Test Number,Distance,Step 1,Step 2,Color1 R,Color1 G,Color1 B,Color1 Hue,Color1 Saturation,Color1 Lightness,Color1 Y,Color2 R,Color2 G,Color2 B,Color2 Hue,Color2 Saturation,Color2 Lightness,Color2 Y,Contrast Ratio
4,520,410,930,171,94,235,306.53,0.8332,0.5748,0.226621,26,33,24,138.77,0.2376,0.1342,0.013733,4.340
15,520,477,997,219,14,103,5.07,0.9709,0.5089,0.163561,1,2,7,266.83,0.5685,0.0241,0.000652,4.216
25,520,440,960,239,11,97,10.21,0.9884,0.5481,0.194564,14,8,63,277.16,0.9121,0.0942,0.006259,4.347
27,520,427,947,162,86,245,302.08,0.9070,0.5591,0.209299,36,15,20,5.59,0.4297,0.1007,0.007673,4.496
33,520,455,975,171,38,250,307.50,0.9751,0.5252,0.169471,3,12,28,257.22,0.6636,0.0623,0.003661,4.090
34,520,410,930,168,91,239,304.90,0.8607,0.5694,0.220395,48,22,14,37.87,0.5325,0.1325,0.012340,4.337
35,520,355,875,248,81,98,18.82,0.9339,0.6156,0.267265,6,53,1,141.28,0.9966,0.1847,0.025870,4.182
45,520,419,939,188,44,252,311.89,0.9840,0.5562,0.195221,34,23,2,82.71,0.8380,0.1111,0.009573,4.116
53,520,349,869,246,31,227,332.73,0.9840,0.6266,0.261218,61,29,65,323.02,0.5497,0.1895,0.022526,4.291
60,520,452,972,214,38,148,348.58,0.8824,0.5278,0.178228,15,15,12,107.04,0.0993,0.0717,0.004698,4.173
66,520,472,992,185,63,186,327.51,0.7868,0.5194,0.174158,4,0,18,292.55,1.0000,0.0277,0.000695,4.422
110,520,402,922,212,59,223,325.06,0.9109,0.5837,0.224546,3,30,54,248.62,0.8246,0.1265,0.012142,4.418
130,520,459,979,180,72,197,321.99,0.7724,0.5296,0.183704,28,5,0,43.25,1.0000,0.0642,0.003555,4.364
132,520,392,912,181,94,237,309.75,0.8521,0.5893,0.239444,55,23,20,26.89,0.5343,0.1478,0.014756,4.470
134,520,376,896,252,36,134,1.20,0.9747,0.5950,0.236820,33,38,48,264.15,0.1869,0.1650,0.019229,4.143
157,520,261,781,255,104,243,330.88,1.0000,0.7127,0.376345,30,72,38,147.97,0.7917,0.2653,0.050505,4.242
165,520,418,938,209,11,228,323.62,0.9910,0.5565,0.193980,45,10,46,326.66,0.7087,0.1208,0.009723,4.085
197,520,426,946,251,0,43,24.91,1.0000,0.5618,0.206874,40,15,25,356.28,0.4885,0.1089,0.008630,4.381
230,520,434,954,240,35,43,26.42,0.9727,0.5499,0.199051,7,1,81,269.27,0.9970,0.1019,0.006609,4.399
249,520,458,978,228,30,87,13.07,0.9498,0.5296,0.181136,7,7,38,276.23,0.7958,0.0627,0.003371,4.331
259,520,480,1000,172,68,191,321.15,0.7644,0.5082,0.166675,0,0,0,0.00,0.0000,0.0000,0.000000,4.334
267,520,464,984,161,65,236,305.65,0.8942,0.5228,0.174144,7,6,21,284.67,0.5239,0.0486,0.002296,4.286
295,520,467,987,203,68,105,7.58,0.7442,0.5188,0.178527,1,4,23,265.08,0.8772,0.0391,0.001551,4.433
296,520,466,986,173,7,255,307.81,1.0000,0.5203,0.162570,18,5,1,49.61,0.7341,0.0499,0.002393,4.057
313,520,407,927,249,18,103,9.91,0.9847,0.5723,0.215552,31,27,44,294.56,0.3151,0.1319,0.012570,4.244
338,520,391,911,236,29,190,340.19,0.9661,0.5859,0.224321,20,26,80,272.35,0.7995,0.1486,0.014666,4.242
343,520,445,965,239,8,9,28.94,0.9965,0.5355,0.185475,21,12,35,299.80,0.5401,0.0824,0.005437,4.248
353,520,419,939,239,52,37,29.59,0.9553,0.5593,0.209435,2,18,66,263.42,0.9521,0.1072,0.008388,4.443
356,520,382,902,252,56,90,17.43,0.9775,0.5963,0.242656,66,3,58,334.47,0.8687,0.1600,0.015290,4.482
365,520,478,998,176,22,232,313.38,0.9734,0.5084,0.156312,0,2,5,242.21,1.0000,0.0215,0.000544,4.082
373,520,473,993,213,37,133,353.81,0.8801,0.5185,0.171651,12,1,4,358.26,0.7084,0.0331,0.001086,4.339
380,520,435,955,241,32,26,28.81,0.9798,0.5490,0.198118,46,1,1,28.38,0.9807,0.0915,0.006048,4.427
394,520,456,976,190,48,204,323.99,0.8785,0.5250,0.174221,31,2,0,33.79,1.0000,0.0633,0.003348,4.203
395,520,428,948,252,0,20,27.94,1.0000,0.5623,0.207497,7,27,25,186.72,0.5735,0.1033,0.008992,4.365
398,520,38,558,195,255,252,192.36,1.0000,0.9520,0.901486,17,130,39,145.16,0.9891,0.4549,0.162302,4.482
402,520,465,985,145,67,252,296.89,0.9774,0.5187,0.170625,6,7,22,277.43,0.5198,0.0505,0.002486,4.204
427,520,244,764,244,130,236,329.86,0.9409,0.7303,0.412567,62,68,46,120.58,0.3025,0.2795,0.053556,4.467
459,520,305,825,249,101,180,350.11,0.9179,0.6690,0.327453,12,59,70,217.17,0.7765,0.2277,0.036481,4.365
497,520,411,931,245,12,121,3.30,0.9880,0.5678,0.210593,22,29,35,244.41,0.1916,0.1236,0.011706,4.223
508,520,346,866,220,81,238,322.92,0.9198,0.6286,0.272754,30,43,71,264.38,0.4538,0.1900,0.024586,4.327
513,520,441,961,202,60,170,338.37,0.7990,0.5355,0.186924,14,17,45,275.31,0.6084,0.0932,0.006837,4.168
514,520,223,743,245,167,25,74.32,0.9706,0.7500,0.471224,16,86,13,142.40,0.9829,0.3038,0.067945,4.419
519,520,436,956,227,60,74,21.33,0.8870,0.5477,0.200598,27,9,43,305.24,0.6969,0.0902,0.006028,4.473
526,520,473,993,212,30,147,348.13,0.9071,0.5187,0.170345,12,0,10,332.95,1.0000,0.0328,0.001001,4.320
559,520,397,917,197,87,202,325.87,0.7579,0.5788,0.229524,55,3,61,323.33,0.8784,0.1411,0.012144,4.498
566,520,466,986,109,91,254,281.49,0.9911,0.5184,0.178886,14,0,29,304.42,1.0000,0.0468,0.001821,4.417
567,520,465,985,204,55,149,346.57,0.8002,0.5233,0.177417,17,4,18,324.95,0.5882,0.0526,0.002497,4.332
579,520,440,960,237,0,130,358.63,1.0000,0.5521,0.196194,42,1,28,345.01,0.8767,0.0920,0.005979,4.398
580,520,407,927,201,66,223,321.69,0.8811,0.5728,0.216432,26,11,80,282.55,0.8980,0.1280,0.010381,4.413
589,520,429,949,170,66,252,305.24,0.9774,0.5498,0.194714,46,0,33,342.27,1.0000,0.1010,0.006907,4.300
594,520,430,950,236,6,112,4.63,0.9921,0.5451,0.191361,38,10,35,331.91,0.6320,0.1024,0.007506,4.197
604,520,423,943,214,40,196,333.13,0.9199,0.5552,0.198014,16,18,56,275.80,0.7112,0.1060,0.008283,4.255
616,520,464,984,194,88,4,48.60,0.9802,0.5173,0.184593,26,2,0,35.32,1.0000,0.0546,0.002631,4.457
619,520,430,950,202,46,218,323.79,0.9206,0.5533,0.195742,23,18,40,292.52,0.4616,0.0999,0.007680,4.260
647,520,416,936,245,46,33,29.36,0.9672,0.5665,0.214797,45,2,58,316.65,0.9106,0.1198,0.009069,4.483
653,520,458,978,232,37,44,26.23,0.9643,0.5345,0.186639,29,1,3,20.00,0.9190,0.0586,0.002895,4.474
681,520,437,957,189,65,225,317.51,0.8746,0.5547,0.200369,37,11,16,10.19,0.5502,0.0939,0.006701,4.416
695,520,426,946,228,16,180,341.09,0.9781,0.5609,0.201625,0,10,81,264.07,0.9812,0.1103,0.008111,4.330
703,520,382,902,225,23,248,322.97,0.9893,0.6018,0.233998,36,38,17,113.34,0.4742,0.1571,0.018018,4.175
723,520,452,972,223,17,138,353.42,0.9635,0.5309,0.179265,31,4,4,24.51,0.7817,0.0684,0.003870,4.256
724,520,456,976,100,99,255,277.29,1.0000,0.5264,0.188523,21,0,39,305.16,1.0000,0.0635,0.003059,4.495
737,520,387,907,244,45,143,357.27,0.9290,0.5879,0.230963,0,41,27,165.07,1.0000,0.1455,0.016649,4.216
740,520,392,912,234,34,201,336.69,0.9616,0.5908,0.228562,11,38,52,234.43,0.6327,0.1520,0.017052,4.154
742,520,423,943,230,33,153,350.37,0.9333,0.5579,0.202134,33,22,5,77.19,0.6462,0.1079,0.009081,4.268
768,520,332,852,244,72,216,335.35,0.9406,0.6444,0.288285,44,48,21,116.09,0.5218,0.1960,0.027035,4.391
788,520,395,915,235,22,202,336.58,0.9801,0.5883,0.225030,57,13,43,342.75,0.6897,0.1442,0.013323,4.343
790,520,474,994,203,15,196,330.22,0.9725,0.5240,0.170256,10,0,9,330.88,1.0000,0.0299,0.000843,4.332
793,520,455,975,198,32,201,327.39,0.9302,0.5256,0.172575,25,3,7,9.16,0.6998,0.0574,0.002872,4.210
807,520,417,937,239,16,148,353.43,0.9797,0.5668,0.208625,41,12,52,315.38,0.7059,0.1212,0.009823,4.323
811,520,477,997,128,88,230,291.67,0.8227,0.5104,0.172817,0,2,7,251.28,1.0000,0.0226,0.000588,4.405
829,520,206,726,253,142,247,329.12,0.9909,0.7675,0.469463,77,74,26,105.70,0.6771,0.3092,0.065500,4.498
839,520,357,877,242,97,40,39.69,0.9361,0.6179,0.275829,33,43,48,229.70,0.1754,0.1792,0.022644,4.485
845,520,432,952,202,75,171,338.57,0.7462,0.5533,0.205308,37,17,7,47.01,0.5735,0.1029,0.008096,4.395
847,520,368,888,224,100,124,10.35,0.7074,0.6067,0.264192,58,29,47,343.16,0.4376,0.1747,0.019836,4.499
848,520,475,995,198,32,195,329.07,0.9226,0.5215,0.169807,14,0,0,29.23,1.0000,0.0310,0.000934,4.316
873,520,437,957,206,6,234,321.47,0.9954,0.5549,0.191943,41,6,0,37.85,1.0000,0.0892,0.006017,4.319
881,520,319,839,212,106,237,319.65,0.8747,0.6493,0.304210,69,46,2,77.84,0.9429,0.2204,0.032237,4.307
885,520,385,905,235,24,206,335.52,0.9790,0.5914,0.227744,46,29,17,55.69,0.4247,0.1457,0.015001,4.273
935,520,465,985,226,36,12,30.72,0.9870,0.5190,0.174600,1,7,28,261.39,0.8800,0.0498,0.002422,4.284
937,520,414,934,237,27,160,349.43,0.9600,0.5719,0.213295,41,6,64,307.23,0.8505,0.1238,0.009719,4.409
949,520,455,975,199,16,210,325.39,0.9763,0.5270,0.171676,16,13,0,100.69,1.0000,0.0647,0.003980,4.107
951,520,437,957,232,34,129,359.13,0.9315,0.5526,0.198878,39,6,14,9.06,0.7077,0.0889,0.005934,4.450
952,520,354,874,249,44,185,344.84,0.9585,0.6151,0.254471,74,10,53,344.91,0.7839,0.1796,0.019302,4.393
988,520,436,956,241,13,60,21.28,0.9913,0.5453,0.193182,1,3,74,265.08,0.9930,0.0915,0.005659,4.369
998,520,428,948,240,21,109,6.77,0.9739,0.5564,0.201690,32,15,31,329.06,0.4442,0.0995,0.007477,4.379
1001,520,439,959,239,38,8,31.01,0.9931,0.5475,0.197578,27,5,45,305.44,0.7996,0.0854,0.005310,4.476
1016,520,330,850,178,140,189,318.54,0.3990,0.6425,0.318958,14,58,43,166.51,0.8155,0.2131,0.032938,4.449
1033,520,419,939,174,83,229,310.21,0.8334,0.5581,0.208431,14,7,75,274.49,0.9572,0.1068,0.007533,4.492
1034,520,470,990,176,69,198,320.39,0.7816,0.5203,0.175646,18,0,18,328.36,1.0000,0.0445,0.001723,4.363
1045,520,362,882,215,58,251,319.15,0.9804,0.6074,0.244400,25,23,108,273.58,0.9206,0.1777,0.019021,4.265
1052,520,352,872,237,6,253,324.80,0.9983,0.6219,0.252292,87,7,7,27.62,0.9574,0.1913,0.021939,4.202
1059,520,465,985,143,73,248,296.30,0.9460,0.5203,0.173822,22,1,18,335.31,0.8046,0.0526,0.002360,4.275
1073,520,349,869,244,10,246,327.90,0.9972,0.6297,0.261068,47,36,78,293.39,0.5294,0.1939,0.024161,4.194
1097,520,364,884,206,99,208,326.74,0.7543,0.6131,0.266011,42,40,31,96.90,0.1724,0.1731,0.021088,4.445
1112,520,378,898,229,60,193,338.14,0.8920,0.5951,0.237425,63,7,59,331.38,0.8035,0.1588,0.015246,4.405
1124,520,338,858,181,123,240,305.19,0.8054,0.6397,0.302815,5,58,14,145.33,0.9853,0.2035,0.030900,4.361
1178,520,311,831,182,135,230,305.85,0.7028,0.6577,0.329867,25,60,2,136.33,0.9903,0.2170,0.034427,4.499
1187,520,430,950,218,16,201,332.73,0.9797,0.5548,0.194953,2,21,48,255.90,0.8652,0.0974,0.007626,4.251
1199,520,379,899,207,84,215,325.22,0.8257,0.5978,0.245140,41,22,76,295.18,0.7103,0.1572,0.015670,4.494
1203,520,407,927,185,107,164,337.78,0.5257,0.5737,0.235112,23,34,21,140.71,0.3739,0.1337,0.013803,4.469
1217,520,470,990,214,10,147,348.14,0.9738,0.5152,0.166222,11,0,29,298.60,1.0000,0.0436,0.001599,4.190
1219,520,14,534,239,254,242,151.66,0.8022,0.9798,0.956447,24,136,24,142.74,0.9871,0.4745,0.178677,4.401
1234,520,455,975,169,65,231,309.49,0.8765,0.5298,0.179859,1,14,10,175.02,0.8635,0.0573,0.003424,4.303
1238,520,461,981,151,75,241,300.18,0.9005,0.5266,0.179626,20,3,16,336.55,0.6530,0.0533,0.002513,4.373
1245,520,295,815,253,107,174,354.24,0.9615,0.6814,0.344571,19,67,8,140.50,0.9789,0.2388,0.041701,4.303
1246,520,222,742,248,140,228,334.29,0.9473,0.7484,0.443163,51,79,23,131.97,0.8410,0.2990,0.063575,4.342
1256,520,413,933,254,1,54,23.00,0.9996,0.5696,0.213627,13,34,12,142.88,0.7998,0.1246,0.012561,4.214
1258,520,468,988,227,32,37,26.97,0.9705,0.5203,0.175004,8,7,2,101.37,0.4790,0.0442,0.002080,4.320
1264,520,384,904,231,12,228,329.05,0.9935,0.5950,0.228558,7,1,112,266.81,0.9988,0.1473,0.012366,4.466
1267,520,398,918,245,32,134,359.75,0.9573,0.5792,0.221701,39,21,61,301.89,0.6226,0.1401,0.013046,4.310
1270,520,470,990,140,82,233,296.76,0.8473,0.5166,0.174934,3,5,14,268.25,0.4683,0.0387,0.001596,4.360
1275,520,462,982,166,74,224,309.36,0.8318,0.5311,0.183871,3,4,37,270.98,0.9256,0.0522,0.002397,4.463
1283,520,412,932,227,32,197,336.10,0.9557,0.5748,0.213977,15,11,83,273.06,0.9507,0.1226,0.009654,4.425
1299,520,47,567,243,239,211,100.39,0.5588,0.9394,0.854911,24,127,9,141.68,0.9945,0.4441,0.153920,4.438
1300,520,349,869,230,86,200,336.85,0.8433,0.6280,0.276511,6,37,102,262.36,0.9385,0.1895,0.023210,4.460
1305,520,458,978,156,71,247,301.17,0.9404,0.5329,0.182902,2,7,38,266.30,0.9072,0.0586,0.003048,4.390
1311,520,457,977,235,17,39,25.69,0.9892,0.5310,0.182128,7,15,7,144.46,0.4390,0.0638,0.004022,4.297
1312,520,340,860,202,128,165,348.75,0.4834,0.6374,0.307129,11,54,55,197.31,0.7656,0.2037,0.029852,4.472
1317,520,408,928,247,44,59,24.18,0.9634,0.5719,0.218948,50,17,25,7.11,0.5556,0.1295,0.011493,4.374
1320,520,352,872,165,119,253,296.77,0.9539,0.6231,0.282850,30,48,48,195.94,0.2809,0.1916,0.026033,4.378
1330,520,477,997,200,37,157,341.71,0.8629,0.5051,0.160388,6,0,9,318.71,1.0000,0.0249,0.000584,4.159
1337,520,268,788,246,139,47,56.00,0.9259,0.6963,0.382661,27,69,60,177.17,0.6145,0.2608,0.048153,4.408
1342,520,435,955,173,76,237,308.62,0.8826,0.5535,0.201683,17,21,0,118.22,1.0000,0.0860,0.006555,4.450
1348,520,424,944,228,54,124,1.84,0.8633,0.5572,0.205903,6,11,80,267.88,0.9676,0.1137,0.008572,4.369
1355,520,464,984,213,30,141,350.51,0.9073,0.5179,0.170001,7,12,0,123.97,1.0000,0.0543,0.003081,4.145
1358,520,442,962,240,21,41,25.71,0.9871,0.5432,0.192250,22,14,19,341.03,0.2244,0.0792,0.005317,4.379
1361,520,273,793,234,118,235,327.04,0.8959,0.6970,0.364495,54,66,7,121.08,0.9102,0.2591,0.046960,4.275
1368,520,357,877,246,21,216,335.43,0.9890,0.6164,0.250901,39,46,9,119.36,0.7755,0.1829,0.024050,4.063
1370,520,434,954,133,110,220,290.43,0.7059,0.5490,0.213056,19,26,4,124.08,0.7580,0.1028,0.008860,4.469
1377,520,418,938,239,32,123,2.41,0.9492,0.5634,0.208170,35,11,60,301.84,0.7714,0.1178,0.009229,4.359
1434,520,442,962,226,20,139,353.81,0.9593,0.5383,0.185359,20,15,24,309.65,0.2554,0.0812,0.005563,4.236
1437,520,447,967,238,19,52,23.27,0.9866,0.5395,0.188941,38,0,30,337.92,1.0000,0.0840,0.005059,4.340
1439,520,414,934,255,11,48,24.51,1.0000,0.5731,0.217166,53,2,39,342.03,0.8573,0.1210,0.009469,4.493
1444,520,320,840,253,71,189,345.53,0.9816,0.6451,0.290665,19,48,94,259.35,0.7371,0.2145,0.030604,4.226
1460,520,384,904,228,65,186,340.23,0.8675,0.5942,0.238222,52,25,27,15.91,0.4237,0.1488,0.015046,4.431
1472,520,399,919,239,21,174,345.43,0.9760,0.5802,0.219461,52,12,49,330.93,0.7050,0.1373,0.012149,4.336
1473,520,437,957,231,34,127,359.65,0.9297,0.5499,0.196682,17,1,63,282.57,0.9845,0.0858,0.004997,4.485
1506,520,381,901,251,44,128,3.54,0.9654,0.5956,0.238726,60,20,47,342.08,0.6055,0.1618,0.016663,4.331
1533,520,335,855,251,43,220,335.64,0.9807,0.6370,0.274074,67,33,49,351.46,0.4430,0.1983,0.025029,4.319
1541,520,421,941,212,26,225,325.01,0.9735,0.5640,0.201740,19,30,4,128.59,0.8395,0.1147,0.010757,4.143
1543,520,457,977,219,59,71,21.65,0.8730,0.5305,0.186455,5,11,19,252.40,0.3901,0.0568,0.003186,4.446
1546,520,440,960,218,43,167,343.20,0.8866,0.5480,0.194256,46,0,15,6.19,1.0000,0.0933,0.006154,4.350
1561,520,441,961,213,78,35,37.15,0.9030,0.5375,0.197186,34,8,19,356.18,0.5899,0.0851,0.005608,4.445
1562,520,375,895,231,61,191,339.29,0.8916,0.5984,0.240906,8,16,111,266.86,0.9778,0.1624,0.015698,4.428
1568,520,470,990,216,14,140,351.08,0.9645,0.5169,0.168089,0,7,16,241.36,1.0000,0.0417,0.001894,4.203
1571,520,362,882,241,79,147,358.51,0.8594,0.6148,0.264023,17,46,53,215.85,0.5541,0.1798,0.023301,4.284
1580,520,406,926,236,57,145,355.86,0.8790,0.5826,0.228064,8,35,21,157.74,0.7814,0.1275,0.013078,4.408
1607,520,408,928,212,79,169,342.61,0.7545,0.5741,0.224556,19,35,25,156.01,0.4116,0.1349,0.014107,4.283
1610,520,400,920,222,51,206,332.42,0.9172,0.5830,0.223558,38,19,67,297.85,0.6978,0.1403,0.012831,4.354
1611,520,293,813,250,89,223,335.11,0.9709,0.6759,0.327993,40,64,19,132.84,0.8185,0.2420,0.041648,4.124
1630,520,410,930,230,66,103,12.11,0.8461,0.5663,0.217015,51,6,53,326.21,0.7975,0.1312,0.010912,4.384
1631,520,225,745,253,162,56,65.16,0.9715,0.7523,0.470115,31,85,1,138.04,0.9980,0.3049,0.067903,4.411
1638,520,344,864,243,3,249,327.03,0.9992,0.6288,0.259621,0,55,19,149.21,1.0000,0.1921,0.027793,3.980
1654,520,436,956,239,46,16,31.39,0.9853,0.5532,0.203454,21,21,17,107.11,0.1108,0.0940,0.007362,4.418
1667,520,50,570,247,234,233,22.77,0.4162,0.9383,0.845034,63,121,47,139.38,0.8714,0.4429,0.149363,4.489
1669,520,63,583,232,233,227,114.23,0.1337,0.9203,0.809797,54,119,62,146.23,0.8242,0.4345,0.143253,4.449
1681,520,461,981,193,52,200,325.96,0.8613,0.5307,0.179651,21,2,2,24.78,0.8031,0.0474,0.002073,4.410
1682,520,478,998,169,15,248,307.95,0.9885,0.5096,0.155548,2,0,5,306.92,1.0000,0.0163,0.000239,4.091
1683,520,377,897,248,74,53,30.44,0.9629,0.6002,0.251145,61,27,12,43.33,0.6646,0.1648,0.018027,4.427
1691,520,468,988,139,74,254,293.82,0.9912,0.5224,0.175423,3,8,7,183.05,0.3443,0.0436,0.002084,4.328
1738,520,327,847,254,22,249,329.41,0.9968,0.6517,0.284873,6,6,153,265.33,0.9969,0.2139,0.024686,4.484
1753,520,366,886,238,67,174,346.79,0.8764,0.6078,0.252503,45,38,18,90.70,0.4625,0.1679,0.019878,4.329
1756,520,436,956,191,68,211,321.76,0.8342,0.5511,0.199151,37,11,9,26.59,0.6036,0.0921,0.006524,4.408
1763,520,412,932,221,81,102,14.82,0.7650,0.5676,0.222188,35,25,9,77.77,0.5232,0.1188,0.010723,4.482
1789,520,387,907,212,59,233,322.53,0.9267,0.5906,0.230100,47,26,52,319.72,0.4667,0.1547,0.015911,4.250
1797,520,400,920,251,39,101,12.05,0.9713,0.5849,0.229035,17,23,79,271.62,0.8485,0.1394,0.012964,4.432
1799,520,429,949,176,101,155,338.30,0.5091,0.5458,0.209051,21,22,18,118.54,0.1093,0.0969,0.007769,4.484
1803,520,378,898,229,3,239,326.04,0.9986,0.5975,0.229575,26,39,34,169.01,0.2524,0.1555,0.017861,4.120
1818,520,354,874,236,62,212,334.37,0.9256,0.6195,0.260342,72,24,5,40.50,0.8606,0.1790,0.020422,4.407
1819,520,470,990,222,44,59,23.01,0.9311,0.5207,0.176495,13,5,4,30.57,0.3527,0.0449,0.002029,4.353
1829,520,468,988,154,85,210,306.95,0.7415,0.5205,0.180206,12,2,9,336.84,0.6028,0.0380,0.001413,4.478
1849,520,429,949,214,52,168,342.14,0.8490,0.5482,0.195815,32,1,58,303.06,0.9630,0.0980,0.006343,4.363
1852,520,436,956,242,15,94,11.72,0.9856,0.5546,0.200304,38,9,12,16.77,0.6303,0.0913,0.006341,4.443
1870,520,437,957,233,52,15,32.51,0.9837,0.5458,0.198172,5,25,22,182.57,0.6488,0.0950,0.007854,4.290
1878,520,397,917,233,4,203,335.79,0.9967,0.5810,0.217250,61,15,10,29.47,0.7953,0.1436,0.013558,4.205
1891,520,296,816,230,113,222,329.99,0.8536,0.6768,0.339092,23,63,71,212.86,0.6054,0.2449,0.041919,4.233
1893,520,432,952,206,68,168,340.59,0.7775,0.5501,0.200851,32,20,17,34.53,0.2652,0.1045,0.008479,4.290
1921,520,396,916,207,30,250,317.90,0.9800,0.5764,0.210977,65,5,15,18.20,0.8968,0.1409,0.012670,4.164
1926,520,372,892,255,66,89,19.45,1.0000,0.6108,0.258814,45,34,48,318.93,0.2581,0.1678,0.019154,4.466
1929,520,247,767,234,130,238,325.84,0.8967,0.7177,0.396326,61,64,79,276.20,0.1717,0.2798,0.052234,4.366
1953,520,476,996,200,67,104,7.30,0.7393,0.5117,0.172951,0,2,8,253.83,0.9999,0.0231,0.000609,4.405
1956,520,385,905,228,53,201,335.40,0.9164,0.5920,0.232597,65,14,2,35.95,0.9422,0.1492,0.014425,4.386
1957,520,394,914,234,42,191,339.62,0.9399,0.5895,0.229127,63,13,2,35.59,0.9404,0.1437,0.013492,4.396
1968,520,472,992,156,72,227,305.21,0.8453,0.5173,0.172492,5,1,12,304.06,0.7521,0.0285,0.000805,4.379
1973,520,471,991,219,41,100,8.08,0.8925,0.5215,0.175686,3,0,34,274.79,1.0000,0.0399,0.001348,4.395
1982,520,457,977,222,48,101,8.99,0.8769,0.5332,0.185857,8,14,6,136.96,0.4052,0.0618,0.003788,4.385
2034,520,433,953,215,18,200,332.25,0.9746,0.5493,0.190520,39,6,37,330.41,0.7318,0.0994,0.006952,4.223
2038,520,432,952,233,55,71,21.76,0.9153,0.5542,0.205140,17,19,51,276.79,0.6260,0.1046,0.008239,4.381
2049,520,460,980,187,67,187,327.80,0.7772,0.5280,0.181683,20,7,20,327.07,0.4809,0.0634,0.003512,4.330
2058,520,476,996,152,54,245,301.60,0.9458,0.5069,0.159067,0,2,11,258.21,1.0000,0.0247,0.000676,4.126
2059,520,366,886,233,12,249,324.72,0.9960,0.6132,0.244286,17,28,96,269.10,0.8937,0.1678,0.017941,4.331
2062,520,459,979,231,32,62,21.31,0.9628,0.5319,0.183728,13,12,1,105.93,0.8022,0.0598,0.003507,4.368
2073,520,398,918,184,84,236,311.95,0.8700,0.5784,0.225881,36,26,58,296.17,0.5099,0.1443,0.014193,4.298
2092,520,407,927,225,85,75,27.32,0.8230,0.5745,0.230151,47,24,1,63.50,0.9157,0.1328,0.012599,4.475
2104,520,421,941,247,13,35,26.50,0.9942,0.5552,0.201870,16,24,49,268.58,0.5345,0.1140,0.009851,4.208
2114,520,366,886,254,63,106,13.40,0.9901,0.6099,0.256701,14,46,42,184.12,0.6381,0.1732,0.022144,4.251
2126,520,337,857,218,108,209,330.49,0.7626,0.6449,0.302358,9,58,8,142.64,0.9786,0.2040,0.031016,4.349
2131,520,382,902,245,69,102,14.76,0.9170,0.5976,0.246313,47,23,66,307.50,0.6279,0.1585,0.016105,4.482
2150,520,419,939,215,16,215,328.32,0.9836,0.5588,0.197261,43,5,46,324.86,0.7903,0.1108,0.008195,4.249
2158,520,437,957,224,0,186,338.31,1.0000,0.5533,0.193950,11,9,60,274.66,0.9075,0.0903,0.005927,4.362
2162,520,364,884,234,82,163,351.06,0.8192,0.6124,0.261740,11,45,51,211.38,0.6833,0.1730,0.021868,4.338
2177,520,453,973,205,66,135,353.70,0.7553,0.5308,0.186269,14,10,27,292.79,0.4702,0.0665,0.003896,4.384
2178,520,14,534,254,251,207,104.17,0.9613,0.9760,0.945705,74,128,64,140.59,0.7342,0.4739,0.172639,4.472
2179,520,462,982,166,68,228,308.92,0.8595,0.5267,0.178434,15,7,6,28.96,0.2844,0.0524,0.002667,4.337
2183,520,459,979,196,45,199,327.24,0.8854,0.5293,0.177377,25,2,16,344.73,0.7490,0.0584,0.002875,4.300
2185,520,458,978,212,52,127,357.14,0.8232,0.5259,0.179876,23,4,3,27.87,0.6883,0.0552,0.002756,4.357
2193,520,432,952,197,56,213,323.44,0.8806,0.5498,0.195043,0,26,34,220.60,1.0000,0.1005,0.008542,4.186
2198,520,430,950,204,53,196,330.38,0.8665,0.5475,0.193709,42,1,41,329.34,0.9001,0.0999,0.006741,4.295
2215,520,373,893,176,99,246,305.36,0.8983,0.5969,0.248082,0,45,32,168.20,1.0000,0.1607,0.019810,4.270
2222,520,385,905,244,66,72,23.94,0.9364,0.5865,0.236007,64,0,57,333.76,1.0000,0.1523,0.013856,4.479
2224,520,448,968,225,45,105,7.58,0.8913,0.5379,0.189070,19,13,36,293.27,0.5306,0.0828,0.005537,4.305
2231,520,362,882,239,42,219,333.13,0.9653,0.6147,0.251239,76,22,7,36.07,0.8626,0.1840,0.021259,4.227
2240,520,349,869,227,95,194,338.43,0.7985,0.6319,0.284126,51,42,28,78.38,0.3003,0.1887,0.024436,4.489
2242,520,467,987,123,86,254,286.87,0.9901,0.5230,0.180220,9,2,24,297.04,0.7931,0.0428,0.001674,4.455
2261,520,455,975,109,99,254,280.16,0.9898,0.5327,0.193301,6,15,12,172.46,0.3569,0.0645,0.004069,4.500
2272,520,410,930,236,29,148,353.19,0.9518,0.5655,0.208527,46,13,51,322.20,0.6883,0.1298,0.011078,4.233
2298,520,472,992,198,56,169,337.43,0.8037,0.5239,0.177005,0,2,24,263.44,1.0009,0.0333,0.001094,4.443
2317,520,472,992,223,48,22,31.42,0.9694,0.5222,0.178626,0,3,22,261.71,1.0000,0.0346,0.001230,4.463
2325,520,111,631,245,209,198,37.67,0.6135,0.8698,0.690918,32,110,40,144.76,0.9549,0.3926,0.116117,4.460
2354,520,349,869,246,73,174,349.02,0.9167,0.6280,0.274170,11,30,114,266.18,0.9432,0.1900,0.022144,4.493
2376,520,376,896,243,43,181,344.69,0.9451,0.6014,0.241217,28,18,99,277.80,0.9092,0.1616,0.015803,4.426
2392,520,447,967,228,45,98,10.64,0.9037,0.5419,0.192554,17,12,32,293.18,0.4969,0.0763,0.004864,4.421
2417,520,480,1000,165,48,229,309.69,0.9121,0.5053,0.157712,0,0,0,0.00,0.0000,0.0000,0.000000,4.154
2422,520,438,958,164,88,229,305.97,0.8152,0.5522,0.205296,9,23,24,201.54,0.3937,0.0924,0.007368,4.450
2424,520,462,982,207,44,175,337.70,0.8691,0.5329,0.181639,16,2,29,306.04,0.8169,0.0536,0.002423,4.419
2427,520,478,998,110,88,253,282.36,0.9831,0.5132,0.173858,0,1,2,233.51,1.0000,0.0151,0.000261,4.454
2428,520,450,970,189,57,218,319.64,0.8797,0.5415,0.188083,14,2,51,284.33,0.9495,0.0712,0.003758,4.429
2432,520,425,945,245,27,88,14.55,0.9733,0.5636,0.209044,41,12,27,350.47,0.5743,0.1063,0.008136,4.456
2450,520,399,919,212,101,79,32.72,0.7065,0.5777,0.238710,18,38,23,150.76,0.5511,0.1430,0.015766,4.390
2457,520,441,961,199,2,228,321.05,0.9980,0.5375,0.177886,18,11,51,284.72,0.7554,0.0901,0.006069,4.064
2513,520,409,929,233,76,54,31.00,0.9011,0.5742,0.227618,33,29,9,98.22,0.5669,0.1268,0.012218,4.462
2523,520,322,842,255,75,194,344.61,1.0000,0.6548,0.301905,38,55,30,136.14,0.4951,0.2137,0.032381,4.272
2526,520,441,961,134,93,248,290.44,0.9241,0.5404,0.196742,12,20,32,258.29,0.3737,0.0902,0.006827,4.342
2527,520,324,844,245,112,22,47.14,0.9730,0.6454,0.310618,5,56,47,177.38,0.9236,0.2050,0.030657,4.471
2560,520,399,919,189,86,221,317.38,0.8078,0.5777,0.226960,62,4,31,358.49,0.8383,0.1382,0.012101,4.460
2562,520,401,921,225,7,228,327.63,0.9957,0.5835,0.217633,15,12,95,271.26,0.9659,0.1392,0.011906,4.323
2564,520,409,929,252,38,10,30.69,0.9936,0.5747,0.221073,13,2,101,270.19,0.9959,0.1350,0.010685,4.467
2574,520,399,919,232,79,46,33.75,0.9131,0.5753,0.229479,52,19,20,20.13,0.5598,0.1350,0.012464,4.474
2578,520,108,628,250,202,221,352.68,0.7981,0.8674,0.677868,32,107,67,155.87,0.8816,0.3882,0.112273,4.485
2581,520,475,995,223,40,62,21.65,0.9384,0.5203,0.175561,2,2,21,274.45,0.8726,0.0334,0.001105,4.414
2584,520,395,915,219,81,167,345.54,0.7660,0.5874,0.237372,35,28,48,299.66,0.3530,0.1411,0.014012,4.489
2585,520,353,873,251,75,104,15.72,0.9593,0.6157,0.265443,18,38,85,264.14,0.7484,0.1802,0.021706,4.399
2592,520,429,949,212,67,138,354.26,0.7723,0.5457,0.198485,40,11,19,5.43,0.5816,0.1000,0.007375,4.331
2602,520,443,963,147,95,220,300.06,0.7498,0.5360,0.195550,5,10,55,268.97,0.9219,0.0826,0.005252,4.444
2611,520,218,738,233,165,145,37.06,0.6042,0.7465,0.462800,59,79,15,125.72,0.8815,0.3046,0.065562,4.437
2661,520,380,900,240,17,204,337.17,0.9880,0.5972,0.232887,17,45,7,138.61,0.9446,0.1623,0.020112,4.035
2663,520,426,946,233,11,153,350.48,0.9840,0.5558,0.198658,48,3,25,355.55,0.8165,0.1055,0.007638,4.314
2666,520,411,931,214,55,194,333.80,0.8750,0.5652,0.209256,45,17,33,346.65,0.5166,0.1241,0.010687,4.272
2671,520,366,886,207,82,236,319.54,0.8964,0.6089,0.253576,80,3,5,27.07,0.9777,0.1713,0.017819,4.476
2673,520,321,841,253,59,222,335.70,0.9896,0.6520,0.292876,6,56,56,194.90,0.8794,0.2092,0.031524,4.206
2695,520,425,945,186,45,254,310.85,0.9943,0.5556,0.194727,35,22,2,77.37,0.8299,0.1101,0.009356,4.123
2697,520,400,920,242,64,91,17.45,0.9112,0.5843,0.233026,5,27,81,263.32,0.9242,0.1440,0.014101,4.415
2711,520,402,922,223,85,99,17.49,0.7647,0.5759,0.230883,6,36,8,144.47,0.9526,0.1270,0.013180,4.446
2754,520,351,871,244,13,243,328.56,0.9961,0.6282,0.259948,8,6,135,266.20,0.9956,0.1872,0.019310,4.472
2755,520,160,680,252,193,89,79.12,0.9257,0.8200,0.595587,15,101,6,141.91,0.9945,0.3547,0.094217,4.477
2775,520,411,931,206,35,239,320.00,0.9673,0.5685,0.205576,36,22,22,19.08,0.2631,0.1161,0.010069,4.255
2795,520,405,925,255,6,99,11.56,1.0000,0.5810,0.222949,37,21,53,305.22,0.5525,0.1316,0.011867,4.412
2796,520,417,937,247,42,17,30.68,0.9870,0.5670,0.214741,35,26,16,69.19,0.3221,0.1228,0.011336,4.316
2801,520,434,954,169,73,248,305.17,0.9456,0.5532,0.199780,51,1,9,17.38,0.9623,0.1039,0.007454,4.348
2833,520,433,953,163,92,220,307.22,0.7635,0.5506,0.206087,24,21,16,80.53,0.1572,0.0968,0.007679,4.440
2841,520,410,930,198,47,247,315.71,0.9618,0.5695,0.207556,5,37,13,148.54,0.9471,0.1307,0.013844,4.034
2850,520,442,962,223,8,163,345.01,0.9852,0.5404,0.185086,22,16,2,89.82,0.7456,0.0789,0.005456,4.239
2851,520,407,927,230,42,177,342.89,0.9223,0.5747,0.216559,10,0,98,269.12,1.0000,0.1267,0.009463,4.483
2852,520,387,907,241,50,158,351.88,0.9147,0.5918,0.234537,62,17,34,0.18,0.6487,0.1550,0.015407,4.350
2859,520,277,797,249,119,180,352.70,0.8913,0.6952,0.366314,78,54,1,80.64,0.9781,0.2540,0.042604,4.496
2863,520,453,973,210,21,189,334.04,0.9590,0.5342,0.179142,9,10,34,277.45,0.6326,0.0669,0.003906,4.251
2882,520,382,902,231,67,189,340.10,0.8744,0.6029,0.246799,18,26,93,270.35,0.8888,0.1611,0.016576,4.458
2892,520,435,955,202,26,233,320.46,0.9743,0.5531,0.191802,12,23,7,136.25,0.6312,0.0892,0.007063,4.237
2897,520,433,953,184,73,213,318.64,0.8159,0.5478,0.197607,10,27,23,176.73,0.4692,0.1042,0.009102,4.189
2928,520,416,936,175,90,223,311.40,0.7905,0.5654,0.217548,31,21,53,295.60,0.5532,0.1242,0.010847,4.397
2933,520,459,979,190,6,238,316.27,0.9950,0.5315,0.172518,12,10,7,80.46,0.1512,0.0562,0.003106,4.190
2934,520,421,941,238,29,127,0.69,0.9539,0.5613,0.205913,19,14,62,280.31,0.8014,0.1065,0.008003,4.412
2936,520,449,969,183,38,245,312.13,0.9594,0.5387,0.180472,18,13,22,309.58,0.2708,0.0739,0.004744,4.210
2940,520,322,842,253,47,225,334.84,0.9906,0.6457,0.283551,17,45,104,262.72,0.8350,0.2148,0.029953,4.172
2947,520,251,771,251,120,225,335.54,0.9717,0.7194,0.393810,4,75,29,148.84,0.9905,0.2650,0.051464,4.374
2948,520,418,938,193,65,219,320.32,0.8647,0.5565,0.202339,40,22,22,19.64,0.3291,0.1219,0.010829,4.148
2958,520,457,977,220,12,161,344.98,0.9757,0.5344,0.180543,14,1,44,289.26,0.9584,0.0622,0.002969,4.352
2967,520,365,885,235,100,15,44.86,0.9766,0.6088,0.268138,19,41,67,253.84,0.5715,0.1744,0.021295,4.462
2969,520,477,997,169,22,249,307.60,0.9817,0.5130,0.158492,3,1,9,297.22,0.7058,0.0244,0.000608,4.120
2976,520,451,971,224,33,130,357.10,0.9185,0.5366,0.185494,26,0,44,307.48,1.0000,0.0746,0.004015,4.360
2977,520,388,908,193,90,220,318.81,0.7987,0.5884,0.238183,37,31,53,295.90,0.3599,0.1537,0.016303,4.346
3029,520,396,916,186,76,246,310.92,0.9352,0.5785,0.222628,24,35,14,131.49,0.5635,0.1359,0.014279,4.241
3049,520,440,960,235,29,100,9.51,0.9557,0.5468,0.194641,14,9,61,277.38,0.8920,0.0935,0.006256,4.349
3054,520,463,983,234,14,29,27.13,0.9921,0.5271,0.178984,16,5,1,53.67,0.7077,0.0474,0.002209,4.386
3066,520,478,998,214,2,146,348.36,0.9944,0.5128,0.164173,4,0,11,304.75,1.0000,0.0232,0.000500,4.241
3094,520,403,923,225,69,153,351.50,0.8121,0.5775,0.225662,5,33,47,234.18,0.7520,0.1314,0.013252,4.358
3105,520,386,906,246,8,168,348.55,0.9931,0.5877,0.225969,2,35,70,253.20,0.9166,0.1525,0.016571,4.146
3108,520,447,967,233,10,102,7.64,0.9866,0.5367,0.185031,14,5,52,282.30,0.8934,0.0776,0.004498,4.313
3136,520,460,980,169,93,163,330.05,0.5605,0.5252,0.189090,19,4,29,310.08,0.7193,0.0613,0.003140,4.499
3139,520,478,998,155,74,216,307.18,0.8014,0.5099,0.168245,5,1,2,359.77,0.5178,0.0235,0.000584,4.315
3143,520,473,993,157,65,243,302.83,0.9251,0.5235,0.174202,2,0,27,274.54,1.0000,0.0323,0.000920,4.403
3163,520,477,997,139,78,231,297.30,0.8482,0.5076,0.167074,3,1,3,326.97,0.4506,0.0211,0.000476,4.301
3170,520,413,933,207,41,232,321.79,0.9525,0.5683,0.206792,46,20,9,42.92,0.6135,0.1241,0.011010,4.209
3201,520,209,729,242,143,254,323.09,0.9931,0.7583,0.456798,84,69,43,80.66,0.3883,0.3070,0.063156,4.479
3218,520,401,921,248,53,32,30.41,0.9724,0.5780,0.226105,63,2,29,0.64,0.9021,0.1372,0.011891,4.461
3237,520,330,850,225,87,235,324.98,0.9100,0.6414,0.288241,19,53,65,224.31,0.6009,0.2088,0.030662,4.193
3243,520,480,1000,210,49,107,4.66,0.8355,0.5122,0.169621,0,0,0,0.00,0.0000,0.0000,0.000000,4.392
3271,520,386,906,224,97,89,26.10,0.7659,0.5932,0.251204,24,38,37,190.45,0.2559,0.1521,0.017139,4.486
3282,520,453,973,218,63,34,32.69,0.9315,0.5279,0.185785,22,10,11,14.26,0.3226,0.0684,0.004118,4.357
3290,520,267,787,253,106,236,332.35,0.9899,0.7084,0.372496,45,59,93,266.29,0.4227,0.2599,0.044760,4.459
3298,520,402,922,254,35,25,29.20,0.9963,0.5778,0.223469,14,15,85,271.44,0.9400,0.1301,0.010908,4.490
3307,520,453,973,177,49,238,311.43,0.9288,0.5316,0.177177,19,10,13,357.50,0.2558,0.0654,0.003846,4.219
3318,520,453,973,226,34,103,7.44,0.9275,0.5320,0.182949,37,0,9,8.92,1.0000,0.0733,0.004131,4.303
3330,520,347,867,240,99,131,8.97,0.8161,0.6339,0.290905,41,47,36,130.97,0.2028,0.1937,0.026318,4.467
3334,520,467,987,160,58,240,305.00,0.9199,0.5172,0.167915,6,2,30,283.57,0.8812,0.0444,0.001759,4.210
3337,520,431,951,185,41,248,311.97,0.9660,0.5462,0.186786,12,23,26,216.72,0.2984,0.0952,0.007655,4.107
3341,520,465,985,193,29,207,324.38,0.9419,0.5196,0.167227,21,2,9,355.60,0.7108,0.0498,0.002226,4.159
3348,520,465,985,102,101,239,278.44,0.8767,0.5177,0.183636,1,0,49,266.15,1.0000,0.0541,0.002282,4.469
3350,520,371,891,209,109,161,349.10,0.6035,0.6109,0.270675,28,45,9,131.10,0.8428,0.1699,0.021433,4.489
3354,520,466,986,204,65,103,8.04,0.7613,0.5163,0.175993,0,2,45,264.20,0.9886,0.0530,0.002329,4.319
3357,520,434,954,233,54,46,28.18,0.9387,0.5498,0.201623,37,14,13,23.80,0.5003,0.0983,0.007365,4.386
3360,520,451,971,147,88,238,297.65,0.8578,0.5383,0.193557,19,8,32,302.62,0.6100,0.0710,0.004164,4.497
3369,520,327,847,239,122,2,53.98,0.9971,0.6521,0.322769,11,59,41,163.52,0.8834,0.2148,0.033590,4.459
3382,520,410,930,243,25,114,5.76,0.9693,0.5655,0.209682,27,14,74,284.68,0.8352,0.1264,0.010415,4.298
3386,520,320,840,234,110,145,4.26,0.7436,0.6452,0.306911,10,56,62,207.89,0.7924,0.2133,0.032405,4.331
3404,520,390,910,238,70,109,11.53,0.8666,0.5872,0.236646,59,16,46,341.52,0.6602,0.1535,0.014978,4.411
3408,520,480,1000,193,79,73,25.80,0.7105,0.5080,0.174122,0,0,0,0.00,0.0000,0.0000,0.000000,4.482
3410,520,390,910,234,42,193,339.04,0.9415,0.5906,0.230013,9,38,42,207.81,0.6557,0.1457,0.016114,4.235
3443,520,378,898,200,85,236,317.19,0.8843,0.6024,0.248338,38,33,51,296.75,0.2962,0.1586,0.017388,4.427
3445,520,449,969,184,54,235,314.05,0.9167,0.5440,0.188280,5,10,37,269.41,0.7630,0.0661,0.003829,4.427
3448,520,401,921,248,7,143,356.64,0.9936,0.5807,0.220950,0,5,104,264.19,0.9948,0.1364,0.011079,4.436
3495,520,468,988,233,4,24,27.39,0.9978,0.5222,0.174796,2,8,3,149.76,0.6634,0.0412,0.001931,4.329
3523,520,453,973,224,6,146,350.72,0.9878,0.5337,0.180555,2,11,45,264.25,0.9057,0.0725,0.004417,4.237
3533,520,334,854,219,97,219,327.56,0.8317,0.6357,0.287258,21,47,76,252.77,0.5968,0.1989,0.027141,4.372
3543,520,466,986,228,28,64,20.18,0.9659,0.5239,0.176976,16,4,10,346.99,0.4890,0.0481,0.002189,4.349
3545,520,402,922,200,81,202,327.02,0.7849,0.5752,0.224300,16,26,63,268.86,0.6825,0.1300,0.012078,4.419
3561,520,390,910,250,12,161,351.52,0.9905,0.5931,0.231636,28,16,90,280.23,0.8902,0.1482,0.013556,4.431
3573,520,419,939,245,8,103,9.04,0.9927,0.5616,0.205689,20,19,59,279.21,0.6935,0.1139,0.009302,4.312
3588,520,260,780,251,128,180,354.94,0.9071,0.7127,0.392456,20,67,95,239.20,0.7183,0.2698,0.049890,4.429
3596,520,416,936,227,37,179,341.44,0.9313,0.5672,0.209113,11,1,93,270.16,0.9976,0.1211,0.008831,4.404
3611,520,421,941,231,61,103,11.39,0.8634,0.5630,0.213086,45,11,25,357.70,0.6286,0.1110,0.008675,4.484
3625,520,386,906,226,76,165,347.75,0.8035,0.5923,0.240567,62,17,15,26.03,0.7296,0.1494,0.014597,4.498
3628,520,359,879,230,107,100,25.33,0.7674,0.6216,0.282610,15,52,3,139.19,0.9858,0.1847,0.025640,4.397
3642,520,461,981,226,32,113,3.64,0.9290,0.5339,0.183968,24,1,2,21.93,0.9046,0.0497,0.002203,4.482
3644,520,463,983,224,51,63,23.03,0.9149,0.5313,0.185766,6,9,9,196.47,0.1301,0.0494,0.002538,4.488
3650,520,342,862,254,70,147,359.87,0.9869,0.6287,0.275612,68,34,21,41.32,0.5578,0.1932,0.024273,4.384
3654,520,328,848,225,129,58,53.83,0.8120,0.6465,0.320158,0,58,57,192.87,1.0000,0.2145,0.033214,4.448
3660,520,328,848,253,79,189,345.97,0.9799,0.6531,0.301519,28,49,71,250.71,0.4561,0.2054,0.028983,4.451
3667,520,341,861,245,70,179,346.91,0.9161,0.6254,0.270505,40,9,126,280.77,0.9707,0.1974,0.021528,4.481
3691,520,403,923,246,22,146,355.62,0.9758,0.5816,0.222453,25,32,33,207.04,0.1296,0.1337,0.013495,4.291
3695,520,464,984,188,27,219,319.90,0.9568,0.5193,0.165911,10,5,30,288.62,0.7110,0.0548,0.002668,4.099
3710,520,442,962,188,7,249,313.31,0.9955,0.5380,0.176841,0,22,25,206.15,1.0000,0.0843,0.006440,4.019
3713,520,391,911,209,53,247,318.57,0.9628,0.5911,0.228186,33,35,33,145.43,0.0487,0.1499,0.016352,4.193
3715,520,434,954,237,47,22,30.98,0.9771,0.5502,0.200987,16,14,62,277.13,0.8274,0.1041,0.007720,4.348
3727,520,420,940,214,46,202,331.43,0.9118,0.5630,0.205165,9,19,65,268.26,0.8653,0.1122,0.009054,4.321
3728,520,330,850,224,108,178,345.12,0.7158,0.6390,0.297889,91,19,21,24.15,0.8446,0.2136,0.027444,4.492
3739,520,272,792,246,102,255,325.31,1.0000,0.7035,0.363180,36,70,25,138.70,0.8492,0.2596,0.048254,4.205
3761,520,459,979,209,16,185,334.93,0.9679,0.5282,0.174308,26,5,7,15.44,0.6152,0.0631,0.003435,4.198
3782,520,426,946,203,56,217,324.14,0.8957,0.5623,0.205363,31,22,5,82.39,0.6368,0.1052,0.008761,4.346
3798,520,401,921,220,84,144,355.99,0.7377,0.5834,0.235722,13,28,75,266.36,0.8145,0.1439,0.014240,4.448
3809,520,366,886,246,73,120,8.93,0.9096,0.6084,0.257172,43,37,45,317.66,0.1492,0.1715,0.020262,4.372
3810,520,364,884,219,62,247,321.02,0.9637,0.6142,0.252226,10,41,63,243.54,0.7071,0.1675,0.020092,4.312
3822,520,392,912,246,60,112,9.94,0.9251,0.5933,0.239977,23,31,61,270.49,0.5248,0.1458,0.014990,4.462
3838,520,391,911,202,92,202,327.51,0.7508,0.5935,0.244766,4,40,37,186.85,0.8643,0.1476,0.016769,4.415
3864,520,472,992,204,56,128,355.29,0.7892,0.5151,0.172263,3,3,17,278.53,0.6723,0.0348,0.001250,4.337
3870,520,450,970,226,14,154,348.65,0.9747,0.5432,0.188186,12,14,21,272.25,0.2187,0.0701,0.004464,4.373
3873,520,436,956,234,36,93,12.30,0.9419,0.5467,0.195476,21,18,34,291.75,0.3652,0.0942,0.007075,4.301
3887,520,468,988,173,32,249,308.52,0.9722,0.5237,0.167577,6,4,11,299.41,0.3786,0.0379,0.001497,4.225
3889,520,458,978,180,70,206,319.39,0.8024,0.5332,0.185410,0,0,55,264.05,1.0000,0.0606,0.002758,4.462
3907,520,320,840,228,92,228,327.69,0.8860,0.6479,0.297518,50,49,40,102.03,0.1444,0.2103,0.030279,4.329
3915,520,331,851,245,70,202,339.62,0.9346,0.6367,0.280600,77,25,50,353.39,0.6267,0.2022,0.025036,4.406
3939,520,450,970,181,53,234,313.40,0.9155,0.5377,0.183115,26,1,37,314.06,0.9055,0.0706,0.003749,4.337
3944,520,303,823,245,111,165,357.07,0.8410,0.6711,0.335007,11,64,3,141.18,0.9926,0.2251,0.037444,4.403
3947,520,316,836,236,121,105,29.39,0.7900,0.6560,0.325301,29,61,16,137.92,0.9072,0.2241,0.036360,4.346
3952,520,407,927,250,45,7,31.63,0.9951,0.5749,0.222198,57,3,40,344.43,0.8360,0.1309,0.010883,4.471
3954,520,449,969,160,68,250,302.21,0.9623,0.5370,0.185104,5,18,18,195.47,0.4779,0.0736,0.005085,4.268
3959,520,470,990,209,45,143,349.55,0.8433,0.5210,0.174174,1,8,0,138.73,1.0000,0.0391,0.001801,4.328
3969,520,464,984,197,3,213,324.16,0.9957,0.5227,0.167412,24,1,8,0.43,0.8170,0.0517,0.002335,4.154
3974,520,477,997,127,78,244,290.69,0.9199,0.5055,0.164924,2,1,5,297.38,0.5651,0.0207,0.000456,4.260
4002,520,480,1000,198,54,148,345.24,0.7908,0.5109,0.167841,0,0,0,0.00,0.0000,0.0000,0.000000,4.357
4009,520,428,948,146,91,254,294.15,0.9868,0.5551,0.207490,25,18,37,299.96,0.4153,0.1002,0.007729,4.460
4043,520,420,940,183,103,153,342.98,0.5164,0.5586,0.220689,11,31,5,138.58,0.9152,0.1126,0.010620,4.465
4045,520,439,959,214,71,124,1.46,0.7618,0.5488,0.202601,12,20,26,241.23,0.2735,0.0871,0.006530,4.468
4066,520,480,1000,196,44,167,337.27,0.8396,0.5085,0.163289,0,0,0,0.00,0.0000,0.0000,0.000000,4.266
4073,520,330,850,248,6,245,329.02,0.9984,0.6353,0.266822,1,47,100,255.92,0.9805,0.2111,0.029594,3.980
4077,520,310,830,229,86,253,321.60,0.9893,0.6577,0.304074,12,62,11,142.72,0.9735,0.2192,0.035474,4.142
4085,520,386,906,223,61,193,336.60,0.8759,0.5855,0.228780,6,39,41,200.86,0.7645,0.1471,0.016498,4.192
4094,520,278,798,227,125,226,327.54,0.8228,0.6937,0.364909,24,65,61,186.61,0.6137,0.2470,0.043115,4.456
4118,520,418,938,244,38,11,30.74,0.9916,0.5580,0.206470,55,0,24,0.54,1.0000,0.1155,0.008783,4.363
4121,520,430,950,210,30,208,328.78,0.9528,0.5504,0.191862,34,15,35,325.30,0.4964,0.1045,0.008031,4.168
4123,520,324,844,255,88,138,5.91,1.0000,0.6472,0.300778,67,41,29,45.44,0.4132,0.2091,0.028680,4.458
4129,520,407,927,197,46,249,315.02,0.9704,0.5688,0.206652,56,14,9,29.83,0.7775,0.1320,0.011747,4.157
4147,520,438,958,228,22,147,351.58,0.9576,0.5465,0.191772,9,24,2,135.19,0.9374,0.0891,0.007157,4.230
4160,520,429,949,240,2,100,9.13,0.9978,0.5491,0.194921,19,11,62,281.64,0.8400,0.1017,0.007256,4.278
4165,520,424,944,231,67,5,36.22,0.9933,0.5564,0.210171,24,11,66,285.65,0.8368,0.1106,0.008269,4.465
4169,520,408,928,207,17,247,318.73,0.9902,0.5693,0.203834,6,30,57,253.56,0.7565,0.1302,0.012626,4.053
4179,520,292,812,228,108,249,321.47,0.9619,0.6819,0.340605,26,64,38,151.86,0.7284,0.2368,0.040262,4.327
4182,520,403,923,252,29,109,8.94,0.9781,0.5840,0.226819,27,30,39,270.55,0.1846,0.1328,0.013080,4.388
4185,520,384,904,251,50,92,15.97,0.9713,0.5901,0.235667,30,31,61,280.21,0.4744,0.1518,0.015929,4.333
4191,520,325,845,247,74,207,338.73,0.9479,0.6466,0.291796,67,40,35,31.04,0.3576,0.2084,0.028324,4.364
4197,520,475,995,216,54,62,23.48,0.8930,0.5179,0.175876,3,3,10,281.84,0.4592,0.0313,0.001064,4.423
4201,520,473,993,198,4,210,325.19,0.9940,0.5224,0.167474,12,0,4,353.99,1.0000,0.0301,0.000869,4.275
4211,520,413,933,223,64,145,353.67,0.8175,0.5652,0.214016,23,29,13,125.58,0.4479,0.1169,0.010899,4.335
4226,520,416,936,228,32,180,341.28,0.9457,0.5670,0.208249,13,1,91,271.58,0.9971,0.1195,0.008625,4.405
4228,520,465,985,216,51,84,15.15,0.8690,0.5194,0.176092,3,4,34,271.54,0.9065,0.0496,0.002217,4.330
4237,520,431,951,207,1,222,324.59,0.9990,0.5465,0.185629,34,13,41,317.03,0.5993,0.1046,0.007881,4.071
4256,520,429,949,223,52,123,1.05,0.8549,0.5455,0.195766,25,21,23,346.09,0.0918,0.1003,0.008049,4.234
4273,520,261,781,223,133,250,318.05,0.9501,0.7148,0.393666,14,68,97,237.87,0.7976,0.2722,0.050904,4.397
4286,520,468,988,124,85,255,287.22,1.0000,0.5234,0.180018,7,7,1,109.16,0.6845,0.0429,0.001993,4.424
4293,520,324,844,239,94,187,344.28,0.8557,0.6464,0.299466,17,54,56,200.16,0.6365,0.2064,0.030429,4.345
4303,520,418,938,239,44,73,20.02,0.9453,0.5578,0.206364,22,24,57,277.57,0.5800,0.1248,0.011192,4.189
4319,520,452,972,179,20,252,309.96,0.9865,0.5301,0.171133,20,4,42,298.03,0.8225,0.0724,0.004027,4.093
4326,520,379,899,247,48,155,354.00,0.9353,0.6004,0.242579,25,42,31,155.36,0.3801,0.1629,0.019615,4.203
4330,520,381,901,248,17,176,346.71,0.9865,0.5973,0.234953,27,41,38,179.96,0.2471,0.1639,0.019588,4.095
4333,520,349,869,242,103,86,29.35,0.8899,0.6326,0.292526,26,52,10,135.82,0.9154,0.1915,0.026974,4.450
4335,520,259,779,211,138,245,314.34,0.8727,0.7058,0.386195,30,74,25,141.67,0.9126,0.2695,0.052436,4.258
4347,520,359,879,247,15,227,332.94,0.9942,0.6234,0.256649,37,46,13,122.70,0.6968,0.1815,0.023763,4.157
4369,520,432,952,244,16,24,28.01,0.9927,0.5488,0.196731,9,26,5,139.15,0.8761,0.0958,0.008078,4.248
4371,520,467,987,180,55,211,318.71,0.8623,0.5202,0.171400,16,2,12,337.69,0.6692,0.0440,0.001801,4.274
4392,520,419,939,188,107,101,25.02,0.5034,0.5555,0.221477,7,28,41,238.65,0.6263,0.1142,0.010357,4.498
4406,520,422,942,233,13,154,350.19,0.9811,0.5567,0.199475,34,4,60,302.92,0.8847,0.1071,0.007532,4.336
4421,520,470,990,200,78,56,32.31,0.7959,0.5161,0.180156,2,2,31,271.19,0.9519,0.0412,0.001552,4.465
4434,520,464,984,194,86,69,30.89,0.7018,0.5202,0.185563,1,10,8,181.62,0.7712,0.0468,0.002411,4.495
4435,520,441,961,224,55,88,15.21,0.8742,0.5399,0.192870,5,5,67,269.02,0.9775,0.0882,0.005460,4.379
4438,520,448,968,241,15,24,27.93,0.9929,0.5421,0.191118,24,11,31,312.73,0.5155,0.0816,0.005325,4.358
4446,520,475,995,221,1,131,355.08,0.9976,0.5200,0.170352,9,1,2,10.26,0.6677,0.0287,0.000842,4.334
4459,520,423,943,198,83,171,337.65,0.7031,0.5576,0.211342,20,19,57,279.66,0.6723,0.1122,0.009099,4.422
4460,520,426,946,246,28,60,22.42,0.9796,0.5610,0.207531,26,17,51,292.18,0.6160,0.1090,0.008595,4.395
4463,520,420,940,221,60,146,352.43,0.8248,0.5580,0.206817,38,18,5,53.37,0.6539,0.1061,0.008557,4.386
4467,520,432,952,223,62,110,7.60,0.8284,0.5508,0.202616,33,19,1,73.92,0.8877,0.1000,0.007913,4.362
4470,520,422,942,246,28,82,16.52,0.9743,0.5648,0.210360,9,26,48,255.76,0.6247,0.1142,0.010102,4.332
4482,520,388,908,253,10,142,357.93,0.9924,0.5909,0.230563,54,26,2,58.00,0.8700,0.1491,0.015276,4.298
4488,520,438,958,189,61,229,316.70,0.8931,0.5535,0.198147,22,10,44,295.57,0.6916,0.0866,0.005695,4.455
4496,520,459,979,186,82,152,341.93,0.6435,0.5275,0.187421,25,1,22,333.00,0.8235,0.0592,0.002863,4.491
4499,520,433,953,182,89,184,326.60,0.6694,0.5489,0.205517,18,6,72,278.90,0.9441,0.1049,0.007267,4.462
4500,520,473,993,206,49,138,351.01,0.8202,0.5164,0.171555,7,1,15,306.78,0.7865,0.0325,0.001014,4.343
4508,520,313,833,231,93,243,324.44,0.9431,0.6627,0.312908,28,42,114,269.57,0.8218,0.2231,0.031176,4.471
4510,520,375,895,237,30,204,336.55,0.9717,0.5962,0.232955,37,3,104,285.10,0.9807,0.1604,0.014579,4.382
4511,520,440,960,229,49,121,2.65,0.8823,0.5539,0.202379,3,17,55,263.28,0.9040,0.0947,0.006960,4.431
4513,520,384,904,251,5,159,352.23,0.9961,0.5929,0.231245,9,36,64,252.19,0.7256,0.1534,0.016899,4.204
4514,520,384,904,211,68,228,323.27,0.9003,0.5940,0.235863,54,21,41,344.95,0.5338,0.1500,0.014808,4.411
4553,520,381,901,252,48,127,4.35,0.9724,0.5999,0.243452,5,27,98,264.55,0.9417,0.1629,0.016979,4.381
4575,520,383,903,192,101,216,318.90,0.7479,0.6011,0.254728,9,43,17,148.11,0.9213,0.1535,0.018262,4.464
4576,520,373,893,255,60,10,33.34,1.0000,0.5970,0.245174,54,21,54,327.42,0.5934,0.1572,0.015870,4.481
4586,520,354,874,247,72,158,354.79,0.9171,0.6221,0.268807,6,46,54,214.35,0.8159,0.1759,0.022589,4.392
4597,520,312,832,251,96,161,357.41,0.9339,0.6582,0.314513,47,48,81,281.32,0.4011,0.2248,0.033123,4.385
4601,520,271,791,241,107,244,326.72,0.9510,0.6963,0.357501,21,64,97,245.35,0.7020,0.2626,0.046891,4.206
4604,520,434,954,242,1,101,9.07,0.9990,0.5533,0.198419,27,21,9,83.87,0.4149,0.0986,0.007891,4.291
4616,520,385,905,216,89,161,348.05,0.7180,0.5905,0.243190,4,42,37,182.23,0.8844,0.1542,0.018152,4.302
4645,520,237,757,200,159,244,305.79,0.7868,0.7333,0.436078,50,78,11,130.38,0.9376,0.2938,0.061509,4.359
4648,520,355,875,239,76,182,344.83,0.8760,0.6225,0.268998,34,35,83,278.59,0.6214,0.1824,0.021666,4.451
4661,520,478,998,218,22,107,3.78,0.9475,0.5109,0.165434,8,0,2,359.68,1.0000,0.0239,0.000560,4.261
4664,520,319,839,143,145,245,281.09,0.8199,0.6490,0.326825,20,59,44,165.06,0.7021,0.2191,0.034584,4.455
4677,520,398,918,209,48,241,320.07,0.9520,0.5829,0.220218,13,14,98,269.73,0.9668,0.1446,0.012814,4.302
4683,520,435,955,244,7,47,24.11,0.9963,0.5487,0.195938,17,16,45,281.26,0.6008,0.0935,0.006792,4.331
4692,520,440,960,217,78,45,34.56,0.8823,0.5459,0.203924,22,18,21,334.64,0.1138,0.0890,0.006573,4.488
4695,520,471,991,213,42,117,0.40,0.8640,0.5158,0.170888,1,0,38,267.33,1.0000,0.0419,0.001464,4.292
4697,520,446,966,231,20,127,358.98,0.9650,0.5436,0.190245,5,16,34,258.33,0.6259,0.0769,0.005183,4.354
4705,520,456,976,234,6,66,18.93,0.9948,0.5297,0.180192,25,1,28,323.79,0.8542,0.0627,0.003122,4.333
4711,520,464,984,157,87,197,311.58,0.6871,0.5186,0.180163,12,9,9,17.79,0.0932,0.0547,0.002933,4.348
4728,520,322,842,244,41,255,325.76,1.0000,0.6461,0.280417,38,48,74,267.49,0.3755,0.2120,0.030203,4.120
4746,520,374,894,227,58,203,334.61,0.9060,0.5955,0.236712,30,31,67,279.52,0.5415,0.1563,0.016612,4.304
4747,520,468,988,184,56,206,321.33,0.8514,0.5239,0.174762,0,4,23,260.38,1.0000,0.0380,0.001487,4.365
4757,520,454,974,203,72,110,6.07,0.7243,0.5255,0.184590,8,12,39,272.54,0.6885,0.0738,0.004610,4.296
4774,520,432,952,236,51,32,30.26,0.9609,0.5520,0.203080,22,24,22,145.39,0.0632,0.1045,0.008818,4.303
4780,520,381,901,204,74,248,316.12,0.9566,0.6037,0.245137,53,31,12,59.57,0.6009,0.1602,0.017635,4.364
4788,520,415,935,168,84,248,303.80,0.9335,0.5662,0.214433,17,31,5,132.55,0.8468,0.1165,0.011101,4.328
4796,520,413,933,188,76,236,313.86,0.8869,0.5738,0.219175,50,15,5,37.65,0.7824,0.1213,0.010308,4.463
4799,520,348,868,244,14,241,329.01,0.9956,0.6270,0.259009,35,3,131,277.32,0.9931,0.1949,0.020610,4.376
4801,520,421,941,240,37,72,19.63,0.9589,0.5551,0.203196,23,12,65,284.57,0.8234,0.1100,0.008267,4.345
4815,520,459,979,186,69,186,327.76,0.7663,0.5282,0.182419,11,11,21,283.65,0.3099,0.0627,0.003646,4.332
4832,520,432,952,244,12,78,16.68,0.9910,0.5545,0.200496,10,4,74,272.16,0.9802,0.0987,0.006457,4.437
4833,520,453,973,196,65,177,334.17,0.7806,0.5345,0.186923,31,2,6,14.34,0.8292,0.0651,0.003479,4.430
4834,520,419,939,211,47,198,331.76,0.8988,0.5560,0.199611,43,16,0,52.83,1.0000,0.1094,0.008843,4.242
4837,520,424,944,201,83,164,341.60,0.6993,0.5589,0.212861,2,26,46,246.15,0.8371,0.1091,0.009489,4.419
4851,520,438,958,222,66,83,19.02,0.8434,0.5463,0.200532,2,23,24,199.05,0.8121,0.0880,0.006916,4.402
4870,520,318,838,213,119,208,329.08,0.7033,0.6552,0.318954,22,58,45,167.04,0.6376,0.2172,0.033860,4.400
4875,520,464,984,144,90,219,299.87,0.7612,0.5231,0.183563,20,6,1,51.78,0.7552,0.0547,0.002812,4.423
4885,520,451,971,221,24,152,348.38,0.9440,0.5358,0.182950,1,7,49,264.94,0.9569,0.0682,0.003801,4.330
4888,520,467,987,154,70,232,303.59,0.8688,0.5162,0.170770,5,3,26,281.79,0.7977,0.0428,0.001720,4.269
4890,520,398,918,248,41,90,15.35,0.9563,0.5775,0.222840,17,37,28,163.47,0.4778,0.1408,0.015261,4.181
4914,520,385,905,248,38,152,354.67,0.9519,0.5950,0.236130,13,38,44,215.72,0.5494,0.1485,0.016536,4.300
4922,520,389,909,208,89,182,336.82,0.7273,0.5875,0.239338,25,17,96,276.52,0.9178,0.1541,0.014520,4.484
4955,520,465,985,218,11,135,353.22,0.9735,0.5179,0.168966,10,5,24,294.03,0.6176,0.0508,0.002390,4.180
4957,520,408,928,227,78,65,28.55,0.8615,0.5670,0.221640,16,22,74,271.66,0.8330,0.1315,0.011783,4.397
4965,520,407,927,219,74,148,352.60,0.7732,0.5705,0.220981,7,3,101,267.43,0.9953,0.1331,0.010498,4.479
4970,520,183,703,245,158,252,324.25,0.9786,0.7874,0.508962,20,90,70,169.25,0.8782,0.3301,0.079029,4.332
4999,520,414,934,241,50,97,13.27,0.9222,0.5713,0.218483,32,25,20,57.41,0.1861,0.1175,0.010529,4.436
5014,520,258,778,232,151,108,48.38,0.6822,0.7079,0.403738,28,76,14,139.68,0.9651,0.2740,0.054473,4.343
5022,520,400,920,223,0,235,325.53,1.0000,0.5837,0.216884,7,27,73,263.26,0.8735,0.1369,0.013100,4.230
5024,520,263,783,245,111,255,324.82,1.0000,0.7138,0.380037,60,64,16,113.93,0.7655,0.2600,0.046649,4.449
5025,520,474,994,232,0,10,28.55,1.0000,0.5185,0.171809,1,1,18,271.82,0.9413,0.0270,0.000718,4.373
5032,520,328,848,241,98,166,353.51,0.8341,0.6462,0.301921,12,49,94,255.74,0.8086,0.2145,0.030828,4.354
5035,520,381,901,234,31,213,333.47,0.9725,0.5966,0.232791,57,18,64,321.27,0.6932,0.1642,0.016727,4.238
5039,520,367,887,216,77,220,326.68,0.8732,0.6064,0.250759,21,41,55,240.53,0.4438,0.1680,0.020211,4.284
5051,520,392,912,227,4,235,326.48,0.9979,0.5914,0.224182,13,2,112,269.08,0.9970,0.1511,0.012987,4.353
5057,520,363,883,254,18,170,349.72,0.9925,0.6063,0.244093,20,38,67,259.52,0.5672,0.1667,0.019401,4.238
5063,520,371,891,246,14,207,337.71,0.9923,0.6093,0.244150,51,22,78,304.41,0.7121,0.1722,0.018277,4.308
5064,520,470,990,201,63,128,355.43,0.7546,0.5172,0.175330,18,0,1,21.01,1.0000,0.0373,0.001308,4.392
5071,520,298,818,229,104,230,327.23,0.8810,0.6665,0.322738,2,45,122,261.15,0.9836,0.2283,0.032946,4.494
5097,520,294,814,236,133,91,42.44,0.7753,0.6752,0.353657,0,61,85,232.29,1.0000,0.2397,0.039931,4.488
5104,520,284,804,253,121,138,13.92,0.9481,0.6908,0.363954,60,59,36,106.05,0.3565,0.2489,0.042160,4.492
5105,520,361,881,233,86,163,351.27,0.8051,0.6157,0.266262,9,45,68,241.56,0.7530,0.1824,0.023521,4.302
5110,520,463,983,205,5,205,328.35,0.9925,0.5315,0.174974,1,14,2,145.63,0.9682,0.0549,0.003249,4.225
5117,520,466,986,226,8,100,7.14,0.9868,0.5211,0.172654,12,4,19,308.90,0.5848,0.0475,0.002120,4.272
5118,520,336,856,240,81,202,338.72,0.9001,0.6396,0.286771,51,47,32,94.96,0.2712,0.2035,0.028412,4.295
5124,520,414,934,252,20,77,18.03,0.9872,0.5733,0.217353,52,11,27,0.06,0.6820,0.1248,0.010487,4.420
5126,520,334,854,245,84,172,350.41,0.8950,0.6374,0.287346,25,49,68,244.02,0.4827,0.2017,0.028206,4.314
5136,520,325,845,235,119,113,24.49,0.7652,0.6528,0.320506,3,60,17,146.64,0.9910,0.2103,0.032914,4.469
5137,520,375,895,255,67,29,32.88,1.0000,0.6044,0.253667,62,25,16,34.87,0.6307,0.1634,0.017570,4.494
5138,520,460,980,210,52,156,345.35,0.8286,0.5349,0.185601,0,17,7,158.96,1.0000,0.0637,0.004162,4.350
5143,520,392,912,240,32,178,344.65,0.9599,0.5884,0.227757,45,29,21,47.50,0.3351,0.1452,0.014908,4.279
5149,520,415,935,229,55,152,351.65,0.8667,0.5707,0.216601,29,23,35,307.19,0.2630,0.1150,0.009954,4.447
5177,520,457,977,184,28,235,314.92,0.9673,0.5263,0.170202,1,7,37,263.98,0.9340,0.0569,0.002920,4.161
5210,520,445,965,218,52,130,357.26,0.8395,0.5385,0.189756,20,14,15,6.99,0.1497,0.0755,0.004973,4.361
5216,520,441,961,184,63,213,319.13,0.8462,0.5361,0.185507,39,4,24,349.10,0.7519,0.0893,0.005842,4.217
5221,520,446,966,143,92,235,296.04,0.8321,0.5378,0.194922,25,5,41,306.21,0.7776,0.0795,0.004753,4.473
5225,520,422,942,215,70,156,347.90,0.7809,0.5622,0.212299,4,30,7,145.85,0.9519,0.1060,0.009697,4.394
5236,520,427,947,194,65,223,319.59,0.8751,0.5609,0.205790,22,10,59,286.77,0.8138,0.1000,0.007034,4.485
5259,520,331,851,252,7,245,329.89,0.9983,0.6425,0.274431,33,53,8,130.70,0.9024,0.1996,0.028870,4.113
5269,520,390,910,227,87,117,10.38,0.7638,0.5905,0.244342,1,40,53,225.45,0.9535,0.1546,0.017810,4.341
5277,520,446,966,224,41,113,3.99,0.8970,0.5355,0.186281,17,10,46,286.30,0.7294,0.0831,0.005335,4.270
5278,520,378,898,217,63,230,324.57,0.9208,0.6001,0.240218,62,8,56,333.18,0.7870,0.1559,0.014835,4.476
5281,520,340,860,234,71,241,326.21,0.9482,0.6421,0.283521,34,53,16,132.01,0.7690,0.2014,0.029236,4.209
5286,520,459,979,229,48,3,32.89,0.9965,0.5338,0.187815,14,12,5,95.83,0.3485,0.0619,0.003673,4.431
5299,520,210,730,246,166,129,45.56,0.7888,0.7615,0.484525,19,85,72,176.39,0.8521,0.3142,0.071030,4.416
5301,520,353,873,224,83,209,332.21,0.8528,0.6196,0.266394,8,24,119,266.08,0.9673,0.1847,0.020366,4.496
5307,520,380,900,228,43,225,328.94,0.9589,0.6000,0.236603,17,32,84,267.24,0.8036,0.1641,0.017922,4.220
5313,520,377,897,241,36,189,341.72,0.9591,0.5979,0.236396,37,2,102,285.87,0.9860,0.1569,0.013960,4.478
5319,520,334,854,249,35,234,331.72,0.9842,0.6380,0.272853,64,12,103,304.42,0.8820,0.2031,0.023323,4.403
5324,520,475,995,216,38,132,354.93,0.8835,0.5246,0.176535,8,2,12,314.58,0.6180,0.0349,0.001216,4.423
5330,520,357,877,205,83,253,314.80,0.9847,0.6190,0.262589,19,32,99,268.75,0.8719,0.1805,0.020722,4.420
5332,520,387,907,215,73,197,333.30,0.8312,0.5866,0.232454,26,36,39,218.06,0.1867,0.1487,0.016278,4.262
5333,520,317,837,229,132,19,60.78,0.9598,0.6557,0.332099,40,56,51,173.63,0.2261,0.2250,0.035184,4.486
5337,520,457,977,191,11,235,317.17,0.9903,0.5317,0.173153,12,14,6,119.08,0.3444,0.0650,0.004054,4.128
5345,520,435,955,243,14,63,20.71,0.9908,0.5502,0.197311,3,9,61,266.82,0.9570,0.0862,0.005516,4.455
5349,520,315,835,243,81,222,333.51,0.9381,0.6552,0.302161,61,46,48,9.44,0.1756,0.2186,0.031596,4.316
5356,520,432,952,243,27,42,26.01,0.9827,0.5521,0.200092,11,21,43,264.20,0.5603,0.0990,0.007819,4.325
5364,520,458,978,222,35,106,5.75,0.9149,0.5253,0.177750,14,5,35,292.65,0.7525,0.0622,0.003233,4.278
5378,520,307,827,238,116,174,352.18,0.7804,0.6714,0.337264,27,60,46,164.12,0.5635,0.2266,0.036619,4.471
5381,520,349,869,239,63,227,331.08,0.9445,0.6343,0.274544,61,38,6,70.64,0.8009,0.1887,0.023916,4.391
5410,520,459,979,232,30,2,30.72,0.9980,0.5279,0.180918,11,10,16,292.39,0.2026,0.0584,0.003256,4.336
5412,520,475,995,219,42,88,12.74,0.9000,0.5190,0.174232,10,0,16,315.67,1.0000,0.0335,0.001019,4.395
5437,520,321,841,252,52,237,331.67,0.9881,0.6543,0.292689,35,49,71,259.21,0.3664,0.2104,0.030088,4.279
5440,520,452,972,169,76,214,312.80,0.7954,0.5305,0.184597,13,16,18,237.00,0.1014,0.0744,0.004998,4.266
5464,520,322,842,250,67,216,336.72,0.9716,0.6500,0.292992,70,37,44,6.80,0.3988,0.2094,0.028072,4.393
5465,520,430,950,206,49,201,329.51,0.8902,0.5508,0.195373,17,8,69,278.35,0.9211,0.1033,0.007225,4.288
5471,520,456,976,200,20,203,327.48,0.9645,0.5251,0.170932,18,4,23,317.20,0.6536,0.0564,0.002773,4.186
5489,520,124,644,231,204,223,336.53,0.4254,0.8525,0.655030,38,106,11,139.22,0.9870,0.3787,0.107439,4.478
5493,520,419,939,217,39,200,332.78,0.9311,0.5624,0.203751,22,8,71,282.56,0.9054,0.1100,0.007991,4.376
5494,520,477,997,220,17,107,3.91,0.9636,0.5132,0.166807,0,2,6,247.65,1.0000,0.0221,0.000566,4.288
5509,520,467,987,198,58,152,343.90,0.7794,0.5170,0.173007,15,1,4,3.42,0.7521,0.0370,0.001320,4.345
5529,520,454,974,180,9,254,310.00,0.9955,0.5304,0.170554,4,14,32,258.90,0.6554,0.0702,0.004442,4.051
5535,520,2,522,255,255,255,0.00,0.0000,1.0000,1.000000,6,137,78,155.04,0.9929,0.4831,0.184793,4.472
5536,520,340,860,253,32,234,332.61,0.9920,0.6437,0.278593,84,11,50,353.79,0.7986,0.1996,0.023548,4.468
5543,520,391,911,235,46,177,344.18,0.9221,0.5866,0.227933,9,41,10,143.77,0.9437,0.1455,0.016658,4.170
5559,520,25,545,243,251,207,115.85,0.8976,0.9662,0.925540,47,131,12,139.27,0.9906,0.4641,0.168629,4.462
5560,520,441,961,220,65,55,28.11,0.8870,0.5364,0.192747,17,15,48,281.40,0.6585,0.0939,0.006742,4.278
5579,520,433,953,232,55,75,20.44,0.9091,0.5529,0.203992,31,18,26,342.16,0.2996,0.1019,0.007985,4.380
5604,520,460,980,220,62,27,33.56,0.9510,0.5302,0.187427,21,8,13,355.44,0.3787,0.0639,0.003622,4.428
5605,520,479,999,180,75,160,335.58,0.6782,0.5115,0.172748,0,0,2,264.05,1.0000,0.0079,0.000044,4.451
5606,520,441,961,232,27,115,3.68,0.9517,0.5443,0.191805,16,6,63,279.86,0.9222,0.0927,0.005993,4.319
5608,520,326,846,245,65,238,329.76,0.9621,0.6527,0.293689,78,22,74,330.79,0.7096,0.2130,0.026882,4.470
5634,520,397,917,247,11,142,356.83,0.9896,0.5791,0.219699,41,17,70,300.31,0.7398,0.1436,0.013145,4.271
5639,520,384,904,213,18,255,318.53,1.0000,0.5858,0.218006,2,25,88,263.22,0.9716,0.1460,0.014126,4.179
5652,520,471,991,187,48,199,324.48,0.8656,0.5165,0.168036,4,5,11,273.79,0.3228,0.0384,0.001585,4.227
5655,520,398,918,243,54,96,14.34,0.9201,0.5783,0.225408,55,14,32,356.39,0.6504,0.1366,0.012307,4.420
5658,520,365,885,232,60,206,335.05,0.9151,0.6075,0.248463,34,11,110,280.46,0.9528,0.1725,0.017051,4.451
5663,520,400,920,245,62,31,32.05,0.9669,0.5799,0.229601,40,12,79,295.95,0.8401,0.1441,0.012786,4.453
5673,520,443,963,128,99,240,288.22,0.8545,0.5381,0.198039,13,17,33,272.08,0.4175,0.0842,0.005963,4.432
5674,520,342,862,239,54,225,331.60,0.9543,0.6261,0.264280,56,38,48,344.81,0.2593,0.1921,0.024405,4.224
5681,520,334,854,247,52,230,332.24,0.9672,0.6414,0.279462,28,48,62,240.10,0.3880,0.1972,0.027085,4.274
5693,520,467,987,151,77,233,301.54,0.8578,0.5226,0.177706,6,5,19,285.04,0.5361,0.0442,0.001943,4.384
5713,520,410,930,210,43,219,325.79,0.9365,0.5653,0.205458,6,24,74,264.40,0.8968,0.1305,0.011863,4.129
5721,520,427,947,246,35,10,30.49,0.9927,0.5604,0.208203,31,18,16,28.91,0.2880,0.0983,0.007614,4.482
5728,520,393,913,225,55,211,331.82,0.9198,0.5944,0.234454,10,38,17,149.15,0.8555,0.1372,0.014912,4.382
5732,520,418,938,245,16,64,20.69,0.9896,0.5552,0.201567,16,22,62,272.21,0.7211,0.1199,0.010317,4.171
5743,520,453,973,122,99,236,286.41,0.8340,0.5290,0.191171,8,19,0,130.82,1.0000,0.0734,0.005174,4.371
5755,520,266,786,220,137,238,320.29,0.8445,0.7114,0.392814,6,75,7,142.83,0.9921,0.2629,0.050860,4.390
5760,520,464,984,216,40,109,3.96,0.8825,0.5175,0.172231,4,2,41,273.46,0.9648,0.0525,0.002293,4.250
5774,520,400,920,245,63,34,31.80,0.9623,0.5811,0.230864,16,31,53,257.88,0.5225,0.1351,0.013471,4.425
5780,520,423,943,224,7,188,337.78,0.9906,0.5559,0.196326,0,26,43,239.86,1.0000,0.1059,0.009132,4.166
5784,520,465,985,156,71,236,303.37,0.8835,0.5235,0.176310,3,10,0,133.20,1.0000,0.0460,0.002364,4.322
5788,520,450,970,193,15,242,316.11,0.9887,0.5418,0.180913,26,4,19,341.23,0.6609,0.0653,0.003535,4.313
5804,520,424,944,172,85,228,309.54,0.8230,0.5575,0.208698,26,9,70,286.76,0.8726,0.1143,0.008572,4.417
5818,520,448,968,144,88,241,295.99,0.8764,0.5373,0.192597,11,5,55,277.54,0.9274,0.0784,0.004555,4.447
5841,520,427,947,198,25,248,316.02,0.9820,0.5582,0.194798,3,3,80,266.44,0.9931,0.1010,0.006636,4.322
5850,520,477,997,124,91,225,290.27,0.7933,0.5072,0.172034,4,0,4,328.36,1.0000,0.0191,0.000346,4.410
5871,520,319,839,221,96,236,323.27,0.8992,0.6474,0.297958,96,4,60,350.98,0.8977,0.2248,0.029003,4.404
5882,520,459,979,198,72,147,347.13,0.7185,0.5310,0.187489,11,8,27,288.21,0.5453,0.0599,0.003239,4.461
5889,520,397,917,216,83,151,351.70,0.7316,0.5780,0.230220,26,30,56,275.50,0.4501,0.1421,0.014337,4.356
5893,520,476,996,173,87,131,349.73,0.5426,0.5056,0.173405,6,0,0,29.23,1.0000,0.0198,0.000387,4.434
5904,520,362,882,248,58,164,351.82,0.9384,0.6135,0.256662,73,10,60,338.09,0.7873,0.1817,0.019600,4.406
5922,520,441,961,194,76,176,334.08,0.7328,0.5442,0.197744,22,4,57,290.38,0.9011,0.0890,0.005528,4.462
5924,520,475,995,196,36,195,328.47,0.9079,0.5203,0.169393,2,2,9,280.29,0.5666,0.0265,0.000760,4.322
5931,520,211,731,227,170,193,352.87,0.5071,0.7643,0.489319,18,88,6,141.31,0.9922,0.3108,0.071209,4.449
5932,520,437,957,218,52,162,345.26,0.8529,0.5524,0.199724,10,12,57,273.08,0.8691,0.0913,0.006229,4.441
5934,520,411,931,254,7,74,18.52,0.9963,0.5738,0.217210,6,19,77,266.41,0.9312,0.1234,0.010402,4.424
5950,520,221,741,249,144,224,336.46,0.9460,0.7547,0.454703,37,78,76,191.27,0.5005,0.3009,0.063637,4.441
5953,520,352,872,190,108,227,314.28,0.7766,0.6165,0.272193,33,40,79,273.54,0.5364,0.1903,0.024054,4.351
5954,520,447,967,176,80,203,318.23,0.7541,0.5384,0.192802,10,2,61,275.60,0.9803,0.0793,0.004448,4.459
5955,520,401,921,225,42,195,336.26,0.9299,0.5755,0.216061,4,30,74,259.93,0.9062,0.1438,0.014487,4.126
5978,520,220,740,251,135,230,334.31,0.9720,0.7451,0.435527,11,83,61,166.53,0.9397,0.3018,0.065943,4.188
5981,520,277,797,219,134,226,324.26,0.7680,0.6985,0.376027,22,65,79,222.91,0.6512,0.2549,0.045155,4.477
5995,520,451,971,215,60,137,354.59,0.8048,0.5432,0.194872,8,14,30,266.80,0.4907,0.0718,0.004594,4.485
6026,520,414,934,245,44,40,28.01,0.9666,0.5657,0.213705,22,30,30,196.36,0.1571,0.1242,0.011928,4.258
6034,520,261,781,167,161,251,285.92,0.8758,0.7087,0.406699,1,76,9,143.77,0.9986,0.2654,0.051948,4.480
6051,520,452,972,141,83,247,294.57,0.9274,0.5312,0.185647,31,3,14,358.08,0.7405,0.0694,0.003882,4.373
6055,520,470,990,192,64,168,336.15,0.7633,0.5216,0.177020,10,5,1,74.11,0.6363,0.0407,0.001753,4.387
6064,520,290,810,236,114,216,333.97,0.8681,0.6840,0.348276,17,62,68,207.65,0.7058,0.2378,0.039816,4.434
6092,520,365,885,204,74,253,314.99,0.9863,0.6074,0.248282,80,2,27,10.72,0.9537,0.1746,0.018283,4.368
6103,520,386,906,250,51,94,15.36,0.9639,0.5893,0.235033,1,39,54,229.59,0.9498,0.1521,0.017237,4.239
6112,520,318,838,178,133,253,299.26,0.9443,0.6633,0.333321,40,57,41,146.17,0.3407,0.2246,0.035374,4.490
6128,520,379,899,255,27,151,355.90,1.0000,0.6032,0.242819,28,22,95,277.64,0.8672,0.1632,0.016469,4.405
6159,520,414,934,242,27,144,355.65,0.9633,0.5748,0.216779,11,16,80,269.94,0.9336,0.1240,0.010209,4.431
6163,520,375,895,253,19,151,355.30,0.9846,0.5966,0.235863,3,45,5,143.59,0.9884,0.1560,0.019070,4.139
6188,520,431,951,156,86,249,299.19,0.9378,0.5550,0.205633,23,23,16,107.54,0.1938,0.1009,0.008324,4.383
6202,520,468,988,160,86,190,315.25,0.6703,0.5164,0.178475,20,1,5,5.39,0.8010,0.0445,0.001814,4.410
6222,520,431,951,184,50,250,310.90,0.9723,0.5529,0.193747,27,18,33,311.15,0.3576,0.1002,0.007754,4.220
6226,520,454,974,200,48,185,332.58,0.8574,0.5295,0.178978,11,1,51,280.89,0.9792,0.0668,0.003319,4.295
6240,520,447,967,215,11,196,333.34,0.9843,0.5449,0.186742,3,2,64,267.66,0.9918,0.0781,0.004329,4.358
6250,520,419,939,233,46,133,358.71,0.9000,0.5636,0.209740,27,3,73,288.14,0.9549,0.1108,0.007792,4.494
6262,520,472,992,218,50,56,24.65,0.9147,0.5172,0.174748,0,0,32,264.05,1.0000,0.0346,0.001043,4.403
6271,520,449,969,231,41,49,25.57,0.9551,0.5357,0.187996,17,6,41,292.41,0.7695,0.0719,0.004095,4.400
6279,520,473,993,179,2,242,312.32,0.9983,0.5164,0.160390,11,1,9,333.46,0.7208,0.0341,0.001126,4.115
6288,520,352,872,224,94,183,341.66,0.7642,0.6204,0.272738,23,35,101,269.70,0.8360,0.1913,0.023237,4.407
6291,520,434,954,211,72,145,351.61,0.7539,0.5528,0.205301,23,19,43,289.28,0.4829,0.1041,0.008223,4.385
6296,520,454,974,228,48,30,30.20,0.9590,0.5330,0.187045,27,5,21,339.09,0.6343,0.0696,0.003957,4.393
6339,520,438,958,226,12,174,342.37,0.9819,0.5528,0.194903,15,4,66,278.44,0.9572,0.0923,0.005817,4.388
6349,520,293,813,251,99,213,338.70,0.9689,0.6845,0.342399,0,58,95,244.73,1.0000,0.2376,0.038521,4.433
6364,520,444,964,240,7,59,21.25,0.9953,0.5416,0.189963,27,8,26,329.30,0.5610,0.0776,0.004813,4.378
6371,520,394,914,254,35,91,15.16,0.9932,0.5865,0.230320,0,33,65,251.13,1.0000,0.1420,0.014693,4.333
6373,520,444,964,241,6,14,28.54,0.9974,0.5395,0.188661,30,11,19,354.51,0.4506,0.0839,0.005624,4.291
6374,520,367,887,250,20,193,342.36,0.9871,0.6105,0.246779,9,39,79,257.10,0.8073,0.1737,0.020735,4.196
6375,520,375,895,244,74,83,22.17,0.9231,0.5970,0.247584,6,36,77,257.51,0.8557,0.1628,0.018362,4.353
6376,520,423,943,243,49,29,30.32,0.9708,0.5644,0.213434,32,15,50,303.59,0.6383,0.1117,0.008790,4.481
6393,520,379,899,238,48,199,338.36,0.9406,0.6050,0.244174,37,20,86,287.92,0.7975,0.1589,0.015655,4.481
6396,520,446,966,182,75,207,319.54,0.7905,0.5432,0.194834,27,8,26,329.30,0.5610,0.0776,0.004813,4.467
6404,520,74,594,252,232,98,100.84,0.9560,0.9099,0.792917,14,121,16,142.80,0.9925,0.4226,0.138049,4.482
6407,520,465,985,223,21,101,6.81,0.9587,0.5189,0.171666,0,14,5,157.28,1.0000,0.0549,0.003250,4.163
6427,520,283,803,253,77,255,327.50,1.0000,0.6869,0.334132,50,62,49,142.94,0.2277,0.2510,0.043451,4.111
6445,520,378,898,248,44,143,357.96,0.9429,0.5950,0.237444,48,7,92,297.82,0.9177,0.1637,0.015531,4.386
6455,520,444,964,237,10,81,14.99,0.9905,0.5399,0.188189,28,13,5,50.75,0.5393,0.0808,0.005457,4.295
6494,520,471,991,167,34,251,306.23,0.9805,0.5178,0.163253,10,6,1,84.50,0.6673,0.0433,0.001970,4.103
6505,520,350,870,247,0,248,328.14,1.0000,0.6346,0.265544,29,42,77,266.94,0.5307,0.1909,0.024529,4.234
6522,520,339,859,219,100,211,330.11,0.7984,0.6355,0.288794,8,45,86,254.41,0.8309,0.1956,0.026001,4.458
6534,520,468,988,175,28,246,309.86,0.9732,0.5219,0.165992,7,1,23,294.69,0.8740,0.0376,0.001287,4.211
6536,520,382,902,217,42,249,320.50,0.9753,0.5979,0.232491,68,2,58,335.88,0.8995,0.1630,0.015780,4.294
6540,520,357,877,233,59,228,329.34,0.9438,0.6216,0.260554,9,48,39,174.19,0.8120,0.1766,0.023184,4.243
6543,520,397,917,234,72,82,21.54,0.8720,0.5757,0.227393,19,13,92,273.93,0.9484,0.1392,0.011989,4.475
6554,520,403,923,200,50,248,315.95,0.9655,0.5756,0.213393,30,28,43,290.13,0.2789,0.1327,0.012809,4.194
6558,520,418,938,242,2,125,1.25,0.9977,0.5609,0.204046,0,34,17,157.52,1.0000,0.1191,0.011845,4.108
6569,520,460,980,214,10,167,341.60,0.9776,0.5255,0.173056,12,2,44,285.53,0.9308,0.0623,0.003034,4.206
6612,520,422,942,213,30,216,327.48,0.9616,0.5611,0.200346,10,6,77,271.39,0.9742,0.1054,0.007306,4.369
6614,520,373,893,239,90,2,41.75,0.9974,0.6007,0.256705,15,43,28,157.77,0.6749,0.1589,0.019131,4.437
6615,520,397,917,196,96,183,332.45,0.6665,0.5802,0.235218,43,25,43,326.77,0.3884,0.1418,0.013833,4.468
6621,520,367,887,254,61,124,6.97,0.9889,0.6130,0.258671,48,37,30,54.11,0.2139,0.1721,0.020453,4.381
6641,520,322,842,203,138,124,32.64,0.4444,0.6457,0.323301,11,60,4,141.23,0.9887,0.2112,0.033115,4.491
6653,520,434,954,225,27,154,348.72,0.9419,0.5458,0.191272,31,12,37,317.53,0.5776,0.0962,0.006878,4.242
6658,520,460,980,236,0,34,25.90,1.0000,0.5286,0.179516,10,12,13,229.14,0.0697,0.0607,0.003565,4.285
6677,520,409,929,226,28,191,337.53,0.9589,0.5676,0.207634,20,35,8,133.28,0.7881,0.1317,0.013683,4.046
6691,520,438,958,209,26,206,329.07,0.9591,0.5455,0.187523,0,21,36,240.07,1.0000,0.0875,0.006637,4.194
6692,520,300,820,238,104,208,337.03,0.8740,0.6684,0.326343,71,47,31,54.28,0.4117,0.2301,0.034717,4.442
6695,520,471,991,181,0,240,313.35,1.0000,0.5174,0.161162,9,2,13,315.79,0.6391,0.0365,0.001306,4.116
6720,520,439,959,229,55,93,13.94,0.8829,0.5509,0.201836,22,18,26,307.47,0.2103,0.0911,0.006778,4.435
6730,520,454,974,141,84,238,295.96,0.8680,0.5251,0.181765,29,6,12,5.44,0.5963,0.0712,0.004180,4.278
6732,520,460,980,234,24,9,29.75,0.9920,0.5296,0.181686,6,14,19,234.83,0.3469,0.0646,0.003998,4.291
6749,520,469,989,177,69,194,321.98,0.7728,0.5192,0.174995,15,0,8,344.38,1.0000,0.0358,0.001191,4.395
6751,520,349,869,246,58,203,339.27,0.9460,0.6286,0.269337,71,24,46,353.80,0.6041,0.1877,0.021903,4.441
6774,520,443,963,240,5,68,18.87,0.9962,0.5427,0.190545,6,18,27,241.40,0.4854,0.0784,0.005504,4.334
6782,520,451,971,220,17,169,342.52,0.9670,0.5400,0.184836,10,14,25,268.41,0.3452,0.0705,0.004488,4.310
6790,520,469,989,130,93,223,292.66,0.7743,0.5156,0.179022,8,2,16,305.97,0.6892,0.0369,0.001325,4.462
6803,520,381,901,229,34,235,326.82,0.9768,0.6036,0.238026,12,21,100,268.26,0.9497,0.1571,0.015345,4.408
6815,520,425,945,186,65,236,313.88,0.9011,0.5584,0.202769,14,9,79,273.36,0.9546,0.1144,0.008532,4.318
6819,520,459,979,224,22,127,357.66,0.9516,0.5302,0.179561,5,13,2,135.02,0.8016,0.0557,0.003245,4.311
6830,520,308,828,230,97,250,322.24,0.9723,0.6706,0.322765,14,62,40,159.27,0.8764,0.2255,0.036917,4.289
6833,520,480,1000,221,41,3,32.13,0.9961,0.5117,0.169674,0,0,0,0.00,0.0000,0.0000,0.000000,4.393
6838,520,360,880,226,65,232,326.45,0.9315,0.6178,0.257777,38,23,99,283.91,0.8297,0.1786,0.019257,4.444
6846,520,460,980,219,3,163,344.01,0.9936,0.5315,0.177720,21,8,16,342.91,0.4012,0.0650,0.003705,4.240
6848,520,462,982,225,42,75,17.99,0.9252,0.5282,0.181743,1,7,24,258.88,0.8270,0.0471,0.002243,4.436
6859,520,469,989,231,18,29,27.28,0.9886,0.5219,0.175133,16,0,16,328.36,1.0000,0.0408,0.001476,4.374
6866,520,400,920,225,61,182,340.63,0.8652,0.5831,0.227249,8,13,95,267.82,0.9734,0.1369,0.011656,4.497
6913,520,339,859,245,35,241,329.18,0.9848,0.6356,0.269682,81,13,66,338.76,0.7808,0.2038,0.024308,4.302
6917,520,440,960,186,83,186,327.53,0.7095,0.5470,0.201721,37,1,45,319.81,0.9201,0.0941,0.006045,4.491
6924,520,438,958,221,46,149,350.31,0.8719,0.5472,0.194986,38,7,26,346.05,0.6659,0.0932,0.006387,4.345
6932,520,50,570,254,244,1,106.67,0.9999,0.9353,0.857754,33,125,46,145.26,0.9631,0.4429,0.151872,4.497
6948,520,362,882,237,13,240,327.65,0.9952,0.6139,0.245863,23,40,76,263.53,0.5999,0.1807,0.022215,4.097
6965,520,382,902,231,69,188,340.49,0.8680,0.6044,0.248786,50,32,32,19.09,0.2658,0.1630,0.018155,4.384
6970,520,479,999,177,65,184,325.36,0.7656,0.5076,0.165896,2,0,3,318.71,1.0000,0.0147,0.000195,4.301
6996,520,138,658,247,201,119,80.80,0.8036,0.8361,0.628810,47,99,84,172.38,0.5642,0.3745,0.101678,4.475
6997,520,475,995,211,42,128,355.62,0.8566,0.5161,0.170656,1,6,2,150.91,0.8132,0.0344,0.001411,4.292
7000,520,460,980,234,4,49,23.10,0.9972,0.5267,0.178042,16,6,17,323.86,0.4502,0.0553,0.002809,4.318
7003,520,395,915,232,6,216,332.22,0.9960,0.5877,0.222465,42,9,78,299.04,0.8640,0.1424,0.012377,4.368
7004,520,386,906,248,66,46,30.26,0.9672,0.5910,0.240536,38,31,50,300.79,0.3220,0.1530,0.016223,4.387
7016,520,468,988,188,18,223,319.06,0.9768,0.5189,0.164531,2,9,1,139.37,0.9226,0.0430,0.002105,4.117
7021,520,418,938,170,93,217,310.70,0.7516,0.5592,0.213852,3,27,52,251.52,0.8196,0.1167,0.010511,4.360
7032,520,421,941,190,75,212,320.86,0.8144,0.5586,0.207341,28,22,27,331.66,0.1553,0.1078,0.008998,4.362
7039,520,5,525,251,253,237,112.56,0.9191,0.9863,0.968742,32,135,17,141.54,0.9895,0.4726,0.176748,4.493
7045,520,394,914,226,30,230,327.30,0.9774,0.5932,0.228128,16,17,91,271.57,0.9379,0.1417,0.012663,4.438
7057,520,434,954,201,52,203,327.48,0.8777,0.5461,0.191870,12,13,60,274.04,0.8611,0.0974,0.006922,4.249
7074,520,416,936,246,16,133,359.66,0.9836,0.5749,0.216603,37,18,49,310.66,0.5732,0.1230,0.010477,4.408
7083,520,24,544,241,249,227,123.28,0.6664,0.9653,0.919981,60,129,6,136.47,0.9935,0.4633,0.166738,4.475
7092,520,450,970,238,22,13,29.33,0.9894,0.5375,0.187833,11,13,18,267.98,0.1708,0.0657,0.004027,4.402
7100,520,451,971,213,13,198,332.29,0.9812,0.5430,0.185133,0,12,45,260.46,1.0000,0.0730,0.004524,4.312
7103,520,275,795,254,126,125,22.06,0.9776,0.6972,0.374763,21,70,20,142.91,0.9488,0.2512,0.045901,4.429
7114,520,390,910,231,11,217,331.74,0.9927,0.5875,0.222406,22,37,34,180.59,0.2951,0.1464,0.016092,4.122
7123,520,443,963,210,66,136,354.51,0.7696,0.5402,0.193778,4,15,36,260.00,0.7045,0.0752,0.004948,4.437
7127,520,456,976,151,84,231,301.08,0.8317,0.5312,0.186898,9,12,5,125.24,0.3563,0.0575,0.003320,4.443
7136,520,446,966,201,42,201,328.15,0.9040,0.5370,0.182922,3,21,5,146.52,0.9258,0.0769,0.005666,4.184
7139,520,395,915,239,14,199,338.26,0.9894,0.5917,0.227912,42,30,23,51.59,0.2611,0.1440,0.014827,4.287
7140,520,239,759,249,136,208,342.65,0.9214,0.7342,0.423046,66,69,31,112.85,0.5550,0.2833,0.055134,4.499
7149,520,436,956,233,17,145,353.19,0.9733,0.5538,0.197718,30,11,26,335.53,0.4938,0.0869,0.005900,4.431
7150,520,389,909,255,35,93,14.67,1.0000,0.5890,0.232561,6,37,60,245.09,0.7690,0.1521,0.016880,4.225
7179,520,319,839,252,33,252,328.28,0.9918,0.6540,0.288144,53,52,35,105.05,0.2807,0.2207,0.033342,4.057
7181,520,391,911,217,5,252,320.27,0.9979,0.5872,0.218905,8,42,35,176.53,0.7746,0.1550,0.018288,3.938
7196,520,421,941,193,72,215,321.13,0.8355,0.5616,0.208798,52,7,1,34.09,0.9612,0.1129,0.008843,4.398
7198,520,473,993,219,38,92,10.79,0.9087,0.5172,0.172216,10,1,3,1.86,0.6774,0.0303,0.000928,4.363
7201,520,474,994,169,33,251,306.87,0.9807,0.5202,0.164885,14,0,9,339.67,1.0000,0.0349,0.001131,4.203
7206,520,398,918,240,67,76,22.77,0.9126,0.5805,0.230645,35,28,38,315.70,0.2119,0.1358,0.013278,4.435
7211,520,470,990,222,6,127,356.79,0.9868,0.5216,0.171948,6,4,4,18.05,0.1290,0.0351,0.001343,4.323
7213,520,355,875,243,23,225,332.53,0.9884,0.6172,0.251066,44,34,71,294.19,0.5001,0.1808,0.021345,4.220
7216,520,358,878,242,0,238,329.27,1.0000,0.6190,0.250531,36,44,38,152.90,0.1563,0.1807,0.023163,4.108
7239,520,257,777,252,141,76,48.97,0.9535,0.7119,0.402699,1,74,62,177.07,0.9915,0.2701,0.052516,4.416
7243,520,477,997,200,31,170,337.22,0.8986,0.5087,0.161635,1,2,1,144.61,0.3698,0.0208,0.000521,4.189
7276,520,314,834,252,54,245,329.77,0.9894,0.6606,0.299293,98,3,32,12.79,0.9589,0.2181,0.027665,4.497
7279,520,308,828,221,131,169,353.71,0.5967,0.6706,0.344711,41,59,49,159.97,0.2800,0.2342,0.038210,4.475
7292,520,362,882,226,65,216,330.69,0.9086,0.6077,0.249095,20,33,99,268.90,0.8598,0.1832,0.021372,4.191
7293,520,458,978,202,79,86,19.89,0.7175,0.5269,0.188224,31,1,9,5.49,0.8671,0.0639,0.003328,4.467
7298,520,387,907,218,82,166,345.76,0.7579,0.5866,0.236954,65,12,1,35.47,0.9714,0.1465,0.013891,4.491
7310,520,378,898,247,37,165,350.28,0.9553,0.5980,0.238172,17,43,10,139.55,0.9081,0.1561,0.018688,4.195
7313,520,386,906,237,24,192,339.80,0.9754,0.5870,0.224664,37,30,52,298.02,0.3663,0.1507,0.015698,4.181
7319,520,230,750,248,149,153,17.61,0.8201,0.7367,0.437537,62,74,7,120.05,0.9255,0.2914,0.059370,4.458
7338,520,392,912,199,81,224,320.21,0.8447,0.5877,0.234102,54,25,19,32.79,0.5079,0.1499,0.015267,4.353
7376,520,425,945,226,47,144,353.32,0.8799,0.5552,0.202181,18,19,59,276.88,0.7101,0.1123,0.009101,4.267
7393,520,476,996,135,88,223,295.67,0.7869,0.5123,0.174581,3,1,8,299.53,0.6793,0.0239,0.000586,4.440
7395,520,375,895,230,41,220,330.71,0.9597,0.5990,0.235786,4,26,97,264.34,0.9458,0.1593,0.016275,4.312
7396,520,424,944,232,63,94,15.24,0.8698,0.5647,0.215219,25,24,38,287.17,0.2873,0.1148,0.009999,4.420
7398,520,396,916,254,46,29,29.85,0.9960,0.5847,0.231173,7,31,62,256.19,0.7670,0.1372,0.013729,4.412
7432,520,389,909,218,31,242,322.49,0.9787,0.5887,0.222982,2,44,10,146.37,0.9895,0.1529,0.018361,3.993
7458,520,409,929,254,4,5,29.08,0.9987,0.5669,0.211725,58,13,5,33.22,0.8601,0.1339,0.011985,4.222
7466,520,452,972,211,53,147,349.05,0.8218,0.5334,0.185039,1,17,11,169.51,0.9081,0.0656,0.004315,4.327
7471,520,392,912,235,78,87,21.24,0.8637,0.5857,0.238020,55,11,65,319.44,0.7784,0.1529,0.014333,4.477
7478,520,366,886,234,49,223,330.90,0.9543,0.6128,0.250193,64,27,23,27.82,0.5566,0.1723,0.019359,4.328
7482,520,436,956,208,1,229,323.18,0.9992,0.5535,0.190906,7,14,54,269.26,0.8598,0.0901,0.006256,4.282
7494,520,409,929,181,93,207,318.00,0.7230,0.5676,0.221584,50,19,15,29.08,0.5791,0.1302,0.011784,4.396
7499,520,452,972,203,34,191,331.61,0.9168,0.5288,0.176040,30,1,32,325.61,0.8704,0.0731,0.004021,4.184
7504,520,328,848,250,103,118,16.88,0.9231,0.6530,0.313357,29,58,6,134.77,0.9600,0.2130,0.033004,4.378
7527,520,447,967,214,27,176,338.98,0.9375,0.5363,0.182169,24,10,22,332.24,0.4281,0.0751,0.004692,4.245
7552,520,440,960,214,59,148,349.87,0.8097,0.5450,0.195644,24,15,36,302.33,0.4768,0.0922,0.006632,4.338
7562,520,442,962,236,34,13,30.30,0.9884,0.5389,0.190092,35,5,7,19.56,0.7443,0.0781,0.004813,4.380
7563,520,397,917,253,31,67,21.36,0.9897,0.5780,0.222716,4,38,42,206.34,0.8275,0.1435,0.015791,4.145
7566,520,399,919,231,63,148,354.22,0.8473,0.5801,0.226848,8,22,83,266.68,0.9236,0.1370,0.012499,4.430
7568,520,453,973,231,24,80,15.30,0.9686,0.5314,0.182244,17,0,53,288.17,1.0000,0.0727,0.003762,4.320
7578,520,400,920,237,62,106,11.21,0.8777,0.5763,0.224934,28,31,44,274.30,0.2472,0.1391,0.014087,4.290
7579,520,395,915,229,1,223,329.80,0.9994,0.5860,0.220099,22,19,82,276.44,0.8624,0.1387,0.012455,4.325
7580,520,426,946,196,87,169,338.03,0.6760,0.5592,0.214183,1,23,61,258.90,0.9598,0.1129,0.009561,4.435
7595,520,459,979,168,49,253,305.47,0.9880,0.5317,0.176140,22,5,24,323.55,0.6287,0.0641,0.003451,4.231
7623,520,415,935,232,61,122,4.19,0.8557,0.5706,0.219013,32,22,34,320.70,0.2899,0.1158,0.009964,4.486
7630,520,450,970,235,2,87,12.62,0.9978,0.5353,0.183969,21,2,41,301.86,0.8849,0.0691,0.003630,4.363
7638,520,471,991,224,45,14,31.78,0.9828,0.5214,0.177586,6,0,33,283.77,1.0000,0.0421,0.001485,4.420
7658,520,440,960,179,57,246,309.90,0.9488,0.5483,0.191647,16,20,32,269.78,0.3086,0.0932,0.007147,4.228
7669,520,386,906,207,90,184,335.76,0.7249,0.5884,0.240402,1,39,42,202.73,0.9570,0.1454,0.016246,4.384
7675,520,448,968,233,47,30,30.00,0.9630,0.5424,0.194535,5,21,3,140.44,0.9222,0.0778,0.005752,4.386
7711,520,446,966,240,29,5,30.34,0.9959,0.5445,0.194183,38,0,16,358.35,1.0000,0.0774,0.004496,4.481
7719,520,476,996,222,27,2,30.60,0.9977,0.5050,0.163207,0,2,8,253.83,0.9999,0.0231,0.000609,4.213
7720,520,338,858,251,36,228,333.61,0.9830,0.6382,0.273755,85,0,66,340.53,1.0000,0.2017,0.023250,4.420
7726,520,458,978,204,80,72,26.71,0.7545,0.5290,0.190446,21,9,9,19.76,0.3411,0.0646,0.003745,4.474
7733,520,477,997,209,60,7,36.03,0.9855,0.5053,0.168047,0,1,2,233.51,1.0000,0.0151,0.000261,4.338
7739,520,253,773,215,147,229,320.59,0.7305,0.7191,0.409728,34,74,38,145.92,0.7638,0.2741,0.053774,4.430
7743,520,383,903,227,74,183,341.33,0.8359,0.6003,0.246498,22,36,48,245.22,0.3499,0.1501,0.016457,4.462
7760,520,465,985,104,98,247,279.21,0.9334,0.5205,0.183933,7,7,27,279.54,0.6138,0.0545,0.002763,4.434
7773,520,422,942,214,28,213,328.53,0.9637,0.5599,0.199328,13,27,32,222.72,0.3651,0.1098,0.009737,4.174
7781,520,406,926,217,64,194,334.71,0.8558,0.5787,0.223157,9,35,36,198.73,0.6162,0.1335,0.013875,4.276
7792,520,322,842,188,118,254,305.62,0.9807,0.6483,0.308046,28,57,11,136.21,0.9263,0.2096,0.031972,4.368
7801,520,358,878,231,41,247,324.46,0.9768,0.6189,0.252925,59,36,6,69.04,0.7879,0.1808,0.022048,4.204
7828,520,300,820,239,83,249,325.33,0.9754,0.6671,0.313792,81,42,10,55.30,0.7794,0.2312,0.034274,4.317
7834,520,461,981,213,22,163,342.77,0.9435,0.5251,0.173666,9,7,15,296.51,0.3056,0.0497,0.002445,4.265
7857,520,323,843,233,70,251,323.57,0.9831,0.6461,0.286712,39,52,54,207.86,0.1774,0.2134,0.031536,4.130
7867,520,411,931,247,34,78,18.22,0.9683,0.5690,0.214718,7,26,62,261.44,0.8052,0.1243,0.011317,4.317
7884,520,429,949,218,58,154,348.51,0.8272,0.5541,0.202670,19,3,71,280.92,0.9671,0.1003,0.006585,4.465
7887,520,319,839,244,69,226,332.59,0.9496,0.6473,0.289831,41,55,56,201.71,0.1819,0.2249,0.034893,4.003
7889,520,429,949,200,13,240,318.47,0.9907,0.5511,0.188600,17,8,69,278.35,0.9211,0.1033,0.007225,4.170
7894,520,457,977,162,69,240,304.81,0.9054,0.5323,0.182294,7,10,16,262.10,0.2464,0.0550,0.002997,4.383
7895,520,460,980,125,87,253,287.53,0.9799,0.5257,0.182680,14,9,6,57.05,0.2278,0.0557,0.003019,4.389
7902,520,430,950,224,76,29,36.63,0.9419,0.5549,0.211076,7,25,37,240.03,0.5814,0.1033,0.008740,4.445
7908,520,302,822,213,122,222,323.81,0.7610,0.6676,0.333406,59,53,30,95.24,0.4015,0.2294,0.035698,4.474
7909,520,396,916,202,81,203,327.36,0.7915,0.5789,0.227548,12,38,12,143.55,0.8867,0.1371,0.014909,4.276
7910,520,417,937,208,85,156,347.50,0.7011,0.5695,0.223091,21,29,17,135.48,0.3528,0.1161,0.010786,4.493
7933,520,432,952,225,58,106,8.89,0.8505,0.5494,0.200770,28,0,68,292.56,1.0000,0.1021,0.006642,4.427
7937,520,442,962,193,14,245,315.47,0.9903,0.5441,0.182455,13,16,24,268.60,0.2410,0.0769,0.005221,4.210
7942,520,458,978,201,15,215,324.67,0.9808,0.5339,0.176672,18,12,0,90.66,1.0000,0.0646,0.003916,4.204
7943,520,445,965,212,64,125,359.47,0.7814,0.5373,0.191468,35,3,17,356.43,0.7648,0.0775,0.004630,4.420
7954,520,386,906,247,47,119,6.21,0.9376,0.5870,0.231425,55,3,73,314.78,0.9168,0.1514,0.013585,4.426
7963,520,418,938,223,6,203,333.42,0.9936,0.5630,0.201324,49,18,6,41.52,0.7246,0.1249,0.010988,4.121
7981,520,381,901,239,48,188,341.80,0.9335,0.6009,0.240984,14,23,96,268.95,0.9296,0.1567,0.015506,4.442
7988,520,374,894,249,7,183,344.82,0.9952,0.6006,0.237139,66,17,1,39.16,0.9635,0.1553,0.015615,4.376
7993,520,450,970,241,2,13,28.48,0.9991,0.5386,0.187767,29,2,17,348.40,0.7723,0.0653,0.003451,4.448
8004,520,373,893,230,64,198,336.95,0.8917,0.6031,0.245695,6,27,92,264.66,0.9291,0.1564,0.015952,4.484
8008,520,450,970,236,31,2,30.75,0.9982,0.5370,0.188205,29,8,12,9.61,0.5246,0.0748,0.004615,4.362
8029,520,460,980,188,35,230,317.07,0.9513,0.5323,0.176079,24,3,7,8.21,0.6860,0.0558,0.002747,4.286
8048,520,429,949,215,82,33,38.73,0.9087,0.5468,0.205938,25,21,31,302.91,0.2326,0.1038,0.008419,4.381
8097,520,480,1000,194,18,200,326.65,0.9641,0.5116,0.160737,0,0,0,0.00,0.0000,0.0000,0.000000,4.215
8107,520,271,791,248,103,234,331.55,0.9653,0.6958,0.356001,36,58,108,264.41,0.6123,0.2617,0.044837,4.281
8119,520,319,839,213,132,120,29.02,0.5483,0.6460,0.320065,33,56,63,219.11,0.3460,0.2250,0.035105,4.348
8123,520,455,975,199,82,82,22.82,0.7012,0.5251,0.187878,24,6,11,2.86,0.5187,0.0633,0.003486,4.447
8133,520,331,851,251,81,172,351.47,0.9522,0.6444,0.293758,3,52,61,213.71,0.9204,0.1978,0.028121,4.400
8139,520,408,928,255,17,44,25.45,1.0000,0.5741,0.218466,20,17,78,276.24,0.8711,0.1293,0.010996,4.401
8151,520,436,956,244,29,26,28.58,0.9835,0.5539,0.201899,14,15,48,277.11,0.6843,0.0914,0.006484,4.460
8173,520,378,898,240,66,141,359.01,0.8726,0.5969,0.243478,0,39,60,238.00,1.0000,0.1556,0.017772,4.330
8178,520,379,899,210,95,181,338.18,0.7072,0.5989,0.252241,39,36,30,84.58,0.1271,0.1582,0.017868,4.453
8179,520,408,928,206,37,239,319.96,0.9645,0.5696,0.206786,31,17,71,288.84,0.7654,0.1323,0.011471,4.177
8188,520,428,948,224,58,135,357.19,0.8375,0.5572,0.206253,29,16,41,306.45,0.5232,0.1033,0.007919,4.424
8189,520,422,942,166,106,182,318.98,0.5431,0.5552,0.217931,9,26,41,247.24,0.5550,0.1096,0.009569,4.498
8191,520,359,879,246,42,209,337.38,0.9658,0.6212,0.258552,45,41,38,59.35,0.0750,0.1817,0.022837,4.236
8196,520,34,554,255,244,189,98.08,1.0000,0.9564,0.896362,32,128,56,147.57,0.9587,0.4539,0.160303,4.500
8230,520,418,938,219,34,196,334.41,0.9417,0.5607,0.201919,38,5,63,304.99,0.8693,0.1171,0.008795,4.285
8242,520,465,985,186,61,180,329.87,0.7842,0.5151,0.170733,6,7,17,277.38,0.3848,0.0479,0.002311,4.220
8248,520,208,728,250,168,25,73.00,0.9769,0.7588,0.484019,15,87,6,141.69,0.9923,0.3066,0.069308,4.476
8263,520,289,809,254,84,228,334.62,0.9946,0.6796,0.330159,5,66,55,176.49,0.9460,0.2416,0.042043,4.130
8266,520,432,952,244,16,39,25.91,0.9918,0.5500,0.197537,19,7,62,283.15,0.8894,0.0958,0.006382,4.390
8267,520,343,863,244,90,129,8.28,0.8660,0.6277,0.281334,48,45,33,95.69,0.2173,0.1946,0.026150,4.351
8269,520,428,948,237,10,136,356.84,0.9866,0.5565,0.200023,21,22,29,278.68,0.1662,0.1012,0.008220,4.294
8285,520,477,997,211,15,155,344.79,0.9595,0.5146,0.165594,3,2,2,18.05,0.1289,0.0243,0.000672,4.255
8317,520,467,987,223,46,18,31.56,0.9765,0.5203,0.176884,3,0,34,274.79,1.0000,0.0399,0.001348,4.419
8340,520,420,940,241,26,95,11.80,0.9695,0.5565,0.202691,51,3,16,10.21,0.8632,0.1085,0.008065,4.352
8345,520,436,956,231,11,140,354.31,0.9822,0.5462,0.191246,25,15,23,333.71,0.2841,0.0865,0.006102,4.300
8365,520,475,995,221,46,44,27.18,0.9393,0.5183,0.175107,9,3,1,51.64,0.5771,0.0343,0.001254,4.392
8372,520,434,954,243,3,41,25.06,0.9984,0.5450,0.192834,40,0,42,326.28,1.0000,0.0955,0.006183,4.322
8395,520,444,964,224,68,23,35.34,0.9605,0.5446,0.200461,8,17,37,264.08,0.5738,0.0833,0.005861,4.484
8397,520,448,968,183,55,229,315.11,0.9028,0.5386,0.184579,3,4,63,267.57,0.9826,0.0802,0.004650,4.292
8414,520,331,851,241,95,159,355.98,0.8344,0.6394,0.293912,10,53,46,179.67,0.8126,0.1962,0.028079,4.405
8416,520,439,959,205,28,222,323.88,0.9651,0.5507,0.190854,29,17,18,13.60,0.2584,0.0941,0.007058,4.221
8427,520,319,839,233,85,227,329.45,0.9048,0.6466,0.293690,45,37,106,282.89,0.7147,0.2180,0.029216,4.339
8433,520,434,954,198,67,200,327.24,0.8214,0.5539,0.201918,6,16,58,267.18,0.8799,0.0974,0.007147,4.408
8444,520,36,556,255,237,248,340.27,1.0000,0.9575,0.886062,3,129,67,152.85,0.9966,0.4544,0.161244,4.431
8449,520,474,994,209,56,120,359.87,0.8022,0.5214,0.177419,6,0,16,304.05,1.0000,0.0289,0.000761,4.480
8463,520,440,960,201,27,228,321.35,0.9693,0.5480,0.188045,4,24,6,145.99,0.9194,0.0868,0.006922,4.182
8474,520,382,902,225,9,255,321.55,1.0000,0.6036,0.234251,73,2,42,353.29,0.9091,0.1645,0.016273,4.289
8476,520,408,928,201,100,134,0.28,0.5831,0.5729,0.232548,5,33,50,239.40,0.7566,0.1333,0.013502,4.449
8496,520,431,951,232,58,32,31.52,0.9550,0.5502,0.202892,10,13,64,271.72,0.9009,0.1003,0.007225,4.419
8529,520,349,869,214,98,211,328.48,0.7894,0.6251,0.277364,6,54,12,144.74,0.9803,0.1895,0.027035,4.250
8540,520,389,909,223,53,207,332.41,0.9156,0.5869,0.227415,7,28,85,264.27,0.9050,0.1513,0.015315,4.247
8543,520,320,840,209,109,231,320.14,0.8321,0.6461,0.302635,44,48,51,240.09,0.0679,0.2052,0.028884,4.470
8544,520,437,957,244,8,3,29.32,0.9978,0.5461,0.194169,27,20,2,90.21,0.8032,0.0946,0.007377,4.255
8564,520,417,937,254,9,55,23.04,0.9960,0.5714,0.215459,28,24,44,292.18,0.3805,0.1214,0.010820,4.365
8595,520,347,867,193,112,230,314.21,0.7867,0.6290,0.286399,37,46,50,226.55,0.1432,0.1924,0.025776,4.439
8618,520,382,902,225,18,250,322.57,0.9926,0.6018,0.233445,54,28,44,343.19,0.4120,0.1650,0.017967,4.170
8635,520,385,905,239,14,200,337.99,0.9896,0.5923,0.228378,58,13,41,346.10,0.6907,0.1450,0.013476,4.386
8640,520,414,934,251,28,38,26.94,0.9854,0.5691,0.214834,47,19,9,40.01,0.6318,0.1238,0.010899,4.349
8657,520,384,904,250,13,164,350.63,0.9899,0.5946,0.232956,33,34,29,116.26,0.1019,0.1457,0.015561,4.316
8666,520,370,890,245,69,133,3.29,0.9022,0.6064,0.253654,56,28,39,355.69,0.4118,0.1659,0.018178,4.454
8692,520,467,987,192,53,181,331.48,0.8215,0.5176,0.170905,3,5,21,271.19,0.6635,0.0424,0.001820,4.263
8694,520,426,946,237,49,88,15.74,0.9217,0.5605,0.209089,34,23,17,49.82,0.2761,0.1143,0.009934,4.323
8712,520,171,691,229,179,221,331.81,0.6180,0.7959,0.541198,13,91,90,193.51,0.8984,0.3396,0.083055,4.443
8716,520,448,968,194,34,228,319.29,0.9538,0.5398,0.182163,29,12,1,59.12,0.8303,0.0793,0.005264,4.201
8717,520,13,533,245,253,224,119.66,0.9117,0.9772,0.950448,19,128,133,199.89,0.9102,0.4749,0.172694,4.492
8734,520,463,983,227,44,56,24.08,0.9407,0.5305,0.184207,11,5,29,291.62,0.6921,0.0549,0.002684,4.446
8740,520,412,932,236,9,168,346.42,0.9893,0.5684,0.208584,23,1,85,280.26,0.9927,0.1190,0.008597,4.413
8741,520,440,960,213,22,210,329.07,0.9718,0.5537,0.193752,8,6,68,271.33,0.9665,0.0929,0.005992,4.353
8747,520,404,924,232,22,204,335.34,0.9792,0.5840,0.220919,55,4,43,339.70,0.8118,0.1298,0.010736,4.461
8748,520,436,956,207,68,161,343.57,0.7716,0.5483,0.199748,5,21,28,227.81,0.5745,0.0862,0.006524,4.418
8755,520,454,974,236,10,45,24.26,0.9937,0.5319,0.182427,35,0,10,5.65,1.0000,0.0697,0.003793,4.321
8771,520,406,926,241,36,144,355.83,0.9434,0.5771,0.219793,62,6,1,31.98,0.9767,0.1330,0.011568,4.382
8788,520,365,885,255,50,138,1.31,1.0000,0.6107,0.253798,46,25,76,299.25,0.6658,0.1688,0.017979,4.469
8792,520,341,861,237,103,104,22.11,0.8182,0.6278,0.287073,51,47,24,99.63,0.4427,0.2016,0.028028,4.320
8811,520,459,979,207,53,162,342.41,0.8236,0.5333,0.184223,2,0,50,268.00,1.0000,0.0562,0.002432,4.467
8818,520,469,989,118,91,243,285.64,0.8993,0.5166,0.178045,6,3,13,299.87,0.5296,0.0360,0.001329,4.443
8824,520,410,930,241,29,136,358.20,0.9578,0.5706,0.213603,57,3,42,342.30,0.8366,0.1320,0.011023,4.320
8833,520,407,927,250,40,55,24.77,0.9775,0.5750,0.221210,17,34,12,138.92,0.7069,0.1271,0.012897,4.312
8834,520,425,945,232,60,85,17.94,0.8869,0.5597,0.210463,25,25,17,107.63,0.2127,0.1086,0.009424,4.383
8835,520,447,967,215,76,18,38.98,0.9589,0.5374,0.196620,29,12,4,48.80,0.6056,0.0800,0.005330,4.457
8836,520,476,996,220,4,117,359.89,0.9908,0.5132,0.165895,4,0,5,323.04,1.0000,0.0198,0.000368,4.286
8847,520,261,781,219,141,228,323.19,0.7590,0.7122,0.397126,36,68,84,231.67,0.4574,0.2738,0.051492,4.406
8848,520,372,892,254,73,50,30.74,0.9944,0.6103,0.260698,9,43,62,237.75,0.7328,0.1724,0.021335,4.355
8885,520,304,824,255,110,88,30.77,1.0000,0.6657,0.331198,72,48,20,68.12,0.6077,0.2320,0.035423,4.462
8953,520,394,914,252,50,71,22.13,0.9826,0.5881,0.234352,28,27,57,282.82,0.4982,0.1373,0.013261,4.495
8957,520,419,939,228,21,170,344.16,0.9657,0.5571,0.199353,20,23,48,276.34,0.4931,0.1140,0.009749,4.173
8979,520,380,900,233,64,185,341.78,0.8818,0.6015,0.244959,38,37,25,103.77,0.2511,0.1583,0.018054,4.334
8993,520,430,950,245,15,62,21.14,0.9906,0.5546,0.201054,35,16,0,63.43,1.0000,0.0962,0.007280,4.383
8995,520,369,889,242,50,194,340.77,0.9393,0.6108,0.250564,56,32,16,53.29,0.5405,0.1680,0.019113,4.349
9011,520,135,655,251,185,226,341.47,0.9270,0.8351,0.606998,6,106,4,142.43,0.9969,0.3702,0.103551,4.279
9031,520,320,840,255,8,250,329.43,1.0000,0.6512,0.283390,66,41,17,62.49,0.6072,0.2052,0.027847,4.283
9034,520,435,955,242,11,79,16.16,0.9912,0.5502,0.196845,34,11,30,334.33,0.5553,0.0949,0.006732,4.351
9037,520,289,809,243,96,235,329.90,0.9462,0.6799,0.334211,8,41,142,264.34,0.9495,0.2440,0.035902,4.473
9039,520,307,827,246,110,174,353.12,0.8637,0.6746,0.338035,19,60,68,212.78,0.6541,0.2322,0.037874,4.416
9056,520,377,897,232,83,125,6.65,0.7976,0.5964,0.248257,24,41,16,136.47,0.6602,0.1551,0.018174,4.375
9089,520,476,996,219,49,1,33.61,0.9985,0.5140,0.172616,6,0,4,338.03,1.0000,0.0222,0.000475,4.410
9099,520,422,942,185,72,231,314.35,0.8715,0.5610,0.207196,13,6,81,272.75,0.9736,0.1124,0.008098,4.427
9125,520,458,978,200,20,207,326.42,0.9673,0.5279,0.172864,6,14,18,228.87,0.3318,0.0642,0.003965,4.130
9129,520,344,864,184,111,253,305.29,0.9663,0.6310,0.286517,6,47,77,245.95,0.8267,0.1937,0.026074,4.424
9146,520,399,919,202,82,208,325.78,0.8017,0.5833,0.231468,29,36,15,124.24,0.5138,0.1437,0.015574,4.292
9154,520,474,994,184,65,183,328.14,0.7724,0.5183,0.173912,7,2,6,332.91,0.4724,0.0312,0.001017,4.389
9157,520,351,871,243,97,125,11.51,0.8486,0.6344,0.290877,32,50,12,131.01,0.8198,0.1896,0.026148,4.477
9159,520,375,895,233,21,226,329.98,0.9873,0.5995,0.233535,26,5,112,275.54,0.9860,0.1625,0.014979,4.363
9170,520,408,928,178,95,210,315.71,0.7227,0.5686,0.223034,0,37,4,144.96,1.0000,0.1268,0.013318,4.312
9171,520,434,954,241,23,62,21.29,0.9819,0.5487,0.196647,21,23,26,258.37,0.0838,0.1024,0.008468,4.219
9181,520,316,836,251,111,69,37.24,0.9591,0.6577,0.323110,11,52,94,252.87,0.8095,0.2226,0.033351,4.476
9182,520,449,969,209,28,196,331.80,0.9459,0.5397,0.183734,28,5,11,5.16,0.6254,0.0674,0.003796,4.345
9190,520,463,983,228,41,62,22.09,0.9432,0.5313,0.184306,6,11,11,196.19,0.2008,0.0545,0.003022,4.419
9191,520,464,984,176,94,113,6.20,0.4980,0.5161,0.184290,0,12,14,205.29,1.0000,0.0527,0.002946,4.425
9195,520,468,988,228,3,84,12.71,0.9960,0.5199,0.172022,17,0,18,326.54,1.0000,0.0432,0.001629,4.300
9197,520,321,841,252,24,254,327.88,0.9972,0.6522,0.285075,64,43,4,77.83,0.8798,0.2055,0.028266,4.281
9202,520,398,918,242,72,7,36.43,0.9929,0.5835,0.235306,14,39,22,152.20,0.6944,0.1436,0.016023,4.321
9213,520,379,899,229,100,15,45.87,0.9713,0.5983,0.258095,37,38,27,111.96,0.2217,0.1606,0.018587,4.492
9221,520,451,971,220,2,176,340.27,0.9964,0.5403,0.183961,11,3,51,279.95,0.9414,0.0705,0.003753,4.353
9222,520,419,939,197,40,243,316.52,0.9594,0.5601,0.198604,13,25,47,261.63,0.5416,0.1132,0.009860,4.153
9231,520,457,977,163,56,251,303.89,0.9747,0.5292,0.175805,23,3,18,337.70,0.6859,0.0584,0.002910,4.268
9235,520,401,921,215,57,212,328.86,0.9013,0.5797,0.221288,19,19,88,273.35,0.9066,0.1433,0.013087,4.300
9244,520,437,957,207,6,229,322.89,0.9950,0.5528,0.190546,2,3,76,265.87,0.9928,0.0949,0.005998,4.296
9263,520,400,920,249,34,122,4.55,0.9599,0.5841,0.226924,44,19,61,309.18,0.6544,0.1434,0.013382,4.369
9277,520,323,843,209,110,227,321.28,0.8096,0.6453,0.302546,66,43,27,55.26,0.4322,0.2119,0.029653,4.426
9290,520,477,997,170,77,174,325.92,0.6803,0.5067,0.169108,0,2,8,253.83,0.9999,0.0231,0.000609,4.329
9324,520,27,547,233,254,220,133.38,0.9150,0.9683,0.933741,11,133,8,142.45,0.9960,0.4619,0.168630,4.500
9359,520,419,939,231,17,173,343.88,0.9765,0.5632,0.204097,36,16,30,339.28,0.4428,0.1067,0.008394,4.351
9375,520,391,911,224,44,214,330.76,0.9436,0.5866,0.225060,20,26,83,272.16,0.8222,0.1516,0.015120,4.224
9403,520,404,924,233,76,69,26.77,0.8821,0.5763,0.229251,45,25,1,68.78,0.9203,0.1319,0.012554,4.464
9410,520,411,931,252,22,59,22.60,0.9878,0.5711,0.215888,22,17,67,280.62,0.7807,0.1194,0.009767,4.449
9416,520,452,972,203,9,213,325.74,0.9885,0.5345,0.176978,21,12,1,78.27,0.8169,0.0684,0.004246,4.184
9428,520,457,977,178,69,207,318.46,0.8063,0.5296,0.182273,10,11,14,270.98,0.1090,0.0589,0.003356,4.353
9430,520,406,926,184,87,238,311.23,0.8743,0.5839,0.231807,8,37,23,159.17,0.7986,0.1345,0.014366,4.378
9441,520,453,973,187,4,244,314.13,0.9970,0.5314,0.171845,17,14,0,101.02,1.0000,0.0681,0.004333,4.083
9447,520,463,983,163,58,255,302.98,1.0000,0.5347,0.180332,9,9,4,108.06,0.3130,0.0504,0.002622,4.377
9451,520,403,923,242,47,116,6.47,0.9225,0.5762,0.221745,2,33,49,235.44,0.8747,0.1312,0.013223,4.298
9459,520,450,970,235,36,52,24.46,0.9647,0.5411,0.191750,30,6,8,17.02,0.6321,0.0717,0.004238,4.457
9462,520,433,953,174,78,227,311.14,0.8372,0.5498,0.199943,15,14,55,277.66,0.7712,0.0965,0.006914,4.392
9468,520,473,993,226,40,27,29.53,0.9652,0.5225,0.177684,12,0,2,7.14,1.0000,0.0292,0.000826,4.480
9472,520,407,927,253,11,19,28.38,0.9962,0.5666,0.211728,48,6,64,314.28,0.8392,0.1348,0.011289,4.270
9478,520,387,907,248,1,169,348.59,0.9992,0.5907,0.228461,31,24,79,282.95,0.7336,0.1526,0.015091,4.278
9489,520,463,983,213,0,179,337.65,1.0000,0.5283,0.174031,5,11,14,226.48,0.2929,0.0547,0.003033,4.224
9491,520,463,983,143,86,233,297.33,0.8367,0.5264,0.183786,7,11,6,138.56,0.2834,0.0538,0.002977,4.413
9493,520,360,880,187,112,226,312.92,0.7552,0.6188,0.276450,18,51,6,138.75,0.9661,0.1831,0.025093,4.347
9513,520,443,963,201,69,154,344.73,0.7457,0.5357,0.190087,18,16,5,100.03,0.4719,0.0752,0.005101,4.357
9523,520,393,913,226,45,218,330.22,0.9478,0.5933,0.231098,1,38,41,202.89,0.9550,0.1417,0.015527,4.290
9532,520,418,938,190,51,248,313.05,0.9631,0.5610,0.200933,31,28,10,100.02,0.5121,0.1218,0.011437,4.084
9538,520,436,956,212,20,215,327.54,0.9771,0.5547,0.194057,26,19,3,87.91,0.7075,0.0911,0.006920,4.288
9539,520,401,921,235,69,89,18.49,0.8714,0.5757,0.226427,46,8,74,305.31,0.8540,0.1431,0.012490,4.424
9552,520,248,768,191,164,205,314.09,0.3773,0.7160,0.420355,41,74,59,163.45,0.4574,0.2842,0.056846,4.402
9553,520,468,988,197,69,131,353.86,0.7186,0.5185,0.177671,2,6,5,179.91,0.3928,0.0367,0.001541,4.417
9559,520,423,943,229,10,172,343.65,0.9859,0.5571,0.198564,3,14,71,265.64,0.9530,0.1058,0.007883,4.294
9565,520,462,982,142,80,250,294.81,0.9540,0.5306,0.183903,14,8,1,82.11,0.7390,0.0520,0.002692,4.439
9572,520,472,992,172,77,185,322.70,0.7114,0.5165,0.175822,4,4,0,109.77,1.0000,0.0312,0.001126,4.417
9579,520,391,911,251,59,18,32.78,0.9863,0.5884,0.236845,7,21,99,266.38,0.9575,0.1538,0.014822,4.425
9599,520,375,895,154,114,244,294.85,0.8429,0.5956,0.254363,6,39,61,242.64,0.7776,0.1587,0.018266,4.459
9618,520,466,986,193,36,200,326.20,0.9123,0.5186,0.167709,17,1,29,308.94,0.8818,0.0526,0.002296,4.163
9635,520,418,938,243,42,28,29.57,0.9732,0.5593,0.207979,34,21,39,316.29,0.3916,0.1188,0.010229,4.283
9636,520,258,778,249,114,229,333.48,0.9641,0.7097,0.378341,66,53,97,296.07,0.4536,0.2681,0.045675,4.477
9639,520,442,962,167,88,203,313.98,0.7124,0.5378,0.195075,29,8,16,357.70,0.5227,0.0761,0.004723,4.478
9640,520,453,973,225,23,117,1.49,0.9516,0.5290,0.179075,5,18,12,164.04,0.5472,0.0716,0.004914,4.172
9643,520,362,882,248,66,125,6.34,0.9304,0.6065,0.253369,81,5,9,25.45,0.9583,0.1760,0.018779,4.411
9646,520,390,910,221,58,215,329.66,0.9130,0.5925,0.233067,58,25,0,54.58,1.0000,0.1537,0.015949,4.292
9654,520,410,930,253,19,17,28.87,0.9933,0.5686,0.213927,32,27,31,332.68,0.1147,0.1265,0.011899,4.264
9680,520,449,969,212,25,191,334.00,0.9522,0.5406,0.184560,18,11,29,300.39,0.4741,0.0735,0.004567,4.299
9688,520,429,949,199,90,112,9.62,0.6245,0.5458,0.206261,24,16,44,294.12,0.5604,0.0996,0.007466,4.459
9713,520,443,963,204,21,216,325.18,0.9727,0.5418,0.183334,7,20,21,201.86,0.4107,0.0816,0.005996,4.167
9718,520,466,986,230,6,46,23.62,0.9956,0.5182,0.171536,9,7,4,83.13,0.2336,0.0458,0.002188,4.245
9725,520,358,878,246,78,135,3.98,0.8987,0.6185,0.267940,55,37,4,78.40,0.8488,0.1769,0.021442,4.450
9736,520,407,927,89,124,249,268.62,0.9500,0.5655,0.233777,11,35,24,161.61,0.6460,0.1298,0.013391,4.477
9741,520,354,874,228,63,232,327.00,0.9368,0.6193,0.258774,53,40,3,88.48,0.8958,0.1817,0.022811,4.241
9747,520,478,998,189,27,208,322.99,0.9461,0.5125,0.161582,2,2,6,282.35,0.4201,0.0250,0.000695,4.174
9750,520,363,883,246,14,204,338.49,0.9920,0.6076,0.242697,19,9,120,270.64,0.9861,0.1727,0.016898,4.375
9759,520,425,945,233,29,138,355.94,0.9462,0.5555,0.200403,29,5,65,293.75,0.8960,0.1070,0.007514,4.354
9770,520,426,946,241,25,121,3.08,0.9663,0.5636,0.207798,14,26,35,241.78,0.3613,0.1091,0.009535,4.330
9773,520,429,949,233,23,127,359.48,0.9606,0.5488,0.194717,28,10,53,298.07,0.7538,0.1012,0.007210,4.278
9777,520,345,865,232,57,251,323.57,0.9843,0.6337,0.270494,89,1,3,27.91,0.9945,0.1905,0.021525,4.481
9789,520,441,961,183,92,144,346.48,0.5658,0.5353,0.197365,38,0,45,321.14,1.0000,0.0943,0.006016,4.416
9790,520,366,886,244,50,186,343.60,0.9368,0.6103,0.250625,60,2,87,310.54,0.9605,0.1723,0.016923,4.492
9825,520,479,999,142,69,243,297.25,0.9217,0.5093,0.164783,1,0,0,29.23,1.0000,0.0090,0.000065,4.290
9830,520,452,972,218,26,149,348.75,0.9323,0.5294,0.178166,24,5,22,331.53,0.6202,0.0658,0.003607,4.256
9834,520,14,534,253,254,207,108.47,0.9755,0.9821,0.962715,17,136,25,143.27,0.9919,0.4734,0.177969,4.442
9840,520,283,803,190,141,252,302.99,0.9218,0.6911,0.370256,38,66,24,136.42,0.7900,0.2477,0.043743,4.483
9848,520,334,854,238,65,243,326.82,0.9588,0.6444,0.284313,6,46,94,256.11,0.8894,0.2045,0.028007,4.286
9850,520,457,977,202,50,181,334.44,0.8478,0.5323,0.181758,21,3,30,313.32,0.7686,0.0625,0.003183,4.358
9853,520,326,846,245,40,252,326.66,0.9907,0.6453,0.279611,55,48,41,67.20,0.1420,0.2137,0.030863,4.076
9854,520,444,964,213,19,188,335.10,0.9653,0.5384,0.182449,17,5,52,286.22,0.8757,0.0803,0.004756,4.245
9858,520,395,915,251,13,136,359.52,0.9892,0.5853,0.225782,31,8,88,284.85,0.9307,0.1391,0.011695,4.470
9895,520,389,909,240,11,197,339.01,0.9919,0.5918,0.227988,53,6,76,310.76,0.8769,0.1539,0.014090,4.337
9910,520,460,980,123,93,244,286.98,0.8987,0.5258,0.185710,15,4,32,298.46,0.7554,0.0589,0.002927,4.454
9913,520,14,534,239,251,252,202.93,0.6241,0.9761,0.943730,53,129,91,158.85,0.7431,0.4723,0.172121,4.474
9946,520,421,941,224,80,38,36.24,0.9152,0.5610,0.217272,27,24,33,300.15,0.1960,0.1143,0.009961,4.457
9949,520,469,989,227,2,90,10.55,0.9970,0.5191,0.171154,1,1,37,267.35,0.9889,0.0433,0.001617,4.285
9956,520,468,988,186,39,213,320.58,0.9180,0.5182,0.166956,2,4,18,268.95,0.6938,0.0370,0.001434,4.218
9958,520,374,894,245,71,97,16.89,0.9192,0.5985,0.247853,50,19,73,307.34,0.7235,0.1619,0.016249,4.496
9968,520,327,847,232,81,243,325.00,0.9495,0.6503,0.295139,75,37,22,41.77,0.5885,0.2118,0.028771,4.382
9977,520,378,898,243,46,184,343.87,0.9413,0.6048,0.244724,25,26,84,275.79,0.7861,0.1563,0.015855,4.475
9983,520,477,997,184,83,107,7.31,0.5992,0.5078,0.174399,1,1,1,0.00,0.0000,0.0164,0.000304,4.461
9984,520,464,984,166,66,222,310.50,0.8480,0.5195,0.172781,20,5,1,46.43,0.7607,0.0525,0.002595,4.236
9989,520,462,982,204,58,150,346.38,0.7906,0.5268,0.180675,1,9,14,226.54,0.7250,0.0466,0.002335,4.408
9997,520,210,730,246,162,153,26.29,0.7924,0.7592,0.477356,11,89,17,143.56,0.9884,0.3134,0.072561,4.303
10002,520,393,913,246,59,100,13.99,0.9320,0.5894,0.236442,27,35,8,123.69,0.7054,0.1376,0.014526,4.439
10017,520,355,875,232,43,242,325.83,0.9729,0.6182,0.252968,26,49,14,136.32,0.8388,0.1821,0.024479,4.068
10034,520,219,739,245,150,194,351.13,0.8015,0.7478,0.451224,28,83,33,144.96,0.9248,0.3001,0.065430,4.342
10046,520,362,882,221,114,50,48.26,0.8321,0.6113,0.276393,38,44,42,173.62,0.0902,0.1841,0.023806,4.422
10048,520,381,901,245,83,10,38.65,0.9902,0.6025,0.256242,35,36,52,281.40,0.2604,0.1637,0.018670,4.460
10058,520,430,950,219,36,179,339.45,0.9209,0.5519,0.195789,13,22,43,265.20,0.5152,0.1028,0.008338,4.213
10100,520,289,809,249,110,168,356.41,0.8920,0.6770,0.341217,40,49,108,273.21,0.6457,0.2419,0.037303,4.481
10122,520,470,990,156,78,222,305.70,0.8109,0.5216,0.177911,4,0,29,281.04,1.0000,0.0364,0.001145,4.456
10124,520,418,938,246,37,0,31.27,1.0000,0.5613,0.209195,28,17,65,287.99,0.7341,0.1233,0.010294,4.299
10126,520,284,804,213,128,251,314.51,0.9508,0.6942,0.365507,32,62,77,231.73,0.4622,0.2497,0.042880,4.474
10127,520,313,833,246,74,233,331.25,0.9613,0.6594,0.303763,68,27,99,306.85,0.7430,0.2226,0.029138,4.470
10134,520,471,991,208,55,124,357.82,0.8025,0.5200,0.175997,6,0,33,283.77,1.0000,0.0421,0.001485,4.390
10140,520,319,839,203,141,110,47.41,0.4755,0.6486,0.328734,7,60,53,181.59,0.8974,0.2214,0.035338,4.438
10150,520,320,840,251,85,167,353.68,0.9470,0.6469,0.297994,37,46,79,270.97,0.4505,0.2091,0.029117,4.398
10169,520,365,885,243,62,171,348.65,0.9057,0.6108,0.254432,55,36,2,77.60,0.9146,0.1741,0.020785,4.301
10192,520,423,943,210,52,206,329.19,0.8961,0.5632,0.206158,35,5,62,302.37,0.8708,0.1118,0.008137,4.406
10211,520,420,940,208,97,4,49.65,0.9851,0.5569,0.219701,30,24,26,355.91,0.1168,0.1146,0.010039,4.492
10220,520,418,938,217,19,211,329.84,0.9788,0.5605,0.199228,37,22,31,342.97,0.3043,0.1210,0.010661,4.109
10221,520,459,979,215,51,115,2.57,0.8379,0.5264,0.180549,21,3,17,336.19,0.6668,0.0551,0.002650,4.379
10222,520,258,778,252,117,216,338.81,0.9735,0.7121,0.383786,4,72,65,183.69,0.9581,0.2654,0.050420,4.320
10228,520,425,945,208,95,53,40.06,0.7953,0.5568,0.218534,12,30,14,146.51,0.6551,0.1118,0.010384,4.447
10258,520,341,861,245,0,245,328.36,1.0000,0.6291,0.260079,89,6,35,8.24,0.8926,0.2008,0.023758,4.204
10261,520,311,831,247,69,234,331.24,0.9666,0.6570,0.299737,79,35,52,357.28,0.5045,0.2237,0.031125,4.311
10271,520,435,955,191,19,254,312.94,0.9954,0.5501,0.186991,39,7,19,0.37,0.6684,0.0921,0.006304,4.209
10277,520,356,876,248,34,199,340.44,0.9729,0.6152,0.252272,28,20,109,275.67,0.9267,0.1767,0.018512,4.412
10279,520,462,982,223,21,121,359.57,0.9537,0.5256,0.176075,4,3,35,274.74,0.9178,0.0491,0.002123,4.337
10306,520,416,936,229,27,185,339.97,0.9606,0.5693,0.209473,2,33,12,151.04,0.9723,0.1157,0.011271,4.235
10310,520,455,975,189,42,221,319.36,0.9244,0.5313,0.176966,28,1,23,335.78,0.8316,0.0645,0.003305,4.258
10318,520,339,859,250,69,193,343.51,0.9601,0.6399,0.284336,55,45,18,89.27,0.5687,0.1999,0.027327,4.324
10320,520,434,954,200,86,131,357.87,0.6479,0.5476,0.205754,36,14,32,334.36,0.5085,0.1040,0.007935,4.415
10333,520,270,790,249,96,255,326.23,1.0000,0.7007,0.357280,109,30,0,38.15,1.0000,0.2634,0.041803,4.436
10336,520,355,875,211,90,224,323.70,0.8444,0.6172,0.265447,22,42,75,259.90,0.5911,0.1847,0.023344,4.301
10363,520,399,919,250,50,1,32.58,0.9993,0.5784,0.226110,33,4,92,285.82,0.9659,0.1418,0.011828,4.466
10367,520,449,969,232,24,99,9.10,0.9628,0.5382,0.187129,2,1,58,267.05,0.9954,0.0679,0.003401,4.441
10368,520,414,934,228,51,155,350.09,0.8774,0.5669,0.212309,43,4,61,311.93,0.8719,0.1217,0.009374,4.418
10371,520,435,955,232,31,112,4.98,0.9426,0.5452,0.193086,25,2,54,297.02,0.9311,0.0862,0.005164,4.407
10382,520,24,544,254,246,216,94.71,0.8946,0.9670,0.919407,68,127,45,138.03,0.8868,0.4642,0.165967,4.489
10394,520,271,791,249,124,158,4.43,0.8606,0.6955,0.370265,84,50,44,30.62,0.3785,0.2604,0.043481,4.496
10412,520,475,995,175,47,235,311.58,0.9276,0.5245,0.171461,2,4,8,255.89,0.3739,0.0323,0.001173,4.328
10423,520,369,889,237,21,228,330.44,0.9888,0.6078,0.241450,66,27,17,35.48,0.6383,0.1747,0.019828,4.174
10438,520,420,940,224,3,194,336.09,0.9963,0.5586,0.198100,10,30,11,144.78,0.7887,0.1100,0.010172,4.123
10445,520,466,986,227,17,51,22.79,0.9850,0.5152,0.169738,13,1,31,299.01,0.9075,0.0496,0.002062,4.221
10449,520,469,989,166,33,252,305.76,0.9853,0.5167,0.162237,0,6,15,243.78,1.0000,0.0386,0.001647,4.109
10465,520,419,939,238,34,119,3.74,0.9437,0.5611,0.206563,15,20,56,272.98,0.6926,0.1095,0.008874,4.358
10485,520,377,897,235,3,232,329.05,0.9986,0.6031,0.235561,16,35,72,262.15,0.6871,0.1602,0.017800,4.212
10496,520,327,847,229,92,221,330.02,0.8729,0.6454,0.295349,9,46,96,257.67,0.8628,0.2072,0.028564,4.396
10517,520,480,1000,225,12,70,17.13,0.9860,0.5126,0.167156,0,0,0,0.00,0.0000,0.0000,0.000000,4.343
10522,520,469,989,172,56,220,313.71,0.8747,0.5158,0.167672,1,6,5,183.00,0.6273,0.0356,0.001477,4.229
10524,520,433,953,218,12,188,336.33,0.9817,0.5457,0.188015,41,3,35,335.19,0.7990,0.0972,0.006580,4.207
10527,520,303,823,236,105,207,336.84,0.8588,0.6663,0.324434,77,44,36,34.42,0.4167,0.2336,0.035067,4.402
10530,520,336,856,245,56,225,333.04,0.9580,0.6378,0.276799,10,33,119,265.45,0.9427,0.2014,0.024840,4.367
10534,520,356,876,253,59,145,359.32,0.9781,0.6162,0.260584,0,48,49,196.99,1.0000,0.1777,0.023355,4.234
10543,520,278,798,255,87,234,333.25,1.0000,0.6877,0.340199,7,48,133,262.41,0.9584,0.2483,0.038523,4.408
10550,520,463,983,186,28,234,315.73,0.9670,0.5286,0.172114,15,3,26,306.79,0.7397,0.0526,0.002413,4.238
10567,520,414,934,213,76,157,347.51,0.7542,0.5664,0.217514,18,29,34,227.84,0.2656,0.1199,0.011228,4.369
10569,520,434,954,216,78,102,13.42,0.7549,0.5546,0.210094,43,12,3,39.50,0.8068,0.1030,0.007832,4.497
10579,520,259,779,239,151,53,63.96,0.8882,0.7102,0.407434,40,73,32,139.71,0.7512,0.2732,0.053204,4.432
10594,520,469,989,231,15,49,23.37,0.9886,0.5229,0.175554,5,1,25,286.22,0.9094,0.0369,0.001242,4.402
10615,520,376,896,233,46,208,334.62,0.9450,0.5999,0.238343,52,8,78,308.37,0.8594,0.1562,0.014539,4.468
10618,520,473,993,227,17,87,12.11,0.9754,0.5221,0.174228,7,1,6,332.22,0.6486,0.0281,0.000800,4.414
10620,520,364,884,252,0,193,342.64,1.0000,0.6102,0.245491,30,40,42,211.17,0.1656,0.1651,0.019607,4.245
10627,520,404,924,251,11,130,1.39,0.9910,0.5828,0.223639,32,29,25,75.17,0.1043,0.1295,0.012560,4.374
10638,520,436,956,144,93,244,294.73,0.8871,0.5478,0.202897,27,13,38,308.17,0.5569,0.0932,0.006608,4.468
10639,520,380,900,210,61,245,319.05,0.9520,0.5978,0.236334,69,16,15,25.54,0.7946,0.1622,0.016705,4.293
10649,520,465,985,197,41,188,330.79,0.8817,0.5208,0.170888,15,5,9,351.88,0.3892,0.0489,0.002298,4.224
10667,520,444,964,240,14,20,28.30,0.9935,0.5395,0.188932,28,0,48,306.51,1.0000,0.0811,0.004603,4.376
10668,520,436,956,245,19,55,22.96,0.9884,0.5548,0.201576,10,15,51,271.88,0.7710,0.0912,0.006452,4.456
10681,520,433,953,240,41,20,30.39,0.9817,0.5519,0.201650,33,18,16,27.86,0.3254,0.1011,0.007934,4.344
10683,520,421,941,209,9,229,323.39,0.9927,0.5568,0.194097,45,10,10,23.65,0.7133,0.1051,0.007970,4.211
10689,520,348,868,245,24,232,331.30,0.9897,0.6255,0.258949,75,11,67,333.91,0.7906,0.1909,0.021407,4.327
10700,520,449,969,228,22,139,354.30,0.9568,0.5430,0.189347,16,1,50,288.16,0.9682,0.0703,0.003622,4.464
10720,520,412,932,215,46,208,330.03,0.9213,0.5685,0.209572,55,2,38,344.80,0.8621,0.1245,0.009957,4.329
10744,520,428,948,213,15,228,324.62,0.9881,0.5643,0.200912,3,10,68,266.42,0.9638,0.0958,0.006537,4.438
10761,520,409,929,236,18,173,345.02,0.9782,0.5730,0.212855,55,10,26,3.07,0.7193,0.1290,0.011040,4.306
10765,520,409,929,189,72,238,313.96,0.9018,0.5720,0.216277,43,11,59,311.94,0.7583,0.1285,0.010688,4.388
10767,520,380,900,245,23,191,341.86,0.9813,0.6010,0.237900,69,6,50,343.81,0.8121,0.1641,0.016259,4.345
10783,520,478,998,214,50,66,21.30,0.8931,0.5108,0.169732,2,0,17,282.31,1.0000,0.0243,0.000534,4.348
10786,520,369,889,241,52,188,342.37,0.9291,0.6073,0.247905,39,39,28,107.64,0.2168,0.1660,0.019662,4.276
10805,520,431,951,245,27,3,30.26,0.9978,0.5542,0.202064,32,13,36,320.45,0.5467,0.0987,0.007223,4.405
10813,520,390,910,196,74,243,314.86,0.9266,0.5882,0.231056,65,10,34,358.95,0.7605,0.1522,0.014566,4.353
10821,520,361,881,240,51,214,334.72,0.9506,0.6191,0.257507,62,17,72,319.77,0.7405,0.1772,0.018930,4.461
10829,520,1,521,255,255,255,0.00,0.0000,1.0000,1.000000,53,136,15,138.77,0.9878,0.4827,0.183991,4.487
10833,520,460,980,192,39,209,323.41,0.9161,0.5252,0.172625,7,14,5,137.57,0.4967,0.0607,0.003702,4.146
10852,520,357,877,247,15,218,335.14,0.9933,0.6179,0.251808,81,2,45,355.08,0.9247,0.1834,0.019825,4.322
10861,520,389,909,220,43,236,324.24,0.9617,0.5940,0.230016,57,14,43,342.96,0.6749,0.1455,0.013585,4.404
10891,520,427,947,207,25,234,321.57,0.9778,0.5618,0.199029,23,3,66,287.19,0.9475,0.0983,0.006406,4.415
10899,520,199,719,241,157,239,327.63,0.9018,0.7745,0.490484,82,76,31,101.78,0.6188,0.3213,0.070617,4.481
10903,520,250,770,204,157,219,317.85,0.5706,0.7214,0.420665,12,77,33,149.08,0.9691,0.2745,0.054955,4.484
10928,520,278,798,244,115,211,338.22,0.9063,0.6949,0.362002,27,67,36,148.89,0.7855,0.2467,0.043745,4.395
10953,520,460,980,226,52,34,30.22,0.9482,0.5327,0.187431,11,9,18,294.20,0.2999,0.0571,0.003102,4.471
10955,520,294,814,238,115,190,344.79,0.8130,0.6764,0.341587,2,59,90,240.36,0.9477,0.2375,0.038788,4.410
10963,520,454,974,224,33,116,2.24,0.9211,0.5315,0.181987,19,15,4,92.15,0.5296,0.0736,0.004889,4.226
10980,520,462,982,158,74,237,303.57,0.8825,0.5308,0.182816,7,10,11,217.85,0.1208,0.0532,0.002864,4.404
10997,520,427,947,201,28,248,316.78,0.9796,0.5642,0.200268,45,4,32,343.50,0.7804,0.1043,0.007491,4.353
11004,520,444,964,228,17,125,358.99,0.9687,0.5358,0.183784,15,16,23,278.43,0.1969,0.0782,0.005340,4.225
11029,520,385,905,206,71,225,322.51,0.8809,0.5873,0.230662,22,28,80,272.83,0.7590,0.1543,0.015802,4.265
11038,520,379,899,222,34,251,321.45,0.9845,0.6034,0.236407,48,10,89,298.73,0.8811,0.1633,0.015668,4.361
11040,520,208,728,245,144,249,325.71,0.9646,0.7613,0.462005,61,79,17,124.54,0.8538,0.3066,0.066245,4.405
11059,520,443,963,150,85,246,297.71,0.9153,0.5438,0.196350,10,17,22,239.81,0.2565,0.0762,0.005233,4.460
11063,520,441,961,224,64,21,34.63,0.9663,0.5399,0.195710,17,23,14,135.38,0.2983,0.0947,0.007637,4.263
11079,520,368,888,233,13,250,324.50,0.9957,0.6141,0.245160,29,31,86,276.30,0.7194,0.1719,0.019130,4.270
11082,520,449,969,177,47,255,307.91,1.0000,0.5447,0.186010,15,14,5,103.38,0.4097,0.0674,0.004266,4.349
11090,520,461,981,204,43,183,334.32,0.8779,0.5315,0.179859,6,9,12,244.06,0.1804,0.0504,0.002606,4.369
11105,520,260,780,253,106,244,330.07,0.9915,0.7127,0.377251,67,64,45,100.18,0.2676,0.2732,0.050496,4.251
11124,520,435,955,221,44,166,344.32,0.8892,0.5538,0.199291,37,12,8,31.04,0.6019,0.0936,0.006738,4.394
11126,520,416,936,212,60,201,331.16,0.8691,0.5705,0.214478,18,32,5,132.02,0.8513,0.1203,0.011726,4.285
11128,520,438,958,202,12,236,319.92,0.9909,0.5510,0.188773,3,13,60,265.71,0.9348,0.0918,0.006334,4.239
11164,520,332,852,247,54,232,331.74,0.9675,0.6440,0.282416,38,44,78,274.59,0.4540,0.2041,0.027634,4.282
11203,520,382,902,248,71,93,18.51,0.9429,0.6033,0.252566,0,43,54,219.82,1.0000,0.1642,0.019940,4.326
11209,520,390,910,230,21,215,332.00,0.9832,0.5870,0.222682,2,41,38,187.21,0.9356,0.1505,0.017386,4.047
11210,520,426,946,228,68,53,29.35,0.9011,0.5550,0.208881,0,28,46,240.08,1.0000,0.1136,0.010277,4.295
11221,520,387,907,182,90,249,307.79,0.9398,0.5935,0.240977,27,38,5,125.84,0.8494,0.1463,0.016302,4.389
11226,520,429,949,101,113,246,275.07,0.9155,0.5472,0.212301,16,26,11,135.79,0.5100,0.1018,0.008731,4.466
11227,520,344,864,243,106,34,43.73,0.9482,0.6329,0.294813,7,55,15,145.54,0.9754,0.1937,0.028119,4.414
11229,520,452,972,234,3,57,21.18,0.9977,0.5276,0.178561,21,12,6,57.05,0.3773,0.0698,0.004355,4.205
11231,520,348,868,253,64,163,353.59,0.9782,0.6274,0.271972,39,28,102,282.47,0.7972,0.1911,0.022211,4.459
11253,520,423,943,234,49,118,4.65,0.8969,0.5627,0.210000,28,25,11,97.57,0.4165,0.1105,0.009663,4.358
11259,520,453,973,190,64,190,327.86,0.7979,0.5313,0.183331,11,6,43,281.66,0.8267,0.0682,0.003758,4.340
11262,520,293,813,238,119,183,348.45,0.7884,0.6798,0.347921,22,62,70,212.93,0.6150,0.2408,0.040579,4.393
11283,520,445,965,224,13,152,348.84,0.9749,0.5381,0.184048,33,8,2,40.04,0.7956,0.0787,0.005014,4.254
11295,520,454,974,193,71,163,338.67,0.7297,0.5291,0.184899,20,8,20,326.93,0.4379,0.0654,0.003729,4.372
11298,520,47,567,246,232,247,323.77,0.6182,0.9376,0.840218,46,124,7,138.76,0.9937,0.4409,0.150110,4.449
11328,520,221,741,208,163,242,309.87,0.7720,0.7491,0.460157,40,83,13,136.39,0.9625,0.3036,0.066665,4.373
11333,520,333,853,226,89,223,328.58,0.8761,0.6381,0.286433,65,39,14,61.93,0.6525,0.1984,0.026067,4.423
11340,520,437,957,237,28,105,8.03,0.9588,0.5519,0.198581,20,21,8,112.24,0.4322,0.0907,0.007026,4.359
11345,520,412,932,254,8,57,22.59,0.9964,0.5714,0.215437,29,26,15,94.68,0.3063,0.1152,0.010345,4.399
11354,520,307,827,237,84,255,323.34,1.0000,0.6689,0.315674,67,46,57,346.48,0.2601,0.2305,0.034428,4.331
11361,520,414,934,246,18,99,10.77,0.9836,0.5650,0.209298,22,2,84,279.57,0.9858,0.1181,0.008540,4.429
11405,520,469,989,185,24,226,317.38,0.9677,0.5186,0.164598,4,4,24,277.36,0.7365,0.0429,0.001786,4.144
11406,520,459,979,140,84,244,294.57,0.9048,0.5290,0.184478,10,12,15,258.40,0.1195,0.0614,0.003620,4.373
11410,520,320,840,223,89,244,322.01,0.9417,0.6464,0.293663,53,41,67,304.90,0.3566,0.2052,0.027480,4.435
11414,520,313,833,247,66,242,329.25,0.9709,0.6593,0.300842,74,27,90,316.42,0.7083,0.2245,0.029781,4.398
11419,520,426,946,200,77,190,331.03,0.7700,0.5630,0.213064,14,21,58,271.03,0.7140,0.1128,0.009351,4.432
11421,520,457,977,224,55,27,31.94,0.9584,0.5309,0.186616,3,5,40,269.80,0.9260,0.0571,0.002811,4.480
11422,520,480,1000,188,33,208,322.61,0.9290,0.5140,0.163346,0,0,0,0.00,0.0000,0.0000,0.000000,4.267
11435,520,352,872,232,54,232,328.12,0.9533,0.6187,0.256227,40,49,3,120.48,0.9307,0.1925,0.026543,4.001
11456,520,466,986,187,58,197,324.83,0.8284,0.5245,0.176235,11,7,8,359.95,0.1485,0.0490,0.002406,4.317
11464,520,371,891,250,48,174,348.52,0.9603,0.6143,0.254972,66,23,4,42.59,0.8559,0.1654,0.017800,4.498
11477,520,410,930,233,53,146,354.54,0.8817,0.5740,0.219480,42,4,76,301.18,0.9238,0.1348,0.011009,4.417
11479,520,300,820,236,91,242,326.15,0.9452,0.6672,0.317281,48,59,13,121.87,0.8000,0.2323,0.037853,4.181
11502,520,425,945,245,33,81,17.09,0.9668,0.5649,0.210977,19,28,24,165.97,0.2190,0.1137,0.010349,4.324
11555,520,466,986,224,25,87,12.17,0.9562,0.5189,0.172335,14,0,34,298.77,1.0000,0.0509,0.002089,4.268
11567,520,332,852,251,70,177,348.91,0.9605,0.6352,0.280671,84,22,16,29.16,0.8217,0.2017,0.024964,4.411
11570,520,434,954,244,23,47,24.83,0.9858,0.5531,0.200546,41,4,44,324.82,0.8023,0.1045,0.007402,4.365
11576,520,441,961,196,15,237,318.05,0.9877,0.5426,0.181933,22,10,45,294.83,0.7012,0.0874,0.005771,4.159
11581,520,428,948,251,6,20,28.12,0.9978,0.5614,0.206937,34,14,33,328.97,0.5031,0.1016,0.007640,4.458
11588,520,319,839,251,42,240,330.75,0.9854,0.6486,0.284594,72,8,111,306.69,0.9226,0.2207,0.026992,4.346
11597,520,446,966,208,57,163,342.49,0.8134,0.5394,0.189825,7,20,24,219.36,0.4267,0.0829,0.006114,4.274
11617,520,419,939,235,47,103,10.05,0.9118,0.5587,0.206775,43,7,43,327.91,0.7430,0.1114,0.008400,4.397
11618,520,387,907,166,99,255,299.98,1.0000,0.5915,0.242510,1,33,69,254.02,0.9552,0.1458,0.015237,4.484
11628,520,432,952,218,32,180,338.83,0.9317,0.5484,0.192361,46,6,8,22.17,0.8180,0.1008,0.007287,4.231
11636,520,367,887,181,123,181,326.69,0.4735,0.6071,0.273267,12,47,31,160.33,0.7941,0.1717,0.022100,4.484
11637,520,466,986,203,64,113,2.97,0.7570,0.5165,0.175576,1,9,16,235.34,0.7324,0.0475,0.002392,4.306
11646,520,371,891,211,71,247,318.51,0.9565,0.6103,0.250724,6,40,78,254.43,0.8410,0.1745,0.021062,4.232
11647,520,387,907,221,61,209,331.32,0.8972,0.5915,0.233153,63,17,6,35.09,0.8416,0.1499,0.014710,4.376
11656,520,388,908,251,10,159,352.30,0.9923,0.5938,0.232330,57,21,24,17.01,0.5607,0.1487,0.014723,4.362
11669,520,437,957,215,47,167,342.57,0.8668,0.5454,0.192724,33,14,4,50.13,0.6502,0.0900,0.006462,4.299
11674,520,412,932,230,2,194,337.51,0.9979,0.5697,0.207641,51,0,54,325.78,1.0000,0.1247,0.009702,4.315
11680,520,439,959,224,61,91,15.14,0.8532,0.5465,0.199428,25,4,53,296.80,0.8733,0.0884,0.005506,4.494
11691,520,341,861,208,120,171,345.19,0.5682,0.6330,0.297847,5,58,14,145.33,0.9853,0.2035,0.030900,4.300
11692,520,459,979,224,55,41,29.42,0.9305,0.5321,0.187425,11,14,0,117.72,1.0000,0.0625,0.003852,4.409
11720,520,352,872,229,40,247,323.99,0.9768,0.6150,0.248933,28,40,87,269.69,0.6470,0.1930,0.024525,4.011
11724,520,368,888,215,69,239,321.62,0.9277,0.6088,0.249371,18,39,66,255.53,0.5841,0.1675,0.019729,4.293
11729,520,390,910,246,23,168,348.77,0.9771,0.5915,0.230360,4,33,70,256.21,0.8707,0.1479,0.015556,4.277
11760,520,247,767,246,132,199,345.30,0.8715,0.7194,0.402213,73,62,72,328.91,0.1468,0.2845,0.053297,4.378
11784,520,465,985,174,40,241,310.24,0.9494,0.5229,0.168680,17,3,16,329.95,0.6313,0.0494,0.002217,4.188
11798,520,407,927,238,65,14,34.74,0.9851,0.5682,0.219926,24,22,68,279.69,0.7095,0.1317,0.011853,4.364
11802,520,456,976,219,15,154,347.06,0.9667,0.5297,0.177373,21,3,30,313.32,0.7686,0.0625,0.003183,4.275
11826,520,372,892,249,60,137,1.49,0.9411,0.6067,0.251810,75,14,6,31.26,0.9109,0.1710,0.018233,4.423
11830,520,383,903,249,66,89,19.01,0.9544,0.5993,0.247609,10,33,75,261.21,0.8070,0.1548,0.016602,4.468
11835,520,390,910,214,96,130,4.25,0.6594,0.5858,0.242757,43,32,18,72.56,0.3887,0.1492,0.015903,4.442
11836,520,386,906,248,21,153,353.76,0.9792,0.5881,0.227961,3,42,19,152.89,0.9685,0.1480,0.017222,4.135
11847,520,248,768,255,110,251,328.68,1.0000,0.7248,0.393796,41,72,56,160.50,0.4475,0.2769,0.053915,4.271
11848,520,457,977,155,72,239,302.30,0.8954,0.5260,0.178357,3,15,14,189.22,0.5746,0.0628,0.003927,4.235
11850,520,469,989,199,40,188,331.37,0.8878,0.5236,0.172923,1,5,17,258.38,0.7422,0.0381,0.001555,4.324
11864,520,426,946,208,12,231,322.65,0.9906,0.5572,0.194442,47,7,23,0.10,0.7256,0.1084,0.008183,4.201
11865,520,476,996,166,83,177,322.82,0.6519,0.5119,0.174687,2,2,5,283.18,0.3513,0.0245,0.000673,4.434
11868,520,474,994,230,8,20,27.96,0.9955,0.5164,0.170502,7,1,13,310.77,0.7604,0.0314,0.000959,4.327
11869,520,370,890,224,48,247,322.63,0.9690,0.6116,0.246787,63,9,69,323.49,0.8069,0.1681,0.016819,4.442
11884,520,474,994,211,32,145,348.67,0.8969,0.5169,0.169285,10,1,1,24.13,0.7514,0.0294,0.000884,4.309
11891,520,337,857,248,75,179,347.90,0.9335,0.6357,0.282464,5,42,102,260.08,0.9381,0.2013,0.026473,4.347
11894,520,380,900,229,0,246,324.49,1.0000,0.6021,0.233142,2,42,49,212.22,0.9219,0.1590,0.018905,4.109
11904,520,472,992,232,3,21,27.69,0.9984,0.5197,0.172782,9,1,11,322.30,0.7335,0.0327,0.001040,4.365
11909,520,431,951,124,108,233,285.47,0.7949,0.5458,0.208931,4,30,2,141.34,0.9796,0.1050,0.009587,4.345
11917,520,453,973,171,62,226,311.55,0.8717,0.5254,0.175950,6,15,20,232.09,0.3711,0.0675,0.004309,4.160
11921,520,356,876,224,85,208,332.54,0.8458,0.6215,0.269005,25,41,65,258.28,0.4642,0.1768,0.021741,4.447
11930,520,378,898,229,99,18,45.21,0.9648,0.5969,0.256280,22,44,9,135.83,0.8887,0.1623,0.019916,4.381
11940,520,442,962,137,88,251,291.84,0.9568,0.5380,0.192628,13,18,10,134.04,0.3022,0.0769,0.005401,4.379
11949,520,473,993,214,32,132,354.14,0.9009,0.5170,0.169975,0,4,10,242.21,1.0000,0.0307,0.001087,4.306
11967,520,441,961,171,71,235,308.80,0.8820,0.5429,0.191633,1,21,40,247.47,0.8794,0.0908,0.006959,4.242
11972,520,431,951,233,39,91,13.14,0.9345,0.5460,0.195330,5,29,13,152.21,0.8743,0.1046,0.009400,4.130
12002,520,229,749,238,137,241,326.08,0.9145,0.7362,0.424212,26,67,118,255.52,0.7261,0.2884,0.055417,4.498
12005,520,445,965,193,37,229,318.70,0.9485,0.5407,0.183192,7,13,49,270.00,0.8270,0.0835,0.005547,4.198
12006,520,403,923,243,22,148,354.39,0.9734,0.5765,0.217699,43,26,8,65.39,0.6159,0.1324,0.012700,4.270
12010,520,436,956,233,55,18,32.74,0.9793,0.5486,0.201027,23,19,10,86.66,0.3128,0.0891,0.006698,4.427
12011,520,343,863,246,51,207,338.03,0.9527,0.6257,0.264685,48,29,91,292.84,0.7034,0.1918,0.022624,4.333
12021,520,451,971,229,41,97,10.71,0.9177,0.5408,0.191099,4,18,3,141.60,0.9045,0.0685,0.004650,4.412
12023,520,424,944,246,18,71,19.05,0.9874,0.5590,0.204839,20,28,12,130.36,0.4810,0.1111,0.010058,4.243
12038,520,428,948,236,24,130,359.07,0.9619,0.5563,0.201009,19,24,27,234.29,0.1323,0.1037,0.008708,4.276
12057,520,470,990,229,10,84,13.08,0.9874,0.5236,0.175182,3,8,11,226.94,0.3646,0.0450,0.002172,4.316
12059,520,438,958,233,51,50,26.80,0.9407,0.5476,0.199246,25,5,51,297.74,0.8392,0.0881,0.005542,4.487
12063,520,302,822,219,112,244,319.73,0.9186,0.6722,0.331816,6,66,0,141.50,1.0000,0.2306,0.039350,4.273
12070,520,382,902,255,64,13,33.81,1.0000,0.6007,0.249596,13,38,61,248.89,0.6347,0.1587,0.018086,4.400
12083,520,370,890,240,3,228,331.14,0.9987,0.6094,0.241946,19,3,120,270.86,0.9954,0.1672,0.015595,4.451
12096,520,444,964,238,22,56,22.52,0.9829,0.5411,0.190398,6,18,25,234.55,0.4627,0.0774,0.005415,4.338
12100,520,293,813,253,68,252,328.28,0.9933,0.6771,0.320481,28,56,90,254.40,0.5798,0.2380,0.038133,4.204
12129,520,402,922,231,49,183,341.45,0.9119,0.5844,0.226071,51,18,6,40.44,0.7425,0.1285,0.011497,4.489
12131,520,352,872,230,60,236,326.56,0.9475,0.6226,0.261131,8,30,111,265.30,0.9442,0.1853,0.021277,4.365
12149,520,409,929,252,34,1,30.84,0.9993,0.5722,0.218454,44,22,36,342.11,0.4100,0.1334,0.012367,4.304
12155,520,447,967,227,53,83,17.01,0.8934,0.5428,0.195045,7,21,22,201.43,0.4351,0.0847,0.006394,4.345
12170,520,425,945,247,11,46,24.57,0.9947,0.5558,0.202144,21,25,33,264.12,0.1980,0.1109,0.009645,4.227
12193,520,317,837,252,105,128,13.39,0.9434,0.6619,0.323603,39,57,35,139.95,0.4391,0.2220,0.034789,4.406
12197,520,463,983,204,17,200,329.39,0.9710,0.5291,0.174103,17,2,17,327.82,0.7137,0.0475,0.002031,4.307
12219,520,473,993,181,58,201,321.70,0.8308,0.5176,0.170681,4,3,10,291.17,0.4444,0.0325,0.001129,4.316
12235,520,358,878,247,92,28,39.35,0.9674,0.6189,0.275156,9,47,60,225.33,0.7544,0.1835,0.024172,4.384
12238,520,334,854,191,109,252,308.29,0.9576,0.6358,0.290427,8,44,92,257.46,0.8645,0.1980,0.026255,4.464
12246,520,394,914,228,6,231,327.64,0.9967,0.5907,0.223962,23,37,13,133.69,0.6532,0.1411,0.015343,4.193
12261,520,338,858,232,69,245,324.75,0.9607,0.6396,0.280069,64,20,93,308.08,0.7858,0.2018,0.023807,4.472
12265,520,355,875,254,75,110,13.91,0.9883,0.6227,0.272323,39,42,49,267.08,0.1188,0.1825,0.023090,4.410
12285,520,445,965,232,1,131,357.35,0.9983,0.5425,0.188192,34,6,19,354.17,0.6520,0.0818,0.005174,4.317
12290,520,225,745,205,174,201,330.30,0.3289,0.7513,0.474689,4,86,10,143.31,0.9959,0.3012,0.067030,4.483
12297,520,275,795,253,111,195,346.38,0.9721,0.6955,0.361946,13,70,3,141.06,0.9938,0.2467,0.044723,4.349
12303,520,459,979,234,17,56,21.99,0.9865,0.5309,0.181820,18,0,39,300.50,1.0000,0.0598,0.002751,4.395
12304,520,441,961,175,82,205,317.11,0.7514,0.5412,0.195573,29,10,31,323.67,0.5611,0.0865,0.005773,4.403
12307,520,415,935,227,48,165,346.26,0.8902,0.5673,0.211640,50,17,1,46.83,0.9171,0.1240,0.010813,4.302
12339,520,418,938,243,46,23,30.64,0.9788,0.5618,0.210739,44,4,55,317.73,0.8445,0.1181,0.008982,4.421
12341,520,478,998,216,40,90,11.33,0.8974,0.5119,0.168572,5,0,3,340.52,1.0000,0.0201,0.000388,4.338
12351,520,451,971,220,14,171,341.87,0.9741,0.5402,0.184725,26,3,35,315.39,0.7965,0.0728,0.004061,4.342
12355,520,472,992,223,32,87,12.58,0.9374,0.5203,0.174119,5,4,6,308.95,0.1607,0.0348,0.001322,4.367
12373,520,410,930,204,48,234,320.34,0.9405,0.5697,0.208934,42,20,41,328.69,0.4758,0.1290,0.011527,4.208
12375,520,469,989,229,28,46,24.82,0.9739,0.5234,0.176888,9,3,21,298.94,0.6860,0.0434,0.001773,4.382
12391,520,433,953,211,81,84,22.05,0.7512,0.5454,0.203761,10,18,56,269.53,0.7861,0.1020,0.007826,4.388
12414,520,472,992,219,27,122,358.67,0.9292,0.5204,0.172517,9,1,13,317.51,0.7575,0.0337,0.001089,4.356
12441,520,377,897,240,54,173,346.91,0.9114,0.5996,0.241837,53,18,69,313.36,0.7152,0.1616,0.016192,4.409
12448,520,452,972,210,75,13,39.75,0.9677,0.5264,0.187651,11,16,11,144.96,0.2251,0.0705,0.004659,4.348
12449,520,363,883,242,76,144,359.47,0.8707,0.6121,0.260628,24,46,1,132.38,0.9880,0.1692,0.021503,4.344
12464,520,356,876,234,46,241,326.52,0.9705,0.6226,0.257997,13,45,67,242.38,0.6801,0.1832,0.023675,4.181
12465,520,458,978,234,26,24,28.53,0.9831,0.5311,0.183003,6,13,15,215.95,0.2774,0.0606,0.003610,4.346
12466,520,451,971,195,41,223,320.64,0.9337,0.5419,0.185172,25,4,33,315.78,0.7505,0.0718,0.004033,4.352
12481,520,335,855,238,78,217,333.61,0.9123,0.6411,0.286382,11,42,100,261.49,0.8804,0.2012,0.026470,4.399
12489,520,338,858,201,107,247,313.19,0.9193,0.6422,0.296494,45,43,69,286.81,0.3462,0.2023,0.027153,4.491
12493,520,463,983,214,23,176,338.94,0.9491,0.5346,0.180458,16,8,2,68.70,0.5853,0.0545,0.002882,4.358
12500,520,417,937,193,74,226,318.09,0.8592,0.5715,0.217273,30,28,10,102.94,0.5098,0.1207,0.011285,4.361
12511,520,428,948,220,58,161,346.44,0.8380,0.5609,0.208174,30,21,2,85.79,0.8170,0.1009,0.008168,4.438
12512,520,165,685,235,177,253,318.03,0.9709,0.8122,0.561994,39,94,44,145.34,0.8690,0.3435,0.086183,4.494
12517,520,422,942,201,72,191,331.01,0.7914,0.5590,0.208155,46,5,37,338.25,0.7689,0.1104,0.008230,4.433
12521,520,427,947,246,35,18,29.90,0.9862,0.5607,0.208421,7,28,18,160.78,0.6804,0.1039,0.009193,4.366
12596,520,442,962,225,32,142,352.99,0.9242,0.5429,0.189963,1,19,33,241.55,0.8569,0.0810,0.005820,4.299
12601,520,456,976,103,102,246,278.17,0.9229,0.5265,0.190395,10,13,15,237.09,0.1135,0.0637,0.003869,4.463
12605,520,361,881,244,33,224,333.01,0.9805,0.6221,0.257055,50,42,3,97.17,0.9019,0.1832,0.023407,4.183
12623,520,445,965,237,35,4,30.99,0.9964,0.5413,0.192186,16,2,59,282.87,0.9644,0.0818,0.004693,4.428
12629,520,440,960,201,11,239,318.98,0.9922,0.5515,0.188905,13,20,28,252.18,0.2817,0.0888,0.006697,4.214
12633,520,442,962,208,86,9,44.43,0.9717,0.5389,0.200874,10,19,28,249.19,0.3583,0.0842,0.006141,4.469
12642,520,376,896,248,38,163,351.15,0.9544,0.5996,0.239903,53,29,13,52.97,0.5752,0.1557,0.016648,4.350
12652,520,418,938,243,24,76,17.73,0.9787,0.5557,0.202332,25,11,70,285.12,0.8551,0.1159,0.008882,4.285
12654,520,272,792,237,131,180,351.97,0.7416,0.6973,0.375347,14,73,24,145.69,0.9690,0.2597,0.049242,4.286
12656,520,414,934,231,60,120,4.66,0.8560,0.5671,0.215795,28,11,69,288.71,0.8368,0.1180,0.009159,4.493
12661,520,437,957,248,1,21,27.83,0.9996,0.5539,0.200360,13,14,49,276.48,0.7244,0.0895,0.006214,4.454
12669,520,416,936,226,83,20,39.76,0.9623,0.5676,0.224085,5,25,66,261.89,0.8770,0.1245,0.011208,4.478
12670,520,324,844,242,116,77,37.80,0.8716,0.6520,0.319067,26,58,24,142.59,0.8230,0.2136,0.033116,4.440
12676,520,469,989,127,88,244,289.25,0.9041,0.5213,0.180230,13,2,1,33.47,0.7227,0.0360,0.001312,4.487
12682,520,477,997,48,104,255,264.50,1.0000,0.5074,0.177479,0,1,16,263.65,1.0015,0.0242,0.000591,4.496
12710,520,278,798,255,98,211,340.32,1.0000,0.6886,0.347015,58,60,20,111.78,0.6673,0.2465,0.041818,4.324
12714,520,472,992,208,41,157,343.99,0.8637,0.5229,0.174322,1,4,16,261.68,0.7507,0.0348,0.001307,4.372
12721,520,478,998,206,38,147,346.94,0.8644,0.5120,0.166167,0,1,8,261.19,1.0000,0.0192,0.000392,4.290
12732,520,439,959,131,99,249,288.21,0.9273,0.5485,0.205883,25,20,4,93.46,0.6451,0.0926,0.007158,4.477
12748,520,404,924,228,27,207,333.60,0.9711,0.5804,0.217854,28,34,4,119.73,0.8268,0.1349,0.013997,4.185
12751,520,409,929,226,19,200,334.98,0.9788,0.5697,0.208071,23,18,75,279.11,0.8220,0.1302,0.011227,4.215
12758,520,388,908,233,84,60,31.66,0.8814,0.5853,0.239934,3,44,4,143.18,0.9884,0.1524,0.018294,4.245
12759,520,466,986,217,58,0,35.56,1.0000,0.5188,0.177804,22,1,8,357.82,0.8015,0.0486,0.002098,4.373
12776,520,330,850,244,62,229,331.79,0.9534,0.6431,0.283383,91,13,20,22.40,0.8927,0.2072,0.025629,4.408
12781,520,384,904,227,7,231,327.40,0.9961,0.5891,0.222547,22,36,42,226.56,0.2939,0.1470,0.015995,4.130
12797,520,379,899,225,50,223,328.64,0.9434,0.5982,0.236187,37,40,10,114.46,0.6870,0.1629,0.019328,4.128
12800,520,397,917,229,62,159,349.61,0.8501,0.5801,0.226091,34,34,15,108.57,0.4621,0.1430,0.015186,4.235
12806,520,416,936,245,45,34,29.09,0.9671,0.5659,0.214082,27,25,38,291.25,0.2624,0.1193,0.010682,4.352
12812,520,408,928,193,71,229,317.47,0.8739,0.5702,0.215024,55,5,47,335.66,0.8007,0.1334,0.011261,4.326
12825,520,471,991,166,80,193,317.40,0.7137,0.5173,0.176954,13,1,6,349.53,0.7219,0.0352,0.001204,4.432
12835,520,431,951,157,92,228,302.95,0.7975,0.5489,0.204242,12,15,59,273.18,0.8305,0.1000,0.007355,4.433
12867,520,408,928,200,29,254,315.20,0.9953,0.5680,0.203153,45,6,68,308.56,0.8601,0.1336,0.011055,4.146
12871,520,465,985,169,91,154,334.70,0.5484,0.5171,0.182513,15,5,16,324.03,0.4829,0.0515,0.002475,4.431
12884,520,379,899,250,1,176,346.97,0.9993,0.5980,0.234837,58,25,17,34.75,0.5776,0.1564,0.016354,4.293
12891,520,454,974,232,26,79,15.86,0.9663,0.5342,0.184622,15,10,33,290.44,0.5727,0.0712,0.004284,4.322
12895,520,389,909,231,8,226,329.53,0.9955,0.5929,0.226561,27,5,105,277.56,0.9809,0.1538,0.013614,4.347
12910,520,360,880,221,94,199,334.79,0.7892,0.6236,0.275031,26,43,63,253.23,0.4247,0.1819,0.023062,4.449
12917,520,400,920,239,70,78,22.70,0.9036,0.5822,0.232842,38,26,42,317.51,0.3277,0.1367,0.013181,4.477
12934,520,362,882,242,15,226,332.06,0.9933,0.6139,0.247127,6,47,64,231.01,0.8206,0.1848,0.024418,3.993
12947,520,432,952,231,48,87,15.31,0.9117,0.5475,0.197939,34,18,2,66.61,0.7945,0.0994,0.007771,4.292
12951,520,399,919,211,89,146,353.66,0.6844,0.5761,0.230710,19,16,92,273.44,0.9347,0.1433,0.012817,4.469
12968,520,412,932,255,5,66,20.53,1.0000,0.5742,0.217657,47,17,8,37.58,0.6690,0.1198,0.010229,4.444
12972,520,429,949,238,40,60,23.07,0.9579,0.5509,0.200242,42,7,32,341.04,0.7028,0.1032,0.007486,4.353
12981,520,301,821,232,98,234,327.06,0.9073,0.6652,0.318338,75,41,46,10.81,0.3869,0.2268,0.032792,4.449
13013,520,466,986,200,59,148,346.14,0.7769,0.5197,0.175473,2,3,42,268.53,0.9677,0.0539,0.002452,4.299
13017,520,340,860,194,133,165,346.83,0.4107,0.6369,0.309621,6,57,35,159.20,0.9474,0.2047,0.030862,4.447
13025,520,421,941,203,76,174,337.77,0.7496,0.5578,0.209232,11,16,69,270.87,0.8951,0.1116,0.008714,4.415
13045,520,416,936,210,46,221,325.24,0.9327,0.5687,0.208780,29,21,55,291.30,0.5773,0.1235,0.010734,4.261
13052,520,283,803,254,125,108,29.20,0.9846,0.6918,0.368239,16,65,79,221.05,0.7491,0.2527,0.044551,4.423
13054,520,396,916,165,104,223,305.57,0.7414,0.5755,0.232281,11,39,30,169.16,0.6729,0.1446,0.016159,4.267
13067,520,475,995,212,44,136,352.89,0.8522,0.5228,0.175783,8,1,12,316.60,0.7455,0.0321,0.000999,4.427
13075,520,380,900,215,41,252,319.34,0.9869,0.5964,0.230631,64,3,61,330.57,0.8742,0.1582,0.014922,4.323
13079,520,448,968,202,79,120,2.49,0.6867,0.5367,0.195065,18,16,8,95.97,0.2991,0.0760,0.005167,4.442
13081,520,356,876,240,96,110,17.40,0.8414,0.6239,0.280197,9,52,2,140.74,0.9923,0.1823,0.025183,4.392
13086,520,471,991,173,49,226,312.94,0.9067,0.5156,0.165728,7,1,20,298.63,0.8439,0.0355,0.001174,4.216
13107,520,420,940,247,25,35,27.12,0.9867,0.5591,0.205944,25,2,74,285.94,0.9730,0.1085,0.007445,4.455
13110,520,419,939,247,22,5,29.81,0.9965,0.5565,0.203625,37,9,51,312.06,0.7473,0.1104,0.008277,4.352
13137,520,351,871,248,77,161,354.40,0.9215,0.6303,0.278406,7,53,14,145.34,0.9738,0.1866,0.026230,4.308
13142,520,451,971,219,4,174,340.64,0.9925,0.5377,0.182053,10,16,3,127.17,0.6679,0.0676,0.004417,4.264
13152,520,268,788,236,116,248,323.90,0.9603,0.7041,0.371030,48,61,72,244.13,0.2081,0.2558,0.044337,4.463
13164,520,362,882,254,73,16,35.30,0.9949,0.6080,0.258770,54,28,71,310.15,0.5914,0.1813,0.020698,4.367
13166,520,46,566,242,237,219,94.07,0.4251,0.9361,0.845604,34,122,86,161.68,0.8760,0.4421,0.149304,4.494
13174,520,385,905,215,70,201,332.03,0.8477,0.5856,0.230464,42,24,56,308.50,0.5289,0.1462,0.014311,4.361
13180,520,401,921,244,59,78,20.95,0.9350,0.5808,0.229144,31,20,78,285.02,0.7737,0.1443,0.013416,4.402
13193,520,479,999,202,63,88,14.20,0.7786,0.5059,0.168182,0,0,5,264.05,1.0000,0.0116,0.000110,4.354
13194,520,396,916,234,44,170,346.10,0.9202,0.5799,0.221989,36,26,53,299.68,0.4555,0.1408,0.013709,4.269
13215,520,477,997,199,72,53,31.13,0.8203,0.5051,0.170359,3,1,10,295.26,0.7289,0.0249,0.000630,4.352
13219,520,257,777,248,142,95,43.99,0.8815,0.7106,0.401314,70,65,12,103.80,0.8302,0.2739,0.051093,4.464
13223,520,366,886,244,65,161,352.49,0.9038,0.6110,0.255900,43,31,65,298.43,0.4919,0.1686,0.018752,4.449
13236,520,183,703,248,157,248,326.89,0.9578,0.7874,0.508496,52,89,36,137.20,0.7859,0.3334,0.080020,4.295
13238,520,456,976,214,63,72,21.88,0.8458,0.5253,0.183215,19,10,11,11.72,0.2502,0.0647,0.003797,4.335
13239,520,301,821,236,113,178,349.27,0.7792,0.6652,0.328599,8,63,33,153.75,0.9568,0.2253,0.037163,4.344
13241,520,413,933,212,33,234,322.78,0.9693,0.5737,0.210272,5,16,79,266.53,0.9514,0.1198,0.009673,4.362
13247,520,311,831,252,52,252,328.17,0.9913,0.6638,0.301826,89,28,7,38.01,0.8848,0.2197,0.029700,4.414
13250,520,464,984,222,42,50,25.16,0.9432,0.5179,0.174186,10,7,14,305.02,0.2793,0.0502,0.002482,4.272
13260,520,384,904,248,31,152,354.38,0.9642,0.5915,0.232068,0,41,27,165.07,1.0000,0.1455,0.016649,4.232
13275,520,310,830,242,85,220,333.86,0.9297,0.6569,0.305442,18,55,67,222.71,0.6386,0.2157,0.032661,4.300
13279,520,411,931,176,75,249,307.11,0.9519,0.5659,0.211026,20,16,71,278.08,0.8382,0.1200,0.009742,4.369
13288,520,457,977,219,42,124,358.91,0.8774,0.5301,0.181738,1,16,6,155.67,0.9409,0.0614,0.003902,4.299
13308,520,402,922,216,27,240,322.49,0.9812,0.5822,0.216760,38,27,19,57.36,0.2881,0.1300,0.012430,4.273
13309,520,297,817,237,108,231,329.31,0.9109,0.6845,0.345014,30,65,4,135.64,0.9815,0.2370,0.040653,4.357
13315,520,479,999,189,42,187,328.72,0.8665,0.5069,0.160641,2,0,1,344.76,1.0000,0.0130,0.000151,4.200
13316,520,325,845,235,96,203,337.59,0.8578,0.6503,0.303421,30,55,51,182.91,0.3857,0.2145,0.032473,4.285
13320,520,474,994,129,89,238,290.67,0.8624,0.5199,0.179848,9,2,4,357.28,0.4900,0.0326,0.001103,4.498
13330,520,480,1000,213,27,131,354.04,0.9173,0.5120,0.165711,0,0,0,0.00,0.0000,0.0000,0.000000,4.314
13349,520,415,935,200,52,240,317.69,0.9385,0.5709,0.210281,17,31,33,207.19,0.3073,0.1245,0.012089,4.192
13355,520,401,921,216,99,97,23.11,0.6944,0.5847,0.243879,30,36,8,120.09,0.7053,0.1435,0.015553,4.483
13359,520,267,787,252,110,227,334.87,0.9810,0.7076,0.373961,65,63,17,106.83,0.7426,0.2628,0.047193,4.362
13379,520,455,975,224,38,86,13.65,0.9239,0.5258,0.179082,29,2,1,30.06,0.9230,0.0601,0.003069,4.317
13391,520,408,928,247,16,102,9.88,0.9859,0.5673,0.211076,34,4,77,292.97,0.9378,0.1251,0.009627,4.378
13392,520,423,943,237,28,142,355.36,0.9547,0.5646,0.207911,36,9,56,306.63,0.7761,0.1131,0.008560,4.404
13399,520,368,888,212,91,200,331.55,0.7744,0.6061,0.256511,46,35,39,354.59,0.1649,0.1675,0.019294,4.423
13402,520,349,869,236,57,236,328.10,0.9568,0.6302,0.268177,15,53,17,144.21,0.9322,0.1900,0.026881,4.139
13403,520,392,912,241,78,71,26.75,0.9166,0.5940,0.246076,16,42,11,140.54,0.8978,0.1523,0.017902,4.360
13405,520,398,918,252,32,65,21.86,0.9851,0.5761,0.221138,28,14,82,282.96,0.8719,0.1362,0.011701,4.394
13410,520,479,999,173,0,241,310.82,1.0000,0.5056,0.152361,1,0,3,302.89,1.0000,0.0124,0.000130,4.037
13413,520,476,996,222,11,85,11.84,0.9829,0.5093,0.164276,0,3,1,156.67,1.0000,0.0232,0.000673,4.229
13425,520,439,959,201,12,237,319.43,0.9910,0.5501,0.187965,11,21,24,218.52,0.2863,0.0882,0.006734,4.194
13455,520,362,882,246,29,201,339.40,0.9780,0.6105,0.246917,55,23,75,309.97,0.6831,0.1771,0.019331,4.283
13458,520,428,948,249,12,47,24.49,0.9944,0.5604,0.206116,39,14,22,1.35,0.4967,0.1044,0.008034,4.413
13470,520,405,925,253,19,85,15.85,0.9882,0.5766,0.220080,57,13,5,33.39,0.8541,0.1318,0.011688,4.378
13473,520,445,965,211,45,171,340.12,0.8690,0.5387,0.186681,24,13,24,326.66,0.3536,0.0816,0.005480,4.266
13478,520,469,989,221,20,117,0.58,0.9545,0.5197,0.171595,12,1,18,315.21,0.8042,0.0396,0.001436,4.308
13493,520,473,993,167,26,254,305.88,0.9952,0.5165,0.161107,16,0,0,29.23,1.0000,0.0339,0.001102,4.131
13496,520,356,876,234,28,254,323.77,0.9965,0.6230,0.254811,76,16,17,24.29,0.8222,0.1772,0.019478,4.387
13498,520,475,995,217,53,69,21.04,0.8872,0.5201,0.177301,14,0,0,29.23,1.0000,0.0310,0.000934,4.463
13512,520,376,896,253,64,41,30.71,0.9903,0.5984,0.247132,54,30,29,22.50,0.3604,0.1634,0.018016,4.369
13513,520,465,985,93,109,227,273.75,0.8079,0.5175,0.188098,1,12,17,222.38,0.7808,0.0548,0.003099,4.484
13541,520,345,865,223,114,127,13.88,0.6594,0.6291,0.292571,18,53,13,141.26,0.9361,0.1907,0.027038,4.447
13549,520,465,985,210,69,72,23.23,0.8144,0.5249,0.184280,13,6,7,7.98,0.2600,0.0483,0.002312,4.479
13562,520,73,593,236,229,195,97.58,0.4946,0.9053,0.778120,41,116,73,154.84,0.8413,0.4218,0.134427,4.490
13582,520,465,985,203,23,189,332.19,0.9479,0.5222,0.169853,6,4,30,280.73,0.7931,0.0491,0.002193,4.212
13586,520,457,977,216,44,145,350.46,0.8646,0.5344,0.184470,13,1,38,292.29,0.9414,0.0555,0.002472,4.468
13598,520,416,936,208,13,246,319.24,0.9928,0.5691,0.203533,4,0,95,266.30,1.0000,0.1191,0.008520,4.332
13615,520,459,979,165,62,247,304.92,0.9488,0.5344,0.181606,16,7,24,307.33,0.5242,0.0609,0.003281,4.347
13646,520,360,880,251,37,192,343.09,0.9740,0.6185,0.256414,18,51,4,138.13,0.9771,0.1828,0.025049,4.083
13648,520,414,934,219,62,168,343.89,0.8294,0.5664,0.213348,29,30,7,111.36,0.6499,0.1247,0.012051,4.244
13650,520,391,911,115,130,235,275.00,0.7856,0.5863,0.256076,16,42,21,148.24,0.7379,0.1543,0.018202,4.488
13662,520,262,782,223,133,232,323.74,0.8241,0.7051,0.382908,18,72,6,140.68,0.9871,0.2555,0.047763,4.428
13675,520,469,989,229,12,18,28.32,0.9933,0.5151,0.169677,5,5,12,283.32,0.3395,0.0399,0.001673,4.251
13685,520,378,898,252,45,136,1.09,0.9726,0.6009,0.243533,25,8,112,274.75,0.9789,0.1646,0.015501,4.481
13697,520,380,900,225,18,246,323.45,0.9919,0.5988,0.230962,66,10,49,343.08,0.7634,0.1614,0.015973,4.259
13716,520,428,948,194,30,251,314.19,0.9817,0.5565,0.193642,11,23,42,259.24,0.5273,0.1034,0.008511,4.164
13736,520,325,845,239,112,106,24.75,0.8215,0.6458,0.309824,42,54,21,125.98,0.6188,0.2122,0.031847,4.396
13739,520,379,899,236,11,220,332.16,0.9939,0.5984,0.232422,61,22,17,29.41,0.6408,0.1562,0.016065,4.275
13755,520,379,899,242,27,194,340.40,0.9755,0.5985,0.235592,72,3,39,355.81,0.8820,0.1620,0.015896,4.334
13766,520,270,790,240,118,233,329.57,0.9223,0.7045,0.373675,30,64,89,242.69,0.5524,0.2615,0.046639,4.384
13774,520,447,967,191,78,178,332.32,0.7222,0.5432,0.197409,19,14,36,291.95,0.5051,0.0848,0.005799,4.434
13776,520,162,682,227,194,183,39.29,0.3694,0.8130,0.583343,10,100,12,142.84,0.9925,0.3507,0.092050,4.459
13779,520,478,998,178,80,143,343.36,0.6181,0.5073,0.171867,0,3,0,142.50,1.0000,0.0226,0.000651,4.380
13788,520,398,918,234,52,167,347.41,0.8977,0.5842,0.227412,45,26,20,38.28,0.3682,0.1378,0.013472,4.371
13790,520,450,970,207,59,165,341.58,0.8067,0.5406,0.191119,0,18,12,171.50,1.0000,0.0679,0.004591,4.417
13809,520,429,949,235,30,111,5.77,0.9500,0.5505,0.197415,3,26,25,191.19,0.7795,0.0980,0.008283,4.245
13823,520,410,930,215,71,169,342.95,0.7911,0.5695,0.218203,33,27,36,314.43,0.1956,0.1299,0.012346,4.302
13827,520,421,941,212,73,159,346.14,0.7645,0.5619,0.212674,5,19,63,265.05,0.8925,0.1080,0.008568,4.485
13854,520,477,997,156,44,247,303.13,0.9604,0.5053,0.155852,0,2,9,255.69,0.9999,0.0237,0.000631,4.066
13865,520,432,952,227,2,160,346.81,0.9965,0.5454,0.189151,25,18,29,312.97,0.2827,0.0958,0.007280,4.175
13868,520,256,776,252,118,235,332.51,0.9835,0.7229,0.396531,67,65,10,107.32,0.8555,0.2702,0.049959,4.467
13883,520,403,923,197,81,210,323.54,0.8011,0.5756,0.224097,3,33,38,210.48,0.8332,0.1254,0.012470,4.388
13884,520,315,835,241,102,193,343.19,0.8664,0.6631,0.320564,2,64,8,143.90,0.9961,0.2232,0.036971,4.261
13894,520,352,872,235,30,242,326.65,0.9853,0.6170,0.250040,28,42,70,263.18,0.4718,0.1851,0.023449,4.085
13905,520,459,979,219,58,51,27.62,0.9055,0.5263,0.183278,24,0,34,315.08,1.0000,0.0635,0.003097,4.393
13917,520,480,1000,122,81,246,288.23,0.9311,0.5067,0.166760,0,0,0,0.00,0.0000,0.0000,0.000000,4.335
13918,520,453,973,230,21,89,12.04,0.9699,0.5302,0.180836,24,9,20,337.68,0.4415,0.0724,0.004401,4.243
13923,520,436,956,203,30,222,323.31,0.9604,0.5482,0.189007,18,15,38,287.08,0.5147,0.0872,0.006102,4.260
13935,520,465,985,216,56,67,22.23,0.8799,0.5207,0.178350,1,13,10,178.97,0.8385,0.0547,0.003162,4.295
13951,520,436,956,218,69,105,10.22,0.7918,0.5477,0.201840,20,14,38,292.69,0.5332,0.0872,0.006027,4.495
13959,520,339,859,255,55,198,342.67,1.0000,0.6397,0.280729,31,50,48,187.66,0.2931,0.1985,0.027858,4.248
13983,520,470,990,205,1,185,333.86,0.9977,0.5171,0.165056,9,3,6,344.98,0.3865,0.0363,0.001364,4.187
13985,520,453,973,233,3,79,14.92,0.9968,0.5294,0.179564,13,15,10,125.31,0.1821,0.0693,0.004491,4.213
13991,520,342,862,249,97,23,41.19,0.9762,0.6293,0.287543,20,48,55,216.22,0.5094,0.1885,0.025384,4.478
13994,520,440,960,234,43,85,15.70,0.9311,0.5493,0.198791,40,1,35,333.97,0.8814,0.0923,0.005942,4.447
14020,520,341,861,250,89,80,26.91,0.9598,0.6259,0.280513,90,11,12,26.48,0.9306,0.2020,0.024399,4.442
14022,520,415,935,206,7,249,318.12,0.9963,0.5670,0.201150,41,3,66,306.59,0.9161,0.1220,0.009299,4.235
14030,520,342,862,243,102,50,39.38,0.9170,0.6280,0.287908,11,50,54,204.90,0.7291,0.1904,0.026186,4.435
14065,520,384,904,242,39,167,348.67,0.9447,0.5905,0.231214,10,38,41,204.96,0.6261,0.1456,0.016108,4.254
14073,520,144,664,250,175,253,325.36,0.9853,0.8255,0.580774,73,87,97,239.18,0.1575,0.3626,0.090958,4.475
14080,520,457,977,224,42,82,15.51,0.9167,0.5277,0.181152,1,6,42,265.09,0.9483,0.0593,0.003038,4.358
14081,520,381,901,219,78,194,335.52,0.8207,0.5972,0.244060,40,12,97,288.49,0.9036,0.1639,0.015771,4.471
14098,520,408,928,151,101,251,294.93,0.9407,0.5745,0.228518,25,29,49,274.44,0.3747,0.1340,0.013071,4.416
14100,520,350,870,249,0,238,330.82,1.0000,0.6314,0.263158,25,47,59,233.67,0.4184,0.1905,0.025554,4.145
14107,520,443,963,204,26,215,325.39,0.9630,0.5430,0.184843,26,7,30,320.49,0.6271,0.0766,0.004653,4.297
14110,520,449,969,205,24,206,328.01,0.9607,0.5376,0.180905,33,0,14,356.79,1.0000,0.0672,0.003551,4.312
14120,520,445,965,212,66,121,1.54,0.7745,0.5382,0.192762,4,18,28,239.67,0.6037,0.0775,0.005422,4.380
14129,520,450,970,188,16,251,312.78,0.9898,0.5419,0.180282,7,2,55,274.03,0.9790,0.0701,0.003644,4.293
14138,520,385,905,215,89,164,346.45,0.7184,0.5902,0.242742,15,33,63,260.03,0.6314,0.1472,0.015481,4.471
14153,520,358,878,223,96,179,343.13,0.7470,0.6198,0.273106,21,49,4,136.21,0.9690,0.1777,0.023648,4.387
14156,520,446,966,186,42,234,315.35,0.9411,0.5368,0.180368,3,22,21,190.69,0.7214,0.0846,0.006473,4.079
14161,520,459,979,217,4,167,342.29,0.9914,0.5300,0.176310,2,0,52,267.73,1.0000,0.0586,0.002608,4.302
14171,520,383,903,253,37,139,359.79,0.9824,0.5993,0.240734,50,29,10,60.62,0.6204,0.1505,0.015788,4.419
14172,520,405,925,245,47,98,13.06,0.9360,0.5773,0.223307,7,28,63,259.91,0.7961,0.1302,0.012345,4.384
14180,520,289,809,247,114,178,352.26,0.8726,0.6837,0.350259,11,59,95,246.47,0.8073,0.2434,0.040251,4.435
14183,520,376,896,226,31,238,325.40,0.9799,0.5993,0.233240,50,19,74,306.70,0.7285,0.1627,0.016383,4.267
14194,520,446,966,203,60,178,335.87,0.8118,0.5416,0.191444,35,3,26,340.78,0.7680,0.0815,0.004971,4.392
14197,520,421,941,200,68,206,326.05,0.8353,0.5621,0.208714,24,10,66,285.99,0.8486,0.1092,0.008046,4.457
14206,520,369,889,228,31,247,323.85,0.9840,0.6091,0.241916,74,16,14,26.68,0.8333,0.1724,0.018584,4.256
14219,520,369,889,240,49,194,340.29,0.9379,0.6065,0.246198,15,17,113,269.14,0.9707,0.1694,0.016946,4.424
14224,520,407,927,184,79,229,314.04,0.8499,0.5667,0.214405,20,33,23,151.10,0.3624,0.1289,0.012983,4.198
14233,520,162,682,251,168,236,333.35,0.9679,0.8060,0.545725,2,100,7,142.96,0.9986,0.3492,0.091422,4.212
14246,520,467,987,147,61,255,297.56,1.0000,0.5171,0.167608,10,2,23,300.80,0.7786,0.0431,0.001698,4.209
14253,520,339,859,252,27,230,333.34,0.9894,0.6376,0.271956,63,9,106,302.72,0.9137,0.2023,0.022928,4.415
14260,520,358,878,209,114,150,356.94,0.5694,0.6154,0.277937,42,44,11,112.48,0.7042,0.1803,0.023178,4.481
14264,520,401,921,233,63,129,1.91,0.8516,0.5767,0.224665,19,20,82,273.85,0.8744,0.1382,0.012479,4.396
14268,520,429,949,236,44,71,20.39,0.9422,0.5513,0.200923,4,21,51,259.72,0.8194,0.1010,0.008011,4.325
14273,520,479,999,189,2,210,322.71,0.9966,0.5062,0.155169,1,0,4,296.85,1.0000,0.0133,0.000152,4.091
14289,520,413,933,250,30,35,27.52,0.9838,0.5676,0.213776,37,9,64,302.10,0.8140,0.1217,0.009589,4.427
14293,520,352,872,228,113,4,52.40,0.9914,0.6183,0.283155,10,47,71,241.91,0.7495,0.1907,0.025524,4.411
14309,520,474,994,176,53,215,316.44,0.8746,0.5151,0.166837,7,1,4,344.88,0.6151,0.0272,0.000757,4.272
14312,520,46,566,236,237,238,247.84,0.0407,0.9367,0.845742,19,124,80,158.92,0.9603,0.4433,0.151323,4.449
14320,520,477,997,217,32,108,3.85,0.9132,0.5141,0.168700,0,1,15,263.52,1.0011,0.0235,0.000562,4.325
14332,520,397,917,219,33,232,325.05,0.9715,0.5840,0.219761,38,26,42,317.51,0.3277,0.1367,0.013181,4.270
14341,520,370,890,232,91,124,8.93,0.7805,0.6068,0.260959,41,31,73,291.65,0.5651,0.1723,0.019324,4.486
14346,520,1,521,255,255,255,0.00,0.0000,1.0000,1.000000,46,135,78,151.95,0.8845,0.4850,0.184581,4.476
14355,520,445,965,156,89,226,303.41,0.7964,0.5414,0.197041,10,16,37,269.59,0.5506,0.0823,0.005687,4.436
14360,520,383,903,237,30,211,334.70,0.9748,0.6003,0.236390,68,8,22,13.44,0.8314,0.1524,0.014607,4.433
14372,520,400,920,248,51,3,32.67,0.9977,0.5751,0.223342,32,26,59,289.42,0.5256,0.1406,0.013616,4.297
14377,520,207,727,233,160,232,327.14,0.7924,0.7671,0.482929,59,82,0,125.98,1.0000,0.3130,0.069643,4.454
14378,520,366,886,219,64,243,321.90,0.9477,0.6131,0.251998,51,32,51,326.67,0.3597,0.1727,0.019759,4.329
14395,520,362,882,241,74,146,358.25,0.8674,0.6088,0.256766,78,13,34,6.77,0.7828,0.1825,0.020233,4.368
14401,520,349,869,245,38,235,330.57,0.9806,0.6331,0.267997,39,34,85,283.73,0.6275,0.1866,0.022312,4.398
14406,520,476,996,205,27,150,345.22,0.9070,0.5051,0.159671,4,0,7,315.09,1.0000,0.0210,0.000412,4.159
14425,520,396,916,223,54,199,334.70,0.9024,0.5829,0.224522,39,29,28,24.94,0.1666,0.1391,0.013939,4.293
14433,520,237,757,240,124,254,323.19,0.9940,0.7250,0.400983,81,61,74,339.75,0.2207,0.2929,0.055814,4.262
14442,520,387,907,255,3,143,357.86,1.0000,0.5940,0.233120,10,30,82,264.43,0.8672,0.1541,0.016022,4.288
14443,520,373,893,247,70,101,15.49,0.9310,0.6021,0.250974,2,36,79,256.38,0.9427,0.1630,0.018391,4.401
14452,520,421,941,242,40,25,29.72,0.9767,0.5557,0.204684,33,6,58,302.50,0.8380,0.1066,0.007591,4.422
14463,520,388,908,221,29,236,324.65,0.9791,0.5885,0.223091,59,23,5,45.21,0.7944,0.1523,0.015537,4.167
14468,520,353,873,241,30,224,332.32,0.9818,0.6155,0.250140,14,9,125,268.32,0.9900,0.1772,0.017693,4.434
14478,520,390,910,240,11,197,339.01,0.9919,0.5918,0.227988,63,19,9,34.29,0.7819,0.1535,0.015424,4.249
14483,520,476,996,164,72,209,312.60,0.7911,0.5143,0.171314,7,0,5,336.40,1.0000,0.0242,0.000561,4.377
14485,520,386,906,252,3,150,355.14,0.9976,0.5907,0.229661,38,19,79,291.92,0.7691,0.1514,0.014423,4.341
14487,520,374,894,233,32,221,331.20,0.9744,0.6003,0.235797,42,26,72,296.38,0.6281,0.1623,0.016989,4.266
14498,520,448,968,219,69,11,37.22,0.9801,0.5356,0.193430,9,2,63,274.06,0.9839,0.0811,0.004603,4.458
14537,520,441,961,234,40,69,20.36,0.9481,0.5441,0.194428,40,1,23,350.12,0.8730,0.0858,0.005348,4.416
14538,520,365,885,204,86,243,316.66,0.9208,0.6142,0.259654,5,48,17,148.36,0.9705,0.1690,0.021865,4.309
14558,520,477,997,130,98,199,295.89,0.6399,0.5070,0.176048,1,1,3,282.35,0.4200,0.0178,0.000347,4.490
14561,520,476,996,139,81,225,298.03,0.8146,0.5072,0.168102,8,0,3,351.24,1.0000,0.0245,0.000582,4.312
14565,520,213,733,245,155,197,350.67,0.7961,0.7583,0.468885,35,84,9,137.72,0.9796,0.3039,0.067175,4.428
14574,520,459,979,224,40,100,8.77,0.9075,0.5308,0.182877,20,10,5,51.69,0.4073,0.0642,0.003768,4.331
14581,520,189,709,235,172,191,359.19,0.5837,0.7772,0.509304,32,89,41,146.54,0.8996,0.3232,0.076117,4.435
14594,520,345,865,227,112,114,20.53,0.7096,0.6284,0.291365,13,51,41,172.38,0.7506,0.1887,0.026132,4.484
14608,520,455,975,226,25,101,7.53,0.9525,0.5268,0.178064,19,0,35,306.20,1.0000,0.0575,0.002598,4.336
14610,520,459,979,192,63,178,332.52,0.7826,0.5261,0.179774,2,15,2,143.25,0.9449,0.0584,0.003589,4.288
14612,520,446,966,222,13,167,343.57,0.9764,0.5416,0.186100,22,8,39,301.21,0.6877,0.0794,0.004907,4.300
14634,520,144,664,254,182,229,340.17,0.9848,0.8338,0.601857,25,100,55,152.52,0.9304,0.3601,0.095965,4.466
14641,520,464,984,220,10,126,356.82,0.9773,0.5180,0.169417,0,4,37,263.46,1.0009,0.0494,0.002204,4.203
14648,520,432,952,175,58,255,306.74,1.0000,0.5512,0.193608,28,1,65,293.95,0.9761,0.1001,0.006502,4.311
14669,520,454,974,227,12,123,359.35,0.9782,0.5317,0.180267,18,3,45,293.24,0.8794,0.0711,0.003832,4.278
14671,520,0,520,255,255,255,0.00,0.0000,1.0000,1.000000,1,139,54,148.01,0.9993,0.4846,0.187372,4.423
14682,520,331,851,247,102,65,35.38,0.9345,0.6366,0.296617,26,53,36,154.93,0.5470,0.2002,0.028931,4.391
14695,520,477,997,134,83,230,294.84,0.8327,0.5087,0.169681,3,0,8,305.48,1.0000,0.0200,0.000369,4.361
14705,520,298,818,243,128,38,52.62,0.9376,0.6706,0.346358,9,61,71,214.14,0.8354,0.2337,0.038503,4.478
14745,520,341,861,246,70,177,347.80,0.9215,0.6263,0.271505,9,50,65,227.33,0.7763,0.1957,0.027208,4.164
14750,520,453,973,234,15,48,23.75,0.9895,0.5292,0.180506,30,3,17,350.59,0.7317,0.0689,0.003817,4.283
14756,520,385,905,255,23,125,4.00,1.0000,0.5925,0.233572,66,10,11,24.97,0.8672,0.1479,0.013997,4.431
14762,520,302,822,255,71,226,335.24,1.0000,0.6675,0.312606,13,44,124,263.96,0.9215,0.2312,0.033419,4.347
14777,520,420,940,215,18,219,327.31,0.9825,0.5621,0.199962,1,25,55,254.42,0.9346,0.1127,0.009775,4.182
14778,520,448,968,127,91,255,287.38,1.0000,0.5360,0.192139,23,16,5,79.68,0.5036,0.0808,0.005637,4.352
14793,520,385,905,198,78,239,316.21,0.9051,0.5929,0.236878,0,28,88,261.47,1.0000,0.1516,0.015350,4.390
14818,520,447,967,201,73,159,342.95,0.7349,0.5431,0.196876,12,21,9,138.06,0.4768,0.0840,0.006342,4.382
14832,520,375,895,239,31,202,337.56,0.9710,0.5991,0.235978,54,29,19,42.36,0.4745,0.1585,0.017101,4.262
14838,520,477,997,227,13,50,22.82,0.9892,0.5139,0.168520,0,0,15,264.05,1.0000,0.0196,0.000345,4.340
14841,520,200,720,253,154,193,355.19,0.9320,0.7656,0.478465,65,82,11,122.91,0.9131,0.3190,0.071825,4.338
14859,520,350,870,246,64,187,344.25,0.9326,0.6254,0.268505,42,43,55,281.22,0.1791,0.1912,0.024958,4.249
14880,520,480,1000,192,47,180,331.80,0.8408,0.5116,0.165364,0,0,0,0.00,0.0000,0.0000,0.000000,4.307
14891,520,466,986,218,39,90,11.50,0.9051,0.5153,0.170972,12,9,5,80.00,0.2507,0.0534,0.002845,4.182
14893,520,454,974,159,68,248,302.26,0.9494,0.5340,0.182829,14,9,41,284.82,0.7120,0.0745,0.004488,4.273
14896,520,457,977,234,17,1,29.85,0.9991,0.5267,0.178987,4,15,3,141.19,0.8409,0.0603,0.003740,4.261
14898,520,458,978,195,20,224,320.76,0.9759,0.5321,0.174858,28,0,5,10.75,1.0000,0.0553,0.002579,4.277
14902,520,368,888,237,79,154,354.93,0.8364,0.6104,0.259324,24,35,75,269.30,0.6221,0.1677,0.019042,4.480
14904,520,359,879,255,1,201,341.15,1.0000,0.6204,0.255022,52,5,105,295.68,0.9548,0.1821,0.018585,4.447
14909,520,438,958,197,67,195,328.48,0.8089,0.5492,0.198263,21,9,51,290.07,0.7745,0.0899,0.005938,4.438
14917,520,453,973,183,94,114,7.00,0.5306,0.5273,0.192890,4,13,29,258.42,0.6167,0.0660,0.004024,4.496
14945,520,470,990,200,30,189,331.37,0.9237,0.5200,0.168839,8,4,4,18.81,0.2283,0.0372,0.001472,4.252
14947,520,478,998,159,80,191,315.10,0.7011,0.5060,0.168705,1,0,14,276.73,1.0000,0.0206,0.000382,4.341
14953,520,442,962,224,42,118,2.19,0.8918,0.5378,0.188139,12,8,46,280.38,0.8057,0.0754,0.004491,4.370
14979,520,341,861,223,122,16,57.45,0.9600,0.6272,0.296467,10,57,22,147.88,0.9559,0.2028,0.030486,4.305
14985,520,464,984,221,41,96,9.91,0.9005,0.5244,0.178052,13,7,11,338.45,0.2432,0.0519,0.002617,4.334
14998,520,409,929,229,31,178,342.11,0.9482,0.5673,0.208550,3,21,84,264.43,0.9469,0.1338,0.011957,4.173
15003,520,470,990,206,40,166,340.33,0.8713,0.5232,0.173946,11,1,19,311.06,0.8164,0.0391,0.001399,4.357
15010,520,352,872,231,71,215,332.30,0.9047,0.6212,0.264041,38,48,23,126.79,0.4999,0.1904,0.025878,4.139
15015,520,478,998,219,39,56,23.01,0.9405,0.5104,0.167993,3,1,3,326.97,0.4506,0.0211,0.000476,4.319
15020,520,193,713,246,152,250,325.53,0.9686,0.7769,0.489533,96,70,37,71.47,0.5244,0.3245,0.070009,4.496
15027,520,479,999,220,28,60,20.72,0.9611,0.5063,0.163751,2,0,3,318.71,1.0000,0.0147,0.000195,4.258
15041,520,437,957,244,27,34,27.35,0.9842,0.5535,0.201359,14,13,55,277.12,0.7967,0.0939,0.006570,4.443
15043,520,311,831,220,124,177,346.82,0.6336,0.6596,0.328071,20,58,60,200.02,0.6129,0.2224,0.035009,4.447
15052,520,442,962,203,30,217,324.57,0.9561,0.5446,0.186366,19,17,24,298.05,0.1865,0.0847,0.006053,4.217
15055,520,452,972,170,89,176,324.70,0.6238,0.5269,0.188263,3,5,52,268.42,0.9635,0.0692,0.003758,4.432
15057,520,407,927,189,55,253,311.52,0.9878,0.5670,0.206442,45,14,56,316.06,0.7000,0.1333,0.011575,4.165
15064,520,400,920,229,20,202,335.16,0.9796,0.5767,0.214252,8,13,99,267.59,0.9764,0.1422,0.012402,4.235
15071,520,455,975,197,80,110,7.07,0.6656,0.5262,0.187352,10,9,18,289.00,0.3011,0.0563,0.003036,4.475
15089,520,448,968,225,57,46,28.70,0.9228,0.5366,0.191339,39,3,17,0.30,0.7888,0.0849,0.005370,4.359
15090,520,369,889,244,82,110,14.21,0.8906,0.6124,0.263966,39,40,13,110.92,0.6091,0.1655,0.019780,4.499
15096,520,298,818,207,118,245,314.84,0.8974,0.6662,0.328160,53,49,76,290.35,0.3284,0.2304,0.034753,4.462
15097,520,359,879,244,30,217,334.76,0.9810,0.6165,0.251744,68,29,8,46.10,0.7668,0.1809,0.021254,4.235
15105,520,385,905,251,46,98,13.65,0.9706,0.5886,0.233486,16,41,31,165.38,0.5694,0.1539,0.017949,4.172
15107,520,443,963,201,81,124,0.66,0.6739,0.5393,0.197595,29,14,2,62.83,0.7476,0.0835,0.005797,4.437
15109,520,410,930,251,37,14,30.36,0.9907,0.5722,0.218678,7,29,62,258.47,0.7797,0.1319,0.012716,4.284
15122,520,408,928,252,7,64,20.86,0.9964,0.5679,0.212213,27,17,68,285.67,0.7602,0.1251,0.010512,4.333
15130,520,409,929,223,3,219,329.33,0.9976,0.5730,0.208699,18,28,57,267.53,0.5659,0.1314,0.012545,4.136
15134,520,442,962,191,30,241,315.53,0.9704,0.5434,0.183571,31,3,32,326.64,0.7788,0.0783,0.004608,4.277
15147,520,471,991,229,12,30,26.79,0.9926,0.5159,0.170177,12,1,9,336.01,0.7273,0.0353,0.001196,4.301
15210,520,334,854,232,67,241,325.75,0.9482,0.6352,0.275233,38,46,58,258.35,0.2125,0.1972,0.026715,4.239
15215,520,333,853,253,82,143,2.69,0.9697,0.6382,0.289038,3,57,27,152.83,0.9830,0.2017,0.030246,4.225
15216,520,341,861,219,78,248,320.28,0.9625,0.6304,0.272880,89,1,34,7.88,0.9772,0.1964,0.022614,4.447
15220,520,412,932,229,51,155,350.32,0.8801,0.5687,0.213949,5,23,71,263.92,0.9068,0.1247,0.010999,4.327
15245,520,379,899,194,75,255,311.51,1.0000,0.5956,0.237226,63,20,27,13.12,0.6218,0.1591,0.016364,4.328
15256,520,372,892,227,92,165,349.67,0.7596,0.6145,0.267042,5,42,66,242.54,0.8184,0.1707,0.020814,4.477
15267,520,380,900,242,83,53,32.80,0.9276,0.5997,0.253240,49,35,15,74.65,0.5284,0.1646,0.018896,4.401
15270,520,349,869,254,16,217,336.91,0.9951,0.6303,0.264545,6,38,97,261.28,0.9264,0.1868,0.022879,4.316
15296,520,466,986,186,94,37,48.65,0.7999,0.5163,0.185796,1,11,11,195.03,0.7676,0.0501,0.002699,4.474
15310,520,465,985,218,30,118,0.13,0.9182,0.5185,0.171445,17,3,16,329.95,0.6313,0.0494,0.002217,4.241
15317,520,325,845,243,89,194,342.48,0.8991,0.6499,0.300973,21,39,115,267.50,0.8828,0.2137,0.028481,4.472
15324,520,467,987,195,18,215,323.00,0.9742,0.5245,0.169426,18,0,2,14.27,1.0000,0.0377,0.001330,4.275
15327,520,475,995,232,10,0,29.61,1.0000,0.5205,0.173760,3,3,5,284.80,0.1947,0.0291,0.000954,4.391
15331,520,301,821,254,91,191,346.33,0.9883,0.6691,0.323177,39,41,119,275.59,0.7834,0.2337,0.033490,4.470
15334,520,480,1000,211,12,141,349.52,0.9655,0.5068,0.160372,0,0,0,0.00,0.0000,0.0000,0.000000,4.207
15336,520,414,934,229,79,23,37.89,0.9606,0.5679,0.223146,5,31,45,235.79,0.7340,0.1243,0.012016,4.404
15337,520,322,842,243,74,225,332.63,0.9433,0.6498,0.293912,57,45,53,338.62,0.1726,0.2129,0.030037,4.297
15341,520,317,837,221,138,64,59.39,0.7735,0.6593,0.339213,11,63,23,147.10,0.9635,0.2240,0.036879,4.480
15353,520,463,983,237,1,24,27.35,0.9995,0.5303,0.180955,16,3,15,330.03,0.6137,0.0477,0.002098,4.433
15354,520,396,916,248,18,126,2.35,0.9825,0.5771,0.218989,4,40,17,151.49,0.9564,0.1412,0.015838,4.086
15361,520,460,980,235,12,69,18.39,0.9895,0.5337,0.183580,15,9,17,317.58,0.2935,0.0605,0.003374,4.376
15362,520,393,913,228,15,222,329.78,0.9899,0.5863,0.221120,39,26,53,305.09,0.4579,0.1445,0.014272,4.218
15365,520,470,990,180,77,175,329.47,0.6991,0.5227,0.181074,4,2,31,277.44,0.9193,0.0433,0.001681,4.471
15380,520,415,935,222,60,171,343.52,0.8469,0.5713,0.217040,28,9,74,287.13,0.8832,0.1208,0.009366,4.498
15427,520,446,966,184,82,179,329.41,0.6928,0.5385,0.194809,1,16,39,255.15,0.8920,0.0776,0.005235,4.432
15436,520,417,937,231,73,60,28.66,0.8893,0.5676,0.220831,16,33,16,144.14,0.5980,0.1241,0.012353,4.344
15446,520,466,986,190,10,229,318.29,0.9897,0.5249,0.168228,4,8,15,255.28,0.3689,0.0475,0.002340,4.169
15471,520,455,975,204,76,106,9.25,0.7129,0.5315,0.190489,20,10,0,76.37,1.0000,0.0628,0.003658,4.482
15475,520,381,901,245,73,73,25.09,0.9380,0.5961,0.246619,21,38,55,249.54,0.4377,0.1592,0.018214,4.348
15491,520,440,960,214,1,212,328.87,0.9989,0.5516,0.190734,16,20,22,229.34,0.1108,0.0885,0.006684,4.247
15495,520,474,994,185,16,230,316.57,0.9825,0.5190,0.163993,1,1,24,269.86,0.9694,0.0315,0.000941,4.201
15503,520,440,960,236,24,107,6.97,0.9651,0.5487,0.195508,41,6,3,30.95,0.8620,0.0899,0.006083,4.378
15507,520,403,923,207,73,200,329.97,0.8197,0.5753,0.222024,41,27,11,68.42,0.5217,0.1324,0.012795,4.332
15509,520,394,914,239,12,196,339.06,0.9907,0.5896,0.226021,63,10,11,24.66,0.8516,0.1415,0.012982,4.383
15511,520,331,851,244,57,222,333.59,0.9535,0.6350,0.274361,36,6,135,276.99,0.9873,0.2036,0.022545,4.471
15520,520,399,919,227,86,47,35.99,0.8917,0.5757,0.231944,51,20,30,1.28,0.5043,0.1383,0.012980,4.477
15527,520,379,899,252,60,92,17.36,0.9762,0.6001,0.247034,46,20,76,301.14,0.7295,0.1604,0.016030,4.498
15540,520,435,955,238,38,6,31.15,0.9947,0.5453,0.195798,22,16,40,293.01,0.5103,0.0946,0.006944,4.317
15550,520,415,935,254,9,49,24.22,0.9962,0.5706,0.214918,18,28,37,246.22,0.2970,0.1186,0.010927,4.348
15551,520,301,821,235,133,34,57.88,0.9288,0.6674,0.345552,23,63,37,152.68,0.7764,0.2317,0.038706,4.459
15553,520,396,916,237,37,173,345.62,0.9436,0.5828,0.223477,53,21,23,17.76,0.5211,0.1413,0.013552,4.303
15556,520,476,996,209,38,140,350.28,0.8683,0.5145,0.168372,1,2,1,144.61,0.3698,0.0208,0.000521,4.322
15564,520,442,962,240,19,46,24.64,0.9880,0.5431,0.191916,10,12,45,274.94,0.7443,0.0801,0.005169,4.385
15565,520,463,983,183,22,242,313.20,0.9800,0.5281,0.170530,17,4,18,324.95,0.5882,0.0526,0.002497,4.201
15589,520,435,955,210,63,156,346.02,0.7918,0.5456,0.196591,40,1,39,329.38,0.8939,0.0949,0.006194,4.388
15592,520,420,940,248,20,3,29.81,0.9979,0.5578,0.204670,16,19,61,274.45,0.7508,0.1126,0.009128,4.307
15601,520,467,987,197,75,98,11.96,0.6977,0.5153,0.177862,1,6,22,259.82,0.8154,0.0435,0.001946,4.386
15603,520,425,945,128,104,250,286.08,0.9341,0.5555,0.213916,3,33,2,142.14,0.9845,0.1144,0.011114,4.318
15623,520,2,522,255,255,255,0.00,0.0000,1.0000,1.000000,9,134,115,177.89,0.9748,0.4848,0.183452,4.498
15624,520,468,988,210,41,135,352.60,0.8582,0.5163,0.170390,7,2,15,304.09,0.6734,0.0353,0.001231,4.302
15632,520,459,979,230,18,97,9.18,0.9732,0.5313,0.181216,11,6,30,289.31,0.6676,0.0578,0.002951,4.367
15646,520,444,964,186,70,200,323.24,0.7942,0.5383,0.189908,1,12,55,263.61,0.9649,0.0834,0.005452,4.326
15665,520,458,978,193,21,228,319.23,0.9760,0.5322,0.174767,1,1,56,265.73,0.9957,0.0646,0.003137,4.230
15687,520,373,893,254,56,61,25.48,0.9945,0.5954,0.242398,13,39,56,240.27,0.6102,0.1583,0.018220,4.286
15709,520,401,921,250,33,94,13.67,0.9680,0.5780,0.222235,6,12,96,266.94,0.9786,0.1360,0.011461,4.429
15712,520,290,810,251,90,225,334.80,0.9772,0.6798,0.332607,85,42,19,46.94,0.6776,0.2392,0.036345,4.431
15714,520,412,932,217,32,223,326.74,0.9659,0.5738,0.211145,46,20,5,49.47,0.7182,0.1233,0.010922,4.287
15715,520,377,897,245,54,157,353.29,0.9189,0.6018,0.244883,40,31,52,303.40,0.3501,0.1566,0.016790,4.415
15716,520,339,859,190,119,230,312.19,0.7625,0.6372,0.298548,39,50,47,176.80,0.1574,0.2046,0.029177,4.402
15724,520,375,895,239,88,41,36.91,0.9320,0.5997,0.254933,34,35,52,281.37,0.2793,0.1600,0.017901,4.491
15739,520,333,853,233,73,236,327.17,0.9344,0.6392,0.281472,67,22,84,315.25,0.7343,0.2015,0.024073,4.475
15742,520,449,969,239,22,19,28.82,0.9882,0.5399,0.189749,26,8,3,41.96,0.6435,0.0679,0.003999,4.440
15748,520,424,944,241,48,51,26.30,0.9539,0.5616,0.210570,7,10,81,268.54,0.9698,0.1142,0.008563,4.449
15753,520,399,919,246,58,61,25.57,0.9553,0.5812,0.229593,35,30,40,307.55,0.1944,0.1417,0.014391,4.342
15754,520,377,897,236,82,119,9.60,0.8274,0.6004,0.252022,36,40,9,116.06,0.7141,0.1617,0.019124,4.369
15762,520,397,917,252,27,100,11.67,0.9797,0.5808,0.224031,26,35,36,204.71,0.1605,0.1445,0.015490,4.184
15782,520,368,888,249,78,97,18.60,0.9444,0.6138,0.264549,47,38,4,93.89,0.8510,0.1683,0.019994,4.494
15783,520,470,990,227,29,2,30.71,0.9978,0.5168,0.172170,8,3,18,300.10,0.6372,0.0406,0.001604,4.305
15788,520,368,888,237,2,230,329.98,0.9991,0.6052,0.237638,31,45,5,127.01,0.8967,0.1719,0.021790,4.007
15794,520,435,955,233,32,118,3.09,0.9402,0.5497,0.196677,30,10,26,335.27,0.5223,0.0853,0.005677,4.430
15797,520,371,891,251,44,154,354.90,0.9653,0.6050,0.246471,75,2,39,357.28,0.9187,0.1676,0.016860,4.434
15807,520,342,862,225,63,252,321.43,0.9863,0.6280,0.265929,28,29,104,274.37,0.8591,0.1857,0.021250,4.434
15819,520,462,982,176,58,233,311.79,0.8998,0.5342,0.181403,0,11,0,142.50,1.0000,0.0456,0.002393,4.417
15836,520,394,914,237,29,185,341.86,0.9649,0.5851,0.223889,12,19,92,269.02,0.9435,0.1439,0.013165,4.336
15841,520,411,931,190,91,189,327.79,0.6907,0.5667,0.221047,11,32,4,138.10,0.9386,0.1156,0.011129,4.434
15851,520,471,991,216,4,153,346.53,0.9899,0.5207,0.169881,4,7,4,144.79,0.2933,0.0410,0.001865,4.239
15853,520,404,924,238,47,157,351.41,0.9145,0.5835,0.226475,34,29,7,96.74,0.6431,0.1276,0.012342,4.435
15855,520,12,532,242,254,254,196.95,0.8575,0.9862,0.969162,2,137,6,142.69,0.9992,0.4741,0.179166,4.447
15856,520,385,905,253,52,25,31.05,0.9917,0.5869,0.234125,20,39,23,148.15,0.5325,0.1475,0.016616,4.265
15859,520,303,823,223,104,243,321.68,0.9264,0.6655,0.320614,89,31,51,1.62,0.6166,0.2345,0.033432,4.442
15881,520,390,910,254,20,124,4.05,0.9921,0.5892,0.230301,28,29,70,278.61,0.6101,0.1522,0.015678,4.268
15892,520,408,928,250,0,109,7.66,1.0000,0.5720,0.214317,58,1,38,346.97,0.9184,0.1294,0.010613,4.361
15902,520,380,900,233,37,224,330.44,0.9700,0.6046,0.240311,44,11,89,295.14,0.8788,0.1589,0.014961,4.469
15907,520,452,972,221,34,125,358.37,0.9094,0.5293,0.179995,25,5,24,329.47,0.6418,0.0682,0.003812,4.274
15909,520,257,777,254,137,96,39.80,0.9801,0.7105,0.398097,3,71,75,201.40,0.9581,0.2664,0.050336,4.466
15931,520,402,922,248,23,130,1.22,0.9757,0.5800,0.221844,41,26,7,70.56,0.6382,0.1293,0.012256,4.367
15948,520,475,995,228,21,60,20.78,0.9782,0.5201,0.173595,6,2,14,301.61,0.6561,0.0337,0.001138,4.372
15954,520,396,916,219,14,235,324.49,0.9915,0.5795,0.213744,25,36,28,153.07,0.2659,0.1435,0.015522,4.025
15956,520,468,988,230,6,21,27.77,0.9966,0.5160,0.170105,7,0,25,294.18,1.0000,0.0363,0.001154,4.303
15961,520,8,528,238,255,255,196.87,1.0000,0.9855,0.969166,24,135,55,147.46,0.9784,0.4746,0.177972,4.471
15966,520,430,950,210,35,204,329.83,0.9372,0.5503,0.192653,14,25,18,156.03,0.3421,0.0992,0.008323,4.161
16000,520,447,967,176,71,222,313.62,0.8396,0.5400,0.190114,16,18,6,116.31,0.4602,0.0785,0.005559,4.322
16003,520,369,889,206,87,237,318.73,0.8931,0.6143,0.260541,20,47,11,138.76,0.9087,0.1713,0.022059,4.310
16012,520,474,994,174,75,185,323.57,0.7228,0.5167,0.175347,12,0,6,344.97,1.0000,0.0310,0.000913,4.426
16054,520,476,996,208,21,153,344.81,0.9356,0.5098,0.162483,7,0,0,29.23,1.0000,0.0213,0.000452,4.212
16128,520,377,897,231,72,178,343.99,0.8467,0.6025,0.248406,3,42,50,214.88,0.8851,0.1600,0.019055,4.321
16139,520,363,883,248,21,198,340.57,0.9863,0.6098,0.245732,52,17,77,307.31,0.7638,0.1654,0.016668,4.436
16147,520,402,922,237,43,167,347.71,0.9269,0.5835,0.225252,12,24,72,267.84,0.8393,0.1314,0.011992,4.440
16149,520,398,918,220,24,234,324.91,0.9830,0.5834,0.218116,22,14,89,276.35,0.9259,0.1391,0.012059,4.320
16159,520,464,984,220,48,43,27.72,0.9353,0.5178,0.175066,13,6,2,62.84,0.5107,0.0466,0.002202,4.311
16175,520,452,972,168,83,198,316.39,0.7181,0.5280,0.185894,1,0,63,265.36,1.0000,0.0717,0.003653,4.397
16179,520,397,917,200,65,240,317.21,0.9241,0.5825,0.223526,9,39,31,172.41,0.7218,0.1441,0.016080,4.139
16195,520,469,989,202,52,160,341.70,0.8148,0.5223,0.175525,21,0,0,29.23,1.0000,0.0416,0.001595,4.371
16199,520,423,943,243,40,80,17.83,0.9539,0.5646,0.211548,1,13,79,264.48,0.9712,0.1127,0.008587,4.464
16213,520,447,967,178,80,197,320.86,0.7391,0.5374,0.192346,18,17,21,297.01,0.1107,0.0825,0.005836,4.340
16218,520,438,958,239,17,115,4.44,0.9787,0.5549,0.199926,1,27,8,150.54,0.9822,0.0948,0.008078,4.303
16247,520,472,992,217,53,43,28.61,0.9219,0.5163,0.174749,8,2,4,354.20,0.4591,0.0315,0.001038,4.404
16252,520,397,917,246,39,102,11.10,0.9510,0.5751,0.220066,63,6,23,9.28,0.8301,0.1398,0.012491,4.322
16265,520,211,731,251,145,231,334.34,0.9702,0.7623,0.465318,8,89,30,146.75,0.9886,0.3144,0.072898,4.193
16267,520,453,973,222,4,139,352.60,0.9911,0.5261,0.174832,24,8,28,319.37,0.5672,0.0746,0.004517,4.124
16278,520,435,955,241,21,62,21.17,0.9840,0.5480,0.195883,10,18,38,265.98,0.5371,0.0876,0.006371,4.362
16283,520,468,988,205,74,7,40.56,0.9797,0.5154,0.178942,16,4,0,55.10,1.0000,0.0446,0.001970,4.405
16309,520,412,932,249,28,51,24.55,0.9828,0.5662,0.212129,52,7,16,13.82,0.7829,0.1160,0.009196,4.428
16322,520,436,956,226,51,119,3.07,0.8682,0.5490,0.198710,26,20,3,91.70,0.7203,0.0936,0.007265,4.343
16345,520,403,923,245,23,138,358.06,0.9731,0.5769,0.218636,54,7,36,347.45,0.7569,0.1276,0.010637,4.430
16370,520,330,850,233,80,233,327.86,0.9214,0.6446,0.289465,73,24,83,320.44,0.7121,0.2133,0.026944,4.412
16371,520,429,949,206,81,124,1.79,0.6923,0.5479,0.204639,27,13,47,299.43,0.6527,0.0997,0.007261,4.447
16398,520,455,975,220,4,146,349.78,0.9907,0.5253,0.173804,14,8,28,295.16,0.5543,0.0632,0.003509,4.183
16404,520,384,904,230,76,136,0.34,0.8015,0.5878,0.237721,25,20,91,276.76,0.8803,0.1529,0.014623,4.452
16405,520,467,987,211,19,161,342.87,0.9495,0.5190,0.168901,19,0,12,341.94,1.0000,0.0431,0.001650,4.238
16413,520,353,873,203,105,204,326.93,0.7106,0.6159,0.271607,46,42,21,98.78,0.4398,0.1808,0.022909,4.411
16414,520,384,904,228,93,6,44.02,0.9886,0.5854,0.243385,21,34,54,258.76,0.4375,0.1474,0.015698,4.466
16417,520,449,969,233,15,93,10.83,0.9811,0.5355,0.184587,10,5,51,277.76,0.9145,0.0734,0.004121,4.335
16421,520,426,946,233,50,118,4.58,0.8914,0.5615,0.209158,16,13,71,275.56,0.8949,0.1120,0.008529,4.428
16426,520,434,954,222,11,179,339.92,0.9827,0.5477,0.190261,18,26,9,129.57,0.5453,0.1030,0.008871,4.081
16429,520,381,901,247,57,124,5.46,0.9300,0.5962,0.241590,61,25,16,35.17,0.6210,0.1615,0.017249,4.336
16432,520,465,985,165,69,216,311.40,0.8218,0.5171,0.172142,1,12,0,140.03,1.0000,0.0491,0.002694,4.216
16443,520,388,908,232,50,189,339.88,0.9173,0.5901,0.231138,46,31,28,31.53,0.2455,0.1535,0.016447,4.231
16451,520,350,870,237,56,231,329.59,0.9547,0.6279,0.266050,85,5,37,4.70,0.8886,0.1917,0.021737,4.406
16453,520,426,946,246,20,47,24.73,0.9888,0.5563,0.203019,38,11,48,315.67,0.6961,0.1123,0.008649,4.314
16459,520,353,873,249,53,185,345.12,0.9557,0.6210,0.261919,36,24,104,280.97,0.8529,0.1837,0.020277,4.438
16461,520,455,975,185,8,249,312.46,0.9947,0.5335,0.173287,22,3,21,329.69,0.6993,0.0584,0.002899,4.221
16467,520,449,969,215,28,180,338.03,0.9389,0.5409,0.185751,27,5,17,348.27,0.6171,0.0679,0.003821,4.380
16480,520,412,932,233,5,182,341.58,0.9943,0.5691,0.208124,49,3,52,325.44,0.8516,0.1232,0.009661,4.326
16494,520,372,892,238,73,165,350.38,0.8593,0.6100,0.256617,4,48,22,152.37,0.9681,0.1697,0.021976,4.260
16496,520,327,847,207,104,254,313.78,0.9896,0.6504,0.303230,8,60,11,143.61,0.9808,0.2110,0.033074,4.252
16505,520,469,989,218,53,73,19.73,0.8837,0.5229,0.179352,14,0,19,318.98,1.0000,0.0399,0.001404,4.462
16518,520,378,898,230,51,213,332.54,0.9371,0.6011,0.239972,48,11,83,301.54,0.8516,0.1581,0.014923,4.466
16525,520,466,986,204,28,171,337.95,0.9165,0.5152,0.166102,3,10,10,195.60,0.4151,0.0493,0.002583,4.110
16532,520,445,965,126,102,237,287.20,0.8300,0.5393,0.200525,12,20,19,186.62,0.2170,0.0842,0.006255,4.453
16540,520,466,986,229,23,47,24.21,0.9799,0.5212,0.174790,8,10,10,196.76,0.0695,0.0537,0.002906,4.249
16555,520,447,967,185,62,224,316.63,0.8763,0.5447,0.191425,9,2,58,275.47,0.9785,0.0751,0.004070,4.465
16589,520,326,846,254,67,206,340.48,0.9929,0.6516,0.295446,0,51,80,241.13,1.0000,0.2058,0.029467,4.347
16626,520,443,963,125,100,242,286.65,0.8696,0.5386,0.198848,31,10,13,12.50,0.4948,0.0817,0.005375,4.494
16631,520,329,849,236,62,255,323.57,1.0000,0.6467,0.285005,14,36,120,265.96,0.9280,0.2099,0.027110,4.345
16632,520,297,817,217,115,248,317.80,0.9396,0.6765,0.337919,10,52,113,258.82,0.8958,0.2387,0.037125,4.452
16636,520,404,924,255,6,78,17.53,1.0000,0.5764,0.219441,39,26,25,23.79,0.2276,0.1307,0.012404,4.318
16643,520,450,970,224,1,160,346.11,0.9981,0.5393,0.184097,2,3,56,267.06,0.9846,0.0693,0.003635,4.365
16646,520,383,903,232,37,222,330.70,0.9681,0.6016,0.237554,67,8,33,0.63,0.7931,0.1539,0.014770,4.440
16653,520,426,946,222,3,208,331.87,0.9970,0.5638,0.201511,54,3,15,12.99,0.8852,0.1146,0.008840,4.274
16667,520,387,907,217,21,254,319.72,0.9960,0.5924,0.224457,65,9,40,351.73,0.7684,0.1538,0.014726,4.240
16677,520,420,940,184,54,251,310.51,0.9763,0.5571,0.197947,0,26,47,245.25,1.0000,0.1087,0.009440,4.171
16694,520,358,878,222,60,248,321.63,0.9694,0.6179,0.255406,82,1,29,9.43,0.9752,0.1789,0.019046,4.423
16703,520,145,665,235,188,232,328.32,0.7223,0.8257,0.594558,69,95,33,128.84,0.7630,0.3644,0.095593,4.427
16715,520,391,911,223,67,193,336.72,0.8600,0.5913,0.235548,66,14,21,17.18,0.7546,0.1547,0.015267,4.375
16719,520,100,620,248,215,153,82.81,0.7643,0.8751,0.708585,51,112,11,136.91,0.9847,0.4044,0.123159,4.381
16725,520,190,710,196,184,238,294.83,0.6209,0.7799,0.521898,27,91,19,141.54,0.9709,0.3248,0.077619,4.481
16734,520,377,897,241,66,132,2.58,0.8792,0.5956,0.242662,50,32,17,59.89,0.4695,0.1589,0.017517,4.335
16750,520,430,950,230,46,124,1.43,0.8932,0.5546,0.202351,28,7,53,299.40,0.8039,0.0968,0.006559,4.462
16751,520,373,893,196,78,247,313.71,0.9443,0.5958,0.239011,12,43,20,149.33,0.8602,0.1554,0.018564,4.215
16756,520,475,995,214,33,148,348.38,0.9005,0.5247,0.175243,2,5,5,195.85,0.3113,0.0339,0.001324,4.389
16762,520,421,941,239,5,149,352.93,0.9938,0.5648,0.206323,35,5,55,307.47,0.8386,0.1053,0.007417,4.464
16771,520,476,996,212,38,116,0.24,0.8767,0.5106,0.166466,6,0,8,321.50,1.0000,0.0244,0.000563,4.281
16772,520,377,897,241,73,121,7.82,0.8731,0.5995,0.248494,74,6,19,17.38,0.8993,0.1628,0.016334,4.500
16784,520,457,977,217,30,160,344.91,0.9222,0.5347,0.182207,16,0,42,294.64,1.0000,0.0603,0.002773,4.400
16815,520,369,889,218,61,247,320.77,0.9636,0.6117,0.249602,29,37,70,271.54,0.5063,0.1726,0.020265,4.264
16824,520,387,907,254,20,138,359.59,0.9918,0.5939,0.234098,58,12,54,331.63,0.7329,0.1513,0.014290,4.419
16842,520,471,991,212,42,133,353.91,0.8592,0.5201,0.173487,4,0,37,276.19,1.0000,0.0439,0.001594,4.332
16844,520,420,940,234,36,143,354.75,0.9304,0.5631,0.207403,13,15,68,272.89,0.8837,0.1100,0.008445,4.404
16851,520,337,857,248,95,128,10.37,0.8988,0.6410,0.297025,11,53,43,173.64,0.8101,0.1954,0.027917,4.454
16859,520,468,988,208,42,153,345.45,0.8572,0.5216,0.173679,10,3,14,315.00,0.5625,0.0406,0.001614,4.334
16866,520,357,877,237,38,234,328.95,0.9763,0.6186,0.253339,39,38,68,283.92,0.4190,0.1828,0.022349,4.193
16867,520,390,910,252,56,57,26.34,0.9847,0.5909,0.238228,8,30,74,262.10,0.8480,0.1455,0.014745,4.452
16880,520,463,983,154,86,216,305.32,0.7623,0.5266,0.184839,19,4,1,42.20,0.7622,0.0489,0.002275,4.492
16891,520,454,974,218,65,0,37.11,1.0000,0.5286,0.186886,10,5,44,280.50,0.8675,0.0665,0.003549,4.424
16898,520,411,931,213,67,180,338.25,0.8140,0.5672,0.214578,10,31,20,158.68,0.6254,0.1154,0.010950,4.341
16900,520,415,935,234,24,167,346.50,0.9646,0.5682,0.209386,35,22,27,354.32,0.2519,0.1166,0.010103,4.316
16906,520,454,974,219,31,142,351.60,0.9158,0.5306,0.179955,33,3,6,17.41,0.8043,0.0706,0.004017,4.257
16907,520,402,922,215,62,210,329.39,0.8859,0.5830,0.225475,24,23,64,279.85,0.6578,0.1302,0.011771,4.460
16923,520,380,900,234,98,18,44.02,0.9704,0.6040,0.262743,11,44,28,159.00,0.7964,0.1604,0.019563,4.496
16932,520,466,986,209,60,96,10.96,0.8023,0.5180,0.176338,15,1,27,307.74,0.8737,0.0488,0.002024,4.351
16937,520,410,930,237,46,125,2.34,0.9109,0.5686,0.214422,28,33,5,118.54,0.7738,0.1320,0.013455,4.167
16954,520,396,916,199,94,179,335.17,0.6738,0.5795,0.234037,39,25,56,303.20,0.5079,0.1444,0.014121,4.430
16963,520,451,971,207,7,211,327.31,0.9912,0.5397,0.181224,22,7,34,307.27,0.6637,0.0740,0.004380,4.252
16965,520,461,981,218,63,23,34.49,0.9574,0.5271,0.185249,10,8,11,315.12,0.1328,0.0513,0.002624,4.470
16975,520,414,934,236,7,174,344.61,0.9921,0.5710,0.210438,24,27,36,270.47,0.1974,0.1204,0.011054,4.266
16977,520,469,989,142,87,227,297.92,0.8059,0.5219,0.181134,17,0,17,328.36,1.0000,0.0426,0.001597,4.480
16978,520,335,855,254,38,221,336.02,0.9951,0.6403,0.276808,78,24,49,354.77,0.6441,0.2021,0.024950,4.360
16984,520,460,980,231,40,20,30.37,0.9782,0.5325,0.185601,1,1,49,266.16,0.9942,0.0563,0.002499,4.488
16986,520,480,1000,221,36,18,30.22,0.9777,0.5088,0.166803,0,0,0,0.00,0.0000,0.0000,0.000000,4.336
16989,520,446,966,233,27,107,6.66,0.9551,0.5438,0.191721,10,7,53,276.18,0.8982,0.0790,0.004735,4.416
16994,520,73,593,254,231,36,101.78,0.9901,0.9051,0.783514,15,120,27,143.90,0.9906,0.4202,0.136131,4.478
16998,520,423,943,222,79,54,32.24,0.8699,0.5576,0.213905,7,32,4,140.96,0.9563,0.1135,0.010869,4.336
17011,520,389,909,185,119,148,352.00,0.4145,0.5901,0.256471,0,43,33,172.77,1.0000,0.1543,0.018375,4.482
17013,520,357,877,235,30,249,325.08,0.9872,0.6219,0.254327,75,12,38,0.83,0.7738,0.1766,0.018990,4.411
17015,520,417,937,203,58,219,323.56,0.8946,0.5655,0.208387,11,23,61,266.86,0.7627,0.1182,0.010208,4.292
17023,520,336,856,216,107,216,327.38,0.7842,0.6442,0.300739,7,52,62,216.63,0.8272,0.1996,0.028488,4.469
17031,520,371,891,229,75,189,339.86,0.8485,0.6078,0.253667,51,37,18,73.64,0.4820,0.1732,0.020707,4.295
17041,520,474,994,187,28,225,318.13,0.9599,0.5229,0.168329,1,4,15,260.73,0.7259,0.0343,0.001278,4.258
17048,520,371,891,209,109,147,357.24,0.5881,0.6054,0.266010,11,48,10,142.78,0.9555,0.1702,0.022069,4.385
17054,520,465,985,231,14,45,24.20,0.9900,0.5222,0.174955,11,5,25,295.56,0.6318,0.0523,0.002499,4.285
17066,520,280,800,253,85,247,329.37,0.9925,0.6899,0.340979,115,1,25,20.23,0.9938,0.2547,0.037374,4.475
17067,520,462,982,229,28,60,21.36,0.9686,0.5253,0.178178,13,5,12,330.78,0.3910,0.0477,0.002207,4.371
17069,520,437,957,209,28,209,328.26,0.9572,0.5484,0.189912,19,13,51,284.80,0.7153,0.0945,0.006653,4.235
17084,520,460,980,232,5,88,12.00,0.9939,0.5298,0.179720,8,14,3,129.43,0.6301,0.0610,0.003723,4.276
17091,520,366,886,228,41,242,324.87,0.9728,0.6104,0.244929,18,44,46,202.06,0.4938,0.1706,0.021271,4.138
17092,520,193,713,246,177,114,62.54,0.8011,0.7816,0.522541,1,92,24,145.64,0.9989,0.3227,0.077264,4.499
17098,520,454,974,177,24,255,308.69,1.0000,0.5313,0.172213,18,13,6,77.59,0.3419,0.0685,0.004296,4.093
17140,520,460,980,192,46,202,325.19,0.8831,0.5253,0.174262,2,9,34,263.63,0.8540,0.0594,0.003238,4.212
17141,520,281,801,218,121,250,317.18,0.9522,0.6885,0.354837,48,64,12,125.29,0.8587,0.2478,0.043217,4.343
17149,520,352,872,219,95,204,332.45,0.7930,0.6246,0.276061,43,47,3,114.87,0.9177,0.1894,0.025532,4.317
17160,520,364,884,255,67,100,16.09,1.0000,0.6141,0.261980,46,32,60,306.20,0.4284,0.1712,0.019401,4.495
17176,520,453,973,187,38,229,316.93,0.9435,0.5317,0.176094,4,17,25,235.17,0.5699,0.0734,0.004969,4.113
17179,520,98,618,251,200,252,325.68,0.9694,0.8758,0.688473,58,109,43,139.10,0.8547,0.4017,0.120109,4.341
17201,520,336,856,251,35,239,330.99,0.9863,0.6446,0.279463,61,16,103,301.72,0.8532,0.2024,0.023420,4.487
17204,520,345,865,233,48,255,323.07,1.0000,0.6319,0.266599,76,10,56,343.55,0.7890,0.1853,0.020393,4.498
17205,520,376,896,229,45,216,331.49,0.9492,0.5972,0.234951,55,11,71,315.07,0.7991,0.1578,0.015066,4.379
17208,520,473,993,232,16,37,25.90,0.9896,0.5241,0.176631,1,0,23,271.09,1.0000,0.0276,0.000683,4.472
17238,520,420,940,225,81,12,40.00,0.9786,0.5627,0.219216,11,29,20,160.52,0.5337,0.1098,0.010004,4.487
17239,520,379,899,200,70,250,314.68,0.9681,0.5950,0.235631,46,34,12,80.71,0.5833,0.1574,0.017515,4.231
17250,520,446,966,217,50,144,351.46,0.8460,0.5406,0.190489,9,11,47,274.12,0.8011,0.0793,0.005026,4.370
17264,520,337,857,255,50,214,338.16,1.0000,0.6448,0.283995,27,51,46,179.21,0.4006,0.1979,0.027978,4.283
17277,520,346,866,239,105,87,29.82,0.8631,0.6308,0.291448,13,54,4,140.35,0.9843,0.1910,0.027326,4.416
17306,520,371,891,244,78,102,16.39,0.9020,0.6056,0.256444,68,24,4,42.88,0.8609,0.1710,0.018912,4.447
17315,520,435,955,239,26,74,18.07,0.9739,0.5478,0.195872,30,0,54,304.08,1.0000,0.0897,0.005424,4.436
17325,520,463,983,235,21,30,27.39,0.9870,0.5316,0.182954,12,6,20,303.39,0.4886,0.0526,0.002589,4.430
17335,520,326,846,254,82,178,350.10,0.9875,0.6532,0.303230,68,42,32,41.80,0.3820,0.2138,0.029893,4.421
17338,520,379,899,255,64,6,34.20,1.0000,0.6006,0.249437,1,34,83,258.45,0.9768,0.1612,0.017749,4.420
17339,520,293,813,255,86,227,335.17,1.0000,0.6828,0.334646,95,33,17,35.45,0.7940,0.2409,0.035615,4.493
17341,520,410,930,247,4,113,6.03,0.9963,0.5678,0.210567,2,37,15,152.03,0.9759,0.1297,0.013705,4.090
17364,520,344,864,201,97,246,314.25,0.9237,0.6268,0.276219,29,37,91,272.61,0.6988,0.1901,0.023396,4.445
17376,520,408,928,215,26,224,326.03,0.9743,0.5684,0.205697,37,29,4,91.69,0.7787,0.1309,0.012808,4.071
17384,520,325,845,218,117,184,341.42,0.6642,0.6475,0.310905,21,59,24,145.01,0.8879,0.2143,0.033532,4.321
17426,520,478,998,226,9,18,28.17,0.9947,0.5078,0.164108,2,0,4,311.99,1.0000,0.0155,0.000217,4.264
17430,520,441,961,188,63,203,323.25,0.8266,0.5354,0.185595,22,20,19,48.52,0.0507,0.0931,0.007179,4.120
17443,520,416,936,243,41,88,15.46,0.9485,0.5669,0.213485,14,25,59,267.34,0.6754,0.1230,0.011043,4.316
17448,520,408,928,191,66,241,314.22,0.9225,0.5707,0.213249,17,15,86,273.21,0.9316,0.1332,0.011326,4.293
17458,520,423,943,238,51,26,31.06,0.9714,0.5556,0.206226,12,27,26,190.24,0.3792,0.1065,0.009366,4.316
17463,520,456,976,220,24,141,351.92,0.9402,0.5288,0.177946,16,6,18,321.08,0.4672,0.0557,0.002841,4.314
17476,520,477,997,101,94,245,279.11,0.9267,0.5088,0.173641,2,2,4,284.11,0.2654,0.0240,0.000651,4.415
17481,520,396,916,183,92,230,312.39,0.8238,0.5841,0.234356,48,23,39,342.20,0.4395,0.1430,0.013877,4.452
17483,520,432,952,237,5,129,359.07,0.9932,0.5528,0.197012,17,3,72,278.67,0.9727,0.0998,0.006521,4.370
17488,520,405,925,251,22,111,7.82,0.9805,0.5798,0.222344,33,27,35,317.64,0.1805,0.1295,0.012286,4.372
17493,520,446,966,140,94,233,294.87,0.8171,0.5362,0.194641,8,17,29,255.64,0.4377,0.0783,0.005412,4.415
17498,520,434,954,197,32,232,319.22,0.9625,0.5468,0.187310,33,20,2,75.28,0.8104,0.1025,0.008281,4.072
17514,520,469,989,166,70,210,313.25,0.8020,0.5153,0.171413,9,4,19,299.55,0.5837,0.0446,0.001919,4.265
17526,520,109,629,231,205,251,310.36,0.8583,0.8654,0.676171,21,110,37,145.53,0.9779,0.3891,0.114444,4.416
17533,520,5,525,255,251,252,359.99,1.0000,0.9900,0.972828,17,136,14,142.47,0.9928,0.4728,0.177584,4.494
17545,520,440,960,217,39,186,336.85,0.9158,0.5540,0.197502,30,6,47,307.43,0.7850,0.0927,0.006115,4.411
17550,520,342,862,254,37,195,342.89,0.9933,0.6256,0.263375,38,42,63,275.44,0.3110,0.1890,0.024268,4.219
17574,520,436,956,242,26,30,27.83,0.9849,0.5486,0.197132,27,18,8,68.89,0.4161,0.0911,0.006832,4.348
17597,520,431,951,230,42,127,359.99,0.9046,0.5528,0.200141,14,27,6,134.59,0.7618,0.1022,0.008904,4.247
17598,520,443,963,200,75,140,351.29,0.7052,0.5354,0.192068,36,4,13,6.22,0.7457,0.0797,0.004910,4.408
17617,520,448,968,173,55,247,307.93,0.9542,0.5386,0.183328,13,15,26,275.78,0.3100,0.0756,0.005018,4.241
17624,520,433,953,182,75,214,317.56,0.8103,0.5480,0.198334,12,22,35,255.37,0.4106,0.0970,0.007733,4.301
17630,520,346,866,238,87,162,352.97,0.8320,0.6250,0.276049,2,51,48,188.41,0.9559,0.1879,0.025938,4.294
17647,520,372,892,253,20,181,346.35,0.9865,0.6101,0.247226,6,46,28,159.24,0.9165,0.1652,0.020765,4.200
17666,520,479,999,176,64,193,322.15,0.7878,0.5108,0.167483,0,0,2,264.05,1.0000,0.0079,0.000044,4.346
17686,520,473,993,203,57,138,350.91,0.7855,0.5185,0.174597,3,3,15,279.44,0.6193,0.0337,0.001190,4.388
17687,520,374,894,218,82,187,337.76,0.7916,0.5968,0.245300,16,27,94,268.95,0.8971,0.1631,0.017021,4.406
17697,520,341,861,220,82,237,323.15,0.9153,0.6291,0.273665,90,4,45,359.86,0.9024,0.2050,0.024503,4.344
17711,520,348,868,241,24,246,327.18,0.9914,0.6278,0.260106,9,39,99,262.11,0.9034,0.1922,0.024098,4.185
17718,520,432,952,178,56,249,309.01,0.9642,0.5484,0.191338,19,9,66,280.98,0.8869,0.1031,0.007271,4.214
17730,520,459,979,204,24,199,329.64,0.9545,0.5310,0.176160,29,3,2,28.76,0.8565,0.0624,0.003308,4.243
17735,520,445,965,240,6,66,19.43,0.9956,0.5425,0.190522,23,11,36,303.93,0.5793,0.0835,0.005489,4.335
17737,520,425,945,221,5,208,331.63,0.9949,0.5624,0.200371,34,12,52,306.22,0.7071,0.1111,0.008510,4.279
17742,520,460,980,210,61,117,2.09,0.7879,0.5275,0.183257,1,1,48,266.24,0.9939,0.0551,0.002415,4.450
17752,520,379,899,246,1,198,340.03,0.9994,0.6018,0.236949,72,6,18,17.75,0.8963,0.1581,0.015519,4.380
17761,520,315,835,246,69,244,328.51,0.9682,0.6615,0.303834,90,30,0,42.83,1.0000,0.2242,0.031026,4.367
17780,520,324,844,254,22,252,328.75,0.9969,0.6537,0.286760,57,47,25,85.79,0.4385,0.2092,0.029731,4.224
17784,520,448,968,204,54,190,332.20,0.8528,0.5447,0.191953,3,15,40,260.54,0.8010,0.0774,0.005142,4.388
17794,520,441,961,240,3,59,21.11,0.9979,0.5408,0.189095,22,18,12,77.80,0.2165,0.0861,0.006297,4.247
17803,520,390,910,235,29,206,335.54,0.9726,0.5933,0.229999,21,23,82,274.24,0.8346,0.1452,0.013814,4.388
17806,520,397,917,213,102,55,42.15,0.7950,0.5775,0.239269,2,37,41,206.04,0.9059,0.1390,0.014961,4.453
17819,520,435,955,241,21,75,17.65,0.9814,0.5502,0.197485,22,7,53,291.33,0.8204,0.0897,0.005796,4.436
17832,520,434,954,193,16,253,313.74,0.9911,0.5515,0.188012,15,0,75,276.54,1.0000,0.0976,0.006095,4.243
17853,520,435,955,220,4,197,334.30,0.9948,0.5533,0.193361,9,25,0,133.81,1.0000,0.0917,0.007533,4.230
17855,520,395,915,184,94,229,312.82,0.8153,0.5877,0.238538,3,34,53,240.12,0.8340,0.1373,0.014204,4.494
17862,520,358,878,248,55,178,347.14,0.9454,0.6174,0.259064,41,40,42,308.31,0.0351,0.1759,0.021562,4.319
17867,520,413,933,218,72,156,348.86,0.7828,0.5698,0.219427,0,26,60,255.27,0.9999,0.1190,0.010650,4.442
17884,520,26,546,249,246,243,67.76,0.2550,0.9704,0.925225,38,132,17,140.83,0.9880,0.4645,0.169544,4.442
17899,520,364,884,228,58,230,327.57,0.9418,0.6138,0.252355,51,29,56,320.02,0.4577,0.1690,0.018681,4.402
17907,520,402,922,241,31,153,352.65,0.9554,0.5783,0.219838,16,14,86,272.75,0.9402,0.1311,0.010961,4.426
17919,520,448,968,198,82,139,352.32,0.6653,0.5414,0.199062,0,14,51,260.83,1.0000,0.0827,0.005531,4.485
17937,520,477,997,181,85,120,358.96,0.5760,0.5106,0.176782,4,0,7,315.09,1.0000,0.0210,0.000412,4.499
17960,520,477,997,173,26,236,311.48,0.9692,0.5089,0.156801,3,0,14,293.16,1.0000,0.0236,0.000511,4.094
17963,520,356,876,250,47,197,341.66,0.9679,0.6248,0.263915,83,8,14,23.71,0.9275,0.1840,0.020447,4.456
17974,520,442,962,180,80,191,323.60,0.7253,0.5366,0.192033,26,10,24,331.74,0.4695,0.0787,0.005027,4.398
17989,520,417,937,226,55,167,345.66,0.8686,0.5720,0.216937,40,22,11,51.48,0.4929,0.1191,0.010492,4.413
17995,520,398,918,192,69,253,311.69,0.9855,0.5846,0.225557,36,12,78,292.55,0.8448,0.1380,0.011881,4.453
17998,520,364,884,217,71,231,324.13,0.9085,0.6086,0.250296,14,26,106,267.98,0.9377,0.1741,0.018726,4.369
18011,520,442,962,232,40,42,26.98,0.9610,0.5363,0.188436,20,6,50,290.93,0.8275,0.0831,0.005093,4.328
18046,520,422,942,227,71,83,20.53,0.8467,0.5615,0.214646,18,29,20,149.66,0.3382,0.1145,0.010578,4.369
18054,520,464,984,187,7,226,318.17,0.9919,0.5168,0.162091,8,9,16,277.34,0.2532,0.0537,0.002844,4.014
18079,520,469,989,202,49,164,340.16,0.8292,0.5218,0.174354,1,4,28,265.84,0.9175,0.0427,0.001771,4.334
18082,520,411,931,247,52,18,31.85,0.9854,0.5743,0.222773,17,31,29,184.67,0.3116,0.1228,0.011878,4.408
18087,520,465,985,120,99,228,286.55,0.7909,0.5205,0.185179,15,8,1,78.16,0.7433,0.0531,0.002774,4.456
18102,520,385,905,253,9,151,355.12,0.9933,0.5943,0.233160,26,25,82,277.35,0.7742,0.1531,0.015240,4.340
18113,520,469,989,158,59,250,302.26,0.9676,0.5245,0.172996,3,4,24,273.57,0.7741,0.0419,0.001721,4.311
18114,520,371,891,233,97,110,17.14,0.7882,0.6133,0.270015,22,43,55,235.03,0.4322,0.1745,0.021741,4.461
18127,520,419,939,243,35,95,12.68,0.9564,0.5650,0.210863,35,22,7,68.82,0.5677,0.1110,0.009465,4.387
18137,520,447,967,193,67,183,331.13,0.7787,0.5353,0.187722,5,19,17,184.17,0.5155,0.0760,0.005385,4.292
18143,520,379,899,255,55,78,21.05,1.0000,0.5991,0.245462,66,13,37,357.04,0.7260,0.1588,0.015799,4.490
18144,520,469,989,222,23,92,9.99,0.9562,0.5151,0.169178,12,1,10,333.12,0.7345,0.0357,0.001218,4.279
18148,520,315,835,225,111,207,333.63,0.7843,0.6587,0.318834,22,60,44,163.27,0.6778,0.2234,0.035840,4.297
18149,520,410,930,235,21,168,346.36,0.9714,0.5696,0.210286,51,1,56,324.02,0.9383,0.1275,0.010111,4.330
18159,520,400,920,244,31,135,359.18,0.9579,0.5771,0.219656,64,3,24,7.21,0.8914,0.1388,0.012213,4.334
18160,520,286,806,252,92,232,333.10,0.9847,0.6874,0.341788,20,53,106,259.58,0.7732,0.2384,0.037353,4.485
18168,520,411,931,245,41,58,24.00,0.9641,0.5657,0.213073,45,7,44,329.04,0.7495,0.1156,0.008918,4.465
18176,520,428,948,217,10,218,328.09,0.9911,0.5630,0.200329,3,24,45,249.96,0.7857,0.1035,0.008620,4.270
18177,520,247,767,184,164,221,300.50,0.5078,0.7160,0.419619,59,68,65,173.56,0.0984,0.2828,0.054457,4.496
18182,520,459,979,216,66,46,30.84,0.8954,0.5287,0.186951,27,1,9,1.45,0.8358,0.0570,0.002745,4.492
18184,520,418,938,209,74,172,340.27,0.7689,0.5643,0.214334,40,17,39,328.77,0.5158,0.1192,0.009985,4.407
18204,520,453,973,225,12,135,354.77,0.9765,0.5323,0.180225,26,10,2,53.76,0.7073,0.0714,0.004411,4.231
18206,520,422,942,247,16,40,25.83,0.9923,0.5565,0.203015,55,2,12,16.23,0.9325,0.1147,0.008823,4.301
18210,520,431,951,222,3,185,338.13,0.9955,0.5495,0.191000,31,5,54,303.36,0.8415,0.0987,0.006662,4.253
18220,520,376,896,239,8,213,334.59,0.9953,0.5989,0.233313,30,7,109,278.45,0.9735,0.1638,0.015320,4.337
18228,520,294,814,246,130,36,53.16,0.9486,0.6788,0.356884,26,64,54,173.79,0.5938,0.2419,0.041526,4.446
18231,520,453,973,225,49,29,30.56,0.9580,0.5276,0.182957,3,16,26,240.33,0.6404,0.0706,0.004645,4.263
18235,520,362,882,225,58,227,327.55,0.9348,0.6069,0.245819,25,12,118,273.56,0.9740,0.1765,0.017775,4.365
18242,520,435,955,220,11,186,337.39,0.9835,0.5480,0.190026,40,8,11,18.03,0.6856,0.0931,0.006490,4.249
18245,520,419,939,239,34,102,9.75,0.9501,0.5581,0.204573,27,6,73,287.35,0.9164,0.1148,0.008443,4.356
18247,520,317,837,223,100,246,321.07,0.9447,0.6618,0.314579,9,59,56,188.90,0.8472,0.2199,0.034714,4.304
18248,520,426,946,231,30,164,346.91,0.9466,0.5635,0.206006,43,14,17,15.79,0.5591,0.1095,0.008682,4.363
18250,520,470,990,228,28,36,26.80,0.9764,0.5202,0.174548,5,2,22,286.95,0.7991,0.0374,0.001336,4.374
18257,520,71,591,227,227,252,285.72,0.7786,0.9108,0.782972,12,120,30,144.49,0.9924,0.4201,0.136043,4.477
18259,520,412,932,242,22,127,1.11,0.9721,0.5666,0.209866,51,11,15,18.37,0.7150,0.1191,0.009778,4.347
18261,520,415,935,191,77,217,319.69,0.8239,0.5660,0.213951,33,26,22,51.47,0.1630,0.1219,0.011201,4.313
18289,520,374,894,247,36,180,345.68,0.9621,0.6045,0.243344,42,35,38,350.20,0.1107,0.1621,0.018343,4.292
18295,520,458,978,217,25,154,346.79,0.9356,0.5294,0.177825,29,2,6,13.01,0.8096,0.0616,0.003178,4.284
18302,520,381,901,253,4,170,349.35,0.9973,0.6015,0.238753,73,9,13,23.59,0.8939,0.1624,0.016411,4.348
18311,520,393,913,217,55,221,327.01,0.9223,0.5872,0.227066,9,23,79,266.80,0.9022,0.1350,0.012353,4.443
18319,520,401,921,170,102,227,306.98,0.7711,0.5809,0.235954,27,33,41,255.69,0.1872,0.1420,0.014808,4.412
18323,520,376,896,192,104,212,319.96,0.7203,0.6035,0.258617,25,39,48,237.20,0.2999,0.1610,0.018711,4.492
18361,520,411,931,248,5,102,9.70,0.9959,0.5670,0.210279,35,14,58,302.09,0.7154,0.1204,0.009769,4.355
18371,520,426,946,234,37,137,356.88,0.9272,0.5612,0.206247,24,18,52,287.73,0.6135,0.1097,0.008747,4.362
18382,520,324,844,246,62,241,329.28,0.9674,0.6538,0.293917,58,45,39,46.09,0.1930,0.2089,0.029229,4.341
18393,520,458,978,191,54,202,324.73,0.8566,0.5305,0.179804,10,1,43,283.82,0.9660,0.0576,0.002606,4.368
18401,520,429,949,222,73,53,30.74,0.8816,0.5496,0.205543,8,9,73,270.11,0.9602,0.1034,0.007280,4.461
18405,520,469,989,210,61,90,13.88,0.8091,0.5194,0.177796,7,6,0,104.41,1.0000,0.0400,0.001754,4.401
18421,520,445,965,231,31,88,13.19,0.9511,0.5365,0.186765,11,13,39,276.20,0.6268,0.0780,0.005055,4.301
18423,520,365,885,205,85,238,318.27,0.8989,0.6110,0.256506,46,22,87,295.09,0.7615,0.1737,0.018428,4.479
18440,520,435,955,228,63,3,35.68,0.9958,0.5461,0.200584,33,8,26,339.68,0.6029,0.0865,0.005716,4.498
18455,520,228,748,217,165,180,359.67,0.4091,0.7375,0.449584,8,83,8,142.68,0.9914,0.2914,0.062554,4.439
18456,520,377,897,228,4,240,325.57,0.9982,0.5967,0.228744,33,38,42,242.09,0.1058,0.1621,0.018767,4.053
18463,520,433,953,198,22,239,318.06,0.9813,0.5497,0.188131,36,2,54,310.37,0.9112,0.1016,0.006849,4.189
18480,520,407,927,250,28,51,24.59,0.9832,0.5683,0.213972,4,18,82,265.55,0.9517,0.1263,0.010675,4.351
18486,520,393,913,197,69,246,314.74,0.9460,0.5865,0.227817,23,37,0,127.83,1.0000,0.1391,0.015053,4.271
18489,520,469,989,207,62,112,3.88,0.7772,0.5213,0.178827,10,3,17,308.45,0.6184,0.0421,0.001701,4.426
18516,520,462,982,156,68,251,300.68,0.9692,0.5328,0.181676,0,9,14,222.67,1.0000,0.0456,0.002271,4.432
18525,520,309,829,231,92,237,326.05,0.9211,0.6578,0.307598,85,29,48,2.03,0.6194,0.2227,0.030237,4.457
18535,520,459,979,216,68,47,31.12,0.8900,0.5312,0.189409,14,12,2,101.08,0.6509,0.0610,0.003607,4.466
18551,520,416,936,215,55,198,332.87,0.8834,0.5693,0.212588,45,8,43,330.14,0.7287,0.1162,0.009060,4.446
18560,520,280,800,232,107,253,321.68,0.9877,0.6886,0.347650,44,44,127,276.70,0.7774,0.2519,0.038690,4.484
18563,520,434,954,217,76,92,17.43,0.7790,0.5512,0.206957,15,24,28,227.13,0.2408,0.1009,0.008386,4.401
18584,520,464,984,144,74,243,297.42,0.9141,0.5184,0.172981,17,4,2,36.61,0.6175,0.0466,0.002104,4.280
18607,520,480,1000,200,60,117,359.78,0.7638,0.5077,0.167974,0,0,0,0.00,0.0000,0.0000,0.000000,4.359
18610,520,352,872,245,70,171,349.61,0.9107,0.6219,0.267361,66,33,37,12.95,0.4263,0.1920,0.023797,4.300
18611,520,472,992,179,68,195,322.43,0.7811,0.5217,0.176592,11,0,14,321.88,1.0000,0.0335,0.001029,4.440
18621,520,276,796,250,100,239,330.66,0.9775,0.6978,0.356730,11,68,65,189.57,0.8569,0.2538,0.045868,4.243
18644,520,445,965,189,65,204,323.22,0.8239,0.5399,0.189604,14,18,26,263.98,0.2402,0.0836,0.006005,4.278
18647,520,384,904,202,67,237,318.43,0.9122,0.5853,0.226868,25,38,10,130.21,0.7272,0.1454,0.016148,4.186
18658,520,330,850,241,75,220,333.51,0.9299,0.6446,0.289029,6,34,126,264.50,0.9528,0.2105,0.026889,4.409
18662,520,402,922,222,39,219,328.97,0.9551,0.5834,0.220973,28,27,44,286.26,0.3183,0.1287,0.012126,4.362
18668,520,441,961,240,29,5,30.34,0.9959,0.5445,0.194183,15,20,31,265.37,0.3017,0.0919,0.007008,4.283
18676,520,387,907,233,23,205,335.31,0.9788,0.5868,0.223469,19,22,86,272.74,0.8790,0.1463,0.013841,4.284
18686,520,292,812,228,107,249,321.51,0.9623,0.6805,0.338508,36,65,32,141.39,0.6721,0.2446,0.042598,4.196
18690,520,428,948,183,63,248,310.37,0.9558,0.5615,0.204006,16,17,56,276.56,0.7263,0.1039,0.007966,4.382
18700,520,357,877,238,95,109,17.37,0.8289,0.6188,0.274685,24,42,64,254.18,0.4659,0.1783,0.022202,4.497
18708,520,454,974,238,5,44,24.37,0.9970,0.5350,0.184708,15,9,27,297.36,0.5014,0.0655,0.003761,4.366
18714,520,456,976,146,90,228,298.85,0.8018,0.5324,0.190250,22,5,23,325.46,0.6185,0.0635,0.003410,4.498
18717,520,384,904,252,39,112,8.63,0.9762,0.5898,0.233199,52,22,35,354.15,0.4810,0.1458,0.014253,4.408
18719,520,404,924,253,27,89,15.11,0.9874,0.5803,0.223915,36,29,23,62.57,0.1872,0.1337,0.013157,4.337
18728,520,441,961,183,65,213,318.71,0.8393,0.5368,0.186531,14,21,32,259.25,0.3262,0.0942,0.007340,4.125
18732,520,477,997,209,67,15,37.18,0.9661,0.5140,0.176064,1,0,10,281.20,1.0000,0.0178,0.000284,4.496
18740,520,432,952,181,77,212,317.64,0.7969,0.5477,0.198860,38,12,9,28.57,0.6005,0.0955,0.006948,4.370
18752,520,449,969,187,25,242,314.28,0.9769,0.5356,0.176721,7,15,27,257.53,0.4458,0.0717,0.004659,4.148
18754,520,423,943,231,34,155,349.96,0.9330,0.5613,0.205024,40,18,11,38.39,0.5142,0.1105,0.009080,4.317
18755,520,371,891,244,17,220,333.98,0.9918,0.6141,0.248043,65,27,2,50.21,0.8981,0.1707,0.019122,4.312
18761,520,448,968,222,59,91,14.54,0.8528,0.5406,0.194155,21,13,20,330.67,0.2602,0.0763,0.004978,4.441
18771,520,370,890,243,38,195,340.49,0.9611,0.6059,0.243841,3,30,98,263.11,0.9663,0.1684,0.018296,4.302
18773,520,425,945,229,54,127,0.88,0.8657,0.5601,0.208314,26,16,57,289.69,0.6913,0.1121,0.008856,4.389
18774,520,364,884,230,58,217,331.47,0.9292,0.6090,0.248613,33,43,12,124.79,0.6971,0.1683,0.020776,4.219
18775,520,384,904,216,15,249,320.60,0.9930,0.5852,0.217821,28,35,48,262.58,0.2615,0.1521,0.016623,4.020
18786,520,359,879,196,105,222,318.31,0.7704,0.6166,0.271140,48,35,61,306.46,0.3890,0.1813,0.021674,4.481
18827,520,391,911,223,17,233,325.93,0.9897,0.5857,0.219743,37,13,89,288.69,0.8770,0.1524,0.014024,4.213
18830,520,476,996,195,79,43,37.41,0.8248,0.5069,0.173703,0,0,15,264.05,1.0000,0.0196,0.000345,4.443
18840,520,475,995,220,44,88,13.12,0.8962,0.5225,0.177242,0,4,16,254.89,0.9999,0.0337,0.001242,4.435
18851,520,358,878,239,34,236,328.96,0.9816,0.6215,0.255536,35,10,119,279.19,0.9669,0.1842,0.019062,4.424
18863,520,460,980,138,78,255,292.87,1.0000,0.5277,0.180720,7,1,52,275.27,0.9871,0.0648,0.003148,4.341
18874,520,454,974,192,29,227,319.06,0.9615,0.5332,0.176327,15,15,2,109.23,0.7132,0.0690,0.004476,4.155
18904,520,384,904,249,0,172,347.91,1.0000,0.5939,0.231217,22,39,34,173.78,0.3418,0.1525,0.017371,4.174
18908,520,425,945,241,29,97,11.34,0.9639,0.5584,0.204459,25,22,34,295.75,0.2622,0.1077,0.008960,4.316
18911,520,470,990,147,75,237,299.51,0.8807,0.5182,0.173499,4,1,30,279.17,0.9528,0.0399,0.001413,4.347
18935,520,478,998,225,9,80,13.84,0.9879,0.5140,0.167850,4,0,2,344.76,1.0000,0.0178,0.000302,4.331
18948,520,436,956,234,3,132,357.45,0.9954,0.5474,0.192265,8,4,68,271.68,0.9775,0.0898,0.005558,4.361
18978,520,377,897,242,15,195,340.03,0.9889,0.5953,0.231621,64,6,64,328.17,0.8268,0.1633,0.015906,4.273
18985,520,423,943,216,65,158,346.98,0.8021,0.5593,0.208504,30,22,28,335.17,0.1920,0.1106,0.009337,4.357
19015,520,395,915,211,70,226,323.74,0.8924,0.5948,0.237220,29,28,59,282.73,0.5016,0.1421,0.014075,4.483
19019,520,277,797,254,134,33,53.53,0.9901,0.6984,0.382339,23,70,31,146.79,0.9035,0.2538,0.046612,4.475
19040,520,384,904,244,43,148,355.45,0.9341,0.5886,0.231022,67,12,12,25.39,0.8467,0.1524,0.014830,4.335
19046,520,413,933,218,11,223,327.11,0.9914,0.5684,0.204746,14,10,85,272.24,0.9610,0.1232,0.009663,4.270
19049,520,442,962,216,68,73,22.86,0.8356,0.5352,0.192167,28,12,19,352.79,0.3896,0.0829,0.005569,4.358
19054,520,422,942,225,32,181,340.26,0.9423,0.5619,0.203793,34,9,55,304.91,0.7730,0.1094,0.008113,4.367
19058,520,382,902,235,41,206,335.61,0.9543,0.5992,0.237070,16,43,32,164.67,0.6039,0.1607,0.019421,4.135
19063,520,429,949,111,105,254,279.69,0.9884,0.5457,0.206378,33,19,1,73.92,0.8877,0.1000,0.007913,4.427
19071,520,476,996,213,52,21,32.57,0.9633,0.5054,0.166587,7,0,5,336.40,1.0000,0.0242,0.000561,4.284
19072,520,292,812,210,128,224,321.60,0.7446,0.6752,0.345231,28,57,87,250.95,0.5608,0.2388,0.038611,4.460
19093,520,371,891,250,57,137,1.38,0.9513,0.6061,0.250598,2,48,34,167.13,0.9693,0.1723,0.022422,4.151
19113,520,173,693,235,178,207,346.93,0.6039,0.7953,0.540093,56,90,47,139.30,0.6313,0.3414,0.083581,4.417
19116,520,414,934,187,76,226,316.01,0.8474,0.5651,0.212258,21,10,74,280.09,0.9046,0.1152,0.008709,4.467
19130,520,387,907,239,10,194,339.60,0.9920,0.5881,0.224658,30,31,64,279.88,0.5089,0.1540,0.016261,4.145
19140,520,445,965,166,68,248,304.59,0.9497,0.5433,0.190191,2,16,41,258.13,0.8470,0.0798,0.005436,4.333
19141,520,396,916,237,3,182,342.47,0.9969,0.5764,0.214500,3,21,93,264.71,0.9582,0.1446,0.013459,4.168
19157,520,409,929,245,55,32,30.75,0.9669,0.5736,0.222526,38,20,51,309.22,0.5536,0.1295,0.011514,4.430
19178,520,476,996,215,48,25,31.19,0.9585,0.5060,0.166337,4,0,5,323.04,1.0000,0.0198,0.000368,4.295
19195,520,454,974,225,46,91,12.92,0.8994,0.5349,0.187196,1,18,12,170.27,0.9139,0.0687,0.004656,4.340
19225,520,440,960,184,43,248,311.61,0.9653,0.5461,0.186965,40,0,29,341.35,1.0000,0.0871,0.005399,4.277
19232,520,455,975,193,40,219,321.08,0.9291,0.5350,0.179710,25,1,28,323.79,0.8542,0.0627,0.003122,4.324
19235,520,364,884,224,60,236,325.01,0.9415,0.6129,0.251373,13,35,85,263.48,0.8278,0.1703,0.019434,4.340
19248,520,446,966,224,59,32,31.94,0.9463,0.5353,0.190823,20,3,55,289.45,0.9208,0.0831,0.004897,4.387
19252,520,468,988,174,67,211,316.07,0.8201,0.5240,0.177171,9,1,23,300.13,0.8632,0.0396,0.001417,4.418
19265,520,306,826,246,123,35,50.05,0.9504,0.6663,0.338831,14,64,46,164.76,0.8610,0.2341,0.039572,4.341
19270,520,452,972,190,81,137,350.79,0.6424,0.5258,0.186397,26,8,2,46.35,0.7121,0.0676,0.003977,4.380
19274,520,348,868,254,66,156,356.33,0.9880,0.6282,0.273710,49,34,76,298.09,0.5401,0.1905,0.023188,4.423
19282,520,246,766,230,133,255,319.14,1.0000,0.7266,0.408196,60,69,26,119.56,0.6460,0.2763,0.052915,4.452
19299,520,397,917,253,35,28,28.87,0.9927,0.5759,0.221723,41,32,4,91.23,0.8080,0.1441,0.015132,4.172
19313,520,376,896,229,63,199,336.37,0.8932,0.6011,0.243390,72,9,1,32.72,0.9814,0.1584,0.015755,4.462
19316,520,273,793,232,144,125,32.93,0.6714,0.6975,0.385851,0,74,44,158.39,1.0000,0.2640,0.050792,4.324
19324,520,474,994,213,57,72,20.48,0.8607,0.5168,0.175427,0,2,22,263.16,1.0004,0.0317,0.001013,4.419
19334,520,388,908,245,67,70,24.74,0.9425,0.5892,0.238723,16,30,77,267.23,0.7760,0.1521,0.015744,4.392
19335,520,454,974,205,44,180,335.55,0.8720,0.5322,0.180777,13,8,40,284.56,0.7296,0.0710,0.004124,4.264
19349,520,328,848,250,62,228,333.47,0.9770,0.6526,0.293737,15,48,91,256.51,0.7641,0.2104,0.029706,4.313
19352,520,472,992,178,21,238,312.64,0.9786,0.5164,0.161754,4,2,16,288.65,0.7102,0.0325,0.001066,4.147
19354,520,429,949,213,13,215,327.82,0.9866,0.5545,0.193423,0,9,76,264.06,0.9807,0.1024,0.007171,4.258
19359,520,468,988,200,51,172,336.86,0.8280,0.5244,0.176274,4,3,27,278.00,0.8369,0.0425,0.001701,4.377
19368,520,405,925,235,38,181,342.74,0.9429,0.5837,0.223874,35,21,56,299.78,0.5807,0.1312,0.011792,4.432
19421,520,356,876,252,3,205,339.49,0.9986,0.6173,0.251717,50,25,79,301.83,0.6813,0.1767,0.019379,4.349
19431,520,442,962,220,74,5,38.96,0.9902,0.5437,0.201267,11,18,30,260.84,0.3756,0.0834,0.005975,4.489
19457,520,325,845,254,33,235,332.59,0.9960,0.6465,0.281599,11,4,153,266.29,0.9978,0.2140,0.024577,4.446
19461,520,231,751,254,125,239,331.92,0.9947,0.7381,0.419726,26,76,81,204.39,0.6554,0.2917,0.059823,4.277
19478,520,330,850,251,16,248,328.99,0.9962,0.6443,0.276601,9,60,10,143.14,0.9791,0.2112,0.033116,3.929
19480,520,475,995,205,44,151,345.48,0.8420,0.5165,0.170169,8,0,6,335.23,1.0000,0.0260,0.000648,4.347
19482,520,379,899,225,26,246,323.39,0.9866,0.6013,0.234024,63,21,22,21.36,0.6315,0.1593,0.016512,4.270
19488,520,259,779,246,131,181,353.87,0.8304,0.7107,0.391642,73,61,34,86.27,0.4398,0.2697,0.048695,4.475
19490,520,455,975,234,0,46,23.60,1.0000,0.5255,0.176929,12,9,18,299.41,0.3011,0.0580,0.003172,4.268
19492,520,432,952,245,26,13,29.58,0.9907,0.5540,0.201839,5,28,14,154.53,0.8406,0.1016,0.008944,4.272
19498,520,389,909,237,5,213,334.13,0.9969,0.5947,0.229199,39,7,89,291.54,0.9242,0.1484,0.013046,4.429
19507,520,377,897,214,63,238,321.76,0.9294,0.6008,0.240260,22,40,40,195.79,0.3343,0.1580,0.018413,4.243
19511,520,422,942,171,85,232,308.22,0.8400,0.5592,0.209818,8,14,70,269.32,0.9290,0.1075,0.008078,4.474
19514,520,413,933,219,16,214,329.58,0.9845,0.5652,0.202879,27,2,79,285.80,0.9765,0.1167,0.008409,4.329
19519,520,255,775,231,143,197,343.01,0.6941,0.7174,0.406669,8,75,57,169.10,0.9430,0.2732,0.053789,4.400
19521,520,466,986,221,39,72,18.23,0.9285,0.5173,0.172938,3,12,4,147.59,0.7016,0.0521,0.002911,4.213
19525,520,430,950,223,26,168,343.69,0.9474,0.5485,0.192565,1,18,59,261.50,0.9655,0.0995,0.007548,4.215
19536,520,469,989,130,91,228,292.24,0.8039,0.5160,0.178294,1,2,31,267.71,0.9661,0.0402,0.001488,4.434
19541,520,429,949,222,35,162,345.60,0.9166,0.5480,0.193428,22,23,21,128.69,0.0538,0.1015,0.008375,4.170
19553,520,368,888,248,17,195,341.35,0.9892,0.6070,0.243007,36,41,42,211.05,0.0744,0.1735,0.021281,4.111
19558,520,400,920,243,9,163,349.44,0.9911,0.5797,0.218976,21,4,101,274.59,0.9872,0.1424,0.011858,4.348
19568,520,440,960,235,28,107,7.03,0.9556,0.5484,0.195573,17,22,6,123.20,0.5694,0.0901,0.007061,4.304
19574,520,431,951,237,37,90,13.77,0.9461,0.5527,0.200690,26,19,19,18.19,0.1486,0.0952,0.007324,4.373
19586,520,453,973,224,40,98,9.51,0.9089,0.5303,0.182495,17,16,1,106.61,0.8545,0.0732,0.004919,4.233
19589,520,391,911,241,48,153,353.45,0.9176,0.5882,0.231177,21,6,107,273.42,0.9846,0.1528,0.013511,4.427
19591,520,444,964,241,6,20,28.02,0.9973,0.5398,0.188849,19,15,31,294.44,0.3927,0.0838,0.005790,4.281
19597,520,344,864,221,109,163,351.67,0.6721,0.6298,0.289558,3,54,27,154.12,0.9793,0.1913,0.027367,4.389
19602,520,439,959,163,69,254,302.35,0.9916,0.5456,0.191990,35,9,32,332.20,0.6228,0.0944,0.006570,4.278
19620,520,379,899,200,86,237,316.88,0.8873,0.6043,0.250507,46,25,68,304.04,0.6118,0.1623,0.016935,4.490
19648,520,477,997,192,82,35,41.37,0.8429,0.5055,0.173642,6,0,5,332.72,1.0000,0.0228,0.000497,4.429
19653,520,395,915,244,8,176,345.77,0.9931,0.5877,0.225445,32,15,82,286.30,0.8454,0.1417,0.012579,4.402
19655,520,473,993,153,70,241,301.40,0.9085,0.5226,0.175039,16,0,0,29.23,1.0000,0.0339,0.001102,4.404
19667,520,310,830,197,143,147,13.96,0.3501,0.6553,0.336229,17,61,44,164.09,0.7909,0.2245,0.036384,4.471
19668,520,467,987,157,60,250,301.85,0.9671,0.5242,0.173024,12,4,5,9.40,0.3656,0.0417,0.001760,4.309
19677,520,478,998,196,46,165,338.01,0.8300,0.5089,0.164081,2,2,4,284.11,0.2654,0.0240,0.000651,4.227
19680,520,171,691,251,163,234,334.00,0.9674,0.7958,0.526461,59,82,103,246.61,0.3119,0.3401,0.079435,4.454
19684,520,446,966,189,68,196,325.55,0.7957,0.5381,0.189400,34,9,5,32.94,0.6732,0.0828,0.005465,4.316
19700,520,440,960,236,49,68,21.92,0.9351,0.5546,0.204500,15,18,41,275.59,0.5190,0.0933,0.006942,4.469
19727,520,432,952,170,95,200,315.46,0.6746,0.5514,0.209014,36,17,11,38.28,0.4640,0.1022,0.008002,4.466
19744,520,361,881,251,69,129,5.74,0.9544,0.6162,0.263539,10,35,96,263.73,0.8991,0.1800,0.021110,4.409
19753,520,399,919,234,75,57,29.95,0.9006,0.5753,0.228229,42,8,80,298.20,0.8823,0.1434,0.012451,4.455
19774,520,399,919,183,85,233,312.25,0.8533,0.5762,0.224484,12,38,21,152.79,0.7390,0.1391,0.015185,4.211
19781,520,372,892,235,48,209,334.85,0.9450,0.6054,0.243822,78,3,20,16.43,0.9484,0.1692,0.017356,4.362
19783,520,401,921,219,64,199,333.72,0.8689,0.5849,0.228525,35,32,18,97.55,0.3430,0.1391,0.014340,4.329
19809,520,473,993,222,38,65,20.43,0.9388,0.5174,0.173002,1,5,3,165.31,0.6237,0.0319,0.001216,4.354
19819,520,400,920,242,71,13,35.83,0.9871,0.5825,0.234160,17,34,53,252.35,0.4950,0.1441,0.015202,4.358
19824,520,445,965,232,3,119,1.47,0.9952,0.5385,0.185558,7,17,27,248.81,0.4390,0.0765,0.005252,4.263
19825,520,373,893,249,61,116,9.06,0.9447,0.6011,0.247416,36,36,31,107.02,0.0966,0.1552,0.017358,4.415
19827,520,476,996,180,74,159,335.97,0.6814,0.5096,0.171054,4,2,0,82.32,1.0000,0.0247,0.000692,4.361
19842,520,287,807,223,119,254,317.96,0.9910,0.6943,0.360389,11,67,23,146.53,0.9701,0.2379,0.041471,4.487
19843,520,458,978,220,59,58,25.88,0.8955,0.5303,0.186517,21,9,1,64.72,0.7813,0.0623,0.003570,4.415
19845,520,470,990,226,24,80,14.72,0.9639,0.5210,0.174041,7,2,25,290.55,0.8162,0.0416,0.001588,4.343
19868,520,354,874,250,88,62,31.69,0.9657,0.6220,0.276546,49,42,21,91.57,0.4483,0.1845,0.023631,4.435
19874,520,441,961,168,88,197,316.26,0.6930,0.5352,0.193363,10,4,71,272.73,0.9772,0.0949,0.006063,4.341
19893,520,396,916,255,13,98,12.05,1.0000,0.5821,0.224335,18,29,65,268.11,0.6465,0.1403,0.013889,4.294
19906,520,343,863,233,70,232,328.23,0.9333,0.6338,0.275325,35,45,45,196.41,0.1458,0.1855,0.024235,4.382
19914,520,259,779,254,138,72,48.07,0.9845,0.7089,0.397187,58,69,30,122.45,0.5854,0.2750,0.052495,4.363
19918,520,445,965,223,19,157,347.08,0.9614,0.5403,0.185906,4,22,8,149.98,0.8539,0.0813,0.006171,4.200
19939,520,432,952,223,35,170,343.24,0.9235,0.5539,0.197948,11,8,72,272.58,0.9544,0.1026,0.007126,4.340
19951,520,369,889,225,49,237,325.19,0.9582,0.6069,0.243208,60,29,35,8.42,0.4310,0.1730,0.019609,4.212
19957,520,393,913,255,4,120,5.06,1.0000,0.5864,0.227067,13,38,22,153.56,0.6953,0.1399,0.015297,4.243
19959,520,364,884,247,47,175,347.53,0.9416,0.6085,0.249055,79,5,12,23.40,0.9486,0.1719,0.017976,4.399
19960,520,370,890,238,10,225,331.40,0.9952,0.6051,0.238332,23,37,78,267.08,0.6420,0.1745,0.020553,4.087
19975,520,445,965,240,8,64,20.02,0.9943,0.5426,0.190724,8,20,21,202.45,0.3634,0.0823,0.006061,4.294
19981,520,387,907,207,85,204,328.61,0.7921,0.5925,0.241237,35,20,83,287.13,0.7881,0.1536,0.014821,4.493
19994,520,449,969,233,43,32,29.15,0.9616,0.5396,0.191588,13,14,22,278.86,0.2362,0.0714,0.004576,4.427
20038,520,465,985,175,30,244,310.23,0.9690,0.5211,0.165751,6,7,24,277.18,0.5667,0.0517,0.002566,4.104
20041,520,434,954,237,16,115,4.06,0.9788,0.5505,0.196161,30,14,38,313.41,0.5378,0.0989,0.007301,4.296
20056,520,399,919,233,74,103,14.05,0.8378,0.5809,0.232033,54,10,58,324.32,0.7648,0.1447,0.013069,4.472
20063,520,421,941,221,9,204,332.67,0.9902,0.5606,0.199295,53,2,12,15.45,0.9250,0.1103,0.008270,4.278
20082,520,467,987,233,3,22,27.59,0.9984,0.5219,0.174499,9,0,32,291.44,1.0000,0.0441,0.001624,4.349
20101,520,327,847,254,14,250,329.21,0.9971,0.6505,0.282902,33,56,9,132.26,0.9125,0.2095,0.031713,4.074
20113,520,432,952,233,1,133,356.88,0.9984,0.5453,0.190418,6,22,45,257.18,0.6891,0.1000,0.008020,4.144
20138,520,426,946,247,3,71,18.60,0.9981,0.5577,0.202978,1,25,51,251.68,0.9183,0.1095,0.009407,4.258
20146,520,330,850,253,97,2,42.13,0.9984,0.6358,0.294399,54,50,17,102.44,0.6353,0.2125,0.031060,4.249
20153,520,468,988,154,67,243,301.63,0.9227,0.5219,0.173558,16,3,4,14.91,0.5655,0.0435,0.001841,4.312
20154,520,424,944,218,13,205,331.67,0.9852,0.5566,0.196033,22,1,79,281.36,0.9909,0.1103,0.007568,4.274
20156,520,365,885,242,56,184,343.96,0.9199,0.6101,0.251693,37,39,43,264.43,0.0736,0.1693,0.020188,4.298
20159,520,477,997,220,44,27,30.14,0.9600,0.5130,0.170988,1,2,0,126.59,1.0000,0.0203,0.000499,4.376
20163,520,418,938,178,71,239,310.24,0.9018,0.5559,0.202043,48,8,31,349.12,0.7104,0.1150,0.009011,4.271
20167,520,337,857,255,59,192,344.55,1.0000,0.6397,0.281971,12,57,9,142.19,0.9716,0.2016,0.030240,4.137
20168,520,434,954,224,76,7,38.98,0.9876,0.5540,0.210342,17,20,45,275.92,0.5260,0.1023,0.008089,4.482
20198,520,441,961,232,2,123,0.08,0.9968,0.5397,0.186323,2,11,66,265.40,0.9608,0.0944,0.006455,4.186
20207,520,397,917,214,65,199,332.33,0.8555,0.5775,0.222023,30,12,85,284.23,0.8934,0.1390,0.011948,4.391
20211,520,445,965,209,60,150,347.87,0.7952,0.5379,0.189911,8,19,18,188.57,0.3413,0.0784,0.005610,4.314
20242,520,299,819,244,84,231,331.28,0.9497,0.6652,0.313459,24,63,46,162.56,0.6705,0.2348,0.039463,4.063
20279,520,403,923,184,84,235,312.19,0.8653,0.5777,0.225301,1,27,69,258.69,0.9675,0.1302,0.012199,4.426
20289,520,1,521,255,255,255,0.00,0.0000,1.0000,1.000000,33,137,61,147.92,0.9611,0.4841,0.185508,4.458
20298,520,466,986,172,70,201,317.99,0.7819,0.5176,0.173690,3,10,20,251.29,0.5397,0.0534,0.002869,4.231
20299,520,397,917,247,15,137,358.52,0.9854,0.5781,0.219254,45,26,14,52.41,0.4779,0.1365,0.013285,4.255
20304,520,451,971,207,34,195,331.54,0.9264,0.5386,0.183515,27,3,22,336.43,0.7257,0.0663,0.003561,4.360
20305,520,471,991,142,78,239,296.95,0.8857,0.5181,0.174317,1,4,28,265.84,0.9175,0.0427,0.001771,4.333
20315,520,436,956,191,62,213,321.42,0.8566,0.5460,0.193271,31,7,46,309.33,0.7573,0.0948,0.006405,4.313
20316,520,344,864,233,78,211,334.05,0.8893,0.6295,0.274780,5,26,124,265.10,0.9693,0.1935,0.022261,4.495
20327,520,289,809,245,111,193,345.07,0.8839,0.6823,0.346343,29,57,95,256.57,0.5974,0.2450,0.040135,4.397
20352,520,446,966,186,38,236,315.01,0.9512,0.5358,0.178827,10,9,54,275.01,0.8805,0.0833,0.005262,4.141
20357,520,410,930,237,49,131,0.44,0.9022,0.5729,0.218429,16,29,51,260.39,0.5110,0.1284,0.012279,4.310
20369,520,354,874,243,72,178,346.90,0.9005,0.6235,0.269067,14,49,40,173.26,0.7020,0.1822,0.024431,4.287
20371,520,380,900,249,52,123,5.60,0.9478,0.5957,0.240292,18,23,99,270.73,0.9231,0.1624,0.016421,4.370
20373,520,446,966,220,65,76,21.25,0.8512,0.5399,0.195206,9,17,35,264.64,0.5186,0.0826,0.005803,4.394
20377,520,456,976,229,38,18,30.37,0.9804,0.5269,0.180909,14,3,37,293.00,0.8410,0.0598,0.002921,4.363
20379,520,199,719,255,162,150,27.80,1.0000,0.7703,0.493052,2,85,99,213.85,0.9784,0.3231,0.074104,4.376
20387,520,381,901,226,76,176,343.65,0.8168,0.5974,0.244746,56,25,43,345.73,0.4806,0.1617,0.017105,4.392
20406,520,256,776,222,137,248,317.94,0.9274,0.7193,0.401996,14,77,32,148.32,0.9646,0.2748,0.055052,4.303
20411,520,475,995,204,30,177,336.08,0.9152,0.5197,0.169422,10,1,7,337.87,0.6952,0.0321,0.001016,4.301
20439,520,403,923,213,9,249,319.89,0.9957,0.5790,0.211829,0,38,22,160.76,1.0000,0.1339,0.014441,4.063
20471,520,433,953,194,12,253,314.05,0.9934,0.5520,0.188255,23,22,28,292.96,0.1403,0.1027,0.008398,4.080
20485,520,391,911,219,87,154,351.71,0.7295,0.5897,0.242118,26,34,51,264.68,0.3336,0.1494,0.016026,4.424
20524,520,431,951,127,109,232,286.55,0.7840,0.5499,0.212752,0,25,45,244.67,1.0000,0.1045,0.008847,4.465
20530,520,441,961,235,34,52,24.26,0.9675,0.5400,0.190573,7,23,26,210.95,0.4857,0.0921,0.007325,4.197
20536,520,377,897,233,45,214,333.00,0.9518,0.6029,0.240580,2,15,114,264.84,0.9846,0.1629,0.015693,4.423
20543,520,249,769,246,125,235,330.80,0.9512,0.7247,0.402605,18,79,10,141.56,0.9834,0.2800,0.057423,4.213
20558,520,315,835,255,95,160,358.45,1.0000,0.6633,0.319858,38,54,64,236.18,0.2624,0.2232,0.034205,4.392
20569,520,432,952,209,52,189,333.92,0.8665,0.5510,0.196874,17,20,44,275.91,0.5108,0.1016,0.008013,4.255
20643,520,474,994,217,55,19,33.27,0.9688,0.5164,0.175337,7,3,8,320.95,0.3948,0.0350,0.001278,4.394
20659,520,433,953,209,72,147,350.23,0.7493,0.5501,0.202987,1,26,31,212.29,0.9134,0.0995,0.008441,4.329
20660,520,249,769,239,144,162,7.99,0.7061,0.7174,0.409081,4,78,40,153.53,0.9872,0.2776,0.056275,4.320
20680,520,382,902,229,97,51,38.82,0.8741,0.5960,0.254491,18,39,57,246.25,0.5124,0.1615,0.018750,4.429
20687,520,398,918,234,45,174,344.86,0.9204,0.5826,0.224280,13,37,30,172.02,0.5698,0.1392,0.015024,4.218
20690,520,389,909,226,0,239,325.34,1.0000,0.5918,0.224030,71,4,12,21.71,0.9425,0.1527,0.014532,4.246
20695,520,441,961,195,83,144,349.05,0.6550,0.5400,0.198039,34,5,36,325.24,0.7430,0.0890,0.005760,4.448
20716,520,383,903,208,83,212,326.46,0.8223,0.5962,0.243516,46,31,5,78.14,0.7676,0.1486,0.015718,4.466
20719,520,466,986,221,50,33,30.11,0.9464,0.5206,0.177659,22,1,0,33.11,1.0000,0.0458,0.001923,4.385
20738,520,449,969,231,14,110,4.69,0.9786,0.5360,0.184318,25,9,2,51.62,0.6963,0.0681,0.004065,4.334
20743,520,419,939,207,27,227,323.20,0.9711,0.5573,0.195971,44,12,30,348.29,0.6064,0.1128,0.008922,4.175
20745,520,438,958,241,15,91,12.54,0.9855,0.5518,0.198011,9,13,52,272.14,0.8267,0.0876,0.005938,4.434
20780,520,443,963,213,56,136,354.12,0.8127,0.5351,0.187543,10,7,54,275.90,0.9039,0.0800,0.004828,4.333
20781,520,320,840,201,112,254,311.04,0.9865,0.6546,0.311626,38,48,76,268.34,0.3959,0.2133,0.030477,4.494
20786,520,435,955,241,34,43,26.35,0.9744,0.5515,0.200226,35,7,28,338.61,0.6535,0.0891,0.005932,4.474
20799,520,427,947,238,48,60,24.06,0.9453,0.5566,0.206205,20,5,71,281.39,0.9438,0.1040,0.007122,4.485
20813,520,374,894,247,5,189,342.71,0.9966,0.5995,0.235601,71,10,3,31.66,0.9484,0.1575,0.015635,4.351
20818,520,123,643,232,202,240,319.09,0.6563,0.8555,0.656888,17,104,93,181.87,0.9088,0.3830,0.108096,4.471
20825,520,409,929,194,79,209,322.91,0.7995,0.5678,0.216661,47,14,49,325.36,0.6634,0.1315,0.011402,4.343
20835,520,356,876,219,89,214,329.19,0.8375,0.6221,0.270618,39,47,0,119.36,1.0000,0.1850,0.024644,4.295
20852,520,423,943,196,83,178,334.15,0.7120,0.5580,0.211382,30,16,45,304.18,0.5692,0.1073,0.008361,4.479
20864,520,452,972,194,31,212,323.33,0.9431,0.5260,0.172043,15,8,31,294.69,0.6003,0.0661,0.003742,4.132
20872,520,356,876,243,92,95,22.43,0.8902,0.6201,0.275383,21,38,87,266.27,0.7314,0.1836,0.022337,4.498
20881,520,430,950,202,81,155,345.70,0.6986,0.5535,0.208098,21,23,19,128.93,0.1122,0.0998,0.008192,4.435
20885,520,447,967,241,0,13,28.41,1.0000,0.5382,0.187333,35,0,38,324.96,1.0000,0.0838,0.004973,4.317
20910,520,425,945,216,30,212,329.29,0.9607,0.5636,0.202831,5,25,51,255.64,0.7583,0.1117,0.009665,4.238
20925,520,474,994,175,43,238,311.08,0.9402,0.5239,0.170157,6,1,16,301.22,0.8035,0.0319,0.000978,4.319
20936,520,383,903,240,73,135,2.19,0.8622,0.6021,0.250426,25,40,12,132.48,0.7197,0.1520,0.017508,4.450
20950,520,447,967,215,6,193,334.16,0.9908,0.5419,0.184298,7,9,49,272.48,0.8766,0.0763,0.004623,4.289
20965,520,446,966,231,36,82,15.62,0.9436,0.5380,0.188629,5,20,25,220.99,0.5415,0.0820,0.006027,4.259
20978,520,400,920,247,56,63,24.79,0.9593,0.5817,0.229649,18,37,25,155.22,0.4916,0.1405,0.015219,4.288
20986,520,443,963,212,73,93,15.68,0.7687,0.5384,0.195547,15,18,24,264.17,0.1807,0.0834,0.006001,4.385
21006,520,464,984,182,65,185,326.79,0.7737,0.5163,0.172297,0,10,14,216.73,1.0000,0.0480,0.002488,4.235
21007,520,434,954,147,89,248,295.75,0.9257,0.5481,0.201252,42,5,25,351.14,0.7405,0.0968,0.006710,4.430
21009,520,291,811,255,80,233,333.47,1.0000,0.6799,0.328835,3,67,20,146.79,0.9927,0.2354,0.040840,4.170
21018,520,372,892,242,68,164,351.24,0.8892,0.6115,0.256948,34,44,10,123.95,0.7519,0.1721,0.021633,4.285
21049,520,440,960,220,36,176,340.63,0.9200,0.5521,0.196144,27,5,50,301.23,0.8287,0.0897,0.005719,4.418
21089,520,342,862,231,87,198,337.84,0.8416,0.6298,0.278849,0,54,35,162.96,1.0000,0.1925,0.027596,4.238
21102,520,390,910,234,38,195,338.41,0.9507,0.5894,0.228215,51,5,76,309.18,0.8949,0.1497,0.013342,4.392
21123,520,386,906,212,61,227,323.99,0.9135,0.5882,0.228824,64,9,40,351.02,0.7650,0.1517,0.014387,4.330
21124,520,471,991,225,23,77,15.52,0.9663,0.5178,0.171590,17,0,12,338.42,1.0000,0.0402,0.001457,4.306
21130,520,426,946,227,17,176,342.05,0.9746,0.5571,0.198690,44,14,27,355.23,0.5576,0.1147,0.009288,4.195
21133,520,465,985,202,13,187,332.50,0.9718,0.5156,0.164342,10,10,0,109.77,1.0000,0.0523,0.002816,4.058
21140,520,456,976,225,53,51,26.74,0.9253,0.5334,0.187956,3,4,46,269.50,0.9591,0.0609,0.003034,4.487
21167,520,457,977,217,59,76,19.73,0.8593,0.5275,0.184040,1,15,8,163.99,0.9059,0.0593,0.003656,4.362
21179,520,307,827,229,136,76,51.71,0.7617,0.6683,0.347904,37,61,34,141.69,0.5560,0.2329,0.038462,4.498
21182,520,356,876,221,56,251,320.79,0.9820,0.6153,0.251675,32,41,64,267.25,0.3745,0.1815,0.022631,4.154
21188,520,452,972,180,70,194,323.02,0.7725,0.5251,0.179798,10,11,29,278.84,0.5039,0.0663,0.003926,4.261
21201,520,422,942,193,54,235,316.76,0.9225,0.5578,0.199753,32,17,37,317.33,0.4584,0.1067,0.008416,4.275
21213,520,471,991,161,55,250,303.50,0.9695,0.5246,0.172121,7,3,25,288.66,0.7556,0.0440,0.001805,4.288
21218,520,439,959,202,42,223,322.60,0.9367,0.5541,0.195419,24,4,57,292.89,0.8950,0.0912,0.005764,4.401
21220,520,445,965,151,88,229,300.94,0.8119,0.5359,0.192162,7,5,60,272.03,0.9616,0.0811,0.004799,4.419
21224,520,424,944,243,46,30,29.79,0.9699,0.5622,0.211058,16,18,56,275.80,0.7112,0.1060,0.008283,4.479
21242,520,359,879,231,94,156,354.86,0.7692,0.6202,0.273971,70,29,9,44.24,0.7628,0.1847,0.022007,4.499
21246,520,417,937,236,71,30,34.39,0.9575,0.5718,0.224361,14,34,6,137.61,0.9013,0.1241,0.012505,4.389
21256,520,357,877,248,89,84,25.61,0.9420,0.6229,0.277446,53,39,30,54.13,0.2661,0.1840,0.023017,4.485
21259,520,409,929,218,84,101,15.82,0.7427,0.5662,0.221880,43,17,47,322.14,0.5879,0.1286,0.011198,4.443
21260,520,464,984,172,78,181,324.07,0.6963,0.5155,0.175566,14,4,25,304.62,0.6769,0.0530,0.002504,4.296
21268,520,394,914,231,32,218,331.47,0.9717,0.5949,0.230864,29,36,5,120.98,0.8093,0.1420,0.015339,4.299
21270,520,352,872,234,60,215,333.03,0.9293,0.6162,0.256330,68,13,75,322.92,0.7882,0.1855,0.020249,4.361
21272,520,473,993,231,0,20,27.67,1.0000,0.5167,0.170425,6,1,11,311.08,0.7328,0.0292,0.000846,4.335
21310,520,449,969,233,2,109,5.04,0.9971,0.5371,0.184742,23,7,18,340.01,0.4901,0.0664,0.003778,4.365
21323,520,371,891,253,10,180,346.53,0.9939,0.6073,0.243985,10,44,51,214.03,0.6985,0.1695,0.021048,4.138
21325,520,423,943,208,67,175,338.57,0.7950,0.5560,0.205213,33,6,59,301.80,0.8429,0.1075,0.007694,4.424
21344,520,244,764,217,158,192,343.74,0.4885,0.7272,0.430124,25,75,71,187.83,0.6778,0.2836,0.056935,4.490
21352,520,475,995,228,30,41,26.02,0.9724,0.5218,0.175856,3,0,28,278.14,1.0000,0.0344,0.001032,4.426
21371,520,294,814,226,109,253,319.76,0.9856,0.6829,0.341996,6,53,116,258.13,0.9340,0.2430,0.038456,4.432
21383,520,448,968,227,54,40,29.43,0.9368,0.5371,0.191253,16,16,15,106.61,0.0304,0.0760,0.005152,4.374
21385,520,10,530,248,253,243,128.62,0.7219,0.9855,0.966780,35,133,75,152.69,0.9313,0.4745,0.176397,4.491
21386,520,330,850,240,55,241,327.89,0.9657,0.6386,0.276111,39,53,16,127.12,0.7234,0.2056,0.030149,4.069
21391,520,471,991,230,24,6,29.98,0.9942,0.5209,0.174925,0,7,19,248.21,1.0000,0.0432,0.001990,4.326
21402,520,462,982,218,10,164,343.53,0.9792,0.5316,0.178053,3,2,38,272.11,0.9642,0.0486,0.002027,4.383
21409,520,453,973,202,80,104,11.12,0.6890,0.5331,0.192953,10,15,24,261.89,0.3062,0.0723,0.004721,4.440
21444,520,415,935,245,12,122,2.97,0.9880,0.5681,0.210840,42,19,17,25.89,0.4489,0.1172,0.009985,4.348
21457,520,99,619,185,231,221,180.39,0.4527,0.8753,0.726854,30,113,45,146.16,0.9575,0.4026,0.122752,4.497
21466,520,477,997,181,29,224,316.58,0.9549,0.5128,0.160855,2,2,2,0.00,0.0000,0.0229,0.000607,4.167
21497,520,478,998,220,47,18,31.80,0.9748,0.5150,0.172950,2,1,12,284.08,0.7969,0.0246,0.000612,4.405
21506,520,364,884,225,40,247,323.00,0.9751,0.6084,0.242427,7,15,119,266.32,0.9837,0.1719,0.017186,4.353
21524,520,325,845,215,119,181,342.10,0.6328,0.6453,0.309786,1,57,57,194.79,0.9802,0.2115,0.032280,4.373
21535,520,314,834,240,104,172,351.61,0.8206,0.6554,0.314071,25,55,74,238.65,0.5347,0.2231,0.034333,4.317
21542,520,475,995,177,47,230,313.35,0.9203,0.5233,0.170943,10,1,3,1.86,0.6774,0.0303,0.000928,4.338
21554,520,375,895,193,104,196,326.04,0.6618,0.5958,0.252248,15,33,78,264.67,0.7684,0.1598,0.017392,4.485
21575,520,363,883,241,75,136,2.27,0.8654,0.6064,0.255135,14,46,46,195.23,0.6225,0.1750,0.022445,4.212
21580,520,431,951,226,51,135,356.95,0.8658,0.5548,0.202884,4,17,58,264.72,0.8943,0.0982,0.007322,4.412
21584,520,337,857,235,102,157,356.75,0.7753,0.6387,0.296018,20,55,25,146.57,0.8496,0.2006,0.029512,4.352
21593,520,379,899,245,39,168,348.99,0.9497,0.5967,0.236939,76,1,3,27.42,0.9921,0.1598,0.015651,4.371
21597,520,426,946,235,39,136,357.55,0.9239,0.5640,0.208938,30,19,42,304.86,0.4666,0.1113,0.009089,4.382
21600,520,471,991,211,55,92,12.01,0.8308,0.5155,0.173563,1,7,13,236.57,0.6813,0.0413,0.001875,4.310
21602,520,249,769,244,138,170,1.42,0.7781,0.7161,0.403148,40,65,99,256.40,0.4864,0.2767,0.051324,4.472
21603,520,435,955,244,7,60,21.27,0.9957,0.5503,0.197148,23,17,34,299.44,0.3915,0.0941,0.006986,4.337
21615,520,423,943,213,37,210,329.00,0.9421,0.5606,0.201245,18,11,72,277.66,0.9037,0.1117,0.008358,4.305
21623,520,38,558,243,249,142,111.43,0.9352,0.9477,0.887594,5,130,43,146.42,0.9968,0.4540,0.161712,4.429
21624,520,441,961,225,22,143,352.28,0.9533,0.5388,0.185672,3,20,45,256.54,0.8044,0.0931,0.007091,4.128
21630,520,441,961,210,71,108,8.05,0.7539,0.5363,0.192930,33,5,46,312.80,0.7962,0.0947,0.006292,4.316
21631,520,352,872,248,68,157,354.98,0.9287,0.6195,0.265282,1,45,87,252.39,0.9688,0.1942,0.025712,4.164
21633,520,466,986,164,69,226,308.60,0.8499,0.5235,0.176404,0,11,10,189.35,1.0000,0.0489,0.002612,4.303
21638,520,420,940,140,97,253,291.27,0.9719,0.5576,0.212166,23,25,18,120.55,0.1867,0.1069,0.009211,4.428
21659,520,433,953,175,91,205,316.38,0.7159,0.5549,0.210048,1,28,0,141.72,1.0000,0.0963,0.008369,4.455
21693,520,475,995,220,26,126,357.36,0.9336,0.5235,0.174634,1,3,7,253.11,0.5176,0.0275,0.000869,4.416
21705,520,470,990,216,30,129,355.59,0.9123,0.5187,0.171149,8,1,30,289.87,0.9213,0.0439,0.001671,4.280
21707,520,444,964,192,69,188,329.11,0.7796,0.5391,0.190950,0,21,8,156.21,1.0000,0.0756,0.005538,4.338
21710,520,421,941,212,25,224,325.26,0.9744,0.5629,0.200761,42,19,3,54.94,0.7701,0.1142,0.009646,4.204
21721,520,465,985,215,54,82,16.32,0.8595,0.5198,0.176971,20,2,8,357.19,0.7001,0.0480,0.002097,4.357
21742,520,345,865,238,31,252,325.11,0.9902,0.6294,0.261879,62,31,48,346.98,0.4357,0.1857,0.022176,4.321
21748,520,478,998,200,75,43,35.30,0.8491,0.5100,0.174879,1,0,11,279.92,1.0000,0.0185,0.000306,4.470
21751,520,470,990,214,25,145,349.16,0.9280,0.5192,0.170381,6,7,3,117.97,0.3303,0.0426,0.001972,4.240
21753,520,464,984,218,2,147,348.96,0.9950,0.5213,0.170579,11,9,6,81.77,0.1704,0.0528,0.002797,4.178
21759,520,415,935,208,3,245,319.53,0.9983,0.5663,0.200693,9,29,41,237.56,0.5693,0.1181,0.010969,4.112
21760,520,462,982,202,50,171,337.75,0.8338,0.5265,0.177799,10,4,19,302.79,0.5832,0.0456,0.001984,4.382
21766,520,400,920,190,68,251,311.58,0.9723,0.5791,0.220475,17,29,61,266.26,0.6150,0.1364,0.013348,4.270
21770,520,248,768,252,112,254,327.03,0.9960,0.7248,0.394421,56,70,38,128.07,0.4765,0.2777,0.053610,4.289
21791,520,472,992,183,47,220,317.64,0.9060,0.5247,0.172688,12,0,1,16.52,1.0000,0.0287,0.000804,4.383
21795,520,371,891,235,55,209,334.90,0.9329,0.6104,0.250006,27,45,34,156.84,0.3751,0.1747,0.022252,4.152
21801,520,425,945,213,54,182,337.26,0.8577,0.5557,0.201640,18,29,0,126.85,1.0000,0.1101,0.010073,4.189
21805,520,421,941,202,65,208,326.14,0.8518,0.5633,0.208929,48,8,13,17.51,0.7523,0.1087,0.008312,4.440
21810,520,350,870,226,72,245,323.10,0.9562,0.6330,0.273981,48,33,77,296.97,0.5623,0.1879,0.022519,4.468
21812,520,333,853,200,121,204,325.29,0.6362,0.6392,0.303149,0,54,48,183.02,1.0000,0.1972,0.028516,4.498
21813,520,412,932,241,34,125,2.19,0.9478,0.5691,0.213287,13,3,91,271.44,0.9912,0.1220,0.009060,4.458
21818,520,445,965,199,3,225,321.75,0.9969,0.5353,0.176451,16,16,28,283.65,0.3103,0.0815,0.005646,4.070
21849,520,376,896,213,91,193,334.36,0.7594,0.6039,0.254804,47,35,21,70.26,0.3700,0.1631,0.018606,4.443
21850,520,466,986,192,88,53,38.81,0.7516,0.5176,0.184447,21,1,19,331.72,0.8066,0.0516,0.002282,4.484
21856,520,326,846,214,118,208,329.46,0.7112,0.6549,0.318086,1,60,2,142.79,0.9981,0.2081,0.032424,4.466
21857,520,468,988,219,47,67,20.82,0.9101,0.5184,0.175010,4,4,26,276.64,0.7746,0.0442,0.001872,4.338
21866,520,367,887,197,96,229,317.32,0.8283,0.6086,0.258944,55,33,18,54.26,0.4934,0.1691,0.019437,4.449
21872,520,453,973,201,17,210,325.93,0.9752,0.5309,0.174733,16,13,27,292.92,0.3748,0.0744,0.004771,4.103
21897,520,458,978,179,46,239,311.96,0.9370,0.5331,0.177707,21,9,10,14.23,0.3354,0.0649,0.003767,4.235
21941,520,392,912,243,47,152,354.14,0.9241,0.5909,0.233579,36,27,67,290.74,0.5804,0.1533,0.015642,4.320
21954,520,443,963,186,54,231,315.60,0.9108,0.5439,0.188481,24,9,28,318.92,0.5351,0.0763,0.004734,4.357
21955,520,432,952,237,12,125,0.56,0.9841,0.5528,0.197513,16,4,69,278.44,0.9609,0.0967,0.006266,4.399
21956,520,365,885,232,9,247,324.94,0.9968,0.6095,0.240690,49,33,36,6.47,0.2320,0.1654,0.018681,4.232
21973,520,447,967,190,55,215,320.81,0.8798,0.5390,0.185872,20,13,24,312.84,0.3230,0.0770,0.005025,4.287
21987,520,444,964,227,12,142,352.81,0.9781,0.5393,0.185496,6,17,34,257.91,0.5819,0.0800,0.005551,4.239
22010,520,408,928,224,84,57,32.91,0.8600,0.5685,0.224859,5,36,22,160.24,0.8813,0.1296,0.013519,4.327
22016,520,365,885,250,33,190,343.37,0.9727,0.6137,0.251327,75,12,30,9.29,0.7904,0.1738,0.018528,4.397
22020,520,419,939,182,82,213,317.39,0.7844,0.5567,0.207848,43,14,30,348.23,0.5553,0.1143,0.009215,4.354
22029,520,416,936,207,70,189,333.51,0.8062,0.5654,0.213217,22,28,35,252.48,0.1941,0.1208,0.011224,4.299
22036,520,354,874,199,103,230,317.26,0.8202,0.6225,0.275570,2,51,23,152.53,0.9865,0.1796,0.024423,4.375
22055,520,403,923,201,53,244,317.03,0.9481,0.5763,0.214968,20,21,72,275.64,0.7889,0.1303,0.011529,4.306
22079,520,468,988,210,44,129,355.15,0.8467,0.5161,0.170902,8,6,2,90.93,0.4352,0.0417,0.001863,4.259
22081,520,464,984,197,74,121,359.70,0.6928,0.5213,0.181502,17,4,11,345.63,0.5134,0.0496,0.002302,4.426
22093,520,377,897,230,56,198,336.81,0.9097,0.5962,0.237311,38,38,9,109.17,0.6891,0.1580,0.018180,4.214
22109,520,298,818,222,128,189,341.71,0.6603,0.6745,0.346438,10,65,1,140.99,0.9976,0.2282,0.038472,4.481
22111,520,441,961,181,31,255,309.66,1.0000,0.5405,0.180247,14,22,27,236.07,0.2421,0.0943,0.007463,4.007
22131,520,310,830,254,75,199,342.83,0.9915,0.6554,0.302297,40,48,85,272.90,0.4700,0.2212,0.032208,4.285
22133,520,412,932,204,28,244,318.46,0.9784,0.5659,0.202012,8,1,92,268.69,0.9979,0.1181,0.008460,4.311
22141,520,480,1000,189,79,99,11.54,0.6461,0.5074,0.173133,0,0,0,0.00,0.0000,0.0000,0.000000,4.463
22143,520,468,988,196,79,101,11.49,0.6724,0.5202,0.182691,6,4,21,286.55,0.6381,0.0429,0.001797,4.492
22147,520,440,960,195,54,221,320.79,0.8993,0.5505,0.194624,11,1,70,274.26,0.9934,0.0896,0.005350,4.420
22150,520,409,929,244,14,129,0.55,0.9851,0.5689,0.211355,41,21,50,314.50,0.5297,0.1349,0.012381,4.190
22152,520,476,996,209,63,15,36.08,0.9682,0.5091,0.171471,1,1,14,273.55,0.9013,0.0244,0.000599,4.377
22155,520,455,975,197,20,213,324.04,0.9700,0.5271,0.171764,5,13,19,238.80,0.3952,0.0614,0.003671,4.132
22167,520,339,859,228,98,205,334.93,0.8226,0.6431,0.296393,42,51,26,125.06,0.4672,0.2040,0.029345,4.366
22168,520,462,982,217,50,106,6.46,0.8523,0.5265,0.180760,10,1,35,289.54,0.9385,0.0500,0.002076,4.431
22170,520,417,937,183,72,242,311.12,0.9168,0.5665,0.211138,36,21,29,346.44,0.3038,0.1165,0.010001,4.352
22179,520,464,984,179,90,133,351.37,0.5484,0.5210,0.185907,14,3,29,300.86,0.7721,0.0535,0.002472,4.496
22183,520,302,822,193,128,248,307.48,0.8853,0.6679,0.335538,52,58,15,116.75,0.7455,0.2335,0.037907,4.386
22197,520,445,965,159,72,247,302.10,0.9393,0.5380,0.187215,18,7,43,291.86,0.7590,0.0764,0.004550,4.349
22200,520,443,963,235,37,31,28.59,0.9706,0.5396,0.190874,12,18,16,172.76,0.1763,0.0779,0.005482,4.341
22202,520,429,949,232,52,78,19.00,0.9128,0.5509,0.201648,18,20,35,277.42,0.3488,0.0966,0.007502,4.376
22223,520,399,919,255,29,34,27.66,1.0000,0.5776,0.222581,4,2,105,265.91,0.9976,0.1364,0.010890,4.477
22240,520,441,961,226,41,104,7.70,0.9065,0.5367,0.187569,14,17,45,275.31,0.6084,0.0932,0.006837,4.180
22246,520,282,802,249,100,221,335.68,0.9613,0.6866,0.344773,42,66,29,135.61,0.6652,0.2515,0.044773,4.165
22247,520,478,998,195,19,197,327.74,0.9599,0.5116,0.161007,2,0,16,283.45,1.0000,0.0236,0.000503,4.178
22252,520,382,902,253,17,155,354.02,0.9868,0.5976,0.236537,35,28,70,287.59,0.5945,0.1568,0.016300,4.322
22276,520,440,960,242,18,40,25.78,0.9900,0.5464,0.194665,16,1,64,281.05,0.9864,0.0861,0.005020,4.447
22277,520,318,838,181,138,227,305.49,0.6691,0.6609,0.335472,10,63,15,144.22,0.9760,0.2226,0.036539,4.454
22281,520,405,925,245,29,143,356.64,0.9632,0.5812,0.222777,19,21,72,274.77,0.7984,0.1295,0.011426,4.441
22283,520,437,957,225,59,104,9.84,0.8490,0.5498,0.201377,3,24,20,179.32,0.7784,0.0900,0.007231,4.392
22285,520,438,958,237,27,97,10.67,0.9631,0.5492,0.196546,40,6,11,15.24,0.7342,0.0899,0.006056,4.398
22288,520,372,892,222,88,194,336.67,0.7994,0.6146,0.264062,39,42,27,117.36,0.2942,0.1743,0.021664,4.382
22292,520,371,891,246,68,151,356.72,0.9114,0.6136,0.259646,43,37,42,331.43,0.1137,0.1702,0.020039,4.421
22304,520,430,950,210,51,181,336.71,0.8596,0.5472,0.194075,20,21,24,271.09,0.0785,0.0955,0.007510,4.244
22326,520,346,866,230,97,177,346.03,0.7790,0.6315,0.285491,33,47,41,166.68,0.2383,0.1881,0.025164,4.463
22334,520,462,982,184,2,250,312.04,0.9987,0.5315,0.171370,11,2,25,300.53,0.7963,0.0454,0.001848,4.270
22351,520,332,852,239,69,223,332.14,0.9323,0.6372,0.279373,45,48,29,115.69,0.3441,0.1988,0.027605,4.244
22363,520,452,972,207,32,184,334.76,0.9200,0.5305,0.177611,28,8,12,8.76,0.5077,0.0733,0.004471,4.179
22385,520,416,936,157,98,241,299.41,0.8540,0.5686,0.222546,34,24,28,352.74,0.1917,0.1203,0.010772,4.485
22389,520,248,768,240,150,108,45.43,0.7620,0.7169,0.414230,21,78,34,147.65,0.9368,0.2807,0.057235,4.329
22406,520,409,929,230,47,164,347.26,0.8995,0.5717,0.215391,48,19,18,23.50,0.5247,0.1274,0.011379,4.324
22412,520,455,975,220,39,115,2.31,0.8930,0.5268,0.179071,26,3,0,38.51,1.0000,0.0568,0.002848,4.335
22421,520,428,948,244,30,48,25.12,0.9791,0.5562,0.203785,2,16,63,263.89,0.9487,0.1000,0.007423,4.420
22426,520,410,930,255,18,46,25.14,1.0000,0.5746,0.218937,11,33,39,218.09,0.5337,0.1297,0.013053,4.265
22450,520,464,984,148,66,251,298.17,0.9707,0.5203,0.171576,0,6,38,262.52,1.0001,0.0547,0.002702,4.204
22462,520,438,958,228,20,147,351.53,0.9624,0.5458,0.191037,16,20,19,178.83,0.0995,0.0874,0.006575,4.260
22467,520,461,981,218,14,152,347.47,0.9679,0.5265,0.174890,7,6,26,281.99,0.6307,0.0516,0.002500,4.284
22468,520,458,978,128,97,233,289.54,0.8158,0.5288,0.190216,2,11,34,261.08,0.8270,0.0635,0.003677,4.475
22476,520,461,981,172,67,225,311.79,0.8563,0.5317,0.182221,13,5,13,326.84,0.4093,0.0481,0.002232,4.446
22488,520,471,991,189,87,79,26.52,0.6446,0.5153,0.182013,11,5,8,345.13,0.2827,0.0442,0.001972,4.464
22505,520,462,982,160,78,220,307.70,0.8043,0.5254,0.180903,6,0,38,280.37,1.0000,0.0469,0.001787,4.459
22507,520,435,955,207,30,214,326.41,0.9560,0.5493,0.190509,42,4,15,7.09,0.7839,0.0916,0.006136,4.284
22520,520,335,855,249,18,242,329.89,0.9948,0.6373,0.269861,74,23,62,338.05,0.6590,0.1998,0.024166,4.313
22573,520,459,979,212,31,163,342.69,0.9121,0.5273,0.176236,12,7,33,287.90,0.6721,0.0628,0.003399,4.237
22575,520,425,945,220,51,168,343.65,0.8665,0.5582,0.204128,19,16,66,278.29,0.8087,0.1140,0.009023,4.306
22585,520,401,921,233,57,157,350.90,0.8750,0.5820,0.226870,32,6,91,285.01,0.9504,0.1416,0.011926,4.471
22596,520,384,904,232,62,169,346.79,0.8671,0.5901,0.234683,41,10,84,294.94,0.8770,0.1485,0.013286,4.498
22617,520,257,777,253,140,68,50.36,0.9712,0.7106,0.400591,48,69,60,166.40,0.2727,0.2742,0.052108,4.413
22620,520,445,965,211,75,97,14.30,0.7522,0.5402,0.197463,3,21,14,166.90,0.7731,0.0792,0.005874,4.429
22621,520,334,854,254,13,238,331.89,0.9967,0.6425,0.275349,27,39,96,270.14,0.7353,0.1980,0.025285,4.322
22634,520,365,885,252,15,183,345.52,0.9905,0.6079,0.244594,12,45,46,197.98,0.6593,0.1709,0.021521,4.119
22651,520,411,931,198,59,231,319.01,0.9094,0.5670,0.209047,13,31,12,142.84,0.7114,0.1151,0.010921,4.252
22672,520,476,996,181,33,213,319.21,0.9321,0.5062,0.157168,0,3,1,156.67,1.0000,0.0232,0.000673,4.088
22675,520,465,985,216,62,30,33.26,0.9394,0.5225,0.181404,13,6,14,322.62,0.3639,0.0508,0.002475,4.410
22678,520,404,924,221,66,175,342.14,0.8308,0.5774,0.223660,50,12,47,331.04,0.6928,0.1326,0.011464,4.452
22682,520,433,953,202,83,136,355.13,0.6722,0.5484,0.205225,11,8,71,272.75,0.9522,0.1014,0.006997,4.478
22694,520,445,965,234,8,95,10.07,0.9902,0.5365,0.184954,18,17,17,17.31,0.0231,0.0810,0.005700,4.218
22712,520,297,817,247,82,252,326.67,0.9891,0.6804,0.328396,51,62,0,120.26,1.0000,0.2433,0.041490,4.136
22751,520,460,980,229,14,112,3.64,0.9770,0.5325,0.181449,10,11,2,113.09,0.6207,0.0551,0.003083,4.360
22759,520,317,837,252,55,236,331.92,0.9878,0.6557,0.294870,7,17,154,265.49,0.9903,0.2244,0.027789,4.433
22771,520,364,884,254,47,136,1.58,0.9901,0.6061,0.248850,29,33,78,275.72,0.6304,0.1692,0.018989,4.332
22778,520,402,922,242,31,160,350.62,0.9583,0.5833,0.223984,35,16,70,294.08,0.7617,0.1344,0.011701,4.441
22781,520,454,974,224,51,8,33.22,0.9895,0.5263,0.182353,0,16,20,212.66,1.0000,0.0654,0.004211,4.286
22792,520,456,976,169,66,229,309.88,0.8677,0.5294,0.179894,8,7,35,279.07,0.7366,0.0610,0.003249,4.317
22804,520,475,995,139,70,255,294.07,1.0000,0.5181,0.170893,5,1,17,295.50,0.8233,0.0314,0.000944,4.336
22851,520,395,915,228,11,233,327.16,0.9943,0.5930,0.226189,12,33,62,257.07,0.6700,0.1449,0.015136,4.240
22853,520,438,958,203,15,228,322.02,0.9861,0.5472,0.186413,32,12,15,11.47,0.4512,0.0874,0.006046,4.218
22873,520,333,853,235,91,190,341.91,0.8417,0.6374,0.288646,18,52,62,220.22,0.6057,0.2036,0.029323,4.269
22898,520,460,980,194,22,226,319.97,0.9736,0.5327,0.175356,4,7,42,270.11,0.8951,0.0638,0.003449,4.216
22900,520,417,937,218,52,196,334.25,0.8940,0.5708,0.213491,54,7,27,359.40,0.7603,0.1237,0.010155,4.380
22902,520,438,958,182,79,210,318.44,0.7854,0.5505,0.201913,17,9,60,280.91,0.8645,0.0949,0.006408,4.466
22906,520,446,966,239,7,38,25.58,0.9962,0.5370,0.186460,33,7,12,10.66,0.6172,0.0795,0.005019,4.298
22912,520,397,917,246,7,147,354.99,0.9932,0.5783,0.218547,49,27,2,66.34,0.8696,0.1430,0.014413,4.169
22920,520,471,991,192,75,142,347.98,0.6834,0.5226,0.181932,14,1,21,314.53,0.8261,0.0436,0.001692,4.487
22927,520,400,920,200,69,235,318.24,0.9014,0.5829,0.225352,27,11,87,281.28,0.9191,0.1372,0.011604,4.470
22929,520,424,944,184,94,175,331.10,0.6243,0.5550,0.212921,48,10,14,17.99,0.7098,0.1117,0.008773,4.474
22938,520,377,897,223,39,243,323.42,0.9729,0.6017,0.236122,33,6,105,281.56,0.9695,0.1604,0.014734,4.420
22943,520,454,974,234,30,14,29.87,0.9872,0.5326,0.184558,6,8,46,272.15,0.8799,0.0709,0.004096,4.336
22950,520,416,936,249,17,100,10.82,0.9860,0.5712,0.214643,23,0,90,278.93,1.0000,0.1245,0.009203,4.470
22962,520,400,920,229,3,216,331.52,0.9978,0.5817,0.216835,59,7,35,352.68,0.7748,0.1371,0.012033,4.302
22967,520,461,981,211,22,182,336.35,0.9526,0.5321,0.178023,22,2,0,37.14,1.0000,0.0482,0.002140,4.373
22971,520,451,971,195,24,235,318.11,0.9761,0.5423,0.182550,20,9,21,323.91,0.4128,0.0678,0.003983,4.308
23012,520,400,920,231,75,116,8.70,0.8138,0.5819,0.232848,43,23,48,319.40,0.4770,0.1404,0.013398,4.461
23013,520,479,999,199,62,118,359.40,0.7527,0.5085,0.168973,2,0,1,344.76,1.0000,0.0130,0.000151,4.366
23043,520,409,929,226,70,128,1.96,0.8059,0.5708,0.221102,50,17,34,350.40,0.5609,0.1330,0.011946,4.376
23044,520,388,908,224,65,183,340.17,0.8527,0.5857,0.230492,13,33,73,262.34,0.7513,0.1544,0.016542,4.215
23047,520,408,928,240,65,41,31.14,0.9450,0.5738,0.224692,56,15,5,35.73,0.8299,0.1328,0.011935,4.435
23067,520,456,976,235,4,73,16.97,0.9962,0.5327,0.182332,31,2,3,23.05,0.8821,0.0642,0.003413,4.350
23069,520,385,905,219,76,178,341.02,0.7983,0.5865,0.234455,44,25,49,319.08,0.4491,0.1466,0.014525,4.408
23081,520,397,917,249,57,4,33.44,0.9969,0.5821,0.230783,30,28,51,286.64,0.3971,0.1375,0.013455,4.425
23112,520,480,1000,175,19,242,310.92,0.9826,0.5145,0.159915,0,0,0,0.00,0.0000,0.0000,0.000000,4.198
23118,520,293,813,229,106,255,320.32,1.0000,0.6842,0.341879,11,53,116,259.19,0.8947,0.2443,0.038781,4.414
23135,520,330,850,250,70,199,341.71,0.9628,0.6438,0.288309,95,5,9,26.44,0.9724,0.2085,0.025616,4.474
23137,520,478,998,193,82,17,44.63,0.9275,0.5060,0.174143,3,1,9,297.22,0.7058,0.0244,0.000608,4.429
23157,520,332,852,201,111,233,316.52,0.8210,0.6397,0.296707,61,43,28,60.63,0.3766,0.2048,0.028038,4.443
23158,520,441,961,205,89,9,46.25,0.9680,0.5384,0.201457,17,16,39,283.06,0.5123,0.0891,0.006362,4.461
23166,520,358,878,231,57,239,326.13,0.9550,0.6239,0.261495,79,11,25,15.23,0.8379,0.1800,0.019721,4.468
23170,520,479,999,145,68,237,299.54,0.8942,0.5063,0.162687,0,0,5,264.05,1.0000,0.0116,0.000110,4.244
23186,520,448,968,166,68,250,304.19,0.9625,0.5450,0.191439,21,11,31,305.58,0.5093,0.0780,0.004977,4.392
23193,520,301,821,238,103,210,336.31,0.8794,0.6680,0.325332,7,66,19,145.86,0.9829,0.2328,0.039885,4.176
23204,520,468,988,167,37,252,305.92,0.9847,0.5206,0.165676,12,4,6,0.04,0.3678,0.0421,0.001782,4.165
23229,520,387,907,248,32,143,357.33,0.9616,0.5884,0.229761,16,20,95,270.62,0.9337,0.1514,0.014366,4.346
23236,520,357,877,233,44,238,327.00,0.9702,0.6177,0.253005,18,36,92,266.29,0.8168,0.1818,0.021629,4.230
23243,520,463,983,178,49,237,311.97,0.9276,0.5323,0.177770,8,3,28,288.71,0.7870,0.0471,0.002006,4.380
23254,520,424,944,189,71,225,317.21,0.8596,0.5613,0.207627,32,17,34,322.64,0.4232,0.1050,0.008235,4.424
23274,520,418,938,188,82,209,320.70,0.7803,0.5628,0.213306,37,22,13,51.57,0.4076,0.1151,0.009962,4.391
23284,520,454,974,154,61,254,300.04,0.9927,0.5250,0.173636,2,8,44,265.95,0.9256,0.0660,0.003684,4.166
23286,520,340,860,247,66,212,337.11,0.9542,0.6418,0.284270,73,26,57,342.87,0.6047,0.1998,0.024509,4.486
23297,520,468,988,203,16,190,331.90,0.9669,0.5203,0.167867,20,0,8,352.92,1.0000,0.0431,0.001663,4.217
23301,520,433,953,224,9,185,338.64,0.9875,0.5545,0.195480,39,2,49,318.05,0.8847,0.1021,0.006966,4.309
23305,520,422,942,249,23,42,25.92,0.9880,0.5632,0.209233,47,8,17,10.73,0.7207,0.1078,0.008186,4.455
23323,520,430,950,184,84,199,322.26,0.7375,0.5533,0.206557,10,17,55,270.26,0.7887,0.0990,0.007412,4.469
23336,520,384,904,208,79,217,325.08,0.8462,0.5944,0.240133,6,43,12,145.99,0.9629,0.1513,0.017929,4.271
23345,520,351,871,238,61,222,332.15,0.9410,0.6280,0.267912,78,20,6,34.82,0.8939,0.1851,0.021334,4.457
23347,520,425,945,250,18,10,29.29,0.9937,0.5617,0.207822,12,31,9,141.00,0.8193,0.1139,0.010778,4.242
23350,520,431,951,230,37,133,357.49,0.9188,0.5519,0.198424,12,25,7,137.34,0.7008,0.0951,0.007887,4.292
23358,520,301,821,225,105,247,321.20,0.9492,0.6722,0.328279,25,54,95,257.41,0.6515,0.2345,0.036711,4.363
23362,520,478,998,208,61,55,27.03,0.8692,0.5085,0.170255,2,0,7,299.60,1.0000,0.0177,0.000282,4.380
23367,520,399,919,237,68,82,20.86,0.8907,0.5769,0.227510,57,12,33,355.52,0.6950,0.1381,0.012427,4.445
23373,520,353,873,232,36,252,323.65,0.9893,0.6216,0.254482,61,18,79,313.99,0.7565,0.1825,0.019893,4.356
23400,520,410,930,179,81,245,308.46,0.9203,0.5743,0.220619,26,23,61,283.02,0.6162,0.1295,0.011693,4.387
23405,520,409,929,184,79,228,314.29,0.8460,0.5660,0.213848,53,10,42,339.75,0.7161,0.1325,0.011412,4.296
23411,520,453,973,147,90,217,301.57,0.7523,0.5251,0.185254,8,17,19,212.87,0.2902,0.0735,0.004995,4.278
23434,520,394,914,247,18,167,349.19,0.9838,0.5914,0.230001,36,12,82,290.79,0.8617,0.1423,0.012472,4.482
23450,520,412,932,235,14,176,343.85,0.9839,0.5716,0.211137,58,0,31,354.40,1.0000,0.1248,0.009986,4.353
23453,520,409,929,211,82,147,352.05,0.7151,0.5665,0.219921,16,13,86,272.93,0.9449,0.1297,0.010698,4.447
23456,520,443,963,221,62,71,22.41,0.8705,0.5376,0.192750,32,9,7,27.64,0.5953,0.0800,0.005178,4.399
23470,520,321,841,233,100,204,336.83,0.8429,0.6531,0.307999,12,56,56,195.04,0.7630,0.2110,0.031919,4.370
23479,520,445,965,225,51,89,14.34,0.8872,0.5385,0.190992,37,0,19,352.62,1.0000,0.0766,0.004404,4.430
23485,520,320,840,239,80,219,333.32,0.9178,0.6460,0.292051,30,57,31,144.89,0.6262,0.2144,0.033011,4.121
23488,520,355,875,254,73,104,15.65,0.9893,0.6192,0.268389,61,30,42,356.24,0.4283,0.1794,0.020879,4.492
23498,520,364,884,251,60,124,6.41,0.9599,0.6064,0.251996,43,32,64,298.26,0.4658,0.1702,0.019168,4.366
23502,520,379,899,239,73,138,0.83,0.8557,0.6013,0.249538,29,28,80,278.77,0.7051,0.1598,0.016709,4.490
23505,520,448,968,222,59,90,14.93,0.8541,0.5404,0.193983,3,5,65,267.29,0.9799,0.0844,0.005095,4.428
23513,520,1,521,255,255,255,0.00,0.0000,1.0000,1.000000,15,139,28,143.60,0.9932,0.4832,0.186498,4.440
23526,520,407,927,228,23,185,339.69,0.9675,0.5659,0.206122,19,19,80,274.46,0.8720,0.1342,0.011833,4.142
23528,520,446,966,209,75,96,14.52,0.7458,0.5363,0.194342,2,24,2,142.92,0.9775,0.0846,0.006705,4.309
23531,520,430,950,218,25,188,336.39,0.9558,0.5498,0.192338,15,27,8,135.01,0.6613,0.1034,0.009029,4.105
23536,520,325,845,239,115,101,28.27,0.8306,0.6497,0.315545,29,55,53,189.34,0.3986,0.2146,0.032505,4.431
23554,520,355,875,244,32,223,333.26,0.9811,0.6210,0.255967,12,30,107,266.45,0.9302,0.1820,0.020681,4.329
23560,520,479,999,166,80,174,324.13,0.6590,0.5053,0.169012,1,0,3,302.89,1.0000,0.0124,0.000130,4.369
23572,520,291,811,197,131,245,309.43,0.8545,0.6763,0.346963,5,65,65,194.85,0.9238,0.2426,0.041943,4.317
23576,520,300,820,249,90,220,335.75,0.9633,0.6739,0.326222,36,55,70,242.96,0.3371,0.2278,0.035495,4.400
23590,520,339,859,198,105,249,311.85,0.9353,0.6365,0.289495,26,54,11,136.63,0.9195,0.1983,0.028820,4.307
23596,520,478,998,171,73,188,321.49,0.7355,0.5113,0.170548,3,0,8,305.48,1.0000,0.0200,0.000369,4.379
23609,520,424,944,235,33,143,354.82,0.9400,0.5634,0.207360,41,1,59,312.08,0.9557,0.1127,0.008089,4.430
23631,520,480,1000,167,57,219,312.21,0.8672,0.5085,0.162571,0,0,0,0.00,0.0000,0.0000,0.000000,4.251
23640,520,452,972,205,76,83,20.47,0.7471,0.5273,0.187746,5,12,36,266.75,0.7111,0.0693,0.004226,4.384
23645,520,465,985,190,14,224,319.43,0.9835,0.5218,0.166445,6,3,29,282.80,0.8225,0.0460,0.001925,4.168
23651,520,262,782,210,140,243,314.27,0.8475,0.7072,0.389299,55,66,25,122.19,0.6446,0.2621,0.047788,4.492
23679,520,218,738,228,150,243,320.97,0.8836,0.7475,0.447791,20,81,60,165.75,0.8576,0.2972,0.063596,4.382
23682,520,358,878,249,9,213,336.82,0.9960,0.6174,0.251424,80,16,4,33.30,0.9382,0.1839,0.020851,4.254
23690,520,362,882,231,88,150,356.51,0.7805,0.6098,0.261730,6,20,124,265.73,0.9789,0.1848,0.019941,4.457
23706,520,237,757,208,168,156,37.34,0.3210,0.7260,0.438164,5,82,36,150.30,0.9886,0.2908,0.061940,4.361
23716,520,415,935,234,3,179,342.66,0.9965,0.5690,0.208151,53,10,19,12.28,0.7255,0.1228,0.010211,4.287
23718,520,319,839,239,64,249,325.66,0.9783,0.6491,0.288595,29,19,141,272.23,0.9722,0.2178,0.026499,4.426
23731,520,465,985,224,18,83,13.11,0.9726,0.5151,0.169073,5,6,19,276.83,0.5027,0.0457,0.002095,4.205
23733,520,445,965,187,87,148,344.91,0.6136,0.5350,0.195207,3,22,8,151.36,0.8960,0.0806,0.006107,4.370
23746,520,407,927,229,65,134,359.42,0.8317,0.5731,0.221625,25,30,27,159.26,0.1140,0.1257,0.012143,4.371
23750,520,409,929,200,40,248,316.24,0.9683,0.5688,0.205757,20,22,73,275.00,0.7856,0.1333,0.012035,4.123
23758,520,319,839,244,108,101,25.37,0.8785,0.6466,0.309008,25,45,106,266.46,0.7758,0.2205,0.031239,4.419
23774,520,450,970,166,66,248,304.75,0.9513,0.5410,0.187813,16,12,16,326.05,0.1576,0.0672,0.004105,4.395
23781,520,443,963,241,18,12,29.17,0.9916,0.5425,0.191633,25,12,14,9.67,0.3211,0.0771,0.005013,4.392
23800,520,409,929,221,60,174,342.23,0.8477,0.5710,0.216622,24,27,55,276.84,0.4951,0.1322,0.012539,4.263
23817,520,397,917,220,5,240,323.64,0.9974,0.5831,0.216176,56,16,24,11.06,0.6341,0.1385,0.012774,4.240
23818,520,378,898,248,32,164,350.64,0.9647,0.5971,0.236731,50,15,72,308.99,0.7657,0.1554,0.014877,4.420
23825,520,455,975,213,58,129,357.20,0.8051,0.5343,0.187595,10,8,22,289.04,0.4438,0.0562,0.002961,4.486
23828,520,458,978,193,51,199,326.26,0.8626,0.5291,0.178302,10,9,29,282.72,0.5579,0.0623,0.003486,4.268
23845,520,472,992,187,69,162,336.99,0.7242,0.5160,0.174311,11,0,11,328.36,1.0000,0.0320,0.000953,4.402
23850,520,445,965,235,38,40,27.19,0.9667,0.5410,0.192048,20,14,24,311.41,0.2890,0.0791,0.005288,4.378
23851,520,308,828,230,116,201,337.83,0.7839,0.6710,0.335329,13,61,69,211.13,0.7705,0.2337,0.038525,4.353
23861,520,426,946,172,84,236,307.77,0.8617,0.5621,0.211681,16,20,52,274.31,0.6326,0.1069,0.008584,4.467
23866,520,365,885,243,57,172,348.05,0.9112,0.6070,0.249625,17,38,78,261.83,0.7041,0.1736,0.020554,4.247
23870,520,434,954,240,35,72,19.44,0.9621,0.5540,0.201985,30,17,33,319.94,0.3996,0.1018,0.007867,4.355
23889,520,307,827,254,116,6,48.13,0.9954,0.6665,0.335781,21,57,79,238.70,0.6289,0.2301,0.036500,4.460
23897,520,423,943,230,64,65,25.13,0.8973,0.5562,0.208743,41,9,42,326.54,0.6988,0.1101,0.008340,4.435
23904,520,401,921,212,97,126,6.35,0.6461,0.5828,0.240548,15,34,54,251.25,0.5428,0.1436,0.015119,4.462
23911,520,408,928,247,0,110,6.90,1.0000,0.5661,0.209035,2,22,83,263.62,0.9685,0.1341,0.012112,4.170
23919,520,465,985,213,68,12,37.40,0.9752,0.5229,0.183093,5,0,40,277.10,1.0000,0.0479,0.001855,4.495
23920,520,376,896,253,50,117,8.05,0.9816,0.6003,0.244518,14,45,18,146.09,0.8796,0.1626,0.020137,4.199
23958,520,321,841,232,87,231,328.05,0.9070,0.6497,0.297440,11,58,29,151.98,0.9323,0.2080,0.031858,4.244
23981,520,354,874,217,122,27,58.15,0.9116,0.6184,0.287520,2,50,49,192.63,0.9512,0.1850,0.025157,4.491
23987,520,420,940,212,48,208,329.21,0.9124,0.5648,0.206670,18,28,22,158.04,0.2710,0.1122,0.010170,4.266
23993,520,433,953,158,90,236,301.92,0.8425,0.5531,0.206379,9,17,60,269.33,0.8499,0.1031,0.007852,4.432
23996,520,462,982,176,69,206,318.04,0.8019,0.5259,0.179436,14,2,22,311.72,0.7594,0.0467,0.001947,4.417
24002,520,354,874,254,22,194,342.95,0.9936,0.6192,0.255431,69,5,76,323.45,0.8726,0.1810,0.018957,4.429
24005,520,390,910,246,65,37,31.68,0.9604,0.5853,0.235104,59,13,55,331.58,0.7254,0.1550,0.014936,4.391
24032,520,306,826,253,88,208,340.35,0.9839,0.6720,0.324192,19,52,95,256.31,0.7262,0.2262,0.034205,4.444
24051,520,346,866,247,58,199,340.66,0.9489,0.6282,0.269268,5,54,10,144.32,0.9847,0.1890,0.026924,4.150
24056,520,477,997,219,9,122,358.02,0.9790,0.5142,0.166632,6,0,0,29.23,1.0000,0.0198,0.000387,4.299
24060,520,370,890,238,10,231,329.97,0.9957,0.6090,0.241665,33,45,0,123.91,1.0000,0.1730,0.022001,4.051
24061,520,373,893,252,58,106,12.51,0.9732,0.6016,0.247657,5,45,10,145.09,0.9755,0.1575,0.019309,4.295
24066,520,446,966,226,46,115,4.07,0.8854,0.5437,0.193633,30,11,8,30.55,0.5015,0.0806,0.005329,4.403
24121,520,289,809,224,122,212,331.64,0.7677,0.6775,0.345216,43,50,104,274.77,0.5920,0.2433,0.037942,4.494
24125,520,424,944,195,79,192,328.67,0.7573,0.5589,0.210013,39,17,29,347.24,0.4418,0.1127,0.009210,4.391
24134,520,419,939,198,15,250,315.73,0.9912,0.5566,0.192510,37,13,37,327.37,0.5755,0.1066,0.008148,4.171
24135,520,406,926,206,67,226,322.37,0.8917,0.5838,0.226288,48,20,18,25.46,0.5085,0.1294,0.011725,4.476
24144,520,446,966,239,16,68,19.19,0.9872,0.5431,0.191420,26,14,10,39.19,0.3367,0.0813,0.005556,4.345
24149,520,438,958,215,66,140,354.02,0.7853,0.5508,0.202392,7,25,4,140.00,0.9142,0.0913,0.007492,4.390
24192,520,427,947,203,31,237,319.72,0.9702,0.5601,0.197925,50,0,9,16.12,1.0000,0.1003,0.006980,4.351
24208,520,456,976,198,88,33,43.67,0.8578,0.5258,0.190969,13,12,15,300.83,0.1005,0.0640,0.003830,4.476
24218,520,472,992,213,38,129,355.40,0.8764,0.5175,0.171197,4,0,19,291.17,1.0000,0.0284,0.000728,4.360
24225,520,396,916,255,29,13,29.75,1.0000,0.5765,0.221716,33,33,2,109.59,0.8972,0.1368,0.014154,4.235
24234,520,451,971,147,80,250,296.56,0.9533,0.5364,0.188426,11,7,48,278.96,0.8531,0.0747,0.004365,4.386
24236,520,459,979,224,52,34,30.24,0.9463,0.5286,0.184216,3,2,46,270.21,0.9794,0.0568,0.002600,4.453
24244,520,417,937,217,80,148,352.87,0.7444,0.5745,0.226294,28,29,24,116.34,0.1144,0.1248,0.011916,4.462
24256,520,210,730,197,180,202,318.50,0.2378,0.7569,0.487774,16,87,29,145.74,0.9748,0.3090,0.070150,4.476
24282,520,370,890,254,44,140,0.05,0.9904,0.6056,0.247692,19,37,72,262.26,0.6334,0.1672,0.019294,4.296
24285,520,340,860,249,36,234,331.72,0.9835,0.6384,0.273450,20,57,5,138.53,0.9777,0.2045,0.030858,4.000
24294,520,292,812,232,103,250,322.61,0.9719,0.6813,0.337604,29,51,107,265.21,0.7063,0.2385,0.036902,4.460
24305,520,368,888,249,35,176,347.27,0.9645,0.6059,0.244797,45,15,97,291.96,0.8684,0.1733,0.017626,4.359
24311,520,479,999,193,15,198,326.93,0.9694,0.5075,0.157580,0,0,5,264.05,1.0000,0.0116,0.000110,4.143
24317,520,373,893,224,62,208,332.41,0.8988,0.5968,0.238489,34,6,103,282.83,0.9657,0.1588,0.014496,4.473
24319,520,434,954,228,53,96,12.41,0.8828,0.5479,0.198875,30,5,55,301.36,0.8488,0.0983,0.006604,4.397
24373,520,398,918,217,100,5,48.93,0.9855,0.5774,0.238793,27,35,17,128.24,0.4512,0.1392,0.014755,4.460
24390,520,377,897,214,65,232,323.18,0.9168,0.5985,0.239048,7,42,48,211.33,0.7577,0.1605,0.019144,4.180
24409,520,328,848,246,96,149,1.39,0.8712,0.6455,0.301315,1,60,26,151.54,0.9955,0.2113,0.033126,4.226
24415,520,480,1000,222,35,46,25.25,0.9585,0.5126,0.169317,0,0,0,0.00,0.0000,0.0000,0.000000,4.386
24418,520,75,595,217,229,248,259.59,0.6190,0.9052,0.775672,3,119,67,155.11,0.9954,0.4217,0.136176,4.435
24421,520,430,950,234,17,131,358.10,0.9738,0.5502,0.195350,42,11,17,11.06,0.6099,0.1029,0.007721,4.251
24424,520,379,899,249,54,128,4.06,0.9458,0.5988,0.243400,67,18,17,24.99,0.7410,0.1613,0.016666,4.401
24427,520,363,883,232,95,113,15.06,0.7814,0.6094,0.265351,22,45,41,181.58,0.4252,0.1739,0.022074,4.375
24442,520,463,983,197,62,170,336.92,0.7827,0.5289,0.182196,20,3,16,336.55,0.6530,0.0533,0.002513,4.422
24443,520,306,826,234,115,187,344.93,0.7773,0.6691,0.333440,1,60,82,230.59,0.9761,0.2349,0.038472,4.334
24463,520,384,904,243,57,116,7.70,0.9067,0.5861,0.232451,6,2,116,266.28,0.9980,0.1540,0.013430,4.453
24483,520,441,961,196,39,224,320.72,0.9401,0.5430,0.185701,34,1,50,311.74,0.9421,0.0935,0.005921,4.215
24484,520,388,908,238,57,146,355.91,0.8851,0.5868,0.231817,58,24,19,29.93,0.5654,0.1548,0.016000,4.270
24489,520,384,904,211,99,132,3.44,0.6326,0.5864,0.244405,32,34,37,258.36,0.0648,0.1477,0.015847,4.471
24491,520,425,945,242,18,119,3.64,0.9789,0.5626,0.206451,49,8,16,13.33,0.7421,0.1114,0.008642,4.373
24497,520,393,913,254,6,144,357.42,0.9956,0.5930,0.232183,15,40,9,139.91,0.9086,0.1448,0.016388,4.251
24503,520,407,927,241,56,40,29.68,0.9512,0.5670,0.216856,32,7,79,289.42,0.9110,0.1285,0.010235,4.430
24504,520,452,972,226,48,56,24.63,0.9317,0.5317,0.185710,7,9,43,273.42,0.8195,0.0708,0.004149,4.353
24510,520,461,981,237,14,39,25.61,0.9918,0.5344,0.184684,4,10,21,257.55,0.4928,0.0548,0.002970,4.430
24517,520,381,901,236,66,159,351.53,0.8608,0.5967,0.242353,23,4,115,273.43,0.9913,0.1635,0.015067,4.493
24523,520,444,964,233,45,3,32.32,0.9968,0.5397,0.192101,26,6,31,319.35,0.6684,0.0755,0.004488,4.443
24545,520,424,944,247,24,64,21.24,0.9833,0.5621,0.208012,18,10,71,278.19,0.9073,0.1092,0.008006,4.448
24557,520,363,883,232,36,238,326.82,0.9776,0.6118,0.245930,26,31,87,273.86,0.7496,0.1705,0.018876,4.297
24568,520,386,906,230,42,207,334.14,0.9477,0.5915,0.229865,9,32,68,259.22,0.7732,0.1457,0.015084,4.300
24574,520,366,886,239,8,228,330.91,0.9964,0.6084,0.241286,35,43,9,121.39,0.7556,0.1698,0.021048,4.100
24576,520,434,954,225,39,138,354.77,0.9017,0.5453,0.192962,30,21,14,59.24,0.2863,0.1034,0.008441,4.157
24577,520,472,992,168,68,219,311.80,0.8349,0.5225,0.175744,0,0,28,264.05,1.0000,0.0308,0.000838,4.440
24581,520,445,965,133,90,255,289.59,1.0000,0.5405,0.195187,36,1,25,342.85,0.8563,0.0793,0.004670,4.485
24590,520,436,956,170,69,243,306.87,0.9213,0.5456,0.192740,14,11,59,277.14,0.8577,0.0945,0.006484,4.297
24592,520,437,957,197,59,214,323.09,0.8744,0.5533,0.198548,23,0,64,289.21,1.0000,0.0915,0.005523,4.476
24602,520,429,949,200,74,175,336.37,0.7520,0.5509,0.202738,11,1,78,272.50,0.9956,0.1002,0.006429,4.479
24606,520,265,785,238,118,246,325.02,0.9517,0.7087,0.377899,35,70,18,137.10,0.9135,0.2580,0.047812,4.375
24614,520,464,984,195,84,52,36.77,0.7763,0.5159,0.181925,14,4,10,341.54,0.4535,0.0457,0.002021,4.458
24622,520,321,841,243,89,187,344.92,0.8898,0.6466,0.297901,63,44,33,51.16,0.3166,0.2115,0.029680,4.366
24639,520,411,931,218,54,195,334.57,0.8872,0.5719,0.214861,54,12,4,34.21,0.8631,0.1242,0.010561,4.373
24651,520,209,729,243,155,206,344.54,0.8051,0.7591,0.469556,73,77,14,113.21,0.8516,0.3121,0.067560,4.420
24656,520,323,843,191,127,219,315.00,0.6715,0.6467,0.313704,43,55,5,122.70,0.9138,0.2143,0.032569,4.405
24657,520,307,827,240,82,252,324.89,0.9875,0.6695,0.315905,82,41,0,58.34,1.0000,0.2299,0.033800,4.366
24659,520,475,995,216,23,144,349.92,0.9377,0.5219,0.172278,2,2,23,273.69,0.8972,0.0348,0.001182,4.343
24661,520,430,950,207,34,212,326.90,0.9454,0.5499,0.191648,21,10,56,286.93,0.7970,0.0961,0.006620,4.268
24664,520,452,972,208,66,129,357.10,0.7623,0.5338,0.188934,0,8,49,263.05,1.0003,0.0693,0.003954,4.428
24666,520,473,993,204,56,130,354.44,0.7894,0.5159,0.172795,3,3,14,279.91,0.5906,0.0332,0.001162,4.355
24672,520,445,965,231,40,50,25.22,0.9561,0.5351,0.187398,10,5,55,276.45,0.9329,0.0776,0.004489,4.357
24685,520,418,938,245,40,55,24.58,0.9665,0.5647,0.212094,34,25,23,32.70,0.1730,0.1210,0.010972,4.299
24698,520,364,884,230,38,242,325.39,0.9767,0.6121,0.246224,69,22,3,41.13,0.8987,0.1694,0.018458,4.327
24703,520,441,961,230,22,131,357.47,0.9591,0.5439,0.190384,11,25,8,139.97,0.6872,0.0947,0.007839,4.156
24724,520,373,893,246,19,193,341.48,0.9864,0.6027,0.239120,9,18,108,267.18,0.9710,0.1615,0.015733,4.398
24736,520,338,858,241,47,242,327.95,0.9742,0.6357,0.271473,59,27,87,305.48,0.6958,0.1993,0.024019,4.343
24746,520,480,1000,224,22,22,28.40,0.9842,0.5079,0.164819,0,0,0,0.00,0.0000,0.0000,0.000000,4.296
24759,520,458,978,203,77,89,17.83,0.7243,0.5265,0.187276,3,14,20,229.79,0.5707,0.0627,0.003839,4.407
24762,520,404,924,244,64,51,28.90,0.9508,0.5817,0.231422,13,32,47,244.29,0.5243,0.1323,0.013238,4.450
24801,520,410,930,237,52,117,5.83,0.8974,0.5706,0.217479,64,2,11,19.99,0.9595,0.1344,0.011578,4.344
24809,520,439,959,209,63,159,344.59,0.7920,0.5453,0.196156,36,13,3,46.56,0.7338,0.0926,0.006695,4.342
24821,520,415,935,222,37,201,333.77,0.9429,0.5708,0.210721,30,20,58,291.99,0.6228,0.1249,0.010818,4.287
24823,520,371,891,244,84,87,23.17,0.9130,0.6098,0.262650,10,46,40,179.85,0.7506,0.1708,0.021716,4.360
24861,520,440,960,239,36,35,27.90,0.9730,0.5477,0.197371,1,19,40,251.21,0.8824,0.0856,0.006254,4.397
24879,520,457,977,217,5,158,345.15,0.9883,0.5254,0.173313,17,4,29,305.99,0.7211,0.0589,0.002947,4.218
24883,520,445,965,232,33,92,12.12,0.9461,0.5407,0.190192,23,9,31,311.84,0.5700,0.0768,0.004765,4.386
24887,520,412,932,191,66,244,313.54,0.9359,0.5730,0.215056,11,27,47,254.94,0.5680,0.1173,0.010602,4.374
24889,520,404,924,220,28,231,325.59,0.9775,0.5828,0.218178,62,4,11,20.70,0.9206,0.1324,0.011353,4.371
24892,520,458,978,224,48,59,23.71,0.9257,0.5281,0.182797,19,1,30,311.26,0.8825,0.0558,0.002539,4.431
24904,520,313,833,255,41,249,329.58,1.0000,0.6607,0.296885,36,27,128,276.19,0.9153,0.2164,0.027173,4.495
24911,520,237,757,225,144,244,319.82,0.8921,0.7333,0.424871,67,73,20,115.47,0.7597,0.2946,0.060089,4.314
24924,520,474,994,192,64,159,339.62,0.7513,0.5167,0.173781,1,3,18,266.42,0.8428,0.0331,0.001152,4.375
24930,520,433,953,210,73,132,357.28,0.7413,0.5470,0.201348,2,27,17,164.42,0.9184,0.0976,0.008372,4.306
24933,520,429,949,196,56,218,321.81,0.8895,0.5517,0.196276,39,9,21,358.19,0.6166,0.0959,0.006809,4.335
24940,520,367,887,250,24,190,343.23,0.9828,0.6102,0.246983,80,5,3,29.13,0.9684,0.1729,0.018209,4.354
24954,520,455,975,228,46,51,25.68,0.9422,0.5335,0.186899,1,15,17,205.20,0.8260,0.0623,0.003886,4.396
24955,520,372,892,228,98,117,13.70,0.7439,0.6082,0.265162,44,36,53,305.83,0.2739,0.1741,0.020543,4.468
24960,520,398,918,233,29,182,341.82,0.9594,0.5760,0.215825,25,36,18,134.01,0.4717,0.1407,0.015121,4.082
24964,520,418,938,249,21,43,25.63,0.9893,0.5626,0.208541,44,12,47,324.19,0.6798,0.1224,0.010037,4.306
24995,520,310,830,242,108,170,353.59,0.8253,0.6637,0.325073,33,55,64,225.76,0.3449,0.2225,0.034258,4.451
24996,520,296,816,250,83,241,330.16,0.9798,0.6795,0.328642,65,40,101,299.80,0.6239,0.2422,0.035810,4.413
24998,520,478,998,173,72,182,324.34,0.7273,0.5091,0.168974,3,0,16,290.10,1.0000,0.0250,0.000568,4.330
25020,520,465,985,201,45,177,335.39,0.8575,0.5241,0.174705,22,2,10,354.33,0.7207,0.0516,0.002359,4.292
25033,520,439,959,232,25,124,0.42,0.9550,0.5465,0.193093,16,7,61,280.21,0.9013,0.0921,0.005990,4.342
25037,520,452,972,226,46,65,21.76,0.9273,0.5315,0.185072,21,8,28,312.63,0.5581,0.0708,0.004169,4.340
25049,520,427,947,193,47,248,314.07,0.9651,0.5626,0.201491,24,15,44,295.07,0.5823,0.0976,0.007177,4.398
25053,520,383,903,242,33,185,343.05,0.9633,0.5962,0.234708,19,31,69,267.73,0.6557,0.1493,0.015480,4.348
25063,520,278,798,253,107,185,349.82,0.9679,0.6857,0.349038,77,52,41,44.66,0.3295,0.2537,0.041940,4.340
25064,520,390,910,237,79,76,25.37,0.8892,0.5886,0.241213,68,9,26,9.49,0.8026,0.1546,0.014991,4.481
25068,520,402,922,221,47,206,332.16,0.9247,0.5784,0.218637,29,29,37,285.16,0.1567,0.1311,0.012735,4.282
25079,520,252,772,252,123,212,340.67,0.9685,0.7193,0.396175,8,76,43,155.64,0.9676,0.2724,0.053947,4.292
25086,520,322,842,233,84,231,328.35,0.9129,0.6478,0.294361,74,34,52,353.18,0.4847,0.2132,0.028480,4.388
25103,520,349,869,222,86,222,327.73,0.8710,0.6276,0.274611,15,44,74,251.76,0.6778,0.1860,0.023972,4.388
25125,520,472,992,188,17,223,319.07,0.9784,0.5185,0.164214,5,2,13,298.33,0.6377,0.0321,0.001047,4.196
25128,520,319,839,229,82,254,321.49,0.9948,0.6540,0.298504,2,61,44,167.25,0.9807,0.2200,0.035321,4.085
25129,520,417,937,199,94,155,346.40,0.6273,0.5682,0.225157,9,29,45,245.22,0.5963,0.1205,0.011262,4.491
25130,520,391,911,233,36,201,336.47,0.9572,0.5900,0.228051,33,19,82,285.97,0.8005,0.1488,0.013982,4.346
25148,520,386,906,239,66,113,9.47,0.8749,0.5860,0.234425,6,36,66,251.86,0.7928,0.1537,0.016937,4.249
25157,520,392,912,218,73,190,336.45,0.8251,0.5876,0.233903,21,34,57,261.20,0.4723,0.1493,0.015988,4.302
25158,520,13,533,251,248,239,91.52,0.5313,0.9755,0.938762,35,132,53,146.16,0.9597,0.4672,0.171162,4.471
25161,520,415,935,246,24,120,4.20,0.9730,0.5731,0.216056,13,33,20,153.86,0.5932,0.1233,0.012237,4.275
25213,520,453,973,172,34,255,306.93,1.0000,0.5288,0.171355,28,5,6,19.81,0.6609,0.0660,0.003686,4.123
25223,520,452,972,201,42,186,332.54,0.8809,0.5273,0.176204,11,0,59,277.86,1.0000,0.0742,0.003869,4.199
25245,520,418,938,224,32,182,339.72,0.9416,0.5606,0.202602,25,5,77,284.02,0.9448,0.1160,0.008510,4.317
25307,520,471,991,127,85,243,289.85,0.9025,0.5155,0.174799,21,1,2,20.62,0.8764,0.0449,0.001855,4.335
25318,520,418,938,206,8,240,320.09,0.9948,0.5600,0.195885,45,10,42,331.32,0.6910,0.1182,0.009422,4.138
25326,520,419,939,197,19,255,314.36,1.0000,0.5604,0.195575,17,5,80,276.07,0.9699,0.1126,0.008069,4.229
25336,520,363,883,243,43,203,338.33,0.9581,0.6130,0.250972,52,34,40,357.49,0.2584,0.1736,0.020274,4.283
25340,520,310,830,248,105,133,10.74,0.8828,0.6566,0.317561,40,51,77,266.18,0.3676,0.2238,0.033545,4.400
25357,520,225,745,255,148,168,8.50,1.0000,0.7490,0.452696,40,77,73,186.61,0.4485,0.2982,0.062397,4.473
25368,520,327,847,224,87,245,322.11,0.9482,0.6462,0.292582,35,50,71,256.88,0.3625,0.2133,0.030934,4.233
25387,520,468,988,213,39,129,355.47,0.8726,0.5182,0.171845,0,7,14,234.94,1.0000,0.0407,0.001837,4.280
25392,520,419,939,248,6,76,17.44,0.9961,0.5613,0.206121,35,20,2,71.04,0.8124,0.1054,0.008621,4.369
25401,520,471,991,157,78,215,307.76,0.7849,0.5175,0.175237,4,5,21,275.58,0.6241,0.0434,0.001885,4.341
25402,520,413,933,243,30,106,8.71,0.9621,0.5653,0.210272,49,0,55,323.15,1.0000,0.1218,0.009289,4.390
25409,520,476,996,195,63,145,346.27,0.7478,0.5138,0.172032,4,1,2,354.20,0.4589,0.0220,0.000519,4.395
25427,520,427,947,241,27,115,5.20,0.9634,0.5625,0.207257,20,23,4,116.77,0.6910,0.0952,0.007703,4.458
25482,520,375,895,227,101,42,42.75,0.8908,0.5981,0.258080,1,41,58,231.87,0.9527,0.1608,0.018977,4.466
25490,520,350,870,228,101,159,353.97,0.7347,0.6267,0.283069,30,52,0,130.65,1.0000,0.1932,0.027319,4.308
25511,520,352,872,230,57,232,327.59,0.9474,0.6176,0.255778,50,29,88,295.91,0.6842,0.1916,0.022614,4.211
25512,520,453,973,214,42,141,351.35,0.8655,0.5273,0.178775,6,16,21,229.71,0.3950,0.0704,0.004634,4.187
25526,520,412,932,222,58,163,346.22,0.8452,0.5655,0.212025,1,15,86,264.38,0.9716,0.1247,0.010199,4.353
25528,520,425,945,215,6,225,325.89,0.9952,0.5636,0.200156,40,16,8,39.25,0.5932,0.1059,0.008393,4.284
25546,520,402,922,214,36,234,323.26,0.9661,0.5786,0.215003,12,34,20,153.98,0.6504,0.1259,0.012727,4.225
25570,520,480,1000,211,34,127,355.45,0.8870,0.5102,0.165276,0,0,0,0.00,0.0000,0.0000,0.000000,4.306
25588,520,363,883,239,3,235,329.27,0.9988,0.6122,0.244167,6,43,59,231.64,0.7973,0.1695,0.020821,4.154
25590,520,478,998,203,65,82,17.50,0.7836,0.5088,0.170884,0,0,19,264.05,1.0000,0.0228,0.000470,4.377
25597,520,360,880,254,55,168,351.58,0.9902,0.6240,0.266338,5,50,19,149.12,0.9710,0.1764,0.023604,4.298
25601,520,352,872,242,77,159,353.87,0.8741,0.6189,0.266912,58,24,79,310.04,0.6913,0.1864,0.021174,4.453
25619,520,418,938,188,98,168,336.17,0.5960,0.5640,0.222552,31,28,10,100.02,0.5121,0.1218,0.011437,4.436
25636,520,358,878,232,66,222,330.63,0.9250,0.6223,0.263286,26,49,15,136.75,0.8219,0.1823,0.024507,4.205
25640,520,479,999,182,10,229,316.01,0.9890,0.5117,0.158205,0,0,6,264.05,1.0000,0.0126,0.000131,4.153
25645,520,392,912,248,65,7,34.66,0.9943,0.5877,0.237559,53,19,56,324.33,0.6336,0.1536,0.015082,4.418
25662,520,398,918,208,36,254,317.19,0.9954,0.5840,0.218290,11,2,106,268.77,0.9968,0.1412,0.011551,4.359
25665,520,456,976,190,10,239,316.00,0.9919,0.5332,0.173976,13,12,15,300.83,0.1005,0.0640,0.003830,4.161
25685,520,390,910,255,49,25,30.64,1.0000,0.5887,0.235306,3,41,44,202.78,0.8855,0.1537,0.017870,4.204
25698,520,437,957,189,50,242,314.12,0.9385,0.5539,0.195120,12,20,39,265.56,0.4931,0.0944,0.007249,4.282
25699,520,436,956,194,73,190,329.07,0.7729,0.5484,0.199536,5,15,48,265.87,0.8304,0.0854,0.005873,4.466
25701,520,445,965,181,74,211,318.10,0.8038,0.5432,0.194256,7,17,38,262.94,0.6140,0.0833,0.005860,4.373
25708,520,277,797,252,95,249,328.54,0.9890,0.7005,0.357221,9,72,14,143.73,0.9851,0.2537,0.047243,4.188
25709,520,431,951,185,71,215,318.53,0.8286,0.5482,0.197282,28,19,30,320.14,0.2884,0.1021,0.008064,4.259
25713,520,396,916,250,45,69,21.95,0.9733,0.5802,0.226340,22,4,100,275.41,0.9859,0.1418,0.011774,4.473
25719,520,313,833,208,127,208,326.96,0.6541,0.6626,0.331440,8,59,61,198.98,0.8505,0.2219,0.035163,4.479
25723,520,363,883,253,19,171,349.24,0.9862,0.6051,0.242922,75,7,26,11.50,0.8591,0.1678,0.017227,4.357
25744,520,467,987,197,57,163,339.34,0.7917,0.5198,0.174427,11,1,13,323.00,0.7578,0.0358,0.001219,4.382
25753,520,411,931,224,65,148,352.82,0.8188,0.5693,0.217685,21,26,48,272.76,0.4372,0.1222,0.011116,4.380
25764,520,477,997,189,1,220,320.23,0.9987,0.5139,0.160093,0,1,9,261.82,1.0000,0.0198,0.000414,4.167
25767,520,471,991,202,7,200,328.88,0.9879,0.5230,0.168805,7,7,3,108.11,0.3268,0.0436,0.002037,4.205
25772,520,381,901,238,23,207,335.95,0.9820,0.5971,0.232978,49,30,46,332.37,0.3465,0.1628,0.017788,4.174
25781,520,400,920,219,32,228,326.02,0.9703,0.5807,0.216967,0,41,7,146.14,1.0000,0.1411,0.016011,4.044
25783,520,471,991,223,9,104,5.25,0.9832,0.5162,0.168856,13,2,13,327.63,0.6564,0.0408,0.001581,4.243
25786,520,382,902,237,74,145,357.84,0.8427,0.6013,0.249493,49,31,23,44.83,0.3446,0.1564,0.016949,4.473
25791,520,444,964,234,37,0,31.52,1.0000,0.5361,0.188187,29,5,27,331.01,0.6804,0.0757,0.004489,4.371
25792,520,455,975,223,51,80,17.37,0.8923,0.5325,0.186375,30,2,10,4.08,0.7905,0.0645,0.003414,4.425
25816,520,297,817,219,125,217,327.86,0.7445,0.6782,0.347386,42,63,7,128.69,0.9320,0.2390,0.040625,4.385
25819,520,394,914,225,5,243,324.18,0.9978,0.5939,0.225894,23,18,80,277.98,0.8534,0.1356,0.011939,4.454
25823,520,341,861,198,106,231,316.38,0.8163,0.6264,0.280845,84,23,18,28.35,0.7981,0.2034,0.025416,4.387
25834,520,407,927,234,22,169,345.85,0.9690,0.5685,0.209337,27,31,34,240.24,0.0942,0.1332,0.013285,4.098
25838,520,185,705,249,184,16,82.43,0.9872,0.7916,0.544603,8,95,16,143.53,0.9929,0.3335,0.082731,4.480
25844,520,477,997,167,72,196,317.47,0.7568,0.5093,0.168366,0,0,14,264.05,1.0000,0.0188,0.000317,4.340
25856,520,404,924,217,54,217,328.08,0.9186,0.5838,0.224019,31,32,12,111.27,0.5164,0.1334,0.013509,4.315
25889,520,345,865,223,110,138,6.00,0.6664,0.6256,0.286770,37,50,17,127.42,0.6713,0.1945,0.027150,4.365
25890,520,411,931,252,29,61,22.58,0.9858,0.5742,0.219148,5,30,44,236.64,0.7245,0.1207,0.011426,4.382
25897,520,400,920,239,0,191,340.38,1.0000,0.5845,0.221153,9,37,43,214.32,0.6468,0.1431,0.015556,4.136
25906,520,415,935,219,24,223,327.30,0.9782,0.5739,0.210432,32,24,23,26.50,0.1520,0.1160,0.010222,4.325
25925,520,455,975,178,30,251,309.64,0.9811,0.5319,0.173595,17,6,20,319.15,0.5067,0.0578,0.002999,4.219
25939,520,385,905,240,59,142,357.93,0.8851,0.5907,0.236092,51,23,46,334.15,0.4994,0.1513,0.015139,4.392
25947,520,455,975,197,48,188,330.78,0.8578,0.5262,0.176168,12,12,5,108.16,0.3414,0.0600,0.003521,4.226
25950,520,365,885,232,67,203,336.02,0.8967,0.6122,0.254844,61,27,31,13.86,0.4810,0.1693,0.018750,4.434
25973,520,417,937,246,14,133,359.61,0.9860,0.5744,0.216038,31,23,41,304.05,0.3608,0.1206,0.010642,4.387
25988,520,479,999,191,67,141,347.22,0.7177,0.5098,0.170154,2,0,0,29.23,1.0000,0.0120,0.000129,4.392
25992,520,309,829,201,121,235,315.03,0.8089,0.6576,0.320915,64,50,1,91.37,0.9753,0.2236,0.033735,4.430
25997,520,338,858,248,21,242,329.66,0.9934,0.6364,0.269065,71,35,16,46.92,0.6493,0.1996,0.025793,4.210
26021,520,436,956,224,49,143,353.38,0.8679,0.5526,0.200297,27,14,27,326.77,0.3886,0.0888,0.006262,4.449
26037,520,313,833,244,117,64,41.89,0.8991,0.6553,0.323288,48,56,12,119.10,0.7892,0.2230,0.034833,4.400
26044,520,428,948,246,23,24,28.40,0.9888,0.5555,0.202751,31,5,52,304.93,0.8311,0.0969,0.006478,4.475
26058,520,361,881,247,41,196,341.16,0.9616,0.6153,0.253487,47,7,109,290.31,0.9508,0.1820,0.018604,4.424
26084,520,413,933,255,10,64,21.14,1.0000,0.5749,0.218511,42,14,51,317.11,0.6676,0.1250,0.010454,4.442
26092,520,423,943,215,46,188,335.80,0.8944,0.5563,0.200341,44,13,7,33.19,0.6998,0.1073,0.008387,4.288
26099,520,448,968,176,62,238,310.42,0.9089,0.5423,0.188493,24,6,35,310.45,0.7032,0.0754,0.004458,4.379
26120,520,391,911,236,5,205,335.96,0.9963,0.5880,0.223520,25,30,63,274.50,0.5430,0.1464,0.014941,4.212
26127,520,434,954,229,64,51,28.94,0.9119,0.5523,0.205667,26,18,33,308.19,0.3539,0.0991,0.007620,4.437
26133,520,417,937,206,60,211,326.57,0.8781,0.5668,0.210584,8,32,27,177.49,0.6389,0.1199,0.011637,4.228
26148,520,458,978,228,16,116,2.12,0.9718,0.5323,0.181284,13,10,25,291.56,0.4312,0.0644,0.003728,4.305
26150,520,425,945,232,58,79,19.64,0.8982,0.5565,0.207494,52,3,8,20.66,0.9166,0.1088,0.008128,4.430
26164,520,279,799,208,129,246,313.86,0.8908,0.6867,0.357653,8,68,52,169.65,0.9290,0.2480,0.044336,4.321
26214,520,457,977,222,35,123,359.39,0.9086,0.5311,0.181644,16,4,27,306.47,0.7000,0.0565,0.002761,4.390
26221,520,417,937,252,12,71,19.29,0.9935,0.5701,0.214171,8,29,46,245.72,0.6303,0.1206,0.011276,4.311
26224,520,315,835,255,51,231,333.81,1.0000,0.6552,0.294004,75,23,91,317.11,0.7489,0.2215,0.028641,4.374
26226,520,309,829,244,80,225,332.91,0.9457,0.6575,0.304094,71,39,59,342.64,0.4085,0.2216,0.031065,4.368
26229,520,410,930,141,117,211,293.74,0.6246,0.5654,0.230884,34,31,17,97.55,0.3519,0.1350,0.013605,4.416
26236,520,450,970,200,12,226,321.72,0.9882,0.5398,0.180349,17,13,6,83.03,0.3305,0.0674,0.004202,4.250
26239,520,390,910,222,72,181,340.59,0.8239,0.5886,0.235028,1,8,114,264.56,0.9927,0.1549,0.013949,4.457
26242,520,375,895,238,35,211,334.95,0.9691,0.6044,0.240851,42,18,82,294.81,0.7869,0.1577,0.015341,4.451
26249,520,392,912,219,23,240,323.28,0.9857,0.5858,0.219662,61,11,47,341.33,0.7368,0.1516,0.014368,4.189
26252,520,453,973,172,75,211,314.80,0.7920,0.5313,0.185068,9,9,40,277.18,0.7466,0.0697,0.004066,4.348
26257,520,475,995,203,71,80,20.09,0.7644,0.5161,0.177842,7,1,2,6.35,0.6054,0.0262,0.000713,4.493
26259,520,462,982,211,3,190,333.99,0.9946,0.5320,0.176339,15,5,18,318.78,0.5165,0.0525,0.002538,4.308
26262,520,396,916,152,104,248,295.29,0.9013,0.5784,0.233534,13,37,38,199.02,0.5258,0.1425,0.015486,4.330
26282,520,414,934,233,58,111,8.18,0.8724,0.5662,0.215004,25,12,72,284.05,0.8553,0.1194,0.009375,4.463
26291,520,346,866,252,35,211,338.12,0.9840,0.6296,0.266039,20,46,66,243.85,0.5506,0.1888,0.024960,4.216
26294,520,301,821,216,116,229,322.88,0.8240,0.6656,0.327484,72,47,38,40.61,0.3338,0.2334,0.035508,4.415
26322,520,346,866,232,56,241,325.91,0.9586,0.6261,0.263374,27,37,97,271.18,0.7599,0.1943,0.024191,4.224
26323,520,465,985,198,77,84,19.86,0.7132,0.5163,0.179555,17,5,16,329.99,0.5015,0.0538,0.002651,4.360
26325,520,465,985,223,18,112,2.69,0.9631,0.5213,0.172932,13,7,6,31.71,0.2241,0.0503,0.002507,4.246
26331,520,321,841,247,91,185,346.77,0.9156,0.6548,0.307620,60,42,62,323.13,0.3150,0.2138,0.029645,4.490
26337,520,434,954,196,60,210,323.86,0.8618,0.5499,0.196221,10,19,53,268.49,0.7371,0.1015,0.007873,4.255
26349,520,431,951,213,86,60,33.32,0.8093,0.5521,0.211302,3,24,38,239.89,0.7571,0.0988,0.008125,4.496
26351,520,458,978,198,30,209,325.25,0.9449,0.5302,0.175394,27,1,6,9.21,0.8588,0.0560,0.002679,4.279
26354,520,382,902,222,63,215,329.90,0.9042,0.5986,0.239931,8,7,118,266.84,0.9925,0.1627,0.015115,4.453
26402,520,380,900,254,60,63,25.61,0.9942,0.5991,0.246651,18,43,1,135.17,0.9898,0.1554,0.018585,4.325
26428,520,415,935,233,47,144,354.83,0.8982,0.5686,0.213732,53,2,45,335.75,0.8646,0.1246,0.009899,4.403
26477,520,458,978,210,22,178,337.30,0.9489,0.5278,0.174920,8,5,43,277.94,0.8794,0.0640,0.003346,4.216
26481,520,269,789,253,96,235,332.55,0.9901,0.6954,0.352494,29,68,52,164.47,0.6110,0.2557,0.046432,4.174
26514,520,424,944,221,44,175,341.37,0.8972,0.5584,0.202711,36,19,20,15.93,0.3331,0.1088,0.008914,4.290
26515,520,460,980,183,1,251,311.56,0.9993,0.5306,0.170551,20,7,20,327.07,0.4809,0.0634,0.003512,4.122
26516,520,469,989,227,19,78,15.18,0.9748,0.5207,0.173496,20,1,6,1.53,0.7938,0.0448,0.001836,4.312
26524,520,478,998,204,20,163,340.43,0.9390,0.5071,0.159841,1,2,5,262.03,0.4486,0.0231,0.000608,4.146
26538,520,447,967,199,69,168,338.53,0.7581,0.5393,0.192273,17,0,62,283.35,1.0000,0.0830,0.004670,4.432
26542,520,444,964,217,0,182,337.77,1.0000,0.5376,0.181315,32,7,10,14.93,0.6137,0.0773,0.004810,4.220
26562,520,415,935,182,68,248,309.75,0.9523,0.5653,0.208576,21,31,0,125.00,1.0000,0.1187,0.011394,4.212
26571,520,338,858,237,95,170,350.49,0.8167,0.6371,0.290939,57,44,23,78.48,0.4555,0.2008,0.027332,4.409
26593,520,376,896,249,45,142,358.55,0.9494,0.5972,0.239729,5,34,81,259.71,0.9012,0.1608,0.017703,4.279
26595,520,261,781,228,132,234,324.98,0.8551,0.7109,0.389387,50,64,70,225.83,0.1769,0.2652,0.047870,4.489
26606,520,458,978,227,9,116,1.73,0.9840,0.5285,0.177901,2,14,22,234.59,0.6858,0.0628,0.003849,4.232
26616,520,423,943,239,7,133,358.16,0.9911,0.5587,0.201993,37,17,33,334.75,0.4486,0.1116,0.009041,4.268
26636,520,463,983,196,60,170,336.56,0.7880,0.5251,0.178715,4,1,40,274.34,0.9806,0.0493,0.002007,4.398
26645,520,415,935,213,7,233,323.49,0.9951,0.5663,0.201832,48,3,49,327.24,0.8415,0.1192,0.009153,4.257
26649,520,298,818,207,126,227,319.47,0.7603,0.6694,0.337343,3,60,68,209.85,0.9393,0.2273,0.036682,4.469
26656,520,402,922,204,37,254,316.11,0.9952,0.5782,0.213178,33,16,65,294.39,0.7350,0.1273,0.010756,4.332
26658,520,378,898,226,57,218,330.17,0.9265,0.6020,0.241593,26,14,104,276.17,0.9482,0.1610,0.015331,4.463
26660,520,454,974,153,84,229,302.26,0.8228,0.5321,0.187705,8,13,27,267.65,0.4453,0.0678,0.004186,4.387
26670,520,406,926,255,9,101,11.04,1.0000,0.5820,0.223988,52,15,36,348.15,0.6174,0.1343,0.011992,4.420
26681,520,424,944,244,33,88,14.86,0.9634,0.5643,0.210288,20,22,48,277.87,0.5101,0.1116,0.009359,4.385
26683,520,325,845,254,105,73,33.74,0.9899,0.6542,0.316584,2,59,31,155.25,0.9878,0.2093,0.032396,4.449
26691,520,418,938,231,53,127,1.16,0.8747,0.5631,0.210703,0,10,89,264.15,0.9847,0.1210,0.009383,4.390
26698,520,374,894,245,76,55,30.49,0.9472,0.5970,0.248605,47,33,41,343.71,0.2291,0.1647,0.018522,4.358
26701,520,352,872,240,100,22,43.46,0.9687,0.6178,0.277005,14,39,100,263.91,0.8701,0.1950,0.024644,4.381
26706,520,396,916,236,76,25,36.27,0.9649,0.5774,0.230750,44,17,60,310.65,0.6786,0.1394,0.012627,4.483
26729,520,464,984,210,3,179,336.90,0.9934,0.5232,0.170236,28,0,2,20.70,1.0000,0.0543,0.002513,4.194
26738,520,422,942,246,16,61,21.49,0.9903,0.5568,0.203039,32,6,63,298.01,0.8636,0.1101,0.007962,4.366
26739,520,474,994,226,40,24,29.95,0.9700,0.5223,0.177552,5,3,5,326.28,0.2297,0.0315,0.001083,4.455
26743,520,454,974,186,87,150,343.49,0.6135,0.5343,0.194589,2,17,16,190.01,0.7340,0.0680,0.004512,4.487
26753,520,389,909,202,118,38,58.91,0.8279,0.5883,0.256551,5,42,37,182.05,0.8540,0.1546,0.018217,4.494
26757,520,362,882,254,47,153,355.97,0.9902,0.6123,0.254073,44,45,2,111.04,0.9385,0.1844,0.024166,4.100
26765,520,444,964,236,18,70,18.47,0.9835,0.5377,0.187109,2,18,27,232.65,0.7496,0.0756,0.005246,4.292
26776,520,400,920,188,86,226,315.69,0.8264,0.5797,0.228390,37,32,15,93.54,0.4366,0.1409,0.014609,4.309
26793,520,453,973,233,20,9,29.49,0.9920,0.5259,0.178468,17,1,51,288.91,0.9684,0.0723,0.003799,4.247
26797,520,457,977,200,26,211,325.33,0.9575,0.5332,0.177230,27,0,14,349.78,1.0000,0.0565,0.002648,4.316
26799,520,332,852,224,120,112,25.60,0.6751,0.6373,0.304523,36,52,23,132.49,0.5909,0.2010,0.028929,4.492
26803,520,354,874,226,103,143,1.80,0.7076,0.6207,0.278547,10,51,17,146.15,0.9513,0.1812,0.024726,4.397
26834,520,438,958,236,45,53,25.31,0.9518,0.5493,0.199698,1,11,61,264.32,0.9577,0.0881,0.005827,4.473
26858,520,436,956,205,52,194,331.27,0.8677,0.5471,0.193320,18,21,3,117.02,0.7284,0.0876,0.006715,4.290
26861,520,439,959,186,56,231,315.51,0.9063,0.5457,0.190381,28,11,33,318.15,0.5521,0.0879,0.005960,4.296
26865,520,387,907,208,65,236,320.49,0.9168,0.5919,0.232483,23,40,5,131.63,0.9045,0.1494,0.017107,4.209
26881,520,296,816,224,145,25,69.61,0.9364,0.6750,0.361703,6,67,37,155.45,0.9694,0.2395,0.041864,4.482
26896,520,347,867,246,41,229,332.25,0.9763,0.6325,0.268388,2,42,86,254.66,0.9457,0.1854,0.023406,4.337
26898,520,425,945,205,78,165,342.06,0.7330,0.5592,0.211464,0,22,59,258.09,1.0000,0.1081,0.008895,4.439
26907,520,460,980,154,90,206,307.29,0.7067,0.5259,0.186391,11,10,8,85.92,0.0903,0.0556,0.003058,4.455
26913,520,478,998,224,20,50,23.04,0.9806,0.5097,0.165808,5,1,1,21.77,0.5474,0.0229,0.000562,4.268
26917,520,365,885,241,57,189,342.22,0.9201,0.6116,0.253041,28,44,7,129.88,0.8680,0.1665,0.020635,4.290
26921,520,414,934,244,35,101,10.85,0.9557,0.5685,0.213781,45,13,36,339.90,0.6117,0.1190,0.009732,4.416
26922,520,370,890,243,61,161,351.98,0.9017,0.6056,0.249685,18,41,61,246.84,0.5446,0.1699,0.020513,4.250
26944,520,480,1000,156,58,237,304.28,0.9083,0.5091,0.162090,0,0,0,0.00,0.0000,0.0000,0.000000,4.242
26949,520,419,939,219,70,139,355.87,0.7832,0.5622,0.213068,10,26,42,250.09,0.5389,0.1108,0.009704,4.406
26960,520,387,907,241,18,187,342.05,0.9840,0.5898,0.227243,19,36,54,251.01,0.4654,0.1516,0.016665,4.159
26996,520,430,950,229,50,98,11.39,0.8922,0.5478,0.198239,46,6,13,14.68,0.7751,0.1019,0.007402,4.325
27030,520,467,987,183,77,164,335.04,0.6822,0.5214,0.180567,18,0,4,3.80,1.0000,0.0385,0.001374,4.488
27035,520,297,817,253,120,97,31.50,0.9721,0.6798,0.351818,16,68,13,142.30,0.9703,0.2416,0.042733,4.333
27043,520,388,908,219,52,225,326.55,0.9357,0.5909,0.229544,48,25,48,326.99,0.4577,0.1518,0.015371,4.276
27067,520,431,951,231,27,147,352.39,0.9492,0.5544,0.198822,19,25,1,121.24,0.9293,0.0993,0.008359,4.264
27084,520,442,962,187,57,224,317.49,0.8907,0.5428,0.188741,7,13,43,269.94,0.7499,0.0783,0.005074,4.335
27086,520,359,879,252,45,187,344.93,0.9781,0.6222,0.261634,30,36,84,274.18,0.6439,0.1823,0.021778,4.342
27109,520,278,798,239,100,254,323.69,0.9950,0.6901,0.346230,62,44,110,292.39,0.6339,0.2539,0.039513,4.427
27120,520,470,990,196,19,205,325.86,0.9662,0.5191,0.166109,10,0,25,301.48,1.0000,0.0395,0.001347,4.209
27126,520,401,921,255,20,85,16.10,1.0000,0.5811,0.224200,13,38,12,142.89,0.8747,0.1376,0.014983,4.220
27142,520,445,965,188,74,190,327.02,0.7592,0.5401,0.193080,34,2,25,340.80,0.7980,0.0775,0.004537,4.457
27150,520,453,973,161,80,218,308.36,0.7912,0.5281,0.183769,11,9,41,279.98,0.7369,0.0720,0.004266,4.308
27155,520,401,921,229,10,216,331.51,0.9929,0.5831,0.218355,68,1,18,14.22,0.9729,0.1438,0.012945,4.263
27165,520,452,972,217,67,45,31.33,0.8984,0.5317,0.189580,29,7,12,7.45,0.5590,0.0730,0.004398,4.404
27168,520,393,913,241,37,174,346.21,0.9501,0.5908,0.230829,32,14,83,286.22,0.8597,0.1414,0.012457,4.496
27188,520,480,1000,197,77,44,36.06,0.8320,0.5075,0.173618,0,0,0,0.00,0.0000,0.0000,0.000000,4.472
27201,520,480,1000,173,62,195,320.56,0.7968,0.5051,0.162707,0,0,0,0.00,0.0000,0.0000,0.000000,4.254
27210,520,356,876,178,122,214,311.07,0.6404,0.6187,0.282397,18,50,13,141.07,0.9229,0.1805,0.024388,4.468
27211,520,329,849,241,99,160,356.21,0.8268,0.6453,0.301653,27,50,70,246.27,0.4649,0.2071,0.029563,4.420
27217,520,456,976,215,6,180,337.88,0.9886,0.5340,0.178749,18,7,22,316.78,0.4974,0.0620,0.003385,4.285
27226,520,373,893,228,101,16,46.36,0.9679,0.5983,0.258414,6,46,10,144.63,0.9724,0.1614,0.020145,4.397
27231,520,466,986,188,81,142,347.53,0.6411,0.5246,0.185307,23,1,17,338.89,0.8046,0.0536,0.002444,4.487
27235,520,440,960,237,45,53,25.34,0.9529,0.5514,0.201415,30,17,3,69.22,0.7003,0.0917,0.006835,4.424
27242,520,451,971,204,4,226,322.83,0.9962,0.5449,0.184170,30,1,19,345.27,0.8322,0.0658,0.003448,4.381
27243,520,419,939,216,2,222,326.88,0.9983,0.5624,0.199184,5,22,62,263.09,0.8733,0.1136,0.009538,4.185
27244,520,186,706,242,172,198,355.20,0.6965,0.7881,0.524612,1,92,62,162.58,0.9964,0.3304,0.080082,4.417
27246,520,398,918,245,11,145,355.49,0.9890,0.5763,0.216995,39,19,60,303.60,0.6475,0.1357,0.012233,4.290
27273,520,455,975,180,54,221,316.16,0.8871,0.5268,0.175632,11,7,32,286.49,0.6633,0.0612,0.003274,4.235
27312,520,438,958,244,18,5,29.60,0.9963,0.5487,0.196802,5,24,14,158.96,0.7258,0.0894,0.007172,4.317
27323,520,384,904,235,49,184,342.10,0.9207,0.5922,0.233223,11,12,108,268.27,0.9812,0.1547,0.014167,4.414
27327,520,349,869,198,104,242,313.64,0.8834,0.6304,0.283183,1,51,51,194.80,0.9756,0.1889,0.026130,4.377
27334,520,427,947,193,82,190,328.64,0.7371,0.5587,0.210912,4,28,15,157.22,0.8663,0.1013,0.008908,4.429
27336,520,454,974,233,17,77,16.06,0.9817,0.5324,0.182635,4,13,41,264.98,0.8039,0.0746,0.004737,4.250
27350,520,208,728,225,162,227,325.55,0.6977,0.7592,0.473955,57,82,19,128.82,0.8708,0.3127,0.069514,4.384
27373,520,393,913,193,89,220,318.87,0.8014,0.5870,0.236507,35,33,2,105.98,0.8978,0.1391,0.014494,4.442
27374,520,432,952,233,49,64,22.89,0.9335,0.5479,0.198935,11,14,61,272.52,0.8670,0.0996,0.007221,4.350
27391,520,444,964,168,68,236,307.80,0.8903,0.5360,0.185159,27,14,6,53.59,0.4786,0.0817,0.005603,4.229
27394,520,449,969,204,65,161,342.52,0.7754,0.5397,0.191931,7,4,52,274.18,0.9507,0.0704,0.003799,4.497
27399,520,406,926,232,24,189,339.49,0.9706,0.5760,0.214859,41,17,59,307.77,0.6720,0.1343,0.011881,4.280
27414,520,418,938,244,4,109,6.86,0.9960,0.5604,0.204275,35,26,19,59.46,0.2487,0.1235,0.011432,4.139
27416,520,385,905,201,70,235,318.49,0.9010,0.5855,0.227974,9,27,81,265.28,0.8868,0.1458,0.014359,4.319
27454,520,369,889,250,1,199,340.62,0.9995,0.6099,0.244725,36,31,75,285.05,0.5937,0.1685,0.018630,4.294
27458,520,310,830,231,103,211,333.90,0.8440,0.6578,0.313948,68,42,55,348.43,0.3239,0.2218,0.031608,4.460
27460,520,450,970,209,0,202,330.19,1.0000,0.5355,0.178216,17,8,27,304.20,0.5367,0.0657,0.003720,4.248
27463,520,320,840,242,91,187,344.82,0.8802,0.6475,0.299500,17,45,100,262.02,0.8131,0.2111,0.029159,4.415
27474,520,383,903,216,45,254,319.08,0.9954,0.6019,0.236333,44,32,17,71.82,0.4215,0.1504,0.016090,4.332
27479,520,379,899,250,59,108,11.72,0.9562,0.5991,0.245381,62,26,2,50.87,0.8901,0.1632,0.017675,4.365
27491,520,277,797,217,126,252,315.89,0.9668,0.6965,0.367030,13,59,108,253.74,0.8258,0.2539,0.042960,4.486
27493,520,396,916,253,17,83,16.33,0.9894,0.5757,0.219118,47,27,3,68.12,0.8200,0.1400,0.013949,4.208
27498,520,458,978,219,57,74,20.20,0.8737,0.5290,0.184833,22,2,34,310.75,0.8381,0.0647,0.003295,4.406
27508,520,37,557,240,251,128,113.40,0.9506,0.9477,0.890783,9,128,78,157.24,0.9862,0.4543,0.160458,4.470
27533,520,420,940,216,72,133,358.05,0.7649,0.5569,0.209294,14,21,55,270.92,0.6786,0.1102,0.009055,4.391
27543,520,422,942,227,20,174,342.68,0.9682,0.5570,0.198898,14,28,24,174.19,0.3572,0.1100,0.009898,4.155
27558,520,460,980,225,41,95,10.87,0.9104,0.5322,0.184224,8,13,21,259.11,0.3078,0.0647,0.003936,4.343
27586,520,407,927,239,3,151,352.26,0.9963,0.5652,0.206533,29,22,63,286.98,0.6392,0.1321,0.011939,4.142
27605,520,300,820,248,118,81,36.73,0.9192,0.6657,0.335104,5,63,46,167.34,0.9528,0.2283,0.037844,4.384
27606,520,423,943,237,55,55,26.33,0.9361,0.5598,0.210159,5,32,3,141.56,0.9717,0.1123,0.010718,4.285
27622,520,311,831,250,104,140,7.66,0.9074,0.6605,0.321212,2,60,50,177.05,0.9742,0.2188,0.034747,4.380
27623,520,437,957,233,40,108,7.26,0.9228,0.5512,0.199269,12,12,55,275.46,0.8326,0.0907,0.006169,4.438
27626,520,427,947,238,49,40,28.62,0.9547,0.5551,0.205302,18,16,54,280.21,0.7027,0.1018,0.007655,4.428
27635,520,348,868,242,20,248,326.98,0.9937,0.6298,0.261576,17,36,98,266.26,0.8567,0.1873,0.022626,4.290
27655,520,440,960,239,14,101,9.00,0.9845,0.5499,0.196076,12,23,14,149.35,0.4089,0.0909,0.007226,4.300
27656,520,436,956,218,48,167,343.37,0.8704,0.5517,0.198117,34,12,13,18.49,0.4945,0.0899,0.006321,4.405
27657,520,429,949,226,37,151,350.31,0.9133,0.5516,0.197289,34,14,21,358.54,0.4280,0.0961,0.007083,4.332
27685,520,385,905,246,54,110,9.90,0.9301,0.5877,0.233603,58,21,31,5.30,0.5528,0.1528,0.015349,4.340
27687,520,465,985,156,97,171,319.29,0.5363,0.5189,0.185582,15,8,5,49.74,0.3024,0.0543,0.002862,4.457
27703,520,420,940,185,77,224,315.79,0.8369,0.5620,0.210049,0,19,71,262.15,1.0000,0.1136,0.009206,4.392
27725,520,372,892,250,83,6,38.43,0.9949,0.6118,0.265271,15,48,6,139.68,0.9652,0.1714,0.022285,4.361
27726,520,452,972,164,71,234,306.61,0.8760,0.5325,0.183401,17,13,4,89.35,0.4743,0.0669,0.004158,4.310
27730,520,266,786,234,129,235,326.85,0.8830,0.7145,0.391930,40,68,52,158.15,0.4286,0.2624,0.048332,4.494
27742,520,414,934,233,35,156,350.11,0.9343,0.5661,0.209289,3,5,90,265.95,0.9913,0.1177,0.008660,4.420
27745,520,462,982,177,89,154,338.09,0.5828,0.5256,0.188261,6,11,12,209.69,0.2047,0.0549,0.003046,4.492
27750,520,261,781,249,123,203,343.37,0.9259,0.7109,0.386201,12,72,68,188.15,0.8621,0.2684,0.051300,4.306
27773,520,461,981,227,26,116,2.37,0.9467,0.5340,0.183335,8,11,6,131.64,0.2583,0.0547,0.003041,4.399
27783,520,479,999,205,36,142,348.44,0.8678,0.5064,0.161960,0,0,8,264.05,1.0000,0.0143,0.000175,4.224
27787,520,294,814,232,97,254,321.81,0.9943,0.6760,0.328630,24,65,32,147.80,0.8470,0.2376,0.040789,4.170
27788,520,480,1000,217,40,93,10.34,0.8969,0.5148,0.170622,0,0,0,0.00,0.0000,0.0000,0.000000,4.412
27795,520,385,905,235,53,183,342.53,0.9107,0.5947,0.236300,55,15,59,323.98,0.7084,0.1532,0.014697,4.425
27797,520,455,975,216,48,137,353.74,0.8484,0.5341,0.185214,2,10,38,263.67,0.8793,0.0646,0.003699,4.380
27802,520,329,849,254,29,246,330.06,0.9966,0.6520,0.286065,27,53,68,235.52,0.4619,0.2147,0.031965,4.100
27804,520,454,974,137,102,203,297.57,0.6413,0.5254,0.191330,22,6,36,305.72,0.7135,0.0736,0.004282,4.446
27806,520,377,897,215,105,113,17.17,0.6464,0.5971,0.257446,19,42,21,145.90,0.6702,0.1560,0.018485,4.489
27814,520,366,886,218,65,241,322.08,0.9394,0.6111,0.250388,35,18,101,282.32,0.8885,0.1704,0.017295,4.464
27819,520,382,902,253,66,69,25.07,0.9873,0.6035,0.252124,31,40,22,130.08,0.4094,0.1592,0.018668,4.400
27822,520,384,904,218,41,243,322.12,0.9682,0.5945,0.229643,11,30,80,264.66,0.8503,0.1525,0.015788,4.251
27833,520,343,863,244,11,245,328.12,0.9969,0.6292,0.260678,40,47,33,129.52,0.2633,0.1918,0.025939,4.091
27844,520,418,938,165,104,203,311.08,0.6435,0.5625,0.222123,24,29,18,127.94,0.2925,0.1190,0.011166,4.449
27860,520,436,956,226,28,162,346.35,0.9435,0.5520,0.196105,43,1,23,352.99,0.8862,0.0917,0.005972,4.397
27867,520,450,970,232,18,117,2.57,0.9711,0.5415,0.188758,22,6,37,304.65,0.7227,0.0744,0.004344,4.393
27878,520,389,909,225,23,228,327.57,0.9835,0.5875,0.222241,14,11,101,270.18,0.9759,0.1454,0.012722,4.340
27890,520,432,952,184,65,230,314.68,0.8819,0.5509,0.196852,10,11,64,272.39,0.9160,0.0971,0.006740,4.351
27914,520,475,995,211,36,143,349.57,0.8812,0.5184,0.170961,2,1,15,281.08,0.8567,0.0264,0.000691,4.359
27923,520,409,929,229,73,78,22.92,0.8564,0.5667,0.219759,35,19,56,301.03,0.6165,0.1274,0.011086,4.416
27932,520,410,930,236,57,91,15.74,0.8989,0.5660,0.215175,27,16,79,282.40,0.8427,0.1348,0.011681,4.299
27933,520,470,990,205,0,184,334.14,1.0000,0.5163,0.164418,3,8,11,226.94,0.3646,0.0450,0.002172,4.110
27938,520,466,986,190,14,223,319.67,0.9831,0.5210,0.165904,7,7,16,283.29,0.3422,0.0484,0.002345,4.125
27939,520,438,958,183,85,187,325.98,0.6979,0.5460,0.201533,10,14,53,272.46,0.8095,0.0911,0.006356,4.463
27956,520,462,982,237,0,53,22.23,1.0000,0.5328,0.182648,10,2,33,290.11,0.8733,0.0506,0.002178,4.459
27968,520,431,951,241,30,19,29.40,0.9840,0.5476,0.196797,2,27,19,169.31,0.9061,0.0982,0.008438,4.223
27974,520,397,917,231,11,207,334.29,0.9912,0.5811,0.217359,33,11,80,289.04,0.8720,0.1354,0.011419,4.353
27991,520,443,963,238,23,16,29.15,0.9875,0.5380,0.188306,34,8,17,0.93,0.5889,0.0844,0.005543,4.291
27996,520,395,915,255,44,50,26.35,1.0000,0.5872,0.232955,30,33,22,120.35,0.2530,0.1375,0.014217,4.406
27997,520,381,901,224,39,240,324.36,0.9717,0.6012,0.235918,2,12,117,264.87,0.9891,0.1637,0.015601,4.358
28004,520,333,853,239,63,230,330.31,0.9474,0.6362,0.276215,14,55,47,177.55,0.7487,0.2046,0.030309,4.062
28015,520,406,926,235,14,184,341.52,0.9854,0.5758,0.214398,44,13,51,319.82,0.6860,0.1266,0.010624,4.361
28022,520,440,960,231,49,81,17.49,0.9147,0.5470,0.197826,10,14,57,272.06,0.8473,0.0949,0.006740,4.368
28024,520,401,921,246,11,147,355.05,0.9894,0.5791,0.219421,16,38,9,138.83,0.8799,0.1388,0.015161,4.135
28037,520,435,955,233,44,81,17.03,0.9300,0.5472,0.197221,3,11,61,266.34,0.9475,0.0894,0.005956,4.418
28050,520,407,927,248,41,38,28.03,0.9737,0.5697,0.216859,0,9,93,264.19,0.9876,0.1253,0.009856,4.458
28064,520,354,874,251,88,59,32.39,0.9725,0.6234,0.278079,51,40,32,57.76,0.2165,0.1845,0.023257,4.478
28065,520,456,976,219,61,16,34.79,0.9735,0.5265,0.184376,26,0,30,322.91,1.0000,0.0636,0.003134,4.411
28083,520,411,931,190,88,198,324.66,0.7290,0.5674,0.220051,37,25,2,82.16,0.8551,0.1202,0.010930,4.432
28099,520,445,965,225,42,130,357.89,0.8919,0.5441,0.192779,10,19,15,165.29,0.2949,0.0787,0.005648,4.363
28120,520,422,942,232,55,101,11.37,0.8845,0.5588,0.208307,22,6,75,281.67,0.9387,0.1120,0.008088,4.447
28128,520,370,890,251,77,81,23.74,0.9691,0.6132,0.264145,4,46,49,202.17,0.8768,0.1726,0.022014,4.362
28129,520,383,903,227,6,251,322.90,0.9978,0.6034,0.234284,44,32,16,73.42,0.4472,0.1502,0.016060,4.303
28161,520,350,870,253,51,183,346.52,0.9837,0.6260,0.266726,55,7,110,295.67,0.9439,0.1936,0.020900,4.467
28166,520,411,931,239,24,146,354.29,0.9658,0.5685,0.210824,41,10,50,317.74,0.7254,0.1171,0.009188,4.407
28180,520,382,902,247,18,190,342.52,0.9872,0.6028,0.239277,17,20,105,270.28,0.9498,0.1643,0.016393,4.357
28201,520,395,915,230,46,202,335.55,0.9354,0.5911,0.230438,58,8,49,336.43,0.7689,0.1438,0.012951,4.455
28202,520,395,915,232,37,204,335.41,0.9565,0.5905,0.228412,14,29,72,265.97,0.7657,0.1440,0.014399,4.323
28237,520,421,941,224,81,31,37.83,0.9330,0.5618,0.218337,22,28,2,120.75,0.8813,0.1110,0.010055,4.468
28238,520,403,923,233,80,1,39.58,0.9985,0.5760,0.230661,34,24,53,297.99,0.4940,0.1341,0.012504,4.490
28246,520,48,568,231,238,251,263.01,0.6625,0.9390,0.851027,46,124,33,141.03,0.9586,0.4426,0.151054,4.482
28274,520,339,859,224,83,245,322.24,0.9501,0.6415,0.286283,63,34,56,336.40,0.4262,0.1973,0.024865,4.492
28284,520,261,781,237,143,143,20.13,0.7016,0.7072,0.396348,48,67,59,167.04,0.2471,0.2678,0.049584,4.482
28291,520,460,980,233,3,70,17.60,0.9971,0.5276,0.178341,26,6,2,39.08,0.7368,0.0637,0.003543,4.265
28292,520,467,987,200,33,189,331.36,0.9139,0.5216,0.170430,7,5,15,293.87,0.4239,0.0432,0.001882,4.249
28300,520,364,884,235,71,172,347.02,0.8551,0.6057,0.251499,60,33,2,64.86,0.9007,0.1748,0.020529,4.275
28318,520,459,979,148,95,208,303.24,0.6942,0.5285,0.190347,10,10,30,280.56,0.5494,0.0650,0.003753,4.471
28321,520,470,990,188,85,108,8.22,0.6046,0.5180,0.182726,13,3,14,324.54,0.5792,0.0437,0.001824,4.491
28350,520,466,986,181,93,96,19.08,0.5413,0.5169,0.184984,14,5,19,313.46,0.5292,0.0519,0.002489,4.477
28360,520,361,881,236,79,178,345.68,0.8506,0.6189,0.266419,17,48,40,173.98,0.6114,0.1803,0.023862,4.284
28374,520,468,988,153,78,225,303.87,0.8221,0.5201,0.176578,8,1,23,297.53,0.8681,0.0386,0.001352,4.412
28394,520,455,975,223,16,142,352.02,0.9662,0.5323,0.180142,24,3,11,356.44,0.6762,0.0571,0.002835,4.356
28414,520,450,970,210,17,195,332.34,0.9714,0.5367,0.180447,21,11,4,60.65,0.4898,0.0672,0.004076,4.262
28421,520,468,988,196,79,97,13.66,0.6764,0.5191,0.181926,3,4,25,273.37,0.7941,0.0426,0.001764,4.480
28422,520,467,987,220,45,53,24.74,0.9320,0.5166,0.173521,2,2,24,273.33,0.9074,0.0356,0.001223,4.364
28430,520,27,547,255,243,236,52.56,1.0000,0.9669,0.914178,7,131,41,145.92,0.9958,0.4572,0.164371,4.498
28442,520,372,892,251,41,180,346.67,0.9705,0.6147,0.253937,13,36,87,263.22,0.8331,0.1746,0.020353,4.320
28448,520,363,883,233,7,250,324.52,0.9977,0.6131,0.243802,51,35,37,10.49,0.2231,0.1734,0.020395,4.174
28458,520,464,984,224,40,57,23.13,0.9439,0.5216,0.176631,2,7,26,263.78,0.7717,0.0494,0.002394,4.325
28468,520,447,967,224,50,92,12.96,0.8843,0.5364,0.189039,8,18,23,230.53,0.3481,0.0778,0.005461,4.310
28482,520,471,991,139,98,196,301.22,0.6245,0.5151,0.182101,0,9,0,142.50,1.0000,0.0406,0.001954,4.467
28487,520,327,847,251,30,251,328.29,0.9913,0.6505,0.284058,88,13,53,353.62,0.7912,0.2111,0.026199,4.384
28495,520,415,935,242,27,141,356.64,0.9631,0.5736,0.215874,22,28,40,263.87,0.2747,0.1234,0.011543,4.320
28497,520,430,950,237,35,102,9.55,0.9449,0.5546,0.201690,15,27,1,129.38,0.9598,0.1020,0.008876,4.275
28526,520,432,952,200,62,193,330.08,0.8259,0.5475,0.195766,16,9,66,277.97,0.9047,0.1005,0.006989,4.313
28533,520,324,844,230,86,242,324.59,0.9418,0.6522,0.298915,6,60,7,143.01,0.9870,0.2101,0.032856,4.211
28540,520,431,951,229,51,103,9.67,0.8856,0.5500,0.200078,2,17,59,262.96,0.9403,0.0980,0.007295,4.365
28545,520,447,967,137,91,246,292.14,0.9088,0.5385,0.194543,10,18,12,151.99,0.3140,0.0752,0.005237,4.427
28552,520,352,872,217,115,128,13.03,0.6138,0.6219,0.285737,29,47,55,227.61,0.3167,0.1912,0.025700,4.435
28583,520,403,923,243,51,108,9.84,0.9189,0.5789,0.225083,16,31,48,252.55,0.4673,0.1319,0.013035,4.364
28595,520,431,951,243,14,75,17.51,0.9894,0.5523,0.198802,30,14,40,310.86,0.5598,0.1002,0.007433,4.332
28609,520,417,937,225,85,28,39.49,0.9399,0.5690,0.225910,24,31,17,129.95,0.3755,0.1246,0.012146,4.440
28644,520,465,985,213,69,8,38.01,0.9828,0.5240,0.184223,23,3,4,19.22,0.7075,0.0534,0.002561,4.456
28656,520,355,875,226,76,213,331.54,0.8813,0.6171,0.261440,42,43,6,110.98,0.8165,0.1767,0.022332,4.306
28657,520,433,953,159,79,246,301.60,0.9242,0.5463,0.196171,6,24,29,218.02,0.5636,0.0957,0.007807,4.259
28663,520,331,851,194,116,237,312.25,0.8198,0.6413,0.300754,37,49,56,233.93,0.2013,0.2039,0.028754,4.454
28668,520,391,911,203,103,147,353.87,0.5867,0.5860,0.245053,43,32,20,68.55,0.3401,0.1497,0.015972,4.472
28678,520,413,933,219,38,210,330.56,0.9460,0.5717,0.211016,52,0,38,341.95,1.0000,0.1158,0.008701,4.447
28682,520,432,952,244,8,58,21.78,0.9952,0.5503,0.197157,23,5,67,286.09,0.9210,0.1024,0.006959,4.339
28690,520,420,940,176,76,241,308.75,0.9033,0.5607,0.207507,14,22,54,269.78,0.6528,0.1117,0.009335,4.340
28699,520,358,878,247,0,224,333.65,1.0000,0.6189,0.251590,10,28,110,266.22,0.9455,0.1810,0.020207,4.296
28735,520,324,844,248,55,235,331.24,0.9724,0.6483,0.286899,35,53,58,216.91,0.2668,0.2150,0.032089,4.104
28740,520,452,972,227,42,66,20.99,0.9365,0.5306,0.183831,30,2,25,335.54,0.7884,0.0707,0.003897,4.338
28749,520,431,951,169,71,242,306.59,0.9134,0.5458,0.193530,21,23,12,116.73,0.3298,0.0979,0.007988,4.200
28751,520,476,996,217,31,86,12.03,0.9310,0.5071,0.164062,0,3,1,156.67,1.0000,0.0232,0.000673,4.224
28755,520,325,845,250,92,154,359.40,0.9229,0.6488,0.303145,13,47,97,258.56,0.8234,0.2120,0.029815,4.425
28759,520,419,939,152,94,240,298.29,0.8560,0.5554,0.209723,0,22,61,258.76,1.0000,0.1100,0.009107,4.394
28763,520,310,830,253,70,224,335.29,0.9894,0.6621,0.306478,41,40,102,279.19,0.6778,0.2168,0.029482,4.485
28766,520,436,956,234,55,55,26.26,0.9317,0.5538,0.205037,5,16,55,265.99,0.8744,0.0938,0.006786,4.491
28770,520,411,931,249,43,26,29.89,0.9785,0.5722,0.219457,49,17,14,27.43,0.6065,0.1246,0.010857,4.428
28774,520,388,908,248,61,66,24.84,0.9615,0.5886,0.236908,62,16,20,18.91,0.7043,0.1491,0.014454,4.451
28778,520,198,718,239,160,210,341.56,0.7594,0.7651,0.481472,18,83,100,219.89,0.8085,0.3206,0.072349,4.344
28782,520,417,937,235,22,176,343.95,0.9719,0.5739,0.213735,11,29,46,248.88,0.5557,0.1221,0.011471,4.290
28784,520,432,952,246,7,37,25.96,0.9968,0.5520,0.198819,24,21,13,89.90,0.2514,0.0960,0.007596,4.320
28785,520,434,954,154,85,253,297.89,0.9772,0.5544,0.204591,3,25,29,210.70,0.7530,0.0968,0.008033,4.387
28788,520,292,812,197,141,211,319.45,0.5751,0.6770,0.356241,59,58,31,106.61,0.4375,0.2437,0.040549,4.486
28791,520,285,805,236,137,141,17.86,0.7029,0.6939,0.376496,0,69,56,174.83,1.0000,0.2509,0.045416,4.470
28792,520,370,890,255,72,8,35.54,1.0000,0.6087,0.259160,53,33,18,56.93,0.4762,0.1661,0.018884,4.488
28795,520,389,909,210,55,247,318.78,0.9625,0.5942,0.231511,30,6,101,280.47,0.9691,0.1522,0.013458,4.436
28799,520,465,985,181,84,141,346.10,0.6014,0.5175,0.180888,4,11,12,205.14,0.3481,0.0531,0.002917,4.363
28803,520,246,766,203,156,240,309.29,0.7595,0.7284,0.427653,0,80,21,146.05,1.0000,0.2804,0.057912,4.426
28805,520,467,987,213,4,164,342.25,0.9901,0.5206,0.169156,9,4,11,318.02,0.3997,0.0409,0.001691,4.240
28812,520,405,925,211,22,253,318.41,0.9917,0.5822,0.215163,42,25,4,69.73,0.7542,0.1278,0.011963,4.279
28819,520,391,911,253,0,152,354.68,1.0000,0.5930,0.231532,4,36,68,252.05,0.8467,0.1545,0.017048,4.199
28820,520,457,977,217,60,93,13.33,0.8313,0.5325,0.187762,5,13,1,132.70,0.9076,0.0554,0.003223,4.467
28844,520,253,773,252,128,197,347.35,0.9492,0.7207,0.401677,48,70,32,133.45,0.6237,0.2695,0.051129,4.466
28853,520,309,829,242,121,39,49.39,0.9329,0.6566,0.327013,42,57,30,132.28,0.4952,0.2233,0.035122,4.429
28868,520,357,877,255,1,197,342.21,1.0000,0.6182,0.253164,69,24,42,357.73,0.5889,0.1823,0.020858,4.278
28870,520,356,876,247,60,186,344.63,0.9404,0.6233,0.265542,54,32,63,315.58,0.4706,0.1838,0.021762,4.397
28874,520,417,937,226,15,207,333.10,0.9860,0.5729,0.210179,5,25,64,261.39,0.8652,0.1226,0.010976,4.267
28875,520,385,905,243,46,154,353.41,0.9269,0.5911,0.233449,49,8,81,304.02,0.8743,0.1545,0.014208,4.415
28880,520,400,920,239,67,69,24.84,0.9150,0.5774,0.227978,4,31,65,255.78,0.8522,0.1383,0.013874,4.352
28901,520,405,925,189,71,244,312.64,0.9306,0.5755,0.218580,54,9,27,0.41,0.7274,0.1261,0.010589,4.433
28911,520,433,953,208,40,205,329.00,0.9236,0.5504,0.193372,0,13,72,263.56,1.0012,0.1035,0.007557,4.228
28921,520,423,943,237,40,105,8.93,0.9322,0.5584,0.205452,38,12,42,322.14,0.6366,0.1096,0.008422,4.373
28936,520,430,950,215,55,169,342.17,0.8426,0.5531,0.200462,17,21,43,274.08,0.4778,0.1032,0.008299,4.296
28952,520,386,906,220,10,254,320.55,0.9962,0.5947,0.225905,4,35,64,250.52,0.8306,0.1485,0.015980,4.182
28961,520,457,977,200,16,205,326.97,0.9740,0.5252,0.170595,27,0,28,326.98,1.0000,0.0638,0.003169,4.149
28975,520,473,993,193,62,157,340.63,0.7590,0.5151,0.172187,8,1,6,336.12,0.6615,0.0293,0.000865,4.368
28982,520,406,926,207,37,255,316.69,1.0000,0.5838,0.218101,44,15,56,314.63,0.6844,0.1332,0.011627,4.350
28985,520,474,994,231,0,42,24.27,1.0000,0.5185,0.171592,3,4,0,118.13,1.0000,0.0300,0.001062,4.340
28987,520,467,987,231,25,18,29.10,0.9838,0.5240,0.177309,12,1,14,323.26,0.7680,0.0375,0.001316,4.430
29003,520,410,930,242,49,66,22.80,0.9454,0.5664,0.214705,38,29,10,84.26,0.5529,0.1332,0.013127,4.193
29019,520,411,931,215,46,211,329.21,0.9252,0.5705,0.211063,47,14,33,347.38,0.5953,0.1225,0.010283,4.331
29057,520,435,955,229,46,113,5.35,0.8943,0.5490,0.198071,12,20,34,261.14,0.4085,0.0913,0.006939,4.357
29058,520,461,981,205,68,114,3.67,0.7464,0.5254,0.183304,2,5,35,267.94,0.9166,0.0517,0.002428,4.450
29064,520,324,844,236,109,154,359.89,0.7634,0.6498,0.311058,30,54,34,148.45,0.5205,0.2054,0.030298,4.496
29080,520,434,954,239,42,48,26.14,0.9615,0.5528,0.202233,16,25,0,125.48,1.0000,0.0965,0.008054,4.345
29088,520,396,916,230,67,140,357.50,0.8297,0.5792,0.227335,45,28,25,30.28,0.2913,0.1439,0.014586,4.294
29123,520,441,961,185,40,247,312.22,0.9622,0.5447,0.185484,13,24,5,132.98,0.7392,0.0924,0.007498,4.096
29128,520,461,981,233,8,85,13.20,0.9909,0.5319,0.181563,10,7,18,296.56,0.3894,0.0520,0.002602,4.402
29133,520,387,907,229,83,120,8.36,0.7828,0.5895,0.242032,36,29,53,296.42,0.3977,0.1477,0.015108,4.485
29140,520,396,916,214,74,183,337.72,0.7992,0.5784,0.226146,10,39,7,141.64,0.9457,0.1387,0.015309,4.228
29172,520,406,926,254,4,104,9.87,0.9973,0.5798,0.221609,15,30,54,259.41,0.5563,0.1325,0.012964,4.314
29173,520,360,880,244,62,178,346.57,0.9160,0.6158,0.258957,43,37,66,292.25,0.4055,0.1833,0.022301,4.273
29175,520,416,936,230,76,68,27.05,0.8702,0.5705,0.224120,9,32,33,199.17,0.5700,0.1229,0.012009,4.421
29179,520,430,950,236,31,101,9.45,0.9524,0.5501,0.197556,9,28,8,142.65,0.8382,0.1026,0.009061,4.192
29191,520,341,861,254,67,146,359.91,0.9875,0.6255,0.271639,25,51,48,186.07,0.4342,0.1975,0.027876,4.130
29200,520,457,977,208,12,189,333.51,0.9776,0.5277,0.173490,25,6,11,4.08,0.5358,0.0648,0.003611,4.169
29210,520,441,961,218,62,117,3.82,0.8084,0.5436,0.196375,2,21,36,243.12,0.7925,0.0888,0.006766,4.340
29222,520,445,965,184,62,223,316.56,0.8731,0.5424,0.189645,31,8,16,0.18,0.5505,0.0792,0.005024,4.355
29227,520,397,917,190,94,201,323.41,0.7142,0.5783,0.231708,54,20,31,1.66,0.5340,0.1439,0.013836,4.413
29236,520,385,905,249,23,141,357.83,0.9766,0.5860,0.226791,11,11,103,268.67,0.9802,0.1466,0.012897,4.401
29247,520,447,967,209,59,154,346.25,0.8012,0.5387,0.190184,38,0,10,8.00,1.0000,0.0755,0.004341,4.420
29254,520,345,865,246,0,239,329.93,1.0000,0.6268,0.258278,30,47,46,191.37,0.2680,0.1877,0.025062,4.107
29264,520,462,982,206,54,148,347.43,0.8072,0.5255,0.179003,15,0,36,298.48,1.0000,0.0537,0.002289,4.380
29288,520,301,821,240,106,199,340.96,0.8649,0.6700,0.329594,66,50,45,38.06,0.1996,0.2344,0.036290,4.399
29301,520,376,896,231,40,217,331.72,0.9599,0.5983,0.235188,44,14,84,296.81,0.8322,0.1570,0.014897,4.394
29320,520,329,849,245,58,247,327.65,0.9750,0.6530,0.291567,12,43,103,261.82,0.8798,0.2070,0.027850,4.387
29329,520,372,892,244,60,165,350.76,0.9105,0.6083,0.251845,4,38,80,256.15,0.8960,0.1700,0.019911,4.318
29337,520,222,742,226,152,242,320.32,0.8649,0.7482,0.450373,43,78,57,156.43,0.5033,0.2974,0.062576,4.445
29390,520,411,931,244,25,125,2.25,0.9691,0.5710,0.214124,52,12,14,21.10,0.7163,0.1222,0.010248,4.384
29413,520,292,812,255,122,86,36.12,1.0000,0.6845,0.358542,29,67,5,136.64,0.9803,0.2432,0.042863,4.399
29434,520,464,984,222,28,107,4.86,0.9359,0.5218,0.174243,0,1,41,264.20,0.9934,0.0464,0.001818,4.328
29466,520,397,917,190,100,191,326.86,0.6563,0.5822,0.238243,0,39,27,167.63,1.0000,0.1388,0.015301,4.414
29469,520,450,970,176,56,242,309.88,0.9314,0.5396,0.184701,0,13,34,253.72,0.9999,0.0662,0.004033,4.344
29470,520,469,989,189,10,222,319.67,0.9877,0.5175,0.163112,3,6,18,266.31,0.5499,0.0432,0.001933,4.104
29471,520,470,990,232,4,17,28.14,0.9979,0.5197,0.172862,2,3,21,272.05,0.8189,0.0362,0.001322,4.342
29477,520,466,986,232,11,38,25.49,0.9931,0.5228,0.175382,2,11,6,162.30,0.6735,0.0494,0.002654,4.280
29496,520,380,900,238,73,133,2.62,0.8501,0.5978,0.246386,29,25,84,279.52,0.7686,0.1577,0.015965,4.493
29514,520,419,939,212,48,194,333.21,0.8916,0.5560,0.200081,6,32,5,142.44,0.9507,0.1132,0.010827,4.111
29516,520,444,964,232,4,121,0.81,0.9936,0.5394,0.186261,34,10,2,43.96,0.7862,0.0838,0.005616,4.248
29523,520,464,984,192,54,177,332.80,0.8117,0.5161,0.170207,14,2,33,297.69,0.8550,0.0544,0.002466,4.197
29530,520,340,860,232,59,255,322.63,1.0000,0.6380,0.275060,54,45,4,96.15,0.8861,0.1968,0.026699,4.238
29540,520,433,953,190,37,244,314.41,0.9622,0.5481,0.188032,31,6,50,306.17,0.8002,0.0966,0.006519,4.212
29548,520,354,874,249,65,148,358.08,0.9378,0.6151,0.260618,18,40,84,262.40,0.7258,0.1844,0.022862,4.263
29566,520,409,929,249,39,18,30.26,0.9869,0.5693,0.216381,2,38,11,148.30,0.9832,0.1323,0.014232,4.147
29590,520,477,997,210,9,153,345.13,0.9745,0.5100,0.161992,2,0,9,294.50,1.0000,0.0190,0.000326,4.212
29611,520,362,882,243,62,174,347.65,0.9075,0.6122,0.255589,77,7,36,2.49,0.8351,0.1754,0.018574,4.456
29636,520,457,977,178,4,254,309.49,0.9975,0.5263,0.167085,21,8,16,342.91,0.4012,0.0650,0.003705,4.042
29647,520,431,951,165,82,235,305.68,0.8581,0.5493,0.200326,45,5,29,348.01,0.7561,0.1043,0.007552,4.350
29659,520,382,902,223,82,174,343.99,0.7853,0.5986,0.247808,37,32,60,290.62,0.4264,0.1606,0.017526,4.410
29672,520,372,892,224,88,174,344.74,0.7685,0.6081,0.258850,44,35,57,302.57,0.3398,0.1739,0.020330,4.391
29677,520,440,960,233,47,78,18.38,0.9258,0.5488,0.199098,23,18,20,351.94,0.1181,0.0897,0.006653,4.397
29690,520,292,812,250,86,240,330.41,0.9792,0.6821,0.332736,58,53,62,310.20,0.1241,0.2389,0.037936,4.352
29693,520,460,980,194,26,217,322.13,0.9596,0.5274,0.172194,8,7,30,281.00,0.6565,0.0573,0.002973,4.194
29699,520,426,946,194,68,222,319.73,0.8653,0.5634,0.208789,9,10,74,270.52,0.9548,0.1066,0.007695,4.485
29708,520,401,921,226,73,136,359.07,0.7962,0.5771,0.227140,20,38,1,131.62,0.9816,0.1402,0.015371,4.239
29710,520,431,951,199,24,233,319.67,0.9761,0.5473,0.186801,23,21,34,291.00,0.2874,0.1032,0.008340,4.059
29711,520,330,850,203,125,184,336.35,0.5528,0.6409,0.308258,5,60,10,143.98,0.9882,0.2101,0.032858,4.324
29741,520,426,946,223,45,165,345.18,0.8898,0.5577,0.202839,42,12,29,347.81,0.5881,0.1089,0.008440,4.326
29768,520,451,971,236,23,58,21.97,0.9804,0.5376,0.187544,30,1,20,343.52,0.8324,0.0663,0.003483,4.441
29775,520,378,898,219,60,228,325.67,0.9255,0.5994,0.238952,15,43,42,192.18,0.5614,0.1641,0.019964,4.130
29797,520,409,929,228,10,199,335.70,0.9900,0.5705,0.208372,30,10,79,286.83,0.8872,0.1298,0.010576,4.265
29806,520,445,965,241,10,36,26.08,0.9949,0.5418,0.190486,4,18,38,255.92,0.7044,0.0837,0.005983,4.296
29808,520,452,972,200,85,54,36.00,0.7839,0.5266,0.190446,12,10,35,282.97,0.6200,0.0700,0.004166,4.439
29812,520,357,877,228,58,234,326.57,0.9461,0.6164,0.254629,65,27,30,16.80,0.5247,0.1760,0.020016,4.351
29815,520,469,989,167,65,228,309.50,0.8669,0.5246,0.175983,9,3,11,319.65,0.4944,0.0383,0.001474,4.390
29818,520,459,979,210,59,132,355.37,0.7940,0.5309,0.184977,18,3,35,302.00,0.8120,0.0625,0.003151,4.421
29827,520,433,953,197,70,197,327.81,0.8035,0.5538,0.202834,36,13,25,349.17,0.4935,0.0990,0.007332,4.410
29828,520,298,818,226,119,198,337.96,0.7418,0.6687,0.334416,31,55,87,256.08,0.5257,0.2349,0.037117,4.413
29833,520,468,988,229,26,35,26.83,0.9794,0.5213,0.175212,18,1,1,26.08,0.8893,0.0400,0.001525,4.371
29841,520,322,842,254,64,215,337.88,0.9940,0.6538,0.296471,28,41,104,269.90,0.7670,0.2109,0.028321,4.424
29854,520,14,534,239,252,254,207.88,0.8022,0.9790,0.951268,13,136,44,145.89,0.9924,0.4747,0.178750,4.377
29881,520,471,991,185,36,214,320.09,0.9273,0.5154,0.164324,22,0,4,8.54,1.0000,0.0447,0.001794,4.138
29882,520,459,979,145,85,231,298.63,0.8293,0.5255,0.182865,11,6,26,292.74,0.6036,0.0551,0.002760,4.414
29885,520,460,980,230,31,42,25.97,0.9719,0.5266,0.179732,7,11,14,238.65,0.1873,0.0564,0.003162,4.321
29914,520,472,992,164,38,252,304.95,0.9846,0.5169,0.163077,0,0,22,264.05,1.0000,0.0253,0.000579,4.213
29929,520,480,1000,198,28,181,333.19,0.9190,0.5102,0.161743,0,0,0,0.00,0.0000,0.0000,0.000000,4.235
29953,520,38,558,238,255,65,114.76,1.0000,0.9493,0.900790,22,130,4,141.62,0.9977,0.4534,0.161439,4.497
29957,520,419,939,215,2,221,326.87,0.9982,0.5600,0.197130,34,18,38,319.42,0.4534,0.1120,0.009127,4.180
29981,520,417,937,238,0,175,344.69,1.0000,0.5740,0.212753,14,28,39,243.35,0.4128,0.1169,0.010703,4.328
30004,520,389,909,223,85,145,356.40,0.7460,0.5902,0.242317,47,31,12,69.10,0.5634,0.1511,0.016109,4.422
30006,520,424,944,237,43,106,8.86,0.9247,0.5606,0.207760,28,13,62,291.31,0.7695,0.1139,0.008825,4.382
30013,520,330,850,249,104,20,43.75,0.9798,0.6395,0.300941,68,43,0,74.83,1.0000,0.2112,0.029568,4.411
30017,520,400,920,251,12,105,9.36,0.9910,0.5754,0.217957,41,24,40,328.75,0.3702,0.1352,0.012779,4.268
30025,520,477,997,168,13,254,306.46,0.9955,0.5133,0.157692,0,1,14,263.36,1.0007,0.0229,0.000534,4.110
30032,520,352,872,241,78,172,348.96,0.8753,0.6237,0.271310,1,45,79,247.87,0.9594,0.1877,0.024476,4.314
30042,520,407,927,193,74,228,317.57,0.8644,0.5730,0.218377,19,24,63,273.62,0.6740,0.1275,0.011506,4.363
30049,520,410,930,225,61,152,351.18,0.8365,0.5688,0.216146,8,35,25,165.72,0.7290,0.1287,0.013238,4.209
30058,520,457,977,220,61,62,25.09,0.8849,0.5330,0.189035,11,13,0,115.38,1.0000,0.0600,0.003590,4.460
30069,520,470,990,208,65,72,22.04,0.8206,0.5161,0.176606,4,4,17,280.15,0.5757,0.0386,0.001531,4.397
30086,520,409,929,233,8,183,341.31,0.9911,0.5702,0.209190,56,8,16,16.15,0.7942,0.1255,0.010520,4.283
30088,520,456,976,209,10,189,333.76,0.9816,0.5291,0.174486,12,1,45,285.58,0.9657,0.0613,0.002893,4.244
30089,520,338,858,227,71,251,321.98,0.9813,0.6377,0.278045,39,41,85,278.72,0.5470,0.2027,0.026730,4.275
30099,520,385,905,247,66,28,33.11,0.9719,0.5876,0.237579,67,9,22,13.56,0.8139,0.1513,0.014468,4.461
30104,520,407,927,227,6,206,333.60,0.9945,0.5722,0.209199,22,32,29,174.56,0.2089,0.1296,0.012923,4.119
30105,520,444,964,234,20,81,15.08,0.9771,0.5364,0.185899,3,21,11,158.56,0.8247,0.0784,0.005798,4.228
30106,520,442,962,186,83,170,333.81,0.6719,0.5381,0.195292,17,15,33,287.29,0.4337,0.0831,0.005706,4.403
30126,520,384,904,222,97,98,22.00,0.7342,0.5918,0.249632,25,37,47,244.13,0.2855,0.1547,0.017350,4.449
30128,520,477,997,117,88,243,285.79,0.9050,0.5105,0.172321,0,1,5,257.10,0.9999,0.0173,0.000327,4.418
30139,520,186,706,234,170,233,327.05,0.7692,0.7883,0.521264,45,87,68,163.01,0.5264,0.3305,0.077914,4.466
30150,520,467,987,215,12,146,348.74,0.9695,0.5172,0.167878,5,2,28,282.16,0.8756,0.0418,0.001595,4.223
30157,520,442,962,240,22,36,26.63,0.9869,0.5432,0.192298,38,3,21,352.44,0.7778,0.0845,0.005314,4.380
30164,520,419,939,224,29,187,338.20,0.9522,0.5620,0.203164,26,14,56,291.41,0.7158,0.1078,0.008192,4.350
30183,520,395,915,214,77,193,334.37,0.8085,0.5873,0.234561,50,22,39,344.27,0.4766,0.1443,0.013985,4.447
30201,520,372,892,239,94,15,42.19,0.9804,0.6067,0.263936,45,37,33,48.18,0.1392,0.1692,0.019909,4.491
30203,520,241,761,243,153,120,40.84,0.7769,0.7294,0.431956,4,78,59,169.15,0.9744,0.2831,0.057901,4.467
30204,520,268,788,189,155,207,313.76,0.4485,0.6951,0.387670,39,67,60,176.49,0.3755,0.2614,0.047718,4.479
30217,520,472,992,216,60,19,34.41,0.9660,0.5196,0.178802,3,4,8,269.72,0.2935,0.0334,0.001237,4.466
30221,520,468,988,210,44,138,351.64,0.8477,0.5199,0.173402,9,4,14,309.07,0.4739,0.0422,0.001766,4.316
30226,520,453,973,176,69,218,314.78,0.8344,0.5346,0.185493,13,1,49,284.61,0.9720,0.0664,0.003290,4.419
30228,520,445,965,186,77,195,324.58,0.7567,0.5441,0.196883,42,0,0,29.23,1.0000,0.0811,0.004923,4.495
30230,520,333,853,228,70,255,321.35,1.0000,0.6410,0.280964,78,27,16,33.78,0.7442,0.1973,0.024412,4.448
30244,520,453,973,153,91,210,305.65,0.7195,0.5291,0.189080,28,1,24,334.19,0.8347,0.0650,0.003346,4.482
30248,520,308,828,191,135,233,309.39,0.7378,0.6697,0.342882,19,57,87,245.83,0.6850,0.2345,0.037526,4.489
30251,520,472,992,233,10,24,27.61,0.9946,0.5236,0.176098,0,2,21,262.99,1.0003,0.0310,0.000976,4.435
30261,520,418,938,219,77,103,13.08,0.7695,0.5590,0.213495,4,9,89,266.41,0.9826,0.1219,0.009424,4.434
30262,520,455,975,203,65,143,349.58,0.7578,0.5294,0.184622,19,7,18,329.90,0.4440,0.0613,0.003341,4.399
30264,520,469,989,207,13,177,336.77,0.9700,0.5187,0.167297,18,1,6,358.65,0.7751,0.0419,0.001635,4.208
30294,520,479,999,202,17,184,333.37,0.9601,0.5149,0.164201,0,0,6,264.05,1.0000,0.0126,0.000131,4.273
30297,520,319,839,230,122,106,29.73,0.7328,0.6487,0.317850,48,46,86,284.06,0.4678,0.2243,0.032542,4.457
30299,520,468,988,172,46,235,310.68,0.9288,0.5192,0.167237,2,6,17,259.67,0.5996,0.0417,0.001836,4.191
30329,520,471,991,224,49,15,32.32,0.9807,0.5248,0.180812,15,3,8,350.57,0.5386,0.0437,0.001842,4.452
30339,520,461,981,224,19,134,355.08,0.9594,0.5319,0.180370,12,6,5,32.45,0.2502,0.0466,0.002194,4.414
30340,520,418,938,232,60,71,22.58,0.9028,0.5570,0.208454,27,27,20,107.43,0.1729,0.1170,0.010674,4.260
30348,520,465,985,163,44,251,304.57,0.9785,0.5188,0.165535,7,3,34,282.13,0.8651,0.0510,0.002258,4.124
30362,520,386,906,185,93,231,312.77,0.8282,0.5889,0.239134,23,25,78,275.40,0.7664,0.1467,0.014274,4.498
30379,520,460,980,212,74,57,30.09,0.8432,0.5326,0.191923,4,15,6,149.91,0.6541,0.0612,0.003806,4.496
30381,520,363,883,225,93,156,353.24,0.7377,0.6089,0.262389,24,43,35,165.84,0.3806,0.1667,0.020432,4.435
30382,520,448,968,221,12,172,341.78,0.9788,0.5422,0.186161,7,18,29,249.03,0.4690,0.0801,0.005665,4.243
30391,520,382,902,192,81,249,311.81,0.9526,0.5953,0.239320,41,12,91,291.55,0.8826,0.1583,0.014897,4.458
30392,520,269,789,235,119,230,328.95,0.8922,0.6973,0.365710,40,62,87,252.39,0.4096,0.2606,0.045843,4.337
30405,520,377,897,222,43,242,323.34,0.9674,0.6016,0.236702,33,37,45,264.25,0.1526,0.1607,0.018359,4.194
30414,520,433,953,187,96,145,348.14,0.5584,0.5487,0.209762,0,21,56,257.72,1.0000,0.1030,0.008218,4.462
30419,520,470,990,222,38,68,19.49,0.9362,0.5179,0.173359,1,2,36,267.16,0.9759,0.0448,0.001772,4.314
30424,520,408,928,243,44,102,11.16,0.9363,0.5722,0.218187,26,10,80,282.77,0.9061,0.1268,0.010159,4.458
30430,520,305,825,224,103,244,321.77,0.9335,0.6661,0.320812,3,52,102,254.01,0.9415,0.2270,0.034344,4.396
30440,520,409,929,233,74,36,34.33,0.9404,0.5700,0.223515,43,24,22,26.25,0.3413,0.1308,0.012248,4.394
30461,520,23,543,246,245,251,293.91,0.4395,0.9681,0.918627,21,131,44,145.70,0.9845,0.4595,0.165732,4.490
30468,520,472,992,201,31,183,333.43,0.9145,0.5185,0.168182,1,1,23,270.14,0.9662,0.0307,0.000900,4.286
30492,520,398,918,211,58,224,324.54,0.9134,0.5819,0.222586,10,23,84,267.36,0.9134,0.1410,0.013173,4.315
30494,520,459,979,225,24,107,5.15,0.9516,0.5261,0.177252,12,3,43,285.42,0.8954,0.0633,0.003177,4.273
30500,520,473,993,223,24,87,11.96,0.9574,0.5163,0.170321,11,0,5,346.99,1.0000,0.0293,0.000821,4.335
30502,520,395,915,223,43,216,329.98,0.9463,0.5855,0.223759,25,36,17,133.06,0.4971,0.1405,0.015089,4.206
30508,520,281,801,233,110,253,321.86,0.9876,0.6942,0.355693,3,70,50,166.13,0.9784,0.2528,0.046298,4.213
30515,520,422,942,237,55,13,33.02,0.9870,0.5565,0.207691,18,26,23,170.09,0.1946,0.1068,0.009292,4.346
30547,520,423,943,213,39,200,331.73,0.9260,0.5553,0.197694,11,26,37,241.91,0.4627,0.1084,0.009435,4.167
30549,520,415,935,227,25,192,337.46,0.9662,0.5688,0.208345,30,12,65,292.53,0.7957,0.1176,0.009206,4.363
30573,520,432,952,219,56,146,351.62,0.8322,0.5505,0.199662,3,8,72,266.54,0.9751,0.0977,0.006609,4.410
30589,520,352,872,242,54,206,337.42,0.9422,0.6202,0.259747,56,23,90,302.35,0.7532,0.1914,0.021918,4.307
30603,520,452,972,196,80,128,357.09,0.6619,0.5308,0.190333,18,11,10,27.83,0.2008,0.0653,0.003899,4.459
30616,520,479,999,207,33,135,351.41,0.8822,0.5051,0.161046,0,0,2,264.05,1.0000,0.0079,0.000044,4.217
30641,520,248,768,165,176,200,265.91,0.2400,0.7167,0.432198,33,78,16,138.64,0.9548,0.2834,0.058093,4.461
30650,520,390,910,200,85,213,323.51,0.8029,0.5873,0.235819,44,24,54,313.51,0.5141,0.1476,0.014551,4.428
30673,520,397,917,231,17,198,336.70,0.9832,0.5771,0.214697,59,19,2,42.99,0.8993,0.1446,0.014001,4.136
30678,520,478,998,225,30,7,30.47,0.9924,0.5132,0.169543,1,2,8,267.88,0.6163,0.0246,0.000674,4.332
30706,520,437,957,200,60,199,328.25,0.8442,0.5492,0.196363,33,7,32,329.18,0.6652,0.0881,0.005796,4.415
30742,520,417,937,228,70,111,9.36,0.8205,0.5692,0.220247,27,26,32,293.07,0.1274,0.1189,0.010761,4.448
30748,520,428,948,214,25,214,328.28,0.9696,0.5593,0.198485,28,5,60,295.54,0.8774,0.1006,0.006817,4.373
30752,520,408,928,211,33,235,322.28,0.9695,0.5728,0.209366,14,16,84,271.35,0.9327,0.1304,0.011040,4.249
30754,520,437,957,198,71,190,330.39,0.7871,0.5524,0.202316,17,15,40,284.15,0.5500,0.0877,0.006140,4.494
30760,520,442,962,156,83,236,302.06,0.8586,0.5400,0.193109,24,12,26,321.67,0.4150,0.0807,0.005317,4.395
30796,520,360,880,151,122,255,290.36,1.0000,0.6156,0.277182,37,45,30,130.87,0.3000,0.1820,0.023638,4.443
30799,520,392,912,228,87,90,22.25,0.8058,0.5855,0.240512,41,34,13,91.29,0.5358,0.1509,0.016446,4.372
30814,520,469,989,185,42,209,321.25,0.9019,0.5157,0.165750,3,2,30,274.82,0.9297,0.0414,0.001565,4.184
30821,520,392,912,174,100,231,307.88,0.7998,0.5854,0.238832,2,26,91,263.19,0.9734,0.1515,0.015069,4.439
30834,520,466,986,172,61,215,314.68,0.8479,0.5171,0.170154,16,1,33,302.39,0.9100,0.0544,0.002417,4.200
30839,520,395,915,252,50,72,21.86,0.9824,0.5883,0.234482,48,24,18,34.91,0.4551,0.1376,0.013254,4.497
30842,520,430,950,223,4,178,340.41,0.9936,0.5476,0.189917,4,4,81,267.06,0.9903,0.1044,0.007067,4.204
30875,520,422,942,224,9,200,334.47,0.9902,0.5635,0.202153,8,24,54,261.49,0.7249,0.1131,0.009712,4.223
30912,520,455,975,221,13,155,347.16,0.9732,0.5336,0.180291,16,6,18,321.08,0.4672,0.0557,0.002841,4.358
30920,520,216,736,250,141,251,326.83,0.9797,0.7639,0.463409,5,84,53,159.58,0.9803,0.3016,0.066297,4.415
30947,520,475,995,195,52,173,335.06,0.8174,0.5171,0.170769,4,4,7,284.63,0.2138,0.0341,0.001280,4.305
30973,520,369,889,255,18,182,346.45,1.0000,0.6139,0.250735,0,42,61,233.85,1.0000,0.1654,0.019927,4.301
30985,520,432,952,214,64,144,351.91,0.7910,0.5485,0.199788,46,3,17,5.76,0.8288,0.0985,0.006865,4.393
30988,520,456,976,224,12,134,354.90,0.9758,0.5299,0.178342,19,9,12,359.82,0.2895,0.0631,0.003604,4.260
30996,520,419,939,200,80,181,334.29,0.7399,0.5619,0.213545,12,28,20,161.03,0.4704,0.1073,0.009591,4.423
31012,520,289,809,215,143,146,16.73,0.4886,0.6781,0.361689,42,64,26,133.65,0.6831,0.2446,0.042335,4.459
31021,520,327,847,199,115,240,313.49,0.8510,0.6479,0.306959,43,54,23,125.39,0.5728,0.2135,0.032138,4.346
31022,520,402,922,253,39,81,18.30,0.9876,0.5846,0.229315,41,25,18,44.47,0.3505,0.1291,0.012104,4.498
31030,520,405,925,214,16,243,321.41,0.9910,0.5775,0.211397,42,5,72,303.30,0.8959,0.1318,0.010687,4.307
31031,520,450,970,181,60,233,313.28,0.8980,0.5435,0.189397,6,19,2,136.73,0.9182,0.0725,0.005088,4.346
31036,520,414,934,249,28,52,24.34,0.9826,0.5663,0.212218,44,2,65,310.46,0.9338,0.1245,0.009606,4.399
31040,520,437,957,221,3,182,338.76,0.9952,0.5459,0.188171,5,15,51,266.26,0.8565,0.0880,0.006129,4.243
31076,520,460,980,152,79,233,301.67,0.8532,0.5267,0.181509,6,5,36,276.92,0.8400,0.0561,0.002746,4.389
31101,520,407,927,253,9,25,27.75,0.9968,0.5665,0.211520,0,37,31,179.38,1.0000,0.1336,0.014220,4.072
31106,520,456,976,231,24,50,23.69,0.9788,0.5263,0.178755,7,14,5,137.57,0.4967,0.0607,0.003702,4.260
31117,520,458,978,210,70,82,19.46,0.7901,0.5282,0.186934,26,4,6,16.06,0.6715,0.0608,0.003196,4.454
31135,520,416,936,230,43,160,348.43,0.9084,0.5670,0.210916,2,25,61,258.15,0.9193,0.1184,0.010450,4.316
31149,520,351,871,230,93,179,344.85,0.7917,0.6268,0.279088,21,50,32,154.66,0.6359,0.1862,0.025448,4.362
31176,520,461,981,202,63,143,349.11,0.7631,0.5254,0.180967,8,9,15,276.51,0.2214,0.0533,0.002815,4.373
31192,520,431,951,225,65,63,25.82,0.8863,0.5473,0.201498,0,4,79,264.20,0.9925,0.0992,0.006513,4.450
31200,520,418,938,209,0,239,321.14,1.0000,0.5627,0.197891,60,2,7,22.80,0.9628,0.1247,0.010196,4.118
31213,520,426,946,244,0,97,10.59,1.0000,0.5563,0.200996,40,14,29,346.45,0.5250,0.1088,0.008540,4.288
31218,520,447,967,233,35,50,24.74,0.9654,0.5361,0.187591,12,9,52,277.77,0.8463,0.0828,0.005214,4.303
31229,520,351,871,240,66,206,337.13,0.9189,0.6265,0.268807,72,31,3,50.29,0.8810,0.1916,0.023645,4.329
31234,520,367,887,254,31,160,353.05,0.9916,0.6065,0.245924,18,20,112,270.17,0.9575,0.1738,0.017986,4.353
31239,520,273,793,249,123,188,349.78,0.8982,0.7047,0.379392,40,68,49,153.73,0.4554,0.2614,0.048070,4.378
31247,520,462,982,196,60,178,333.75,0.7994,0.5296,0.181835,15,5,11,342.08,0.4092,0.0495,0.002343,4.429
31248,520,452,972,185,20,238,314.69,0.9809,0.5271,0.169889,4,2,58,269.61,0.9878,0.0714,0.003747,4.091
31260,520,445,965,232,24,89,12.48,0.9662,0.5356,0.185334,4,6,61,268.51,0.9680,0.0819,0.004929,4.284
31261,520,409,929,193,89,187,329.69,0.7006,0.5671,0.220715,22,18,77,277.77,0.8423,0.1315,0.011390,4.410
31269,520,471,991,224,15,105,5.27,0.9724,0.5202,0.172116,3,4,17,274.56,0.6082,0.0376,0.001467,4.316
31274,520,380,900,253,16,153,354.62,0.9877,0.5965,0.235567,49,30,40,346.83,0.3061,0.1600,0.017348,4.240
31277,520,479,999,204,67,31,35.14,0.9134,0.5053,0.169528,0,0,4,264.05,1.0000,0.0106,0.000088,4.383
31296,520,432,952,208,31,218,325.65,0.9581,0.5543,0.194537,21,2,69,283.99,0.9720,0.0983,0.006325,4.342
31310,520,431,951,191,84,166,337.40,0.6711,0.5453,0.201716,13,1,74,274.94,0.9938,0.0962,0.006016,4.494
31313,520,319,839,239,91,207,337.18,0.8925,0.6523,0.303404,65,44,39,33.85,0.2733,0.2161,0.030718,4.378
31318,520,420,940,194,37,253,313.59,0.9900,0.5618,0.198856,49,11,2,37.43,0.8956,0.1126,0.008968,4.220
31322,520,446,966,217,56,137,354.66,0.8238,0.5430,0.193886,3,5,61,267.60,0.9762,0.0795,0.004648,4.463
31325,520,413,933,241,39,114,6.32,0.9389,0.5684,0.213700,27,20,59,287.39,0.6403,0.1226,0.010491,4.359
31341,520,307,827,255,84,209,340.37,1.0000,0.6713,0.322072,27,46,108,267.12,0.7641,0.2259,0.032696,4.499
31347,520,220,740,243,135,252,324.35,0.9821,0.7453,0.434129,87,58,91,322.45,0.3827,0.3023,0.058078,4.479
31364,520,424,944,188,71,225,316.88,0.8585,0.5598,0.206353,42,9,35,337.02,0.6703,0.1076,0.008090,4.413
31378,520,355,875,252,67,151,357.78,0.9653,0.6236,0.269475,18,51,18,143.52,0.8947,0.1847,0.025398,4.237
31383,520,362,882,190,128,123,24.48,0.3933,0.6070,0.278167,24,49,28,147.91,0.6101,0.1837,0.024746,4.390
31398,520,432,952,186,41,252,311.42,0.9844,0.5512,0.190544,23,16,45,291.64,0.5746,0.0992,0.007422,4.189
31410,520,465,985,198,10,203,326.99,0.9831,0.5186,0.165364,0,9,18,237.77,1.0000,0.0475,0.002390,4.111
31414,520,480,1000,185,39,204,322.66,0.9026,0.5098,0.161263,0,0,0,0.00,0.0000,0.0000,0.000000,4.225
31422,520,480,1000,189,66,152,341.65,0.7283,0.5104,0.169838,0,0,0,0.00,0.0000,0.0000,0.000000,4.397
31442,520,467,987,220,53,31,31.02,0.9478,0.5212,0.178634,1,8,13,228.83,0.7013,0.0438,0.002092,4.389
31443,520,471,991,219,51,6,33.58,0.9911,0.5160,0.174435,2,3,24,271.52,0.8676,0.0383,0.001440,4.363
31450,520,420,940,241,40,62,22.72,0.9600,0.5574,0.205695,19,28,12,132.52,0.4941,0.1103,0.009955,4.265
31453,520,426,946,196,76,201,326.12,0.7916,0.5620,0.211232,48,12,10,26.42,0.7145,0.1137,0.009133,4.418
31454,520,187,707,241,173,203,351.07,0.6948,0.7907,0.529014,3,93,34,147.92,0.9958,0.3279,0.079632,4.467
31467,520,480,1000,199,53,153,343.52,0.7997,0.5142,0.169901,0,0,0,0.00,0.0000,0.0000,0.000000,4.398
31473,520,433,953,183,95,158,339.01,0.5745,0.5467,0.207215,15,22,28,244.61,0.2324,0.0955,0.007592,4.466
31497,520,323,843,254,67,207,340.19,0.9930,0.6521,0.295933,0,54,80,237.05,1.0000,0.2149,0.032173,4.210
31514,520,405,925,167,93,249,302.24,0.9303,0.5788,0.228842,5,35,31,182.79,0.7920,0.1295,0.013332,4.403
31515,520,465,985,180,76,170,331.43,0.6930,0.5185,0.177757,8,9,6,121.36,0.1590,0.0502,0.002601,4.330
31516,520,327,847,238,90,212,335.29,0.8963,0.6521,0.302454,21,55,57,200.54,0.5605,0.2119,0.031871,4.305
31531,520,363,883,255,20,174,348.78,1.0000,0.6106,0.248199,75,4,48,349.31,0.8577,0.1736,0.017963,4.388
31535,520,426,946,232,36,144,353.99,0.9267,0.5596,0.204341,12,5,78,272.73,0.9764,0.1065,0.007367,4.434
31571,520,392,912,186,109,181,329.36,0.5684,0.5869,0.247137,6,42,20,152.55,0.9304,0.1495,0.017451,4.405
31576,520,390,910,162,102,249,299.20,0.9159,0.5871,0.240239,1,41,24,160.23,0.9845,0.1451,0.016582,4.359
31579,520,460,980,197,35,206,325.71,0.9273,0.5291,0.175303,21,5,10,359.50,0.5151,0.0567,0.002899,4.259
31590,520,318,838,233,118,150,3.86,0.7157,0.6584,0.324849,13,61,29,150.46,0.9327,0.2190,0.035116,4.404
31608,520,364,884,192,99,230,315.04,0.8182,0.6068,0.258444,24,30,91,272.66,0.8062,0.1709,0.018780,4.485
31612,520,440,960,220,31,182,338.72,0.9388,0.5527,0.195754,43,2,18,1.19,0.8441,0.0913,0.006008,4.388
31621,520,450,970,181,35,248,311.00,0.9675,0.5365,0.178042,22,6,37,304.65,0.7227,0.0744,0.004344,4.196
31654,520,449,969,183,52,240,312.69,0.9285,0.5448,0.188156,7,12,41,270.91,0.7381,0.0747,0.004682,4.355
31671,520,446,966,213,59,136,354.43,0.8026,0.5381,0.190539,20,5,45,294.96,0.8159,0.0768,0.004467,4.416
31675,520,421,941,210,70,177,338.55,0.7927,0.5638,0.212583,43,7,47,323.60,0.7595,0.1142,0.008709,4.473
31677,520,432,952,196,40,234,318.30,0.9499,0.5513,0.191953,3,17,65,264.52,0.9267,0.1047,0.008019,4.170
31689,520,436,956,221,47,159,346.82,0.8743,0.5525,0.199109,19,16,44,285.01,0.5755,0.0945,0.006909,4.377
31692,520,440,960,211,79,110,9.21,0.7243,0.5493,0.205688,3,21,38,247.77,0.7437,0.0907,0.006956,4.489
31695,520,437,957,199,75,168,338.80,0.7343,0.5468,0.200031,19,16,33,290.79,0.4023,0.0871,0.006188,4.450
31701,520,478,998,179,36,215,318.01,0.9257,0.5063,0.157529,3,1,0,66.15,1.0000,0.0193,0.000411,4.117
31712,520,423,943,235,41,131,359.44,0.9187,0.5634,0.208897,5,28,41,236.46,0.7014,0.1131,0.010228,4.299
31720,520,361,881,253,1,212,337.91,0.9996,0.6228,0.256611,34,27,100,279.54,0.8195,0.1826,0.020440,4.353
31734,520,468,988,176,49,223,314.62,0.9024,0.5178,0.167555,2,5,21,266.60,0.7257,0.0414,0.001756,4.203
31736,520,272,792,209,131,255,311.65,1.0000,0.6967,0.370089,48,63,64,201.36,0.1744,0.2579,0.045535,4.397
31746,520,415,935,231,65,100,13.22,0.8552,0.5663,0.216925,43,9,50,320.30,0.7412,0.1190,0.009393,4.494
31761,520,480,1000,198,40,168,337.44,0.8590,0.5096,0.163523,0,0,0,0.00,0.0000,0.0000,0.000000,4.270
31762,520,472,992,166,63,224,310.25,0.8618,0.5176,0.170446,8,1,6,336.12,0.6615,0.0293,0.000865,4.334
31772,520,457,977,221,21,147,349.99,0.9515,0.5323,0.180176,8,13,4,129.83,0.4961,0.0588,0.003482,4.304
31782,520,477,997,174,35,234,311.97,0.9511,0.5136,0.161422,2,0,10,292.48,1.0000,0.0196,0.000348,4.199
31786,520,457,977,230,8,89,11.50,0.9896,0.5265,0.177209,21,8,11,4.85,0.3723,0.0632,0.003573,4.241
31793,520,380,900,234,75,157,352.65,0.8288,0.6017,0.249616,40,39,8,107.46,0.7282,0.1630,0.019197,4.330
31795,520,13,533,249,252,217,111.22,0.9426,0.9765,0.947704,25,134,71,152.05,0.9654,0.4745,0.177110,4.393
31797,520,443,963,230,41,60,22.76,0.9472,0.5351,0.187381,24,16,3,81.34,0.6584,0.0815,0.005714,4.261
31802,520,422,942,214,53,184,336.87,0.8658,0.5577,0.203052,8,29,20,163.35,0.6386,0.1081,0.009808,4.231
31808,520,466,986,143,71,249,296.34,0.9545,0.5186,0.171858,12,5,8,349.13,0.3076,0.0453,0.002042,4.263
31813,520,424,944,215,88,33,40.98,0.9016,0.5558,0.215387,40,16,28,350.15,0.4729,0.1120,0.009056,4.494
31814,520,389,909,223,28,231,326.33,0.9787,0.5879,0.222902,26,40,22,138.87,0.4681,0.1549,0.017951,4.016
31815,520,414,934,253,5,8,28.94,0.9983,0.5650,0.210125,6,18,77,266.69,0.9358,0.1215,0.010071,4.330
31816,520,423,943,244,2,113,5.51,0.9979,0.5612,0.204722,33,23,2,85.00,0.8374,0.1098,0.009405,4.288
31827,520,348,868,241,101,80,30.78,0.8876,0.6269,0.285903,26,47,54,221.19,0.3685,0.1886,0.025189,4.467
31829,520,131,651,245,190,253,322.13,0.9765,0.8493,0.633324,19,105,6,141.59,0.9947,0.3691,0.102543,4.480
31879,520,380,900,214,55,252,318.74,0.9853,0.6042,0.240585,28,41,35,164.80,0.2504,0.1636,0.019541,4.179
31882,520,385,905,204,77,227,321.16,0.8695,0.5924,0.236927,55,21,37,352.60,0.5306,0.1499,0.014822,4.426
31902,520,450,970,231,40,69,20.14,0.9441,0.5380,0.189392,9,17,8,141.55,0.4221,0.0708,0.004765,4.371
31906,520,415,935,250,24,44,25.66,0.9874,0.5659,0.211628,52,4,36,344.98,0.8011,0.1200,0.009444,4.401
31910,520,339,859,252,0,248,329.23,1.0000,0.6433,0.274758,6,27,128,265.26,0.9691,0.2007,0.023809,4.400
31912,520,458,978,233,32,12,30.22,0.9889,0.5315,0.183863,5,14,5,144.15,0.5886,0.0591,0.003573,4.365
31919,520,407,927,251,25,29,27.99,0.9883,0.5671,0.212969,28,29,42,280.87,0.2474,0.1327,0.012928,4.179
31922,520,386,906,248,23,161,351.32,0.9775,0.5922,0.231458,18,14,102,271.82,0.9629,0.1527,0.014019,4.396
31968,520,392,912,224,29,225,328.03,0.9752,0.5859,0.221646,57,23,14,35.85,0.6254,0.1501,0.015145,4.170
31976,520,384,904,246,64,69,24.49,0.9491,0.5879,0.236927,58,18,23,15.43,0.6235,0.1452,0.013942,4.487
31986,520,423,943,214,65,176,339.85,0.8169,0.5647,0.212134,36,7,59,304.99,0.8205,0.1131,0.008428,4.486
32000,520,446,966,235,14,91,11.72,0.9839,0.5389,0.187347,31,9,21,348.25,0.5311,0.0828,0.005409,4.284
32012,520,359,879,249,65,152,356.67,0.9384,0.6166,0.261906,15,52,0,138.29,1.0000,0.1844,0.025575,4.127
32024,520,307,827,255,61,245,330.43,1.0000,0.6705,0.311931,10,64,25,148.10,0.9656,0.2276,0.038014,4.112
32031,520,440,960,201,46,220,323.00,0.9227,0.5531,0.195404,24,15,27,317.50,0.3351,0.0872,0.006150,4.371
32044,520,1,521,255,255,255,0.00,0.0000,1.0000,1.000000,53,136,5,138.33,0.9960,0.4823,0.183755,4.492
32046,520,462,982,214,24,160,344.03,0.9370,0.5262,0.174898,11,5,27,293.48,0.6631,0.0536,0.002588,4.277
32054,520,279,799,239,124,172,355.10,0.7655,0.6852,0.357470,48,57,83,269.21,0.3273,0.2507,0.041791,4.439
32063,520,479,999,165,32,243,307.33,0.9637,0.5063,0.155042,0,1,0,142.50,1.0000,0.0135,0.000217,4.083
32064,520,469,989,220,30,96,8.73,0.9321,0.5154,0.169914,2,7,18,256.42,0.6068,0.0447,0.002085,4.222
32065,520,402,922,197,79,214,322.44,0.8185,0.5756,0.223187,30,23,59,289.18,0.5813,0.1319,0.012046,4.403
32076,520,414,934,236,19,175,344.43,0.9772,0.5744,0.213967,25,8,78,282.97,0.9196,0.1210,0.009304,4.451
32077,520,360,880,234,51,229,329.38,0.9565,0.6180,0.255197,70,22,37,3.86,0.6260,0.1790,0.020097,4.354
32080,520,442,962,188,22,242,314.62,0.9808,0.5360,0.176772,35,1,33,330.71,0.8725,0.0821,0.004889,4.131
32081,520,475,995,219,47,71,19.49,0.9051,0.5192,0.175507,2,2,21,274.45,0.8726,0.0334,0.001105,4.413
32108,520,420,940,202,32,235,319.90,0.9669,0.5574,0.195894,13,1,85,272.58,0.9962,0.1111,0.007631,4.267
32115,520,385,905,196,92,204,324.71,0.7435,0.5857,0.237510,36,37,18,111.08,0.4301,0.1544,0.017419,4.265
32122,520,397,917,252,30,97,12.77,0.9799,0.5814,0.224907,57,6,52,332.59,0.7979,0.1416,0.012482,4.400
32130,520,362,882,237,96,4,43.84,0.9942,0.6058,0.263820,33,20,112,278.18,0.9177,0.1845,0.019934,4.487
32133,520,410,930,216,92,48,39.09,0.8470,0.5652,0.224689,1,33,55,243.10,0.9283,0.1348,0.013699,4.312
32136,520,435,955,235,19,113,4.52,0.9724,0.5466,0.193233,35,11,27,341.88,0.5448,0.0949,0.006758,4.285
32138,520,445,965,239,5,31,26.61,0.9974,0.5360,0.185615,25,5,46,301.66,0.8095,0.0836,0.005125,4.274
32142,520,218,738,240,169,28,77.21,0.9574,0.7478,0.469872,14,86,23,144.51,0.9813,0.3043,0.068105,4.402
32152,520,473,993,128,84,247,289.79,0.9309,0.5186,0.176451,7,3,3,19.26,0.2828,0.0329,0.001169,4.426
32156,520,437,957,237,48,20,31.33,0.9796,0.5508,0.201721,14,16,44,276.64,0.6120,0.0903,0.006458,4.459
32170,520,434,954,229,48,106,8.18,0.8922,0.5484,0.198154,46,2,33,342.70,0.8366,0.1039,0.007342,4.328
32192,520,394,914,231,66,158,350.75,0.8440,0.5872,0.233567,32,23,70,287.34,0.6747,0.1433,0.013620,4.457
32194,520,454,974,216,69,39,33.31,0.9092,0.5316,0.190041,11,4,45,282.14,0.8894,0.0663,0.003474,4.489
32211,520,450,970,201,9,229,321.30,0.9918,0.5431,0.182717,26,9,12,9.53,0.4376,0.0722,0.004416,4.277
32226,520,421,941,243,16,106,8.02,0.9835,0.5601,0.204692,28,10,62,292.52,0.8098,0.1095,0.008118,4.382
32229,520,353,873,248,63,162,352.83,0.9343,0.6169,0.261233,63,25,60,330.48,0.5896,0.1825,0.020784,4.397
32242,520,424,944,188,65,239,313.81,0.9138,0.5637,0.207051,42,4,47,322.88,0.8130,0.1084,0.007844,4.444
32244,520,373,893,243,72,130,4.50,0.8847,0.6048,0.253042,9,45,4,140.99,0.9788,0.1583,0.019435,4.364
32246,520,418,938,217,55,166,343.74,0.8444,0.5552,0.202396,8,26,59,261.19,0.7580,0.1222,0.011061,4.133
32252,520,331,851,253,35,227,334.30,0.9912,0.6407,0.276339,69,26,64,332.16,0.6110,0.1967,0.023743,4.425
32255,520,437,957,242,25,43,25.66,0.9840,0.5492,0.197503,15,19,30,268.71,0.2965,0.0889,0.006610,4.372
32266,520,432,952,192,61,223,319.13,0.8830,0.5537,0.198730,0,3,80,264.19,0.9946,0.0991,0.006442,4.407
32268,520,399,919,249,35,118,5.93,0.9587,0.5834,0.226533,40,29,23,49.98,0.2371,0.1388,0.013917,4.326
32275,520,373,893,241,72,116,9.59,0.8773,0.5969,0.245995,22,42,11,135.99,0.8306,0.1560,0.018506,4.321
32293,520,426,946,211,40,215,327.13,0.9391,0.5623,0.202747,44,17,4,46.39,0.7452,0.1138,0.009452,4.251
32301,520,384,904,232,80,119,8.60,0.8072,0.5907,0.242278,63,20,4,40.31,0.8571,0.1544,0.015660,4.451
32340,520,471,991,190,69,151,342.62,0.7160,0.5154,0.174393,17,1,6,357.06,0.7652,0.0405,0.001540,4.354
32348,520,425,945,214,27,215,328.02,0.9668,0.5608,0.199884,6,1,89,267.82,0.9979,0.1127,0.007816,4.322
32361,520,420,940,205,17,236,320.67,0.9869,0.5573,0.194379,2,22,65,261.38,0.9439,0.1149,0.009683,4.095
32367,520,291,811,204,131,231,316.44,0.7631,0.6768,0.348405,36,62,36,144.22,0.5587,0.2358,0.039476,4.453
32369,520,393,913,219,66,201,333.13,0.8672,0.5881,0.231757,57,17,20,18.67,0.6452,0.1408,0.013214,4.457
32373,520,394,914,206,59,240,319.16,0.9320,0.5861,0.225426,11,26,81,266.69,0.8810,0.1444,0.014039,4.301
32407,520,407,927,223,50,185,338.87,0.8948,0.5718,0.214744,29,30,34,274.61,0.0818,0.1324,0.013052,4.199
32416,520,439,959,227,38,133,356.94,0.9092,0.5466,0.194133,20,20,22,286.02,0.0514,0.0922,0.007070,4.278
32419,520,311,831,239,78,252,324.71,0.9877,0.6638,0.308302,44,52,63,256.40,0.1831,0.2222,0.033503,4.291
32423,520,326,846,255,100,76,31.22,1.0000,0.6491,0.308996,8,58,28,151.96,0.9543,0.2069,0.031614,4.399
32429,520,370,890,243,8,221,333.50,0.9963,0.6111,0.244517,28,15,105,277.12,0.9405,0.1651,0.016084,4.457
32437,520,469,989,188,85,107,8.84,0.6051,0.5177,0.182515,9,4,19,299.55,0.5837,0.0446,0.001919,4.478
32441,520,428,948,217,45,182,338.16,0.8937,0.5557,0.200081,21,24,19,132.77,0.1437,0.1025,0.008597,4.268
32445,520,403,923,226,66,157,349.94,0.8273,0.5778,0.225020,47,23,4,56.93,0.7605,0.1311,0.012260,4.417
32448,520,342,862,248,7,234,331.51,0.9978,0.6282,0.260520,45,13,116,286.06,0.9326,0.1933,0.021066,4.369
32452,520,330,850,205,118,194,331.78,0.6262,0.6356,0.298324,56,39,71,307.68,0.4288,0.2068,0.027468,4.496
32472,520,470,990,167,90,164,328.60,0.5768,0.5176,0.182091,16,3,6,2.52,0.5521,0.0443,0.001884,4.473
32476,520,371,891,252,15,190,343.56,0.9912,0.6115,0.247582,14,22,108,268.53,0.9538,0.1697,0.017498,4.409
32488,520,434,954,182,87,196,322.35,0.7133,0.5530,0.207481,17,19,42,277.62,0.4981,0.0979,0.007521,4.476
32491,520,290,810,252,119,108,26.72,0.9554,0.6787,0.349749,35,63,20,136.18,0.8403,0.2352,0.039627,4.460
32511,520,431,951,228,66,34,32.98,0.9426,0.5509,0.205087,35,12,36,325.81,0.5819,0.1013,0.007477,4.438
32518,520,362,882,191,100,229,314.86,0.8094,0.6063,0.258489,52,35,54,322.97,0.3336,0.1825,0.021985,4.285
32534,520,445,965,209,72,127,359.19,0.7413,0.5421,0.197245,11,19,24,236.24,0.2675,0.0829,0.006028,4.413
32539,520,375,895,255,64,19,33.37,1.0000,0.6010,0.249775,50,29,33,7.23,0.3168,0.1564,0.016667,4.497
32572,520,439,959,205,35,220,324.29,0.9501,0.5527,0.193503,40,0,31,338.78,1.0000,0.0883,0.005501,4.387
32597,520,288,808,225,115,235,324.17,0.8790,0.6798,0.342689,84,41,55,0.42,0.4603,0.2450,0.037468,4.490
32602,520,454,974,182,18,245,312.33,0.9856,0.5278,0.169714,20,8,26,313.56,0.5271,0.0685,0.003970,4.071
32641,520,305,825,241,93,235,329.37,0.9392,0.6731,0.325301,12,57,82,238.29,0.7732,0.2287,0.036134,4.357
32653,520,405,925,240,68,79,22.02,0.9089,0.5821,0.232272,37,28,26,32.67,0.1610,0.1333,0.012984,4.482
32658,520,449,969,183,15,253,310.98,0.9910,0.5356,0.175019,32,3,22,343.64,0.7489,0.0744,0.004302,4.144
32659,520,391,911,202,90,205,326.54,0.7667,0.5923,0.242782,34,37,16,115.68,0.4866,0.1519,0.017006,4.369
32681,520,444,964,227,47,77,18.17,0.9149,0.5365,0.189026,4,1,67,268.46,0.9960,0.0810,0.004527,4.384
32697,520,340,860,171,128,245,298.85,0.8283,0.6411,0.306891,9,56,40,165.47,0.8903,0.2037,0.030395,4.439
32704,520,400,920,207,68,221,323.95,0.8804,0.5830,0.226218,43,23,46,322.19,0.4589,0.1393,0.013237,4.368
32710,520,479,999,142,64,253,295.98,0.9856,0.5125,0.165096,0,0,8,264.05,1.0000,0.0143,0.000175,4.287
32712,520,443,963,154,88,226,302.76,0.7988,0.5373,0.193408,18,1,56,287.24,0.9751,0.0787,0.004358,4.478
32715,520,375,895,201,73,249,315.05,0.9614,0.5989,0.240235,45,11,90,295.56,0.8802,0.1613,0.015354,4.441
32726,520,161,681,253,175,202,356.96,0.9117,0.8089,0.558089,12,92,111,219.27,0.8952,0.3530,0.088797,4.381
32736,520,451,971,229,44,66,21.38,0.9354,0.5362,0.188557,32,4,1,34.44,0.9087,0.0693,0.003962,4.421
32745,520,361,881,253,85,52,33.07,0.9868,0.6225,0.276311,40,42,42,196.99,0.0269,0.1804,0.022742,4.486
32750,520,469,989,190,66,163,337.48,0.7444,0.5178,0.174895,8,7,4,94.52,0.2209,0.0449,0.002123,4.315
32757,520,478,998,167,3,251,306.91,0.9979,0.5066,0.152464,1,0,9,282.67,1.0000,0.0172,0.000262,4.028
32774,520,280,800,227,144,116,39.39,0.6321,0.6885,0.375404,46,65,30,132.22,0.5963,0.2518,0.044551,4.499
32781,520,447,967,215,30,168,341.80,0.9239,0.5351,0.182051,5,12,53,268.17,0.8971,0.0841,0.005522,4.179
32791,520,464,984,197,31,200,327.39,0.9310,0.5226,0.170221,24,2,5,12.49,0.7671,0.0530,0.002486,4.196
32797,520,393,913,212,31,253,318.53,0.9914,0.5873,0.220706,62,6,28,2.81,0.8094,0.1393,0.012384,4.339
32809,520,465,985,204,24,186,333.33,0.9433,0.5225,0.170378,14,6,6,19.36,0.2947,0.0491,0.002368,4.208
32823,520,251,771,216,141,254,313.47,0.9845,0.7223,0.408055,28,76,13,139.50,0.9679,0.2739,0.054446,4.386
32838,520,432,952,222,71,69,25.28,0.8544,0.5495,0.204683,11,27,3,135.49,0.9198,0.0997,0.008616,4.345
32851,520,340,860,222,105,198,335.85,0.7579,0.6406,0.297119,50,43,61,302.26,0.2558,0.2032,0.027428,4.483
32852,520,414,934,165,88,248,302.32,0.9277,0.5681,0.217565,5,15,80,266.69,0.9566,0.1193,0.009530,4.495
32860,520,399,919,208,72,210,327.25,0.8475,0.5818,0.226995,34,31,22,91.81,0.2148,0.1363,0.013780,4.343
32863,520,469,989,225,42,37,28.12,0.9546,0.5227,0.177999,10,6,2,77.32,0.4620,0.0436,0.001992,4.385
32864,520,461,981,225,42,86,14.22,0.9151,0.5306,0.183382,2,11,3,147.43,0.8392,0.0485,0.002588,4.438
32874,520,398,918,248,37,114,7.25,0.9545,0.5812,0.224980,25,6,94,278.61,0.9685,0.1385,0.011450,4.475
32878,520,429,949,243,22,65,20.60,0.9833,0.5530,0.200136,42,5,32,340.58,0.7480,0.1002,0.007051,4.384
32889,520,474,994,205,54,139,350.75,0.8009,0.5196,0.174836,1,3,17,266.16,0.8235,0.0325,0.001120,4.398
32896,520,441,961,239,18,3,29.75,0.9976,0.5379,0.187933,16,23,0,123.06,1.0000,0.0907,0.007229,4.158
32903,520,377,897,249,39,168,349.83,0.9556,0.6043,0.244213,17,31,87,267.92,0.8328,0.1647,0.017872,4.335
32929,520,472,992,174,60,219,314.40,0.8620,0.5221,0.173458,2,0,26,275.09,1.0000,0.0315,0.000875,4.392
32937,520,474,994,214,57,67,22.32,0.8721,0.5178,0.176301,12,0,5,349.11,1.0000,0.0306,0.000891,4.447
32941,520,475,995,207,44,143,348.99,0.8423,0.5164,0.170521,5,4,0,101.83,1.0000,0.0323,0.001191,4.308
32948,520,432,952,160,86,242,301.95,0.8866,0.5542,0.205404,11,23,30,235.11,0.3710,0.0964,0.007777,4.421
32957,520,347,867,247,16,231,331.99,0.9942,0.6262,0.259173,2,53,21,150.40,0.9894,0.1862,0.026131,4.061
32959,520,412,932,181,72,255,307.70,1.0000,0.5740,0.216793,15,31,26,172.15,0.3935,0.1203,0.011561,4.334
32963,520,480,1000,204,66,81,18.30,0.7851,0.5117,0.173300,0,0,0,0.00,0.0000,0.0000,0.000000,4.466
32969,520,446,966,220,60,99,11.29,0.8343,0.5398,0.193508,6,16,35,261.15,0.6067,0.0782,0.005306,4.403
32972,520,468,988,229,29,48,24.46,0.9719,0.5241,0.177531,6,5,0,103.37,1.0000,0.0363,0.001473,4.420
32976,520,458,978,192,78,143,347.89,0.6697,0.5273,0.186400,16,10,18,317.55,0.2824,0.0639,0.003709,4.401
32977,520,341,861,214,111,172,345.23,0.6395,0.6263,0.286454,25,51,58,217.20,0.4386,0.2021,0.028797,4.270
32999,520,468,988,229,14,83,13.56,0.9824,0.5244,0.175996,11,2,10,330.55,0.6042,0.0373,0.001365,4.400
33002,520,417,937,168,89,241,304.70,0.8769,0.5679,0.218210,25,18,63,284.68,0.7160,0.1202,0.009981,4.472
33004,520,336,856,229,111,142,5.22,0.7044,0.6379,0.299822,41,51,14,122.75,0.7239,0.2009,0.028708,4.445
33010,520,446,966,228,39,109,6.00,0.9143,0.5409,0.190520,30,10,15,5.45,0.4738,0.0808,0.005276,4.351
33031,520,431,951,167,91,213,310.79,0.7391,0.5493,0.205024,43,12,10,26.33,0.6560,0.1044,0.007985,4.398
33033,520,417,937,204,11,251,317.14,0.9943,0.5662,0.200434,58,4,10,20.73,0.9105,0.1234,0.010084,4.168
33065,520,431,951,242,3,90,12.60,0.9972,0.5510,0.196839,24,16,44,294.12,0.5604,0.0996,0.007466,4.295
33068,520,438,958,226,40,135,356.13,0.9007,0.5467,0.194383,33,15,1,61.48,0.8576,0.0913,0.006672,4.312
33117,520,455,975,203,38,184,333.70,0.8946,0.5269,0.175453,16,10,5,66.25,0.3320,0.0596,0.003382,4.223
33142,520,272,792,187,150,233,304.03,0.6843,0.6952,0.382610,46,67,51,151.50,0.3377,0.2634,0.048341,4.399
33153,520,455,975,201,67,137,351.89,0.7411,0.5256,0.182399,21,7,15,345.28,0.4372,0.0626,0.003459,4.347
33169,520,421,941,213,82,109,10.81,0.7210,0.5567,0.212871,21,24,37,273.97,0.2880,0.1104,0.009463,4.421
33178,520,434,954,243,19,33,26.98,0.9902,0.5482,0.196337,38,15,2,51.86,0.7977,0.0994,0.007582,4.278
33199,520,356,876,238,74,175,346.89,0.8661,0.6154,0.261726,16,43,75,254.36,0.6708,0.1843,0.023458,4.244
33215,520,422,942,171,91,221,310.27,0.7759,0.5602,0.213613,8,26,36,235.13,0.5457,0.1061,0.009178,4.455
33216,520,470,990,206,24,174,337.50,0.9354,0.5188,0.168331,8,6,9,315.46,0.1675,0.0442,0.002016,4.197
33264,520,379,899,213,74,223,325.03,0.8809,0.6002,0.243732,71,8,37,358.55,0.8010,0.1639,0.016471,4.419
33278,520,466,986,184,16,232,315.82,0.9832,0.5191,0.163884,14,4,21,310.90,0.6203,0.0507,0.002343,4.086
33288,520,443,963,171,76,220,311.98,0.8153,0.5377,0.189949,16,3,59,282.49,0.9482,0.0835,0.004910,4.370
33300,520,438,958,169,73,238,307.29,0.8910,0.5450,0.193738,25,15,35,305.93,0.4636,0.0927,0.006697,4.299
33308,520,309,829,236,93,225,330.83,0.9058,0.6597,0.311002,11,62,25,148.28,0.9576,0.2209,0.035864,4.204
33334,520,379,899,214,83,197,333.12,0.7985,0.5969,0.245158,30,17,100,279.16,0.9105,0.1632,0.015970,4.474
33340,520,441,961,95,109,251,274.03,0.9658,0.5389,0.203344,16,15,47,280.20,0.6535,0.0922,0.006570,4.478
33344,520,433,953,183,58,242,311.95,0.9311,0.5518,0.195052,35,4,45,316.66,0.8107,0.0954,0.006337,4.350
33345,520,267,787,251,110,231,333.35,0.9772,0.7081,0.374333,24,61,106,255.01,0.7039,0.2618,0.045721,4.433
33347,520,437,957,244,13,79,16.43,0.9901,0.5549,0.200889,8,20,40,259.89,0.5878,0.0926,0.007051,4.398
33354,520,405,925,186,84,241,311.45,0.8969,0.5848,0.231316,2,39,3,143.25,0.9905,0.1345,0.014705,4.348
33384,520,412,932,237,10,163,348.18,0.9880,0.5681,0.208690,0,34,9,149.22,1.0000,0.1174,0.011637,4.197
33401,520,459,979,205,47,163,341.28,0.8411,0.5250,0.176585,18,10,4,63.98,0.4359,0.0616,0.003545,4.232
33420,520,365,885,245,44,184,344.26,0.9480,0.6072,0.246776,76,2,46,351.39,0.9121,0.1730,0.017774,4.379
33428,520,434,954,247,6,15,28.50,0.9977,0.5525,0.199425,9,28,1,136.08,0.9802,0.1012,0.008908,4.234
33447,520,26,546,255,241,252,332.85,1.0000,0.9677,0.911993,6,131,41,145.96,0.9964,0.4571,0.164307,4.489
33462,520,200,720,255,168,102,56.69,1.0000,0.7725,0.502271,0,87,76,180.44,1.0000,0.3185,0.073378,4.476
33490,520,470,990,226,20,58,21.11,0.9792,0.5152,0.169775,3,2,34,273.34,0.9506,0.0449,0.001783,4.244
33495,520,452,972,225,27,110,4.23,0.9425,0.5284,0.179200,12,0,57,279.80,1.0000,0.0726,0.003736,4.265
33503,520,446,966,162,77,231,306.00,0.8505,0.5352,0.187592,21,13,18,341.09,0.2314,0.0755,0.004910,4.327
33506,520,367,887,214,72,239,321.24,0.9248,0.6103,0.251646,73,16,31,9.19,0.7338,0.1745,0.018862,4.380
33514,520,320,840,240,110,113,20.78,0.8190,0.6458,0.308722,32,51,63,236.97,0.3377,0.2093,0.030335,4.465
33518,520,405,925,218,49,218,328.13,0.9315,0.5823,0.221661,12,32,48,244.89,0.5554,0.1324,0.013245,4.295
33521,520,247,767,255,143,76,49.39,1.0000,0.7201,0.414297,0,70,109,242.17,1.0000,0.2832,0.054841,4.429
33527,520,463,983,196,43,207,325.04,0.9051,0.5333,0.179701,8,9,1,113.66,0.7443,0.0486,0.002492,4.376
33535,520,470,990,220,47,58,23.65,0.9225,0.5189,0.175568,8,1,23,297.53,0.8681,0.0386,0.001352,4.393
33537,520,301,821,241,83,245,326.85,0.9623,0.6677,0.314823,56,38,109,290.23,0.6942,0.2344,0.033311,4.379
33538,520,448,968,219,68,85,18.46,0.8239,0.5433,0.198527,4,20,24,215.05,0.6013,0.0809,0.005920,4.444
33549,520,478,998,160,77,204,311.95,0.7551,0.5120,0.171416,1,1,3,282.35,0.4200,0.0178,0.000347,4.398
33559,520,348,868,254,5,214,337.63,0.9981,0.6265,0.260378,74,22,47,353.76,0.6487,0.1907,0.022351,4.290
33565,520,477,997,224,3,91,9.80,0.9951,0.5132,0.166706,0,0,21,264.05,1.0000,0.0245,0.000541,4.288
33570,520,408,928,243,51,73,21.18,0.9394,0.5711,0.219067,24,32,25,148.45,0.2196,0.1298,0.012974,4.273
33589,520,303,823,223,122,192,339.88,0.6966,0.6667,0.334147,21,56,83,244.76,0.6396,0.2297,0.036121,4.461
33598,520,295,815,243,96,234,330.18,0.9452,0.6793,0.333634,30,64,35,147.25,0.6995,0.2382,0.040640,4.232
33607,520,429,949,206,30,211,326.92,0.9525,0.5455,0.187554,7,9,67,270.04,0.9520,0.0956,0.006457,4.208
33609,520,335,855,250,11,242,330.12,0.9971,0.6376,0.269772,41,51,26,126.66,0.4725,0.2030,0.029136,4.041
33612,520,356,876,190,103,239,311.62,0.8549,0.6162,0.268806,35,30,95,280.18,0.7571,0.1839,0.021120,4.483
33614,520,452,972,205,28,188,333.02,0.9342,0.5274,0.174424,22,1,45,300.44,0.9460,0.0721,0.003818,4.170
33632,520,179,699,214,180,247,307.45,0.8006,0.7931,0.536545,4,93,60,160.36,0.9868,0.3337,0.081804,4.450
33641,520,373,893,225,15,253,321.94,0.9945,0.6033,0.234432,66,14,32,3.63,0.7180,0.1580,0.015768,4.325
33646,520,445,965,201,17,223,322.67,0.9814,0.5405,0.181478,26,0,53,299.92,1.0000,0.0832,0.004767,4.227
33648,520,346,866,251,45,199,341.28,0.9747,0.6265,0.265128,11,23,123,266.88,0.9695,0.1895,0.021138,4.430
33651,520,395,915,233,51,180,342.93,0.9084,0.5880,0.229893,37,25,54,301.52,0.4862,0.1405,0.013549,4.404
33680,520,476,996,176,77,164,332.39,0.6677,0.5103,0.172194,0,0,13,264.05,1.0000,0.0181,0.000291,4.418
33686,520,443,963,199,79,143,350.15,0.6861,0.5404,0.197190,8,19,24,228.28,0.3703,0.0809,0.005833,4.427
33693,520,431,951,208,17,217,326.01,0.9808,0.5482,0.188225,19,24,14,129.69,0.3065,0.0993,0.008234,4.091
33702,520,477,997,220,47,10,32.55,0.9865,0.5147,0.172733,2,1,9,287.91,0.7237,0.0230,0.000543,4.407
33708,520,460,980,181,32,248,311.09,0.9702,0.5348,0.176351,9,3,42,281.41,0.9090,0.0599,0.002904,4.279
33712,520,171,691,237,187,159,50.66,0.5847,0.8020,0.560499,4,93,91,192.21,0.9705,0.3449,0.086094,4.486
33714,520,471,991,103,93,254,279.27,0.9917,0.5169,0.178674,12,1,23,307.05,0.8511,0.0427,0.001617,4.430
33724,520,468,988,185,77,148,343.02,0.6609,0.5165,0.177616,8,1,23,297.53,0.8681,0.0386,0.001352,4.432
33725,520,400,920,233,80,71,27.20,0.8760,0.5817,0.235188,29,29,47,283.52,0.3239,0.1365,0.013452,4.495
33727,520,429,949,239,33,21,29.47,0.9809,0.5451,0.194959,40,8,28,345.40,0.6591,0.0991,0.007087,4.291
33734,520,447,967,181,77,193,323.42,0.7443,0.5352,0.189829,28,5,38,314.07,0.7537,0.0813,0.004954,4.364
33753,520,456,976,129,92,243,289.47,0.8887,0.5293,0.187923,9,3,44,280.42,0.9207,0.0618,0.003050,4.485
33768,520,449,969,232,40,45,26.36,0.9596,0.5366,0.188659,22,13,3,73.05,0.6037,0.0723,0.004650,4.367
33781,520,404,924,244,51,94,14.73,0.9286,0.5774,0.224122,62,3,7,23.79,0.9516,0.1304,0.011048,4.490
33782,520,350,870,231,62,249,323.68,0.9760,0.6346,0.272760,43,40,61,290.36,0.3013,0.1876,0.023681,4.381
33784,520,459,979,189,10,242,315.06,0.9924,0.5341,0.174480,9,14,10,151.00,0.2158,0.0637,0.003941,4.162
33787,520,443,963,242,8,7,29.07,0.9967,0.5419,0.190697,34,0,36,326.02,1.0000,0.0807,0.004675,4.402
33800,520,418,938,217,85,38,38.59,0.8934,0.5552,0.213911,41,19,29,352.08,0.4150,0.1197,0.010259,4.380
33855,520,400,920,223,78,134,0.10,0.7680,0.5771,0.228604,19,37,0,131.51,1.0000,0.1361,0.014616,4.312
33859,520,412,932,238,19,155,351.05,0.9749,0.5687,0.210125,21,0,91,277.13,1.0000,0.1241,0.009147,4.398
33869,520,440,960,243,1,80,15.66,0.9992,0.5505,0.196590,25,13,41,301.13,0.5911,0.0929,0.006546,4.361
33878,520,283,803,252,126,95,34.97,0.9538,0.6879,0.364464,30,70,13,138.14,0.9544,0.2546,0.046853,4.279
33897,520,395,915,227,7,227,328.35,0.9958,0.5863,0.220313,11,28,71,264.59,0.8058,0.1392,0.013565,4.253
33900,520,393,913,250,56,72,22.56,0.9705,0.5890,0.236238,45,27,31,4.88,0.2898,0.1437,0.014407,4.444
33924,520,284,804,210,129,244,315.19,0.8777,0.6880,0.359349,72,56,4,89.91,0.9231,0.2509,0.042150,4.442
33925,520,442,962,234,19,107,6.41,0.9725,0.5427,0.190228,16,9,40,288.82,0.6891,0.0755,0.004587,4.401
33948,520,398,918,224,91,51,37.04,0.8654,0.5780,0.235710,12,25,83,267.67,0.8893,0.1449,0.013979,4.466
33968,520,390,910,245,71,18,35.25,0.9827,0.5885,0.239660,6,44,7,143.41,0.9734,0.1541,0.018553,4.225
33986,520,330,850,246,44,241,329.37,0.9787,0.6418,0.277479,2,55,72,226.08,0.9480,0.2134,0.032130,3.987
34012,520,472,992,225,31,60,21.36,0.9601,0.5185,0.173166,2,5,7,229.49,0.3462,0.0347,0.001368,4.344
34025,520,325,845,241,111,135,10.68,0.8003,0.6549,0.318217,4,57,58,196.87,0.9199,0.2128,0.032574,4.459
34034,520,392,912,218,83,160,348.34,0.7471,0.5852,0.236322,54,13,66,317.48,0.7609,0.1542,0.014656,4.428
34040,520,461,981,230,8,95,9.49,0.9889,0.5281,0.178259,2,6,25,265.50,0.7792,0.0464,0.002133,4.378
34043,520,408,928,231,64,109,9.55,0.8504,0.5677,0.217627,27,26,58,282.25,0.5308,0.1348,0.012773,4.263
34050,520,432,952,190,58,221,319.14,0.8844,0.5462,0.191950,4,23,47,254.68,0.7658,0.1029,0.008438,4.140
34061,520,223,743,251,157,131,36.24,0.8928,0.7506,0.462644,29,81,63,167.24,0.7148,0.3015,0.065047,4.456
34075,520,469,989,228,17,60,20.54,0.9834,0.5187,0.172241,3,8,10,218.21,0.3488,0.0446,0.002149,4.262
34083,520,337,857,238,71,235,328.74,0.9418,0.6447,0.286843,56,46,6,94.37,0.8420,0.2024,0.028080,4.314
34086,520,411,931,225,33,192,337.04,0.9479,0.5687,0.209035,26,15,67,285.86,0.7837,0.1198,0.009665,4.342
34088,520,259,779,247,117,223,334.95,0.9448,0.7081,0.378270,97,43,60,1.95,0.5224,0.2730,0.045957,4.463
34091,520,356,876,253,31,188,344.54,0.9863,0.6175,0.254969,17,44,70,249.80,0.6226,0.1841,0.023626,4.142
34104,520,432,952,244,28,43,25.93,0.9820,0.5548,0.202415,38,10,24,351.66,0.5863,0.0969,0.006952,4.432
34105,520,412,932,192,57,251,312.73,0.9764,0.5715,0.210989,6,26,59,259.59,0.7978,0.1212,0.010932,4.283
34137,520,340,860,223,106,193,338.19,0.7480,0.6412,0.298483,7,54,58,203.63,0.8415,0.2040,0.029889,4.362
34159,520,449,969,224,33,150,350.04,0.9212,0.5450,0.191396,0,13,36,255.30,0.9999,0.0677,0.004152,4.458
34164,520,478,998,209,30,135,351.76,0.8982,0.5073,0.162354,3,0,2,338.03,1.0000,0.0160,0.000237,4.227
34176,520,409,929,232,51,153,351.70,0.8871,0.5735,0.218262,17,23,65,272.35,0.7286,0.1256,0.011136,4.388
34181,520,395,915,255,19,109,8.89,1.0000,0.5865,0.228336,20,30,56,266.65,0.5076,0.1373,0.013627,4.374
34189,520,455,975,167,94,166,327.59,0.5588,0.5257,0.189749,3,15,16,201.45,0.5661,0.0635,0.003984,4.441
34192,520,345,865,225,88,220,329.17,0.8691,0.6336,0.281564,29,46,55,232.08,0.3117,0.1882,0.024910,4.426
34193,520,452,972,213,29,161,343.56,0.9194,0.5271,0.176004,17,7,39,293.07,0.7239,0.0721,0.004176,4.172
34195,520,428,948,249,4,20,28.04,0.9985,0.5566,0.202808,52,1,0,30.12,1.0000,0.1042,0.007519,4.395
34198,520,478,998,204,41,155,343.63,0.8538,0.5143,0.167918,4,0,12,302.69,1.0000,0.0238,0.000524,4.313
34199,520,13,533,246,252,229,118.86,0.8446,0.9772,0.948707,8,134,77,155.28,0.9900,0.4734,0.176368,4.412
34205,520,469,989,205,66,101,9.36,0.7621,0.5188,0.178173,11,0,23,306.38,1.0000,0.0390,0.001330,4.445
34207,520,453,973,196,69,165,338.75,0.7473,0.5327,0.187103,16,14,16,325.81,0.0773,0.0716,0.004616,4.341
34209,520,397,917,219,88,108,13.85,0.7249,0.5755,0.231246,45,28,18,51.16,0.3926,0.1420,0.014321,4.373
34210,520,356,876,189,110,226,313.96,0.7641,0.6180,0.274626,62,35,17,53.04,0.5693,0.1847,0.022668,4.467
34211,520,412,932,236,2,176,343.98,0.9977,0.5711,0.210138,9,15,77,269.23,0.9383,0.1178,0.009355,4.383
34213,520,63,583,224,238,220,138.72,0.3900,0.9228,0.821634,2,125,1,142.46,0.9994,0.4339,0.146817,4.429
34222,520,338,858,242,46,244,327.73,0.9765,0.6381,0.273656,88,8,30,12.60,0.8826,0.1987,0.023425,4.408
34227,520,443,963,197,32,219,322.38,0.9502,0.5369,0.180194,32,6,32,327.74,0.6896,0.0849,0.005416,4.154
34236,520,423,943,214,8,219,327.09,0.9926,0.5580,0.195864,34,21,30,338.38,0.2880,0.1142,0.009702,4.118
34238,520,335,855,248,37,232,331.97,0.9818,0.6359,0.271088,53,43,35,60.56,0.1957,0.1959,0.026060,4.221
34259,520,441,961,228,19,129,357.66,0.9640,0.5380,0.185475,21,7,52,290.56,0.8175,0.0877,0.005593,4.236
34273,520,437,957,178,69,234,311.53,0.8840,0.5496,0.196627,24,17,9,70.02,0.3312,0.0853,0.006148,4.392
34284,520,448,968,199,40,216,323.57,0.9295,0.5427,0.186192,19,5,52,288.90,0.8658,0.0823,0.004949,4.298
34287,520,411,931,250,31,14,29.85,0.9907,0.5669,0.213394,32,25,13,80.43,0.3724,0.1157,0.010314,4.367
34294,520,464,984,208,63,93,12.76,0.7916,0.5186,0.177574,11,6,16,307.73,0.3951,0.0497,0.002388,4.344
34296,520,405,925,214,58,210,329.14,0.8939,0.5776,0.219774,27,33,23,133.05,0.2485,0.1349,0.013826,4.227
34307,520,373,893,238,57,177,345.29,0.9029,0.6003,0.242806,19,33,81,267.64,0.7475,0.1648,0.018202,4.293
34328,520,429,949,233,47,66,22.04,0.9356,0.5466,0.197531,11,12,68,272.29,0.9192,0.1037,0.007514,4.304
34331,520,371,891,233,86,143,359.62,0.7945,0.6080,0.259651,5,49,15,146.99,0.9752,0.1722,0.022633,4.263
34338,520,432,952,223,71,46,31.95,0.9029,0.5482,0.203944,37,14,18,10.23,0.4719,0.0998,0.007511,4.416
34352,520,421,941,234,51,102,10.74,0.8998,0.5596,0.208224,20,19,58,279.43,0.6830,0.1131,0.009199,4.362
34382,520,436,956,213,40,193,333.74,0.9148,0.5516,0.195161,13,20,35,264.49,0.4082,0.0926,0.007072,4.296
34388,520,464,984,225,18,101,6.99,0.9678,0.5220,0.173826,13,9,6,63.44,0.2060,0.0547,0.002941,4.228
34399,520,315,835,241,85,228,331.32,0.9343,0.6598,0.308018,21,61,7,139.15,0.9738,0.2189,0.035121,4.206
34405,520,416,936,209,57,215,326.37,0.8975,0.5717,0.213897,42,5,61,310.68,0.8534,0.1213,0.009378,4.444
34420,520,450,970,189,22,250,313.17,0.9843,0.5445,0.182960,30,1,34,323.12,0.8808,0.0745,0.004133,4.304
34421,520,341,861,250,94,33,39.00,0.9681,0.6274,0.284426,57,35,64,317.73,0.4368,0.1950,0.024422,4.494
34436,520,476,996,204,60,96,10.20,0.7870,0.5084,0.169157,6,0,6,328.36,1.0000,0.0233,0.000519,4.338
34440,520,420,940,232,11,166,346.17,0.9850,0.5600,0.201512,21,28,4,123.24,0.7800,0.1104,0.009987,4.193
34443,520,371,891,230,32,245,324.77,0.9831,0.6114,0.244509,22,34,81,269.08,0.7065,0.1690,0.019086,4.263
34456,520,223,743,244,146,218,337.49,0.8855,0.7489,0.448549,11,74,115,244.05,0.8541,0.3014,0.062062,4.449
34486,520,431,951,166,86,227,307.43,0.8127,0.5503,0.203092,8,6,72,270.72,0.9721,0.0979,0.006497,4.480
34487,520,341,861,237,107,44,43.32,0.9103,0.6250,0.287046,7,57,9,143.39,0.9820,0.2000,0.029910,4.218
34491,520,370,890,247,64,134,2.65,0.9224,0.6056,0.251655,50,23,77,303.66,0.6951,0.1716,0.018268,4.419
34494,520,474,994,230,11,35,25.96,0.9930,0.5182,0.171868,7,1,14,308.71,0.7738,0.0319,0.000986,4.352
34512,520,446,966,130,91,253,288.67,0.9771,0.5373,0.193196,4,2,68,268.28,0.9923,0.0839,0.004865,4.433
34518,520,441,961,223,50,104,8.24,0.8710,0.5377,0.189713,35,10,29,337.58,0.5807,0.0943,0.006632,4.233
34527,520,209,729,210,172,216,321.73,0.4759,0.7582,0.481652,21,86,17,142.24,0.9744,0.3056,0.068552,4.485
34537,520,455,975,235,24,0,30.34,1.0000,0.5315,0.183186,8,1,50,277.40,0.9833,0.0633,0.003036,4.397
34539,520,433,953,211,56,172,340.09,0.8335,0.5485,0.196579,26,17,32,311.11,0.3660,0.0963,0.007248,4.307
34542,520,449,969,215,48,156,346.44,0.8542,0.5407,0.189636,11,12,24,279.46,0.3564,0.0663,0.004000,4.438
34545,520,424,944,230,32,153,350.34,0.9360,0.5574,0.201587,47,0,46,329.31,1.0000,0.1112,0.008017,4.336
34551,520,430,950,242,31,0,30.79,1.0000,0.5496,0.198606,6,22,42,254.60,0.6563,0.0978,0.007797,4.301
34559,520,444,964,217,13,186,336.66,0.9789,0.5429,0.185870,19,13,34,294.94,0.4996,0.0815,0.005418,4.256
34568,520,416,936,181,76,250,308.44,0.9594,0.5747,0.218956,45,13,46,326.44,0.6596,0.1248,0.010431,4.451
34574,520,380,900,210,104,151,353.87,0.6171,0.6000,0.258385,21,41,41,195.69,0.3748,0.1608,0.019053,4.466
34636,520,434,954,229,65,4,35.98,0.9944,0.5502,0.204503,1,23,45,249.38,0.8978,0.0996,0.008087,4.381
34660,520,441,961,199,65,169,338.00,0.7744,0.5352,0.187890,9,24,6,139.80,0.7904,0.0900,0.007245,4.156
34663,520,455,975,199,50,190,330.75,0.8575,0.5326,0.181428,8,15,0,126.31,1.0000,0.0626,0.003933,4.291
34679,520,282,802,184,153,209,309.49,0.4655,0.6863,0.375766,12,67,73,205.98,0.8202,0.2546,0.045733,4.447
34687,520,278,798,218,137,195,338.05,0.6168,0.6882,0.367384,16,67,68,196.95,0.7627,0.2534,0.045416,4.374
34693,520,387,907,248,46,114,7.97,0.9460,0.5868,0.231288,50,24,37,349.60,0.4274,0.1473,0.014650,4.351
34703,520,443,963,240,6,15,28.46,0.9973,0.5374,0.186934,0,22,4,148.40,1.0000,0.0776,0.005826,4.244
34706,520,315,835,248,92,193,344.27,0.9316,0.6613,0.314639,35,53,66,240.46,0.3184,0.2190,0.032968,4.395
34709,520,340,860,242,93,151,359.23,0.8420,0.6354,0.289432,5,49,83,247.65,0.8601,0.2037,0.028533,4.322
34720,520,469,989,214,18,144,349.32,0.9510,0.5160,0.167448,1,2,34,267.37,0.9725,0.0429,0.001653,4.210
34724,520,455,975,198,72,152,344.93,0.7235,0.5334,0.189093,0,16,3,149.44,1.0000,0.0598,0.003771,4.446
34732,520,459,979,191,63,191,327.88,0.8046,0.5324,0.183944,27,5,7,16.02,0.6320,0.0647,0.003569,4.367
34760,520,477,997,218,45,28,30.16,0.9562,0.5098,0.168687,5,1,1,21.77,0.5474,0.0229,0.000562,4.325
34762,520,382,902,239,45,192,340.56,0.9423,0.6010,0.240361,61,22,40,353.60,0.5636,0.1635,0.017193,4.321
34777,520,415,935,215,75,166,344.36,0.7737,0.5727,0.222345,46,19,17,25.59,0.5065,0.1238,0.010871,4.474
34792,520,328,848,254,61,205,340.60,0.9931,0.6461,0.288193,64,26,93,306.88,0.7309,0.2101,0.026192,4.439
34793,520,479,999,174,85,145,341.32,0.5803,0.5100,0.175412,1,0,6,289.16,1.0000,0.0150,0.000196,4.491
34801,520,348,868,220,81,246,320.93,0.9526,0.6339,0.277561,22,51,16,140.32,0.8790,0.1865,0.025756,4.324
34804,520,444,964,233,40,73,19.09,0.9441,0.5428,0.193253,8,14,39,269.93,0.6524,0.0780,0.005122,4.413
34819,520,474,994,219,21,129,355.85,0.9475,0.5206,0.171839,7,0,21,299.43,1.0000,0.0334,0.000993,4.350
34824,520,424,944,227,18,174,342.66,0.9721,0.5563,0.198222,1,27,40,233.07,0.9096,0.1074,0.009435,4.176
34843,520,417,937,225,42,190,337.72,0.9250,0.5726,0.213837,47,19,4,48.03,0.7606,0.1229,0.010789,4.340
34851,520,377,897,230,51,206,334.46,0.9296,0.5969,0.236494,2,25,98,263.81,0.9770,0.1577,0.015899,4.347
34854,520,432,952,203,33,223,323.03,0.9557,0.5505,0.191137,38,14,3,47.07,0.7478,0.0978,0.007328,4.206
34864,520,317,837,196,125,244,310.11,0.8557,0.6637,0.329355,47,55,38,128.50,0.2846,0.2240,0.034766,4.475
34865,520,476,996,178,9,239,312.61,0.9920,0.5137,0.158934,3,1,8,299.53,0.6793,0.0239,0.000586,4.130
34880,520,467,987,217,7,137,352.22,0.9822,0.5159,0.167123,2,8,11,221.61,0.4961,0.0440,0.002107,4.167
34904,520,391,911,252,26,143,357.84,0.9761,0.5938,0.234210,66,12,5,31.48,0.9026,0.1492,0.014324,4.418
34907,520,341,861,250,78,150,358.97,0.9367,0.6308,0.279780,45,51,8,117.18,0.8261,0.2042,0.029431,4.152
34916,520,369,889,246,10,203,338.74,0.9943,0.6062,0.241248,53,22,68,313.14,0.6572,0.1670,0.017481,4.316
34927,520,100,620,235,219,197,75.96,0.3961,0.8819,0.723570,29,114,40,145.01,0.9655,0.4048,0.124485,4.433
34930,520,364,884,163,124,218,301.83,0.6433,0.6076,0.272640,16,48,20,146.07,0.8690,0.1740,0.022745,4.435
34933,520,417,937,167,87,254,301.97,0.9879,0.5740,0.221881,22,26,43,273.25,0.3508,0.1199,0.010838,4.469
34944,520,463,983,196,43,209,324.50,0.9084,0.5347,0.180686,5,11,1,130.32,0.8609,0.0505,0.002738,4.374
34949,520,450,970,228,57,8,34.12,0.9898,0.5400,0.194407,24,11,3,57.59,0.6049,0.0708,0.004401,4.493
34958,520,456,976,236,4,17,28.18,0.9980,0.5284,0.179634,24,5,9,6.90,0.5688,0.0607,0.003225,4.314
34960,520,362,882,237,76,156,353.81,0.8430,0.6078,0.255765,18,41,75,258.15,0.6494,0.1798,0.022224,4.234
34967,520,234,754,191,165,244,298.85,0.7602,0.7365,0.445184,7,82,19,144.62,0.9905,0.2886,0.061265,4.450
34969,520,394,914,212,45,244,320.25,0.9608,0.5880,0.224073,8,13,100,267.54,0.9770,0.1436,0.012595,4.379
34982,520,378,898,241,6,205,337.09,0.9961,0.5974,0.232418,50,22,69,309.14,0.6622,0.1634,0.016817,4.227
34994,520,382,902,244,81,56,31.50,0.9383,0.6013,0.254067,10,34,81,261.96,0.8407,0.1628,0.018026,4.470
35027,520,407,927,226,45,182,340.44,0.9112,0.5720,0.214254,16,26,58,268.07,0.6258,0.1259,0.011544,4.294
35034,520,468,988,187,23,221,319.18,0.9664,0.5175,0.163994,1,3,25,267.09,0.9196,0.0379,0.001418,4.162
35040,520,446,966,202,38,209,326.28,0.9277,0.5416,0.185480,11,7,57,276.14,0.9127,0.0839,0.005185,4.267
35049,520,434,954,237,38,81,16.76,0.9488,0.5513,0.199880,3,25,34,227.22,0.7597,0.0993,0.008301,4.286
35070,520,310,830,251,112,15,46.67,0.9868,0.6553,0.321353,54,54,2,109.70,0.9554,0.2224,0.034270,4.407
35075,520,384,904,245,37,154,353.38,0.9495,0.5895,0.230720,33,36,3,114.50,0.8713,0.1458,0.015917,4.259
35088,520,463,983,183,50,226,316.04,0.9092,0.5318,0.178406,8,6,16,293.66,0.3894,0.0470,0.002193,4.376
35102,520,352,872,235,59,216,333.00,0.9336,0.6177,0.257505,73,27,13,37.40,0.7422,0.1871,0.022296,4.253
35111,520,438,958,207,12,218,325.52,0.9872,0.5458,0.185922,3,6,69,266.91,0.9793,0.0909,0.005792,4.229
35115,520,427,947,247,23,47,24.94,0.9868,0.5595,0.205958,8,28,6,141.54,0.8963,0.1016,0.008953,4.342
35154,520,313,833,253,97,140,6.53,0.9617,0.6559,0.313287,3,57,66,212.36,0.9327,0.2166,0.033388,4.357
35174,520,372,892,238,80,142,0.06,0.8371,0.6089,0.258703,2,44,51,211.61,0.9280,0.1665,0.020532,4.377
35176,520,317,837,236,81,244,325.82,0.9561,0.6572,0.302517,93,24,22,26.16,0.8097,0.2242,0.030387,4.385
35186,520,469,989,231,11,65,19.13,0.9899,0.5242,0.176130,8,4,19,296.06,0.5853,0.0437,0.001855,4.361
35196,520,405,925,240,58,107,10.66,0.8958,0.5786,0.226161,55,13,17,18.49,0.7067,0.1302,0.011407,4.497
35205,520,445,965,233,49,1,33.03,0.9989,0.5428,0.195255,11,17,22,243.84,0.2282,0.0769,0.005300,4.435
35212,520,467,987,172,20,253,307.72,0.9908,0.5205,0.163636,7,7,2,108.61,0.4754,0.0432,0.002015,4.107
35217,520,342,862,241,68,200,339.20,0.9133,0.6269,0.270080,22,33,101,269.91,0.8561,0.1864,0.021978,4.447
35226,520,449,969,212,1,204,330.43,0.9986,0.5426,0.183805,10,11,30,278.69,0.5240,0.0669,0.003976,4.332
35233,520,472,992,205,43,167,339.79,0.8595,0.5241,0.174989,12,0,6,344.97,1.0000,0.0310,0.000913,4.419
35245,520,407,927,243,6,150,353.44,0.9935,0.5734,0.213902,19,35,20,145.80,0.5008,0.1334,0.013910,4.129
35258,520,319,839,254,102,29,41.53,0.9926,0.6457,0.306657,48,43,88,286.15,0.5199,0.2186,0.030607,4.425
35260,520,254,774,223,134,253,317.12,0.9783,0.7182,0.398314,8,71,83,214.64,0.8862,0.2716,0.051824,4.403
35271,520,294,814,224,130,194,340.13,0.6807,0.6830,0.357094,13,68,25,146.84,0.9628,0.2423,0.042898,4.382
35272,520,462,982,189,53,203,323.85,0.8596,0.5270,0.176782,7,11,0,122.04,1.0000,0.0520,0.002845,4.291
35282,520,341,861,233,81,201,337.20,0.8657,0.6275,0.274280,20,21,129,269.61,0.9690,0.1987,0.022699,4.461
35289,520,404,924,237,1,196,338.57,0.9992,0.5838,0.220146,33,20,64,292.88,0.6686,0.1334,0.011938,4.362
35291,520,359,879,229,71,219,330.65,0.9073,0.6203,0.262813,38,44,32,129.41,0.2332,0.1806,0.023177,4.275
35302,520,431,951,189,94,139,352.02,0.5696,0.5459,0.206897,17,26,4,127.57,0.7809,0.1011,0.008667,4.379
35312,520,376,896,241,35,193,340.56,0.9627,0.5996,0.237561,68,13,33,3.04,0.7397,0.1613,0.016268,4.339
35323,520,408,928,230,24,187,339.59,0.9682,0.5711,0.210668,19,24,70,273.26,0.7444,0.1338,0.012339,4.181
35347,520,381,901,204,74,239,318.24,0.9146,0.5972,0.239684,58,2,79,313.58,0.9494,0.1612,0.015076,4.451
35363,520,433,953,227,2,163,345.87,0.9966,0.5469,0.190214,14,26,11,139.50,0.5509,0.1003,0.008563,4.102
35365,520,418,938,232,42,138,356.43,0.9091,0.5608,0.206496,28,0,79,287.18,1.0000,0.1152,0.008114,4.414
35371,520,373,893,234,68,173,346.24,0.8609,0.6013,0.246465,37,39,24,114.40,0.3115,0.1627,0.019103,4.290
35378,520,288,808,240,90,248,325.71,0.9708,0.6758,0.326173,3,54,113,256.27,0.9580,0.2421,0.038497,4.251
35379,520,478,998,193,2,211,323.57,0.9968,0.5139,0.160856,0,1,16,263.65,1.0015,0.0242,0.000591,4.168
35401,520,281,801,215,142,174,351.89,0.5115,0.6855,0.368505,38,66,16,134.06,0.8888,0.2466,0.043458,4.478
35410,520,479,999,218,49,34,29.78,0.9421,0.5137,0.172202,1,0,5,292.48,1.0000,0.0142,0.000174,4.429
35412,520,454,974,184,1,245,313.11,0.9992,0.5268,0.168058,4,0,63,269.04,1.0000,0.0740,0.003847,4.050
35430,520,397,917,241,60,113,8.88,0.8935,0.5840,0.231279,3,20,90,264.81,0.9579,0.1391,0.012578,4.495
35441,520,477,997,151,89,187,311.65,0.6364,0.5074,0.173124,8,0,2,359.68,1.0000,0.0239,0.000560,4.413
35449,520,388,908,239,60,149,355.29,0.8812,0.5924,0.237554,16,42,9,139.56,0.9167,0.1520,0.017858,4.238
35455,520,456,976,216,67,8,37.18,0.9845,0.5273,0.186333,1,14,11,179.59,0.8518,0.0576,0.003447,4.422
35457,520,394,914,227,62,178,342.50,0.8626,0.5855,0.229930,43,22,48,319.71,0.4973,0.1384,0.013009,4.443
35460,520,472,992,197,42,190,330.19,0.8814,0.5228,0.172457,13,0,11,332.77,1.0000,0.0345,0.001097,4.354
35465,520,459,979,234,18,24,28.00,0.9897,0.5280,0.179942,1,5,40,265.55,0.9520,0.0553,0.002682,4.365
35466,520,305,825,223,110,237,323.11,0.8908,0.6706,0.329560,52,57,26,116.72,0.5255,0.2322,0.037309,4.347
35471,520,429,949,227,28,156,348.54,0.9428,0.5511,0.195644,11,26,19,162.81,0.4527,0.1004,0.008569,4.194
35483,520,289,809,242,93,248,326.19,0.9712,0.6823,0.334857,71,52,22,76.82,0.5891,0.2410,0.038536,4.347
35484,520,418,938,246,22,67,20.30,0.9843,0.5597,0.205754,15,31,13,141.64,0.6357,0.1166,0.011106,4.185
35485,520,392,912,223,23,239,324.50,0.9864,0.5918,0.225350,50,18,53,324.13,0.6263,0.1452,0.013678,4.324
35523,520,471,991,197,57,172,336.09,0.8025,0.5248,0.177769,5,6,8,261.58,0.1266,0.0409,0.001800,4.397
35536,520,432,952,233,34,128,359.68,0.9335,0.5542,0.200292,25,19,31,307.05,0.2886,0.0991,0.007714,4.337
35544,520,425,945,235,64,46,30.03,0.9298,0.5635,0.215293,13,29,25,176.18,0.4079,0.1127,0.010345,4.396
35553,520,460,980,207,24,191,332.69,0.9503,0.5311,0.176823,10,1,43,283.82,0.9660,0.0576,0.002606,4.312
35558,520,449,969,232,47,18,31.50,0.9802,0.5397,0.192356,20,12,15,354.52,0.2178,0.0712,0.004462,4.450
35591,520,417,937,246,34,79,17.84,0.9670,0.5671,0.213049,40,23,6,64.10,0.6481,0.1205,0.010771,4.329
35594,520,304,824,252,73,231,333.23,0.9858,0.6671,0.312330,67,45,54,352.97,0.2641,0.2268,0.033365,4.346
35602,520,410,930,248,22,108,8.35,0.9788,0.5728,0.216165,40,13,64,304.31,0.7603,0.1310,0.011092,4.357
35617,520,467,987,176,85,150,339.42,0.5954,0.5155,0.179303,11,3,6,351.76,0.4372,0.0384,0.001494,4.453
35628,520,424,944,203,6,247,317.78,0.9965,0.5603,0.195438,17,11,72,276.77,0.9092,0.1109,0.008264,4.213
35634,520,391,911,215,56,223,325.94,0.9208,0.5861,0.226051,25,40,0,127.99,1.0000,0.1503,0.017242,4.105
35644,520,452,972,188,54,208,322.11,0.8660,0.5298,0.178851,12,10,34,283.41,0.6040,0.0693,0.004107,4.230
35645,520,146,666,247,191,203,4.28,0.7155,0.8348,0.613491,17,103,21,143.29,0.9856,0.3629,0.098734,4.461
35649,520,464,984,214,49,121,359.70,0.8401,0.5248,0.178756,2,11,16,226.96,0.6043,0.0529,0.002896,4.325
35652,520,367,887,231,25,247,324.62,0.9890,0.6118,0.244020,24,34,80,270.56,0.6783,0.1695,0.019174,4.250
35655,520,424,944,218,59,166,344.19,0.8341,0.5607,0.207888,19,23,44,274.14,0.4412,0.1104,0.009331,4.347
35665,520,331,851,234,59,251,324.03,0.9845,0.6384,0.275877,82,10,64,340.77,0.8024,0.2020,0.023814,4.415
35690,520,161,681,212,189,246,303.09,0.7475,0.8099,0.570463,0,101,13,143.64,1.0000,0.3526,0.093360,4.328
35696,520,441,961,206,58,165,341.25,0.8078,0.5378,0.188665,36,8,31,335.18,0.6467,0.0939,0.006477,4.226
35700,520,384,904,242,24,171,347.03,0.9731,0.5855,0.224739,15,22,90,270.00,0.9151,0.1484,0.014135,4.284
35710,520,452,972,172,81,194,319.43,0.7189,0.5281,0.185515,8,14,26,263.05,0.4077,0.0695,0.004403,4.329
35720,520,478,998,203,53,138,350.56,0.7996,0.5145,0.170797,4,0,1,359.68,1.0000,0.0171,0.000280,4.391
35721,520,389,909,215,106,67,39.87,0.7516,0.5893,0.251625,10,43,5,140.89,0.9693,0.1520,0.018032,4.434
35734,520,425,945,233,56,95,13.84,0.8896,0.5601,0.209812,15,7,76,275.06,0.9563,0.1087,0.007753,4.499
35740,520,375,895,243,59,153,354.61,0.9011,0.6006,0.244856,44,32,38,347.16,0.1981,0.1570,0.017085,4.395
35745,520,426,946,223,19,201,333.98,0.9776,0.5648,0.203732,43,3,46,325.08,0.8328,0.1081,0.007760,4.393
35766,520,473,993,230,20,11,29.36,0.9898,0.5195,0.173505,1,3,19,266.63,0.8591,0.0338,0.001186,4.367
35769,520,200,720,247,174,4,78.23,0.9964,0.7671,0.500573,27,89,37,146.20,0.9358,0.3205,0.075111,4.401
35776,520,464,984,122,89,245,287.16,0.9131,0.5188,0.178746,23,0,18,336.67,1.0000,0.0518,0.002259,4.377
35785,520,466,986,205,64,124,358.35,0.7612,0.5241,0.181032,11,7,12,319.90,0.2316,0.0503,0.002497,4.401
35793,520,464,984,212,66,52,29.27,0.8723,0.5217,0.181438,1,10,15,224.88,0.7456,0.0493,0.002580,4.402
35798,520,429,949,237,2,119,2.35,0.9973,0.5486,0.193830,19,23,30,261.59,0.1890,0.1024,0.008450,4.172
35805,520,392,912,246,13,174,346.83,0.9893,0.5915,0.229399,65,11,10,26.37,0.8602,0.1467,0.013853,4.376
35807,520,410,930,213,81,147,352.43,0.7261,0.5686,0.221397,15,35,11,140.37,0.8049,0.1288,0.013277,4.289
35810,520,450,970,235,28,72,18.44,0.9685,0.5400,0.189637,21,14,1,86.82,0.8405,0.0728,0.004757,4.376
35813,520,423,943,174,87,225,310.82,0.8065,0.5610,0.212521,17,26,27,204.69,0.2039,0.1076,0.009371,4.422
35814,520,374,894,245,49,164,350.69,0.9283,0.6011,0.242926,26,36,59,265.51,0.4182,0.1598,0.017971,4.310
35821,520,479,999,171,84,152,336.22,0.5919,0.5071,0.172666,1,0,1,328.36,1.0000,0.0103,0.000086,4.446
35826,520,387,907,242,65,121,6.76,0.8900,0.5930,0.240415,43,30,38,341.54,0.2314,0.1508,0.015821,4.412
35832,520,471,991,176,81,176,327.47,0.6754,0.5230,0.182507,1,10,0,139.50,1.0000,0.0441,0.002235,4.451
35842,520,281,801,236,142,17,64.14,0.9731,0.6858,0.372218,31,69,3,135.91,0.9883,0.2509,0.045540,4.419
35858,520,314,834,254,80,188,346.58,0.9894,0.6554,0.304422,11,58,71,220.84,0.7883,0.2248,0.035520,4.144
35859,520,457,977,202,33,201,328.50,0.9310,0.5331,0.178631,14,5,35,292.65,0.7525,0.0622,0.003233,4.295
35861,520,396,916,213,34,234,323.02,0.9684,0.5759,0.212326,56,8,41,343.35,0.7526,0.1353,0.011746,4.248
35863,520,436,956,199,39,230,320.11,0.9490,0.5525,0.193079,20,22,3,114.34,0.7404,0.0922,0.007291,4.243
35867,520,454,974,207,26,186,334.14,0.9404,0.5288,0.175514,18,11,30,299.19,0.4911,0.0741,0.004617,4.129
35878,520,374,894,151,113,252,292.65,0.9419,0.5965,0.254178,56,30,8,57.73,0.7038,0.1621,0.017869,4.482
35880,520,357,877,250,14,215,336.54,0.9940,0.6213,0.255476,74,9,61,337.91,0.7977,0.1834,0.019884,4.371
35908,520,410,930,238,19,158,350.09,0.9753,0.5700,0.211146,34,26,31,340.50,0.1646,0.1264,0.011778,4.227
35929,520,471,991,197,71,122,358.59,0.7070,0.5176,0.177838,0,8,13,224.31,1.0000,0.0428,0.002027,4.379
35960,520,413,933,215,52,204,331.13,0.9008,0.5705,0.212648,29,4,80,286.84,0.9529,0.1226,0.009272,4.431
35966,520,468,988,192,66,158,340.12,0.7419,0.5186,0.175731,12,0,24,307.06,1.0000,0.0408,0.001441,4.388
35970,520,387,907,250,15,149,355.27,0.9871,0.5887,0.228391,48,23,49,325.74,0.5043,0.1484,0.014630,4.307
35974,520,459,979,231,7,75,16.06,0.9925,0.5252,0.176519,1,3,48,266.02,0.9811,0.0593,0.002850,4.286
35984,520,428,948,227,53,129,359.62,0.8625,0.5561,0.204648,6,26,31,216.27,0.5984,0.1024,0.008764,4.333
35996,520,456,976,175,38,249,308.91,0.9707,0.5302,0.173406,6,1,47,275.54,0.9840,0.0584,0.002656,4.243
35997,520,439,959,195,64,207,324.30,0.8419,0.5504,0.197754,12,24,17,157.92,0.3838,0.0946,0.007719,4.292
36000,520,442,962,236,37,3,31.28,0.9972,0.5404,0.191658,1,3,68,265.24,0.9915,0.0835,0.004889,4.403
36001,520,395,915,232,5,223,330.50,0.9971,0.5921,0.225946,9,22,86,267.17,0.9272,0.1408,0.013037,4.378
36005,520,198,718,246,175,23,78.48,0.9754,0.7684,0.503169,19,89,60,160.78,0.9111,0.3233,0.076091,4.387
36009,520,436,956,228,15,150,350.43,0.9737,0.5456,0.190404,25,11,36,307.99,0.5806,0.0859,0.005734,4.313
36023,520,372,892,222,61,230,325.96,0.9302,0.6065,0.245823,2,2,127,264.71,0.9986,0.1692,0.015885,4.490
36036,520,451,971,152,79,245,299.33,0.9175,0.5367,0.188602,23,8,22,329.53,0.4903,0.0701,0.004138,4.407
36060,520,441,961,229,51,73,20.23,0.9137,0.5431,0.195096,15,18,32,274.03,0.3561,0.0875,0.006384,4.347
36071,520,458,978,197,39,200,327.32,0.9069,0.5274,0.174932,24,0,28,322.63,1.0000,0.0592,0.002781,4.262
36077,520,470,990,210,46,139,351.39,0.8407,0.5219,0.175219,2,6,14,254.09,0.5268,0.0402,0.001749,4.352
36079,520,467,987,211,67,20,36.42,0.9553,0.5181,0.179161,4,7,9,231.51,0.2140,0.0428,0.001975,4.409
36116,520,354,874,254,57,148,358.31,0.9890,0.6176,0.261387,15,38,91,263.63,0.8243,0.1842,0.022430,4.299
36118,520,429,949,225,67,30,34.03,0.9469,0.5459,0.201183,29,18,27,332.99,0.2861,0.0997,0.007730,4.351
36133,520,410,930,249,12,101,10.33,0.9906,0.5702,0.213458,18,14,84,274.42,0.9273,0.1300,0.010827,4.331
36144,520,403,923,253,36,21,29.69,0.9928,0.5761,0.222023,26,33,14,125.55,0.4949,0.1317,0.013390,4.291
36149,520,461,981,221,34,132,355.80,0.9088,0.5320,0.181847,13,7,14,321.81,0.3050,0.0530,0.002692,4.400
36152,520,397,917,252,16,124,3.60,0.9869,0.5840,0.225249,6,26,81,264.22,0.9082,0.1422,0.013715,4.320
36157,520,367,887,215,64,242,321.05,0.9416,0.6061,0.245265,42,36,48,307.51,0.2046,0.1692,0.019674,4.238
36165,520,430,950,233,54,8,33.36,0.9912,0.5473,0.199826,36,16,25,352.34,0.4142,0.1045,0.008159,4.296
36174,520,312,832,239,104,179,348.40,0.8234,0.6567,0.315086,18,48,105,261.65,0.8143,0.2237,0.032622,4.419
36179,520,392,912,242,58,121,5.86,0.8978,0.5865,0.232870,1,44,2,143.02,0.9964,0.1513,0.018121,4.152
36199,520,410,930,216,23,226,325.82,0.9796,0.5704,0.207048,22,35,14,134.57,0.5907,0.1343,0.014043,4.014
36202,520,430,950,217,67,113,6.19,0.7898,0.5459,0.199607,43,5,23,355.36,0.7466,0.0979,0.006841,4.391
36203,520,38,558,253,251,1,109.17,1.0000,0.9512,0.898800,34,129,20,141.45,0.9852,0.4537,0.160905,4.499
36207,520,458,978,236,11,20,28.14,0.9946,0.5301,0.181260,23,3,18,337.70,0.6859,0.0584,0.002910,4.371
36220,520,0,520,255,255,255,0.00,0.0000,1.0000,1.000000,30,137,66,149.57,0.9625,0.4842,0.185599,4.457
36234,520,474,994,227,34,12,30.48,0.9874,0.5199,0.175044,0,5,2,160.03,1.0000,0.0303,0.001129,4.401
36253,520,378,898,168,111,236,302.69,0.7960,0.6002,0.257502,18,43,23,148.69,0.6796,0.1592,0.019182,4.445
36258,520,333,853,246,36,240,329.63,0.9841,0.6371,0.271487,81,2,71,334.77,0.9237,0.1982,0.022479,4.436
36266,520,397,917,228,1,218,330.78,0.9993,0.5809,0.215801,22,28,69,273.20,0.6579,0.1441,0.014307,4.133
36289,520,454,974,230,36,65,20.79,0.9531,0.5326,0.184694,7,13,25,262.50,0.4263,0.0660,0.004032,4.344
36310,520,476,996,179,5,231,314.74,0.9945,0.5074,0.154629,6,0,4,338.03,1.0000,0.0222,0.000475,4.054
36316,520,339,859,210,100,246,316.98,0.9305,0.6435,0.294712,31,53,32,145.36,0.5124,0.2024,0.029417,4.341
36327,520,331,851,183,115,255,303.96,1.0000,0.6379,0.295493,39,50,23,127.21,0.5297,0.1975,0.027744,4.444
36347,520,332,852,255,45,207,339.96,1.0000,0.6380,0.276451,59,42,26,63.96,0.3943,0.1990,0.026604,4.262
36350,520,419,939,244,43,33,29.00,0.9689,0.5624,0.210741,31,19,41,308.16,0.4556,0.1119,0.009172,4.407
36360,520,478,998,192,84,13,46.26,0.9418,0.5074,0.175779,3,0,2,338.03,1.0000,0.0160,0.000237,4.494
36361,520,478,998,174,90,119,359.34,0.5159,0.5078,0.176441,0,0,19,264.05,1.0000,0.0228,0.000470,4.487
36369,520,418,938,246,24,6,29.87,0.9957,0.5551,0.202628,12,1,91,270.99,0.9972,0.1189,0.008551,4.315
36387,520,475,995,109,94,246,281.68,0.9251,0.5164,0.179100,10,2,6,344.91,0.5358,0.0346,0.001211,4.474
36415,520,383,903,235,50,203,336.53,0.9360,0.6033,0.242579,26,38,36,183.59,0.2154,0.1533,0.017332,4.345
36416,520,393,913,213,55,235,322.41,0.9372,0.5903,0.228785,54,13,50,331.89,0.6990,0.1428,0.013025,4.423
36421,520,435,955,220,69,101,12.22,0.8028,0.5503,0.204140,36,10,27,342.91,0.5783,0.0950,0.006713,4.481
36427,520,446,966,175,63,241,309.37,0.9200,0.5443,0.190207,22,14,26,314.08,0.3379,0.0823,0.005592,4.321
36433,520,396,916,252,23,87,15.37,0.9831,0.5763,0.220001,47,24,22,25.54,0.3998,0.1370,0.013156,4.275
36467,520,441,961,189,35,242,314.62,0.9632,0.5437,0.184329,3,17,50,262.14,0.8765,0.0902,0.006505,4.147
36470,520,408,928,213,28,224,325.50,0.9705,0.5658,0.203604,23,12,86,278.14,0.9248,0.1336,0.011169,4.146
36475,520,290,810,229,135,128,24.89,0.6591,0.6766,0.355466,13,67,38,154.92,0.9266,0.2416,0.042396,4.388
36479,520,469,989,166,77,197,316.39,0.7384,0.5156,0.174468,7,3,19,295.08,0.6586,0.0402,0.001573,4.352
36489,520,125,645,243,202,179,50.94,0.6178,0.8469,0.645517,48,105,36,140.33,0.9136,0.3824,0.108586,4.386
36495,520,389,909,233,60,171,346.23,0.8772,0.5910,0.234984,11,20,93,268.32,0.9441,0.1464,0.013617,4.480
36500,520,429,949,198,58,212,323.97,0.8742,0.5526,0.197869,12,3,78,272.99,0.9858,0.1037,0.006933,4.354
36505,520,447,967,176,40,253,308.31,0.9893,0.5365,0.178404,5,19,18,189.71,0.5077,0.0763,0.005417,4.122
36516,520,402,922,217,65,188,336.64,0.8427,0.5763,0.221653,55,12,22,10.28,0.6979,0.1302,0.011332,4.429
36517,520,286,806,222,122,234,323.18,0.8552,0.6863,0.353908,39,62,45,151.91,0.4033,0.2406,0.040660,4.455
36550,520,480,1000,162,78,189,317.20,0.7069,0.5059,0.168051,0,0,0,0.00,0.0000,0.0000,0.000000,4.361
36553,520,163,683,207,204,144,105.56,0.4993,0.8060,0.584651,4,99,46,151.01,0.9935,0.3506,0.091463,4.486
36561,520,240,760,239,147,175,0.53,0.7047,0.7274,0.423154,50,74,30,132.67,0.6942,0.2834,0.056693,4.435
36565,520,170,690,253,183,42,78.88,0.9710,0.7954,0.549191,27,93,69,164.96,0.8297,0.3417,0.084910,4.441
36571,520,415,935,229,35,170,344.67,0.9338,0.5652,0.207651,23,21,53,282.96,0.5750,0.1158,0.009755,4.312
36579,520,479,999,179,59,186,325.56,0.7941,0.5052,0.162580,0,0,7,264.05,1.0000,0.0135,0.000153,4.239
36580,520,445,965,221,39,150,349.59,0.8956,0.5427,0.190277,12,8,54,277.66,0.8754,0.0831,0.005181,4.354
36602,520,399,919,206,36,247,318.18,0.9715,0.5753,0.211006,49,25,18,37.06,0.4584,0.1414,0.013920,4.083
36609,520,279,799,244,127,135,16.98,0.8071,0.6861,0.361638,46,66,5,127.11,0.9514,0.2518,0.044882,4.338
36635,520,442,962,192,78,161,339.56,0.6932,0.5358,0.192300,30,10,9,24.33,0.5071,0.0791,0.005129,4.395
36644,520,440,960,211,34,207,329.29,0.9438,0.5535,0.194999,1,15,53,261.92,0.9594,0.0873,0.006051,4.371
36694,520,397,917,219,55,199,333.66,0.8924,0.5768,0.219182,32,3,95,284.14,0.9779,0.1434,0.011984,4.343
36695,520,323,843,242,78,214,335.51,0.9266,0.6460,0.291838,6,54,66,219.40,0.8577,0.2079,0.030702,4.236
36701,520,454,974,202,79,106,9.77,0.6920,0.5322,0.191911,14,9,40,285.33,0.6998,0.0737,0.004419,4.445
36705,520,411,931,248,47,17,31.25,0.9870,0.5725,0.220335,10,32,32,195.36,0.5382,0.1229,0.012018,4.359
36711,520,455,975,225,33,106,6.10,0.9270,0.5303,0.181387,16,9,24,304.51,0.4459,0.0648,0.003715,4.308
36719,520,468,988,223,21,117,1.01,0.9544,0.5241,0.175114,8,2,17,304.19,0.7052,0.0375,0.001355,4.383
36720,520,475,995,222,4,121,358.87,0.9912,0.5189,0.169996,7,2,10,315.61,0.5725,0.0330,0.001105,4.305
36729,520,361,881,253,69,122,8.56,0.9766,0.6179,0.265475,30,48,16,133.32,0.7264,0.1821,0.024273,4.248
36742,520,467,987,215,53,100,8.99,0.8411,0.5235,0.179158,6,4,6,326.14,0.1846,0.0359,0.001387,4.459
36743,520,443,963,180,92,161,335.96,0.5895,0.5386,0.199320,3,20,13,165.98,0.7580,0.0761,0.005487,4.493
36751,520,281,801,250,122,132,16.92,0.8954,0.6861,0.359119,79,52,17,69.91,0.7003,0.2520,0.041589,4.467
36755,520,463,983,226,7,118,0.79,0.9869,0.5267,0.176315,6,2,33,281.59,0.9068,0.0469,0.001919,4.359
36760,520,455,975,216,37,135,353.75,0.8872,0.5252,0.176738,11,9,23,288.97,0.4261,0.0596,0.003284,4.255
36773,520,451,971,232,19,117,2.61,0.9691,0.5418,0.189089,29,4,12,1.85,0.6799,0.0674,0.003746,4.448
36783,520,367,887,227,46,239,325.26,0.9648,0.6096,0.245191,50,37,24,66.07,0.3410,0.1731,0.020673,4.177
36789,520,398,918,239,28,168,347.38,0.9626,0.5799,0.220114,52,10,51,328.90,0.7392,0.1362,0.011863,4.366
36825,520,329,849,241,95,192,343.05,0.8753,0.6533,0.306936,6,49,95,254.31,0.8826,0.2136,0.030614,4.428
36827,520,441,961,235,39,41,27.11,0.9650,0.5418,0.192765,7,2,68,271.10,0.9897,0.0860,0.005059,4.409
36837,520,356,876,236,64,213,334.11,0.9234,0.6219,0.263064,43,23,96,288.78,0.7992,0.1807,0.019709,4.491
36853,520,2,522,255,255,255,0.00,0.0000,1.0000,1.000000,36,138,31,142.36,0.9756,0.4844,0.186502,4.440
36882,520,452,972,196,84,115,5.30,0.6404,0.5322,0.193160,24,11,9,29.39,0.3606,0.0724,0.004533,4.459
36885,520,425,945,229,67,93,16.06,0.8505,0.5630,0.214654,21,27,16,131.37,0.3192,0.1100,0.009807,4.425
36889,520,407,927,243,49,56,25.36,0.9522,0.5670,0.215402,12,16,84,270.18,0.9397,0.1293,0.010888,4.359
36896,520,198,718,243,169,162,25.23,0.7237,0.7719,0.500412,17,87,81,186.29,0.8596,0.3238,0.075293,4.393
36900,520,392,912,253,49,86,17.87,0.9861,0.5921,0.237548,56,22,38,352.48,0.5221,0.1539,0.015546,4.387
36901,520,386,906,188,89,229,314.68,0.8320,0.5859,0.234943,38,34,28,78.05,0.1396,0.1509,0.016400,4.291
36902,520,424,944,240,8,134,358.04,0.9902,0.5613,0.204234,35,2,65,301.29,0.9453,0.1108,0.007824,4.397
36915,520,410,930,228,54,148,352.80,0.8651,0.5663,0.212731,49,21,3,51.83,0.8040,0.1302,0.011960,4.240
36917,520,473,993,223,39,46,25.77,0.9525,0.5173,0.173391,5,3,3,18.32,0.1648,0.0306,0.001040,4.377
36919,520,403,923,252,13,114,6.70,0.9900,0.5802,0.222019,33,21,61,293.84,0.6278,0.1328,0.011966,4.390
36931,520,394,914,194,68,252,312.56,0.9794,0.5857,0.226330,20,5,101,273.89,0.9849,0.1428,0.011968,4.459
36959,520,410,930,207,15,244,319.41,0.9909,0.5664,0.201404,47,16,47,327.50,0.6181,0.1333,0.011802,4.068
36978,520,329,849,240,58,255,324.62,1.0000,0.6501,0.287739,66,42,14,67.29,0.6695,0.2072,0.028460,4.305
36989,520,452,972,136,95,234,292.94,0.8215,0.5344,0.193591,5,18,20,207.57,0.4788,0.0744,0.005154,4.417
37001,520,369,889,251,40,180,346.64,0.9707,0.6141,0.253254,50,36,6,82.96,0.7770,0.1673,0.019531,4.361
37003,520,409,929,236,63,84,19.15,0.8922,0.5702,0.220310,32,13,77,288.78,0.8414,0.1336,0.011307,4.409
37059,520,358,878,236,72,186,342.53,0.8720,0.6151,0.260155,15,47,52,209.20,0.6081,0.1814,0.023824,4.201
37074,520,385,905,251,50,106,11.46,0.9675,0.5934,0.238346,64,14,29,6.40,0.7118,0.1530,0.014929,4.441
37088,520,449,969,234,28,97,10.32,0.9575,0.5435,0.191891,14,10,32,288.87,0.5602,0.0696,0.004147,4.467
37090,520,439,959,228,33,155,349.26,0.9304,0.5550,0.199510,3,24,24,195.06,0.7466,0.0916,0.007385,4.348
37100,520,339,859,250,24,237,331.25,0.9917,0.6375,0.270947,63,34,68,321.55,0.4979,0.2040,0.026183,4.213
37117,520,438,958,157,79,254,299.41,0.9897,0.5505,0.199161,17,19,18,164.60,0.0541,0.0853,0.006286,4.427
37120,520,454,974,234,20,26,27.86,0.9880,0.5288,0.180705,17,7,35,296.39,0.6801,0.0691,0.003925,4.278
37147,520,468,988,213,60,45,29.65,0.9005,0.5158,0.175697,14,5,0,67.46,1.0000,0.0446,0.002019,4.339
37154,520,431,951,177,83,205,317.80,0.7499,0.5455,0.199424,24,22,25,314.67,0.0800,0.1025,0.008382,4.272
37156,520,458,978,220,62,2,36.09,0.9966,0.5291,0.186679,14,4,40,289.78,0.8307,0.0644,0.003334,4.438
37176,520,401,921,246,54,56,26.14,0.9586,0.5771,0.225201,33,32,27,97.74,0.1071,0.1394,0.014355,4.276
37186,520,337,857,237,48,255,324.04,1.0000,0.6385,0.273409,7,52,60,212.58,0.8276,0.1986,0.028273,4.132
37189,520,388,908,254,56,22,31.88,0.9957,0.5920,0.239608,20,20,93,273.11,0.9130,0.1515,0.014393,4.498
37211,520,375,895,213,83,211,328.33,0.8307,0.6034,0.250376,3,43,40,187.41,0.9106,0.1583,0.019002,4.353
37212,520,404,924,202,61,239,318.19,0.9248,0.5810,0.221275,22,34,8,130.08,0.7350,0.1301,0.013321,4.284
37214,520,371,891,250,78,25,35.80,0.9762,0.6064,0.258464,28,38,63,266.64,0.4270,0.1695,0.019919,4.412
37236,520,440,960,234,52,34,30.13,0.9557,0.5489,0.200670,17,12,52,282.34,0.7551,0.0918,0.006300,4.452
37238,520,472,992,188,13,225,318.64,0.9849,0.5190,0.164168,5,4,3,71.35,0.1325,0.0336,0.001257,4.178
37261,520,401,921,247,46,100,12.53,0.9448,0.5811,0.226517,28,36,6,122.73,0.7804,0.1412,0.015218,4.240
37266,520,343,863,243,104,60,37.76,0.9083,0.6321,0.292846,17,49,61,225.80,0.6034,0.1933,0.026526,4.480
37267,520,364,884,227,31,247,323.60,0.9837,0.6074,0.240285,45,39,4,99.41,0.8544,0.1685,0.020177,4.136
37284,520,376,896,251,23,158,352.85,0.9793,0.5967,0.235941,49,35,8,80.84,0.7091,0.1636,0.018726,4.161
37286,520,404,924,239,72,31,34.32,0.9586,0.5787,0.230875,45,26,1,71.22,0.9250,0.1342,0.012989,4.459
37294,520,456,976,194,19,230,319.07,0.9801,0.5348,0.176497,28,0,9,0.85,1.0000,0.0565,0.002666,4.301
37306,520,375,895,228,58,203,334.87,0.9079,0.5972,0.238343,48,17,78,302.90,0.7717,0.1605,0.015794,4.383
37327,520,473,993,219,15,121,358.54,0.9651,0.5154,0.167848,2,0,21,278.52,1.0000,0.0273,0.000670,4.299
37328,520,229,749,245,155,125,39.18,0.7956,0.7372,0.443382,16,82,44,152.97,0.9458,0.2949,0.063263,4.356
37334,520,430,950,238,27,109,6.76,0.9610,0.5546,0.200683,47,3,11,15.04,0.8697,0.0989,0.006937,4.403
37360,520,335,855,215,112,189,337.57,0.6783,0.6370,0.297113,46,49,7,113.53,0.8309,0.1991,0.027928,4.454
37361,520,258,778,249,109,247,328.13,0.9753,0.7124,0.377949,56,57,96,281.41,0.4138,0.2664,0.046115,4.452
37363,520,421,941,233,43,136,357.41,0.9085,0.5627,0.208319,9,15,66,270.01,0.9020,0.1054,0.007930,4.459
37377,520,409,929,255,3,15,28.46,1.0000,0.5691,0.213635,37,30,12,88.65,0.4992,0.1349,0.013484,4.153
37390,520,354,874,244,72,159,353.80,0.8949,0.6171,0.263741,6,34,95,262.62,0.9307,0.1752,0.020089,4.476
37405,520,58,578,231,237,230,141.26,0.2029,0.9297,0.832703,0,125,10,143.04,1.0000,0.4340,0.146885,4.483
37407,520,429,949,183,78,206,320.03,0.7785,0.5480,0.199734,26,20,22,356.05,0.1295,0.0986,0.007779,4.322
37423,520,464,984,167,86,179,322.32,0.6437,0.5194,0.181266,17,7,1,64.82,0.7367,0.0531,0.002733,4.386
37433,520,441,961,119,103,241,283.91,0.8630,0.5378,0.199729,6,25,9,147.62,0.8251,0.0918,0.007537,4.340
37438,520,346,866,243,39,232,330.83,0.9777,0.6282,0.263347,19,46,75,252.13,0.6212,0.1943,0.026003,4.123
37445,520,366,886,234,86,138,1.97,0.8000,0.6080,0.259857,10,46,34,167.20,0.7955,0.1686,0.021339,4.343
37448,520,462,982,185,25,237,314.82,0.9736,0.5282,0.171252,7,10,14,253.27,0.1899,0.0542,0.002940,4.179
37452,520,373,893,230,65,193,338.51,0.8823,0.6014,0.244564,47,34,4,84.77,0.8272,0.1576,0.017572,4.359
37464,520,401,921,208,44,242,319.66,0.9581,0.5794,0.216238,24,24,71,277.87,0.7104,0.1387,0.013023,4.224
37476,520,427,947,246,25,58,22.68,0.9830,0.5595,0.205971,14,14,58,275.90,0.8120,0.0986,0.007129,4.481
37480,520,470,990,175,63,208,317.47,0.8260,0.5187,0.172241,3,5,5,196.32,0.1663,0.0350,0.001389,4.325
37490,520,449,969,227,20,128,357.84,0.9605,0.5359,0.183925,23,12,3,64.92,0.6012,0.0715,0.004517,4.291
37491,520,480,1000,217,16,108,2.94,0.9628,0.5070,0.162076,0,0,0,0.00,0.0000,0.0000,0.000000,4.242
37494,520,420,940,239,58,6,33.91,0.9940,0.5630,0.213932,0,21,61,259.38,1.0000,0.1076,0.008732,4.494
37496,520,420,940,209,20,229,323.32,0.9822,0.5596,0.197146,17,9,70,277.80,0.9166,0.1059,0.007567,4.293
37498,520,451,971,218,64,81,19.01,0.8393,0.5360,0.191688,7,13,26,263.71,0.4478,0.0665,0.004076,4.469
37513,520,336,856,235,54,254,323.69,0.9961,0.6385,0.274586,40,42,80,279.26,0.4860,0.2023,0.026862,4.223
37515,520,354,874,252,8,213,337.46,0.9967,0.6227,0.256765,61,26,66,322.49,0.5994,0.1848,0.021243,4.306
37517,520,370,890,237,82,143,359.76,0.8271,0.6099,0.260251,5,48,4,142.45,0.9845,0.1672,0.021548,4.336
37520,520,413,933,236,51,120,4.46,0.8963,0.5688,0.215596,49,3,52,325.44,0.8516,0.1232,0.009661,4.452
37530,520,426,946,214,80,126,2.27,0.7264,0.5611,0.215420,20,28,0,123.14,1.0000,0.1088,0.009792,4.439
37549,520,458,978,234,22,64,20.20,0.9790,0.5339,0.184396,26,1,17,343.48,0.8150,0.0583,0.002818,4.438
37556,520,459,979,142,82,243,295.73,0.9012,0.5274,0.182565,6,14,8,152.81,0.3988,0.0608,0.003703,4.331
37562,520,333,853,227,86,226,328.04,0.8899,0.6378,0.284796,74,33,4,50.98,0.8588,0.1993,0.025525,4.433
37578,520,163,683,235,188,177,33.42,0.5247,0.8068,0.568043,64,90,67,147.69,0.3552,0.3525,0.088074,4.476
37596,520,459,979,176,44,241,310.69,0.9425,0.5287,0.173833,8,10,15,266.85,0.1936,0.0555,0.003032,4.221
37612,520,372,892,240,4,234,329.73,0.9984,0.6135,0.245554,23,46,0,132.76,1.0000,0.1684,0.021361,4.142
37628,520,386,906,224,78,152,352.63,0.7788,0.5857,0.235655,54,13,59,323.19,0.7330,0.1489,0.013880,4.472
37629,520,386,906,250,45,130,2.77,0.9573,0.5950,0.238159,18,37,53,245.56,0.4770,0.1533,0.017087,4.295
37642,520,407,927,189,105,154,345.21,0.5290,0.5714,0.232564,28,32,8,117.54,0.6474,0.1296,0.012974,4.487
37644,520,457,977,232,31,25,28.81,0.9772,0.5294,0.182091,0,12,25,244.03,1.0000,0.0581,0.003331,4.352
37666,520,441,961,146,81,252,295.76,0.9700,0.5384,0.190242,36,10,11,20.01,0.5873,0.0893,0.006164,4.278
37668,520,392,912,187,77,253,309.64,0.9829,0.5865,0.229653,4,35,70,254.29,0.8607,0.1533,0.016700,4.193
37682,520,439,959,212,42,197,332.32,0.9128,0.5536,0.196863,43,1,9,13.85,0.9379,0.0871,0.005551,4.444
37698,520,400,920,241,2,170,346.84,0.9979,0.5777,0.216496,13,13,97,269.92,0.9686,0.1419,0.012364,4.273
37708,520,458,978,211,52,138,352.48,0.8217,0.5285,0.181421,18,10,12,2.41,0.2271,0.0639,0.003722,4.308
37720,520,480,1000,208,42,126,355.72,0.8494,0.5094,0.165744,0,0,0,0.00,0.0000,0.0000,0.000000,4.315
37739,520,341,861,255,1,214,337.83,1.0000,0.6276,0.261401,72,23,65,333.66,0.6613,0.1979,0.023723,4.224
37740,520,438,958,207,68,158,344.76,0.7685,0.5468,0.198703,8,9,60,271.86,0.9268,0.0883,0.005732,4.462
37746,520,344,864,243,21,245,327.87,0.9930,0.6297,0.261864,18,44,78,256.10,0.6599,0.1904,0.024799,4.169
37757,520,398,918,160,101,246,299.15,0.8874,0.5809,0.234350,31,28,51,288.70,0.3950,0.1386,0.013608,4.470
37763,520,409,929,234,67,81,20.81,0.8813,0.5699,0.221038,27,31,14,119.71,0.4429,0.1268,0.012447,4.340
37771,520,390,910,240,68,105,12.94,0.8840,0.5878,0.236825,49,27,31,8.09,0.3421,0.1497,0.015358,4.389
37793,520,441,961,240,0,38,25.37,1.0000,0.5376,0.186686,41,5,10,16.10,0.7771,0.0899,0.006020,4.225
37794,520,441,961,168,96,188,318.60,0.6234,0.5430,0.203222,3,19,48,259.46,0.8425,0.0931,0.006985,4.444
37796,520,383,903,204,74,249,315.89,0.9621,0.6044,0.245759,12,37,55,242.83,0.6180,0.1513,0.016771,4.429
37799,520,424,944,169,91,222,309.23,0.7788,0.5582,0.211918,27,12,65,289.08,0.8051,0.1142,0.008776,4.456
37809,520,398,918,245,7,165,349.23,0.9936,0.5841,0.222843,5,19,90,265.91,0.9566,0.1383,0.012361,4.375
37820,520,304,824,254,114,101,27.57,0.9865,0.6726,0.340483,12,64,42,160.53,0.9031,0.2323,0.039120,4.382
37840,520,463,983,206,55,161,342.58,0.8138,0.5329,0.184294,1,10,19,240.35,0.7570,0.0512,0.002705,4.445
37845,520,399,919,186,82,240,311.84,0.8947,0.5815,0.227659,41,6,80,297.68,0.9079,0.1399,0.011809,4.492
37854,520,310,830,241,72,244,327.24,0.9618,0.6561,0.298697,96,0,59,351.30,1.0000,0.2215,0.028030,4.469
37869,520,433,953,236,33,103,8.90,0.9473,0.5517,0.199030,29,22,14,70.23,0.2800,0.1046,0.008668,4.245
37870,520,351,871,251,42,205,339.57,0.9768,0.6280,0.265762,63,6,97,307.15,0.9217,0.1906,0.020502,4.479
37884,520,465,985,190,32,217,320.89,0.9442,0.5236,0.169914,12,3,22,305.50,0.6957,0.0469,0.002012,4.228
37902,520,294,814,245,102,215,336.57,0.9299,0.6800,0.338241,55,59,29,115.22,0.4886,0.2418,0.040289,4.300
37908,520,478,998,221,9,101,5.98,0.9826,0.5111,0.165098,5,0,9,314.44,1.0000,0.0236,0.000520,4.258
37913,520,448,968,178,65,224,314.19,0.8629,0.5374,0.186284,8,11,45,273.07,0.7922,0.0769,0.004804,4.311
37926,520,453,973,208,45,157,344.14,0.8492,0.5258,0.177231,21,6,37,302.87,0.7239,0.0732,0.004233,4.190
37933,520,393,913,229,65,183,341.47,0.8661,0.5944,0.238600,21,37,9,133.81,0.7890,0.1389,0.015023,4.438
37938,520,298,818,207,128,213,324.44,0.6731,0.6656,0.335091,42,60,10,127.57,0.8819,0.2297,0.037458,4.403
37944,520,387,907,242,42,160,351.03,0.9357,0.5891,0.230744,23,38,17,137.25,0.5774,0.1451,0.016088,4.248
37954,520,333,853,246,41,239,329.85,0.9802,0.6389,0.274136,47,48,19,110.64,0.5648,0.1989,0.027653,4.174
37975,520,477,997,223,5,89,10.40,0.9918,0.5110,0.165206,6,0,4,338.03,1.0000,0.0222,0.000475,4.264
37982,520,291,811,238,113,196,342.09,0.8315,0.6759,0.339753,48,51,87,278.80,0.4211,0.2375,0.036841,4.488
37986,520,466,986,191,26,218,321.03,0.9592,0.5231,0.168786,3,1,43,271.21,0.9875,0.0514,0.002155,4.195
37989,520,362,882,252,69,97,17.15,0.9728,0.6097,0.258183,37,24,97,283.37,0.8154,0.1770,0.019096,4.460
38017,520,364,884,225,52,244,323.50,0.9604,0.6138,0.249973,34,26,91,281.77,0.7768,0.1713,0.018342,4.389
38022,520,453,973,183,88,157,338.89,0.6116,0.5346,0.194823,3,20,5,146.84,0.9147,0.0740,0.005306,4.427
38031,520,475,995,220,48,23,31.36,0.9658,0.5161,0.173941,10,0,5,344.76,1.0000,0.0280,0.000755,4.412
38035,520,473,993,181,73,169,332.17,0.7068,0.5153,0.174547,5,1,7,317.53,0.6519,0.0261,0.000693,4.430
38039,520,406,926,205,67,225,322.33,0.8883,0.5815,0.224313,1,12,96,264.62,0.9833,0.1336,0.011138,4.487
38041,520,376,896,243,80,13,37.87,0.9866,0.5951,0.248243,32,38,35,164.07,0.1101,0.1582,0.018146,4.377
38052,520,382,902,171,101,251,302.27,0.9430,0.5976,0.249308,21,43,12,137.62,0.8433,0.1588,0.019137,4.329
38058,520,433,953,241,34,8,30.58,0.9935,0.5493,0.198657,33,20,8,62.83,0.4969,0.1037,0.008412,4.257
38067,520,332,852,241,44,246,327.05,0.9784,0.6366,0.271586,71,21,72,326.98,0.7042,0.1979,0.023440,4.379
38077,520,448,968,237,25,53,23.37,0.9798,0.5398,0.189601,1,11,56,264.04,0.9658,0.0826,0.005313,4.332
38108,520,478,998,220,6,92,8.93,0.9889,0.5057,0.161213,1,1,14,273.55,0.9013,0.0244,0.000599,4.174
38125,520,409,929,235,61,109,9.66,0.8719,0.5723,0.221068,54,1,54,328.32,0.9318,0.1316,0.010724,4.464
38130,520,436,956,176,70,236,310.33,0.8896,0.5495,0.196674,45,0,20,358.41,1.0000,0.0929,0.006085,4.398
38137,520,336,856,178,122,242,303.64,0.8195,0.6357,0.297953,40,49,32,130.80,0.3221,0.1975,0.027520,4.489
38140,520,447,967,232,17,115,3.23,0.9733,0.5405,0.187975,15,16,25,279.37,0.2463,0.0791,0.005423,4.294
38148,520,320,840,225,125,100,35.01,0.6867,0.6454,0.315971,1,54,79,236.31,0.9690,0.2145,0.032091,4.458
38149,520,386,906,233,70,146,356.13,0.8329,0.5901,0.237820,3,42,18,151.96,0.9706,0.1478,0.017189,4.284
38204,520,470,990,217,14,144,349.93,0.9658,0.5207,0.170819,10,1,14,318.13,0.7681,0.0353,0.001180,4.315
38219,520,471,991,181,65,199,322.02,0.8029,0.5239,0.177291,4,1,26,281.91,0.9298,0.0366,0.001221,4.437
38230,520,452,972,218,52,109,5.69,0.8464,0.5312,0.184680,2,1,58,267.05,0.9954,0.0679,0.003401,4.395
38240,520,429,949,153,87,241,299.46,0.8776,0.5463,0.199398,16,26,21,162.64,0.2725,0.1045,0.009031,4.225
38243,520,480,1000,220,42,14,31.44,0.9820,0.5107,0.169060,0,0,0,0.00,0.0000,0.0000,0.000000,4.381
38268,520,337,857,250,25,238,331.01,0.9914,0.6385,0.271953,69,10,91,314.14,0.8588,0.1980,0.022378,4.448
38286,520,398,918,230,40,196,337.19,0.9423,0.5839,0.223287,57,12,44,341.38,0.7059,0.1435,0.013148,4.328
38302,520,471,991,217,60,44,29.85,0.9095,0.5236,0.181678,3,6,21,268.06,0.6268,0.0449,0.002037,4.452
38306,520,468,988,216,47,100,8.30,0.8646,0.5202,0.175546,9,4,0,77.36,1.0000,0.0367,0.001449,4.384
38314,520,477,997,207,60,71,21.10,0.8359,0.5081,0.169543,1,1,14,273.55,0.9013,0.0244,0.000599,4.339
38326,520,375,895,217,88,183,339.21,0.7604,0.6010,0.251521,51,30,34,7.16,0.3109,0.1605,0.017479,4.468
38339,520,333,853,212,102,226,323.00,0.8304,0.6367,0.289923,5,55,40,167.42,0.9375,0.1991,0.029177,4.293
38344,520,409,929,194,53,248,314.14,0.9631,0.5687,0.207941,57,10,14,20.43,0.7873,0.1296,0.011188,4.216
38351,520,313,833,234,111,185,345.33,0.7833,0.6619,0.323664,8,62,16,145.01,0.9791,0.2187,0.035341,4.378
38352,520,304,824,227,105,238,324.27,0.9082,0.6697,0.326090,42,49,96,274.63,0.5445,0.2336,0.035333,4.407
38378,520,397,917,228,32,198,336.07,0.9574,0.5772,0.216068,29,31,36,268.26,0.1040,0.1360,0.013686,4.178
38393,520,475,995,181,53,205,320.74,0.8562,0.5155,0.167790,5,2,17,292.39,0.7182,0.0343,0.001162,4.257
38400,520,453,973,228,31,94,10.72,0.9437,0.5319,0.182850,17,15,8,94.30,0.2683,0.0726,0.004784,4.250
38418,520,458,978,220,50,96,10.90,0.8694,0.5295,0.183440,15,11,12,1.15,0.1149,0.0627,0.003675,4.349
38438,520,417,937,212,27,231,323.56,0.9755,0.5688,0.205524,37,22,28,353.78,0.2854,0.1197,0.010510,4.223
38442,520,431,951,233,54,33,30.63,0.9557,0.5486,0.200748,20,25,17,133.88,0.2398,0.1038,0.008844,4.261
38445,520,418,938,206,89,115,8.75,0.6581,0.5568,0.215063,1,12,88,264.62,0.9796,0.1228,0.009739,4.437
38452,520,401,921,249,49,64,23.65,0.9694,0.5802,0.227101,50,23,20,27.43,0.4722,0.1393,0.013415,4.370
38482,520,472,992,180,60,209,319.04,0.8421,0.5238,0.175396,3,0,24,281.16,1.0000,0.0310,0.000853,4.432
38499,520,336,856,243,78,190,343.23,0.9057,0.6354,0.282240,47,47,22,108.63,0.4834,0.1965,0.026953,4.317
38516,520,423,943,234,60,54,27.41,0.9242,0.5584,0.209935,50,6,12,17.71,0.8130,0.1096,0.008350,4.455
38523,520,286,806,227,136,163,1.22,0.6160,0.6861,0.365855,17,69,8,141.10,0.9816,0.2449,0.043928,4.427
38525,520,345,865,238,83,177,346.83,0.8542,0.6265,0.275407,68,33,6,53.85,0.7974,0.1889,0.023300,4.439
38556,520,341,861,249,8,228,333.14,0.9972,0.6263,0.259179,9,56,25,150.25,0.9502,0.1996,0.029565,3.886
38571,520,198,718,244,166,160,24.23,0.7446,0.7665,0.490457,20,90,15,142.13,0.9806,0.3188,0.074952,4.325
38573,520,393,913,243,40,158,351.80,0.9411,0.5890,0.230441,16,40,2,135.87,0.9776,0.1443,0.016321,4.229
38586,520,304,824,213,116,236,319.67,0.8541,0.6655,0.326944,10,66,24,147.28,0.9703,0.2343,0.040267,4.176
38596,520,425,945,206,3,237,320.80,0.9979,0.5566,0.193031,35,13,41,318.63,0.6014,0.1061,0.008053,4.186
38599,520,355,875,221,94,184,340.38,0.7545,0.6161,0.268404,16,51,12,141.64,0.9407,0.1828,0.025043,4.243
38603,520,464,984,149,100,176,312.72,0.5281,0.5186,0.186389,5,8,20,269.12,0.4603,0.0508,0.002564,4.497
38605,520,382,902,170,113,223,306.27,0.7163,0.5976,0.256845,35,39,6,115.93,0.7897,0.1573,0.018215,4.498
38629,520,387,907,246,67,31,32.95,0.9667,0.5869,0.237095,46,24,49,322.61,0.4767,0.1474,0.014559,4.447
38634,520,472,992,210,62,82,17.44,0.8179,0.5186,0.177584,0,2,18,262.27,1.0000,0.0289,0.000871,4.474
38641,520,412,932,234,5,185,340.95,0.9947,0.5727,0.211066,8,19,69,267.60,0.8942,0.1157,0.009470,4.390
38642,520,240,760,242,125,254,323.78,0.9942,0.7293,0.407023,41,70,79,219.65,0.3719,0.2803,0.054161,4.388
38650,520,329,849,221,123,141,9.02,0.6092,0.6463,0.314632,24,58,24,143.66,0.8484,0.2125,0.032861,4.400
38673,520,464,984,194,11,214,323.03,0.9846,0.5200,0.165653,11,2,32,292.92,0.8599,0.0506,0.002188,4.132
38679,520,479,999,187,39,201,324.09,0.8990,0.5110,0.162343,0,0,1,264.05,1.0000,0.0060,0.000022,4.245
38702,520,443,963,223,46,123,0.45,0.8747,0.5406,0.190747,2,12,53,264.62,0.9287,0.0821,0.005329,4.351
38715,520,341,861,245,87,129,7.80,0.8793,0.6256,0.278169,83,17,44,0.32,0.7471,0.2009,0.024220,4.422
38716,520,464,984,194,41,199,326.71,0.8959,0.5229,0.171803,13,0,39,292.33,1.0000,0.0543,0.002320,4.239
38718,520,469,989,213,51,107,5.48,0.8367,0.5199,0.175777,9,1,20,304.45,0.8339,0.0376,0.001303,4.401
38724,520,394,914,178,90,250,306.22,0.9468,0.5891,0.236801,19,32,55,261.16,0.4915,0.1412,0.014473,4.448
38735,520,365,885,242,41,200,338.91,0.9582,0.6084,0.246362,53,23,76,307.31,0.6886,0.1750,0.018915,4.300
38740,520,375,895,234,2,232,328.82,0.9991,0.6012,0.233646,60,22,40,352.77,0.5564,0.1617,0.016878,4.241
38755,520,319,839,186,143,157,357.26,0.2828,0.6453,0.325191,20,62,0,138.11,1.0000,0.2212,0.035938,4.366
38763,520,456,976,214,33,164,342.91,0.9094,0.5327,0.180665,26,1,14,349.45,0.8154,0.0570,0.002731,4.374
38765,520,459,979,231,29,27,28.36,0.9786,0.5264,0.179499,16,10,2,81.97,0.6210,0.0587,0.003316,4.304
38767,520,478,998,176,0,239,312.13,1.0000,0.5085,0.154631,1,2,1,144.61,0.3698,0.0208,0.000521,4.050
38783,520,425,945,205,64,202,328.82,0.8469,0.5634,0.209120,36,8,59,304.69,0.8054,0.1144,0.008645,4.418
38784,520,429,949,185,99,139,351.95,0.5246,0.5485,0.211034,30,21,15,55.12,0.2616,0.1037,0.008469,4.465
38792,520,413,933,200,63,232,319.21,0.9050,0.5746,0.216620,13,32,10,141.03,0.7958,0.1179,0.011405,4.342
38801,520,480,1000,207,68,13,37.87,0.9689,0.5113,0.174310,0,0,0,0.00,0.0000,0.0000,0.000000,4.486
38813,520,441,961,121,107,233,284.52,0.8001,0.5411,0.204632,21,22,6,111.92,0.5530,0.0939,0.007464,4.431
38822,520,307,827,214,126,214,327.04,0.7082,0.6717,0.340743,16,66,10,141.61,0.9753,0.2344,0.040284,4.328
38841,520,377,897,227,55,215,331.24,0.9279,0.6002,0.239719,27,41,15,132.26,0.6422,0.1573,0.018533,4.227
38877,520,347,867,254,22,207,339.49,0.9944,0.6261,0.261530,56,34,68,312.75,0.4819,0.1940,0.024022,4.209
38888,520,221,741,244,136,247,326.20,0.9561,0.7456,0.435589,30,72,116,251.92,0.6711,0.3025,0.061714,4.347
38917,520,327,847,250,33,254,327.39,0.9971,0.6519,0.285704,76,33,33,21.59,0.5351,0.2081,0.027342,4.340
38938,520,407,927,238,46,108,8.59,0.9187,0.5653,0.212170,47,1,68,311.43,0.9662,0.1310,0.010435,4.338
38943,520,405,925,182,80,244,309.76,0.9170,0.5763,0.222149,4,7,98,266.13,0.9896,0.1319,0.010595,4.491
38944,520,402,922,211,48,233,322.50,0.9446,0.5803,0.218478,37,26,36,329.38,0.2500,0.1324,0.012595,4.289
38970,520,467,987,205,64,118,1.08,0.7617,0.5219,0.179560,15,0,20,319.28,1.0000,0.0417,0.001521,4.456
38977,520,416,936,224,32,198,335.09,0.9533,0.5699,0.209600,2,34,7,146.43,0.9827,0.1181,0.011723,4.206
38996,520,356,876,228,92,175,345.80,0.7773,0.6204,0.272458,8,41,78,254.34,0.8058,0.1780,0.021874,4.486
39003,520,382,902,253,1,173,348.45,0.9993,0.6024,0.239250,45,37,6,94.47,0.7774,0.1632,0.018942,4.196
39007,520,390,910,253,27,129,2.55,0.9838,0.5912,0.232551,4,38,51,228.12,0.8245,0.1485,0.016510,4.248
39018,520,388,908,221,85,147,355.04,0.7394,0.5876,0.239780,10,40,45,210.34,0.6529,0.1538,0.017715,4.279
39024,520,479,999,191,20,200,325.78,0.9577,0.5071,0.157484,3,0,0,29.23,1.0000,0.0143,0.000194,4.134
39030,520,269,789,249,101,238,330.67,0.9726,0.6970,0.356228,8,64,103,245.75,0.8597,0.2631,0.046974,4.189
39033,520,469,989,228,14,71,17.22,0.9845,0.5197,0.172660,3,3,30,273.63,0.8989,0.0439,0.001782,4.300
39036,520,471,991,214,63,13,35.90,0.9756,0.5188,0.178827,12,1,24,305.62,0.8600,0.0433,0.001658,4.430
39054,520,441,961,235,40,20,30.33,0.9798,0.5409,0.192334,1,25,7,150.29,0.9802,0.0882,0.007170,4.239
39062,520,452,972,209,0,189,333.75,1.0000,0.5269,0.172315,3,4,50,268.95,0.9675,0.0651,0.003365,4.166
39066,520,460,980,216,29,150,348.02,0.9192,0.5274,0.176821,8,13,21,259.11,0.3078,0.0647,0.003936,4.205
39075,520,428,948,186,72,222,316.95,0.8458,0.5559,0.203489,25,21,11,88.65,0.3274,0.0966,0.007672,4.395
39079,520,406,926,246,39,107,9.44,0.9495,0.5764,0.221088,12,15,82,270.57,0.9398,0.1253,0.010289,4.496
39091,520,357,877,241,27,230,330.87,0.9861,0.6182,0.252006,13,48,30,157.65,0.8005,0.1751,0.022931,4.141
39094,520,377,897,253,42,131,2.72,0.9819,0.5993,0.241809,59,23,29,11.49,0.5311,0.1575,0.016314,4.400
39105,520,466,986,207,18,182,335.29,0.9598,0.5232,0.170775,11,3,31,292.59,0.8019,0.0521,0.002352,4.217
39112,520,342,862,246,18,239,329.91,0.9941,0.6301,0.262604,69,26,59,337.31,0.5933,0.1938,0.023199,4.271
39118,520,297,817,247,110,178,351.64,0.8799,0.6777,0.341432,68,51,52,14.50,0.1841,0.2421,0.038446,4.426
39135,520,446,966,212,73,82,20.45,0.7871,0.5358,0.193736,8,12,42,272.44,0.7335,0.0762,0.004817,4.446
39138,520,328,848,253,39,239,331.43,0.9925,0.6499,0.285688,73,31,60,340.62,0.5431,0.2098,0.027229,4.347
39154,520,387,907,243,39,156,352.41,0.9427,0.5876,0.229092,24,13,95,276.73,0.9398,0.1468,0.013082,4.424
39155,520,247,767,250,114,252,326.98,0.9874,0.7235,0.393893,81,57,77,332.38,0.2914,0.2848,0.052115,4.347
39162,520,418,938,158,107,209,305.44,0.6553,0.5632,0.223883,10,32,18,153.72,0.6885,0.1180,0.011412,4.460
39164,520,416,936,247,35,66,21.55,0.9707,0.5675,0.213731,47,2,48,327.29,0.8710,0.1153,0.008612,4.500
39165,520,336,856,245,56,222,333.82,0.9558,0.6360,0.275176,89,5,26,15.27,0.9314,0.1975,0.023073,4.450
39166,520,469,989,232,5,5,29.08,0.9975,0.5195,0.172784,9,3,12,316.61,0.5162,0.0387,0.001498,4.326
39173,520,453,973,204,16,203,328.58,0.9746,0.5309,0.175216,30,5,0,41.69,1.0000,0.0676,0.003846,4.183
39176,520,348,868,242,56,222,333.11,0.9525,0.6309,0.269823,69,31,5,50.77,0.8212,0.1863,0.022563,4.408
39201,520,467,987,226,37,51,24.43,0.9557,0.5229,0.177338,14,0,26,308.29,1.0000,0.0445,0.001680,4.399
39203,520,427,947,197,8,255,314.48,1.0000,0.5577,0.192654,13,21,44,267.60,0.5429,0.1010,0.008037,4.181
39204,520,476,996,114,84,251,284.46,0.9678,0.5083,0.168827,5,0,8,317.19,1.0000,0.0230,0.000498,4.333
39222,520,430,950,219,28,187,336.96,0.9489,0.5524,0.194808,33,18,24,354.11,0.3138,0.1038,0.008219,4.205
39228,520,428,948,231,5,173,343.76,0.9933,0.5605,0.201174,30,9,55,299.77,0.7789,0.1040,0.007472,4.370
39233,520,469,989,131,86,239,291.76,0.8735,0.5179,0.177128,6,4,9,305.01,0.3101,0.0371,0.001453,4.414
39256,520,393,913,158,110,234,299.10,0.7828,0.5855,0.243617,9,37,43,214.32,0.6468,0.1431,0.015556,4.479
39261,520,381,901,211,85,198,331.87,0.7866,0.5953,0.244249,7,44,29,162.16,0.8752,0.1591,0.019352,4.243
39262,520,464,984,224,13,105,5.20,0.9764,0.5196,0.171578,12,9,2,93.78,0.5708,0.0525,0.002779,4.198
39272,520,326,846,253,2,251,328.79,0.9996,0.6474,0.278942,76,35,28,31.06,0.5472,0.2107,0.028226,4.205
39279,520,422,942,206,12,233,321.66,0.9908,0.5554,0.192697,10,13,76,270.37,0.9420,0.1139,0.008741,4.132
39281,520,437,957,202,86,115,7.09,0.6550,0.5454,0.204518,15,23,3,126.73,0.7978,0.0906,0.007209,4.449
39309,520,420,940,245,8,103,9.04,0.9927,0.5616,0.205689,13,30,13,144.03,0.6535,0.1122,0.010431,4.231
39315,520,336,856,227,93,214,331.59,0.8494,0.6397,0.290168,39,53,3,124.68,0.9491,0.2041,0.029841,4.261
39320,520,373,893,252,28,164,351.33,0.9769,0.6031,0.242098,34,36,56,279.16,0.3194,0.1650,0.018873,4.241
39327,520,392,912,249,66,37,31.79,0.9722,0.5921,0.241732,61,21,10,36.23,0.7348,0.1531,0.015505,4.454
39335,520,357,877,253,35,194,342.92,0.9869,0.6223,0.259831,48,41,2,98.79,0.9301,0.1777,0.022187,4.292
39348,520,434,954,223,28,176,341.23,0.9465,0.5536,0.196556,27,13,50,297.17,0.6802,0.1021,0.007512,4.287
39349,520,401,921,207,87,167,342.54,0.7046,0.5757,0.228736,35,33,6,105.17,0.7288,0.1397,0.014582,4.316
39366,520,452,972,220,32,138,353.30,0.9138,0.5314,0.180862,12,15,24,270.01,0.2732,0.0738,0.004858,4.208
39375,520,419,939,236,5,145,353.60,0.9930,0.5571,0.199888,42,14,5,39.67,0.7136,0.1050,0.008173,4.296
39380,520,416,936,233,24,173,344.43,0.9655,0.5693,0.209969,45,20,11,40.28,0.5632,0.1227,0.010824,4.274
39381,520,389,909,219,104,16,49.47,0.9566,0.5880,0.250004,4,38,54,233.60,0.8230,0.1503,0.016783,4.492
39407,520,348,868,228,63,249,322.90,0.9748,0.6307,0.268907,64,23,79,315.76,0.7034,0.1941,0.022674,4.388
39421,520,449,969,181,63,227,314.55,0.8776,0.5420,0.189259,12,3,52,280.76,0.9405,0.0724,0.003912,4.438
39423,520,461,981,226,48,9,32.57,0.9891,0.5278,0.183053,2,9,24,257.43,0.6982,0.0526,0.002742,4.419
39434,520,373,893,255,56,59,25.96,1.0000,0.5971,0.244079,60,12,68,321.51,0.7776,0.1649,0.016411,4.428
39441,520,407,927,246,36,78,18.30,0.9645,0.5680,0.214081,1,4,98,264.69,0.9950,0.1269,0.009750,4.420
39442,520,404,924,225,59,180,341.21,0.8683,0.5802,0.224332,41,21,40,328.71,0.4392,0.1290,0.011610,4.453
39465,520,420,940,205,2,241,319.65,0.9987,0.5579,0.193751,21,1,78,280.79,0.9910,0.1081,0.007312,4.253
39480,520,453,973,205,81,49,35.46,0.8293,0.5287,0.190878,19,15,4,92.15,0.5296,0.0736,0.004889,4.388
39485,520,464,984,216,46,96,9.76,0.8716,0.5182,0.174000,1,4,31,266.02,0.9332,0.0451,0.001922,4.314
39502,520,303,823,223,104,255,318.60,1.0000,0.6730,0.328103,41,58,50,164.32,0.2536,0.2315,0.037277,4.332
39506,520,444,964,170,88,202,315.53,0.7121,0.5412,0.197906,3,22,12,159.51,0.8342,0.0816,0.006197,4.411
39515,520,398,918,252,29,100,11.78,0.9795,0.5817,0.224979,61,5,32,357.02,0.8137,0.1376,0.012051,4.432
39527,520,395,915,199,95,193,329.62,0.7059,0.5884,0.241782,17,38,21,148.73,0.6113,0.1419,0.015595,4.448
39531,520,217,737,228,156,247,319.09,0.9092,0.7606,0.469876,14,84,42,151.61,0.9617,0.3007,0.066009,4.481
39568,520,408,928,198,60,229,319.47,0.9036,0.5665,0.208961,10,14,87,269.20,0.9585,0.1289,0.010667,4.269
39603,520,436,956,163,78,251,302.11,0.9629,0.5542,0.202008,16,21,26,248.49,0.1783,0.0928,0.007211,4.405
39605,520,423,943,191,97,146,349.17,0.5692,0.5569,0.217025,1,32,17,158.76,0.9774,0.1130,0.010799,4.392
39631,520,470,990,169,61,226,310.94,0.8734,0.5214,0.172643,4,7,5,157.09,0.2326,0.0414,0.001887,4.291
39654,520,427,947,245,29,17,29.49,0.9872,0.5555,0.203352,40,12,23,357.71,0.5574,0.1030,0.007760,4.386
39655,520,456,976,231,35,1,31.30,0.9990,0.5286,0.181962,0,16,11,173.73,1.0000,0.0621,0.003947,4.300
39683,520,473,993,182,49,220,317.25,0.9000,0.5247,0.173102,5,1,22,289.23,0.8816,0.0347,0.001119,4.364
39696,520,349,869,232,63,235,327.28,0.9447,0.6278,0.267113,76,10,58,341.82,0.7901,0.1864,0.020593,4.492
39708,520,323,843,254,71,196,343.58,0.9915,0.6502,0.295661,42,48,59,262.54,0.1773,0.2070,0.029219,4.363
39722,520,450,970,198,13,229,320.46,0.9877,0.5390,0.179523,4,6,48,269.98,0.9372,0.0677,0.003694,4.275
39740,520,254,774,246,119,238,329.83,0.9562,0.7172,0.389619,70,63,23,99.46,0.6449,0.2695,0.049190,4.432
39751,520,448,968,204,62,159,343.12,0.7841,0.5354,0.187878,39,2,4,22.55,0.9170,0.0795,0.004836,4.338
39761,520,385,905,219,37,231,325.25,0.9654,0.5853,0.221548,31,21,86,282.30,0.8120,0.1543,0.014995,4.178
39763,520,289,809,219,115,252,317.42,0.9730,0.6816,0.343513,36,52,102,268.04,0.6067,0.2414,0.037902,4.477
39764,520,380,900,241,52,163,350.31,0.9123,0.5954,0.238041,58,5,76,315.07,0.8848,0.1613,0.015300,4.411
39773,520,39,559,248,245,180,105.64,0.8665,0.9501,0.885570,16,126,95,167.43,0.9585,0.4536,0.158574,4.486
39786,520,443,963,217,27,178,339.13,0.9428,0.5430,0.187523,32,0,36,323.59,1.0000,0.0773,0.004345,4.371
39789,520,416,936,197,63,231,318.56,0.9001,0.5693,0.211963,50,4,42,336.28,0.8028,0.1195,0.009322,4.416
39829,520,390,910,234,3,217,332.44,0.9981,0.5914,0.225700,35,15,88,286.87,0.8616,0.1516,0.014035,4.305
39852,520,352,872,252,0,205,339.47,1.0000,0.6168,0.251066,26,45,65,250.75,0.4401,0.1888,0.024780,4.026
39867,520,480,1000,213,50,57,24.15,0.9044,0.5072,0.167252,0,0,0,0.00,0.0000,0.0000,0.000000,4.345
39871,520,249,769,230,158,102,57.89,0.6773,0.7187,0.422379,17,77,49,158.35,0.9055,0.2796,0.056484,4.436
39872,520,137,657,242,200,188,36.50,0.5918,0.8439,0.638179,9,104,71,162.35,0.9736,0.3741,0.104132,4.465
39891,520,465,985,170,68,213,314.05,0.8195,0.5208,0.174853,2,7,20,259.22,0.6494,0.0457,0.002154,4.311
39901,520,383,903,227,31,233,326.82,0.9781,0.5975,0.231964,37,34,27,87.57,0.1543,0.1495,0.016165,4.262
39903,520,99,619,200,228,216,167.90,0.3322,0.8778,0.727233,21,114,51,148.89,0.9717,0.4046,0.124326,4.459
39910,520,422,942,249,3,32,26.64,0.9987,0.5572,0.203128,41,17,18,18.37,0.4641,0.1119,0.009161,4.279
39914,520,401,921,209,64,221,324.63,0.8924,0.5822,0.224443,46,13,59,314.84,0.7306,0.1358,0.011845,4.438
39926,520,73,593,255,216,248,332.15,1.0000,0.9119,0.771501,9,121,9,142.59,0.9956,0.4216,0.137520,4.381
39940,520,390,910,195,93,211,322.05,0.7605,0.5900,0.241352,61,17,31,3.85,0.6441,0.1519,0.014921,4.488
39951,520,284,804,251,106,195,345.39,0.9512,0.6854,0.347603,20,68,56,173.35,0.7491,0.2530,0.045683,4.155
39956,520,426,946,228,68,60,27.44,0.8915,0.5560,0.209573,22,16,54,285.58,0.6783,0.1055,0.008075,4.470
39957,520,182,702,248,177,138,49.69,0.7977,0.7888,0.532378,30,92,40,146.35,0.9245,0.3322,0.080832,4.451
39970,520,260,780,176,157,250,292.28,0.8508,0.7079,0.402461,2,75,47,159.98,0.9902,0.2687,0.052501,4.414
39979,520,311,831,255,87,175,351.83,1.0000,0.6593,0.311748,21,42,116,266.58,0.8722,0.2214,0.030761,4.479
39995,520,425,945,235,39,118,3.93,0.9261,0.5577,0.204242,8,29,25,179.29,0.5818,0.1099,0.010005,4.237
39999,520,397,917,252,7,112,7.18,0.9947,0.5784,0.220209,61,6,25,5.88,0.8131,0.1362,0.011927,4.363
40007,520,393,913,215,34,244,321.24,0.9754,0.5866,0.221247,3,32,68,255.64,0.8897,0.1431,0.014697,4.193
40013,520,452,972,218,10,162,344.16,0.9788,0.5306,0.177336,1,19,0,141.11,1.0000,0.0683,0.004722,4.154
40025,520,369,889,251,38,170,349.60,0.9691,0.6084,0.248011,46,27,72,300.58,0.6112,0.1693,0.018326,4.362
40027,520,429,949,230,62,46,29.68,0.9238,0.5516,0.204684,5,10,68,268.10,0.9569,0.0971,0.006667,4.494
40032,520,317,837,246,101,162,356.77,0.8683,0.6570,0.315117,13,55,70,226.16,0.7372,0.2155,0.032600,4.420
40033,520,433,953,214,55,170,341.56,0.8413,0.5518,0.199330,0,22,55,256.47,0.9999,0.1045,0.008496,4.262
40043,520,365,885,215,61,245,320.43,0.9544,0.6056,0.243789,6,24,105,265.57,0.9574,0.1661,0.017118,4.377
40049,520,427,947,216,69,144,352.94,0.7794,0.5576,0.208711,17,25,10,131.55,0.4933,0.0994,0.008363,4.433
40074,520,480,1000,199,55,130,353.07,0.7814,0.5056,0.164881,0,0,0,0.00,0.0000,0.0000,0.000000,4.298
40089,520,346,866,176,122,234,304.62,0.7621,0.6283,0.290901,32,52,1,129.45,0.9875,0.1948,0.027652,4.390
40101,520,441,961,220,40,151,349.05,0.8904,0.5419,0.189701,3,9,65,266.68,0.9635,0.0908,0.005963,4.283
40142,520,418,938,229,23,165,345.98,0.9607,0.5572,0.199902,13,31,39,228.69,0.4573,0.1249,0.012120,4.023
40149,520,474,994,193,36,202,325.64,0.9153,0.5200,0.168650,2,1,19,277.92,0.9122,0.0290,0.000816,4.303
40180,520,383,903,252,17,170,349.30,0.9876,0.6022,0.240021,67,11,18,18.92,0.8138,0.1525,0.014765,4.478
40187,520,362,882,233,99,42,41.11,0.9092,0.6053,0.264173,16,49,16,143.45,0.9098,0.1766,0.023441,4.278
40188,520,381,901,252,36,140,359.23,0.9745,0.5971,0.238542,16,13,109,270.18,0.9753,0.1596,0.015020,4.438
40189,520,362,882,240,88,103,18.04,0.8612,0.6112,0.264870,79,18,7,32.67,0.8963,0.1846,0.021105,4.428
40209,520,442,962,229,38,106,7.17,0.9207,0.5413,0.190877,41,2,3,25.12,0.9366,0.0833,0.005215,4.363
40235,520,372,892,250,35,181,346.00,0.9671,0.6102,0.248656,41,33,65,293.69,0.4601,0.1708,0.019408,4.303
40254,520,268,788,179,151,253,295.25,0.9272,0.7001,0.388088,56,66,30,122.11,0.5555,0.2640,0.048309,4.456
40259,520,432,952,215,63,146,351.26,0.7981,0.5501,0.200797,37,10,36,329.01,0.6339,0.1014,0.007378,4.371
40272,520,417,937,247,16,122,3.42,0.9845,0.5732,0.215533,41,23,17,39.19,0.3809,0.1242,0.011247,4.335
40288,520,480,1000,197,43,167,337.54,0.8449,0.5095,0.163899,0,0,0,0.00,0.0000,0.0000,0.000000,4.278
40293,520,420,940,209,63,180,337.00,0.8175,0.5561,0.204076,28,15,52,296.05,0.6596,0.1084,0.008365,4.353
40299,520,411,931,238,51,104,10.57,0.9088,0.5680,0.215474,52,2,39,341.16,0.8550,0.1190,0.009201,4.484
40326,520,336,856,235,51,252,324.18,0.9889,0.6350,0.270605,20,34,116,268.42,0.9108,0.2039,0.025536,4.244
40335,520,318,838,207,118,229,319.42,0.7948,0.6568,0.318807,57,52,14,101.79,0.7170,0.2214,0.033576,4.413
40351,520,289,809,255,115,109,24.78,1.0000,0.6774,0.346288,74,50,27,63.59,0.5018,0.2411,0.038163,4.495
40352,520,455,975,210,37,165,341.65,0.8888,0.5281,0.177436,12,9,20,296.05,0.3525,0.0589,0.003240,4.272
40355,520,330,850,187,123,229,310.63,0.7399,0.6402,0.303886,8,56,58,199.20,0.8354,0.2107,0.031853,4.323
40371,520,305,825,249,96,198,343.05,0.9420,0.6703,0.325856,14,60,57,188.79,0.7628,0.2251,0.036203,4.360
40381,520,446,966,167,89,210,311.85,0.7338,0.5441,0.200141,8,22,7,142.33,0.7063,0.0837,0.006408,4.435
40390,520,421,941,241,7,127,0.52,0.9918,0.5606,0.203883,10,3,80,271.27,0.9886,0.1051,0.007088,4.447
40430,520,381,901,203,78,244,316.55,0.9326,0.6038,0.246783,52,17,72,310.50,0.7417,0.1611,0.015989,4.497
40433,520,480,1000,223,16,86,11.85,0.9747,0.5131,0.167332,0,0,0,0.00,0.0000,0.0000,0.000000,4.347
40438,520,445,965,233,0,108,5.32,1.0000,0.5363,0.184094,2,9,53,265.77,0.9462,0.0767,0.004653,4.283
40439,520,422,942,216,82,93,18.67,0.7525,0.5578,0.214262,6,30,16,155.30,0.8142,0.1090,0.010046,4.401
40448,520,392,912,226,92,67,32.53,0.8273,0.5852,0.242309,26,39,5,127.86,0.8701,0.1486,0.016816,4.375
40453,520,371,891,233,70,186,341.69,0.8683,0.6078,0.252517,58,25,51,335.83,0.5271,0.1691,0.018339,4.427
40457,520,470,990,165,76,210,312.36,0.7804,0.5219,0.178221,10,2,11,324.42,0.6106,0.0366,0.001321,4.447
40470,520,382,902,221,87,160,349.61,0.7429,0.5956,0.247289,10,46,19,148.46,0.9207,0.1644,0.020655,4.208
40478,520,474,994,187,19,222,319.00,0.9744,0.5167,0.163058,13,1,0,37.12,1.0000,0.0327,0.001073,4.172
40483,520,478,998,135,79,243,293.59,0.9086,0.5149,0.172139,3,0,11,298.58,1.0000,0.0218,0.000435,4.404
40494,520,401,921,211,74,198,331.81,0.8210,0.5817,0.228256,39,29,13,78.13,0.4682,0.1351,0.013392,4.389
40504,520,407,927,234,58,106,10.21,0.8787,0.5668,0.215621,40,12,67,302.64,0.7877,0.1324,0.011193,4.341
40505,520,341,861,244,10,248,327.46,0.9973,0.6310,0.262303,31,50,40,160.79,0.3464,0.1954,0.027256,4.042
40515,520,346,866,220,78,239,322.76,0.9258,0.6259,0.268983,39,43,66,275.95,0.3301,0.1944,0.025524,4.224
40516,520,375,895,246,3,187,343.03,0.9978,0.5962,0.232490,58,28,27,22.73,0.4488,0.1650,0.018093,4.149
40530,520,297,817,197,143,205,322.12,0.5275,0.6781,0.359239,7,68,10,143.33,0.9878,0.2388,0.042012,4.448
40558,520,401,921,239,72,76,23.77,0.9044,0.5841,0.235104,39,32,5,94.75,0.7643,0.1417,0.014753,4.403
40572,520,397,917,222,14,226,327.36,0.9903,0.5782,0.213369,13,14,93,270.19,0.9608,0.1381,0.011899,4.255
40577,520,410,930,196,109,107,22.07,0.5271,0.5730,0.237361,3,38,2,142.23,0.9883,0.1313,0.014099,4.483
40578,520,298,818,217,135,158,1.89,0.5371,0.6687,0.345500,2,64,50,172.06,0.9798,0.2323,0.039098,4.439
40579,520,362,882,159,121,239,296.29,0.7908,0.6107,0.272778,16,39,86,262.54,0.7712,0.1826,0.022330,4.463
40605,520,466,986,209,55,129,355.95,0.8050,0.5239,0.178749,15,2,28,305.31,0.8115,0.0517,0.002288,4.375
40615,520,354,874,229,79,203,335.44,0.8630,0.6197,0.265641,22,38,78,265.36,0.6444,0.1764,0.021068,4.441
40619,520,404,924,196,81,215,321.74,0.8138,0.5773,0.225283,33,31,0,106.21,1.0000,0.1308,0.013033,4.367
40625,520,379,899,218,44,243,322.07,0.9647,0.5963,0.231798,8,45,33,167.38,0.8367,0.1641,0.020381,4.004
40633,520,459,979,222,40,119,1.26,0.8930,0.5329,0.183817,19,6,23,318.14,0.5607,0.0617,0.003306,4.386
40635,520,286,806,239,113,216,334.86,0.8867,0.6869,0.351212,18,66,29,147.89,0.9241,0.2378,0.041136,4.402
40649,520,340,860,255,62,187,346.17,1.0000,0.6398,0.282965,76,15,76,328.02,0.7760,0.2027,0.024002,4.499
40655,520,425,945,247,14,41,25.58,0.9934,0.5560,0.202519,21,20,54,280.80,0.6155,0.1126,0.009261,4.261
40670,520,367,887,235,50,212,334.04,0.9443,0.6085,0.246995,61,14,67,322.96,0.7544,0.1681,0.017115,4.425
40682,520,366,886,212,60,252,318.05,0.9843,0.6052,0.242587,59,20,70,318.11,0.6967,0.1748,0.018724,4.257
40709,520,422,942,153,101,223,300.92,0.7462,0.5558,0.214076,36,22,17,40.47,0.3126,0.1146,0.009894,4.409
40711,520,457,977,218,22,154,346.95,0.9464,0.5301,0.178148,18,8,22,315.93,0.4553,0.0640,0.003602,4.256
40713,520,471,991,222,28,91,10.69,0.9439,0.5172,0.171182,6,7,0,114.52,1.0000,0.0415,0.001907,4.261
40739,520,417,937,247,26,96,12.24,0.9746,0.5692,0.213610,10,29,48,250.45,0.5960,0.1229,0.011566,4.282
40745,520,460,980,197,24,213,324.00,0.9619,0.5286,0.173293,13,9,22,297.23,0.4003,0.0609,0.003389,4.182
40753,520,453,973,169,56,248,306.40,0.9584,0.5348,0.180414,5,9,39,270.47,0.8125,0.0658,0.003741,4.287
40755,520,468,988,188,67,173,333.03,0.7524,0.5212,0.177243,5,4,9,294.97,0.3055,0.0360,0.001388,4.422
40761,520,440,960,236,10,131,358.31,0.9862,0.5525,0.196917,9,16,42,269.18,0.6480,0.0852,0.005958,4.413
40762,520,373,893,245,60,125,5.12,0.9134,0.5952,0.241281,8,30,84,263.76,0.8942,0.1553,0.016202,4.400
40768,520,466,986,150,90,198,307.67,0.6723,0.5152,0.178740,5,10,16,248.93,0.3264,0.0533,0.002868,4.327
40773,520,471,991,228,14,76,15.68,0.9834,0.5207,0.173328,2,6,3,153.28,0.4955,0.0359,0.001497,4.337
40796,520,452,972,214,42,141,351.35,0.8655,0.5273,0.178775,20,10,11,12.69,0.2749,0.0659,0.003900,4.244
40798,520,363,883,233,28,237,327.35,0.9846,0.6093,0.242711,26,9,114,274.91,0.9767,0.1690,0.016298,4.415
40803,520,316,836,252,62,230,333.43,0.9863,0.6572,0.298569,94,15,51,358.62,0.7925,0.2247,0.029607,4.379
40831,520,451,971,213,65,112,5.55,0.7844,0.5359,0.190989,4,6,53,269.37,0.9525,0.0729,0.004131,4.452
40845,520,382,902,243,49,176,346.42,0.9305,0.6029,0.243890,54,28,24,29.55,0.4219,0.1575,0.016808,4.399
40870,520,373,893,175,105,238,305.97,0.8273,0.5997,0.253907,19,39,60,251.06,0.5172,0.1640,0.019157,4.394
40878,520,424,944,242,46,47,26.91,0.9593,0.5617,0.210398,53,1,29,353.42,0.9137,0.1146,0.008674,4.438
40894,520,368,888,237,75,164,350.70,0.8497,0.6099,0.257198,3,45,47,199.74,0.9046,0.1680,0.021013,4.326
40897,520,379,899,254,19,146,357.05,0.9919,0.5966,0.236155,3,25,102,264.33,0.9564,0.1630,0.016738,4.288
40901,520,301,821,240,92,226,331.64,0.9247,0.6653,0.316730,83,41,26,40.11,0.5835,0.2348,0.034997,4.315
40902,520,396,916,240,37,164,349.12,0.9445,0.5842,0.225318,6,38,34,183.42,0.7815,0.1408,0.015404,4.210
40903,520,480,1000,222,27,74,16.46,0.9567,0.5127,0.168106,0,0,0,0.00,0.0000,0.0000,0.000000,4.362
40914,520,412,932,200,80,190,331.04,0.7591,0.5669,0.217360,33,22,38,314.93,0.3496,0.1191,0.010371,4.429
40928,520,457,977,233,0,69,17.79,1.0000,0.5268,0.177564,23,6,19,336.66,0.5426,0.0649,0.003594,4.246
40929,520,423,943,212,79,138,355.99,0.7256,0.5606,0.214261,8,31,14,149.88,0.8070,0.1128,0.010633,4.358
40937,520,432,952,175,65,245,308.37,0.9368,0.5498,0.194879,19,26,5,124.65,0.7051,0.1030,0.008882,4.159
40946,520,453,973,191,53,206,323.62,0.8680,0.5324,0.180802,14,5,49,283.72,0.8741,0.0746,0.004236,4.255
40949,520,348,868,239,100,99,23.24,0.8462,0.6255,0.283688,32,50,2,128.60,0.9707,0.1884,0.025926,4.395
40956,520,365,885,251,9,189,343.58,0.9947,0.6078,0.243821,8,42,61,237.89,0.7466,0.1684,0.020444,4.171
40964,520,470,990,213,16,155,345.30,0.9585,0.5188,0.168856,13,2,12,330.32,0.6451,0.0403,0.001555,4.245
40965,520,446,966,199,77,141,350.82,0.6938,0.5368,0.193747,8,15,39,268.46,0.6357,0.0801,0.005397,4.400
40967,520,478,998,206,65,22,35.97,0.9459,0.5060,0.169626,0,2,6,247.65,1.0000,0.0221,0.000566,4.343
40973,520,401,921,225,70,156,350.43,0.8110,0.5798,0.227907,50,4,68,313.64,0.8872,0.1395,0.011824,4.495
40974,520,476,996,161,62,220,309.53,0.8527,0.5061,0.161903,2,1,0,82.32,1.0000,0.0176,0.000346,4.209
40976,520,466,986,228,32,42,26.01,0.9693,0.5230,0.176971,17,4,13,338.77,0.5307,0.0504,0.002351,4.336
40988,520,342,862,229,62,240,325.30,0.9482,0.6253,0.263968,47,37,70,296.50,0.4441,0.1905,0.023697,4.260
40993,520,440,960,171,76,240,307.28,0.8963,0.5531,0.201188,37,1,43,321.79,0.9122,0.0925,0.005895,4.494
41022,520,279,799,243,126,166,359.70,0.7906,0.6924,0.367321,0,61,105,247.89,1.0000,0.2540,0.043572,4.460
41073,520,351,871,252,39,211,338.16,0.9837,0.6315,0.268529,10,36,103,264.01,0.9132,0.1896,0.023054,4.360
41087,520,441,961,197,64,190,330.09,0.8085,0.5428,0.192564,24,15,24,326.45,0.2871,0.0858,0.006018,4.330
41092,520,340,860,200,110,234,315.95,0.8269,0.6373,0.293729,52,44,41,41.67,0.1133,0.1993,0.026916,4.469
41093,520,423,943,240,0,129,359.53,1.0000,0.5579,0.201135,41,19,5,52.38,0.6799,0.1130,0.009482,4.222
41095,520,380,900,245,82,1,38.92,0.9990,0.6010,0.254526,6,44,32,167.59,0.8777,0.1597,0.019443,4.385
41103,520,418,938,225,8,184,339.16,0.9890,0.5556,0.196445,19,29,38,246.18,0.2894,0.1226,0.011571,4.003
41123,520,437,957,213,14,202,331.20,0.9811,0.5459,0.187266,29,15,22,348.54,0.3296,0.0913,0.006608,4.191
41135,520,477,997,164,45,234,308.40,0.9274,0.5056,0.157105,0,3,1,156.67,1.0000,0.0232,0.000673,4.087
41141,520,366,886,208,82,230,321.40,0.8748,0.6064,0.251592,29,29,91,276.63,0.7764,0.1727,0.018952,4.374
41142,520,440,960,245,7,21,28.00,0.9971,0.5487,0.196221,28,14,15,15.03,0.3236,0.0854,0.005955,4.400
41167,520,433,953,236,41,60,23.08,0.9542,0.5475,0.197482,17,4,73,278.14,0.9659,0.1024,0.006870,4.352
41169,520,425,945,221,47,173,342.10,0.8862,0.5595,0.204247,7,29,19,161.70,0.6938,0.1073,0.009709,4.258
41172,520,363,883,232,13,245,325.36,0.9951,0.6088,0.240387,55,34,30,31.20,0.3163,0.1745,0.020501,4.119
41182,520,430,950,223,41,145,351.93,0.8919,0.5457,0.193208,29,19,10,62.78,0.3773,0.0964,0.007489,4.231
41198,520,358,878,243,86,130,6.89,0.8636,0.6211,0.273250,4,49,48,192.60,0.8991,0.1819,0.024357,4.347
41202,520,471,991,185,31,223,317.96,0.9509,0.5195,0.166233,3,4,27,272.97,0.8298,0.0440,0.001853,4.170
41205,520,418,938,245,11,104,8.80,0.9900,0.5625,0.206547,45,14,41,332.75,0.6149,0.1233,0.010321,4.253
41209,520,418,938,181,65,250,309.20,0.9658,0.5623,0.205074,4,27,57,255.88,0.8219,0.1211,0.011050,4.178
41215,520,438,958,242,15,64,20.43,0.9896,0.5485,0.195925,41,3,31,340.43,0.7925,0.0949,0.006355,4.364
41244,520,442,962,215,55,139,353.31,0.8221,0.5392,0.190459,31,11,10,24.09,0.4913,0.0827,0.005526,4.331
41255,520,470,990,204,16,190,332.17,0.9675,0.5221,0.169276,6,3,22,288.20,0.7184,0.0410,0.001618,4.248
41259,520,384,904,187,99,208,319.62,0.7127,0.5861,0.240436,21,29,75,271.53,0.7138,0.1511,0.015461,4.437
41267,520,434,954,222,65,98,12.90,0.8261,0.5487,0.201946,1,30,1,142.65,0.9932,0.1031,0.009372,4.244
41271,520,250,770,253,136,134,22.03,0.9492,0.7151,0.402151,34,74,36,144.78,0.7894,0.2736,0.053648,4.362
41274,520,430,950,236,30,102,9.04,0.9542,0.5499,0.197239,40,1,46,322.16,0.9196,0.1000,0.006701,4.360
41277,520,402,922,206,66,228,321.88,0.8978,0.5841,0.226213,14,34,37,208.08,0.4498,0.1334,0.013709,4.336
41278,520,409,929,149,114,214,298.16,0.6527,0.5697,0.232794,0,33,53,239.89,1.0000,0.1329,0.013447,4.457
41280,520,354,874,237,83,157,354.24,0.8303,0.6164,0.266281,40,37,72,285.62,0.4721,0.1842,0.022421,4.367
41281,520,417,937,172,93,235,307.03,0.8363,0.5746,0.225981,34,25,31,338.79,0.1907,0.1240,0.011343,4.499
41292,520,432,952,220,22,176,340.42,0.9580,0.5455,0.189265,26,10,52,295.97,0.7507,0.0979,0.006846,4.209
41294,520,329,849,223,83,253,320.03,0.9885,0.6454,0.289682,72,33,46,0.19,0.4771,0.2054,0.026629,4.433
41352,520,425,945,165,86,241,303.96,0.8817,0.5597,0.210063,34,1,69,298.05,0.9762,0.1124,0.007915,4.490
41357,520,376,896,224,70,201,334.55,0.8684,0.6005,0.244469,54,27,46,339.08,0.4415,0.1639,0.017655,4.353
41364,520,362,882,238,88,105,17.07,0.8445,0.6081,0.261794,0,52,5,144.14,1.0000,0.1796,0.024668,4.176
41372,520,471,991,173,0,255,307.90,1.0000,0.5188,0.161051,1,10,0,139.50,1.0000,0.0441,0.002235,4.040
41384,520,460,980,208,49,162,342.52,0.8395,0.5316,0.182172,15,7,27,300.34,0.5733,0.0616,0.003327,4.354
41395,520,448,968,236,12,80,15.25,0.9883,0.5380,0.186782,18,16,29,290.58,0.3261,0.0839,0.005879,4.237
41399,520,473,993,190,49,194,326.85,0.8559,0.5190,0.170403,12,0,6,344.97,1.0000,0.0310,0.000913,4.329
41407,520,355,875,237,102,1,46.16,0.9985,0.6150,0.275123,0,51,29,158.56,1.0000,0.1804,0.024562,4.360
41410,520,409,929,198,56,240,316.98,0.9302,0.5711,0.211268,23,9,83,279.47,0.9347,0.1263,0.010020,4.353
41422,520,397,917,251,31,98,12.41,0.9733,0.5800,0.223747,64,7,27,5.54,0.8062,0.1443,0.013213,4.331
41427,520,200,720,204,195,32,106.06,0.9063,0.7667,0.519725,28,91,8,139.96,0.9883,0.3244,0.077463,4.470
41429,520,467,987,202,78,14,41.79,0.9551,0.5159,0.180391,3,1,36,273.35,0.9786,0.0444,0.001684,4.458
41456,520,380,900,241,34,198,339.14,0.9666,0.6018,0.239250,2,42,45,202.45,0.9258,0.1570,0.018582,4.218
41468,520,453,973,174,41,250,308.29,0.9744,0.5315,0.174875,27,5,23,334.99,0.6459,0.0706,0.004034,4.162
41472,520,426,946,193,36,253,313.34,0.9901,0.5597,0.196923,11,27,34,228.17,0.4423,0.1096,0.009705,4.136
41551,520,368,888,242,64,164,350.94,0.8939,0.6077,0.252274,54,20,71,312.48,0.7001,0.1677,0.017396,4.485
41556,520,319,839,238,82,229,330.26,0.9249,0.6523,0.298713,39,54,57,211.24,0.2055,0.2207,0.033650,4.169
41558,520,465,985,208,31,165,341.00,0.9067,0.5208,0.171086,13,7,17,311.61,0.3741,0.0543,0.002780,4.189
41565,520,439,959,193,49,224,319.59,0.9151,0.5453,0.189173,20,17,26,299.86,0.2338,0.0867,0.006242,4.253
41586,520,445,965,239,7,47,23.89,0.9958,0.5379,0.187113,4,5,57,269.16,0.9677,0.0756,0.004297,4.367
41597,520,360,880,234,38,243,326.13,0.9789,0.6196,0.253522,5,37,94,260.88,0.9318,0.1810,0.021634,4.237
41610,520,479,999,183,15,222,317.90,0.9801,0.5088,0.156841,1,0,1,328.36,1.0000,0.0103,0.000086,4.130
41611,520,438,958,202,77,163,341.89,0.7262,0.5519,0.205104,2,24,20,179.88,0.8572,0.0894,0.007166,4.462
41620,520,460,980,216,62,80,18.78,0.8406,0.5297,0.186258,32,0,11,1.14,1.0000,0.0643,0.003313,4.432
41622,520,338,858,252,49,217,336.69,0.9843,0.6406,0.279050,57,33,73,310.28,0.5354,0.1967,0.024387,4.424
41629,520,385,905,235,59,171,346.66,0.8852,0.5937,0.237332,28,38,21,133.11,0.4143,0.1501,0.016872,4.297
41643,520,473,993,218,52,13,33.26,0.9807,0.5152,0.173931,2,2,20,274.85,0.8576,0.0327,0.001068,4.385
41645,520,228,748,248,133,236,331.17,0.9604,0.7406,0.427899,47,72,82,224.96,0.3108,0.2918,0.058481,4.405
41654,520,417,937,248,33,48,25.50,0.9782,0.5661,0.212612,20,0,88,277.13,1.0000,0.1191,0.008533,4.487
41673,520,320,840,246,46,251,327.07,0.9877,0.6495,0.285146,51,20,119,288.26,0.8858,0.2111,0.025360,4.447
41690,520,392,912,243,53,129,2.60,0.9082,0.5868,0.231891,28,38,20,132.10,0.4382,0.1499,0.016836,4.218
41696,520,434,954,205,0,234,321.25,1.0000,0.5520,0.189214,22,4,70,284.05,0.9463,0.1034,0.006996,4.197
41733,520,458,978,231,38,43,26.52,0.9626,0.5330,0.185526,9,8,29,282.11,0.5965,0.0595,0.003204,4.427
41779,520,469,989,159,54,249,303.12,0.9647,0.5200,0.168493,18,0,16,332.06,1.0000,0.0435,0.001660,4.229
41785,520,417,937,170,99,217,309.96,0.7319,0.5691,0.224801,36,26,18,60.06,0.2834,0.1246,0.011576,4.463
41809,520,348,868,254,89,59,32.54,0.9927,0.6302,0.285349,3,54,16,147.17,0.9883,0.1891,0.026950,4.358
41811,520,426,946,219,5,209,330.88,0.9948,0.5594,0.197743,26,24,28,308.03,0.0956,0.1109,0.009567,4.159
41822,520,330,850,240,116,34,48.31,0.9407,0.6444,0.311344,47,51,33,118.42,0.3080,0.2107,0.030818,4.471
41828,520,400,920,255,33,44,26.42,1.0000,0.5803,0.225334,56,20,23,17.15,0.5712,0.1449,0.014031,4.300
41835,520,456,976,189,40,227,317.94,0.9376,0.5346,0.178838,17,2,39,297.28,0.8851,0.0626,0.003091,4.310
41844,520,423,943,192,75,208,322.69,0.8064,0.5590,0.207940,24,22,46,285.64,0.4600,0.1139,0.009653,4.324
41852,520,436,956,219,21,188,336.62,0.9655,0.5502,0.192296,26,16,9,56.03,0.3536,0.0854,0.006099,4.319
41858,520,430,950,235,45,89,14.70,0.9257,0.5537,0.202633,35,5,54,308.27,0.8336,0.1044,0.007322,4.407
41880,520,433,953,205,5,227,322.85,0.9954,0.5476,0.186355,27,21,3,92.45,0.7354,0.0973,0.007759,4.092
41883,520,473,993,230,26,44,25.12,0.9776,0.5243,0.177467,12,0,0,29.23,1.0000,0.0282,0.000782,4.479
41884,520,299,819,241,119,151,5.11,0.7805,0.6727,0.341314,32,63,27,140.97,0.7712,0.2344,0.039411,4.377
41894,520,370,890,240,16,227,331.37,0.9926,0.6112,0.244447,6,38,74,254.38,0.8283,0.1657,0.019193,4.255
41906,520,352,872,228,35,255,322.04,1.0000,0.6167,0.249182,8,54,22,149.09,0.9575,0.1918,0.027478,3.862
41908,520,478,998,184,82,120,358.90,0.6050,0.5107,0.175825,4,0,1,359.68,1.0000,0.0171,0.000280,4.491
41917,520,389,909,195,83,235,315.94,0.8776,0.5919,0.237880,52,17,64,316.37,0.7031,0.1547,0.015012,4.428
41920,520,463,983,226,24,114,2.80,0.9510,0.5304,0.180397,5,8,20,269.12,0.4603,0.0508,0.002564,4.383
41922,520,361,881,235,4,254,324.13,0.9988,0.6189,0.249072,11,14,122,267.40,0.9843,0.1765,0.017902,4.404
41924,520,460,980,233,25,15,29.38,0.9863,0.5281,0.180565,8,11,16,259.70,0.2049,0.0580,0.003284,4.327
41929,520,475,995,193,62,172,334.95,0.7784,0.5232,0.177629,1,0,31,268.61,1.0000,0.0348,0.001054,4.459
41936,520,372,892,225,73,203,334.24,0.8671,0.6065,0.250867,18,24,100,270.44,0.9210,0.1654,0.017019,4.489
41956,520,424,944,189,73,219,318.68,0.8383,0.5595,0.206996,27,4,72,288.33,0.9389,0.1110,0.007877,4.440
41976,520,470,990,224,45,42,27.52,0.9458,0.5234,0.178940,19,1,8,353.33,0.7788,0.0441,0.001777,4.422
41989,520,475,995,203,9,190,331.91,0.9817,0.5185,0.166115,10,0,0,29.23,1.0000,0.0255,0.000645,4.267
41994,520,470,990,143,83,228,298.72,0.8212,0.5175,0.176278,1,4,22,264.82,0.8658,0.0384,0.001512,4.393
42005,520,434,954,194,52,224,319.80,0.9088,0.5493,0.193086,1,27,11,154.42,0.9764,0.0954,0.008144,4.181
42023,520,430,950,230,52,110,7.31,0.8810,0.5548,0.204076,20,21,31,279.96,0.2354,0.0987,0.007840,4.393
42033,520,414,934,228,79,20,38.33,0.9659,0.5659,0.221392,13,30,31,200.51,0.4041,0.1181,0.011130,4.440
42034,520,422,942,225,73,77,23.10,0.8447,0.5590,0.213111,16,29,20,153.61,0.3869,0.1130,0.010394,4.357
42036,520,435,955,183,48,249,310.90,0.9680,0.5490,0.190218,37,9,5,32.10,0.7151,0.0879,0.005997,4.290
42037,520,440,960,218,39,178,339.56,0.9093,0.5513,0.195731,27,18,5,76.68,0.5629,0.0904,0.006766,4.329
42041,520,455,975,230,39,34,28.31,0.9641,0.5307,0.183925,5,6,41,272.76,0.8858,0.0617,0.003226,4.395
42043,520,330,850,236,84,205,336.81,0.8814,0.6380,0.285838,32,58,4,132.63,0.9682,0.2149,0.033419,4.026
42055,520,475,995,215,3,154,345.95,0.9922,0.5190,0.168477,2,6,0,132.12,1.0000,0.0347,0.001432,4.248
42059,520,442,962,231,16,133,356.79,0.9732,0.5447,0.190559,25,7,38,308.16,0.7016,0.0806,0.004986,4.375
42063,520,349,869,237,52,243,326.72,0.9678,0.6329,0.269341,17,53,17,143.40,0.9204,0.1908,0.027058,4.144
42065,520,468,988,140,84,230,297.02,0.8281,0.5172,0.176294,3,5,12,265.74,0.4024,0.0378,0.001544,4.390
42086,520,410,930,191,88,206,322.41,0.7548,0.5738,0.225133,1,37,31,179.11,0.9673,0.1341,0.014285,4.280
42092,520,364,884,221,85,201,333.92,0.8213,0.6128,0.260883,62,29,14,44.09,0.6321,0.1710,0.019347,4.483
42098,520,348,868,233,62,231,328.55,0.9429,0.6260,0.265408,44,5,122,284.53,0.9780,0.1932,0.020491,4.474
42142,520,391,911,240,47,159,351.17,0.9199,0.5882,0.230645,55,23,32,3.63,0.4875,0.1516,0.015294,4.298
42149,520,462,982,237,10,8,29.07,0.9954,0.5316,0.182424,7,6,30,280.19,0.7026,0.0544,0.002692,4.411
42173,520,457,977,154,73,243,301.06,0.9144,0.5294,0.181065,5,7,39,272.30,0.8497,0.0619,0.003307,4.335
42176,520,470,990,199,23,200,328.01,0.9544,0.5224,0.169268,15,0,7,347.43,1.0000,0.0354,0.001169,4.285
42180,520,408,928,237,13,173,345.18,0.9856,0.5737,0.213125,36,30,18,84.20,0.3180,0.1349,0.013473,4.145
42185,520,367,887,251,53,140,0.17,0.9615,0.6059,0.249523,63,18,58,332.37,0.6798,0.1705,0.017950,4.408
42190,520,397,917,232,85,19,39.82,0.9697,0.5814,0.237027,23,35,36,202.56,0.2262,0.1420,0.015116,4.408
42191,520,377,897,247,9,187,343.29,0.9938,0.5992,0.235606,59,17,59,327.73,0.6880,0.1628,0.016466,4.297
42198,520,357,877,221,91,197,335.41,0.7938,0.6185,0.268876,4,36,95,261.13,0.9469,0.1792,0.021136,4.483
42205,520,435,955,219,63,140,354.63,0.8070,0.5549,0.205109,14,15,51,276.57,0.7212,0.0940,0.006740,4.496
42227,520,369,889,160,119,235,297.91,0.7681,0.6053,0.266655,8,45,44,192.42,0.7673,0.1685,0.021102,4.454
42231,520,399,919,197,95,173,337.10,0.6496,0.5750,0.230734,55,21,23,18.26,0.5439,0.1449,0.014105,4.379
42238,520,478,998,96,94,250,277.22,0.9646,0.5094,0.173937,4,0,2,344.76,1.0000,0.0178,0.000302,4.452
42246,520,392,912,238,42,181,343.53,0.9391,0.5916,0.231722,2,29,84,261.47,0.9658,0.1504,0.015316,4.313
42248,520,418,938,242,45,58,24.33,0.9557,0.5623,0.210629,55,8,1,34.43,0.9640,0.1205,0.009882,4.352
42252,520,424,944,231,11,179,342.04,0.9865,0.5649,0.204857,2,17,72,264.22,0.9465,0.1118,0.008816,4.333
42261,520,478,998,170,90,135,346.59,0.5180,0.5080,0.176087,6,1,0,47.34,1.0000,0.0238,0.000604,4.468
42263,520,441,961,205,78,112,6.93,0.7044,0.5379,0.195998,30,0,54,304.08,1.0000,0.0897,0.005424,4.438
42270,520,319,839,229,117,153,1.06,0.6893,0.6516,0.316828,57,51,34,90.88,0.2964,0.2223,0.033530,4.392
42276,520,335,855,235,118,28,51.08,0.9454,0.6394,0.307055,7,55,41,168.47,0.9069,0.2001,0.029375,4.498
42283,520,67,587,231,229,243,292.59,0.3841,0.9156,0.794986,11,122,2,142.10,0.9988,0.4249,0.139940,4.449
42315,520,438,958,241,31,66,20.82,0.9711,0.5529,0.200774,4,5,70,267.82,0.9819,0.0913,0.005765,4.497
42317,520,375,895,251,56,105,12.48,0.9660,0.5978,0.243610,64,14,41,351.17,0.7037,0.1578,0.015643,4.473
42332,520,398,918,240,38,155,352.07,0.9393,0.5808,0.222811,24,25,70,277.38,0.6886,0.1399,0.013316,4.309
42344,520,402,922,232,72,102,13.91,0.8378,0.5764,0.227527,38,26,8,75.62,0.5867,0.1252,0.011684,4.499
42349,520,480,1000,217,7,125,356.47,0.9823,0.5108,0.163869,0,0,0,0.00,0.0000,0.0000,0.000000,4.277
42407,520,433,953,229,52,89,14.94,0.8948,0.5473,0.198381,27,14,49,297.25,0.6521,0.1030,0.007688,4.306
42413,520,477,997,201,7,177,335.17,0.9813,0.5059,0.157457,1,0,18,273.67,1.0000,0.0236,0.000501,4.108
42430,520,447,967,232,20,110,5.09,0.9682,0.5399,0.187849,17,12,44,285.70,0.6680,0.0849,0.005640,4.275
42435,520,316,836,254,100,147,4.40,0.9785,0.6638,0.322950,6,60,45,168.90,0.9337,0.2180,0.034597,4.409
42437,520,362,882,192,113,193,326.60,0.6064,0.6084,0.268681,57,37,1,77.43,0.9574,0.1795,0.021953,4.429
42452,520,417,937,201,85,174,337.53,0.7081,0.5667,0.219722,37,23,24,14.34,0.2540,0.1205,0.010721,4.442
42454,520,367,887,236,35,220,332.16,0.9722,0.6064,0.242049,40,2,113,284.65,0.9894,0.1745,0.016867,4.368
42463,520,309,829,227,118,173,350.01,0.6936,0.6577,0.323070,5,62,24,149.02,0.9817,0.2191,0.035433,4.367
42480,520,420,940,211,75,142,353.31,0.7404,0.5553,0.208361,50,11,0,40.36,1.0000,0.1141,0.009176,4.366
42514,520,387,907,192,101,192,327.26,0.6597,0.5872,0.243208,15,41,29,161.70,0.6175,0.1527,0.017761,4.327
42531,520,461,981,198,31,205,326.31,0.9378,0.5279,0.173952,19,4,3,28.34,0.6042,0.0496,0.002319,4.281
42532,520,455,975,217,61,70,22.31,0.8638,0.5285,0.185339,20,6,9,5.33,0.4410,0.0572,0.002987,4.441
42551,520,440,960,217,79,52,33.04,0.8610,0.5481,0.205940,14,24,8,134.58,0.5829,0.0938,0.007641,4.440
42555,520,379,899,255,3,163,351.79,1.0000,0.6021,0.239731,72,7,25,11.37,0.8500,0.1609,0.016001,4.390
42568,520,406,926,210,70,207,328.76,0.8500,0.5810,0.225888,50,22,6,48.67,0.7144,0.1344,0.012652,4.404
42574,520,434,954,209,61,173,339.36,0.8140,0.5503,0.199119,19,15,49,284.04,0.6576,0.0965,0.007018,4.369
42577,520,456,976,224,28,112,3.38,0.9374,0.5275,0.178504,17,3,33,302.29,0.7993,0.0598,0.002941,4.316
42588,520,455,975,233,35,24,29.33,0.9744,0.5337,0.185948,8,11,21,270.30,0.3423,0.0603,0.003451,4.414
42598,520,294,814,231,129,175,352.53,0.6891,0.6833,0.357867,18,65,42,158.34,0.8396,0.2376,0.040762,4.494
42611,520,40,560,253,234,249,332.84,0.9469,0.9493,0.865684,7,128,0,142.20,1.0000,0.4445,0.154828,4.470
42613,520,374,894,225,33,242,324.22,0.9793,0.6013,0.235083,15,41,45,208.68,0.5315,0.1592,0.018768,4.146
42614,520,448,968,163,66,254,302.59,0.9920,0.5422,0.188392,6,20,17,178.77,0.4867,0.0794,0.005795,4.273
42617,520,259,779,249,141,93,43.98,0.8979,0.7099,0.399826,34,74,41,147.84,0.7271,0.2748,0.053976,4.326
42624,520,263,783,246,109,242,328.69,0.9618,0.7052,0.369433,66,62,25,103.15,0.5966,0.2622,0.046737,4.336
42627,520,380,900,245,46,172,348.00,0.9380,0.6027,0.243482,20,38,54,246.72,0.4475,0.1580,0.018012,4.315
42652,520,394,914,236,13,198,337.85,0.9893,0.5854,0.222008,19,6,100,273.37,0.9822,0.1418,0.011887,4.395
42654,520,332,852,234,57,249,324.53,0.9777,0.6355,0.272606,72,16,80,322.37,0.7764,0.1995,0.023277,4.403
42663,520,319,839,228,84,243,323.83,0.9448,0.6475,0.293078,55,25,116,290.96,0.8329,0.2189,0.027684,4.416
42665,520,420,940,199,60,223,321.29,0.8929,0.5637,0.207031,9,4,80,270.52,0.9858,0.1059,0.007240,4.490
42683,520,414,934,225,57,152,350.87,0.8490,0.5651,0.212034,56,0,16,10.71,1.0000,0.1151,0.008783,4.458
42686,520,460,980,202,25,208,326.67,0.9583,0.5341,0.178077,12,1,41,288.28,0.9547,0.0574,0.002600,4.336
42697,520,405,925,255,22,39,26.50,1.0000,0.5752,0.219842,60,6,10,22.54,0.8890,0.1302,0.011130,4.414
42739,520,330,850,240,92,166,352.45,0.8389,0.6364,0.289355,2,35,123,263.33,0.9855,0.2077,0.026448,4.439
42743,520,475,995,194,6,217,322.32,0.9920,0.5212,0.166109,0,2,18,262.27,1.0000,0.0289,0.000871,4.248
42747,520,309,829,254,63,220,336.51,0.9945,0.6557,0.297963,36,16,144,275.10,0.9730,0.2238,0.027591,4.485
42755,520,468,988,221,39,88,12.65,0.9134,0.5209,0.175305,8,4,11,312.64,0.3903,0.0399,0.001626,4.364
42761,520,459,979,175,43,247,309.14,0.9604,0.5318,0.175580,12,10,14,307.77,0.1458,0.0585,0.003270,4.235
42766,520,450,970,231,21,112,4.26,0.9648,0.5388,0.186981,34,2,7,13.78,0.8449,0.0708,0.003989,4.389
42768,520,334,854,242,50,242,328.17,0.9722,0.6392,0.275719,17,50,65,230.85,0.6225,0.1987,0.027819,4.186
42773,520,432,952,245,11,3,29.42,0.9979,0.5489,0.196619,15,22,30,252.14,0.2653,0.0965,0.007691,4.275
42796,520,428,948,210,4,231,323.21,0.9969,0.5590,0.195599,18,13,57,281.25,0.7795,0.0991,0.007118,4.300
42820,520,449,969,236,1,91,11.44,0.9989,0.5381,0.186131,15,14,14,17.33,0.0255,0.0700,0.004473,4.335
42822,520,359,879,182,115,226,310.44,0.7392,0.6178,0.276982,43,40,55,293.77,0.2255,0.1843,0.023070,4.475
42842,520,375,895,255,25,134,1.20,1.0000,0.5962,0.236802,9,24,96,266.66,0.9394,0.1563,0.015558,4.375
42862,520,468,988,217,25,130,355.21,0.9315,0.5186,0.170612,8,5,2,76.35,0.3943,0.0391,0.001646,4.272
42863,520,410,930,184,87,211,318.37,0.7633,0.5653,0.217110,43,1,73,304.52,0.9750,0.1297,0.010164,4.440
42865,520,423,943,194,42,251,313.87,0.9800,0.5632,0.200916,45,11,6,31.66,0.7574,0.1057,0.008105,4.318
42880,520,319,839,233,100,191,341.59,0.8148,0.6468,0.302019,73,43,14,61.40,0.6974,0.2206,0.031761,4.305
42881,520,451,971,224,46,124,0.27,0.8771,0.5429,0.192592,12,15,24,270.01,0.2732,0.0738,0.004858,4.422
42893,520,452,972,190,93,72,33.54,0.6511,0.5260,0.192453,31,5,1,37.24,0.8861,0.0695,0.004021,4.488
42895,520,476,996,220,40,46,25.81,0.9478,0.5118,0.169332,1,2,1,144.61,0.3698,0.0208,0.000521,4.341
42896,520,399,919,203,91,182,335.23,0.7050,0.5826,0.235577,55,20,28,7.82,0.5456,0.1446,0.013965,4.465
42908,520,429,949,241,30,11,30.04,0.9914,0.5473,0.196569,0,23,47,250.11,1.0000,0.1005,0.008180,4.238
42911,520,366,886,254,57,123,6.87,0.9895,0.6093,0.254307,37,42,35,136.69,0.1431,0.1747,0.021706,4.244
42917,520,430,950,121,107,240,283.86,0.8462,0.5466,0.208712,49,3,16,9.10,0.8515,0.1043,0.007556,4.495
42920,520,422,942,215,82,91,19.50,0.7515,0.5556,0.212393,6,29,24,176.81,0.6792,0.1084,0.009834,4.385
42922,520,301,821,255,98,171,354.58,1.0000,0.6713,0.329388,52,58,3,116.16,0.9442,0.2323,0.037628,4.330
42924,520,357,877,225,79,219,329.52,0.8847,0.6223,0.267161,44,37,50,309.10,0.2174,0.1751,0.020889,4.474
42931,520,467,987,209,3,178,336.95,0.9931,0.5207,0.168369,17,0,19,324.78,1.0000,0.0437,0.001662,4.227
42934,520,459,979,229,39,64,21.34,0.9469,0.5323,0.184822,8,8,30,279.34,0.6260,0.0594,0.003190,4.415
42938,520,398,918,254,37,33,28.42,0.9961,0.5794,0.225076,46,20,56,315.73,0.6048,0.1444,0.013667,4.321
42969,520,472,992,228,26,15,29.47,0.9850,0.5179,0.172702,14,0,0,29.23,1.0000,0.0310,0.000934,4.372
42982,520,376,896,223,35,249,322.13,0.9798,0.6040,0.237317,18,37,57,251.09,0.5107,0.1558,0.017471,4.258
43015,520,339,859,226,92,225,327.96,0.8751,0.6431,0.292613,14,55,15,143.58,0.9499,0.1961,0.028601,4.359
43016,520,388,908,255,45,83,18.47,1.0000,0.5927,0.237651,6,33,74,258.85,0.8562,0.1523,0.016208,4.345
43019,520,402,922,248,50,72,21.63,0.9614,0.5802,0.227091,34,31,8,101.97,0.6315,0.1333,0.013376,4.372
43039,520,457,977,164,62,241,305.83,0.9195,0.5279,0.176893,23,5,12,355.87,0.5522,0.0602,0.003173,4.267
43040,520,400,920,247,1,150,354.15,0.9990,0.5804,0.220013,49,14,55,321.52,0.6974,0.1389,0.012430,4.325
43041,520,336,856,247,73,197,341.73,0.9408,0.6405,0.285735,7,56,31,155.58,0.9462,0.2004,0.029723,4.211
43045,520,336,856,226,75,255,320.67,1.0000,0.6428,0.284229,69,30,64,332.33,0.5553,0.2035,0.025641,4.419
43063,520,369,889,255,59,106,12.98,1.0000,0.6083,0.254322,22,30,90,271.40,0.8166,0.1686,0.018372,4.451
43089,520,395,915,251,11,146,356.32,0.9911,0.5887,0.228274,66,4,13,19.80,0.9252,0.1416,0.012743,4.435
43099,520,464,984,228,3,101,6.97,0.9952,0.5244,0.175016,5,1,35,279.00,0.9641,0.0454,0.001753,4.348
43103,520,476,996,201,39,169,337.93,0.8690,0.5150,0.167350,3,2,3,326.14,0.1845,0.0248,0.000694,4.288
43114,520,455,975,223,54,40,29.45,0.9320,0.5290,0.184823,7,7,31,278.27,0.6876,0.0572,0.002960,4.434
43121,520,388,908,243,72,65,27.09,0.9347,0.5899,0.240743,10,40,41,198.26,0.6531,0.1519,0.017421,4.312
43141,520,425,945,249,14,48,24.38,0.9933,0.5610,0.206709,14,6,82,273.26,0.9730,0.1143,0.008328,4.401
43143,520,439,959,244,18,48,24.35,0.9897,0.5515,0.198826,43,0,32,340.60,1.0000,0.0945,0.006180,4.429
43148,520,344,864,254,33,215,337.51,0.9948,0.6346,0.270681,26,38,88,269.72,0.6906,0.1876,0.023103,4.387
43164,520,449,969,156,79,237,302.32,0.8723,0.5350,0.187747,8,8,45,275.23,0.8424,0.0715,0.004147,4.391
43166,520,368,888,248,8,201,339.69,0.9956,0.6085,0.243504,4,47,21,151.96,0.9677,0.1660,0.021129,4.126
43169,520,477,997,176,55,203,319.58,0.8412,0.5080,0.162754,5,1,4,334.75,0.5642,0.0245,0.000627,4.202
43175,520,469,989,230,22,26,27.94,0.9853,0.5210,0.174744,1,9,7,179.93,0.7497,0.0441,0.002172,4.308
43178,520,430,950,229,16,144,352.66,0.9719,0.5452,0.190450,1,30,8,149.17,0.9868,0.1045,0.009525,4.039
43188,520,448,968,187,46,233,315.74,0.9320,0.5404,0.184032,4,21,20,190.38,0.6239,0.0820,0.006126,4.170
43209,520,447,967,134,90,249,290.77,0.9370,0.5363,0.192201,17,18,0,112.19,1.0000,0.0780,0.005518,4.363
43214,520,474,994,170,60,230,310.40,0.8857,0.5250,0.174918,11,0,14,321.88,1.0000,0.0335,0.001029,4.408
43240,520,432,952,190,62,218,319.76,0.8671,0.5480,0.194557,48,5,12,16.02,0.8186,0.1042,0.007636,4.243
43259,520,407,927,176,87,231,310.07,0.8340,0.5680,0.218168,56,15,12,27.41,0.7309,0.1340,0.012091,4.319
43268,520,414,934,252,32,5,30.45,0.9968,0.5713,0.217432,33,18,57,298.10,0.6440,0.1238,0.010514,4.419
43277,520,188,708,229,172,232,324.82,0.7191,0.7861,0.519904,56,88,18,131.32,0.9148,0.3308,0.078637,4.430
43283,520,475,995,196,9,208,325.13,0.9859,0.5185,0.164869,10,1,7,337.87,0.6952,0.0321,0.001016,4.212
43284,520,400,920,219,22,235,324.44,0.9850,0.5817,0.216341,2,31,67,255.48,0.9189,0.1391,0.013980,4.163
43303,520,470,990,141,71,254,294.81,0.9916,0.5208,0.173250,0,6,25,257.86,1.0000,0.0445,0.002004,4.293
43313,520,357,877,209,90,228,321.94,0.8560,0.6168,0.264706,47,41,13,97.32,0.6298,0.1778,0.022193,4.359
43321,520,460,980,209,15,192,332.92,0.9734,0.5323,0.177048,7,9,21,274.46,0.4110,0.0552,0.002947,4.288
43342,520,469,989,216,58,33,31.79,0.9355,0.5184,0.177374,7,5,17,291.35,0.4782,0.0441,0.001942,4.377
43353,520,341,861,240,107,31,45.00,0.9491,0.6292,0.291425,59,40,54,336.34,0.2839,0.2038,0.027138,4.426
43367,520,420,940,207,62,187,334.08,0.8279,0.5557,0.203004,36,8,57,306.17,0.7958,0.1126,0.008442,4.329
43369,520,473,993,221,47,16,31.99,0.9785,0.5169,0.174453,5,3,7,309.52,0.3278,0.0324,0.001127,4.390
43373,520,456,976,189,42,223,318.86,0.9274,0.5328,0.178038,12,3,35,291.05,0.8341,0.0562,0.002646,4.332
43375,520,470,990,229,18,32,26.78,0.9878,0.5178,0.171979,15,3,8,350.57,0.5386,0.0437,0.001842,4.282
43385,520,272,792,199,145,230,312.55,0.6978,0.6968,0.381068,10,72,32,149.97,0.9689,0.2566,0.048033,4.397
43392,520,382,902,223,75,184,339.95,0.8226,0.5951,0.241831,52,10,84,304.67,0.8588,0.1640,0.015873,4.430
43412,520,434,954,194,32,236,317.46,0.9646,0.5451,0.185599,31,17,36,316.81,0.4423,0.1048,0.008196,4.048
43461,520,428,948,200,63,212,324.45,0.8632,0.5607,0.205894,14,24,26,211.36,0.2513,0.0993,0.008212,4.396
43463,520,199,719,230,161,237,323.50,0.8168,0.7677,0.484285,9,80,122,242.43,0.8879,0.3234,0.072001,4.379
43475,520,442,962,196,91,96,19.08,0.6228,0.5379,0.200642,30,13,10,30.86,0.4316,0.0849,0.005858,4.487
43480,520,391,911,231,11,226,329.53,0.9938,0.5934,0.227218,29,15,92,280.72,0.9007,0.1501,0.013755,4.348
43487,520,294,814,225,106,254,319.36,0.9927,0.6779,0.334731,8,61,83,231.92,0.8469,0.2404,0.040134,4.268
43490,520,400,920,205,37,250,317.23,0.9777,0.5766,0.212060,13,23,86,268.84,0.9063,0.1446,0.013702,4.114
43499,520,468,988,157,60,250,301.85,0.9671,0.5242,0.173024,12,1,18,315.21,0.8042,0.0396,0.001436,4.336
43502,520,475,995,231,5,8,28.87,0.9974,0.5174,0.171181,3,5,1,127.14,0.6269,0.0334,0.001301,4.311
43535,520,407,927,244,48,16,31.54,0.9867,0.5650,0.213878,22,23,61,278.02,0.6404,0.1259,0.011203,4.312
43553,520,474,994,129,80,252,289.98,0.9733,0.5180,0.174326,2,4,6,240.75,0.2914,0.0314,0.001129,4.387
43554,520,457,977,238,7,13,28.63,0.9968,0.5332,0.183615,3,16,1,139.10,0.9654,0.0616,0.003921,4.333
43569,520,448,968,207,3,212,327.07,0.9962,0.5396,0.180859,10,8,56,274.97,0.9037,0.0838,0.005237,4.179
43575,520,447,967,177,75,214,315.79,0.8052,0.5407,0.192353,22,15,7,70.77,0.3676,0.0778,0.005276,4.384
43582,520,454,974,163,73,233,306.30,0.8677,0.5329,0.184354,6,16,11,162.84,0.4187,0.0667,0.004335,4.313
43596,520,445,965,163,67,251,303.09,0.9697,0.5407,0.187664,9,22,0,131.88,1.0000,0.0827,0.006319,4.220
43598,520,322,842,232,73,255,322.31,1.0000,0.6501,0.291431,33,51,53,204.69,0.2664,0.2052,0.029480,4.296
43611,520,445,965,232,44,59,23.52,0.9450,0.5412,0.192760,22,11,39,298.93,0.6161,0.0844,0.005564,4.369
43622,520,447,967,183,76,194,323.86,0.7536,0.5375,0.191324,31,7,22,344.43,0.5987,0.0798,0.005012,4.387
43632,520,330,850,230,73,248,323.42,0.9696,0.6422,0.283675,91,13,39,7.24,0.8186,0.2120,0.026589,4.357
43644,520,454,974,141,85,242,295.13,0.8896,0.5300,0.185706,27,9,15,359.88,0.4558,0.0746,0.004629,4.315
43652,520,394,914,244,64,85,19.59,0.9272,0.5869,0.235591,34,26,59,292.48,0.5222,0.1427,0.013946,4.466
43654,520,380,900,238,70,139,359.86,0.8547,0.5966,0.244245,45,33,38,351.72,0.1885,0.1608,0.017856,4.336
43661,520,478,998,166,50,235,308.56,0.9182,0.5137,0.163871,7,0,1,9.43,1.0000,0.0219,0.000474,4.237
43678,520,453,973,198,25,217,323.25,0.9635,0.5337,0.177124,1,18,24,220.74,0.8561,0.0733,0.005050,4.126
43681,520,434,954,239,35,3,31.02,0.9974,0.5455,0.195627,25,0,66,290.37,1.0000,0.0962,0.006000,4.386
43682,520,295,815,214,130,209,329.08,0.6752,0.6764,0.348663,7,66,48,166.69,0.9397,0.2396,0.041548,4.355
43695,520,368,888,236,6,235,328.58,0.9975,0.6075,0.239639,39,37,44,298.57,0.1190,0.1665,0.019363,4.176
43709,520,460,980,190,41,218,320.44,0.9231,0.5299,0.175964,32,1,6,13.06,0.8997,0.0649,0.003420,4.230
43716,520,393,913,248,57,99,14.27,0.9465,0.5913,0.237870,31,35,13,117.77,0.5411,0.1423,0.015224,4.414
43725,520,357,877,225,72,224,328.19,0.9068,0.6178,0.260263,30,32,95,275.61,0.7682,0.1837,0.021352,4.348
43735,520,479,999,214,37,102,6.05,0.8928,0.5092,0.165810,2,0,2,328.36,1.0000,0.0139,0.000173,4.301
43741,520,374,894,249,50,141,359.23,0.9470,0.6003,0.243474,57,26,10,46.26,0.6700,0.1554,0.016307,4.426
43761,520,480,1000,216,19,112,1.39,0.9522,0.5073,0.162371,0,0,0,0.00,0.0000,0.0000,0.000000,4.247
43813,520,441,961,231,35,82,15.53,0.9458,0.5374,0.188032,27,8,49,300.57,0.7628,0.0935,0.006284,4.229
43825,520,426,946,207,96,54,40.39,0.7860,0.5569,0.218995,8,30,8,143.54,0.8902,0.1084,0.009977,4.485
43827,520,337,857,251,53,208,338.93,0.9762,0.6364,0.276127,88,14,25,18.55,0.8504,0.2025,0.024593,4.372
43835,520,449,969,232,28,89,12.75,0.9583,0.5374,0.187106,23,7,27,319.43,0.5862,0.0709,0.004133,4.380
43846,520,401,921,229,85,4,41.32,0.9931,0.5754,0.231665,27,24,65,282.40,0.6362,0.1360,0.012679,4.494
43862,520,354,874,214,90,220,325.81,0.8394,0.6193,0.267775,20,39,79,263.20,0.6687,0.1787,0.021642,4.436
43873,520,439,959,201,19,240,318.68,0.9855,0.5544,0.191761,31,15,7,47.64,0.4987,0.0897,0.006483,4.280
43883,520,446,966,199,41,207,325.93,0.9138,0.5370,0.182347,31,8,19,352.33,0.5555,0.0803,0.005120,4.215
43913,520,411,931,200,90,165,341.41,0.6663,0.5681,0.223099,4,35,10,147.28,0.9601,0.1230,0.012497,4.370
43919,520,432,952,185,83,188,326.43,0.7128,0.5467,0.201329,27,18,30,317.52,0.3109,0.0987,0.007594,4.364
43923,520,425,945,201,29,245,317.42,0.9769,0.5622,0.198903,39,10,49,316.22,0.7192,0.1132,0.008702,4.240
43933,520,414,934,227,13,208,333.08,0.9886,0.5749,0.211753,51,4,34,346.55,0.7982,0.1169,0.009062,4.432
43969,520,349,869,187,113,236,310.11,0.8095,0.6268,0.284320,7,39,101,261.78,0.9245,0.1936,0.024356,4.496
43981,520,469,989,203,35,169,338.42,0.8873,0.5161,0.167651,5,4,23,281.49,0.6926,0.0432,0.001810,4.201
43999,520,380,900,196,82,245,313.92,0.9292,0.5992,0.243641,6,37,74,255.37,0.8329,0.1629,0.018562,4.283
44004,520,400,920,255,12,79,17.44,1.0000,0.5778,0.220913,48,4,72,309.17,0.9038,0.1399,0.011832,4.381
44015,520,426,946,249,3,26,27.39,0.9988,0.5568,0.202831,38,12,36,330.44,0.5952,0.1059,0.008024,4.357
44027,520,433,953,217,59,140,353.75,0.8145,0.5471,0.197755,25,16,39,300.30,0.4945,0.0973,0.007237,4.329
44032,520,430,950,163,75,255,301.64,1.0000,0.5537,0.200391,33,9,48,309.49,0.7310,0.1022,0.007321,4.368
44042,520,438,958,222,58,115,4.79,0.8352,0.5464,0.197961,15,18,32,274.03,0.3561,0.0875,0.006384,4.398
44045,520,425,945,229,61,86,17.50,0.8747,0.5550,0.206702,50,5,29,352.58,0.7767,0.1139,0.008755,4.369
44046,520,457,977,226,45,29,29.92,0.9603,0.5264,0.181371,17,3,36,299.21,0.8223,0.0621,0.003117,4.356
44054,520,461,981,229,39,36,27.96,0.9626,0.5288,0.182394,2,7,25,263.28,0.7524,0.0487,0.002350,4.439
44057,520,469,989,218,18,140,351.64,0.9554,0.5221,0.172340,4,1,33,277.46,0.9645,0.0426,0.001573,4.311
44058,520,248,768,217,165,119,62.44,0.5239,0.7207,0.429953,49,75,8,129.52,0.9485,0.2832,0.057026,4.484
44062,520,361,881,212,80,239,320.37,0.9162,0.6160,0.259680,5,39,92,259.49,0.9209,0.1840,0.022559,4.268
44065,520,473,993,189,29,221,319.66,0.9548,0.5235,0.169194,4,1,19,288.44,0.8613,0.0315,0.000945,4.303
44067,520,410,930,214,44,214,328.16,0.9323,0.5694,0.209546,25,30,33,234.17,0.1129,0.1281,0.012450,4.156
44068,520,404,924,253,31,96,13.26,0.9863,0.5836,0.227108,50,19,15,29.08,0.5791,0.1302,0.011784,4.485
44072,520,400,920,184,81,245,310.12,0.9228,0.5811,0.226687,46,8,71,307.17,0.8423,0.1403,0.012095,4.456
44091,520,425,945,195,22,253,314.19,0.9910,0.5565,0.192691,44,14,9,31.38,0.6515,0.1094,0.008694,4.135
44094,520,399,919,248,7,131,0.46,0.9935,0.5763,0.217506,47,21,40,338.11,0.4795,0.1381,0.012939,4.250
44097,520,391,911,214,31,249,319.92,0.9806,0.5874,0.221175,54,13,66,317.48,0.7609,0.1542,0.014656,4.194
44101,520,458,978,222,58,12,34.34,0.9825,0.5291,0.185850,24,3,15,346.30,0.6817,0.0586,0.002938,4.455
44105,520,448,968,155,81,245,300.17,0.9144,0.5432,0.194463,16,16,21,285.29,0.1406,0.0782,0.005349,4.417
44108,520,447,967,233,45,28,30.01,0.9667,0.5408,0.192873,15,2,59,281.71,0.9668,0.0809,0.004607,4.448
44113,520,408,928,240,34,128,0.98,0.9459,0.5681,0.212310,31,11,80,287.15,0.8785,0.1332,0.011098,4.293
44164,520,418,938,205,67,197,330.32,0.8274,0.5635,0.210264,4,16,82,265.91,0.9585,0.1229,0.010055,4.334
44167,520,449,969,230,33,103,8.00,0.9375,0.5395,0.188929,30,6,3,33.03,0.7426,0.0703,0.004129,4.414
44175,520,462,982,221,23,129,356.36,0.9443,0.5254,0.175725,20,5,5,21.49,0.5210,0.0538,0.002682,4.285
44176,520,275,795,252,89,252,327.84,0.9896,0.6956,0.348712,47,51,102,277.37,0.5494,0.2475,0.039312,4.464
44195,520,396,916,185,113,144,352.92,0.4458,0.5767,0.241393,20,37,12,136.62,0.7282,0.1387,0.014984,4.484
44225,520,458,978,193,59,194,327.63,0.8266,0.5334,0.183620,1,12,23,242.84,0.7894,0.0578,0.003312,4.382
44245,520,368,888,184,121,184,326.78,0.5065,0.6084,0.273267,2,49,8,144.87,0.9927,0.1701,0.022270,4.473
44251,520,444,964,230,49,12,32.38,0.9866,0.5370,0.190492,30,6,29,329.28,0.6639,0.0801,0.004950,4.377
44261,520,407,927,238,64,21,33.90,0.9760,0.5675,0.219012,29,29,31,286.10,0.0410,0.1285,0.012389,4.312
44267,520,429,949,137,97,249,290.74,0.9268,0.5511,0.207072,28,20,18,34.39,0.1784,0.0996,0.007909,4.439
44269,520,466,986,176,3,253,309.13,0.9981,0.5221,0.163880,2,7,24,262.70,0.7325,0.0481,0.002308,4.089
44271,520,421,941,204,41,227,322.18,0.9450,0.5597,0.199710,23,17,55,285.81,0.6668,0.1092,0.008589,4.262
44273,520,447,967,162,79,234,305.13,0.8591,0.5404,0.192144,10,20,2,130.95,0.8737,0.0781,0.005692,4.348
44280,520,366,886,255,9,178,347.49,1.0000,0.6100,0.246733,42,7,107,287.35,0.9541,0.1736,0.017057,4.425
44291,520,453,973,230,27,97,9.68,0.9546,0.5348,0.184729,34,3,6,17.87,0.8144,0.0724,0.004184,4.332
44301,520,351,871,247,7,238,330.37,0.9979,0.6290,0.261021,61,30,61,327.15,0.5107,0.1889,0.022577,4.285
44317,520,479,999,179,61,194,323.00,0.8033,0.5128,0.168174,0,0,4,264.05,1.0000,0.0106,0.000088,4.356
44320,520,377,897,222,19,250,321.83,0.9916,0.5970,0.228996,73,10,19,18.85,0.8507,0.1645,0.016808,4.176
44325,520,412,932,241,55,28,31.37,0.9697,0.5653,0.215203,19,29,38,246.18,0.2894,0.1226,0.011571,4.307
44348,520,419,939,250,12,30,27.22,0.9952,0.5610,0.206844,30,9,65,293.56,0.8337,0.1136,0.008530,4.388
44349,520,465,985,230,8,28,26.95,0.9952,0.5169,0.170836,11,1,37,289.67,0.9435,0.0527,0.002264,4.225
44350,520,454,974,176,88,164,332.63,0.6089,0.5275,0.188910,25,7,10,10.11,0.4958,0.0664,0.003806,4.440
44352,520,360,880,245,25,228,332.26,0.9883,0.6233,0.257121,34,1,125,278.02,0.9973,0.1839,0.018424,4.489
44366,520,379,899,218,95,155,352.23,0.6945,0.6000,0.254585,28,41,28,144.67,0.3459,0.1612,0.019166,4.404
44378,520,443,963,234,33,32,28.03,0.9745,0.5352,0.186876,14,17,14,145.23,0.1214,0.0763,0.005260,4.287
44386,520,462,982,229,1,112,3.28,0.9983,0.5295,0.178525,21,0,26,320.73,1.0000,0.0535,0.002340,4.366
44392,520,412,932,235,67,62,26.74,0.9063,0.5686,0.220273,18,23,56,273.54,0.6175,0.1185,0.010269,4.484
44414,520,430,950,135,101,236,291.09,0.8194,0.5456,0.205143,8,28,2,137.79,0.9646,0.1008,0.008865,4.334
44421,520,417,937,249,5,108,7.95,0.9958,0.5707,0.213346,59,0,9,19.24,1.0000,0.1203,0.009497,4.426
44433,520,445,965,214,62,114,4.35,0.7973,0.5351,0.189586,40,1,13,5.83,0.9040,0.0821,0.005020,4.355
44434,520,373,893,244,7,191,341.52,0.9949,0.5953,0.231498,33,36,56,276.99,0.3239,0.1640,0.018706,4.097
44435,520,341,861,238,82,195,340.51,0.8790,0.6338,0.281545,67,35,42,6.42,0.4011,0.1996,0.025627,4.384
44460,520,381,901,206,63,252,316.28,0.9827,0.5987,0.237066,20,0,118,271.67,1.0000,0.1620,0.014566,4.446
44493,520,147,667,248,193,165,48.27,0.7557,0.8292,0.608147,55,97,57,145.14,0.6250,0.3648,0.096568,4.490
44499,520,432,952,226,27,160,346.97,0.9454,0.5506,0.194933,31,5,60,299.11,0.8704,0.1044,0.007261,4.277
44506,520,399,919,217,12,242,322.41,0.9937,0.5809,0.214275,37,15,71,296.11,0.7759,0.1363,0.011899,4.269
44533,520,400,920,211,20,249,319.29,0.9891,0.5783,0.211905,28,25,63,283.36,0.5967,0.1374,0.013010,4.157
44539,520,442,962,226,45,119,2.46,0.8871,0.5443,0.193802,20,16,12,67.07,0.1669,0.0791,0.005459,4.396
44555,520,369,889,164,114,254,297.12,0.9778,0.6137,0.270831,34,45,7,124.22,0.8343,0.1748,0.022322,4.436
44572,520,445,965,235,26,51,23.80,0.9782,0.5358,0.186432,3,17,36,254.28,0.7341,0.0792,0.005476,4.262
44573,520,435,955,179,50,255,308.37,1.0000,0.5499,0.190858,30,12,36,317.12,0.5648,0.0942,0.006664,4.251
44578,520,319,839,229,104,207,334.71,0.8216,0.6542,0.310658,57,51,28,95.23,0.4157,0.2209,0.033214,4.334
44579,520,426,946,238,51,72,21.16,0.9317,0.5609,0.210159,2,15,75,264.78,0.9584,0.1117,0.008625,4.438
44595,520,348,868,255,5,225,335.15,1.0000,0.6348,0.268081,21,34,101,269.04,0.8563,0.1880,0.022429,4.392
44610,520,342,862,237,42,245,326.35,0.9777,0.6281,0.262556,6,50,57,210.84,0.8398,0.1903,0.026152,4.104
44615,520,368,888,216,90,194,334.92,0.7742,0.6077,0.258082,28,36,77,272.27,0.5956,0.1748,0.020444,4.373
44618,520,434,954,204,75,163,342.36,0.7397,0.5526,0.205157,7,10,71,269.42,0.9554,0.1018,0.007171,4.463
44621,520,442,962,185,88,164,336.29,0.6315,0.5411,0.199754,2,21,11,159.93,0.8916,0.0777,0.005734,4.481
44623,520,358,878,190,106,236,312.07,0.8304,0.6190,0.273123,31,47,3,127.88,0.9473,0.1780,0.023309,4.408
44648,520,464,984,224,47,18,31.69,0.9767,0.5232,0.179268,9,6,19,294.21,0.4659,0.0493,0.002353,4.379
44650,520,287,807,241,111,216,335.39,0.9006,0.6869,0.350299,25,60,81,237.70,0.5831,0.2422,0.040323,4.432
44653,520,402,922,227,49,196,336.55,0.9178,0.5844,0.225155,57,12,0,38.69,1.0000,0.1296,0.011329,4.487
44656,520,289,809,170,147,240,294.16,0.7483,0.6752,0.357047,0,70,17,145.97,1.0000,0.2448,0.044206,4.321
44663,520,411,931,226,70,119,5.72,0.8084,0.5679,0.218836,49,14,6,35.01,0.7613,0.1179,0.009803,4.495
44675,520,319,839,228,120,142,8.24,0.6712,0.6517,0.318821,40,54,55,201.70,0.1850,0.2206,0.033652,4.409
44693,520,465,985,170,25,250,307.62,0.9788,0.5167,0.161442,10,7,17,298.19,0.3632,0.0515,0.002570,4.022
44700,520,471,991,212,61,77,19.39,0.8364,0.5202,0.178727,9,3,13,313.88,0.5377,0.0391,0.001523,4.439
44701,520,438,958,242,25,76,17.70,0.9768,0.5540,0.200977,15,18,31,273.56,0.3356,0.0870,0.006331,4.455
44703,520,441,961,213,12,201,331.47,0.9837,0.5447,0.186283,2,0,75,265.89,1.0000,0.0888,0.005209,4.280
44727,520,431,951,205,69,176,337.39,0.7830,0.5537,0.203718,21,8,64,284.20,0.8767,0.1013,0.007032,4.449
44731,520,459,979,221,56,87,15.43,0.8638,0.5347,0.188912,31,0,16,351.05,1.0000,0.0643,0.003288,4.483
44739,520,399,919,243,44,130,1.49,0.9289,0.5806,0.224710,11,19,89,268.71,0.9405,0.1398,0.012581,4.390
44741,520,336,856,247,31,240,329.87,0.9877,0.6367,0.270483,27,16,131,272.63,0.9731,0.1997,0.022421,4.425
44754,520,441,961,184,24,249,311.94,0.9811,0.5366,0.176843,7,23,25,205.91,0.4822,0.0916,0.007281,3.960
44759,520,304,824,222,131,166,355.97,0.5996,0.6709,0.345172,36,61,31,140.34,0.6160,0.2314,0.038114,4.485
44774,520,453,973,183,85,166,334.46,0.6463,0.5344,0.193187,24,12,1,69.85,0.8201,0.0723,0.004593,4.455
44794,520,468,988,175,13,250,309.33,0.9910,0.5200,0.163049,18,0,4,3.80,1.0000,0.0385,0.001374,4.147
44799,520,459,979,233,13,93,10.76,0.9839,0.5350,0.184049,17,8,7,27.47,0.2914,0.0572,0.003082,4.409
44802,520,439,959,127,99,254,286.21,0.9866,0.5488,0.205911,27,17,24,337.80,0.2573,0.0937,0.006999,4.490
44814,520,467,987,214,44,109,4.00,0.8631,0.5166,0.172041,6,2,28,285.06,0.8609,0.0428,0.001660,4.298
44819,520,478,998,219,6,125,356.87,0.9856,0.5147,0.166736,2,0,12,289.00,1.0000,0.0208,0.000394,4.301
44833,520,392,912,236,17,212,334.17,0.9883,0.5947,0.229900,19,41,14,139.96,0.7973,0.1513,0.017560,4.143
44836,520,473,993,222,38,74,17.55,0.9308,0.5191,0.174130,6,2,14,301.61,0.6561,0.0337,0.001138,4.383
44837,520,460,980,131,90,243,290.53,0.8911,0.5279,0.186086,12,6,25,296.42,0.5840,0.0554,0.002786,4.473
44838,520,472,992,179,42,227,314.88,0.9282,0.5201,0.167868,5,0,18,296.92,1.0000,0.0289,0.000759,4.292
44864,520,426,946,240,46,25,30.45,0.9748,0.5557,0.205527,18,23,45,272.47,0.4665,0.1103,0.009308,4.308
44880,520,362,882,248,84,69,28.84,0.9546,0.6141,0.267301,11,52,12,143.46,0.9607,0.1842,0.025536,4.201
44908,520,454,974,211,52,151,347.47,0.8274,0.5343,0.185414,0,17,22,216.10,1.0000,0.0690,0.004588,4.313
44932,520,441,961,188,26,247,313.46,0.9785,0.5419,0.181468,24,17,28,312.95,0.2899,0.0920,0.006789,4.076
44941,520,425,945,141,105,232,293.32,0.7846,0.5563,0.215920,11,28,14,148.31,0.6181,0.1050,0.009333,4.482
44945,520,480,1000,161,49,238,306.33,0.9243,0.5083,0.159474,0,0,0,0.00,0.0000,0.0000,0.000000,4.189
44953,520,454,974,214,54,131,356.17,0.8216,0.5331,0.185755,0,16,29,240.36,1.0000,0.0701,0.004593,4.318
44958,520,398,918,253,40,57,24.44,0.9904,0.5814,0.226994,10,29,65,261.68,0.7557,0.1359,0.013248,4.379
44980,520,444,964,197,0,240,317.78,1.0000,0.5434,0.181631,17,10,39,290.35,0.6499,0.0774,0.004827,4.225
44985,520,474,994,179,38,231,314.08,0.9428,0.5207,0.167405,3,5,3,144.86,0.2656,0.0342,0.001345,4.234
44987,520,441,961,216,67,85,17.96,0.8165,0.5365,0.192715,32,0,46,313.28,1.0000,0.0853,0.005044,4.410
45008,520,359,879,232,72,200,337.03,0.8814,0.6155,0.259632,38,46,10,120.82,0.7577,0.1821,0.023880,4.191
45021,520,369,889,254,26,163,351.98,0.9919,0.6058,0.244575,1,27,108,263.57,0.9905,0.1734,0.018729,4.286
45024,520,260,780,250,129,164,3.03,0.8705,0.7072,0.387076,35,61,108,261.29,0.6064,0.2690,0.047773,4.470
45058,520,359,879,245,2,230,331.79,0.9992,0.6194,0.251720,27,47,18,136.82,0.7044,0.1770,0.023097,4.128
45080,520,346,866,250,4,235,331.72,0.9988,0.6319,0.264121,14,19,123,268.04,0.9747,0.1851,0.019890,4.494
45096,520,231,751,212,153,249,311.55,0.8927,0.7373,0.436199,50,78,13,130.61,0.9251,0.2940,0.061558,4.358
45109,520,424,944,244,0,93,11.84,1.0000,0.5553,0.200269,3,4,86,266.13,0.9923,0.1107,0.007780,4.331
45135,520,298,818,184,134,245,303.31,0.8272,0.6669,0.338335,28,63,31,145.58,0.7706,0.2328,0.039007,4.363
45157,520,338,858,250,12,249,328.56,0.9972,0.6425,0.274295,56,21,103,297.07,0.8189,0.2012,0.023564,4.408
45161,520,426,946,211,56,190,334.20,0.8597,0.5585,0.203970,19,19,56,278.61,0.6689,0.1105,0.008897,4.312
45168,520,366,886,216,71,242,321.11,0.9384,0.6144,0.255180,2,40,80,253.66,0.9350,0.1747,0.021096,4.293
45173,520,470,990,195,84,47,38.45,0.7968,0.5153,0.181498,0,5,16,250.75,1.0000,0.0365,0.001459,4.499
45189,520,477,997,165,86,173,323.80,0.6224,0.5129,0.176729,2,1,6,294.08,0.6164,0.0213,0.000478,4.492
45199,520,386,906,252,6,146,356.43,0.9952,0.5897,0.229046,72,2,8,23.86,0.9760,0.1522,0.014389,4.334
45213,520,443,963,225,64,41,31.29,0.9248,0.5434,0.198372,16,10,48,283.87,0.7560,0.0839,0.005406,4.483
45234,520,365,885,193,109,205,322.45,0.6730,0.6092,0.266836,22,45,31,155.95,0.5162,0.1703,0.021462,4.434
45240,520,455,975,209,10,183,335.49,0.9797,0.5254,0.171934,11,14,0,117.72,1.0000,0.0625,0.003852,4.121
45251,520,480,1000,200,27,168,337.82,0.9118,0.5054,0.158923,0,0,0,0.00,0.0000,0.0000,0.000000,4.178
45256,520,479,999,204,42,144,347.73,0.8434,0.5096,0.165090,2,0,2,328.36,1.0000,0.0139,0.000173,4.287
45268,520,362,882,244,27,213,335.77,0.9826,0.6130,0.248240,35,45,18,126.03,0.5770,0.1773,0.022777,4.098
45283,520,437,957,193,45,240,315.92,0.9463,0.5547,0.195068,40,5,13,10.35,0.7493,0.0888,0.005888,4.385
45284,520,324,844,245,71,226,332.84,0.9532,0.6508,0.294127,95,10,6,29.13,0.9549,0.2119,0.026636,4.490
45299,520,348,868,230,80,223,329.77,0.9002,0.6338,0.278903,34,38,88,276.08,0.6306,0.1937,0.024308,4.426
45321,520,345,865,216,78,247,319.67,0.9560,0.6252,0.267648,43,35,81,288.33,0.5729,0.1896,0.023097,4.346
45328,520,475,995,211,49,116,1.12,0.8335,0.5172,0.173088,5,3,3,18.32,0.1648,0.0306,0.001040,4.371
45329,520,347,867,238,68,215,334.09,0.9227,0.6300,0.272203,1,33,109,262.60,0.9903,0.1867,0.021981,4.476
45330,520,349,869,240,99,131,8.97,0.8161,0.6339,0.290905,13,54,17,144.85,0.9462,0.1926,0.027643,4.391
45336,520,357,877,222,79,222,327.82,0.8848,0.6194,0.263975,44,39,52,302.42,0.2050,0.1813,0.022345,4.340
45377,520,466,986,190,2,223,319.78,0.9975,0.5182,0.163197,7,2,39,280.28,0.9349,0.0532,0.002351,4.072
45378,520,381,901,242,4,207,336.79,0.9976,0.6001,0.234721,53,27,43,343.26,0.4187,0.1609,0.017153,4.240
45386,520,422,942,164,97,222,306.45,0.7577,0.5615,0.217163,2,31,24,174.02,0.9178,0.1125,0.010588,4.410
45395,520,292,812,226,130,178,349.52,0.6532,0.6792,0.353503,19,66,19,143.21,0.9489,0.2365,0.040817,4.443
45397,520,387,907,199,64,250,314.68,0.9701,0.5875,0.227124,62,20,14,30.46,0.7047,0.1540,0.015563,4.227
45423,520,448,968,227,20,137,354.71,0.9604,0.5395,0.186401,5,8,54,269.80,0.9331,0.0782,0.004722,4.320
45425,520,302,822,249,73,237,330.96,0.9752,0.6657,0.310221,21,62,28,146.98,0.8830,0.2253,0.036884,4.146
45433,520,473,993,220,3,132,354.56,0.9928,0.5189,0.169493,3,0,25,280.33,1.0000,0.0318,0.000895,4.313
45446,520,460,980,209,0,187,334.32,1.0000,0.5257,0.171453,0,0,55,264.05,1.0000,0.0606,0.002758,4.198
45487,520,459,979,229,36,50,24.68,0.9606,0.5284,0.181530,2,10,35,262.77,0.8522,0.0622,0.003513,4.327
45491,520,186,706,231,175,223,331.32,0.6792,0.7907,0.529778,20,91,68,166.49,0.8893,0.3327,0.080479,4.443
45520,520,235,755,230,152,210,336.56,0.7031,0.7385,0.439342,34,78,50,153.73,0.6923,0.2901,0.060189,4.441
45525,520,298,818,236,128,100,35.51,0.7722,0.6676,0.341938,15,64,38,155.85,0.8923,0.2321,0.039081,4.400
45533,520,335,855,253,98,6,42.21,0.9952,0.6373,0.296346,49,43,63,297.98,0.2773,0.2031,0.027396,4.475
45534,520,355,875,251,25,202,340.18,0.9849,0.6188,0.254720,1,15,123,264.49,0.9876,0.1753,0.017780,4.496
45554,520,333,853,251,100,65,34.44,0.9660,0.6406,0.300085,19,55,4,138.36,0.9809,0.1970,0.028795,4.443
45555,520,448,968,198,40,210,324.86,0.9201,0.5367,0.181781,17,17,10,107.74,0.2368,0.0779,0.005420,4.182
45556,520,388,908,237,12,207,335.68,0.9917,0.5923,0.227753,14,41,36,179.62,0.5813,0.1547,0.018065,4.081
45573,520,339,859,245,71,204,339.05,0.9358,0.6387,0.282815,13,46,87,255.81,0.7730,0.2009,0.027275,4.307
45585,520,400,920,252,0,129,1.65,1.0000,0.5824,0.222841,63,7,30,1.41,0.7953,0.1433,0.013026,4.329
45606,520,432,952,242,27,51,24.19,0.9805,0.5510,0.199035,0,17,59,261.04,1.0000,0.0968,0.007166,4.356
45615,520,460,980,221,37,116,1.96,0.9017,0.5279,0.179589,25,3,10,0.40,0.6885,0.0583,0.002937,4.337
45618,520,480,1000,133,72,253,292.15,0.9840,0.5120,0.167131,0,0,0,0.00,0.0000,0.0000,0.000000,4.343
45626,520,474,994,231,4,47,23.38,0.9971,0.5200,0.172841,5,1,14,300.29,0.7828,0.0296,0.000857,4.382
45681,520,463,983,226,46,6,32.48,0.9927,0.5261,0.181388,5,4,30,278.08,0.8137,0.0482,0.002128,4.439
45692,520,324,844,254,98,80,29.44,0.9910,0.6451,0.303888,30,55,45,166.67,0.4224,0.2121,0.031978,4.317
45698,520,434,954,221,68,88,17.45,0.8263,0.5478,0.202135,12,9,64,274.71,0.9194,0.0954,0.006437,4.468
45702,520,455,975,204,66,136,353.00,0.7529,0.5294,0.185134,19,5,27,312.08,0.6555,0.0620,0.003261,4.415
45704,520,460,980,229,10,114,2.82,0.9835,0.5322,0.180929,9,15,0,124.17,1.0000,0.0634,0.003997,4.277
45708,520,419,939,216,54,188,336.17,0.8728,0.5643,0.208703,25,26,26,197.04,0.0184,0.1143,0.010200,4.297
45726,520,455,975,207,29,185,334.45,0.9305,0.5296,0.176489,8,10,28,275.88,0.5326,0.0621,0.003525,4.231
45727,520,440,960,169,75,241,306.46,0.9024,0.5500,0.198187,15,11,55,279.39,0.8160,0.0913,0.006167,4.419
45741,520,440,960,236,17,125,0.52,0.9756,0.5521,0.197175,1,19,44,254.59,0.9074,0.0886,0.006540,4.372
45742,520,391,911,227,67,182,341.36,0.8539,0.5924,0.237251,3,25,87,263.60,0.9584,0.1453,0.014026,4.486
45748,520,400,920,228,72,148,354.48,0.8100,0.5841,0.232694,29,17,84,282.40,0.8496,0.1438,0.013022,4.486
45764,520,466,986,209,33,167,340.64,0.9029,0.5249,0.174352,7,5,27,283.40,0.6895,0.0501,0.002328,4.287
45770,520,408,928,226,73,108,10.92,0.8059,0.5681,0.220192,9,3,99,268.49,0.9945,0.1312,0.010240,4.485
45790,520,443,963,208,22,202,329.89,0.9640,0.5394,0.182500,7,4,60,272.28,0.9691,0.0795,0.004582,4.260
45791,520,401,921,229,61,162,348.47,0.8553,0.5805,0.226068,52,22,11,40.39,0.6275,0.1387,0.013282,4.363
45795,520,447,967,211,11,197,332.05,0.9833,0.5382,0.181215,5,9,53,269.51,0.9213,0.0789,0.004847,4.216
45801,520,464,984,194,59,173,334.86,0.7922,0.5223,0.176160,0,7,35,261.13,1.0000,0.0543,0.002733,4.289
45807,520,468,988,223,43,57,23.48,0.9365,0.5217,0.177139,14,2,18,318.85,0.7168,0.0444,0.001805,4.385
45814,520,471,991,211,62,68,22.94,0.8477,0.5176,0.177138,12,3,11,330.51,0.5247,0.0414,0.001675,4.396
45835,520,464,984,221,44,51,25.16,0.9372,0.5175,0.174152,13,8,13,326.27,0.2277,0.0548,0.002883,4.239
45846,520,338,858,248,104,60,37.29,0.9422,0.6407,0.301865,18,53,53,195.25,0.6068,0.2023,0.029317,4.436
45855,520,353,873,242,26,231,330.86,0.9874,0.6202,0.253884,71,21,31,11.47,0.6576,0.1773,0.019751,4.357
45867,520,418,938,222,62,144,353.63,0.8205,0.5610,0.209909,49,16,22,11.15,0.5709,0.1250,0.010816,4.274
45870,520,478,998,172,55,213,315.54,0.8617,0.5093,0.163081,0,2,9,255.69,0.9999,0.0237,0.000631,4.208
45876,520,378,898,211,56,248,318.80,0.9667,0.5973,0.234562,50,22,65,312.14,0.6375,0.1603,0.016336,4.290
45881,520,472,992,159,62,244,303.55,0.9333,0.5237,0.173483,3,1,16,286.65,0.8389,0.0283,0.000785,4.401
45882,520,457,977,217,53,102,8.49,0.8453,0.5280,0.182597,10,12,21,274.31,0.2892,0.0640,0.003816,4.322
45883,520,354,874,240,60,204,337.60,0.9271,0.6202,0.261194,50,29,69,306.42,0.5598,0.1762,0.019866,4.454
45891,520,431,951,162,90,226,305.64,0.7956,0.5505,0.204852,6,26,34,226.77,0.6127,0.1039,0.008930,4.325
45899,520,429,949,206,14,225,323.54,0.9868,0.5497,0.188739,39,9,27,346.41,0.6259,0.0984,0.007059,4.184
45910,520,387,907,225,40,222,328.96,0.9585,0.5911,0.228014,62,17,15,26.03,0.7296,0.1494,0.014597,4.304
45926,520,380,900,244,44,163,350.57,0.9363,0.5955,0.236820,13,0,121,268.39,1.0000,0.1626,0.014659,4.436
45971,520,398,918,206,109,48,49.56,0.7926,0.5779,0.242744,3,41,2,142.26,0.9899,0.1417,0.016096,4.429
45974,520,152,672,234,185,245,320.08,0.8474,0.8237,0.587839,19,99,37,146.60,0.9734,0.3517,0.091953,4.493
45995,520,299,819,253,116,48,43.76,0.9811,0.6669,0.335901,6,57,85,239.56,0.8612,0.2291,0.036207,4.476
46002,520,356,876,251,75,105,15.37,0.9589,0.6159,0.265647,63,29,29,21.04,0.4799,0.1761,0.020243,4.494
46007,520,475,995,227,7,98,7.97,0.9889,0.5224,0.173676,4,2,18,286.54,0.7492,0.0337,0.001129,4.375
46031,520,470,990,171,42,237,310.10,0.9398,0.5163,0.164291,12,2,5,356.49,0.5689,0.0364,0.001325,4.175
46033,520,224,744,206,164,248,306.67,0.8376,0.7520,0.464506,25,84,26,143.43,0.9529,0.3012,0.066217,4.427
46037,520,479,999,160,61,228,307.38,0.8751,0.5101,0.164131,1,0,3,302.89,1.0000,0.0124,0.000130,4.271
46038,520,340,860,254,54,199,342.14,0.9929,0.6377,0.278360,52,32,88,296.60,0.6472,0.1997,0.024677,4.397
46039,520,411,931,204,18,248,317.72,0.9893,0.5655,0.200489,27,7,77,285.45,0.9188,0.1206,0.009208,4.231
46040,520,404,924,212,20,249,319.55,0.9892,0.5800,0.213387,6,33,47,234.98,0.7178,0.1319,0.013316,4.160
46044,520,451,971,212,60,133,355.54,0.7960,0.5361,0.189245,12,18,1,123.75,0.8966,0.0739,0.005130,4.340
46063,520,455,975,195,74,147,346.44,0.7014,0.5286,0.186079,1,9,34,261.25,0.9098,0.0586,0.003173,4.440
46077,520,279,799,243,132,131,21.45,0.7985,0.6923,0.371985,26,70,23,142.32,0.9216,0.2538,0.046616,4.368
46102,520,449,969,225,52,77,18.75,0.8980,0.5367,0.190021,28,8,8,21.61,0.5335,0.0722,0.004381,4.414
46104,520,348,868,250,11,229,333.12,0.9964,0.6293,0.262236,18,28,113,268.95,0.9331,0.1881,0.021512,4.366
46111,520,434,954,223,66,84,18.72,0.8451,0.5484,0.202271,24,5,60,290.73,0.8889,0.0959,0.006290,4.482
46113,520,337,857,180,126,227,307.49,0.7084,0.6362,0.301716,25,49,71,247.80,0.5021,0.2035,0.028581,4.476
46114,520,409,929,137,108,247,288.97,0.8898,0.5692,0.227587,19,36,4,132.80,0.9175,0.1335,0.014089,4.331
46116,520,376,896,203,79,243,316.74,0.9268,0.6042,0.247609,17,43,15,142.31,0.8508,0.1569,0.018814,4.325
46140,520,464,984,189,74,159,339.16,0.7014,0.5243,0.182211,12,7,5,48.32,0.2300,0.0490,0.002411,4.431
46141,520,401,921,237,75,34,34.69,0.9494,0.5787,0.231552,25,37,3,126.71,0.9115,0.1412,0.015364,4.307
46161,520,447,967,240,6,49,23.48,0.9964,0.5401,0.188806,13,10,44,281.10,0.7352,0.0779,0.004845,4.354
46166,520,399,919,209,86,164,344.36,0.7106,0.5762,0.228931,44,28,16,57.33,0.4246,0.1401,0.014034,4.356
46192,520,413,933,235,16,178,343.28,0.9816,0.5731,0.212500,17,8,86,274.34,0.9638,0.1241,0.009647,4.401
46207,520,337,857,239,47,249,325.87,0.9801,0.6370,0.272259,38,49,39,147.42,0.2273,0.1978,0.027551,4.155
46210,520,373,893,222,0,255,320.88,1.0000,0.5970,0.227517,69,11,30,6.23,0.7737,0.1601,0.015985,4.206
46211,520,451,971,208,52,178,337.15,0.8481,0.5428,0.190822,28,2,31,323.88,0.8094,0.0711,0.003893,4.469
46221,520,404,924,240,60,84,18.94,0.9098,0.5751,0.224003,23,24,66,277.62,0.6706,0.1333,0.012287,4.399
46240,520,421,941,229,70,22,35.62,0.9662,0.5566,0.210991,33,24,0,90.15,1.0000,0.1119,0.009766,4.367
46266,520,356,876,248,75,146,359.72,0.9196,0.6225,0.270672,49,42,8,97.38,0.7628,0.1825,0.023265,4.377
46268,520,249,769,243,156,24,68.98,0.9690,0.7243,0.429000,43,75,45,145.61,0.5745,0.2845,0.057351,4.462
46300,520,329,849,237,92,200,339.00,0.8687,0.6468,0.298315,59,42,49,352.35,0.2208,0.2064,0.028076,4.461
46311,520,400,920,235,37,169,346.42,0.9384,0.5771,0.218528,64,4,14,18.34,0.9138,0.1374,0.012087,4.325
46336,520,397,917,206,42,250,317.39,0.9771,0.5811,0.216815,7,19,88,266.87,0.9492,0.1368,0.012154,4.293
46353,520,466,986,195,53,183,331.75,0.8293,0.5240,0.175689,12,2,36,291.26,0.8852,0.0549,0.002490,4.300
46356,520,414,934,224,43,193,336.60,0.9239,0.5732,0.214277,54,7,22,6.40,0.7708,0.1219,0.009943,4.409
46376,520,479,999,141,90,205,301.67,0.6998,0.5090,0.173831,2,0,1,344.76,1.0000,0.0130,0.000151,4.463
46378,520,382,902,252,68,68,25.66,0.9813,0.6034,0.252506,46,35,13,82.94,0.5661,0.1602,0.018120,4.441
46381,520,477,997,220,35,3,31.39,0.9962,0.5054,0.164270,4,1,0,56.89,1.0000,0.0209,0.000475,4.245
46395,520,319,839,224,97,230,325.83,0.8798,0.6495,0.301118,2,41,126,262.45,0.9858,0.2237,0.031049,4.332
46411,520,352,872,248,85,116,12.97,0.9173,0.6248,0.277177,32,43,75,268.25,0.4757,0.1943,0.025428,4.338
46417,520,451,971,215,55,146,350.58,0.8246,0.5422,0.192571,24,11,5,48.63,0.4797,0.0713,0.004445,4.455
46427,520,415,935,240,58,18,33.00,0.9820,0.5654,0.215983,1,11,87,264.68,0.9810,0.1201,0.009338,4.482
46428,520,456,976,209,45,157,344.40,0.8514,0.5277,0.178685,5,7,34,273.01,0.7812,0.0578,0.002997,4.315
46430,520,471,991,202,49,153,344.16,0.8192,0.5160,0.170551,15,0,12,334.62,1.0000,0.0375,0.001281,4.301
46431,520,351,871,247,21,237,330.59,0.9926,0.6313,0.264279,63,8,93,308.93,0.8911,0.1883,0.020208,4.476
46440,520,436,956,221,51,145,352.09,0.8538,0.5494,0.197866,11,1,69,274.51,0.9931,0.0883,0.005225,4.488
46460,520,299,819,231,98,242,324.57,0.9362,0.6684,0.321371,70,34,97,307.85,0.6663,0.2349,0.033093,4.469
46484,520,408,928,240,13,147,353.90,0.9845,0.5676,0.209229,47,20,23,14.09,0.4657,0.1291,0.011666,4.204
46493,520,435,955,225,63,81,19.35,0.8641,0.5483,0.201594,32,12,16,8.27,0.4491,0.0877,0.006075,4.487
46502,520,441,961,202,91,58,37.20,0.7614,0.5405,0.203462,6,22,25,210.82,0.5147,0.0882,0.006827,4.460
46505,520,458,978,212,24,170,340.31,0.9400,0.5278,0.175548,9,8,35,279.79,0.6974,0.0638,0.003531,4.213
46515,520,479,999,182,55,195,323.88,0.8288,0.5119,0.166189,0,1,1,194.77,1.0000,0.0143,0.000239,4.303
46555,520,278,798,245,127,145,11.68,0.8079,0.6904,0.366382,3,73,4,142.76,0.9960,0.2549,0.047930,4.252
46564,520,478,998,165,92,140,341.39,0.4965,0.5064,0.175480,1,0,18,273.67,1.0000,0.0236,0.000501,4.465
46569,520,411,931,201,76,202,327.43,0.8031,0.5705,0.218523,3,34,14,151.98,0.9551,0.1199,0.011951,4.334
46573,520,410,930,226,54,163,346.99,0.8683,0.5693,0.214540,21,19,74,277.12,0.8192,0.1293,0.011195,4.323
46575,520,431,951,197,22,244,316.67,0.9832,0.5522,0.189772,26,6,63,291.08,0.8794,0.1027,0.007087,4.200
46577,520,186,706,230,166,254,316.52,0.9851,0.7855,0.512523,23,82,122,243.20,0.7638,0.3325,0.076215,4.457
46581,520,473,993,200,25,190,331.08,0.9404,0.5182,0.166942,8,2,2,21.00,0.4727,0.0306,0.000994,4.254
46584,520,437,957,216,33,186,336.53,0.9313,0.5487,0.192341,17,10,50,284.39,0.7690,0.0866,0.005665,4.354
46585,520,447,967,236,24,38,26.32,0.9835,0.5356,0.186293,27,10,29,323.24,0.5308,0.0826,0.005388,4.266
46595,520,475,995,220,28,116,1.15,0.9292,0.5207,0.173097,9,1,12,319.83,0.7455,0.0332,0.001063,4.369
46608,520,320,840,253,49,231,333.36,0.9913,0.6505,0.288519,30,49,70,251.80,0.4195,0.2061,0.029147,4.277
46624,520,428,948,243,7,107,7.43,0.9929,0.5583,0.202716,0,27,35,220.06,1.0000,0.1040,0.009052,4.280
46631,520,402,922,254,31,16,29.69,0.9965,0.5754,0.220920,44,16,52,318.18,0.6426,0.1319,0.011540,4.402
46655,520,268,788,252,110,215,338.80,0.9747,0.7017,0.367564,35,64,85,241.54,0.4630,0.2619,0.046798,4.314
46664,520,442,962,208,70,120,1.86,0.7465,0.5353,0.191484,6,11,51,269.95,0.8821,0.0810,0.005170,4.377
46684,520,432,952,217,57,161,345.62,0.8332,0.5546,0.202535,21,22,20,128.70,0.0554,0.0975,0.007838,4.366
46690,520,480,1000,191,39,183,330.56,0.8733,0.5056,0.159479,0,0,0,0.00,0.0000,0.0000,0.000000,4.190
46698,520,450,970,236,1,83,13.97,0.9990,0.5362,0.184823,34,2,10,7.61,0.8208,0.0716,0.004055,4.344
46727,520,430,950,228,3,167,344.88,0.9952,0.5511,0.193519,37,16,19,11.55,0.4214,0.1039,0.008110,4.191
46729,520,429,949,236,52,15,32.42,0.9847,0.5519,0.203265,0,24,49,250.41,1.0000,0.1047,0.008750,4.311
46734,520,451,971,230,27,113,4.04,0.9493,0.5396,0.188020,7,2,53,274.62,0.9762,0.0678,0.003456,4.453
46736,520,420,940,187,83,198,323.74,0.7433,0.5557,0.208298,1,12,77,264.56,0.9723,0.1086,0.008052,4.449
46745,520,409,929,158,122,158,326.35,0.3132,0.5663,0.236573,2,39,3,143.25,0.9905,0.1345,0.014705,4.429
46751,520,352,872,210,100,205,329.16,0.7521,0.6189,0.272254,53,26,93,297.51,0.7389,0.1948,0.022860,4.423
46752,520,403,923,223,36,208,332.11,0.9522,0.5763,0.215061,13,21,76,269.89,0.8784,0.1298,0.011436,4.314
46762,520,391,911,221,60,214,329.92,0.9073,0.5936,0.234611,50,26,39,346.92,0.3942,0.1523,0.015635,4.336
46769,520,410,930,224,45,183,339.63,0.9083,0.5689,0.211454,23,28,43,269.75,0.3128,0.1260,0.011871,4.226
46777,520,458,978,222,58,45,29.14,0.9176,0.5315,0.187479,8,11,26,273.18,0.4647,0.0629,0.003655,4.426
46787,520,477,997,189,46,182,330.25,0.8436,0.5068,0.161517,1,2,3,240.75,0.2913,0.0220,0.000564,4.183
46796,520,397,917,220,35,226,326.74,0.9654,0.5825,0.219108,56,21,12,35.52,0.6617,0.1441,0.014038,4.202
46806,520,437,957,202,45,211,325.65,0.9123,0.5477,0.191382,11,12,56,274.22,0.8517,0.0910,0.006196,4.295
46815,520,450,970,240,28,13,29.75,0.9896,0.5443,0.193882,14,12,26,289.36,0.3876,0.0699,0.004309,4.491
46823,520,429,949,160,107,174,319.07,0.4931,0.5451,0.210456,15,25,2,128.23,0.8960,0.0962,0.008012,4.490
46824,520,392,912,236,79,75,25.68,0.8855,0.5866,0.239358,9,42,18,149.25,0.9071,0.1503,0.017576,4.282
46825,520,437,957,146,89,247,295.56,0.9174,0.5461,0.199712,9,11,57,272.56,0.8882,0.0890,0.005928,4.465
46845,520,383,903,254,48,120,7.01,0.9906,0.6017,0.245444,8,36,64,251.59,0.7438,0.1530,0.016835,4.421
46849,520,354,874,235,32,251,324.62,0.9866,0.6241,0.256627,45,38,59,299.25,0.3110,0.1837,0.022599,4.224
46852,520,477,997,202,64,94,11.69,0.7671,0.5088,0.170336,2,0,7,299.60,1.0000,0.0177,0.000282,4.382
46867,520,211,731,252,164,113,50.32,0.9134,0.7622,0.484411,29,85,54,155.85,0.8183,0.3118,0.070243,4.444
46871,520,473,993,208,39,144,348.60,0.8636,0.5151,0.168767,7,1,0,44.62,1.0000,0.0252,0.000669,4.318
46891,520,342,862,247,35,226,333.20,0.9809,0.6295,0.264702,60,22,87,307.61,0.7482,0.1931,0.022227,4.357
46904,520,480,1000,222,31,5,30.76,0.9941,0.5073,0.165233,0,0,0,0.00,0.0000,0.0000,0.000000,4.305
46916,520,384,904,242,64,98,15.02,0.9054,0.5858,0.234291,57,8,59,326.33,0.7908,0.1487,0.013594,4.470
46917,520,421,941,250,5,5,29.10,0.9982,0.5585,0.204472,42,15,21,7.73,0.5116,0.1108,0.008881,4.322
46986,520,475,995,149,70,241,299.99,0.9089,0.5175,0.171211,6,0,13,309.70,1.0000,0.0271,0.000678,4.365
46996,520,375,895,243,37,179,345.13,0.9551,0.5971,0.236356,4,5,116,265.58,0.9952,0.1561,0.013952,4.478
47004,520,414,934,253,9,17,28.48,0.9969,0.5661,0.211223,0,31,41,223.03,1.0000,0.1194,0.011400,4.254
47006,520,411,931,223,3,221,328.84,0.9977,0.5743,0.209759,59,1,6,22.97,0.9810,0.1210,0.009648,4.355
47011,520,476,996,224,36,15,30.49,0.9828,0.5149,0.171464,1,1,9,276.31,0.7916,0.0214,0.000479,4.387
47016,520,440,960,158,80,247,300.95,0.9297,0.5472,0.197222,2,25,2,142.90,0.9792,0.0878,0.007125,4.328
47021,520,387,907,194,80,238,315.07,0.8945,0.5888,0.233809,60,20,10,35.20,0.7353,0.1495,0.014830,4.378
47026,520,437,957,201,35,229,320.98,0.9565,0.5527,0.192783,40,5,20,357.67,0.7302,0.0911,0.006102,4.328
47028,520,452,972,235,9,25,27.48,0.9953,0.5278,0.179310,5,14,22,244.00,0.4478,0.0652,0.004043,4.243
47038,520,291,811,254,69,251,328.75,0.9966,0.6789,0.322950,104,20,12,29.87,0.9176,0.2417,0.034704,4.403
47042,520,470,990,189,29,216,320.90,0.9497,0.5196,0.166568,2,2,27,272.34,0.9311,0.0379,0.001354,4.217
47043,520,288,808,229,101,255,320.54,1.0000,0.6774,0.331873,24,46,124,266.71,0.8662,0.2401,0.036032,4.439
47045,520,444,964,186,58,224,317.13,0.8873,0.5422,0.188482,13,13,34,280.95,0.5237,0.0760,0.004889,4.345
47072,520,407,927,222,23,210,331.34,0.9750,0.5701,0.207979,50,17,15,25.71,0.6082,0.1266,0.011136,4.220
47075,520,361,881,253,63,156,355.89,0.9777,0.6237,0.268414,34,43,53,251.30,0.2115,0.1825,0.023248,4.347
47077,520,479,999,200,52,144,347.26,0.7993,0.5107,0.167509,2,0,3,318.71,1.0000,0.0147,0.000195,4.333
47103,520,391,911,224,48,220,329.17,0.9425,0.5931,0.231308,18,37,47,232.84,0.4308,0.1498,0.016569,4.226
47109,520,418,938,188,65,238,314.04,0.9098,0.5629,0.206461,51,14,0,43.47,1.0000,0.1206,0.010180,4.262
47135,520,455,975,227,43,23,30.46,0.9714,0.5265,0.181234,0,10,36,258.75,1.0000,0.0613,0.003444,4.327
47154,520,358,878,252,84,2,38.72,0.9984,0.6167,0.270440,10,48,52,205.17,0.7338,0.1826,0.024263,4.315
47161,520,462,982,214,69,16,37.20,0.9667,0.5262,0.185922,2,5,36,267.90,0.9221,0.0526,0.002488,4.495
47164,520,445,965,169,77,226,309.69,0.8331,0.5408,0.192345,7,4,62,271.88,0.9722,0.0818,0.004798,4.423
47166,520,472,992,141,85,224,298.42,0.7986,0.5151,0.175417,8,0,14,314.33,1.0000,0.0301,0.000833,4.434
47168,520,425,945,248,23,50,24.39,0.9868,0.5619,0.208032,2,21,62,261.31,0.9385,0.1097,0.008970,4.376
47184,520,410,930,253,15,35,26.72,0.9941,0.5685,0.213494,27,6,83,283.48,0.9448,0.1266,0.009878,4.401
47190,520,430,950,175,63,253,306.83,0.9855,0.5544,0.197616,18,4,70,280.04,0.9575,0.0996,0.006576,4.377
47193,520,388,908,217,98,104,19.19,0.6906,0.5864,0.244888,5,39,50,223.93,0.7980,0.1514,0.017135,4.392
47196,520,438,958,216,51,162,344.70,0.8512,0.5479,0.195775,17,16,44,281.55,0.5870,0.0927,0.006716,4.333
47199,520,253,773,240,136,202,342.54,0.8128,0.7191,0.404000,16,71,73,198.61,0.7847,0.2686,0.050974,4.496
47201,520,463,983,218,10,158,345.44,0.9780,0.5285,0.175936,19,6,4,33.52,0.4864,0.0544,0.002775,4.281
47202,520,418,938,112,110,253,279.06,0.9753,0.5554,0.216878,27,25,30,303.68,0.1128,0.1154,0.010220,4.432
47219,520,189,709,240,156,255,321.35,1.0000,0.7791,0.495238,79,77,50,104.47,0.3377,0.3244,0.072004,4.469
47220,520,364,884,229,68,215,331.77,0.9066,0.6150,0.257009,71,20,25,18.11,0.6941,0.1741,0.019103,4.443
47273,520,448,968,203,10,220,323.99,0.9892,0.5399,0.180827,33,6,5,26.31,0.7236,0.0759,0.004646,4.224
47276,520,447,967,229,59,11,34.25,0.9862,0.5441,0.198130,13,11,49,278.72,0.7750,0.0840,0.005466,4.474
47278,520,443,963,188,24,248,313.28,0.9812,0.5420,0.181232,26,15,8,53.68,0.3856,0.0830,0.005788,4.145
47282,520,480,1000,218,36,54,23.14,0.9473,0.5059,0.164362,0,0,0,0.00,0.0000,0.0000,0.000000,4.287
47298,520,341,861,249,12,233,331.96,0.9962,0.6302,0.262889,34,52,42,159.68,0.3163,0.2046,0.029632,3.929
47311,520,186,706,222,172,247,314.12,0.8556,0.7850,0.517509,0,95,8,143.28,1.0000,0.3316,0.082016,4.299
47324,520,386,906,234,31,195,338.33,0.9633,0.5859,0.224153,69,9,17,19.36,0.8529,0.1544,0.015013,4.217
47330,520,478,998,154,43,252,301.57,0.9840,0.5066,0.156265,5,0,5,328.36,1.0000,0.0213,0.000432,4.090
47337,520,458,978,194,11,228,319.62,0.9889,0.5310,0.173116,0,13,14,199.86,1.0000,0.0552,0.003195,4.194
47355,520,209,729,255,163,18,68.95,1.0000,0.7551,0.475008,7,80,102,225.18,0.9159,0.3102,0.067415,4.471
47361,520,464,984,179,60,206,319.53,0.8341,0.5201,0.172728,7,8,1,114.26,0.7183,0.0453,0.002210,4.266
47367,520,303,823,254,78,213,338.75,0.9931,0.6655,0.313268,85,38,36,24.08,0.5414,0.2346,0.034452,4.301
47399,520,369,889,216,65,249,319.66,0.9701,0.6136,0.252209,32,25,89,280.96,0.7847,0.1655,0.017236,4.495
47412,520,404,924,178,86,248,307.03,0.9344,0.5820,0.228986,45,19,44,328.66,0.5345,0.1334,0.012055,4.496
47417,520,363,883,246,4,216,335.40,0.9981,0.6128,0.246406,12,48,4,140.16,0.9795,0.1698,0.022008,4.116
47426,520,441,961,181,33,255,309.61,1.0000,0.5416,0.181325,14,9,58,278.24,0.8737,0.0903,0.005942,4.135
47427,520,328,848,250,91,169,353.40,0.9311,0.6532,0.306738,56,50,1,101.99,0.9745,0.2131,0.031242,4.391
47437,520,459,979,214,60,93,12.94,0.8216,0.5267,0.183206,10,6,34,284.61,0.7305,0.0599,0.003103,4.392
47442,520,333,853,243,79,195,341.64,0.9102,0.6389,0.285896,64,37,43,5.45,0.3404,0.1995,0.025877,4.427
47456,520,304,824,236,110,189,344.10,0.8078,0.6652,0.326612,52,49,84,286.52,0.4060,0.2344,0.035668,4.396
47470,520,248,768,254,145,43,57.56,0.9884,0.7194,0.414990,1,79,13,144.30,0.9987,0.2763,0.056272,4.375
47494,520,468,988,205,38,158,342.74,0.8695,0.5157,0.168360,9,6,3,74.90,0.3061,0.0430,0.001949,4.203
47496,520,429,949,162,71,253,302.04,0.9829,0.5458,0.192802,45,6,3,30.57,0.8867,0.0977,0.006948,4.264
47500,520,412,932,201,24,251,316.20,0.9847,0.5651,0.200373,4,11,83,266.51,0.9742,0.1165,0.008896,4.251
47505,520,392,912,237,30,195,339.02,0.9677,0.5910,0.228760,16,36,55,248.86,0.5319,0.1505,0.016477,4.193
47511,520,435,955,213,41,197,332.58,0.9170,0.5547,0.197653,28,1,59,297.70,0.9684,0.0936,0.005844,4.435
47527,520,417,937,151,100,248,295.58,0.9081,0.5705,0.224710,6,33,0,138.89,1.0000,0.1156,0.011264,4.484
47542,520,456,976,213,70,3,38.69,0.9932,0.5251,0.185354,26,2,16,346.23,0.7549,0.0600,0.003005,4.440
47556,520,409,929,239,43,125,2.45,0.9231,0.5704,0.215623,58,9,5,29.86,0.8886,0.1287,0.011060,4.350
47581,520,479,999,225,7,85,12.12,0.9898,0.5147,0.168182,2,0,2,328.36,1.0000,0.0139,0.000173,4.349
47607,520,372,892,231,6,246,324.93,0.9978,0.6065,0.237754,54,33,28,33.98,0.3312,0.1700,0.019559,4.137
47616,520,469,989,216,57,43,29.43,0.9135,0.5183,0.177021,2,7,6,183.03,0.4445,0.0397,0.001780,4.384
47624,520,431,951,247,16,6,29.44,0.9959,0.5546,0.201615,10,5,72,272.38,0.9730,0.0976,0.006409,4.461
47625,520,396,916,223,36,217,329.75,0.9594,0.5821,0.219618,1,21,88,263.61,0.9853,0.1376,0.012473,4.316
47653,520,282,802,249,126,130,19.45,0.8804,0.6907,0.366760,30,67,46,156.83,0.6259,0.2510,0.044874,4.393
47671,520,198,718,213,179,200,340.70,0.3361,0.7704,0.505572,60,82,63,148.44,0.3131,0.3241,0.073540,4.497
47677,520,370,890,228,33,253,322.50,0.9925,0.6143,0.246758,23,32,87,271.19,0.7659,0.1706,0.019032,4.299
47685,520,467,987,197,58,170,336.82,0.7965,0.5247,0.178004,2,8,13,234.06,0.5226,0.0448,0.002156,4.372
47689,520,377,897,220,85,178,341.82,0.7715,0.5994,0.249292,21,34,75,267.64,0.6626,0.1631,0.018114,4.394
47724,520,444,964,208,64,152,347.12,0.7803,0.5413,0.193457,25,4,44,303.95,0.8228,0.0803,0.004754,4.446
47726,520,372,892,212,83,217,326.23,0.8441,0.6054,0.251951,8,45,49,205.50,0.7562,0.1709,0.021501,4.223
47754,520,416,936,197,50,245,315.77,0.9522,0.5686,0.207455,29,7,78,286.97,0.9160,0.1240,0.009632,4.317
47755,520,264,784,246,111,254,325.37,0.9954,0.7147,0.381198,61,63,22,111.68,0.6567,0.2589,0.046051,4.489
47760,520,395,915,240,35,187,342.05,0.9586,0.5945,0.233181,48,19,53,321.56,0.6050,0.1437,0.013512,4.459
47765,520,150,670,225,190,249,311.30,0.8436,0.8264,0.596746,51,97,49,143.03,0.7444,0.3606,0.094747,4.468
47779,520,410,930,251,26,45,25.63,0.9861,0.5689,0.214412,60,9,15,19.27,0.8138,0.1348,0.011907,4.271
47787,520,426,946,240,5,132,358.64,0.9938,0.5600,0.203030,10,27,36,233.51,0.4889,0.1101,0.009757,4.234
47788,520,471,991,207,34,167,340.13,0.8959,0.5218,0.172016,8,2,23,295.58,0.7864,0.0412,0.001569,4.305
47798,520,364,884,211,62,252,317.71,0.9838,0.6054,0.243240,62,29,2,55.63,0.8908,0.1693,0.019074,4.245
47805,520,350,870,252,46,199,341.52,0.9806,0.6289,0.267762,83,15,28,15.18,0.8050,0.1935,0.022648,4.374
47809,520,278,798,200,134,248,309.47,0.8868,0.6871,0.361077,42,62,56,174.05,0.2690,0.2467,0.042229,4.457
47811,520,423,943,200,76,189,331.37,0.7714,0.5612,0.211240,45,7,33,342.89,0.7182,0.1091,0.008197,4.489
47824,520,456,976,181,11,249,311.30,0.9925,0.5279,0.169037,26,4,1,36.82,0.8577,0.0593,0.003087,4.126
47870,520,470,990,206,74,0,41.03,1.0000,0.5171,0.180216,16,1,0,35.30,1.0000,0.0368,0.001319,4.486
47890,520,363,883,241,18,224,332.32,0.9911,0.6115,0.245180,69,0,70,327.68,1.0000,0.1718,0.017076,4.401
47909,520,397,917,253,30,55,24.03,0.9909,0.5759,0.220908,66,2,3,27.42,0.9788,0.1376,0.012085,4.364
47914,520,425,945,199,61,222,321.51,0.8884,0.5640,0.207550,22,22,40,282.93,0.3743,0.1081,0.008976,4.367
47923,520,428,948,237,47,69,21.42,0.9396,0.5552,0.204704,28,5,60,295.54,0.8774,0.1006,0.006817,4.483
47926,520,464,984,204,13,191,331.89,0.9746,0.5219,0.168887,16,1,26,311.05,0.8625,0.0492,0.002065,4.204
47928,520,479,999,219,22,80,13.72,0.9612,0.5054,0.162158,0,0,3,264.05,1.0000,0.0094,0.000066,4.238
47930,520,423,943,200,78,180,334.61,0.7457,0.5587,0.210251,54,5,0,33.46,1.0000,0.1142,0.008930,4.416
47931,520,467,987,226,34,27,28.82,0.9705,0.5186,0.173948,2,6,6,195.68,0.3772,0.0371,0.001563,4.343
47944,520,367,887,227,78,191,338.77,0.8379,0.6089,0.255436,78,10,11,25.97,0.9118,0.1741,0.018612,4.452
47946,520,345,865,249,54,202,340.17,0.9627,0.6304,0.270455,44,38,67,292.32,0.3999,0.1875,0.023269,4.374
47964,520,2,522,255,255,255,0.00,0.0000,1.0000,1.000000,34,137,40,143.70,0.9732,0.4814,0.183839,4.490
47967,520,390,910,194,88,219,319.57,0.8019,0.5864,0.235645,2,43,1,142.21,0.9955,0.1481,0.017428,4.236
47968,520,440,960,214,65,145,351.61,0.7881,0.5500,0.201233,7,20,34,251.20,0.5354,0.0881,0.006609,4.438
47990,520,336,856,250,39,228,333.40,0.9798,0.6379,0.273795,76,32,21,35.18,0.6388,0.2033,0.026239,4.247
48002,520,478,998,172,84,146,339.83,0.5824,0.5057,0.171877,1,0,8,284.42,1.0000,0.0165,0.000240,4.416
48034,520,480,1000,144,59,255,296.72,1.0000,0.5112,0.162774,0,0,0,0.00,0.0000,0.0000,0.000000,4.255
48037,520,476,996,172,91,118,359.88,0.5002,0.5061,0.175620,4,0,12,302.69,1.0000,0.0238,0.000524,4.466
48048,520,347,867,235,80,201,337.71,0.8750,0.6296,0.276191,17,54,11,141.04,0.9517,0.1934,0.027816,4.192
48050,520,479,999,161,87,168,323.99,0.5948,0.5060,0.172214,2,0,0,29.23,1.0000,0.0120,0.000129,4.433
48052,520,465,985,205,75,15,40.16,0.9574,0.5172,0.180479,0,10,12,206.13,1.0000,0.0472,0.002436,4.395
48066,520,447,967,227,58,56,26.40,0.9138,0.5428,0.196454,25,1,53,298.19,0.9612,0.0836,0.004854,4.493
48073,520,467,987,174,4,254,308.34,0.9974,0.5202,0.162421,12,0,17,318.33,1.0000,0.0363,0.001186,4.150
48075,520,364,884,231,3,251,323.85,0.9990,0.6097,0.240215,61,30,16,44.24,0.5875,0.1717,0.019582,4.171
48078,520,465,985,231,3,44,23.98,0.9979,0.5194,0.172390,5,11,13,217.45,0.2783,0.0544,0.003007,4.196
48122,520,372,892,246,28,205,338.32,0.9803,0.6124,0.248342,52,19,82,303.94,0.7638,0.1727,0.018051,4.384
48131,520,447,967,196,41,215,322.95,0.9231,0.5376,0.182295,21,12,23,320.15,0.3461,0.0756,0.004842,4.236
48141,520,466,986,153,68,239,301.98,0.9021,0.5183,0.171389,5,2,34,278.59,0.9257,0.0468,0.001912,4.265
48178,520,461,981,139,84,241,294.70,0.8860,0.5253,0.181805,17,4,11,345.63,0.5134,0.0496,0.002302,4.432
48182,520,329,849,215,112,219,325.92,0.7809,0.6523,0.311515,1,57,42,168.89,0.9886,0.2054,0.030997,4.463
48184,520,377,897,245,69,103,14.40,0.9163,0.5978,0.246513,7,28,95,264.92,0.9280,0.1623,0.017018,4.424
48191,520,332,852,248,94,111,17.07,0.9134,0.6352,0.291128,37,49,40,152.49,0.2281,0.1972,0.027431,4.406
48203,520,179,699,251,158,244,329.56,0.9783,0.7911,0.514966,45,89,61,154.37,0.5998,0.3346,0.080393,4.333
48225,520,467,987,231,1,72,16.75,0.9990,0.5233,0.174816,2,2,25,272.98,0.9163,0.0363,0.001265,4.385
48228,520,395,915,238,5,197,338.54,0.9960,0.5870,0.223198,27,2,100,279.03,0.9905,0.1439,0.011965,4.409
48240,520,280,800,229,129,192,342.80,0.7129,0.6873,0.361663,17,66,75,212.38,0.7350,0.2540,0.045234,4.323
48247,520,341,861,234,38,251,324.33,0.9861,0.6252,0.258461,2,21,132,264.61,0.9826,0.1959,0.022150,4.275
48271,520,355,875,250,2,210,337.77,0.9991,0.6163,0.250238,63,4,84,314.24,0.9176,0.1763,0.017838,4.426
48273,520,460,980,204,62,154,345.08,0.7795,0.5329,0.186177,9,13,15,229.34,0.1439,0.0630,0.003804,4.390
48280,520,449,969,238,18,46,24.50,0.9883,0.5385,0.188103,11,9,40,280.33,0.7238,0.0712,0.004197,4.393
48282,520,462,982,168,42,252,306.01,0.9838,0.5254,0.170097,1,6,31,263.83,0.9134,0.0498,0.002356,4.204
48297,520,415,935,235,6,167,346.48,0.9924,0.5654,0.205854,13,1,92,271.43,0.9972,0.1209,0.008799,4.351
48299,520,457,977,207,41,171,338.95,0.8749,0.5285,0.177936,15,5,34,295.44,0.7386,0.0624,0.003256,4.280
48307,520,438,958,242,2,72,17.86,0.9985,0.5470,0.193920,13,25,0,129.46,1.0000,0.0943,0.007808,4.219
48337,520,432,952,158,81,252,299.91,0.9695,0.5528,0.201826,48,0,17,4.80,1.0000,0.0981,0.006690,4.442
48347,520,471,991,180,22,235,313.88,0.9758,0.5173,0.162764,13,5,4,30.57,0.3527,0.0449,0.002029,4.089
48381,520,416,936,248,21,88,14.55,0.9828,0.5675,0.212009,16,32,8,136.32,0.7868,0.1194,0.011607,4.253
48397,520,432,952,201,3,245,317.71,0.9981,0.5548,0.190768,44,4,15,8.43,0.7971,0.0955,0.006569,4.256
48403,520,349,869,142,134,248,284.30,0.8647,0.6264,0.295779,17,54,18,143.86,0.9207,0.1944,0.028011,4.432
48404,520,415,935,211,91,108,13.90,0.6769,0.5663,0.224159,43,21,23,14.49,0.3908,0.1247,0.011118,4.486
48408,520,392,912,234,42,192,339.33,0.9407,0.5901,0.229569,9,2,114,267.43,0.9976,0.1522,0.013163,4.426
48420,520,418,938,215,32,211,329.29,0.9553,0.5621,0.201854,39,15,46,318.10,0.6097,0.1186,0.009703,4.218
48421,520,422,942,197,41,241,316.94,0.9560,0.5591,0.198085,11,13,75,271.13,0.9358,0.1133,0.008669,4.229
48422,520,411,931,227,38,192,337.58,0.9392,0.5750,0.215254,4,35,11,148.07,0.9569,0.1232,0.012520,4.243
48424,520,408,928,241,32,139,357.32,0.9516,0.5731,0.216011,33,31,7,104.60,0.6661,0.1320,0.013187,4.210
48430,520,443,963,227,11,139,353.81,0.9798,0.5377,0.184371,13,18,8,129.75,0.3814,0.0764,0.005357,4.234
48438,520,474,994,193,72,135,351.26,0.6952,0.5172,0.177231,5,2,10,304.41,0.5645,0.0307,0.000976,4.458
48440,520,317,837,228,105,225,328.43,0.8621,0.6637,0.320354,52,54,5,112.02,0.8939,0.2205,0.033794,4.420
48441,520,393,913,224,86,132,2.73,0.7435,0.5886,0.241713,6,40,17,150.51,0.9334,0.1421,0.015967,4.422
48446,520,416,936,202,51,234,319.70,0.9335,0.5687,0.208663,24,30,16,127.32,0.3765,0.1214,0.011601,4.199
48463,520,423,943,134,104,246,288.76,0.8885,0.5580,0.216226,24,25,25,197.04,0.0189,0.1102,0.009596,4.467
48487,520,332,852,194,115,245,310.33,0.8804,0.6447,0.303242,18,56,26,147.99,0.8749,0.2032,0.030314,4.398
48492,520,300,820,255,67,233,333.39,1.0000,0.6680,0.311606,27,60,48,167.68,0.5486,0.2273,0.036780,4.167
48496,520,478,998,214,8,137,351.56,0.9780,0.5100,0.162784,0,2,10,257.10,0.9999,0.0242,0.000653,4.201
48501,520,433,953,165,90,215,309.56,0.7496,0.5465,0.202186,11,24,26,208.12,0.3472,0.0973,0.007990,4.349
48542,520,371,891,227,57,223,329.11,0.9340,0.6068,0.245872,20,44,45,199.06,0.4442,0.1713,0.021395,4.144
48548,520,469,989,230,24,1,30.33,0.9990,0.5208,0.174815,5,0,32,281.88,1.0000,0.0402,0.001365,4.377
48553,520,477,997,182,17,229,315.92,0.9803,0.5136,0.160043,3,0,8,305.48,1.0000,0.0200,0.000369,4.170
48587,520,467,987,170,81,183,322.39,0.6847,0.5183,0.178508,17,1,6,357.06,0.7652,0.0405,0.001540,4.434
48598,520,444,964,220,68,45,31.50,0.9029,0.5387,0.195419,18,7,47,289.27,0.7931,0.0799,0.004858,4.474
48599,520,367,887,232,56,223,330.39,0.9418,0.6145,0.253143,40,41,11,110.92,0.6720,0.1693,0.020612,4.293
48614,520,441,961,230,56,34,30.87,0.9503,0.5445,0.197698,16,10,57,280.39,0.8378,0.0925,0.006226,4.405
48615,520,471,991,205,44,155,344.02,0.8449,0.5185,0.171491,6,4,16,291.39,0.5235,0.0401,0.001630,4.290
48625,520,443,963,210,6,201,330.71,0.9912,0.5380,0.180510,26,8,36,311.66,0.6568,0.0822,0.005207,4.175
48641,520,384,904,241,71,86,20.38,0.9049,0.5886,0.238823,27,39,22,136.80,0.4285,0.1526,0.017420,4.284
48657,520,459,979,219,26,150,348.64,0.9342,0.5318,0.180034,4,12,28,260.01,0.6098,0.0631,0.003726,4.282
48661,520,478,998,192,74,127,355.33,0.6781,0.5149,0.176380,1,1,13,274.04,0.8863,0.0237,0.000572,4.476
48667,520,469,989,196,33,202,326.54,0.9268,0.5234,0.170894,7,4,2,64.76,0.3371,0.0354,0.001364,4.301
48671,520,450,970,237,0,94,10.58,1.0000,0.5408,0.188159,5,0,58,271.17,1.0000,0.0684,0.003377,4.462
48679,520,479,999,167,63,211,313.86,0.8286,0.5089,0.164745,0,0,4,264.05,1.0000,0.0106,0.000088,4.287
48709,520,364,884,220,79,220,327.81,0.8767,0.6150,0.259769,47,32,56,312.12,0.3904,0.1701,0.019229,4.475
48713,520,456,976,172,84,189,320.92,0.6907,0.5295,0.187864,3,11,25,256.37,0.6224,0.0583,0.003289,4.464
48723,520,420,940,243,40,14,30.76,0.9888,0.5573,0.206074,51,9,8,26.05,0.8106,0.1149,0.009168,4.328
48734,520,333,853,250,43,231,332.67,0.9794,0.6418,0.278243,9,51,60,215.48,0.7794,0.1960,0.027518,4.234
48741,520,432,952,195,13,248,315.38,0.9919,0.5496,0.186687,0,4,77,264.21,0.9921,0.0964,0.006226,4.210
48744,520,467,987,227,31,27,28.52,0.9746,0.5190,0.173929,12,4,11,330.74,0.4360,0.0439,0.001892,4.315
48758,520,388,908,224,101,2,48.11,0.9952,0.5910,0.251615,8,43,18,149.37,0.9252,0.1533,0.018230,4.421
48770,520,369,889,245,27,201,339.15,0.9796,0.6079,0.244165,15,38,80,261.24,0.7450,0.1743,0.020669,4.163
48781,520,389,909,227,44,206,333.68,0.9393,0.5869,0.225909,9,19,95,267.56,0.9550,0.1463,0.013499,4.345
48798,520,418,938,137,108,233,290.83,0.7851,0.5585,0.219266,8,17,80,268.03,0.9394,0.1242,0.010316,4.464
48813,520,402,922,218,62,197,334.04,0.8687,0.5802,0.223840,5,25,72,263.04,0.9039,0.1303,0.011953,4.420
48821,520,443,963,167,66,249,304.87,0.9575,0.5432,0.189521,1,15,44,259.22,0.9305,0.0792,0.005299,4.331
48829,520,367,887,255,53,115,9.30,1.0000,0.6058,0.250477,10,45,40,181.98,0.7348,0.1675,0.020944,4.235
48834,520,385,905,227,28,229,327.80,0.9795,0.5935,0.228209,48,27,46,330.23,0.4017,0.1548,0.016096,4.209
48839,520,478,998,203,5,174,336.60,0.9863,0.5074,0.158630,0,3,1,156.67,1.0000,0.0232,0.000673,4.117
48840,520,395,915,245,48,140,358.69,0.9243,0.5908,0.234231,4,34,53,240.86,0.7986,0.1377,0.014268,4.423
48842,520,431,951,206,22,225,323.47,0.9769,0.5522,0.191337,27,11,54,295.55,0.7468,0.1023,0.007387,4.205
48843,520,392,912,250,5,161,351.43,0.9960,0.5918,0.230092,5,14,103,266.15,0.9796,0.1476,0.013255,4.428
48846,520,474,994,180,21,241,312.57,0.9803,0.5222,0.165916,8,0,6,335.23,1.0000,0.0260,0.000648,4.263
48861,520,464,984,210,62,106,7.12,0.7895,0.5250,0.181897,13,8,5,58.73,0.2547,0.0522,0.002702,4.400
48885,520,432,952,184,47,253,310.40,0.9886,0.5532,0.193163,38,17,1,59.18,0.8767,0.1032,0.008152,4.181
48887,520,354,874,214,98,201,331.92,0.7589,0.6197,0.272503,32,42,60,261.86,0.3200,0.1818,0.022892,4.424
48898,520,407,927,180,95,204,318.39,0.7029,0.5675,0.222483,28,15,74,285.34,0.8194,0.1290,0.010829,4.479
48901,520,412,932,213,17,233,323.43,0.9876,0.5685,0.204322,33,8,71,293.96,0.8669,0.1221,0.009519,4.273
48907,520,367,887,220,60,243,322.27,0.9500,0.6112,0.249204,60,19,61,326.73,0.6712,0.1686,0.017634,4.424
48924,520,402,922,225,69,151,352.28,0.8109,0.5766,0.225007,46,16,47,326.25,0.6150,0.1317,0.011567,4.467
48938,520,272,792,248,97,248,327.73,0.9738,0.6962,0.352857,90,40,63,353.02,0.5198,0.2566,0.040504,4.451
48948,520,219,739,235,157,186,355.70,0.6425,0.7452,0.453231,4,74,119,245.24,0.9365,0.3030,0.062549,4.471
48959,520,480,1000,159,46,247,303.99,0.9592,0.5111,0.160409,0,0,0,0.00,0.0000,0.0000,0.000000,4.208
48966,520,372,892,248,56,161,352.69,0.9388,0.6107,0.253613,48,23,78,301.05,0.7019,0.1697,0.017913,4.471
48993,520,436,956,234,5,129,358.50,0.9925,0.5467,0.191890,30,3,52,304.45,0.8832,0.0925,0.005891,4.328
49008,520,460,980,193,15,222,320.74,0.9819,0.5255,0.169545,8,10,23,275.41,0.4185,0.0592,0.003306,4.119
49036,520,465,985,211,20,158,343.87,0.9450,0.5178,0.168201,3,3,34,272.48,0.9280,0.0473,0.002000,4.196
49047,520,397,917,243,58,106,11.41,0.9109,0.5842,0.231247,22,36,14,135.15,0.6169,0.1374,0.014640,4.351
49061,520,398,918,232,71,108,11.33,0.8350,0.5769,0.227478,51,8,57,322.48,0.7843,0.1365,0.011730,4.495
49065,520,409,929,241,42,117,5.52,0.9314,0.5712,0.216443,44,10,64,309.47,0.7926,0.1331,0.011228,4.352
49082,520,477,997,193,61,149,343.83,0.7550,0.5099,0.168466,6,0,8,321.50,1.0000,0.0244,0.000563,4.321
49084,520,426,946,238,31,122,2.52,0.9500,0.5606,0.205654,35,9,59,303.19,0.7930,0.1143,0.008685,4.356
49113,520,446,966,228,54,23,32.18,0.9690,0.5378,0.191971,6,9,51,270.94,0.9015,0.0776,0.004731,4.421
49120,520,461,981,147,83,236,298.71,0.8585,0.5289,0.184459,16,1,27,309.68,0.8703,0.0499,0.002110,4.499
49137,520,465,985,218,50,88,13.71,0.8725,0.5235,0.178938,3,8,29,266.15,0.7438,0.0545,0.002817,4.335
49142,520,370,890,255,46,146,358.38,1.0000,0.6109,0.252929,10,47,4,140.77,0.9802,0.1656,0.021062,4.263
49149,520,387,907,233,83,80,25.01,0.8584,0.5871,0.240922,0,34,71,253.56,0.9999,0.1498,0.015989,4.409
49154,520,404,924,213,59,214,327.74,0.8969,0.5794,0.221310,42,13,65,305.86,0.7635,0.1347,0.011618,4.403
49172,520,343,863,252,55,192,343.75,0.9776,0.6313,0.272369,80,5,64,339.26,0.8517,0.1940,0.021844,4.487
49178,520,449,969,232,21,123,0.60,0.9642,0.5446,0.191252,26,8,4,37.62,0.5927,0.0681,0.004021,4.466
49198,520,456,976,189,29,226,318.44,0.9595,0.5275,0.171899,14,9,27,294.56,0.5024,0.0646,0.003679,4.134
49204,520,336,856,208,98,247,316.22,0.9367,0.6385,0.288620,74,31,37,13.12,0.5290,0.2019,0.025696,4.473
49218,520,391,911,240,9,201,337.93,0.9937,0.5937,0.229406,73,0,10,21.70,1.0000,0.1527,0.014386,4.340
49224,520,457,977,214,51,127,357.48,0.8321,0.5288,0.181985,13,6,36,288.95,0.7360,0.0640,0.003432,4.342
49225,520,473,993,222,32,89,11.73,0.9344,0.5188,0.172866,5,1,14,300.29,0.7828,0.0296,0.000857,4.382
49236,520,468,988,194,9,213,323.30,0.9870,0.5188,0.164704,0,4,25,261.20,1.0000,0.0395,0.001570,4.163
49249,520,399,919,234,68,127,3.55,0.8412,0.5830,0.231618,44,23,36,342.77,0.3872,0.1355,0.012757,4.487
49266,520,392,912,208,89,189,334.16,0.7429,0.5912,0.242305,27,31,60,275.80,0.4796,0.1483,0.015392,4.470
49270,520,398,918,228,85,60,32.17,0.8636,0.5776,0.233199,41,29,9,78.17,0.5982,0.1371,0.013699,4.446
49278,520,477,997,109,95,237,282.29,0.8640,0.5103,0.175496,4,0,5,323.04,1.0000,0.0198,0.000368,4.477
49291,520,466,986,167,97,133,348.55,0.4555,0.5157,0.184593,6,9,3,127.44,0.4463,0.0474,0.002407,4.476
49298,520,340,860,245,100,107,20.20,0.8838,0.6375,0.295914,62,42,13,73.46,0.6771,0.2010,0.027092,4.487
49305,520,451,971,232,44,38,28.26,0.9571,0.5387,0.191002,27,2,29,325.15,0.8002,0.0683,0.003652,4.492
49318,520,371,891,253,47,164,352.24,0.9819,0.6148,0.255995,56,35,6,70.97,0.7781,0.1737,0.020561,4.337
49333,520,424,944,204,70,190,332.27,0.8019,0.5610,0.209372,18,19,58,277.04,0.6993,0.1114,0.008998,4.396
49339,520,373,893,237,57,184,342.82,0.9069,0.6019,0.243943,69,4,50,343.59,0.8429,0.1621,0.015825,4.465
49362,520,350,870,242,32,242,328.27,0.9860,0.6298,0.263238,10,52,40,169.89,0.8360,0.1906,0.026736,4.082
49394,520,453,973,206,69,107,7.38,0.7489,0.5262,0.184417,6,11,44,270.27,0.8192,0.0746,0.004599,4.293
49412,520,437,957,220,27,183,338.37,0.9498,0.5514,0.194208,22,21,16,97.86,0.1436,0.0947,0.007443,4.251
49423,520,464,984,192,68,153,342.32,0.7274,0.5185,0.176422,9,2,37,285.21,0.9087,0.0531,0.002351,4.325
49432,520,422,942,192,67,219,319.93,0.8582,0.5571,0.203366,44,12,33,343.19,0.6149,0.1142,0.009083,4.288
49436,520,382,902,249,17,170,348.69,0.9862,0.5964,0.234463,62,10,65,325.63,0.7877,0.1642,0.016230,4.295
49452,520,384,904,255,14,115,6.85,1.0000,0.5869,0.228156,13,28,82,266.90,0.8590,0.1508,0.015252,4.263
49458,520,423,943,237,55,10,33.23,0.9900,0.5564,0.207620,16,3,79,275.84,0.9820,0.1078,0.007398,4.488
49459,520,465,985,218,61,13,35.14,0.9784,0.5244,0.182746,12,9,8,41.04,0.1058,0.0544,0.002911,4.399
49501,520,461,981,228,25,79,15.35,0.9644,0.5254,0.177567,22,0,7,358.54,1.0000,0.0458,0.001859,4.388
49523,520,451,971,224,56,88,15.38,0.8713,0.5408,0.193829,5,18,2,137.99,0.9213,0.0690,0.004692,4.458
49525,520,439,959,227,20,153,349.32,0.9623,0.5465,0.191338,21,19,7,100.22,0.4333,0.0863,0.006405,4.279
49534,520,438,958,216,8,200,332.50,0.9895,0.5487,0.189450,4,25,2,140.90,0.9698,0.0890,0.007254,4.182
49538,520,424,944,214,35,211,329.01,0.9483,0.5619,0.202034,28,20,34,310.04,0.3225,0.1064,0.008627,4.299
49544,520,454,974,216,60,94,12.79,0.8268,0.5308,0.186413,25,6,28,322.17,0.6387,0.0723,0.004208,4.361
49554,520,462,982,212,48,140,351.64,0.8388,0.5278,0.180067,4,6,23,272.64,0.6310,0.0470,0.002179,4.409
49559,520,462,982,191,21,230,318.20,0.9767,0.5306,0.173273,9,7,4,83.13,0.2336,0.0458,0.002188,4.278
49562,520,379,899,223,63,209,331.86,0.8963,0.5966,0.238487,68,1,47,345.27,0.9352,0.1553,0.014561,4.468
49563,520,480,1000,217,23,118,359.54,0.9397,0.5131,0.166751,0,0,0,0.00,0.0000,0.0000,0.000000,4.335
49565,520,382,902,202,82,229,319.79,0.8633,0.5967,0.242497,60,23,14,34.89,0.6552,0.1555,0.016053,4.428
49580,520,473,993,205,54,132,353.63,0.7991,0.5166,0.172855,4,0,16,295.55,1.0000,0.0263,0.000632,4.401
49599,520,461,981,169,48,251,306.24,0.9773,0.5304,0.175147,5,3,37,276.31,0.9167,0.0518,0.002310,4.304
49626,520,437,957,243,12,11,28.97,0.9950,0.5451,0.193453,18,11,52,284.29,0.7648,0.0910,0.006159,4.335
49630,520,406,926,244,46,109,9.11,0.9314,0.5775,0.222945,4,30,64,256.30,0.8518,0.1348,0.013244,4.316
49632,520,455,975,210,63,118,1.97,0.7803,0.5300,0.185669,20,8,7,25.99,0.3710,0.0608,0.003377,4.415
49653,520,435,955,243,15,33,26.79,0.9927,0.5470,0.195096,19,17,38,286.14,0.4639,0.0925,0.006793,4.316
49654,520,450,970,228,42,104,8.12,0.9082,0.5414,0.191522,18,12,8,56.12,0.2369,0.0668,0.004091,4.465
49665,520,369,889,225,52,232,326.36,0.9495,0.6056,0.242919,76,5,24,13.03,0.8993,0.1676,0.017113,4.365
49669,520,439,959,191,63,211,321.94,0.8490,0.5457,0.193359,15,17,33,277.25,0.3969,0.0858,0.006123,4.336
49674,520,441,961,178,101,126,359.85,0.4684,0.5368,0.202799,6,25,16,161.38,0.6683,0.0936,0.007714,4.380
49684,520,329,849,248,75,211,337.82,0.9560,0.6513,0.296947,82,30,24,28.99,0.6747,0.2116,0.027886,4.455
49685,520,390,910,254,55,51,27.49,0.9951,0.5933,0.240459,0,37,67,247.95,1.0000,0.1549,0.017283,4.317
49693,520,417,937,250,37,41,27.17,0.9805,0.5717,0.218109,41,17,37,333.69,0.5070,0.1197,0.010059,4.464
49703,520,441,961,142,88,246,294.41,0.9119,0.5392,0.193841,0,8,70,264.04,1.0045,0.0933,0.006158,4.342
49711,520,446,966,193,30,229,318.85,0.9618,0.5369,0.179246,30,4,35,321.06,0.7628,0.0804,0.004842,4.180
49721,520,249,769,201,162,192,334.38,0.3516,0.7171,0.420647,6,81,19,144.80,0.9916,0.2849,0.059703,4.290
49726,520,461,981,234,15,42,24.99,0.9902,0.5286,0.180044,7,9,11,245.02,0.1139,0.0509,0.002647,4.370
49734,520,449,969,224,43,119,1.90,0.8882,0.5389,0.189096,19,8,28,307.84,0.5544,0.0685,0.003960,4.431
49747,520,374,894,228,49,212,332.31,0.9370,0.5956,0.234465,2,36,72,253.30,0.9208,0.1569,0.017424,4.219
49752,520,390,910,172,99,238,305.62,0.8390,0.5862,0.238679,7,33,72,258.68,0.8274,0.1509,0.016007,4.373
49765,520,416,936,219,64,171,342.92,0.8265,0.5698,0.216694,42,16,44,324.65,0.5828,0.1235,0.010447,4.412
49772,520,374,894,224,91,155,353.13,0.7372,0.6040,0.256984,12,40,57,238.69,0.6412,0.1614,0.018911,4.455
49775,520,261,781,253,121,203,344.27,0.9733,0.7138,0.388720,34,71,61,173.98,0.5139,0.2712,0.051833,4.308
49776,520,406,926,222,66,185,339.01,0.8476,0.5843,0.229311,22,31,41,251.46,0.2703,0.1322,0.013106,4.426
49785,520,465,985,197,63,158,341.51,0.7643,0.5237,0.178957,2,10,5,158.86,0.6613,0.0467,0.002409,4.369
49801,520,478,998,138,91,214,298.14,0.7361,0.5139,0.177406,3,1,9,297.22,0.7058,0.0244,0.000608,4.493
49809,520,450,970,199,61,188,331.36,0.8179,0.5417,0.191121,2,10,46,264.97,0.9177,0.0716,0.004272,4.443
49811,520,466,986,168,73,203,315.71,0.7730,0.5171,0.174026,23,2,3,20.24,0.7940,0.0508,0.002322,4.282
49815,520,261,781,217,139,232,320.97,0.7860,0.7081,0.390444,70,58,80,309.23,0.2582,0.2746,0.049074,4.446
49832,520,383,903,216,53,246,320.68,0.9614,0.6015,0.238008,9,39,49,223.77,0.6797,0.1525,0.017308,4.279
49857,520,319,839,223,126,116,26.83,0.6478,0.6478,0.318727,3,57,64,208.62,0.9338,0.2155,0.033156,4.434
49879,520,389,909,243,24,181,344.29,0.9763,0.5924,0.230473,25,16,97,276.52,0.9261,0.1539,0.014403,4.355
49882,520,408,928,218,23,220,327.80,0.9777,0.5697,0.206877,41,16,55,311.47,0.6606,0.1295,0.011179,4.199
49886,520,458,978,224,3,130,356.10,0.9936,0.5262,0.175269,3,8,33,267.04,0.8137,0.0574,0.003028,4.248
49901,520,438,958,237,23,108,6.73,0.9678,0.5506,0.197032,14,13,54,277.35,0.7863,0.0929,0.006475,4.374
49918,520,358,878,231,45,242,325.56,0.9703,0.6177,0.252789,39,45,12,118.57,0.6979,0.1803,0.023346,4.128
49921,520,390,910,229,7,225,329.30,0.9958,0.5885,0.222487,3,43,6,144.16,0.9864,0.1492,0.017602,4.031
49941,520,391,911,250,49,104,11.89,0.9613,0.5902,0.235236,55,21,29,7.10,0.5261,0.1468,0.014374,4.431
49947,520,384,904,235,86,49,34.95,0.9071,0.5904,0.245424,10,42,14,145.64,0.9236,0.1499,0.017521,4.375
49964,520,269,789,249,100,240,330.12,0.9738,0.6968,0.355480,85,44,61,354.62,0.4347,0.2551,0.040698,4.471
49966,520,389,909,251,57,59,26.01,0.9793,0.5900,0.237549,44,23,58,310.08,0.5661,0.1484,0.014538,4.455
50000,520,400,920,242,47,123,4.01,0.9207,0.5784,0.223436,57,9,43,342.08,0.7443,0.1395,0.012398,4.382
50004,520,462,982,209,6,191,333.20,0.9891,0.5295,0.174492,17,7,0,70.95,1.0000,0.0528,0.002711,4.259
50010,520,445,965,191,57,210,322.40,0.8644,0.5389,0.186572,10,21,13,152.21,0.4148,0.0836,0.006299,4.202
50031,520,315,835,175,133,245,299.51,0.8210,0.6550,0.324818,33,56,55,192.31,0.3317,0.2213,0.034274,4.448
50041,520,337,857,241,83,197,340.66,0.8972,0.6410,0.289212,38,47,57,251.26,0.1974,0.1995,0.027405,4.382
50055,520,389,909,197,73,240,315.93,0.9145,0.5864,0.229280,44,14,76,300.91,0.7998,0.1490,0.013714,4.383
50060,520,453,973,194,83,115,4.57,0.6375,0.5272,0.188954,17,3,47,290.35,0.8944,0.0719,0.003895,4.434
50085,520,440,960,209,3,221,325.34,0.9970,0.5496,0.188428,44,0,21,356.16,1.0000,0.0912,0.005897,4.265
50087,520,432,952,212,45,194,333.20,0.9003,0.5538,0.197709,30,9,47,306.13,0.7261,0.0973,0.006766,4.364
50089,520,416,936,247,44,28,29.78,0.9751,0.5689,0.216629,48,11,31,350.31,0.6559,0.1190,0.009667,4.469
50095,520,357,877,250,2,213,337.01,0.9991,0.6180,0.251747,48,19,96,293.93,0.8240,0.1810,0.019387,4.349
50111,520,163,683,235,197,62,92.60,0.8617,0.8066,0.579439,20,99,3,141.08,0.9969,0.3488,0.090786,4.471
50116,520,337,857,246,55,228,332.51,0.9621,0.6406,0.279295,34,13,133,275.90,0.9733,0.2047,0.023213,4.498
50120,520,471,991,126,87,241,289.46,0.8868,0.5160,0.176027,2,5,8,239.32,0.3743,0.0351,0.001390,4.398
50137,520,474,994,193,13,217,321.99,0.9827,0.5211,0.166366,5,4,6,308.95,0.1607,0.0348,0.001322,4.216
50170,520,341,861,250,89,94,22.26,0.9503,0.6284,0.282802,31,47,65,252.03,0.3649,0.1981,0.027059,4.319
50196,520,417,937,203,70,207,326.65,0.8369,0.5697,0.215835,49,6,46,331.09,0.7771,0.1227,0.009806,4.445
50198,520,424,944,241,38,86,15.59,0.9519,0.5605,0.207622,9,27,42,245.95,0.5664,0.1130,0.010091,4.287
50199,520,373,893,245,21,181,344.68,0.9815,0.5952,0.232882,41,19,85,292.27,0.7923,0.1610,0.015930,4.291
50213,520,389,909,244,40,157,352.33,0.9426,0.5905,0.231882,67,7,23,11.51,0.8350,0.1495,0.014073,4.399
50216,520,473,993,200,5,200,328.35,0.9910,0.5190,0.165598,5,4,3,71.35,0.1325,0.0336,0.001257,4.206
50226,520,460,980,223,50,88,14.32,0.8859,0.5334,0.186765,5,9,24,268.16,0.5346,0.0552,0.002936,4.473
50227,520,463,983,176,65,215,315.82,0.8384,0.5276,0.179180,15,0,37,297.50,1.0000,0.0546,0.002351,4.378
50250,520,361,881,240,60,204,337.60,0.9271,0.6202,0.261194,58,29,56,329.60,0.4853,0.1794,0.020639,4.405
50252,520,389,909,204,65,238,318.85,0.9191,0.5871,0.227925,53,28,17,44.12,0.5011,0.1542,0.016280,4.193
50258,520,440,960,234,12,143,353.96,0.9825,0.5537,0.197415,28,18,17,25.22,0.2202,0.0947,0.007200,4.325
50259,520,425,945,194,47,238,316.60,0.9409,0.5561,0.196768,45,11,20,7.03,0.6334,0.1092,0.008478,4.220
50277,520,442,962,225,31,147,351.22,0.9283,0.5445,0.190968,22,0,51,296.22,1.0000,0.0761,0.004096,4.454
50293,520,468,988,214,56,98,10.14,0.8297,0.5239,0.180087,12,2,22,307.05,0.7627,0.0445,0.001795,4.442
50296,520,477,997,143,79,230,298.88,0.8405,0.5131,0.171450,3,2,2,18.05,0.1289,0.0243,0.000672,4.370
50328,520,238,758,235,134,242,324.78,0.9159,0.7277,0.411250,66,66,55,107.24,0.1398,0.2807,0.053305,4.465
50330,520,419,939,228,42,157,348.94,0.9052,0.5612,0.205869,12,6,76,272.95,0.9692,0.1053,0.007302,4.465
50331,520,360,880,232,97,152,357.41,0.7652,0.6246,0.279747,33,47,17,129.93,0.6527,0.1816,0.023968,4.458
50338,520,476,996,223,38,12,31.01,0.9860,0.5140,0.171036,3,0,10,300.63,1.0000,0.0212,0.000413,4.385
50348,520,411,931,239,8,168,347.07,0.9913,0.5740,0.213546,41,11,54,313.81,0.7327,0.1214,0.009772,4.409
50354,520,423,943,186,59,242,312.82,0.9311,0.5572,0.199789,24,19,53,286.41,0.6063,0.1125,0.009170,4.222
50358,520,399,919,194,62,250,313.31,0.9696,0.5782,0.218179,12,36,34,188.12,0.5484,0.1371,0.014554,4.154
50363,520,376,896,223,57,218,329.39,0.9223,0.5970,0.236784,28,24,87,278.51,0.8059,0.1580,0.015882,4.353
50370,520,380,900,229,1,240,325.82,0.9996,0.5979,0.229734,10,46,14,145.14,0.9433,0.1635,0.020501,3.968
50379,520,451,971,196,63,191,329.47,0.8121,0.5406,0.190540,34,1,2,24.75,0.9550,0.0675,0.003662,4.482
50391,520,447,967,225,17,144,351.81,0.9660,0.5375,0.184248,22,6,41,300.76,0.7565,0.0775,0.004609,4.290
50395,520,448,968,235,25,84,14.54,0.9690,0.5411,0.190007,10,14,33,272.59,0.5147,0.0752,0.004884,4.373
50397,520,401,921,223,29,223,328.27,0.9736,0.5828,0.218967,20,32,48,255.88,0.3910,0.1374,0.013951,4.206
50398,520,331,851,249,85,164,354.37,0.9239,0.6422,0.293202,52,45,21,93.56,0.4908,0.1966,0.026610,4.480
50402,520,468,988,219,57,8,34.60,0.9874,0.5220,0.180065,2,6,12,247.93,0.4805,0.0394,0.001697,4.450
50403,520,353,873,223,116,17,54.23,0.9571,0.6160,0.282216,10,51,22,149.31,0.9341,0.1821,0.024900,4.435
50406,520,378,898,229,86,133,3.22,0.7711,0.5976,0.250096,61,25,17,33.84,0.6087,0.1617,0.017280,4.460
50407,520,469,989,184,30,222,317.93,0.9517,0.5166,0.163941,13,0,16,322.33,1.0000,0.0370,0.001230,4.176
50427,520,433,953,214,84,39,38.34,0.8839,0.5484,0.207856,24,23,8,105.24,0.4804,0.1001,0.008245,4.427
50436,520,399,919,247,56,51,27.56,0.9643,0.5802,0.228450,32,33,31,128.64,0.0422,0.1425,0.014937,4.288
50460,520,416,936,230,16,192,338.12,0.9824,0.5714,0.210020,10,34,10,143.55,0.8867,0.1227,0.012305,4.173
50495,520,438,958,242,2,90,12.57,0.9982,0.5508,0.196622,45,1,11,12.08,0.9369,0.0917,0.006039,4.401
50498,520,443,963,232,27,92,11.67,0.9591,0.5376,0.187154,0,18,43,253.80,0.9999,0.0847,0.006070,4.230
50509,520,476,996,214,27,111,1.79,0.9233,0.5063,0.162302,2,1,1,18.81,0.2281,0.0183,0.000368,4.215
50565,520,111,631,213,213,252,285.26,0.8291,0.8666,0.687627,20,111,32,144.56,0.9819,0.3916,0.116214,4.438
50568,520,475,995,222,36,102,7.33,0.9140,0.5248,0.177533,12,0,2,7.14,1.0000,0.0292,0.000826,4.477
50570,520,454,974,182,25,249,311.35,0.9797,0.5339,0.174810,2,18,17,190.20,0.7520,0.0711,0.004860,4.098
50579,520,406,926,244,38,120,4.67,0.9451,0.5756,0.219787,27,21,66,284.18,0.6889,0.1307,0.011627,4.378
50582,520,378,898,221,8,255,320.59,1.0000,0.5968,0.227679,4,41,46,208.20,0.8467,0.1551,0.018089,4.078
50588,520,473,993,214,28,142,350.32,0.9167,0.5193,0.170820,9,2,3,8.12,0.4889,0.0322,0.001081,4.323
50599,520,374,894,158,109,252,296.05,0.9454,0.5968,0.252348,24,43,11,134.58,0.8203,0.1607,0.019461,4.353
50607,520,426,946,226,3,197,335.75,0.9967,0.5642,0.202676,7,26,47,252.67,0.6638,0.1125,0.009891,4.219
50615,520,330,850,244,112,10,48.22,0.9886,0.6433,0.308464,4,53,82,241.61,0.8871,0.2144,0.031810,4.382
50617,520,328,848,244,83,209,337.62,0.9285,0.6520,0.300258,33,47,76,263.83,0.4462,0.2066,0.028781,4.446
50619,520,379,899,226,15,251,322.61,0.9943,0.6035,0.234776,74,9,3,30.98,0.9551,0.1632,0.016581,4.277
50631,520,441,961,198,60,185,332.03,0.8141,0.5372,0.187420,19,18,19,325.68,0.0347,0.0851,0.006181,4.226
50645,520,365,885,223,67,223,327.97,0.9109,0.6090,0.250321,29,44,15,131.74,0.6817,0.1684,0.020970,4.232
50658,520,417,937,225,61,158,348.95,0.8404,0.5715,0.218162,32,20,48,301.94,0.5181,0.1197,0.010208,4.454
50673,520,429,949,226,69,70,24.56,0.8692,0.5549,0.208699,22,24,23,164.67,0.0467,0.1049,0.008857,4.395
50675,520,330,850,247,83,161,354.85,0.9056,0.6353,0.285370,79,11,87,323.17,0.8304,0.2130,0.025899,4.419
50710,520,399,919,244,68,43,31.28,0.9501,0.5850,0.235451,24,36,20,138.08,0.4371,0.1404,0.015064,4.387
50714,520,137,657,231,199,218,341.65,0.4405,0.8397,0.628985,6,105,12,143.07,0.9959,0.3672,0.101680,4.476
50722,520,341,861,252,12,227,334.03,0.9961,0.6318,0.265076,61,0,110,300.58,1.0000,0.1967,0.021180,4.427
50736,520,332,852,248,55,214,336.64,0.9629,0.6359,0.275469,48,44,49,319.45,0.0874,0.1977,0.026515,4.254
50772,520,390,910,243,77,1,37.86,0.9989,0.5911,0.243679,39,32,36,342.75,0.1252,0.1498,0.015918,4.455
50787,520,343,863,245,30,242,328.97,0.9882,0.6341,0.267547,34,40,74,274.29,0.4803,0.1874,0.023520,4.319
50802,520,318,838,249,94,190,345.71,0.9355,0.6641,0.318658,0,57,73,223.36,1.0000,0.2197,0.034071,4.385
50804,520,422,942,215,35,201,331.98,0.9395,0.5572,0.198683,17,19,62,275.35,0.7507,0.1143,0.009327,4.192
50815,520,466,986,134,109,169,302.75,0.4231,0.5156,0.188703,1,14,0,140.43,1.0000,0.0543,0.003205,4.486
50826,520,357,877,238,39,234,329.18,0.9759,0.6208,0.255713,4,23,120,265.05,0.9733,0.1831,0.019945,4.371
50828,520,479,999,209,57,96,10.39,0.8131,0.5147,0.173284,0,0,2,264.05,1.0000,0.0079,0.000044,4.462
50863,520,462,982,159,67,240,303.95,0.9082,0.5259,0.176770,23,0,20,333.21,1.0000,0.0529,0.002327,4.334
50867,520,446,966,239,34,0,31.11,1.0000,0.5449,0.194981,6,9,51,270.94,0.9015,0.0776,0.004731,4.476
50873,520,459,979,212,47,148,348.55,0.8455,0.5305,0.181704,1,15,5,153.82,0.9420,0.0585,0.003590,4.324
50877,520,476,996,206,49,131,353.82,0.8188,0.5134,0.169593,6,0,1,6.99,1.0000,0.0204,0.000409,4.356
50883,520,372,892,242,11,214,335.02,0.9941,0.6055,0.239746,53,35,5,76.27,0.8038,0.1690,0.019700,4.157
50888,520,294,814,235,99,245,324.90,0.9524,0.6774,0.331806,61,49,80,301.34,0.3672,0.2419,0.037679,4.355
50896,520,385,905,239,57,157,352.23,0.8920,0.5931,0.237143,3,29,87,262.33,0.9559,0.1540,0.015861,4.360
50907,520,477,997,221,45,7,32.42,0.9907,0.5149,0.172670,1,0,12,278.75,1.0000,0.0192,0.000330,4.424
50912,520,373,893,244,32,192,341.47,0.9696,0.6032,0.240750,5,14,113,265.89,0.9840,0.1615,0.015385,4.447
50918,520,456,976,215,35,157,345.57,0.8999,0.5322,0.180858,25,5,9,7.92,0.5857,0.0622,0.003350,4.327
50925,520,467,987,217,16,132,354.18,0.9596,0.5160,0.167908,7,7,6,106.79,0.0578,0.0446,0.002103,4.182
50941,520,407,927,224,47,188,338.14,0.9084,0.5731,0.215136,44,25,15,48.21,0.4465,0.1328,0.012653,4.232
50946,520,372,892,210,71,243,319.17,0.9382,0.6059,0.246808,57,31,12,54.76,0.6271,0.1666,0.018765,4.316
50969,520,411,931,202,45,236,319.39,0.9468,0.5658,0.204910,4,0,93,266.40,1.0000,0.1161,0.008160,4.383
50970,520,471,991,225,22,103,6.48,0.9580,0.5241,0.175635,12,4,7,352.05,0.3765,0.0424,0.001803,4.356
50993,520,144,664,255,197,9,86.88,1.0000,0.8275,0.612144,20,100,72,164.27,0.9163,0.3634,0.097305,4.495
51013,520,291,811,250,102,197,344.08,0.9458,0.6792,0.338608,4,60,91,240.48,0.9069,0.2417,0.040126,4.312
51015,520,426,946,209,62,181,336.64,0.8223,0.5557,0.203387,41,11,31,342.57,0.6088,0.1067,0.008098,4.361
51017,520,430,950,234,52,22,31.79,0.9747,0.5481,0.200094,39,2,40,327.09,0.8445,0.0953,0.006280,4.444
51042,520,422,942,208,84,126,1.91,0.6866,0.5563,0.212589,20,21,47,279.44,0.5137,0.1086,0.008903,4.458
51053,520,451,971,184,67,212,319.22,0.8317,0.5399,0.189593,18,6,35,299.30,0.7090,0.0683,0.003802,4.453
51054,520,454,974,234,26,24,28.53,0.9831,0.5311,0.183003,28,6,14,358.85,0.5810,0.0702,0.004089,4.308
51062,520,452,972,199,69,150,345.83,0.7368,0.5304,0.186022,15,15,13,106.83,0.0645,0.0720,0.004723,4.313
51074,520,397,917,140,113,246,289.19,0.8694,0.5808,0.240393,5,40,3,141.89,0.9826,0.1393,0.015564,4.429
51076,520,389,909,237,52,161,350.11,0.9014,0.5871,0.230366,11,1,115,268.08,0.9987,0.1536,0.013305,4.429
51084,520,409,929,250,5,107,8.41,0.9960,0.5725,0.214977,17,31,46,251.11,0.4253,0.1313,0.012964,4.208
51114,520,422,942,246,11,57,22.23,0.9939,0.5550,0.201311,9,18,65,268.76,0.8737,0.1101,0.008723,4.280
51117,520,413,933,178,80,242,308.87,0.9035,0.5693,0.216139,51,10,4,32.71,0.8616,0.1155,0.009298,4.488
51124,520,458,978,185,59,215,319.09,0.8637,0.5350,0.183497,11,12,0,112.74,1.0000,0.0577,0.003341,4.377
51137,520,366,886,240,50,197,339.44,0.9385,0.6088,0.248406,64,13,69,324.05,0.7714,0.1738,0.018076,4.383
51163,520,437,957,185,33,254,310.96,0.9949,0.5467,0.185588,16,9,54,281.96,0.8278,0.0879,0.005719,4.228
51172,520,432,952,192,22,246,314.86,0.9832,0.5458,0.184354,31,8,48,307.09,0.7508,0.0979,0.006784,4.127
51181,520,425,945,217,60,159,346.52,0.8218,0.5565,0.204889,5,12,76,267.32,0.9616,0.1097,0.008170,4.382
51185,520,434,954,227,58,105,9.59,0.8576,0.5530,0.203797,47,0,35,340.86,1.0000,0.1041,0.007258,4.433
51206,520,408,928,205,60,215,325.17,0.8845,0.5679,0.211189,15,13,87,272.15,0.9500,0.1303,0.010775,4.298
51222,520,400,920,250,52,60,25.04,0.9749,0.5840,0.231098,43,26,32,356.63,0.2874,0.1389,0.013567,4.422
51224,520,422,942,245,4,95,11.46,0.9965,0.5587,0.203290,39,21,8,55.41,0.5617,0.1148,0.009853,4.232
51227,520,472,992,149,73,235,300.85,0.8754,0.5162,0.171531,3,0,19,286.19,1.0000,0.0271,0.000664,4.373
51234,520,387,907,248,15,164,350.25,0.9872,0.5912,0.229818,19,41,10,137.71,0.8702,0.1506,0.017462,4.148
51240,520,419,939,238,33,106,8.17,0.9494,0.5566,0.203086,43,15,19,12.96,0.5295,0.1118,0.009023,4.288
51251,520,414,934,221,43,189,337.02,0.9147,0.5655,0.207764,56,7,2,32.09,0.9433,0.1215,0.009972,4.298
51260,520,438,958,222,67,73,22.90,0.8572,0.5454,0.200276,25,4,55,295.43,0.8830,0.0904,0.005693,4.494
51262,520,361,881,229,51,240,325.46,0.9612,0.6169,0.253192,67,29,7,47.52,0.7784,0.1789,0.020875,4.278
51267,520,446,966,196,75,173,335.87,0.7357,0.5445,0.197867,27,5,44,306.36,0.7936,0.0846,0.005234,4.488
51277,520,428,948,226,77,23,37.59,0.9582,0.5597,0.215411,14,28,0,130.65,1.0000,0.1041,0.009239,4.480
51328,520,313,833,238,94,216,334.12,0.8994,0.6592,0.311429,6,59,57,190.95,0.8955,0.2195,0.034619,4.271
51336,520,478,998,133,69,253,292.46,0.9850,0.5081,0.163346,1,1,11,275.11,0.8474,0.0225,0.000523,4.223
51367,520,363,883,242,20,210,336.06,0.9873,0.6053,0.240336,68,23,29,14.76,0.6132,0.1741,0.019306,4.189
51378,520,480,1000,223,31,52,23.39,0.9628,0.5131,0.169187,0,0,0,0.00,0.0000,0.0000,0.000000,4.384
51385,520,299,819,216,114,241,319.42,0.8929,0.6694,0.329859,31,60,52,174.14,0.4458,0.2312,0.037708,4.331
51393,520,376,896,239,24,216,333.86,0.9840,0.6047,0.239647,25,38,54,254.08,0.3605,0.1615,0.018592,4.223
51400,520,445,965,232,38,44,26.34,0.9629,0.5352,0.187269,18,1,54,288.40,0.9721,0.0766,0.004166,4.380
51403,520,466,986,227,8,90,10.74,0.9884,0.5204,0.172457,3,10,6,161.55,0.4886,0.0480,0.002496,4.238
51405,520,453,973,198,80,109,7.80,0.6700,0.5276,0.188490,17,2,42,294.72,0.9017,0.0653,0.003298,4.475
51428,520,440,960,192,61,212,322.04,0.8584,0.5459,0.192988,3,24,27,207.32,0.7394,0.0929,0.007517,4.225
51446,520,453,973,193,7,231,318.68,0.9933,0.5309,0.172604,30,1,18,347.05,0.8324,0.0654,0.003414,4.167
51450,520,430,950,180,52,249,309.82,0.9662,0.5478,0.189998,28,10,48,301.85,0.7172,0.0969,0.006774,4.227
51453,520,373,893,230,33,228,328.74,0.9750,0.6001,0.235146,55,24,43,344.12,0.4919,0.1582,0.016400,4.294
51469,520,430,950,196,59,207,324.73,0.8582,0.5469,0.193702,34,10,42,316.78,0.6693,0.1006,0.007244,4.257
51472,520,427,947,245,34,29,28.63,0.9792,0.5587,0.206487,38,12,30,340.72,0.5601,0.1028,0.007688,4.446
51474,520,477,997,215,48,8,33.06,0.9877,0.5052,0.165811,3,0,10,300.63,1.0000,0.0212,0.000413,4.281
51491,520,352,872,208,128,43,62.41,0.8220,0.6180,0.290244,43,47,13,115.38,0.6908,0.1906,0.025757,4.491
51494,520,452,972,208,20,189,333.52,0.9599,0.5301,0.175864,3,11,42,265.41,0.8682,0.0706,0.004258,4.163
51503,520,447,967,239,15,14,28.87,0.9930,0.5373,0.187274,1,13,50,262.46,0.9566,0.0804,0.005246,4.295
51506,520,326,846,240,111,139,8.57,0.7898,0.6544,0.317609,13,58,45,169.85,0.8210,0.2134,0.033010,4.428
51518,520,162,682,247,179,205,354.40,0.7699,0.8107,0.564239,71,88,62,135.00,0.3261,0.3510,0.086667,4.494
51535,520,415,935,213,35,228,324.45,0.9625,0.5720,0.209516,17,26,45,264.13,0.4400,0.1171,0.010474,4.291
51536,520,477,997,53,103,255,265.45,1.0000,0.5072,0.176763,3,2,3,326.14,0.1845,0.0248,0.000694,4.473
51541,520,414,934,205,20,245,318.61,0.9869,0.5653,0.200737,39,11,51,314.06,0.7154,0.1161,0.009097,4.243
51549,520,320,840,247,112,29,46.05,0.9635,0.6491,0.314543,25,59,7,137.23,0.9649,0.2141,0.033498,4.366
51551,520,365,885,246,47,190,342.78,0.9478,0.6140,0.253467,40,30,71,291.96,0.5640,0.1674,0.018346,4.440
51561,520,345,865,251,95,18,40.81,0.9839,0.6298,0.287407,38,48,20,125.45,0.5660,0.1898,0.025765,4.453
51564,520,412,932,251,33,18,29.70,0.9877,0.5702,0.216443,40,17,45,320.24,0.5641,0.1228,0.010415,4.410
51574,520,385,905,233,52,188,340.48,0.9136,0.5929,0.234131,24,19,91,276.31,0.8926,0.1504,0.014152,4.429
51615,520,387,907,169,112,211,309.28,0.6538,0.5871,0.247270,13,43,9,141.37,0.9372,0.1538,0.018330,4.351
51618,520,408,928,252,13,43,25.36,0.9945,0.5666,0.211615,1,38,2,143.18,0.9953,0.1304,0.013970,4.090
51620,520,424,944,208,59,191,333.06,0.8463,0.5567,0.203013,6,29,19,162.56,0.7382,0.1067,0.009644,4.242
51624,520,403,923,250,5,129,1.41,0.9957,0.5793,0.220211,14,36,20,150.94,0.6509,0.1334,0.014056,4.218
51638,520,456,976,234,12,38,25.60,0.9927,0.5273,0.178985,7,9,36,274.48,0.7193,0.0650,0.003679,4.266
51654,520,427,947,209,14,227,323.84,0.9880,0.5564,0.194173,16,3,69,278.69,0.9702,0.0952,0.006049,4.356
51657,520,476,996,199,38,173,336.04,0.8741,0.5130,0.165473,5,0,2,349.81,1.0000,0.0195,0.000367,4.278
51668,520,327,847,248,105,104,23.16,0.9143,0.6494,0.310622,48,51,37,117.65,0.2302,0.2129,0.031296,4.436
51678,520,422,942,202,67,200,328.48,0.8283,0.5604,0.207427,14,21,50,270.45,0.6147,0.1061,0.008600,4.393
51680,520,153,673,250,181,198,2.77,0.8022,0.8159,0.574508,14,99,0,141.45,1.0000,0.3473,0.090167,4.455
51686,520,207,727,242,158,214,340.11,0.8211,0.7667,0.481879,23,81,91,211.35,0.7333,0.3112,0.068220,4.499
51688,520,97,617,229,215,233,318.69,0.3615,0.8786,0.711424,7,113,39,146.82,0.9938,0.3971,0.120014,4.479
51690,520,441,961,220,66,33,33.52,0.9341,0.5352,0.192245,17,12,51,282.71,0.7451,0.0909,0.006211,4.310
51694,520,442,962,224,22,142,352.40,0.9519,0.5364,0.183768,18,10,40,291.51,0.6588,0.0792,0.004989,4.251
51707,520,412,932,250,8,111,7.22,0.9935,0.5742,0.216490,5,34,18,155.80,0.8911,0.1219,0.012199,4.284
51732,520,430,950,241,0,86,13.62,1.0000,0.5473,0.193760,40,10,25,351.96,0.6065,0.1007,0.007385,4.248
51737,520,448,968,241,8,12,28.76,0.9965,0.5399,0.189044,36,4,11,10.12,0.7546,0.0792,0.004861,4.357
51750,520,388,908,195,119,79,47.80,0.5941,0.5851,0.253618,1,43,20,154.16,0.9898,0.1509,0.017846,4.475
51773,520,362,882,234,64,202,336.77,0.9058,0.6122,0.254261,44,43,32,103.22,0.2008,0.1841,0.023675,4.130
51777,520,423,943,245,41,38,28.00,0.9704,0.5635,0.211418,10,30,11,144.78,0.7887,0.1100,0.010172,4.345
51790,520,453,973,205,61,154,345.29,0.7853,0.5336,0.186517,9,11,34,276.01,0.6103,0.0689,0.004129,4.370
51799,520,388,908,180,104,224,311.56,0.7594,0.5950,0.249865,6,42,27,161.52,0.8882,0.1514,0.017737,4.427
51810,520,379,899,202,90,214,323.70,0.7944,0.5977,0.247254,12,46,7,141.14,0.9612,0.1633,0.020474,4.218
51815,520,313,833,254,88,166,355.01,0.9843,0.6552,0.308067,19,59,48,172.07,0.6948,0.2201,0.034796,4.223
51820,520,471,991,208,67,72,22.58,0.8140,0.5186,0.178943,11,3,7,345.03,0.4496,0.0388,0.001516,4.444
51821,520,408,928,246,26,87,14.90,0.9757,0.5650,0.210232,5,26,67,261.43,0.8764,0.1278,0.011762,4.213
51824,520,431,951,118,116,221,281.62,0.7096,0.5481,0.215624,7,29,0,137.24,1.0000,0.1031,0.009239,4.484
51845,520,452,972,212,63,97,11.57,0.8001,0.5273,0.184175,14,7,43,285.45,0.7791,0.0726,0.004197,4.321
51875,520,435,955,215,78,77,24.16,0.7930,0.5470,0.204340,14,19,32,267.62,0.3503,0.0892,0.006634,4.491
51882,520,457,977,219,40,127,357.61,0.8839,0.5299,0.181125,14,3,31,298.64,0.7906,0.0550,0.002574,4.396
51888,520,468,988,231,7,39,25.12,0.9954,0.5198,0.172905,4,1,27,281.17,0.9365,0.0374,0.001266,4.348
51892,520,363,883,239,14,223,332.11,0.9930,0.6063,0.239953,6,49,15,146.66,0.9703,0.1725,0.022697,3.988
51895,520,423,943,221,22,192,335.98,0.9671,0.5566,0.197541,45,7,30,347.28,0.7137,0.1076,0.008037,4.265
51900,520,334,854,222,84,249,320.67,0.9669,0.6423,0.287116,4,56,17,147.02,0.9853,0.1966,0.028945,4.270
51903,520,238,758,247,133,218,337.54,0.9265,0.7307,0.416135,37,76,26,139.31,0.8823,0.2802,0.056366,4.382
51920,520,396,916,192,65,249,312.78,0.9624,0.5774,0.218278,11,12,99,268.92,0.9755,0.1424,0.012348,4.303
51933,520,406,926,206,41,248,317.85,0.9692,0.5789,0.214866,49,20,21,19.20,0.5001,0.1319,0.012075,4.267
51959,520,456,976,213,21,173,339.59,0.9518,0.5302,0.177018,5,11,19,252.40,0.3901,0.0568,0.003186,4.268
51967,520,443,963,203,76,129,357.55,0.7049,0.5375,0.194523,12,12,40,278.90,0.6517,0.0775,0.004943,4.450
51980,520,469,989,144,92,207,302.20,0.7008,0.5176,0.180889,21,0,4,7.47,1.0000,0.0431,0.001682,4.467
51998,520,467,987,209,5,176,337.55,0.9883,0.5200,0.168006,18,0,8,349.73,1.0000,0.0401,0.001462,4.236
52002,520,475,995,196,50,170,336.35,0.8219,0.5153,0.169210,5,3,2,54.77,0.2372,0.0302,0.001018,4.297
52026,520,381,901,214,89,194,334.26,0.7717,0.6032,0.253378,20,38,49,236.61,0.4064,0.1551,0.017566,4.490
52029,520,329,849,247,47,251,327.29,0.9878,0.6517,0.287750,91,11,32,12.64,0.8582,0.2082,0.025682,4.463
52035,520,356,876,206,97,230,320.07,0.8461,0.6233,0.273858,27,40,71,265.55,0.5073,0.1797,0.022055,4.495
52041,520,460,980,191,29,223,319.74,0.9575,0.5284,0.172842,25,0,21,334.56,1.0000,0.0565,0.002608,4.236
52044,520,352,872,253,86,9,38.74,0.9931,0.6212,0.275615,10,48,59,221.23,0.7389,0.1863,0.024941,4.345
52050,520,100,620,248,204,239,333.26,0.8982,0.8759,0.693753,89,101,48,119.92,0.5760,0.4024,0.116446,4.468
52055,520,418,938,244,15,105,8.46,0.9853,0.5616,0.205981,31,25,21,55.66,0.1528,0.1166,0.010407,4.238
52068,520,470,990,208,59,117,1.38,0.7895,0.5216,0.178244,2,5,13,259.21,0.5151,0.0372,0.001505,4.431
52069,520,368,888,232,37,232,328.24,0.9737,0.6082,0.243076,78,4,14,21.48,0.9513,0.1690,0.017385,4.349
52073,520,450,970,185,70,202,322.30,0.7978,0.5381,0.189601,7,18,3,136.01,0.8193,0.0707,0.004843,4.369
52078,520,462,982,193,7,234,317.99,0.9937,0.5333,0.174314,2,11,3,147.43,0.8392,0.0485,0.002588,4.265
52083,520,431,951,197,67,204,325.73,0.8289,0.5549,0.202458,28,14,41,306.00,0.5687,0.0983,0.007211,4.413
52092,520,339,859,251,17,237,331.47,0.9949,0.6374,0.270276,45,13,118,285.51,0.9364,0.1958,0.021537,4.477
52102,520,457,977,230,7,117,1.89,0.9885,0.5346,0.182622,6,0,48,275.55,1.0000,0.0574,0.002521,4.429
52112,520,477,997,194,36,179,332.69,0.8823,0.5063,0.159875,5,0,1,3.86,1.0000,0.0188,0.000345,4.169
52114,520,471,991,183,28,228,316.25,0.9613,0.5188,0.165004,3,5,15,269.08,0.4996,0.0392,0.001624,4.165
52116,520,404,924,250,31,102,11.03,0.9691,0.5790,0.222669,43,26,1,74.57,0.9258,0.1312,0.012546,4.359
52117,520,459,979,212,3,190,334.24,0.9947,0.5338,0.177820,5,6,39,273.16,0.8685,0.0599,0.003090,4.291
52119,520,342,862,253,8,226,334.49,0.9974,0.6323,0.265505,32,34,99,275.74,0.7631,0.1934,0.023519,4.291
52120,520,475,995,179,39,227,314.98,0.9353,0.5180,0.165819,5,3,7,309.52,0.3278,0.0324,0.001127,4.221
52128,520,433,953,203,64,191,331.61,0.8210,0.5533,0.201267,25,1,67,289.53,0.9806,0.0988,0.006336,4.460
52145,520,419,939,244,32,37,27.28,0.9793,0.5561,0.204032,12,29,21,162.33,0.4871,0.1107,0.010110,4.226
52172,520,442,962,213,65,129,358.10,0.7807,0.5418,0.195140,2,21,13,165.13,0.8699,0.0783,0.005783,4.395
52174,520,444,964,241,13,49,23.78,0.9924,0.5438,0.192138,1,9,54,264.51,0.9551,0.0771,0.004681,4.428
52181,520,464,984,216,51,99,9.25,0.8518,0.5234,0.178699,28,0,4,13.76,1.0000,0.0549,0.002557,4.351
52215,520,457,977,187,69,189,327.10,0.7741,0.5316,0.184965,6,5,42,275.00,0.8961,0.0614,0.003144,4.421
52246,520,400,920,200,102,150,350.94,0.5829,0.5809,0.239857,25,37,5,127.42,0.8528,0.1415,0.015407,4.432
52267,520,409,929,253,17,79,17.44,0.9897,0.5749,0.218518,52,2,58,323.18,0.9014,0.1321,0.010791,4.417
52283,520,262,782,248,105,253,326.31,0.9916,0.7091,0.371539,77,57,8,84.43,0.8601,0.2609,0.045217,4.427
52293,520,400,920,232,14,197,337.20,0.9868,0.5776,0.215038,13,33,51,247.77,0.5584,0.1377,0.014122,4.133
52298,520,456,976,233,11,44,24.37,0.9927,0.5256,0.177480,0,3,45,264.10,0.9825,0.0552,0.002546,4.329
52307,520,391,911,236,85,31,37.93,0.9497,0.5894,0.244318,31,36,21,123.38,0.3428,0.1470,0.016072,4.455
52309,520,438,958,232,30,114,4.21,0.9446,0.5454,0.193022,16,2,67,279.63,0.9775,0.0913,0.005588,4.372
52312,520,456,976,189,38,223,318.97,0.9369,0.5302,0.175341,10,6,37,282.97,0.7691,0.0623,0.003283,4.229
52315,520,456,976,218,66,21,35.49,0.9603,0.5305,0.188586,7,5,43,276.36,0.8910,0.0632,0.003281,4.478
52332,520,470,990,232,18,35,26.36,0.9882,0.5245,0.177129,3,2,22,278.76,0.8465,0.0352,0.001207,4.436
52358,520,430,950,225,63,91,15.62,0.8506,0.5505,0.203206,28,20,17,41.55,0.1919,0.0993,0.007877,4.375
52365,520,461,981,168,56,239,307.98,0.9184,0.5256,0.173859,1,9,13,221.24,0.7209,0.0462,0.002309,4.280
52367,520,371,891,242,6,216,334.51,0.9969,0.6059,0.239683,42,26,79,293.10,0.6765,0.1683,0.017955,4.263
52381,520,463,983,232,38,17,30.43,0.9827,0.5331,0.185856,7,8,23,278.03,0.4927,0.0542,0.002807,4.466
52384,520,317,837,242,90,210,336.99,0.9141,0.6574,0.308454,18,35,132,267.30,0.9408,0.2238,0.029964,4.483
52389,520,418,938,240,51,69,22.14,0.9372,0.5644,0.213258,17,7,82,275.30,0.9621,0.1177,0.008803,4.477
52405,520,448,968,231,51,29,30.78,0.9620,0.5416,0.194483,32,10,3,42.59,0.7092,0.0808,0.005308,4.420
52410,520,434,954,192,56,221,319.82,0.8914,0.5475,0.192566,21,24,1,115.89,0.9163,0.0983,0.008149,4.171
52414,520,385,905,252,59,44,29.39,0.9864,0.5921,0.240089,44,27,39,337.98,0.3168,0.1456,0.014659,4.486
52422,520,291,811,228,116,230,326.70,0.8620,0.6828,0.346998,0,68,6,143.66,1.0000,0.2366,0.041472,4.340
52437,520,440,960,184,73,219,317.01,0.8327,0.5520,0.200710,26,12,38,306.91,0.5802,0.0902,0.006225,4.459
52446,520,442,962,178,70,213,316.74,0.8192,0.5351,0.186504,13,5,56,279.45,0.9205,0.0810,0.004796,4.316
52448,520,367,887,254,50,143,359.46,0.9898,0.6106,0.253388,1,48,30,161.78,0.9876,0.1707,0.022140,4.206
52454,520,433,953,234,38,109,6.89,0.9296,0.5523,0.199858,40,11,14,16.36,0.5997,0.0985,0.007222,4.366
52467,520,373,893,226,69,198,336.00,0.8705,0.6012,0.245046,27,37,47,248.75,0.2522,0.1563,0.017613,4.364
52476,520,423,943,246,37,41,27.10,0.9745,0.5634,0.210796,10,28,35,225.66,0.4901,0.1124,0.010163,4.335
52482,520,477,997,224,30,13,30.03,0.9859,0.5113,0.168078,5,0,5,328.36,1.0000,0.0213,0.000432,4.324
52483,520,327,847,216,102,244,319.31,0.9240,0.6534,0.306349,44,53,26,124.11,0.4911,0.2120,0.031562,4.369
52486,520,362,882,240,15,232,330.18,0.9937,0.6142,0.246959,30,43,45,207.89,0.2103,0.1753,0.021932,4.128
52495,520,220,740,254,157,73,58.45,0.9819,0.7452,0.456686,61,76,53,134.95,0.3231,0.3040,0.064180,4.438
52503,520,470,990,227,25,84,13.58,0.9611,0.5244,0.176691,11,2,12,324.67,0.6318,0.0381,0.001411,4.409
52524,520,448,968,233,45,35,28.93,0.9578,0.5413,0.193248,16,8,49,284.67,0.8017,0.0815,0.005056,4.418
52529,520,476,996,214,42,76,16.53,0.9024,0.5060,0.164764,5,0,7,320.34,1.0000,0.0225,0.000476,4.255
52533,520,363,883,236,81,157,353.77,0.8283,0.6122,0.261548,41,36,47,305.62,0.1879,0.1675,0.019384,4.490
52540,520,471,991,185,0,239,314.71,1.0000,0.5229,0.165475,5,2,22,286.95,0.7991,0.0374,0.001336,4.197
52556,520,390,910,199,76,235,317.60,0.8919,0.5892,0.233105,9,40,43,204.17,0.6791,0.1524,0.017500,4.194
52561,520,391,911,201,89,207,325.58,0.7739,0.5906,0.240687,48,29,6,68.27,0.7228,0.1468,0.015203,4.458
52579,520,361,881,254,21,189,344.32,0.9934,0.6163,0.252847,9,28,112,265.93,0.9496,0.1831,0.020583,4.291
52581,520,432,952,162,84,233,304.80,0.8430,0.5467,0.199057,24,0,66,289.26,1.0000,0.0950,0.005875,4.457
52603,520,451,971,230,9,137,355.08,0.9848,0.5425,0.188274,25,5,28,322.50,0.6750,0.0704,0.003991,4.413
52610,520,270,790,138,168,243,266.96,0.8061,0.6965,0.398787,45,70,17,131.28,0.8669,0.2649,0.049786,4.497
52617,520,75,595,252,231,82,101.17,0.9615,0.9059,0.784577,11,119,56,150.53,0.9875,0.4203,0.135497,4.499
52618,520,428,948,220,21,205,332.16,0.9746,0.5625,0.201621,32,15,23,350.74,0.3790,0.0959,0.007106,4.406
52628,520,441,961,195,69,187,330.43,0.7827,0.5433,0.194478,23,16,20,343.30,0.1836,0.0851,0.006033,4.363
52632,520,377,897,237,84,93,20.67,0.8598,0.5983,0.251384,7,41,55,229.84,0.7571,0.1613,0.019068,4.364
52651,520,477,997,209,50,116,0.82,0.8246,0.5143,0.170997,5,0,10,311.99,1.0000,0.0241,0.000542,4.373
52653,520,413,933,219,62,167,344.25,0.8283,0.5659,0.212977,50,11,18,13.30,0.6882,0.1179,0.009612,4.411
52667,520,422,942,226,62,120,4.05,0.8333,0.5596,0.209727,34,8,60,301.63,0.8136,0.1125,0.008400,4.447
52668,520,459,979,178,47,237,312.06,0.9318,0.5307,0.176134,24,4,23,329.55,0.6727,0.0643,0.003429,4.232
52669,520,443,963,243,5,33,26.42,0.9976,0.5447,0.192765,1,3,69,265.21,0.9918,0.0848,0.005012,4.413
52676,520,408,928,249,36,82,17.41,0.9662,0.5749,0.220143,21,33,33,196.07,0.2374,0.1333,0.013569,4.250
52680,520,288,808,255,81,226,335.37,1.0000,0.6771,0.326389,13,67,39,155.73,0.9230,0.2419,0.042462,4.071
52692,520,434,954,232,50,83,17.05,0.9127,0.5502,0.200645,15,7,68,277.03,0.9354,0.0991,0.006708,4.420
52700,520,451,971,231,48,3,32.81,0.9966,0.5379,0.191124,28,6,3,33.73,0.7121,0.0671,0.003837,4.479
52711,520,460,980,226,40,94,11.27,0.9162,0.5332,0.184973,1,5,46,265.57,0.9647,0.0612,0.003122,4.423
52718,520,433,953,206,67,178,336.92,0.7951,0.5542,0.203524,34,17,5,56.12,0.6150,0.0979,0.007520,4.408
52739,520,344,864,240,75,199,339.47,0.9018,0.6316,0.276837,32,49,18,132.71,0.6793,0.1873,0.025473,4.330
52752,520,390,910,229,89,64,32.26,0.8513,0.5856,0.241756,37,37,0,109.77,1.0000,0.1527,0.017165,4.344
52762,520,432,952,246,14,49,24.05,0.9927,0.5547,0.201322,20,25,11,124.76,0.4264,0.1022,0.008681,4.283
52784,520,298,818,249,84,223,334.78,0.9667,0.6688,0.318109,0,64,45,166.04,1.0000,0.2300,0.038561,4.157
52798,520,356,876,234,51,237,327.42,0.9626,0.6232,0.259770,30,33,91,275.54,0.7300,0.1819,0.021190,4.351
52809,520,425,945,172,79,243,306.70,0.9082,0.5607,0.208344,26,14,61,288.89,0.7546,0.1123,0.008706,4.401
52811,520,470,990,215,12,153,346.39,0.9706,0.5206,0.170123,1,5,12,248.78,0.6419,0.0356,0.001415,4.281
52817,520,472,992,204,36,179,335.51,0.8966,0.5244,0.173557,13,0,2,8.59,1.0000,0.0305,0.000900,4.392
52822,520,213,733,219,160,250,313.46,0.9132,0.7593,0.471047,1,86,19,145.02,0.9988,0.3014,0.067088,4.450
52839,520,449,969,151,83,246,298.32,0.9184,0.5421,0.194199,2,19,7,153.22,0.9095,0.0709,0.004940,4.445
52842,520,436,956,237,41,0,31.90,1.0000,0.5450,0.195936,32,5,44,313.43,0.7868,0.0916,0.005975,4.394
52849,520,435,955,213,32,201,331.46,0.9445,0.5520,0.193983,36,12,15,13.88,0.5152,0.0937,0.006726,4.301
52878,520,464,984,194,58,178,333.11,0.8028,0.5241,0.177114,4,10,19,253.38,0.4502,0.0538,0.002899,4.293
52881,520,470,990,215,57,82,16.89,0.8500,0.5228,0.179850,11,4,12,323.19,0.4429,0.0432,0.001845,4.433
52896,520,455,975,193,54,200,325.92,0.8550,0.5325,0.181474,6,9,30,272.65,0.6347,0.0598,0.003278,4.345
52909,520,476,996,164,93,139,341.77,0.4840,0.5064,0.175862,5,0,4,333.70,1.0000,0.0207,0.000410,4.480
52910,520,235,755,229,150,234,324.76,0.8191,0.7443,0.444127,61,74,31,123.47,0.6163,0.2931,0.059885,4.497
52918,520,388,908,241,55,148,355.65,0.8992,0.5915,0.235744,1,14,106,264.54,0.9840,0.1500,0.013610,4.492
52920,520,356,876,247,52,185,344.64,0.9437,0.6167,0.257361,40,27,90,286.77,0.7371,0.1782,0.019731,4.408
52925,520,405,925,253,39,1,31.27,0.9993,0.5771,0.223396,48,20,27,5.39,0.4713,0.1321,0.012079,4.404
52954,520,470,990,177,63,202,319.85,0.8129,0.5174,0.171675,13,4,8,348.49,0.4111,0.0439,0.001899,4.271
52962,520,441,961,215,40,159,345.05,0.8838,0.5363,0.184702,21,14,43,291.26,0.5980,0.0918,0.006479,4.156
52966,520,397,917,195,67,250,313.35,0.9679,0.5846,0.225198,40,19,60,304.90,0.6473,0.1371,0.012431,4.408
52984,520,381,901,252,55,100,14.12,0.9753,0.5977,0.243515,61,18,37,355.78,0.6265,0.1558,0.015584,4.475
52986,520,385,905,253,25,119,5.68,0.9846,0.5873,0.229135,12,22,94,268.33,0.9355,0.1515,0.014600,4.321
53016,520,264,784,237,149,90,53.26,0.7711,0.7077,0.402399,3,75,24,147.10,0.9940,0.2640,0.051172,4.472
53056,520,411,931,251,16,72,19.10,0.9905,0.5691,0.213514,55,9,11,22.85,0.8110,0.1236,0.010319,4.369
53080,520,408,928,228,65,130,0.82,0.8284,0.5698,0.218890,20,13,81,276.72,0.9147,0.1265,0.010306,4.459
53084,520,442,962,217,37,172,341.16,0.9082,0.5449,0.190557,3,20,10,157.56,0.8144,0.0752,0.005416,4.341
53092,520,434,954,228,48,113,5.39,0.8856,0.5486,0.198029,45,1,27,349.24,0.8881,0.0974,0.006588,4.383
53105,520,322,842,241,66,235,329.52,0.9508,0.6451,0.285980,14,59,38,159.11,0.8611,0.2148,0.033611,4.018
53106,520,234,754,252,140,186,354.96,0.9169,0.7366,0.429994,70,70,47,107.99,0.3047,0.2940,0.058877,4.409
53139,520,467,987,179,58,211,318.25,0.8523,0.5216,0.173141,1,5,17,258.38,0.7422,0.0381,0.001555,4.328
53146,520,441,961,239,16,42,25.22,0.9906,0.5396,0.188918,8,18,39,263.26,0.5933,0.0870,0.006307,4.243
53158,520,430,950,226,67,17,35.64,0.9742,0.5471,0.202263,0,7,79,264.18,0.9864,0.1035,0.007164,4.413
53160,520,464,984,203,22,184,333.65,0.9466,0.5185,0.167330,25,0,14,347.08,1.0000,0.0532,0.002384,4.149
53166,520,346,866,215,82,250,318.50,0.9693,0.6303,0.273854,65,25,70,323.09,0.6401,0.1922,0.022614,4.460
53174,520,446,966,206,81,78,24.52,0.7437,0.5352,0.195588,28,10,30,323.47,0.5464,0.0845,0.005577,4.419
53184,520,399,919,254,40,48,26.30,0.9955,0.5824,0.228056,52,19,29,2.95,0.5338,0.1379,0.012846,4.424
53196,520,436,956,216,46,170,341.79,0.8753,0.5481,0.194575,10,2,66,274.22,0.9851,0.0855,0.005013,4.446
53200,520,339,859,214,108,207,329.82,0.7424,0.6381,0.295279,6,53,52,192.74,0.8694,0.1975,0.028327,4.408
53201,520,438,958,206,43,199,330.11,0.9044,0.5450,0.189750,43,0,27,346.98,1.0000,0.0919,0.005928,4.287
53207,520,444,964,231,45,69,20.76,0.9340,0.5415,0.192984,38,0,26,343.28,1.0000,0.0818,0.004867,4.429
53214,520,401,921,220,95,34,42.89,0.9031,0.5757,0.235180,35,21,71,291.41,0.7019,0.1437,0.013486,4.492
53222,520,366,886,225,43,250,322.29,0.9806,0.6123,0.246396,34,30,80,282.37,0.6555,0.1687,0.018478,4.328
53251,520,330,850,196,125,205,322.85,0.6133,0.6418,0.308118,52,48,41,81.71,0.1225,0.2101,0.030041,4.474
53254,520,473,993,205,4,187,333.29,0.9914,0.5191,0.166558,1,5,5,195.33,0.5527,0.0328,0.001259,4.225
53261,520,392,912,202,85,209,325.39,0.7951,0.5878,0.236585,27,19,92,278.29,0.8813,0.1541,0.014714,4.428
53267,520,471,991,232,13,0,29.73,1.0000,0.5212,0.174468,18,0,18,328.36,1.0000,0.0445,0.001723,4.340
53287,520,387,907,213,48,245,320.23,0.9584,0.5923,0.228544,36,33,31,56.11,0.0617,0.1469,0.015617,4.245
53302,520,340,860,252,42,216,336.88,0.9845,0.6359,0.273124,34,51,24,134.83,0.5725,0.1964,0.027736,4.157
53304,520,410,930,240,20,156,351.17,0.9750,0.5734,0.214290,21,8,92,275.94,0.9641,0.1348,0.011057,4.329
53318,520,295,815,254,115,123,18.82,0.9791,0.6790,0.347655,14,65,42,159.41,0.8893,0.2362,0.040410,4.398
53320,520,231,751,251,122,253,326.86,0.9912,0.7368,0.415225,52,59,128,275.27,0.6380,0.2921,0.054163,4.466
53322,520,429,949,239,26,64,20.83,0.9769,0.5461,0.194630,33,19,5,65.54,0.6173,0.1008,0.008001,4.218
53334,520,418,938,243,31,97,11.73,0.9627,0.5634,0.209011,20,27,43,265.71,0.3582,0.1208,0.011070,4.241
53338,520,453,973,195,72,164,338.97,0.7314,0.5342,0.189188,2,18,1,141.25,0.9777,0.0665,0.004477,4.391
53353,520,375,895,236,73,150,355.57,0.8401,0.6003,0.248028,44,37,12,93.82,0.6070,0.1628,0.018852,4.329
53372,520,362,882,245,52,170,348.89,0.9250,0.6059,0.247739,2,43,82,252.02,0.9340,0.1847,0.023497,4.051
53382,520,416,936,214,24,224,325.79,0.9766,0.5659,0.203332,17,17,76,274.20,0.8810,0.1249,0.010418,4.193
53383,520,473,993,223,44,24,30.53,0.9672,0.5191,0.175581,0,4,7,227.14,1.0000,0.0294,0.001022,4.421
53384,520,419,939,204,71,190,332.27,0.7987,0.5622,0.210633,24,25,32,278.77,0.1543,0.1132,0.009937,4.348
53390,520,315,835,254,74,210,339.51,0.9930,0.6600,0.306247,64,43,59,335.36,0.2984,0.2201,0.031336,4.380
53425,520,374,894,235,14,218,332.42,0.9915,0.5960,0.230409,27,43,5,129.61,0.9040,0.1622,0.019717,4.022
53454,520,386,906,237,23,200,337.59,0.9794,0.5912,0.227903,9,37,53,237.52,0.6767,0.1488,0.016382,4.186
53473,520,355,875,239,28,232,329.93,0.9852,0.6164,0.250101,27,32,90,273.89,0.7546,0.1764,0.020041,4.285
53479,520,463,983,210,48,160,343.72,0.8456,0.5334,0.183558,3,7,23,265.98,0.6449,0.0484,0.002332,4.463
53488,520,453,973,235,9,68,18.57,0.9922,0.5329,0.182781,13,16,2,118.19,0.7385,0.0697,0.004605,4.263
53493,520,476,996,170,22,245,308.73,0.9799,0.5108,0.157133,0,2,1,165.38,1.0000,0.0192,0.000456,4.105
53498,520,438,958,204,35,221,323.77,0.9504,0.5518,0.192616,13,20,28,252.18,0.2817,0.0888,0.006697,4.279
53519,520,455,975,218,46,116,2.19,0.8633,0.5284,0.181229,14,8,22,302.90,0.4411,0.0598,0.003250,4.342
53526,520,365,885,219,70,234,323.95,0.9179,0.6127,0.253828,64,27,0,52.75,1.0000,0.1686,0.018740,4.420
53537,520,278,798,241,99,255,324.02,1.0000,0.6924,0.348467,81,47,47,19.92,0.3662,0.2499,0.039878,4.433
53543,520,437,957,191,53,231,317.15,0.9164,0.5507,0.193934,19,12,47,287.39,0.6921,0.0893,0.006066,4.351
53551,520,305,825,210,117,243,316.55,0.8897,0.6673,0.328966,24,62,51,171.75,0.6202,0.2333,0.038783,4.268
53552,520,479,999,215,33,107,3.94,0.9061,0.5103,0.165988,1,0,5,292.48,1.0000,0.0142,0.000174,4.305
53562,520,469,989,202,79,36,38.45,0.8718,0.5189,0.182779,13,4,3,30.80,0.4413,0.0421,0.001790,4.495
53583,520,432,952,197,63,200,327.00,0.8323,0.5480,0.195970,19,27,0,123.42,1.0000,0.1049,0.009223,4.153
53640,520,146,666,233,195,212,349.45,0.4694,0.8310,0.611083,27,100,68,160.17,0.8785,0.3641,0.097643,4.478
53674,520,269,789,250,119,195,346.49,0.9283,0.7028,0.374605,14,74,33,149.35,0.9573,0.2647,0.051005,4.204
53693,520,287,807,251,92,232,332.84,0.9799,0.6859,0.339925,39,52,96,269.42,0.5381,0.2388,0.037317,4.466
53703,520,438,958,228,34,132,357.27,0.9235,0.5458,0.193068,15,0,66,279.49,1.0000,0.0860,0.004949,4.424
53706,520,410,930,234,20,177,343.40,0.9747,0.5719,0.211699,11,35,27,168.96,0.6111,0.1308,0.013523,4.120
53732,520,452,972,155,70,243,301.70,0.9187,0.5269,0.178203,1,15,34,252.35,0.8582,0.0716,0.004636,4.177
53743,520,410,930,229,70,98,14.74,0.8363,0.5675,0.219229,52,3,51,329.13,0.8472,0.1280,0.010343,4.462
53746,520,408,928,204,69,209,326.38,0.8462,0.5715,0.216987,38,21,46,314.22,0.4841,0.1282,0.011457,4.344
53758,520,430,950,236,5,115,3.59,0.9933,0.5459,0.191823,1,22,51,255.41,0.9296,0.1017,0.008192,4.156
53807,520,439,959,243,21,37,26.48,0.9884,0.5493,0.197280,4,12,62,267.01,0.9391,0.0928,0.006365,4.387
53808,520,430,950,226,9,162,346.03,0.9846,0.5459,0.189754,2,4,80,265.69,0.9914,0.1018,0.006789,4.222
53836,520,375,895,248,21,169,348.85,0.9812,0.5951,0.233607,23,29,82,272.95,0.7559,0.1591,0.016700,4.252
53837,520,344,864,238,63,224,331.62,0.9403,0.6309,0.271166,50,28,84,298.12,0.6731,0.1863,0.021487,4.493
53843,520,457,977,180,0,252,310.52,1.0000,0.5267,0.167326,3,13,20,235.72,0.5581,0.0603,0.003577,4.056
53887,520,261,781,169,166,231,286.05,0.6070,0.7110,0.414767,3,77,28,148.23,0.9937,0.2716,0.054107,4.464
53932,520,466,986,230,24,11,29.63,0.9896,0.5211,0.175035,4,7,21,269.08,0.5498,0.0482,0.002319,4.301
53936,520,426,946,165,84,247,302.96,0.9252,0.5616,0.210559,24,26,7,114.22,0.5849,0.1081,0.009483,4.380
53939,520,391,911,213,73,206,329.92,0.8458,0.5885,0.233694,4,12,109,265.69,0.9860,0.1531,0.013928,4.438
53948,520,479,999,170,31,235,310.64,0.9590,0.5060,0.155251,1,0,5,292.48,1.0000,0.0142,0.000174,4.091
53985,520,341,861,239,105,103,23.33,0.8338,0.6340,0.294360,59,43,2,85.72,0.9370,0.1980,0.026620,4.494
53988,520,453,973,107,109,224,279.05,0.7617,0.5260,0.194444,18,15,10,80.42,0.1930,0.0741,0.004922,4.451
53996,520,321,841,239,72,238,328.22,0.9450,0.6491,0.291610,89,20,29,17.98,0.7836,0.2122,0.027132,4.429
54005,520,336,856,221,109,182,342.48,0.7036,0.6378,0.296888,14,53,43,172.92,0.7449,0.1965,0.028139,4.439
54011,520,237,757,211,155,223,320.36,0.6362,0.7271,0.426202,44,77,36,139.69,0.7088,0.2896,0.059705,4.341
54019,520,420,940,253,4,9,28.85,0.9986,0.5648,0.209930,16,23,42,267.61,0.4429,0.1067,0.008901,4.413
54021,520,426,946,230,36,155,349.82,0.9257,0.5605,0.204541,47,14,7,34.01,0.7211,0.1144,0.009338,4.290
54024,520,364,884,229,76,197,337.27,0.8593,0.6131,0.258605,12,37,77,259.52,0.7672,0.1678,0.019370,4.449
54026,520,432,952,165,79,235,305.99,0.8646,0.5451,0.195900,23,5,61,288.99,0.8969,0.0958,0.006276,4.370
54049,520,477,997,179,40,212,318.66,0.9094,0.5067,0.158559,3,1,3,326.97,0.4506,0.0211,0.000476,4.132
54078,520,394,914,246,25,160,351.27,0.9729,0.5886,0.228295,50,16,48,329.88,0.6329,0.1389,0.012622,4.444
54091,520,410,930,246,48,62,23.89,0.9572,0.5731,0.220580,16,30,45,251.15,0.4354,0.1272,0.012281,4.344
54100,520,466,986,154,53,253,300.79,0.9875,0.5161,0.165085,12,7,14,316.62,0.2943,0.0520,0.002618,4.088
54103,520,302,822,196,135,222,315.32,0.6704,0.6696,0.343385,8,65,23,147.37,0.9761,0.2302,0.038939,4.423
54122,520,285,805,186,151,214,309.44,0.5191,0.6866,0.374278,46,67,1,127.15,0.9908,0.2546,0.045973,4.421
54135,520,407,927,246,34,107,9.07,0.9585,0.5736,0.218019,11,34,39,213.92,0.5446,0.1328,0.013616,4.213
54148,520,461,981,207,12,201,329.92,0.9817,0.5338,0.177474,6,8,13,264.69,0.2231,0.0485,0.002414,4.340
54149,520,457,977,209,29,182,335.88,0.9300,0.5314,0.178135,1,16,1,142.87,0.9808,0.0600,0.003792,4.241
54172,520,425,945,144,104,230,295.12,0.7751,0.5561,0.215431,12,24,42,258.28,0.5005,0.1066,0.008986,4.500
54190,520,440,960,212,72,128,359.40,0.7512,0.5479,0.201925,27,13,34,313.53,0.5081,0.0907,0.006364,4.470
54196,520,372,892,239,92,44,37.59,0.9233,0.6056,0.261899,43,36,46,315.75,0.1827,0.1694,0.019726,4.473
54199,520,453,973,219,56,96,11.67,0.8472,0.5331,0.187355,26,3,33,317.87,0.7845,0.0714,0.003946,4.400
54201,520,340,860,244,56,229,331.79,0.9598,0.6385,0.277214,79,25,46,359.22,0.6362,0.2043,0.025550,4.331
54207,520,477,997,213,55,25,32.62,0.9530,0.5087,0.169512,0,2,4,233.51,1.0000,0.0210,0.000522,4.345
54212,520,366,886,240,87,88,23.48,0.8832,0.6066,0.260493,49,34,49,326.46,0.2910,0.1735,0.020188,4.424
54214,520,471,991,230,24,4,30.12,0.9961,0.5209,0.174881,8,2,19,300.97,0.7349,0.0386,0.001421,4.373
54238,520,340,860,254,30,220,336.22,0.9952,0.6363,0.271700,21,39,103,267.12,0.8345,0.2012,0.025896,4.239
54243,520,390,910,224,71,175,343.19,0.8243,0.5879,0.234513,9,18,101,267.46,0.9649,0.1523,0.014302,4.425
54262,520,429,949,187,83,188,327.17,0.7165,0.5497,0.203834,14,25,0,128.21,1.0000,0.0950,0.007886,4.385
54265,520,389,909,251,44,107,10.54,0.9689,0.5895,0.233757,0,4,117,264.15,0.9968,0.1549,0.013710,4.454
54276,520,362,882,254,2,189,344.16,0.9989,0.6123,0.247918,38,41,57,276.12,0.2468,0.1828,0.022933,4.085
54278,520,332,852,253,93,78,28.61,0.9834,0.6362,0.292648,40,44,64,275.24,0.2897,0.1969,0.026226,4.495
54279,520,440,960,180,67,232,312.78,0.8806,0.5487,0.195448,10,21,32,249.45,0.4177,0.0915,0.007051,4.302
54288,520,418,938,202,36,232,320.53,0.9580,0.5572,0.196461,10,34,9,142.79,0.8973,0.1225,0.012283,3.957
54294,520,405,925,157,101,247,297.84,0.8964,0.5782,0.231911,27,34,5,121.54,0.7928,0.1341,0.013880,4.413
54302,520,461,981,220,53,79,17.77,0.8804,0.5281,0.183290,0,11,21,238.24,1.0000,0.0535,0.002935,4.407
54305,520,412,932,186,78,232,314.04,0.8654,0.5705,0.217151,12,29,48,252.60,0.5526,0.1240,0.011702,4.330
54307,520,423,943,239,44,80,17.90,0.9410,0.5591,0.207345,0,29,34,210.48,1.0000,0.1095,0.009942,4.293
54310,520,327,847,239,95,187,344.36,0.8540,0.6477,0.301256,85,30,6,41.28,0.8728,0.2149,0.028733,4.461
54315,520,472,992,207,68,61,26.94,0.8339,0.5160,0.177388,2,0,28,274.02,1.0000,0.0332,0.000967,4.461
54323,520,237,757,195,165,218,310.14,0.4910,0.7281,0.435747,16,74,97,229.77,0.7972,0.2908,0.058705,4.468
54337,520,387,907,220,43,227,326.42,0.9540,0.5877,0.224916,6,11,106,266.56,0.9852,0.1486,0.013186,4.351
54346,520,479,999,142,89,207,301.84,0.7123,0.5099,0.174008,0,0,7,264.05,1.0000,0.0135,0.000153,4.466
54347,520,388,908,232,47,187,340.42,0.9223,0.5869,0.227794,65,16,10,30.15,0.8140,0.1531,0.015165,4.263
54352,520,370,890,242,70,146,357.98,0.8799,0.6064,0.253359,26,43,37,170.29,0.3193,0.1689,0.020809,4.284
54382,520,445,965,240,17,2,29.75,0.9984,0.5397,0.189339,10,9,46,277.00,0.8094,0.0756,0.004571,4.386
54391,520,435,955,212,30,197,332.31,0.9447,0.5467,0.189589,12,21,22,204.69,0.2399,0.0880,0.006724,4.224
54409,520,436,956,188,51,232,316.09,0.9204,0.5452,0.188865,39,6,24,350.22,0.6959,0.0925,0.006276,4.245
54412,520,408,928,195,77,218,320.74,0.8323,0.5727,0.219732,46,0,70,309.38,1.0000,0.1302,0.010231,4.478
54430,520,341,861,207,129,117,29.33,0.5181,0.6308,0.302519,32,54,16,134.12,0.8093,0.2031,0.029828,4.416
54431,520,383,903,234,9,234,328.34,0.9960,0.6038,0.236309,40,22,72,296.07,0.6864,0.1524,0.014928,4.410
54434,520,334,854,180,119,248,303.66,0.8851,0.6366,0.296747,28,50,46,181.44,0.3614,0.1955,0.027253,4.488
54438,520,410,930,228,3,198,335.95,0.9969,0.5685,0.206389,9,35,30,178.60,0.6467,0.1309,0.013538,4.035
54442,520,404,924,251,45,23,30.42,0.9850,0.5775,0.224515,40,22,36,335.21,0.3744,0.1275,0.011524,4.462
54468,520,424,944,247,0,65,20.04,1.0000,0.5560,0.201594,20,12,68,280.37,0.8611,0.1104,0.008290,4.316
54488,520,339,859,245,15,254,326.36,0.9970,0.6379,0.269127,66,31,57,337.67,0.4967,0.1966,0.024338,4.293
54495,520,358,878,221,61,252,320.43,0.9857,0.6200,0.257398,37,39,63,279.52,0.3541,0.1801,0.022032,4.268
54500,520,440,960,237,6,118,2.78,0.9921,0.5491,0.194459,24,1,58,293.53,0.9708,0.0876,0.005214,4.427
54501,520,406,926,210,31,254,317.80,0.9956,0.5848,0.218391,14,6,94,271.37,0.9833,0.1303,0.010317,4.450
54511,520,433,953,188,71,206,322.09,0.8084,0.5466,0.196554,12,27,18,156.61,0.4704,0.1037,0.009057,4.175
54515,520,428,948,246,18,72,18.78,0.9873,0.5592,0.204968,16,7,72,276.86,0.9434,0.1046,0.007300,4.450
54538,520,461,981,199,59,167,338.53,0.7930,0.5276,0.180619,21,4,10,356.95,0.5737,0.0546,0.002682,4.378
54548,520,298,818,255,101,157,0.64,1.0000,0.6702,0.330049,43,61,7,126.91,0.9186,0.2335,0.038664,4.286
54550,520,435,955,165,79,240,304.92,0.8893,0.5491,0.198831,37,5,20,354.66,0.7089,0.0857,0.005524,4.481
54556,520,437,957,230,2,147,351.64,0.9966,0.5453,0.189759,13,22,28,238.09,0.2826,0.0941,0.007432,4.175
54557,520,476,996,205,29,163,340.83,0.9075,0.5130,0.165043,1,1,13,274.04,0.8863,0.0237,0.000572,4.252
54558,520,268,788,225,146,162,6.49,0.5596,0.7024,0.391757,32,71,5,136.21,0.9817,0.2584,0.048244,4.497
54572,520,322,842,243,67,240,328.77,0.9564,0.6524,0.293629,17,56,60,204.63,0.6551,0.2147,0.032736,4.153
54594,520,368,888,238,81,129,5.55,0.8368,0.6058,0.256499,24,33,82,271.33,0.7058,0.1689,0.018910,4.448
54605,520,416,936,255,0,25,27.50,1.0000,0.5690,0.213341,6,20,75,266.06,0.9212,0.1231,0.010470,4.355
54627,520,400,920,254,38,32,28.64,0.9961,0.5799,0.225651,55,21,18,26.94,0.5798,0.1436,0.013923,4.312
54629,520,432,952,189,66,221,318.49,0.8624,0.5528,0.199370,47,1,17,4.86,0.9214,0.0975,0.006666,4.401
54639,520,364,884,208,95,206,328.17,0.7671,0.6091,0.260522,14,42,61,241.40,0.6259,0.1708,0.020861,4.382
54661,520,399,919,223,72,149,352.92,0.7937,0.5756,0.224951,55,17,39,347.36,0.6072,0.1442,0.013597,4.323
54674,520,354,874,212,99,212,327.47,0.7838,0.6242,0.276759,13,50,34,161.59,0.7924,0.1830,0.024822,4.367
54682,520,251,771,250,133,171,0.54,0.8684,0.7164,0.400420,43,65,93,254.91,0.4152,0.2749,0.050843,4.467
54687,520,464,984,170,94,137,346.13,0.4948,0.5162,0.183586,2,10,21,249.40,0.6458,0.0531,0.002841,4.421
54695,520,376,896,253,21,153,354.73,0.9842,0.5980,0.237224,15,40,45,212.40,0.5203,0.1561,0.018085,4.219
54715,520,391,911,253,39,88,16.28,0.9867,0.5860,0.230420,10,1,115,267.73,0.9988,0.1531,0.013239,4.434
54721,520,476,996,193,67,128,353.92,0.7152,0.5077,0.169120,2,1,6,294.08,0.6164,0.0213,0.000478,4.341
54730,520,391,911,186,97,224,314.62,0.7869,0.5917,0.243713,50,28,34,2.21,0.3372,0.1545,0.016242,4.434
54754,520,445,965,190,9,242,315.35,0.9932,0.5355,0.175546,14,12,42,281.60,0.6622,0.0807,0.005235,4.083
54778,520,461,981,234,27,53,23.36,0.9758,0.5344,0.185365,14,7,13,331.30,0.2978,0.0537,0.002744,4.462
54785,520,470,990,179,19,245,311.45,0.9842,0.5234,0.166431,12,1,16,319.04,0.7862,0.0385,0.001373,4.213
54786,520,474,994,193,13,213,322.99,0.9811,0.5180,0.164310,4,2,12,293.93,0.6191,0.0304,0.000958,4.206
54793,520,327,847,254,31,243,330.74,0.9965,0.6508,0.285250,14,26,134,267.13,0.9687,0.2097,0.025532,4.439
54801,520,371,891,195,92,244,313.12,0.9107,0.6102,0.257891,62,29,19,37.64,0.5592,0.1719,0.019500,4.430
54809,520,413,933,171,97,218,310.36,0.7439,0.5677,0.222699,8,29,47,247.14,0.6371,0.1213,0.011355,4.445
54814,520,412,932,198,59,230,319.26,0.9076,0.5663,0.208483,15,33,15,144.05,0.6459,0.1233,0.012237,4.153
54816,520,476,996,202,21,177,335.48,0.9432,0.5119,0.162692,2,2,0,109.77,1.0000,0.0218,0.000563,4.206
54817,520,411,931,208,86,147,351.85,0.6875,0.5671,0.221740,14,31,27,177.16,0.4143,0.1201,0.011524,4.417
54844,520,425,945,205,25,241,319.44,0.9805,0.5639,0.200269,37,19,12,41.90,0.4421,0.1081,0.008857,4.252
54850,520,399,919,249,49,42,28.31,0.9756,0.5777,0.225071,57,16,14,26.02,0.7068,0.1379,0.012723,4.386
54852,520,323,843,242,51,250,326.31,0.9836,0.6452,0.281497,65,23,91,309.38,0.7515,0.2055,0.024920,4.425
54871,520,432,952,224,15,179,340.42,0.9771,0.5525,0.194462,14,1,76,275.27,0.9939,0.0996,0.006368,4.337
54878,520,214,734,252,165,45,68.79,0.9629,0.7562,0.477978,2,86,40,151.52,0.9956,0.3047,0.068214,4.466
54896,520,400,920,220,94,51,38.64,0.8476,0.5757,0.234625,0,41,9,147.24,1.0000,0.1414,0.016055,4.309
54898,520,423,943,248,26,18,29.19,0.9876,0.5606,0.207425,34,22,20,29.49,0.2407,0.1128,0.009644,4.316
54905,520,471,991,188,48,207,322.55,0.8823,0.5238,0.173117,1,9,9,195.09,0.7205,0.0447,0.002215,4.273
54915,520,423,943,190,100,143,351.37,0.5442,0.5594,0.220461,18,29,20,149.66,0.3382,0.1145,0.010578,4.465
54924,520,320,840,255,96,87,26.65,1.0000,0.6453,0.303173,9,48,88,252.98,0.8174,0.2059,0.028764,4.484
54930,520,459,979,199,80,117,3.68,0.6713,0.5319,0.191656,20,10,6,45.56,0.3610,0.0645,0.003790,4.493
54934,520,361,881,246,34,222,333.97,0.9799,0.6248,0.260138,3,48,52,204.06,0.9121,0.1802,0.023811,4.202
54945,520,391,911,245,46,143,357.52,0.9289,0.5905,0.233529,60,11,49,338.37,0.7374,0.1508,0.014219,4.415
54978,520,428,948,224,34,181,340.05,0.9358,0.5611,0.203300,31,13,41,311.99,0.5943,0.1005,0.007393,4.413
55013,520,416,936,246,20,108,7.97,0.9800,0.5681,0.211793,47,13,36,342.22,0.6234,0.1224,0.010196,4.349
55033,520,346,866,245,25,232,331.30,0.9891,0.6258,0.259368,4,54,13,145.63,0.9863,0.1890,0.026931,4.021
55042,520,320,840,255,12,251,329.21,1.0000,0.6525,0.284911,28,14,140,272.19,0.9814,0.2108,0.024542,4.493
55044,520,422,942,249,11,10,29.01,0.9960,0.5577,0.204047,43,14,26,356.25,0.5463,0.1126,0.009023,4.304
55049,520,447,967,224,17,152,348.91,0.9661,0.5392,0.185178,32,4,28,333.85,0.7304,0.0792,0.004778,4.293
55051,520,448,968,181,66,221,315.88,0.8549,0.5407,0.189417,9,4,60,274.34,0.9627,0.0809,0.004711,4.376
55066,520,436,956,195,4,247,315.67,0.9974,0.5468,0.184057,20,9,48,290.38,0.7536,0.0862,0.005575,4.212
55077,520,436,956,227,38,146,352.31,0.9109,0.5519,0.197952,2,22,30,225.62,0.7963,0.0881,0.006804,4.365
55078,520,323,843,222,110,203,334.11,0.7585,0.6508,0.309952,3,60,31,154.57,0.9827,0.2131,0.033499,4.311
55079,520,377,897,236,54,186,341.86,0.9133,0.5988,0.240191,23,43,15,137.53,0.7465,0.1606,0.019444,4.179
55085,520,437,957,224,69,18,36.17,0.9703,0.5456,0.201499,33,13,21,355.66,0.4416,0.0928,0.006654,4.439
55092,520,443,963,237,24,40,25.99,0.9836,0.5379,0.188143,26,12,2,61.48,0.7162,0.0752,0.004870,4.340
55098,520,269,789,202,147,218,318.46,0.6072,0.6983,0.384868,11,69,80,213.97,0.8409,0.2644,0.049063,4.390
55110,520,331,851,248,53,222,334.51,0.9670,0.6391,0.277796,3,33,122,263.81,0.9782,0.2028,0.025120,4.364
55129,520,470,990,156,74,227,305.00,0.8405,0.5200,0.175120,1,3,25,267.09,0.9196,0.0379,0.001418,4.378
55138,520,442,962,237,6,100,8.80,0.9929,0.5437,0.190581,8,21,21,195.66,0.3885,0.0850,0.006421,4.264
55140,520,342,862,217,96,210,329.80,0.8014,0.6262,0.277724,54,34,69,309.21,0.4866,0.1919,0.023580,4.454
55146,520,480,1000,163,68,216,310.75,0.8241,0.5130,0.168794,0,0,0,0.00,0.0000,0.0000,0.000000,4.376
55164,520,397,917,247,27,128,1.86,0.9687,0.5789,0.221200,54,23,10,42.48,0.6577,0.1441,0.014191,4.225
55169,520,390,910,165,122,183,315.64,0.4517,0.5864,0.253378,0,43,8,146.33,1.0000,0.1483,0.017452,4.498
55177,520,472,992,224,25,72,17.16,0.9639,0.5155,0.170133,10,0,2,3.86,1.0000,0.0266,0.000689,4.343
55186,520,464,984,205,15,183,334.46,0.9667,0.5192,0.167417,11,7,15,307.76,0.3127,0.0515,0.002576,4.135
55189,520,408,928,250,32,19,29.54,0.9866,0.5676,0.214077,43,26,14,55.45,0.4567,0.1334,0.012841,4.202
55214,520,339,859,229,101,179,345.34,0.7664,0.6365,0.292223,43,46,45,174.13,0.0413,0.1961,0.026570,4.469
55217,520,247,767,250,138,169,3.22,0.8575,0.7243,0.413682,29,77,25,142.09,0.9269,0.2791,0.056390,4.358
55235,520,371,891,248,49,168,350.03,0.9446,0.6085,0.249835,34,38,47,266.30,0.1644,0.1654,0.019315,4.326
55247,520,456,976,201,0,217,324.25,1.0000,0.5320,0.174290,5,11,29,265.87,0.6027,0.0624,0.003603,4.184
55248,520,394,914,221,50,221,328.13,0.9367,0.5901,0.228760,60,2,47,339.58,0.8770,0.1398,0.012095,4.489
55251,520,428,948,208,44,209,327.88,0.9188,0.5558,0.198166,11,7,70,273.14,0.9559,0.0987,0.006653,4.380
55253,520,449,969,204,62,172,338.30,0.7989,0.5421,0.192631,5,19,6,145.79,0.7666,0.0728,0.005111,4.403
55255,520,454,974,91,104,252,273.86,0.9775,0.5269,0.191523,24,8,21,334.42,0.4887,0.0710,0.004220,4.454
55256,520,339,859,241,89,171,350.37,0.8566,0.6363,0.287886,28,51,36,154.61,0.4665,0.1951,0.027418,4.364
55261,520,283,803,198,141,231,312.37,0.7173,0.6884,0.368258,4,65,75,212.35,0.9303,0.2473,0.043142,4.491
55265,520,417,937,234,50,136,358.13,0.8913,0.5697,0.215541,49,9,41,336.87,0.7158,0.1234,0.010085,4.419
55270,520,224,744,214,168,201,336.69,0.4387,0.7481,0.465194,17,86,10,141.87,0.9867,0.3039,0.067964,4.367
55293,520,382,902,241,49,177,345.66,0.9272,0.5997,0.240747,36,30,70,287.31,0.5629,0.1622,0.017458,4.310
55327,520,473,993,131,80,253,290.53,0.9815,0.5211,0.176543,2,2,8,280.91,0.5251,0.0260,0.000739,4.465
55335,520,444,964,213,57,139,353.01,0.8100,0.5374,0.189387,8,10,47,273.50,0.8318,0.0769,0.004739,4.373
55345,520,419,939,212,69,163,344.27,0.7829,0.5591,0.208997,28,19,41,301.61,0.4512,0.1082,0.008727,4.410
55356,520,466,986,224,9,117,0.80,0.9823,0.5227,0.173298,10,6,8,345.07,0.1831,0.0457,0.002123,4.284
55363,520,436,956,228,8,169,344.31,0.9879,0.5532,0.195349,2,3,69,266.20,0.9909,0.0855,0.005077,4.455
55384,520,449,969,237,23,70,18.84,0.9778,0.5416,0.190627,22,12,14,5.95,0.2566,0.0732,0.004652,4.403
55391,520,450,970,221,15,168,343.04,0.9719,0.5408,0.185435,13,3,44,286.33,0.8959,0.0651,0.003325,4.415
55392,520,463,983,201,36,189,331.64,0.9053,0.5252,0.173552,1,12,13,200.89,0.7814,0.0532,0.002984,4.219
55406,520,477,997,172,75,175,326.40,0.6955,0.5075,0.168990,5,0,11,309.75,1.0000,0.0246,0.000564,4.331
55422,520,461,981,187,34,234,315.87,0.9569,0.5334,0.176506,14,6,13,330.82,0.3570,0.0514,0.002527,4.312
55441,520,386,906,245,34,159,351.66,0.9564,0.5901,0.230630,10,42,9,142.76,0.9452,0.1491,0.017401,4.164
55444,520,387,907,255,31,99,12.58,1.0000,0.5884,0.231446,37,8,89,289.63,0.9191,0.1470,0.012882,4.476
55452,520,445,965,209,60,163,342.91,0.8058,0.5441,0.194334,6,7,53,271.53,0.9300,0.0761,0.004477,4.485
55465,520,329,849,225,101,225,327.54,0.8578,0.6536,0.307531,13,58,10,142.20,0.9690,0.2055,0.031335,4.396
55467,520,255,775,244,120,238,329.22,0.9470,0.7158,0.388414,29,68,87,232.10,0.5743,0.2717,0.050834,4.348
55475,520,325,845,255,28,233,333.28,1.0000,0.6451,0.279769,5,6,149,265.19,0.9968,0.2075,0.023322,4.498
55484,520,397,917,247,22,139,358.07,0.9763,0.5809,0.222155,24,18,84,277.94,0.8686,0.1408,0.012668,4.343
55490,520,477,997,222,20,54,21.90,0.9784,0.5060,0.162990,2,0,9,294.50,1.0000,0.0190,0.000326,4.232
55496,520,439,959,240,29,24,28.79,0.9824,0.5453,0.194733,24,7,47,298.27,0.7743,0.0865,0.005514,4.408
55515,520,351,871,237,45,242,327.02,0.9737,0.6278,0.262946,56,39,46,352.46,0.2312,0.1937,0.024891,4.179
55518,520,471,991,219,31,100,7.16,0.9248,0.5151,0.169628,21,0,7,357.18,1.0000,0.0442,0.001748,4.244
55520,520,433,953,149,89,253,295.64,0.9754,0.5546,0.206263,35,4,56,307.01,0.8652,0.1048,0.007297,4.473
55526,520,446,966,239,0,64,19.68,1.0000,0.5388,0.187242,25,12,19,346.57,0.3424,0.0788,0.005167,4.300
55542,520,410,930,248,13,99,10.86,0.9895,0.5678,0.211487,46,20,35,345.80,0.4678,0.1321,0.012026,4.216
55545,520,392,912,255,39,62,23.32,1.0000,0.5856,0.230626,42,34,24,72.85,0.2555,0.1547,0.017023,4.187
55551,520,332,852,249,32,236,331.25,0.9867,0.6380,0.272319,69,30,63,333.40,0.5510,0.2029,0.025528,4.268
55556,520,420,940,197,40,245,316.07,0.9613,0.5617,0.199819,45,9,33,343.43,0.6789,0.1118,0.008632,4.261
55562,520,464,984,112,96,240,282.89,0.8771,0.5175,0.181014,6,0,37,280.99,1.0000,0.0459,0.001723,4.466
55579,520,415,935,206,7,254,317.05,0.9967,0.5711,0.204312,56,4,7,23.53,0.9201,0.1185,0.009431,4.279
55581,520,458,978,224,25,127,357.78,0.9431,0.5315,0.180776,11,6,31,288.56,0.6822,0.0585,0.003003,4.354
55582,520,346,866,232,60,245,324.91,0.9630,0.6319,0.269824,79,16,31,11.46,0.7651,0.1869,0.021321,4.484
55594,520,340,860,237,96,185,344.66,0.8361,0.6449,0.298756,39,49,46,175.17,0.1449,0.2013,0.028252,4.457
55609,520,455,975,165,86,206,312.48,0.7292,0.5339,0.191118,13,13,1,109.44,0.8166,0.0621,0.003756,4.485
55625,520,476,996,206,21,164,340.64,0.9386,0.5118,0.163406,4,0,9,309.30,1.0000,0.0221,0.000455,4.230
55674,520,423,943,240,7,137,357.04,0.9914,0.5623,0.204866,22,28,10,124.30,0.5257,0.1125,0.010230,4.232
55679,520,400,920,172,108,202,314.18,0.6290,0.5781,0.237607,31,25,67,285.91,0.6236,0.1437,0.013918,4.500
55680,520,440,960,230,52,73,20.46,0.9135,0.5459,0.197629,0,0,79,264.05,1.0000,0.0932,0.005645,4.450
55711,520,233,753,200,165,227,309.93,0.5873,0.7375,0.447362,2,80,71,181.98,0.9836,0.2938,0.062049,4.439
55717,520,336,856,242,73,209,336.88,0.9241,0.6382,0.282485,37,49,41,155.69,0.2169,0.1976,0.027500,4.290
55727,520,356,876,218,82,223,326.33,0.8732,0.6172,0.262696,20,31,100,269.57,0.8760,0.1800,0.020487,4.436
55730,520,471,991,176,55,216,316.09,0.8708,0.5178,0.169214,5,0,29,284.24,1.0000,0.0375,0.001210,4.281
55752,520,465,985,214,43,115,1.50,0.8637,0.5178,0.172641,20,1,10,349.45,0.7844,0.0463,0.001924,4.288
55756,520,428,948,227,11,183,339.94,0.9856,0.5595,0.199918,28,3,64,293.86,0.9314,0.1019,0.006822,4.398
55759,520,391,911,243,71,50,30.53,0.9429,0.5870,0.237947,47,27,41,338.57,0.3575,0.1509,0.015484,4.397
55762,520,433,953,224,69,23,35.59,0.9600,0.5458,0.201681,45,4,24,354.99,0.7806,0.1006,0.007108,4.407
55768,520,419,939,232,11,163,347.10,0.9846,0.5586,0.200423,2,18,65,263.31,0.9506,0.1062,0.008271,4.298
55781,520,418,938,196,76,196,327.72,0.7794,0.5589,0.208917,40,21,16,35.51,0.4009,0.1180,0.010249,4.297
55782,520,391,911,216,39,239,322.56,0.9668,0.5872,0.222839,12,9,104,269.11,0.9837,0.1464,0.012729,4.349
55834,520,414,934,243,19,120,3.51,0.9781,0.5652,0.208798,27,11,73,285.99,0.8618,0.1212,0.009534,4.347
55845,520,366,886,220,51,248,321.32,0.9707,0.6079,0.243626,4,31,94,262.83,0.9519,0.1665,0.018138,4.309
55853,520,410,930,177,102,203,316.83,0.6653,0.5745,0.231625,41,28,6,78.23,0.6930,0.1340,0.013151,4.460
55873,520,426,946,181,75,231,312.82,0.8634,0.5588,0.206264,14,28,30,207.24,0.3355,0.1124,0.010176,4.259
55877,520,480,1000,213,30,128,355.30,0.9063,0.5123,0.166356,0,0,0,0.00,0.0000,0.0000,0.000000,4.327
55915,520,462,982,210,22,180,336.69,0.9503,0.5290,0.175729,8,9,5,117.94,0.2290,0.0499,0.002580,4.293
55919,520,472,992,174,23,250,308.86,0.9815,0.5218,0.165145,6,1,15,302.94,0.7909,0.0313,0.000949,4.223
55931,520,388,908,214,52,237,322.26,0.9452,0.5910,0.228684,53,4,76,311.06,0.9087,0.1519,0.013656,4.378
55932,520,453,973,220,56,92,13.38,0.8547,0.5340,0.188193,7,4,54,273.66,0.9564,0.0726,0.003983,4.412
55933,520,470,990,166,93,156,332.26,0.5330,0.5173,0.183369,6,8,0,118.13,1.0000,0.0440,0.002124,4.477
55944,520,435,955,194,1,254,313.95,0.9994,0.5507,0.186481,15,18,39,275.51,0.4859,0.0919,0.006806,4.163
55959,520,458,978,232,27,3,30.40,0.9971,0.5265,0.179494,26,3,8,7.04,0.7068,0.0593,0.003023,4.328
55963,520,355,875,243,55,192,341.72,0.9304,0.6152,0.255958,68,23,52,343.78,0.6121,0.1835,0.020898,4.315
55964,520,472,992,181,68,183,327.05,0.7567,0.5171,0.173782,2,4,6,240.75,0.2914,0.0314,0.001129,4.377
55965,520,417,937,252,30,3,30.41,0.9981,0.5703,0.216343,43,17,21,11.60,0.4804,0.1161,0.009687,4.462
55971,520,457,977,223,54,46,28.12,0.9254,0.5297,0.185263,27,2,22,336.19,0.7723,0.0643,0.003344,4.410
55983,520,403,923,227,44,190,338.25,0.9234,0.5775,0.218525,14,0,102,270.66,1.0000,0.1347,0.010526,4.437
56003,520,457,977,224,34,123,359.72,0.9161,0.5345,0.184241,27,3,13,355.49,0.7068,0.0625,0.003272,4.397
56008,520,448,968,197,61,187,331.07,0.8127,0.5377,0.187973,4,3,61,269.02,0.9841,0.0768,0.004278,4.384
56016,520,462,982,194,64,170,336.04,0.7699,0.5261,0.180400,16,0,29,308.11,1.0000,0.0491,0.001989,4.432
56020,520,477,997,200,3,189,331.39,0.9932,0.5109,0.160205,2,0,10,292.48,1.0000,0.0196,0.000348,4.175
56031,520,425,945,172,86,236,307.56,0.8574,0.5649,0.214830,33,22,13,60.23,0.3561,0.1095,0.009262,4.469
56067,520,337,857,255,32,228,334.48,1.0000,0.6436,0.278977,38,41,85,277.71,0.5518,0.2018,0.026538,4.298
56072,520,407,927,178,96,203,317.81,0.6921,0.5658,0.221434,55,10,24,5.97,0.7233,0.1283,0.010954,4.453
56087,520,403,923,254,19,81,17.07,0.9942,0.5779,0.221344,45,10,58,315.17,0.7651,0.1296,0.010805,4.463
56095,520,395,915,232,80,119,8.60,0.8072,0.5907,0.242278,17,35,48,241.42,0.4514,0.1439,0.015346,4.473
56142,520,479,999,196,76,73,24.63,0.7343,0.5088,0.173876,1,0,1,328.36,1.0000,0.0103,0.000086,4.470
56147,520,467,987,217,58,56,26.18,0.8946,0.5230,0.180659,8,4,19,296.06,0.5853,0.0437,0.001855,4.448
56166,520,394,914,220,60,211,330.49,0.9009,0.5901,0.231527,16,34,44,234.33,0.4380,0.1381,0.014360,4.374
56173,520,420,940,229,68,64,26.28,0.8883,0.5585,0.211653,18,11,72,277.66,0.9037,0.1117,0.008358,4.484
56201,520,401,921,216,22,237,323.23,0.9849,0.5781,0.212892,17,7,102,271.87,0.9827,0.1443,0.012304,4.220
56209,520,164,684,255,171,232,337.26,1.0000,0.8149,0.562140,25,94,66,162.02,0.8689,0.3433,0.086051,4.499
56213,520,458,978,234,2,73,16.80,0.9981,0.5301,0.180200,12,4,42,285.26,0.8596,0.0643,0.003322,4.317
56215,520,412,932,229,40,180,341.68,0.9279,0.5732,0.214735,11,28,47,252.66,0.5655,0.1200,0.011068,4.335
56237,520,313,833,224,101,230,325.74,0.8746,0.6550,0.308697,16,55,75,234.89,0.6928,0.2195,0.033504,4.296
56239,520,443,963,179,72,215,316.42,0.8195,0.5405,0.191258,3,10,56,266.66,0.9408,0.0823,0.005219,4.369
56241,520,380,900,227,81,164,348.85,0.7899,0.5996,0.248985,39,24,82,289.76,0.7258,0.1639,0.016938,4.467
56249,520,311,831,237,96,217,333.56,0.8946,0.6607,0.313824,29,44,109,269.17,0.7687,0.2233,0.031666,4.455
56251,520,394,914,229,46,211,332.82,0.9428,0.5947,0.233176,4,37,46,219.90,0.8185,0.1425,0.015461,4.326
56258,520,425,945,191,78,207,322.53,0.7925,0.5607,0.210315,15,30,4,133.56,0.8875,0.1118,0.010388,4.311
56259,520,409,929,232,20,184,340.89,0.9754,0.5718,0.211196,7,36,25,164.77,0.7863,0.1314,0.013771,4.096
56267,520,476,996,213,42,104,5.60,0.8710,0.5114,0.168040,6,0,7,324.68,1.0000,0.0239,0.000541,4.314
56280,520,367,887,234,63,192,339.78,0.8952,0.6059,0.248559,74,0,55,342.22,1.0000,0.1717,0.017319,4.435
56285,520,284,804,253,131,12,54.16,0.9909,0.6907,0.371449,49,65,21,126.58,0.7274,0.2529,0.044877,4.442
56289,520,442,962,202,10,226,322.27,0.9904,0.5427,0.182663,16,16,23,284.83,0.1923,0.0791,0.005426,4.198
56299,520,417,937,252,22,79,17.58,0.9852,0.5743,0.218375,51,2,49,330.10,0.8732,0.1235,0.009691,4.496
56301,520,374,894,255,8,158,353.35,1.0000,0.6009,0.239059,46,34,5,85.93,0.7902,0.1564,0.017359,4.291
56310,520,468,988,189,85,105,10.24,0.6105,0.5188,0.183373,3,8,1,134.27,0.8424,0.0415,0.001952,4.492
56314,520,270,790,224,144,169,359.62,0.5644,0.6995,0.386601,4,74,22,146.44,0.9922,0.2605,0.049811,4.374
56320,520,359,879,253,38,190,344.11,0.9861,0.6217,0.259900,66,32,9,51.39,0.7345,0.1836,0.022112,4.297
56324,520,335,855,241,63,227,331.58,0.9469,0.6377,0.278045,42,50,9,119.85,0.8063,0.1982,0.027932,4.209
56332,520,458,978,181,57,217,317.37,0.8707,0.5282,0.177609,30,0,14,353.47,1.0000,0.0618,0.003078,4.288
56334,520,407,927,249,33,27,28.80,0.9819,0.5664,0.213102,11,35,2,137.58,0.9762,0.1251,0.012776,4.191
56359,520,336,856,243,50,240,328.88,0.9717,0.6396,0.276299,24,50,65,235.74,0.4867,0.2023,0.028569,4.153
56362,520,452,972,149,96,202,305.06,0.6633,0.5274,0.190199,20,14,11,48.00,0.1899,0.0742,0.004870,4.378
56365,520,392,912,231,79,110,12.05,0.8104,0.5851,0.237094,30,29,69,281.06,0.5894,0.1532,0.015844,4.360
56385,520,381,901,246,75,53,30.70,0.9529,0.5975,0.248854,66,20,12,32.06,0.7603,0.1615,0.016853,4.470
56386,520,267,787,236,131,209,337.50,0.8162,0.7080,0.386710,7,70,69,193.17,0.9098,0.2612,0.048549,4.431
56395,520,404,924,230,5,202,335.36,0.9954,0.5751,0.211984,37,26,28,6.40,0.1902,0.1291,0.012160,4.215
56411,520,419,939,217,48,177,339.81,0.8786,0.5551,0.200422,11,20,57,268.92,0.7561,0.1078,0.008668,4.268
56412,520,358,878,232,45,243,325.58,0.9715,0.6201,0.255060,64,1,87,313.59,0.9776,0.1782,0.017999,4.486
56418,520,420,940,208,94,74,31.74,0.7221,0.5583,0.219118,9,27,43,247.57,0.5750,0.1136,0.010163,4.473
56422,520,469,989,216,0,147,348.46,1.0000,0.5169,0.167080,3,9,2,139.32,0.7297,0.0443,0.002191,4.159
56481,520,288,808,216,141,170,354.99,0.5163,0.6834,0.365525,17,66,49,166.10,0.8193,0.2428,0.042372,4.498
56484,520,468,988,158,81,217,307.32,0.7833,0.5248,0.181643,11,3,6,351.76,0.4372,0.0384,0.001494,4.498
56499,520,406,926,246,17,135,359.04,0.9824,0.5759,0.217464,28,11,84,283.03,0.9052,0.1346,0.011263,4.366
56501,520,387,907,220,6,253,320.78,0.9977,0.5932,0.224398,27,23,86,278.27,0.8159,0.1542,0.015176,4.210
56513,520,368,888,187,101,234,311.97,0.8268,0.6058,0.258136,36,43,3,119.16,0.9099,0.1700,0.021094,4.334
56523,520,330,850,226,104,183,343.09,0.7483,0.6381,0.294904,88,22,17,28.40,0.8339,0.2102,0.026893,4.485
56536,520,477,997,190,78,97,12.48,0.6571,0.5070,0.172607,4,0,4,328.36,1.0000,0.0191,0.000346,4.422
56556,520,471,991,227,34,52,23.90,0.9611,0.5232,0.177258,0,2,35,264.08,0.9817,0.0428,0.001648,4.400
56561,520,440,960,233,58,11,33.86,0.9876,0.5511,0.203770,22,16,31,301.91,0.3662,0.0891,0.006401,4.499
56566,520,382,902,236,24,224,331.17,0.9852,0.6044,0.238706,37,32,56,292.61,0.3790,0.1580,0.017119,4.301
56572,520,475,995,169,77,192,319.16,0.7269,0.5166,0.175495,6,2,5,334.52,0.4173,0.0296,0.000931,4.427
56574,520,328,848,212,108,240,318.70,0.8880,0.6541,0.310149,15,58,44,167.77,0.7888,0.2138,0.033094,4.334
56589,520,417,937,208,35,240,320.30,0.9689,0.5726,0.209050,34,25,10,79.07,0.4830,0.1176,0.010573,4.277
56602,520,232,752,252,131,239,331.39,0.9840,0.7445,0.431625,74,70,14,105.20,0.8249,0.2930,0.058679,4.432
56612,520,372,892,176,104,253,303.29,0.9683,0.6099,0.262231,39,41,12,112.71,0.6475,0.1683,0.020438,4.433
56624,520,459,979,182,42,230,315.08,0.9339,0.5273,0.173153,14,13,8,98.25,0.1970,0.0650,0.003987,4.133
56632,520,392,912,231,70,149,354.53,0.8271,0.5877,0.235419,14,42,4,138.44,0.9669,0.1502,0.017580,4.223
56637,520,434,954,242,14,88,13.56,0.9874,0.5529,0.198993,30,9,47,306.13,0.7261,0.0973,0.006766,4.386
56645,520,391,911,212,103,99,23.85,0.6562,0.5853,0.246004,2,44,15,149.26,0.9862,0.1537,0.018487,4.322
56650,520,448,968,188,65,207,322.03,0.8298,0.5404,0.189783,0,21,31,229.29,1.0000,0.0845,0.006352,4.255
56702,520,320,840,248,63,224,334.05,0.9664,0.6477,0.288962,21,52,75,243.35,0.5960,0.2127,0.031233,4.173
56707,520,434,954,243,25,57,22.75,0.9818,0.5530,0.200488,48,1,23,357.26,0.9075,0.1017,0.007121,4.385
56711,520,428,948,235,12,157,349.65,0.9840,0.5618,0.203624,24,0,70,287.25,1.0000,0.0998,0.006364,4.500
56714,520,432,952,180,98,155,339.74,0.5407,0.5461,0.208064,5,12,71,267.55,0.9538,0.1037,0.007501,4.488
56723,520,393,913,226,30,224,328.76,0.9744,0.5892,0.224815,9,24,83,266.54,0.9097,0.1414,0.013358,4.337
56732,520,365,885,241,88,70,29.74,0.9115,0.6067,0.261255,34,32,80,281.09,0.6313,0.1730,0.019522,4.477
56736,520,239,759,239,143,192,348.67,0.7514,0.7261,0.418035,35,71,85,225.60,0.4899,0.2827,0.055195,4.449
56750,520,459,979,189,0,241,315.38,1.0000,0.5311,0.171710,21,1,29,315.99,0.8696,0.0577,0.002699,4.207
56759,520,433,953,222,33,164,344.88,0.9238,0.5479,0.193002,31,18,26,342.16,0.2996,0.1019,0.007985,4.191
56760,520,320,840,253,21,247,329.64,0.9947,0.6484,0.281375,27,50,81,256.33,0.5440,0.2143,0.031082,4.087
56782,520,174,694,219,190,185,29.40,0.2848,0.7962,0.553905,12,97,29,145.45,0.9869,0.3423,0.087159,4.403
56792,520,342,862,214,111,169,346.78,0.6342,0.6250,0.285314,47,43,40,59.36,0.0724,0.1902,0.024853,4.480
56793,520,402,922,224,24,213,331.06,0.9760,0.5760,0.213070,4,36,14,150.40,0.9502,0.1271,0.013192,4.163
56827,520,431,951,211,81,85,21.60,0.7492,0.5456,0.203918,22,20,35,289.56,0.3317,0.1004,0.007922,4.384
56837,520,403,923,245,6,150,353.83,0.9940,0.5774,0.217481,35,10,73,294.47,0.8469,0.1291,0.010555,4.417
56849,520,438,958,243,23,49,24.38,0.9852,0.5512,0.198927,26,17,27,323.09,0.2874,0.0938,0.006997,4.367
56909,520,397,917,213,30,237,322.38,0.9754,0.5762,0.211910,0,36,52,232.29,1.0000,0.1413,0.015096,4.023
56916,520,415,935,214,34,220,326.70,0.9583,0.5675,0.206095,14,31,20,154.54,0.5047,0.1177,0.011238,4.182
56943,520,470,990,178,86,139,346.46,0.5771,0.5152,0.179859,15,1,1,25.48,0.8525,0.0358,0.001255,4.485
56951,520,450,970,195,70,173,335.40,0.7536,0.5365,0.190012,2,15,22,229.65,0.6986,0.0653,0.004125,4.434
56961,520,377,897,238,48,196,339.22,0.9382,0.6033,0.242794,38,30,61,293.95,0.4704,0.1577,0.016775,4.385
56964,520,467,987,227,28,46,24.74,0.9728,0.5192,0.173616,2,5,25,267.59,0.8119,0.0440,0.001916,4.307
56965,520,310,830,237,125,39,52.43,0.9196,0.6558,0.328209,7,59,53,183.24,0.8909,0.2180,0.034300,4.486
56973,520,451,971,237,35,10,30.60,0.9912,0.5415,0.192318,15,1,55,284.00,0.9781,0.0747,0.003991,4.488
56991,520,412,932,238,64,37,31.70,0.9499,0.5685,0.219807,0,17,83,263.49,1.0010,0.1237,0.010253,4.478
56995,520,476,996,158,57,237,305.03,0.9095,0.5108,0.163103,4,0,2,344.76,1.0000,0.0178,0.000302,4.236
57006,520,454,974,201,73,119,1.42,0.7107,0.5263,0.185164,18,10,21,316.54,0.3594,0.0674,0.003998,4.355
57007,520,392,912,248,64,7,34.48,0.9943,0.5867,0.236421,47,21,60,313.02,0.6175,0.1504,0.014670,4.429
57019,520,453,973,236,15,49,23.63,0.9899,0.5336,0.183995,15,3,45,288.71,0.8917,0.0680,0.003561,4.369
57020,520,353,873,237,23,249,325.60,0.9917,0.6228,0.254594,17,2,130,269.15,0.9978,0.1800,0.017741,4.496
57029,520,476,996,194,21,201,326.35,0.9575,0.5135,0.162243,4,0,13,300.75,1.0000,0.0244,0.000549,4.199
57033,520,461,981,202,21,209,326.43,0.9675,0.5332,0.176981,0,3,44,264.08,0.9817,0.0541,0.002470,4.326
57060,520,321,841,243,71,234,330.25,0.9514,0.6523,0.295043,4,51,89,249.05,0.8934,0.2138,0.031146,4.252
57064,520,388,908,250,18,141,357.87,0.9836,0.5864,0.226832,9,41,21,152.75,0.8697,0.1476,0.016980,4.133
57076,520,425,945,222,54,156,348.50,0.8524,0.5587,0.205707,40,17,18,18.10,0.4491,0.1103,0.008957,4.337
57082,520,429,949,200,49,214,324.21,0.9046,0.5494,0.193327,2,26,29,206.00,0.8376,0.0991,0.008404,4.166
57087,520,394,914,254,6,124,3.69,0.9956,0.5860,0.226600,59,12,18,17.43,0.7479,0.1371,0.012366,4.435
57102,520,447,967,197,81,147,347.90,0.6743,0.5417,0.198635,5,21,23,205.65,0.5482,0.0839,0.006304,4.416
57120,520,475,995,228,9,58,20.71,0.9919,0.5162,0.169978,4,2,18,286.54,0.7492,0.0337,0.001129,4.302
57128,520,335,855,253,13,241,330.99,0.9967,0.6426,0.275245,78,28,23,28.22,0.6712,0.2002,0.025123,4.329
57137,520,444,964,189,75,183,329.78,0.7413,0.5388,0.192713,23,14,4,71.68,0.5441,0.0760,0.005050,4.409
57154,520,291,811,230,128,167,356.61,0.6730,0.6771,0.350535,21,57,100,254.76,0.7159,0.2448,0.040056,4.448
57172,520,454,974,222,56,45,28.73,0.9213,0.5295,0.185501,26,7,7,21.67,0.5388,0.0671,0.003869,4.372
57179,520,387,907,239,85,17,39.27,0.9787,0.5942,0.248913,24,34,61,267.29,0.4823,0.1543,0.016751,4.478
57187,520,431,951,208,14,226,323.82,0.9875,0.5539,0.192168,26,2,66,290.84,0.9591,0.1003,0.006564,4.281
57189,520,442,962,180,86,175,329.43,0.6559,0.5362,0.194552,1,10,55,264.27,0.9520,0.0799,0.004993,4.447
57212,520,363,883,253,42,161,352.96,0.9824,0.6105,0.251153,24,45,2,132.25,0.9739,0.1660,0.020753,4.256
57240,520,480,1000,213,50,67,20.89,0.8894,0.5089,0.168350,0,0,0,0.00,0.0000,0.0000,0.000000,4.367
57245,520,404,924,252,48,37,29.01,0.9879,0.5826,0.229466,27,29,37,274.10,0.1640,0.1291,0.012453,4.475
57257,520,418,938,247,2,70,18.83,0.9987,0.5573,0.202633,50,15,11,28.99,0.6813,0.1224,0.010440,4.180
57259,520,339,859,239,53,252,325.12,0.9894,0.6429,0.279277,14,28,125,267.19,0.9570,0.2011,0.024044,4.447
57261,520,319,839,217,123,159,356.39,0.5893,0.6465,0.314227,55,51,43,84.57,0.1320,0.2226,0.033543,4.360
57264,520,475,995,203,57,151,345.65,0.7926,0.5244,0.178591,4,3,4,325.98,0.1326,0.0299,0.000997,4.482
57265,520,472,992,210,53,105,6.06,0.8224,0.5153,0.172701,7,0,21,299.43,1.0000,0.0334,0.000993,4.367
57267,520,478,998,196,67,123,357.13,0.7225,0.5111,0.171820,3,1,4,316.91,0.5138,0.0217,0.000498,4.393
57276,520,348,868,252,7,228,333.79,0.9978,0.6316,0.264520,78,2,70,333.60,0.9214,0.1914,0.021056,4.426
57280,520,464,984,143,90,218,299.65,0.7568,0.5211,0.182141,15,0,29,306.28,1.0000,0.0479,0.001903,4.473
57298,520,308,828,246,88,225,333.49,0.9523,0.6695,0.320112,22,64,0,137.76,1.0000,0.2290,0.038372,4.188
57303,520,479,999,222,39,39,27.28,0.9558,0.5145,0.171299,0,0,1,264.05,1.0000,0.0060,0.000022,4.424
57308,520,424,944,200,86,168,339.77,0.6899,0.5636,0.217638,15,24,48,266.79,0.5340,0.1126,0.009682,4.484
57318,520,331,851,204,104,249,313.98,0.9421,0.6430,0.295787,69,38,17,52.96,0.6174,0.2030,0.026921,4.495
57319,520,231,751,240,157,142,30.74,0.7235,0.7384,0.445943,15,82,45,153.73,0.9481,0.2948,0.063253,4.379
57368,520,381,901,187,104,222,314.92,0.7586,0.6029,0.257403,37,39,10,112.81,0.6745,0.1599,0.018663,4.477
57377,520,298,818,231,109,222,330.30,0.8635,0.6723,0.332022,9,61,73,217.62,0.8351,0.2348,0.038764,4.304
57380,520,418,938,236,52,77,19.64,0.9220,0.5587,0.208278,15,22,64,271.24,0.7538,0.1211,0.010455,4.272
57381,520,428,948,173,77,239,308.09,0.8904,0.5563,0.204247,26,10,55,294.04,0.7718,0.1006,0.007125,4.451
57398,520,417,937,150,104,236,296.55,0.8079,0.5672,0.224409,13,27,50,259.84,0.5641,0.1205,0.010997,4.499
57412,520,406,926,231,28,199,336.49,0.9677,0.5815,0.219456,25,20,65,282.81,0.7044,0.1259,0.010886,4.426
57430,520,478,998,208,53,112,2.69,0.8127,0.5138,0.171282,0,1,7,260.32,1.0000,0.0186,0.000370,4.393
57431,520,362,882,218,89,200,333.42,0.7982,0.6127,0.262223,27,47,17,136.26,0.7258,0.1768,0.023065,4.273
57442,520,355,875,235,91,145,0.05,0.7958,0.6188,0.271914,48,37,51,318.93,0.2459,0.1805,0.021906,4.477
57447,520,453,973,195,58,186,330.78,0.8177,0.5307,0.181750,0,15,38,254.07,0.9999,0.0737,0.004816,4.228
57455,520,385,905,243,31,177,345.59,0.9646,0.5932,0.232121,41,32,40,329.80,0.1854,0.1540,0.016577,4.238
57465,520,453,973,226,30,90,11.77,0.9453,0.5262,0.178383,22,5,38,304.32,0.7602,0.0733,0.004191,4.214
57499,520,413,933,216,16,233,324.20,0.9891,0.5734,0.208547,45,18,0,54.66,1.0000,0.1167,0.009906,4.316
57506,520,471,991,175,81,171,329.08,0.6612,0.5186,0.179402,3,2,29,275.24,0.9228,0.0406,0.001515,4.453
57511,520,397,917,245,31,136,359.04,0.9592,0.5794,0.221734,20,23,77,274.04,0.8075,0.1393,0.012973,4.315
57536,520,455,975,186,77,166,335.29,0.6925,0.5272,0.185014,14,5,30,297.27,0.6957,0.0585,0.002956,4.438
57538,520,480,1000,214,11,124,356.28,0.9706,0.5052,0.159932,0,0,0,0.00,0.0000,0.0000,0.000000,4.199
57549,520,433,953,242,17,40,25.73,0.9907,0.5461,0.194348,14,18,46,274.01,0.6055,0.0962,0.007232,4.269
57554,520,430,950,185,86,183,328.22,0.6865,0.5482,0.203900,14,19,48,272.79,0.6174,0.1000,0.007725,4.398
57564,520,429,949,233,41,89,14.02,0.9311,0.5469,0.196338,24,5,63,289.13,0.9021,0.0990,0.006616,4.351
57567,520,433,953,230,62,54,27.76,0.9139,0.5525,0.205375,24,16,40,297.23,0.5083,0.0968,0.007180,4.466
57580,520,472,992,126,86,243,289.34,0.9014,0.5161,0.175621,1,3,20,266.78,0.8729,0.0344,0.001221,4.405
57587,520,334,854,240,76,204,337.95,0.9068,0.6352,0.280565,36,41,83,275.76,0.5445,0.1985,0.025854,4.358
57589,520,380,900,237,12,220,332.39,0.9934,0.6004,0.234375,63,21,23,19.95,0.6253,0.1596,0.016551,4.273
57592,520,319,839,230,128,72,47.76,0.7839,0.6539,0.327316,6,61,19,146.67,0.9815,0.2150,0.034231,4.480
57598,520,353,873,254,83,53,32.34,0.9934,0.6220,0.275180,22,42,67,254.80,0.5226,0.1790,0.022317,4.497
57605,520,425,945,235,35,140,355.94,0.9346,0.5633,0.207607,39,17,33,338.16,0.4651,0.1146,0.009421,4.335
57617,520,354,874,247,27,216,335.68,0.9847,0.6202,0.255190,4,23,116,265.06,0.9710,0.1778,0.018994,4.423
57621,520,428,948,187,64,237,314.02,0.9066,0.5597,0.203471,48,2,9,17.15,0.9192,0.0990,0.006916,4.453
57647,520,370,890,205,113,168,344.54,0.5780,0.6149,0.276181,18,48,6,138.25,0.9589,0.1729,0.022556,4.496
57650,520,456,976,216,48,116,2.01,0.8508,0.5261,0.179762,4,15,6,149.91,0.6541,0.0612,0.003806,4.270
57654,520,453,973,215,36,141,351.26,0.8895,0.5252,0.176343,6,15,16,204.18,0.3300,0.0658,0.004178,4.178
57663,520,409,929,253,5,17,28.36,0.9983,0.5653,0.210355,6,25,73,263.79,0.8945,0.1317,0.012149,4.189
57670,520,477,997,183,67,173,331.32,0.7441,0.5130,0.171001,0,2,1,165.38,1.0000,0.0192,0.000456,4.380
57683,520,396,916,255,29,22,29.04,1.0000,0.5768,0.222005,47,26,30,7.46,0.3359,0.1440,0.014369,4.226
57694,520,465,985,173,26,243,309.96,0.9739,0.5152,0.160950,2,10,9,187.67,0.5610,0.0480,0.002497,4.018
57695,520,430,950,245,25,25,28.41,0.9871,0.5542,0.201814,25,8,54,294.25,0.7997,0.0956,0.006467,4.460
57696,520,251,771,240,130,231,330.26,0.9111,0.7223,0.402621,21,75,1,139.44,0.9979,0.2666,0.051936,4.440
57728,520,376,896,254,9,157,353.47,0.9937,0.5987,0.237041,23,36,67,265.35,0.5424,0.1632,0.018491,4.191
57742,520,433,953,243,36,10,30.62,0.9922,0.5547,0.203418,5,18,54,264.45,0.8498,0.0972,0.007312,4.422
57743,520,359,879,236,13,252,324.76,0.9961,0.6207,0.251515,78,11,16,22.79,0.8809,0.1759,0.018967,4.372
57750,520,364,884,234,53,214,333.27,0.9400,0.6101,0.248963,48,21,84,298.63,0.7555,0.1719,0.018048,4.393
57757,520,387,907,251,56,15,32.55,0.9891,0.5856,0.233757,28,23,81,280.15,0.7755,0.1499,0.014537,4.397
57759,520,342,862,247,8,236,330.83,0.9975,0.6279,0.260069,63,32,52,341.94,0.4411,0.1912,0.023378,4.226
57762,520,479,999,142,72,241,297.29,0.9069,0.5115,0.167366,2,0,0,29.23,1.0000,0.0120,0.000129,4.336
57769,520,457,977,183,31,242,312.99,0.9676,0.5322,0.174592,23,2,29,318.77,0.8027,0.0625,0.003143,4.226
57787,520,425,945,246,13,101,9.96,0.9887,0.5642,0.208237,6,19,68,266.17,0.9045,0.1136,0.009218,4.361
57790,520,429,949,220,68,117,5.17,0.7946,0.5539,0.206367,17,27,7,130.86,0.6650,0.1047,0.009184,4.332
57804,520,402,922,199,65,235,318.10,0.9058,0.5773,0.219223,46,15,54,318.88,0.6738,0.1348,0.011889,4.350
57807,520,343,863,240,66,213,335.13,0.9269,0.6304,0.272285,34,49,12,128.48,0.7844,0.1880,0.025632,4.261
57812,520,413,933,190,80,219,318.64,0.8197,0.5697,0.218002,6,25,55,258.92,0.7692,0.1154,0.010098,4.459
57813,520,393,913,212,64,231,322.90,0.9146,0.5937,0.234352,45,28,4,72.85,0.7823,0.1395,0.013972,4.445
57820,520,462,982,224,46,58,23.69,0.9309,0.5263,0.181096,1,7,34,263.41,0.9228,0.0544,0.002739,4.382
57822,520,356,876,248,4,229,332.68,0.9986,0.6245,0.257035,3,30,106,263.62,0.9713,0.1776,0.019884,4.394
57827,520,423,943,242,30,77,17.75,0.9697,0.5564,0.203450,48,2,31,347.09,0.8426,0.1068,0.007708,4.392
57844,520,444,964,213,62,126,358.97,0.7914,0.5374,0.191000,9,15,34,268.69,0.5308,0.0773,0.005152,4.370
57850,520,420,940,215,61,162,344.96,0.8160,0.5553,0.203954,48,1,41,335.28,0.9021,0.1111,0.008103,4.371
57852,520,480,1000,219,44,5,32.48,0.9931,0.5099,0.168751,0,0,0,0.00,0.0000,0.0000,0.000000,4.375
57882,520,312,832,254,47,239,331.65,0.9961,0.6559,0.293390,40,45,99,275.85,0.6149,0.2247,0.032286,4.173
57884,520,480,1000,189,65,159,338.70,0.7412,0.5128,0.171042,0,0,0,0.00,0.0000,0.0000,0.000000,4.421
57887,520,467,987,220,6,137,352.88,0.9859,0.5217,0.171546,7,4,22,289.23,0.6489,0.0445,0.001899,4.269
57889,520,471,991,184,22,228,316.66,0.9723,0.5178,0.163669,12,1,18,315.21,0.8042,0.0396,0.001436,4.154
57903,520,478,998,98,97,240,277.88,0.8953,0.5076,0.174368,2,0,17,282.31,1.0000,0.0243,0.000534,4.440
57913,520,472,992,112,89,252,282.96,0.9738,0.5157,0.176173,4,4,9,283.64,0.3111,0.0349,0.001324,4.407
57916,520,352,872,233,108,41,44.96,0.9068,0.6197,0.282115,6,47,72,241.32,0.8202,0.1901,0.025395,4.405
57940,520,448,968,225,13,148,350.39,0.9752,0.5382,0.184362,21,15,24,314.27,0.2615,0.0823,0.005670,4.210
57944,520,331,851,192,108,253,308.53,0.9716,0.6361,0.290243,68,38,17,53.85,0.6113,0.2013,0.026558,4.444
57951,520,385,905,237,81,25,37.51,0.9644,0.5856,0.239626,62,20,11,33.71,0.7396,0.1535,0.015488,4.423
57968,520,408,928,244,32,95,12.58,0.9628,0.5655,0.210957,30,22,64,287.86,0.6451,0.1340,0.012200,4.195
57996,520,396,916,207,73,213,326.06,0.8500,0.5833,0.228363,23,38,4,130.02,0.9072,0.1429,0.015771,4.232
58002,520,330,850,245,107,36,43.51,0.9476,0.6381,0.300583,70,40,34,32.03,0.3964,0.2128,0.029353,4.418
58015,520,343,863,205,123,155,355.47,0.5100,0.6281,0.295131,16,51,51,195.22,0.6307,0.1941,0.027167,4.473
58024,520,478,998,214,34,95,8.48,0.9086,0.5052,0.162689,2,2,5,283.18,0.3513,0.0245,0.000673,4.197
58032,520,416,936,204,36,243,318.53,0.9680,0.5689,0.205718,38,18,40,323.75,0.4917,0.1187,0.009979,4.263
58051,520,372,892,217,66,243,321.30,0.9456,0.6118,0.251211,50,33,44,340.41,0.2781,0.1702,0.019477,4.335
58076,520,421,941,177,63,254,307.25,0.9926,0.5580,0.200587,13,18,61,272.18,0.7994,0.1085,0.008551,4.280
58078,520,364,884,237,68,177,345.59,0.8740,0.6084,0.253159,9,47,31,161.45,0.8565,0.1705,0.021899,4.216
58105,520,422,942,216,78,105,12.04,0.7519,0.5554,0.210700,23,12,65,284.57,0.8234,0.1100,0.008267,4.474
58107,520,424,944,244,36,60,22.97,0.9690,0.5609,0.208245,53,1,19,6.05,0.9373,0.1108,0.008257,4.433
58111,520,462,982,220,21,145,350.44,0.9498,0.5294,0.177989,5,6,24,276.26,0.6243,0.0486,0.002285,4.361
58113,520,359,879,247,43,201,339.79,0.9613,0.6191,0.257221,23,48,43,179.46,0.4489,0.1848,0.024704,4.113
58115,520,353,873,255,13,187,345.00,1.0000,0.6152,0.251392,59,35,27,39.19,0.3852,0.1821,0.022111,4.180
58124,520,363,883,221,63,236,324.15,0.9340,0.6106,0.249853,65,21,47,346.79,0.6160,0.1724,0.018655,4.368
58126,520,467,987,223,13,110,3.23,0.9748,0.5192,0.171044,1,6,20,257.99,0.7788,0.0423,0.001872,4.261
58128,520,459,979,232,30,50,24.22,0.9717,0.5312,0.183177,20,5,13,347.05,0.5103,0.0564,0.002863,4.411
58134,520,395,915,181,85,251,307.49,0.9610,0.5869,0.232866,61,7,40,348.35,0.7804,0.1435,0.012974,4.492
58166,520,35,555,250,240,244,350.97,0.4950,0.9581,0.891761,43,128,39,142.49,0.9537,0.4550,0.160978,4.464
58168,520,385,905,247,0,166,349.26,1.0000,0.5872,0.225307,32,30,64,283.74,0.5151,0.1535,0.016058,4.168
58177,520,426,946,246,37,33,28.37,0.9762,0.5627,0.210293,21,27,13,127.47,0.4098,0.1093,0.009723,4.358
58197,520,442,962,129,100,236,288.92,0.8256,0.5377,0.198374,25,12,26,324.35,0.4221,0.0819,0.005442,4.480
58199,520,427,947,207,8,232,322.18,0.9938,0.5555,0.192671,0,6,77,264.19,0.9878,0.0994,0.006660,4.283
58201,520,445,965,230,11,122,0.25,0.9819,0.5372,0.184704,36,7,2,36.33,0.8408,0.0821,0.005315,4.243
58207,520,222,742,210,158,254,308.29,0.9734,0.7474,0.453118,13,77,98,225.80,0.8438,0.2998,0.062749,4.462
58214,520,373,893,228,44,217,330.98,0.9507,0.5954,0.233075,0,4,123,264.14,0.9971,0.1641,0.015167,4.344
58226,520,440,960,227,42,138,355.38,0.8970,0.5511,0.198245,41,3,16,3.69,0.8030,0.0883,0.005740,4.454
58229,520,280,800,254,127,52,47.43,0.9888,0.6873,0.365007,45,62,62,196.19,0.2052,0.2516,0.043509,4.438
58234,520,425,945,231,52,105,9.34,0.8869,0.5553,0.204677,16,29,15,142.69,0.4963,0.1116,0.010234,4.228
58265,520,284,804,222,120,240,321.44,0.8915,0.6864,0.352554,34,65,64,192.92,0.4197,0.2536,0.044907,4.242
58266,520,410,930,153,107,234,297.58,0.7894,0.5745,0.232284,29,31,23,118.98,0.1841,0.1311,0.013030,4.479
58281,520,458,978,227,7,123,359.23,0.9870,0.5305,0.179157,20,6,5,26.70,0.4787,0.0560,0.002899,4.332
58283,520,336,856,253,30,237,331.90,0.9924,0.6448,0.279288,91,5,20,20.02,0.9507,0.2008,0.023836,4.460
58293,520,430,950,226,64,63,25.62,0.8907,0.5481,0.201972,10,11,67,271.95,0.9273,0.1004,0.007091,4.414
58301,520,447,967,193,30,234,317.68,0.9659,0.5409,0.182079,27,7,26,329.32,0.5944,0.0758,0.004596,4.251
58316,520,444,964,238,15,79,15.89,0.9860,0.5428,0.190866,26,4,40,309.31,0.7964,0.0783,0.004597,4.412
58329,520,310,830,211,113,233,320.03,0.8387,0.6563,0.315437,77,41,8,57.97,0.7967,0.2220,0.031814,4.467
58335,520,403,923,247,8,134,359.34,0.9924,0.5755,0.216725,59,6,9,23.36,0.8909,0.1279,0.010799,4.387
58339,520,413,933,218,89,74,29.20,0.7807,0.5677,0.225470,29,28,24,95.40,0.0934,0.1232,0.011577,4.474
58346,520,425,945,219,49,172,341.98,0.8744,0.5569,0.202376,19,24,33,262.05,0.2348,0.1065,0.009015,4.276
58371,520,374,894,212,87,194,333.59,0.7729,0.5974,0.247103,62,16,56,333.36,0.6970,0.1648,0.016804,4.447
58372,520,432,952,227,42,139,355.02,0.8972,0.5515,0.198536,8,26,25,190.69,0.5042,0.1009,0.008606,4.241
58381,520,339,859,255,19,226,334.93,1.0000,0.6381,0.272200,60,38,49,348.19,0.2999,0.1983,0.025687,4.257
58406,520,371,891,216,79,214,328.38,0.8550,0.6050,0.250479,54,34,36,12.68,0.2776,0.1750,0.020558,4.259
58429,520,447,967,187,98,98,21.06,0.5437,0.5361,0.201835,5,20,27,229.16,0.5561,0.0830,0.006117,4.488
58430,520,448,968,221,42,149,350.09,0.8852,0.5443,0.192005,13,13,41,279.17,0.6363,0.0810,0.005335,4.373
58457,520,459,979,213,14,170,340.45,0.9688,0.5262,0.173648,16,12,0,97.10,1.0000,0.0625,0.003731,4.162
58458,520,414,934,226,31,199,335.30,0.9580,0.5737,0.212747,49,0,52,325.70,1.0000,0.1194,0.009010,4.453
58467,520,436,956,230,3,151,350.36,0.9950,0.5473,0.191253,39,8,20,359.32,0.6417,0.0940,0.006556,4.266
58471,520,477,997,197,68,114,1.98,0.7211,0.5108,0.172213,2,1,11,285.24,0.7741,0.0240,0.000588,4.393
58477,520,367,887,228,30,254,322.32,0.9962,0.6138,0.245805,12,12,121,267.82,0.9861,0.1734,0.017214,4.401
58479,520,426,946,230,56,118,4.75,0.8653,0.5608,0.209622,14,8,75,274.30,0.9514,0.1082,0.007750,4.496
58481,520,472,992,183,36,225,316.76,0.9412,0.5208,0.167665,6,3,4,354.40,0.2345,0.0322,0.001126,4.257
58493,520,398,918,249,47,43,27.89,0.9756,0.5763,0.223508,1,17,92,264.28,0.9712,0.1356,0.011800,4.426
58496,520,469,989,152,70,238,301.64,0.8943,0.5187,0.172291,10,4,2,48.86,0.4300,0.0385,0.001558,4.312
58507,520,458,978,228,42,1,32.21,0.9988,0.5270,0.181551,19,11,1,80.06,0.8013,0.0639,0.003800,4.304
58526,520,333,853,237,103,141,4.88,0.7823,0.6379,0.296308,8,52,61,214.87,0.8063,0.1994,0.028444,4.415
58537,520,384,904,245,45,133,0.88,0.9307,0.5862,0.229860,6,36,61,247.78,0.7706,0.1500,0.016373,4.216
58547,520,452,972,218,6,157,345.72,0.9863,0.5271,0.174725,7,7,44,274.69,0.8638,0.0680,0.003790,4.178
58549,520,392,912,219,30,241,322.99,0.9796,0.5892,0.223415,42,32,15,79.72,0.4613,0.1473,0.015598,4.168
58556,520,410,930,244,11,125,1.79,0.9885,0.5669,0.209565,35,24,39,316.85,0.3229,0.1267,0.011571,4.216
58564,520,452,972,170,60,240,308.16,0.9182,0.5333,0.180698,2,17,16,190.01,0.7340,0.0680,0.004512,4.232
58576,520,366,886,229,60,218,330.94,0.9254,0.6095,0.249541,13,47,1,138.57,0.9941,0.1664,0.021207,4.207
58582,520,478,998,117,91,233,286.44,0.8399,0.5069,0.171470,1,2,3,240.75,0.2913,0.0220,0.000564,4.380
58586,520,364,884,232,29,246,325.05,0.9863,0.6143,0.246908,65,23,34,6.21,0.5769,0.1701,0.018523,4.333
58589,520,457,977,182,44,230,315.01,0.9295,0.5287,0.174608,25,5,11,1.78,0.5820,0.0628,0.003394,4.207
58595,520,352,872,254,61,137,2.45,0.9884,0.6170,0.262180,78,24,6,37.99,0.8730,0.1911,0.022864,4.284
58598,520,395,915,246,31,149,354.96,0.9614,0.5864,0.227461,43,11,69,304.81,0.8039,0.1373,0.011826,4.488
58601,520,438,958,242,30,6,30.34,0.9953,0.5493,0.198224,15,18,43,275.60,0.5505,0.0947,0.007086,4.348
58622,520,432,952,246,7,51,23.40,0.9963,0.5534,0.199874,32,17,17,19.56,0.3192,0.0979,0.007485,4.347
58641,520,465,985,219,9,126,356.58,0.9788,0.5158,0.167644,7,0,40,281.22,1.0000,0.0498,0.001984,4.187
58655,520,463,983,125,88,254,287.26,0.9895,0.5282,0.184949,10,3,30,291.46,0.7967,0.0504,0.002234,4.498
58665,520,397,917,246,51,65,23.53,0.9550,0.5759,0.223456,36,27,49,302.18,0.3877,0.1406,0.013807,4.286
58671,520,472,992,210,50,131,354.87,0.8251,0.5219,0.176238,2,5,3,157.00,0.3901,0.0331,0.001280,4.412
58678,520,24,544,250,250,187,107.81,0.9150,0.9652,0.922834,6,131,64,151.37,0.9941,0.4607,0.166407,4.495
58682,520,343,863,216,76,250,319.04,0.9717,0.6252,0.266717,70,30,38,9.03,0.5072,0.1932,0.023708,4.297
58687,520,473,993,205,62,115,2.11,0.7703,0.5186,0.176643,2,4,13,266.29,0.5491,0.0344,0.001288,4.419
58692,520,434,954,196,15,241,317.15,0.9888,0.5459,0.184297,31,15,29,331.45,0.4159,0.0971,0.007217,4.095
58719,520,25,545,233,253,225,136.66,0.8338,0.9673,0.930100,30,132,26,142.43,0.9808,0.4629,0.168524,4.485
58736,520,391,911,249,62,55,27.68,0.9704,0.5900,0.238643,57,6,69,318.80,0.8465,0.1545,0.014299,4.489
58744,520,466,986,177,22,247,310.38,0.9815,0.5232,0.166373,17,2,24,315.03,0.7742,0.0514,0.002285,4.138
58755,520,415,935,253,17,18,28.70,0.9937,0.5681,0.213310,44,19,8,43.78,0.6195,0.1185,0.010188,4.375
58768,520,353,873,234,12,251,324.52,0.9962,0.6164,0.247229,56,38,10,75.12,0.6989,0.1817,0.022490,4.100
58772,520,309,829,247,98,176,350.85,0.8967,0.6600,0.316470,19,63,4,139.37,0.9872,0.2246,0.037021,4.211
58775,520,416,936,231,6,186,339.99,0.9932,0.5677,0.206671,43,20,0,61.36,1.0000,0.1174,0.010140,4.268
58776,520,296,816,247,114,157,1.86,0.8514,0.6761,0.342459,42,58,70,241.13,0.2610,0.2411,0.039605,4.380
58779,520,476,996,204,69,63,26.49,0.8162,0.5119,0.174546,5,0,0,29.23,1.0000,0.0182,0.000323,4.462
58798,520,238,758,254,117,247,329.47,0.9958,0.7307,0.405114,55,72,26,126.63,0.6968,0.2807,0.055215,4.326
58799,520,352,872,225,92,178,343.77,0.7661,0.6169,0.268785,73,21,55,343.95,0.6660,0.1912,0.022288,4.410
58800,520,478,998,170,27,240,309.67,0.9700,0.5084,0.156220,3,1,2,344.98,0.3863,0.0205,0.000455,4.087
58803,520,285,805,246,107,221,335.04,0.9409,0.6913,0.353313,4,62,88,235.02,0.9145,0.2457,0.041754,4.396
58810,520,438,958,223,23,164,344.90,0.9535,0.5452,0.189837,24,7,49,296.77,0.7880,0.0883,0.005679,4.307
58830,520,314,834,239,96,210,336.36,0.8926,0.6602,0.313721,1,45,115,260.03,0.9897,0.2206,0.031208,4.479
58837,520,416,936,240,57,78,20.37,0.9196,0.5711,0.220048,13,26,54,263.66,0.6206,0.1208,0.010907,4.434
58841,520,415,935,179,70,251,308.03,0.9695,0.5658,0.209299,33,24,25,10.84,0.1645,0.1179,0.010468,4.288
58856,520,414,934,248,16,91,13.42,0.9875,0.5667,0.210859,46,18,17,23.56,0.5232,0.1219,0.010540,4.309
58864,520,305,825,251,70,245,329.46,0.9854,0.6711,0.314850,95,29,5,38.35,0.9223,0.2333,0.033230,4.384
58868,520,475,995,171,43,245,308.33,0.9521,0.5241,0.169791,4,0,20,289.88,1.0000,0.0291,0.000763,4.330
58897,520,444,964,234,21,85,13.87,0.9744,0.5376,0.186877,7,21,18,178.69,0.4562,0.0832,0.006252,4.211
58900,520,364,884,240,9,223,332.34,0.9957,0.6072,0.240512,12,45,34,167.88,0.7284,0.1660,0.020703,4.109
58907,520,364,884,214,99,176,341.91,0.6940,0.6088,0.263563,14,33,94,265.91,0.8751,0.1749,0.019891,4.486
58909,520,446,966,206,25,205,328.54,0.9584,0.5390,0.182268,23,9,29,314.94,0.5444,0.0756,0.004663,4.249
58912,520,479,999,215,13,137,351.88,0.9660,0.5133,0.165435,1,0,2,311.99,1.0000,0.0114,0.000108,4.299
58913,520,434,954,232,54,59,25.00,0.9269,0.5494,0.201129,18,17,45,281.75,0.5745,0.0965,0.007189,4.391
58917,520,429,949,178,59,245,309.69,0.9425,0.5479,0.191864,11,20,46,267.11,0.6161,0.0987,0.007687,4.193
58924,520,433,953,219,76,31,36.72,0.9288,0.5457,0.203304,10,20,44,265.09,0.6040,0.0966,0.007467,4.408
58950,520,467,987,218,21,140,351.72,0.9464,0.5232,0.173377,8,2,13,312.16,0.6368,0.0354,0.001241,4.359
58952,520,456,976,179,73,204,319.46,0.7858,0.5341,0.187095,22,6,4,31.69,0.5567,0.0584,0.003096,4.465
58970,520,453,973,208,11,189,333.51,0.9795,0.5275,0.173254,1,14,28,246.52,0.8191,0.0654,0.004043,4.131
58983,520,435,955,197,50,219,322.01,0.9076,0.5489,0.192675,33,14,16,13.84,0.4133,0.0929,0.006749,4.276
58991,520,433,953,202,35,228,321.50,0.9561,0.5536,0.193617,48,6,9,21.17,0.8235,0.1050,0.007785,4.216
58995,520,459,979,230,33,30,28.30,0.9730,0.5267,0.180075,9,13,8,139.00,0.2349,0.0607,0.003635,4.290
59007,520,463,983,180,39,238,312.75,0.9495,0.5288,0.173284,6,2,33,281.59,0.9068,0.0469,0.001919,4.301
59014,520,336,856,249,5,248,328.57,0.9988,0.6389,0.270286,24,43,86,264.15,0.6536,0.1973,0.025937,4.218
59020,520,453,973,213,52,122,359.41,0.8265,0.5259,0.180096,15,5,44,287.94,0.8299,0.0708,0.003919,4.267
59027,520,455,975,172,67,221,312.77,0.8456,0.5286,0.180063,21,7,18,335.30,0.4662,0.0638,0.003551,4.296
59051,520,404,924,169,94,239,304.90,0.8545,0.5752,0.226730,21,33,24,151.95,0.3237,0.1300,0.013131,4.383
59064,520,384,904,238,51,173,346.32,0.9138,0.5937,0.235648,58,23,8,42.50,0.7271,0.1509,0.015300,4.374
59098,520,438,958,210,50,187,334.80,0.8715,0.5499,0.195727,34,7,25,342.67,0.6349,0.0860,0.005623,4.418
59104,520,399,919,251,2,129,1.52,0.9983,0.5807,0.221412,54,8,58,324.47,0.7875,0.1425,0.012635,4.333
59119,520,479,999,183,72,153,339.59,0.6883,0.5086,0.170033,0,1,0,142.50,1.0000,0.0135,0.000217,4.382
59128,520,414,934,254,6,16,28.48,0.9980,0.5676,0.212423,31,19,53,297.18,0.5911,0.1202,0.010141,4.363
59132,520,382,902,245,42,173,347.54,0.9461,0.6007,0.240887,60,28,11,46.86,0.6695,0.1650,0.018155,4.268
59134,520,377,897,228,11,249,323.55,0.9960,0.6045,0.235752,53,16,66,316.01,0.7258,0.1564,0.015209,4.382
59158,520,430,950,207,80,126,0.78,0.7005,0.5489,0.205111,17,11,64,278.88,0.8677,0.1021,0.007287,4.453
59161,520,431,951,215,54,168,342.48,0.8448,0.5517,0.199148,34,2,51,310.55,0.9031,0.0959,0.006225,4.431
59162,520,318,838,247,72,231,332.01,0.9645,0.6580,0.301812,75,37,48,2.47,0.4431,0.2192,0.030326,4.380
59174,520,420,940,186,88,202,321.84,0.7340,0.5640,0.216840,29,26,3,102.47,0.7924,0.1128,0.010066,4.442
59196,520,461,981,210,27,170,339.83,0.9276,0.5254,0.173900,16,5,18,321.74,0.5225,0.0536,0.002624,4.255
59214,520,408,928,245,33,119,4.84,0.9566,0.5746,0.218355,13,12,87,271.10,0.9590,0.1277,0.010366,4.445
59225,520,417,937,222,46,195,335.54,0.9154,0.5728,0.214261,20,31,21,147.03,0.3389,0.1223,0.011828,4.274
59227,520,433,953,208,34,209,327.96,0.9431,0.5496,0.191593,32,19,2,74.14,0.8000,0.0988,0.007772,4.182
59238,520,435,955,162,93,213,308.46,0.7291,0.5461,0.203147,14,21,33,260.90,0.3441,0.0947,0.007395,4.411
59288,520,441,961,211,60,153,347.23,0.8019,0.5429,0.193827,4,16,51,264.35,0.8640,0.0895,0.006354,4.327
59299,520,408,928,205,16,252,317.14,0.9917,0.5698,0.203796,3,29,59,253.91,0.8539,0.1276,0.012138,4.084
59304,520,461,981,201,49,176,335.77,0.8421,0.5267,0.177506,17,6,2,50.90,0.5834,0.0512,0.002538,4.330
59315,520,375,895,249,71,8,35.70,0.9935,0.5960,0.246672,33,37,47,267.93,0.1824,0.1617,0.018517,4.330
59325,520,351,871,239,35,246,326.65,0.9842,0.6287,0.262092,23,42,82,263.31,0.6385,0.1908,0.024472,4.191
59338,520,458,978,212,53,142,351.24,0.8221,0.5330,0.184985,13,0,47,286.40,1.0000,0.0623,0.002908,4.441
59367,520,453,973,221,60,25,33.36,0.9575,0.5299,0.186767,9,16,19,226.10,0.2354,0.0717,0.004757,4.324
59379,520,361,881,237,9,252,325.00,0.9974,0.6217,0.252307,54,24,75,308.67,0.6704,0.1773,0.019456,4.353
59388,520,418,938,174,79,241,307.82,0.8978,0.5618,0.209422,7,12,81,268.29,0.9634,0.1169,0.009021,4.395
59425,520,441,961,180,69,212,317.76,0.8215,0.5362,0.187141,29,12,28,329.19,0.4755,0.0883,0.006080,4.229
59427,520,411,931,170,80,251,304.28,0.9621,0.5658,0.212490,8,21,73,266.84,0.8978,0.1240,0.010689,4.325
59442,520,399,919,249,15,135,359.53,0.9863,0.5814,0.222341,39,29,23,52.49,0.2241,0.1375,0.013720,4.274
59456,520,444,964,161,89,211,309.09,0.7342,0.5368,0.194255,1,5,65,265.23,0.9839,0.0830,0.004966,4.444
59459,520,429,949,210,47,197,331.78,0.8957,0.5536,0.197679,26,21,15,71.96,0.2071,0.0988,0.007904,4.277
59463,520,329,849,222,89,247,320.97,0.9549,0.6469,0.293916,16,51,83,249.41,0.7054,0.2130,0.031022,4.245
59469,520,471,991,167,42,251,305.91,0.9789,0.5230,0.168371,7,3,24,289.58,0.7411,0.0433,0.001762,4.219
59477,520,479,999,186,8,215,320.55,0.9880,0.5064,0.155205,1,0,1,328.36,1.0000,0.0103,0.000086,4.097
59480,520,444,964,216,58,140,353.42,0.8150,0.5443,0.195208,27,13,16,5.89,0.3312,0.0824,0.005583,4.412
59486,520,301,821,253,76,220,336.47,0.9882,0.6655,0.312219,54,46,86,291.30,0.4580,0.2306,0.034101,4.307
59489,520,345,865,249,62,197,341.82,0.9580,0.6340,0.276193,69,32,4,53.03,0.8443,0.1883,0.023072,4.464
59505,520,433,953,224,60,116,5.02,0.8347,0.5525,0.203426,20,17,49,283.71,0.6148,0.1014,0.007714,4.391
59527,520,390,910,207,49,255,316.38,1.0000,0.5912,0.226836,36,22,72,291.59,0.6930,0.1476,0.014168,4.314
59533,520,349,869,252,62,186,345.83,0.9746,0.6339,0.276891,19,42,79,259.49,0.6625,0.1861,0.023588,4.442
59563,520,220,740,243,141,241,327.78,0.9314,0.7496,0.444573,23,79,77,191.69,0.7313,0.2982,0.063097,4.373
59569,520,446,966,239,14,73,17.71,0.9883,0.5435,0.191491,1,10,53,264.14,0.9481,0.0778,0.004805,4.406
59581,520,386,906,241,15,187,342.02,0.9872,0.5891,0.226333,29,17,90,280.78,0.8780,0.1505,0.014002,4.318
59585,520,465,985,180,61,203,320.67,0.8246,0.5206,0.173538,11,9,4,92.99,0.3226,0.0522,0.002753,4.237
59586,520,366,886,167,112,253,298.78,0.9602,0.6128,0.268959,9,48,10,143.46,0.9634,0.1694,0.021938,4.434
59601,520,478,998,159,65,223,307.86,0.8511,0.5093,0.164799,3,1,4,316.91,0.5138,0.0217,0.000498,4.254
59612,520,465,985,162,57,240,305.73,0.9210,0.5190,0.168995,3,5,35,270.42,0.8944,0.0526,0.002492,4.172
59630,520,476,996,153,92,180,314.66,0.5959,0.5110,0.177224,6,0,6,328.36,1.0000,0.0233,0.000519,4.498
59636,520,361,881,207,109,178,339.54,0.6283,0.6153,0.274186,43,40,49,300.54,0.1437,0.1813,0.022529,4.470
59644,520,344,864,202,98,245,314.75,0.9170,0.6289,0.278857,57,39,31,44.96,0.2941,0.1899,0.024199,4.432
59662,520,443,963,193,37,222,320.40,0.9402,0.5353,0.179360,27,11,19,349.38,0.4063,0.0796,0.005194,4.156
59679,520,400,920,232,5,211,333.49,0.9963,0.5843,0.219701,8,32,59,253.62,0.7207,0.1381,0.014003,4.214
59692,520,422,942,240,40,94,13.08,0.9428,0.5616,0.208542,6,19,67,266.12,0.9007,0.1126,0.009097,4.375
59712,520,431,951,236,18,104,7.71,0.9764,0.5457,0.192681,29,18,37,309.90,0.4227,0.1049,0.008274,4.164
59716,520,431,951,190,17,252,313.11,0.9894,0.5462,0.183776,13,21,37,263.32,0.4311,0.0963,0.007554,4.062
59723,520,460,980,207,27,184,334.74,0.9356,0.5280,0.175120,11,10,9,68.55,0.0501,0.0559,0.003080,4.241
59733,520,302,822,254,66,242,330.91,0.9961,0.6709,0.313811,95,17,62,350.42,0.7747,0.2335,0.031820,4.446
59734,520,374,894,245,36,171,347.97,0.9563,0.5965,0.236177,60,26,5,49.35,0.7910,0.1600,0.017105,4.265
59735,520,332,852,253,1,246,329.89,0.9998,0.6439,0.275613,67,37,0,65.75,1.0000,0.1953,0.025166,4.332
59742,520,441,961,154,103,186,311.26,0.5596,0.5365,0.201161,2,16,57,263.17,0.9373,0.0939,0.006789,4.423
59747,520,471,991,162,88,182,318.76,0.6357,0.5174,0.180390,17,0,13,336.27,1.0000,0.0407,0.001482,4.475
59750,520,453,973,190,1,243,315.21,0.9992,0.5347,0.174412,25,7,20,338.72,0.5288,0.0700,0.004092,4.149
59802,520,441,961,234,26,97,10.19,0.9616,0.5426,0.190974,6,23,13,156.55,0.6570,0.0868,0.006805,4.242
59804,520,444,964,217,10,180,338.40,0.9823,0.5386,0.182664,11,20,1,128.26,0.9300,0.0786,0.005736,4.174
59810,520,356,876,253,49,178,347.96,0.9833,0.6223,0.262970,47,41,31,80.40,0.2071,0.1818,0.022892,4.294
59814,520,408,928,246,42,79,18.59,0.9551,0.5718,0.218167,22,29,39,257.28,0.2505,0.1256,0.011958,4.328
59846,520,446,966,208,83,39,38.63,0.8695,0.5361,0.197451,1,19,27,226.75,0.8632,0.0775,0.005513,4.458
59884,520,372,892,224,49,239,324.46,0.9591,0.6066,0.242781,44,36,34,34.33,0.1225,0.1656,0.019127,4.235
59890,520,426,946,250,1,35,26.18,0.9996,0.5591,0.204708,37,11,41,322.14,0.6471,0.1059,0.007928,4.397
59893,520,469,989,204,63,131,354.83,0.7632,0.5239,0.180331,1,7,13,236.57,0.6813,0.0413,0.001875,4.440
59894,520,452,972,178,92,146,343.34,0.5521,0.5285,0.191958,13,15,19,264.30,0.1330,0.0724,0.004742,4.420
59910,520,381,901,199,86,238,316.30,0.8908,0.6036,0.249720,36,38,34,128.79,0.0786,0.1619,0.018768,4.358
59928,520,409,929,236,61,79,20.45,0.9016,0.5672,0.217379,20,16,78,276.56,0.8795,0.1276,0.010693,4.405
59947,520,458,978,197,51,187,331.08,0.8459,0.5281,0.178275,20,8,17,336.49,0.3975,0.0641,0.003629,4.257
59953,520,459,979,204,27,193,331.31,0.9411,0.5283,0.174734,18,5,16,332.71,0.5119,0.0551,0.002746,4.261
59961,520,458,978,187,6,247,313.47,0.9959,0.5344,0.174117,26,3,7,10.05,0.7130,0.0590,0.003001,4.229
59966,520,463,983,180,21,253,310.02,0.9908,0.5329,0.173325,13,5,14,323.32,0.4285,0.0485,0.002258,4.273
59993,520,473,993,226,42,13,31.39,0.9852,0.5232,0.178566,1,4,5,213.96,0.4850,0.0298,0.001042,4.478
60008,520,413,933,215,11,232,324.21,0.9925,0.5697,0.205146,55,1,37,345.70,0.9116,0.1227,0.009676,4.275
60024,520,437,957,228,21,157,348.26,0.9619,0.5507,0.194674,47,2,0,31.40,1.0000,0.0949,0.006479,4.332
60025,520,472,992,212,38,145,349.18,0.8767,0.5225,0.174299,4,3,0,99.32,1.0000,0.0281,0.000909,4.406
60034,520,475,995,124,92,234,288.80,0.8364,0.5165,0.178797,9,2,2,21.40,0.5126,0.0318,0.001059,4.481
60035,520,431,951,202,79,142,351.49,0.6947,0.5451,0.201034,21,2,73,282.38,0.9772,0.1032,0.006839,4.417
60041,520,377,897,254,63,26,32.56,0.9953,0.5984,0.247041,15,43,22,149.67,0.7669,0.1573,0.018872,4.313
60047,520,163,683,211,198,181,74.72,0.2118,0.8052,0.575737,60,94,34,133.73,0.7982,0.3545,0.090814,4.444
60050,520,475,995,177,45,223,315.10,0.9134,0.5160,0.165527,11,1,1,24.44,0.7759,0.0306,0.000951,4.230
60056,520,435,955,218,67,109,8.09,0.7956,0.5466,0.200263,14,10,59,277.55,0.8689,0.0929,0.006262,4.448
60067,520,290,810,250,85,232,332.54,0.9760,0.6764,0.326500,81,43,49,10.40,0.4105,0.2419,0.036991,4.328
60084,520,441,961,222,15,163,344.85,0.9713,0.5401,0.185181,39,7,16,6.34,0.6737,0.0911,0.006208,4.184
60092,520,323,843,253,38,246,329.82,0.9932,0.6539,0.289258,36,37,104,276.71,0.7440,0.2079,0.026976,4.407
60095,520,383,903,221,59,230,325.72,0.9323,0.6031,0.242153,18,40,31,165.53,0.4935,0.1519,0.017451,4.331
60104,520,360,880,244,18,224,333.00,0.9917,0.6169,0.250505,60,12,84,311.03,0.8290,0.1784,0.018638,4.378
60107,520,311,831,216,111,230,322.79,0.8397,0.6583,0.316826,63,49,12,87.62,0.7441,0.2206,0.032800,4.430
60140,520,468,988,227,41,5,31.82,0.9943,0.5243,0.179307,6,4,10,301.87,0.3456,0.0375,0.001475,4.455
60145,520,464,984,134,82,249,291.90,0.9460,0.5237,0.179424,17,1,25,314.41,0.8512,0.0498,0.002111,4.403
60157,520,351,871,241,76,193,341.66,0.8993,0.6313,0.277227,71,25,56,342.14,0.6071,0.1941,0.023206,4.470
60166,520,431,951,193,69,210,322.65,0.8314,0.5547,0.202482,20,25,9,123.27,0.4969,0.1018,0.008637,4.306
60179,520,377,897,239,13,205,336.66,0.9912,0.5950,0.230492,25,42,11,133.14,0.7860,0.1582,0.018867,4.073
60181,520,410,930,230,35,179,342.12,0.9409,0.5717,0.212824,34,11,73,293.17,0.8383,0.1291,0.010605,4.337
60194,520,408,928,251,0,109,7.81,1.0000,0.5741,0.216170,42,21,41,328.68,0.4537,0.1310,0.011887,4.301
60196,520,456,976,225,25,103,6.64,0.9504,0.5253,0.176849,11,2,44,284.03,0.9353,0.0614,0.002964,4.283
60197,520,433,953,242,8,90,12.75,0.9928,0.5520,0.197925,11,19,50,269.21,0.6844,0.0996,0.007671,4.299
60200,520,431,951,163,89,227,305.93,0.8032,0.5510,0.204779,38,17,0,61.31,1.0000,0.1030,0.008130,4.383
60225,520,282,802,254,96,213,339.35,0.9920,0.6855,0.342437,101,29,38,17.13,0.7262,0.2509,0.037858,4.467
60253,520,393,913,199,69,244,315.80,0.9373,0.5880,0.229314,17,32,51,254.96,0.4786,0.1372,0.013912,4.370
60270,520,480,1000,202,27,166,339.01,0.9129,0.5080,0.160956,0,0,0,0.00,0.0000,0.0000,0.000000,4.219
60282,520,328,848,248,51,244,329.10,0.9761,0.6513,0.288586,84,11,74,334.69,0.8066,0.2131,0.026189,4.444
60349,520,398,918,248,22,129,1.50,0.9772,0.5793,0.221187,8,4,102,267.79,0.9936,0.1362,0.010977,4.447
60361,520,382,902,180,101,245,306.79,0.8895,0.6044,0.256039,30,38,53,262.70,0.2836,0.1649,0.019192,4.423
60371,520,272,792,160,158,253,283.52,0.9339,0.6971,0.390187,16,70,61,179.32,0.8149,0.2601,0.048272,4.479
60419,520,409,929,163,101,228,304.03,0.7749,0.5713,0.226958,6,35,22,160.77,0.8364,0.1268,0.012987,4.397
60428,520,478,998,166,67,203,315.39,0.7936,0.5063,0.164340,2,1,11,285.24,0.7741,0.0240,0.000588,4.237
60434,520,379,899,249,26,165,350.37,0.9748,0.5970,0.235985,64,20,25,16.33,0.6383,0.1604,0.016607,4.294
60435,520,455,975,236,8,58,21.25,0.9941,0.5331,0.183153,5,12,9,168.68,0.3346,0.0554,0.003149,4.387
60465,520,470,990,189,54,198,325.26,0.8460,0.5245,0.175358,3,5,11,263.83,0.3681,0.0374,0.001521,4.374
60480,520,404,924,247,18,130,0.87,0.9818,0.5764,0.218219,5,35,33,188.79,0.7787,0.1303,0.013441,4.228
60496,520,352,872,249,8,220,335.07,0.9968,0.6214,0.254838,22,46,71,251.04,0.5484,0.1931,0.025794,4.022
60503,520,387,907,225,51,215,330.73,0.9327,0.5938,0.232838,25,36,37,203.16,0.1987,0.1470,0.016020,4.284
60506,520,354,874,218,78,235,323.21,0.9094,0.6202,0.263542,63,26,57,333.84,0.5611,0.1825,0.020911,4.422
60531,520,400,920,254,27,97,12.83,0.9931,0.5842,0.227215,31,13,84,285.22,0.8770,0.1402,0.012192,4.457
60576,520,459,979,194,49,198,326.89,0.8683,0.5284,0.177448,4,15,4,143.82,0.7685,0.0606,0.003762,4.231
60582,520,432,952,159,88,232,303.40,0.8274,0.5481,0.201770,6,26,24,186.68,0.6037,0.0993,0.008434,4.309
60595,520,404,924,242,61,87,18.28,0.9167,0.5805,0.229061,0,38,17,154.55,1.0000,0.1326,0.014266,4.342
60602,520,396,916,228,21,204,334.39,0.9785,0.5764,0.213925,47,22,46,328.57,0.4977,0.1432,0.013755,4.140
60608,520,423,943,244,2,113,5.51,0.9979,0.5612,0.204722,34,23,10,69.91,0.4620,0.1127,0.009748,4.263
60609,520,428,948,203,34,236,319.90,0.9651,0.5608,0.198983,6,11,72,268.42,0.9563,0.1039,0.007459,4.333
60616,520,295,815,254,73,244,330.41,0.9962,0.6781,0.323705,48,52,82,277.33,0.3634,0.2367,0.036935,4.299
60637,520,392,912,253,47,70,22.09,0.9885,0.5878,0.233616,49,20,62,314.01,0.6478,0.1532,0.015011,4.363
60645,520,395,915,249,48,113,8.64,0.9521,0.5899,0.234494,12,29,69,264.08,0.7644,0.1403,0.013865,4.455
60650,520,404,924,232,1,208,334.25,0.9992,0.5817,0.217342,2,9,97,265.17,0.9874,0.1319,0.010712,4.403
60678,520,354,874,254,10,208,339.17,0.9958,0.6239,0.258454,19,44,66,247.27,0.5640,0.1824,0.023331,4.206
60700,520,343,863,241,18,252,325.88,0.9948,0.6303,0.261643,46,45,22,106.34,0.4558,0.1896,0.025156,4.147
60708,520,461,981,209,39,164,341.77,0.8788,0.5270,0.176888,16,6,9,358.36,0.3491,0.0523,0.002601,4.313
60711,520,418,938,220,3,201,333.22,0.9964,0.5556,0.195002,10,8,84,270.21,0.9742,0.1171,0.008782,4.168
60741,520,352,872,198,105,223,318.76,0.7790,0.6199,0.274378,33,41,78,272.40,0.5165,0.1921,0.024592,4.349
60766,520,387,907,232,87,58,33.19,0.8777,0.5874,0.242805,44,33,14,79.79,0.5099,0.1524,0.016549,4.400
60773,520,414,934,249,25,101,10.86,0.9766,0.5741,0.217781,20,27,48,268.90,0.4337,0.1240,0.011460,4.357
60784,520,389,909,238,71,114,9.77,0.8615,0.5897,0.239015,32,25,73,285.15,0.6713,0.1500,0.014834,4.458
60809,520,445,965,215,65,126,359.83,0.7868,0.5443,0.197363,20,8,45,292.97,0.7476,0.0819,0.005118,4.488
60819,520,339,859,252,52,207,339.41,0.9817,0.6370,0.276596,53,46,16,96.30,0.6188,0.1998,0.027483,4.215
60831,520,390,910,214,61,230,323.78,0.9208,0.5935,0.233487,25,37,39,208.85,0.2184,0.1508,0.016763,4.246
60833,520,288,808,232,112,229,328.36,0.8822,0.6819,0.344033,32,64,25,140.10,0.8188,0.2373,0.040439,4.357
60840,520,360,880,238,88,138,3.09,0.8212,0.6175,0.269944,16,39,88,262.96,0.7859,0.1844,0.022657,4.404
60859,520,450,970,169,81,214,312.36,0.7781,0.5375,0.191757,9,7,47,276.71,0.8649,0.0723,0.004153,4.464
60883,520,448,968,238,31,49,24.77,0.9744,0.5443,0.193821,24,4,42,304.28,0.8126,0.0773,0.004482,4.475
60892,520,223,743,236,156,206,342.02,0.7244,0.7521,0.460678,12,86,6,142.03,0.9925,0.3024,0.067466,4.347
60893,520,281,801,255,120,125,19.76,1.0000,0.6890,0.361768,53,58,70,267.40,0.1591,0.2510,0.042252,4.464
60899,520,414,934,185,67,250,310.32,0.9655,0.5701,0.212317,27,7,74,286.66,0.9084,0.1172,0.008794,4.462
60903,520,335,855,249,22,240,330.34,0.9929,0.6371,0.270078,49,15,120,287.35,0.9225,0.2046,0.023506,4.354
60924,520,363,883,239,21,228,330.90,0.9894,0.6114,0.244912,65,20,44,350.26,0.6262,0.1694,0.018061,4.333
60930,520,392,912,248,46,113,8.31,0.9463,0.5865,0.231062,59,9,49,337.36,0.7587,0.1468,0.013471,4.428
60932,520,353,873,208,86,242,318.15,0.9197,0.6193,0.264778,69,30,9,46.20,0.7537,0.1848,0.022137,4.364
60944,520,417,937,197,46,253,314.16,0.9894,0.5721,0.209175,41,20,26,1.97,0.3829,0.1205,0.010464,4.286
60946,520,381,901,218,46,241,322.50,0.9606,0.5962,0.232123,22,38,62,258.28,0.4897,0.1644,0.019045,4.086
60948,520,402,922,216,62,208,330.24,0.8840,0.5834,0.226003,25,34,13,128.13,0.5559,0.1336,0.013798,4.326
60953,520,348,868,244,54,209,337.05,0.9474,0.6253,0.264778,14,52,12,142.45,0.9491,0.1854,0.025758,4.155
60955,520,363,883,243,57,169,349.03,0.9092,0.6057,0.248486,73,4,57,340.23,0.8535,0.1745,0.017989,4.390
60963,520,399,919,253,32,58,23.53,0.9906,0.5772,0.222249,67,3,3,28.02,0.9705,0.1411,0.012652,4.345
60975,520,452,972,173,93,151,338.40,0.5402,0.5251,0.189484,7,10,39,273.05,0.7451,0.0692,0.004087,4.428
61008,520,466,986,209,41,149,347.11,0.8607,0.5208,0.173133,16,6,1,60.96,0.7156,0.0497,0.002426,4.256
61043,520,125,645,222,204,235,311.19,0.4895,0.8480,0.647138,37,106,21,140.42,0.9724,0.3790,0.107551,4.425
61053,520,429,949,172,78,235,308.56,0.8693,0.5532,0.202183,43,5,17,5.40,0.7572,0.0957,0.006627,4.453
61055,520,477,997,208,32,138,350.49,0.8888,0.5079,0.162801,3,0,13,294.85,1.0000,0.0230,0.000484,4.215
61063,520,425,945,194,58,233,317.38,0.9117,0.5614,0.203800,35,21,5,68.78,0.6469,0.1083,0.009047,4.298
61074,520,234,754,240,152,194,350.06,0.7377,0.7450,0.448788,32,80,45,150.10,0.7974,0.2944,0.062336,4.440
61080,520,431,951,226,43,135,356.33,0.8912,0.5487,0.196485,31,17,28,334.70,0.3481,0.1007,0.007761,4.267
61112,520,426,946,234,54,96,13.30,0.8966,0.5606,0.209783,30,12,57,297.16,0.7462,0.1101,0.008344,4.453
61119,520,458,978,202,14,213,325.45,0.9817,0.5339,0.176765,6,14,2,133.15,0.7996,0.0591,0.003572,4.233
61124,520,448,968,210,77,80,22.40,0.7695,0.5371,0.195908,8,20,4,136.96,0.7871,0.0772,0.005607,4.422
61129,520,288,808,202,128,253,309.84,0.9657,0.6818,0.350876,41,60,61,200.17,0.2426,0.2420,0.040400,4.434
61140,520,480,1000,214,56,25,32.79,0.9533,0.5117,0.171972,0,0,0,0.00,0.0000,0.0000,0.000000,4.439
61149,520,476,996,218,39,50,24.60,0.9444,0.5074,0.165894,6,0,1,6.99,1.0000,0.0204,0.000409,4.283
61167,520,409,929,247,49,31,30.01,0.9707,0.5727,0.220732,40,26,23,32.42,0.2585,0.1314,0.012518,4.330
61170,520,441,961,191,61,209,322.56,0.8503,0.5422,0.190187,0,23,36,234.78,1.0000,0.0930,0.007401,4.184
61184,520,435,955,235,47,42,27.94,0.9536,0.5476,0.198655,26,5,51,299.10,0.8367,0.0894,0.005672,4.466
61206,520,429,949,226,51,134,357.33,0.8657,0.5544,0.202603,42,4,34,337.69,0.7752,0.0999,0.006946,4.436
61208,520,357,877,240,93,89,24.88,0.8768,0.6150,0.270782,8,49,25,153.24,0.9263,0.1753,0.023183,4.383
61213,520,441,961,196,42,224,320.65,0.9335,0.5450,0.187750,40,6,6,24.61,0.7894,0.0887,0.005946,4.250
61228,520,428,948,220,5,214,329.85,0.9954,0.5646,0.201815,18,24,28,237.38,0.1678,0.1033,0.008657,4.293
61266,520,463,983,209,31,186,334.69,0.9278,0.5349,0.180825,18,2,19,325.85,0.7327,0.0498,0.002190,4.423
61300,520,391,911,213,58,235,322.34,0.9322,0.5927,0.231722,2,39,43,205.58,0.9140,0.1463,0.016383,4.244
61307,520,456,976,154,67,247,300.85,0.9445,0.5255,0.176001,12,12,7,107.62,0.2110,0.0606,0.003564,4.219
61341,520,440,960,191,62,213,321.42,0.8566,0.5460,0.193271,26,6,49,300.14,0.8036,0.0891,0.005716,4.366
61351,520,269,789,254,95,239,331.69,0.9954,0.6979,0.354901,6,62,103,247.23,0.8850,0.2568,0.044630,4.279
61383,520,443,963,227,11,154,348.83,0.9809,0.5444,0.189061,5,3,59,270.48,0.9802,0.0751,0.004131,4.416
61397,520,439,959,233,8,142,354.01,0.9878,0.5504,0.194533,36,13,11,26.46,0.5250,0.0944,0.006871,4.300
61405,520,468,988,185,56,199,323.65,0.8370,0.5206,0.172675,0,4,31,262.72,1.0001,0.0441,0.001857,4.294
61407,520,459,979,228,32,82,14.92,0.9482,0.5295,0.181391,9,10,13,270.47,0.1137,0.0555,0.003042,4.362
61418,520,471,991,205,15,178,335.95,0.9641,0.5161,0.165372,5,4,21,282.66,0.6516,0.0419,0.001732,4.163
61423,520,473,993,214,29,146,348.94,0.9142,0.5216,0.172526,1,2,10,268.96,0.6950,0.0256,0.000718,4.388
61431,520,411,931,209,54,219,325.36,0.9113,0.5718,0.213099,8,10,84,268.88,0.9712,0.1186,0.009087,4.453
61433,520,437,957,230,26,148,351.81,0.9504,0.5524,0.197027,10,15,53,271.77,0.7947,0.0930,0.006632,4.362
61434,520,361,881,235,101,91,26.80,0.8315,0.6186,0.277276,21,49,33,156.83,0.6026,0.1833,0.024658,4.384
61439,520,259,779,255,128,169,1.18,1.0000,0.7148,0.395658,10,73,55,168.33,0.9249,0.2662,0.051052,4.410
61448,520,380,900,244,11,196,340.17,0.9926,0.5987,0.234611,64,14,36,357.36,0.7034,0.1556,0.015316,4.357
61451,520,448,968,195,14,241,316.89,0.9896,0.5440,0.182685,22,7,43,298.36,0.7481,0.0808,0.004970,4.233
61464,520,439,959,216,29,191,335.04,0.9462,0.5497,0.192415,22,18,18,17.76,0.0886,0.0879,0.006469,4.293
61466,520,22,542,254,241,252,330.64,0.9700,0.9667,0.910101,23,132,36,144.22,0.9849,0.4622,0.168114,4.402
61471,520,476,996,146,79,227,300.64,0.8274,0.5143,0.172493,2,1,0,82.32,1.0000,0.0176,0.000346,4.419
61498,520,424,944,181,62,248,309.81,0.9561,0.5576,0.200472,48,9,27,355.72,0.6900,0.1146,0.009030,4.243
61499,520,439,959,202,50,216,324.24,0.9077,0.5549,0.197973,32,14,13,23.78,0.4138,0.0906,0.006502,4.389
61500,520,427,947,211,56,185,335.78,0.8517,0.5556,0.201821,20,2,69,282.96,0.9736,0.0973,0.006218,4.479
61504,520,310,830,228,94,250,321.77,0.9721,0.6638,0.314035,62,43,67,319.13,0.3473,0.2215,0.031572,4.463
61505,520,467,987,222,42,65,20.94,0.9297,0.5202,0.175699,11,1,18,312.81,0.8066,0.0385,0.001365,4.394
61512,520,464,984,225,25,96,9.15,0.9533,0.5233,0.175502,3,9,19,253.76,0.5238,0.0507,0.002617,4.286
61523,520,439,959,199,44,229,320.24,0.9380,0.5550,0.196022,20,7,53,288.64,0.8288,0.0876,0.005577,4.427
61525,520,426,946,194,53,232,317.80,0.9203,0.5562,0.198431,13,5,77,273.65,0.9736,0.1059,0.007299,4.336
61527,520,458,978,144,82,244,296.28,0.9072,0.5306,0.184957,7,10,21,270.41,0.3848,0.0573,0.003164,4.419
61531,520,379,899,226,4,245,323.98,0.9983,0.5969,0.228504,16,40,49,224.96,0.5123,0.1587,0.018494,4.066
61534,520,451,971,238,24,57,22.40,0.9805,0.5421,0.191291,36,1,0,30.97,1.0000,0.0708,0.003968,4.471
61545,520,363,883,233,10,238,327.19,0.9958,0.6050,0.237163,56,31,14,53.43,0.5797,0.1653,0.018525,4.191
61547,520,411,931,228,63,128,1.35,0.8348,0.5670,0.216102,21,17,72,278.37,0.8267,0.1236,0.010282,4.414
61557,520,416,936,235,30,152,351.69,0.9488,0.5657,0.208607,2,28,50,247.04,0.8523,0.1175,0.010736,4.258
61558,520,407,927,176,79,252,306.16,0.9722,0.5732,0.218510,32,12,75,289.92,0.8424,0.1301,0.010780,4.418
61562,520,333,853,252,21,229,333.57,0.9925,0.6351,0.268921,30,44,76,265.04,0.4961,0.1962,0.025991,4.197
61588,520,324,844,254,63,211,338.96,0.9936,0.6508,0.293322,14,51,81,246.97,0.7259,0.2109,0.030549,4.262
61614,520,458,978,185,46,223,317.54,0.9151,0.5294,0.175972,21,4,19,331.87,0.6244,0.0582,0.002933,4.269
61627,520,186,706,241,163,238,328.03,0.9006,0.7852,0.510698,52,90,12,133.02,0.9597,0.3339,0.080687,4.290
61637,520,445,965,227,58,34,31.31,0.9461,0.5404,0.194754,3,14,43,262.89,0.8471,0.0776,0.005078,4.444
61649,520,393,913,244,71,53,29.85,0.9466,0.5892,0.239999,12,38,32,176.00,0.6046,0.1426,0.015686,4.415
61706,520,465,985,221,15,131,355.38,0.9664,0.5234,0.173551,24,1,16,342.45,0.8064,0.0547,0.002533,4.255
61713,520,422,942,230,69,29,34.39,0.9537,0.5578,0.211708,22,26,24,164.22,0.0934,0.1106,0.009753,4.380
61738,520,436,956,211,26,204,330.13,0.9589,0.5477,0.189494,19,21,1,114.24,0.8976,0.0881,0.006770,4.219
61739,520,447,967,241,8,35,26.17,0.9960,0.5412,0.189992,6,21,4,140.50,0.8749,0.0787,0.005838,4.298
61743,520,476,996,225,9,32,26.24,0.9939,0.5066,0.163101,0,0,20,264.05,1.0000,0.0236,0.000505,4.219
61748,520,445,965,219,11,179,339.19,0.9813,0.5420,0.185565,11,12,45,276.28,0.7317,0.0808,0.005235,4.265
61752,520,404,924,226,62,167,346.03,0.8479,0.5784,0.224065,39,23,41,322.84,0.3911,0.1308,0.012043,4.417
61755,520,417,937,202,44,245,317.35,0.9578,0.5721,0.209520,47,15,15,22.38,0.6045,0.1177,0.009806,4.339
61778,520,466,986,213,49,99,8.49,0.8502,0.5157,0.172460,4,9,23,263.78,0.5510,0.0538,0.002830,4.211
61787,520,432,952,222,41,162,345.79,0.8979,0.5516,0.197266,8,19,53,266.49,0.7707,0.1003,0.007744,4.282
61793,520,479,999,214,52,54,25.46,0.9057,0.5107,0.170210,0,0,8,264.05,1.0000,0.0143,0.000175,4.389
61805,520,343,863,224,66,247,322.24,0.9647,0.6256,0.264611,1,55,11,145.57,0.9969,0.1913,0.027629,4.053
61818,520,363,883,231,25,240,326.20,0.9872,0.6069,0.239779,59,18,71,317.68,0.7248,0.1728,0.018175,4.251
61824,520,328,848,231,100,212,333.50,0.8508,0.6541,0.308589,25,56,48,174.74,0.5207,0.2134,0.032483,4.347
61828,520,477,997,213,26,118,358.86,0.9227,0.5063,0.161954,0,0,17,264.05,1.0000,0.0212,0.000405,4.205
61833,520,342,862,240,86,162,353.30,0.8471,0.6272,0.277923,63,35,24,42.05,0.4654,0.1877,0.023249,4.477
61834,520,309,829,242,110,141,7.60,0.8079,0.6567,0.319550,68,44,47,11.03,0.2774,0.2232,0.032357,4.487
61837,520,449,969,210,45,169,340.52,0.8647,0.5358,0.184451,16,2,46,290.19,0.9240,0.0681,0.003508,4.382
61856,520,320,840,250,72,211,338.23,0.9683,0.6518,0.296649,62,47,5,87.70,0.8726,0.2132,0.030682,4.296
61874,520,365,885,185,106,227,312.52,0.7750,0.6067,0.261693,23,43,43,195.74,0.3579,0.1692,0.020843,4.400
61882,520,352,872,229,61,235,326.54,0.9441,0.6212,0.259959,33,29,100,278.18,0.8081,0.1853,0.021221,4.352
61899,520,436,956,244,1,25,27.35,0.9996,0.5455,0.193285,35,6,35,327.82,0.7139,0.0915,0.006090,4.337
61902,520,410,930,198,95,151,348.33,0.6129,0.5665,0.224262,50,12,42,336.99,0.6748,0.1296,0.011083,4.490
61905,520,462,982,227,0,121,359.76,1.0000,0.5283,0.177142,3,6,22,268.43,0.6508,0.0455,0.002075,4.362
61936,520,458,978,188,54,203,323.51,0.8553,0.5263,0.176429,17,6,29,303.88,0.6399,0.0630,0.003381,4.242
61978,520,398,918,198,56,254,313.86,0.9940,0.5820,0.219912,59,12,10,26.80,0.8138,0.1354,0.012148,4.343
61981,520,411,931,193,65,234,316.53,0.8982,0.5674,0.210598,60,0,1,28.03,1.0000,0.1211,0.009630,4.370
61994,520,409,929,220,87,54,35.07,0.8501,0.5653,0.223008,16,31,44,245.95,0.4253,0.1295,0.012719,4.353
62010,520,431,951,211,85,93,19.30,0.7200,0.5533,0.211384,3,27,29,202.47,0.7792,0.1027,0.008919,4.436
62013,520,311,831,231,111,180,346.67,0.7537,0.6552,0.316554,70,45,18,65.69,0.6227,0.2212,0.032227,4.458
62016,520,326,846,241,80,226,331.87,0.9341,0.6532,0.299317,57,49,5,98.37,0.8779,0.2120,0.030775,4.325
62024,520,383,903,229,43,215,331.75,0.9516,0.5953,0.232945,15,35,60,255.03,0.5940,0.1505,0.016298,4.268
62060,520,364,884,246,10,206,337.96,0.9946,0.6079,0.242693,45,39,18,93.89,0.4745,0.1706,0.020526,4.150
62077,520,401,921,204,52,242,318.36,0.9437,0.5787,0.217057,7,15,96,267.15,0.9707,0.1405,0.012313,4.286
62106,520,419,939,225,49,151,350.70,0.8735,0.5579,0.204411,14,4,79,274.13,0.9793,0.1077,0.007447,4.429
62110,520,432,952,212,91,13,45.43,0.9618,0.5541,0.215105,2,29,8,148.77,0.9709,0.1018,0.009091,4.486
62118,520,435,955,193,69,199,325.91,0.8049,0.5475,0.197187,31,10,36,319.59,0.6149,0.0923,0.006358,4.386
62129,520,302,822,240,89,244,326.75,0.9565,0.6722,0.322041,29,49,98,265.07,0.6563,0.2258,0.033395,4.461
62142,520,381,901,231,80,154,353.71,0.8010,0.6011,0.250620,48,33,22,57.23,0.3486,0.1596,0.017741,4.438
62143,520,463,983,171,58,231,310.63,0.8933,0.5252,0.174544,13,4,15,321.10,0.5174,0.0466,0.002069,4.312
62151,520,409,929,241,37,132,359.97,0.9406,0.5731,0.216930,17,23,68,272.24,0.7584,0.1284,0.011493,4.341
62154,520,366,886,248,66,126,5.97,0.9301,0.6068,0.253626,17,34,87,266.38,0.8085,0.1717,0.019512,4.368
62162,520,464,984,212,60,59,25.59,0.8735,0.5158,0.175469,2,9,8,186.58,0.5274,0.0454,0.002258,4.315
62169,520,420,940,242,31,94,12.58,0.9625,0.5606,0.206687,21,26,10,123.22,0.4809,0.1058,0.009201,4.336
62170,520,444,964,187,84,163,337.28,0.6551,0.5375,0.195512,29,6,32,323.02,0.6822,0.0804,0.004958,4.467
62179,520,347,867,228,87,201,335.99,0.8367,0.6265,0.275297,7,45,73,245.70,0.7978,0.1852,0.024029,4.394
62212,520,449,969,175,49,254,307.42,0.9939,0.5425,0.184672,25,1,35,314.86,0.8970,0.0676,0.003498,4.387
62219,520,376,896,249,16,180,345.75,0.9884,0.6009,0.238089,33,37,51,272.11,0.2410,0.1638,0.018855,4.184
62220,520,356,876,235,41,236,327.98,0.9733,0.6181,0.253067,19,47,48,198.51,0.5101,0.1815,0.023848,4.104
62224,520,400,920,217,9,242,322.43,0.9953,0.5803,0.213599,20,22,76,274.62,0.8105,0.1363,0.012443,4.221
62227,520,465,985,163,77,211,311.23,0.7787,0.5213,0.177981,4,10,4,144.33,0.5016,0.0482,0.002517,4.341
62249,520,309,829,242,91,216,335.15,0.9214,0.6618,0.313199,82,34,38,16.88,0.5532,0.2222,0.030781,4.496
62256,520,445,965,235,22,58,21.84,0.9811,0.5351,0.185447,11,22,4,133.46,0.7760,0.0850,0.006537,4.164
62261,520,283,803,238,112,221,332.82,0.8931,0.6864,0.349882,71,51,54,8.71,0.2140,0.2469,0.039737,4.456
62263,520,472,992,226,42,38,27.94,0.9550,0.5249,0.179675,16,0,1,19.79,1.0000,0.0343,0.001124,4.493
62277,520,394,914,240,33,171,346.80,0.9553,0.5855,0.225563,65,7,17,17.26,0.8565,0.1436,0.013164,4.363
62278,520,460,980,191,7,234,317.44,0.9936,0.5300,0.171702,10,4,40,283.26,0.8582,0.0608,0.003046,4.179
62286,520,475,995,187,62,188,327.54,0.7967,0.5229,0.176423,0,4,12,247.90,1.0000,0.0316,0.001134,4.428
62292,520,314,834,253,98,149,3.02,0.9606,0.6601,0.317912,0,49,104,255.71,0.9999,0.2198,0.031959,4.489
62299,520,336,856,201,117,223,319.04,0.7499,0.6437,0.304690,16,55,26,149.04,0.8868,0.1989,0.029170,4.480
62314,520,471,991,210,62,88,14.95,0.8084,0.5200,0.178538,5,1,25,286.22,0.9094,0.0369,0.001242,4.460
62324,520,456,976,196,32,217,322.60,0.9475,0.5337,0.177801,14,8,19,308.85,0.3763,0.0583,0.003140,4.287
62340,520,470,990,162,45,255,303.42,1.0000,0.5220,0.167787,4,5,10,272.60,0.2849,0.0380,0.001563,4.224
62343,520,441,961,229,56,17,33.17,0.9786,0.5414,0.195298,38,10,9,24.72,0.6372,0.0922,0.006489,4.342
62349,520,435,955,221,57,135,356.44,0.8317,0.5506,0.200502,8,20,41,260.64,0.6019,0.0933,0.007120,4.386
62352,520,302,822,229,110,221,330.00,0.8500,0.6703,0.330323,31,61,31,143.97,0.6872,0.2281,0.037276,4.358
62354,520,477,997,226,0,81,13.33,1.0000,0.5143,0.167657,1,2,4,255.89,0.3738,0.0225,0.000586,4.303
62370,520,400,920,240,10,168,347.30,0.9895,0.5764,0.215726,9,39,1,138.93,0.9921,0.1373,0.015113,4.081
62392,520,468,988,172,34,247,308.57,0.9649,0.5215,0.166310,2,3,28,270.78,0.9091,0.0413,0.001619,4.191
62410,520,387,907,252,6,140,358.30,0.9952,0.5874,0.227227,28,28,72,279.10,0.6422,0.1517,0.015452,4.236
62424,520,388,908,252,10,135,359.95,0.9921,0.5864,0.226654,10,9,108,268.02,0.9866,0.1511,0.013425,4.362
62443,520,444,964,154,82,242,300.26,0.8936,0.5409,0.193157,8,17,24,242.33,0.3554,0.0757,0.005185,4.406
62453,520,445,965,176,48,253,307.97,0.9883,0.5422,0.184367,8,0,64,273.19,1.0000,0.0782,0.004218,4.323
62480,520,431,951,238,47,34,29.36,0.9605,0.5530,0.203289,17,19,38,277.68,0.4314,0.0952,0.007248,4.424
62485,520,325,845,255,36,229,334.25,1.0000,0.6459,0.281821,83,30,10,39.67,0.8159,0.2114,0.027898,4.260
62525,520,417,937,241,15,135,358.05,0.9820,0.5653,0.207949,43,9,56,314.84,0.7700,0.1236,0.009945,4.303
62581,520,362,882,247,73,131,4.92,0.9140,0.6136,0.261812,41,40,49,290.40,0.1415,0.1791,0.022107,4.324
62586,520,410,930,195,94,174,335.86,0.6508,0.5709,0.226650,13,28,60,263.35,0.6698,0.1307,0.012423,4.432
62596,520,384,904,254,32,91,14.94,0.9933,0.5850,0.228629,7,21,94,266.44,0.9512,0.1476,0.013896,4.361
62633,520,315,835,225,102,231,325.73,0.8792,0.6585,0.312817,1,54,92,247.04,0.9696,0.2239,0.034173,4.310
62635,520,442,962,219,67,41,32.20,0.9120,0.5352,0.192370,12,9,50,278.37,0.8283,0.0808,0.005038,4.404
62637,520,443,963,238,14,56,22.10,0.9903,0.5386,0.187800,6,19,23,219.09,0.4548,0.0791,0.005663,4.272
62641,520,437,957,227,64,28,33.54,0.9550,0.5462,0.200844,12,21,23,212.95,0.2454,0.0884,0.006763,4.419
62648,520,322,842,254,51,219,336.63,0.9947,0.6465,0.285562,93,15,27,18.35,0.8530,0.2149,0.027483,4.331
62671,520,465,985,221,42,67,20.24,0.9261,0.5185,0.174360,12,6,10,338.00,0.2678,0.0483,0.002303,4.290
62673,520,409,929,227,37,175,342.68,0.9284,0.5651,0.207518,45,10,58,315.17,0.7651,0.1296,0.010805,4.235
62676,520,475,995,154,75,233,302.86,0.8623,0.5236,0.177858,2,4,8,255.89,0.3739,0.0323,0.001173,4.453
62691,520,466,986,209,61,83,16.70,0.8164,0.5157,0.175196,20,1,21,326.38,0.8162,0.0513,0.002246,4.310
62695,520,455,975,177,30,248,309.98,0.9721,0.5277,0.170539,6,10,24,268.66,0.4832,0.0581,0.003217,4.144
62738,520,469,989,185,55,201,323.10,0.8446,0.5210,0.172650,7,7,2,108.61,0.4754,0.0432,0.002015,4.280
62744,520,458,978,168,83,204,314.58,0.7372,0.5321,0.188718,22,7,4,36.59,0.5313,0.0605,0.003313,4.478
62747,520,372,892,215,94,192,335.45,0.7523,0.6107,0.262601,8,42,65,242.95,0.7542,0.1711,0.020891,4.410
62757,520,344,864,237,77,206,336.60,0.8943,0.6323,0.277711,70,28,41,2.54,0.5355,0.1906,0.022929,4.494
62758,520,382,902,246,75,82,22.80,0.9357,0.6017,0.252375,30,34,61,275.94,0.4320,0.1593,0.017570,4.475
62774,520,379,899,229,3,243,325.14,0.9988,0.6004,0.231966,18,17,108,270.85,0.9613,0.1644,0.016121,4.264
62778,520,471,991,173,11,251,308.57,0.9925,0.5174,0.160895,10,1,15,316.02,0.7788,0.0358,0.001207,4.118
62779,520,272,792,201,138,255,307.53,1.0000,0.6997,0.378152,56,65,42,125.68,0.3404,0.2636,0.047885,4.374
62794,520,453,973,193,84,130,356.09,0.6318,0.5325,0.192914,30,4,26,334.18,0.7148,0.0749,0.004375,4.467
62800,520,439,959,160,90,227,304.63,0.7993,0.5487,0.203324,45,2,15,7.23,0.8687,0.0944,0.006359,4.495
62819,520,385,905,248,18,152,354.01,0.9829,0.5868,0.226595,62,10,37,353.34,0.7460,0.1474,0.013750,4.339
62837,520,395,915,221,38,225,327.21,0.9608,0.5851,0.221968,40,31,14,82.24,0.4671,0.1418,0.014628,4.208
62839,520,415,935,241,31,123,2.70,0.9544,0.5669,0.211140,20,5,85,277.21,0.9709,0.1214,0.009131,4.416
62841,520,284,804,219,123,240,320.21,0.8803,0.6872,0.355187,16,56,114,258.43,0.8356,0.2518,0.041532,4.427
62857,520,454,974,230,20,93,10.64,0.9706,0.5309,0.181166,22,7,23,324.95,0.5338,0.0674,0.003844,4.293
62864,520,468,988,196,30,202,326.57,0.9355,0.5217,0.169302,12,5,0,74.33,1.0000,0.0424,0.001867,4.228
62869,520,428,948,236,22,137,356.62,0.9660,0.5582,0.202159,34,6,48,311.88,0.7855,0.0993,0.006838,4.436
62915,520,478,998,190,38,190,328.16,0.8869,0.5078,0.160526,1,2,4,255.89,0.3738,0.0225,0.000586,4.162
62937,520,119,639,249,202,208,9.61,0.7298,0.8620,0.669362,17,108,47,148.82,0.9772,0.3831,0.110491,4.482
62950,520,446,966,200,1,235,319.70,0.9992,0.5445,0.183008,4,4,62,268.75,0.9797,0.0797,0.004604,4.267
62983,520,335,855,253,6,238,331.68,0.9984,0.6395,0.271891,72,36,8,54.10,0.7765,0.2025,0.026572,4.204
62990,520,443,963,175,63,232,311.40,0.8854,0.5370,0.184961,25,12,7,42.93,0.4133,0.0752,0.004850,4.284
63030,520,407,927,213,93,94,21.96,0.6985,0.5693,0.227852,18,33,29,175.64,0.3353,0.1295,0.013050,4.407
63033,520,462,982,217,63,31,33.28,0.9374,0.5257,0.184082,8,5,28,285.41,0.6957,0.0517,0.002440,4.464
63035,520,365,885,238,53,208,335.89,0.9398,0.6135,0.252802,64,22,52,340.08,0.6082,0.1747,0.019119,4.381
63087,520,400,920,247,55,52,27.19,0.9641,0.5794,0.227579,9,37,32,179.48,0.6734,0.1381,0.014854,4.280
63093,520,441,961,229,17,140,354.03,0.9695,0.5438,0.189552,20,12,41,292.68,0.6203,0.0855,0.005718,4.299
63103,520,438,958,202,62,186,332.92,0.8164,0.5466,0.195488,5,24,28,212.91,0.6122,0.0946,0.007693,4.255
63121,520,199,719,247,174,51,75.18,0.9255,0.7689,0.502876,5,91,38,149.38,0.9915,0.3220,0.076540,4.369
63123,520,412,932,151,98,254,294.92,0.9844,0.5719,0.224705,10,32,24,167.21,0.5991,0.1198,0.011635,4.457
63127,520,398,918,254,36,67,21.81,0.9947,0.5826,0.227416,38,20,65,298.55,0.6692,0.1403,0.012940,4.408
63137,520,406,926,243,69,11,35.48,0.9896,0.5822,0.233384,27,33,21,129.65,0.2965,0.1343,0.013749,4.445
63140,520,390,910,224,78,163,348.19,0.7882,0.5904,0.239428,42,26,62,302.45,0.5475,0.1545,0.015789,4.399
63157,520,346,866,240,73,192,341.61,0.8957,0.6260,0.270989,65,31,47,351.61,0.4557,0.1901,0.023092,4.392
63173,520,378,898,246,78,29,35.58,0.9673,0.5990,0.251337,22,44,1,132.93,0.9876,0.1612,0.019741,4.321
63200,520,401,921,206,78,192,332.28,0.7839,0.5750,0.223781,2,34,64,250.55,0.8971,0.1449,0.015270,4.195
63225,520,409,929,218,10,226,326.38,0.9927,0.5704,0.206156,10,3,98,269.04,0.9941,0.1302,0.010114,4.261
63235,520,432,952,227,33,141,353.82,0.9249,0.5469,0.193444,6,18,60,266.17,0.8749,0.1034,0.007975,4.199
63253,520,440,960,188,24,252,312.44,0.9863,0.5454,0.183741,39,11,6,33.00,0.6864,0.0949,0.006839,4.112
63264,520,415,935,249,34,22,29.43,0.9834,0.5667,0.213454,9,3,93,269.04,0.9934,0.1226,0.009134,4.455
63266,520,460,980,213,70,35,34.62,0.9135,0.5268,0.186502,6,9,30,272.65,0.6347,0.0598,0.003278,4.439
63267,520,436,956,200,0,243,317.91,1.0000,0.5508,0.187520,35,14,2,52.96,0.7804,0.0926,0.006758,4.185
63269,520,457,977,227,41,86,14.34,0.9218,0.5340,0.185915,14,11,9,56.23,0.1181,0.0608,0.003524,4.408
63282,520,471,991,181,39,222,316.80,0.9290,0.5171,0.165499,4,5,23,275.27,0.6701,0.0446,0.001962,4.147
63295,520,434,954,223,48,151,350.17,0.8715,0.5534,0.200388,23,24,13,112.44,0.3176,0.1028,0.008645,4.270
63305,520,355,875,234,108,35,45.83,0.9264,0.6210,0.283416,11,52,0,139.57,1.0000,0.1828,0.025270,4.430
63309,520,444,964,199,35,221,322.39,0.9471,0.5433,0.185663,33,6,11,11.25,0.6541,0.0774,0.004778,4.302
63322,520,463,983,234,13,45,24.29,0.9914,0.5283,0.179729,3,8,17,254.60,0.4869,0.0475,0.002335,4.390
63323,520,413,933,254,12,31,27.16,0.9964,0.5697,0.214365,33,28,11,93.44,0.4858,0.1244,0.011780,4.279
63350,520,436,956,228,16,150,350.45,0.9716,0.5458,0.190693,15,20,35,269.29,0.3787,0.0941,0.007232,4.206
63362,520,425,945,199,84,162,341.91,0.6860,0.5562,0.210931,15,12,74,274.43,0.9205,0.1132,0.008589,4.454
63368,520,264,784,238,141,149,15.01,0.7081,0.7065,0.393991,23,69,70,197.19,0.6548,0.2633,0.048804,4.494
63407,520,439,959,213,21,209,329.34,0.9729,0.5527,0.192880,10,6,61,274.47,0.9438,0.0860,0.005317,4.391
63416,520,451,971,233,43,14,31.29,0.9859,0.5385,0.190862,18,13,18,326.14,0.1859,0.0722,0.004601,4.411
63429,520,433,953,171,65,247,306.66,0.9469,0.5459,0.191546,15,15,61,275.82,0.8160,0.1041,0.007801,4.179
63432,520,465,985,222,36,92,11.02,0.9209,0.5220,0.175668,25,0,15,345.16,1.0000,0.0536,0.002412,4.306
63438,520,478,998,204,58,104,6.21,0.7880,0.5086,0.168651,4,0,12,302.69,1.0000,0.0238,0.000524,4.328
63443,520,398,918,255,30,32,27.99,1.0000,0.5779,0.222967,7,38,40,201.19,0.7197,0.1438,0.015845,4.146
63444,520,458,978,227,42,29,29.50,0.9619,0.5262,0.180784,15,0,43,292.27,1.0000,0.0602,0.002760,4.374
63449,520,464,984,225,23,67,18.66,0.9707,0.5158,0.170285,22,2,11,351.74,0.7209,0.0519,0.002382,4.205
63479,520,391,911,253,15,146,356.77,0.9883,0.5935,0.233032,45,31,30,23.37,0.2186,0.1528,0.016316,4.268
63499,520,341,861,236,82,200,338.35,0.8760,0.6330,0.280401,16,52,49,187.65,0.6509,0.1964,0.027878,4.243
63511,520,443,963,168,96,177,322.99,0.5850,0.5367,0.198657,30,13,1,60.56,0.8390,0.0827,0.005661,4.467
63546,520,364,884,253,33,159,353.23,0.9834,0.6050,0.244771,70,14,30,8.04,0.7439,0.1655,0.017101,4.393
63549,520,470,990,213,64,14,36.13,0.9726,0.5181,0.178471,14,2,19,316.93,0.7278,0.0449,0.001838,4.407
63553,520,473,993,231,0,79,14.58,1.0000,0.5245,0.175565,2,0,26,275.09,1.0000,0.0315,0.000875,4.434
63583,520,468,988,182,77,164,334.67,0.6801,0.5198,0.179345,8,1,28,291.81,0.9083,0.0423,0.001572,4.447
63602,520,398,918,243,68,3,35.76,0.9971,0.5809,0.231988,22,35,23,146.52,0.3795,0.1365,0.014345,4.382
63640,520,401,921,229,56,176,343.42,0.8822,0.5827,0.226235,44,19,52,317.40,0.5899,0.1369,0.012492,4.420
63649,520,470,990,177,21,239,312.13,0.9790,0.5157,0.161165,2,5,24,267.41,0.7919,0.0433,0.001874,4.071
63662,520,444,964,185,40,240,313.75,0.9516,0.5388,0.181243,12,15,34,274.89,0.4882,0.0795,0.005353,4.178
63674,520,377,897,210,93,183,337.27,0.7197,0.5969,0.249510,9,45,24,153.93,0.8892,0.1618,0.020007,4.278
63683,520,452,972,213,73,21,37.88,0.9506,0.5297,0.189677,0,16,25,230.57,1.0000,0.0678,0.004407,4.405
63685,520,451,971,210,49,173,339.28,0.8557,0.5411,0.189175,5,13,30,261.91,0.5915,0.0674,0.004138,4.418
63694,520,445,965,198,28,227,320.76,0.9657,0.5427,0.183839,11,20,22,212.98,0.2543,0.0847,0.006294,4.154
63707,520,429,949,229,56,90,15.19,0.8833,0.5511,0.202274,1,14,63,263.66,0.9723,0.0956,0.006794,4.442
63717,520,402,922,197,72,228,318.94,0.8737,0.5767,0.221079,8,17,87,267.74,0.9523,0.1326,0.011406,4.415
63733,520,411,931,179,67,255,307.41,1.0000,0.5658,0.208188,5,23,62,262.38,0.8667,0.1160,0.009928,4.308
63740,520,437,957,242,23,55,23.03,0.9838,0.5498,0.197693,15,22,14,141.54,0.2970,0.0903,0.007071,4.340
63767,520,388,908,229,13,226,329.05,0.9923,0.5903,0.224393,30,35,32,159.36,0.1014,0.1465,0.015824,4.169
63803,520,373,893,248,30,170,348.74,0.9692,0.5989,0.237906,56,23,55,328.49,0.5725,0.1645,0.017295,4.278
63813,520,375,895,228,9,245,324.44,0.9964,0.6012,0.232842,16,39,55,241.18,0.5399,0.1592,0.018370,4.137
63831,520,453,973,231,38,2,31.56,0.9979,0.5305,0.183826,17,3,41,294.77,0.8580,0.0663,0.003444,4.375
63833,520,13,533,251,255,212,111.74,1.0000,0.9839,0.967828,2,135,65,151.21,0.9982,0.4735,0.177217,4.480
63836,520,399,919,255,3,105,9.67,1.0000,0.5819,0.223488,54,18,39,346.79,0.5831,0.1440,0.013635,4.298
63849,520,424,944,235,57,46,28.70,0.9367,0.5565,0.207888,19,16,58,280.35,0.7363,0.1063,0.008145,4.435
63852,520,421,941,232,52,117,5.00,0.8834,0.5609,0.208990,11,21,53,267.49,0.6956,0.1066,0.008645,4.416
63863,520,398,918,190,74,243,312.99,0.9230,0.5796,0.223169,19,9,100,273.12,0.9736,0.1450,0.012538,4.368
63878,520,409,929,238,20,162,348.86,0.9743,0.5722,0.212891,44,21,28,1.04,0.4020,0.1280,0.011557,4.271
63880,520,14,534,253,255,180,109.31,1.0000,0.9781,0.956983,38,135,5,140.32,0.9968,0.4738,0.177503,4.426
63881,520,461,981,237,8,28,27.09,0.9959,0.5321,0.182653,6,4,27,282.40,0.7470,0.0469,0.002047,4.470
63890,520,475,995,227,25,19,28.99,0.9825,0.5155,0.170761,0,3,17,259.28,1.0000,0.0313,0.001056,4.324
63895,520,444,964,157,83,235,302.64,0.8537,0.5404,0.193532,22,7,39,301.93,0.7133,0.0776,0.004690,4.453
63908,520,415,935,250,21,78,17.63,0.9853,0.5696,0.214140,49,15,25,4.33,0.5848,0.1243,0.010649,4.355
63917,520,477,997,145,53,255,297.50,1.0000,0.5064,0.157862,5,0,11,309.75,1.0000,0.0246,0.000564,4.111
63918,520,228,748,248,130,240,329.81,0.9650,0.7379,0.422153,39,80,27,139.20,0.8889,0.2947,0.062476,4.198
63939,520,462,982,217,27,161,344.51,0.9324,0.5338,0.181112,12,7,0,88.51,1.0000,0.0473,0.002301,4.419
63978,520,199,719,247,173,69,71.84,0.8923,0.7683,0.500932,1,92,23,145.43,0.9989,0.3226,0.077223,4.330
63985,520,480,1000,191,69,138,348.83,0.7061,0.5110,0.171692,0,0,0,0.00,0.0000,0.0000,0.000000,4.434
63989,520,272,792,255,95,242,331.14,1.0000,0.7012,0.358581,43,68,4,129.83,0.9703,0.2557,0.046565,4.231
63997,520,345,865,251,87,98,20.41,0.9577,0.6285,0.282108,36,45,54,248.54,0.1934,0.1905,0.025181,4.417
64000,520,373,893,213,73,229,323.46,0.8954,0.6031,0.245701,61,20,34,1.48,0.5935,0.1577,0.016081,4.475
64001,520,340,860,223,82,245,321.99,0.9499,0.6389,0.283170,49,49,0,109.77,1.0000,0.2017,0.028496,4.244
64016,520,429,949,160,93,223,305.14,0.7726,0.5506,0.206305,17,10,64,279.23,0.8781,0.1006,0.007064,4.492
64023,520,380,900,218,93,170,345.16,0.7221,0.6034,0.256385,49,34,19,65.45,0.4251,0.1629,0.018441,4.477
64041,520,476,996,167,88,156,332.56,0.5670,0.5099,0.175962,0,1,7,260.32,1.0000,0.0186,0.000370,4.486
64046,520,467,987,219,51,38,29.34,0.9335,0.5179,0.175703,14,0,10,337.18,1.0000,0.0353,0.001153,4.412
64052,520,402,922,212,20,246,320.20,0.9885,0.5776,0.211530,35,23,41,313.99,0.3725,0.1255,0.011302,4.266
64053,520,359,879,247,70,155,355.67,0.9182,0.6189,0.265242,4,35,100,262.18,0.9556,0.1821,0.021478,4.410
64054,520,433,953,235,3,132,357.64,0.9956,0.5494,0.193963,29,22,1,92.66,0.9073,0.1019,0.008372,4.179
64083,520,358,878,212,77,249,318.09,0.9644,0.6195,0.261460,9,42,71,249.15,0.7559,0.1757,0.021688,4.345
64098,520,386,906,199,76,235,317.60,0.8919,0.5892,0.233105,4,42,15,149.05,0.9679,0.1476,0.017162,4.215
64109,520,296,816,216,144,127,33.89,0.5204,0.6762,0.360794,2,68,8,143.74,0.9966,0.2373,0.041645,4.482
64112,520,409,929,251,11,95,12.40,0.9923,0.5726,0.215785,44,24,9,55.95,0.5854,0.1294,0.012085,4.281
64117,520,425,945,191,78,213,320.77,0.8094,0.5646,0.213305,22,20,51,283.07,0.5735,0.1112,0.009099,4.455
64135,520,410,930,225,81,94,18.64,0.7932,0.5728,0.227032,8,34,36,202.22,0.6346,0.1299,0.013230,4.381
64142,520,413,933,241,47,99,12.24,0.9275,0.5696,0.216379,46,11,46,327.75,0.6949,0.1237,0.010175,4.427
64178,520,439,959,243,23,38,26.43,0.9867,0.5501,0.198109,38,1,33,334.21,0.8742,0.0874,0.005436,4.476
64180,520,464,984,184,16,231,316.05,0.9828,0.5182,0.163317,13,5,20,308.41,0.5444,0.0513,0.002446,4.067
64186,520,418,938,204,63,207,327.06,0.8585,0.5639,0.208991,58,1,20,7.67,0.9494,0.1220,0.009719,4.337
64193,520,479,999,210,55,53,26.27,0.8924,0.5055,0.166934,0,0,6,264.05,1.0000,0.0126,0.000131,4.327
64216,520,453,973,231,1,83,13.35,0.9988,0.5256,0.176382,2,12,39,261.97,0.8693,0.0694,0.004223,4.175
64219,520,379,899,255,57,56,26.76,1.0000,0.5976,0.244755,19,44,8,137.58,0.9216,0.1603,0.019573,4.237
64251,520,282,802,248,101,226,333.90,0.9595,0.6890,0.347575,3,56,111,254.57,0.9517,0.2457,0.039952,4.420
64257,520,409,929,250,18,73,18.84,0.9886,0.5678,0.212413,40,18,49,315.24,0.5776,0.1272,0.011055,4.298
64258,520,367,887,236,50,219,332.43,0.9516,0.6145,0.252312,44,7,106,289.14,0.9500,0.1747,0.017280,4.493
64260,520,381,901,236,21,226,330.69,0.9881,0.6048,0.238628,69,14,17,22.17,0.8003,0.1600,0.016200,4.360
64267,520,387,907,208,88,188,334.50,0.7444,0.5893,0.240220,27,38,24,139.04,0.3595,0.1501,0.016852,4.341
64270,520,424,944,238,31,122,2.52,0.9500,0.5606,0.205654,49,10,18,11.93,0.6965,0.1147,0.009138,4.323
64297,520,472,992,192,57,181,331.48,0.8079,0.5215,0.174705,5,3,4,345.07,0.1830,0.0311,0.001062,4.401
64302,520,317,837,224,121,170,351.36,0.6582,0.6573,0.324263,44,57,4,123.14,0.9365,0.2214,0.034705,4.418
64303,520,478,998,192,77,92,15.15,0.6759,0.5076,0.172887,3,0,6,311.99,1.0000,0.0187,0.000325,4.429
64308,520,430,950,215,67,129,358.83,0.7796,0.5477,0.200487,33,4,56,304.66,0.8693,0.1019,0.006957,4.398
64316,520,411,931,254,17,37,26.53,0.9962,0.5714,0.216091,34,27,10,87.49,0.5086,0.1228,0.011459,4.330
64323,520,362,882,242,88,61,32.24,0.9196,0.6073,0.261967,48,36,57,310.02,0.3297,0.1813,0.021856,4.342
64325,520,453,973,216,44,137,353.45,0.8624,0.5309,0.182088,11,17,7,132.92,0.4202,0.0720,0.004874,4.229
64337,520,409,929,244,50,34,29.74,0.9644,0.5676,0.216332,51,19,18,23.67,0.5623,0.1327,0.012133,4.286
64353,520,279,799,214,124,250,315.52,0.9451,0.6882,0.356148,30,69,35,146.50,0.7834,0.2547,0.046535,4.207
64362,520,375,895,225,97,100,21.20,0.7498,0.5973,0.254795,6,37,70,253.23,0.8105,0.1597,0.018040,4.480
64381,520,421,941,192,101,132,359.54,0.5363,0.5600,0.221812,4,31,18,159.41,0.8810,0.1117,0.010494,4.493
64390,520,419,939,246,11,57,22.23,0.9939,0.5550,0.201311,49,5,15,12.19,0.8064,0.1069,0.007961,4.336
64395,520,443,963,226,18,145,351.71,0.9647,0.5403,0.186484,35,9,0,46.86,1.0000,0.0833,0.005528,4.259
64396,520,421,941,222,23,195,335.39,0.9675,0.5606,0.200849,16,22,44,270.60,0.4885,0.1056,0.008658,4.276
64405,520,437,957,223,10,187,337.83,0.9863,0.5540,0.194954,15,19,32,270.55,0.3374,0.0900,0.006716,4.319
64407,520,426,946,225,31,174,342.38,0.9403,0.5577,0.200461,5,29,17,159.05,0.8166,0.1056,0.009514,4.208
64419,520,460,980,215,65,54,28.40,0.8776,0.5266,0.184965,20,7,12,355.19,0.3992,0.0602,0.003272,4.411
64423,520,327,847,253,32,244,330.29,0.9931,0.6501,0.284504,11,59,39,161.06,0.8932,0.2141,0.033454,4.008
64424,520,337,857,247,105,40,41.87,0.9438,0.6387,0.300337,55,46,16,92.69,0.6231,0.2023,0.028037,4.489
64437,520,382,902,247,50,146,357.15,0.9330,0.5983,0.241340,7,33,80,261.01,0.8751,0.1582,0.017120,4.341
64439,520,341,861,187,126,198,321.29,0.5508,0.6288,0.295646,41,50,25,125.11,0.4758,0.1998,0.028228,4.418
64451,520,391,911,219,101,52,41.58,0.8303,0.5855,0.246177,22,35,60,262.52,0.4860,0.1548,0.016988,4.421
64458,520,428,948,213,16,219,326.81,0.9843,0.5580,0.196332,15,27,10,137.05,0.5936,0.1038,0.009073,4.170
64463,520,350,870,249,4,228,333.14,0.9986,0.6257,0.258311,74,16,64,335.75,0.7406,0.1920,0.021968,4.284
64476,520,456,976,232,22,44,24.91,0.9830,0.5269,0.179146,0,4,49,264.04,1.0046,0.0616,0.003086,4.317
64477,520,374,894,253,49,109,10.62,0.9827,0.5974,0.241870,45,32,37,353.78,0.2042,0.1579,0.017245,4.340
64486,520,464,984,171,59,228,311.26,0.8842,0.5238,0.173881,0,10,21,241.81,1.0000,0.0513,0.002712,4.247
64504,520,396,916,242,19,154,352.20,0.9778,0.5761,0.216793,52,24,11,44.60,0.6158,0.1428,0.014076,4.164
64528,520,465,985,207,61,108,5.50,0.7829,0.5189,0.176878,5,6,22,276.56,0.5786,0.0473,0.002204,4.346
64529,520,468,988,198,55,171,336.70,0.8095,0.5240,0.176802,4,1,25,282.69,0.9224,0.0358,0.001177,4.432
64547,520,470,990,222,15,121,359.15,0.9680,0.5215,0.172544,7,6,10,297.70,0.1944,0.0436,0.001973,4.282
64548,520,422,942,236,32,141,355.66,0.9439,0.5641,0.207920,4,25,46,250.27,0.7519,0.1074,0.009183,4.358
64590,520,413,933,253,11,56,22.84,0.9950,0.5698,0.214113,49,11,24,2.71,0.6625,0.1180,0.009584,4.433
64593,520,435,955,222,72,10,37.84,0.9825,0.5451,0.201889,2,26,11,154.29,0.9454,0.0929,0.007758,4.361
64595,520,415,935,213,43,223,325.58,0.9439,0.5731,0.212036,46,15,27,358.03,0.5554,0.1198,0.010017,4.366
64600,520,456,976,226,46,44,27.26,0.9449,0.5285,0.183075,24,5,9,6.90,0.5688,0.0607,0.003225,4.379
64612,520,418,938,190,103,140,354.18,0.5232,0.5636,0.225425,31,29,12,102.55,0.4635,0.1250,0.011966,4.445
64616,520,336,856,252,33,234,332.39,0.9882,0.6424,0.277268,47,15,122,285.51,0.9303,0.2048,0.023511,4.452
64621,520,398,918,252,13,99,11.37,0.9909,0.5761,0.218878,22,13,87,276.96,0.9257,0.1353,0.011465,4.375
64633,520,450,970,188,68,198,324.59,0.7988,0.5378,0.189042,22,5,32,311.18,0.7085,0.0690,0.003834,4.440
64646,520,358,878,254,10,198,341.78,0.9952,0.6184,0.253686,17,30,105,268.36,0.9109,0.1820,0.020675,4.297
64662,520,376,896,191,109,184,330.21,0.5925,0.5953,0.254755,27,42,13,131.87,0.7119,0.1601,0.019180,4.405
64670,520,446,966,240,14,26,27.63,0.9932,0.5398,0.189173,33,6,22,346.67,0.6486,0.0813,0.005116,4.339
64681,520,331,851,246,104,105,22.36,0.8932,0.6447,0.305164,9,58,10,143.18,0.9773,0.2042,0.031060,4.382
64709,520,421,941,228,20,184,339.95,0.9726,0.5643,0.204576,40,0,62,309.09,1.0000,0.1126,0.007990,4.390
64726,520,471,991,165,80,192,317.31,0.7097,0.5152,0.175432,3,8,0,130.75,1.0000,0.0411,0.001930,4.341
64727,520,314,834,251,80,201,341.72,0.9677,0.6564,0.304667,70,38,70,327.03,0.4729,0.2238,0.031306,4.362
64738,520,452,972,221,53,64,22.91,0.9031,0.5272,0.182912,11,14,26,272.63,0.3544,0.0717,0.004598,4.266
64744,520,318,838,197,124,232,313.94,0.7737,0.6560,0.321127,20,60,41,159.95,0.7427,0.2215,0.035404,4.346
64745,520,46,566,222,239,255,246.47,1.0000,0.9352,0.844820,34,125,42,144.33,0.9645,0.4427,0.151739,4.436
64749,520,474,994,188,22,222,319.24,0.9693,0.5195,0.165405,1,4,2,156.90,0.5900,0.0284,0.000977,4.226
64752,520,439,959,217,17,198,333.30,0.9765,0.5514,0.192321,31,6,37,319.45,0.7204,0.0866,0.005552,4.362
64763,520,458,978,218,62,49,29.05,0.8982,0.5283,0.185750,5,3,44,273.91,0.9507,0.0585,0.002792,4.466
64772,520,391,911,245,37,166,349.55,0.9528,0.5947,0.234920,6,42,6,142.99,0.9719,0.1470,0.017077,4.248
64785,520,353,873,247,46,202,339.56,0.9578,0.6215,0.259955,61,24,67,321.88,0.6326,0.1821,0.020507,4.396
64797,520,373,893,240,22,209,335.88,0.9845,0.6016,0.237054,18,27,90,270.15,0.8699,0.1598,0.016506,4.316
64814,520,468,988,185,39,222,318.00,0.9310,0.5236,0.170405,13,3,9,341.04,0.5124,0.0417,0.001704,4.263
64819,520,460,980,226,1,139,353.41,0.9980,0.5336,0.180573,4,9,29,267.15,0.6769,0.0575,0.003099,4.342
64837,520,471,991,200,79,50,34.76,0.8144,0.5167,0.181036,3,3,24,275.67,0.8231,0.0393,0.001504,4.486
64847,520,307,827,228,133,125,25.53,0.6592,0.6706,0.347518,39,62,1,129.37,0.9910,0.2329,0.038787,4.477
64850,520,308,828,198,125,248,309.90,0.8986,0.6686,0.334511,26,54,87,253.85,0.5894,0.2292,0.035459,4.499
64948,520,421,941,220,40,190,336.44,0.9221,0.5623,0.204533,22,27,17,129.59,0.2804,0.1112,0.009949,4.246
64949,520,476,996,224,9,49,22.72,0.9922,0.5063,0.162673,1,1,9,276.31,0.7916,0.0214,0.000479,4.213
64954,520,387,907,249,25,139,358.54,0.9737,0.5860,0.227025,23,16,92,276.09,0.9194,0.1463,0.013254,4.380
64956,520,405,925,191,73,247,312.46,0.9458,0.5829,0.225580,64,0,16,14.19,1.0000,0.1331,0.011276,4.497
64977,520,359,879,213,68,254,317.60,0.9942,0.6154,0.254378,72,24,31,14.18,0.6247,0.1840,0.021301,4.269
64979,520,445,965,237,20,59,21.60,0.9840,0.5387,0.188239,6,15,41,265.78,0.7125,0.0803,0.005404,4.300
64987,520,479,999,171,75,178,324.88,0.7013,0.5078,0.169055,0,0,1,264.05,1.0000,0.0060,0.000022,4.379
64995,520,471,991,212,21,156,344.81,0.9422,0.5191,0.169360,13,0,20,315.25,1.0000,0.0393,0.001361,4.271
64996,520,412,932,247,1,110,6.92,0.9991,0.5663,0.209252,29,27,17,98.15,0.2636,0.1184,0.010856,4.260
65004,520,431,951,239,3,109,6.05,0.9964,0.5498,0.195232,32,14,33,325.19,0.4913,0.0987,0.007310,4.279
65008,520,321,841,254,21,243,330.75,0.9965,0.6475,0.280814,18,53,76,240.88,0.6530,0.2150,0.031965,4.036
65011,520,297,817,242,107,201,340.84,0.8815,0.6754,0.336122,64,53,39,73.34,0.2581,0.2378,0.037828,4.396
65027,520,397,917,228,31,206,333.88,0.9642,0.5815,0.219327,8,27,80,264.70,0.8890,0.1443,0.014146,4.199
65054,520,271,791,227,122,240,323.07,0.9000,0.6963,0.365429,60,52,100,289.28,0.4905,0.2612,0.043367,4.449
65072,520,388,908,253,24,142,358.27,0.9838,0.5947,0.234925,18,9,106,271.74,0.9796,0.1525,0.013645,4.477
65077,520,368,888,249,7,195,341.51,0.9959,0.6069,0.242351,24,47,11,136.04,0.8773,0.1738,0.022513,4.032
65086,520,407,927,248,46,22,30.68,0.9821,0.5720,0.219719,54,14,12,26.25,0.7252,0.1286,0.011250,4.404
65089,520,403,923,228,65,167,346.70,0.8450,0.5849,0.230672,0,28,69,257.39,1.0000,0.1322,0.012601,4.484
65094,520,349,869,253,39,196,342.44,0.9869,0.6253,0.263226,3,36,101,261.64,0.9655,0.1851,0.022205,4.338
65100,520,397,917,236,63,121,5.52,0.8638,0.5797,0.227713,51,20,39,344.48,0.5244,0.1422,0.013507,4.373
65106,520,471,991,187,17,221,319.27,0.9771,0.5153,0.161875,3,4,15,274.56,0.5504,0.0365,0.001407,4.122
65111,520,464,984,214,60,62,24.67,0.8729,0.5202,0.178781,13,7,10,346.11,0.2274,0.0516,0.002594,4.350
65124,520,455,975,233,21,12,29.35,0.9894,0.5263,0.178897,24,1,33,315.72,0.8878,0.0647,0.003257,4.298
65166,520,407,927,213,75,169,342.63,0.7718,0.5708,0.220449,40,19,50,313.78,0.5668,0.1297,0.011472,4.400
65192,520,475,995,163,73,216,310.32,0.8079,0.5195,0.175102,7,2,13,308.10,0.6355,0.0343,0.001176,4.399
65196,520,337,857,239,52,250,325.59,0.9829,0.6409,0.277114,87,12,43,1.79,0.8059,0.2039,0.024639,4.383
65199,520,465,985,184,95,45,47.41,0.7528,0.5157,0.185657,7,8,12,272.54,0.1671,0.0490,0.002454,4.493
65206,520,379,899,196,111,167,341.30,0.5500,0.5979,0.258960,23,44,2,132.54,0.9735,0.1620,0.019879,4.421
65217,520,380,900,217,67,230,324.48,0.9138,0.6039,0.244811,64,13,45,346.27,0.7195,0.1586,0.015675,4.489
65233,520,410,930,209,69,199,330.89,0.8336,0.5734,0.219369,45,22,8,50.55,0.6197,0.1264,0.011493,4.380
65237,520,337,857,250,80,158,356.24,0.9368,0.6360,0.285332,17,38,105,265.89,0.8735,0.1990,0.025252,4.456
65238,520,346,866,238,31,248,326.00,0.9871,0.6266,0.259370,42,45,30,117.27,0.2772,0.1871,0.024627,4.146
65241,520,362,882,251,26,182,345.74,0.9796,0.6088,0.246288,36,46,30,134.09,0.3296,0.1841,0.024228,3.992
65244,520,473,993,170,65,220,312.47,0.8476,0.5226,0.174948,2,4,10,262.03,0.4487,0.0331,0.001216,4.392
65247,520,454,974,139,82,255,292.74,1.0000,0.5346,0.187435,27,4,25,331.17,0.6981,0.0698,0.003901,4.405
65260,520,430,950,192,89,151,345.37,0.6233,0.5474,0.205871,2,22,50,255.89,0.8730,0.1015,0.008170,4.399
65264,520,412,932,215,14,226,325.62,0.9889,0.5660,0.202542,46,12,37,339.35,0.6401,0.1198,0.009774,4.225
65277,520,381,901,253,40,150,356.38,0.9821,0.6050,0.246058,34,18,94,283.43,0.8651,0.1614,0.015808,4.499
65293,520,407,927,244,56,15,32.78,0.9870,0.5715,0.220993,41,25,32,351.58,0.2850,0.1337,0.012710,4.321
65300,520,263,783,253,112,221,337.14,0.9849,0.7089,0.376942,1,73,29,149.66,0.9974,0.2574,0.048600,4.330
65301,520,362,882,239,83,126,7.33,0.8411,0.6091,0.260465,32,41,59,263.74,0.3153,0.1785,0.022087,4.307
65304,520,432,952,236,46,77,18.82,0.9341,0.5539,0.203258,8,27,22,174.20,0.5560,0.1027,0.008934,4.297
65310,520,415,935,245,7,124,2.21,0.9929,0.5678,0.210231,11,32,13,145.80,0.7694,0.1173,0.011332,4.243
65314,520,437,957,193,47,236,316.77,0.9376,0.5530,0.194280,4,18,44,260.05,0.7756,0.0881,0.006402,4.331
65320,520,429,949,208,84,96,17.24,0.7061,0.5473,0.205972,39,13,16,14.69,0.5313,0.1006,0.007567,4.447
65330,520,443,963,194,42,218,321.58,0.9234,0.5372,0.181887,21,11,34,301.89,0.5526,0.0799,0.005143,4.205
65342,520,410,930,227,58,155,350.31,0.8534,0.5710,0.217262,33,21,53,298.84,0.5519,0.1266,0.011167,4.369
65349,520,465,985,126,83,254,288.29,0.9904,0.5213,0.177777,24,1,6,6.31,0.8307,0.0511,0.002291,4.356
65390,520,416,936,223,24,199,334.53,0.9685,0.5653,0.204672,31,21,47,300.07,0.4850,0.1200,0.010329,4.221
65395,520,401,921,210,102,95,25.47,0.6552,0.5794,0.240326,27,34,33,186.00,0.1239,0.1412,0.014869,4.476
65397,520,454,974,178,13,255,309.18,1.0000,0.5292,0.169738,10,16,23,252.67,0.2757,0.0742,0.004970,3.997
65419,520,428,948,191,40,250,313.30,0.9755,0.5564,0.194973,3,19,53,261.32,0.8817,0.0974,0.007421,4.266
65435,520,273,793,229,123,245,322.22,0.9310,0.7034,0.374182,36,68,60,175.97,0.4407,0.2626,0.048354,4.313
65439,520,452,972,231,39,21,30.14,0.9770,0.5319,0.184972,19,9,29,305.39,0.5362,0.0709,0.004225,4.333
65449,520,434,954,181,63,240,311.50,0.9173,0.5522,0.196710,20,22,33,276.27,0.2555,0.1022,0.008323,4.230
65450,520,423,943,225,74,91,18.03,0.8188,0.5632,0.216631,26,25,18,100.69,0.1843,0.1100,0.009586,4.475
65465,520,397,917,240,18,181,343.55,0.9823,0.5848,0.222971,18,37,17,142.99,0.6451,0.1383,0.014922,4.205
65472,520,258,778,220,155,134,38.66,0.5106,0.7062,0.403811,15,71,80,210.78,0.7944,0.2717,0.051870,4.455
65484,520,386,906,239,31,188,341.47,0.9648,0.5913,0.229645,31,12,97,281.48,0.9283,0.1543,0.014173,4.358
65492,520,398,918,180,102,208,316.49,0.6911,0.5815,0.237610,8,34,54,245.18,0.6906,0.1402,0.014620,4.451
65493,520,462,982,174,71,209,316.36,0.8015,0.5275,0.181096,13,7,5,44.26,0.2580,0.0500,0.002485,4.403
65494,520,407,927,214,28,230,324.30,0.9744,0.5718,0.208418,29,18,74,285.19,0.7800,0.1348,0.011882,4.176
65502,520,428,948,210,44,215,326.82,0.9292,0.5632,0.204112,17,11,59,280.42,0.8325,0.0969,0.006743,4.478
65522,520,342,862,239,31,253,325.13,0.9934,0.6318,0.264251,24,52,13,138.03,0.9012,0.1906,0.026792,4.092
65523,520,448,968,208,62,164,342.37,0.7980,0.5449,0.195375,9,19,5,136.12,0.6553,0.0754,0.005348,4.433
65524,520,373,893,225,65,201,334.75,0.8828,0.5972,0.240075,68,2,50,342.68,0.8929,0.1581,0.015028,4.461
65526,520,381,901,233,34,224,330.44,0.9735,0.6032,0.238521,71,13,4,32.52,0.9266,0.1609,0.016364,4.348
65527,520,435,955,219,40,171,342.06,0.9017,0.5499,0.195203,42,0,26,347.36,1.0000,0.0894,0.005669,4.405
65539,520,384,904,182,97,231,311.28,0.8151,0.5910,0.242648,20,34,64,263.83,0.5636,0.1537,0.016629,4.392
65569,520,477,997,114,86,251,284.17,0.9666,0.5116,0.171976,0,2,7,251.28,1.0000,0.0226,0.000588,4.388
65589,520,476,996,212,56,38,30.42,0.9203,0.5088,0.169678,8,0,1,11.38,1.0000,0.0234,0.000538,4.347
65591,520,425,945,206,81,145,351.48,0.7011,0.5559,0.210529,21,19,56,281.19,0.6546,0.1122,0.009107,4.408
65603,520,445,965,218,69,45,31.83,0.8977,0.5361,0.193537,25,7,30,318.58,0.6246,0.0753,0.004524,4.467
65614,520,476,996,229,1,11,28.50,0.9995,0.5122,0.167069,4,2,0,82.32,1.0000,0.0247,0.000692,4.282
65616,520,441,961,240,9,38,25.68,0.9952,0.5396,0.188640,8,23,8,143.93,0.7057,0.0869,0.006819,4.200
65619,520,449,969,226,47,106,7.59,0.8872,0.5417,0.192452,1,10,43,262.91,0.9454,0.0681,0.003979,4.492
65620,520,434,954,216,63,131,357.65,0.7967,0.5459,0.197950,32,8,51,305.88,0.7685,0.1018,0.007198,4.335
65645,520,382,902,222,70,200,334.31,0.8619,0.5966,0.240823,50,8,85,302.74,0.8856,0.1601,0.015077,4.469
65671,520,414,934,187,75,232,314.57,0.8716,0.5682,0.214242,1,16,81,264.14,0.9646,0.1201,0.009710,4.425
65672,520,426,946,244,43,33,29.00,0.9689,0.5624,0.210741,41,12,29,346.60,0.5800,0.1072,0.008231,4.478
65678,520,443,963,215,12,181,337.61,0.9781,0.5359,0.180485,22,16,17,6.89,0.1403,0.0829,0.005816,4.129
65703,520,387,907,228,77,137,359.67,0.7907,0.5858,0.236105,35,35,4,109.45,0.8233,0.1452,0.015682,4.356
65705,520,358,878,249,25,204,339.22,0.9844,0.6162,0.251978,1,8,130,264.46,0.9946,0.1788,0.017916,4.446
65706,520,431,951,238,26,99,10.08,0.9654,0.5514,0.198200,15,7,68,277.03,0.9354,0.0991,0.006708,4.377
65710,520,455,975,223,37,107,5.71,0.9102,0.5289,0.180754,7,10,22,271.14,0.4106,0.0579,0.003202,4.337
65713,520,349,869,247,30,238,330.34,0.9878,0.6350,0.268787,13,52,30,155.01,0.8601,0.1886,0.026352,4.175
65724,520,407,927,233,44,159,349.49,0.9118,0.5729,0.216310,17,17,84,273.05,0.9144,0.1340,0.011601,4.323
65725,520,434,954,203,96,15,49.41,0.9414,0.5470,0.210987,0,21,56,257.72,1.0000,0.1030,0.008218,4.483
65729,520,397,917,249,10,138,358.46,0.9912,0.5814,0.221953,3,8,101,265.56,0.9894,0.1369,0.011325,4.435
65751,520,406,926,200,55,253,314.68,0.9886,0.5834,0.221050,8,36,2,139.50,0.9820,0.1269,0.013177,4.290
65753,520,302,822,252,86,219,336.72,0.9811,0.6737,0.324685,81,39,37,23.93,0.4922,0.2298,0.033342,4.496
65760,520,372,892,204,89,233,319.03,0.8702,0.6114,0.258667,22,35,77,267.87,0.6613,0.1680,0.019084,4.468
65763,520,377,897,241,59,157,352.79,0.8927,0.5985,0.242661,70,7,23,12.67,0.8496,0.1560,0.015161,4.491
65778,520,388,908,247,51,106,11.06,0.9399,0.5862,0.231858,0,30,85,260.32,1.0000,0.1530,0.015843,4.281
65782,520,352,872,220,104,165,349.48,0.6859,0.6210,0.278350,67,33,11,50.75,0.7062,0.1877,0.023053,4.495
65786,520,441,961,158,87,225,304.69,0.7982,0.5400,0.195222,13,10,53,278.14,0.8311,0.0861,0.005597,4.411
65787,520,460,980,224,33,107,5.56,0.9246,0.5285,0.179993,6,12,22,258.47,0.4049,0.0614,0.003596,4.291
65796,520,341,861,233,105,108,20.88,0.7774,0.6251,0.285121,71,23,77,323.09,0.6997,0.2042,0.024884,4.475
65798,520,395,915,224,21,229,327.10,0.9855,0.5858,0.220430,6,22,84,265.71,0.9333,0.1372,0.012525,4.325
65810,520,431,951,173,66,245,307.65,0.9355,0.5480,0.193740,32,11,39,316.96,0.6213,0.0972,0.006929,4.281
65815,520,419,939,147,90,255,294.48,1.0000,0.5556,0.207354,43,8,44,326.72,0.7295,0.1135,0.008692,4.385
65833,520,408,928,236,28,163,348.29,0.9575,0.5718,0.213107,51,3,62,319.04,0.8866,0.1348,0.011168,4.301
65858,520,446,966,190,10,248,314.04,0.9935,0.5409,0.179428,9,19,18,188.03,0.2984,0.0791,0.005675,4.121
65859,520,469,989,203,77,22,40.23,0.9295,0.5167,0.180643,6,6,15,282.97,0.3699,0.0446,0.002035,4.432
65863,520,339,859,203,114,216,322.36,0.7282,0.6374,0.296903,21,54,9,138.72,0.9510,0.1952,0.028174,4.438
65878,520,338,858,242,49,245,327.48,0.9745,0.6406,0.276691,47,45,58,292.01,0.1838,0.2034,0.027866,4.196
65900,520,447,967,198,58,186,331.70,0.8225,0.5358,0.185787,0,20,36,242.50,1.0000,0.0848,0.006277,4.190
65907,520,465,985,151,74,233,301.88,0.8645,0.5184,0.173604,7,6,20,285.29,0.4998,0.0481,0.002259,4.279
65908,520,477,997,177,40,220,316.02,0.9216,0.5098,0.160331,8,0,2,359.68,1.0000,0.0239,0.000560,4.160
65910,520,293,813,255,62,255,328.11,1.0000,0.6775,0.319282,55,58,29,113.73,0.4761,0.2389,0.039271,4.137
65921,520,480,1000,161,44,245,305.14,0.9518,0.5105,0.159716,0,0,0,0.00,0.0000,0.0000,0.000000,4.194
65924,520,448,968,211,78,53,32.72,0.8424,0.5358,0.195570,10,10,51,275.17,0.8447,0.0820,0.005206,4.448
65936,520,369,889,235,1,243,326.55,0.9996,0.6104,0.241575,22,34,80,269.00,0.6978,0.1681,0.018937,4.230
65944,520,361,881,223,85,213,330.70,0.8547,0.6227,0.269912,25,45,47,203.86,0.3430,0.1785,0.022886,4.389
65972,520,401,921,241,14,161,349.70,0.9848,0.5759,0.215912,17,18,87,272.43,0.9185,0.1391,0.012398,4.262
65974,520,386,906,244,24,173,346.86,0.9752,0.5903,0.229067,57,2,64,322.81,0.9148,0.1462,0.012836,4.441
65994,520,445,965,233,30,99,9.63,0.9511,0.5430,0.191561,18,16,8,95.97,0.2991,0.0760,0.005167,4.379
66008,520,389,909,217,99,100,21.64,0.6948,0.5871,0.245977,44,32,22,61.09,0.3054,0.1515,0.016265,4.467
66010,520,470,990,208,65,77,20.04,0.8102,0.5172,0.177285,0,1,30,264.20,0.9885,0.0355,0.001154,4.443
66011,520,399,919,250,28,108,8.93,0.9723,0.5792,0.222408,38,31,25,62.61,0.1785,0.1420,0.014623,4.215
66014,520,434,954,201,20,238,319.12,0.9838,0.5531,0.190925,49,2,1,29.48,0.9709,0.0994,0.006987,4.228
66028,520,478,998,214,49,36,29.41,0.9337,0.5057,0.166227,3,0,4,321.50,1.0000,0.0174,0.000281,4.300
66050,520,456,976,174,76,196,319.89,0.7476,0.5252,0.181541,14,10,14,326.09,0.1691,0.0603,0.003422,4.334
66065,520,399,919,194,103,171,337.47,0.5956,0.5828,0.241115,10,40,10,143.33,0.9328,0.1425,0.016040,4.408
66077,520,439,959,204,72,165,341.37,0.7540,0.5499,0.201906,10,23,23,195.73,0.3563,0.0926,0.007392,4.389
66097,520,448,968,209,70,118,3.00,0.7501,0.5365,0.192458,11,21,15,157.53,0.3403,0.0849,0.006420,4.297
66106,520,462,982,184,56,210,320.23,0.8604,0.5268,0.176731,6,7,25,277.02,0.5889,0.0523,0.002609,4.310
66108,520,449,969,228,37,109,5.83,0.9200,0.5396,0.189241,13,11,33,284.57,0.5557,0.0713,0.004347,4.402
66114,520,477,997,168,66,204,315.92,0.8009,0.5087,0.165818,2,0,8,296.85,1.0000,0.0183,0.000304,4.290
66116,520,30,550,254,241,231,60.17,0.8119,0.9600,0.897514,16,128,76,155.98,0.9750,0.4547,0.160696,4.497
66119,520,174,694,215,191,203,346.11,0.2521,0.8003,0.560210,51,93,22,135.29,0.9274,0.3437,0.085902,4.490
66121,520,420,940,216,56,179,339.09,0.8540,0.5611,0.206842,5,25,54,257.49,0.7847,0.1140,0.009938,4.285
66140,520,448,968,189,79,176,332.40,0.7096,0.5403,0.195468,30,4,32,325.02,0.7457,0.0784,0.004672,4.490
66145,520,357,877,244,66,183,345.15,0.9162,0.6217,0.265514,41,45,25,117.84,0.3889,0.1848,0.024184,4.253
66185,520,463,983,233,3,65,19.01,0.9973,0.5267,0.177736,19,2,10,349.38,0.6899,0.0472,0.002038,4.376
66199,520,341,861,241,46,230,330.84,0.9687,0.6273,0.263707,69,36,19,46.91,0.5872,0.1989,0.025742,4.142
66201,520,172,692,252,162,243,330.40,0.9825,0.7991,0.530091,6,97,14,143.39,0.9950,0.3399,0.086194,4.259
66203,520,455,975,217,2,173,340.44,0.9959,0.5329,0.178146,21,5,11,355.92,0.5173,0.0571,0.002922,4.311
66210,520,198,718,221,176,194,352.55,0.4075,0.7705,0.503189,41,83,86,201.58,0.4797,0.3229,0.073296,4.487
66214,520,382,902,231,68,177,344.12,0.8563,0.5979,0.243001,14,40,52,230.74,0.5751,0.1594,0.018588,4.272
66217,520,335,855,252,37,233,332.63,0.9879,0.6435,0.279049,4,42,104,260.15,0.9519,0.2030,0.026810,4.284
66225,520,391,911,243,32,169,348.04,0.9602,0.5898,0.229554,48,29,11,62.38,0.5832,0.1476,0.015313,4.280
66228,520,465,985,211,20,165,341.59,0.9483,0.5216,0.170680,8,1,42,281.19,0.9697,0.0549,0.002405,4.211
66229,520,432,952,248,5,2,29.28,0.9987,0.5541,0.200730,15,22,44,268.90,0.5011,0.1048,0.008572,4.281
66239,520,8,528,247,253,250,164.95,0.5557,0.9868,0.969267,36,135,13,140.91,0.9920,0.4735,0.177314,4.484
66296,520,467,987,201,35,185,332.83,0.9033,0.5220,0.171242,2,2,24,273.33,0.9074,0.0356,0.001223,4.319
66312,520,393,913,240,26,185,342.49,0.9724,0.5895,0.227698,46,27,27,19.46,0.3085,0.1437,0.014439,4.309
66321,520,455,975,235,23,35,26.74,0.9846,0.5328,0.183995,26,1,22,334.52,0.8250,0.0607,0.002993,4.416
66333,520,371,891,238,15,235,329.02,0.9938,0.6127,0.245196,32,35,76,277.23,0.5696,0.1748,0.020309,4.199
66354,520,289,809,239,135,35,57.66,0.9358,0.6773,0.358026,41,64,0,128.85,1.0000,0.2408,0.041381,4.465
66358,520,412,932,249,29,61,22.42,0.9800,0.5679,0.213590,24,18,62,283.83,0.7122,0.1183,0.009746,4.412
66363,520,382,902,244,79,20,36.96,0.9786,0.5960,0.248788,20,40,46,219.14,0.3993,0.1595,0.018635,4.353
66370,520,461,981,235,0,82,14.13,1.0000,0.5337,0.182745,6,5,22,283.17,0.6054,0.0459,0.002052,4.471
66374,520,408,928,179,82,234,310.87,0.8608,0.5673,0.215597,55,14,14,23.67,0.7153,0.1309,0.011581,4.313
66389,520,267,787,240,117,237,328.33,0.9288,0.7051,0.373645,44,64,58,174.13,0.2608,0.2551,0.045077,4.456
66409,520,359,879,244,97,14,42.58,0.9845,0.6200,0.278173,18,48,41,176.01,0.5801,0.1812,0.024025,4.433
66429,520,414,934,251,2,73,18.39,0.9988,0.5663,0.210374,39,17,38,328.79,0.5024,0.1172,0.009722,4.360
66431,520,449,969,185,64,214,319.14,0.8467,0.5395,0.188373,31,3,19,347.90,0.7396,0.0714,0.004035,4.411
66433,520,480,1000,213,50,63,22.24,0.8955,0.5082,0.167887,0,0,0,0.00,0.0000,0.0000,0.000000,4.358
66435,520,437,957,218,61,133,357.02,0.8094,0.5482,0.199388,21,16,40,290.91,0.5123,0.0936,0.006832,4.388
66441,520,467,987,157,78,214,308.01,0.7817,0.5168,0.174725,2,1,34,271.08,0.9810,0.0414,0.001501,4.364
66457,520,426,946,243,24,102,9.68,0.9729,0.5617,0.206706,5,7,85,267.30,0.9839,0.1144,0.008400,4.396
66483,520,415,935,222,48,195,335.56,0.9104,0.5742,0.215860,50,9,34,347.06,0.7058,0.1215,0.009891,4.439
66494,520,413,933,223,16,206,332.64,0.9834,0.5671,0.205172,50,10,18,12.42,0.7053,0.1166,0.009390,4.297
66510,520,341,861,184,117,235,308.61,0.7898,0.6294,0.289118,41,47,40,141.17,0.1390,0.1950,0.026576,4.428
66521,520,478,998,192,28,190,328.82,0.9237,0.5053,0.157563,2,0,17,282.31,1.0000,0.0243,0.000534,4.107
66532,520,341,861,243,83,161,353.99,0.8729,0.6283,0.278174,76,22,58,343.29,0.6698,0.1998,0.024160,4.425
66553,520,325,845,227,115,155,358.92,0.6825,0.6459,0.309611,59,48,7,93.25,0.8315,0.2120,0.030591,4.462
66574,520,398,918,243,50,125,3.74,0.9158,0.5832,0.228198,36,33,25,89.92,0.1808,0.1449,0.015330,4.258
66602,520,465,985,230,17,59,20.95,0.9844,0.5228,0.175427,21,4,4,22.51,0.6150,0.0527,0.002551,4.290
66605,520,370,890,211,82,224,323.95,0.8625,0.6070,0.252670,55,26,64,317.68,0.5763,0.1741,0.019213,4.373
66613,520,467,987,155,78,227,304.19,0.8303,0.5242,0.179638,8,3,12,312.29,0.5102,0.0377,0.001433,4.465
66620,520,385,905,231,65,172,345.68,0.8589,0.5925,0.237507,60,21,13,33.22,0.6873,0.1517,0.015262,4.405
66626,520,466,986,158,67,233,305.08,0.8787,0.5186,0.171671,2,10,13,216.99,0.5606,0.0494,0.002590,4.215
66645,520,407,927,170,113,167,328.54,0.4501,0.5664,0.231471,7,35,40,211.40,0.6850,0.1345,0.014004,4.398
66651,520,411,931,214,75,161,346.06,0.7651,0.5687,0.219036,5,25,62,260.81,0.8517,0.1208,0.010753,4.428
66669,520,453,973,187,79,168,334.89,0.6891,0.5327,0.189853,37,0,0,29.23,1.0000,0.0708,0.003934,4.447
66676,520,278,798,236,109,234,328.10,0.9067,0.6861,0.347128,66,53,74,312.32,0.2664,0.2543,0.041989,4.317
66691,520,387,907,226,4,234,326.47,0.9979,0.5889,0.221984,21,38,44,222.33,0.3464,0.1532,0.017275,4.043
66697,520,259,779,223,137,225,326.17,0.7678,0.7086,0.390171,63,65,38,111.95,0.3933,0.2699,0.049773,4.412
66698,520,423,943,250,18,42,25.68,0.9916,0.5636,0.209275,18,17,56,278.95,0.7083,0.1056,0.008150,4.459
66701,520,360,880,254,84,51,32.99,0.9934,0.6230,0.276541,2,45,68,238.44,0.9190,0.1800,0.023069,4.469
66709,520,407,927,243,17,135,358.48,0.9805,0.5699,0.212081,61,1,16,13.56,0.9655,0.1275,0.010514,4.331
66711,520,269,789,237,130,182,350.68,0.7484,0.6963,0.373494,21,59,112,257.57,0.7691,0.2599,0.044570,4.478
66733,520,430,950,247,10,5,29.26,0.9966,0.5530,0.200058,32,17,16,23.79,0.3257,0.0976,0.007454,4.352
66741,520,455,975,225,46,63,22.30,0.9276,0.5291,0.183232,23,4,8,6.49,0.6078,0.0568,0.002866,4.412
66742,520,479,999,203,22,177,335.76,0.9410,0.5142,0.164466,2,0,2,328.36,1.0000,0.0139,0.000173,4.275
66748,520,419,939,245,1,100,9.81,0.9991,0.5594,0.203577,1,6,84,264.87,0.9892,0.1095,0.007767,4.390
66756,520,363,883,240,57,187,342.60,0.9163,0.6088,0.250423,67,1,72,324.88,0.9590,0.1704,0.016830,4.495
66762,520,441,961,230,56,28,31.81,0.9612,0.5440,0.197381,35,11,5,37.09,0.6587,0.0878,0.006077,4.411
66767,520,469,989,220,23,113,1.99,0.9455,0.5174,0.170233,0,5,22,257.75,1.0000,0.0400,0.001665,4.263
66787,520,309,829,221,106,237,322.62,0.8919,0.6619,0.317964,8,58,56,190.85,0.8564,0.2163,0.033631,4.400
66792,520,412,932,246,17,131,0.34,0.9824,0.5745,0.216358,2,31,32,198.13,0.8811,0.1158,0.010971,4.369
66793,520,419,939,229,29,160,347.71,0.9446,0.5573,0.200776,39,0,65,305.99,1.0000,0.1141,0.008130,4.314
66795,520,361,881,227,63,230,327.25,0.9332,0.6164,0.256013,3,22,117,264.83,0.9743,0.1772,0.018774,4.450
66797,520,269,789,232,147,119,38.98,0.6683,0.7021,0.393572,32,71,31,143.23,0.8349,0.2616,0.049123,4.475
66801,520,474,994,199,56,159,341.38,0.7947,0.5203,0.174755,3,5,1,127.14,0.6269,0.0334,0.001301,4.381
66817,520,406,926,252,37,94,14.20,0.9796,0.5842,0.228304,14,33,29,178.67,0.4502,0.1269,0.012697,4.439
66820,520,243,763,238,140,228,330.78,0.8821,0.7350,0.425367,7,77,54,164.40,0.9594,0.2787,0.056190,4.477
66834,520,397,917,221,3,232,325.73,0.9981,0.5786,0.212657,39,29,24,47.94,0.2077,0.1378,0.013760,4.119
66838,520,363,883,222,51,245,322.52,0.9608,0.6089,0.244919,17,30,97,268.46,0.8864,0.1730,0.019107,4.268
66856,520,450,970,215,55,144,351.35,0.8238,0.5413,0.191954,23,6,24,325.36,0.5910,0.0674,0.003784,4.499
66858,520,432,952,202,64,180,334.96,0.7999,0.5452,0.195204,36,18,13,36.31,0.4178,0.1047,0.008368,4.201
66865,520,348,868,229,83,210,333.32,0.8677,0.6282,0.275000,15,54,16,143.69,0.9395,0.1932,0.027772,4.179
66872,520,390,910,237,0,207,335.66,1.0000,0.5901,0.225123,16,2,108,270.86,0.9962,0.1469,0.012362,4.412
66885,520,349,869,239,49,242,327.46,0.9712,0.6336,0.269607,78,21,40,3.68,0.6842,0.1942,0.023095,4.372
66902,520,401,921,237,59,123,4.41,0.8771,0.5785,0.225655,54,20,18,25.38,0.5825,0.1399,0.013284,4.356
66921,520,305,825,202,124,247,311.83,0.8967,0.6712,0.336882,47,58,41,134.72,0.2898,0.2338,0.037905,4.401
66929,520,347,867,247,68,181,346.59,0.9326,0.6280,0.272477,50,39,47,336.03,0.1803,0.1862,0.023344,4.397
66954,520,409,929,219,78,129,1.50,0.7528,0.5683,0.220962,54,5,41,341.13,0.7919,0.1279,0.010530,4.476
66966,520,440,960,186,54,238,313.97,0.9230,0.5494,0.192516,30,15,0,69.81,1.0000,0.0866,0.006177,4.317
66975,520,473,993,157,81,212,308.17,0.7640,0.5197,0.178070,2,4,2,144.61,0.3699,0.0297,0.001041,4.468
66981,520,389,909,230,39,207,334.12,0.9531,0.5898,0.227816,30,17,85,282.98,0.8498,0.1459,0.013328,4.387
66982,520,384,904,242,71,76,23.67,0.9203,0.5886,0.239087,9,40,24,157.42,0.8185,0.1451,0.016415,4.353
66983,520,259,779,255,117,209,342.17,1.0000,0.7134,0.385889,41,71,30,137.95,0.7385,0.2671,0.050715,4.328
67001,520,460,980,180,34,241,312.25,0.9613,0.5283,0.171993,22,8,5,36.26,0.4709,0.0628,0.003552,4.145
67008,520,464,984,153,73,232,302.92,0.8624,0.5188,0.173640,22,1,0,33.11,1.0000,0.0458,0.001923,4.307
67016,520,451,971,187,61,220,318.34,0.8715,0.5438,0.190708,7,12,34,270.34,0.6242,0.0694,0.004236,4.438
67019,520,407,927,186,64,251,310.59,0.9732,0.5693,0.210719,7,27,60,259.74,0.7778,0.1251,0.011552,4.236
67029,520,343,863,246,97,65,33.76,0.9323,0.6275,0.285271,25,51,28,146.68,0.6353,0.1908,0.026581,4.378
67048,520,421,941,164,90,229,305.73,0.8099,0.5553,0.208625,25,2,78,284.31,0.9777,0.1134,0.008001,4.459
67055,520,395,915,223,2,239,324.61,0.9990,0.5870,0.219656,7,1,109,266.97,0.9988,0.1428,0.011709,4.370
67077,520,473,993,203,40,175,336.54,0.8760,0.5228,0.173112,4,1,9,304.76,0.7000,0.0257,0.000672,4.403
67079,520,380,900,208,68,243,318.71,0.9389,0.5998,0.240168,29,43,8,128.49,0.8243,0.1642,0.020065,4.141
67093,520,307,827,247,88,228,332.90,0.9594,0.6727,0.323578,48,51,80,278.69,0.3542,0.2329,0.035752,4.357
67131,520,433,953,118,114,226,281.94,0.7460,0.5474,0.213768,14,26,17,151.56,0.3966,0.1018,0.008726,4.491
67149,520,395,915,242,26,176,345.57,0.9713,0.5887,0.227537,67,3,22,10.75,0.9105,0.1449,0.013166,4.394
67164,520,471,991,214,13,151,346.83,0.9668,0.5179,0.168207,2,4,15,267.77,0.6105,0.0354,0.001342,4.250
67171,520,416,936,207,24,245,319.09,0.9837,0.5700,0.205129,31,12,62,295.36,0.7759,0.1159,0.009021,4.323
67182,520,374,894,249,61,92,17.24,0.9548,0.5952,0.242534,4,40,61,239.67,0.8332,0.1609,0.018802,4.252
67190,520,366,886,243,40,202,338.57,0.9619,0.6108,0.248395,22,17,108,272.86,0.9534,0.1669,0.016541,4.484
67203,520,72,592,255,222,218,26.04,1.0000,0.9148,0.785656,3,122,12,143.05,0.9985,0.4244,0.139644,4.406
67215,520,383,903,232,22,232,328.31,0.9877,0.6021,0.235583,50,24,43,337.92,0.4560,0.1501,0.015059,4.390
67238,520,454,974,214,72,63,27.48,0.8397,0.5347,0.192921,13,13,19,284.91,0.1837,0.0678,0.004204,4.482
67248,520,341,861,205,114,195,331.25,0.6480,0.6291,0.289553,51,46,35,86.42,0.2016,0.2015,0.027792,4.365
67262,520,461,981,187,38,233,316.00,0.9483,0.5349,0.178355,15,5,11,342.08,0.4092,0.0495,0.002343,4.363
67285,520,478,998,196,69,110,3.99,0.7143,0.5090,0.171196,2,0,6,302.89,1.0000,0.0170,0.000261,4.401
67287,520,314,834,255,108,63,37.34,1.0000,0.6591,0.323474,6,60,40,162.52,0.9458,0.2164,0.034235,4.434
67295,520,421,941,247,18,46,24.86,0.9906,0.5576,0.204076,36,10,50,311.38,0.7256,0.1095,0.008225,4.364
67303,520,421,941,243,4,109,6.70,0.9959,0.5583,0.202490,28,22,31,314.38,0.2185,0.1095,0.009196,4.265
67305,520,423,943,249,8,20,28.17,0.9969,0.5575,0.203676,22,22,43,282.33,0.4231,0.1100,0.009188,4.286
67352,520,415,935,247,43,7,31.46,0.9948,0.5673,0.215208,16,25,49,266.87,0.5222,0.1165,0.010271,4.400
67357,520,426,946,242,48,39,28.67,0.9599,0.5624,0.211410,31,19,40,309.45,0.4429,0.1113,0.009103,4.423
67361,520,453,973,178,31,246,310.67,0.9695,0.5280,0.170998,21,2,44,299.20,0.9004,0.0717,0.003847,4.104
67362,520,365,885,215,77,221,326.11,0.8736,0.6055,0.249771,13,44,43,192.30,0.6269,0.1668,0.020613,4.245
67365,520,422,942,241,43,39,28.03,0.9651,0.5567,0.205783,22,26,22,145.22,0.1263,0.1099,0.009673,4.286
67367,520,395,915,240,18,190,340.98,0.9842,0.5896,0.226786,31,13,88,283.91,0.8930,0.1447,0.012837,4.405
67379,520,374,894,243,80,51,32.42,0.9356,0.5976,0.250342,27,36,60,267.54,0.4200,0.1613,0.018210,4.403
67389,520,344,864,251,87,113,14.87,0.9491,0.6319,0.285212,33,45,55,243.90,0.2438,0.1884,0.024759,4.484
67396,520,392,912,234,80,103,15.50,0.8337,0.5900,0.242119,11,42,15,145.87,0.9086,0.1505,0.017615,4.320
67403,520,411,931,230,22,190,338.72,0.9728,0.5721,0.211172,52,5,27,356.95,0.7867,0.1171,0.009179,4.413
67412,520,426,946,231,13,166,345.97,0.9815,0.5586,0.200328,29,11,63,292.79,0.7998,0.1131,0.008594,4.272
67424,520,447,967,229,32,109,5.61,0.9359,0.5387,0.187981,31,5,35,322.27,0.7344,0.0836,0.005212,4.310
67432,520,433,953,246,9,56,22.39,0.9950,0.5545,0.200773,15,10,65,276.96,0.8970,0.1001,0.007003,4.399
67439,520,459,979,225,30,119,1.13,0.9313,0.5329,0.182708,13,8,17,309.61,0.3244,0.0564,0.002997,4.391
67446,520,345,865,244,53,217,334.88,0.9548,0.6292,0.267919,18,21,126,269.09,0.9689,0.1936,0.021711,4.433
67449,520,475,995,180,3,243,312.38,0.9976,0.5191,0.162406,3,0,25,280.33,1.0000,0.0318,0.000895,4.173
67467,520,425,945,237,51,45,27.94,0.9484,0.5552,0.205648,13,28,24,175.20,0.3885,0.1093,0.009820,4.274
67471,520,473,993,226,32,20,29.52,0.9774,0.5170,0.172552,1,0,20,272.51,1.0000,0.0251,0.000570,4.401
67479,520,446,966,141,84,251,293.80,0.9593,0.5362,0.189684,7,17,28,251.13,0.4543,0.0771,0.005299,4.334
67501,520,416,936,250,28,86,15.74,0.9764,0.5739,0.218300,8,33,23,164.27,0.7054,0.1216,0.012012,4.327
67511,520,376,896,254,62,12,33.58,0.9955,0.5969,0.245463,44,31,52,311.98,0.3593,0.1615,0.017634,4.369
67512,520,330,850,225,77,249,321.74,0.9705,0.6392,0.281568,85,8,64,342.45,0.8230,0.2066,0.024754,4.435
67517,520,443,963,217,19,176,339.65,0.9625,0.5388,0.183544,24,4,43,303.36,0.8189,0.0781,0.004555,4.281
67521,520,464,984,210,57,100,8.84,0.8121,0.5178,0.175503,11,0,41,287.45,1.0000,0.0543,0.002312,4.311
67522,520,374,894,235,13,227,330.22,0.9934,0.6016,0.234987,51,12,76,308.02,0.8113,0.1569,0.014886,4.392
67531,520,363,883,185,120,182,328.39,0.5074,0.6067,0.271256,27,44,36,163.65,0.3303,0.1723,0.021617,4.486
67536,520,311,831,246,66,244,328.53,0.9685,0.6589,0.300236,0,62,35,157.44,1.0000,0.2202,0.035664,4.088
67540,520,396,916,239,48,138,358.24,0.9099,0.5785,0.223027,27,36,15,128.00,0.5289,0.1418,0.015292,4.182
67548,520,467,987,210,26,155,344.75,0.9216,0.5168,0.168092,6,0,33,283.77,1.0000,0.0421,0.001485,4.236
67550,520,379,899,248,49,150,355.93,0.9408,0.6010,0.243584,66,4,56,336.16,0.8433,0.1597,0.015308,4.495
67564,520,357,877,248,51,187,344.23,0.9510,0.6188,0.259151,25,30,101,272.57,0.8566,0.1822,0.020747,4.370
67608,520,408,928,246,52,51,26.95,0.9611,0.5748,0.222913,31,22,60,290.92,0.6057,0.1317,0.011914,4.408
67615,520,425,945,196,68,207,324.51,0.8314,0.5563,0.203765,21,28,11,127.25,0.5018,0.1118,0.010141,4.220
67616,520,362,882,224,73,219,329.28,0.8945,0.6142,0.257290,30,42,57,254.34,0.3101,0.1784,0.022273,4.252
67625,520,455,975,211,66,93,13.82,0.7907,0.5278,0.185379,12,14,3,116.41,0.5836,0.0642,0.003988,4.360
67640,520,459,979,169,74,223,310.68,0.8294,0.5345,0.186611,22,5,14,347.86,0.5449,0.0595,0.003108,4.455
67642,520,310,830,255,31,248,329.83,1.0000,0.6557,0.290204,46,18,130,282.62,0.9334,0.2166,0.026251,4.462
67698,520,352,872,253,85,58,31.77,0.9865,0.6232,0.276886,9,53,10,143.30,0.9716,0.1868,0.026261,4.286
67706,520,421,941,247,31,37,27.25,0.9815,0.5619,0.208913,37,19,30,343.07,0.3748,0.1141,0.009528,4.349
67713,520,406,926,247,45,95,14.06,0.9473,0.5792,0.224806,28,25,53,286.44,0.4836,0.1297,0.011992,4.433
67722,520,379,899,247,50,159,352.79,0.9350,0.6035,0.245618,42,31,46,316.90,0.2835,0.1557,0.016695,4.432
67733,520,402,922,251,24,121,4.68,0.9772,0.5835,0.225466,4,23,80,264.18,0.9285,0.1338,0.012177,4.430
67779,520,434,954,165,93,211,310.26,0.7223,0.5486,0.205318,1,19,53,259.20,0.9494,0.0961,0.007292,4.456
67809,520,407,927,219,61,176,341.06,0.8420,0.5694,0.215344,1,23,80,262.55,0.9819,0.1324,0.011983,4.281
67810,520,467,987,192,62,165,337.22,0.7669,0.5176,0.173699,9,3,5,354.28,0.3704,0.0359,0.001342,4.357
67829,520,328,848,251,25,251,328.31,0.9934,0.6487,0.281725,70,37,33,27.74,0.4324,0.2059,0.027352,4.289
67847,520,437,957,245,2,57,21.87,0.9988,0.5510,0.197548,5,19,38,255.51,0.6591,0.0868,0.006379,4.391
67865,520,461,981,129,90,246,289.39,0.9144,0.5285,0.186331,5,8,24,271.01,0.5594,0.0530,0.002719,4.483
67876,520,356,876,238,87,153,356.61,0.8263,0.6215,0.272962,31,47,12,130.26,0.7820,0.1791,0.023508,4.394
67889,520,410,930,195,79,213,322.07,0.8124,0.5719,0.219995,2,39,4,143.81,0.9899,0.1346,0.014726,4.171
67897,520,442,962,238,14,90,12.44,0.9855,0.5450,0.192326,9,8,48,275.82,0.8577,0.0750,0.004451,4.450
67902,520,459,979,232,35,27,28.94,0.9723,0.5318,0.184401,11,5,40,283.98,0.8218,0.0636,0.003329,4.395
67913,520,422,942,242,15,128,0.55,0.9827,0.5648,0.207807,27,26,18,101.62,0.2081,0.1137,0.010155,4.286
67926,520,401,921,234,36,176,343.99,0.9428,0.5782,0.218916,54,19,35,353.76,0.5564,0.1438,0.013715,4.221
67929,520,441,961,237,19,51,23.44,0.9864,0.5373,0.187125,37,4,40,324.47,0.7875,0.0950,0.006334,4.209
67930,520,353,873,245,44,203,338.80,0.9589,0.6172,0.255287,56,2,103,299.79,0.9781,0.1830,0.018635,4.448
67940,520,418,938,194,65,216,321.44,0.8588,0.5560,0.202092,27,14,68,286.98,0.7987,0.1202,0.009644,4.227
67950,520,319,839,232,94,224,329.99,0.8870,0.6542,0.305453,67,30,94,307.91,0.6942,0.2215,0.029301,4.482
67984,520,398,918,236,63,133,0.93,0.8613,0.5837,0.230843,29,36,7,121.47,0.7415,0.1423,0.015383,4.295
67988,520,344,864,233,107,128,11.83,0.7491,0.6336,0.294001,18,51,41,170.71,0.6348,0.1909,0.026562,4.493
67989,520,373,893,233,37,224,330.44,0.9700,0.6046,0.240311,26,43,6,130.88,0.8921,0.1615,0.019605,4.171
67996,520,109,629,222,212,239,302.44,0.4823,0.8675,0.688487,25,111,10,141.35,0.9917,0.3910,0.115970,4.450
68001,520,471,991,198,70,133,353.33,0.7178,0.5224,0.180814,6,1,29,285.74,0.9285,0.0411,0.001491,4.483
68019,520,400,920,232,66,130,1.72,0.8393,0.5782,0.226667,50,13,60,318.29,0.7356,0.1430,0.012923,4.397
68031,520,440,960,212,50,177,338.53,0.8616,0.5477,0.194547,18,0,70,281.03,1.0000,0.0937,0.005708,4.390
68046,520,451,971,170,61,248,306.40,0.9553,0.5411,0.186615,19,6,29,308.32,0.6398,0.0653,0.003574,4.417
68055,520,219,739,255,142,202,348.09,1.0000,0.7503,0.448729,3,86,26,146.44,0.9957,0.3026,0.067492,4.245
68069,520,367,887,239,86,97,19.79,0.8647,0.6054,0.258724,5,41,74,250.69,0.8381,0.1737,0.021124,4.341
68071,520,309,829,248,89,208,339.14,0.9481,0.6649,0.316581,66,43,60,336.48,0.3174,0.2234,0.032124,4.464
68092,520,441,961,221,68,73,23.09,0.8516,0.5447,0.199900,30,2,56,301.80,0.9286,0.0948,0.006050,4.459
68096,520,284,804,190,150,208,315.14,0.4885,0.6860,0.373145,3,70,34,152.76,0.9888,0.2484,0.045150,4.447
68110,520,446,966,230,13,127,358.57,0.9782,0.5395,0.186461,11,19,14,156.92,0.2805,0.0791,0.005686,4.246
68116,520,438,958,217,37,179,338.96,0.9146,0.5488,0.193318,24,17,12,57.14,0.2366,0.0860,0.006216,4.328
68132,520,372,892,237,26,222,331.89,0.9831,0.6056,0.240200,62,6,78,316.88,0.8710,0.1710,0.017046,4.328
68149,520,440,960,193,48,226,319.13,0.9207,0.5460,0.189438,7,16,47,267.31,0.7575,0.0880,0.006210,4.260
68172,520,480,1000,163,60,219,310.62,0.8568,0.5059,0.161335,0,0,0,0.00,0.0000,0.0000,0.000000,4.227
68183,520,382,902,225,54,225,328.10,0.9390,0.6024,0.240844,7,16,108,266.63,0.9770,0.1579,0.014983,4.476
68184,520,454,974,220,59,20,33.85,0.9673,0.5265,0.183967,26,10,15,0.59,0.4052,0.0750,0.004712,4.276
68186,520,434,954,203,94,50,41.26,0.7913,0.5462,0.209342,29,20,23,356.71,0.1886,0.1026,0.008234,4.453
68190,520,346,866,250,78,141,2.36,0.9362,0.6277,0.276991,35,48,11,126.45,0.7814,0.1856,0.024954,4.363
68193,520,435,955,225,42,137,355.32,0.8920,0.5469,0.194723,15,9,60,278.72,0.8789,0.0932,0.006232,4.352
68206,520,465,985,197,10,206,325.92,0.9839,0.5190,0.165453,25,1,4,14.11,0.8678,0.0520,0.002372,4.114
68208,520,429,949,208,9,226,323.85,0.9921,0.5528,0.190981,42,10,20,3.86,0.6242,0.1023,0.007599,4.184
68226,520,352,872,216,104,180,341.26,0.6899,0.6214,0.277967,35,34,95,278.43,0.7179,0.1920,0.023275,4.476
68240,520,322,842,241,92,194,342.14,0.8825,0.6503,0.302528,72,36,53,351.35,0.4425,0.2143,0.028967,4.464
68253,520,464,984,219,51,53,25.71,0.9178,0.5197,0.176874,4,5,34,273.01,0.8605,0.0527,0.002498,4.322
68256,520,420,940,237,19,130,359.08,0.9727,0.5565,0.200851,20,6,78,278.91,0.9525,0.1138,0.008290,4.304
68257,520,311,831,226,105,224,328.11,0.8500,0.6602,0.316557,61,49,23,85.10,0.5133,0.2195,0.032507,4.443
68259,520,446,966,234,34,59,22.49,0.9638,0.5388,0.189554,25,6,40,306.64,0.7443,0.0804,0.004901,4.363
68273,520,462,982,200,43,195,329.57,0.8901,0.5320,0.179490,4,12,5,148.30,0.5505,0.0533,0.002997,4.330
68280,520,352,872,236,75,184,343.35,0.8636,0.6173,0.263284,18,40,89,263.51,0.7635,0.1888,0.023673,4.252
68287,520,327,847,242,77,216,334.92,0.9292,0.6461,0.291456,92,10,36,9.40,0.8571,0.2108,0.026202,4.481
68302,520,389,909,231,67,152,353.08,0.8374,0.5857,0.232729,22,22,89,274.40,0.8743,0.1517,0.014656,4.373
68316,520,420,940,193,69,223,319.10,0.8640,0.5637,0.209227,36,1,65,302.64,0.9702,0.1109,0.007785,4.486
68318,520,463,983,217,29,147,349.30,0.9200,0.5279,0.177395,8,8,13,284.82,0.1928,0.0503,0.002543,4.328
68324,520,397,917,211,105,17,51.77,0.9419,0.5765,0.239946,15,39,19,147.63,0.7254,0.1434,0.015996,4.393
68329,520,465,985,191,10,226,319.27,0.9891,0.5241,0.167859,6,6,24,279.69,0.6042,0.0495,0.002349,4.162
68338,520,441,961,236,15,70,18.33,0.9868,0.5368,0.186199,35,5,28,338.12,0.7105,0.0859,0.005498,4.256
68362,520,301,821,239,116,179,350.10,0.7962,0.6749,0.340987,16,66,6,140.81,0.9848,0.2340,0.040196,4.335
68363,520,474,994,204,61,122,358.57,0.7702,0.5181,0.175821,5,2,18,291.16,0.7359,0.0349,0.001194,4.411
68368,520,404,924,251,25,89,14.78,0.9800,0.5754,0.219294,34,3,81,291.31,0.9588,0.1285,0.009993,4.489
68380,520,371,891,239,54,200,338.41,0.9322,0.6116,0.251620,17,36,81,264.24,0.7438,0.1710,0.019749,4.324
68420,520,386,906,250,58,22,32.29,0.9819,0.5856,0.234116,29,34,46,267.07,0.2322,0.1492,0.016025,4.303
68422,520,457,977,145,88,230,298.38,0.8167,0.5295,0.187126,8,10,21,274.74,0.3672,0.0582,0.003228,4.455
68432,520,449,969,179,75,206,318.76,0.7843,0.5380,0.190732,26,6,18,345.05,0.5676,0.0687,0.003936,4.463
68434,520,391,911,192,109,173,336.09,0.5622,0.5914,0.251621,18,40,31,165.53,0.4935,0.1519,0.017451,4.472
68435,520,361,881,255,81,67,28.61,1.0000,0.6232,0.275537,14,50,9,141.33,0.9569,0.1781,0.023942,4.403
68436,520,441,961,235,32,59,22.36,0.9676,0.5398,0.190141,33,13,4,47.00,0.6532,0.0880,0.006200,4.273
68438,520,422,942,194,72,208,323.45,0.8187,0.5585,0.206595,25,19,53,287.92,0.6027,0.1135,0.009294,4.327
68454,520,348,868,238,18,254,324.76,0.9968,0.6267,0.257681,33,48,49,201.28,0.2240,0.1944,0.026589,4.017
68461,520,382,902,235,42,208,335.08,0.9541,0.6010,0.238748,20,4,114,272.01,0.9923,0.1601,0.014504,4.476
68472,520,382,902,243,71,130,4.36,0.8860,0.6038,0.251760,12,44,9,141.90,0.9446,0.1568,0.018992,4.374
68479,520,462,982,213,63,88,15.51,0.8149,0.5269,0.184081,2,3,42,268.53,0.9677,0.0539,0.002452,4.463
68494,520,394,914,246,5,171,347.63,0.9957,0.5885,0.226449,65,4,30,1.45,0.8527,0.1442,0.013046,4.385
68509,520,416,936,250,32,37,27.38,0.9819,0.5687,0.214943,53,8,30,354.92,0.7359,0.1241,0.010244,4.398
68514,520,465,985,192,75,126,356.04,0.6727,0.5159,0.177467,5,0,38,278.12,1.0000,0.0459,0.001722,4.398
68520,520,411,931,249,38,56,24.31,0.9733,0.5719,0.218151,56,7,8,24.76,0.8706,0.1226,0.010104,4.461
68521,520,365,885,210,91,204,329.54,0.7799,0.6053,0.255452,72,19,13,29.71,0.8028,0.1722,0.018727,4.444
68524,520,369,889,251,6,191,343.01,0.9965,0.6084,0.244044,56,29,34,8.42,0.3882,0.1661,0.018351,4.302
68538,520,436,956,215,19,199,332.52,0.9724,0.5490,0.190385,34,0,47,314.74,1.0000,0.0893,0.005454,4.335
68550,520,233,753,250,134,225,335.82,0.9603,0.7398,0.428128,36,79,5,136.18,0.9852,0.2875,0.059778,4.355
68552,520,389,909,255,7,132,1.36,1.0000,0.5908,0.230816,57,14,56,328.76,0.7126,0.1533,0.014696,4.341
68555,520,352,872,215,77,243,320.38,0.9379,0.6199,0.262276,13,53,30,154.46,0.8713,0.1919,0.027254,4.042
68556,520,375,895,234,46,208,334.86,0.9463,0.6017,0.240031,18,45,14,141.17,0.8770,0.1639,0.020370,4.122
68558,520,453,973,185,95,95,21.20,0.5531,0.5267,0.193264,6,16,14,180.84,0.3720,0.0677,0.004410,4.471
68560,520,311,831,253,88,189,346.56,0.9775,0.6630,0.315394,25,52,89,256.80,0.6192,0.2245,0.033838,4.358
68576,520,470,990,184,66,178,329.86,0.7590,0.5164,0.173025,12,5,4,31.73,0.3205,0.0438,0.001955,4.293
68599,520,397,917,243,64,15,34.21,0.9860,0.5771,0.227593,15,38,8,139.02,0.9028,0.1381,0.015053,4.267
68604,520,460,980,181,39,238,313.05,0.9498,0.5303,0.174489,5,13,16,221.04,0.3515,0.0602,0.003575,4.190
68614,520,457,977,116,105,225,283.76,0.7640,0.5263,0.192521,3,15,19,218.70,0.5776,0.0647,0.004080,4.484
68615,520,427,947,249,4,22,27.85,0.9984,0.5567,0.202882,14,8,64,276.89,0.9166,0.0953,0.006372,4.486
68639,520,297,817,249,90,230,332.87,0.9696,0.6793,0.331680,10,66,60,184.14,0.8722,0.2449,0.042870,4.110
68660,520,455,975,165,53,255,303.92,1.0000,0.5327,0.177661,17,1,41,296.31,0.9426,0.0625,0.003010,4.295
68662,520,336,856,230,87,222,330.03,0.8863,0.6413,0.289155,78,26,45,0.37,0.6177,0.2035,0.025482,4.493
68672,520,394,914,228,59,180,341.97,0.8759,0.5856,0.229197,10,40,3,139.63,0.9772,0.1415,0.015886,4.238
68673,520,464,984,141,73,255,294.44,1.0000,0.5243,0.176479,9,0,34,289.59,1.0000,0.0459,0.001736,4.378
68696,520,429,949,233,29,122,1.51,0.9470,0.5496,0.196105,25,18,35,302.33,0.3838,0.0990,0.007606,4.272
68720,520,464,984,215,56,84,15.92,0.8502,0.5223,0.179180,25,0,4,11.39,1.0000,0.0497,0.002155,4.394
68728,520,476,996,178,87,112,4.24,0.5497,0.5063,0.174525,0,3,4,211.91,1.0000,0.0247,0.000739,4.425
68745,520,467,987,158,55,253,301.96,0.9870,0.5233,0.170938,9,5,0,86.83,1.0000,0.0394,0.001666,4.276
68746,520,439,959,223,65,101,11.81,0.8264,0.5514,0.204108,15,22,10,132.98,0.4217,0.0893,0.006973,4.460
68772,520,455,975,179,62,223,314.94,0.8693,0.5349,0.183577,12,11,9,84.89,0.0826,0.0590,0.003372,4.376
68820,520,365,885,236,4,233,329.05,0.9982,0.6058,0.238055,10,19,113,267.23,0.9715,0.1700,0.017224,4.285
68822,520,13,533,250,251,224,108.76,0.8345,0.9770,0.947003,16,134,54,147.85,0.9876,0.4699,0.174259,4.446
68827,520,210,730,251,154,192,355.25,0.8800,0.7625,0.474285,81,74,17,102.13,0.8054,0.3129,0.066875,4.486
68828,520,416,936,228,38,188,338.99,0.9374,0.5746,0.215136,7,26,52,256.79,0.7102,0.1161,0.010318,4.396
68851,520,211,731,220,163,238,317.89,0.7716,0.7605,0.475841,72,76,40,114.09,0.4768,0.3117,0.066998,4.494
68855,520,365,885,241,5,219,333.54,0.9975,0.6057,0.239267,70,16,36,1.87,0.7084,0.1701,0.018003,4.254
68857,520,469,989,204,45,155,343.79,0.8391,0.5174,0.170827,0,8,0,142.50,1.0000,0.0380,0.001737,4.268
68863,520,398,918,200,78,217,322.60,0.8346,0.5809,0.227394,41,24,51,311.96,0.4799,0.1416,0.013637,4.359
68869,520,430,950,203,92,67,34.09,0.7292,0.5453,0.207580,0,14,69,263.22,1.0005,0.1017,0.007437,4.485
68896,520,430,950,222,37,157,347.33,0.9075,0.5467,0.192896,33,16,28,338.63,0.3975,0.1014,0.007778,4.204
68914,520,434,954,231,39,111,5.77,0.9199,0.5475,0.195906,6,26,24,186.68,0.6037,0.0993,0.008434,4.208
68919,520,434,954,230,50,81,17.54,0.9101,0.5458,0.197012,1,9,70,264.82,0.9748,0.0955,0.006440,4.377
68920,520,421,941,211,7,234,322.75,0.9951,0.5636,0.199433,6,28,35,221.67,0.6376,0.1103,0.009905,4.164
68925,520,454,974,208,53,159,343.77,0.8231,0.5336,0.184614,20,4,35,304.73,0.7716,0.0668,0.003569,4.380
68993,520,330,850,252,80,162,355.17,0.9603,0.6410,0.290447,79,30,22,31.24,0.6690,0.2055,0.026490,4.451
68999,520,289,809,242,117,164,358.19,0.7993,0.6754,0.342828,5,67,38,156.40,0.9734,0.2395,0.041863,4.276
69007,520,453,973,226,51,51,26.41,0.9305,0.5336,0.187783,26,8,21,338.68,0.5092,0.0737,0.004474,4.365
69018,520,409,929,216,29,227,325.53,0.9723,0.5735,0.210258,25,31,17,127.27,0.3666,0.1255,0.012271,4.179
69031,520,401,921,238,62,105,11.71,0.8816,0.5780,0.226454,7,20,88,266.68,0.9455,0.1385,0.012500,4.423
69043,520,445,965,229,45,71,20.00,0.9290,0.5378,0.189926,17,20,5,118.18,0.5722,0.0844,0.006304,4.261
69051,520,382,902,184,106,211,316.84,0.6955,0.5955,0.252025,33,40,14,121.98,0.5966,0.1594,0.018726,4.395
69079,520,403,923,252,15,115,6.44,0.9882,0.5810,0.222785,10,25,66,265.30,0.8048,0.1269,0.011531,4.433
69092,520,458,978,156,90,207,307.89,0.7117,0.5292,0.188857,10,12,16,264.28,0.1481,0.0618,0.003649,4.452
69108,520,361,881,238,43,225,331.37,0.9669,0.6172,0.253438,21,27,103,271.07,0.9031,0.1761,0.019225,4.383
69122,520,473,993,228,15,48,23.44,0.9879,0.5164,0.170520,0,2,25,263.55,1.0011,0.0340,0.001136,4.312
69133,520,392,912,255,18,125,3.82,1.0000,0.5909,0.231770,38,28,50,304.37,0.3824,0.1459,0.014729,4.353
69138,520,289,809,243,111,187,346.98,0.8548,0.6766,0.340140,67,54,4,93.07,0.9175,0.2388,0.038405,4.413
69148,520,451,971,233,22,112,4.65,0.9648,0.5433,0.190703,16,15,10,97.95,0.1766,0.0721,0.004737,4.397
69153,520,464,984,199,6,202,327.54,0.9895,0.5188,0.165384,5,10,12,220.38,0.2461,0.0518,0.002759,4.082
69160,520,357,877,242,87,111,14.76,0.8680,0.6153,0.268444,60,35,24,44.36,0.4353,0.1829,0.022288,4.405
69179,520,427,947,206,52,216,325.34,0.9074,0.5632,0.205374,34,15,29,337.54,0.4430,0.1014,0.007705,4.426
69192,520,476,996,217,4,122,357.48,0.9897,0.5089,0.162462,2,1,1,18.81,0.2281,0.0183,0.000368,4.218
69194,520,454,974,95,108,239,274.51,0.8792,0.5266,0.193893,10,17,13,159.45,0.2490,0.0729,0.004945,4.439
69200,520,408,928,229,59,139,356.81,0.8504,0.5690,0.216527,42,17,56,311.53,0.6514,0.1334,0.011787,4.314
69206,520,477,997,178,90,93,19.20,0.5467,0.5058,0.175690,8,0,2,359.68,1.0000,0.0239,0.000560,4.464
69209,520,480,1000,203,67,55,28.70,0.8402,0.5062,0.169888,0,0,0,0.00,0.0000,0.0000,0.000000,4.398
69215,520,346,866,226,70,239,324.61,0.9361,0.6271,0.267832,63,37,16,57.77,0.5975,0.1908,0.024174,4.285
69221,520,443,963,195,6,241,316.97,0.9956,0.5422,0.180847,23,11,30,311.95,0.4988,0.0798,0.005153,4.186
69223,520,386,906,216,39,247,320.74,0.9722,0.5931,0.227673,56,14,54,329.75,0.7037,0.1502,0.014213,4.324
69225,520,268,788,247,105,234,331.29,0.9602,0.6969,0.358204,100,35,45,13.96,0.6431,0.2598,0.041013,4.485
69227,520,457,977,135,87,245,292.17,0.9086,0.5290,0.185598,21,9,5,43.18,0.4338,0.0635,0.003658,4.391
69269,520,347,867,249,82,129,7.44,0.9238,0.6266,0.277626,53,41,26,72.34,0.3464,0.1881,0.024174,4.417
69271,520,337,857,251,45,227,333.88,0.9823,0.6422,0.279351,66,9,104,305.68,0.9060,0.2048,0.023532,4.479
69272,520,435,955,245,14,8,29.23,0.9944,0.5498,0.197476,10,18,37,265.41,0.5204,0.0870,0.006307,4.395
69283,520,380,900,218,81,191,336.32,0.8028,0.5976,0.245540,17,42,29,159.15,0.5891,0.1570,0.018637,4.306
69291,520,461,981,201,44,195,329.85,0.8883,0.5345,0.181608,9,9,7,107.02,0.0951,0.0514,0.002688,4.396
69294,520,473,993,224,30,100,7.90,0.9367,0.5248,0.176987,6,2,7,321.31,0.4833,0.0305,0.000975,4.453
69299,520,356,876,248,3,226,333.40,0.9989,0.6224,0.255156,63,28,37,4.99,0.4765,0.1768,0.020210,4.346
69300,520,431,951,200,41,224,321.81,0.9385,0.5509,0.192487,34,0,60,304.21,1.0000,0.1015,0.006664,4.279
69318,520,445,965,224,38,123,359.99,0.9034,0.5369,0.186663,27,9,35,314.25,0.6219,0.0845,0.005498,4.264
69334,520,328,848,239,64,251,325.19,0.9852,0.6505,0.289850,57,30,91,300.69,0.6834,0.2050,0.025538,4.499
69335,520,396,916,222,96,42,41.40,0.8807,0.5814,0.240650,7,40,10,144.79,0.9528,0.1412,0.015846,4.414
69348,520,432,952,196,35,235,318.18,0.9596,0.5492,0.189374,39,9,33,336.23,0.6480,0.1014,0.007366,4.173
69361,520,387,907,193,94,213,320.64,0.7600,0.5898,0.241482,42,28,51,311.35,0.4024,0.1515,0.015618,4.442
69376,520,400,920,215,35,237,322.83,0.9701,0.5819,0.217655,49,15,61,316.04,0.7139,0.1448,0.013316,4.227
69391,520,282,802,220,133,207,332.52,0.6904,0.6888,0.364973,18,70,31,148.24,0.9332,0.2519,0.046077,4.319
69407,520,427,947,234,41,133,358.54,0.9163,0.5622,0.207747,11,24,22,183.56,0.3533,0.0957,0.007823,4.458
69410,520,270,790,252,122,165,0.99,0.9208,0.6991,0.373340,33,72,5,136.01,0.9818,0.2623,0.049689,4.247
69412,520,466,986,230,22,22,28.45,0.9858,0.5208,0.174578,3,6,25,269.15,0.7178,0.0473,0.002198,4.302
69413,520,467,987,209,1,176,337.53,0.9976,0.5191,0.167138,13,1,24,307.77,0.8563,0.0444,0.001732,4.197
69418,520,432,952,221,73,23,36.89,0.9547,0.5450,0.202017,7,3,76,269.77,0.9891,0.0980,0.006320,4.475
69419,520,411,931,210,50,215,326.75,0.9154,0.5676,0.208910,29,22,53,291.43,0.5369,0.1241,0.010921,4.250
69420,520,447,967,188,28,245,313.85,0.9750,0.5411,0.181157,2,17,37,253.49,0.7988,0.0792,0.005473,4.167
69441,520,330,850,249,23,250,328.09,0.9937,0.6440,0.276576,32,48,79,262.67,0.4781,0.2106,0.029854,4.090
69469,520,373,893,255,37,115,7.94,1.0000,0.5956,0.238247,61,23,5,44.07,0.8059,0.1560,0.016160,4.357
69480,520,409,929,230,44,155,350.17,0.9031,0.5654,0.209937,35,17,62,298.09,0.6967,0.1287,0.011060,4.257
69484,520,462,982,216,65,18,35.74,0.9658,0.5253,0.184257,5,10,8,170.79,0.2540,0.0504,0.002669,4.448
69494,520,449,969,226,45,101,9.24,0.8966,0.5387,0.189879,23,11,6,45.66,0.4169,0.0703,0.004347,4.414
69499,520,468,988,230,11,5,29.31,0.9954,0.5165,0.170764,5,7,10,253.66,0.1810,0.0441,0.002061,4.240
69504,520,330,850,253,78,159,356.25,0.9729,0.6395,0.288380,19,50,82,251.56,0.6588,0.2107,0.030287,4.215
69510,520,263,783,254,106,239,331.75,0.9952,0.7115,0.376136,33,70,29,141.81,0.8345,0.2585,0.047922,4.352
69535,520,391,911,252,12,152,354.66,0.9908,0.5932,0.232289,37,37,15,108.72,0.5123,0.1549,0.017510,4.181
69559,520,404,924,255,1,96,12.32,1.0000,0.5793,0.221300,15,34,16,145.17,0.6519,0.1266,0.012830,4.318
69568,520,466,986,219,58,32,31.88,0.9414,0.5243,0.181931,23,3,3,23.93,0.7356,0.0530,0.002539,4.414
69576,520,466,986,209,0,173,338.43,1.0000,0.5171,0.165746,8,4,27,287.87,0.7246,0.0487,0.002176,4.135
69581,520,432,952,160,87,241,302.03,0.8784,0.5549,0.206412,5,21,46,258.24,0.7371,0.0976,0.007658,4.447
69587,520,476,996,228,5,42,24.33,0.9963,0.5132,0.167727,6,1,0,47.34,1.0000,0.0238,0.000604,4.303
69591,520,281,801,245,136,53,53.56,0.9084,0.6896,0.372806,18,69,45,158.94,0.8595,0.2519,0.045741,4.416
69593,520,388,908,196,94,203,324.97,0.7329,0.5881,0.240543,63,17,17,23.74,0.7208,0.1518,0.014983,4.471
69598,520,431,951,235,48,28,30.41,0.9672,0.5472,0.198631,34,17,1,65.72,0.8723,0.0970,0.007432,4.329
69601,520,373,893,165,110,243,300.21,0.8446,0.5998,0.256225,26,39,50,244.61,0.3010,0.1628,0.019009,4.437
69606,520,427,947,238,49,63,23.41,0.9417,0.5579,0.207359,2,9,77,265.54,0.9781,0.1049,0.007440,4.480
69611,520,389,909,227,71,167,346.86,0.8241,0.5893,0.236299,41,30,40,329.30,0.2312,0.1491,0.015532,4.369
69623,520,479,999,179,23,224,316.12,0.9667,0.5068,0.155795,0,0,6,264.05,1.0000,0.0126,0.000131,4.105
69634,520,368,888,209,76,248,317.49,0.9581,0.6133,0.255030,68,16,52,342.39,0.7052,0.1736,0.018476,4.455
69669,520,354,874,234,87,160,352.85,0.8061,0.6174,0.268495,20,43,68,252.04,0.5604,0.1814,0.022937,4.367
69673,520,455,975,212,28,173,339.42,0.9295,0.5313,0.178469,24,4,20,335.56,0.6519,0.0628,0.003316,4.285
69677,520,447,967,146,86,242,296.83,0.8865,0.5373,0.191775,2,20,32,238.22,0.7776,0.0837,0.006175,4.304
69704,520,427,947,216,79,103,13.23,0.7502,0.5562,0.211725,0,24,42,242.67,1.0000,0.0996,0.008204,4.497
69713,520,451,971,199,48,208,325.56,0.8958,0.5428,0.188117,25,8,17,348.24,0.4688,0.0707,0.004208,4.393
69721,520,418,938,219,82,78,25.15,0.7950,0.5600,0.216472,29,18,57,292.50,0.6499,0.1191,0.009892,4.449
69723,520,416,936,239,18,146,354.13,0.9765,0.5665,0.208618,29,15,66,289.66,0.7654,0.1220,0.009962,4.313
69728,520,418,938,244,45,34,29.09,0.9664,0.5638,0.212288,34,20,51,302.78,0.5508,0.1243,0.010794,4.314
69730,520,404,924,237,57,129,1.94,0.8811,0.5787,0.225188,8,36,33,185.45,0.6799,0.1349,0.014231,4.284
69732,520,384,904,208,53,253,316.96,0.9896,0.5941,0.230495,9,40,41,198.16,0.6814,0.1515,0.017357,4.164
69743,520,373,893,192,91,230,315.67,0.8368,0.5950,0.244029,1,46,25,157.44,0.9891,0.1624,0.020305,4.182
69745,520,449,969,218,26,173,340.90,0.9436,0.5416,0.186637,21,3,38,304.06,0.8256,0.0684,0.003645,4.411
69755,520,454,974,211,17,185,335.45,0.9669,0.5322,0.177547,8,1,59,274.33,0.9907,0.0738,0.003891,4.222
69788,520,446,966,187,23,246,313.45,0.9813,0.5383,0.178326,35,10,0,48.93,1.0000,0.0850,0.005745,4.096
69795,520,460,980,191,32,226,318.96,0.9544,0.5323,0.176018,9,8,33,280.52,0.6659,0.0623,0.003415,4.231
69818,520,454,974,234,1,66,18.75,0.9991,0.5286,0.179106,16,1,52,286.95,0.9719,0.0724,0.003798,4.259
69821,520,386,906,206,90,195,331.32,0.7487,0.5927,0.243759,6,37,56,240.14,0.7598,0.1494,0.016473,4.419
69822,520,452,972,217,18,158,345.31,0.9579,0.5287,0.176554,2,2,56,267.17,0.9898,0.0674,0.003418,4.241
69835,520,454,974,227,43,27,29.93,0.9650,0.5268,0.181407,11,14,15,219.81,0.0922,0.0668,0.004197,4.270
69837,520,461,981,231,40,1,31.87,0.9989,0.5318,0.185117,1,3,43,266.28,0.9757,0.0540,0.002460,4.482
69841,520,433,953,226,53,103,9.49,0.8711,0.5459,0.196970,43,9,9,23.73,0.7194,0.0997,0.007288,4.311
69843,520,405,925,242,65,14,34.53,0.9866,0.5761,0.226928,1,30,55,247.94,0.9241,0.1262,0.012108,4.459
69845,520,423,943,216,87,68,30.75,0.7943,0.5601,0.218350,4,28,40,233.24,0.7426,0.1120,0.010095,4.465
69858,520,374,894,194,104,199,325.30,0.6745,0.5988,0.254947,37,34,55,290.04,0.3310,0.1623,0.018132,4.476
69869,520,419,939,204,52,212,325.84,0.8980,0.5571,0.200486,31,13,55,299.37,0.7148,0.1112,0.008550,4.278
69874,520,377,897,245,30,179,345.41,0.9688,0.5975,0.235989,62,17,40,351.97,0.6502,0.1575,0.015784,4.347
69876,520,234,754,233,150,212,336.56,0.7469,0.7393,0.438915,14,81,38,150.31,0.9625,0.2896,0.061179,4.398
69889,520,443,963,232,22,92,11.36,0.9689,0.5355,0.185054,26,16,7,63.37,0.4288,0.0850,0.006056,4.193
69894,520,399,919,220,85,116,9.30,0.7341,0.5752,0.229760,63,13,5,32.52,0.8854,0.1441,0.013557,4.402
69906,520,412,932,233,15,179,342.53,0.9821,0.5696,0.209228,9,28,42,242.91,0.5703,0.1158,0.010557,4.281
69912,520,387,907,237,60,148,355.23,0.8748,0.5883,0.233773,55,21,29,7.10,0.5261,0.1468,0.014374,4.408
69914,520,327,847,232,72,255,322.34,1.0000,0.6491,0.290127,20,56,41,163.51,0.6774,0.2083,0.031371,4.180
69916,520,475,995,227,21,71,17.50,0.9739,0.5200,0.173251,0,0,29,264.05,1.0000,0.0317,0.000887,4.387
69943,520,407,927,202,64,222,322.32,0.8850,0.5717,0.214989,3,39,3,142.79,0.9859,0.1349,0.014769,4.091
69945,520,399,919,249,41,107,10.02,0.9564,0.5836,0.227907,36,25,49,304.20,0.4290,0.1360,0.012921,4.417
69969,520,451,971,196,64,184,331.75,0.7959,0.5375,0.188649,4,19,8,152.18,0.7530,0.0726,0.005091,4.332
69974,520,452,972,221,6,149,349.04,0.9868,0.5291,0.176749,29,5,8,14.12,0.6540,0.0681,0.003873,4.209
69982,520,425,945,221,44,183,338.86,0.9054,0.5628,0.205948,19,28,23,160.32,0.2323,0.1133,0.010308,4.244
69983,520,400,920,229,91,13,42.69,0.9772,0.5843,0.241720,42,31,5,85.87,0.7610,0.1430,0.014832,4.500
69990,520,399,919,253,37,52,25.21,0.9910,0.5791,0.224575,41,30,30,18.38,0.1748,0.1449,0.014937,4.228
69994,520,379,899,227,71,180,342.22,0.8400,0.5955,0.241351,69,10,33,2.44,0.7786,0.1601,0.015923,4.420
70020,520,443,963,210,32,187,334.67,0.9271,0.5378,0.183246,7,18,19,202.93,0.3592,0.0754,0.005248,4.222
70052,520,317,837,252,89,187,347.09,0.9657,0.6616,0.314312,9,60,38,159.66,0.9238,0.2167,0.034296,4.322
70054,520,444,964,167,91,194,316.52,0.6678,0.5368,0.195935,35,1,35,328.26,0.8805,0.0834,0.005004,4.471
70058,520,480,1000,170,81,161,331.32,0.6274,0.5054,0.170052,0,0,0,0.00,0.0000,0.0000,0.000000,4.401
70067,520,435,955,222,28,164,344.76,0.9385,0.5454,0.190430,39,2,27,343.60,0.8137,0.0875,0.005540,4.329
70079,520,0,520,255,255,255,0.00,0.0000,1.0000,1.000000,32,138,29,142.55,0.9794,0.4832,0.185720,4.454
70114,520,413,933,255,3,12,28.66,1.0000,0.5690,0.213556,5,11,87,266.92,0.9759,0.1222,0.009597,4.422
70116,520,459,979,187,69,185,328.44,0.7657,0.5292,0.183252,17,3,34,301.23,0.8070,0.0605,0.002998,4.401
70117,520,357,877,249,93,7,41.16,0.9937,0.6231,0.279871,2,48,50,199.38,0.9429,0.1789,0.023570,4.484
70136,520,98,618,183,228,254,233.63,0.9139,0.8786,0.727085,13,114,55,150.91,0.9830,0.4039,0.123955,4.467
70140,520,388,908,235,75,114,10.09,0.8375,0.5887,0.239121,71,2,29,4.99,0.9278,0.1549,0.014720,4.467
70143,520,273,793,232,140,155,9.66,0.6453,0.6980,0.382806,3,73,50,163.82,0.9817,0.2630,0.050145,4.322
70146,520,479,999,204,18,173,337.23,0.9518,0.5121,0.162891,0,1,1,194.77,1.0000,0.0143,0.000239,4.238
70147,520,451,971,204,54,190,332.20,0.8528,0.5447,0.191953,4,13,28,257.29,0.6000,0.0654,0.003975,4.483
70163,520,431,951,218,72,80,21.36,0.8170,0.5453,0.201218,30,11,51,301.88,0.7202,0.1034,0.007544,4.366
70171,520,473,993,198,39,188,331.08,0.8899,0.5212,0.170894,11,0,11,328.36,1.0000,0.0320,0.000953,4.335
70179,520,392,912,196,64,253,313.14,0.9869,0.5854,0.224956,64,18,14,28.15,0.7442,0.1547,0.015545,4.195
70187,520,386,906,255,29,122,5.22,1.0000,0.5938,0.235476,51,27,35,358.82,0.3704,0.1543,0.016091,4.319
70194,520,348,868,253,75,134,5.05,0.9732,0.6276,0.276395,54,44,1,95.23,0.9687,0.1937,0.025879,4.302
70199,520,407,927,219,35,204,332.18,0.9467,0.5662,0.206240,0,22,81,262.38,1.0001,0.1309,0.011678,4.154
70208,520,465,985,218,14,130,355.06,0.9661,0.5166,0.168338,7,9,17,271.72,0.2986,0.0533,0.002810,4.134
70212,520,352,872,234,110,5,49.66,0.9915,0.6231,0.286580,15,46,72,247.08,0.6681,0.1903,0.025233,4.474
70217,520,307,827,250,94,200,342.49,0.9534,0.6703,0.325025,61,52,33,85.29,0.3399,0.2298,0.035580,4.382
70229,520,288,808,247,129,75,43.95,0.9035,0.6823,0.359856,15,67,1,140.14,0.9975,0.2367,0.041179,4.495
70234,520,407,927,241,49,90,15.49,0.9285,0.5689,0.216388,45,14,56,316.06,0.7000,0.1333,0.011575,4.326
70237,520,455,975,191,44,211,322.48,0.9043,0.5285,0.175823,27,2,2,25.84,0.8751,0.0569,0.002809,4.276
70245,520,438,958,224,69,11,36.81,0.9825,0.5453,0.201304,19,20,25,276.47,0.1287,0.0924,0.007089,4.402
70248,520,455,975,192,76,164,338.18,0.7071,0.5345,0.190572,12,8,32,287.21,0.6266,0.0640,0.003561,4.492
70256,520,453,973,187,98,39,50.36,0.7899,0.5257,0.194482,14,8,43,284.66,0.7567,0.0744,0.004414,4.493
70261,520,397,917,220,36,215,329.51,0.9553,0.5756,0.213859,61,10,16,19.03,0.8009,0.1383,0.012468,4.224
70268,520,344,864,243,17,242,328.55,0.9944,0.6266,0.258692,45,40,54,301.11,0.2146,0.1860,0.023418,4.205
70270,520,440,960,155,96,218,303.77,0.7384,0.5459,0.203966,14,18,38,273.37,0.4793,0.0904,0.006659,4.482
70274,520,454,974,197,77,133,354.19,0.6822,0.5301,0.188733,8,16,13,169.65,0.2821,0.0688,0.004513,4.379
70292,520,341,861,237,48,241,327.23,0.9704,0.6289,0.264718,33,37,103,274.79,0.7562,0.2046,0.026256,4.127
70328,520,465,985,216,57,14,34.28,0.9768,0.5162,0.175594,15,2,18,321.23,0.7181,0.0455,0.001887,4.348
70340,520,351,871,244,53,212,336.22,0.9511,0.6263,0.265357,7,55,7,142.86,0.9817,0.1928,0.027928,4.047
70345,520,396,916,200,59,249,315.40,0.9670,0.5837,0.222482,30,1,97,282.22,0.9937,0.1418,0.011608,4.423
70354,520,350,870,245,60,208,337.66,0.9436,0.6311,0.272012,50,35,65,306.19,0.4307,0.1863,0.022619,4.434
70389,520,446,966,196,76,169,337.47,0.7247,0.5437,0.197708,28,14,11,32.72,0.3598,0.0843,0.005851,4.435
70390,520,405,925,209,45,234,321.78,0.9492,0.5757,0.213744,6,12,95,266.98,0.9779,0.1346,0.011278,4.304
70409,520,351,871,252,59,191,344.19,0.9766,0.6339,0.275882,12,42,92,260.16,0.8339,0.1941,0.025067,4.341
70414,520,460,980,195,45,196,327.81,0.8789,0.5255,0.174660,24,0,30,319.99,1.0000,0.0606,0.002880,4.249
70430,520,418,938,208,69,186,334.80,0.8061,0.5642,0.212132,36,16,56,304.00,0.6680,0.1234,0.010312,4.346
70437,520,378,898,210,87,197,331.91,0.7748,0.5959,0.245510,47,32,26,42.76,0.2722,0.1568,0.017120,4.403
70441,520,478,998,194,61,155,341.69,0.7628,0.5147,0.171751,2,0,17,282.31,1.0000,0.0243,0.000534,4.388
70448,520,404,924,248,14,144,356.44,0.9871,0.5825,0.222876,9,37,23,158.59,0.7673,0.1350,0.014430,4.235
70449,520,363,883,225,26,252,322.07,0.9889,0.6058,0.237768,39,22,93,286.72,0.8063,0.1716,0.017954,4.235
70463,520,362,882,235,30,234,328.51,0.9827,0.6115,0.245338,26,39,72,266.19,0.5360,0.1770,0.021385,4.137
70466,520,403,923,252,22,96,12.64,0.9829,0.5780,0.221175,56,9,36,349.68,0.7344,0.1339,0.011636,4.400
70470,520,447,967,191,0,250,313.99,1.0000,0.5422,0.179798,19,15,14,34.32,0.1046,0.0763,0.005118,4.169
70496,520,473,993,191,31,217,321.19,0.9471,0.5248,0.170675,8,0,16,310.50,1.0000,0.0312,0.000890,4.336
70504,520,470,990,224,22,107,4.86,0.9555,0.5232,0.174854,13,2,11,333.18,0.6343,0.0399,0.001532,4.363
70511,520,442,962,190,9,247,314.27,0.9940,0.5398,0.178592,28,14,0,70.87,1.0000,0.0816,0.005610,4.111
70519,520,452,972,112,103,238,281.60,0.8512,0.5291,0.193178,24,7,27,321.54,0.5898,0.0722,0.004253,4.482
70533,520,357,877,234,48,237,327.45,0.9659,0.6212,0.257232,15,51,24,148.98,0.8758,0.1845,0.025351,4.077
70543,520,455,975,140,89,239,294.67,0.8630,0.5327,0.189522,8,8,31,279.03,0.6440,0.0601,0.003242,4.499
70548,520,452,972,230,33,65,20.49,0.9586,0.5309,0.182954,7,2,55,274.03,0.9790,0.0701,0.003644,4.343
70551,520,446,966,181,48,241,312.04,0.9367,0.5393,0.182896,10,15,36,271.23,0.5507,0.0794,0.005335,4.209
70556,520,416,936,231,30,177,342.86,0.9525,0.5701,0.210945,37,17,50,310.14,0.6015,0.1219,0.010245,4.331
70559,520,479,999,214,37,90,10.70,0.9028,0.5058,0.163599,0,0,8,264.05,1.0000,0.0143,0.000175,4.257
70574,520,309,829,251,109,80,33.22,0.9579,0.6561,0.320289,11,62,22,146.78,0.9633,0.2204,0.035742,4.319
70594,520,443,963,240,13,1,29.63,0.9992,0.5385,0.188187,21,10,36,300.67,0.6048,0.0795,0.005039,4.328
70596,520,440,960,241,22,80,16.25,0.9791,0.5516,0.198571,25,13,41,301.13,0.5911,0.0929,0.006546,4.396
70607,520,317,837,231,104,212,333.58,0.8449,0.6598,0.316452,17,50,94,256.80,0.7504,0.2191,0.032084,4.464
70613,520,242,762,238,149,166,7.55,0.6824,0.7269,0.424273,47,74,44,141.99,0.5242,0.2840,0.056836,4.439
70628,520,431,951,228,58,88,16.15,0.8773,0.5506,0.202275,32,19,4,69.99,0.6652,0.0992,0.007816,4.363
70637,520,430,950,168,92,204,313.67,0.7001,0.5463,0.203395,45,7,24,356.79,0.7115,0.1050,0.007759,4.387
70649,520,416,936,240,5,161,349.38,0.9944,0.5721,0.212101,33,28,4,97.96,0.7627,0.1232,0.011626,4.253
70653,520,407,927,197,86,193,328.95,0.7372,0.5722,0.223776,24,28,51,274.96,0.4259,0.1319,0.012637,4.371
70658,520,420,940,229,34,163,346.88,0.9327,0.5612,0.204491,34,1,70,297.47,0.9772,0.1134,0.008040,4.385
70669,520,452,972,206,68,134,354.66,0.7498,0.5345,0.189793,4,15,29,252.71,0.6046,0.0706,0.004561,4.395
70671,520,457,977,201,37,196,329.60,0.9117,0.5304,0.177280,5,13,20,243.01,0.4113,0.0619,0.003706,4.232
70675,520,415,935,192,77,224,318.13,0.8450,0.5723,0.218973,35,18,54,303.13,0.6171,0.1240,0.010563,4.441
70691,520,420,940,212,52,192,333.83,0.8768,0.5580,0.202609,27,25,23,67.56,0.0612,0.1127,0.009901,4.217
70695,520,429,949,236,3,139,355.52,0.9957,0.5542,0.197651,30,6,57,299.55,0.8393,0.1016,0.007017,4.343
70703,520,432,952,214,15,211,329.09,0.9832,0.5540,0.193430,26,13,53,293.72,0.7078,0.1035,0.007645,4.223
70720,520,390,910,244,69,78,22.73,0.9302,0.5907,0.240427,33,32,48,286.90,0.2746,0.1489,0.015697,4.421
70734,520,435,955,237,41,47,26.18,0.9615,0.5479,0.197988,18,21,1,116.44,0.8997,0.0871,0.006671,4.376
70743,520,396,916,252,40,7,31.05,0.9954,0.5758,0.222321,59,12,30,1.08,0.7083,0.1408,0.012866,4.332
70763,520,287,807,217,141,177,350.03,0.5376,0.6873,0.369773,5,69,27,148.98,0.9855,0.2440,0.043675,4.481
70767,520,474,994,201,62,133,353.06,0.7599,0.5181,0.175582,9,0,19,307.99,1.0000,0.0342,0.001051,4.419
70779,520,335,855,210,119,179,341.29,0.6012,0.6374,0.301516,16,54,49,183.31,0.6798,0.2029,0.029701,4.410
70780,520,431,951,183,73,217,317.20,0.8260,0.5491,0.198432,4,15,60,265.89,0.9156,0.0962,0.006937,4.363
70786,520,369,889,245,64,155,354.72,0.9094,0.6095,0.254490,31,32,78,278.41,0.6295,0.1686,0.018743,4.429
70789,520,429,949,230,6,162,346.90,0.9908,0.5531,0.195647,44,0,33,340.37,1.0000,0.0971,0.006454,4.351
70796,520,164,684,242,174,235,330.09,0.8876,0.8063,0.551490,28,93,59,156.54,0.8657,0.3391,0.083910,4.492
70803,520,423,943,233,60,42,30.09,0.9368,0.5550,0.207255,39,12,43,322.32,0.6457,0.1118,0.008687,4.383
70806,520,443,963,187,58,217,319.24,0.8729,0.5386,0.186019,28,3,45,307.82,0.8519,0.0835,0.005015,4.290
70818,520,368,888,235,86,124,8.20,0.8102,0.6052,0.257758,43,40,12,103.22,0.6376,0.1700,0.020577,4.361
70832,520,476,996,218,0,122,357.59,1.0000,0.5101,0.163132,2,1,4,302.09,0.5000,0.0201,0.000434,4.226
70838,520,288,808,242,129,123,24.25,0.8044,0.6835,0.360104,35,65,30,140.89,0.7162,0.2435,0.042315,4.442
70854,520,478,998,221,28,69,18.06,0.9565,0.5101,0.166351,3,1,1,20.04,0.3720,0.0199,0.000433,4.290
70868,520,423,943,196,36,245,315.90,0.9665,0.5578,0.195915,27,23,38,296.10,0.3090,0.1144,0.009857,4.108
70878,520,439,959,168,72,248,304.93,0.9464,0.5506,0.197375,14,23,20,172.15,0.2427,0.0942,0.007566,4.297
70894,520,476,996,209,63,16,35.96,0.9659,0.5091,0.171501,5,0,2,349.81,1.0000,0.0195,0.000367,4.398
70895,520,326,846,248,38,251,327.58,0.9884,0.6487,0.283106,73,25,70,330.13,0.6555,0.2058,0.025541,4.410
70903,520,445,965,196,87,114,6.85,0.6256,0.5366,0.197688,20,16,11,73.11,0.1982,0.0788,0.005435,4.468
70910,520,475,995,153,65,250,300.13,0.9644,0.5245,0.174554,10,0,13,321.63,1.0000,0.0318,0.000936,4.409
70915,520,456,976,175,70,208,317.06,0.8030,0.5270,0.180493,23,8,4,40.48,0.5348,0.0639,0.003646,4.297
70931,520,372,892,239,19,229,330.66,0.9909,0.6115,0.244764,36,32,77,283.82,0.5978,0.1724,0.019439,4.245
70933,520,200,720,243,177,10,81.25,0.9894,0.7686,0.505230,0,92,13,143.89,1.0000,0.3215,0.076830,4.378
70936,520,469,989,202,5,190,331.64,0.9894,0.5158,0.163847,3,0,36,273.91,1.0000,0.0419,0.001467,4.155
70954,520,289,809,255,114,119,20.27,1.0000,0.6781,0.346298,34,61,67,213.44,0.3809,0.2427,0.040827,4.363
70962,520,367,887,241,17,229,331.12,0.9925,0.6145,0.247616,74,2,51,345.77,0.9045,0.1713,0.017385,4.417
70964,520,309,829,251,76,225,334.61,0.9790,0.6649,0.311173,10,55,80,238.65,0.7914,0.2208,0.033759,4.312
70967,520,385,905,244,67,64,26.35,0.9419,0.5863,0.236209,55,18,40,346.28,0.5920,0.1462,0.013982,4.473
70968,520,479,999,220,12,97,7.35,0.9772,0.5086,0.163443,0,0,8,264.05,1.0000,0.0143,0.000175,4.254
70987,520,480,1000,220,42,26,29.99,0.9625,0.5114,0.169489,0,0,0,0.00,0.0000,0.0000,0.000000,4.390
70996,520,455,975,188,68,184,329.13,0.7689,0.5290,0.182877,17,5,27,307.63,0.6547,0.0597,0.003069,4.388
70997,520,455,975,159,81,228,305.13,0.8274,0.5345,0.188577,19,7,7,20.11,0.3801,0.0574,0.003058,4.497
70999,520,474,994,204,38,166,339.74,0.8748,0.5181,0.169788,6,4,2,74.90,0.3060,0.0343,0.001299,4.284
71009,520,368,888,236,78,159,352.65,0.8353,0.6095,0.257876,3,30,100,263.26,0.9677,0.1706,0.018679,4.483
71013,520,467,987,210,63,63,24.93,0.8523,0.5159,0.176179,13,3,2,31.66,0.5575,0.0391,0.001551,4.387
71020,520,337,857,243,71,215,335.37,0.9355,0.6412,0.284702,33,47,59,244.85,0.2820,0.1963,0.026721,4.363
71022,520,411,931,210,74,175,339.44,0.7760,0.5675,0.216963,35,23,16,51.36,0.3114,0.1154,0.010076,4.444
71028,520,474,994,227,31,23,29.06,0.9755,0.5187,0.173757,8,2,5,344.94,0.4746,0.0320,0.001060,4.382
71042,520,420,940,240,32,96,11.75,0.9576,0.5575,0.204061,12,21,55,268.80,0.7054,0.1089,0.008903,4.313
71057,520,448,968,230,38,87,14.04,0.9341,0.5383,0.189003,20,7,47,292.27,0.7851,0.0820,0.005059,4.341
71075,520,414,934,202,34,248,316.93,0.9731,0.5686,0.204795,29,20,53,293.25,0.5746,0.1199,0.010186,4.233
71076,520,371,891,221,47,253,320.54,0.9913,0.6104,0.244990,52,36,20,65.36,0.4364,0.1724,0.020424,4.189
71104,520,380,900,232,9,238,326.96,0.9961,0.6031,0.235267,4,24,98,264.75,0.9531,0.1567,0.015608,4.348
71116,520,464,984,216,45,106,5.67,0.8668,0.5203,0.175188,9,10,1,113.20,0.7660,0.0517,0.002774,4.267
71127,520,312,832,252,77,205,340.61,0.9774,0.6570,0.304141,15,57,60,201.88,0.7052,0.2171,0.033539,4.239
71167,520,423,943,181,84,222,314.42,0.8083,0.5642,0.214393,7,29,36,221.70,0.6108,0.1143,0.010512,4.369
71176,520,356,876,238,54,211,335.07,0.9409,0.6160,0.255213,11,31,100,265.71,0.9149,0.1757,0.019711,4.378
71192,520,401,921,249,12,146,355.96,0.9895,0.5849,0.224815,8,2,108,267.42,0.9973,0.1428,0.011776,4.449
71209,520,401,921,237,40,171,346.34,0.9360,0.5836,0.224653,64,7,23,10.24,0.8199,0.1430,0.013040,4.357
71219,520,465,985,161,68,224,308.08,0.8457,0.5165,0.170938,23,2,9,358.47,0.7318,0.0527,0.002453,4.212
71220,520,379,899,226,77,177,343.34,0.8152,0.5991,0.246532,53,16,72,311.68,0.7527,0.1613,0.015954,4.496
71222,520,445,965,234,16,87,12.97,0.9814,0.5364,0.185542,9,20,15,164.18,0.3708,0.0808,0.005929,4.211
71225,520,466,986,157,67,238,303.67,0.8992,0.5215,0.173559,16,2,24,312.96,0.7755,0.0502,0.002195,4.283
71244,520,379,899,230,73,171,346.29,0.8323,0.5986,0.245309,21,28,85,271.84,0.8086,0.1585,0.016457,4.444
71245,520,325,845,222,116,187,341.26,0.6977,0.6529,0.316102,28,57,27,143.23,0.7229,0.2121,0.032522,4.436
71247,520,390,910,251,57,75,21.93,0.9750,0.5923,0.239471,38,32,27,61.98,0.1455,0.1453,0.015242,4.437
71257,520,332,852,253,70,178,349.02,0.9793,0.6392,0.284806,3,46,91,254.03,0.9278,0.2010,0.027285,4.332
71268,520,475,995,165,60,235,307.60,0.8982,0.5220,0.172299,10,0,2,3.86,1.0000,0.0266,0.000689,4.386
71273,520,99,619,255,217,70,94.00,1.0000,0.8756,0.713296,19,110,95,178.26,0.9113,0.4033,0.121160,4.460
71277,520,349,869,243,60,219,334.16,0.9460,0.6339,0.274037,0,43,87,253.59,0.9999,0.1883,0.024157,4.370
71300,520,453,973,227,51,35,29.86,0.9478,0.5339,0.188228,24,9,13,3.29,0.3983,0.0697,0.004186,4.396
71329,520,439,959,245,11,36,26.22,0.9949,0.5506,0.197827,11,13,51,274.46,0.7885,0.0880,0.005980,4.427
71345,520,402,922,236,72,70,25.54,0.8973,0.5774,0.229128,6,35,38,204.75,0.7211,0.1330,0.013807,4.375
71365,520,337,857,250,57,218,336.05,0.9739,0.6431,0.283153,20,40,101,266.07,0.8249,0.2011,0.026058,4.380
71390,520,300,820,244,73,250,326.53,0.9822,0.6657,0.309029,23,52,96,258.62,0.6874,0.2288,0.034825,4.233
71391,520,433,953,162,79,245,302.84,0.9179,0.5493,0.198664,7,5,73,269.95,0.9794,0.0970,0.006347,4.413
71407,520,403,923,232,22,194,338.07,0.9757,0.5781,0.216274,45,21,29,359.41,0.4159,0.1300,0.011830,4.307
71409,520,432,952,238,36,34,28.05,0.9727,0.5455,0.195577,45,7,12,16.91,0.7521,0.1012,0.007365,4.281
71414,520,470,990,175,72,187,323.39,0.7418,0.5154,0.173376,1,2,27,268.22,0.9536,0.0368,0.001290,4.355
71416,520,411,931,241,31,144,355.61,0.9541,0.5746,0.216975,23,21,59,281.35,0.6426,0.1207,0.010342,4.424
71434,520,445,965,238,24,48,24.45,0.9825,0.5409,0.190471,8,13,40,271.34,0.6857,0.0766,0.004927,4.378
71443,520,249,769,227,155,138,33.84,0.5747,0.7162,0.416103,44,66,102,259.87,0.4664,0.2841,0.053910,4.486
71464,520,414,934,237,0,169,346.25,1.0000,0.5691,0.208721,5,4,90,267.11,0.9922,0.1175,0.008572,4.417
71470,520,396,916,244,20,148,354.53,0.9773,0.5778,0.218748,55,21,21,21.83,0.5557,0.1443,0.014028,4.197
71474,520,470,990,227,30,34,27.31,0.9740,0.5190,0.173779,7,4,19,292.31,0.5889,0.0427,0.001790,4.321
71483,520,412,932,186,71,239,312.83,0.9056,0.5673,0.211786,4,35,9,146.52,0.9630,0.1228,0.012475,4.190
71497,520,398,918,234,9,198,337.37,0.9922,0.5808,0.217678,10,36,38,202.19,0.5985,0.1380,0.014662,4.140
71502,520,410,930,236,13,172,345.26,0.9850,0.5712,0.211022,37,28,7,86.18,0.6405,0.1288,0.012392,4.184
71510,520,471,991,195,39,200,326.74,0.9049,0.5239,0.172249,10,3,19,304.87,0.6526,0.0432,0.001767,4.293
71521,520,461,981,199,72,131,354.86,0.7109,0.5260,0.184174,18,5,8,3.40,0.4522,0.0522,0.002547,4.456
71522,520,466,986,191,67,169,335.52,0.7512,0.5240,0.179568,23,2,1,30.61,0.8841,0.0501,0.002278,4.391
71533,520,444,964,185,27,255,310.91,1.0000,0.5447,0.183192,14,17,28,272.17,0.3019,0.0821,0.005781,4.181
71537,520,443,963,238,29,41,26.21,0.9787,0.5424,0.192192,5,15,47,265.70,0.8199,0.0845,0.005791,4.341
71558,520,454,974,203,5,214,325.50,0.9937,0.5344,0.176619,18,0,45,295.22,1.0000,0.0654,0.003181,4.261
71566,520,392,912,240,26,180,343.95,0.9708,0.5869,0.225624,23,37,29,158.93,0.3197,0.1453,0.015940,4.180
71572,520,409,929,248,43,23,30.22,0.9813,0.5700,0.217497,14,33,40,224.07,0.4537,0.1319,0.013342,4.223
71586,520,436,956,222,29,163,345.11,0.9351,0.5453,0.190552,8,25,10,146.64,0.7152,0.0933,0.007688,4.170
71601,520,435,955,233,39,107,7.53,0.9259,0.5503,0.198392,45,1,20,359.07,0.9027,0.0945,0.006302,4.412
71603,520,467,987,220,50,73,19.37,0.8967,0.5241,0.179805,6,5,1,100.25,0.5962,0.0367,0.001495,4.463
71604,520,230,750,245,130,247,326.65,0.9595,0.7373,0.420953,0,79,60,169.77,1.0000,0.2860,0.059179,4.314
71617,520,423,943,210,70,164,343.39,0.7754,0.5573,0.207643,36,16,37,325.40,0.5012,0.1103,0.008793,4.382
71621,520,425,945,240,29,94,12.19,0.9637,0.5556,0.202154,10,3,83,270.81,0.9899,0.1092,0.007541,4.382
71622,520,456,976,206,29,194,331.56,0.9384,0.5335,0.178975,20,6,15,341.63,0.4714,0.0593,0.003135,4.309
71624,520,328,848,252,104,30,42.31,0.9783,0.6452,0.306932,11,58,49,177.05,0.8344,0.2143,0.033189,4.291
71633,520,406,926,179,79,251,307.35,0.9645,0.5764,0.221415,16,15,81,273.27,0.9210,0.1266,0.010458,4.489
71653,520,301,821,249,122,84,37.39,0.9238,0.6745,0.347019,21,64,3,138.66,0.9900,0.2288,0.038327,4.495
71666,520,461,981,170,47,249,307.01,0.9677,0.5293,0.174194,11,9,2,98.77,0.5652,0.0516,0.002709,4.253
71675,520,426,946,207,77,158,345.49,0.7337,0.5579,0.210437,1,30,34,207.59,0.9316,0.1131,0.010504,4.304
71679,520,357,877,226,59,237,325.30,0.9459,0.6160,0.254133,77,10,32,7.36,0.8123,0.1768,0.018994,4.408
71717,520,406,926,183,74,251,309.02,0.9682,0.5759,0.219308,20,21,68,276.24,0.7535,0.1264,0.011024,4.413
71730,520,461,981,180,36,240,312.41,0.9570,0.5286,0.172574,2,10,18,241.35,0.6095,0.0516,0.002736,4.220
71733,520,475,995,172,32,250,308.01,0.9764,0.5231,0.167066,3,4,0,118.13,1.0000,0.0300,0.001062,4.251
71750,520,453,973,192,89,99,16.02,0.6093,0.5287,0.192537,0,19,16,182.69,1.0000,0.0720,0.005031,4.407
71767,520,378,898,254,51,88,17.59,0.9926,0.5959,0.241468,44,29,64,301.98,0.5158,0.1648,0.017844,4.296
71774,520,357,877,221,65,251,320.55,0.9807,0.6228,0.261197,75,1,69,332.37,0.9536,0.1838,0.019475,4.479
71786,520,425,945,231,14,160,347.85,0.9790,0.5559,0.198439,30,24,2,95.18,0.8425,0.1085,0.009337,4.187
71788,520,441,961,216,75,50,32.36,0.8709,0.5405,0.198638,7,24,12,151.93,0.6672,0.0901,0.007250,4.343
71796,520,445,965,237,25,57,22.41,0.9788,0.5404,0.189984,2,22,3,144.43,0.9687,0.0787,0.005933,4.291
71804,520,336,856,248,101,51,38.30,0.9478,0.6353,0.295061,1,51,64,220.89,0.9704,0.1957,0.027441,4.456
71805,520,452,972,128,93,247,288.41,0.9187,0.5334,0.191331,25,10,14,3.21,0.3847,0.0733,0.004555,4.424
71809,520,437,957,200,42,217,323.56,0.9269,0.5464,0.189467,10,20,39,262.21,0.5292,0.0932,0.007113,4.193
71820,520,441,961,189,51,220,319.34,0.8997,0.5375,0.183551,25,11,40,303.58,0.6257,0.0887,0.005992,4.171
71826,520,413,933,254,2,38,25.88,0.9992,0.5682,0.212580,6,25,65,262.35,0.8546,0.1240,0.011156,4.294
71827,520,444,964,238,17,34,26.62,0.9904,0.5370,0.186968,18,17,14,91.67,0.0961,0.0800,0.005612,4.261
71838,520,443,963,219,22,172,341.40,0.9550,0.5414,0.186149,31,5,31,327.80,0.7105,0.0811,0.004988,4.295
71841,520,389,909,249,7,159,351.86,0.9942,0.5893,0.227983,17,40,5,136.56,0.9405,0.1454,0.016477,4.182
71850,520,398,918,196,109,122,11.17,0.5114,0.5774,0.240797,21,36,22,146.05,0.4472,0.1385,0.014791,4.488
71854,520,364,884,239,35,213,334.66,0.9708,0.6074,0.243597,68,22,2,42.39,0.9222,0.1673,0.018073,4.313
71859,520,369,889,228,14,250,323.31,0.9949,0.6059,0.237125,15,48,6,139.68,0.9652,0.1714,0.022285,3.972
71864,520,468,988,219,47,46,26.83,0.9333,0.5153,0.172930,15,3,10,342.60,0.5533,0.0445,0.001886,4.297
71865,520,331,851,252,91,125,11.19,0.9537,0.6419,0.296616,6,47,84,250.78,0.8464,0.1990,0.027117,4.495
71874,520,390,910,239,43,181,343.78,0.9387,0.5940,0.234176,55,26,17,38.00,0.5359,0.1532,0.015916,4.311
71883,520,336,856,241,112,41,45.30,0.9269,0.6398,0.304521,17,50,74,243.45,0.6525,0.2043,0.028947,4.491
71888,520,294,814,234,114,205,337.40,0.8260,0.6756,0.339370,3,66,63,189.61,0.9586,0.2444,0.042745,4.198
71889,520,367,887,233,53,212,333.57,0.9366,0.6072,0.246259,68,2,64,331.22,0.9096,0.1672,0.016427,4.460
71893,520,417,937,207,83,166,342.63,0.7198,0.5697,0.222070,0,34,22,165.47,1.0000,0.1206,0.012019,4.387
71897,520,356,876,243,35,227,332.05,0.9793,0.6231,0.258057,50,22,85,299.71,0.7471,0.1771,0.019078,4.460
71911,520,441,961,203,6,226,322.56,0.9943,0.5436,0.183195,4,1,72,267.91,0.9967,0.0876,0.005154,4.228
71930,520,339,859,246,82,168,351.91,0.9026,0.6352,0.284576,17,57,9,140.66,0.9658,0.2035,0.030650,4.148
71941,520,333,853,249,76,178,348.54,0.9402,0.6381,0.285261,12,55,39,164.32,0.8419,0.2010,0.029569,4.213
71958,520,184,704,250,182,30,80.35,0.9712,0.7889,0.538759,1,94,45,151.93,0.9981,0.3329,0.082010,4.460
71962,520,470,990,187,55,195,325.50,0.8342,0.5201,0.172387,19,1,1,26.26,0.8988,0.0415,0.001624,4.308
71978,520,419,939,245,40,5,31.29,0.9961,0.5612,0.209445,52,1,11,15.43,0.9588,0.1065,0.007761,4.492
71995,520,344,864,250,19,225,334.09,0.9926,0.6285,0.262291,17,50,46,184.61,0.6102,0.1892,0.025975,4.110
72010,520,321,841,251,71,200,341.68,0.9698,0.6469,0.291890,13,54,63,215.38,0.7228,0.2084,0.030826,4.230
72037,520,235,755,237,153,175,2.76,0.6634,0.7362,0.438841,55,74,59,150.91,0.2763,0.2946,0.060255,4.434
72040,520,419,939,198,67,205,325.74,0.8328,0.5571,0.204294,48,5,20,4.14,0.7803,0.1064,0.007875,4.394
72046,520,335,855,255,33,216,337.47,1.0000,0.6370,0.273089,52,1,124,289.46,0.9946,0.2020,0.022070,4.483
72054,520,458,978,219,57,72,20.90,0.8768,0.5286,0.184568,18,9,18,326.63,0.3440,0.0641,0.003677,4.370
72063,520,393,913,255,45,45,27.38,1.0000,0.5874,0.233300,5,34,53,241.60,0.7676,0.1382,0.014333,4.404
72064,520,431,951,233,52,20,32.03,0.9770,0.5460,0.198332,8,7,69,270.98,0.9628,0.0956,0.006332,4.408
72068,520,358,878,238,11,252,325.23,0.9969,0.6237,0.254473,0,12,128,264.21,0.9917,0.1790,0.018213,4.464
72069,520,410,930,243,56,43,29.13,0.9529,0.5713,0.220608,29,12,79,285.40,0.8722,0.1312,0.010886,4.444
72083,520,328,848,245,112,27,46.62,0.9644,0.6456,0.310830,4,59,16,146.17,0.9879,0.2070,0.031910,4.405
72089,520,449,969,162,86,215,308.82,0.7611,0.5362,0.192439,29,7,8,19.10,0.5823,0.0719,0.004307,4.464
72099,520,108,628,228,213,211,26.66,0.2060,0.8656,0.687861,5,110,73,161.16,0.9877,0.3939,0.116646,4.428
72100,520,353,873,239,0,251,325.71,1.0000,0.6229,0.253184,8,39,85,258.78,0.8551,0.1786,0.021584,4.235
72105,520,435,955,216,72,112,7.44,0.7689,0.5497,0.204059,0,22,39,242.59,1.0000,0.0922,0.007203,4.441
72118,520,446,966,205,58,177,336.75,0.8209,0.5425,0.191815,25,14,19,350.51,0.2752,0.0828,0.005678,4.343
72120,520,219,739,237,167,140,41.95,0.6540,0.7545,0.475373,32,84,16,139.52,0.9658,0.3030,0.066849,4.496
72122,520,385,905,208,47,247,318.46,0.9643,0.5852,0.221600,41,9,87,293.77,0.8962,0.1507,0.013549,4.274
72126,520,439,959,237,38,50,25.20,0.9644,0.5463,0.196243,40,8,2,36.59,0.8624,0.0910,0.006292,4.374
72136,520,476,996,217,47,55,24.38,0.9211,0.5124,0.170632,1,0,11,279.92,1.0000,0.0185,0.000306,4.386
72140,520,434,954,228,39,143,353.64,0.9094,0.5532,0.199309,13,10,69,274.27,0.9259,0.1032,0.007323,4.349
72152,520,399,919,234,18,192,339.06,0.9817,0.5795,0.217336,56,11,39,346.39,0.7084,0.1377,0.012267,4.293
72191,520,382,902,252,30,158,353.24,0.9761,0.6013,0.240961,62,8,68,323.48,0.8144,0.1645,0.016153,4.398
72197,520,475,995,189,44,204,323.77,0.8901,0.5202,0.169813,2,2,22,274.06,0.8857,0.0341,0.001142,4.298
72200,520,409,929,248,40,56,24.47,0.9691,0.5710,0.217631,54,13,15,21.10,0.7121,0.1277,0.011067,4.383
72215,520,319,839,189,127,222,313.06,0.6862,0.6460,0.312722,56,44,80,298.12,0.4330,0.2241,0.032213,4.412
72234,520,454,974,180,65,215,317.17,0.8416,0.5337,0.183913,0,15,39,254.82,0.9999,0.0745,0.004881,4.262
72240,520,356,876,241,96,104,19.98,0.8578,0.6242,0.280689,2,53,3,142.92,0.9949,0.1836,0.025656,4.371
72252,520,423,943,185,61,251,310.45,0.9741,0.5649,0.206178,14,26,39,251.31,0.4106,0.1114,0.009786,4.285
72266,520,453,973,168,66,228,309.77,0.8647,0.5272,0.178235,18,7,40,294.06,0.7309,0.0739,0.004338,4.200
72272,520,462,982,206,59,141,350.63,0.7866,0.5274,0.181749,0,10,10,194.77,1.0000,0.0465,0.002390,4.424
72279,520,398,918,236,79,45,33.75,0.9233,0.5826,0.236173,36,32,16,95.78,0.4038,0.1399,0.014455,4.440
72292,520,396,916,174,102,215,311.82,0.7159,0.5780,0.234084,5,37,30,175.42,0.8326,0.1355,0.014491,4.405
72297,520,453,973,190,69,171,334.48,0.7445,0.5259,0.181452,29,8,0,50.89,1.0000,0.0716,0.004349,4.259
72301,520,424,944,147,100,234,296.43,0.8062,0.5552,0.212580,27,18,51,292.94,0.5948,0.1121,0.009046,4.447
72317,520,353,873,189,108,240,310.48,0.8493,0.6236,0.278361,21,49,5,136.52,0.9615,0.1778,0.023669,4.457
72322,520,369,889,232,75,181,343.37,0.8457,0.6090,0.255267,67,23,9,37.82,0.7778,0.1680,0.018260,4.472
72323,520,432,952,187,49,240,314.02,0.9362,0.5484,0.190539,16,0,75,277.42,1.0000,0.0984,0.006181,4.281
72332,520,436,956,167,92,207,312.36,0.7107,0.5469,0.203755,19,20,6,112.17,0.5081,0.0866,0.006519,4.490
72360,520,401,921,234,45,177,343.92,0.9225,0.5841,0.225463,25,8,94,278.35,0.9586,0.1407,0.011884,4.451
72384,520,396,916,220,56,196,334.82,0.8872,0.5776,0.220318,41,18,63,304.41,0.6835,0.1391,0.012629,4.316
72399,520,419,939,229,23,163,346.61,0.9601,0.5562,0.199179,21,27,4,121.82,0.7614,0.1075,0.009521,4.186
72400,520,441,961,190,13,244,314.87,0.9906,0.5382,0.177680,42,4,7,20.33,0.8417,0.0895,0.005945,4.070
72404,520,446,966,201,68,158,343.01,0.7539,0.5364,0.190222,29,13,5,49.13,0.5538,0.0822,0.005600,4.321
72410,520,374,894,241,82,67,28.94,0.9192,0.5984,0.251437,21,41,36,176.28,0.3969,0.1588,0.018726,4.386
72419,520,345,865,254,70,143,1.30,0.9869,0.6273,0.274378,54,39,32,46.19,0.2489,0.1859,0.023397,4.420
72427,520,392,912,247,22,157,352.34,0.9776,0.5882,0.227856,11,42,6,140.85,0.9592,0.1491,0.017402,4.122
72429,520,195,715,255,167,145,34.71,1.0000,0.7789,0.509442,0,91,10,143.57,1.0000,0.3178,0.075038,4.474
72461,520,409,929,222,56,172,343.00,0.8602,0.5681,0.213389,12,24,73,267.88,0.8460,0.1324,0.012124,4.240
72465,520,454,974,190,84,126,357.53,0.6187,0.5260,0.187957,20,11,20,326.56,0.3221,0.0711,0.004386,4.375
72467,520,473,993,180,6,248,311.28,0.9957,0.5243,0.166119,4,0,24,285.38,1.0000,0.0322,0.000918,4.244
72469,520,405,925,227,80,95,18.12,0.8039,0.5754,0.228971,44,24,26,13.32,0.3379,0.1336,0.012634,4.454
72471,520,329,849,208,128,173,345.64,0.5349,0.6487,0.318668,10,60,21,146.83,0.9646,0.2130,0.033503,4.415
72478,520,178,698,253,158,248,328.76,0.9903,0.7955,0.521157,43,90,28,138.97,0.9133,0.3299,0.079095,4.424
72490,520,290,810,244,113,176,352.25,0.8406,0.6767,0.341806,40,64,26,135.24,0.7034,0.2431,0.041924,4.262
72514,520,37,557,231,244,249,222.68,0.4884,0.9521,0.885294,4,130,42,146.29,0.9975,0.4537,0.161575,4.421
72518,520,471,991,172,87,156,334.77,0.5856,0.5157,0.179884,4,7,11,248.87,0.2669,0.0435,0.002019,4.419
72538,520,338,858,248,44,230,332.46,0.9753,0.6383,0.274740,0,15,141,264.21,0.9912,0.2012,0.022645,4.470
72539,520,364,884,252,63,124,6.92,0.9680,0.6109,0.257092,36,35,67,283.28,0.4599,0.1717,0.019824,4.398
72553,520,442,962,190,37,228,318.07,0.9458,0.5351,0.178731,24,9,41,302.14,0.6812,0.0849,0.005497,4.122
72561,520,389,909,220,81,168,345.42,0.7706,0.5896,0.239299,34,32,42,294.16,0.1803,0.1468,0.015403,4.423
72571,520,268,788,241,133,156,7.26,0.7519,0.6983,0.378786,77,57,27,75.83,0.5490,0.2631,0.045833,4.474
72594,520,445,965,221,51,120,1.73,0.8533,0.5397,0.190984,0,22,1,143.90,1.0000,0.0769,0.005760,4.322
72600,520,429,949,244,27,44,25.67,0.9827,0.5544,0.202023,32,8,52,305.06,0.7744,0.1026,0.007287,4.399
72606,520,417,937,189,69,235,314.84,0.8937,0.5664,0.210744,37,18,37,326.99,0.4586,0.1156,0.009595,4.375
72630,520,326,846,248,87,175,350.28,0.9194,0.6474,0.298710,26,55,57,201.36,0.4551,0.2146,0.032473,4.228
72635,520,429,949,200,62,190,331.02,0.8201,0.5456,0.194440,15,4,76,275.60,0.9744,0.1046,0.007102,4.281
72642,520,312,832,242,122,21,52.07,0.9712,0.6574,0.328533,41,55,50,171.13,0.1993,0.2224,0.034340,4.488
72651,520,386,906,244,19,175,346.19,0.9822,0.5897,0.227972,13,7,111,269.02,0.9892,0.1547,0.013851,4.353
72655,520,434,954,179,88,195,321.45,0.7012,0.5495,0.205043,28,18,32,316.04,0.3470,0.1009,0.007838,4.410
72663,520,467,987,224,26,82,13.95,0.9566,0.5181,0.171981,4,3,16,284.81,0.6209,0.0354,0.001283,4.329
72666,520,377,897,251,66,45,30.40,0.9805,0.5967,0.245987,3,38,65,246.64,0.8624,0.1574,0.017871,4.361
72669,520,412,932,251,33,32,28.19,0.9854,0.5709,0.217049,12,26,57,263.80,0.6710,0.1226,0.011123,4.369
72673,520,388,908,166,107,231,303.63,0.7761,0.5874,0.243923,42,33,14,84.59,0.4999,0.1497,0.016117,4.446
72697,520,468,988,225,14,90,10.67,0.9785,0.5177,0.170627,8,1,21,300.22,0.8488,0.0372,0.001275,4.303
72700,520,446,966,210,71,129,358.33,0.7488,0.5434,0.197952,16,17,19,264.46,0.0622,0.0798,0.005581,4.461
72701,520,471,991,230,6,37,25.41,0.9960,0.5172,0.170899,3,9,1,135.38,0.8802,0.0439,0.002169,4.234
72707,520,414,934,220,38,212,330.29,0.9489,0.5747,0.213576,25,29,23,135.12,0.1576,0.1215,0.011473,4.288
72722,520,354,874,229,103,136,5.93,0.7270,0.6232,0.281385,30,48,13,132.13,0.7899,0.1817,0.024189,4.467
72742,520,294,814,233,115,213,334.13,0.8410,0.6796,0.343913,51,56,53,159.63,0.0699,0.2359,0.037892,4.482
72751,520,362,882,230,89,141,0.43,0.7696,0.6061,0.258934,18,51,7,139.07,0.9607,0.1832,0.025115,4.113
72752,520,173,693,228,179,233,323.30,0.6874,0.7997,0.546184,35,94,43,146.08,0.8979,0.3414,0.085368,4.404
72757,520,283,803,242,106,227,331.99,0.9283,0.6870,0.347338,53,53,87,282.88,0.3849,0.2474,0.039912,4.419
72791,520,421,941,221,75,107,11.09,0.7806,0.5611,0.214683,44,15,5,40.48,0.7258,0.1103,0.008882,4.495
72795,520,473,993,230,19,9,29.44,0.9916,0.5190,0.173115,5,1,5,327.43,0.5950,0.0251,0.000649,4.405
72814,520,467,987,172,66,207,316.52,0.8113,0.5169,0.171730,4,6,3,133.86,0.3025,0.0380,0.001626,4.295
72818,520,413,933,179,88,230,311.31,0.8296,0.5728,0.222772,34,26,4,89.80,0.7451,0.1191,0.010877,4.481
72821,520,341,861,235,91,162,352.79,0.8049,0.6251,0.277556,38,47,62,260.52,0.2525,0.2021,0.027928,4.203
72827,520,299,819,226,99,251,320.74,0.9751,0.6680,0.320593,39,56,67,237.20,0.2751,0.2314,0.036648,4.277
72846,520,387,907,241,2,188,341.66,0.9983,0.5870,0.223781,37,31,37,326.00,0.1395,0.1452,0.015069,4.208
72892,520,467,987,153,77,222,304.66,0.8133,0.5162,0.173544,6,8,1,119.36,0.7260,0.0444,0.002146,4.287
72904,520,430,950,178,74,231,311.88,0.8635,0.5533,0.201330,34,18,1,68.77,0.8798,0.0992,0.007749,4.352
72966,520,423,943,197,29,245,316.33,0.9759,0.5558,0.193431,53,0,5,22.14,1.0000,0.1060,0.007680,4.220
72998,520,446,966,218,52,128,358.05,0.8396,0.5377,0.189224,19,18,1,106.86,0.8736,0.0802,0.005733,4.292
73001,520,319,839,249,31,255,326.97,1.0000,0.6501,0.283426,28,37,124,270.80,0.8892,0.2233,0.030251,4.155
73004,520,375,895,222,34,252,321.23,0.9882,0.6041,0.237040,11,42,42,195.18,0.6526,0.1591,0.018942,4.164
73007,520,401,921,238,71,88,19.49,0.8862,0.5833,0.233913,28,35,13,123.83,0.5547,0.1393,0.014780,4.383
73025,520,416,936,244,9,121,3.06,0.9907,0.5651,0.208123,15,31,22,158.38,0.4439,0.1190,0.011394,4.204
73026,520,383,903,230,3,242,325.60,0.9988,0.6014,0.233013,43,13,82,297.08,0.8361,0.1524,0.014107,4.415
73049,520,356,876,243,25,234,330.38,0.9890,0.6236,0.256933,39,41,54,277.93,0.2020,0.1822,0.022835,4.214
73065,520,480,1000,161,77,202,312.92,0.7495,0.5120,0.171498,0,0,0,0.00,0.0000,0.0000,0.000000,4.430
73069,520,434,954,221,61,126,0.52,0.8187,0.5512,0.202185,24,18,41,294.01,0.4751,0.1016,0.007869,4.358
73073,520,447,967,218,53,120,1.37,0.8378,0.5357,0.188102,31,3,36,321.53,0.7973,0.0809,0.004838,4.342
73078,520,432,952,245,6,16,28.41,0.9975,0.5483,0.195837,16,5,71,277.60,0.9565,0.1006,0.006736,4.333
73091,520,448,968,182,38,244,312.06,0.9581,0.5363,0.178640,26,10,31,317.68,0.5494,0.0824,0.005356,4.130
73092,520,380,900,222,82,185,339.63,0.8000,0.6023,0.250692,21,34,66,265.58,0.5725,0.1558,0.016968,4.490
73101,520,458,978,164,71,225,308.66,0.8419,0.5253,0.178359,26,1,26,328.20,0.8420,0.0630,0.003159,4.296
73103,520,442,962,183,88,159,337.90,0.6157,0.5356,0.195512,8,13,39,271.29,0.6700,0.0759,0.004859,4.475
73126,520,396,916,253,34,80,18.16,0.9881,0.5817,0.226096,20,15,92,274.26,0.9361,0.1426,0.012630,4.408
73127,520,185,705,252,176,105,62.63,0.9141,0.7856,0.527684,3,92,68,167.39,0.9870,0.3326,0.080906,4.413
73139,520,445,965,184,42,237,314.07,0.9441,0.5361,0.179618,9,8,50,275.32,0.8739,0.0770,0.004620,4.204
73156,520,440,960,241,23,46,24.91,0.9849,0.5466,0.195142,27,15,29,321.65,0.3850,0.0918,0.006634,4.329
73173,520,392,912,210,79,199,331.20,0.8057,0.5867,0.234190,19,21,95,272.06,0.9180,0.1549,0.015009,4.372
73175,520,247,767,228,147,184,351.05,0.6129,0.7159,0.408239,23,79,11,140.69,0.9794,0.2818,0.057981,4.244
73181,520,422,942,250,16,28,27.62,0.9935,0.5619,0.207821,10,19,57,268.81,0.7838,0.1050,0.008256,4.426
73186,520,391,911,251,46,103,12.04,0.9693,0.5898,0.234461,38,30,49,303.20,0.3292,0.1500,0.015624,4.335
73191,520,387,907,246,48,120,5.80,0.9304,0.5860,0.230662,4,7,113,265.66,0.9928,0.1537,0.013699,4.406
73203,520,330,850,242,101,122,13.82,0.8364,0.6376,0.295927,51,36,95,291.19,0.6448,0.2123,0.027918,4.440
73215,520,456,976,199,64,155,343.37,0.7617,0.5268,0.181773,1,8,35,262.65,0.9225,0.0573,0.003014,4.372
73223,520,55,575,253,223,252,326.99,0.9715,0.9264,0.806870,13,122,64,152.67,0.9830,0.4321,0.143742,4.423
73225,520,343,863,204,115,194,331.30,0.6367,0.6289,0.289953,26,47,64,244.25,0.4341,0.1940,0.026227,4.460
73262,520,478,998,187,76,131,352.16,0.6544,0.5108,0.173739,3,2,0,94.54,1.0000,0.0233,0.000628,4.419
73267,520,450,970,227,55,16,33.16,0.9794,0.5364,0.191036,11,18,0,124.80,1.0000,0.0728,0.005038,4.379
73281,520,371,891,212,78,226,323.82,0.8775,0.6051,0.249386,62,13,65,325.47,0.7588,0.1673,0.016938,4.473
73292,520,283,803,251,100,212,339.07,0.9679,0.6853,0.343799,41,65,12,131.01,0.9020,0.2451,0.042785,4.244
73305,520,467,987,201,77,49,34.20,0.8264,0.5155,0.179490,0,1,37,264.21,0.9921,0.0423,0.001553,4.452
73306,520,416,936,211,41,222,325.33,0.9449,0.5678,0.207106,41,16,46,320.73,0.5946,0.1232,0.010393,4.257
73319,520,372,892,244,75,127,6.28,0.8888,0.6090,0.258007,5,39,76,253.95,0.8532,0.1697,0.020050,4.397
73350,520,405,925,227,44,191,337.95,0.9244,0.5781,0.218964,22,7,85,278.47,0.9550,0.1255,0.009784,4.499
73354,520,405,925,223,79,128,2.94,0.7644,0.5763,0.228409,19,32,42,242.32,0.3408,0.1332,0.013386,4.392
73372,520,280,800,188,142,244,303.70,0.8061,0.6862,0.365694,30,67,19,139.23,0.9146,0.2452,0.043372,4.452
73376,520,465,985,175,86,151,338.58,0.5887,0.5161,0.180050,25,0,18,339.66,1.0000,0.0550,0.002504,4.382
73380,520,444,964,199,66,177,335.12,0.7827,0.5407,0.192146,10,19,7,137.63,0.5247,0.0766,0.005456,4.366
73406,520,384,904,246,38,144,356.91,0.9476,0.5880,0.229960,16,21,89,270.89,0.9129,0.1460,0.013677,4.397
73408,520,298,818,246,74,248,327.49,0.9763,0.6685,0.312704,34,62,20,136.56,0.8381,0.2312,0.038357,4.105
73417,520,290,810,249,108,180,351.00,0.9087,0.6787,0.341630,69,53,4,88.93,0.9153,0.2388,0.038203,4.440
73424,520,39,559,245,244,180,107.10,0.8360,0.9450,0.874095,31,129,1,140.68,0.9994,0.4520,0.159934,4.402
73444,520,416,936,197,58,239,316.84,0.9245,0.5705,0.211298,52,12,0,40.60,1.0000,0.1195,0.009931,4.360
73447,520,376,896,234,92,37,39.39,0.9289,0.5960,0.252831,35,35,45,285.04,0.1713,0.1573,0.017488,4.487
73470,520,245,765,222,145,246,317.86,0.8994,0.7325,0.424355,27,78,8,139.22,0.9823,0.2798,0.056991,4.434
73478,520,375,895,203,110,141,359.77,0.5468,0.5960,0.257731,28,41,32,154.25,0.2848,0.1625,0.019370,4.436
73480,520,343,863,250,61,195,342.61,0.9637,0.6339,0.276048,15,52,33,157.75,0.7931,0.1902,0.026672,4.252
73493,520,436,956,238,22,92,12.16,0.9741,0.5480,0.195269,33,4,36,324.05,0.7688,0.0858,0.005376,4.429
73508,520,456,976,231,30,21,29.20,0.9786,0.5265,0.179747,5,1,46,274.19,0.9852,0.0564,0.002512,4.375
73528,520,425,945,198,42,240,317.42,0.9539,0.5605,0.199544,22,7,73,282.12,0.9230,0.1110,0.008035,4.300
73534,520,407,927,249,36,19,29.89,0.9861,0.5676,0.214521,7,37,14,148.28,0.9183,0.1318,0.014000,4.133
73536,520,424,944,234,34,149,352.62,0.9367,0.5645,0.208093,18,6,78,277.21,0.9581,0.1122,0.008089,4.443
73540,520,401,921,252,22,87,15.32,0.9841,0.5760,0.219611,46,22,37,342.91,0.4335,0.1370,0.012883,4.287
73561,520,384,904,247,44,120,5.61,0.9389,0.5853,0.229350,21,4,107,273.56,0.9897,0.1508,0.013077,4.429
73569,520,355,875,214,93,210,328.86,0.8019,0.6175,0.267798,25,45,44,191.74,0.3440,0.1771,0.022652,4.374
73594,520,409,929,231,78,8,38.76,0.9882,0.5698,0.224581,14,25,62,267.82,0.7087,0.1255,0.011364,4.475
73603,520,480,1000,150,62,246,300.12,0.9440,0.5136,0.165834,0,0,0,0.00,0.0000,0.0000,0.000000,4.317
73606,520,463,983,184,1,246,312.89,0.9993,0.5277,0.168670,8,7,20,286.07,0.4464,0.0512,0.002541,4.162
73646,520,393,913,246,21,173,347.24,0.9806,0.5932,0.231495,55,21,10,38.37,0.6812,0.1420,0.013706,4.419
73655,520,400,920,231,37,195,337.68,0.9490,0.5834,0.222548,13,36,35,191.65,0.5143,0.1381,0.014686,4.213
73663,520,457,977,230,28,79,15.79,0.9606,0.5309,0.182210,6,2,45,275.82,0.9638,0.0583,0.002716,4.405
73715,520,22,542,253,248,195,103.10,0.9339,0.9652,0.919581,20,132,18,142.55,0.9900,0.4603,0.166942,4.469
73717,520,446,966,210,67,123,0.39,0.7643,0.5364,0.191482,5,6,63,269.32,0.9676,0.0849,0.005214,4.374
73740,520,393,913,239,76,53,31.09,0.9212,0.5854,0.237798,14,38,30,169.37,0.5645,0.1429,0.015733,4.378
73746,520,427,947,233,26,160,348.53,0.9572,0.5637,0.206034,25,8,59,291.29,0.8303,0.1004,0.006961,4.495
73753,520,364,884,255,50,131,3.65,1.0000,0.6084,0.251835,57,27,47,341.11,0.4671,0.1692,0.018591,4.401
73757,520,396,916,218,37,222,327.20,0.9578,0.5774,0.215046,56,10,45,339.07,0.7315,0.1398,0.012474,4.242
73760,520,476,996,183,75,148,342.13,0.6660,0.5103,0.172390,6,0,1,6.99,1.0000,0.0204,0.000409,4.412
73770,520,393,913,248,55,80,20.02,0.9565,0.5856,0.232715,2,40,5,144.30,0.9898,0.1382,0.015414,4.322
73774,520,375,895,223,1,254,321.32,0.9996,0.5981,0.228676,36,40,18,117.48,0.4826,0.1632,0.019363,4.018
73778,520,354,874,142,128,253,285.60,0.9529,0.6174,0.282806,13,51,7,141.07,0.9691,0.1809,0.024685,4.456
73789,520,8,528,245,254,243,140.02,0.8149,0.9852,0.967669,8,136,22,143.40,0.9965,0.4721,0.177171,4.480
73830,520,369,889,253,17,191,343.52,0.9902,0.6143,0.250485,62,25,29,15.07,0.5287,0.1666,0.018083,4.414
73841,520,472,992,196,20,204,326.11,0.9633,0.5188,0.165974,2,3,13,272.57,0.6085,0.0315,0.001071,4.229
73845,520,418,938,243,6,116,4.47,0.9936,0.5608,0.204492,0,28,52,247.27,1.0000,0.1179,0.010784,4.187
73873,520,438,958,215,1,202,331.72,0.9987,0.5467,0.187352,21,16,27,305.01,0.2884,0.0859,0.006091,4.232
73877,520,328,848,246,91,175,350.22,0.8965,0.6489,0.301731,59,40,69,313.41,0.4022,0.2118,0.028771,4.465
73885,520,386,906,237,42,180,343.60,0.9369,0.5892,0.229586,57,22,26,14.80,0.5361,0.1512,0.015184,4.289
73891,520,388,908,255,5,120,5.08,1.0000,0.5866,0.227284,66,10,6,29.30,0.9007,0.1471,0.013887,4.340
73903,520,407,927,230,60,120,4.49,0.8527,0.5652,0.214136,56,9,17,15.57,0.7734,0.1270,0.010767,4.347
73915,520,391,911,200,93,190,331.11,0.7085,0.5853,0.238273,20,41,7,135.54,0.9034,0.1509,0.017499,4.271
73922,520,476,996,193,50,170,335.45,0.8171,0.5099,0.165226,2,0,4,311.99,1.0000,0.0155,0.000217,4.286
73926,520,469,989,187,6,235,316.10,0.9944,0.5241,0.166945,10,2,16,312.31,0.6885,0.0390,0.001454,4.216
73927,520,418,938,224,31,179,340.61,0.9421,0.5585,0.200845,40,12,58,309.00,0.7413,0.1245,0.010196,4.167
73944,520,296,816,197,131,253,307.46,0.9595,0.6811,0.351955,62,58,9,104.57,0.8409,0.2441,0.040700,4.432
73958,520,360,880,243,60,187,343.40,0.9180,0.6166,0.258772,48,24,84,297.66,0.7221,0.1767,0.019218,4.461
73966,520,452,972,173,89,171,328.15,0.6151,0.5284,0.189703,25,5,23,331.40,0.6340,0.0677,0.003771,4.458
73999,520,387,907,246,49,131,2.06,0.9275,0.5903,0.234315,21,38,29,160.28,0.3913,0.1469,0.016343,4.286
74004,520,436,956,236,42,57,23.96,0.9542,0.5477,0.197874,2,11,66,265.40,0.9608,0.0944,0.006455,4.391
74006,520,153,673,245,191,160,51.23,0.7054,0.8201,0.592138,17,100,21,143.34,0.9845,0.3527,0.092873,4.494
74008,520,437,957,244,6,7,29.01,0.9976,0.5458,0.193822,32,0,47,312.37,1.0000,0.0861,0.005123,4.423
74011,520,398,918,228,12,215,331.53,0.9910,0.5810,0.216657,26,13,86,280.34,0.9057,0.1376,0.011793,4.315
74017,520,380,900,225,57,223,328.59,0.9315,0.6035,0.242638,36,26,73,288.99,0.6454,0.1562,0.015949,4.437
74056,520,279,799,253,88,237,331.96,0.9909,0.6873,0.339794,50,54,86,277.58,0.3738,0.2464,0.039883,4.337
74084,520,469,989,171,79,194,319.17,0.7262,0.5237,0.181459,1,2,33,267.48,0.9706,0.0420,0.001597,4.486
74115,520,416,936,221,14,216,329.57,0.9878,0.5696,0.206464,55,11,1,37.06,0.9559,0.1243,0.010539,4.236
74122,520,399,919,241,47,135,359.60,0.9171,0.5806,0.224862,21,35,26,155.72,0.3501,0.1367,0.014360,4.271
74135,520,425,945,232,57,81,18.80,0.8983,0.5560,0.206791,43,6,38,333.87,0.7443,0.1069,0.007839,4.440
74142,520,294,814,224,136,142,15.72,0.5913,0.6753,0.354105,23,65,54,173.26,0.6656,0.2437,0.042289,4.379
74156,520,476,996,212,34,108,3.06,0.8953,0.5052,0.162262,1,1,11,275.11,0.8474,0.0225,0.000523,4.201
74159,520,480,1000,205,41,150,345.71,0.8525,0.5137,0.167691,0,0,0,0.00,0.0000,0.0000,0.000000,4.354
74175,520,403,923,216,65,195,334.13,0.8525,0.5786,0.223217,36,30,2,97.58,0.8850,0.1320,0.013080,4.331
74185,520,324,844,227,99,215,331.30,0.8406,0.6483,0.301630,52,48,27,98.76,0.3907,0.2062,0.029231,4.438
74187,520,437,957,238,30,61,21.85,0.9719,0.5454,0.194459,24,20,12,84.34,0.2674,0.0932,0.007211,4.273
74195,520,458,978,197,5,219,322.65,0.9939,0.5277,0.170950,2,1,49,268.06,0.9929,0.0572,0.002563,4.203
74205,520,374,894,229,78,155,352.60,0.7989,0.5956,0.244759,51,19,69,311.08,0.7026,0.1600,0.015993,4.467
74213,520,463,983,223,4,138,353.16,0.9913,0.5277,0.176125,17,0,22,319.82,1.0000,0.0455,0.001771,4.368
74214,520,431,951,244,2,86,14.03,0.9983,0.5541,0.199519,15,18,49,275.31,0.6360,0.0993,0.007559,4.335
74218,520,404,924,208,57,228,322.70,0.9184,0.5789,0.219393,57,12,23,9.80,0.7097,0.1344,0.011948,4.349
74224,520,389,909,249,61,58,26.84,0.9696,0.5894,0.237862,16,38,47,226.86,0.4860,0.1516,0.017016,4.295
74230,520,372,892,250,52,148,357.19,0.9539,0.6062,0.249215,3,30,102,263.39,0.9690,0.1729,0.019071,4.332
74241,520,432,952,238,20,87,13.66,0.9782,0.5461,0.193688,5,21,46,258.24,0.7371,0.0976,0.007658,4.226
74243,520,412,932,251,27,39,26.71,0.9860,0.5687,0.214433,23,26,40,274.60,0.2925,0.1190,0.010741,4.353
74246,520,319,839,253,55,227,334.38,0.9906,0.6520,0.291642,65,33,84,311.15,0.6108,0.2159,0.028517,4.351
74252,520,429,949,218,9,195,334.36,0.9877,0.5493,0.190432,26,13,44,300.24,0.6236,0.0962,0.006893,4.226
74256,520,434,954,232,53,91,14.71,0.8981,0.5545,0.204603,48,2,21,0.63,0.8607,0.1025,0.007260,4.446
74278,520,425,945,141,101,247,291.81,0.8992,0.5606,0.216854,8,23,57,263.59,0.7676,0.1131,0.009598,4.478
74282,520,471,991,183,46,218,318.18,0.9051,0.5223,0.170844,2,1,36,270.53,0.9838,0.0434,0.001620,4.278
74286,520,470,990,197,62,148,345.50,0.7588,0.5176,0.174555,9,0,21,304.84,1.0000,0.0356,0.001122,4.393
74293,520,435,955,237,42,81,17.18,0.9410,0.5539,0.202577,27,18,18,18.54,0.1945,0.0937,0.007093,4.424
74296,520,467,987,167,77,205,314.43,0.7629,0.5226,0.179318,6,7,5,128.09,0.1366,0.0433,0.002016,4.409
74314,520,341,861,254,64,175,349.84,0.9898,0.6342,0.278361,9,32,121,265.39,0.9491,0.2016,0.024714,4.395
74323,520,333,853,251,19,237,331.47,0.9941,0.6378,0.270925,77,19,62,339.85,0.7130,0.2000,0.023916,4.342
74324,520,478,998,207,8,160,342.06,0.9768,0.5077,0.159793,5,1,0,51.16,1.0000,0.0224,0.000540,4.151
74346,520,451,971,232,17,97,9.43,0.9765,0.5351,0.184228,7,7,41,275.43,0.8336,0.0653,0.003572,4.372
74348,520,367,887,231,57,220,330.92,0.9357,0.6117,0.250849,24,47,18,139.44,0.7529,0.1749,0.022708,4.138
74354,520,256,776,254,111,247,329.50,0.9959,0.7225,0.391578,19,74,29,146.46,0.9465,0.2655,0.051245,4.361
74360,520,421,941,227,50,143,354.11,0.8730,0.5591,0.205980,25,9,65,287.88,0.8507,0.1079,0.007837,4.426
74376,520,435,955,245,12,61,21.27,0.9928,0.5537,0.200159,9,20,32,251.55,0.4460,0.0882,0.006627,4.418
74379,520,450,970,193,49,210,323.23,0.8900,0.5350,0.181887,16,14,13,48.47,0.0617,0.0706,0.004533,4.252
74401,520,401,921,221,60,187,337.94,0.8651,0.5778,0.221940,1,11,104,264.61,0.9874,0.1435,0.012452,4.354
74404,520,408,928,239,32,131,359.66,0.9485,0.5662,0.210256,38,3,75,298.14,0.9431,0.1269,0.009852,4.348
74407,520,317,837,218,102,243,320.20,0.9212,0.6556,0.308809,46,51,59,259.80,0.1277,0.2193,0.032642,4.342
74411,520,467,987,183,66,190,325.47,0.7817,0.5223,0.176827,0,1,32,264.20,0.9897,0.0374,0.001260,4.425
74416,520,475,995,208,30,163,341.64,0.9088,0.5192,0.169849,9,2,3,8.12,0.4889,0.0322,0.001081,4.304
74417,520,379,899,225,101,61,38.16,0.8245,0.5967,0.256543,13,43,32,166.28,0.6822,0.1592,0.019175,4.431
74428,520,422,942,208,22,229,323.04,0.9795,0.5586,0.196427,47,9,5,30.56,0.8235,0.1065,0.008108,4.241
74441,520,404,924,214,34,243,321.21,0.9745,0.5842,0.219131,16,19,74,272.97,0.8606,0.1256,0.010703,4.434
74444,520,475,995,232,20,23,28.22,0.9879,0.5243,0.177211,6,2,11,307.90,0.5912,0.0323,0.001063,4.450
74461,520,336,856,252,47,222,335.38,0.9855,0.6422,0.280056,85,16,41,3.87,0.7681,0.2028,0.024623,4.423
74469,520,345,865,253,87,67,30.08,0.9857,0.6268,0.281078,42,40,64,287.19,0.3381,0.1884,0.023800,4.486
74473,520,74,594,208,233,243,223.78,0.4819,0.9054,0.781580,23,121,15,142.06,0.9897,0.4242,0.138908,4.402
74483,520,377,897,172,112,225,306.81,0.7323,0.5995,0.257958,1,44,40,185.39,0.9728,0.1608,0.019609,4.424
74484,520,304,824,255,55,254,328.38,1.0000,0.6720,0.311512,26,36,132,269.83,0.9197,0.2295,0.031471,4.437
74487,520,323,843,245,60,241,329.05,0.9649,0.6506,0.289978,42,46,71,276.45,0.3386,0.2083,0.029011,4.303
74489,520,367,887,225,65,217,330.15,0.9084,0.6067,0.248001,75,11,25,14.01,0.8189,0.1713,0.018056,4.379
74499,520,299,819,209,122,238,317.17,0.8448,0.6713,0.336486,46,59,15,124.15,0.7756,0.2306,0.037432,4.420
74507,520,332,852,245,0,254,326.40,1.0000,0.6353,0.265710,80,14,62,341.40,0.7673,0.2004,0.023676,4.285
74510,520,443,963,216,50,147,350.09,0.8446,0.5400,0.189891,33,8,18,357.39,0.5774,0.0831,0.005407,4.330
74511,520,260,780,221,134,244,319.00,0.8963,0.7106,0.389554,36,75,2,135.04,0.9928,0.2739,0.054115,4.222
74512,520,402,922,230,51,167,346.43,0.8904,0.5761,0.219834,47,6,59,317.14,0.8202,0.1289,0.010504,4.460
74518,520,443,963,237,34,16,30.05,0.9857,0.5412,0.191892,11,14,43,274.59,0.6680,0.0831,0.005596,4.351
74521,520,338,858,232,113,111,22.69,0.7518,0.6373,0.301163,18,54,26,148.45,0.8526,0.1964,0.028414,4.478
74528,520,447,967,191,50,215,321.27,0.8947,0.5362,0.182653,21,11,26,313.81,0.4303,0.0752,0.004734,4.251
74537,520,471,991,229,5,75,15.77,0.9943,0.5205,0.172776,17,3,4,15.68,0.5891,0.0448,0.001931,4.290
74548,520,379,899,242,64,137,0.66,0.8874,0.5972,0.243533,17,43,29,158.15,0.6123,0.1603,0.019356,4.232
74553,520,454,974,234,14,9,29.17,0.9931,0.5261,0.178294,0,5,59,264.10,0.9824,0.0749,0.004243,4.209
74562,520,473,993,185,43,215,319.65,0.9094,0.5209,0.169496,7,1,4,344.88,0.6151,0.0272,0.000757,4.324
74570,520,418,938,235,37,141,355.70,0.9295,0.5648,0.209114,17,14,74,275.50,0.8949,0.1177,0.009276,4.371
74587,520,478,998,176,42,223,314.91,0.9208,0.5121,0.162148,1,1,6,278.68,0.6638,0.0197,0.000413,4.208
74648,520,441,961,229,1,137,354.72,0.9982,0.5388,0.184887,13,2,69,276.10,0.9839,0.0913,0.005586,4.226
74653,520,361,881,204,115,167,345.09,0.5621,0.6166,0.278904,4,48,48,194.89,0.8924,0.1787,0.023530,4.473
74666,520,459,979,181,66,204,320.51,0.8115,0.5285,0.180810,14,7,23,303.06,0.5033,0.0583,0.003072,4.349
74670,520,385,905,255,33,82,17.70,1.0000,0.5857,0.229607,43,8,82,298.11,0.8871,0.1469,0.012965,4.441
74681,520,469,989,181,57,200,322.02,0.8319,0.5158,0.169214,3,4,24,273.57,0.7741,0.0419,0.001721,4.238
74684,520,466,986,223,44,42,27.36,0.9465,0.5206,0.176593,3,11,0,134.10,1.0000,0.0484,0.002587,4.309
74690,520,425,945,178,63,253,307.77,0.9856,0.5586,0.201127,20,12,68,280.37,0.8611,0.1104,0.008290,4.308
74693,520,398,918,243,67,1,35.68,0.9990,0.5798,0.230745,5,19,92,265.90,0.9590,0.1407,0.012706,4.477
74700,520,461,981,223,25,121,359.75,0.9423,0.5272,0.177664,13,2,31,297.83,0.8430,0.0518,0.002279,4.355
74717,520,394,914,181,97,230,311.16,0.8092,0.5890,0.240871,16,39,3,136.00,0.9636,0.1412,0.015677,4.429
74723,520,353,873,233,87,171,348.21,0.8110,0.6203,0.270829,31,44,41,179.11,0.2125,0.1774,0.022527,4.424
74747,520,292,812,251,87,234,332.26,0.9811,0.6813,0.332690,32,63,30,142.67,0.7238,0.2350,0.039557,4.273
74748,520,421,941,214,23,216,327.78,0.9739,0.5599,0.198689,49,9,17,12.66,0.7188,0.1130,0.008889,4.223
74767,520,474,994,164,55,244,305.69,0.9399,0.5233,0.171572,12,1,1,24.72,0.7985,0.0318,0.001021,4.343
74772,520,401,921,251,23,123,4.00,0.9784,0.5838,0.225557,16,32,57,259.01,0.5607,0.1407,0.014385,4.280
74773,520,430,950,233,19,133,357.28,0.9690,0.5496,0.194858,21,10,60,285.12,0.8260,0.1001,0.007027,4.294
74777,520,354,874,233,15,251,324.27,0.9951,0.6153,0.246327,31,48,18,133.25,0.6714,0.1833,0.024488,3.978
74778,520,409,929,230,44,164,347.14,0.9079,0.5696,0.213074,51,17,26,5.85,0.5645,0.1316,0.011794,4.257
74796,520,337,857,252,16,241,330.78,0.9957,0.6415,0.274200,39,52,12,125.45,0.7873,0.2019,0.029138,4.097
74798,520,390,910,230,92,31,40.84,0.9363,0.5885,0.245790,11,39,39,195.24,0.6143,0.1483,0.016686,4.436
74802,520,237,757,223,149,230,323.76,0.7634,0.7331,0.428974,60,75,18,123.07,0.8175,0.2935,0.060364,4.340
74813,520,441,961,180,78,194,322.68,0.7416,0.5357,0.190482,7,12,56,270.22,0.8921,0.0884,0.005936,4.299
74859,520,383,903,252,17,157,353.22,0.9865,0.5965,0.235342,27,8,103,277.69,0.9676,0.1541,0.013859,4.468
74860,520,288,808,255,94,193,346.10,1.0000,0.6753,0.331188,82,46,29,45.48,0.5223,0.2445,0.038368,4.314
74872,520,462,982,229,36,28,28.91,0.9693,0.5262,0.180066,11,6,8,350.56,0.2100,0.0466,0.002189,4.408
74885,520,319,839,212,110,228,322.04,0.8220,0.6500,0.307518,75,44,0,68.77,1.0000,0.2248,0.032974,4.309
74900,520,369,889,246,38,184,344.33,0.9593,0.6057,0.244429,3,32,94,262.13,0.9616,0.1684,0.018604,4.292
74902,520,417,937,238,2,165,347.70,0.9976,0.5695,0.209402,14,32,14,144.01,0.6650,0.1193,0.011581,4.212
74920,520,459,979,191,18,225,319.43,0.9785,0.5255,0.169467,11,14,2,119.01,0.7009,0.0630,0.003896,4.072
74921,520,445,965,214,56,131,356.38,0.8147,0.5350,0.187655,3,18,40,256.01,0.7701,0.0845,0.006051,4.240
74928,520,400,920,244,11,150,353.71,0.9888,0.5763,0.216777,61,14,17,20.77,0.7431,0.1435,0.013468,4.203
74956,520,478,998,221,44,8,32.19,0.9896,0.5142,0.171938,7,0,6,332.05,1.0000,0.0247,0.000583,4.388
74961,520,256,776,214,141,252,313.22,0.9539,0.7188,0.403752,24,76,15,140.99,0.9670,0.2723,0.053974,4.364
74972,520,409,929,229,62,140,356.73,0.8415,0.5723,0.219994,43,27,0,78.22,1.0000,0.1335,0.012975,4.287
74980,520,299,819,252,74,226,334.56,0.9845,0.6652,0.310870,97,14,61,351.79,0.8000,0.2345,0.031928,4.405
74997,520,389,909,207,42,254,316.79,0.9951,0.5858,0.220787,56,10,63,322.02,0.7816,0.1520,0.014168,4.220
75003,520,465,985,144,78,235,298.43,0.8653,0.5170,0.173764,8,6,25,285.47,0.6010,0.0519,0.002521,4.261
75016,520,173,693,240,191,108,79.28,0.7549,0.8039,0.568712,5,98,25,145.12,0.9951,0.3441,0.088374,4.471
75021,520,394,914,250,17,153,354.06,0.9852,0.5909,0.230283,53,20,11,36.21,0.6549,0.1367,0.012815,4.462
75028,520,307,827,231,121,186,345.27,0.7372,0.6740,0.342110,14,64,48,167.39,0.8507,0.2348,0.039734,4.370
75035,520,433,953,223,54,121,2.06,0.8490,0.5466,0.197094,41,0,50,319.70,1.0000,0.1035,0.007018,4.334
75054,520,313,833,255,94,147,3.43,1.0000,0.6576,0.313753,49,52,56,255.56,0.0659,0.2238,0.033945,4.333
75089,520,375,895,243,50,171,348.04,0.9255,0.6013,0.242792,10,46,10,143.17,0.9547,0.1629,0.020404,4.159
75095,520,466,986,165,78,198,315.61,0.7363,0.5163,0.175261,5,9,9,196.22,0.1934,0.0485,0.002474,4.293
75138,520,430,950,223,70,69,25.05,0.8598,0.5502,0.205006,5,19,59,264.56,0.8731,0.1041,0.008137,4.386
75143,520,447,967,172,92,181,323.43,0.6270,0.5376,0.197621,6,21,6,143.78,0.7945,0.0792,0.005882,4.431
75148,520,388,908,187,107,189,326.23,0.6088,0.5889,0.247554,1,42,9,146.62,0.9943,0.1453,0.016820,4.453
75159,520,127,647,238,194,249,319.46,0.8979,0.8483,0.636012,28,104,32,143.80,0.9647,0.3703,0.102514,4.498
75180,520,390,910,208,80,201,329.93,0.8027,0.5859,0.233660,25,16,94,277.10,0.9174,0.1503,0.013853,4.442
75215,520,345,865,247,95,56,35.33,0.9436,0.6253,0.282473,7,53,10,143.85,0.9777,0.1861,0.026132,4.367
75256,520,431,951,229,53,96,12.54,0.8856,0.5499,0.200516,26,0,69,289.88,1.0000,0.1008,0.006493,4.434
75267,520,398,918,246,48,84,17.75,0.9461,0.5769,0.223503,18,28,73,269.74,0.7375,0.1449,0.014401,4.247
75276,520,423,943,246,23,38,26.51,0.9876,0.5565,0.203491,31,24,22,36.50,0.1426,0.1144,0.010025,4.223
75292,520,236,756,255,129,233,334.28,1.0000,0.7427,0.428463,0,77,75,191.77,1.0000,0.2853,0.058155,4.424
75295,520,376,896,226,66,205,333.84,0.8891,0.6022,0.244753,74,5,25,11.36,0.8878,0.1634,0.016348,4.443
75297,520,420,940,207,44,211,327.06,0.9204,0.5554,0.197718,25,27,10,114.49,0.4886,0.1125,0.010125,4.120
75311,520,473,993,233,8,0,29.53,1.0000,0.5222,0.175005,9,2,2,21.40,0.5126,0.0318,0.001059,4.407
75319,520,443,963,237,10,98,9.57,0.9886,0.5440,0.191066,29,10,19,351.61,0.4667,0.0807,0.005253,4.363
75320,520,447,967,220,67,48,30.50,0.8972,0.5378,0.194459,39,1,14,3.42,0.8939,0.0804,0.004848,4.457
75321,520,392,912,185,97,218,315.93,0.7588,0.5864,0.239266,49,26,30,8.83,0.3617,0.1471,0.014856,4.460
75324,520,400,920,228,52,180,341.74,0.8947,0.5797,0.222478,47,7,68,310.31,0.8421,0.1379,0.011737,4.414
75340,520,410,930,212,99,56,40.49,0.7920,0.5707,0.232084,29,33,13,118.45,0.5086,0.1344,0.013780,4.423
75346,520,433,953,223,35,154,348.52,0.9145,0.5460,0.192257,2,24,37,236.59,0.8146,0.0976,0.007997,4.177
75358,520,247,767,242,141,169,2.70,0.7486,0.7183,0.407939,42,68,86,239.74,0.3836,0.2787,0.052982,4.447
75363,520,446,966,181,64,226,314.74,0.8727,0.5423,0.189826,31,12,0,58.97,1.0000,0.0821,0.005543,4.318
75366,520,399,919,242,4,166,348.27,0.9959,0.5782,0.217204,43,16,64,306.77,0.7176,0.1396,0.012544,4.272
75379,520,9,529,253,250,253,325.61,0.5722,0.9863,0.963458,3,136,21,143.51,0.9987,0.4716,0.176810,4.468
75394,520,380,900,186,86,255,308.20,1.0000,0.5979,0.243155,49,15,80,303.23,0.7993,0.1612,0.015738,4.459
75396,520,399,919,238,21,184,342.27,0.9779,0.5835,0.221771,1,17,94,264.31,0.9726,0.1381,0.012154,4.373
75405,520,474,994,227,9,93,9.75,0.9866,0.5214,0.173195,7,0,23,296.68,1.0000,0.0348,0.001070,4.370
75408,520,452,972,223,24,133,355.40,0.9442,0.5314,0.180374,27,3,34,318.16,0.7896,0.0735,0.004137,4.255
75428,520,470,990,221,51,60,23.78,0.9129,0.5248,0.180687,19,1,0,34.03,1.0000,0.0411,0.001602,4.471
75434,520,385,905,255,43,79,19.39,1.0000,0.5907,0.235560,27,21,85,279.19,0.8290,0.1496,0.014252,4.444
75450,520,434,954,221,78,2,40.26,0.9959,0.5508,0.208279,10,27,5,138.38,0.8775,0.0995,0.008593,4.408
75461,520,134,654,239,206,110,90.76,0.7671,0.8373,0.636204,15,106,4,141.82,0.9967,0.3716,0.104180,4.451
75473,520,479,999,175,4,236,312.45,0.9960,0.5052,0.152579,1,0,5,292.48,1.0000,0.0142,0.000174,4.038
75486,520,397,917,242,65,19,34.11,0.9807,0.5763,0.227081,4,28,79,262.09,0.9296,0.1438,0.014207,4.315
75493,520,370,890,252,22,179,346.75,0.9839,0.6079,0.245274,41,18,93,289.48,0.8370,0.1679,0.016943,4.411
75501,520,426,946,208,65,182,336.08,0.8121,0.5576,0.205698,54,0,7,19.93,1.0000,0.1087,0.007998,4.409
75508,520,427,947,201,23,247,317.08,0.9842,0.5614,0.197472,19,1,75,279.97,0.9908,0.1024,0.006681,4.366
75526,520,456,976,224,15,128,357.07,0.9693,0.5283,0.177502,23,4,19,335.88,0.6384,0.0609,0.003160,4.280
75548,520,464,984,93,102,251,274.85,0.9698,0.5234,0.187942,2,12,13,201.84,0.6094,0.0541,0.003049,4.485
75557,520,455,975,236,21,31,27.26,0.9872,0.5338,0.184714,28,1,8,4.87,0.8500,0.0584,0.002862,4.440
75561,520,454,974,193,1,235,317.81,0.9991,0.5329,0.173588,14,12,28,287.99,0.4298,0.0710,0.004401,4.110
75562,520,373,893,207,95,191,333.21,0.7220,0.5994,0.252131,4,35,77,257.34,0.8960,0.1594,0.017636,4.467
75584,520,454,974,236,17,1,29.84,0.9991,0.5311,0.182392,30,2,12,359.86,0.7840,0.0651,0.003460,4.347
75601,520,34,554,252,239,243,356.62,0.6513,0.9574,0.888999,6,127,88,162.94,0.9879,0.4535,0.159213,4.488
75604,520,321,841,224,118,154,359.66,0.6510,0.6461,0.311393,25,55,35,153.12,0.6188,0.2058,0.030603,4.484
75605,520,417,937,239,4,155,351.02,0.9951,0.5672,0.208072,14,20,72,271.21,0.8562,0.1242,0.010615,4.258
75616,520,416,936,227,26,188,338.61,0.9622,0.5669,0.207031,24,27,37,271.70,0.2156,0.1209,0.011116,4.206
75627,520,420,940,222,84,15,41.07,0.9693,0.5615,0.219073,12,26,42,252.83,0.4923,0.1119,0.009841,4.496
75639,520,7,527,251,252,250,128.49,0.2797,0.9881,0.970321,58,133,4,137.17,0.9962,0.4749,0.176828,4.498
75664,520,475,995,209,58,102,7.98,0.8039,0.5175,0.175430,11,0,10,330.70,1.0000,0.0316,0.000931,4.426
75667,520,39,559,253,238,211,82.35,0.7935,0.9464,0.867355,35,128,56,147.20,0.9520,0.4548,0.160806,4.352
75673,520,394,914,211,61,229,323.20,0.9156,0.5880,0.228453,28,36,6,122.73,0.7804,0.1412,0.015218,4.270
75683,520,445,965,194,43,225,319.81,0.9313,0.5432,0.186348,18,8,47,288.62,0.7727,0.0816,0.005075,4.291
75684,520,450,970,226,36,116,2.82,0.9160,0.5372,0.186942,0,18,19,199.06,1.0000,0.0704,0.004796,4.324
75694,520,459,979,182,33,245,312.00,0.9667,0.5343,0.176264,13,9,22,297.23,0.4003,0.0609,0.003389,4.238
75718,520,370,890,244,58,169,349.31,0.9141,0.6083,0.251269,52,25,67,311.92,0.6073,0.1700,0.018306,4.411
75720,520,445,965,169,74,230,309.01,0.8554,0.5399,0.190465,8,18,27,246.45,0.4038,0.0798,0.005634,4.322
75725,520,311,831,234,110,189,343.52,0.7942,0.6622,0.323207,52,55,0,113.12,1.0000,0.2230,0.034625,4.410
75733,520,478,998,215,46,36,28.88,0.9392,0.5051,0.165310,8,0,0,29.23,1.0000,0.0228,0.000516,4.262
75737,520,463,983,222,29,122,359.39,0.9282,0.5274,0.178161,12,6,22,300.25,0.5289,0.0536,0.002663,4.332
75744,520,340,860,232,107,154,358.56,0.7401,0.6404,0.300067,8,55,50,184.41,0.8534,0.2038,0.030142,4.368
75751,520,466,986,226,25,73,17.05,0.9653,0.5199,0.173479,1,10,9,188.40,0.7560,0.0471,0.002432,4.262
75758,520,479,999,226,0,50,22.24,1.0000,0.5086,0.164020,0,0,2,264.05,1.0000,0.0079,0.000044,4.277
75767,520,450,970,227,55,8,33.80,0.9898,0.5361,0.190837,4,20,4,143.48,0.9055,0.0745,0.005349,4.351
75779,520,471,991,228,34,40,26.62,0.9673,0.5239,0.177942,7,7,4,107.64,0.2152,0.0439,0.002059,4.379
75788,520,396,916,249,46,74,20.67,0.9665,0.5797,0.225917,18,5,102,272.56,0.9870,0.1428,0.011964,4.453
75837,520,319,839,252,105,59,37.52,0.9732,0.6490,0.311177,40,47,88,274.24,0.5065,0.2208,0.031886,4.411
75843,520,374,894,193,89,236,314.62,0.8696,0.5977,0.245395,18,40,47,220.74,0.4528,0.1588,0.018514,4.311
75869,520,330,850,236,77,224,331.11,0.9173,0.6408,0.285249,51,14,126,287.09,0.9358,0.2132,0.025242,4.456
75873,520,395,915,255,45,64,23.45,1.0000,0.5896,0.235107,8,30,67,260.14,0.7961,0.1392,0.013853,4.465
75877,520,400,920,239,59,108,10.30,0.8899,0.5779,0.225645,63,3,36,353.23,0.8569,0.1413,0.012494,4.411
75894,520,478,998,225,4,76,14.96,0.9948,0.5119,0.166191,3,1,4,316.91,0.5138,0.0217,0.000498,4.281
75902,520,392,912,226,53,206,333.46,0.9192,0.5915,0.231736,10,35,69,257.11,0.7473,0.1550,0.016962,4.207
75905,520,373,893,220,97,145,358.01,0.6915,0.6024,0.258116,24,43,24,144.26,0.5373,0.1633,0.019878,4.409
75917,520,433,953,152,88,245,298.22,0.9028,0.5499,0.202476,29,12,52,299.22,0.7118,0.1046,0.007721,4.374
75921,520,403,923,238,21,174,345.21,0.9753,0.5783,0.217725,52,10,36,346.46,0.7016,0.1275,0.010746,4.407
75943,520,454,974,189,90,101,14.90,0.5882,0.5260,0.190723,32,3,15,357.11,0.7469,0.0715,0.004067,4.452
75948,520,403,923,254,28,75,19.18,0.9944,0.5801,0.224131,10,34,24,163.73,0.6510,0.1261,0.012745,4.369
75967,520,435,955,241,37,54,24.34,0.9674,0.5545,0.202936,2,24,29,214.11,0.8165,0.0932,0.007548,4.395
75969,520,404,924,162,99,243,300.78,0.8673,0.5776,0.230765,6,35,34,191.86,0.7314,0.1312,0.013562,4.417
75977,520,428,948,227,27,182,340.38,0.9570,0.5639,0.204948,1,29,17,162.26,0.9688,0.1033,0.009256,4.302
75979,520,452,972,158,71,241,303.04,0.9070,0.5303,0.181269,2,19,14,173.38,0.8130,0.0728,0.005103,4.197
75992,520,389,909,233,48,179,343.15,0.9149,0.5853,0.226950,14,28,82,267.45,0.8513,0.1513,0.015330,4.239
75994,520,268,788,236,127,202,340.22,0.8018,0.6981,0.372780,1,71,57,173.83,0.9915,0.2582,0.048081,4.311
76009,520,458,978,216,23,163,343.53,0.9443,0.5312,0.178584,27,1,14,350.81,0.8209,0.0587,0.002865,4.324
76035,520,358,878,252,16,211,338.00,0.9929,0.6231,0.257725,32,32,91,277.59,0.7270,0.1814,0.020954,4.337
76039,520,480,1000,169,32,242,308.78,0.9634,0.5113,0.158797,0,0,0,0.00,0.0000,0.0000,0.000000,4.176
76052,520,438,958,198,45,222,321.66,0.9254,0.5489,0.191580,28,12,25,334.14,0.4364,0.0854,0.005800,4.329
76053,520,364,884,221,63,233,324.90,0.9300,0.6086,0.248124,59,25,54,333.09,0.5462,0.1724,0.018915,4.326
76071,520,391,911,223,79,170,345.29,0.7897,0.5931,0.241845,16,42,23,150.56,0.7018,0.1548,0.018279,4.274
76093,520,377,897,194,86,243,313.47,0.9117,0.6000,0.245971,20,44,5,135.73,0.9471,0.1605,0.019610,4.252
76097,520,426,946,213,65,174,340.28,0.8118,0.5619,0.209848,27,11,67,288.52,0.8294,0.1148,0.008776,4.421
76100,520,435,955,237,51,19,31.87,0.9804,0.5532,0.204224,8,18,47,266.35,0.7086,0.0930,0.006894,4.468
76103,520,445,965,181,32,252,310.25,0.9854,0.5384,0.178861,25,10,30,317.19,0.5340,0.0805,0.005175,4.148
76116,520,302,822,244,98,208,338.46,0.9167,0.6696,0.325252,53,42,104,287.51,0.6329,0.2346,0.034122,4.461
76119,520,427,947,241,12,108,6.93,0.9871,0.5555,0.200497,37,8,30,338.20,0.6474,0.0950,0.006608,4.425
76125,520,479,999,212,53,33,30.82,0.9349,0.5052,0.166555,1,0,6,289.16,1.0000,0.0150,0.000196,4.314
76154,520,352,872,229,75,219,330.64,0.9001,0.6244,0.268069,3,37,103,261.56,0.9666,0.1896,0.023216,4.344
76159,520,407,927,206,80,172,339.68,0.7384,0.5669,0.218395,64,0,18,12.18,1.0000,0.1336,0.011339,4.376
76172,520,422,942,243,47,9,31.92,0.9926,0.5620,0.211108,47,9,9,24.25,0.7618,0.1073,0.008195,4.487
76173,520,453,973,222,52,47,27.50,0.9267,0.5259,0.181935,26,5,32,318.34,0.7094,0.0743,0.004325,4.269
76177,520,423,943,210,24,228,323.78,0.9771,0.5620,0.199582,46,6,31,346.47,0.7403,0.1085,0.008101,4.296
76180,520,343,863,246,59,205,338.72,0.9469,0.6304,0.271315,40,20,114,282.25,0.9005,0.1934,0.021663,4.484
76194,520,469,989,205,27,183,334.50,0.9324,0.5238,0.171839,1,6,23,260.55,0.8325,0.0441,0.001986,4.267
76210,520,461,981,182,58,216,317.91,0.8663,0.5300,0.179302,0,0,44,264.05,1.0000,0.0474,0.001818,4.425
76213,520,360,880,253,20,196,342.18,0.9887,0.6177,0.253719,11,51,25,151.36,0.9110,0.1832,0.025089,4.045
76239,520,409,929,249,44,29,29.64,0.9780,0.5731,0.220334,57,1,50,334.34,0.9240,0.1346,0.011220,4.416
76248,520,376,896,253,42,130,3.06,0.9819,0.5990,0.241539,9,31,85,263.85,0.8852,0.1590,0.016938,4.355
76249,520,466,986,190,45,194,326.90,0.8695,0.5157,0.167205,3,1,41,271.75,0.9855,0.0493,0.002011,4.176
76259,520,344,864,241,71,196,340.52,0.9070,0.6277,0.271956,80,17,32,11.25,0.7565,0.1905,0.022109,4.465
76260,520,338,858,243,42,249,326.85,0.9819,0.6409,0.275529,84,11,42,1.10,0.8067,0.1963,0.022916,4.464
76263,520,237,757,200,161,222,313.08,0.5622,0.7267,0.430436,41,80,16,135.91,0.9423,0.2946,0.062460,4.272
76277,520,444,964,230,12,115,2.71,0.9808,0.5350,0.183267,24,11,33,309.79,0.5420,0.0828,0.005434,4.208
76284,520,448,968,210,42,187,334.73,0.8965,0.5439,0.189475,17,19,12,120.76,0.2254,0.0835,0.006115,4.268
76285,520,427,947,241,35,91,13.73,0.9552,0.5599,0.206615,6,12,70,268.35,0.9481,0.1031,0.007438,4.468
76292,520,440,960,228,8,162,346.48,0.9871,0.5496,0.192790,20,14,45,288.36,0.6255,0.0923,0.006523,4.295
76307,520,386,906,241,6,191,340.85,0.9952,0.5894,0.225956,35,23,77,288.03,0.7168,0.1529,0.015059,4.242
76309,520,476,996,206,45,142,349.17,0.8359,0.5148,0.169537,2,2,4,284.11,0.2654,0.0240,0.000651,4.334
76320,520,425,945,213,61,174,340.12,0.8246,0.5578,0.205417,3,33,4,143.63,0.9784,0.1147,0.011158,4.176
76328,520,475,995,179,47,220,316.39,0.9037,0.5184,0.167852,9,0,3,353.79,1.0000,0.0258,0.000647,4.301
76337,520,467,987,207,2,188,333.52,0.9959,0.5230,0.169417,10,5,1,74.11,0.6363,0.0407,0.001753,4.240
76339,520,426,946,240,51,23,31.38,0.9767,0.5595,0.209581,32,20,22,7.91,0.2379,0.1061,0.008653,4.426
76342,520,427,947,225,8,186,338.59,0.9893,0.5568,0.197289,35,0,52,311.50,1.0000,0.0953,0.006053,4.412
76356,520,374,894,242,82,6,38.90,0.9934,0.5955,0.249282,19,35,74,264.94,0.6673,0.1636,0.018348,4.379
76372,520,367,887,255,57,107,12.40,1.0000,0.6069,0.252515,76,3,45,352.47,0.8852,0.1734,0.017913,4.454
76376,520,391,911,236,67,142,357.96,0.8509,0.5909,0.238031,63,16,13,27.31,0.7687,0.1495,0.014566,4.461
76381,520,430,950,244,10,4,29.33,0.9971,0.5466,0.194625,9,26,6,140.25,0.8476,0.0960,0.008100,4.210
76383,520,460,980,221,19,140,352.34,0.9561,0.5285,0.177339,5,15,15,195.64,0.3949,0.0647,0.004084,4.203
76387,520,406,926,239,59,111,9.20,0.8882,0.5787,0.226295,15,28,55,263.32,0.5831,0.1280,0.012079,4.451
76388,520,377,897,239,87,10,40.36,0.9878,0.5967,0.251921,27,41,22,137.75,0.4788,0.1588,0.018768,4.390
76389,520,410,930,195,80,202,325.37,0.7788,0.5662,0.216051,43,23,21,26.08,0.3647,0.1283,0.011806,4.305
76390,520,444,964,177,78,208,317.27,0.7774,0.5405,0.193509,23,8,39,302.99,0.6867,0.0806,0.005023,4.426
76402,520,427,947,232,42,136,357.14,0.9090,0.5601,0.205922,21,20,42,283.99,0.4531,0.1037,0.008269,4.392
76404,520,279,799,248,135,47,53.42,0.9343,0.6918,0.374925,26,69,1,137.39,0.9968,0.2481,0.044779,4.483
76409,520,378,898,230,47,220,330.69,0.9506,0.6027,0.240258,53,33,10,67.04,0.6563,0.1647,0.018666,4.227
76411,520,320,840,237,77,238,327.66,0.9392,0.6508,0.294877,61,39,71,314.71,0.4381,0.2135,0.028981,4.367
76426,520,473,993,200,30,184,332.85,0.9178,0.5168,0.166704,0,1,24,264.12,0.9833,0.0303,0.000876,4.259
76441,520,446,966,241,19,32,27.09,0.9898,0.5439,0.192742,12,11,50,277.18,0.7969,0.0842,0.005478,4.375
76443,520,426,946,204,28,240,319.35,0.9763,0.5627,0.199608,45,14,23,4.27,0.5663,0.1149,0.009339,4.206
76446,520,391,911,203,60,255,314.90,1.0000,0.5937,0.231496,39,17,82,292.26,0.8034,0.1526,0.014414,4.370
76447,520,342,862,185,121,223,311.77,0.7066,0.6305,0.293175,23,53,14,139.16,0.9062,0.1935,0.027600,4.422
76454,520,320,840,245,70,229,332.04,0.9555,0.6516,0.294527,78,33,11,44.23,0.7654,0.2075,0.027318,4.456
76455,520,343,863,245,56,214,335.95,0.9498,0.6314,0.270988,75,24,39,5.07,0.6293,0.1924,0.022958,4.400
76470,520,450,970,233,17,114,3.75,0.9743,0.5422,0.189425,25,7,11,6.63,0.4936,0.0667,0.003828,4.448
76473,520,398,918,224,39,209,332.10,0.9483,0.5804,0.219041,44,28,29,14.94,0.2564,0.1438,0.014547,4.168
76476,520,435,955,217,65,132,357.71,0.7929,0.5502,0.202006,5,12,58,268.07,0.9196,0.0892,0.006007,4.500
76485,520,420,940,246,39,18,30.29,0.9860,0.5631,0.210911,1,31,19,163.38,0.9709,0.1104,0.010334,4.324
76489,520,445,965,220,12,163,344.34,0.9762,0.5354,0.181254,21,7,38,301.12,0.7052,0.0757,0.004513,4.242
76513,520,463,983,185,56,206,321.65,0.8524,0.5255,0.176002,27,0,0,29.23,1.0000,0.0518,0.002331,4.319
76525,520,319,839,237,82,234,328.65,0.9273,0.6537,0.299820,24,60,12,139.01,0.9465,0.2175,0.034523,4.139
76541,520,234,754,250,148,145,22.11,0.8712,0.7354,0.435507,8,77,72,187.12,0.9215,0.2856,0.058270,4.484
76551,520,426,946,182,62,255,308.65,1.0000,0.5649,0.206112,4,2,90,266.57,0.9964,0.1143,0.008073,4.410
76567,520,471,991,215,58,80,17.85,0.8500,0.5234,0.180548,5,1,28,283.66,0.9314,0.0393,0.001378,4.487
76624,520,446,966,221,63,51,28.74,0.8991,0.5356,0.191688,13,3,57,279.87,0.9528,0.0787,0.004461,4.438
76629,520,370,890,242,58,183,344.34,0.9150,0.6112,0.253252,62,18,58,331.46,0.6774,0.1687,0.017624,4.484
76631,520,447,967,238,26,23,28.67,0.9845,0.5396,0.189811,5,21,14,164.26,0.6252,0.0806,0.006003,4.282
76633,520,401,921,227,2,214,331.54,0.9984,0.5766,0.212318,24,17,84,278.23,0.8767,0.1392,0.012351,4.207
76647,520,386,906,216,64,215,328.25,0.8920,0.5897,0.231740,71,6,2,30.46,0.9689,0.1532,0.014745,4.352
76656,520,412,932,197,91,166,340.01,0.6542,0.5654,0.221072,5,33,16,153.71,0.8972,0.1181,0.011573,4.402
76669,520,426,946,223,51,167,344.74,0.8730,0.5632,0.208481,41,17,21,10.44,0.4531,0.1128,0.009265,4.361
76676,520,348,868,230,68,241,325.22,0.9465,0.6329,0.273103,71,28,44,358.75,0.5437,0.1936,0.023521,4.395
76690,520,454,974,235,16,22,28.14,0.9914,0.5294,0.180939,19,15,2,95.60,0.7220,0.0731,0.004845,4.211
76693,520,433,953,184,77,209,319.56,0.7917,0.5501,0.201027,5,26,23,183.00,0.6659,0.0983,0.008329,4.304
76695,520,419,939,215,68,161,345.78,0.7923,0.5622,0.211567,3,16,71,265.16,0.9447,0.1094,0.008448,4.475
76699,520,441,961,195,12,233,318.72,0.9893,0.5369,0.177497,30,7,39,315.18,0.7092,0.0881,0.005745,4.081
76701,520,462,982,205,53,169,339.37,0.8270,0.5334,0.183919,9,7,19,291.05,0.4164,0.0516,0.002571,4.450
76720,520,299,819,218,109,253,317.24,0.9826,0.6719,0.329361,6,64,41,160.64,0.9561,0.2304,0.038654,4.279
76737,520,392,912,240,75,53,30.83,0.9264,0.5861,0.238176,49,21,49,327.27,0.5462,0.1462,0.014111,4.495
76742,520,400,920,153,108,238,296.66,0.8109,0.5792,0.236706,21,30,60,269.16,0.5449,0.1409,0.014142,4.470
76746,520,460,980,201,30,195,329.92,0.9317,0.5257,0.172880,3,8,41,267.63,0.8939,0.0640,0.003531,4.164
76765,520,418,938,238,59,20,33.06,0.9783,0.5625,0.213588,8,33,23,164.27,0.7054,0.1216,0.012012,4.251
76768,520,442,962,227,55,78,19.07,0.8941,0.5436,0.196161,17,13,29,294.20,0.4140,0.0765,0.004957,4.479
76775,520,410,930,157,100,239,299.48,0.8361,0.5704,0.225147,1,28,65,256.54,0.9571,0.1291,0.012185,4.425
76780,520,381,901,252,28,168,350.12,0.9773,0.6049,0.243566,16,40,43,206.13,0.4890,0.1557,0.018021,4.316
76793,520,372,892,254,31,172,349.40,0.9921,0.6117,0.250329,51,27,61,315.23,0.5320,0.1681,0.018247,4.401
76794,520,396,916,203,47,254,315.57,0.9948,0.5828,0.218868,56,13,41,344.33,0.6818,0.1413,0.012888,4.275
76819,520,478,998,170,23,244,308.92,0.9782,0.5103,0.156913,6,0,7,324.68,1.0000,0.0239,0.000541,4.094
76820,520,469,989,217,17,146,349.31,0.9579,0.5226,0.172304,9,3,20,300.35,0.6701,0.0428,0.001737,4.297
76832,520,393,913,236,51,168,347.49,0.9057,0.5876,0.230305,46,23,43,331.85,0.4500,0.1420,0.013681,4.402
76837,520,326,846,239,99,173,350.26,0.8254,0.6471,0.302942,7,60,20,147.03,0.9763,0.2120,0.033273,4.238
76841,520,443,963,145,95,229,297.43,0.7933,0.5404,0.198614,34,7,20,352.94,0.6215,0.0839,0.005426,4.486
76855,520,406,926,250,32,107,9.49,0.9666,0.5808,0.224221,61,4,25,4.93,0.8505,0.1338,0.011493,4.459
76858,520,474,994,188,41,204,323.53,0.8986,0.5163,0.166383,0,3,5,224.61,1.0000,0.0252,0.000761,4.263
76885,520,416,936,238,27,158,350.29,0.9607,0.5729,0.214327,24,16,64,284.26,0.7578,0.1165,0.009349,4.454
76910,520,324,844,232,107,183,345.16,0.7763,0.6519,0.310924,36,56,21,133.50,0.7020,0.2134,0.032575,4.371
76923,520,447,967,161,84,228,305.54,0.8202,0.5415,0.195197,9,18,19,204.67,0.2693,0.0768,0.005377,4.428
76930,520,448,968,159,86,222,305.91,0.7886,0.5374,0.193009,11,19,19,196.12,0.2216,0.0808,0.005839,4.352
76944,520,425,945,249,6,67,19.88,0.9965,0.5618,0.206789,32,11,60,298.18,0.7760,0.1139,0.008727,4.373
76953,520,449,969,217,30,169,341.98,0.9278,0.5394,0.185472,20,10,13,359.83,0.2781,0.0665,0.003949,4.365
76955,520,280,800,207,135,236,315.71,0.7949,0.6905,0.366505,31,68,2,135.54,0.9917,0.2475,0.044298,4.417
76981,520,397,917,104,124,249,273.11,0.9327,0.5752,0.241971,20,38,4,132.91,0.9269,0.1407,0.015437,4.462
76985,520,382,902,221,91,166,347.51,0.7351,0.6037,0.256097,22,43,5,133.93,0.9332,0.1585,0.019092,4.430
76991,520,355,875,199,106,216,321.25,0.7452,0.6187,0.274093,39,44,24,120.12,0.3995,0.1795,0.022986,4.440
76999,520,432,952,188,93,149,345.63,0.5852,0.5468,0.206914,19,20,31,280.10,0.2627,0.0953,0.007377,4.478
77001,520,453,973,231,8,103,6.92,0.9884,0.5324,0.181449,26,3,35,315.39,0.7965,0.0728,0.004061,4.281
77002,520,435,955,189,58,222,318.57,0.8856,0.5454,0.191201,40,6,1,35.77,0.9302,0.0875,0.005836,4.320
77005,520,387,907,252,25,147,356.53,0.9766,0.5950,0.235008,37,33,31,48.42,0.0743,0.1481,0.015800,4.331
77006,520,463,983,236,9,19,28.17,0.9956,0.5296,0.180785,7,5,28,282.82,0.7064,0.0508,0.002375,4.406
77011,520,411,931,253,9,34,26.65,0.9966,0.5671,0.211973,23,14,69,282.36,0.8261,0.1173,0.009259,4.421
77015,520,465,985,220,12,137,352.99,0.9728,0.5231,0.172873,0,8,28,256.53,0.9999,0.0511,0.002575,4.239
77017,520,450,970,193,58,201,325.55,0.8444,0.5370,0.185821,27,2,34,318.56,0.8272,0.0717,0.003919,4.374
77027,520,306,826,212,118,233,320.08,0.8305,0.6657,0.328385,87,37,28,31.83,0.6204,0.2345,0.034335,4.487
77032,520,340,860,247,97,102,21.39,0.9112,0.6356,0.292860,51,41,62,305.92,0.3022,0.1999,0.026375,4.489
77033,520,456,976,200,70,145,348.39,0.7309,0.5311,0.187059,8,12,4,127.68,0.4510,0.0564,0.003233,4.453
77047,520,475,995,204,9,189,332.45,0.9817,0.5197,0.167088,11,1,11,327.90,0.7386,0.0349,0.001170,4.242
77069,520,471,991,192,35,207,324.01,0.9246,0.5212,0.169150,8,0,32,289.31,1.0000,0.0432,0.001559,4.250
77074,520,459,979,128,88,251,288.67,0.9595,0.5286,0.185335,26,1,11,355.82,0.8209,0.0560,0.002655,4.469
77083,520,402,922,222,20,227,327.09,0.9852,0.5806,0.215782,57,12,22,11.23,0.7132,0.1341,0.011909,4.293
77094,520,375,895,235,64,177,344.90,0.8782,0.6011,0.245060,68,18,20,21.75,0.7260,0.1640,0.017123,4.396
77110,520,454,974,233,5,94,10.17,0.9936,0.5334,0.182434,33,0,9,5.74,1.0000,0.0656,0.003431,4.350
77128,520,409,929,253,10,55,23.02,0.9955,0.5694,0.213794,22,16,83,277.13,0.8911,0.1349,0.011656,4.278
77136,520,462,982,194,30,212,323.34,0.9456,0.5255,0.171529,9,7,8,345.11,0.0893,0.0472,0.002276,4.238
77149,520,418,938,229,12,185,339.84,0.9855,0.5646,0.204264,3,18,73,264.69,0.9400,0.1154,0.009329,4.286
77158,520,462,982,182,65,208,319.75,0.8257,0.5317,0.182809,11,5,16,309.96,0.4570,0.0474,0.002171,4.462
77160,520,477,997,133,85,226,294.83,0.8096,0.5075,0.169746,7,0,0,29.23,1.0000,0.0213,0.000452,4.356
77173,520,396,916,222,2,234,325.51,0.9988,0.5816,0.215157,5,29,71,260.36,0.8801,0.1389,0.013658,4.165
77176,520,421,941,221,78,85,21.21,0.8008,0.5596,0.214793,27,22,33,305.26,0.2483,0.1094,0.009166,4.475
77192,520,478,998,223,26,14,29.58,0.9848,0.5071,0.164613,4,1,1,21.00,0.4725,0.0215,0.000497,4.250
77193,520,370,890,235,34,226,330.43,0.9756,0.6080,0.242998,2,33,96,261.67,0.9741,0.1725,0.019450,4.219
77219,520,437,957,245,24,12,29.51,0.9915,0.5532,0.200958,27,18,4,78.92,0.6260,0.0902,0.006744,4.423
77227,520,420,940,216,51,193,334.61,0.8887,0.5648,0.208190,47,12,0,43.09,1.0000,0.1098,0.008674,4.400
77230,520,399,919,202,60,245,316.83,0.9490,0.5846,0.223823,24,37,13,132.35,0.6392,0.1419,0.015464,4.183
77243,520,479,999,193,44,176,333.38,0.8469,0.5084,0.162751,0,0,1,264.05,1.0000,0.0060,0.000022,4.253
77248,520,382,902,252,51,113,9.36,0.9735,0.5979,0.242589,29,24,87,279.31,0.7994,0.1588,0.016025,4.431
77263,520,389,909,247,46,126,3.71,0.9366,0.5885,0.232379,56,20,25,13.67,0.5630,0.1455,0.014114,4.404
77268,520,454,974,220,2,153,347.44,0.9955,0.5282,0.175615,26,11,6,41.10,0.4757,0.0743,0.004721,4.123
77277,520,479,999,156,72,220,306.81,0.8206,0.5116,0.168705,0,0,1,264.05,1.0000,0.0060,0.000022,4.372
77289,520,466,986,204,76,31,38.17,0.9001,0.5177,0.181073,5,10,19,258.19,0.3971,0.0547,0.002964,4.363
77293,520,408,928,193,54,249,313.59,0.9672,0.5688,0.208166,17,4,91,273.86,0.9850,0.1258,0.009613,4.331
77299,520,422,942,198,74,196,328.40,0.7899,0.5596,0.208904,40,17,28,351.11,0.4485,0.1138,0.009359,4.362
77309,520,471,991,169,82,189,319.81,0.6960,0.5221,0.181446,5,3,25,282.44,0.7820,0.0421,0.001676,4.479
77325,520,456,976,178,52,237,311.83,0.9214,0.5348,0.180364,7,5,38,278.15,0.8458,0.0587,0.002936,4.352
77354,520,401,921,229,66,158,350.28,0.8376,0.5836,0.230257,45,22,52,317.92,0.5368,0.1439,0.013797,4.393
77359,520,400,920,218,67,190,336.31,0.8426,0.5812,0.226396,44,22,50,318.77,0.5176,0.1411,0.013396,4.360
77363,520,435,955,226,5,170,343.52,0.9919,0.5492,0.191822,27,11,39,308.28,0.6154,0.0905,0.006189,4.304
77379,520,445,965,237,8,57,21.57,0.9943,0.5351,0.184769,0,16,46,257.72,1.0000,0.0825,0.005678,4.217
77399,520,477,997,218,41,71,18.54,0.9191,0.5124,0.169489,0,1,5,257.10,0.9999,0.0173,0.000327,4.361
77404,520,442,962,222,10,164,344.48,0.9813,0.5394,0.184296,38,2,0,32.43,1.0000,0.0765,0.004556,4.295
77415,520,405,925,224,52,201,334.36,0.9117,0.5843,0.225227,20,33,15,137.42,0.5411,0.1268,0.012709,4.389
77419,520,480,1000,174,57,210,316.90,0.8495,0.5121,0.165791,0,0,0,0.00,0.0000,0.0000,0.000000,4.316
77427,520,319,839,237,64,250,324.93,0.9811,0.6466,0.285759,38,37,115,276.74,0.7977,0.2207,0.029729,4.211
77444,520,13,533,250,254,220,112.66,0.9814,0.9828,0.963750,7,137,0,142.24,1.0000,0.4744,0.179357,4.420
77450,520,395,915,253,51,51,26.94,0.9905,0.5882,0.234930,0,42,2,143.46,1.0000,0.1439,0.016602,4.278
77464,520,436,956,199,38,225,321.34,0.9453,0.5481,0.189662,40,6,9,18.81,0.7504,0.0894,0.006012,4.279
77466,520,355,875,251,79,107,15.42,0.9562,0.6209,0.271661,26,48,25,143.19,0.6024,0.1810,0.024036,4.345
77467,520,401,921,197,87,212,322.71,0.7878,0.5849,0.234415,27,31,50,274.29,0.3460,0.1416,0.014432,4.414
77476,520,366,886,250,65,119,8.66,0.9497,0.6075,0.254399,13,20,113,268.13,0.9661,0.1726,0.017780,4.491
77494,520,466,986,134,87,240,292.57,0.8758,0.5236,0.181760,17,4,12,342.10,0.5215,0.0500,0.002326,4.429
77497,520,373,893,232,60,188,340.45,0.8926,0.5976,0.240210,24,11,108,274.60,0.9685,0.1613,0.015162,4.454
77503,520,387,907,224,73,179,341.88,0.8238,0.5921,0.238694,61,15,33,359.80,0.6733,0.1498,0.014437,4.480
77507,520,406,926,237,73,18,36.21,0.9780,0.5754,0.228164,6,37,15,149.80,0.9247,0.1316,0.013963,4.349
77516,520,443,963,156,79,238,302.12,0.8774,0.5359,0.188333,0,8,58,263.68,1.0016,0.0790,0.004791,4.350
77536,520,441,961,193,11,238,317.05,0.9912,0.5375,0.177513,34,13,15,15.01,0.4591,0.0923,0.006625,4.018
77538,520,448,968,220,16,175,340.67,0.9712,0.5429,0.186838,1,0,66,265.25,1.0000,0.0757,0.003998,4.386
77539,520,326,846,203,105,253,312.61,0.9778,0.6458,0.298926,28,57,3,134.37,0.9796,0.2088,0.031796,4.266
77552,520,449,969,196,5,232,319.28,0.9954,0.5363,0.176720,13,1,49,284.61,0.9720,0.0664,0.003290,4.254
77561,520,348,868,249,62,193,343.02,0.9560,0.6320,0.274384,9,53,12,143.99,0.9693,0.1870,0.026307,4.251
77591,520,384,904,194,112,146,354.32,0.4964,0.5883,0.251344,19,40,30,162.13,0.4789,0.1522,0.017497,4.465
77593,520,466,986,197,22,209,325.06,0.9630,0.5249,0.170492,5,9,15,253.54,0.3060,0.0507,0.002621,4.190
77599,520,256,776,255,106,244,330.61,1.0000,0.7157,0.381025,3,64,111,249.09,0.9429,0.2680,0.048336,4.383
77610,520,425,945,240,47,75,19.87,0.9402,0.5624,0.210696,0,31,27,182.94,1.0000,0.1126,0.010591,4.303
77629,520,465,985,213,30,144,349.44,0.9080,0.5193,0.170906,23,2,14,346.01,0.7325,0.0545,0.002573,4.202
77653,520,395,915,245,37,156,352.73,0.9500,0.5903,0.231392,6,29,75,261.88,0.8851,0.1431,0.014254,4.379
77656,520,358,878,249,9,214,336.56,0.9960,0.6180,0.251933,9,16,124,266.69,0.9832,0.1808,0.018837,4.386
77682,520,273,793,227,139,173,355.56,0.6163,0.6953,0.378151,3,72,64,182.24,0.9695,0.2647,0.050240,4.271
77683,520,373,893,239,61,158,352.16,0.8825,0.5970,0.241598,6,43,38,182.13,0.8303,0.1587,0.019063,4.222
77684,520,478,998,142,63,255,295.73,1.0000,0.5132,0.165259,6,1,0,47.34,1.0000,0.0238,0.000604,4.254
77686,520,223,743,233,168,149,36.95,0.5916,0.7538,0.475005,37,84,9,137.10,0.9781,0.3050,0.067535,4.467
77692,520,475,995,190,46,202,324.59,0.8810,0.5220,0.171669,1,4,6,227.69,0.5074,0.0302,0.001064,4.341
77693,520,388,908,209,51,241,319.99,0.9475,0.5851,0.222755,11,14,100,268.68,0.9715,0.1462,0.013052,4.326
77711,520,240,760,221,152,212,331.27,0.6427,0.7281,0.425834,1,78,45,157.10,0.9961,0.2782,0.056444,4.470
77732,520,368,888,254,5,182,346.12,0.9971,0.6093,0.245603,44,38,30,74.91,0.1802,0.1696,0.020155,4.214
77734,520,447,967,216,40,161,344.62,0.8874,0.5392,0.186921,11,22,2,131.26,0.8953,0.0845,0.006493,4.194
77741,520,457,977,191,50,204,324.25,0.8732,0.5284,0.177187,11,8,28,287.52,0.5640,0.0605,0.003287,4.263
77742,520,400,920,252,8,129,1.81,0.9936,0.5839,0.224577,22,29,58,271.41,0.5222,0.1377,0.013548,4.321
77750,520,449,969,221,37,141,352.69,0.8995,0.5375,0.186209,18,15,9,84.53,0.2317,0.0738,0.004900,4.303
77754,520,352,872,180,120,217,311.42,0.6682,0.6190,0.281467,60,38,30,40.78,0.3432,0.1915,0.024407,4.455
77761,520,461,981,235,20,62,20.69,0.9824,0.5349,0.185135,5,10,14,237.95,0.2828,0.0525,0.002810,4.452
77775,520,367,887,250,15,194,342.04,0.9911,0.6098,0.245640,18,38,79,262.77,0.7000,0.1750,0.020792,4.176
77781,520,427,947,201,67,202,327.57,0.8309,0.5600,0.206977,15,16,56,276.13,0.7516,0.1012,0.007576,4.463
77806,520,250,770,224,139,246,319.16,0.9125,0.7242,0.409677,4,77,23,146.41,0.9928,0.2711,0.053952,4.422
77808,520,409,929,244,42,95,13.42,0.9450,0.5712,0.217186,29,29,43,284.18,0.2608,0.1342,0.013143,4.231
77819,520,445,965,207,77,96,14.87,0.7300,0.5354,0.194198,20,18,13,88.81,0.1643,0.0842,0.006104,4.353
77828,520,332,852,248,19,242,329.67,0.9943,0.6358,0.268360,82,14,56,347.79,0.7683,0.2011,0.023937,4.306
77841,520,461,981,194,50,197,327.16,0.8632,0.5286,0.177833,7,4,32,282.07,0.8050,0.0515,0.002363,4.351
77844,520,375,895,255,59,5,33.45,1.0000,0.5960,0.244026,0,27,96,262.53,1.0001,0.1586,0.016283,4.436
77846,520,386,906,253,51,63,24.31,0.9892,0.5897,0.236129,26,36,47,251.21,0.2695,0.1527,0.016866,4.279
77849,520,185,705,242,161,250,323.65,0.9601,0.7882,0.512707,63,77,111,266.71,0.3520,0.3342,0.075121,4.497
77862,520,474,994,202,67,118,0.95,0.7403,0.5200,0.178809,2,6,0,132.12,1.0000,0.0347,0.001432,4.449
77866,520,375,895,222,51,235,324.87,0.9513,0.6019,0.238975,43,35,29,58.84,0.1738,0.1600,0.018044,4.247
77887,520,324,844,245,59,238,329.79,0.9638,0.6480,0.287162,15,51,86,250.98,0.7316,0.2149,0.031409,4.142
77897,520,377,897,228,61,201,335.49,0.8985,0.5987,0.240509,41,38,2,104.77,0.9188,0.1605,0.018621,4.234
77913,520,336,856,200,112,237,314.95,0.8400,0.6424,0.299832,52,48,3,104.18,0.9199,0.2027,0.028506,4.456
77957,520,262,782,253,117,214,339.81,0.9811,0.7127,0.384630,38,68,61,177.44,0.4024,0.2643,0.048831,4.398
77972,520,287,807,243,108,224,333.25,0.9279,0.6897,0.351641,24,62,65,202.33,0.5722,0.2392,0.040209,4.452
77976,520,263,783,217,141,222,324.69,0.7108,0.7068,0.390767,19,73,22,143.97,0.9575,0.2610,0.049613,4.425
77981,520,278,798,253,104,213,339.44,0.9831,0.6941,0.355903,21,52,126,263.76,0.8645,0.2547,0.041215,4.450
77990,520,457,977,211,41,157,344.76,0.8701,0.5285,0.178713,27,3,11,0.30,0.7088,0.0618,0.003223,4.297
78003,520,323,843,227,129,67,50.71,0.7868,0.6506,0.324389,17,58,45,168.80,0.7411,0.2149,0.033346,4.492
78025,520,368,888,211,78,231,322.19,0.8874,0.6068,0.250689,36,42,32,132.93,0.2040,0.1727,0.021353,4.214
78031,520,423,943,228,35,173,343.49,0.9340,0.5648,0.207158,21,18,54,282.61,0.6493,0.1084,0.008584,4.390
78036,520,413,933,249,16,110,7.61,0.9862,0.5736,0.216397,10,12,83,269.84,0.9596,0.1210,0.009519,4.476
78043,520,408,928,228,4,196,336.50,0.9957,0.5675,0.205689,22,22,70,277.28,0.7420,0.1319,0.011865,4.133
78052,520,412,932,216,5,230,324.95,0.9965,0.5688,0.204227,39,22,15,43.12,0.3933,0.1185,0.010397,4.209
78055,520,389,909,239,52,151,353.97,0.9022,0.5866,0.230441,4,37,56,238.85,0.8163,0.1486,0.016344,4.227
78061,520,330,850,169,131,237,298.82,0.7569,0.6397,0.307822,38,51,45,165.21,0.2054,0.2059,0.029691,4.490
78072,520,319,839,236,116,109,25.07,0.7854,0.6483,0.314304,67,47,12,77.81,0.7380,0.2210,0.032530,4.414
78081,520,478,998,157,89,179,317.40,0.6137,0.5104,0.175682,0,2,4,233.51,1.0000,0.0210,0.000522,4.467
78101,520,400,920,188,88,220,317.17,0.7973,0.5784,0.228392,8,30,65,259.39,0.7794,0.1375,0.013618,4.376
78107,520,390,910,248,55,85,18.51,0.9541,0.5866,0.233482,63,14,10,28.52,0.8203,0.1462,0.013929,4.434
78135,520,417,937,220,23,209,331.11,0.9734,0.5658,0.204342,31,14,65,292.90,0.7669,0.1217,0.009870,4.248
78138,520,408,928,240,20,136,357.67,0.9735,0.5651,0.208063,5,22,74,264.66,0.9136,0.1257,0.011004,4.230
78139,520,451,971,229,42,85,15.03,0.9240,0.5385,0.189727,35,2,14,0.98,0.8102,0.0747,0.004325,4.413
78142,520,476,996,221,36,59,21.91,0.9468,0.5130,0.169524,2,0,14,286.01,1.0000,0.0222,0.000446,4.352
78143,520,480,1000,160,69,215,309.81,0.8168,0.5093,0.166368,0,0,0,0.00,0.0000,0.0000,0.000000,4.327
78153,520,396,916,210,24,252,318.34,0.9875,0.5804,0.213849,13,31,63,260.95,0.6757,0.1408,0.014244,4.107
78177,520,389,909,212,39,251,318.82,0.9826,0.5897,0.224149,31,25,69,285.27,0.6414,0.1454,0.014162,4.273
78183,520,412,932,187,65,253,310.41,0.9859,0.5733,0.214383,19,10,80,276.78,0.9347,0.1206,0.009347,4.455
78188,520,398,918,246,29,147,355.53,0.9647,0.5847,0.225815,47,4,71,308.89,0.9021,0.1374,0.011462,4.488
78235,520,475,995,152,60,251,300.01,0.9734,0.5186,0.168725,13,0,3,1.59,1.0000,0.0310,0.000922,4.295
78249,520,453,973,232,37,41,26.83,0.9655,0.5342,0.186421,14,1,52,284.29,0.9753,0.0705,0.003630,4.408
78263,520,465,985,158,77,216,308.02,0.7921,0.5182,0.175353,18,2,26,314.01,0.7890,0.0539,0.002466,4.295
78264,520,310,830,237,83,241,326.81,0.9461,0.6590,0.305443,29,43,106,269.55,0.7565,0.2181,0.030294,4.427
78279,520,425,945,248,16,69,19.64,0.9900,0.5623,0.207603,0,20,65,260.84,1.0000,0.1093,0.008819,4.380
78280,520,442,962,174,90,185,322.86,0.6531,0.5395,0.198147,8,11,52,272.20,0.8643,0.0833,0.005389,4.480
78288,520,364,884,243,59,179,345.88,0.9132,0.6119,0.254403,72,12,46,350.68,0.7584,0.1739,0.018381,4.452
78292,520,309,829,224,97,252,319.98,0.9806,0.6631,0.314267,62,48,19,83.57,0.5927,0.2175,0.031851,4.450
78300,520,440,960,223,20,170,342.96,0.9631,0.5472,0.190931,3,3,74,266.80,0.9916,0.0928,0.005788,4.319
78317,520,375,895,252,5,171,348.87,0.9965,0.6002,0.237477,55,27,44,343.88,0.4392,0.1645,0.017780,4.241
78320,520,407,927,208,97,103,18.69,0.6443,0.5696,0.229405,14,35,7,138.53,0.8957,0.1275,0.013107,4.427
78353,520,434,954,135,105,232,290.82,0.7872,0.5500,0.210801,0,25,45,244.67,1.0000,0.1045,0.008847,4.432
78360,520,447,967,239,11,3,29.43,0.9976,0.5360,0.186000,7,21,21,195.55,0.4359,0.0843,0.006356,4.188
78367,520,387,907,218,63,215,328.81,0.8975,0.5920,0.233688,24,34,52,261.73,0.3707,0.1483,0.015861,4.307
78433,520,418,938,245,24,72,19.02,0.9808,0.5592,0.205371,29,10,69,290.10,0.8448,0.1178,0.009080,4.322
78436,520,359,879,254,53,158,354.70,0.9898,0.6184,0.260892,26,40,72,264.87,0.5280,0.1797,0.022050,4.315
78442,520,230,750,244,152,161,13.63,0.7523,0.7392,0.442650,49,78,17,131.71,0.9003,0.2936,0.061421,4.422
78449,520,418,938,219,85,61,32.28,0.8309,0.5615,0.218964,16,27,40,253.21,0.3792,0.1160,0.010472,4.448
78463,520,465,985,201,25,186,332.52,0.9374,0.5174,0.166598,18,4,9,355.39,0.5198,0.0502,0.002352,4.137
78468,520,266,786,249,115,227,334.15,0.9620,0.7101,0.379498,54,67,5,121.63,0.9382,0.2621,0.048095,4.378
78473,520,392,912,224,65,189,338.22,0.8615,0.5889,0.233044,41,12,88,292.78,0.8723,0.1550,0.014389,4.396
78490,520,297,817,243,85,250,326.09,0.9805,0.6761,0.324563,108,14,4,30.77,0.9728,0.2444,0.035116,4.401
78505,520,459,979,221,56,86,15.80,0.8651,0.5345,0.188750,6,10,34,271.27,0.6862,0.0646,0.003713,4.445
78526,520,408,928,223,83,91,20.34,0.7831,0.5713,0.226323,40,25,29,1.69,0.2597,0.1311,0.012351,4.432
78532,520,412,932,235,37,150,352.63,0.9312,0.5685,0.211903,29,28,17,103.51,0.2835,0.1211,0.011322,4.271
78550,520,361,881,244,54,197,340.45,0.9379,0.6188,0.259056,60,37,0,74.00,1.0000,0.1840,0.022839,4.243
78552,520,333,853,207,106,228,320.49,0.8195,0.6369,0.291763,1,56,21,149.79,0.9956,0.1963,0.028888,4.332
78566,520,373,893,197,112,164,343.61,0.5415,0.5999,0.261404,16,45,7,139.16,0.9481,0.1618,0.020022,4.447
78573,520,327,847,228,86,243,323.78,0.9438,0.6498,0.296227,49,50,12,110.73,0.7365,0.2060,0.029607,4.349
78582,520,364,884,251,33,168,350.05,0.9697,0.6051,0.244275,58,29,37,2.92,0.4103,0.1704,0.019120,4.257
78585,520,418,938,104,124,226,272.76,0.7506,0.5582,0.228487,20,33,1,128.37,0.9690,0.1243,0.012386,4.464
78588,520,328,848,248,92,153,359.42,0.8995,0.6451,0.299137,14,52,80,244.69,0.7246,0.2131,0.031284,4.295
78596,520,426,946,241,38,64,21.99,0.9621,0.5565,0.204605,15,27,35,238.47,0.3399,0.1126,0.010067,4.239
78598,520,469,989,229,12,22,27.88,0.9931,0.5153,0.169819,0,1,31,264.20,0.9891,0.0364,0.001206,4.293
78602,520,408,928,248,49,3,32.40,0.9977,0.5736,0.221632,38,22,49,310.16,0.4941,0.1322,0.012077,4.376
78603,520,288,808,249,84,238,330.68,0.9746,0.6772,0.326562,10,66,48,166.22,0.9119,0.2404,0.041742,4.105
78649,520,14,534,243,255,212,120.13,1.0000,0.9769,0.953280,41,130,103,168.94,0.8135,0.4746,0.174152,4.476
78650,520,382,902,188,93,234,313.08,0.8461,0.5951,0.244616,41,38,25,96.68,0.2736,0.1646,0.019278,4.253
78661,520,452,972,153,70,249,299.86,0.9543,0.5296,0.179925,23,7,22,329.52,0.5293,0.0682,0.003921,4.264
78680,520,363,883,236,62,195,339.33,0.9055,0.6101,0.252209,18,47,2,136.66,0.9849,0.1690,0.021659,4.217
78684,520,331,851,255,56,197,342.98,1.0000,0.6400,0.281229,45,39,81,287.69,0.5173,0.2008,0.026030,4.357
78695,520,386,906,214,72,210,329.03,0.8592,0.5915,0.235859,0,45,6,145.10,1.0000,0.1550,0.018898,4.149
78705,520,361,881,249,27,209,337.92,0.9838,0.6197,0.255302,64,19,64,327.73,0.6898,0.1776,0.019260,4.408
78737,520,472,992,213,61,77,19.47,0.8395,0.5221,0.180218,0,6,0,142.50,1.0000,0.0324,0.001302,4.487
78751,520,345,865,251,37,206,339.24,0.9776,0.6259,0.262918,86,6,23,17.11,0.9221,0.1908,0.021709,4.364
78771,520,447,967,184,61,216,318.42,0.8594,0.5362,0.184869,20,12,26,309.70,0.3935,0.0760,0.004863,4.281
78772,520,405,925,243,5,157,351.24,0.9948,0.5762,0.216008,63,3,12,19.40,0.9362,0.1336,0.011486,4.326
78792,520,319,839,183,137,212,311.67,0.5700,0.6531,0.327126,5,64,13,144.54,0.9890,0.2245,0.037280,4.321
78797,520,374,894,244,80,37,35.04,0.9513,0.5982,0.251073,25,31,80,273.45,0.7005,0.1632,0.017658,4.450
78831,520,424,944,210,28,224,324.71,0.9690,0.5607,0.199159,17,29,19,149.02,0.3812,0.1134,0.010449,4.122
78839,520,426,946,166,104,195,314.20,0.6078,0.5589,0.219484,3,29,37,221.35,0.7992,0.1127,0.010316,4.468
78847,520,459,979,233,27,13,29.70,0.9882,0.5289,0.181397,10,12,16,264.28,0.1481,0.0618,0.003649,4.313
78852,520,402,922,243,13,167,348.28,0.9875,0.5824,0.221357,8,1,102,267.84,0.9984,0.1328,0.010325,4.498
78863,520,410,930,253,6,37,26.12,0.9977,0.5668,0.211503,57,1,46,338.07,0.9187,0.1320,0.010890,4.295
78878,520,464,984,225,22,84,13.13,0.9653,0.5189,0.172243,23,0,14,344.19,1.0000,0.0500,0.002139,4.263
78893,520,334,854,218,84,248,319.76,0.9595,0.6357,0.280251,14,26,129,267.28,0.9650,0.2031,0.024169,4.453
78911,520,200,720,248,161,194,355.51,0.8118,0.7725,0.493434,59,77,97,251.46,0.2761,0.3230,0.071005,4.491
78916,520,430,950,212,88,68,31.31,0.7748,0.5546,0.213961,0,28,24,182.14,1.0000,0.1019,0.008964,4.477
78920,520,426,946,247,26,35,27.19,0.9859,0.5595,0.206379,52,2,25,358.16,0.8681,0.1122,0.008438,4.387
78922,520,410,930,226,4,201,334.68,0.9959,0.5669,0.204751,46,14,53,320.04,0.6837,0.1327,0.011520,4.141
78926,520,374,894,232,59,201,336.48,0.9108,0.6038,0.245033,14,41,45,208.30,0.5578,0.1587,0.018686,4.295
78946,520,281,801,244,126,146,10.63,0.7981,0.6875,0.362328,7,68,56,175.26,0.9297,0.2492,0.044647,4.356
78962,520,468,988,213,38,136,352.74,0.8767,0.5205,0.173123,8,3,13,309.73,0.5335,0.0381,0.001458,4.336
78971,520,403,923,250,47,54,25.75,0.9770,0.5795,0.226270,36,26,27,11.67,0.1733,0.1274,0.011930,4.461
78979,520,415,935,207,71,198,330.60,0.8214,0.5718,0.218509,5,20,73,265.35,0.9210,0.1204,0.010135,4.465
78986,520,454,974,211,75,28,37.65,0.9250,0.5291,0.189672,27,2,35,317.35,0.8332,0.0724,0.003978,4.440
78998,520,376,896,212,94,182,338.37,0.7198,0.6010,0.253817,43,33,47,316.19,0.2576,0.1623,0.018066,4.464
79000,520,376,896,246,40,167,349.55,0.9491,0.5987,0.239037,65,18,9,32.89,0.8059,0.1559,0.015763,4.395
79010,520,452,972,185,85,156,339.89,0.6316,0.5324,0.192129,28,3,33,320.95,0.7834,0.0743,0.004218,4.466
79017,520,459,979,186,16,244,313.72,0.9876,0.5326,0.173425,7,13,18,242.71,0.2763,0.0626,0.003767,4.155
79028,520,479,999,220,1,101,5.56,0.9979,0.5072,0.161796,0,0,1,264.05,1.0000,0.0060,0.000022,4.234
79029,520,398,918,184,77,252,308.90,0.9745,0.5816,0.225273,49,15,55,321.38,0.6827,0.1404,0.012705,4.390
79034,520,411,931,238,15,152,351.92,0.9809,0.5662,0.207889,31,16,55,297.79,0.6639,0.1162,0.009377,4.343
79053,520,63,583,214,236,237,200.07,0.3512,0.9152,0.804008,9,123,8,142.53,0.9957,0.4283,0.142409,4.439
79055,520,385,905,254,52,69,23.00,0.9941,0.5933,0.239602,67,12,14,23.54,0.8316,0.1528,0.014881,4.464
79057,520,445,965,136,95,244,291.42,0.8863,0.5425,0.199502,15,10,50,281.66,0.7836,0.0849,0.005489,4.496
79058,520,366,886,228,104,54,41.08,0.8540,0.6059,0.266635,24,43,50,223.37,0.3574,0.1732,0.021522,4.427
79063,520,342,862,233,101,153,357.96,0.7620,0.6325,0.289334,11,53,9,142.42,0.9673,0.1873,0.026370,4.443
79076,520,417,937,253,19,20,28.62,0.9932,0.5688,0.214027,15,27,50,262.34,0.5302,0.1217,0.011157,4.317
79101,520,440,960,244,0,52,22.86,1.0000,0.5478,0.194845,9,12,61,271.62,0.9014,0.0949,0.006579,4.327
79103,520,450,970,215,27,173,340.17,0.9367,0.5364,0.182504,10,3,53,277.94,0.9526,0.0719,0.003867,4.316
79104,520,373,893,222,83,167,346.54,0.7690,0.5950,0.245084,37,30,68,289.31,0.5419,0.1617,0.017392,4.379
79120,520,467,987,202,77,45,35.33,0.8433,0.5168,0.180558,2,5,10,250.78,0.4301,0.0359,0.001434,4.483
79127,520,428,948,245,38,7,30.97,0.9947,0.5600,0.208175,12,13,66,273.08,0.8970,0.1037,0.007593,4.483
79146,520,370,890,233,67,188,340.92,0.8783,0.6059,0.249714,71,13,34,3.47,0.7524,0.1678,0.017432,4.445
79159,520,410,930,204,60,226,321.99,0.9043,0.5738,0.215617,57,2,31,354.37,0.8754,0.1252,0.010123,4.418
79168,520,401,921,239,53,120,5.17,0.8993,0.5762,0.222561,12,11,99,269.43,0.9766,0.1417,0.012183,4.383
79176,520,421,941,245,17,99,10.60,0.9842,0.5626,0.207177,18,27,31,227.00,0.2202,0.1129,0.010114,4.278
79178,520,441,961,243,0,10,28.62,1.0000,0.5424,0.190801,15,15,51,277.85,0.7111,0.0948,0.006822,4.238
79179,520,442,962,237,15,94,11.05,0.9831,0.5442,0.191575,1,22,4,147.19,0.9815,0.0783,0.005890,4.322
79182,520,422,942,241,46,15,31.43,0.9869,0.5573,0.206926,19,16,63,279.02,0.7829,0.1110,0.008679,4.379
79200,520,382,902,230,60,206,334.54,0.9114,0.6041,0.245134,8,45,20,150.39,0.9271,0.1605,0.019788,4.229
79206,520,398,918,237,50,140,357.29,0.8997,0.5769,0.221822,13,32,57,256.05,0.6121,0.1390,0.014139,4.238
79213,520,429,949,196,11,247,315.88,0.9931,0.5499,0.186919,19,17,51,281.58,0.6448,0.1021,0.007783,4.100
79239,520,449,969,230,47,29,30.18,0.9625,0.5362,0.189477,0,19,15,178.95,1.0000,0.0717,0.005002,4.354
79243,520,465,985,230,7,68,18.04,0.9930,0.5217,0.173953,9,9,6,107.35,0.1550,0.0511,0.002666,4.252
79252,520,462,982,208,11,191,332.94,0.9802,0.5288,0.174129,14,5,9,349.04,0.3668,0.0477,0.002216,4.292
79256,520,433,953,244,16,66,20.11,0.9891,0.5534,0.200005,3,9,76,266.29,0.9755,0.1042,0.007365,4.358
79261,520,433,953,223,11,184,338.70,0.9842,0.5525,0.193905,7,0,82,269.19,1.0000,0.1019,0.006543,4.314
79266,520,334,854,249,69,189,344.53,0.9509,0.6362,0.280732,79,23,38,7.47,0.6683,0.1983,0.024153,4.460
79289,520,295,815,236,124,174,353.28,0.7432,0.6815,0.353065,48,57,72,260.57,0.2185,0.2445,0.040225,4.467
79291,520,366,886,239,16,227,331.14,0.9924,0.6094,0.242701,58,18,69,318.24,0.7160,0.1696,0.017619,4.329
79297,520,431,951,173,88,207,315.24,0.7324,0.5487,0.203695,45,1,33,341.52,0.8865,0.1005,0.006895,4.459
79305,520,476,996,162,62,217,310.61,0.8453,0.5051,0.161371,3,1,8,299.53,0.6793,0.0239,0.000586,4.178
79306,520,398,918,213,65,203,330.84,0.8612,0.5782,0.222405,52,18,43,338.80,0.5840,0.1425,0.013372,4.299
79312,520,391,911,244,32,173,347.04,0.9627,0.5936,0.232864,58,0,72,318.22,1.0000,0.1527,0.013675,4.442
79338,520,356,876,217,81,224,325.78,0.8756,0.6151,0.260203,0,52,19,150.03,1.0000,0.1816,0.025029,4.134
79354,520,421,941,199,65,216,322.99,0.8653,0.5639,0.208821,51,9,6,28.81,0.8372,0.1146,0.009124,4.378
79356,520,429,949,187,74,208,321.04,0.8027,0.5501,0.200177,36,12,30,337.75,0.5448,0.0996,0.007318,4.365
79361,520,445,965,219,67,88,17.03,0.8223,0.5429,0.197815,24,14,13,25.39,0.2495,0.0796,0.005373,4.475
79381,520,470,990,222,15,127,357.01,0.9675,0.5238,0.174062,0,7,14,234.94,1.0000,0.0407,0.001837,4.322
79394,520,442,962,210,83,45,36.91,0.8543,0.5403,0.200798,7,18,33,255.98,0.5276,0.0825,0.005876,4.489
79402,520,477,997,191,40,186,329.64,0.8744,0.5082,0.161407,0,1,8,261.19,1.0000,0.0192,0.000392,4.195
79405,520,452,972,234,18,52,23.00,0.9862,0.5307,0.181761,12,15,8,126.57,0.2754,0.0680,0.004373,4.262
79415,520,367,887,230,58,213,332.56,0.9243,0.6065,0.246556,71,1,62,334.80,0.9454,0.1709,0.017093,4.420
79432,520,327,847,255,51,228,334.56,1.0000,0.6534,0.292323,15,57,34,155.71,0.8552,0.2073,0.031432,4.204
79435,520,445,965,208,3,211,327.58,0.9962,0.5406,0.181801,13,18,25,256.84,0.2363,0.0823,0.005884,4.148
79438,520,364,884,217,90,191,336.31,0.7703,0.6077,0.258276,55,34,19,55.63,0.4748,0.1717,0.020034,4.402
79440,520,431,951,209,13,219,325.79,0.9868,0.5503,0.189596,46,5,22,359.55,0.7647,0.1032,0.007474,4.169
79443,520,416,936,200,80,200,327.68,0.7831,0.5727,0.221884,41,24,3,70.05,0.7923,0.1238,0.011313,4.434
79455,520,477,997,198,70,112,3.62,0.7157,0.5146,0.175578,3,0,12,296.66,1.0000,0.0224,0.000459,4.471
79474,520,466,986,187,65,182,329.50,0.7747,0.5225,0.177242,4,6,31,272.25,0.7908,0.0525,0.002550,4.324
79491,520,415,935,208,4,249,318.66,0.9979,0.5698,0.203380,16,31,12,139.28,0.6405,0.1170,0.011167,4.142
79495,520,430,950,186,81,194,324.78,0.7386,0.5489,0.202202,13,27,2,132.49,0.9343,0.1007,0.008738,4.294
79498,520,450,970,241,5,41,25.05,0.9973,0.5411,0.189728,3,5,55,268.13,0.9686,0.0725,0.004037,4.436
79516,520,401,921,227,57,167,346.00,0.8654,0.5756,0.220497,28,29,52,280.71,0.4002,0.1387,0.013735,4.244
79525,520,442,962,184,47,234,314.57,0.9299,0.5373,0.181650,20,0,59,288.44,1.0000,0.0825,0.004645,4.239
79534,520,440,960,196,28,238,317.64,0.9727,0.5481,0.187408,30,2,54,303.29,0.9221,0.0928,0.005858,4.250
79537,520,451,971,226,46,84,15.54,0.9084,0.5352,0.187656,13,11,24,290.01,0.3768,0.0659,0.003909,4.409
79540,520,450,970,229,49,44,27.76,0.9432,0.5371,0.190394,16,8,33,295.08,0.6269,0.0685,0.003936,4.457
79549,520,14,534,249,252,214,110.97,0.9472,0.9757,0.946157,5,129,126,191.90,0.9802,0.4732,0.172383,4.479
79560,520,381,901,226,38,239,325.11,0.9732,0.6033,0.237892,26,30,81,274.85,0.7117,0.1626,0.017422,4.270
79578,520,251,771,247,149,14,64.46,0.9867,0.7156,0.413034,43,72,39,141.42,0.6022,0.2735,0.052947,4.498
79585,520,367,887,240,64,172,347.75,0.8876,0.6077,0.251735,65,6,71,323.81,0.8459,0.1705,0.017092,4.497
79591,520,469,989,162,68,227,307.74,0.8552,0.5203,0.173623,7,4,21,290.19,0.6298,0.0439,0.001861,4.312
79596,520,464,984,200,9,193,330.26,0.9818,0.5150,0.163268,2,7,26,263.78,0.7717,0.0494,0.002394,4.070
79606,520,410,930,191,79,219,319.03,0.8239,0.5699,0.217840,27,22,65,283.84,0.6655,0.1318,0.011885,4.328
79614,520,472,992,183,60,199,322.88,0.8217,0.5215,0.174238,9,0,2,1.93,1.0000,0.0253,0.000625,4.429
79655,520,301,821,253,97,180,350.59,0.9704,0.6702,0.327304,78,42,44,16.83,0.4047,0.2331,0.034577,4.461
79657,520,465,985,173,63,208,316.78,0.8246,0.5156,0.169943,22,4,2,33.49,0.7219,0.0535,0.002618,4.180
79661,520,435,955,194,73,192,328.40,0.7773,0.5496,0.200417,1,24,24,194.87,0.9133,0.0903,0.007256,4.374
79663,520,441,961,210,9,196,332.07,0.9856,0.5353,0.178846,3,0,73,266.92,1.0000,0.0867,0.005004,4.161
79670,520,357,877,250,8,210,337.79,0.9963,0.6173,0.251540,0,18,124,264.15,0.9848,0.1800,0.018877,4.378
79672,520,420,940,246,3,87,13.99,0.9976,0.5587,0.203496,25,23,39,289.23,0.3269,0.1129,0.009659,4.249
79674,520,454,974,232,1,77,15.35,0.9989,0.5264,0.177164,29,8,7,25.10,0.5664,0.0735,0.004503,4.168
79675,520,389,909,212,100,126,7.36,0.6350,0.5877,0.246198,27,38,6,126.16,0.8194,0.1465,0.016324,4.466
79683,520,406,926,244,1,167,348.36,0.9990,0.5820,0.220481,16,35,23,155.04,0.5182,0.1323,0.013740,4.243
79697,520,467,987,222,21,103,5.91,0.9569,0.5175,0.170479,15,0,16,326.42,1.0000,0.0395,0.001390,4.290
79720,520,355,875,232,33,248,324.57,0.9840,0.6174,0.250232,36,44,47,222.47,0.1261,0.1843,0.023816,4.067
79775,520,453,973,231,7,100,7.91,0.9901,0.5313,0.180640,6,3,56,272.27,0.9738,0.0723,0.003893,4.280
79779,520,359,879,231,45,244,325.10,0.9715,0.6191,0.253997,58,29,52,335.13,0.4623,0.1773,0.020263,4.327
79784,520,313,833,249,94,181,348.98,0.9268,0.6602,0.314843,46,51,65,269.54,0.1983,0.2223,0.033301,4.380
79786,520,466,986,215,16,144,349.51,0.9582,0.5173,0.168337,21,0,12,345.21,1.0000,0.0461,0.001860,4.210
79794,520,23,543,246,245,246,325.59,0.0740,0.9664,0.915515,34,131,37,143.36,0.9714,0.4616,0.167056,4.448
79798,520,449,969,230,52,44,28.25,0.9396,0.5417,0.194638,4,17,8,154.28,0.6703,0.0671,0.004442,4.494
79801,520,412,932,252,25,30,27.88,0.9893,0.5693,0.214882,18,10,84,275.15,0.9483,0.1247,0.009857,4.425
79858,520,352,872,220,65,253,319.83,0.9899,0.6227,0.260900,53,32,76,303.93,0.5684,0.1914,0.023117,4.252
79868,520,430,950,213,89,0,45.45,1.0000,0.5523,0.212932,6,29,6,143.36,0.9289,0.1037,0.009306,4.434
79896,520,270,790,247,105,241,329.28,0.9657,0.7008,0.362307,43,66,43,144.46,0.4471,0.2556,0.045843,4.302
79907,520,386,906,249,42,139,359.36,0.9507,0.5943,0.236632,25,34,56,266.42,0.4103,0.1517,0.016362,4.319
79912,520,450,970,209,57,156,345.36,0.8094,0.5377,0.188840,0,5,53,263.99,1.0038,0.0680,0.003656,4.451
79928,520,439,959,176,75,224,312.83,0.8343,0.5465,0.196450,12,15,53,273.91,0.7678,0.0943,0.006768,4.341
79931,520,353,873,191,108,237,311.98,0.8333,0.6242,0.279168,14,46,57,224.04,0.6354,0.1805,0.023427,4.483
79968,520,397,917,205,98,137,358.90,0.6122,0.5770,0.235225,21,37,30,165.18,0.3538,0.1442,0.015763,4.337
79970,520,451,971,227,49,81,17.10,0.9059,0.5390,0.191244,7,17,15,180.66,0.3440,0.0713,0.004805,4.402
79978,520,478,998,230,2,8,28.75,0.9989,0.5145,0.168870,0,0,13,264.05,1.0000,0.0181,0.000291,4.352
79992,520,405,925,191,92,199,324.55,0.7180,0.5755,0.228554,10,33,42,226.60,0.5773,0.1308,0.013194,4.408
80011,520,374,894,165,116,220,304.15,0.6855,0.5955,0.256578,30,40,39,188.84,0.1628,0.1638,0.019401,4.418
80031,520,422,942,187,78,213,319.40,0.8039,0.5586,0.208189,8,26,47,253.76,0.6379,0.1130,0.009956,4.306
80064,520,333,853,249,74,183,346.73,0.9446,0.6382,0.284593,4,58,17,146.71,0.9868,0.2036,0.030923,4.135
80067,520,405,925,215,72,189,335.90,0.8186,0.5810,0.227580,60,9,7,27.66,0.8775,0.1333,0.011715,4.498
80071,520,349,869,248,29,223,334.16,0.9853,0.6269,0.261660,70,30,22,32.72,0.5933,0.1887,0.022888,4.276
80096,520,428,948,239,48,44,27.73,0.9551,0.5567,0.206497,30,19,5,72.73,0.5960,0.0967,0.007528,4.459
80101,520,406,926,222,25,230,326.35,0.9812,0.5844,0.219402,55,4,35,348.71,0.8091,0.1254,0.010205,4.475
80112,520,459,979,166,78,218,310.47,0.7993,0.5320,0.186184,13,13,10,107.09,0.1071,0.0646,0.003953,4.378
80114,520,369,889,202,85,249,314.68,0.9550,0.6143,0.258944,36,43,11,120.34,0.7047,0.1710,0.021270,4.335
80116,520,293,813,246,116,177,352.80,0.8561,0.6848,0.352606,13,58,96,248.76,0.7877,0.2418,0.039560,4.495
80121,520,463,983,212,46,157,345.22,0.8547,0.5340,0.183876,24,0,21,333.08,1.0000,0.0550,0.002484,4.456
80128,520,402,922,206,69,215,325.28,0.8632,0.5785,0.222861,37,20,52,306.70,0.5621,0.1289,0.011416,4.443
80146,520,438,958,224,45,146,352.02,0.8817,0.5508,0.198020,21,18,28,298.20,0.2485,0.0910,0.006759,4.370
80155,520,430,950,217,41,180,338.71,0.9035,0.5518,0.196352,6,24,38,243.98,0.6204,0.1006,0.008319,4.224
80158,520,443,963,185,73,204,321.57,0.7928,0.5432,0.194402,38,5,8,18.51,0.7661,0.0838,0.005382,4.413
80164,520,354,874,178,113,236,306.49,0.7989,0.6157,0.273319,42,39,59,290.78,0.2936,0.1828,0.022590,4.454
80181,520,352,872,254,72,97,17.83,0.9902,0.6166,0.265722,9,49,61,222.39,0.7677,0.1903,0.025915,4.159
80185,520,384,904,218,5,248,321.38,0.9977,0.5858,0.217933,2,44,0,141.78,1.0000,0.1514,0.018142,3.932
80192,520,369,889,214,111,116,18.19,0.6184,0.6068,0.269280,33,40,54,263.96,0.2511,0.1737,0.021072,4.492
80201,520,461,981,208,65,107,6.89,0.7713,0.5250,0.182542,15,2,30,302.87,0.8280,0.0532,0.002387,4.439
80217,520,465,985,214,37,142,350.71,0.8839,0.5244,0.175746,10,5,26,292.02,0.6511,0.0520,0.002477,4.302
80219,520,353,873,242,33,227,331.82,0.9806,0.6204,0.255138,11,47,60,226.12,0.7134,0.1842,0.024303,4.107
80233,520,459,979,177,36,248,309.79,0.9671,0.5310,0.173871,1,13,31,253.07,0.8441,0.0649,0.003932,4.151
80243,520,439,959,235,45,33,29.25,0.9603,0.5452,0.196519,35,11,13,16.68,0.5343,0.0898,0.006258,4.382
80248,520,397,917,230,28,195,337.36,0.9649,0.5773,0.215963,57,18,1,43.94,0.9388,0.1389,0.013048,4.218
80259,520,421,941,119,110,250,281.64,0.9355,0.5587,0.219754,11,31,7,140.19,0.8797,0.1130,0.010664,4.447
80267,520,430,950,237,44,41,27.75,0.9600,0.5493,0.199692,14,28,4,133.52,0.8691,0.1049,0.009326,4.209
80278,520,468,988,181,28,239,313.15,0.9695,0.5250,0.168874,5,1,33,280.17,0.9569,0.0436,0.001638,4.239
80287,520,472,992,139,75,248,294.68,0.9447,0.5183,0.172985,12,1,6,347.30,0.7103,0.0340,0.001130,4.361
80300,520,412,932,212,58,209,328.86,0.8889,0.5737,0.216286,47,13,18,14.09,0.6218,0.1153,0.009360,4.486
80304,520,433,953,211,75,120,3.46,0.7364,0.5471,0.202393,9,10,65,271.71,0.9320,0.0961,0.006568,4.462
80312,520,424,944,197,72,208,324.42,0.8234,0.5632,0.210606,42,13,17,13.81,0.5672,0.1061,0.008206,4.477
80314,520,290,810,241,130,84,42.51,0.8351,0.6761,0.353088,43,63,32,135.25,0.5566,0.2434,0.041728,4.394
80317,520,398,918,249,13,124,3.02,0.9886,0.5771,0.218863,26,36,23,138.56,0.3412,0.1429,0.015432,4.109
80318,520,401,921,198,79,221,320.80,0.8398,0.5817,0.228196,45,22,44,328.60,0.4728,0.1390,0.013136,4.406
80320,520,440,960,225,63,105,10.10,0.8359,0.5542,0.205852,16,22,16,144.96,0.2255,0.0917,0.007214,4.472
80331,520,476,996,222,32,20,29.53,0.9758,0.5085,0.166159,2,0,14,286.01,1.0000,0.0222,0.000446,4.285
80335,520,467,987,223,13,119,0.00,0.9736,0.5223,0.173105,7,3,20,293.83,0.6766,0.0408,0.001608,4.323
80344,520,237,757,209,171,140,60.91,0.3810,0.7295,0.445756,7,83,14,143.64,0.9917,0.2916,0.062631,4.402
80352,520,257,777,255,138,13,56.78,1.0000,0.7065,0.394691,60,68,2,117.13,0.9725,0.2708,0.050993,4.403
80360,520,448,968,194,4,237,317.61,0.9967,0.5368,0.176720,11,3,61,276.31,0.9683,0.0817,0.004732,4.142
80369,520,418,938,230,57,113,6.80,0.8648,0.5601,0.209443,3,9,86,265.95,0.9821,0.1173,0.008865,4.407
80373,520,318,838,239,94,222,332.56,0.9136,0.6640,0.316325,5,55,87,243.59,0.8739,0.2242,0.034526,4.334
80382,520,461,981,131,89,243,290.69,0.8929,0.5263,0.184410,3,9,12,223.07,0.3995,0.0477,0.002413,4.472
80383,520,465,985,167,82,185,320.36,0.6817,0.5167,0.177537,12,4,14,320.54,0.4917,0.0451,0.001967,4.378
80393,520,476,996,180,52,198,322.44,0.8435,0.5079,0.162377,1,2,4,255.89,0.3738,0.0225,0.000586,4.198
80395,520,270,790,249,97,255,326.21,1.0000,0.7019,0.359117,63,43,120,290.64,0.6920,0.2618,0.041406,4.476
80397,520,404,924,182,87,235,311.25,0.8576,0.5790,0.227605,33,26,40,307.10,0.2804,0.1295,0.012153,4.466
80399,520,466,986,208,73,25,37.79,0.9318,0.5205,0.182474,3,9,12,223.07,0.3995,0.0477,0.002413,4.435
80402,520,220,740,241,159,152,24.92,0.7197,0.7463,0.457661,25,78,85,207.42,0.6851,0.2995,0.063111,4.488
80404,520,444,964,217,35,168,342.41,0.9113,0.5416,0.187833,11,16,37,271.37,0.5359,0.0830,0.005753,4.266
80406,520,399,919,229,78,112,10.71,0.7994,0.5808,0.232793,56,19,19,22.45,0.6113,0.1420,0.013536,4.451
80411,520,373,893,190,93,234,313.78,0.8485,0.5978,0.247174,42,34,36,1.20,0.1207,0.1587,0.017637,4.394
80413,520,279,799,233,132,173,355.05,0.6922,0.6908,0.368454,57,62,27,116.00,0.5593,0.2525,0.043942,4.454
80421,520,418,938,184,98,168,334.50,0.5844,0.5582,0.217541,28,5,81,285.30,0.9468,0.1240,0.009495,4.497
80443,520,456,976,213,58,110,5.24,0.8102,0.5276,0.183004,15,10,6,64.26,0.2548,0.0588,0.003318,4.370
80447,520,364,884,231,31,244,325.24,0.9839,0.6120,0.245029,65,11,64,328.82,0.7774,0.1699,0.017335,4.382
80455,520,356,876,230,54,241,325.44,0.9593,0.6214,0.258145,52,28,67,310.86,0.5619,0.1756,0.019659,4.424
80470,520,472,992,212,62,36,32.28,0.9187,0.5152,0.175721,0,6,3,165.38,1.0000,0.0337,0.001368,4.394
80483,520,24,544,247,250,218,111.52,0.8665,0.9704,0.932074,15,132,53,147.87,0.9883,0.4631,0.168604,4.492
80495,520,464,984,218,18,139,351.99,0.9553,0.5217,0.172046,25,0,12,351.05,1.0000,0.0524,0.002333,4.243
80501,520,341,861,254,17,215,337.42,0.9950,0.6293,0.263814,80,29,7,41.42,0.8419,0.2035,0.025998,4.129
80506,520,433,953,187,50,242,313.53,0.9380,0.5508,0.192580,40,8,30,342.06,0.6645,0.1001,0.007186,4.242
80515,520,448,968,232,8,126,359.19,0.9874,0.5421,0.188388,19,9,36,297.53,0.6324,0.0755,0.004612,4.365
80531,520,13,533,229,254,255,199.66,1.0000,0.9758,0.947608,6,136,37,145.10,0.9969,0.4732,0.177798,4.379
80538,520,419,939,185,60,252,310.29,0.9804,0.5648,0.205753,19,28,5,127.15,0.7511,0.1089,0.009799,4.277
80552,520,382,902,246,72,73,24.91,0.9438,0.5969,0.247119,17,37,60,253.21,0.5545,0.1572,0.017685,4.390
80588,520,391,911,206,82,203,328.64,0.7968,0.5865,0.234699,66,10,31,3.11,0.7692,0.1531,0.014745,4.397
80595,520,405,925,238,14,179,343.64,0.9858,0.5789,0.217489,5,34,38,207.89,0.7503,0.1295,0.013162,4.235
80600,520,359,879,242,78,146,358.97,0.8678,0.6151,0.264044,31,34,81,276.66,0.6327,0.1758,0.020294,4.468
80601,520,437,957,230,24,155,349.43,0.9568,0.5548,0.198456,17,10,49,284.84,0.7594,0.0857,0.005580,4.470
80608,520,378,898,218,42,249,320.75,0.9755,0.5996,0.234028,58,29,3,58.51,0.8440,0.1625,0.017850,4.186
80610,520,339,859,245,45,236,330.32,0.9753,0.6374,0.273482,37,51,4,125.27,0.9290,0.1961,0.027697,4.163
80614,520,413,933,239,47,107,9.20,0.9191,0.5677,0.214485,24,19,66,281.99,0.7327,0.1239,0.010533,4.369
80622,520,373,893,238,37,210,335.22,0.9659,0.6048,0.241562,26,43,22,139.74,0.5430,0.1643,0.020053,4.162
80624,520,472,992,197,53,169,337.06,0.8120,0.5192,0.172829,4,1,18,289.61,0.8483,0.0308,0.000912,4.377
80632,520,441,961,219,1,182,338.26,0.9983,0.5417,0.184616,3,25,2,141.91,0.9733,0.0884,0.007190,4.102
80633,520,428,948,243,42,57,24.26,0.9614,0.5621,0.210094,42,14,1,47.88,0.8907,0.1042,0.008086,4.478
80642,520,430,950,212,18,211,328.57,0.9782,0.5513,0.191349,20,24,1,117.85,0.9186,0.0974,0.008042,4.158
80647,520,459,979,198,54,187,331.38,0.8375,0.5325,0.182337,11,1,49,281.88,0.9761,0.0646,0.003146,4.372
80651,520,456,976,208,61,127,357.29,0.7811,0.5274,0.182818,7,0,50,276.34,1.0000,0.0605,0.002754,4.413
80652,520,337,857,246,43,245,328.45,0.9810,0.6438,0.279160,59,44,26,70.82,0.4044,0.2042,0.028058,4.217
80684,520,429,949,209,46,188,334.18,0.8837,0.5456,0.191422,45,0,28,347.55,1.0000,0.0964,0.006418,4.279
80697,520,411,931,241,28,124,2.20,0.9603,0.5659,0.209898,6,6,91,267.52,0.9879,0.1219,0.009242,4.387
80700,520,309,829,191,139,189,327.78,0.4427,0.6555,0.332166,0,63,23,149.29,1.0000,0.2210,0.036167,4.435
80701,520,407,927,184,79,230,313.79,0.8539,0.5674,0.214965,61,3,11,19.83,0.9341,0.1289,0.010816,4.357
80723,520,405,925,239,6,181,343.22,0.9942,0.5802,0.218202,20,27,54,270.82,0.5168,0.1281,0.011989,4.327
80730,520,377,897,232,100,4,46.09,0.9929,0.6032,0.262817,17,45,20,145.95,0.8049,0.1645,0.020464,4.439
80757,520,398,918,246,0,145,355.51,1.0000,0.5761,0.216405,26,32,37,243.44,0.1489,0.1364,0.013862,4.172
80787,520,433,953,178,57,247,309.38,0.9535,0.5477,0.191075,27,18,26,330.11,0.2513,0.0968,0.007402,4.200
80824,520,316,836,235,81,251,323.84,0.9822,0.6601,0.305143,55,46,60,313.46,0.2074,0.2162,0.030925,4.389
80841,520,444,964,201,72,148,347.57,0.7276,0.5367,0.191922,21,16,13,52.78,0.1576,0.0805,0.005591,4.352
80843,520,440,960,173,55,255,306.30,1.0000,0.5456,0.188374,9,19,40,263.46,0.5754,0.0908,0.006770,4.199
80847,520,369,889,255,1,179,347.14,1.0000,0.6091,0.245399,45,24,86,293.92,0.7365,0.1748,0.018830,4.292
80856,520,298,818,183,137,250,301.17,0.8834,0.6746,0.348611,5,66,18,145.87,0.9882,0.2321,0.039722,4.443
80859,520,375,895,225,28,244,323.82,0.9845,0.6006,0.233719,17,28,90,269.22,0.8699,0.1613,0.016878,4.242
80887,520,379,899,241,13,212,335.31,0.9926,0.6029,0.237450,60,28,11,46.86,0.6695,0.1650,0.018155,4.218
80890,520,257,777,255,122,180,354.66,1.0000,0.7091,0.384773,1,78,13,144.34,0.9986,0.2728,0.054840,4.147
80892,520,451,971,240,24,41,25.90,0.9845,0.5444,0.193420,11,9,43,279.29,0.7620,0.0737,0.004409,4.474
80932,520,472,992,219,48,86,14.29,0.8837,0.5233,0.178485,6,0,19,299.15,1.0000,0.0308,0.000857,4.493
80936,520,236,756,232,146,231,327.30,0.8221,0.7393,0.434847,32,79,20,139.89,0.9446,0.2866,0.059494,4.428
80940,520,369,889,243,54,188,342.89,0.9290,0.6124,0.253269,4,23,112,265.05,0.9683,0.1725,0.018083,4.454
80942,520,374,894,244,64,120,7.29,0.9045,0.5955,0.242592,49,33,1,81.16,0.9493,0.1575,0.017429,4.339
80944,520,462,982,184,13,251,311.70,0.9917,0.5348,0.174443,12,8,2,86.42,0.5436,0.0503,0.002562,4.270
80948,520,288,808,196,130,254,306.98,0.9786,0.6787,0.348575,5,66,56,178.01,0.9442,0.2420,0.042140,4.326
80996,520,439,959,162,80,247,302.34,0.9301,0.5523,0.201345,19,9,56,284.87,0.8229,0.0926,0.006193,4.473
81013,520,456,976,210,45,149,347.56,0.8484,0.5257,0.177505,2,6,37,267.08,0.9139,0.0556,0.002767,4.312
81019,520,469,989,192,38,205,324.50,0.9129,0.5217,0.170020,1,8,3,154.57,0.8509,0.0401,0.001867,4.242
81050,520,344,864,248,38,219,335.19,0.9762,0.6285,0.264602,46,45,17,107.01,0.5746,0.1886,0.024981,4.196
81060,520,318,838,252,87,180,349.39,0.9632,0.6563,0.308103,29,45,99,268.02,0.6919,0.2165,0.030387,4.455
81072,520,420,940,212,74,147,351.25,0.7505,0.5578,0.210033,1,31,20,165.34,0.9689,0.1107,0.010369,4.307
81092,520,477,997,166,37,243,307.46,0.9553,0.5108,0.159019,3,1,3,326.97,0.4506,0.0211,0.000476,4.141
81094,520,330,850,246,67,215,336.05,0.9510,0.6426,0.285163,72,19,91,315.39,0.7830,0.2117,0.025989,4.411
81104,520,425,945,205,62,200,329.43,0.8486,0.5601,0.205963,17,14,64,277.67,0.8343,0.1069,0.008034,4.411
81127,520,343,863,238,61,220,332.68,0.9390,0.6268,0.266846,4,37,103,261.87,0.9572,0.1899,0.023281,4.324
81163,520,391,911,239,58,142,357.64,0.8847,0.5880,0.233329,29,39,0,123.03,1.0000,0.1505,0.017122,4.221
81188,520,306,826,253,74,232,333.21,0.9906,0.6703,0.316094,58,49,68,306.12,0.2501,0.2315,0.035135,4.300
81207,520,426,946,231,55,99,11.98,0.8832,0.5563,0.206251,50,4,9,19.74,0.8775,0.1062,0.007848,4.430
81211,520,321,841,253,64,213,338.20,0.9878,0.6510,0.293567,31,56,1,131.89,0.9913,0.2072,0.031218,4.230
81213,520,478,998,211,38,114,0.83,0.8751,0.5079,0.164524,4,1,5,320.09,0.5789,0.0237,0.000585,4.241
81241,520,412,932,251,26,39,26.65,0.9867,0.5683,0.213982,7,15,78,267.97,0.9474,0.1179,0.009368,4.447
81244,520,424,944,213,33,208,329.56,0.9488,0.5571,0.197900,41,19,14,33.75,0.4689,0.1148,0.009689,4.153
81245,520,467,987,212,64,48,29.87,0.8855,0.5188,0.178796,6,4,13,295.56,0.4406,0.0387,0.001546,4.439
81268,520,383,903,217,34,252,319.98,0.9876,0.5960,0.229260,3,7,111,265.34,0.9927,0.1503,0.013189,4.419
81277,520,363,883,242,39,204,337.78,0.9634,0.6095,0.246909,32,24,94,280.21,0.8238,0.1690,0.017684,4.387
81278,520,471,991,197,11,206,325.92,0.9823,0.5193,0.165676,7,0,32,287.03,1.0000,0.0422,0.001495,4.188
81279,520,429,949,223,60,112,6.47,0.8336,0.5493,0.200922,42,10,22,359.90,0.6226,0.1030,0.007673,4.351
81311,520,278,798,228,114,252,320.40,0.9785,0.6924,0.355586,20,56,111,258.93,0.7859,0.2506,0.041245,4.445
81332,520,386,906,250,16,149,355.29,0.9861,0.5890,0.228680,51,27,10,54.01,0.6221,0.1475,0.015097,4.281
81333,520,343,863,251,29,224,334.57,0.9866,0.6329,0.267729,53,40,29,61.66,0.2842,0.1863,0.023632,4.315
81339,520,423,943,248,6,64,20.55,0.9965,0.5592,0.204605,4,21,56,261.52,0.8618,0.1053,0.008476,4.354
81344,520,385,905,229,22,229,328.31,0.9860,0.5948,0.228914,30,30,62,281.30,0.5010,0.1501,0.015523,4.257
81352,520,440,960,235,47,3,32.53,0.9969,0.5453,0.197049,25,15,34,307.29,0.4491,0.0921,0.006638,4.362
81359,520,410,930,243,12,125,1.64,0.9870,0.5650,0.208016,25,33,22,137.27,0.2940,0.1327,0.013523,4.062
81368,520,343,863,245,43,226,332.76,0.9724,0.6300,0.266341,81,6,50,351.36,0.8396,0.1892,0.021102,4.449
81397,520,453,973,206,81,47,35.96,0.8394,0.5303,0.192140,2,5,55,266.80,0.9727,0.0718,0.003973,4.486
81407,520,373,893,237,51,195,339.33,0.9299,0.6031,0.243151,67,0,62,332.02,1.0000,0.1618,0.015413,4.482
81432,520,453,973,223,61,17,34.46,0.9741,0.5345,0.190687,4,17,27,241.21,0.5873,0.0744,0.005058,4.371
81434,520,432,952,214,28,195,333.39,0.9498,0.5481,0.190689,1,10,71,264.71,0.9727,0.0982,0.006784,4.239
81437,520,381,901,244,73,97,17.19,0.9110,0.5988,0.248645,60,23,29,11.91,0.5410,0.1593,0.016623,4.483
81449,520,448,968,219,55,120,1.81,0.8339,0.5395,0.191510,1,8,58,264.87,0.9659,0.0797,0.004856,4.403
81461,520,369,889,223,41,250,321.82,0.9804,0.6079,0.241781,63,23,48,344.41,0.5765,0.1725,0.018831,4.239
81466,520,387,907,236,87,53,34.26,0.8999,0.5940,0.249092,29,40,8,126.06,0.7762,0.1548,0.017963,4.401
81470,520,146,666,252,195,131,68.93,0.8696,0.8307,0.613663,10,103,1,141.91,0.9991,0.3604,0.097668,4.494
81483,520,419,939,216,62,173,341.33,0.8274,0.5636,0.210635,45,7,41,332.48,0.7392,0.1136,0.008700,4.440
81484,520,428,948,247,24,49,24.61,0.9857,0.5601,0.206528,0,12,72,263.70,1.0017,0.1019,0.007308,4.476
81491,520,443,963,150,99,204,304.45,0.6602,0.5355,0.197677,11,19,26,245.50,0.2989,0.0838,0.006115,4.414
81501,520,436,956,229,26,152,350.25,0.9499,0.5523,0.196666,22,22,6,108.83,0.5529,0.0949,0.007575,4.284
81515,520,413,933,244,57,26,31.87,0.9740,0.5729,0.222373,14,26,53,264.34,0.5930,0.1207,0.010891,4.473
81535,520,405,925,214,52,217,327.29,0.9189,0.5772,0.217639,23,23,61,279.23,0.6334,0.1267,0.011318,4.365
81537,520,444,964,191,19,248,314.20,0.9867,0.5449,0.183207,13,16,21,260.63,0.1683,0.0756,0.005103,4.232
81538,520,300,820,240,81,250,325.39,0.9799,0.6672,0.313147,35,61,13,133.63,0.8982,0.2278,0.037238,4.163
81553,520,220,740,216,169,187,353.69,0.3895,0.7473,0.465638,7,84,32,148.12,0.9872,0.2973,0.064898,4.488
81559,520,453,973,199,88,1,47.73,0.9955,0.5260,0.191257,29,1,28,329.62,0.8513,0.0689,0.003668,4.495
81564,520,399,919,255,24,47,25.28,1.0000,0.5767,0.221224,64,3,24,7.21,0.8914,0.1388,0.012213,4.360
81588,520,480,1000,170,78,177,324.74,0.6830,0.5100,0.171701,0,0,0,0.00,0.0000,0.0000,0.000000,4.434
81591,520,437,957,235,47,52,25.79,0.9481,0.5487,0.199463,43,3,17,3.60,0.8112,0.0926,0.006193,4.439
81618,520,426,946,235,56,56,26.21,0.9307,0.5568,0.207791,12,10,78,271.97,0.9539,0.1132,0.008452,4.410
81619,520,394,914,217,11,251,320.44,0.9953,0.5876,0.219580,3,31,67,256.10,0.8895,0.1396,0.014045,4.209
81629,520,450,970,237,12,53,22.66,0.9919,0.5355,0.185278,31,3,0,36.15,1.0000,0.0653,0.003565,4.392
81636,520,330,850,228,88,218,330.64,0.8716,0.6371,0.285376,5,60,2,141.98,0.9950,0.2092,0.032682,4.056
81642,520,424,944,241,5,128,0.14,0.9941,0.5606,0.203711,11,26,39,246.33,0.4830,0.1095,0.009564,4.259
81659,520,419,939,249,11,12,28.89,0.9960,0.5578,0.204093,19,0,80,278.55,1.0000,0.1075,0.007176,4.444
81673,520,468,988,203,38,173,337.16,0.8807,0.5203,0.171018,7,1,25,292.38,0.8916,0.0390,0.001371,4.302
81681,520,444,964,236,41,37,28.09,0.9646,0.5448,0.195555,20,11,33,300.73,0.5382,0.0781,0.004979,4.466
81719,520,444,964,243,1,28,26.97,0.9995,0.5435,0.191637,38,4,17,0.35,0.7504,0.0847,0.005394,4.362
81758,520,451,971,217,46,143,351.56,0.8594,0.5369,0.186913,17,14,14,17.67,0.0760,0.0719,0.004650,4.335
81760,520,341,861,235,113,67,40.48,0.8383,0.6342,0.298803,35,50,48,186.01,0.2191,0.2016,0.028519,4.442
81761,520,325,845,246,105,122,15.42,0.8697,0.6503,0.311041,40,52,36,137.97,0.3125,0.2077,0.030344,4.494
81771,520,471,991,203,30,174,336.75,0.9108,0.5161,0.166830,15,1,11,337.44,0.7561,0.0398,0.001474,4.212
81802,520,395,915,220,5,252,321.00,0.9980,0.5922,0.223545,61,12,1,36.34,0.9655,0.1380,0.012574,4.372
81861,520,462,982,185,61,206,321.48,0.8366,0.5306,0.181093,15,6,16,323.52,0.4235,0.0537,0.002692,4.386
81863,520,315,835,242,64,255,325.01,1.0000,0.6579,0.297666,92,12,59,350.59,0.8044,0.2215,0.028544,4.426
81874,520,388,908,223,27,231,326.34,0.9798,0.5875,0.222436,53,24,24,20.91,0.4662,0.1475,0.014762,4.207
81886,520,455,975,226,20,122,359.76,0.9599,0.5317,0.180770,2,12,32,258.27,0.7860,0.0642,0.003801,4.289
81891,520,466,986,135,86,239,293.25,0.8715,0.5223,0.180385,9,3,32,287.72,0.8243,0.0511,0.002275,4.407
81893,520,427,947,212,9,222,325.84,0.9919,0.5568,0.194683,34,7,49,310.63,0.7724,0.1015,0.007138,4.282
81896,520,381,901,243,64,127,4.55,0.8955,0.5958,0.242570,7,34,80,260.37,0.8695,0.1607,0.017683,4.323
81899,520,385,905,211,61,234,321.95,0.9237,0.5915,0.231286,8,22,96,266.65,0.9486,0.1522,0.014699,4.348
81902,520,430,950,203,96,15,49.41,0.9414,0.5470,0.210987,3,28,5,145.02,0.9650,0.0985,0.008608,4.453
81914,520,438,958,236,30,117,3.85,0.9501,0.5544,0.200489,37,7,26,344.81,0.6592,0.0915,0.006199,4.457
81923,520,459,979,224,46,52,25.30,0.9363,0.5254,0.180520,2,11,28,256.78,0.7405,0.0593,0.003361,4.320
81927,520,351,871,237,108,57,40.80,0.8758,0.6279,0.290279,15,52,25,149.50,0.8774,0.1881,0.026276,4.461
81935,520,325,845,244,68,225,332.85,0.9491,0.6458,0.288064,93,16,22,22.38,0.8692,0.2149,0.027561,4.359
81951,520,454,974,184,10,241,313.88,0.9919,0.5253,0.167595,26,4,19,341.23,0.6609,0.0653,0.003535,4.065
81970,520,422,942,209,52,201,330.34,0.8862,0.5584,0.202303,6,13,76,267.82,0.9551,0.1118,0.008483,4.314
81976,520,426,946,231,39,134,357.46,0.9152,0.5554,0.201641,37,1,64,304.35,0.9681,0.1114,0.007852,4.350
81978,520,455,975,168,88,189,318.94,0.6665,0.5301,0.189792,16,9,17,322.25,0.3034,0.0615,0.003460,4.485
81980,520,272,792,221,134,231,323.26,0.8079,0.7037,0.381933,3,72,58,173.84,0.9747,0.2624,0.049593,4.337
81985,520,356,876,238,54,225,331.36,0.9532,0.6244,0.262544,66,20,57,336.11,0.6588,0.1781,0.019541,4.494
81989,520,418,938,228,17,180,341.09,0.9764,0.5612,0.201928,37,0,70,300.78,1.0000,0.1163,0.008355,4.317
81998,520,160,680,247,191,145,60.60,0.7595,0.8190,0.590819,7,98,73,167.46,0.9727,0.3547,0.092611,4.493
82017,520,416,936,223,47,185,338.81,0.9031,0.5696,0.212262,48,0,53,323.92,1.0000,0.1184,0.008855,4.456
82065,520,417,937,244,51,63,23.95,0.9476,0.5715,0.219630,27,25,42,288.86,0.3294,0.1216,0.010954,4.423
82071,520,342,862,235,44,248,325.17,0.9766,0.6279,0.262433,85,4,21,17.77,0.9472,0.1864,0.020726,4.418
82085,520,431,951,184,49,247,311.59,0.9585,0.5496,0.191034,6,20,49,262.24,0.7537,0.0981,0.007607,4.184
82101,520,376,896,231,97,73,32.13,0.8359,0.6024,0.260220,6,43,37,179.73,0.8362,0.1582,0.019000,4.496
82104,520,383,903,234,61,180,343.53,0.8861,0.5980,0.241279,35,35,24,107.73,0.2368,0.1491,0.016253,4.396
82113,520,406,926,248,58,36,30.59,0.9708,0.5825,0.231135,18,33,24,157.15,0.3936,0.1277,0.012822,4.475
82119,520,462,982,233,15,54,22.32,0.9884,0.5279,0.179348,17,7,0,70.95,1.0000,0.0528,0.002711,4.351
82134,520,447,967,231,39,98,10.44,0.9265,0.5437,0.193248,5,19,34,250.54,0.6128,0.0843,0.006135,4.333
82140,520,384,904,235,44,195,338.73,0.9405,0.5948,0.234064,55,20,44,341.14,0.5688,0.1515,0.014945,4.374
82151,520,398,918,224,82,106,13.65,0.7701,0.5754,0.229250,33,32,18,104.63,0.3385,0.1369,0.014000,4.363
82156,520,472,992,203,72,70,24.69,0.7838,0.5154,0.177755,13,0,9,337.61,1.0000,0.0336,0.001053,4.461
82161,520,476,996,219,41,2,32.27,0.9973,0.5075,0.166530,4,1,7,310.77,0.6480,0.0247,0.000629,4.277
82164,520,333,853,254,9,231,333.52,0.9974,0.6374,0.270390,83,22,2,37.79,0.9585,0.1979,0.024175,4.319
82173,520,475,995,200,52,165,339.32,0.8161,0.5214,0.174538,0,1,25,264.14,0.9843,0.0311,0.000919,4.410
82174,520,379,899,248,48,149,356.20,0.9412,0.5999,0.242436,34,21,93,282.92,0.8351,0.1648,0.016667,4.387
82183,520,473,993,200,17,195,329.68,0.9660,0.5185,0.166222,1,2,9,268.54,0.6581,0.0251,0.000696,4.265
82205,520,474,994,171,72,203,316.90,0.7791,0.5201,0.176054,2,4,13,266.29,0.5491,0.0344,0.001288,4.408
82218,520,448,968,220,19,169,342.54,0.9622,0.5406,0.185484,25,9,31,316.08,0.5745,0.0794,0.005010,4.281
82220,520,441,961,198,95,18,49.78,0.9210,0.5369,0.202357,26,17,3,79.70,0.6815,0.0863,0.006271,4.485
82253,520,446,966,162,64,253,302.61,0.9849,0.5378,0.184405,33,7,15,3.38,0.6091,0.0804,0.005098,4.254
82254,520,393,913,224,26,228,327.31,0.9800,0.5868,0.221898,37,32,28,60.96,0.1173,0.1444,0.015102,4.176
82274,520,376,896,226,42,234,326.24,0.9654,0.6020,0.237675,6,44,24,155.77,0.9228,0.1573,0.019060,4.166
82275,520,317,837,233,94,228,329.11,0.8982,0.6580,0.309327,37,54,65,237.26,0.2841,0.2230,0.034132,4.271
82322,520,443,963,223,2,161,345.58,0.9961,0.5381,0.183072,11,19,21,214.86,0.2300,0.0816,0.005910,4.169
82323,520,433,953,221,46,161,346.09,0.8790,0.5528,0.199018,26,18,26,326.31,0.2409,0.0956,0.007268,4.348
82330,520,458,978,204,18,205,328.04,0.9718,0.5329,0.176796,7,1,45,278.01,0.9787,0.0571,0.002563,4.315
82339,520,412,932,207,23,242,319.77,0.9835,0.5672,0.202907,6,32,30,188.15,0.6987,0.1201,0.011654,4.102
82355,520,395,915,255,23,103,10.91,1.0000,0.5862,0.228558,21,35,22,146.26,0.4185,0.1355,0.014194,4.339
82358,520,479,999,195,0,201,326.74,1.0000,0.5096,0.158208,1,0,3,302.89,1.0000,0.0124,0.000130,4.153
82366,520,432,952,238,39,7,31.20,0.9938,0.5460,0.196468,7,26,9,146.16,0.8169,0.0955,0.008037,4.247
82389,520,434,954,115,105,254,281.01,0.9876,0.5490,0.209032,37,16,18,14.60,0.4243,0.1035,0.008076,4.460
82390,520,445,965,198,26,229,320.31,0.9704,0.5433,0.184033,0,22,0,142.50,1.0000,0.0766,0.005738,4.199
82404,520,48,568,253,234,221,56.76,0.7800,0.9403,0.849494,31,125,52,146.91,0.9616,0.4433,0.152059,4.452
82410,520,477,997,158,40,252,302.99,0.9844,0.5099,0.158155,8,0,2,359.68,1.0000,0.0239,0.000560,4.117
82420,520,380,900,219,73,201,333.19,0.8488,0.5954,0.240443,30,24,87,280.13,0.7933,0.1597,0.016174,4.389
82422,520,381,901,219,50,244,321.99,0.9587,0.6026,0.238749,47,23,70,304.74,0.6545,0.1616,0.016594,4.336
82428,520,405,925,245,41,129,1.97,0.9395,0.5823,0.225867,26,34,3,122.47,0.8769,0.1328,0.013702,4.331
82437,520,384,904,249,44,119,6.26,0.9523,0.5889,0.232765,47,30,10,68.32,0.6084,0.1483,0.015549,4.314
82446,520,454,974,124,98,237,287.26,0.8404,0.5299,0.191346,8,3,57,274.36,0.9693,0.0749,0.004121,4.459
82456,520,297,817,252,123,22,50.26,0.9797,0.6754,0.349225,10,59,91,243.27,0.8126,0.2402,0.039476,4.462
82481,520,399,919,232,81,43,34.96,0.9182,0.5776,0.232180,34,31,42,297.34,0.2011,0.1442,0.014872,4.350
82485,520,298,818,243,119,125,18.72,0.8186,0.6683,0.337318,32,63,14,136.18,0.9181,0.2324,0.038937,4.355
82493,520,300,820,254,76,229,334.26,0.9949,0.6721,0.318999,18,43,125,265.63,0.9037,0.2318,0.033368,4.426
82494,520,430,950,202,81,158,344.36,0.7024,0.5549,0.209118,2,29,7,147.71,0.9736,0.1016,0.009069,4.387
82511,520,422,942,186,74,229,315.04,0.8613,0.5634,0.209949,7,8,83,268.57,0.9776,0.1142,0.008433,4.449
82514,520,370,890,247,84,26,37.37,0.9717,0.6081,0.261927,32,42,19,128.17,0.5164,0.1655,0.020100,4.450
82520,520,478,998,177,74,167,331.49,0.6908,0.5092,0.170359,5,0,3,340.52,1.0000,0.0201,0.000388,4.373
82531,520,414,934,235,71,18,35.88,0.9772,0.5692,0.222154,11,32,29,183.37,0.5198,0.1222,0.011928,4.395
82538,520,342,862,220,79,248,320.52,0.9627,0.6330,0.275867,19,37,100,266.87,0.8465,0.1926,0.023816,4.415
82542,520,452,972,196,27,211,324.21,0.9529,0.5267,0.172244,1,17,29,239.42,0.8399,0.0734,0.004960,4.044
82546,520,331,851,233,65,255,322.76,1.0000,0.6444,0.283265,8,40,102,261.81,0.9165,0.1973,0.025284,4.427
82548,520,435,955,244,19,27,27.81,0.9908,0.5500,0.197815,16,0,70,279.05,1.0000,0.0919,0.005523,4.463
82553,520,447,967,173,93,171,328.10,0.5929,0.5352,0.196542,5,22,8,148.56,0.8044,0.0820,0.006236,4.384
82569,520,451,971,227,11,135,355.17,0.9797,0.5361,0.183223,2,15,24,236.37,0.7068,0.0663,0.004205,4.303
82574,520,421,941,246,15,90,13.46,0.9878,0.5620,0.206762,15,8,73,275.54,0.9429,0.1065,0.007562,4.461
82575,520,469,989,229,21,32,26.97,0.9851,0.5189,0.173017,9,4,2,52.60,0.4002,0.0375,0.001493,4.331
82576,520,351,871,247,98,31,40.82,0.9615,0.6276,0.286117,42,47,19,117.69,0.5567,0.1905,0.025723,4.439
82595,520,343,863,234,70,219,331.96,0.9177,0.6275,0.269897,70,17,76,323.49,0.7561,0.1941,0.022250,4.428
82610,520,480,1000,187,77,122,357.28,0.6442,0.5087,0.172792,0,0,0,0.00,0.0000,0.0000,0.000000,4.456
82639,520,455,975,194,23,219,321.67,0.9672,0.5276,0.171981,4,13,7,156.50,0.5156,0.0564,0.003290,4.166
82647,520,445,965,219,48,145,351.42,0.8585,0.5432,0.192208,20,14,24,311.41,0.2890,0.0791,0.005288,4.381
82660,520,209,729,226,156,241,320.37,0.8475,0.7553,0.462978,1,83,92,207.48,0.9890,0.3130,0.069653,4.287
82661,520,357,877,247,45,195,341.52,0.9552,0.6171,0.255942,16,34,93,266.34,0.8525,0.1771,0.020444,4.343
82665,520,462,982,222,51,53,25.79,0.9226,0.5258,0.181570,20,3,8,359.79,0.6234,0.0503,0.002314,4.427
82678,520,343,863,251,35,212,337.64,0.9792,0.6284,0.264680,52,34,68,307.28,0.4759,0.1886,0.022915,4.316
82697,520,396,916,252,31,61,22.73,0.9857,0.5751,0.220161,41,28,24,37.79,0.2424,0.1380,0.013679,4.243
82703,520,412,932,227,78,58,30.64,0.8757,0.5660,0.220879,39,23,24,15.23,0.2864,0.1233,0.011101,4.433
82708,520,388,908,241,28,182,343.62,0.9692,0.5906,0.229117,20,35,60,260.13,0.5137,0.1535,0.016770,4.180
82716,520,402,922,210,64,208,328.52,0.8681,0.5754,0.219244,9,4,96,268.72,0.9920,0.1280,0.009894,4.495
82717,520,366,886,174,124,197,314.70,0.5300,0.6085,0.274458,9,49,13,144.69,0.9600,0.1733,0.022837,4.455
82755,520,400,920,235,83,10,39.63,0.9865,0.5839,0.238736,9,32,63,256.88,0.7328,0.1416,0.014499,4.477
82767,520,280,800,237,106,237,327.55,0.9198,0.6850,0.344292,29,43,141,269.31,0.9052,0.2548,0.039118,4.424
82772,520,396,916,188,94,208,320.34,0.7338,0.5796,0.232520,21,26,69,273.80,0.6913,0.1388,0.013278,4.465
82775,520,467,987,166,52,242,306.93,0.9340,0.5216,0.169745,1,3,26,267.09,0.9260,0.0387,0.001461,4.270
82787,520,388,908,236,72,136,0.92,0.8399,0.5940,0.242480,7,39,36,186.30,0.7496,0.1452,0.016235,4.416
82804,520,461,981,225,44,60,22.88,0.9346,0.5270,0.181380,8,4,33,283.68,0.8050,0.0532,0.002483,4.409
82819,520,421,941,218,37,201,332.76,0.9382,0.5636,0.204478,34,10,52,306.97,0.7396,0.1082,0.008051,4.384
82821,520,461,981,190,68,182,330.49,0.7682,0.5310,0.184603,19,5,0,54.96,1.0000,0.0509,0.002470,4.471
82826,520,368,888,208,77,240,319.06,0.9193,0.6073,0.250105,27,22,99,276.26,0.8891,0.1669,0.017076,4.474
82830,520,228,748,234,138,251,321.42,0.9683,0.7379,0.426361,9,83,1,141.69,0.9987,0.2911,0.062465,4.236
82832,520,387,907,233,77,135,1.50,0.8136,0.5940,0.243834,26,40,19,135.84,0.5357,0.1541,0.017842,4.331
82855,520,37,557,241,238,243,312.30,0.2042,0.9451,0.863210,33,125,67,151.36,0.9359,0.4466,0.153952,4.478
82859,520,438,958,214,61,158,346.18,0.8099,0.5516,0.201045,35,4,38,324.27,0.7788,0.0903,0.005841,4.496
82865,520,380,900,239,28,211,335.15,0.9783,0.6031,0.238872,70,6,30,4.86,0.8375,0.1571,0.015263,4.426
82889,520,285,805,255,80,246,330.13,1.0000,0.6874,0.336541,74,34,105,307.07,0.7002,0.2472,0.036199,4.484
82892,520,459,979,189,52,205,323.31,0.8669,0.5275,0.176840,19,0,42,299.27,1.0000,0.0637,0.003056,4.275
82893,520,396,916,239,64,103,12.88,0.8845,0.5813,0.229999,56,19,3,43.34,0.8492,0.1391,0.013132,4.435
82894,520,373,893,235,59,182,343.05,0.8956,0.5990,0.241702,54,29,16,47.51,0.5254,0.1579,0.017005,4.353
82915,520,430,950,205,19,221,324.21,0.9788,0.5465,0.186671,37,17,9,42.30,0.5201,0.1033,0.008140,4.071
82924,520,473,993,226,41,23,30.21,0.9713,0.5230,0.178194,1,0,28,269.37,1.0000,0.0320,0.000903,4.483
82925,520,453,973,221,39,129,357.21,0.8920,0.5339,0.184108,25,8,13,2.05,0.4542,0.0692,0.004094,4.328
82956,520,444,964,186,42,241,313.76,0.9496,0.5425,0.184471,20,6,51,290.32,0.8343,0.0840,0.005180,4.249
82961,520,377,897,222,75,200,334.37,0.8490,0.6020,0.247341,41,35,25,80.31,0.2350,0.1564,0.017437,4.409
82966,520,365,885,242,34,211,335.87,0.9733,0.6111,0.247274,53,36,16,69.15,0.5338,0.1731,0.020561,4.213
82969,520,441,961,228,60,12,34.42,0.9845,0.5432,0.197551,30,5,47,307.85,0.8058,0.0912,0.005898,4.429
82973,520,456,976,227,28,107,5.73,0.9440,0.5320,0.182258,0,17,9,164.68,1.0000,0.0643,0.004206,4.285
82976,520,408,928,223,73,121,4.88,0.7868,0.5665,0.218361,12,18,83,269.81,0.9277,0.1315,0.011352,4.374
82987,520,440,960,232,53,64,23.45,0.9242,0.5493,0.200752,13,0,74,275.09,1.0000,0.0947,0.005799,4.494
82998,520,409,929,239,55,71,22.11,0.9270,0.5661,0.215412,32,16,66,292.69,0.7436,0.1270,0.010710,4.372
82999,520,381,901,210,83,208,328.32,0.8160,0.5969,0.244440,48,28,56,315.79,0.4670,0.1627,0.017445,4.366
83002,520,336,856,245,86,164,353.63,0.8859,0.6365,0.287514,62,35,64,324.50,0.4531,0.2022,0.025965,4.443
83006,520,408,928,245,29,106,8.93,0.9661,0.5689,0.213352,29,12,79,285.40,0.8722,0.1312,0.010886,4.325
83014,520,336,856,242,61,234,330.04,0.9563,0.6420,0.281579,60,39,58,329.91,0.3356,0.2048,0.027173,4.297
83016,520,410,930,224,67,149,352.63,0.8129,0.5719,0.220340,51,18,13,30.49,0.6280,0.1297,0.011656,4.385
83031,520,401,921,204,70,215,324.65,0.8574,0.5765,0.221256,48,16,60,315.56,0.6943,0.1439,0.013253,4.288
83037,520,332,852,244,28,253,326.29,0.9939,0.6392,0.271582,81,16,49,354.07,0.7470,0.1978,0.023419,4.380
83040,520,449,969,210,32,193,332.92,0.9333,0.5416,0.185870,15,14,14,17.33,0.0255,0.0700,0.004473,4.330
83044,520,366,886,244,41,188,342.78,0.9539,0.6056,0.244529,52,35,25,51.46,0.3367,0.1711,0.020024,4.206
83052,520,337,857,242,39,247,327.10,0.9828,0.6363,0.270464,29,16,127,274.05,0.9671,0.1957,0.021640,4.473
83059,520,403,923,211,59,225,324.26,0.9130,0.5835,0.224149,31,6,86,285.93,0.9422,0.1344,0.010934,4.499
83086,520,479,999,176,86,124,355.13,0.5529,0.5058,0.173422,0,1,1,194.77,1.0000,0.0143,0.000239,4.447
83095,520,447,967,189,41,231,316.96,0.9407,0.5384,0.181755,7,21,9,147.81,0.6335,0.0806,0.006012,4.138
83101,520,315,835,255,33,247,330.05,1.0000,0.6559,0.290663,43,55,23,126.26,0.5884,0.2166,0.033078,4.101
83141,520,357,877,198,101,231,316.77,0.8280,0.6187,0.270838,21,39,80,264.17,0.6656,0.1801,0.021896,4.463
83143,520,411,931,199,60,227,320.27,0.9007,0.5666,0.209214,41,20,5,55.16,0.6810,0.1151,0.009827,4.333
83149,520,415,935,240,38,115,5.74,0.9391,0.5661,0.211525,20,27,38,259.29,0.2787,0.1180,0.010725,4.307
83159,520,476,996,198,58,138,349.66,0.7704,0.5104,0.168687,1,1,5,279.71,0.6028,0.0191,0.000391,4.340
83180,520,389,909,187,86,248,310.04,0.9388,0.5940,0.239986,31,37,0,118.45,1.0000,0.1463,0.016144,4.384
83185,520,76,596,248,234,26,105.08,0.9931,0.9059,0.788778,24,121,19,142.30,0.9860,0.4247,0.139154,4.434
83190,520,31,551,248,240,241,8.55,0.3315,0.9553,0.886278,28,126,85,160.16,0.9242,0.4529,0.158238,4.496
83199,520,448,968,205,69,143,350.55,0.7472,0.5377,0.192205,8,14,36,269.34,0.6024,0.0758,0.004931,4.409
83201,520,413,933,243,51,66,23.12,0.9437,0.5700,0.218190,54,4,35,347.89,0.8063,0.1234,0.009926,4.475
83217,520,446,966,213,9,193,333.66,0.9858,0.5389,0.181939,8,8,49,274.31,0.8772,0.0753,0.004470,4.258
83219,520,349,869,242,84,155,356.24,0.8605,0.6255,0.275874,8,37,101,262.86,0.9211,0.1892,0.023142,4.455
83220,520,379,899,206,69,241,318.56,0.9287,0.5963,0.237305,23,4,114,273.58,0.9910,0.1621,0.014838,4.431
83225,520,433,953,229,26,139,354.65,0.9479,0.5466,0.192637,11,27,20,164.17,0.4708,0.1037,0.009055,4.109
83228,520,443,963,219,61,112,5.94,0.8173,0.5428,0.195699,5,19,35,251.99,0.6239,0.0849,0.006193,4.372
83245,520,459,979,189,61,201,324.22,0.8297,0.5335,0.183747,3,12,24,251.46,0.6018,0.0600,0.003482,4.371
83249,520,428,948,208,0,239,320.88,1.0000,0.5610,0.196437,17,14,55,280.06,0.7530,0.0981,0.007091,4.317
83258,520,471,991,162,64,232,306.95,0.8807,0.5197,0.171750,9,5,14,306.29,0.3994,0.0446,0.001983,4.266
83260,520,332,852,223,84,247,321.44,0.9579,0.6425,0.287459,64,35,63,328.19,0.4546,0.2046,0.026510,4.411
83261,520,375,895,225,7,251,322.42,0.9974,0.6002,0.231267,14,43,39,183.27,0.6015,0.1623,0.019675,4.037
83262,520,441,961,148,96,218,300.75,0.7371,0.5374,0.197238,9,22,18,172.43,0.4013,0.0873,0.006755,4.356
83265,520,453,973,220,31,128,356.88,0.9170,0.5268,0.177567,15,10,25,298.10,0.4296,0.0663,0.003888,4.223
83281,520,319,839,251,109,31,44.06,0.9702,0.6512,0.315487,37,56,33,140.16,0.4749,0.2168,0.033314,4.387
83299,520,477,997,135,73,249,293.35,0.9544,0.5119,0.167555,3,0,6,311.99,1.0000,0.0187,0.000325,4.323
83306,520,422,942,184,82,213,318.11,0.7869,0.5596,0.210301,42,10,27,350.41,0.6267,0.1051,0.007885,4.497
83312,520,395,915,232,82,88,21.76,0.8404,0.5855,0.238978,0,28,81,260.41,1.0000,0.1441,0.014245,4.498
83315,520,463,983,202,17,211,325.94,0.9761,0.5333,0.176624,14,1,36,295.80,0.9303,0.0548,0.002424,4.323
83316,520,477,997,181,84,113,3.16,0.5802,0.5065,0.173581,3,2,1,74.90,0.3058,0.0238,0.000650,4.414
83325,520,283,803,243,120,195,344.67,0.8549,0.6938,0.364302,19,66,61,185.26,0.7201,0.2481,0.043716,4.421
83338,520,457,977,182,69,195,323.44,0.7809,0.5276,0.181427,0,15,10,173.11,1.0000,0.0591,0.003635,4.315
83341,520,469,989,194,52,173,334.75,0.8158,0.5153,0.169441,5,5,21,279.78,0.5991,0.0444,0.001949,4.224
83378,520,385,905,218,20,251,320.62,0.9906,0.5914,0.223727,39,3,90,291.82,0.9659,0.1454,0.012346,4.390
83387,520,480,1000,201,70,79,20.08,0.7629,0.5108,0.173644,0,0,0,0.00,0.0000,0.0000,0.000000,4.473
83390,520,448,968,200,79,126,358.93,0.6801,0.5354,0.193795,33,8,21,350.29,0.5831,0.0843,0.005512,4.392
83393,520,308,828,244,98,212,337.14,0.9224,0.6716,0.327246,7,48,116,260.47,0.9365,0.2306,0.034198,4.480
83397,520,388,908,183,93,238,310.33,0.8616,0.5911,0.240699,20,34,59,261.28,0.5091,0.1500,0.016085,4.399
83406,520,467,987,215,15,144,349.49,0.9611,0.5170,0.168048,0,1,35,264.21,0.9912,0.0403,0.001430,4.240
83411,520,454,974,190,81,155,341.81,0.6642,0.5339,0.192001,8,13,26,266.83,0.4233,0.0673,0.004140,4.470
83418,520,379,899,236,1,224,331.19,0.9995,0.5992,0.232391,68,18,6,35.00,0.8622,0.1616,0.016749,4.231
83424,520,377,897,241,31,197,339.39,0.9704,0.5999,0.237149,30,27,84,279.46,0.7409,0.1625,0.016999,4.286
83438,520,417,937,240,16,162,349.22,0.9818,0.5749,0.215076,46,1,61,315.48,0.9547,0.1229,0.009395,4.463
83446,520,478,998,215,3,138,351.35,0.9917,0.5113,0.163496,3,1,8,299.53,0.6793,0.0239,0.000586,4.220
83454,520,475,995,225,42,10,31.65,0.9883,0.5210,0.176883,11,0,13,323.96,1.0000,0.0330,0.001002,4.448
83456,520,399,919,249,10,124,2.95,0.9913,0.5765,0.218156,45,25,31,0.44,0.3321,0.1392,0.013521,4.222
83458,520,429,949,224,69,77,22.06,0.8515,0.5523,0.206420,25,19,34,302.12,0.3406,0.1007,0.007879,4.430
83473,520,395,915,241,30,171,346.95,0.9621,0.5860,0.225727,60,11,7,29.12,0.8597,0.1357,0.012155,4.436
83479,520,430,950,217,76,72,25.51,0.8184,0.5470,0.203909,26,10,55,294.04,0.7718,0.1006,0.007125,4.445
83486,520,451,971,205,51,181,335.31,0.8499,0.5384,0.186849,4,14,24,246.54,0.5364,0.0654,0.004058,4.381
83493,520,411,931,193,68,231,317.12,0.8853,0.5683,0.212425,2,6,91,265.34,0.9904,0.1198,0.008984,4.449
83505,520,352,872,151,126,250,290.06,0.8943,0.6198,0.284030,0,44,86,252.37,0.9999,0.1902,0.024731,4.470
83512,520,435,955,238,33,79,17.02,0.9602,0.5501,0.198326,16,11,50,282.39,0.7591,0.0874,0.005798,4.450
83525,520,410,930,249,42,2,31.60,0.9986,0.5707,0.218037,46,21,21,20.68,0.4423,0.1288,0.011714,4.343
83534,520,431,951,206,29,219,324.88,0.9615,0.5507,0.191168,12,12,61,274.29,0.8779,0.0967,0.006780,4.247
83537,520,432,952,185,77,202,322.00,0.7736,0.5470,0.198875,1,27,11,154.42,0.9764,0.0954,0.008144,4.280
83538,520,399,919,232,78,58,30.52,0.8885,0.5754,0.229129,15,30,64,264.11,0.6648,0.1402,0.014002,4.361
83548,520,390,910,221,97,105,18.57,0.7162,0.5918,0.249438,37,37,10,109.08,0.6497,0.1541,0.017384,4.444
83555,520,391,911,251,16,142,357.68,0.9863,0.5883,0.228363,41,26,63,300.36,0.5562,0.1540,0.015691,4.237
83560,520,421,941,245,0,98,10.41,1.0000,0.5586,0.202978,4,21,57,261.80,0.8688,0.1062,0.008575,4.319
83562,520,137,657,242,207,19,96.46,0.9818,0.8356,0.635514,37,104,9,139.13,0.9889,0.3716,0.103133,4.477
83563,520,440,960,205,39,212,326.30,0.9320,0.5494,0.191855,28,13,21,347.13,0.3702,0.0856,0.005889,4.327
83591,520,465,985,212,9,161,343.00,0.9773,0.5181,0.167679,7,6,14,290.32,0.3317,0.0451,0.002071,4.180
83603,520,462,982,206,67,129,356.77,0.7525,0.5314,0.187232,3,13,3,143.71,0.8305,0.0543,0.003138,4.464
83618,520,391,911,225,4,243,324.18,0.9982,0.5937,0.225677,7,23,95,266.07,0.9460,0.1524,0.014841,4.252
83626,520,378,898,210,63,240,320.16,0.9318,0.5960,0.235496,34,34,51,283.98,0.2813,0.1568,0.017231,4.246
83637,520,450,970,209,58,150,347.73,0.8018,0.5358,0.187856,17,15,5,99.25,0.4435,0.0718,0.004718,4.347
83646,520,399,919,207,85,177,338.28,0.7303,0.5778,0.229385,9,32,61,255.70,0.7169,0.1401,0.014280,4.346
83652,520,452,972,197,47,195,328.68,0.8732,0.5299,0.178451,6,10,35,271.31,0.7034,0.0654,0.003771,4.249
83664,520,430,950,245,10,22,28.00,0.9958,0.5494,0.196910,27,19,19,18.34,0.1689,0.0964,0.007458,4.297
83675,520,362,882,246,30,199,339.95,0.9762,0.6098,0.246480,28,19,112,275.35,0.9377,0.1790,0.018824,4.308
83679,520,453,973,203,85,44,38.78,0.8323,0.5307,0.193774,5,19,14,169.50,0.5525,0.0750,0.005297,4.408
83694,520,340,860,236,74,227,330.30,0.9257,0.6395,0.282789,75,33,22,35.71,0.6125,0.2037,0.026417,4.355
83711,520,84,604,235,226,193,94.49,0.4719,0.8969,0.759056,43,116,2,138.43,0.9979,0.4133,0.130083,4.493
83714,520,421,941,197,72,202,326.22,0.8086,0.5593,0.207708,22,5,71,283.38,0.9374,0.1059,0.007340,4.494
83718,520,477,997,167,88,151,335.23,0.5544,0.5074,0.174303,3,1,1,20.04,0.3720,0.0199,0.000433,4.448
83733,520,441,961,172,95,173,326.70,0.5856,0.5383,0.199731,1,2,77,265.00,0.9958,0.0941,0.005856,4.471
83736,520,333,853,211,99,242,318.39,0.9093,0.6409,0.291848,0,45,98,256.16,0.9999,0.2036,0.027584,4.406
83742,520,296,816,238,116,200,340.73,0.8356,0.6823,0.348404,48,55,81,272.18,0.3244,0.2441,0.039548,4.449
83782,520,416,936,243,47,67,22.33,0.9493,0.5671,0.214963,19,21,67,275.42,0.7534,0.1246,0.010800,4.358
83785,520,434,954,162,79,244,303.04,0.9116,0.5484,0.198055,45,9,9,24.00,0.7414,0.1034,0.007731,4.297
83803,520,311,831,204,133,197,330.27,0.5650,0.6633,0.336448,13,61,45,166.51,0.8530,0.2234,0.036124,4.487
83813,520,400,920,231,43,182,341.61,0.9256,0.5798,0.220968,39,18,65,300.67,0.6980,0.1381,0.012456,4.339
83814,520,464,984,141,95,204,300.93,0.6751,0.5173,0.182070,15,1,34,299.54,0.9181,0.0541,0.002388,4.430
83826,520,369,889,215,65,247,319.84,0.9609,0.6106,0.249448,40,42,25,113.80,0.3385,0.1749,0.021772,4.172
83855,520,436,956,234,20,135,356.83,0.9679,0.5527,0.197450,3,22,36,241.87,0.7378,0.0921,0.007205,4.326
83863,520,479,999,204,70,11,39.01,0.9706,0.5082,0.172440,0,0,5,264.05,1.0000,0.0116,0.000110,4.439
83867,520,336,856,243,23,253,326.09,0.9939,0.6358,0.267620,73,34,26,32.82,0.5466,0.2029,0.026353,4.160
83904,520,479,999,211,31,135,352.28,0.8985,0.5118,0.165804,2,0,3,318.71,1.0000,0.0147,0.000195,4.299
83907,520,413,933,201,35,247,316.86,0.9710,0.5668,0.203365,30,10,67,292.18,0.8313,0.1169,0.008983,4.296
83910,520,445,965,176,60,243,309.44,0.9321,0.5443,0.189338,29,9,31,323.88,0.5879,0.0848,0.005555,4.308
83914,520,350,870,233,75,213,333.43,0.8982,0.6275,0.271623,30,51,29,143.25,0.5334,0.1945,0.027323,4.159
83916,520,387,907,251,15,140,358.29,0.9873,0.5873,0.227479,43,21,66,303.53,0.6581,0.1494,0.014433,4.306
83933,520,475,995,175,48,227,313.38,0.9119,0.5186,0.167749,2,4,11,263.84,0.4831,0.0335,0.001239,4.250
83936,520,454,974,198,29,213,324.22,0.9514,0.5326,0.176902,10,13,19,264.08,0.2135,0.0653,0.003994,4.202
83949,520,460,980,147,87,232,298.92,0.8287,0.5319,0.188458,7,7,35,277.07,0.7522,0.0602,0.003185,4.484
83961,520,319,839,252,55,227,334.16,0.9860,0.6503,0.289770,18,55,79,240.75,0.6695,0.2229,0.034253,4.033
83978,520,435,955,218,62,125,0.46,0.8062,0.5463,0.198338,1,11,62,264.36,0.9592,0.0892,0.005936,4.440
83989,520,414,934,212,81,144,353.54,0.7206,0.5657,0.218976,50,10,29,354.81,0.6851,0.1205,0.009840,4.495
84004,520,273,793,187,152,242,301.19,0.7645,0.7041,0.394323,2,74,22,146.72,0.9961,0.2600,0.049682,4.457
84010,520,409,929,172,83,247,305.48,0.9284,0.5692,0.216732,46,18,27,1.17,0.4908,0.1250,0.010927,4.378
84013,520,450,970,224,28,137,354.36,0.9340,0.5368,0.184866,9,15,14,183.85,0.1880,0.0674,0.004314,4.324
84015,520,318,838,249,75,232,332.25,0.9728,0.6647,0.310009,48,55,11,118.03,0.7978,0.2198,0.033849,4.294
84018,520,379,899,252,42,147,357.27,0.9733,0.6030,0.244615,23,23,94,274.13,0.8836,0.1599,0.016030,4.462
84043,520,480,1000,222,39,10,31.31,0.9880,0.5126,0.170053,0,0,0,0.00,0.0000,0.0000,0.000000,4.401
84045,520,358,878,202,109,211,323.93,0.7193,0.6249,0.281983,27,47,37,161.71,0.3879,0.1820,0.023996,4.487
84048,520,426,946,242,7,118,3.66,0.9923,0.5596,0.203405,17,15,63,277.44,0.8140,0.1076,0.008197,4.354
84051,520,379,899,243,17,201,338.64,0.9884,0.6010,0.236757,9,40,58,238.38,0.7081,0.1609,0.018811,4.167
84059,520,439,959,233,45,89,14.47,0.9217,0.5497,0.199247,39,7,0,40.34,1.0000,0.0871,0.005834,4.464
84075,520,389,909,255,4,129,2.24,1.0000,0.5893,0.229355,42,33,21,74.28,0.3159,0.1512,0.016341,4.211
84076,520,457,977,227,29,110,4.71,0.9403,0.5334,0.183383,20,9,1,67.40,0.7776,0.0611,0.003463,4.365
84092,520,354,874,188,103,248,308.78,0.9192,0.6198,0.271700,11,47,61,228.00,0.7151,0.1847,0.024410,4.323
84095,520,336,856,252,44,214,337.42,0.9840,0.6359,0.273551,49,44,60,298.98,0.2262,0.2041,0.027806,4.158
84097,520,407,927,179,82,234,310.87,0.8608,0.5673,0.215597,58,6,36,350.43,0.7856,0.1344,0.011573,4.314
84100,520,414,934,225,50,179,341.26,0.8924,0.5722,0.215459,24,19,61,283.52,0.6880,0.1193,0.009968,4.427
84102,520,418,938,179,107,153,341.92,0.4766,0.5604,0.224001,16,34,1,132.94,0.9803,0.1245,0.012564,4.380
84107,520,456,976,173,47,248,308.14,0.9630,0.5327,0.176954,22,5,3,32.44,0.6309,0.0560,0.002857,4.294
84111,520,415,935,243,16,147,354.56,0.9822,0.5743,0.215351,29,30,1,111.50,0.9383,0.1236,0.011920,4.285
84125,520,458,978,197,43,201,326.99,0.8962,0.5308,0.178168,13,13,7,107.78,0.2465,0.0638,0.003888,4.234
84143,520,445,965,196,84,142,350.54,0.6513,0.5423,0.200311,2,21,29,226.51,0.7853,0.0847,0.006379,4.440
84144,520,235,755,254,142,165,7.65,0.9571,0.7359,0.431362,71,71,29,108.96,0.6057,0.2943,0.059348,4.402
84175,520,428,948,249,2,50,23.59,0.9990,0.5587,0.204171,3,21,45,255.06,0.7971,0.0956,0.007451,4.424
84178,520,60,580,248,228,239,343.29,0.6290,0.9278,0.816758,3,125,4,142.58,0.9986,0.4342,0.146947,4.401
84190,520,477,997,215,55,27,32.23,0.9504,0.5128,0.172611,0,3,4,211.91,1.0000,0.0247,0.000739,4.387
84192,520,381,901,229,23,231,327.83,0.9857,0.5965,0.230427,21,19,103,272.66,0.9396,0.1627,0.016044,4.246
84198,520,349,869,245,31,240,329.42,0.9871,0.6332,0.266866,76,28,10,39.83,0.7896,0.1943,0.023892,4.288
84211,520,419,939,209,21,225,324.27,0.9792,0.5570,0.195298,43,18,2,53.25,0.8224,0.1137,0.009507,4.122
84213,520,338,858,220,124,99,35.52,0.6528,0.6358,0.305339,41,50,39,139.97,0.2155,0.2036,0.028991,4.498
84216,520,439,959,239,38,21,29.96,0.9804,0.5480,0.197944,30,1,53,304.46,0.9553,0.0903,0.005548,4.464
84218,520,418,938,241,40,43,26.96,0.9674,0.5551,0.203961,12,10,84,271.14,0.9639,0.1207,0.009353,4.279
84219,520,415,935,234,56,126,2.41,0.8752,0.5711,0.218301,26,18,66,284.77,0.7360,0.1240,0.010456,4.438
84227,520,376,896,249,50,148,356.86,0.9473,0.6029,0.245624,10,28,93,265.99,0.9141,0.1612,0.016852,4.422
84230,520,446,966,217,61,114,4.74,0.8099,0.5396,0.193065,14,1,60,280.49,0.9851,0.0796,0.004413,4.467
84236,520,319,839,250,93,145,3.21,0.9204,0.6470,0.302002,88,25,51,358.55,0.6797,0.2237,0.030093,4.395
84241,520,384,904,182,100,220,313.91,0.7547,0.5884,0.242276,36,33,45,296.23,0.2089,0.1531,0.016522,4.394
84279,520,416,936,205,72,205,327.83,0.8301,0.5739,0.220234,19,19,69,276.22,0.7967,0.1226,0.010338,4.479
84284,520,458,978,230,25,69,18.65,0.9704,0.5276,0.179509,10,4,40,283.26,0.8582,0.0608,0.003046,4.327
84293,520,433,953,238,40,56,24.06,0.9598,0.5504,0.199835,14,3,71,276.24,0.9768,0.0961,0.006134,4.451
84313,520,409,929,240,52,91,15.44,0.9196,0.5695,0.217398,7,26,70,263.35,0.8637,0.1316,0.012261,4.295
84329,520,398,918,243,12,171,347.07,0.9889,0.5841,0.222611,42,7,79,298.92,0.8908,0.1413,0.012087,4.391
84332,520,462,982,176,50,234,311.98,0.9198,0.5276,0.174528,22,1,6,4.06,0.8119,0.0479,0.002055,4.313
84342,520,400,920,216,81,168,344.31,0.7578,0.5829,0.233131,22,32,45,255.24,0.3200,0.1371,0.013930,4.429
84347,520,442,962,242,1,24,27.43,0.9995,0.5411,0.189684,31,10,12,15.52,0.4995,0.0814,0.005350,4.330
84359,520,443,963,221,59,85,16.73,0.8576,0.5373,0.191586,0,19,32,237.84,1.0000,0.0797,0.005700,4.337
84371,520,457,977,234,4,60,20.46,0.9968,0.5283,0.179087,11,11,25,282.50,0.4087,0.0647,0.003807,4.258
84374,520,478,998,210,24,137,351.02,0.9234,0.5072,0.161633,5,1,0,51.16,1.0000,0.0224,0.000540,4.187
84382,520,459,979,234,18,29,27.34,0.9893,0.5283,0.180169,30,0,5,12.31,1.0000,0.0589,0.002870,4.353
84383,520,422,942,226,23,178,341.28,0.9626,0.5583,0.199985,3,22,55,259.34,0.8729,0.1062,0.008690,4.259
84389,520,422,942,232,48,127,0.87,0.8921,0.5610,0.208049,44,15,9,33.23,0.6379,0.1111,0.008969,4.376
84395,520,446,966,175,55,246,308.77,0.9496,0.5407,0.185010,26,1,43,307.91,0.9323,0.0755,0.004158,4.339
84405,520,377,897,251,43,153,355.18,0.9655,0.6040,0.245403,13,30,83,265.99,0.8504,0.1564,0.016386,4.450
84413,520,476,996,134,90,220,295.44,0.7676,0.5123,0.175480,2,0,4,311.99,1.0000,0.0155,0.000217,4.490
84419,520,374,894,244,64,138,0.66,0.9004,0.6013,0.247380,27,38,41,216.29,0.1979,0.1563,0.017793,4.387
84432,520,396,916,210,83,186,335.73,0.7638,0.5846,0.234352,2,38,33,181.61,0.9332,0.1386,0.015089,4.369
84436,520,380,900,248,31,168,349.38,0.9672,0.5984,0.237669,36,32,62,288.14,0.4507,0.1609,0.017559,4.258
84438,520,412,932,226,82,56,32.45,0.8716,0.5693,0.224915,7,34,7,143.28,0.9406,0.1206,0.012045,4.431
84445,520,418,938,247,34,11,30.32,0.9922,0.5620,0.209459,2,22,69,262.12,0.9525,0.1189,0.010163,4.313
84450,520,426,946,189,68,229,316.36,0.8768,0.5609,0.206114,34,19,30,336.94,0.3426,0.1099,0.008996,4.341
84483,520,448,968,232,41,19,30.59,0.9798,0.5353,0.187918,6,17,28,248.58,0.4941,0.0764,0.005234,4.307
84502,520,479,999,217,49,53,25.29,0.9189,0.5138,0.172080,0,0,2,264.05,1.0000,0.0079,0.000044,4.438
84505,520,429,949,179,83,203,319.17,0.7462,0.5471,0.200830,1,30,10,151.23,0.9843,0.1049,0.009569,4.211
84512,520,429,949,154,92,239,299.53,0.8544,0.5537,0.207566,16,22,34,263.72,0.3186,0.0994,0.007995,4.441
84513,520,411,931,225,58,158,348.75,0.8496,0.5687,0.215048,2,4,96,265.23,0.9945,0.1245,0.009442,4.459
84515,520,435,955,188,55,240,314.07,0.9271,0.5549,0.197162,10,19,34,260.20,0.4582,0.0875,0.006457,4.378
84535,520,412,932,212,60,193,333.58,0.8548,0.5657,0.210810,19,30,13,135.24,0.5247,0.1164,0.010960,4.278
84543,520,476,996,187,57,169,334.03,0.7828,0.5058,0.163571,5,0,2,349.81,1.0000,0.0195,0.000367,4.240
84549,520,327,847,255,100,75,31.51,1.0000,0.6490,0.308858,36,52,43,159.69,0.2741,0.2066,0.030054,4.483
84585,520,284,804,253,85,242,330.64,0.9918,0.6870,0.337933,105,22,41,12.67,0.7918,0.2515,0.037377,4.440
84601,520,348,868,254,45,193,343.62,0.9928,0.6289,0.268012,17,53,32,155.02,0.7801,0.1941,0.027696,4.093
84615,520,421,941,187,74,228,315.62,0.8585,0.5641,0.210649,0,30,19,165.47,1.0000,0.1066,0.009755,4.362
84619,520,405,925,230,33,196,337.12,0.9563,0.5801,0.218988,45,13,51,321.02,0.6871,0.1282,0.010848,4.421
84628,520,399,919,250,54,13,32.43,0.9906,0.5819,0.229950,36,15,80,290.84,0.8224,0.1441,0.012959,4.447
84632,520,372,892,254,58,121,7.67,0.9895,0.6095,0.254810,34,44,16,125.70,0.6126,0.1730,0.021788,4.246
84639,520,390,910,208,40,255,316.89,1.0000,0.5870,0.221491,7,22,93,266.26,0.9464,0.1482,0.014092,4.236
84640,520,348,868,254,63,160,354.72,0.9887,0.6271,0.271673,68,20,76,321.64,0.7257,0.1943,0.022512,4.436
84642,520,439,959,217,53,161,345.41,0.8463,0.5510,0.198734,43,1,9,13.85,0.9379,0.0871,0.005551,4.478
84653,520,473,993,168,26,254,306.18,0.9952,0.5180,0.162201,1,2,24,268.61,0.9399,0.0344,0.001158,4.148
84658,520,327,847,251,92,148,1.99,0.9348,0.6485,0.303048,39,48,75,269.32,0.3785,0.2135,0.030532,4.384
84666,520,367,887,227,61,230,327.27,0.9362,0.6146,0.253838,13,39,66,251.75,0.6663,0.1650,0.019299,4.384
84671,520,467,987,200,16,202,327.77,0.9724,0.5231,0.169160,6,1,28,286.60,0.9220,0.0403,0.001443,4.260
84688,520,387,907,212,37,255,318.00,1.0000,0.5917,0.225419,12,40,21,151.67,0.7878,0.1456,0.016498,4.142
84689,520,58,578,239,230,247,309.37,0.5533,0.9266,0.816599,22,121,74,156.56,0.9537,0.4326,0.143391,4.481
84697,520,454,974,177,86,176,327.79,0.6525,0.5323,0.191384,7,16,14,179.37,0.3162,0.0684,0.004474,4.431
84699,520,451,971,189,52,221,319.05,0.8991,0.5391,0.184966,9,15,12,163.24,0.2161,0.0668,0.004263,4.330
84707,520,479,999,163,71,205,313.40,0.7827,0.5086,0.167015,1,0,1,328.36,1.0000,0.0103,0.000086,4.333
84713,520,402,922,251,41,42,27.41,0.9838,0.5763,0.222659,31,31,10,108.86,0.5613,0.1302,0.012932,4.333
84728,520,395,915,255,43,65,23.00,1.0000,0.5885,0.233732,0,40,32,175.79,1.0000,0.1439,0.016218,4.285
84749,520,462,982,188,36,230,317.04,0.9493,0.5329,0.176676,2,9,12,218.82,0.5301,0.0468,0.002348,4.330
84775,520,420,940,235,19,153,351.05,0.9722,0.5619,0.204308,19,26,19,144.93,0.2391,0.1063,0.009242,4.293
84790,520,314,834,254,40,247,329.81,0.9966,0.6572,0.293069,100,12,4,30.48,0.9689,0.2246,0.029815,4.298
84792,520,335,855,223,89,231,325.43,0.8912,0.6383,0.286042,37,48,57,243.22,0.2085,0.2015,0.028026,4.307
84804,520,392,912,248,69,38,32.24,0.9668,0.5934,0.243561,37,33,35,345.86,0.0696,0.1496,0.016024,4.446
84818,520,399,919,248,44,77,19.53,0.9607,0.5768,0.222972,15,1,106,270.64,0.9981,0.1423,0.011638,4.429
84830,520,306,826,240,124,96,34.69,0.8221,0.6658,0.337878,26,62,14,138.94,0.9372,0.2255,0.036965,4.460
84861,520,406,926,191,69,247,312.70,0.9487,0.5785,0.220491,18,27,55,268.39,0.5524,0.1274,0.011883,4.371
84864,520,341,861,247,68,178,347.57,0.9307,0.6266,0.271259,61,4,112,299.37,0.9648,0.2021,0.022488,4.432
84882,520,437,957,196,3,248,315.74,0.9981,0.5491,0.185796,21,10,44,293.91,0.6939,0.0855,0.005584,4.242
84885,520,386,906,236,7,213,333.91,0.9955,0.5932,0.227917,70,0,17,15.37,1.0000,0.1471,0.013428,4.382
84892,520,478,998,172,41,225,313.21,0.9250,0.5068,0.157937,6,0,8,321.50,1.0000,0.0244,0.000563,4.112
84910,520,473,993,186,18,225,318.01,0.9775,0.5172,0.163093,0,4,11,245.29,1.0000,0.0312,0.001110,4.169
84911,520,454,974,229,35,26,29.08,0.9710,0.5254,0.179377,2,18,14,176.63,0.7848,0.0700,0.004772,4.188
84931,520,333,853,246,97,114,16.50,0.8875,0.6366,0.293602,53,48,13,101.17,0.7024,0.2050,0.028999,4.349
84967,520,458,978,201,60,159,342.15,0.7847,0.5279,0.181543,28,0,18,343.81,1.0000,0.0599,0.002906,4.377
84978,520,409,929,188,106,154,345.01,0.5193,0.5718,0.233338,2,36,10,148.17,0.9817,0.1254,0.012965,4.500
84985,520,432,952,183,57,235,313.59,0.9098,0.5452,0.189928,6,24,38,243.98,0.6204,0.1006,0.008319,4.114
84999,520,401,921,211,12,254,318.29,0.9959,0.5803,0.212694,53,21,13,35.16,0.6160,0.1389,0.013224,4.155
85003,520,308,828,252,120,11,49.80,0.9910,0.6700,0.341558,34,59,60,199.01,0.3489,0.2334,0.037941,4.452
85015,520,355,875,253,38,194,342.98,0.9866,0.6237,0.261673,61,27,59,329.49,0.5472,0.1821,0.020918,4.395
85016,520,416,936,210,12,249,319.11,0.9940,0.5746,0.208059,22,17,66,280.90,0.7725,0.1184,0.009648,4.326
85024,520,377,897,253,12,174,348.27,0.9922,0.6048,0.242051,18,39,58,247.62,0.5198,0.1622,0.018851,4.242
85043,520,477,997,186,71,158,338.40,0.7071,0.5148,0.174157,0,0,9,264.05,1.0000,0.0151,0.000197,4.466
85053,520,163,683,250,178,193,5.35,0.8032,0.8082,0.560170,44,94,43,143.32,0.8392,0.3458,0.087150,4.449
85071,520,39,559,203,252,246,187.19,0.8485,0.9482,0.889697,0,130,34,145.19,1.0000,0.4524,0.160800,4.458
85074,520,307,827,234,106,220,331.86,0.8765,0.6713,0.329700,18,57,87,245.38,0.6989,0.2341,0.037428,4.343
85076,520,453,973,198,57,170,337.10,0.8016,0.5254,0.178361,14,6,41,287.42,0.7836,0.0690,0.003837,4.242
85079,520,410,930,208,62,214,326.28,0.8819,0.5740,0.217120,41,13,60,308.34,0.7378,0.1290,0.010855,4.389
85093,520,374,894,252,21,155,353.92,0.9821,0.5968,0.236019,49,32,23,48.83,0.3414,0.1588,0.017479,4.239
85109,520,404,924,202,76,215,323.87,0.8381,0.5802,0.226333,15,36,14,142.94,0.7565,0.1326,0.013950,4.321
85110,520,345,865,214,107,185,338.63,0.6808,0.6255,0.283161,56,36,60,320.74,0.3844,0.1935,0.024288,4.485
85111,520,419,939,221,69,116,5.96,0.7952,0.5566,0.208918,15,5,83,273.91,0.9769,0.1150,0.008346,4.438
85120,520,394,914,235,19,201,336.83,0.9834,0.5868,0.223477,25,18,78,280.18,0.8282,0.1352,0.011893,4.419
85124,520,398,918,213,17,244,320.93,0.9904,0.5769,0.210806,28,16,83,282.11,0.8587,0.1402,0.012420,4.178
85125,520,435,955,222,7,178,340.19,0.9886,0.5463,0.188984,16,11,53,281.28,0.7886,0.0902,0.006065,4.263
85155,520,381,901,243,37,187,342.77,0.9588,0.6011,0.239687,64,6,59,332.17,0.8157,0.1597,0.015362,4.432
85175,520,370,890,252,33,165,351.17,0.9764,0.6057,0.245032,49,28,65,308.65,0.5438,0.1700,0.018652,4.298
85177,520,292,812,252,115,122,19.15,0.9430,0.6755,0.343652,62,58,3,105.06,0.9426,0.2435,0.040569,4.346
85196,520,406,926,248,22,140,357.93,0.9771,0.5833,0.224272,8,28,58,258.44,0.7324,0.1265,0.011876,4.433
85199,520,444,964,158,95,202,309.46,0.6716,0.5369,0.197183,10,18,16,177.53,0.2425,0.0764,0.005345,4.466
85200,520,399,919,246,51,85,17.81,0.9444,0.5794,0.226198,32,8,89,285.36,0.9307,0.1413,0.012020,4.453
85209,520,453,973,185,13,246,313.04,0.9907,0.5319,0.172571,12,3,54,279.91,0.9475,0.0746,0.004096,4.114
85223,520,478,998,198,17,184,332.28,0.9574,0.5075,0.158692,2,2,0,109.77,1.0000,0.0218,0.000563,4.127
85235,520,447,967,241,4,53,22.60,0.9975,0.5423,0.190480,18,8,47,288.62,0.7727,0.0816,0.005075,4.366
85245,520,434,954,156,100,214,304.50,0.7059,0.5513,0.210377,25,22,10,95.78,0.3827,0.0990,0.008024,4.487
85249,520,474,994,151,71,240,300.79,0.9021,0.5204,0.173774,1,3,15,265.40,0.7735,0.0314,0.001061,4.383
85261,520,331,851,248,15,253,327.24,0.9966,0.6423,0.273928,42,50,13,120.35,0.7277,0.1987,0.028025,4.152
85277,520,396,916,227,29,201,334.98,0.9638,0.5758,0.214292,59,8,43,343.62,0.7632,0.1422,0.012780,4.210
85279,520,435,955,212,61,165,343.05,0.8115,0.5515,0.200533,41,2,21,354.75,0.8255,0.0885,0.005691,4.499
85283,520,462,982,226,41,52,24.67,0.9481,0.5257,0.180054,10,6,23,293.01,0.5511,0.0524,0.002566,4.376
85293,520,368,888,248,58,155,354.86,0.9360,0.6098,0.253524,11,25,106,267.07,0.9474,0.1710,0.018069,4.459
85299,520,444,964,211,20,199,331.50,0.9681,0.5421,0.184748,30,1,36,320.74,0.8914,0.0759,0.004251,4.327
85306,520,282,802,240,117,214,336.03,0.8836,0.6934,0.361052,15,71,6,141.25,0.9876,0.2511,0.046210,4.272
85312,520,366,886,249,54,169,350.17,0.9494,0.6144,0.256459,11,49,6,141.30,0.9727,0.1731,0.022808,4.209
85325,520,471,991,207,38,162,341.90,0.8768,0.5215,0.172624,14,3,14,327.41,0.5865,0.0449,0.001902,4.289
85335,520,413,933,240,14,162,349.18,0.9844,0.5744,0.214511,44,18,5,46.77,0.7074,0.1159,0.009791,4.424
85350,520,319,839,224,126,102,34.72,0.6734,0.6461,0.317305,59,52,14,98.76,0.7194,0.2239,0.034176,4.364
85357,520,455,975,185,67,188,326.78,0.7765,0.5254,0.179608,25,1,22,333.00,0.8235,0.0592,0.002863,4.343
85359,520,475,995,193,12,219,321.50,0.9848,0.5224,0.167164,3,3,6,284.11,0.2655,0.0296,0.000976,4.260
85367,520,466,986,179,45,223,315.73,0.9143,0.5191,0.167893,13,4,20,309.95,0.6032,0.0491,0.002229,4.172
85413,520,340,860,244,59,227,332.30,0.9550,0.6395,0.279099,90,7,20,20.41,0.9324,0.2001,0.023765,4.461
85417,520,417,937,192,48,252,312.89,0.9836,0.5651,0.203499,31,22,35,315.24,0.2981,0.1151,0.009865,4.235
85422,520,475,995,223,41,21,30.49,0.9729,0.5166,0.173308,0,2,14,260.55,1.0000,0.0264,0.000751,4.400
85442,520,400,920,209,84,180,337.70,0.7454,0.5812,0.231931,51,25,9,50.38,0.6441,0.1429,0.014189,4.392
85443,520,450,970,230,51,0,33.53,1.0000,0.5383,0.191936,10,11,37,277.39,0.6480,0.0718,0.004374,4.449
85451,520,350,870,240,19,249,326.31,0.9940,0.6268,0.258332,50,22,100,293.31,0.8093,0.1918,0.021720,4.299
85452,520,363,883,239,54,197,339.28,0.9294,0.6099,0.250231,70,8,50,344.75,0.7929,0.1680,0.017063,4.477
85459,520,462,982,232,24,55,22.54,0.9779,0.5291,0.180880,16,2,20,319.67,0.7387,0.0478,0.002041,4.437
85460,520,420,940,190,59,243,313.81,0.9366,0.5639,0.205473,35,8,57,304.97,0.7972,0.1112,0.008264,4.385
85471,520,426,946,159,90,246,300.32,0.9073,0.5621,0.213374,48,5,37,340.26,0.7738,0.1141,0.008706,4.486
85476,520,471,991,224,45,33,29.28,0.9516,0.5226,0.178367,14,0,18,320.73,1.0000,0.0393,0.001370,4.445
85498,520,340,860,249,34,243,329.62,0.9872,0.6433,0.277578,92,6,9,26.55,0.9647,0.2023,0.024257,4.411
85502,520,402,922,213,34,239,321.86,0.9717,0.5796,0.215241,33,1,84,289.47,0.9876,0.1285,0.009851,4.432
85503,520,429,949,196,67,193,328.79,0.8031,0.5463,0.196019,34,16,23,355.55,0.3792,0.1007,0.007726,4.262
85508,520,369,889,228,96,134,4.85,0.7396,0.6103,0.265834,21,42,47,214.72,0.3995,0.1667,0.020205,4.499
85552,520,360,880,212,93,212,327.57,0.8026,0.6156,0.265809,32,37,74,275.35,0.5266,0.1781,0.021246,4.433
85569,520,404,924,178,91,235,309.45,0.8455,0.5794,0.229461,18,34,23,153.48,0.4385,0.1305,0.013345,4.412
85591,520,458,978,212,57,111,4.47,0.8102,0.5250,0.180733,9,9,27,280.90,0.5267,0.0603,0.003326,4.327
85604,520,457,977,199,53,185,332.30,0.8390,0.5321,0.181928,14,10,20,302.29,0.3172,0.0628,0.003610,4.326
85610,520,335,855,243,34,249,326.91,0.9869,0.6371,0.270410,36,38,91,277.56,0.6431,0.1980,0.025166,4.263
85613,520,456,976,220,51,107,6.71,0.8569,0.5335,0.186474,31,1,5,14.99,0.9038,0.0628,0.003240,4.442
85616,520,340,860,239,44,255,324.57,1.0000,0.6394,0.273746,69,19,79,320.48,0.7462,0.1970,0.022956,4.438
85644,520,465,985,227,15,79,14.65,0.9808,0.5196,0.172400,3,10,3,144.00,0.6720,0.0470,0.002430,4.242
85645,520,428,948,187,74,222,317.17,0.8415,0.5598,0.207374,4,28,13,153.84,0.8896,0.1008,0.008853,4.373
85646,520,475,995,178,44,227,314.49,0.9230,0.5200,0.168135,6,3,8,313.81,0.3807,0.0339,0.001214,4.259
85671,520,475,995,201,8,197,329.42,0.9852,0.5194,0.166242,7,1,7,327.66,0.6667,0.0286,0.000822,4.255
85677,520,313,833,249,52,251,327.71,0.9880,0.6581,0.295636,24,56,58,200.83,0.5084,0.2171,0.033279,4.150
85691,520,451,971,207,5,218,325.56,0.9946,0.5443,0.184378,20,6,31,307.79,0.6635,0.0677,0.003779,4.358
85703,520,247,767,251,118,235,332.22,0.9783,0.7214,0.394668,32,73,74,197.51,0.5329,0.2818,0.055664,4.208
85705,520,473,993,226,28,44,25.14,0.9729,0.5168,0.171840,1,1,22,270.44,0.9625,0.0300,0.000861,4.362
85707,520,409,929,196,56,237,317.10,0.9240,0.5657,0.206799,35,1,85,290.84,0.9873,0.1321,0.010349,4.255
85713,520,376,896,251,18,169,349.41,0.9861,0.6001,0.238099,2,45,6,144.39,0.9918,0.1558,0.019027,4.174
85714,520,329,849,254,102,29,41.53,0.9926,0.6457,0.306657,10,54,72,230.35,0.7838,0.2126,0.031706,4.365
85721,520,459,979,236,6,30,26.72,0.9968,0.5296,0.180601,3,10,37,265.45,0.8327,0.0646,0.003700,4.294
85724,520,380,900,246,18,183,344.28,0.9856,0.5972,0.234476,74,1,40,355.55,0.9509,0.1649,0.016310,4.290
85746,520,405,925,248,39,102,11.36,0.9540,0.5791,0.223703,20,24,64,274.62,0.6751,0.1291,0.011721,4.435
85760,520,435,955,232,59,15,33.78,0.9822,0.5503,0.203212,40,6,20,358.49,0.7027,0.0927,0.006319,4.496
85809,520,433,953,245,2,63,20.45,0.9987,0.5519,0.198183,32,16,16,19.80,0.3472,0.0954,0.007151,4.343
85816,520,417,937,253,29,3,30.33,0.9981,0.5720,0.217717,7,18,75,267.31,0.9266,0.1198,0.009857,4.473
85819,520,399,919,223,88,89,22.78,0.7757,0.5779,0.233912,13,33,50,246.34,0.5506,0.1370,0.014035,4.434
85822,520,396,916,184,72,254,308.84,0.9918,0.5774,0.219817,23,24,71,276.89,0.7180,0.1378,0.012903,4.289
85823,520,385,905,224,88,135,1.76,0.7379,0.5924,0.245784,12,41,8,141.27,0.9393,0.1465,0.016815,4.427
85828,520,371,891,244,78,132,4.81,0.8832,0.6139,0.263509,17,46,26,151.72,0.7222,0.1692,0.021477,4.386
85832,520,388,908,192,94,222,317.63,0.7947,0.5941,0.244869,20,40,31,163.76,0.4431,0.1532,0.017652,4.359
85870,520,342,862,227,72,241,324.34,0.9425,0.6319,0.273186,40,47,5,118.73,0.8732,0.1865,0.024951,4.312
85884,520,371,891,240,57,180,344.79,0.9101,0.6054,0.247497,20,48,8,137.86,0.9384,0.1742,0.022801,4.086
85900,520,433,953,234,14,119,2.11,0.9797,0.5451,0.191415,4,15,67,266.10,0.9361,0.1036,0.007727,4.182
85921,520,479,999,217,30,88,11.21,0.9324,0.5071,0.163874,1,0,0,29.23,1.0000,0.0090,0.000065,4.272
85924,520,426,946,215,89,10,44.34,0.9735,0.5562,0.216161,22,28,14,127.42,0.3981,0.1133,0.010328,4.412
85929,520,467,987,130,79,255,290.03,1.0000,0.5204,0.175576,13,2,12,330.32,0.6451,0.0403,0.001555,4.375
85941,520,448,968,201,68,167,339.48,0.7649,0.5410,0.193436,6,9,50,271.06,0.8956,0.0766,0.004644,4.455
85948,520,413,933,200,49,248,315.98,0.9658,0.5748,0.212547,29,23,38,302.34,0.3116,0.1166,0.010139,4.366
85950,520,478,998,167,82,172,325.28,0.6445,0.5088,0.172296,2,0,17,282.31,1.0000,0.0243,0.000534,4.399
85955,520,408,928,244,53,33,30.32,0.9652,0.5699,0.218925,28,3,90,282.53,0.9775,0.1328,0.010502,4.445
85963,520,433,953,186,98,145,348.20,0.5430,0.5507,0.212201,0,24,45,246.48,1.0000,0.1017,0.008427,4.488
85985,520,339,859,244,16,254,326.13,0.9970,0.6364,0.267622,31,17,125,275.26,0.9590,0.1956,0.021728,4.428
85987,520,363,883,239,67,171,348.05,0.8776,0.6083,0.253082,18,44,39,179.55,0.5159,0.1676,0.020764,4.283
85989,520,2,522,255,255,255,0.00,0.0000,1.0000,1.000000,34,137,42,143.99,0.9723,0.4817,0.183978,4.488
85991,520,335,855,242,103,126,12.61,0.8294,0.6417,0.300870,10,57,8,142.41,0.9760,0.2008,0.030082,4.381
86005,520,358,878,246,26,216,335.45,0.9851,0.6180,0.252925,55,4,103,298.82,0.9589,0.1832,0.018784,4.404
86007,520,473,993,218,45,81,15.58,0.8962,0.5176,0.173789,12,0,8,338.25,1.0000,0.0319,0.000957,4.392
86009,520,342,862,223,77,245,322.15,0.9522,0.6334,0.275902,3,28,123,264.41,0.9665,0.1949,0.022797,4.477
86013,520,365,885,230,82,171,346.98,0.8057,0.6090,0.258004,75,13,25,14.90,0.7987,0.1734,0.018541,4.494
86014,520,397,917,226,9,227,328.10,0.9945,0.5849,0.219125,36,21,63,296.68,0.6406,0.1380,0.012703,4.292
86016,520,25,545,234,250,250,196.88,0.5935,0.9689,0.927652,28,132,29,142.93,0.9816,0.4626,0.168374,4.477
86056,520,349,869,246,50,210,337.20,0.9561,0.6267,0.265302,63,22,82,313.12,0.7268,0.1935,0.022399,4.355
86060,520,476,996,185,36,208,321.65,0.9183,0.5108,0.161315,1,0,17,274.34,1.0000,0.0228,0.000469,4.187
86061,520,451,971,192,62,204,324.27,0.8371,0.5414,0.190128,14,5,41,288.26,0.8101,0.0671,0.003620,4.478
86068,520,355,875,245,7,234,330.85,0.9976,0.6229,0.255079,23,28,102,271.95,0.8847,0.1781,0.019719,4.376
86072,520,386,906,203,83,207,326.39,0.7979,0.5855,0.233896,66,13,23,14.18,0.7570,0.1539,0.015082,4.362
86080,520,317,837,238,112,154,1.05,0.7715,0.6577,0.321012,31,58,21,138.01,0.8002,0.2162,0.033715,4.432
86082,520,344,864,232,85,191,340.42,0.8378,0.6255,0.274169,22,49,50,198.65,0.4661,0.1903,0.025974,4.267
86089,520,328,848,248,96,165,355.18,0.8998,0.6547,0.310418,32,54,32,144.30,0.5181,0.2063,0.030496,4.477
86090,520,330,850,245,54,225,333.04,0.9602,0.6364,0.274899,47,51,6,114.63,0.8632,0.2061,0.029851,4.069
86124,520,480,1000,193,25,193,328.26,0.9378,0.5077,0.158846,0,0,0,0.00,0.0000,0.0000,0.000000,4.177
86137,520,456,976,231,36,27,29.05,0.9706,0.5303,0.183329,6,11,16,245.90,0.2756,0.0564,0.003155,4.390
86144,520,391,911,246,56,100,13.58,0.9338,0.5868,0.233446,12,28,86,266.58,0.8834,0.1545,0.015805,4.307
86145,520,467,987,185,66,180,329.50,0.7642,0.5192,0.175074,15,0,24,313.03,1.0000,0.0443,0.001675,4.356
86157,520,477,997,121,84,244,287.71,0.9146,0.5087,0.169370,6,1,2,3.56,0.5657,0.0248,0.000648,4.331
86211,520,411,931,203,27,253,316.25,0.9911,0.5711,0.205738,13,34,9,140.52,0.8616,0.1241,0.012493,4.092
86231,520,405,925,247,48,68,22.40,0.9588,0.5761,0.223089,13,35,23,157.93,0.6010,0.1305,0.013494,4.301
86233,520,475,995,210,60,100,9.38,0.8015,0.5210,0.178557,0,0,31,264.05,1.0000,0.0336,0.000989,4.482
86234,520,347,867,255,77,129,7.49,1.0000,0.6319,0.281562,10,53,23,149.46,0.9393,0.1892,0.026725,4.321
86250,520,460,980,185,47,226,316.77,0.9177,0.5325,0.178395,16,3,37,296.52,0.8331,0.0618,0.003089,4.302
86257,520,477,997,206,3,167,339.53,0.9914,0.5085,0.159791,0,2,2,194.77,1.0000,0.0198,0.000478,4.156
86274,520,304,824,247,81,239,329.93,0.9677,0.6715,0.318937,27,42,122,269.10,0.8633,0.2308,0.032939,4.448
86302,520,328,848,248,80,194,343.23,0.9411,0.6479,0.295918,72,31,61,338.57,0.5417,0.2086,0.026948,4.495
86309,520,465,985,155,67,235,303.60,0.8866,0.5163,0.169815,4,2,37,274.84,0.9519,0.0486,0.002028,4.225
86327,520,418,938,207,78,160,344.74,0.7320,0.5601,0.212542,14,27,44,255.60,0.4714,0.1171,0.010590,4.333
86331,520,394,914,223,9,246,323.01,0.9961,0.5934,0.225393,22,38,4,131.03,0.9141,0.1421,0.015655,4.195
86355,520,408,928,232,64,95,15.05,0.8662,0.5660,0.216517,0,3,100,264.15,0.9966,0.1281,0.009851,4.453
86359,520,459,979,170,63,229,310.43,0.8758,0.5274,0.177590,8,9,19,278.48,0.3423,0.0551,0.002940,4.299
86360,520,354,874,232,94,155,355.53,0.7745,0.6215,0.275303,15,44,60,235.82,0.6112,0.1766,0.022291,4.500
86363,520,402,922,202,58,239,318.29,0.9282,0.5783,0.218162,25,29,48,274.16,0.3598,0.1334,0.012988,4.257
86365,520,475,995,224,41,53,24.34,0.9450,0.5217,0.176930,7,1,19,300.08,0.8330,0.0349,0.001139,4.438
86371,520,371,891,213,102,170,344.65,0.6660,0.6092,0.265530,9,48,23,151.49,0.9205,0.1718,0.022338,4.362
86381,520,364,884,243,67,158,353.50,0.8938,0.6099,0.255407,9,47,33,164.56,0.8413,0.1712,0.022008,4.241
86395,520,459,979,232,39,9,31.18,0.9910,0.5335,0.186296,9,3,43,280.90,0.9151,0.0608,0.002976,4.460
86411,520,251,771,248,147,65,56.23,0.9150,0.7162,0.412083,17,77,11,141.84,0.9810,0.2729,0.054509,4.421
86418,520,429,949,193,21,255,313.25,1.0000,0.5547,0.190951,33,18,15,31.83,0.3367,0.1008,0.007905,4.161
86428,520,459,979,231,41,24,30.03,0.9724,0.5334,0.186438,6,12,25,262.93,0.4707,0.0629,0.003718,4.401
86452,520,407,927,218,36,219,327.97,0.9570,0.5748,0.212838,9,5,100,268.34,0.9911,0.1349,0.010866,4.318
86454,520,480,1000,199,2,187,331.69,0.9951,0.5075,0.157752,0,0,0,0.00,0.0000,0.0000,0.000000,4.155
86467,520,23,543,250,246,233,92.68,0.5634,0.9682,0.921189,13,131,56,148.80,0.9892,0.4600,0.166030,4.496
86484,520,384,904,242,74,26,35.27,0.9692,0.5865,0.238526,35,30,53,293.04,0.3791,0.1490,0.015429,4.410
86485,520,438,958,169,72,250,304.85,0.9600,0.5536,0.199725,36,1,48,315.84,0.9326,0.0949,0.006102,4.451
86487,520,417,937,238,63,48,29.38,0.9313,0.5685,0.219487,46,11,47,326.64,0.6996,0.1244,0.010255,4.472
86489,520,471,991,211,2,162,342.37,0.9946,0.5151,0.165032,8,3,18,300.10,0.6372,0.0406,0.001604,4.167
86495,520,387,907,234,36,202,336.43,0.9589,0.5924,0.230211,27,16,95,278.32,0.9125,0.1532,0.014298,4.358
86508,520,317,837,215,117,220,325.44,0.7715,0.6609,0.323385,10,61,35,155.89,0.9312,0.2195,0.035232,4.381
86516,520,322,842,246,103,138,7.71,0.8601,0.6518,0.311313,57,49,2,98.96,0.9486,0.2117,0.030709,4.477
86553,520,335,855,204,108,236,317.01,0.8502,0.6408,0.296199,32,48,57,233.48,0.2832,0.1974,0.027163,4.487
86559,520,454,974,228,39,15,30.79,0.9837,0.5253,0.179825,7,3,54,274.00,0.9669,0.0708,0.003766,4.275
86590,520,421,941,220,28,190,336.34,0.9521,0.5560,0.197662,29,7,68,291.51,0.8779,0.1129,0.008305,4.248
86597,520,385,905,248,52,105,11.64,0.9463,0.5887,0.234358,66,9,12,23.50,0.8700,0.1470,0.013804,4.457
86601,520,445,965,219,68,38,33.11,0.9183,0.5361,0.193368,23,12,22,329.83,0.3492,0.0775,0.005030,4.422
86606,520,476,996,203,23,174,336.69,0.9353,0.5128,0.163673,6,0,3,344.76,1.0000,0.0216,0.000453,4.235
86607,520,442,962,233,41,44,26.72,0.9595,0.5393,0.190945,16,3,53,285.39,0.9272,0.0770,0.004323,4.435
86608,520,407,927,169,101,217,309.27,0.7243,0.5712,0.227527,14,37,7,138.97,0.9143,0.1341,0.014318,4.315
86621,520,420,940,245,1,117,4.35,0.9990,0.5643,0.207220,32,4,69,295.10,0.9202,0.1137,0.008236,4.417
86630,520,422,942,227,74,59,29.24,0.8792,0.5611,0.215470,8,31,2,138.57,0.9733,0.1104,0.010359,4.398
86657,520,407,927,234,49,148,353.76,0.8962,0.5736,0.218301,37,7,72,297.83,0.8753,0.1271,0.010132,4.462
86661,520,271,791,235,113,243,325.09,0.9367,0.6954,0.359455,93,45,24,43.26,0.6558,0.2602,0.042702,4.417
86689,520,474,994,190,59,182,330.51,0.8001,0.5208,0.174540,9,3,1,51.64,0.5771,0.0343,0.001254,4.381
86698,520,386,906,213,69,217,326.78,0.8793,0.5910,0.234140,4,42,2,141.87,0.9899,0.1456,0.016861,4.250
86700,520,435,955,229,4,151,350.15,0.9931,0.5455,0.189820,2,24,17,170.21,0.8821,0.0884,0.007066,4.202
86712,520,459,979,189,43,212,321.64,0.9072,0.5252,0.173014,14,2,41,290.70,0.9071,0.0613,0.002969,4.210
86721,520,416,936,221,16,223,327.83,0.9877,0.5749,0.210727,7,33,32,191.66,0.6654,0.1245,0.012371,4.180
86730,520,406,926,237,68,76,22.83,0.8976,0.5758,0.226636,22,32,21,142.41,0.3320,0.1269,0.012577,4.421
86732,520,480,1000,206,61,60,25.33,0.8536,0.5054,0.167878,0,0,0,0.00,0.0000,0.0000,0.000000,4.358
86735,520,436,956,192,56,220,320.08,0.8894,0.5467,0.192035,7,21,25,218.02,0.4488,0.0860,0.006517,4.283
86738,520,399,919,250,0,133,0.04,1.0000,0.5797,0.220210,9,1,108,267.83,0.9986,0.1422,0.011624,4.385
86750,520,427,947,235,52,82,17.95,0.9156,0.5577,0.207304,43,11,6,32.03,0.7354,0.1020,0.007662,4.462
86755,520,460,980,164,61,243,305.49,0.9297,0.5285,0.177017,21,5,9,3.29,0.5145,0.0564,0.002877,4.293
86767,520,352,872,246,4,222,333.92,0.9983,0.6165,0.249566,1,54,12,146.04,0.9967,0.1879,0.026712,3.905
86768,520,464,984,214,34,136,352.76,0.8938,0.5199,0.172202,16,3,10,345.02,0.5681,0.0457,0.001972,4.275
86778,520,244,764,248,121,255,325.44,1.0000,0.7322,0.408535,56,73,25,126.16,0.7180,0.2845,0.056760,4.295
86785,520,442,962,217,15,188,336.09,0.9760,0.5446,0.187265,32,7,8,20.09,0.6313,0.0768,0.004766,4.332
86806,520,424,944,237,51,76,19.88,0.9268,0.5596,0.208971,14,28,17,150.07,0.4654,0.1077,0.009643,4.342
86807,520,466,986,157,92,182,315.94,0.6080,0.5175,0.182004,16,3,17,325.17,0.6364,0.0486,0.002158,4.448
86812,520,431,951,197,55,215,322.93,0.8873,0.5503,0.195105,38,12,31,338.86,0.5652,0.1033,0.007740,4.245
86824,520,460,980,190,2,232,317.66,0.9980,0.5256,0.168181,17,9,8,27.71,0.2476,0.0595,0.003321,4.092
86828,520,408,928,252,16,77,17.85,0.9904,0.5721,0.216056,62,1,31,357.44,0.9369,0.1347,0.011449,4.330
86843,520,310,830,240,101,184,346.30,0.8450,0.6562,0.312959,48,48,70,283.97,0.2842,0.2190,0.031845,4.435
86854,520,351,871,232,82,200,337.28,0.8588,0.6265,0.273630,2,48,62,224.10,0.9349,0.1854,0.024745,4.330
86875,520,454,974,147,99,200,304.04,0.6404,0.5292,0.192972,28,4,30,324.80,0.7314,0.0742,0.004275,4.477
86881,520,465,985,184,90,111,7.51,0.5586,0.5209,0.186518,6,9,13,251.66,0.2072,0.0508,0.002631,4.494
86884,520,389,909,226,54,196,336.36,0.9041,0.5864,0.227950,69,3,9,23.16,0.9587,0.1466,0.013503,4.377
86902,520,393,913,231,16,220,330.99,0.9894,0.5906,0.225294,52,11,56,324.07,0.7447,0.1409,0.012550,4.401
86905,520,449,969,208,22,201,330.16,0.9633,0.5387,0.182027,8,7,49,274.86,0.8907,0.0735,0.004253,4.277
86919,520,369,889,252,40,164,351.73,0.9751,0.6088,0.248968,55,32,36,8.37,0.3235,0.1719,0.019727,4.288
86951,520,470,990,232,1,64,19.13,0.9991,0.5240,0.175508,7,6,10,297.70,0.1944,0.0436,0.001973,4.339
86955,520,439,959,186,82,192,325.43,0.7293,0.5491,0.202807,5,24,19,174.22,0.6518,0.0909,0.007325,4.410
86964,520,453,973,198,84,91,18.96,0.6708,0.5286,0.191036,1,5,55,265.44,0.9764,0.0710,0.003908,4.471
86965,520,370,890,179,101,255,304.33,1.0000,0.6104,0.261116,21,41,52,233.93,0.4223,0.1663,0.019932,4.449
86967,520,420,940,246,35,38,27.42,0.9772,0.5620,0.209384,16,0,86,274.59,1.0000,0.1132,0.007820,4.486
86984,520,408,928,231,15,195,337.51,0.9848,0.5748,0.212734,3,21,80,264.23,0.9405,0.1292,0.011348,4.283
86987,520,474,994,202,60,140,350.09,0.7730,0.5207,0.176837,2,4,2,144.61,0.3699,0.0297,0.001041,4.444
86993,520,421,941,230,16,166,345.78,0.9759,0.5574,0.199495,8,28,40,237.61,0.5871,0.1141,0.010353,4.134
87035,520,469,989,202,67,120,0.00,0.7401,0.5208,0.179289,5,4,9,294.97,0.3055,0.0360,0.001388,4.462
87037,520,324,844,249,56,234,331.71,0.9756,0.6500,0.289115,42,20,129,280.27,0.9314,0.2136,0.025774,4.475
87041,520,350,870,240,59,220,333.16,0.9445,0.6286,0.268232,49,44,36,79.57,0.1542,0.1939,0.025817,4.197
87052,520,476,996,226,23,16,29.15,0.9845,0.5123,0.168219,9,0,1,12.98,1.0000,0.0247,0.000603,4.312
87054,520,370,890,175,105,250,303.40,0.9277,0.6082,0.261197,37,40,22,116.28,0.3792,0.1651,0.019688,4.466
87063,520,410,930,227,86,32,38.98,0.9320,0.5744,0.230934,30,32,2,113.15,0.8930,0.1307,0.013134,4.450
87069,520,280,800,215,125,250,315.79,0.9456,0.6911,0.360177,35,64,53,167.76,0.4347,0.2468,0.042810,4.420
87075,520,474,994,215,61,31,32.89,0.9365,0.5195,0.178860,2,3,18,272.48,0.7497,0.0343,0.001217,4.468
87084,520,363,883,233,20,240,326.69,0.9910,0.6087,0.241177,39,17,100,285.80,0.8784,0.1721,0.017523,4.312
87086,520,440,960,216,56,158,346.39,0.8314,0.5504,0.198982,3,14,53,264.80,0.9050,0.0866,0.005904,4.454
87091,520,432,952,212,67,138,354.26,0.7723,0.5457,0.198485,17,14,60,278.68,0.8008,0.1029,0.007595,4.314
87119,520,391,911,254,44,68,22.32,0.9944,0.5875,0.232933,53,21,50,330.98,0.5682,0.1532,0.015236,4.337
87129,520,429,949,201,59,193,330.39,0.8371,0.5461,0.193974,26,23,10,96.74,0.4066,0.1027,0.008543,4.167
87153,520,400,920,251,25,121,4.73,0.9759,0.5839,0.225886,0,17,96,263.89,1.0029,0.1403,0.012453,4.417
87159,520,407,927,249,42,29,29.42,0.9784,0.5718,0.218880,42,0,80,299.81,1.0000,0.1346,0.010715,4.429
87174,520,162,682,231,191,189,21.48,0.4310,0.8125,0.579257,29,96,75,168.39,0.8041,0.3540,0.091346,4.452
87179,520,450,970,202,25,220,323.60,0.9675,0.5428,0.184208,1,14,40,258.40,0.9138,0.0737,0.004737,4.279
87183,520,208,728,250,168,89,62.63,0.9018,0.7640,0.490530,9,88,48,154.29,0.9753,0.3146,0.072506,4.412
87192,520,410,930,235,70,38,32.91,0.9414,0.5693,0.221855,55,17,0,45.06,1.0000,0.1332,0.012133,4.375
87234,520,228,748,222,156,219,328.14,0.6653,0.7403,0.444223,53,77,24,130.18,0.7944,0.2943,0.061305,4.440
87238,520,338,858,253,26,230,333.55,0.9917,0.6391,0.273378,7,56,42,168.83,0.9096,0.2038,0.030406,4.022
87239,520,312,832,228,99,232,326.43,0.8922,0.6593,0.312459,3,54,84,241.75,0.9133,0.2185,0.032976,4.368
87240,520,479,999,202,25,177,335.50,0.9299,0.5136,0.164281,1,0,0,29.23,1.0000,0.0090,0.000065,4.280
87246,520,466,986,212,46,124,357.77,0.8449,0.5196,0.174086,2,0,43,269.18,1.0000,0.0482,0.001873,4.320
87249,520,439,959,226,57,93,13.90,0.8687,0.5469,0.198881,19,15,42,287.08,0.5695,0.0910,0.006473,4.407
87251,520,397,917,255,28,13,29.68,1.0000,0.5760,0.221234,20,32,49,257.14,0.4033,0.1380,0.014035,4.236
87261,520,346,866,239,63,228,330.82,0.9455,0.6350,0.275098,49,40,42,2.99,0.1204,0.1854,0.023378,4.430
87269,520,445,965,193,45,223,319.96,0.9230,0.5415,0.185434,11,18,25,248.87,0.2821,0.0808,0.005739,4.224
87279,520,308,828,244,92,220,334.49,0.9360,0.6683,0.320573,42,59,24,130.51,0.6393,0.2284,0.036861,4.266
87294,520,479,999,220,19,92,9.45,0.9637,0.5094,0.164568,0,0,8,264.05,1.0000,0.0143,0.000175,4.276
87306,520,463,983,231,21,61,20.73,0.9795,0.5267,0.178652,0,8,32,258.97,1.0000,0.0541,0.002779,4.332
87318,520,370,890,196,89,242,314.15,0.9039,0.6061,0.252925,19,33,86,268.02,0.7884,0.1695,0.018980,4.392
87323,520,212,732,226,157,243,319.54,0.8633,0.7582,0.467550,42,83,16,136.06,0.9480,0.3050,0.067160,4.417
87338,520,352,872,245,35,215,335.52,0.9758,0.6193,0.255238,7,47,64,231.42,0.7986,0.1852,0.024482,4.098
87348,520,471,991,206,17,176,336.83,0.9582,0.5174,0.166594,6,5,17,286.49,0.4844,0.0432,0.001877,4.175
87363,520,449,969,194,67,180,332.50,0.7750,0.5352,0.187805,31,0,20,344.28,1.0000,0.0661,0.003419,4.452
87368,520,443,963,169,100,158,332.96,0.5020,0.5355,0.200189,20,17,11,84.46,0.2139,0.0812,0.005738,4.489
87402,520,453,973,171,60,234,309.82,0.8954,0.5297,0.178310,11,16,0,121.67,1.0000,0.0675,0.004417,4.196
87406,520,401,921,228,7,213,332.03,0.9945,0.5787,0.214525,42,30,0,87.22,1.0000,0.1396,0.014208,4.120
87427,520,430,950,188,41,242,314.15,0.9532,0.5458,0.186893,34,16,10,39.15,0.4612,0.0968,0.007326,4.132
87466,520,415,935,228,42,167,345.61,0.9111,0.5660,0.209426,24,19,65,282.28,0.7241,0.1230,0.010416,4.294
87470,520,369,889,238,40,217,333.40,0.9658,0.6106,0.247072,45,19,89,294.22,0.8020,0.1700,0.017449,4.404
87501,520,475,995,167,59,231,309.23,0.8893,0.5204,0.171137,5,2,17,292.39,0.7182,0.0343,0.001162,4.322
87519,520,384,904,236,2,201,337.01,0.9984,0.5850,0.220962,49,25,37,349.26,0.3969,0.1478,0.014819,4.180
87530,520,209,729,249,153,203,347.91,0.8787,0.7621,0.472362,73,76,27,112.39,0.6749,0.3106,0.066645,4.478
87533,520,398,918,249,37,89,15.41,0.9631,0.5769,0.221877,19,11,94,273.87,0.9598,0.1393,0.011859,4.395
87552,520,369,889,207,81,236,319.58,0.8977,0.6077,0.252079,27,45,6,131.08,0.9035,0.1688,0.021229,4.241
87564,520,476,996,155,72,225,305.29,0.8379,0.5143,0.170400,9,0,1,12.98,1.0000,0.0247,0.000603,4.355
87567,520,373,893,242,27,196,339.85,0.9761,0.5996,0.236496,10,14,109,267.74,0.9788,0.1579,0.014826,4.419
87597,520,425,945,210,95,25,46.14,0.9133,0.5578,0.219584,14,30,15,145.59,0.5773,0.1133,0.010564,4.451
87600,520,387,907,228,31,222,329.74,0.9733,0.5918,0.227503,63,18,3,39.12,0.8929,0.1510,0.014961,4.272
87625,520,388,908,228,24,217,331.01,0.9796,0.5857,0.221595,23,40,14,135.85,0.7003,0.1508,0.017314,4.035
87630,520,353,873,240,35,231,330.38,0.9793,0.6204,0.254996,38,17,111,282.11,0.9156,0.1841,0.019606,4.382
87634,520,477,997,200,19,177,334.93,0.9478,0.5075,0.159213,3,1,9,297.22,0.7058,0.0244,0.000608,4.134
87637,520,432,952,229,4,153,349.51,0.9932,0.5465,0.190476,13,10,65,275.10,0.9097,0.0986,0.006843,4.231
87658,520,416,936,183,84,232,312.58,0.8510,0.5741,0.222351,8,29,40,234.11,0.5946,0.1170,0.010835,4.477
87666,520,352,872,250,62,154,355.91,0.9493,0.6165,0.261057,87,6,6,27.83,0.9643,0.1904,0.021700,4.338
87675,520,451,971,174,51,253,307.22,0.9878,0.5418,0.184590,28,9,2,47.35,0.7303,0.0725,0.004467,4.307
87687,520,448,968,208,83,39,38.63,0.8695,0.5361,0.197451,10,18,27,251.98,0.3433,0.0811,0.005763,4.438
87692,520,378,898,248,32,177,346.69,0.9682,0.6031,0.241671,23,36,56,258.77,0.4205,0.1556,0.017294,4.334
87703,520,403,923,213,48,229,324.01,0.9417,0.5807,0.219191,46,12,59,315.04,0.7439,0.1345,0.011596,4.370
87708,520,363,883,171,118,224,305.56,0.7066,0.6088,0.269971,14,48,24,150.39,0.8530,0.1740,0.022731,4.399
87723,520,369,889,245,80,87,22.24,0.9221,0.6067,0.258412,27,39,58,259.35,0.3731,0.1682,0.019895,4.413
87725,520,446,966,170,50,253,306.04,0.9879,0.5353,0.179198,12,9,47,279.35,0.7977,0.0780,0.004788,4.183
87726,520,477,997,161,48,241,305.76,0.9336,0.5101,0.160425,5,0,9,314.44,1.0000,0.0236,0.000520,4.165
87733,520,355,875,250,7,223,334.56,0.9974,0.6249,0.258068,6,29,112,264.91,0.9514,0.1839,0.020871,4.347
87737,520,403,923,238,72,17,36.00,0.9802,0.5761,0.228555,42,23,32,350.16,0.3442,0.1308,0.012094,4.486
87745,520,465,985,182,45,224,316.41,0.9176,0.5247,0.172048,25,0,12,351.05,1.0000,0.0524,0.002333,4.243
87746,520,430,950,217,73,88,18.32,0.7955,0.5464,0.202238,33,11,38,319.90,0.6147,0.0980,0.007027,4.423
87768,520,445,965,199,20,229,320.66,0.9795,0.5427,0.183012,9,20,11,149.20,0.4572,0.0796,0.005825,4.174
87786,520,400,920,174,112,195,317.20,0.5803,0.5840,0.245279,20,39,11,136.75,0.8021,0.1450,0.016239,4.458
87787,520,388,908,230,57,183,341.44,0.8895,0.5889,0.231707,47,26,52,319.72,0.4667,0.1547,0.015911,4.274
87790,520,475,995,230,21,53,22.72,0.9812,0.5233,0.176194,0,1,19,263.92,1.0031,0.0264,0.000687,4.463
87791,520,362,882,154,136,186,300.85,0.3690,0.6062,0.280236,25,48,39,167.06,0.4330,0.1845,0.024670,4.423
87807,520,411,931,219,26,217,328.79,0.9725,0.5705,0.208108,1,21,72,262.29,0.9775,0.1194,0.010106,4.294
87809,520,14,534,255,251,212,102.45,1.0000,0.9783,0.950082,85,127,38,131.29,0.8623,0.4745,0.172497,4.495
87810,520,438,958,177,57,247,309.07,0.9534,0.5462,0.189896,22,9,54,289.75,0.7932,0.0937,0.006323,4.259
87841,520,439,959,193,39,241,315.87,0.9574,0.5515,0.191407,20,10,51,288.10,0.7617,0.0904,0.006048,4.307
87862,520,411,931,167,96,237,304.33,0.8371,0.5744,0.226961,7,32,35,206.04,0.6433,0.1228,0.011995,4.467
87867,520,346,866,242,59,219,333.91,0.9461,0.6314,0.271224,65,29,56,337.51,0.5190,0.1907,0.022882,4.407
87891,520,436,956,241,30,33,27.69,0.9806,0.5485,0.197425,0,26,21,178.50,1.0000,0.0946,0.007929,4.271
87906,520,49,569,254,235,217,65.91,0.8426,0.9423,0.854980,35,125,41,144.01,0.9635,0.4428,0.151841,4.484
87908,520,422,942,231,28,162,347.50,0.9506,0.5616,0.204309,20,12,64,281.65,0.8350,0.1062,0.007818,4.398
87909,520,393,913,205,51,252,316.43,0.9845,0.5872,0.223766,51,23,19,29.32,0.4948,0.1407,0.013637,4.302
87922,520,329,849,227,126,100,35.39,0.6999,0.6502,0.321749,22,59,18,141.74,0.9177,0.2138,0.033421,4.456
87926,520,298,818,227,128,147,8.39,0.6383,0.6660,0.338779,9,66,27,148.90,0.9695,0.2346,0.040335,4.304
87938,520,424,944,241,26,122,2.78,0.9643,0.5644,0.208480,26,27,11,111.66,0.4535,0.1137,0.010276,4.288
87950,520,362,882,254,27,175,348.42,0.9924,0.6115,0.249533,29,46,26,140.77,0.4892,0.1771,0.022897,4.109
87960,520,459,979,200,41,188,331.65,0.8858,0.5261,0.174979,13,3,34,293.77,0.8205,0.0563,0.002662,4.272
87962,520,418,938,230,41,146,353.13,0.9086,0.5596,0.204870,8,31,30,191.41,0.5957,0.1180,0.011253,4.161
87966,520,475,995,191,4,225,319.56,0.9954,0.5220,0.166009,8,1,7,331.57,0.6759,0.0298,0.000887,4.245
87968,520,418,938,225,75,36,35.08,0.9269,0.5561,0.211698,36,16,57,303.24,0.6755,0.1242,0.010411,4.332
87974,520,443,963,165,82,226,307.73,0.8186,0.5423,0.195255,17,1,59,284.43,0.9804,0.0811,0.004566,4.495
87977,520,470,990,219,21,136,353.35,0.9475,0.5235,0.173765,1,1,33,267.94,0.9855,0.0394,0.001380,4.355
87986,520,342,862,230,59,248,323.72,0.9725,0.6299,0.267305,36,48,29,134.45,0.3915,0.1900,0.025776,4.187
87987,520,466,986,187,4,227,317.97,0.9955,0.5169,0.161990,13,2,29,300.03,0.8262,0.0503,0.002177,4.063
87993,520,413,933,193,75,215,321.00,0.8268,0.5652,0.212772,52,8,26,359.90,0.7336,0.1206,0.009784,4.395
87995,520,352,872,248,89,70,29.89,0.9515,0.6207,0.275467,18,37,94,265.96,0.8219,0.1861,0.022598,4.483
87996,520,465,985,227,36,31,28.44,0.9672,0.5222,0.176945,3,3,37,271.72,0.9431,0.0500,0.002180,4.349
87999,520,388,908,250,53,106,11.66,0.9593,0.5937,0.239143,40,35,23,87.99,0.2760,0.1546,0.017151,4.306
88001,520,383,903,225,15,242,324.36,0.9930,0.5951,0.227622,52,19,55,324.23,0.6259,0.1513,0.014717,4.290
88014,520,475,995,220,32,94,9.63,0.9275,0.5160,0.170595,2,3,18,272.48,0.7497,0.0343,0.001217,4.307
88072,520,425,945,213,16,215,327.81,0.9830,0.5552,0.194251,0,16,69,262.77,1.0002,0.1054,0.008002,4.211
88075,520,472,992,210,19,164,341.65,0.9498,0.5187,0.168499,5,2,17,292.39,0.7182,0.0343,0.001162,4.271
88114,520,358,878,227,98,154,355.52,0.7334,0.6187,0.274017,36,46,10,123.35,0.7676,0.1801,0.023510,4.408
88123,520,316,836,171,135,254,295.67,0.9676,0.6604,0.331417,15,61,47,168.95,0.8080,0.2248,0.036441,4.412
88128,520,440,960,185,69,215,318.64,0.8345,0.5459,0.194780,34,16,1,62.73,0.8654,0.0949,0.007129,4.285
88131,520,455,975,224,50,49,26.70,0.9314,0.5284,0.183530,1,3,44,266.23,0.9769,0.0550,0.002534,4.445
88140,520,201,721,247,166,150,31.64,0.8061,0.7677,0.492508,36,84,64,163.89,0.6394,0.3148,0.070856,4.489
88150,520,402,922,250,12,118,5.09,0.9900,0.5771,0.218985,53,8,45,336.11,0.7512,0.1319,0.011201,4.395
88152,520,430,950,196,87,143,350.53,0.6372,0.5473,0.205370,24,2,70,286.69,0.9689,0.1026,0.006798,4.496
88153,520,397,917,217,77,166,345.06,0.7726,0.5786,0.228148,36,7,88,289.34,0.9274,0.1436,0.012316,4.464
88163,520,415,935,247,9,100,10.30,0.9925,0.5652,0.208932,24,29,13,123.01,0.4410,0.1178,0.011020,4.243
88172,520,360,880,233,37,245,325.44,0.9802,0.6188,0.252418,72,23,24,22.04,0.6708,0.1805,0.020567,4.286
88174,520,471,991,198,14,197,328.59,0.9730,0.5154,0.163528,13,0,16,322.33,1.0000,0.0370,0.001230,4.168
88177,520,468,988,228,14,86,12.44,0.9812,0.5230,0.174829,5,6,13,275.48,0.3190,0.0428,0.001916,4.331
88189,520,422,942,235,55,57,25.78,0.9316,0.5560,0.206930,22,24,27,258.37,0.0816,0.1064,0.009030,4.353
88201,520,403,923,214,14,250,319.89,0.9935,0.5825,0.215142,10,31,43,236.28,0.5671,0.1255,0.012189,4.264
88209,520,472,992,199,18,202,327.49,0.9677,0.5219,0.168407,8,1,15,310.19,0.7832,0.0336,0.001078,4.276
88217,520,406,926,223,24,228,327.08,0.9818,0.5843,0.219449,38,20,50,310.22,0.5442,0.1288,0.011427,4.386
88227,520,471,991,212,62,86,16.01,0.8180,0.5233,0.181165,10,1,27,297.45,0.8918,0.0435,0.001654,4.475
88232,520,448,968,182,60,223,316.02,0.8768,0.5373,0.185056,35,3,30,334.78,0.7771,0.0837,0.005162,4.261
88264,520,405,925,240,19,169,347.12,0.9786,0.5791,0.218587,27,25,50,285.66,0.4476,0.1266,0.011586,4.361
88266,520,407,927,249,37,45,26.45,0.9761,0.5700,0.216560,12,25,63,266.28,0.7467,0.1252,0.011323,4.347
88269,520,346,866,253,30,206,339.60,0.9887,0.6265,0.262707,75,7,69,332.38,0.8279,0.1889,0.020777,4.418
88282,520,477,997,209,63,42,31.25,0.8965,0.5111,0.172798,2,1,2,326.51,0.3040,0.0189,0.000390,4.421
88286,520,420,940,223,23,184,338.78,0.9626,0.5560,0.197639,31,17,41,309.67,0.5028,0.1078,0.008523,4.231
88290,520,466,986,149,93,202,305.60,0.6759,0.5220,0.184829,0,2,44,264.19,0.9881,0.0519,0.002252,4.494
88302,520,362,882,227,32,253,322.27,0.9925,0.6122,0.244580,26,45,51,219.84,0.3368,0.1810,0.023353,4.016
88307,520,442,962,227,53,91,14.14,0.8849,0.5447,0.196352,6,12,44,269.44,0.8033,0.0765,0.004835,4.493
88316,520,448,968,202,23,220,323.62,0.9710,0.5420,0.183384,17,11,37,290.68,0.5999,0.0777,0.004921,4.249
88317,520,402,922,228,36,192,337.80,0.9450,0.5757,0.215641,1,29,58,251.71,0.9337,0.1258,0.011906,4.291
88327,520,382,902,243,15,201,338.63,0.9901,0.6005,0.236164,18,43,30,159.26,0.5754,0.1612,0.019500,4.117
88329,520,281,801,250,117,183,351.29,0.9127,0.6948,0.364683,8,63,87,233.42,0.8535,0.2491,0.042945,4.462
88345,520,433,953,245,10,18,28.38,0.9959,0.5492,0.196768,20,1,75,280.91,0.9902,0.1033,0.006784,4.346
88350,520,460,980,215,2,180,337.86,0.9961,0.5331,0.177881,4,16,8,155.62,0.6266,0.0644,0.004139,4.209
88361,520,369,889,255,14,180,346.97,1.0000,0.6120,0.248729,45,31,70,298.22,0.5363,0.1747,0.019801,4.280
88375,520,308,828,194,126,248,308.18,0.8904,0.6655,0.331691,74,47,27,56.47,0.4941,0.2338,0.035682,4.455
88379,520,413,933,229,37,181,341.31,0.9360,0.5720,0.213200,8,26,61,261.87,0.7776,0.1239,0.011273,4.296
88387,520,431,951,195,3,253,314.41,0.9983,0.5518,0.187604,46,7,14,14.13,0.7477,0.1036,0.007646,4.122
88392,520,439,959,237,7,130,358.78,0.9905,0.5536,0.197713,38,11,5,35.65,0.6991,0.0929,0.006624,4.375
88408,520,455,975,199,55,183,332.96,0.8290,0.5327,0.182951,32,0,9,4.85,1.0000,0.0637,0.003269,4.373
88413,520,419,939,217,70,136,356.69,0.7760,0.5574,0.209119,27,11,66,288.98,0.8237,0.1138,0.008657,4.418
88437,520,399,919,233,72,114,9.24,0.8316,0.5815,0.231761,2,35,57,242.63,0.8824,0.1425,0.015103,4.328
88441,520,370,890,253,21,179,346.94,0.9860,0.6095,0.246771,0,37,86,257.17,0.9999,0.1714,0.019949,4.243
88442,520,397,917,254,37,25,29.38,0.9963,0.5789,0.224680,27,36,8,124.84,0.7235,0.1406,0.015123,4.218
88452,520,406,926,246,63,3,34.63,0.9974,0.5817,0.231579,19,31,43,249.15,0.3509,0.1309,0.012928,4.475
88464,520,315,835,235,79,255,322.94,1.0000,0.6606,0.304764,1,62,13,145.46,0.9976,0.2163,0.034806,4.183
88491,520,382,902,187,103,217,316.48,0.7381,0.5981,0.252760,47,34,13,77.66,0.5612,0.1589,0.017775,4.467
88500,520,479,999,215,6,130,354.22,0.9837,0.5086,0.161915,0,1,1,194.77,1.0000,0.0143,0.000239,4.218
88501,520,392,912,212,41,254,318.13,0.9954,0.5932,0.227404,6,35,62,250.20,0.7749,0.1478,0.015885,4.210
88511,520,407,927,241,43,107,9.09,0.9325,0.5689,0.214933,53,16,28,2.68,0.6002,0.1343,0.012114,4.265
88547,520,446,966,237,23,73,17.98,0.9770,0.5422,0.191016,36,3,8,14.45,0.8103,0.0766,0.004578,4.416
88554,520,409,929,246,49,66,23.00,0.9551,0.5745,0.221863,32,28,36,307.69,0.1659,0.1313,0.012650,4.339
88559,520,416,936,222,61,162,346.76,0.8349,0.5679,0.214781,46,14,28,355.27,0.5775,0.1185,0.009788,4.429
88561,520,432,952,198,43,226,320.71,0.9354,0.5504,0.192261,13,25,19,161.96,0.3548,0.0988,0.008278,4.157
88567,520,430,950,232,61,20,33.69,0.9745,0.5525,0.205468,9,25,24,190.32,0.4425,0.0981,0.008193,4.390
88607,520,427,947,221,28,188,337.16,0.9518,0.5566,0.198359,7,27,27,195.32,0.5638,0.1041,0.009081,4.204
88629,520,407,927,156,107,220,301.78,0.7121,0.5681,0.227509,9,37,15,148.04,0.8820,0.1330,0.014157,4.326
88639,520,441,961,205,67,146,349.05,0.7571,0.5366,0.190708,28,3,51,302.68,0.8830,0.0888,0.005510,4.336
88640,520,349,869,235,98,146,1.00,0.7800,0.6289,0.284755,20,47,71,247.64,0.5813,0.1949,0.026366,4.384
88648,520,397,917,186,82,244,310.92,0.9167,0.5844,0.230063,35,32,25,87.57,0.1615,0.1411,0.014605,4.335
88659,520,326,846,248,62,235,331.23,0.9717,0.6535,0.294027,61,33,86,306.05,0.6206,0.2118,0.027518,4.438
88673,520,440,960,218,29,188,336.42,0.9460,0.5516,0.194173,37,2,36,329.37,0.8293,0.0891,0.005642,4.388
88674,520,412,932,246,41,45,26.79,0.9692,0.5662,0.213717,58,2,15,14.03,0.9306,0.1219,0.009776,4.412
88685,520,444,964,231,33,86,14.02,0.9478,0.5372,0.187515,8,21,14,159.50,0.4683,0.0826,0.006196,4.227
88692,520,418,938,217,67,148,351.34,0.7913,0.5589,0.209064,46,8,45,328.99,0.7380,0.1193,0.009440,4.358
88729,520,470,990,224,9,101,6.49,0.9841,0.5174,0.169851,10,2,25,298.25,0.7997,0.0445,0.001781,4.246
88748,520,307,827,252,100,177,351.86,0.9531,0.6713,0.329872,46,56,50,158.99,0.1500,0.2299,0.036394,4.397
88759,520,406,926,243,58,68,23.63,0.9378,0.5762,0.225015,18,36,9,136.48,0.8185,0.1336,0.014100,4.290
88762,520,434,954,246,21,16,29.04,0.9905,0.5543,0.201701,46,6,17,8.33,0.7549,0.1030,0.007517,4.376
88764,520,344,864,240,107,19,46.34,0.9733,0.6287,0.290906,5,52,48,186.25,0.8965,0.1921,0.027015,4.426
88783,520,378,898,234,28,218,332.19,0.9783,0.5985,0.233875,59,20,37,355.39,0.5795,0.1553,0.015638,4.325
88787,520,401,921,251,35,81,17.79,0.9766,0.5783,0.223090,10,39,11,143.98,0.9220,0.1393,0.015397,4.176
88819,520,410,930,248,3,106,8.39,0.9974,0.5676,0.210657,1,18,87,264.05,0.9851,0.1309,0.011271,4.254
88838,520,453,973,197,22,220,322.27,0.9708,0.5331,0.176130,3,16,33,253.17,0.7059,0.0748,0.004997,4.112
88849,520,390,910,250,60,52,28.00,0.9761,0.5898,0.238072,37,33,27,78.04,0.1427,0.1467,0.015602,4.391
88860,520,408,928,195,67,225,319.30,0.8760,0.5660,0.210540,38,15,60,304.04,0.7108,0.1277,0.010800,4.285
88867,520,422,942,237,1,151,351.82,0.9987,0.5608,0.202637,26,25,3,107.01,0.7788,0.1067,0.009215,4.266
88878,520,430,950,219,62,129,359.00,0.8089,0.5496,0.200927,44,5,31,344.13,0.7537,0.1034,0.007430,4.369
88888,520,455,975,198,23,212,324.55,0.9637,0.5292,0.173737,8,15,2,129.16,0.7752,0.0632,0.003976,4.145
88889,520,458,978,210,17,177,337.57,0.9620,0.5255,0.172790,11,0,48,282.95,1.0000,0.0616,0.002845,4.216
88901,520,442,962,210,20,202,330.42,0.9693,0.5422,0.184683,25,16,1,82.94,0.8631,0.0823,0.005795,4.206
88904,520,294,814,238,105,227,330.83,0.9101,0.6796,0.338286,58,46,93,293.37,0.5092,0.2401,0.036438,4.492
88921,520,419,939,246,40,26,29.58,0.9774,0.5641,0.211885,27,26,22,95.42,0.0983,0.1150,0.010297,4.343
88936,520,398,918,226,80,104,14.23,0.7874,0.5758,0.229082,11,38,5,139.90,0.9546,0.1355,0.014683,4.315
88939,520,458,978,170,37,253,306.63,0.9896,0.5258,0.169618,19,4,23,319.44,0.6557,0.0576,0.002872,4.154
88940,520,353,873,252,52,171,350.06,0.9735,0.6194,0.260951,18,37,90,265.54,0.7946,0.1823,0.021898,4.325
88944,520,376,896,241,26,203,337.71,0.9790,0.6013,0.237543,55,11,74,313.06,0.8094,0.1604,0.015461,4.393
88969,520,377,897,165,111,242,300.23,0.8346,0.6009,0.257793,16,44,12,141.25,0.9047,0.1591,0.019380,4.436
88984,520,462,982,179,15,250,310.46,0.9896,0.5267,0.168285,10,9,10,325.73,0.0494,0.0532,0.002818,4.133
88989,520,445,965,200,65,177,335.41,0.7881,0.5413,0.192360,9,15,36,269.39,0.5667,0.0787,0.005271,4.385
88996,520,455,975,213,49,144,350.42,0.8392,0.5322,0.183587,24,5,9,6.90,0.5688,0.0607,0.003225,4.389
89001,520,458,978,211,61,112,4.48,0.7927,0.5277,0.183585,0,8,44,262.42,1.0001,0.0644,0.003555,4.362
89014,520,369,889,195,103,215,320.23,0.7424,0.6078,0.262101,31,41,53,253.29,0.2554,0.1742,0.021342,4.375
89021,520,441,961,215,65,107,8.09,0.7939,0.5381,0.192916,20,22,5,114.69,0.6100,0.0927,0.007335,4.237
89029,520,422,942,241,46,29,29.94,0.9700,0.5580,0.207468,15,29,15,144.29,0.5195,0.1109,0.010148,4.281
89032,520,447,967,239,29,31,27.88,0.9811,0.5436,0.193317,2,20,14,170.55,0.8377,0.0757,0.005449,4.388
89035,520,441,961,196,32,231,319.18,0.9612,0.5444,0.185398,25,10,47,298.09,0.7133,0.0924,0.006290,4.182
89054,520,360,880,241,19,230,330.88,0.9915,0.6157,0.248825,13,48,33,162.03,0.7676,0.1760,0.023092,4.088
89057,520,449,969,190,2,251,313.49,0.9988,0.5419,0.179569,26,1,40,310.87,0.9200,0.0730,0.003945,4.256
89058,520,403,923,229,0,218,331.02,1.0000,0.5825,0.217225,41,27,22,40.50,0.2757,0.1349,0.013133,4.233
89062,520,417,937,248,38,28,29.13,0.9771,0.5672,0.214301,17,12,80,274.83,0.9310,0.1217,0.009613,4.434
89066,520,404,924,255,24,26,28.31,1.0000,0.5750,0.219917,7,6,95,267.76,0.9887,0.1280,0.010016,4.497
89069,520,449,969,193,67,191,328.47,0.7943,0.5402,0.191149,13,10,39,283.10,0.6713,0.0738,0.004491,4.425
89071,520,439,959,238,37,63,21.97,0.9610,0.5495,0.198624,42,3,22,354.76,0.7954,0.0925,0.006154,4.428
89072,520,387,907,209,87,181,337.45,0.7359,0.5858,0.237097,15,30,73,266.07,0.7524,0.1479,0.015111,4.409
89083,520,463,983,228,0,116,1.69,1.0000,0.5286,0.177578,9,3,24,295.21,0.7297,0.0452,0.001892,4.386
89086,520,419,939,251,10,15,28.66,0.9964,0.5620,0.207646,35,14,50,308.53,0.6567,0.1140,0.009017,4.366
89091,520,289,809,253,79,244,330.15,0.9922,0.6821,0.330092,1,67,31,152.28,0.9962,0.2369,0.041195,4.168
89099,520,433,953,181,43,252,309.88,0.9838,0.5450,0.185808,4,14,61,266.33,0.9250,0.0953,0.006768,4.154
89106,520,472,992,211,46,136,352.80,0.8425,0.5225,0.175827,10,0,6,340.52,1.0000,0.0285,0.000777,4.447
89126,520,425,945,239,15,126,0.67,0.9809,0.5580,0.202019,36,19,33,333.38,0.3891,0.1141,0.009507,4.235
89132,520,446,966,171,73,224,311.23,0.8363,0.5368,0.188056,26,10,24,331.74,0.4695,0.0787,0.005027,4.326
89136,520,425,945,188,61,234,315.18,0.9026,0.5558,0.199705,6,28,37,227.75,0.6458,0.1113,0.010028,4.160
89138,520,436,956,167,86,225,308.29,0.8047,0.5501,0.203079,17,20,32,273.11,0.2980,0.0941,0.007238,4.422
89145,520,425,945,163,101,213,307.73,0.7010,0.5610,0.218985,16,28,23,166.68,0.3095,0.1110,0.010025,4.481
89151,520,467,987,232,11,26,27.38,0.9939,0.5218,0.174729,3,4,21,274.11,0.7090,0.0399,0.001603,4.355
89156,520,396,916,200,84,204,326.32,0.7801,0.5804,0.229812,10,25,79,266.52,0.8848,0.1397,0.013242,4.424
89158,520,480,1000,225,8,83,12.82,0.9887,0.5145,0.168086,0,0,0,0.00,0.0000,0.0000,0.000000,4.362
89162,520,223,743,255,130,235,333.63,1.0000,0.7452,0.432260,29,68,126,258.40,0.7338,0.2987,0.059015,4.424
89164,520,416,936,218,48,196,334.22,0.9047,0.5678,0.210071,27,24,48,287.88,0.4395,0.1229,0.010997,4.264
89186,520,443,963,206,49,188,333.37,0.8690,0.5427,0.189512,7,1,68,271.22,0.9948,0.0844,0.004842,4.367
89192,520,425,945,234,39,139,356.30,0.9220,0.5632,0.208105,5,13,71,267.34,0.9495,0.1053,0.007750,4.469
89196,520,415,935,237,59,87,17.53,0.9006,0.5689,0.218237,55,9,10,24.00,0.8202,0.1234,0.010297,4.449
89207,520,396,916,208,96,149,352.64,0.6438,0.5831,0.239474,28,34,18,125.31,0.3926,0.1374,0.014346,4.499
89210,520,292,812,242,86,250,325.82,0.9800,0.6756,0.324374,59,39,111,291.60,0.6902,0.2415,0.035285,4.390
89234,520,443,963,186,93,132,355.16,0.5567,0.5367,0.199351,27,14,7,49.82,0.4386,0.0820,0.005625,4.483
89241,520,124,644,241,201,207,7.91,0.5418,0.8509,0.649802,12,108,8,142.36,0.9939,0.3781,0.108204,4.423
89245,520,423,943,214,19,215,328.06,0.9793,0.5579,0.196703,9,31,15,150.43,0.7514,0.1135,0.010725,4.063
89265,520,452,972,230,30,84,14.32,0.9540,0.5330,0.183946,5,16,15,188.68,0.4287,0.0673,0.004373,4.303
89266,520,320,840,249,60,229,332.97,0.9733,0.6500,0.290315,43,53,5,121.08,0.9028,0.2080,0.030707,4.217
89269,520,380,900,241,5,205,337.09,0.9968,0.5972,0.232200,58,15,68,319.42,0.7464,0.1649,0.016586,4.238
89279,520,438,958,192,74,200,325.15,0.7892,0.5526,0.202756,39,11,2,42.26,0.8233,0.0940,0.006751,4.454
89280,520,382,902,247,17,190,342.51,0.9881,0.6025,0.238960,30,20,96,279.40,0.8760,0.1628,0.016208,4.364
89288,520,406,926,228,78,123,5.84,0.7888,0.5823,0.233755,17,35,14,140.89,0.6832,0.1307,0.013529,4.467
89303,520,427,947,206,47,212,326.48,0.9133,0.5566,0.199101,49,1,4,23.59,0.9743,0.0986,0.006836,4.383
89305,520,370,890,250,3,194,341.97,0.9983,0.6075,0.242875,28,10,114,275.98,0.9716,0.1715,0.016788,4.385
89308,520,13,533,247,255,214,116.37,1.0000,0.9809,0.961492,9,136,0,142.17,1.0000,0.4713,0.176656,4.463
89318,520,442,962,194,27,232,318.48,0.9695,0.5395,0.180808,11,21,7,136.83,0.5803,0.0828,0.006228,4.105
89319,520,470,990,181,75,167,333.00,0.6935,0.5170,0.176472,17,0,10,342.91,1.0000,0.0394,0.001411,4.405
89323,520,378,898,252,20,165,350.85,0.9841,0.6008,0.239159,40,18,83,292.48,0.7955,0.1563,0.015083,4.443
89326,520,457,977,181,20,245,312.01,0.9834,0.5269,0.169177,29,3,10,4.82,0.7320,0.0648,0.003483,4.098
89336,520,398,918,247,26,122,3.80,0.9707,0.5765,0.219215,13,21,86,269.41,0.9169,0.1408,0.012937,4.278
89341,520,373,893,223,8,252,321.71,0.9970,0.5978,0.228920,5,37,70,252.70,0.8304,0.1593,0.017975,4.103
89344,520,359,879,240,85,133,4.97,0.8418,0.6155,0.267187,73,25,7,39.70,0.8283,0.1829,0.021273,4.450
89346,520,474,994,208,19,179,336.46,0.9561,0.5236,0.171324,7,1,6,332.22,0.6486,0.0281,0.000800,4.357
89349,520,454,974,137,98,215,296.07,0.7167,0.5263,0.189601,7,12,32,269.91,0.5874,0.0680,0.004124,4.427
89357,520,342,862,246,68,187,344.43,0.9300,0.6290,0.273180,78,24,18,29.29,0.7511,0.1927,0.023169,4.417
89360,520,475,995,197,25,205,326.09,0.9527,0.5232,0.169750,10,2,4,359.77,0.5179,0.0338,0.001167,4.295
89367,520,417,937,239,38,133,359.31,0.9345,0.5701,0.214335,6,14,80,267.46,0.9575,0.1182,0.009319,4.456
89396,520,441,961,206,6,216,325.79,0.9931,0.5413,0.182118,37,4,30,337.41,0.7528,0.0887,0.005739,4.164
89398,520,448,968,230,37,112,5.07,0.9230,0.5445,0.193189,22,7,42,299.20,0.7398,0.0800,0.004897,4.430
89402,520,355,875,252,13,206,339.27,0.9940,0.6196,0.254428,29,10,121,275.36,0.9764,0.1818,0.018587,4.439
89413,520,179,699,234,173,216,337.60,0.6745,0.7873,0.523388,17,89,87,192.08,0.8563,0.3327,0.079517,4.427
89419,520,432,952,184,102,120,6.68,0.4889,0.5455,0.210505,6,25,34,230.91,0.6029,0.1011,0.008494,4.453
89427,520,298,818,247,81,231,332.04,0.9629,0.6668,0.314313,22,55,89,251.46,0.6516,0.2314,0.036241,4.224
89449,520,389,909,222,45,227,326.91,0.9525,0.5924,0.229546,49,18,64,312.93,0.6887,0.1515,0.014558,4.330
89468,520,341,861,208,96,245,316.84,0.9259,0.6344,0.283696,73,30,40,7.31,0.5300,0.1992,0.024984,4.450
89478,520,450,970,232,4,113,3.55,0.9939,0.5367,0.184379,13,1,56,281.06,0.9824,0.0741,0.003928,4.346
89480,520,377,897,215,64,240,321.52,0.9345,0.6047,0.244070,12,33,81,263.54,0.8269,0.1611,0.017599,4.350
89499,520,238,758,242,151,145,24.04,0.7512,0.7300,0.430571,19,78,44,153.71,0.9147,0.2822,0.057688,4.463
89507,520,349,869,232,50,254,323.02,0.9961,0.6309,0.265951,15,30,112,267.47,0.9319,0.1892,0.021998,4.388
89514,520,445,965,187,45,239,314.40,0.9422,0.5445,0.186748,32,1,34,325.74,0.8782,0.0777,0.004443,4.349
89515,520,396,916,239,22,171,346.35,0.9738,0.5791,0.218678,10,33,58,252.72,0.6724,0.1410,0.014577,4.161
89531,520,433,953,224,57,114,5.41,0.8453,0.5489,0.199911,33,11,46,310.67,0.6805,0.1035,0.007600,4.339
89533,520,420,940,239,50,82,18.02,0.9280,0.5640,0.212443,19,22,43,276.02,0.4424,0.1073,0.008867,4.458
89559,520,393,913,253,34,123,4.85,0.9834,0.5924,0.234604,14,31,60,260.39,0.6303,0.1390,0.013995,4.447
89565,520,342,862,253,38,214,337.59,0.9894,0.6345,0.271272,26,44,68,255.98,0.4678,0.1879,0.024382,4.319
89566,520,397,917,233,0,199,336.84,1.0000,0.5778,0.214499,50,15,46,332.26,0.6404,0.1361,0.012171,4.254
89572,520,396,916,237,6,193,339.41,0.9948,0.5830,0.219879,10,33,52,246.36,0.6310,0.1369,0.014001,4.217
89582,520,336,856,247,48,237,330.53,0.9744,0.6432,0.280054,16,32,115,267.39,0.9279,0.1970,0.023808,4.472
89583,520,466,986,229,19,43,24.81,0.9852,0.5192,0.173012,13,6,22,303.30,0.5293,0.0546,0.002737,4.229
89588,520,411,931,251,29,15,29.63,0.9902,0.5681,0.214262,15,23,59,270.30,0.6868,0.1189,0.010301,4.382
89589,520,414,934,186,75,232,314.24,0.8708,0.5668,0.212985,41,15,46,320.95,0.6138,0.1216,0.010104,4.376
89595,520,345,865,214,112,175,343.86,0.6414,0.6293,0.289814,34,47,44,179.22,0.2002,0.1901,0.025549,4.498
89598,520,326,846,230,117,141,8.00,0.6952,0.6492,0.314710,17,59,23,146.01,0.9227,0.2124,0.033088,4.389
89605,520,460,980,213,3,182,336.78,0.9941,0.5307,0.175909,11,7,24,292.76,0.5247,0.0560,0.002891,4.271
89609,520,346,866,245,13,242,329.01,0.9961,0.6292,0.261140,8,30,118,265.40,0.9524,0.1938,0.022880,4.269
89619,520,412,932,250,10,83,15.79,0.9935,0.5677,0.211693,26,28,30,248.05,0.0566,0.1223,0.011439,4.259
89624,520,366,886,230,28,243,325.25,0.9856,0.6084,0.241269,24,21,107,273.50,0.9305,0.1727,0.017920,4.288
89655,520,346,866,224,61,255,320.55,1.0000,0.6269,0.264068,9,44,87,256.04,0.8276,0.1940,0.025474,4.161
89657,520,319,839,240,79,233,329.72,0.9377,0.6546,0.300029,88,29,29,23.37,0.6922,0.2227,0.030425,4.352
89668,520,465,985,187,32,221,319.02,0.9473,0.5218,0.168196,10,6,17,301.32,0.4169,0.0492,0.002353,4.168
89674,520,397,917,255,26,51,24.65,1.0000,0.5779,0.222416,27,34,16,126.15,0.4545,0.1360,0.014145,4.247
89700,520,429,949,190,38,249,313.29,0.9715,0.5528,0.191741,25,21,22,0.79,0.0834,0.0999,0.008009,4.167
89712,520,425,945,230,61,84,18.30,0.8800,0.5566,0.208034,6,30,9,146.20,0.9101,0.1075,0.009870,4.310
89735,520,463,983,197,51,192,329.54,0.8548,0.5313,0.180454,6,3,32,280.99,0.8583,0.0484,0.002081,4.425
89763,520,441,961,226,56,43,29.18,0.9287,0.5373,0.191743,1,21,44,251.68,0.8980,0.0937,0.007246,4.223
89778,520,461,981,228,41,13,31.21,0.9858,0.5267,0.181119,2,8,26,261.64,0.7498,0.0516,0.002611,4.393
89791,520,469,989,230,1,25,27.09,0.9994,0.5151,0.169180,13,1,15,323.50,0.7770,0.0391,0.001418,4.263
89803,520,6,526,255,252,240,95.22,1.0000,0.9885,0.971723,13,136,17,142.84,0.9945,0.4724,0.177336,4.494
89813,520,454,974,189,79,163,337.72,0.6845,0.5333,0.190566,23,13,2,73.44,0.7091,0.0733,0.004744,4.394
89814,520,383,903,226,10,250,322.86,0.9963,0.6017,0.232902,47,18,69,307.12,0.7167,0.1526,0.014667,4.375
89827,520,455,975,227,25,116,2.32,0.9493,0.5336,0.182899,15,11,6,75.83,0.2679,0.0609,0.003541,4.350
89828,520,471,991,214,60,41,30.61,0.9117,0.5174,0.176904,14,1,20,316.22,0.8173,0.0430,0.001656,4.393
89829,520,423,943,210,29,228,323.73,0.9701,0.5640,0.201837,13,24,50,264.98,0.5910,0.1128,0.009691,4.219
89856,520,448,968,177,62,229,312.82,0.8820,0.5365,0.184505,9,14,34,270.77,0.5487,0.0751,0.004876,4.273
89858,520,464,984,229,20,8,29.57,0.9924,0.5172,0.171789,14,5,6,10.80,0.3511,0.0467,0.002151,4.253
89865,520,455,975,185,59,204,322.11,0.8384,0.5271,0.178031,13,9,27,291.76,0.5044,0.0636,0.003601,4.254
89879,520,353,873,226,105,129,9.69,0.7039,0.6193,0.278592,8,52,6,142.29,0.9787,0.1825,0.025207,4.369
89883,520,458,978,176,31,253,308.62,0.9901,0.5312,0.173028,14,4,33,295.50,0.7681,0.0586,0.002900,4.216
89909,520,453,973,210,75,68,26.59,0.8052,0.5320,0.191534,8,18,14,167.56,0.3490,0.0744,0.005159,4.379
89915,520,364,884,238,24,226,331.15,0.9864,0.6093,0.243241,54,21,74,310.17,0.7028,0.1717,0.018151,4.303
89933,520,419,939,202,45,223,322.54,0.9302,0.5562,0.197627,26,24,13,99.13,0.3212,0.1060,0.009019,4.196
89949,520,306,826,243,87,238,329.13,0.9512,0.6710,0.320467,70,40,75,321.71,0.4736,0.2308,0.033278,4.449
89968,520,462,982,197,38,204,326.22,0.9159,0.5295,0.176178,3,2,37,272.40,0.9613,0.0477,0.001963,4.353
89974,520,361,881,196,106,225,317.35,0.7822,0.6200,0.274812,26,42,71,261.53,0.5048,0.1844,0.023304,4.431
89978,520,462,982,169,62,232,309.47,0.8850,0.5273,0.177072,5,9,9,196.22,0.1934,0.0485,0.002474,4.327
89979,520,435,955,186,84,184,328.25,0.7001,0.5473,0.202417,19,13,45,287.60,0.6500,0.0894,0.006157,4.495
90001,520,400,920,250,25,124,3.59,0.9748,0.5828,0.224780,5,27,76,262.63,0.9105,0.1389,0.013378,4.336
90013,520,400,920,207,74,199,330.28,0.8144,0.5758,0.222883,35,12,78,291.57,0.8475,0.1368,0.011703,4.423
90034,520,437,957,238,35,53,24.25,0.9681,0.5469,0.196395,37,12,4,40.77,0.7084,0.0927,0.006651,4.349
90036,520,391,911,234,57,163,349.04,0.8816,0.5865,0.230658,45,33,16,74.96,0.4624,0.1541,0.016831,4.200
90042,520,410,930,235,75,9,37.55,0.9886,0.5736,0.227171,30,29,31,308.27,0.0436,0.1295,0.012537,4.432
90051,520,368,888,254,1,187,344.70,0.9994,0.6111,0.246839,22,34,78,268.82,0.6799,0.1664,0.018646,4.324
90060,520,476,996,184,57,185,327.60,0.8045,0.5106,0.166208,0,0,11,264.05,1.0000,0.0166,0.000242,4.303
90062,520,433,953,215,14,202,331.71,0.9818,0.5495,0.190276,26,23,8,98.37,0.4855,0.1023,0.008499,4.107
90078,520,428,948,247,4,66,19.92,0.9976,0.5570,0.202579,45,5,2,31.22,0.9208,0.0959,0.006709,4.454
90079,520,360,880,255,14,201,341.22,1.0000,0.6227,0.257946,85,4,5,27.65,0.9749,0.1839,0.020294,4.381
90080,520,317,837,235,85,237,327.28,0.9303,0.6557,0.302759,19,61,29,148.57,0.8863,0.2212,0.035645,4.119
90084,520,322,842,251,73,199,342.06,0.9688,0.6483,0.294010,41,49,55,240.47,0.1398,0.2070,0.029438,4.331
90088,520,480,1000,185,4,220,319.07,0.9945,0.5078,0.155698,0,0,0,0.00,0.0000,0.0000,0.000000,4.114
90091,520,363,883,232,77,176,345.26,0.8337,0.6088,0.256007,1,47,37,173.79,0.9813,0.1697,0.021730,4.266
90129,520,291,811,255,75,239,331.89,1.0000,0.6786,0.325272,86,44,6,56.46,0.8506,0.2438,0.037932,4.268
90141,520,438,958,181,94,170,332.10,0.6035,0.5480,0.207326,7,25,6,142.40,0.8692,0.0918,0.007536,4.472
90161,520,426,946,250,10,33,26.75,0.9960,0.5608,0.206546,36,13,43,317.73,0.6201,0.1088,0.008374,4.395
90162,520,369,889,221,65,225,326.92,0.9148,0.6052,0.245911,20,44,33,162.72,0.5162,0.1665,0.020598,4.191
90172,520,435,955,223,66,86,17.96,0.8422,0.5488,0.202589,23,21,6,102.05,0.5344,0.0933,0.007316,4.407
90177,520,408,928,182,77,243,310.22,0.9152,0.5718,0.217248,31,9,82,286.83,0.9042,0.1331,0.010959,4.384
90182,520,331,851,246,24,244,328.76,0.9920,0.6351,0.267806,59,2,116,296.69,0.9843,0.2023,0.022342,4.393
90185,520,476,996,160,73,210,310.72,0.7884,0.5108,0.168925,0,1,4,253.83,0.9999,0.0166,0.000305,4.352
90197,520,475,995,173,2,254,308.08,0.9987,0.5183,0.160843,1,4,13,258.18,0.6753,0.0333,0.001223,4.116
90203,520,403,923,255,38,18,30.11,1.0000,0.5812,0.226937,13,25,69,267.74,0.7929,0.1313,0.012104,4.459
90204,520,413,933,245,22,126,1.97,0.9748,0.5723,0.214960,9,30,29,191.21,0.5411,0.1150,0.010753,4.361
90243,520,457,977,227,9,114,2.43,0.9841,0.5278,0.177440,9,5,36,282.78,0.7965,0.0586,0.002940,4.296
90267,520,448,968,214,3,187,335.59,0.9947,0.5357,0.179514,4,23,0,138.21,1.0000,0.0824,0.006386,4.070
90271,520,479,999,157,65,228,306.00,0.8644,0.5106,0.165507,0,1,0,142.50,1.0000,0.0135,0.000217,4.292
90284,520,329,849,249,78,206,339.63,0.9576,0.6534,0.300477,4,61,19,147.08,0.9876,0.2144,0.034102,4.167
90320,520,279,799,214,123,254,314.56,0.9879,0.6889,0.356191,58,54,83,289.88,0.3286,0.2526,0.041624,4.433
90335,520,390,910,225,73,181,341.44,0.8297,0.5948,0.241112,22,40,4,132.15,0.9295,0.1486,0.016969,4.347
90336,520,429,949,221,63,114,5.78,0.8161,0.5493,0.201446,22,24,16,119.20,0.2225,0.1026,0.008613,4.290
90340,520,365,885,255,72,36,32.90,1.0000,0.6099,0.260258,46,36,24,71.47,0.3026,0.1651,0.019086,4.491
90342,520,262,782,255,128,169,1.18,1.0000,0.7148,0.395658,0,75,8,143.77,1.0000,0.2616,0.050495,4.435
90357,520,429,949,243,9,41,25.26,0.9954,0.5463,0.194136,23,15,47,291.36,0.6189,0.0988,0.007290,4.261
90366,520,357,877,251,89,30,37.89,0.9758,0.6222,0.277512,7,50,35,164.98,0.8966,0.1812,0.024476,4.398
90383,520,335,855,236,106,149,1.60,0.7688,0.6435,0.303135,35,52,26,135.47,0.5423,0.2008,0.028878,4.477
90384,520,422,942,228,40,152,350.55,0.9090,0.5577,0.202813,8,25,46,254.81,0.6312,0.1096,0.009441,4.253
90396,520,360,880,253,52,162,353.14,0.9808,0.6174,0.259507,2,47,49,199.46,0.9406,0.1752,0.022676,4.259
90397,520,440,960,216,48,164,343.88,0.8630,0.5465,0.193955,15,15,51,277.85,0.7111,0.0948,0.006822,4.293
90399,520,480,1000,213,57,61,24.29,0.8801,0.5148,0.174117,0,0,0,0.00,0.0000,0.0000,0.000000,4.482
90415,520,457,977,228,49,17,32.00,0.9795,0.5331,0.187340,23,8,6,30.30,0.4635,0.0644,0.003690,4.421
90424,520,453,973,176,77,201,319.03,0.7597,0.5329,0.187559,5,19,2,138.36,0.9319,0.0718,0.005024,4.317
90426,520,387,907,231,56,188,340.09,0.9000,0.5925,0.234507,17,16,101,271.18,0.9572,0.1534,0.014292,4.425
90430,520,415,935,248,14,113,6.44,0.9876,0.5719,0.214663,48,14,21,10.15,0.6019,0.1196,0.009967,4.413
90437,520,379,899,233,69,171,346.76,0.8531,0.5996,0.245228,15,45,11,141.38,0.9248,0.1618,0.020024,4.216
90448,520,453,973,209,9,192,332.92,0.9842,0.5308,0.175585,27,1,32,321.43,0.8749,0.0684,0.003590,4.209
90450,520,408,928,221,46,198,334.41,0.9173,0.5728,0.214057,50,9,42,336.69,0.7215,0.1258,0.010407,4.371
90453,520,456,976,111,95,255,281.41,1.0000,0.5281,0.187834,14,11,0,99.94,1.0000,0.0582,0.003327,4.460
90484,520,328,848,249,44,239,330.53,0.9794,0.6456,0.281760,3,22,142,264.78,0.9840,0.2116,0.025459,4.397
90495,520,402,922,235,32,187,340.86,0.9584,0.5838,0.222859,37,21,50,308.02,0.5230,0.1295,0.011600,4.430
90501,520,328,848,204,132,162,353.29,0.4683,0.6468,0.319499,12,60,12,143.01,0.9704,0.2123,0.033363,4.432
90504,520,359,879,248,55,187,344.36,0.9495,0.6217,0.262799,43,25,94,288.82,0.7708,0.1819,0.020170,4.458
90530,520,429,949,197,74,187,331.08,0.7685,0.5527,0.203573,8,27,18,161.33,0.6084,0.1014,0.008791,4.313
90532,520,412,932,206,33,247,318.24,0.9750,0.5738,0.209266,31,21,46,300.96,0.4728,0.1193,0.010249,4.303
90536,520,462,982,211,49,148,348.41,0.8361,0.5303,0.181858,8,2,33,286.09,0.8871,0.0488,0.002048,4.455
90546,520,475,995,166,32,254,305.40,0.9949,0.5181,0.162965,9,0,12,321.28,1.0000,0.0302,0.000846,4.188
90561,520,420,940,207,66,186,334.46,0.8135,0.5593,0.207089,11,9,74,272.06,0.9534,0.1064,0.007609,4.463
90576,520,477,997,168,90,140,342.45,0.5201,0.5072,0.175316,5,0,6,324.01,1.0000,0.0219,0.000454,4.466
90609,520,384,904,231,11,215,332.24,0.9924,0.5862,0.221371,56,23,16,33.30,0.5885,0.1487,0.014911,4.181
90620,520,292,812,210,126,235,318.12,0.8189,0.6777,0.346227,36,58,74,240.99,0.3704,0.2388,0.038955,4.454
90632,520,232,752,199,161,249,303.39,0.8445,0.7389,0.444718,20,82,34,147.30,0.9510,0.2940,0.062986,4.379
90667,520,445,965,194,60,194,327.93,0.8248,0.5361,0.185976,15,10,44,284.17,0.7198,0.0796,0.005005,4.290
90671,520,470,990,178,70,194,322.30,0.7702,0.5220,0.177415,11,6,2,71.87,0.4772,0.0446,0.002058,4.368
90692,520,453,973,198,52,187,331.38,0.8441,0.5307,0.180513,33,3,18,352.31,0.7515,0.0744,0.004322,4.243
90714,520,39,559,239,249,183,115.03,0.8739,0.9521,0.895210,5,131,7,142.64,0.9979,0.4545,0.162795,4.442
90724,520,435,955,189,46,247,313.17,0.9605,0.5549,0.194894,32,10,22,348.12,0.5175,0.0864,0.005821,4.387
90734,520,391,911,250,8,159,352.07,0.9936,0.5915,0.230043,68,8,10,24.88,0.8999,0.1499,0.014247,4.359
90738,520,453,973,231,27,23,28.71,0.9813,0.5252,0.178377,26,9,4,41.46,0.5788,0.0700,0.004238,4.211
90742,520,458,978,215,59,115,3.64,0.8102,0.5341,0.188152,12,10,24,289.06,0.4118,0.0630,0.003612,4.442
90751,520,396,916,245,10,160,350.79,0.9906,0.5824,0.221709,46,7,67,310.02,0.8395,0.1354,0.011381,4.427
90760,520,455,975,154,82,225,303.77,0.8113,0.5272,0.183413,25,5,4,26.89,0.6516,0.0607,0.003240,4.384
90763,520,464,984,188,77,144,345.98,0.6642,0.5196,0.180143,5,10,18,255.76,0.3731,0.0542,0.002930,4.348
90771,520,428,948,245,29,9,30.05,0.9935,0.5552,0.203145,37,5,39,325.50,0.7602,0.0958,0.006484,4.482
90773,520,439,959,195,38,233,318.30,0.9519,0.5477,0.188730,19,12,47,287.39,0.6921,0.0893,0.006066,4.258
90794,520,471,991,224,8,104,5.40,0.9854,0.5181,0.170232,14,0,10,337.18,1.0000,0.0353,0.001153,4.305
90802,520,425,945,156,87,249,299.06,0.9366,0.5564,0.207241,6,3,87,267.94,0.9932,0.1125,0.007919,4.441
90803,520,476,996,212,59,18,34.53,0.9656,0.5105,0.171711,1,0,13,277.69,1.0000,0.0199,0.000355,4.403
90813,520,366,886,192,114,189,328.37,0.5869,0.6082,0.269164,31,44,7,126.77,0.8433,0.1690,0.021080,4.490
90832,520,455,975,189,28,229,317.75,0.9640,0.5294,0.173078,8,0,50,277.80,1.0000,0.0613,0.002819,4.223
90833,520,403,923,244,51,88,16.69,0.9322,0.5760,0.223087,32,29,24,80.59,0.1261,0.1292,0.012518,4.368
90841,520,464,984,199,67,125,356.92,0.7315,0.5172,0.176390,7,10,6,136.99,0.2304,0.0516,0.002754,4.291
90876,520,393,913,250,63,56,27.64,0.9746,0.5930,0.241681,16,34,55,253.42,0.5329,0.1448,0.015300,4.467
90895,520,396,916,238,1,178,343.83,0.9990,0.5758,0.214162,41,27,42,324.31,0.3214,0.1430,0.014225,4.113
90900,520,377,897,227,22,239,325.48,0.9882,0.5983,0.231390,7,24,97,265.89,0.9456,0.1567,0.015614,4.289
90901,520,477,997,88,96,251,274.49,0.9749,0.5083,0.174048,5,0,8,317.19,1.0000,0.0230,0.000498,4.437
90914,520,411,931,243,24,129,0.70,0.9696,0.5700,0.212962,31,21,42,305.11,0.4215,0.1167,0.009948,4.386
90928,520,309,829,245,84,221,334.34,0.9453,0.6612,0.309763,18,46,105,262.74,0.8260,0.2186,0.031023,4.440
90956,520,480,1000,226,5,74,15.74,0.9939,0.5139,0.167746,0,0,0,0.00,0.0000,0.0000,0.000000,4.355
90957,520,439,959,211,57,172,340.13,0.8303,0.5494,0.197558,38,7,19,359.42,0.6592,0.0903,0.006111,4.412
90964,520,350,870,208,95,233,320.01,0.8664,0.6253,0.274790,61,37,41,8.66,0.3083,0.1942,0.024754,4.345
90980,520,452,972,234,3,84,13.48,0.9967,0.5327,0.182008,8,1,54,275.91,0.9873,0.0678,0.003397,4.345
90982,520,455,975,183,76,188,325.87,0.7388,0.5338,0.188682,23,6,5,26.30,0.5479,0.0601,0.003234,4.484
90984,520,480,1000,197,28,181,332.91,0.9179,0.5084,0.160388,0,0,0,0.00,0.0000,0.0000,0.000000,4.208
91008,520,450,970,240,4,33,26.31,0.9979,0.5381,0.187253,22,4,35,308.25,0.7683,0.0692,0.003788,4.411
91012,520,432,952,235,44,66,21.76,0.9441,0.5484,0.198600,26,1,67,290.62,0.9798,0.0999,0.006466,4.403
91029,520,364,884,211,72,239,320.38,0.9222,0.6057,0.247173,66,14,63,330.40,0.7465,0.1742,0.018314,4.350
91036,520,344,864,255,16,221,336.14,1.0000,0.6344,0.268544,66,20,70,324.45,0.7025,0.1865,0.021009,4.486
91045,520,321,841,239,75,235,328.96,0.9384,0.6502,0.293835,69,25,89,313.37,0.7236,0.2129,0.026819,4.476
91061,520,447,967,227,26,139,354.22,0.9449,0.5427,0.189365,30,4,35,321.06,0.7628,0.0804,0.004842,4.365
91068,520,460,980,186,82,147,344.42,0.6361,0.5251,0.185817,20,5,29,311.29,0.6785,0.0645,0.003460,4.411
91076,520,23,543,252,244,239,54.50,0.5694,0.9674,0.916291,11,132,21,143.26,0.9950,0.4592,0.166271,4.468
91085,520,378,898,235,57,179,343.93,0.8974,0.5959,0.238459,48,18,81,301.01,0.7740,0.1647,0.016551,4.334
91090,520,462,982,222,44,111,4.68,0.8832,0.5330,0.184813,19,2,20,325.96,0.7423,0.0516,0.002324,4.488
91092,520,13,533,254,248,234,87.51,0.8018,0.9767,0.941464,61,130,44,139.90,0.9187,0.4697,0.171387,4.478
91094,520,369,889,242,20,215,334.79,0.9883,0.6083,0.242868,36,17,100,283.53,0.8884,0.1690,0.016960,4.374
91113,520,441,961,155,83,242,300.51,0.8918,0.5436,0.195662,3,11,65,266.30,0.9553,0.0939,0.006403,4.355
91114,520,386,906,217,64,220,327.16,0.9025,0.5945,0.235878,62,14,22,14.70,0.7213,0.1468,0.013963,4.469
91117,520,416,936,254,16,16,28.82,0.9966,0.5698,0.214827,17,20,61,274.79,0.7266,0.1154,0.009564,4.446
91141,520,388,908,237,72,110,11.38,0.8571,0.5878,0.237680,10,40,32,172.56,0.7038,0.1482,0.016863,4.303
91142,520,423,943,248,17,2,29.72,0.9986,0.5569,0.203654,6,0,88,267.92,1.0000,0.1099,0.007432,4.417
91166,520,473,993,175,59,209,317.41,0.8414,0.5150,0.168464,4,2,18,286.54,0.7492,0.0337,0.001129,4.273
91179,520,465,985,204,65,101,8.97,0.7628,0.5157,0.175596,11,6,25,293.73,0.5861,0.0545,0.002716,4.279
91185,520,467,987,185,58,194,325.09,0.8198,0.5192,0.172368,9,4,5,3.35,0.2674,0.0386,0.001559,4.313
91195,520,476,996,196,71,110,4.45,0.7050,0.5116,0.173699,0,1,8,261.19,1.0000,0.0192,0.000392,4.439
91206,520,319,839,192,141,153,3.31,0.3284,0.6468,0.325571,10,61,19,145.82,0.9693,0.2162,0.034489,4.445
91216,520,346,866,221,71,255,319.45,1.0000,0.6312,0.271005,40,40,68,282.80,0.3882,0.1889,0.023860,4.346
91218,520,427,947,231,31,145,353.21,0.9385,0.5554,0.200161,30,22,8,80.47,0.4907,0.1046,0.008674,4.264
91221,520,466,986,154,84,213,306.33,0.7569,0.5212,0.180152,15,1,24,311.94,0.8493,0.0467,0.001892,4.435
91230,520,463,983,235,21,29,27.53,0.9872,0.5315,0.182904,8,1,38,283.61,0.9583,0.0510,0.002133,4.468
91231,520,462,982,237,2,0,29.31,1.0000,0.5295,0.180512,10,8,5,82.51,0.1968,0.0494,0.002492,4.391
91238,520,452,972,203,29,200,329.07,0.9418,0.5321,0.177472,17,4,38,296.49,0.8022,0.0657,0.003459,4.255
91259,520,390,910,252,36,132,1.85,0.9748,0.5943,0.236267,15,42,3,137.45,0.9733,0.1506,0.017640,4.232
91265,520,296,816,224,144,93,52.40,0.6671,0.6799,0.365861,12,67,41,157.68,0.9233,0.2421,0.042524,4.495
91269,520,477,997,186,73,132,350.83,0.6678,0.5052,0.168717,3,0,12,296.66,1.0000,0.0224,0.000459,4.335
91274,520,400,920,226,13,225,328.58,0.9916,0.5843,0.218952,44,23,43,328.61,0.4380,0.1390,0.013227,4.254
91285,520,457,977,219,20,156,346.49,0.9540,0.5323,0.179632,5,2,46,273.78,0.9709,0.0585,0.002729,4.355
91293,520,422,942,212,19,221,326.04,0.9811,0.5586,0.196852,32,17,41,311.62,0.5048,0.1091,0.008681,4.207
91297,520,380,900,224,35,248,322.60,0.9797,0.6049,0.238288,49,11,82,302.96,0.8464,0.1585,0.015016,4.434
91306,520,404,924,249,0,143,356.71,1.0000,0.5814,0.221264,47,11,58,317.15,0.7519,0.1340,0.011492,4.411
91329,520,406,926,250,44,68,22.10,0.9737,0.5794,0.225463,48,22,14,37.87,0.5325,0.1325,0.012340,4.419
91332,520,432,952,233,42,95,12.06,0.9248,0.5490,0.198088,38,14,27,348.09,0.4974,0.1048,0.008053,4.273
91336,520,331,851,248,71,202,340.37,0.9515,0.6428,0.287302,13,50,62,223.32,0.6954,0.1953,0.027144,4.372
91337,520,384,904,236,41,187,341.25,0.9420,0.5904,0.230094,58,23,12,38.02,0.6636,0.1515,0.015390,4.283
91346,520,414,934,160,93,243,300.87,0.8793,0.5656,0.217737,36,21,30,343.03,0.3111,0.1170,0.010052,4.458
91358,520,343,863,239,20,255,324.77,1.0000,0.6296,0.260736,3,55,2,142.37,0.9944,0.1909,0.027560,4.006
91423,520,268,788,187,158,201,314.68,0.3790,0.6968,0.392360,0,74,9,143.97,1.0000,0.2581,0.049171,4.461
91428,520,453,973,187,13,242,314.47,0.9899,0.5316,0.172647,13,11,33,284.57,0.5557,0.0713,0.004347,4.097
91462,520,378,898,245,46,161,351.52,0.9333,0.5978,0.239429,1,11,114,264.56,0.9898,0.1579,0.014606,4.480
91464,520,326,846,226,122,148,5.07,0.6495,0.6541,0.322281,6,60,11,144.03,0.9855,0.2105,0.032945,4.488
91473,520,438,958,240,4,106,7.22,0.9955,0.5512,0.196560,25,19,19,18.04,0.1280,0.0940,0.007194,4.311
91496,520,413,933,236,35,154,351.42,0.9390,0.5710,0.213710,0,31,41,223.03,1.0000,0.1194,0.011400,4.295
91501,520,379,899,220,60,228,325.94,0.9267,0.6010,0.240509,73,5,5,27.59,0.9565,0.1572,0.015362,4.445
91529,520,479,999,138,66,248,295.28,0.9534,0.5053,0.160771,0,0,7,264.05,1.0000,0.0135,0.000153,4.203
91541,520,473,993,177,65,199,320.64,0.7990,0.5177,0.172523,8,2,11,317.22,0.5986,0.0345,0.001192,4.347
91545,520,474,994,230,23,35,26.63,0.9830,0.5221,0.175602,6,1,17,299.60,0.8158,0.0325,0.001009,4.423
91548,520,179,699,252,173,167,24.12,0.8937,0.7928,0.533748,7,89,95,203.05,0.9372,0.3345,0.080158,4.485
91551,520,384,904,221,40,236,324.53,0.9662,0.5939,0.229480,35,4,98,285.38,0.9707,0.1515,0.013260,4.418
91553,520,453,973,229,36,43,26.25,0.9640,0.5275,0.180972,11,9,43,279.29,0.7620,0.0737,0.004409,4.245
91557,520,445,965,188,63,207,322.10,0.8360,0.5382,0.187527,14,20,12,137.97,0.2980,0.0835,0.006202,4.226
91573,520,200,720,227,182,91,83.04,0.7285,0.7660,0.505436,42,84,79,185.54,0.4838,0.3235,0.073972,4.480
91586,520,408,928,231,18,186,340.06,0.9784,0.5705,0.209694,38,4,78,296.32,0.9341,0.1314,0.010490,4.293
91589,520,422,942,223,53,158,347.96,0.8596,0.5606,0.207053,3,9,83,266.05,0.9804,0.1133,0.008392,4.402
91590,520,437,957,228,0,161,346.70,1.0000,0.5475,0.190699,17,18,34,280.11,0.3794,0.0904,0.006673,4.247
91601,520,412,932,229,3,195,337.00,0.9968,0.5686,0.206659,11,31,18,153.63,0.6288,0.1154,0.010948,4.211
91616,520,436,956,184,71,217,317.66,0.8330,0.5481,0.197077,18,19,18,145.47,0.0355,0.0862,0.006380,4.382
91621,520,401,921,232,31,196,337.58,0.9619,0.5828,0.221240,23,24,71,276.89,0.7180,0.1378,0.012903,4.312
91627,520,283,803,228,139,147,14.29,0.6143,0.6881,0.370678,9,70,17,144.57,0.9826,0.2470,0.044787,4.438
91628,520,390,910,253,41,114,8.27,0.9833,0.5935,0.236871,20,39,32,168.59,0.4084,0.1504,0.017040,4.279
91632,520,466,986,228,28,32,27.49,0.9774,0.5199,0.174318,19,1,19,328.11,0.8050,0.0488,0.002072,4.308
91633,520,408,928,219,15,228,326.13,0.9893,0.5747,0.210053,58,4,32,354.59,0.8214,0.1302,0.010908,4.270
91636,520,465,985,198,56,163,339.60,0.7969,0.5206,0.174803,5,5,29,276.93,0.7593,0.0497,0.002295,4.299
91648,520,406,926,227,14,219,330.28,0.9899,0.5823,0.217619,33,21,54,298.12,0.5621,0.1273,0.011260,4.369
91650,520,429,949,214,25,200,332.00,0.9604,0.5500,0.191637,40,12,7,32.47,0.6635,0.0985,0.007295,4.217
91655,520,467,987,208,41,143,349.07,0.8557,0.5160,0.169811,3,5,19,270.85,0.6132,0.0413,0.001749,4.248
91658,520,462,982,233,29,51,23.94,0.9733,0.5330,0.184445,24,0,21,333.08,1.0000,0.0550,0.002484,4.467
91666,520,374,894,250,18,176,347.15,0.9864,0.6014,0.238946,13,43,43,195.24,0.6117,0.1636,0.019877,4.135
91672,520,415,935,237,44,124,2.54,0.9162,0.5669,0.212642,39,17,41,324.09,0.5273,0.1189,0.009924,4.383
91737,520,476,996,169,89,143,340.87,0.5360,0.5083,0.175640,1,0,16,275.06,1.0000,0.0220,0.000439,4.474
91743,520,345,865,243,17,244,328.10,0.9946,0.6280,0.259900,55,25,89,301.41,0.7291,0.1922,0.022288,4.287
91746,520,408,928,244,7,130,0.07,0.9926,0.5678,0.210001,24,34,20,136.98,0.3818,0.1343,0.013887,4.070
91751,520,409,929,232,48,138,356.85,0.8918,0.5651,0.211075,51,13,28,358.94,0.6389,0.1260,0.010756,4.297
91758,520,332,852,254,3,243,330.77,0.9993,0.6440,0.276102,72,8,93,315.31,0.8802,0.2034,0.023419,4.442
91767,520,163,683,250,185,159,42.76,0.8156,0.8130,0.575271,13,99,5,141.98,0.9953,0.3474,0.090198,4.460
91797,520,426,946,218,80,106,12.37,0.7517,0.5620,0.216857,4,24,58,259.52,0.8523,0.1143,0.009845,4.459
91804,520,362,882,188,109,211,318.26,0.6909,0.6059,0.263328,78,16,8,30.88,0.8933,0.1801,0.020081,4.471
91833,520,396,916,201,89,181,334.87,0.7057,0.5761,0.229001,43,27,16,55.07,0.4122,0.1363,0.013349,4.404
91842,520,423,943,214,26,221,326.51,0.9722,0.5646,0.202574,6,3,83,268.29,0.9922,0.1069,0.007283,4.409
91843,520,416,936,196,41,252,314.25,0.9850,0.5664,0.203512,16,6,82,274.70,0.9693,0.1157,0.008496,4.334
91859,520,435,955,237,48,2,32.67,0.9980,0.5502,0.201260,17,17,44,280.30,0.5672,0.0949,0.007019,4.407
91863,520,346,866,243,35,241,328.72,0.9840,0.6321,0.266104,54,31,72,308.25,0.5547,0.1878,0.022322,4.371
91873,520,414,934,249,35,67,21.42,0.9720,0.5717,0.217506,48,6,51,325.12,0.7912,0.1244,0.009977,4.460
91878,520,471,991,222,29,100,7.50,0.9362,0.5202,0.173311,5,6,12,274.63,0.2838,0.0424,0.001891,4.304
91879,520,321,841,252,52,238,331.43,0.9883,0.6549,0.293275,49,27,116,286.41,0.8324,0.2149,0.026977,4.459
91881,520,388,908,228,73,163,348.75,0.8174,0.5915,0.239059,41,33,15,86.13,0.4671,0.1486,0.015937,4.384
91911,520,457,977,197,55,177,334.34,0.8162,0.5257,0.177787,5,2,49,272.91,0.9763,0.0618,0.002974,4.300
91931,520,458,978,235,5,80,14.91,0.9949,0.5343,0.183531,30,3,1,32.51,0.9119,0.0639,0.003434,4.370
91934,520,465,985,222,37,72,18.09,0.9350,0.5180,0.173234,11,3,31,292.59,0.8019,0.0521,0.002352,4.264
91949,520,389,909,249,11,149,355.00,0.9905,0.5859,0.225525,5,41,18,151.51,0.9458,0.1452,0.016617,4.136
91964,520,334,854,251,48,219,335.93,0.9800,0.6393,0.277407,19,27,121,269.12,0.9469,0.1967,0.023026,4.483
91969,520,198,718,255,169,103,57.05,1.0000,0.7747,0.506178,14,90,8,142.07,0.9908,0.3168,0.074229,4.477
91987,520,454,974,219,62,18,34.81,0.9693,0.5277,0.185516,6,6,51,272.30,0.9318,0.0723,0.004080,4.355
91999,520,474,994,189,67,170,334.48,0.7491,0.5212,0.177369,15,0,2,11.15,1.0000,0.0333,0.001060,4.453
92001,520,323,843,253,94,143,4.71,0.9632,0.6529,0.308745,32,53,43,163.11,0.3624,0.2065,0.030276,4.469
92008,520,409,929,251,1,79,16.75,0.9994,0.5672,0.210992,51,18,17,23.86,0.5864,0.1306,0.011770,4.225
92016,520,464,984,180,28,239,312.85,0.9693,0.5234,0.167669,23,1,3,16.78,0.8683,0.0484,0.002105,4.178
92022,520,365,885,250,36,178,346.92,0.9647,0.6092,0.248034,67,25,23,25.02,0.6100,0.1741,0.019506,4.288
92043,520,218,738,250,140,232,333.42,0.9659,0.7530,0.449086,73,69,70,0.27,0.0372,0.3020,0.061149,4.490
92049,520,470,990,198,41,181,333.23,0.8725,0.5181,0.169296,5,2,26,283.59,0.8529,0.0403,0.001503,4.258
92052,520,351,871,255,70,134,4.69,1.0000,0.6262,0.273651,10,53,37,163.98,0.8654,0.1929,0.027442,4.179
92053,520,406,926,210,67,211,327.63,0.8665,0.5803,0.224209,58,9,8,26.51,0.8585,0.1293,0.011126,4.486
92062,520,367,887,244,9,214,335.46,0.9954,0.6088,0.242865,61,28,28,21.01,0.4774,0.1704,0.019066,4.240
92067,520,446,966,213,46,172,340.34,0.8709,0.5436,0.190809,13,7,48,281.61,0.8348,0.0763,0.004509,4.418
92073,520,385,905,215,72,200,332.35,0.8402,0.5872,0.232539,65,11,18,18.42,0.8016,0.1482,0.014070,4.410
92102,520,454,974,184,81,157,338.73,0.6517,0.5252,0.185109,23,10,10,19.84,0.3512,0.0694,0.004212,4.337
92110,520,337,857,216,91,239,321.13,0.9100,0.6354,0.283148,43,40,85,283.70,0.5436,0.2042,0.026870,4.334
92144,520,369,889,253,38,169,350.31,0.9836,0.6118,0.251369,64,16,55,336.09,0.6994,0.1678,0.017366,4.474
92183,520,458,978,222,50,66,21.82,0.9098,0.5269,0.182069,29,3,6,15.27,0.7602,0.0636,0.003395,4.346
92188,520,380,900,219,97,145,357.78,0.6860,0.6008,0.256560,39,38,2,108.03,0.9181,0.1582,0.018220,4.494
92240,520,472,992,149,81,228,301.32,0.8262,0.5218,0.178762,2,3,19,272.35,0.7741,0.0349,0.001250,4.464
92243,520,379,899,250,64,74,23.26,0.9682,0.5965,0.244887,27,26,88,276.78,0.7997,0.1620,0.016763,4.417
92247,520,467,987,209,23,163,341.77,0.9350,0.5178,0.168146,3,5,19,270.85,0.6132,0.0413,0.001749,4.215
92252,520,435,955,230,57,30,31.70,0.9572,0.5451,0.198459,15,13,53,278.81,0.7659,0.0928,0.006464,4.400
92259,520,408,928,238,6,162,348.66,0.9929,0.5688,0.209191,49,19,33,352.55,0.5096,0.1343,0.012286,4.161
92326,520,455,975,140,83,249,293.89,0.9432,0.5319,0.186015,12,3,38,288.74,0.8593,0.0587,0.002832,4.467
92340,520,397,917,211,24,245,320.12,0.9846,0.5765,0.210965,12,30,64,261.71,0.7082,0.1385,0.013768,4.092
92343,520,393,913,244,37,148,355.15,0.9468,0.5851,0.226976,9,39,1,138.93,0.9921,0.1373,0.015113,4.254
92345,520,398,918,247,55,29,31.12,0.9723,0.5774,0.225987,12,37,32,178.47,0.5826,0.1395,0.015055,4.242
92361,520,439,959,215,16,207,330.38,0.9807,0.5533,0.193248,5,24,8,147.71,0.8599,0.0879,0.007030,4.265
92365,520,464,984,58,111,246,264.50,0.9647,0.5182,0.189212,4,13,2,137.90,0.8508,0.0549,0.003180,4.498
92367,520,457,977,235,25,37,26.54,0.9824,0.5338,0.184942,13,8,27,293.53,0.5387,0.0617,0.003384,4.401
92368,520,448,968,223,43,114,3.61,0.8876,0.5352,0.186333,26,8,35,312.92,0.6471,0.0815,0.005146,4.286
92376,520,268,788,247,111,216,337.12,0.9386,0.6959,0.361035,2,60,114,252.93,0.9659,0.2590,0.044593,4.345
92399,520,457,977,173,68,215,314.59,0.8270,0.5267,0.179257,25,7,0,53.29,1.0000,0.0636,0.003587,4.278
92404,520,386,906,246,51,113,8.52,0.9308,0.5862,0.231561,15,19,99,269.96,0.9483,0.1541,0.014681,4.353
92409,520,458,978,227,35,65,20.47,0.9515,0.5258,0.179175,5,11,16,240.17,0.3289,0.0555,0.003090,4.317
92422,520,469,989,213,29,150,347.29,0.9137,0.5216,0.172292,0,10,5,165.38,1.0000,0.0448,0.002280,4.252
92431,520,298,818,190,127,254,305.06,0.9774,0.6664,0.332822,28,60,43,158.82,0.5701,0.2262,0.036529,4.424
92432,520,388,908,247,55,89,17.17,0.9462,0.5854,0.232312,60,15,36,354.97,0.6668,0.1491,0.014298,4.391
92436,520,368,888,251,71,79,23.13,0.9711,0.6063,0.255837,38,35,55,290.57,0.3127,0.1659,0.018900,4.439
92441,520,447,967,238,13,55,22.29,0.9912,0.5382,0.187441,13,9,52,278.97,0.8366,0.0835,0.005289,4.295
92442,520,372,892,208,104,180,338.53,0.6598,0.6094,0.266075,42,35,61,295.49,0.3839,0.1741,0.020312,4.495
92450,520,387,907,240,44,157,351.68,0.9262,0.5853,0.227640,63,1,60,330.63,0.9415,0.1535,0.014049,4.335
92467,520,304,824,240,128,19,55.53,0.9728,0.6650,0.340133,7,66,26,148.77,0.9773,0.2339,0.040160,4.327
92474,520,426,946,187,78,219,317.73,0.8216,0.5627,0.211292,12,27,35,233.12,0.4214,0.1107,0.009833,4.367
92497,520,458,978,172,81,200,317.54,0.7368,0.5321,0.188266,17,4,30,304.75,0.7314,0.0596,0.002997,4.496
92526,520,434,954,172,64,248,306.84,0.9534,0.5470,0.192155,5,28,16,158.23,0.8075,0.1022,0.009001,4.104
92540,520,359,879,231,89,169,348.70,0.7932,0.6187,0.270008,5,51,26,154.14,0.9591,0.1813,0.024744,4.281
92541,520,473,993,196,26,209,324.74,0.9534,0.5248,0.170796,0,6,5,184.95,1.0000,0.0345,0.001412,4.295
92545,520,459,979,231,37,51,24.64,0.9603,0.5333,0.185541,18,4,30,306.77,0.7301,0.0608,0.003092,4.436
92581,520,438,958,189,26,249,313.31,0.9797,0.5452,0.183984,10,22,14,154.27,0.4319,0.0867,0.006700,4.127
92592,520,439,959,238,28,72,18.70,0.9709,0.5462,0.194788,27,11,34,314.66,0.5605,0.0872,0.005879,4.381
92639,520,337,857,246,13,249,327.68,0.9967,0.6357,0.267231,77,4,88,321.63,0.9133,0.2050,0.023694,4.305
92656,520,399,919,225,94,25,43.12,0.9428,0.5823,0.240857,1,38,43,208.16,0.9534,0.1427,0.015670,4.429
92661,520,474,994,209,61,87,15.03,0.8101,0.5167,0.175832,7,1,6,332.22,0.6486,0.0281,0.000800,4.445
92674,520,415,935,228,59,142,355.46,0.8479,0.5683,0.215776,18,30,35,225.81,0.2827,0.1232,0.011785,4.302
92682,520,432,952,231,40,129,359.32,0.9125,0.5542,0.200944,15,24,35,253.88,0.3380,0.1044,0.008762,4.271
92683,520,400,920,219,70,186,337.99,0.8296,0.5839,0.229878,16,31,66,264.46,0.6626,0.1449,0.014834,4.317
92684,520,407,927,237,47,139,357.42,0.9076,0.5743,0.219047,6,34,43,222.88,0.7175,0.1325,0.013571,4.232
92692,520,401,921,248,7,148,355.06,0.9937,0.5827,0.222500,31,24,65,287.33,0.6204,0.1399,0.013262,4.307
92695,520,466,986,224,35,58,22.26,0.9529,0.5184,0.173577,7,8,19,278.11,0.3892,0.0520,0.002658,4.246
92702,520,183,703,233,169,236,325.07,0.7967,0.7864,0.517570,68,85,4,122.17,0.9692,0.3304,0.077346,4.457
92707,520,336,856,237,65,231,329.55,0.9436,0.6352,0.275572,69,12,91,313.96,0.8412,0.1997,0.022836,4.470
92731,520,368,888,226,31,255,321.61,1.0000,0.6116,0.243709,74,8,28,9.48,0.8343,0.1671,0.017136,4.375
92737,520,434,954,233,32,103,8.38,0.9449,0.5451,0.193390,20,23,19,137.84,0.1227,0.0989,0.008085,4.190
92740,520,386,906,221,93,131,4.26,0.7072,0.5932,0.248419,19,39,44,215.62,0.4035,0.1549,0.017713,4.407
92749,520,445,965,224,39,126,358.95,0.8996,0.5387,0.188074,18,4,52,288.08,0.8919,0.0796,0.004634,4.358
92750,520,363,883,222,68,223,327.68,0.9075,0.6084,0.249937,64,15,59,332.24,0.7219,0.1691,0.017476,4.445
92762,520,444,964,221,14,163,344.60,0.9727,0.5379,0.183331,32,6,15,0.93,0.6309,0.0770,0.004719,4.264
92811,520,431,951,224,36,161,346.43,0.9168,0.5518,0.196848,16,26,16,144.62,0.3694,0.1030,0.008863,4.194
92824,520,421,941,185,69,237,313.10,0.8993,0.5621,0.206860,30,7,61,296.57,0.8424,0.1069,0.007649,4.456
92847,520,431,951,224,69,59,27.95,0.8816,0.5493,0.204220,14,25,31,232.87,0.3096,0.1044,0.008875,4.318
92863,520,352,872,251,10,212,337.50,0.9957,0.6206,0.254830,11,33,109,265.49,0.9257,0.1901,0.022628,4.197
92904,520,456,976,236,6,50,23.06,0.9960,0.5316,0.181966,29,0,17,346.86,1.0000,0.0612,0.003017,4.375
92914,520,422,942,234,60,64,24.75,0.9146,0.5598,0.210973,12,19,65,270.53,0.8356,0.1138,0.009255,4.404
92915,520,406,926,255,31,61,22.88,1.0000,0.5813,0.225807,27,23,64,283.42,0.6414,0.1330,0.012159,4.437
92927,520,418,938,221,18,195,335.12,0.9757,0.5571,0.197473,13,26,55,264.06,0.6325,0.1216,0.011001,4.057
92933,520,425,945,249,5,28,27.22,0.9980,0.5573,0.203358,19,28,24,165.97,0.2190,0.1137,0.010349,4.198
92941,520,402,922,185,74,247,310.51,0.9426,0.5755,0.219282,57,7,32,354.93,0.7689,0.1317,0.011262,4.396
92943,520,383,903,216,56,239,322.24,0.9433,0.5987,0.236612,25,40,19,137.21,0.5501,0.1533,0.017712,4.233
92969,520,466,986,230,6,7,28.98,0.9969,0.5154,0.169717,19,4,17,332.23,0.5911,0.0546,0.002658,4.173
92973,520,453,973,191,17,225,319.44,0.9800,0.5252,0.169149,22,12,12,19.06,0.2596,0.0726,0.004601,4.014
92978,520,427,947,200,60,214,323.97,0.8756,0.5591,0.203677,25,6,65,288.91,0.8918,0.1037,0.007186,4.436
92985,520,372,892,146,131,226,289.31,0.6770,0.6094,0.278344,2,50,17,148.83,0.9896,0.1749,0.023345,4.477
92986,520,179,699,236,164,252,320.16,0.9676,0.7876,0.514134,74,84,0,117.37,1.0000,0.3329,0.077965,4.409
92990,520,397,917,157,101,243,298.56,0.8619,0.5751,0.229467,40,25,40,326.62,0.3402,0.1361,0.012996,4.436
93020,520,415,935,250,29,33,27.73,0.9848,0.5670,0.213162,9,32,24,167.89,0.6327,0.1193,0.011570,4.274
93033,520,425,945,213,9,219,326.84,0.9915,0.5564,0.194580,9,29,12,147.12,0.7614,0.1066,0.009633,4.101
93044,520,408,928,254,2,57,22.40,0.9991,0.5702,0.214135,22,34,5,128.62,0.8370,0.1297,0.013256,4.176
93047,520,413,933,240,33,141,356.50,0.9481,0.5724,0.215392,51,13,19,14.05,0.6582,0.1230,0.010388,4.395
93055,520,454,974,210,53,139,351.93,0.8161,0.5280,0.181141,7,4,48,275.34,0.9362,0.0662,0.003454,4.324
93058,520,400,920,232,19,193,338.32,0.9796,0.5766,0.214745,46,25,37,345.05,0.3674,0.1432,0.014097,4.130
93069,520,433,953,213,50,178,338.47,0.8650,0.5501,0.196438,2,20,50,258.14,0.8873,0.0965,0.007435,4.291
93113,520,455,975,231,9,109,4.88,0.9864,0.5345,0.182914,22,0,38,307.69,1.0000,0.0639,0.003105,4.386
93121,520,430,950,166,70,251,303.83,0.9682,0.5481,0.194529,21,24,23,173.86,0.0664,0.1039,0.008746,4.163
93132,520,389,909,250,58,8,33.33,0.9941,0.5851,0.233712,47,24,46,328.54,0.4574,0.1471,0.014549,4.395
93140,520,478,998,215,46,78,16.49,0.8899,0.5117,0.169536,3,0,9,302.89,1.0000,0.0206,0.000391,4.357
93145,520,316,836,232,106,211,334.28,0.8446,0.6636,0.321692,29,54,69,236.35,0.4370,0.2195,0.033291,4.463
93162,520,477,997,188,24,210,322.22,0.9553,0.5110,0.159992,1,0,14,276.73,1.0000,0.0206,0.000382,4.168
93169,520,450,970,176,62,230,312.26,0.8838,0.5358,0.183895,3,3,53,268.81,0.9793,0.0666,0.003415,4.379
93174,520,464,984,214,11,162,343.20,0.9742,0.5230,0.171465,3,0,43,271.50,1.0000,0.0492,0.001938,4.264
93177,520,456,976,152,73,248,299.42,0.9449,0.5313,0.182181,15,3,30,301.76,0.7789,0.0553,0.002604,4.414
93192,520,437,957,219,8,200,333.25,0.9902,0.5542,0.194062,28,17,8,60.16,0.4210,0.0901,0.006653,4.308
93194,520,457,977,194,59,184,331.12,0.8093,0.5288,0.180596,14,9,6,57.05,0.2278,0.0557,0.003019,4.349
93195,520,457,977,226,24,116,2.08,0.9506,0.5311,0.180858,26,1,25,329.71,0.8371,0.0624,0.003115,4.346
93199,520,448,968,197,45,214,323.42,0.9120,0.5414,0.186037,5,14,43,265.93,0.7839,0.0790,0.005207,4.275
93228,520,374,894,234,67,180,343.80,0.8711,0.6036,0.248047,36,31,65,288.14,0.4988,0.1607,0.017367,4.424
93251,520,394,914,236,36,190,340.28,0.9537,0.5892,0.228151,58,11,33,355.85,0.7152,0.1388,0.012488,4.451
93265,520,384,904,255,5,144,357.58,1.0000,0.5948,0.233858,31,7,100,281.34,0.9611,0.1529,0.013633,4.461
93268,520,375,895,250,8,173,347.90,0.9942,0.5978,0.235182,2,38,66,246.96,0.9003,0.1578,0.017924,4.199
93304,520,375,895,228,38,225,328.97,0.9659,0.5972,0.233188,23,40,46,222.23,0.3308,0.1615,0.018969,4.106
93305,520,468,988,159,54,248,303.32,0.9595,0.5191,0.167871,1,8,4,161.54,0.7953,0.0405,0.001889,4.199
93324,520,449,969,220,49,134,355.87,0.8554,0.5413,0.191360,27,3,29,324.91,0.7608,0.0702,0.003869,4.481
93331,520,303,823,247,74,246,328.22,0.9711,0.6689,0.313282,42,45,102,277.25,0.6267,0.2289,0.033282,4.362
93359,520,341,861,221,83,239,322.90,0.9231,0.6331,0.277925,40,34,103,280.91,0.7444,0.2043,0.025744,4.329
93360,520,470,990,124,97,221,289.57,0.7565,0.5151,0.180548,3,6,3,144.61,0.3700,0.0370,0.001562,4.471
93361,520,458,978,183,52,222,316.95,0.8965,0.5305,0.177984,10,12,2,116.57,0.6500,0.0574,0.003319,4.276
93393,520,358,878,226,109,123,14.36,0.6977,0.6241,0.285384,15,51,12,142.05,0.9436,0.1824,0.024957,4.474
93396,520,383,903,234,50,200,337.14,0.9316,0.5998,0.239464,35,35,13,108.79,0.5368,0.1466,0.015885,4.394
93397,520,462,982,161,66,239,304.93,0.9052,0.5265,0.177060,4,11,13,214.07,0.3555,0.0535,0.002942,4.289
93414,520,436,956,194,34,240,316.50,0.9647,0.5494,0.189060,2,16,56,263.01,0.9347,0.0929,0.006690,4.217
93418,520,410,930,220,44,205,332.17,0.9289,0.5740,0.214270,27,4,87,282.50,0.9680,0.1291,0.010079,4.399
93419,520,460,980,199,73,132,354.54,0.7068,0.5277,0.185750,20,2,28,314.93,0.8004,0.0578,0.002760,4.468
93437,520,377,897,239,42,194,339.92,0.9491,0.6002,0.239046,22,43,20,142.17,0.6544,0.1610,0.019488,4.160
93438,520,395,915,173,106,219,309.75,0.7207,0.5862,0.243074,1,42,4,144.05,0.9957,0.1446,0.016711,4.393
93457,520,386,906,218,5,253,320.30,0.9980,0.5897,0.221078,42,12,86,294.53,0.8631,0.1541,0.014271,4.218
93467,520,447,967,196,9,235,318.56,0.9925,0.5395,0.179308,4,6,56,269.02,0.9593,0.0762,0.004416,4.214
93468,520,348,868,230,54,252,322.90,0.9879,0.6290,0.264918,39,33,87,283.85,0.6540,0.1862,0.022071,4.370
93479,520,459,979,224,23,137,354.17,0.9487,0.5346,0.182689,12,0,49,283.77,1.0000,0.0635,0.002999,4.390
93484,520,312,832,249,66,235,331.47,0.9751,0.6584,0.300372,54,44,79,295.88,0.4243,0.2211,0.031502,4.299
93492,520,408,928,243,43,93,14.05,0.9424,0.5693,0.215761,27,21,62,285.52,0.6529,0.1271,0.011171,4.345
93499,520,470,990,208,42,148,347.27,0.8542,0.5191,0.172061,13,0,15,324.27,1.0000,0.0364,0.001201,4.337
93553,520,472,992,233,13,2,29.59,0.9982,0.5234,0.176190,7,0,15,309.31,1.0000,0.0295,0.000797,4.453
93568,520,455,975,222,0,152,348.20,1.0000,0.5312,0.177992,14,11,6,82.88,0.2546,0.0599,0.003459,4.265
93590,520,281,801,174,149,247,294.40,0.8160,0.6875,0.372090,6,69,49,165.41,0.9552,0.2498,0.045165,4.435
93591,520,426,946,191,97,144,350.37,0.5665,0.5561,0.216408,12,27,26,190.24,0.3792,0.1065,0.009366,4.488
93596,520,347,867,243,45,222,333.31,0.9668,0.6253,0.262082,14,53,20,146.20,0.9257,0.1901,0.026900,4.058
93614,520,466,986,220,4,127,356.33,0.9905,0.5171,0.168374,5,8,10,232.14,0.1801,0.0465,0.002278,4.177
93618,520,410,930,253,19,45,25.30,0.9920,0.5706,0.215416,13,14,83,271.26,0.9433,0.1256,0.010241,4.406
93625,520,476,996,214,31,104,4.76,0.9127,0.5061,0.162781,3,0,7,308.47,1.0000,0.0194,0.000347,4.226
93633,520,412,932,222,35,199,334.32,0.9455,0.5684,0.208575,39,19,30,346.50,0.3969,0.1171,0.009909,4.316
93635,520,478,998,116,90,240,285.44,0.8835,0.5103,0.173163,2,0,16,283.45,1.0000,0.0236,0.000503,4.419
93637,520,424,944,227,21,182,340.31,0.9692,0.5617,0.202472,10,27,37,236.38,0.4969,0.1106,0.009819,4.221
93638,520,437,957,217,18,198,333.30,0.9748,0.5517,0.192638,4,25,9,149.92,0.8932,0.0906,0.007408,4.227
93640,520,442,962,184,75,199,322.66,0.7716,0.5409,0.193472,0,8,61,263.80,1.0022,0.0825,0.005105,4.418
93647,520,431,951,244,7,0,29.47,1.0000,0.5458,0.193886,14,18,47,274.00,0.6197,0.0969,0.007312,4.255
93654,520,385,905,241,49,144,356.60,0.9130,0.5853,0.229141,43,33,2,91.00,0.9025,0.1492,0.016057,4.226
93659,520,453,973,230,28,46,24.86,0.9745,0.5255,0.178538,30,5,3,30.34,0.7683,0.0684,0.003912,4.239
93681,520,443,963,199,27,226,321.29,0.9671,0.5431,0.184186,16,13,34,287.79,0.5067,0.0786,0.005135,4.248
93690,520,408,928,239,4,153,351.65,0.9951,0.5663,0.207406,48,8,57,319.50,0.7850,0.1314,0.010975,4.221
93693,520,465,985,109,95,246,281.50,0.9240,0.5182,0.180890,14,1,31,300.92,0.9044,0.0506,0.002140,4.428
93716,520,391,911,220,25,240,323.52,0.9842,0.5881,0.222043,11,6,107,268.58,0.9905,0.1470,0.012628,4.344
93729,520,392,912,244,17,184,343.55,0.9859,0.5937,0.230978,52,23,36,353.04,0.4635,0.1481,0.014703,4.343
93740,520,381,901,217,46,247,320.87,0.9672,0.5989,0.234230,62,22,6,41.19,0.7977,0.1562,0.016113,4.299
93748,520,404,924,254,27,45,25.79,0.9958,0.5756,0.220480,24,34,5,125.97,0.8162,0.1313,0.013492,4.260
93766,520,394,914,235,36,199,337.50,0.9581,0.5924,0.230502,31,13,85,284.88,0.8812,0.1413,0.012350,4.499
93816,520,403,923,233,77,59,29.95,0.8930,0.5761,0.229501,34,23,57,296.15,0.5548,0.1348,0.012483,4.473
93817,520,382,902,253,57,98,15.12,0.9832,0.6008,0.246944,35,35,49,284.46,0.2329,0.1594,0.017811,4.379
93821,520,452,972,171,78,205,315.89,0.7625,0.5297,0.185154,6,10,45,270.96,0.8446,0.0736,0.004452,4.319
93831,520,462,982,169,56,244,307.24,0.9392,0.5313,0.177957,15,3,29,302.93,0.7697,0.0546,0.002554,4.338
93834,520,471,991,106,98,239,280.45,0.8753,0.5151,0.180310,1,4,21,264.50,0.8528,0.0378,0.001474,4.474
93855,520,408,928,234,6,179,342.68,0.9931,0.5696,0.208802,42,7,71,303.46,0.8623,0.1331,0.010992,4.243
93861,520,452,972,214,46,130,355.83,0.8496,0.5258,0.178642,20,13,0,88.32,1.0000,0.0691,0.004366,4.206
93868,520,321,841,253,4,254,328.14,0.9992,0.6498,0.281283,29,53,65,231.31,0.4098,0.2143,0.031890,4.045
93872,520,385,905,231,7,225,329.78,0.9960,0.5920,0.225797,61,12,31,1.01,0.7187,0.1452,0.013541,4.340
93885,520,356,876,222,67,249,321.22,0.9718,0.6247,0.263854,4,51,11,145.20,0.9852,0.1782,0.024175,4.231
93893,520,218,738,202,165,243,305.63,0.7632,0.7473,0.459383,13,82,55,161.36,0.9366,0.2971,0.063957,4.470
93896,520,414,934,250,40,9,30.97,0.9939,0.5717,0.218650,18,29,41,251.26,0.3480,0.1235,0.011674,4.356
93922,520,392,912,210,64,224,324.13,0.8995,0.5858,0.227520,2,41,36,182.34,0.9410,0.1496,0.017261,4.126
93936,520,424,944,191,43,255,312.15,1.0000,0.5626,0.200253,26,4,71,287.76,0.9386,0.1087,0.007614,4.344
93949,520,477,997,201,4,183,333.38,0.9901,0.5091,0.159251,1,0,17,274.34,1.0000,0.0228,0.000469,4.146
93958,520,389,909,232,35,213,333.00,0.9655,0.5949,0.231645,24,39,19,138.18,0.5401,0.1494,0.016922,4.209
93967,520,372,892,245,52,179,346.04,0.9303,0.6101,0.251262,46,35,51,315.09,0.2762,0.1731,0.020220,4.290
93995,520,409,929,188,59,251,311.46,0.9752,0.5674,0.207854,27,32,1,118.00,0.9478,0.1274,0.012682,4.114
93999,520,432,952,220,54,148,350.96,0.8424,0.5514,0.199945,11,16,58,271.76,0.8207,0.1003,0.007472,4.349
94000,520,424,944,238,54,29,31.14,0.9663,0.5584,0.209074,27,12,59,292.11,0.7665,0.1084,0.008117,4.458
94003,520,247,767,239,147,154,15.13,0.7040,0.7207,0.415535,21,71,87,223.16,0.7104,0.2774,0.053538,4.496
94012,520,452,972,189,80,162,338.21,0.6780,0.5343,0.191662,7,18,16,181.72,0.3710,0.0743,0.005152,4.382
94029,520,403,923,254,36,31,28.59,0.9962,0.5787,0.224353,50,22,7,47.26,0.6887,0.1346,0.012674,4.377
94031,520,429,949,205,82,119,4.39,0.6844,0.5459,0.203476,9,26,25,190.54,0.4637,0.1015,0.008670,4.320
94065,520,434,954,233,44,110,6.91,0.9113,0.5545,0.202538,12,17,60,271.94,0.8149,0.1049,0.008053,4.350
94069,520,219,739,232,163,162,20.03,0.5779,0.7457,0.459605,32,82,31,143.11,0.9097,0.2982,0.064404,4.454
94090,520,455,975,232,27,30,27.77,0.9805,0.5278,0.180365,9,6,34,282.68,0.7395,0.0591,0.003038,4.343
94111,520,398,918,204,77,204,327.75,0.8108,0.5776,0.225064,10,26,79,266.07,0.8787,0.1419,0.013678,4.320
94134,520,471,991,224,34,40,26.52,0.9646,0.5155,0.171474,6,7,2,116.13,0.4778,0.0423,0.001951,4.263
94151,520,297,817,233,105,237,326.38,0.9142,0.6778,0.335433,16,45,130,264.78,0.9122,0.2409,0.035984,4.483
94164,520,437,957,243,5,43,24.77,0.9974,0.5457,0.193411,29,13,35,316.20,0.5260,0.0939,0.006704,4.293
94166,520,452,972,200,59,174,336.34,0.8038,0.5332,0.184651,8,18,8,144.33,0.4998,0.0727,0.005018,4.265
94169,520,441,961,198,53,200,327.45,0.8648,0.5399,0.187238,19,9,48,288.90,0.7577,0.0851,0.005472,4.277
94179,520,473,993,215,34,121,358.63,0.8969,0.5158,0.169741,5,2,10,304.41,0.5645,0.0307,0.000976,4.311
94182,520,473,993,220,26,111,2.89,0.9371,0.5181,0.171048,9,0,17,311.40,1.0000,0.0330,0.000986,4.335
94185,520,480,1000,210,61,57,26.43,0.8700,0.5127,0.173369,0,0,0,0.00,0.0000,0.0000,0.000000,4.467
94186,520,314,834,226,99,238,324.14,0.9122,0.6599,0.312674,78,37,46,7.22,0.4674,0.2235,0.031403,4.455
94189,520,468,988,201,55,160,341.54,0.8027,0.5234,0.176898,16,1,5,359.80,0.7582,0.0387,0.001428,4.412
94193,520,430,950,218,32,177,339.75,0.9292,0.5467,0.191151,40,7,27,346.67,0.6810,0.0972,0.006823,4.244
94194,520,408,928,249,0,117,4.97,1.0000,0.5723,0.214276,11,32,42,231.22,0.5412,0.1284,0.012713,4.214
94200,520,285,805,222,129,211,331.44,0.7318,0.6863,0.359349,49,65,22,126.81,0.7108,0.2530,0.044914,4.313
94230,520,444,964,238,15,17,28.62,0.9928,0.5353,0.185626,22,12,23,323.53,0.3543,0.0768,0.004954,4.288
94233,520,377,897,233,1,229,329.30,0.9995,0.5972,0.230051,34,35,51,281.35,0.2650,0.1594,0.017811,4.130
94238,520,444,964,199,2,231,320.34,0.9982,0.5399,0.179567,16,6,52,284.37,0.8623,0.0811,0.004883,4.183
94253,520,413,933,255,6,21,28.07,1.0000,0.5700,0.214483,53,5,29,355.02,0.7885,0.1199,0.009543,4.442
94254,520,394,914,251,50,71,22.07,0.9772,0.5861,0.232490,60,15,5,34.79,0.8558,0.1407,0.013134,4.474
94267,520,414,934,234,37,165,347.47,0.9347,0.5733,0.215350,54,1,39,342.71,0.9092,0.1218,0.009526,4.458
94274,520,477,997,209,24,150,346.16,0.9251,0.5115,0.164128,5,0,11,309.75,1.0000,0.0246,0.000564,4.235
94279,520,454,974,238,5,12,28.63,0.9977,0.5327,0.183156,20,14,7,71.74,0.3290,0.0732,0.004782,4.256
94282,520,399,919,236,47,158,350.63,0.9103,0.5802,0.223374,2,40,24,160.75,0.9655,0.1421,0.015964,4.144
94289,520,369,889,238,91,113,14.53,0.8303,0.6142,0.268544,44,41,2,105.08,0.9284,0.1727,0.021258,4.470
94299,520,376,896,213,94,178,340.33,0.7149,0.6006,0.253678,38,36,29,93.90,0.1433,0.1567,0.017625,4.491
94324,520,387,907,202,66,248,315.90,0.9598,0.5924,0.232317,4,43,11,146.26,0.9766,0.1504,0.017777,4.165
94332,520,471,991,227,16,82,13.72,0.9785,0.5205,0.173136,2,9,0,135.69,1.0000,0.0426,0.002083,4.284
94347,520,346,866,254,78,118,11.56,0.9868,0.6281,0.278311,1,36,108,261.82,0.9897,0.1921,0.023507,4.466
94363,520,434,954,232,15,141,354.27,0.9760,0.5496,0.194235,18,25,7,126.59,0.5957,0.0997,0.008392,4.183
94374,520,446,966,235,38,68,20.50,0.9536,0.5447,0.194689,20,7,41,296.70,0.7351,0.0769,0.004608,4.481
94390,520,470,990,208,69,66,25.44,0.8218,0.5200,0.180617,0,5,15,248.87,1.0000,0.0359,0.001430,4.484
94398,520,480,1000,218,44,17,31.48,0.9763,0.5083,0.167499,0,0,0,0.00,0.0000,0.0000,0.000000,4.350
94405,520,288,808,253,85,222,336.07,0.9880,0.6758,0.326566,13,62,82,230.25,0.7815,0.2442,0.041398,4.120
94423,520,399,919,224,94,45,39.66,0.8794,0.5820,0.240447,19,37,27,158.73,0.4386,0.1418,0.015407,4.441
94434,520,437,957,152,95,232,299.67,0.8081,0.5509,0.206863,2,26,3,143.99,0.9781,0.0911,0.007582,4.461
94440,520,467,987,175,50,224,314.01,0.9011,0.5179,0.167780,15,2,6,356.82,0.6285,0.0405,0.001581,4.222
94475,520,447,967,218,17,176,339.88,0.9679,0.5400,0.184433,30,1,36,320.74,0.8914,0.0759,0.004251,4.321
94476,520,479,999,184,64,170,332.75,0.7528,0.5092,0.167608,1,0,1,328.36,1.0000,0.0103,0.000086,4.345
94477,520,354,874,251,84,69,28.82,0.9730,0.6196,0.272830,25,44,50,219.88,0.3440,0.1768,0.022383,4.460
94511,520,459,979,151,71,248,299.27,0.9470,0.5275,0.178634,1,15,3,148.00,0.9637,0.0579,0.003547,4.270
94540,520,379,899,246,30,179,345.63,0.9698,0.5994,0.237793,22,23,95,273.37,0.8930,0.1603,0.016095,4.354
94545,520,432,952,244,9,69,19.07,0.9939,0.5522,0.198616,43,8,4,31.54,0.8242,0.0971,0.006961,4.365
94560,520,446,966,166,85,211,311.60,0.7511,0.5372,0.193078,8,18,35,260.22,0.5303,0.0844,0.006056,4.336
94573,520,396,916,253,37,43,26.89,0.9917,0.5781,0.223840,32,10,85,286.41,0.9029,0.1388,0.011800,4.431
94574,520,284,804,248,91,243,329.09,0.9725,0.6863,0.339123,85,44,43,22.15,0.4474,0.2486,0.039073,4.369
94577,520,431,951,161,97,212,307.72,0.7098,0.5509,0.208804,16,27,5,130.87,0.7697,0.1035,0.009050,4.383
94588,520,474,994,131,86,237,292.06,0.8621,0.5162,0.175952,8,2,6,337.70,0.4943,0.0324,0.001082,4.423
94599,520,466,986,150,90,204,306.03,0.6970,0.5194,0.181564,4,10,1,132.57,0.8668,0.0473,0.002451,4.415
94600,520,474,994,207,21,175,337.43,0.9468,0.5201,0.168990,3,0,18,287.41,1.0000,0.0264,0.000630,4.325
94603,520,450,970,225,58,10,34.33,0.9863,0.5351,0.190584,31,1,28,332.33,0.8521,0.0722,0.003969,4.458
94608,520,408,928,221,53,185,338.41,0.8822,0.5706,0.214235,50,21,15,32.94,0.5535,0.1340,0.012490,4.228
94613,520,347,867,237,39,244,326.61,0.9798,0.6258,0.259898,60,37,11,66.15,0.6837,0.1853,0.023081,4.240
94621,520,342,862,241,18,251,326.10,0.9947,0.6296,0.261011,38,48,20,125.45,0.5660,0.1898,0.025765,4.105
94638,520,462,982,235,21,38,26.10,0.9860,0.5323,0.183416,12,10,0,103.02,1.0000,0.0541,0.002952,4.408
94639,520,423,943,228,44,152,350.75,0.8970,0.5603,0.205650,39,18,11,39.13,0.4997,0.1089,0.008882,4.342
94642,520,450,970,231,49,39,28.79,0.9484,0.5407,0.193350,6,10,45,270.96,0.8446,0.0736,0.004452,4.469
94643,520,426,946,235,57,81,19.04,0.9057,0.5619,0.211856,14,30,19,153.16,0.4914,0.1143,0.010689,4.315
94660,520,426,946,229,53,121,3.07,0.8702,0.5572,0.205875,50,7,1,34.49,0.9569,0.1088,0.008324,4.387
94666,520,354,874,237,16,250,325.41,0.9950,0.6216,0.252798,50,42,5,96.58,0.8434,0.1834,0.023450,4.122
94682,520,452,972,223,58,35,31.23,0.9395,0.5325,0.188382,12,9,39,282.38,0.7014,0.0712,0.004200,4.398
94696,520,425,945,237,5,139,355.76,0.9932,0.5566,0.199802,30,5,70,292.16,0.9116,0.1136,0.008268,4.287
94704,520,322,842,253,61,217,337.06,0.9887,0.6507,0.292330,9,56,46,175.00,0.8628,0.2059,0.030835,4.235
94712,520,409,929,230,82,35,36.92,0.9326,0.5745,0.229817,21,36,1,129.50,0.9756,0.1345,0.014233,4.356
94716,520,425,945,215,73,134,357.54,0.7581,0.5567,0.209356,50,7,19,8.43,0.7553,0.1129,0.008772,4.413
94732,520,330,850,226,93,215,330.98,0.8491,0.6387,0.289059,46,53,22,119.90,0.5663,0.2132,0.031850,4.142
94745,520,388,908,225,14,236,325.73,0.9926,0.5905,0.223800,49,17,69,309.51,0.7286,0.1541,0.014836,4.223
94756,520,449,969,234,15,113,4.20,0.9786,0.5434,0.190294,3,12,42,264.55,0.8573,0.0726,0.004494,4.410
94765,520,362,882,247,59,169,350.01,0.9325,0.6146,0.257698,23,9,126,271.77,0.9861,0.1836,0.018838,4.470
94790,520,411,931,245,46,24,30.51,0.9786,0.5660,0.214359,14,27,50,261.06,0.5467,0.1211,0.011075,4.328
94819,520,466,986,155,90,193,311.50,0.6568,0.5184,0.181317,5,10,11,208.79,0.2344,0.0514,0.002735,4.386
94826,520,407,927,236,57,112,8.12,0.8838,0.5714,0.219320,37,26,20,49.91,0.2551,0.1264,0.011826,4.356
94827,520,466,986,185,5,232,316.23,0.9949,0.5180,0.162503,8,5,21,291.10,0.5674,0.0472,0.002143,4.075
94833,520,420,940,206,14,238,320.50,0.9902,0.5597,0.196107,16,4,81,275.21,0.9783,0.1118,0.007910,4.250
94854,520,456,976,119,94,251,284.61,0.9588,0.5299,0.188920,14,13,2,105.41,0.6721,0.0633,0.003856,4.436
94855,520,270,790,241,117,223,333.16,0.9094,0.6993,0.367534,36,70,35,143.34,0.7127,0.2615,0.048766,4.228
94857,520,373,893,253,42,124,5.05,0.9823,0.5971,0.239974,42,26,73,295.87,0.6354,0.1632,0.017121,4.320
94861,520,421,941,206,3,235,321.26,0.9978,0.5551,0.191869,32,22,10,70.56,0.4344,0.1076,0.009028,4.097
94869,520,463,983,236,0,77,15.76,1.0000,0.5347,0.183719,9,4,30,287.90,0.7583,0.0518,0.002386,4.461
94883,520,427,947,210,24,227,324.02,0.9766,0.5612,0.199029,37,8,45,318.19,0.7295,0.1044,0.007565,4.326
94891,520,275,795,253,94,241,330.90,0.9913,0.6963,0.352417,14,66,78,216.97,0.7842,0.2546,0.045396,4.218
94893,520,442,962,197,89,106,12.45,0.6245,0.5390,0.200574,1,21,23,203.14,0.8872,0.0812,0.006046,4.471
94906,520,385,905,254,20,120,5.32,0.9922,0.5879,0.229309,41,30,43,321.15,0.2649,0.1505,0.015744,4.248
94907,520,404,924,215,84,150,352.03,0.7233,0.5773,0.229919,13,31,52,253.56,0.5676,0.1327,0.013134,4.434
94912,520,273,793,202,140,240,311.64,0.8006,0.6960,0.376048,56,62,55,141.19,0.1107,0.2589,0.045618,4.456
94918,520,348,868,214,103,197,333.50,0.7293,0.6251,0.280296,32,44,62,258.31,0.3312,0.1886,0.024562,4.430
94925,520,348,868,238,111,44,44.83,0.9116,0.6333,0.297307,3,55,2,142.37,0.9944,0.1909,0.027560,4.478
94928,520,199,719,213,184,162,59.26,0.3152,0.7694,0.510366,5,92,24,145.29,0.9944,0.3234,0.077522,4.394
94936,520,431,951,199,21,238,318.57,0.9823,0.5502,0.188530,37,6,44,319.70,0.7628,0.1008,0.007055,4.181
94940,520,467,987,191,72,154,341.86,0.7084,0.5225,0.180458,15,3,4,14.05,0.5407,0.0423,0.001755,4.453
94946,520,341,861,244,4,255,325.96,1.0000,0.6350,0.265427,10,28,126,266.13,0.9622,0.2010,0.024012,4.262
94970,520,467,987,223,24,85,12.66,0.9584,0.5158,0.169999,2,7,14,246.70,0.5262,0.0428,0.001966,4.234
94981,520,348,868,247,53,208,338.01,0.9555,0.6294,0.268775,84,13,18,22.90,0.8779,0.1914,0.022167,4.417
94988,520,374,894,217,60,239,322.41,0.9383,0.6036,0.242173,46,22,68,305.31,0.6560,0.1569,0.015721,4.446
95000,520,436,956,233,30,126,0.16,0.9440,0.5514,0.197615,34,7,33,329.16,0.6747,0.0903,0.006019,4.420
95001,520,418,938,197,106,2,57.66,0.9899,0.5552,0.221845,11,35,0,136.42,1.0000,0.1247,0.012732,4.333
95020,520,331,851,253,98,66,33.44,0.9829,0.6414,0.300148,24,51,58,216.60,0.4592,0.2015,0.028672,4.451
95022,520,384,904,254,36,95,14.03,0.9929,0.5879,0.231625,21,33,65,266.55,0.5709,0.1525,0.016287,4.249
95026,520,416,936,204,63,209,326.49,0.8628,0.5652,0.209975,42,14,39,331.66,0.5903,0.1172,0.009529,4.367
95034,520,389,909,205,93,185,334.80,0.7094,0.5902,0.243123,40,30,45,314.22,0.2840,0.1503,0.015691,4.462
95035,520,465,985,149,62,251,298.85,0.9726,0.5170,0.168001,17,7,6,27.45,0.3417,0.0547,0.002843,4.125
95047,520,342,862,243,36,241,328.71,0.9833,0.6326,0.266701,82,4,41,359.53,0.8874,0.1857,0.020411,4.498
95049,520,461,981,217,37,133,354.72,0.8894,0.5264,0.177708,23,1,8,359.16,0.8091,0.0501,0.002214,4.361
95054,520,417,937,204,32,242,318.84,0.9725,0.5661,0.202828,50,11,9,26.70,0.7613,0.1159,0.009373,4.258
95070,520,420,940,241,2,119,3.05,0.9977,0.5569,0.200794,7,26,38,238.78,0.5949,0.1067,0.009239,4.234
95071,520,349,869,255,84,99,19.61,1.0000,0.6323,0.285050,19,54,14,141.25,0.9309,0.1948,0.028084,4.291
95076,520,391,911,255,52,29,30.57,1.0000,0.5911,0.238085,36,34,22,99.78,0.2710,0.1469,0.015771,4.380
95088,520,466,986,188,28,215,320.88,0.9506,0.5167,0.164296,9,8,14,292.81,0.2244,0.0516,0.002634,4.071
95094,520,423,943,241,32,101,10.22,0.9572,0.5608,0.206767,10,22,51,264.80,0.6743,0.1068,0.008773,4.369
95095,520,453,973,205,77,77,23.49,0.7563,0.5274,0.188248,1,14,31,250.95,0.8386,0.0672,0.004194,4.396
95108,520,377,897,245,69,119,8.53,0.9067,0.6021,0.250039,10,36,71,256.99,0.7566,0.1593,0.017811,4.425
95122,520,393,913,220,60,217,328.84,0.9104,0.5939,0.234592,23,27,68,275.07,0.6514,0.1417,0.013833,4.458
95123,520,385,905,227,76,149,354.33,0.7943,0.5873,0.236722,46,16,71,305.35,0.7526,0.1499,0.014064,4.476
95125,520,388,908,248,2,169,348.60,0.9984,0.5909,0.228678,9,33,70,259.03,0.7820,0.1500,0.015879,4.230
95133,520,360,880,246,11,222,333.93,0.9954,0.6177,0.251091,34,47,3,125.05,0.9375,0.1806,0.023797,4.080
95141,520,437,957,175,63,243,308.93,0.9290,0.5460,0.191409,14,23,3,128.48,0.8125,0.0898,0.007127,4.226
95149,520,336,856,242,45,253,325.70,0.9934,0.6436,0.278485,36,37,97,277.48,0.6972,0.2012,0.025612,4.344
95158,520,455,975,193,21,223,320.43,0.9731,0.5283,0.172030,2,12,17,225.35,0.6279,0.0557,0.003163,4.176
95161,520,441,961,240,6,31,26.67,0.9970,0.5383,0.187578,27,20,0,92.72,1.0000,0.0941,0.007333,4.144
95162,520,468,988,162,57,236,306.59,0.9058,0.5155,0.166644,9,2,21,300.99,0.7584,0.0409,0.001556,4.202
95170,520,394,914,254,33,123,4.95,0.9915,0.5939,0.235923,31,32,44,280.88,0.2169,0.1447,0.015062,4.395
95186,520,456,976,236,2,25,27.25,0.9990,0.5284,0.179497,3,17,0,137.57,1.0000,0.0641,0.004202,4.234
95190,520,420,940,218,27,198,333.57,0.9581,0.5568,0.197688,56,0,15,11.86,1.0000,0.1149,0.008754,4.216
95201,520,420,940,221,54,155,348.62,0.8490,0.5564,0.203795,1,31,1,142.64,0.9936,0.1064,0.009886,4.238
95228,520,452,972,236,7,0,29.49,1.0000,0.5285,0.179881,8,10,40,274.61,0.7416,0.0708,0.004219,4.240
95248,520,476,996,199,50,156,342.24,0.8123,0.5130,0.168255,0,0,12,264.05,1.0000,0.0173,0.000265,4.342
95287,520,269,789,254,122,152,7.61,0.9685,0.6980,0.372599,69,60,28,94.01,0.5292,0.2607,0.045808,4.411
95311,520,407,927,209,51,213,327.00,0.9087,0.5653,0.207289,55,2,40,342.63,0.8624,0.1256,0.010090,4.282
95314,520,455,975,221,58,36,31.08,0.9349,0.5286,0.185283,9,10,27,278.69,0.4985,0.0623,0.003543,4.394
95323,520,406,926,255,15,67,20.61,1.0000,0.5765,0.220107,62,2,27,2.30,0.9037,0.1343,0.011469,4.394
95354,520,300,820,241,91,236,329.11,0.9409,0.6713,0.322415,43,41,116,278.36,0.7455,0.2340,0.033603,4.455
95357,520,377,897,244,55,144,357.65,0.9096,0.5956,0.239823,3,27,97,263.75,0.9660,0.1609,0.016662,4.348
95376,520,60,580,249,240,98,105.67,0.9546,0.9258,0.833426,4,124,48,148.02,0.9967,0.4347,0.146539,4.495
95381,520,38,558,221,254,165,125.13,0.9697,0.9453,0.889718,41,128,9,139.85,0.9933,0.4521,0.159289,4.490
95390,520,421,941,225,64,124,2.53,0.8224,0.5611,0.211322,36,14,38,324.14,0.5567,0.1073,0.008291,4.483
95407,520,417,937,210,75,168,342.15,0.7623,0.5652,0.215629,1,36,4,144.55,0.9939,0.1239,0.012769,4.232
95409,520,456,976,144,83,242,296.50,0.8927,0.5304,0.185267,17,2,40,296.40,0.8909,0.0635,0.003158,4.426
95413,520,441,961,229,14,133,356.33,0.9755,0.5401,0.186684,10,8,61,273.86,0.9267,0.0892,0.005751,4.245
95416,520,421,941,210,78,153,348.59,0.7334,0.5620,0.214524,30,26,2,100.63,0.8565,0.1138,0.010192,4.395
95432,520,411,931,214,35,217,327.45,0.9539,0.5660,0.205100,36,24,11,67.47,0.4579,0.1180,0.010525,4.215
95441,520,415,935,188,78,232,314.71,0.8671,0.5733,0.219674,18,30,24,162.38,0.3044,0.1187,0.011231,4.404
95442,520,344,864,233,71,217,332.26,0.9115,0.6257,0.268423,1,56,4,143.40,0.9976,0.1940,0.028434,4.060
95486,520,455,975,172,60,234,310.14,0.8956,0.5312,0.179437,10,13,10,145.18,0.1412,0.0621,0.003743,4.269
95495,520,410,930,228,85,7,41.24,0.9878,0.5737,0.230091,17,25,69,270.89,0.7442,0.1337,0.012440,4.486
95497,520,471,991,220,38,78,15.98,0.9235,0.5158,0.171546,7,6,8,308.81,0.1143,0.0429,0.001930,4.266
95508,520,412,932,220,38,205,332.17,0.9422,0.5703,0.210119,23,32,2,124.14,0.9146,0.1238,0.012196,4.182
95518,520,335,855,230,97,205,335.50,0.8344,0.6449,0.297824,7,56,5,142.28,0.9853,0.1961,0.028844,4.412
95522,520,464,984,210,72,37,35.00,0.8990,0.5239,0.184722,21,5,3,32.91,0.6097,0.0546,0.002746,4.450
95527,520,392,912,219,4,248,321.63,0.9982,0.5873,0.219263,50,22,41,340.70,0.4858,0.1453,0.014121,4.199
95537,520,389,909,246,40,151,354.70,0.9446,0.5918,0.233481,61,17,23,15.44,0.6657,0.1494,0.014550,4.392
95540,520,387,907,214,75,196,333.35,0.8208,0.5866,0.233158,12,42,4,139.45,0.9706,0.1493,0.017428,4.199
95559,520,438,958,232,26,130,358.38,0.9521,0.5491,0.195092,32,17,2,67.27,0.7820,0.0943,0.007124,4.291
95565,520,430,950,235,43,77,18.37,0.9385,0.5497,0.199289,31,8,55,301.46,0.7929,0.1039,0.007408,4.342
95571,520,409,929,254,4,76,17.92,0.9978,0.5736,0.216833,58,1,36,349.13,0.9198,0.1284,0.010488,4.411
95602,520,419,939,221,0,211,330.86,1.0000,0.5634,0.200776,52,2,27,355.57,0.8633,0.1130,0.008527,4.285
95612,520,438,958,230,16,156,348.94,0.9741,0.5525,0.195967,15,22,9,131.56,0.4579,0.0891,0.006951,4.319
95636,520,422,942,239,53,54,26.30,0.9426,0.5619,0.211665,23,11,67,284.17,0.8480,0.1107,0.008267,4.491
95647,520,397,917,197,76,229,318.49,0.8676,0.5820,0.226977,17,15,92,272.38,0.9457,0.1406,0.012334,4.443
95655,520,444,964,219,12,179,339.19,0.9796,0.5423,0.185801,39,1,14,3.42,0.8939,0.0804,0.004848,4.299
95658,520,372,892,249,49,159,353.15,0.9492,0.6065,0.248429,27,41,41,196.08,0.2373,0.1652,0.019789,4.276
95660,520,471,991,211,21,154,345.23,0.9401,0.5161,0.167206,1,2,29,267.96,0.9605,0.0385,0.001386,4.227
95673,520,219,739,238,144,242,325.56,0.9133,0.7487,0.445362,11,82,76,186.02,0.9061,0.3042,0.066272,4.260
95685,520,478,998,230,1,15,28.19,0.9995,0.5145,0.168823,3,2,3,326.14,0.1845,0.0248,0.000694,4.317
95703,520,441,961,233,51,13,32.52,0.9862,0.5448,0.197234,35,7,32,332.10,0.6727,0.0913,0.006136,4.404
95711,520,390,910,165,100,253,299.85,0.9689,0.5904,0.242058,23,35,49,252.82,0.3434,0.1486,0.016059,4.421
95717,520,387,907,241,19,185,342.63,0.9824,0.5891,0.226723,32,35,33,156.79,0.0607,0.1489,0.016189,4.181
95738,520,433,953,245,10,9,29.03,0.9961,0.5489,0.196528,1,29,15,158.68,0.9733,0.1028,0.009196,4.165
95742,520,440,960,212,35,203,330.64,0.9383,0.5532,0.195130,31,12,34,322.00,0.5478,0.0943,0.006698,4.323
95744,520,411,931,177,76,254,306.32,0.9908,0.5725,0.216725,8,11,84,268.77,0.9683,0.1199,0.009310,4.497
95748,520,470,990,184,70,178,329.84,0.7428,0.5214,0.177864,17,0,5,358.10,1.0000,0.0374,0.001301,4.442
95753,520,324,844,238,69,248,325.57,0.9738,0.6512,0.292131,64,37,60,332.29,0.4043,0.2072,0.027395,4.421
95761,520,372,892,226,47,243,324.06,0.9659,0.6114,0.246750,48,32,44,335.77,0.2816,0.1650,0.018433,4.336
95764,520,471,991,172,4,254,307.76,0.9974,0.5172,0.160141,8,1,30,289.87,0.9213,0.0439,0.001671,4.067
95766,520,339,859,220,108,193,337.32,0.7266,0.6398,0.297929,39,51,31,133.42,0.3884,0.2024,0.028979,4.405
95779,520,417,937,208,15,252,317.93,0.9926,0.5744,0.207815,31,6,74,290.94,0.9089,0.1205,0.009160,4.358
95780,520,371,891,237,54,207,335.94,0.9357,0.6120,0.251506,75,5,45,352.24,0.8425,0.1731,0.017941,4.438
95789,520,395,915,170,95,252,302.48,0.9605,0.5878,0.237592,1,38,38,194.82,0.9588,0.1403,0.015325,4.402
95793,520,453,973,235,21,21,28.53,0.9879,0.5310,0.182559,7,19,7,144.09,0.6228,0.0745,0.005262,4.208
95820,520,411,931,242,44,83,17.24,0.9440,0.5658,0.213065,5,12,85,266.92,0.9717,0.1210,0.009510,4.421
95821,520,401,921,237,13,185,341.68,0.9874,0.5799,0.217981,3,37,35,189.23,0.8799,0.1366,0.014638,4.146
95834,520,455,975,231,6,112,3.77,0.9906,0.5348,0.182920,6,1,52,273.87,0.9887,0.0640,0.003083,4.388
95841,520,457,977,181,45,230,314.67,0.9267,0.5279,0.174148,19,4,29,310.08,0.7193,0.0613,0.003140,4.218
95851,520,418,938,204,80,161,343.59,0.7164,0.5583,0.211497,45,14,42,331.39,0.6201,0.1239,0.010392,4.330
95861,520,477,997,178,34,225,315.31,0.9439,0.5116,0.160464,2,0,15,284.68,1.0000,0.0229,0.000474,4.170
95867,520,475,995,193,24,205,324.97,0.9529,0.5158,0.164001,0,2,22,263.16,1.0004,0.0317,0.001013,4.195
95870,520,425,945,240,24,123,2.18,0.9669,0.5619,0.206118,54,1,8,19.56,0.9708,0.1103,0.008237,4.398
95872,520,422,942,240,32,88,14.34,0.9605,0.5556,0.202661,43,9,38,334.05,0.6860,0.1110,0.008490,4.320
95873,520,430,950,219,34,176,340.34,0.9242,0.5491,0.193411,17,24,30,244.55,0.2191,0.1034,0.008662,4.149
95874,520,388,908,249,10,165,350.09,0.9921,0.5925,0.230768,27,12,99,278.10,0.9445,0.1531,0.013967,4.389
95887,520,341,861,224,62,252,321.19,0.9862,0.6256,0.263228,8,36,111,264.01,0.9378,0.1977,0.024609,4.198
95902,520,474,994,140,80,246,294.76,0.9247,0.5248,0.179667,1,5,5,195.33,0.5527,0.0328,0.001259,4.480
95919,520,419,939,218,1,213,329.61,0.9990,0.5595,0.197335,31,19,42,306.95,0.4681,0.1125,0.009242,4.175
95930,520,440,960,218,6,204,331.93,0.9930,0.5545,0.193976,33,3,49,310.73,0.8621,0.0941,0.006102,4.349
95932,520,478,998,155,62,230,305.11,0.8770,0.5061,0.161275,4,0,2,344.76,1.0000,0.0178,0.000302,4.200
95943,520,368,888,196,109,201,325.19,0.6650,0.6111,0.268913,21,47,26,148.58,0.6574,0.1748,0.022670,4.389
95953,520,352,872,246,60,188,343.78,0.9356,0.6225,0.264585,5,46,81,249.64,0.8559,0.1935,0.025802,4.150
95954,520,408,928,210,47,227,323.71,0.9384,0.5737,0.212826,2,1,102,265.06,0.9988,0.1298,0.009938,4.385
95969,520,426,946,226,75,69,26.42,0.8575,0.5620,0.216333,3,31,7,146.41,0.9670,0.1087,0.010146,4.428
95972,520,433,953,196,64,205,325.19,0.8388,0.5507,0.198119,12,19,45,269.67,0.6007,0.0963,0.007333,4.328
95974,520,473,993,172,62,218,313.86,0.8524,0.5205,0.172788,2,2,22,274.06,0.8857,0.0341,0.001142,4.356
95977,520,416,936,233,67,64,26.14,0.8996,0.5651,0.217111,28,24,34,303.02,0.2169,0.1158,0.010156,4.440
95981,520,466,986,207,68,86,16.93,0.7795,0.5210,0.180737,18,4,7,4.44,0.5168,0.0496,0.002308,4.411
95990,520,472,992,191,8,221,320.49,0.9901,0.5196,0.164720,1,1,26,269.35,0.9746,0.0332,0.001027,4.208
95991,520,438,958,216,19,199,332.78,0.9729,0.5508,0.191904,26,2,55,297.58,0.9324,0.0885,0.005389,4.367
96027,520,479,999,216,27,110,2.56,0.9273,0.5101,0.165111,0,0,7,264.05,1.0000,0.0135,0.000153,4.289
96044,520,475,995,179,74,180,327.26,0.7223,0.5199,0.177777,1,1,20,271.09,0.9535,0.0285,0.000787,4.485
96046,520,415,935,223,66,151,351.52,0.8141,0.5698,0.218212,24,24,53,281.05,0.5178,0.1235,0.011045,4.394
96052,520,418,938,206,74,168,340.91,0.7555,0.5572,0.208484,44,3,60,313.91,0.8900,0.1211,0.009269,4.361
96063,520,417,937,220,44,193,335.59,0.9149,0.5667,0.208696,32,19,48,302.73,0.5389,0.1177,0.009862,4.322
96067,520,417,937,219,24,220,328.04,0.9768,0.5718,0.208828,53,6,11,19.90,0.8422,0.1156,0.009114,4.378
96082,520,401,921,234,79,47,33.43,0.9151,0.5791,0.232926,18,37,22,149.61,0.5415,0.1396,0.015096,4.346
96097,520,405,925,224,74,153,351.77,0.7929,0.5813,0.230472,10,38,2,138.79,0.9823,0.1346,0.014551,4.345
96103,520,374,894,245,23,191,341.86,0.9813,0.6010,0.237900,69,8,31,3.98,0.8044,0.1574,0.015380,4.403
96128,520,336,856,183,124,232,307.88,0.7509,0.6390,0.303094,17,55,20,144.82,0.9162,0.1982,0.029020,4.468
96129,520,471,991,178,32,234,313.27,0.9579,0.5180,0.164396,14,4,4,20.66,0.4381,0.0436,0.001890,4.132
96135,520,306,826,233,125,137,14.00,0.7021,0.6665,0.337994,16,57,84,241.81,0.7193,0.2313,0.036763,4.472
96137,520,127,647,214,204,251,294.76,0.8068,0.8469,0.644469,19,106,21,143.05,0.9844,0.3735,0.105002,4.480
96143,520,414,934,214,23,232,323.87,0.9815,0.5714,0.207371,9,4,92,269.10,0.9909,0.1224,0.009175,4.349
96168,520,384,904,251,59,23,32.32,0.9829,0.5886,0.237026,37,34,28,84.57,0.1328,0.1498,0.016212,4.335
96179,520,467,987,177,63,211,317.34,0.8351,0.5239,0.176063,7,0,24,295.40,1.0000,0.0356,0.001111,4.423
96200,520,354,874,251,83,84,24.16,0.9664,0.6208,0.273393,34,40,63,272.21,0.3573,0.1799,0.022165,4.481
96218,520,461,981,221,18,146,350.26,0.9595,0.5308,0.178827,19,0,20,326.65,1.0000,0.0470,0.001890,4.410
96223,520,355,875,218,92,204,332.10,0.7993,0.6189,0.269213,28,37,86,271.82,0.6662,0.1849,0.022418,4.408
96230,520,417,937,248,24,79,17.33,0.9811,0.5667,0.211778,32,20,55,296.65,0.5912,0.1249,0.010832,4.303
96231,520,405,925,231,51,176,343.72,0.9003,0.5823,0.224938,10,36,27,167.67,0.6653,0.1335,0.014054,4.292
96254,520,394,914,233,18,205,335.30,0.9847,0.5852,0.221667,6,3,105,266.77,0.9960,0.1385,0.011237,4.436
96259,520,308,828,238,81,254,323.91,0.9956,0.6666,0.312201,41,60,7,127.91,0.9208,0.2286,0.037184,4.154
96260,520,446,966,237,27,16,29.44,0.9862,0.5376,0.188291,22,1,53,294.29,0.9648,0.0799,0.004493,4.373
96261,520,389,909,250,22,135,359.91,0.9786,0.5855,0.226506,41,8,86,294.40,0.9029,0.1486,0.013170,4.377
96269,520,392,912,233,46,199,337.13,0.9370,0.5947,0.234038,37,24,66,294.53,0.6166,0.1475,0.014399,4.411
96289,520,399,919,252,44,41,27.91,0.9876,0.5802,0.226606,16,37,23,153.39,0.5735,0.1386,0.014951,4.259
96307,520,373,893,249,39,152,354.91,0.9523,0.5975,0.238612,54,9,74,312.46,0.8307,0.1567,0.014741,4.458
96309,520,291,811,169,150,234,293.53,0.6843,0.6773,0.361882,12,67,43,159.57,0.9163,0.2427,0.042667,4.445
96313,520,461,981,184,42,230,315.68,0.9348,0.5304,0.175606,3,10,11,204.36,0.4152,0.0496,0.002606,4.289
96316,520,460,980,201,82,64,30.87,0.7602,0.5252,0.188242,7,13,8,150.01,0.3003,0.0591,0.003505,4.453
96343,520,373,893,227,52,217,330.71,0.9357,0.5992,0.237990,28,4,110,277.23,0.9866,0.1605,0.014594,4.458
96347,520,469,989,182,69,187,326.03,0.7628,0.5224,0.177904,5,5,16,281.72,0.4682,0.0417,0.001782,4.401
96352,520,225,745,252,158,107,48.58,0.9226,0.7492,0.462133,6,81,86,202.27,0.9356,0.3046,0.065951,4.417
96360,520,479,999,206,61,71,21.28,0.8295,0.5074,0.169164,1,0,0,29.23,1.0000,0.0090,0.000065,4.378
96365,520,358,878,183,106,255,305.14,1.0000,0.6231,0.275960,2,52,26,154.53,0.9851,0.1838,0.025434,4.321
96372,520,441,961,240,3,42,24.76,0.9983,0.5387,0.187609,19,22,15,126.58,0.2108,0.0941,0.007468,4.135
96374,520,400,920,231,6,202,335.60,0.9947,0.5771,0.213861,46,18,57,315.36,0.6446,0.1417,0.013089,4.182
96376,520,354,874,251,23,210,338.07,0.9880,0.6226,0.257784,27,39,75,267.99,0.5558,0.1800,0.021920,4.280
96381,520,448,968,232,22,102,7.96,0.9660,0.5382,0.186920,40,3,1,31.12,0.9514,0.0825,0.005185,4.293
96406,520,439,959,247,2,27,27.20,0.9992,0.5523,0.199003,34,8,22,349.40,0.5958,0.0863,0.005717,4.469
96410,520,447,967,229,35,121,1.48,0.9239,0.5443,0.192434,12,12,45,277.67,0.7203,0.0815,0.005306,4.384
96411,520,437,957,180,93,174,329.85,0.6173,0.5469,0.205891,26,19,15,51.32,0.1984,0.0939,0.007199,4.474
96412,520,330,850,254,89,129,9.45,0.9833,0.6440,0.298040,25,59,9,137.69,0.9552,0.2143,0.033542,4.166
96414,520,346,866,228,90,191,339.56,0.8083,0.6253,0.275702,39,49,2,121.42,0.9548,0.1914,0.026323,4.267
96432,520,450,970,209,57,151,347.27,0.8058,0.5353,0.187181,16,12,30,292.25,0.4634,0.0741,0.004668,4.339
96440,520,465,985,207,20,174,337.73,0.9492,0.5191,0.168238,19,3,22,321.82,0.6989,0.0549,0.002615,4.148
96458,520,419,939,214,85,101,15.72,0.7216,0.5606,0.217350,32,24,6,85.96,0.6160,0.1118,0.009735,4.476
96496,520,301,821,247,104,177,351.21,0.8887,0.6687,0.328520,35,50,99,268.48,0.6060,0.2331,0.035393,4.433
96504,520,331,851,250,98,72,31.94,0.9583,0.6369,0.295305,28,51,58,219.31,0.3789,0.2040,0.029199,4.360
96509,520,434,954,246,19,18,28.76,0.9916,0.5537,0.201058,35,14,25,348.60,0.4555,0.0992,0.007416,4.373
96515,520,478,998,188,84,74,27.65,0.6667,0.5075,0.175281,0,0,11,264.05,1.0000,0.0166,0.000242,4.484
96536,520,329,849,187,130,221,311.96,0.6653,0.6487,0.317512,18,60,3,139.13,0.9893,0.2137,0.033668,4.393
96549,520,459,979,218,57,93,12.91,0.8442,0.5313,0.186245,15,4,35,295.57,0.7836,0.0612,0.003097,4.449
96560,520,379,899,236,12,215,333.40,0.9926,0.5954,0.230048,31,30,78,279.79,0.6535,0.1641,0.017699,4.137
96581,520,472,992,223,35,49,24.57,0.9576,0.5151,0.171146,3,0,28,278.14,1.0000,0.0344,0.001032,4.333
96583,520,345,865,246,41,222,333.99,0.9733,0.6283,0.264556,68,27,61,334.36,0.5823,0.1949,0.023499,4.280
96600,520,416,936,194,91,182,332.02,0.6814,0.5689,0.223303,15,32,18,148.61,0.5471,0.1209,0.011782,4.424
96613,520,413,933,255,16,28,27.69,1.0000,0.5726,0.217183,19,28,40,255.80,0.3191,0.1210,0.011221,4.364
96619,520,479,999,204,20,166,339.46,0.9409,0.5088,0.160929,0,0,2,264.05,1.0000,0.0079,0.000044,4.215
96621,520,436,956,206,51,190,332.76,0.8658,0.5455,0.192091,33,12,10,26.77,0.5060,0.0876,0.006082,4.317
96632,520,232,752,252,124,253,327.12,0.9913,0.7411,0.422050,79,67,30,91.65,0.5682,0.2928,0.057704,4.383
96647,520,467,987,224,5,123,358.59,0.9897,0.5239,0.173886,21,0,0,29.23,1.0000,0.0416,0.001595,4.339
96648,520,379,899,184,92,246,308.94,0.9150,0.5968,0.244993,68,8,44,349.30,0.7876,0.1608,0.015847,4.480
96650,520,377,897,186,88,252,308.67,0.9695,0.5983,0.244477,3,42,54,223.48,0.8828,0.1622,0.019415,4.242
96652,520,223,743,212,157,249,310.89,0.8850,0.7450,0.449513,35,82,20,139.17,0.9452,0.2982,0.064422,4.366
96658,520,331,851,252,81,168,353.11,0.9615,0.6445,0.294107,26,50,66,239.32,0.4561,0.2041,0.028941,4.359
96659,520,381,901,226,60,203,334.37,0.8996,0.5955,0.237146,71,7,41,354.13,0.8077,0.1647,0.016519,4.317
96661,520,463,983,131,91,240,290.80,0.8691,0.5271,0.185986,8,11,3,122.78,0.5061,0.0537,0.002975,4.455
96662,520,473,993,163,50,244,305.67,0.9437,0.5173,0.166000,5,1,8,313.97,0.6764,0.0266,0.000715,4.259
96667,520,368,888,237,2,242,327.23,0.9993,0.6134,0.244614,74,10,37,0.77,0.7910,0.1721,0.018067,4.328
96673,520,300,820,247,74,243,328.96,0.9706,0.6670,0.311455,9,33,141,265.39,0.9640,0.2284,0.030686,4.480
96675,520,391,911,253,34,114,7.78,0.9841,0.5897,0.232453,18,42,12,139.71,0.8665,0.1536,0.018110,4.147
96681,520,416,936,222,39,204,332.95,0.9414,0.5738,0.213426,47,16,20,14.17,0.5550,0.1208,0.010255,4.372
96701,520,386,906,231,15,225,329.76,0.9911,0.5936,0.227693,67,11,20,16.77,0.8017,0.1529,0.014833,4.283
96717,520,421,941,160,95,234,302.41,0.8200,0.5620,0.215989,19,27,24,170.15,0.1890,0.1108,0.009882,4.442
96719,520,452,972,131,98,229,291.11,0.7902,0.5305,0.192177,5,14,37,264.11,0.6957,0.0744,0.004799,4.419
96724,520,442,962,226,39,125,359.72,0.9045,0.5422,0.191032,25,7,41,305.05,0.7272,0.0829,0.005187,4.368
96735,520,402,922,247,5,149,354.52,0.9953,0.5807,0.220560,18,32,41,237.58,0.3529,0.1320,0.013217,4.280
96737,520,452,972,214,34,167,341.95,0.9083,0.5349,0.182325,0,10,50,262.47,1.0001,0.0740,0.004473,4.265
96757,520,370,890,218,71,231,324.42,0.9099,0.6101,0.251833,40,27,82,289.40,0.6876,0.1706,0.018442,4.410
96759,520,352,872,254,30,192,343.61,0.9933,0.6209,0.258086,31,34,101,274.87,0.7831,0.1947,0.023748,4.178
96786,520,373,893,255,23,154,354.85,1.0000,0.6029,0.242095,50,35,2,83.26,0.9115,0.1642,0.018846,4.243
96800,520,387,907,236,72,107,12.42,0.8539,0.5852,0.235321,33,38,13,118.85,0.5883,0.1532,0.017386,4.234
96801,520,325,845,240,87,209,336.70,0.9044,0.6501,0.299477,47,54,2,117.55,0.9581,0.2148,0.032470,4.238
96807,520,394,914,226,14,239,325.29,0.9932,0.5944,0.227171,5,31,71,258.87,0.8680,0.1440,0.014671,4.286
96832,520,428,948,245,11,86,14.41,0.9914,0.5580,0.203272,33,6,51,307.93,0.8024,0.1003,0.006926,4.449
96833,520,353,873,243,31,217,334.54,0.9795,0.6152,0.250473,15,49,32,158.72,0.7500,0.1799,0.024024,4.059
96863,520,356,876,233,6,255,323.45,1.0000,0.6166,0.246763,56,31,49,337.94,0.3963,0.1768,0.020426,4.214
96868,520,442,962,193,25,230,318.70,0.9711,0.5354,0.177473,20,5,46,294.22,0.8228,0.0777,0.004545,4.170
96884,520,470,990,209,66,67,24.25,0.8318,0.5183,0.178593,4,5,8,267.45,0.1995,0.0373,0.001519,4.437
96890,520,442,962,177,69,228,312.62,0.8620,0.5436,0.192057,39,3,2,28.72,0.9186,0.0808,0.005009,4.400
96895,520,411,931,234,39,157,350.16,0.9263,0.5708,0.213807,32,20,49,301.08,0.5292,0.1204,0.010291,4.376
96902,520,422,942,214,11,223,326.10,0.9907,0.5614,0.198652,56,1,6,22.38,0.9779,0.1143,0.008758,4.232
96908,520,252,772,241,123,242,327.03,0.9351,0.7183,0.392796,38,70,64,180.64,0.4186,0.2717,0.051624,4.357
96920,520,476,996,159,50,240,305.19,0.9282,0.5081,0.159440,3,1,3,326.97,0.4506,0.0211,0.000476,4.149
96929,520,473,993,220,19,128,356.36,0.9547,0.5214,0.172425,0,6,0,142.50,1.0000,0.0324,0.001302,4.336
96934,520,396,916,188,91,223,316.13,0.8015,0.5847,0.235023,14,39,5,138.30,0.9483,0.1404,0.015553,4.348
96941,520,393,913,232,20,207,334.54,0.9826,0.5852,0.221638,57,17,23,14.04,0.6303,0.1417,0.013328,4.289
96972,520,419,939,236,56,4,33.83,0.9957,0.5551,0.206731,6,23,58,262.15,0.8172,0.1129,0.009569,4.310
96983,520,379,899,251,15,162,351.46,0.9883,0.5962,0.234630,60,28,8,49.85,0.7238,0.1645,0.018088,4.180
96986,520,456,976,226,24,112,3.52,0.9515,0.5298,0.179947,26,4,9,6.45,0.6499,0.0617,0.003262,4.317
96988,520,377,897,234,11,230,329.28,0.9947,0.6015,0.234475,61,23,32,7.28,0.5449,0.1621,0.017093,4.240
97008,520,422,942,199,78,188,331.40,0.7600,0.5616,0.212233,20,28,7,126.62,0.6528,0.1101,0.009946,4.375
97012,520,370,890,228,22,247,323.92,0.9902,0.6058,0.237855,24,43,37,172.21,0.3632,0.1674,0.020555,4.080
97037,520,333,853,241,59,236,329.31,0.9590,0.6400,0.278875,48,49,16,110.67,0.6431,0.2024,0.028624,4.183
97038,520,477,997,200,46,158,341.64,0.8300,0.5124,0.167039,0,2,2,194.77,1.0000,0.0198,0.000478,4.300
97041,520,476,996,117,98,216,286.98,0.7340,0.5062,0.174749,3,0,15,291.58,1.0000,0.0243,0.000538,4.447
97054,520,390,910,255,51,67,23.42,1.0000,0.5943,0.240367,8,39,38,192.09,0.7065,0.1465,0.016425,4.371
97077,520,431,951,193,72,205,324.01,0.8096,0.5549,0.203814,27,17,32,313.99,0.3703,0.0975,0.007382,4.423
97083,520,468,988,205,22,179,335.68,0.9446,0.5191,0.168096,11,2,19,309.43,0.7291,0.0416,0.001616,4.225
97093,520,349,869,249,15,230,332.67,0.9948,0.6289,0.261976,20,26,117,269.88,0.9420,0.1906,0.021717,4.350
97097,520,460,980,217,49,128,357.55,0.8472,0.5332,0.185093,27,3,8,7.99,0.7189,0.0609,0.003157,4.423
97099,520,429,949,231,2,154,349.60,0.9968,0.5505,0.193683,39,14,5,41.59,0.6796,0.0999,0.007564,4.233
97102,520,359,879,236,88,150,357.59,0.8102,0.6183,0.270171,8,50,15,145.87,0.9628,0.1767,0.023672,4.346
97122,520,438,958,188,61,229,316.39,0.8923,0.5520,0.196872,35,6,35,327.82,0.7139,0.0915,0.006090,4.401
97148,520,399,919,206,59,237,319.87,0.9269,0.5839,0.223658,42,29,28,23.70,0.2129,0.1431,0.014549,4.240
97150,520,465,985,155,62,245,302.00,0.9384,0.5192,0.170068,10,7,13,308.37,0.2500,0.0498,0.002455,4.195
97156,520,382,902,223,45,235,325.21,0.9603,0.5995,0.235651,25,9,108,275.35,0.9728,0.1601,0.014847,4.405
97158,520,425,945,197,16,255,314.40,1.0000,0.5595,0.194623,42,14,17,15.39,0.5460,0.1078,0.008469,4.184
97165,520,304,824,242,89,243,327.54,0.9547,0.6747,0.324955,22,60,60,195.27,0.5944,0.2296,0.037284,4.296
97173,520,374,894,236,32,218,332.66,0.9748,0.6037,0.239305,64,19,25,15.40,0.6527,0.1588,0.016261,4.366
97180,520,463,983,173,68,225,312.06,0.8541,0.5343,0.184556,0,9,24,250.29,1.0000,0.0508,0.002613,4.458
97193,520,477,997,188,70,146,344.29,0.7010,0.5108,0.171486,2,2,5,283.18,0.3513,0.0245,0.000673,4.371
97204,520,440,960,238,47,6,32.25,0.9943,0.5516,0.202266,27,15,29,321.65,0.3850,0.0918,0.006634,4.454
97205,520,352,872,233,3,255,323.46,1.0000,0.6160,0.246112,6,0,142,265.49,1.0000,0.1923,0.019915,4.235
97210,520,425,945,222,58,157,348.39,0.8404,0.5627,0.209925,26,23,37,293.79,0.2917,0.1128,0.009660,4.357
97215,520,468,988,205,74,27,38.10,0.9189,0.5164,0.179580,3,2,22,278.76,0.8465,0.0352,0.001207,4.483
97227,520,452,972,226,30,116,2.41,0.9339,0.5339,0.183610,10,14,31,272.08,0.4756,0.0739,0.004775,4.265
97245,520,356,876,239,83,161,353.11,0.8454,0.6214,0.271133,7,45,70,242.83,0.7924,0.1831,0.023640,4.361
97246,520,449,969,231,19,105,6.61,0.9703,0.5360,0.184776,28,3,32,322.26,0.7779,0.0736,0.004163,4.335
97250,520,433,953,240,4,91,12.06,0.9960,0.5472,0.193707,31,15,35,319.40,0.4820,0.1003,0.007543,4.235
97256,520,425,945,247,10,89,13.71,0.9924,0.5627,0.207160,16,28,0,128.39,1.0000,0.1055,0.009407,4.329
97262,520,399,919,181,80,250,308.13,0.9565,0.5796,0.224640,21,10,93,275.48,0.9574,0.1383,0.011668,4.454
97263,520,465,985,199,42,182,333.21,0.8719,0.5213,0.171772,14,6,0,74.52,1.0000,0.0471,0.002236,4.246
97265,520,425,945,203,21,240,319.19,0.9839,0.5584,0.195257,44,17,9,37.35,0.6145,0.1148,0.009562,4.118
97268,520,475,995,222,32,110,4.02,0.9224,0.5249,0.176911,1,3,17,266.16,0.8235,0.0325,0.001120,4.439
97273,520,0,520,255,255,255,0.00,0.0000,1.0000,1.000000,5,137,70,152.29,0.9951,0.4813,0.183650,4.494
97288,520,312,832,207,114,253,313.18,0.9761,0.6648,0.323930,37,58,26,135.75,0.6341,0.2215,0.034939,4.402
97292,520,443,963,241,21,24,28.24,0.9890,0.5441,0.193065,15,13,40,282.95,0.6060,0.0819,0.005426,4.385
97310,520,458,978,161,57,253,302.79,0.9866,0.5292,0.175957,8,4,45,277.85,0.9131,0.0640,0.003279,4.241
97320,520,404,924,222,4,236,325.04,0.9978,0.5834,0.216748,44,20,30,354.49,0.4291,0.1268,0.011296,4.352
97325,520,425,945,239,16,129,359.70,0.9793,0.5593,0.203095,24,9,69,285.08,0.8763,0.1111,0.008192,4.349
97335,520,435,955,242,1,83,14.67,0.9991,0.5490,0.195269,18,10,57,282.76,0.8227,0.0942,0.006411,4.348
97358,520,311,831,242,96,205,338.84,0.9015,0.6624,0.316534,57,51,43,75.05,0.1427,0.2250,0.034120,4.357
97375,520,471,991,216,34,115,1.13,0.9010,0.5156,0.169833,6,3,24,286.46,0.7509,0.0424,0.001698,4.252
97380,520,387,907,219,77,176,341.80,0.7921,0.5867,0.235046,13,36,54,244.62,0.5870,0.1482,0.016136,4.310
97416,520,433,953,229,59,77,20.27,0.8907,0.5512,0.203246,33,11,35,324.19,0.5891,0.0962,0.006841,4.455
97444,520,337,857,236,62,246,325.64,0.9677,0.6407,0.279343,55,45,30,77.42,0.3086,0.2024,0.027828,4.232
97458,520,319,839,243,114,36,46.60,0.9427,0.6461,0.312196,62,46,49,5.98,0.1873,0.2203,0.032000,4.417
97460,520,467,987,227,3,106,5.07,0.9948,0.5239,0.174395,8,2,16,305.97,0.6892,0.0369,0.001325,4.372
97489,520,249,769,222,149,201,337.84,0.6123,0.7188,0.412430,18,79,17,142.77,0.9725,0.2807,0.057608,4.297
97490,520,463,983,197,18,216,323.30,0.9753,0.5287,0.172624,14,7,2,68.40,0.5430,0.0500,0.002497,4.241
97496,520,354,874,237,90,134,5.04,0.8110,0.6171,0.270409,39,43,31,122.78,0.2276,0.1784,0.022580,4.415
97505,520,456,976,238,1,9,28.69,0.9995,0.5318,0.182219,9,13,9,145.03,0.1977,0.0610,0.003656,4.328
97525,520,377,897,222,63,210,331.31,0.8961,0.5956,0.237400,55,29,19,41.61,0.4856,0.1601,0.017381,4.265
97526,520,329,849,255,95,103,20.85,1.0000,0.6471,0.304271,16,47,96,259.39,0.7870,0.2123,0.029876,4.435
97530,520,422,942,194,73,214,321.69,0.8314,0.5636,0.210908,34,21,21,18.99,0.2522,0.1108,0.009306,4.399
97541,520,455,975,156,82,230,303.44,0.8328,0.5337,0.188161,10,10,30,280.56,0.5494,0.0650,0.003753,4.431
97542,520,457,977,237,11,8,29.11,0.9950,0.5318,0.182647,22,1,29,317.65,0.8669,0.0591,0.002810,4.405
97568,520,469,989,204,6,186,333.31,0.9869,0.5170,0.165148,16,3,6,2.52,0.5521,0.0443,0.001884,4.147
97573,520,445,965,220,9,169,342.44,0.9830,0.5379,0.182781,8,4,64,272.45,0.9725,0.0849,0.005086,4.226
97583,520,459,979,181,13,247,311.69,0.9906,0.5266,0.168281,14,9,6,57.05,0.2278,0.0557,0.003019,4.117
97600,520,231,751,252,155,35,64.40,0.9680,0.7354,0.442622,17,82,32,147.08,0.9636,0.2927,0.062578,4.376
97607,520,247,767,255,115,230,334.87,1.0000,0.7205,0.392374,0,74,89,217.21,1.0000,0.2827,0.056185,4.166
97609,520,426,946,186,84,204,321.41,0.7552,0.5594,0.211406,15,27,20,158.19,0.3482,0.1064,0.009359,4.404
97620,520,444,964,208,51,167,340.84,0.8378,0.5360,0.185696,29,4,32,323.52,0.7447,0.0769,0.004524,4.323
97627,520,473,993,144,82,234,298.09,0.8513,0.5221,0.179046,12,0,9,335.46,1.0000,0.0323,0.000979,4.493
97628,520,407,927,214,31,222,326.22,0.9650,0.5675,0.205521,28,27,49,284.77,0.3932,0.1318,0.012525,4.087
97647,520,388,908,188,82,244,311.58,0.9180,0.5872,0.232586,26,35,45,251.40,0.2473,0.1488,0.016111,4.274
97653,520,466,986,162,81,203,312.64,0.7372,0.5200,0.178787,21,0,23,325.18,1.0000,0.0516,0.002213,4.382
97657,520,392,912,243,33,164,349.63,0.9569,0.5879,0.228259,67,10,12,24.19,0.8653,0.1502,0.014371,4.323
97658,520,455,975,196,13,221,321.83,0.9848,0.5293,0.172457,17,3,34,301.23,0.8070,0.0605,0.002998,4.197
97662,520,451,971,156,81,238,301.89,0.8732,0.5387,0.191262,19,9,23,315.88,0.4388,0.0676,0.003957,4.471
97668,520,476,996,199,73,58,29.72,0.8011,0.5073,0.172147,2,1,5,297.38,0.5651,0.0207,0.000456,4.403
97670,520,402,922,229,29,200,335.74,0.9650,0.5788,0.217094,1,9,98,264.68,0.9884,0.1328,0.010836,4.390
97676,520,446,966,228,51,76,19.18,0.9084,0.5416,0.193863,5,12,53,268.17,0.8971,0.0841,0.005522,4.392
97677,520,452,972,197,6,217,323.14,0.9923,0.5264,0.170120,0,7,54,263.68,1.0016,0.0728,0.004183,4.063
97682,520,398,918,211,96,129,4.19,0.6458,0.5806,0.238016,9,35,52,240.85,0.6618,0.1422,0.015080,4.426
97685,520,417,937,221,61,171,343.30,0.8412,0.5704,0.216523,56,3,23,3.96,0.8590,0.1212,0.009679,4.466
97706,520,402,922,172,101,219,310.00,0.7363,0.5764,0.231931,36,25,47,306.35,0.4049,0.1348,0.012756,4.493
97719,520,352,872,228,106,116,17.04,0.7268,0.6205,0.280654,39,47,30,128.68,0.3276,0.1900,0.025581,4.375
97729,520,437,957,228,32,155,349.22,0.9332,0.5545,0.198963,10,21,18,175.28,0.3283,0.0852,0.006445,4.411
97753,520,442,962,236,28,57,22.58,0.9745,0.5396,0.189620,22,14,11,41.49,0.2328,0.0766,0.005088,4.350
97754,520,38,558,250,250,37,109.68,0.9968,0.9466,0.888295,60,126,3,136.00,0.9964,0.4536,0.158885,4.492
97771,520,353,873,248,58,168,350.50,0.9398,0.6152,0.258130,61,2,97,306.15,0.9712,0.1841,0.018987,4.467
97784,520,441,961,179,85,182,326.27,0.6772,0.5371,0.194592,41,9,2,37.80,0.8594,0.0944,0.006713,4.313
97785,520,468,988,178,42,231,313.63,0.9337,0.5219,0.168915,0,7,13,231.02,1.0000,0.0403,0.001810,4.225
97801,520,442,962,203,58,176,336.51,0.8155,0.5385,0.188591,20,15,6,82.98,0.3987,0.0752,0.005035,4.335
97842,520,400,920,238,57,131,1.38,0.8839,0.5813,0.227451,44,20,48,321.74,0.5403,0.1361,0.012492,4.440
97884,520,286,806,236,104,246,324.80,0.9556,0.6861,0.343894,31,62,64,200.99,0.4388,0.2425,0.041066,4.325
97899,520,360,880,255,75,69,26.80,1.0000,0.6167,0.267255,16,50,0,137.57,1.0000,0.1779,0.023913,4.292
97916,520,344,864,245,77,181,346.67,0.9111,0.6335,0.280594,16,52,8,140.35,0.9620,0.1858,0.025836,4.359
97924,520,445,965,226,47,110,6.07,0.8848,0.5429,0.193303,6,20,25,222.63,0.4851,0.0827,0.006092,4.338
97935,520,455,975,194,81,119,1.74,0.6476,0.5255,0.186878,19,6,20,324.65,0.5193,0.0602,0.003192,4.453
97939,520,407,927,230,58,126,1.90,0.8569,0.5653,0.213583,30,29,37,290.91,0.1558,0.1322,0.012883,4.192
97945,520,461,981,235,0,82,14.13,1.0000,0.5337,0.182745,15,5,15,327.02,0.4665,0.0511,0.002446,4.438
97958,520,414,934,246,30,107,8.81,0.9653,0.5717,0.215864,11,23,62,266.99,0.7733,0.1191,0.010317,4.408
97966,520,362,882,240,16,229,330.89,0.9928,0.6125,0.245558,67,22,46,350.02,0.6103,0.1771,0.019645,4.244
97969,520,440,960,206,25,215,325.93,0.9659,0.5460,0.187252,6,23,16,165.20,0.6033,0.0876,0.006889,4.170
97971,520,376,896,216,57,233,323.67,0.9342,0.5953,0.234103,70,8,29,6.67,0.8136,0.1588,0.015647,4.328
97972,520,428,948,241,29,93,12.64,0.9651,0.5574,0.203731,18,26,16,139.44,0.3296,0.1046,0.009048,4.297
97975,520,381,901,245,60,127,4.39,0.9129,0.5959,0.241798,33,41,13,122.92,0.6393,0.1623,0.019383,4.206
97983,520,427,947,252,2,40,25.51,0.9992,0.5641,0.208958,23,21,30,294.93,0.2089,0.1012,0.008122,4.455
97991,520,410,930,198,83,187,331.45,0.7365,0.5661,0.217817,30,5,82,286.75,0.9447,0.1273,0.009937,4.468
97998,520,360,880,249,44,204,339.43,0.9656,0.6250,0.263039,46,41,6,101.07,0.8057,0.1757,0.021799,4.360
97999,520,407,927,233,55,127,1.74,0.8748,0.5686,0.215912,37,3,76,296.63,0.9463,0.1266,0.009803,4.447
98004,520,457,977,172,81,199,317.84,0.7337,0.5314,0.187799,7,8,35,275.86,0.7266,0.0622,0.003402,4.453
98010,520,407,927,249,30,46,25.67,0.9818,0.5665,0.212692,58,8,9,24.68,0.8609,0.1282,0.010931,4.311
98015,520,421,941,177,85,224,312.36,0.8100,0.5615,0.212268,24,14,63,285.63,0.7778,0.1122,0.008671,4.470
98032,520,469,989,207,3,176,337.03,0.9926,0.5157,0.164672,5,4,9,294.97,0.3055,0.0360,0.001388,4.177
98038,520,424,944,232,56,100,11.88,0.8826,0.5594,0.209072,22,5,77,281.22,0.9527,0.1131,0.008149,4.455
98046,520,434,954,239,31,47,25.23,0.9756,0.5461,0.195392,19,22,19,145.28,0.1033,0.0953,0.007593,4.261
98055,520,201,721,210,168,254,306.13,0.9665,0.7674,0.488632,19,88,5,141.05,0.9933,0.3110,0.071286,4.441
98065,520,419,939,197,63,218,321.90,0.8725,0.5600,0.204888,41,17,26,357.34,0.4542,0.1146,0.009470,4.286
98085,520,375,895,217,52,242,321.89,0.9529,0.5994,0.236204,64,18,22,18.54,0.6816,0.1565,0.015807,4.349
98103,520,359,879,240,30,228,331.12,0.9827,0.6163,0.250580,3,27,111,264.29,0.9597,0.1779,0.019508,4.324
98113,520,347,867,241,90,162,354.03,0.8465,0.6339,0.286246,6,50,64,224.58,0.8379,0.1942,0.026900,4.373
98116,520,402,922,196,82,223,319.45,0.8347,0.5839,0.230994,13,31,50,251.35,0.5487,0.1314,0.012958,4.463
98118,520,431,951,234,53,49,27.36,0.9394,0.5512,0.202635,39,16,6,44.34,0.6336,0.1039,0.008151,4.344
98126,520,409,929,202,63,228,320.80,0.8994,0.5749,0.217146,33,29,12,96.47,0.4690,0.1273,0.012286,4.289
98161,520,458,978,217,16,165,343.03,0.9654,0.5318,0.178413,2,1,48,268.20,0.9925,0.0560,0.002480,4.352
98175,520,334,854,236,51,252,324.42,0.9891,0.6367,0.272312,73,16,78,324.44,0.7713,0.1998,0.023373,4.393
98179,520,451,971,205,35,204,328.48,0.9322,0.5415,0.185427,12,6,46,281.74,0.8455,0.0718,0.004057,4.355
98180,520,318,838,177,132,251,299.43,0.9037,0.6591,0.328149,16,60,47,169.88,0.7758,0.2218,0.035470,4.424
98196,520,397,917,253,33,53,24.67,0.9910,0.5771,0.222312,39,32,0,97.23,1.0000,0.1409,0.014644,4.212
98224,520,450,970,216,56,136,354.82,0.8208,0.5407,0.192072,25,11,1,63.53,0.8120,0.0716,0.004482,4.443
98229,520,474,994,225,15,81,13.76,0.9792,0.5158,0.169461,12,1,1,24.72,0.7985,0.0318,0.001021,4.301
98233,520,451,971,232,45,39,28.21,0.9552,0.5396,0.191821,27,9,3,44.53,0.6492,0.0712,0.004350,4.449
98235,520,425,945,246,27,3,30.25,0.9978,0.5563,0.203868,31,12,57,298.46,0.7446,0.1114,0.008497,4.340
98243,520,261,781,253,98,253,327.74,0.9928,0.7079,0.367126,48,68,53,152.05,0.3112,0.2687,0.050196,4.163
98244,520,431,951,224,58,101,10.72,0.8515,0.5461,0.198157,35,13,38,322.69,0.5757,0.1042,0.007852,4.290
98248,520,453,973,236,14,44,24.63,0.9912,0.5328,0.183320,11,17,5,129.20,0.5339,0.0715,0.004830,4.255
98256,520,413,933,246,5,131,0.07,0.9950,0.5718,0.213435,16,34,1,132.94,0.9803,0.1245,0.012564,4.211
98260,520,385,905,250,16,139,358.45,0.9858,0.5851,0.225622,26,30,68,275.66,0.5902,0.1512,0.015655,4.198
98267,520,446,966,234,34,84,15.12,0.9510,0.5434,0.192797,3,12,52,265.77,0.9151,0.0818,0.005302,4.390
98269,520,357,877,254,14,197,342.07,0.9939,0.6187,0.254195,29,48,23,138.49,0.5932,0.1827,0.024369,4.090
98270,520,438,958,236,12,131,358.35,0.9834,0.5530,0.197376,11,10,55,275.38,0.8670,0.0866,0.005640,4.446
98271,520,477,997,126,76,249,289.87,0.9545,0.5062,0.164439,0,1,5,257.10,0.9999,0.0173,0.000327,4.261
98277,520,466,986,213,62,26,34.08,0.9458,0.5164,0.176684,19,2,4,12.60,0.7092,0.0451,0.001907,4.367
98278,520,393,913,244,41,143,357.02,0.9378,0.5854,0.228054,57,7,51,333.56,0.7836,0.1420,0.012610,4.441
98287,520,392,912,234,17,218,332.19,0.9890,0.5949,0.229579,24,38,42,217.45,0.2662,0.1544,0.017475,4.143
98301,520,407,927,252,4,59,21.91,0.9980,0.5666,0.211018,52,0,61,321.05,1.0000,0.1323,0.010671,4.302
98304,520,458,978,215,50,139,352.89,0.8392,0.5347,0.185947,12,0,48,284.35,1.0000,0.0625,0.002916,4.459
98316,520,425,945,167,72,255,303.21,1.0000,0.5552,0.200708,38,16,37,328.83,0.5119,0.1133,0.009163,4.238
98334,520,353,873,200,98,241,315.07,0.8897,0.6235,0.273668,56,33,56,326.82,0.4060,0.1847,0.022141,4.487
98337,520,396,916,221,25,220,328.54,0.9764,0.5757,0.212370,58,4,54,331.62,0.8336,0.1427,0.012528,4.196
98347,520,386,906,241,63,118,7.45,0.8876,0.5883,0.235669,11,42,5,140.37,0.9656,0.1490,0.017380,4.240
98366,520,290,810,229,122,193,341.46,0.7380,0.6757,0.344294,48,57,71,259.14,0.2085,0.2440,0.040095,4.376
98376,520,466,986,192,88,49,40.23,0.7693,0.5170,0.184094,5,8,16,264.32,0.3486,0.0489,0.002433,4.465
98389,520,455,975,173,82,192,320.43,0.7099,0.5298,0.187256,10,8,26,286.21,0.5309,0.0584,0.003128,4.466
98395,520,355,875,240,70,194,340.86,0.9007,0.6240,0.268034,5,37,93,260.70,0.9294,0.1800,0.021456,4.451
98403,520,394,914,251,29,138,359.38,0.9696,0.5912,0.232265,37,31,1,98.37,0.9433,0.1358,0.013755,4.427
98423,520,364,884,225,65,223,328.52,0.9176,0.6104,0.251181,71,3,59,337.20,0.8746,0.1707,0.017207,4.481
98424,520,362,882,208,72,245,318.08,0.9451,0.6053,0.246388,7,43,74,249.19,0.7992,0.1801,0.022672,4.078
98429,520,381,901,223,72,200,334.61,0.8592,0.6004,0.244951,72,11,20,18.12,0.8296,0.1636,0.016678,4.424
98435,520,312,832,170,138,239,297.08,0.7579,0.6560,0.329551,18,61,5,139.69,0.9832,0.2173,0.034769,4.477
98461,520,210,730,222,162,232,321.61,0.7266,0.7580,0.471975,22,86,38,147.99,0.9448,0.3089,0.069658,4.362
98465,520,472,992,222,2,136,353.59,0.9955,0.5244,0.173532,5,1,16,297.00,0.8102,0.0308,0.000914,4.390
98471,520,395,915,252,30,122,4.80,0.9765,0.5882,0.230327,49,12,60,317.42,0.7482,0.1401,0.012422,4.491
98474,520,394,914,211,86,179,338.81,0.7417,0.5866,0.237610,18,29,70,268.77,0.6979,0.1446,0.014495,4.459
98487,520,416,936,232,49,145,354.40,0.8901,0.5686,0.213996,34,4,75,293.96,0.9330,0.1228,0.009349,4.448
98489,520,8,528,248,252,252,197.09,0.3754,0.9861,0.966054,13,136,31,144.07,0.9937,0.4733,0.177920,4.458
98502,520,358,878,211,101,200,331.30,0.7360,0.6192,0.273281,52,41,3,92.08,0.8994,0.1831,0.023226,4.415
98504,520,398,918,224,90,54,35.86,0.8584,0.5769,0.234285,38,28,33,347.00,0.1822,0.1372,0.013524,4.475
98512,520,397,917,246,63,1,34.75,0.9991,0.5816,0.231535,48,26,7,59.01,0.6759,0.1399,0.013826,4.411
98525,520,421,941,229,2,182,340.64,0.9974,0.5609,0.200815,8,14,71,269.25,0.9319,0.1086,0.008206,4.309
98541,520,404,924,211,98,116,12.14,0.6415,0.5798,0.238472,13,37,12,142.89,0.8611,0.1343,0.014352,4.483
98545,520,437,957,213,42,195,333.16,0.9117,0.5541,0.197443,35,14,12,26.58,0.4776,0.0949,0.006980,4.343
98559,520,375,895,225,84,155,352.38,0.7640,0.5962,0.247172,62,18,51,338.76,0.6557,0.1646,0.016959,4.438
98561,520,435,955,231,59,36,31.06,0.9461,0.5495,0.202472,21,18,20,337.93,0.0828,0.0875,0.006426,4.474
98581,520,376,896,240,55,182,344.08,0.9161,0.6047,0.246380,29,32,69,277.11,0.5549,0.1593,0.017239,4.408
98583,520,232,752,253,142,173,2.92,0.9245,0.7370,0.432484,59,71,70,190.36,0.1216,0.2934,0.058784,4.435
98586,520,442,962,242,5,9,28.85,0.9979,0.5413,0.190090,32,2,30,330.84,0.8058,0.0769,0.004443,4.410
98594,520,289,809,228,124,199,338.59,0.7428,0.6804,0.350348,47,61,34,130.89,0.4565,0.2411,0.040573,4.420
98600,520,403,923,232,18,203,335.59,0.9838,0.5822,0.219029,49,20,13,34.71,0.5801,0.1299,0.011824,4.352
98602,520,278,798,251,112,193,346.75,0.9445,0.6930,0.359507,41,64,37,140.81,0.5170,0.2461,0.042717,4.417
98631,520,478,998,220,37,53,23.64,0.9482,0.5106,0.167985,3,1,5,310.43,0.5673,0.0222,0.000520,4.315
98635,520,470,990,191,63,175,333.25,0.7761,0.5227,0.177281,3,6,14,261.24,0.4363,0.0413,0.001813,4.387
98650,520,334,854,241,110,14,47.74,0.9819,0.6351,0.298873,41,47,62,267.72,0.2285,0.2049,0.028522,4.443
98658,520,357,877,252,44,191,343.74,0.9791,0.6236,0.262617,73,22,32,11.67,0.6556,0.1831,0.020948,4.406
98660,520,425,945,221,10,202,333.21,0.9888,0.5595,0.198559,18,9,73,277.90,0.9231,0.1101,0.008050,4.282
98678,520,343,863,254,14,225,334.95,0.9956,0.6346,0.268244,56,43,8,87.72,0.7786,0.1945,0.025861,4.195
98682,520,437,957,206,88,84,24.53,0.7046,0.5471,0.207434,7,26,2,138.12,0.9609,0.0940,0.007883,4.447
98688,520,416,936,254,22,16,29.11,0.9966,0.5717,0.216859,39,22,12,50.79,0.4569,0.1178,0.010317,4.424
98694,520,477,997,121,90,234,288.02,0.8437,0.5100,0.173176,6,0,6,328.36,1.0000,0.0233,0.000519,4.418
98700,520,394,914,239,21,185,342.21,0.9788,0.5859,0.223928,41,23,46,318.71,0.4510,0.1364,0.012815,4.361
98708,520,420,940,227,23,174,342.73,0.9619,0.5580,0.200023,47,7,26,355.34,0.7231,0.1096,0.008310,4.288
98711,520,443,963,236,23,44,25.13,0.9834,0.5358,0.186307,18,4,51,288.66,0.8865,0.0786,0.004544,4.332
98713,520,305,825,228,118,202,336.88,0.7690,0.6718,0.337171,19,59,76,229.59,0.6641,0.2335,0.037880,4.406
98717,520,399,919,226,62,167,346.03,0.8479,0.5784,0.224065,62,9,7,27.71,0.8863,0.1375,0.012350,4.396
98730,520,316,836,239,73,254,324.34,0.9959,0.6603,0.302740,43,28,128,279.85,0.8873,0.2239,0.029025,4.464
98750,520,375,895,229,16,242,325.31,0.9930,0.6022,0.234418,13,27,97,267.53,0.9181,0.1650,0.017324,4.225
98753,520,461,981,218,62,12,35.46,0.9798,0.5255,0.183798,3,7,20,263.89,0.5744,0.0467,0.002218,4.477
98771,520,369,889,228,15,250,323.31,0.9944,0.6061,0.237400,60,15,74,316.88,0.7684,0.1730,0.017968,4.228
98772,520,341,861,188,112,236,310.63,0.8134,0.6263,0.283366,70,35,13,50.31,0.6893,0.1975,0.025334,4.425
98781,520,474,994,170,35,251,307.11,0.9803,0.5228,0.167139,8,2,9,323.37,0.5588,0.0337,0.001148,4.245
98810,520,359,879,237,32,233,329.21,0.9814,0.6151,0.249234,52,39,33,46.03,0.2144,0.1835,0.022910,4.104
98811,520,430,950,175,81,217,313.81,0.7931,0.5480,0.200095,10,24,26,207.34,0.3816,0.0967,0.007924,4.318
98820,520,353,873,242,18,227,331.82,0.9918,0.6152,0.248588,32,46,36,153.44,0.2847,0.1825,0.023884,4.041
98827,520,460,980,164,75,219,309.75,0.8111,0.5259,0.180398,6,14,11,170.45,0.3285,0.0617,0.003769,4.285
98833,520,338,858,255,9,238,332.11,1.0000,0.6435,0.276317,82,23,22,24.98,0.7557,0.2001,0.024649,4.371
98842,520,453,973,161,75,227,306.74,0.8390,0.5280,0.181559,4,12,43,266.33,0.8411,0.0742,0.004631,4.239
98854,520,289,809,246,129,45,51.28,0.9294,0.6776,0.354857,13,64,71,208.51,0.7883,0.2443,0.042071,4.397
98861,520,342,862,237,47,243,326.77,0.9724,0.6296,0.265111,15,50,53,203.06,0.6396,0.1914,0.026397,4.125
98868,520,325,845,245,39,254,326.23,0.9969,0.6461,0.280220,18,57,40,161.87,0.7441,0.2103,0.032079,4.023
98884,520,328,848,252,96,124,12.73,0.9511,0.6482,0.305197,21,59,11,139.88,0.9553,0.2124,0.033114,4.274
98893,520,437,957,231,36,128,359.41,0.9240,0.5514,0.198121,9,4,68,272.53,0.9756,0.0905,0.005622,4.461
98903,520,416,936,219,70,150,351.33,0.7883,0.5666,0.216447,34,6,72,295.01,0.8952,0.1220,0.009382,4.487
98904,520,468,988,225,17,85,12.51,0.9746,0.5174,0.170672,4,1,29,279.80,0.9479,0.0391,0.001362,4.296
98927,520,386,906,231,59,178,343.37,0.8813,0.5899,0.233338,9,42,31,167.40,0.7788,0.1539,0.018129,4.159
98964,520,429,949,145,104,219,297.61,0.7155,0.5493,0.210350,25,17,46,293.60,0.5617,0.1041,0.008048,4.485
98973,520,380,900,218,92,157,350.81,0.7089,0.5964,0.249962,59,28,5,53.68,0.7858,0.1624,0.017714,4.430
98977,520,449,969,202,37,201,328.47,0.9197,0.5355,0.180985,11,15,6,126.93,0.3924,0.0666,0.004259,4.257
98988,520,260,780,245,128,195,346.27,0.8582,0.7097,0.387934,45,70,54,155.71,0.3740,0.2729,0.052044,4.292
98991,520,295,815,245,111,182,349.59,0.8639,0.6776,0.341615,81,46,4,64.19,0.8909,0.2396,0.037123,4.495
98999,520,420,940,225,39,174,342.55,0.9187,0.5620,0.205171,39,14,30,343.01,0.5205,0.1077,0.008392,4.370
99032,520,465,985,110,98,244,281.45,0.9042,0.5229,0.185815,13,6,19,308.70,0.4702,0.0530,0.002628,4.481
99038,520,358,878,244,43,211,336.39,0.9638,0.6193,0.256670,39,18,108,283.38,0.8980,0.1827,0.019466,4.415
99043,520,470,990,154,64,248,300.92,0.9529,0.5229,0.173145,2,5,26,267.72,0.8292,0.0447,0.001960,4.295
99049,520,408,928,251,11,83,15.92,0.9931,0.5700,0.213768,33,25,46,300.83,0.3877,0.1306,0.012159,4.243
99063,520,468,988,108,95,244,281.33,0.9107,0.5156,0.179037,4,5,17,275.88,0.5193,0.0412,0.001748,4.426
99114,520,372,892,228,49,227,328.40,0.9519,0.6052,0.242390,19,47,17,142.40,0.8534,0.1716,0.022119,4.054
99129,520,418,938,162,88,246,301.65,0.9111,0.5628,0.213150,46,17,0,51.76,1.0000,0.1166,0.009818,4.399
99139,520,378,898,250,54,118,7.69,0.9556,0.5977,0.242738,62,25,9,42.52,0.7293,0.1622,0.017393,4.344
99143,520,407,927,191,96,175,333.97,0.6323,0.5686,0.225386,60,8,15,18.61,0.8271,0.1336,0.011690,4.464
99144,520,414,934,230,78,0,39.40,1.0000,0.5677,0.222746,29,29,17,108.02,0.3044,0.1238,0.011804,4.413
99150,520,398,918,191,78,241,313.52,0.9090,0.5842,0.228771,55,11,53,329.82,0.7374,0.1441,0.013087,4.419
99155,520,439,959,240,15,92,12.09,0.9849,0.5499,0.196429,12,22,13,147.08,0.3950,0.0878,0.006810,4.338
99164,520,460,980,170,75,213,313.52,0.7964,0.5298,0.183831,30,0,1,25.18,1.0000,0.0576,0.002783,4.430
99171,520,319,839,218,110,210,330.14,0.7597,0.6486,0.307122,26,58,57,192.77,0.4932,0.2240,0.035410,4.181
99180,520,430,950,217,28,196,333.87,0.9535,0.5542,0.195700,11,28,12,145.26,0.6688,0.1046,0.009282,4.145
99185,520,438,958,225,34,159,347.27,0.9236,0.5516,0.196574,41,5,23,353.44,0.7349,0.0941,0.006419,4.370
99186,520,447,967,209,45,175,338.27,0.8696,0.5373,0.185293,24,16,16,18.46,0.1848,0.0849,0.006022,4.200
99189,520,424,944,194,87,174,335.19,0.6810,0.5586,0.213432,26,18,49,292.50,0.5746,0.1095,0.008740,4.485
99192,520,433,953,204,9,231,321.62,0.9925,0.5498,0.188040,14,15,55,275.86,0.7665,0.0976,0.007108,4.168
99195,520,391,911,198,88,221,320.37,0.8154,0.5935,0.242070,43,33,10,85.72,0.6168,0.1504,0.016233,4.410
99209,520,410,930,220,86,102,16.17,0.7433,0.5728,0.228329,7,36,7,143.22,0.9490,0.1273,0.013222,4.402
99213,520,437,957,246,9,26,27.54,0.9962,0.5516,0.198664,15,13,45,281.20,0.6737,0.0858,0.005789,4.457
99217,520,371,891,238,44,220,332.64,0.9625,0.6147,0.251485,60,29,36,6.36,0.4305,0.1733,0.019669,4.327
99223,520,307,827,229,108,218,330.99,0.8446,0.6657,0.324471,45,45,101,279.76,0.6065,0.2307,0.033742,4.472
99228,520,300,820,234,91,249,323.80,0.9713,0.6685,0.318163,45,36,123,280.14,0.8107,0.2333,0.032496,4.463
99258,520,157,677,230,184,243,318.70,0.7995,0.8165,0.575759,3,101,8,142.97,0.9979,0.3528,0.093438,4.363
99271,520,473,993,160,50,255,302.52,1.0000,0.5233,0.169753,4,2,16,288.65,0.7102,0.0325,0.001066,4.303
99280,520,469,989,203,76,50,33.38,0.8318,0.5178,0.180978,6,4,24,284.32,0.6957,0.0448,0.001915,4.449
99283,520,457,977,184,48,218,318.42,0.9003,0.5255,0.173674,19,8,20,323.96,0.4291,0.0642,0.003626,4.171
99291,520,477,997,219,42,3,32.34,0.9959,0.5083,0.167253,1,2,0,126.59,1.0000,0.0203,0.000499,4.302
99305,520,341,861,244,89,128,8.48,0.8680,0.6261,0.279394,18,52,52,195.27,0.5958,0.1987,0.028324,4.206
99307,520,464,984,166,46,243,307.05,0.9425,0.5174,0.165328,7,4,32,282.07,0.8050,0.0515,0.002363,4.112
99308,520,365,885,253,64,111,11.72,0.9796,0.6101,0.257007,15,49,0,137.79,1.0000,0.1740,0.022981,4.207
99318,520,409,929,223,75,121,5.26,0.7799,0.5690,0.221031,41,17,48,318.14,0.5906,0.1263,0.010858,4.454
99335,520,333,853,245,36,246,328.03,0.9855,0.6393,0.273308,29,52,39,158.34,0.4356,0.1999,0.028636,4.111
99341,520,455,975,213,33,156,345.35,0.9024,0.5267,0.176364,9,12,7,131.96,0.2330,0.0581,0.003364,4.242
99342,520,435,955,199,63,190,330.72,0.8152,0.5450,0.194165,16,20,20,196.63,0.0950,0.0877,0.006610,4.313
99343,520,397,917,189,82,226,316.30,0.8367,0.5757,0.223455,1,17,98,264.36,0.9751,0.1434,0.012891,4.348
99346,520,477,997,194,67,123,356.62,0.7167,0.5075,0.169155,6,0,2,353.79,1.0000,0.0210,0.000431,4.346
99347,520,473,993,196,58,166,337.96,0.7898,0.5207,0.175168,2,3,6,264.98,0.3127,0.0283,0.000912,4.423
99354,520,319,839,235,75,243,325.91,0.9540,0.6488,0.291677,62,42,73,312.94,0.4107,0.2227,0.031612,4.187
99369,520,438,958,246,20,16,28.99,0.9911,0.5540,0.201341,43,6,0,37.11,1.0000,0.0931,0.006439,4.453
99370,520,386,906,232,28,217,331.97,0.9768,0.5943,0.229986,31,36,21,123.38,0.3428,0.1470,0.016072,4.238
99372,520,396,916,211,86,166,344.11,0.7199,0.5804,0.232596,31,34,13,115.85,0.5227,0.1394,0.014644,4.372
99381,520,400,920,235,64,135,0.09,0.8551,0.5835,0.230811,49,19,48,328.63,0.5768,0.1421,0.013322,4.435
99391,520,446,966,191,83,160,340.01,0.6651,0.5409,0.198024,20,14,34,295.99,0.4719,0.0845,0.005783,4.446
99421,520,372,892,200,78,252,313.81,0.9777,0.6053,0.247577,19,26,104,270.24,0.9186,0.1743,0.018766,4.327
99438,520,402,922,239,21,164,348.47,0.9739,0.5754,0.215704,12,8,95,270.03,0.9807,0.1329,0.010780,4.372
99439,520,385,905,250,4,168,349.33,0.9969,0.5947,0.232414,51,16,57,321.55,0.6807,0.1465,0.013699,4.434
99443,520,452,972,213,47,147,349.17,0.8475,0.5320,0.182880,18,4,42,294.83,0.8288,0.0702,0.003826,4.327
99445,520,419,939,233,27,159,348.88,0.9547,0.5637,0.206136,26,22,28,314.52,0.1527,0.1059,0.008773,4.358
99454,520,359,879,254,1,199,341.47,0.9995,0.6174,0.252195,0,1,136,264.07,0.9994,0.1816,0.017991,4.445
99477,520,346,866,241,108,35,44.66,0.9418,0.6328,0.295502,31,51,19,135.07,0.7091,0.1931,0.027059,4.484
99492,520,440,960,207,5,219,325.31,0.9947,0.5451,0.184903,24,12,40,300.99,0.6030,0.0892,0.006103,4.187
99493,520,467,987,127,86,250,288.75,0.9528,0.5234,0.180695,4,6,6,196.47,0.1300,0.0392,0.001692,4.463
99498,520,461,981,165,77,216,310.69,0.7956,0.5278,0.182657,17,2,22,318.28,0.7570,0.0502,0.002205,4.457
99500,520,431,951,231,45,88,14.59,0.9183,0.5454,0.195732,15,8,67,277.03,0.9234,0.0994,0.006804,4.326
99516,520,381,901,226,91,147,357.23,0.7433,0.6043,0.257599,21,42,24,147.60,0.5713,0.1580,0.018813,4.470
99520,520,425,945,210,81,127,1.16,0.7073,0.5558,0.211209,38,15,41,322.87,0.5670,0.1139,0.009139,4.417
99524,520,429,949,225,31,157,347.84,0.9315,0.5491,0.194245,31,14,33,323.19,0.4859,0.0973,0.007152,4.274
99531,520,380,900,242,67,149,356.55,0.8846,0.6045,0.250645,4,46,24,155.28,0.9577,0.1633,0.020457,4.267
99561,520,456,976,181,55,224,315.69,0.8914,0.5316,0.179391,13,11,10,48.38,0.0691,0.0602,0.003468,4.290
99573,520,424,944,228,9,190,338.17,0.9896,0.5649,0.204097,49,6,32,347.94,0.7534,0.1147,0.008876,4.316
99579,520,320,840,224,121,137,11.10,0.6395,0.6459,0.313303,22,55,45,171.13,0.5869,0.2074,0.030923,4.489
99582,520,315,835,248,65,235,331.23,0.9714,0.6559,0.297381,72,24,89,315.90,0.7331,0.2163,0.027524,4.481
99616,520,473,993,231,7,60,20.34,0.9939,0.5225,0.174702,4,4,4,0.00,0.0000,0.0329,0.001214,4.388
99617,520,391,911,209,87,187,335.17,0.7486,0.5889,0.239614,24,40,28,151.59,0.3917,0.1550,0.017956,4.262
99627,520,361,881,245,59,179,346.33,0.9248,0.6155,0.257982,76,11,46,352.98,0.7800,0.1811,0.019734,4.417
99630,520,478,998,204,69,27,36.53,0.9236,0.5077,0.171749,3,0,5,316.23,1.0000,0.0181,0.000303,4.408
99673,520,474,994,183,73,171,332.11,0.7144,0.5196,0.177740,5,3,2,54.77,0.2372,0.0302,0.001018,4.464
99675,520,325,845,238,65,254,324.24,0.9961,0.6517,0.291159,61,45,0,87.34,1.0000,0.2059,0.028690,4.335
99680,520,426,946,215,64,163,344.76,0.8073,0.5589,0.207604,13,30,20,156.86,0.5027,0.1140,0.010646,4.248
99688,520,421,941,208,68,171,340.06,0.7861,0.5550,0.204864,23,14,61,285.25,0.7675,0.1092,0.008331,4.369
99707,520,414,934,178,88,221,313.25,0.7904,0.5651,0.216658,24,22,56,282.58,0.5880,0.1213,0.010535,4.405
99722,520,426,946,235,30,126,0.53,0.9472,0.5554,0.201001,41,10,38,331.62,0.6599,0.1090,0.008285,4.306
99730,520,473,993,215,58,42,29.90,0.9132,0.5173,0.176429,6,0,20,297.67,1.0000,0.0315,0.000892,4.449
99734,520,461,981,228,0,111,3.42,1.0000,0.5269,0.176446,17,0,26,313.89,1.0000,0.0482,0.001938,4.360
99741,520,437,957,240,35,53,24.33,0.9696,0.5511,0.199877,2,16,57,263.17,0.9373,0.0939,0.006789,4.400
99742,520,407,927,237,36,138,357.08,0.9357,0.5669,0.211043,54,13,29,359.63,0.6608,0.1321,0.011609,4.237
99760,520,255,775,253,117,231,334.04,0.9878,0.7209,0.393774,3,77,7,143.18,0.9962,0.2692,0.053422,4.291
99762,520,328,848,245,114,5,49.09,0.9944,0.6482,0.314611,35,55,25,136.01,0.6198,0.2102,0.031598,4.468
99773,520,437,957,239,16,105,7.75,0.9813,0.5516,0.197445,8,3,70,271.48,0.9846,0.0908,0.005589,4.451
99796,520,379,899,185,93,241,310.33,0.8809,0.5959,0.244947,53,30,13,55.62,0.5763,0.1580,0.017146,4.393
99808,520,424,944,216,53,173,341.00,0.8560,0.5552,0.201645,10,29,15,150.60,0.6581,0.1078,0.009777,4.210
99809,520,393,913,217,11,249,320.88,0.9951,0.5860,0.218326,18,39,16,142.11,0.7217,0.1445,0.016170,4.055
99815,520,376,896,245,25,184,343.87,0.9772,0.5981,0.235716,39,12,96,288.03,0.9031,0.1616,0.015388,4.370
99817,520,350,870,240,38,243,327.55,0.9814,0.6297,0.263852,48,32,79,296.55,0.5909,0.1874,0.022259,4.343
99826,520,408,928,237,29,156,350.77,0.9548,0.5709,0.212866,46,12,59,315.04,0.7439,0.1345,0.011596,4.268
99833,520,357,877,218,90,209,330.45,0.8189,0.6190,0.268231,38,39,57,281.57,0.2745,0.1775,0.021585,4.446
99841,520,386,906,204,70,240,318.18,0.9224,0.5936,0.235105,28,16,93,279.50,0.9016,0.1517,0.014077,4.449
99857,520,476,996,226,3,31,26.19,0.9980,0.5073,0.163358,1,0,11,279.92,1.0000,0.0185,0.000306,4.241
99867,520,438,958,231,39,112,5.40,0.9195,0.5478,0.196127,9,7,60,273.45,0.9368,0.0858,0.005362,4.446
99879,520,421,941,205,69,189,332.90,0.8052,0.5610,0.209113,25,9,66,287.43,0.8562,0.1089,0.007954,4.471
99898,520,420,940,233,28,146,353.19,0.9495,0.5583,0.202324,12,7,75,272.97,0.9626,0.1055,0.007381,4.397
99899,520,330,850,242,113,23,48.00,0.9678,0.6420,0.307523,45,49,62,271.58,0.1867,0.2142,0.031023,4.413
99900,520,434,954,192,66,205,323.87,0.8270,0.5464,0.195121,31,14,31,327.01,0.4646,0.0962,0.007043,4.297
99902,520,441,961,225,62,41,30.84,0.9264,0.5412,0.196157,10,9,61,273.54,0.9185,0.0907,0.005968,4.398
99909,520,454,974,157,81,227,304.60,0.8228,0.5312,0.185995,16,10,35,291.16,0.5996,0.0735,0.004486,4.331
99928,520,397,917,212,77,178,339.05,0.7755,0.5760,0.225211,41,16,72,299.50,0.7629,0.1439,0.013099,4.362
99939,520,391,911,241,61,117,7.55,0.8904,0.5861,0.233258,58,25,8,45.89,0.7180,0.1549,0.016125,4.284
99942,520,433,953,246,22,5,29.81,0.9964,0.5543,0.201812,8,23,41,254.02,0.5833,0.1010,0.008245,4.323
99975,520,477,997,222,38,27,29.29,0.9633,0.5128,0.169977,0,1,15,263.52,1.0011,0.0235,0.000562,4.351
99987,520,428,948,159,88,243,301.15,0.8891,0.5567,0.208218,23,12,58,287.56,0.7734,0.1031,0.007506,4.490
99990,520,385,905,248,16,163,350.57,0.9861,0.5910,0.229747,8,42,8,143.14,0.9584,0.1481,0.017250,4.160
100000,520,286,806,239,110,239,327.51,0.9278,0.6947,0.357368,2,64,68,201.95,0.9656,0.2400,0.040969,4.478
100003,520,304,824,240,105,211,336.61,0.8908,0.6744,0.333340,26,61,32,147.64,0.7541,0.2253,0.036613,4.426
100034,520,475,995,214,54,91,12.66,0.8444,0.5201,0.176922,11,0,4,351.96,1.0000,0.0288,0.000799,4.467
100037,520,382,902,255,53,63,24.64,1.0000,0.5952,0.241688,51,3,92,300.84,0.9588,0.1642,0.015417,4.459
100047,520,384,904,237,18,202,337.02,0.9855,0.5908,0.227042,53,18,45,337.16,0.5972,0.1453,0.013791,4.343
100080,520,470,990,224,31,90,11.57,0.9397,0.5226,0.175682,18,2,0,39.85,1.0000,0.0423,0.001720,4.364
100099,520,404,924,242,7,177,345.04,0.9936,0.5841,0.222066,35,21,54,301.26,0.5616,0.1297,0.011600,4.417
100112,520,430,950,206,52,198,330.36,0.8763,0.5513,0.196569,29,18,19,12.85,0.2321,0.0966,0.007409,4.295
100136,520,416,936,205,34,243,318.84,0.9710,0.5695,0.205959,29,16,60,292.11,0.7079,0.1181,0.009580,4.296
100141,520,409,929,254,19,27,27.93,0.9964,0.5713,0.216195,3,12,93,265.62,0.9800,0.1305,0.010725,4.384
100143,520,448,968,200,84,110,8.85,0.6584,0.5374,0.197477,17,12,44,285.70,0.6680,0.0849,0.005640,4.448
100144,520,384,904,246,16,159,351.39,0.9847,0.5853,0.224699,48,16,66,310.85,0.7264,0.1486,0.013924,4.297
100157,520,451,971,142,86,250,294.04,0.9481,0.5395,0.193085,25,9,8,24.80,0.4445,0.0697,0.004196,4.485
100161,520,441,961,205,18,206,328.04,0.9728,0.5354,0.178699,31,9,28,332.80,0.5731,0.0861,0.005706,4.105
100162,520,469,989,207,56,128,356.01,0.7965,0.5207,0.176544,8,4,2,57.67,0.3690,0.0364,0.001428,4.405
100166,520,465,985,224,36,36,27.53,0.9634,0.5164,0.172393,10,8,8,17.62,0.0692,0.0504,0.002557,4.231
100171,520,396,916,227,86,64,31.33,0.8494,0.5777,0.233593,27,36,11,125.95,0.6386,0.1411,0.015189,4.350
100186,520,305,825,240,88,241,327.54,0.9468,0.6692,0.318580,61,54,6,100.53,0.8769,0.2312,0.036436,4.264
100195,520,317,837,250,85,208,339.50,0.9630,0.6636,0.313780,2,57,70,219.13,0.9531,0.2185,0.033812,4.340
100204,520,432,952,172,88,208,314.54,0.7348,0.5480,0.203050,28,14,47,300.39,0.6318,0.1027,0.007662,4.389
100221,520,465,985,211,3,162,342.38,0.9919,0.5154,0.165249,5,2,38,276.70,0.9468,0.0505,0.002156,4.127
100225,520,466,986,136,77,254,292.46,0.9908,0.5232,0.176977,3,11,15,225.10,0.4743,0.0534,0.002932,4.288
100230,520,339,859,247,30,248,328.06,0.9899,0.6416,0.274829,40,28,113,280.83,0.8449,0.2040,0.024738,4.346
100237,520,465,985,155,64,244,302.04,0.9313,0.5206,0.171674,15,6,17,320.53,0.4418,0.0542,0.002723,4.205
100245,520,365,885,233,66,203,336.26,0.9009,0.6129,0.255344,80,6,10,25.15,0.9473,0.1748,0.018579,4.452
100246,520,14,534,245,253,217,117.46,0.9380,0.9753,0.946727,8,135,4,142.38,0.9980,0.4680,0.173876,4.452
100257,520,201,721,221,166,239,317.64,0.7754,0.7681,0.488775,10,89,26,145.49,0.9872,0.3142,0.072836,4.386
100272,520,316,836,252,59,231,333.16,0.9867,0.6555,0.295959,61,28,100,300.61,0.7421,0.2151,0.027428,4.468
100281,520,398,918,203,107,116,15.19,0.5636,0.5825,0.244746,11,40,4,139.65,0.9682,0.1421,0.015974,4.468
100283,520,453,973,217,27,158,345.50,0.9309,0.5323,0.180066,21,13,0,85.35,1.0000,0.0703,0.004473,4.223
100291,520,439,959,185,34,255,310.73,1.0000,0.5481,0.186794,16,3,68,279.02,0.9686,0.0940,0.005926,4.234
100339,520,467,987,197,48,182,332.65,0.8479,0.5224,0.173633,4,6,6,196.47,0.1300,0.0392,0.001692,4.326
100360,520,374,894,248,23,177,346.51,0.9801,0.5996,0.237469,1,22,104,264.03,0.9901,0.1593,0.015796,4.369
100369,520,480,1000,196,43,163,338.64,0.8387,0.5054,0.161097,0,0,0,0.00,0.0000,0.0000,0.000000,4.222
100372,520,343,863,224,78,229,326.48,0.9036,0.6257,0.269553,84,18,4,33.94,0.9410,0.1950,0.023265,4.362
100383,520,361,881,238,66,205,336.93,0.9138,0.6226,0.264840,7,39,83,257.74,0.8573,0.1764,0.021206,4.422
100389,520,471,991,222,39,85,13.86,0.9181,0.5222,0.176392,12,2,21,308.62,0.7517,0.0439,0.001757,4.374
100414,520,380,900,227,87,138,0.78,0.7572,0.5972,0.249848,55,21,60,322.36,0.6286,0.1628,0.016749,4.492
100415,520,372,892,199,89,247,313.94,0.9368,0.6138,0.260035,50,31,52,323.41,0.3825,0.1696,0.019061,4.489
100424,520,39,559,244,241,227,96.87,0.4070,0.9495,0.876899,4,131,5,142.58,0.9983,0.4544,0.162687,4.358
100428,520,361,881,233,26,254,323.55,0.9965,0.6206,0.252206,64,29,30,19.38,0.4857,0.1782,0.020626,4.279
100431,520,462,982,225,22,109,4.32,0.9562,0.5259,0.176883,4,3,38,273.76,0.9352,0.0518,0.002309,4.337
100450,520,434,954,222,72,76,23.07,0.8388,0.5520,0.206887,20,21,30,279.67,0.2143,0.0982,0.007788,4.445
100454,520,393,913,252,54,49,27.72,0.9861,0.5883,0.235592,10,38,5,140.43,0.9574,0.1350,0.014617,4.420
100455,520,422,942,243,20,99,10.46,0.9792,0.5594,0.204592,38,10,49,314.94,0.7190,0.1117,0.008509,4.351
100457,520,347,867,232,70,234,327.45,0.9345,0.6334,0.274790,31,42,67,265.39,0.4091,0.1854,0.023524,4.417
100459,520,463,983,230,16,76,15.99,0.9817,0.5256,0.177184,21,0,13,343.12,1.0000,0.0465,0.001885,4.379
100463,520,468,988,215,9,160,344.06,0.9788,0.5235,0.171829,14,2,8,345.79,0.6207,0.0400,0.001543,4.304
100468,520,445,965,233,40,5,31.55,0.9950,0.5361,0.188553,36,7,3,33.59,0.7995,0.0824,0.005337,4.311
100478,520,274,794,240,134,145,14.14,0.7450,0.6953,0.376222,4,70,36,153.85,0.9837,0.2491,0.045333,4.471
100487,520,440,960,240,21,86,14.26,0.9784,0.5504,0.197368,2,21,44,252.97,0.8343,0.0943,0.007310,4.316
100521,520,369,889,214,75,235,322.14,0.9079,0.6108,0.253282,57,7,89,306.54,0.8985,0.1739,0.017432,4.498
100523,520,362,882,252,66,98,16.32,0.9732,0.6070,0.254773,46,39,45,330.65,0.1284,0.1803,0.022214,4.220
100528,520,434,954,224,25,162,345.81,0.9487,0.5469,0.191538,4,26,16,161.88,0.8100,0.0954,0.008020,4.163
100531,520,345,865,245,63,204,338.86,0.9396,0.6314,0.273301,20,35,104,268.21,0.8693,0.1928,0.023501,4.399
100555,520,431,951,212,73,119,3.72,0.7481,0.5460,0.200963,20,22,26,264.36,0.1074,0.0989,0.007971,4.329
100560,520,348,868,243,21,240,329.00,0.9923,0.6263,0.258851,7,53,34,160.79,0.9215,0.1910,0.027068,4.008
100570,520,396,916,237,66,88,18.42,0.8859,0.5760,0.226086,32,30,50,287.90,0.3421,0.1439,0.014659,4.270
100577,520,397,917,224,34,208,332.36,0.9569,0.5771,0.215478,23,3,97,276.82,0.9873,0.1374,0.011103,4.345
100579,520,367,887,203,103,194,330.74,0.6864,0.6074,0.262935,14,47,19,146.50,0.8907,0.1695,0.021733,4.362
100587,520,450,970,216,67,92,15.08,0.8059,0.5382,0.193884,9,7,48,276.42,0.8730,0.0732,0.004234,4.497
100588,520,326,846,252,74,195,343.56,0.9744,0.6491,0.295363,77,29,54,350.27,0.5779,0.2104,0.027231,4.472
100618,520,479,999,138,79,238,295.53,0.8796,0.5140,0.171684,1,0,1,328.36,1.0000,0.0103,0.000086,4.426
100630,520,476,996,209,41,123,357.06,0.8560,0.5094,0.165735,7,0,2,357.01,1.0000,0.0225,0.000496,4.272
100632,520,471,991,169,94,140,343.62,0.4969,0.5160,0.183349,0,9,1,146.75,1.0000,0.0410,0.001976,4.490
100642,520,362,882,193,109,206,322.09,0.6774,0.6098,0.267321,37,42,36,140.46,0.1271,0.1751,0.021766,4.422
100643,520,471,991,176,71,192,322.16,0.7592,0.5189,0.175434,16,1,7,351.47,0.7539,0.0395,0.001472,4.380
100649,520,459,979,228,11,113,3.02,0.9815,0.5300,0.179285,3,4,47,269.35,0.9614,0.0619,0.003114,4.317
100661,520,457,977,180,74,188,324.83,0.7425,0.5264,0.182329,9,5,38,281.75,0.8197,0.0603,0.003065,4.378
100672,520,413,933,220,37,199,333.83,0.9386,0.5660,0.206646,10,27,54,259.30,0.6627,0.1218,0.011147,4.197
100690,520,358,878,232,55,231,328.36,0.9511,0.6188,0.256601,64,14,75,319.67,0.7801,0.1795,0.019122,4.436
100691,520,370,890,254,42,148,357.31,0.9906,0.6073,0.248684,32,42,31,142.50,0.2627,0.1687,0.020619,4.230
100697,520,452,972,158,103,158,326.78,0.4518,0.5264,0.194389,16,15,6,103.09,0.3734,0.0710,0.004650,4.472
100703,520,472,992,209,36,144,348.71,0.8772,0.5150,0.168329,0,5,1,150.49,1.0000,0.0299,0.001107,4.272
100704,520,241,761,254,118,252,328.05,0.9960,0.7348,0.410585,65,70,11,114.47,0.8630,0.2827,0.055283,4.375
100738,520,418,938,232,27,146,352.94,0.9505,0.5559,0.200179,44,8,47,324.62,0.7437,0.1172,0.009144,4.230
100743,520,337,857,253,96,81,28.56,0.9824,0.6408,0.298459,1,55,42,171.21,0.9869,0.1986,0.029059,4.408
100752,520,417,937,253,25,23,28.67,0.9931,0.5710,0.216436,52,9,14,18.30,0.7622,0.1182,0.009573,4.472
100763,520,463,983,226,29,90,11.69,0.9478,0.5257,0.177885,18,4,16,332.45,0.5723,0.0529,0.002529,4.338
100768,520,470,990,220,55,33,31.06,0.9424,0.5233,0.180605,4,6,7,225.59,0.1457,0.0395,0.001714,4.459
100769,520,431,951,219,74,59,29.34,0.8583,0.5460,0.202759,32,6,56,302.73,0.8300,0.1034,0.007229,4.417
100831,520,443,963,233,22,105,7.08,0.9663,0.5412,0.189204,0,3,64,264.21,0.9914,0.0776,0.004352,4.401
100835,520,440,960,190,5,254,312.83,0.9972,0.5451,0.182127,10,23,4,135.60,0.8301,0.0872,0.006861,4.082
100855,520,375,895,213,56,248,319.34,0.9673,0.6005,0.237535,20,37,55,250.96,0.4560,0.1557,0.017476,4.261
100856,520,181,701,239,171,228,332.30,0.8264,0.7940,0.530795,8,95,10,142.83,0.9934,0.3331,0.082576,4.381
100858,520,472,992,232,19,30,27.21,0.9880,0.5245,0.177184,13,0,6,347.04,1.0000,0.0323,0.000987,4.456
100871,520,438,958,234,52,62,23.94,0.9312,0.5521,0.202993,37,12,3,43.30,0.7498,0.0925,0.006629,4.468
100881,520,474,994,174,21,246,309.73,0.9819,0.5174,0.161897,10,0,12,323.79,1.0000,0.0313,0.000911,4.162
100887,520,386,906,211,62,231,322.67,0.9171,0.5903,0.230654,43,30,33,3.37,0.2048,0.1487,0.015520,4.284
100888,520,413,933,229,15,200,335.68,0.9853,0.5741,0.211724,26,13,74,284.02,0.8508,0.1240,0.010018,4.361
100900,520,449,969,239,27,52,23.84,0.9788,0.5448,0.193858,26,8,23,333.77,0.5262,0.0747,0.004552,4.470
100902,520,471,991,232,13,10,29.05,0.9934,0.5215,0.174687,0,5,29,261.26,1.0000,0.0449,0.001972,4.323
100903,520,427,947,230,4,181,341.18,0.9949,0.5626,0.202488,17,23,17,144.98,0.2184,0.0956,0.007724,4.374
100905,520,341,861,231,113,61,42.86,0.8360,0.6269,0.291387,48,47,28,105.58,0.3496,0.1989,0.027453,4.408
100906,520,399,919,182,94,223,313.66,0.7860,0.5809,0.232791,60,10,36,353.11,0.7378,0.1429,0.013053,4.485
100916,520,326,846,245,107,111,20.82,0.8722,0.6489,0.310785,25,58,28,145.68,0.7765,0.2139,0.033165,4.338
100922,520,469,989,208,69,31,35.46,0.9177,0.5156,0.177673,11,0,22,307.86,1.0000,0.0384,0.001291,4.439
100925,520,321,841,254,47,221,336.08,0.9949,0.6451,0.283275,67,40,30,41.06,0.4049,0.2070,0.028048,4.270
100944,520,471,991,192,15,223,320.22,0.9821,0.5246,0.168773,14,4,4,20.66,0.4381,0.0436,0.001890,4.216
100948,520,401,921,192,71,248,312.67,0.9533,0.5829,0.224914,22,11,93,276.04,0.9506,0.1402,0.012002,4.434
100950,520,302,822,238,94,228,330.52,0.9180,0.6657,0.317864,26,64,26,143.60,0.8703,0.2341,0.039609,4.105
100959,520,445,965,233,17,102,7.88,0.9762,0.5386,0.186869,19,7,44,292.77,0.7642,0.0783,0.004723,4.329
100966,520,209,729,241,173,45,77.68,0.9197,0.7586,0.487795,60,82,6,125.80,0.9587,0.3142,0.070083,4.479
100970,520,248,768,208,151,224,318.70,0.6518,0.7161,0.409259,55,66,79,252.79,0.1928,0.2796,0.052731,4.471
101010,520,423,943,200,23,244,317.47,0.9828,0.5574,0.194253,0,27,41,234.02,1.0000,0.1075,0.009439,4.109
101031,520,388,908,230,28,222,330.23,0.9779,0.5940,0.229299,50,30,11,62.25,0.6009,0.1530,0.016309,4.212
101032,520,431,951,192,81,176,333.50,0.7073,0.5478,0.202274,13,15,63,273.58,0.8522,0.1047,0.007861,4.360
101033,520,472,992,233,16,15,28.82,0.9915,0.5247,0.177319,7,2,5,340.38,0.4466,0.0308,0.000995,4.458
101035,520,419,939,246,7,99,10.42,0.9940,0.5624,0.206491,20,21,54,278.41,0.6059,0.1139,0.009514,4.310
101062,520,10,530,248,255,238,125.17,1.0000,0.9886,0.976494,27,136,10,141.61,0.9946,0.4744,0.178625,4.490
101068,520,198,718,252,144,250,327.78,0.9854,0.7710,0.475463,73,81,7,116.25,0.9323,0.3234,0.073167,4.266
101078,520,418,938,250,3,29,27.05,0.9988,0.5591,0.204815,16,3,88,273.86,0.9880,0.1198,0.008798,4.334
101100,520,431,951,207,59,175,338.03,0.8189,0.5459,0.194904,22,23,4,111.78,0.6871,0.0972,0.007921,4.228
101124,520,447,967,163,87,211,310.16,0.7422,0.5363,0.193067,22,4,45,298.62,0.8365,0.0774,0.004469,4.463
101128,520,380,900,238,51,181,343.79,0.9198,0.5976,0.238839,61,19,49,340.32,0.6314,0.1631,0.016797,4.324
101129,520,417,937,230,75,55,30.56,0.8934,0.5675,0.221338,3,19,79,264.69,0.9465,0.1242,0.010495,4.485
101130,520,337,857,253,98,16,41.63,0.9870,0.6376,0.296589,17,53,58,207.78,0.6266,0.2042,0.029707,4.348
101148,520,304,824,211,119,242,317.02,0.8817,0.6713,0.334546,41,50,94,272.77,0.5249,0.2338,0.035607,4.492
101171,520,341,861,229,62,252,322.49,0.9871,0.6335,0.271337,83,18,22,21.97,0.8086,0.1955,0.023299,4.384
101172,520,410,930,219,44,209,330.82,0.9323,0.5747,0.214671,34,2,86,289.33,0.9769,0.1333,0.010554,4.371
101189,520,456,976,194,60,181,332.11,0.8009,0.5280,0.180389,3,13,11,181.91,0.5295,0.0567,0.003314,4.321
101198,520,438,958,198,77,171,337.38,0.7286,0.5493,0.202555,18,19,27,279.15,0.2034,0.0900,0.006735,4.452
101218,520,330,850,253,92,79,28.03,0.9832,0.6350,0.291049,76,8,98,315.36,0.8892,0.2149,0.025922,4.492
101233,520,396,916,255,25,59,22.93,1.0000,0.5785,0.222749,47,23,32,356.66,0.4018,0.1384,0.013215,4.315
101252,520,445,965,185,53,232,315.10,0.9142,0.5422,0.186878,28,9,30,323.69,0.5742,0.0828,0.005360,4.279
101259,520,415,935,202,82,176,336.92,0.7270,0.5652,0.217274,12,31,16,149.16,0.6403,0.1154,0.010955,4.385
101267,520,344,864,238,84,186,343.68,0.8640,0.6318,0.280656,1,54,8,144.71,0.9971,0.1874,0.026622,4.315
101287,520,330,850,219,129,39,59.84,0.8675,0.6359,0.309091,62,46,14,81.93,0.6827,0.2115,0.030099,4.483
101339,520,353,873,230,32,252,323.21,0.9892,0.6165,0.248866,80,3,38,1.04,0.9081,0.1792,0.019108,4.325
101347,520,442,962,228,47,99,10.51,0.8973,0.5437,0.194307,30,1,43,313.27,0.9245,0.0813,0.004722,4.465
101350,520,469,989,221,21,105,5.01,0.9550,0.5160,0.169311,11,3,15,315.86,0.5850,0.0421,0.001708,4.241
101354,520,333,853,247,27,251,327.41,0.9919,0.6425,0.275259,76,32,21,35.18,0.6388,0.2033,0.026239,4.266
101360,520,440,960,231,23,150,351.27,0.9593,0.5541,0.198066,11,1,73,273.55,0.9944,0.0935,0.005739,4.451
101367,520,372,892,249,84,10,38.54,0.9914,0.6113,0.265057,30,43,37,164.89,0.2399,0.1720,0.021373,4.414
101371,520,430,950,215,81,56,32.64,0.8398,0.5478,0.206198,3,18,60,263.51,0.9189,0.1017,0.007782,4.434
101382,520,455,975,194,68,161,339.65,0.7417,0.5260,0.181784,9,14,10,151.00,0.2158,0.0637,0.003941,4.297
101383,520,465,985,201,47,169,338.09,0.8400,0.5210,0.173170,20,5,0,53.11,1.0000,0.0522,0.002573,4.245
101394,520,462,982,190,13,233,317.33,0.9877,0.5289,0.171196,21,2,0,37.72,1.0000,0.0467,0.002029,4.251
101415,520,347,867,241,68,209,336.54,0.9222,0.6317,0.274412,52,24,96,295.98,0.7726,0.1932,0.022279,4.488
101422,520,362,882,247,18,209,337.43,0.9902,0.6133,0.248133,26,48,31,150.30,0.5034,0.1826,0.024324,4.011
101424,520,466,986,180,80,160,335.79,0.6527,0.5189,0.179799,15,4,17,321.99,0.5627,0.0497,0.002289,4.395
101425,520,448,968,193,69,188,329.44,0.7813,0.5407,0.192260,11,11,41,278.11,0.6966,0.0756,0.004706,4.428
101433,520,467,987,201,1,199,328.90,0.9981,0.5192,0.165646,8,2,23,295.58,0.7864,0.0412,0.001569,4.182
101439,520,436,956,241,29,46,25.34,0.9791,0.5492,0.197801,18,21,15,129.23,0.1865,0.0905,0.006994,4.348
101444,520,476,996,222,40,6,31.74,0.9925,0.5132,0.170631,5,1,4,334.75,0.5642,0.0245,0.000627,4.358
101445,520,455,975,197,35,206,325.71,0.9273,0.5291,0.175303,11,10,25,285.14,0.4386,0.0627,0.003584,4.205
101455,520,440,960,223,58,114,5.37,0.8389,0.5480,0.199316,17,16,45,281.26,0.6008,0.0935,0.006792,4.390
101460,520,437,957,226,52,128,359.71,0.8628,0.5530,0.201859,16,21,22,211.10,0.1216,0.0911,0.007044,4.415
101465,520,395,915,236,24,205,336.02,0.9792,0.5926,0.228967,10,32,61,256.40,0.6995,0.1405,0.014344,4.336
101468,520,437,957,207,5,221,324.82,0.9949,0.5465,0.185963,3,26,12,154.89,0.9064,0.0937,0.007847,4.079
101480,520,27,547,248,246,237,96.42,0.4079,0.9676,0.919825,48,130,44,142.52,0.9407,0.4639,0.167749,4.454
101491,520,461,981,177,68,214,316.25,0.8273,0.5319,0.183374,5,6,23,276.42,0.6019,0.0479,0.002244,4.467
101501,520,421,941,241,51,41,28.73,0.9545,0.5629,0.212318,29,23,10,85.52,0.4226,0.1062,0.008959,4.449
101506,520,39,559,228,249,204,127.95,0.7699,0.9478,0.886046,2,129,54,149.02,0.9984,0.4519,0.159790,4.462
101509,520,418,938,201,75,181,334.50,0.7612,0.5570,0.207876,42,4,60,311.65,0.8695,0.1192,0.009054,4.367
101512,520,408,928,221,64,171,343.45,0.8320,0.5734,0.219816,32,22,55,295.10,0.5545,0.1289,0.011567,4.382
101520,520,221,741,250,162,39,68.49,0.9551,0.7470,0.463137,21,82,70,176.85,0.8117,0.3043,0.066359,4.410
101541,520,460,980,169,57,244,307.17,0.9384,0.5323,0.178936,2,16,11,170.91,0.7654,0.0637,0.004076,4.234
101544,520,331,851,255,52,196,343.16,1.0000,0.6366,0.277049,85,18,30,15.20,0.7782,0.2016,0.024580,4.385
101545,520,452,972,235,3,52,22.44,0.9979,0.5290,0.179784,19,4,44,294.84,0.8392,0.0730,0.004071,4.250
101554,520,306,826,230,101,237,325.57,0.9126,0.6679,0.322468,44,46,98,278.57,0.5788,0.2297,0.033712,4.449
101557,520,446,966,132,92,247,290.02,0.9178,0.5358,0.192751,15,18,2,117.51,0.7703,0.0766,0.005386,4.383
101580,520,286,806,251,83,254,327.18,0.9965,0.6889,0.338542,13,67,42,158.40,0.9115,0.2427,0.042669,4.193
101590,520,372,892,218,72,229,324.91,0.9046,0.6099,0.251992,74,17,20,21.92,0.7790,0.1749,0.019075,4.372
101591,520,471,991,176,51,223,314.53,0.8970,0.5195,0.169265,7,3,13,305.08,0.5306,0.0371,0.001394,4.266
101631,520,5,525,255,252,236,98.11,1.0000,0.9873,0.969371,28,135,30,143.02,0.9823,0.4725,0.176678,4.497
101632,520,411,931,226,70,116,6.98,0.8099,0.5669,0.218127,11,27,52,259.02,0.6232,0.1208,0.011029,4.393
101640,520,478,998,195,47,171,335.67,0.8321,0.5114,0.165771,0,1,9,261.82,1.0000,0.0198,0.000414,4.280
101646,520,14,534,244,252,242,139.44,0.6437,0.9794,0.952645,39,135,11,140.47,0.9930,0.4743,0.177828,4.401
101649,520,458,978,185,56,219,318.17,0.8811,0.5350,0.182583,20,4,20,327.54,0.6277,0.0573,0.002861,4.400
101673,520,318,838,249,99,175,351.83,0.9153,0.6642,0.321615,17,56,66,217.85,0.6622,0.2178,0.033407,4.455
101694,520,433,953,215,66,130,358.25,0.7832,0.5469,0.199575,10,27,8,141.55,0.7828,0.1001,0.008659,4.255
101695,520,467,987,225,31,84,13.80,0.9450,0.5232,0.176304,9,6,2,83.60,0.4478,0.0427,0.001927,4.358
101711,520,402,922,244,63,46,29.74,0.9526,0.5801,0.229887,34,25,49,300.18,0.4270,0.1336,0.012571,4.473
101717,520,392,912,241,62,130,2.85,0.8848,0.5911,0.237608,21,29,77,271.53,0.7319,0.1529,0.015739,4.375
101723,520,473,993,215,26,135,352.99,0.9246,0.5172,0.169376,7,0,19,302.43,1.0000,0.0320,0.000922,4.308
101726,520,467,987,199,65,131,353.82,0.7416,0.5172,0.175633,13,0,25,307.69,1.0000,0.0427,0.001558,4.376
101736,520,471,991,229,4,59,20.34,0.9964,0.5174,0.170636,14,2,18,318.85,0.7168,0.0444,0.001805,4.259
101774,520,383,903,205,60,253,315.89,0.9885,0.5952,0.233042,53,18,55,325.45,0.6439,0.1514,0.014654,4.378
101781,520,338,858,235,89,194,340.39,0.8518,0.6368,0.287045,5,55,43,172.02,0.9296,0.2002,0.029389,4.245
101783,520,280,800,219,131,216,328.21,0.7248,0.6882,0.362521,42,62,69,221.65,0.2683,0.2523,0.043671,4.404
101795,520,431,951,217,54,148,350.23,0.8343,0.5458,0.195305,34,15,32,330.94,0.4684,0.1029,0.007860,4.240
101801,520,463,983,145,82,237,297.91,0.8662,0.5258,0.181689,14,8,4,62.88,0.3448,0.0529,0.002758,4.392
101817,520,479,999,167,12,249,307.19,0.9912,0.5068,0.153188,0,0,5,264.05,1.0000,0.0116,0.000110,4.055
101818,520,401,921,249,25,111,7.66,0.9752,0.5768,0.219862,34,1,92,287.13,0.9907,0.1396,0.011345,4.399
101819,520,340,860,246,53,234,331.02,0.9677,0.6429,0.280824,26,45,86,263.70,0.6191,0.2037,0.027682,4.259
101826,520,396,916,231,29,188,339.59,0.9603,0.5756,0.215012,41,29,34,351.89,0.2037,0.1440,0.014657,4.099
101836,520,107,627,254,215,68,93.54,0.9803,0.8697,0.700908,21,112,16,142.27,0.9871,0.3937,0.117847,4.474
101837,520,476,996,211,58,76,19.03,0.8448,0.5148,0.173992,7,0,0,29.23,1.0000,0.0213,0.000452,4.440
101883,520,438,958,198,80,159,342.57,0.6968,0.5474,0.202480,24,16,22,335.39,0.2244,0.0871,0.006227,4.490
101887,520,352,872,201,107,206,325.39,0.7045,0.6175,0.273905,13,45,79,252.74,0.7327,0.1917,0.025267,4.303
101888,520,288,808,248,89,244,328.85,0.9732,0.6846,0.336355,34,58,71,233.19,0.3824,0.2357,0.038210,4.380
101902,520,428,948,201,63,204,327.04,0.8472,0.5571,0.203338,40,8,32,338.88,0.6711,0.1011,0.007291,4.422
101909,520,377,897,220,24,255,320.22,1.0000,0.5991,0.230909,43,33,49,312.50,0.2815,0.1634,0.018231,4.117
101913,520,445,965,224,64,46,30.19,0.9124,0.5419,0.197141,34,4,32,330.68,0.7519,0.0848,0.005312,4.468
101914,520,372,892,242,17,219,333.78,0.9912,0.6099,0.243955,11,19,112,267.59,0.9698,0.1690,0.017066,4.383
101922,520,411,931,234,6,176,343.56,0.9929,0.5680,0.207601,60,1,10,19.23,0.9754,0.1240,0.010045,4.290
101932,520,344,864,170,135,194,311.03,0.4449,0.6251,0.297694,25,53,8,136.15,0.9410,0.1940,0.027703,4.475
101944,520,477,997,185,17,213,320.68,0.9721,0.5055,0.155206,9,0,1,12.98,1.0000,0.0247,0.000603,4.055
101946,520,472,992,201,66,121,359.12,0.7414,0.5181,0.176964,14,0,3,3.21,1.0000,0.0323,0.001000,4.450
101967,520,369,889,237,48,208,335.60,0.9467,0.6083,0.246752,76,13,22,18.11,0.8191,0.1748,0.018825,4.312
101969,520,463,983,185,64,207,321.08,0.8295,0.5345,0.184873,13,9,4,79.41,0.3448,0.0541,0.002897,4.440
101974,520,446,966,183,64,219,317.17,0.8572,0.5401,0.188497,20,4,55,288.99,0.8990,0.0847,0.005114,4.327
101975,520,438,958,181,56,242,311.44,0.9323,0.5470,0.190639,23,19,14,73.20,0.1787,0.0902,0.006796,4.237
101976,520,427,947,234,60,18,33.61,0.9788,0.5554,0.207709,44,6,29,347.39,0.7292,0.1038,0.007545,4.478
101982,520,383,903,234,45,207,335.13,0.9472,0.6005,0.238768,24,39,13,133.61,0.6863,0.1482,0.016743,4.327
101989,520,479,999,223,23,43,24.83,0.9783,0.5080,0.164780,0,0,3,264.05,1.0000,0.0094,0.000066,4.290
101992,520,419,939,184,62,251,310.09,0.9736,0.5644,0.206016,51,8,12,19.85,0.7856,0.1144,0.009041,4.336
101996,520,428,948,229,4,183,340.37,0.9949,0.5618,0.201664,16,25,25,196.17,0.2089,0.1032,0.008756,4.283
102000,520,451,971,231,33,105,7.44,0.9384,0.5421,0.190995,29,4,10,6.69,0.6853,0.0668,0.003700,4.488
102018,520,474,994,217,37,124,358.11,0.8901,0.5228,0.175326,12,1,4,358.26,0.7084,0.0331,0.001086,4.411
102047,520,410,930,234,59,99,12.95,0.8815,0.5658,0.215242,18,36,9,136.48,0.8185,0.1336,0.014100,4.138
102056,520,459,979,232,20,56,22.03,0.9825,0.5277,0.179447,5,2,47,273.48,0.9729,0.0596,0.002809,4.345
102090,520,351,871,241,32,250,326.24,0.9878,0.6335,0.266386,10,34,103,264.65,0.9127,0.1852,0.021877,4.402
102102,520,412,932,228,54,150,352.07,0.8659,0.5672,0.213370,7,26,54,258.02,0.7293,0.1177,0.010502,4.353
102104,520,456,976,167,73,217,311.54,0.8130,0.5259,0.179911,1,17,8,160.09,0.9326,0.0648,0.004249,4.238
102108,520,369,889,227,20,252,322.60,0.9922,0.6072,0.238617,49,21,78,302.73,0.7254,0.1678,0.017394,4.283
102111,520,428,948,215,41,192,334.56,0.9138,0.5552,0.198409,1,23,41,244.63,0.8860,0.0968,0.007793,4.298
102112,520,424,944,239,52,71,21.66,0.9324,0.5636,0.212648,0,31,16,158.91,1.0000,0.1090,0.010173,4.365
102121,520,420,940,219,59,161,346.24,0.8321,0.5601,0.207636,35,20,21,15.01,0.2910,0.1099,0.009118,4.358
102128,520,319,839,248,107,94,27.74,0.9266,0.6504,0.312831,78,39,1,58.18,0.9600,0.2187,0.030732,4.494
102140,520,366,886,223,74,208,332.18,0.8695,0.6071,0.251418,63,25,41,355.54,0.5294,0.1728,0.019123,4.361
102146,520,362,882,179,131,151,352.25,0.3112,0.6085,0.280515,37,46,9,121.93,0.7838,0.1810,0.023670,4.486
102168,520,319,839,242,87,196,341.44,0.8976,0.6468,0.296819,8,52,96,252.94,0.8510,0.2233,0.033519,4.153
102170,520,453,973,222,54,42,29.03,0.9278,0.5272,0.183378,25,10,16,355.04,0.3910,0.0740,0.004612,4.273
102178,520,419,939,218,68,135,357.07,0.7860,0.5565,0.207913,7,23,52,260.90,0.7333,0.1084,0.009059,4.367
102181,520,411,931,192,61,248,313.20,0.9591,0.5727,0.213225,1,34,30,183.44,0.9587,0.1239,0.012442,4.216
102190,520,449,969,235,30,24,28.86,0.9796,0.5352,0.186599,13,15,5,117.28,0.4418,0.0680,0.004382,4.351
102192,520,413,933,207,51,224,323.56,0.9234,0.5696,0.210166,51,10,28,357.18,0.6916,0.1220,0.010048,4.333
102212,520,460,980,229,22,96,9.57,0.9647,0.5303,0.180793,3,13,16,215.58,0.5202,0.0585,0.003446,4.318
102228,520,25,545,249,245,244,34.31,0.2367,0.9685,0.919763,8,132,25,143.74,0.9962,0.4591,0.166236,4.485
102238,520,412,932,229,61,140,356.63,0.8445,0.5713,0.218917,37,20,28,350.26,0.3365,0.1154,0.009775,4.499
102278,520,423,943,229,72,29,35.19,0.9510,0.5594,0.213843,41,18,20,15.23,0.4339,0.1144,0.009546,4.431
102279,520,362,882,219,94,181,340.97,0.7414,0.6115,0.264037,5,31,108,264.14,0.9428,0.1827,0.020948,4.426
102287,520,437,957,230,48,85,15.89,0.9112,0.5450,0.195957,19,16,41,286.30,0.5332,0.0923,0.006691,4.339
102288,520,477,997,184,16,227,316.99,0.9811,0.5149,0.161082,2,2,6,282.35,0.4201,0.0250,0.000695,4.164
102308,520,474,994,226,24,52,22.94,0.9756,0.5159,0.170729,5,2,10,304.41,0.5645,0.0307,0.000976,4.330
102323,520,380,900,240,87,60,32.29,0.9108,0.6021,0.256710,52,33,4,73.94,0.8231,0.1624,0.018266,4.493
102325,520,271,791,251,115,210,340.57,0.9607,0.7049,0.374266,9,75,12,143.25,0.9871,0.2639,0.051166,4.194
102331,520,368,888,235,64,193,339.75,0.8965,0.6091,0.251819,64,25,8,42.47,0.7593,0.1658,0.018029,4.437
102345,520,474,994,224,31,65,19.83,0.9561,0.5172,0.172117,15,0,2,11.15,1.0000,0.0333,0.001060,4.350
102348,520,474,994,174,40,234,311.79,0.9408,0.5168,0.164577,6,1,9,316.19,0.6988,0.0283,0.000802,4.224
102364,520,435,955,186,56,241,313.19,0.9295,0.5536,0.196194,27,18,8,68.89,0.4161,0.0911,0.006832,4.332
102376,520,452,972,225,14,135,354.81,0.9723,0.5328,0.180736,19,10,21,320.16,0.3669,0.0685,0.004097,4.265
102384,520,356,876,232,64,217,331.99,0.9218,0.6175,0.258348,46,44,5,106.49,0.8501,0.1842,0.023932,4.171
102385,520,432,952,238,46,18,31.23,0.9827,0.5513,0.201781,30,19,15,40.85,0.2697,0.0990,0.007763,4.359
102411,520,453,973,188,69,186,328.44,0.7693,0.5314,0.184942,34,4,6,19.74,0.7787,0.0743,0.004401,4.319
102412,520,446,966,224,55,105,8.69,0.8575,0.5443,0.196023,11,19,22,223.07,0.2403,0.0820,0.005948,4.397
102413,520,208,728,246,154,214,341.07,0.8766,0.7644,0.475611,13,87,13,142.77,0.9864,0.3066,0.069307,4.406
102426,520,442,962,155,87,230,302.43,0.8197,0.5400,0.194985,12,8,46,280.38,0.8057,0.0754,0.004491,4.496
102444,520,405,925,234,31,175,344.18,0.9532,0.5751,0.215704,34,19,61,296.38,0.6590,0.1302,0.011428,4.325
102450,520,318,838,244,68,253,325.90,0.9928,0.6632,0.304618,16,44,112,263.82,0.8785,0.2197,0.030812,4.388
102461,520,480,1000,184,52,191,325.81,0.8330,0.5096,0.164093,0,0,0,0.00,0.0000,0.0000,0.000000,4.282
102466,520,443,963,179,60,226,314.31,0.8815,0.5351,0.183074,15,18,22,255.64,0.1354,0.0826,0.005921,4.168
102470,520,385,905,254,20,115,6.90,0.9924,0.5864,0.228127,62,12,27,6.86,0.7316,0.1458,0.013664,4.369
102494,520,385,905,239,67,133,1.97,0.8656,0.5932,0.240615,52,29,4,64.58,0.7990,0.1528,0.016177,4.392
102510,520,313,833,204,126,222,319.91,0.7226,0.6628,0.330341,17,62,21,144.75,0.9414,0.2223,0.036184,4.413
102562,520,421,941,190,72,219,319.06,0.8422,0.5598,0.206976,50,1,37,341.47,0.9001,0.1126,0.008335,4.405
102581,520,308,828,254,93,184,348.95,0.9865,0.6685,0.323634,18,65,21,144.26,0.9458,0.2330,0.039632,4.169
102590,520,474,994,210,25,163,342.06,0.9296,0.5206,0.170434,0,2,26,263.65,1.0015,0.0348,0.001180,4.307
102596,520,332,852,251,78,163,354.40,0.9507,0.6375,0.286056,32,53,11,132.19,0.8722,0.1992,0.028774,4.266
102618,520,472,992,195,63,157,341.30,0.7591,0.5197,0.175932,7,2,9,318.75,0.5496,0.0325,0.001083,4.423
102621,520,472,992,210,14,175,338.15,0.9686,0.5234,0.171130,2,1,19,277.92,0.9122,0.0290,0.000816,4.352
102622,520,388,908,238,80,92,20.08,0.8719,0.5948,0.246902,1,43,1,142.58,0.9965,0.1477,0.017363,4.407
102625,520,385,905,232,15,209,334.01,0.9883,0.5851,0.221035,37,33,46,298.76,0.2251,0.1547,0.016783,4.058
102628,520,417,937,250,0,110,7.34,1.0000,0.5723,0.214534,54,2,31,352.12,0.8642,0.1189,0.009267,4.463
102631,520,311,831,242,90,207,337.95,0.9099,0.6559,0.306972,78,32,58,347.35,0.5495,0.2192,0.029584,4.485
102648,520,385,905,246,50,131,2.15,0.9268,0.5910,0.235160,60,17,31,3.25,0.6367,0.1500,0.014606,4.414
102662,520,384,904,225,22,239,325.00,0.9877,0.5949,0.228156,22,5,104,274.58,0.9849,0.1484,0.012785,4.430
102679,520,435,955,243,15,85,14.63,0.9872,0.5546,0.200556,2,17,54,262.02,0.9254,0.0932,0.006801,4.411
102682,520,442,962,177,85,196,320.50,0.7142,0.5427,0.198306,3,15,48,263.30,0.8780,0.0840,0.005744,4.454
102691,520,268,788,234,113,250,322.84,0.9703,0.6981,0.362068,63,63,10,109.50,0.8471,0.2598,0.046337,4.277
102716,520,362,882,225,38,244,323.71,0.9754,0.6052,0.239276,81,0,35,3.48,1.0000,0.1776,0.018710,4.210
102725,520,441,961,176,61,235,311.16,0.8988,0.5388,0.185667,0,0,78,264.05,1.0000,0.0917,0.005500,4.246
102753,520,395,915,249,27,145,356.68,0.9709,0.5890,0.229714,36,16,73,293.68,0.7763,0.1385,0.012267,4.492
102761,520,387,907,255,45,37,28.66,1.0000,0.5867,0.232741,18,42,8,137.78,0.9138,0.1530,0.018020,4.157
102770,520,424,944,219,38,194,335.00,0.9299,0.5617,0.203436,15,24,41,262.40,0.4308,0.1079,0.009149,4.285
102771,520,477,997,187,18,208,322.53,0.9672,0.5054,0.155529,0,1,5,257.10,0.9999,0.0173,0.000327,4.084
102782,520,473,993,177,4,248,310.44,0.9971,0.5192,0.162122,5,0,24,289.10,1.0000,0.0334,0.000982,4.161
102790,520,395,915,204,77,226,321.42,0.8670,0.5917,0.236376,8,34,48,235.72,0.6668,0.1363,0.014090,4.468
102817,520,398,918,210,74,192,333.46,0.8061,0.5767,0.224069,47,3,74,307.19,0.9299,0.1392,0.011639,4.446
102820,520,397,917,195,89,208,323.17,0.7648,0.5823,0.233023,40,18,70,298.84,0.7279,0.1438,0.013259,4.474
102821,520,415,935,246,40,75,19.53,0.9598,0.5698,0.216219,13,23,67,268.94,0.7967,0.1249,0.011036,4.362
102824,520,438,958,231,12,153,350.06,0.9814,0.5521,0.195546,9,22,25,214.05,0.3789,0.0901,0.007021,4.306
102839,520,468,988,174,24,244,310.09,0.9773,0.5168,0.161845,18,0,16,332.06,1.0000,0.0435,0.001660,4.101
102844,520,336,856,255,2,231,333.72,1.0000,0.6380,0.270762,86,17,10,29.92,0.8982,0.1988,0.024016,4.334
102847,520,467,987,178,71,187,324.54,0.7497,0.5187,0.175605,8,3,18,300.10,0.6372,0.0406,0.001604,4.372
102868,520,410,930,225,43,190,337.73,0.9225,0.5733,0.214555,26,11,80,282.55,0.8980,0.1280,0.010381,4.381
102900,520,371,891,213,103,172,343.83,0.6653,0.6117,0.268270,11,49,15,145.00,0.9456,0.1743,0.023022,4.359
102925,520,308,828,232,106,224,329.97,0.8762,0.6705,0.328478,40,58,35,138.99,0.4473,0.2260,0.035985,4.402
102949,520,445,965,211,1,208,329.13,0.9987,0.5435,0.184267,7,20,16,172.49,0.4447,0.0798,0.005829,4.196
102953,520,469,989,194,69,155,342.18,0.7300,0.5242,0.180938,6,7,3,117.97,0.3303,0.0426,0.001972,4.443
102966,520,461,981,207,1,198,330.75,0.9983,0.5294,0.173663,0,0,50,264.05,1.0000,0.0544,0.002303,4.276
103014,520,380,900,219,88,184,339.43,0.7688,0.6047,0.255023,13,40,58,240.93,0.6242,0.1625,0.019086,4.415
103017,520,362,882,247,81,72,27.24,0.9474,0.6090,0.261302,61,34,30,29.05,0.3882,0.1838,0.022300,4.306
103032,520,444,964,212,69,118,3.41,0.7639,0.5407,0.195635,4,10,55,267.83,0.9302,0.0819,0.005187,4.451
103034,520,468,988,215,59,21,33.98,0.9614,0.5166,0.176317,8,5,11,309.36,0.3073,0.0424,0.001843,4.365
103065,520,377,897,201,112,138,2.08,0.5252,0.5956,0.258424,24,37,64,263.68,0.4904,0.1644,0.018874,4.478
103076,520,393,913,217,20,253,319.94,0.9921,0.5913,0.223458,18,4,100,272.94,0.9888,0.1389,0.011355,4.457
103079,520,438,958,227,51,119,3.25,0.8711,0.5510,0.200332,28,9,46,304.05,0.7205,0.0938,0.006395,4.439
103094,520,390,910,219,50,227,326.07,0.9415,0.5907,0.228894,3,41,40,192.27,0.8959,0.1518,0.017584,4.127
103097,520,423,943,206,65,190,332.84,0.8218,0.5588,0.206220,22,12,69,282.06,0.8546,0.1133,0.008632,4.370
103100,520,434,954,203,78,158,344.39,0.7182,0.5525,0.206157,22,16,50,287.31,0.6360,0.1021,0.007714,4.438
103112,520,452,972,226,31,89,12.20,0.9434,0.5265,0.178728,14,8,32,291.58,0.6180,0.0658,0.003713,4.258
103114,520,480,1000,195,56,154,342.12,0.7826,0.5105,0.167653,0,0,0,0.00,0.0000,0.0000,0.000000,4.353
103117,520,444,964,206,70,139,352.70,0.7438,0.5390,0.193682,10,19,27,246.14,0.3425,0.0836,0.006094,4.344
103120,520,352,872,238,85,160,353.52,0.8345,0.6217,0.272150,55,29,72,310.20,0.5844,0.1853,0.021589,4.500
103131,520,293,813,240,105,216,334.92,0.9003,0.6769,0.335887,75,39,88,316.43,0.5696,0.2445,0.036516,4.460
103135,520,459,979,222,48,90,13.17,0.8871,0.5302,0.183844,3,5,40,269.80,0.9260,0.0571,0.002811,4.428
103143,520,445,965,194,9,236,317.79,0.9925,0.5370,0.177223,33,4,28,335.24,0.7337,0.0809,0.004941,4.136
103157,520,434,954,221,68,94,15.03,0.8179,0.5492,0.203171,16,23,37,263.57,0.3602,0.1037,0.008565,4.323
103160,520,378,898,232,46,215,332.49,0.9499,0.6024,0.240186,19,43,12,139.15,0.8680,0.1575,0.018927,4.210
103161,520,426,946,218,7,205,331.67,0.9920,0.5554,0.194674,45,11,21,5.15,0.6314,0.1095,0.008515,4.181
103191,520,363,883,237,16,230,329.97,0.9925,0.6078,0.240910,0,48,17,150.04,1.0000,0.1672,0.021543,4.066
103197,520,440,960,200,8,244,317.63,0.9948,0.5533,0.189862,13,10,55,277.57,0.8481,0.0881,0.005785,4.300
103207,520,468,988,198,67,130,354.30,0.7299,0.5174,0.176336,11,5,2,59.29,0.4579,0.0421,0.001841,4.366
103209,520,399,919,212,5,249,319.66,0.9976,0.5766,0.209470,1,40,19,154.93,0.9878,0.1403,0.015710,3.949
103216,520,377,897,249,75,46,32.06,0.9681,0.6025,0.253726,58,28,23,30.54,0.4795,0.1639,0.017920,4.472
103233,520,476,996,138,90,205,300.29,0.6999,0.5054,0.171236,0,1,3,247.65,1.0000,0.0159,0.000283,4.400
103239,520,467,987,210,53,117,0.97,0.8162,0.5193,0.175345,8,1,23,297.53,0.8681,0.0386,0.001352,4.388
103251,520,380,900,241,71,139,0.56,0.8714,0.6031,0.250744,18,45,5,137.26,0.9574,0.1626,0.020163,4.286
103265,520,440,960,243,14,32,26.89,0.9933,0.5467,0.194765,23,19,4,95.89,0.6220,0.0878,0.006567,4.327
103284,520,398,918,245,14,161,350.54,0.9867,0.5837,0.223030,10,37,39,201.96,0.6126,0.1415,0.015341,4.179
103292,520,438,958,226,55,111,6.66,0.8595,0.5500,0.200515,31,16,13,31.90,0.3570,0.0932,0.006910,4.402
103295,520,397,917,212,85,163,345.59,0.7230,0.5792,0.231404,21,33,40,234.45,0.2803,0.1365,0.014003,4.397
103302,520,476,996,196,60,146,345.89,0.7630,0.5126,0.170446,3,0,15,291.58,1.0000,0.0243,0.000538,4.362
103334,520,289,809,159,153,238,286.14,0.7226,0.6766,0.363261,30,63,63,195.50,0.4694,0.2446,0.041898,4.497
103341,520,330,850,237,105,121,15.03,0.7901,0.6350,0.294909,0,41,110,260.35,1.0000,0.2055,0.027115,4.473
103345,520,367,887,228,65,210,332.91,0.9031,0.6075,0.249301,13,18,115,268.19,0.9722,0.1725,0.017558,4.430
103347,520,417,937,184,68,247,310.59,0.9472,0.5674,0.210410,38,2,68,302.50,0.9482,0.1182,0.008729,4.434
103353,520,476,996,164,66,215,311.53,0.8281,0.5112,0.166960,6,0,2,353.79,1.0000,0.0210,0.000431,4.302
103360,520,401,921,255,4,100,11.21,1.0000,0.5808,0.222707,32,29,49,290.19,0.3469,0.1408,0.014076,4.256
103361,520,385,905,197,74,246,314.48,0.9424,0.5919,0.234230,4,23,94,264.83,0.9513,0.1499,0.014466,4.409
103376,520,353,873,244,34,218,334.52,0.9774,0.6188,0.254420,10,1,133,266.78,0.9992,0.1806,0.017795,4.490
103394,520,470,990,217,0,143,350.04,1.0000,0.5170,0.167374,1,5,18,259.47,0.7634,0.0386,0.001587,4.214
103395,520,464,984,199,47,176,335.17,0.8456,0.5215,0.173115,12,9,6,71.59,0.1865,0.0538,0.002867,4.220
103405,520,449,969,234,7,93,10.70,0.9915,0.5357,0.184378,19,13,19,326.24,0.2177,0.0737,0.004733,4.282
103409,520,441,961,224,58,69,22.41,0.8911,0.5389,0.193058,26,1,58,295.96,0.9688,0.0900,0.005468,4.382
103411,520,417,937,206,1,249,318.16,0.9995,0.5659,0.199848,46,13,38,338.09,0.6251,0.1218,0.010087,4.158
103418,520,421,941,215,15,217,327.82,0.9854,0.5599,0.198006,21,19,52,282.30,0.6090,0.1089,0.008731,4.223
103434,520,351,871,233,104,114,17.67,0.7699,0.6250,0.284418,25,51,29,147.71,0.6194,0.1911,0.026630,4.364
103440,520,424,944,178,66,245,309.26,0.9365,0.5551,0.199548,41,17,17,20.96,0.4703,0.1116,0.009128,4.220
103441,520,432,952,143,92,250,293.56,0.9413,0.5501,0.203961,24,12,48,294.59,0.6862,0.0953,0.006705,4.479
103454,520,405,925,210,18,255,317.77,1.0000,0.5809,0.213560,18,27,64,269.95,0.6581,0.1346,0.012826,4.195
103469,520,412,932,216,13,223,326.60,0.9893,0.5654,0.202166,12,21,63,269.33,0.7942,0.1161,0.009733,4.222
103471,520,351,871,193,105,248,310.34,0.9213,0.6293,0.282188,14,50,53,202.90,0.6625,0.1910,0.026315,4.353
103473,520,282,802,238,114,217,334.24,0.8820,0.6874,0.352238,10,62,86,234.31,0.8219,0.2459,0.041815,4.381
103480,520,466,986,171,33,252,307.27,0.9852,0.5240,0.167747,7,3,29,285.41,0.8090,0.0469,0.001990,4.188
103482,520,437,957,217,79,23,39.10,0.9458,0.5455,0.204080,16,19,26,266.77,0.1978,0.0877,0.006505,4.497
103529,520,390,910,213,80,185,336.92,0.7803,0.5851,0.233882,46,17,71,305.06,0.7405,0.1514,0.014367,4.410
103553,520,425,945,188,71,224,317.14,0.8559,0.5591,0.205809,11,29,20,160.52,0.5337,0.1098,0.010004,4.263
103555,520,430,950,192,22,246,314.86,0.9832,0.5458,0.184354,30,15,32,322.66,0.4421,0.0973,0.007220,4.096
103564,520,262,782,248,113,238,330.41,0.9664,0.7115,0.379422,74,58,24,84.12,0.5996,0.2612,0.045480,4.497
103565,520,395,915,223,5,240,324.37,0.9975,0.5883,0.220900,56,9,46,337.87,0.7465,0.1393,0.012335,4.346
103567,520,373,893,222,50,231,325.86,0.9487,0.5985,0.235825,34,25,86,283.40,0.7560,0.1644,0.017072,4.261
103605,520,453,973,228,27,94,10.43,0.9533,0.5299,0.180889,3,2,61,267.97,0.9907,0.0743,0.003997,4.276
103615,520,454,974,201,68,136,352.47,0.7364,0.5264,0.183312,11,11,34,279.96,0.5881,0.0704,0.004260,4.300
103629,520,420,940,213,56,193,333.83,0.8686,0.5638,0.208268,23,20,45,286.95,0.4900,0.1077,0.008719,4.398
103669,520,335,855,209,105,236,318.96,0.8654,0.6430,0.297160,22,55,17,141.12,0.9020,0.2001,0.029433,4.370
103670,520,325,845,254,21,243,330.75,0.9965,0.6475,0.280814,42,20,125,281.08,0.9230,0.2087,0.024731,4.427
103682,520,423,943,128,102,255,285.92,1.0000,0.5560,0.213116,14,30,5,135.39,0.8709,0.1113,0.010328,4.361
103685,520,435,955,195,84,153,344.75,0.6609,0.5455,0.202443,35,4,43,318.70,0.8012,0.0939,0.006186,4.493
103706,520,430,950,242,16,67,19.70,0.9883,0.5493,0.196565,22,16,41,292.31,0.5244,0.0953,0.007012,4.325
103709,520,378,898,248,1,194,341.53,0.9994,0.6034,0.238765,61,23,25,18.89,0.5660,0.1599,0.016752,4.326
103710,520,447,967,238,21,75,17.37,0.9797,0.5439,0.192247,11,20,19,187.44,0.2507,0.0835,0.006185,4.312
103714,520,462,982,187,66,186,328.14,0.7788,0.5262,0.180078,12,6,1,75.17,0.6822,0.0452,0.002106,4.416
103720,520,414,934,178,77,248,307.81,0.9438,0.5702,0.215508,31,22,38,309.56,0.3418,0.1167,0.010051,4.421
103721,520,396,916,239,70,82,21.39,0.8991,0.5829,0.233433,24,29,55,273.81,0.4661,0.1371,0.013487,4.464
103728,520,388,908,246,47,143,357.78,0.9289,0.5931,0.236123,31,37,20,124.41,0.3907,0.1497,0.016649,4.293
103739,520,386,906,237,58,166,348.75,0.8893,0.5942,0.237867,5,43,22,154.56,0.9396,0.1530,0.018179,4.222
103763,520,443,963,218,22,167,342.72,0.9515,0.5368,0.182717,2,13,52,264.04,0.9297,0.0830,0.005487,4.194
103783,520,336,856,214,89,253,317.17,0.9856,0.6392,0.285343,21,55,30,150.11,0.7632,0.2022,0.029854,4.199
103785,520,455,975,186,69,194,325.14,0.7837,0.5332,0.185917,4,15,10,165.90,0.5340,0.0623,0.003894,4.377
103795,520,340,860,254,51,198,342.35,0.9929,0.6352,0.275190,25,16,134,271.46,0.9772,0.2025,0.022983,4.456
103806,520,431,951,180,59,243,310.75,0.9338,0.5491,0.193032,3,13,63,265.79,0.9421,0.0950,0.006660,4.289
103824,520,448,968,191,87,141,350.03,0.6178,0.5384,0.198174,9,20,6,138.42,0.6405,0.0784,0.005715,4.454
103825,520,450,970,194,45,215,322.29,0.9109,0.5372,0.182539,33,1,1,27.77,0.9629,0.0653,0.003473,4.349
103851,520,338,858,247,105,32,43.06,0.9588,0.6381,0.299848,26,55,20,140.28,0.8356,0.2029,0.030024,4.372
103852,520,432,952,219,40,165,344.02,0.8968,0.5468,0.192967,44,0,37,335.73,1.0000,0.0995,0.006691,4.286
103859,520,356,876,234,52,234,328.14,0.9592,0.6219,0.258914,11,46,52,211.00,0.6932,0.1767,0.022730,4.247
103860,520,392,912,211,65,220,325.45,0.8912,0.5857,0.227986,61,5,58,330.64,0.8264,0.1523,0.014063,4.339
103861,520,1,521,255,255,255,0.00,0.0000,1.0000,1.000000,37,137,37,142.96,0.9706,0.4819,0.184175,4.484
103874,520,443,963,174,64,230,311.47,0.8777,0.5351,0.183795,1,13,53,262.95,0.9618,0.0833,0.005513,4.212
103882,520,431,951,248,0,39,25.47,1.0000,0.5550,0.201066,24,8,63,288.04,0.8571,0.1033,0.007267,4.384
103908,520,447,967,218,59,128,358.83,0.8160,0.5443,0.195943,26,10,28,322.99,0.5143,0.0807,0.005206,4.455
103916,520,409,929,189,75,233,314.98,0.8770,0.5719,0.217353,42,17,51,316.30,0.6152,0.1298,0.011322,4.360
103930,520,475,995,207,48,135,352.37,0.8253,0.5161,0.171307,0,5,7,214.81,1.0000,0.0324,0.001239,4.319
103931,520,343,863,182,114,245,305.86,0.8663,0.6282,0.285729,6,51,55,203.99,0.8479,0.1925,0.026821,4.370
103937,520,479,999,219,40,20,30.53,0.9729,0.5074,0.166309,1,0,1,328.36,1.0000,0.0103,0.000086,4.319
103945,520,423,943,229,53,132,358.88,0.8682,0.5611,0.208729,3,17,69,264.78,0.9362,0.1090,0.008499,4.423
103953,520,459,979,157,78,237,302.80,0.8745,0.5349,0.187317,16,4,37,295.61,0.7974,0.0638,0.003306,4.452
103957,520,444,964,237,0,79,15.27,1.0000,0.5373,0.185723,18,3,52,288.60,0.9151,0.0779,0.004417,4.332
103966,520,410,930,218,40,203,332.20,0.9333,0.5667,0.207370,44,19,37,338.66,0.4834,0.1280,0.011349,4.195
103972,520,399,919,245,46,115,7.19,0.9315,0.5812,0.226076,60,11,6,30.18,0.8714,0.1355,0.012133,4.443
103985,520,368,888,236,80,143,359.26,0.8250,0.6057,0.255562,50,34,38,2.40,0.2295,0.1700,0.019622,4.389
103990,520,479,999,159,90,162,325.61,0.5539,0.5051,0.172926,1,0,5,292.48,1.0000,0.0142,0.000174,4.443
104011,520,435,955,200,59,208,325.66,0.8658,0.5541,0.199630,23,20,19,39.36,0.0696,0.0942,0.007295,4.357
104023,520,359,879,235,45,242,326.54,0.9726,0.6244,0.259522,75,21,9,34.04,0.8421,0.1807,0.020522,4.389
104042,520,440,960,187,85,176,331.74,0.6781,0.5459,0.201977,29,14,18,2.66,0.3413,0.0878,0.006190,4.484
104043,520,349,869,247,66,184,345.52,0.9358,0.6275,0.271344,76,25,24,24.25,0.6793,0.1916,0.022980,4.403
104065,520,449,969,233,15,109,5.40,0.9784,0.5401,0.187725,25,9,0,60.40,1.0000,0.0675,0.004021,4.401
104072,520,362,882,249,74,90,20.16,0.9507,0.6078,0.257789,3,21,122,264.89,0.9784,0.1824,0.019607,4.422
104082,520,479,999,191,79,78,23.28,0.6891,0.5055,0.172201,3,0,0,29.23,1.0000,0.0143,0.000194,4.427
104101,520,447,967,210,35,192,333.21,0.9238,0.5426,0.187115,27,10,20,344.97,0.4451,0.0783,0.005006,4.311
104132,520,451,971,209,31,193,332.65,0.9350,0.5393,0.183876,8,15,17,216.97,0.2360,0.0677,0.004337,4.304
104136,520,409,929,244,36,95,12.88,0.9559,0.5676,0.213245,14,6,94,271.37,0.9833,0.1303,0.010317,4.364
104143,520,428,948,209,8,234,322.23,0.9942,0.5604,0.196713,39,8,29,342.48,0.6555,0.0979,0.006938,4.333
104149,520,420,940,222,15,196,335.08,0.9813,0.5587,0.198592,8,25,41,248.81,0.5815,0.1063,0.009069,4.208
104162,520,332,852,243,64,224,332.85,0.9455,0.6401,0.281061,49,47,36,98.84,0.1881,0.2023,0.028134,4.237
104177,520,382,902,255,52,74,21.75,1.0000,0.5961,0.242141,64,20,36,0.45,0.6151,0.1641,0.017178,4.349
104201,520,397,917,244,43,121,4.70,0.9344,0.5790,0.223446,26,26,71,278.59,0.6711,0.1446,0.014133,4.264
104203,520,375,895,246,80,43,33.90,0.9517,0.6025,0.255079,30,39,27,137.96,0.2863,0.1566,0.018062,4.482
104207,520,461,981,212,41,146,348.96,0.8661,0.5251,0.176605,15,3,27,305.44,0.7501,0.0532,0.002458,4.320
104211,520,332,852,251,83,164,354.56,0.9473,0.6434,0.293793,39,48,58,251.25,0.1942,0.2037,0.028507,4.379
104212,520,362,882,234,69,197,338.40,0.8884,0.6142,0.257825,4,32,102,263.24,0.9596,0.1776,0.020180,4.386
104229,520,426,946,208,77,169,341.29,0.7508,0.5648,0.215841,26,26,25,106.56,0.0227,0.1150,0.010286,4.410
104236,520,161,681,251,165,255,325.29,1.0000,0.8089,0.546413,58,93,44,137.42,0.6865,0.3516,0.089099,4.288
104251,520,383,903,248,70,70,25.40,0.9573,0.5981,0.247824,0,42,15,150.76,1.0000,0.1459,0.016903,4.452
104254,520,416,936,226,2,214,331.31,0.9984,0.5748,0.210697,12,0,96,270.36,1.0000,0.1248,0.009226,4.402
104292,520,479,999,226,29,2,30.72,0.9978,0.5146,0.170548,1,0,5,292.48,1.0000,0.0142,0.000174,4.396
104304,520,442,962,221,67,7,36.84,0.9880,0.5370,0.194044,6,12,51,269.39,0.8720,0.0828,0.005406,4.405
104305,520,355,875,255,15,187,345.02,1.0000,0.6156,0.251930,48,32,73,299.72,0.5454,0.1827,0.021425,4.227
104309,520,363,883,229,48,237,326.21,0.9624,0.6128,0.248887,12,41,72,252.72,0.7160,0.1747,0.021318,4.191
104332,520,258,778,225,140,213,332.08,0.7239,0.7109,0.395694,43,68,75,217.27,0.3153,0.2737,0.051557,4.389
104338,520,380,900,251,69,28,33.52,0.9808,0.5985,0.248529,33,31,74,281.91,0.5960,0.1647,0.017977,4.392
104357,520,445,965,236,40,26,29.62,0.9724,0.5433,0.194282,10,19,17,179.22,0.2682,0.0794,0.005707,4.385
104379,520,458,978,181,79,176,329.45,0.6939,0.5277,0.185515,0,6,44,263.27,1.0006,0.0604,0.003121,4.434
104391,520,388,908,244,62,104,12.81,0.9149,0.5892,0.236811,27,39,4,126.40,0.8895,0.1493,0.016928,4.285
104397,520,432,952,233,61,29,32.52,0.9601,0.5550,0.207529,44,10,16,12.92,0.6569,0.1047,0.007901,4.448
104409,520,422,942,198,69,202,326.60,0.8197,0.5574,0.205278,22,25,23,156.67,0.0771,0.1076,0.009277,4.307
104410,520,463,983,220,52,77,18.31,0.8859,0.5268,0.182101,12,10,1,101.51,0.7688,0.0544,0.002974,4.381
104473,520,462,982,188,20,239,315.32,0.9818,0.5328,0.174249,18,3,20,323.46,0.6768,0.0526,0.002442,4.276
104490,520,365,885,255,7,180,346.91,1.0000,0.6106,0.247108,80,3,1,29.69,0.9886,0.1708,0.017731,4.387
104523,520,433,953,227,43,130,358.37,0.8938,0.5487,0.196731,15,16,52,276.83,0.7065,0.0976,0.007200,4.313
104547,520,466,986,186,45,204,322.83,0.8842,0.5159,0.166769,9,5,24,291.28,0.6213,0.0499,0.002326,4.143
104556,520,312,832,252,56,249,328.83,0.9900,0.6645,0.303663,65,47,23,72.88,0.5149,0.2197,0.032188,4.303
104557,520,390,910,252,56,41,29.45,0.9869,0.5892,0.236875,57,11,62,323.64,0.7682,0.1540,0.014571,4.443
104563,520,471,991,205,70,78,20.80,0.7797,0.5180,0.179116,18,0,13,338.08,1.0000,0.0421,0.001577,4.442
104590,520,362,882,249,27,200,340.31,0.9816,0.6147,0.250970,10,28,112,266.22,0.9481,0.1834,0.020647,4.260
104592,520,385,905,254,56,38,29.91,0.9955,0.5930,0.240428,31,39,1,120.84,0.9652,0.1525,0.017445,4.306
104599,520,394,914,244,55,127,3.69,0.9110,0.5897,0.235010,45,26,30,5.86,0.3093,0.1410,0.013905,4.460
104604,520,479,999,125,83,245,289.15,0.9200,0.5120,0.171389,0,0,7,264.05,1.0000,0.0135,0.000153,4.414
104620,520,438,958,195,57,223,320.19,0.8958,0.5546,0.198575,6,13,58,268.66,0.9038,0.0916,0.006320,4.414
104647,520,443,963,199,66,175,335.84,0.7796,0.5396,0.191354,6,2,63,271.04,0.9880,0.0790,0.004410,4.436
104652,520,374,894,240,80,75,26.01,0.9057,0.5953,0.247737,43,35,18,85.13,0.4186,0.1571,0.017594,4.405
104662,520,464,984,187,48,208,321.97,0.8834,0.5229,0.172341,1,12,2,146.28,0.9575,0.0497,0.002738,4.216
104696,520,473,993,197,63,155,342.71,0.7612,0.5222,0.177937,4,1,13,296.75,0.7750,0.0278,0.000766,4.490
104705,520,465,985,143,96,201,302.42,0.6573,0.5195,0.184227,9,8,20,286.77,0.3987,0.0543,0.002822,4.434
104711,520,323,843,227,114,182,344.96,0.7232,0.6548,0.317450,1,57,58,196.74,0.9797,0.2120,0.032380,4.460
104718,520,394,914,242,23,175,345.82,0.9755,0.5871,0.225883,62,2,46,342.06,0.8800,0.1433,0.012650,4.404
104724,520,458,978,231,21,66,19.34,0.9781,0.5275,0.179217,9,13,0,120.55,1.0000,0.0584,0.003459,4.288
104729,520,376,896,241,7,211,335.55,0.9959,0.6012,0.235588,14,44,10,141.38,0.9311,0.1578,0.019166,4.129
104786,520,389,909,254,5,144,357.40,0.9963,0.5928,0.231966,13,41,28,161.00,0.6823,0.1514,0.017552,4.174
104788,520,437,957,237,7,132,358.11,0.9905,0.5543,0.198255,21,20,25,294.62,0.1249,0.0944,0.007299,4.333
104821,520,332,852,219,102,213,329.44,0.7989,0.6395,0.293687,44,51,12,118.76,0.7524,0.2036,0.029297,4.334
104834,520,443,963,231,36,77,17.24,0.9468,0.5369,0.187895,25,13,26,324.09,0.3905,0.0838,0.005691,4.272
104846,520,474,994,188,35,213,321.26,0.9303,0.5190,0.166989,8,2,7,331.93,0.5158,0.0328,0.001104,4.246
104849,520,393,913,253,25,114,7.28,0.9850,0.5858,0.227965,58,17,10,31.88,0.7483,0.1407,0.013225,4.396
104851,520,257,777,239,127,218,334.63,0.8748,0.7097,0.385936,25,71,74,201.18,0.6342,0.2723,0.052073,4.271
104852,520,414,934,252,23,23,28.55,0.9902,0.5681,0.213739,32,13,58,298.66,0.7344,0.1150,0.009004,4.470
104853,520,478,998,168,20,250,307.14,0.9842,0.5117,0.157280,0,1,14,263.36,1.0007,0.0229,0.000534,4.102
104859,520,443,963,195,66,193,328.49,0.8048,0.5435,0.193503,1,19,34,243.33,0.8579,0.0816,0.005877,4.358
104871,520,342,862,241,48,233,330.10,0.9684,0.6305,0.267006,78,22,14,30.93,0.8048,0.1890,0.022255,4.387
104891,520,397,917,134,112,254,286.23,0.9817,0.5793,0.238121,3,34,57,245.04,0.8383,0.1400,0.014587,4.461
104900,520,479,999,168,84,163,329.55,0.6112,0.5084,0.173108,0,0,2,264.05,1.0000,0.0079,0.000044,4.458
104906,520,438,958,239,29,51,24.21,0.9768,0.5456,0.194718,5,21,26,219.84,0.5614,0.0852,0.006432,4.337
104912,520,373,893,211,48,255,317.48,1.0000,0.5967,0.231845,15,12,110,269.72,0.9790,0.1594,0.014902,4.343
104921,520,414,934,244,30,124,2.82,0.9603,0.5728,0.216202,13,15,81,271.28,0.9337,0.1247,0.010212,4.421
104931,520,477,997,141,87,213,300.38,0.7453,0.5098,0.172834,2,2,4,284.11,0.2654,0.0240,0.000651,4.399
104937,520,423,943,194,99,133,358.73,0.5569,0.5599,0.220880,1,27,50,247.79,0.9120,0.1142,0.010206,4.499
104940,520,427,947,228,33,175,342.83,0.9402,0.5648,0.206795,15,24,36,255.84,0.3533,0.1050,0.008822,4.366
104945,520,471,991,228,35,2,31.29,0.9978,0.5223,0.177034,9,3,21,298.94,0.6860,0.0434,0.001773,4.385
104948,520,359,879,250,92,33,38.42,0.9688,0.6246,0.280915,4,46,68,237.61,0.8621,0.1837,0.023970,4.474
104964,520,429,949,233,41,112,5.91,0.9185,0.5531,0.200824,37,16,7,43.93,0.5786,0.1009,0.007793,4.340
104968,520,422,942,249,1,63,20.70,0.9994,0.5602,0.205240,11,22,54,266.60,0.6953,0.1098,0.009113,4.318
104983,520,422,942,200,75,183,333.46,0.7629,0.5565,0.207321,13,30,2,134.21,0.9541,0.1101,0.010185,4.276
104999,520,313,833,251,57,238,331.20,0.9843,0.6566,0.296115,88,28,24,27.12,0.7338,0.2201,0.029715,4.342
105012,520,480,1000,222,16,80,13.76,0.9759,0.5095,0.164821,0,0,0,0.00,0.0000,0.0000,0.000000,4.296
105013,520,369,889,187,113,202,320.69,0.6311,0.6066,0.266403,32,43,22,131.13,0.4676,0.1693,0.020927,4.461
105021,520,359,879,206,94,225,321.63,0.8311,0.6160,0.265649,33,46,36,151.60,0.2690,0.1833,0.024047,4.263
105022,520,468,988,211,0,174,338.64,1.0000,0.5215,0.169071,9,0,23,301.93,1.0000,0.0370,0.001199,4.279
105026,520,442,962,205,49,192,331.87,0.8737,0.5434,0.189834,10,13,42,274.34,0.6846,0.0796,0.005195,4.345
105054,520,426,946,213,67,170,341.80,0.8002,0.5620,0.210648,8,25,47,255.71,0.6416,0.1103,0.009521,4.379
105057,520,444,964,229,37,105,7.44,0.9240,0.5404,0.190040,14,17,32,274.31,0.3864,0.0844,0.005985,4.288
105065,520,406,926,245,37,131,1.03,0.9476,0.5807,0.223776,58,14,0,40.23,1.0000,0.1344,0.012138,4.406
105068,520,368,888,220,76,223,327.02,0.8889,0.6135,0.257142,24,47,11,136.04,0.8773,0.1738,0.022513,4.236
105069,520,467,987,120,84,255,286.01,1.0000,0.5178,0.175534,0,5,23,258.46,1.0000,0.0406,0.001704,4.362
105075,520,458,978,181,30,244,312.00,0.9701,0.5303,0.172850,3,12,32,260.64,0.7271,0.0649,0.003866,4.137
105081,520,435,955,226,37,154,349.29,0.9144,0.5529,0.198276,6,24,11,151.34,0.7381,0.0892,0.007161,4.343
105086,520,142,662,239,188,222,338.91,0.6869,0.8262,0.595923,3,103,14,143.49,0.9978,0.3600,0.097511,4.379
105091,520,449,969,236,36,4,31.10,0.9963,0.5398,0.191066,3,5,50,268.63,0.9594,0.0671,0.003582,4.499
105101,520,394,914,236,53,162,349.60,0.8969,0.5864,0.229906,0,40,0,142.50,1.0000,0.1366,0.015175,4.295
105109,520,477,997,227,3,17,28.04,0.9982,0.5085,0.164395,1,1,12,274.56,0.8685,0.0231,0.000547,4.241
105110,520,388,908,217,30,245,321.58,0.9807,0.5888,0.222748,29,38,29,144.93,0.2371,0.1533,0.017361,4.049
105114,520,337,857,242,72,215,335.13,0.9306,0.6405,0.284210,62,33,70,318.68,0.5232,0.2018,0.025541,4.424
105115,520,352,872,234,106,1,48.25,0.9983,0.6163,0.278054,57,43,0,89.43,1.0000,0.1950,0.025977,4.318
105125,520,389,909,219,76,177,341.38,0.7968,0.5860,0.234055,16,8,106,270.80,0.9836,0.1503,0.013243,4.491
105126,520,400,920,224,20,225,328.07,0.9852,0.5827,0.217862,65,1,10,20.51,0.9808,0.1354,0.011676,4.343
105142,520,476,996,217,46,14,32.14,0.9801,0.5078,0.167400,1,2,7,266.83,0.5685,0.0241,0.000652,4.292
105151,520,421,941,224,24,190,337.30,0.9645,0.5617,0.202208,21,15,62,282.04,0.7732,0.1100,0.008489,4.312
105163,520,443,963,208,74,108,8.41,0.7347,0.5366,0.193923,24,14,3,71.93,0.6318,0.0770,0.005149,4.423
105171,520,370,890,223,54,241,323.65,0.9539,0.6099,0.246793,70,22,4,39.94,0.8809,0.1715,0.018849,4.311
105187,520,421,941,240,45,38,28.44,0.9623,0.5559,0.205453,22,28,6,122.27,0.6776,0.1117,0.010142,4.247
105193,520,450,970,222,3,170,342.56,0.9945,0.5411,0.184995,31,5,11,7.93,0.6645,0.0723,0.004241,4.332
105205,520,479,999,174,48,224,313.78,0.9060,0.5146,0.164954,0,1,1,194.77,1.0000,0.0143,0.000239,4.279
105208,520,409,929,250,0,92,12.88,1.0000,0.5677,0.211003,3,34,35,198.02,0.8485,0.1271,0.012847,4.153
105225,520,420,940,173,75,245,306.96,0.9256,0.5586,0.205097,52,0,12,13.46,1.0000,0.1053,0.007567,4.431
105231,520,433,953,212,70,148,350.38,0.7663,0.5534,0.205176,28,13,39,308.92,0.5696,0.0952,0.006812,4.492
105232,520,410,930,185,63,252,310.13,0.9796,0.5677,0.208986,31,29,17,99.85,0.3076,0.1261,0.012105,4.170
105239,520,462,982,221,58,21,33.47,0.9665,0.5275,0.184551,4,7,26,270.51,0.6651,0.0512,0.002523,4.466
105250,520,360,880,240,64,191,341.59,0.9058,0.6168,0.259565,48,24,89,295.42,0.7470,0.1814,0.020029,4.421
105252,520,205,725,250,150,232,333.81,0.9626,0.7701,0.479650,33,86,11,138.73,0.9784,0.3098,0.070028,4.413
105258,520,476,996,198,76,67,27.29,0.7590,0.5113,0.175818,0,3,2,174.96,1.0000,0.0237,0.000695,4.454
105262,520,450,970,242,14,29,27.28,0.9933,0.5443,0.192835,0,17,14,181.95,1.0000,0.0658,0.004326,4.470
105263,520,438,958,239,22,105,8.01,0.9720,0.5535,0.199477,10,20,35,258.28,0.4665,0.0906,0.006862,4.387
105270,520,389,909,241,4,191,340.84,0.9968,0.5890,0.225522,68,5,28,5.65,0.8517,0.1511,0.014215,4.291
105278,520,356,876,254,81,6,37.62,0.9956,0.6169,0.269724,48,34,62,306.28,0.4162,0.1796,0.021203,4.490
105288,520,317,837,227,94,243,323.26,0.9383,0.6580,0.308093,12,58,70,219.34,0.7711,0.2245,0.035463,4.190
105308,520,434,954,206,29,216,325.64,0.9590,0.5485,0.189603,5,18,60,265.29,0.8858,0.1029,0.007911,4.137
105318,520,420,940,191,55,239,315.19,0.9257,0.5587,0.200420,48,5,35,342.76,0.7714,0.1130,0.008584,4.275
105327,520,468,988,186,77,148,343.36,0.6636,0.5182,0.178864,10,3,7,341.62,0.4282,0.0378,0.001450,4.448
105339,520,413,933,239,29,144,355.13,0.9555,0.5697,0.212462,31,11,64,294.59,0.8004,0.1164,0.009008,4.448
105349,520,466,986,197,79,96,14.32,0.6816,0.5205,0.183087,21,0,15,339.11,1.0000,0.0474,0.001939,4.488
105358,520,431,951,204,57,198,329.77,0.8580,0.5524,0.198426,26,10,55,294.04,0.7718,0.1006,0.007125,4.349
105394,520,448,968,184,29,252,311.20,0.9857,0.5414,0.180984,1,23,10,156.57,0.9648,0.0828,0.006411,4.095
105399,520,315,835,255,98,122,14.34,1.0000,0.6556,0.314039,49,44,89,286.24,0.5141,0.2227,0.031756,4.453
105441,520,433,953,213,31,193,333.70,0.9395,0.5465,0.189785,3,0,83,266.28,1.0000,0.1009,0.006438,4.249
105446,520,380,900,176,102,241,306.08,0.8545,0.5981,0.250843,22,43,16,139.07,0.7415,0.1601,0.019357,4.338
105452,520,445,965,213,26,193,333.69,0.9522,0.5441,0.187373,32,7,25,339.75,0.6204,0.0828,0.005293,4.293
105476,520,455,975,232,35,19,29.90,0.9806,0.5314,0.184080,20,6,24,318.64,0.5779,0.0635,0.003449,4.379
105482,520,327,847,191,119,246,308.44,0.8776,0.6484,0.309246,24,48,87,259.64,0.6324,0.2114,0.029961,4.493
105488,520,463,983,232,10,87,12.49,0.9881,0.5307,0.180641,2,11,1,140.05,0.9463,0.0478,0.002544,4.389
105499,520,308,828,166,148,231,293.08,0.6624,0.6683,0.350563,2,66,22,147.88,0.9945,0.2319,0.039671,4.467
105505,520,445,965,225,62,66,24.23,0.8885,0.5445,0.198489,31,5,36,320.99,0.7405,0.0843,0.005273,4.496
105515,520,451,971,190,62,210,321.93,0.8485,0.5423,0.190469,24,9,10,16.05,0.4038,0.0689,0.004115,4.444
105517,520,442,962,201,35,206,326.84,0.9308,0.5360,0.180776,32,6,28,334.06,0.6666,0.0827,0.005212,4.180
105531,520,379,899,228,71,183,341.46,0.8472,0.5988,0.244218,75,7,5,28.56,0.9459,0.1637,0.016590,4.418
105533,520,451,971,191,7,247,314.56,0.9954,0.5410,0.179450,28,8,5,32.41,0.5934,0.0714,0.004315,4.224
105535,520,463,983,181,43,234,313.81,0.9369,0.5297,0.174931,18,7,3,48.65,0.5048,0.0550,0.002871,4.254
105539,520,246,766,230,160,125,47.40,0.6137,0.7274,0.434471,20,79,25,144.40,0.9602,0.2823,0.058106,4.481
105542,520,379,899,252,38,142,358.69,0.9741,0.5989,0.240382,59,27,6,50.84,0.7619,0.1604,0.017270,4.317
105553,520,355,875,224,51,254,321.00,0.9956,0.6187,0.253727,24,43,64,251.97,0.4644,0.1812,0.022920,4.165
105563,520,329,849,242,75,221,333.48,0.9351,0.6468,0.291325,46,50,37,121.65,0.2183,0.2079,0.029956,4.269
105568,520,441,961,217,64,115,4.80,0.7993,0.5432,0.196587,33,14,21,357.22,0.4136,0.0946,0.006916,4.332
105583,520,458,978,198,51,190,330.45,0.8527,0.5317,0.180928,10,12,21,274.31,0.2892,0.0640,0.003816,4.291
105591,520,437,957,227,59,100,11.68,0.8589,0.5526,0.203817,10,24,14,152.14,0.5076,0.0925,0.007495,4.415
105594,520,387,907,228,95,35,41.55,0.9192,0.5898,0.248024,12,36,61,251.72,0.6532,0.1525,0.016768,4.464
105598,520,433,953,200,70,184,333.05,0.7827,0.5510,0.201221,12,21,46,266.89,0.5874,0.1018,0.008117,4.323
105608,520,461,981,167,49,253,305.16,0.9880,0.5302,0.175046,5,10,19,258.19,0.3971,0.0547,0.002964,4.249
105612,520,393,913,219,29,246,321.87,0.9826,0.5925,0.225946,40,16,71,299.00,0.7590,0.1416,0.012766,4.396
105621,520,471,991,218,52,67,21.59,0.8951,0.5208,0.177692,13,5,1,62.03,0.6701,0.0439,0.001963,4.382
105624,520,248,768,220,153,186,348.46,0.5212,0.7183,0.415447,36,76,45,149.38,0.6838,0.2834,0.057332,4.337
105656,520,479,999,216,49,12,32.88,0.9821,0.5083,0.168247,1,0,3,302.89,1.0000,0.0124,0.000130,4.354
105667,520,446,966,197,55,204,325.96,0.8652,0.5427,0.189639,31,11,5,39.80,0.5987,0.0814,0.005416,4.324
105668,520,420,940,212,40,207,329.53,0.9307,0.5587,0.200216,21,17,59,281.81,0.7169,0.1109,0.008761,4.258
105676,520,422,942,227,69,101,13.11,0.8286,0.5634,0.215294,16,29,19,150.88,0.4056,0.1127,0.010359,4.395
105684,520,421,941,223,54,161,346.96,0.8587,0.5628,0.209020,45,2,48,325.31,0.8724,0.1117,0.008148,4.455
105700,520,434,954,216,35,194,334.21,0.9336,0.5546,0.196982,16,23,27,233.36,0.1961,0.0985,0.008021,4.257
105704,520,378,898,204,88,214,324.43,0.8049,0.5980,0.246734,66,12,43,349.78,0.7377,0.1604,0.015958,4.499
105722,520,475,995,105,92,254,280.06,0.9915,0.5167,0.178128,0,1,27,264.17,0.9862,0.0328,0.001008,4.472
105731,520,456,976,221,54,50,27.11,0.9182,0.5261,0.182435,18,8,16,334.05,0.3563,0.0613,0.003397,4.353
105736,520,462,982,208,31,177,337.16,0.9175,0.5276,0.175663,1,12,12,195.01,0.7875,0.0529,0.002959,4.261
105739,520,442,962,152,82,240,299.92,0.8819,0.5368,0.190015,29,14,2,62.83,0.7476,0.0835,0.005797,4.302
105744,520,444,964,226,58,38,30.59,0.9369,0.5388,0.193376,23,15,10,53.32,0.2717,0.0797,0.005457,4.389
105755,520,462,982,139,83,246,294.02,0.9206,0.5281,0.183293,7,9,18,272.73,0.3281,0.0538,0.002842,4.415
105775,520,380,900,248,32,180,345.80,0.9691,0.6045,0.242880,42,29,54,307.22,0.4152,0.1556,0.016373,4.413
105788,520,448,968,235,38,9,31.01,0.9916,0.5391,0.190713,27,10,28,325.14,0.5199,0.0820,0.005340,4.350
105813,520,338,858,228,70,255,321.35,1.0000,0.6410,0.280964,47,50,15,113.68,0.6755,0.2042,0.029200,4.179
105815,520,457,977,142,84,240,295.98,0.8791,0.5279,0.183828,31,0,8,5.97,1.0000,0.0616,0.003089,4.404
105817,520,433,953,222,55,120,2.39,0.8430,0.5452,0.196206,41,1,39,330.45,0.8937,0.0967,0.006397,4.366
105826,520,423,943,236,25,132,358.42,0.9597,0.5574,0.201971,24,16,61,285.38,0.7334,0.1137,0.009017,4.269
105827,520,475,995,213,27,141,350.40,0.9182,0.5164,0.168554,0,4,1,152.72,1.0000,0.0267,0.000890,4.295
105836,520,436,956,221,10,184,338.21,0.9849,0.5485,0.190524,24,8,47,297.70,0.7539,0.0881,0.005731,4.316
105838,520,462,982,219,36,128,356.96,0.8977,0.5277,0.178829,11,4,16,311.88,0.5257,0.0450,0.001954,4.404
105844,520,372,892,231,41,241,325.84,0.9738,0.6147,0.249280,21,38,75,263.77,0.6288,0.1734,0.020536,4.243
105847,520,420,940,202,53,215,324.44,0.8983,0.5567,0.200107,3,15,72,265.43,0.9506,0.1087,0.008288,4.291
105848,520,218,738,240,150,222,334.45,0.8589,0.7527,0.456138,71,75,10,113.27,0.8884,0.3038,0.063937,4.442
105863,520,344,864,235,109,89,30.84,0.8218,0.6309,0.293234,23,53,21,142.51,0.8316,0.1947,0.027824,4.410
105898,520,472,992,178,70,191,323.26,0.7630,0.5200,0.176080,0,6,1,149.05,1.0000,0.0329,0.001324,4.405
105905,520,406,926,214,10,253,319.27,0.9957,0.5840,0.216069,36,9,77,293.74,0.8723,0.1335,0.011063,4.357
105918,520,477,997,155,74,221,305.99,0.8182,0.5138,0.170871,9,0,1,12.98,1.0000,0.0247,0.000603,4.365
105928,520,404,924,254,19,77,18.16,0.9944,0.5772,0.220762,24,29,45,270.48,0.3219,0.1307,0.012624,4.324
105935,520,372,892,250,62,138,1.51,0.9483,0.6107,0.256076,40,36,62,290.01,0.3799,0.1749,0.020607,4.335
105971,520,462,982,223,15,148,349.97,0.9692,0.5348,0.181704,18,6,8,7.83,0.3955,0.0544,0.002764,4.391
105976,520,433,953,208,91,4,46.93,0.9859,0.5468,0.209030,9,26,10,145.18,0.7157,0.0969,0.008188,4.452
105977,520,472,992,232,21,0,30.17,1.0000,0.5238,0.176953,0,6,3,165.38,1.0000,0.0337,0.001368,4.418
105978,520,398,918,219,64,193,335.58,0.8586,0.5815,0.225793,4,28,71,260.45,0.9027,0.1360,0.013112,4.370
105984,520,313,833,225,91,251,320.77,0.9767,0.6564,0.304566,13,53,79,241.80,0.7398,0.2150,0.031961,4.326
105987,520,426,946,232,17,162,347.49,0.9748,0.5596,0.201682,32,24,5,87.16,0.6652,0.1116,0.009713,4.215
105990,520,305,825,254,110,101,26.13,0.9865,0.6664,0.331656,76,45,27,50.17,0.5071,0.2322,0.034926,4.494
105992,520,431,951,239,42,12,31.20,0.9895,0.5502,0.200365,25,20,23,341.33,0.1223,0.0979,0.007689,4.340
105993,520,462,982,211,31,169,340.47,0.9149,0.5287,0.176956,0,3,35,263.76,1.0019,0.0452,0.001865,4.376
106002,520,340,860,255,22,221,336.16,1.0000,0.6360,0.270576,26,50,54,209.24,0.3951,0.1977,0.027671,4.127
106014,520,445,965,221,11,174,341.17,0.9811,0.5430,0.186700,24,11,30,314.35,0.5019,0.0810,0.005273,4.282
106022,520,412,932,241,23,131,359.63,0.9693,0.5663,0.209555,49,4,47,330.10,0.8124,0.1209,0.009451,4.366
106044,520,451,971,196,17,228,320.11,0.9823,0.5359,0.177396,31,1,19,346.54,0.8365,0.0676,0.003601,4.242
106053,520,432,952,212,3,208,329.38,0.9963,0.5457,0.186183,1,29,20,168.64,0.9614,0.1042,0.009356,3.979
106063,520,458,978,200,59,161,341.05,0.7882,0.5261,0.179823,18,5,21,320.33,0.5768,0.0574,0.002913,4.343
106081,520,371,891,251,58,126,5.49,0.9605,0.6053,0.250452,59,5,85,310.52,0.9100,0.1714,0.016943,4.488
106086,520,447,967,195,79,161,340.64,0.6963,0.5421,0.197689,0,23,19,180.54,1.0000,0.0848,0.006598,4.376
106087,520,443,963,237,25,43,25.50,0.9820,0.5386,0.188775,36,7,10,16.86,0.6690,0.0841,0.005490,4.303
106092,520,473,993,211,24,152,345.97,0.9290,0.5163,0.167714,3,3,8,282.90,0.3759,0.0305,0.001020,4.267
106114,520,454,974,210,8,185,335.16,0.9844,0.5280,0.173802,0,8,46,262.71,1.0001,0.0663,0.003709,4.167
106118,520,248,768,224,145,216,330.41,0.7133,0.7203,0.410575,68,67,19,108.11,0.7364,0.2780,0.052903,4.476
106148,520,446,966,220,41,156,347.35,0.8896,0.5449,0.192043,36,1,29,337.14,0.8615,0.0814,0.004855,4.412
106150,520,455,975,224,49,37,29.17,0.9426,0.5262,0.181803,21,7,7,20.57,0.4298,0.0600,0.003267,4.352
106153,520,408,928,200,50,246,316.39,0.9571,0.5740,0.212158,21,11,84,277.24,0.9326,0.1283,0.010388,4.341
106161,520,420,940,176,101,181,324.83,0.5871,0.5588,0.218746,2,29,30,198.32,0.8676,0.1087,0.009853,4.490
106162,520,456,976,218,66,9,36.68,0.9838,0.5300,0.188241,20,9,2,62.32,0.6417,0.0614,0.003485,4.454
106172,520,400,920,254,35,16,30.01,0.9964,0.5774,0.223141,9,4,104,268.06,0.9937,0.1396,0.011443,4.445
106180,520,386,906,217,65,215,328.52,0.8914,0.5923,0.234406,59,12,45,341.99,0.7147,0.1478,0.013824,4.456
106203,520,386,906,249,47,98,13.52,0.9573,0.5853,0.230581,19,40,31,164.69,0.4680,0.1525,0.017549,4.154
106207,520,307,827,252,75,237,331.68,0.9871,0.6725,0.318450,87,34,15,39.40,0.7645,0.2268,0.032051,4.490
106250,520,404,924,223,68,171,344.19,0.8254,0.5810,0.227649,49,22,14,37.32,0.5448,0.1341,0.012586,4.436
106258,520,449,969,232,45,7,32.08,0.9926,0.5377,0.190510,9,15,14,183.85,0.1880,0.0674,0.004314,4.428
106261,520,461,981,221,13,148,349.48,0.9721,0.5303,0.178007,9,4,26,291.30,0.7034,0.0489,0.002195,4.368
106265,520,400,920,226,34,204,333.94,0.9558,0.5782,0.216749,50,20,27,6.76,0.4941,0.1355,0.012576,4.263
106275,520,387,907,248,44,123,4.74,0.9447,0.5882,0.231913,14,39,45,215.63,0.5363,0.1525,0.017338,4.187
106282,520,428,948,225,32,174,342.40,0.9377,0.5582,0.200991,42,6,27,348.42,0.7170,0.0992,0.007017,4.402
106309,520,378,898,185,91,255,307.43,1.0000,0.6034,0.250173,36,39,33,128.96,0.1188,0.1644,0.019359,4.328
106313,520,467,987,191,40,199,325.83,0.8960,0.5171,0.167190,1,8,8,195.13,0.6906,0.0419,0.001976,4.179
106316,520,447,967,238,16,82,15.02,0.9844,0.5437,0.191602,37,5,8,18.12,0.7554,0.0820,0.005195,4.377
106322,520,411,931,190,63,245,313.17,0.9426,0.5693,0.210959,24,29,22,136.75,0.1912,0.1202,0.011308,4.256
106335,520,369,889,254,61,102,14.46,0.9907,0.6071,0.253712,65,28,14,40.76,0.6621,0.1743,0.019862,4.347
106354,520,352,872,195,106,227,316.39,0.7904,0.6199,0.274573,79,14,52,349.61,0.7599,0.1930,0.022245,4.493
106366,520,409,929,215,93,59,36.38,0.8045,0.5663,0.225938,0,38,23,162.24,1.0000,0.1342,0.014480,4.279
106371,520,175,695,204,188,237,299.81,0.5925,0.7960,0.549184,27,92,83,182.15,0.7663,0.3435,0.085115,4.435
106372,520,382,902,246,67,104,13.82,0.9241,0.5979,0.246099,9,44,40,184.41,0.7453,0.1639,0.020126,4.222
106408,520,384,904,235,52,184,342.19,0.9139,0.5944,0.235816,58,21,35,358.52,0.5526,0.1544,0.015573,4.359
106411,520,474,994,214,55,94,11.61,0.8374,0.5218,0.178391,1,3,2,165.27,0.4302,0.0251,0.000760,4.499
106412,520,308,828,214,111,249,316.80,0.9467,0.6669,0.325060,60,44,82,302.24,0.4509,0.2303,0.033713,4.480
106425,520,430,950,217,5,197,333.56,0.9931,0.5479,0.188937,19,26,4,124.08,0.7580,0.1028,0.008860,4.059
106458,520,347,867,255,55,180,348.02,1.0000,0.6311,0.272911,45,44,45,325.63,0.0196,0.1926,0.025487,4.278
106473,520,473,993,218,30,116,0.88,0.9188,0.5177,0.170975,9,0,8,331.18,1.0000,0.0283,0.000756,4.354
106477,520,464,984,208,46,149,347.10,0.8402,0.5227,0.175360,7,0,38,282.48,1.0000,0.0478,0.001851,4.346
106508,520,353,873,248,77,133,4.92,0.9181,0.6204,0.269609,30,45,30,144.60,0.3794,0.1758,0.022465,4.411
106514,520,480,1000,224,28,6,30.37,0.9934,0.5100,0.166938,0,0,0,0.00,0.0000,0.0000,0.000000,4.339
106532,520,349,869,237,36,252,324.84,0.9899,0.6299,0.262971,6,25,122,265.44,0.9691,0.1896,0.021389,4.384
106544,520,349,869,253,0,217,336.66,1.0000,0.6255,0.258957,30,16,120,275.58,0.9574,0.1871,0.020026,4.412
106545,520,396,916,226,46,196,336.26,0.9231,0.5805,0.221107,48,13,65,312.28,0.7589,0.1438,0.012979,4.305
106551,520,421,941,213,80,124,3.03,0.7228,0.5586,0.213409,3,30,26,181.77,0.8440,0.1106,0.010224,4.374
106578,520,398,918,245,19,141,356.96,0.9791,0.5767,0.218046,1,32,69,254.92,0.9573,0.1431,0.014691,4.144
106580,520,432,952,208,63,176,338.09,0.8094,0.5522,0.201015,15,27,6,133.17,0.7417,0.1030,0.008986,4.256
106601,520,261,781,248,145,0,62.70,1.0000,0.7089,0.402100,20,77,20,143.08,0.9634,0.2748,0.055068,4.303
106602,520,425,945,243,44,16,31.06,0.9867,0.5600,0.208969,34,22,25,2.40,0.2281,0.1145,0.009841,4.328
106606,520,453,973,234,24,28,27.86,0.9844,0.5305,0.182327,37,1,2,25.31,0.9628,0.0733,0.004195,4.287
106620,520,475,995,179,41,231,313.97,0.9363,0.5227,0.169402,0,2,13,259.91,1.0000,0.0258,0.000725,4.325
106637,520,433,953,175,59,251,307.49,0.9739,0.5487,0.192077,21,4,66,284.69,0.9381,0.0977,0.006396,4.292
106659,520,446,966,191,71,184,330.12,0.7625,0.5375,0.190450,6,16,37,262.49,0.6381,0.0796,0.005428,4.338
106661,520,401,921,234,37,173,344.94,0.9389,0.5772,0.218355,47,5,72,308.06,0.8878,0.1394,0.011808,4.342
106663,520,476,996,218,17,119,359.13,0.9589,0.5132,0.166408,4,0,1,359.68,1.0000,0.0171,0.000280,4.304
106666,520,380,900,247,3,191,342.14,0.9980,0.6002,0.236041,2,46,6,144.31,0.9922,0.1593,0.019800,4.098
106670,520,335,855,252,101,25,41.89,0.9795,0.6405,0.300764,19,57,12,140.77,0.9506,0.2047,0.030911,4.335
106682,520,422,942,163,91,237,303.47,0.8471,0.5616,0.213836,0,16,75,263.23,1.0005,0.1123,0.008785,4.488
106687,520,441,961,235,2,105,6.72,0.9973,0.5400,0.187286,38,4,35,331.76,0.7699,0.0934,0.006203,4.222
106696,520,450,970,190,19,247,314.14,0.9862,0.5424,0.181296,32,2,19,348.45,0.7872,0.0712,0.003976,4.285
106700,520,466,986,163,92,169,324.27,0.5721,0.5182,0.183062,15,5,21,312.37,0.5662,0.0540,0.002643,4.427
106703,520,294,814,254,100,186,348.90,0.9854,0.6783,0.337334,32,65,24,139.78,0.8442,0.2405,0.041535,4.232
106710,520,469,989,228,36,30,28.60,0.9681,0.5242,0.178524,4,5,20,275.71,0.5995,0.0428,0.001849,4.408
106717,520,460,980,207,31,184,334.76,0.9232,0.5300,0.177081,12,13,1,112.65,0.8172,0.0612,0.003682,4.230
106720,520,396,916,247,42,99,12.47,0.9483,0.5782,0.223344,44,23,45,325.36,0.4547,0.1401,0.013378,4.313
106725,520,401,921,241,53,109,9.44,0.9090,0.5768,0.223543,55,18,35,354.01,0.5825,0.1439,0.013663,4.297
106730,520,470,990,160,76,213,309.65,0.7869,0.5172,0.174472,7,4,22,289.23,0.6489,0.0445,0.001899,4.325
106742,520,478,998,141,87,210,301.05,0.7326,0.5075,0.171325,0,2,10,257.10,0.9999,0.0242,0.000653,4.369
106746,520,370,890,248,51,179,346.66,0.9476,0.6149,0.255820,37,33,73,285.20,0.5454,0.1724,0.019620,4.393
106757,520,464,984,217,52,89,13.51,0.8622,0.5236,0.179315,1,3,36,266.68,0.9636,0.0471,0.001989,4.411
106817,520,453,973,235,7,67,18.78,0.9940,0.5322,0.182226,19,5,41,296.52,0.7899,0.0722,0.004071,4.295
106829,520,463,983,170,76,215,312.91,0.7992,0.5327,0.186220,6,10,3,129.95,0.4987,0.0497,0.002624,4.489
106844,520,463,983,209,16,186,334.64,0.9684,0.5288,0.174732,10,1,35,289.54,0.9385,0.0500,0.002076,4.315
106854,520,362,882,241,22,218,333.81,0.9870,0.6089,0.243394,47,40,46,330.64,0.1263,0.1846,0.023192,4.009
106857,520,366,886,230,56,227,328.85,0.9437,0.6136,0.251998,16,31,96,267.64,0.8826,0.1736,0.019345,4.355
106860,520,467,987,224,27,103,6.60,0.9436,0.5242,0.176132,5,1,25,286.22,0.9094,0.0369,0.001242,4.413
106864,520,472,992,217,49,79,16.81,0.8844,0.5185,0.175154,4,1,15,293.60,0.8059,0.0289,0.000820,4.430
106869,520,173,693,210,185,244,303.92,0.7257,0.7983,0.549315,64,89,46,133.33,0.5697,0.3442,0.084319,4.462
106870,520,441,961,141,97,225,296.15,0.7685,0.5364,0.196484,24,15,23,330.21,0.2722,0.0853,0.005977,4.403
106879,520,422,942,231,67,31,33.57,0.9518,0.5576,0.211051,22,19,46,285.96,0.5279,0.1052,0.008336,4.475
106886,520,398,918,222,66,177,341.71,0.8362,0.5801,0.226027,33,34,24,112.37,0.2175,0.1441,0.015333,4.225
106908,520,382,902,246,7,188,342.78,0.9951,0.5975,0.233788,20,26,91,271.63,0.8683,0.1601,0.016428,4.272
106910,520,443,963,235,5,92,11.11,0.9942,0.5371,0.185466,4,14,42,264.15,0.8023,0.0775,0.005070,4.276
106929,520,350,870,249,56,199,341.07,0.9608,0.6303,0.270947,76,24,28,18.87,0.6673,0.1909,0.022739,4.412
106936,520,430,950,193,86,155,343.34,0.6479,0.5462,0.203611,6,25,23,186.35,0.5849,0.0960,0.007958,4.376
106946,520,72,592,245,218,252,319.25,0.9207,0.9077,0.765842,59,117,4,135.14,0.9940,0.4244,0.136608,4.372
106953,520,365,885,213,83,221,325.38,0.8564,0.6094,0.255549,67,19,49,345.45,0.6579,0.1741,0.018810,4.440
106956,520,473,993,199,3,199,328.35,0.9943,0.5160,0.163325,5,0,19,295.44,1.0000,0.0296,0.000793,4.200
106957,520,406,926,215,46,230,324.33,0.9479,0.5834,0.221162,5,29,60,256.01,0.8062,0.1293,0.012372,4.348
106978,520,456,976,212,72,29,36.43,0.9269,0.5270,0.187228,19,5,27,312.08,0.6555,0.0620,0.003261,4.454
106993,520,416,936,234,7,174,344.16,0.9915,0.5672,0.207033,12,0,96,270.36,1.0000,0.1248,0.009226,4.340
107009,520,462,982,183,65,196,323.61,0.7983,0.5250,0.178347,11,4,21,302.61,0.6190,0.0476,0.002121,4.381
107014,520,411,931,242,0,138,356.97,1.0000,0.5653,0.207155,36,19,42,316.83,0.4807,0.1190,0.010080,4.280
107028,520,460,980,233,33,44,25.84,0.9704,0.5343,0.185963,15,3,34,297.52,0.8130,0.0584,0.002822,4.467
107045,520,237,757,255,149,8,62.25,1.0000,0.7271,0.427754,46,71,88,239.03,0.3513,0.2913,0.057917,4.427
107048,520,378,898,214,64,232,323.21,0.9186,0.5976,0.237910,50,32,6,72.91,0.7484,0.1572,0.017244,4.282
107050,520,429,949,227,50,110,6.58,0.8784,0.5473,0.197407,45,2,34,340.49,0.8349,0.1025,0.007169,4.328
107060,520,198,718,228,162,241,320.82,0.8410,0.7692,0.486867,2,89,62,164.23,0.9917,0.3206,0.075051,4.293
107062,520,469,989,223,39,52,24.29,0.9484,0.5181,0.173897,10,4,15,310.65,0.5009,0.0436,0.001859,4.317
107101,520,397,917,214,63,205,330.54,0.8723,0.5792,0.222609,53,10,54,326.97,0.7505,0.1401,0.012404,4.368
107111,520,477,997,200,66,92,12.83,0.7546,0.5069,0.169505,4,2,0,82.32,1.0000,0.0247,0.000692,4.330
107116,520,355,875,234,2,253,324.12,0.9994,0.6161,0.246301,10,20,119,266.94,0.9736,0.1794,0.018966,4.296
107118,520,38,558,237,244,211,116.97,0.6203,0.9456,0.874090,38,128,12,140.40,0.9914,0.4512,0.158764,4.426
107133,520,407,927,243,19,121,3.17,0.9780,0.5656,0.209042,32,29,31,337.76,0.0627,0.1317,0.012847,4.122
107162,520,473,993,186,36,218,319.37,0.9334,0.5201,0.167641,12,0,5,349.11,1.0000,0.0306,0.000891,4.277
107167,520,327,847,236,106,154,359.20,0.7708,0.6452,0.304766,49,49,27,108.36,0.4000,0.2056,0.029287,4.474
107169,520,429,949,231,60,46,29.27,0.9267,0.5515,0.204209,0,28,11,154.50,1.0000,0.0980,0.008546,4.342
107181,520,435,955,184,63,229,315.03,0.8844,0.5480,0.194036,46,1,8,16.73,0.9529,0.0931,0.006202,4.342
107191,520,452,972,222,50,76,18.51,0.8975,0.5288,0.183353,29,8,11,12.63,0.5284,0.0746,0.004591,4.275
107207,520,429,949,224,0,176,341.21,1.0000,0.5476,0.189845,37,5,43,320.98,0.7785,0.0986,0.006763,4.225
107213,520,322,842,246,61,231,331.76,0.9623,0.6469,0.287027,95,11,9,28.08,0.9455,0.2130,0.026924,4.381
107221,520,480,1000,227,4,14,28.36,0.9977,0.5086,0.164524,0,0,0,0.00,0.0000,0.0000,0.000000,4.290
107238,520,431,951,188,57,229,316.57,0.9016,0.5481,0.192760,16,24,19,157.24,0.2362,0.0982,0.008104,4.178
107245,520,470,990,216,62,2,36.39,0.9962,0.5212,0.180511,12,1,19,313.43,0.8135,0.0402,0.001469,4.479
107248,520,388,908,242,6,192,340.80,0.9954,0.5919,0.228163,38,23,72,293.33,0.6755,0.1518,0.014927,4.284
107251,520,308,828,251,110,150,4.83,0.9138,0.6741,0.338661,16,64,21,144.89,0.9511,0.2288,0.038309,4.401
107261,520,479,999,218,36,89,11.55,0.9153,0.5130,0.168911,0,0,7,264.05,1.0000,0.0135,0.000153,4.365
107262,520,415,935,204,24,252,316.78,0.9871,0.5707,0.205205,1,3,94,264.72,0.9959,0.1198,0.008796,4.340
107266,520,434,954,240,32,25,28.93,0.9795,0.5469,0.196318,35,18,10,45.65,0.4615,0.1026,0.008119,4.238
107289,520,467,987,159,61,240,304.44,0.9163,0.5191,0.170002,14,3,10,339.97,0.5386,0.0433,0.001804,4.247
107296,520,315,835,254,75,204,341.31,0.9922,0.6579,0.304658,86,29,46,4.74,0.6264,0.2238,0.030547,4.403
107300,520,418,938,208,34,218,325.62,0.9522,0.5559,0.196178,57,1,6,22.58,0.9790,0.1165,0.009049,4.169
107319,520,332,852,224,108,188,340.71,0.7362,0.6435,0.302053,35,52,22,133.07,0.6211,0.2000,0.028712,4.473
107335,520,422,942,250,11,62,21.32,0.9942,0.5642,0.209148,19,10,70,279.41,0.8973,0.1089,0.007977,4.470
107338,520,409,929,249,6,106,8.61,0.9951,0.5703,0.213142,43,17,53,315.62,0.6310,0.1327,0.011716,4.264
107349,520,424,944,200,30,239,318.47,0.9718,0.5563,0.194415,52,3,8,20.66,0.9166,0.1088,0.008128,4.205
107361,520,478,998,219,42,47,25.82,0.9421,0.5113,0.169239,2,0,17,282.31,1.0000,0.0243,0.000534,4.338
107374,520,270,790,240,105,251,324.60,0.9805,0.6962,0.355957,12,50,141,263.37,0.9422,0.2627,0.042822,4.374
107376,520,357,877,238,69,185,343.22,0.8833,0.6150,0.259389,44,38,49,309.53,0.1850,0.1772,0.021435,4.331
107377,520,407,927,217,85,106,13.66,0.7290,0.5671,0.222916,8,29,63,259.60,0.7699,0.1332,0.012892,4.339
107397,520,421,941,200,63,214,323.89,0.8676,0.5620,0.206910,20,21,51,278.87,0.5682,0.1116,0.009240,4.337
107400,520,363,883,234,21,245,325.80,0.9915,0.6142,0.246238,2,6,124,264.79,0.9954,0.1683,0.015982,4.490
107409,520,313,833,251,48,249,328.65,0.9870,0.6577,0.294656,63,24,113,297.79,0.8183,0.2246,0.029023,4.361
107413,520,340,860,239,70,223,332.15,0.9309,0.6382,0.280614,86,15,42,3.05,0.7793,0.2042,0.024876,4.415
107418,520,477,997,205,71,19,38.32,0.9483,0.5118,0.175348,4,1,2,354.20,0.4589,0.0220,0.000519,4.461
107420,520,423,943,200,20,248,316.63,0.9870,0.5596,0.195585,23,10,71,283.00,0.8806,0.1136,0.008541,4.195
107428,520,436,956,198,11,238,318.40,0.9917,0.5457,0.184197,33,0,48,312.66,1.0000,0.0886,0.005368,4.230
107440,520,386,906,249,61,43,29.91,0.9733,0.5878,0.236552,5,33,76,258.97,0.8835,0.1537,0.016417,4.314
107452,520,463,983,222,5,140,352.28,0.9889,0.5268,0.175342,24,0,18,338.19,1.0000,0.0534,0.002379,4.302
107464,520,372,892,198,89,246,313.85,0.9296,0.6117,0.258055,0,50,16,148.87,1.0000,0.1740,0.023185,4.209
107473,520,438,958,223,54,131,358.14,0.8473,0.5501,0.199676,21,6,56,288.79,0.8615,0.0900,0.005752,4.478
107474,520,380,900,254,66,9,34.42,0.9953,0.6006,0.249907,40,39,11,107.14,0.6489,0.1634,0.019263,4.330
107477,520,387,907,234,86,20,39.80,0.9694,0.5865,0.242014,37,26,67,292.73,0.5941,0.1523,0.015373,4.467
107487,520,305,825,222,106,247,320.22,0.9455,0.6694,0.325547,53,58,3,115.12,0.9435,0.2334,0.037896,4.273
107488,520,350,870,246,42,217,335.27,0.9698,0.6258,0.262615,80,18,19,24.16,0.8120,0.1885,0.021854,4.351
107490,520,368,888,248,30,193,342.04,0.9757,0.6103,0.247385,45,22,83,295.93,0.7434,0.1687,0.017563,4.402
107496,520,478,998,146,63,245,298.86,0.9384,0.5088,0.162588,0,0,15,264.05,1.0000,0.0196,0.000345,4.223
107508,520,327,847,255,14,253,328.77,1.0000,0.6542,0.286691,73,8,102,311.43,0.9024,0.2135,0.025496,4.460
107523,520,408,928,209,8,252,318.24,0.9962,0.5746,0.207590,16,27,58,266.86,0.6146,0.1283,0.011995,4.155
107549,520,390,910,245,48,140,358.69,0.9243,0.5908,0.234231,46,25,52,318.47,0.4827,0.1512,0.015241,4.357
107550,520,472,992,216,53,70,20.62,0.8833,0.5183,0.175899,6,1,9,316.19,0.6988,0.0283,0.000802,4.447
107556,520,424,944,249,24,39,26.48,0.9876,0.5633,0.209431,6,30,32,202.70,0.6561,0.1148,0.010715,4.273
107561,520,319,839,246,91,186,346.17,0.9085,0.6536,0.306231,30,60,13,136.32,0.9186,0.2211,0.035367,4.173
107571,520,470,990,197,47,182,332.65,0.8513,0.5216,0.172825,9,4,17,302.81,0.5424,0.0436,0.001854,4.297
107591,520,413,933,220,62,170,343.44,0.8343,0.5691,0.215655,29,29,3,109.45,0.8193,0.1211,0.011465,4.322
107596,520,429,949,212,76,109,9.08,0.7408,0.5467,0.202723,38,10,37,328.99,0.6437,0.1035,0.007628,4.385
107601,520,382,902,197,75,249,313.74,0.9587,0.5953,0.237433,1,8,117,264.54,0.9932,0.1593,0.014643,4.446
107625,520,388,908,227,59,189,338.84,0.8847,0.5885,0.231354,55,25,9,46.91,0.6760,0.1497,0.015273,4.310
107636,520,381,901,255,15,145,357.45,1.0000,0.5971,0.236496,8,44,27,158.80,0.8705,0.1589,0.019320,4.133
107647,520,405,925,252,45,32,29.36,0.9884,0.5801,0.226802,48,23,4,55.74,0.7648,0.1328,0.012500,4.429
107649,520,459,979,133,86,245,291.59,0.9111,0.5253,0.182346,8,0,49,278.24,1.0000,0.0602,0.002734,4.406
107651,520,433,953,239,37,65,21.50,0.9611,0.5519,0.200588,2,22,53,257.50,0.8933,0.1039,0.008437,4.288
107665,520,456,976,198,3,217,323.43,0.9962,0.5275,0.170823,11,4,34,288.87,0.7918,0.0566,0.002735,4.187
107674,520,422,942,220,34,190,336.38,0.9376,0.5589,0.200798,53,3,18,8.65,0.8643,0.1133,0.008658,4.276
107687,520,280,800,222,125,231,324.03,0.8328,0.6896,0.359679,67,59,17,98.40,0.7197,0.2538,0.043618,4.376
107690,520,257,777,183,166,197,309.78,0.2783,0.7089,0.413712,20,75,47,157.01,0.8749,0.2733,0.053859,4.465
107695,520,472,992,214,60,8,35.59,0.9853,0.5152,0.175479,1,6,3,160.08,0.7162,0.0348,0.001433,4.384
107702,520,328,848,249,94,156,358.72,0.9089,0.6504,0.305485,41,49,51,214.49,0.1098,0.2052,0.029070,4.496
107726,520,473,993,231,15,39,25.45,0.9899,0.5218,0.174801,3,2,4,309.32,0.2710,0.0254,0.000715,4.433
107729,520,175,695,251,170,223,340.47,0.9417,0.8044,0.545883,30,89,101,213.67,0.6850,0.3434,0.083600,4.460
107740,520,446,966,190,69,198,325.23,0.7983,0.5421,0.192820,20,7,41,296.70,0.7351,0.0769,0.004608,4.447
107761,520,428,948,244,22,80,16.55,0.9809,0.5578,0.203895,39,3,44,322.69,0.8275,0.0997,0.006784,4.471
107787,520,431,951,200,19,240,318.41,0.9854,0.5528,0.190379,18,23,28,248.45,0.1682,0.1006,0.008252,4.127
107789,520,456,976,232,11,59,20.82,0.9909,0.5254,0.177140,0,3,52,264.18,0.9868,0.0630,0.003130,4.275
107793,520,199,719,242,161,208,344.21,0.7813,0.7700,0.489229,44,87,34,139.93,0.8543,0.3215,0.074671,4.325
107800,520,432,952,234,25,113,4.62,0.9594,0.5468,0.193830,30,11,51,301.88,0.7202,0.1034,0.007544,4.237
107829,520,451,971,189,42,228,317.65,0.9346,0.5367,0.180775,24,11,13,9.79,0.3317,0.0735,0.004626,4.225
107837,520,475,995,155,56,252,301.11,0.9808,0.5193,0.168256,6,0,15,305.84,1.0000,0.0282,0.000732,4.302
107838,520,378,898,237,22,211,334.67,0.9838,0.5974,0.232843,70,13,0,36.07,1.0000,0.1582,0.015902,4.292
107846,520,342,862,230,60,240,325.59,0.9515,0.6253,0.263483,29,32,101,274.33,0.8148,0.1891,0.022337,4.334
107855,520,473,993,205,58,138,351.52,0.7866,0.5232,0.178423,9,0,18,309.66,1.0000,0.0336,0.001018,4.477
107859,520,401,921,228,31,209,333.08,0.9660,0.5834,0.220799,57,17,28,6.08,0.6167,0.1433,0.013547,4.261
107864,520,433,953,200,32,230,320.52,0.9621,0.5502,0.190272,23,4,62,288.85,0.9183,0.0954,0.006168,4.278
107866,520,376,896,217,81,196,334.33,0.8105,0.5987,0.246241,3,38,67,248.32,0.8676,0.1589,0.018107,4.350
107880,520,398,918,255,14,102,10.87,1.0000,0.5833,0.225372,56,19,13,31.20,0.6700,0.1407,0.013357,4.346
107886,520,472,992,217,15,150,347.91,0.9641,0.5238,0.172978,12,1,7,343.01,0.7148,0.0344,0.001152,4.359
107887,520,338,858,236,62,246,325.64,0.9677,0.6407,0.279343,65,34,61,331.85,0.4635,0.2030,0.026049,4.331
107899,520,384,904,237,23,196,338.68,0.9781,0.5889,0.226057,34,25,69,288.82,0.6322,0.1486,0.014650,4.270
107918,520,432,952,195,73,196,327.43,0.7880,0.5536,0.203542,37,15,5,45.85,0.6496,0.0985,0.007460,4.413
107924,520,434,954,150,86,253,296.37,0.9769,0.5512,0.202316,43,5,35,337.61,0.7573,0.1037,0.007436,4.393
107931,520,417,937,212,68,185,336.29,0.8166,0.5693,0.216361,4,35,0,140.34,1.0000,0.1213,0.012278,4.277
107961,520,364,884,251,79,9,37.23,0.9929,0.6089,0.261244,13,46,23,150.66,0.8520,0.1666,0.021013,4.383
107982,520,472,992,211,57,86,14.85,0.8318,0.5160,0.174494,10,2,3,9.74,0.5207,0.0333,0.001145,4.389
107985,520,418,938,204,66,190,332.25,0.8147,0.5566,0.204533,34,25,1,89.71,0.9230,0.1160,0.010376,4.216
107988,520,475,995,168,45,245,307.31,0.9510,0.5212,0.167949,14,0,9,339.67,1.0000,0.0349,0.001131,4.263
107992,520,437,957,209,55,178,337.49,0.8404,0.5473,0.195041,34,9,16,4.78,0.5608,0.0857,0.005729,4.397
108016,520,401,921,247,4,158,351.73,0.9964,0.5844,0.223330,7,39,6,142.57,0.9612,0.1372,0.015093,4.199
108020,520,465,985,226,30,43,25.54,0.9705,0.5177,0.172746,16,3,13,335.51,0.5930,0.0468,0.002044,4.280
108041,520,409,929,204,47,238,319.42,0.9470,0.5720,0.210451,21,15,81,277.03,0.8954,0.1303,0.010951,4.273
108042,520,353,873,228,57,245,323.94,0.9618,0.6231,0.260150,41,42,33,112.58,0.1631,0.1782,0.022372,4.286
108058,520,448,968,221,62,66,24.07,0.8786,0.5367,0.192134,27,11,16,0.43,0.3933,0.0785,0.005098,4.395
108063,520,196,716,242,159,235,329.74,0.9087,0.7776,0.496734,11,81,115,236.82,0.8714,0.3220,0.071934,4.484
108066,520,452,972,178,76,200,320.14,0.7630,0.5338,0.188051,8,9,41,275.35,0.7753,0.0698,0.004071,4.403
108082,520,415,935,225,38,195,336.22,0.9391,0.5731,0.213364,14,0,92,272.09,1.0000,0.1203,0.008660,4.490
108087,520,473,993,189,44,205,323.50,0.8919,0.5209,0.170294,1,5,1,143.60,0.8737,0.0311,0.001172,4.305
108094,520,468,988,209,65,72,22.09,0.8239,0.5180,0.178061,13,3,1,42.74,0.6736,0.0387,0.001529,4.426
108097,520,451,971,231,1,132,356.81,0.9983,0.5408,0.186795,16,1,46,290.84,0.9593,0.0662,0.003291,4.443
108098,520,425,945,205,3,248,318.11,0.9983,0.5638,0.198232,43,9,27,350.95,0.6554,0.1054,0.007882,4.289
108113,520,466,986,200,78,90,17.40,0.7065,0.5228,0.184683,10,5,30,288.62,0.7110,0.0548,0.002668,4.456
108121,520,452,972,235,20,20,28.57,0.9888,0.5306,0.182162,19,9,23,315.88,0.4388,0.0676,0.003957,4.303
108156,520,311,831,249,110,94,28.82,0.9357,0.6567,0.321029,21,56,64,215.00,0.5784,0.2185,0.033578,4.439
108159,520,442,962,182,84,176,329.82,0.6722,0.5367,0.194215,6,20,8,147.90,0.6728,0.0769,0.005565,4.395
108160,520,335,855,242,90,167,352.27,0.8581,0.6376,0.289824,58,43,0,88.00,1.0000,0.1964,0.026274,4.455
108161,520,464,984,222,22,106,4.87,0.9532,0.5188,0.171467,20,1,27,317.02,0.8580,0.0550,0.002496,4.219
108172,520,378,898,224,49,222,328.65,0.9429,0.5951,0.233201,7,32,88,262.94,0.9095,0.1636,0.017827,4.175
108176,520,339,859,253,85,151,0.08,0.9686,0.6444,0.296173,49,45,54,305.48,0.1353,0.2037,0.027961,4.440
108177,520,293,813,233,110,221,331.26,0.8695,0.6761,0.336981,80,45,32,41.01,0.4755,0.2397,0.036867,4.455
108186,520,468,988,160,73,228,306.34,0.8473,0.5248,0.178407,3,6,15,262.97,0.4657,0.0417,0.001841,4.406
108195,520,404,924,237,37,171,346.25,0.9426,0.5819,0.222709,20,33,21,146.46,0.3999,0.1283,0.012906,4.335
108221,520,394,914,181,89,253,306.70,0.9777,0.5938,0.240611,16,36,37,199.77,0.4237,0.1406,0.015054,4.467
108222,520,413,933,252,4,72,18.79,0.9978,0.5686,0.212539,31,27,13,94.01,0.3965,0.1197,0.011042,4.301
108240,520,441,961,219,5,171,341.55,0.9903,0.5362,0.181113,23,13,45,294.32,0.6380,0.0936,0.006595,4.084
108241,520,435,955,184,43,248,311.61,0.9653,0.5461,0.186965,0,6,70,264.15,0.9851,0.0902,0.005724,4.252
108250,520,465,985,179,45,222,315.97,0.9126,0.5183,0.167355,13,6,5,30.87,0.2821,0.0476,0.002268,4.158
108257,520,339,859,255,5,233,333.26,1.0000,0.6397,0.272550,87,4,51,353.46,0.8858,0.2010,0.023524,4.387
108263,520,452,972,234,17,20,28.40,0.9907,0.5274,0.179470,17,10,33,294.96,0.5678,0.0732,0.004461,4.214
108268,520,371,891,185,93,255,307.24,1.0000,0.6062,0.253638,51,21,80,303.57,0.7338,0.1724,0.018194,4.453
108270,520,396,916,227,74,129,2.37,0.7965,0.5776,0.228160,41,25,37,336.04,0.3197,0.1360,0.013003,4.415
108272,520,432,952,244,24,23,28.56,0.9877,0.5515,0.199517,46,6,15,11.54,0.7637,0.1024,0.007457,4.343
108289,520,398,918,244,61,47,29.19,0.9535,0.5783,0.227792,33,27,55,291.91,0.4611,0.1410,0.013830,4.352
108311,520,437,957,183,57,245,311.35,0.9449,0.5533,0.195871,27,13,26,329.37,0.4071,0.0864,0.005955,4.394
108317,520,437,957,231,46,91,13.66,0.9134,0.5469,0.197012,30,5,51,304.44,0.8278,0.0946,0.006236,4.392
108318,520,404,924,249,20,127,2.26,0.9806,0.5800,0.221759,14,4,97,271.11,0.9900,0.1321,0.010432,4.497
108327,520,420,940,218,25,209,330.60,0.9690,0.5630,0.202064,48,8,4,30.95,0.8619,0.1068,0.008109,4.338
108336,520,378,898,251,65,93,17.71,0.9672,0.6030,0.250836,6,40,51,223.87,0.7746,0.1554,0.017952,4.427
108344,520,421,941,234,50,90,14.87,0.9112,0.5558,0.205148,18,30,2,128.78,0.9266,0.1136,0.010615,4.209
108359,520,411,931,230,21,193,337.87,0.9756,0.5735,0.212122,35,23,39,317.49,0.3473,0.1244,0.011166,4.285
108367,520,411,931,234,17,181,342.19,0.9803,0.5731,0.212324,18,6,81,276.46,0.9635,0.1159,0.008529,4.482
108371,520,473,993,225,18,109,4.14,0.9658,0.5245,0.175471,5,2,12,300.16,0.6146,0.0316,0.001022,4.419
108429,520,472,992,212,62,53,27.93,0.8796,0.5171,0.177017,5,2,6,319.46,0.4307,0.0289,0.000888,4.461
108435,520,369,889,244,77,138,2.31,0.8836,0.6148,0.263789,16,37,81,262.88,0.7479,0.1731,0.020273,4.465
108436,520,463,983,216,46,130,356.28,0.8549,0.5296,0.181670,14,2,32,298.72,0.8473,0.0536,0.002411,4.420
108443,520,428,948,207,34,230,322.39,0.9623,0.5629,0.201244,20,7,62,284.28,0.8842,0.0968,0.006485,4.448
108448,520,461,981,215,45,127,357.15,0.8560,0.5257,0.178586,5,11,11,195.98,0.2662,0.0537,0.002958,4.316
108450,520,464,984,204,48,156,343.55,0.8292,0.5204,0.173536,11,1,29,297.26,0.9019,0.0460,0.001816,4.314
108451,520,328,848,239,80,219,333.32,0.9178,0.6460,0.292051,70,40,18,55.08,0.6080,0.2094,0.028635,4.350
108456,520,479,999,226,2,68,17.46,0.9977,0.5120,0.166324,1,0,0,29.23,1.0000,0.0090,0.000065,4.321
108460,520,198,718,236,162,220,334.67,0.7743,0.7694,0.488424,34,83,86,200.76,0.5840,0.3193,0.071982,4.414
108471,520,211,731,255,140,226,337.35,1.0000,0.7570,0.455096,12,71,133,254.26,0.8861,0.3071,0.062777,4.479
108472,520,470,990,220,33,90,11.18,0.9274,0.5155,0.170442,16,1,12,337.05,0.7653,0.0415,0.001584,4.273
108478,520,437,957,215,6,206,330.66,0.9928,0.5504,0.190357,19,16,41,286.30,0.5332,0.0923,0.006691,4.240
108495,520,325,845,238,67,255,323.97,1.0000,0.6540,0.294138,60,44,41,30.64,0.2049,0.2097,0.029222,4.344
108497,520,418,938,235,62,46,29.63,0.9311,0.5614,0.213077,57,6,9,23.03,0.8812,0.1236,0.010200,4.370
108504,520,350,870,242,84,159,354.67,0.8627,0.6270,0.277240,55,42,28,68.28,0.3272,0.1939,0.025521,4.333
108506,520,333,853,241,69,219,333.74,0.9314,0.6383,0.280742,50,48,0,107.20,1.0000,0.2000,0.027920,4.245
108513,520,440,960,193,80,178,333.05,0.7180,0.5491,0.202906,4,23,17,170.79,0.7124,0.0867,0.006790,4.453
108526,520,394,914,228,18,225,329.04,0.9881,0.5891,0.223653,13,39,27,161.43,0.6486,0.1446,0.016157,4.136
108537,520,269,789,246,109,233,331.32,0.9537,0.7003,0.364158,45,45,137,275.97,0.8148,0.2649,0.042406,4.482
108583,520,382,902,240,82,67,28.95,0.9142,0.5965,0.249682,0,43,55,221.77,1.0000,0.1648,0.020035,4.279
108584,520,401,921,170,86,253,303.29,0.9774,0.5755,0.222940,4,19,89,265.43,0.9576,0.1366,0.012127,4.393
108616,520,418,938,165,84,250,302.37,0.9495,0.5640,0.212426,56,1,13,14.79,0.9625,0.1157,0.008917,4.454
108632,520,231,751,250,156,102,49.77,0.8912,0.7416,0.450628,16,82,32,147.24,0.9664,0.2924,0.062488,4.451
108633,520,324,844,242,64,250,326.16,0.9825,0.6546,0.294487,53,45,59,310.53,0.2068,0.2108,0.029494,4.333
108639,520,452,972,187,20,236,315.71,0.9803,0.5286,0.171225,19,1,49,293.02,0.9610,0.0724,0.003819,4.111
108645,520,445,965,240,9,45,24.40,0.9949,0.5403,0.189135,28,14,6,51.61,0.4935,0.0831,0.005741,4.290
108666,520,478,998,213,54,28,31.92,0.9468,0.5078,0.168708,1,0,7,286.54,1.0000,0.0158,0.000218,4.355
108668,520,389,909,206,55,249,317.23,0.9699,0.5895,0.226953,47,32,4,79.81,0.8135,0.1525,0.016462,4.167
108689,520,401,921,248,48,59,24.69,0.9669,0.5768,0.223897,41,18,61,305.85,0.6701,0.1375,0.012410,4.389
108693,520,461,981,224,23,118,0.93,0.9500,0.5273,0.177708,17,4,19,322.69,0.6010,0.0530,0.002530,4.335
108696,520,407,927,231,44,171,345.09,0.9147,0.5748,0.217333,53,13,14,22.33,0.7108,0.1256,0.010766,4.399
108698,520,412,932,207,73,192,332.55,0.8025,0.5706,0.218381,37,18,43,317.66,0.5163,0.1191,0.010004,4.473
108702,520,413,933,173,81,252,304.99,0.9706,0.5718,0.217980,18,30,21,151.80,0.3514,0.1177,0.011113,4.385
108717,520,287,807,250,100,225,334.72,0.9699,0.6903,0.348773,17,66,50,167.44,0.8132,0.2432,0.042457,4.313
108743,520,479,999,178,18,227,315.20,0.9772,0.5058,0.154448,0,0,8,264.05,1.0000,0.0143,0.000175,4.075
108755,520,443,963,214,27,181,337.46,0.9413,0.5391,0.184184,16,8,44,287.27,0.7548,0.0771,0.004657,4.285
108756,520,370,890,245,67,158,353.92,0.9073,0.6135,0.258985,44,30,69,298.13,0.5435,0.1706,0.018937,4.482
108762,520,342,862,236,41,255,323.89,1.0000,0.6329,0.266412,83,19,11,30.57,0.8730,0.1949,0.023292,4.317
108766,520,267,787,253,109,235,332.67,0.9895,0.7118,0.378208,29,72,13,138.77,0.9603,0.2608,0.049248,4.315
108785,520,398,918,239,66,73,23.45,0.9115,0.5770,0.227313,61,13,25,9.61,0.7167,0.1443,0.013503,4.367
108787,520,367,887,243,20,221,333.51,0.9897,0.6138,0.247784,27,45,6,131.08,0.9035,0.1688,0.021229,4.181
108789,520,445,965,152,79,249,298.60,0.9458,0.5401,0.191072,16,4,53,284.90,0.9065,0.0787,0.004540,4.420
108790,520,286,806,255,74,253,328.47,1.0000,0.6861,0.332523,50,48,92,283.55,0.4907,0.2355,0.035647,4.466
108792,520,430,950,219,71,104,11.23,0.7894,0.5517,0.205685,27,20,26,330.97,0.1897,0.1014,0.008079,4.402
108814,520,247,767,255,112,246,330.05,1.0000,0.7247,0.395048,62,67,43,117.93,0.3362,0.2758,0.052129,4.358
108823,520,416,936,182,70,251,308.98,0.9700,0.5699,0.212913,28,29,16,111.86,0.3347,0.1225,0.011630,4.266
108833,520,411,931,233,54,146,354.62,0.8788,0.5749,0.220401,47,15,29,355.11,0.5669,0.1223,0.010348,4.481
108845,520,412,932,189,58,248,312.45,0.9598,0.5655,0.206234,39,23,22,23.31,0.2947,0.1227,0.011021,4.199
108850,520,452,972,220,37,136,354.28,0.8966,0.5335,0.183189,20,12,13,10.37,0.2092,0.0705,0.004407,4.286
108860,520,399,919,248,0,146,355.58,1.0000,0.5806,0.220352,9,38,12,145.30,0.9177,0.1357,0.014708,4.178
108875,520,420,940,245,28,84,15.83,0.9730,0.5632,0.208865,8,22,53,263.45,0.7342,0.1073,0.008824,4.401
108879,520,393,913,201,57,252,315.10,0.9831,0.5858,0.223734,57,21,4,44.48,0.8158,0.1447,0.014151,4.267
108886,520,413,933,212,79,151,350.12,0.7340,0.5659,0.218255,29,25,43,293.65,0.3432,0.1243,0.011309,4.375
108893,520,358,878,250,6,209,338.04,0.9972,0.6164,0.250609,77,0,65,336.46,1.0000,0.1843,0.019597,4.319
108898,520,457,977,206,80,20,41.24,0.9383,0.5265,0.189118,7,11,29,271.18,0.5483,0.0640,0.003732,4.450
108917,520,447,967,234,25,106,7.05,0.9610,0.5447,0.192314,25,10,32,314.02,0.5585,0.0817,0.005281,4.383
108938,520,354,874,235,27,252,324.45,0.9900,0.6229,0.254768,61,13,82,312.87,0.8123,0.1793,0.018892,4.424
108951,520,479,999,227,13,40,25.01,0.9906,0.5127,0.167749,0,0,4,264.05,1.0000,0.0106,0.000088,4.347
108957,520,393,913,248,16,155,353.03,0.9854,0.5875,0.226970,3,15,96,265.39,0.9757,0.1387,0.012054,4.463
108961,520,404,924,223,33,216,330.02,0.9635,0.5800,0.217359,12,29,53,257.29,0.6040,0.1274,0.012139,4.303
108962,520,362,882,255,4,184,345.76,1.0000,0.6121,0.248111,40,23,98,285.74,0.8175,0.1796,0.019457,4.292
108971,520,407,927,230,18,185,340.12,0.9775,0.5680,0.207611,11,36,25,162.44,0.6582,0.1333,0.014030,4.023
108989,520,467,987,182,82,141,346.15,0.6159,0.5160,0.179041,5,3,22,284.57,0.7312,0.0400,0.001553,4.443
108998,520,451,971,198,10,227,320.96,0.9901,0.5367,0.177705,2,18,21,209.55,0.7379,0.0727,0.004996,4.140
108999,520,411,931,208,53,221,324.57,0.9156,0.5707,0.211784,38,11,58,306.90,0.7569,0.1202,0.009569,4.395
109005,520,460,980,231,24,42,25.42,0.9809,0.5254,0.178124,1,16,7,158.70,0.9306,0.0617,0.003924,4.231
109010,520,429,949,200,10,239,318.72,0.9928,0.5496,0.187300,9,15,56,270.62,0.8391,0.0953,0.006852,4.174
109023,520,476,996,167,16,250,306.92,0.9880,0.5089,0.154890,1,1,12,274.56,0.8685,0.0231,0.000547,4.053
109036,520,424,944,175,73,245,307.79,0.9285,0.5589,0.204724,5,12,73,267.45,0.9572,0.1060,0.007762,4.410
109037,520,432,952,215,83,2,42.71,0.9947,0.5468,0.206403,12,22,37,258.28,0.4412,0.0982,0.007855,4.432
109064,520,367,887,249,80,81,24.34,0.9542,0.6130,0.264745,11,47,39,175.43,0.7487,0.1740,0.022506,4.341
109067,520,441,961,224,4,161,345.83,0.9925,0.5405,0.185100,40,5,12,12.14,0.7546,0.0885,0.005863,4.209
109073,520,390,910,246,58,106,11.79,0.9294,0.5900,0.236629,66,11,16,20.78,0.8214,0.1499,0.014352,4.454
109087,520,353,873,240,12,244,327.44,0.9962,0.6217,0.253226,24,49,10,136.28,0.9065,0.1803,0.024127,4.091
109094,520,359,879,221,53,255,319.97,1.0000,0.6160,0.251403,69,16,57,338.22,0.7168,0.1783,0.019314,4.348
109095,520,465,985,177,50,219,315.88,0.8923,0.5170,0.167439,9,5,20,295.68,0.5431,0.0476,0.002171,4.168
109103,520,399,919,230,50,174,344.09,0.8989,0.5787,0.221629,50,19,38,344.58,0.5331,0.1383,0.012839,4.323
109120,520,469,989,212,32,145,348.92,0.8990,0.5189,0.170767,2,6,17,259.67,0.5996,0.0417,0.001836,4.259
109131,520,471,991,212,35,138,351.60,0.8859,0.5175,0.170364,7,2,25,290.55,0.8162,0.0416,0.001588,4.272
109151,520,431,951,217,67,114,5.76,0.7893,0.5462,0.199833,20,13,56,284.09,0.7570,0.0999,0.007221,4.366
109154,520,443,963,210,47,180,336.96,0.8712,0.5434,0.190320,38,0,10,8.00,1.0000,0.0755,0.004341,4.422
109156,520,341,861,207,87,253,315.17,0.9843,0.6268,0.271750,37,22,123,278.27,0.9228,0.2041,0.023971,4.350
109157,520,454,974,226,19,105,5.78,0.9655,0.5256,0.176573,8,13,30,269.40,0.5083,0.0696,0.004332,4.170
109160,520,439,959,207,66,172,339.32,0.7920,0.5516,0.201423,9,13,55,271.84,0.8537,0.0905,0.006217,4.472
109171,520,466,986,179,8,239,312.91,0.9929,0.5151,0.159905,1,7,26,260.30,0.8562,0.0484,0.002330,4.011
109178,520,478,998,183,49,199,323.20,0.8585,0.5107,0.163887,4,0,13,300.75,1.0000,0.0244,0.000549,4.231
109183,520,470,990,154,86,201,309.22,0.7038,0.5157,0.177432,18,0,11,342.41,1.0000,0.0412,0.001528,4.414
109198,520,406,926,254,0,96,12.18,1.0000,0.5770,0.219191,40,9,67,303.43,0.8227,0.1287,0.010518,4.448
109215,520,463,983,231,20,58,21.46,0.9816,0.5258,0.177978,6,10,13,236.95,0.2065,0.0530,0.002849,4.314
109223,520,343,863,141,139,231,283.20,0.7018,0.6253,0.298971,4,55,11,144.82,0.9879,0.1923,0.027822,4.484
109238,520,364,884,249,38,178,346.76,0.9606,0.6083,0.247436,72,13,29,9.57,0.7687,0.1682,0.017545,4.404
109241,520,466,986,187,39,219,319.35,0.9278,0.5245,0.171316,0,13,8,171.24,1.0000,0.0532,0.003054,4.172
109296,520,455,975,187,58,199,324.24,0.8327,0.5258,0.177158,29,1,10,1.44,0.8463,0.0607,0.003049,4.282
109305,520,441,961,207,85,52,35.98,0.8163,0.5388,0.200125,18,22,14,129.48,0.2511,0.0929,0.007341,4.362
109309,520,296,816,247,98,222,334.79,0.9514,0.6815,0.337861,10,48,125,262.24,0.9337,0.2406,0.036589,4.479
109318,520,422,942,159,89,244,300.83,0.8941,0.5590,0.210477,33,19,37,318.54,0.4123,0.1121,0.009227,4.398
109325,520,458,978,221,45,115,3.05,0.8753,0.5331,0.184893,10,12,7,124.51,0.2196,0.0589,0.003428,4.396
109328,520,382,902,195,84,238,315.14,0.8896,0.5953,0.241170,37,31,57,293.35,0.4088,0.1562,0.016687,4.366
109329,520,379,899,244,38,180,345.08,0.9551,0.5999,0.239177,35,18,90,285.44,0.8434,0.1580,0.015281,4.430
109348,520,456,976,196,53,183,332.05,0.8308,0.5257,0.177025,14,3,38,292.18,0.8488,0.0606,0.002984,4.285
109354,520,382,902,197,83,243,314.64,0.9179,0.6004,0.245291,69,12,31,5.49,0.7601,0.1615,0.016273,4.456
109358,520,382,902,248,57,120,7.02,0.9383,0.5969,0.242422,3,26,100,264.09,0.9515,0.1625,0.016781,4.379
109392,520,418,938,217,92,21,44.12,0.9429,0.5649,0.224625,24,30,22,137.91,0.2206,0.1231,0.011807,4.443
109394,520,341,861,246,34,237,330.34,0.9847,0.6342,0.268542,46,18,119,285.26,0.9095,0.2032,0.023453,4.337
109416,520,324,844,223,87,252,320.12,0.9823,0.6493,0.295345,6,55,69,222.47,0.8613,0.2128,0.032006,4.211
109433,520,246,766,252,115,250,328.08,0.9878,0.7266,0.398616,46,63,105,266.17,0.4867,0.2795,0.051556,4.417
109437,520,331,851,235,73,226,330.31,0.9243,0.6363,0.279207,77,26,31,17.21,0.6372,0.1969,0.024157,4.439
109469,520,385,905,254,3,130,1.74,0.9977,0.5874,0.227514,50,15,71,309.65,0.7613,0.1545,0.014748,4.286
109475,520,398,918,223,94,18,44.26,0.9592,0.5785,0.237396,3,39,4,143.35,0.9850,0.1351,0.014791,4.436
109498,520,453,973,193,85,110,7.94,0.6246,0.5271,0.189619,17,10,22,310.33,0.3733,0.0668,0.003942,4.442
109499,520,478,998,229,8,24,27.47,0.9953,0.5145,0.169007,0,1,14,263.36,1.0007,0.0229,0.000534,4.334
109502,520,471,991,218,17,141,351.26,0.9583,0.5223,0.172319,8,3,7,332.74,0.3846,0.0357,0.001321,4.332
109525,520,304,824,217,122,220,326.05,0.7629,0.6720,0.338396,11,61,54,181.41,0.8404,0.2262,0.036748,4.477
109529,520,420,940,215,17,216,328.06,0.9827,0.5597,0.198079,4,24,52,256.66,0.8025,0.1093,0.009270,4.186
109539,520,451,971,169,83,210,313.26,0.7577,0.5376,0.192755,21,6,39,300.92,0.7417,0.0747,0.004362,4.466
109546,520,435,955,235,34,109,6.74,0.9413,0.5520,0.199134,29,6,50,303.49,0.8036,0.0939,0.006218,4.432
109558,520,342,862,243,39,232,330.83,0.9777,0.6282,0.263347,47,38,69,296.15,0.4191,0.1922,0.024202,4.223
109564,520,334,854,247,48,226,333.23,0.9689,0.6364,0.273820,4,35,116,263.47,0.9687,0.2000,0.024886,4.324
109575,520,452,972,217,61,71,21.96,0.8621,0.5287,0.185466,9,15,16,208.75,0.1866,0.0681,0.004371,4.331
109585,520,464,984,228,33,27,28.72,0.9727,0.5222,0.176638,2,9,23,256.22,0.6810,0.0520,0.002701,4.300
109624,520,377,897,236,43,205,336.14,0.9514,0.6016,0.239711,49,34,22,59.58,0.3607,0.1635,0.018550,4.226
109625,520,444,964,195,37,229,319.27,0.9495,0.5440,0.185838,11,1,61,276.87,0.9891,0.0784,0.004298,4.343
109644,520,447,967,229,49,69,21.18,0.9222,0.5407,0.192872,10,16,37,269.59,0.5506,0.0823,0.005687,4.361
109647,520,476,996,192,9,212,323.00,0.9864,0.5146,0.161568,3,0,4,321.50,1.0000,0.0174,0.000281,4.208
109657,520,407,927,205,102,91,27.71,0.6352,0.5704,0.232391,17,33,33,195.77,0.3429,0.1304,0.013167,4.471
109692,520,480,1000,202,31,162,340.40,0.8941,0.5079,0.161471,0,0,0,0.00,0.0000,0.0000,0.000000,4.229
109694,520,399,919,214,25,249,320.00,0.9858,0.5850,0.218328,40,8,80,296.33,0.8859,0.1407,0.012040,4.325
109699,520,261,781,239,142,163,6.38,0.7110,0.7140,0.403433,15,71,85,218.75,0.7952,0.2744,0.052637,4.418
109707,520,374,894,222,54,235,324.83,0.9470,0.6041,0.241682,72,8,31,5.47,0.8163,0.1638,0.016505,4.386
109709,520,391,911,241,58,144,357.31,0.8909,0.5925,0.237436,14,40,24,154.50,0.6867,0.1474,0.016768,4.305
109716,520,457,977,195,48,205,325.21,0.8857,0.5340,0.181254,12,13,10,122.17,0.1105,0.0637,0.003879,4.292
109722,520,312,832,241,71,253,325.11,0.9923,0.6610,0.303016,32,33,128,273.18,0.9027,0.2231,0.029531,4.439
109726,520,308,828,251,62,248,328.79,0.9864,0.6665,0.307347,4,66,31,152.07,0.9838,0.2342,0.040210,3.961
109756,520,345,865,221,82,232,324.75,0.8990,0.6274,0.272349,23,47,52,212.58,0.4231,0.1857,0.024630,4.319
109761,520,451,971,187,73,195,325.05,0.7731,0.5404,0.192713,16,11,31,293.01,0.5098,0.0727,0.004484,4.455
109778,520,420,940,245,15,93,12.41,0.9870,0.5606,0.205479,21,14,67,280.93,0.8253,0.1134,0.008787,4.346
109797,520,342,862,231,97,168,350.07,0.7727,0.6293,0.283679,18,52,42,171.21,0.6451,0.1945,0.027516,4.305
109798,520,385,905,240,54,144,356.78,0.8981,0.5873,0.231803,40,32,29,41.62,0.1422,0.1484,0.015729,4.287
109823,520,442,962,181,51,236,313.03,0.9232,0.5376,0.182486,26,15,13,30.54,0.2734,0.0843,0.005903,4.159
109840,520,424,944,248,9,37,26.08,0.9961,0.5567,0.202890,49,4,30,349.96,0.7926,0.1111,0.008336,4.335
109841,520,438,958,192,27,248,314.34,0.9786,0.5495,0.187689,33,7,36,323.48,0.6909,0.0906,0.006027,4.242
109855,520,449,969,223,8,160,345.96,0.9848,0.5389,0.184023,14,6,38,289.38,0.7531,0.0665,0.003635,4.363
109863,520,366,886,236,18,228,330.21,0.9907,0.6052,0.238696,7,42,68,245.56,0.7806,0.1728,0.021183,4.056
109868,520,367,887,242,59,179,345.65,0.9097,0.6101,0.252628,6,30,100,264.29,0.9323,0.1718,0.018872,4.394
109871,520,351,871,255,32,200,341.66,1.0000,0.6278,0.264666,35,38,80,277.51,0.5556,0.1879,0.023227,4.297
109888,520,462,982,238,0,29,26.69,1.0000,0.5325,0.182692,15,8,2,72.56,0.5740,0.0534,0.002796,4.407
109911,520,367,887,245,86,19,38.79,0.9797,0.6067,0.261183,34,40,47,252.38,0.1501,0.1710,0.020629,4.406
109916,520,440,960,173,66,247,307.23,0.9463,0.5497,0.194968,44,0,2,25.06,1.0000,0.0858,0.005400,4.422
109918,520,404,924,249,17,115,6.04,0.9848,0.5753,0.217820,60,5,16,15.56,0.8673,0.1303,0.011068,4.386
109930,520,437,957,224,5,181,339.78,0.9925,0.5514,0.192946,45,1,10,13.46,0.9411,0.0914,0.006016,4.337
109940,520,471,991,219,31,120,359.64,0.9163,0.5217,0.173987,5,5,20,280.16,0.5752,0.0438,0.001913,4.315
109958,520,448,968,170,83,207,314.50,0.7488,0.5369,0.192384,38,4,13,7.76,0.7624,0.0834,0.005280,4.385
109965,520,222,742,246,163,123,46.37,0.7984,0.7541,0.472196,27,85,6,139.54,0.9896,0.3035,0.067429,4.447
109999,520,407,927,236,59,80,19.78,0.9048,0.5655,0.215431,1,19,84,263.78,0.9839,0.1291,0.011122,4.343
110005,520,345,865,254,16,219,336.42,0.9952,0.6314,0.265592,83,11,28,13.68,0.8422,0.1895,0.021625,4.406
110032,520,248,768,240,140,187,351.11,0.7577,0.7202,0.408715,41,74,54,156.24,0.4947,0.2826,0.056352,4.313
110037,520,407,927,245,54,55,26.35,0.9550,0.5749,0.223301,14,35,19,149.94,0.6421,0.1300,0.013424,4.309
110043,520,339,859,208,106,224,322.05,0.8026,0.6359,0.291012,34,48,53,221.86,0.2218,0.1970,0.027110,4.422
110049,520,456,976,226,50,24,31.42,0.9673,0.5302,0.185188,12,8,18,302.44,0.3449,0.0559,0.002955,4.441
110061,520,417,937,249,20,80,16.93,0.9855,0.5676,0.212228,9,30,33,207.76,0.5375,0.1168,0.010964,4.301
110065,520,434,954,206,1,232,321.96,0.9992,0.5523,0.189715,11,25,12,145.83,0.5636,0.0955,0.007929,4.138
110066,520,453,973,234,32,12,30.21,0.9891,0.5336,0.185552,10,15,3,125.35,0.6330,0.0650,0.004127,4.352
110083,520,329,849,236,87,227,330.26,0.9124,0.6536,0.301977,44,53,23,123.05,0.5526,0.2114,0.031435,4.322
110096,520,387,907,233,19,219,331.71,0.9872,0.5943,0.229065,33,9,96,283.74,0.9382,0.1520,0.013632,4.386
110101,520,388,908,220,58,211,330.49,0.9054,0.5884,0.229471,49,19,61,315.12,0.6567,0.1508,0.014557,4.329
110104,520,409,929,255,21,0,29.99,1.0000,0.5730,0.218002,11,32,47,242.17,0.5723,0.1313,0.013094,4.248
110106,520,434,954,233,9,134,356.70,0.9862,0.5474,0.192432,12,19,47,270.02,0.6294,0.0978,0.007491,4.217
110123,520,466,986,176,77,175,327.93,0.6923,0.5165,0.176341,17,3,22,317.49,0.6958,0.0524,0.002422,4.318
110132,520,120,640,247,203,188,39.69,0.6966,0.8559,0.661182,27,108,32,143.84,0.9699,0.3833,0.110620,4.428
110145,520,450,970,227,56,12,33.69,0.9847,0.5372,0.191887,23,9,17,345.35,0.4005,0.0698,0.004180,4.464
110152,520,470,990,229,12,33,26.31,0.9924,0.5161,0.170338,15,0,12,334.62,1.0000,0.0375,0.001281,4.297
110157,520,370,890,252,52,157,354.57,0.9714,0.6135,0.255892,46,27,74,299.44,0.6253,0.1709,0.018591,4.460
110169,520,343,863,237,58,230,329.83,0.9514,0.6288,0.267464,22,49,41,172.28,0.5046,0.1866,0.025272,4.218
110173,520,437,957,227,53,104,9.26,0.8733,0.5481,0.198794,8,23,29,225.91,0.4629,0.0941,0.007531,4.325
110174,520,413,933,248,37,58,23.73,0.9715,0.5695,0.215887,26,9,75,284.76,0.8952,0.1198,0.009230,4.489
110181,520,385,905,241,19,186,342.34,0.9827,0.5896,0.227147,7,32,73,259.84,0.8411,0.1492,0.015591,4.225
110182,520,361,881,229,80,195,338.05,0.8458,0.6166,0.263379,12,51,8,141.75,0.9664,0.1806,0.024633,4.199
110205,520,361,881,250,69,153,356.88,0.9446,0.6226,0.268834,66,32,15,45.91,0.6372,0.1844,0.022259,4.412
110210,520,410,930,223,14,218,329.56,0.9888,0.5745,0.210663,30,3,83,286.76,0.9669,0.1262,0.009657,4.369
110217,520,454,974,221,49,90,13.18,0.8814,0.5291,0.183096,0,17,30,239.50,1.0000,0.0732,0.004946,4.242
110234,520,434,954,217,68,114,5.94,0.7858,0.5474,0.201033,45,3,34,340.67,0.8045,0.1040,0.007386,4.374
110248,520,421,941,223,22,191,336.75,0.9681,0.5597,0.200258,19,26,18,141.57,0.2620,0.1060,0.009209,4.227
110249,520,473,993,193,57,179,332.46,0.8062,0.5220,0.175200,8,3,0,70.54,1.0000,0.0328,0.001168,4.401
110252,520,383,903,221,61,218,328.83,0.9115,0.5970,0.237737,26,38,20,135.69,0.4619,0.1482,0.016563,4.323
110280,520,407,927,204,58,227,321.79,0.9104,0.5727,0.214112,46,0,71,308.73,1.0000,0.1312,0.010358,4.376
110282,520,319,839,246,103,119,16.12,0.8754,0.6465,0.306283,37,53,65,241.26,0.2820,0.2200,0.033211,4.282
110288,520,414,934,244,18,132,359.68,0.9798,0.5711,0.213350,46,11,40,335.06,0.6693,0.1200,0.009735,4.409
110295,520,319,839,252,32,251,328.50,0.9907,0.6529,0.286965,35,28,134,274.78,0.9273,0.2245,0.029089,4.261
110309,520,478,998,225,14,42,24.57,0.9890,0.5089,0.164917,0,0,21,264.05,1.0000,0.0245,0.000541,4.252
110312,520,405,925,235,5,192,339.22,0.9953,0.5785,0.215793,22,29,39,257.28,0.2505,0.1256,0.011958,4.290
110318,520,444,964,208,80,66,29.09,0.7877,0.5351,0.195427,17,12,36,290.18,0.5607,0.0789,0.005095,4.455
110333,520,478,998,209,14,161,342.30,0.9624,0.5136,0.164448,4,0,11,304.75,1.0000,0.0232,0.000500,4.247
110347,520,344,864,235,47,250,324.68,0.9824,0.6311,0.265997,71,29,4,47.53,0.8551,0.1859,0.022273,4.372
110376,520,417,937,207,0,253,317.57,1.0000,0.5706,0.203589,48,5,44,332.21,0.7873,0.1183,0.009189,4.284
110388,520,431,951,244,5,80,15.89,0.9961,0.5534,0.199243,38,13,11,26.32,0.5566,0.0977,0.007241,4.354
110394,520,366,886,227,26,251,322.77,0.9885,0.6084,0.240369,59,18,67,320.73,0.7080,0.1698,0.017678,4.290
110409,520,410,930,227,32,181,340.74,0.9450,0.5657,0.207027,46,23,8,52.10,0.6280,0.1302,0.012112,4.138
110415,520,410,930,244,57,27,31.75,0.9727,0.5730,0.222419,2,12,96,265.09,0.9824,0.1341,0.011203,4.451
110416,520,431,951,226,54,118,3.80,0.8591,0.5513,0.201178,35,14,17,11.83,0.4435,0.0963,0.007119,4.397
110420,520,148,668,238,195,190,25.91,0.5330,0.8292,0.609263,9,104,22,144.06,0.9929,0.3650,0.100162,4.390
110464,520,463,983,195,65,164,338.65,0.7597,0.5257,0.180647,11,5,28,292.52,0.6778,0.0543,0.002635,4.382
110469,520,342,862,250,63,173,349.58,0.9539,0.6252,0.268994,8,53,11,143.91,0.9737,0.1866,0.026219,4.185
110495,520,473,993,177,60,211,317.49,0.8445,0.5206,0.172831,14,0,3,3.21,1.0000,0.0323,0.001000,4.369
110530,520,427,947,242,32,84,15.81,0.9642,0.5589,0.205537,41,7,25,351.22,0.6847,0.0980,0.006936,4.488
110567,520,319,839,247,60,240,329.77,0.9705,0.6533,0.293000,61,16,124,293.84,0.9064,0.2250,0.028179,4.387
110569,520,398,918,226,76,146,355.33,0.7892,0.5844,0.234155,22,34,41,234.41,0.2736,0.1407,0.014747,4.389
110576,520,387,907,240,6,203,337.39,0.9959,0.5944,0.229702,73,1,9,22.84,0.9873,0.1536,0.014582,4.331
110578,520,368,888,220,96,163,349.20,0.7092,0.6080,0.262279,26,32,88,273.29,0.7474,0.1737,0.019571,4.489
110579,520,354,874,202,90,241,316.28,0.9036,0.6152,0.262211,2,52,8,144.61,0.9937,0.1807,0.024863,4.170
110600,520,398,918,213,32,239,321.89,0.9741,0.5786,0.214130,18,10,95,273.20,0.9667,0.1388,0.011718,4.280
110608,520,355,875,255,81,71,27.56,1.0000,0.6237,0.276034,19,49,27,150.35,0.7278,0.1805,0.024141,4.397
110616,520,337,857,246,43,238,330.08,0.9783,0.6393,0.274965,0,33,117,262.83,1.0002,0.1958,0.023719,4.408
110618,520,462,982,140,79,253,293.75,0.9808,0.5296,0.182593,20,1,22,324.68,0.8224,0.0519,0.002284,4.449
110625,520,463,983,216,36,141,351.49,0.8918,0.5272,0.177862,13,3,31,296.63,0.7938,0.0540,0.002496,4.341
110632,520,352,872,241,89,113,14.33,0.8555,0.6167,0.270408,11,27,117,266.60,0.9551,0.1882,0.021392,4.488
110633,520,299,819,238,106,215,334.70,0.8864,0.6747,0.333939,64,53,24,88.98,0.5356,0.2345,0.037022,4.412
110641,520,434,954,239,6,106,7.12,0.9931,0.5495,0.195248,9,27,24,181.66,0.4970,0.1040,0.009079,4.151
110653,520,392,912,183,95,236,310.62,0.8465,0.5927,0.243087,2,31,82,260.23,0.9604,0.1532,0.016020,4.439
110664,520,459,979,230,44,36,28.61,0.9563,0.5344,0.187547,10,4,41,282.72,0.8668,0.0617,0.003114,4.472
110671,520,474,994,228,24,0,30.42,1.0000,0.5164,0.171502,7,0,11,317.56,1.0000,0.0272,0.000693,4.369
110674,520,455,975,229,21,109,4.97,0.9632,0.5338,0.183014,25,5,9,7.92,0.5857,0.0622,0.003350,4.368
110675,520,414,934,254,0,11,28.62,1.0000,0.5662,0.210989,25,29,5,117.66,0.7257,0.1173,0.010964,4.281
110681,520,295,815,243,128,112,29.27,0.8403,0.6807,0.356656,5,68,37,155.18,0.9761,0.2427,0.042999,4.373
110683,520,327,847,250,100,116,16.85,0.9269,0.6482,0.307025,29,55,53,189.34,0.3986,0.2146,0.032505,4.327
110696,520,467,987,191,40,206,323.90,0.9076,0.5220,0.170517,5,1,28,283.66,0.9314,0.0393,0.001378,4.292
110706,520,430,950,238,38,87,14.95,0.9471,0.5546,0.202547,24,22,4,103.50,0.6727,0.0966,0.007768,4.372
110712,520,477,997,217,28,87,11.41,0.9390,0.5058,0.162729,4,1,7,310.77,0.6480,0.0247,0.000629,4.202
110720,520,403,923,224,6,223,328.59,0.9958,0.5781,0.213076,3,36,29,175.72,0.8994,0.1310,0.013698,4.130
110724,520,352,872,241,27,232,330.39,0.9866,0.6195,0.253136,70,4,82,320.46,0.9049,0.1870,0.019983,4.332
110726,520,417,937,242,55,32,30.80,0.9646,0.5675,0.217172,40,18,41,325.57,0.5097,0.1222,0.010439,4.421
110727,520,440,960,176,78,218,314.14,0.8069,0.5461,0.197418,26,20,6,87.44,0.5291,0.0942,0.007331,4.316
110744,520,404,924,230,53,170,345.52,0.8873,0.5791,0.222741,25,16,76,281.43,0.8365,0.1297,0.010990,4.472
110747,520,467,987,190,50,194,326.83,0.8525,0.5198,0.171249,11,0,20,310.98,1.0000,0.0370,0.001217,4.320
110765,520,438,958,235,45,71,20.44,0.9388,0.5500,0.199970,3,25,18,170.02,0.8241,0.0924,0.007583,4.341
110776,520,375,895,230,41,217,331.48,0.9574,0.5971,0.234211,52,3,85,305.20,0.9474,0.1582,0.014511,4.406
110789,520,308,828,233,116,200,339.19,0.8008,0.6749,0.339867,44,59,1,124.15,0.9858,0.2274,0.036656,4.499
110796,520,465,985,223,50,26,31.21,0.9616,0.5242,0.180465,8,10,5,123.90,0.2772,0.0521,0.002797,4.365
110799,520,454,974,182,90,154,340.22,0.5917,0.5349,0.195918,3,18,23,220.01,0.6461,0.0743,0.005138,4.460
110803,520,452,972,229,32,63,20.89,0.9604,0.5279,0.180529,1,4,59,265.46,0.9841,0.0739,0.004090,4.262
110805,520,383,903,231,46,208,334.13,0.9425,0.5964,0.234995,29,39,23,134.22,0.3820,0.1546,0.017741,4.207
110817,520,362,882,149,127,236,290.74,0.7592,0.6104,0.276243,20,51,3,136.90,0.9807,0.1838,0.025229,4.337
110820,520,466,986,226,33,76,16.77,0.9470,0.5246,0.177811,10,5,13,314.01,0.3793,0.0451,0.002021,4.379
110843,520,369,889,202,88,244,315.67,0.9222,0.6146,0.260690,18,45,29,155.75,0.6336,0.1673,0.020940,4.380
110845,520,345,865,255,50,175,349.34,1.0000,0.6253,0.266398,7,47,68,237.09,0.7990,0.1877,0.024954,4.221
110881,520,392,912,235,86,68,29.87,0.8839,0.5928,0.247380,36,33,44,297.40,0.1936,0.1526,0.016446,4.475
110889,520,448,968,239,4,44,24.38,0.9977,0.5369,0.186227,24,12,32,310.46,0.5010,0.0840,0.005614,4.248
110893,520,480,1000,229,4,26,27.05,0.9976,0.5137,0.168225,0,0,0,0.00,0.0000,0.0000,0.000000,4.364
110895,520,417,937,239,33,143,355.63,0.9466,0.5712,0.214247,44,12,40,332.75,0.6435,0.1180,0.009517,4.440
110900,520,446,966,224,27,135,355.02,0.9370,0.5355,0.183831,32,6,20,349.50,0.6351,0.0789,0.004879,4.261
110903,520,426,946,232,47,115,5.21,0.8983,0.5563,0.204296,44,10,32,344.15,0.6515,0.1109,0.008569,4.342
110913,520,456,976,221,17,152,348.22,0.9632,0.5333,0.180426,25,2,24,329.66,0.7757,0.0623,0.003161,4.335
110946,520,448,968,203,67,152,345.97,0.7567,0.5359,0.189797,4,21,0,137.59,1.0000,0.0764,0.005621,4.311
110950,520,435,955,247,3,33,26.45,0.9987,0.5529,0.199527,20,15,39,290.74,0.5236,0.0899,0.006369,4.427
110968,520,462,982,220,38,133,355.45,0.8930,0.5329,0.182979,10,7,10,326.07,0.1634,0.0487,0.002384,4.448
110981,520,414,934,202,72,211,325.13,0.8391,0.5729,0.218960,15,25,60,268.47,0.6735,0.1244,0.011230,4.393
110983,520,445,965,215,27,181,337.72,0.9425,0.5410,0.185694,19,13,38,291.79,0.5597,0.0842,0.005662,4.234
111000,520,477,997,189,64,152,341.53,0.7370,0.5079,0.167542,7,0,0,29.23,1.0000,0.0213,0.000452,4.312
111032,520,396,916,221,9,230,326.18,0.9943,0.5783,0.212829,39,25,42,320.36,0.3558,0.1358,0.012938,4.176
111038,520,386,906,245,41,147,355.88,0.9401,0.5889,0.231082,27,20,89,278.65,0.8597,0.1523,0.014545,4.355
111042,520,463,983,188,12,237,315.87,0.9896,0.5287,0.170700,10,3,27,294.37,0.7635,0.0482,0.002088,4.237
111082,520,446,966,196,20,226,320.55,0.9772,0.5353,0.177286,29,9,20,347.65,0.5029,0.0794,0.005071,4.127
111097,520,39,559,233,249,194,120.97,0.8240,0.9495,0.889698,9,131,7,142.48,0.9964,0.4550,0.163053,4.411
111099,520,476,996,218,30,79,14.57,0.9409,0.5070,0.164011,2,0,14,286.01,1.0000,0.0222,0.000446,4.242
111101,520,471,991,211,68,5,38.16,0.9886,0.5188,0.179964,17,1,7,353.27,0.7632,0.0409,0.001562,4.460
111104,520,375,895,217,43,254,319.38,0.9955,0.6023,0.236371,9,37,75,257.28,0.7928,0.1649,0.018891,4.157
111112,520,445,965,194,80,148,346.35,0.6712,0.5357,0.193464,10,2,63,275.02,0.9825,0.0818,0.004668,4.454
111125,520,400,920,242,25,163,349.51,0.9697,0.5821,0.222200,60,13,15,22.18,0.7635,0.1397,0.012832,4.332
111126,520,370,890,231,101,57,38.64,0.8599,0.6065,0.265944,12,45,43,189.60,0.6683,0.1696,0.021293,4.432
111131,520,1,521,255,255,255,0.00,0.0000,1.0000,1.000000,25,138,27,142.93,0.9862,0.4815,0.184620,4.475
111134,520,354,874,249,87,39,36.21,0.9641,0.6165,0.271060,12,38,93,262.68,0.8616,0.1849,0.022546,4.426
111164,520,478,998,225,12,46,23.60,0.9902,0.5088,0.164707,0,2,5,242.21,1.0000,0.0215,0.000544,4.248
111167,520,425,945,212,65,178,338.60,0.8150,0.5623,0.209941,40,9,46,320.77,0.7189,0.1112,0.008438,4.448
111174,520,473,993,218,52,41,28.88,0.9272,0.5171,0.175241,0,2,13,259.91,1.0000,0.0258,0.000725,4.440
111178,520,400,920,245,63,15,33.93,0.9868,0.5801,0.230054,10,38,35,185.62,0.6424,0.1429,0.015720,4.261
111188,520,466,986,144,89,221,299.61,0.7732,0.5229,0.182947,9,6,18,295.53,0.4414,0.0488,0.002320,4.452
111194,520,392,912,222,23,242,323.57,0.9871,0.5923,0.225553,36,35,13,106.42,0.5376,0.1477,0.016062,4.171
111195,520,437,957,211,47,180,337.23,0.8732,0.5452,0.191793,30,16,14,28.43,0.3253,0.0920,0.006783,4.258
111196,520,457,977,159,80,228,305.24,0.8300,0.5331,0.187102,12,6,38,285.87,0.7649,0.0647,0.003483,4.433
111211,520,378,898,239,74,125,6.11,0.8569,0.5981,0.247319,51,32,24,43.67,0.3493,0.1620,0.018029,4.371
111212,520,458,978,223,41,111,4.57,0.8954,0.5328,0.184242,16,0,40,296.37,1.0000,0.0584,0.002634,4.450
111229,520,372,892,250,51,165,351.51,0.9570,0.6123,0.254116,77,8,21,17.19,0.8786,0.1719,0.018059,4.468
111234,520,284,804,218,137,203,333.80,0.6469,0.6917,0.371100,8,72,12,143.46,0.9873,0.2532,0.047127,4.336
111236,520,383,903,241,9,214,334.79,0.9951,0.6033,0.237541,55,21,45,339.98,0.5548,0.1538,0.015381,4.398
111250,520,479,999,192,1,204,325.11,0.9981,0.5067,0.155894,1,0,4,296.85,1.0000,0.0133,0.000152,4.105
111269,520,422,942,238,49,45,27.66,0.9523,0.5556,0.205664,15,28,20,156.61,0.3812,0.1093,0.009825,4.274
111284,520,376,896,250,40,154,354.51,0.9591,0.6008,0.241781,66,16,18,22.09,0.7492,0.1566,0.015727,4.439
111291,520,472,992,206,56,134,353.24,0.7949,0.5213,0.176735,3,2,14,284.75,0.6843,0.0302,0.000945,4.451
111313,520,392,912,230,29,218,331.24,0.9750,0.5918,0.227662,43,19,73,300.03,0.7287,0.1521,0.014604,4.298
111324,520,472,992,161,81,198,313.69,0.7203,0.5152,0.175398,5,2,15,295.13,0.6801,0.0331,0.001102,4.411
111326,520,211,731,252,161,141,33.07,0.9144,0.7621,0.481107,36,87,5,137.37,0.9894,0.3142,0.072022,4.353
111332,520,404,924,236,51,162,349.49,0.9020,0.5849,0.228120,3,38,20,156.53,0.9516,0.1347,0.014560,4.308
111337,520,359,879,215,92,212,328.54,0.8135,0.6188,0.268566,8,51,3,141.28,0.9885,0.1786,0.024258,4.290
111340,520,406,926,206,76,197,330.61,0.8015,0.5754,0.223237,46,19,25,7.13,0.4695,0.1262,0.011169,4.467
111343,520,378,898,217,87,192,335.85,0.7827,0.6042,0.253759,41,29,68,295.39,0.5519,0.1641,0.017675,4.488
111360,520,296,816,247,82,253,326.43,0.9926,0.6810,0.329032,99,28,8,35.70,0.9068,0.2404,0.035011,4.459
111369,520,299,819,251,83,214,337.87,0.9733,0.6662,0.315538,40,56,72,248.93,0.3007,0.2348,0.037473,4.179
111377,520,389,909,248,39,145,357.01,0.9490,0.5928,0.234552,57,7,59,326.39,0.8017,0.1476,0.013377,4.490
111389,520,358,878,253,6,211,338.17,0.9975,0.6231,0.257194,22,49,8,136.91,0.9348,0.1788,0.023847,4.160
111398,520,439,959,240,32,61,22.14,0.9707,0.5506,0.198985,32,15,7,46.24,0.5137,0.0911,0.006641,4.396
111399,520,458,978,227,12,127,357.95,0.9780,0.5332,0.181290,21,0,40,304.17,1.0000,0.0644,0.003126,4.354
111423,520,345,865,250,52,191,343.52,0.9647,0.6251,0.265448,36,13,122,278.92,0.9592,0.1918,0.020680,4.463
111425,520,453,973,205,60,138,351.72,0.7794,0.5253,0.180479,4,17,2,139.47,0.9262,0.0654,0.004311,4.244
111435,520,407,927,252,13,85,15.52,0.9918,0.5729,0.216429,10,32,53,249.73,0.6363,0.1347,0.013545,4.193
111437,520,435,955,242,27,74,18.40,0.9747,0.5545,0.201589,1,24,12,159.12,0.9626,0.0863,0.006862,4.425
111440,520,460,980,214,71,27,36.30,0.9368,0.5294,0.188842,7,12,22,262.50,0.3721,0.0621,0.003660,4.451
111465,520,352,872,217,86,218,327.41,0.8503,0.6175,0.264711,18,53,30,152.38,0.7853,0.1941,0.027684,4.051
111475,520,420,940,227,54,136,357.05,0.8593,0.5596,0.207495,2,30,8,148.40,0.9736,0.1051,0.009589,4.321
111489,520,475,995,211,7,168,340.52,0.9829,0.5196,0.168302,5,2,9,307.01,0.5365,0.0302,0.000954,4.284
111496,520,479,999,153,62,232,303.97,0.8841,0.5051,0.160442,0,0,1,264.05,1.0000,0.0060,0.000022,4.207
111497,520,480,1000,210,36,118,358.87,0.8788,0.5060,0.162737,0,0,0,0.00,0.0000,0.0000,0.000000,4.255
111503,520,369,889,230,47,236,326.71,0.9635,0.6132,0.249145,1,16,119,264.48,0.9854,0.1708,0.017088,4.459
111504,520,418,938,239,56,30,31.30,0.9650,0.5622,0.212760,32,12,64,295.40,0.7853,0.1190,0.009402,4.423
111508,520,460,980,211,36,167,341.22,0.8960,0.5304,0.179028,7,11,10,179.58,0.1533,0.0551,0.003064,4.316
111512,520,440,960,236,21,108,6.48,0.9705,0.5478,0.194550,18,4,63,282.69,0.9388,0.0914,0.005743,4.387
111515,520,274,794,239,106,255,323.25,1.0000,0.6985,0.358809,8,72,19,145.15,0.9847,0.2540,0.047332,4.200
111521,520,441,961,207,85,32,41.08,0.8898,0.5368,0.198688,32,6,37,320.94,0.7212,0.0881,0.005709,4.464
111540,520,401,921,243,43,131,1.07,0.9310,0.5803,0.224244,30,15,80,285.15,0.8436,0.1374,0.011968,4.426
111553,520,325,845,254,4,253,328.57,0.9992,0.6508,0.282526,0,59,26,152.10,1.0000,0.2076,0.032024,4.054
111554,520,448,968,218,36,159,345.66,0.9037,0.5395,0.186728,27,11,5,43.94,0.5324,0.0755,0.004833,4.317
111570,520,476,996,199,65,101,8.11,0.7467,0.5064,0.168643,0,2,3,218.80,1.0000,0.0204,0.000500,4.330
111572,520,385,905,237,57,153,353.20,0.8846,0.5877,0.232336,26,34,47,259.97,0.2787,0.1471,0.015689,4.298
111574,520,439,959,232,47,92,13.56,0.9123,0.5499,0.199645,10,24,7,139.78,0.7177,0.0908,0.007331,4.354
111575,520,356,876,220,88,205,332.35,0.8196,0.6173,0.266049,6,49,46,187.97,0.8569,0.1817,0.024325,4.252
111587,520,434,954,224,61,119,3.95,0.8302,0.5545,0.205193,34,17,14,30.66,0.3829,0.0999,0.007727,4.421
111592,520,337,857,234,94,185,343.70,0.8219,0.6374,0.290031,49,40,70,296.84,0.3984,0.1999,0.026128,4.467
111609,520,315,835,227,107,206,334.53,0.8018,0.6551,0.313046,61,50,4,94.63,0.9053,0.2198,0.032822,4.383
111628,520,357,877,233,74,205,335.80,0.8874,0.6219,0.266315,66,30,7,49.72,0.7717,0.1792,0.021023,4.454
111630,520,469,989,222,41,42,26.91,0.9507,0.5162,0.172854,4,3,21,281.26,0.7322,0.0383,0.001451,4.331
111661,520,453,973,112,104,234,281.68,0.8236,0.5278,0.192855,27,9,7,28.50,0.5030,0.0723,0.004438,4.461
111671,520,403,923,241,38,139,357.63,0.9384,0.5763,0.219543,21,31,40,246.12,0.2755,0.1308,0.012926,4.284
111672,520,466,986,170,40,245,308.15,0.9535,0.5205,0.166570,12,6,11,331.80,0.2869,0.0486,0.002326,4.139
111693,520,430,950,232,57,41,29.74,0.9391,0.5500,0.202452,12,12,64,273.75,0.8951,0.0999,0.007112,4.420
111697,520,470,990,144,69,251,296.53,0.9694,0.5191,0.171507,12,3,0,56.63,1.0000,0.0372,0.001433,4.307
111701,520,385,905,172,93,249,304.01,0.9319,0.5850,0.234394,6,4,114,266.36,0.9957,0.1530,0.013403,4.485
111717,520,437,957,218,11,197,333.82,0.9856,0.5510,0.191783,8,21,35,251.40,0.5149,0.0919,0.007093,4.235
111723,520,440,960,205,50,195,330.97,0.8756,0.5461,0.192023,2,10,67,265.57,0.9658,0.0940,0.006352,4.295
111724,520,478,998,191,51,178,332.15,0.8222,0.5122,0.166600,0,1,6,259.05,1.0000,0.0179,0.000349,4.302
111736,520,433,953,238,29,82,15.78,0.9658,0.5487,0.196683,26,7,62,291.25,0.8588,0.1031,0.007194,4.313
111747,520,415,935,195,53,252,313.55,0.9830,0.5734,0.211779,6,34,1,139.72,0.9908,0.1191,0.011849,4.233
111753,520,206,726,249,151,222,337.89,0.9368,0.7662,0.475490,32,80,86,206.41,0.5919,0.3091,0.067160,4.485
111760,520,258,778,253,112,215,339.17,0.9825,0.7060,0.373801,40,73,28,138.11,0.8086,0.2725,0.052999,4.115
111764,520,312,832,246,76,223,333.94,0.9541,0.6556,0.300922,81,36,25,34.89,0.6087,0.2210,0.030815,4.342
111768,520,380,900,243,26,192,341.17,0.9768,0.5989,0.236023,8,35,76,258.93,0.8260,0.1601,0.017754,4.221
111769,520,479,999,222,23,83,13.15,0.9606,0.5128,0.167697,0,0,4,264.05,1.0000,0.0106,0.000088,4.346
111792,520,478,998,193,38,183,331.16,0.8794,0.5084,0.161442,3,1,0,66.15,1.0000,0.0193,0.000411,4.194
111800,520,469,989,218,25,131,355.07,0.9332,0.5210,0.172419,0,9,0,142.50,1.0000,0.0406,0.001954,4.281
111805,520,440,960,209,34,214,326.91,0.9491,0.5548,0.195563,16,19,28,270.20,0.2421,0.0887,0.006597,4.339
111807,520,465,985,167,71,208,314.08,0.7936,0.5166,0.172769,19,4,12,346.66,0.5505,0.0526,0.002518,4.242
111812,520,475,995,198,1,206,326.23,0.9983,0.5188,0.164854,6,1,16,301.22,0.8035,0.0319,0.000978,4.215
111814,520,476,996,174,71,178,326.17,0.7238,0.5068,0.167206,1,0,9,282.67,1.0000,0.0172,0.000262,4.321
111824,520,413,933,219,92,29,42.67,0.9203,0.5688,0.228055,13,31,35,213.69,0.4314,0.1229,0.011868,4.494
111829,520,301,821,255,105,131,12.44,1.0000,0.6677,0.330051,7,64,47,167.32,0.9345,0.2325,0.039170,4.262
111830,520,382,902,198,109,163,344.08,0.5597,0.5955,0.255888,10,37,73,256.88,0.7654,0.1636,0.018686,4.453
111849,520,416,936,184,71,247,310.40,0.9448,0.5707,0.214132,11,28,54,258.69,0.6383,0.1249,0.011679,4.282
111850,520,422,942,236,49,82,17.62,0.9242,0.5572,0.206418,31,13,48,304.87,0.6592,0.1055,0.007926,4.427
111865,520,390,910,224,76,176,343.11,0.8105,0.5940,0.241531,56,26,10,47.01,0.6621,0.1537,0.016016,4.416
111875,520,466,986,158,61,242,303.69,0.9251,0.5195,0.170179,9,7,20,290.06,0.4415,0.0521,0.002605,4.185
111879,520,420,940,237,58,17,33.21,0.9819,0.5594,0.210743,47,9,19,8.28,0.6937,0.1098,0.008468,4.460
111885,520,347,867,198,111,216,320.55,0.7268,0.6256,0.283337,2,55,26,153.15,0.9878,0.1942,0.028197,4.263
111888,520,446,966,234,31,96,10.87,0.9516,0.5447,0.193200,5,11,55,268.58,0.9146,0.0843,0.005474,4.384
111890,520,412,932,198,95,158,344.66,0.6235,0.5695,0.226604,16,31,29,185.21,0.3402,0.1221,0.011788,4.477
111897,520,452,972,190,40,216,320.97,0.9226,0.5278,0.174240,19,6,40,296.59,0.7546,0.0732,0.004219,4.136
111905,520,313,833,254,70,209,339.69,0.9931,0.6558,0.300578,14,44,112,263.20,0.8914,0.2190,0.030644,4.347
111909,520,473,993,161,72,223,307.96,0.8317,0.5208,0.175401,0,2,24,263.44,1.0009,0.0333,0.001094,4.412
111910,520,402,922,236,51,146,355.03,0.8955,0.5781,0.222788,60,6,13,19.49,0.8695,0.1308,0.011201,4.457
111916,520,464,984,165,49,243,306.57,0.9404,0.5184,0.166677,14,5,14,326.93,0.4391,0.0496,0.002336,4.140
111922,520,435,955,166,79,243,304.64,0.9064,0.5528,0.201706,13,21,24,222.98,0.2240,0.0896,0.006878,4.425
111940,520,435,955,160,79,251,300.99,0.9620,0.5517,0.200310,3,24,31,221.98,0.7447,0.0949,0.007715,4.337
111957,520,436,956,156,99,210,305.69,0.6906,0.5468,0.206452,0,26,21,178.50,1.0000,0.0946,0.007929,4.427
111973,520,259,779,224,134,244,320.14,0.9035,0.7145,0.394306,25,72,47,157.11,0.7757,0.2653,0.050465,4.423
111986,520,407,927,250,31,77,18.52,0.9749,0.5735,0.218434,58,8,19,13.07,0.7906,0.1304,0.011204,4.386
111990,520,379,899,208,68,244,318.47,0.9431,0.6005,0.240774,46,29,56,312.12,0.4437,0.1621,0.017451,4.311
111994,520,400,920,224,34,209,332.10,0.9576,0.5777,0.215972,49,2,71,311.06,0.9423,0.1384,0.011514,4.324
112027,520,354,874,245,60,184,344.80,0.9272,0.6188,0.261079,44,41,29,95.71,0.2349,0.1776,0.022101,4.315
112028,520,446,966,198,88,98,16.77,0.6425,0.5368,0.198689,5,18,37,256.70,0.6526,0.0837,0.005984,4.442
112035,520,366,886,243,51,178,345.87,0.9277,0.6053,0.246397,70,23,10,36.17,0.7858,0.1740,0.019370,4.273
112037,520,415,935,217,29,220,327.51,0.9686,0.5703,0.207999,49,10,37,342.19,0.6896,0.1224,0.010037,4.297
112040,520,330,850,254,96,53,35.81,0.9921,0.6389,0.296971,1,56,69,219.22,0.9753,0.2145,0.032643,4.198
112041,520,373,893,233,86,106,15.67,0.8135,0.5968,0.250226,35,40,2,116.89,0.9280,0.1597,0.018793,4.364
112049,520,453,973,191,77,164,337.89,0.7003,0.5343,0.190660,28,10,1,54.42,0.8186,0.0740,0.004662,4.403
112069,520,366,886,220,100,152,355.15,0.6859,0.6096,0.265991,21,46,16,140.38,0.8251,0.1693,0.021508,4.419
112075,520,363,883,219,96,166,347.55,0.7080,0.6077,0.261811,10,41,60,239.68,0.6978,0.1655,0.019766,4.469
112087,520,406,926,255,27,27,28.39,1.0000,0.5763,0.221269,43,24,13,50.26,0.4793,0.1286,0.011960,4.378
112101,520,431,951,162,87,226,306.02,0.8039,0.5458,0.199893,35,12,32,332.42,0.5512,0.0991,0.007246,4.365
112106,520,358,878,217,78,241,321.41,0.9307,0.6227,0.265532,0,41,82,252.93,0.9999,0.1785,0.021949,4.385
112107,520,384,904,248,41,138,359.45,0.9447,0.5913,0.233807,31,9,98,281.63,0.9471,0.1524,0.013685,4.456
112110,520,397,917,241,37,161,350.29,0.9450,0.5848,0.226002,49,16,56,320.27,0.6730,0.1425,0.013091,4.375
112115,520,394,914,243,26,169,347.90,0.9704,0.5872,0.226612,46,12,69,307.65,0.7895,0.1429,0.012735,4.409
112119,520,352,872,201,89,250,313.88,0.9589,0.6187,0.264656,56,28,84,304.00,0.6699,0.1943,0.023114,4.304
112130,520,375,895,248,76,10,36.72,0.9914,0.5997,0.251507,45,29,56,310.44,0.4415,0.1607,0.017222,4.485
112131,520,243,763,200,155,251,304.87,0.8943,0.7289,0.426876,2,76,70,185.73,0.9805,0.2802,0.056237,4.489
112144,520,453,973,222,49,88,14.05,0.8862,0.5306,0.184335,11,12,29,279.17,0.4689,0.0691,0.004228,4.321
112153,520,478,998,182,74,144,343.61,0.6634,0.5053,0.168577,0,1,3,247.65,1.0000,0.0159,0.000283,4.347
112174,520,460,980,181,75,187,325.51,0.7374,0.5287,0.184450,2,14,20,227.02,0.6759,0.0619,0.003775,4.360
112184,520,415,935,242,12,142,355.89,0.9865,0.5693,0.210964,7,17,79,267.49,0.9408,0.1225,0.010105,4.342
112189,520,429,949,234,11,135,356.60,0.9838,0.5502,0.194841,14,11,60,276.88,0.8648,0.0955,0.006589,4.327
112198,520,453,973,199,75,125,358.36,0.6953,0.5277,0.186568,17,5,36,297.40,0.7530,0.0660,0.003551,4.418
112203,520,333,853,237,63,245,326.12,0.9648,0.6424,0.281546,52,45,17,95.50,0.5841,0.1959,0.026474,4.335
112222,520,354,874,250,54,171,349.74,0.9573,0.6171,0.259059,23,26,104,272.29,0.9025,0.1767,0.019203,4.466
112223,520,391,911,224,98,36,43.14,0.9040,0.5876,0.247125,16,36,53,246.07,0.5161,0.1492,0.016289,4.482
112225,520,299,819,233,134,49,56.54,0.8758,0.6674,0.345980,10,65,34,153.30,0.9494,0.2329,0.039605,4.419
112237,520,441,961,198,2,228,320.78,0.9980,0.5358,0.176522,11,1,68,274.77,0.9927,0.0871,0.005102,4.111
112284,520,306,826,241,90,238,328.58,0.9432,0.6713,0.321886,93,30,13,35.74,0.8361,0.2316,0.032851,4.489
112296,520,395,915,185,105,203,320.04,0.6653,0.5904,0.247302,3,41,7,144.85,0.9839,0.1424,0.016205,4.491
112303,520,420,940,218,24,199,333.29,0.9648,0.5562,0.196845,39,7,50,315.98,0.7737,0.1099,0.008136,4.246
112312,520,424,944,220,28,189,336.62,0.9514,0.5554,0.197226,34,21,16,41.91,0.3048,0.1093,0.009139,4.180
112325,520,222,742,244,167,18,75.09,0.9802,0.7485,0.469165,7,84,46,154.68,0.9786,0.3002,0.065828,4.482
112326,520,408,928,215,1,233,324.02,0.9993,0.5685,0.203540,27,7,83,283.28,0.9365,0.1277,0.010095,4.219
112330,520,440,960,240,0,91,11.94,1.0000,0.5464,0.192839,18,3,65,282.19,0.9577,0.0922,0.005754,4.356
112333,520,400,920,169,117,172,324.81,0.4408,0.5756,0.241368,12,39,27,162.05,0.6763,0.1441,0.016083,4.409
112338,520,346,866,243,101,37,41.45,0.9431,0.6254,0.284987,16,51,27,151.18,0.8292,0.1857,0.025569,4.433
112340,520,352,872,193,96,253,310.06,0.9777,0.6195,0.267960,85,1,41,0.35,0.9664,0.1898,0.021134,4.470
112343,520,355,875,254,14,193,343.15,0.9937,0.6166,0.252386,71,15,60,336.93,0.7377,0.1828,0.020077,4.315
112357,520,434,954,190,40,245,314.10,0.9586,0.5507,0.190585,17,18,46,278.63,0.5766,0.0985,0.007490,4.185
112358,520,440,960,242,33,12,30.22,0.9906,0.5510,0.199949,40,9,6,29.35,0.7302,0.0935,0.006597,4.416
112359,520,405,925,255,15,65,21.08,1.0000,0.5762,0.219871,40,1,81,297.27,0.9829,0.1340,0.010669,4.448
112374,520,399,919,248,53,67,23.37,0.9628,0.5818,0.229114,33,27,50,294.91,0.3990,0.1377,0.013375,4.404
112398,520,362,882,225,42,252,321.86,0.9881,0.6132,0.246939,84,3,17,20.12,0.9650,0.1824,0.019908,4.248
112405,520,458,978,190,47,212,321.84,0.8966,0.5299,0.177351,16,8,21,311.71,0.4272,0.0613,0.003380,4.259
112423,520,444,964,218,55,129,357.97,0.8294,0.5408,0.192252,11,8,47,278.67,0.8263,0.0755,0.004500,4.445
112447,520,430,950,244,1,89,13.09,0.9991,0.5545,0.199795,32,13,42,312.53,0.6052,0.1025,0.007621,4.335
112462,520,464,984,154,98,167,319.89,0.5111,0.5160,0.183960,1,9,15,231.23,0.7287,0.0470,0.002363,4.468
112491,520,399,919,217,34,235,323.82,0.9710,0.5833,0.218959,34,18,70,292.14,0.7378,0.1364,0.012149,4.328
112516,520,398,918,225,9,220,329.56,0.9935,0.5784,0.213726,38,21,61,300.56,0.6230,0.1388,0.012853,4.196
112547,520,470,990,185,72,175,331.30,0.7302,0.5238,0.180455,3,4,25,273.37,0.7941,0.0426,0.001764,4.452
112561,520,378,898,234,58,195,338.74,0.9098,0.6032,0.244613,66,9,56,336.37,0.7816,0.1646,0.016393,4.437
112570,520,435,955,148,100,219,299.78,0.7287,0.5453,0.205249,29,16,20,359.45,0.2885,0.0926,0.006823,4.492
112584,520,432,952,135,103,231,291.40,0.7864,0.5455,0.206208,21,20,39,284.95,0.4046,0.1018,0.008062,4.413
112588,520,365,885,238,55,197,339.06,0.9258,0.6089,0.249435,70,12,47,348.31,0.7524,0.1703,0.017705,4.423
112602,520,392,912,230,76,133,1.59,0.8014,0.5867,0.236880,53,15,60,321.08,0.7110,0.1505,0.014249,4.465
112610,520,422,942,198,1,253,315.23,0.9995,0.5562,0.191208,1,32,12,152.25,0.9849,0.1119,0.010660,3.976
112631,520,457,977,235,3,73,16.93,0.9972,0.5325,0.182115,13,12,17,294.32,0.1599,0.0647,0.003890,4.307
112652,520,429,949,230,29,138,355.32,0.9414,0.5496,0.195396,21,23,7,114.89,0.5258,0.0968,0.007876,4.240
112668,520,338,858,193,116,242,310.57,0.8527,0.6432,0.302399,53,47,21,96.65,0.5148,0.2034,0.028441,4.493
112671,520,440,960,190,43,246,313.78,0.9577,0.5535,0.193299,18,8,56,284.09,0.8442,0.0902,0.005878,4.354
112673,520,396,916,230,34,199,336.29,0.9564,0.5824,0.220932,48,24,11,48.06,0.5763,0.1361,0.013059,4.296
112674,520,318,838,218,118,199,334.64,0.7019,0.6561,0.319875,34,60,11,133.49,0.9146,0.2235,0.035959,4.303
112680,520,385,905,192,70,254,311.42,0.9925,0.5865,0.227436,39,36,8,103.23,0.6975,0.1533,0.017106,4.134
112682,520,394,914,251,48,77,20.20,0.9759,0.5856,0.231626,23,29,54,272.05,0.4614,0.1356,0.013272,4.451
112686,520,441,961,181,73,210,318.44,0.8043,0.5412,0.192431,27,9,43,305.24,0.6969,0.0902,0.006028,4.327
112697,520,412,932,229,11,192,337.86,0.9881,0.5684,0.207058,36,6,68,299.36,0.8762,0.1205,0.009227,4.340
112706,520,424,944,223,80,49,33.83,0.8838,0.5602,0.216497,0,28,42,233.37,1.0000,0.1110,0.009976,4.443
112713,520,402,922,245,2,163,349.78,0.9981,0.5823,0.221035,23,31,33,214.63,0.1595,0.1291,0.012719,4.321
112717,520,459,979,189,23,228,318.08,0.9719,0.5264,0.170344,5,5,38,274.26,0.8792,0.0570,0.002807,4.173
112737,520,412,932,223,41,192,336.62,0.9263,0.5695,0.210820,28,19,62,288.12,0.6803,0.1242,0.010604,4.304
112759,520,429,949,237,47,58,24.39,0.9469,0.5535,0.203462,44,12,1,42.96,0.9107,0.1044,0.008007,4.370
112765,520,420,940,239,26,129,0.05,0.9614,0.5628,0.206777,47,2,47,328.25,0.8675,0.1146,0.008531,4.387
112776,520,395,915,207,61,236,320.34,0.9228,0.5866,0.226607,13,22,82,269.29,0.8978,0.1382,0.012685,4.413
112779,520,345,865,232,61,243,325.36,0.9564,0.6314,0.269667,44,38,75,289.16,0.4790,0.1930,0.024297,4.303
112784,520,464,984,212,67,55,28.64,0.8639,0.5234,0.182896,12,9,6,71.59,0.1865,0.0538,0.002867,4.405
112801,520,259,779,218,138,243,317.81,0.8741,0.7133,0.395547,15,74,63,177.23,0.8548,0.2737,0.053578,4.302
112802,520,410,930,230,16,198,336.46,0.9840,0.5750,0.212734,54,13,1,39.40,0.9467,0.1251,0.010744,4.325
112810,520,366,886,213,86,211,328.29,0.8225,0.6072,0.255067,4,48,32,163.56,0.9429,0.1724,0.022439,4.211
112821,520,358,878,252,84,44,34.41,0.9814,0.6187,0.272214,45,42,38,75.25,0.0795,0.1844,0.023538,4.382
112839,520,355,875,251,51,170,350.12,0.9657,0.6164,0.257825,77,18,11,30.24,0.8548,0.1809,0.020348,4.376
112857,520,362,882,247,17,198,340.33,0.9893,0.6068,0.242554,45,11,108,288.73,0.9276,0.1818,0.018799,4.252
112871,520,346,866,251,63,186,345.65,0.9666,0.6330,0.276126,10,51,41,173.12,0.8173,0.1877,0.025922,4.296
112876,520,385,905,227,58,185,340.08,0.8821,0.5855,0.228623,70,5,21,13.82,0.8885,0.1534,0.014650,4.310
112884,520,473,993,201,44,164,339.73,0.8451,0.5159,0.169011,11,0,11,328.36,1.0000,0.0320,0.000953,4.298
112905,520,463,983,221,49,81,16.50,0.8917,0.5270,0.181655,9,1,31,291.13,0.9222,0.0457,0.001787,4.473
112912,520,465,985,107,96,251,280.26,0.9642,0.5228,0.184560,13,7,17,311.61,0.3741,0.0543,0.002780,4.444
112919,520,445,965,203,51,194,330.70,0.8675,0.5428,0.189610,12,17,34,270.16,0.4498,0.0840,0.005945,4.283
112933,520,479,999,211,40,107,3.81,0.8712,0.5069,0.164304,0,0,6,264.05,1.0000,0.0126,0.000131,4.275
112934,520,390,910,237,18,194,339.19,0.9837,0.5862,0.223350,40,7,86,293.70,0.9147,0.1462,0.012750,4.356
112937,520,470,990,149,84,218,303.09,0.7762,0.5186,0.177925,11,2,5,354.18,0.5471,0.0353,0.001255,4.447
112940,520,441,961,234,33,43,26.07,0.9714,0.5362,0.187577,4,20,45,257.83,0.7673,0.0937,0.007155,4.157
112952,520,435,955,194,72,188,329.75,0.7723,0.5459,0.197364,26,17,4,77.37,0.6069,0.0866,0.006293,4.394
112959,520,459,979,205,74,104,9.87,0.7266,0.5300,0.188782,31,1,1,27.63,0.9582,0.0616,0.003153,4.492
112962,520,446,966,217,2,189,335.77,0.9968,0.5423,0.184716,4,22,6,146.52,0.8948,0.0808,0.006128,4.182
112970,520,409,929,210,85,152,349.91,0.7035,0.5711,0.224676,36,25,33,336.42,0.2335,0.1274,0.011802,4.444
112978,520,361,881,255,18,189,344.49,1.0000,0.6174,0.253702,81,6,20,18.28,0.9185,0.1788,0.019304,4.382
112984,520,392,912,205,63,243,318.04,0.9403,0.5904,0.230068,15,30,73,266.07,0.7524,0.1479,0.015111,4.301
112985,520,389,909,214,58,227,324.60,0.9217,0.5888,0.228702,67,3,23,9.70,0.9068,0.1451,0.013205,4.410
112994,520,451,971,224,63,18,34.74,0.9723,0.5387,0.194487,4,20,3,141.78,0.9266,0.0742,0.005327,4.419
112998,520,410,930,241,32,129,0.71,0.9517,0.5695,0.213220,2,37,20,157.87,0.9651,0.1309,0.013865,4.122
113011,520,364,884,217,57,250,319.93,0.9767,0.6090,0.245819,71,18,35,4.59,0.6894,0.1744,0.018938,4.291
113032,520,411,931,241,57,75,21.35,0.9241,0.5726,0.221383,47,19,15,29.58,0.5409,0.1250,0.011047,4.446
113033,520,427,947,217,18,208,330.62,0.9790,0.5582,0.197406,28,17,41,303.61,0.4986,0.1041,0.008079,4.260
113038,520,426,946,230,4,171,344.13,0.9943,0.5573,0.198529,26,24,12,99.92,0.3555,0.1058,0.008994,4.213
113041,520,446,966,166,94,185,318.97,0.6201,0.5351,0.196159,18,1,61,284.63,0.9814,0.0844,0.004872,4.486
113047,520,441,961,168,74,233,307.97,0.8671,0.5409,0.191063,3,21,32,236.49,0.7165,0.0870,0.006599,4.259
113050,520,457,977,156,80,235,302.62,0.8604,0.5348,0.188038,8,6,41,277.90,0.8397,0.0641,0.003420,4.456
113062,520,459,979,203,5,204,328.08,0.9921,0.5272,0.171665,26,4,5,19.71,0.6866,0.0605,0.003174,4.169
113064,520,462,982,199,57,170,337.40,0.8034,0.5272,0.179724,10,2,37,286.98,0.9025,0.0540,0.002415,4.383
113085,520,418,938,220,87,16,42.29,0.9638,0.5623,0.220719,49,17,6,39.75,0.7322,0.1230,0.010671,4.462
113092,520,391,911,166,102,244,301.66,0.8703,0.5881,0.241418,35,35,10,109.01,0.6229,0.1461,0.015813,4.428
113109,520,449,969,228,53,5,33.60,0.9937,0.5362,0.190541,7,2,53,274.62,0.9762,0.0678,0.003456,4.500
113130,520,369,889,246,84,40,35.45,0.9501,0.6072,0.260900,28,38,60,264.98,0.3918,0.1675,0.019593,4.467
113137,520,435,955,204,69,169,339.67,0.7706,0.5483,0.199600,19,4,65,282.95,0.9415,0.0947,0.006069,4.452
113159,520,322,842,235,98,187,343.52,0.8232,0.6454,0.299879,34,42,95,273.21,0.6478,0.2093,0.028221,4.473
113167,520,386,906,243,3,190,341.55,0.9977,0.5921,0.228406,23,15,99,275.02,0.9423,0.1535,0.014246,4.333
113179,520,441,961,216,10,189,335.54,0.9842,0.5421,0.184924,43,1,17,1.92,0.9031,0.0894,0.005759,4.213
113189,520,414,934,254,15,2,29.61,0.9988,0.5691,0.214207,36,9,61,302.97,0.8014,0.1175,0.009074,4.472
113190,520,475,995,165,37,251,305.50,0.9800,0.5168,0.162882,7,0,13,313.25,1.0000,0.0283,0.000742,4.195
113200,520,464,984,181,70,188,325.32,0.7598,0.5227,0.178361,12,7,17,307.28,0.3689,0.0533,0.002706,4.333
113221,520,455,975,197,4,228,320.49,0.9960,0.5345,0.175602,0,1,49,264.18,0.9953,0.0554,0.002434,4.303
113227,520,299,819,251,72,243,329.94,0.9848,0.6717,0.316179,64,51,15,88.94,0.7006,0.2277,0.034922,4.312
113238,520,326,846,240,102,170,352.17,0.8225,0.6517,0.309330,23,49,88,258.38,0.6470,0.2144,0.030832,4.445
113240,520,466,986,215,32,125,356.98,0.9035,0.5162,0.169632,10,6,9,334.19,0.2051,0.0460,0.002145,4.212
113243,520,366,886,212,80,234,321.64,0.8969,0.6127,0.256766,8,41,65,244.68,0.7512,0.1681,0.020191,4.370
113255,520,375,895,250,63,110,11.57,0.9537,0.6032,0.250082,56,30,10,55.67,0.6600,0.1624,0.017913,4.419
113291,520,442,962,216,22,178,338.83,0.9550,0.5391,0.183894,7,16,31,259.54,0.5095,0.0764,0.005147,4.241
113292,520,468,988,196,49,176,334.31,0.8336,0.5179,0.170687,0,4,23,260.38,1.0000,0.0380,0.001487,4.286
113302,520,408,928,221,68,163,346.60,0.8110,0.5737,0.221531,52,18,5,41.33,0.7743,0.1302,0.011737,4.398
113323,520,430,950,198,75,186,331.76,0.7647,0.5550,0.205847,15,23,28,236.02,0.2346,0.0982,0.007982,4.413
113331,520,445,965,216,62,122,1.31,0.8007,0.5415,0.194517,17,8,48,286.60,0.7867,0.0815,0.005062,4.441
113338,520,377,897,232,77,146,356.78,0.8094,0.5962,0.245416,47,25,58,313.42,0.5354,0.1565,0.016051,4.473
113372,520,448,968,160,70,248,302.42,0.9476,0.5377,0.186317,9,20,16,169.38,0.3553,0.0811,0.005958,4.223
113385,520,324,844,234,71,252,323.57,0.9872,0.6493,0.290294,85,27,14,34.13,0.8068,0.2109,0.027472,4.392
113391,520,367,887,197,90,237,315.64,0.8775,0.6054,0.252983,61,31,17,44.99,0.5675,0.1741,0.020127,4.320
113400,520,307,827,244,75,251,326.26,0.9854,0.6682,0.312329,95,4,77,338.81,0.8953,0.2323,0.030559,4.498
113403,520,419,939,210,51,206,329.20,0.8988,0.5624,0.205275,17,9,74,276.77,0.9310,0.1105,0.008089,4.395
113408,520,470,990,222,36,59,21.97,0.9479,0.5150,0.171099,8,2,18,302.53,0.7204,0.0380,0.001387,4.303
113413,520,441,961,234,2,106,6.22,0.9972,0.5383,0.185795,39,8,22,355.33,0.6419,0.0948,0.006630,4.164
113431,520,451,971,225,46,102,8.83,0.8903,0.5378,0.189236,10,16,6,132.48,0.4496,0.0684,0.004483,4.391
113442,520,465,985,213,52,115,2.29,0.8288,0.5235,0.178423,0,12,1,145.62,1.0000,0.0485,0.002651,4.338
113443,520,282,802,250,107,213,338.79,0.9587,0.6935,0.356462,13,70,20,144.78,0.9720,0.2484,0.045162,4.271
113446,520,446,966,237,18,44,24.86,0.9883,0.5361,0.186223,17,18,16,128.73,0.0625,0.0821,0.005892,4.226
113454,520,330,850,242,50,247,327.01,0.9748,0.6425,0.278765,85,17,54,351.85,0.7493,0.2093,0.025988,4.327
113459,520,387,907,184,87,243,310.07,0.9023,0.5876,0.234787,22,17,92,275.20,0.9179,0.1470,0.013441,4.489
113480,520,445,965,178,53,248,309.38,0.9606,0.5449,0.187894,20,10,41,294.39,0.6648,0.0820,0.005259,4.305
113485,520,480,1000,226,22,42,25.09,0.9811,0.5138,0.169127,0,0,0,0.00,0.0000,0.0000,0.000000,4.383
113487,520,415,935,248,10,97,11.39,0.9922,0.5667,0.210402,5,27,60,258.20,0.8202,0.1241,0.011423,4.239
113516,520,467,987,228,14,72,16.92,0.9843,0.5199,0.172789,5,5,19,280.54,0.5502,0.0432,0.001878,4.294
113522,520,430,950,210,57,173,339.51,0.8293,0.5482,0.196471,17,22,24,223.96,0.1271,0.0954,0.007589,4.280
113537,520,475,995,136,79,250,292.83,0.9562,0.5224,0.177283,4,3,13,287.55,0.5397,0.0338,0.001200,4.439
113539,520,418,938,224,79,28,37.68,0.9424,0.5589,0.215258,3,28,46,243.02,0.7966,0.1152,0.010471,4.387
113542,520,399,919,254,39,0,31.31,1.0000,0.5792,0.225257,59,17,0,42.96,1.0000,0.1410,0.013309,4.348
113551,520,406,926,223,51,191,337.05,0.8995,0.5759,0.218196,12,1,99,269.96,0.9979,0.1304,0.010006,4.469
113559,520,431,951,214,77,90,18.33,0.7666,0.5466,0.203444,9,14,61,270.80,0.8846,0.0984,0.007090,4.439
113567,520,324,844,199,118,238,313.71,0.8311,0.6517,0.312730,57,49,22,93.24,0.5226,0.2142,0.031245,4.465
113578,520,380,900,254,30,153,355.19,0.9915,0.6032,0.243029,47,30,50,321.37,0.3700,0.1621,0.017632,4.333
113579,520,302,822,229,114,203,336.59,0.7885,0.6673,0.330065,53,51,67,290.50,0.2042,0.2305,0.035298,4.456
113598,520,470,990,168,71,211,313.64,0.8027,0.5202,0.175353,14,2,14,327.68,0.6729,0.0424,0.001685,4.360
113602,520,259,779,242,127,206,340.42,0.8625,0.7084,0.385145,92,51,35,41.82,0.5117,0.2732,0.047646,4.456
113621,520,407,927,255,12,3,29.44,1.0000,0.5706,0.215334,49,19,23,13.28,0.5100,0.1306,0.011807,4.293
113632,520,405,925,240,14,168,347.35,0.9851,0.5772,0.216696,48,21,0,57.31,1.0000,0.1279,0.011648,4.326
113638,520,368,888,206,73,251,316.07,0.9746,0.6078,0.248534,39,41,10,112.66,0.6969,0.1680,0.020391,4.241
113662,520,415,935,243,2,139,356.88,0.9978,0.5681,0.209655,13,29,36,227.97,0.4173,0.1175,0.010916,4.262
113668,520,444,964,226,58,33,31.51,0.9470,0.5383,0.193075,25,12,9,33.79,0.3637,0.0757,0.004894,4.428
113676,520,441,961,149,101,205,303.31,0.6563,0.5386,0.201050,16,15,41,281.93,0.5710,0.0875,0.006119,4.474
113680,520,397,917,214,36,238,322.32,0.9689,0.5815,0.217329,15,23,83,270.09,0.8839,0.1424,0.013388,4.217
113682,520,317,837,255,36,246,330.27,1.0000,0.6565,0.291787,23,35,128,269.04,0.9236,0.2213,0.029425,4.303
113694,520,452,972,231,36,5,31.13,0.9949,0.5293,0.182647,26,8,22,336.16,0.5174,0.0742,0.004512,4.268
113701,520,441,961,234,7,95,10.04,0.9914,0.5362,0.184737,24,13,31,311.20,0.4582,0.0853,0.005810,4.206
113706,520,399,919,205,88,178,337.38,0.7145,0.5794,0.231747,38,26,49,307.33,0.4116,0.1407,0.013726,4.421
113721,520,416,936,230,29,180,341.71,0.9550,0.5693,0.209997,54,9,19,12.00,0.7488,0.1235,0.010268,4.314
113726,520,419,939,210,35,224,324.64,0.9573,0.5641,0.202874,35,18,25,353.80,0.3474,0.1071,0.008602,4.315
113727,520,433,953,233,50,32,30.14,0.9588,0.5450,0.197122,32,18,18,19.33,0.2921,0.1003,0.007834,4.273
113743,520,429,949,201,71,168,339.23,0.7549,0.5451,0.197529,26,16,44,297.83,0.5583,0.1018,0.007720,4.288
113751,520,38,558,246,235,255,310.16,1.0000,0.9470,0.862297,26,127,23,142.51,0.9833,0.4453,0.154596,4.459
113753,520,243,763,203,154,243,308.78,0.7952,0.7260,0.422794,2,76,66,180.04,0.9826,0.2786,0.055749,4.471
113759,520,464,984,230,29,31,27.76,0.9774,0.5246,0.178037,15,3,29,302.93,0.7697,0.0546,0.002554,4.339
113769,520,403,923,216,72,192,335.20,0.8267,0.5843,0.230415,15,34,15,143.99,0.6756,0.1264,0.012801,4.465
113771,520,480,1000,184,86,80,25.45,0.6231,0.5054,0.174266,0,0,0,0.00,0.0000,0.0000,0.000000,4.485
113781,520,382,902,230,71,178,343.68,0.8464,0.5997,0.245464,5,36,73,255.34,0.8508,0.1590,0.017750,4.361
113792,520,395,915,228,44,207,333.65,0.9415,0.5892,0.228028,41,28,31,3.46,0.2134,0.1404,0.014009,4.344
113798,520,434,954,238,35,66,20.97,0.9627,0.5488,0.197758,20,23,6,117.42,0.5777,0.0956,0.007747,4.290
113799,520,401,921,218,16,237,323.77,0.9903,0.5797,0.213925,12,35,40,213.84,0.5305,0.1368,0.014334,4.102
113806,520,376,896,235,75,151,355.19,0.8313,0.6011,0.249315,58,23,44,345.28,0.5344,0.1619,0.016943,4.471
113825,520,476,996,192,28,202,325.45,0.9383,0.5138,0.163028,4,1,1,21.00,0.4725,0.0215,0.000497,4.219
113833,520,466,986,158,61,248,302.50,0.9550,0.5248,0.173844,12,4,19,308.90,0.5848,0.0475,0.002120,4.295
113836,520,414,934,189,86,205,322.09,0.7557,0.5673,0.218834,56,9,3,32.46,0.9133,0.1242,0.010428,4.449
113852,520,464,984,230,24,34,26.87,0.9821,0.5225,0.175948,10,3,35,287.40,0.8464,0.0544,0.002510,4.303
113854,520,209,729,230,161,229,327.11,0.7458,0.7641,0.479712,2,88,6,142.99,0.9981,0.3075,0.070052,4.412
113859,520,331,851,220,86,243,321.49,0.9363,0.6377,0.283441,29,33,111,273.14,0.8587,0.2018,0.024965,4.448
113864,520,379,899,238,67,144,357.60,0.8599,0.5953,0.242080,52,4,89,302.97,0.9405,0.1634,0.015382,4.467
113865,520,376,896,246,63,116,8.91,0.9209,0.5972,0.244121,45,29,49,319.45,0.3716,0.1566,0.016584,4.417
113874,520,371,891,224,82,192,337.74,0.8195,0.6092,0.256899,26,39,69,265.12,0.5053,0.1748,0.021003,4.322
113906,520,396,916,247,27,136,359.23,0.9686,0.5817,0.223390,8,12,99,267.66,0.9785,0.1410,0.012153,4.399
113912,520,317,837,250,112,57,40.75,0.9541,0.6562,0.322109,62,49,24,82.50,0.4961,0.2210,0.032868,4.490
113913,520,389,909,157,115,221,300.32,0.6913,0.5851,0.246502,28,40,9,127.65,0.7590,0.1540,0.017842,4.371
113934,520,273,793,236,130,194,344.28,0.7693,0.6997,0.376953,21,64,97,245.35,0.7020,0.2626,0.046891,4.407
113943,520,457,977,215,8,174,339.68,0.9837,0.5309,0.176790,3,11,33,262.88,0.7576,0.0635,0.003685,4.224
113974,520,421,941,233,26,162,347.89,0.9578,0.5647,0.206739,8,12,74,269.47,0.9491,0.1089,0.008089,4.420
114003,520,412,932,255,23,4,29.88,1.0000,0.5738,0.218854,19,32,14,137.44,0.5563,0.1227,0.012032,4.334
114014,520,445,965,146,84,250,295.72,0.9495,0.5411,0.193539,30,3,43,312.47,0.8361,0.0847,0.005156,4.415
114033,520,421,941,250,17,0,29.82,1.0000,0.5611,0.207286,12,31,2,135.55,0.9625,0.1126,0.010625,4.244
114038,520,347,867,182,123,218,311.60,0.6655,0.6277,0.291736,27,52,26,143.22,0.6553,0.1949,0.027635,4.402
114041,520,379,899,245,43,159,352.02,0.9388,0.5950,0.236467,13,2,120,268.44,0.9976,0.1630,0.014849,4.417
114054,520,385,905,249,39,136,0.18,0.9520,0.5914,0.233718,25,20,92,276.58,0.8846,0.1540,0.014796,4.379
114057,520,450,970,239,7,73,17.46,0.9942,0.5419,0.189870,6,4,51,273.12,0.9533,0.0686,0.003645,4.471
114065,520,372,892,230,92,131,5.64,0.7627,0.6069,0.261186,6,31,100,264.03,0.9413,0.1739,0.019387,4.485
114090,520,428,948,246,30,61,22.33,0.9772,0.5621,0.208618,9,25,17,160.67,0.5202,0.0957,0.007938,4.464
114098,520,391,911,216,30,253,319.57,0.9917,0.5933,0.226212,54,22,39,348.79,0.5086,0.1509,0.015047,4.246
114100,520,435,955,232,41,99,10.42,0.9228,0.5473,0.196455,38,6,12,12.30,0.7071,0.0865,0.005689,4.426
114109,520,438,958,238,7,104,7.66,0.9918,0.5471,0.193318,0,7,72,264.12,0.9834,0.0944,0.006198,4.330
114111,520,453,973,202,64,147,347.51,0.7618,0.5283,0.183319,2,16,31,248.29,0.7521,0.0728,0.004824,4.256
114120,520,353,873,244,8,225,332.75,0.9967,0.6155,0.248459,5,43,80,252.15,0.8579,0.1841,0.023391,4.067
114129,520,332,852,191,124,220,315.04,0.6886,0.6417,0.306598,14,52,67,228.14,0.6974,0.2048,0.029545,4.483
114139,520,341,861,229,53,255,322.00,1.0000,0.6288,0.264264,31,7,134,274.58,0.9878,0.1989,0.021644,4.386
114147,520,464,984,185,78,157,338.89,0.6694,0.5224,0.181988,0,9,28,254.83,0.9999,0.0533,0.002792,4.394
114152,520,450,970,233,40,42,27.00,0.9618,0.5384,0.190115,1,16,20,214.13,0.8360,0.0662,0.004275,4.424
114165,520,322,842,254,62,215,337.84,0.9940,0.6522,0.294256,24,42,99,266.90,0.7597,0.2061,0.027508,4.442
114169,520,385,905,232,33,214,332.74,0.9689,0.5946,0.231011,0,6,113,264.19,0.9947,0.1509,0.013224,4.445
114171,520,439,959,230,45,105,8.37,0.9039,0.5478,0.197226,16,7,63,279.53,0.9110,0.0943,0.006210,4.398
114175,520,311,831,225,119,180,346.01,0.6902,0.6593,0.324985,28,59,37,151.70,0.6159,0.2212,0.035083,4.407
114183,520,405,925,240,73,1,37.17,0.9989,0.5806,0.232957,39,29,8,83.78,0.6225,0.1342,0.013276,4.472
114187,520,471,991,203,53,149,346.17,0.8048,0.5196,0.174146,17,1,0,34.83,1.0000,0.0382,0.001409,4.360
114193,520,416,936,243,26,136,358.45,0.9660,0.5733,0.215743,28,28,25,106.85,0.0673,0.1224,0.011476,4.323
114194,520,398,918,226,60,178,342.16,0.8656,0.5819,0.226173,15,39,6,138.16,0.9334,0.1411,0.015657,4.206
114200,520,442,962,210,31,188,334.37,0.9311,0.5379,0.183145,12,13,40,277.72,0.6312,0.0795,0.005192,4.224
114220,520,454,974,228,37,56,23.25,0.9547,0.5277,0.181056,6,15,19,226.31,0.3575,0.0670,0.004274,4.257
114224,520,413,933,253,18,44,25.43,0.9921,0.5702,0.215009,35,15,59,300.96,0.7067,0.1229,0.010148,4.406
114241,520,474,994,195,7,212,323.84,0.9897,0.5193,0.165091,7,1,10,317.83,0.7169,0.0300,0.000888,4.227
114248,520,386,906,246,45,128,2.78,0.9331,0.5865,0.230315,3,40,52,224.47,0.8732,0.1548,0.017848,4.132
114249,520,358,878,251,41,184,345.49,0.9714,0.6166,0.255591,12,52,1,139.58,0.9957,0.1833,0.025362,4.055
114257,520,456,976,226,10,123,359.10,0.9812,0.5292,0.178187,0,13,15,204.90,1.0000,0.0556,0.003223,4.287
114267,520,476,996,191,82,74,26.64,0.6875,0.5094,0.176071,1,1,9,276.31,0.7916,0.0214,0.000479,4.479
114273,520,384,904,226,43,220,329.71,0.9530,0.5933,0.230662,6,42,31,168.53,0.8618,0.1527,0.017935,4.131
114312,520,414,934,254,5,63,21.16,0.9976,0.5716,0.215421,6,33,19,157.61,0.8352,0.1194,0.011734,4.299
114332,520,387,907,218,77,178,340.79,0.7922,0.5861,0.234297,49,4,80,305.26,0.9247,0.1494,0.013190,4.499
114333,520,415,935,251,16,56,22.92,0.9919,0.5667,0.211691,9,9,82,269.75,0.9704,0.1153,0.008626,4.464
114337,520,448,968,180,43,244,311.28,0.9492,0.5366,0.179637,17,5,55,284.70,0.8931,0.0834,0.005035,4.173
114340,520,333,853,217,82,254,318.15,0.9936,0.6360,0.279437,39,48,52,226.52,0.1382,0.2009,0.027931,4.227
114343,520,404,924,191,93,206,322.17,0.7363,0.5812,0.233625,6,37,16,150.82,0.9182,0.1318,0.013992,4.432
114349,520,476,996,208,48,112,2.05,0.8309,0.5091,0.166959,6,0,7,324.68,1.0000,0.0239,0.000541,4.293
114354,520,373,893,228,99,84,28.94,0.8021,0.6022,0.260603,35,40,26,124.09,0.2906,0.1641,0.019495,4.469
114365,520,401,921,229,74,119,6.94,0.8072,0.5780,0.228902,3,39,15,150.59,0.9694,0.1369,0.015048,4.288
114389,520,272,792,255,103,215,339.26,1.0000,0.6969,0.358697,2,70,67,189.87,0.9753,0.2592,0.047982,4.171
114404,520,459,979,231,33,38,26.96,0.9712,0.5294,0.182196,0,14,9,172.33,1.0000,0.0561,0.003338,4.353
114408,520,426,946,246,18,46,24.82,0.9904,0.5555,0.202263,21,2,76,281.28,0.9804,0.1069,0.007246,4.407
114410,520,442,962,241,15,14,28.88,0.9933,0.5416,0.190775,8,3,60,273.58,0.9742,0.0785,0.004430,4.424
114420,520,438,958,237,35,88,14.24,0.9511,0.5511,0.199143,16,23,3,124.88,0.7852,0.0914,0.007295,4.348
114426,520,429,949,236,46,26,30.38,0.9713,0.5476,0.198646,20,22,28,270.73,0.1509,0.0998,0.008064,4.282
114428,520,433,953,232,11,142,353.85,0.9828,0.5490,0.193511,0,29,9,151.47,1.0000,0.1008,0.008984,4.128
114430,520,393,913,211,70,214,327.02,0.8671,0.5870,0.230861,54,18,27,6.92,0.5737,0.1390,0.012961,4.461
114436,520,383,903,238,53,192,340.49,0.9250,0.6047,0.245319,17,40,34,174.76,0.4925,0.1524,0.017522,4.374
114445,520,456,976,178,64,218,315.77,0.8506,0.5317,0.181948,1,16,13,180.71,0.8738,0.0635,0.004061,4.290
114446,520,465,985,204,6,183,334.18,0.9862,0.5151,0.163885,3,5,26,271.29,0.7730,0.0457,0.002025,4.111
114448,520,479,999,114,90,244,284.29,0.9114,0.5120,0.174210,0,1,1,194.77,1.0000,0.0143,0.000239,4.463
114463,520,451,971,216,26,176,339.48,0.9430,0.5396,0.184746,4,16,20,219.48,0.5143,0.0685,0.004469,4.310
114471,520,362,882,205,115,134,7.16,0.5345,0.6057,0.269635,38,42,49,261.69,0.1258,0.1815,0.022897,4.385
114478,520,172,692,254,166,210,348.57,0.9735,0.7955,0.529986,5,93,85,184.61,0.9677,0.3425,0.085164,4.291
114497,520,432,952,185,45,248,311.83,0.9647,0.5490,0.189695,3,15,63,265.13,0.9319,0.0987,0.007198,4.191
114515,520,408,928,237,70,15,35.78,0.9827,0.5718,0.224224,38,23,35,333.94,0.3235,0.1264,0.011462,4.462
114517,520,478,998,120,88,236,287.74,0.8601,0.5072,0.170284,3,0,1,353.79,1.0000,0.0152,0.000216,4.387
114523,520,457,977,155,78,240,301.47,0.8897,0.5349,0.187090,2,2,48,268.03,0.9849,0.0581,0.002697,4.499
114541,520,384,904,223,19,233,325.92,0.9881,0.5862,0.220391,23,18,96,275.00,0.9203,0.1540,0.014592,4.186
114556,520,426,946,151,104,218,300.55,0.7105,0.5554,0.215421,12,23,53,266.23,0.6560,0.1120,0.009480,4.462
114558,520,376,896,222,18,252,321.41,0.9925,0.5983,0.229926,7,33,83,261.64,0.8886,0.1610,0.017573,4.143
114565,520,450,970,238,21,45,24.87,0.9859,0.5394,0.189062,6,19,6,143.92,0.7133,0.0735,0.005176,4.333
114573,520,341,861,253,88,61,31.84,0.9857,0.6273,0.282025,35,53,7,128.87,0.9042,0.2011,0.029188,4.193
114575,520,352,872,192,125,168,341.26,0.4550,0.6194,0.287020,13,53,32,156.62,0.8549,0.1925,0.027359,4.357
114579,520,324,844,217,105,223,325.50,0.8229,0.6466,0.301843,65,46,6,81.26,0.8461,0.2149,0.030911,4.349
114587,520,460,980,210,73,41,34.39,0.8853,0.5256,0.186291,18,7,22,316.78,0.4974,0.0620,0.003385,4.426
114589,520,453,973,217,53,104,7.68,0.8436,0.5286,0.182999,19,4,39,299.02,0.8040,0.0687,0.003718,4.337
114604,520,442,962,240,21,3,29.91,0.9976,0.5411,0.190715,10,19,16,171.81,0.2800,0.0791,0.005677,4.323
114608,520,401,921,246,47,116,7.09,0.9322,0.5841,0.228902,64,6,12,21.41,0.8948,0.1393,0.012470,4.465
114611,520,424,944,238,10,136,357.04,0.9871,0.5585,0.201749,38,17,19,14.48,0.4138,0.1074,0.008600,4.296
114619,520,377,897,230,35,232,327.76,0.9748,0.6038,0.238537,18,21,101,270.95,0.9363,0.1615,0.016044,4.369
114621,520,382,902,236,77,132,3.28,0.8312,0.5984,0.248094,13,34,80,263.21,0.8004,0.1631,0.018087,4.378
114639,520,405,925,230,19,202,335.39,0.9814,0.5782,0.215556,29,24,50,290.82,0.4621,0.1264,0.011448,4.322
114648,520,480,1000,188,46,184,329.31,0.8458,0.5064,0.161076,0,0,0,0.00,0.0000,0.0000,0.000000,4.222
114650,520,417,937,252,16,34,26.88,0.9935,0.5666,0.211853,23,32,5,125.31,0.7904,0.1244,0.012261,4.206
114661,520,264,784,254,106,233,333.49,0.9945,0.7083,0.372649,8,70,60,178.55,0.9184,0.2576,0.047580,4.331
114669,520,475,995,210,23,170,339.78,0.9406,0.5236,0.172189,1,5,3,165.31,0.6237,0.0319,0.001216,4.338
114688,520,391,911,248,38,125,3.63,0.9510,0.5852,0.228268,48,3,84,302.39,0.9494,0.1511,0.013336,4.393
114690,520,432,952,210,69,158,345.67,0.7726,0.5532,0.204286,27,10,57,294.14,0.7824,0.1036,0.007455,4.426
114714,520,468,988,127,96,223,290.77,0.7674,0.5179,0.182054,12,2,20,310.26,0.7402,0.0433,0.001721,4.487
114722,520,460,980,204,68,133,354.61,0.7437,0.5306,0.186671,8,15,7,141.00,0.4026,0.0646,0.004086,4.376
114733,520,432,952,232,12,151,350.92,0.9818,0.5532,0.196560,23,5,61,288.99,0.8969,0.0958,0.006276,4.381
114765,520,449,969,230,16,128,358.31,0.9724,0.5407,0.187550,10,10,42,277.28,0.7410,0.0739,0.004488,4.360
114776,520,398,918,213,28,248,319.92,0.9826,0.5837,0.217558,2,7,103,265.09,0.9916,0.1382,0.011440,4.355
114781,520,458,978,169,51,243,307.74,0.9389,0.5259,0.172745,4,11,24,258.39,0.5451,0.0586,0.003311,4.178
114783,520,475,995,204,56,139,350.66,0.7918,0.5197,0.175318,14,0,7,345.51,1.0000,0.0341,0.001087,4.410
114785,520,391,911,189,98,210,319.83,0.7275,0.5885,0.242084,16,39,29,163.71,0.5435,0.1469,0.016499,4.392
114788,520,474,994,182,23,234,314.67,0.9741,0.5200,0.164996,4,1,17,290.86,0.8347,0.0302,0.000880,4.226
114793,520,388,908,233,62,159,350.54,0.8623,0.5874,0.232749,42,32,28,42.91,0.1811,0.1506,0.016091,4.278
114799,520,160,680,242,178,247,324.10,0.9214,0.8194,0.574348,27,98,56,153.22,0.9107,0.3544,0.092535,4.380
114803,520,384,904,234,21,203,336.07,0.9812,0.5868,0.223433,57,26,4,52.83,0.8039,0.1545,0.016175,4.132
114808,520,402,922,212,39,233,322.93,0.9598,0.5762,0.213332,54,10,33,352.34,0.7091,0.1299,0.011113,4.309
114824,520,472,992,203,66,111,4.29,0.7495,0.5182,0.177427,8,0,21,302.26,1.0000,0.0345,0.001058,4.454
114828,520,468,988,225,34,14,30.34,0.9846,0.5158,0.171862,15,1,7,349.55,0.7444,0.0382,0.001386,4.318
114837,520,439,959,235,36,114,5.12,0.9348,0.5546,0.201419,0,26,14,161.34,1.0000,0.0924,0.007705,4.357
114839,520,359,879,223,102,148,358.34,0.6942,0.6161,0.273311,20,47,54,216.83,0.4973,0.1849,0.024480,4.341
114842,520,458,978,238,1,21,27.70,0.9995,0.5323,0.182563,5,10,35,269.24,0.7305,0.0646,0.003707,4.330
114844,520,419,939,241,37,68,20.82,0.9618,0.5565,0.204446,13,29,18,153.07,0.5065,0.1104,0.010079,4.235
114856,520,397,917,235,16,196,338.17,0.9855,0.5831,0.220211,0,6,108,264.19,0.9942,0.1435,0.012128,4.349
114867,520,407,927,184,80,231,313.47,0.8559,0.5695,0.216982,22,33,26,156.52,0.2714,0.1314,0.013328,4.216
114869,520,450,970,211,41,180,337.14,0.8927,0.5409,0.187322,26,8,23,333.77,0.5262,0.0747,0.004552,4.350
114883,520,363,883,200,90,234,317.40,0.8673,0.6076,0.255335,51,29,50,328.42,0.4100,0.1656,0.018129,4.482
114886,520,434,954,230,12,154,349.51,0.9810,0.5506,0.194219,48,3,11,15.48,0.8759,0.1010,0.007178,4.271
114908,520,375,895,229,24,238,326.18,0.9869,0.6017,0.234867,46,32,26,44.25,0.2594,0.1554,0.016885,4.259
114915,520,316,836,228,93,248,322.30,0.9625,0.6613,0.311020,10,61,22,147.15,0.9649,0.2167,0.034598,4.267
114920,520,467,987,122,88,251,286.59,0.9619,0.5226,0.180818,19,0,10,346.37,1.0000,0.0423,0.001604,4.473
114926,520,422,942,207,73,163,343.12,0.7553,0.5552,0.206768,21,12,65,282.38,0.8353,0.1081,0.008040,4.424
114930,520,330,850,216,122,154,359.00,0.5820,0.6415,0.308529,2,54,78,235.52,0.9414,0.2141,0.032011,4.372
114934,520,451,971,228,4,132,356.26,0.9926,0.5354,0.182496,12,14,25,275.69,0.3197,0.0720,0.004624,4.256
114951,520,414,934,197,36,254,314.23,0.9950,0.5667,0.202892,52,8,6,27.83,0.8556,0.1152,0.009170,4.274
114969,520,384,904,241,57,140,358.66,0.8928,0.5901,0.235236,40,17,79,294.57,0.7873,0.1508,0.014165,4.445
114976,520,442,962,219,62,102,10.28,0.8215,0.5409,0.194671,9,20,3,133.84,0.8264,0.0777,0.005650,4.397
114996,520,63,583,250,231,181,89.69,0.7762,0.9199,0.808129,32,117,107,183.66,0.8113,0.4330,0.140906,4.495
114999,520,408,928,240,25,148,353.87,0.9652,0.5717,0.213618,26,29,39,271.76,0.2063,0.1292,0.012448,4.221
115006,520,471,991,209,58,101,8.41,0.8047,0.5172,0.175233,0,8,10,208.03,1.0000,0.0416,0.001956,4.335
115015,520,458,978,165,68,236,306.77,0.8897,0.5318,0.181903,20,9,11,7.60,0.3101,0.0640,0.003683,4.320
115021,520,445,965,185,47,239,313.73,0.9376,0.5430,0.185805,14,20,16,155.82,0.1957,0.0847,0.006311,4.188
115031,520,456,976,225,25,117,1.58,0.9462,0.5298,0.179899,21,6,15,343.95,0.4856,0.0606,0.003242,4.318
115036,520,463,983,217,63,58,26.72,0.8798,0.5287,0.186147,2,12,2,143.44,0.9141,0.0506,0.002802,4.472
115058,520,392,912,250,26,149,355.56,0.9736,0.5922,0.232362,12,29,83,265.97,0.8645,0.1536,0.015813,4.290
115061,520,421,941,202,52,219,323.41,0.9079,0.5587,0.201287,33,11,56,302.16,0.7505,0.1116,0.008482,4.297
115090,520,464,984,212,61,51,28.27,0.8855,0.5157,0.175759,10,1,39,286.46,0.9542,0.0537,0.002327,4.314
115133,520,456,976,182,56,220,316.97,0.8809,0.5311,0.179419,9,7,33,281.88,0.6945,0.0603,0.003198,4.313
115137,520,389,909,251,53,61,24.98,0.9793,0.5869,0.233960,15,21,89,270.33,0.9172,0.1454,0.013591,4.465
115144,520,456,976,217,5,174,340.16,0.9901,0.5341,0.179186,7,11,27,270.54,0.5060,0.0627,0.003636,4.273
115149,520,432,952,222,52,150,350.55,0.8554,0.5543,0.201901,39,15,6,41.77,0.6406,0.1019,0.007862,4.353
115180,520,461,981,212,42,149,347.91,0.8639,0.5272,0.178252,8,2,35,284.66,0.9024,0.0505,0.002164,4.376
115200,520,200,720,246,166,148,33.23,0.7865,0.7659,0.490056,70,80,24,118.69,0.7485,0.3189,0.071053,4.461
115215,520,402,922,249,7,147,355.57,0.9939,0.5843,0.224017,36,20,50,306.97,0.5419,0.1262,0.011057,4.488
115248,520,368,888,231,27,240,326.18,0.9857,0.6076,0.240665,40,43,8,114.04,0.7661,0.1748,0.021964,4.039
115259,520,350,870,244,1,252,326.61,0.9997,0.6323,0.262859,22,53,15,140.10,0.9043,0.1931,0.027512,4.036
115280,520,371,891,240,39,204,337.32,0.9614,0.6059,0.243388,43,30,76,293.38,0.6007,0.1749,0.019639,4.213
115301,520,434,954,193,79,173,334.98,0.7122,0.5450,0.199481,0,16,60,261.66,1.0000,0.0957,0.006968,4.379
115314,520,106,626,253,199,233,340.62,0.9608,0.8686,0.676141,60,107,14,133.81,0.9687,0.3936,0.115075,4.399
115318,520,438,958,228,27,152,350.06,0.9458,0.5507,0.195476,44,1,26,349.68,0.8855,0.0950,0.006319,4.359
115333,520,413,933,231,10,192,338.32,0.9897,0.5719,0.210145,3,29,42,233.57,0.7998,0.1156,0.010652,4.289
115345,520,382,902,243,45,175,346.59,0.9380,0.5998,0.240297,49,31,33,11.85,0.2672,0.1595,0.017428,4.305
115356,520,438,958,173,83,219,312.36,0.7927,0.5495,0.201860,19,19,22,285.81,0.0787,0.0887,0.006621,4.448
115375,520,313,833,255,58,229,334.35,1.0000,0.6587,0.299464,6,40,125,263.44,0.9609,0.2215,0.030368,4.348
115386,520,438,958,202,11,229,321.55,0.9902,0.5453,0.184547,36,9,13,13.59,0.5973,0.0882,0.005996,4.189
115393,520,401,921,223,33,209,331.85,0.9586,0.5754,0.213815,17,40,1,134.78,0.9878,0.1448,0.016389,3.974
115399,520,432,952,196,96,121,5.85,0.5783,0.5537,0.214836,14,28,4,133.52,0.8691,0.1049,0.009326,4.464
115418,520,418,938,227,55,129,359.83,0.8563,0.5579,0.206510,21,27,44,268.69,0.3622,0.1222,0.011251,4.188
115419,520,435,955,231,37,119,2.71,0.9228,0.5488,0.196469,9,10,58,272.80,0.9028,0.0884,0.005806,4.417
115423,520,388,908,253,12,127,2.70,0.9908,0.5861,0.226816,6,21,98,266.00,0.9581,0.1521,0.014568,4.287
115435,520,480,1000,208,35,147,347.32,0.8801,0.5139,0.167207,0,0,0,0.00,0.0000,0.0000,0.000000,4.344
115444,520,294,814,254,96,201,343.27,0.9897,0.6798,0.336567,29,66,19,139.56,0.9141,0.2413,0.042045,4.200
115450,520,478,998,193,40,181,331.78,0.8691,0.5085,0.161929,6,0,6,328.36,1.0000,0.0233,0.000519,4.195
115451,520,422,942,208,68,177,337.89,0.7946,0.5582,0.207204,17,19,59,275.76,0.7195,0.1115,0.009007,4.359
115473,520,474,994,151,59,251,299.76,0.9739,0.5163,0.166726,4,3,6,301.77,0.2645,0.0308,0.001041,4.246
115475,520,473,993,226,19,97,8.61,0.9677,0.5233,0.175004,6,1,16,301.22,0.8035,0.0319,0.000978,4.414
115493,520,406,926,229,41,192,338.11,0.9354,0.5804,0.220522,57,13,20,14.85,0.7067,0.1349,0.012084,4.357
115494,520,360,880,248,55,182,345.89,0.9471,0.6192,0.260694,20,43,70,253.71,0.5753,0.1828,0.023186,4.245
115500,520,339,859,205,110,234,317.78,0.8370,0.6440,0.300728,17,56,7,140.05,0.9716,0.1999,0.029628,4.405
115512,520,458,978,191,51,206,323.67,0.8741,0.5306,0.179017,30,1,3,20.43,0.9250,0.0604,0.003044,4.318
115523,520,426,946,239,24,131,359.29,0.9653,0.5627,0.206458,53,3,13,15.02,0.8914,0.1120,0.008512,4.383
115530,520,421,941,248,31,17,29.64,0.9878,0.5628,0.209805,48,12,2,39.06,0.8825,0.1121,0.008958,4.407
115541,520,348,868,245,83,144,1.04,0.8827,0.6255,0.276157,28,41,80,267.83,0.5766,0.1898,0.024119,4.400
115545,520,345,865,239,35,243,327.33,0.9832,0.6266,0.260265,3,54,15,146.72,0.9888,0.1890,0.026921,4.034
115546,520,270,790,242,102,252,324.98,0.9861,0.6958,0.354106,30,66,69,202.62,0.5000,0.2567,0.046020,4.209
115551,520,313,833,240,78,246,326.42,0.9663,0.6616,0.306303,31,49,87,263.68,0.5515,0.2184,0.031759,4.358
115552,520,388,908,200,69,247,315.41,0.9524,0.5917,0.232524,13,19,95,269.30,0.9464,0.1481,0.013774,4.430
115554,520,419,939,184,53,255,309.72,1.0000,0.5596,0.199575,33,8,61,299.78,0.8205,0.1121,0.008339,4.278
115555,520,425,945,216,57,184,337.49,0.8580,0.5647,0.209881,22,15,57,285.05,0.7236,0.1063,0.008076,4.475
115560,520,439,959,213,43,192,334.05,0.9050,0.5530,0.196818,35,6,26,341.80,0.6744,0.0865,0.005622,4.437
115563,520,416,936,242,26,131,359.93,0.9649,0.5695,0.212580,54,0,36,345.78,1.0000,0.1188,0.009118,4.442
115565,520,367,887,237,91,100,19.87,0.8405,0.6092,0.264097,50,37,3,87.06,0.8822,0.1696,0.020079,4.482
115590,520,443,963,237,34,44,26.05,0.9717,0.5432,0.193337,3,20,33,242.09,0.7124,0.0849,0.006294,4.323
115597,520,479,999,162,40,241,306.49,0.9471,0.5052,0.155505,2,0,1,344.76,1.0000,0.0130,0.000151,4.098
115603,520,401,921,210,55,228,323.31,0.9245,0.5805,0.220372,11,24,78,267.44,0.8807,0.1370,0.012744,4.309
115614,520,446,966,230,12,128,358.20,0.9799,0.5396,0.186474,6,16,36,261.86,0.6225,0.0789,0.005367,4.271
115643,520,342,862,216,87,235,322.33,0.8978,0.6278,0.274152,66,33,10,52.35,0.7174,0.1859,0.022680,4.460
115644,520,467,987,211,53,108,4.97,0.8232,0.5182,0.174801,11,4,2,45.96,0.4587,0.0395,0.001624,4.355
115649,520,408,928,165,113,193,313.02,0.5530,0.5736,0.236604,0,39,8,147.10,1.0000,0.1344,0.014685,4.431
115674,520,408,928,220,14,219,328.58,0.9883,0.5699,0.206464,17,34,17,144.17,0.5815,0.1282,0.013037,4.068
115686,520,412,932,219,48,204,332.19,0.9169,0.5744,0.215358,11,35,1,136.99,0.9879,0.1249,0.012754,4.229
115722,520,364,884,251,30,187,344.38,0.9762,0.6128,0.250290,7,19,117,266.20,0.9765,0.1742,0.017951,4.419
115723,520,424,944,245,38,42,27.01,0.9727,0.5620,0.209694,6,30,30,195.17,0.6602,0.1139,0.010610,4.285
115734,520,191,711,239,165,230,330.93,0.8557,0.7831,0.509757,8,90,59,160.76,0.9706,0.3240,0.076794,4.415
115760,520,435,955,236,13,125,0.40,0.9821,0.5510,0.196045,28,14,30,322.37,0.4339,0.0917,0.006547,4.351
115763,520,425,945,238,50,63,23.55,0.9400,0.5586,0.208204,27,3,71,289.08,0.9508,0.1085,0.007531,4.488
115774,520,396,916,233,54,153,352.11,0.8814,0.5778,0.222647,3,29,77,260.70,0.9370,0.1438,0.014338,4.238
115775,520,324,844,219,111,197,335.50,0.7230,0.6450,0.304620,55,46,46,17.88,0.1078,0.2101,0.029635,4.453
115789,520,444,964,224,9,156,347.48,0.9830,0.5391,0.184456,16,1,56,284.73,0.9780,0.0768,0.004174,4.328
115810,520,382,902,218,40,253,319.91,0.9914,0.6014,0.235168,14,8,115,269.06,0.9885,0.1619,0.015047,4.384
115811,520,414,934,243,52,68,22.72,0.9409,0.5711,0.219314,2,34,28,177.83,0.9244,0.1236,0.012407,4.315
115812,520,368,888,216,72,235,322.81,0.9125,0.6107,0.252337,67,17,37,359.34,0.6780,0.1659,0.017279,4.494
115836,520,434,954,210,93,12,46.76,0.9620,0.5539,0.215591,18,26,17,141.91,0.3041,0.1049,0.009078,4.496
115838,520,383,903,255,61,16,33.11,1.0000,0.5981,0.246386,18,38,50,236.55,0.4581,0.1544,0.017451,4.394
115845,520,461,981,196,46,205,325.54,0.8929,0.5341,0.180991,16,4,13,336.15,0.5179,0.0492,0.002261,4.420
115848,520,322,842,254,92,150,1.72,0.9814,0.6543,0.309304,46,46,72,283.41,0.3364,0.2129,0.030027,4.490
115867,520,438,958,193,63,219,320.40,0.8700,0.5544,0.200083,4,8,68,267.59,0.9684,0.0934,0.006168,4.452
115893,520,469,989,184,13,239,314.29,0.9888,0.5242,0.167114,16,0,9,343.53,1.0000,0.0376,0.001299,4.232
115894,520,465,985,156,53,251,301.82,0.9760,0.5169,0.165796,3,9,26,262.65,0.6659,0.0547,0.002893,4.080
115897,520,446,966,228,39,109,6.00,0.9143,0.5409,0.190520,38,3,9,13.64,0.8187,0.0806,0.004970,4.375
115922,520,476,996,216,51,32,30.54,0.9430,0.5113,0.170734,8,0,0,29.23,1.0000,0.0228,0.000516,4.370
115927,520,477,997,124,85,240,289.18,0.8860,0.5098,0.170732,3,0,5,316.23,1.0000,0.0181,0.000303,4.388
115929,520,469,989,212,21,164,342.18,0.9459,0.5233,0.172160,3,4,16,274.59,0.5800,0.0370,0.001436,4.319
115935,520,420,940,227,62,100,12.19,0.8502,0.5556,0.206990,4,27,41,238.30,0.7367,0.1097,0.009697,4.305
115939,520,431,951,243,5,52,22.97,0.9971,0.5467,0.194146,19,19,43,281.30,0.4995,0.1003,0.007786,4.225
115949,520,249,769,248,126,217,337.80,0.9380,0.7204,0.398904,34,75,48,153.11,0.6674,0.2798,0.055855,4.241
115958,520,383,903,230,24,237,326.65,0.9869,0.6027,0.235931,61,22,6,41.64,0.7913,0.1543,0.015792,4.346
115960,520,438,958,227,45,133,357.42,0.8874,0.5513,0.199039,37,1,46,318.84,0.9239,0.0949,0.006123,4.437
115968,520,474,994,223,27,98,8.25,0.9444,0.5207,0.173564,7,3,1,60.52,0.5214,0.0321,0.001125,4.373
115987,520,318,838,250,46,250,328.21,0.9856,0.6555,0.291830,45,34,110,283.15,0.7630,0.2161,0.028277,4.367
115994,520,346,866,214,85,244,319.52,0.9360,0.6283,0.273264,38,35,91,281.03,0.6648,0.1931,0.023694,4.387
116008,520,412,932,223,6,218,329.58,0.9952,0.5729,0.208825,8,29,44,242.48,0.6175,0.1194,0.011122,4.235
116014,520,466,986,129,95,226,291.36,0.7840,0.5205,0.183424,16,4,24,310.87,0.6636,0.0546,0.002629,4.435
116018,520,402,922,225,50,189,338.15,0.9036,0.5776,0.219653,4,27,72,261.32,0.9111,0.1345,0.012775,4.296
116031,520,253,773,244,117,245,327.16,0.9544,0.7152,0.385505,85,55,9,72.12,0.8379,0.2677,0.046836,4.497
116048,520,389,909,242,19,192,340.88,0.9844,0.5947,0.231518,28,35,47,261.08,0.2475,0.1516,0.016541,4.231
116055,520,391,911,214,64,221,326.06,0.8997,0.5902,0.231853,3,9,112,265.31,0.9907,0.1538,0.013845,4.415
116086,520,376,896,242,13,196,339.74,0.9907,0.5954,0.231536,50,22,66,311.36,0.6438,0.1610,0.016453,4.237
116097,520,392,912,239,64,131,2.36,0.8703,0.5896,0.236592,33,26,74,285.33,0.6623,0.1539,0.015565,4.371
116099,520,349,869,230,115,23,51.40,0.9503,0.6257,0.291489,4,55,21,149.29,0.9812,0.1938,0.028122,4.371
116107,520,468,988,201,8,191,331.09,0.9833,0.5153,0.163546,3,2,29,275.24,0.9228,0.0406,0.001515,4.145
116115,520,362,882,200,95,233,317.35,0.8535,0.6139,0.263482,70,25,21,27.53,0.6530,0.1793,0.020517,4.445
116138,520,475,995,221,13,134,354.28,0.9712,0.5241,0.173839,0,0,26,264.05,1.0000,0.0289,0.000746,4.411
116139,520,38,558,250,244,177,103.57,0.8867,0.9490,0.882002,12,130,28,143.93,0.9939,0.4532,0.161266,4.412
116141,520,325,845,242,112,77,36.05,0.8776,0.6454,0.310043,8,60,20,146.81,0.9730,0.2123,0.033337,4.320
116144,520,453,973,207,80,51,34.30,0.8314,0.5311,0.192439,19,9,24,313.75,0.4557,0.0681,0.003998,4.490
116145,520,361,881,229,73,215,331.77,0.8971,0.6200,0.263317,15,29,107,267.75,0.9260,0.1814,0.020417,4.449
116151,520,442,962,234,38,45,26.18,0.9641,0.5394,0.190712,35,1,37,325.92,0.8891,0.0848,0.005127,4.367
116176,520,391,911,245,12,165,349.29,0.9891,0.5851,0.223953,47,28,21,41.01,0.3657,0.1458,0.014891,4.222
116182,520,345,865,248,51,203,339.60,0.9585,0.6270,0.266390,88,5,5,28.07,0.9717,0.1917,0.021946,4.398
116186,520,439,959,233,32,123,1.32,0.9393,0.5514,0.197897,19,13,42,289.24,0.6134,0.0871,0.005935,4.432
116214,520,464,984,231,3,17,28.09,0.9984,0.5173,0.170976,17,5,0,59.24,1.0000,0.0483,0.002277,4.227
116218,520,296,816,233,106,243,324.67,0.9382,0.6827,0.341048,58,48,89,293.50,0.4547,0.2419,0.037347,4.477
116241,520,399,919,248,31,121,4.54,0.9638,0.5803,0.223204,58,3,54,331.63,0.8562,0.1416,0.012311,4.384
116243,520,476,996,215,30,116,0.27,0.9128,0.5117,0.166390,3,1,3,326.97,0.4506,0.0211,0.000476,4.287
116251,520,457,977,226,37,70,19.09,0.9426,0.5259,0.179369,20,4,31,309.42,0.7374,0.0639,0.003345,4.300
116260,520,395,915,235,42,186,341.33,0.9377,0.5886,0.228661,14,27,68,266.94,0.7484,0.1356,0.012945,4.427
116299,520,392,912,228,80,147,355.91,0.7839,0.5932,0.243404,12,32,74,262.82,0.7813,0.1522,0.016055,4.442
116305,520,416,936,186,77,238,312.67,0.8927,0.5737,0.219209,11,15,81,270.08,0.9408,0.1236,0.010068,4.482
116306,520,439,959,211,72,127,359.63,0.7479,0.5457,0.200181,24,11,49,294.55,0.7139,0.0945,0.006553,4.424
116318,520,386,906,228,61,178,342.71,0.8681,0.5863,0.230484,35,20,82,287.48,0.7826,0.1526,0.014668,4.337
116321,520,327,847,252,31,247,329.39,0.9904,0.6499,0.283939,33,44,90,270.75,0.5969,0.2092,0.028628,4.247
116336,520,373,893,254,58,92,17.25,0.9919,0.6023,0.248733,65,21,3,41.62,0.8860,0.1599,0.016669,4.481
116368,520,453,973,203,33,195,330.46,0.9248,0.5309,0.177262,13,14,21,278.32,0.2098,0.0709,0.004538,4.167
116390,520,462,982,223,4,139,352.82,0.9913,0.5282,0.176416,8,8,20,282.54,0.4054,0.0534,0.002758,4.292
116396,520,396,916,213,93,136,0.05,0.6692,0.5816,0.237545,4,40,7,144.50,0.9774,0.1394,0.015587,4.384
116404,520,392,912,239,68,103,13.56,0.8799,0.5854,0.234673,69,4,23,10.99,0.8934,0.1507,0.014141,4.438
116406,520,460,980,230,36,42,26.48,0.9651,0.5295,0.182549,25,2,19,338.62,0.7561,0.0597,0.002971,4.390
116416,520,419,939,218,64,161,346.30,0.8134,0.5632,0.211477,50,6,11,19.04,0.8210,0.1094,0.008326,4.483
116426,520,429,949,146,88,251,295.04,0.9550,0.5479,0.200555,1,26,35,224.31,0.9099,0.1016,0.008665,4.271
116431,520,359,879,200,112,194,329.62,0.6378,0.6181,0.277641,17,45,56,226.49,0.5578,0.1783,0.022814,4.500
116440,520,470,990,225,38,10,31.13,0.9887,0.5182,0.174186,1,0,38,267.33,1.0000,0.0419,0.001464,4.356
116443,520,476,996,196,14,196,328.32,0.9716,0.5111,0.160371,3,0,8,305.48,1.0000,0.0200,0.000369,4.177
116460,520,469,989,218,51,84,15.38,0.8744,0.5234,0.179157,9,3,4,5.95,0.3623,0.0355,0.001320,4.465
116469,520,454,974,231,26,60,21.34,0.9730,0.5286,0.180570,6,15,24,247.94,0.4315,0.0694,0.004463,4.234
116477,520,271,791,245,118,216,336.85,0.9201,0.7032,0.373297,9,71,43,157.80,0.9519,0.2555,0.047388,4.347
116478,520,463,983,203,16,210,326.47,0.9776,0.5341,0.177221,13,6,1,71.06,0.6901,0.0463,0.002180,4.355
116504,520,240,760,251,120,255,326.34,1.0000,0.7350,0.411646,14,74,76,198.35,0.8290,0.2790,0.055125,4.391
116517,520,359,879,220,80,234,323.98,0.9064,0.6249,0.268954,31,47,25,137.51,0.5039,0.1816,0.023945,4.313
116520,520,304,824,251,100,184,348.94,0.9456,0.6725,0.330873,52,56,24,115.11,0.5528,0.2288,0.036244,4.416
116528,520,472,992,174,2,251,308.98,0.9986,0.5169,0.160080,0,0,31,264.05,1.0000,0.0336,0.000989,4.120
116529,520,476,996,189,35,200,325.04,0.9120,0.5111,0.161925,6,0,1,6.99,1.0000,0.0204,0.000409,4.204
116535,520,469,989,214,37,142,350.71,0.8839,0.5244,0.175746,10,1,18,310.33,0.8095,0.0374,0.001299,4.401
116544,520,263,783,248,115,238,330.41,0.9661,0.7143,0.383934,69,62,8,101.48,0.8737,0.2639,0.047281,4.461
116554,520,425,945,215,87,57,34.55,0.8238,0.5567,0.215612,34,24,5,82.05,0.6724,0.1142,0.010043,4.424
116556,520,332,852,223,94,217,329.45,0.8439,0.6365,0.287051,12,55,30,153.79,0.9010,0.1984,0.029042,4.264
116566,520,386,906,224,87,118,9.49,0.7458,0.5856,0.239742,49,28,9,60.48,0.6347,0.1464,0.015033,4.455
116570,520,362,882,252,50,140,0.11,0.9712,0.6057,0.248736,61,2,91,309.15,0.9650,0.1780,0.017909,4.399
116596,520,409,929,237,36,133,358.81,0.9356,0.5651,0.209628,23,32,38,237.65,0.2142,0.1343,0.013551,4.085
116600,520,438,958,228,50,109,7.13,0.8818,0.5489,0.198821,7,21,27,227.30,0.4658,0.0870,0.006606,4.396
116618,520,327,847,203,120,218,321.31,0.7182,0.6488,0.311926,5,52,82,243.25,0.8630,0.2117,0.030973,4.470
116620,520,476,996,155,39,253,301.90,0.9896,0.5060,0.155119,0,0,9,264.05,1.0000,0.0151,0.000197,4.086
116624,520,400,920,181,86,246,308.47,0.9213,0.5844,0.231340,6,40,14,147.95,0.9469,0.1415,0.015879,4.271
116631,520,376,896,240,2,219,333.31,0.9990,0.6034,0.236860,64,14,49,342.07,0.7121,0.1619,0.016260,4.329
116639,520,452,972,225,53,2,33.96,0.9973,0.5300,0.185610,3,19,8,153.92,0.8294,0.0719,0.005026,4.282
116643,520,425,945,242,38,39,27.48,0.9716,0.5555,0.204133,32,15,48,305.34,0.6202,0.1102,0.008621,4.335
116650,520,475,995,203,67,105,7.35,0.7484,0.5175,0.177328,1,3,15,265.40,0.7735,0.0314,0.001061,4.452
116660,520,458,978,223,19,139,353.13,0.9584,0.5320,0.180205,14,7,25,300.22,0.5399,0.0594,0.003155,4.331
116682,520,109,629,249,203,217,358.11,0.7430,0.8670,0.678627,29,107,87,171.93,0.8375,0.3933,0.114642,4.426
116702,520,434,954,230,63,6,35.35,0.9921,0.5501,0.203941,26,24,7,102.73,0.5481,0.1048,0.008882,4.313
116720,520,443,963,201,74,144,349.59,0.7156,0.5375,0.193305,11,18,26,252.23,0.3002,0.0813,0.005783,4.362
116744,520,405,925,216,10,240,322.63,0.9944,0.5772,0.211093,27,19,68,284.67,0.7334,0.1287,0.011161,4.269
116766,520,472,992,182,43,222,316.97,0.9194,0.5216,0.169480,8,3,4,3.38,0.3242,0.0344,0.001255,4.282
116778,520,446,966,221,69,33,34.24,0.9330,0.5407,0.197408,8,15,38,268.19,0.6194,0.0794,0.005332,4.471
116794,520,424,944,249,18,0,29.88,1.0000,0.5592,0.205760,40,3,51,317.13,0.8583,0.1068,0.007553,4.444
116796,520,388,908,236,32,200,337.42,0.9661,0.5929,0.230388,49,24,52,323.14,0.5114,0.1536,0.015542,4.278
116805,520,449,969,229,30,130,357.97,0.9369,0.5449,0.192011,14,14,20,284.96,0.1777,0.0713,0.004579,4.434
116817,520,477,997,213,58,28,32.80,0.9439,0.5120,0.172585,1,0,10,281.20,1.0000,0.0178,0.000284,4.427
116838,520,378,898,201,93,207,325.47,0.7601,0.5963,0.247527,27,34,66,272.34,0.5120,0.1603,0.017704,4.395
116871,520,339,859,247,10,252,327.25,0.9977,0.6390,0.270224,87,9,21,19.76,0.9051,0.1951,0.022761,4.401
116888,520,432,952,230,52,88,15.41,0.8984,0.5490,0.199865,21,23,12,116.73,0.3298,0.0979,0.007988,4.309
116889,520,384,904,251,63,15,33.67,0.9888,0.5919,0.241023,36,20,81,288.80,0.7739,0.1527,0.014694,4.498
116904,520,373,893,233,40,209,334.32,0.9560,0.5969,0.234473,21,28,82,271.98,0.7850,0.1555,0.015991,4.311
116909,520,378,898,255,62,19,33.04,1.0000,0.5991,0.247560,48,24,62,311.51,0.5844,0.1588,0.016295,4.488
116923,520,453,973,194,31,211,323.59,0.9420,0.5253,0.171540,11,11,28,281.64,0.4745,0.0665,0.003943,4.107
116932,520,452,972,216,34,139,352.12,0.8985,0.5251,0.176095,4,3,52,270.42,0.9746,0.0662,0.003388,4.235
116958,520,418,938,251,9,50,23.90,0.9959,0.5644,0.209386,49,1,46,331.15,0.9136,0.1163,0.008720,4.417
116967,520,477,997,210,55,75,18.70,0.8533,0.5094,0.169444,6,0,1,6.99,1.0000,0.0204,0.000409,4.353
116972,520,416,936,206,80,185,334.76,0.7623,0.5737,0.223637,2,33,19,160.27,0.9516,0.1174,0.011476,4.451
116976,520,436,956,223,72,26,36.04,0.9505,0.5477,0.204000,10,23,8,140.95,0.6415,0.0881,0.006948,4.460
116988,520,432,952,120,103,250,283.43,0.9408,0.5462,0.205953,4,26,36,230.21,0.7166,0.1039,0.008919,4.344
116995,520,333,853,251,71,180,347.98,0.9612,0.6375,0.283142,26,53,38,158.09,0.5249,0.2008,0.029057,4.214
117015,520,375,895,226,45,235,325.97,0.9624,0.6045,0.240459,73,2,36,359.07,0.9185,0.1619,0.015875,4.409
117018,520,271,791,220,141,196,338.84,0.6157,0.6988,0.382525,12,74,24,145.94,0.9750,0.2626,0.050415,4.307
117019,520,429,949,233,5,138,355.28,0.9922,0.5481,0.192701,35,15,17,14.24,0.4190,0.0982,0.007395,4.229
117022,520,444,964,225,50,92,13.09,0.8870,0.5384,0.190642,17,11,45,286.05,0.6995,0.0839,0.005480,4.337
117068,520,409,929,221,86,62,32.22,0.8333,0.5667,0.223780,1,35,31,183.67,0.9605,0.1276,0.013074,4.341
117093,520,258,778,178,163,215,297.77,0.4515,0.7050,0.405657,50,71,8,127.17,0.9321,0.2713,0.052020,4.466
117097,520,21,541,254,248,201,101.41,0.9549,0.9676,0.924232,54,129,50,142.55,0.9139,0.4640,0.167145,4.487
117100,520,405,925,215,30,233,323.83,0.9740,0.5766,0.212608,12,3,96,270.23,0.9930,0.1284,0.009877,4.386
117131,520,455,975,217,30,154,346.92,0.9192,0.5318,0.180158,15,11,9,48.53,0.1412,0.0618,0.003606,4.293
117132,520,325,845,221,92,252,319.33,0.9806,0.6524,0.300565,38,53,43,155.38,0.2640,0.2113,0.031326,4.311
117134,520,364,884,228,61,214,331.77,0.9167,0.6063,0.246889,39,41,31,116.78,0.1885,0.1726,0.021161,4.172
117142,520,374,894,242,39,187,342.58,0.9542,0.6003,0.239192,57,28,31,14.02,0.4210,0.1646,0.017994,4.253
117175,520,470,990,168,43,249,306.58,0.9691,0.5234,0.168929,11,2,12,324.67,0.6318,0.0381,0.001411,4.258
117179,520,342,862,253,66,175,349.75,0.9796,0.6342,0.278776,4,55,26,152.63,0.9754,0.1948,0.028326,4.198
117186,520,404,924,240,37,147,354.68,0.9398,0.5769,0.219581,58,7,4,29.49,0.9140,0.1261,0.010604,4.448
117192,520,417,937,201,45,249,316.16,0.9714,0.5744,0.211353,33,6,70,295.04,0.8901,0.1186,0.008958,4.433
117195,520,422,942,210,64,182,336.63,0.8197,0.5600,0.207478,13,30,7,138.05,0.8296,0.1110,0.010294,4.270
117201,520,305,825,218,120,229,323.42,0.8207,0.6748,0.339971,5,62,49,172.53,0.9440,0.2259,0.036991,4.483
117205,520,335,855,253,42,220,336.08,0.9901,0.6400,0.277091,18,19,135,268.67,0.9783,0.2034,0.023434,4.454
117206,520,471,991,195,14,215,323.04,0.9808,0.5233,0.168241,17,3,1,38.13,0.7568,0.0438,0.001865,4.208
117213,520,364,884,227,30,249,323.17,0.9851,0.6084,0.241012,7,3,124,266.30,0.9973,0.1675,0.015654,4.433
117215,520,2,522,255,255,255,0.00,0.0000,1.0000,1.000000,1,140,21,143.51,0.9996,0.4846,0.188159,4.409
117232,520,479,999,219,34,71,17.80,0.9387,0.5097,0.166617,1,0,6,289.16,1.0000,0.0150,0.000196,4.315
117233,520,338,858,219,99,222,326.60,0.8362,0.6402,0.292595,44,42,74,285.32,0.4146,0.2020,0.026858,4.458
117234,520,441,961,226,24,127,358.15,0.9489,0.5351,0.183571,6,22,37,248.24,0.6055,0.0946,0.007461,4.065
117254,520,476,996,120,83,246,287.25,0.9298,0.5079,0.168332,0,3,2,174.96,1.0000,0.0237,0.000695,4.307
117259,520,479,999,206,54,104,5.91,0.8083,0.5083,0.167618,1,0,6,289.16,1.0000,0.0150,0.000196,4.335
117261,520,457,977,233,33,46,25.42,0.9697,0.5345,0.186117,3,12,30,259.14,0.6955,0.0636,0.003760,4.392
117267,520,378,898,253,53,123,6.31,0.9804,0.6042,0.248625,66,22,4,41.42,0.8613,0.1636,0.017410,4.430
117274,520,334,854,252,75,166,353.25,0.9641,0.6373,0.284841,17,54,27,149.70,0.8558,0.1962,0.028365,4.273
117287,520,439,959,210,14,215,327.05,0.9846,0.5494,0.189240,35,9,23,349.29,0.5803,0.0900,0.006146,4.261
117297,520,431,951,242,9,85,14.31,0.9923,0.5511,0.197319,12,26,10,141.32,0.6295,0.0987,0.008388,4.236
117301,520,384,904,193,76,250,312.23,0.9629,0.5915,0.234096,23,25,77,275.52,0.7581,0.1457,0.014132,4.430
117314,520,479,999,226,6,58,20.45,0.9942,0.5112,0.166074,1,0,1,328.36,1.0000,0.0103,0.000086,4.314
117320,520,358,878,244,76,157,354.94,0.8887,0.6205,0.268393,27,48,31,149.28,0.4848,0.1833,0.024458,4.276
117322,520,360,880,236,1,255,324.16,1.0000,0.6208,0.250771,14,0,135,267.82,1.0000,0.1844,0.018425,4.396
117325,520,380,900,255,61,4,33.82,1.0000,0.5977,0.246100,10,23,104,267.08,0.9526,0.1646,0.016767,4.435
117329,520,315,835,152,144,250,285.24,0.8779,0.6578,0.335237,2,61,53,180.53,0.9730,0.2233,0.036073,4.476
117355,520,162,682,237,181,217,340.20,0.6691,0.8075,0.560633,5,97,62,159.80,0.9852,0.3478,0.089290,4.384
117373,520,423,943,239,54,63,24.19,0.9349,0.5640,0.213512,7,18,65,267.25,0.8909,0.1090,0.008594,4.497
117375,520,13,533,254,249,239,84.58,0.7692,0.9805,0.950544,46,132,72,150.15,0.8923,0.4742,0.175506,4.437
117380,520,444,964,194,20,238,317.22,0.9824,0.5416,0.181441,17,10,36,292.48,0.6107,0.0752,0.004636,4.236
117393,520,72,592,237,222,242,317.71,0.5154,0.9051,0.766582,42,116,45,143.98,0.9314,0.4166,0.131720,4.494
117407,520,469,989,210,63,68,23.14,0.8418,0.5168,0.176763,3,0,35,274.34,1.0000,0.0409,0.001407,4.411
117421,520,390,910,213,27,252,319.07,0.9876,0.5864,0.219601,46,33,3,84.85,0.8598,0.1535,0.016752,4.039
117429,520,13,533,232,254,248,177.66,0.8250,0.9759,0.948161,8,136,9,142.61,0.9968,0.4715,0.176789,4.401
117438,520,415,935,223,73,120,5.32,0.7871,0.5662,0.218117,8,11,86,268.61,0.9704,0.1225,0.009628,4.497
117441,520,384,904,251,40,125,4.26,0.9669,0.5923,0.235110,52,26,5,56.65,0.7553,0.1461,0.014799,4.400
117475,520,346,866,238,45,240,327.72,0.9732,0.6281,0.263478,56,33,66,314.99,0.4822,0.1906,0.023219,4.281
117499,520,397,917,205,43,245,318.20,0.9607,0.5762,0.213011,2,31,65,254.48,0.9105,0.1374,0.013745,4.126
117506,520,307,827,252,102,157,0.26,0.9413,0.6665,0.326356,44,59,21,127.49,0.6799,0.2296,0.037175,4.317
117510,520,412,932,247,32,78,18.06,0.9709,0.5680,0.213608,5,29,50,247.98,0.7419,0.1218,0.011412,4.292
117518,520,332,852,253,56,197,342.54,0.9855,0.6364,0.277455,32,41,86,272.09,0.5973,0.1976,0.025648,4.329
117534,520,460,980,194,54,199,326.52,0.8543,0.5335,0.182327,27,1,10,359.21,0.8313,0.0573,0.002767,4.403
117543,520,343,863,244,31,240,329.19,0.9868,0.6315,0.265072,80,7,47,353.63,0.8272,0.1865,0.020630,4.461
117564,520,367,887,215,68,236,322.39,0.9195,0.6058,0.246393,5,20,115,265.57,0.9752,0.1722,0.017702,4.378
117567,520,315,835,251,40,254,327.58,0.9971,0.6567,0.291855,34,44,102,272.02,0.6827,0.2202,0.031006,4.220
117571,520,454,974,217,56,84,16.13,0.8561,0.5262,0.182227,17,3,41,294.77,0.8580,0.0663,0.003444,4.345
117589,520,461,981,236,0,35,25.74,1.0000,0.5287,0.179575,1,4,35,266.10,0.9485,0.0485,0.002146,4.403
117621,520,413,933,249,1,99,10.66,0.9992,0.5675,0.210659,32,22,40,309.09,0.3731,0.1190,0.010341,4.320
117624,520,428,948,183,84,205,319.99,0.7539,0.5557,0.208168,13,18,52,272.63,0.6975,0.1003,0.007661,4.477
117626,520,39,559,236,248,177,115.97,0.8476,0.9458,0.881420,35,129,8,140.59,0.9946,0.4534,0.160747,4.420
117655,520,354,874,243,51,202,338.73,0.9452,0.6176,0.256895,22,20,116,271.61,0.9552,0.1813,0.019317,4.427
117663,520,408,928,185,62,254,309.77,0.9930,0.5683,0.209163,27,31,21,125.60,0.2446,0.1285,0.012671,4.135
117664,520,438,958,217,3,205,331.42,0.9964,0.5527,0.192269,32,12,16,8.27,0.4491,0.0877,0.006075,4.320
117666,520,438,958,200,0,241,318.35,1.0000,0.5492,0.186318,6,5,68,269.79,0.9764,0.0901,0.005646,4.247
117672,520,441,961,215,33,171,340.89,0.9166,0.5383,0.184774,26,10,46,300.44,0.7033,0.0928,0.006340,4.167
117685,520,337,857,247,59,211,337.28,0.9556,0.6355,0.276082,2,48,82,247.02,0.9301,0.1990,0.027359,4.215
117688,520,431,951,188,63,226,317.04,0.8809,0.5518,0.197386,42,8,18,5.78,0.6728,0.0987,0.007097,4.333
117719,520,429,949,240,14,75,17.23,0.9884,0.5460,0.193507,39,10,16,10.06,0.5996,0.0958,0.006859,4.283
117743,520,442,962,228,50,51,26.29,0.9351,0.5368,0.190171,1,19,36,246.44,0.8629,0.0829,0.005995,4.289
117744,520,442,962,238,12,54,22.48,0.9920,0.5378,0.187097,8,0,62,273.71,1.0000,0.0757,0.003994,4.391
117752,520,434,954,237,43,53,25.09,0.9559,0.5499,0.199925,42,8,21,0.13,0.6681,0.0997,0.007201,4.369
117756,520,392,912,215,69,218,327.08,0.8848,0.5949,0.237672,66,5,36,355.76,0.8254,0.1499,0.013944,4.499
117760,520,365,885,244,48,192,341.77,0.9444,0.6120,0.251558,19,44,38,176.19,0.4972,0.1678,0.020797,4.259
117765,520,455,975,160,60,251,302.64,0.9731,0.5291,0.176708,5,13,11,178.63,0.3489,0.0584,0.003443,4.242
117776,520,403,923,247,3,158,351.71,0.9973,0.5842,0.223113,3,38,6,144.59,0.9819,0.1320,0.014187,4.255
117779,520,388,908,240,5,187,341.74,0.9957,0.5851,0.222247,23,10,98,275.85,0.9608,0.1464,0.012810,4.334
117792,520,373,893,250,55,116,8.49,0.9556,0.5979,0.243208,24,19,99,274.97,0.9197,0.1599,0.015607,4.469
117797,520,431,951,243,18,69,19.34,0.9866,0.5523,0.199204,10,9,66,272.62,0.9368,0.0963,0.006532,4.408
117801,520,450,970,194,52,204,325.12,0.8705,0.5351,0.182865,10,15,5,128.66,0.4703,0.0656,0.004171,4.299
117815,520,447,967,234,3,114,3.53,0.9957,0.5410,0.187755,18,17,7,103.45,0.3755,0.0782,0.005448,4.288
117820,520,406,926,203,69,224,321.93,0.8790,0.5798,0.223361,36,29,27,36.49,0.1263,0.1349,0.013330,4.316
117835,520,242,762,212,146,255,310.91,1.0000,0.7273,0.417757,39,73,54,158.10,0.5086,0.2781,0.054626,4.471
117839,520,460,980,181,30,247,311.36,0.9722,0.5329,0.174688,28,5,2,34.67,0.7877,0.0648,0.003598,4.192
117841,520,394,914,247,54,92,16.08,0.9451,0.5852,0.231886,23,38,0,128.53,1.0000,0.1423,0.015684,4.292
117849,520,393,913,240,4,191,340.62,0.9967,0.5871,0.223767,52,22,9,43.06,0.6629,0.1384,0.013237,4.329
117851,520,400,920,195,106,136,359.49,0.5249,0.5750,0.236892,35,32,10,101.62,0.5816,0.1376,0.014123,4.474
117853,520,423,943,249,18,18,28.73,0.9927,0.5598,0.206197,25,25,9,108.63,0.4823,0.1068,0.009217,4.326
117863,520,382,902,230,18,235,327.15,0.9908,0.5995,0.232562,26,27,80,276.66,0.7366,0.1552,0.015826,4.293
117870,520,387,907,214,86,179,339.73,0.7507,0.5915,0.242084,19,33,61,262.90,0.5524,0.1481,0.015630,4.450
117900,520,330,850,232,79,230,328.40,0.9167,0.6401,0.284632,24,51,79,251.06,0.5695,0.2140,0.031262,4.118
117903,520,396,916,185,93,212,318.02,0.7466,0.5764,0.228975,51,9,60,319.85,0.7830,0.1399,0.012255,4.481
117911,520,412,932,242,62,33,31.85,0.9613,0.5741,0.224356,38,24,19,40.48,0.2968,0.1227,0.011124,4.489
117912,520,400,920,230,47,185,340.54,0.9167,0.5823,0.223614,36,23,56,299.91,0.5440,0.1365,0.012734,4.362
117914,520,340,860,248,43,236,331.01,0.9785,0.6414,0.277433,88,12,11,27.26,0.9242,0.1983,0.023622,4.447
117948,520,423,943,204,68,185,333.92,0.7991,0.5559,0.204762,38,14,30,341.55,0.5118,0.1061,0.008199,4.377
117973,520,413,933,248,5,99,10.64,0.9959,0.5662,0.209694,10,12,85,269.65,0.9625,0.1235,0.009833,4.340
117978,520,384,904,253,39,110,9.42,0.9840,0.5913,0.234631,35,35,40,285.73,0.0887,0.1549,0.017126,4.240
117986,520,469,989,229,20,52,22.84,0.9822,0.5207,0.174093,13,2,17,318.38,0.7042,0.0427,0.001695,4.335
118000,520,438,958,213,63,151,348.76,0.7956,0.5487,0.199377,22,11,40,298.04,0.6278,0.0852,0.005631,4.483
118015,520,467,987,168,80,190,319.20,0.7069,0.5182,0.177807,9,5,1,79.28,0.6257,0.0397,0.001688,4.407
118018,520,422,942,251,3,12,28.64,0.9989,0.5604,0.206047,10,28,19,160.38,0.5507,0.1059,0.009420,4.309
118023,520,433,953,188,55,237,314.76,0.9205,0.5525,0.195394,43,6,18,4.60,0.7293,0.0975,0.006876,4.315
118039,520,272,792,208,153,169,359.79,0.3888,0.6975,0.390581,22,69,68,193.18,0.6762,0.2620,0.048440,4.476
118043,520,234,754,250,122,253,326.57,0.9910,0.7354,0.413373,49,76,55,150.62,0.4117,0.2947,0.060976,4.175
118051,520,413,933,255,8,18,28.39,1.0000,0.5703,0.214812,8,8,88,268.70,0.9800,0.1214,0.009298,4.466
118075,520,432,952,189,80,184,329.39,0.7231,0.5462,0.200182,39,7,41,325.41,0.7288,0.1034,0.007434,4.356
118078,520,381,901,248,73,13,35.88,0.9890,0.5964,0.247541,46,27,64,305.93,0.5496,0.1633,0.017349,4.418
118107,520,391,911,219,63,202,332.82,0.8767,0.5857,0.228815,40,5,93,291.09,0.9495,0.1523,0.013500,4.391
118109,520,467,987,188,48,196,325.66,0.8608,0.5161,0.167922,11,5,5,19.09,0.2628,0.0432,0.001907,4.198
118111,520,453,973,219,0,164,343.67,1.0000,0.5314,0.177429,2,12,41,262.61,0.8854,0.0710,0.004359,4.184
118118,520,383,903,215,90,176,341.48,0.7334,0.5971,0.248960,33,38,17,120.02,0.4809,0.1540,0.017500,4.429
118122,520,242,762,251,118,242,330.08,0.9816,0.7251,0.398794,81,59,61,12.59,0.2115,0.2828,0.052143,4.394
118136,520,395,915,221,57,210,331.04,0.9077,0.5886,0.229537,22,37,22,144.43,0.4557,0.1424,0.015516,4.267
118148,520,449,969,179,37,254,309.10,0.9947,0.5399,0.180635,32,2,11,3.93,0.8012,0.0683,0.003747,4.291
118172,520,362,882,248,50,166,350.72,0.9435,0.6083,0.249941,53,36,41,359.66,0.2356,0.1802,0.021788,4.178
118175,520,437,957,238,29,105,8.24,0.9580,0.5544,0.200790,21,18,25,304.49,0.1846,0.0896,0.006622,4.429
118176,520,433,953,143,99,230,295.70,0.7882,0.5460,0.204766,31,18,24,350.20,0.2840,0.1011,0.007899,4.400
118180,520,424,944,207,55,207,328.04,0.8853,0.5614,0.205046,38,2,62,306.50,0.9339,0.1122,0.008033,4.395
118188,520,452,972,211,62,114,3.77,0.7882,0.5294,0.185113,6,8,40,273.08,0.8207,0.0655,0.003656,4.382
118190,520,337,857,255,88,122,12.08,1.0000,0.6426,0.296480,32,54,10,132.38,0.8933,0.2023,0.029673,4.349
118194,520,411,931,212,57,205,330.00,0.8844,0.5702,0.213331,39,19,26,357.93,0.3801,0.1154,0.009717,4.410
118202,520,451,971,208,14,210,327.81,0.9823,0.5423,0.183791,28,4,29,326.29,0.7252,0.0736,0.004224,4.312
118207,520,464,984,206,39,157,343.39,0.8669,0.5177,0.170093,4,3,33,275.46,0.9030,0.0473,0.002007,4.232
118208,520,401,921,129,113,253,284.30,0.9665,0.5758,0.235688,10,30,70,262.26,0.7916,0.1427,0.014352,4.439
118215,520,431,951,203,64,192,331.30,0.8230,0.5539,0.201708,14,0,80,274.43,1.0000,0.1035,0.006725,4.437
118217,520,433,953,241,8,77,16.54,0.9935,0.5471,0.194136,42,10,0,43.29,1.0000,0.0974,0.007094,4.276
118230,520,461,981,203,46,181,334.69,0.8631,0.5308,0.179886,14,4,14,327.16,0.5090,0.0473,0.002119,4.411
118239,520,429,949,223,71,72,24.28,0.8520,0.5519,0.206650,41,14,12,26.12,0.5715,0.1047,0.008121,4.416
118242,520,445,965,147,84,252,295.74,0.9679,0.5439,0.195721,33,5,31,330.73,0.7158,0.0843,0.005308,4.443
118266,520,338,858,242,67,214,335.35,0.9319,0.6353,0.277494,74,20,76,326.37,0.7300,0.2047,0.024782,4.379
118284,520,402,922,230,68,132,0.81,0.8261,0.5773,0.226259,41,28,7,77.10,0.6557,0.1342,0.013173,4.373
118292,520,460,980,206,63,127,357.09,0.7681,0.5259,0.182112,18,7,23,314.73,0.5134,0.0626,0.003424,4.345
118310,520,404,924,208,11,254,317.54,0.9958,0.5752,0.208067,29,11,79,285.65,0.8816,0.1299,0.010650,4.255
118314,520,304,824,237,109,190,343.87,0.8191,0.6657,0.326619,8,55,100,252.27,0.8579,0.2350,0.037039,4.327
118320,520,341,861,246,28,231,331.76,0.9872,0.6280,0.261958,32,10,135,274.78,0.9824,0.2034,0.022733,4.289
118341,520,378,898,251,14,162,351.45,0.9892,0.5959,0.234354,47,27,62,308.91,0.5340,0.1632,0.017360,4.221
118358,520,445,965,216,75,16,38.78,0.9655,0.5378,0.196709,38,6,5,26.57,0.7866,0.0848,0.005533,4.443
118370,520,467,987,216,56,46,28.49,0.9110,0.5176,0.176271,3,2,25,277.11,0.8863,0.0374,0.001330,4.408
118393,520,335,855,243,91,174,349.90,0.8711,0.6434,0.295957,0,58,2,143.02,1.0000,0.2006,0.030304,4.308
118394,520,408,928,251,23,8,29.67,0.9949,0.5654,0.211433,7,24,75,265.07,0.8938,0.1320,0.012064,4.212
118406,520,268,788,238,128,186,348.52,0.7712,0.6959,0.371629,14,72,18,143.90,0.9736,0.2554,0.047716,4.315
118411,520,417,937,249,26,69,20.24,0.9814,0.5678,0.213118,33,26,19,66.77,0.2248,0.1210,0.011092,4.307
118413,520,380,900,250,76,11,36.52,0.9912,0.6035,0.255205,25,35,67,268.87,0.5302,0.1621,0.018139,4.479
118414,520,445,965,209,24,201,330.42,0.9596,0.5413,0.184276,35,4,10,11.39,0.7507,0.0771,0.004661,4.286
118425,520,351,871,237,29,255,324.25,1.0000,0.6291,0.261058,66,5,93,311.41,0.9213,0.1908,0.020572,4.408
118427,520,412,932,248,31,84,16.34,0.9715,0.5707,0.215801,19,17,68,277.37,0.8128,0.1179,0.009567,4.462
118431,520,464,984,219,8,144,350.29,0.9813,0.5233,0.172499,6,2,37,279.33,0.9328,0.0505,0.002157,4.266
118436,520,448,968,206,70,130,356.77,0.7405,0.5354,0.191159,1,24,6,149.38,0.9804,0.0849,0.006728,4.251
118447,520,408,928,250,12,106,8.90,0.9906,0.5736,0.216312,9,37,2,139.13,0.9821,0.1307,0.013855,4.171
118462,520,444,964,177,94,162,334.27,0.5723,0.5381,0.199622,10,18,22,230.27,0.2625,0.0787,0.005551,4.494
118480,520,260,780,232,130,226,329.29,0.8529,0.7088,0.386139,24,72,66,183.89,0.6794,0.2715,0.052221,4.267
118484,520,355,875,186,104,244,308.86,0.8820,0.6160,0.268722,45,38,47,318.66,0.1646,0.1774,0.021494,4.458
118485,520,431,951,239,37,75,18.68,0.9564,0.5536,0.201851,2,25,35,228.77,0.8249,0.0993,0.008295,4.320
118493,520,397,917,215,1,245,321.31,0.9995,0.5777,0.210633,5,35,51,236.28,0.7704,0.1398,0.014733,4.026
118494,520,367,887,200,79,254,313.30,0.9921,0.6079,0.250283,49,33,41,347.68,0.2497,0.1674,0.019008,4.351
118500,520,461,981,223,50,78,17.91,0.8974,0.5312,0.185220,6,2,40,277.87,0.9471,0.0533,0.002353,4.493
118501,520,349,869,239,38,249,325.95,0.9831,0.6321,0.265791,46,45,12,107.51,0.6915,0.1879,0.024842,4.219
118506,520,433,953,169,70,251,304.81,0.9684,0.5521,0.197810,36,13,25,349.17,0.4935,0.0990,0.007332,4.322
118526,520,421,941,243,28,76,17.99,0.9736,0.5574,0.204104,35,2,63,302.60,0.9406,0.1088,0.007596,4.412
118540,520,450,970,242,1,20,27.86,0.9996,0.5409,0.189529,11,11,34,279.96,0.5881,0.0704,0.004260,4.414
118544,520,330,850,249,103,18,43.58,0.9823,0.6379,0.298872,34,44,90,271.58,0.5895,0.2099,0.028795,4.428
118545,520,400,920,255,13,98,12.05,1.0000,0.5821,0.224335,7,23,86,265.97,0.9298,0.1419,0.013298,4.334
118548,520,419,939,179,76,237,310.66,0.8855,0.5618,0.208679,31,15,54,299.04,0.6731,0.1136,0.008993,4.385
118558,520,397,917,249,38,117,6.47,0.9549,0.5847,0.228138,8,18,92,267.39,0.9562,0.1404,0.012569,4.445
118565,520,439,959,239,29,49,24.65,0.9773,0.5454,0.194545,2,25,2,142.90,0.9792,0.0878,0.007125,4.281
118568,520,447,967,193,98,38,48.98,0.8092,0.5354,0.202144,4,22,4,143.37,0.9264,0.0803,0.006084,4.496
118571,520,389,909,220,42,229,325.93,0.9573,0.5885,0.225308,50,20,62,315.16,0.6486,0.1547,0.015263,4.218
118583,520,467,987,222,44,48,25.95,0.9410,0.5192,0.175471,12,3,9,338.02,0.4961,0.0406,0.001630,4.367
118594,520,448,968,231,35,102,8.66,0.9346,0.5424,0.191533,3,15,39,260.02,0.7882,0.0767,0.005075,4.386
118601,520,470,990,194,4,214,323.08,0.9942,0.5184,0.164128,10,0,27,298.95,1.0000,0.0410,0.001437,4.163
118605,520,410,930,102,122,247,273.02,0.9169,0.5679,0.234584,22,35,17,137.38,0.5130,0.1350,0.014131,4.438
118608,520,420,940,219,78,99,15.12,0.7706,0.5592,0.214121,15,20,62,272.70,0.7589,0.1149,0.009496,4.439
118611,520,296,816,216,122,229,322.59,0.8097,0.6754,0.341766,63,58,1,104.06,0.9804,0.2446,0.040851,4.312
118618,520,454,974,234,13,10,29.06,0.9936,0.5259,0.178054,27,9,11,13.95,0.4602,0.0734,0.004526,4.182
118632,520,351,871,254,5,223,335.42,0.9983,0.6318,0.265104,13,15,133,267.43,0.9858,0.1940,0.021205,4.425
118634,520,463,983,212,6,182,336.54,0.9881,0.5295,0.175069,17,5,8,1.75,0.4295,0.0509,0.002453,4.291
118646,520,478,998,202,17,174,336.38,0.9537,0.5087,0.160154,2,0,17,282.31,1.0000,0.0243,0.000534,4.159
118647,520,389,909,240,75,53,30.83,0.9264,0.5861,0.238176,55,19,38,349.78,0.5695,0.1469,0.014180,4.490
118648,520,462,982,185,56,208,321.10,0.8568,0.5269,0.176980,0,1,42,264.20,0.9937,0.0475,0.001889,4.374
118669,520,423,943,235,58,46,28.88,0.9352,0.5575,0.208886,34,21,25,359.04,0.2534,0.1122,0.009466,4.353
118678,520,464,984,231,22,21,28.57,0.9862,0.5229,0.176200,20,1,14,340.06,0.7885,0.0478,0.002022,4.348
118686,520,439,959,229,58,42,29.75,0.9329,0.5451,0.198542,15,5,60,280.21,0.9272,0.0870,0.005363,4.489
118694,520,353,873,247,28,219,334.92,0.9846,0.6223,0.257222,74,18,39,1.40,0.7011,0.1818,0.020352,4.367
118714,520,397,917,221,7,230,326.18,0.9955,0.5779,0.212395,30,10,91,282.72,0.9276,0.1438,0.012484,4.199
118715,520,473,993,195,31,196,327.94,0.9242,0.5163,0.165693,7,4,0,88.03,1.0000,0.0346,0.001320,4.203
118727,520,359,879,224,76,230,326.25,0.9086,0.6242,0.267314,69,26,34,10.76,0.5643,0.1827,0.021197,4.457
118728,520,447,967,236,31,30,28.16,0.9780,0.5382,0.189098,24,11,35,307.17,0.5675,0.0840,0.005549,4.304
118731,520,433,953,215,60,159,346.01,0.8166,0.5529,0.201842,17,13,55,280.68,0.7686,0.0963,0.006828,4.432
118736,520,440,960,194,12,253,314.05,0.9934,0.5520,0.188255,12,12,50,276.52,0.7807,0.0859,0.005714,4.276
118738,520,444,964,199,94,10,49.85,0.9571,0.5366,0.201713,1,23,9,154.82,0.9683,0.0825,0.006389,4.464
118740,520,369,889,243,24,211,336.05,0.9844,0.6089,0.244141,15,30,94,267.49,0.8860,0.1688,0.018381,4.301
118749,520,416,936,250,24,62,21.91,0.9850,0.5681,0.213287,39,23,26,7.07,0.2850,0.1240,0.011188,4.303
118753,520,466,986,196,56,173,335.42,0.8055,0.5226,0.175829,20,4,5,16.77,0.5738,0.0516,0.002465,4.304
118758,520,412,932,217,61,186,337.20,0.8513,0.5713,0.216366,12,33,20,154.81,0.6220,0.1228,0.012163,4.285
118765,520,460,980,212,71,68,25.39,0.8244,0.5305,0.189232,15,10,9,31.69,0.1543,0.0597,0.003384,4.481
118771,520,478,998,200,48,156,342.44,0.8212,0.5130,0.167955,4,1,7,310.77,0.6480,0.0247,0.000629,4.305
118773,520,476,996,168,92,129,350.50,0.4877,0.5061,0.175651,6,0,0,29.23,1.0000,0.0198,0.000387,4.478
118780,520,425,945,214,50,192,334.36,0.8864,0.5599,0.203852,9,24,47,258.69,0.6248,0.1083,0.009165,4.291
118815,520,345,865,247,13,235,331.06,0.9958,0.6281,0.260631,69,31,29,24.44,0.5156,0.1906,0.023341,4.235
118841,520,454,974,208,79,9,41.74,0.9744,0.5283,0.190238,19,10,23,314.99,0.4026,0.0695,0.004174,4.435
118855,520,344,864,217,88,231,323.67,0.8831,0.6280,0.275025,44,42,49,298.65,0.1093,0.1878,0.024132,4.384
118879,520,377,897,182,93,252,306.86,0.9652,0.6000,0.248028,3,47,8,144.73,0.9879,0.1634,0.020698,4.215
118897,520,279,799,239,140,79,50.57,0.8182,0.6912,0.376739,22,67,65,191.09,0.6626,0.2542,0.045664,4.461
118903,520,459,979,208,48,155,344.99,0.8371,0.5273,0.178925,7,13,16,228.80,0.2397,0.0618,0.003704,4.263
118912,520,324,844,211,107,234,320.09,0.8557,0.6476,0.303062,76,36,32,27.03,0.5075,0.2137,0.029028,4.468
118920,520,380,900,240,35,191,340.90,0.9606,0.5967,0.234919,11,20,102,267.92,0.9574,0.1575,0.015307,4.363
118935,520,444,964,197,75,169,337.76,0.7312,0.5440,0.197687,27,15,7,55.09,0.4383,0.0841,0.005900,4.431
118949,520,450,970,235,27,92,12.07,0.9625,0.5438,0.192219,17,7,39,293.07,0.7239,0.0721,0.004176,4.471
118956,520,223,743,218,154,254,312.64,0.9814,0.7487,0.451733,59,77,6,123.98,0.9485,0.2978,0.062506,4.460
118963,520,435,955,158,86,239,301.83,0.8683,0.5493,0.201571,33,5,41,317.94,0.7696,0.0909,0.005920,4.499
118991,520,464,984,218,49,81,16.18,0.8843,0.5210,0.176987,7,10,11,217.85,0.1208,0.0532,0.002864,4.294
118993,520,456,976,187,56,205,322.57,0.8522,0.5280,0.178023,12,10,22,290.75,0.3649,0.0620,0.003532,4.260
118998,520,459,979,146,83,238,297.96,0.8692,0.5294,0.184707,7,13,21,254.69,0.3388,0.0639,0.003872,4.357
119008,520,457,977,216,4,168,341.74,0.9912,0.5286,0.175153,13,7,33,289.95,0.6672,0.0637,0.003473,4.211
119014,520,455,975,204,47,176,336.60,0.8545,0.5304,0.180069,18,9,8,26.90,0.2747,0.0607,0.003415,4.307
119015,520,448,968,218,65,76,21.12,0.8450,0.5361,0.192103,4,7,62,268.21,0.9643,0.0847,0.005255,4.382
119019,520,470,990,212,11,165,341.74,0.9737,0.5208,0.169553,0,7,13,231.02,1.0000,0.0403,0.001810,4.238
119024,520,461,981,225,48,46,27.10,0.9388,0.5284,0.183215,5,7,21,273.35,0.5169,0.0491,0.002384,4.452
119026,520,444,964,234,32,64,20.96,0.9646,0.5385,0.188987,38,3,4,23.88,0.8810,0.0794,0.004860,4.356
119027,520,479,999,193,13,200,326.40,0.9749,0.5083,0.157971,0,0,3,264.05,1.0000,0.0094,0.000066,4.154
119030,520,372,892,246,14,214,335.92,0.9932,0.6134,0.247650,51,33,36,8.11,0.2573,0.1682,0.019190,4.302
119035,520,403,923,244,3,172,346.90,0.9973,0.5848,0.222800,40,22,35,337.62,0.3664,0.1270,0.011463,4.438
119037,520,441,961,224,15,158,346.92,0.9717,0.5415,0.186602,43,1,20,357.40,0.8934,0.0904,0.005859,4.236
119042,520,384,904,227,39,218,330.48,0.9586,0.5914,0.228463,32,35,29,129.00,0.1292,0.1475,0.015978,4.221
119054,520,317,837,233,125,99,34.60,0.7539,0.6573,0.328942,1,62,17,146.77,0.9972,0.2168,0.034920,4.462
119061,520,396,916,235,75,87,20.52,0.8671,0.5821,0.233854,64,9,20,14.74,0.8075,0.1444,0.013361,4.480
119063,520,333,853,213,105,215,326.71,0.7777,0.6363,0.291572,19,49,64,232.80,0.5734,0.1960,0.027051,4.433
119078,520,424,944,247,13,83,15.58,0.9906,0.5620,0.206901,1,32,20,163.91,0.9720,0.1139,0.010899,4.218
119081,520,472,992,189,55,188,328.28,0.8229,0.5189,0.171835,4,2,14,291.07,0.6672,0.0314,0.001009,4.349
119093,520,446,966,184,84,178,329.79,0.6812,0.5409,0.197466,29,12,14,12.91,0.4006,0.0826,0.005559,4.454
119109,520,434,954,227,25,164,345.87,0.9534,0.5537,0.197092,9,26,11,146.60,0.6878,0.0971,0.008210,4.245
119110,520,375,895,198,70,254,313.21,0.9929,0.5951,0.235431,4,39,57,236.14,0.8281,0.1552,0.017722,4.215
119114,520,423,943,192,73,220,319.39,0.8447,0.5647,0.211402,48,12,5,34.09,0.7960,0.1127,0.009024,4.429
119121,520,460,980,189,29,224,318.93,0.9577,0.5259,0.170807,11,0,49,282.39,1.0000,0.0627,0.002929,4.172
119138,520,472,992,219,49,41,28.34,0.9340,0.5164,0.174194,2,4,2,144.61,0.3699,0.0297,0.001041,4.392
119152,520,450,970,182,66,220,316.47,0.8532,0.5415,0.190099,22,8,16,345.36,0.4168,0.0662,0.003817,4.461
119157,520,407,927,224,52,173,343.02,0.8781,0.5689,0.213229,52,4,56,324.65,0.8400,0.1329,0.011025,4.313
119187,520,461,981,215,53,112,4.05,0.8324,0.5272,0.181655,6,0,39,279.78,1.0000,0.0478,0.001852,4.468
119191,520,259,779,255,126,150,9.99,1.0000,0.7055,0.383867,94,51,1,61.68,0.9739,0.2723,0.047499,4.450
119204,520,461,981,164,78,216,310.22,0.7916,0.5278,0.182998,1,7,22,257.02,0.7946,0.0459,0.002163,4.467
119212,520,396,916,229,59,170,345.56,0.8679,0.5824,0.226908,25,26,61,278.96,0.5760,0.1353,0.012824,4.408
119226,520,364,884,238,52,202,337.56,0.9360,0.6094,0.249002,11,34,92,264.09,0.8786,0.1739,0.019878,4.279
119232,520,411,931,186,73,242,312.02,0.9170,0.5719,0.216160,32,27,14,89.28,0.3694,0.1211,0.011227,4.347
119233,520,462,982,223,53,64,23.02,0.9072,0.5312,0.186071,17,4,18,324.95,0.5882,0.0526,0.002497,4.497
119254,520,420,940,215,40,199,332.54,0.9248,0.5588,0.200903,11,20,64,269.18,0.8280,0.1143,0.009416,4.223
119255,520,412,932,216,24,218,327.78,0.9744,0.5652,0.203163,1,4,94,264.74,0.9945,0.1210,0.009013,4.290
119258,520,381,901,246,8,200,339.52,0.9952,0.6042,0.239398,45,34,13,81.94,0.5519,0.1562,0.017311,4.299
119274,520,400,920,230,9,206,334.31,0.9924,0.5783,0.214772,9,37,33,182.46,0.6662,0.1385,0.014910,4.079
119289,520,390,910,233,54,179,343.34,0.9000,0.5898,0.232194,39,8,93,289.77,0.9252,0.1541,0.013953,4.413
119291,520,341,861,250,78,151,358.60,0.9369,0.6312,0.280104,36,31,112,277.68,0.8381,0.2045,0.025248,4.387
119293,520,354,874,180,112,243,305.81,0.8514,0.6210,0.277633,15,46,56,222.31,0.6099,0.1804,0.023410,4.463
119305,520,363,883,246,76,96,18.31,0.9234,0.6057,0.256095,12,40,63,246.59,0.6673,0.1654,0.019545,4.401
119315,520,462,982,188,0,237,315.99,1.0000,0.5261,0.168071,19,1,28,313.88,0.8682,0.0544,0.002440,4.158
119349,520,387,907,224,91,98,19.92,0.7592,0.5861,0.242138,31,35,26,127.14,0.1994,0.1455,0.015679,4.448
119350,520,273,793,228,123,235,324.93,0.8751,0.6966,0.366598,52,63,60,177.09,0.1284,0.2598,0.046113,4.334
119353,520,361,881,228,75,211,332.68,0.8841,0.6181,0.262316,41,31,83,288.02,0.6430,0.1806,0.020759,4.414
119368,520,288,808,235,133,106,35.74,0.7452,0.6765,0.354802,10,67,50,167.79,0.9109,0.2444,0.043089,4.349
119377,520,359,879,243,48,206,337.57,0.9527,0.6178,0.256278,67,28,33,13.70,0.5195,0.1824,0.021338,4.293
119378,520,478,998,172,28,243,309.60,0.9708,0.5146,0.160731,6,0,4,338.03,1.0000,0.0222,0.000475,4.175
119399,520,464,984,192,14,214,322.45,0.9797,0.5173,0.163771,10,8,0,101.83,1.0000,0.0477,0.002382,4.081
119413,520,433,953,179,81,210,317.22,0.7750,0.5489,0.201227,16,0,74,277.73,1.0000,0.0971,0.006045,4.483
119423,520,204,724,249,157,207,346.51,0.8834,0.7710,0.487608,27,87,6,139.69,0.9903,0.3103,0.070623,4.457
119426,520,358,878,253,57,158,354.76,0.9794,0.6195,0.262810,11,52,2,140.18,0.9918,0.1830,0.025314,4.153
119437,520,446,966,193,71,189,329.09,0.7762,0.5437,0.195195,37,6,2,34.09,0.8646,0.0822,0.005280,4.436
119447,520,469,989,195,56,168,336.88,0.7974,0.5181,0.172593,14,2,17,320.88,0.7057,0.0438,0.001773,4.299
119452,520,398,918,194,88,208,322.85,0.7664,0.5794,0.230042,29,32,29,145.35,0.0796,0.1359,0.013829,4.387
119457,520,469,989,180,32,235,313.64,0.9593,0.5220,0.167356,4,3,20,281.90,0.7119,0.0377,0.001414,4.228
119494,520,468,988,222,50,14,32.65,0.9812,0.5215,0.178453,16,0,5,356.50,1.0000,0.0360,0.001211,4.461
119506,520,462,982,217,8,165,342.95,0.9828,0.5298,0.176444,4,8,24,267.44,0.5947,0.0522,0.002654,4.301
119510,520,469,989,190,53,187,328.93,0.8291,0.5180,0.170827,19,0,11,344.13,1.0000,0.0427,0.001626,4.277
119517,520,475,995,217,54,32,31.11,0.9420,0.5162,0.174969,1,2,10,268.96,0.6950,0.0256,0.000718,4.436
119519,520,379,899,243,55,153,354.31,0.9060,0.5973,0.240901,64,16,32,3.57,0.6784,0.1567,0.015650,4.431
119525,520,448,968,195,26,228,319.72,0.9687,0.5376,0.179438,27,3,46,305.53,0.8598,0.0830,0.004954,4.175
119535,520,371,891,243,45,200,339.19,0.9532,0.6126,0.251046,39,38,49,289.16,0.1764,0.1716,0.020393,4.277
119539,520,466,986,200,44,169,337.74,0.8489,0.5168,0.169472,14,5,14,326.93,0.4391,0.0496,0.002336,4.193
119567,520,454,974,206,40,176,337.05,0.8824,0.5288,0.177760,7,13,33,268.28,0.5877,0.0708,0.004428,4.185
119571,520,368,888,255,1,182,346.29,1.0000,0.6106,0.246626,80,6,2,30.18,0.9761,0.1737,0.018404,4.336
119581,520,410,930,202,45,236,319.39,0.9468,0.5658,0.204910,21,26,54,273.73,0.5207,0.1265,0.011645,4.135
119585,520,448,968,230,4,123,359.74,0.9932,0.5360,0.183428,0,16,48,258.56,1.0000,0.0842,0.005839,4.180
119592,520,381,901,246,43,169,349.04,0.9442,0.6013,0.241884,66,18,22,19.00,0.6978,0.1604,0.016490,4.390
119597,520,350,870,230,67,242,324.99,0.9501,0.6326,0.272503,50,35,72,301.06,0.4928,0.1910,0.023481,4.389
119603,520,401,921,218,59,200,333.11,0.8817,0.5792,0.222056,8,41,6,142.12,0.9631,0.1444,0.016506,4.091
119624,520,181,701,234,169,247,320.73,0.9081,0.7926,0.525850,0,94,23,145.38,1.0000,0.3293,0.080669,4.407
119627,520,441,961,223,67,1,37.11,0.9983,0.5407,0.197072,29,2,49,306.06,0.9048,0.0867,0.005264,4.471
119639,520,480,1000,224,33,8,30.71,0.9910,0.5128,0.169554,0,0,0,0.00,0.0000,0.0000,0.000000,4.391
119652,520,469,989,221,5,131,355.16,0.9885,0.5210,0.171220,11,2,14,319.58,0.6606,0.0390,0.001463,4.299
119653,520,465,985,223,45,25,30.54,0.9652,0.5199,0.176377,5,4,32,277.26,0.8411,0.0497,0.002234,4.334
119666,520,179,699,248,168,197,356.15,0.7997,0.7871,0.519949,45,87,62,156.19,0.5658,0.3286,0.077218,4.480
119683,520,429,949,230,28,130,358.07,0.9440,0.5460,0.192681,40,12,10,26.34,0.6160,0.0991,0.007360,4.231
119688,520,424,944,187,71,223,317.07,0.8522,0.5569,0.204002,17,18,63,275.82,0.7741,0.1132,0.009106,4.297
119695,520,447,967,237,19,84,14.43,0.9797,0.5430,0.191136,6,20,27,231.04,0.5025,0.0836,0.006181,4.292
119711,520,411,931,215,58,192,334.71,0.8652,0.5684,0.212811,31,25,36,309.31,0.2360,0.1227,0.011140,4.299
119715,520,476,996,192,77,87,17.84,0.6835,0.5063,0.172041,1,1,9,276.31,0.7916,0.0214,0.000479,4.399
119732,520,439,959,229,56,84,17.34,0.8898,0.5498,0.201293,0,22,43,247.75,1.0000,0.0949,0.007482,4.372
119737,520,407,927,242,34,108,8.16,0.9527,0.5658,0.211073,34,8,77,292.02,0.8881,0.1298,0.010496,4.316
119743,520,417,937,238,52,92,14.89,0.9143,0.5658,0.214090,6,34,22,162.00,0.8173,0.1235,0.012407,4.232
119745,520,359,879,242,5,236,329.72,0.9982,0.6185,0.250447,6,44,72,245.80,0.8119,0.1812,0.023078,4.111
119763,520,389,909,235,71,146,356.67,0.8372,0.5948,0.242468,26,37,24,140.72,0.3472,0.1462,0.016087,4.426
119767,520,390,910,248,62,51,28.54,0.9675,0.5876,0.236442,51,24,27,13.64,0.4292,0.1451,0.014363,4.450
119772,520,375,895,249,41,143,357.97,0.9511,0.5951,0.237122,24,1,112,274.64,0.9974,0.1571,0.013857,4.496
119781,520,462,982,219,54,79,17.85,0.8748,0.5271,0.182655,17,0,31,307.42,1.0000,0.0519,0.002181,4.459
119787,520,444,964,159,68,251,301.68,0.9691,0.5366,0.184706,4,21,3,141.85,0.9346,0.0771,0.005687,4.215
119788,520,200,720,163,191,241,261.88,0.6898,0.7691,0.513981,5,91,31,147.10,0.9931,0.3209,0.076130,4.471
119817,520,366,886,247,41,177,346.72,0.9527,0.6058,0.245376,28,42,46,217.35,0.2435,0.1712,0.021000,4.160
119858,520,393,913,230,25,210,333.29,0.9766,0.5852,0.221740,61,2,42,345.26,0.8773,0.1390,0.012028,4.381
119861,520,352,872,242,47,214,335.16,0.9584,0.6200,0.257682,38,32,91,282.57,0.6969,0.1868,0.022004,4.273
119864,520,447,967,112,103,247,280.91,0.9196,0.5367,0.198601,4,17,36,256.10,0.6867,0.0799,0.005541,4.476
119874,520,385,905,144,112,250,290.44,0.9155,0.5860,0.244196,37,35,24,98.98,0.2398,0.1513,0.016613,4.416
119879,520,441,961,152,98,215,302.83,0.7166,0.5436,0.203174,16,12,55,280.04,0.7922,0.0937,0.006489,4.482
119888,520,419,939,197,64,221,321.07,0.8766,0.5631,0.207590,16,23,47,269.66,0.5192,0.1101,0.009282,4.345
119891,520,469,989,222,10,133,354.78,0.9785,0.5249,0.174428,3,5,21,271.19,0.6635,0.0424,0.001820,4.331
119898,520,341,861,243,98,104,20.70,0.8721,0.6305,0.287925,38,47,55,245.33,0.1766,0.1985,0.027209,4.377
119903,520,424,944,210,69,169,341.43,0.7849,0.5586,0.208245,40,13,36,333.38,0.5835,0.1107,0.008664,4.402
119911,520,455,975,224,46,64,21.94,0.9249,0.5272,0.181742,13,0,42,289.90,1.0000,0.0572,0.002527,4.412
119919,520,423,943,217,31,199,333.04,0.9491,0.5574,0.198574,23,28,7,120.64,0.6292,0.1128,0.010280,4.124
119922,520,346,866,245,85,149,359.36,0.8803,0.6297,0.280824,15,50,51,197.82,0.6413,0.1905,0.026217,4.341
119930,520,270,790,250,123,165,0.85,0.8816,0.6977,0.372093,40,71,2,132.26,0.9893,0.2632,0.049619,4.237
119948,520,474,994,229,6,92,10.29,0.9916,0.5247,0.175639,2,0,24,276.32,1.0000,0.0298,0.000788,4.443
119951,520,398,918,245,49,106,10.58,0.9290,0.5808,0.226531,69,0,10,20.89,1.0000,0.1434,0.012874,4.398
119953,520,408,928,249,39,51,25.48,0.9745,0.5719,0.218334,55,13,14,22.64,0.7295,0.1295,0.011319,4.376
119957,520,401,921,218,25,232,324.87,0.9806,0.5789,0.214290,59,9,41,346.06,0.7486,0.1423,0.012854,4.205
119975,520,360,880,250,41,194,342.39,0.9681,0.6198,0.258082,58,29,60,324.78,0.5102,0.1818,0.021046,4.336
119986,520,285,805,249,90,254,326.58,0.9962,0.6932,0.346104,69,41,105,301.15,0.6332,0.2525,0.038711,4.465
119990,520,453,973,224,50,67,21.63,0.9126,0.5311,0.185365,17,2,46,291.67,0.9208,0.0691,0.003598,4.391
119993,520,354,874,202,102,227,319.25,0.8139,0.6232,0.276066,3,46,61,227.06,0.8972,0.1789,0.023102,4.460
119995,520,427,947,193,43,253,313.13,0.9895,0.5639,0.201583,33,7,51,307.57,0.7846,0.1018,0.007143,4.403
119996,520,445,965,204,38,197,330.15,0.9137,0.5369,0.182567,23,13,14,12.40,0.2478,0.0765,0.005017,4.227
120000,520,471,991,218,56,44,28.97,0.9165,0.5214,0.179182,7,5,4,52.41,0.1404,0.0389,0.001625,4.439
120007,520,446,966,155,89,223,303.68,0.7829,0.5378,0.194414,27,6,40,309.83,0.7423,0.0831,0.005165,4.431
120011,520,432,952,239,4,104,7.73,0.9954,0.5485,0.194403,40,12,7,32.47,0.6635,0.0985,0.007295,4.266
120013,520,458,978,231,36,12,30.65,0.9881,0.5296,0.182803,10,9,16,291.11,0.2425,0.0554,0.002973,4.395
120029,520,464,984,220,47,31,29.96,0.9510,0.5158,0.173503,10,2,31,291.88,0.8565,0.0489,0.002069,4.292
120055,520,380,900,238,86,51,34.31,0.9099,0.5961,0.250748,17,43,37,176.56,0.5348,0.1631,0.019804,4.308
120079,520,475,995,180,41,225,315.70,0.9281,0.5193,0.167265,6,3,10,306.72,0.4461,0.0347,0.001258,4.239
120089,520,452,972,172,55,239,309.33,0.9199,0.5304,0.177359,5,3,52,271.85,0.9708,0.0670,0.003453,4.253
120094,520,364,884,226,55,237,325.36,0.9512,0.6128,0.250177,0,46,44,190.23,1.0000,0.1688,0.021357,4.207
120117,520,474,994,186,48,203,323.04,0.8726,0.5177,0.168662,2,1,13,283.01,0.8184,0.0252,0.000637,4.318
120131,520,464,984,134,96,213,295.53,0.7148,0.5177,0.182382,14,1,32,299.82,0.9102,0.0514,0.002194,4.452
120132,520,419,939,245,26,59,22.46,0.9814,0.5579,0.204705,3,20,61,262.54,0.9159,0.1070,0.008565,4.349
120139,520,466,986,230,8,15,28.45,0.9957,0.5162,0.170342,9,1,37,286.16,0.9507,0.0509,0.002134,4.226
120146,520,384,904,234,50,183,342.20,0.9156,0.5906,0.231953,2,10,107,265.00,0.9889,0.1472,0.012914,4.482
120147,520,478,998,175,87,123,355.78,0.5419,0.5056,0.173616,3,1,2,344.98,0.3863,0.0205,0.000455,4.432
120148,520,247,767,245,135,203,343.55,0.8666,0.7247,0.410546,67,68,24,110.32,0.6629,0.2804,0.053935,4.431
120183,520,197,717,224,171,236,320.04,0.7375,0.7802,0.510302,9,86,90,200.57,0.9163,0.3230,0.074515,4.500
120190,520,357,877,241,52,207,336.87,0.9447,0.6175,0.256646,69,11,61,334.39,0.7750,0.1754,0.018417,4.482
120194,520,368,888,243,17,213,335.51,0.9905,0.6081,0.242626,19,5,122,270.59,0.9927,0.1719,0.016520,4.399
120201,520,349,869,254,30,207,339.55,0.9943,0.6289,0.265077,71,5,86,318.73,0.8986,0.1931,0.021202,4.425
120210,520,323,843,245,107,114,19.51,0.8676,0.6496,0.311457,16,58,36,156.90,0.8351,0.2116,0.032635,4.374
120211,520,458,978,218,13,159,345.16,0.9717,0.5297,0.176989,3,10,35,264.97,0.8062,0.0630,0.003578,4.237
120215,520,328,848,239,111,133,11.41,0.7847,0.6511,0.314157,40,54,25,130.04,0.5525,0.2112,0.031596,4.463
120223,520,476,996,158,49,246,303.70,0.9532,0.5113,0.161201,1,1,14,273.55,0.9013,0.0244,0.000599,4.174
120246,520,388,908,231,90,23,41.11,0.9585,0.5869,0.243659,51,28,14,51.06,0.5371,0.1504,0.015661,4.472
120253,520,477,997,172,75,178,325.28,0.7027,0.5093,0.170182,2,0,6,302.89,1.0000,0.0170,0.000261,4.381
120266,520,396,916,158,112,227,300.13,0.7362,0.5844,0.244037,24,38,6,129.74,0.8489,0.1440,0.015935,4.459
120286,520,478,998,220,26,60,20.54,0.9648,0.5053,0.162834,2,1,10,286.50,0.7500,0.0235,0.000565,4.209
120287,520,467,987,223,41,61,22.07,0.9372,0.5209,0.176135,14,2,8,345.79,0.6207,0.0400,0.001543,4.387
120292,520,311,831,246,91,193,343.70,0.9168,0.6568,0.309281,70,43,7,68.81,0.8116,0.2151,0.030453,4.466
120294,520,474,994,214,47,122,359.09,0.8470,0.5235,0.177367,4,1,16,292.19,0.8206,0.0295,0.000849,4.471
120302,520,446,966,178,62,235,311.74,0.8981,0.5428,0.189093,4,7,61,268.30,0.9627,0.0836,0.005147,4.336
120307,520,477,997,183,70,154,339.03,0.6994,0.5064,0.167821,0,3,1,156.67,1.0000,0.0232,0.000673,4.299
120312,520,426,946,242,2,107,7.15,0.9979,0.5552,0.199855,22,27,13,124.64,0.4016,0.1102,0.009835,4.176
120319,520,400,920,209,92,150,351.67,0.6671,0.5789,0.234135,28,32,46,271.94,0.2647,0.1428,0.014771,4.387
120325,520,423,943,231,27,154,350.06,0.9507,0.5575,0.201087,7,25,47,254.60,0.6668,0.1098,0.009456,4.223
120328,520,374,894,186,88,249,309.32,0.9438,0.5961,0.242590,70,6,26,9.11,0.8512,0.1558,0.015071,4.496
120339,520,423,943,210,48,210,328.12,0.9127,0.5627,0.204706,38,20,23,9.02,0.3375,0.1149,0.009743,4.263
120379,520,451,971,221,39,136,354.62,0.8921,0.5367,0.186033,17,14,7,88.25,0.2950,0.0700,0.004486,4.332
120400,520,327,847,248,42,244,329.14,0.9821,0.6460,0.281469,15,20,140,267.50,0.9810,0.2102,0.024951,4.422
120404,520,221,741,243,143,225,333.89,0.9031,0.7454,0.441379,4,84,25,146.26,0.9941,0.2957,0.064364,4.297
120414,520,445,965,214,51,163,343.84,0.8473,0.5448,0.193104,32,3,37,321.70,0.8014,0.0832,0.005058,4.415
120420,520,477,997,180,28,226,315.83,0.9587,0.5123,0.160260,8,0,3,351.24,1.0000,0.0245,0.000582,4.157
120424,520,423,943,239,46,85,16.56,0.9339,0.5616,0.209638,16,26,38,253.50,0.3547,0.1122,0.009889,4.335
120428,520,478,998,173,7,246,309.66,0.9946,0.5119,0.156909,0,3,0,142.50,1.0000,0.0226,0.000651,4.085
120436,520,461,981,233,19,71,17.96,0.9805,0.5319,0.182474,4,13,2,137.90,0.8508,0.0549,0.003180,4.371
120438,520,290,810,250,79,244,329.42,0.9811,0.6772,0.324504,2,64,71,207.22,0.9642,0.2415,0.041344,4.100
120442,520,411,931,202,27,252,316.20,0.9868,0.5687,0.203702,54,10,9,25.93,0.8100,0.1225,0.010212,4.213
120495,520,476,996,169,59,211,314.81,0.8426,0.5074,0.162670,1,1,13,274.04,0.8863,0.0237,0.000572,4.205
120497,520,480,1000,130,78,250,290.87,0.9586,0.5143,0.170966,0,0,0,0.00,0.0000,0.0000,0.000000,4.419
120498,520,479,999,216,38,69,18.64,0.9257,0.5057,0.164174,0,0,6,264.05,1.0000,0.0126,0.000131,4.272
120501,520,412,932,211,21,235,322.42,0.9839,0.5678,0.203853,8,18,78,267.85,0.9301,0.1237,0.010342,4.207
120536,520,431,951,210,41,204,329.81,0.9220,0.5539,0.196491,48,2,10,15.84,0.9134,0.0993,0.006938,4.329
120553,520,315,835,236,90,228,329.97,0.9122,0.6577,0.307490,9,47,108,259.99,0.9046,0.2209,0.031736,4.374
120559,520,408,928,241,56,67,23.50,0.9319,0.5703,0.219376,41,22,38,332.67,0.3991,0.1300,0.011852,4.355
120561,520,370,890,253,53,126,5.29,0.9802,0.6052,0.249388,12,47,16,145.40,0.9270,0.1681,0.021485,4.188
120568,520,326,846,245,78,210,337.45,0.9376,0.6488,0.295172,80,34,15,41.79,0.7241,0.2136,0.028843,4.378
120578,520,345,865,255,1,214,337.83,1.0000,0.6276,0.261401,10,51,48,187.98,0.7771,0.1905,0.026455,4.073
120581,520,452,972,193,74,153,343.10,0.7029,0.5280,0.185365,7,10,34,273.38,0.6643,0.0654,0.003777,4.377
120582,520,451,971,229,51,36,29.66,0.9479,0.5381,0.191560,20,1,50,293.70,0.9616,0.0745,0.004007,4.473
120590,520,298,818,254,111,108,23.75,0.9845,0.6694,0.335257,24,56,83,246.50,0.5950,0.2312,0.036469,4.455
120591,520,470,990,220,0,137,352.77,1.0000,0.5203,0.170244,11,2,10,330.55,0.6042,0.0373,0.001365,4.288
120605,520,341,861,242,66,213,335.62,0.9314,0.6338,0.275806,34,36,102,275.97,0.7520,0.2022,0.025610,4.309
120606,520,367,887,249,46,171,349.17,0.9534,0.6097,0.250373,20,41,60,247.48,0.5002,0.1704,0.020608,4.254
120613,520,409,929,249,42,43,27.31,0.9761,0.5729,0.219737,9,28,59,259.72,0.7234,0.1278,0.012043,4.348
120628,520,378,898,252,58,74,22.40,0.9811,0.5950,0.242196,63,23,1,46.99,0.9430,0.1592,0.016719,4.379
120629,520,410,930,231,69,108,10.82,0.8369,0.5728,0.223307,33,25,40,308.45,0.3042,0.1271,0.011718,4.428
120645,520,398,918,227,24,209,332.83,0.9758,0.5788,0.215901,23,35,15,133.88,0.5496,0.1353,0.014187,4.143
120664,520,432,952,192,93,130,358.19,0.5795,0.5454,0.206484,48,3,20,2.72,0.8287,0.1036,0.007441,4.465
120667,520,473,993,180,49,212,318.68,0.8828,0.5154,0.166546,2,5,7,229.49,0.3462,0.0347,0.001368,4.216
120668,520,389,909,196,98,200,325.90,0.7076,0.5926,0.246426,57,26,7,49.55,0.7295,0.1550,0.016241,4.475
120688,520,370,890,223,67,232,325.62,0.9247,0.6148,0.255306,62,21,60,329.52,0.6441,0.1744,0.018868,4.433
120694,520,309,829,227,109,219,330.02,0.8360,0.6648,0.323846,14,52,93,253.40,0.7728,0.2227,0.033395,4.483
120696,520,471,991,115,91,253,283.54,0.9808,0.5228,0.182184,0,10,4,160.03,1.0000,0.0445,0.002258,4.443
120713,520,480,1000,195,32,181,332.35,0.9011,0.5069,0.159730,0,0,0,0.00,0.0000,0.0000,0.000000,4.195
120716,520,442,962,215,73,57,29.72,0.8540,0.5369,0.195100,37,6,10,15.68,0.7089,0.0842,0.005455,4.420
120719,520,442,962,189,6,255,312.34,1.0000,0.5447,0.181703,23,4,43,301.84,0.8212,0.0769,0.004434,4.257
120738,520,336,856,243,92,165,353.54,0.8604,0.6411,0.294285,13,52,51,192.68,0.7116,0.1961,0.027804,4.425
120740,520,470,990,204,62,132,354.27,0.7674,0.5231,0.179506,3,7,6,179.90,0.2984,0.0407,0.001845,4.427
120761,520,458,978,215,14,165,342.52,0.9687,0.5273,0.174801,27,5,4,26.86,0.6872,0.0638,0.003504,4.202
120765,520,56,576,247,227,240,338.59,0.6337,0.9250,0.810041,40,119,81,158.77,0.8330,0.4331,0.142383,4.470
120782,520,197,717,247,163,201,351.13,0.8124,0.7776,0.501876,30,91,5,139.25,0.9923,0.3250,0.077689,4.322
120809,520,455,975,225,28,99,8.28,0.9442,0.5255,0.177417,11,11,18,284.51,0.2267,0.0613,0.003542,4.247
120818,520,237,757,214,170,139,56.69,0.4212,0.7328,0.449108,20,81,35,147.86,0.9467,0.2907,0.061547,4.474
120830,520,269,789,219,133,229,323.22,0.7902,0.6983,0.374937,42,68,27,135.38,0.7283,0.2576,0.047055,4.378
120837,520,471,991,165,57,238,307.15,0.9133,0.5215,0.170993,1,7,9,213.10,0.6534,0.0398,0.001781,4.268
120840,520,443,963,241,5,62,20.51,0.9966,0.5438,0.191605,35,6,17,359.55,0.6614,0.0827,0.005281,4.370
120841,520,412,932,210,34,236,321.77,0.9683,0.5723,0.209036,52,8,33,349.94,0.7312,0.1235,0.010137,4.307
120844,520,399,919,227,77,136,359.89,0.7867,0.5836,0.234188,22,37,10,133.20,0.7464,0.1399,0.015156,4.362
120886,520,25,545,235,253,218,129.59,0.8710,0.9670,0.929743,54,130,11,137.97,0.9899,0.4638,0.167731,4.500
120903,520,234,754,251,155,79,56.57,0.9325,0.7377,0.445191,53,76,27,130.44,0.7409,0.2916,0.060048,4.500
120920,520,477,997,219,38,2,31.86,0.9973,0.5053,0.164534,2,0,16,283.45,1.0000,0.0236,0.000503,4.248
120936,520,290,810,237,121,174,352.90,0.7596,0.6780,0.347376,35,63,54,171.47,0.4116,0.2440,0.041786,4.329
120940,520,364,884,243,56,174,347.35,0.9147,0.6072,0.249421,23,47,16,139.06,0.8118,0.1739,0.022525,4.128
120965,520,421,941,219,83,55,33.42,0.8514,0.5578,0.215249,0,30,21,169.75,1.0000,0.1072,0.009826,4.434
120969,520,355,875,247,42,200,340.06,0.9622,0.6180,0.256033,77,0,56,343.29,1.0000,0.1787,0.018636,4.459
120975,520,465,985,166,68,222,310.35,0.8422,0.5219,0.175159,9,1,33,289.33,0.9330,0.0474,0.001896,4.339
121006,520,467,987,185,62,196,324.38,0.8106,0.5248,0.177464,3,9,3,144.11,0.6098,0.0446,0.002213,4.356
121011,520,439,959,210,22,218,326.25,0.9747,0.5540,0.193394,36,5,39,324.22,0.7595,0.0942,0.006301,4.323
121015,520,397,917,238,65,118,7.27,0.8678,0.5846,0.232688,12,36,36,195.36,0.5413,0.1380,0.014672,4.371
121046,520,449,969,190,49,218,320.22,0.9021,0.5360,0.182071,5,7,52,270.43,0.9341,0.0744,0.004321,4.272
121052,520,421,941,210,20,222,325.27,0.9795,0.5562,0.194778,38,16,19,12.15,0.4368,0.1054,0.008297,4.199
121054,520,354,874,252,13,200,340.84,0.9935,0.6163,0.251568,43,23,97,288.45,0.8037,0.1818,0.019894,4.315
121065,520,470,990,223,10,110,3.14,0.9806,0.5184,0.170336,4,5,10,272.60,0.2849,0.0380,0.001563,4.273
121076,520,467,987,184,74,168,333.68,0.7060,0.5209,0.179164,4,4,20,278.91,0.6506,0.0403,0.001631,4.438
121081,520,464,984,217,60,18,34.47,0.9687,0.5216,0.180297,1,4,36,266.09,0.9516,0.0494,0.002206,4.411
121086,520,343,863,246,70,182,346.14,0.9249,0.6286,0.273536,1,51,44,180.46,0.9812,0.1858,0.025558,4.282
121110,520,375,895,222,42,239,324.05,0.9665,0.5988,0.234196,25,38,57,257.77,0.3937,0.1633,0.018883,4.126
121112,520,436,956,218,65,132,357.93,0.7959,0.5521,0.203544,5,14,58,267.23,0.9056,0.0928,0.006518,4.486
121118,520,429,949,202,19,229,321.48,0.9815,0.5474,0.186811,39,5,43,323.42,0.7784,0.1019,0.007144,4.144
121133,520,397,917,174,88,249,305.25,0.9387,0.5803,0.228183,20,21,85,273.85,0.8751,0.1440,0.013409,4.387
121139,520,444,964,218,2,188,336.30,0.9968,0.5436,0.185820,18,16,7,97.53,0.3497,0.0757,0.005145,4.276
121150,520,413,933,208,67,195,331.84,0.8294,0.5672,0.213662,20,11,74,278.93,0.9016,0.1156,0.008824,4.482
121152,520,476,996,220,44,47,26.14,0.9394,0.5150,0.172249,1,0,19,273.06,1.0000,0.0243,0.000535,4.398
121153,520,405,925,201,61,234,319.09,0.9136,0.5757,0.216970,10,7,95,269.13,0.9847,0.1307,0.010426,4.418
121156,520,480,1000,211,54,45,28.30,0.9086,0.5055,0.166791,0,0,0,0.00,0.0000,0.0000,0.000000,4.336
121171,520,317,837,243,71,253,325.61,0.9926,0.6642,0.306556,40,36,115,278.29,0.7947,0.2204,0.029506,4.485
121189,520,350,870,234,43,251,324.27,0.9858,0.6278,0.261876,20,45,78,256.16,0.6292,0.1942,0.025754,4.117
121208,520,380,900,251,44,133,1.86,0.9650,0.5973,0.240076,7,18,107,266.52,0.9723,0.1594,0.015392,4.436
121212,520,406,926,245,21,138,357.99,0.9762,0.5762,0.217871,33,26,34,322.09,0.1916,0.1265,0.011776,4.336
121215,520,416,936,208,14,245,319.45,0.9920,0.5686,0.203183,29,28,4,107.10,0.7570,0.1185,0.011005,4.150
121223,520,434,954,152,95,231,299.87,0.8030,0.5501,0.206296,7,24,39,247.14,0.5926,0.1018,0.008449,4.385
121237,520,404,924,250,36,80,18.07,0.9714,0.5766,0.221685,5,35,22,161.37,0.8681,0.1263,0.012922,4.318
121239,520,388,908,204,64,243,317.71,0.9392,0.5898,0.229767,55,23,29,9.60,0.4897,0.1505,0.015138,4.295
121246,520,452,972,161,67,246,303.41,0.9386,0.5337,0.182457,18,12,27,301.56,0.4068,0.0743,0.004707,4.249
121250,520,464,984,208,19,165,340.81,0.9481,0.5155,0.165944,3,4,29,272.55,0.8580,0.0455,0.001949,4.157
121260,520,200,720,174,189,226,267.78,0.4568,0.7664,0.508843,5,91,16,143.90,0.9951,0.3192,0.075515,4.452
121283,520,344,864,231,55,255,322.46,1.0000,0.6334,0.269435,66,23,75,320.33,0.6876,0.1944,0.022792,4.388
121288,520,376,896,255,64,36,31.44,1.0000,0.6019,0.250579,45,36,12,88.87,0.5994,0.1614,0.018462,4.390
121289,520,410,930,249,42,2,31.60,0.9986,0.5707,0.218037,46,18,38,339.29,0.5248,0.1299,0.011535,4.356
121303,520,422,942,232,9,161,347.70,0.9871,0.5572,0.199273,26,3,73,287.13,0.9568,0.1097,0.007658,4.323
121308,520,429,949,208,5,224,324.35,0.9953,0.5505,0.189021,23,22,11,103.67,0.3395,0.0970,0.007801,4.135
121317,520,386,906,215,29,246,320.86,0.9814,0.5859,0.219815,69,7,16,19.31,0.8817,0.1521,0.014548,4.180
121330,520,462,982,231,18,58,21.34,0.9839,0.5251,0.177301,6,9,8,174.68,0.1396,0.0491,0.002516,4.328
121331,520,340,860,238,85,205,337.37,0.8902,0.6424,0.290845,0,50,76,238.67,1.0000,0.2000,0.028029,4.368
121339,520,360,880,236,50,220,332.17,0.9524,0.6151,0.252840,27,36,88,271.75,0.7004,0.1836,0.021993,4.207
121347,520,421,941,212,33,221,325.93,0.9596,0.5643,0.203072,55,1,13,14.37,0.9603,0.1135,0.008631,4.316
121359,520,439,959,236,44,66,21.82,0.9455,0.5505,0.200307,20,22,3,114.34,0.7404,0.0922,0.007291,4.369
121360,520,366,886,252,30,186,344.88,0.9797,0.6142,0.251725,79,6,8,26.29,0.9505,0.1723,0.018103,4.430
121369,520,282,802,243,116,192,345.48,0.8556,0.6863,0.353538,22,68,37,151.29,0.8583,0.2480,0.044382,4.276
121378,520,334,854,190,130,195,324.06,0.5222,0.6389,0.308534,9,55,48,180.31,0.8437,0.2033,0.030037,4.480
121380,520,396,916,206,29,255,316.58,1.0000,0.5784,0.212221,39,25,48,311.26,0.4233,0.1392,0.013400,4.136
121381,520,467,987,226,32,66,19.79,0.9556,0.5221,0.175980,11,5,6,5.85,0.2597,0.0435,0.001928,4.352
121383,520,468,988,203,7,197,329.96,0.9874,0.5228,0.168816,13,2,11,333.18,0.6343,0.0399,0.001532,4.246
121387,520,422,942,184,67,233,313.84,0.8862,0.5553,0.200889,0,21,60,259.09,1.0000,0.1067,0.008625,4.280
121396,520,423,943,224,80,16,39.45,0.9703,0.5596,0.216247,15,27,24,177.08,0.2973,0.1077,0.009513,4.474
121401,520,430,950,198,45,222,321.66,0.9254,0.5489,0.191580,2,26,22,180.71,0.8732,0.0962,0.008096,4.158
121412,520,27,547,217,254,255,198.55,1.0000,0.9664,0.928542,38,132,13,140.59,0.9913,0.4643,0.169430,4.459
121413,520,433,953,202,46,215,324.57,0.9160,0.5512,0.194185,34,0,56,307.17,1.0000,0.0975,0.006256,4.341
121415,520,461,981,187,36,223,318.43,0.9405,0.5257,0.171556,12,4,16,315.25,0.5299,0.0460,0.002024,4.259
121423,520,456,976,186,44,230,316.22,0.9314,0.5350,0.179549,12,10,13,314.58,0.1166,0.0581,0.003243,4.311
121446,520,444,964,182,96,143,347.50,0.5368,0.5403,0.202952,2,22,20,186.71,0.8193,0.0835,0.006372,4.487
121462,520,408,928,224,46,182,339.96,0.9046,0.5691,0.211811,10,16,89,268.76,0.9544,0.1344,0.011563,4.253
121485,520,480,1000,204,5,175,336.56,0.9868,0.5099,0.160431,0,0,0,0.00,0.0000,0.0000,0.000000,4.209
121493,520,263,783,221,134,237,321.22,0.8471,0.7068,0.385382,28,68,66,190.95,0.5611,0.2606,0.047743,4.454
121497,520,414,934,241,59,53,27.54,0.9396,0.5711,0.220890,29,15,69,288.34,0.7847,0.1249,0.010325,4.490
121502,520,437,957,241,29,33,27.61,0.9815,0.5480,0.196927,6,12,59,269.02,0.9156,0.0909,0.006174,4.396
121510,520,430,950,222,42,167,344.16,0.8984,0.5548,0.199780,10,11,70,271.53,0.9368,0.1039,0.007460,4.347
121532,520,445,965,154,81,242,300.38,0.8954,0.5395,0.191660,28,8,26,331.22,0.5675,0.0790,0.004952,4.398
121548,520,384,904,199,117,89,39.54,0.5699,0.5888,0.255876,5,42,33,172.92,0.8763,0.1530,0.017979,4.500
121563,520,381,901,239,7,209,335.61,0.9956,0.5963,0.231090,34,13,102,282.20,0.9266,0.1645,0.015872,4.267
121564,520,426,946,197,81,175,335.62,0.7168,0.5552,0.208519,11,7,82,271.17,0.9740,0.1138,0.008322,4.433
121573,520,459,979,234,31,2,30.78,0.9981,0.5327,0.184799,13,11,0,103.29,1.0000,0.0572,0.003249,4.409
121586,520,462,982,218,17,164,343.60,0.9635,0.5335,0.179891,12,5,22,302.13,0.5795,0.0514,0.002446,4.383
121609,520,457,977,232,19,47,24.08,0.9854,0.5261,0.178299,2,2,47,268.16,0.9840,0.0570,0.002615,4.339
121615,520,364,884,242,38,204,337.77,0.9648,0.6090,0.246260,56,33,1,70.69,0.9472,0.1682,0.019308,4.275
121621,520,480,1000,151,62,245,300.65,0.9388,0.5140,0.166175,0,0,0,0.00,0.0000,0.0000,0.000000,4.323
121623,520,384,904,214,86,167,344.57,0.7311,0.5857,0.237438,42,26,62,302.45,0.5475,0.1545,0.015789,4.369
121624,520,434,954,221,11,190,336.50,0.9849,0.5523,0.193316,41,11,16,12.58,0.6020,0.1008,0.007482,4.233
121631,520,364,884,244,48,178,345.98,0.9356,0.6050,0.245644,21,23,101,272.15,0.9170,0.1667,0.017117,4.405
121649,520,432,952,234,22,131,358.26,0.9638,0.5519,0.197079,30,17,35,316.22,0.4255,0.1029,0.007983,4.261
121653,520,397,917,239,40,154,352.28,0.9326,0.5796,0.222045,16,20,86,271.41,0.9086,0.1407,0.012823,4.330
121659,520,429,949,232,30,126,359.97,0.9424,0.5494,0.195937,40,13,20,5.72,0.5337,0.1036,0.007895,4.248
121693,520,453,973,203,48,170,338.33,0.8414,0.5260,0.177146,29,6,3,33.36,0.7277,0.0687,0.003981,4.208
121716,520,416,936,182,81,236,311.51,0.8740,0.5716,0.218870,21,25,50,274.90,0.4812,0.1211,0.010850,4.419
121721,520,352,872,249,13,215,336.32,0.9943,0.6193,0.253370,62,26,64,325.40,0.5913,0.1851,0.021332,4.253
121724,520,476,996,198,16,184,332.28,0.9602,0.5072,0.158389,8,0,3,351.24,1.0000,0.0245,0.000582,4.120
121785,520,427,947,182,72,234,312.64,0.8811,0.5589,0.205213,27,18,38,303.76,0.4325,0.1031,0.008056,4.396
121786,520,209,729,247,139,248,326.83,0.9633,0.7551,0.450188,7,71,138,254.93,0.9349,0.3103,0.063862,4.393
121816,520,473,993,214,10,152,346.45,0.9745,0.5176,0.167826,9,0,14,317.08,1.0000,0.0312,0.000898,4.280
121820,520,281,801,229,129,203,337.55,0.7477,0.6921,0.366722,30,69,15,138.43,0.9434,0.2514,0.045666,4.356
121827,520,299,819,255,118,10,48.51,1.0000,0.6716,0.342421,17,65,20,144.17,0.9518,0.2324,0.039501,4.385
121828,520,444,964,175,94,163,332.87,0.5695,0.5356,0.197648,3,20,18,185.72,0.6942,0.0777,0.005633,4.451
121830,520,411,931,202,54,226,321.57,0.9152,0.5653,0.206875,37,24,5,75.04,0.6839,0.1183,0.010576,4.241
121831,520,396,916,248,47,98,13.41,0.9512,0.5833,0.228748,52,20,29,4.03,0.5144,0.1397,0.013192,4.411
121838,520,412,932,240,37,140,357.04,0.9390,0.5741,0.217450,55,6,17,13.03,0.8142,0.1212,0.009831,4.470
121856,520,365,885,239,27,221,332.61,0.9827,0.6089,0.243578,74,6,37,359.68,0.8358,0.1684,0.017199,4.369
121858,520,445,965,240,0,16,28.16,1.0000,0.5361,0.185661,30,11,3,47.54,0.6779,0.0794,0.005220,4.268
121884,520,389,909,247,35,160,351.79,0.9575,0.5948,0.235176,7,44,2,140.82,0.9895,0.1537,0.018508,4.163
121915,520,385,905,223,42,226,327.44,0.9571,0.5915,0.228371,24,20,88,276.57,0.8723,0.1487,0.013990,4.350
121925,520,400,920,239,62,111,9.62,0.8811,0.5815,0.229468,46,27,24,29.33,0.3269,0.1428,0.014307,4.346
121928,520,249,769,244,143,156,12.14,0.7680,0.7207,0.412807,33,75,59,166.25,0.5983,0.2827,0.056711,4.337
121932,520,334,854,228,97,193,339.20,0.7972,0.6357,0.288959,11,39,109,263.81,0.9140,0.2032,0.026261,4.445
121936,520,478,998,199,27,176,335.00,0.9184,0.5084,0.160624,1,1,11,275.11,0.8474,0.0225,0.000523,4.169
121949,520,461,981,233,27,3,30.39,0.9972,0.5286,0.181172,1,7,33,263.17,0.9180,0.0536,0.002682,4.388
121959,520,439,959,228,26,142,353.41,0.9467,0.5459,0.191885,4,18,41,258.29,0.7399,0.0859,0.006185,4.305
121960,520,402,922,249,35,86,16.15,0.9664,0.5752,0.220173,7,27,66,261.75,0.8297,0.1303,0.012223,4.342
121968,520,450,970,167,78,221,310.09,0.8108,0.5356,0.188854,3,4,52,268.70,0.9708,0.0673,0.003541,4.461
121969,520,373,893,247,49,147,356.75,0.9337,0.5980,0.240807,38,31,60,293.47,0.4425,0.1593,0.017183,4.329
121974,520,437,957,194,52,225,319.55,0.9106,0.5501,0.193630,16,14,42,282.82,0.6065,0.0863,0.005914,4.357
121980,520,411,931,212,54,207,329.45,0.8957,0.5689,0.211423,0,11,87,264.10,0.9821,0.1196,0.009274,4.410
121988,520,427,947,207,2,238,320.84,0.9986,0.5589,0.194836,15,22,44,268.90,0.5011,0.1048,0.008572,4.180
121989,520,466,986,198,27,195,329.10,0.9378,0.5189,0.167315,19,0,29,313.34,1.0000,0.0529,0.002272,4.157
122027,520,161,681,241,180,229,333.45,0.8225,0.8147,0.570018,49,96,34,138.85,0.8831,0.3536,0.091339,4.387
122037,520,363,883,201,79,254,313.60,0.9922,0.6093,0.251665,18,47,9,139.17,0.9348,0.1699,0.021813,4.201
122043,520,375,895,237,78,124,6.89,0.8381,0.5988,0.249114,14,26,98,268.19,0.9214,0.1646,0.017139,4.455
122053,520,438,958,203,23,226,322.42,0.9749,0.5482,0.188020,42,5,9,18.18,0.7947,0.0916,0.006206,4.235
122065,520,423,943,239,43,87,15.57,0.9387,0.5599,0.207698,19,29,8,130.16,0.6526,0.1124,0.010347,4.270
122067,520,439,959,228,15,152,349.77,0.9739,0.5465,0.191054,17,17,34,282.58,0.4025,0.0881,0.006356,4.277
122083,520,314,834,255,58,230,334.10,1.0000,0.6593,0.300024,43,51,64,260.06,0.2075,0.2189,0.032514,4.242
122089,520,437,957,224,4,173,342.14,0.9933,0.5468,0.189538,23,12,41,298.22,0.6153,0.0888,0.006052,4.274
122090,520,378,898,218,50,249,320.59,0.9742,0.6047,0.240281,65,2,65,328.30,0.9122,0.1621,0.015491,4.432
122112,520,47,567,245,235,232,37.42,0.3194,0.9384,0.846557,44,124,54,145.58,0.9242,0.4446,0.152166,4.435
122120,520,106,626,204,217,246,266.31,0.6715,0.8656,0.691164,19,110,55,151.13,0.9685,0.3917,0.115657,4.474
122140,520,368,888,227,59,224,328.84,0.9320,0.6091,0.248429,45,11,102,290.78,0.9139,0.1747,0.017565,4.417
122142,520,446,966,208,21,200,330.44,0.9648,0.5377,0.181184,6,22,6,143.71,0.8290,0.0822,0.006257,4.109
122164,520,377,897,246,75,55,30.25,0.9526,0.5978,0.249042,9,43,42,192.31,0.7206,0.1615,0.019529,4.301
122171,520,414,934,236,24,165,347.57,0.9661,0.5711,0.212057,6,17,73,266.98,0.9310,0.1151,0.009206,4.426
122173,520,368,888,220,90,181,340.99,0.7594,0.6075,0.258663,49,38,25,70.95,0.3183,0.1746,0.021094,4.342
122189,520,162,682,227,185,223,329.31,0.5697,0.8071,0.563574,2,101,31,146.37,0.9980,0.3547,0.094188,4.255
122194,520,268,788,211,133,251,313.23,0.9439,0.7003,0.375900,58,65,1,116.46,0.9847,0.2596,0.046823,4.399
122221,520,376,896,228,96,72,32.25,0.8212,0.5955,0.253302,8,38,72,254.30,0.7841,0.1648,0.019056,4.392
122223,520,477,997,199,72,95,12.87,0.7219,0.5138,0.176050,8,0,4,344.76,1.0000,0.0250,0.000604,4.467
122238,520,473,993,201,71,100,10.41,0.7284,0.5175,0.178461,7,0,16,307.47,1.0000,0.0301,0.000826,4.495
122246,520,450,970,197,1,240,317.77,0.9992,0.5436,0.181848,21,6,35,304.99,0.7050,0.0717,0.004110,4.285
122252,520,349,869,231,76,213,332.90,0.8921,0.6252,0.269643,50,25,91,296.04,0.7434,0.1874,0.021287,4.484
122253,520,434,954,200,65,187,332.00,0.8048,0.5470,0.196495,4,23,44,252.01,0.7410,0.1007,0.008204,4.235
122266,520,440,960,193,59,221,320.02,0.8848,0.5519,0.196872,9,21,32,247.42,0.4462,0.0908,0.006987,4.332
122272,520,464,984,226,12,99,7.62,0.9806,0.5217,0.173354,3,7,27,267.46,0.7297,0.0510,0.002504,4.254
122275,520,324,844,255,91,126,11.16,1.0000,0.6475,0.302519,37,41,97,276.07,0.6536,0.2111,0.028422,4.495
122278,520,384,904,229,38,212,332.54,0.9575,0.5905,0.228002,11,34,64,256.21,0.6984,0.1487,0.015853,4.222
122287,520,437,957,238,22,106,7.52,0.9710,0.5517,0.197948,16,19,21,236.95,0.0916,0.0855,0.006300,4.404
122323,520,386,906,184,94,229,312.82,0.8153,0.5877,0.238538,12,39,37,188.72,0.5928,0.1478,0.016627,4.331
122326,520,384,904,216,62,226,325.33,0.9151,0.5949,0.235371,66,15,7,31.89,0.8603,0.1533,0.015154,4.380
122336,520,336,856,245,111,7,47.81,0.9923,0.6433,0.307998,17,54,49,183.15,0.6575,0.2033,0.029791,4.487
122338,520,421,941,238,51,78,19.33,0.9271,0.5620,0.210980,15,14,71,274.40,0.8933,0.1129,0.008705,4.446
122351,520,448,968,219,60,101,10.33,0.8290,0.5385,0.192339,31,8,19,352.33,0.5555,0.0803,0.005120,4.397
122378,520,362,882,254,76,31,34.43,0.9945,0.6120,0.263423,70,16,61,335.33,0.7271,0.1826,0.020098,4.471
122379,520,411,931,214,61,189,335.41,0.8493,0.5678,0.213098,26,22,47,289.17,0.4683,0.1166,0.009987,4.386
122395,520,458,978,184,63,208,320.51,0.8340,0.5326,0.183007,9,11,23,275.63,0.3787,0.0621,0.003593,4.348
122396,520,399,919,175,84,251,305.58,0.9601,0.5776,0.224203,63,12,2,34.82,0.9437,0.1424,0.013243,4.336
122402,520,328,848,241,65,246,326.84,0.9694,0.6512,0.291377,0,61,24,150.30,1.0000,0.2142,0.034033,4.062
122412,520,453,973,127,96,240,288.41,0.8615,0.5317,0.191688,12,8,37,284.36,0.6988,0.0677,0.003854,4.488
122418,520,441,961,222,1,164,344.39,0.9980,0.5375,0.182342,23,15,35,301.07,0.4611,0.0904,0.006452,4.116
122419,520,459,979,231,19,93,10.73,0.9732,0.5326,0.182480,11,12,14,264.43,0.0741,0.0619,0.003658,4.333
122429,520,343,863,251,41,212,337.69,0.9787,0.6313,0.268518,61,36,20,52.54,0.5076,0.1860,0.023045,4.361
122446,520,442,962,202,82,107,10.16,0.6777,0.5369,0.196546,25,9,36,309.26,0.6304,0.0826,0.005294,4.459
122452,520,442,962,232,37,97,10.74,0.9340,0.5443,0.193450,17,18,0,112.19,1.0000,0.0780,0.005518,4.385
122478,520,458,978,230,42,9,31.59,0.9904,0.5314,0.185017,3,13,24,247.65,0.6026,0.0623,0.003731,4.374
122482,520,441,961,229,52,34,30.18,0.9511,0.5388,0.192324,8,14,48,270.46,0.7814,0.0853,0.005791,4.343
122531,520,480,1000,189,63,165,336.28,0.7576,0.5136,0.170920,0,0,0,0.00,0.0000,0.0000,0.000000,4.418
122532,520,407,927,207,11,245,319.22,0.9937,0.5662,0.200990,15,12,87,272.30,0.9541,0.1289,0.010526,4.147
122533,520,433,953,191,91,148,346.92,0.6050,0.5478,0.206981,19,18,48,281.40,0.5893,0.1018,0.007844,4.443
122535,520,319,839,216,137,48,64.41,0.8240,0.6485,0.327055,42,55,49,165.33,0.1918,0.2229,0.034463,4.464
122541,520,420,940,241,5,128,0.14,0.9941,0.5606,0.203711,20,16,59,281.25,0.7387,0.1081,0.008350,4.348
122556,520,443,963,219,17,173,341.04,0.9676,0.5402,0.184805,5,8,52,270.02,0.9254,0.0761,0.004538,4.305
122634,520,468,988,179,1,245,311.69,0.9992,0.5189,0.161990,12,2,19,312.01,0.7282,0.0427,0.001686,4.102
122649,520,375,895,247,42,171,348.59,0.9484,0.6035,0.243736,44,31,43,328.94,0.2627,0.1568,0.016899,4.391
122651,520,324,844,247,45,245,328.67,0.9800,0.6466,0.282463,13,38,114,265.00,0.9126,0.2070,0.026865,4.325
122655,520,464,984,232,23,6,29.89,0.9944,0.5248,0.177849,12,4,28,296.30,0.7191,0.0530,0.002488,4.341
122667,520,476,996,177,6,234,313.46,0.9939,0.5070,0.154190,8,0,4,344.76,1.0000,0.0250,0.000604,4.035
122674,520,432,952,228,3,170,343.96,0.9954,0.5527,0.194641,21,8,59,286.40,0.8473,0.0961,0.006489,4.331
122676,520,390,910,206,76,213,325.69,0.8401,0.5852,0.230965,70,5,25,9.75,0.8714,0.1545,0.014810,4.335
122681,520,464,984,219,37,119,0.43,0.8960,0.5249,0.177177,12,6,19,305.19,0.4674,0.0521,0.002554,4.323
122687,520,446,966,239,23,43,25.43,0.9847,0.5421,0.191413,2,9,55,265.79,0.9507,0.0789,0.004841,4.402
122690,520,434,954,204,8,230,321.86,0.9932,0.5488,0.187259,27,20,29,318.64,0.2361,0.1027,0.008220,4.075
122699,520,456,976,185,43,225,317.15,0.9257,0.5287,0.174795,10,10,16,284.72,0.2044,0.0575,0.003190,4.226
122714,520,272,792,174,165,195,299.04,0.2556,0.6969,0.398491,24,73,20,142.07,0.9474,0.2626,0.050096,4.481
122720,520,432,952,226,53,119,3.29,0.8619,0.5508,0.200496,18,17,51,280.16,0.6517,0.1012,0.007685,4.342
122721,520,411,931,232,13,176,343.17,0.9838,0.5656,0.205810,44,9,46,325.59,0.7231,0.1178,0.009282,4.315
122724,520,402,922,226,56,185,339.77,0.8851,0.5820,0.225024,20,33,34,202.04,0.2629,0.1330,0.013519,4.330
122732,520,449,969,223,14,150,349.29,0.9718,0.5354,0.182067,6,17,0,132.39,1.0000,0.0664,0.004396,4.266
122747,520,348,868,237,54,238,327.89,0.9624,0.6310,0.268184,78,17,34,8.40,0.7411,0.1870,0.021364,4.459
122797,520,424,944,244,2,111,6.16,0.9980,0.5606,0.204276,12,19,64,270.56,0.8274,0.1128,0.009140,4.300
122808,520,350,870,250,7,238,331.03,0.9980,0.6344,0.266521,60,38,3,73.98,0.8864,0.1868,0.023536,4.304
122815,520,408,928,238,63,49,29.16,0.9304,0.5686,0.219571,39,11,71,299.44,0.8187,0.1336,0.011256,4.401
122819,520,339,859,255,33,227,334.73,1.0000,0.6434,0.278970,85,17,17,25.55,0.8572,0.1976,0.023730,4.462
122836,520,363,883,238,87,102,18.02,0.8499,0.6060,0.259558,37,41,43,229.09,0.0666,0.1749,0.021536,4.327
122842,520,472,992,157,57,252,301.69,0.9804,0.5230,0.171231,11,2,3,11.12,0.5497,0.0344,0.001211,4.320
122843,520,430,950,242,30,60,22.34,0.9750,0.5536,0.201354,28,4,60,295.91,0.8973,0.0991,0.006600,4.441
122845,520,335,855,243,54,229,331.55,0.9611,0.6354,0.273529,71,29,52,348.23,0.5400,0.1988,0.024664,4.333
122847,520,469,989,224,37,51,24.35,0.9538,0.5187,0.174123,20,0,3,10.81,1.0000,0.0412,0.001553,4.347
122858,520,387,907,202,75,230,319.84,0.8782,0.5890,0.233034,43,34,9,89.33,0.6556,0.1529,0.016774,4.239
122862,520,330,850,236,87,203,337.54,0.8749,0.6405,0.289636,23,29,129,269.92,0.9443,0.2121,0.026457,4.442
122865,520,398,918,252,13,115,6.38,0.9900,0.5805,0.222248,1,23,86,263.08,0.9845,0.1392,0.012910,4.328
122880,520,422,942,242,9,132,359.09,0.9898,0.5649,0.207418,17,11,69,277.52,0.8956,0.1075,0.007882,4.447
122885,520,248,768,251,142,134,25.09,0.9094,0.7229,0.415792,11,69,109,245.17,0.8405,0.2826,0.054312,4.465
122886,520,13,533,252,249,233,98.11,0.7164,0.9769,0.943302,45,130,89,158.76,0.8276,0.4717,0.172437,4.466
122889,520,417,937,217,54,195,334.30,0.8852,0.5701,0.213323,47,16,15,23.98,0.5875,0.1195,0.010095,4.382
122897,520,464,984,156,94,174,318.33,0.5657,0.5151,0.181299,9,5,24,291.28,0.6213,0.0499,0.002326,4.420
122909,520,361,881,245,42,211,336.61,0.9660,0.6206,0.257745,65,20,62,330.39,0.6721,0.1794,0.019721,4.414
122914,520,468,988,217,13,136,352.69,0.9678,0.5169,0.168196,0,4,25,261.20,1.0000,0.0395,0.001570,4.231
122921,520,259,779,253,106,243,330.35,0.9913,0.7122,0.376645,80,57,32,67.44,0.4779,0.2683,0.047362,4.382
122923,520,416,936,220,24,208,331.37,0.9713,0.5656,0.204253,1,32,29,185.82,0.9521,0.1171,0.011281,4.149
122926,520,81,601,230,226,207,97.14,0.3012,0.8961,0.757209,15,118,21,143.23,0.9910,0.4131,0.131120,4.457
122937,520,473,993,222,43,22,30.66,0.9703,0.5161,0.173180,8,1,4,348.48,0.6374,0.0284,0.000821,4.391
122943,520,388,908,245,65,82,20.79,0.9346,0.5892,0.238056,4,39,56,234.60,0.8286,0.1546,0.017623,4.260
122945,520,219,739,210,160,244,310.90,0.8084,0.7462,0.453756,33,83,15,138.99,0.9660,0.3000,0.065441,4.364
122951,520,442,962,240,4,1,29.31,0.9992,0.5365,0.186177,33,6,23,344.67,0.6515,0.0818,0.005155,4.282
122960,520,387,907,187,80,251,309.85,0.9659,0.5886,0.232681,29,20,85,281.19,0.8267,0.1497,0.014174,4.405
122968,520,381,901,246,68,87,19.80,0.9353,0.5951,0.244185,58,6,79,313.10,0.8796,0.1650,0.015944,4.461
122983,520,277,797,253,108,208,341.37,0.9802,0.6971,0.361647,50,66,0,123.71,1.0000,0.2548,0.045745,4.299
122992,520,424,944,241,11,125,1.26,0.9873,0.5607,0.204240,17,27,22,162.71,0.2643,0.1085,0.009609,4.265
122997,520,461,981,180,23,244,311.88,0.9793,0.5256,0.168488,18,2,11,344.69,0.6825,0.0462,0.001962,4.205
123012,520,420,940,198,71,199,327.49,0.8065,0.5579,0.206373,13,29,20,158.17,0.4713,0.1110,0.010148,4.262
123028,520,422,942,218,81,72,27.10,0.8082,0.5557,0.212606,12,28,25,180.64,0.4121,0.1091,0.009788,4.392
123029,520,320,840,244,109,110,21.92,0.8623,0.6501,0.312991,25,55,46,171.94,0.5160,0.2094,0.031362,4.461
123039,520,442,962,164,72,241,305.02,0.9060,0.5395,0.188787,9,19,21,211.46,0.3006,0.0803,0.005779,4.281
123066,520,436,956,215,67,128,359.26,0.7796,0.5473,0.200222,7,6,68,270.49,0.9691,0.0923,0.005927,4.474
123082,520,421,941,222,59,147,352.20,0.8314,0.5593,0.207666,34,12,49,308.85,0.6851,0.1087,0.008248,4.424
123085,520,337,857,252,80,152,358.86,0.9583,0.6373,0.287031,10,43,100,260.68,0.8842,0.2034,0.027122,4.370
123107,520,362,882,244,62,168,349.88,0.9101,0.6113,0.255086,74,0,69,331.72,1.0000,0.1810,0.018857,4.431
123109,520,330,850,236,49,253,324.23,0.9927,0.6361,0.271238,36,38,100,276.67,0.7086,0.2062,0.026813,4.182
123110,520,341,861,239,75,194,340.80,0.8908,0.6273,0.272807,25,5,139,271.37,0.9941,0.2004,0.021791,4.496
123120,520,321,841,238,108,150,2.00,0.7794,0.6501,0.311069,4,56,61,205.03,0.9116,0.2110,0.031909,4.408
123140,520,388,908,222,98,59,37.81,0.8232,0.5865,0.245832,0,36,69,250.49,1.0000,0.1536,0.016913,4.421
123141,520,361,881,241,52,206,337.15,0.9439,0.6170,0.256158,78,15,29,12.71,0.7772,0.1831,0.020503,4.342
123149,520,395,915,221,34,237,324.37,0.9741,0.5915,0.226328,20,37,11,135.99,0.7540,0.1385,0.014960,4.254
123156,520,343,863,228,72,236,325.86,0.9295,0.6302,0.271870,1,32,115,263.15,0.9915,0.1917,0.022771,4.423
123173,520,353,873,249,35,197,341.22,0.9718,0.6164,0.253762,7,43,76,250.58,0.8065,0.1817,0.022946,4.164
123176,520,346,866,241,82,180,346.41,0.8776,0.6318,0.280335,57,33,67,315.36,0.4919,0.1927,0.023629,4.486
123183,520,291,811,219,124,230,323.29,0.8199,0.6833,0.351901,27,61,72,221.60,0.5219,0.2411,0.040382,4.447
123190,520,465,985,218,61,22,34.15,0.9607,0.5248,0.183034,0,2,42,264.18,0.9870,0.0498,0.002106,4.472
123206,520,298,818,255,114,77,35.74,1.0000,0.6702,0.338338,23,64,5,138.40,0.9823,0.2299,0.038598,4.383
123212,520,465,985,202,37,172,337.19,0.8815,0.5172,0.168602,11,8,9,354.68,0.1064,0.0516,0.002645,4.152
123217,520,306,826,239,126,89,38.74,0.8161,0.6666,0.339963,34,62,4,132.85,0.9728,0.2295,0.037940,4.434
123241,520,418,938,212,60,174,339.81,0.8254,0.5551,0.202869,27,17,64,287.23,0.7301,0.1213,0.010041,4.212
123242,520,257,777,246,138,138,20.66,0.8195,0.7094,0.396074,11,74,66,182.06,0.8917,0.2739,0.053618,4.305
123247,520,476,996,211,41,125,356.72,0.8606,0.5141,0.169177,1,1,3,282.35,0.4200,0.0178,0.000347,4.353
123281,520,454,974,227,46,71,19.98,0.9232,0.5345,0.187427,4,0,60,269.51,1.0000,0.0702,0.003520,4.436
123289,520,353,873,231,52,241,325.71,0.9623,0.6216,0.257981,30,47,0,128.04,1.0000,0.1768,0.023090,4.214
123290,520,475,995,199,57,149,345.32,0.7828,0.5163,0.172402,8,1,3,357.19,0.6318,0.0279,0.000799,4.378
123291,520,295,815,243,109,199,342.02,0.8821,0.6789,0.341181,49,54,74,273.47,0.2567,0.2382,0.037857,4.452
123301,520,385,905,216,104,48,44.60,0.8302,0.5851,0.247152,26,37,24,140.72,0.3472,0.1462,0.016087,4.496
123322,520,319,839,237,96,187,343.90,0.8395,0.6458,0.299607,86,30,6,40.96,0.8767,0.2169,0.029204,4.414
123324,520,457,977,205,23,196,330.74,0.9552,0.5304,0.175794,21,3,18,333.94,0.6734,0.0556,0.002682,4.286
123328,520,422,942,236,11,156,350.16,0.9857,0.5631,0.204755,1,23,60,258.56,0.9574,0.1120,0.009454,4.285
123345,520,410,930,196,93,182,332.80,0.6775,0.5750,0.229433,44,26,2,71.63,0.8627,0.1329,0.012787,4.450
123375,520,71,591,249,220,247,328.11,0.9088,0.9141,0.780423,33,116,85,163.96,0.8582,0.4225,0.134694,4.496
123396,520,304,824,194,132,234,310.98,0.7591,0.6681,0.339131,13,58,84,239.18,0.7651,0.2333,0.037516,4.446
123416,520,416,936,247,29,107,8.89,0.9680,0.5733,0.217179,37,18,45,315.12,0.5356,0.1203,0.010154,4.442
123422,520,299,819,254,79,212,339.07,0.9930,0.6659,0.314194,88,27,64,346.55,0.6641,0.2324,0.032290,4.426
123436,520,38,558,248,236,248,325.74,0.6124,0.9487,0.867250,25,125,97,168.84,0.9159,0.4527,0.157363,4.423
123446,520,373,893,251,67,86,20.27,0.9693,0.6035,0.251989,39,38,18,105.99,0.4477,0.1606,0.018612,4.401
123448,520,417,937,253,3,67,20.09,0.9984,0.5697,0.213568,32,28,8,98.25,0.5858,0.1227,0.011551,4.282
123462,520,341,861,238,55,227,330.85,0.9536,0.6264,0.264582,17,49,73,244.14,0.6457,0.2007,0.027967,4.035
123469,520,348,868,240,30,250,326.03,0.9887,0.6310,0.263586,68,0,96,311.72,1.0000,0.1931,0.020736,4.433
123485,520,270,790,253,134,66,47.80,0.9731,0.6995,0.383292,24,72,10,139.83,0.9749,0.2582,0.048507,4.399
123495,520,384,904,254,14,139,359.12,0.9920,0.5927,0.232526,0,1,117,264.08,0.9992,0.1519,0.013059,4.480
123499,520,420,940,226,39,163,346.35,0.9130,0.5584,0.202668,53,2,16,10.53,0.9062,0.1113,0.008378,4.328
123513,520,388,908,249,34,146,356.63,0.9597,0.5925,0.233625,18,11,103,271.98,0.9725,0.1505,0.013471,4.469
123533,520,459,979,188,62,189,327.55,0.8000,0.5251,0.178122,17,0,41,297.07,1.0000,0.0605,0.002793,4.321
123536,520,397,917,215,53,222,326.24,0.9253,0.5830,0.222692,39,12,74,297.52,0.8207,0.1377,0.011887,4.406
123539,520,401,921,163,100,243,301.01,0.8655,0.5805,0.233723,23,22,79,276.66,0.8075,0.1417,0.013204,4.489
123542,520,401,921,253,32,81,17.74,0.9881,0.5809,0.225135,66,2,18,13.97,0.9444,0.1404,0.012455,4.405
123544,520,374,894,235,83,121,8.83,0.8179,0.6005,0.252320,16,40,53,234.52,0.5336,0.1610,0.018847,4.391
123545,520,384,904,235,36,191,339.76,0.9531,0.5880,0.226883,60,1,61,327.55,0.9439,0.1484,0.013194,4.381
123549,520,376,896,247,20,182,344.81,0.9839,0.5992,0.236551,64,12,45,346.07,0.7318,0.1574,0.015426,4.380
123557,520,428,948,220,27,195,334.91,0.9578,0.5586,0.199420,22,24,14,117.33,0.2862,0.1021,0.008555,4.260
123569,520,429,949,226,31,150,350.42,0.9309,0.5478,0.193534,33,18,18,19.48,0.3106,0.1017,0.007997,4.199
123570,520,444,964,215,62,123,0.68,0.7976,0.5400,0.193247,12,21,3,129.72,0.7927,0.0826,0.006211,4.327
123578,520,371,891,225,94,145,358.52,0.7285,0.6062,0.260597,21,39,60,253.23,0.4829,0.1652,0.019366,4.478
123581,520,438,958,236,30,102,9.04,0.9542,0.5499,0.197239,17,21,26,254.11,0.1597,0.0936,0.007301,4.315
123588,520,367,887,249,81,13,37.62,0.9889,0.6076,0.260571,9,47,4,141.11,0.9809,0.1652,0.020998,4.374
123591,520,309,829,254,67,230,333.92,0.9952,0.6646,0.308014,13,59,48,173.50,0.8151,0.2178,0.034268,4.249
123605,520,456,976,229,37,42,26.57,0.9629,0.5281,0.181513,27,3,15,350.85,0.7074,0.0632,0.003327,4.341
123610,520,405,925,233,15,203,335.82,0.9873,0.5832,0.219798,13,16,84,270.75,0.9364,0.1299,0.010962,4.426
123614,520,478,998,213,25,131,353.95,0.9245,0.5110,0.164825,1,0,15,275.86,1.0000,0.0213,0.000409,4.262
123630,520,401,921,207,58,227,322.65,0.9137,0.5775,0.218393,46,28,11,62.50,0.5644,0.1421,0.014356,4.170
123634,520,400,920,217,70,179,339.83,0.8132,0.5768,0.223889,23,37,5,129.74,0.8712,0.1399,0.015162,4.203
123655,520,464,984,182,61,202,321.63,0.8242,0.5230,0.175481,19,5,9,0.27,0.4750,0.0538,0.002667,4.281
123660,520,464,984,187,10,224,318.62,0.9881,0.5158,0.161651,5,0,44,275.33,1.0000,0.0521,0.002141,4.059
123680,520,354,874,239,73,178,346.02,0.8758,0.6175,0.263330,62,33,27,32.55,0.4350,0.1823,0.021911,4.357
123699,520,434,954,231,36,118,3.00,0.9259,0.5479,0.195616,35,19,6,59.26,0.5883,0.1039,0.008363,4.208
123710,520,441,961,231,37,70,19.50,0.9493,0.5362,0.187573,13,20,29,254.97,0.2995,0.0893,0.006746,4.187
123711,520,414,934,234,40,153,351.54,0.9222,0.5696,0.213128,55,10,11,23.68,0.7977,0.1249,0.010536,4.347
123723,520,387,907,228,1,237,326.27,0.9995,0.5940,0.226325,1,21,96,263.93,0.9879,0.1474,0.013872,4.326
123724,520,429,949,194,85,156,343.09,0.6574,0.5467,0.203682,10,23,36,249.71,0.4706,0.0990,0.008047,4.370
123731,520,419,939,180,68,243,310.20,0.9251,0.5585,0.203095,44,10,19,7.28,0.6461,0.1056,0.007997,4.364
123739,520,472,992,232,13,26,27.46,0.9927,0.5223,0.175214,2,3,3,196.47,0.1299,0.0269,0.000846,4.429
123740,520,442,962,148,82,252,296.33,0.9692,0.5422,0.193589,32,11,1,51.62,0.8418,0.0820,0.005487,4.390
123748,520,404,924,239,25,165,348.25,0.9672,0.5773,0.217656,31,27,40,298.53,0.2526,0.1297,0.012284,4.297
123757,520,330,850,224,105,185,341.73,0.7384,0.6374,0.294553,71,34,47,358.77,0.4549,0.2061,0.026891,4.481
123759,520,418,938,229,40,157,349.08,0.9132,0.5618,0.206126,51,10,15,17.43,0.7309,0.1177,0.009555,4.301
123760,520,392,912,243,70,91,18.62,0.9124,0.5923,0.241936,58,22,11,37.60,0.6862,0.1495,0.014977,4.493
123788,520,422,942,204,63,201,328.83,0.8460,0.5601,0.206112,44,13,18,12.68,0.5876,0.1099,0.008671,4.365
123789,520,460,980,206,14,190,332.70,0.9730,0.5252,0.171556,11,5,37,285.73,0.7904,0.0611,0.003133,4.170
123792,520,392,912,195,85,232,316.57,0.8613,0.5924,0.239265,69,8,22,13.80,0.8365,0.1546,0.014970,4.452
123793,520,442,962,216,22,185,336.74,0.9591,0.5432,0.186778,4,19,19,195.30,0.5756,0.0760,0.005386,4.275
123795,520,440,960,178,77,220,314.41,0.8180,0.5490,0.199410,0,24,24,194.77,1.0000,0.0897,0.007192,4.361
123805,520,344,864,245,88,132,6.77,0.8766,0.6278,0.280609,11,36,105,264.47,0.9065,0.1921,0.023527,4.496
123836,520,464,984,197,30,204,326.31,0.9386,0.5249,0.171602,21,3,14,343.54,0.6504,0.0538,0.002563,4.216
123843,520,467,987,232,22,11,29.49,0.9901,0.5246,0.177569,2,7,18,256.42,0.6068,0.0447,0.002085,4.369
123857,520,432,952,234,39,97,11.20,0.9328,0.5496,0.198096,5,28,3,141.29,0.9617,0.0993,0.008693,4.227
123859,520,455,975,235,31,7,30.44,0.9937,0.5350,0.186607,22,5,20,331.82,0.5894,0.0620,0.003296,4.439
123861,520,430,950,206,76,146,350.33,0.7234,0.5496,0.203680,30,7,54,301.30,0.8056,0.1003,0.006943,4.455
123874,520,408,928,208,33,237,321.02,0.9695,0.5693,0.206138,51,8,52,327.02,0.7677,0.1329,0.011255,4.182
123925,520,430,950,150,103,215,300.97,0.6984,0.5503,0.210911,1,29,5,146.47,0.9892,0.1006,0.008961,4.425
123940,520,446,966,194,77,163,339.32,0.7059,0.5387,0.194230,14,20,4,125.31,0.6613,0.0816,0.006024,4.359
123979,520,437,957,205,29,224,323.38,0.9649,0.5526,0.192415,38,1,43,322.93,0.9108,0.0942,0.006083,4.322
123980,520,439,959,184,65,235,313.48,0.8964,0.5547,0.199702,33,12,27,339.09,0.5005,0.0935,0.006654,4.407
123984,520,476,996,202,70,52,30.67,0.8379,0.5078,0.171869,3,0,3,328.36,1.0000,0.0167,0.000259,4.414
123998,520,429,949,228,57,97,12.64,0.8706,0.5518,0.202861,0,3,80,264.19,0.9946,0.0991,0.006442,4.480
124027,520,454,974,165,86,207,312.20,0.7326,0.5346,0.191606,4,11,35,265.83,0.7465,0.0658,0.003865,4.485
124035,520,49,569,221,242,253,230.35,0.7792,0.9406,0.859675,0,127,49,148.13,1.0000,0.4443,0.153998,4.459
124036,520,136,656,246,195,186,29.88,0.7138,0.8369,0.621697,11,97,118,220.25,0.9122,0.3719,0.099280,4.500
124043,520,405,925,221,12,232,325.70,0.9927,0.5803,0.214635,41,18,46,320.25,0.5549,0.1267,0.011013,4.337
124059,520,390,910,214,85,180,339.29,0.7562,0.5906,0.240904,36,35,5,107.52,0.7856,0.1465,0.015881,4.416
124098,520,461,981,226,50,17,32.23,0.9785,0.5298,0.184933,10,6,26,290.19,0.6074,0.0542,0.002694,4.458
124105,520,472,992,223,0,119,359.68,1.0000,0.5193,0.170226,12,0,1,16.52,1.0000,0.0287,0.000804,4.335
124123,520,466,986,210,73,20,38.31,0.9498,0.5240,0.185195,12,4,24,301.04,0.6652,0.0504,0.002309,4.496
124138,520,220,740,220,168,189,352.68,0.4387,0.7505,0.468962,55,80,15,128.71,0.9021,0.3044,0.065839,4.480
124155,520,381,901,236,34,212,334.21,0.9694,0.6009,0.237331,38,11,96,287.40,0.9129,0.1594,0.014959,4.423
124159,520,400,920,219,74,165,345.76,0.7878,0.5779,0.226765,53,18,40,344.26,0.5794,0.1427,0.013428,4.363
124169,520,404,924,224,2,232,326.46,0.9988,0.5836,0.217192,0,34,39,208.91,1.0000,0.1276,0.012905,4.248
124201,520,342,862,237,109,55,41.72,0.8803,0.6294,0.292204,22,51,35,157.69,0.5995,0.1910,0.026595,4.468
124208,520,452,972,153,68,251,299.68,0.9693,0.5290,0.178719,17,11,21,311.31,0.3160,0.0683,0.004127,4.226
124211,520,399,919,233,74,93,17.93,0.8496,0.5785,0.230144,0,21,88,263.12,1.0004,0.1371,0.012408,4.489
124215,520,302,822,228,128,144,10.47,0.6473,0.6666,0.339481,43,61,2,126.25,0.9764,0.2330,0.038554,4.398
124217,520,457,977,220,49,95,11.14,0.8736,0.5284,0.182411,20,10,7,39.13,0.3270,0.0648,0.003812,4.319
124221,520,435,955,203,56,206,327.16,0.8747,0.5549,0.199828,41,3,13,8.69,0.8157,0.0874,0.005657,4.489
124223,520,433,953,239,16,109,6.42,0.9808,0.5527,0.198287,33,10,40,317.63,0.6526,0.0978,0.006937,4.361
124241,520,441,961,209,84,49,36.29,0.8356,0.5404,0.201199,5,10,63,268.43,0.9466,0.0913,0.006082,4.479
124243,520,371,891,228,57,224,329.11,0.9365,0.6091,0.248044,6,47,31,162.48,0.9092,0.1694,0.021706,4.156
124246,520,451,971,212,4,196,332.58,0.9937,0.5379,0.180715,17,8,37,293.71,0.6752,0.0724,0.004264,4.252
124249,520,346,866,231,61,250,323.47,0.9798,0.6345,0.272308,40,32,94,283.60,0.7089,0.1916,0.022922,4.420
124271,520,444,964,188,31,245,313.78,0.9710,0.5425,0.182651,25,11,18,348.96,0.3687,0.0765,0.004897,4.238
124272,520,478,998,165,80,184,320.00,0.6860,0.5100,0.171982,6,0,8,321.50,1.0000,0.0244,0.000563,4.390
124274,520,388,908,175,91,250,305.08,0.9447,0.5866,0.234989,27,32,59,274.23,0.4538,0.1501,0.015818,4.330
124278,520,467,987,201,62,135,352.18,0.7606,0.5189,0.176140,4,3,30,276.65,0.8746,0.0449,0.001847,4.362
124284,520,472,992,225,38,25,29.57,0.9683,0.5189,0.174668,4,4,6,285.17,0.1539,0.0337,0.001258,4.383
124297,520,441,961,241,14,54,22.74,0.9912,0.5447,0.192846,3,16,48,262.45,0.8702,0.0862,0.006033,4.334
124300,520,419,939,225,62,117,5.09,0.8312,0.5567,0.207398,26,23,27,317.69,0.1051,0.1080,0.009115,4.354
124324,520,321,841,252,98,111,18.45,0.9572,0.6477,0.305818,52,49,36,96.60,0.2208,0.2114,0.030541,4.418
124339,520,384,904,248,7,154,353.20,0.9938,0.5852,0.224449,33,35,31,128.82,0.0835,0.1492,0.016243,4.143
124361,520,407,927,242,61,16,33.62,0.9848,0.5722,0.222555,24,32,23,141.96,0.2577,0.1292,0.012891,4.334
124362,520,448,968,214,23,187,335.66,0.9561,0.5410,0.184990,33,5,20,350.01,0.6783,0.0788,0.004824,4.286
124371,520,427,947,208,8,236,321.52,0.9944,0.5602,0.196415,35,16,20,6.82,0.3887,0.1011,0.007785,4.264
124392,520,386,906,200,67,247,315.50,0.9535,0.5897,0.230104,3,35,67,251.99,0.8725,0.1505,0.016266,4.227
124401,520,346,866,246,99,2,43.66,0.9979,0.6262,0.285241,2,46,80,247.84,0.9269,0.1917,0.025459,4.443
124410,520,346,866,238,64,214,334.33,0.9279,0.6258,0.267016,78,18,27,16.30,0.7537,0.1861,0.021317,4.445
124425,520,473,993,196,35,197,327.91,0.9139,0.5211,0.169707,0,2,23,263.31,1.0006,0.0325,0.001053,4.304
124442,520,411,931,254,14,30,27.36,0.9964,0.5701,0.214825,51,11,27,359.30,0.6750,0.1229,0.010224,4.397
124446,520,335,855,253,99,3,42.67,0.9976,0.6387,0.298163,15,53,56,202.51,0.6696,0.2024,0.029332,4.389
124463,520,366,886,227,18,251,322.83,0.9930,0.6059,0.237308,62,5,81,315.15,0.8950,0.1727,0.017269,4.271
124473,520,479,999,212,37,115,0.55,0.8808,0.5095,0.165604,0,1,1,194.77,1.0000,0.0143,0.000239,4.292
124485,520,479,999,208,59,66,22.79,0.8522,0.5080,0.169335,1,0,5,292.48,1.0000,0.0142,0.000174,4.371
124493,520,443,963,234,26,99,9.51,0.9610,0.5431,0.191351,2,21,17,178.43,0.8267,0.0795,0.005897,4.318
124496,520,462,982,233,24,0,30.36,1.0000,0.5272,0.179801,1,10,19,240.35,0.7570,0.0512,0.002705,4.360
124503,520,480,1000,144,74,233,299.30,0.8652,0.5096,0.167103,0,0,0,0.00,0.0000,0.0000,0.000000,4.342
124512,520,429,949,237,41,50,25.53,0.9602,0.5482,0.198239,6,23,46,256.22,0.6937,0.1033,0.008487,4.244
124514,520,478,998,205,68,34,34.75,0.9043,0.5088,0.172311,8,0,1,11.38,1.0000,0.0234,0.000538,4.399
124527,520,470,990,190,85,89,19.93,0.6346,0.5160,0.181671,4,5,10,272.60,0.2849,0.0380,0.001563,4.493
124554,520,407,927,202,49,244,317.43,0.9503,0.5748,0.212863,39,5,74,299.20,0.9071,0.1296,0.010343,4.356
124583,520,456,976,201,51,180,334.49,0.8411,0.5308,0.180823,11,11,5,108.03,0.3054,0.0569,0.003215,4.338
124589,520,461,981,191,15,227,318.99,0.9835,0.5262,0.169655,12,4,30,294.28,0.7431,0.0544,0.002587,4.177
124594,520,339,859,253,58,205,340.31,0.9868,0.6420,0.283198,70,29,66,331.20,0.5812,0.2046,0.025743,4.399
124605,520,368,888,213,68,241,320.60,0.9342,0.6061,0.246330,54,14,87,304.11,0.8282,0.1740,0.017865,4.366
124626,520,412,932,248,18,82,16.17,0.9867,0.5653,0.210018,3,2,94,265.82,0.9970,0.1196,0.008708,4.429
124631,520,329,849,245,56,243,328.60,0.9695,0.6489,0.287146,81,31,13,39.43,0.7681,0.2096,0.027586,4.345
124646,520,249,769,240,131,213,337.16,0.8607,0.7153,0.395641,9,77,58,168.37,0.9400,0.2804,0.056711,4.176
124648,520,399,919,252,0,134,0.08,1.0000,0.5841,0.224203,62,9,5,29.72,0.9036,0.1372,0.012306,4.401
124653,520,443,963,234,29,69,19.30,0.9672,0.5378,0.188040,17,18,19,247.97,0.0366,0.0832,0.005988,4.252
124655,520,451,971,235,26,51,23.80,0.9782,0.5358,0.186432,19,14,10,60.53,0.1968,0.0729,0.004744,4.319
124659,520,341,861,239,58,234,329.32,0.9567,0.6347,0.273199,75,31,11,43.06,0.7569,0.1980,0.025002,4.309
124670,520,268,788,235,145,88,51.79,0.7613,0.6965,0.386198,19,66,92,237.33,0.7234,0.2645,0.048074,4.448
124674,520,441,961,233,3,103,7.10,0.9958,0.5355,0.183711,18,10,50,285.79,0.7629,0.0876,0.005760,4.191
124676,520,402,922,244,60,20,33.01,0.9812,0.5754,0.225187,45,24,6,59.16,0.6827,0.1305,0.012244,4.421
124679,520,273,793,248,137,61,51.63,0.9225,0.6968,0.381875,37,68,36,143.38,0.6520,0.2559,0.046548,4.473
124703,520,317,837,233,94,230,328.53,0.9016,0.6592,0.310444,83,35,25,33.23,0.6316,0.2227,0.031115,4.444
124717,520,450,970,202,18,218,324.16,0.9779,0.5388,0.180529,25,7,26,325.42,0.5837,0.0730,0.004332,4.243
124762,520,374,894,238,21,214,334.13,0.9859,0.6007,0.235713,49,22,69,308.03,0.6621,0.1619,0.016565,4.292
124803,520,466,986,140,78,241,295.86,0.8971,0.5175,0.173752,4,6,23,272.64,0.6310,0.0470,0.002179,4.288
124811,520,469,989,224,12,90,10.44,0.9812,0.5150,0.168512,6,4,14,294.01,0.4696,0.0392,0.001573,4.237
124814,520,443,963,229,48,87,15.09,0.9071,0.5435,0.194629,24,13,17,355.87,0.2768,0.0788,0.005225,4.430
124820,520,391,911,202,56,253,315.21,0.9887,0.5873,0.224782,25,12,94,277.80,0.9393,0.1451,0.012777,4.377
124834,520,353,873,231,46,247,324.40,0.9723,0.6218,0.256606,1,48,56,212.36,0.9683,0.1816,0.024058,4.140
124866,520,242,762,237,135,245,324.48,0.9357,0.7336,0.419269,43,71,71,195.81,0.3347,0.2809,0.054748,4.480
124870,520,456,976,203,76,91,16.54,0.7253,0.5256,0.186227,24,5,5,22.42,0.6071,0.0595,0.003137,4.446
124895,520,465,985,179,48,216,317.36,0.8932,0.5161,0.166566,23,0,20,333.21,1.0000,0.0529,0.002327,4.139
124917,520,422,942,215,66,154,348.35,0.7930,0.5568,0.206788,10,25,51,260.61,0.6446,0.1143,0.009988,4.281
124920,520,433,953,245,26,14,29.51,0.9899,0.5541,0.201865,43,8,26,352.13,0.6761,0.1035,0.007619,4.371
124926,520,455,975,177,21,251,309.57,0.9843,0.5265,0.168494,13,11,22,291.87,0.3293,0.0649,0.003828,4.059
124940,520,292,812,222,124,207,332.97,0.7320,0.6757,0.344516,37,59,75,240.95,0.3649,0.2429,0.040291,4.369
124964,520,444,964,204,41,201,329.00,0.9105,0.5415,0.186421,5,3,61,270.15,0.9821,0.0775,0.004343,4.351
124981,520,404,924,221,57,187,337.87,0.8736,0.5751,0.218886,31,1,90,285.35,0.9911,0.1337,0.010512,4.444
124987,520,367,887,229,84,166,348.86,0.7908,0.6076,0.257543,43,40,19,101.24,0.4567,0.1712,0.020782,4.345
125009,520,399,919,208,33,253,317.46,0.9910,0.5817,0.215911,12,11,96,269.71,0.9742,0.1376,0.011619,4.315
125015,520,408,928,249,5,101,10.15,0.9960,0.5688,0.211915,16,34,21,151.79,0.5233,0.1286,0.013083,4.152
125029,520,465,985,170,41,243,308.53,0.9489,0.5194,0.166038,0,12,13,200.05,1.0000,0.0524,0.002920,4.082
125030,520,407,927,237,68,36,32.73,0.9488,0.5707,0.222693,11,31,50,249.27,0.5915,0.1303,0.012814,4.341
125031,520,305,825,234,102,219,332.14,0.8785,0.6652,0.321119,22,57,82,242.66,0.6233,0.2325,0.037059,4.263
125055,520,280,800,233,139,108,38.98,0.7103,0.6854,0.368738,36,68,5,133.77,0.9740,0.2508,0.045202,4.398
125069,520,329,849,246,57,247,327.89,0.9754,0.6539,0.292372,35,55,17,132.42,0.7718,0.2088,0.031301,4.211
125083,520,112,632,224,217,192,94.08,0.3195,0.8652,0.692791,1,113,21,144.13,0.9994,0.3943,0.118703,4.403
125088,520,452,972,176,68,216,315.37,0.8319,0.5319,0.183232,13,17,6,124.37,0.4465,0.0733,0.004996,4.241
125114,520,423,943,244,18,94,12.09,0.9831,0.5596,0.204773,3,29,36,218.44,0.7988,0.1122,0.010254,4.228
125120,520,429,949,240,28,82,15.92,0.9693,0.5524,0.199683,26,19,33,306.84,0.3264,0.1013,0.007952,4.308
125132,520,470,990,211,68,36,33.95,0.9096,0.5205,0.181128,6,3,22,288.20,0.7184,0.0410,0.001618,4.478
125148,520,370,890,201,86,238,316.95,0.8931,0.6065,0.252475,57,22,65,319.82,0.6441,0.1710,0.018254,4.432
125151,520,455,975,235,11,49,23.41,0.9926,0.5305,0.181265,13,9,18,304.52,0.3042,0.0589,0.003246,4.343
125210,520,427,947,232,13,166,346.19,0.9821,0.5605,0.201997,35,11,32,332.34,0.5755,0.0975,0.007010,4.420
125213,520,392,912,252,41,96,13.92,0.9786,0.5869,0.231295,1,8,112,264.58,0.9924,0.1519,0.013498,4.430
125220,520,446,966,209,13,211,327.81,0.9843,0.5446,0.185483,11,11,45,277.12,0.7497,0.0790,0.004999,4.282
125221,520,252,772,223,141,231,323.75,0.7962,0.7188,0.405087,3,78,18,145.12,0.9955,0.2737,0.055116,4.329
125224,520,384,904,225,95,59,36.27,0.8399,0.5869,0.245103,19,38,35,183.04,0.3874,0.1478,0.016460,4.440
125230,520,412,932,207,40,230,322.29,0.9522,0.5663,0.204979,8,9,88,268.63,0.9775,0.1226,0.009515,4.284
125234,520,451,971,178,64,234,311.85,0.8916,0.5441,0.190732,17,12,23,304.78,0.3232,0.0712,0.004440,4.422
125235,520,448,968,240,21,4,29.85,0.9968,0.5411,0.190737,30,9,23,341.72,0.5307,0.0822,0.005333,4.351
125236,520,331,851,249,89,153,359.14,0.9146,0.6430,0.295875,8,46,93,256.39,0.8600,0.2043,0.027958,4.437
125247,520,452,972,213,74,46,33.26,0.8761,0.5331,0.192433,19,6,40,296.59,0.7546,0.0732,0.004219,4.471
125266,520,475,995,173,72,196,319.74,0.7623,0.5183,0.175055,2,3,5,258.70,0.2475,0.0279,0.000890,4.422
125267,520,453,973,170,34,255,306.34,1.0000,0.5259,0.169109,20,0,51,293.53,1.0000,0.0738,0.003877,4.067
125273,520,417,937,250,29,42,26.34,0.9837,0.5678,0.213736,20,29,18,139.95,0.3426,0.1155,0.010711,4.344
125275,520,238,758,249,142,168,5.07,0.8328,0.7297,0.423154,53,72,43,135.31,0.4503,0.2823,0.055659,4.478
125277,520,434,954,203,58,203,327.99,0.8631,0.5548,0.200362,39,7,33,335.95,0.6931,0.0985,0.006932,4.398
125278,520,466,986,195,47,186,330.80,0.8549,0.5206,0.171820,24,3,2,28.96,0.7963,0.0543,0.002637,4.214
125282,520,399,919,252,32,68,21.12,0.9846,0.5766,0.221495,14,11,100,270.28,0.9751,0.1441,0.012527,4.342
125287,520,278,798,251,131,69,45.94,0.9490,0.6913,0.371745,34,68,2,134.25,0.9905,0.2493,0.044786,4.449
125288,520,401,921,223,33,211,331.32,0.9600,0.5767,0.214812,36,32,8,99.96,0.6479,0.1384,0.014256,4.121
125324,520,454,974,226,23,124,359.17,0.9519,0.5335,0.182396,12,17,8,131.57,0.3566,0.0730,0.004966,4.228
125326,520,477,997,117,87,248,285.37,0.9412,0.5133,0.173753,5,0,5,328.36,1.0000,0.0213,0.000432,4.437
125328,520,416,936,239,31,145,354.88,0.9513,0.5711,0.213781,31,21,42,305.11,0.4215,0.1167,0.009948,4.400
125337,520,355,875,238,26,245,326.70,0.9895,0.6227,0.255111,27,49,24,141.44,0.6267,0.1847,0.024955,4.071
125358,520,415,935,213,51,210,328.91,0.9094,0.5701,0.211689,9,27,52,257.12,0.6610,0.1198,0.010898,4.297
125359,520,444,964,238,14,33,26.63,0.9925,0.5360,0.186043,37,6,2,34.09,0.8646,0.0822,0.005280,4.270
125363,520,443,963,199,89,86,23.83,0.6646,0.5372,0.199606,24,15,13,32.83,0.2303,0.0817,0.005649,4.485
125378,520,448,968,212,24,195,332.86,0.9575,0.5428,0.185926,3,18,37,253.25,0.7396,0.0824,0.005855,4.224
125395,520,404,924,246,46,86,16.91,0.9458,0.5759,0.222221,55,5,42,340.90,0.7947,0.1304,0.010881,4.471
125418,520,467,987,204,35,164,340.35,0.8841,0.5151,0.167218,9,3,13,313.88,0.5377,0.0391,0.001523,4.216
125423,520,306,826,195,128,243,309.55,0.8387,0.6673,0.335123,44,55,71,257.68,0.2515,0.2348,0.037227,4.415
125427,520,440,960,204,61,187,333.19,0.8252,0.5495,0.197645,17,16,38,283.38,0.4961,0.0884,0.006297,4.399
125433,520,414,934,242,32,126,1.91,0.9534,0.5704,0.214199,56,2,23,3.43,0.8918,0.1199,0.009462,4.443
125434,520,233,753,250,126,255,325.92,1.0000,0.7424,0.424680,14,83,25,145.19,0.9781,0.2943,0.063498,4.182
125436,520,423,943,222,64,136,357.03,0.8120,0.5599,0.209765,17,23,38,266.99,0.3631,0.1050,0.008719,4.424
125444,520,476,996,175,63,190,322.77,0.7839,0.5060,0.163878,5,0,5,328.36,1.0000,0.0213,0.000432,4.241
125456,520,362,882,190,118,173,335.97,0.5043,0.6053,0.269223,57,32,55,329.74,0.4217,0.1835,0.021788,4.447
125479,520,346,866,233,68,224,330.34,0.9260,0.6270,0.268421,26,45,69,254.89,0.4740,0.1914,0.025260,4.231
125484,520,477,997,211,20,135,351.85,0.9393,0.5067,0.161008,0,2,10,257.10,0.9999,0.0242,0.000653,4.166
125486,520,443,963,234,23,91,12.02,0.9693,0.5398,0.188637,25,6,42,304.67,0.7593,0.0820,0.005041,4.336
125489,520,390,910,245,15,164,349.64,0.9859,0.5853,0.224377,32,20,87,283.21,0.8225,0.1547,0.014955,4.224
125492,520,47,567,254,241,116,103.38,0.9864,0.9352,0.852434,9,127,18,143.16,0.9957,0.4422,0.152798,4.450
125496,520,466,986,206,73,29,37.29,0.9153,0.5170,0.179778,12,3,31,294.61,0.7975,0.0530,0.002422,4.383
125517,520,458,978,207,78,25,39.63,0.9246,0.5257,0.187866,5,13,9,164.43,0.3839,0.0578,0.003398,4.455
125534,520,324,844,255,91,124,11.94,1.0000,0.6469,0.302008,69,35,64,332.69,0.4817,0.2129,0.028376,4.491
125543,520,305,825,236,114,187,345.39,0.7940,0.6705,0.334577,59,50,63,315.45,0.1867,0.2328,0.035699,4.488
125544,520,417,937,207,21,248,318.47,0.9874,0.5713,0.205807,21,29,37,248.70,0.2375,0.1237,0.011717,4.145
125546,520,469,989,197,19,197,328.30,0.9609,0.5152,0.163690,12,4,11,330.74,0.4360,0.0439,0.001892,4.118
125564,520,423,943,188,48,251,311.95,0.9782,0.5582,0.197714,42,18,8,42.89,0.6025,0.1132,0.009425,4.169
125565,520,7,527,255,252,229,100.86,1.0000,0.9852,0.965382,11,135,66,151.14,0.9897,0.4746,0.177917,4.455
125618,520,371,891,204,82,240,317.61,0.9105,0.6072,0.251646,68,15,53,341.23,0.7186,0.1729,0.018278,4.418
125620,520,473,993,229,20,73,17.03,0.9761,0.5242,0.176423,2,0,28,274.02,1.0000,0.0332,0.000967,4.443
125627,520,420,940,250,2,43,24.94,0.9991,0.5601,0.205455,46,13,20,9.79,0.6034,0.1141,0.009193,4.316
125628,520,426,946,222,60,144,353.44,0.8270,0.5590,0.207774,19,28,2,125.50,0.8999,0.1083,0.009733,4.315
125629,520,392,912,201,72,245,316.02,0.9410,0.5949,0.236462,19,35,50,247.92,0.4270,0.1463,0.015707,4.360
125631,520,272,792,241,125,205,340.35,0.8550,0.7033,0.377781,61,64,15,112.79,0.7804,0.2610,0.046934,4.413
125634,520,419,939,176,85,219,313.30,0.7892,0.5566,0.208424,21,28,1,122.02,0.9422,0.1099,0.009921,4.313
125639,520,463,983,201,56,175,336.22,0.8170,0.5325,0.183428,0,1,48,264.18,0.9951,0.0542,0.002351,4.459
125649,520,412,932,207,58,222,323.93,0.9050,0.5740,0.215672,4,36,2,141.67,0.9861,0.1250,0.012919,4.222
125651,520,327,847,249,62,229,332.98,0.9731,0.6515,0.292451,68,40,45,8.19,0.3350,0.2132,0.029361,4.315
125664,520,303,823,221,114,226,325.66,0.8278,0.6677,0.328995,55,48,76,295.03,0.3414,0.2301,0.034479,4.486
125667,520,362,882,240,65,176,346.47,0.8891,0.6104,0.254433,63,32,18,44.35,0.5658,0.1798,0.021336,4.268
125672,520,398,918,217,21,233,324.42,0.9848,0.5765,0.211733,25,32,47,264.92,0.3072,0.1407,0.014449,4.061
125675,520,447,967,232,47,43,27.70,0.9502,0.5415,0.193663,0,7,63,263.99,1.0038,0.0832,0.005108,4.422
125679,520,440,960,184,62,231,314.60,0.8912,0.5485,0.194062,11,24,1,131.91,0.9607,0.0902,0.007266,4.262
125727,520,388,908,210,62,239,320.43,0.9289,0.5943,0.233806,70,7,17,18.62,0.8806,0.1545,0.014947,4.370
125742,520,441,961,216,0,185,336.66,1.0000,0.5376,0.181040,18,21,0,116.22,1.0000,0.0869,0.006649,4.078
125754,520,284,804,253,86,246,329.62,0.9924,0.6904,0.341949,68,47,80,312.58,0.4049,0.2460,0.038412,4.433
125770,520,405,925,197,76,224,319.80,0.8541,0.5785,0.224224,29,28,40,288.30,0.2303,0.1300,0.012449,4.391
125799,520,463,983,222,41,96,10.06,0.9028,0.5264,0.179627,8,10,6,127.92,0.2090,0.0524,0.002819,4.347
125809,520,436,956,171,83,221,311.10,0.7991,0.5482,0.200657,31,8,42,312.96,0.7089,0.0933,0.006322,4.450
125830,520,281,801,215,133,216,326.52,0.6969,0.6866,0.361814,2,58,110,252.76,0.9631,0.2501,0.041646,4.494
125844,520,420,940,244,4,110,6.53,0.9960,0.5607,0.204491,25,23,41,288.20,0.3600,0.1141,0.009796,4.256
125852,520,408,928,254,20,19,28.76,0.9966,0.5712,0.216220,41,26,26,19.01,0.2550,0.1338,0.012848,4.236
125856,520,361,881,238,104,5,46.50,0.9928,0.6200,0.280916,15,48,38,170.34,0.6753,0.1786,0.023553,4.499
125866,520,455,975,230,4,98,8.35,0.9942,0.5280,0.177947,12,8,27,290.85,0.5414,0.0608,0.003310,4.276
125870,520,343,863,236,105,94,27.11,0.8288,0.6271,0.287469,31,45,63,255.04,0.3501,0.1912,0.025269,4.484
125877,520,436,956,215,57,152,348.44,0.8213,0.5467,0.196426,22,14,40,295.28,0.5577,0.0906,0.006379,4.371
125897,520,352,872,244,67,170,349.52,0.9064,0.6167,0.261527,29,50,27,142.25,0.5617,0.1901,0.026215,4.087
125918,520,436,956,210,54,175,338.74,0.8417,0.5465,0.194372,5,5,70,268.69,0.9802,0.0919,0.005830,4.377
125928,520,295,815,198,132,246,309.44,0.8645,0.6799,0.351629,8,66,61,185.98,0.8954,0.2448,0.042848,4.326
125932,520,443,963,242,1,22,27.65,0.9995,0.5410,0.189603,13,2,62,278.32,0.9762,0.0828,0.004768,4.375
125944,520,374,894,248,50,150,355.99,0.9402,0.6017,0.244430,22,40,43,209.09,0.3381,0.1594,0.018625,4.290
125953,520,430,950,232,23,135,356.53,0.9592,0.5498,0.195208,17,18,52,277.65,0.6550,0.1033,0.007997,4.228
125965,520,319,839,239,115,95,30.84,0.8360,0.6485,0.314412,3,63,37,158.03,0.9808,0.2250,0.037078,4.185
125971,520,418,938,193,53,238,316.10,0.9292,0.5593,0.200580,36,26,13,72.95,0.4158,0.1234,0.011429,4.079
125978,520,459,979,222,49,87,14.42,0.8873,0.5303,0.184170,15,8,21,308.24,0.4231,0.0603,0.003294,4.394
125980,520,430,950,184,83,193,324.31,0.7245,0.5482,0.202283,12,7,67,274.59,0.9450,0.0958,0.006353,4.477
125990,520,437,957,219,11,186,337.15,0.9831,0.5461,0.188470,20,1,62,286.46,0.9802,0.0876,0.005182,4.321
125991,520,419,939,227,48,155,349.69,0.8838,0.5627,0.208140,6,26,48,252.58,0.7003,0.1126,0.009909,4.309
125999,520,384,904,249,61,28,32.15,0.9743,0.5867,0.235646,15,42,5,138.33,0.9562,0.1509,0.017684,4.220
126000,520,402,922,211,50,229,323.43,0.9363,0.5789,0.217891,56,7,20,10.22,0.7894,0.1253,0.010434,4.433
126017,520,414,934,245,20,114,5.86,0.9787,0.5678,0.211311,10,28,41,242.12,0.5351,0.1157,0.010551,4.316
126040,520,473,993,226,37,5,31.34,0.9943,0.5195,0.175058,6,1,16,301.22,0.8035,0.0319,0.000978,4.415
126047,520,409,929,189,79,225,316.75,0.8394,0.5711,0.218482,35,13,68,296.23,0.7883,0.1280,0.010625,4.429
126061,520,425,945,227,62,106,9.83,0.8449,0.5572,0.208195,41,2,56,314.19,0.9099,0.1114,0.008004,4.451
126068,520,453,973,193,94,3,52.03,0.9839,0.5262,0.193512,17,13,21,307.30,0.2430,0.0724,0.004612,4.459
126075,520,452,972,231,36,23,29.57,0.9747,0.5301,0.183156,4,17,13,173.27,0.5661,0.0685,0.004558,4.274
126076,520,411,931,238,66,45,30.61,0.9348,0.5713,0.222662,1,26,65,258.09,0.9618,0.1240,0.011268,4.450
126081,520,478,998,151,84,208,306.33,0.7364,0.5136,0.174745,1,0,10,281.20,1.0000,0.0178,0.000284,4.470
126083,520,409,929,221,71,158,348.75,0.7969,0.5748,0.223496,46,15,49,324.05,0.6445,0.1314,0.011443,4.451
126089,520,387,907,253,15,140,358.65,0.9882,0.5913,0.231214,40,13,87,292.10,0.8617,0.1538,0.014271,4.375
126111,520,341,861,245,43,224,333.26,0.9715,0.6288,0.265250,22,46,74,253.56,0.5696,0.1952,0.026189,4.138
126112,520,334,854,244,77,194,342.12,0.9169,0.6379,0.284388,31,53,15,134.18,0.8230,0.1989,0.028719,4.248
126124,520,435,955,155,91,232,301.45,0.8188,0.5479,0.202773,3,24,2,141.86,0.9710,0.0853,0.006770,4.453
126125,520,396,916,214,28,245,320.84,0.9817,0.5830,0.217211,50,19,33,353.57,0.5187,0.1360,0.012538,4.273
126141,520,360,880,244,57,199,339.94,0.9345,0.6222,0.262858,67,26,45,353.24,0.5476,0.1833,0.021217,4.393
126143,520,445,965,233,21,108,5.99,0.9676,0.5417,0.189457,22,12,36,300.95,0.5537,0.0841,0.005609,4.306
126147,520,453,973,228,16,118,1.42,0.9715,0.5330,0.181754,15,13,19,300.23,0.1845,0.0696,0.004364,4.263
126191,520,358,878,216,78,232,323.41,0.8968,0.6152,0.258757,36,8,120,279.75,0.9730,0.1848,0.019047,4.472
126192,520,352,872,229,113,4,52.16,0.9917,0.6200,0.284796,52,43,6,94.96,0.8234,0.1889,0.024710,4.481
126201,520,465,985,221,16,113,1.88,0.9658,0.5169,0.169377,10,5,21,297.61,0.5620,0.0490,0.002272,4.197
126204,520,358,878,246,85,111,14.70,0.9029,0.6199,0.272407,29,42,55,248.95,0.3034,0.1765,0.021929,4.482
126250,520,419,939,215,76,136,357.12,0.7471,0.5612,0.213958,17,17,66,275.85,0.8146,0.1143,0.009134,4.464
126257,520,423,943,204,27,238,319.82,0.9764,0.5607,0.197959,25,20,46,290.32,0.4984,0.1104,0.009042,4.200
126265,520,387,907,247,66,52,29.05,0.9622,0.5896,0.239220,22,30,71,271.56,0.6547,0.1506,0.015540,4.413
126286,520,403,923,233,14,194,338.25,0.9865,0.5777,0.215355,59,11,5,31.35,0.8801,0.1333,0.011803,4.294
126288,520,246,766,235,145,210,337.88,0.7727,0.7318,0.425680,19,78,19,143.03,0.9679,0.2777,0.056340,4.473
126300,520,470,990,211,13,162,342.47,0.9671,0.5177,0.167476,6,1,23,291.59,0.8815,0.0365,0.001223,4.246
126305,520,461,981,217,64,8,36.33,0.9855,0.5257,0.184386,0,9,17,234.63,1.0000,0.0470,0.002358,4.477
126309,520,332,852,233,60,252,323.54,0.9880,0.6383,0.275859,12,51,60,216.30,0.7191,0.1970,0.027719,4.193
126321,520,397,917,221,38,223,327.71,0.9592,0.5838,0.220883,49,25,16,41.14,0.4889,0.1409,0.013857,4.242
126330,520,384,904,253,14,143,357.69,0.9891,0.5922,0.231835,55,24,6,48.52,0.7439,0.1472,0.014788,4.350
126333,520,319,839,248,77,196,342.45,0.9444,0.6457,0.292527,82,28,53,354.29,0.6163,0.2175,0.028817,4.346
126335,520,39,559,237,244,235,138.71,0.3346,0.9527,0.887039,10,130,21,143.33,0.9953,0.4524,0.160832,4.444
126345,520,451,971,234,33,79,16.62,0.9555,0.5418,0.191478,31,5,5,23.80,0.7248,0.0706,0.004109,4.463
126352,520,464,984,222,21,124,358.28,0.9520,0.5247,0.175238,4,4,34,274.08,0.8851,0.0505,0.002281,4.308
126356,520,399,919,199,64,238,317.43,0.9168,0.5785,0.219834,14,36,41,214.37,0.4891,0.1414,0.015152,4.142
126373,520,406,926,250,54,49,27.70,0.9775,0.5843,0.231877,28,27,52,284.00,0.4346,0.1338,0.012787,4.489
126392,520,474,994,207,37,161,342.21,0.8796,0.5204,0.171638,14,0,9,339.67,1.0000,0.0349,0.001131,4.335
126428,520,466,986,219,59,2,35.49,0.9966,0.5239,0.181950,4,12,2,137.32,0.8129,0.0524,0.002931,4.382
126444,520,396,916,247,55,84,18.74,0.9489,0.5844,0.231501,7,38,35,186.09,0.7388,0.1416,0.015527,4.296
126447,520,434,954,194,55,217,321.50,0.8880,0.5469,0.192129,32,19,13,45.66,0.3426,0.1011,0.008019,4.173
126454,520,436,956,182,57,241,311.92,0.9276,0.5486,0.192232,17,9,53,283.64,0.8121,0.0879,0.005716,4.348
126457,520,459,979,219,31,142,351.60,0.9158,0.5306,0.179955,20,5,15,340.61,0.5251,0.0572,0.002918,4.346
126458,520,456,976,204,83,7,44.07,0.9759,0.5270,0.190413,2,11,35,261.55,0.8395,0.0642,0.003736,4.474
126471,520,404,924,217,66,190,336.01,0.8431,0.5784,0.223680,15,22,74,270.92,0.8424,0.1309,0.011697,4.436
126478,520,451,971,138,90,243,293.12,0.8876,0.5355,0.191866,23,8,11,7.39,0.4149,0.0659,0.003800,4.496
126491,520,449,969,171,75,229,309.86,0.8502,0.5432,0.193480,18,13,10,52.68,0.1756,0.0696,0.004384,4.477
126493,520,406,926,221,5,237,324.57,0.9972,0.5826,0.215973,45,4,67,309.64,0.8917,0.1304,0.010500,4.396
126511,520,370,890,248,6,202,339.42,0.9967,0.6087,0.243542,53,0,100,299.13,1.0000,0.1734,0.016770,4.396
126518,520,400,920,222,93,25,43.20,0.9382,0.5755,0.234310,28,33,23,129.43,0.2397,0.1358,0.013964,4.445
126536,520,428,948,207,12,231,322.39,0.9905,0.5555,0.192997,50,1,4,23.78,0.9756,0.1007,0.007087,4.257
126541,520,352,872,209,119,130,12.74,0.5449,0.6178,0.283624,18,52,15,142.03,0.9201,0.1876,0.026190,4.379
126543,520,86,606,253,218,191,59.70,0.8356,0.8961,0.747883,32,117,20,141.46,0.9819,0.4136,0.130797,4.413
126555,520,338,858,254,14,234,332.82,0.9961,0.6401,0.273286,12,22,134,266.87,0.9770,0.2033,0.023730,4.385
126578,520,273,793,248,108,226,334.03,0.9574,0.6983,0.361752,1,73,46,160.42,0.9948,0.2614,0.049686,4.131
126592,520,465,985,151,82,222,303.27,0.7987,0.5211,0.178882,0,13,9,175.68,1.0000,0.0535,0.003076,4.312
126613,520,475,995,203,42,165,339.90,0.8572,0.5186,0.170710,6,4,0,94.54,1.0000,0.0335,0.001256,4.306
126616,520,443,963,184,55,229,315.42,0.9034,0.5401,0.185810,18,17,4,105.27,0.5687,0.0774,0.005383,4.258
126632,520,358,878,222,90,201,334.31,0.8099,0.6209,0.270611,61,31,40,1.36,0.4078,0.1806,0.021254,4.500
126634,520,440,960,228,50,102,9.77,0.8864,0.5469,0.197373,35,8,25,344.54,0.6141,0.0893,0.006012,4.416
126650,520,431,951,193,35,239,316.42,0.9620,0.5476,0.187729,26,22,24,346.06,0.0894,0.1043,0.008594,4.057
126687,520,407,927,215,60,192,334.73,0.8594,0.5703,0.214867,4,18,86,265.58,0.9571,0.1312,0.011302,4.321
126697,520,463,983,218,6,154,346.70,0.9861,0.5256,0.173713,1,2,42,266.60,0.9831,0.0508,0.002170,4.288
126702,520,468,988,199,23,195,329.39,0.9500,0.5189,0.166968,3,3,28,274.26,0.8789,0.0423,0.001683,4.198
126715,520,464,984,231,19,9,29.44,0.9918,0.5212,0.174775,5,9,19,263.45,0.4113,0.0525,0.002746,4.261
126716,520,395,915,222,13,240,324.09,0.9934,0.5881,0.221109,51,26,1,62.65,0.9244,0.1439,0.014449,4.207
126717,520,352,872,243,61,183,344.69,0.9144,0.6155,0.258141,47,27,95,291.22,0.7470,0.1909,0.022144,4.271
126718,520,352,872,233,31,245,325.49,0.9848,0.6161,0.248986,62,29,70,319.51,0.5809,0.1943,0.023452,4.071
126721,520,351,871,230,92,179,344.76,0.7940,0.6255,0.277344,3,50,63,221.87,0.9125,0.1926,0.026593,4.274
126733,520,364,884,231,87,150,356.35,0.7829,0.6084,0.260099,9,49,1,140.17,0.9955,0.1717,0.022568,4.273
126735,520,381,901,234,78,145,357.75,0.8179,0.6005,0.249883,71,14,19,20.51,0.7989,0.1646,0.017009,4.475
126758,520,387,907,219,16,253,320.47,0.9934,0.5936,0.225245,5,4,111,266.10,0.9956,0.1481,0.012667,4.392
126767,520,419,939,213,42,198,332.30,0.9156,0.5560,0.198814,22,26,19,131.89,0.1959,0.1090,0.009564,4.177
126771,520,409,929,249,12,83,15.75,0.9919,0.5660,0.210308,12,13,86,270.50,0.9561,0.1273,0.010378,4.311
126773,520,410,930,251,22,22,28.58,0.9906,0.5656,0.211447,41,26,7,70.56,0.6382,0.1293,0.012256,4.200
126812,520,466,986,153,87,202,308.36,0.7025,0.5168,0.178535,5,6,27,275.70,0.6866,0.0505,0.002416,4.360
126822,520,455,975,213,16,184,336.25,0.9700,0.5350,0.179796,6,5,42,275.00,0.8961,0.0614,0.003144,4.324
126831,520,38,558,255,241,170,98.35,1.0000,0.9453,0.870737,17,127,53,148.25,0.9845,0.4470,0.155543,4.480
126846,520,425,945,238,6,135,357.29,0.9921,0.5573,0.200598,16,22,53,272.07,0.6156,0.1123,0.009410,4.218
126847,520,440,960,226,46,133,357.29,0.8816,0.5501,0.198189,21,10,50,290.08,0.7490,0.0906,0.006068,4.427
126876,520,477,997,200,62,119,359.17,0.7554,0.5108,0.170585,0,1,15,263.52,1.0011,0.0235,0.000562,4.363
126886,520,410,930,217,94,45,40.57,0.8575,0.5698,0.229489,44,24,20,31.96,0.3749,0.1318,0.012393,4.479
126892,520,230,750,247,151,148,22.01,0.8140,0.7377,0.440479,18,81,9,141.48,0.9859,0.2869,0.060329,4.446
126898,520,465,985,131,89,239,291.28,0.8671,0.5229,0.182020,3,6,29,269.52,0.7968,0.0501,0.002383,4.429
126906,520,462,982,146,82,240,297.73,0.8824,0.5296,0.184370,14,9,2,84.23,0.5853,0.0545,0.002931,4.428
126914,520,401,921,220,94,91,23.99,0.7419,0.5821,0.239787,19,33,50,253.94,0.4286,0.1407,0.014564,4.488
126917,520,397,917,238,23,177,344.34,0.9729,0.5805,0.219672,59,11,35,353.96,0.7199,0.1417,0.012906,4.287
126927,520,464,984,220,38,105,6.04,0.9014,0.5229,0.176244,15,5,8,357.77,0.3822,0.0485,0.002276,4.328
126928,520,415,935,236,67,34,32.88,0.9517,0.5676,0.219658,32,25,28,350.48,0.1365,0.1203,0.010862,4.431
126931,520,312,832,251,97,160,357.97,0.9324,0.6592,0.315998,23,54,82,248.18,0.6021,0.2242,0.034295,4.342
126934,520,449,969,229,0,145,352.05,1.0000,0.5420,0.187052,17,13,15,346.35,0.1170,0.0700,0.004415,4.356
126957,520,384,904,246,35,153,353.82,0.9547,0.5899,0.230981,64,9,31,1.58,0.7723,0.1479,0.013845,4.401
126971,520,437,957,234,19,135,356.80,0.9699,0.5524,0.197104,2,21,33,237.22,0.7875,0.0870,0.006590,4.367
127008,520,468,988,222,42,19,30.88,0.9754,0.5152,0.172353,3,2,30,274.82,0.9297,0.0414,0.001565,4.312
127010,520,431,951,206,32,212,326.65,0.9491,0.5471,0.189102,12,25,27,208.10,0.3358,0.1012,0.008525,4.085
127015,520,428,948,250,17,8,29.36,0.9949,0.5613,0.207461,16,17,53,277.08,0.6923,0.1013,0.007681,4.464
127023,520,424,944,234,58,79,19.79,0.9031,0.5604,0.210861,17,24,49,270.04,0.5220,0.1148,0.009942,4.352
127031,520,408,928,230,8,187,339.48,0.9908,0.5668,0.205872,47,14,48,326.47,0.6581,0.1309,0.011319,4.173
127033,520,389,909,233,47,190,339.76,0.9268,0.5904,0.230771,31,25,71,284.65,0.6586,0.1472,0.014415,4.359
127074,520,471,991,227,32,28,28.47,0.9732,0.5196,0.174507,6,4,11,299.41,0.3786,0.0379,0.001497,4.360
127078,520,396,916,205,52,235,320.27,0.9354,0.5750,0.214349,5,40,18,151.98,0.9408,0.1419,0.015935,4.009
127079,520,471,991,173,76,197,319.19,0.7492,0.5244,0.180853,12,3,4,10.85,0.4583,0.0387,0.001521,4.481
127088,520,449,969,182,70,212,318.39,0.8203,0.5404,0.190800,37,1,0,30.89,1.0000,0.0727,0.004151,4.447
127093,520,328,848,225,119,145,5.55,0.6515,0.6463,0.312477,39,54,37,141.70,0.3483,0.2133,0.032032,4.419
127106,520,475,995,226,28,36,26.75,0.9755,0.5160,0.171296,2,4,0,126.59,1.0000,0.0288,0.000997,4.339
127112,520,199,719,221,182,144,65.86,0.4605,0.7690,0.508428,7,91,6,142.53,0.9940,0.3188,0.075402,4.453
127123,520,464,984,214,65,34,33.37,0.9237,0.5224,0.181947,3,9,24,261.02,0.6260,0.0535,0.002807,4.392
127125,520,376,896,214,67,238,321.64,0.9249,0.6046,0.244853,45,35,9,87.92,0.6707,0.1582,0.017797,4.349
127142,520,395,915,214,103,87,29.91,0.6952,0.5859,0.246869,4,41,4,142.85,0.9822,0.1424,0.016204,4.484
127147,520,399,919,217,60,201,332.55,0.8788,0.5790,0.222026,62,3,45,343.16,0.8489,0.1438,0.012789,4.332
127151,520,432,952,230,41,114,4.68,0.9109,0.5477,0.196267,14,24,18,157.78,0.3068,0.0963,0.007903,4.253
127159,520,454,974,176,63,226,313.15,0.8718,0.5338,0.182771,16,15,11,95.53,0.1389,0.0724,0.004760,4.251
127185,520,427,947,208,59,192,332.75,0.8481,0.5573,0.203455,37,11,36,328.97,0.6125,0.1028,0.007601,4.400
127200,520,410,930,242,10,145,354.89,0.9889,0.5701,0.211419,32,21,59,293.55,0.6114,0.1300,0.011592,4.244
127205,520,371,891,238,26,220,332.62,0.9829,0.6061,0.240860,75,11,17,21.50,0.8626,0.1695,0.017759,4.293
127207,520,427,947,231,37,144,353.83,0.9219,0.5582,0.203285,7,23,42,253.78,0.6225,0.1010,0.008251,4.348
127208,520,401,921,191,82,222,318.05,0.8245,0.5758,0.223861,60,11,17,18.24,0.7748,0.1376,0.012406,4.388
127214,520,370,890,239,34,218,333.37,0.9744,0.6100,0.245595,75,13,23,16.90,0.8084,0.1729,0.018458,4.318
127215,520,410,930,250,6,90,13.64,0.9958,0.5684,0.211961,34,11,69,295.23,0.8192,0.1251,0.010091,4.359
127228,520,374,894,252,30,158,353.24,0.9761,0.6013,0.240961,47,29,55,314.91,0.4367,0.1628,0.017589,4.305
127233,520,394,914,236,51,168,347.49,0.9057,0.5876,0.230305,7,37,31,177.32,0.7491,0.1368,0.014672,4.334
127234,520,353,873,244,45,207,337.49,0.9588,0.6182,0.256178,71,15,46,350.70,0.7221,0.1752,0.018787,4.451
127268,520,463,983,232,12,57,21.38,0.9903,0.5253,0.177173,22,3,13,347.97,0.6569,0.0548,0.002648,4.315
127279,520,375,895,248,39,152,354.72,0.9501,0.5955,0.236779,45,35,14,84.27,0.5350,0.1590,0.017917,4.222
127281,520,441,961,204,80,99,13.97,0.7020,0.5352,0.194776,3,25,4,144.29,0.9594,0.0888,0.007234,4.277
127289,520,453,973,213,61,109,6.16,0.8003,0.5305,0.185901,13,15,14,164.52,0.0621,0.0705,0.004589,4.321
127300,520,387,907,177,106,212,313.51,0.6906,0.5869,0.244094,35,32,45,295.17,0.2282,0.1494,0.015798,4.470
127305,520,330,850,212,122,160,353.93,0.5631,0.6379,0.304559,78,35,26,33.14,0.5823,0.2138,0.028966,4.490
127306,520,411,931,211,34,233,322.74,0.9667,0.5718,0.208780,45,15,21,9.67,0.5483,0.1159,0.009538,4.346
127319,520,381,901,237,54,181,343.66,0.9109,0.5980,0.239819,55,19,59,323.56,0.6530,0.1589,0.015938,4.395
127323,520,99,619,240,213,227,345.16,0.4958,0.8828,0.716605,44,112,10,138.41,0.9884,0.4010,0.121453,4.471
127345,520,470,990,195,0,219,322.14,1.0000,0.5231,0.167182,14,3,1,41.31,0.6958,0.0399,0.001607,4.208
127365,520,362,882,144,122,255,287.66,1.0000,0.6088,0.270681,16,50,34,160.33,0.7242,0.1843,0.025068,4.272
127378,520,397,917,225,25,212,331.56,0.9747,0.5775,0.214587,37,22,65,296.25,0.6396,0.1427,0.013488,4.168
127389,520,348,868,221,94,203,333.40,0.7998,0.6258,0.276914,52,37,50,330.96,0.2602,0.1852,0.022835,4.488
127390,520,380,900,214,46,250,319.41,0.9779,0.5963,0.231541,69,12,10,27.18,0.8705,0.1564,0.015503,4.298
127393,520,454,974,189,78,155,341.21,0.6764,0.5279,0.186356,30,8,2,42.25,0.7616,0.0738,0.004541,4.334
127395,520,468,988,197,23,197,328.28,0.9505,0.5167,0.165160,9,5,9,326.38,0.2619,0.0427,0.001863,4.149
127418,520,434,954,219,41,166,343.72,0.8943,0.5480,0.194015,48,3,5,23.90,0.9219,0.0997,0.007046,4.278
127425,520,365,885,243,27,205,337.64,0.9797,0.6065,0.242493,50,14,88,300.20,0.8374,0.1692,0.016968,4.368
127428,520,365,885,233,4,245,325.63,0.9985,0.6089,0.240055,70,18,25,16.36,0.7119,0.1692,0.018051,4.262
127431,520,99,619,197,234,162,130.35,0.6464,0.8755,0.733239,34,114,26,141.82,0.9713,0.4048,0.124488,4.489
127434,520,379,899,251,59,110,11.16,0.9636,0.6016,0.247665,33,27,81,282.85,0.7036,0.1624,0.017012,4.442
127441,520,351,871,231,113,45,46.80,0.8860,0.6253,0.289912,22,46,69,249.07,0.5346,0.1918,0.025541,4.500
127455,520,369,889,219,99,165,348.42,0.6970,0.6117,0.267024,12,48,14,144.19,0.9398,0.1711,0.022237,4.389
127469,520,318,838,233,97,223,330.58,0.8868,0.6591,0.312030,74,41,44,14.33,0.3802,0.2245,0.032237,4.402
127475,520,385,905,230,0,231,328.13,1.0000,0.5931,0.225950,16,39,41,202.90,0.4726,0.1517,0.017212,4.106
127494,520,477,997,202,45,144,347.36,0.8280,0.5082,0.164490,0,2,3,218.80,1.0000,0.0204,0.000500,4.247
127496,520,476,996,208,60,63,24.11,0.8554,0.5086,0.170028,7,0,3,348.27,1.0000,0.0231,0.000518,4.355
127497,520,351,871,242,63,218,334.21,0.9397,0.6341,0.274970,68,26,54,342.16,0.5733,0.1894,0.022342,4.492
127553,520,475,995,201,9,199,328.88,0.9841,0.5210,0.167382,3,2,20,280.02,0.8129,0.0339,0.001133,4.251
127577,520,440,960,199,64,199,327.90,0.8302,0.5516,0.199341,35,7,23,347.94,0.6365,0.0868,0.005712,4.476
127588,520,359,879,235,10,252,324.54,0.9970,0.6184,0.249100,39,42,36,128.93,0.1122,0.1771,0.022146,4.146
127591,520,404,924,247,3,142,356.70,0.9971,0.5776,0.217957,13,8,93,270.78,0.9781,0.1307,0.010495,4.429
127595,520,437,957,241,1,76,16.61,0.9992,0.5454,0.192477,32,14,9,36.45,0.4707,0.0896,0.006409,4.299
127598,520,365,885,239,47,213,334.72,0.9545,0.6141,0.251906,48,18,87,298.03,0.7987,0.1705,0.017491,4.473
127617,520,474,994,221,49,5,33.22,0.9930,0.5183,0.175825,4,3,8,294.82,0.3663,0.0316,0.001085,4.421
127632,520,404,924,203,61,231,320.41,0.9102,0.5767,0.218051,1,21,78,262.94,0.9812,0.1260,0.010928,4.399
127633,520,476,996,202,74,18,39.83,0.9451,0.5103,0.174999,5,0,7,320.34,1.0000,0.0225,0.000476,4.458
127637,520,296,816,249,123,119,23.51,0.8990,0.6830,0.356405,2,69,13,144.72,0.9963,0.2413,0.042980,4.371
127644,520,428,948,235,31,125,0.93,0.9449,0.5556,0.201258,33,9,51,306.84,0.7504,0.1046,0.007577,4.364
127654,520,419,939,209,71,175,339.01,0.7839,0.5623,0.211589,17,25,42,264.38,0.4050,0.1126,0.009816,4.373
127655,520,445,965,239,30,10,30.12,0.9918,0.5430,0.193045,31,8,27,334.57,0.5948,0.0839,0.005441,4.384
127671,520,392,912,235,82,92,20.40,0.8516,0.5918,0.244724,57,24,16,34.77,0.5893,0.1524,0.015607,4.492
127692,520,469,989,188,46,208,322.33,0.8903,0.5229,0.172008,9,2,15,311.30,0.6726,0.0374,0.001360,4.323
127705,520,394,914,237,35,189,340.79,0.9562,0.5900,0.228836,20,27,69,272.09,0.6889,0.1403,0.013622,4.383
127714,520,434,954,204,21,230,321.76,0.9800,0.5522,0.190886,16,26,7,131.64,0.6518,0.1009,0.008643,4.108
127753,520,417,937,246,14,123,2.87,0.9862,0.5709,0.213404,42,20,12,40.57,0.5059,0.1180,0.010192,4.376
127754,520,480,1000,190,8,213,322.19,0.9879,0.5116,0.159264,0,0,0,0.00,0.0000,0.0000,0.000000,4.185
127762,520,408,928,224,58,172,343.59,0.8594,0.5735,0.218544,12,37,6,139.73,0.9372,0.1328,0.014144,4.187
127765,520,350,870,225,78,237,324.67,0.9238,0.6324,0.275728,23,40,83,265.39,0.6614,0.1864,0.023242,4.447
127784,520,439,959,228,2,170,343.95,0.9969,0.5525,0.194424,8,16,50,268.82,0.7761,0.0912,0.006525,4.324
127798,520,22,542,237,249,250,202.93,0.5058,0.9691,0.926576,9,133,1,142.20,0.9995,0.4614,0.168346,4.473
127805,520,453,973,200,86,18,44.97,0.9309,0.5250,0.189806,6,9,40,272.18,0.8011,0.0674,0.003873,4.451
127815,520,480,1000,142,76,238,297.38,0.8845,0.5143,0.170929,0,0,0,0.00,0.0000,0.0000,0.000000,4.419
127820,520,453,973,179,11,255,309.49,1.0000,0.5303,0.170440,33,1,3,21.55,0.9402,0.0659,0.003517,4.119
127828,520,375,895,253,40,148,357.02,0.9820,0.6042,0.245419,15,42,41,192.10,0.5477,0.1605,0.019175,4.271
127833,520,386,906,240,55,144,356.86,0.8956,0.5881,0.232743,16,42,15,142.97,0.8501,0.1530,0.018005,4.158
127834,520,431,951,231,9,142,353.61,0.9854,0.5466,0.191402,17,21,29,264.05,0.2201,0.0950,0.007442,4.203
127861,520,395,915,234,44,195,338.49,0.9390,0.5930,0.232366,45,27,29,12.09,0.2894,0.1429,0.014305,4.391
127879,520,305,825,226,119,211,332.66,0.7837,0.6749,0.340674,10,64,34,153.69,0.9462,0.2295,0.038467,4.416
127883,520,339,859,244,77,191,343.09,0.9138,0.6365,0.283053,4,57,14,145.67,0.9877,0.1997,0.029836,4.172
127888,520,470,990,219,57,10,34.45,0.9845,0.5220,0.180109,5,0,36,279.25,1.0000,0.0439,0.001596,4.460
127919,520,371,891,229,64,213,332.32,0.9113,0.6100,0.251313,58,14,74,315.27,0.7790,0.1686,0.017081,4.492
127930,520,353,873,227,49,251,322.46,0.9840,0.6200,0.254947,39,32,83,285.43,0.6362,0.1806,0.020889,4.302
127946,520,366,886,240,34,218,333.60,0.9750,0.6117,0.247341,58,21,62,323.66,0.6444,0.1690,0.017838,4.383
127947,520,342,862,207,90,252,315.22,0.9760,0.6298,0.276074,25,49,52,205.94,0.4008,0.1930,0.026511,4.262
127974,520,388,908,221,101,16,47.70,0.9599,0.5863,0.247193,33,38,6,117.66,0.7838,0.1522,0.017227,4.421
127981,520,470,990,102,94,255,278.73,1.0000,0.5188,0.180496,14,1,5,356.34,0.7340,0.0361,0.001260,4.497
127991,520,363,883,243,24,212,335.79,0.9846,0.6095,0.244644,0,5,127,264.15,0.9966,0.1712,0.016407,4.437
127994,520,479,999,197,78,22,41.47,0.9178,0.5072,0.173790,0,1,0,142.50,1.0000,0.0135,0.000217,4.456
127999,520,399,919,217,12,246,321.53,0.9942,0.5839,0.216705,20,27,74,272.04,0.7367,0.1449,0.014269,4.150
128009,520,247,767,238,126,247,324.50,0.9531,0.7215,0.398162,17,75,56,166.68,0.8650,0.2751,0.054366,4.294
128012,520,407,927,237,64,61,26.42,0.9164,0.5692,0.220113,23,15,75,280.20,0.8530,0.1252,0.010318,4.478
128021,520,468,988,198,20,195,329.13,0.9574,0.5160,0.164480,4,2,27,279.62,0.8837,0.0400,0.001484,4.166
128028,520,472,992,229,24,13,29.48,0.9875,0.5190,0.173434,11,1,4,356.22,0.6924,0.0319,0.001016,4.380
128029,520,467,987,214,34,125,356.89,0.8939,0.5154,0.169233,3,2,34,273.34,0.9506,0.0449,0.001783,4.234
128047,520,437,957,244,14,53,23.12,0.9920,0.5509,0.198077,7,9,66,270.15,0.9498,0.0945,0.006339,4.403
128068,520,37,557,251,243,200,98.60,0.8201,0.9530,0.887811,34,129,10,140.81,0.9934,0.4532,0.160619,4.453
128075,520,407,927,204,80,192,331.65,0.7725,0.5744,0.223822,14,33,37,212.82,0.4366,0.1304,0.013146,4.336
128079,520,397,917,247,18,146,355.71,0.9820,0.5824,0.222855,50,18,37,345.80,0.5494,0.1361,0.012444,4.370
128088,520,450,970,219,32,151,348.49,0.9151,0.5352,0.183299,26,0,36,315.66,1.0000,0.0679,0.003470,4.363
128093,520,472,992,225,14,104,5.76,0.9754,0.5217,0.173239,0,5,9,228.56,1.0000,0.0332,0.001283,4.353
128102,520,387,907,187,114,159,342.92,0.4781,0.5875,0.251038,25,41,4,129.95,0.9197,0.1540,0.018013,4.426
128122,520,337,857,239,45,251,325.44,0.9865,0.6372,0.271951,23,14,132,270.94,0.9811,0.1965,0.021620,4.495
128130,520,442,962,190,2,249,313.91,0.9987,0.5401,0.178314,5,12,45,268.03,0.8380,0.0766,0.004846,4.163
128135,520,347,867,233,62,237,327.06,0.9490,0.6299,0.268857,38,46,39,148.69,0.1627,0.1888,0.025125,4.244
128144,520,398,918,112,122,247,276.36,0.9020,0.5753,0.240785,13,39,4,138.40,0.9612,0.1397,0.015453,4.443
128146,520,373,893,235,73,145,357.30,0.8333,0.5966,0.244744,28,35,63,271.72,0.4579,0.1615,0.018078,4.330
128150,520,261,781,201,147,240,310.02,0.7804,0.7083,0.395769,56,66,46,129.63,0.2944,0.2677,0.049344,4.487
128160,520,463,983,171,44,249,307.46,0.9688,0.5284,0.172996,11,0,34,293.33,1.0000,0.0478,0.001866,4.299
128164,520,432,952,164,74,248,303.41,0.9440,0.5478,0.195679,33,3,55,305.77,0.8902,0.0995,0.006643,4.337
128174,520,369,889,243,77,120,9.20,0.8820,0.6073,0.257216,4,34,94,261.78,0.9484,0.1734,0.019779,4.403
128185,520,458,978,192,33,221,320.44,0.9474,0.5306,0.175161,3,12,20,241.33,0.5479,0.0579,0.003328,4.222
128187,520,434,954,229,42,130,358.70,0.9018,0.5519,0.199285,16,11,67,277.09,0.8918,0.1045,0.007547,4.332
128204,520,355,875,254,39,179,347.54,0.9921,0.6187,0.257800,2,31,106,263.11,0.9802,0.1793,0.020333,4.376
128213,520,447,967,218,26,161,344.73,0.9370,0.5353,0.182199,12,15,34,274.89,0.4882,0.0795,0.005353,4.195
128235,520,392,912,225,65,188,338.80,0.8626,0.5901,0.234214,61,17,5,36.60,0.8462,0.1458,0.014041,4.438
128241,520,352,872,249,51,177,347.50,0.9534,0.6158,0.256850,69,11,77,322.45,0.8091,0.1870,0.020405,4.358
128244,520,442,962,238,12,88,13.00,0.9880,0.5440,0.191479,15,19,10,127.66,0.3136,0.0812,0.005892,4.320
128258,520,404,924,236,26,188,340.72,0.9702,0.5836,0.222053,32,14,75,289.31,0.8204,0.1328,0.011291,4.439
128264,520,453,973,198,88,34,43.45,0.8533,0.5259,0.191026,11,12,27,279.37,0.4261,0.0679,0.004132,4.453
128271,520,408,928,202,34,246,317.37,0.9719,0.5670,0.203560,39,21,49,312.40,0.5163,0.1315,0.011894,4.097
128281,520,207,727,240,158,221,335.53,0.8356,0.7671,0.482012,8,83,89,203.64,0.9182,0.3128,0.069591,4.449
128293,520,297,817,229,117,212,333.25,0.8102,0.6765,0.341361,46,63,21,128.09,0.7211,0.2439,0.041899,4.259
128315,520,182,702,246,168,208,347.53,0.8093,0.7886,0.521540,17,94,40,148.40,0.9701,0.3349,0.082774,4.305
128316,520,344,864,252,3,232,332.85,0.9991,0.6334,0.265899,36,20,113,279.87,0.9105,0.1884,0.020676,4.470
128326,520,373,893,232,48,213,333.03,0.9448,0.6025,0.240763,17,33,82,266.46,0.7781,0.1645,0.018160,4.266
128334,520,470,990,192,35,205,324.55,0.9218,0.5198,0.168178,2,7,18,256.42,0.6068,0.0447,0.002085,4.189
128345,520,432,952,169,76,245,305.53,0.9233,0.5545,0.201971,34,0,56,307.17,1.0000,0.0975,0.006256,4.479
128354,520,359,879,167,121,237,300.17,0.7789,0.6181,0.280049,21,49,14,139.75,0.8893,0.1790,0.023877,4.468
128359,520,421,941,201,46,230,320.51,0.9368,0.5604,0.200863,40,3,54,314.54,0.8720,0.1094,0.007826,4.338
128364,520,337,857,254,51,201,341.50,0.9932,0.6367,0.276588,29,50,52,203.47,0.3295,0.1988,0.027903,4.192
128365,520,21,541,238,249,240,151.11,0.4971,0.9667,0.922195,50,131,0,138.25,1.0000,0.4649,0.169101,4.437
128382,520,455,975,174,64,228,311.94,0.8729,0.5335,0.182678,6,13,22,253.30,0.3980,0.0636,0.003845,4.321
128383,520,418,938,184,67,242,311.76,0.9228,0.5623,0.206165,31,29,7,104.18,0.6367,0.1241,0.011854,4.141
128439,520,442,962,216,62,116,3.87,0.8025,0.5395,0.193075,2,20,31,235.88,0.7763,0.0831,0.006121,4.331
128450,520,441,961,183,46,242,312.50,0.9426,0.5416,0.184332,33,12,24,346.27,0.4824,0.0922,0.006523,4.146
128455,520,410,930,172,87,242,306.14,0.8888,0.5709,0.219985,32,30,5,104.92,0.7342,0.1277,0.012466,4.322
128458,520,352,872,242,59,196,340.40,0.9247,0.6186,0.259936,49,46,12,104.27,0.7029,0.1943,0.026335,4.060
128459,520,392,912,233,3,216,332.46,0.9980,0.5890,0.223493,27,27,68,279.41,0.6231,0.1451,0.014342,4.251
128461,520,365,885,255,60,117,9.40,1.0000,0.6120,0.257797,72,19,24,18.73,0.7188,0.1744,0.019096,4.455
128472,520,412,932,235,35,147,353.55,0.9356,0.5661,0.209738,28,29,24,116.34,0.1144,0.1248,0.011916,4.195
128506,520,468,988,183,85,132,352.15,0.5919,0.5185,0.182316,2,7,6,183.03,0.4445,0.0397,0.001780,4.487
128507,520,476,996,163,89,165,326.23,0.5774,0.5107,0.176487,1,1,15,273.08,0.9139,0.0250,0.000626,4.474
128513,520,424,944,248,20,60,22.04,0.9879,0.5621,0.207866,7,8,78,269.03,0.9730,0.1077,0.007688,4.470
128514,520,454,974,230,45,4,32.34,0.9955,0.5335,0.187115,31,7,0,46.01,1.0000,0.0730,0.004433,4.356
128519,520,479,999,149,68,237,300.97,0.8936,0.5114,0.166386,0,0,5,264.05,1.0000,0.0116,0.000110,4.318
128524,520,470,990,182,72,182,327.68,0.7398,0.5232,0.179585,6,1,29,285.74,0.9285,0.0411,0.001491,4.459
128529,520,459,979,160,86,207,310.13,0.7289,0.5279,0.186348,20,6,11,356.70,0.4449,0.0578,0.003032,4.457
128534,520,386,906,255,39,84,17.62,1.0000,0.5893,0.233549,68,1,42,349.97,0.9376,0.1527,0.014180,4.418
128536,520,463,983,206,24,190,332.71,0.9486,0.5287,0.174948,0,6,30,260.45,1.0000,0.0481,0.002240,4.306
128537,520,443,963,227,17,135,355.31,0.9674,0.5377,0.184839,16,20,8,123.62,0.4200,0.0842,0.006280,4.173
128566,520,433,953,184,92,163,336.61,0.6052,0.5456,0.204902,42,8,6,27.72,0.7707,0.0956,0.006791,4.488
128583,520,403,923,248,49,67,22.84,0.9637,0.5787,0.225619,40,22,44,320.15,0.4490,0.1318,0.012068,4.441
128591,520,407,927,233,30,164,347.36,0.9494,0.5673,0.209354,52,14,23,8.81,0.6356,0.1276,0.011061,4.247
128595,520,425,945,224,48,164,345.88,0.8822,0.5613,0.206441,52,8,0,36.61,1.0000,0.1141,0.009039,4.344
128599,520,455,975,175,49,236,311.26,0.9249,0.5269,0.173676,6,6,41,274.53,0.8695,0.0625,0.003290,4.197
128602,520,351,871,239,54,237,328.61,0.9633,0.6336,0.271061,78,23,24,22.73,0.7156,0.1924,0.022987,4.399
128604,520,445,965,230,47,54,25.14,0.9407,0.5387,0.191253,5,20,29,235.88,0.5714,0.0840,0.006213,4.292
128617,520,423,943,188,51,250,312.04,0.9724,0.5597,0.199623,40,11,38,330.32,0.6368,0.1088,0.008305,4.281
128621,520,477,997,179,16,225,316.00,0.9794,0.5050,0.153917,0,0,18,264.05,1.0000,0.0220,0.000437,4.043
128625,520,446,966,191,24,238,316.32,0.9768,0.5383,0.179040,13,18,16,169.10,0.1466,0.0787,0.005556,4.123
128672,520,429,949,245,15,32,26.97,0.9930,0.5512,0.198619,26,8,59,292.53,0.8269,0.1015,0.007090,4.355
128674,520,347,867,252,90,90,23.97,0.9707,0.6325,0.287494,17,51,39,167.19,0.6735,0.1897,0.026332,4.421
128677,520,269,789,247,103,240,329.57,0.9652,0.6976,0.357685,11,75,11,142.81,0.9845,0.2643,0.051273,4.026
128680,520,383,903,206,93,198,330.27,0.7457,0.5987,0.250294,6,40,41,197.87,0.7764,0.1503,0.017163,4.471
128682,520,470,990,206,43,154,344.60,0.8499,0.5191,0.171847,17,0,14,334.20,1.0000,0.0411,0.001509,4.307
128683,520,453,973,140,101,207,298.44,0.6652,0.5296,0.193879,13,16,19,248.29,0.1219,0.0748,0.005032,4.432
128697,520,418,938,164,86,249,302.00,0.9385,0.5648,0.213881,51,4,31,350.37,0.7987,0.1155,0.008897,4.480
128700,520,450,970,184,20,251,311.60,0.9859,0.5369,0.176568,1,4,58,265.49,0.9834,0.0727,0.003987,4.197
128709,520,359,879,235,4,252,324.56,0.9988,0.6174,0.247798,30,41,69,266.76,0.4484,0.1832,0.022915,4.084
128711,520,460,980,191,47,204,324.31,0.8826,0.5259,0.174705,29,3,8,9.72,0.7419,0.0642,0.003439,4.205
128745,520,382,902,238,85,70,28.91,0.8990,0.5972,0.251193,37,40,15,114.91,0.5586,0.1637,0.019454,4.337
128759,520,410,930,206,58,223,323.38,0.9056,0.5731,0.214773,16,1,100,271.97,0.9975,0.1342,0.010519,4.375
128766,520,376,896,245,61,131,3.05,0.9111,0.5981,0.243919,36,39,29,121.23,0.1992,0.1631,0.019148,4.251
128769,520,344,864,251,28,226,334.08,0.9877,0.6337,0.268339,70,26,49,350.10,0.5729,0.1905,0.022628,4.383
128772,520,396,916,195,98,188,330.06,0.6686,0.5845,0.239697,21,38,4,131.99,0.9207,0.1414,0.015544,4.420
128784,520,281,801,218,134,202,334.12,0.6550,0.6857,0.362214,12,70,41,156.16,0.9361,0.2523,0.046184,4.286
128789,520,433,953,233,42,93,12.76,0.9261,0.5485,0.197729,32,16,28,336.53,0.3871,0.1000,0.007615,4.300
128795,520,437,957,183,54,247,311.06,0.9559,0.5523,0.194220,5,25,8,147.36,0.8790,0.0910,0.007450,4.251
128807,520,424,944,145,104,233,295.02,0.7915,0.5595,0.218036,17,28,6,130.99,0.7343,0.1075,0.009628,4.495
128821,520,400,920,216,91,111,12.96,0.6971,0.5756,0.232310,12,37,38,198.87,0.5550,0.1420,0.015412,4.316
128830,520,435,955,240,27,57,22.73,0.9781,0.5476,0.196079,16,1,64,281.05,0.9864,0.0861,0.005020,4.473
128863,520,186,706,242,160,250,323.69,0.9606,0.7864,0.509226,62,83,52,135.93,0.4294,0.3256,0.074585,4.489
128884,520,418,938,236,44,123,2.72,0.9141,0.5646,0.210673,18,31,20,148.56,0.4020,0.1204,0.011591,4.232
128888,520,447,967,228,8,149,350.64,0.9860,0.5435,0.188404,1,22,21,190.90,0.9061,0.0832,0.006344,4.231
128898,520,461,981,230,11,106,5.81,0.9834,0.5319,0.181059,19,1,14,338.25,0.7846,0.0464,0.001919,4.450
128902,520,395,915,194,77,243,314.07,0.9223,0.5888,0.232493,36,34,4,105.70,0.8164,0.1434,0.015279,4.327
128918,520,363,883,223,90,179,342.65,0.7662,0.6114,0.262572,44,39,11,99.24,0.6543,0.1682,0.020107,4.458
128932,520,335,855,246,46,235,330.79,0.9745,0.6391,0.275478,75,4,89,319.77,0.9173,0.2021,0.023042,4.456
128938,520,393,913,252,7,149,355.51,0.9945,0.5911,0.230209,42,17,67,303.26,0.7219,0.1423,0.012984,4.449
128943,520,342,862,240,26,246,326.94,0.9901,0.6268,0.259205,34,24,115,277.57,0.9017,0.1947,0.022311,4.276
128974,520,448,968,197,59,199,327.36,0.8427,0.5432,0.191234,15,0,58,282.90,1.0000,0.0764,0.004070,4.461
128980,520,339,859,248,47,228,332.96,0.9716,0.6388,0.275939,14,46,89,257.04,0.7726,0.2029,0.027685,4.196
128985,520,407,927,210,54,211,327.78,0.8994,0.5681,0.210450,13,27,63,265.27,0.7113,0.1306,0.012283,4.182
128987,520,460,980,228,1,118,1.02,0.9982,0.5295,0.178266,12,7,30,290.07,0.6274,0.0607,0.003239,4.288
128994,520,379,899,253,8,173,348.52,0.9948,0.6036,0.240769,11,36,75,259.19,0.7720,0.1630,0.018408,4.251
128996,520,430,950,232,56,60,25.08,0.9223,0.5514,0.203134,14,28,0,130.65,1.0000,0.1041,0.009239,4.273
129002,520,400,920,181,92,230,311.66,0.8217,0.5814,0.231921,21,38,20,143.00,0.5443,0.1443,0.015961,4.274
129004,520,431,951,200,97,37,46.96,0.8334,0.5451,0.209642,22,25,14,120.68,0.3139,0.1048,0.008975,4.403
129006,520,471,991,153,93,188,311.71,0.6210,0.5178,0.182324,1,7,5,174.88,0.6953,0.0383,0.001694,4.494
129024,520,436,956,248,3,12,28.62,0.9989,0.5540,0.200518,15,13,55,278.27,0.7864,0.0947,0.006652,4.422
129029,520,430,950,226,62,64,24.88,0.8936,0.5461,0.199869,22,6,60,287.93,0.8793,0.0952,0.006271,4.440
129048,520,415,935,253,5,30,27.05,0.9981,0.5660,0.210887,24,28,30,229.21,0.0883,0.1204,0.011184,4.264
129055,520,471,991,225,41,27,29.67,0.9643,0.5211,0.176754,4,6,11,262.51,0.2820,0.0410,0.001802,4.377
129057,520,478,998,178,20,230,314.47,0.9757,0.5090,0.156796,0,2,1,165.38,1.0000,0.0192,0.000456,4.099
129065,520,374,894,244,64,129,3.97,0.9016,0.5983,0.244881,9,46,0,139.50,1.0000,0.1612,0.020120,4.205
129066,520,406,926,242,29,143,356.06,0.9594,0.5753,0.217424,10,13,91,269.01,0.9668,0.1326,0.011076,4.379
129068,520,354,874,226,44,251,322.30,0.9843,0.6152,0.249373,65,13,80,317.29,0.8030,0.1843,0.019910,4.282
129087,520,449,969,167,64,251,304.62,0.9713,0.5427,0.188479,32,4,12,4.85,0.7117,0.0724,0.004205,4.400
129092,520,421,941,233,49,109,7.80,0.8982,0.5580,0.206274,26,25,19,99.46,0.1555,0.1103,0.009619,4.299
129109,520,418,938,210,54,205,329.46,0.8891,0.5643,0.207497,38,9,66,301.92,0.8215,0.1250,0.010008,4.291
129113,520,476,996,193,56,162,338.46,0.7871,0.5112,0.167761,5,1,4,334.75,0.5642,0.0245,0.000627,4.301
129118,520,399,919,241,7,181,343.67,0.9937,0.5843,0.221920,21,26,74,273.52,0.7383,0.1434,0.013926,4.254
129136,520,480,1000,227,12,7,29.21,0.9935,0.5103,0.166122,0,0,0,0.00,0.0000,0.0000,0.000000,4.322
129161,520,368,888,242,19,221,333.29,0.9902,0.6117,0.245663,5,40,68,247.49,0.8181,0.1662,0.019671,4.244
129175,520,407,927,219,15,217,328.82,0.9865,0.5670,0.204137,58,7,33,354.40,0.7722,0.1342,0.011615,4.125
129176,520,346,866,254,50,179,347.91,0.9914,0.6253,0.266101,67,33,36,15.17,0.4385,0.1933,0.024085,4.267
129186,520,344,864,239,80,188,343.01,0.8777,0.6298,0.277216,7,52,51,192.70,0.8425,0.1941,0.027400,4.228
129188,520,473,993,167,60,231,309.17,0.8868,0.5215,0.172175,1,5,6,209.42,0.5531,0.0332,0.001281,4.332
129191,520,382,902,247,28,175,346.98,0.9724,0.5985,0.237031,30,17,99,279.38,0.9074,0.1620,0.015777,4.364
129192,520,456,976,147,98,200,304.24,0.6448,0.5273,0.191089,9,12,20,268.26,0.2764,0.0628,0.003715,4.488
129200,520,476,996,198,74,74,23.49,0.7473,0.5097,0.173997,2,0,5,306.92,1.0000,0.0163,0.000239,4.459
129203,520,406,926,205,77,197,330.29,0.7962,0.5751,0.223198,30,27,40,294.95,0.2516,0.1286,0.012131,4.397
129209,520,409,929,200,45,243,317.22,0.9533,0.5681,0.206287,58,5,34,352.53,0.8015,0.1323,0.011237,4.185
129213,520,229,749,206,157,251,307.38,0.9030,0.7394,0.442014,41,78,39,142.87,0.7190,0.2915,0.060665,4.446
129218,520,460,980,233,4,92,10.80,0.9950,0.5327,0.181863,23,2,27,321.64,0.7908,0.0612,0.003047,4.371
129225,520,415,935,243,25,134,359.07,0.9677,0.5722,0.214745,25,29,28,179.05,0.0770,0.1233,0.011692,4.291
129231,520,417,937,183,81,227,314.06,0.8369,0.5665,0.214992,5,34,10,146.90,0.9454,0.1202,0.011982,4.275
129241,520,363,883,199,105,208,323.98,0.7146,0.6125,0.268006,46,40,12,97.28,0.6428,0.1736,0.021250,4.463
129245,520,383,903,218,44,247,321.16,0.9679,0.5993,0.234241,20,42,0,133.13,1.0000,0.1531,0.018046,4.177
129255,520,429,949,229,65,15,35.18,0.9797,0.5506,0.204760,38,12,26,348.83,0.5434,0.1009,0.007497,4.431
129285,520,401,921,250,23,132,0.91,0.9773,0.5847,0.226063,15,38,2,135.88,0.9753,0.1371,0.014921,4.252
129289,520,364,884,253,28,176,347.94,0.9852,0.6104,0.248512,26,40,60,257.31,0.4037,0.1715,0.020634,4.226
129293,520,460,980,161,69,242,304.05,0.9150,0.5327,0.182446,28,1,18,344.41,0.8236,0.0620,0.003123,4.376
129307,520,265,785,254,99,249,329.02,0.9962,0.7083,0.368368,52,60,75,262.92,0.2033,0.2581,0.044697,4.418
129313,520,445,965,204,26,214,325.64,0.9622,0.5423,0.184330,8,16,42,267.72,0.6665,0.0846,0.005893,4.192
129336,520,478,998,180,86,116,1.64,0.5647,0.5092,0.176212,1,3,1,144.11,0.6096,0.0246,0.000738,4.458
129340,520,441,961,224,52,85,15.83,0.8861,0.5365,0.189619,32,10,27,336.69,0.5458,0.0887,0.006033,4.276
129344,520,474,994,199,68,124,357.56,0.7270,0.5181,0.177335,3,2,15,283.83,0.7084,0.0308,0.000973,4.460
129354,520,469,989,223,28,99,7.96,0.9411,0.5214,0.174221,12,5,0,74.33,1.0000,0.0424,0.001867,4.323
129374,520,455,975,226,16,118,1.04,0.9697,0.5289,0.178501,10,0,51,280.06,1.0000,0.0641,0.003035,4.308
129391,520,446,966,213,66,124,0.43,0.7772,0.5411,0.195001,18,16,20,307.92,0.1190,0.0797,0.005497,4.415
129398,520,389,909,251,2,153,354.02,0.9984,0.5898,0.228561,24,37,30,160.69,0.2860,0.1464,0.016110,4.214
129402,520,401,921,253,19,107,9.24,0.9860,0.5819,0.224136,28,16,85,281.55,0.8685,0.1424,0.012733,4.370
129418,520,480,1000,216,30,100,6.57,0.9224,0.5084,0.164501,0,0,0,0.00,0.0000,0.0000,0.000000,4.290
129432,520,323,843,255,87,151,0.73,1.0000,0.6503,0.303141,4,44,109,260.19,0.9564,0.2129,0.029311,4.453
129438,520,416,936,252,27,26,28.48,0.9895,0.5699,0.215576,15,22,63,271.25,0.7434,0.1202,0.010342,4.401
129442,520,351,871,248,88,120,12.04,0.9117,0.6296,0.282952,22,49,56,216.71,0.4775,0.1932,0.026526,4.351
129443,520,466,986,98,106,228,276.33,0.8083,0.5156,0.185056,15,7,12,340.99,0.2989,0.0544,0.002801,4.452
129466,520,221,741,228,153,239,322.23,0.8459,0.7511,0.455098,48,82,4,131.94,0.9831,0.3048,0.066716,4.328
129494,520,411,931,234,29,172,345.06,0.9561,0.5727,0.213526,30,14,60,294.41,0.7364,0.1159,0.009163,4.454
129522,520,453,973,234,15,41,25.18,0.9903,0.5284,0.179973,20,3,41,299.60,0.8483,0.0697,0.003740,4.279
129525,520,403,923,204,40,250,316.90,0.9771,0.5767,0.212586,58,0,34,351.06,1.0000,0.1262,0.010152,4.365
129560,520,478,998,201,26,169,337.76,0.9179,0.5074,0.160228,8,0,0,29.23,1.0000,0.0228,0.000516,4.162
129562,520,301,821,195,129,245,308.89,0.8548,0.6703,0.338959,39,60,1,128.45,0.9896,0.2264,0.036652,4.489
129566,520,322,842,205,125,190,334.02,0.5812,0.6463,0.313654,50,50,44,106.98,0.0911,0.2145,0.031412,4.467
129571,520,358,878,174,119,230,305.24,0.7428,0.6179,0.279060,26,49,18,138.24,0.7619,0.1828,0.024598,4.411
129574,520,438,958,226,41,143,353.31,0.8986,0.5506,0.197405,27,1,56,298.55,0.9645,0.0892,0.005403,4.466
129578,520,393,913,242,3,197,339.42,0.9979,0.5941,0.229766,48,26,7,59.01,0.6759,0.1399,0.013826,4.383
129586,520,373,893,253,66,44,30.55,0.9900,0.6006,0.249646,16,41,39,188.58,0.5100,0.1570,0.018425,4.379
129592,520,391,911,243,72,78,23.29,0.9232,0.5920,0.242427,39,31,47,307.08,0.2847,0.1526,0.016166,4.420
129609,520,418,938,222,15,195,335.36,0.9810,0.5581,0.198138,1,22,72,261.91,0.9770,0.1215,0.010481,4.103
129619,520,431,951,246,11,47,24.33,0.9945,0.5538,0.200410,36,9,32,333.67,0.6278,0.0960,0.006748,4.413
129648,520,418,938,223,79,9,39.83,0.9832,0.5561,0.213023,26,21,57,286.00,0.6070,0.1219,0.010513,4.347
129654,520,323,843,233,74,246,324.67,0.9633,0.6466,0.288773,54,49,7,102.34,0.8322,0.2084,0.029963,4.237
129660,520,452,972,191,74,157,340.70,0.7032,0.5266,0.184098,12,13,23,279.38,0.2962,0.0688,0.004279,4.313
129662,520,443,963,193,64,203,324.83,0.8300,0.5445,0.193175,24,13,27,318.87,0.3981,0.0831,0.005612,4.373
129666,520,463,983,209,53,145,349.31,0.8160,0.5288,0.181480,1,9,26,256.11,0.8244,0.0529,0.002764,4.387
129681,520,350,870,233,61,243,325.62,0.9569,0.6330,0.271345,51,41,29,71.64,0.2728,0.1862,0.023784,4.355
129689,520,374,894,250,17,168,349.49,0.9865,0.5974,0.235555,16,25,96,269.44,0.9134,0.1614,0.016498,4.294
129699,520,439,959,155,88,238,300.66,0.8578,0.5479,0.201214,9,20,29,244.28,0.4041,0.0866,0.006471,4.449
129703,520,470,990,149,71,240,300.08,0.9023,0.5179,0.171876,3,5,19,270.85,0.6132,0.0413,0.001749,4.288
129735,520,321,841,244,44,253,326.18,0.9936,0.6464,0.281290,86,7,68,340.02,0.8367,0.2103,0.025481,4.389
129742,520,401,921,154,100,251,296.19,0.9416,0.5762,0.229495,34,10,87,287.43,0.9037,0.1433,0.012453,4.475
129755,520,357,877,215,73,244,320.28,0.9446,0.6163,0.257456,69,25,10,38.73,0.7646,0.1755,0.019826,4.403
129764,520,419,939,229,41,148,352.21,0.9069,0.5585,0.203848,50,11,0,40.36,1.0000,0.1141,0.009176,4.290
129771,520,456,976,212,66,81,18.99,0.8128,0.5268,0.184899,1,4,51,265.71,0.9778,0.0646,0.003323,4.405
129773,520,453,973,126,96,238,288.29,0.8493,0.5290,0.189742,4,19,11,160.22,0.6772,0.0734,0.005157,4.347
129775,520,445,965,202,51,200,328.64,0.8766,0.5450,0.190961,32,4,20,347.98,0.7074,0.0753,0.004445,4.426
129789,520,369,889,237,101,14,44.99,0.9797,0.6138,0.273465,2,50,7,144.41,0.9933,0.1735,0.023094,4.425
129792,520,237,757,254,129,213,341.35,0.9885,0.7320,0.415781,47,70,89,244.18,0.3436,0.2896,0.057058,4.351
129794,520,479,999,158,62,227,306.83,0.8695,0.5076,0.162610,0,0,1,264.05,1.0000,0.0060,0.000022,4.250
129804,520,469,989,225,36,26,29.19,0.9676,0.5177,0.173468,9,1,30,292.09,0.9163,0.0449,0.001735,4.319
129822,520,477,997,191,76,119,359.74,0.6624,0.5130,0.175788,2,1,12,284.08,0.7969,0.0246,0.000612,4.461
129832,520,170,690,242,165,250,323.46,0.9579,0.7957,0.526912,64,86,79,173.36,0.2226,0.3447,0.083099,4.334
129836,520,372,892,242,64,173,347.87,0.8992,0.6117,0.255641,51,36,2,83.82,0.9154,0.1682,0.019700,4.385
129838,520,437,957,220,57,128,359.02,0.8286,0.5461,0.197029,44,0,15,4.80,1.0000,0.0891,0.005701,4.435
129842,520,462,982,218,33,148,349.33,0.9086,0.5325,0.181337,5,4,27,279.43,0.7656,0.0459,0.001982,4.450
129847,520,465,985,221,11,130,355.64,0.9757,0.5219,0.172258,16,0,35,301.21,1.0000,0.0539,0.002315,4.248
129848,520,452,972,208,74,95,14.59,0.7471,0.5329,0.191358,26,5,23,333.23,0.6398,0.0691,0.003900,4.478
129851,520,448,968,176,83,197,319.91,0.7243,0.5389,0.194488,24,12,20,339.99,0.3369,0.0779,0.005077,4.439
129879,520,424,944,210,23,228,323.79,0.9784,0.5616,0.199178,45,5,39,334.77,0.7711,0.1097,0.008130,4.287
129886,520,445,965,238,11,72,17.78,0.9909,0.5404,0.188876,9,20,12,152.19,0.4318,0.0799,0.005849,4.277
129893,520,381,901,249,25,162,351.27,0.9757,0.5953,0.234470,72,5,22,13.54,0.8922,0.1581,0.015444,4.347
129896,520,319,839,242,117,71,40.16,0.8767,0.6529,0.320576,60,48,43,43.84,0.1644,0.2207,0.032490,4.492
129899,520,400,920,249,28,123,3.89,0.9695,0.5817,0.224038,10,27,70,264.52,0.8192,0.1354,0.012905,4.356
129914,520,384,904,249,57,92,16.67,0.9562,0.5917,0.238422,60,18,8,34.81,0.7817,0.1459,0.014110,4.499
129927,520,451,971,212,37,187,335.23,0.9150,0.5443,0.189102,29,2,25,334.13,0.7864,0.0691,0.003749,4.449
129931,520,253,773,238,127,237,327.58,0.9046,0.7177,0.394723,44,73,8,131.59,0.9541,0.2730,0.053180,4.310
129935,520,428,948,237,32,112,5.88,0.9483,0.5559,0.202105,23,15,54,287.68,0.6912,0.1046,0.007901,4.354
129973,520,467,987,218,7,148,348.70,0.9833,0.5229,0.171980,15,0,21,317.64,1.0000,0.0423,0.001557,4.306
129976,520,333,853,246,62,215,335.98,0.9524,0.6384,0.279473,64,24,88,310.02,0.7305,0.2029,0.024479,4.424
129978,520,400,920,219,39,226,326.45,0.9586,0.5830,0.220042,39,23,61,300.78,0.5893,0.1440,0.013811,4.232
129981,520,433,953,241,40,15,30.71,0.9874,0.5532,0.202562,34,17,21,4.73,0.3473,0.1020,0.007952,4.358
130001,520,352,872,204,121,147,0.24,0.5058,0.6200,0.286202,60,40,10,73.77,0.7216,0.1926,0.025003,4.483
130004,520,387,907,202,69,235,318.84,0.9030,0.5859,0.228124,17,34,58,257.20,0.5447,0.1474,0.015687,4.234
130024,520,456,976,226,16,112,3.17,0.9706,0.5269,0.177120,28,1,17,346.27,0.8236,0.0616,0.003091,4.278
130025,520,218,738,245,158,156,21.14,0.7690,0.7507,0.462687,13,84,5,141.76,0.9933,0.2957,0.064369,4.483
130071,520,419,939,211,6,235,322.53,0.9959,0.5642,0.199792,34,10,51,307.82,0.7332,0.1074,0.007962,4.310
130093,520,397,917,201,70,229,320.00,0.8853,0.5812,0.224565,20,11,92,274.87,0.9541,0.1374,0.011607,4.457
130095,520,385,905,247,51,132,2.06,0.9327,0.5940,0.238111,21,32,71,268.87,0.6434,0.1548,0.016473,4.334
130096,520,430,950,239,40,42,27.11,0.9663,0.5508,0.200388,22,25,12,119.19,0.3804,0.1044,0.008924,4.249
130104,520,462,982,207,47,157,343.95,0.8399,0.5256,0.177348,3,12,6,156.70,0.5955,0.0527,0.002954,4.293
130115,520,431,951,205,88,90,21.55,0.6873,0.5468,0.206988,7,21,44,259.47,0.6576,0.0973,0.007633,4.459
130117,520,232,752,235,155,184,356.37,0.6467,0.7406,0.445674,52,75,54,146.83,0.3718,0.2936,0.060284,4.495
130141,520,443,963,224,11,158,346.86,0.9797,0.5405,0.185579,13,5,56,279.45,0.9205,0.0810,0.004796,4.299
130148,520,393,913,227,41,206,333.66,0.9452,0.5850,0.223755,61,2,39,348.36,0.8787,0.1374,0.011822,4.428
130154,520,414,934,225,8,208,332.60,0.9926,0.5702,0.207377,9,33,21,159.20,0.6978,0.1215,0.011999,4.151
130155,520,430,950,242,19,38,26.17,0.9895,0.5465,0.194864,33,17,12,38.11,0.3958,0.0979,0.007508,4.258
130156,520,380,900,218,75,207,331.07,0.8537,0.5995,0.244446,10,43,48,209.19,0.6861,0.1648,0.020056,4.203
130160,520,427,947,239,13,142,355.32,0.9838,0.5635,0.205947,10,15,59,271.35,0.8522,0.0988,0.007219,4.473
130189,520,421,941,250,1,64,20.54,0.9994,0.5625,0.207196,0,11,82,264.03,1.0045,0.1130,0.008485,4.398
130190,520,393,913,249,39,128,2.86,0.9527,0.5887,0.231528,32,25,55,292.34,0.4991,0.1354,0.012782,4.484
130194,520,404,924,253,27,81,17.40,0.9883,0.5787,0.222643,27,28,51,280.62,0.4077,0.1346,0.013025,4.326
130210,520,476,996,142,94,190,305.29,0.6164,0.5071,0.174742,3,0,16,290.10,1.0000,0.0250,0.000568,4.444
130221,520,446,966,237,34,30,28.45,0.9753,0.5420,0.192456,34,0,32,330.80,1.0000,0.0780,0.004444,4.453
130240,520,243,763,221,150,218,328.14,0.6781,0.7269,0.422481,22,77,33,147.09,0.9319,0.2775,0.055879,4.462
130241,520,401,921,240,9,174,345.50,0.9911,0.5791,0.217797,4,28,74,261.16,0.9145,0.1389,0.013506,4.217
130248,520,350,870,208,89,251,315.82,0.9696,0.6293,0.275211,81,18,33,11.04,0.7480,0.1941,0.022920,4.460
130254,520,392,912,235,7,209,334.70,0.9951,0.5889,0.224203,9,14,101,267.82,0.9746,0.1467,0.013116,4.344
130266,520,465,985,153,64,245,301.16,0.9366,0.5189,0.170320,19,5,8,4.87,0.4742,0.0534,0.002645,4.185
130272,520,360,880,225,90,182,342.05,0.7788,0.6161,0.266995,73,24,18,29.58,0.7147,0.1828,0.021136,4.456
130280,520,385,905,243,73,24,35.21,0.9733,0.5872,0.238890,4,36,67,251.40,0.8420,0.1537,0.016927,4.316
130283,520,423,943,229,52,126,1.06,0.8720,0.5581,0.206231,13,19,65,271.35,0.8247,0.1144,0.009329,4.319
130294,520,371,891,229,6,251,323.37,0.9979,0.6068,0.237556,41,25,81,291.70,0.7034,0.1671,0.017608,4.253
130311,520,377,897,242,74,114,10.85,0.8827,0.6004,0.249928,60,25,33,7.15,0.5007,0.1644,0.017659,4.433
130339,520,384,904,180,107,203,317.67,0.6490,0.5872,0.245313,45,30,33,5.66,0.2322,0.1515,0.015963,4.477
130343,520,379,899,244,70,97,16.61,0.9134,0.5956,0.244797,17,27,88,269.63,0.8671,0.1571,0.016075,4.462
130357,520,352,872,207,86,244,317.35,0.9288,0.6192,0.264541,44,25,97,288.68,0.7827,0.1861,0.020938,4.434
130358,520,373,893,241,66,137,0.70,0.8786,0.5973,0.244064,62,20,30,8.19,0.6056,0.1582,0.016183,4.443
130360,520,322,842,250,64,217,336.40,0.9725,0.6480,0.290036,17,56,59,202.29,0.6553,0.2142,0.032631,4.115
130363,520,389,909,253,42,88,16.55,0.9864,0.5878,0.232468,37,16,86,289.10,0.8371,0.1530,0.014358,4.389
130372,520,451,971,235,11,104,7.30,0.9860,0.5417,0.189041,6,5,55,271.89,0.9545,0.0748,0.004231,4.408
130375,520,402,922,238,30,167,347.53,0.9572,0.5784,0.218987,22,29,39,257.28,0.2505,0.1256,0.011958,4.341
130388,520,387,907,232,49,183,341.69,0.9139,0.5862,0.227740,55,24,23,23.11,0.4966,0.1506,0.015275,4.255
130398,520,330,850,197,126,203,324.13,0.6012,0.6440,0.311049,14,53,78,241.18,0.7226,0.2147,0.031895,4.409
130417,520,409,929,168,110,188,317.08,0.5490,0.5687,0.231082,1,34,39,209.30,0.9436,0.1280,0.012969,4.464
130429,520,372,892,213,63,252,318.22,0.9840,0.6093,0.247311,70,20,12,31.57,0.7897,0.1695,0.018292,4.354
130447,520,399,919,237,56,143,356.70,0.8842,0.5829,0.228190,33,8,89,286.21,0.9282,0.1424,0.012182,4.474
130458,520,416,936,229,11,200,335.67,0.9895,0.5732,0.210701,19,22,56,275.84,0.6226,0.1170,0.009978,4.347
130490,520,471,991,227,41,5,31.82,0.9943,0.5243,0.179307,2,7,15,249.85,0.5453,0.0432,0.001993,4.410
130495,520,477,997,224,25,44,24.81,0.9759,0.5111,0.167273,4,1,6,314.84,0.6159,0.0242,0.000607,4.293
130523,520,352,872,236,95,135,5.54,0.7936,0.6226,0.277693,36,48,0,123.33,1.0000,0.1852,0.024889,4.376
130531,520,295,815,241,98,244,326.88,0.9544,0.6845,0.339701,46,62,9,125.35,0.8892,0.2394,0.040458,4.308
130552,520,354,874,252,3,203,340.01,0.9986,0.6162,0.250757,43,41,36,88.77,0.0923,0.1786,0.022269,4.162
130561,520,465,985,205,4,181,335.03,0.9905,0.5153,0.164042,16,6,0,68.09,1.0000,0.0494,0.002404,4.084
130578,520,397,917,253,42,10,31.07,0.9936,0.5792,0.225642,62,9,17,17.53,0.8130,0.1394,0.012602,4.403
130593,520,432,952,154,111,178,312.83,0.4761,0.5479,0.214537,8,25,37,241.43,0.5464,0.1039,0.008804,4.499
130598,520,413,933,216,1,226,325.92,0.9992,0.5651,0.201137,51,2,40,339.19,0.8539,0.1176,0.009005,4.256
130619,520,398,918,216,25,234,323.90,0.9807,0.5770,0.212367,40,30,13,79.56,0.4850,0.1390,0.014088,4.094
130622,520,439,959,196,32,240,317.11,0.9684,0.5516,0.190615,12,17,40,271.91,0.5553,0.0880,0.006322,4.272
130645,520,440,960,232,56,16,33.14,0.9814,0.5474,0.200246,30,13,30,327.05,0.4750,0.0925,0.006576,4.423
130647,520,424,944,244,28,71,19.47,0.9757,0.5586,0.205220,50,1,25,356.16,0.9107,0.1067,0.007701,4.423
130656,520,426,946,246,28,71,19.63,0.9770,0.5628,0.208818,16,18,57,275.66,0.7224,0.1069,0.008381,4.433
130684,520,424,944,242,39,56,24.13,0.9649,0.5580,0.206172,44,3,42,330.28,0.8189,0.1070,0.007678,4.441
130685,520,459,979,210,70,81,19.88,0.7920,0.5280,0.186783,14,7,33,292.03,0.6633,0.0646,0.003551,4.422
130686,520,445,965,232,36,83,15.41,0.9445,0.5403,0.190451,24,10,31,313.38,0.5435,0.0798,0.005102,4.364
130718,520,409,929,247,44,48,26.56,0.9672,0.5706,0.217924,9,31,50,247.43,0.6364,0.1294,0.012683,4.274
130722,520,449,969,205,70,137,353.33,0.7399,0.5364,0.191676,20,11,4,63.78,0.4753,0.0659,0.003968,4.478
130749,520,441,961,238,20,26,27.91,0.9889,0.5374,0.187553,30,15,22,350.58,0.3445,0.0927,0.006756,4.186
130757,520,408,928,220,86,98,18.00,0.7487,0.5718,0.227555,21,34,25,153.92,0.3367,0.1333,0.013736,4.355
130779,520,353,873,231,59,236,326.83,0.9497,0.6235,0.261753,37,45,39,152.92,0.1534,0.1849,0.024165,4.203
130780,520,476,996,213,35,118,359.43,0.8896,0.5113,0.166586,7,0,1,9.43,1.0000,0.0219,0.000474,4.291
130803,520,391,911,224,19,234,325.93,0.9886,0.5887,0.222558,15,16,97,270.57,0.9556,0.1471,0.013351,4.302
130804,520,397,917,250,11,132,0.57,0.9906,0.5815,0.222328,43,20,62,306.78,0.6456,0.1445,0.013617,4.281
130806,520,398,918,235,7,189,340.07,0.9932,0.5772,0.214911,39,27,50,307.37,0.4046,0.1449,0.014455,4.110
130810,520,439,959,230,32,123,0.76,0.9339,0.5454,0.192890,34,5,43,317.13,0.7797,0.0939,0.006231,4.320
130813,520,455,975,219,44,130,356.78,0.8698,0.5339,0.184757,16,8,16,326.59,0.3298,0.0591,0.003212,4.412
130820,520,465,985,227,30,51,23.75,0.9679,0.5208,0.175014,16,3,26,308.96,0.7384,0.0537,0.002499,4.286
130824,520,433,953,180,83,208,318.04,0.7628,0.5518,0.204449,4,7,74,267.32,0.9780,0.0994,0.006721,4.486
130832,520,439,959,208,18,216,326.26,0.9790,0.5477,0.188023,23,2,64,288.52,0.9601,0.0946,0.005957,4.254
130837,520,312,832,226,102,225,327.84,0.8586,0.6565,0.311097,43,47,87,277.34,0.4826,0.2227,0.032347,4.385
130869,520,464,984,191,33,207,323.75,0.9296,0.5184,0.166706,2,5,28,267.89,0.8573,0.0461,0.002053,4.163
130888,520,424,944,209,45,209,328.14,0.9175,0.5582,0.200374,30,23,29,330.90,0.1762,0.1134,0.009775,4.189
130900,520,341,861,251,32,220,335.58,0.9834,0.6317,0.267127,57,34,77,307.01,0.5493,0.2015,0.025498,4.200
130905,520,459,979,234,13,79,15.37,0.9866,0.5338,0.183479,11,6,27,291.81,0.6205,0.0557,0.002805,4.422
130910,520,394,914,254,31,107,9.97,0.9924,0.5884,0.231161,31,25,58,289.30,0.5342,0.1365,0.012920,4.469
130912,520,356,876,251,24,205,339.38,0.9863,0.6201,0.255735,18,44,60,238.04,0.5491,0.1781,0.022561,4.213
130947,520,457,977,230,29,55,22.82,0.9699,0.5272,0.179806,0,3,50,264.16,0.9857,0.0607,0.002954,4.340
130950,520,456,976,199,52,178,334.57,0.8312,0.5270,0.178142,1,14,19,220.26,0.8105,0.0606,0.003675,4.250
130955,520,414,934,233,76,34,35.18,0.9434,0.5723,0.226110,4,29,51,248.16,0.7785,0.1220,0.011435,4.494
130966,520,462,982,215,64,75,21.07,0.8403,0.5290,0.186243,0,12,8,174.59,1.0000,0.0507,0.002805,4.474
130979,520,359,879,180,130,178,327.85,0.4133,0.6187,0.288837,19,51,15,141.50,0.9093,0.1847,0.025405,4.494
130980,520,377,897,254,1,173,348.65,0.9994,0.6043,0.241132,12,8,115,268.31,0.9894,0.1609,0.014895,4.486
130988,520,408,928,184,107,148,347.59,0.4857,0.5654,0.228450,55,13,30,358.84,0.6673,0.1344,0.011939,4.496
130992,520,362,882,253,80,31,35.37,0.9886,0.6148,0.267225,13,47,41,179.55,0.6860,0.1756,0.022786,4.358
130994,520,457,977,220,33,125,358.11,0.9106,0.5267,0.177866,15,10,14,333.11,0.1853,0.0613,0.003504,4.259
131007,520,420,940,228,8,174,342.80,0.9885,0.5558,0.197263,54,4,9,20.82,0.8988,0.1146,0.008910,4.197
131018,520,272,792,252,101,241,330.64,0.9868,0.7032,0.363564,1,52,137,260.77,0.9933,0.2603,0.042683,4.462
131026,520,324,844,255,54,211,339.02,1.0000,0.6458,0.286048,78,33,34,20.44,0.5477,0.2119,0.028231,4.296
131049,520,443,963,217,10,182,337.81,0.9828,0.5398,0.183485,24,6,38,307.06,0.7293,0.0776,0.004644,4.273
131062,520,332,852,250,29,245,329.41,0.9906,0.6444,0.277983,24,55,20,141.46,0.8583,0.2017,0.029770,4.112
131068,520,480,1000,130,78,243,291.92,0.9124,0.5079,0.166656,0,0,0,0.00,0.0000,0.0000,0.000000,4.333
131069,520,424,944,223,53,152,350.12,0.8559,0.5579,0.205037,34,19,26,350.21,0.3117,0.1082,0.008804,4.337
131078,520,431,951,229,62,61,25.85,0.9040,0.5515,0.204431,22,24,11,115.74,0.3889,0.1014,0.008480,4.351
131083,520,471,991,183,44,215,319.01,0.9053,0.5185,0.167762,8,4,1,71.76,0.5760,0.0360,0.001407,4.236
131109,520,479,999,219,49,8,33.07,0.9886,0.5143,0.172769,2,0,0,29.23,1.0000,0.0120,0.000129,4.444
131110,520,468,988,199,51,163,339.72,0.8155,0.5176,0.171560,4,5,10,272.60,0.2849,0.0380,0.001563,4.297
131118,520,371,891,234,59,212,333.85,0.9276,0.6136,0.253764,61,29,31,16.91,0.4498,0.1733,0.019699,4.358
131146,520,480,1000,160,77,203,312.23,0.7520,0.5113,0.170938,0,0,0,0.00,0.0000,0.0000,0.000000,4.419
131159,520,354,874,241,35,223,332.58,0.9767,0.6171,0.252334,30,41,62,262.76,0.3710,0.1786,0.022096,4.193
131163,520,377,897,205,70,249,316.37,0.9643,0.6017,0.242005,70,3,47,346.89,0.8677,0.1616,0.015727,4.443
131164,520,375,895,235,91,77,28.51,0.8679,0.6012,0.256830,11,45,21,150.05,0.8881,0.1619,0.020020,4.382
131172,520,361,881,233,91,155,355.28,0.7877,0.6191,0.271750,36,46,29,132.92,0.3489,0.1838,0.024177,4.338
131174,520,399,919,241,56,111,9.09,0.9011,0.5799,0.226800,65,3,14,18.07,0.9345,0.1384,0.012208,4.450
131175,520,346,866,238,40,247,326.15,0.9806,0.6301,0.264127,17,16,130,268.78,0.9813,0.1925,0.021013,4.424
131188,520,408,928,232,10,185,340.52,0.9889,0.5698,0.208784,6,24,70,263.91,0.8868,0.1265,0.011341,4.219
131195,520,461,981,203,44,182,334.36,0.8714,0.5298,0.178772,11,8,5,72.91,0.2130,0.0503,0.002558,4.353
131215,520,433,953,244,18,6,29.54,0.9956,0.5487,0.196824,38,7,45,319.69,0.7485,0.1046,0.007535,4.290
131225,520,375,895,219,50,240,322.92,0.9551,0.5998,0.236345,63,23,2,46.00,0.9002,0.1594,0.016741,4.290
131265,520,404,924,229,65,143,355.89,0.8331,0.5764,0.224245,60,5,22,8.50,0.8365,0.1319,0.011273,4.476
131268,520,445,965,180,66,221,315.55,0.8541,0.5392,0.188212,18,3,51,289.20,0.9106,0.0769,0.004327,4.385
131270,520,460,980,177,71,200,320.04,0.7804,0.5257,0.180248,31,0,5,13.02,1.0000,0.0607,0.003023,4.342
131275,520,468,988,212,37,138,351.70,0.8784,0.5187,0.171575,11,3,16,313.58,0.6026,0.0426,0.001737,4.283
131283,520,453,973,230,38,14,30.73,0.9856,0.5288,0.182439,1,20,11,162.91,0.9412,0.0741,0.005309,4.203
131297,520,396,916,226,92,5,44.04,0.9899,0.5803,0.238366,16,40,2,135.87,0.9776,0.1443,0.016321,4.348
131310,520,167,687,241,177,231,331.97,0.8481,0.8095,0.559160,16,94,70,166.76,0.9255,0.3422,0.085574,4.493
131316,520,478,998,209,43,119,358.84,0.8494,0.5094,0.166172,5,0,3,340.52,1.0000,0.0201,0.000388,4.290
131324,520,460,980,189,60,203,323.66,0.8374,0.5339,0.183637,9,10,23,279.06,0.4063,0.0600,0.003370,4.378
131332,520,358,878,233,16,251,324.27,0.9947,0.6155,0.246617,59,22,70,317.77,0.6716,0.1778,0.019459,4.270
131334,520,450,970,221,29,166,343.90,0.9352,0.5450,0.190065,24,9,25,324.84,0.4979,0.0747,0.004598,4.397
131343,520,386,906,242,45,146,355.85,0.9251,0.5853,0.228325,36,19,82,288.78,0.7902,0.1521,0.014500,4.315
131362,520,355,875,244,4,237,329.94,0.9987,0.6226,0.254372,67,32,1,56.94,0.9466,0.1844,0.022287,4.211
131384,520,406,926,231,61,142,356.29,0.8513,0.5758,0.222822,34,31,10,101.28,0.5654,0.1336,0.013420,4.302
131394,520,381,901,254,60,30,31.61,0.9954,0.5959,0.244000,2,43,50,211.91,0.9251,0.1628,0.019709,4.218
131411,520,412,932,233,2,188,339.86,0.9979,0.5718,0.210007,27,20,55,289.14,0.6001,0.1193,0.010092,4.327
131415,520,281,801,246,135,10,57.88,0.9898,0.6871,0.369455,35,64,64,195.67,0.3897,0.2512,0.043941,4.465
131426,520,427,947,245,12,91,12.92,0.9901,0.5594,0.204342,35,19,3,65.81,0.7391,0.1033,0.008297,4.363
131460,520,436,956,190,66,215,320.41,0.8488,0.5501,0.197512,8,1,75,270.85,0.9959,0.0943,0.005813,4.435
131479,520,448,968,239,0,75,16.66,1.0000,0.5407,0.188620,17,6,54,284.70,0.8695,0.0840,0.005157,4.326
131480,520,479,999,224,19,38,25.63,0.9846,0.5080,0.164559,2,0,0,29.23,1.0000,0.0120,0.000129,4.280
131483,520,396,916,213,68,199,332.06,0.8450,0.5790,0.224059,15,17,89,271.21,0.9367,0.1386,0.012236,4.404
131487,520,357,877,250,75,142,1.58,0.9388,0.6248,0.273124,26,43,66,256.25,0.4525,0.1838,0.023406,4.402
131502,520,394,914,229,20,229,328.31,0.9877,0.5942,0.228179,48,12,65,312.48,0.7707,0.1425,0.012730,4.435
131534,520,474,994,186,72,171,333.17,0.7244,0.5232,0.180155,2,4,11,263.84,0.4831,0.0335,0.001239,4.492
131537,520,465,985,210,67,75,21.51,0.8144,0.5230,0.182262,7,5,30,281.74,0.7385,0.0522,0.002474,4.426
131538,520,473,993,190,22,212,322.31,0.9624,0.5151,0.162759,7,1,15,306.78,0.7865,0.0325,0.001014,4.171
131548,520,399,919,227,36,199,335.57,0.9492,0.5780,0.217187,4,40,0,140.79,1.0000,0.1384,0.015433,4.083
131550,520,392,912,240,15,200,338.22,0.9890,0.5944,0.230400,33,37,12,117.03,0.5988,0.1501,0.016730,4.202
131563,520,375,895,215,81,198,333.07,0.8097,0.5966,0.244111,1,41,52,221.04,0.9566,0.1571,0.018402,4.300
131568,520,351,871,227,115,75,39.93,0.7686,0.6258,0.291028,4,50,62,220.37,0.8869,0.1924,0.026547,4.455
131579,520,454,974,226,3,140,353.11,0.9941,0.5344,0.181301,15,15,7,108.06,0.3131,0.0703,0.004585,4.237
131585,520,259,779,213,136,255,312.60,1.0000,0.7104,0.389755,12,70,91,228.03,0.8300,0.2740,0.052136,4.306
131588,520,435,955,209,74,136,355.37,0.7353,0.5481,0.202325,24,13,45,296.01,0.6363,0.0947,0.006715,4.449
131592,520,414,934,237,52,112,7.66,0.8995,0.5691,0.216334,53,10,3,33.81,0.8945,0.1193,0.009807,4.453
131593,520,400,920,203,42,250,316.57,0.9766,0.5764,0.212561,26,31,48,271.18,0.3240,0.1395,0.014130,4.094
131594,520,330,850,250,74,193,343.73,0.9581,0.6447,0.290749,7,60,6,142.55,0.9854,0.2102,0.032899,4.110
131600,520,426,946,245,17,84,15.23,0.9862,0.5591,0.204569,21,1,82,279.49,0.9926,0.1133,0.007903,4.396
131605,520,478,998,226,17,42,24.77,0.9865,0.5120,0.167397,3,1,0,66.15,1.0000,0.0193,0.000411,4.313
131611,520,475,995,195,14,205,325.61,0.9761,0.5158,0.163256,11,0,11,328.36,1.0000,0.0320,0.000953,4.185
131618,520,408,928,214,90,92,21.78,0.7174,0.5659,0.223834,25,29,45,272.99,0.3136,0.1315,0.012748,4.364
131625,520,408,928,220,92,54,37.00,0.8414,0.5729,0.231387,10,36,26,165.29,0.6761,0.1332,0.014008,4.396
131627,520,364,884,255,12,187,344.99,1.0000,0.6150,0.251143,73,4,47,348.98,0.8531,0.1689,0.017088,4.489
131629,520,477,997,224,26,30,27.58,0.9785,0.5102,0.166827,4,0,8,311.99,1.0000,0.0216,0.000433,4.299
131632,520,442,962,206,52,175,337.58,0.8400,0.5376,0.186749,29,12,12,20.39,0.4111,0.0820,0.005507,4.265
131638,520,396,916,213,22,250,319.56,0.9882,0.5830,0.216239,58,16,4,37.49,0.8556,0.1381,0.012790,4.240
131644,520,335,855,250,93,111,16.98,0.9355,0.6374,0.293037,63,42,25,59.32,0.4419,0.2046,0.027830,4.408
131654,520,396,916,246,54,56,26.14,0.9586,0.5771,0.225201,13,36,43,220.32,0.5257,0.1419,0.015217,4.220
131659,520,373,893,234,6,236,327.89,0.9974,0.6047,0.236814,15,43,41,189.07,0.5650,0.1637,0.019893,4.104
131666,520,370,890,205,96,221,322.37,0.8081,0.6149,0.265668,34,43,2,121.43,0.9430,0.1679,0.020722,4.464
131668,520,463,983,225,37,89,12.61,0.9261,0.5280,0.180548,2,9,7,177.73,0.5447,0.0450,0.002236,4.414
131697,520,409,929,217,35,220,327.47,0.9588,0.5732,0.211232,11,25,66,265.99,0.7909,0.1274,0.011597,4.241
131705,520,367,887,244,86,37,36.63,0.9494,0.6059,0.260255,28,33,83,274.55,0.6812,0.1728,0.019591,4.458
131737,520,369,889,245,4,209,336.94,0.9978,0.6068,0.241058,40,31,72,290.82,0.5580,0.1704,0.018990,4.219
131775,520,441,961,217,23,183,337.59,0.9564,0.5442,0.187857,2,13,60,264.72,0.9413,0.0911,0.006270,4.227
131786,520,246,766,201,154,248,306.36,0.8489,0.7264,0.423066,3,78,52,162.35,0.9848,0.2806,0.057158,4.415
131800,520,445,965,216,8,189,335.54,0.9872,0.5417,0.184490,9,18,15,171.77,0.2924,0.0754,0.005252,4.244
131808,520,350,870,225,65,255,320.70,1.0000,0.6319,0.270101,29,43,73,264.17,0.4842,0.1906,0.024699,4.285
131850,520,250,770,255,144,1,60.12,1.0000,0.7174,0.412117,6,76,48,159.72,0.9706,0.2733,0.054208,4.435
131852,520,341,861,206,126,146,3.94,0.4942,0.6320,0.301204,50,48,6,106.68,0.8469,0.2006,0.028052,4.500
131856,520,421,941,229,60,106,9.80,0.8574,0.5590,0.209331,40,8,44,323.10,0.7259,0.1085,0.008067,4.466
131906,520,343,863,255,2,218,336.84,1.0000,0.6301,0.263687,54,18,96,299.04,0.8233,0.1876,0.020614,4.442
131915,520,471,991,167,44,247,306.63,0.9599,0.5208,0.167330,5,6,14,276.05,0.3529,0.0432,0.001942,4.184
131918,520,403,923,209,35,253,317.68,0.9910,0.5843,0.218509,56,8,34,351.94,0.7489,0.1318,0.011300,4.380
131920,520,472,992,210,57,113,3.23,0.8036,0.5219,0.178224,7,2,13,308.10,0.6355,0.0343,0.001176,4.460
131931,520,289,809,233,120,188,344.81,0.7590,0.6761,0.343896,48,61,8,122.85,0.8878,0.2380,0.039834,4.385
131939,520,426,946,247,11,90,13.44,0.9916,0.5631,0.207552,31,21,25,352.90,0.2061,0.1082,0.008978,4.367
131973,520,335,855,253,89,110,16.64,0.9734,0.6373,0.291566,5,51,68,228.67,0.8636,0.1994,0.028171,4.369
131975,520,325,845,254,87,150,0.94,0.9830,0.6482,0.300926,2,56,65,212.43,0.9529,0.2126,0.032227,4.268
131989,520,477,997,177,80,151,338.88,0.6285,0.5096,0.173200,2,0,6,302.89,1.0000,0.0170,0.000261,4.441
132014,520,407,927,219,91,48,38.33,0.8585,0.5689,0.227581,30,29,35,293.14,0.1191,0.1313,0.012761,4.423
132018,520,455,975,221,5,153,347.71,0.9892,0.5308,0.177832,19,2,33,306.81,0.8391,0.0601,0.002917,4.305
132052,520,432,952,178,91,198,319.85,0.6963,0.5546,0.210253,37,18,6,52.54,0.6055,0.1048,0.008391,4.457
132063,520,471,991,218,52,61,23.51,0.9035,0.5198,0.177009,1,8,12,223.43,0.6959,0.0434,0.002067,4.360
132068,520,342,862,248,38,222,334.43,0.9774,0.6302,0.266197,25,43,76,261.60,0.5572,0.1901,0.024561,4.241
132076,520,399,919,238,3,183,342.41,0.9971,0.5788,0.216641,12,22,81,268.76,0.8995,0.1366,0.012460,4.269
132078,520,396,916,223,61,175,342.45,0.8512,0.5760,0.221230,56,3,51,332.63,0.8482,0.1356,0.011450,4.414
132092,520,452,972,177,71,203,319.15,0.7881,0.5278,0.181664,9,9,43,276.41,0.7864,0.0722,0.004279,4.268
132123,520,398,918,246,38,115,6.68,0.9494,0.5781,0.222203,9,1,108,267.83,0.9986,0.1422,0.011624,4.417
132133,520,435,955,213,57,175,339.65,0.8387,0.5545,0.201697,21,20,26,292.89,0.1479,0.0948,0.007343,4.389
132141,520,452,972,175,89,165,331.75,0.6034,0.5282,0.189764,8,16,16,196.01,0.2546,0.0699,0.004596,4.392
132152,520,355,875,246,58,190,343.10,0.9378,0.6219,0.263397,54,36,44,350.86,0.2574,0.1828,0.022279,4.336
132155,520,344,864,145,133,246,286.05,0.8378,0.6256,0.294483,21,53,16,141.05,0.9026,0.1927,0.027430,4.449
132158,520,452,972,236,3,40,24.98,0.9982,0.5298,0.180544,23,10,6,40.23,0.4263,0.0683,0.004124,4.260
132180,520,447,967,226,6,144,351.82,0.9885,0.5368,0.183154,24,11,26,322.06,0.4468,0.0788,0.005081,4.233
132194,520,424,944,226,5,195,336.30,0.9943,0.5634,0.202200,4,31,22,167.86,0.8435,0.1129,0.010637,4.159
132216,520,223,743,246,157,148,26.08,0.8015,0.7479,0.458472,3,76,110,237.20,0.9530,0.3023,0.063137,4.494
132223,520,350,870,237,92,164,352.57,0.8169,0.6306,0.283418,2,52,53,196.95,0.9519,0.1934,0.027258,4.316
132226,520,409,929,217,89,70,30.75,0.7875,0.5652,0.223410,33,17,68,292.41,0.7407,0.1317,0.011416,4.452
132230,520,433,953,237,25,118,3.41,0.9621,0.5545,0.200109,48,1,23,357.26,0.9075,0.1017,0.007121,4.379
132231,520,256,776,255,111,241,331.47,1.0000,0.7207,0.389825,48,70,1,127.28,0.9916,0.2659,0.050108,4.393
132235,520,367,887,246,18,208,337.47,0.9898,0.6109,0.245826,54,27,57,323.42,0.5106,0.1700,0.018636,4.310
132246,520,414,934,207,47,233,321.43,0.9432,0.5731,0.211833,10,25,61,264.33,0.7549,0.1225,0.010967,4.295
132251,520,442,962,152,80,252,297.95,0.9702,0.5441,0.194412,18,14,33,291.75,0.4575,0.0819,0.005525,4.402
132263,520,319,839,237,65,248,325.38,0.9741,0.6461,0.285648,58,26,109,295.23,0.7963,0.2167,0.027425,4.335
132293,520,357,877,226,77,215,330.96,0.8830,0.6193,0.263850,33,47,5,126.45,0.9020,0.1800,0.023673,4.260
132294,520,479,999,184,3,225,317.60,0.9963,0.5100,0.156930,0,0,3,264.05,1.0000,0.0094,0.000066,4.133
132298,520,334,854,243,105,74,34.13,0.8978,0.6355,0.296553,55,44,29,74.86,0.3205,0.1995,0.027024,4.499
132308,520,417,937,251,8,70,19.34,0.9955,0.5670,0.211288,36,24,18,47.68,0.2834,0.1197,0.010720,4.303
132315,520,419,939,215,74,147,352.02,0.7598,0.5631,0.214534,35,17,41,317.24,0.5127,0.1132,0.009183,4.470
132324,520,281,801,251,114,187,349.41,0.9356,0.6935,0.361346,28,68,28,143.60,0.8709,0.2489,0.044648,4.346
132333,520,316,836,254,45,246,330.02,0.9965,0.6592,0.296045,76,42,4,62.61,0.8761,0.2222,0.032014,4.219
132341,520,360,880,249,30,199,340.61,0.9782,0.6153,0.251950,36,44,26,127.88,0.3689,0.1770,0.022510,4.164
132342,520,420,940,232,52,108,8.37,0.8878,0.5581,0.206974,38,21,14,43.09,0.4039,0.1145,0.009802,4.297
132343,520,329,849,210,115,222,322.98,0.7731,0.6519,0.312384,13,59,21,146.23,0.9505,0.2105,0.032675,4.383
132347,520,461,981,210,58,124,358.64,0.7973,0.5268,0.181852,13,6,8,358.09,0.2651,0.0487,0.002334,4.430
132355,520,424,944,220,37,194,335.25,0.9338,0.5629,0.204361,28,24,30,314.53,0.1455,0.1140,0.009939,4.244
132356,520,433,953,225,56,110,7.02,0.8539,0.5487,0.199644,28,5,57,297.47,0.8634,0.0976,0.006508,4.418
132363,520,443,963,215,49,145,350.53,0.8446,0.5364,0.186904,15,15,35,281.57,0.4799,0.0825,0.005645,4.257
132389,520,415,935,233,73,55,29.99,0.9021,0.5707,0.223675,38,25,11,67.08,0.4831,0.1232,0.011315,4.463
132408,520,385,905,231,40,197,337.14,0.9445,0.5862,0.225403,53,1,79,309.70,0.9756,0.1517,0.013432,4.342
132410,520,381,901,221,34,251,321.20,0.9843,0.6017,0.234833,40,11,94,289.74,0.9025,0.1594,0.014986,4.383
132415,520,381,901,212,71,230,322.96,0.8997,0.6000,0.242185,56,27,8,51.28,0.7004,0.1555,0.016423,4.399
132420,520,469,989,181,43,225,315.93,0.9237,0.5224,0.169889,1,1,29,268.68,0.9803,0.0358,0.001169,4.297
132426,520,468,988,222,29,95,9.33,0.9389,0.5188,0.172373,17,1,11,341.54,0.7671,0.0424,0.001651,4.305
132446,520,362,882,235,47,217,332.70,0.9533,0.6095,0.247076,41,34,73,289.38,0.5220,0.1789,0.020965,4.186
132452,520,296,816,235,127,151,6.84,0.7088,0.6772,0.350776,29,63,64,197.99,0.4873,0.2445,0.041862,4.363
132459,520,383,903,200,83,230,318.84,0.8629,0.5957,0.241804,33,37,8,116.46,0.7099,0.1495,0.016640,4.379
132463,520,421,941,235,63,26,33.25,0.9663,0.5608,0.212948,22,28,14,127.42,0.3981,0.1133,0.010328,4.359
132479,520,448,968,214,72,75,23.10,0.8125,0.5368,0.194412,1,12,51,263.14,0.9595,0.0794,0.005084,4.437
132480,520,347,867,167,128,227,300.74,0.6914,0.6255,0.292001,7,54,16,146.10,0.9728,0.1904,0.027208,4.430
132487,520,466,986,217,54,32,31.11,0.9420,0.5162,0.174969,8,11,0,118.96,1.0000,0.0528,0.002910,4.252
132499,520,477,997,208,67,34,34.26,0.9113,0.5133,0.175420,0,0,19,264.05,1.0000,0.0228,0.000470,4.466
132502,520,478,998,173,21,236,311.60,0.9769,0.5068,0.154777,1,0,8,284.42,1.0000,0.0165,0.000240,4.076
132503,520,412,932,232,44,154,350.96,0.9073,0.5688,0.212931,33,13,59,299.28,0.7396,0.1172,0.009270,4.436
132517,520,370,890,196,90,240,314.57,0.8916,0.6060,0.253405,9,37,84,260.27,0.8498,0.1728,0.020212,4.321
132536,520,346,866,235,76,209,335.15,0.8944,0.6296,0.274370,9,51,45,181.39,0.8147,0.1889,0.026151,4.260
132545,520,424,944,243,7,103,8.73,0.9931,0.5572,0.201893,7,16,69,268.04,0.9196,0.1094,0.008454,4.309
132557,520,451,971,233,26,83,14.70,0.9657,0.5371,0.186900,12,14,14,196.83,0.0549,0.0673,0.004239,4.368
132563,520,421,941,162,91,236,303.30,0.8413,0.5596,0.212201,16,17,63,275.40,0.7978,0.1106,0.008699,4.467
132567,520,450,970,237,18,66,19.66,0.9847,0.5392,0.188337,33,0,13,358.55,1.0000,0.0668,0.003524,4.453
132568,520,362,882,231,23,252,323.53,0.9912,0.6148,0.246323,85,0,28,11.07,1.0000,0.1846,0.020155,4.224
132574,520,472,992,211,37,142,349.98,0.8771,0.5186,0.171273,12,0,9,335.46,1.0000,0.0323,0.000979,4.340
132579,520,428,948,231,0,168,345.22,1.0000,0.5569,0.198189,5,4,75,268.28,0.9870,0.0969,0.006270,4.411
132590,520,401,921,234,24,197,337.72,0.9752,0.5842,0.221797,28,15,82,282.69,0.8629,0.1376,0.011977,4.385
132591,520,461,981,171,71,212,314.46,0.8076,0.5253,0.179188,18,3,6,5.44,0.5922,0.0469,0.002069,4.402
132599,520,272,792,244,121,211,338.57,0.8998,0.7040,0.376134,9,68,76,208.98,0.8649,0.2586,0.047139,4.387
132604,520,476,996,213,50,58,23.84,0.9030,0.5074,0.167353,4,1,6,314.84,0.6159,0.0242,0.000607,4.295
132614,520,384,904,227,25,226,328.54,0.9815,0.5903,0.225195,17,38,37,191.59,0.4325,0.1474,0.016389,4.145
132617,520,430,950,178,87,202,318.83,0.7260,0.5509,0.205466,22,4,71,283.65,0.9488,0.1046,0.007123,4.472
132635,520,386,906,240,27,186,342.22,0.9712,0.5904,0.228573,40,3,94,291.01,0.9696,0.1514,0.013244,4.405
132637,520,415,935,252,1,73,18.44,0.9994,0.5682,0.212019,33,20,48,303.73,0.5186,0.1210,0.010371,4.340
132645,520,406,926,234,60,135,359.45,0.8631,0.5778,0.224763,16,35,30,175.07,0.4339,0.1347,0.014059,4.289
132654,520,411,931,246,42,34,28.74,0.9710,0.5659,0.213678,50,13,12,24.86,0.6992,0.1194,0.009926,4.400
132666,520,428,948,207,61,199,330.32,0.8532,0.5618,0.207283,18,22,32,267.58,0.2538,0.1000,0.008067,4.431
132677,520,446,966,220,8,172,341.51,0.9853,0.5394,0.183703,10,13,40,274.50,0.6546,0.0780,0.005056,4.245
132684,520,459,979,218,63,37,32.09,0.9243,0.5282,0.185966,9,8,29,282.11,0.5965,0.0595,0.003204,4.435
132687,520,425,945,166,96,215,309.21,0.7300,0.5576,0.213796,19,28,10,130.67,0.5569,0.1098,0.009909,4.403
132691,520,350,870,233,96,159,354.33,0.7785,0.6275,0.281951,59,38,36,25.27,0.2821,0.1918,0.024435,4.460
132699,520,421,941,171,78,245,306.03,0.9212,0.5597,0.206999,12,29,1,133.93,0.9765,0.1061,0.009591,4.313
132705,520,445,965,196,38,225,320.50,0.9435,0.5432,0.185597,8,2,65,272.62,0.9868,0.0829,0.004767,4.302
132721,520,346,866,229,67,235,326.46,0.9361,0.6264,0.266727,28,46,52,220.84,0.3103,0.1860,0.024487,4.252
132735,520,381,901,227,36,239,325.37,0.9758,0.6040,0.238269,10,3,121,267.36,0.9969,0.1642,0.015100,4.428
132778,520,426,946,249,4,33,26.54,0.9983,0.5575,0.203401,1,31,14,155.34,0.9802,0.1090,0.010181,4.211
132787,520,347,867,243,32,245,327.82,0.9871,0.6335,0.266830,36,39,77,277.82,0.5105,0.1889,0.023619,4.304
132797,520,453,973,167,85,192,317.73,0.6891,0.5258,0.185191,18,2,45,293.90,0.9133,0.0692,0.003615,4.387
132802,520,414,934,241,3,159,350.18,0.9967,0.5728,0.212723,25,15,66,285.13,0.7814,0.1178,0.009416,4.422
132803,520,473,993,203,64,118,0.64,0.7558,0.5183,0.176733,3,4,9,271.55,0.3388,0.0338,0.001259,4.423
132808,520,392,912,231,0,230,328.60,1.0000,0.5942,0.227046,3,21,101,264.84,0.9657,0.1546,0.014952,4.265
132813,520,421,941,246,11,92,12.71,0.9912,0.5615,0.206084,11,25,37,245.89,0.4591,0.1056,0.008999,4.340
132814,520,12,532,252,253,237,109.68,0.9386,0.9872,0.970605,26,135,51,146.43,0.9776,0.4745,0.177858,4.479
132815,520,343,863,239,93,142,2.52,0.8178,0.6272,0.281352,47,42,47,325.86,0.0969,0.1903,0.024655,4.438
132823,520,390,910,254,11,137,359.69,0.9921,0.5913,0.231200,40,32,43,316.75,0.2147,0.1542,0.016586,4.223
132829,520,455,975,233,5,85,13.10,0.9942,0.5312,0.180912,8,9,27,278.13,0.5381,0.0595,0.003261,4.335
132831,520,434,954,191,70,199,325.23,0.7987,0.5455,0.195816,38,10,30,340.08,0.6064,0.0997,0.007229,4.295
132849,520,375,895,246,1,188,342.74,0.9993,0.5964,0.232486,69,17,19,22.21,0.7522,0.1643,0.017133,4.208
132850,520,473,993,152,62,252,299.67,0.9789,0.5217,0.171492,6,3,6,326.51,0.3042,0.0331,0.001170,4.329
132883,520,448,968,211,39,174,339.01,0.8925,0.5362,0.183581,15,6,53,282.62,0.8756,0.0812,0.004888,4.256
132899,520,468,988,206,60,114,2.44,0.7811,0.5179,0.175706,16,3,1,39.04,0.7375,0.0425,0.001775,4.359
132917,520,442,962,233,32,97,10.46,0.9475,0.5434,0.192228,5,11,46,268.80,0.8597,0.0756,0.004688,4.429
132924,520,479,999,169,54,226,311.37,0.8921,0.5142,0.165652,1,0,0,29.23,1.0000,0.0090,0.000065,4.307
132930,520,404,924,251,40,51,25.64,0.9824,0.5766,0.222695,5,35,27,172.01,0.8245,0.1279,0.013134,4.319
132941,520,477,997,170,51,217,314.05,0.8818,0.5055,0.159244,0,0,17,264.05,1.0000,0.0212,0.000405,4.151
132951,520,406,926,196,58,250,314.07,0.9715,0.5775,0.216653,1,15,92,264.45,0.9757,0.1324,0.011207,4.357
132957,520,480,1000,218,21,89,10.34,0.9580,0.5051,0.161657,0,0,0,0.00,0.0000,0.0000,0.000000,4.233
132961,520,432,952,201,23,228,321.41,0.9754,0.5464,0.186334,31,19,28,335.84,0.2902,0.1050,0.008409,4.046
132964,520,471,991,220,47,85,14.64,0.8904,0.5242,0.179072,14,2,9,342.07,0.6275,0.0404,0.001565,4.442
132968,520,366,886,221,46,252,320.78,0.9872,0.6091,0.243564,45,41,0,103.88,1.0000,0.1737,0.021438,4.109
132978,520,455,975,231,8,102,7.26,0.9885,0.5321,0.181249,7,3,41,278.55,0.9196,0.0573,0.002704,4.388
133016,520,414,934,223,11,210,331.60,0.9899,0.5685,0.205828,16,32,28,176.47,0.3731,0.1247,0.012270,4.108
133018,520,430,950,244,18,38,26.18,0.9906,0.5505,0.198091,6,0,80,268.71,1.0000,0.0984,0.006179,4.416
133019,520,459,979,224,7,129,356.53,0.9856,0.5267,0.175870,5,13,13,195.79,0.3331,0.0590,0.003492,4.223
133021,520,426,946,207,22,231,322.30,0.9801,0.5584,0.196105,0,21,59,258.78,1.0000,0.1057,0.008520,4.205
133028,520,330,850,255,61,188,345.83,1.0000,0.6394,0.282317,95,2,3,28.34,0.9907,0.2055,0.024833,4.441
133034,520,387,907,221,86,138,359.32,0.7315,0.5856,0.238650,61,16,32,1.77,0.6587,0.1509,0.014671,4.463
133040,520,384,904,214,58,226,324.86,0.9202,0.5881,0.228151,58,19,29,6.78,0.5897,0.1487,0.014541,4.310
133064,520,396,916,214,21,239,322.27,0.9860,0.5759,0.210664,23,38,8,131.71,0.8076,0.1435,0.015859,3.958
133076,520,463,983,226,35,80,15.64,0.9396,0.5267,0.179529,4,10,5,150.06,0.4369,0.0486,0.002538,4.369
133077,520,446,966,193,40,224,319.84,0.9360,0.5387,0.182383,36,3,28,338.94,0.7748,0.0843,0.005241,4.207
133092,520,480,1000,175,78,164,332.01,0.6606,0.5102,0.172442,0,0,0,0.00,0.0000,0.0000,0.000000,4.449
133095,520,341,861,254,87,77,27.31,0.9919,0.6301,0.284266,10,51,59,213.60,0.7586,0.1958,0.027478,4.314
133097,520,386,906,199,75,241,316.20,0.9183,0.5923,0.235265,32,21,79,285.25,0.7644,0.1481,0.014079,4.452
133104,520,358,878,250,67,147,358.82,0.9452,0.6185,0.264482,74,21,8,34.91,0.8475,0.1785,0.020100,4.486
133105,520,406,926,249,27,108,8.73,0.9728,0.5768,0.220099,28,25,60,284.20,0.5652,0.1350,0.012684,4.309
133112,520,453,973,205,77,72,25.62,0.7688,0.5264,0.187569,13,11,38,282.44,0.6350,0.0749,0.004648,4.347
133135,520,478,998,211,18,141,349.65,0.9468,0.5087,0.162069,0,1,9,261.82,1.0000,0.0198,0.000414,4.207
133153,520,417,937,216,23,225,326.06,0.9792,0.5697,0.206500,3,3,92,265.89,0.9952,0.1180,0.008571,4.379
133157,520,272,792,248,109,223,335.01,0.9542,0.6981,0.362241,46,65,67,204.24,0.2259,0.2634,0.047666,4.221
133176,520,384,904,235,68,150,354.82,0.8472,0.5932,0.240012,29,39,1,123.26,0.9684,0.1507,0.017144,4.319
133180,520,418,938,248,28,58,22.99,0.9811,0.5649,0.210960,6,7,88,267.68,0.9844,0.1190,0.008952,4.427
133195,520,319,839,231,114,147,3.84,0.7109,0.6476,0.311325,50,54,14,114.65,0.7313,0.2192,0.033482,4.328
133200,520,388,908,201,86,209,325.03,0.7898,0.5877,0.236780,20,37,53,248.07,0.4375,0.1545,0.017288,4.262
133213,520,464,984,147,78,232,300.13,0.8512,0.5182,0.174783,8,5,25,287.57,0.6450,0.0496,0.002303,4.298
133217,520,345,865,239,105,70,35.68,0.8730,0.6281,0.288989,30,51,6,131.60,0.9289,0.1906,0.026568,4.427
133218,520,380,900,247,15,192,341.94,0.9900,0.6031,0.239248,71,9,36,359.91,0.7920,0.1645,0.016626,4.341
133233,520,346,866,246,97,56,36.04,0.9358,0.6264,0.284309,43,48,13,116.69,0.7020,0.1936,0.026566,4.366
133243,520,415,935,196,64,228,318.97,0.8907,0.5666,0.210054,1,15,80,264.25,0.9666,0.1172,0.009272,4.387
133256,520,450,970,227,37,114,3.82,0.9159,0.5392,0.188717,16,9,30,296.73,0.5517,0.0684,0.003993,4.421
133272,520,346,866,232,60,247,324.44,0.9696,0.6333,0.271052,51,34,68,305.87,0.4748,0.1873,0.022653,4.419
133278,520,406,926,200,95,170,339.55,0.6523,0.5782,0.233676,24,32,32,196.39,0.1492,0.1324,0.013315,4.480
133293,520,64,584,252,223,225,13.00,0.7646,0.9161,0.789079,28,120,7,141.05,0.9949,0.4217,0.136946,4.488
133334,520,480,1000,177,55,197,321.63,0.8286,0.5052,0.161119,0,0,0,0.00,0.0000,0.0000,0.000000,4.222
133345,520,460,980,189,83,132,353.59,0.6242,0.5251,0.186728,5,1,52,272.41,0.9901,0.0632,0.003019,4.465
133355,520,320,840,253,94,125,11.97,0.9666,0.6475,0.303720,49,50,31,110.66,0.3302,0.2095,0.030331,4.403
133365,520,468,988,215,57,90,13.72,0.8386,0.5248,0.181140,18,2,7,357.64,0.6750,0.0448,0.001874,4.456
133369,520,385,905,237,57,160,350.75,0.8881,0.5907,0.234718,57,9,61,324.61,0.7857,0.1512,0.014023,4.447
133381,520,359,879,246,69,165,351.83,0.9154,0.6201,0.265688,44,25,93,290.01,0.7634,0.1821,0.020210,4.496
133395,520,374,894,255,55,63,24.91,1.0000,0.5968,0.243550,8,41,54,228.44,0.7304,0.1611,0.019038,4.252
133401,520,390,910,237,76,81,22.96,0.8849,0.5859,0.237705,28,34,54,270.72,0.3555,0.1529,0.016572,4.322
133407,520,340,860,239,71,223,332.15,0.9295,0.6391,0.281875,90,3,38,5.45,0.9334,0.2016,0.023791,4.497
133409,520,437,957,222,15,178,340.24,0.9755,0.5481,0.190881,12,14,45,275.79,0.6840,0.0854,0.005817,4.316
133417,520,286,806,230,120,229,327.62,0.8567,0.6913,0.359150,44,63,9,127.51,0.9041,0.2409,0.041101,4.491
133425,520,313,833,231,89,247,323.53,0.9614,0.6603,0.308512,14,45,112,262.81,0.8884,0.2214,0.031398,4.404
133430,520,457,977,193,32,222,320.50,0.9512,0.5325,0.176459,21,0,39,305.16,1.0000,0.0635,0.003059,4.268
133442,520,439,959,182,90,175,330.24,0.6400,0.5455,0.203537,4,22,35,241.44,0.6791,0.0921,0.007209,4.432
133443,520,435,955,188,55,231,316.17,0.9099,0.5478,0.191945,41,4,21,356.12,0.7635,0.0918,0.006125,4.311
133448,520,420,940,249,6,79,16.70,0.9961,0.5640,0.208381,18,0,85,276.34,1.0000,0.1134,0.007844,4.467
133453,520,433,953,225,57,102,10.31,0.8568,0.5473,0.198958,20,13,52,285.76,0.7199,0.0963,0.006845,4.380
133474,520,391,911,230,17,214,332.25,0.9869,0.5851,0.220815,17,39,43,210.64,0.4502,0.1532,0.017446,4.015
133478,520,286,806,248,119,179,352.91,0.8767,0.6933,0.364075,23,66,40,154.16,0.7902,0.2425,0.042316,4.485
133491,520,441,961,209,78,105,11.06,0.7243,0.5429,0.200261,15,15,50,278.06,0.6993,0.0939,0.006735,4.411
133497,520,417,937,246,46,8,31.78,0.9938,0.5674,0.215679,30,27,11,98.94,0.4590,0.1182,0.010841,4.367
133499,520,431,951,229,60,77,20.46,0.8883,0.5522,0.204284,34,19,8,56.40,0.5034,0.1029,0.008234,4.367
133505,520,460,980,231,35,6,30.95,0.9939,0.5288,0.182072,10,9,21,286.75,0.3815,0.0577,0.003140,4.367
133506,520,433,953,232,55,25,31.98,0.9681,0.5469,0.199614,38,11,19,3.76,0.5577,0.0966,0.006985,4.380
133515,520,356,876,225,75,221,328.98,0.8961,0.6191,0.262623,57,27,65,318.86,0.5710,0.1797,0.020355,4.444
133545,520,418,938,249,20,25,28.15,0.9913,0.5608,0.207139,24,25,47,280.41,0.4173,0.1217,0.010947,4.219
133549,520,390,910,227,4,235,326.48,0.9979,0.5914,0.224182,48,32,3,78.91,0.8540,0.1538,0.016680,4.112
133567,520,423,943,203,3,251,316.94,0.9984,0.5630,0.197283,34,19,28,343.17,0.3255,0.1090,0.008897,4.199
133575,520,362,882,242,60,179,345.70,0.9075,0.6110,0.253666,10,40,86,259.14,0.8321,0.1828,0.022539,4.186
133579,520,292,812,223,112,247,320.23,0.9426,0.6795,0.339934,29,67,15,138.57,0.9400,0.2441,0.043099,4.188
133580,520,442,962,187,0,254,312.06,1.0000,0.5394,0.177217,34,10,1,46.95,0.8583,0.0835,0.005594,4.087
133601,520,410,930,253,26,7,29.90,0.9957,0.5708,0.216406,9,12,88,268.87,0.9680,0.1269,0.010255,4.421
133618,520,390,910,245,2,186,343.09,0.9985,0.5936,0.230042,0,16,108,264.10,0.9824,0.1550,0.014532,4.340
133619,520,304,824,253,74,229,334.00,0.9901,0.6686,0.314404,58,54,17,103.16,0.6742,0.2287,0.035784,4.248
133629,520,456,976,220,65,41,31.66,0.9159,0.5348,0.191589,4,16,0,135.31,1.0000,0.0622,0.003964,4.477
133637,520,362,882,189,104,235,312.16,0.8279,0.6139,0.267185,11,40,83,258.59,0.8023,0.1805,0.022131,4.397
133650,520,423,943,189,77,211,320.71,0.8040,0.5590,0.208310,10,19,58,268.86,0.7949,0.1060,0.008357,4.426
133656,520,407,927,209,46,222,324.71,0.9331,0.5678,0.207851,35,18,59,299.51,0.6585,0.1279,0.011057,4.223
133667,520,390,910,240,3,192,340.34,0.9976,0.5875,0.223992,34,1,101,284.04,0.9935,0.1512,0.013013,4.348
133682,520,428,948,238,45,76,19.17,0.9401,0.5570,0.205789,22,23,12,112.49,0.3277,0.0989,0.008099,4.403
133695,520,366,886,236,28,232,329.23,0.9841,0.6111,0.244922,54,24,66,315.31,0.6176,0.1704,0.018310,4.317
133716,520,425,945,211,24,225,324.77,0.9759,0.5615,0.199403,10,28,32,213.90,0.4714,0.1109,0.009993,4.157
133718,520,357,877,228,104,140,4.00,0.7173,0.6245,0.282905,1,50,45,184.22,0.9789,0.1829,0.024770,4.452
133721,520,280,800,249,128,96,35.82,0.9110,0.6868,0.364255,29,66,64,190.73,0.5232,0.2539,0.045276,4.348
133730,520,111,631,237,209,220,352.11,0.4316,0.8685,0.687735,3,112,49,149.85,0.9965,0.3948,0.118289,4.384
133756,520,431,951,143,103,226,295.61,0.7562,0.5503,0.210312,42,13,3,41.82,0.7893,0.1029,0.007867,4.498
133762,520,392,912,241,60,132,1.88,0.8868,0.5899,0.236015,2,26,87,262.86,0.9706,0.1470,0.014397,4.441
133772,520,429,949,243,7,82,15.26,0.9943,0.5521,0.198193,51,2,0,31.09,1.0000,0.1035,0.007474,4.318
133786,520,470,990,208,37,156,344.20,0.8777,0.5196,0.171355,0,9,12,212.47,1.0000,0.0448,0.002219,4.239
133791,520,388,908,252,37,108,9.78,0.9772,0.5876,0.231049,36,33,32,39.39,0.0505,0.1473,0.015671,4.280
133795,520,442,962,188,14,244,314.30,0.9896,0.5352,0.175383,0,9,56,263.37,1.0007,0.0785,0.004809,4.112
133803,520,418,938,225,34,166,344.98,0.9273,0.5551,0.199074,42,12,45,323.96,0.6647,0.1179,0.009447,4.190
133812,520,468,988,218,49,71,19.73,0.8975,0.5189,0.175596,13,1,18,317.54,0.8021,0.0407,0.001510,4.380
133829,520,471,991,212,0,164,341.97,1.0000,0.5177,0.166797,10,3,16,310.45,0.6004,0.0416,0.001671,4.196
133834,520,423,943,222,59,148,351.82,0.8319,0.5597,0.207981,8,5,82,269.54,0.9846,0.1094,0.007693,4.472
133841,520,395,915,217,66,206,331.09,0.8723,0.5877,0.231064,30,15,84,283.83,0.8632,0.1418,0.012577,4.491
133843,520,444,964,226,62,24,33.70,0.9629,0.5419,0.196828,21,19,1,104.33,0.8828,0.0849,0.006274,4.386
133844,520,448,968,227,31,120,1.21,0.9318,0.5378,0.186697,12,19,4,128.36,0.6575,0.0773,0.005527,4.263
133850,520,446,966,239,3,48,23.54,0.9982,0.5372,0.186326,18,17,12,97.92,0.1641,0.0794,0.005560,4.253
133854,520,468,988,212,23,155,345.18,0.9352,0.5194,0.169787,3,5,14,268.25,0.4683,0.0387,0.001596,4.260
133863,520,458,978,232,35,36,27.54,0.9699,0.5325,0.184883,29,3,9,7.20,0.7362,0.0645,0.003461,4.394
133864,520,465,985,218,34,112,2.67,0.9067,0.5186,0.172219,7,2,31,285.34,0.8791,0.0462,0.001875,4.284
133881,520,419,939,212,59,177,338.76,0.8326,0.5557,0.203014,5,30,9,147.02,0.9260,0.1069,0.009805,4.231
133893,520,418,938,210,81,131,359.20,0.7079,0.5573,0.212273,50,10,29,354.81,0.6851,0.1205,0.009840,4.383
133902,520,14,534,247,254,209,114.67,0.9810,0.9773,0.952613,29,133,71,151.86,0.9549,0.4722,0.174905,4.458
133913,520,354,874,230,42,251,323.31,0.9852,0.6206,0.254462,68,20,56,338.83,0.6627,0.1811,0.020150,4.340
133930,520,436,956,235,18,135,356.97,0.9728,0.5541,0.198471,31,13,25,340.86,0.4378,0.0915,0.006494,4.398
133932,520,461,981,236,14,10,29.11,0.9933,0.5305,0.181721,4,4,32,274.67,0.8646,0.0488,0.002169,4.442
133935,520,443,963,233,49,25,30.98,0.9703,0.5437,0.195935,9,18,31,257.48,0.4384,0.0826,0.005896,4.400
133966,520,363,883,231,48,225,329.66,0.9544,0.6083,0.245415,22,36,78,267.17,0.6614,0.1713,0.019823,4.231
133969,520,432,952,189,98,137,354.34,0.5446,0.5520,0.213617,2,23,51,255.28,0.8735,0.1048,0.008647,4.495
133975,520,466,986,129,88,235,291.29,0.8477,0.5156,0.176446,12,6,24,297.60,0.5663,0.0548,0.002744,4.293
133989,520,374,894,249,13,174,347.46,0.9903,0.5973,0.234869,18,39,49,230.45,0.4572,0.1568,0.018013,4.188
133990,520,470,990,214,43,121,359.12,0.8616,0.5200,0.174068,3,0,31,276.32,1.0000,0.0371,0.001183,4.378
133992,520,441,961,201,92,56,38.55,0.7634,0.5402,0.203592,7,20,33,249.45,0.5230,0.0875,0.006553,4.484
134088,520,319,839,212,122,189,337.23,0.6258,0.6500,0.315918,30,59,8,134.93,0.9474,0.2172,0.034214,4.345
134089,520,398,918,250,45,82,18.35,0.9693,0.5825,0.228135,51,22,23,18.98,0.4799,0.1398,0.013396,4.387
134109,520,400,920,244,35,146,355.71,0.9506,0.5832,0.225137,57,16,11,29.70,0.7388,0.1373,0.012647,4.392
134115,520,361,881,254,37,178,347.78,0.9921,0.6172,0.256118,74,10,47,350.59,0.7833,0.1765,0.018784,4.450
134125,520,370,890,247,88,23,38.76,0.9754,0.6132,0.268188,15,46,24,150.65,0.7997,0.1677,0.021214,4.468
134126,520,452,972,163,92,185,317.75,0.6263,0.5275,0.189443,0,20,2,145.78,1.0000,0.0711,0.005047,4.350
134130,520,87,607,215,229,227,186.67,0.1954,0.8961,0.760314,6,118,36,145.89,0.9956,0.4133,0.131224,4.471
134185,520,385,905,196,85,225,318.75,0.8347,0.5891,0.236703,26,27,77,277.06,0.7118,0.1523,0.015392,4.384
134189,520,463,983,204,49,173,337.62,0.8436,0.5303,0.180531,15,3,19,318.40,0.6573,0.0484,0.002137,4.422
134233,520,320,840,205,111,240,316.05,0.8701,0.6493,0.306405,49,51,20,112.22,0.5783,0.2101,0.030711,4.416
134259,520,414,934,251,21,35,26.96,0.9905,0.5661,0.211706,25,31,10,122.59,0.5760,0.1240,0.012086,4.215
134263,520,407,927,225,49,174,342.84,0.8902,0.5689,0.212627,37,27,30,358.61,0.1740,0.1323,0.012709,4.188
134285,520,319,839,252,100,104,21.73,0.9609,0.6489,0.308126,19,59,32,151.42,0.8400,0.2152,0.033705,4.278
134289,520,450,970,232,3,127,358.74,0.9951,0.5414,0.187562,6,14,36,265.57,0.6494,0.0744,0.004801,4.335
134306,520,318,838,253,41,253,328.24,0.9944,0.6599,0.295634,94,20,14,29.10,0.8845,0.2201,0.029121,4.368
134327,520,479,999,143,90,204,302.83,0.6956,0.5107,0.175119,1,0,0,29.23,1.0000,0.0090,0.000065,4.497
134349,520,426,946,226,45,166,345.57,0.8974,0.5638,0.208013,22,26,27,214.44,0.0832,0.1118,0.009885,4.308
134350,520,363,883,219,54,249,320.76,0.9737,0.6092,0.245399,79,7,6,27.96,0.9492,0.1729,0.018277,4.326
134351,520,378,898,245,24,179,345.30,0.9773,0.5952,0.233236,37,40,0,114.02,1.0000,0.1615,0.019109,4.098
134352,520,13,533,241,252,246,162.48,0.5976,0.9781,0.949751,16,134,53,147.63,0.9879,0.4698,0.174166,4.460
134363,520,432,952,177,52,252,308.29,0.9819,0.5461,0.188322,9,29,0,135.69,1.0000,0.1042,0.009368,4.014
134366,520,480,1000,169,62,208,315.43,0.8253,0.5084,0.164352,0,0,0,0.00,0.0000,0.0000,0.000000,4.287
134374,520,423,943,246,20,88,14.28,0.9828,0.5630,0.208012,34,7,63,299.96,0.8432,0.1141,0.008509,4.410
134384,520,418,938,193,41,249,314.05,0.9712,0.5593,0.197642,48,9,32,348.01,0.6931,0.1168,0.009281,4.177
134395,520,454,974,162,58,255,302.66,1.0000,0.5334,0.179280,5,4,54,271.14,0.9655,0.0711,0.003854,4.257
134399,520,384,904,233,51,181,342.61,0.9093,0.5885,0.230302,41,23,71,297.26,0.6646,0.1546,0.015392,4.287
134422,520,475,995,216,56,53,26.61,0.9016,0.5185,0.176868,0,6,2,156.67,1.0000,0.0333,0.001346,4.418
134427,520,461,981,168,61,241,307.22,0.9210,0.5323,0.180139,5,7,20,273.10,0.4909,0.0485,0.002347,4.396
134445,520,352,872,247,37,213,336.50,0.9742,0.6227,0.259044,9,55,4,141.49,0.9868,0.1931,0.027991,3.963
134447,520,398,918,221,22,233,325.41,0.9849,0.5837,0.218313,63,8,24,9.09,0.7976,0.1423,0.012966,4.261
134449,520,470,990,230,25,1,30.40,0.9990,0.5212,0.175235,4,2,32,276.95,0.9262,0.0441,0.001735,4.354
134453,520,461,981,181,39,241,312.38,0.9531,0.5329,0.176267,16,4,10,346.99,0.4890,0.0481,0.002189,4.336
134455,520,21,541,254,252,160,107.26,0.9872,0.9680,0.932302,12,131,79,156.71,0.9825,0.4646,0.168745,4.491
134457,520,428,948,247,23,3,29.98,0.9979,0.5568,0.203971,0,30,6,147.94,1.0000,0.1035,0.009417,4.274
134459,520,422,942,246,7,63,20.68,0.9958,0.5550,0.201072,36,18,34,330.95,0.4240,0.1126,0.009232,4.239
134461,520,392,912,255,32,96,13.55,1.0000,0.5882,0.231413,9,33,72,259.76,0.7974,0.1517,0.016136,4.255
134464,520,386,906,233,65,158,351.13,0.8533,0.5898,0.235756,65,14,16,22.61,0.7808,0.1515,0.014755,4.413
134466,520,452,972,137,92,233,294.03,0.8231,0.5294,0.188559,18,5,41,294.86,0.7929,0.0712,0.003972,4.420
134468,520,375,895,211,73,228,323.14,0.8904,0.5993,0.242171,67,15,30,7.17,0.7143,0.1606,0.016289,4.408
134485,520,384,904,253,52,54,26.46,0.9902,0.5893,0.236087,47,19,66,308.91,0.6862,0.1517,0.014635,4.426
134495,520,464,984,218,47,77,17.32,0.8953,0.5184,0.174769,11,8,1,95.14,0.7261,0.0490,0.002470,4.284
134500,520,424,944,245,32,17,29.73,0.9870,0.5570,0.204895,20,7,72,280.54,0.9275,0.1080,0.007685,4.419
134512,520,386,906,255,11,132,1.43,1.0000,0.5916,0.231690,22,41,13,136.66,0.7645,0.1531,0.017855,4.151
134513,520,440,960,182,72,223,315.35,0.8447,0.5507,0.199086,36,9,4,34.95,0.7315,0.0860,0.005793,4.464
134531,520,474,994,192,30,203,325.16,0.9337,0.5155,0.164484,12,0,14,324.12,1.0000,0.0347,0.001099,4.197
134544,520,457,977,178,46,233,313.01,0.9278,0.5265,0.173032,23,4,9,3.08,0.6054,0.0571,0.002887,4.217
134552,520,433,953,200,22,239,318.60,0.9818,0.5530,0.190867,17,1,72,279.11,0.9906,0.0968,0.006087,4.295
134554,520,458,978,206,70,103,9.51,0.7476,0.5262,0.184835,14,13,7,100.13,0.2489,0.0647,0.003966,4.352
134557,520,443,963,214,30,188,335.41,0.9388,0.5447,0.188577,22,12,21,330.05,0.3237,0.0759,0.004877,4.348
134559,520,364,884,246,32,191,342.20,0.9709,0.6064,0.243906,13,48,5,140.14,0.9735,0.1703,0.022103,4.076
134568,520,401,921,169,93,246,303.56,0.9048,0.5790,0.229180,3,18,95,265.13,0.9681,0.1420,0.012781,4.447
134575,520,446,966,232,43,40,27.75,0.9576,0.5382,0.190398,22,17,12,66.87,0.2051,0.0837,0.005980,4.294
134609,520,460,980,185,58,214,319.40,0.8643,0.5332,0.181967,2,5,39,267.77,0.9359,0.0553,0.002679,4.403
134611,520,444,964,226,25,127,358.19,0.9462,0.5355,0.183991,18,13,32,294.21,0.4677,0.0792,0.005207,4.238
134612,520,374,894,246,27,177,346.16,0.9735,0.5972,0.235542,18,21,102,270.86,0.9383,0.1627,0.016241,4.311
134619,520,421,941,176,89,209,315.75,0.7388,0.5557,0.209792,14,18,65,272.74,0.8250,0.1131,0.009076,4.398
134623,520,348,868,223,85,229,326.07,0.8901,0.6322,0.278441,11,51,49,190.27,0.7509,0.1913,0.026604,4.287
134628,520,344,864,230,49,252,322.99,0.9883,0.6256,0.260501,15,41,86,260.55,0.7691,0.1874,0.023592,4.219
134639,520,467,987,210,17,170,339.72,0.9586,0.5214,0.170070,5,2,29,281.49,0.8858,0.0426,0.001644,4.261
134640,520,473,993,158,71,229,305.59,0.8553,0.5203,0.174333,5,2,1,48.86,0.4298,0.0265,0.000779,4.418
134643,520,417,937,231,60,118,5.44,0.8568,0.5664,0.215315,8,6,90,268.66,0.9860,0.1216,0.009200,4.482
134658,520,460,980,157,80,223,305.62,0.8094,0.5266,0.182336,20,4,32,308.18,0.7464,0.0646,0.003399,4.351
134665,520,377,897,214,47,254,318.51,0.9952,0.6000,0.234867,66,11,52,340.23,0.7563,0.1641,0.016457,4.286
134666,520,464,984,163,88,183,318.85,0.6403,0.5194,0.181856,15,3,15,327.47,0.6065,0.0465,0.002012,4.458
134696,520,383,903,227,23,239,325.48,0.9874,0.5986,0.231780,52,1,82,307.15,0.9787,0.1531,0.013610,4.430
134723,520,442,962,229,50,55,25.31,0.9331,0.5393,0.192180,41,2,2,27.31,0.9464,0.0830,0.005193,4.388
134729,520,466,986,137,76,254,292.91,0.9909,0.5229,0.176430,14,3,20,313.95,0.6686,0.0478,0.002090,4.347
134732,520,367,887,250,35,171,348.99,0.9641,0.6055,0.244697,66,25,9,40.68,0.7575,0.1697,0.018734,4.287
134740,520,454,974,230,29,92,11.54,0.9523,0.5345,0.184774,19,8,27,309.36,0.5395,0.0679,0.003913,4.355
134741,520,390,910,221,54,223,327.57,0.9319,0.5944,0.233403,68,12,10,27.15,0.8660,0.1542,0.015140,4.351
134756,520,467,987,204,20,185,333.62,0.9540,0.5203,0.168424,16,4,1,46.29,0.7126,0.0449,0.001992,4.201
134773,520,442,962,221,10,168,343.00,0.9815,0.5395,0.184189,13,20,12,141.52,0.3183,0.0827,0.006124,4.173
134778,520,418,938,229,45,146,353.14,0.8944,0.5603,0.206129,44,9,51,320.48,0.7463,0.1214,0.009699,4.290
134785,520,473,993,210,29,153,345.51,0.9097,0.5173,0.168825,4,0,17,294.00,1.0000,0.0270,0.000663,4.319
134788,520,396,916,225,77,139,358.19,0.7798,0.5812,0.231819,38,27,47,308.88,0.3667,0.1418,0.014012,4.403
134790,520,421,941,205,3,241,319.64,0.9980,0.5581,0.193968,7,20,64,266.16,0.8708,0.1122,0.009156,4.124
134794,520,473,993,177,64,203,319.52,0.8120,0.5193,0.173268,10,2,4,359.77,0.5179,0.0338,0.001167,4.363
134803,520,399,919,210,61,222,324.72,0.9023,0.5816,0.223149,8,30,66,259.77,0.7877,0.1384,0.013734,4.286
134804,520,407,927,211,47,224,324.74,0.9356,0.5732,0.212656,1,27,71,259.26,0.9707,0.1321,0.012452,4.206
134819,520,477,997,218,1,130,354.78,0.9974,0.5135,0.165414,2,2,2,0.00,0.0000,0.0229,0.000607,4.257
134833,520,339,859,230,62,254,322.29,0.9956,0.6365,0.274262,48,20,110,288.85,0.8654,0.1974,0.022545,4.470
134844,520,427,947,237,51,50,26.87,0.9456,0.5557,0.206056,21,17,39,290.14,0.4737,0.0951,0.007068,4.487
134846,520,443,963,240,22,11,29.47,0.9914,0.5417,0.191266,18,20,2,114.52,0.7943,0.0847,0.006333,4.283
134857,520,443,963,212,35,174,339.20,0.9076,0.5355,0.182573,30,3,37,318.94,0.8029,0.0801,0.004747,4.248
134865,520,468,988,204,76,38,36.62,0.8752,0.5183,0.181483,2,5,11,254.29,0.4579,0.0363,0.001456,4.499
134867,520,392,912,219,12,244,322.46,0.9942,0.5857,0.218567,57,23,2,49.93,0.8767,0.1482,0.014872,4.140
134869,520,443,963,211,75,104,11.04,0.7449,0.5421,0.198827,6,9,58,270.14,0.9325,0.0848,0.005395,4.492
134871,520,331,851,229,65,252,322.42,0.9868,0.6360,0.274690,89,17,6,31.86,0.9338,0.2049,0.025383,4.307
134879,520,391,911,212,109,39,50.21,0.8495,0.5867,0.250829,13,41,16,145.71,0.8657,0.1483,0.017088,4.484
134889,520,408,928,220,89,82,25.98,0.7715,0.5727,0.229720,45,21,38,338.96,0.4529,0.1339,0.012342,4.487
134900,520,347,867,246,59,202,339.58,0.9450,0.6288,0.269880,24,34,104,270.54,0.8509,0.1929,0.023376,4.359
134910,520,410,930,221,57,181,339.79,0.8654,0.5719,0.216369,7,37,13,147.41,0.9249,0.1316,0.013973,4.164
134922,520,470,990,232,1,41,24.55,0.9993,0.5208,0.173407,5,1,31,281.46,0.9482,0.0418,0.001529,4.336
134939,520,388,908,197,72,244,315.04,0.9338,0.5882,0.230380,17,40,12,140.14,0.8507,0.1464,0.016633,4.208
134947,520,406,926,237,19,176,344.36,0.9781,0.5768,0.216078,19,19,72,275.71,0.8212,0.1257,0.010720,4.382
134949,520,455,975,180,14,250,310.76,0.9905,0.5280,0.169205,22,4,16,341.15,0.6107,0.0582,0.002948,4.140
134971,520,339,859,253,97,27,40.33,0.9865,0.6366,0.295146,7,56,12,144.34,0.9792,0.1968,0.028999,4.369
134980,520,458,978,151,78,238,300.42,0.8793,0.5282,0.182014,28,0,11,356.83,1.0000,0.0572,0.002711,4.402
135007,520,292,812,200,139,212,320.83,0.5994,0.6771,0.354990,21,66,50,166.39,0.7413,0.2447,0.042860,4.361
135033,520,362,882,255,6,173,348.90,1.0000,0.6072,0.244110,8,17,123,266.42,0.9819,0.1803,0.018824,4.273
135039,520,316,836,243,71,245,327.51,0.9662,0.6591,0.301563,2,30,141,264.27,0.9735,0.2215,0.028643,4.470
135041,520,405,925,253,40,24,29.77,0.9925,0.5785,0.224699,37,29,12,84.81,0.4865,0.1322,0.012986,4.361
135047,520,2,522,255,255,255,0.00,0.0000,1.0000,1.000000,5,140,10,142.75,0.9981,0.4845,0.188095,4.410
135050,520,428,948,206,34,225,323.33,0.9574,0.5575,0.197039,37,14,14,21.18,0.4915,0.0986,0.007392,4.304
135066,520,454,974,233,29,36,26.99,0.9776,0.5313,0.183329,16,0,49,289.37,1.0000,0.0673,0.003319,4.376
135067,520,401,921,209,66,208,328.21,0.8610,0.5758,0.220076,14,30,70,264.84,0.7374,0.1447,0.014640,4.178
135076,520,463,983,208,5,197,331.28,0.9917,0.5314,0.175517,1,9,13,221.24,0.7209,0.0462,0.002309,4.311
135078,520,384,904,241,38,171,347.16,0.9468,0.5899,0.230303,10,8,107,268.13,0.9878,0.1486,0.012996,4.450
135079,520,479,999,174,75,178,326.07,0.7056,0.5124,0.172463,0,1,1,194.77,1.0000,0.0143,0.000239,4.428
135082,520,450,970,232,32,106,7.17,0.9422,0.5439,0.192324,13,14,11,122.13,0.1063,0.0672,0.004238,4.468
135084,520,467,987,205,3,185,333.86,0.9933,0.5176,0.165490,16,2,13,335.02,0.6764,0.0444,0.001826,4.158
135094,520,437,957,245,15,10,29.16,0.9939,0.5501,0.197796,38,6,8,20.08,0.7390,0.0855,0.005599,4.457
135122,520,368,888,242,29,205,337.42,0.9768,0.6054,0.241667,69,17,38,359.32,0.6885,0.1702,0.018062,4.285
135127,520,408,928,213,93,93,22.45,0.7004,0.5691,0.227673,18,30,39,241.54,0.3245,0.1252,0.012036,4.476
135130,520,282,802,219,136,199,336.21,0.6418,0.6894,0.367935,47,63,47,144.79,0.2988,0.2507,0.043645,4.463
135141,520,468,988,231,6,70,17.51,0.9940,0.5240,0.175644,18,1,7,354.96,0.7722,0.0423,0.001657,4.368
135150,520,350,870,236,34,254,324.18,0.9965,0.6288,0.261351,2,17,133,264.69,0.9874,0.1923,0.021071,4.381
135165,520,477,997,164,87,161,328.64,0.5798,0.5064,0.172830,0,3,4,211.91,1.0000,0.0247,0.000739,4.392
135170,520,381,901,228,25,241,325.25,0.9867,0.6024,0.235424,34,11,103,282.22,0.9399,0.1636,0.015586,4.352
135182,520,360,880,235,78,192,340.56,0.8646,0.6228,0.269193,34,43,56,257.53,0.2460,0.1841,0.023533,4.341
135186,520,406,926,243,47,115,6.98,0.9250,0.5779,0.223288,9,12,92,268.56,0.9720,0.1321,0.010936,4.485
135189,520,430,950,221,75,78,23.10,0.8232,0.5543,0.209569,4,24,31,223.14,0.6814,0.0955,0.007780,4.492
135191,520,435,955,210,58,174,339.19,0.8273,0.5496,0.197858,31,13,25,340.86,0.4378,0.0915,0.006494,4.387
135234,520,478,998,226,8,1,29.48,0.9990,0.5070,0.163476,4,0,9,309.30,1.0000,0.0221,0.000455,4.231
135240,520,233,753,227,146,238,322.58,0.8498,0.7364,0.430631,6,73,108,239.43,0.9058,0.2926,0.058862,4.415
135256,520,413,933,204,44,235,320.20,0.9486,0.5676,0.206385,27,26,33,291.81,0.1470,0.1193,0.010816,4.216
135259,520,368,888,227,49,231,327.15,0.9546,0.6061,0.242993,28,25,96,276.61,0.8494,0.1695,0.017866,4.317
135261,520,442,962,179,41,250,309.79,0.9745,0.5389,0.180727,27,1,45,307.40,0.9375,0.0787,0.004442,4.238
135262,520,319,839,254,67,205,340.76,0.9928,0.6510,0.294961,86,11,73,336.61,0.8071,0.2164,0.026991,4.481
135278,520,370,890,226,82,178,343.30,0.8014,0.6055,0.254201,51,26,68,309.63,0.5984,0.1711,0.018600,4.434
135294,520,362,882,205,77,246,316.73,0.9448,0.6070,0.249422,62,32,40,3.37,0.4005,0.1844,0.022105,4.153
135304,520,479,999,216,55,24,32.65,0.9578,0.5146,0.173998,3,0,0,29.23,1.0000,0.0143,0.000194,4.463
135313,520,404,924,192,75,238,314.73,0.8998,0.5799,0.224128,42,24,31,354.80,0.3164,0.1325,0.012445,4.390
135314,520,417,937,246,28,104,9.67,0.9691,0.5700,0.214263,28,8,73,287.82,0.8899,0.1184,0.009016,4.478
135317,520,440,960,200,21,237,319.06,0.9821,0.5510,0.189317,43,0,20,356.73,1.0000,0.0888,0.005642,4.301
135330,520,410,930,204,57,222,323.09,0.9037,0.5683,0.210392,34,25,36,320.13,0.2523,0.1263,0.011627,4.225
135342,520,386,906,220,60,218,328.57,0.9120,0.5945,0.235114,52,24,40,345.97,0.4568,0.1519,0.015366,4.362
135343,520,460,980,211,10,183,336.01,0.9806,0.5291,0.174870,14,10,13,334.88,0.1478,0.0600,0.003395,4.211
135367,520,432,952,195,80,165,338.99,0.6981,0.5455,0.200576,14,4,69,276.58,0.9661,0.0951,0.006098,4.467
135388,520,375,895,226,7,247,323.53,0.9972,0.5989,0.230384,12,41,48,216.30,0.6171,0.1593,0.018774,4.077
135413,520,418,938,235,60,0,34.86,1.0000,0.5568,0.208970,5,20,76,265.49,0.9286,0.1237,0.010543,4.277
135414,520,365,885,229,99,120,12.68,0.7455,0.6123,0.269403,0,48,19,151.38,1.0000,0.1676,0.021608,4.460
135428,520,479,999,215,48,20,31.88,0.9683,0.5057,0.166140,1,0,3,302.89,1.0000,0.0124,0.000130,4.312
135444,520,340,860,243,109,7,47.40,0.9917,0.6367,0.300103,40,50,40,145.00,0.2117,0.2030,0.028855,4.440
135465,520,386,906,245,8,183,343.98,0.9938,0.5931,0.230082,13,24,92,268.39,0.9189,0.1534,0.015114,4.301
135472,520,479,999,201,69,94,12.80,0.7431,0.5132,0.174839,2,0,0,29.23,1.0000,0.0120,0.000129,4.485
135481,520,462,982,204,6,211,326.53,0.9920,0.5342,0.176726,16,1,20,320.44,0.8132,0.0455,0.001824,4.375
135527,520,39,559,236,247,205,119.39,0.7400,0.9502,0.887621,40,127,49,144.86,0.9480,0.4520,0.158510,4.497
135531,520,369,889,236,53,210,334.85,0.9388,0.6112,0.250349,64,17,59,332.28,0.6979,0.1716,0.018068,4.412
135541,520,478,998,205,62,69,22.25,0.8275,0.5062,0.168562,3,2,0,94.54,1.0000,0.0233,0.000628,4.317
135560,520,429,949,193,16,246,315.23,0.9890,0.5455,0.183632,40,10,8,26.86,0.6781,0.0955,0.006858,4.109
135563,520,413,933,226,80,76,25.42,0.8329,0.5696,0.224305,8,33,9,144.22,0.9106,0.1182,0.011590,4.454
135564,520,479,999,170,89,134,347.03,0.5230,0.5058,0.174131,0,0,6,264.05,1.0000,0.0126,0.000131,4.471
135577,520,457,977,213,68,62,26.67,0.8494,0.5276,0.186306,27,2,14,351.93,0.7604,0.0608,0.003082,4.452
135579,520,423,943,187,52,255,310.65,1.0000,0.5632,0.202418,27,24,21,67.40,0.0959,0.1094,0.009404,4.249
135604,520,452,972,210,25,185,335.22,0.9456,0.5333,0.179018,19,12,25,308.32,0.3711,0.0743,0.004716,4.186
135653,520,477,997,217,5,131,354.29,0.9870,0.5128,0.165015,9,0,1,12.98,1.0000,0.0247,0.000603,4.249
135654,520,464,984,179,79,170,331.07,0.6766,0.5212,0.180792,7,11,2,125.17,0.6471,0.0526,0.002889,4.364
135683,520,361,881,240,28,229,330.88,0.9847,0.6161,0.250157,70,13,55,340.58,0.7485,0.1757,0.018660,4.372
135685,520,473,993,234,0,5,28.90,1.0000,0.5227,0.175066,0,2,20,262.78,1.0002,0.0303,0.000939,4.418
135737,520,448,968,222,32,145,351.27,0.9190,0.5383,0.186095,20,17,9,89.93,0.2901,0.0807,0.005694,4.239
135743,520,244,764,251,139,172,2.07,0.8777,0.7285,0.419557,63,70,7,116.23,0.9113,0.2803,0.054524,4.492
135755,520,460,980,203,62,150,346.40,0.7740,0.5292,0.183457,27,5,5,23.04,0.6621,0.0641,0.003525,4.362
135781,520,416,936,213,93,98,19.98,0.6915,0.5702,0.228588,1,32,41,220.77,0.9350,0.1229,0.011995,4.494
135797,520,362,882,255,12,186,345.27,1.0000,0.6145,0.250716,69,26,28,19.48,0.5849,0.1809,0.020880,4.243
135802,520,362,882,244,48,190,342.36,0.9431,0.6110,0.250677,14,39,83,260.76,0.7728,0.1791,0.021688,4.194
135818,520,432,952,224,32,155,348.31,0.9260,0.5468,0.192495,16,17,54,276.90,0.7039,0.1022,0.007774,4.197
135819,520,432,952,183,34,255,310.15,1.0000,0.5451,0.184324,9,25,18,163.93,0.5044,0.0960,0.007970,4.042
135820,520,455,975,202,24,206,327.20,0.9589,0.5323,0.176679,29,2,0,34.33,1.0000,0.0598,0.003047,4.273
135832,520,442,962,212,7,194,333.13,0.9888,0.5372,0.180462,14,7,49,282.53,0.8351,0.0781,0.004671,4.215
135842,520,425,945,229,43,138,355.87,0.8989,0.5557,0.202235,27,2,75,287.50,0.9718,0.1119,0.007844,4.361
135843,520,446,966,226,21,138,354.18,0.9567,0.5383,0.185428,15,5,50,284.57,0.8744,0.0765,0.004404,4.327
135847,520,281,801,205,130,249,311.76,0.9142,0.6865,0.357849,7,67,62,186.15,0.9111,0.2483,0.044071,4.336
135854,520,393,913,214,75,205,330.51,0.8403,0.5918,0.237380,20,26,75,272.62,0.7569,0.1437,0.013955,4.494
135879,520,458,978,232,11,72,17.20,0.9892,0.5277,0.178661,15,8,13,336.96,0.2612,0.0568,0.003043,4.311
135886,520,424,944,226,68,94,15.57,0.8359,0.5586,0.211138,9,26,42,248.83,0.5643,0.1102,0.009640,4.379
135892,520,302,822,253,65,237,331.91,0.9916,0.6654,0.307807,86,27,64,345.29,0.6570,0.2287,0.031328,4.400
135925,520,429,949,214,47,182,337.40,0.8817,0.5518,0.197087,29,10,45,306.01,0.6923,0.0959,0.006678,4.360
135926,520,290,810,254,79,234,332.95,0.9953,0.6779,0.326063,45,61,7,125.31,0.9113,0.2352,0.039107,4.220
135930,520,382,902,239,5,213,334.59,0.9970,0.5984,0.232662,61,20,26,13.89,0.6077,0.1550,0.015671,4.304
135934,520,412,932,229,24,180,341.41,0.9643,0.5654,0.206092,25,29,31,229.20,0.0861,0.1245,0.011843,4.141
135955,520,340,860,253,43,221,335.83,0.9902,0.6411,0.278341,86,11,36,7.48,0.8263,0.1985,0.023455,4.470
135973,520,406,926,255,26,43,26.09,1.0000,0.5771,0.221771,37,29,15,80.80,0.3969,0.1328,0.013066,4.309
135978,520,411,931,224,16,213,331.07,0.9858,0.5735,0.210244,44,9,45,326.69,0.7185,0.1171,0.009204,4.396
135986,520,453,973,189,80,146,345.70,0.6541,0.5266,0.186330,3,14,38,260.91,0.7878,0.0737,0.004734,4.318
135992,520,376,896,226,32,238,325.40,0.9789,0.5997,0.233771,11,37,67,254.11,0.7096,0.1593,0.017994,4.173
136011,520,433,953,242,33,10,30.35,0.9922,0.5509,0.199903,2,4,76,265.84,0.9903,0.0964,0.006215,4.445
136016,520,431,951,174,97,176,326.24,0.5882,0.5463,0.206836,14,22,30,248.89,0.2872,0.0958,0.007609,4.458
136030,520,271,791,243,141,45,58.25,0.9219,0.6955,0.382965,9,72,47,160.77,0.9464,0.2601,0.048978,4.374
136037,520,471,991,210,26,163,342.08,0.9262,0.5210,0.170870,9,2,12,318.30,0.6218,0.0360,0.001280,4.307
136051,520,358,878,255,60,128,5.62,1.0000,0.6152,0.260538,35,16,115,279.41,0.9380,0.1850,0.019656,4.458
136069,520,460,980,203,72,119,1.66,0.7218,0.5286,0.186651,5,13,5,144.26,0.5367,0.0566,0.003311,4.439
136071,520,462,982,208,3,192,332.66,0.9945,0.5277,0.172828,11,4,25,297.29,0.6816,0.0501,0.002282,4.262
136120,520,392,912,241,61,121,6.07,0.8886,0.5873,0.234219,66,9,38,354.65,0.7726,0.1549,0.014938,4.377
136138,520,429,949,207,52,195,331.54,0.8728,0.5512,0.196634,20,10,65,282.04,0.8645,0.1043,0.007474,4.291
136139,520,479,999,198,74,57,30.48,0.7976,0.5067,0.172007,2,0,2,328.36,1.0000,0.0139,0.000173,4.425
136140,520,453,973,227,27,107,5.66,0.9466,0.5315,0.181791,6,12,34,268.25,0.6482,0.0686,0.004171,4.279
136154,520,429,949,192,83,179,332.36,0.7050,0.5523,0.206491,30,16,36,315.17,0.4642,0.1015,0.007740,4.442
136159,520,462,982,213,39,145,349.47,0.8753,0.5251,0.176438,14,8,4,62.88,0.3448,0.0529,0.002758,4.292
136172,520,463,983,164,87,196,314.96,0.6898,0.5274,0.186952,10,7,20,293.86,0.4391,0.0530,0.002670,4.499
136175,520,402,922,244,59,46,29.04,0.9544,0.5763,0.225617,5,33,42,222.88,0.7452,0.1285,0.012871,4.384
136177,520,447,967,214,72,85,19.06,0.7926,0.5389,0.195891,26,12,26,326.90,0.4298,0.0832,0.005572,4.425
136199,520,408,928,217,27,220,327.52,0.9716,0.5695,0.207050,31,11,80,287.15,0.8785,0.1332,0.011098,4.207
136202,520,393,913,255,37,93,14.82,1.0000,0.5900,0.233772,65,10,5,30.25,0.9085,0.1448,0.013521,4.467
136203,520,473,993,171,59,223,312.46,0.8727,0.5197,0.171145,6,4,0,94.54,1.0000,0.0335,0.001256,4.315
136225,520,272,792,221,135,230,323.57,0.7986,0.7049,0.384147,3,73,20,146.08,0.9943,0.2564,0.048347,4.414
136227,520,356,876,228,95,156,354.31,0.7490,0.6167,0.270811,46,39,45,330.65,0.1284,0.1803,0.022214,4.443
136255,520,463,983,221,52,69,21.13,0.8990,0.5272,0.182605,11,3,26,297.75,0.7483,0.0484,0.002109,4.464
136256,520,420,940,224,74,58,29.57,0.8738,0.5553,0.210530,29,2,75,289.49,0.9695,0.1142,0.008126,4.482
136291,520,476,996,182,81,137,348.18,0.6167,0.5126,0.176375,4,0,3,335.23,1.0000,0.0185,0.000324,4.498
136294,520,476,996,164,31,251,305.42,0.9811,0.5118,0.158382,2,2,2,0.00,0.0000,0.0229,0.000607,4.118
136308,520,352,872,211,82,248,317.80,0.9561,0.6230,0.266623,18,53,29,151.38,0.7993,0.1938,0.027634,4.078
136322,520,477,997,222,27,6,30.30,0.9932,0.5052,0.163294,6,0,2,353.79,1.0000,0.0210,0.000431,4.229
136324,520,360,880,147,127,253,287.84,0.9509,0.6201,0.284734,16,50,36,163.52,0.7047,0.1849,0.025186,4.452
136341,520,314,834,244,105,161,357.49,0.8403,0.6591,0.319123,28,56,62,213.08,0.4342,0.2213,0.034229,4.382
136353,520,418,938,189,87,192,326.40,0.7141,0.5609,0.214423,33,25,29,346.77,0.1590,0.1219,0.011073,4.330
136355,520,415,935,243,42,97,12.64,0.9425,0.5696,0.215770,6,30,40,228.61,0.6749,0.1189,0.011204,4.342
136390,520,462,982,186,42,224,317.72,0.9272,0.5288,0.174781,17,1,21,320.72,0.8192,0.0473,0.001950,4.327
136395,520,379,899,240,51,172,347.10,0.9175,0.5969,0.238745,13,34,72,261.13,0.7350,0.1561,0.016974,4.311
136397,520,453,973,238,2,46,23.87,0.9988,0.5346,0.184211,14,14,2,109.18,0.6929,0.0657,0.004118,4.328
136400,520,402,922,231,39,179,342.44,0.9330,0.5758,0.216973,16,21,76,271.96,0.8554,0.1316,0.011682,4.328
136410,520,458,978,211,44,149,347.76,0.8543,0.5268,0.178224,26,2,2,25.68,0.8658,0.0553,0.002674,4.333
136411,520,429,949,228,50,95,12.37,0.8921,0.5451,0.196042,13,22,33,253.92,0.3574,0.0966,0.007692,4.265
136416,520,355,875,242,85,121,10.24,0.8623,0.6155,0.267578,25,45,46,199.83,0.3421,0.1780,0.022806,4.362
136430,520,392,912,230,8,220,330.76,0.9948,0.5871,0.221665,39,33,17,89.66,0.4017,0.1465,0.015595,4.142
136434,520,434,954,242,1,85,14.07,0.9991,0.5494,0.195582,45,1,28,347.91,0.8871,0.0979,0.006635,4.336
136447,520,452,972,206,30,195,331.28,0.9366,0.5346,0.179924,5,16,15,188.68,0.4287,0.0673,0.004373,4.229
136449,520,439,959,242,20,49,24.16,0.9874,0.5480,0.196027,9,19,32,255.38,0.4491,0.0857,0.006281,4.371
136459,520,420,940,232,55,113,6.87,0.8767,0.5622,0.210833,40,12,44,322.50,0.6544,0.1140,0.008960,4.424
136462,520,429,949,242,9,83,14.91,0.9924,0.5506,0.197005,23,18,37,294.84,0.4150,0.0980,0.007483,4.297
136464,520,410,930,186,60,255,309.97,1.0000,0.5687,0.208918,34,29,9,95.55,0.5698,0.1280,0.012386,4.150
136465,520,339,859,217,105,203,332.30,0.7500,0.6357,0.291685,59,41,34,42.18,0.2723,0.1986,0.026313,4.477
136469,520,462,982,193,58,187,329.83,0.8165,0.5279,0.179530,1,2,42,266.60,0.9831,0.0508,0.002170,4.400
136478,520,400,920,246,22,134,359.51,0.9754,0.5771,0.218913,19,13,94,273.61,0.9521,0.1417,0.012344,4.313
136485,520,469,989,196,33,198,327.65,0.9216,0.5206,0.169024,8,0,32,289.31,1.0000,0.0432,0.001559,4.248
136487,520,478,998,219,31,61,20.63,0.9534,0.5060,0.163796,9,0,0,29.23,1.0000,0.0242,0.000581,4.227
136491,520,399,919,171,92,244,304.81,0.8924,0.5785,0.228444,9,33,56,250.14,0.6780,0.1391,0.014312,4.330
136496,520,473,993,184,28,224,317.49,0.9580,0.5172,0.164039,4,2,1,57.67,0.3689,0.0252,0.000714,4.220
136501,520,420,940,201,5,247,317.26,0.9970,0.5568,0.192430,53,0,2,26.24,1.0000,0.1054,0.007614,4.208
136510,520,356,876,236,18,252,324.74,0.9943,0.6218,0.252963,45,9,112,287.69,0.9463,0.1849,0.019231,4.376
136515,520,390,910,227,97,1,46.01,0.9979,0.5897,0.248851,12,40,44,208.01,0.5980,0.1542,0.017775,4.409
136518,520,438,958,187,84,190,326.44,0.7175,0.5523,0.206244,9,17,51,269.11,0.7565,0.0948,0.006980,4.497
136520,520,358,878,230,91,159,352.85,0.7731,0.6156,0.268109,37,45,26,127.05,0.3830,0.1810,0.023447,4.331
136548,520,404,924,235,15,183,341.82,0.9839,0.5755,0.214256,18,33,23,154.42,0.4091,0.1274,0.012781,4.209
136552,520,335,855,238,83,208,336.38,0.8965,0.6417,0.289203,42,43,63,281.74,0.2829,0.1956,0.025789,4.476
136558,520,275,795,248,102,249,327.41,0.9765,0.7030,0.363013,8,72,25,147.15,0.9813,0.2549,0.047563,4.233
136562,520,462,982,212,41,150,347.51,0.8680,0.5269,0.177872,2,3,33,269.89,0.9399,0.0454,0.001878,4.392
136565,520,446,966,234,5,119,1.88,0.9927,0.5431,0.189359,21,18,10,89.87,0.2785,0.0845,0.006140,4.264
136602,520,386,906,222,65,193,336.41,0.8629,0.5876,0.231627,68,9,16,20.10,0.8540,0.1520,0.014619,4.358
136609,520,420,940,233,39,147,353.32,0.9211,0.5645,0.208842,56,0,2,26.53,1.0000,0.1121,0.008453,4.428
136610,520,432,952,215,55,165,343.57,0.8384,0.5511,0.198983,6,11,69,268.63,0.9506,0.1004,0.007077,4.362
136612,520,428,948,235,50,87,16.00,0.9159,0.5571,0.206346,20,23,30,266.85,0.1770,0.1033,0.008552,4.378
136626,520,408,928,245,47,83,17.86,0.9436,0.5740,0.220734,37,25,32,343.18,0.2358,0.1283,0.011929,4.372
136631,520,322,842,249,65,222,334.83,0.9697,0.6499,0.291972,43,32,113,281.77,0.8022,0.2137,0.027388,4.419
136646,520,465,985,193,29,212,323.07,0.9475,0.5233,0.169712,2,9,18,246.59,0.6019,0.0493,0.002519,4.183
136647,520,335,855,211,121,165,350.14,0.5691,0.6366,0.302419,11,56,28,151.94,0.9265,0.2009,0.029832,4.414
136650,520,322,842,233,91,225,329.99,0.8951,0.6526,0.302443,18,60,14,141.88,0.9520,0.2148,0.033919,4.200
136658,520,411,931,226,25,194,336.66,0.9664,0.5681,0.207616,24,3,81,282.09,0.9728,0.1174,0.008534,4.401
136671,520,401,921,157,98,253,297.25,0.9698,0.5779,0.229955,15,17,93,270.81,0.9451,0.1436,0.012927,4.449
136674,520,411,931,243,35,98,11.70,0.9553,0.5657,0.211419,56,0,38,345.22,1.0000,0.1240,0.009808,4.371
136676,520,390,910,223,60,199,334.76,0.8876,0.5880,0.230455,69,6,20,14.94,0.8737,0.1520,0.014462,4.351
136678,520,400,920,183,95,215,316.20,0.7496,0.5786,0.231590,61,14,8,30.55,0.8282,0.1418,0.013239,4.453
136689,520,413,933,241,7,156,351.16,0.9922,0.5722,0.212562,4,17,80,265.73,0.9523,0.1222,0.010058,4.372
136694,520,357,877,252,71,114,11.59,0.9670,0.6158,0.264203,61,18,79,313.99,0.7565,0.1825,0.019893,4.495
136699,520,378,898,190,82,255,309.80,1.0000,0.5983,0.242027,71,4,35,359.51,0.8636,0.1591,0.015480,4.460
136700,520,285,805,229,139,141,18.67,0.6298,0.6877,0.370484,40,67,20,134.14,0.8403,0.2518,0.045158,4.419
136703,520,312,832,225,107,214,331.06,0.8147,0.6563,0.313799,36,51,82,263.78,0.4488,0.2238,0.033518,4.356
136740,520,418,938,241,46,24,30.56,0.9766,0.5577,0.207240,7,24,60,262.64,0.8064,0.1176,0.010246,4.270
136743,520,293,813,255,122,48,45.86,1.0000,0.6801,0.353957,2,67,35,154.69,0.9908,0.2380,0.041484,4.416
136751,520,418,938,247,31,49,25.10,0.9794,0.5631,0.209794,26,10,70,286.46,0.8615,0.1156,0.008789,4.419
136752,520,400,920,173,96,240,305.92,0.8588,0.5841,0.235418,19,26,73,271.87,0.7490,0.1410,0.013582,4.489
136757,520,453,973,210,60,128,357.19,0.7901,0.5304,0.184941,15,13,16,314.62,0.1047,0.0684,0.004268,4.329
136762,520,401,921,205,105,96,26.60,0.6155,0.5769,0.239287,5,40,14,148.44,0.9559,0.1410,0.015815,4.395
136768,520,467,987,168,84,185,320.65,0.6734,0.5212,0.181691,14,1,18,319.80,0.8006,0.0419,0.001588,4.491
136778,520,386,906,227,51,207,333.43,0.9261,0.5923,0.232060,15,40,16,144.52,0.8138,0.1460,0.016565,4.237
136785,520,438,958,199,59,200,327.67,0.8478,0.5472,0.194418,38,6,9,18.08,0.7287,0.0857,0.005621,4.394
136794,520,336,856,182,121,239,306.18,0.8039,0.6367,0.298524,12,52,56,204.64,0.7246,0.1981,0.028195,4.457
136795,520,408,928,230,49,163,347.69,0.8932,0.5727,0.216667,9,35,18,152.41,0.8007,0.1271,0.013038,4.230
136809,520,459,979,227,12,131,356.57,0.9779,0.5347,0.182353,10,5,40,282.40,0.8307,0.0628,0.003263,4.362
136820,520,398,918,242,14,159,350.53,0.9851,0.5770,0.216977,64,0,45,344.22,1.0000,0.1447,0.012796,4.251
136825,520,283,803,176,146,254,295.09,0.9621,0.6874,0.369437,31,69,24,140.65,0.8870,0.2532,0.046134,4.363
136867,520,434,954,226,70,23,35.70,0.9615,0.5509,0.206137,40,9,32,339.10,0.6490,0.1026,0.007508,4.454
136871,520,462,982,201,20,214,324.88,0.9721,0.5348,0.177746,0,12,18,223.92,1.0000,0.0544,0.003066,4.292
136875,520,408,928,206,14,251,317.63,0.9928,0.5701,0.204026,8,25,65,263.75,0.8242,0.1250,0.011285,4.145
136892,520,438,958,200,73,176,335.97,0.7576,0.5501,0.201807,35,11,23,350.85,0.5277,0.0932,0.006586,4.450
136904,520,441,961,205,14,216,325.49,0.9837,0.5414,0.182529,35,1,38,324.78,0.8935,0.0855,0.005190,4.213
136917,520,452,972,210,40,165,341.73,0.8782,0.5301,0.179380,15,10,37,287.82,0.6317,0.0740,0.004522,4.207
136926,520,280,800,239,100,246,325.75,0.9596,0.6852,0.341211,25,64,76,221.03,0.5872,0.2515,0.043951,4.164
136927,520,402,922,224,43,209,332.10,0.9405,0.5828,0.221808,24,33,18,133.47,0.4037,0.1308,0.013256,4.297
136947,520,468,988,177,46,225,314.58,0.9143,0.5184,0.167384,6,3,18,292.40,0.6444,0.0386,0.001475,4.223
136954,520,467,987,222,30,100,7.58,0.9333,0.5207,0.173810,16,1,18,324.09,0.7990,0.0443,0.001756,4.324
136957,520,460,980,157,98,178,316.74,0.5589,0.5261,0.191184,11,10,26,284.65,0.4606,0.0633,0.003628,4.497
136979,520,461,981,204,57,157,343.61,0.7993,0.5292,0.181999,0,11,2,149.68,1.0000,0.0463,0.002437,4.424
136994,520,416,936,212,46,213,327.87,0.9242,0.5667,0.207571,14,19,70,271.81,0.8523,0.1201,0.010013,4.292
137002,520,387,907,236,38,194,339.16,0.9525,0.5925,0.231169,34,12,94,284.68,0.9108,0.1537,0.014111,4.386
137018,520,441,961,224,52,86,15.47,0.8850,0.5367,0.189779,8,16,43,267.94,0.6813,0.0854,0.005966,4.284
137026,520,332,852,250,41,232,332.43,0.9798,0.6414,0.277391,21,47,72,249.39,0.5710,0.1961,0.026602,4.274
137031,520,261,781,251,124,196,346.96,0.9373,0.7125,0.389128,36,74,14,136.54,0.9468,0.2715,0.053042,4.262
137045,520,473,993,145,79,232,299.25,0.8490,0.5172,0.174381,1,2,20,269.13,0.9112,0.0315,0.001004,4.399
137080,520,463,983,223,18,135,354.49,0.9608,0.5300,0.178725,22,1,7,0.80,0.8056,0.0482,0.002077,4.392
137090,520,357,877,250,83,80,25.38,0.9611,0.6183,0.270931,43,44,25,110.83,0.3699,0.1840,0.023852,4.346
137094,520,427,947,197,65,220,321.30,0.8718,0.5635,0.208197,4,25,32,222.25,0.6955,0.0989,0.008253,4.432
137096,520,363,883,211,89,207,328.89,0.7975,0.6058,0.255004,32,44,11,126.69,0.7440,0.1704,0.021326,4.276
137098,520,363,883,244,12,221,333.73,0.9946,0.6137,0.247195,27,44,39,174.10,0.3047,0.1734,0.021808,4.139
137107,520,368,888,214,104,161,349.70,0.6488,0.6101,0.267719,21,46,8,136.77,0.9231,0.1681,0.021309,4.456
137120,520,169,689,253,175,200,358.53,0.9065,0.8082,0.557148,48,94,5,134.76,0.9879,0.3439,0.086445,4.450
137143,520,372,892,252,25,177,347.38,0.9804,0.6079,0.245685,3,42,70,245.45,0.8773,0.1728,0.021174,4.154
137147,520,467,987,224,24,73,16.77,0.9654,0.5153,0.169844,2,2,30,271.46,0.9476,0.0404,0.001501,4.269
137149,520,413,933,197,44,253,314.22,0.9896,0.5707,0.207649,22,26,47,274.43,0.4136,0.1224,0.011146,4.214
137150,520,454,974,178,21,252,309.65,0.9864,0.5289,0.170305,2,1,58,267.05,0.9954,0.0679,0.003401,4.126
137188,520,431,951,237,50,1,33.03,0.9990,0.5518,0.202911,32,18,4,66.15,0.6563,0.0969,0.007485,4.400
137196,520,261,781,240,144,125,32.03,0.7603,0.7087,0.399548,16,69,85,222.61,0.7723,0.2685,0.050220,4.486
137199,520,406,926,233,24,189,339.72,0.9714,0.5778,0.216538,37,19,61,300.30,0.6561,0.1339,0.011960,4.302
137205,520,453,973,210,61,128,357.31,0.7866,0.5315,0.185998,31,4,17,352.83,0.6968,0.0724,0.004187,4.355
137219,520,357,877,242,0,239,329.04,1.0000,0.6197,0.251120,4,51,0,141.41,1.0000,0.1769,0.023934,4.073
137224,520,415,935,247,23,92,13.32,0.9792,0.5670,0.211632,24,15,65,284.39,0.7792,0.1158,0.009175,4.421
137228,520,411,931,227,75,82,21.89,0.8381,0.5662,0.219750,6,32,40,221.57,0.6929,0.1248,0.012249,4.333
137230,520,427,947,211,40,206,329.53,0.9283,0.5563,0.198247,38,8,33,334.78,0.6657,0.0983,0.006956,4.359
137231,520,327,847,254,0,250,329.23,1.0000,0.6482,0.279761,33,7,139,274.83,0.9885,0.2075,0.023392,4.493
137237,520,469,989,225,16,112,2.99,0.9697,0.5248,0.175508,2,8,4,156.90,0.5901,0.0415,0.001953,4.341
137243,520,470,990,220,53,61,23.79,0.9051,0.5248,0.181014,14,3,12,333.26,0.5609,0.0440,0.001850,4.455
137245,520,404,924,230,16,210,333.28,0.9870,0.5823,0.218493,11,19,84,268.97,0.9292,0.1339,0.011769,4.347
137253,520,429,949,207,82,115,6.83,0.6933,0.5480,0.205398,32,12,43,311.85,0.6355,0.1015,0.007445,4.446
137270,520,420,940,218,62,168,343.63,0.8267,0.5646,0.211801,28,19,37,306.41,0.3945,0.1058,0.008462,4.478
137292,520,467,987,231,15,35,26.17,0.9904,0.5214,0.174550,5,2,30,280.85,0.8952,0.0434,0.001694,4.344
137298,520,418,938,187,48,254,311.03,0.9942,0.5592,0.198355,18,18,72,275.28,0.8404,0.1231,0.010290,4.119
137305,520,224,744,255,145,177,2.08,1.0000,0.7465,0.446878,62,71,81,251.11,0.1426,0.3009,0.061246,4.466
137307,520,459,979,170,61,236,308.97,0.9012,0.5310,0.179404,22,3,18,335.86,0.6796,0.0569,0.002794,4.345
137313,520,397,917,247,43,86,16.68,0.9520,0.5759,0.221773,16,1,104,271.41,0.9978,0.1400,0.011313,4.433
137317,520,432,952,240,31,18,29.58,0.9847,0.5460,0.195523,2,9,70,265.67,0.9724,0.0961,0.006504,4.345
137335,520,364,884,208,117,129,12.23,0.5466,0.6123,0.277192,5,50,1,141.42,0.9963,0.1738,0.023156,4.473
137348,520,345,865,246,49,214,336.11,0.9600,0.6283,0.266475,2,42,86,254.66,0.9457,0.1854,0.023406,4.311
137352,520,353,873,250,66,161,353.82,0.9484,0.6229,0.267969,26,48,31,150.30,0.5034,0.1826,0.024324,4.278
137356,520,468,988,190,67,173,333.70,0.7559,0.5246,0.179801,16,2,14,332.48,0.6842,0.0448,0.001853,4.432
137358,520,375,895,245,34,182,344.61,0.9637,0.6008,0.239371,21,21,97,273.01,0.9156,0.1585,0.015587,4.412
137372,520,386,906,238,58,159,351.38,0.8877,0.5929,0.237094,43,28,41,331.18,0.3027,0.1474,0.015042,4.414
137388,520,453,973,190,33,226,318.65,0.9519,0.5312,0.175272,9,5,46,278.29,0.8919,0.0676,0.003639,4.200
137396,520,469,989,219,19,133,354.35,0.9533,0.5215,0.172218,6,1,26,288.45,0.9074,0.0387,0.001350,4.328
137422,520,336,856,245,22,254,326.33,0.9970,0.6396,0.271448,50,34,81,296.75,0.5774,0.1955,0.024163,4.334
137434,520,422,942,187,68,233,314.74,0.8864,0.5609,0.205834,55,0,20,5.41,1.0000,0.1141,0.008629,4.364
137461,520,438,958,219,30,180,339.06,0.9386,0.5493,0.192863,10,23,0,131.43,1.0000,0.0863,0.006773,4.278
137463,520,364,884,253,14,190,343.76,0.9922,0.6131,0.249179,76,8,31,7.29,0.8326,0.1724,0.018094,4.394
137467,520,284,804,251,94,239,330.92,0.9823,0.6921,0.347494,41,57,86,261.78,0.4063,0.2468,0.040694,4.383
137471,520,199,719,245,153,224,335.65,0.9037,0.7655,0.475788,90,73,39,83.47,0.4919,0.3244,0.070854,4.351
137474,520,432,952,212,74,124,1.59,0.7433,0.5490,0.203520,15,27,13,140.94,0.5049,0.1044,0.009145,4.286
137475,520,391,911,218,5,250,320.94,0.9978,0.5874,0.219181,53,23,26,14.88,0.4743,0.1461,0.014444,4.177
137482,520,400,920,252,5,112,7.13,0.9962,0.5780,0.219775,56,8,42,342.20,0.7537,0.1359,0.011817,4.364
137489,520,281,801,253,102,210,340.34,0.9823,0.6900,0.350415,62,59,29,103.49,0.4894,0.2496,0.042408,4.333
137496,520,472,992,186,51,196,324.97,0.8486,0.5154,0.167937,9,1,13,317.51,0.7575,0.0337,0.001089,4.266
137516,520,384,904,230,67,171,345.90,0.8493,0.5923,0.237802,63,17,0,41.23,1.0000,0.1490,0.014578,4.457
137521,520,438,958,243,17,68,19.56,0.9876,0.5519,0.198764,43,3,18,2.00,0.8081,0.0929,0.006225,4.424
137528,520,59,579,248,229,227,24.79,0.5428,0.9261,0.815417,2,123,47,147.98,0.9984,0.4310,0.143834,4.465
137544,520,405,925,215,16,243,321.66,0.9911,0.5792,0.212907,35,9,78,292.29,0.8785,0.1333,0.011028,4.308
137547,520,473,993,228,24,14,29.40,0.9862,0.5169,0.171819,0,3,8,244.29,1.0000,0.0266,0.000827,4.364
137555,520,439,959,178,54,251,308.70,0.9758,0.5484,0.190692,11,8,59,275.25,0.9121,0.0876,0.005606,4.329
137568,520,330,850,230,108,155,357.84,0.7243,0.6391,0.299170,81,30,35,16.70,0.6035,0.2124,0.027995,4.477
137589,520,356,876,243,6,242,328.58,0.9981,0.6245,0.255985,30,44,56,244.93,0.2978,0.1836,0.023628,4.156
137601,520,472,992,226,22,96,9.12,0.9615,0.5241,0.175899,5,2,6,319.46,0.4307,0.0289,0.000888,4.439
137612,520,408,928,194,109,92,32.32,0.5524,0.5663,0.231809,27,31,21,125.60,0.2446,0.1285,0.012671,4.497
137615,520,373,893,246,77,21,36.24,0.9788,0.5974,0.249581,67,20,1,41.64,0.9588,0.1619,0.016960,4.474
137619,520,361,881,233,10,254,323.65,0.9970,0.6165,0.246989,63,15,73,320.13,0.7645,0.1773,0.018796,4.317
137628,520,397,917,188,93,210,319.77,0.7444,0.5793,0.231743,5,36,53,237.20,0.7786,0.1441,0.015510,4.301
137629,520,422,942,250,0,56,22.33,1.0000,0.5611,0.206132,4,16,74,265.91,0.9462,0.1134,0.008907,4.348
137632,520,473,993,194,41,201,326.14,0.8992,0.5243,0.172738,1,4,9,248.35,0.5772,0.0315,0.001130,4.356
137646,520,419,939,227,66,90,16.80,0.8501,0.5574,0.209683,9,30,18,156.41,0.6623,0.1112,0.010303,4.306
137657,520,358,878,241,9,245,327.45,0.9973,0.6236,0.254914,31,30,91,277.73,0.7533,0.1764,0.019751,4.371
137661,520,398,918,222,78,137,358.57,0.7647,0.5764,0.227869,60,2,49,337.70,0.8792,0.1411,0.012260,4.463
137662,520,477,997,125,75,254,288.95,0.9919,0.5084,0.165477,2,0,16,283.45,1.0000,0.0236,0.000503,4.267
137665,520,376,896,250,38,163,351.56,0.9609,0.6034,0.243580,35,24,81,286.21,0.7312,0.1586,0.016046,4.445
137669,520,452,972,196,51,191,329.55,0.8515,0.5289,0.178667,2,13,35,258.72,0.8134,0.0685,0.004221,4.217
137674,520,443,963,235,27,96,10.73,0.9611,0.5449,0.192937,19,17,13,84.57,0.1364,0.0807,0.005684,4.363
137676,520,430,950,241,26,50,24.29,0.9813,0.5483,0.196732,10,27,5,138.38,0.8775,0.0995,0.008593,4.211
137684,520,448,968,182,82,184,326.77,0.7016,0.5383,0.194416,19,15,13,48.24,0.1208,0.0760,0.005092,4.437
137693,520,464,984,226,20,97,8.66,0.9656,0.5236,0.175350,15,6,7,10.92,0.3182,0.0505,0.002472,4.295
137706,520,447,967,194,26,228,319.44,0.9684,0.5359,0.178110,7,9,52,272.03,0.8967,0.0793,0.004885,4.156
137716,520,349,869,246,88,129,8.15,0.8870,0.6287,0.281604,33,44,59,256.27,0.2869,0.1877,0.024404,4.457
137717,520,360,880,255,65,116,10.38,1.0000,0.6162,0.263051,40,36,70,287.20,0.4663,0.1803,0.021550,4.375
137736,520,384,904,242,48,149,355.01,0.9188,0.5885,0.231642,22,10,103,274.33,0.9692,0.1522,0.013668,4.424
137750,520,464,984,211,18,156,344.50,0.9506,0.5161,0.166841,12,7,8,3.60,0.1784,0.0499,0.002477,4.132
137762,520,445,965,212,2,193,333.40,0.9966,0.5355,0.178929,24,12,12,19.45,0.3058,0.0751,0.004837,4.175
137777,520,397,917,238,65,82,20.34,0.8981,0.5757,0.225700,2,32,68,255.04,0.9191,0.1427,0.014632,4.266
137794,520,401,921,239,69,76,23.12,0.9065,0.5807,0.231319,27,36,19,131.16,0.4238,0.1427,0.015418,4.300
137795,520,415,935,237,42,139,357.08,0.9206,0.5709,0.215276,3,31,32,198.29,0.8240,0.1163,0.011036,4.346
137806,520,418,938,220,27,205,332.16,0.9643,0.5648,0.204096,55,4,16,12.90,0.8601,0.1183,0.009366,4.280
137808,520,447,967,184,24,249,311.94,0.9811,0.5366,0.176843,34,9,0,47.81,1.0000,0.0816,0.005355,4.098
137815,520,448,968,197,19,225,321.08,0.9784,0.5359,0.177739,17,16,24,290.36,0.2153,0.0805,0.005557,4.099
137824,520,300,820,253,56,255,327.69,1.0000,0.6700,0.309339,98,25,8,34.13,0.9145,0.2342,0.033099,4.324
137844,520,187,707,248,181,109,66.88,0.8346,0.7918,0.541104,29,93,19,141.20,0.9712,0.3323,0.081366,4.500
137876,520,341,861,217,78,252,318.78,0.9823,0.6302,0.272305,62,41,12,71.86,0.6916,0.1984,0.026367,4.220
137882,520,435,955,189,56,231,316.43,0.9084,0.5503,0.194179,20,21,11,112.85,0.3126,0.0913,0.007092,4.277
137884,520,404,924,215,16,241,322.11,0.9907,0.5777,0.211705,4,25,76,263.03,0.9291,0.1339,0.012428,4.192
137893,520,280,800,253,122,116,24.50,0.9641,0.6869,0.360658,12,66,71,204.31,0.8161,0.2504,0.044293,4.355
137898,520,446,966,231,31,104,7.65,0.9438,0.5408,0.189713,7,17,30,254.87,0.4859,0.0782,0.005398,4.327
137899,520,480,1000,179,63,185,325.79,0.7776,0.5091,0.166427,0,0,0,0.00,0.0000,0.0000,0.000000,4.329
137900,520,438,958,217,37,175,340.21,0.9108,0.5465,0.191723,5,6,68,268.76,0.9741,0.0910,0.005798,4.332
137904,520,57,577,241,230,245,317.13,0.5047,0.9277,0.818872,33,121,62,150.17,0.9368,0.4327,0.143453,4.491
137908,520,315,835,201,118,243,313.14,0.8706,0.6573,0.318465,3,60,45,169.43,0.9677,0.2172,0.034404,4.365
137917,520,445,965,226,57,45,28.92,0.9252,0.5385,0.192873,19,5,49,290.72,0.8468,0.0794,0.004687,4.441
137919,520,449,969,220,15,173,341.26,0.9726,0.5416,0.185769,27,9,13,6.86,0.4548,0.0740,0.004575,4.320
137928,520,464,984,149,87,213,303.81,0.7456,0.5196,0.180104,6,5,21,283.76,0.5833,0.0453,0.002014,4.424
137945,520,458,978,158,85,209,308.88,0.7390,0.5251,0.183701,0,15,11,176.98,1.0000,0.0594,0.003658,4.355
137954,520,386,906,253,31,120,5.66,0.9840,0.5901,0.232223,1,18,103,264.35,0.9759,0.1515,0.014182,4.397
137955,520,417,937,221,53,179,340.33,0.8747,0.5674,0.211754,36,4,70,298.72,0.9162,0.1200,0.009041,4.433
137962,520,444,964,217,6,182,337.79,0.9895,0.5389,0.182617,32,6,26,337.56,0.6565,0.0816,0.005119,4.220
137966,520,364,884,223,75,204,333.41,0.8593,0.6059,0.250820,6,44,46,200.19,0.8073,0.1655,0.020372,4.275
137976,520,471,991,199,32,193,329.92,0.9211,0.5219,0.170272,8,2,24,294.41,0.7979,0.0418,0.001610,4.268
137990,520,464,984,177,28,240,311.75,0.9695,0.5196,0.164699,5,1,35,279.00,0.9641,0.0454,0.001753,4.149
137992,520,364,884,248,23,202,339.52,0.9853,0.6126,0.248367,23,46,15,138.32,0.8119,0.1704,0.021706,4.161
138004,520,419,939,237,16,130,358.98,0.9779,0.5556,0.199899,24,16,55,287.91,0.6798,0.1083,0.008406,4.279
138025,520,431,951,241,28,35,27.22,0.9821,0.5477,0.196560,48,0,8,16.57,1.0000,0.0957,0.006460,4.367
138028,520,480,1000,220,20,104,5.15,0.9567,0.5133,0.167181,0,0,0,0.00,0.0000,0.0000,0.000000,4.344
138041,520,389,909,221,56,211,330.77,0.9114,0.5884,0.229058,33,8,92,285.17,0.9357,0.1460,0.012697,4.451
138056,520,434,954,218,5,197,333.81,0.9933,0.5498,0.190475,37,14,18,10.23,0.4719,0.0998,0.007511,4.181
138068,520,423,943,215,29,208,330.09,0.9588,0.5587,0.198820,15,23,49,268.77,0.5605,0.1109,0.009361,4.192
138087,520,462,982,235,23,39,26.05,0.9840,0.5332,0.184246,13,5,14,323.32,0.4285,0.0485,0.002258,4.482
138088,520,382,902,200,89,223,320.43,0.8239,0.5990,0.247532,39,23,83,289.79,0.7433,0.1631,0.016686,4.462
138092,520,429,949,214,5,211,329.11,0.9944,0.5518,0.191099,35,6,52,309.60,0.8045,0.1041,0.007355,4.204
138096,520,476,996,207,67,18,37.01,0.9566,0.5103,0.173256,0,2,11,258.21,1.0000,0.0247,0.000676,4.406
138098,520,413,933,247,42,46,26.73,0.9686,0.5691,0.216309,6,29,42,236.54,0.6736,0.1171,0.010846,4.377
138117,520,445,965,241,13,3,29.50,0.9977,0.5408,0.189986,19,19,4,108.99,0.6127,0.0835,0.006130,4.276
138121,520,209,729,248,163,119,47.87,0.8319,0.7560,0.474851,38,85,23,139.08,0.9342,0.3101,0.069707,4.384
138124,520,411,931,246,35,81,17.34,0.9649,0.5680,0.213925,19,25,45,270.15,0.4264,0.1161,0.010231,4.382
138134,520,466,986,176,60,218,315.32,0.8608,0.5244,0.175248,7,5,23,286.00,0.6153,0.0475,0.002156,4.319
138142,520,384,904,193,80,241,314.03,0.9080,0.5895,0.234268,51,25,42,341.49,0.4378,0.1532,0.015663,4.329
138200,520,350,870,246,84,140,2.97,0.8899,0.6272,0.278300,47,33,87,291.62,0.6347,0.1948,0.023802,4.448
138233,520,436,956,245,6,34,26.36,0.9972,0.5493,0.196618,30,3,54,302.90,0.8921,0.0943,0.006075,4.398
138239,520,443,963,200,23,223,322.34,0.9721,0.5409,0.182215,22,12,29,310.18,0.4511,0.0799,0.005222,4.205
138240,520,448,968,199,68,177,335.16,0.7756,0.5430,0.194524,18,6,51,287.57,0.8437,0.0820,0.004979,4.448
138260,520,429,949,218,53,145,351.54,0.8390,0.5455,0.194984,40,13,20,5.72,0.5337,0.1036,0.007895,4.231
138261,520,368,888,248,29,189,343.15,0.9757,0.6078,0.245125,12,28,97,266.85,0.9172,0.1665,0.017716,4.358
138263,520,371,891,233,61,212,333.61,0.9224,0.6136,0.254171,58,29,20,38.01,0.5043,0.1653,0.018289,4.454
138274,520,415,935,203,66,220,323.09,0.8772,0.5739,0.217619,32,10,70,292.84,0.8407,0.1224,0.009664,4.485
138322,520,393,913,247,41,129,2.31,0.9431,0.5863,0.229484,45,8,75,303.77,0.8594,0.1426,0.012396,4.479
138341,520,445,965,206,48,185,334.29,0.8676,0.5401,0.187404,23,2,45,301.29,0.9003,0.0751,0.004150,4.384
138365,520,390,910,254,55,43,28.97,0.9955,0.5926,0.239814,32,34,42,274.21,0.1480,0.1500,0.016183,4.379
138406,520,460,980,217,38,143,351.10,0.8874,0.5313,0.181235,9,11,11,196.79,0.0630,0.0570,0.003216,4.345
138421,520,430,950,230,55,73,20.95,0.9069,0.5486,0.200393,14,16,56,275.01,0.7625,0.1005,0.007494,4.355
138426,520,446,966,144,88,241,295.99,0.8764,0.5373,0.192597,14,6,52,281.79,0.8759,0.0793,0.004715,4.434
138433,520,386,906,225,64,187,339.10,0.8638,0.5886,0.232646,50,10,77,306.86,0.8367,0.1542,0.014311,4.395
138455,520,38,558,244,239,242,340.39,0.2058,0.9497,0.873770,17,129,18,142.74,0.9915,0.4499,0.158627,4.428
138460,520,345,865,228,89,206,334.39,0.8427,0.6317,0.280972,21,49,54,210.55,0.4932,0.1917,0.026223,4.342
138473,520,424,944,222,51,163,345.86,0.8671,0.5594,0.205441,0,26,47,245.25,1.0000,0.1087,0.009440,4.297
138476,520,437,957,223,51,141,354.05,0.8581,0.5515,0.199813,16,11,55,280.58,0.8072,0.0921,0.006253,4.441
138479,520,470,990,213,25,144,349.27,0.9261,0.5168,0.168574,0,3,27,262.92,1.0002,0.0384,0.001442,4.249
138491,520,402,922,246,40,113,7.51,0.9460,0.5787,0.223061,28,13,79,284.20,0.8670,0.1315,0.010992,4.477
138494,520,430,950,248,0,25,27.39,1.0000,0.5539,0.200303,28,4,64,293.52,0.9123,0.1033,0.007039,4.388
138498,520,373,893,207,77,233,320.51,0.8911,0.6009,0.244579,32,36,47,269.26,0.2009,0.1580,0.017740,4.349
138499,520,363,883,253,74,26,34.65,0.9896,0.6076,0.258584,60,30,10,51.75,0.6843,0.1691,0.019113,4.465
138503,520,476,996,189,13,207,323.41,0.9774,0.5065,0.156132,0,2,3,218.80,1.0000,0.0204,0.000500,4.082
138521,520,460,980,206,52,157,343.91,0.8204,0.5280,0.180142,7,9,25,275.23,0.5092,0.0575,0.003107,4.334
138526,520,431,951,229,29,133,356.86,0.9396,0.5456,0.192330,15,22,28,244.61,0.2324,0.0955,0.007592,4.208
138531,520,380,900,214,78,209,329.28,0.8414,0.5977,0.243503,28,32,75,275.70,0.6210,0.1634,0.017878,4.324
138544,520,324,844,250,58,226,333.97,0.9767,0.6484,0.288441,74,23,79,324.05,0.7093,0.2107,0.026333,4.434
138548,520,377,897,254,18,152,355.16,0.9920,0.5986,0.237740,30,33,64,277.45,0.4810,0.1589,0.017339,4.273
138549,520,374,894,254,24,151,355.62,0.9917,0.6001,0.239621,54,26,39,351.70,0.4313,0.1586,0.016696,4.342
138553,520,63,583,251,240,21,106.22,0.9972,0.9231,0.828846,12,122,77,158.48,0.9780,0.4350,0.145324,4.499
138564,520,1,521,255,255,255,0.00,0.0000,1.0000,1.000000,18,138,16,142.53,0.9921,0.4796,0.183422,4.498
138576,520,424,944,231,49,136,357.45,0.8860,0.5631,0.209660,33,3,69,296.44,0.9363,0.1136,0.008181,4.463
138578,520,38,558,219,250,217,143.50,0.7506,0.9465,0.884403,3,130,34,145.06,0.9983,0.4527,0.160994,4.429
138593,520,410,930,246,36,91,14.39,0.9599,0.5707,0.216134,58,9,21,11.10,0.7672,0.1322,0.011492,4.328
138606,520,364,884,254,8,186,345.03,0.9955,0.6119,0.247931,61,8,73,319.15,0.8304,0.1668,0.016469,4.482
138612,520,477,997,225,26,49,23.78,0.9733,0.5143,0.169710,4,1,3,337.70,0.4942,0.0226,0.000541,4.347
138622,520,445,965,218,71,13,37.69,0.9752,0.5363,0.194435,2,23,11,157.27,0.9188,0.0837,0.006498,4.326
138626,520,412,932,222,60,160,347.42,0.8364,0.5660,0.213018,42,21,19,26.02,0.3979,0.1219,0.010757,4.329
138646,520,457,977,148,81,241,298.40,0.8899,0.5313,0.185319,9,9,28,280.59,0.5472,0.0609,0.003373,4.409
138650,520,383,903,231,23,228,329.02,0.9855,0.5979,0.232056,9,15,105,267.53,0.9753,0.1533,0.014195,4.394
138651,520,268,788,209,146,204,329.34,0.5573,0.6981,0.384738,34,67,62,183.14,0.4520,0.2590,0.047020,4.481
138653,520,467,987,222,13,125,357.66,0.9723,0.5225,0.173008,4,7,1,127.00,0.7261,0.0399,0.001800,4.305
138660,520,442,962,224,52,100,10.21,0.8708,0.5402,0.192261,1,23,8,153.12,0.9717,0.0823,0.006367,4.298
138661,520,431,951,227,65,45,30.60,0.9186,0.5488,0.203038,17,26,10,132.62,0.5251,0.1023,0.008799,4.303
138675,520,443,963,237,28,26,28.45,0.9820,0.5386,0.189129,25,11,28,320.36,0.4794,0.0811,0.005299,4.324
138690,520,466,986,211,65,73,21.82,0.8283,0.5221,0.181128,9,8,6,86.86,0.1162,0.0488,0.002449,4.407
138702,520,455,975,201,63,161,341.54,0.7760,0.5322,0.185476,6,3,47,274.65,0.9538,0.0624,0.003091,4.435
138716,520,352,872,225,116,43,49.98,0.8713,0.6207,0.286751,42,46,19,116.19,0.5421,0.1875,0.024932,4.494
138739,520,445,965,244,0,19,27.94,1.0000,0.5450,0.192836,21,14,15,8.81,0.1727,0.0766,0.005080,4.409
138744,520,375,895,217,88,187,337.70,0.7685,0.6030,0.253210,6,45,7,143.37,0.9748,0.1575,0.019308,4.375
138762,520,254,774,255,127,175,358.02,1.0000,0.7152,0.395368,63,61,81,289.20,0.2217,0.2749,0.049883,4.459
138776,520,474,994,188,71,153,341.23,0.7046,0.5156,0.174993,3,2,6,297.53,0.4070,0.0263,0.000759,4.433
138779,520,406,926,245,53,99,13.42,0.9301,0.5821,0.228629,3,28,62,256.62,0.8780,0.1274,0.011976,4.496
138781,520,453,973,235,14,28,27.29,0.9923,0.5292,0.180633,7,1,59,273.20,0.9917,0.0730,0.003826,4.285
138787,520,431,951,234,10,126,359.62,0.9853,0.5466,0.192189,39,12,16,12.99,0.5540,0.0989,0.007318,4.225
138832,520,401,921,217,8,241,322.66,0.9957,0.5793,0.212783,12,37,35,188.33,0.5638,0.1407,0.015226,4.029
138859,520,389,909,252,41,104,11.38,0.9772,0.5889,0.232844,43,30,36,349.48,0.2176,0.1499,0.015696,4.305
138865,520,471,991,187,75,146,344.45,0.6739,0.5160,0.176738,7,4,11,306.46,0.3830,0.0389,0.001562,4.397
138874,520,414,934,189,66,247,312.26,0.9501,0.5724,0.214317,11,30,36,220.83,0.4861,0.1193,0.011270,4.314
138882,520,378,898,236,32,210,334.73,0.9711,0.5988,0.235218,60,12,61,327.09,0.7560,0.1597,0.015607,4.347
138884,520,456,976,214,57,115,3.16,0.8141,0.5302,0.184626,18,10,5,57.84,0.3685,0.0618,0.003567,4.380
138896,520,455,975,202,19,212,325.67,0.9731,0.5347,0.177775,7,11,20,264.34,0.3383,0.0590,0.003350,4.269
138901,520,379,899,189,93,241,311.72,0.8848,0.6013,0.249994,53,28,45,339.94,0.4094,0.1639,0.017769,4.427
138925,520,451,971,222,38,146,351.19,0.8997,0.5422,0.189937,35,0,3,20.42,1.0000,0.0677,0.003640,4.473
138945,520,443,963,208,79,81,22.55,0.7522,0.5365,0.195981,19,7,49,289.54,0.8043,0.0828,0.005122,4.463
138949,520,396,916,255,15,88,15.04,1.0000,0.5803,0.223100,16,36,37,199.77,0.4237,0.1406,0.015054,4.198
138957,520,350,870,227,115,97,30.60,0.7359,0.6297,0.294578,33,49,42,165.90,0.2716,0.1946,0.026871,4.483
138962,520,268,788,248,122,184,351.16,0.8796,0.7000,0.373389,33,56,120,266.01,0.7250,0.2648,0.045075,4.453
138972,520,426,946,242,4,116,4.25,0.9956,0.5584,0.202284,24,9,67,285.90,0.8660,0.1089,0.007948,4.354
138987,520,284,804,239,107,236,328.42,0.9277,0.6888,0.349245,61,61,26,108.86,0.5655,0.2537,0.044042,4.245
138998,520,429,949,119,105,248,282.86,0.9194,0.5474,0.208020,40,13,19,8.08,0.5352,0.1033,0.007860,4.459
139010,520,421,941,234,55,75,20.58,0.9135,0.5569,0.207358,18,22,44,274.20,0.4671,0.1071,0.008842,4.374
139013,520,430,950,236,55,3,33.72,0.9968,0.5541,0.205750,21,3,72,282.52,0.9647,0.1034,0.006924,4.493
139014,520,416,936,212,82,152,350.06,0.7228,0.5703,0.223007,0,33,25,173.34,1.0000,0.1183,0.011578,4.433
139039,520,300,820,254,110,100,26.51,0.9868,0.6662,0.331461,21,59,65,209.32,0.6038,0.2284,0.036689,4.400
139052,520,420,940,233,15,163,347.37,0.9791,0.5615,0.203125,6,5,85,268.01,0.9878,0.1124,0.008031,4.362
139055,520,478,998,165,20,250,306.23,0.9840,0.5073,0.154025,3,1,2,344.98,0.3863,0.0205,0.000455,4.044
139069,520,327,847,228,99,210,333.25,0.8330,0.6471,0.300729,3,52,77,237.80,0.9092,0.2077,0.030110,4.378
139090,520,453,973,222,50,72,19.87,0.9024,0.5280,0.182814,14,12,22,293.08,0.2948,0.0679,0.004142,4.300
139098,520,258,778,253,144,5,60.51,0.9964,0.7145,0.408431,36,72,52,157.88,0.5552,0.2725,0.052576,4.469
139117,520,363,883,248,77,66,27.97,0.9579,0.6052,0.256609,51,26,73,306.11,0.6316,0.1749,0.019237,4.428
139126,520,444,964,239,26,53,23.54,0.9797,0.5445,0.193499,2,13,49,263.61,0.9208,0.0801,0.005225,4.409
139137,520,410,930,239,32,128,0.69,0.9487,0.5651,0.209454,61,8,1,33.45,0.9727,0.1332,0.011681,4.206
139138,520,475,995,171,55,229,311.27,0.8965,0.5206,0.170483,4,3,0,99.32,1.0000,0.0281,0.000909,4.331
139145,520,468,988,120,96,229,287.09,0.8035,0.5157,0.180157,19,2,0,39.06,1.0000,0.0437,0.001819,4.442
139146,520,419,939,204,74,171,339.14,0.7549,0.5554,0.206770,14,29,17,149.49,0.4988,0.1107,0.010125,4.271
139150,520,430,950,131,107,231,288.83,0.7793,0.5491,0.211100,25,22,25,325.85,0.0897,0.1036,0.008507,4.463
139151,520,453,973,218,63,58,26.74,0.8821,0.5307,0.187685,22,11,6,47.68,0.3970,0.0690,0.004231,4.383
139155,520,366,886,219,53,245,321.70,0.9589,0.6055,0.242008,51,5,91,301.03,0.9332,0.1650,0.015677,4.446
139170,520,313,833,242,101,180,348.40,0.8535,0.6576,0.314826,16,53,90,251.57,0.7344,0.2239,0.033944,4.346
139193,520,444,964,239,20,23,28.28,0.9894,0.5394,0.189162,12,3,62,277.01,0.9676,0.0836,0.004911,4.355
139197,520,278,798,251,89,244,329.61,0.9843,0.6893,0.341884,4,61,100,245.94,0.9125,0.2512,0.042832,4.221
139198,520,466,986,225,36,42,26.35,0.9614,0.5191,0.174393,12,4,28,296.30,0.7191,0.0530,0.002488,4.275
139207,520,465,985,166,73,215,311.69,0.8065,0.5230,0.177791,11,9,9,17.58,0.0627,0.0538,0.002862,4.309
139213,520,303,823,252,115,112,23.49,0.9520,0.6731,0.341299,25,64,19,141.10,0.9219,0.2324,0.039204,4.387
139224,520,403,923,247,42,85,16.89,0.9538,0.5750,0.220894,7,23,76,265.57,0.9030,0.1309,0.011797,4.384
139229,520,452,972,234,25,36,26.69,0.9822,0.5316,0.183182,7,15,31,262.42,0.5202,0.0740,0.004857,4.251
139260,520,473,993,212,9,165,341.73,0.9782,0.5203,0.169113,1,2,21,269.01,0.9199,0.0322,0.001040,4.293
139261,520,459,979,204,13,197,330.22,0.9773,0.5260,0.171583,3,5,47,268.96,0.9521,0.0639,0.003331,4.155
139274,520,432,952,215,17,203,331.44,0.9776,0.5510,0.191619,25,6,59,292.11,0.8630,0.0974,0.006527,4.274
139280,520,388,908,199,96,191,330.38,0.6961,0.5889,0.242709,33,29,66,285.54,0.5477,0.1537,0.015954,4.438
139294,520,424,944,245,23,74,18.41,0.9815,0.5592,0.205232,15,14,66,275.32,0.8653,0.1075,0.008089,4.394
139304,520,424,944,240,57,26,31.97,0.9715,0.5649,0.215294,27,24,21,67.40,0.0959,0.1094,0.009404,4.466
139310,520,299,819,237,100,233,328.77,0.9184,0.6747,0.330043,27,61,37,151.51,0.6706,0.2271,0.037040,4.366
139318,520,455,975,216,39,147,349.47,0.8830,0.5318,0.181589,3,2,53,269.00,0.9862,0.0646,0.003198,4.353
139337,520,374,894,225,61,205,333.53,0.8984,0.5958,0.237551,48,29,47,328.52,0.3687,0.1597,0.017124,4.284
139343,520,385,905,238,25,195,339.20,0.9757,0.5909,0.228154,26,5,101,277.77,0.9789,0.1476,0.012677,4.438
139353,520,471,991,229,4,91,10.56,0.9944,0.5240,0.175031,7,2,29,286.91,0.8600,0.0446,0.001773,4.347
139359,520,330,850,229,75,238,325.57,0.9328,0.6361,0.278654,65,25,98,305.41,0.7590,0.2145,0.027010,4.268
139374,520,410,930,196,99,145,351.89,0.5764,0.5676,0.227053,15,22,74,270.92,0.8424,0.1309,0.011697,4.491
139380,520,412,932,222,61,168,344.61,0.8407,0.5707,0.216966,25,20,59,284.74,0.6482,0.1205,0.010227,4.433
139386,520,333,853,242,98,139,5.44,0.8311,0.6383,0.294796,48,50,5,112.16,0.8788,0.2041,0.029206,4.353
139400,520,388,908,200,79,228,319.56,0.8623,0.5894,0.234742,18,28,82,269.90,0.8151,0.1536,0.015682,4.335
139401,520,473,993,217,49,84,14.95,0.8779,0.5196,0.175910,8,1,3,357.19,0.6318,0.0279,0.000799,4.447
139407,520,470,990,152,89,206,306.55,0.7098,0.5217,0.182768,0,9,10,200.94,1.0000,0.0441,0.002173,4.461
139435,520,352,872,192,122,187,329.36,0.5370,0.6221,0.287145,43,47,18,115.86,0.5778,0.1914,0.025903,4.442
139446,520,466,986,187,41,207,322.41,0.9030,0.5168,0.166571,19,2,21,324.11,0.7497,0.0522,0.002360,4.136
139481,520,430,950,245,22,11,29.46,0.9922,0.5524,0.200140,23,22,31,289.83,0.2036,0.1041,0.008549,4.272
139482,520,471,991,232,6,23,27.57,0.9967,0.5205,0.173511,5,5,11,283.72,0.3034,0.0395,0.001650,4.327
139483,520,414,934,180,73,253,307.72,0.9833,0.5722,0.215611,40,17,47,317.83,0.5805,0.1241,0.010573,4.385
139484,520,273,793,245,137,84,45.70,0.8657,0.6951,0.379466,47,64,58,171.22,0.2184,0.2576,0.045765,4.485
139489,520,392,912,248,20,154,353.43,0.9806,0.5882,0.227933,58,15,45,341.62,0.6685,0.1498,0.014308,4.322
139493,520,479,999,189,18,211,322.33,0.9699,0.5111,0.159560,1,0,2,311.99,1.0000,0.0114,0.000108,4.182
139499,520,455,975,189,60,202,323.95,0.8352,0.5332,0.183162,1,15,6,157.03,0.9298,0.0587,0.003612,4.349
139501,520,413,933,217,31,221,327.24,0.9661,0.5719,0.209543,35,23,25,7.73,0.2207,0.1181,0.010403,4.297
139509,520,414,934,240,10,159,350.06,0.9888,0.5722,0.212487,8,2,93,268.56,0.9958,0.1208,0.008853,4.460
139510,520,403,923,234,27,185,341.14,0.9655,0.5787,0.217819,27,14,76,283.99,0.8464,0.1286,0.010689,4.413
139535,520,438,958,173,71,242,307.93,0.9144,0.5513,0.198023,26,3,54,297.85,0.9008,0.0891,0.005511,4.468
139536,520,2,522,255,255,255,0.00,0.0000,1.0000,1.000000,5,138,38,145.19,0.9975,0.4797,0.183484,4.497
139568,520,472,992,170,64,212,314.59,0.8297,0.5153,0.169672,3,2,11,287.93,0.6036,0.0287,0.000869,4.318
139585,520,403,923,215,6,246,321.06,0.9970,0.5794,0.212331,34,28,21,71.21,0.2030,0.1280,0.012248,4.214
139587,520,445,965,211,2,208,329.13,0.9975,0.5437,0.184484,5,10,56,268.91,0.9257,0.0837,0.005348,4.237
139589,520,423,943,237,9,140,355.50,0.9880,0.5578,0.200964,21,18,61,280.59,0.7211,0.1146,0.009289,4.233
139602,520,430,950,235,17,121,1.70,0.9751,0.5487,0.194466,41,9,6,29.26,0.7421,0.0953,0.006800,4.304
139615,520,384,904,246,57,112,9.56,0.9272,0.5907,0.236923,43,25,52,313.66,0.4745,0.1470,0.014568,4.444
139624,520,429,949,241,15,75,17.36,0.9878,0.5483,0.195538,19,25,18,141.10,0.2285,0.1032,0.008774,4.178
139629,520,390,910,214,27,250,319.75,0.9845,0.5865,0.219840,48,18,64,311.82,0.6885,0.1500,0.014312,4.196
139643,520,391,911,234,15,213,333.45,0.9896,0.5912,0.226409,18,14,97,272.45,0.9559,0.1462,0.013057,4.383
139650,520,324,844,197,119,231,314.79,0.7811,0.6467,0.308345,30,55,39,155.00,0.4785,0.2101,0.031548,4.394
139659,520,348,868,245,13,241,329.24,0.9961,0.6286,0.260541,53,41,33,55.33,0.2222,0.1900,0.024526,4.167
139660,520,37,557,238,248,168,114.15,0.8690,0.9456,0.881392,40,127,31,141.78,0.9685,0.4499,0.157282,4.493
139690,520,445,965,217,54,132,356.45,0.8299,0.5392,0.190584,14,5,56,280.61,0.9149,0.0818,0.004874,4.384
139691,520,437,957,195,33,238,317.26,0.9650,0.5489,0.188643,10,22,28,231.04,0.3717,0.0921,0.007222,4.170
139701,520,398,918,253,18,88,14.95,0.9881,0.5770,0.220236,28,29,52,280.71,0.4002,0.1387,0.013735,4.240
139705,520,474,994,171,16,254,307.30,0.9954,0.5186,0.161851,5,1,15,298.59,0.7968,0.0302,0.000885,4.163
139714,520,476,996,145,57,251,297.92,0.9752,0.5065,0.159113,0,0,19,264.05,1.0000,0.0228,0.000470,4.143
139733,520,442,962,220,66,32,33.70,0.9365,0.5351,0.192190,37,4,11,10.79,0.7636,0.0810,0.005044,4.400
139744,520,422,942,233,58,84,18.03,0.8954,0.5595,0.209928,38,19,12,40.88,0.4571,0.1097,0.009044,4.402
139756,520,477,997,185,64,169,333.47,0.7528,0.5103,0.168471,0,2,1,165.38,1.0000,0.0192,0.000456,4.330
139772,520,445,965,226,32,132,356.75,0.9255,0.5408,0.188705,32,3,36,322.90,0.7969,0.0825,0.004996,4.340
139775,520,315,835,214,102,255,315.93,1.0000,0.6577,0.310203,71,34,78,321.06,0.5734,0.2226,0.030338,4.484
139797,520,342,862,246,76,170,350.65,0.9110,0.6294,0.276671,3,52,31,159.16,0.9703,0.1854,0.025742,4.313
139799,520,221,741,193,173,223,303.00,0.4875,0.7458,0.465525,45,81,24,135.90,0.8842,0.3012,0.065085,4.480
139810,520,448,968,225,35,125,359.25,0.9148,0.5378,0.186930,40,3,3,26.44,0.9083,0.0830,0.005229,4.290
139823,520,304,824,209,132,191,335.80,0.5729,0.6652,0.338208,38,56,66,233.14,0.2825,0.2301,0.036337,4.496
139836,520,431,951,241,6,69,18.72,0.9955,0.5452,0.192641,19,23,18,139.43,0.1606,0.0977,0.007949,4.187
139838,520,340,860,254,38,218,336.78,0.9949,0.6386,0.275223,57,16,104,298.34,0.8615,0.1977,0.022400,4.492
139839,520,457,977,192,6,237,317.04,0.9949,0.5339,0.174525,0,1,56,264.16,0.9964,0.0638,0.003072,4.231
139841,520,453,973,134,101,210,294.93,0.6816,0.5251,0.190289,32,2,18,350.28,0.7874,0.0708,0.003942,4.455
139857,520,454,974,236,6,14,28.51,0.9971,0.5287,0.179981,8,16,6,138.59,0.4992,0.0669,0.004353,4.231
139860,520,424,944,201,28,245,317.43,0.9781,0.5618,0.198421,10,24,45,258.32,0.5799,0.1074,0.009072,4.205
139872,520,402,922,215,37,234,323.50,0.9653,0.5808,0.217127,24,33,10,127.10,0.6286,0.1291,0.013038,4.238
139883,520,398,918,242,8,174,345.93,0.9925,0.5828,0.221100,36,8,85,290.37,0.9099,0.1412,0.012046,4.369
139906,520,465,985,216,46,93,10.93,0.8746,0.5174,0.173457,19,3,13,342.31,0.6248,0.0507,0.002326,4.270
139914,520,362,882,239,3,232,329.97,0.9987,0.6102,0.242448,38,38,63,283.07,0.3648,0.1785,0.021572,4.086
139929,520,312,832,253,43,245,330.03,0.9931,0.6557,0.292060,43,57,19,126.58,0.6955,0.2222,0.034868,4.030
139933,520,477,997,111,84,252,283.36,0.9765,0.5065,0.167480,2,1,7,291.58,0.6583,0.0219,0.000500,4.307
139963,520,451,971,174,72,223,312.61,0.8382,0.5391,0.189620,29,8,5,32.02,0.6114,0.0730,0.004459,4.400
139977,520,474,994,211,52,101,7.77,0.8320,0.5151,0.172468,7,1,8,323.86,0.6844,0.0291,0.000844,4.375
139980,520,444,964,189,47,225,318.22,0.9186,0.5381,0.182894,30,3,33,323.89,0.7831,0.0773,0.004510,4.273
139997,520,312,832,237,78,244,326.13,0.9577,0.6556,0.299873,79,10,100,316.14,0.8732,0.2233,0.027996,4.486
140017,520,403,923,226,9,226,328.34,0.9944,0.5842,0.218575,10,34,44,228.34,0.5951,0.1349,0.013904,4.203
140021,520,404,924,217,82,149,352.71,0.7375,0.5776,0.229584,21,29,55,269.33,0.4944,0.1347,0.013140,4.428
140041,520,471,991,216,47,93,11.07,0.8713,0.5182,0.174248,10,5,2,63.80,0.4363,0.0411,0.001775,4.331
140044,520,453,973,159,55,254,302.09,0.9934,0.5255,0.172595,16,14,20,300.27,0.1786,0.0732,0.004747,4.066
140045,520,365,885,198,84,246,314.19,0.9345,0.6052,0.250015,24,45,40,177.21,0.3846,0.1748,0.022241,4.153
140047,520,474,994,179,33,228,314.93,0.9499,0.5151,0.162740,4,3,14,286.57,0.5682,0.0343,0.001226,4.153
140053,520,392,912,217,21,252,320.15,0.9901,0.5909,0.223183,2,32,81,259.49,0.9568,0.1546,0.016399,4.114
140060,520,443,963,207,25,203,329.35,0.9575,0.5395,0.182744,34,8,15,5.78,0.5910,0.0837,0.005483,4.195
140087,520,411,931,229,17,191,338.17,0.9802,0.5693,0.208231,10,8,89,269.66,0.9785,0.1237,0.009594,4.333
140104,520,454,974,207,30,191,332.69,0.9335,0.5339,0.179575,23,6,33,311.10,0.6845,0.0728,0.004222,4.234
140105,520,321,841,243,112,77,35.96,0.8855,0.6471,0.311818,65,45,19,71.50,0.5829,0.2139,0.030477,4.496
140119,520,452,972,163,58,251,303.75,0.9739,0.5311,0.177782,0,10,41,260.62,1.0000,0.0655,0.003772,4.236
140128,520,378,898,209,67,246,318.33,0.9529,0.6025,0.242250,41,18,84,292.99,0.7979,0.1585,0.015441,4.466
140154,520,455,975,196,20,225,320.79,0.9767,0.5345,0.176739,17,9,22,311.64,0.4107,0.0649,0.003725,4.220
140156,520,337,857,253,58,202,341.16,0.9862,0.6404,0.281763,49,39,76,294.59,0.4690,0.2016,0.026258,4.351
140159,520,452,972,226,17,107,4.98,0.9694,0.5256,0.176340,10,3,54,277.58,0.9555,0.0730,0.003960,4.195
140164,520,454,974,208,47,158,343.86,0.8429,0.5279,0.179137,15,10,23,300.98,0.3878,0.0653,0.003805,4.259
140169,520,450,970,220,8,178,339.71,0.9864,0.5427,0.186061,30,7,5,28.89,0.6516,0.0727,0.004390,4.340
140173,520,422,942,222,35,185,338.37,0.9335,0.5602,0.202369,21,25,29,248.30,0.1256,0.1090,0.009434,4.246
140176,520,457,977,190,41,213,321.72,0.9152,0.5262,0.173385,10,9,23,285.57,0.4305,0.0588,0.003218,4.198
140177,520,476,996,218,12,126,356.44,0.9713,0.5145,0.166773,0,1,7,260.32,1.0000,0.0186,0.000370,4.304
140182,520,362,882,231,40,229,328.70,0.9679,0.6060,0.241661,29,42,59,255.40,0.3448,0.1788,0.022328,4.032
140186,520,373,893,234,37,208,334.81,0.9611,0.5964,0.233723,42,17,82,295.11,0.7973,0.1563,0.015023,4.363
140193,520,477,997,176,19,236,312.54,0.9801,0.5107,0.157530,0,1,6,259.05,1.0000,0.0179,0.000349,4.122
140200,520,431,951,199,33,226,321.19,0.9563,0.5460,0.187224,16,13,61,277.84,0.8316,0.1013,0.007349,4.136
140213,520,472,992,226,8,107,4.69,0.9860,0.5232,0.174068,14,0,2,9.92,1.0000,0.0319,0.000978,4.395
140234,520,468,988,212,12,162,342.71,0.9704,0.5194,0.168709,2,0,30,273.09,1.0000,0.0351,0.001066,4.283
140238,520,389,909,206,83,211,326.13,0.8152,0.5925,0.240131,47,25,44,331.93,0.4216,0.1481,0.014815,4.476
140254,520,403,923,242,52,100,12.60,0.9185,0.5756,0.222566,43,18,52,316.33,0.6062,0.1337,0.011942,4.400
140256,520,469,989,149,60,255,298.29,1.0000,0.5185,0.168415,9,4,7,340.33,0.3006,0.0394,0.001603,4.233
140257,520,416,936,173,92,223,310.42,0.7832,0.5658,0.218670,38,19,37,328.81,0.4406,0.1190,0.010114,4.469
140262,520,410,930,209,31,242,320.18,0.9755,0.5738,0.209478,45,4,63,312.46,0.8765,0.1267,0.010037,4.322
140298,520,408,928,254,6,30,27.10,0.9978,0.5684,0.212987,20,25,62,273.84,0.6402,0.1296,0.011917,4.247
140307,520,432,952,238,18,101,9.01,0.9784,0.5490,0.195526,6,21,50,261.45,0.7544,0.1013,0.008053,4.229
140321,520,448,968,203,21,216,324.91,0.9723,0.5400,0.181925,40,2,6,18.79,0.9005,0.0820,0.005078,4.211
140333,520,469,989,216,51,89,13.22,0.8626,0.5207,0.176903,3,5,19,270.85,0.6132,0.0413,0.001749,4.385
140339,520,432,952,242,34,23,29.34,0.9797,0.5520,0.200866,48,1,2,26.69,0.9793,0.0960,0.006546,4.437
140353,520,390,910,191,83,241,313.18,0.9023,0.5905,0.236148,35,38,4,114.35,0.8461,0.1540,0.017523,4.238
140359,520,395,915,224,58,209,332.12,0.9091,0.5939,0.234791,0,22,92,263.18,1.0005,0.1439,0.013464,4.487
140376,520,436,956,242,17,59,21.76,0.9886,0.5483,0.195973,16,3,68,279.02,0.9686,0.0940,0.005926,4.398
140388,520,470,990,187,18,230,317.12,0.9801,0.5229,0.167119,7,2,29,286.91,0.8600,0.0446,0.001773,4.194
140402,520,419,939,232,26,153,350.58,0.9542,0.5586,0.201974,10,9,74,271.37,0.9564,0.1058,0.007543,4.379
140420,520,319,839,249,44,253,327.32,0.9940,0.6547,0.290358,18,61,11,141.08,0.9644,0.2179,0.034901,4.009
140422,520,477,997,228,8,10,28.84,0.9957,0.5116,0.166926,3,0,3,328.36,1.0000,0.0167,0.000259,4.316
140423,520,473,993,223,42,37,28.10,0.9529,0.5185,0.174803,8,0,7,331.56,1.0000,0.0265,0.000670,4.437
140426,520,469,989,216,34,137,352.85,0.8982,0.5242,0.175516,4,2,29,278.48,0.9032,0.0416,0.001579,4.372
140429,520,407,927,180,86,225,313.11,0.8141,0.5677,0.217960,10,34,43,225.69,0.5906,0.1344,0.013829,4.198
140430,520,477,997,204,45,143,348.27,0.8319,0.5115,0.166994,0,0,14,264.05,1.0000,0.0188,0.000317,4.313
140431,520,470,990,197,67,130,354.04,0.7271,0.5156,0.174982,0,0,37,264.05,1.0000,0.0397,0.001336,4.383
140448,520,446,966,208,62,152,346.97,0.7873,0.5391,0.191242,9,5,59,274.30,0.9512,0.0814,0.004824,4.400
140454,520,400,920,214,7,252,319.51,0.9969,0.5826,0.214782,23,22,79,276.66,0.8075,0.1417,0.013204,4.189
140459,520,340,860,241,56,236,329.33,0.9621,0.6378,0.275879,73,9,89,318.12,0.8578,0.2024,0.023333,4.444
140466,520,325,845,228,115,173,349.74,0.7100,0.6542,0.317747,13,58,42,165.33,0.8396,0.2124,0.032787,4.442
140494,520,344,864,248,89,105,18.13,0.9228,0.6272,0.281244,19,40,94,264.84,0.7890,0.1939,0.024641,4.438
140508,520,401,921,184,78,254,308.41,0.9909,0.5844,0.227958,66,3,2,28.94,0.9719,0.1386,0.012280,4.463
140513,520,452,972,222,55,34,30.83,0.9424,0.5274,0.183802,21,11,15,353.67,0.2748,0.0704,0.004333,4.303
140530,520,458,978,237,3,25,27.30,0.9985,0.5308,0.181431,14,2,36,294.83,0.8766,0.0569,0.002642,4.396
140553,520,476,996,211,50,82,15.17,0.8614,0.5081,0.167417,2,1,10,286.50,0.7500,0.0235,0.000565,4.300
140562,520,442,962,234,23,74,17.40,0.9747,0.5361,0.186028,30,6,32,324.64,0.6845,0.0819,0.005106,4.283
140564,520,397,917,213,93,129,3.72,0.6679,0.5792,0.235619,24,37,7,129.42,0.8036,0.1410,0.015326,4.372
140579,520,332,852,221,90,241,322.15,0.9258,0.6428,0.290372,2,57,16,146.91,0.9933,0.1993,0.029764,4.267
140597,520,445,965,211,32,181,336.73,0.9225,0.5361,0.182202,13,14,40,278.14,0.6010,0.0823,0.005528,4.182
140605,520,335,855,240,38,254,325.08,0.9966,0.6373,0.270698,64,37,45,0.77,0.3426,0.2003,0.026027,4.218
140612,520,416,936,244,13,140,356.94,0.9862,0.5727,0.214177,36,24,19,43.62,0.2659,0.1199,0.010754,4.348
140624,520,421,941,251,6,11,28.79,0.9979,0.5610,0.206674,0,31,18,162.21,1.0000,0.1095,0.010236,4.261
140634,520,296,816,221,121,227,325.13,0.8170,0.6795,0.345946,7,59,92,243.27,0.8533,0.2402,0.039456,4.426
140636,520,460,980,185,64,203,322.23,0.8199,0.5318,0.182941,27,1,18,343.02,0.8197,0.0604,0.002984,4.396
140637,520,428,948,200,58,219,322.68,0.8909,0.5606,0.204215,19,10,64,281.33,0.8647,0.1023,0.007257,4.440
140647,520,426,946,224,41,173,342.68,0.9103,0.5609,0.204528,4,13,73,266.55,0.9566,0.1071,0.007946,4.392
140655,520,411,931,167,95,229,306.26,0.7982,0.5670,0.220576,18,31,8,133.29,0.7217,0.1177,0.011261,4.417
140685,520,292,812,192,137,249,305.33,0.8800,0.6840,0.359379,7,67,22,146.84,0.9817,0.2367,0.041172,4.490
140687,520,461,981,187,23,234,316.11,0.9751,0.5281,0.171194,4,4,38,273.00,0.9158,0.0540,0.002526,4.211
140694,520,389,909,232,85,80,25.58,0.8508,0.5880,0.242348,23,36,39,213.57,0.2506,0.1463,0.015904,4.436
140712,520,400,920,213,15,246,320.50,0.9921,0.5779,0.211435,4,13,98,265.92,0.9797,0.1390,0.011954,4.220
140720,520,393,913,200,65,252,314.48,0.9813,0.5915,0.230896,39,21,59,303.33,0.6064,0.1386,0.012835,4.470
140731,520,450,970,175,81,206,316.89,0.7583,0.5404,0.194560,33,4,12,5.75,0.7217,0.0741,0.004368,4.498
140732,520,62,582,204,243,243,196.48,0.5956,0.9262,0.834085,5,125,15,143.13,0.9976,0.4349,0.147333,4.480
140735,520,453,973,230,36,6,31.08,0.9938,0.5273,0.181009,22,7,19,334.84,0.4881,0.0655,0.003696,4.302
140745,520,414,934,229,62,120,4.58,0.8434,0.5652,0.214621,35,3,73,296.27,0.9427,0.1207,0.009035,4.482
140767,520,451,971,235,41,16,30.83,0.9845,0.5414,0.192886,5,13,35,264.87,0.6784,0.0707,0.004414,4.464
140770,520,448,968,226,41,120,1.73,0.8993,0.5418,0.191134,5,21,12,158.17,0.6623,0.0800,0.005951,4.310
140780,520,425,945,247,24,78,17.52,0.9807,0.5645,0.209810,52,6,15,14.40,0.8065,0.1144,0.008949,4.407
140782,520,386,906,217,22,245,321.67,0.9876,0.5858,0.219201,55,18,39,347.77,0.5896,0.1458,0.013914,4.212
140795,520,465,985,186,85,112,5.31,0.5951,0.5160,0.181075,3,6,22,268.43,0.6508,0.0455,0.002075,4.437
140797,520,478,998,221,45,5,32.57,0.9933,0.5149,0.172626,1,0,19,273.06,1.0000,0.0243,0.000535,4.405
140799,520,426,946,249,24,28,28.03,0.9886,0.5624,0.208805,38,6,59,307.57,0.8335,0.1147,0.008581,4.418
140803,520,462,982,207,70,96,12.93,0.7580,0.5261,0.184924,19,5,8,4.87,0.4742,0.0534,0.002645,4.462
140817,520,424,944,218,85,26,40.62,0.9338,0.5562,0.214794,41,13,37,333.22,0.5946,0.1129,0.008929,4.493
140821,520,347,867,182,130,199,317.60,0.5244,0.6311,0.300346,7,55,4,141.98,0.9876,0.1924,0.027862,4.500
140828,520,342,862,239,104,69,35.59,0.8755,0.6264,0.286839,17,53,9,140.35,0.9578,0.1898,0.026850,4.383
140847,520,414,934,227,56,150,351.99,0.8569,0.5670,0.213639,43,20,1,59.65,0.8965,0.1176,0.010162,4.382
140858,520,470,990,187,81,130,353.68,0.6267,0.5179,0.180629,13,1,17,319.44,0.7938,0.0402,0.001478,4.480
140899,520,372,892,216,103,157,352.15,0.6583,0.6100,0.267357,21,46,19,142.34,0.7651,0.1699,0.021604,4.432
140910,520,388,908,234,84,60,31.63,0.8860,0.5872,0.241622,33,36,8,114.85,0.6966,0.1465,0.016026,4.417
140921,520,361,881,228,66,222,329.58,0.9189,0.6157,0.256666,32,47,5,127.42,0.9072,0.1791,0.023510,4.172
140924,520,382,902,222,49,228,326.62,0.9472,0.5957,0.233298,46,22,69,304.65,0.6625,0.1577,0.015844,4.303
140927,520,400,920,246,48,114,7.87,0.9323,0.5842,0.229250,26,22,79,279.25,0.7851,0.1442,0.013579,4.392
140957,520,476,996,215,26,110,2.31,0.9289,0.5075,0.163141,2,0,6,302.89,1.0000,0.0170,0.000261,4.241
140961,520,408,928,240,54,100,12.61,0.9092,0.5733,0.220869,3,32,44,229.24,0.8234,0.1256,0.012342,4.345
140968,520,453,973,197,52,185,331.71,0.8391,0.5278,0.178308,18,12,23,308.87,0.3272,0.0723,0.004534,4.187
140969,520,62,582,254,229,207,63.68,0.8654,0.9260,0.816154,31,122,36,143.71,0.9709,0.4313,0.143372,4.479
140992,520,390,910,171,96,251,302.90,0.9484,0.5898,0.239892,2,43,20,153.75,0.9795,0.1513,0.017911,4.269
140995,520,448,968,222,26,165,344.40,0.9446,0.5450,0.189875,25,16,11,50.26,0.2803,0.0847,0.006014,4.282
141010,520,465,985,225,24,86,12.58,0.9601,0.5203,0.173355,12,8,2,86.42,0.5436,0.0503,0.002562,4.249
141028,520,21,541,247,255,144,112.25,1.0000,0.9660,0.933081,2,134,3,142.56,0.9992,0.4641,0.170689,4.455
141029,520,441,961,239,7,71,18.02,0.9944,0.5415,0.189609,16,23,16,144.87,0.2621,0.0945,0.007604,4.160
141051,520,364,884,243,77,118,9.98,0.8832,0.6068,0.256736,33,44,15,126.72,0.6434,0.1719,0.021592,4.285
141088,520,444,964,232,29,99,9.41,0.9520,0.5404,0.189384,25,14,23,333.17,0.3173,0.0845,0.005826,4.288
141096,520,445,965,234,31,80,16.14,0.9588,0.5410,0.190547,10,14,40,273.21,0.6359,0.0801,0.005318,4.348
141108,520,422,942,153,95,246,297.43,0.8981,0.5629,0.216107,14,22,53,269.65,0.6402,0.1109,0.009242,4.492
141112,520,366,886,252,12,190,343.54,0.9932,0.6108,0.246795,12,19,115,267.78,0.9711,0.1734,0.017816,4.376
141122,520,439,959,228,41,127,359.53,0.9027,0.5482,0.196150,6,23,8,146.76,0.7894,0.0856,0.006690,4.342
141125,520,410,930,227,75,86,20.38,0.8315,0.5670,0.220376,22,34,5,128.62,0.8370,0.1297,0.013256,4.274
141138,520,392,912,250,55,59,25.70,0.9748,0.5863,0.233757,26,36,31,163.20,0.2080,0.1454,0.015803,4.312
141174,520,407,927,247,28,88,14.83,0.9736,0.5681,0.213128,36,22,51,304.71,0.5123,0.1309,0.011879,4.252
141177,520,425,945,229,28,166,345.77,0.9494,0.5598,0.202444,38,16,37,328.83,0.5119,0.1133,0.009163,4.267
141179,520,472,992,229,5,90,10.93,0.9931,0.5240,0.175077,1,3,8,256.72,0.5556,0.0280,0.000891,4.423
141181,520,425,945,249,4,1,29.30,0.9993,0.5560,0.202325,15,11,73,274.87,0.9235,0.1106,0.008219,4.334
141183,520,460,980,208,64,124,359.03,0.7698,0.5296,0.185341,3,9,28,263.86,0.7044,0.0560,0.002986,4.442
141197,520,471,991,119,94,236,286.27,0.8479,0.5169,0.179832,1,9,5,165.34,0.8047,0.0434,0.002128,4.409
141202,520,419,939,217,20,206,331.15,0.9751,0.5575,0.197105,4,11,77,266.74,0.9686,0.1089,0.008009,4.260
141203,520,261,781,222,162,10,81.55,0.9780,0.7087,0.413939,2,77,39,153.54,0.9936,0.2735,0.054669,4.432
141215,520,414,934,239,42,120,4.14,0.9265,0.5682,0.213659,0,5,96,264.20,0.9938,0.1247,0.009530,4.429
141221,520,320,840,230,105,184,343.95,0.7710,0.6462,0.303891,55,48,44,51.73,0.1051,0.2147,0.031080,4.365
141222,520,426,946,219,16,208,331.13,0.9826,0.5612,0.199870,38,17,21,8.36,0.4096,0.1080,0.008672,4.259
141240,520,317,837,231,100,221,330.61,0.8712,0.6590,0.313259,76,41,27,42.25,0.5171,0.2231,0.032017,4.429
141245,520,475,995,197,20,198,328.02,0.9592,0.5163,0.164496,0,4,7,227.14,1.0000,0.0294,0.001022,4.204
141252,520,348,868,244,36,228,332.03,0.9793,0.6259,0.260992,9,39,95,261.46,0.8902,0.1883,0.023352,4.240
141268,520,413,933,249,44,22,30.43,0.9827,0.5727,0.220026,3,28,54,251.68,0.8281,0.1209,0.011161,4.415
141276,520,454,974,144,101,194,303.68,0.6017,0.5255,0.191320,21,6,31,309.82,0.6636,0.0689,0.003886,4.478
141290,520,425,945,248,9,61,21.36,0.9950,0.5594,0.204924,12,28,12,144.05,0.6410,0.1052,0.009352,4.295
141292,520,454,974,231,32,77,16.86,0.9549,0.5346,0.185608,5,5,53,271.00,0.9547,0.0718,0.003978,4.365
141298,520,343,863,244,24,237,329.91,0.9904,0.6270,0.260036,72,22,47,352.43,0.6384,0.1869,0.021570,4.332
141299,520,468,988,183,77,157,338.11,0.6697,0.5177,0.178107,2,5,22,266.93,0.7486,0.0420,0.001794,4.404
141333,520,347,867,226,70,239,324.61,0.9361,0.6271,0.267832,24,44,71,256.32,0.5219,0.1886,0.024504,4.266
141362,520,404,924,202,59,244,317.10,0.9454,0.5829,0.222176,8,21,82,266.97,0.9258,0.1339,0.011971,4.392
141370,520,422,942,228,49,150,351.74,0.8811,0.5631,0.208953,52,3,18,8.09,0.8588,0.1112,0.008390,4.435
141373,520,398,918,230,56,169,345.99,0.8781,0.5811,0.225186,50,25,3,59.25,0.8142,0.1403,0.013800,4.313
141374,520,456,976,173,31,253,307.73,0.9901,0.5268,0.169569,9,6,37,281.23,0.7793,0.0615,0.003219,4.126
141389,520,472,992,220,33,93,10.08,0.9252,0.5163,0.170963,2,5,4,174.77,0.3329,0.0335,0.001302,4.307
141405,520,413,933,194,85,207,323.29,0.7738,0.5746,0.224727,17,28,45,258.85,0.4236,0.1224,0.011391,4.475
141409,520,435,955,222,44,153,349.01,0.8829,0.5494,0.196334,12,9,58,276.12,0.8894,0.0888,0.005790,4.415
141425,520,450,970,194,31,227,319.59,0.9586,0.5375,0.179968,20,10,24,315.88,0.4254,0.0711,0.004318,4.234
141439,520,452,972,183,83,155,339.46,0.6350,0.5257,0.186217,20,13,13,18.43,0.1797,0.0726,0.004656,4.322
141462,520,402,922,246,56,60,25.50,0.9563,0.5793,0.227509,35,25,39,316.12,0.2986,0.1290,0.011991,4.477
141484,520,398,918,234,80,51,32.79,0.9057,0.5808,0.234717,41,31,20,68.95,0.3156,0.1444,0.015019,4.379
141489,520,404,924,230,70,120,5.99,0.8228,0.5756,0.225621,30,30,4,109.37,0.7786,0.1252,0.012133,4.436
141494,520,396,916,247,41,107,9.75,0.9474,0.5796,0.224250,36,32,1,102.39,0.9452,0.1373,0.014103,4.278
141496,520,393,913,213,49,237,322.06,0.9491,0.5872,0.224590,28,31,38,266.97,0.1465,0.1360,0.013668,4.313
141509,520,428,948,222,28,195,335.41,0.9575,0.5626,0.203026,13,27,2,132.49,0.9343,0.1007,0.008738,4.308
141510,520,385,905,255,22,101,11.48,1.0000,0.5854,0.227772,51,29,23,35.99,0.3833,0.1547,0.016445,4.180
141525,520,466,986,201,53,157,342.57,0.8067,0.5199,0.173999,3,12,3,143.80,0.7833,0.0518,0.002889,4.235
141530,520,480,1000,221,26,84,12.88,0.9518,0.5123,0.167538,0,0,0,0.00,0.0000,0.0000,0.000000,4.351
141533,520,305,825,248,123,51,46.95,0.9360,0.6707,0.343644,54,57,22,113.38,0.6020,0.2336,0.037685,4.489
141536,520,438,958,160,81,250,300.97,0.9519,0.5536,0.202609,25,16,35,304.87,0.4370,0.0948,0.006986,4.433
141578,520,444,964,197,85,117,4.68,0.6390,0.5361,0.196534,12,13,45,276.77,0.7021,0.0834,0.005555,4.438
141585,520,388,908,238,49,170,347.21,0.9165,0.5908,0.232790,35,10,92,286.49,0.9163,0.1503,0.013471,4.455
141590,520,174,694,252,175,177,17.48,0.8707,0.7997,0.545318,29,94,21,141.56,0.9681,0.3359,0.083205,4.469
141591,520,397,917,214,41,237,322.47,0.9615,0.5836,0.219983,37,32,1,100.52,0.9456,0.1386,0.014286,4.200
141594,520,39,559,247,250,75,110.44,0.9865,0.9459,0.886540,28,129,48,146.02,0.9730,0.4549,0.161601,4.426
141595,520,389,909,226,16,236,325.96,0.9915,0.5927,0.225978,22,13,102,274.18,0.9581,0.1541,0.014176,4.300
141608,520,443,963,166,90,197,315.20,0.6818,0.5357,0.194513,15,5,58,280.98,0.9187,0.0848,0.005156,4.433
141609,520,412,932,208,59,217,325.52,0.8950,0.5732,0.215494,29,15,63,291.09,0.7450,0.1191,0.009617,4.453
141623,520,333,853,238,69,237,328.25,0.9462,0.6441,0.285503,11,55,16,144.91,0.9597,0.1952,0.028408,4.279
141654,520,443,963,187,37,238,314.88,0.9555,0.5384,0.180622,21,9,40,297.77,0.6749,0.0807,0.005080,4.187
141656,520,361,881,207,85,241,318.14,0.9149,0.6159,0.261147,30,46,35,154.14,0.3307,0.1805,0.023513,4.233
141664,520,349,869,234,93,161,353.25,0.7934,0.6258,0.278969,43,43,47,285.94,0.0619,0.1885,0.024466,4.418
141690,520,431,951,197,64,202,326.38,0.8336,0.5503,0.198029,2,27,22,177.90,0.8868,0.0992,0.008547,4.236
141691,520,434,954,229,35,147,352.27,0.9241,0.5544,0.199694,46,2,33,342.70,0.8366,0.1039,0.007342,4.355
141692,520,366,886,244,41,188,342.78,0.9539,0.6056,0.244529,74,11,21,17.65,0.8343,0.1682,0.017496,4.364
141729,520,430,950,214,65,133,356.61,0.7841,0.5451,0.197725,43,3,40,331.43,0.8127,0.1039,0.007320,4.322
141755,520,404,924,248,1,153,353.42,0.9991,0.5836,0.222815,13,22,78,269.43,0.8809,0.1339,0.012094,4.394
141771,520,475,995,166,46,245,306.63,0.9504,0.5192,0.166543,6,2,11,307.90,0.5912,0.0323,0.001063,4.241
141801,520,333,853,193,125,211,319.04,0.6378,0.6411,0.307088,25,55,26,144.52,0.7514,0.2035,0.030135,4.456
141807,520,392,912,253,43,74,20.61,0.9883,0.5858,0.231085,18,20,95,271.71,0.9268,0.1526,0.014550,4.355
141821,520,374,894,216,75,209,329.89,0.8536,0.5974,0.242365,35,19,91,284.86,0.8390,0.1605,0.015784,4.444
141823,520,456,976,226,43,74,18.53,0.9255,0.5308,0.183938,19,8,0,70.32,1.0000,0.0574,0.003121,4.404
141831,520,453,973,172,46,253,306.85,0.9885,0.5349,0.178173,24,3,29,319.99,0.7596,0.0659,0.003480,4.266
141832,520,428,948,202,72,188,332.33,0.7874,0.5589,0.208238,25,23,16,93.99,0.1993,0.1031,0.008569,4.409
141844,520,419,939,237,15,151,352.03,0.9802,0.5638,0.205836,21,22,51,279.18,0.5441,0.1147,0.009722,4.284
141855,520,406,926,202,45,248,316.66,0.9674,0.5751,0.212121,58,10,24,7.65,0.7427,0.1343,0.011827,4.240
141874,520,446,966,236,22,96,10.58,0.9714,0.5449,0.192544,26,3,49,301.63,0.8779,0.0843,0.005065,4.405
141877,520,456,976,234,31,20,29.40,0.9805,0.5334,0.185261,5,7,40,272.15,0.8600,0.0628,0.003374,4.408
141895,520,409,929,212,89,123,5.56,0.6812,0.5695,0.225740,11,36,17,149.27,0.7905,0.1311,0.013733,4.326
141903,520,399,919,220,7,237,324.31,0.9961,0.5813,0.214842,54,13,37,347.83,0.6653,0.1356,0.012058,4.268
141926,520,469,989,178,24,245,311.06,0.9783,0.5238,0.167118,15,0,25,311.59,1.0000,0.0450,0.001718,4.198
141948,520,477,997,206,66,7,37.91,0.9828,0.5066,0.170358,2,1,8,289.57,0.6935,0.0224,0.000521,4.362
141949,520,441,961,192,3,247,314.87,0.9980,0.5418,0.179883,36,11,21,356.93,0.5344,0.0940,0.006686,4.055
141967,520,317,837,243,79,235,329.96,0.9504,0.6606,0.306474,44,36,112,281.39,0.7603,0.2210,0.029670,4.474
141968,520,400,920,228,64,152,352.13,0.8366,0.5772,0.224304,42,30,25,43.70,0.2301,0.1446,0.014910,4.226
141969,520,270,790,188,150,237,303.51,0.7222,0.6984,0.386188,31,72,20,139.64,0.9264,0.2626,0.049764,4.372
141974,520,405,925,235,5,187,340.62,0.9950,0.5757,0.213614,33,29,6,99.69,0.6813,0.1262,0.012152,4.241
141981,520,460,980,212,56,131,355.93,0.8094,0.5313,0.184664,6,10,26,269.70,0.5289,0.0593,0.003304,4.402
141994,520,430,950,164,76,244,304.03,0.9164,0.5470,0.195936,1,16,65,263.21,0.9737,0.1016,0.007586,4.271
141995,520,401,921,241,58,98,13.98,0.9050,0.5783,0.226119,2,33,57,245.99,0.8770,0.1367,0.013959,4.317
142014,520,401,921,249,50,48,27.34,0.9741,0.5790,0.226379,59,7,35,352.68,0.7748,0.1371,0.012033,4.455
142017,520,430,950,189,72,206,322.39,0.8065,0.5494,0.199111,6,21,44,258.17,0.6848,0.0967,0.007569,4.327
142022,520,255,775,253,129,174,358.56,0.9412,0.7151,0.396420,16,67,94,236.92,0.7685,0.2678,0.049324,4.495
142024,520,387,907,219,46,227,326.12,0.9482,0.5880,0.225622,32,7,97,282.95,0.9545,0.1501,0.013221,4.360
142040,520,398,918,253,2,121,4.38,0.9985,0.5822,0.223102,25,6,93,278.87,0.9672,0.1372,0.011272,4.457
142050,520,454,974,178,68,211,317.40,0.8202,0.5312,0.183034,12,17,7,129.52,0.4040,0.0728,0.004944,4.241
142067,520,471,991,161,81,210,310.30,0.7594,0.5236,0.181157,9,3,9,326.97,0.4508,0.0375,0.001429,4.495
142079,520,409,929,240,48,106,9.80,0.9195,0.5702,0.216830,40,7,74,299.72,0.8771,0.1333,0.010975,4.376
142080,520,465,985,214,29,147,348.58,0.9145,0.5221,0.172838,15,5,10,346.71,0.3984,0.0492,0.002320,4.259
142126,520,381,901,234,92,33,40.05,0.9387,0.5958,0.252594,42,33,54,303.48,0.3388,0.1650,0.018463,4.420
142138,520,412,932,237,25,160,349.38,0.9640,0.5711,0.212409,39,16,45,319.00,0.5818,0.1196,0.009914,4.380
142144,520,413,933,248,23,99,11.26,0.9788,0.5708,0.214736,19,32,11,134.71,0.6403,0.1221,0.011956,4.273
142148,520,462,982,234,15,16,28.68,0.9922,0.5266,0.178747,0,11,2,149.68,1.0000,0.0463,0.002437,4.362
142153,520,391,911,254,26,128,3.00,0.9918,0.5925,0.233718,4,9,110,265.72,0.9899,0.1513,0.013469,4.470
142154,520,386,906,233,67,149,354.66,0.8427,0.5881,0.235106,16,13,102,270.89,0.9692,0.1502,0.013572,4.485
142164,520,397,917,214,50,220,326.53,0.9274,0.5777,0.217466,56,14,39,347.22,0.6629,0.1416,0.013014,4.245
142170,520,364,884,240,54,187,342.50,0.9224,0.6065,0.247544,73,18,0,38.80,1.0000,0.1711,0.018493,4.344
142171,520,432,952,191,59,221,319.41,0.8828,0.5487,0.194261,23,10,62,286.60,0.8289,0.1041,0.007470,4.250
142175,520,437,957,235,48,78,18.68,0.9275,0.5536,0.203292,27,16,18,7.01,0.2460,0.0893,0.006473,4.485
142190,520,413,933,173,97,215,312.00,0.7322,0.5684,0.223407,26,28,26,145.41,0.0570,0.1207,0.011247,4.464
142193,520,356,876,203,89,245,315.69,0.9279,0.6180,0.264352,38,31,88,283.74,0.6873,0.1820,0.020966,4.430
142198,520,400,920,213,58,222,325.62,0.9126,0.5838,0.224481,6,35,54,241.59,0.7459,0.1422,0.015070,4.218
142199,520,388,908,244,21,176,345.92,0.9799,0.5908,0.229072,6,42,10,145.03,0.9647,0.1476,0.017165,4.155
142209,520,474,994,180,37,228,315.11,0.9416,0.5191,0.166290,3,1,23,280.18,0.9235,0.0332,0.001029,4.239
142216,520,468,988,186,26,226,317.64,0.9643,0.5211,0.166702,6,5,3,88.28,0.2067,0.0374,0.001538,4.205
142244,520,412,932,241,24,138,357.33,0.9675,0.5693,0.211922,51,2,49,330.10,0.8732,0.1235,0.009691,4.388
142247,520,412,932,189,61,248,312.30,0.9583,0.5683,0.209347,30,26,28,345.97,0.0810,0.1205,0.010987,4.253
142249,520,420,940,238,38,101,10.28,0.9404,0.5581,0.205061,5,20,63,264.50,0.8858,0.1101,0.008914,4.329
142277,520,448,968,168,80,224,309.53,0.8173,0.5420,0.194447,35,0,34,329.55,1.0000,0.0810,0.004729,4.467
142278,520,431,951,208,23,220,325.22,0.9734,0.5523,0.191919,22,23,14,113.11,0.2591,0.0994,0.008151,4.160
142284,520,434,954,192,58,223,319.24,0.8905,0.5508,0.195616,28,4,58,297.20,0.8890,0.0971,0.006392,4.356
142287,520,470,990,137,84,237,294.63,0.8638,0.5196,0.177735,0,5,22,257.75,1.0000,0.0400,0.001665,4.408
142299,520,477,997,200,25,175,335.58,0.9257,0.5087,0.160717,1,3,1,144.11,0.6096,0.0246,0.000738,4.153
142308,520,436,956,213,5,212,328.60,0.9944,0.5507,0.190102,42,2,4,23.27,0.9306,0.0855,0.005445,4.330
142314,520,424,944,208,57,204,329.16,0.8759,0.5629,0.206977,3,16,72,265.19,0.9466,0.1105,0.008578,4.387
142340,520,381,901,250,77,2,37.24,0.9983,0.6044,0.256396,18,39,61,251.15,0.5431,0.1641,0.019165,4.430
142345,520,399,919,241,0,175,345.35,1.0000,0.5798,0.217990,23,34,29,165.26,0.2395,0.1363,0.014149,4.178
142346,520,388,908,178,99,228,310.30,0.7912,0.5868,0.239908,32,37,20,121.95,0.3857,0.1507,0.016807,4.339
142349,520,247,767,226,131,253,318.43,0.9809,0.7170,0.394947,57,72,15,123.27,0.8437,0.2812,0.055390,4.222
142358,520,376,896,253,68,50,29.79,0.9896,0.6031,0.252508,4,42,57,229.53,0.8474,0.1644,0.019770,4.336
142365,520,358,878,253,48,163,352.60,0.9816,0.6151,0.256444,82,12,8,28.77,0.9210,0.1845,0.020746,4.332
142371,520,422,942,225,36,174,342.48,0.9270,0.5603,0.203279,35,1,61,304.28,0.9652,0.1054,0.007160,4.431
142378,520,414,934,201,82,182,334.29,0.7364,0.5667,0.218311,2,33,25,172.43,0.9291,0.1193,0.011708,4.348
142382,520,360,880,231,54,243,325.22,0.9616,0.6244,0.261006,52,32,55,322.13,0.3983,0.1763,0.020390,4.418
142388,520,320,840,192,137,177,336.81,0.4114,0.6475,0.322730,2,60,21,148.59,0.9929,0.2107,0.032986,4.491
142390,520,475,995,194,52,185,330.80,0.8346,0.5226,0.174297,7,2,6,332.91,0.4724,0.0312,0.001017,4.396
142399,520,62,582,236,239,190,110.46,0.6559,0.9274,0.832837,25,124,15,141.91,0.9900,0.4346,0.146559,4.491
142400,520,323,843,238,85,224,331.65,0.9173,0.6527,0.300584,11,60,25,148.71,0.9523,0.2140,0.033729,4.187
142415,520,427,947,220,43,180,339.52,0.9032,0.5586,0.202411,15,25,14,142.32,0.4073,0.0988,0.008285,4.331
142424,520,473,993,176,62,209,317.59,0.8325,0.5198,0.172799,0,0,28,264.05,1.0000,0.0308,0.000838,4.382
142426,520,466,986,120,94,241,286.06,0.8785,0.5221,0.183491,18,1,27,313.44,0.8638,0.0524,0.002295,4.465
142442,520,346,866,250,40,208,338.52,0.9727,0.6267,0.263988,3,49,62,222.27,0.9093,0.1889,0.025637,4.151
142452,520,415,935,227,57,143,354.68,0.8512,0.5650,0.212430,14,21,62,271.06,0.7578,0.1164,0.009775,4.390
142457,520,376,896,245,76,95,18.58,0.9172,0.6036,0.254108,45,35,17,81.16,0.4553,0.1596,0.018005,4.472
142491,520,479,999,102,90,251,279.66,0.9701,0.5079,0.171016,2,0,0,29.23,1.0000,0.0120,0.000129,4.409
142513,520,403,923,223,50,200,334.38,0.9134,0.5804,0.221416,1,18,88,264.08,0.9655,0.1322,0.011436,4.418
142532,520,327,847,249,92,169,353.30,0.9189,0.6527,0.306617,25,57,23,142.58,0.8354,0.2095,0.031947,4.352
142552,520,371,891,195,86,254,311.30,0.9906,0.6094,0.254145,19,43,52,224.69,0.4794,0.1711,0.021141,4.275
142574,520,182,702,251,170,178,12.90,0.8389,0.7887,0.524752,64,86,15,125.84,0.9007,0.3307,0.077800,4.497
142575,520,418,938,222,36,182,339.28,0.9283,0.5591,0.201712,5,34,24,166.78,0.8342,0.1237,0.012422,4.032
142598,520,281,801,238,103,242,326.48,0.9417,0.6853,0.342907,58,63,15,115.08,0.7762,0.2548,0.044890,4.141
142619,520,346,866,248,33,224,333.92,0.9824,0.6292,0.264290,53,30,80,302.44,0.6223,0.1906,0.022647,4.326
142627,520,470,990,195,58,165,338.03,0.7869,0.5185,0.173465,15,1,19,320.13,0.8070,0.0437,0.001703,4.322
142640,520,398,918,246,45,120,5.53,0.9344,0.5839,0.228290,1,21,92,263.79,0.9866,0.1425,0.013154,4.407
142642,520,365,885,226,54,239,324.90,0.9544,0.6134,0.250413,57,32,1,67.38,0.9440,0.1674,0.019052,4.351
142654,520,383,903,237,78,119,8.93,0.8409,0.5973,0.247881,32,38,13,120.68,0.5920,0.1522,0.017224,4.431
142679,520,249,769,220,142,236,320.62,0.8183,0.7194,0.406191,6,77,43,155.50,0.9771,0.2754,0.055206,4.336
142692,520,380,900,225,82,169,346.46,0.7853,0.5997,0.249091,31,27,85,280.13,0.7424,0.1644,0.017310,4.443
142702,520,432,952,233,11,141,354.39,0.9834,0.5506,0.194890,0,3,81,264.19,0.9947,0.1005,0.006591,4.327
142716,520,360,880,213,88,221,325.25,0.8448,0.6158,0.263478,69,25,29,17.00,0.5939,0.1794,0.020494,4.447
142718,520,443,963,232,24,87,13.15,0.9669,0.5351,0.185002,2,13,50,263.77,0.9241,0.0811,0.005310,4.249
142733,520,426,946,240,15,114,4.87,0.9823,0.5560,0.200851,43,11,20,5.63,0.6130,0.1056,0.008035,4.322
142735,520,465,985,185,5,233,316.00,0.9950,0.5189,0.163073,13,2,28,301.20,0.8175,0.0496,0.002128,4.087
142740,520,350,870,244,40,233,330.82,0.9777,0.6311,0.266367,70,30,41,4.26,0.5051,0.1943,0.023909,4.280
142756,520,476,996,166,0,255,305.85,1.0000,0.5083,0.153277,5,0,7,320.34,1.0000,0.0225,0.000476,4.027
142776,520,367,887,228,91,154,354.55,0.7582,0.6103,0.263117,43,38,29,82.21,0.1933,0.1681,0.019886,4.480
142778,520,454,974,232,33,1,31.07,0.9990,0.5295,0.182488,8,4,48,276.75,0.9290,0.0670,0.003518,4.344
142791,520,424,944,177,88,209,316.22,0.7438,0.5556,0.209309,2,29,27,188.19,0.8813,0.1074,0.009707,4.343
142796,520,379,899,217,54,240,322.31,0.9481,0.5995,0.236832,32,16,97,281.52,0.8995,0.1601,0.015407,4.385
142804,520,371,891,230,61,210,333.41,0.9147,0.6073,0.248161,9,13,122,266.86,0.9864,0.1747,0.017509,4.417
142857,520,476,996,186,68,153,340.37,0.7140,0.5083,0.168747,2,2,6,282.35,0.4201,0.0250,0.000695,4.315
142868,520,433,953,243,29,12,29.88,0.9910,0.5511,0.199634,30,19,10,59.98,0.3902,0.0977,0.007637,4.331
142872,520,412,932,229,43,173,343.94,0.9147,0.5715,0.214056,32,28,8,98.25,0.5858,0.1227,0.011551,4.290
142894,520,143,663,252,183,224,342.89,0.9409,0.8315,0.599460,61,97,29,133.01,0.8635,0.3640,0.096300,4.439
142895,520,394,914,245,51,140,358.91,0.9191,0.5930,0.236768,17,34,39,218.60,0.3759,0.1362,0.014097,4.474
142904,520,432,952,225,38,142,353.28,0.9055,0.5463,0.193494,34,10,40,319.16,0.6541,0.0993,0.007104,4.264
142915,520,439,959,239,35,75,18.49,0.9597,0.5525,0.200640,27,13,31,318.49,0.4698,0.0890,0.006198,4.460
142919,520,472,992,230,4,43,24.18,0.9971,0.5174,0.170873,7,2,3,3.45,0.4120,0.0299,0.000952,4.335
142931,520,432,952,207,18,215,326.25,0.9782,0.5453,0.186062,2,15,68,264.54,0.9479,0.1036,0.007719,4.090
142932,520,367,887,254,55,142,0.18,0.9892,0.6139,0.257597,56,35,4,72.53,0.8370,0.1734,0.020517,4.362
142945,520,480,1000,162,26,251,304.96,0.9819,0.5064,0.153858,0,0,0,0.00,0.0000,0.0000,0.000000,4.077
142953,520,433,953,240,12,112,5.45,0.9863,0.5547,0.199613,50,2,1,29.47,0.9720,0.1016,0.007238,4.361
142989,520,419,939,249,25,21,28.85,0.9884,0.5624,0.208928,39,20,0,67.38,1.0000,0.1110,0.009317,4.365
143002,520,343,863,234,73,215,333.10,0.9069,0.6282,0.271663,57,39,20,66.49,0.4866,0.1872,0.023715,4.364
143004,520,467,987,229,23,60,20.98,0.9760,0.5231,0.176000,0,0,38,264.05,1.0000,0.0408,0.001399,4.397
143016,520,470,990,175,59,220,314.54,0.8678,0.5234,0.174102,2,5,15,262.32,0.5717,0.0381,0.001559,4.346
143029,520,471,991,203,52,145,347.67,0.8059,0.5167,0.171988,1,4,28,265.84,0.9175,0.0427,0.001771,4.288
143059,520,401,921,223,33,220,329.00,0.9662,0.5826,0.219453,2,32,68,255.04,0.9191,0.1427,0.014632,4.169
143070,520,33,553,245,241,248,311.18,0.3770,0.9572,0.891005,6,130,18,143.25,0.9973,0.4518,0.160470,4.471
143090,520,460,980,217,56,91,13.40,0.8468,0.5279,0.183379,18,11,7,52.96,0.2738,0.0645,0.003833,4.335
143132,520,388,908,252,55,40,29.47,0.9871,0.5883,0.235847,31,20,88,282.09,0.8328,0.1548,0.014962,4.400
143137,520,406,926,211,72,196,332.44,0.8228,0.5783,0.224710,45,19,38,338.25,0.4965,0.1301,0.011636,4.457
143138,520,380,900,234,58,182,342.77,0.8955,0.5964,0.238987,9,28,91,265.52,0.9127,0.1586,0.016438,4.350
143160,520,388,908,218,84,164,346.77,0.7480,0.5883,0.239286,0,24,95,263.03,1.0003,0.1513,0.014794,4.465
143163,520,397,917,249,50,20,31.36,0.9842,0.5769,0.224750,17,14,95,272.14,0.9550,0.1430,0.012594,4.389
143165,520,364,884,219,76,217,328.41,0.8747,0.6082,0.252407,25,41,57,249.30,0.3868,0.1718,0.020879,4.267
143187,520,387,907,245,69,2,35.89,0.9981,0.5859,0.236765,60,19,24,15.58,0.6221,0.1509,0.014925,4.417
143205,520,427,947,223,43,181,339.96,0.9099,0.5646,0.207544,42,12,17,12.37,0.5885,0.1044,0.007957,4.444
143211,520,477,997,182,20,224,317.06,0.9728,0.5105,0.158284,2,0,14,286.01,1.0000,0.0222,0.000446,4.129
143217,520,312,832,236,89,242,326.18,0.9461,0.6648,0.313907,8,61,20,146.67,0.9743,0.2157,0.034395,4.312
143234,520,330,850,237,96,164,353.12,0.8082,0.6360,0.290533,13,60,10,142.23,0.9715,0.2125,0.033391,4.084
143237,520,424,944,216,34,200,332.51,0.9420,0.5578,0.199153,24,13,65,285.28,0.8054,0.1126,0.008637,4.249
143245,520,408,928,246,10,127,1.47,0.9902,0.5714,0.213456,22,17,76,278.36,0.8459,0.1287,0.010932,4.324
143259,520,330,850,253,83,142,3.22,0.9693,0.6390,0.290255,43,52,25,124.15,0.4999,0.2078,0.030397,4.232
143271,520,417,937,209,21,237,321.44,0.9841,0.5660,0.202079,24,23,57,281.34,0.5830,0.1243,0.011024,4.131
143273,520,407,927,224,61,166,345.82,0.8442,0.5733,0.219404,31,31,22,107.60,0.2071,0.1329,0.013292,4.257
143294,520,444,964,189,9,248,313.78,0.9941,0.5391,0.177928,25,0,48,302.60,1.0000,0.0770,0.004201,4.205
143297,520,465,985,221,45,51,25.31,0.9352,0.5183,0.174907,14,4,19,314.70,0.5893,0.0496,0.002272,4.303
143299,520,385,905,236,53,167,347.92,0.9000,0.5887,0.231720,35,35,6,109.30,0.7492,0.1455,0.015725,4.286
143301,520,242,762,198,158,243,305.23,0.7749,0.7286,0.429310,24,79,20,142.16,0.9579,0.2831,0.058364,4.423
143306,520,362,882,233,38,232,328.47,0.9732,0.6104,0.245386,70,24,37,5.24,0.5971,0.1822,0.020891,4.167
143318,520,61,581,241,234,211,92.95,0.4641,0.9260,0.822499,11,124,26,143.90,0.9939,0.4329,0.145604,4.461
143320,520,454,974,193,18,227,319.51,0.9799,0.5304,0.173176,9,7,41,278.66,0.8037,0.0668,0.003701,4.156
143326,520,479,999,190,61,158,339.25,0.7583,0.5092,0.167549,3,0,0,29.23,1.0000,0.0143,0.000194,4.334
143344,520,405,925,229,15,206,334.08,0.9867,0.5778,0.214585,26,0,94,280.14,1.0000,0.1327,0.010277,4.389
143347,520,360,880,226,57,249,322.51,0.9752,0.6226,0.259367,68,1,83,318.69,0.9721,0.1817,0.018753,4.500
143348,520,420,940,234,4,159,348.70,0.9944,0.5591,0.200854,39,7,55,311.59,0.7973,0.1140,0.008592,4.281
143362,520,420,940,227,57,131,359.27,0.8499,0.5604,0.208985,4,30,22,169.75,0.8254,0.1097,0.010122,4.308
143368,520,429,949,235,45,92,13.68,0.9237,0.5544,0.203147,19,25,18,141.10,0.2285,0.1032,0.008774,4.307
143376,520,442,962,200,87,98,16.56,0.6558,0.5386,0.199795,9,21,9,144.22,0.5576,0.0820,0.006141,4.449
143388,520,434,954,117,107,249,281.66,0.9292,0.5504,0.211364,12,24,31,235.02,0.3595,0.1003,0.008303,4.483
143389,520,303,823,248,85,226,333.69,0.9634,0.6699,0.319472,17,65,25,146.27,0.9395,0.2333,0.039698,4.119
143392,520,409,929,183,69,249,309.78,0.9578,0.5686,0.211640,0,25,76,260.74,1.0000,0.1320,0.012170,4.208
143395,520,471,991,182,30,229,315.67,0.9580,0.5191,0.165320,13,4,1,52.42,0.6605,0.0414,0.001746,4.161
143411,520,379,899,227,34,232,327.04,0.9743,0.5981,0.233035,36,15,93,286.03,0.8782,0.1583,0.015070,4.350
143412,520,403,923,214,59,219,326.67,0.9069,0.5843,0.225405,15,25,64,268.93,0.7172,0.1279,0.011669,4.466
143426,520,412,932,241,61,41,30.36,0.9478,0.5718,0.222016,5,35,15,151.29,0.9244,0.1245,0.012688,4.339
143428,520,371,891,246,20,201,339.32,0.9869,0.6074,0.243133,20,25,104,270.94,0.9194,0.1731,0.018434,4.283
143445,520,361,881,243,8,239,329.25,0.9974,0.6228,0.254632,42,14,111,285.29,0.9225,0.1849,0.019540,4.381
143465,520,470,990,211,42,126,356.40,0.8568,0.5153,0.170135,2,4,15,267.77,0.6105,0.0354,0.001342,4.288
143468,520,418,938,232,35,141,354.98,0.9290,0.5578,0.202838,29,27,22,88.80,0.1256,0.1198,0.011030,4.143
143469,520,346,866,234,59,237,327.34,0.9535,0.6291,0.267372,1,55,9,144.94,0.9971,0.1911,0.027584,4.091
143473,520,359,879,235,18,251,324.72,0.9940,0.6194,0.250623,5,4,133,265.48,0.9972,0.1814,0.018124,4.413
143479,520,387,907,227,9,225,328.82,0.9944,0.5853,0.219649,66,9,20,15.42,0.8188,0.1487,0.014043,4.210
143481,520,446,966,227,54,25,31.95,0.9649,0.5359,0.190423,12,4,54,279.48,0.9319,0.0763,0.004313,4.427
143495,520,431,951,219,42,166,343.75,0.8911,0.5487,0.194716,8,25,17,161.91,0.5598,0.0951,0.007873,4.228
143499,520,459,979,232,25,81,15.16,0.9673,0.5342,0.184482,10,0,43,284.50,1.0000,0.0555,0.002389,4.476
143506,520,38,558,226,246,226,145.30,0.5664,0.9452,0.875708,58,126,31,138.45,0.9524,0.4542,0.159197,4.425
143521,520,438,958,223,61,123,2.14,0.8257,0.5539,0.204581,2,26,6,147.55,0.9682,0.0918,0.007648,4.416
143525,520,301,821,242,126,62,47.02,0.8798,0.6675,0.341495,41,60,36,139.24,0.4587,0.2333,0.038304,4.433
143529,520,316,836,245,67,251,326.62,0.9863,0.6626,0.303945,77,36,39,16.63,0.4838,0.2174,0.029862,4.432
143532,520,476,996,215,52,46,27.67,0.9177,0.5117,0.171028,3,1,8,299.53,0.6793,0.0239,0.000586,4.369
143534,520,465,985,162,51,251,303.87,0.9764,0.5232,0.170146,13,6,11,336.52,0.3051,0.0497,0.002400,4.201
143542,520,472,992,162,91,171,322.94,0.5827,0.5161,0.181046,4,5,2,121.23,0.3605,0.0349,0.001387,4.496
143562,520,478,998,207,41,138,350.72,0.8518,0.5119,0.166884,4,1,2,354.20,0.4589,0.0220,0.000519,4.293
143564,520,473,993,195,28,205,325.50,0.9437,0.5211,0.168420,0,6,5,184.95,1.0000,0.0345,0.001412,4.248
143570,520,453,973,227,34,69,19.17,0.9509,0.5259,0.179075,22,13,4,69.34,0.5217,0.0726,0.004672,4.190
143576,520,440,960,208,59,173,339.01,0.8183,0.5466,0.195570,19,2,67,282.73,0.9724,0.0940,0.005871,4.395
143580,520,425,945,243,32,91,13.73,0.9629,0.5625,0.208464,44,13,15,18.71,0.6038,0.1090,0.008579,4.412
143591,520,459,979,186,72,179,330.18,0.7399,0.5278,0.183299,23,5,10,2.36,0.5502,0.0595,0.003126,4.391
143594,520,464,984,197,59,153,343.27,0.7746,0.5168,0.172999,4,3,38,273.76,0.9352,0.0518,0.002309,4.263
143598,520,404,924,220,17,237,324.26,0.9900,0.5834,0.217331,42,15,52,315.86,0.6573,0.1272,0.010819,4.396
143611,520,441,961,194,88,125,0.25,0.6123,0.5386,0.199311,11,23,10,142.51,0.5461,0.0892,0.007058,4.369
143628,520,458,978,203,83,32,40.82,0.8829,0.5265,0.189894,11,14,9,132.81,0.2029,0.0650,0.004049,4.438
143631,520,387,907,227,7,238,325.78,0.9967,0.5941,0.226582,67,11,3,32.58,0.9377,0.1499,0.014394,4.295
143646,520,422,942,227,36,166,345.51,0.9253,0.5600,0.203485,37,17,32,336.92,0.4408,0.1111,0.008985,4.297
143655,520,474,994,184,60,192,325.33,0.8078,0.5184,0.172292,9,0,15,315.11,1.0000,0.0318,0.000926,4.365
143677,520,448,968,232,22,113,4.13,0.9635,0.5416,0.189249,12,19,6,131.07,0.5332,0.0778,0.005570,4.305
143715,520,268,788,247,117,215,337.75,0.9334,0.7042,0.374056,54,66,3,120.80,0.9604,0.2588,0.046872,4.377
143742,520,421,941,198,35,248,315.82,0.9707,0.5628,0.199866,45,14,10,29.50,0.6497,0.1113,0.008940,4.239
143750,520,432,952,237,19,103,8.24,0.9757,0.5478,0.194527,33,12,31,330.86,0.5308,0.0956,0.006852,4.301
143754,520,362,882,232,99,65,35.43,0.8456,0.6060,0.264639,73,22,31,12.91,0.6586,0.1828,0.020894,4.438
143755,520,415,935,209,63,205,329.11,0.8630,0.5709,0.215200,2,24,68,260.90,0.9465,0.1225,0.010835,4.359
143756,520,374,894,245,23,194,341.03,0.9821,0.6026,0.239234,63,15,50,340.31,0.6979,0.1618,0.016289,4.363
143764,520,419,939,231,12,176,342.93,0.9847,0.5635,0.203892,16,15,69,275.26,0.8665,0.1131,0.008814,4.317
143776,520,433,953,214,65,153,348.40,0.7929,0.5535,0.203789,4,21,51,259.72,0.8194,0.1010,0.008011,4.375
143778,520,466,986,207,21,172,338.36,0.9448,0.5183,0.167824,14,4,14,327.16,0.5090,0.0473,0.002119,4.179
143786,520,366,886,247,85,7,39.15,0.9934,0.6087,0.262898,10,43,64,240.93,0.7178,0.1741,0.021623,4.369
143804,520,368,888,186,112,207,318.49,0.6568,0.6062,0.265334,5,44,50,210.08,0.8322,0.1671,0.020638,4.464
143808,520,390,910,205,45,255,315.96,1.0000,0.5854,0.220774,9,31,74,261.93,0.8281,0.1484,0.015324,4.145
143811,520,24,544,236,250,246,177.09,0.5281,0.9693,0.928575,55,130,15,138.00,0.9854,0.4644,0.168114,4.487
143813,520,447,967,204,15,210,326.75,0.9796,0.5355,0.178340,1,7,61,265.06,0.9735,0.0815,0.004953,4.155
143821,520,378,898,254,26,145,357.57,0.9916,0.5985,0.238576,21,38,53,246.36,0.4195,0.1580,0.018026,4.242
143841,520,241,761,244,144,187,353.32,0.7886,0.7329,0.427697,37,77,5,135.45,0.9831,0.2814,0.057119,4.460
143842,520,369,889,246,57,166,350.67,0.9260,0.6099,0.252754,78,2,24,12.65,0.9560,0.1692,0.017294,4.499
143843,520,415,935,224,57,162,347.01,0.8529,0.5678,0.213847,7,22,72,265.75,0.8943,0.1246,0.010868,4.335
143845,520,335,855,197,108,246,311.93,0.9047,0.6379,0.292503,52,42,55,318.33,0.2130,0.2000,0.026619,4.470
143877,520,466,986,188,17,221,319.56,0.9774,0.5169,0.163141,7,12,0,123.97,1.0000,0.0543,0.003081,4.015
143880,520,441,961,217,55,124,359.78,0.8271,0.5371,0.189418,36,9,10,20.41,0.6187,0.0874,0.005924,4.281
143890,520,175,695,253,168,204,352.74,0.9321,0.7959,0.532497,65,88,28,127.64,0.7796,0.3390,0.081870,4.417
143903,520,384,904,183,88,243,309.64,0.9000,0.5876,0.235186,6,29,82,263.05,0.9109,0.1501,0.015265,4.370
143905,520,407,927,207,103,38,48.37,0.8432,0.5676,0.231078,20,35,2,130.27,0.9503,0.1307,0.013551,4.423
143909,520,324,844,243,68,239,329.01,0.9555,0.6526,0.294236,46,53,26,120.95,0.4835,0.2140,0.032016,4.197
143915,520,422,942,253,4,3,29.19,0.9987,0.5647,0.209799,13,9,74,273.53,0.9469,0.1076,0.007753,4.498
143921,520,385,905,219,91,134,1.89,0.7027,0.5879,0.242657,25,39,3,128.27,0.9271,0.1475,0.016643,4.391
143923,520,476,996,182,53,201,322.19,0.8483,0.5142,0.167096,0,1,16,263.65,1.0015,0.0242,0.000591,4.291
143924,520,457,977,234,17,17,28.70,0.9909,0.5273,0.179370,28,1,12,356.18,0.8314,0.0596,0.002952,4.332
143928,520,399,919,196,86,213,322.11,0.7923,0.5827,0.231968,16,37,20,148.66,0.6275,0.1378,0.014838,4.349
143944,520,419,939,215,30,208,330.09,0.9568,0.5592,0.199318,7,31,21,163.40,0.7193,0.1142,0.010792,4.101
143949,520,434,954,219,41,166,343.72,0.8943,0.5480,0.194015,45,7,19,5.22,0.7188,0.1032,0.007570,4.239
143951,520,419,939,243,32,52,24.41,0.9754,0.5556,0.203391,50,4,20,4.78,0.8129,0.1091,0.008156,4.357
143956,520,449,969,233,34,61,21.90,0.9619,0.5371,0.188077,31,3,21,344.12,0.7422,0.0722,0.004106,4.400
144008,520,335,855,245,68,204,338.98,0.9373,0.6359,0.279093,40,26,116,280.69,0.8701,0.2042,0.024508,4.417
144010,520,311,831,239,75,243,326.94,0.9567,0.6551,0.298564,28,57,40,156.67,0.5440,0.2156,0.033262,4.186
144048,520,469,989,224,43,4,32.25,0.9950,0.5195,0.175866,3,9,2,139.32,0.7297,0.0443,0.002191,4.328
144049,520,300,820,254,69,228,334.46,0.9950,0.6652,0.309316,92,14,69,343.12,0.7916,0.2284,0.030194,4.481
144052,520,224,744,235,158,202,344.57,0.6884,0.7531,0.463819,29,83,20,141.01,0.9574,0.2987,0.064980,4.469
144075,520,356,876,252,36,194,342.73,0.9806,0.6209,0.258556,15,49,17,144.48,0.9114,0.1763,0.023386,4.205
144112,520,402,922,173,88,244,305.96,0.9004,0.5752,0.223960,23,31,41,254.26,0.2540,0.1330,0.013222,4.333
144117,520,446,966,205,35,203,328.76,0.9310,0.5409,0.184949,31,2,43,314.18,0.8711,0.0845,0.005092,4.265
144124,520,349,869,195,101,252,310.50,0.9655,0.6286,0.279387,44,47,28,115.73,0.3506,0.1945,0.026523,4.304
144131,520,411,931,239,15,157,350.55,0.9820,0.5704,0.211298,27,20,56,288.68,0.6105,0.1201,0.010188,4.341
144132,520,409,929,235,68,37,32.64,0.9444,0.5669,0.219330,42,5,66,307.13,0.8742,0.1259,0.009942,4.493
144138,520,465,985,212,48,125,357.55,0.8375,0.5216,0.175939,9,1,39,284.75,0.9577,0.0528,0.002263,4.323
144139,520,380,900,224,3,254,321.55,0.9989,0.6001,0.230703,41,11,94,290.56,0.9003,0.1606,0.015189,4.306
144149,520,417,937,250,36,16,30.13,0.9890,0.5696,0.216268,7,23,60,263.50,0.8166,0.1152,0.009842,4.450
144150,520,387,907,210,80,200,330.88,0.8049,0.5885,0.236109,21,25,81,273.49,0.8083,0.1482,0.014487,4.437
144153,520,346,866,250,56,189,344.24,0.9628,0.6270,0.268297,79,24,6,37.74,0.8773,0.1931,0.023290,4.343
144159,520,435,955,243,28,22,28.94,0.9844,0.5511,0.199466,41,1,23,351.10,0.8774,0.0877,0.005551,4.491
144165,520,446,966,232,40,52,24.78,0.9560,0.5374,0.189244,32,8,1,44.07,0.8564,0.0767,0.004830,4.363
144183,520,428,948,217,18,213,329.33,0.9810,0.5615,0.199906,11,6,75,272.40,0.9699,0.1034,0.007094,4.377
144197,520,419,939,215,29,203,331.43,0.9549,0.5555,0.196398,27,13,64,289.14,0.7858,0.1147,0.008910,4.183
144200,520,345,865,251,71,160,354.80,0.9544,0.6291,0.275571,46,45,4,108.13,0.8818,0.1869,0.024664,4.360
144202,520,379,899,233,18,231,328.79,0.9906,0.6020,0.235283,62,24,16,33.36,0.6402,0.1615,0.017150,4.248
144209,520,375,895,215,61,235,322.81,0.9293,0.5985,0.237846,8,36,69,254.87,0.7738,0.1569,0.017430,4.269
144213,520,371,891,223,91,172,345.54,0.7512,0.6096,0.261509,25,36,76,269.39,0.6124,0.1717,0.019902,4.456
144218,520,397,917,252,42,26,29.76,0.9888,0.5778,0.224297,0,15,96,264.02,1.0043,0.1372,0.011861,4.434
144221,520,425,945,207,38,218,325.30,0.9432,0.5564,0.197154,46,11,16,14.96,0.6590,0.1098,0.008577,4.219
144226,520,353,873,218,83,224,326.03,0.8735,0.6190,0.264756,1,45,63,231.45,0.9597,0.1763,0.022420,4.346
144240,520,191,711,252,175,45,74.49,0.9602,0.7771,0.515473,9,90,51,155.35,0.9748,0.3221,0.076091,4.485
144257,520,447,967,223,31,149,350.08,0.9252,0.5415,0.188405,26,14,20,348.22,0.2998,0.0845,0.005842,4.269
144261,520,472,992,190,66,169,335.17,0.7534,0.5211,0.177097,2,4,13,266.29,0.5491,0.0344,0.001288,4.428
144265,520,400,920,187,89,220,316.74,0.7932,0.5784,0.228779,34,27,57,292.56,0.4829,0.1435,0.014194,4.343
144283,520,367,887,218,69,241,321.97,0.9372,0.6149,0.255144,70,16,35,3.07,0.7096,0.1697,0.017942,4.491
144285,520,431,951,218,78,2,40.62,0.9955,0.5452,0.203611,14,8,66,276.36,0.9247,0.0975,0.006603,4.480
144293,520,440,960,235,49,40,28.61,0.9518,0.5490,0.200151,13,10,55,277.57,0.8481,0.0881,0.005785,4.484
144295,520,315,835,237,81,239,327.35,0.9405,0.6556,0.301238,28,52,80,253.36,0.5196,0.2198,0.032819,4.241
144317,520,201,721,215,172,232,316.26,0.6492,0.7705,0.497791,9,87,59,162.28,0.9620,0.3142,0.071899,4.494
144326,520,389,909,223,91,105,16.64,0.7427,0.5860,0.241925,24,24,86,275.57,0.8279,0.1537,0.015193,4.478
144332,520,374,894,184,95,248,308.21,0.9267,0.6026,0.251529,45,36,24,74.39,0.2950,0.1638,0.018856,4.379
144340,520,39,559,247,241,203,99.85,0.7075,0.9455,0.869970,5,127,93,166.06,0.9888,0.4549,0.160006,4.381
144350,520,325,845,231,78,243,324.79,0.9499,0.6456,0.289110,42,33,111,281.18,0.7884,0.2124,0.027276,4.388
144385,520,345,865,196,119,199,325.66,0.6117,0.6277,0.290541,24,47,62,238.74,0.4563,0.1916,0.025749,4.496
144387,520,330,850,220,121,146,4.73,0.6090,0.6428,0.309677,6,55,54,192.80,0.8780,0.2050,0.030373,4.475
144402,520,347,867,255,20,206,339.95,1.0000,0.6269,0.262199,59,39,21,61.99,0.4794,0.1904,0.024351,4.199
144405,520,434,954,231,32,141,354.63,0.9353,0.5542,0.199479,26,22,17,73.26,0.1627,0.1019,0.008339,4.276
144409,520,319,839,244,83,200,340.45,0.9184,0.6474,0.295926,14,60,56,186.75,0.7667,0.2247,0.036104,4.018
144419,520,453,973,209,48,163,342.40,0.8461,0.5331,0.183157,13,16,2,118.19,0.7385,0.0697,0.004605,4.270
144422,520,421,941,245,36,70,20.46,0.9663,0.5645,0.211199,21,14,61,282.90,0.7789,0.1073,0.008104,4.495
144435,520,356,876,242,45,212,335.68,0.9598,0.6175,0.255104,1,37,95,259.67,0.9841,0.1806,0.021557,4.264
144451,520,332,852,247,38,243,329.16,0.9841,0.6417,0.276343,84,19,14,28.66,0.8567,0.1974,0.023826,4.420
144453,520,430,950,217,73,90,17.48,0.7923,0.5469,0.202574,10,28,10,143.85,0.7526,0.1036,0.009169,4.269
144454,520,478,998,198,69,97,10.90,0.7294,0.5085,0.171270,3,0,2,338.03,1.0000,0.0160,0.000237,4.404
144464,520,456,976,189,38,222,319.21,0.9356,0.5294,0.174803,13,1,42,289.14,0.9551,0.0593,0.002744,4.262
144472,520,472,992,197,62,156,342.25,0.7661,0.5216,0.177176,1,5,10,241.51,0.6099,0.0348,0.001369,4.422
144477,520,460,980,232,41,8,31.49,0.9919,0.5348,0.187623,27,4,0,41.01,1.0000,0.0606,0.003199,4.467
144492,520,448,968,214,19,187,335.64,0.9655,0.5396,0.183520,25,3,51,298.72,0.8900,0.0849,0.005108,4.237
144514,520,468,988,183,72,180,328.75,0.7371,0.5236,0.179986,15,0,23,314.52,1.0000,0.0436,0.001634,4.454
144523,520,377,897,204,93,211,325.21,0.7796,0.6031,0.253707,18,45,13,140.63,0.8879,0.1637,0.020344,4.317
144530,520,421,941,182,86,205,319.50,0.7449,0.5571,0.210095,24,25,22,121.95,0.0749,0.1092,0.009474,4.373
144535,520,424,944,205,22,236,320.61,0.9817,0.5589,0.196108,10,24,44,257.45,0.5675,0.1067,0.008996,4.172
144537,520,366,886,235,52,212,334.05,0.9410,0.6099,0.248742,60,26,45,347.12,0.4985,0.1712,0.018890,4.336
144552,520,447,967,209,66,141,352.12,0.7688,0.5404,0.193769,38,0,24,346.12,1.0000,0.0808,0.004781,4.450
144556,520,245,765,240,124,254,323.19,0.9940,0.7250,0.400983,39,67,97,251.32,0.4819,0.2804,0.053085,4.375
144565,520,453,973,229,33,68,19.54,0.9558,0.5293,0.181660,31,5,17,353.88,0.6573,0.0742,0.004404,4.258
144570,520,420,940,192,74,208,322.72,0.8096,0.5578,0.206594,45,8,29,349.23,0.6918,0.1085,0.008203,4.409
144575,520,430,950,214,83,41,37.51,0.8788,0.5471,0.206451,23,25,10,115.05,0.4468,0.1049,0.008993,4.347
144578,520,413,933,252,16,76,18.12,0.9904,0.5719,0.215916,38,15,47,315.52,0.6160,0.1178,0.009590,4.462
144590,520,423,943,243,5,106,7.71,0.9949,0.5576,0.202072,34,18,35,324.80,0.4203,0.1103,0.008941,4.277
144603,520,407,927,202,107,8,56.17,0.9659,0.5653,0.230913,9,36,32,182.10,0.6529,0.1349,0.014241,4.373
144604,520,398,918,246,52,105,11.39,0.9336,0.5848,0.230721,27,28,65,278.99,0.5786,0.1449,0.014451,4.356
144612,520,442,962,237,16,79,15.83,0.9845,0.5410,0.189428,25,1,44,305.58,0.9377,0.0750,0.004102,4.425
144613,520,404,924,218,22,234,324.43,0.9844,0.5793,0.214218,40,25,34,342.80,0.2858,0.1332,0.012619,4.219
144624,520,425,945,233,46,128,0.52,0.9003,0.5618,0.208391,33,18,44,309.27,0.5175,0.1143,0.009378,4.352
144625,520,453,973,231,0,105,6.01,1.0000,0.5312,0.180119,18,12,7,62.99,0.2772,0.0666,0.004069,4.256
144627,520,417,937,229,52,149,352.52,0.8743,0.5669,0.212866,36,15,50,309.55,0.6385,0.1171,0.009470,4.420
144658,520,441,961,157,101,198,309.21,0.6271,0.5438,0.205531,34,14,16,14.37,0.4303,0.0944,0.006916,4.490
144663,520,423,943,228,67,67,25.11,0.8836,0.5559,0.209163,1,30,11,152.32,0.9830,0.1051,0.009591,4.349
144673,520,336,856,253,91,89,24.59,0.9803,0.6354,0.290895,36,52,37,146.26,0.3443,0.2046,0.029646,4.280
144680,520,410,930,216,53,201,332.26,0.8953,0.5712,0.213643,10,35,29,175.17,0.6228,0.1310,0.013553,4.148
144683,520,457,977,214,61,93,13.13,0.8182,0.5278,0.184263,19,5,20,324.98,0.5691,0.0581,0.002975,4.422
144684,520,357,877,250,0,218,335.77,1.0000,0.6206,0.253891,16,34,100,266.69,0.8812,0.1844,0.021742,4.236
144719,520,452,972,188,73,183,329.44,0.7476,0.5346,0.188767,1,19,16,182.10,0.8986,0.0728,0.005096,4.334
144731,520,425,945,246,32,43,26.30,0.9791,0.5609,0.208038,33,4,63,299.78,0.8983,0.1087,0.007691,4.473
144742,520,418,938,156,94,240,299.81,0.8562,0.5601,0.213649,37,19,46,313.47,0.5242,0.1229,0.010563,4.353
144756,520,369,889,225,31,252,322.01,0.9887,0.6077,0.240179,68,16,51,343.42,0.7037,0.1731,0.018387,4.243
144769,520,295,815,193,139,239,307.94,0.7770,0.6831,0.360353,10,68,3,141.49,0.9937,0.2389,0.042052,4.458
144792,520,13,533,239,252,249,180.72,0.6237,0.9774,0.948107,36,131,94,162.68,0.8784,0.4734,0.174151,4.453
144793,520,476,996,217,37,70,18.28,0.9289,0.5073,0.165196,0,0,14,264.05,1.0000,0.0188,0.000317,4.277
144798,520,320,840,253,41,242,330.73,0.9928,0.6528,0.288824,35,53,49,179.26,0.2668,0.2111,0.031252,4.170
144819,520,397,917,185,84,234,312.78,0.8616,0.5783,0.225964,51,1,73,311.69,0.9701,0.1425,0.012066,4.446
144835,520,476,996,150,81,215,304.60,0.7739,0.5128,0.172756,0,1,4,253.83,0.9999,0.0166,0.000305,4.428
144840,520,384,904,247,18,155,352.87,0.9826,0.5861,0.225767,29,25,74,281.71,0.6927,0.1480,0.014508,4.275
144841,520,397,917,249,51,31,30.26,0.9766,0.5783,0.226099,29,30,52,280.87,0.3792,0.1422,0.014377,4.289
144844,520,436,956,234,5,131,357.82,0.9924,0.5474,0.192427,13,4,67,276.22,0.9650,0.0920,0.005776,4.346
144864,520,322,842,246,87,189,344.82,0.9161,0.6501,0.300862,20,46,99,262.52,0.7704,0.2140,0.030034,4.384
144879,520,407,927,177,90,227,311.13,0.8095,0.5709,0.222063,31,26,50,292.12,0.4201,0.1332,0.012604,4.346
144891,520,357,877,253,51,170,350.53,0.9819,0.6201,0.261560,21,21,115,271.13,0.9527,0.1808,0.019334,4.494
144898,520,449,969,223,61,51,28.29,0.9067,0.5373,0.192672,9,18,11,150.85,0.3718,0.0742,0.005148,4.400
144903,520,446,966,231,32,115,3.81,0.9375,0.5447,0.192627,2,6,62,266.29,0.9755,0.0817,0.004909,4.419
144959,520,479,999,216,39,93,10.07,0.8979,0.5120,0.168428,0,0,3,264.05,1.0000,0.0094,0.000066,4.363
144975,520,439,959,242,4,102,8.82,0.9959,0.5542,0.199267,10,22,30,238.87,0.3948,0.0931,0.007321,4.349
144976,520,372,892,249,14,205,338.89,0.9928,0.6137,0.248648,19,40,60,248.82,0.5175,0.1669,0.019822,4.277
144979,520,375,895,241,20,209,336.10,0.9867,0.6028,0.238075,45,33,47,321.55,0.2679,0.1649,0.018509,4.205
144993,520,333,853,247,50,234,331.25,0.9712,0.6426,0.279988,0,51,67,225.51,1.0000,0.1972,0.027728,4.245
144996,520,420,940,239,23,131,359.26,0.9672,0.5623,0.206054,11,25,40,251.41,0.4932,0.1074,0.009196,4.326
145003,520,350,870,253,74,141,2.34,0.9732,0.6288,0.277067,46,44,24,103.33,0.3950,0.1871,0.024482,4.391
145016,520,441,961,206,75,114,5.38,0.7203,0.5362,0.193709,2,22,26,211.51,0.7945,0.0861,0.006613,4.305
145030,520,360,880,232,71,209,334.30,0.8975,0.6194,0.262682,27,38,73,268.70,0.5450,0.1759,0.021002,4.404
145032,520,285,805,240,111,224,332.42,0.9104,0.6895,0.352783,70,53,55,10.51,0.1791,0.2509,0.041242,4.414
145045,520,438,958,244,9,68,19.33,0.9940,0.5520,0.198493,35,5,32,332.03,0.7259,0.0881,0.005702,4.461
145047,520,396,916,255,33,42,26.75,1.0000,0.5801,0.225187,68,2,1,29.35,0.9847,0.1419,0.012748,4.386
145053,520,396,916,248,25,125,2.93,0.9730,0.5791,0.221359,65,8,11,23.67,0.8820,0.1435,0.013218,4.292
145059,520,475,995,213,6,160,343.54,0.9848,0.5189,0.168168,5,4,5,325.89,0.1034,0.0344,0.001301,4.253
145065,520,352,872,242,39,225,332.31,0.9741,0.6220,0.257673,25,0,138,271.60,1.0000,0.1950,0.020415,4.369
145080,520,442,962,230,41,76,18.00,0.9353,0.5379,0.189336,27,8,21,340.64,0.5197,0.0752,0.004608,4.383
145085,520,349,869,235,63,232,328.80,0.9449,0.6308,0.270458,48,35,70,299.55,0.4749,0.1871,0.022727,4.406
145093,520,420,940,236,5,142,354.58,0.9930,0.5558,0.198975,26,23,20,67.39,0.0986,0.1054,0.008829,4.232
145112,520,441,961,203,66,155,344.67,0.7633,0.5361,0.189614,32,12,11,23.97,0.4767,0.0862,0.005942,4.283
145132,520,450,970,236,27,39,26.36,0.9804,0.5370,0.187664,17,7,34,297.32,0.6683,0.0683,0.003866,4.412
145144,520,316,836,229,106,220,330.32,0.8527,0.6639,0.321354,6,56,82,238.02,0.8580,0.2240,0.034761,4.381
145146,520,465,985,220,45,93,11.37,0.8882,0.5246,0.178854,10,6,19,297.98,0.4651,0.0502,0.002418,4.366
145149,520,388,908,217,48,227,325.57,0.9430,0.5860,0.224137,29,33,49,273.18,0.2897,0.1481,0.015707,4.172
145151,520,170,690,248,188,65,81.40,0.9035,0.8017,0.563066,12,96,46,150.95,0.9778,0.3417,0.086408,4.494
145156,520,457,977,236,23,27,27.95,0.9860,0.5343,0.185280,10,6,30,287.13,0.6732,0.0569,0.002885,4.449
145172,520,399,919,251,55,7,32.90,0.9950,0.5846,0.232606,15,36,43,221.91,0.4719,0.1429,0.015377,4.323
145180,520,375,895,254,56,104,13.15,0.9909,0.6034,0.249023,8,21,107,266.59,0.9643,0.1643,0.016494,4.497
145183,520,404,924,180,93,223,313.00,0.7867,0.5767,0.228606,18,33,26,163.54,0.3666,0.1284,0.012909,4.429
145199,520,400,920,221,4,231,325.96,0.9975,0.5780,0.212307,7,37,28,169.79,0.7754,0.1357,0.014521,4.065
145203,520,466,986,143,80,235,297.80,0.8610,0.5188,0.175753,17,2,27,310.63,0.7986,0.0534,0.002417,4.307
145218,520,396,916,220,10,230,325.93,0.9935,0.5767,0.211481,19,38,13,138.66,0.7473,0.1414,0.015537,3.990
145219,520,397,917,215,42,235,323.19,0.9590,0.5844,0.221031,36,22,59,298.53,0.5901,0.1367,0.012647,4.326
145222,520,456,976,150,78,241,299.48,0.8953,0.5295,0.182840,7,13,8,150.01,0.3003,0.0591,0.003505,4.352
145268,520,407,927,223,65,143,354.56,0.8136,0.5655,0.214542,26,23,66,281.70,0.6653,0.1338,0.012257,4.249
145281,520,356,876,239,84,157,354.80,0.8409,0.6210,0.271285,6,51,9,143.89,0.9797,0.1787,0.024260,4.326
145326,520,454,974,162,72,232,306.26,0.8655,0.5294,0.181429,30,2,21,342.26,0.7802,0.0687,0.003736,4.307
145327,520,375,895,255,16,141,358.72,1.0000,0.5959,0.235573,8,36,73,256.87,0.7997,0.1602,0.017943,4.203
145337,520,363,883,218,55,250,320.25,0.9773,0.6091,0.245418,77,8,1,31.84,0.9850,0.1687,0.017539,4.374
145373,520,410,930,196,58,239,316.55,0.9241,0.5690,0.209952,8,12,93,268.02,0.9742,0.1329,0.011048,4.258
145380,520,433,953,192,105,11,58.03,0.9456,0.5455,0.213354,15,26,21,164.72,0.3002,0.1038,0.008945,4.468
145399,520,382,902,213,91,192,334.72,0.7570,0.6034,0.254359,33,36,51,275.53,0.2541,0.1611,0.018241,4.460
145404,520,212,732,234,179,64,82.11,0.8412,0.7646,0.501045,2,89,39,150.43,0.9962,0.3148,0.073038,4.479
145405,520,373,893,253,3,169,349.63,0.9979,0.6009,0.238159,40,30,54,302.50,0.3931,0.1554,0.016460,4.336
145416,520,445,965,175,75,223,312.73,0.8304,0.5443,0.194747,3,21,15,170.21,0.7586,0.0795,0.005902,4.378
145422,520,458,978,183,77,175,330.59,0.7046,0.5274,0.184715,16,2,41,293.93,0.8997,0.0633,0.003137,4.417
145423,520,361,881,255,75,67,27.32,1.0000,0.6164,0.267010,13,31,106,266.55,0.9220,0.1833,0.021060,4.461
145425,520,438,958,219,75,43,33.98,0.8969,0.5454,0.202692,24,14,39,300.21,0.5432,0.0922,0.006548,4.469
145432,520,479,999,203,45,153,344.25,0.8356,0.5145,0.168752,2,0,0,29.23,1.0000,0.0120,0.000129,4.364
145438,520,443,963,196,56,205,325.36,0.8629,0.5427,0.189734,28,6,31,322.83,0.6724,0.0783,0.004761,4.378
145470,520,220,740,220,157,233,320.57,0.7463,0.7463,0.452139,21,82,40,149.83,0.9326,0.2955,0.063470,4.425
145476,520,445,965,207,13,211,327.29,0.9838,0.5410,0.182583,22,2,52,294.48,0.9307,0.0806,0.004619,4.258
145489,520,473,993,209,52,122,358.54,0.8159,0.5183,0.174187,12,0,12,328.36,1.0000,0.0337,0.001047,4.392
145535,520,424,944,144,95,252,293.16,0.9601,0.5577,0.211420,36,19,20,15.93,0.3331,0.1088,0.008914,4.437
145548,520,391,911,235,66,140,358.41,0.8499,0.5873,0.234549,43,11,85,296.08,0.8671,0.1532,0.014088,4.440
145552,520,375,895,218,67,227,325.54,0.9101,0.6035,0.244678,76,2,16,18.76,0.9683,0.1628,0.016176,4.453
145562,520,445,965,205,28,209,327.19,0.9544,0.5414,0.184149,6,18,20,208.69,0.4169,0.0751,0.005218,4.240
145576,520,433,953,217,62,128,358.99,0.8029,0.5455,0.197579,10,17,52,270.22,0.7532,0.0963,0.007133,4.333
145580,520,374,894,232,63,179,343.46,0.8746,0.5958,0.239681,64,15,51,340.08,0.7031,0.1642,0.016708,4.343
145592,520,477,997,220,46,1,33.07,0.9986,0.5135,0.171745,8,0,4,344.76,1.0000,0.0250,0.000604,4.382
145597,520,425,945,199,24,249,316.09,0.9836,0.5602,0.196364,38,10,40,324.97,0.6622,0.1054,0.007824,4.261
145603,520,414,934,217,69,177,340.49,0.8134,0.5747,0.221845,1,34,6,146.27,0.9920,0.1174,0.011636,4.410
145613,520,417,937,233,40,159,349.31,0.9225,0.5704,0.213473,49,3,46,331.12,0.8323,0.1189,0.009154,4.454
145642,520,381,901,248,40,172,348.42,0.9538,0.6047,0.244559,50,35,5,81.22,0.8014,0.1646,0.018912,4.274
145649,520,306,826,248,88,218,336.05,0.9569,0.6689,0.320007,38,62,5,130.63,0.9577,0.2325,0.038682,4.172
145655,520,402,922,253,37,85,16.98,0.9872,0.5843,0.228654,27,29,30,228.96,0.0413,0.1260,0.012055,4.490
145657,520,421,941,217,55,168,343.04,0.8464,0.5562,0.203135,43,0,54,318.29,1.0000,0.1103,0.007800,4.380
145672,520,424,944,245,33,5,30.62,0.9962,0.5571,0.205147,15,17,63,274.43,0.8086,0.1098,0.008613,4.353
145684,520,383,903,205,88,207,326.95,0.7861,0.5953,0.244652,32,34,31,134.95,0.0665,0.1453,0.015501,4.498
145693,520,471,991,166,83,183,320.58,0.6696,0.5155,0.177133,12,2,4,3.74,0.5682,0.0360,0.001304,4.427
145731,520,410,930,241,3,156,351.11,0.9966,0.5714,0.211694,49,15,43,334.93,0.6233,0.1327,0.011691,4.242
145733,520,469,989,208,67,52,29.60,0.8609,0.5153,0.176744,8,0,22,300.82,1.0000,0.0352,0.001096,4.438
145742,520,338,858,240,107,90,29.43,0.8655,0.6362,0.297817,53,47,18,97.82,0.5829,0.2029,0.028336,4.440
145743,520,417,937,194,91,175,334.92,0.6646,0.5652,0.220481,11,30,44,242.69,0.5419,0.1237,0.011815,4.376
145762,520,294,814,244,96,234,330.45,0.9493,0.6808,0.335419,55,58,32,114.05,0.4187,0.2395,0.039426,4.310
145777,520,434,954,174,61,246,308.10,0.9452,0.5450,0.189908,2,3,81,265.67,0.9938,0.1017,0.006720,4.230
145779,520,433,953,173,62,248,307.30,0.9549,0.5463,0.191076,47,5,20,3.43,0.7745,0.1045,0.007635,4.183
145783,520,382,902,251,18,179,346.49,0.9872,0.6048,0.241999,14,43,14,143.52,0.8960,0.1551,0.018528,4.261
145800,520,435,955,248,5,9,28.87,0.9981,0.5543,0.200884,34,2,50,311.41,0.8988,0.0950,0.006138,4.469
145822,520,422,942,203,80,159,344.14,0.7109,0.5557,0.209388,30,19,32,321.20,0.3310,0.1056,0.008461,4.437
145828,520,478,998,217,42,59,22.44,0.9281,0.5089,0.167260,3,0,15,291.58,1.0000,0.0243,0.000538,4.299
145853,520,340,860,253,76,153,358.20,0.9729,0.6351,0.283548,12,39,106,263.84,0.9015,0.2004,0.025696,4.406
145864,520,423,943,215,77,121,4.19,0.7427,0.5572,0.211376,1,21,66,261.34,0.9717,0.1131,0.009361,4.403
145875,520,363,883,229,83,182,342.70,0.8150,0.6137,0.262244,7,38,82,258.15,0.8574,0.1729,0.020405,4.435
145876,520,418,938,180,97,178,328.07,0.6077,0.5558,0.214681,49,7,41,336.68,0.7484,0.1209,0.009651,4.437
145879,520,401,921,214,9,252,319.49,0.9961,0.5830,0.215217,6,39,0,139.81,1.0000,0.1358,0.014897,4.087
145880,520,470,990,223,47,54,24.90,0.9312,0.5245,0.179901,14,2,19,316.93,0.7278,0.0449,0.001838,4.435
145884,520,382,902,221,36,253,320.74,0.9918,0.6042,0.237278,40,33,45,310.98,0.2192,0.1577,0.017283,4.270
145911,520,351,871,247,22,227,332.95,0.9905,0.6252,0.258970,23,41,90,265.86,0.7105,0.1949,0.025061,4.116
145913,520,359,879,188,109,235,311.24,0.8146,0.6207,0.276276,28,48,20,137.40,0.6689,0.1813,0.024112,4.402
145914,520,447,967,204,86,68,30.83,0.7471,0.5374,0.199123,32,11,12,18.32,0.4915,0.0847,0.005730,4.470
145928,520,467,987,217,16,140,351.36,0.9599,0.5195,0.170182,9,6,8,337.40,0.1569,0.0448,0.002059,4.230
145929,520,439,959,213,77,112,8.07,0.7388,0.5507,0.206260,2,22,39,245.37,0.8052,0.0934,0.007332,4.470
145934,520,474,994,216,45,113,2.89,0.8627,0.5226,0.176704,8,0,15,312.37,1.0000,0.0306,0.000861,4.457
145939,520,318,838,250,46,251,327.98,0.9884,0.6562,0.292459,90,27,7,37.06,0.8927,0.2202,0.029732,4.295
145948,520,466,986,231,0,51,22.32,1.0000,0.5196,0.172310,13,2,25,305.03,0.7906,0.0475,0.001992,4.276
145951,520,465,985,212,49,124,358.06,0.8341,0.5221,0.176512,12,8,13,319.65,0.2140,0.0538,0.002809,4.289
145964,520,354,874,253,7,213,337.67,0.9972,0.6244,0.258420,3,43,72,245.82,0.8819,0.1772,0.022149,4.275
145967,520,407,927,249,2,113,6.29,0.9983,0.5715,0.213790,34,9,77,291.78,0.8771,0.1310,0.010713,4.345
145983,520,416,936,229,19,189,338.74,0.9766,0.5687,0.208005,48,10,42,334.68,0.6999,0.1234,0.010127,4.291
145990,520,377,897,238,5,220,332.62,0.9973,0.6009,0.234558,59,21,49,338.78,0.5909,0.1627,0.016880,4.255
145991,520,385,905,242,31,175,345.97,0.9628,0.5903,0.229555,62,7,49,339.67,0.7879,0.1505,0.013980,4.369
145992,520,406,926,200,55,243,316.90,0.9428,0.5756,0.214842,15,26,64,268.07,0.7057,0.1303,0.012105,4.264
145999,520,441,961,230,10,131,357.13,0.9832,0.5403,0.186817,36,10,24,349.14,0.5670,0.0936,0.006582,4.185
146003,520,418,938,192,107,79,38.91,0.5961,0.5566,0.222879,23,29,17,129.78,0.3292,0.1179,0.011013,4.472
146004,520,416,936,232,19,174,343.83,0.9741,0.5662,0.206803,31,24,34,315.67,0.2304,0.1193,0.010601,4.238
146019,520,445,965,235,38,43,26.61,0.9656,0.5413,0.192260,6,4,60,271.21,0.9721,0.0788,0.004518,4.444
146030,520,462,982,221,22,134,354.54,0.9472,0.5270,0.176698,1,7,30,262.23,0.8984,0.0513,0.002521,4.316
146040,520,335,855,216,95,241,320.43,0.9152,0.6419,0.291359,37,45,61,263.92,0.2632,0.1951,0.026070,4.487
146041,520,414,934,253,10,38,26.10,0.9961,0.5676,0.212435,45,13,43,330.08,0.6437,0.1229,0.010202,4.359
146048,520,341,861,254,39,195,342.93,0.9932,0.6266,0.264654,9,32,118,265.35,0.9457,0.1979,0.023989,4.253
146052,520,400,920,201,60,243,317.00,0.9403,0.5815,0.221217,57,19,12,32.30,0.6923,0.1424,0.013623,4.263
146053,520,449,969,161,71,249,302.48,0.9533,0.5411,0.189236,15,16,14,128.75,0.0669,0.0747,0.005038,4.347
146057,520,422,942,181,84,214,316.60,0.7796,0.5587,0.210205,10,26,45,253.94,0.5707,0.1127,0.009927,4.342
146071,520,400,920,229,82,73,27.10,0.8512,0.5773,0.231764,44,23,42,330.36,0.4299,0.1385,0.013155,4.461
146107,520,298,818,220,109,242,320.77,0.9119,0.6679,0.325654,9,64,20,146.08,0.9751,0.2265,0.037752,4.281
146117,520,257,777,236,148,118,39.56,0.7085,0.7094,0.403229,35,75,17,137.70,0.9388,0.2745,0.054298,4.346
146120,520,414,934,203,74,192,331.31,0.7908,0.5653,0.214015,13,23,66,268.90,0.7868,0.1239,0.010917,4.334
146124,520,376,896,230,27,238,326.40,0.9848,0.6045,0.237823,0,26,95,262.66,1.0001,0.1553,0.015649,4.384
146135,520,407,927,217,38,219,327.70,0.9526,0.5742,0.212545,4,24,71,262.78,0.9183,0.1265,0.011339,4.280
146139,520,382,902,241,3,214,334.78,0.9983,0.6023,0.236238,35,18,90,285.44,0.8434,0.1580,0.015281,4.385
146163,520,475,995,207,54,141,350.46,0.8061,0.5242,0.178289,1,5,4,179.92,0.5753,0.0323,0.001238,4.456
146164,520,373,893,250,30,159,352.54,0.9690,0.5979,0.237592,11,20,100,268.01,0.9549,0.1550,0.014915,4.430
146178,520,350,870,254,45,195,343.06,0.9930,0.6299,0.268911,73,21,42,358.66,0.6557,0.1852,0.021202,4.479
146181,520,424,944,229,52,133,358.41,0.8713,0.5606,0.208102,41,19,7,48.49,0.6132,0.1134,0.009526,4.336
146182,520,313,833,244,77,241,328.69,0.9588,0.6639,0.308943,25,61,18,140.54,0.9138,0.2221,0.035877,4.180
146188,520,387,907,141,121,233,289.23,0.7544,0.5883,0.252205,34,38,11,116.65,0.6391,0.1539,0.017505,4.477
146189,520,377,897,238,76,137,1.47,0.8444,0.6025,0.251551,17,35,77,264.20,0.7184,0.1650,0.018570,4.398
146190,520,393,913,249,23,151,354.64,0.9771,0.5899,0.229903,45,29,9,70.00,0.6180,0.1428,0.014564,4.335
146195,520,443,963,192,83,147,346.58,0.6490,0.5364,0.195011,31,8,17,357.51,0.5514,0.0796,0.005055,4.450
146201,520,350,870,247,47,224,333.73,0.9689,0.6346,0.271920,70,32,29,25.90,0.5137,0.1944,0.024240,4.336
146204,520,434,954,200,7,245,317.42,0.9956,0.5539,0.190254,25,19,22,346.60,0.1419,0.0951,0.007304,4.193
146210,520,426,946,240,35,101,10.31,0.9499,0.5604,0.206702,23,4,73,283.86,0.9510,0.1079,0.007500,4.464
146214,520,363,883,239,63,187,342.57,0.9014,0.6121,0.254964,52,23,71,309.59,0.6606,0.1695,0.017978,4.486
146219,520,408,928,194,72,222,319.55,0.8550,0.5679,0.213793,12,34,27,170.41,0.5554,0.1282,0.013013,4.186
146248,520,409,929,187,80,224,316.28,0.8316,0.5688,0.216850,22,19,70,278.89,0.7797,0.1260,0.010785,4.390
146257,520,463,983,229,9,109,4.54,0.9855,0.5303,0.179604,0,12,5,160.70,1.0000,0.0498,0.002739,4.354
146260,520,352,872,243,22,224,332.78,0.9889,0.6162,0.250132,42,31,92,286.28,0.7004,0.1898,0.022449,4.143
146295,520,342,862,237,70,209,335.57,0.9097,0.6268,0.269909,85,3,47,355.62,0.9062,0.1940,0.022020,4.442
146301,520,454,974,205,79,73,25.92,0.7593,0.5295,0.190542,12,6,46,281.74,0.8455,0.0718,0.004057,4.450
146306,520,471,991,169,77,197,317.58,0.7411,0.5199,0.177749,6,0,33,283.77,1.0000,0.0421,0.001485,4.424
146321,520,478,998,175,33,232,312.79,0.9532,0.5122,0.160289,8,0,1,11.38,1.0000,0.0234,0.000538,4.161
146335,520,437,957,176,84,209,316.16,0.7576,0.5482,0.201751,3,21,35,242.92,0.7278,0.0888,0.006770,4.435
146337,520,376,896,242,0,203,337.82,1.0000,0.5970,0.231920,27,32,77,274.64,0.6469,0.1643,0.018018,4.145
146373,520,392,912,234,7,217,332.44,0.9956,0.5922,0.226568,72,0,27,6.75,1.0000,0.1544,0.014571,4.283
146384,520,374,894,176,97,254,303.95,0.9858,0.5998,0.249358,49,26,55,319.10,0.4979,0.1594,0.016677,4.490
146392,520,440,960,209,43,201,330.37,0.9113,0.5516,0.195021,28,9,40,309.96,0.6704,0.0893,0.005955,4.379
146394,520,460,980,127,94,237,289.18,0.8467,0.5256,0.186317,8,6,37,279.41,0.7920,0.0607,0.003154,4.446
146422,520,453,973,217,24,147,349.14,0.9367,0.5256,0.175140,5,14,24,249.70,0.4789,0.0662,0.004123,4.160
146424,520,386,906,241,44,163,349.93,0.9305,0.5898,0.231496,38,34,19,94.97,0.3567,0.1484,0.016032,4.263
146430,520,462,982,226,15,113,2.78,0.9726,0.5269,0.177055,13,7,0,84.64,1.0000,0.0483,0.002375,4.335
146440,520,448,968,207,81,68,28.71,0.7747,0.5351,0.195697,1,19,26,223.47,0.8644,0.0770,0.005468,4.430
146446,520,392,912,176,94,247,305.73,0.9148,0.5900,0.239515,43,34,0,94.26,1.0000,0.1516,0.016577,4.349
146450,520,452,972,182,81,176,329.82,0.6865,0.5322,0.189658,36,1,0,30.97,1.0000,0.0708,0.003968,4.441
146459,520,445,965,208,79,105,11.20,0.7163,0.5425,0.200239,15,18,17,173.72,0.0798,0.0807,0.005746,4.489
146464,520,357,877,236,23,253,324.49,0.9934,0.6240,0.255400,11,23,114,267.14,0.9622,0.1777,0.018987,4.427
146466,520,344,864,252,29,208,338.85,0.9838,0.6254,0.261315,39,35,86,282.90,0.6235,0.1897,0.023052,4.262
146467,520,443,963,187,59,221,318.16,0.8790,0.5425,0.189144,4,2,61,269.16,0.9894,0.0750,0.004061,4.424
146472,520,389,909,227,3,233,326.94,0.9984,0.5898,0.222816,10,4,108,268.17,0.9941,0.1458,0.012340,4.376
146484,520,447,967,238,18,49,23.87,0.9879,0.5388,0.188348,12,2,62,277.29,0.9780,0.0820,0.004694,4.358
146497,520,429,949,220,64,124,1.56,0.8059,0.5518,0.203401,13,28,2,133.12,0.9420,0.1038,0.009204,4.280
146517,520,226,746,255,137,213,342.41,1.0000,0.7464,0.439580,29,79,41,148.87,0.8569,0.2887,0.060131,4.445
146535,520,457,977,227,11,115,2.13,0.9807,0.5286,0.178109,14,1,43,289.98,0.9556,0.0612,0.002895,4.312
146542,520,382,902,237,44,200,337.78,0.9472,0.6012,0.239788,41,18,81,294.31,0.7841,0.1555,0.014981,4.460
146544,520,355,875,202,84,252,314.05,0.9763,0.6152,0.259268,1,43,76,248.01,0.9564,0.1796,0.022559,4.262
146575,520,452,972,177,89,159,335.52,0.5939,0.5281,0.189962,5,18,17,189.41,0.4826,0.0733,0.005053,4.359
146576,520,445,965,230,48,67,21.70,0.9279,0.5415,0.193451,38,0,28,340.55,1.0000,0.0828,0.004960,4.430
146589,520,471,991,213,65,35,33.22,0.9194,0.5206,0.180505,1,6,4,170.95,0.6614,0.0352,0.001455,4.480
146596,520,455,975,192,83,125,358.38,0.6310,0.5274,0.188753,0,12,28,248.96,1.0000,0.0599,0.003468,4.465
146606,520,432,952,223,65,77,21.08,0.8588,0.5458,0.200070,15,15,55,277.00,0.7559,0.0984,0.007190,4.373
146621,520,338,858,235,85,202,337.54,0.8707,0.6359,0.284259,27,47,65,246.88,0.4249,0.1953,0.026476,4.371
146627,520,344,864,249,11,226,333.62,0.9961,0.6256,0.258732,74,18,54,345.12,0.7042,0.1887,0.021550,4.315
146642,520,434,954,214,63,157,346.70,0.8026,0.5532,0.202877,5,0,81,267.88,1.0000,0.0992,0.006263,4.495
146648,520,318,838,222,94,251,319.77,0.9745,0.6557,0.305018,59,38,93,298.59,0.6027,0.2243,0.031064,4.379
146653,520,395,915,255,26,110,8.88,1.0000,0.5891,0.231283,43,23,52,314.56,0.5131,0.1429,0.013744,4.413
146668,520,416,936,252,5,55,22.81,0.9976,0.5663,0.210836,27,29,13,114.58,0.4297,0.1208,0.011408,4.248
146687,520,376,896,239,56,178,345.15,0.9084,0.6018,0.243963,46,25,71,302.12,0.6329,0.1647,0.017311,4.367
146699,520,209,729,232,177,87,77.57,0.7581,0.7602,0.492899,10,86,67,170.43,0.9438,0.3136,0.071250,4.478
146714,520,471,991,130,84,246,290.65,0.9227,0.5198,0.177402,17,2,10,345.54,0.6682,0.0445,0.001845,4.386
146724,520,469,989,196,0,207,325.44,1.0000,0.5158,0.162424,6,4,11,299.41,0.3786,0.0379,0.001497,4.125
146740,520,452,972,200,49,179,334.50,0.8447,0.5267,0.177325,2,19,12,166.44,0.8394,0.0722,0.005052,4.129
146752,520,479,999,224,1,66,17.82,0.9988,0.5071,0.162652,0,1,1,194.77,1.0000,0.0143,0.000239,4.233
146761,520,444,964,227,33,129,358.08,0.9246,0.5421,0.190064,33,4,19,351.21,0.7134,0.0766,0.004572,4.399
146766,520,478,998,179,84,133,349.99,0.5848,0.5109,0.176191,1,2,8,267.88,0.6163,0.0246,0.000674,4.464
146769,520,447,967,206,7,208,327.82,0.9905,0.5358,0.178298,12,3,62,277.01,0.9676,0.0836,0.004911,4.158
146793,520,416,936,229,55,138,356.81,0.8624,0.5650,0.212281,34,22,32,332.36,0.2815,0.1174,0.010182,4.358
146818,520,427,947,247,14,46,24.68,0.9931,0.5565,0.202891,45,8,18,7.84,0.6999,0.1043,0.007753,4.379
146819,520,355,875,243,27,224,332.78,0.9852,0.6179,0.252233,59,25,72,315.63,0.6428,0.1841,0.020930,4.261
146857,520,403,923,250,6,126,2.39,0.9949,0.5784,0.219642,10,28,57,259.53,0.6865,0.1267,0.011904,4.356
146858,520,395,915,217,56,222,326.74,0.9218,0.5887,0.228560,14,32,59,258.35,0.6141,0.1410,0.014421,4.324
146861,520,443,963,242,9,31,26.82,0.9957,0.5433,0.191750,29,8,19,349.36,0.5315,0.0773,0.004819,4.410
146865,520,412,932,201,48,245,316.96,0.9542,0.5733,0.211255,35,7,71,296.32,0.8755,0.1235,0.009642,4.380
146891,520,469,989,223,28,92,10.48,0.9448,0.5195,0.172939,10,5,7,350.42,0.2397,0.0429,0.001884,4.297
146892,520,321,841,254,24,242,330.97,0.9964,0.6477,0.281381,74,40,0,63.60,1.0000,0.2139,0.029736,4.156
146897,520,400,920,209,73,197,331.53,0.8174,0.5767,0.223535,27,10,89,280.89,0.9314,0.1385,0.011713,4.432
146912,520,367,887,247,24,199,340.11,0.9832,0.6094,0.245541,55,35,7,71.64,0.7496,0.1723,0.020297,4.204
146917,520,319,839,218,123,155,359.24,0.5921,0.6466,0.314398,1,56,75,228.25,0.9736,0.2181,0.033426,4.368
146918,520,452,972,205,73,95,13.95,0.7398,0.5261,0.185725,25,6,19,340.67,0.5627,0.0677,0.003840,4.378
146928,520,465,985,208,72,9,39.36,0.9771,0.5184,0.180666,7,6,28,281.06,0.6679,0.0530,0.002593,4.386
146929,520,450,970,218,10,181,338.35,0.9830,0.5411,0.184611,17,14,8,84.85,0.2452,0.0702,0.004508,4.304
146936,520,410,930,221,36,203,332.97,0.9458,0.5697,0.209480,42,22,42,326.93,0.4400,0.1335,0.012333,4.163
146946,520,352,872,236,28,239,327.59,0.9862,0.6158,0.248979,49,17,104,292.14,0.8668,0.1883,0.020533,4.239
146952,520,476,996,150,91,187,310.85,0.6251,0.5097,0.175545,2,1,7,291.58,0.6583,0.0219,0.000500,4.466
146955,520,416,936,248,38,75,19.49,0.9648,0.5727,0.218542,38,25,12,65.20,0.4544,0.1234,0.011339,4.378
146965,520,328,848,251,71,214,337.59,0.9756,0.6542,0.298738,50,49,22,106.80,0.5105,0.2057,0.029327,4.396
146989,520,342,862,241,32,246,327.13,0.9868,0.6308,0.263903,57,40,1,83.36,0.9633,0.1872,0.023897,4.248
147006,520,470,990,198,45,178,334.21,0.8539,0.5193,0.170987,8,4,9,320.71,0.3339,0.0391,0.001582,4.284
147040,520,458,978,189,32,223,319.11,0.9504,0.5266,0.171809,9,6,35,282.18,0.7531,0.0598,0.003097,4.177
147044,520,464,984,191,31,207,323.78,0.9352,0.5172,0.165628,20,4,4,22.26,0.5933,0.0513,0.002443,4.112
147065,520,437,957,216,35,180,338.36,0.9199,0.5463,0.190986,23,19,13,77.82,0.2093,0.0899,0.006770,4.245
147077,520,457,977,223,44,105,7.15,0.8893,0.5332,0.185120,17,9,22,311.64,0.4107,0.0649,0.003725,4.376
147084,520,446,966,235,36,33,28.18,0.9713,0.5392,0.190369,38,3,3,26.24,0.8976,0.0791,0.004838,4.383
147119,520,441,961,233,41,22,30.25,0.9762,0.5375,0.189705,33,7,33,327.68,0.6715,0.0887,0.005851,4.292
147137,520,392,912,228,71,154,352.01,0.8165,0.5854,0.233361,2,38,62,243.16,0.8952,0.1549,0.017468,4.200
147170,520,471,991,223,9,104,5.25,0.9832,0.5162,0.168856,5,6,7,245.47,0.0832,0.0405,0.001779,4.227
147177,520,211,731,204,167,252,303.69,0.9023,0.7580,0.475035,39,83,40,144.20,0.8016,0.3067,0.067708,4.460
147179,520,474,994,227,30,51,23.75,0.9679,0.5208,0.175014,6,4,2,74.90,0.3060,0.0343,0.001299,4.386
147181,520,5,525,254,251,241,92.98,0.7840,0.9856,0.964162,4,134,75,154.67,0.9952,0.4725,0.175832,4.491
147188,520,444,964,232,48,29,30.30,0.9636,0.5411,0.193615,28,7,38,313.18,0.7011,0.0846,0.005388,4.398
147194,520,397,917,226,17,221,329.54,0.9875,0.5826,0.217925,1,15,98,264.49,0.9790,0.1404,0.012298,4.301
147198,520,363,883,210,69,253,316.94,0.9880,0.6111,0.250513,36,44,2,120.07,0.9429,0.1730,0.021808,4.185
147215,520,319,839,227,122,122,20.95,0.6763,0.6480,0.316573,11,61,26,149.06,0.9527,0.2177,0.034831,4.321
147226,520,431,951,147,95,234,297.30,0.8186,0.5466,0.203281,8,21,48,262.84,0.6849,0.1009,0.008013,4.366
147229,520,458,978,213,62,95,12.36,0.8091,0.5275,0.184200,21,2,25,321.18,0.7789,0.0572,0.002731,4.441
147242,520,379,899,233,24,220,331.45,0.9828,0.5965,0.231468,61,22,26,16.07,0.5766,0.1584,0.016406,4.239
147246,520,200,720,253,143,255,326.51,1.0000,0.7732,0.477498,112,59,42,38.49,0.5499,0.3249,0.067403,4.493
147253,520,435,955,242,21,4,29.84,0.9969,0.5454,0.194258,5,4,72,268.58,0.9854,0.0930,0.005869,4.372
147269,520,429,949,232,55,56,25.96,0.9277,0.5499,0.201767,32,17,24,350.38,0.3273,0.1003,0.007740,4.360
147279,520,447,967,234,3,104,6.92,0.9959,0.5379,0.185601,6,17,36,259.77,0.6120,0.0813,0.005670,4.232
147283,520,458,978,235,26,36,26.79,0.9816,0.5342,0.185315,32,1,6,13.06,0.8997,0.0649,0.003420,4.405
147285,520,465,985,187,76,152,341.73,0.6767,0.5203,0.180021,2,6,31,266.74,0.8690,0.0507,0.002421,4.388
147290,520,301,821,243,80,255,324.98,1.0000,0.6740,0.320145,42,59,26,131.34,0.6026,0.2288,0.036947,4.257
147306,520,398,918,233,57,148,354.13,0.8709,0.5782,0.223908,16,28,65,267.26,0.6817,0.1366,0.013223,4.332
147309,520,415,935,255,3,5,29.05,1.0000,0.5688,0.213400,4,19,73,265.04,0.9309,0.1179,0.009725,4.410
147327,520,425,945,237,34,106,8.09,0.9456,0.5551,0.201923,47,12,17,14.73,0.6455,0.1135,0.009078,4.264
147353,520,374,894,218,62,226,325.88,0.9177,0.5982,0.238437,33,12,102,281.63,0.9349,0.1624,0.015455,4.407
147355,520,402,922,220,25,223,327.54,0.9774,0.5760,0.212408,41,8,70,302.83,0.8465,0.1319,0.010873,4.311
147374,520,412,932,225,49,173,343.16,0.8893,0.5683,0.212238,39,18,45,318.39,0.5407,0.1232,0.010534,4.332
147391,520,392,912,218,12,255,319.83,1.0000,0.5926,0.223903,43,31,31,18.46,0.1860,0.1504,0.015925,4.155
147396,520,284,804,254,81,249,329.14,0.9964,0.6886,0.337981,103,17,64,352.77,0.7912,0.2510,0.036551,4.483
147404,520,420,940,190,69,222,318.41,0.8581,0.5584,0.204786,16,28,7,133.28,0.7104,0.1069,0.009560,4.278
147406,520,429,949,247,0,49,23.63,1.0000,0.5539,0.199995,38,7,44,320.76,0.7433,0.1038,0.007459,4.351
147407,520,441,961,204,23,217,324.91,0.9699,0.5432,0.184617,8,11,55,271.82,0.8853,0.0863,0.005668,4.215
147415,520,410,930,212,75,179,338.60,0.7840,0.5741,0.222859,25,4,93,279.13,0.9777,0.1350,0.010838,4.485
147417,520,300,820,246,111,147,5.65,0.8440,0.6666,0.330712,22,54,87,251.41,0.6419,0.2271,0.034969,4.481
147423,520,328,848,215,128,144,8.41,0.5468,0.6479,0.319008,26,58,12,137.76,0.9327,0.2118,0.032722,4.461
147426,520,256,776,250,127,206,342.83,0.9379,0.7200,0.399616,23,73,42,153.03,0.8574,0.2664,0.051142,4.445
147433,520,416,936,216,34,225,325.97,0.9636,0.5745,0.211813,38,12,56,308.16,0.7308,0.1199,0.009606,4.392
147446,520,375,895,223,73,203,333.69,0.8623,0.6032,0.247671,37,29,72,288.59,0.5927,0.1627,0.017399,4.417
147447,520,377,897,238,88,53,34.45,0.9042,0.5991,0.254166,8,45,11,144.43,0.9592,0.1588,0.019525,4.375
147465,520,416,936,249,31,87,15.55,0.9716,0.5734,0.218114,57,4,18,11.34,0.8603,0.1231,0.010005,4.468
147469,520,451,971,229,20,137,355.13,0.9627,0.5435,0.189673,9,12,35,274.41,0.6064,0.0716,0.004424,4.404
147472,520,375,895,255,8,146,357.01,1.0000,0.5961,0.235127,3,44,22,154.78,0.9674,0.1556,0.018786,4.145
147481,520,421,941,247,16,86,14.81,0.9877,0.5635,0.208202,46,5,41,333.49,0.7775,0.1128,0.008496,4.414
147496,520,452,972,204,58,157,343.67,0.7960,0.5302,0.182998,20,13,19,331.18,0.2308,0.0748,0.004836,4.249
147499,520,458,978,219,58,44,29.39,0.9148,0.5254,0.182706,7,6,37,277.54,0.8078,0.0598,0.003090,4.383
147515,520,407,927,220,64,159,347.56,0.8172,0.5659,0.213880,56,13,16,20.14,0.7226,0.1319,0.011661,4.279
147516,520,395,915,253,13,124,3.68,0.9901,0.5853,0.226294,28,36,18,128.19,0.4403,0.1434,0.015523,4.217
147519,520,410,930,243,51,16,31.98,0.9861,0.5653,0.214631,36,31,1,100.29,0.9429,0.1346,0.013573,4.163
147539,520,392,912,188,80,245,311.50,0.9262,0.5854,0.230223,22,34,52,258.28,0.3987,0.1468,0.015625,4.270
147543,520,431,951,211,2,214,327.60,0.9978,0.5479,0.187494,43,8,19,4.66,0.6797,0.1009,0.007344,4.142
147554,520,435,955,171,89,204,315.23,0.7159,0.5455,0.201631,31,11,29,331.03,0.5271,0.0899,0.006194,4.478
147557,520,406,926,244,41,131,1.11,0.9374,0.5810,0.224610,18,30,52,261.76,0.4846,0.1331,0.013050,4.355
147570,520,412,932,241,9,156,351.19,0.9900,0.5726,0.212996,3,10,88,265.84,0.9812,0.1212,0.009409,4.427
147573,520,449,969,206,19,204,328.84,0.9703,0.5361,0.179491,15,6,35,293.51,0.7163,0.0651,0.003532,4.287
147578,520,293,813,254,98,190,347.25,0.9869,0.6774,0.335270,0,50,118,258.52,1.0000,0.2357,0.035890,4.486
147586,520,261,781,227,141,189,345.82,0.6441,0.7051,0.390565,45,66,79,236.15,0.2994,0.2713,0.050187,4.397
147588,520,374,894,247,72,69,26.06,0.9519,0.5982,0.248419,34,37,39,236.76,0.0583,0.1590,0.018097,4.382
147597,520,477,997,197,57,144,346.78,0.7753,0.5103,0.168120,8,0,0,29.23,1.0000,0.0228,0.000516,4.318
147614,520,478,998,182,50,193,324.61,0.8419,0.5058,0.160779,0,1,13,263.17,1.0005,0.0222,0.000508,4.173
147629,520,328,848,254,46,236,332.36,0.9960,0.6535,0.290841,37,47,72,266.97,0.3704,0.2072,0.028942,4.318
147676,520,317,837,229,86,249,322.56,0.9700,0.6551,0.301552,79,18,93,319.28,0.7933,0.2241,0.028854,4.458
147690,520,400,920,224,75,158,349.88,0.7934,0.5846,0.233505,45,22,45,327.06,0.4805,0.1396,0.013212,4.485
147702,520,410,930,224,53,180,340.77,0.8828,0.5733,0.216912,36,26,27,11.67,0.1733,0.1274,0.011930,4.310
147706,520,472,992,218,34,101,6.86,0.9126,0.5151,0.169917,1,3,20,266.78,0.8729,0.0344,0.001221,4.294
147720,520,337,857,246,54,235,330.77,0.9674,0.6442,0.282322,52,47,31,92.78,0.2945,0.2044,0.028621,4.227
147727,520,468,988,145,94,198,304.58,0.6528,0.5161,0.181027,1,7,0,138.18,1.0000,0.0364,0.001584,4.479
147729,520,327,847,224,92,237,324.02,0.9116,0.6473,0.296179,43,40,95,281.88,0.6211,0.2124,0.028573,4.406
147751,520,253,773,238,143,189,350.08,0.7335,0.7236,0.414983,4,77,39,153.27,0.9871,0.2740,0.054798,4.437
147753,520,325,845,254,25,252,328.74,0.9969,0.6546,0.287975,73,31,68,332.04,0.5719,0.2142,0.028140,4.325
147760,520,285,805,234,143,37,63.42,0.9185,0.6858,0.372733,3,69,36,154.40,0.9871,0.2454,0.044028,4.496
147766,520,454,974,227,14,114,2.57,0.9752,0.5290,0.178627,30,5,1,37.73,0.8774,0.0678,0.003868,4.244
147770,520,369,889,234,51,218,332.20,0.9470,0.6111,0.249246,75,9,14,23.08,0.8962,0.1670,0.017232,4.451
147788,520,381,901,225,91,145,357.92,0.7370,0.6019,0.255364,22,38,54,249.41,0.4103,0.1593,0.018231,4.475
147790,520,470,990,132,85,239,292.28,0.8751,0.5174,0.176345,20,0,7,355.75,1.0000,0.0427,0.001641,4.383
147793,520,462,982,186,13,243,313.97,0.9900,0.5309,0.171992,6,1,36,280.76,0.9614,0.0473,0.001878,4.279
147795,520,147,667,217,195,243,305.75,0.6797,0.8266,0.602533,4,102,21,144.32,0.9967,0.3573,0.095823,4.475
147796,520,410,930,211,102,13,50.65,0.9570,0.5710,0.233828,6,37,0,139.54,1.0000,0.1290,0.013618,4.461
147803,520,388,908,218,45,240,322.75,0.9610,0.5948,0.230755,5,41,41,194.97,0.8229,0.1531,0.017782,4.142
147831,520,439,959,240,24,49,24.32,0.9831,0.5453,0.194036,39,7,11,16.18,0.6979,0.0897,0.006075,4.352
147832,520,415,935,219,80,120,6.05,0.7468,0.5679,0.221558,35,22,41,314.67,0.3961,0.1233,0.010913,4.458
147836,520,400,920,253,47,9,31.68,0.9942,0.5825,0.229391,39,31,1,94.52,0.9440,0.1384,0.014135,4.356
147845,520,467,987,212,8,166,341.41,0.9807,0.5206,0.169262,0,3,31,263.44,1.0009,0.0417,0.001640,4.246
147867,520,452,972,229,10,94,9.74,0.9859,0.5261,0.176862,17,7,34,297.32,0.6683,0.0683,0.003866,4.212
147878,520,295,815,228,139,92,47.82,0.7004,0.6753,0.357341,1,67,45,163.45,0.9930,0.2405,0.042100,4.423
147887,520,447,967,229,47,46,27.02,0.9452,0.5357,0.188912,7,9,50,272.33,0.8838,0.0773,0.004708,4.367
147889,520,419,939,242,30,101,10.22,0.9622,0.5619,0.207487,32,25,0,94.93,1.0000,0.1132,0.010024,4.290
147895,520,411,931,242,6,151,352.92,0.9933,0.5718,0.212451,32,14,63,295.17,0.7523,0.1211,0.009800,4.389
147919,520,443,963,205,12,220,324.51,0.9874,0.5438,0.184112,30,8,12,10.41,0.5409,0.0764,0.004763,4.275
147922,520,455,975,131,88,250,289.86,0.9493,0.5308,0.187067,13,9,20,300.36,0.3536,0.0599,0.003314,4.447
147948,520,465,985,204,31,169,338.63,0.9037,0.5156,0.166839,7,0,36,283.86,1.0000,0.0459,0.001725,4.192
147953,520,422,942,147,92,253,294.52,0.9739,0.5570,0.209492,6,23,56,261.51,0.7978,0.1112,0.009370,4.371
147961,520,441,961,194,82,148,346.60,0.6613,0.5386,0.196437,11,19,43,267.74,0.5858,0.0941,0.007113,4.315
147979,520,400,920,213,91,136,359.57,0.6779,0.5786,0.234080,17,36,20,147.99,0.5752,0.1352,0.014314,4.417
147986,520,452,972,228,31,90,12.12,0.9458,0.5309,0.182150,5,6,47,271.64,0.9232,0.0674,0.003677,4.325
147993,520,424,944,209,23,223,324.74,0.9755,0.5562,0.194977,38,19,9,47.85,0.5230,0.1090,0.008976,4.154
148005,520,414,934,230,49,149,352.54,0.8860,0.5665,0.211923,42,16,44,324.65,0.5828,0.1235,0.010447,4.333
148012,520,379,899,232,36,226,329.70,0.9716,0.6037,0.239111,27,40,42,207.90,0.2243,0.1626,0.019177,4.179
148043,520,421,941,211,87,99,17.08,0.7033,0.5578,0.215683,6,28,26,187.25,0.6385,0.1061,0.009438,4.470
148069,520,354,874,251,84,54,32.48,0.9745,0.6178,0.271197,8,47,59,223.02,0.7753,0.1825,0.024003,4.340
148108,520,427,947,216,45,199,332.81,0.9133,0.5639,0.206014,14,25,11,139.11,0.5158,0.0973,0.008128,4.404
148109,520,447,967,232,37,57,23.20,0.9581,0.5362,0.187774,12,14,40,276.44,0.6112,0.0815,0.005454,4.288
148115,520,472,992,221,34,86,12.86,0.9294,0.5171,0.171908,1,4,16,261.68,0.7507,0.0348,0.001307,4.325
148117,520,453,973,220,27,130,355.95,0.9301,0.5255,0.176138,0,6,50,263.69,1.0016,0.0666,0.003605,4.219
148123,520,415,935,240,26,132,359.22,0.9625,0.5658,0.209332,56,3,24,2.70,0.8556,0.1216,0.009720,4.342
148153,520,435,955,210,31,208,328.78,0.9507,0.5509,0.192377,2,25,16,165.46,0.9033,0.0911,0.007455,4.219
148157,520,365,885,244,19,218,334.48,0.9902,0.6134,0.247638,54,35,23,52.98,0.3913,0.1735,0.020483,4.223
148158,520,381,901,212,55,245,319.78,0.9554,0.5959,0.233237,40,37,11,102.76,0.6256,0.1577,0.017984,4.166
148164,520,387,907,225,73,169,345.75,0.8139,0.5890,0.236396,25,37,35,183.55,0.2205,0.1491,0.016511,4.306
148165,520,442,962,237,27,2,30.41,0.9982,0.5371,0.187960,33,0,36,324.82,1.0000,0.0790,0.004508,4.366
148174,520,455,975,205,33,181,335.14,0.9107,0.5256,0.174050,27,1,6,9.21,0.8588,0.0560,0.002679,4.253
148177,520,411,931,230,74,86,20.33,0.8452,0.5714,0.223952,40,24,10,60.76,0.5230,0.1235,0.011264,4.472
148187,520,357,877,254,74,89,20.79,0.9911,0.6170,0.266932,67,29,7,47.52,0.7784,0.1789,0.020875,4.472
148200,520,389,909,245,28,166,349.29,0.9684,0.5905,0.229994,38,31,49,301.85,0.3089,0.1525,0.016138,4.233
148219,520,448,968,188,44,237,315.18,0.9420,0.5437,0.186084,25,10,35,309.88,0.5939,0.0836,0.005451,4.258
148220,520,366,886,237,37,215,333.68,0.9678,0.6060,0.242367,16,42,61,242.88,0.5860,0.1718,0.021029,4.116
148221,520,428,948,221,45,177,340.76,0.8962,0.5602,0.204256,36,8,44,317.92,0.7232,0.1021,0.007306,4.437
148225,520,455,975,201,83,53,35.36,0.7964,0.5251,0.188630,11,14,6,124.06,0.3520,0.0642,0.003984,4.420
148247,520,351,871,254,76,145,1.30,0.9857,0.6341,0.282875,42,45,27,116.09,0.3421,0.1863,0.024481,4.469
148250,520,471,991,171,40,239,309.75,0.9463,0.5167,0.164084,1,7,1,143.33,0.9335,0.0368,0.001606,4.148
148256,520,477,997,162,76,206,312.29,0.7663,0.5148,0.173072,4,0,2,344.76,1.0000,0.0178,0.000302,4.435
148264,520,427,947,179,66,253,307.89,0.9850,0.5630,0.205728,36,15,12,29.23,0.4763,0.0984,0.007433,4.453
148268,520,480,1000,222,41,14,31.25,0.9828,0.5142,0.171500,0,0,0,0.00,0.0000,0.0000,0.000000,4.430
148280,520,440,960,195,14,254,314.09,0.9956,0.5550,0.190733,17,9,51,284.52,0.7950,0.0860,0.005535,4.335
148315,520,387,907,201,80,229,319.56,0.8654,0.5928,0.238134,15,39,25,156.21,0.6210,0.1450,0.016227,4.351
148316,520,326,846,251,93,149,1.76,0.9339,0.6501,0.305110,12,57,57,195.03,0.7703,0.2147,0.032997,4.279
148317,520,398,918,227,7,221,329.80,0.9952,0.5822,0.217057,25,8,95,278.11,0.9603,0.1420,0.012065,4.303
148324,520,383,903,240,70,132,2.93,0.8673,0.5978,0.245746,32,38,20,123.70,0.4071,0.1536,0.017438,4.385
148339,520,469,989,167,83,185,320.29,0.6769,0.5182,0.179056,0,1,37,264.21,0.9921,0.0423,0.001553,4.443
148349,520,385,905,226,49,215,330.99,0.9377,0.5940,0.232740,30,32,50,278.74,0.3137,0.1470,0.015393,4.324
148355,520,432,952,192,77,183,330.81,0.7389,0.5462,0.199346,19,4,73,279.99,0.9611,0.1041,0.007063,4.370
148362,520,422,942,220,70,140,355.68,0.7867,0.5644,0.214918,13,19,65,271.35,0.8247,0.1144,0.009329,4.465
148388,520,346,866,246,51,210,337.21,0.9548,0.6273,0.266166,46,17,113,287.06,0.8999,0.1950,0.021740,4.407
148389,520,372,892,237,58,197,338.88,0.9180,0.6095,0.250646,10,45,44,192.40,0.7150,0.1692,0.021231,4.221
148394,520,460,980,109,103,237,280.58,0.8491,0.5257,0.190657,14,12,4,97.90,0.4305,0.0616,0.003651,4.486
148396,520,436,956,238,35,50,24.92,0.9691,0.5465,0.196128,41,5,10,16.10,0.7771,0.0899,0.006020,4.394
148401,520,442,962,221,33,144,351.44,0.9135,0.5365,0.184760,17,18,8,112.98,0.3528,0.0799,0.005693,4.215
148408,520,402,922,230,45,176,343.29,0.9138,0.5762,0.218370,16,9,87,273.35,0.9633,0.1259,0.009936,4.478
148426,520,374,894,255,55,56,26.48,1.0000,0.5959,0.242817,54,32,10,63.00,0.6556,0.1638,0.018393,4.281
148429,520,429,949,193,6,253,313.84,0.9966,0.5492,0.185609,43,5,27,349.01,0.7462,0.0996,0.007013,4.133
148449,520,385,905,218,70,196,334.44,0.8449,0.5877,0.232734,11,38,55,239.69,0.6444,0.1538,0.017331,4.199
148456,520,423,943,210,17,225,324.56,0.9844,0.5574,0.195407,22,11,70,282.05,0.8708,0.1129,0.008521,4.193
148457,520,465,985,231,14,3,29.58,0.9972,0.5194,0.173127,15,6,17,320.53,0.4418,0.0542,0.002723,4.232
148460,520,384,904,235,34,199,337.48,0.9614,0.5914,0.229325,28,38,26,140.38,0.3055,0.1515,0.017077,4.164
148463,520,425,945,220,82,35,37.83,0.9132,0.5561,0.213741,41,16,25,358.57,0.4763,0.1123,0.009122,4.461
148469,520,380,900,220,101,101,22.10,0.7072,0.5955,0.254649,34,32,67,283.74,0.5101,0.1625,0.017783,4.494
148485,520,431,951,244,20,46,24.85,0.9884,0.5519,0.199342,3,26,25,191.19,0.7795,0.0980,0.008283,4.278
148486,520,309,829,239,86,233,329.42,0.9318,0.6607,0.308919,3,60,59,192.93,0.9478,0.2229,0.035667,4.190
148498,520,479,999,223,26,53,22.67,0.9705,0.5106,0.166866,2,0,0,29.23,1.0000,0.0120,0.000129,4.326
148508,520,347,867,236,55,244,326.21,0.9649,0.6340,0.270994,63,32,53,340.37,0.4455,0.1917,0.023469,4.369
148528,520,397,917,173,106,206,313.59,0.6575,0.5781,0.236492,11,27,78,266.04,0.8604,0.1436,0.014050,4.473
148532,520,370,890,226,77,194,337.46,0.8431,0.6076,0.253739,30,45,7,128.54,0.8632,0.1713,0.021681,4.237
148543,520,418,938,244,28,93,12.94,0.9697,0.5631,0.208573,33,26,3,93.03,0.7987,0.1177,0.010687,4.261
148577,520,381,901,236,36,202,336.90,0.9609,0.5960,0.233617,25,21,100,275.04,0.9078,0.1650,0.016630,4.257
148582,520,480,1000,148,81,212,304.49,0.7621,0.5080,0.169346,0,0,0,0.00,0.0000,0.0000,0.000000,4.387
148604,520,247,767,251,137,158,9.21,0.8779,0.7205,0.408719,27,69,95,239.03,0.6305,0.2785,0.053152,4.447
148608,520,199,719,241,160,225,334.07,0.8600,0.7738,0.492804,49,87,14,133.78,0.9510,0.3223,0.075009,4.342
148654,520,473,993,138,84,234,295.53,0.8479,0.5182,0.176845,6,2,16,298.24,0.6941,0.0348,0.001195,4.431
148655,520,390,910,221,10,241,323.64,0.9950,0.5865,0.219422,6,18,104,266.24,0.9712,0.1550,0.014707,4.164
148656,520,414,934,221,38,198,334.37,0.9366,0.5677,0.208379,5,25,66,261.89,0.8770,0.1245,0.011208,4.221
148675,520,470,990,224,43,63,21.81,0.9325,0.5247,0.179367,7,0,34,285.37,1.0000,0.0440,0.001607,4.445
148682,520,188,708,216,181,228,317.41,0.5561,0.7889,0.532487,17,92,43,149.91,0.9641,0.3287,0.079475,4.499
148689,520,416,936,225,55,166,345.76,0.8651,0.5697,0.214956,38,23,30,349.91,0.2844,0.1242,0.011186,4.330
148695,520,464,984,195,60,164,338.46,0.7785,0.5200,0.175159,19,2,24,319.01,0.7725,0.0539,0.002478,4.291
148698,520,458,978,167,46,255,304.92,1.0000,0.5297,0.173901,1,9,38,262.53,0.9315,0.0618,0.003417,4.192
148716,520,412,932,240,39,114,6.17,0.9371,0.5664,0.211944,52,9,7,27.44,0.8310,0.1168,0.009409,4.409
148750,520,225,745,203,177,172,30.68,0.2099,0.7457,0.471200,30,84,6,138.75,0.9883,0.3014,0.066296,4.482
148752,520,454,974,186,14,243,313.96,0.9892,0.5312,0.172255,5,10,36,269.34,0.7470,0.0653,0.003767,4.134
148757,520,443,963,207,62,158,344.35,0.7899,0.5402,0.191813,24,5,42,303.69,0.7860,0.0790,0.004699,4.421
148760,520,259,779,243,120,230,331.47,0.9309,0.7103,0.382031,6,59,126,257.55,0.9418,0.2679,0.046727,4.466
148769,520,413,933,239,17,144,354.76,0.9779,0.5654,0.207684,36,2,74,296.97,0.9609,0.1219,0.009129,4.358
148783,520,472,992,161,63,232,306.68,0.8823,0.5172,0.169589,3,4,8,269.72,0.2935,0.0334,0.001237,4.286
148786,520,248,768,247,150,51,61.06,0.9218,0.7194,0.418285,20,73,79,205.90,0.7302,0.2791,0.054781,4.469
148794,520,400,920,229,27,199,336.00,0.9678,0.5774,0.215680,3,29,69,258.55,0.9092,0.1362,0.013277,4.199
148801,520,172,692,241,176,222,337.56,0.7868,0.8039,0.550269,25,95,5,140.42,0.9938,0.3368,0.084017,4.479
148810,520,475,995,208,14,177,337.03,0.9682,0.5208,0.169004,2,0,19,280.27,1.0000,0.0258,0.000599,4.328
148823,520,474,994,215,47,111,3.72,0.8540,0.5216,0.176302,10,1,1,24.13,0.7514,0.0294,0.000884,4.447
148830,520,401,921,221,46,212,330.52,0.9340,0.5815,0.220818,36,17,76,291.93,0.7806,0.1429,0.012978,4.300
148835,520,380,900,224,62,213,331.00,0.9066,0.5998,0.240989,51,25,53,324.51,0.5075,0.1592,0.016562,4.372
148846,520,425,945,234,66,35,32.58,0.9480,0.5626,0.215132,34,22,26,357.20,0.2319,0.1149,0.009885,4.427
148850,520,468,988,187,58,186,328.24,0.8065,0.5173,0.171375,14,0,11,334.85,1.0000,0.0358,0.001175,4.326
148857,520,430,950,199,11,242,317.78,0.9925,0.5506,0.187938,6,27,12,151.04,0.8123,0.0986,0.008491,4.068
148861,520,272,792,216,145,182,347.19,0.5226,0.6958,0.382286,18,68,82,220.44,0.7357,0.2643,0.048718,4.379
148873,520,447,967,200,31,216,323.99,0.9511,0.5392,0.182189,6,16,43,265.08,0.7268,0.0840,0.005837,4.158
148877,520,396,916,251,49,17,31.44,0.9878,0.5801,0.227500,68,2,16,16.58,0.9548,0.1445,0.013100,4.398
148884,520,379,899,226,96,124,9.40,0.7307,0.6039,0.259922,6,45,8,143.82,0.9735,0.1576,0.019329,4.470
148890,520,456,976,139,82,253,293.04,0.9797,0.5328,0.186154,6,9,25,271.97,0.5296,0.0566,0.003043,4.452
148893,520,290,810,240,91,245,326.46,0.9594,0.6751,0.326024,105,18,18,26.45,0.9079,0.2426,0.034801,4.434
148899,520,260,780,200,147,253,306.03,0.9481,0.7144,0.402392,47,72,6,129.29,0.9578,0.2719,0.052521,4.413
148913,520,334,854,219,97,228,324.86,0.8626,0.6410,0.292127,24,54,7,136.67,0.9545,0.1966,0.028478,4.360
148935,520,382,902,218,43,249,320.74,0.9754,0.6002,0.234747,31,38,31,145.08,0.1772,0.1558,0.017764,4.202
148938,520,409,929,248,8,110,7.24,0.9931,0.5698,0.212594,14,14,88,271.27,0.9505,0.1323,0.011119,4.296
148943,520,449,969,192,32,229,318.53,0.9577,0.5363,0.178980,13,16,4,119.58,0.5497,0.0702,0.004649,4.190
148959,520,428,948,243,4,121,2.78,0.9956,0.5621,0.205253,22,14,53,287.43,0.7030,0.1009,0.007417,4.446
148967,520,463,983,174,59,227,312.49,0.8834,0.5274,0.176736,10,3,28,293.35,0.7750,0.0489,0.002135,4.349
148979,520,460,980,150,91,210,304.34,0.7187,0.5254,0.186197,8,2,42,280.50,0.9422,0.0570,0.002622,4.489
148994,520,386,906,230,43,201,335.80,0.9405,0.5886,0.227704,48,19,64,311.54,0.6743,0.1516,0.014643,4.296
149005,520,420,940,221,31,189,336.90,0.9454,0.5586,0.200286,4,31,18,159.41,0.8810,0.1117,0.010494,4.137
149006,520,437,957,214,7,204,330.93,0.9911,0.5474,0.188099,43,2,15,5.86,0.8566,0.0903,0.005916,4.258
149026,520,400,920,251,15,128,2.12,0.9873,0.5830,0.224130,46,13,69,307.42,0.7784,0.1441,0.012984,4.352
149037,520,415,935,214,37,221,326.42,0.9538,0.5699,0.208417,44,9,50,321.45,0.7416,0.1206,0.009612,4.335
149047,520,399,919,197,92,191,329.64,0.7079,0.5798,0.232876,51,20,33,355.36,0.5077,0.1395,0.013140,4.480
149064,520,381,901,230,20,235,327.14,0.9894,0.6000,0.233239,46,18,84,297.63,0.7894,0.1649,0.016536,4.257
149066,520,180,700,225,180,222,328.41,0.5795,0.7940,0.539249,48,91,9,134.52,0.9754,0.3344,0.081301,4.488
149085,520,413,933,230,66,127,2.54,0.8327,0.5735,0.222545,13,28,41,246.16,0.4583,0.1174,0.010761,4.485
149089,520,403,923,223,14,222,328.57,0.9897,0.5772,0.212783,54,15,12,27.42,0.7117,0.1301,0.011526,4.271
149090,520,390,910,251,11,140,358.21,0.9910,0.5864,0.226456,19,31,74,268.39,0.7044,0.1536,0.016128,4.181
149096,520,428,948,245,44,1,31.98,0.9992,0.5637,0.212195,27,21,24,346.52,0.1345,0.1030,0.008353,4.493
149111,520,423,943,239,12,137,356.94,0.9850,0.5613,0.204230,24,25,15,112.67,0.2756,0.1071,0.009239,4.292
149129,520,337,857,234,109,134,9.58,0.7484,0.6401,0.301535,34,52,18,132.25,0.7123,0.1985,0.028397,4.484
149131,520,466,986,224,2,106,4.52,0.9962,0.5174,0.169341,19,4,3,28.34,0.6042,0.0496,0.002319,4.192
149138,520,449,969,232,39,58,23.16,0.9542,0.5376,0.189154,6,13,39,267.91,0.7137,0.0744,0.004730,4.370
149151,520,472,992,209,62,75,20.17,0.8275,0.5151,0.175108,0,0,25,264.05,1.0000,0.0280,0.000702,4.440
149178,520,470,990,221,55,11,33.87,0.9842,0.5241,0.181314,3,8,4,151.30,0.4574,0.0425,0.002018,4.447
149181,520,408,928,223,72,136,358.29,0.7890,0.5705,0.221028,41,24,10,58.98,0.5321,0.1250,0.011467,4.409
149210,520,333,853,189,114,249,307.63,0.9145,0.6394,0.296937,53,46,10,98.06,0.7506,0.1990,0.027328,4.487
149216,520,97,617,253,209,211,15.04,0.8561,0.8823,0.711881,11,115,0,141.92,1.0000,0.4013,0.123321,4.396
149219,520,468,988,207,67,102,9.44,0.7639,0.5240,0.182412,6,5,8,301.68,0.1805,0.0393,0.001648,4.500
149220,520,434,954,148,90,247,296.14,0.9155,0.5500,0.203237,26,19,29,315.62,0.2588,0.0993,0.007741,4.386
149250,520,408,928,249,32,71,20.14,0.9744,0.5709,0.216313,9,37,17,150.14,0.8578,0.1334,0.014216,4.147
149251,520,354,874,244,91,94,22.56,0.8999,0.6203,0.275265,49,39,39,18.07,0.1340,0.1816,0.022505,4.486
149254,520,417,937,245,31,123,3.38,0.9598,0.5749,0.218259,10,24,58,264.55,0.7338,0.1174,0.010232,4.454
149258,520,411,931,246,44,13,31.23,0.9901,0.5661,0.214268,7,7,89,268.15,0.9840,0.1209,0.009183,4.465
149264,520,422,942,206,33,228,322.62,0.9617,0.5592,0.198127,21,27,22,149.94,0.1747,0.1118,0.010012,4.135
149278,520,425,945,207,46,209,327.58,0.9125,0.5555,0.198247,23,21,41,287.09,0.4087,0.1073,0.008786,4.223
149283,520,427,947,246,32,19,29.55,0.9854,0.5592,0.206764,16,13,62,277.59,0.8394,0.1024,0.007458,4.469
149296,520,325,845,253,97,106,20.17,0.9730,0.6469,0.304760,16,57,24,147.24,0.9140,0.2053,0.031022,4.379
149301,520,461,981,237,6,17,28.26,0.9971,0.5310,0.181785,18,0,25,317.09,1.0000,0.0488,0.001988,4.458
149315,520,383,903,204,92,207,326.53,0.7704,0.5993,0.249982,13,42,28,159.92,0.7042,0.1547,0.018253,4.395
149323,520,465,985,218,51,49,26.75,0.9208,0.5171,0.174974,15,7,1,71.38,0.7244,0.0508,0.002557,4.281
149326,520,431,951,213,73,124,1.62,0.7507,0.5495,0.203687,42,8,12,16.95,0.7007,0.0970,0.006925,4.456
149328,520,448,968,216,1,190,335.24,0.9984,0.5408,0.183406,4,16,39,260.21,0.7349,0.0796,0.005429,4.211
149330,520,396,916,233,41,181,342.34,0.9330,0.5817,0.222485,43,26,27,15.43,0.2826,0.1370,0.013316,4.304
149335,520,375,895,184,104,224,313.16,0.7643,0.6002,0.254737,28,38,38,196.32,0.1685,0.1558,0.017730,4.499
149340,520,296,816,237,108,226,330.85,0.9016,0.6818,0.342229,12,69,16,143.85,0.9765,0.2442,0.043716,4.185
149349,520,464,984,225,16,91,10.41,0.9746,0.5186,0.171363,23,0,19,334.92,1.0000,0.0524,0.002292,4.233
149364,520,404,924,231,38,185,340.60,0.9396,0.5784,0.218806,24,29,51,273.02,0.4114,0.1344,0.013119,4.259
149394,520,441,961,188,102,57,46.72,0.6948,0.5371,0.204910,0,20,42,250.06,1.0000,0.0890,0.006674,4.498
149424,520,475,995,234,2,23,27.45,0.9989,0.5239,0.176009,1,2,16,269.50,0.8603,0.0289,0.000873,4.443
149438,520,382,902,235,60,185,342.13,0.8963,0.6014,0.243994,48,11,88,299.04,0.8687,0.1632,0.015723,4.473
149448,520,379,899,222,77,197,335.37,0.8377,0.6026,0.248708,14,44,5,139.21,0.9643,0.1571,0.019056,4.326
149459,520,284,804,241,103,235,329.31,0.9359,0.6858,0.344018,95,32,67,349.12,0.6400,0.2542,0.038715,4.441
149461,520,366,886,233,2,248,324.98,0.9993,0.6107,0.241468,32,6,111,279.40,0.9766,0.1673,0.015850,4.426
149469,520,452,972,231,15,82,14.17,0.9822,0.5287,0.179428,16,15,8,101.05,0.2634,0.0716,0.004693,4.195
149476,520,465,985,170,22,251,307.49,0.9826,0.5164,0.160857,22,0,15,340.70,1.0000,0.0489,0.002051,4.051
149478,520,357,877,200,109,203,326.05,0.6828,0.6177,0.275298,17,49,24,148.57,0.8178,0.1787,0.023817,4.407
149488,520,431,951,230,22,155,349.38,0.9614,0.5540,0.197662,41,13,2,44.64,0.8249,0.1009,0.007637,4.297
149496,520,462,982,210,37,169,340.33,0.8925,0.5303,0.178915,1,10,21,245.53,0.7673,0.0522,0.002777,4.337
149497,520,418,938,197,8,254,314.69,0.9958,0.5568,0.192011,16,13,79,274.05,0.9264,0.1212,0.009625,4.059
149504,520,344,864,248,53,200,340.48,0.9565,0.6268,0.266759,52,23,99,295.05,0.7936,0.1947,0.022437,4.373
149519,520,266,786,255,124,181,354.59,1.0000,0.7126,0.390144,30,72,32,144.54,0.8558,0.2640,0.050149,4.395
149520,520,353,873,243,21,226,332.29,0.9900,0.6172,0.250849,79,11,0,33.63,1.0000,0.1758,0.019019,4.359
149540,520,408,928,232,65,110,9.47,0.8503,0.5709,0.220650,10,4,99,268.90,0.9923,0.1328,0.010521,4.472
149541,520,467,987,207,73,19,38.76,0.9491,0.5183,0.180797,0,7,13,231.02,1.0000,0.0403,0.001810,4.455
149553,520,433,953,203,82,138,354.21,0.6815,0.5494,0.205679,9,13,64,270.91,0.9077,0.0998,0.007160,4.473
149563,520,286,806,255,109,169,357.07,1.0000,0.6856,0.350650,16,68,34,150.97,0.9260,0.2450,0.043597,4.281
149581,520,328,848,181,121,255,302.29,1.0000,0.6459,0.307189,42,54,32,131.64,0.4039,0.2146,0.032348,4.338
149600,520,472,992,188,38,217,320.17,0.9280,0.5239,0.170887,3,3,1,108.44,0.4204,0.0273,0.000867,4.342
149605,520,405,925,253,4,116,6.00,0.9970,0.5810,0.222341,31,29,23,91.75,0.1435,0.1277,0.012319,4.370
149619,520,477,997,196,26,183,332.03,0.9261,0.5069,0.158952,0,0,17,264.05,1.0000,0.0212,0.000405,4.145
149633,520,418,938,206,98,50,42.81,0.7952,0.5582,0.220895,11,21,68,268.67,0.8484,0.1204,0.010248,4.496
149651,520,455,975,228,11,114,2.67,0.9814,0.5303,0.179511,2,13,21,236.10,0.6680,0.0599,0.003549,4.286
149663,520,449,969,225,60,9,34.81,0.9873,0.5371,0.192618,11,14,24,271.06,0.3069,0.0707,0.004512,4.451
149668,520,442,962,232,6,123,0.17,0.9905,0.5406,0.187191,22,8,39,301.21,0.6877,0.0794,0.004907,4.320
149684,520,417,937,194,79,211,322.32,0.8051,0.5691,0.217658,49,12,34,347.05,0.6488,0.1236,0.010315,4.438
149695,520,369,889,248,72,100,16.30,0.9378,0.6059,0.255146,67,18,41,354.74,0.6637,0.1689,0.017862,4.497
149716,520,460,980,206,59,139,351.46,0.7858,0.5265,0.181159,13,8,19,304.73,0.3724,0.0573,0.003063,4.356
149728,520,425,945,211,25,219,326.24,0.9711,0.5576,0.196606,9,18,63,268.77,0.8614,0.1081,0.008495,4.216
149737,520,469,989,181,78,168,332.65,0.6811,0.5218,0.181010,10,2,24,299.49,0.7894,0.0438,0.001739,4.465
149740,520,475,995,193,19,219,321.44,0.9741,0.5245,0.169192,9,0,6,338.03,1.0000,0.0273,0.000712,4.322
149741,520,369,889,242,90,9,40.97,0.9898,0.6063,0.262124,7,39,76,254.87,0.8182,0.1704,0.020179,4.448
149747,520,348,868,231,77,222,330.33,0.9054,0.6315,0.275729,27,43,67,258.28,0.4485,0.1851,0.023659,4.422
149766,520,374,894,214,78,207,329.89,0.8367,0.5965,0.242518,61,16,56,332.47,0.6947,0.1630,0.016483,4.400
149768,520,359,879,233,61,216,332.51,0.9273,0.6159,0.256215,77,13,26,14.50,0.8042,0.1779,0.019405,4.412
149776,520,431,951,209,27,206,329.06,0.9569,0.5459,0.187974,5,18,56,264.79,0.8635,0.0990,0.007504,4.138
149780,520,311,831,248,52,251,327.48,0.9878,0.6564,0.293803,55,30,109,291.99,0.7677,0.2191,0.028449,4.383
149783,520,384,904,229,25,220,330.50,0.9801,0.5898,0.225231,11,17,98,268.51,0.9614,0.1478,0.013538,4.332
149792,520,453,973,206,68,111,5.28,0.7508,0.5262,0.184059,24,0,36,312.80,1.0000,0.0650,0.003216,4.398
149814,520,416,936,203,24,247,317.59,0.9836,0.5650,0.200668,42,21,27,1.86,0.3747,0.1245,0.011078,4.104
149836,520,357,877,255,30,195,342.99,1.0000,0.6243,0.261321,34,34,78,279.98,0.5897,0.1759,0.020341,4.426
149880,520,415,935,252,31,42,26.53,0.9881,0.5729,0.218463,40,24,7,65.79,0.6174,0.1230,0.011198,4.387
149891,520,398,918,232,75,116,8.85,0.8191,0.5838,0.234517,45,28,18,51.16,0.3926,0.1420,0.014321,4.423
149906,520,365,885,218,93,188,337.86,0.7563,0.6120,0.263670,45,39,27,84.37,0.2578,0.1727,0.020881,4.425
149921,520,454,974,218,16,157,345.85,0.9640,0.5296,0.177128,19,11,19,326.48,0.2939,0.0696,0.004248,4.187
149929,520,479,999,182,58,182,327.90,0.7934,0.5064,0.163499,0,1,0,142.50,1.0000,0.0135,0.000217,4.252
149930,520,388,908,187,88,245,310.54,0.9157,0.5945,0.241377,46,32,13,73.13,0.5389,0.1524,0.016430,4.386
149955,520,460,980,157,83,226,304.58,0.8133,0.5333,0.188461,24,6,1,45.86,0.7981,0.0604,0.003267,4.477
149958,520,450,970,227,17,130,357.04,0.9675,0.5357,0.183463,17,11,21,311.31,0.3160,0.0683,0.004127,4.313
149963,520,408,928,240,61,64,25.13,0.9268,0.5725,0.222361,19,33,23,152.84,0.3851,0.1281,0.012880,4.331
149967,520,444,964,223,53,119,2.73,0.8529,0.5450,0.195687,25,16,1,82.94,0.8631,0.0823,0.005795,4.403
149987,520,385,905,242,35,173,346.68,0.9549,0.5912,0.230995,56,20,43,343.61,0.5714,0.1527,0.015156,4.313
149999,520,477,997,225,25,53,22.71,0.9733,0.5144,0.169627,0,3,4,211.91,1.0000,0.0247,0.000739,4.329
150011,520,449,969,153,81,239,300.60,0.8784,0.5358,0.188895,33,1,22,343.96,0.8446,0.0724,0.004030,4.422
150012,520,396,916,207,60,235,320.61,0.9229,0.5849,0.224969,20,28,69,271.29,0.6772,0.1427,0.014088,4.290
150015,520,456,976,215,68,1,38.09,0.9979,0.5264,0.185860,21,8,1,59.94,0.7719,0.0603,0.003353,4.421
150038,520,253,773,248,120,230,332.98,0.9578,0.7175,0.391050,21,75,49,158.53,0.8528,0.2742,0.054131,4.236
150050,520,473,993,194,1,219,321.86,0.9987,0.5216,0.166071,8,0,7,331.56,1.0000,0.0265,0.000670,4.264
150066,520,389,909,241,33,172,346.71,0.9569,0.5879,0.227701,12,37,56,244.25,0.6233,0.1520,0.016867,4.153
150067,520,322,842,243,64,241,328.54,0.9596,0.6505,0.290750,25,52,72,242.56,0.5144,0.2130,0.031304,4.191
150077,520,388,908,241,38,174,346.23,0.9481,0.5914,0.231460,50,13,63,315.86,0.7491,0.1453,0.013249,4.450
150086,520,472,992,217,49,64,21.98,0.9049,0.5156,0.173211,1,0,20,272.51,1.0000,0.0251,0.000570,4.414
150096,520,478,998,198,64,124,356.67,0.7416,0.5114,0.171297,4,0,7,315.09,1.0000,0.0210,0.000412,4.390
150099,520,388,908,235,84,23,38.78,0.9652,0.5857,0.240676,51,29,18,47.00,0.4581,0.1535,0.016263,4.387
150132,520,409,929,240,53,83,18.20,0.9233,0.5686,0.216992,22,33,18,137.60,0.4314,0.1291,0.013019,4.237
150137,520,407,927,161,97,237,301.89,0.8321,0.5687,0.222412,57,0,48,336.13,1.0000,0.1321,0.010834,4.478
150169,520,389,909,220,41,226,326.68,0.9562,0.5858,0.222946,2,42,19,153.32,0.9792,0.1476,0.017158,4.064
150172,520,22,542,246,247,251,274.97,0.3599,0.9726,0.930793,21,133,7,141.87,0.9962,0.4633,0.169491,4.468
150176,520,346,866,210,116,177,341.95,0.6091,0.6312,0.293684,5,54,33,159.39,0.9515,0.1935,0.027803,4.417
150177,520,422,942,162,86,241,302.88,0.8809,0.5559,0.206883,39,18,28,350.80,0.4121,0.1142,0.009478,4.319
150191,520,480,1000,187,15,209,322.30,0.9741,0.5052,0.155113,0,0,0,0.00,0.0000,0.0000,0.000000,4.102
150195,520,426,946,250,9,31,26.99,0.9964,0.5605,0.206220,18,18,54,278.59,0.6702,0.1058,0.008275,4.397
150196,520,475,995,223,9,128,356.72,0.9811,0.5247,0.174446,0,1,28,264.18,0.9870,0.0337,0.001055,4.396
150211,520,389,909,198,69,250,314.14,0.9679,0.5910,0.231654,1,39,56,232.90,0.9481,0.1534,0.017429,4.177
150213,520,269,789,245,134,152,10.59,0.7943,0.7047,0.387322,33,72,3,135.72,0.9890,0.2622,0.049645,4.389
150233,520,458,978,189,70,187,328.43,0.7692,0.5348,0.187884,31,0,8,5.97,1.0000,0.0616,0.003089,4.481
150244,520,425,945,234,62,20,33.79,0.9755,0.5575,0.209912,20,24,39,272.17,0.3324,0.1106,0.009485,4.369
150254,520,409,929,181,72,248,309.16,0.9490,0.5684,0.212367,21,14,85,276.43,0.9175,0.1335,0.011293,4.281
150266,520,416,936,246,46,36,28.91,0.9669,0.5688,0.216777,53,7,24,2.94,0.7601,0.1205,0.009749,4.465
150267,520,407,927,251,29,4,30.29,0.9974,0.5678,0.214004,37,15,69,297.19,0.7652,0.1344,0.011646,4.283
150283,520,417,937,241,22,140,356.60,0.9711,0.5693,0.211712,0,13,87,263.99,1.0039,0.1224,0.009759,4.379
150314,520,403,923,242,50,112,8.19,0.9171,0.5773,0.223315,18,22,72,273.40,0.7967,0.1308,0.011702,4.430
150328,520,396,916,224,75,135,359.38,0.7822,0.5755,0.226312,55,12,45,338.37,0.7012,0.1403,0.012647,4.411
150334,520,386,906,210,65,229,322.81,0.9067,0.5902,0.231411,65,10,19,16.74,0.8070,0.1474,0.013881,4.405
150338,520,380,900,207,71,242,318.54,0.9319,0.6006,0.241842,69,4,42,351.21,0.8459,0.1579,0.015194,4.477
150356,520,401,921,227,52,177,342.46,0.8893,0.5763,0.219638,33,16,77,288.83,0.8056,0.1390,0.012297,4.328
150358,520,419,939,163,103,201,310.89,0.6367,0.5569,0.217046,16,21,58,273.14,0.6904,0.1142,0.009519,4.487
150362,520,415,935,233,51,139,356.92,0.8860,0.5697,0.215582,53,10,2,35.24,0.9205,0.1191,0.009785,4.442
150379,520,235,755,228,147,247,319.82,0.9206,0.7440,0.440782,36,79,49,151.69,0.6869,0.2942,0.061886,4.386
150393,520,470,990,217,47,103,7.28,0.8648,0.5230,0.177665,5,3,21,285.36,0.7129,0.0394,0.001515,4.419
150410,520,50,570,207,245,255,215.42,1.0000,0.9374,0.857890,45,124,53,145.13,0.9232,0.4448,0.152297,4.488
150417,520,464,984,191,73,138,349.35,0.6869,0.5164,0.176781,16,2,25,311.46,0.7842,0.0508,0.002238,4.341
150430,520,412,932,244,19,117,4.67,0.9791,0.5663,0.209866,2,35,4,144.09,0.9872,0.1210,0.012237,4.175
150433,520,379,899,237,82,99,17.84,0.8541,0.5970,0.249429,44,36,0,96.57,1.0000,0.1584,0.017973,4.405
150435,520,467,987,216,41,102,6.81,0.8836,0.5161,0.171466,12,0,26,304.32,1.0000,0.0423,0.001528,4.298
150442,520,426,946,220,41,190,336.45,0.9194,0.5630,0.205216,41,17,18,18.37,0.4641,0.1119,0.009161,4.314
150445,520,173,693,243,184,127,64.71,0.7369,0.7953,0.548698,49,92,52,145.51,0.6727,0.3441,0.085550,4.417
150450,520,474,994,179,75,182,326.52,0.7226,0.5225,0.179944,0,1,29,264.19,0.9878,0.0346,0.001104,4.500
150464,520,448,968,219,64,79,19.85,0.8458,0.5374,0.192939,24,11,35,307.17,0.5675,0.0840,0.005549,4.373
150477,520,439,959,212,33,200,331.47,0.9401,0.5501,0.192570,13,20,24,233.48,0.2160,0.0869,0.006518,4.292
150489,520,436,956,237,13,106,7.00,0.9842,0.5469,0.193362,36,7,32,333.50,0.6767,0.0929,0.006314,4.322
150524,520,431,951,239,16,79,16.04,0.9854,0.5452,0.192891,19,10,66,280.65,0.8765,0.1045,0.007489,4.225
150528,520,336,856,253,18,231,333.31,0.9942,0.6374,0.270880,55,45,35,66.81,0.2193,0.2038,0.028104,4.108
150544,520,396,916,233,22,201,336.38,0.9787,0.5841,0.221172,21,36,27,157.37,0.3637,0.1401,0.015003,4.172
150549,520,448,968,223,37,135,355.31,0.9033,0.5389,0.187630,6,12,44,269.44,0.8033,0.0765,0.004835,4.334
150557,520,475,995,169,36,251,306.77,0.9801,0.5219,0.166626,8,0,13,316.36,1.0000,0.0295,0.000807,4.264
150563,520,39,559,239,251,156,114.55,0.9349,0.9514,0.897455,11,130,10,142.55,0.9953,0.4520,0.160576,4.499
150565,520,433,953,139,99,237,292.91,0.8281,0.5470,0.205270,35,14,34,328.94,0.5178,0.1036,0.007869,4.411
150567,520,42,562,239,239,244,286.27,0.1994,0.9459,0.866153,24,127,11,141.78,0.9933,0.4442,0.153965,4.492
150568,520,385,905,228,81,141,358.61,0.7783,0.5922,0.243045,13,42,19,148.14,0.8409,0.1523,0.017884,4.317
150576,520,160,680,253,176,223,342.40,0.9648,0.8185,0.572629,11,98,34,146.69,0.9869,0.3462,0.089216,4.472
150582,520,433,953,244,15,8,29.28,0.9943,0.5479,0.195958,25,11,57,291.10,0.7734,0.1028,0.007414,4.284
150594,520,473,993,224,37,60,21.93,0.9475,0.5200,0.174995,10,2,6,344.91,0.5358,0.0346,0.001211,4.393
150600,520,361,881,241,26,237,329.22,0.9885,0.6224,0.255567,14,47,59,225.52,0.6479,0.1847,0.024421,4.106
150618,520,431,951,207,45,194,331.83,0.8924,0.5450,0.190391,38,17,6,48.16,0.6176,0.1043,0.008262,4.126
150630,520,14,534,242,252,243,148.41,0.6317,0.9780,0.949688,63,131,14,136.40,0.9842,0.4714,0.173205,4.479
150639,520,422,942,227,29,171,343.75,0.9465,0.5589,0.201525,23,16,54,286.97,0.6740,0.1064,0.008191,4.322
150642,520,386,906,239,3,191,340.39,0.9974,0.5851,0.221804,58,16,39,349.67,0.6419,0.1481,0.014167,4.236
150643,520,406,926,208,50,238,320.45,0.9449,0.5805,0.218659,30,31,5,111.34,0.7445,0.1283,0.012670,4.287
150646,520,319,839,208,130,167,350.29,0.5122,0.6501,0.321666,47,55,19,120.19,0.6506,0.2198,0.033837,4.433
150647,520,398,918,254,7,95,12.66,0.9955,0.5781,0.220528,33,33,24,107.55,0.1973,0.1413,0.014770,4.177
150660,520,445,965,213,58,147,349.93,0.8099,0.5418,0.192811,6,14,39,266.57,0.6975,0.0766,0.004993,4.415
150668,520,376,896,234,20,229,329.50,0.9890,0.6029,0.236525,73,7,6,27.78,0.9391,0.1594,0.015818,4.353
150671,520,416,936,188,75,234,314.41,0.8802,0.5711,0.216651,54,4,35,347.89,0.8063,0.1234,0.009926,4.450
150676,520,374,894,230,42,215,332.00,0.9543,0.5964,0.233877,23,3,116,273.33,0.9937,0.1640,0.015081,4.362
150684,520,441,961,167,69,246,305.25,0.9370,0.5441,0.191262,33,12,4,44.05,0.6588,0.0861,0.005951,4.312
150687,520,440,960,181,58,238,312.23,0.9148,0.5456,0.190239,29,11,40,310.68,0.6268,0.0938,0.006538,4.249
150696,520,479,999,194,23,197,327.44,0.9485,0.5114,0.161150,1,0,0,29.23,1.0000,0.0090,0.000065,4.218
150700,520,336,856,250,59,212,337.70,0.9713,0.6412,0.282085,61,32,71,316.90,0.5422,0.1991,0.024801,4.440
150704,520,454,974,157,79,235,303.10,0.8628,0.5347,0.187587,16,9,28,298.93,0.5186,0.0671,0.003894,4.408
150706,520,408,928,135,118,217,289.39,0.6612,0.5654,0.231174,8,33,41,222.25,0.6338,0.1294,0.012994,4.464
150718,520,369,889,245,49,179,345.93,0.9360,0.6080,0.248669,65,28,2,51.66,0.8972,0.1727,0.019589,4.292
150719,520,361,881,243,6,242,328.58,0.9981,0.6245,0.255985,9,42,82,255.68,0.8098,0.1844,0.023231,4.178
150727,520,328,848,177,131,233,303.51,0.7318,0.6460,0.314633,12,53,74,235.69,0.7478,0.2114,0.031186,4.491
150734,520,451,971,199,57,193,329.80,0.8402,0.5408,0.189203,8,16,6,138.59,0.4992,0.0669,0.004353,4.401
150765,520,398,918,239,52,119,5.43,0.9022,0.5751,0.221417,11,40,8,141.73,0.9389,0.1427,0.016062,4.109
150788,520,342,862,252,54,185,345.81,0.9761,0.6272,0.268399,7,55,11,144.07,0.9790,0.1932,0.028016,4.081
150800,520,428,948,227,27,179,341.27,0.9554,0.5623,0.203720,3,27,16,161.35,0.8815,0.0979,0.008406,4.344
150805,520,434,954,208,72,151,348.25,0.7495,0.5501,0.202810,5,27,9,147.97,0.8947,0.0974,0.008358,4.332
150813,520,468,988,198,72,106,7.15,0.7090,0.5153,0.176830,11,0,30,297.47,1.0000,0.0444,0.001649,4.392
150814,520,463,983,195,6,227,320.17,0.9938,0.5308,0.172799,1,7,25,259.64,0.8422,0.0478,0.002286,4.261
150815,520,368,888,234,79,160,351.91,0.8229,0.6076,0.256251,77,11,11,26.33,0.9022,0.1729,0.018416,4.476
150821,520,440,960,216,59,148,350.37,0.8150,0.5487,0.198673,45,0,10,12.45,1.0000,0.0898,0.005799,4.457
150827,520,431,951,210,42,190,333.83,0.9005,0.5457,0.190773,0,27,28,198.12,1.0000,0.1005,0.008677,4.103
150837,520,109,629,212,215,250,281.50,0.7641,0.8695,0.694998,33,109,61,151.97,0.9052,0.3935,0.115971,4.489
150839,520,437,957,229,50,100,10.66,0.8907,0.5484,0.198622,20,9,57,285.66,0.8244,0.0946,0.006395,4.409
150840,520,407,927,241,44,109,8.49,0.9295,0.5701,0.216095,37,26,39,321.17,0.2856,0.1339,0.012786,4.238
150841,520,212,732,246,143,255,324.17,1.0000,0.7640,0.464597,6,89,9,142.95,0.9944,0.3119,0.072029,4.217
150858,520,392,912,222,100,33,44.85,0.9074,0.5872,0.247562,38,34,34,17.55,0.0598,0.1531,0.016716,4.460
150868,520,385,905,229,90,63,32.92,0.8521,0.5869,0.243319,32,35,26,122.61,0.1941,0.1465,0.015837,4.455
150875,520,421,941,177,69,250,307.68,0.9630,0.5610,0.205063,9,30,3,138.35,0.9527,0.1080,0.009932,4.256
150877,520,457,977,217,42,140,352.42,0.8726,0.5327,0.183035,22,4,14,346.53,0.6002,0.0574,0.002891,4.406
150887,520,474,994,159,84,196,313.12,0.6989,0.5157,0.176977,9,2,0,53.71,1.0000,0.0309,0.001015,4.449
150889,520,330,850,250,1,248,328.80,0.9998,0.6400,0.271260,41,53,32,132.48,0.3927,0.2106,0.031219,3.955
150897,520,407,927,244,48,72,21.14,0.9464,0.5707,0.218183,41,5,73,301.73,0.9008,0.1314,0.010610,4.425
150898,520,433,953,197,62,199,327.31,0.8333,0.5463,0.194407,31,13,42,310.84,0.6041,0.1011,0.007463,4.253
150903,520,471,991,173,53,223,313.46,0.8901,0.5168,0.167591,8,4,16,300.63,0.5194,0.0421,0.001759,4.204
150906,520,354,874,242,95,74,30.66,0.9061,0.6188,0.275591,12,47,42,182.19,0.7048,0.1756,0.022783,4.473
150908,520,332,852,237,117,57,44.83,0.8704,0.6431,0.310252,15,57,11,141.87,0.9619,0.2029,0.030519,4.474
150913,520,480,1000,211,42,109,3.21,0.8626,0.5091,0.166113,0,0,0,0.00,0.0000,0.0000,0.000000,4.322
150915,520,479,999,220,2,108,3.07,0.9956,0.5096,0.163444,1,0,5,292.48,1.0000,0.0142,0.000174,4.254
150920,520,452,972,213,52,127,357.36,0.8259,0.5278,0.181367,2,5,54,266.86,0.9714,0.0707,0.003878,4.294
150925,520,468,988,162,43,250,304.50,0.9739,0.5158,0.163119,6,5,3,88.28,0.2067,0.0374,0.001538,4.135
150934,520,408,928,238,65,60,26.90,0.9204,0.5721,0.222871,44,7,66,308.71,0.8386,0.1314,0.010808,4.487
150950,520,334,854,209,96,251,315.70,0.9670,0.6399,0.288875,70,39,0,65.93,1.0000,0.2049,0.027533,4.371
150962,520,471,991,233,8,24,27.54,0.9957,0.5232,0.175664,13,3,6,356.83,0.4854,0.0406,0.001639,4.370
150965,520,437,957,191,38,249,313.57,0.9716,0.5544,0.193034,13,22,25,220.50,0.2457,0.0927,0.007296,4.242
150974,520,372,892,187,101,236,311.47,0.8377,0.6072,0.259292,53,35,10,72.33,0.6692,0.1697,0.019809,4.431
150975,520,466,986,179,30,233,313.85,0.9609,0.5177,0.163965,13,1,37,293.14,0.9374,0.0546,0.002408,4.083
150982,520,331,851,246,63,213,336.55,0.9508,0.6381,0.279549,57,42,41,22.89,0.1906,0.2006,0.026860,4.288
150983,520,363,883,192,102,227,315.60,0.7961,0.6095,0.262563,25,47,11,135.27,0.8677,0.1745,0.022638,4.303
150999,520,445,965,215,58,131,356.83,0.8107,0.5388,0.191142,40,3,0,33.64,1.0000,0.0822,0.005163,4.371
151003,520,425,945,247,26,69,20.10,0.9803,0.5636,0.209462,36,20,4,65.19,0.6948,0.1072,0.008842,4.409
151011,520,477,997,221,8,91,9.51,0.9860,0.5080,0.163039,2,0,6,302.89,1.0000,0.0170,0.000261,4.239
151014,520,479,999,219,36,69,18.68,0.9355,0.5106,0.167542,0,0,4,264.05,1.0000,0.0106,0.000088,4.343
151018,520,452,972,167,83,207,313.32,0.7461,0.5328,0.189078,22,13,5,65.27,0.4542,0.0728,0.004694,4.371
151021,520,363,883,240,85,124,8.72,0.8456,0.6128,0.264805,20,46,27,150.90,0.6398,0.1712,0.021818,4.383
151026,520,160,680,255,180,187,12.94,1.0000,0.8165,0.574925,29,98,36,144.83,0.9502,0.3512,0.091236,4.425
151032,520,437,957,204,66,184,334.23,0.8039,0.5531,0.201963,5,18,39,258.41,0.6786,0.0851,0.006113,4.490
151036,520,305,825,253,87,205,341.25,0.9832,0.6694,0.321099,66,45,62,333.37,0.2971,0.2290,0.033829,4.427
151037,520,188,708,231,168,252,317.47,0.9578,0.7895,0.520236,68,83,66,141.81,0.2342,0.3349,0.078087,4.452
151041,520,422,942,241,10,129,359.92,0.9884,0.5619,0.205061,17,18,64,275.66,0.7836,0.1142,0.009219,4.307
151042,520,398,918,209,56,233,321.77,0.9290,0.5832,0.222686,31,5,91,284.35,0.9598,0.1394,0.011551,4.430
151045,520,212,732,215,186,2,97.80,0.9951,0.7557,0.495704,0,90,3,142.82,1.0000,0.3139,0.073186,4.430
151055,520,424,944,203,73,189,332.31,0.7880,0.5623,0.211374,19,27,33,240.93,0.2219,0.1146,0.010321,4.333
151059,520,319,839,239,88,213,335.21,0.9044,0.6518,0.301368,67,41,59,338.85,0.3509,0.2199,0.030951,4.341
151084,520,392,912,242,55,148,355.85,0.9019,0.5934,0.237509,25,34,46,255.77,0.2787,0.1457,0.015480,4.391
151096,520,210,730,205,182,189,357.37,0.1948,0.7648,0.501097,18,89,11,141.89,0.9863,0.3145,0.072972,4.481
151111,520,340,860,238,92,180,346.48,0.8422,0.6390,0.291294,21,49,73,246.76,0.5791,0.2026,0.028370,4.355
151115,520,466,986,181,31,234,314.19,0.9605,0.5222,0.167454,5,6,21,276.68,0.5543,0.0468,0.002167,4.168
151125,520,309,829,247,69,241,329.48,0.9701,0.6613,0.303840,22,43,109,266.24,0.8327,0.2170,0.030023,4.422
151128,520,388,908,222,46,228,326.65,0.9519,0.5937,0.230872,17,39,40,199.38,0.4454,0.1518,0.017234,4.178
151131,520,338,858,252,100,62,35.14,0.9745,0.6420,0.301610,7,56,12,144.34,0.9792,0.1968,0.028999,4.451
151136,520,448,968,210,48,165,341.97,0.8503,0.5360,0.185343,10,12,39,275.83,0.6587,0.0752,0.004739,4.299
151139,520,415,935,239,35,135,358.45,0.9416,0.5692,0.213052,24,10,77,281.93,0.9029,0.1214,0.009471,4.423
151147,520,285,805,254,97,216,338.44,0.9924,0.6882,0.345811,20,69,41,154.71,0.8613,0.2515,0.045649,4.138
151159,520,400,920,222,57,195,335.66,0.8872,0.5814,0.223983,6,37,34,186.03,0.7648,0.1376,0.014773,4.230
151167,520,470,990,213,11,155,345.23,0.9720,0.5174,0.167544,1,0,34,267.98,1.0000,0.0378,0.001219,4.247
151172,520,37,557,227,243,250,225.72,0.5789,0.9468,0.873337,76,122,47,135.08,0.8116,0.4541,0.156605,4.469
151173,520,397,917,220,40,225,326.94,0.9570,0.5845,0.221716,63,12,14,23.00,0.8060,0.1444,0.013516,4.278
151210,520,456,976,166,54,248,305.57,0.9594,0.5287,0.175233,2,13,23,242.09,0.6812,0.0610,0.003626,4.200
151221,520,382,902,228,79,163,349.30,0.7989,0.5985,0.247328,16,17,109,269.85,0.9657,0.1646,0.016151,4.495
151229,520,470,990,188,70,155,340.30,0.7118,0.5153,0.174398,14,2,4,6.91,0.6138,0.0384,0.001456,4.361
151230,520,351,871,244,49,228,332.04,0.9667,0.6331,0.270340,31,29,110,275.45,0.8685,0.1947,0.022957,4.391
151232,520,389,909,245,63,85,19.50,0.9334,0.5878,0.236267,18,40,35,177.40,0.4583,0.1534,0.017675,4.230
151244,520,375,895,245,18,194,340.98,0.9871,0.6011,0.237433,36,31,66,287.79,0.5091,0.1614,0.017484,4.259
151266,520,434,954,224,16,175,341.63,0.9741,0.5506,0.193156,16,13,60,278.09,0.8233,0.1003,0.007242,4.248
151285,520,396,916,223,16,220,329.06,0.9874,0.5764,0.212282,26,36,28,150.67,0.2478,0.1444,0.015652,3.995
151292,520,378,898,219,49,242,322.47,0.9582,0.6005,0.236695,61,14,50,338.48,0.7046,0.1568,0.015366,4.386
151316,520,443,963,212,72,110,7.68,0.7558,0.5418,0.197598,22,13,24,320.15,0.3365,0.0792,0.005244,4.482
151317,520,432,952,235,38,86,14.95,0.9430,0.5483,0.197234,43,12,5,35.56,0.7459,0.1034,0.007876,4.272
151333,520,472,992,182,76,166,333.81,0.6888,0.5194,0.178684,9,1,15,313.25,0.7806,0.0347,0.001143,4.471
151361,520,364,884,255,18,163,352.00,1.0000,0.6052,0.243406,34,41,31,136.32,0.2167,0.1675,0.020249,4.177
151369,520,443,963,216,10,191,334.98,0.9847,0.5434,0.185799,15,13,31,286.98,0.4569,0.0758,0.004883,4.296
151372,520,397,917,205,93,164,343.83,0.6668,0.5800,0.234899,47,24,37,345.70,0.3989,0.1426,0.013912,4.458
151379,520,466,986,199,81,64,30.54,0.7555,0.5201,0.183991,13,3,29,298.75,0.7748,0.0525,0.002394,4.466
151382,520,479,999,185,31,206,322.28,0.9303,0.5063,0.157519,0,1,1,194.77,1.0000,0.0143,0.000239,4.131
151384,520,418,938,222,74,79,22.49,0.8278,0.5550,0.209942,49,14,12,26.11,0.6732,0.1191,0.009937,4.337
151386,520,385,905,208,80,209,327.43,0.8228,0.5906,0.237524,13,36,53,243.12,0.5808,0.1476,0.016043,4.354
151404,520,473,993,172,36,242,309.56,0.9571,0.5182,0.164441,6,0,22,294.92,1.0000,0.0330,0.000966,4.207
151435,520,447,967,241,18,36,26.42,0.9901,0.5439,0.192642,19,16,11,80.46,0.1860,0.0778,0.005332,4.385
151449,520,401,921,190,97,189,327.70,0.6639,0.5762,0.231719,7,36,44,219.54,0.7021,0.1396,0.014887,4.342
151463,520,395,915,253,48,69,22.46,0.9886,0.5883,0.234299,62,10,30,2.03,0.7520,0.1445,0.013351,4.488
151466,520,459,979,138,97,219,295.97,0.7395,0.5285,0.190672,4,12,25,256.40,0.5555,0.0614,0.003589,4.491
151469,520,269,789,254,106,211,340.48,0.9908,0.6974,0.360850,81,40,99,314.40,0.6176,0.2629,0.041679,4.481
151482,520,477,997,204,48,125,355.72,0.8175,0.5063,0.164340,9,0,0,29.23,1.0000,0.0242,0.000581,4.238
151489,520,404,924,233,45,180,342.75,0.9229,0.5837,0.224984,44,19,48,321.94,0.5597,0.1343,0.012147,4.425
151491,520,406,926,211,50,232,322.70,0.9400,0.5810,0.219581,26,30,25,139.43,0.1328,0.1259,0.012183,4.335
151493,520,448,968,219,75,16,38.47,0.9681,0.5435,0.201322,12,20,10,139.46,0.4026,0.0815,0.006004,4.488
151498,520,334,854,196,112,236,313.72,0.8264,0.6366,0.293812,13,55,16,144.32,0.9517,0.1959,0.028552,4.377
151499,520,445,965,197,56,202,326.52,0.8581,0.5423,0.189645,13,18,29,265.29,0.3197,0.0843,0.006069,4.274
151508,520,455,975,226,37,106,6.59,0.9172,0.5347,0.185353,11,2,44,284.03,0.9353,0.0614,0.002964,4.444
151516,520,425,945,203,28,240,319.09,0.9760,0.5611,0.198199,33,5,59,302.14,0.8616,0.1061,0.007477,4.318
151528,520,376,896,200,76,251,314.14,0.9718,0.6022,0.244146,54,12,75,311.37,0.8044,0.1607,0.015553,4.487
151534,520,250,770,246,119,235,330.76,0.9530,0.7157,0.387870,4,67,96,236.10,0.9244,0.2662,0.048844,4.430
151540,520,418,938,178,77,233,311.17,0.8658,0.5586,0.206568,8,20,68,267.12,0.8827,0.1167,0.009692,4.298
151541,520,361,881,247,44,208,337.89,0.9637,0.6236,0.261327,51,22,88,299.17,0.7596,0.1812,0.019822,4.459
151561,520,461,981,234,13,40,25.28,0.9919,0.5278,0.179367,25,1,1,27.08,0.9375,0.0510,0.002306,4.385
151565,520,338,858,230,111,135,9.15,0.7132,0.6373,0.299435,8,56,23,149.20,0.9605,0.1989,0.029417,4.400
151576,520,424,944,175,80,236,309.19,0.8715,0.5607,0.209082,2,5,85,265.51,0.9907,0.1101,0.007773,4.485
151583,520,313,833,224,112,210,332.21,0.7858,0.6604,0.320907,46,51,64,268.52,0.1865,0.2218,0.033186,4.459
151601,520,385,905,215,66,217,327.39,0.8895,0.5912,0.233552,0,37,63,244.53,1.0000,0.1518,0.016819,4.244
151614,520,403,923,194,88,205,323.80,0.7573,0.5776,0.228579,33,31,14,102.51,0.4392,0.1332,0.013350,4.397
151615,520,247,767,240,128,237,328.23,0.9223,0.7221,0.400801,23,77,12,140.74,0.9759,0.2751,0.055163,4.287
151630,520,391,911,244,5,188,342.33,0.9962,0.5933,0.229756,25,19,87,277.81,0.8694,0.1467,0.013605,4.398
151635,520,444,964,199,68,173,336.62,0.7692,0.5408,0.192952,6,0,69,270.21,1.0000,0.0833,0.004684,4.443
151638,520,476,996,181,67,175,329.88,0.7448,0.5109,0.169345,6,0,6,328.36,1.0000,0.0233,0.000519,4.342
151647,520,466,986,223,43,35,28.62,0.9524,0.5191,0.175399,9,4,31,287.15,0.7710,0.0525,0.002438,4.298
151648,520,433,953,186,81,198,323.46,0.7494,0.5514,0.204024,18,15,56,280.35,0.7395,0.1017,0.007557,4.413
151650,520,441,961,116,102,247,282.50,0.9165,0.5383,0.199307,29,4,54,301.24,0.8685,0.0945,0.006144,4.440
151651,520,414,934,244,9,127,1.10,0.9905,0.5671,0.209641,40,21,34,339.53,0.3833,0.1245,0.011030,4.254
151665,520,438,958,237,26,89,13.24,0.9674,0.5468,0.194678,0,27,11,155.32,1.0000,0.0948,0.008080,4.213
151668,520,467,987,192,6,216,322.01,0.9916,0.5170,0.162961,20,0,1,22.02,1.0000,0.0404,0.001509,4.134
151672,520,399,919,232,38,193,338.50,0.9468,0.5847,0.223950,53,16,41,342.19,0.6181,0.1401,0.012877,4.357
151676,520,383,903,235,20,226,330.45,0.9886,0.6027,0.236561,1,27,91,262.51,0.9859,0.1532,0.015455,4.378
151689,520,410,930,248,16,88,14.33,0.9879,0.5660,0.210352,12,20,80,269.44,0.9077,0.1317,0.011576,4.228
151693,520,374,894,238,88,11,40.71,0.9860,0.5963,0.251838,46,33,17,71.22,0.4437,0.1557,0.017091,4.499
151694,520,112,632,237,209,224,344.33,0.4635,0.8699,0.689880,13,110,51,150.19,0.9827,0.3898,0.114759,4.491
151699,520,378,898,235,85,102,17.25,0.8331,0.5980,0.251213,51,34,14,68.91,0.5569,0.1648,0.018796,4.378
151710,520,374,894,252,26,154,354.37,0.9764,0.5981,0.237708,51,21,62,316.06,0.6345,0.1579,0.015880,4.367
151712,520,393,913,244,23,168,348.35,0.9756,0.5876,0.226762,32,33,27,114.91,0.1265,0.1411,0.014739,4.275
151743,520,439,959,201,23,227,321.64,0.9748,0.5456,0.185780,26,16,31,313.97,0.3792,0.0937,0.006891,4.144
151752,520,319,839,245,108,109,22.03,0.8746,0.6500,0.312447,64,45,37,43.84,0.2750,0.2165,0.031004,4.474
151764,520,427,947,242,44,7,31.69,0.9941,0.5577,0.206973,37,12,31,337.38,0.5581,0.1017,0.007552,4.465
151795,520,75,595,232,224,254,297.78,0.8994,0.9093,0.776229,23,119,44,146.30,0.9766,0.4204,0.135571,4.452
151812,520,413,933,252,7,68,19.89,0.9963,0.5686,0.212685,10,24,57,264.29,0.7227,0.1166,0.010132,4.369
151816,520,446,966,221,68,27,34.97,0.9483,0.5391,0.195882,31,10,19,354.64,0.4941,0.0837,0.005554,4.426
151825,520,452,972,203,65,148,347.46,0.7612,0.5317,0.186172,27,7,22,337.72,0.5627,0.0738,0.004429,4.339
151839,520,467,987,191,66,155,341.04,0.7361,0.5153,0.173410,2,0,35,271.22,1.0000,0.0399,0.001342,4.351
151840,520,470,990,212,65,32,33.87,0.9260,0.5184,0.178843,9,5,0,86.83,1.0000,0.0394,0.001666,4.429
151848,520,380,900,228,95,99,21.08,0.7750,0.5992,0.255818,9,45,32,165.24,0.8209,0.1642,0.020391,4.345
151855,520,447,967,224,43,127,358.88,0.8864,0.5418,0.191100,41,0,15,2.51,1.0000,0.0830,0.005060,4.379
151858,520,357,877,224,80,223,328.10,0.8887,0.6243,0.269144,31,41,57,259.63,0.3020,0.1764,0.021725,4.450
151860,520,404,924,255,30,47,25.66,1.0000,0.5792,0.223976,47,19,25,7.80,0.4816,0.1279,0.011404,4.462
151873,520,424,944,252,8,34,26.59,0.9969,0.5648,0.209884,43,13,14,20.43,0.5985,0.1070,0.008332,4.455
151876,520,444,964,189,53,215,320.57,0.8845,0.5356,0.182727,35,2,19,351.95,0.8005,0.0765,0.004478,4.272
151882,520,437,957,236,43,39,27.98,0.9613,0.5464,0.197103,18,20,16,128.98,0.1229,0.0882,0.006663,4.361
151894,520,148,668,205,203,231,288.83,0.3938,0.8283,0.614604,8,102,53,152.96,0.9854,0.3627,0.098110,4.487
151898,520,446,966,206,74,136,354.62,0.7258,0.5428,0.197989,19,15,18,334.71,0.1245,0.0777,0.005238,4.489
151914,520,402,922,246,39,134,0.32,0.9452,0.5848,0.227684,22,31,26,160.47,0.2139,0.1255,0.012251,4.461
151915,520,358,878,248,48,185,344.74,0.9512,0.6158,0.255763,67,21,58,336.05,0.6516,0.1819,0.020353,4.346
151917,520,83,603,199,231,253,238.06,0.8407,0.8973,0.763848,10,118,40,146.47,0.9921,0.4143,0.131740,4.478
151919,520,423,943,225,65,127,1.45,0.8186,0.5632,0.213231,36,22,0,78.32,1.0000,0.1111,0.009489,4.425
151924,520,347,867,215,105,197,333.90,0.7251,0.6297,0.285832,2,44,90,254.76,0.9504,0.1943,0.025523,4.447
151926,520,369,889,235,42,216,332.95,0.9599,0.6058,0.242786,45,12,96,292.88,0.8901,0.1689,0.016654,4.393
151930,520,248,768,216,157,172,2.21,0.4351,0.7166,0.416927,17,79,31,147.07,0.9602,0.2823,0.058098,4.319
151932,520,330,850,246,99,101,22.34,0.9019,0.6365,0.294592,18,50,79,248.75,0.6581,0.2081,0.029742,4.321
151941,520,358,878,212,125,11,63.12,0.9649,0.6161,0.286904,2,53,7,144.20,0.9942,0.1841,0.025743,4.448
151950,520,389,909,237,37,192,339.95,0.9543,0.5927,0.231363,13,41,16,145.71,0.8657,0.1483,0.017088,4.194
151979,520,469,989,143,69,249,296.54,0.9562,0.5160,0.169356,0,4,22,259.88,1.0000,0.0374,0.001448,4.264
151984,520,459,979,192,23,228,318.92,0.9727,0.5313,0.174221,11,12,11,145.44,0.0453,0.0609,0.003583,4.185
151985,520,430,950,211,37,194,332.91,0.9217,0.5468,0.190691,38,7,35,331.81,0.6979,0.0980,0.006854,4.233
151995,520,453,973,153,77,233,302.28,0.8578,0.5251,0.179636,22,2,43,301.57,0.8929,0.0721,0.003884,4.262
151997,520,332,852,255,0,229,334.19,1.0000,0.6364,0.269204,58,38,64,318.22,0.3904,0.2030,0.026560,4.169
152006,520,441,961,185,47,238,313.95,0.9362,0.5421,0.185215,9,12,53,272.62,0.8487,0.0867,0.005780,4.217
152007,520,479,999,139,63,253,295.06,0.9861,0.5077,0.161359,0,1,0,142.50,1.0000,0.0135,0.000217,4.209
152033,520,366,886,241,3,226,331.84,0.9987,0.6098,0.242597,38,1,112,283.66,0.9949,0.1701,0.016036,4.431
152035,520,480,1000,223,25,49,23.60,0.9736,0.5096,0.166078,0,0,0,0.00,0.0000,0.0000,0.000000,4.322
152040,520,12,532,253,253,241,106.68,0.7791,0.9893,0.974842,23,136,2,141.55,0.9989,0.4733,0.177941,4.496
152049,520,421,941,215,40,204,331.14,0.9307,0.5620,0.203264,27,13,59,291.63,0.7517,0.1099,0.008366,4.339
152053,520,361,881,226,48,255,321.35,1.0000,0.6206,0.255048,42,42,36,107.06,0.1045,0.1803,0.022755,4.193
152054,520,268,788,232,123,225,329.64,0.8594,0.6968,0.367599,2,65,101,242.11,0.9558,0.2632,0.047328,4.291
152068,520,389,909,244,26,176,346.01,0.9730,0.5925,0.231096,12,30,72,263.92,0.7821,0.1454,0.014745,4.342
152072,520,476,996,102,91,255,279.20,1.0000,0.5134,0.175264,0,1,3,247.65,1.0000,0.0159,0.000283,4.480
152073,520,343,863,243,2,246,327.69,0.9994,0.6266,0.257547,55,39,42,6.21,0.2089,0.1907,0.024305,4.139
152076,520,466,986,220,53,14,33.27,0.9798,0.5202,0.177962,4,10,17,247.30,0.4092,0.0529,0.002834,4.315
152077,520,411,931,201,25,252,315.97,0.9868,0.5663,0.201425,2,8,87,265.38,0.9856,0.1168,0.008746,4.280
152078,520,455,975,217,14,157,345.58,0.9681,0.5270,0.175025,14,10,6,70.69,0.2366,0.0578,0.003236,4.227
152087,520,319,839,219,121,173,348.12,0.6312,0.6512,0.317538,60,49,29,81.78,0.3866,0.2194,0.032461,4.457
152105,520,341,861,243,63,213,335.83,0.9371,0.6329,0.274166,25,41,91,267.27,0.6986,0.1970,0.025478,4.295
152123,520,480,1000,167,14,247,307.57,0.9890,0.5054,0.152457,0,0,0,0.00,0.0000,0.0000,0.000000,4.049
152134,520,448,968,173,86,192,320.17,0.6921,0.5359,0.193465,19,7,49,289.54,0.8043,0.0828,0.005122,4.417
152135,520,407,927,221,53,189,337.17,0.8874,0.5729,0.215948,13,33,44,234.68,0.5076,0.1335,0.013551,4.185
152145,520,372,892,219,74,218,328.15,0.8811,0.6066,0.250216,22,34,81,269.08,0.7065,0.1690,0.019086,4.346
152153,520,400,920,223,78,145,355.33,0.7712,0.5812,0.231835,44,28,23,38.08,0.2978,0.1419,0.014279,4.385
152190,520,374,894,253,61,61,26.21,0.9889,0.5977,0.245607,38,30,58,295.70,0.4377,0.1556,0.016461,4.448
152191,520,433,953,239,32,87,14.54,0.9597,0.5533,0.200751,28,17,33,314.83,0.3895,0.0993,0.007576,4.355
152194,520,413,933,192,83,214,320.58,0.7982,0.5733,0.222493,9,33,18,153.76,0.7477,0.1207,0.011894,4.403
152197,520,452,972,182,81,175,330.22,0.6842,0.5316,0.189263,15,13,11,67.43,0.0893,0.0668,0.004136,4.420
152210,520,421,941,221,26,194,335.43,0.9601,0.5594,0.200084,38,3,56,310.72,0.8846,0.1079,0.007628,4.340
152220,520,407,927,217,74,165,345.22,0.7818,0.5745,0.223681,44,15,51,319.42,0.6531,0.1296,0.011162,4.475
152224,520,461,981,202,42,186,332.83,0.8824,0.5291,0.177595,13,5,14,323.32,0.4285,0.0485,0.002258,4.355
152247,520,345,865,251,57,180,347.25,0.9665,0.6253,0.267341,70,29,37,9.57,0.5233,0.1910,0.023146,4.338
152266,520,462,982,159,70,244,302.87,0.9241,0.5329,0.182834,9,4,31,287.15,0.7710,0.0525,0.002438,4.440
152277,520,419,939,228,56,118,4.40,0.8591,0.5570,0.206331,36,16,31,336.99,0.4502,0.1072,0.008446,4.386
152278,520,428,948,230,31,161,347.67,0.9414,0.5606,0.203789,22,18,39,290.90,0.4479,0.0982,0.007497,4.414
152295,520,418,938,213,4,228,324.68,0.9969,0.5620,0.198364,13,33,24,163.00,0.5326,0.1245,0.012392,3.981
152300,520,422,942,250,18,45,25.15,0.9913,0.5639,0.209498,19,30,4,128.59,0.8395,0.1147,0.010757,4.271
152311,520,400,920,207,99,128,4.91,0.6138,0.5787,0.237495,24,35,32,176.27,0.2153,0.1412,0.015005,4.423
152313,520,448,968,157,82,233,303.18,0.8465,0.5374,0.190863,36,4,7,18.19,0.7868,0.0781,0.004773,4.397
152320,520,240,760,252,135,184,354.78,0.9216,0.7273,0.414868,41,76,36,141.28,0.7286,0.2844,0.057675,4.317
152328,520,375,895,232,29,226,329.73,0.9794,0.6006,0.235280,23,25,92,273.77,0.8607,0.1613,0.016500,4.290
152352,520,399,919,243,29,156,352.03,0.9624,0.5826,0.223369,17,38,30,167.23,0.4813,0.1446,0.015991,4.143
152367,520,425,945,245,12,78,16.78,0.9913,0.5566,0.202290,23,19,45,288.26,0.5109,0.1055,0.008374,4.322
152394,520,358,878,253,2,209,338.67,0.9991,0.6212,0.255329,46,41,14,98.96,0.6028,0.1767,0.021985,4.242
152395,520,14,534,246,255,200,115.28,1.0000,0.9765,0.952830,19,134,38,144.72,0.9885,0.4683,0.173278,4.491
152404,520,330,850,222,119,130,14.26,0.6352,0.6372,0.303371,13,58,41,163.94,0.8459,0.2120,0.032716,4.272
152406,520,457,977,216,36,146,349.69,0.8932,0.5294,0.179384,18,7,18,326.92,0.4338,0.0601,0.003242,4.308
152409,520,445,965,184,81,181,328.66,0.7022,0.5381,0.194127,27,6,39,310.91,0.7349,0.0823,0.005098,4.431
152411,520,472,992,224,5,115,1.41,0.9900,0.5210,0.171964,2,4,4,196.09,0.2307,0.0305,0.001085,4.345
152419,520,435,955,210,65,161,344.22,0.7895,0.5502,0.200575,6,12,55,269.23,0.8968,0.0867,0.005775,4.493
152430,520,468,988,180,16,244,312.00,0.9871,0.5231,0.166066,17,3,3,22.49,0.6139,0.0445,0.001909,4.162
152431,520,453,973,213,63,84,17.15,0.8210,0.5259,0.183436,5,19,3,140.03,0.8976,0.0720,0.005046,4.241
152435,520,442,962,149,77,255,296.73,1.0000,0.5391,0.189175,38,3,21,352.44,0.7778,0.0845,0.005314,4.324
152449,520,457,977,232,27,64,20.40,0.9707,0.5318,0.183129,8,11,18,265.80,0.2608,0.0589,0.003346,4.370
152450,520,474,994,172,15,251,308.22,0.9894,0.5170,0.160782,5,2,12,300.16,0.6146,0.0316,0.001022,4.131
152453,520,401,921,232,74,121,6.60,0.8182,0.5841,0.234366,8,30,63,258.53,0.7625,0.1358,0.013390,4.486
152454,520,453,973,221,57,8,34.49,0.9880,0.5260,0.183186,18,16,4,101.07,0.5465,0.0749,0.005080,4.234
152485,520,307,827,251,115,89,32.50,0.9518,0.6670,0.334951,18,63,39,156.45,0.8401,0.2301,0.038299,4.360
152488,520,408,928,221,65,157,348.64,0.8153,0.5678,0.215895,11,36,9,142.16,0.9063,0.1295,0.013526,4.186
152495,520,442,962,238,16,74,17.41,0.9858,0.5421,0.190454,22,2,56,291.86,0.9431,0.0847,0.004995,4.372
152503,520,386,906,203,91,188,332.89,0.7193,0.5858,0.238111,65,16,3,36.63,0.9119,0.1521,0.015012,4.432
152512,520,369,889,233,2,247,325.19,0.9993,0.6100,0.240849,19,26,104,270.24,0.9186,0.1743,0.018766,4.230
152517,520,473,993,186,67,178,330.54,0.7581,0.5209,0.176692,2,3,17,272.58,0.7242,0.0337,0.001185,4.429
152523,520,452,972,192,6,232,318.18,0.9943,0.5298,0.171643,6,6,49,272.70,0.9230,0.0702,0.003907,4.112
152526,520,426,946,232,30,153,350.71,0.9445,0.5603,0.203871,6,8,77,268.44,0.9738,0.1058,0.007481,4.417
152549,520,294,814,250,78,252,327.47,0.9899,0.6812,0.328038,86,39,37,24.01,0.5342,0.2386,0.035633,4.415
152555,520,267,787,250,110,228,334.00,0.9698,0.7051,0.370799,91,48,22,49.77,0.6624,0.2627,0.043963,4.478
152556,520,342,862,220,79,248,320.52,0.9627,0.6330,0.275867,12,50,57,212.23,0.7085,0.1923,0.026547,4.257
152566,520,370,890,230,1,251,323.63,0.9997,0.6076,0.238121,38,42,31,123.96,0.2115,0.1744,0.021669,4.020
152591,520,108,628,226,212,235,312.41,0.4195,0.8697,0.692541,42,110,24,140.00,0.9664,0.3945,0.117096,4.444
152601,520,392,912,253,55,44,28.79,0.9910,0.5906,0.238006,35,36,10,111.08,0.6365,0.1490,0.016410,4.337
152618,520,397,917,220,2,243,322.98,0.9990,0.5848,0.217322,31,33,38,268.28,0.0997,0.1444,0.015190,4.101
152622,520,448,968,188,28,240,314.95,0.9718,0.5369,0.178144,12,1,60,278.28,0.9874,0.0779,0.004261,4.205
152629,520,430,950,248,2,20,27.96,0.9992,0.5541,0.200540,18,12,61,280.45,0.8274,0.1014,0.007284,4.374
152632,520,256,776,236,134,225,331.12,0.8676,0.7205,0.403213,49,69,43,138.61,0.4356,0.2697,0.050835,4.495
152636,520,476,996,183,34,219,318.28,0.9383,0.5148,0.163271,1,0,18,273.67,1.0000,0.0236,0.000501,4.223
152639,520,469,989,205,1,194,331.32,0.9981,0.5230,0.168979,11,1,22,306.27,0.8457,0.0410,0.001508,4.251
152645,520,435,955,216,48,178,339.22,0.8777,0.5539,0.199294,5,22,26,214.48,0.5754,0.0880,0.006806,4.388
152650,520,362,882,236,44,222,331.65,0.9621,0.6125,0.249108,1,10,127,264.49,0.9929,0.1761,0.017557,4.428
152654,520,436,956,220,16,181,338.87,0.9734,0.5463,0.189248,24,10,50,294.45,0.7399,0.0938,0.006416,4.241
152658,520,318,838,205,121,222,320.69,0.7416,0.6553,0.319290,42,56,46,153.73,0.2376,0.2249,0.035178,4.336
152676,520,401,921,245,22,135,359.00,0.9746,0.5754,0.217389,20,8,97,274.31,0.9722,0.1406,0.011854,4.323
152707,520,432,952,213,1,219,326.86,0.9990,0.5548,0.192844,22,10,60,286.31,0.8207,0.1010,0.007139,4.250
152713,520,476,996,112,93,239,283.56,0.8762,0.5111,0.175051,3,2,3,326.14,0.1845,0.0248,0.000694,4.439
152716,520,466,986,193,62,166,337.16,0.7700,0.5199,0.175375,13,9,2,88.91,0.5776,0.0535,0.002853,4.264
152729,520,466,986,228,9,50,22.72,0.9927,0.5151,0.169226,0,11,2,149.68,1.0000,0.0463,0.002437,4.181
152744,520,449,969,235,38,0,31.60,1.0000,0.5389,0.190516,31,5,4,26.92,0.7492,0.0703,0.004087,4.447
152746,520,409,929,174,86,236,308.28,0.8586,0.5676,0.217111,40,15,61,305.76,0.7157,0.1313,0.011297,4.358
152750,520,396,916,252,18,90,14.26,0.9874,0.5753,0.218699,22,17,82,277.06,0.8788,0.1353,0.011806,4.347
152764,520,426,946,208,66,186,334.75,0.8156,0.5610,0.208534,47,5,38,338.04,0.7731,0.1128,0.008529,4.417
152769,520,406,926,234,33,190,339.77,0.9570,0.5841,0.223006,9,22,72,266.98,0.8801,0.1256,0.010997,4.476
152779,520,448,968,222,55,84,16.48,0.8734,0.5350,0.189047,37,3,11,9.42,0.7975,0.0793,0.004827,4.360
152816,520,376,896,236,45,208,335.34,0.9504,0.6046,0.242664,67,10,33,1.32,0.7703,0.1559,0.015204,4.488
152817,520,162,682,241,185,191,11.39,0.6156,0.8114,0.571618,33,97,41,145.60,0.9247,0.3501,0.090325,4.430
152818,520,456,976,221,60,38,31.11,0.9290,0.5309,0.187465,1,16,4,150.08,0.9603,0.0609,0.003858,4.409
152838,520,403,923,191,66,248,312.65,0.9561,0.5761,0.217512,30,23,55,291.05,0.5389,0.1288,0.011646,4.339
152839,520,391,911,218,79,178,340.89,0.7856,0.5885,0.237139,59,24,5,46.78,0.7908,0.1542,0.015942,4.354
152843,520,464,984,222,38,91,11.59,0.9158,0.5230,0.176739,13,8,13,326.27,0.2277,0.0548,0.002883,4.288
152856,520,293,813,210,128,236,317.65,0.8208,0.6818,0.351973,9,65,59,184.05,0.8819,0.2409,0.041542,4.391
152857,520,373,893,234,28,221,331.44,0.9795,0.6004,0.235460,70,2,39,354.38,0.9050,0.1566,0.014922,4.397
152858,520,323,843,247,61,241,329.52,0.9709,0.6547,0.294653,47,44,72,288.04,0.3614,0.2088,0.028736,4.377
152859,520,389,909,196,104,181,333.56,0.6232,0.5923,0.249740,1,41,27,164.68,0.9815,0.1460,0.016714,4.493
152874,520,458,978,205,13,199,329.94,0.9786,0.5291,0.173924,8,0,52,276.98,1.0000,0.0636,0.002995,4.225
152883,520,313,833,238,98,199,339.92,0.8642,0.6558,0.310385,25,59,21,141.63,0.8781,0.2159,0.033886,4.296
152917,520,432,952,188,77,205,322.14,0.7859,0.5535,0.204082,45,8,19,6.10,0.6970,0.1046,0.007787,4.397
152921,520,425,945,243,49,15,31.78,0.9873,0.5637,0.212892,21,21,49,280.79,0.5351,0.1109,0.009175,4.443
152925,520,339,859,199,110,236,315.03,0.8364,0.6372,0.293512,14,55,6,140.69,0.9772,0.1950,0.028388,4.382
152939,520,399,919,237,61,136,359.76,0.8700,0.5847,0.231226,10,21,86,267.90,0.9283,0.1394,0.012727,4.483
152952,520,296,816,223,129,191,341.17,0.6688,0.6785,0.351519,1,68,10,144.29,0.9982,0.2372,0.041624,4.382
152953,520,340,860,252,12,243,330.33,0.9971,0.6420,0.274326,52,46,14,98.72,0.6623,0.1982,0.027158,4.203
152990,520,474,994,159,82,200,312.15,0.7210,0.5153,0.175763,14,0,3,3.21,1.0000,0.0323,0.001000,4.427
152998,520,464,984,229,30,36,27.00,0.9745,0.5234,0.177169,10,1,30,294.17,0.9120,0.0458,0.001800,4.386
153002,520,454,974,143,86,233,297.33,0.8367,0.5264,0.183786,2,17,30,243.62,0.7496,0.0747,0.005075,4.245
153003,520,431,951,240,32,8,30.41,0.9934,0.5461,0.195792,3,28,9,149.45,0.9460,0.0994,0.008696,4.188
153015,520,393,913,228,36,223,329.47,0.9673,0.5948,0.230858,3,25,82,263.17,0.9530,0.1398,0.013237,4.441
153018,520,360,880,254,58,147,358.73,0.9889,0.6180,0.262070,78,11,40,0.06,0.7911,0.1827,0.020125,4.450
153040,520,453,973,222,59,31,32.18,0.9462,0.5312,0.187592,4,12,40,265.83,0.8059,0.0717,0.004419,4.366
153057,520,343,863,252,77,126,8.17,0.9613,0.6255,0.275130,44,46,21,112.67,0.4930,0.1900,0.025436,4.310
153064,520,434,954,219,65,108,8.31,0.8065,0.5459,0.199259,39,11,11,22.44,0.6099,0.0960,0.006949,4.377
153083,520,475,995,224,4,125,357.86,0.9917,0.5245,0.174175,6,1,12,308.83,0.7485,0.0297,0.000870,4.407
153093,520,237,757,251,148,105,43.02,0.9125,0.7280,0.427117,78,66,39,86.39,0.4096,0.2905,0.056627,4.475
153100,520,446,966,219,42,140,352.89,0.8775,0.5365,0.186119,27,8,37,312.21,0.6668,0.0842,0.005403,4.262
153119,520,474,994,211,55,117,1.44,0.8119,0.5232,0.178679,0,0,30,264.05,1.0000,0.0327,0.000937,4.489
153122,520,359,879,236,18,253,324.52,0.9944,0.6225,0.253598,7,4,131,266.06,0.9969,0.1791,0.017705,4.484
153125,520,460,980,181,27,243,312.29,0.9737,0.5280,0.170798,6,3,45,275.29,0.9470,0.0604,0.002933,4.171
153141,520,410,930,244,25,109,7.58,0.9710,0.5660,0.210359,44,25,8,60.56,0.6170,0.1315,0.012483,4.167
153142,520,339,859,243,51,237,329.59,0.9692,0.6383,0.275395,41,37,92,282.38,0.6386,0.2012,0.025672,4.300
153144,520,455,975,218,66,6,36.91,0.9889,0.5299,0.188176,12,14,0,115.19,1.0000,0.0633,0.003922,4.417
153163,520,450,970,228,48,86,15.33,0.9058,0.5413,0.192826,0,18,24,219.18,1.0000,0.0726,0.004985,4.416
153167,520,389,909,222,71,186,338.84,0.8347,0.5900,0.235835,35,28,61,291.18,0.5076,0.1498,0.015247,4.381
153175,520,466,986,170,79,197,317.83,0.7339,0.5243,0.181701,10,2,30,292.83,0.8477,0.0481,0.002017,4.454
153179,520,476,996,207,64,12,36.82,0.9731,0.5062,0.169610,2,2,0,109.77,1.0000,0.0218,0.000563,4.343
153183,520,452,972,183,30,242,313.02,0.9691,0.5316,0.174078,10,14,25,268.41,0.3452,0.0705,0.004488,4.112
153185,520,390,910,219,51,228,325.81,0.9410,0.5922,0.230312,54,22,34,357.93,0.4980,0.1488,0.014737,4.330
153195,520,436,956,222,11,190,336.74,0.9852,0.5541,0.194891,12,22,29,239.68,0.3238,0.0938,0.007407,4.266
153200,520,478,998,212,0,147,347.51,1.0000,0.5089,0.161060,3,0,1,353.79,1.0000,0.0152,0.000216,4.203
153203,520,463,983,207,24,187,333.84,0.9470,0.5286,0.175085,6,4,37,277.52,0.8768,0.0548,0.002591,4.280
153209,520,331,851,200,118,220,319.54,0.7283,0.6425,0.304047,18,55,19,143.89,0.9146,0.1984,0.029079,4.477
153215,520,391,911,246,25,152,353.79,0.9718,0.5851,0.225584,65,7,46,344.96,0.7917,0.1547,0.014732,4.257
153226,520,422,942,216,82,100,15.47,0.7426,0.5595,0.215559,41,19,2,58.10,0.8172,0.1124,0.009416,4.469
153230,520,377,897,186,111,203,320.02,0.6423,0.6022,0.261207,27,43,16,134.00,0.6624,0.1638,0.019981,4.447
153246,520,424,944,212,37,213,327.95,0.9443,0.5609,0.201263,39,10,51,314.32,0.7309,0.1147,0.008875,4.268
153251,520,249,769,252,113,252,327.55,0.9881,0.7250,0.395365,45,74,44,143.51,0.5466,0.2825,0.056372,4.187
153252,520,401,921,253,10,91,13.80,0.9937,0.5757,0.218588,22,19,83,276.26,0.8677,0.1398,0.012608,4.290
153269,520,282,802,216,133,228,322.36,0.7731,0.6939,0.369768,24,66,52,168.42,0.6728,0.2467,0.043384,4.495
153280,520,171,691,237,183,195,3.77,0.5612,0.8039,0.558130,13,92,94,197.60,0.8963,0.3446,0.085476,4.489
153298,520,476,996,156,88,178,317.40,0.6145,0.5067,0.172624,1,1,0,109.77,1.0000,0.0157,0.000282,4.428
153301,520,269,789,232,144,135,26.28,0.6613,0.7000,0.388537,26,72,25,143.04,0.9214,0.2608,0.049244,4.419
153303,520,366,886,177,116,215,311.23,0.6683,0.6067,0.267448,6,45,44,192.43,0.8242,0.1678,0.020972,4.473
153312,520,464,984,219,6,130,355.10,0.9855,0.5167,0.168046,8,8,17,283.53,0.3212,0.0520,0.002658,4.141
153322,520,464,984,145,96,196,304.73,0.6348,0.5185,0.183713,10,10,0,109.77,1.0000,0.0523,0.002816,4.425
153323,520,463,983,198,68,149,345.87,0.7375,0.5269,0.183117,20,1,9,352.06,0.7851,0.0459,0.001902,4.492
153324,520,464,984,189,91,43,44.41,0.7822,0.5165,0.184770,14,4,19,314.70,0.5893,0.0496,0.002272,4.491
153335,520,470,990,223,42,10,31.70,0.9879,0.5169,0.173686,14,0,25,309.67,1.0000,0.0438,0.001636,4.332
153336,520,353,873,252,59,166,352.05,0.9706,0.6225,0.265799,35,47,20,128.76,0.5686,0.1839,0.024408,4.244
153351,520,471,991,171,43,244,308.54,0.9481,0.5232,0.169182,12,0,17,318.33,1.0000,0.0363,0.001186,4.282
153364,520,353,873,243,18,229,331.57,0.9923,0.6183,0.251473,20,47,47,195.46,0.4872,0.1816,0.023869,4.081
153376,520,362,882,227,95,143,0.11,0.7367,0.6102,0.265009,57,33,51,336.44,0.3778,0.1836,0.021967,4.377
153403,520,278,798,247,112,210,339.27,0.9293,0.6945,0.360183,54,63,16,119.43,0.7677,0.2508,0.043767,4.374
153408,520,309,829,241,87,228,331.33,0.9335,0.6621,0.311211,57,52,1,103.51,0.9761,0.2201,0.033281,4.337
153410,520,321,841,244,68,233,330.76,0.9549,0.6506,0.292533,56,49,11,98.64,0.7543,0.2113,0.030616,4.249
153412,520,385,905,175,99,236,307.21,0.8297,0.5885,0.240944,1,22,100,263.93,0.9890,0.1542,0.015002,4.476
153414,520,435,955,233,53,41,29.04,0.9434,0.5484,0.200330,27,4,56,297.30,0.8826,0.0939,0.006054,4.466
153419,520,476,996,222,42,10,31.72,0.9876,0.5148,0.172102,0,1,11,262.64,1.0001,0.0210,0.000459,4.402
153420,520,389,909,240,59,136,0.12,0.8846,0.5886,0.234338,3,9,112,265.31,0.9907,0.1538,0.013845,4.454
153428,520,432,952,190,60,222,318.80,0.8814,0.5489,0.194541,37,10,35,330.48,0.6276,0.1008,0.007318,4.266
153429,520,478,998,191,62,159,339.22,0.7574,0.5127,0.170264,7,0,0,29.23,1.0000,0.0213,0.000452,4.366
153430,520,399,919,215,25,243,321.58,0.9840,0.5820,0.216153,63,11,15,21.24,0.8097,0.1434,0.013308,4.204
153438,520,399,919,227,36,209,332.84,0.9568,0.5841,0.221985,30,35,3,117.78,0.8698,0.1397,0.014847,4.194
153448,520,459,979,232,9,75,16.23,0.9907,0.5278,0.178623,27,3,17,346.43,0.7103,0.0640,0.003386,4.282
153450,520,433,953,232,53,46,28.00,0.9390,0.5469,0.199023,24,14,47,293.83,0.6369,0.0980,0.007135,4.358
153453,520,452,972,214,68,21,36.32,0.9552,0.5252,0.184870,22,0,41,304.69,1.0000,0.0665,0.003307,4.406
153456,520,465,985,196,83,53,35.84,0.7784,0.5162,0.181812,6,2,36,279.85,0.9271,0.0496,0.002095,4.450
153488,520,426,946,210,58,200,330.89,0.8692,0.5647,0.208998,35,23,11,65.31,0.4410,0.1142,0.009943,4.321
153493,520,454,974,229,32,64,20.61,0.9599,0.5281,0.180642,7,3,53,274.28,0.9648,0.0697,0.003673,4.297
153520,520,388,908,254,54,21,31.70,0.9958,0.5903,0.237671,62,19,7,36.48,0.8028,0.1512,0.015054,4.422
153531,520,315,835,254,27,253,328.52,0.9970,0.6559,0.289496,21,15,149,268.91,0.9873,0.2204,0.026708,4.426
153537,520,380,900,232,32,219,331.46,0.9729,0.5973,0.233059,16,37,67,257.55,0.6310,0.1616,0.018385,4.139
153550,520,389,909,202,99,176,337.83,0.6530,0.5904,0.246164,24,38,24,144.54,0.4069,0.1476,0.016463,4.456
153555,520,354,874,239,25,235,329.23,0.9881,0.6173,0.250468,74,19,35,6.56,0.6939,0.1817,0.020432,4.266
153556,520,468,988,212,47,120,359.47,0.8421,0.5189,0.173885,11,3,16,313.58,0.6026,0.0426,0.001737,4.327
153558,520,480,1000,189,43,193,326.92,0.8735,0.5117,0.163983,0,0,0,0.00,0.0000,0.0000,0.000000,4.280
153563,520,357,877,247,82,123,9.50,0.9068,0.6213,0.272420,55,38,30,46.26,0.2886,0.1842,0.022923,4.421
153575,520,347,867,246,44,225,333.24,0.9717,0.6317,0.268334,55,42,26,71.79,0.3664,0.1934,0.025428,4.220
153581,520,467,987,215,12,145,349.09,0.9694,0.5167,0.167568,16,1,12,337.05,0.7653,0.0415,0.001584,4.218
153590,520,462,982,220,13,157,346.28,0.9728,0.5326,0.179403,15,1,35,298.52,0.9230,0.0550,0.002446,4.374
153626,520,469,989,122,85,254,286.67,0.9904,0.5204,0.177900,4,2,20,284.69,0.7848,0.0350,0.001197,4.451
153627,520,296,816,215,131,205,331.30,0.6609,0.6776,0.350889,7,67,43,160.46,0.9532,0.2414,0.042337,4.342
153643,520,428,948,248,14,47,24.53,0.9932,0.5588,0.204794,3,27,11,152.55,0.9256,0.0966,0.008274,4.372
153653,520,446,966,213,77,33,37.21,0.9107,0.5360,0.195660,31,9,20,350.81,0.5272,0.0824,0.005372,4.437
153672,520,350,870,232,48,248,324.39,0.9749,0.6254,0.260494,61,39,19,61.77,0.5325,0.1930,0.024903,4.145
153677,520,466,986,221,3,126,356.87,0.9931,0.5185,0.169463,11,6,25,293.73,0.5861,0.0545,0.002716,4.163
153683,520,440,960,242,6,90,12.69,0.9945,0.5516,0.197491,23,17,15,39.26,0.1535,0.0857,0.006176,4.406
153710,520,478,998,111,100,217,283.76,0.7400,0.5053,0.175033,0,0,10,264.05,1.0000,0.0158,0.000219,4.481
153721,520,455,975,193,71,163,338.67,0.7297,0.5291,0.184899,17,8,13,344.89,0.2993,0.0590,0.003219,4.414
153723,520,386,906,250,25,146,356.48,0.9748,0.5906,0.230981,11,36,56,245.69,0.6411,0.1486,0.016184,4.245
153735,520,443,963,235,14,79,15.53,0.9859,0.5362,0.185439,10,18,23,236.31,0.2771,0.0792,0.005590,4.235
153740,520,435,955,238,41,29,29.34,0.9691,0.5483,0.198550,5,14,59,267.24,0.9099,0.0938,0.006621,4.390
153756,520,239,759,208,155,230,315.72,0.6836,0.7270,0.425666,8,77,61,171.97,0.9419,0.2813,0.056960,4.447
153783,520,278,798,242,97,246,326.64,0.9628,0.6860,0.340828,21,63,79,226.75,0.6574,0.2483,0.042788,4.212
153785,520,472,992,193,13,221,321.00,0.9842,0.5242,0.168473,3,2,12,286.78,0.6321,0.0292,0.000893,4.293
153796,520,373,893,254,44,107,10.93,0.9916,0.5955,0.239374,26,41,32,157.67,0.3227,0.1609,0.019097,4.188
153837,520,392,912,225,78,168,346.51,0.7971,0.5943,0.242859,59,23,13,36.44,0.6589,0.1535,0.015718,4.456
153852,520,390,910,200,70,237,317.71,0.9077,0.5854,0.227755,14,35,60,254.16,0.6115,0.1499,0.016216,4.195
153879,520,226,746,253,128,247,329.15,0.9914,0.7453,0.430388,16,76,92,220.26,0.8046,0.2941,0.060515,4.347
153880,520,421,941,229,21,176,342.56,0.9686,0.5622,0.203316,52,2,1,29.44,0.9740,0.1059,0.007758,4.386
153883,520,447,967,239,26,9,29.87,0.9927,0.5411,0.191126,41,1,4,21.68,0.9589,0.0818,0.005020,4.383
153902,520,449,969,238,9,45,24.32,0.9946,0.5360,0.185653,35,3,7,16.04,0.8114,0.0745,0.004379,4.334
153904,520,439,959,242,10,53,22.86,0.9941,0.5457,0.193548,24,21,1,102.21,0.8980,0.0934,0.007327,4.248
153909,520,435,955,238,7,103,7.99,0.9919,0.5468,0.193116,30,7,45,308.86,0.7518,0.0926,0.006175,4.328
153916,520,32,552,251,240,232,58.64,0.5852,0.9552,0.886560,13,130,38,145.22,0.9923,0.4543,0.161901,4.420
153930,520,457,977,156,71,247,301.17,0.9404,0.5329,0.182902,22,5,21,329.59,0.5988,0.0625,0.003333,4.367
153955,520,444,964,242,6,14,28.55,0.9974,0.5417,0.190427,33,0,35,325.97,1.0000,0.0783,0.004447,4.416
153965,520,154,674,248,174,240,330.37,0.9496,0.8155,0.565215,10,99,1,141.86,0.9991,0.3467,0.089900,4.398
153979,520,380,900,238,32,209,335.46,0.9720,0.6018,0.238164,5,37,70,252.70,0.8304,0.1593,0.017975,4.239
153982,520,410,930,228,8,200,335.43,0.9921,0.5707,0.208404,44,26,10,60.76,0.5657,0.1342,0.012962,4.104
153987,520,283,803,234,121,209,336.21,0.8238,0.6886,0.357727,56,60,28,114.96,0.5187,0.2457,0.041563,4.453
154021,520,268,788,229,145,140,23.54,0.6190,0.6992,0.388042,58,65,37,120.19,0.4168,0.2644,0.048137,4.464
154022,520,467,987,164,83,199,314.44,0.7174,0.5231,0.182033,3,6,5,174.74,0.2472,0.0377,0.001606,4.496
154032,520,430,950,166,82,239,305.18,0.8786,0.5537,0.203741,13,26,17,153.38,0.4247,0.1011,0.008648,4.327
154049,520,441,961,183,48,237,313.54,0.9318,0.5390,0.182967,31,14,19,1.38,0.3775,0.0910,0.006524,4.122
154056,520,111,631,198,225,208,157.95,0.3299,0.8663,0.704096,27,112,6,140.87,0.9949,0.3947,0.118340,4.480
154070,520,446,966,185,71,210,319.92,0.8151,0.5447,0.194751,12,10,50,277.79,0.8127,0.0825,0.005255,4.429
154106,520,325,845,247,82,207,338.96,0.9443,0.6549,0.303166,8,58,38,161.35,0.9231,0.2096,0.032175,4.298
154113,520,362,882,243,40,199,339.40,0.9602,0.6091,0.246988,17,36,88,265.35,0.7989,0.1774,0.020854,4.192
154119,520,465,985,207,75,51,32.49,0.8432,0.5239,0.185388,11,5,28,292.52,0.6778,0.0543,0.002635,4.472
154162,520,421,941,167,89,231,306.53,0.8233,0.5591,0.211303,16,28,26,183.11,0.2807,0.1121,0.010152,4.344
154163,520,162,682,235,180,232,328.17,0.7646,0.8091,0.561321,37,96,29,141.36,0.9412,0.3467,0.088475,4.415
154166,520,377,897,187,100,229,313.37,0.8038,0.6010,0.253372,11,44,33,167.72,0.7444,0.1620,0.019822,4.345
154192,520,473,993,195,1,212,323.88,0.9985,0.5180,0.163789,4,0,25,284.41,1.0000,0.0330,0.000960,4.195
154203,520,354,874,241,21,230,330.88,0.9902,0.6162,0.249531,81,8,12,24.78,0.9294,0.1792,0.019499,4.310
154214,520,247,767,225,165,7,82.09,0.9855,0.7192,0.429349,16,77,54,163.15,0.8958,0.2808,0.056840,4.487
154218,520,466,986,190,85,102,12.23,0.6171,0.5196,0.184051,19,5,7,9.90,0.4763,0.0531,0.002623,4.448
154221,520,392,912,252,46,77,20.04,0.9818,0.5863,0.231889,60,13,45,343.02,0.7049,0.1509,0.014381,4.378
154227,520,356,876,248,42,191,342.82,0.9588,0.6151,0.253772,0,52,2,143.14,1.0000,0.1793,0.024603,4.072
154230,520,402,922,251,16,128,2.15,0.9863,0.5833,0.224419,37,24,39,321.96,0.3339,0.1293,0.011931,4.431
154252,520,385,905,244,68,92,17.98,0.9191,0.5923,0.241433,21,29,76,271.54,0.7229,0.1520,0.015599,4.443
154259,520,337,857,237,61,242,326.86,0.9582,0.6388,0.277553,0,37,109,261.38,1.0000,0.1951,0.024271,4.410
154263,520,343,863,253,95,24,40.05,0.9869,0.6337,0.291365,37,49,16,126.30,0.6766,0.1913,0.026273,4.476
154285,520,477,997,172,86,140,343.52,0.5591,0.5063,0.173208,1,0,12,278.75,1.0000,0.0192,0.000330,4.435
154286,520,420,940,219,45,188,336.84,0.9045,0.5627,0.205700,44,14,2,44.31,0.8406,0.1080,0.008540,4.368
154307,520,268,788,245,102,250,326.33,0.9789,0.6991,0.358198,73,43,105,303.85,0.6124,0.2615,0.041642,4.454
154320,520,419,939,247,20,28,27.78,0.9907,0.5568,0.203619,27,9,66,289.66,0.8483,0.1111,0.008217,4.356
154333,520,307,827,255,78,225,335.60,1.0000,0.6735,0.321481,33,42,118,272.02,0.8087,0.2304,0.032871,4.483
154345,520,315,835,253,64,231,333.42,0.9908,0.6611,0.303220,47,54,21,119.44,0.5977,0.2171,0.032968,4.257
154346,520,408,928,242,58,2,34.02,0.9981,0.5689,0.219111,46,23,24,17.48,0.3912,0.1339,0.012597,4.299
154351,520,451,971,216,55,140,353.15,0.8251,0.5414,0.192271,25,9,17,349.62,0.4314,0.0725,0.004425,4.451
154359,520,427,947,237,51,77,19.57,0.9260,0.5598,0.209111,0,29,2,144.33,1.0000,0.0994,0.008831,4.404
154362,520,396,916,235,76,38,34.37,0.9381,0.5764,0.229740,13,24,76,268.59,0.8556,0.1360,0.012606,4.468
154372,520,234,754,234,154,186,354.16,0.6445,0.7381,0.441506,47,77,44,142.16,0.5715,0.2934,0.060938,4.430
154373,520,441,961,232,17,119,1.84,0.9728,0.5418,0.188916,0,24,20,180.89,1.0000,0.0881,0.007037,4.189
154396,520,453,973,202,3,206,327.30,0.9953,0.5264,0.170797,1,16,26,235.58,0.8312,0.0691,0.004516,4.050
154406,520,389,909,206,45,255,316.23,1.0000,0.5869,0.222201,33,11,90,285.33,0.9086,0.1468,0.013008,4.320
154413,520,469,989,199,29,193,329.93,0.9305,0.5203,0.168729,9,0,25,299.25,1.0000,0.0384,0.001283,4.265
154416,520,443,963,218,65,95,13.63,0.8157,0.5404,0.195147,9,4,62,273.84,0.9666,0.0832,0.004927,4.463
154418,520,352,872,207,103,212,325.65,0.7567,0.6230,0.277209,31,50,29,142.12,0.4963,0.1921,0.026612,4.271
154420,520,342,862,238,38,250,325.50,0.9837,0.6311,0.264680,60,30,61,325.97,0.5071,0.1874,0.022262,4.355
154426,520,444,964,225,21,140,353.28,0.9556,0.5371,0.184400,33,11,3,44.30,0.7135,0.0841,0.005693,4.209
154435,520,475,995,210,55,119,0.38,0.8086,0.5220,0.177682,4,2,3,345.04,0.2483,0.0262,0.000758,4.486
154447,520,271,791,222,149,150,18.49,0.5260,0.7007,0.392282,44,70,2,129.79,0.9861,0.2628,0.049201,4.458
154454,520,396,916,222,5,225,327.62,0.9965,0.5757,0.210766,29,31,39,274.14,0.1572,0.1374,0.013877,4.082
154460,520,441,961,237,0,69,18.16,1.0000,0.5353,0.184375,0,23,39,240.31,1.0000,0.0949,0.007592,4.070
154467,520,469,989,188,19,218,320.27,0.9722,0.5152,0.162205,18,0,4,3.80,1.0000,0.0385,0.001374,4.131
154469,520,457,977,224,50,77,18.35,0.9009,0.5330,0.186671,1,16,17,199.88,0.8426,0.0649,0.004175,4.369
154471,520,422,942,215,23,208,330.11,0.9700,0.5563,0.196161,37,20,5,61.34,0.6525,0.1089,0.009046,4.169
154478,520,341,861,250,68,165,352.60,0.9483,0.6264,0.271781,91,5,19,20.67,0.9529,0.2006,0.023801,4.360
154480,520,394,914,210,45,246,319.27,0.9617,0.5863,0.222340,14,36,45,227.06,0.5097,0.1434,0.015445,4.161
154481,520,428,948,221,30,188,337.18,0.9471,0.5575,0.199339,18,24,31,252.53,0.2153,0.1047,0.008808,4.240
154491,520,341,861,171,119,247,300.25,0.8667,0.6256,0.285673,68,35,31,27.83,0.4466,0.1977,0.025301,4.458
154492,520,369,889,210,80,237,320.28,0.9061,0.6117,0.255550,23,45,12,136.59,0.8483,0.1667,0.020854,4.312
154504,520,452,972,215,22,166,342.30,0.9475,0.5305,0.177764,4,19,10,157.34,0.6987,0.0731,0.005135,4.131
154506,520,339,859,235,65,249,324.64,0.9768,0.6435,0.282847,91,9,12,25.93,0.9426,0.2027,0.024465,4.470
154509,520,396,916,230,18,199,336.20,0.9818,0.5761,0.213818,51,10,64,316.55,0.7868,0.1442,0.012911,4.193
154520,520,314,834,221,115,202,334.34,0.7364,0.6568,0.318997,40,55,36,139.15,0.3729,0.2169,0.033108,4.440
154521,520,443,963,216,28,182,337.68,0.9417,0.5439,0.188091,21,16,21,326.09,0.1695,0.0832,0.005842,4.264
154527,520,430,950,236,50,15,32.11,0.9850,0.5502,0.201517,7,2,82,269.10,0.9943,0.1047,0.006977,4.414
154542,520,477,997,151,79,213,305.75,0.7730,0.5095,0.169758,5,1,3,344.91,0.5356,0.0240,0.000606,4.343
154560,520,370,890,240,53,193,340.67,0.9295,0.6088,0.249246,28,19,101,277.22,0.9097,0.1655,0.016521,4.498
154563,520,457,977,136,84,252,291.89,0.9695,0.5316,0.186031,28,5,1,38.86,0.8580,0.0645,0.003576,4.405
154571,520,460,980,130,104,210,292.22,0.6721,0.5267,0.192995,3,15,19,218.70,0.5776,0.0647,0.004080,4.493
154587,520,448,968,201,40,202,327.89,0.9114,0.5363,0.182011,27,7,39,310.41,0.7094,0.0840,0.005315,4.194
154591,520,434,954,221,3,186,337.61,0.9954,0.5482,0.189849,39,11,14,15.95,0.5864,0.0967,0.007025,4.206
154592,520,411,931,243,23,140,357.02,0.9713,0.5737,0.215642,55,4,26,359.97,0.8202,0.1215,0.009738,4.447
154609,520,374,894,230,33,223,329.97,0.9725,0.5968,0.232409,64,22,5,41.31,0.8291,0.1599,0.016749,4.231
154629,520,434,954,187,38,246,313.08,0.9615,0.5457,0.186060,29,21,20,26.55,0.1645,0.1039,0.008481,4.037
154636,520,240,760,244,137,217,337.24,0.8954,0.7328,0.421364,33,76,55,160.25,0.6387,0.2846,0.057679,4.378
154683,520,438,958,219,11,199,333.52,0.9864,0.5541,0.194252,1,19,48,257.04,0.9295,0.0918,0.006856,4.296
154698,520,341,861,220,71,251,320.09,0.9793,0.6268,0.266890,83,21,1,37.73,0.9788,0.1964,0.023778,4.295
154707,520,399,919,255,13,74,18.79,1.0000,0.5771,0.220461,5,0,109,266.16,1.0000,0.1407,0.011363,4.408
154714,520,476,996,195,80,37,39.50,0.8468,0.5078,0.174749,0,0,21,264.05,1.0000,0.0245,0.000541,4.447
154733,520,432,952,245,12,2,29.52,0.9986,0.5491,0.196834,28,4,63,294.10,0.9087,0.1022,0.006926,4.336
154745,520,476,996,162,21,252,304.90,0.9867,0.5052,0.152466,3,1,6,305.83,0.6115,0.0228,0.000542,4.006
154760,520,355,875,251,81,64,29.40,0.9750,0.6153,0.267677,21,48,43,180.24,0.4956,0.1836,0.024477,4.265
154768,520,419,939,232,50,126,1.43,0.8865,0.5622,0.209463,40,9,51,315.79,0.7462,0.1149,0.008856,4.408
154786,520,447,967,192,90,115,6.53,0.5928,0.5352,0.197582,7,15,46,268.18,0.7592,0.0850,0.005840,4.434
154810,520,426,946,242,48,27,30.45,0.9730,0.5615,0.210736,35,17,37,323.37,0.4719,0.1108,0.008918,4.425
154826,520,396,916,240,0,183,342.83,1.0000,0.5821,0.219472,38,24,54,303.97,0.5059,0.1396,0.013317,4.256
154828,520,341,861,242,28,243,328.06,0.9888,0.6289,0.261816,20,56,20,143.49,0.9010,0.2030,0.030275,3.884
154830,520,247,767,252,138,158,9.74,0.9001,0.7238,0.413438,16,75,62,174.50,0.8533,0.2769,0.054899,4.418
154831,520,437,957,200,18,235,319.56,0.9846,0.5485,0.187117,2,12,61,265.07,0.9483,0.0904,0.006127,4.225
154832,520,456,976,208,72,77,22.00,0.7857,0.5260,0.185826,3,2,50,269.48,0.9838,0.0612,0.002930,4.455
154838,520,379,899,220,98,119,11.72,0.6917,0.5954,0.252852,33,42,4,122.00,0.8846,0.1641,0.019880,4.334
154848,520,476,996,216,23,121,358.22,0.9375,0.5122,0.165947,3,1,2,344.98,0.3863,0.0205,0.000455,4.280
154857,520,452,972,172,46,246,308.30,0.9546,0.5287,0.173793,23,11,18,344.14,0.3367,0.0739,0.004652,4.095
154870,520,455,975,224,55,24,32.36,0.9641,0.5307,0.186484,16,8,7,28.31,0.2633,0.0560,0.002992,4.463
154884,520,377,897,213,80,217,326.59,0.8535,0.6033,0.248950,71,15,1,36.31,0.9742,0.1630,0.016837,4.473
154885,520,422,942,231,69,3,36.81,0.9959,0.5586,0.212547,25,24,31,291.74,0.1541,0.1112,0.009589,4.406
154886,520,410,930,218,76,136,357.80,0.7575,0.5665,0.218542,15,11,86,272.59,0.9563,0.1264,0.010127,4.466
154888,520,439,959,200,70,175,336.25,0.7671,0.5459,0.197566,28,13,21,347.13,0.3702,0.0856,0.005889,4.430
154899,520,457,977,183,52,223,316.70,0.8985,0.5312,0.178521,7,15,2,131.65,0.8031,0.0624,0.003912,4.239
154906,520,420,940,231,8,179,342.01,0.9901,0.5643,0.204200,7,21,60,265.06,0.8359,0.1106,0.009077,4.303
154913,520,375,895,255,19,157,353.84,1.0000,0.6029,0.241637,8,28,95,265.30,0.9251,0.1627,0.017082,4.347
154918,520,428,948,222,62,143,354.02,0.8202,0.5606,0.209605,37,17,10,39.93,0.4987,0.1035,0.008162,4.463
154937,520,400,920,237,36,175,344.98,0.9468,0.5833,0.223643,27,27,57,281.27,0.5027,0.1363,0.013123,4.335
154953,520,440,960,245,7,46,24.35,0.9964,0.5507,0.197652,22,15,40,294.20,0.5340,0.0926,0.006654,4.371
154954,520,444,964,231,47,29,30.17,0.9632,0.5383,0.191137,31,3,28,332.37,0.7621,0.0759,0.004403,4.432
154965,520,422,942,249,18,32,27.19,0.9920,0.5606,0.206803,34,4,65,299.62,0.9036,0.1121,0.008086,4.421
154968,520,362,882,225,93,154,354.15,0.7362,0.6081,0.261717,14,44,61,236.81,0.6356,0.1768,0.022316,4.311
155012,520,443,963,228,27,133,356.57,0.9435,0.5427,0.189741,6,17,33,256.80,0.5669,0.0793,0.005494,4.320
155018,520,458,978,222,10,137,353.39,0.9785,0.5266,0.175555,8,12,19,260.81,0.2711,0.0615,0.003616,4.207
155065,520,439,959,237,39,31,28.82,0.9695,0.5451,0.195577,28,12,37,311.98,0.5712,0.0921,0.006434,4.352
155071,520,360,880,237,6,253,324.80,0.9983,0.6219,0.252292,30,26,100,277.05,0.8499,0.1773,0.019348,4.359
155081,520,452,972,221,64,1,36.55,0.9983,0.5333,0.190438,7,11,32,271.74,0.6073,0.0660,0.003888,4.462
155087,520,411,931,238,49,109,8.55,0.9110,0.5678,0.214810,19,31,4,129.46,0.8566,0.1178,0.011272,4.322
155096,520,404,924,223,49,204,333.24,0.9207,0.5821,0.222466,18,28,52,265.65,0.5026,0.1278,0.012070,4.390
155103,520,396,916,224,63,179,341.43,0.8530,0.5817,0.226594,3,33,63,251.71,0.8599,0.1417,0.014659,4.278
155105,520,378,898,253,25,154,354.53,0.9839,0.5997,0.239146,44,33,43,329.24,0.2190,0.1617,0.017976,4.254
155127,520,364,884,191,98,244,311.25,0.8979,0.6134,0.263443,5,48,2,141.70,0.9920,0.1669,0.021505,4.384
155130,520,465,985,173,17,250,308.68,0.9875,0.5182,0.161881,16,5,0,61.72,1.0000,0.0470,0.002187,4.060
155142,520,474,994,228,31,28,28.38,0.9749,0.5212,0.175608,11,1,11,327.90,0.7386,0.0349,0.001170,4.409
155143,520,439,959,221,51,140,353.97,0.8523,0.5473,0.196358,44,0,8,14.76,1.0000,0.0873,0.005531,4.436
155153,520,423,943,248,33,22,29.34,0.9831,0.5640,0.211057,13,30,17,150.26,0.5589,0.1132,0.010546,4.312
155219,520,290,810,254,117,113,23.85,0.9826,0.6798,0.349888,20,57,97,252.89,0.7128,0.2421,0.039379,4.474
155222,520,436,956,197,53,212,323.78,0.8868,0.5464,0.191715,31,8,41,314.06,0.7014,0.0926,0.006251,4.297
155226,520,448,968,194,74,174,334.79,0.7373,0.5405,0.194244,18,13,40,288.54,0.5907,0.0846,0.005696,4.385
155247,520,396,916,208,52,230,322.32,0.9311,0.5762,0.215808,13,12,97,270.01,0.9713,0.1407,0.012115,4.279
155249,520,374,894,255,62,68,24.72,1.0000,0.6035,0.251263,60,26,23,26.53,0.5263,0.1633,0.017614,4.456
155250,520,423,943,223,43,163,345.77,0.8945,0.5553,0.200626,30,3,68,293.81,0.9385,0.1087,0.007585,4.352
155252,520,454,974,160,85,210,309.44,0.7437,0.5284,0.186243,14,8,38,287.42,0.6991,0.0703,0.004070,4.369
155262,520,329,849,254,68,203,341.38,0.9925,0.6509,0.295201,19,29,132,268.38,0.9549,0.2138,0.026829,4.493
155276,520,416,936,223,23,211,331.33,0.9760,0.5725,0.210063,20,22,56,277.12,0.6142,0.1178,0.010080,4.329
155280,520,445,965,240,22,50,23.98,0.9848,0.5446,0.193327,31,0,42,315.91,1.0000,0.0804,0.004585,4.458
155288,520,361,881,255,39,180,347.45,1.0000,0.6211,0.260098,57,18,86,306.43,0.7850,0.1823,0.019744,4.446
155291,520,345,865,217,79,249,319.44,0.9660,0.6292,0.271850,51,30,77,301.98,0.6029,0.1856,0.021682,4.490
155307,520,446,966,210,75,102,11.84,0.7429,0.5398,0.196953,29,3,42,312.10,0.8324,0.0824,0.004935,4.495
155320,520,329,849,218,95,254,317.81,0.9926,0.6532,0.302472,32,43,97,271.14,0.6687,0.2119,0.028978,4.463
155333,520,384,904,247,54,97,14.44,0.9425,0.5864,0.232790,16,43,3,137.13,0.9736,0.1545,0.018444,4.132
155335,520,451,971,238,12,71,18.10,0.9901,0.5405,0.188983,36,0,7,11.90,1.0000,0.0708,0.003905,4.433
155352,520,447,967,220,39,152,348.66,0.8942,0.5418,0.189362,17,13,39,287.17,0.5807,0.0830,0.005535,4.310
155353,520,383,903,242,39,188,342.29,0.9547,0.6008,0.239621,61,14,42,347.63,0.6910,0.1525,0.014735,4.474
155367,520,434,954,188,86,175,332.54,0.6733,0.5484,0.204434,40,8,32,338.88,0.6711,0.1011,0.007291,4.441
155382,520,465,985,215,18,143,349.90,0.9521,0.5175,0.168653,13,6,18,310.88,0.4494,0.0526,0.002595,4.157
155383,520,319,839,248,102,134,9.51,0.8862,0.6525,0.311835,20,60,45,165.54,0.7100,0.2228,0.035698,4.222
155385,520,453,973,203,84,5,44.83,0.9817,0.5267,0.190502,17,1,51,288.91,0.9684,0.0723,0.003799,4.470
155388,520,413,933,224,39,184,339.22,0.9253,0.5656,0.207615,10,34,10,143.55,0.8867,0.1227,0.012305,4.135
155394,520,459,979,182,42,231,314.85,0.9353,0.5281,0.173717,6,15,2,134.10,0.8361,0.0616,0.003847,4.155
155400,520,447,967,227,46,81,16.69,0.9135,0.5365,0.188818,20,11,36,297.68,0.5803,0.0801,0.005154,4.330
155405,520,448,968,236,30,34,27.46,0.9783,0.5380,0.188801,5,12,45,268.03,0.8380,0.0766,0.004846,4.354
155407,520,453,973,175,49,235,311.49,0.9232,0.5261,0.173097,7,14,24,256.41,0.3948,0.0677,0.004252,4.112
155423,520,422,942,153,100,232,299.24,0.7955,0.5606,0.217131,7,30,14,151.27,0.8142,0.1091,0.010054,4.448
155444,520,384,904,247,20,169,348.62,0.9817,0.5929,0.231423,0,42,23,158.50,1.0000,0.1478,0.017177,4.189
155448,520,432,952,241,14,79,16.16,0.9882,0.5489,0.195827,18,22,26,248.34,0.1365,0.0971,0.007770,4.255
155463,520,457,977,209,50,156,344.98,0.8331,0.5313,0.182389,17,6,26,308.00,0.5987,0.0611,0.003240,4.365
155468,520,386,906,217,56,222,326.74,0.9218,0.5887,0.228560,38,13,83,291.98,0.8508,0.1470,0.013244,4.404
155472,520,427,947,245,29,52,24.25,0.9798,0.5583,0.205426,39,13,13,21.80,0.5513,0.0998,0.007483,4.444
155480,520,461,981,190,19,234,317.03,0.9812,0.5315,0.173548,1,0,48,266.23,1.0000,0.0530,0.002198,4.283
155486,520,301,821,242,81,251,325.66,0.9843,0.6709,0.317296,38,61,32,139.33,0.5749,0.2331,0.038538,4.148
155498,520,468,988,220,41,91,11.64,0.9025,0.5210,0.175595,14,3,11,336.50,0.5492,0.0436,0.001827,4.353
155501,520,459,979,238,7,18,28.21,0.9967,0.5334,0.183761,1,12,34,257.42,0.8828,0.0648,0.003849,4.341
155513,520,425,945,231,71,1,37.42,0.9986,0.5609,0.215005,1,23,60,258.56,0.9574,0.1120,0.009454,4.457
155518,520,417,937,207,4,249,318.40,0.9979,0.5681,0.201935,20,9,77,278.57,0.9280,0.1165,0.008799,4.285
155530,520,422,942,236,3,146,353.24,0.9958,0.5571,0.199764,23,17,58,284.65,0.6960,0.1118,0.008885,4.242
155537,520,422,942,248,22,4,29.86,0.9973,0.5586,0.205427,25,27,12,114.93,0.4211,0.1129,0.010171,4.245
155546,520,407,927,220,43,198,334.14,0.9232,0.5690,0.210229,28,19,67,286.15,0.7212,0.1288,0.011179,4.254
155569,520,414,934,223,79,90,19.59,0.7972,0.5656,0.220207,33,18,58,297.45,0.6523,0.1246,0.010614,4.458
155576,520,363,883,255,59,106,12.98,1.0000,0.6083,0.254322,1,47,42,183.71,0.9766,0.1716,0.022065,4.223
155591,520,368,888,243,28,209,336.59,0.9799,0.6092,0.244916,23,41,55,243.02,0.4048,0.1693,0.020438,4.187
155600,520,365,885,243,57,180,345.48,0.9169,0.6108,0.252792,4,50,5,143.10,0.9878,0.1740,0.023179,4.138
155602,520,470,990,183,15,235,314.87,0.9854,0.5197,0.164083,6,2,25,287.58,0.8262,0.0406,0.001523,4.155
155626,520,352,872,251,85,32,36.58,0.9767,0.6172,0.271140,90,0,8,25.12,1.0000,0.1926,0.021916,4.465
155637,520,437,957,229,55,67,22.76,0.9114,0.5456,0.197985,0,27,5,147.87,1.0000,0.0935,0.007948,4.279
155641,520,396,916,245,63,20,33.50,0.9813,0.5803,0.230214,13,32,64,260.18,0.6781,0.1443,0.014887,4.319
155647,520,447,967,220,18,169,342.53,0.9646,0.5403,0.185153,35,9,2,40.98,0.8049,0.0838,0.005571,4.232
155650,520,468,988,230,28,33,27.36,0.9780,0.5242,0.177663,10,4,2,48.86,0.4300,0.0385,0.001558,4.416
155672,520,479,999,217,19,109,2.70,0.9543,0.5083,0.163242,0,0,4,264.05,1.0000,0.0106,0.000088,4.257
155687,520,414,934,252,32,38,27.26,0.9884,0.5730,0.218721,28,29,6,111.42,0.6759,0.1206,0.011388,4.377
155688,520,420,940,230,52,125,1.63,0.8751,0.5596,0.207625,19,15,62,279.81,0.7878,0.1083,0.008279,4.421
155697,520,376,896,247,67,107,12.86,0.9295,0.6006,0.248533,20,25,93,271.80,0.8836,0.1604,0.016342,4.500
155700,520,14,534,248,253,216,113.54,0.9580,0.9777,0.951649,50,132,29,140.14,0.9691,0.4696,0.172687,4.498
155704,520,377,897,251,63,91,18.04,0.9685,0.6007,0.248231,51,29,29,19.70,0.3366,0.1565,0.016713,4.470
155708,520,476,996,222,24,39,25.72,0.9778,0.5058,0.163322,1,1,2,284.11,0.2654,0.0171,0.000325,4.239
155717,520,414,934,233,59,117,6.02,0.8666,0.5690,0.217388,37,21,31,341.95,0.3302,0.1188,0.010286,4.435
155720,520,446,966,227,41,117,3.04,0.9027,0.5428,0.192039,13,19,21,220.12,0.1680,0.0831,0.006054,4.318
155728,520,421,941,178,101,172,329.93,0.5626,0.5569,0.217519,22,23,45,280.19,0.4348,0.1137,0.009728,4.479
155733,520,375,895,254,2,169,349.82,0.9987,0.6027,0.239824,13,23,102,268.26,0.9438,0.1634,0.016576,4.353
155740,520,464,984,176,54,224,314.14,0.8911,0.5231,0.172513,14,0,33,299.82,1.0000,0.0500,0.002032,4.276
155741,520,436,956,142,87,255,293.13,1.0000,0.5454,0.197872,28,15,31,319.93,0.4181,0.0942,0.006875,4.358
155750,520,409,929,253,8,16,28.53,0.9973,0.5659,0.210975,57,9,6,28.73,0.8725,0.1268,0.010785,4.293
155753,520,388,908,217,21,254,319.72,0.9960,0.5924,0.224457,43,24,64,303.50,0.5971,0.1534,0.015371,4.198
155762,520,414,934,248,22,98,11.53,0.9801,0.5702,0.214157,4,14,79,266.27,0.9614,0.1159,0.009043,4.474
155766,520,201,721,254,160,163,17.80,0.9558,0.7686,0.488593,44,83,58,154.49,0.5546,0.3141,0.070273,4.478
155768,520,471,991,209,2,173,338.44,0.9950,0.5175,0.166180,10,6,3,67.75,0.3266,0.0440,0.002014,4.156
155777,520,462,982,220,32,138,353.30,0.9138,0.5314,0.180862,7,2,35,282.59,0.9110,0.0496,0.002099,4.431
155780,520,382,902,227,57,213,331.79,0.9215,0.6006,0.240636,72,12,12,25.78,0.8710,0.1631,0.016674,4.359
155826,520,345,865,231,72,233,327.42,0.9293,0.6331,0.275091,45,39,63,295.03,0.3401,0.1885,0.023678,4.412
155835,520,331,851,170,133,223,301.94,0.6480,0.6364,0.306491,16,57,3,139.43,0.9885,0.2025,0.030429,4.432
155849,520,406,926,232,12,208,334.26,0.9907,0.5838,0.219755,4,33,51,240.14,0.7912,0.1335,0.013525,4.246
155850,520,405,925,224,3,227,327.64,0.9980,0.5803,0.214608,43,13,56,313.95,0.7144,0.1288,0.010870,4.347
155851,520,356,876,244,90,78,27.81,0.9204,0.6160,0.270986,3,36,100,261.52,0.9645,0.1841,0.022011,4.457
155852,520,476,996,185,22,219,319.11,0.9663,0.5121,0.160039,2,0,14,286.01,1.0000,0.0222,0.000446,4.164
155857,520,379,899,248,68,108,12.78,0.9358,0.6037,0.251768,8,35,78,259.57,0.8389,0.1618,0.018036,4.435
155864,520,440,960,146,92,245,295.46,0.8962,0.5493,0.203579,25,15,30,313.94,0.3884,0.0899,0.006421,4.494
155871,520,348,868,206,104,221,322.36,0.7892,0.6283,0.282443,58,40,26,58.66,0.3800,0.1925,0.024918,4.437
155875,520,420,940,219,33,188,336.70,0.9371,0.5554,0.197810,32,23,24,10.88,0.1686,0.1139,0.009858,4.140
155896,520,270,790,229,125,232,326.20,0.8598,0.6996,0.371532,45,66,61,178.22,0.2628,0.2631,0.047911,4.305
155898,520,418,938,212,58,188,335.13,0.8524,0.5609,0.206561,43,9,47,323.35,0.7266,0.1168,0.009143,4.338
155899,520,389,909,254,51,10,32.09,0.9959,0.5875,0.234642,33,15,92,283.90,0.8849,0.1540,0.014376,4.422
155913,520,422,942,191,53,239,315.28,0.9294,0.5570,0.198558,9,14,76,269.53,0.9407,0.1150,0.008939,4.217
155917,520,237,757,231,167,39,78.87,0.9080,0.7324,0.447747,36,80,10,136.96,0.9722,0.2912,0.061341,4.470
155920,520,468,988,166,72,212,312.55,0.8010,0.5194,0.174960,15,0,8,344.38,1.0000,0.0358,0.001191,4.395
155924,520,454,974,192,71,171,335.20,0.7402,0.5317,0.186548,5,17,12,166.83,0.5065,0.0689,0.004597,4.333
155937,520,35,555,241,246,220,115.89,0.6276,0.9563,0.897796,19,130,9,142.07,0.9950,0.4531,0.161228,4.487
155938,520,450,970,216,65,98,12.11,0.8054,0.5374,0.192638,10,8,44,278.32,0.8054,0.0720,0.004200,4.477
155990,520,463,983,204,11,206,327.80,0.9841,0.5317,0.175348,2,12,9,176.41,0.6468,0.0528,0.002956,4.255
155992,520,400,920,252,38,63,22.84,0.9850,0.5790,0.224443,26,27,63,278.97,0.5773,0.1401,0.013623,4.314
155994,520,440,960,203,44,211,325.95,0.9160,0.5486,0.192028,23,13,33,305.77,0.4855,0.0853,0.005798,4.338
155996,520,394,914,245,11,181,344.57,0.9914,0.5927,0.229912,11,39,7,141.12,0.9421,0.1392,0.015375,4.282
156001,520,480,1000,195,70,115,1.45,0.7053,0.5102,0.172220,0,0,0,0.00,0.0000,0.0000,0.000000,4.444
156020,520,476,996,171,62,204,317.24,0.8165,0.5085,0.164638,3,2,3,326.14,0.1845,0.0248,0.000694,4.234
156024,520,302,822,247,68,255,326.16,1.0000,0.6693,0.311311,25,55,90,253.78,0.6186,0.2336,0.036771,4.164
156025,520,384,904,255,40,87,16.84,1.0000,0.5904,0.234695,25,4,107,275.95,0.9872,0.1539,0.013550,4.480
156026,520,379,899,233,37,215,332.73,0.9646,0.5989,0.235557,64,18,20,21.11,0.6940,0.1560,0.015733,4.344
156031,520,372,892,232,35,234,327.77,0.9767,0.6085,0.243008,75,3,46,350.96,0.8814,0.1717,0.017585,4.335
156045,520,431,951,212,58,164,343.27,0.8203,0.5480,0.197056,19,7,63,282.75,0.8946,0.0969,0.006493,4.373
156057,520,461,981,185,32,231,316.04,0.9570,0.5266,0.171181,20,3,15,339.02,0.6465,0.0528,0.002484,4.214
156059,520,401,921,250,54,39,29.49,0.9793,0.5833,0.231124,48,23,36,348.46,0.4256,0.1417,0.013686,4.414
156067,520,424,944,228,49,137,356.46,0.8778,0.5578,0.204995,24,12,59,288.34,0.7766,0.1051,0.007729,4.417
156069,520,340,860,232,89,210,334.24,0.8657,0.6402,0.289560,20,55,34,154.77,0.7304,0.2028,0.029965,4.246
156077,520,446,966,210,12,205,329.64,0.9840,0.5420,0.183744,7,7,53,272.74,0.9221,0.0768,0.004541,4.286
156080,520,472,992,222,45,16,31.64,0.9793,0.5174,0.174465,3,1,14,289.10,0.8057,0.0271,0.000728,4.425
156081,520,391,911,219,75,188,337.46,0.8182,0.5905,0.237252,28,35,38,225.62,0.1337,0.1471,0.015889,4.360
156082,520,405,925,240,47,133,0.12,0.9148,0.5779,0.222549,21,3,96,275.66,0.9882,0.1345,0.010690,4.491
156083,520,24,544,243,250,213,116.02,0.8452,0.9655,0.922300,43,130,47,143.90,0.9477,0.4624,0.166835,4.484
156100,520,312,832,241,104,175,350.58,0.8324,0.6582,0.316992,14,58,64,208.07,0.7318,0.2220,0.034895,4.323
156103,520,356,876,220,62,252,320.14,0.9854,0.6193,0.256911,63,19,67,324.30,0.6996,0.1779,0.019279,4.430
156120,520,466,986,174,61,215,315.37,0.8492,0.5201,0.172434,5,9,3,133.40,0.4776,0.0465,0.002342,4.250
156137,520,437,957,227,59,83,18.03,0.8778,0.5485,0.200861,23,18,21,341.39,0.1293,0.0901,0.006689,4.425
156151,520,423,943,201,80,176,336.52,0.7325,0.5608,0.212911,15,22,46,269.56,0.5312,0.1062,0.008726,4.477
156165,520,399,919,215,8,252,319.75,0.9965,0.5845,0.216509,51,26,4,59.03,0.7839,0.1443,0.014515,4.131
156172,520,378,898,241,46,183,343.72,0.9373,0.6006,0.240766,65,6,56,335.49,0.8114,0.1597,0.015398,4.446
156196,520,438,958,230,37,129,358.92,0.9190,0.5504,0.197340,39,3,19,356.85,0.7850,0.0856,0.005435,4.462
156219,520,460,980,183,50,221,317.28,0.8999,0.5279,0.175701,13,10,20,297.60,0.3150,0.0619,0.003532,4.216
156224,520,461,981,210,0,196,332.07,1.0000,0.5333,0.176893,19,3,0,44.28,1.0000,0.0462,0.002036,4.360
156239,520,414,934,236,48,117,5.25,0.9052,0.5655,0.212342,37,7,69,299.55,0.8634,0.1241,0.009750,4.391
156253,520,472,992,231,4,1,29.32,0.9991,0.5169,0.170811,1,3,20,266.78,0.8729,0.0344,0.001221,4.311
156261,520,426,946,250,13,30,27.25,0.9948,0.5613,0.207093,1,17,72,263.51,0.9783,0.1113,0.008752,4.376
156264,520,383,903,224,47,225,327.90,0.9493,0.5957,0.233188,45,11,79,300.92,0.8416,0.1498,0.013618,4.451
156272,520,296,816,218,117,244,319.09,0.9115,0.6786,0.341611,25,64,46,161.29,0.6674,0.2386,0.040706,4.317
156299,520,426,946,243,32,76,18.29,0.9680,0.5593,0.206129,24,21,48,286.27,0.5075,0.1130,0.009439,4.309
156323,520,456,976,231,9,94,10.00,0.9880,0.5301,0.179955,11,3,39,286.36,0.8734,0.0587,0.002828,4.353
156331,520,435,955,244,22,35,26.87,0.9881,0.5516,0.199318,13,20,32,260.88,0.3540,0.0909,0.006901,4.382
156338,520,442,962,239,11,41,25.19,0.9939,0.5381,0.187535,42,0,10,10.70,1.0000,0.0836,0.005142,4.308
156349,520,398,918,255,23,58,23.03,1.0000,0.5776,0.221821,38,3,86,292.68,0.9617,0.1394,0.011491,4.421
156352,520,335,855,232,61,249,323.96,0.9765,0.6354,0.273351,89,7,11,25.69,0.9526,0.1964,0.023003,4.429
156356,520,479,999,175,77,158,334.63,0.6534,0.5054,0.168915,2,0,3,318.71,1.0000,0.0147,0.000195,4.361
156365,520,479,999,203,12,171,337.55,0.9674,0.5072,0.159017,2,0,0,29.23,1.0000,0.0120,0.000129,4.170
156380,520,349,869,255,7,217,337.10,1.0000,0.6304,0.264251,59,36,48,347.24,0.3224,0.1918,0.024051,4.244
156388,520,383,903,235,90,40,38.08,0.9250,0.5952,0.251306,20,40,19,143.05,0.6391,0.1497,0.017133,4.488
156393,520,360,880,255,53,156,355.55,1.0000,0.6195,0.262100,12,35,97,264.54,0.8855,0.1818,0.021432,4.369
156399,520,477,997,227,7,19,27.99,0.9959,0.5096,0.165329,4,0,7,315.09,1.0000,0.0210,0.000412,4.271
156408,520,462,982,226,33,83,14.44,0.9423,0.5262,0.178838,1,11,10,188.93,0.7773,0.0498,0.002677,4.344
156410,520,427,947,201,52,225,321.59,0.9169,0.5613,0.203113,18,25,5,125.18,0.6912,0.0992,0.008348,4.338
156429,520,333,853,254,95,101,21.53,0.9874,0.6449,0.301982,35,52,18,131.27,0.7019,0.1993,0.028569,4.480
156433,520,470,990,196,22,209,324.78,0.9626,0.5231,0.169147,2,5,17,264.35,0.6262,0.0391,0.001619,4.245
156437,520,387,907,255,5,142,358.20,1.0000,0.5940,0.233252,8,20,94,267.02,0.9524,0.1463,0.013600,4.454
156442,520,418,938,212,5,232,323.48,0.9964,0.5634,0.199337,42,2,62,310.63,0.9282,0.1184,0.008835,4.238
156443,520,358,878,207,95,228,321.06,0.8432,0.6207,0.270527,34,45,44,189.51,0.1644,0.1842,0.023987,4.332
156446,520,433,953,196,27,241,316.98,0.9758,0.5500,0.188719,40,6,32,338.48,0.7172,0.0982,0.006857,4.199
156467,520,76,596,253,222,211,40.55,0.8387,0.9106,0.778294,46,118,36,141.32,0.9451,0.4235,0.136646,4.438
156478,520,436,956,242,23,79,16.70,0.9786,0.5538,0.200579,36,12,8,31.32,0.5866,0.0919,0.006556,4.431
156497,520,427,947,239,28,109,6.98,0.9602,0.5571,0.202886,17,25,18,148.25,0.2668,0.1015,0.008581,4.317
156501,520,379,899,250,75,43,32.58,0.9733,0.6042,0.255341,21,41,43,203.88,0.3752,0.1617,0.019197,4.413
156513,520,370,890,250,11,188,343.66,0.9932,0.6058,0.241975,5,14,117,265.79,0.9854,0.1671,0.016306,4.403
156524,520,408,928,249,19,72,19.07,0.9875,0.5658,0.210770,16,11,92,272.33,0.9634,0.1347,0.011221,4.259
156528,520,431,951,222,48,142,353.23,0.8655,0.5476,0.195990,18,12,58,281.44,0.8030,0.0984,0.006970,4.318
156532,520,362,882,241,71,153,355.27,0.8738,0.6083,0.255101,78,1,46,352.38,0.9522,0.1764,0.018389,4.461
156542,520,449,969,223,59,50,28.12,0.9117,0.5351,0.190489,27,4,19,342.85,0.6685,0.0668,0.003669,4.481
156550,520,385,905,251,43,126,4.13,0.9659,0.5944,0.237469,41,33,30,41.63,0.1392,0.1526,0.016529,4.321
156554,520,358,878,253,35,183,346.05,0.9854,0.6168,0.255070,4,40,85,256.50,0.9081,0.1798,0.021991,4.238
156575,520,358,878,237,65,211,334.93,0.9210,0.6233,0.264909,67,27,16,36.31,0.6594,0.1763,0.020147,4.489
156587,520,239,759,252,143,138,23.41,0.9236,0.7272,0.421781,41,76,20,135.88,0.9040,0.2818,0.056907,4.413
156600,520,318,838,253,63,222,335.75,0.9894,0.6551,0.297147,26,57,57,195.47,0.4800,0.2209,0.034412,4.113
156631,520,317,837,235,125,96,35.75,0.7744,0.6598,0.331764,15,61,45,166.03,0.8208,0.2241,0.036284,4.425
156637,520,416,936,225,50,176,342.22,0.8893,0.5706,0.214258,33,23,28,347.22,0.2035,0.1167,0.010200,4.390
156638,520,359,879,222,105,157,354.19,0.6850,0.6226,0.280692,34,44,52,242.57,0.1998,0.1849,0.023893,4.475
156661,520,412,932,220,21,211,330.59,0.9773,0.5665,0.204574,48,15,23,7.46,0.5775,0.1218,0.010320,4.220
156664,520,324,844,231,76,252,322.67,0.9861,0.6494,0.291882,20,33,121,268.52,0.9252,0.2078,0.026167,4.489
156683,520,373,893,241,17,210,335.83,0.9894,0.6026,0.237577,21,43,29,154.87,0.5173,0.1627,0.019758,4.122
156693,520,465,985,191,52,183,330.52,0.8269,0.5162,0.169528,7,7,17,282.94,0.3721,0.0488,0.002376,4.191
156696,520,464,984,144,87,225,299.12,0.7968,0.5227,0.181821,16,3,24,311.94,0.7173,0.0524,0.002412,4.423
156698,520,418,938,217,72,133,358.28,0.7682,0.5587,0.210822,49,14,20,12.51,0.6158,0.1211,0.010177,4.334
156720,520,441,961,214,25,180,337.74,0.9461,0.5377,0.182889,31,0,51,307.68,1.0000,0.0883,0.005304,4.211
156738,520,366,886,185,94,254,307.36,0.9877,0.6068,0.254762,47,17,93,294.77,0.8326,0.1739,0.017956,4.485
156742,520,384,904,248,41,144,357.45,0.9451,0.5936,0.235593,55,21,45,339.98,0.5548,0.1538,0.015381,4.368
156743,520,388,908,223,83,151,353.46,0.7570,0.5899,0.241112,52,27,26,22.68,0.3953,0.1527,0.015886,4.418
156753,520,356,876,244,95,84,27.33,0.9109,0.6240,0.280607,37,46,21,125.30,0.5138,0.1829,0.024014,4.467
156755,520,288,808,227,104,253,320.31,0.9867,0.6774,0.333252,33,52,99,265.46,0.6088,0.2369,0.036800,4.415
156759,520,452,972,213,73,34,35.72,0.9126,0.5306,0.190291,2,8,53,266.09,0.9520,0.0750,0.004436,4.414
156764,520,470,990,166,46,250,305.61,0.9729,0.5237,0.169638,15,0,13,332.46,1.0000,0.0380,0.001306,4.281
156771,520,315,835,217,114,221,325.91,0.7911,0.6594,0.320084,5,63,13,144.60,0.9886,0.2210,0.036162,4.295
156775,520,443,963,199,52,205,326.33,0.8787,0.5441,0.190075,3,6,62,267.36,0.9726,0.0824,0.004974,4.367
156789,520,412,932,250,27,15,29.49,0.9901,0.5651,0.211460,22,9,81,279.18,0.9325,0.1230,0.009600,4.387
156795,520,372,892,248,46,170,349.27,0.9465,0.6074,0.248160,14,45,49,206.84,0.6081,0.1732,0.021918,4.146
156797,520,349,869,235,48,249,324.90,0.9790,0.6310,0.266180,46,40,53,305.84,0.2042,0.1867,0.023555,4.299
156798,520,407,927,246,55,15,32.56,0.9877,0.5747,0.223632,12,37,8,140.94,0.9170,0.1332,0.014188,4.263
156802,520,442,962,225,58,55,26.63,0.9113,0.5387,0.193123,28,10,9,24.33,0.4686,0.0761,0.004837,4.434
156808,520,440,960,226,3,172,342.90,0.9952,0.5499,0.192151,19,4,60,285.16,0.9244,0.0890,0.005515,4.362
156809,520,387,907,229,22,229,328.31,0.9860,0.5948,0.228914,39,35,12,99.60,0.5712,0.1510,0.016600,4.188
156812,520,378,898,250,68,75,23.68,0.9670,0.6006,0.249697,26,36,61,266.55,0.4422,0.1612,0.018182,4.396
156821,520,465,985,172,78,189,321.27,0.7177,0.5205,0.178945,6,10,16,255.23,0.2797,0.0542,0.002932,4.325
156826,520,405,925,253,13,85,15.62,0.9921,0.5750,0.218301,39,3,81,295.95,0.9531,0.1349,0.010906,4.405
156827,520,429,949,195,36,234,318.11,0.9565,0.5473,0.188058,12,1,81,272.64,0.9958,0.1049,0.006939,4.181
156853,520,403,923,221,56,198,334.49,0.8922,0.5805,0.222800,4,23,78,264.03,0.9356,0.1316,0.011886,4.408
156857,520,357,877,212,88,225,323.80,0.8537,0.6167,0.264144,13,44,65,241.87,0.6693,0.1789,0.022685,4.322
156861,520,436,956,224,33,167,344.39,0.9290,0.5532,0.197276,27,4,49,302.50,0.8473,0.0872,0.005416,4.462
156889,520,447,967,195,18,229,319.59,0.9812,0.5354,0.176934,33,5,25,340.49,0.6905,0.0810,0.005021,4.124
156900,520,480,1000,204,44,134,351.72,0.8328,0.5066,0.163621,0,0,0,0.00,0.0000,0.0000,0.000000,4.272
156908,520,354,874,254,68,110,12.77,0.9892,0.6156,0.263344,58,33,50,339.68,0.3791,0.1846,0.022176,4.341
156910,520,404,924,233,71,94,16.89,0.8529,0.5752,0.226412,10,34,36,202.72,0.5687,0.1308,0.013359,4.363
156913,520,453,973,205,84,15,43.57,0.9511,0.5306,0.193564,15,11,33,289.09,0.5461,0.0731,0.004507,4.468
156918,520,432,952,217,62,133,356.92,0.8031,0.5474,0.198928,38,10,19,2.57,0.5819,0.0950,0.006762,4.385
156954,520,390,910,229,76,151,353.97,0.8026,0.5917,0.240639,17,33,64,262.27,0.6120,0.1491,0.015770,4.419
156964,520,442,962,233,42,49,25.76,0.9555,0.5405,0.192044,1,21,23,203.14,0.8872,0.0812,0.006046,4.319
156982,520,374,894,223,17,248,322.53,0.9926,0.5967,0.228683,47,5,91,297.76,0.9375,0.1593,0.014682,4.308
156983,520,372,892,234,52,215,333.00,0.9426,0.6100,0.248573,49,35,21,65.75,0.3859,0.1659,0.019092,4.321
156995,520,249,769,210,170,62,88.06,0.7829,0.7151,0.428001,36,74,67,180.35,0.4946,0.2841,0.056777,4.477
157009,520,392,912,226,81,142,357.75,0.7707,0.5890,0.240091,9,41,35,178.34,0.7277,0.1521,0.017652,4.288
157037,520,464,984,226,41,29,29.37,0.9616,0.5234,0.178462,3,6,32,269.54,0.8433,0.0524,0.002539,4.348
157047,520,236,756,252,127,247,328.85,0.9872,0.7424,0.425920,52,72,69,184.79,0.2216,0.2898,0.057944,4.409
157058,520,359,879,231,76,212,333.20,0.8904,0.6247,0.269137,17,49,31,156.33,0.7162,0.1806,0.024146,4.304
157064,520,457,977,120,92,250,285.39,0.9508,0.5265,0.185492,4,13,21,242.83,0.4902,0.0616,0.003678,4.387
157079,520,272,792,239,121,208,338.21,0.8554,0.6953,0.365818,47,65,53,155.34,0.2719,0.2588,0.046419,4.313
157105,520,381,901,209,94,190,334.24,0.7292,0.6004,0.252802,35,41,4,118.32,0.8694,0.1630,0.019520,4.356
157125,520,450,970,231,39,60,22.58,0.9519,0.5358,0.187692,4,9,42,268.66,0.8692,0.0676,0.003883,4.411
157127,520,440,960,226,49,134,357.16,0.8721,0.5528,0.200893,45,2,15,7.23,0.8687,0.0944,0.006359,4.452
157128,520,447,967,227,8,146,351.41,0.9854,0.5401,0.185826,7,15,35,265.18,0.5913,0.0766,0.005081,4.281
157155,520,410,930,232,50,145,354.47,0.8872,0.5694,0.214842,42,6,72,303.08,0.8804,0.1330,0.010904,4.349
157159,520,458,978,192,45,204,324.65,0.8898,0.5260,0.174444,28,0,24,334.10,1.0000,0.0630,0.003129,4.225
157196,520,280,800,254,104,199,344.52,0.9881,0.6892,0.350980,10,69,53,169.67,0.9122,0.2522,0.045776,4.187
157198,520,407,927,230,44,170,345.17,0.9119,0.5725,0.215293,8,0,99,268.08,1.0000,0.1271,0.009524,4.457
157202,520,437,957,236,13,107,6.51,0.9835,0.5451,0.191854,20,6,53,289.15,0.8474,0.0860,0.005360,4.369
157215,520,427,947,187,61,235,314.64,0.9038,0.5551,0.199016,27,20,15,57.26,0.2148,0.0975,0.007678,4.317
157218,520,424,944,208,57,194,332.13,0.8577,0.5567,0.202331,26,7,64,290.20,0.8689,0.1052,0.007417,4.395
157226,520,446,966,231,42,88,14.24,0.9256,0.5433,0.193524,24,2,44,303.61,0.8930,0.0755,0.004195,4.494
157231,520,268,788,213,132,247,315.21,0.9061,0.6987,0.373652,32,72,0,135.67,1.0000,0.2614,0.049417,4.261
157266,520,375,895,251,41,135,0.99,0.9658,0.5962,0.238479,61,15,52,336.46,0.6963,0.1592,0.015818,4.383
157279,520,439,959,234,8,141,354.55,0.9881,0.5520,0.195922,24,3,58,292.70,0.9209,0.0907,0.005648,4.419
157325,520,381,901,240,31,201,338.06,0.9713,0.6003,0.237252,41,13,94,290.20,0.8841,0.1628,0.015674,4.374
157355,520,400,920,224,52,188,338.23,0.8951,0.5768,0.219365,13,36,46,228.88,0.5413,0.1435,0.015445,4.116
157356,520,395,915,249,12,155,353.16,0.9899,0.5886,0.227727,53,19,28,5.53,0.5442,0.1393,0.013066,4.404
157361,520,432,952,149,88,251,296.10,0.9546,0.5514,0.203342,41,8,27,348.27,0.6637,0.1004,0.007243,4.426
157362,520,453,973,208,27,179,336.51,0.9323,0.5268,0.174505,25,3,36,312.66,0.8039,0.0721,0.003992,4.158
157369,520,376,896,239,82,94,19.90,0.8733,0.5995,0.251965,39,35,35,17.55,0.0587,0.1573,0.017548,4.470
157392,520,475,995,198,3,203,327.01,0.9947,0.5171,0.163844,8,3,3,19.66,0.3303,0.0340,0.001233,4.174
157395,520,417,937,167,82,254,302.49,0.9891,0.5671,0.214063,17,32,16,142.84,0.5447,0.1217,0.011896,4.266
157400,520,454,974,231,41,20,30.50,0.9781,0.5332,0.186283,9,9,42,276.66,0.7735,0.0714,0.004206,4.359
157435,520,414,934,223,73,132,0.14,0.7852,0.5703,0.221215,10,32,8,141.94,0.8880,0.1158,0.011150,4.435
157446,520,336,856,243,28,252,326.29,0.9908,0.6368,0.269162,52,46,20,96.64,0.5247,0.1992,0.027346,4.126
157448,520,454,974,103,101,252,278.02,0.9726,0.5299,0.192186,13,15,5,117.28,0.4418,0.0680,0.004382,4.453
157449,520,357,877,248,55,175,348.08,0.9441,0.6160,0.257872,7,40,84,257.33,0.8573,0.1800,0.022027,4.274
157479,520,456,976,223,15,132,355.46,0.9683,0.5278,0.176983,7,10,17,264.78,0.2750,0.0555,0.003027,4.280
157487,520,401,921,244,60,93,16.31,0.9238,0.5848,0.232584,65,4,32,359.22,0.8479,0.1450,0.013151,4.475
157495,520,359,879,207,90,234,319.67,0.8771,0.6177,0.265197,37,29,90,283.31,0.7263,0.1789,0.020102,4.496
157511,520,470,990,204,32,170,338.32,0.9010,0.5167,0.167747,1,8,13,228.83,0.7013,0.0438,0.002092,4.180
157515,520,341,861,226,112,116,19.41,0.6991,0.6273,0.290204,73,35,4,54.48,0.8562,0.2017,0.026275,4.460
157534,520,300,820,249,116,114,22.94,0.9082,0.6703,0.338484,38,61,38,144.38,0.4845,0.2346,0.038894,4.370
157536,520,391,911,215,55,232,323.68,0.9352,0.5914,0.230076,26,6,100,277.89,0.9738,0.1473,0.012699,4.467
157542,520,475,995,186,15,233,316.18,0.9850,0.5229,0.166652,3,5,2,133.60,0.4000,0.0338,0.001323,4.221
157551,520,363,883,246,1,207,337.67,0.9995,0.6069,0.241226,26,24,100,274.98,0.8854,0.1707,0.017929,4.287
157562,520,469,989,215,60,43,30.12,0.9085,0.5195,0.178557,15,1,20,318.36,0.8150,0.0442,0.001738,4.418
157578,520,429,949,181,64,234,312.82,0.8928,0.5485,0.194321,36,15,1,56.81,0.8644,0.0960,0.007190,4.272
157584,520,0,520,255,255,255,0.00,0.0000,1.0000,1.000000,45,137,26,140.78,0.9782,0.4835,0.185231,4.464
157592,520,431,951,222,28,180,339.78,0.9477,0.5539,0.196579,8,19,47,265.13,0.6955,0.0953,0.007226,4.309
157616,520,429,949,199,79,154,345.02,0.6975,0.5453,0.200689,45,3,22,357.42,0.8086,0.0983,0.006810,4.413
157617,520,419,939,230,68,78,21.81,0.8711,0.5628,0.215101,3,24,49,253.59,0.8119,0.1064,0.008943,4.498
157646,520,454,974,232,37,20,30.01,0.9790,0.5326,0.185325,24,11,0,69.65,1.0000,0.0700,0.004336,4.331
157652,520,419,939,235,47,105,9.33,0.9107,0.5592,0.207182,12,29,4,136.22,0.9064,0.1067,0.009656,4.311
157664,520,409,929,222,85,100,16.96,0.7583,0.5744,0.229492,31,32,17,111.50,0.3664,0.1344,0.013648,4.391
157671,520,353,873,255,69,116,10.95,1.0000,0.6200,0.267808,40,36,76,285.54,0.5239,0.1848,0.022346,4.393
157676,520,440,960,238,47,20,31.17,0.9801,0.5521,0.202639,20,18,37,287.19,0.4201,0.0950,0.007149,4.421
157693,520,368,888,228,58,227,328.33,0.9384,0.6119,0.250684,23,42,45,208.43,0.3456,0.1670,0.020275,4.279
157712,520,451,971,225,58,23,33.04,0.9656,0.5357,0.190983,19,11,21,319.46,0.3302,0.0704,0.004319,4.436
157715,520,436,956,177,61,251,307.99,0.9733,0.5535,0.196505,13,20,20,196.26,0.1816,0.0853,0.006364,4.373
157721,520,451,971,189,64,207,322.39,0.8341,0.5408,0.189919,2,18,6,151.75,0.9100,0.0678,0.004586,4.395
157727,520,389,909,250,12,165,350.31,0.9908,0.5949,0.233070,10,39,42,204.67,0.6389,0.1492,0.016827,4.236
157741,520,429,949,231,62,53,28.02,0.9167,0.5543,0.206942,39,12,11,24.27,0.5904,0.0976,0.007185,4.493
157744,520,364,884,243,41,194,340.82,0.9559,0.6069,0.245386,21,45,25,148.02,0.6276,0.1680,0.021063,4.157
157747,520,476,996,217,49,2,33.63,0.9969,0.5100,0.169553,1,1,0,109.77,1.0000,0.0157,0.000282,4.366
157761,520,397,917,232,47,183,341.64,0.9187,0.5848,0.226104,19,36,22,148.85,0.4902,0.1371,0.014581,4.275
157778,520,452,972,200,61,159,341.91,0.7791,0.5272,0.181219,3,16,26,240.33,0.6404,0.0706,0.004645,4.231
157783,520,420,940,236,12,147,353.06,0.9838,0.5594,0.202054,12,25,42,255.65,0.4953,0.1092,0.009406,4.243
157786,520,270,790,253,91,255,327.33,1.0000,0.7011,0.355876,44,60,94,264.29,0.4325,0.2625,0.045752,4.239
157819,520,419,939,231,46,129,359.77,0.8950,0.5583,0.205308,26,16,50,293.57,0.6248,0.1063,0.008205,4.386
157865,520,352,872,239,77,175,347.34,0.8674,0.6204,0.267564,59,39,13,70.71,0.6488,0.1890,0.024100,4.286
157866,520,364,884,221,78,216,329.26,0.8724,0.6130,0.257809,30,39,56,262.74,0.3141,0.1694,0.020125,4.389
157887,520,322,842,238,106,163,355.44,0.7915,0.6517,0.311322,30,56,26,141.11,0.6889,0.2100,0.031789,4.418
157912,520,417,937,245,31,87,15.13,0.9678,0.5652,0.210840,35,8,69,297.16,0.8537,0.1226,0.009607,4.376
157920,520,454,974,139,84,247,293.72,0.9265,0.5305,0.185450,19,1,42,298.57,0.9419,0.0657,0.003273,4.420
157921,520,428,948,241,47,16,31.48,0.9858,0.5581,0.207746,23,19,37,293.13,0.3901,0.1003,0.007815,4.458
157929,520,376,896,251,9,178,346.67,0.9940,0.6023,0.239224,28,34,66,273.59,0.5042,0.1611,0.017842,4.263
157937,520,341,861,254,2,216,337.12,0.9993,0.6271,0.260755,72,35,12,49.71,0.7155,0.2008,0.026065,4.085
157964,520,463,983,233,7,68,18.32,0.9936,0.5281,0.178961,13,4,16,318.49,0.5350,0.0471,0.002098,4.395
157972,520,204,724,237,157,248,322.51,0.9388,0.7738,0.488973,23,88,6,140.52,0.9914,0.3123,0.071745,4.427
157973,520,413,933,205,62,218,324.32,0.8855,0.5718,0.214880,7,32,27,177.93,0.6784,0.1194,0.011573,4.302
157982,520,446,966,173,49,250,307.63,0.9719,0.5361,0.179838,0,18,42,253.04,0.9999,0.0840,0.005997,4.104
158021,520,393,913,244,9,178,345.20,0.9925,0.5889,0.226460,33,33,11,108.86,0.5636,0.1383,0.014352,4.296
158042,520,452,972,148,82,242,298.09,0.8939,0.5336,0.187415,6,13,38,267.71,0.6979,0.0737,0.004665,4.343
158048,520,282,802,250,134,59,50.08,0.9437,0.6941,0.376929,15,70,22,145.05,0.9644,0.2493,0.045396,4.475
158070,520,447,967,225,39,117,2.50,0.9041,0.5374,0.187457,5,3,66,269.41,0.9859,0.0837,0.004907,4.325
158103,520,458,978,180,0,251,310.72,1.0000,0.5257,0.166694,19,2,33,306.81,0.8391,0.0601,0.002917,4.095
158112,520,428,948,248,11,87,14.45,0.9921,0.5645,0.208875,40,14,13,23.93,0.5465,0.1033,0.007943,4.468
158126,520,387,907,233,13,216,332.46,0.9915,0.5909,0.225720,15,38,51,235.65,0.5335,0.1533,0.017267,4.099
158135,520,478,998,208,24,158,343.19,0.9273,0.5136,0.165340,5,0,9,314.44,1.0000,0.0236,0.000520,4.262
158137,520,364,884,236,59,206,336.03,0.9241,0.6136,0.254197,51,34,25,48.89,0.3273,0.1672,0.019181,4.397
158138,520,379,899,225,40,239,324.83,0.9705,0.6027,0.237593,18,44,8,138.23,0.9271,0.1597,0.019474,4.140
158159,520,408,928,160,92,253,299.13,0.9735,0.5720,0.222200,26,34,7,123.74,0.7270,0.1335,0.013790,4.267
158161,520,452,972,183,46,232,314.77,0.9285,0.5334,0.178486,16,11,20,309.50,0.2882,0.0668,0.004000,4.231
158177,520,411,931,225,87,14,41.78,0.9731,0.5713,0.228583,25,31,13,124.09,0.4839,0.1246,0.012157,4.482
158182,520,479,999,210,27,146,347.89,0.9142,0.5128,0.165631,1,0,5,292.48,1.0000,0.0142,0.000174,4.298
158206,520,431,951,185,54,238,313.66,0.9224,0.5479,0.191268,12,5,75,273.30,0.9730,0.1026,0.006947,4.237
158210,520,371,891,233,57,219,331.69,0.9373,0.6145,0.253669,73,15,31,8.69,0.7455,0.1732,0.018573,4.428
158214,520,471,991,183,10,235,314.93,0.9905,0.5185,0.162837,6,0,34,283.03,1.0000,0.0430,0.001542,4.129
158219,520,465,985,180,90,122,359.00,0.5429,0.5183,0.184221,1,10,19,240.35,0.7570,0.0512,0.002705,4.444
158229,520,343,863,248,84,149,359.78,0.9095,0.6337,0.284702,25,51,26,144.82,0.6688,0.1903,0.026488,4.376
158242,520,409,929,235,62,85,18.55,0.8906,0.5675,0.217663,15,30,47,252.59,0.4781,0.1278,0.012353,4.293
158262,520,453,973,218,51,96,10.75,0.8605,0.5264,0.181201,35,2,3,24.02,0.9093,0.0716,0.004074,4.276
158263,520,395,915,230,34,204,334.91,0.9597,0.5853,0.223293,39,9,76,297.19,0.8620,0.1363,0.011485,4.445
158272,520,420,940,201,9,249,316.80,0.9949,0.5593,0.194540,27,22,23,4.25,0.0996,0.1050,0.008687,4.167
158282,520,409,929,199,78,197,328.35,0.7806,0.5668,0.216237,2,2,101,265.10,0.9976,0.1295,0.009958,4.440
158317,520,468,988,192,59,175,333.53,0.7919,0.5200,0.174311,14,1,20,316.22,0.8173,0.0430,0.001656,4.342
158324,520,465,985,97,100,244,276.74,0.9185,0.5162,0.181868,13,5,17,314.78,0.4875,0.0498,0.002346,4.430
158326,520,452,972,219,56,65,23.06,0.8901,0.5263,0.182727,32,1,17,351.29,0.8436,0.0685,0.003693,4.334
158330,520,477,997,149,85,209,305.08,0.7363,0.5134,0.174904,0,2,3,218.80,1.0000,0.0204,0.000500,4.454
158343,520,445,965,232,24,91,11.82,0.9655,0.5361,0.185674,2,3,63,266.55,0.9885,0.0778,0.004369,4.335
158356,520,464,984,160,80,213,309.23,0.7725,0.5230,0.180156,10,1,36,288.72,0.9429,0.0509,0.002136,4.415
158378,520,462,982,162,70,234,306.00,0.8775,0.5285,0.180028,3,11,10,187.56,0.4559,0.0516,0.002806,4.356
158385,520,412,932,221,33,201,333.51,0.9504,0.5668,0.206792,18,14,75,276.12,0.8934,0.1195,0.009506,4.315
158395,520,135,655,252,192,193,17.48,0.8486,0.8395,0.622467,26,101,82,172.05,0.8465,0.3715,0.101357,4.443
158397,520,476,996,217,17,114,0.76,0.9587,0.5094,0.163701,1,0,13,277.69,1.0000,0.0199,0.000355,4.244
158401,520,452,972,171,83,202,316.37,0.7338,0.5350,0.191096,11,17,4,127.69,0.6043,0.0712,0.004808,4.399
158402,520,379,899,212,89,198,332.23,0.7759,0.6023,0.252208,42,29,65,298.47,0.5247,0.1630,0.017526,4.475
158412,520,480,1000,205,15,172,337.79,0.9610,0.5125,0.163014,0,0,0,0.00,0.0000,0.0000,0.000000,4.260
158417,520,364,884,242,61,175,347.05,0.9034,0.6100,0.253129,26,44,26,144.36,0.4894,0.1685,0.020955,4.272
158418,520,368,888,243,83,120,10.35,0.8737,0.6145,0.266003,6,45,57,223.26,0.8099,0.1744,0.022108,4.382
158421,520,411,931,209,75,173,339.94,0.7668,0.5660,0.216065,14,18,71,272.15,0.8675,0.1192,0.009809,4.449
158430,520,199,719,242,152,249,324.37,0.9577,0.7714,0.481750,99,68,16,75.47,0.8054,0.3211,0.068246,4.497
158437,520,365,885,229,94,122,10.22,0.7558,0.6054,0.260711,58,31,36,8.25,0.3750,0.1743,0.020070,4.434
158439,520,341,861,195,117,219,317.87,0.7155,0.6336,0.294402,48,46,53,298.70,0.1027,0.2048,0.028394,4.393
158480,520,410,930,198,46,245,316.18,0.9542,0.5672,0.205537,13,25,71,267.88,0.8112,0.1332,0.012357,4.098
158483,520,350,870,204,97,240,316.73,0.8911,0.6269,0.276793,56,36,52,333.92,0.3221,0.1893,0.023505,4.446
158516,520,465,985,205,40,159,342.46,0.8628,0.5176,0.170020,19,2,21,324.11,0.7497,0.0522,0.002360,4.202
158530,520,437,957,241,31,42,26.27,0.9779,0.5498,0.198513,26,17,6,72.16,0.4865,0.0870,0.006337,4.411
158545,520,452,972,232,22,28,27.69,0.9856,0.5254,0.178166,1,7,53,265.03,0.9637,0.0725,0.004154,4.213
158546,520,442,962,196,25,233,318.84,0.9738,0.5427,0.183157,5,16,38,261.33,0.6848,0.0796,0.005428,4.207
158549,520,462,982,231,20,64,19.84,0.9800,0.5268,0.178625,20,2,7,0.67,0.7018,0.0476,0.002075,4.390
158563,520,322,842,195,115,245,310.71,0.8820,0.6460,0.304570,64,42,46,7.19,0.2648,0.2122,0.029433,4.464
158598,520,425,945,243,25,85,15.12,0.9753,0.5579,0.204092,45,13,7,32.94,0.7114,0.1091,0.008612,4.335
158601,520,248,768,199,149,250,305.93,0.8854,0.7154,0.405397,78,62,39,75.93,0.3829,0.2799,0.052116,4.460
158606,520,435,955,220,11,184,337.97,0.9830,0.5468,0.189181,9,9,61,272.63,0.9245,0.0901,0.005903,4.278
158610,520,456,976,224,56,28,31.98,0.9560,0.5320,0.187623,13,4,34,292.67,0.7817,0.0584,0.002879,4.494
158614,520,409,929,206,7,255,316.84,1.0000,0.5720,0.204954,5,0,102,266.47,1.0000,0.1301,0.009915,4.255
158615,520,443,963,205,24,216,325.42,0.9679,0.5446,0.185921,38,0,31,336.64,1.0000,0.0845,0.005111,4.281
158617,520,470,990,234,5,3,29.22,0.9976,0.5238,0.176107,3,0,30,276.89,1.0000,0.0362,0.001131,4.422
158630,520,354,874,226,51,255,321.29,1.0000,0.6226,0.257585,38,34,76,284.81,0.5562,0.1781,0.020779,4.346
158650,520,249,769,252,132,175,358.61,0.9144,0.7190,0.402959,40,63,110,263.18,0.5677,0.2789,0.051317,4.471
158664,520,360,880,255,50,161,353.75,1.0000,0.6194,0.261179,35,39,58,274.70,0.3002,0.1751,0.021138,4.374
158667,520,330,850,245,33,252,326.71,0.9909,0.6421,0.275312,3,8,150,264.78,0.9960,0.2099,0.023948,4.399
158694,520,389,909,218,100,80,31.41,0.7379,0.5862,0.246012,5,41,34,176.97,0.8595,0.1501,0.017336,4.396
158701,520,387,907,249,47,127,3.78,0.9495,0.5934,0.237085,17,40,12,140.14,0.8507,0.1464,0.016633,4.308
158711,520,413,933,254,6,17,28.40,0.9980,0.5677,0.212454,29,12,66,290.88,0.8043,0.1174,0.009175,4.435
158712,520,316,836,215,122,199,333.69,0.6724,0.6587,0.324913,46,55,37,129.68,0.3072,0.2227,0.034468,4.439
158727,520,398,918,204,56,244,317.77,0.9478,0.5834,0.221989,42,0,88,295.80,1.0000,0.1438,0.011968,4.389
158730,520,401,921,226,72,146,354.83,0.8022,0.5797,0.228813,50,19,44,335.23,0.5593,0.1414,0.013258,4.408
158738,520,461,981,205,55,163,341.57,0.8136,0.5321,0.183578,7,9,6,134.23,0.1751,0.0493,0.002537,4.446
158742,520,444,964,238,12,38,25.73,0.9933,0.5359,0.185833,28,10,13,10.31,0.4418,0.0772,0.004930,4.293
158744,520,278,798,251,85,249,328.37,0.9858,0.6879,0.338485,103,26,41,13.67,0.7519,0.2519,0.037829,4.423
158751,520,478,998,221,42,41,27.25,0.9487,0.5148,0.171909,2,1,11,285.24,0.7741,0.0240,0.000588,4.387
158770,520,365,885,246,12,206,337.96,0.9935,0.6083,0.243151,26,29,95,274.05,0.8251,0.1745,0.019245,4.234
158781,520,453,973,181,26,251,310.62,0.9817,0.5346,0.175286,14,14,9,107.48,0.1823,0.0676,0.004272,4.151
158802,520,345,865,251,34,210,338.15,0.9788,0.6268,0.263096,33,41,77,272.28,0.5067,0.1914,0.024450,4.205
158823,520,420,940,234,64,13,34.83,0.9848,0.5593,0.211913,26,25,22,91.63,0.0755,0.1112,0.009728,4.385
158829,520,361,881,191,111,215,318.03,0.7082,0.6157,0.273526,12,50,11,142.79,0.9543,0.1776,0.023834,4.382
158832,520,442,962,240,15,30,27.15,0.9924,0.5404,0.189640,5,18,33,251.94,0.6021,0.0811,0.005747,4.299
158833,520,252,772,254,105,252,328.19,0.9962,0.7174,0.382049,6,63,110,250.00,0.8979,0.2651,0.047193,4.445
158837,520,408,928,247,28,101,10.77,0.9707,0.5712,0.215477,19,2,95,274.61,0.9927,0.1304,0.010080,4.419
158841,520,440,960,185,71,223,316.41,0.8502,0.5539,0.201496,18,18,23,285.36,0.1323,0.0857,0.006231,4.473
158864,520,429,949,182,76,219,316.14,0.8218,0.5528,0.202295,25,6,60,291.54,0.8681,0.0985,0.006632,4.455
158894,520,423,943,227,32,174,342.88,0.9407,0.5619,0.204225,42,18,12,35.04,0.5259,0.1140,0.009515,4.272
158895,520,464,984,147,91,210,303.01,0.7182,0.5217,0.183387,22,3,8,2.55,0.6534,0.0532,0.002533,4.443
158906,520,357,877,227,81,197,336.87,0.8411,0.6155,0.262493,67,27,27,21.85,0.5584,0.1788,0.020565,4.428
158909,520,267,787,233,130,222,331.13,0.8447,0.7082,0.385647,41,69,3,131.22,0.9810,0.2574,0.047341,4.475
158912,520,355,875,244,50,211,336.46,0.9545,0.6237,0.262204,85,3,15,21.64,0.9694,0.1844,0.020313,4.440
158929,520,371,891,198,83,248,313.79,0.9477,0.6054,0.249708,63,8,75,319.40,0.8351,0.1720,0.017386,4.448
158947,520,478,998,226,10,70,17.16,0.9887,0.5142,0.168309,2,2,0,109.77,1.0000,0.0218,0.000563,4.318
158957,520,414,934,225,16,207,332.86,0.9845,0.5714,0.208856,28,27,29,308.26,0.0456,0.1213,0.011195,4.230
158969,520,438,958,174,76,225,311.80,0.8344,0.5457,0.196046,8,7,67,271.29,0.9592,0.0932,0.006088,4.387
158984,520,340,860,237,61,239,327.58,0.9558,0.6369,0.275765,91,2,2,28.77,0.9903,0.1959,0.022724,4.480
158988,520,445,965,207,7,215,326.30,0.9919,0.5426,0.183256,2,2,67,266.34,0.9935,0.0812,0.004615,4.271
158992,520,444,964,234,35,22,29.57,0.9775,0.5357,0.187556,41,0,13,5.56,1.0000,0.0824,0.005006,4.319
158997,520,461,981,193,62,187,329.81,0.8032,0.5321,0.183721,8,5,22,290.13,0.5880,0.0478,0.002181,4.479
159000,520,63,583,253,221,242,338.67,0.9482,0.9185,0.790072,54,120,12,137.13,0.9857,0.4317,0.142433,4.366
159049,520,453,973,224,44,78,17.14,0.9153,0.5283,0.182015,3,17,9,159.48,0.7292,0.0666,0.004400,4.265
159051,520,268,788,156,159,254,281.14,0.9670,0.6964,0.390194,16,70,71,196.84,0.7809,0.2644,0.049452,4.426
159070,520,399,919,241,6,164,348.68,0.9936,0.5756,0.215145,5,2,110,266.14,0.9978,0.1444,0.012014,4.276
159074,520,472,992,193,3,224,320.36,0.9965,0.5243,0.167859,4,0,22,287.50,1.0000,0.0306,0.000837,4.285
159081,520,438,958,232,14,142,353.91,0.9779,0.5498,0.194258,43,1,11,10.93,0.9285,0.0876,0.005596,4.393
159112,520,413,933,252,31,6,30.32,0.9962,0.5709,0.216923,36,21,33,334.03,0.3372,0.1183,0.010212,4.433
159113,520,442,962,222,49,128,358.61,0.8611,0.5428,0.192873,16,9,48,284.52,0.7740,0.0823,0.005189,4.401
159125,520,431,951,247,5,38,25.77,0.9977,0.5538,0.200262,37,15,9,36.25,0.5400,0.0993,0.007547,4.349
159126,520,359,879,202,101,216,322.63,0.7667,0.6151,0.268232,55,36,26,48.65,0.3508,0.1782,0.021486,4.452
159129,520,459,979,193,82,125,358.40,0.6399,0.5275,0.188544,2,15,20,221.40,0.6903,0.0644,0.004050,4.413
159131,520,373,893,255,50,94,15.74,1.0000,0.5984,0.243531,39,39,22,108.22,0.3601,0.1644,0.019403,4.229
159135,520,353,873,252,38,189,344.18,0.9794,0.6193,0.257591,52,29,67,310.47,0.5464,0.1776,0.020141,4.385
159168,520,457,977,222,49,100,9.51,0.8745,0.5337,0.186490,20,9,4,51.11,0.4670,0.0619,0.003529,4.418
159186,520,413,933,248,47,18,31.17,0.9861,0.5726,0.220367,22,30,13,129.34,0.4841,0.1189,0.011282,4.412
159188,520,375,895,253,6,168,349.96,0.9959,0.6010,0.238436,26,17,104,275.75,0.9352,0.1648,0.016199,4.357
159189,520,229,749,206,157,250,307.66,0.8851,0.7389,0.441385,3,81,62,169.93,0.9819,0.2940,0.062517,4.367
159192,520,303,823,253,84,208,340.19,0.9845,0.6675,0.317804,31,59,58,192.67,0.4063,0.2305,0.037246,4.216
159200,520,408,928,213,76,155,348.34,0.7523,0.5655,0.216837,9,35,26,167.52,0.6842,0.1295,0.013347,4.212
159207,520,200,720,242,179,56,79.63,0.8962,0.7738,0.514050,34,89,21,140.20,0.9570,0.3212,0.075387,4.498
159212,520,410,930,216,16,235,323.73,0.9895,0.5748,0.209697,7,1,100,267.52,0.9984,0.1293,0.009869,4.338
159227,520,400,920,213,51,228,324.21,0.9350,0.5822,0.221171,14,39,17,146.28,0.7914,0.1424,0.015848,4.118
159233,520,426,946,212,22,220,326.27,0.9766,0.5589,0.197402,15,30,2,132.22,0.9444,0.1114,0.010345,4.100
159234,520,461,981,199,57,176,335.31,0.8115,0.5306,0.182047,17,2,18,325.73,0.7221,0.0480,0.002063,4.457
159240,520,420,940,194,91,174,335.35,0.6624,0.5647,0.220089,25,26,22,118.47,0.0977,0.1129,0.010034,4.499
159248,520,326,846,204,115,227,319.11,0.7844,0.6466,0.306461,13,59,23,147.26,0.9450,0.2109,0.032752,4.308
159254,520,448,968,222,64,43,30.92,0.9156,0.5377,0.193735,14,13,37,282.13,0.5670,0.0789,0.005148,4.420
159312,520,417,937,247,23,93,13.01,0.9791,0.5673,0.211808,10,33,9,142.78,0.8864,0.1192,0.011719,4.242
159324,520,377,897,231,27,232,328.05,0.9832,0.6020,0.236014,18,19,104,270.99,0.9493,0.1621,0.015937,4.338
159332,520,330,850,253,99,71,32.41,0.9822,0.6435,0.302647,12,58,31,153.32,0.9160,0.2088,0.032031,4.299
159335,520,183,703,253,154,253,326.99,0.9894,0.7908,0.510878,75,82,15,115.54,0.8590,0.3290,0.075649,4.464
159337,520,301,821,250,89,221,335.69,0.9698,0.6749,0.326921,67,49,33,62.62,0.3554,0.2298,0.034998,4.434
159343,520,442,962,200,76,156,344.16,0.7160,0.5439,0.198503,22,16,0,93.22,1.0000,0.0784,0.005412,4.485
159362,520,470,990,176,57,212,317.04,0.8556,0.5167,0.169109,2,7,7,195.56,0.4322,0.0401,0.001802,4.230
159383,520,400,920,252,26,85,16.11,0.9822,0.5770,0.220938,20,21,77,274.93,0.8283,0.1354,0.012208,4.355
159403,520,440,960,214,31,189,335.12,0.9369,0.5458,0.189524,18,14,44,285.46,0.6219,0.0896,0.006245,4.259
159413,520,380,900,229,32,226,328.99,0.9746,0.5966,0.231845,44,11,93,293.44,0.8913,0.1632,0.015651,4.293
159415,520,289,809,201,141,198,328.29,0.5141,0.6757,0.355455,7,60,92,242.07,0.8558,0.2432,0.040494,4.480
159433,520,458,978,204,70,132,355.36,0.7350,0.5326,0.188856,14,10,0,96.03,1.0000,0.0560,0.003105,4.498
159446,520,461,981,190,48,210,322.35,0.8899,0.5293,0.177156,0,5,36,262.81,1.0002,0.0508,0.002359,4.338
159488,520,324,844,246,60,242,329.05,0.9681,0.6529,0.292381,6,40,114,262.65,0.9515,0.2093,0.027710,4.406
159501,520,349,869,236,58,231,329.33,0.9513,0.6278,0.266310,55,37,54,328.40,0.3124,0.1912,0.024018,4.273
159503,520,470,990,205,22,186,333.60,0.9500,0.5235,0.171001,10,1,25,299.88,0.8762,0.0420,0.001564,4.286
159511,520,434,954,224,68,79,21.10,0.8508,0.5516,0.205487,2,5,81,265.64,0.9895,0.1046,0.007155,4.470
159515,520,444,964,199,30,226,321.24,0.9618,0.5445,0.185632,11,10,45,277.90,0.7676,0.0772,0.004777,4.302
159517,520,465,985,232,4,40,24.86,0.9974,0.5214,0.173990,2,11,19,239.47,0.6298,0.0543,0.002993,4.227
159531,520,408,928,250,31,25,28.87,0.9841,0.5674,0.213778,46,24,13,46.71,0.5137,0.1333,0.012632,4.212
159538,520,356,876,232,108,0,49.53,1.0000,0.6162,0.278836,27,41,74,265.28,0.5295,0.1845,0.023132,4.496
159562,520,364,884,220,54,248,321.25,0.9701,0.6100,0.246332,40,33,72,289.28,0.5290,0.1748,0.020067,4.229
159576,520,398,918,198,86,201,326.57,0.7608,0.5783,0.228799,26,35,6,124.54,0.7790,0.1363,0.014348,4.333
159580,520,405,925,246,20,142,356.85,0.9785,0.5794,0.220495,23,19,74,278.93,0.8036,0.1310,0.011423,4.404
159592,520,457,977,176,53,229,312.99,0.9037,0.5262,0.174344,23,5,22,329.54,0.6142,0.0644,0.003486,4.194
159595,520,319,839,224,92,234,324.83,0.9003,0.6454,0.294440,100,8,15,24.84,0.9546,0.2229,0.029180,4.350
159599,520,429,949,237,27,115,4.54,0.9585,0.5544,0.200293,40,9,21,359.17,0.6264,0.0977,0.007007,4.391
159607,520,376,896,250,38,165,350.94,0.9613,0.6043,0.244302,24,39,56,252.30,0.3951,0.1648,0.019307,4.246
159628,520,413,933,175,90,230,309.65,0.8213,0.5703,0.221402,30,26,27,0.68,0.0734,0.1201,0.010939,4.454
159641,520,412,932,252,0,94,12.53,1.0000,0.5723,0.215073,21,8,80,278.81,0.9401,0.1197,0.009122,4.483
159645,520,385,905,242,9,194,340.27,0.9934,0.5935,0.229707,51,30,5,67.31,0.7695,0.1537,0.016434,4.210
159663,520,426,946,207,86,130,0.11,0.6743,0.5589,0.215347,2,19,71,263.55,0.9581,0.1146,0.009335,4.472
159671,520,478,998,211,58,70,21.29,0.8558,0.5135,0.173196,0,1,5,257.10,0.9999,0.0173,0.000327,4.435
159672,520,372,892,247,56,155,354.51,0.9302,0.6063,0.249723,5,27,104,264.75,0.9495,0.1700,0.018155,4.398
159677,520,426,946,168,96,208,312.02,0.7007,0.5555,0.212453,52,6,4,28.71,0.9017,0.1121,0.008692,4.472
159683,520,445,965,221,20,165,344.05,0.9593,0.5408,0.185916,3,22,16,171.00,0.7735,0.0828,0.006306,4.190
159685,520,435,955,243,27,50,24.44,0.9812,0.5530,0.200723,33,13,14,17.68,0.4473,0.0904,0.006429,4.443
159686,520,368,888,253,71,37,32.62,0.9896,0.6051,0.255263,14,47,27,154.05,0.7974,0.1714,0.022054,4.237
159687,520,451,971,235,10,87,12.87,0.9891,0.5370,0.185705,30,2,14,355.70,0.7800,0.0658,0.003512,4.405
159727,520,399,919,224,81,124,5.32,0.7620,0.5793,0.231899,20,25,70,273.51,0.7225,0.1367,0.012861,4.484
159759,520,413,933,236,32,159,349.68,0.9475,0.5717,0.213721,2,34,7,146.43,0.9827,0.1181,0.011723,4.273
159761,520,442,962,195,87,121,2.54,0.6207,0.5372,0.198007,17,4,58,283.73,0.9246,0.0850,0.005115,4.500
159773,520,470,990,206,41,157,343.46,0.8595,0.5191,0.171441,10,4,12,319.12,0.4332,0.0423,0.001779,4.277
159776,520,312,832,250,58,246,329.05,0.9828,0.6606,0.300068,40,54,44,153.68,0.2456,0.2164,0.032712,4.232
159783,520,423,943,205,8,246,318.50,0.9954,0.5632,0.198083,34,19,37,320.75,0.4173,0.1134,0.009394,4.177
159784,520,401,921,249,48,90,16.18,0.9600,0.5842,0.229954,44,24,32,354.46,0.3448,0.1359,0.012931,4.449
159793,520,430,950,215,56,156,346.87,0.8273,0.5476,0.196780,26,22,15,81.50,0.2196,0.1013,0.008279,4.234
159801,520,462,982,207,39,173,338.27,0.8841,0.5283,0.177356,18,5,2,42.20,0.6136,0.0502,0.002415,4.338
159819,520,465,985,189,18,228,318.15,0.9795,0.5246,0.168542,8,8,8,0.00,0.0000,0.0486,0.002428,4.168
159836,520,443,963,224,18,152,348.93,0.9638,0.5395,0.185496,29,11,18,356.22,0.4322,0.0821,0.005443,4.248
159840,520,374,894,239,87,31,38.25,0.9533,0.5976,0.252691,46,34,18,73.57,0.4267,0.1585,0.017686,4.472
159857,520,386,906,248,23,162,351.01,0.9776,0.5926,0.231812,30,14,93,281.44,0.9072,0.1509,0.013804,4.417
159871,520,396,916,229,45,187,339.65,0.9216,0.5802,0.221252,10,25,83,266.67,0.8998,0.1440,0.013842,4.249
159872,520,410,930,250,4,105,9.01,0.9968,0.5717,0.214344,19,35,19,144.29,0.5221,0.1332,0.013875,4.138
159873,520,358,878,241,36,224,332.33,0.9761,0.6182,0.253471,74,6,62,336.97,0.8286,0.1814,0.019341,4.376
159879,520,279,799,236,127,177,352.38,0.7394,0.6878,0.361882,7,65,82,223.61,0.8797,0.2520,0.044347,4.366
159880,520,443,963,209,26,204,329.60,0.9575,0.5441,0.186557,10,18,25,245.56,0.3091,0.0801,0.005673,4.249
159886,520,456,976,216,42,137,353.31,0.8695,0.5295,0.180634,11,9,13,307.91,0.1530,0.0551,0.002956,4.355
159917,520,400,920,242,25,164,349.20,0.9699,0.5826,0.222560,68,1,20,12.28,0.9696,0.1443,0.013014,4.325
159928,520,407,927,214,98,17,47.70,0.9486,0.5693,0.230742,11,36,6,140.22,0.9367,0.1290,0.013460,4.424
159929,520,477,997,178,93,66,38.31,0.6231,0.5053,0.176884,0,1,13,263.17,1.0005,0.0222,0.000508,4.492
159935,520,423,943,225,44,159,347.65,0.8934,0.5578,0.203147,4,5,85,266.78,0.9893,0.1112,0.007902,4.372
159941,520,429,949,191,66,206,323.25,0.8281,0.5455,0.194304,9,0,79,271.00,1.0000,0.0989,0.006225,4.345
159952,520,478,998,107,93,242,281.53,0.9013,0.5093,0.173649,1,1,10,275.68,0.8223,0.0220,0.000501,4.429
159953,520,391,911,234,66,144,356.67,0.8473,0.5870,0.234053,62,15,26,10.06,0.6918,0.1493,0.014405,4.410
159956,520,297,817,225,115,228,326.35,0.8465,0.6760,0.338723,13,55,104,255.20,0.8221,0.2396,0.038172,4.409
159968,520,459,979,227,24,107,5.49,0.9543,0.5302,0.180486,19,5,21,322.79,0.5816,0.0586,0.003011,4.348
159976,520,461,981,237,12,15,28.65,0.9943,0.5323,0.183052,20,2,10,351.13,0.7005,0.0486,0.002141,4.470
159982,520,476,996,159,65,227,306.94,0.8616,0.5125,0.166982,2,1,1,18.81,0.2281,0.0183,0.000368,4.308
159985,520,308,828,250,67,245,329.24,0.9821,0.6670,0.309337,36,58,57,192.28,0.3026,0.2304,0.036965,4.132
159991,520,14,534,255,252,204,104.52,1.0000,0.9785,0.952408,52,132,47,142.36,0.9309,0.4723,0.174372,4.468
160003,520,336,856,244,51,238,329.58,0.9704,0.6407,0.277766,41,48,45,167.93,0.1042,0.1998,0.027748,4.216
160008,520,410,930,244,45,93,14.37,0.9403,0.5727,0.219035,8,10,96,267.96,0.9806,0.1345,0.011131,4.401
160009,520,439,959,211,47,184,335.97,0.8785,0.5475,0.193447,13,2,64,277.64,0.9788,0.0852,0.004991,4.427
160021,520,421,941,231,63,69,23.74,0.8967,0.5577,0.209765,47,7,28,352.26,0.7230,0.1104,0.008402,4.448
160035,520,367,887,203,106,190,332.42,0.6613,0.6102,0.267238,11,41,69,249.97,0.7153,0.1721,0.020866,4.477
160037,520,389,909,234,72,148,355.80,0.8315,0.5948,0.242681,48,30,2,74.98,0.8873,0.1486,0.015614,4.461
160052,520,476,996,214,40,103,5.96,0.8814,0.5116,0.167955,0,1,15,263.52,1.0011,0.0235,0.000562,4.311
160059,520,357,877,237,103,43,41.92,0.9148,0.6185,0.278823,23,49,34,157.01,0.5476,0.1848,0.024942,4.388
160062,520,464,984,58,109,250,265.09,0.9805,0.5174,0.187379,8,9,15,276.51,0.2214,0.0533,0.002815,4.495
160072,520,38,558,232,252,169,119.49,0.9352,0.9503,0.896410,26,129,47,146.00,0.9764,0.4543,0.161247,4.480
160083,520,420,940,245,31,50,24.83,0.9781,0.5590,0.206262,40,14,21,4.72,0.5093,0.1056,0.008194,4.404
160084,520,379,899,168,117,215,306.73,0.6551,0.5978,0.259542,25,40,43,211.41,0.2703,0.1615,0.018986,4.487
160122,520,371,891,235,35,235,328.25,0.9786,0.6144,0.248649,27,39,57,258.29,0.3618,0.1676,0.019794,4.279
160125,520,401,921,227,79,104,14.10,0.7949,0.5763,0.229250,54,16,35,352.01,0.6112,0.1390,0.012763,4.449
160129,520,409,929,233,10,174,343.96,0.9877,0.5658,0.205996,3,32,44,229.24,0.8234,0.1256,0.012342,4.106
160148,520,441,961,234,13,88,12.53,0.9852,0.5359,0.184880,2,10,62,265.58,0.9588,0.0882,0.005777,4.211
160154,520,365,885,213,63,252,318.22,0.9840,0.6093,0.247311,17,39,71,257.87,0.6406,0.1707,0.020251,4.232
160158,520,442,962,238,17,7,29.44,0.9943,0.5356,0.185967,30,10,16,2.29,0.4739,0.0811,0.005305,4.267
160168,520,433,953,241,8,81,15.37,0.9932,0.5479,0.194719,48,3,23,358.39,0.8204,0.1047,0.007555,4.252
160190,520,438,958,237,34,70,19.69,0.9615,0.5469,0.195940,2,23,34,232.99,0.8062,0.0931,0.007412,4.284
160193,520,445,965,215,74,40,34.61,0.8978,0.5362,0.195003,7,15,44,267.91,0.7317,0.0833,0.005686,4.400
160199,520,340,860,241,72,210,336.32,0.9210,0.6361,0.279914,39,51,32,134.40,0.3701,0.2026,0.029032,4.174
160250,520,457,977,219,10,161,344.72,0.9791,0.5320,0.178528,20,7,7,20.34,0.4054,0.0587,0.003160,4.299
160258,520,477,997,191,37,189,328.76,0.8900,0.5082,0.160752,1,1,2,284.11,0.2654,0.0171,0.000325,4.188
160266,520,476,996,218,48,25,31.12,0.9607,0.5121,0.170922,0,3,4,211.91,1.0000,0.0247,0.000739,4.354
160277,520,454,974,230,25,81,14.93,0.9654,0.5300,0.181153,4,16,25,240.05,0.5604,0.0709,0.004666,4.228
160299,520,467,987,186,78,151,342.03,0.6627,0.5211,0.181237,6,4,9,305.01,0.3101,0.0371,0.001453,4.494
160301,520,422,942,219,83,29,39.33,0.9282,0.5553,0.213378,40,16,31,343.44,0.4863,0.1133,0.009207,4.448
160305,520,429,949,175,80,220,313.10,0.8064,0.5488,0.200195,20,19,46,282.40,0.5373,0.1033,0.008117,4.305
160306,520,479,999,179,3,239,312.97,0.9973,0.5140,0.158819,2,0,2,328.36,1.0000,0.0139,0.000173,4.162
160308,520,286,806,252,82,250,328.40,0.9896,0.6870,0.336350,32,62,52,170.30,0.4609,0.2382,0.040001,4.293
160309,520,391,911,233,57,171,346.08,0.8851,0.5884,0.231929,10,37,57,244.13,0.6698,0.1517,0.016830,4.219
160334,520,418,938,231,62,93,15.32,0.8703,0.5615,0.212274,36,20,37,324.77,0.4036,0.1182,0.010090,4.365
160345,520,421,941,233,34,153,351.07,0.9360,0.5643,0.207705,21,19,58,280.67,0.6760,0.1139,0.009306,4.345
160353,520,417,937,215,36,223,326.19,0.9581,0.5724,0.210386,25,18,65,283.98,0.7328,0.1221,0.010209,4.325
160361,520,452,972,210,31,182,336.16,0.9252,0.5343,0.180611,5,7,45,271.41,0.8998,0.0674,0.003737,4.292
160366,520,330,850,253,8,240,331.22,0.9980,0.6411,0.273507,25,48,88,260.68,0.6284,0.2127,0.030250,4.031
160381,520,402,922,236,8,197,338.10,0.9933,0.5838,0.220406,57,12,14,22.04,0.7607,0.1321,0.011647,4.386
160403,520,430,950,229,19,160,347.49,0.9680,0.5534,0.196646,38,15,23,359.10,0.4602,0.1049,0.008156,4.241
160407,520,451,971,149,77,254,296.90,0.9902,0.5382,0.188533,0,17,13,178.02,1.0000,0.0654,0.004299,4.393
160415,520,442,962,192,82,148,345.95,0.6553,0.5354,0.193807,4,0,68,268.38,1.0000,0.0806,0.004431,4.479
160426,520,478,998,125,88,229,290.64,0.8198,0.5063,0.169965,1,1,13,274.04,0.8863,0.0237,0.000572,4.350
160429,520,476,996,210,59,77,18.77,0.8367,0.5141,0.173677,0,2,8,253.83,0.9999,0.0231,0.000609,4.420
160434,520,373,893,247,29,171,348.21,0.9700,0.5970,0.235964,33,3,104,282.17,0.9837,0.1561,0.013879,4.477
160439,520,477,997,220,35,76,16.33,0.9333,0.5134,0.169422,6,0,4,338.03,1.0000,0.0222,0.000475,4.347
160449,520,458,978,190,47,206,323.46,0.8854,0.5256,0.174379,21,10,0,73.54,1.0000,0.0641,0.003765,4.173
160453,520,424,944,234,58,89,16.39,0.8930,0.5625,0.212428,29,23,26,346.45,0.1278,0.1110,0.009486,4.412
160467,520,428,948,221,47,181,339.54,0.8946,0.5638,0.207438,26,18,42,297.48,0.4877,0.1045,0.008194,4.424
160472,520,475,995,160,55,246,303.98,0.9491,0.5196,0.168603,2,4,1,133.14,0.5926,0.0292,0.001019,4.285
160475,520,162,682,255,177,178,18.35,1.0000,0.8077,0.559208,54,92,57,146.02,0.5704,0.3485,0.087337,4.436
160491,520,397,917,235,14,194,338.71,0.9872,0.5814,0.218741,30,31,35,274.62,0.0801,0.1366,0.013773,4.214
160502,520,311,831,248,48,253,327.06,0.9938,0.6553,0.291650,20,52,83,250.14,0.6493,0.2176,0.032291,4.152
160506,520,457,977,207,30,182,335.35,0.9243,0.5283,0.175734,7,9,25,275.23,0.5092,0.0575,0.003107,4.251
160525,520,352,872,255,80,9,37.16,1.0000,0.6176,0.270207,69,20,68,328.59,0.6997,0.1904,0.021830,4.458
160554,520,456,976,189,78,156,340.75,0.6779,0.5284,0.186694,0,16,11,173.73,1.0000,0.0621,0.003947,4.388
160563,520,389,909,242,67,102,14.09,0.8995,0.5898,0.238540,34,32,56,286.65,0.3831,0.1548,0.016586,4.333
160571,520,453,973,213,64,100,10.62,0.7968,0.5311,0.187354,19,2,42,297.86,0.8958,0.0676,0.003490,4.437
160582,520,425,945,239,44,80,17.90,0.9410,0.5591,0.207345,0,10,78,264.03,1.0045,0.1064,0.007671,4.462
160586,520,342,862,219,78,251,319.57,0.9775,0.6325,0.274757,58,38,48,347.96,0.2774,0.1950,0.024992,4.331
160594,520,363,883,238,24,221,332.37,0.9850,0.6061,0.240536,25,18,107,274.53,0.9402,0.1691,0.017007,4.336
160597,520,420,940,189,80,201,323.61,0.7660,0.5565,0.207745,18,25,43,267.13,0.4070,0.1140,0.009983,4.297
160602,520,439,959,216,15,197,333.32,0.9789,0.5483,0.189740,0,17,50,258.54,1.0000,0.0882,0.006311,4.257
160611,520,463,983,214,17,169,341.04,0.9617,0.5285,0.175639,2,13,5,153.74,0.8090,0.0541,0.003117,4.248
160614,520,331,851,242,63,223,332.87,0.9445,0.6370,0.277627,2,43,96,257.32,0.9631,0.1971,0.025850,4.319
160622,520,296,816,233,139,87,48.59,0.7518,0.6817,0.364793,7,69,5,142.36,0.9906,0.2418,0.043122,4.454
160643,520,358,878,251,40,190,343.72,0.9731,0.6190,0.257478,5,51,31,159.32,0.9455,0.1827,0.024987,4.100
160646,520,454,974,229,31,80,15.60,0.9528,0.5306,0.182201,11,17,0,123.32,1.0000,0.0702,0.004720,4.243
160653,520,427,947,211,10,234,322.73,0.9931,0.5642,0.200084,47,1,27,351.04,0.8956,0.1014,0.007053,4.383
160655,520,439,959,229,50,91,13.94,0.8982,0.5461,0.196974,10,22,23,202.52,0.3327,0.0898,0.007002,4.333
160682,520,416,936,197,81,194,328.65,0.7586,0.5658,0.216517,3,15,79,265.49,0.9606,0.1170,0.009254,4.498
160694,520,453,973,217,55,96,11.23,0.8443,0.5282,0.183311,23,1,36,310.71,0.9076,0.0656,0.003313,4.376
160701,520,440,960,197,76,184,332.14,0.7549,0.5535,0.205015,3,23,26,207.77,0.7250,0.0896,0.007067,4.469
160703,520,432,952,242,38,32,28.59,0.9732,0.5549,0.203711,34,17,0,67.98,1.0000,0.0968,0.007410,4.419
160716,520,304,824,249,113,144,8.07,0.8794,0.6735,0.339666,3,65,40,159.57,0.9806,0.2327,0.039530,4.352
160726,520,443,963,231,42,68,20.67,0.9408,0.5392,0.190652,14,17,11,129.34,0.2138,0.0754,0.005184,4.361
160733,520,463,983,234,24,22,28.61,0.9851,0.5302,0.182068,4,4,31,274.97,0.8528,0.0480,0.002116,4.453
160734,520,407,927,235,48,138,357.45,0.8997,0.5708,0.216140,0,32,57,246.09,1.0000,0.1329,0.013284,4.206
160774,520,416,936,176,78,247,307.28,0.9355,0.5680,0.213950,15,30,27,180.12,0.3570,0.1177,0.011092,4.321
160780,520,440,960,230,44,120,2.73,0.9001,0.5518,0.199833,0,27,6,149.03,1.0000,0.0937,0.007970,4.310
160787,520,451,971,194,52,210,323.45,0.8824,0.5392,0.185800,7,9,37,274.34,0.7350,0.0658,0.003741,4.388
160794,520,444,964,235,32,61,21.84,0.9668,0.5401,0.190353,37,4,3,27.87,0.8678,0.0790,0.004868,4.381
160795,520,399,919,244,19,162,350.11,0.9802,0.5836,0.223107,54,23,3,51.14,0.8246,0.1430,0.014038,4.265
160805,520,476,996,200,75,54,31.85,0.8116,0.5114,0.175799,3,0,2,338.03,1.0000,0.0160,0.000237,4.495
160823,520,400,920,228,77,105,13.32,0.8043,0.5758,0.228243,64,6,5,27.79,0.9318,0.1381,0.012314,4.465
160862,520,386,906,240,77,76,24.95,0.9063,0.5918,0.243579,54,28,9,54.30,0.6660,0.1545,0.016346,4.425
160866,520,437,957,235,19,131,358.35,0.9709,0.5529,0.197697,19,13,45,287.60,0.6500,0.0894,0.006157,4.411
160875,520,451,971,193,65,191,328.49,0.8009,0.5379,0.188812,2,15,37,256.96,0.8147,0.0745,0.004881,4.351
160891,520,384,904,180,97,232,310.28,0.8180,0.5890,0.240797,14,33,73,262.97,0.7381,0.1549,0.016620,4.365
160899,520,347,867,195,107,237,313.57,0.8418,0.6278,0.282329,3,51,53,199.23,0.9240,0.1905,0.026439,4.348
160918,520,465,985,194,13,216,322.52,0.9825,0.5220,0.167166,24,0,17,339.99,1.0000,0.0529,0.002347,4.149
160941,520,341,861,218,108,177,343.70,0.6808,0.6295,0.288068,68,37,31,31.78,0.4267,0.2021,0.026512,4.419
160958,520,432,952,223,3,190,336.96,0.9959,0.5544,0.194733,6,0,83,268.39,1.0000,0.1027,0.006632,4.321
160959,520,362,882,232,86,149,356.84,0.7905,0.6085,0.259839,36,26,98,281.75,0.8073,0.1805,0.019956,4.429
160960,520,436,956,212,5,216,327.34,0.9948,0.5517,0.190655,8,24,23,190.28,0.4620,0.0943,0.007667,4.173
160964,520,437,957,228,47,114,4.90,0.8882,0.5481,0.197447,27,16,19,1.19,0.2485,0.0896,0.006506,4.379
160967,520,369,889,241,18,219,333.55,0.9903,0.6084,0.242507,57,32,28,29.69,0.3786,0.1723,0.019868,4.187
160975,520,319,839,160,143,225,292.56,0.6269,0.6483,0.325547,36,55,56,200.14,0.2638,0.2209,0.033929,4.475
160985,520,472,992,225,21,101,7.14,0.9610,0.5231,0.174863,3,1,19,283.53,0.8818,0.0303,0.000881,4.419
160993,520,475,995,211,66,31,34.39,0.9261,0.5176,0.178466,1,2,16,269.50,0.8603,0.0289,0.000873,4.491
160994,520,385,905,244,14,178,345.25,0.9881,0.5899,0.227647,36,24,75,289.34,0.6874,0.1541,0.015363,4.248
161003,520,413,933,235,15,180,342.69,0.9833,0.5739,0.213020,38,21,21,19.57,0.3207,0.1164,0.010026,4.382
161015,520,401,921,192,76,238,314.67,0.8985,0.5811,0.225496,42,7,78,299.45,0.8875,0.1403,0.011943,4.448
161032,520,341,861,241,77,198,340.10,0.9041,0.6348,0.280885,42,37,87,284.35,0.5980,0.1979,0.025035,4.410
161069,520,477,997,210,54,67,21.45,0.8706,0.5068,0.167476,2,2,5,283.18,0.3513,0.0245,0.000673,4.292
161094,520,431,951,212,58,175,339.41,0.8331,0.5537,0.201204,38,1,55,312.06,0.9501,0.1042,0.007097,4.400
161101,520,399,919,225,9,225,328.34,0.9941,0.5818,0.216415,41,2,84,296.47,0.9697,0.1399,0.011549,4.328
161105,520,477,997,219,18,117,0.10,0.9576,0.5149,0.167796,3,1,8,299.53,0.6793,0.0239,0.000586,4.305
161109,520,476,996,202,36,162,340.50,0.8748,0.5109,0.164289,7,0,5,336.40,1.0000,0.0242,0.000561,4.238
161119,520,396,916,250,20,109,8.23,0.9824,0.5766,0.219320,44,23,48,321.03,0.4806,0.1419,0.013617,4.233
161139,520,459,979,210,74,13,39.42,0.9682,0.5251,0.186306,23,2,32,314.82,0.8220,0.0645,0.003299,4.434
161145,520,345,865,251,35,217,336.35,0.9805,0.6312,0.267242,83,17,23,20.59,0.8117,0.1945,0.023021,4.345
161149,520,338,858,236,84,202,337.77,0.8768,0.6364,0.284403,73,33,35,18.23,0.4994,0.2033,0.026257,4.385
161151,520,414,934,236,53,112,7.62,0.8942,0.5679,0.215520,19,22,59,275.59,0.6574,0.1195,0.010280,4.405
161169,520,413,933,228,64,144,355.18,0.8331,0.5740,0.221770,15,26,51,264.67,0.5525,0.1199,0.010793,4.470
161177,520,407,927,253,18,9,29.35,0.9946,0.5681,0.213388,43,14,50,319.40,0.6623,0.1258,0.010580,4.348
161187,520,431,951,241,33,3,30.80,0.9975,0.5486,0.197984,31,14,45,307.14,0.6119,0.1050,0.007949,4.279
161189,520,380,900,206,72,241,318.44,0.9263,0.5995,0.241089,63,11,53,336.88,0.7515,0.1589,0.015533,4.442
161197,520,474,994,164,52,243,306.08,0.9380,0.5196,0.168202,1,4,15,260.73,0.7259,0.0343,0.001278,4.255
161221,520,440,960,219,28,178,339.64,0.9426,0.5472,0.191073,18,7,53,285.98,0.8392,0.0856,0.005376,4.353
161229,520,477,997,171,74,190,320.78,0.7364,0.5140,0.172742,1,0,10,281.20,1.0000,0.0178,0.000284,4.430
161237,520,442,962,228,23,137,355.02,0.9541,0.5426,0.189157,31,10,17,0.43,0.4900,0.0830,0.005489,4.310
161242,520,363,883,218,74,233,323.83,0.9084,0.6146,0.256881,72,14,42,355.42,0.7375,0.1742,0.018592,4.474
161244,520,414,934,241,59,5,34.05,0.9952,0.5679,0.218430,56,7,16,15.43,0.8096,0.1242,0.010303,4.451
161260,520,460,980,219,50,100,9.18,0.8629,0.5286,0.182639,14,4,35,293.70,0.7871,0.0602,0.003015,4.388
161266,520,340,860,232,104,155,357.41,0.7488,0.6361,0.294255,26,52,35,154.09,0.5382,0.1966,0.027969,4.415
161273,520,278,798,214,134,222,323.68,0.7252,0.6901,0.366216,51,65,14,123.63,0.8263,0.2538,0.045161,4.374
161281,520,448,968,231,46,54,25.04,0.9437,0.5400,0.192123,29,8,15,0.62,0.5215,0.0758,0.004694,4.427
161284,520,387,907,218,35,239,323.13,0.9727,0.5884,0.223415,49,28,28,19.64,0.3299,0.1509,0.015674,4.163
161288,520,392,912,254,17,126,3.31,0.9921,0.5890,0.229818,66,9,26,8.59,0.7932,0.1504,0.014284,4.353
161301,520,343,863,243,42,230,331.31,0.9740,0.6285,0.264266,43,26,98,287.25,0.7809,0.1877,0.021342,4.405
161319,520,337,857,246,51,234,331.02,0.9696,0.6415,0.279039,88,9,46,358.99,0.8302,0.2049,0.024677,4.406
161330,520,476,996,175,92,99,15.73,0.5126,0.5064,0.176703,6,0,5,332.72,1.0000,0.0228,0.000497,4.489
161333,520,458,978,219,66,12,36.36,0.9792,0.5321,0.189856,2,16,12,175.16,0.7502,0.0640,0.004100,4.434
161334,520,324,844,250,104,91,27.77,0.9489,0.6487,0.309832,26,56,46,169.84,0.5131,0.2132,0.032451,4.364
161345,520,447,967,212,38,172,339.90,0.8957,0.5363,0.183640,20,16,13,59.01,0.1393,0.0794,0.005484,4.211
161360,520,423,943,243,37,28,29.03,0.9755,0.5561,0.204651,48,3,27,352.77,0.8137,0.1063,0.007727,4.411
161373,520,453,973,209,12,186,334.63,0.9769,0.5277,0.173655,9,0,54,277.49,1.0000,0.0667,0.003244,4.201
161377,520,326,846,231,86,235,326.70,0.9185,0.6494,0.296448,5,37,123,263.69,0.9658,0.2126,0.027853,4.450
161380,520,468,988,190,71,150,343.22,0.7057,0.5175,0.176572,2,6,9,231.47,0.4179,0.0382,0.001629,4.388
161397,520,446,966,211,14,192,333.44,0.9764,0.5357,0.179709,35,0,26,339.95,1.0000,0.0762,0.004320,4.229
161410,520,211,731,226,159,245,318.61,0.8782,0.7630,0.475588,17,82,81,193.41,0.8293,0.3077,0.067475,4.474
161417,520,422,942,233,64,11,35.04,0.9869,0.5572,0.210176,38,3,61,306.94,0.9043,0.1126,0.008142,4.475
161433,520,430,950,215,54,157,346.39,0.8347,0.5463,0.195220,39,11,16,11.45,0.5768,0.0973,0.007082,4.296
161466,520,443,963,226,52,90,14.24,0.8860,0.5416,0.193657,1,2,70,265.19,0.9948,0.0845,0.004920,4.437
161482,520,479,999,174,68,189,322.53,0.7616,0.5099,0.168081,0,0,8,264.05,1.0000,0.0143,0.000175,4.346
161493,520,465,985,197,84,26,43.38,0.8926,0.5169,0.182874,10,8,14,300.58,0.2265,0.0524,0.002699,4.419
161498,520,479,999,182,70,165,334.08,0.7150,0.5106,0.170434,2,0,2,328.36,1.0000,0.0139,0.000173,4.393
161503,520,460,980,187,29,239,314.86,0.9694,0.5349,0.176768,9,2,47,279.61,0.9555,0.0629,0.003067,4.273
161512,520,224,744,253,131,250,328.22,0.9916,0.7515,0.440198,18,83,33,147.16,0.9609,0.2966,0.064247,4.291
161524,520,414,934,247,35,71,20.24,0.9691,0.5683,0.214347,39,9,57,309.44,0.7780,0.1183,0.009222,4.464
161547,520,472,992,169,55,226,311.31,0.8894,0.5152,0.166592,9,2,4,357.28,0.4900,0.0326,0.001103,4.238
161551,520,401,921,253,34,82,17.60,0.9878,0.5821,0.226396,9,36,38,201.98,0.6292,0.1375,0.014597,4.279
161552,520,418,938,172,84,232,308.68,0.8429,0.5591,0.209382,50,8,35,345.40,0.7240,0.1207,0.009732,4.342
161556,520,71,591,247,226,181,85.89,0.7002,0.9055,0.775040,8,117,96,174.13,0.9736,0.4242,0.136181,4.431
161560,520,469,989,219,28,131,355.42,0.9250,0.5244,0.175318,11,4,15,314.28,0.5053,0.0445,0.001925,4.339
161575,520,75,595,242,222,253,313.76,0.9129,0.9139,0.782121,40,118,57,147.69,0.9157,0.4243,0.137029,4.449
161579,520,383,903,249,33,166,350.26,0.9647,0.6003,0.239840,43,27,43,326.63,0.3442,0.1462,0.014719,4.478
161617,520,441,961,196,59,201,326.46,0.8454,0.5429,0.190823,32,12,9,29.84,0.5025,0.0858,0.005898,4.308
161621,520,330,850,141,137,254,282.56,0.9739,0.6359,0.307093,27,56,16,138.11,0.8837,0.2062,0.030987,4.409
161636,520,387,907,225,72,179,342.09,0.8298,0.5927,0.238993,49,29,31,12.97,0.3048,0.1542,0.016307,4.358
161646,520,349,869,250,50,209,338.38,0.9716,0.6332,0.272118,64,35,17,51.15,0.5839,0.1880,0.023327,4.393
161663,520,476,996,211,13,143,348.84,0.9628,0.5080,0.161222,7,0,1,9.43,1.0000,0.0219,0.000474,4.185
161673,520,371,891,254,70,93,18.79,0.9909,0.6137,0.262451,15,42,51,222.63,0.5614,0.1654,0.019964,4.466
161691,520,285,805,238,116,215,335.01,0.8748,0.6894,0.355765,58,53,86,290.08,0.3683,0.2520,0.041176,4.450
161699,520,479,999,193,69,128,354.23,0.7059,0.5103,0.171539,2,0,0,29.23,1.0000,0.0120,0.000129,4.419
161720,520,423,943,213,77,132,358.66,0.7353,0.5575,0.211220,10,31,7,141.02,0.8915,0.1124,0.010598,4.311
161725,520,431,951,211,3,215,327.34,0.9967,0.5488,0.188223,9,6,71,271.63,0.9685,0.0972,0.006432,4.221
161729,520,478,998,224,3,79,13.83,0.9958,0.5102,0.164798,6,0,5,332.72,1.0000,0.0228,0.000497,4.254
161737,520,455,975,200,44,195,329.57,0.8870,0.5327,0.180226,23,8,4,40.48,0.5348,0.0639,0.003646,4.292
161741,520,435,955,177,79,220,313.90,0.8110,0.5503,0.201073,12,24,8,138.11,0.6264,0.0924,0.007489,4.367
161743,520,321,841,228,85,241,324.31,0.9366,0.6473,0.293439,54,31,100,293.99,0.7202,0.2110,0.026843,4.469
161765,520,469,989,231,22,46,24.44,0.9821,0.5250,0.177631,9,3,6,344.98,0.3865,0.0363,0.001364,4.432
161767,520,276,796,235,111,251,322.95,0.9769,0.6972,0.359981,28,69,3,137.03,0.9897,0.2493,0.045096,4.311
161775,520,422,942,216,5,224,326.38,0.9960,0.5645,0.200914,33,12,46,310.26,0.6615,0.1051,0.007836,4.338
161787,520,470,990,128,88,245,289.48,0.9106,0.5232,0.181610,21,1,0,33.39,1.0000,0.0442,0.001812,4.470
161797,520,303,823,251,99,173,353.07,0.9378,0.6667,0.324531,4,67,15,145.04,0.9917,0.2350,0.040744,4.127
161801,520,416,936,222,21,205,332.66,0.9757,0.5662,0.204761,19,19,62,277.46,0.7320,0.1158,0.009520,4.280
161807,520,405,925,197,92,184,332.34,0.6895,0.5760,0.229868,30,26,47,291.73,0.3802,0.1302,0.012200,4.499
161813,520,467,987,222,38,62,21.33,0.9414,0.5168,0.172664,1,4,24,265.30,0.8872,0.0398,0.001592,4.316
161819,520,430,950,197,64,201,326.68,0.8314,0.5497,0.197557,24,10,61,288.24,0.8179,0.1041,0.007482,4.307
161832,520,451,971,197,3,236,318.65,0.9975,0.5408,0.179931,4,19,4,143.54,0.8911,0.0716,0.005003,4.180
161836,520,385,905,247,55,122,5.95,0.9319,0.5939,0.239150,1,32,76,257.62,0.9705,0.1494,0.015612,4.407
161840,520,456,976,235,3,19,27.94,0.9985,0.5261,0.177775,13,8,15,316.37,0.2753,0.0556,0.002937,4.303
161861,520,351,871,243,86,152,357.91,0.8633,0.6285,0.279802,12,45,71,246.12,0.7114,0.1855,0.024098,4.451
161868,520,441,961,212,78,61,30.09,0.8228,0.5387,0.197850,39,5,32,337.12,0.7380,0.0949,0.006442,4.391
161888,520,300,820,232,127,138,14.23,0.6880,0.6689,0.341718,0,67,16,146.00,1.0000,0.2341,0.040515,4.328
161890,520,396,916,230,52,166,346.82,0.8869,0.5764,0.220348,12,38,6,139.88,0.9421,0.1361,0.014775,4.174
161907,520,476,996,190,40,189,328.44,0.8782,0.5085,0.161404,1,0,11,279.92,1.0000,0.0185,0.000306,4.202
161912,520,430,950,208,91,31,43.69,0.8883,0.5481,0.209931,40,14,17,14.51,0.5186,0.1044,0.008057,4.477
161930,520,420,940,226,79,8,39.57,0.9862,0.5617,0.217810,4,29,38,224.98,0.7483,0.1138,0.010444,4.431
161941,520,441,961,231,42,36,28.35,0.9599,0.5350,0.187753,11,21,26,230.58,0.3084,0.0891,0.006820,4.184
161949,520,416,936,236,49,120,4.26,0.9016,0.5672,0.213886,13,16,76,271.59,0.9124,0.1205,0.009779,4.414
161973,520,419,939,246,27,83,16.16,0.9753,0.5646,0.210047,27,18,46,296.26,0.5381,0.1084,0.008629,4.435
161983,520,445,965,218,39,148,349.59,0.8879,0.5361,0.184970,11,11,46,276.88,0.7621,0.0798,0.005077,4.266
161986,520,452,972,229,18,91,11.08,0.9740,0.5276,0.178489,11,16,22,253.25,0.2309,0.0745,0.004996,4.155
161990,520,405,925,245,27,138,358.20,0.9664,0.5784,0.220347,29,3,90,283.35,0.9764,0.1338,0.010645,4.458
162005,520,427,947,210,51,201,330.62,0.8906,0.5592,0.202883,43,8,29,347.13,0.6799,0.1049,0.007760,4.378
162008,520,466,986,188,73,152,341.83,0.6938,0.5178,0.177250,0,10,22,244.02,1.0000,0.0518,0.002750,4.308
162022,520,330,850,216,110,207,330.54,0.7419,0.6441,0.302575,35,55,9,130.33,0.8940,0.2078,0.031094,4.348
162028,520,477,997,219,27,84,12.69,0.9466,0.5087,0.164867,0,3,0,142.50,1.0000,0.0226,0.000651,4.242
162029,520,357,877,248,20,219,335.12,0.9907,0.6216,0.255743,2,11,129,264.75,0.9921,0.1803,0.018371,4.472
162032,520,398,918,246,5,143,356.22,0.9950,0.5763,0.216879,29,16,85,282.40,0.8636,0.1434,0.012876,4.245
162084,520,413,933,253,20,60,22.33,0.9908,0.5727,0.217130,37,19,36,328.85,0.4247,0.1170,0.009865,4.462
162091,520,427,947,208,9,238,321.05,0.9940,0.5620,0.197801,19,24,21,159.09,0.1342,0.1014,0.008458,4.239
162108,520,475,995,215,20,148,348.22,0.9469,0.5206,0.170879,1,4,0,134.81,1.0000,0.0275,0.000933,4.337
162122,520,456,976,211,28,181,336.70,0.9347,0.5341,0.180177,11,11,1,109.38,0.7842,0.0557,0.003127,4.333
162130,520,464,984,150,99,171,315.56,0.5144,0.5150,0.183485,24,1,9,357.84,0.8129,0.0521,0.002357,4.460
162134,520,478,998,181,6,230,315.54,0.9934,0.5100,0.156684,5,0,11,309.75,1.0000,0.0246,0.000564,4.088
162141,520,324,844,229,81,242,324.43,0.9434,0.6450,0.289558,2,39,122,262.57,0.9849,0.2148,0.028689,4.315
162148,520,424,944,237,44,80,17.72,0.9377,0.5551,0.203882,11,3,83,271.43,0.9893,0.1098,0.007607,4.407
162175,520,425,945,236,59,9,34.03,0.9904,0.5581,0.209837,1,30,31,198.06,0.9364,0.1117,0.010339,4.306
162182,520,433,953,243,16,32,26.98,0.9921,0.5472,0.195330,27,22,2,96.72,0.8221,0.0996,0.008112,4.222
162184,520,459,979,236,18,19,28.57,0.9905,0.5320,0.183157,19,8,16,337.29,0.3708,0.0625,0.003495,4.358
162214,520,480,1000,202,28,164,339.68,0.9074,0.5074,0.160694,0,0,0,0.00,0.0000,0.0000,0.000000,4.214
162216,520,430,950,179,82,213,316.30,0.7809,0.5524,0.204234,14,11,68,275.05,0.9092,0.1042,0.007500,4.421
162223,520,358,878,245,30,216,335.24,0.9811,0.6177,0.253019,71,8,63,334.16,0.8056,0.1779,0.018723,4.409
162226,520,393,913,224,59,194,336.52,0.8848,0.5860,0.228726,46,24,39,339.79,0.4012,0.1420,0.013807,4.368
162233,520,453,973,211,71,51,31.03,0.8628,0.5260,0.185967,3,4,57,268.14,0.9773,0.0730,0.004016,4.368
162238,520,446,966,217,35,165,343.38,0.9090,0.5400,0.186728,35,5,14,4.68,0.6992,0.0800,0.004976,4.306
162240,520,431,951,198,80,156,343.90,0.6927,0.5460,0.201451,10,28,10,143.85,0.7526,0.1036,0.009169,4.250
162245,520,384,904,252,36,101,11.94,0.9785,0.5853,0.229004,58,14,53,332.65,0.7046,0.1531,0.014708,4.312
162246,520,446,966,234,29,63,20.98,0.9696,0.5368,0.187332,17,16,30,286.48,0.3491,0.0835,0.005835,4.251
162248,520,469,989,205,71,55,29.94,0.8353,0.5152,0.177636,3,3,23,276.04,0.8050,0.0386,0.001463,4.423
162263,520,431,951,226,4,166,344.73,0.9932,0.5469,0.190114,19,19,42,281.52,0.4841,0.0996,0.007713,4.160
162270,520,422,942,243,28,100,10.56,0.9670,0.5628,0.208087,29,17,52,296.21,0.6211,0.1132,0.009100,4.367
162272,520,430,950,190,27,247,314.00,0.9777,0.5455,0.184477,8,26,8,143.74,0.8123,0.0959,0.008079,4.037
162277,520,334,854,244,42,245,327.99,0.9808,0.6399,0.274844,35,26,118,277.29,0.8963,0.2021,0.024040,4.387
162283,520,465,985,231,8,21,27.86,0.9956,0.5186,0.172198,4,7,29,270.76,0.7253,0.0532,0.002665,4.219
162293,520,460,980,185,28,243,313.43,0.9731,0.5347,0.176170,8,12,12,196.46,0.1333,0.0588,0.003411,4.235
162315,520,479,999,208,40,126,355.56,0.8570,0.5079,0.164361,0,0,7,264.05,1.0000,0.0135,0.000153,4.274
162317,520,395,915,215,37,240,322.10,0.9695,0.5852,0.220634,11,30,68,262.32,0.7600,0.1414,0.014170,4.217
162318,520,455,975,183,81,178,329.42,0.6931,0.5349,0.191677,1,16,14,185.28,0.8644,0.0638,0.004087,4.468
162322,520,457,977,200,80,100,12.93,0.6847,0.5284,0.189387,26,5,8,12.05,0.6072,0.0634,0.003457,4.478
162329,520,391,911,231,54,186,340.65,0.9026,0.5898,0.231751,1,11,108,264.59,0.9885,0.1492,0.013284,4.452
162352,520,469,989,199,9,205,326.73,0.9855,0.5216,0.167470,16,3,5,8.35,0.5552,0.0439,0.001863,4.193
162356,520,436,956,236,45,5,32.10,0.9951,0.5459,0.197238,16,1,66,280.26,0.9879,0.0885,0.005252,4.475
162364,520,472,992,229,27,15,29.55,0.9852,0.5205,0.174794,11,1,9,333.46,0.7208,0.0341,0.001126,4.397
162365,520,431,951,173,87,209,314.74,0.7431,0.5485,0.203049,22,2,69,285.04,0.9704,0.0993,0.006436,4.484
162408,520,464,984,175,92,125,356.03,0.5117,0.5152,0.182501,6,7,13,275.32,0.2560,0.0462,0.002197,4.454
162419,520,476,996,191,65,154,341.39,0.7392,0.5136,0.171917,6,0,6,328.36,1.0000,0.0233,0.000519,4.393
162425,520,396,916,239,67,63,26.52,0.9208,0.5765,0.227271,50,26,3,61.50,0.8183,0.1425,0.014236,4.316
162433,520,445,965,215,49,144,350.91,0.8443,0.5360,0.186597,25,8,28,321.48,0.5710,0.0759,0.004642,4.330
162443,520,361,881,254,14,204,340.22,0.9944,0.6224,0.257479,13,20,116,267.99,0.9687,0.1766,0.018467,4.491
162459,520,435,955,246,10,8,29.09,0.9962,0.5510,0.198310,16,18,34,277.37,0.3866,0.0895,0.006583,4.388
162460,520,401,921,166,91,250,301.93,0.9422,0.5753,0.224917,53,8,59,322.70,0.7906,0.1415,0.012464,4.401
162462,520,428,948,249,25,30,27.84,0.9877,0.5630,0.209324,34,19,4,65.66,0.6765,0.1021,0.008146,4.460
162476,520,431,951,234,50,45,27.76,0.9466,0.5482,0.199662,28,19,26,334.28,0.2320,0.1003,0.007872,4.314
162480,520,352,872,238,66,207,336.34,0.9162,0.6237,0.265813,18,12,132,269.13,0.9869,0.1919,0.020573,4.475
162484,520,380,900,214,64,230,323.71,0.9153,0.5962,0.236780,64,12,43,348.31,0.7304,0.1564,0.015275,4.393
162495,520,426,946,205,93,112,11.67,0.6374,0.5606,0.219796,26,27,12,111.73,0.4198,0.1139,0.010300,4.474
162508,520,358,878,254,19,201,341.04,0.9941,0.6220,0.257570,20,43,69,252.90,0.5678,0.1821,0.023061,4.210
162511,520,468,988,202,65,129,355.50,0.7493,0.5218,0.179241,2,8,7,185.11,0.4890,0.0426,0.002019,4.407
162530,520,208,728,252,164,70,64.06,0.9508,0.7562,0.476911,33,83,49,151.66,0.7832,0.3057,0.067314,4.491
162545,520,378,898,255,55,74,22.14,1.0000,0.5985,0.244905,21,29,88,271.27,0.8206,0.1637,0.017427,4.374
162557,520,222,742,195,170,248,298.53,0.8051,0.7531,0.471290,25,82,62,166.17,0.7913,0.3029,0.065888,4.498
162561,520,249,769,239,128,230,330.26,0.9050,0.7172,0.395043,86,56,40,48.76,0.4026,0.2764,0.049602,4.468
162567,520,453,973,200,80,106,9.75,0.6796,0.5302,0.190592,2,9,51,265.73,0.9411,0.0747,0.004473,4.417
162570,520,362,882,213,94,187,336.71,0.7342,0.6051,0.257413,27,20,110,274.94,0.9322,0.1771,0.018590,4.482
162573,520,419,939,201,83,164,341.60,0.6993,0.5589,0.212861,36,19,20,15.93,0.3331,0.1088,0.008914,4.462
162595,520,383,903,253,23,159,352.93,0.9843,0.6011,0.240022,64,19,2,40.82,0.9199,0.1544,0.015603,4.421
162604,520,321,841,248,110,47,42.34,0.9445,0.6487,0.313167,50,51,19,110.59,0.5996,0.2110,0.030928,4.488
162638,520,409,929,252,25,30,27.88,0.9893,0.5693,0.214882,37,10,70,298.18,0.8293,0.1287,0.010526,4.376
162647,520,478,998,207,62,55,27.28,0.8642,0.5077,0.169887,2,0,14,286.01,1.0000,0.0222,0.000446,4.359
162652,520,435,955,244,10,13,28.77,0.9959,0.5468,0.194828,28,1,51,303.57,0.9531,0.0856,0.005076,4.445
162654,520,442,962,240,0,85,13.80,1.0000,0.5450,0.191845,27,3,40,311.31,0.8247,0.0780,0.004514,4.436
162680,520,386,906,185,91,234,312.19,0.8471,0.5881,0.237379,34,11,95,284.53,0.9205,0.1538,0.014056,4.486
162688,520,469,989,233,7,1,29.43,0.9991,0.5220,0.174810,4,3,20,281.90,0.7119,0.0377,0.001414,4.373
162694,520,479,999,195,25,184,331.45,0.9296,0.5052,0.157598,0,0,7,264.05,1.0000,0.0135,0.000153,4.139
162713,520,472,992,207,11,177,336.76,0.9746,0.5182,0.166812,0,2,12,259.14,1.0000,0.0252,0.000700,4.276
162717,520,444,964,229,40,100,9.53,0.9185,0.5409,0.190986,24,3,49,298.89,0.8829,0.0818,0.004811,4.397
162725,520,363,883,246,43,194,341.54,0.9564,0.6136,0.252187,18,46,33,161.65,0.6082,0.1718,0.021923,4.202
162731,520,420,940,164,93,224,306.51,0.7789,0.5564,0.211036,33,6,62,299.79,0.8569,0.1104,0.008014,4.500
162740,520,307,827,202,124,237,314.54,0.8170,0.6652,0.330873,2,64,23,148.69,0.9937,0.2251,0.037414,4.357
162758,520,422,942,225,79,31,37.12,0.9362,0.5609,0.217011,27,26,0,107.78,1.0000,0.1100,0.009718,4.471
162779,520,395,915,251,24,146,356.63,0.9770,0.5922,0.232413,14,36,38,203.24,0.4811,0.1399,0.014950,4.348
162785,520,429,949,177,63,246,308.92,0.9441,0.5513,0.195568,48,6,2,32.06,0.9248,0.1035,0.007631,4.261
162788,520,351,871,196,110,230,315.57,0.7973,0.6296,0.286019,0,51,44,180.59,1.0000,0.1855,0.025494,4.451
162809,520,465,985,208,16,180,336.14,0.9646,0.5232,0.170779,5,11,4,139.86,0.4972,0.0515,0.002804,4.181
162810,520,469,989,228,19,23,28.11,0.9878,0.5154,0.170246,11,4,11,326.88,0.4226,0.0429,0.001821,4.250
162815,520,395,915,232,44,196,337.72,0.9369,0.5899,0.229453,42,23,42,326.86,0.4177,0.1356,0.012722,4.455
162819,520,269,789,254,104,214,339.37,0.9916,0.6961,0.358294,54,59,79,273.59,0.2414,0.2594,0.044767,4.308
162825,520,360,880,221,71,241,322.74,0.9384,0.6215,0.262314,20,49,14,140.34,0.8969,0.1784,0.023770,4.234
162828,520,322,842,240,60,251,325.50,0.9857,0.6489,0.287245,59,16,116,295.22,0.8910,0.2134,0.025614,4.460
162833,520,471,991,200,67,125,357.16,0.7344,0.5190,0.177763,12,0,18,316.54,1.0000,0.0369,0.001218,4.447
162843,520,451,971,233,27,78,16.35,0.9659,0.5365,0.186606,20,3,36,304.44,0.8142,0.0656,0.003412,4.430
162860,520,402,922,253,27,73,19.56,0.9892,0.5772,0.221513,56,9,18,14.24,0.7679,0.1273,0.010799,4.466
162868,520,427,947,239,24,117,4.04,0.9665,0.5579,0.202915,15,8,71,276.01,0.9372,0.1041,0.007301,4.414
162872,520,392,912,179,91,246,307.31,0.9131,0.5888,0.237204,1,37,54,233.98,0.9429,0.1460,0.015958,4.354
162874,520,337,857,251,80,164,354.24,0.9496,0.6400,0.289301,15,56,16,143.62,0.9459,0.2001,0.029672,4.259
162925,520,367,887,253,5,186,344.80,0.9971,0.6094,0.245398,51,12,87,301.92,0.8513,0.1675,0.016549,4.439
162933,520,465,985,172,16,251,308.20,0.9886,0.5173,0.161071,15,6,5,28.82,0.3432,0.0498,0.002428,4.026
162934,520,379,899,225,46,224,328.42,0.9508,0.5961,0.233456,59,19,47,340.90,0.6165,0.1585,0.016009,4.294
162947,520,477,997,221,43,30,29.50,0.9555,0.5145,0.171964,1,0,17,274.34,1.0000,0.0228,0.000469,4.398
162971,520,408,928,251,12,77,17.62,0.9928,0.5690,0.213117,0,28,69,257.39,1.0000,0.1322,0.012601,4.203
163004,520,467,987,147,65,253,297.57,0.9850,0.5197,0.170757,1,10,1,143.11,0.9615,0.0444,0.002257,4.224
163022,520,469,989,225,37,46,25.59,0.9577,0.5201,0.175308,0,9,2,151.47,1.0000,0.0413,0.001997,4.333
163024,520,382,902,222,81,180,341.39,0.7946,0.5986,0.247120,51,21,64,314.37,0.6467,0.1593,0.016104,4.495
163063,520,435,955,231,21,143,353.54,0.9630,0.5503,0.195113,47,0,9,14.80,1.0000,0.0938,0.006242,4.358
163064,520,472,992,228,17,70,17.67,0.9808,0.5205,0.173400,5,0,12,307.62,1.0000,0.0252,0.000588,4.416
163068,520,468,988,232,4,66,18.68,0.9963,0.5250,0.176391,6,0,27,289.11,1.0000,0.0369,0.001178,4.424
163080,520,398,918,239,55,132,1.00,0.8920,0.5818,0.227521,30,10,87,283.98,0.9158,0.1390,0.011812,4.490
163084,520,357,877,252,7,201,340.55,0.9966,0.6158,0.250678,52,34,48,334.73,0.3030,0.1771,0.020876,4.242
163087,520,443,963,189,87,150,344.57,0.6228,0.5391,0.198387,19,13,37,292.51,0.5454,0.0835,0.005599,4.467
163090,520,420,940,230,34,154,350.08,0.9309,0.5589,0.203029,44,11,37,336.83,0.6490,0.1149,0.009085,4.282
163091,520,456,976,205,74,109,7.41,0.7233,0.5315,0.189829,1,16,15,190.04,0.8557,0.0642,0.004115,4.432
163101,520,476,996,217,39,71,18.19,0.9226,0.5089,0.166603,6,0,5,332.72,1.0000,0.0228,0.000497,4.289
163114,520,454,974,184,45,225,316.78,0.9203,0.5286,0.175046,1,9,48,264.12,0.9423,0.0709,0.004152,4.156
163130,520,429,949,220,68,98,13.26,0.8094,0.5484,0.202342,9,26,15,154.02,0.5916,0.0981,0.008313,4.327
163151,520,417,937,220,28,212,330.31,0.9670,0.5698,0.208019,38,8,66,302.19,0.8347,0.1237,0.009791,4.315
163176,520,335,855,211,94,253,315.98,0.9838,0.6414,0.289476,8,57,0,140.73,1.0000,0.1993,0.029778,4.255
163178,520,478,998,187,60,177,331.23,0.7841,0.5138,0.169723,0,2,6,247.65,1.0000,0.0221,0.000566,4.345
163181,520,391,911,252,10,141,358.06,0.9921,0.5886,0.228392,52,25,23,25.11,0.4447,0.1476,0.014873,4.291
163199,520,344,864,243,56,210,336.57,0.9439,0.6256,0.265391,51,40,36,40.96,0.1664,0.1857,0.023488,4.292
163204,520,456,976,183,68,204,321.10,0.8071,0.5340,0.185624,6,14,15,205.11,0.3000,0.0630,0.003873,4.374
163218,520,458,978,211,32,169,340.49,0.9115,0.5292,0.177487,18,6,24,313.76,0.5716,0.0611,0.003248,4.272
163219,520,465,985,151,60,250,299.87,0.9675,0.5164,0.167135,0,0,47,264.05,1.0000,0.0508,0.002052,4.171
163224,520,448,968,210,55,151,347.40,0.8149,0.5352,0.186705,15,5,53,283.12,0.8931,0.0795,0.004671,4.330
163236,520,395,915,220,13,251,321.17,0.9947,0.5930,0.224706,63,9,21,13.20,0.7969,0.1426,0.013065,4.356
163237,520,346,866,207,113,187,335.58,0.6340,0.6263,0.286650,16,50,57,213.46,0.6210,0.1938,0.026867,4.380
163242,520,398,918,205,60,226,322.28,0.9055,0.5754,0.217035,32,17,80,286.40,0.8146,0.1425,0.012871,4.247
163247,520,328,848,253,29,252,328.51,0.9939,0.6542,0.287927,78,32,26,29.32,0.6086,0.2081,0.027276,4.373
163261,520,444,964,200,20,229,320.93,0.9798,0.5444,0.184384,7,20,3,137.11,0.8726,0.0763,0.005520,4.222
163263,520,459,979,224,12,134,354.90,0.9758,0.5299,0.178342,13,5,32,293.24,0.7229,0.0589,0.002984,4.310
163271,520,460,980,192,48,210,322.95,0.8919,0.5326,0.179750,2,11,23,249.76,0.6721,0.0564,0.003141,4.323
163272,520,249,769,242,127,239,328.24,0.9355,0.7243,0.402901,30,72,78,207.84,0.5586,0.2796,0.054606,4.330
163279,520,386,906,225,23,232,326.62,0.9848,0.5902,0.224488,62,12,25,9.47,0.7371,0.1451,0.013574,4.318
163282,520,441,961,233,24,95,10.61,0.9652,0.5392,0.188062,13,10,61,276.01,0.8893,0.0943,0.006395,4.221
163283,520,357,877,233,38,248,324.76,0.9806,0.6214,0.254896,80,2,36,2.62,0.9362,0.1775,0.018766,4.434
163284,520,418,938,220,82,49,34.67,0.8727,0.5574,0.214745,13,7,87,271.68,0.9760,0.1215,0.009256,4.468
163305,520,447,967,236,42,18,30.75,0.9824,0.5442,0.195357,6,8,52,271.27,0.9163,0.0768,0.004603,4.493
163332,520,407,927,193,53,247,314.07,0.9583,0.5664,0.206003,40,7,68,303.29,0.8537,0.1273,0.010205,4.252
163342,520,334,854,227,113,134,9.98,0.6863,0.6356,0.298647,10,56,21,147.51,0.9555,0.1992,0.029469,4.387
163352,520,454,974,235,15,56,21.95,0.9886,0.5324,0.182925,6,17,4,139.45,0.7442,0.0675,0.004484,4.275
163353,520,448,968,221,41,151,349.34,0.8894,0.5445,0.191949,0,16,47,258.16,1.0000,0.0833,0.005758,4.339
163355,520,323,843,243,84,197,341.21,0.9080,0.6454,0.294293,77,31,40,9.89,0.5475,0.2083,0.027112,4.465
163366,520,475,995,184,60,191,325.64,0.8057,0.5177,0.171850,1,3,4,222.28,0.3978,0.0261,0.000803,4.367
163374,520,470,990,176,63,202,319.50,0.8120,0.5159,0.170505,0,4,26,261.54,1.0000,0.0402,0.001614,4.272
163376,520,423,943,191,57,238,315.34,0.9202,0.5597,0.201769,17,21,50,274.52,0.5804,0.1083,0.008858,4.278
163397,520,403,923,197,64,239,316.60,0.9194,0.5762,0.217705,59,4,15,15.70,0.8871,0.1266,0.010513,4.424
163399,520,414,934,214,4,236,323.07,0.9974,0.5697,0.204411,25,28,18,121.55,0.2589,0.1172,0.010809,4.184
163401,520,354,874,235,30,240,327.11,0.9847,0.6156,0.248845,30,33,85,276.09,0.6836,0.1762,0.020195,4.257
163409,520,343,863,237,26,255,324.27,1.0000,0.6280,0.259658,42,31,89,287.14,0.6814,0.1870,0.021935,4.305
163412,520,449,969,188,73,190,327.04,0.7629,0.5389,0.191755,20,12,12,18.67,0.2112,0.0702,0.004382,4.445
163416,520,336,856,239,105,136,8.12,0.7945,0.6426,0.302342,12,56,17,144.98,0.9561,0.1991,0.029469,4.434
163418,520,465,985,171,71,208,315.55,0.7964,0.5224,0.177194,17,4,9,353.40,0.5011,0.0490,0.002257,4.348
163436,520,306,826,214,139,152,8.35,0.4942,0.6706,0.350300,24,62,53,175.54,0.6085,0.2341,0.038963,4.500
163447,520,479,999,217,13,121,358.06,0.9683,0.5107,0.164226,1,0,2,311.99,1.0000,0.0114,0.000108,4.275
163448,520,421,941,248,6,74,17.98,0.9962,0.5609,0.205847,38,7,57,308.82,0.8078,0.1142,0.008595,4.366
163449,520,456,976,233,6,79,15.02,0.9936,0.5301,0.180215,6,12,7,150.10,0.3311,0.0556,0.003170,4.330
163452,520,311,831,236,119,118,21.96,0.7644,0.6555,0.323371,16,62,14,142.53,0.9595,0.2209,0.035870,4.348
163453,520,432,952,219,39,166,343.66,0.9008,0.5467,0.192667,10,27,18,159.14,0.5348,0.1025,0.008920,4.119
163474,520,381,901,218,59,236,323.43,0.9369,0.6023,0.240914,65,16,37,357.60,0.6807,0.1606,0.016281,4.389
163485,520,373,893,252,40,134,1.43,0.9739,0.5972,0.239378,63,23,27,16.22,0.5765,0.1642,0.017488,4.288
163505,520,454,974,208,50,152,346.20,0.8280,0.5275,0.179602,11,14,31,274.45,0.4627,0.0746,0.004841,4.187
163513,520,463,983,235,8,10,28.87,0.9962,0.5268,0.178610,13,9,2,88.91,0.5776,0.0535,0.002853,4.325
163525,520,245,765,236,137,238,326.39,0.8937,0.7321,0.418991,21,78,20,142.85,0.9622,0.2785,0.056585,4.400
163527,520,478,998,209,49,120,359.04,0.8270,0.5148,0.171102,2,1,6,294.08,0.6164,0.0213,0.000478,4.380
163534,520,480,1000,193,48,180,332.10,0.8387,0.5142,0.167483,0,0,0,0.00,0.0000,0.0000,0.000000,4.350
163537,520,403,923,219,47,218,328.41,0.9366,0.5826,0.221572,9,18,86,268.10,0.9442,0.1335,0.011625,4.407
163538,520,391,911,252,3,153,354.22,0.9977,0.5920,0.230640,70,4,19,15.33,0.9136,0.1518,0.014362,4.360
163545,520,438,958,179,81,216,315.54,0.7938,0.5530,0.204274,5,20,38,253.26,0.6549,0.0894,0.006725,4.483
163551,520,454,974,220,62,45,30.03,0.9100,0.5318,0.188530,14,17,7,121.81,0.3827,0.0744,0.005096,4.329
163567,520,463,983,191,58,188,328.89,0.8155,0.5252,0.177348,19,2,13,341.33,0.6994,0.0484,0.002109,4.363
163574,520,381,901,254,46,126,4.84,0.9905,0.6022,0.245348,46,28,62,306.98,0.5161,0.1639,0.017592,4.370
163575,520,348,868,240,10,251,325.90,0.9973,0.6263,0.257100,11,19,131,266.85,0.9807,0.1949,0.021754,4.280
163581,520,308,828,224,109,234,324.34,0.8804,0.6688,0.327269,82,38,52,1.22,0.4843,0.2346,0.034282,4.476
163593,520,441,961,156,70,253,300.13,0.9832,0.5369,0.185404,13,15,45,276.17,0.6549,0.0882,0.006167,4.191
163599,520,350,870,236,61,224,331.12,0.9405,0.6258,0.265547,61,2,104,302.92,0.9769,0.1916,0.020351,4.485
163615,520,449,969,207,42,194,331.83,0.9015,0.5429,0.188183,4,13,31,260.27,0.6501,0.0672,0.004126,4.401
163641,520,476,996,223,6,62,19.08,0.9934,0.5054,0.161689,0,1,16,263.65,1.0015,0.0242,0.000591,4.184
163642,520,455,975,193,0,227,319.67,1.0000,0.5261,0.168850,30,2,3,22.77,0.8738,0.0624,0.003261,4.109
163667,520,410,930,209,7,241,320.65,0.9957,0.5656,0.200599,38,14,67,299.81,0.7657,0.1324,0.011314,4.087
163676,520,467,987,229,33,3,30.99,0.9968,0.5233,0.177553,12,1,16,319.04,0.7862,0.0385,0.001373,4.429
163693,520,366,886,231,31,237,326.85,0.9814,0.6071,0.240857,10,43,60,235.25,0.7088,0.1715,0.021184,4.086
163703,520,420,940,238,54,1,33.60,0.9990,0.5572,0.208209,17,29,8,133.33,0.6839,0.1109,0.010154,4.292
163704,520,477,997,182,78,144,344.05,0.6420,0.5112,0.174089,7,0,4,341.66,1.0000,0.0236,0.000539,4.434
163712,520,445,965,209,62,143,350.87,0.7843,0.5369,0.189859,9,21,6,138.85,0.6799,0.0813,0.006075,4.277
163730,520,138,658,245,203,97,87.70,0.8324,0.8352,0.629890,61,100,40,135.97,0.7852,0.3749,0.102594,4.456
163737,520,257,777,219,135,241,319.08,0.8670,0.7082,0.387402,47,62,96,265.34,0.4153,0.2715,0.048940,4.421
163742,520,300,820,252,96,186,348.04,0.9616,0.6698,0.326094,88,35,29,28.62,0.6366,0.2328,0.033658,4.496
163748,520,476,996,173,87,139,344.69,0.5543,0.5091,0.175658,1,0,13,277.69,1.0000,0.0199,0.000355,4.481
163751,520,471,991,147,88,209,303.75,0.7250,0.5158,0.177863,9,6,8,337.40,0.1569,0.0448,0.002059,4.377
163755,520,457,977,181,24,248,311.29,0.9802,0.5311,0.172554,3,11,25,256.37,0.6224,0.0583,0.003289,4.176
163788,520,425,945,246,30,41,26.49,0.9813,0.5597,0.206850,52,1,28,353.88,0.9120,0.1121,0.008357,4.401
163799,520,472,992,221,7,135,353.81,0.9841,0.5231,0.172760,4,3,11,289.83,0.4779,0.0329,0.001151,4.355
163810,520,443,963,240,0,70,18.16,1.0000,0.5419,0.189708,21,7,44,295.96,0.7585,0.0805,0.004932,4.364
163822,520,478,998,198,41,172,336.12,0.8601,0.5127,0.165720,1,0,15,275.86,1.0000,0.0213,0.000409,4.279
163864,520,435,955,220,49,161,345.97,0.8668,0.5532,0.199879,10,21,19,181.72,0.3182,0.0855,0.006479,4.424
163868,520,321,841,228,93,222,329.43,0.8710,0.6457,0.295987,58,29,100,297.91,0.7352,0.2127,0.026984,4.494
163871,520,119,639,240,196,255,317.42,1.0000,0.8571,0.652260,36,106,35,143.00,0.9463,0.3801,0.108041,4.444
163878,520,427,947,189,51,247,312.98,0.9584,0.5587,0.199030,45,3,26,351.51,0.8034,0.1000,0.006977,4.371
163884,520,412,932,210,33,227,323.93,0.9632,0.5652,0.203373,44,17,35,341.60,0.5169,0.1234,0.010578,4.183
163893,520,289,809,211,135,199,332.62,0.5993,0.6770,0.353017,17,64,55,177.74,0.7611,0.2384,0.040616,4.448
163895,520,398,918,248,35,118,5.78,0.9573,0.5814,0.224700,55,10,54,328.88,0.7526,0.1436,0.012958,4.363
163913,520,392,912,247,70,56,28.94,0.9596,0.5943,0.244434,18,41,10,138.48,0.8808,0.1500,0.017363,4.371
163915,520,347,867,246,24,235,330.82,0.9905,0.6292,0.262472,8,40,99,261.35,0.9083,0.1943,0.024699,4.183
163922,520,382,902,244,78,69,27.36,0.9341,0.5993,0.251148,25,36,56,261.85,0.3936,0.1571,0.017539,4.459
163934,520,407,927,209,99,72,34.98,0.7203,0.5681,0.229489,12,27,67,265.31,0.7654,0.1336,0.012672,4.460
163936,520,340,860,241,60,238,328.82,0.9595,0.6421,0.281082,22,54,26,146.41,0.7864,0.1985,0.028834,4.200
163943,520,423,943,156,88,248,299.12,0.9266,0.5571,0.208249,26,2,77,285.66,0.9754,0.1132,0.007988,4.453
163953,520,455,975,160,80,223,306.77,0.8102,0.5305,0.185392,18,12,0,90.66,1.0000,0.0646,0.003916,4.366
163979,520,477,997,198,69,102,8.41,0.7252,0.5100,0.172232,2,0,5,306.92,1.0000,0.0163,0.000239,4.424
163985,520,474,994,160,75,219,308.25,0.8093,0.5204,0.176208,1,2,21,269.01,0.9199,0.0322,0.001040,4.432
163991,520,435,955,209,44,191,333.27,0.8942,0.5460,0.191203,32,7,41,315.90,0.7238,0.0925,0.006192,4.293
163999,520,440,960,198,66,189,330.72,0.8018,0.5460,0.195780,38,7,15,7.61,0.6664,0.0890,0.005986,4.390
164004,520,389,909,240,72,91,18.79,0.8931,0.5889,0.239184,19,39,40,199.79,0.3927,0.1530,0.017426,4.289
164010,520,420,940,193,65,229,317.76,0.8875,0.5637,0.207765,14,9,72,274.71,0.9376,0.1059,0.007566,4.478
164045,520,175,695,214,191,192,14.69,0.2116,0.7955,0.553641,52,93,16,134.11,0.9508,0.3438,0.085960,4.440
164058,520,479,999,191,77,108,6.11,0.6585,0.5107,0.174685,0,0,8,264.05,1.0000,0.0143,0.000175,4.478
164060,520,480,1000,181,44,209,319.95,0.8930,0.5106,0.162298,0,0,0,0.00,0.0000,0.0000,0.000000,4.246
164064,520,399,919,246,36,126,2.83,0.9515,0.5804,0.223643,28,34,33,184.47,0.1045,0.1422,0.015007,4.209
164070,520,406,926,250,52,43,28.54,0.9789,0.5821,0.229580,32,31,6,107.04,0.7037,0.1306,0.013002,4.438
164083,520,306,826,249,120,89,34.74,0.9240,0.6720,0.342970,12,60,76,225.16,0.7846,0.2342,0.038315,4.450
164090,520,345,865,209,109,197,331.86,0.6892,0.6273,0.285254,0,54,6,144.33,1.0000,0.1868,0.026514,4.382
164092,520,473,993,225,11,86,11.92,0.9841,0.5159,0.169216,4,2,3,345.04,0.2483,0.0262,0.000758,4.319
164104,520,399,919,179,94,221,313.06,0.7740,0.5755,0.228104,49,11,57,320.12,0.7475,0.1365,0.011878,4.494
164111,520,416,936,217,30,217,328.26,0.9650,0.5687,0.206921,34,28,5,95.02,0.7164,0.1246,0.011816,4.156
164124,520,470,990,228,8,76,15.45,0.9906,0.5193,0.171924,7,1,23,294.69,0.8740,0.0376,0.001287,4.327
164133,520,461,981,216,11,167,342.11,0.9767,0.5296,0.176307,11,4,22,301.14,0.6356,0.0482,0.002159,4.339
164140,520,367,887,217,79,212,329.26,0.8526,0.6054,0.250991,6,47,31,162.48,0.9092,0.1694,0.021706,4.198
164150,520,469,989,163,51,247,304.99,0.9563,0.5209,0.168702,1,2,31,267.71,0.9661,0.0402,0.001488,4.248
164153,520,330,850,254,94,100,21.62,0.9877,0.6433,0.299998,70,43,0,72.51,1.0000,0.2144,0.030300,4.359
164155,520,477,997,94,100,235,276.18,0.8681,0.5060,0.174916,2,0,5,306.92,1.0000,0.0163,0.000239,4.477
164160,520,426,946,250,20,33,27.17,0.9910,0.5635,0.209378,45,6,42,331.30,0.7605,0.1129,0.008554,4.430
164162,520,343,863,255,39,195,343.15,1.0000,0.6284,0.266546,20,45,76,254.95,0.6149,0.1927,0.025472,4.194
164164,520,476,996,173,81,165,330.80,0.6430,0.5122,0.174868,1,1,6,278.68,0.6638,0.0197,0.000413,4.461
164166,520,260,780,229,151,126,38.52,0.6195,0.7077,0.402995,18,77,24,144.62,0.9639,0.2746,0.055021,4.313
164183,520,385,905,229,74,145,356.15,0.8061,0.5870,0.236025,60,12,43,345.15,0.7154,0.1486,0.013982,4.470
164191,520,459,979,206,80,10,42.32,0.9698,0.5261,0.188832,4,5,45,270.91,0.9363,0.0627,0.003238,4.486
164192,520,408,928,253,7,42,25.37,0.9972,0.5674,0.212056,47,23,4,56.93,0.7605,0.1311,0.012260,4.209
164193,520,455,975,206,49,173,338.18,0.8475,0.5339,0.183376,17,10,10,18.59,0.2007,0.0622,0.003582,4.356
164194,520,376,896,227,45,222,329.44,0.9525,0.5976,0.234839,15,45,16,144.15,0.8872,0.1627,0.020157,4.060
164199,520,329,849,255,53,212,338.73,1.0000,0.6457,0.285630,67,16,104,305.61,0.8488,0.2123,0.025634,4.438
164218,520,397,917,242,41,145,355.96,0.9341,0.5823,0.225106,33,32,35,301.11,0.0586,0.1425,0.014777,4.247
164223,520,379,899,201,77,241,316.71,0.9178,0.5976,0.240775,69,12,33,3.17,0.7563,0.1622,0.016382,4.380
164225,520,411,931,221,24,213,330.32,0.9744,0.5706,0.208318,17,1,87,274.99,0.9955,0.1166,0.008289,4.432
164241,520,432,952,198,41,229,320.02,0.9434,0.5514,0.192503,27,14,43,302.17,0.5907,0.0985,0.007215,4.238
164244,520,418,938,237,55,70,22.29,0.9241,0.5620,0.211822,4,3,95,266.31,0.9953,0.1228,0.009171,4.425
164262,520,283,803,232,116,225,329.64,0.8680,0.6858,0.350849,17,57,109,256.68,0.7995,0.2505,0.041493,4.381
164269,520,372,892,250,62,127,5.43,0.9496,0.6071,0.253050,59,32,20,44.34,0.4972,0.1736,0.020135,4.321
164289,520,416,936,249,39,6,31.06,0.9958,0.5689,0.216076,55,7,17,13.74,0.7974,0.1224,0.010048,4.431
164295,520,471,991,229,33,0,31.20,1.0000,0.5232,0.177487,5,6,16,276.66,0.4167,0.0441,0.001999,4.375
164308,520,447,967,215,42,173,340.44,0.8892,0.5450,0.191224,10,17,32,264.34,0.4447,0.0814,0.005697,4.331
164318,520,396,916,244,43,124,3.66,0.9338,0.5800,0.224194,27,0,99,279.51,1.0000,0.1404,0.011338,4.470
164324,520,342,862,253,7,225,334.72,0.9977,0.6315,0.264741,52,4,113,292.80,0.9709,0.1907,0.020092,4.490
164339,520,356,876,239,56,211,335.33,0.9391,0.6193,0.258850,51,34,63,310.21,0.4307,0.1841,0.022068,4.286
164341,520,419,939,245,35,9,30.56,0.9933,0.5583,0.206378,9,22,57,265.40,0.7615,0.1113,0.009273,4.325
164363,520,473,993,210,12,171,339.37,0.9719,0.5206,0.169070,9,3,2,35.79,0.4259,0.0347,0.001276,4.272
164370,520,429,949,174,72,241,308.40,0.9084,0.5531,0.199850,20,11,56,285.17,0.7875,0.0967,0.006736,4.404
164372,520,446,966,215,7,193,334.17,0.9893,0.5421,0.184515,12,17,18,211.13,0.1396,0.0760,0.005227,4.246
164380,520,378,898,223,62,219,329.09,0.9141,0.6019,0.242499,31,38,35,167.71,0.1262,0.1573,0.017989,4.302
164391,520,387,907,225,89,111,13.43,0.7524,0.5882,0.243025,15,42,0,136.19,1.0000,0.1502,0.017574,4.336
164394,520,350,870,250,9,225,334.08,0.9968,0.6264,0.259588,15,52,11,141.72,0.9511,0.1857,0.025816,4.083
164407,520,398,918,227,40,199,335.60,0.9409,0.5802,0.219745,25,25,71,278.24,0.6907,0.1416,0.013568,4.243
164421,520,413,933,207,59,210,327.15,0.8803,0.5669,0.210483,46,6,43,331.25,0.7649,0.1154,0.008856,4.426
164422,520,370,890,232,72,188,340.86,0.8633,0.6092,0.254239,65,20,53,339.48,0.6442,0.1740,0.018813,4.421
164436,520,336,856,237,103,134,8.21,0.7841,0.6357,0.294289,25,51,52,198.80,0.4258,0.1992,0.028222,4.401
164443,520,458,978,157,91,200,310.16,0.6798,0.5274,0.188209,13,10,20,297.60,0.3150,0.0619,0.003532,4.450
164446,520,441,961,239,21,1,30.04,0.9992,0.5389,0.188926,15,8,54,281.22,0.8507,0.0855,0.005415,4.312
164452,520,383,903,212,72,234,321.91,0.9056,0.6038,0.245740,37,32,51,295.89,0.3148,0.1549,0.016654,4.437
164482,520,469,989,223,16,97,8.00,0.9714,0.5160,0.169244,10,3,7,341.62,0.4282,0.0378,0.001450,4.261
164483,520,405,925,218,25,232,324.87,0.9806,0.5789,0.214290,5,35,42,216.30,0.7621,0.1346,0.014014,4.129
164506,520,456,976,209,22,180,336.43,0.9493,0.5272,0.174265,22,5,20,331.82,0.5894,0.0620,0.003296,4.208
164507,520,433,953,243,31,16,29.74,0.9875,0.5522,0.200755,24,5,65,288.13,0.9102,0.1012,0.006844,4.411
164517,520,257,777,247,144,26,61.02,0.9700,0.7062,0.397980,21,76,14,141.52,0.9721,0.2710,0.053598,4.324
164532,520,446,966,184,35,252,311.03,0.9851,0.5445,0.184218,30,13,7,40.96,0.4961,0.0842,0.005792,4.198
164537,520,432,952,194,54,227,318.99,0.9095,0.5533,0.196551,5,6,75,268.11,0.9804,0.0998,0.006705,4.348
164547,520,461,981,227,41,53,24.46,0.9485,0.5279,0.181767,5,1,38,277.44,0.9723,0.0482,0.001939,4.462
164550,520,464,984,207,45,148,347.16,0.8410,0.5195,0.172824,14,4,17,319.11,0.5572,0.0486,0.002207,4.268
164560,520,471,991,226,33,2,31.12,0.9978,0.5169,0.172638,15,3,2,30.65,0.6131,0.0415,0.001711,4.305
164576,520,476,996,226,25,25,28.26,0.9813,0.5137,0.169371,0,0,12,264.05,1.0000,0.0173,0.000265,4.364
164578,520,351,871,219,91,228,325.02,0.8715,0.6330,0.281455,23,49,53,208.38,0.4464,0.1923,0.026357,4.341
164584,520,382,902,242,39,188,342.29,0.9547,0.6008,0.239621,58,9,72,317.24,0.8191,0.1617,0.015629,4.413
164626,520,384,904,239,3,202,337.42,0.9978,0.5914,0.226830,53,18,48,333.32,0.6100,0.1470,0.014030,4.323
164628,520,417,937,230,28,187,339.64,0.9607,0.5727,0.212440,24,26,46,278.45,0.3844,0.1235,0.011302,4.281
164635,520,351,871,234,104,127,11.47,0.7637,0.6302,0.289280,13,52,19,146.13,0.9317,0.1861,0.025885,4.471
164637,520,475,995,195,55,170,336.15,0.8032,0.5182,0.172385,4,5,0,116.44,1.0000,0.0341,0.001344,4.331
164668,520,435,955,230,4,148,351.34,0.9932,0.5462,0.190508,27,2,56,298.13,0.9337,0.0908,0.005620,4.324
164682,520,435,955,219,15,190,336.02,0.9778,0.5495,0.191218,36,5,25,344.42,0.7074,0.0861,0.005539,4.343
164690,520,457,977,233,33,32,28.02,0.9740,0.5331,0.185188,10,5,42,281.42,0.8500,0.0646,0.003402,4.404
164694,520,476,996,225,2,48,22.73,0.9983,0.5066,0.162673,0,3,4,211.91,1.0000,0.0247,0.000739,4.192
164715,520,435,955,229,32,144,353.17,0.9321,0.5516,0.197075,39,7,18,2.35,0.6696,0.0917,0.006270,4.391
164716,520,394,914,240,37,169,347.54,0.9464,0.5866,0.227160,19,32,49,255.51,0.4202,0.1373,0.013932,4.335
164723,520,443,963,212,79,4,41.58,0.9893,0.5355,0.196001,24,14,24,326.56,0.3204,0.0837,0.005742,4.413
164724,520,297,817,253,78,237,331.93,0.9912,0.6770,0.324488,21,57,95,252.26,0.6917,0.2410,0.039117,4.202
164730,520,451,971,228,30,121,0.98,0.9363,0.5396,0.188058,6,11,34,269.83,0.6667,0.0666,0.003935,4.414
164736,520,435,955,218,35,181,338.57,0.9240,0.5506,0.194460,43,3,15,6.80,0.8191,0.0919,0.006133,4.355
164741,520,386,906,225,11,232,326.67,0.9938,0.5871,0.220754,8,16,102,267.22,0.9719,0.1503,0.013814,4.243
164779,520,345,865,235,53,243,326.22,0.9655,0.6302,0.266819,25,40,81,266.49,0.6232,0.1860,0.023182,4.329
164785,520,288,808,222,125,216,329.38,0.7633,0.6818,0.351564,29,62,71,217.76,0.4892,0.2448,0.041612,4.383
164803,520,464,984,179,79,172,330.26,0.6811,0.5224,0.181554,17,6,5,27.64,0.4005,0.0522,0.002604,4.402
164821,520,470,990,226,37,53,23.93,0.9545,0.5231,0.177518,1,1,33,267.94,0.9855,0.0394,0.001380,4.428
164826,520,341,861,242,25,247,327.18,0.9912,0.6306,0.262906,45,45,49,285.96,0.0600,0.1970,0.026564,4.087
164836,520,461,981,204,28,202,328.80,0.9472,0.5348,0.179340,22,3,0,41.31,1.0000,0.0505,0.002357,4.380
164837,520,396,916,237,69,88,19.00,0.8829,0.5792,0.229684,21,37,23,147.54,0.4563,0.1419,0.015444,4.274
164849,520,409,929,192,72,235,315.62,0.8916,0.5742,0.218406,33,26,38,310.86,0.2506,0.1285,0.012021,4.328
164875,520,479,999,166,60,214,312.92,0.8455,0.5063,0.161946,0,0,5,264.05,1.0000,0.0116,0.000110,4.230
164885,520,468,988,174,43,238,310.77,0.9399,0.5224,0.169004,8,5,13,303.38,0.3673,0.0432,0.001892,4.220
164890,520,293,813,238,119,171,354.23,0.7687,0.6751,0.343135,54,57,53,137.80,0.0626,0.2418,0.039676,4.384
164908,520,422,942,182,83,222,314.85,0.8118,0.5642,0.214065,32,23,13,69.00,0.3509,0.1106,0.009490,4.439
164919,520,411,931,248,8,94,12.26,0.9938,0.5655,0.209418,20,28,45,264.49,0.3780,0.1247,0.011687,4.205
164954,520,448,968,219,66,60,26.87,0.8742,0.5363,0.192853,22,9,31,309.64,0.5683,0.0756,0.004649,4.444
164970,520,415,935,254,13,25,27.89,0.9965,0.5695,0.214327,26,24,50,285.22,0.4696,0.1233,0.011032,4.331
164986,520,349,869,249,38,224,334.16,0.9787,0.6332,0.269108,72,23,41,0.34,0.6226,0.1859,0.021508,4.463
164992,520,172,692,203,194,215,305.05,0.2466,0.7996,0.561865,0,97,21,144.84,1.0000,0.3395,0.086032,4.498
164996,520,388,908,236,46,182,342.87,0.9278,0.5909,0.231671,35,9,92,286.66,0.9236,0.1493,0.013254,4.453
165033,520,371,891,205,86,232,319.76,0.8723,0.6082,0.254624,43,40,15,102.50,0.5602,0.1704,0.020657,4.311
165037,520,377,897,254,34,136,0.79,0.9912,0.5987,0.239961,14,30,85,266.66,0.8533,0.1589,0.016777,4.342
165051,520,429,949,219,14,191,335.74,0.9798,0.5499,0.191381,17,0,77,277.71,1.0000,0.1018,0.006550,4.268
165052,520,399,919,212,74,187,335.75,0.8012,0.5772,0.224844,30,16,84,283.56,0.8541,0.1433,0.012867,4.372
165053,520,365,885,252,40,160,352.99,0.9746,0.6071,0.247546,16,46,34,164.69,0.6471,0.1711,0.021796,4.144
165065,520,441,961,238,21,71,18.52,0.9807,0.5432,0.191717,8,24,1,135.29,0.9720,0.0883,0.007071,4.235
165075,520,25,545,252,247,210,100.89,0.8514,0.9658,0.918705,40,129,81,155.56,0.8832,0.4648,0.167450,4.455
165079,520,458,978,229,7,93,9.99,0.9901,0.5252,0.176033,15,7,20,311.85,0.4480,0.0577,0.003040,4.262
165097,520,173,693,236,184,169,36.68,0.5622,0.7970,0.549799,72,88,26,122.54,0.7756,0.3449,0.084317,4.466
165103,520,420,940,243,42,50,25.83,0.9641,0.5612,0.209443,41,8,44,324.33,0.7269,0.1101,0.008270,4.452
165107,520,380,900,245,48,157,352.93,0.9277,0.5975,0.239639,75,6,0,31.87,1.0000,0.1620,0.016264,4.371
165111,520,467,987,150,66,246,299.77,0.9401,0.5183,0.170346,15,0,21,317.64,1.0000,0.0423,0.001557,4.274
165117,520,323,843,250,56,230,332.94,0.9782,0.6493,0.288685,4,43,107,260.26,0.9550,0.2085,0.028149,4.334
165118,520,466,986,206,41,160,342.41,0.8620,0.5207,0.172478,6,8,12,260.64,0.1905,0.0481,0.002389,4.247
165126,520,440,960,235,34,87,14.25,0.9508,0.5462,0.194975,15,9,58,279.35,0.8659,0.0911,0.006024,4.373
165145,520,343,863,167,124,245,297.99,0.8342,0.6291,0.292235,18,48,68,240.70,0.6041,0.1949,0.026597,4.468
165158,520,423,943,206,98,1,50.84,0.9959,0.5552,0.218614,12,30,14,146.51,0.6551,0.1118,0.010384,4.448
165162,520,358,878,252,44,190,344.03,0.9789,0.6231,0.262178,9,51,2,140.67,0.9920,0.1788,0.024300,4.202
165164,520,434,954,159,80,243,302.08,0.9035,0.5452,0.195797,14,9,68,275.60,0.9243,0.1013,0.007061,4.308
165166,520,409,929,191,73,229,316.73,0.8671,0.5695,0.214998,7,19,86,266.91,0.9459,0.1343,0.011827,4.286
165177,520,380,900,243,2,209,336.50,0.9988,0.6027,0.237046,58,19,49,337.45,0.6184,0.1578,0.015872,4.358
165194,520,386,906,200,77,238,317.13,0.9038,0.5939,0.237615,27,32,64,274.67,0.5137,0.1538,0.016362,4.334
165199,520,354,874,244,62,187,343.71,0.9221,0.6201,0.262692,73,19,27,15.56,0.7112,0.1772,0.019616,4.492
165203,520,423,943,183,65,240,312.02,0.9158,0.5572,0.201402,41,15,28,350.58,0.5074,0.1118,0.008970,4.263
165216,520,325,845,234,81,244,325.29,0.9546,0.6540,0.299112,28,56,26,142.54,0.7203,0.2086,0.031497,4.284
165245,520,433,953,195,85,153,344.86,0.6560,0.5470,0.204006,24,24,5,109.07,0.6454,0.1022,0.008584,4.336
165247,520,355,875,231,106,70,36.84,0.8197,0.6162,0.277418,48,41,35,62.79,0.1450,0.1842,0.023356,4.463
165269,520,377,897,204,99,193,331.45,0.7029,0.6020,0.256129,11,45,28,158.14,0.8151,0.1637,0.020317,4.354
165270,520,410,930,173,93,226,309.55,0.7937,0.5694,0.222046,29,29,34,285.64,0.1002,0.1298,0.012554,4.349
165292,520,349,869,248,31,222,334.41,0.9834,0.6271,0.262134,63,38,7,67.40,0.7802,0.1920,0.024585,4.185
165304,520,407,927,233,41,155,350.69,0.9182,0.5692,0.212789,34,4,81,291.09,0.9464,0.1296,0.010210,4.365
165305,520,357,877,230,97,149,358.35,0.7514,0.6203,0.275448,26,48,0,131.59,1.0000,0.1771,0.023335,4.438
165318,520,436,956,200,23,236,319.26,0.9792,0.5509,0.189499,28,10,34,317.05,0.5883,0.0869,0.005795,4.292
165323,520,471,991,188,69,175,332.32,0.7479,0.5249,0.180442,6,5,13,290.30,0.3659,0.0413,0.001763,4.452
165337,520,451,971,215,51,142,351.81,0.8366,0.5368,0.187701,13,16,4,119.58,0.5497,0.0702,0.004649,4.350
165344,520,477,997,166,15,251,306.43,0.9892,0.5080,0.154144,8,0,1,11.38,1.0000,0.0234,0.000538,4.039
165357,520,330,850,252,38,222,335.33,0.9859,0.6373,0.273588,59,36,81,305.82,0.5507,0.2111,0.027857,4.156
165365,520,474,994,220,26,119,359.93,0.9348,0.5209,0.172890,5,0,19,295.44,1.0000,0.0296,0.000793,4.388
165382,520,444,964,197,17,225,321.10,0.9812,0.5352,0.177090,31,9,22,345.78,0.5356,0.0833,0.005446,4.096
165384,520,373,893,248,14,186,343.82,0.9904,0.6016,0.238190,74,7,3,30.05,0.9585,0.1612,0.016146,4.357
165406,520,472,992,183,69,177,329.86,0.7434,0.5179,0.174992,0,2,22,263.16,1.0004,0.0317,0.001013,4.410
165433,520,365,885,227,70,211,332.38,0.8924,0.6113,0.254167,66,21,38,359.53,0.6132,0.1702,0.018347,4.450
165443,520,383,903,207,73,232,320.92,0.8933,0.5958,0.238583,56,23,31,6.24,0.4979,0.1529,0.015526,4.404
165460,520,311,831,240,123,16,53.39,0.9778,0.6558,0.327314,42,57,32,133.61,0.4594,0.2238,0.035227,4.427
165473,520,421,941,235,28,145,353.94,0.9523,0.5618,0.205400,26,0,78,285.70,1.0000,0.1118,0.007697,4.427
165489,520,469,989,193,26,216,322.10,0.9583,0.5249,0.170356,13,2,13,327.63,0.6564,0.0408,0.001581,4.272
165525,520,455,975,214,8,169,340.97,0.9822,0.5262,0.173367,14,10,0,96.03,1.0000,0.0560,0.003105,4.206
165534,520,456,976,214,53,137,353.68,0.8258,0.5346,0.186508,22,3,25,322.56,0.7293,0.0606,0.003059,4.457
165540,520,349,869,244,23,243,328.54,0.9920,0.6307,0.263198,55,34,58,322.34,0.3992,0.1866,0.022618,4.313
165541,520,426,946,248,26,0,30.34,1.0000,0.5600,0.206989,6,31,7,144.16,0.9341,0.1103,0.010340,4.259
165567,520,389,909,251,21,136,359.73,0.9806,0.5875,0.228267,15,21,92,270.11,0.9255,0.1489,0.014105,4.341
165605,520,409,929,249,34,40,27.05,0.9792,0.5679,0.214406,11,33,31,187.56,0.5308,0.1261,0.012577,4.225
165607,520,410,930,209,36,231,322.65,0.9610,0.5680,0.205884,41,25,5,70.16,0.7077,0.1265,0.011777,4.142
165623,520,334,854,250,37,236,331.47,0.9838,0.6419,0.277063,42,48,54,248.27,0.1197,0.2046,0.028725,4.155
165626,520,379,899,230,88,132,4.28,0.7722,0.6017,0.254710,2,46,26,158.21,0.9766,0.1631,0.020414,4.327
165631,520,373,893,230,77,154,353.12,0.8050,0.5958,0.244664,67,16,36,0.14,0.6923,0.1641,0.016914,4.404
165634,520,336,856,255,89,123,11.90,1.0000,0.6441,0.298383,17,49,74,245.19,0.6498,0.2014,0.028101,4.461
165642,520,320,840,235,108,152,0.42,0.7577,0.6460,0.306568,72,41,17,56.16,0.6373,0.2148,0.030042,4.455
165645,520,450,970,232,1,118,1.76,0.9984,0.5377,0.184885,6,13,30,264.42,0.5577,0.0681,0.004203,4.333
165651,520,368,888,249,70,114,11.06,0.9397,0.6092,0.257383,53,32,26,36.65,0.3482,0.1656,0.018646,4.478
165659,520,430,950,174,91,196,318.86,0.6838,0.5478,0.204673,27,16,46,298.03,0.5806,0.1044,0.008009,4.390
165670,520,437,957,179,64,243,310.14,0.9289,0.5527,0.197225,10,12,60,272.63,0.8882,0.0944,0.006537,4.373
165676,520,265,785,250,116,216,338.20,0.9578,0.7077,0.377753,42,66,57,168.93,0.3288,0.2593,0.046840,4.417
165693,520,475,995,201,70,106,7.20,0.7283,0.5180,0.178404,0,4,13,250.09,1.0000,0.0321,0.001159,4.465
165706,520,442,962,232,2,123,0.08,0.9968,0.5397,0.186323,7,9,48,272.64,0.8689,0.0754,0.004539,4.333
165716,520,273,793,251,104,229,333.86,0.9771,0.6990,0.360697,17,57,116,258.63,0.8318,0.2565,0.043061,4.413
165717,520,459,979,191,46,209,322.97,0.8949,0.5286,0.176353,16,2,40,294.76,0.8941,0.0624,0.003068,4.265
165739,520,378,898,219,74,215,329.00,0.8750,0.6048,0.248660,37,38,31,113.87,0.1341,0.1619,0.018785,4.342
165740,520,415,935,236,25,170,346.04,0.9656,0.5739,0.214333,51,1,47,332.00,0.9162,0.1208,0.009309,4.457
165748,520,431,951,231,60,53,27.62,0.9202,0.5523,0.204806,32,12,39,316.60,0.5991,0.0988,0.007165,4.457
165749,520,480,1000,222,9,85,11.77,0.9859,0.5088,0.163836,0,0,0,0.00,0.0000,0.0000,0.000000,4.277
165754,520,400,920,193,73,233,316.37,0.8833,0.5754,0.219870,44,29,5,76.34,0.7483,0.1407,0.014252,4.200
165756,520,460,980,229,4,104,6.13,0.9936,0.5276,0.177473,7,11,20,264.34,0.3383,0.0590,0.003350,4.264
165766,520,397,917,241,67,63,26.56,0.9293,0.5804,0.230772,66,7,1,32.23,0.9789,0.1430,0.013126,4.448
165770,520,414,934,217,46,205,331.39,0.9201,0.5701,0.211156,43,11,49,320.99,0.7056,0.1208,0.009747,4.371
165777,520,364,884,254,19,170,349.74,0.9924,0.6066,0.244424,72,12,38,359.19,0.7623,0.1703,0.017808,4.342
165803,520,471,991,231,6,50,22.78,0.9955,0.5208,0.173525,1,3,25,267.09,0.9196,0.0379,0.001418,4.347
165807,520,472,992,160,67,237,304.92,0.8950,0.5247,0.176029,3,3,13,280.38,0.5604,0.0327,0.001135,4.420
165808,520,416,936,214,18,229,324.62,0.9857,0.5676,0.203879,10,12,85,269.65,0.9625,0.1235,0.009833,4.243
165817,520,347,867,209,91,249,316.48,0.9557,0.6319,0.278785,31,48,32,145.99,0.4020,0.1866,0.025094,4.378
165818,520,382,902,227,55,220,329.91,0.9339,0.6034,0.242329,76,4,16,19.57,0.9417,0.1648,0.016610,4.389
165842,520,243,763,247,124,252,325.91,0.9854,0.7336,0.412200,20,69,103,243.39,0.7381,0.2809,0.053840,4.451
165851,520,377,897,195,81,246,313.44,0.9353,0.5973,0.241419,23,43,8,134.26,0.8835,0.1596,0.019274,4.207
165895,520,466,986,198,82,25,42.50,0.9019,0.5154,0.181125,18,6,0,62.63,1.0000,0.0518,0.002589,4.395
165897,520,456,976,226,46,54,24.86,0.9373,0.5298,0.183919,20,2,30,312.24,0.8146,0.0591,0.002859,4.425
165906,520,337,857,247,101,109,19.81,0.8999,0.6429,0.301887,8,56,4,141.76,0.9877,0.1963,0.028886,4.461
165908,520,419,939,237,1,160,349.00,0.9987,0.5649,0.205673,49,8,26,357.58,0.7156,0.1147,0.009013,4.332
165915,520,458,978,233,3,91,11.10,0.9963,0.5322,0.181472,9,9,21,282.76,0.3873,0.0569,0.003076,4.361
165916,520,436,956,188,91,166,336.69,0.6283,0.5515,0.209281,15,24,9,133.78,0.5268,0.0948,0.007745,4.490
165924,520,448,968,213,41,177,338.62,0.8929,0.5428,0.189085,32,11,8,29.90,0.5378,0.0837,0.005640,4.297
165926,520,442,962,185,61,225,316.43,0.8811,0.5444,0.190892,31,6,20,348.12,0.6260,0.0772,0.004721,4.402
165930,520,374,894,252,32,142,358.40,0.9752,0.5959,0.236850,30,38,36,178.49,0.1362,0.1568,0.017896,4.225
165944,520,397,917,209,71,209,327.86,0.8498,0.5817,0.226670,2,36,55,238.18,0.8874,0.1441,0.015504,4.224
165983,520,454,974,195,69,167,337.65,0.7481,0.5320,0.186500,12,4,50,281.15,0.9130,0.0721,0.003953,4.383
166015,520,341,861,242,50,221,333.35,0.9593,0.6260,0.263817,31,46,65,254.73,0.3669,0.1953,0.026269,4.115
166017,520,356,876,227,84,199,336.29,0.8373,0.6202,0.267973,24,29,104,272.07,0.8813,0.1829,0.020723,4.496
166020,520,364,884,248,15,207,338.15,0.9922,0.6132,0.248063,36,42,24,123.52,0.3730,0.1705,0.020969,4.200
166025,520,393,913,245,71,49,30.70,0.9515,0.5907,0.241440,4,41,14,148.61,0.9675,0.1440,0.016433,4.387
166029,520,439,959,241,15,68,19.31,0.9888,0.5471,0.194631,10,25,0,132.80,1.0000,0.0923,0.007598,4.247
166042,520,422,942,248,2,68,19.43,0.9988,0.5591,0.204208,33,21,26,352.33,0.2430,0.1112,0.009343,4.284
166050,520,428,948,242,11,100,9.66,0.9892,0.5552,0.200400,6,27,20,169.01,0.6705,0.1009,0.008731,4.264
166054,520,424,944,200,67,200,327.87,0.8248,0.5571,0.204654,30,10,64,293.78,0.8155,0.1139,0.008633,4.343
166082,520,391,911,230,57,191,338.94,0.8989,0.5931,0.235134,36,33,26,87.57,0.1578,0.1453,0.015374,4.362
166086,520,283,803,239,136,125,27.03,0.7648,0.6922,0.374421,5,70,36,153.69,0.9795,0.2494,0.045398,4.449
166087,520,453,973,204,74,100,11.67,0.7265,0.5270,0.186571,24,9,12,7.52,0.3979,0.0694,0.004161,4.368
166088,520,186,706,247,184,31,82.57,0.9651,0.7896,0.541562,35,92,40,145.09,0.9013,0.3343,0.081645,4.494
166098,520,450,970,239,27,35,27.11,0.9823,0.5430,0.192593,25,7,16,350.04,0.5034,0.0684,0.003961,4.496
166104,520,399,919,202,90,173,338.56,0.6873,0.5751,0.228877,5,38,33,180.93,0.8263,0.1399,0.015282,4.272
166109,520,461,981,225,42,71,19.29,0.9289,0.5274,0.181212,6,4,33,279.25,0.8338,0.0514,0.002353,4.416
166121,520,464,984,210,48,140,351.15,0.8338,0.5240,0.177112,8,7,22,284.85,0.4951,0.0523,0.002615,4.316
166133,520,284,804,229,115,241,323.71,0.9163,0.6888,0.352722,19,63,76,221.07,0.6855,0.2458,0.042151,4.370
166167,520,294,814,245,95,227,332.72,0.9472,0.6773,0.331456,63,58,0,104.16,1.0000,0.2445,0.040829,4.200
166173,520,404,924,223,62,178,341.47,0.8520,0.5785,0.223500,1,36,12,150.30,0.9895,0.1252,0.012947,4.345
166222,520,478,998,211,56,12,34.53,0.9783,0.5050,0.167062,6,1,0,47.34,1.0000,0.0238,0.000604,4.289
166233,520,463,983,228,16,111,3.88,0.9725,0.5307,0.180151,1,0,43,266.70,1.0000,0.0473,0.001809,4.442
166239,520,384,904,251,63,1,34.50,0.9992,0.5915,0.240700,56,22,33,1.39,0.5159,0.1518,0.015245,4.456
166247,520,212,732,246,141,246,327.11,0.9516,0.7561,0.452985,47,83,29,136.58,0.8434,0.3097,0.068794,4.234
166288,520,397,917,235,74,92,18.46,0.8617,0.5820,0.233354,36,33,15,100.00,0.4486,0.1424,0.014973,4.361
166297,520,436,956,228,55,85,16.73,0.8886,0.5471,0.198851,30,12,19,356.07,0.4205,0.0857,0.005860,4.455
166304,520,352,872,247,58,179,346.73,0.9378,0.6183,0.260581,29,44,60,250.72,0.3506,0.1851,0.023888,4.203
166306,520,304,824,214,114,253,315.57,0.9796,0.6740,0.334240,33,61,43,154.76,0.4995,0.2326,0.038351,4.349
166310,520,423,943,240,42,66,21.83,0.9539,0.5573,0.205778,53,3,1,30.31,0.9729,0.1095,0.008243,4.392
166311,520,418,938,210,52,194,332.68,0.8764,0.5557,0.200547,51,11,8,28.08,0.7837,0.1176,0.009608,4.203
166314,520,450,970,202,43,200,328.71,0.9007,0.5388,0.184562,35,2,11,6.55,0.8229,0.0737,0.004250,4.324
166316,520,361,881,239,28,244,327.15,0.9883,0.6244,0.257155,26,40,78,266.66,0.5858,0.1843,0.022872,4.215
166349,520,392,912,241,42,170,347.61,0.9381,0.5918,0.232620,42,30,38,339.03,0.2211,0.1495,0.015608,4.308
166372,520,249,769,245,120,234,330.78,0.9467,0.7152,0.387883,116,27,56,5.93,0.7615,0.2846,0.047830,4.476
166375,520,209,729,201,182,185,6.76,0.1522,0.7594,0.493766,50,84,24,134.15,0.8765,0.3143,0.070845,4.500
166386,520,381,901,240,82,71,27.77,0.9095,0.5971,0.250179,15,42,35,174.14,0.5821,0.1581,0.018788,4.364
166388,520,413,933,249,20,68,20.16,0.9872,0.5655,0.210610,28,17,60,290.25,0.6947,0.1188,0.009740,4.362
166392,520,380,900,255,19,155,354.45,1.0000,0.6021,0.240959,66,15,39,355.35,0.6994,0.1621,0.016466,4.378
166408,520,435,955,210,37,194,332.64,0.9204,0.5450,0.189219,9,6,66,272.51,0.9600,0.0911,0.005816,4.286
166409,520,426,946,170,84,237,306.83,0.8657,0.5602,0.210018,29,27,0,105.85,1.0000,0.1150,0.010451,4.301
166414,520,450,970,229,46,89,14.13,0.9105,0.5424,0.193362,22,10,16,348.64,0.3382,0.0700,0.004251,4.486
166444,520,423,943,237,36,108,7.55,0.9404,0.5568,0.203521,36,7,58,305.73,0.8156,0.1122,0.008325,4.347
166451,520,404,924,234,31,191,339.46,0.9612,0.5837,0.222368,47,20,21,18.76,0.4741,0.1285,0.011589,4.422
166452,520,13,533,255,250,222,98.72,1.0000,0.9787,0.949055,44,132,65,148.11,0.9187,0.4721,0.174190,4.456
166495,520,335,855,252,20,242,330.54,0.9944,0.6431,0.276097,74,21,61,338.78,0.6807,0.1964,0.023293,4.449
166515,520,439,959,194,30,240,316.59,0.9706,0.5474,0.186905,32,17,4,62.35,0.6489,0.0947,0.007168,4.144
166530,520,83,603,247,214,248,325.13,0.8725,0.8995,0.746454,22,114,87,167.85,0.9188,0.4138,0.128928,4.451
166539,520,474,994,199,34,184,332.57,0.9028,0.5172,0.167487,5,1,22,289.23,0.8816,0.0347,0.001119,4.255
166551,520,418,938,207,81,147,350.82,0.7060,0.5584,0.212588,5,30,41,230.18,0.7178,0.1189,0.011209,4.290
166559,520,390,910,226,12,236,325.98,0.9939,0.5918,0.224901,54,17,46,336.79,0.6227,0.1461,0.013825,4.307
166567,520,460,980,179,42,239,312.12,0.9447,0.5301,0.174727,23,6,4,31.25,0.5783,0.0598,0.003212,4.223
166569,520,467,987,222,12,128,356.58,0.9744,0.5234,0.173537,4,0,36,276.69,1.0000,0.0429,0.001532,4.338
166572,520,449,969,228,9,150,350.33,0.9844,0.5441,0.188941,33,4,13,3.62,0.7186,0.0744,0.004393,4.393
166618,520,333,853,237,75,229,330.02,0.9285,0.6433,0.286963,56,47,0,97.62,1.0000,0.2046,0.028738,4.280
166628,520,316,836,251,65,230,333.21,0.9817,0.6579,0.300060,30,57,37,151.11,0.5420,0.2159,0.033358,4.199
166629,520,477,997,226,4,54,21.41,0.9964,0.5101,0.165249,2,1,10,286.50,0.7500,0.0235,0.000565,4.257
166641,520,477,997,222,16,79,14.09,0.9762,0.5093,0.164675,0,2,1,165.38,1.0000,0.0192,0.000456,4.255
166646,520,364,884,251,17,182,345.61,0.9885,0.6060,0.242909,72,0,54,341.75,1.0000,0.1669,0.016443,4.408
166668,520,340,860,249,69,187,345.16,0.9497,0.6352,0.279870,57,30,85,303.74,0.6513,0.2000,0.024543,4.425
166674,520,476,996,210,5,156,344.09,0.9857,0.5107,0.162127,0,2,5,242.21,1.0000,0.0215,0.000544,4.197
166676,520,395,915,224,22,230,326.86,0.9848,0.5868,0.221366,9,36,35,191.84,0.6361,0.1362,0.014411,4.213
166689,520,451,971,211,52,166,342.03,0.8399,0.5417,0.190602,22,5,29,315.29,0.6795,0.0670,0.003678,4.482
166699,520,319,839,231,82,247,323.71,0.9637,0.6524,0.297410,87,28,25,26.23,0.7204,0.2183,0.029273,4.382
166723,520,414,934,204,12,254,316.50,0.9957,0.5689,0.202577,28,22,47,293.11,0.4650,0.1187,0.010259,4.191
166727,520,474,994,229,15,56,21.56,0.9868,0.5196,0.172882,6,0,17,302.34,1.0000,0.0295,0.000792,4.388
166752,520,225,745,250,154,145,25.82,0.8759,0.7468,0.454820,46,80,47,144.81,0.5927,0.3029,0.065232,4.381
166784,520,389,909,255,45,63,23.68,1.0000,0.5895,0.234994,69,3,9,23.16,0.9587,0.1466,0.013503,4.488
166787,520,433,953,177,106,129,359.44,0.4343,0.5461,0.212413,0,29,21,171.65,1.0000,0.1040,0.009328,4.423
166794,520,98,618,252,205,222,354.64,0.8479,0.8762,0.696333,79,106,8,125.47,0.9659,0.4042,0.119877,4.393
166817,520,425,945,208,53,198,330.93,0.8766,0.5556,0.200352,7,29,32,207.28,0.5974,0.1123,0.010281,4.153
166834,520,454,974,160,63,249,302.81,0.9593,0.5305,0.178686,10,11,36,277.59,0.6319,0.0710,0.004312,4.211
166838,520,366,886,207,80,247,316.95,0.9494,0.6141,0.257196,25,41,46,219.40,0.2959,0.1659,0.019898,4.395
166854,520,447,967,213,42,176,338.95,0.8885,0.5430,0.189388,16,17,5,112.53,0.4947,0.0757,0.005220,4.335
166884,520,473,993,178,15,248,310.59,0.9890,0.5233,0.165849,7,1,13,310.77,0.7604,0.0314,0.000959,4.236
166887,520,419,939,247,9,56,22.45,0.9952,0.5566,0.202586,2,29,22,173.06,0.9095,0.1055,0.009495,4.245
166891,520,407,927,237,30,142,355.44,0.9502,0.5655,0.208891,5,36,10,146.46,0.9541,0.1268,0.013159,4.099
166900,520,476,996,171,72,191,320.56,0.7473,0.5119,0.170552,0,0,16,264.05,1.0000,0.0204,0.000374,4.378
166924,520,422,942,204,22,235,320.58,0.9810,0.5564,0.194110,3,26,39,236.06,0.7740,0.1051,0.009046,4.134
166931,520,452,972,212,63,100,10.27,0.7970,0.5281,0.184745,26,6,17,347.68,0.5628,0.0683,0.003904,4.355
166933,520,347,867,222,93,215,329.77,0.8382,0.6325,0.282666,47,45,24,103.60,0.4102,0.1912,0.025471,4.408
166938,520,416,936,209,71,193,332.81,0.8152,0.5721,0.219139,17,23,62,272.41,0.6970,0.1229,0.010797,4.427
166939,520,404,924,247,44,93,14.60,0.9486,0.5781,0.223693,33,24,52,296.94,0.4829,0.1322,0.012245,4.397
166951,520,197,717,229,167,236,323.11,0.7807,0.7778,0.503528,27,90,6,139.89,0.9911,0.3205,0.075582,4.408
166955,520,423,943,243,49,2,32.61,0.9983,0.5633,0.212591,51,8,9,23.76,0.8136,0.1138,0.008973,4.453
166963,520,429,949,212,87,16,43.51,0.9547,0.5479,0.208531,32,16,32,326.89,0.4275,0.1020,0.007820,4.471
166977,520,388,908,233,62,162,349.47,0.8644,0.5887,0.233803,41,24,69,297.86,0.6359,0.1548,0.015544,4.330
166980,520,347,867,238,89,161,353.62,0.8272,0.6272,0.278979,36,49,6,125.14,0.8835,0.1891,0.025848,4.337
166990,520,372,892,247,18,208,337.69,0.9900,0.6127,0.247640,1,50,5,143.98,0.9969,0.1729,0.022985,4.078
166995,520,400,920,231,36,187,339.98,0.9454,0.5784,0.218412,22,27,68,274.04,0.6600,0.1409,0.013717,4.213
166998,520,382,902,214,72,224,325.10,0.8888,0.6003,0.243145,3,47,13,146.98,0.9848,0.1641,0.020814,4.140
167001,520,455,975,138,88,237,294.41,0.8543,0.5272,0.184972,10,5,34,285.82,0.7632,0.0578,0.002886,4.443
167009,520,378,898,237,59,178,344.81,0.8966,0.6006,0.243496,53,15,71,312.57,0.7595,0.1592,0.015535,4.478
167023,520,319,839,251,71,199,341.98,0.9694,0.6464,0.291424,62,50,1,94.01,0.9752,0.2209,0.033076,4.110
167034,520,455,975,222,35,121,0.13,0.9090,0.5304,0.181148,28,1,17,346.27,0.8236,0.0616,0.003091,4.354
167038,520,466,986,172,86,170,328.19,0.6266,0.5215,0.183295,13,7,10,346.11,0.2274,0.0516,0.002594,4.436
167041,520,344,864,238,69,206,336.69,0.9096,0.6259,0.268923,31,41,73,269.28,0.4816,0.1868,0.023582,4.334
167049,520,468,988,133,79,254,291.19,0.9906,0.5227,0.177342,4,5,4,145.26,0.1102,0.0357,0.001431,4.420
167061,520,444,964,219,12,171,341.61,0.9774,0.5378,0.182657,18,17,25,290.42,0.2091,0.0842,0.005997,4.155
167071,520,409,929,228,41,174,343.33,0.9189,0.5688,0.211385,23,32,11,128.27,0.5855,0.1254,0.012393,4.189
167089,520,412,932,248,44,24,30.23,0.9802,0.5707,0.218273,39,14,51,313.17,0.6655,0.1205,0.009845,4.483
167092,520,476,996,200,65,103,7.33,0.7485,0.5089,0.170412,0,0,21,264.05,1.0000,0.0245,0.000541,4.361
167111,520,317,837,241,70,254,324.90,0.9961,0.6608,0.302393,91,21,26,21.33,0.8000,0.2169,0.028354,4.497
167115,520,406,926,235,62,143,356.84,0.8616,0.5845,0.230935,22,33,28,165.20,0.2457,0.1321,0.013421,4.430
167128,520,419,939,197,93,144,351.45,0.6109,0.5588,0.217143,8,26,44,250.39,0.6097,0.1110,0.009722,4.473
167139,520,405,925,200,56,246,316.19,0.9545,0.5788,0.217629,33,23,53,297.18,0.5135,0.1307,0.011932,4.321
167148,520,456,976,229,13,113,3.26,0.9786,0.5325,0.181410,10,5,38,283.45,0.8096,0.0611,0.003130,4.356
167152,520,99,619,243,219,155,89.84,0.7064,0.8795,0.720853,16,113,53,150.15,0.9786,0.4007,0.121769,4.488
167171,520,412,932,195,80,200,326.01,0.7736,0.5650,0.215110,41,21,27,0.80,0.3613,0.1230,0.010869,4.355
167179,520,466,986,181,70,182,327.36,0.7466,0.5190,0.175827,15,0,35,299.49,1.0000,0.0528,0.002229,4.324
167186,520,477,997,183,83,111,4.56,0.5941,0.5074,0.174029,2,1,1,18.81,0.2281,0.0183,0.000368,4.448
167191,520,351,871,248,30,230,332.45,0.9863,0.6316,0.266012,38,40,74,279.34,0.4594,0.1910,0.024240,4.257
167192,520,344,864,248,49,216,336.04,0.9649,0.6329,0.271140,1,54,10,145.35,0.9969,0.1876,0.026666,4.189
167196,520,451,971,235,19,80,15.45,0.9794,0.5379,0.187103,23,12,7,46.57,0.3736,0.0725,0.004605,4.342
167202,520,26,546,245,247,235,114.37,0.4724,0.9666,0.919322,48,128,74,151.22,0.8575,0.4628,0.165605,4.496
167206,520,422,942,229,68,84,19.62,0.8596,0.5621,0.214352,14,25,38,253.27,0.3993,0.1081,0.009285,4.459
167207,520,452,972,169,50,253,305.73,0.9879,0.5339,0.178088,7,12,41,270.91,0.7381,0.0747,0.004682,4.171
167213,520,479,999,217,51,6,33.68,0.9907,0.5119,0.171351,1,0,5,292.48,1.0000,0.0142,0.000174,4.412
167214,520,351,871,218,82,242,321.31,0.9329,0.6294,0.273526,65,34,19,45.77,0.5606,0.1877,0.023150,4.423
167220,520,407,927,234,3,179,342.66,0.9965,0.5690,0.208151,26,2,94,279.88,0.9885,0.1349,0.010711,4.252
167226,520,463,983,176,22,253,308.85,0.9907,0.5272,0.168967,7,0,40,281.22,1.0000,0.0498,0.001984,4.212
167260,520,430,950,151,83,253,297.09,0.9783,0.5480,0.198579,35,18,15,30.61,0.3723,0.1037,0.008245,4.268
167266,520,446,966,228,39,120,1.95,0.9102,0.5444,0.193039,33,1,35,325.81,0.8820,0.0800,0.004664,4.446
167270,520,442,962,175,87,193,320.58,0.6935,0.5410,0.197816,7,20,10,150.66,0.5634,0.0780,0.005674,4.451
167289,520,403,923,244,61,45,29.58,0.9538,0.5781,0.227634,44,26,12,57.58,0.5149,0.1346,0.013009,4.406
167307,520,412,932,204,29,250,317.13,0.9802,0.5711,0.206198,29,27,14,100.56,0.3571,0.1176,0.010768,4.216
167308,520,389,909,220,69,187,337.90,0.8368,0.5850,0.230620,39,32,24,70.59,0.2144,0.1456,0.015303,4.297
167346,520,404,924,252,31,91,14.66,0.9808,0.5804,0.224344,14,25,62,267.82,0.7087,0.1255,0.011364,4.471
167402,520,345,865,241,81,184,344.94,0.8834,0.6324,0.280491,40,47,2,118.43,0.9471,0.1862,0.024885,4.413
167403,520,367,887,239,69,161,351.72,0.8685,0.6059,0.251831,8,49,18,147.75,0.9530,0.1738,0.022918,4.139
167407,520,469,989,193,38,204,325.06,0.9122,0.5227,0.170849,2,7,12,238.20,0.4910,0.0419,0.001914,4.254
167410,520,432,952,190,48,235,316.09,0.9325,0.5482,0.190605,15,22,35,262.33,0.3523,0.0992,0.007967,4.151
167413,520,381,901,237,69,162,350.91,0.8581,0.6027,0.248722,23,44,1,132.21,0.9867,0.1619,0.019857,4.276
167421,520,434,954,241,26,59,22.23,0.9793,0.5495,0.197587,23,22,24,308.23,0.0517,0.1010,0.008219,4.253
167436,520,435,955,222,30,172,342.26,0.9374,0.5505,0.194392,7,24,25,200.42,0.5025,0.0945,0.007686,4.237
167443,520,316,836,242,108,160,358.11,0.8156,0.6600,0.321432,26,60,7,136.97,0.9651,0.2180,0.034666,4.387
167450,520,423,943,238,55,65,23.76,0.9300,0.5632,0.212943,17,21,56,274.36,0.6565,0.1132,0.009410,4.426
167479,520,353,873,238,72,189,342.05,0.8831,0.6200,0.264887,67,16,71,324.80,0.7495,0.1839,0.020190,4.486
167485,520,326,846,255,91,138,6.45,1.0000,0.6509,0.305805,37,53,39,148.04,0.3248,0.2091,0.030859,4.400
167499,520,409,929,211,67,196,332.41,0.8376,0.5728,0.218507,24,17,74,280.69,0.8193,0.1283,0.010895,4.409
167504,520,323,843,230,90,223,329.73,0.8831,0.6455,0.294652,50,40,81,292.93,0.4974,0.2086,0.027898,4.424
167505,520,278,798,243,101,237,329.32,0.9469,0.6873,0.344789,55,42,119,285.56,0.7110,0.2503,0.038000,4.486
167507,520,467,987,206,76,11,40.78,0.9691,0.5203,0.183170,10,6,4,54.77,0.2374,0.0443,0.002036,4.481
167511,520,479,999,205,23,169,338.80,0.9338,0.5136,0.164586,1,0,4,296.85,1.0000,0.0133,0.000152,4.279
167518,520,273,793,239,145,86,51.39,0.7999,0.7019,0.392758,26,70,60,175.95,0.6458,0.2636,0.049260,4.461
167519,520,420,940,185,59,245,311.85,0.9439,0.5581,0.200358,16,22,49,271.67,0.5621,0.1092,0.009057,4.239
167534,520,377,897,250,61,105,13.01,0.9564,0.6001,0.246849,12,36,65,254.79,0.6822,0.1554,0.017215,4.416
167550,520,358,878,250,57,164,352.17,0.9541,0.6164,0.259339,57,15,88,305.92,0.8188,0.1806,0.019162,4.473
167555,520,248,768,245,154,34,66.28,0.9532,0.7235,0.426417,0,79,4,143.06,1.0000,0.2754,0.056005,4.494
167560,520,241,761,244,156,41,66.97,0.9362,0.7265,0.431726,0,79,46,157.47,1.0000,0.2817,0.057890,4.465
167572,520,374,894,249,34,167,349.98,0.9634,0.6013,0.240772,56,17,69,316.50,0.7274,0.1650,0.016714,4.358
167604,520,460,980,224,7,135,354.46,0.9855,0.5291,0.177512,8,10,20,274.21,0.3402,0.0577,0.003192,4.277
167605,520,404,924,223,69,159,348.70,0.8102,0.5765,0.224498,36,22,52,303.81,0.5227,0.1316,0.011968,4.430
167608,520,368,888,222,101,140,1.99,0.6887,0.6101,0.267326,6,50,4,142.16,0.9852,0.1745,0.023286,4.330
167613,520,440,960,212,25,198,332.03,0.9574,0.5451,0.187716,22,4,56,290.97,0.8966,0.0879,0.005429,4.289
167615,520,401,921,253,27,94,13.62,0.9868,0.5814,0.224784,60,13,17,19.74,0.7485,0.1401,0.012891,4.369
167627,520,470,990,227,6,83,13.01,0.9920,0.5182,0.170886,1,3,24,267.07,0.9125,0.0372,0.001375,4.299
167637,520,420,940,228,51,150,351.87,0.8750,0.5647,0.210663,45,11,3,37.10,0.8340,0.1051,0.008039,4.491
167647,520,433,953,237,30,95,11.54,0.9580,0.5501,0.197625,12,27,2,133.59,0.9408,0.1001,0.008664,4.221
167665,520,362,882,255,70,50,30.14,1.0000,0.6090,0.258743,4,28,110,264.43,0.9549,0.1789,0.019820,4.422
167686,520,441,961,208,19,211,327.53,0.9750,0.5445,0.185807,11,4,65,274.93,0.9666,0.0881,0.005396,4.257
167694,520,454,974,221,53,76,18.92,0.8870,0.5295,0.184428,30,5,18,350.31,0.6492,0.0730,0.004283,4.319
167736,520,440,960,229,50,104,9.17,0.8877,0.5495,0.199415,41,6,5,26.74,0.8179,0.0904,0.006127,4.444
167737,520,367,887,245,44,184,344.26,0.9480,0.6072,0.246776,21,20,108,271.95,0.9452,0.1705,0.017423,4.402
167750,520,469,989,218,55,35,30.72,0.9358,0.5195,0.177618,11,3,20,306.02,0.6679,0.0447,0.001868,4.388
167756,520,454,974,235,8,32,26.47,0.9955,0.5281,0.179433,6,14,33,264.07,0.5982,0.0723,0.004626,4.200
167760,520,400,920,213,59,217,326.93,0.9021,0.5814,0.222857,20,36,24,151.37,0.4322,0.1384,0.014764,4.213
167762,520,384,904,223,62,206,332.72,0.8938,0.5939,0.235917,60,11,44,343.81,0.7296,0.1480,0.013820,4.480
167763,520,460,980,217,44,122,359.44,0.8656,0.5270,0.179607,1,16,14,185.28,0.8644,0.0638,0.004087,4.245
167766,520,411,931,214,26,229,324.56,0.9765,0.5703,0.206941,53,3,39,342.19,0.8261,0.1223,0.009686,4.305
167787,520,466,986,221,43,59,22.81,0.9318,0.5179,0.174184,14,4,17,319.11,0.5572,0.0486,0.002207,4.294
167800,520,435,955,240,27,60,22.00,0.9773,0.5480,0.196387,5,22,37,246.68,0.6454,0.0940,0.007396,4.293
167801,520,474,994,152,68,240,301.44,0.9068,0.5179,0.171013,0,6,6,194.77,1.0000,0.0349,0.001434,4.297
167809,520,480,1000,181,69,172,330.99,0.7305,0.5117,0.170599,0,0,0,0.00,0.0000,0.0000,0.000000,4.412
167821,520,261,781,248,146,7,62.90,0.9936,0.7110,0.405323,55,70,19,124.14,0.7815,0.2736,0.052395,4.447
167824,520,442,962,219,52,121,1.05,0.8438,0.5371,0.188990,27,5,35,316.07,0.7328,0.0778,0.004629,4.375
167845,520,412,932,203,86,162,343.38,0.6889,0.5655,0.219625,45,19,20,18.64,0.4710,0.1229,0.010742,4.439
167860,520,429,949,243,24,56,22.92,0.9830,0.5525,0.199969,11,2,73,273.40,0.9888,0.0950,0.005956,4.467
167879,520,418,938,193,67,216,321.05,0.8521,0.5566,0.203110,33,16,52,302.89,0.6368,0.1163,0.009419,4.260
167886,520,420,940,243,15,120,3.37,0.9836,0.5641,0.207557,39,17,20,12.02,0.4262,0.1093,0.008828,4.378
167912,520,346,866,248,6,239,330.36,0.9982,0.6313,0.263217,53,40,49,337.71,0.2021,0.1934,0.024963,4.178
167928,520,415,935,239,30,153,352.20,0.9547,0.5739,0.215823,19,23,56,274.79,0.6078,0.1193,0.010367,4.403
167932,520,426,946,250,21,35,26.94,0.9902,0.5640,0.209854,25,23,34,292.80,0.2374,0.1102,0.009350,4.378
167949,520,417,937,217,79,127,2.21,0.7415,0.5653,0.218783,7,21,68,265.94,0.8838,0.1183,0.009988,4.481
167975,520,416,936,245,38,76,18.98,0.9612,0.5667,0.213240,25,27,35,274.05,0.1715,0.1209,0.011119,4.307
167986,520,420,940,211,43,206,329.52,0.9208,0.5583,0.200349,44,2,52,320.65,0.8894,0.1131,0.008269,4.296
167997,520,430,950,192,45,230,317.96,0.9327,0.5452,0.187978,30,16,26,337.84,0.3464,0.0964,0.007212,4.160
168009,520,469,989,196,29,198,327.68,0.9336,0.5184,0.166934,9,0,27,296.79,1.0000,0.0400,0.001372,4.223
168013,520,458,978,201,0,219,323.76,1.0000,0.5335,0.175337,11,3,35,289.22,0.8398,0.0553,0.002576,4.286
168022,520,13,533,253,247,239,75.37,0.6568,0.9751,0.936364,29,136,1,141.06,0.9994,0.4746,0.178710,4.313
168043,520,396,916,228,44,189,338.79,0.9241,0.5788,0.219720,28,24,73,281.51,0.7025,0.1441,0.013811,4.227
168048,520,448,968,215,65,122,1.56,0.7873,0.5429,0.196351,11,19,26,245.50,0.2989,0.0838,0.006115,4.390
168051,520,418,938,186,88,189,326.32,0.6957,0.5562,0.210939,9,9,87,269.25,0.9754,0.1218,0.009415,4.392
168075,520,324,844,248,48,238,330.52,0.9754,0.6456,0.282463,68,32,67,328.26,0.5370,0.2073,0.026674,4.336
168079,520,458,978,229,44,29,29.76,0.9627,0.5318,0.185511,0,12,26,245.85,1.0000,0.0587,0.003375,4.412
168085,520,394,914,249,29,147,356.11,0.9680,0.5906,0.231285,43,27,23,34.58,0.2928,0.1381,0.013594,4.423
168096,520,466,986,203,72,95,13.41,0.7365,0.5211,0.181595,4,7,17,265.94,0.4427,0.0461,0.002182,4.438
168111,520,444,964,225,61,19,34.14,0.9718,0.5386,0.193948,9,13,43,272.84,0.7135,0.0797,0.005203,4.419
168115,520,460,980,236,2,0,29.31,1.0000,0.5273,0.178796,2,3,52,267.41,0.9814,0.0646,0.003259,4.296
168132,520,403,923,250,5,127,2.05,0.9957,0.5786,0.219684,4,34,32,188.74,0.8145,0.1262,0.012741,4.298
168133,520,384,904,225,46,216,330.48,0.9430,0.5909,0.229217,25,10,99,276.98,0.9581,0.1493,0.013245,4.415
168137,520,457,977,230,16,100,8.06,0.9761,0.5315,0.181166,5,13,13,195.79,0.3331,0.0590,0.003492,4.322
168144,520,470,990,227,40,20,30.42,0.9765,0.5242,0.179019,16,0,16,328.36,1.0000,0.0408,0.001476,4.449
168151,520,448,968,229,9,145,352.19,0.9846,0.5439,0.189006,22,8,41,299.38,0.7070,0.0809,0.005043,4.342
168152,520,209,729,215,159,255,310.20,1.0000,0.7554,0.464641,36,83,73,177.56,0.5830,0.3148,0.070424,4.274
168157,520,463,983,221,40,103,7.16,0.8985,0.5257,0.178717,8,11,4,124.91,0.4058,0.0541,0.002997,4.316
168167,520,411,931,225,75,103,13.34,0.8003,0.5673,0.220216,42,12,53,315.68,0.7121,0.1235,0.010123,4.494
168184,520,476,996,96,95,247,277.22,0.9441,0.5085,0.173860,3,1,3,326.97,0.4506,0.0211,0.000476,4.435
168198,520,283,803,247,93,243,328.82,0.9685,0.6870,0.340765,0,46,142,262.24,1.0000,0.2522,0.039067,4.387
168214,520,444,964,216,42,167,342.66,0.8856,0.5436,0.190472,39,3,2,28.72,0.9186,0.0808,0.005009,4.371
168216,520,293,813,250,113,163,359.45,0.8973,0.6813,0.347815,72,52,4,83.54,0.9126,0.2404,0.038426,4.499
168217,520,412,932,239,1,162,348.81,0.9988,0.5698,0.209842,28,28,0,109.77,1.0000,0.1167,0.010774,4.276
168220,520,406,926,237,59,123,4.41,0.8771,0.5785,0.225655,55,5,47,335.66,0.8007,0.1334,0.011261,4.500
168226,520,410,930,252,36,14,30.26,0.9910,0.5737,0.219926,2,37,5,144.57,0.9879,0.1279,0.013469,4.253
168230,520,389,909,217,48,233,324.10,0.9495,0.5902,0.227508,61,11,34,356.69,0.7299,0.1452,0.013471,4.372
168235,520,336,856,254,1,235,332.58,0.9997,0.6386,0.270939,30,20,127,274.18,0.9544,0.2010,0.023085,4.391
168253,520,406,926,243,59,81,19.96,0.9278,0.5794,0.227800,0,35,40,208.63,1.0000,0.1312,0.013552,4.371
168267,520,412,932,251,25,66,21.07,0.9839,0.5711,0.216015,4,20,74,264.77,0.9286,0.1210,0.010205,4.419
168273,520,421,941,202,37,231,320.74,0.9554,0.5570,0.196508,15,31,0,131.62,1.0000,0.1141,0.010815,4.053
168302,520,409,929,244,1,142,356.09,0.9989,0.5711,0.212111,29,32,10,115.80,0.5800,0.1309,0.013161,4.150
168303,520,458,978,213,67,77,20.91,0.8206,0.5291,0.186986,23,6,16,345.01,0.5200,0.0637,0.003498,4.430
168315,520,480,1000,217,16,107,3.31,0.9631,0.5066,0.161864,0,0,0,0.00,0.0000,0.0000,0.000000,4.237
168335,520,464,984,205,29,176,336.65,0.9191,0.5205,0.169945,9,9,13,285.23,0.1472,0.0534,0.002825,4.164
168337,520,222,742,217,167,190,349.43,0.4218,0.7453,0.461080,19,85,32,146.39,0.9626,0.3035,0.067395,4.354
168354,520,471,991,221,32,104,6.08,0.9233,0.5209,0.174073,2,8,4,156.90,0.5901,0.0415,0.001953,4.313
168355,520,322,842,248,55,244,329.08,0.9758,0.6539,0.292233,56,45,52,339.89,0.1572,0.2112,0.029655,4.296
168377,520,376,896,242,82,85,23.28,0.9037,0.6032,0.255708,11,46,0,138.81,1.0000,0.1620,0.020251,4.352
168389,520,453,973,223,48,61,23.08,0.9220,0.5263,0.181416,13,18,1,121.66,0.8889,0.0747,0.005204,4.192
168391,520,402,922,222,71,166,345.95,0.8075,0.5801,0.227916,28,28,35,285.29,0.1412,0.1265,0.011987,4.483
168409,520,353,873,240,36,235,329.42,0.9800,0.6235,0.257879,55,37,23,58.50,0.4030,0.1799,0.021973,4.278
168412,520,345,865,255,55,169,351.46,1.0000,0.6262,0.268604,9,37,106,263.64,0.9237,0.1948,0.024217,4.293
168414,520,421,941,247,24,26,28.25,0.9882,0.5581,0.205056,18,2,78,277.94,0.9854,0.1068,0.007220,4.457
168423,520,300,820,205,140,185,338.63,0.4893,0.6731,0.352393,11,65,39,157.17,0.9284,0.2345,0.039981,4.472
168444,520,478,998,212,59,13,35.06,0.9759,0.5103,0.171565,4,1,7,310.77,0.6480,0.0247,0.000629,4.376
168446,520,388,908,239,61,127,3.50,0.8772,0.5854,0.232236,59,10,45,341.70,0.7402,0.1455,0.013365,4.454
168448,520,476,996,193,11,201,326.14,0.9793,0.5085,0.157955,1,1,7,277.79,0.7136,0.0203,0.000435,4.123
168459,520,372,892,213,119,62,49.71,0.7504,0.6095,0.276896,9,49,17,146.80,0.9501,0.1739,0.022951,4.481
168464,520,452,972,190,94,64,38.00,0.6813,0.5264,0.193243,26,9,16,354.91,0.4423,0.0735,0.004524,4.461
168469,520,374,894,250,49,132,2.40,0.9555,0.5984,0.241900,17,28,92,269.19,0.8785,0.1634,0.017223,4.342
168472,520,317,837,244,106,149,3.12,0.8329,0.6564,0.317139,54,53,30,106.17,0.3932,0.2235,0.034242,4.358
168488,520,436,956,163,75,249,302.79,0.9499,0.5486,0.196587,32,0,46,313.28,1.0000,0.0853,0.005044,4.480
168498,520,233,753,227,151,218,330.95,0.7236,0.7363,0.435276,67,69,66,134.90,0.0389,0.2940,0.058429,4.476
168535,520,13,533,246,253,222,117.50,0.9298,0.9775,0.951173,25,135,4,141.48,0.9978,0.4705,0.175427,4.441
168545,520,432,952,240,32,18,29.67,0.9846,0.5465,0.196053,5,0,79,268.07,1.0000,0.0964,0.005967,4.396
168556,520,430,950,180,58,240,311.47,0.9222,0.5457,0.190217,13,0,77,274.35,1.0000,0.0987,0.006213,4.273
168579,520,467,987,226,27,80,14.94,0.9577,0.5223,0.175347,1,4,20,264.12,0.8377,0.0372,0.001438,4.381
168584,520,365,885,227,105,94,27.22,0.7622,0.6121,0.272447,20,46,36,166.59,0.5309,0.1740,0.022300,4.460
168588,520,373,893,208,85,210,327.04,0.8109,0.5976,0.245617,29,35,55,270.77,0.3491,0.1571,0.017391,4.387
168599,520,410,930,241,53,93,15.00,0.9184,0.5728,0.220405,22,34,26,155.12,0.2999,0.1344,0.013892,4.232
168609,520,409,929,195,99,161,342.57,0.5979,0.5729,0.231005,27,32,31,182.29,0.0901,0.1347,0.013650,4.415
168613,520,410,930,197,61,231,318.64,0.9043,0.5673,0.209787,20,9,85,276.58,0.9494,0.1263,0.009999,4.330
168621,520,436,956,238,37,55,23.98,0.9646,0.5484,0.197794,2,17,47,259.89,0.8888,0.0869,0.006190,4.410
168626,520,386,906,220,23,245,322.41,0.9875,0.5912,0.224231,27,6,101,278.35,0.9734,0.1495,0.013028,4.351
168641,520,354,874,238,30,233,329.45,0.9835,0.6160,0.249915,66,27,46,351.55,0.5265,0.1838,0.021395,4.201
168652,520,400,920,222,28,227,327.05,0.9764,0.5834,0.219084,58,14,15,22.76,0.7338,0.1371,0.012483,4.307
168657,520,390,910,209,98,157,349.19,0.6479,0.5911,0.247268,17,39,46,220.82,0.4636,0.1547,0.017674,4.393
168663,520,298,818,224,107,237,323.54,0.8963,0.6676,0.324789,43,53,71,261.98,0.2701,0.2283,0.035147,4.402
168672,520,411,931,242,11,134,358.48,0.9876,0.5660,0.208411,46,2,55,320.07,0.8982,0.1190,0.009002,4.380
168675,520,358,878,243,82,128,6.94,0.8708,0.6156,0.266509,21,42,65,252.02,0.5219,0.1771,0.021969,4.398
168681,520,418,938,242,19,121,3.00,0.9773,0.5635,0.207268,34,25,18,59.43,0.2554,0.1195,0.010790,4.232
168688,520,442,962,196,20,231,319.37,0.9797,0.5393,0.180071,28,10,30,323.47,0.5464,0.0845,0.005577,4.140
168694,520,459,979,222,14,136,353.82,0.9698,0.5272,0.176239,12,9,15,307.53,0.2189,0.0568,0.003080,4.262
168709,520,301,821,255,72,237,332.39,1.0000,0.6747,0.320122,75,37,70,332.18,0.5057,0.2296,0.032614,4.480
168721,520,422,942,239,38,113,6.28,0.9378,0.5635,0.209324,1,31,11,151.74,0.9846,0.1084,0.010105,4.314
168734,520,279,799,244,111,215,336.61,0.9173,0.6909,0.355108,88,45,36,32.89,0.5047,0.2539,0.040791,4.462
168750,520,294,814,220,131,187,342.48,0.6299,0.6763,0.350378,45,60,40,138.01,0.3579,0.2378,0.039428,4.477
168760,520,135,655,255,201,6,88.87,1.0000,0.8364,0.630485,56,102,4,133.53,0.9907,0.3746,0.103520,4.433
168762,520,435,955,238,44,2,32.11,0.9981,0.5492,0.199861,28,0,61,296.75,1.0000,0.0942,0.005838,4.475
168772,520,396,916,243,60,91,16.88,0.9196,0.5824,0.230450,26,18,84,279.56,0.8568,0.1426,0.012923,4.457
168781,520,380,900,254,59,88,18.62,0.9922,0.6023,0.249070,2,41,52,221.47,0.9162,0.1575,0.018466,4.368
168782,520,422,942,164,93,232,304.67,0.8164,0.5622,0.215479,31,16,51,300.67,0.6287,0.1130,0.009009,4.499
168783,520,424,944,238,54,60,24.94,0.9355,0.5616,0.211449,23,19,54,284.56,0.6216,0.1124,0.009142,4.421
168827,520,478,998,157,80,200,311.53,0.7283,0.5095,0.170762,3,1,4,316.91,0.5138,0.0217,0.000498,4.372
168849,520,322,842,239,77,226,331.34,0.9274,0.6468,0.291520,22,54,57,203.55,0.5279,0.2093,0.031042,4.214
168868,520,285,805,177,159,200,304.87,0.3445,0.6883,0.383137,13,71,22,145.36,0.9712,0.2522,0.046498,4.489
168877,520,317,837,228,91,249,322.12,0.9680,0.6595,0.308177,2,62,38,159.77,0.9859,0.2215,0.035979,4.166
168886,520,463,983,157,73,244,301.91,0.9200,0.5341,0.184653,12,7,15,312.98,0.3193,0.0524,0.002646,4.457
168890,520,408,928,231,69,112,9.22,0.8340,0.5739,0.224178,45,10,61,312.77,0.7786,0.1321,0.011119,4.486
168905,520,471,991,222,34,86,12.99,0.9311,0.5192,0.173483,12,3,0,56.63,1.0000,0.0372,0.001433,4.345
168915,520,452,972,208,68,124,359.66,0.7542,0.5343,0.190015,31,3,24,338.80,0.7489,0.0737,0.004224,4.426
168924,520,426,946,208,0,235,321.79,1.0000,0.5579,0.194099,34,16,42,314.57,0.5428,0.1105,0.008779,4.153
168962,520,453,973,179,49,231,313.65,0.9183,0.5288,0.175509,13,14,13,145.45,0.0420,0.0678,0.004287,4.154
168974,520,339,859,252,83,136,5.36,0.9561,0.6353,0.286629,1,55,37,164.29,0.9894,0.1969,0.028723,4.276
168990,520,371,891,236,4,246,326.10,0.9987,0.6148,0.245761,36,37,50,281.20,0.2127,0.1662,0.019285,4.269
168993,520,364,884,241,40,209,336.21,0.9638,0.6111,0.248247,8,34,88,262.41,0.8935,0.1688,0.019001,4.322
168996,520,449,969,209,58,155,345.80,0.8053,0.5382,0.189501,20,10,12,6.17,0.2749,0.0662,0.003924,4.441
168997,520,359,879,255,75,73,25.74,1.0000,0.6172,0.267768,68,26,44,355.43,0.5532,0.1847,0.021498,4.444
169005,520,462,982,232,14,68,18.49,0.9867,0.5277,0.178903,8,0,37,285.18,1.0000,0.0478,0.001852,4.415
169021,520,387,907,246,65,59,27.26,0.9546,0.5875,0.236926,30,24,76,282.77,0.7162,0.1488,0.014511,4.448
169027,520,479,999,178,45,209,318.98,0.8880,0.5066,0.159464,0,0,7,264.05,1.0000,0.0135,0.000153,4.176
169037,520,141,661,252,187,229,340.25,0.9499,0.8415,0.618949,34,102,17,140.32,0.9782,0.3642,0.098829,4.495
169038,520,377,897,179,104,239,307.41,0.8396,0.6037,0.257170,2,39,65,244.64,0.9002,0.1600,0.018455,4.487
169099,520,261,781,237,135,189,347.99,0.7495,0.7078,0.390087,6,63,115,252.12,0.9093,0.2691,0.048313,4.476
169107,520,314,834,191,145,167,348.52,0.3215,0.6592,0.341180,3,64,12,144.64,0.9936,0.2238,0.037125,4.490
169110,520,328,848,241,60,244,327.37,0.9644,0.6459,0.284667,18,31,130,267.90,0.9491,0.2142,0.027201,4.335
169114,520,408,928,244,11,129,0.48,0.9885,0.5682,0.210608,41,22,42,325.15,0.4345,0.1321,0.012124,4.195
169118,520,359,879,255,42,163,352.72,1.0000,0.6152,0.255638,51,20,91,298.32,0.7914,0.1812,0.019595,4.392
169129,520,408,928,250,31,51,24.81,0.9805,0.5696,0.215466,38,12,72,297.57,0.8136,0.1344,0.011429,4.322
169130,520,432,952,164,94,207,310.83,0.7009,0.5463,0.204035,2,17,62,263.37,0.9464,0.1010,0.007616,4.409
169140,520,435,955,228,57,66,23.37,0.9062,0.5453,0.198164,41,5,16,5.66,0.7455,0.0916,0.006174,4.418
169141,520,385,905,241,29,170,347.23,0.9636,0.5851,0.224849,27,17,95,278.12,0.9063,0.1546,0.014601,4.255
169149,520,345,865,236,52,242,326.71,0.9665,0.6305,0.267021,49,42,25,88.05,0.3549,0.1854,0.023791,4.296
169159,520,457,977,227,12,122,359.70,0.9783,0.5313,0.180018,13,12,10,84.57,0.0781,0.0624,0.003704,4.283
169160,520,455,975,202,49,185,333.16,0.8574,0.5338,0.182578,3,14,22,237.53,0.5885,0.0636,0.003913,4.314
169161,520,396,916,239,65,107,11.57,0.8803,0.5834,0.231959,53,22,10,41.15,0.6544,0.1403,0.013527,4.438
169188,520,403,923,223,26,215,330.29,0.9736,0.5763,0.213354,14,16,85,271.25,0.9352,0.1316,0.011198,4.303
169206,520,470,990,207,73,49,32.41,0.8537,0.5209,0.182544,12,3,14,321.51,0.5727,0.0426,0.001750,4.494
169220,520,337,857,240,115,3,50.62,0.9959,0.6415,0.307962,7,57,1,141.21,0.9970,0.1991,0.029735,4.489
169222,520,406,926,204,62,233,320.17,0.9129,0.5806,0.221674,12,34,21,155.81,0.6335,0.1262,0.012763,4.329
169229,520,458,978,195,48,198,327.20,0.8728,0.5293,0.177948,19,6,12,350.50,0.4311,0.0569,0.002953,4.305
169232,520,330,850,252,89,119,13.11,0.9571,0.6377,0.291755,23,40,113,267.97,0.8608,0.2148,0.028918,4.330
169236,520,475,995,201,58,148,346.35,0.7827,0.5204,0.175837,0,0,23,264.05,1.0000,0.0262,0.000619,4.462
169275,520,366,886,221,66,233,324.84,0.9252,0.6113,0.251538,34,40,35,150.17,0.1287,0.1660,0.019790,4.321
169301,520,430,950,228,68,10,36.33,0.9858,0.5519,0.206530,11,22,36,254.99,0.4481,0.0970,0.007723,4.444
169303,520,459,979,130,86,251,289.66,0.9604,0.5274,0.183663,2,13,27,250.37,0.7167,0.0632,0.003799,4.343
169318,520,355,875,234,25,253,324.01,0.9932,0.6212,0.252820,23,21,117,271.86,0.9514,0.1846,0.020027,4.324
169321,520,448,968,178,62,230,312.91,0.8849,0.5388,0.186244,9,14,34,270.77,0.5487,0.0751,0.004876,4.305
169326,520,473,993,216,46,88,12.86,0.8800,0.5161,0.172600,6,3,3,18.81,0.2282,0.0318,0.001104,4.356
169329,520,476,996,181,56,189,325.36,0.8122,0.5072,0.163275,3,0,10,300.63,1.0000,0.0212,0.000413,4.231
169341,520,467,987,134,82,250,291.75,0.9540,0.5246,0.180050,8,7,2,101.37,0.4790,0.0442,0.002080,4.417
169351,520,449,969,239,4,36,25.81,0.9978,0.5361,0.185683,20,6,40,298.29,0.7522,0.0743,0.004322,4.339
169363,520,411,931,216,63,180,338.96,0.8338,0.5682,0.214514,43,4,56,315.86,0.8504,0.1173,0.008860,4.494
169364,520,370,890,255,26,160,353.09,1.0000,0.6064,0.245405,39,36,60,288.90,0.3576,0.1726,0.020193,4.208
169366,520,408,928,201,21,254,315.61,0.9955,0.5665,0.201111,18,33,21,149.74,0.4441,0.1268,0.012704,4.005
169369,520,393,913,241,9,182,343.40,0.9921,0.5852,0.222766,4,28,78,261.93,0.9270,0.1428,0.014063,4.258
169371,520,449,969,169,63,243,306.99,0.9280,0.5376,0.184618,15,14,4,104.22,0.4888,0.0672,0.004244,4.325
169379,520,372,892,228,4,254,322.50,0.9987,0.6070,0.237388,17,9,122,269.63,0.9879,0.1744,0.017195,4.277
169385,520,446,966,206,50,179,336.23,0.8522,0.5382,0.186597,3,23,12,158.13,0.8573,0.0846,0.006587,4.181
169407,520,405,925,217,48,217,328.13,0.9311,0.5792,0.218775,2,38,12,149.02,0.9821,0.1325,0.014256,4.183
169418,520,385,905,213,62,230,323.48,0.9178,0.5928,0.233064,7,20,95,266.58,0.9557,0.1471,0.013716,4.443
169423,520,438,958,222,34,174,341.71,0.9275,0.5536,0.197321,15,5,59,280.59,0.9231,0.0859,0.005258,4.476
169429,520,426,946,203,13,246,317.94,0.9923,0.5609,0.196398,23,10,72,282.65,0.8855,0.1148,0.008671,4.200
169437,520,403,923,241,1,183,343.06,0.9991,0.5842,0.221444,26,11,84,281.32,0.9130,0.1327,0.010990,4.451
169439,520,359,879,211,122,89,40.89,0.6245,0.6165,0.284911,10,51,15,145.13,0.9563,0.1809,0.024666,4.485
169442,520,393,913,220,65,207,331.62,0.8826,0.5923,0.235034,0,40,19,155.39,1.0000,0.1399,0.015645,4.342
169454,520,460,980,208,26,183,335.30,0.9389,0.5288,0.175696,6,10,26,269.70,0.5289,0.0593,0.003304,4.234
169459,520,334,854,250,98,82,28.88,0.9570,0.6384,0.296718,2,50,78,241.33,0.9307,0.2020,0.028440,4.420
169464,520,385,905,236,45,175,345.01,0.9250,0.5868,0.228076,56,6,68,318.66,0.8441,0.1519,0.013885,4.353
169498,520,407,927,228,34,180,341.32,0.9410,0.5680,0.209359,13,24,66,268.20,0.7751,0.1262,0.011321,4.230
169509,520,421,941,186,79,208,320.45,0.7847,0.5551,0.205863,28,27,0,107.83,1.0000,0.1138,0.010308,4.243
169511,520,441,961,230,53,3,33.65,0.9964,0.5402,0.193787,3,17,55,263.28,0.9040,0.0947,0.006960,4.280
169515,520,432,952,246,2,64,20.28,0.9988,0.5542,0.200100,10,20,51,267.18,0.6989,0.1021,0.008038,4.309
169532,520,396,916,158,108,228,300.71,0.7534,0.5777,0.235959,31,35,4,116.32,0.8274,0.1409,0.015021,4.398
169533,520,194,714,243,161,226,334.48,0.8807,0.7786,0.500372,3,90,46,153.23,0.9930,0.3199,0.075286,4.393
169547,520,474,994,220,18,119,359.57,0.9585,0.5177,0.169828,3,3,8,282.90,0.3759,0.0305,0.001020,4.309
169554,520,318,838,220,109,222,326.73,0.8176,0.6563,0.314286,18,62,2,139.14,0.9934,0.2205,0.035781,4.247
169563,520,449,969,193,34,224,319.97,0.9491,0.5351,0.178648,11,11,36,279.42,0.6214,0.0718,0.004379,4.205
169569,520,254,774,239,139,198,344.64,0.7819,0.7213,0.408953,17,76,29,146.66,0.9580,0.2717,0.053765,4.423
169572,520,323,843,245,76,211,337.10,0.9395,0.6473,0.292873,50,51,3,110.90,0.9272,0.2091,0.030524,4.258
169574,520,362,882,195,102,215,320.29,0.7456,0.6062,0.260123,48,25,84,297.30,0.7106,0.1784,0.019637,4.453
169578,520,340,860,255,63,177,349.35,1.0000,0.6360,0.279927,63,19,97,305.48,0.8076,0.2028,0.023857,4.467
169586,520,336,856,243,108,36,44.19,0.9436,0.6362,0.299102,57,45,24,80.56,0.4422,0.2036,0.028126,4.468
169589,520,365,885,229,32,247,324.08,0.9835,0.6112,0.244087,76,10,2,32.05,0.9687,0.1685,0.017582,4.352
169603,520,413,933,242,54,32,30.64,0.9648,0.5667,0.216232,44,16,32,346.76,0.5263,0.1202,0.010104,4.430
169607,520,416,936,202,54,228,321.07,0.9185,0.5667,0.207979,4,30,42,231.57,0.7620,0.1190,0.011215,4.214
169610,520,431,951,243,21,69,19.49,0.9836,0.5533,0.200241,13,17,53,273.47,0.7249,0.0991,0.007435,4.357
169612,520,474,994,178,56,212,317.75,0.8600,0.5188,0.170479,6,0,23,293.64,1.0000,0.0337,0.001006,4.323
169640,520,247,767,222,157,145,30.71,0.5114,0.7158,0.416894,30,73,77,203.55,0.5659,0.2822,0.055767,4.414
169646,520,260,780,199,148,238,309.44,0.7553,0.7070,0.394956,12,71,78,207.05,0.8373,0.2699,0.051345,4.391
169667,520,470,990,211,10,165,341.49,0.9754,0.5186,0.167848,4,0,37,276.19,1.0000,0.0439,0.001594,4.222
169678,520,433,953,220,71,65,26.58,0.8560,0.5450,0.201063,37,2,49,315.80,0.8884,0.0989,0.006585,4.437
169684,520,247,767,254,109,242,330.90,0.9955,0.7171,0.384216,106,26,97,332.96,0.7562,0.2840,0.046665,4.492
169689,520,260,780,242,133,187,350.14,0.7963,0.7106,0.392425,45,65,85,249.07,0.3377,0.2717,0.049942,4.427
169692,520,438,958,227,61,91,15.46,0.8627,0.5523,0.204265,10,23,1,132.38,0.9597,0.0865,0.006795,4.477
169698,520,198,718,227,183,63,88.00,0.8235,0.7652,0.505582,10,92,25,145.06,0.9886,0.3244,0.077887,4.344
169727,520,384,904,240,55,157,352.31,0.8997,0.5933,0.236950,22,25,85,273.84,0.8279,0.1531,0.015216,4.400
169733,520,408,928,245,48,80,18.88,0.9435,0.5741,0.221090,22,13,85,277.40,0.9194,0.1329,0.011142,4.434
169734,520,459,979,222,9,147,349.98,0.9810,0.5308,0.178342,7,3,45,276.91,0.9398,0.0612,0.002997,4.309
169742,520,373,893,230,73,173,345.57,0.8346,0.5995,0.246078,52,11,84,304.51,0.8491,0.1650,0.016096,4.480
169749,520,379,899,218,41,252,320.11,0.9872,0.6012,0.235215,2,18,107,264.74,0.9771,0.1573,0.015069,4.383
169759,520,388,908,181,94,236,309.99,0.8467,0.5886,0.238861,24,32,56,268.85,0.4416,0.1456,0.015127,4.435
169770,520,438,958,195,66,203,325.41,0.8266,0.5499,0.198118,16,14,46,281.47,0.6596,0.0894,0.006215,4.414
169780,520,469,989,156,84,203,309.79,0.7207,0.5165,0.177209,2,6,17,259.67,0.5996,0.0417,0.001836,4.383
169798,520,452,972,209,75,26,38.19,0.9280,0.5252,0.186643,23,12,10,30.63,0.3026,0.0733,0.004670,4.329
169810,520,381,901,222,67,219,328.78,0.9027,0.6049,0.246605,31,40,35,160.81,0.1730,0.1632,0.019302,4.280
169828,520,256,776,238,135,209,338.51,0.8228,0.7176,0.401106,44,70,51,152.14,0.4147,0.2712,0.051547,4.442
169835,520,468,988,198,49,177,334.57,0.8384,0.5220,0.173785,9,5,10,320.54,0.2894,0.0430,0.001885,4.313
169836,520,441,961,176,101,143,346.20,0.4825,0.5405,0.205217,2,19,50,259.15,0.8944,0.0941,0.007089,4.471
169849,520,431,951,228,54,87,15.85,0.8890,0.5466,0.198233,42,11,9,26.53,0.6727,0.1008,0.007514,4.316
169860,520,442,962,214,54,137,353.77,0.8224,0.5355,0.187429,41,2,10,12.38,0.8729,0.0850,0.005368,4.288
169861,520,281,801,241,133,129,23.05,0.7797,0.6906,0.370633,24,66,56,175.11,0.6495,0.2482,0.043760,4.486
169867,520,448,968,173,86,198,318.18,0.7109,0.5397,0.196179,34,3,33,329.37,0.7852,0.0838,0.005151,4.464
169896,520,438,958,190,53,234,316.14,0.9208,0.5515,0.194351,11,19,39,266.06,0.5229,0.0913,0.006834,4.299
169897,520,426,946,243,36,81,17.15,0.9601,0.5624,0.209139,24,15,58,287.20,0.7232,0.1092,0.008413,4.436
169909,520,423,943,199,62,214,323.62,0.8689,0.5594,0.204440,8,23,52,261.89,0.7122,0.1090,0.009123,4.304
169922,520,447,967,217,71,74,23.33,0.8283,0.5410,0.197551,28,11,9,27.74,0.4461,0.0779,0.005060,4.496
169927,520,436,956,192,72,205,323.68,0.8082,0.5534,0.202504,9,23,10,145.77,0.6057,0.0879,0.006928,4.436
169933,520,397,917,197,65,242,315.85,0.9306,0.5794,0.220630,52,18,45,336.05,0.5924,0.1436,0.013522,4.260
169943,520,388,908,209,47,252,317.62,0.9856,0.5906,0.226183,21,24,85,273.51,0.8445,0.1504,0.014685,4.270
169947,520,309,829,252,45,254,327.77,0.9971,0.6610,0.297309,45,55,30,126.50,0.4403,0.2199,0.033840,4.143
169974,520,470,990,227,34,36,27.36,0.9682,0.5214,0.176053,6,6,9,285.17,0.1540,0.0423,0.001887,4.357
169976,520,419,939,248,27,22,28.88,0.9867,0.5612,0.208019,35,17,30,337.94,0.4068,0.1072,0.008520,4.409
169977,520,372,892,212,82,224,324.26,0.8643,0.6086,0.254152,66,21,43,352.74,0.6158,0.1723,0.018692,4.428
169984,520,448,968,216,74,40,34.55,0.9000,0.5381,0.196521,11,9,54,276.08,0.8715,0.0840,0.005328,4.456
169988,520,454,974,166,94,174,323.43,0.5825,0.5287,0.191692,32,3,5,19.61,0.8094,0.0685,0.003832,4.490
169990,520,414,934,252,17,63,21.44,0.9909,0.5701,0.214590,52,8,11,21.41,0.8023,0.1162,0.009280,4.463
170000,520,401,921,232,66,141,357.41,0.8397,0.5822,0.229781,50,15,49,328.75,0.6543,0.1380,0.012416,4.483
170015,520,437,957,205,47,210,326.74,0.9090,0.5535,0.196671,21,14,36,296.53,0.5024,0.0869,0.006009,4.404
170029,520,355,875,244,6,239,329.48,0.9981,0.6243,0.255982,71,12,60,336.76,0.7671,0.1796,0.019290,4.416
170071,520,393,913,236,58,159,350.94,0.8821,0.5893,0.233651,26,35,1,123.00,0.9615,0.1355,0.014239,4.416
170073,520,330,850,223,91,237,323.76,0.9111,0.6445,0.292865,24,45,94,264.28,0.7017,0.2092,0.028790,4.352
170097,520,386,906,250,59,1,33.88,0.9992,0.5858,0.234577,33,33,44,284.83,0.1942,0.1494,0.015929,4.316
170105,520,368,888,242,81,107,14.95,0.8797,0.6068,0.258267,54,33,18,55.55,0.4848,0.1676,0.019157,4.457
170106,520,401,921,103,124,250,272.79,0.9441,0.5753,0.242002,1,40,13,149.58,0.9918,0.1391,0.015530,4.456
170112,520,418,938,178,96,193,321.25,0.6571,0.5598,0.216819,54,3,31,352.46,0.8316,0.1202,0.009485,4.486
170125,520,340,860,248,75,179,347.90,0.9335,0.6357,0.282464,60,38,61,325.23,0.3746,0.2041,0.026839,4.327
170134,520,383,903,223,4,253,321.52,0.9985,0.5979,0.228688,10,9,107,268.09,0.9862,0.1496,0.013213,4.409
170152,520,455,975,201,80,94,16.17,0.6961,0.5285,0.189649,12,12,9,107.12,0.1129,0.0612,0.003608,4.470
170157,520,438,958,224,48,147,351.85,0.8724,0.5535,0.200704,39,9,10,21.16,0.6600,0.0926,0.006487,4.438
170165,520,200,720,225,173,200,346.26,0.4928,0.7708,0.500660,35,86,72,172.66,0.6369,0.3234,0.074805,4.412
170169,520,318,838,244,72,242,328.48,0.9602,0.6597,0.302813,19,52,91,254.50,0.7043,0.2231,0.033496,4.226
170185,520,430,950,200,0,247,317.04,1.0000,0.5542,0.189963,42,7,27,348.89,0.6933,0.1007,0.007234,4.193
170217,520,419,939,230,58,116,5.78,0.8603,0.5620,0.211129,28,25,9,98.95,0.4881,0.1101,0.009619,4.380
170218,520,412,932,203,64,212,325.33,0.8649,0.5665,0.211184,25,5,81,282.58,0.9537,0.1209,0.009093,4.420
170225,520,374,894,251,15,180,346.16,0.9899,0.6045,0.241496,13,46,7,140.72,0.9591,0.1638,0.020548,4.132
170226,520,475,995,205,60,122,358.66,0.7768,0.5189,0.176181,0,1,28,264.18,0.9870,0.0337,0.001055,4.430
170242,520,480,1000,199,73,41,35.19,0.8580,0.5050,0.170693,0,0,0,0.00,0.0000,0.0000,0.000000,4.414
170257,520,391,911,168,101,245,302.36,0.8815,0.5896,0.242252,48,20,66,309.72,0.6720,0.1548,0.015221,4.481
170278,520,428,948,181,72,233,312.55,0.8766,0.5567,0.203427,12,15,59,273.18,0.8305,0.1000,0.007355,4.419
170289,520,99,619,253,219,6,97.70,0.9980,0.8753,0.715604,2,113,78,163.17,0.9950,0.4048,0.123726,4.407
170291,520,458,978,218,27,153,347.42,0.9304,0.5318,0.179917,11,3,36,288.46,0.8487,0.0561,0.002636,4.368
170294,520,464,984,221,46,80,16.41,0.9014,0.5242,0.179080,22,1,4,11.65,0.8358,0.0472,0.002011,4.404
170314,520,388,908,184,97,233,311.52,0.8274,0.5950,0.246238,48,31,8,71.66,0.6750,0.1520,0.016260,4.471
170318,520,420,940,240,37,84,16.03,0.9533,0.5575,0.204918,45,15,7,36.39,0.6874,0.1125,0.009150,4.310
170328,520,466,986,121,88,244,287.09,0.9084,0.5153,0.175758,23,0,1,23.25,1.0000,0.0453,0.001844,4.355
170359,520,476,996,216,39,99,7.76,0.8928,0.5137,0.169533,1,1,14,273.55,0.9013,0.0244,0.000599,4.339
170372,520,470,990,126,84,250,288.68,0.9550,0.5192,0.176782,12,4,6,0.04,0.3678,0.0421,0.001782,4.380
170373,520,480,1000,172,90,121,357.24,0.5087,0.5054,0.174646,0,0,0,0.00,0.0000,0.0000,0.000000,4.493
170382,520,459,979,207,67,111,5.27,0.7581,0.5268,0.184295,13,9,14,319.51,0.2014,0.0573,0.003126,4.410
170387,520,372,892,224,81,205,333.44,0.8490,0.6150,0.261421,30,42,41,189.89,0.1937,0.1706,0.020920,4.391
170400,520,375,895,248,67,105,13.68,0.9380,0.6019,0.249941,21,35,71,265.85,0.6149,0.1624,0.018164,4.400
170405,520,408,928,188,76,233,314.59,0.8745,0.5716,0.217446,48,20,19,23.34,0.5003,0.1296,0.011758,4.331
170414,520,465,985,193,18,214,322.70,0.9730,0.5203,0.166267,5,8,22,270.28,0.5115,0.0519,0.002639,4.109
170442,520,474,994,221,38,65,20.35,0.9374,0.5153,0.171428,3,4,0,118.13,1.0000,0.0300,0.001062,4.336
170459,520,411,931,233,65,86,18.60,0.8768,0.5669,0.217791,1,33,19,160.90,0.9764,0.1169,0.011411,4.361
170467,520,455,975,207,13,189,333.25,0.9752,0.5262,0.172294,12,4,32,292.44,0.7654,0.0559,0.002693,4.219
170484,520,439,959,242,20,34,26.87,0.9891,0.5465,0.194965,26,7,51,298.14,0.7963,0.0925,0.006106,4.366
170491,520,355,875,252,75,105,15.47,0.9684,0.6178,0.267510,76,20,25,19.18,0.7291,0.1842,0.021073,4.467
170496,520,447,967,207,25,211,327.23,0.9636,0.5450,0.186657,19,7,50,288.95,0.8118,0.0837,0.005207,4.287
170497,520,14,534,232,255,245,167.85,1.0000,0.9773,0.952677,15,136,13,142.51,0.9937,0.4725,0.177382,4.410
170506,520,362,882,230,70,193,338.65,0.8702,0.6063,0.250561,10,49,44,183.00,0.7710,0.1822,0.024429,4.038
170507,520,236,756,255,135,203,346.52,1.0000,0.7389,0.429024,65,69,66,153.55,0.0512,0.2919,0.057734,4.446
170511,520,466,986,223,7,106,4.48,0.9866,0.5164,0.168833,1,5,36,265.41,0.9399,0.0517,0.002424,4.174
170519,520,480,1000,218,39,71,18.28,0.9243,0.5109,0.168140,0,0,0,0.00,0.0000,0.0000,0.000000,4.363
170524,520,443,963,212,80,45,35.62,0.8657,0.5395,0.199261,10,17,34,265.92,0.4816,0.0826,0.005809,4.466
170528,520,408,928,250,29,54,24.04,0.9818,0.5691,0.214727,4,18,86,265.58,0.9571,0.1312,0.011302,4.318
170532,520,470,990,216,12,145,349.32,0.9702,0.5187,0.169087,2,1,36,270.53,0.9838,0.0434,0.001620,4.244
170536,520,426,946,158,94,236,301.37,0.8328,0.5594,0.213310,26,10,68,287.31,0.8509,0.1134,0.008540,4.498
170541,520,472,992,152,64,245,300.82,0.9366,0.5176,0.169351,7,1,16,304.96,0.7986,0.0331,0.001043,4.297
170544,520,408,928,182,86,230,312.56,0.8370,0.5740,0.223148,2,36,9,147.45,0.9829,0.1252,0.012943,4.340
170557,520,414,934,208,23,240,320.48,0.9830,0.5673,0.203157,43,6,61,311.50,0.8341,0.1241,0.009808,4.233
170558,520,336,856,208,112,215,324.72,0.7425,0.6403,0.299060,8,58,6,142.33,0.9833,0.2035,0.030908,4.314
170560,520,397,917,201,106,137,0.43,0.5538,0.5844,0.245334,10,40,20,151.61,0.8485,0.1445,0.016326,4.453
170571,520,436,956,180,57,241,311.30,0.9271,0.5456,0.189814,11,22,24,210.15,0.3017,0.0909,0.007109,4.199
170572,520,416,936,242,10,145,354.89,0.9889,0.5701,0.211419,36,22,20,28.18,0.2755,0.1155,0.009994,4.357
170579,520,402,922,203,75,209,325.95,0.8273,0.5767,0.223337,50,17,34,350.40,0.5609,0.1330,0.011946,4.413
170585,520,477,997,170,0,247,308.66,1.0000,0.5066,0.152623,0,2,11,258.21,1.0000,0.0247,0.000676,3.998
170588,520,425,945,240,55,17,32.59,0.9836,0.5627,0.213014,5,22,56,261.56,0.8303,0.1082,0.008916,4.464
170597,520,273,793,221,135,221,326.97,0.7415,0.7004,0.379221,3,73,51,164.82,0.9810,0.2633,0.050232,4.282
170605,520,451,971,239,1,49,23.26,0.9994,0.5368,0.185975,19,10,17,334.73,0.3001,0.0668,0.003960,4.373
170612,520,355,875,179,112,243,305.42,0.8503,0.6198,0.276437,41,44,8,113.95,0.7742,0.1789,0.022903,4.478
170630,520,465,985,151,87,207,306.15,0.7213,0.5178,0.179011,2,4,37,268.59,0.9409,0.0513,0.002333,4.376
170643,520,412,932,217,73,147,352.40,0.7698,0.5654,0.216257,19,5,87,275.97,0.9750,0.1232,0.009351,4.486
170644,520,390,910,223,11,244,323.45,0.9951,0.5923,0.224611,46,23,51,320.27,0.5125,0.1466,0.014327,4.269
170649,520,359,879,236,81,170,348.77,0.8386,0.6176,0.266227,2,51,32,161.38,0.9778,0.1819,0.024847,4.225
170656,520,353,873,253,12,202,340.52,0.9944,0.6191,0.254132,61,14,79,314.58,0.7941,0.1777,0.018708,4.426
170662,520,376,896,252,67,31,32.73,0.9856,0.5986,0.248123,26,41,7,129.99,0.8476,0.1553,0.018208,4.371
170693,520,374,894,201,78,240,316.90,0.9122,0.5980,0.241589,11,40,51,226.51,0.6433,0.1575,0.018277,4.271
170696,520,399,919,177,91,233,309.56,0.8347,0.5766,0.227132,14,21,81,270.27,0.8945,0.1358,0.012237,4.453
170698,520,450,970,200,33,219,323.20,0.9499,0.5424,0.184832,22,11,5,52.92,0.4442,0.0687,0.004209,4.332
170742,520,359,879,233,12,253,323.85,0.9963,0.6161,0.246808,56,23,82,306.61,0.7178,0.1844,0.020628,4.202
170758,520,431,951,227,44,135,356.61,0.8906,0.5513,0.198843,28,11,47,302.18,0.6907,0.0977,0.006915,4.372
170770,520,474,994,180,32,236,313.42,0.9602,0.5229,0.167935,3,0,24,281.16,1.0000,0.0310,0.000853,4.286
170781,520,397,917,215,41,234,323.44,0.9596,0.5830,0.219754,17,15,95,272.00,0.9513,0.1443,0.012870,4.291
170783,520,378,898,237,67,157,352.56,0.8602,0.5986,0.244560,23,43,30,154.73,0.4597,0.1643,0.020036,4.206
170789,520,434,954,242,22,28,27.83,0.9882,0.5468,0.195383,11,13,67,272.13,0.9081,0.1042,0.007642,4.257
170797,520,373,893,228,92,129,6.23,0.7511,0.6029,0.257358,19,38,63,255.87,0.5452,0.1632,0.018835,4.465
170801,520,391,911,228,96,48,39.27,0.8805,0.5924,0.250758,0,43,10,147.34,1.0000,0.1485,0.017496,4.456
170802,520,443,963,184,69,204,321.40,0.8049,0.5367,0.188074,21,4,53,291.49,0.8854,0.0838,0.005033,4.326
170816,520,416,936,218,49,192,335.42,0.8966,0.5661,0.209101,0,9,92,264.19,0.9873,0.1239,0.009680,4.342
170833,520,419,939,197,35,246,315.98,0.9689,0.5596,0.197276,21,6,74,281.07,0.9392,0.1099,0.007841,4.275
170835,520,479,999,196,73,96,12.24,0.7052,0.5101,0.173472,2,0,2,328.36,1.0000,0.0139,0.000173,4.454
170847,520,400,920,229,32,195,337.15,0.9565,0.5772,0.216338,29,4,91,282.87,0.9702,0.1362,0.011033,4.364
170857,520,454,974,231,33,12,30.33,0.9884,0.5278,0.181062,0,6,52,263.78,1.0021,0.0688,0.003782,4.296
170863,520,466,986,169,40,249,307.01,0.9701,0.5227,0.167929,5,5,24,278.66,0.6651,0.0462,0.002067,4.186
170864,520,453,973,206,81,1,43.46,0.9966,0.5273,0.190110,13,16,2,118.19,0.7385,0.0697,0.004605,4.397
170874,520,305,825,206,120,245,314.28,0.8925,0.6683,0.331484,28,58,67,219.56,0.4666,0.2299,0.036781,4.396
170881,520,411,931,179,72,249,308.31,0.9549,0.5664,0.210588,8,32,11,146.12,0.8786,0.1153,0.011088,4.266
170882,520,462,982,146,75,248,297.13,0.9434,0.5266,0.179206,2,10,11,202.83,0.5508,0.0487,0.002541,4.362
170900,520,411,931,241,58,38,30.36,0.9537,0.5687,0.218701,32,27,18,82.06,0.2512,0.1221,0.011346,4.380
170915,520,480,1000,172,72,186,322.59,0.7358,0.5101,0.169516,0,0,0,0.00,0.0000,0.0000,0.000000,4.390
170917,520,462,982,233,13,62,20.19,0.9890,0.5285,0.179624,12,6,11,331.80,0.2869,0.0486,0.002326,4.388
170927,520,459,979,219,10,153,347.31,0.9779,0.5280,0.175796,18,5,26,311.37,0.6425,0.0602,0.003117,4.251
170950,520,444,964,240,15,16,28.71,0.9931,0.5396,0.189077,29,11,1,55.94,0.8260,0.0774,0.005028,4.345
170952,520,426,946,244,39,15,30.56,0.9882,0.5588,0.207221,11,27,36,234.85,0.4594,0.1106,0.009824,4.300
170979,520,360,880,228,109,73,37.51,0.7887,0.6167,0.279148,22,47,36,163.77,0.5055,0.1784,0.023309,4.490
171009,520,424,944,237,15,149,352.68,0.9800,0.5629,0.205192,44,16,1,49.93,0.8948,0.1114,0.009083,4.319
171015,520,334,854,212,98,236,320.35,0.8820,0.6371,0.287901,0,58,0,142.50,1.0000,0.2004,0.030260,4.210
171024,520,431,951,223,21,177,340.84,0.9637,0.5513,0.194011,30,6,55,300.97,0.8289,0.0997,0.006821,4.294
171027,520,462,982,229,34,53,23.74,0.9623,0.5275,0.180621,16,0,32,304.50,1.0000,0.0514,0.002145,4.423
171044,520,468,988,199,72,105,7.84,0.7131,0.5168,0.177987,1,7,14,240.53,0.6891,0.0417,0.001901,4.393
171054,520,268,788,254,98,242,330.89,0.9957,0.7032,0.362198,45,55,106,272.76,0.5553,0.2589,0.043307,4.418
171059,520,386,906,236,17,211,334.43,0.9881,0.5941,0.229397,59,13,43,344.51,0.6979,0.1479,0.013922,4.371
171060,520,394,914,202,62,247,316.30,0.9569,0.5879,0.227186,22,28,69,273.20,0.6579,0.1441,0.014307,4.310
171064,520,422,942,242,24,83,15.57,0.9764,0.5550,0.201584,34,20,22,9.84,0.2726,0.1088,0.008984,4.265
171068,520,348,868,255,52,177,348.81,1.0000,0.6276,0.268938,46,46,8,109.38,0.7882,0.1903,0.025524,4.223
171077,520,125,645,245,191,242,328.14,0.9101,0.8468,0.630861,35,106,59,151.28,0.8884,0.3840,0.109807,4.261
171107,520,430,950,242,33,53,24.23,0.9734,0.5542,0.202254,40,1,51,317.57,0.9364,0.1040,0.007119,4.416
171114,520,456,976,211,73,15,38.79,0.9645,0.5257,0.186508,28,0,27,329.75,1.0000,0.0648,0.003260,4.441
171132,520,312,832,250,54,255,327.02,1.0000,0.6637,0.301852,64,47,38,49.17,0.2584,0.2219,0.032631,4.258
171139,520,315,835,242,78,240,328.43,0.9512,0.6610,0.306198,51,54,26,113.97,0.4880,0.2222,0.034167,4.232
171143,520,348,868,239,14,253,325.23,0.9961,0.6267,0.257592,53,28,86,300.07,0.6822,0.1919,0.022593,4.237
171146,520,398,918,232,37,194,338.20,0.9495,0.5847,0.223767,44,6,78,301.52,0.8972,0.1420,0.012158,4.404
171163,520,397,917,234,81,22,38.12,0.9670,0.5798,0.234382,41,20,63,303.56,0.6530,0.1425,0.013306,4.492
171179,520,375,895,199,81,241,315.87,0.9117,0.5994,0.243791,2,13,115,264.87,0.9875,0.1619,0.015384,4.493
171186,520,467,987,225,2,109,3.64,0.9962,0.5204,0.171579,2,0,36,270.91,1.0000,0.0409,0.001403,4.311
171198,520,459,979,236,25,10,29.75,0.9915,0.5343,0.185533,27,5,4,26.86,0.6872,0.0638,0.003504,4.402
171208,520,362,882,232,93,122,10.36,0.7774,0.6090,0.263923,13,51,25,150.64,0.8906,0.1839,0.025233,4.173
171209,520,471,991,192,87,57,36.74,0.7368,0.5164,0.183200,3,8,4,151.30,0.4574,0.0425,0.002018,4.483
171211,520,430,950,194,18,248,315.04,0.9879,0.5494,0.186806,17,13,55,280.68,0.7686,0.0963,0.006828,4.167
171230,520,385,905,235,28,205,335.80,0.9735,0.5923,0.229032,30,8,97,281.29,0.9529,0.1491,0.013127,4.420
171256,520,420,940,186,72,234,313.95,0.8836,0.5647,0.210154,17,28,31,216.52,0.2553,0.1149,0.010486,4.301
171269,520,455,975,235,6,76,16.15,0.9942,0.5337,0.183174,19,7,3,46.65,0.5254,0.0562,0.002970,4.402
171279,520,454,974,201,55,169,338.28,0.8124,0.5282,0.180163,12,9,39,282.38,0.7014,0.0712,0.004200,4.247
171285,520,475,995,157,68,239,303.38,0.9021,0.5236,0.175348,3,1,16,286.65,0.8389,0.0283,0.000785,4.437
171290,520,431,951,221,61,122,2.16,0.8195,0.5498,0.201173,19,25,21,156.02,0.1670,0.1041,0.008878,4.266
171294,520,441,961,219,70,27,35.64,0.9444,0.5377,0.195221,32,4,47,310.91,0.8257,0.0925,0.005992,4.380
171308,520,209,729,237,157,226,331.70,0.8365,0.7636,0.476111,73,76,45,113.06,0.4002,0.3138,0.067748,4.468
171314,520,470,990,200,47,174,336.12,0.8446,0.5221,0.173702,1,2,36,267.16,0.9759,0.0448,0.001772,4.321
171320,520,412,932,228,72,106,11.81,0.8185,0.5701,0.221720,30,27,24,67.44,0.0887,0.1216,0.011258,4.436
171323,520,403,923,250,1,131,0.70,0.9991,0.5792,0.219879,29,31,14,114.26,0.4376,0.1288,0.012729,4.302
171324,520,451,971,216,23,182,337.64,0.9549,0.5418,0.185914,6,18,11,158.22,0.5056,0.0721,0.004955,4.293
171335,520,418,938,202,18,251,316.55,0.9897,0.5647,0.199557,34,3,76,293.70,0.9501,0.1227,0.009270,4.211
171366,520,455,975,214,23,163,343.03,0.9417,0.5274,0.175556,14,11,1,98.17,0.7899,0.0585,0.003349,4.228
171394,520,116,636,243,203,213,1.33,0.5820,0.8593,0.665718,24,108,14,141.72,0.9876,0.3809,0.109506,4.487
171402,520,420,940,219,78,104,12.89,0.7649,0.5605,0.215107,50,7,24,0.83,0.7428,0.1146,0.008961,4.496
171407,520,397,917,213,22,249,319.78,0.9879,0.5823,0.215613,45,1,84,300.17,0.9829,0.1445,0.012197,4.271
171408,520,455,975,134,91,235,292.70,0.8377,0.5261,0.185486,11,9,22,289.79,0.4026,0.0591,0.003244,4.423
171414,520,247,767,163,177,198,258.37,0.2190,0.7166,0.433076,0,80,7,143.47,1.0000,0.2791,0.057524,4.493
171417,520,470,990,172,29,253,307.49,0.9903,0.5243,0.167421,1,7,20,254.56,0.7627,0.0448,0.002089,4.174
171419,520,367,887,247,11,201,339.49,0.9937,0.6071,0.242337,33,18,106,279.73,0.9119,0.1745,0.017965,4.301
171424,520,441,961,239,21,41,25.68,0.9868,0.5411,0.190505,5,8,63,268.90,0.9570,0.0882,0.005648,4.322
171438,520,467,987,231,6,12,28.63,0.9969,0.5178,0.171488,11,3,9,334.70,0.4802,0.0396,0.001560,4.296
171449,520,424,944,240,52,7,32.83,0.9935,0.5597,0.209999,50,0,39,339.14,1.0000,0.1124,0.008247,4.464
171457,520,399,919,215,73,179,339.39,0.7985,0.5768,0.224689,8,41,9,143.69,0.9529,0.1449,0.016572,4.126
171473,520,456,976,168,85,190,318.83,0.6840,0.5260,0.185404,26,2,10,359.73,0.7578,0.0578,0.002850,4.454
171480,520,407,927,242,49,83,17.84,0.9349,0.5694,0.217017,1,26,72,260.07,0.9734,0.1307,0.012130,4.298
171483,520,464,984,224,19,86,12.14,0.9697,0.5162,0.169877,8,3,32,285.59,0.8331,0.0502,0.002210,4.211
171485,520,406,926,174,87,246,305.98,0.9164,0.5766,0.224695,30,31,31,197.06,0.0164,0.1349,0.013549,4.323
171488,520,364,884,239,94,84,27.01,0.8778,0.6138,0.269992,10,47,16,146.18,0.9400,0.1673,0.021349,4.485
171492,520,280,800,253,128,36,50.67,0.9812,0.6863,0.364515,51,59,70,256.39,0.1661,0.2518,0.042739,4.470
171494,520,465,985,211,69,39,33.57,0.8996,0.5220,0.182539,16,0,25,313.47,1.0000,0.0462,0.001804,4.489
171507,520,479,999,219,43,7,32.18,0.9905,0.5092,0.168058,1,0,0,29.23,1.0000,0.0090,0.000065,4.356
171514,520,270,790,248,138,33,56.95,0.9589,0.6965,0.382461,26,71,17,140.57,0.9497,0.2564,0.047664,4.428
171517,520,464,984,135,88,230,294.43,0.8191,0.5180,0.178435,7,4,32,282.07,0.8050,0.0515,0.002363,4.363
171524,520,480,1000,101,95,239,279.34,0.8877,0.5052,0.171826,0,0,0,0.00,0.0000,0.0000,0.000000,4.437
171525,520,480,1000,214,50,85,14.37,0.8654,0.5148,0.172357,0,0,0,0.00,0.0000,0.0000,0.000000,4.447
171534,520,405,925,254,10,99,11.54,0.9935,0.5797,0.221925,35,11,77,292.28,0.8536,0.1345,0.011325,4.434
171538,520,467,987,209,61,115,2.77,0.7856,0.5249,0.181328,15,2,8,348.05,0.6348,0.0412,0.001625,4.481
171555,520,432,952,216,54,164,344.14,0.8432,0.5515,0.199199,14,24,26,211.36,0.2513,0.0993,0.008212,4.281
171568,520,374,894,246,73,68,26.53,0.9470,0.5972,0.247786,41,38,12,102.76,0.6120,0.1619,0.018842,4.326
171599,520,453,973,237,12,3,29.47,0.9975,0.5319,0.182773,7,18,12,159.91,0.4320,0.0731,0.005043,4.229
171605,520,398,918,218,19,238,323.52,0.9883,0.5813,0.215463,47,22,40,338.45,0.4584,0.1400,0.013314,4.193
171615,520,411,931,183,91,204,319.87,0.7238,0.5654,0.219101,6,34,17,153.71,0.8765,0.1222,0.012232,4.324
171621,520,346,866,235,43,246,325.64,0.9764,0.6260,0.260462,84,3,50,352.57,0.9001,0.1932,0.021806,4.324
171645,520,424,944,233,38,145,353.96,0.9234,0.5631,0.207571,10,19,57,268.81,0.7838,0.1050,0.008256,4.421
171662,520,398,918,224,75,148,353.92,0.7865,0.5805,0.230200,60,11,19,15.76,0.7628,0.1381,0.012472,4.485
171663,520,415,935,234,70,42,32.19,0.9321,0.5677,0.220429,21,29,36,245.12,0.2238,0.1232,0.011655,4.386
171671,520,435,955,222,52,145,352.40,0.8533,0.5521,0.200324,15,23,19,163.02,0.2275,0.0946,0.007614,4.345
171697,520,444,964,228,27,138,354.82,0.9436,0.5447,0.191156,10,6,51,277.26,0.8997,0.0752,0.004338,4.438
171717,520,419,939,209,84,124,3.14,0.6905,0.5573,0.213532,12,22,54,267.61,0.6804,0.1104,0.009183,4.453
171724,520,284,804,245,131,124,24.72,0.8361,0.6918,0.371030,5,71,32,151.00,0.9837,0.2520,0.046428,4.366
171727,520,424,944,241,48,14,31.77,0.9877,0.5588,0.208497,8,22,55,264.03,0.7569,0.1090,0.009012,4.380
171739,520,425,945,215,33,214,328.50,0.9559,0.5647,0.203919,17,22,42,271.83,0.4453,0.1050,0.008601,4.333
171755,520,270,790,239,141,104,41.24,0.7704,0.6971,0.384024,14,73,2,140.85,0.9961,0.2574,0.048626,4.401
171763,520,403,923,253,34,33,28.15,0.9924,0.5757,0.221403,46,13,52,321.19,0.6937,0.1305,0.011167,4.437
171793,520,465,985,194,21,212,323.45,0.9661,0.5215,0.167607,1,0,41,266.93,1.0000,0.0451,0.001665,4.212
171822,520,465,985,189,12,227,318.46,0.9869,0.5220,0.166292,13,4,26,300.92,0.6913,0.0527,0.002470,4.122
171826,520,442,962,226,36,120,1.35,0.9149,0.5386,0.187893,7,16,29,256.90,0.4747,0.0752,0.005044,4.322
171833,520,429,949,242,34,23,29.34,0.9797,0.5520,0.200866,26,20,21,6.73,0.1247,0.0983,0.007741,4.345
171840,520,450,970,215,52,142,351.89,0.8332,0.5377,0.188584,7,8,46,273.59,0.8658,0.0717,0.004161,4.405
171860,520,356,876,251,36,190,343.64,0.9737,0.6170,0.254920,15,51,18,144.89,0.9180,0.1833,0.025128,4.059
171881,520,397,917,244,51,93,15.06,0.9292,0.5771,0.223944,31,10,89,284.17,0.9188,0.1424,0.012296,4.397
171886,520,355,875,255,52,158,354.83,1.0000,0.6195,0.261881,72,19,40,359.56,0.6772,0.1796,0.019969,4.457
171893,520,328,848,246,33,255,326.28,1.0000,0.6458,0.279033,93,13,19,23.30,0.9027,0.2115,0.026624,4.294
171907,520,466,986,191,5,221,320.51,0.9937,0.5190,0.164068,24,1,6,6.31,0.8307,0.0511,0.002291,4.094
171920,520,409,929,244,38,82,17.13,0.9576,0.5658,0.212319,8,0,103,267.77,1.0000,0.1331,0.010308,4.350
171945,520,473,993,202,48,170,338.05,0.8395,0.5242,0.175746,8,2,12,314.58,0.6180,0.0349,0.001216,4.408
171948,520,352,872,246,84,129,7.36,0.8925,0.6237,0.275216,59,32,57,329.62,0.4447,0.1876,0.022583,4.481
171961,520,434,954,231,54,91,14.75,0.8930,0.5535,0.203855,16,25,22,172.29,0.2274,0.1020,0.008633,4.330
171983,520,372,892,242,84,82,24.81,0.9061,0.6052,0.258302,42,32,71,293.07,0.5318,0.1741,0.019802,4.417
171986,520,392,912,226,55,198,335.78,0.9043,0.5884,0.229808,23,41,5,132.17,0.9133,0.1527,0.017790,4.128
172002,520,341,861,250,92,40,37.37,0.9676,0.6251,0.281349,58,18,106,297.94,0.8501,0.2034,0.023728,4.494
172006,520,395,915,255,28,99,12.40,1.0000,0.5871,0.229951,32,23,68,288.09,0.6584,0.1415,0.013372,4.418
172029,520,448,968,147,90,232,298.47,0.8209,0.5367,0.193418,21,15,11,55.39,0.2077,0.0776,0.005253,4.406
172038,520,408,928,240,24,137,357.47,0.9664,0.5669,0.209879,18,31,45,251.11,0.3941,0.1314,0.012980,4.126
172043,520,392,912,254,51,73,21.84,0.9938,0.5932,0.239232,59,11,57,329.74,0.7544,0.1540,0.014647,4.474
172052,520,438,958,197,41,229,319.74,0.9427,0.5497,0.191148,10,14,52,272.55,0.7982,0.0902,0.006265,4.286
172057,520,347,867,226,93,191,339.14,0.7917,0.6261,0.277613,21,42,79,260.86,0.6373,0.1872,0.023798,4.439
172061,520,437,957,242,27,39,26.51,0.9828,0.5497,0.198110,40,6,18,2.21,0.7053,0.0920,0.006251,4.411
172073,520,133,653,245,206,53,93.64,0.9286,0.8380,0.638137,29,104,49,148.50,0.9387,0.3733,0.103832,4.473
172081,520,333,853,254,3,230,333.75,0.9991,0.6357,0.268524,77,31,9,43.52,0.7922,0.2016,0.025777,4.203
172082,520,389,909,237,50,176,345.10,0.9161,0.5926,0.234232,32,36,18,118.99,0.4178,0.1473,0.016125,4.298
172083,520,410,930,198,69,225,320.15,0.8748,0.5728,0.216997,62,1,25,4.13,0.9482,0.1324,0.011162,4.365
172096,520,382,902,238,70,144,357.94,0.8551,0.5984,0.245740,17,11,114,270.27,0.9815,0.1649,0.015733,4.499
172102,520,449,969,219,30,160,345.39,0.9256,0.5386,0.185291,0,2,57,264.20,0.9929,0.0670,0.003388,4.407
172105,520,362,882,238,23,232,329.71,0.9886,0.6129,0.246188,6,45,58,225.19,0.8099,0.1750,0.022209,4.102
172144,520,252,772,249,122,230,333.32,0.9629,0.7219,0.397745,14,72,80,208.77,0.8136,0.2746,0.053070,4.344
172151,520,439,959,232,7,138,355.12,0.9888,0.5465,0.191457,41,6,11,15.70,0.7441,0.0918,0.006259,4.292
172198,520,411,931,178,74,248,308.05,0.9465,0.5666,0.211406,25,27,40,277.39,0.2627,0.1235,0.011437,4.255
172202,520,348,868,239,89,160,354.26,0.8331,0.6285,0.280363,54,31,80,303.09,0.6091,0.1938,0.023435,4.499
172213,520,475,995,171,31,254,306.93,0.9950,0.5248,0.167944,1,0,27,269.66,1.0000,0.0311,0.000856,4.286
172222,520,419,939,214,74,138,355.69,0.7521,0.5577,0.210309,3,29,34,212.20,0.7982,0.1111,0.010135,4.329
172243,520,478,998,219,20,103,5.34,0.9559,0.5109,0.165423,4,0,12,302.69,1.0000,0.0238,0.000524,4.264
172262,520,351,871,251,85,117,12.92,0.9482,0.6305,0.282939,15,44,82,256.41,0.7265,0.1921,0.025120,4.432
172263,520,447,967,197,9,235,318.83,0.9925,0.5412,0.180654,3,21,15,170.21,0.7586,0.0795,0.005902,4.126
172266,520,456,976,212,58,113,3.77,0.8057,0.5267,0.182177,9,7,31,282.83,0.6628,0.0589,0.003090,4.373
172280,520,405,925,242,12,164,348.97,0.9878,0.5788,0.218237,61,0,36,351.06,1.0000,0.1336,0.011196,4.383
172333,520,461,981,234,12,60,20.75,0.9904,0.5301,0.180848,8,9,4,115.98,0.3149,0.0496,0.002558,4.392
172335,520,464,984,189,81,121,359.37,0.6294,0.5178,0.180857,2,1,45,268.66,0.9911,0.0527,0.002241,4.419
172357,520,455,975,203,27,192,331.33,0.9392,0.5259,0.172880,12,11,2,104.78,0.6218,0.0569,0.003219,4.188
172362,520,380,900,226,83,165,348.40,0.7808,0.6009,0.250743,24,34,72,269.87,0.6026,0.1627,0.018061,4.419
172411,520,440,960,192,7,255,313.15,1.0000,0.5496,0.185797,10,9,57,274.35,0.8989,0.0864,0.005553,4.245
172413,520,472,992,212,30,155,345.35,0.9107,0.5226,0.172944,14,0,3,3.21,1.0000,0.0323,0.001000,4.371
172417,520,476,996,225,12,55,21.40,0.9889,0.5100,0.165492,0,1,14,263.36,1.0007,0.0229,0.000534,4.264
172428,520,474,994,226,8,82,13.28,0.9892,0.5163,0.169545,10,2,2,21.77,0.5475,0.0329,0.001123,4.294
172429,520,415,935,185,65,254,309.59,0.9927,0.5713,0.212516,3,33,17,156.49,0.9362,0.1174,0.011475,4.270
172441,520,460,980,122,94,244,286.44,0.8979,0.5266,0.186743,24,3,21,333.33,0.7076,0.0613,0.003135,4.456
172442,520,342,862,245,72,176,348.04,0.9121,0.6261,0.271848,33,44,63,261.07,0.3310,0.1900,0.024835,4.301
172446,520,453,973,220,37,128,357.24,0.8966,0.5303,0.180999,22,9,9,19.97,0.3652,0.0659,0.003857,4.289
172454,520,379,899,236,71,147,356.49,0.8428,0.5970,0.244488,64,13,53,337.84,0.7312,0.1630,0.016350,4.438
172457,520,109,629,210,218,227,251.17,0.1843,0.8660,0.693902,32,111,0,139.77,1.0000,0.3926,0.116755,4.461
172488,520,463,983,230,19,100,8.19,0.9706,0.5324,0.182118,18,2,17,329.95,0.7173,0.0488,0.002125,4.453
172489,520,396,916,246,55,63,24.60,0.9550,0.5788,0.226875,61,10,0,36.00,1.0000,0.1354,0.012094,4.459
172501,520,413,933,207,30,247,318.55,0.9786,0.5740,0.209110,45,13,34,343.07,0.6045,0.1180,0.009613,4.347
172534,520,477,997,121,76,254,287.49,0.9921,0.5057,0.163893,4,1,4,327.25,0.5374,0.0231,0.000563,4.230
172561,520,392,912,241,18,189,341.49,0.9844,0.5909,0.228105,12,35,58,250.71,0.6327,0.1475,0.015856,4.223
172563,520,451,971,213,12,192,333.95,0.9808,0.5389,0.182170,4,8,44,269.29,0.8960,0.0675,0.003813,4.314
172565,520,452,972,141,82,251,294.05,0.9609,0.5333,0.186624,31,1,19,346.54,0.8365,0.0676,0.003601,4.415
172569,520,318,838,165,139,251,292.50,0.8916,0.6604,0.334295,30,60,25,140.89,0.7810,0.2229,0.035778,4.480
172572,520,457,977,209,20,186,334.65,0.9587,0.5301,0.176029,4,4,49,270.64,0.9598,0.0649,0.003344,4.237
172574,520,1,521,255,255,255,0.00,0.0000,1.0000,1.000000,3,139,45,146.26,0.9983,0.4836,0.186732,4.435
172582,520,382,902,245,76,79,23.93,0.9317,0.6005,0.251491,17,44,27,154.15,0.6622,0.1629,0.019996,4.307
172605,520,315,835,250,69,231,332.73,0.9774,0.6602,0.303527,61,51,2,96.68,0.9525,0.2224,0.033642,4.227
172606,520,379,899,243,73,97,17.10,0.9044,0.5969,0.246860,51,30,28,25.55,0.3269,0.1585,0.017163,4.420
172612,520,417,937,188,67,244,312.56,0.9338,0.5697,0.212384,13,26,50,261.66,0.5717,0.1179,0.010546,4.334
172615,520,435,955,211,9,211,328.34,0.9896,0.5472,0.187494,4,6,71,267.64,0.9790,0.0941,0.006109,4.233
172634,520,470,990,215,34,132,354.47,0.8957,0.5202,0.172595,18,0,10,344.68,1.0000,0.0408,0.001505,4.322
172642,520,358,878,252,76,88,21.39,0.9742,0.6153,0.265724,56,34,39,4.68,0.3017,0.1791,0.021314,4.427
172644,520,212,732,238,160,211,340.53,0.7532,0.7643,0.480236,59,82,10,126.69,0.9343,0.3136,0.069862,4.424
172648,520,412,932,255,13,42,25.62,1.0000,0.5729,0.217189,10,18,76,269.09,0.9154,0.1224,0.010189,4.439
172656,520,373,893,211,88,207,328.90,0.8006,0.6044,0.253351,33,37,46,266.29,0.1675,0.1612,0.018437,4.433
172658,520,434,954,212,69,145,351.53,0.7681,0.5509,0.202998,19,7,63,282.75,0.8946,0.0969,0.006493,4.478
172661,520,473,993,142,74,246,296.18,0.9322,0.5186,0.173023,5,0,22,291.44,1.0000,0.0318,0.000902,4.381
172663,520,403,923,239,4,177,344.36,0.9960,0.5778,0.216149,47,2,65,313.32,0.9298,0.1294,0.010295,4.414
172681,520,409,929,236,8,164,347.63,0.9901,0.5663,0.206898,37,18,53,306.89,0.6086,0.1259,0.010830,4.223
172687,520,476,996,218,16,108,3.13,0.9638,0.5090,0.163613,0,0,17,264.05,1.0000,0.0212,0.000405,4.238
172706,520,410,930,223,83,76,26.30,0.8136,0.5682,0.223988,8,20,83,267.23,0.9327,0.1331,0.011764,4.436
172716,520,400,920,230,6,206,334.31,0.9949,0.5777,0.214121,66,2,4,26.48,0.9771,0.1378,0.012106,4.253
172717,520,367,887,240,64,170,348.43,0.8860,0.6068,0.250973,49,23,71,306.32,0.6605,0.1652,0.017207,4.478
172729,520,389,909,230,4,218,331.26,0.9973,0.5850,0.219743,4,12,106,265.76,0.9849,0.1489,0.013292,4.262
172735,520,375,895,225,76,191,338.15,0.8375,0.6033,0.249403,19,44,22,146.58,0.7000,0.1628,0.019977,4.279
172738,520,341,861,243,104,27,43.91,0.9625,0.6294,0.290375,31,40,91,272.21,0.6558,0.1987,0.025641,4.500
172740,520,458,978,228,34,66,20.15,0.9540,0.5275,0.180343,22,1,30,316.33,0.8738,0.0598,0.002860,4.358
172743,520,324,844,252,23,248,329.19,0.9939,0.6479,0.280886,46,39,95,285.12,0.6223,0.2132,0.028581,4.211
172745,520,458,978,213,72,44,33.16,0.8851,0.5302,0.189651,22,4,25,322.15,0.6827,0.0627,0.003276,4.498
172748,520,339,859,250,59,211,337.97,0.9709,0.6407,0.281582,33,33,103,276.36,0.7911,0.1963,0.023902,4.487
172759,520,458,978,226,53,18,32.64,0.9763,0.5326,0.187615,0,14,20,222.17,1.0000,0.0603,0.003646,4.429
172779,520,427,947,228,30,168,344.95,0.9440,0.5598,0.202524,15,12,66,276.06,0.8843,0.1042,0.007578,4.386
172793,520,459,979,215,68,11,37.30,0.9783,0.5267,0.186079,9,4,37,283.26,0.8390,0.0574,0.002785,4.472
172800,520,396,916,248,2,135,359.09,0.9981,0.5767,0.217526,49,25,23,25.36,0.4050,0.1427,0.014102,4.173
172823,520,392,912,213,76,209,329.00,0.8445,0.5938,0.239203,45,31,6,79.09,0.7299,0.1473,0.015511,4.415
172836,520,319,839,223,93,237,323.70,0.9093,0.6470,0.296330,86,14,68,340.39,0.7822,0.2158,0.027102,4.492
172854,520,357,877,242,94,59,34.61,0.9137,0.6153,0.272015,13,41,76,255.62,0.7263,0.1782,0.021931,4.477
172858,520,390,910,218,80,183,339.11,0.7907,0.5922,0.240638,38,26,65,295.05,0.5754,0.1519,0.015325,4.449
172870,520,411,931,250,30,52,24.53,0.9813,0.5693,0.215041,33,12,64,296.57,0.7833,0.1203,0.009565,4.450
172887,520,356,876,236,91,148,358.95,0.8029,0.6215,0.274559,19,49,7,138.26,0.9527,0.1769,0.023503,4.416
172888,520,372,892,242,69,149,356.75,0.8819,0.6065,0.253065,4,46,31,164.18,0.9364,0.1653,0.020786,4.281
172891,520,477,997,217,31,85,12.39,0.9318,0.5069,0.163902,3,1,6,305.83,0.6115,0.0228,0.000542,4.232
172892,520,456,976,206,17,189,332.99,0.9658,0.5255,0.171988,16,10,6,58.96,0.2746,0.0599,0.003404,4.157
172897,520,459,979,186,39,231,316.14,0.9434,0.5323,0.176609,24,2,29,320.43,0.8017,0.0639,0.003263,4.254
172907,520,431,951,219,11,195,334.61,0.9854,0.5516,0.192419,35,2,49,313.48,0.8923,0.0957,0.006225,4.312
172911,520,362,882,204,82,241,317.37,0.9151,0.6079,0.252242,59,0,98,304.46,1.0000,0.1803,0.018117,4.437
172913,520,323,843,239,100,168,352.48,0.8172,0.6465,0.302949,59,39,72,311.06,0.4418,0.2114,0.028488,4.497
172922,520,425,945,243,41,70,20.82,0.9570,0.5634,0.210861,43,12,17,12.89,0.6006,0.1062,0.008171,4.484
172924,520,63,583,233,227,251,297.19,0.7263,0.9158,0.792269,35,115,119,199.90,0.7515,0.4329,0.139501,4.445
172956,520,391,911,236,60,149,354.66,0.8720,0.5869,0.232374,2,40,33,177.43,0.9441,0.1452,0.016402,4.252
172963,520,438,958,235,44,77,18.49,0.9364,0.5504,0.200025,27,13,36,310.70,0.5329,0.0920,0.006483,4.427
172965,520,411,931,236,19,160,349.03,0.9741,0.5670,0.208397,8,33,15,150.23,0.8362,0.1194,0.011738,4.185
172998,520,471,991,163,75,218,309.63,0.8075,0.5237,0.178813,11,2,21,306.15,0.7535,0.0428,0.001687,4.427
173014,520,399,919,232,44,176,343.73,0.9203,0.5792,0.220945,57,5,56,329.02,0.8206,0.1433,0.012640,4.325
173018,520,431,951,209,65,165,342.43,0.7913,0.5504,0.200545,32,17,33,324.65,0.4117,0.1045,0.008178,4.307
173022,520,383,903,230,11,238,326.48,0.9951,0.6000,0.232378,2,16,105,264.85,0.9796,0.1517,0.014033,4.410
173025,520,378,898,216,109,94,29.50,0.6800,0.6011,0.263465,16,44,30,159.60,0.6475,0.1633,0.020052,4.475
173031,520,433,953,242,34,3,30.87,0.9976,0.5513,0.200313,11,26,26,195.66,0.3887,0.1030,0.008845,4.254
173033,520,421,941,227,0,190,337.90,1.0000,0.5613,0.200512,54,0,11,15.47,1.0000,0.1095,0.008086,4.313
173044,520,456,976,204,69,116,2.71,0.7385,0.5255,0.183566,19,7,2,53.16,0.6168,0.0559,0.002948,4.411
173057,520,399,919,245,46,92,14.91,0.9407,0.5752,0.221426,30,33,19,118.21,0.3327,0.1367,0.014107,4.234
173062,520,438,958,178,61,243,310.01,0.9315,0.5482,0.192744,34,8,24,345.16,0.6022,0.0872,0.005797,4.350
173065,520,378,898,202,87,219,322.33,0.8192,0.5967,0.244889,23,26,92,273.44,0.8533,0.1632,0.016936,4.406
173066,520,414,934,219,53,187,337.26,0.8805,0.5682,0.211964,40,14,52,313.55,0.6729,0.1227,0.010132,4.357
173082,520,209,729,237,157,206,342.62,0.7308,0.7553,0.465765,48,82,29,135.88,0.8259,0.3072,0.067515,4.389
173088,520,410,930,190,79,223,317.62,0.8344,0.5712,0.218680,60,7,17,15.66,0.8283,0.1329,0.011533,4.366
173099,520,379,899,252,33,157,353.66,0.9756,0.6023,0.242210,59,21,52,335.12,0.6021,0.1644,0.017142,4.352
173103,520,415,935,232,61,120,4.96,0.8564,0.5699,0.218522,30,24,28,338.34,0.1354,0.1154,0.010131,4.466
173107,520,464,984,197,26,205,326.08,0.9502,0.5237,0.170186,17,6,5,27.64,0.4005,0.0522,0.002604,4.186
173124,520,440,960,191,76,188,328.71,0.7520,0.5463,0.198775,5,21,30,234.45,0.5882,0.0872,0.006623,4.394
173139,520,447,967,223,48,121,1.41,0.8686,0.5414,0.191850,5,4,65,269.41,0.9803,0.0841,0.005007,4.397
173166,520,452,972,231,36,47,25.44,0.9637,0.5322,0.184590,32,4,4,24.67,0.7943,0.0702,0.004027,4.342
173172,520,458,978,183,63,203,321.60,0.8210,0.5275,0.179353,14,9,25,296.76,0.4639,0.0634,0.003589,4.280
173177,520,405,925,237,14,179,343.42,0.9853,0.5770,0.215762,52,8,43,337.40,0.7445,0.1288,0.010783,4.372
173189,520,468,988,215,58,68,22.25,0.8702,0.5210,0.178930,15,2,1,32.51,0.7683,0.0385,0.001472,4.448
173196,520,363,883,255,47,153,356.16,1.0000,0.6142,0.255965,54,35,22,54.96,0.4095,0.1733,0.020443,4.343
173217,520,385,905,252,45,104,11.74,0.9765,0.5914,0.235753,57,15,45,340.69,0.6644,0.1479,0.014011,4.464
173218,520,458,978,188,3,244,314.42,0.9978,0.5328,0.172894,4,9,35,268.35,0.7836,0.0618,0.003425,4.172
173233,520,405,925,213,68,206,329.94,0.8591,0.5831,0.227385,50,15,40,340.17,0.6164,0.1328,0.011731,4.493
173235,520,407,927,255,19,29,27.71,1.0000,0.5735,0.218183,48,18,20,17.61,0.5292,0.1261,0.011116,4.388
173240,520,360,880,233,38,246,325.21,0.9797,0.6200,0.253661,44,37,52,305.84,0.2426,0.1761,0.021066,4.273
173263,520,476,996,190,39,194,326.98,0.8900,0.5112,0.162948,1,0,19,273.06,1.0000,0.0243,0.000535,4.214
173280,520,398,918,219,6,236,324.30,0.9965,0.5786,0.212486,2,11,103,265.04,0.9865,0.1426,0.012314,4.212
173287,520,466,986,224,41,61,22.13,0.9386,0.5229,0.177729,4,4,33,274.37,0.8754,0.0496,0.002224,4.361
173288,520,447,967,210,60,147,349.33,0.7958,0.5383,0.190421,4,13,43,265.41,0.8282,0.0762,0.004881,4.381
173289,520,465,985,171,100,105,15.77,0.4402,0.5174,0.187933,8,10,11,227.48,0.0800,0.0540,0.002929,4.495
173298,520,285,805,224,117,243,321.41,0.9162,0.6861,0.350426,69,56,29,84.37,0.4782,0.2500,0.041824,4.361
173316,520,480,1000,179,60,188,324.90,0.7945,0.5076,0.164475,0,0,0,0.00,0.0000,0.0000,0.000000,4.289
173317,520,418,938,252,2,27,27.29,0.9992,0.5631,0.208218,10,4,87,270.19,0.9885,0.1160,0.008394,4.422
173319,520,368,888,244,5,213,335.71,0.9974,0.6075,0.241487,31,24,93,279.66,0.8238,0.1670,0.017348,4.328
173322,520,385,905,199,71,244,315.70,0.9358,0.5901,0.231816,14,10,107,269.66,0.9819,0.1526,0.013719,4.423
173323,520,395,915,239,5,191,340.40,0.9958,0.5854,0.222238,4,20,90,265.28,0.9557,0.1396,0.012642,4.346
173325,520,402,922,227,44,188,338.84,0.9214,0.5764,0.217656,42,4,71,304.13,0.9098,0.1296,0.010340,4.436
173335,520,367,887,228,106,24,47.63,0.9459,0.6069,0.268706,13,47,30,158.44,0.7818,0.1718,0.022123,4.419
173346,520,473,993,187,29,219,319.57,0.9520,0.5186,0.165594,7,2,3,3.45,0.4120,0.0299,0.000952,4.231
173381,520,435,955,190,58,225,318.13,0.8928,0.5492,0.194108,33,14,7,41.50,0.5360,0.0906,0.006528,4.318
173382,520,315,835,222,137,32,64.74,0.9054,0.6560,0.335273,36,59,30,139.34,0.5951,0.2248,0.035967,4.482
173399,520,299,819,242,82,251,325.64,0.9842,0.6720,0.318793,7,64,16,145.04,0.9832,0.2254,0.037492,4.215
173408,520,362,882,184,100,249,307.46,0.9293,0.6108,0.261450,1,25,117,264.03,0.9928,0.1813,0.019859,4.458
173428,520,308,828,227,135,94,44.30,0.6926,0.6663,0.344691,42,61,11,128.27,0.8781,0.2330,0.038538,4.458
173432,520,402,922,244,15,145,355.38,0.9840,0.5752,0.216224,49,15,45,332.36,0.6323,0.1338,0.011842,4.305
173433,520,364,884,224,78,201,334.67,0.8484,0.6093,0.255153,56,34,16,58.70,0.5439,0.1727,0.020223,4.345
173458,520,465,985,197,15,207,325.63,0.9759,0.5211,0.167186,7,10,14,253.27,0.1899,0.0542,0.002940,4.103
173487,520,290,810,229,103,249,321.98,0.9646,0.6764,0.332000,36,42,126,273.14,0.8306,0.2407,0.035372,4.475
173493,520,436,956,202,54,209,326.06,0.8846,0.5535,0.198000,13,22,25,220.50,0.2457,0.0927,0.007296,4.328
173505,520,394,914,239,79,13,37.96,0.9850,0.5863,0.239749,44,26,42,330.65,0.3638,0.1448,0.014415,4.498
173510,520,438,958,245,3,47,24.03,0.9984,0.5500,0.196864,0,22,32,228.56,1.0000,0.0879,0.006781,4.348
173511,520,443,963,209,39,190,333.54,0.9081,0.5420,0.187261,11,16,39,271.75,0.5698,0.0844,0.005882,4.246
173513,520,357,877,247,52,183,345.25,0.9428,0.6157,0.256522,84,2,27,12.12,0.9606,0.1838,0.020077,4.374
173521,520,429,949,191,82,189,328.29,0.7307,0.5550,0.207865,30,12,50,302.20,0.6950,0.1042,0.007693,4.470
173535,520,365,885,245,64,147,357.57,0.9077,0.6064,0.251890,1,17,121,264.45,0.9847,0.1749,0.017877,4.448
173540,520,466,986,194,27,208,324.43,0.9488,0.5211,0.168089,11,5,26,294.49,0.6477,0.0529,0.002543,4.151
173549,520,378,898,223,80,189,338.42,0.8166,0.6036,0.251017,30,40,27,138.54,0.3113,0.1596,0.018727,4.380
173552,520,459,979,153,86,222,303.52,0.7871,0.5298,0.187022,18,5,18,327.25,0.5369,0.0559,0.002808,4.488
173555,520,452,972,230,39,57,23.32,0.9527,0.5333,0.185724,11,15,22,261.49,0.2407,0.0721,0.004707,4.309
173557,520,331,851,238,77,221,332.47,0.9177,0.6423,0.287079,82,19,52,352.46,0.7198,0.2046,0.025078,4.490
173566,520,453,973,172,100,126,357.40,0.4471,0.5260,0.193924,33,3,15,358.20,0.7542,0.0732,0.004230,4.498
173579,520,405,925,227,66,148,353.61,0.8252,0.5758,0.223680,32,12,79,288.25,0.8611,0.1344,0.011345,4.461
173587,520,436,956,231,56,12,33.51,0.9861,0.5452,0.198468,12,18,33,266.70,0.4148,0.0858,0.006206,4.421
173592,520,442,962,205,49,186,333.71,0.8641,0.5397,0.187228,41,0,13,5.56,1.0000,0.0824,0.005006,4.313
173594,520,348,868,247,53,217,335.58,0.9602,0.6344,0.273331,49,36,76,296.81,0.5117,0.1948,0.024365,4.348
173609,520,409,929,219,77,147,353.39,0.7619,0.5737,0.224767,14,33,31,186.85,0.4371,0.1277,0.012800,4.375
173614,520,471,991,223,11,100,6.74,0.9804,0.5155,0.168502,7,5,5,17.88,0.1060,0.0392,0.001647,4.231
173621,520,307,827,244,94,225,333.03,0.9407,0.6734,0.326773,68,47,41,36.57,0.2683,0.2284,0.034222,4.474
173623,520,428,948,236,20,131,358.58,0.9699,0.5552,0.199749,15,16,50,277.18,0.6823,0.0959,0.007024,4.380
173624,520,319,839,220,110,203,333.44,0.7481,0.6479,0.306811,74,39,33,30.67,0.4525,0.2169,0.030169,4.451
173626,520,2,522,255,255,255,0.00,0.0000,1.0000,1.000000,49,135,64,146.73,0.9114,0.4832,0.183504,4.497
173629,520,441,961,233,14,114,3.65,0.9795,0.5414,0.188557,34,6,42,317.92,0.7522,0.0947,0.006375,4.232
173643,520,442,962,209,14,197,331.53,0.9775,0.5353,0.179026,6,21,7,145.57,0.7509,0.0795,0.005904,4.097
173665,520,452,972,219,56,80,17.84,0.8676,0.5292,0.184702,28,7,12,6.50,0.5433,0.0715,0.004254,4.326
173672,520,353,873,255,79,40,33.75,1.0000,0.6180,0.270088,0,51,19,150.34,1.0000,0.1781,0.024146,4.317
173706,520,426,946,191,53,239,315.28,0.9294,0.5570,0.198558,15,28,6,133.86,0.7703,0.1060,0.009452,4.181
173727,520,324,844,251,20,250,328.54,0.9951,0.6466,0.279147,66,23,90,310.74,0.7473,0.2062,0.025093,4.383
173732,520,247,767,250,135,169,2.23,0.8629,0.7191,0.405192,20,63,129,259.16,0.8384,0.2846,0.052884,4.424
173750,520,362,882,203,101,196,329.95,0.7007,0.6053,0.259909,35,39,71,276.63,0.4545,0.1836,0.022632,4.267
173754,520,375,895,209,93,184,336.54,0.7188,0.5959,0.248465,38,32,59,292.88,0.4140,0.1610,0.017609,4.415
173762,520,431,951,166,98,198,313.97,0.6484,0.5499,0.209202,1,29,3,144.52,0.9912,0.1002,0.008917,4.399
173763,520,464,984,219,51,48,27.03,0.9234,0.5190,0.176438,0,12,2,148.98,1.0000,0.0488,0.002673,4.299
173781,520,459,979,199,23,213,324.57,0.9649,0.5317,0.175607,8,14,5,134.01,0.4666,0.0615,0.003767,4.196
173783,520,457,977,195,42,210,323.96,0.9118,0.5330,0.179127,3,1,51,269.49,0.9924,0.0603,0.002801,4.339
173800,520,436,956,182,93,173,331.14,0.6193,0.5494,0.207921,5,24,25,199.77,0.6086,0.0933,0.007557,4.481
173864,520,477,997,165,13,255,305.37,1.0000,0.5099,0.155079,4,1,1,21.00,0.4725,0.0215,0.000497,4.061
173865,520,458,978,211,75,52,32.00,0.8518,0.5315,0.191313,2,17,5,150.03,0.9127,0.0647,0.004247,4.448
173869,520,392,912,250,35,125,3.77,0.9611,0.5876,0.230102,26,19,92,277.55,0.8864,0.1532,0.014580,4.337
173879,520,456,976,230,21,72,17.49,0.9756,0.5265,0.178302,17,9,8,27.71,0.2476,0.0595,0.003321,4.282
173881,520,407,927,225,70,118,5.97,0.8052,0.5657,0.216985,8,26,65,262.98,0.8148,0.1274,0.011720,4.326
173893,520,438,958,213,43,191,334.34,0.9037,0.5524,0.196376,7,20,44,261.15,0.6667,0.0948,0.007273,4.302
173898,520,424,944,133,108,238,288.53,0.8184,0.5583,0.218845,10,30,23,168.41,0.5560,0.1133,0.010549,4.440
173905,520,392,912,229,91,36,39.78,0.9216,0.5856,0.242703,4,41,32,172.83,0.8989,0.1489,0.017159,4.358
173916,520,396,916,212,33,241,321.16,0.9737,0.5789,0.214375,66,6,9,24.35,0.9177,0.1432,0.013084,4.191
173942,520,461,981,222,18,132,355.33,0.9597,0.5267,0.176308,6,3,35,279.40,0.8876,0.0509,0.002252,4.331
173963,520,412,932,218,12,228,325.90,0.9915,0.5722,0.207719,6,22,63,264.05,0.8631,0.1151,0.009714,4.316
173974,520,309,829,241,112,159,359.23,0.7981,0.6642,0.327950,18,62,21,144.44,0.9368,0.2227,0.036279,4.381
173980,520,451,971,240,26,34,27.21,0.9837,0.5446,0.193829,19,8,33,301.50,0.6230,0.0716,0.004219,4.497
173988,520,289,809,208,136,204,328.71,0.5995,0.6774,0.353791,8,64,58,183.97,0.8923,0.2369,0.040237,4.475
173992,520,394,914,253,2,155,353.79,0.9985,0.5946,0.232962,20,36,26,156.09,0.4010,0.1390,0.014850,4.363
174018,520,466,986,185,64,183,328.50,0.7775,0.5187,0.174013,9,8,4,98.14,0.2714,0.0482,0.002405,4.275
174032,520,390,910,233,34,205,335.36,0.9631,0.5913,0.228781,63,17,7,34.11,0.8270,0.1501,0.014732,4.307
174033,520,200,720,220,178,175,23.00,0.3682,0.7674,0.501526,60,84,21,128.07,0.8510,0.3216,0.073553,4.464
174034,520,455,975,219,18,162,344.50,0.9613,0.5347,0.181038,12,5,35,288.88,0.7618,0.0603,0.003080,4.353
174036,520,413,933,251,0,92,13.00,1.0000,0.5698,0.212856,60,1,6,23.16,0.9818,0.1233,0.009957,4.384
174047,520,435,955,163,103,182,317.71,0.5551,0.5456,0.208651,20,22,12,117.43,0.3048,0.0942,0.007491,4.499
174059,520,458,978,114,97,248,282.67,0.9328,0.5281,0.189037,2,14,21,231.02,0.6809,0.0624,0.003811,4.442
174062,520,444,964,215,73,75,23.43,0.8131,0.5399,0.197225,7,20,1,134.33,0.9584,0.0758,0.005477,4.456
174089,520,341,861,224,82,235,324.81,0.9129,0.6340,0.278820,86,14,27,16.45,0.8322,0.1987,0.023720,4.460
174097,520,38,558,254,237,212,77.63,0.8416,0.9454,0.863934,20,130,24,143.06,0.9890,0.4540,0.161793,4.315
174114,520,400,920,247,50,98,13.63,0.9439,0.5835,0.229406,43,17,59,310.25,0.6721,0.1371,0.012303,4.485
174136,520,470,990,214,31,130,354.83,0.9046,0.5156,0.168902,13,2,6,352.72,0.5930,0.0380,0.001421,4.257
174152,520,310,830,247,115,75,37.47,0.9166,0.6583,0.325467,25,58,60,200.67,0.5104,0.2248,0.035589,4.387
174157,520,249,769,249,146,63,55.83,0.9269,0.7155,0.410591,29,75,61,170.48,0.6531,0.2814,0.056301,4.333
174159,520,453,973,190,97,22,52.50,0.8859,0.5274,0.195561,15,15,7,108.06,0.3131,0.0703,0.004585,4.499
174171,520,470,990,212,11,167,341.11,0.9742,0.5219,0.170287,6,5,16,287.30,0.4568,0.0427,0.001847,4.249
174174,520,392,912,200,95,201,327.09,0.7319,0.5944,0.246823,40,36,0,103.28,1.0000,0.1533,0.017129,4.422
174180,520,301,821,248,101,176,351.46,0.9026,0.6657,0.324013,76,39,61,344.59,0.4468,0.2304,0.033246,4.493
174186,520,399,919,197,94,182,333.19,0.6757,0.5780,0.232546,22,27,64,274.14,0.6179,0.1375,0.013246,4.467
174193,520,402,922,209,44,240,320.39,0.9569,0.5795,0.216497,22,28,48,270.37,0.3997,0.1282,0.012145,4.288
174194,520,434,954,222,54,132,357.53,0.8443,0.5486,0.198364,28,20,5,82.74,0.5959,0.0965,0.007582,4.313
174196,520,212,732,254,136,243,330.74,0.9950,0.7572,0.451526,48,64,139,270.69,0.6895,0.3103,0.061590,4.494
174200,520,421,941,237,49,101,11.26,0.9129,0.5636,0.211438,38,20,1,67.27,0.8937,0.1097,0.009146,4.420
174201,520,480,1000,223,22,57,21.30,0.9750,0.5094,0.165600,0,0,0,0.00,0.0000,0.0000,0.000000,4.312
174211,520,464,984,222,44,54,24.40,0.9358,0.5200,0.176000,10,8,5,82.51,0.1968,0.0494,0.002492,4.305
174222,520,417,937,163,89,255,300.18,1.0000,0.5727,0.221516,17,27,42,258.29,0.3881,0.1179,0.010702,4.473
174231,520,479,999,172,33,240,310.09,0.9604,0.5146,0.161505,2,0,0,29.23,1.0000,0.0120,0.000129,4.219
174232,520,381,901,251,25,164,351.06,0.9776,0.6000,0.238883,24,1,114,274.30,0.9976,0.1600,0.014307,4.492
174260,520,352,872,216,121,79,43.86,0.6906,0.6203,0.288402,42,44,50,271.01,0.0957,0.1915,0.025239,4.498
174266,520,360,880,247,90,65,31.58,0.9451,0.6195,0.274714,5,51,17,147.68,0.9757,0.1795,0.024403,4.364
174270,520,391,911,193,94,206,322.87,0.7364,0.5856,0.238004,6,40,34,178.76,0.8138,0.1472,0.016717,4.317
174294,520,307,827,246,120,125,19.29,0.8511,0.6747,0.345093,8,64,52,174.14,0.9104,0.2346,0.039662,4.406
174316,520,467,987,182,17,238,313.88,0.9841,0.5213,0.165202,13,2,8,343.34,0.6064,0.0388,0.001465,4.181
174344,520,424,944,221,18,203,332.94,0.9789,0.5621,0.201189,15,28,24,173.02,0.3270,0.1107,0.009980,4.188
174348,520,388,908,200,91,203,326.49,0.7528,0.5896,0.240748,38,33,20,89.39,0.3154,0.1459,0.015503,4.439
174355,520,467,987,226,30,78,15.84,0.9524,0.5234,0.176502,10,4,11,322.70,0.4105,0.0419,0.001755,4.376
174365,520,398,918,251,42,90,15.75,0.9734,0.5842,0.229070,32,32,37,285.69,0.0941,0.1423,0.014737,4.311
174368,520,451,971,134,94,242,291.13,0.8745,0.5370,0.194844,19,12,26,306.44,0.3901,0.0749,0.004760,4.471
174385,520,460,980,235,17,30,27.16,0.9902,0.5302,0.181600,0,10,40,260.31,1.0000,0.0647,0.003703,4.313
174404,520,242,762,234,134,244,323.78,0.9252,0.7275,0.410760,28,70,87,227.60,0.5988,0.2772,0.053151,4.467
174413,520,373,893,212,69,229,323.28,0.9016,0.5973,0.239122,43,23,73,298.45,0.6760,0.1588,0.016074,4.376
174433,520,358,878,214,77,239,321.07,0.9208,0.6156,0.258376,86,1,9,24.54,0.9921,0.1841,0.020202,4.393
174434,520,429,949,189,65,214,320.40,0.8481,0.5468,0.194558,0,27,20,173.28,1.0000,0.0974,0.008343,4.192
174448,520,263,783,227,133,235,324.23,0.8558,0.7118,0.391057,0,74,40,155.53,1.0000,0.2630,0.050505,4.388
174449,520,382,902,236,62,164,349.46,0.8748,0.5950,0.239613,10,19,105,267.55,0.9649,0.1594,0.015501,4.422
174455,520,414,934,215,1,233,324.02,0.9993,0.5685,0.203540,13,33,15,146.12,0.6966,0.1220,0.012077,4.084
174463,520,232,752,240,161,95,59.27,0.7817,0.7370,0.448434,9,78,83,202.69,0.8978,0.2941,0.061311,4.478
174472,520,383,903,254,26,142,358.52,0.9916,0.5974,0.237662,9,28,87,265.30,0.9017,0.1543,0.015766,4.374
174476,520,325,845,237,101,185,345.11,0.8262,0.6518,0.308172,26,54,64,223.42,0.4658,0.2150,0.032280,4.353
174479,520,454,974,205,0,210,327.07,1.0000,0.5339,0.176342,30,3,20,344.63,0.7351,0.0701,0.003917,4.198
174483,520,476,996,223,27,4,30.44,0.9955,0.5073,0.164835,3,1,0,66.15,1.0000,0.0193,0.000411,4.262
174490,520,452,972,233,20,4,29.83,0.9964,0.5257,0.178359,32,3,20,347.29,0.7463,0.0735,0.004228,4.211
174496,520,445,965,210,80,54,33.18,0.8316,0.5369,0.197075,6,19,15,172.65,0.4754,0.0760,0.005389,4.461
174534,520,416,936,238,57,96,14.20,0.9001,0.5710,0.219510,19,27,48,267.16,0.4456,0.1232,0.011357,4.393
174541,520,405,925,194,56,253,312.93,0.9880,0.5752,0.213908,31,10,82,286.62,0.8954,0.1343,0.011176,4.314
174542,520,407,927,199,45,244,316.72,0.9538,0.5673,0.205520,3,35,40,209.75,0.8478,0.1326,0.013746,4.008
174544,520,443,963,195,13,239,317.35,0.9899,0.5421,0.181234,31,3,38,319.18,0.8070,0.0824,0.004964,4.207
174547,520,242,762,226,143,230,325.30,0.7960,0.7257,0.415283,39,77,27,138.85,0.8688,0.2848,0.058181,4.301
174562,520,428,948,226,2,193,336.84,0.9976,0.5616,0.200650,27,18,35,307.82,0.3882,0.1013,0.007870,4.331
174599,520,456,976,232,3,106,5.92,0.9956,0.5343,0.182646,13,13,11,106.86,0.0695,0.0649,0.003976,4.310
174628,520,395,915,230,38,203,335.21,0.9518,0.5868,0.225236,20,37,24,150.76,0.4601,0.1415,0.015378,4.210
174629,520,474,994,177,32,242,311.20,0.9648,0.5234,0.167919,8,1,12,316.60,0.7455,0.0321,0.000999,4.273
174632,520,434,954,176,82,215,314.63,0.7842,0.5495,0.201719,46,3,11,14.59,0.8632,0.0969,0.006702,4.439
174636,520,403,923,229,39,185,340.14,0.9342,0.5753,0.216145,31,29,13,102.13,0.4313,0.1252,0.011991,4.293
174650,520,470,990,208,66,73,21.91,0.8151,0.5176,0.177896,5,4,10,293.02,0.3437,0.0364,0.001410,4.433
174653,520,426,946,217,73,133,358.43,0.7646,0.5599,0.212126,23,14,66,283.38,0.8052,0.1142,0.008896,4.451
174662,520,287,807,246,106,226,333.44,0.9472,0.6925,0.353944,45,62,28,130.79,0.5914,0.2411,0.040869,4.445
174663,520,381,901,226,76,181,341.86,0.8240,0.5999,0.246762,22,43,26,149.03,0.5410,0.1624,0.019729,4.256
174671,520,358,878,230,96,140,2.36,0.7517,0.6156,0.270847,39,42,38,137.81,0.0794,0.1778,0.022272,4.439
174685,520,275,795,216,130,243,317.71,0.8825,0.6968,0.370365,55,60,59,182.64,0.0548,0.2537,0.043597,4.491
174691,520,366,886,182,97,254,306.03,0.9865,0.6073,0.256509,49,31,53,320.16,0.3871,0.1688,0.018900,4.449
174694,520,402,922,241,52,121,5.03,0.9069,0.5796,0.225404,9,28,65,261.95,0.7798,0.1329,0.012702,4.392
174712,520,473,993,224,45,36,28.73,0.9496,0.5228,0.178543,9,1,3,359.74,0.6560,0.0291,0.000864,4.493
174719,520,439,959,206,6,225,323.58,0.9944,0.5480,0.186901,24,14,30,312.02,0.4138,0.0867,0.006020,4.229
174722,520,403,923,219,43,212,330.01,0.9378,0.5760,0.215435,7,14,87,267.68,0.9644,0.1274,0.010473,4.389
174725,520,370,890,238,37,218,333.14,0.9702,0.6096,0.245650,22,33,84,269.90,0.7416,0.1694,0.018983,4.286
174730,520,430,950,228,25,152,350.00,0.9510,0.5499,0.194590,23,22,30,290.66,0.1830,0.1036,0.008497,4.181
174750,520,400,920,206,69,220,323.90,0.8744,0.5818,0.225470,31,33,23,116.99,0.2245,0.1388,0.014409,4.277
174755,520,225,745,217,166,208,332.54,0.5138,0.7500,0.465792,32,83,26,141.60,0.9322,0.3008,0.065679,4.459
174777,520,338,858,221,88,241,322.22,0.9273,0.6403,0.287043,48,48,5,109.54,0.8697,0.1982,0.027533,4.347
174780,520,335,855,248,54,222,334.51,0.9669,0.6398,0.278717,84,23,20,26.77,0.7826,0.2038,0.025484,4.355
174794,520,467,987,233,11,28,27.13,0.9939,0.5241,0.176500,1,10,2,147.16,0.9401,0.0448,0.002279,4.333
174799,520,477,997,218,32,97,8.20,0.9217,0.5127,0.168041,0,1,10,262.28,1.0000,0.0204,0.000436,4.323
174816,520,422,942,239,35,103,9.49,0.9477,0.5589,0.205353,20,29,7,127.81,0.6774,0.1131,0.010428,4.226
174823,520,439,959,243,3,47,23.94,0.9983,0.5457,0.193285,11,5,65,274.68,0.9587,0.0897,0.005613,4.375
174834,520,344,864,255,78,127,8.38,1.0000,0.6324,0.282446,52,42,36,52.73,0.1715,0.1923,0.025134,4.425
174839,520,460,980,223,55,60,24.58,0.9077,0.5325,0.187493,9,12,11,173.69,0.1013,0.0593,0.003452,4.443
174841,520,375,895,214,107,111,19.17,0.6370,0.5984,0.259613,25,43,13,134.53,0.7603,0.1618,0.019634,4.446
174851,520,459,979,222,50,71,20.20,0.9037,0.5278,0.182684,10,0,46,282.67,1.0000,0.0586,0.002618,4.422
174876,520,467,987,212,64,38,32.36,0.9110,0.5177,0.178062,1,0,34,267.98,1.0000,0.0378,0.001219,4.453
174907,520,390,910,225,85,128,4.54,0.7522,0.5877,0.240656,54,23,38,351.24,0.4866,0.1523,0.015371,4.446
174925,520,412,932,224,57,170,344.23,0.8602,0.5716,0.216783,14,26,55,265.11,0.6174,0.1222,0.011079,4.368
174930,520,448,968,230,34,89,12.97,0.9423,0.5364,0.186913,1,20,34,240.64,0.8643,0.0842,0.006222,4.214
174931,520,371,891,245,23,205,338.06,0.9847,0.6088,0.244361,76,9,25,13.57,0.8443,0.1716,0.018023,4.327
174948,520,385,905,236,16,207,335.46,0.9882,0.5914,0.227112,35,32,52,290.39,0.3289,0.1533,0.016383,4.174
174963,520,306,826,233,101,230,328.47,0.8970,0.6683,0.323463,28,60,56,185.03,0.4846,0.2310,0.037640,4.261
174966,520,464,984,183,55,205,321.32,0.8515,0.5206,0.172087,12,0,36,293.26,1.0000,0.0505,0.002055,4.266
174972,520,435,955,245,7,6,29.10,0.9973,0.5481,0.195811,5,22,26,214.48,0.5754,0.0880,0.006806,4.327
174991,520,400,920,220,13,229,326.15,0.9913,0.5766,0.211628,39,28,45,313.30,0.3237,0.1443,0.014513,4.055
174993,520,473,993,141,72,251,295.20,0.9680,0.5193,0.172626,1,3,13,264.20,0.7170,0.0303,0.001006,4.365
175006,520,439,959,243,7,44,24.65,0.9963,0.5462,0.193920,18,0,69,281.42,1.0000,0.0924,0.005582,4.388
175019,520,413,933,252,23,68,20.53,0.9858,0.5728,0.217293,16,26,44,261.56,0.4410,0.1158,0.010308,4.432
175047,520,397,917,176,101,209,314.58,0.6943,0.5751,0.231417,39,32,17,85.43,0.3887,0.1438,0.015049,4.326
175048,520,404,924,198,62,247,315.14,0.9554,0.5818,0.221678,19,32,45,249.25,0.3737,0.1349,0.013609,4.271
175061,520,437,957,239,18,98,10.14,0.9795,0.5502,0.196684,5,8,61,269.09,0.9528,0.0859,0.005428,4.451
175078,520,380,900,190,90,247,310.92,0.9291,0.6027,0.249759,10,34,74,260.09,0.7916,0.1565,0.017029,4.472
175086,520,408,928,243,12,151,353.21,0.9873,0.5750,0.215552,43,16,50,318.96,0.6276,0.1289,0.011145,4.343
175098,520,455,975,231,19,78,15.63,0.9774,0.5291,0.180078,11,5,30,290.76,0.7058,0.0557,0.002734,4.363
175103,520,384,904,221,46,231,325.66,0.9539,0.5941,0.230978,2,10,111,264.95,0.9898,0.1529,0.013776,4.406
175114,520,434,954,236,47,50,26.27,0.9504,0.5505,0.200993,34,2,60,303.57,0.9342,0.1043,0.007098,4.396
175128,520,336,856,184,113,255,304.60,1.0000,0.6357,0.292212,52,43,50,333.72,0.1452,0.2002,0.026881,4.451
175144,520,358,878,252,66,153,356.99,0.9659,0.6234,0.268952,18,50,6,138.59,0.9639,0.1797,0.024229,4.297
175149,520,389,909,168,97,252,301.52,0.9584,0.5885,0.239029,3,43,9,145.64,0.9841,0.1497,0.017668,4.271
175219,520,362,882,236,97,81,29.14,0.8622,0.6124,0.269792,3,45,66,236.44,0.8874,0.1790,0.022894,4.387
175250,520,467,987,172,69,202,317.75,0.7881,0.5170,0.172921,11,2,19,309.43,0.7291,0.0416,0.001616,4.319
175266,520,437,957,202,2,237,319.76,0.9985,0.5497,0.187160,27,14,24,335.44,0.3526,0.0875,0.006131,4.225
175281,520,412,932,243,34,120,4.24,0.9516,0.5715,0.215581,44,0,65,310.89,1.0000,0.1220,0.009172,4.488
175284,520,315,835,255,35,255,328.27,1.0000,0.6619,0.296851,95,7,38,8.15,0.8909,0.2159,0.027252,4.490
175285,520,465,985,219,54,19,32.98,0.9704,0.5194,0.177481,14,9,2,84.23,0.5853,0.0545,0.002931,4.298
175288,520,430,950,201,31,228,321.29,0.9626,0.5498,0.190006,46,3,4,25.21,0.9229,0.0953,0.006548,4.244
175293,520,454,974,233,8,53,22.27,0.9940,0.5260,0.177575,26,9,18,348.21,0.4522,0.0743,0.004587,4.169
175300,520,460,980,195,65,164,338.65,0.7597,0.5257,0.180647,12,10,12,325.85,0.0892,0.0578,0.003218,4.334
175314,520,411,931,249,15,88,14.40,0.9891,0.5678,0.211896,19,15,69,278.01,0.8429,0.1154,0.009097,4.432
175315,520,297,817,222,142,105,45.36,0.6172,0.6753,0.358974,57,59,30,112.01,0.4681,0.2442,0.040915,4.498
175318,520,477,997,214,60,0,36.23,1.0000,0.5149,0.175303,1,1,11,275.11,0.8474,0.0225,0.000523,4.459
175324,520,467,987,181,33,236,313.69,0.9587,0.5250,0.169687,15,1,5,358.13,0.7464,0.0374,0.001342,4.279
175331,520,383,903,236,55,179,344.09,0.9046,0.5960,0.238227,40,35,2,100.84,0.9085,0.1508,0.016576,4.329
175354,520,464,984,204,74,35,36.60,0.8892,0.5152,0.178584,12,3,25,301.31,0.7338,0.0488,0.002135,4.384
175364,520,322,842,235,103,191,342.38,0.8207,0.6542,0.311267,17,57,41,163.67,0.7562,0.2102,0.032054,4.403
175379,520,343,863,253,21,212,337.98,0.9903,0.6268,0.261757,70,26,44,356.82,0.5668,0.1883,0.022229,4.316
175391,520,447,967,193,59,211,322.69,0.8631,0.5448,0.191700,0,16,43,256.19,0.9999,0.0800,0.005450,4.359
175401,520,478,998,183,17,223,317.63,0.9774,0.5102,0.157972,9,0,1,12.98,1.0000,0.0247,0.000603,4.110
175409,520,415,935,249,44,9,31.42,0.9936,0.5722,0.219644,5,27,49,250.69,0.7359,0.1155,0.010378,4.466
175413,520,480,1000,221,29,85,12.76,0.9436,0.5141,0.169095,0,0,0,0.00,0.0000,0.0000,0.000000,4.382
175421,520,420,940,130,108,242,286.88,0.8501,0.5585,0.218815,18,24,46,270.80,0.4668,0.1134,0.009791,4.496
175426,520,358,878,234,60,221,331.41,0.9361,0.6198,0.259471,38,18,108,282.68,0.9011,0.1817,0.019273,4.467
175431,520,311,831,252,85,183,348.17,0.9656,0.6552,0.306145,97,13,29,17.06,0.8749,0.2224,0.029184,4.498
175437,520,349,869,221,108,156,355.10,0.6680,0.6255,0.284997,28,45,70,257.90,0.4559,0.1934,0.025658,4.428
175456,520,369,889,255,47,136,1.75,1.0000,0.6080,0.250742,42,11,105,287.50,0.9266,0.1747,0.017515,4.454
175463,520,418,938,227,68,69,24.68,0.8758,0.5554,0.208976,20,24,49,274.78,0.4912,0.1171,0.010237,4.299
175475,520,63,583,233,236,186,110.44,0.6208,0.9166,0.808599,72,117,15,131.80,0.9653,0.4330,0.141345,4.487
175485,520,450,970,188,11,247,313.69,0.9926,0.5371,0.176473,27,6,9,12.25,0.5757,0.0672,0.003830,4.207
175510,520,451,971,164,63,251,303.72,0.9717,0.5376,0.184131,9,3,50,277.85,0.9473,0.0679,0.003535,4.373
175538,520,476,996,192,14,207,324.25,0.9763,0.5120,0.160271,1,1,9,276.31,0.7916,0.0214,0.000479,4.166
175550,520,450,970,207,55,162,342.49,0.8169,0.5352,0.186084,12,11,31,283.14,0.5264,0.0691,0.004164,4.359
175557,520,454,974,167,81,207,313.51,0.7539,0.5298,0.186061,8,18,5,137.57,0.6443,0.0719,0.004952,4.296
175558,520,464,984,162,82,199,313.71,0.7200,0.5188,0.178402,7,10,11,217.85,0.1208,0.0532,0.002864,4.321
175561,520,271,791,220,126,254,316.42,0.9892,0.7016,0.372945,42,69,34,138.82,0.6360,0.2621,0.048639,4.288
175568,520,295,815,242,125,123,22.31,0.8067,0.6764,0.349772,43,63,36,137.87,0.4924,0.2443,0.041959,4.347
175572,520,463,983,215,47,123,358.91,0.8495,0.5258,0.179126,2,2,45,268.44,0.9821,0.0548,0.002458,4.368
175581,520,301,821,254,57,245,330.22,0.9964,0.6660,0.305927,4,67,11,144.06,0.9925,0.2346,0.040641,3.927
175585,520,471,991,187,36,222,318.68,0.9392,0.5249,0.171018,14,1,7,347.51,0.7346,0.0369,0.001304,4.308
175586,520,402,922,232,7,205,335.04,0.9943,0.5810,0.217182,12,11,91,270.21,0.9694,0.1310,0.010728,4.400
175591,520,347,867,239,20,255,324.77,1.0000,0.6296,0.260736,36,48,6,124.35,0.8749,0.1859,0.025021,4.142
175615,520,421,941,237,58,18,33.12,0.9806,0.5594,0.210775,45,14,10,29.50,0.6497,0.1113,0.008940,4.424
175621,520,398,918,252,27,87,15.59,0.9818,0.5778,0.221711,52,19,32,357.30,0.5353,0.1391,0.013002,4.313
175627,520,453,973,195,55,183,331.75,0.8225,0.5259,0.177550,26,11,5,45.32,0.5150,0.0740,0.004699,4.160
175637,520,401,921,254,21,75,18.78,0.9945,0.5775,0.221189,18,34,37,210.68,0.3388,0.1359,0.014062,4.233
175645,520,416,936,232,61,128,1.86,0.8542,0.5726,0.220546,23,27,29,229.22,0.0906,0.1163,0.010547,4.468
175674,520,459,979,148,78,250,297.14,0.9550,0.5348,0.186470,4,5,41,271.62,0.9170,0.0589,0.002944,4.466
175684,520,442,962,186,8,255,311.49,1.0000,0.5404,0.178339,6,7,55,271.21,0.9374,0.0783,0.004665,4.177
175689,520,333,853,244,32,250,326.93,0.9886,0.6386,0.271710,32,45,75,265.36,0.4598,0.1997,0.026918,4.183
175726,520,453,973,231,11,95,9.73,0.9853,0.5308,0.180575,20,11,19,330.38,0.3059,0.0707,0.004351,4.242
175730,520,477,997,160,83,191,315.23,0.6879,0.5122,0.174224,1,0,8,284.42,1.0000,0.0165,0.000240,4.463
175732,520,441,961,240,0,54,22.18,1.0000,0.5394,0.187950,18,22,17,139.43,0.1655,0.0937,0.007429,4.143
175739,520,435,955,242,26,4,30.16,0.9969,0.5474,0.196282,24,12,41,300.06,0.6144,0.0899,0.006172,4.384
175741,520,348,868,243,97,104,20.39,0.8731,0.6291,0.286066,46,47,6,110.90,0.8411,0.1931,0.026270,4.406
175768,520,354,874,253,34,197,342.08,0.9873,0.6234,0.260613,74,18,25,17.40,0.7387,0.1774,0.019589,4.464
175770,520,475,995,156,56,250,301.81,0.9692,0.5188,0.167988,7,2,13,308.10,0.6355,0.0343,0.001176,4.260
175806,520,389,909,237,0,209,335.14,1.0000,0.5913,0.226108,16,27,84,269.10,0.8539,0.1523,0.015340,4.226
175810,520,461,981,188,33,223,318.80,0.9477,0.5255,0.171081,1,9,27,257.04,0.8378,0.0536,0.002809,4.186
175815,520,432,952,180,66,236,311.91,0.8971,0.5507,0.196568,23,20,25,311.95,0.1337,0.0965,0.007527,4.286
175855,520,163,683,220,192,204,350.15,0.2969,0.8080,0.572752,25,100,17,141.78,0.9809,0.3544,0.093611,4.336
175861,520,309,829,228,93,246,322.81,0.9531,0.6601,0.309785,55,42,84,296.28,0.4924,0.2211,0.031083,4.437
175862,520,384,904,248,26,141,357.74,0.9713,0.5851,0.226218,5,41,25,159.91,0.9114,0.1471,0.016883,4.130
175877,520,463,983,226,34,103,7.44,0.9275,0.5320,0.182949,16,3,24,311.94,0.7173,0.0524,0.002412,4.445
175879,520,368,888,180,110,226,310.27,0.7519,0.6065,0.263469,63,28,29,19.48,0.4940,0.1741,0.019761,4.493
175886,520,394,914,215,36,249,320.09,0.9760,0.5914,0.225502,42,17,67,303.26,0.7219,0.1423,0.012984,4.374
175893,520,400,920,219,61,187,337.42,0.8575,0.5753,0.219876,28,36,10,123.96,0.6585,0.1419,0.015305,4.133
175901,520,400,920,249,7,148,355.25,0.9939,0.5847,0.224333,31,27,58,287.25,0.4998,0.1410,0.013806,4.299
175909,520,478,998,195,43,166,337.31,0.8404,0.5053,0.160848,5,0,5,328.36,1.0000,0.0213,0.000432,4.181
175935,520,472,992,218,7,140,351.41,0.9828,0.5192,0.169534,11,0,9,333.22,1.0000,0.0311,0.000909,4.312
175936,520,453,973,206,29,195,331.28,0.9394,0.5342,0.179426,1,6,48,265.25,0.9614,0.0653,0.003501,4.288
175938,520,442,962,233,2,129,358.24,0.9968,0.5440,0.189550,33,7,6,25.74,0.6767,0.0779,0.004885,4.365
175940,520,459,979,163,70,231,307.02,0.8658,0.5274,0.179370,9,11,27,276.30,0.4726,0.0643,0.003765,4.266
175947,520,376,896,241,70,119,8.11,0.8783,0.5956,0.244161,63,15,42,349.51,0.6862,0.1576,0.015657,4.480
175951,520,444,964,195,34,230,319.10,0.9562,0.5430,0.184608,15,0,64,280.26,1.0000,0.0836,0.004717,4.288
175971,520,425,945,182,78,223,314.95,0.8281,0.5582,0.207226,25,25,1,109.63,0.9186,0.1052,0.009041,4.357
175975,520,475,995,175,9,249,309.60,0.9936,0.5182,0.161498,0,0,29,264.05,1.0000,0.0317,0.000887,4.156
175982,520,479,999,226,6,34,25.81,0.9959,0.5082,0.164174,0,0,3,264.05,1.0000,0.0094,0.000066,4.278
175985,520,477,997,185,6,227,317.38,0.9931,0.5140,0.159919,1,2,1,144.61,0.3698,0.0208,0.000521,4.155
175988,520,205,725,241,149,251,323.43,0.9710,0.7658,0.471624,11,80,96,218.40,0.8765,0.3075,0.066527,4.476
176013,520,431,951,236,50,47,27.36,0.9477,0.5525,0.203225,13,18,56,272.48,0.7452,0.1038,0.008037,4.363
176029,520,474,994,175,64,205,318.25,0.8152,0.5176,0.171896,5,1,10,308.43,0.7176,0.0275,0.000759,4.372
176044,520,432,952,203,73,166,340.73,0.7491,0.5499,0.202166,37,4,49,315.27,0.8274,0.1018,0.007019,4.422
176059,520,426,946,187,81,207,321.00,0.7763,0.5586,0.209558,31,6,67,294.54,0.8830,0.1129,0.008268,4.455
176077,520,419,939,191,54,246,313.66,0.9530,0.5634,0.203697,33,14,52,303.93,0.6730,0.1129,0.008854,4.311
176079,520,390,910,251,59,41,29.91,0.9822,0.5898,0.238009,61,13,44,345.01,0.7072,0.1523,0.014619,4.457
176094,520,422,942,219,67,132,358.42,0.7922,0.5561,0.207427,44,15,3,44.23,0.7919,0.1099,0.008838,4.375
176097,520,363,883,252,11,187,344.36,0.9936,0.6091,0.245261,49,30,66,306.88,0.5198,0.1748,0.019749,4.233
176099,520,479,999,213,55,63,23.21,0.8820,0.5131,0.172398,0,0,2,264.05,1.0000,0.0079,0.000044,4.444
176105,520,449,969,188,33,237,315.50,0.9617,0.5369,0.178948,24,13,0,77.00,1.0000,0.0741,0.004821,4.176
176122,520,420,940,214,37,212,328.74,0.9451,0.5637,0.203748,28,3,72,289.63,0.9511,0.1108,0.007799,4.390
176127,520,464,984,214,57,81,17.17,0.8485,0.5207,0.178189,8,10,12,246.44,0.1038,0.0543,0.002952,4.309
176143,520,390,910,245,73,61,28.37,0.9468,0.5943,0.245178,46,31,5,78.14,0.7676,0.1486,0.015718,4.492
176165,520,362,882,254,69,60,27.83,0.9942,0.6072,0.256570,60,7,88,309.41,0.8917,0.1777,0.018173,4.497
176182,520,359,879,255,22,191,343.99,1.0000,0.6195,0.255989,69,10,73,325.22,0.8072,0.1830,0.019635,4.394
176184,520,447,967,229,49,15,32.16,0.9827,0.5350,0.188921,7,15,35,265.18,0.5913,0.0766,0.005081,4.338
176189,520,460,980,238,12,14,28.74,0.9945,0.5344,0.184751,22,0,35,310.93,1.0000,0.0615,0.002919,4.436
176193,520,400,920,221,28,225,327.29,0.9750,0.5803,0.216411,29,34,24,129.41,0.2340,0.1400,0.014712,4.117
176203,520,385,905,253,9,135,0.11,0.9931,0.5882,0.228309,46,1,84,301.03,0.9825,0.1460,0.012427,4.458
176207,520,418,938,236,12,137,356.35,0.9834,0.5553,0.199050,22,28,39,262.35,0.2584,0.1229,0.011475,4.051
176231,520,410,930,250,14,103,9.91,0.9891,0.5732,0.216210,55,10,22,8.87,0.7290,0.1276,0.010874,4.373
176237,520,381,901,210,59,252,317.54,0.9841,0.6013,0.238595,16,38,66,255.46,0.6189,0.1637,0.018897,4.189
176258,520,387,907,248,63,54,28.07,0.9662,0.5889,0.237813,27,33,52,270.17,0.3483,0.1481,0.015686,4.382
176265,520,255,775,255,140,120,31.02,1.0000,0.7220,0.413752,13,77,34,149.39,0.9648,0.2749,0.055086,4.413
176273,520,365,885,238,59,187,342.19,0.9077,0.6069,0.248957,30,45,16,131.68,0.6675,0.1726,0.021902,4.158
176274,520,433,953,221,73,61,28.41,0.8620,0.5488,0.204767,3,27,13,155.64,0.9093,0.0971,0.008322,4.368
176278,520,368,888,245,18,216,335.20,0.9908,0.6138,0.248060,79,1,0,29.62,1.0000,0.1664,0.016843,4.459
176282,520,459,979,202,66,144,348.97,0.7519,0.5293,0.184685,4,12,12,195.67,0.3809,0.0555,0.003153,4.415
176287,520,456,976,225,38,76,17.18,0.9340,0.5257,0.179184,17,12,0,93.86,1.0000,0.0635,0.003821,4.258
176288,520,431,951,227,64,19,34.68,0.9722,0.5457,0.200475,5,27,21,172.92,0.7115,0.1006,0.008702,4.267
176289,520,395,915,248,15,164,350.25,0.9872,0.5912,0.229818,49,25,26,17.57,0.3885,0.1436,0.014229,4.357
176300,520,384,904,237,27,199,337.88,0.9738,0.5920,0.229147,14,18,101,269.49,0.9568,0.1546,0.014655,4.318
176309,520,344,864,215,81,254,317.62,0.9934,0.6319,0.274893,25,46,59,237.01,0.4139,0.1876,0.024763,4.346
176311,520,480,1000,191,8,213,322.47,0.9880,0.5134,0.160556,0,0,0,0.00,0.0000,0.0000,0.000000,4.211
176314,520,478,998,183,75,153,339.80,0.6733,0.5128,0.174007,4,0,11,304.75,1.0000,0.0232,0.000500,4.436
176370,520,429,949,243,15,52,23.33,0.9912,0.5490,0.196477,47,3,0,32.50,1.0000,0.0965,0.006696,4.347
176372,520,387,907,216,75,203,331.72,0.8405,0.5939,0.239449,1,43,18,152.34,0.9911,0.1504,0.017778,4.271
176382,520,437,957,241,41,11,31.11,0.9909,0.5537,0.203142,18,15,43,284.81,0.5878,0.0908,0.006447,4.485
176386,520,432,952,198,62,199,327.62,0.8348,0.5479,0.195761,13,12,61,275.24,0.8695,0.0974,0.006854,4.323
176390,520,420,940,215,23,208,330.11,0.9700,0.5563,0.196161,39,16,22,4.39,0.4478,0.1080,0.008599,4.201
176397,520,464,984,221,44,38,28.18,0.9472,0.5160,0.173162,22,2,17,337.64,0.7353,0.0543,0.002545,4.247
176400,520,347,867,235,40,248,325.21,0.9798,0.6257,0.259595,7,42,86,256.52,0.8575,0.1871,0.023728,4.199
176401,520,291,811,230,131,162,0.64,0.6579,0.6808,0.356663,5,70,6,142.84,0.9925,0.2450,0.044255,4.314
176423,520,441,961,201,92,20,47.30,0.9191,0.5369,0.201242,14,22,20,177.82,0.2098,0.0914,0.007177,4.394
176436,520,133,653,241,199,180,45.68,0.5839,0.8384,0.628442,51,102,27,137.44,0.9323,0.3733,0.102854,4.439
176438,520,307,827,201,129,240,312.71,0.8246,0.6746,0.344102,16,65,20,144.43,0.9554,0.2321,0.039411,4.408
176456,520,474,994,227,20,65,19.23,0.9775,0.5185,0.172158,4,2,6,309.84,0.4148,0.0276,0.000824,4.371
176481,520,376,896,252,68,22,33.93,0.9858,0.5991,0.248912,30,31,75,278.52,0.6203,0.1628,0.017639,4.419
176492,520,397,917,252,37,72,20.50,0.9836,0.5798,0.224902,22,27,71,273.92,0.6896,0.1436,0.014093,4.289
176531,520,363,883,251,46,172,349.27,0.9676,0.6139,0.254451,10,47,17,146.81,0.9360,0.1675,0.021379,4.265
176534,520,437,957,225,11,175,341.82,0.9832,0.5512,0.193446,8,16,45,268.29,0.7100,0.0870,0.006116,4.338
176537,520,358,878,247,10,228,332.70,0.9964,0.6231,0.255957,47,38,48,322.93,0.1879,0.1803,0.022040,4.247
176538,520,472,992,189,20,219,320.29,0.9712,0.5180,0.164350,11,0,11,328.36,1.0000,0.0320,0.000953,4.207
176550,520,407,927,252,27,32,27.75,0.9891,0.5703,0.215873,50,14,34,348.86,0.6185,0.1283,0.011078,4.353
176551,520,208,728,228,178,102,76.51,0.6824,0.7598,0.492956,8,85,76,182.35,0.9407,0.3134,0.070701,4.498
176578,520,355,875,243,77,145,359.41,0.8764,0.6154,0.264098,35,42,43,207.05,0.1042,0.1759,0.021876,4.370
176611,520,431,951,164,79,247,303.13,0.9316,0.5535,0.202004,21,24,9,118.22,0.4650,0.1000,0.008324,4.321
176619,520,455,975,160,66,247,302.96,0.9453,0.5321,0.180859,13,13,9,107.31,0.1481,0.0643,0.003931,4.281
176640,520,413,933,219,22,221,327.80,0.9798,0.5718,0.208565,48,11,23,3.70,0.6555,0.1157,0.009297,4.361
176658,520,432,952,215,7,207,330.40,0.9918,0.5513,0.191062,19,10,66,280.65,0.8765,0.1045,0.007489,4.193
176660,520,458,978,174,83,185,323.21,0.6866,0.5284,0.186890,27,1,25,331.19,0.8375,0.0640,0.003249,4.449
176671,520,346,866,250,81,151,358.98,0.9341,0.6345,0.284465,40,47,42,154.44,0.1246,0.1948,0.026513,4.371
176675,520,303,823,250,120,0,50.76,1.0000,0.6664,0.337601,18,59,72,222.54,0.6735,0.2308,0.037242,4.443
176678,520,357,877,221,57,250,320.99,0.9777,0.6154,0.252025,47,8,107,290.89,0.9411,0.1805,0.018395,4.416
176708,520,363,883,238,31,228,330.65,0.9809,0.6132,0.247612,23,37,68,264.36,0.5447,0.1666,0.019226,4.299
176719,520,369,889,232,51,225,329.89,0.9511,0.6120,0.249622,47,28,67,304.53,0.5583,0.1688,0.018401,4.380
176720,520,406,926,240,66,65,25.80,0.9237,0.5777,0.228065,3,37,20,157.34,0.9467,0.1314,0.013929,4.350
176721,520,446,966,208,3,212,327.33,0.9963,0.5413,0.182304,3,21,13,163.86,0.7890,0.0789,0.005847,4.160
176726,520,450,970,209,68,132,356.29,0.7580,0.5391,0.193576,28,9,7,28.26,0.5228,0.0738,0.004576,4.463
176750,520,478,998,152,52,249,300.96,0.9661,0.5087,0.159713,5,1,4,334.75,0.5642,0.0245,0.000627,4.142
176776,520,472,992,234,6,5,29.12,0.9971,0.5241,0.176368,6,4,0,94.54,1.0000,0.0335,0.001256,4.416
176777,520,400,920,243,40,128,1.89,0.9379,0.5774,0.221340,55,3,55,328.23,0.8589,0.1366,0.011533,4.410
176797,520,378,898,246,44,154,353.91,0.9372,0.5955,0.237306,19,35,67,262.75,0.6000,0.1580,0.017457,4.259
176798,520,377,897,243,9,201,338.60,0.9942,0.5993,0.234701,34,40,26,126.96,0.2960,0.1631,0.019322,4.107
176801,520,390,910,252,51,61,24.75,0.9844,0.5874,0.234037,36,24,76,288.96,0.6944,0.1550,0.015501,4.336
176805,520,22,542,250,247,217,102.42,0.7620,0.9659,0.918556,16,127,116,184.07,0.9405,0.4642,0.165491,4.495
176811,520,350,870,246,30,231,331.76,0.9858,0.6287,0.262938,59,7,105,300.53,0.9319,0.1937,0.021017,4.407
176812,520,332,852,246,14,248,327.89,0.9963,0.6352,0.266871,35,40,92,275.37,0.6367,0.2027,0.026475,4.143
176816,520,211,731,249,151,217,340.25,0.9249,0.7641,0.472849,28,85,39,147.20,0.9117,0.3079,0.068901,4.397
176830,520,434,954,210,31,200,330.95,0.9430,0.5455,0.188538,15,23,36,259.86,0.3600,0.1023,0.008417,4.083
176839,520,403,923,209,29,254,317.58,0.9956,0.5823,0.215915,29,18,72,285.90,0.7667,0.1328,0.011617,4.316
176848,520,291,811,199,147,173,347.57,0.3729,0.6753,0.360277,0,64,72,208.70,1.0000,0.2415,0.041345,4.492
176853,520,424,944,244,32,57,23.33,0.9747,0.5583,0.205650,18,17,63,277.42,0.7780,0.1121,0.008883,4.342
176855,520,162,682,242,194,96,83.19,0.8030,0.8113,0.583070,7,96,88,184.84,0.9574,0.3537,0.091151,4.485
176856,520,474,994,224,37,71,18.60,0.9389,0.5219,0.176282,4,0,19,291.17,1.0000,0.0284,0.000728,4.461
176862,520,391,911,250,56,82,19.71,0.9669,0.5908,0.237651,53,8,74,311.72,0.8434,0.1541,0.014250,4.477
176871,520,423,943,249,3,32,26.64,0.9987,0.5572,0.203128,33,3,64,299.46,0.9226,0.1084,0.007586,4.396
176912,520,319,839,197,129,211,320.60,0.6303,0.6537,0.322750,29,58,29,143.96,0.6933,0.2165,0.033759,4.450
176921,520,477,997,204,54,125,356.35,0.7962,0.5119,0.169585,8,0,3,351.24,1.0000,0.0245,0.000582,4.341
176934,520,411,931,230,28,176,342.90,0.9552,0.5668,0.207908,19,16,76,276.13,0.8757,0.1246,0.010308,4.277
176947,520,460,980,232,32,40,26.51,0.9724,0.5312,0.183451,22,1,36,309.16,0.9101,0.0643,0.003197,4.388
176975,520,447,967,227,16,139,353.92,0.9698,0.5390,0.185683,1,2,65,265.34,0.9938,0.0779,0.004315,4.339
176978,520,413,933,234,51,127,1.52,0.8891,0.5672,0.213953,30,27,11,98.94,0.4590,0.1182,0.010841,4.338
176995,520,332,852,246,61,226,333.04,0.9594,0.6439,0.284242,61,42,23,65.12,0.4657,0.2012,0.027100,4.335
177009,520,443,963,228,48,65,22.18,0.9264,0.5371,0.189924,15,16,31,279.92,0.3797,0.0823,0.005711,4.307
177010,520,405,925,255,8,106,9.49,1.0000,0.5831,0.224781,12,33,32,191.37,0.4946,0.1270,0.012701,4.382
177026,520,385,905,253,53,73,22.03,0.9877,0.5927,0.239136,2,17,105,264.80,0.9779,0.1531,0.014336,4.494
177042,520,392,912,200,87,218,321.95,0.8123,0.5931,0.241591,17,41,4,136.41,0.9562,0.1485,0.017138,4.343
177056,520,448,968,206,73,134,355.39,0.7292,0.5407,0.196101,5,3,65,269.54,0.9853,0.0824,0.004790,4.492
177060,520,342,862,220,100,190,338.08,0.7427,0.6262,0.280497,5,51,39,170.69,0.9206,0.1853,0.025463,4.380
177076,520,409,929,220,56,184,338.54,0.8700,0.5709,0.215070,32,24,51,295.82,0.4715,0.1304,0.011994,4.276
177083,520,370,890,220,63,241,322.67,0.9418,0.6124,0.251235,43,33,52,308.08,0.3172,0.1650,0.018493,4.398
177085,520,396,916,191,64,255,311.24,1.0000,0.5797,0.219643,58,16,28,5.85,0.6416,0.1436,0.013541,4.244
177086,520,466,986,186,50,210,321.06,0.8804,0.5245,0.173748,4,1,39,274.72,0.9790,0.0483,0.001940,4.308
177091,520,432,952,244,9,78,16.59,0.9933,0.5538,0.199820,28,23,3,96.37,0.7605,0.1036,0.008663,4.259
177096,520,451,971,225,59,40,30.41,0.9309,0.5380,0.192915,26,10,5,41.15,0.5237,0.0722,0.004477,4.459
177105,520,391,911,247,65,24,33.38,0.9772,0.5864,0.236242,2,42,26,161.67,0.9674,0.1495,0.017433,4.245
177110,520,405,925,221,45,213,330.26,0.9371,0.5814,0.220552,13,33,37,212.14,0.4658,0.1298,0.013068,4.290
177138,520,346,866,240,23,247,326.73,0.9919,0.6265,0.258561,23,31,104,270.97,0.8751,0.1862,0.021615,4.309
177141,520,384,904,233,74,139,359.41,0.8197,0.5919,0.240880,5,42,23,156.38,0.9292,0.1499,0.017500,4.309
177145,520,457,977,211,36,171,339.92,0.8997,0.5326,0.180531,21,6,3,38.05,0.5825,0.0567,0.002963,4.353
177149,520,447,967,166,81,224,308.68,0.8137,0.5407,0.193743,38,0,12,4.80,1.0000,0.0761,0.004387,4.482
177150,520,413,933,223,34,196,335.41,0.9464,0.5679,0.208200,18,31,31,195.95,0.2772,0.1243,0.012075,4.159
177167,520,190,710,252,148,254,326.40,0.9947,0.7797,0.490331,0,85,91,203.09,1.0000,0.3187,0.072520,4.410
177176,520,368,888,253,78,1,37.29,0.9992,0.6113,0.263372,23,45,3,133.30,0.9637,0.1655,0.020655,4.435
177180,520,439,959,244,21,7,29.64,0.9949,0.5498,0.197883,2,18,52,260.76,0.9122,0.0936,0.006934,4.354
177182,520,340,860,244,108,19,46.05,0.9769,0.6371,0.300083,36,52,32,139.46,0.4218,0.2031,0.029353,4.412
177195,520,399,919,229,51,186,340.08,0.9058,0.5839,0.225734,9,18,93,267.79,0.9555,0.1421,0.012809,4.390
177208,520,398,918,242,22,158,351.00,0.9737,0.5788,0.219229,5,40,18,151.98,0.9408,0.1419,0.015935,4.083
177215,520,431,951,184,89,182,328.18,0.6679,0.5508,0.207137,34,18,1,68.77,0.8798,0.0992,0.007749,4.453
177221,520,425,945,247,0,94,11.91,1.0000,0.5618,0.205859,7,28,38,231.56,0.6108,0.1124,0.010156,4.253
177238,520,422,942,238,20,135,357.62,0.9718,0.5607,0.204299,46,8,24,358.30,0.6970,0.1083,0.008205,4.369
177247,520,300,820,240,130,28,55.66,0.9545,0.6691,0.345771,42,59,44,147.86,0.3175,0.2333,0.038020,4.496
177283,520,390,910,231,74,149,354.99,0.8150,0.5921,0.240591,32,33,38,276.70,0.0946,0.1454,0.015347,4.447
177307,520,330,850,247,39,237,330.55,0.9815,0.6383,0.273425,44,53,8,120.34,0.8447,0.2093,0.030992,3.993
177310,520,456,976,223,25,133,355.44,0.9413,0.5318,0.180794,20,6,25,316.82,0.5907,0.0640,0.003492,4.315
177326,520,441,961,202,16,223,322.95,0.9829,0.5419,0.182566,1,19,50,258.00,0.9385,0.0935,0.007024,4.078
177338,520,395,915,219,83,165,346.53,0.7563,0.5891,0.239654,31,34,30,137.82,0.0931,0.1440,0.015291,4.436
177341,520,431,951,180,81,207,318.47,0.7670,0.5483,0.200942,24,15,47,293.02,0.6166,0.0999,0.007411,4.371
177351,520,442,962,219,63,107,8.37,0.8140,0.5434,0.196791,16,13,35,287.23,0.5234,0.0792,0.005194,4.471
177352,520,480,1000,206,65,8,37.54,0.9808,0.5054,0.169222,0,0,0,0.00,0.0000,0.0000,0.000000,4.384
177358,520,411,931,238,43,125,2.28,0.9209,0.5685,0.213887,41,2,63,308.90,0.9325,0.1178,0.008738,4.493
177368,520,211,731,207,177,201,332.86,0.3153,0.7600,0.489273,28,84,72,176.31,0.7198,0.3140,0.070551,4.473
177382,520,258,778,247,111,243,328.67,0.9662,0.7100,0.376165,13,75,14,143.06,0.9803,0.2651,0.051492,4.199
177412,520,471,991,232,13,18,28.39,0.9931,0.5219,0.174905,8,0,30,291.23,1.0000,0.0414,0.001454,4.371
177423,520,480,1000,111,88,248,283.17,0.9443,0.5094,0.171359,0,0,0,0.00,0.0000,0.0000,0.000000,4.427
177432,520,413,933,185,81,222,316.05,0.8198,0.5658,0.214741,23,16,64,283.13,0.7634,0.1156,0.009229,4.470
177439,520,380,900,230,19,240,325.99,0.9911,0.6033,0.235824,68,18,0,40.33,1.0000,0.1607,0.016618,4.291
177460,520,362,882,249,81,48,33.06,0.9652,0.6098,0.262414,60,30,51,339.33,0.4516,0.1819,0.021283,4.383
177468,520,388,908,178,89,247,306.95,0.9230,0.5854,0.233258,24,37,47,242.09,0.3037,0.1539,0.017225,4.214
177476,520,463,983,193,48,207,324.06,0.8873,0.5321,0.179579,15,0,35,299.49,1.0000,0.0528,0.002229,4.396
177491,520,376,896,237,68,155,353.38,0.8564,0.5988,0.245082,35,40,22,121.25,0.3849,0.1630,0.019328,4.256
177493,520,422,942,183,78,225,314.78,0.8361,0.5611,0.209533,45,12,23,2.26,0.6085,0.1117,0.008828,4.412
177500,520,348,868,245,22,241,329.22,0.9923,0.6308,0.263400,32,19,121,276.19,0.9443,0.1936,0.021532,4.381
177507,520,473,993,211,60,88,14.64,0.8186,0.5197,0.177875,9,2,4,357.28,0.4900,0.0326,0.001103,4.459
177508,520,346,866,234,55,239,326.90,0.9597,0.6273,0.264592,78,18,50,351.80,0.7156,0.1945,0.022829,4.320
177522,520,445,965,205,74,124,0.07,0.7196,0.5365,0.193339,40,1,20,354.69,0.8789,0.0845,0.005234,4.406
177523,520,366,886,246,64,144,358.85,0.9146,0.6072,0.252765,68,19,23,19.04,0.6948,0.1661,0.017567,4.481
177537,520,437,957,196,25,238,317.69,0.9767,0.5468,0.186055,24,3,61,290.94,0.9310,0.0939,0.005962,4.218
177542,520,460,980,235,7,36,25.79,0.9959,0.5282,0.179447,0,6,47,263.51,1.0010,0.0634,0.003355,4.300
177556,520,73,593,253,226,168,85.82,0.8605,0.9085,0.781037,32,118,60,150.05,0.9376,0.4222,0.135896,4.470
177573,520,404,924,212,60,211,328.28,0.8875,0.5767,0.219338,4,31,50,243.03,0.7800,0.1270,0.012360,4.319
177586,520,456,976,234,31,25,28.82,0.9781,0.5337,0.185457,20,5,13,347.05,0.5103,0.0564,0.002863,4.454
177592,520,366,886,190,123,156,348.98,0.4289,0.6079,0.275145,7,49,22,150.95,0.9473,0.1742,0.022996,4.454
177609,520,466,986,209,69,2,38.91,0.9950,0.5161,0.178182,9,5,19,297.02,0.5215,0.0470,0.002136,4.377
177612,520,257,777,207,147,223,319.03,0.6584,0.7066,0.394615,39,71,43,147.10,0.5850,0.2686,0.051121,4.397
177633,520,345,865,244,40,237,329.86,0.9793,0.6336,0.268679,51,15,108,292.54,0.8900,0.1931,0.021282,4.471
177634,520,406,926,223,50,201,334.09,0.9147,0.5810,0.221886,41,24,36,338.13,0.3354,0.1333,0.012521,4.349
177650,520,437,957,201,33,229,321.02,0.9600,0.5516,0.191640,24,14,33,307.22,0.4596,0.0884,0.006181,4.301
177664,520,421,941,234,50,119,4.38,0.8938,0.5638,0.211085,25,24,37,287.61,0.2694,0.1142,0.009935,4.356
177669,520,413,933,247,28,110,7.85,0.9691,0.5737,0.217339,31,15,64,292.99,0.7467,0.1224,0.010031,4.453
177675,520,362,882,237,54,201,337.64,0.9298,0.6086,0.248626,63,35,0,66.67,1.0000,0.1841,0.022590,4.114
177680,520,375,895,251,65,97,16.40,0.9657,0.6039,0.251564,6,45,27,158.75,0.9143,0.1615,0.019945,4.311
177682,520,413,933,231,46,167,346.46,0.9066,0.5743,0.217357,42,10,55,314.34,0.7519,0.1225,0.009852,4.467
177723,520,428,948,200,67,204,326.66,0.8337,0.5597,0.206549,7,19,53,265.47,0.7904,0.0997,0.007679,4.448
177739,520,435,955,223,43,148,350.96,0.8864,0.5483,0.195564,1,11,63,264.40,0.9606,0.0903,0.006046,4.381
177763,520,387,907,250,52,106,11.55,0.9596,0.5929,0.238241,45,33,2,87.34,0.9030,0.1519,0.016500,4.334
177767,520,391,911,210,52,246,319.09,0.9595,0.5912,0.228131,60,19,12,31.79,0.7204,0.1481,0.014531,4.310
177777,520,395,915,252,39,113,8.30,0.9761,0.5901,0.233423,18,31,52,259.62,0.4776,0.1358,0.013565,4.459
177788,520,439,959,221,54,142,353.45,0.8429,0.5507,0.199660,3,22,24,203.94,0.7098,0.0858,0.006591,4.412
177792,520,334,854,255,37,219,336.73,1.0000,0.6405,0.277009,82,13,56,347.65,0.7767,0.2002,0.023675,4.439
177793,520,419,939,182,102,159,338.78,0.5326,0.5581,0.219522,16,28,27,189.43,0.2755,0.1125,0.010198,4.477
177827,520,281,801,247,124,151,7.70,0.8329,0.6902,0.364266,31,68,23,140.20,0.8878,0.2497,0.044873,4.367
177833,520,385,905,214,41,247,320.19,0.9690,0.5910,0.225993,45,28,50,318.35,0.4018,0.1549,0.016187,4.170
177835,520,342,862,241,19,253,325.66,0.9946,0.6313,0.262610,76,22,22,23.79,0.7255,0.1864,0.021685,4.361
177850,520,400,920,237,51,133,359.89,0.8968,0.5751,0.220687,33,1,95,285.23,0.9921,0.1423,0.011712,4.386
177853,520,431,951,202,79,159,343.74,0.7124,0.5526,0.206535,43,12,7,31.75,0.7015,0.1038,0.007920,4.429
177855,520,465,985,228,17,80,14.55,0.9781,0.5225,0.174770,12,7,8,3.60,0.1784,0.0499,0.002477,4.283
177869,520,421,941,248,19,23,28.30,0.9918,0.5583,0.204877,31,22,14,62.93,0.3040,0.1071,0.008969,4.322
177904,520,449,969,220,66,52,29.20,0.8896,0.5372,0.193626,31,7,4,32.00,0.6973,0.0741,0.004521,4.469
177905,520,474,994,174,73,200,318.84,0.7700,0.5238,0.179349,4,2,16,288.65,0.7102,0.0325,0.001066,4.491
177911,520,438,958,203,9,228,322.06,0.9919,0.5458,0.184950,6,2,75,269.21,0.9930,0.0945,0.005901,4.203
177915,520,222,742,235,143,249,322.14,0.9526,0.7467,0.441483,60,72,69,178.62,0.1252,0.2968,0.060250,4.458
177918,520,341,861,241,73,187,343.48,0.8959,0.6252,0.270566,0,47,86,249.81,1.0000,0.1987,0.027048,4.161
177932,520,462,982,227,12,131,356.57,0.9779,0.5347,0.182353,8,7,13,293.01,0.2418,0.0480,0.002326,4.440
177950,520,293,813,249,95,223,334.96,0.9641,0.6814,0.336546,16,66,40,156.38,0.8861,0.2397,0.041596,4.220
177952,520,200,720,212,177,203,335.25,0.3631,0.7661,0.497539,18,92,13,142.16,0.9849,0.3250,0.078116,4.274
177956,520,418,938,185,95,172,332.88,0.6137,0.5566,0.214785,5,34,22,162.62,0.8533,0.1230,0.012342,4.247
177970,520,421,941,237,42,93,13.25,0.9338,0.5566,0.204539,0,14,72,263.40,1.0008,0.1052,0.007819,4.402
177974,520,413,933,228,41,174,343.33,0.9189,0.5688,0.211385,28,5,78,286.48,0.9398,0.1204,0.009055,4.426
177995,520,247,767,191,158,231,304.66,0.6413,0.7151,0.413000,8,80,12,143.28,0.9901,0.2812,0.058152,4.281
178007,520,445,965,187,46,232,315.97,0.9306,0.5396,0.183462,31,10,4,40.16,0.6488,0.0794,0.005172,4.232
178018,520,341,861,164,127,245,296.04,0.8279,0.6316,0.296639,49,49,18,108.95,0.5991,0.2039,0.028933,4.392
178036,520,476,996,215,11,134,352.90,0.9712,0.5114,0.164101,1,0,13,277.69,1.0000,0.0199,0.000355,4.252
178052,520,455,975,205,54,153,345.24,0.8083,0.5261,0.179194,7,12,19,255.51,0.3007,0.0607,0.003551,4.280
178061,520,450,970,232,38,61,22.25,0.9542,0.5374,0.188820,4,15,22,235.03,0.5202,0.0669,0.004254,4.402
178081,520,404,924,240,66,64,26.07,0.9246,0.5775,0.227950,7,33,49,239.40,0.6924,0.1336,0.013546,4.374
178083,520,392,912,245,23,177,345.87,0.9781,0.5938,0.232028,68,6,12,22.17,0.9103,0.1481,0.013860,4.416
178086,520,389,909,236,63,155,352.73,0.8665,0.5921,0.237573,40,26,56,304.11,0.4901,0.1478,0.014754,4.441
178103,520,329,849,251,74,200,341.79,0.9690,0.6498,0.295800,48,49,37,111.48,0.1980,0.2071,0.029586,4.345
178109,520,431,951,218,80,59,31.23,0.8434,0.5522,0.209610,7,27,26,190.97,0.5677,0.1037,0.009036,4.397
178129,520,332,852,247,73,195,342.35,0.9392,0.6395,0.284824,11,51,70,233.72,0.7500,0.2025,0.028809,4.249
178130,520,450,970,234,16,102,7.99,0.9785,0.5403,0.188254,10,18,2,128.74,0.8272,0.0726,0.005015,4.331
178146,520,469,989,206,48,144,348.59,0.8260,0.5183,0.172514,3,1,33,274.53,0.9722,0.0415,0.001509,4.320
178154,520,390,910,245,5,170,347.72,0.9956,0.5861,0.224265,8,29,83,264.10,0.8888,0.1519,0.015548,4.184
178170,520,368,888,238,87,103,17.62,0.8486,0.6063,0.259757,66,23,35,5.24,0.5838,0.1723,0.018926,4.494
178171,520,369,889,203,87,241,316.78,0.9084,0.6127,0.258651,27,42,42,196.03,0.2531,0.1686,0.020561,4.374
178183,520,373,893,231,6,240,326.28,0.9975,0.6022,0.234129,40,31,53,302.39,0.3621,0.1572,0.016881,4.248
178184,520,347,867,241,21,246,327.19,0.9929,0.6269,0.258936,86,12,8,28.78,0.9290,0.1934,0.022593,4.256
178195,520,473,993,195,59,167,337.32,0.7858,0.5206,0.175217,1,1,27,269.11,0.9767,0.0340,0.001073,4.410
178205,520,330,850,243,111,4,48.34,0.9952,0.6398,0.304353,24,48,80,256.21,0.5810,0.2062,0.028872,4.493
178214,520,349,869,241,52,229,331.07,0.9615,0.6306,0.268166,58,37,50,342.01,0.3059,0.1935,0.024530,4.269
178215,520,304,824,252,122,35,48.43,0.9739,0.6743,0.347390,44,61,8,126.25,0.9030,0.2344,0.038904,4.470
178219,520,431,951,203,3,230,321.63,0.9974,0.5461,0.184765,44,4,22,357.21,0.7782,0.0979,0.006803,4.133
178235,520,464,984,143,76,241,297.19,0.8999,0.5182,0.173596,19,4,8,1.30,0.5367,0.0512,0.002428,4.265
178289,520,455,975,224,47,56,24.39,0.9307,0.5268,0.181686,5,12,16,230.71,0.3377,0.0578,0.003326,4.345
178317,520,479,999,212,28,121,357.62,0.9128,0.5065,0.162104,0,0,7,264.05,1.0000,0.0135,0.000153,4.229
178333,520,398,918,198,102,152,349.11,0.5776,0.5786,0.237771,6,35,55,242.93,0.7485,0.1429,0.015165,4.416
178351,520,443,963,234,27,79,16.15,0.9665,0.5388,0.188439,29,11,21,346.74,0.4464,0.0833,0.005547,4.293
178358,520,457,977,210,43,151,346.73,0.8568,0.5251,0.176660,8,15,4,132.90,0.5844,0.0638,0.004020,4.196
178362,520,358,878,191,123,180,332.73,0.5021,0.6194,0.285386,8,51,21,149.23,0.9509,0.1812,0.024733,4.488
178380,520,442,962,220,64,65,24.82,0.8728,0.5368,0.192667,3,8,61,267.04,0.9618,0.0845,0.005299,4.388
178393,520,480,1000,220,44,22,30.85,0.9689,0.5127,0.170776,0,0,0,0.00,0.0000,0.0000,0.000000,4.416
178394,520,477,997,215,0,145,348.90,1.0000,0.5139,0.164938,3,1,8,299.53,0.6793,0.0239,0.000586,4.249
178411,520,473,993,199,66,123,357.70,0.7356,0.5152,0.174705,1,1,24,269.86,0.9694,0.0315,0.000941,4.411
178414,520,456,976,220,48,107,6.33,0.8669,0.5310,0.183937,12,9,28,288.28,0.5269,0.0634,0.003574,4.367
178420,520,332,852,250,57,206,339.33,0.9693,0.6365,0.277096,75,28,36,11.98,0.5802,0.1980,0.024540,4.388
178443,520,283,803,253,128,34,50.93,0.9815,0.6862,0.364396,72,56,26,81.59,0.5438,0.2535,0.042808,4.465
178459,520,400,920,182,90,231,311.96,0.8321,0.5805,0.230278,2,38,38,194.86,0.9180,0.1407,0.015390,4.286
178484,520,372,892,255,12,177,347.81,1.0000,0.6101,0.247008,9,47,38,173.80,0.8045,0.1729,0.022310,4.107
178489,520,400,920,245,16,160,350.88,0.9843,0.5838,0.223244,3,37,48,223.97,0.8574,0.1432,0.015558,4.168
178494,520,430,950,195,101,69,39.30,0.6653,0.5482,0.213408,0,28,27,191.52,1.0000,0.1032,0.009096,4.457
178498,520,466,986,217,31,130,355.50,0.9108,0.5216,0.173459,14,3,20,313.95,0.6686,0.0478,0.002090,4.290
178507,520,441,961,240,15,18,28.54,0.9930,0.5397,0.189140,26,17,10,58.99,0.3255,0.0879,0.006424,4.238
178515,520,436,956,232,61,2,35.09,0.9975,0.5519,0.205007,19,19,25,285.19,0.1527,0.0900,0.006744,4.494
178544,520,280,800,173,152,243,293.53,0.7690,0.6905,0.378117,4,72,5,142.79,0.9944,0.2517,0.046713,4.427
178546,520,372,892,226,29,248,323.16,0.9853,0.6056,0.238270,14,11,118,268.73,0.9854,0.1690,0.016406,4.341
178560,520,243,763,227,146,229,326.03,0.7840,0.7320,0.425473,16,78,52,160.60,0.9080,0.2835,0.058066,4.400
178565,520,413,933,250,21,56,23.11,0.9882,0.5662,0.211495,0,34,0,142.50,1.0000,0.1158,0.011440,4.256
178580,520,430,950,227,49,110,6.47,0.8814,0.5465,0.196561,7,14,62,269.01,0.9061,0.0982,0.007070,4.320
178581,520,418,938,186,82,213,318.82,0.7896,0.5625,0.212789,48,14,22,8.28,0.5993,0.1199,0.010005,4.379
178583,520,418,938,242,46,9,31.82,0.9924,0.5592,0.208543,42,0,66,308.28,1.0000,0.1198,0.008856,4.393
178597,520,333,853,249,22,243,329.66,0.9933,0.6391,0.271876,4,25,130,264.92,0.9750,0.1995,0.023326,4.390
178609,520,424,944,204,55,211,326.07,0.8884,0.5590,0.202746,54,4,7,23.18,0.9125,0.1142,0.008866,4.294
178610,520,399,919,248,12,141,357.36,0.9890,0.5809,0.221459,30,1,95,282.84,0.9931,0.1391,0.011239,4.433
178611,520,401,921,176,99,223,310.81,0.7652,0.5809,0.234822,32,30,35,303.76,0.1009,0.1361,0.013570,4.480
178622,520,399,919,211,60,215,326.89,0.8933,0.5777,0.219888,20,34,45,242.97,0.3557,0.1413,0.014822,4.164
178629,520,473,993,204,32,174,337.04,0.9051,0.5190,0.169284,3,1,18,284.50,0.8686,0.0296,0.000847,4.313
178655,520,344,864,233,73,225,330.06,0.9197,0.6324,0.275274,28,52,8,133.95,0.9230,0.1926,0.027203,4.213
178656,520,375,895,197,90,236,315.89,0.8727,0.6047,0.252400,22,42,10,135.54,0.8487,0.1559,0.018484,4.416
178661,520,239,759,252,122,247,328.88,0.9875,0.7350,0.413324,51,66,93,261.82,0.3413,0.2838,0.053904,4.459
178666,520,440,960,197,73,179,333.90,0.7565,0.5469,0.198917,9,25,13,150.54,0.6009,0.0946,0.007824,4.305
178670,520,403,923,251,26,87,15.43,0.9792,0.5754,0.219398,7,37,21,156.54,0.8526,0.1335,0.014224,4.195
178684,520,385,905,255,44,66,22.86,1.0000,0.5892,0.234585,47,31,19,57.54,0.3956,0.1525,0.016314,4.291
178687,520,382,902,239,62,155,353.30,0.8784,0.5967,0.241655,67,10,33,1.32,0.7703,0.1559,0.015204,4.473
178691,520,246,766,244,122,250,325.62,0.9748,0.7253,0.400565,58,64,81,269.70,0.2027,0.2779,0.051604,4.435
178720,520,346,866,245,3,245,328.36,0.9992,0.6296,0.260730,88,0,8,24.94,1.0000,0.1878,0.020926,4.381
178730,520,341,861,246,98,13,42.71,0.9867,0.6250,0.283605,56,34,75,307.21,0.5344,0.1987,0.024929,4.452
178741,520,433,953,214,38,189,335.16,0.9173,0.5497,0.193587,31,20,19,24.68,0.2271,0.1038,0.008387,4.172
178749,520,323,843,251,51,237,331.45,0.9844,0.6519,0.289943,27,59,2,135.20,0.9886,0.2148,0.033652,4.064
178754,520,305,825,252,87,213,338.53,0.9786,0.6717,0.323189,84,41,3,55.40,0.9063,0.2337,0.034775,4.402
178757,520,398,918,234,59,133,0.10,0.8659,0.5762,0.223167,61,9,5,29.75,0.9001,0.1351,0.011986,4.407
178764,520,458,978,185,35,231,315.96,0.9512,0.5283,0.172871,12,13,12,145.45,0.0436,0.0643,0.003926,4.133
178775,520,469,989,190,80,122,358.80,0.6387,0.5183,0.180912,13,1,18,317.54,0.8021,0.0407,0.001510,4.483
178781,520,464,984,146,90,207,303.46,0.7088,0.5166,0.179286,3,7,23,265.98,0.6449,0.0484,0.002332,4.381
178790,520,458,978,212,30,168,341.04,0.9191,0.5295,0.177550,5,15,0,132.62,1.0000,0.0603,0.003739,4.234
178794,520,463,983,210,59,122,359.63,0.7940,0.5271,0.182369,15,4,19,317.47,0.5925,0.0507,0.002354,4.438
178800,520,430,950,192,5,253,313.58,0.9972,0.5474,0.184082,10,11,69,271.67,0.9338,0.1027,0.007335,4.083
178842,520,58,578,246,233,230,33.07,0.3987,0.9341,0.835843,2,125,11,143.01,0.9991,0.4343,0.147037,4.496
178855,520,450,970,239,3,86,13.47,0.9971,0.5437,0.190910,30,3,9,8.08,0.7466,0.0662,0.003609,4.494
178886,520,307,827,247,118,115,23.24,0.8811,0.6706,0.339718,5,65,24,148.39,0.9844,0.2296,0.038786,4.389
178888,520,385,905,250,50,95,14.93,0.9638,0.5887,0.234350,19,17,100,272.22,0.9473,0.1547,0.014594,4.402
178889,520,466,986,225,41,46,26.09,0.9510,0.5229,0.177935,1,4,31,266.02,0.9332,0.0451,0.001922,4.390
178896,520,225,745,234,149,240,324.58,0.8831,0.7516,0.452802,54,76,56,147.03,0.3466,0.2989,0.062386,4.474
178916,520,392,912,197,74,249,313.80,0.9592,0.5942,0.236087,17,37,45,225.94,0.4412,0.1481,0.016317,4.314
178924,520,448,968,216,74,29,36.71,0.9314,0.5372,0.195877,7,17,30,254.87,0.4859,0.0782,0.005398,4.438
178925,520,439,959,221,2,197,334.54,0.9975,0.5547,0.194492,43,3,20,358.81,0.8031,0.0936,0.006293,4.343
178954,520,260,780,240,124,228,331.25,0.9089,0.7112,0.385442,66,65,38,106.48,0.3937,0.2732,0.050788,4.320
178969,520,318,838,213,119,219,324.98,0.7543,0.6610,0.324557,16,61,29,149.59,0.9118,0.2200,0.035362,4.388
178970,520,228,748,237,137,249,323.15,0.9583,0.7391,0.427372,65,71,9,115.30,0.8897,0.2855,0.056500,4.482
178972,520,479,999,189,16,210,322.60,0.9733,0.5097,0.158440,0,0,7,264.05,1.0000,0.0135,0.000153,4.156
178975,520,411,931,242,36,102,10.32,0.9506,0.5653,0.211016,51,9,15,16.54,0.7471,0.1164,0.009338,4.399
178979,520,409,929,243,38,88,15.18,0.9538,0.5651,0.211489,20,33,12,134.66,0.6229,0.1262,0.012630,4.175
178986,520,355,875,251,30,197,341.59,0.9789,0.6180,0.254723,25,45,48,207.81,0.3452,0.1789,0.022968,4.176
178990,520,477,997,165,86,159,330.08,0.5825,0.5051,0.171590,4,1,5,320.09,0.5789,0.0237,0.000585,4.381
178992,520,443,963,144,91,236,296.41,0.8398,0.5380,0.194677,11,11,47,276.65,0.7742,0.0807,0.005157,4.436
179002,520,475,995,187,38,212,321.16,0.9199,0.5184,0.167059,2,3,7,268.12,0.3702,0.0288,0.000934,4.262
179010,520,450,970,228,16,137,354.81,0.9706,0.5402,0.186735,22,8,21,329.62,0.4695,0.0684,0.003984,4.385
179033,520,405,925,246,51,87,17.19,0.9433,0.5798,0.226520,17,28,52,264.28,0.5164,0.1271,0.011976,4.462
179042,520,445,965,205,85,63,32.33,0.7705,0.5368,0.198371,23,16,10,62.06,0.2744,0.0820,0.005747,4.455
179046,520,468,988,225,43,34,28.81,0.9546,0.5232,0.178536,2,4,19,269.16,0.7194,0.0376,0.001467,4.440
179053,520,305,825,255,63,245,330.43,1.0000,0.6720,0.314106,75,39,69,333.45,0.4733,0.2329,0.033767,4.347
179054,520,395,915,249,2,163,350.59,0.9983,0.5901,0.228309,53,22,27,11.25,0.4896,0.1445,0.014099,4.342
179064,520,457,977,110,97,249,281.23,0.9446,0.5254,0.187034,3,4,42,270.11,0.9474,0.0569,0.002733,4.495
179065,520,349,869,241,90,138,4.00,0.8387,0.6253,0.278510,12,50,43,178.46,0.7452,0.1858,0.025337,4.361
179076,520,457,977,195,67,172,335.70,0.7635,0.5323,0.185966,25,7,3,39.03,0.6408,0.0644,0.003652,4.398
179083,520,472,992,227,20,89,11.58,0.9692,0.5236,0.175554,2,3,14,272.66,0.6396,0.0320,0.001097,4.414
179100,520,480,1000,210,54,83,15.37,0.8435,0.5102,0.169668,0,0,0,0.00,0.0000,0.0000,0.000000,4.393
179107,520,420,940,200,43,228,320.78,0.9395,0.5552,0.196101,29,11,64,292.26,0.8055,0.1140,0.008707,4.192
179114,520,411,931,198,68,229,319.16,0.8861,0.5745,0.217986,13,16,77,271.48,0.9159,0.1217,0.009919,4.472
179138,520,404,924,254,33,70,20.82,0.9946,0.5815,0.226045,27,23,61,284.32,0.6117,0.1304,0.011827,4.465
179149,520,409,929,198,44,247,315.80,0.9628,0.5674,0.205239,7,10,90,267.88,0.9778,0.1260,0.010004,4.254
179172,520,301,821,247,89,225,333.76,0.9568,0.6722,0.323579,52,51,69,287.07,0.2276,0.2305,0.035274,4.381
179176,520,430,950,217,15,200,332.75,0.9805,0.5521,0.192657,28,21,7,83.83,0.5068,0.0994,0.007986,4.185
179182,520,417,937,251,19,37,26.56,0.9915,0.5656,0.211123,29,20,55,292.13,0.5954,0.1214,0.010374,4.325
179195,520,465,985,139,71,252,294.46,0.9762,0.5166,0.170238,11,9,8,50.48,0.0786,0.0535,0.002841,4.168
179201,520,338,858,227,75,246,323.05,0.9596,0.6382,0.280189,67,36,44,3.72,0.3861,0.2025,0.026370,4.324
179202,520,392,912,205,63,248,316.89,0.9622,0.5941,0.233130,70,2,9,22.82,0.9725,0.1478,0.013655,4.448
179223,520,416,936,198,67,225,320.22,0.8795,0.5706,0.214578,36,21,41,317.39,0.4236,0.1225,0.010715,4.358
179232,520,134,654,226,210,135,97.61,0.6302,0.8372,0.640120,41,104,9,138.29,0.9878,0.3733,0.103914,4.484
179236,520,430,950,224,21,163,345.42,0.9593,0.5459,0.190306,13,5,72,274.73,0.9665,0.0996,0.006619,4.244
179254,520,426,946,248,15,7,29.33,0.9953,0.5564,0.203171,40,20,6,54.62,0.6357,0.1137,0.009646,4.245
179256,520,443,963,211,18,193,333.16,0.9689,0.5375,0.181339,34,4,9,12.81,0.7471,0.0750,0.004467,4.247
179284,520,468,988,183,51,212,319.56,0.8790,0.5220,0.171896,15,0,20,319.28,1.0000,0.0417,0.001521,4.307
179295,520,477,997,226,17,2,29.83,0.9979,0.5095,0.165770,4,1,5,320.09,0.5789,0.0237,0.000585,4.266
179301,520,438,958,224,53,116,4.10,0.8571,0.5459,0.196571,12,15,52,274.02,0.7561,0.0934,0.006677,4.350
179335,520,391,911,255,13,126,3.37,1.0000,0.5900,0.230579,52,1,77,310.06,0.9741,0.1481,0.012877,4.462
179341,520,369,889,210,74,243,319.05,0.9361,0.6091,0.250719,36,33,76,283.30,0.5760,0.1738,0.019845,4.305
179348,520,433,953,204,36,222,323.50,0.9494,0.5530,0.193748,29,20,25,344.30,0.2042,0.1034,0.008317,4.180
179360,520,447,967,230,27,103,7.58,0.9524,0.5365,0.185891,12,17,31,268.34,0.3914,0.0822,0.005780,4.229
179366,520,340,860,217,101,227,324.40,0.8477,0.6430,0.296068,48,44,58,297.95,0.2006,0.2019,0.027352,4.474
179401,520,462,982,229,16,114,3.01,0.9729,0.5337,0.182464,12,3,23,304.02,0.7089,0.0475,0.002052,4.466
179411,520,390,910,219,13,251,320.92,0.9946,0.5913,0.223150,22,38,29,158.96,0.3682,0.1476,0.016455,4.110
179415,520,406,926,252,35,68,21.36,0.9844,0.5781,0.223186,11,33,43,230.15,0.5548,0.1319,0.013332,4.314
179421,520,395,915,221,36,240,323.65,0.9735,0.5946,0.229273,28,29,55,280.43,0.4405,0.1407,0.014014,4.363
179424,520,354,874,255,30,184,346.08,1.0000,0.6188,0.256527,7,40,80,255.78,0.8357,0.1765,0.021418,4.292
179437,520,474,994,230,10,32,26.42,0.9938,0.5177,0.171474,9,2,3,8.12,0.4889,0.0322,0.001081,4.336
179439,520,443,963,220,71,63,27.23,0.8599,0.5447,0.200836,26,14,17,3.04,0.2833,0.0834,0.005742,4.500
179465,520,457,977,210,34,177,337.72,0.9106,0.5330,0.180221,4,12,16,226.66,0.4102,0.0570,0.003262,4.322
179501,520,361,881,233,36,248,324.78,0.9821,0.6204,0.253651,21,50,14,139.88,0.8976,0.1823,0.024723,4.064
179513,520,464,984,230,25,22,28.67,0.9831,0.5220,0.175792,19,4,1,42.20,0.7622,0.0489,0.002275,4.319
179528,520,426,946,218,5,218,328.35,0.9956,0.5638,0.200781,13,26,28,208.07,0.3251,0.1051,0.009082,4.245
179538,520,451,971,208,9,214,326.80,0.9897,0.5440,0.184622,24,4,34,312.85,0.7585,0.0711,0.003965,4.348
179543,520,472,992,146,67,252,297.23,0.9773,0.5200,0.171538,9,0,16,313.22,1.0000,0.0324,0.000955,4.348
179544,520,381,901,242,66,137,0.89,0.8849,0.5992,0.245829,10,35,74,259.22,0.7845,0.1591,0.017609,4.376
179548,520,439,959,230,62,30,32.68,0.9550,0.5501,0.203649,30,10,42,310.59,0.6668,0.0950,0.006603,4.481
179554,520,465,985,139,96,207,299.08,0.6851,0.5190,0.183599,6,12,1,128.56,0.8609,0.0538,0.003038,4.404
179556,520,446,966,175,81,198,319.33,0.7342,0.5351,0.190770,9,19,13,157.40,0.3679,0.0775,0.005529,4.336
179557,520,329,849,250,87,168,353.31,0.9346,0.6479,0.299707,76,38,16,48.65,0.6747,0.2147,0.029604,4.393
179565,520,394,914,206,79,207,327.43,0.8164,0.5851,0.232205,24,29,58,274.15,0.5045,0.1393,0.013784,4.424
179567,520,469,989,224,28,75,16.44,0.9561,0.5176,0.171886,5,6,6,196.82,0.0563,0.0402,0.001757,4.287
179568,520,410,930,143,102,254,291.39,0.9835,0.5701,0.224980,38,29,3,90.28,0.8287,0.1320,0.012974,4.367
179575,520,405,925,246,48,76,20.13,0.9503,0.5754,0.222320,39,24,42,320.74,0.3787,0.1335,0.012518,4.356
179576,520,418,938,229,53,123,2.30,0.8696,0.5579,0.206371,26,30,8,118.11,0.6178,0.1217,0.011657,4.158
179600,520,393,913,207,79,219,324.21,0.8495,0.5941,0.239735,28,36,2,121.70,0.9231,0.1406,0.015130,4.449
179618,520,480,1000,212,16,131,353.41,0.9539,0.5055,0.160087,0,0,0,0.00,0.0000,0.0000,0.000000,4.202
179626,520,468,988,223,48,2,33.19,0.9973,0.5214,0.178090,2,1,34,271.08,0.9810,0.0414,0.001501,4.429
179665,520,464,984,192,33,201,325.67,0.9222,0.5157,0.165128,7,5,24,285.30,0.6349,0.0481,0.002197,4.121
179685,520,419,939,215,76,130,359.84,0.7460,0.5590,0.212299,25,11,69,285.51,0.8495,0.1148,0.008757,4.464
179687,520,407,927,223,58,167,345.06,0.8516,0.5692,0.215066,42,17,45,323.21,0.5702,0.1258,0.010827,4.358
179690,520,380,900,222,63,214,330.18,0.9026,0.5980,0.239418,22,38,56,252.24,0.4297,0.1605,0.018423,4.230
179693,520,414,934,251,6,82,16.06,0.9962,0.5688,0.212524,7,30,47,243.73,0.6685,0.1236,0.011789,4.249
179699,520,427,947,199,18,255,314.91,1.0000,0.5632,0.197962,7,23,32,234.97,0.5284,0.0950,0.007622,4.303
179703,520,442,962,228,54,2,33.99,0.9974,0.5370,0.191396,21,15,6,78.52,0.4085,0.0764,0.005142,4.378
179715,520,377,897,234,32,217,332.45,0.9731,0.5995,0.235378,32,19,97,280.88,0.8783,0.1643,0.016358,4.301
179733,520,467,987,195,81,81,22.75,0.6905,0.5163,0.180829,11,4,6,357.44,0.3394,0.0410,0.001711,4.464
179745,520,448,968,240,11,3,29.43,0.9976,0.5381,0.187746,33,6,29,333.89,0.6764,0.0848,0.005423,4.290
179749,520,388,908,213,60,226,324.54,0.9151,0.5883,0.228707,59,10,46,340.60,0.7417,0.1461,0.013443,4.393
179751,520,476,996,200,8,186,332.25,0.9814,0.5101,0.160001,6,0,5,332.72,1.0000,0.0228,0.000497,4.159
179755,520,444,964,163,81,226,307.09,0.8204,0.5383,0.191630,26,0,52,300.69,1.0000,0.0822,0.004676,4.419
179762,520,435,955,135,94,252,290.09,0.9629,0.5465,0.201844,44,3,14,9.04,0.8307,0.0936,0.006324,4.471
179782,520,439,959,245,8,51,23.38,0.9957,0.5515,0.198287,19,20,4,112.03,0.6333,0.0861,0.006475,4.396
179786,520,474,994,185,25,228,316.89,0.9674,0.5207,0.166123,9,1,5,344.86,0.6645,0.0301,0.000908,4.245
179803,520,420,940,213,52,190,334.72,0.8757,0.5586,0.203219,28,19,50,294.33,0.5627,0.1144,0.009429,4.261
179804,520,394,914,203,63,247,316.55,0.9568,0.5903,0.229684,25,35,27,150.64,0.2538,0.1402,0.014878,4.311
179812,520,432,952,242,17,57,22.24,0.9888,0.5481,0.195770,17,11,60,280.10,0.8402,0.0979,0.006847,4.323
179821,520,447,967,231,27,111,4.92,0.9513,0.5410,0.189234,0,20,25,214.37,1.0000,0.0786,0.005705,4.295
179826,520,434,954,216,68,126,0.49,0.7792,0.5496,0.202419,10,14,62,271.55,0.8820,0.1000,0.007264,4.408
179830,520,409,929,234,46,137,357.46,0.9026,0.5671,0.212555,4,23,79,264.11,0.9263,0.1327,0.012030,4.233
179836,520,446,966,165,67,247,304.54,0.9445,0.5399,0.187296,29,1,40,315.00,0.9135,0.0774,0.004362,4.365
179853,520,395,915,212,67,221,325.43,0.8902,0.5900,0.232337,37,28,39,320.13,0.2375,0.1387,0.013703,4.432
179854,520,475,995,214,40,127,356.53,0.8715,0.5201,0.173484,6,1,13,306.73,0.7634,0.0302,0.000895,4.391
179855,520,459,979,188,80,153,341.96,0.6608,0.5282,0.187301,5,11,31,266.78,0.6410,0.0637,0.003705,4.419
179860,520,418,938,238,21,123,1.70,0.9704,0.5567,0.201467,1,7,90,264.78,0.9891,0.1191,0.008965,4.265
179900,520,443,963,150,97,219,301.22,0.7387,0.5423,0.201482,12,17,34,270.16,0.4498,0.0840,0.005945,4.495
179920,520,476,996,214,15,141,350.29,0.9597,0.5137,0.165633,2,1,11,285.24,0.7741,0.0240,0.000588,4.263
179928,520,410,930,246,26,112,6.94,0.9709,0.5714,0.215049,14,3,96,271.30,0.9922,0.1296,0.010029,4.415
179938,520,444,964,226,45,120,2.08,0.8868,0.5446,0.194043,40,1,2,25.77,0.9688,0.0792,0.004773,4.456
179945,520,448,968,239,11,21,28.07,0.9948,0.5366,0.186476,26,9,20,342.08,0.4658,0.0751,0.004655,4.327
179947,520,462,982,197,56,187,331.07,0.8292,0.5327,0.182882,0,3,39,263.95,1.0034,0.0490,0.002116,4.469
179948,520,406,926,216,48,216,328.13,0.9286,0.5769,0.216728,25,13,77,282.08,0.8716,0.1263,0.010303,4.423
179953,520,461,981,221,3,143,351.00,0.9931,0.5257,0.174231,13,3,26,302.33,0.7432,0.0504,0.002253,4.291
179966,520,316,836,224,102,229,326.01,0.8693,0.6558,0.310091,26,55,73,237.91,0.5131,0.2230,0.034329,4.270
179971,520,433,953,230,56,86,16.73,0.8902,0.5522,0.203261,34,13,29,336.80,0.4966,0.0977,0.007167,4.430
179982,520,309,829,253,40,255,327.80,1.0000,0.6608,0.296232,0,62,49,173.24,1.0000,0.2246,0.036668,3.995
179996,520,322,842,244,107,127,13.58,0.8410,0.6513,0.312837,41,52,51,189.64,0.1447,0.2139,0.031664,4.443
180002,520,342,862,226,103,176,346.00,0.7387,0.6335,0.290060,0,54,17,148.43,1.0000,0.1883,0.026787,4.429
180006,520,434,954,244,19,16,28.93,0.9914,0.5494,0.197398,36,17,9,43.31,0.5056,0.1017,0.007957,4.269
180011,520,373,893,230,10,237,326.71,0.9954,0.5991,0.231569,27,35,61,269.75,0.4425,0.1593,0.017720,4.158
180039,520,456,976,236,0,14,28.29,1.0000,0.5274,0.178678,11,5,34,287.70,0.7563,0.0587,0.002952,4.319
180045,520,437,957,192,9,255,313.13,1.0000,0.5500,0.186231,31,14,7,43.67,0.5043,0.0876,0.006208,4.203
180053,520,323,843,244,96,171,351.89,0.8672,0.6504,0.305420,10,50,90,252.43,0.8090,0.2134,0.030838,4.397
180060,520,420,940,203,18,238,319.67,0.9862,0.5558,0.193038,44,14,18,14.08,0.5670,0.1115,0.008933,4.124
180062,520,454,974,199,1,215,324.21,0.9987,0.5272,0.170718,32,5,2,33.35,0.8364,0.0715,0.004201,4.072
180065,520,341,861,238,73,205,337.07,0.9009,0.6293,0.273527,27,18,129,272.71,0.9669,0.1992,0.022505,4.462
180068,520,424,944,227,66,96,14.49,0.8428,0.5588,0.210746,25,25,22,106.88,0.0727,0.1102,0.009599,4.375
180075,520,177,697,253,167,220,342.47,0.9672,0.8000,0.536895,9,94,48,152.58,0.9809,0.3349,0.082765,4.421
180077,520,461,981,205,70,111,5.51,0.7392,0.5269,0.185092,3,10,2,139.79,0.7886,0.0467,0.002408,4.486
180080,520,352,872,239,50,224,331.86,0.9586,0.6227,0.260164,29,14,128,274.07,0.9728,0.1950,0.021337,4.348
180090,520,314,834,251,113,2,47.75,0.9982,0.6566,0.323271,5,58,74,224.23,0.8912,0.2249,0.035526,4.364
180101,520,410,930,240,3,155,351.21,0.9965,0.5690,0.209601,51,0,65,317.24,1.0000,0.1339,0.010855,4.266
180110,520,464,984,212,21,154,345.48,0.9415,0.5181,0.168688,6,2,39,278.33,0.9428,0.0523,0.002286,4.183
180141,520,319,839,226,88,248,321.90,0.9629,0.6523,0.299274,26,52,87,256.41,0.5937,0.2236,0.033636,4.176
180144,520,379,899,250,40,157,353.55,0.9595,0.6020,0.242793,27,40,32,157.34,0.2784,0.1586,0.018548,4.271
180165,520,397,917,253,46,30,29.73,0.9921,0.5827,0.229341,46,24,31,359.72,0.3661,0.1385,0.013331,4.411
180175,520,402,922,223,39,204,333.20,0.9426,0.5755,0.215010,24,23,65,279.64,0.6677,0.1311,0.011886,4.282
180181,520,477,997,191,43,186,329.62,0.8636,0.5105,0.163509,0,3,4,211.91,1.0000,0.0247,0.000739,4.208
180184,520,400,920,252,38,74,20.06,0.9831,0.5807,0.225798,56,10,41,343.71,0.7249,0.1376,0.012181,4.435
180185,520,342,862,215,111,174,344.56,0.6485,0.6286,0.288738,36,49,27,133.30,0.4515,0.1925,0.026508,4.427
180186,520,441,961,118,106,239,283.05,0.8445,0.5411,0.203912,5,21,29,231.29,0.5813,0.0867,0.006573,4.488
180191,520,340,860,237,112,83,34.37,0.8339,0.6381,0.302201,19,52,51,192.62,0.5753,0.1987,0.028333,4.496
180195,520,433,953,242,39,0,31.55,1.0000,0.5541,0.203317,8,19,53,266.49,0.7707,0.1003,0.007744,4.387
180210,520,466,986,182,44,224,316.45,0.9201,0.5239,0.171294,1,11,5,160.01,0.8746,0.0482,0.002567,4.210
180224,520,391,911,173,98,249,303.78,0.9256,0.5939,0.244597,31,34,50,275.84,0.2784,0.1533,0.016656,4.420
180229,520,459,979,191,82,138,350.74,0.6413,0.5294,0.189475,11,9,31,284.11,0.5870,0.0645,0.003654,4.463
180235,520,428,948,234,61,14,34.15,0.9840,0.5562,0.208647,17,21,43,274.08,0.4778,0.1032,0.008299,4.437
180246,520,451,971,240,8,47,23.97,0.9953,0.5403,0.189075,12,3,45,284.25,0.9076,0.0652,0.003327,4.483
180251,520,367,887,243,6,224,332.77,0.9974,0.6127,0.245697,75,6,47,350.54,0.8262,0.1750,0.018316,4.328
180287,520,458,978,172,62,228,311.41,0.8770,0.5284,0.178182,17,9,22,311.64,0.4107,0.0649,0.003725,4.247
180300,520,460,980,226,23,104,6.34,0.9564,0.5268,0.177839,8,14,10,156.02,0.2510,0.0629,0.003876,4.229
180301,520,468,988,196,1,206,325.69,0.9983,0.5152,0.162154,8,1,30,289.87,0.9213,0.0439,0.001671,4.106
180307,520,448,968,180,89,170,331.58,0.6278,0.5382,0.197515,22,14,10,47.76,0.2550,0.0763,0.005066,4.495
180314,520,432,952,207,12,226,323.57,0.9893,0.5517,0.190212,34,6,53,307.53,0.8111,0.1035,0.007274,4.194
180316,520,424,944,220,69,135,357.64,0.7890,0.5613,0.212236,0,29,35,213.44,1.0000,0.1100,0.010000,4.371
180348,520,435,955,240,39,38,27.73,0.9694,0.5519,0.201196,34,9,33,329.08,0.6247,0.0934,0.006453,4.450
180352,520,449,969,223,11,162,345.36,0.9797,0.5405,0.185385,4,13,29,258.42,0.6167,0.0660,0.004024,4.357
180357,520,443,963,236,32,49,24.79,0.9720,0.5406,0.190908,3,17,40,257.64,0.7786,0.0821,0.005734,4.322
180360,520,347,867,242,30,238,329.20,0.9863,0.6263,0.259816,29,8,129,274.26,0.9852,0.1912,0.020197,4.414
180370,520,470,990,221,49,59,23.73,0.9185,0.5228,0.178872,13,0,19,316.93,1.0000,0.0387,0.001326,4.459
180380,520,443,963,185,58,227,316.08,0.8929,0.5430,0.188876,30,13,1,60.56,0.8390,0.0827,0.005661,4.292
180402,520,341,861,254,27,217,336.96,0.9950,0.6334,0.268677,54,38,75,302.57,0.4752,0.2047,0.026785,4.150
180407,520,339,859,248,99,93,25.42,0.9298,0.6383,0.296736,35,54,3,128.63,0.9617,0.2039,0.030022,4.333
180412,520,474,994,228,14,43,24.49,0.9896,0.5155,0.169855,4,2,12,293.93,0.6191,0.0304,0.000958,4.314
180417,520,222,742,229,155,221,330.50,0.7415,0.7477,0.453226,36,82,33,142.46,0.8782,0.3005,0.065193,4.369
180482,520,391,911,243,74,40,33.15,0.9469,0.5894,0.241087,9,42,31,167.40,0.7788,0.1539,0.018129,4.273
180494,520,390,910,169,101,245,302.73,0.8820,0.5908,0.243354,5,31,81,261.43,0.9132,0.1534,0.016062,4.441
180515,520,325,845,251,62,212,337.98,0.9763,0.6453,0.287111,37,32,119,277.02,0.8568,0.2149,0.027581,4.345
180527,520,444,964,188,85,153,342.46,0.6350,0.5358,0.194897,12,15,40,275.05,0.5918,0.0836,0.005730,4.394
180548,520,464,984,214,67,10,37.20,0.9800,0.5235,0.183348,17,3,17,327.58,0.6416,0.0498,0.002248,4.466
180555,520,407,927,254,30,8,30.11,0.9965,0.5747,0.220207,46,11,59,315.24,0.7568,0.1332,0.011360,4.404
180567,520,409,929,214,78,166,344.30,0.7600,0.5747,0.225002,12,17,87,269.73,0.9418,0.1346,0.011671,4.459
180569,520,470,990,226,16,91,10.56,0.9754,0.5207,0.172975,15,2,11,338.20,0.6530,0.0423,0.001692,4.314
180577,520,421,941,189,48,250,312.45,0.9734,0.5589,0.198360,50,8,8,24.97,0.8168,0.1116,0.008694,4.231
180607,520,443,963,235,15,105,7.09,0.9803,0.5430,0.190269,31,13,4,49.52,0.6288,0.0850,0.005880,4.300
180643,520,278,798,253,102,204,342.37,0.9798,0.6872,0.347480,19,63,82,230.40,0.6955,0.2493,0.043025,4.273
180660,520,423,943,246,16,61,21.49,0.9903,0.5568,0.203039,27,7,72,287.51,0.9008,0.1149,0.008528,4.323
180688,520,464,984,194,67,142,347.66,0.7260,0.5155,0.174384,9,10,6,117.92,0.1987,0.0533,0.002883,4.243
180690,520,472,992,175,82,165,331.63,0.6417,0.5169,0.178663,3,0,27,278.83,1.0000,0.0335,0.000985,4.485
180699,520,456,976,227,48,61,23.29,0.9285,0.5345,0.187846,13,8,15,316.37,0.2753,0.0556,0.002937,4.493
180702,520,334,854,248,30,247,328.51,0.9900,0.6426,0.276033,69,32,39,9.16,0.4673,0.1957,0.024449,4.379
180712,520,371,891,204,88,227,320.69,0.8478,0.6061,0.253643,39,17,102,285.21,0.8854,0.1744,0.017915,4.471
180715,520,384,904,220,34,240,323.42,0.9753,0.5919,0.226530,40,29,41,323.62,0.2581,0.1458,0.014900,4.261
180731,520,443,963,237,15,54,22.55,0.9895,0.5364,0.186158,23,16,4,82.23,0.5727,0.0805,0.005615,4.246
180732,520,397,917,242,1,177,344.99,0.9991,0.5830,0.220764,5,0,111,266.08,1.0000,0.1438,0.011798,4.381
180787,520,420,940,246,30,39,26.83,0.9817,0.5595,0.206714,34,21,26,354.39,0.2579,0.1126,0.009510,4.314
180794,520,249,769,255,141,104,38.67,1.0000,0.7206,0.413122,2,78,29,148.57,0.9958,0.2750,0.055501,4.390
180798,520,386,906,238,66,132,2.05,0.8616,0.5900,0.237425,12,40,21,151.67,0.7878,0.1456,0.016498,4.322
180814,520,414,934,246,31,76,18.47,0.9720,0.5650,0.210981,0,9,89,264.17,0.9863,0.1197,0.009166,4.411
180818,520,440,960,186,46,241,313.62,0.9425,0.5454,0.187451,7,15,55,268.66,0.8570,0.0931,0.006626,4.193
180819,520,331,851,238,78,221,332.47,0.9172,0.6433,0.288489,41,47,59,264.14,0.1922,0.2033,0.028202,4.328
180823,520,423,943,201,74,180,334.84,0.7631,0.5552,0.206121,24,9,67,285.90,0.8660,0.1089,0.007948,4.420
180833,520,366,886,238,50,210,335.31,0.9464,0.6126,0.251142,78,8,20,18.31,0.8874,0.1739,0.018442,4.400
180835,520,407,927,249,10,112,6.80,0.9916,0.5728,0.215302,12,35,2,136.94,0.9744,0.1256,0.012846,4.221
180874,520,397,917,235,77,7,38.19,0.9909,0.5761,0.229883,23,38,11,133.12,0.7286,0.1439,0.015925,4.245
180885,520,369,889,225,88,183,341.54,0.7872,0.6139,0.264082,59,31,33,15.70,0.3906,0.1749,0.020197,4.474
180898,520,405,925,195,61,254,312.78,0.9935,0.5819,0.220966,52,0,57,324.18,1.0000,0.1290,0.010256,4.497
180911,520,412,932,228,45,168,345.39,0.9034,0.5685,0.212005,20,9,83,277.05,0.9448,0.1238,0.009686,4.390
180933,520,284,804,255,95,212,339.87,1.0000,0.6854,0.342009,8,47,135,262.96,0.9557,0.2485,0.038337,4.438
180937,520,415,935,240,17,158,350.48,0.9799,0.5734,0.213979,56,2,31,353.64,0.8717,0.1231,0.009832,4.412
180971,520,374,894,252,7,170,349.18,0.9951,0.6001,0.237532,43,29,60,303.48,0.4779,0.1608,0.017186,4.280
180999,520,376,896,215,93,166,346.02,0.7050,0.5968,0.250310,4,42,46,205.38,0.8540,0.1583,0.018789,4.366
181013,520,421,941,188,74,215,319.39,0.8231,0.5564,0.204964,9,29,17,155.37,0.6501,0.1078,0.009772,4.266
181019,520,375,895,233,14,226,330.00,0.9924,0.5976,0.231313,23,29,80,273.05,0.7392,0.1572,0.016400,4.237
181020,520,416,936,231,37,173,344.25,0.9339,0.5716,0.213319,25,7,81,282.18,0.9371,0.1234,0.009527,4.424
181025,520,411,931,250,17,72,19.06,0.9895,0.5673,0.211964,47,16,17,20.16,0.5714,0.1200,0.010155,4.355
181035,520,436,956,243,12,73,18.00,0.9913,0.5514,0.198021,11,21,18,173.80,0.2933,0.0858,0.006511,4.389
181039,520,271,791,242,134,159,6.05,0.7603,0.7024,0.384331,5,68,87,224.92,0.9172,0.2638,0.048544,4.407
181043,520,377,897,198,94,213,322.45,0.7697,0.5970,0.248166,36,31,64,288.50,0.4884,0.1600,0.017252,4.434
181047,520,418,938,231,41,142,354.74,0.9101,0.5598,0.205306,24,0,87,280.63,1.0000,0.1214,0.008823,4.340
181053,520,380,900,196,92,225,318.33,0.8187,0.5988,0.248275,5,43,31,167.48,0.8964,0.1556,0.018589,4.349
181057,520,407,927,227,81,50,33.67,0.8902,0.5690,0.224488,59,9,21,11.55,0.7734,0.1342,0.011795,4.442
181069,520,436,956,223,53,123,1.16,0.8517,0.5464,0.196669,27,7,49,301.06,0.7819,0.0920,0.006067,4.400
181074,520,460,980,186,67,189,326.80,0.7799,0.5276,0.181289,20,0,38,304.63,1.0000,0.0613,0.002887,4.373
181077,520,458,978,177,59,225,313.96,0.8806,0.5303,0.179123,22,0,36,309.82,1.0000,0.0623,0.002980,4.325
181087,520,455,975,198,77,121,0.60,0.6819,0.5273,0.186958,22,7,8,15.95,0.4435,0.0617,0.003401,4.437
181104,520,469,989,219,51,36,29.74,0.9377,0.5177,0.175577,5,1,28,283.66,0.9314,0.0393,0.001378,4.391
181111,520,359,879,253,13,209,338.71,0.9944,0.6232,0.257773,66,11,70,325.02,0.7922,0.1761,0.018399,4.500
181120,520,393,913,255,38,88,16.38,1.0000,0.5895,0.233546,2,29,73,259.18,0.9460,0.1394,0.013726,4.449
181122,520,406,926,196,82,212,322.57,0.8020,0.5767,0.225252,36,18,61,299.51,0.6728,0.1309,0.011446,4.480
181125,520,458,978,185,51,216,319.14,0.8887,0.5282,0.176411,4,9,36,268.44,0.7997,0.0626,0.003485,4.233
181128,520,362,882,216,90,203,331.80,0.7970,0.6126,0.262250,10,33,103,264.94,0.9165,0.1830,0.021314,4.379
181130,520,418,938,170,90,222,309.74,0.7824,0.5580,0.211330,54,3,27,357.51,0.8384,0.1185,0.009287,4.408
181135,520,420,940,162,84,245,302.31,0.9103,0.5562,0.206150,19,13,63,280.47,0.8225,0.1059,0.007852,4.428
181148,520,468,988,224,8,101,6.46,0.9858,0.5172,0.169633,2,4,21,269.43,0.7674,0.0389,0.001539,4.262
181151,520,445,965,173,56,251,307.05,0.9749,0.5430,0.186784,10,7,53,276.18,0.8982,0.0790,0.004735,4.326
181184,520,399,919,222,92,54,36.80,0.8484,0.5764,0.234527,50,24,19,31.88,0.4693,0.1411,0.013785,4.461
181191,520,476,996,153,59,244,301.76,0.9367,0.5124,0.164323,2,0,5,306.92,1.0000,0.0163,0.000239,4.266
181195,520,363,883,248,14,196,341.06,0.9915,0.6069,0.242593,11,44,41,186.80,0.6876,0.1651,0.020325,4.161
181199,520,451,971,205,47,191,332.17,0.8784,0.5412,0.187756,14,9,32,290.25,0.5882,0.0677,0.003930,4.409
181200,520,462,982,194,67,172,335.37,0.7616,0.5307,0.184638,5,7,18,272.30,0.4359,0.0475,0.002279,4.488
181229,520,372,892,237,6,243,326.99,0.9979,0.6148,0.246084,64,12,68,324.86,0.7779,0.1720,0.017704,4.373
181238,520,302,822,222,136,119,31.94,0.6077,0.6663,0.344718,9,65,6,142.20,0.9867,0.2284,0.038517,4.459
181247,520,442,962,216,50,146,350.46,0.8442,0.5396,0.189578,1,23,6,149.89,0.9780,0.0818,0.006324,4.254
181249,520,441,961,170,91,188,319.94,0.6515,0.5373,0.196599,27,17,3,76.86,0.6860,0.0876,0.006405,4.372
181260,520,399,919,203,70,224,321.90,0.8767,0.5809,0.224602,62,10,24,9.64,0.7666,0.1425,0.013073,4.354
181261,520,391,911,218,77,181,339.70,0.7970,0.5876,0.235515,60,22,11,36.89,0.7042,0.1532,0.015588,4.353
181262,520,316,836,252,90,174,351.85,0.9585,0.6573,0.310669,35,37,120,274.50,0.8400,0.2237,0.030364,4.488
181293,520,472,992,223,38,34,28.13,0.9606,0.5154,0.171925,4,3,0,99.32,1.0000,0.0281,0.000909,4.359
181305,520,310,830,255,98,129,11.52,1.0000,0.6574,0.315837,17,52,83,248.57,0.6918,0.2163,0.031995,4.462
181306,520,468,988,196,46,188,330.49,0.8631,0.5228,0.173223,11,2,14,319.58,0.6606,0.0390,0.001463,4.338
181312,520,232,752,236,162,120,50.24,0.6838,0.7383,0.450316,14,81,57,163.67,0.9218,0.2946,0.062734,4.438
181321,520,372,892,231,2,253,323.43,0.9994,0.6110,0.241265,38,38,37,106.52,0.0175,0.1651,0.019319,4.202
181336,520,438,958,201,4,239,319.03,0.9971,0.5501,0.187379,12,19,32,262.24,0.3830,0.0877,0.006482,4.203
181338,520,375,895,190,91,241,312.23,0.8892,0.5998,0.247812,55,24,45,340.88,0.5001,0.1592,0.016551,4.475
181350,520,386,906,215,29,251,319.76,0.9839,0.5897,0.222927,53,5,75,311.53,0.8887,0.1520,0.013735,4.282
181354,520,398,918,224,89,85,24.81,0.7883,0.5803,0.236505,25,35,4,125.23,0.8582,0.1351,0.014175,4.464
181361,520,476,996,88,99,243,274.22,0.9256,0.5068,0.174688,0,2,5,242.21,1.0000,0.0215,0.000544,4.445
181368,520,352,872,244,9,231,331.33,0.9966,0.6195,0.252009,15,43,79,256.02,0.7110,0.1870,0.023937,4.085
181376,520,441,961,228,48,53,25.48,0.9370,0.5353,0.188678,41,6,14,10.36,0.7265,0.0926,0.006334,4.237
181382,520,434,954,230,60,29,32.43,0.9578,0.5480,0.201464,12,15,54,273.79,0.7792,0.0953,0.006861,4.422
181392,520,432,952,204,87,110,10.49,0.6614,0.5488,0.207815,35,17,18,16.49,0.3683,0.1025,0.008019,4.444
181393,520,278,798,209,144,185,341.44,0.4905,0.6861,0.370059,36,64,62,189.90,0.3753,0.2510,0.043895,4.474
181402,520,306,826,254,72,223,335.82,0.9945,0.6651,0.310364,49,53,68,273.18,0.1997,0.2323,0.036165,4.182
181415,520,433,953,227,29,151,350.23,0.9386,0.5492,0.194467,9,22,41,257.81,0.5629,0.0989,0.007920,4.221
181449,520,410,930,132,114,236,286.90,0.7947,0.5676,0.229960,0,38,0,142.50,1.0000,0.1296,0.013862,4.384
181454,520,430,950,239,43,10,31.45,0.9912,0.5508,0.201037,13,16,52,274.39,0.7283,0.0961,0.007041,4.401
181485,520,453,973,216,50,130,356.63,0.8409,0.5329,0.184942,10,15,3,125.35,0.6330,0.0650,0.004127,4.341
181489,520,284,804,212,144,182,345.13,0.5004,0.6887,0.373223,18,71,6,140.62,0.9867,0.2521,0.046480,4.387
181492,520,464,984,208,22,176,337.39,0.9455,0.5229,0.171204,12,6,3,57.23,0.3715,0.0459,0.002150,4.242
181493,520,410,930,253,10,41,25.62,0.9960,0.5679,0.212636,5,3,100,266.57,0.9956,0.1307,0.010174,4.365
181496,520,402,922,225,50,190,337.84,0.9048,0.5782,0.220089,32,8,82,287.96,0.9106,0.1331,0.010899,4.435
181498,520,465,985,219,49,61,23.04,0.9126,0.5191,0.175962,7,9,3,121.19,0.4294,0.0483,0.002471,4.306
181511,520,443,963,219,12,181,338.60,0.9801,0.5434,0.186616,15,19,18,178.79,0.1029,0.0836,0.006110,4.217
181526,520,414,934,232,11,185,340.53,0.9878,0.5700,0.209007,12,29,34,218.95,0.4319,0.1159,0.010723,4.265
181532,520,270,790,225,124,252,318.84,0.9738,0.7037,0.374527,26,72,16,140.40,0.9552,0.2597,0.048916,4.292
181547,520,362,882,236,5,234,328.82,0.9979,0.6066,0.238846,55,13,91,303.09,0.8497,0.1784,0.018555,4.213
181548,520,479,999,174,86,140,344.33,0.5655,0.5094,0.175489,2,0,0,29.23,1.0000,0.0120,0.000129,4.498
181553,520,441,961,190,49,226,318.21,0.9162,0.5420,0.186361,45,0,10,12.45,1.0000,0.0898,0.005799,4.236
181563,520,423,943,219,69,131,359.12,0.7853,0.5580,0.209574,35,20,11,51.43,0.4314,0.1072,0.008818,4.413
181581,520,447,967,185,82,175,331.36,0.6855,0.5378,0.194453,5,8,60,269.19,0.9505,0.0847,0.005321,4.419
181585,520,352,872,246,20,225,333.21,0.9912,0.6216,0.255324,88,1,35,6.68,0.9753,0.1945,0.022181,4.230
181587,520,299,819,222,129,162,357.89,0.6028,0.6657,0.338406,6,64,19,146.27,0.9839,0.2255,0.037524,4.438
181671,520,299,819,233,95,249,323.41,0.9697,0.6718,0.323497,60,49,52,359.81,0.1283,0.2266,0.034053,4.444
181706,520,386,906,241,33,166,348.57,0.9548,0.5850,0.225447,41,25,55,307.29,0.4998,0.1463,0.014425,4.275
181707,520,437,957,226,52,128,359.71,0.8628,0.5530,0.201859,7,19,46,263.55,0.7039,0.0939,0.007081,4.412
181721,520,362,882,253,32,178,347.44,0.9851,0.6130,0.251335,24,12,118,273.05,0.9752,0.1758,0.017650,4.454
181724,520,404,924,219,7,233,324.99,0.9956,0.5766,0.210973,20,7,93,275.17,0.9714,0.1342,0.010909,4.285
181731,520,428,948,200,59,217,323.19,0.8844,0.5602,0.204186,9,28,12,147.43,0.7291,0.1034,0.009151,4.297
181735,520,443,963,235,42,20,30.57,0.9796,0.5422,0.193718,2,21,18,182.34,0.8163,0.0799,0.005929,4.358
181740,520,401,921,253,23,72,19.59,0.9895,0.5755,0.219671,12,35,49,238.04,0.5759,0.1417,0.015019,4.148
181750,520,378,898,212,68,238,321.05,0.9225,0.6024,0.243061,20,42,25,149.95,0.5756,0.1577,0.018748,4.263
181756,520,443,963,199,69,163,340.47,0.7513,0.5367,0.190445,6,7,61,270.34,0.9542,0.0849,0.005276,4.350
181761,520,372,892,216,78,226,325.00,0.8842,0.6113,0.255406,5,35,84,259.86,0.9086,0.1662,0.018743,4.443
181774,520,443,963,188,54,216,319.96,0.8828,0.5356,0.182889,5,20,12,159.81,0.6252,0.0772,0.005591,4.189
181775,520,346,866,236,87,185,343.72,0.8464,0.6316,0.281546,37,34,96,279.85,0.7144,0.1948,0.023818,4.491
181809,520,426,946,196,80,184,331.84,0.7372,0.5572,0.209353,0,20,70,261.68,1.0000,0.1146,0.009424,4.364
181834,520,409,929,186,66,253,310.05,0.9856,0.5729,0.214284,41,25,13,57.07,0.4578,0.1279,0.011958,4.266
181837,520,410,930,237,16,174,344.92,0.9819,0.5749,0.214341,61,3,30,358.64,0.8607,0.1345,0.011511,4.297
181838,520,465,985,222,11,132,355.15,0.9764,0.5248,0.174375,10,9,12,301.06,0.1140,0.0539,0.002864,4.244
181840,520,370,890,241,33,216,334.34,0.9759,0.6118,0.247492,38,12,106,284.14,0.9316,0.1725,0.017156,4.430
181848,520,426,946,219,24,204,332.18,0.9685,0.5612,0.200752,13,21,59,270.08,0.7381,0.1130,0.009376,4.223
181856,520,433,953,154,82,252,298.42,0.9689,0.5493,0.199331,36,6,41,321.71,0.7470,0.0971,0.006655,4.401
181864,520,358,878,242,72,174,348.04,0.8911,0.6199,0.265709,2,51,20,150.39,0.9886,0.1790,0.024310,4.249
181869,520,458,978,203,51,170,338.41,0.8310,0.5286,0.179684,21,0,33,311.67,1.0000,0.0585,0.002693,4.359
181878,520,449,969,219,0,186,337.11,1.0000,0.5438,0.186076,13,11,36,283.24,0.6047,0.0734,0.004523,4.330
181880,520,407,927,188,82,223,316.75,0.8243,0.5722,0.220548,2,38,2,142.70,0.9906,0.1309,0.014035,4.225
181902,520,455,975,230,32,49,24.55,0.9679,0.5280,0.180808,11,13,6,120.25,0.3119,0.0618,0.003721,4.296
181910,520,414,934,240,2,147,353.72,0.9975,0.5653,0.206784,27,20,52,290.61,0.5675,0.1169,0.009813,4.293
181914,520,479,999,224,11,44,23.95,0.9911,0.5061,0.162714,0,1,0,142.50,1.0000,0.0135,0.000217,4.236
181918,520,353,873,222,87,203,333.59,0.8233,0.6180,0.266599,23,50,3,135.06,0.9754,0.1821,0.024699,4.238
181925,520,477,997,172,83,149,338.13,0.5943,0.5055,0.171282,2,1,10,286.50,0.7500,0.0235,0.000565,4.376
181926,520,389,909,216,71,207,330.50,0.8595,0.5918,0.236124,31,12,96,281.75,0.9257,0.1531,0.013987,4.472
181927,520,480,1000,227,6,20,27.84,0.9965,0.5094,0.165146,0,0,0,0.00,0.0000,0.0000,0.000000,4.303
181931,520,450,970,200,66,168,338.71,0.7715,0.5375,0.190047,20,11,2,72.90,0.6654,0.0654,0.003925,4.452
181933,520,388,908,240,41,181,343.96,0.9443,0.5947,0.234503,15,15,100,270.40,0.9629,0.1496,0.013632,4.471
181958,520,382,902,225,99,82,29.83,0.7844,0.5967,0.255429,10,45,33,166.69,0.7874,0.1649,0.020510,4.332
181965,520,468,988,203,72,88,16.74,0.7462,0.5193,0.180379,6,4,19,288.28,0.5954,0.0417,0.001726,4.454
181967,520,466,986,210,13,164,341.58,0.9670,0.5169,0.166720,7,9,17,271.72,0.2986,0.0533,0.002810,4.104
181969,520,473,993,179,26,238,312.83,0.9715,0.5200,0.164966,2,0,28,274.02,1.0000,0.0332,0.000967,4.218
181976,520,408,928,238,54,104,10.94,0.9016,0.5705,0.218181,35,29,29,17.83,0.0992,0.1344,0.013248,4.240
181991,520,439,959,229,24,157,348.56,0.9561,0.5537,0.197484,12,22,28,235.43,0.3107,0.0934,0.007358,4.315
181998,520,430,950,201,73,174,337.03,0.7564,0.5507,0.202403,26,15,47,296.37,0.6133,0.1021,0.007665,4.377
182007,520,424,944,226,74,24,36.63,0.9574,0.5559,0.211350,46,12,25,359.33,0.6170,0.1143,0.009141,4.419
182015,520,338,858,249,66,203,340.17,0.9599,0.6405,0.283510,54,45,10,94.44,0.7450,0.1975,0.026830,4.341
182017,520,364,884,197,106,212,321.80,0.7230,0.6136,0.269331,16,43,56,231.76,0.5670,0.1717,0.021234,4.483
182060,520,459,979,230,39,11,31.08,0.9887,0.5294,0.183012,11,0,48,282.95,1.0000,0.0616,0.002845,4.409
182064,520,457,977,171,56,235,309.84,0.9061,0.5265,0.174853,9,10,30,278.21,0.5598,0.0642,0.003689,4.188
182065,520,414,934,255,14,5,29.40,1.0000,0.5711,0.215889,53,7,16,14.25,0.7898,0.1181,0.009464,4.471
182078,520,430,950,203,85,114,7.51,0.6642,0.5453,0.204103,41,0,49,320.60,1.0000,0.1026,0.006932,4.463
182110,520,354,874,219,99,183,340.52,0.7268,0.6198,0.274047,2,50,46,186.20,0.9560,0.1837,0.024912,4.326
182116,520,437,957,198,6,245,316.89,0.9961,0.5504,0.187301,31,13,23,346.50,0.4241,0.0906,0.006411,4.207
182126,520,478,998,204,62,81,17.27,0.8000,0.5068,0.168788,1,3,0,132.12,1.0000,0.0241,0.000716,4.314
182129,520,384,904,198,95,205,325.00,0.7398,0.5937,0.245993,6,43,22,154.13,0.9265,0.1534,0.018243,4.337
182157,520,470,990,170,25,252,307.21,0.9861,0.5186,0.162704,6,5,19,285.04,0.5361,0.0442,0.001943,4.095
182158,520,449,969,217,28,175,340.06,0.9379,0.5418,0.186797,15,13,27,289.49,0.3765,0.0735,0.004685,4.330
182162,520,288,808,214,137,184,342.93,0.5557,0.6783,0.356496,12,67,28,148.64,0.9591,0.2391,0.041761,4.430
182178,520,362,882,232,38,231,328.47,0.9720,0.6080,0.243140,49,43,4,100.30,0.8754,0.1848,0.023895,3.967
182181,520,397,917,242,71,41,32.34,0.9450,0.5842,0.235471,29,24,71,283.08,0.6808,0.1432,0.013694,4.482
182182,520,432,952,146,84,255,294.90,1.0000,0.5454,0.196717,31,17,19,10.09,0.2950,0.0971,0.007393,4.299
182200,520,438,958,232,54,49,27.50,0.9352,0.5481,0.200189,37,10,23,352.58,0.5743,0.0948,0.006723,4.411
182211,520,436,956,237,50,8,32.58,0.9922,0.5520,0.203065,36,11,22,354.52,0.5363,0.0944,0.006724,4.461
182224,520,261,781,205,156,200,329.82,0.4577,0.7121,0.409271,6,77,6,142.66,0.9926,0.2698,0.053594,4.433
182231,520,473,993,196,53,176,334.35,0.8198,0.5215,0.174183,8,0,9,325.55,1.0000,0.0275,0.000714,4.421
182238,520,407,927,253,22,69,20.29,0.9898,0.5747,0.218899,7,35,22,160.16,0.8019,0.1273,0.013051,4.265
182267,520,386,906,250,34,130,2.06,0.9608,0.5887,0.230833,71,1,8,23.24,0.9870,0.1488,0.013791,4.402
182276,520,412,932,249,14,84,15.53,0.9903,0.5667,0.210975,7,2,90,268.29,0.9957,0.1160,0.008267,4.479
182291,520,445,965,205,73,126,358.92,0.7241,0.5359,0.192526,29,4,34,320.85,0.7567,0.0782,0.004636,4.439
182297,520,424,944,211,77,156,347.47,0.7434,0.5638,0.215590,8,29,29,195.33,0.5578,0.1115,0.010190,4.413
182302,520,425,945,225,18,179,340.69,0.9723,0.5552,0.196974,15,23,41,265.07,0.4413,0.1054,0.008744,4.204
182304,520,335,855,248,24,251,327.65,0.9933,0.6433,0.275777,90,5,40,4.21,0.8965,0.2039,0.024358,4.381
182305,520,416,936,252,28,69,20.58,0.9847,0.5749,0.219593,39,22,28,356.94,0.3130,0.1226,0.010890,4.428
182307,520,423,943,235,32,139,356.14,0.9421,0.5613,0.205623,36,22,10,60.62,0.4746,0.1130,0.009708,4.281
182316,520,477,997,228,0,8,28.67,1.0000,0.5097,0.165145,0,1,10,262.28,1.0000,0.0204,0.000436,4.266
182321,520,327,847,225,92,238,324.05,0.9169,0.6494,0.298368,51,50,33,105.09,0.2905,0.2122,0.030948,4.304
182347,520,409,929,196,98,147,350.49,0.5842,0.5667,0.225793,31,29,30,345.54,0.0385,0.1302,0.012638,4.403
182353,520,386,906,223,22,238,324.74,0.9870,0.5907,0.224370,32,18,89,283.23,0.8512,0.1538,0.014609,4.247
182358,520,474,994,214,48,102,7.30,0.8539,0.5177,0.173718,4,1,23,284.39,0.9053,0.0343,0.001094,4.379
182359,520,475,995,213,26,154,345.84,0.9260,0.5221,0.172203,6,0,22,294.92,1.0000,0.0330,0.000966,4.360
182367,520,358,878,237,77,173,347.57,0.8541,0.6161,0.263322,25,41,65,258.28,0.4642,0.1768,0.021741,4.367
182387,520,431,951,243,28,28,28.25,0.9838,0.5514,0.199725,22,13,52,288.58,0.7110,0.0983,0.007063,4.376
182399,520,402,922,238,47,142,356.56,0.9104,0.5774,0.221662,13,23,74,269.05,0.8517,0.1318,0.011927,4.387
182406,520,433,953,229,5,152,349.84,0.9915,0.5462,0.190364,17,2,71,279.22,0.9805,0.0970,0.006175,4.279
182407,520,452,972,205,26,195,331.02,0.9466,0.5310,0.176600,9,17,18,205.71,0.2423,0.0739,0.005026,4.118
182421,520,352,872,236,108,39,44.82,0.9205,0.6246,0.287073,53,43,14,90.22,0.6380,0.1912,0.025164,4.484
182424,520,428,948,242,47,20,31.10,0.9818,0.5603,0.209642,47,8,1,36.34,0.9447,0.1042,0.007803,4.492
182426,520,466,986,213,32,141,350.60,0.8999,0.5190,0.171046,14,8,3,70.49,0.4370,0.0526,0.002736,4.192
182454,520,357,877,241,75,165,351.24,0.8742,0.6174,0.264525,48,22,93,294.36,0.7850,0.1821,0.019925,4.498
182455,520,445,965,173,70,232,310.25,0.8725,0.5421,0.190916,25,14,5,62.12,0.5013,0.0788,0.005317,4.355
182462,520,284,804,238,116,215,335.01,0.8748,0.6894,0.355765,61,56,52,61.17,0.0772,0.2464,0.040684,4.474
182463,520,470,990,216,16,135,352.89,0.9585,0.5153,0.167213,15,4,2,38.70,0.5683,0.0441,0.001928,4.183
182465,520,400,920,254,17,91,14.14,0.9937,0.5794,0.222308,19,22,76,273.81,0.8197,0.1356,0.012340,4.368
182506,520,278,798,246,113,192,345.96,0.8881,0.6863,0.352115,50,61,56,166.15,0.1434,0.2506,0.043011,4.323
182508,520,376,896,237,45,204,336.67,0.9485,0.6040,0.242437,44,34,16,81.10,0.4661,0.1554,0.017170,4.354
182571,520,378,898,227,56,214,331.51,0.9247,0.6004,0.240166,3,47,2,142.32,0.9923,0.1626,0.020567,4.112
182579,520,390,910,255,41,72,21.06,1.0000,0.5883,0.233175,66,8,35,357.76,0.7868,0.1526,0.014535,4.388
182620,520,421,941,241,45,15,31.30,0.9870,0.5566,0.206154,2,8,84,265.45,0.9843,0.1128,0.008266,4.396
182625,520,413,933,236,28,160,349.24,0.9566,0.5704,0.212044,50,8,32,349.54,0.7212,0.1192,0.009562,4.400
182636,520,469,989,225,27,61,20.72,0.9666,0.5166,0.171312,6,3,13,299.87,0.5296,0.0360,0.001329,4.312
182641,520,451,971,202,18,226,322.21,0.9816,0.5448,0.184819,22,5,32,311.18,0.7085,0.0690,0.003834,4.362
182642,520,396,916,224,39,205,333.18,0.9447,0.5779,0.217085,5,10,101,266.39,0.9854,0.1400,0.011888,4.316
182649,520,421,941,250,8,43,25.13,0.9965,0.5613,0.206758,39,17,30,344.83,0.4469,0.1131,0.009260,4.333
182656,520,390,910,217,44,239,322.74,0.9609,0.5918,0.227870,24,18,91,276.55,0.8992,0.1489,0.013821,4.354
182662,520,341,861,240,94,137,5.09,0.8235,0.6287,0.283397,55,40,58,320.70,0.2925,0.2004,0.026353,4.366
182670,520,466,986,214,54,76,18.49,0.8658,0.5165,0.174587,20,1,16,335.80,0.7939,0.0487,0.002079,4.312
182677,520,433,953,184,38,254,310.52,0.9947,0.5480,0.187334,11,15,55,272.63,0.8035,0.0955,0.006886,4.172
182681,520,460,980,171,62,235,309.46,0.8962,0.5326,0.181021,18,3,32,305.28,0.7892,0.0602,0.002980,4.361
182693,520,446,966,221,67,72,23.20,0.8559,0.5433,0.198569,0,19,27,225.12,1.0000,0.0768,0.005448,4.483
182698,520,338,858,228,89,213,332.17,0.8585,0.6355,0.284450,63,39,30,41.34,0.3697,0.1985,0.026017,4.400
182708,520,451,971,230,33,106,6.93,0.9362,0.5404,0.189542,12,4,46,283.06,0.8891,0.0681,0.003622,4.467
182711,520,421,941,247,11,47,24.38,0.9946,0.5559,0.202223,24,18,53,287.28,0.6243,0.1105,0.008838,4.287
182716,520,362,882,226,42,245,323.68,0.9725,0.6097,0.244194,35,37,78,278.54,0.5487,0.1839,0.022305,4.069
182770,520,224,744,204,165,243,306.79,0.7674,0.7494,0.462192,8,86,4,142.19,0.9952,0.3015,0.067157,4.372
182771,520,39,559,250,234,247,331.92,0.7962,0.9458,0.858855,10,128,64,151.70,0.9893,0.4513,0.158723,4.354
182777,520,352,872,244,42,219,334.30,0.9693,0.6235,0.260064,37,8,122,279.92,0.9736,0.1884,0.019720,4.447
182781,520,473,993,210,38,140,350.53,0.8705,0.5164,0.169836,2,2,10,279.71,0.6029,0.0269,0.000782,4.329
182797,520,354,874,201,95,242,315.37,0.9012,0.6213,0.270140,17,48,49,198.18,0.5710,0.1841,0.024547,4.294
182801,520,38,558,232,241,250,247.99,0.5434,0.9464,0.869682,12,126,87,162.51,0.9753,0.4506,0.156873,4.446
182807,520,421,941,194,55,241,315.62,0.9329,0.5648,0.205539,49,8,22,3.87,0.7209,0.1133,0.008847,4.342
182811,520,456,976,221,21,149,349.31,0.9519,0.5332,0.180810,2,16,6,153.64,0.8721,0.0622,0.003966,4.277
182819,520,440,960,245,5,54,22.64,0.9972,0.5512,0.197909,9,20,37,258.77,0.5202,0.0912,0.006919,4.355
182824,520,395,915,214,48,244,320.72,0.9581,0.5932,0.229435,60,11,23,10.57,0.7448,0.1392,0.012620,4.462
182827,520,369,889,235,37,234,328.48,0.9763,0.6147,0.249284,78,0,23,12.82,1.0000,0.1670,0.016819,4.479
182834,520,408,928,219,78,140,356.58,0.7548,0.5723,0.224046,46,14,49,324.17,0.6613,0.1299,0.011167,4.480
182843,520,305,825,247,77,241,329.44,0.9693,0.6687,0.314355,2,36,140,263.79,0.9892,0.2305,0.031679,4.461
182844,520,480,1000,195,40,173,334.92,0.8604,0.5071,0.161386,0,0,0,0.00,0.0000,0.0000,0.000000,4.228
182845,520,441,961,186,73,191,326.01,0.7622,0.5363,0.189671,20,13,46,288.71,0.6574,0.0912,0.006338,4.254
182850,520,390,910,217,20,251,320.37,0.9905,0.5898,0.222190,50,30,7,66.70,0.7049,0.1524,0.016221,4.110
182858,520,457,977,212,11,179,337.44,0.9779,0.5288,0.174933,6,12,9,164.75,0.2711,0.0562,0.003214,4.227
182859,520,395,915,255,7,126,3.24,1.0000,0.5888,0.229220,60,5,42,345.00,0.8049,0.1403,0.012365,4.477
182861,520,360,880,220,105,146,359.44,0.6655,0.6154,0.273962,3,47,54,211.00,0.9059,0.1781,0.023186,4.427
182878,520,362,882,248,70,128,5.78,0.9262,0.6113,0.258986,51,13,101,295.47,0.8860,0.1833,0.019313,4.458
182887,520,401,921,237,22,172,345.60,0.9724,0.5757,0.215599,58,4,42,343.26,0.8170,0.1352,0.011537,4.316
182888,520,454,974,168,92,174,324.49,0.5975,0.5280,0.190360,15,6,45,286.63,0.8142,0.0735,0.004213,4.434
182891,520,170,690,249,170,210,347.89,0.8603,0.7970,0.535443,46,90,54,148.31,0.6609,0.3365,0.081593,4.449
182901,520,473,993,202,0,196,329.98,1.0000,0.5187,0.165440,0,1,26,264.16,0.9853,0.0320,0.000963,4.227
182923,520,444,964,235,19,97,9.95,0.9754,0.5420,0.189941,10,10,54,274.54,0.8691,0.0850,0.005479,4.325
182931,520,440,960,211,30,202,330.66,0.9483,0.5481,0.190437,17,20,17,145.26,0.1098,0.0876,0.006599,4.248
182945,520,425,945,231,16,170,344.78,0.9775,0.5613,0.202646,11,26,44,254.02,0.5377,0.1126,0.009917,4.217
182955,520,386,906,201,66,249,315.39,0.9646,0.5917,0.231549,50,27,36,355.18,0.3620,0.1531,0.015894,4.273
182963,520,453,973,210,28,172,339.21,0.9259,0.5270,0.175129,16,2,46,290.19,0.9240,0.0681,0.003508,4.207
182971,520,475,995,195,65,158,341.01,0.7523,0.5225,0.178530,3,0,26,279.56,1.0000,0.0327,0.000939,4.486
182981,520,392,912,154,114,242,295.18,0.8263,0.5942,0.253155,37,37,12,108.94,0.5951,0.1544,0.017430,4.496
182987,520,400,920,233,82,1,40.14,0.9985,0.5786,0.233633,14,39,18,147.30,0.7703,0.1426,0.015880,4.305
182988,520,451,971,217,55,139,353.78,0.8276,0.5429,0.193506,18,13,5,81.49,0.4059,0.0682,0.004274,4.487
182990,520,468,988,146,90,206,303.71,0.7045,0.5158,0.178799,15,0,20,319.28,1.0000,0.0417,0.001521,4.441
183007,520,438,958,223,45,141,353.61,0.8778,0.5468,0.194904,40,6,4,28.83,0.8296,0.0882,0.005902,4.381
183008,520,443,963,228,0,136,354.83,1.0000,0.5361,0.182744,3,0,66,267.54,1.0000,0.0772,0.004127,4.300
183025,520,181,701,250,170,177,13.61,0.8172,0.7871,0.522499,32,91,37,144.87,0.9218,0.3291,0.079225,4.430
183037,520,442,962,236,31,33,27.71,0.9774,0.5385,0.189259,39,3,0,33.85,1.0000,0.0803,0.004965,4.353
183057,520,465,985,227,20,72,17.13,0.9752,0.5198,0.173020,2,5,31,267.99,0.8882,0.0484,0.002204,4.272
183086,520,332,852,245,45,247,327.75,0.9799,0.6446,0.280074,51,46,1,102.85,0.9703,0.1955,0.026600,4.309
183108,520,362,882,236,79,155,354.32,0.8311,0.6090,0.257942,43,43,27,108.03,0.3081,0.1816,0.023205,4.207
183120,520,476,996,198,76,25,40.03,0.9104,0.5062,0.172468,1,1,6,278.68,0.6638,0.0197,0.000413,4.413
183133,520,340,860,224,71,254,320.49,0.9949,0.6351,0.275115,23,51,54,204.59,0.4702,0.1990,0.028161,4.160
183139,520,261,781,252,129,166,2.38,0.9116,0.7109,0.391520,62,60,84,288.03,0.2633,0.2728,0.048959,4.462
183158,520,403,923,214,20,246,320.71,0.9888,0.5809,0.214522,62,4,17,14.59,0.8906,0.1336,0.011516,4.300
183170,520,410,930,246,35,87,15.54,0.9628,0.5693,0.214865,26,34,8,124.10,0.6940,0.1336,0.013812,4.151
183172,520,355,875,227,76,211,332.41,0.8798,0.6175,0.262052,45,38,57,301.08,0.2874,0.1825,0.022395,4.310
183182,520,377,897,246,42,176,346.84,0.9490,0.6040,0.243865,22,41,44,208.45,0.3536,0.1629,0.019382,4.235
183198,520,308,828,194,131,243,308.68,0.8302,0.6715,0.341737,19,64,21,144.01,0.9387,0.2299,0.038592,4.422
183199,520,418,938,248,22,16,29.10,0.9903,0.5590,0.205713,54,10,7,28.38,0.8336,0.1221,0.010168,4.250
183210,520,381,901,234,37,216,332.71,0.9660,0.6013,0.237761,59,5,75,316.52,0.8802,0.1621,0.015465,4.396
183213,520,452,972,206,74,96,13.88,0.7383,0.5295,0.188660,16,7,31,298.19,0.6315,0.0652,0.003610,4.452
183242,520,460,980,210,37,173,339.03,0.8964,0.5325,0.180440,2,9,38,264.59,0.8845,0.0626,0.003482,4.309
183251,520,408,928,250,33,62,22.54,0.9765,0.5720,0.217632,29,9,77,286.90,0.8922,0.1252,0.009924,4.466
183256,520,470,990,190,74,141,347.71,0.6817,0.5174,0.177694,1,2,29,267.96,0.9605,0.0385,0.001386,4.431
183283,520,423,943,244,25,83,15.83,0.9765,0.5596,0.205563,25,24,27,301.03,0.0702,0.1094,0.009391,4.303
183286,520,408,928,242,37,120,4.27,0.9437,0.5711,0.215597,2,37,10,147.88,0.9830,0.1288,0.013579,4.177
183288,520,436,956,208,15,220,325.27,0.9845,0.5498,0.189207,0,19,51,257.30,0.9999,0.0937,0.007047,4.193
183304,520,450,970,233,4,120,1.34,0.9939,0.5411,0.187696,17,6,39,293.93,0.7511,0.0703,0.003959,4.405
183311,520,411,931,234,72,1,37.41,0.9987,0.5679,0.221324,21,32,16,136.32,0.4692,0.1247,0.012298,4.355
183324,520,445,965,201,15,220,323.42,0.9828,0.5377,0.179282,31,9,14,7.48,0.5205,0.0803,0.005184,4.155
183328,520,414,934,175,74,254,305.84,0.9910,0.5674,0.211680,27,21,53,289.17,0.5600,0.1198,0.010264,4.342
183337,520,465,985,136,80,251,292.56,0.9634,0.5247,0.179366,22,3,13,347.97,0.6569,0.0548,0.002648,4.357
183340,520,414,934,232,60,127,2.13,0.8573,0.5713,0.219227,55,6,27,359.62,0.7819,0.1244,0.010217,4.471
183346,520,448,968,210,64,133,355.55,0.7763,0.5367,0.190641,36,5,19,355.51,0.7015,0.0835,0.005307,4.351
183348,520,334,854,251,101,3,43.56,0.9974,0.6380,0.298265,25,53,35,154.23,0.5785,0.1993,0.028741,4.423
183354,520,462,982,233,24,40,25.87,0.9821,0.5294,0.181332,4,7,22,269.51,0.5744,0.0487,0.002357,4.418
183373,520,360,880,217,85,218,327.42,0.8527,0.6163,0.263126,2,51,28,156.95,0.9820,0.1808,0.024643,4.195
183384,520,393,913,229,48,200,335.88,0.9278,0.5895,0.229446,41,26,37,336.60,0.2960,0.1382,0.013438,4.405
183398,520,379,899,173,102,244,304.30,0.8742,0.5965,0.249192,17,44,26,152.75,0.6770,0.1627,0.019951,4.277
183402,520,291,811,243,97,230,331.32,0.9405,0.6783,0.333198,15,46,129,264.23,0.9096,0.2417,0.036403,4.435
183405,520,421,941,250,6,62,21.16,0.9968,0.5632,0.208057,9,6,81,270.19,0.9795,0.1100,0.007823,4.463
183411,520,422,942,213,6,223,325.87,0.9948,0.5587,0.196061,36,8,51,311.09,0.7644,0.1075,0.007878,4.251
183414,520,416,936,234,64,100,13.40,0.8678,0.5710,0.220823,13,32,7,138.63,0.8681,0.1173,0.011339,4.415
183432,520,466,986,205,58,130,354.91,0.7846,0.5198,0.176190,8,9,17,277.90,0.2839,0.0542,0.002875,4.278
183434,520,408,928,186,78,238,312.60,0.8912,0.5749,0.220619,22,35,10,131.91,0.6994,0.1336,0.013945,4.232
183452,520,448,968,212,70,119,3.14,0.7598,0.5422,0.197115,36,5,20,353.57,0.7015,0.0839,0.005342,4.465
183455,520,439,959,160,84,237,303.21,0.8622,0.5473,0.199291,4,22,39,248.23,0.7039,0.0946,0.007461,4.338
183470,520,476,996,132,85,226,294.43,0.8100,0.5063,0.168936,2,0,6,302.89,1.0000,0.0170,0.000261,4.356
183475,520,470,990,218,19,125,357.01,0.9524,0.5162,0.168544,11,0,26,302.28,1.0000,0.0412,0.001457,4.247
183477,520,456,976,223,55,12,33.69,0.9835,0.5282,0.184497,18,0,42,297.74,1.0000,0.0625,0.002958,4.428
183485,520,438,958,203,81,142,352.08,0.6889,0.5496,0.205362,9,25,11,146.90,0.6522,0.0941,0.007775,4.420
183486,520,422,942,160,92,235,302.62,0.8328,0.5579,0.211264,38,9,54,310.69,0.7634,0.1143,0.008738,4.448
183492,520,457,977,157,79,234,303.31,0.8581,0.5339,0.187010,22,4,23,325.72,0.6648,0.0615,0.003193,4.456
183497,520,383,903,239,21,203,337.23,0.9835,0.5959,0.232017,25,10,98,277.19,0.9564,0.1480,0.013055,4.473
183505,520,430,950,239,46,20,31.02,0.9807,0.5534,0.203585,9,26,22,176.63,0.4863,0.1003,0.008548,4.331
183508,520,353,873,208,93,233,320.11,0.8697,0.6225,0.271233,71,27,16,35.21,0.6925,0.1838,0.021611,4.486
183514,520,385,905,241,24,180,344.14,0.9746,0.5881,0.226524,33,17,83,286.28,0.8266,0.1468,0.013487,4.356
183521,520,460,980,237,7,55,22.01,0.9951,0.5346,0.184356,3,14,15,201.88,0.5394,0.0606,0.003679,4.366
183538,520,407,927,250,15,62,21.47,0.9918,0.5652,0.210171,16,28,55,264.46,0.5684,0.1286,0.012165,4.185
183539,520,479,999,108,90,249,281.76,0.9520,0.5111,0.173396,1,0,4,296.85,1.0000,0.0133,0.000152,4.454
183563,520,431,951,201,59,194,330.08,0.8391,0.5467,0.194422,25,18,31,308.61,0.3172,0.0968,0.007382,4.260
183580,520,442,962,221,4,168,342.94,0.9923,0.5383,0.182887,6,12,43,269.41,0.7895,0.0756,0.004761,4.253
183591,520,408,928,244,36,96,12.56,0.9556,0.5678,0.213428,22,19,77,277.40,0.8324,0.1333,0.011721,4.268
183592,520,333,853,240,88,192,342.34,0.8786,0.6428,0.293132,55,45,31,75.72,0.2895,0.2027,0.027880,4.406
183614,520,298,818,233,132,88,43.63,0.7573,0.6683,0.345331,30,60,61,198.37,0.4350,0.2343,0.038445,4.470
183628,520,447,967,182,75,201,321.33,0.7742,0.5392,0.191954,6,3,59,271.63,0.9778,0.0758,0.004196,4.464
183629,520,471,991,162,55,243,305.24,0.9355,0.5197,0.168854,11,1,22,306.27,0.8457,0.0410,0.001508,4.249
183637,520,400,920,213,102,36,46.95,0.8699,0.5756,0.237784,21,36,33,180.54,0.3026,0.1422,0.015309,4.406
183640,520,424,944,236,4,154,350.70,0.9946,0.5608,0.202558,33,6,60,301.11,0.8477,0.1085,0.007798,4.370
183641,520,428,948,222,29,187,337.71,0.9499,0.5583,0.199986,34,8,40,319.67,0.6961,0.0963,0.006670,4.411
183645,520,468,988,230,19,51,23.07,0.9839,0.5223,0.175308,13,3,0,54.18,1.0000,0.0384,0.001507,4.374
183649,520,376,896,209,85,211,327.05,0.8160,0.5997,0.247572,2,47,10,145.91,0.9912,0.1633,0.020678,4.210
183656,520,439,959,244,9,34,26.43,0.9958,0.5478,0.195475,8,24,18,167.48,0.5114,0.0924,0.007485,4.270
183665,520,457,977,181,11,250,311.09,0.9927,0.5288,0.169663,17,7,18,323.74,0.4244,0.0590,0.003148,4.133
183680,520,469,989,163,33,255,304.25,1.0000,0.5153,0.160949,13,2,17,318.38,0.7042,0.0427,0.001695,4.081
183688,520,391,911,245,1,174,346.50,0.9991,0.5873,0.224934,33,25,72,286.57,0.6598,0.1501,0.014865,4.239
183689,520,443,963,212,49,155,346.08,0.8428,0.5355,0.185625,1,11,57,264.11,0.9511,0.0837,0.005412,4.252
183692,520,392,912,246,10,175,346.51,0.9919,0.5914,0.229083,21,25,80,273.58,0.8005,0.1472,0.014338,4.338
183698,520,407,927,216,50,205,331.12,0.9089,0.5713,0.212900,40,12,59,308.22,0.7468,0.1253,0.010299,4.360
183713,520,444,964,239,8,3,29.32,0.9976,0.5353,0.185343,25,13,15,8.50,0.2906,0.0794,0.005290,4.256
183721,520,186,706,244,165,222,337.41,0.8638,0.7858,0.514191,61,82,80,188.97,0.2057,0.3310,0.076057,4.476
183739,520,339,859,253,44,210,338.70,0.9886,0.6354,0.273404,54,20,103,295.74,0.8301,0.1973,0.022639,4.452
183741,520,417,937,205,77,186,334.02,0.7726,0.5688,0.218338,49,17,1,47.55,0.9131,0.1221,0.010562,4.431
183748,520,322,842,242,61,240,328.57,0.9609,0.6458,0.285087,40,46,70,272.81,0.3374,0.2058,0.028473,4.270
183749,520,14,534,242,251,251,197.00,0.5051,0.9783,0.948363,61,131,5,136.43,0.9947,0.4701,0.172351,4.490
183761,520,418,938,250,15,31,27.20,0.9938,0.5619,0.207683,25,12,69,285.17,0.8381,0.1162,0.008993,4.368
183765,520,454,974,222,18,131,355.68,0.9597,0.5263,0.176036,25,0,41,308.99,1.0000,0.0706,0.003668,4.212
183770,520,477,997,201,54,134,351.78,0.7905,0.5100,0.167791,3,0,16,290.10,1.0000,0.0250,0.000568,4.307
183776,520,476,996,197,15,184,332.01,0.9624,0.5051,0.156745,1,0,8,284.42,1.0000,0.0165,0.000240,4.115
183783,520,445,965,179,89,168,332.07,0.6204,0.5357,0.195568,13,14,35,278.98,0.5182,0.0787,0.005210,4.448
183796,520,374,894,230,99,53,39.00,0.8697,0.6011,0.260064,36,39,29,121.23,0.1992,0.1631,0.019148,4.484
183798,520,393,913,246,56,113,9.08,0.9275,0.5902,0.236168,32,33,6,111.25,0.7274,0.1364,0.014079,4.466
183809,520,418,938,192,106,116,13.35,0.5088,0.5639,0.227770,23,28,41,268.02,0.2800,0.1248,0.011727,4.500
183823,520,406,926,255,29,79,18.25,1.0000,0.5833,0.227070,12,31,53,253.54,0.5967,0.1329,0.013151,4.387
183825,520,480,1000,200,12,189,331.38,0.9741,0.5130,0.162183,0,0,0,0.00,0.0000,0.0000,0.000000,4.244
183828,520,464,984,219,29,108,4.01,0.9271,0.5165,0.170241,16,4,11,343.15,0.4974,0.0484,0.002212,4.218
183842,520,242,762,200,164,210,318.82,0.4441,0.7277,0.434840,10,79,50,159.23,0.9540,0.2849,0.058865,4.454
183850,520,420,940,212,85,93,19.37,0.7244,0.5551,0.212866,9,31,3,138.59,0.9570,0.1112,0.010446,4.349
183863,520,370,890,251,27,190,343.49,0.9803,0.6131,0.250141,57,34,18,54.64,0.5111,0.1746,0.020577,4.253
183875,520,343,863,244,80,174,349.10,0.8945,0.6320,0.280294,57,42,8,83.97,0.7734,0.1932,0.025434,4.379
183885,520,363,883,242,38,202,338.32,0.9638,0.6079,0.245307,53,32,29,28.40,0.3209,0.1665,0.018787,4.293
183903,520,446,966,167,86,214,311.08,0.7599,0.5422,0.197268,11,10,52,276.08,0.8428,0.0837,0.005361,4.466
183908,520,360,880,204,88,244,316.30,0.9241,0.6175,0.263498,32,43,48,227.38,0.1916,0.1783,0.022482,4.325
183929,520,473,993,185,63,181,329.18,0.7774,0.5163,0.172069,2,0,25,275.68,1.0000,0.0306,0.000831,4.369
183941,520,462,982,182,3,250,311.46,0.9980,0.5286,0.169134,8,10,8,145.26,0.1104,0.0531,0.002862,4.145
183945,520,432,952,244,5,15,28.45,0.9979,0.5459,0.193796,27,19,17,34.40,0.1836,0.0957,0.007392,4.248
183948,520,379,899,223,2,253,321.53,0.9993,0.5975,0.228254,49,8,82,303.47,0.8776,0.1555,0.014359,4.323
183954,520,247,767,220,138,253,315.63,0.9747,0.7213,0.404857,32,70,81,219.16,0.5186,0.2760,0.052813,4.424
183960,520,442,962,207,61,161,343.15,0.7960,0.5406,0.191781,35,4,26,341.10,0.7355,0.0832,0.005188,4.381
183965,520,359,879,224,67,240,323.89,0.9393,0.6217,0.261549,40,32,78,287.96,0.5945,0.1774,0.020342,4.429
183966,520,389,909,206,105,126,8.21,0.5825,0.5867,0.247331,0,44,19,153.12,1.0000,0.1537,0.018483,4.342
183970,520,342,862,254,67,152,357.81,0.9876,0.6277,0.273556,3,54,8,144.20,0.9914,0.1881,0.026751,4.216
183974,520,462,982,162,71,233,306.13,0.8715,0.5290,0.180716,25,2,4,17.01,0.7958,0.0543,0.002589,4.387
183986,520,338,858,235,90,203,337.37,0.8661,0.6426,0.292888,47,48,6,110.88,0.8465,0.1972,0.027314,4.435
184008,520,325,845,230,103,202,336.77,0.8162,0.6518,0.307900,0,56,67,215.61,1.0000,0.2131,0.032334,4.347
184051,520,397,917,245,58,52,27.64,0.9556,0.5781,0.226899,65,1,39,350.95,0.9339,0.1448,0.012922,4.401
184054,520,475,995,171,58,223,312.52,0.8755,0.5187,0.170126,0,3,12,253.99,0.9999,0.0285,0.000917,4.323
184056,520,322,842,227,88,248,322.19,0.9636,0.6538,0.300896,62,40,56,337.01,0.3175,0.2089,0.028273,4.483
184063,520,390,910,223,10,240,324.35,0.9951,0.5892,0.221985,33,37,3,115.94,0.8783,0.1487,0.016530,4.088
184065,520,421,941,238,4,153,351.44,0.9949,0.5643,0.205670,18,16,66,277.30,0.8174,0.1132,0.008925,4.339
184084,520,454,974,177,80,184,324.89,0.7023,0.5278,0.185462,7,9,41,273.74,0.7934,0.0690,0.004006,4.360
184089,520,345,865,219,77,249,320.08,0.9677,0.6301,0.272092,12,31,114,266.29,0.9384,0.1922,0.022729,4.429
184090,520,379,899,164,119,225,301.84,0.7051,0.6032,0.265227,3,46,24,155.65,0.9685,0.1629,0.020392,4.478
184097,520,385,905,201,61,252,314.94,0.9823,0.5893,0.227847,46,24,58,312.43,0.5512,0.1531,0.015396,4.249
184115,520,400,920,230,71,120,6.15,0.8198,0.5767,0.226883,36,15,77,292.15,0.8080,0.1410,0.012525,4.428
184119,520,423,943,208,95,67,35.11,0.7430,0.5588,0.220016,12,31,7,139.31,0.8662,0.1135,0.010734,4.446
184122,520,480,1000,201,24,179,334.61,0.9340,0.5126,0.163274,0,0,0,0.00,0.0000,0.0000,0.000000,4.265
184128,520,23,543,214,255,254,194.66,1.0000,0.9662,0.929706,3,131,80,157.54,0.9956,0.4639,0.168304,4.488
184132,520,441,961,209,69,140,352.90,0.7569,0.5435,0.197071,1,18,44,255.89,0.9131,0.0862,0.006209,4.396
184134,520,409,929,223,8,218,329.57,0.9937,0.5732,0.209259,45,23,17,36.07,0.4383,0.1304,0.012112,4.174
184153,520,431,951,212,18,205,330.14,0.9755,0.5472,0.188395,47,6,9,20.91,0.8155,0.1030,0.007544,4.143
184158,520,475,995,228,13,57,21.14,0.9884,0.5170,0.170802,5,2,14,296.66,0.6595,0.0326,0.001074,4.323
184163,520,419,939,226,56,136,357.03,0.8500,0.5595,0.207773,9,30,21,163.44,0.6159,0.1121,0.010407,4.267
184164,520,443,963,155,82,237,301.61,0.8658,0.5381,0.191179,2,9,57,265.80,0.9547,0.0810,0.005037,4.382
184167,520,355,875,254,20,188,344.59,0.9933,0.6155,0.252054,22,30,99,270.99,0.8660,0.1781,0.019999,4.315
184180,520,430,950,213,58,167,342.46,0.8259,0.5513,0.199644,19,11,57,283.50,0.8018,0.0967,0.006732,4.400
184189,520,262,782,254,129,166,2.76,0.9654,0.7139,0.395274,18,73,22,144.20,0.9605,0.2606,0.049514,4.474
184196,520,458,978,227,42,36,28.32,0.9568,0.5267,0.181171,15,12,6,86.28,0.2882,0.0631,0.003777,4.299
184205,520,472,992,228,31,57,22.37,0.9643,0.5243,0.177723,2,1,14,282.01,0.8384,0.0258,0.000663,4.495
184212,520,407,927,187,72,237,313.56,0.8963,0.5684,0.213150,19,33,20,146.19,0.4414,0.1273,0.012766,4.193
184220,520,443,963,179,77,206,318.65,0.7773,0.5407,0.193487,3,18,40,256.01,0.7701,0.0845,0.006051,4.344
184222,520,459,979,195,0,231,319.28,1.0000,0.5327,0.173731,1,1,56,265.73,0.9957,0.0646,0.003137,4.210
184232,520,441,961,242,0,18,28.01,1.0000,0.5406,0.189244,8,7,64,271.77,0.9528,0.0897,0.005737,4.292
184240,520,436,956,156,101,204,306.96,0.6544,0.5464,0.207353,20,22,7,115.18,0.5040,0.0931,0.007379,4.485
184250,520,321,841,220,108,220,327.40,0.8111,0.6537,0.311098,26,58,10,137.25,0.9442,0.2116,0.032675,4.368
184255,520,418,938,204,67,201,328.79,0.8340,0.5643,0.210705,55,2,32,351.69,0.8664,0.1215,0.009601,4.374
184256,520,465,985,194,3,219,321.84,0.9961,0.5221,0.166505,12,4,24,301.04,0.6652,0.0504,0.002309,4.139
184283,520,394,914,209,72,218,325.27,0.8676,0.5885,0.232537,33,31,35,308.09,0.0816,0.1398,0.014247,4.398
184289,520,365,885,230,50,224,329.65,0.9496,0.6073,0.244884,9,46,45,192.46,0.7499,0.1726,0.022014,4.095
184291,520,377,897,176,95,252,304.58,0.9620,0.5953,0.244434,48,35,21,67.93,0.3778,0.1645,0.018846,4.277
184303,520,357,877,238,39,226,331.13,0.9720,0.6157,0.251219,48,17,95,294.78,0.8381,0.1773,0.018555,4.394
184312,520,386,906,251,41,120,5.99,0.9673,0.5913,0.234547,16,37,44,221.83,0.4604,0.1470,0.016151,4.301
184327,520,396,916,217,14,245,321.73,0.9930,0.5836,0.216604,21,19,86,275.01,0.8880,0.1424,0.012970,4.234
184345,520,415,935,191,74,234,315.44,0.8840,0.5743,0.219156,0,35,10,149.64,1.0000,0.1210,0.012239,4.325
184352,520,448,968,232,27,97,9.97,0.9572,0.5389,0.188058,20,16,15,34.31,0.1011,0.0800,0.005538,4.286
184361,520,413,933,196,65,229,318.68,0.8906,0.5683,0.211749,3,34,8,146.59,0.9721,0.1188,0.011809,4.235
184383,520,465,985,183,50,212,319.59,0.8820,0.5211,0.171032,12,3,30,295.60,0.7879,0.0523,0.002370,4.221
184390,520,431,951,227,63,43,30.59,0.9244,0.5464,0.200631,15,25,18,153.77,0.3149,0.0999,0.008405,4.291
184394,520,461,981,184,74,178,329.83,0.7260,0.5266,0.183036,8,10,11,227.48,0.0800,0.0540,0.002929,4.403
184399,520,407,927,168,102,209,310.94,0.6823,0.5665,0.224316,24,33,13,128.84,0.5414,0.1297,0.013109,4.347
184405,520,430,950,157,94,220,304.46,0.7547,0.5463,0.203412,26,13,44,300.24,0.6236,0.0962,0.006893,4.454
184416,520,390,910,245,72,12,35.92,0.9890,0.5894,0.240771,42,33,17,81.08,0.4175,0.1503,0.016205,4.392
184425,520,442,962,190,69,200,324.62,0.8029,0.5434,0.193749,7,17,29,253.13,0.4700,0.0776,0.005348,4.404
184443,520,396,916,254,44,16,30.88,0.9961,0.5827,0.229134,5,40,3,141.89,0.9826,0.1393,0.015564,4.257
184479,520,456,976,227,46,66,21.53,0.9280,0.5337,0.186811,16,11,7,62.51,0.2332,0.0623,0.003649,4.414
184481,520,248,768,243,122,239,328.59,0.9433,0.7180,0.392080,26,52,152,266.53,0.9067,0.2838,0.049423,4.446
184485,520,282,802,249,118,165,359.43,0.8751,0.6882,0.358161,5,72,0,141.80,1.0000,0.2515,0.046668,4.222
184487,520,225,745,251,140,227,335.67,0.9678,0.7520,0.448138,61,77,33,125.96,0.6197,0.3026,0.064096,4.366
184499,520,447,967,233,33,84,14.92,0.9517,0.5408,0.190545,3,0,69,267.25,1.0000,0.0812,0.004490,4.414
184510,520,416,936,224,84,14,40.91,0.9732,0.5651,0.222223,5,33,21,161.97,0.8469,0.1195,0.011741,4.409
184520,520,245,765,233,143,219,332.71,0.8039,0.7295,0.420848,60,68,66,179.01,0.0836,0.2841,0.054882,4.489
184527,520,308,828,252,110,145,7.24,0.9322,0.6741,0.338947,1,62,64,198.44,0.9823,0.2312,0.038217,4.409
184528,520,375,895,209,64,251,317.30,0.9779,0.6034,0.241887,77,0,11,21.77,1.0000,0.1623,0.016022,4.421
184531,520,423,943,233,26,146,353.12,0.9543,0.5575,0.201407,40,16,26,354.98,0.4665,0.1111,0.008963,4.264
184544,520,458,978,226,38,66,20.43,0.9435,0.5258,0.179512,19,4,21,323.24,0.6335,0.0565,0.002794,4.347
184545,520,429,949,219,67,111,7.40,0.7978,0.5490,0.202245,7,17,54,267.26,0.8265,0.0962,0.007124,4.416
184547,520,422,942,248,15,33,26.89,0.9934,0.5577,0.204115,18,26,36,254.31,0.2867,0.1126,0.009947,4.239
184550,520,438,958,237,27,89,13.31,0.9657,0.5473,0.195129,24,15,40,298.30,0.5322,0.0948,0.006890,4.309
184562,520,382,902,250,69,32,33.05,0.9761,0.5968,0.246881,54,29,28,22.55,0.3801,0.1609,0.017469,4.400
184574,520,428,948,187,49,254,310.99,0.9941,0.5600,0.199183,36,2,51,312.88,0.8991,0.0990,0.006575,4.404
184577,520,400,920,201,89,195,329.62,0.7400,0.5837,0.235039,16,38,32,173.97,0.4901,0.1448,0.016006,4.318
184588,520,374,894,226,36,239,325.13,0.9753,0.6023,0.236647,58,10,68,319.97,0.7968,0.1594,0.015341,4.387
184594,520,455,975,232,34,40,26.71,0.9699,0.5323,0.184561,13,11,20,294.28,0.2788,0.0639,0.003754,4.364
184597,520,432,952,245,7,4,29.23,0.9973,0.5481,0.195768,3,26,25,191.19,0.7795,0.0980,0.008283,4.217
184617,520,381,901,249,26,171,348.56,0.9759,0.5997,0.238221,57,24,42,347.92,0.5033,0.1610,0.016904,4.308
184618,520,368,888,236,64,182,343.49,0.8862,0.6053,0.248798,51,31,44,340.69,0.3275,0.1670,0.018657,4.352
184630,520,452,972,235,0,84,13.50,1.0000,0.5341,0.183054,4,15,18,215.13,0.4814,0.0651,0.004111,4.307
184633,520,359,879,245,4,235,330.62,0.9986,0.6230,0.255004,52,24,85,300.96,0.7234,0.1829,0.020392,4.333
184634,520,463,983,225,4,128,357.02,0.9919,0.5277,0.176557,16,5,16,327.10,0.4918,0.0527,0.002561,4.310
184640,520,455,975,216,54,98,10.11,0.8426,0.5259,0.181216,12,0,49,283.77,1.0000,0.0635,0.002999,4.363
184656,520,452,972,200,4,211,325.47,0.9943,0.5267,0.170711,7,5,53,273.54,0.9429,0.0733,0.004107,4.079
184658,520,440,960,221,4,182,338.76,0.9936,0.5461,0.188388,12,11,60,274.89,0.8815,0.0941,0.006437,4.224
184666,520,384,904,247,58,100,13.96,0.9389,0.5904,0.237238,45,33,2,87.34,0.9030,0.1519,0.016500,4.319
184667,520,310,830,255,60,228,334.62,1.0000,0.6596,0.300963,57,49,40,70.34,0.1757,0.2186,0.032197,4.270
184671,520,336,856,248,38,236,331.02,0.9823,0.6389,0.274018,7,56,31,155.58,0.9462,0.2004,0.029723,4.064
184672,520,329,849,254,76,174,350.99,0.9879,0.6451,0.292990,29,52,54,202.81,0.3562,0.2058,0.029834,4.296
184717,520,454,974,201,64,152,345.17,0.7635,0.5289,0.183532,0,16,36,250.69,1.0000,0.0747,0.004979,4.248
184718,520,460,980,220,64,18,35.22,0.9692,0.5319,0.189287,1,7,44,264.71,0.9456,0.0632,0.003402,4.481
184722,520,464,984,159,63,241,304.08,0.9182,0.5221,0.172773,14,6,9,353.05,0.3002,0.0501,0.002433,4.249
184725,520,459,979,234,10,39,25.34,0.9939,0.5270,0.178592,10,4,41,282.72,0.8668,0.0617,0.003114,4.304
184731,520,429,949,197,68,190,330.08,0.7954,0.5472,0.197239,18,25,2,123.43,0.8694,0.0986,0.008282,4.242
184744,520,410,930,254,21,58,22.88,0.9954,0.5748,0.219165,20,2,95,275.29,0.9923,0.1312,0.010183,4.472
184773,520,413,933,225,64,150,352.19,0.8261,0.5710,0.218789,27,30,17,118.93,0.3299,0.1246,0.012020,4.334
184776,520,451,971,223,59,50,28.12,0.9117,0.5351,0.190489,0,11,41,259.90,1.0000,0.0675,0.003994,4.454
184781,520,386,906,238,48,177,344.94,0.9235,0.5935,0.234683,22,25,86,273.73,0.8343,0.1541,0.015376,4.355
184786,520,356,876,252,83,16,37.65,0.9871,0.6158,0.269229,24,34,96,270.74,0.8052,0.1847,0.021827,4.444
184805,520,473,993,225,37,15,30.59,0.9830,0.5177,0.173681,2,1,22,276.02,0.9385,0.0312,0.000925,4.392
184815,520,474,994,222,33,86,12.89,0.9338,0.5186,0.172919,11,1,5,350.06,0.6938,0.0324,0.001038,4.368
184829,520,405,925,239,1,180,343.47,0.9990,0.5787,0.216707,59,2,22,6.40,0.9078,0.1261,0.010313,4.422
184836,520,456,976,155,60,254,300.44,0.9928,0.5253,0.173564,23,1,25,325.02,0.8383,0.0579,0.002741,4.239
184846,520,402,922,228,48,177,342.58,0.9025,0.5751,0.217848,26,6,85,281.95,0.9516,0.1280,0.010057,4.460
184855,520,370,890,224,85,182,341.45,0.7916,0.6079,0.257240,61,23,54,335.01,0.5869,0.1723,0.018714,4.471
184861,520,351,871,223,87,216,329.79,0.8572,0.6269,0.274643,60,37,23,51.71,0.4467,0.1874,0.023458,4.419
184888,520,477,997,157,77,207,309.93,0.7628,0.5101,0.169815,6,0,0,29.23,1.0000,0.0198,0.000387,4.363
184890,520,421,941,195,52,237,316.95,0.9309,0.5608,0.201739,22,17,52,285.60,0.6397,0.1057,0.008194,4.326
184893,520,478,998,216,36,76,16.00,0.9239,0.5058,0.163851,0,0,15,264.05,1.0000,0.0196,0.000345,4.248
184895,520,432,952,240,4,114,4.58,0.9953,0.5536,0.198303,37,13,32,335.77,0.5402,0.1038,0.007855,4.292
184935,520,380,900,247,11,194,341.37,0.9931,0.6033,0.239117,40,23,73,295.10,0.6794,0.1551,0.015450,4.417
184938,520,288,808,195,133,247,307.78,0.8676,0.6788,0.350932,13,67,42,158.40,0.9115,0.2427,0.042669,4.327
184945,520,293,813,253,92,222,336.22,0.9874,0.6837,0.338138,62,55,31,93.70,0.4100,0.2388,0.038555,4.383
184962,520,412,932,231,63,121,4.68,0.8468,0.5703,0.219272,13,24,60,267.55,0.7119,0.1208,0.010650,4.440
184965,520,478,998,209,34,124,356.16,0.8828,0.5051,0.161569,0,0,19,264.05,1.0000,0.0228,0.000470,4.192
184966,520,337,857,252,41,228,333.85,0.9869,0.6424,0.278859,44,40,72,288.14,0.4219,0.1957,0.025209,4.373
184968,520,401,921,217,23,236,323.70,0.9839,0.5794,0.214227,52,9,58,322.49,0.7758,0.1401,0.012310,4.241
184989,520,441,961,239,19,60,21.43,0.9856,0.5428,0.191460,12,3,65,276.10,0.9726,0.0872,0.005249,4.370
184996,520,417,937,226,31,201,334.75,0.9593,0.5749,0.213682,52,12,15,19.63,0.7086,0.1224,0.010276,4.375
185010,520,388,908,192,80,242,313.47,0.9123,0.5888,0.233557,66,5,28,4.62,0.8431,0.1467,0.013508,4.465
185019,520,299,819,240,125,92,36.88,0.8235,0.6668,0.339679,6,64,31,152.36,0.9726,0.2277,0.038043,4.426
185028,520,338,858,241,71,217,334.31,0.9286,0.6390,0.282197,69,34,26,33.91,0.5087,0.1960,0.024840,4.439
185032,520,429,949,238,50,14,32.13,0.9867,0.5542,0.204933,33,16,28,338.63,0.3975,0.1014,0.007778,4.412
185039,520,454,974,195,87,79,26.47,0.6717,0.5255,0.189848,7,7,48,273.77,0.8947,0.0718,0.004105,4.433
185062,520,385,905,251,58,9,33.23,0.9935,0.5872,0.235587,58,13,56,329.72,0.7268,0.1538,0.014730,4.412
185161,520,472,992,173,82,171,328.24,0.6524,0.5171,0.178602,5,2,8,310.18,0.5051,0.0298,0.000932,4.488
185186,520,385,905,183,84,248,308.88,0.9388,0.5859,0.231861,3,43,11,146.67,0.9824,0.1499,0.017712,4.163
185192,520,461,981,231,33,48,24.91,0.9676,0.5305,0.182931,2,5,30,267.98,0.8791,0.0477,0.002152,4.466
185198,520,460,980,226,35,74,17.61,0.9440,0.5254,0.178681,30,1,10,2.48,0.8538,0.0625,0.003197,4.299
185202,520,432,952,175,99,164,332.54,0.5426,0.5450,0.207190,31,12,45,308.17,0.6527,0.1016,0.007437,4.478
185204,520,430,950,217,22,187,336.41,0.9612,0.5462,0.189157,49,4,4,26.62,0.9168,0.1030,0.007487,4.160
185220,520,391,911,241,64,122,6.09,0.8847,0.5905,0.237758,59,17,45,342.96,0.6426,0.1544,0.015203,4.413
185227,520,445,965,239,24,53,23.40,0.9818,0.5436,0.192643,22,14,8,58.64,0.3168,0.0758,0.005022,4.410
185229,520,480,1000,170,44,234,310.37,0.9311,0.5137,0.162888,0,0,0,0.00,0.0000,0.0000,0.000000,4.258
185231,520,371,891,194,108,202,324.02,0.6680,0.6072,0.264599,6,48,0,140.66,1.0000,0.1670,0.021525,4.398
185235,520,441,961,175,51,248,308.56,0.9613,0.5389,0.182598,2,1,75,265.91,0.9976,0.0904,0.005426,4.197
185256,520,456,976,166,75,223,309.51,0.8256,0.5317,0.184676,22,1,34,311.41,0.8991,0.0627,0.003078,4.421
185267,520,357,877,229,55,235,326.61,0.9520,0.6164,0.253908,64,17,75,319.35,0.7516,0.1829,0.019990,4.342
185269,520,406,926,195,63,249,313.77,0.9641,0.5799,0.219979,55,11,20,12.47,0.7212,0.1283,0.011022,4.424
185297,520,410,930,215,6,230,324.70,0.9957,0.5673,0.202925,16,20,74,272.56,0.8517,0.1275,0.011048,4.143
185308,520,471,991,218,32,121,359.12,0.9106,0.5206,0.173215,7,0,32,287.03,1.0000,0.0422,0.001495,4.335
185311,520,344,864,226,71,245,323.13,0.9565,0.6320,0.272699,17,52,8,139.94,0.9600,0.1862,0.025926,4.250
185313,520,403,923,210,50,235,321.70,0.9429,0.5816,0.219828,11,24,72,267.20,0.8488,0.1309,0.011922,4.358
185316,520,436,956,242,23,73,18.43,0.9800,0.5527,0.199745,3,19,41,255.12,0.7733,0.0877,0.006452,4.424
185331,520,468,988,187,54,195,325.52,0.8375,0.5192,0.171447,13,1,21,312.35,0.8292,0.0425,0.001614,4.290
185332,520,455,975,180,44,230,314.40,0.9286,0.5256,0.172189,24,4,0,43.50,1.0000,0.0558,0.002811,4.207
185348,520,468,988,163,63,227,308.50,0.8682,0.5158,0.168883,1,9,1,143.17,0.9551,0.0420,0.002040,4.206
185354,520,407,927,248,43,6,31.50,0.9956,0.5694,0.217009,17,19,76,273.49,0.8646,0.1284,0.011067,4.372
185372,520,475,995,151,84,210,305.82,0.7443,0.5151,0.175735,10,1,0,39.81,1.0000,0.0289,0.000862,4.438
185373,520,379,899,249,32,168,349.61,0.9668,0.6008,0.240033,57,27,32,10.20,0.4362,0.1628,0.017581,4.292
185374,520,451,971,220,34,146,350.55,0.9087,0.5360,0.184375,16,6,43,289.39,0.7913,0.0726,0.004148,4.328
185377,520,461,981,150,71,253,298.03,0.9831,0.5307,0.180826,2,9,19,249.15,0.6163,0.0498,0.002553,4.392
185409,520,348,868,230,61,252,322.76,0.9874,0.6343,0.271909,0,43,92,255.46,0.9999,0.1928,0.025003,4.292
185427,520,401,921,167,105,218,307.55,0.7140,0.5763,0.233811,25,37,8,128.58,0.7617,0.1420,0.015473,4.335
185442,520,312,832,253,44,252,328.45,0.9937,0.6608,0.297153,53,13,134,286.32,0.9497,0.2245,0.027659,4.470
185453,520,352,872,242,37,225,332.31,0.9761,0.6210,0.256395,31,28,110,275.70,0.8746,0.1929,0.022475,4.228
185461,520,454,974,177,22,253,309.14,0.9907,0.5287,0.170137,1,13,40,259.50,0.9204,0.0716,0.004475,4.041
185490,520,473,993,220,53,35,30.30,0.9395,0.5216,0.178859,4,2,13,292.44,0.6438,0.0309,0.000983,4.489
185509,520,417,937,188,73,229,315.76,0.8647,0.5651,0.211147,49,7,39,339.09,0.7441,0.1197,0.009515,4.388
185517,520,283,803,228,116,236,324.83,0.8893,0.6861,0.350427,27,63,81,232.68,0.5638,0.2522,0.043819,4.268
185541,520,468,988,152,66,247,300.26,0.9456,0.5217,0.172876,10,3,2,34.33,0.4620,0.0358,0.001340,4.341
185549,520,382,902,255,66,31,32.46,1.0000,0.6035,0.252591,53,31,10,61.80,0.6460,0.1599,0.017589,4.477
185550,520,222,742,246,144,220,337.14,0.9118,0.7489,0.447088,29,83,47,151.59,0.8490,0.3034,0.066527,4.266
185551,520,444,964,220,44,147,350.68,0.8753,0.5429,0.191261,30,11,15,7.55,0.4449,0.0825,0.005499,4.347
185562,520,452,972,226,30,109,4.96,0.9361,0.5316,0.182042,29,6,2,37.18,0.7789,0.0684,0.003959,4.300
185569,520,425,945,179,84,218,314.76,0.7908,0.5586,0.209873,11,28,20,162.20,0.5026,0.1067,0.009521,4.366
185578,520,475,995,217,54,15,33.50,0.9765,0.5152,0.174271,6,0,22,294.92,1.0000,0.0330,0.000966,4.400
185591,520,299,819,252,78,227,334.33,0.9844,0.6697,0.316932,35,63,11,133.85,0.9263,0.2341,0.039364,4.106
185599,520,442,962,201,46,197,329.26,0.8853,0.5373,0.184045,9,11,50,273.64,0.8340,0.0821,0.005277,4.234
185603,520,400,920,216,22,239,322.77,0.9856,0.5796,0.214067,17,17,87,272.66,0.9239,0.1375,0.012081,4.254
185613,520,332,852,213,102,228,322.75,0.8414,0.6393,0.292519,1,49,83,246.27,0.9632,0.2024,0.028275,4.376
185617,520,462,982,195,39,207,324.82,0.9157,0.5289,0.175597,7,0,45,278.52,1.0000,0.0550,0.002346,4.310
185632,520,471,991,172,81,173,327.03,0.6608,0.5152,0.176737,3,5,24,271.34,0.7317,0.0443,0.001938,4.365
185637,520,399,919,227,83,101,16.41,0.7893,0.5808,0.234596,34,31,27,75.19,0.0995,0.1378,0.013992,4.447
185670,520,407,927,254,24,18,29.06,0.9966,0.5725,0.217716,4,36,12,148.59,0.9574,0.1267,0.013141,4.240
185679,520,289,809,244,99,218,335.25,0.9299,0.6760,0.332213,75,42,76,325.96,0.4668,0.2428,0.036737,4.407
185683,520,303,823,244,89,229,331.84,0.9465,0.6697,0.320376,16,63,32,151.11,0.9085,0.2275,0.037693,4.224
185685,520,410,930,212,81,144,353.54,0.7206,0.5657,0.218976,6,38,12,146.93,0.9458,0.1343,0.014514,4.169
185690,520,421,941,233,38,142,354.99,0.9229,0.5619,0.206658,20,19,54,280.36,0.6388,0.1096,0.008808,4.364
185701,520,363,883,229,39,245,324.45,0.9767,0.6131,0.247039,40,40,24,108.10,0.3280,0.1689,0.020347,4.223
185703,520,22,542,254,244,233,70.24,0.7925,0.9673,0.916558,30,132,6,141.10,0.9964,0.4618,0.167910,4.436
185708,520,434,954,236,41,48,25.94,0.9602,0.5459,0.196353,18,20,39,277.80,0.4212,0.0991,0.007754,4.266
185709,520,442,962,224,60,82,18.31,0.8678,0.5435,0.196909,26,14,3,66.47,0.6466,0.0796,0.005403,4.457
185712,520,460,980,191,73,165,337.29,0.7198,0.5294,0.185596,18,2,38,299.86,0.8759,0.0629,0.003120,4.435
185733,520,475,995,203,29,174,336.74,0.9144,0.5156,0.166332,7,0,12,315.36,1.0000,0.0278,0.000717,4.265
185744,520,387,907,229,41,207,333.89,0.9484,0.5892,0.227514,25,23,86,276.70,0.8298,0.1526,0.014913,4.275
185749,520,364,884,225,73,206,333.33,0.8726,0.6082,0.252311,74,15,7,31.21,0.8936,0.1702,0.018131,4.437
185765,520,405,925,219,67,184,338.56,0.8353,0.5796,0.225373,7,36,3,140.66,0.9751,0.1266,0.013135,4.362
185767,520,466,986,143,75,241,297.31,0.9017,0.5168,0.172228,0,8,32,258.97,1.0000,0.0541,0.002779,4.211
185772,520,418,938,247,5,64,20.45,0.9970,0.5569,0.202564,44,15,41,331.51,0.5911,0.1232,0.010373,4.183
185780,520,426,946,199,20,253,315.30,0.9912,0.5622,0.197357,51,6,6,25.85,0.8759,0.1105,0.008473,4.230
185782,520,455,975,224,48,82,16.31,0.9005,0.5323,0.185731,16,8,21,311.71,0.4272,0.0613,0.003380,4.416
185784,520,359,879,241,34,229,331.10,0.9800,0.6204,0.255047,65,29,16,40.15,0.6279,0.1766,0.020401,4.333
185789,520,416,936,252,26,9,29.80,0.9944,0.5687,0.214577,49,6,45,332.15,0.7745,0.1221,0.009728,4.430
185795,520,388,908,246,74,2,36.88,0.9981,0.5933,0.244982,20,40,26,152.63,0.5083,0.1515,0.017408,4.376
185805,520,333,853,229,76,246,323.57,0.9604,0.6423,0.284828,22,41,101,266.55,0.8001,0.2045,0.026959,4.351
185815,520,409,929,238,32,152,352.39,0.9488,0.5725,0.214802,49,16,37,343.87,0.5815,0.1311,0.011572,4.301
185819,520,476,996,209,35,138,350.88,0.8793,0.5116,0.165946,2,2,5,283.18,0.3513,0.0245,0.000673,4.262
185837,520,472,992,158,58,249,302.52,0.9625,0.5226,0.171352,10,1,12,322.72,0.7464,0.0343,0.001128,4.329
185840,520,397,917,248,43,112,8.38,0.9479,0.5842,0.228575,46,27,6,66.00,0.7030,0.1390,0.013779,4.368
185850,520,444,964,217,49,139,353.28,0.8480,0.5376,0.188148,15,20,5,123.74,0.5858,0.0827,0.006128,4.243
185856,520,454,974,195,64,180,332.79,0.7874,0.5334,0.185658,5,14,23,247.07,0.4631,0.0657,0.004082,4.357
185867,520,446,966,199,47,200,327.81,0.8847,0.5366,0.183470,26,4,46,303.63,0.8326,0.0833,0.005037,4.242
185868,520,298,818,240,111,175,351.37,0.8092,0.6670,0.329919,7,64,18,145.71,0.9820,0.2256,0.037555,4.339
185877,520,476,996,215,29,123,357.56,0.9146,0.5138,0.167583,5,0,8,317.19,1.0000,0.0230,0.000498,4.309
185890,520,401,921,248,52,58,25.45,0.9666,0.5797,0.227215,5,39,0,140.26,1.0000,0.1354,0.014832,4.276
185893,520,420,940,252,8,4,29.26,0.9975,0.5634,0.208817,18,28,25,174.33,0.2334,0.1132,0.010293,4.293
185901,520,291,811,235,124,178,350.94,0.7418,0.6816,0.352941,39,62,44,150.44,0.4142,0.2403,0.040583,4.448
185908,520,433,953,210,82,93,18.19,0.7270,0.5471,0.205287,24,14,53,290.26,0.6957,0.1030,0.007653,4.428
185918,520,385,905,198,91,201,326.46,0.7424,0.5855,0.237064,8,43,9,143.60,0.9585,0.1517,0.017990,4.222
185931,520,357,877,221,101,163,350.23,0.6987,0.6171,0.273260,5,48,57,215.50,0.8535,0.1836,0.024415,4.344
185944,520,468,988,167,64,228,309.58,0.8695,0.5234,0.174845,1,5,24,263.33,0.8691,0.0423,0.001809,4.340
185955,520,388,908,202,88,212,324.38,0.7945,0.5937,0.242910,26,41,2,128.34,0.9568,0.1546,0.018098,4.301
185974,520,327,847,173,127,255,298.06,1.0000,0.6479,0.312832,29,57,11,135.63,0.9217,0.2102,0.032115,4.419
185980,520,442,962,193,28,231,318.42,0.9669,0.5375,0.179389,32,9,4,36.79,0.6764,0.0793,0.005113,4.162
185984,520,420,940,214,14,221,326.58,0.9874,0.5607,0.198327,56,0,10,17.29,1.0000,0.1137,0.008628,4.236
185987,520,452,972,238,3,35,25.91,0.9984,0.5337,0.183669,6,18,15,176.78,0.4375,0.0733,0.005058,4.244
186003,520,445,965,240,16,31,27.06,0.9917,0.5407,0.189981,12,19,14,153.63,0.2510,0.0799,0.005756,4.304
186004,520,412,932,248,26,79,17.45,0.9789,0.5675,0.212633,52,6,24,1.67,0.7727,0.1172,0.009264,4.432
186010,520,290,810,254,69,246,329.93,0.9963,0.6758,0.319839,73,49,22,67.39,0.5803,0.2363,0.036712,4.265
186011,520,429,949,214,14,205,330.66,0.9825,0.5497,0.190201,35,9,47,313.20,0.7236,0.1043,0.007580,4.172
186012,520,411,931,231,64,105,11.11,0.8535,0.5666,0.216785,23,16,66,282.47,0.7793,0.1175,0.009461,4.487
186013,520,432,952,183,42,253,310.30,0.9892,0.5482,0.188161,11,25,13,147.72,0.5374,0.0958,0.007954,4.109
186016,520,412,932,224,58,156,349.24,0.8454,0.5659,0.212762,44,10,50,321.31,0.7267,0.1219,0.009829,4.392
186027,520,399,919,157,107,238,298.48,0.8135,0.5818,0.238567,14,37,30,171.43,0.5407,0.1397,0.015102,4.433
186036,520,362,882,240,76,157,354.08,0.8615,0.6135,0.261314,33,47,0,125.41,1.0000,0.1794,0.023563,4.232
186039,520,467,987,231,26,23,28.63,0.9823,0.5247,0.177927,10,6,5,37.83,0.1851,0.0447,0.002057,4.378
186067,520,460,980,143,84,244,295.66,0.9040,0.5325,0.187120,10,13,14,219.84,0.0959,0.0634,0.003841,4.404
186075,520,390,910,229,64,174,344.45,0.8580,0.5890,0.233834,58,16,40,348.30,0.6434,0.1486,0.014235,4.419
186084,520,344,864,238,103,106,21.27,0.8225,0.6299,0.289210,17,48,59,224.34,0.5899,0.1892,0.025487,4.494
186099,520,299,819,254,82,212,339.16,0.9928,0.6690,0.318620,5,66,27,149.64,0.9831,0.2336,0.040077,4.092
186106,520,309,829,226,104,233,325.41,0.8866,0.6639,0.319545,35,60,6,131.91,0.9508,0.2238,0.036021,4.296
186121,520,86,606,223,225,251,282.18,0.7516,0.9023,0.765032,36,117,7,139.93,0.9939,0.4142,0.131125,4.500
186123,520,468,988,232,17,8,29.39,0.9928,0.5226,0.175774,7,3,25,288.66,0.7556,0.0440,0.001805,4.358
186131,520,477,997,198,26,180,333.49,0.9249,0.5086,0.160417,5,1,1,21.77,0.5474,0.0229,0.000562,4.162
186144,520,433,953,209,38,204,329.55,0.9286,0.5503,0.193031,31,16,20,2.44,0.3230,0.0953,0.007124,4.254
186180,520,46,566,245,241,189,103.94,0.7569,0.9401,0.859976,42,125,27,140.96,0.9723,0.4437,0.152380,4.496
186182,520,471,991,194,82,81,23.14,0.6821,0.5162,0.180998,2,2,29,271.74,0.9427,0.0395,0.001450,4.490
186199,520,391,911,217,27,244,321.84,0.9831,0.5869,0.220692,19,2,112,271.86,0.9961,0.1545,0.013516,4.262
186204,520,280,800,255,109,178,353.35,1.0000,0.6889,0.354147,71,57,10,91.37,0.8275,0.2528,0.042879,4.351
186205,520,453,973,231,42,32,29.02,0.9615,0.5347,0.187522,23,0,40,307.13,1.0000,0.0670,0.003354,4.452
186212,520,76,596,253,214,255,324.59,1.0000,0.9083,0.761967,56,112,90,165.94,0.5672,0.4212,0.131668,4.470
186220,520,243,763,245,140,189,351.47,0.8147,0.7279,0.418451,50,73,11,128.41,0.9171,0.2779,0.054673,4.475
186232,520,471,991,229,30,0,30.91,1.0000,0.5215,0.175896,1,1,33,267.94,0.9855,0.0394,0.001380,4.397
186247,520,385,905,250,55,65,24.25,0.9730,0.5871,0.234416,57,10,55,329.79,0.7577,0.1480,0.013629,4.470
186256,520,392,912,222,49,225,327.37,0.9440,0.5937,0.231646,2,4,115,264.89,0.9964,0.1528,0.013374,4.444
186271,520,409,929,228,77,67,27.63,0.8630,0.5679,0.222097,21,33,14,134.84,0.5517,0.1273,0.012788,4.334
186272,520,369,889,211,89,206,329.22,0.7947,0.6052,0.254516,79,10,0,33.21,1.0000,0.1749,0.018796,4.426
186322,520,380,900,235,9,233,328.81,0.9960,0.6049,0.237433,56,18,55,328.64,0.6509,0.1564,0.015493,4.389
186333,520,435,955,241,31,44,25.89,0.9774,0.5500,0.198660,39,6,5,26.62,0.7977,0.0866,0.005726,4.462
186347,520,411,931,243,53,50,27.26,0.9502,0.5695,0.218345,22,22,62,278.68,0.6655,0.1246,0.010922,4.405
186350,520,366,886,223,38,253,321.21,0.9919,0.6085,0.241681,71,18,32,8.26,0.6949,0.1733,0.018767,4.242
186359,520,418,938,247,22,73,18.79,0.9837,0.5628,0.208326,30,6,76,289.03,0.9179,0.1216,0.009281,4.358
186363,520,464,984,129,82,252,289.72,0.9722,0.5211,0.177298,3,3,36,271.96,0.9385,0.0490,0.002118,4.361
186383,520,376,896,237,5,220,332.39,0.9972,0.5991,0.232831,47,7,93,296.55,0.9213,0.1634,0.015466,4.320
186403,520,364,884,210,70,246,318.50,0.9519,0.6070,0.247374,49,37,26,63.89,0.2927,0.1723,0.020507,4.218
186408,520,474,994,221,18,113,1.95,0.9607,0.5176,0.169997,2,3,10,271.66,0.5048,0.0301,0.000999,4.314
186413,520,433,953,227,31,141,353.73,0.9308,0.5459,0.192367,44,3,35,338.40,0.8038,0.1027,0.007220,4.236
186427,520,434,954,215,29,201,331.98,0.9533,0.5542,0.195450,45,3,24,354.43,0.8054,0.0991,0.006891,4.314
186439,520,1,521,255,255,255,0.00,0.0000,1.0000,1.000000,27,138,46,145.24,0.9797,0.4837,0.186065,4.448
186444,520,341,861,214,129,41,61.23,0.8457,0.6286,0.301587,20,55,30,150.61,0.7827,0.2017,0.029747,4.409
186446,520,458,978,205,24,193,331.58,0.9502,0.5288,0.174846,26,2,10,359.73,0.7578,0.0578,0.002850,4.254
186450,520,465,985,170,83,182,322.65,0.6722,0.5207,0.181109,2,2,37,269.81,0.9699,0.0467,0.001899,4.453
186452,520,387,907,169,105,238,303.62,0.8228,0.5924,0.247117,13,42,29,161.71,0.6926,0.1550,0.018301,4.350
186464,520,415,935,196,75,212,322.84,0.8232,0.5678,0.215228,53,9,8,26.19,0.8262,0.1190,0.009699,4.443
186471,520,312,832,244,111,139,9.15,0.8255,0.6609,0.324689,1,57,73,223.61,0.9754,0.2200,0.034136,4.453
186508,520,338,858,246,77,196,341.97,0.9312,0.6423,0.288890,34,49,48,191.01,0.2206,0.1978,0.027501,4.373
186511,520,408,928,220,1,229,326.20,0.9993,0.5743,0.208967,8,33,35,202.47,0.6202,0.1264,0.012606,4.136
186520,520,360,880,218,88,209,330.45,0.8244,0.6164,0.264903,57,37,2,76.77,0.9181,0.1796,0.021975,4.375
186524,520,453,973,194,2,231,318.99,0.9981,0.5315,0.172838,3,18,2,141.44,0.9479,0.0675,0.004563,4.084
186541,520,413,933,204,31,246,317.96,0.9761,0.5688,0.204728,52,4,39,341.47,0.8027,0.1216,0.009635,4.271
186559,520,319,839,211,115,220,324.02,0.7657,0.6521,0.312791,67,42,64,330.97,0.3635,0.2246,0.032195,4.414
186581,520,455,975,216,46,120,0.21,0.8565,0.5259,0.179114,4,4,42,272.05,0.9369,0.0577,0.002798,4.339
186616,520,472,992,180,72,181,327.31,0.7346,0.5194,0.176754,10,1,11,325.21,0.7357,0.0338,0.001104,4.437
186623,520,465,985,220,5,130,355.30,0.9882,0.5185,0.169385,15,7,9,1.29,0.2685,0.0534,0.002732,4.160
186625,520,412,932,203,54,231,320.62,0.9242,0.5705,0.211060,3,25,66,260.50,0.9148,0.1235,0.011079,4.274
186635,520,401,921,231,87,26,39.75,0.9529,0.5827,0.238827,27,35,24,137.26,0.2799,0.1410,0.015010,4.443
186636,520,472,992,200,20,193,330.24,0.9571,0.5182,0.166317,5,0,22,291.44,1.0000,0.0318,0.000902,4.250
186638,520,461,981,217,39,136,353.73,0.8825,0.5289,0.179828,0,3,37,263.86,1.0026,0.0471,0.001987,4.421
186641,520,477,997,228,2,3,29.10,0.9989,0.5100,0.165470,4,0,5,323.04,1.0000,0.0198,0.000368,4.278
186651,520,468,988,180,88,127,355.04,0.5585,0.5167,0.182164,13,3,13,327.33,0.5644,0.0433,0.001798,4.482
186656,520,422,942,229,26,161,347.31,0.9524,0.5565,0.199728,26,24,9,101.75,0.4638,0.1052,0.008926,4.238
186660,520,261,781,242,147,90,50.44,0.8179,0.7107,0.404853,16,77,5,141.13,0.9913,0.2721,0.054287,4.362
186672,520,260,780,223,146,201,337.90,0.6336,0.7143,0.404643,51,70,18,127.22,0.8169,0.2699,0.051277,4.489
186673,520,464,984,231,0,60,20.08,1.0000,0.5209,0.173183,0,7,32,260.10,1.0000,0.0519,0.002562,4.246
186678,520,362,882,231,72,188,340.60,0.8604,0.6075,0.252570,54,40,8,84.39,0.7560,0.1837,0.023195,4.134
186693,520,265,785,250,130,169,0.73,0.8721,0.7106,0.391566,36,71,29,140.38,0.8137,0.2636,0.049701,4.429
186722,520,477,997,174,31,237,311.42,0.9616,0.5139,0.160940,7,0,2,357.01,1.0000,0.0225,0.000496,4.177
186735,520,314,834,221,99,245,320.76,0.9380,0.6570,0.308901,43,48,85,276.25,0.4542,0.2238,0.032833,4.333
186737,520,409,929,247,17,114,6.06,0.9838,0.5709,0.213934,49,3,55,322.82,0.8628,0.1255,0.009940,4.403
186743,520,353,873,235,96,111,16.55,0.8028,0.6155,0.271784,23,46,50,209.85,0.4063,0.1816,0.023664,4.368
186762,520,404,924,186,75,248,310.54,0.9482,0.5789,0.222495,31,13,76,288.21,0.8400,0.1314,0.011009,4.466
186780,520,480,1000,196,52,149,344.16,0.7947,0.5058,0.163635,0,0,0,0.00,0.0000,0.0000,0.000000,4.273
186781,520,341,861,217,79,246,320.15,0.9515,0.6272,0.269993,6,45,91,255.76,0.8812,0.1992,0.026707,4.172
186785,520,421,941,199,66,216,322.96,0.8627,0.5649,0.209979,51,3,16,10.21,0.8632,0.1085,0.008065,4.477
186786,520,343,863,230,56,252,322.86,0.9878,0.6304,0.266818,49,37,65,303.05,0.3966,0.1896,0.023578,4.306
186787,520,325,845,246,45,251,327.07,0.9878,0.6489,0.284374,8,59,10,143.38,0.9805,0.2074,0.032013,4.077
186788,520,232,752,240,143,211,339.05,0.8287,0.7352,0.428754,40,72,83,222.13,0.4128,0.2876,0.057102,4.470
186800,520,357,877,232,74,202,336.45,0.8802,0.6186,0.263201,38,43,39,151.46,0.0974,0.1801,0.022863,4.298
186813,520,431,951,163,82,237,304.53,0.8673,0.5482,0.199361,4,18,58,264.13,0.8873,0.1003,0.007639,4.326
186817,520,260,780,175,161,231,292.98,0.6199,0.7055,0.403732,20,74,29,146.22,0.9425,0.2658,0.051348,4.477
186830,520,346,866,224,88,208,332.57,0.8383,0.6252,0.273829,1,35,104,261.67,0.9888,0.1854,0.022078,4.493
186831,520,476,996,173,1,248,309.32,0.9992,0.5124,0.156842,0,1,3,247.65,1.0000,0.0159,0.000283,4.114
186837,520,384,904,252,50,52,26.59,0.9859,0.5855,0.232283,54,9,70,315.13,0.8161,0.1532,0.014219,4.396
186838,520,377,897,206,75,236,319.54,0.9036,0.5992,0.242116,32,38,29,135.20,0.2017,0.1561,0.017820,4.307
186855,520,374,894,174,106,243,304.34,0.8588,0.6036,0.257783,31,37,54,269.12,0.2971,0.1637,0.018808,4.473
186861,520,453,973,196,37,207,325.13,0.9222,0.5293,0.175655,8,12,26,270.19,0.4425,0.0651,0.003891,4.187
186867,520,442,962,196,64,191,329.46,0.8089,0.5417,0.191657,38,4,1,33.00,0.9380,0.0804,0.005012,4.393
186886,520,371,891,220,85,199,334.29,0.8138,0.6101,0.258382,6,30,99,264.24,0.9307,0.1706,0.018680,4.490
186895,520,362,882,202,102,204,326.62,0.7196,0.6097,0.264204,25,48,29,148.52,0.5525,0.1813,0.024092,4.241
186903,520,365,885,221,41,253,320.65,0.9916,0.6068,0.240519,64,26,0,51.33,1.0000,0.1666,0.018289,4.254
186904,520,453,973,182,79,172,331.41,0.6869,0.5270,0.185169,30,0,24,336.76,1.0000,0.0664,0.003420,4.402
186907,520,329,849,242,70,229,331.30,0.9440,0.6467,0.289174,5,56,54,190.79,0.9040,0.2080,0.031268,4.174
186918,520,410,930,212,57,199,331.75,0.8739,0.5665,0.210488,2,35,36,197.81,0.9027,0.1302,0.013423,4.107
186932,520,328,848,224,131,23,61.49,0.9405,0.6464,0.321439,29,57,29,144.00,0.6739,0.2132,0.032761,4.488
186944,520,372,892,220,99,162,350.11,0.6986,0.6121,0.267501,43,41,22,103.07,0.3956,0.1747,0.021574,4.436
186945,520,469,989,175,44,227,313.56,0.9218,0.5154,0.164624,6,3,21,289.16,0.7011,0.0404,0.001580,4.161
186946,520,474,994,171,73,195,319.24,0.7537,0.5159,0.173641,7,1,2,6.35,0.6054,0.0262,0.000713,4.410
186955,520,332,852,218,122,135,12.06,0.5931,0.6382,0.305757,7,54,52,190.61,0.8564,0.2011,0.029313,4.485
186961,520,479,999,221,44,13,31.80,0.9833,0.5144,0.172053,3,0,0,29.23,1.0000,0.0143,0.000194,4.424
186983,520,350,870,250,38,223,334.63,0.9789,0.6344,0.270410,60,23,87,307.38,0.7381,0.1945,0.022616,4.412
186986,520,465,985,212,34,141,350.45,0.8903,0.5182,0.170665,16,7,3,53.67,0.4634,0.0526,0.002687,4.188
186998,520,421,941,162,82,249,301.74,0.9428,0.5566,0.205559,39,18,22,8.24,0.3999,0.1119,0.009219,4.315
187000,520,414,934,222,88,19,42.06,0.9579,0.5675,0.225586,14,33,5,136.63,0.9090,0.1208,0.011920,4.451
187022,520,398,918,224,92,0,44.70,1.0000,0.5766,0.235042,6,34,53,242.35,0.7386,0.1386,0.014397,4.426
187057,520,397,917,249,39,107,9.85,0.9570,0.5824,0.226558,36,34,1,106.25,0.9496,0.1430,0.015213,4.241
187071,520,436,956,173,72,238,308.73,0.8939,0.5493,0.196928,26,13,27,324.33,0.4116,0.0856,0.005866,4.420
187090,520,410,930,208,87,142,354.47,0.6792,0.5666,0.221812,26,14,77,282.71,0.8569,0.1287,0.010695,4.478
187108,520,459,979,218,53,101,9.05,0.8491,0.5297,0.183937,15,10,1,89.59,0.7778,0.0574,0.003208,4.397
187116,520,49,569,249,236,220,73.18,0.5871,0.9407,0.852985,19,125,65,152.05,0.9742,0.4430,0.151867,4.473
187118,520,418,938,225,0,192,336.87,1.0000,0.5587,0.198159,51,3,39,340.42,0.8218,0.1183,0.009155,4.195
187125,520,419,939,242,32,93,12.97,0.9611,0.5609,0.207039,23,23,29,285.32,0.1373,0.1057,0.008837,4.369
187136,520,423,943,177,72,242,309.17,0.9144,0.5580,0.203935,37,16,40,322.46,0.5328,0.1135,0.009171,4.292
187178,520,447,967,209,55,169,340.55,0.8288,0.5424,0.191543,33,0,35,325.97,1.0000,0.0783,0.004447,4.436
187183,520,408,928,221,12,219,328.83,0.9903,0.5712,0.207518,55,3,47,335.56,0.8391,0.1310,0.010827,4.234
187200,520,443,963,180,35,249,310.50,0.9716,0.5358,0.177459,28,9,31,322.02,0.5841,0.0834,0.005412,4.105
187201,520,423,943,182,76,235,312.13,0.8785,0.5645,0.211131,10,20,63,268.39,0.8312,0.1128,0.009237,4.408
187210,520,420,940,193,63,232,317.11,0.8983,0.5639,0.207200,25,15,62,286.72,0.7516,0.1139,0.008961,4.362
187224,520,405,925,197,68,237,316.89,0.9077,0.5788,0.221203,28,31,20,120.42,0.2659,0.1292,0.012774,4.320
187226,520,307,827,249,71,247,328.49,0.9792,0.6700,0.313644,11,50,105,258.25,0.8657,0.2264,0.033721,4.344
187236,520,421,941,224,65,112,7.44,0.8210,0.5564,0.208004,39,10,40,326.33,0.6647,0.1070,0.008017,4.447
187241,520,339,859,254,62,191,344.74,0.9916,0.6399,0.282810,7,53,53,194.94,0.8448,0.1983,0.028483,4.241
187255,520,449,969,233,43,2,32.12,0.9979,0.5381,0.190589,11,11,37,279.15,0.6373,0.0725,0.004441,4.419
187257,520,389,909,252,53,63,24.53,0.9839,0.5892,0.236042,58,22,10,38.72,0.7008,0.1493,0.014954,4.404
187275,520,416,936,251,12,62,21.42,0.9938,0.5666,0.211237,33,27,3,95.85,0.8071,0.1203,0.011138,4.273
187292,520,380,900,214,55,245,320.32,0.9562,0.5991,0.236229,61,21,25,16.50,0.5963,0.1564,0.015988,4.338
187312,520,459,979,162,65,248,303.51,0.9520,0.5345,0.182398,6,15,4,138.57,0.6539,0.0622,0.003891,4.312
187333,520,333,853,208,121,180,340.23,0.5847,0.6386,0.303814,21,55,20,143.04,0.8858,0.2001,0.029422,4.455
187336,520,472,992,221,37,89,12.08,0.9184,0.5198,0.174192,4,4,3,107.10,0.1090,0.0325,0.001192,4.379
187351,520,394,914,218,32,245,321.81,0.9791,0.5914,0.225330,37,10,77,294.49,0.8592,0.1359,0.011462,4.480
187373,520,446,966,220,55,112,5.23,0.8405,0.5387,0.191204,35,7,10,16.42,0.6559,0.0823,0.005313,4.361
187379,520,392,912,210,62,239,320.43,0.9289,0.5943,0.233806,46,21,62,310.11,0.6307,0.1505,0.014650,4.390
187380,520,301,821,255,60,247,329.96,1.0000,0.6710,0.312102,85,31,63,346.52,0.6053,0.2324,0.032704,4.378
187389,520,431,951,212,28,199,331.75,0.9513,0.5470,0.189532,18,21,34,273.78,0.3100,0.0985,0.007804,4.144
187390,520,306,826,243,108,180,349.52,0.8482,0.6693,0.330778,53,57,6,114.18,0.8868,0.2306,0.036963,4.379
187403,520,431,951,242,11,82,15.27,0.9909,0.5509,0.197292,29,10,48,303.34,0.7162,0.0982,0.006917,4.345
187406,520,347,867,218,73,250,319.71,0.9733,0.6251,0.265744,55,13,101,298.53,0.8801,0.1887,0.020397,4.485
187436,520,334,854,247,23,250,327.65,0.9934,0.6406,0.272919,27,54,30,146.59,0.6311,0.2024,0.029650,4.054
187447,520,319,839,254,0,255,328.15,1.0000,0.6516,0.282939,69,38,72,323.83,0.4811,0.2234,0.031194,4.101
187450,520,432,952,235,24,131,358.53,0.9607,0.5547,0.199572,28,3,64,293.86,0.9314,0.1019,0.006822,4.392
187466,520,410,930,192,78,225,317.81,0.8453,0.5742,0.220927,46,13,57,316.54,0.7202,0.1342,0.011642,4.395
187470,520,463,983,200,55,180,334.24,0.8259,0.5327,0.183088,17,4,2,36.61,0.6175,0.0466,0.002104,4.474
187479,520,476,996,180,19,231,314.85,0.9781,0.5128,0.159397,1,1,15,273.08,0.9139,0.0250,0.000626,4.136
187480,520,476,996,186,88,50,40.88,0.7440,0.5069,0.176504,2,0,13,287.44,1.0000,0.0215,0.000420,4.492
187484,520,331,851,241,38,249,326.42,0.9838,0.6355,0.269292,68,17,93,311.59,0.8069,0.2047,0.024203,4.303
187507,520,472,992,194,0,211,323.86,1.0000,0.5152,0.161741,6,1,17,299.60,0.8158,0.0325,0.001009,4.151
187525,520,331,851,244,40,251,326.65,0.9876,0.6429,0.277184,54,40,53,328.66,0.2421,0.1966,0.025589,4.328
187542,520,397,917,232,14,202,335.85,0.9878,0.5806,0.217368,15,35,47,236.83,0.4905,0.1421,0.015088,4.108
187551,520,455,975,239,2,23,27.53,0.9990,0.5348,0.184594,16,1,36,299.27,0.9251,0.0569,0.002592,4.461
187552,520,339,859,244,88,182,346.89,0.8922,0.6448,0.295928,5,56,41,167.77,0.9392,0.2028,0.030206,4.313
187555,520,434,954,244,9,12,28.80,0.9963,0.5466,0.194585,27,19,23,347.03,0.1845,0.0978,0.007606,4.246
187582,520,464,984,204,6,195,330.78,0.9889,0.5230,0.169097,11,4,19,305.87,0.5837,0.0465,0.002050,4.209
187585,520,462,982,230,23,77,16.07,0.9706,0.5283,0.179746,2,0,41,269.60,1.0000,0.0461,0.001730,4.441
187590,520,231,751,234,160,141,35.01,0.6349,0.7364,0.445590,38,80,21,138.08,0.9274,0.2933,0.062034,4.424
187616,520,457,977,231,28,30,27.84,0.9791,0.5261,0.179162,18,8,21,318.26,0.4382,0.0635,0.003564,4.278
187621,520,360,880,247,26,214,336.18,0.9850,0.6186,0.253711,17,36,91,265.69,0.8197,0.1803,0.021361,4.256
187640,520,410,930,185,89,213,318.01,0.7643,0.5710,0.222642,46,18,28,358.95,0.4918,0.1254,0.010974,4.471
187649,520,283,803,250,105,208,340.40,0.9549,0.6884,0.349840,7,57,116,256.32,0.9149,0.2538,0.042321,4.331
187651,520,399,919,215,47,218,327.35,0.9321,0.5758,0.215441,36,27,51,300.32,0.4123,0.1418,0.013980,4.149
187654,520,367,887,248,37,192,342.44,0.9664,0.6129,0.250886,15,45,40,180.91,0.6062,0.1696,0.021315,4.219
187668,520,453,973,220,24,142,351.57,0.9403,0.5293,0.178245,4,17,3,141.49,0.8889,0.0657,0.004333,4.201
187710,520,429,949,236,35,83,15.74,0.9522,0.5479,0.196626,36,12,26,346.08,0.5237,0.0977,0.007126,4.317
187711,520,321,841,252,68,205,340.33,0.9791,0.6485,0.292406,16,42,106,264.01,0.8657,0.2090,0.028065,4.386
187714,520,462,982,170,45,253,306.29,0.9886,0.5313,0.175154,10,1,29,295.22,0.9057,0.0450,0.001749,4.351
187719,520,446,966,170,60,247,306.68,0.9506,0.5392,0.184939,32,2,35,324.33,0.8265,0.0801,0.004719,4.294
187724,520,383,903,254,18,145,357.34,0.9919,0.5959,0.235514,72,0,15,17.69,1.0000,0.1513,0.014125,4.452
187731,520,469,989,213,63,5,36.63,0.9899,0.5166,0.177145,1,4,19,263.66,0.8202,0.0365,0.001403,4.419
187751,520,382,902,234,83,117,10.39,0.8145,0.5975,0.249661,13,40,57,239.40,0.6198,0.1619,0.018985,4.344
187770,520,384,904,239,25,196,339.15,0.9767,0.5933,0.230344,22,16,92,275.40,0.9234,0.1455,0.013138,4.440
187774,520,426,946,221,49,176,341.19,0.8832,0.5626,0.207058,18,7,79,276.77,0.9537,0.1147,0.008450,4.398
187798,520,313,833,251,86,190,345.61,0.9591,0.6578,0.308856,23,60,43,161.39,0.6663,0.2235,0.035882,4.178
187804,520,448,968,215,80,40,36.58,0.8891,0.5445,0.203400,0,22,24,202.39,1.0000,0.0838,0.006397,4.493
187836,520,465,985,220,40,72,18.26,0.9242,0.5159,0.172038,0,8,18,242.09,1.0000,0.0451,0.002173,4.256
187851,520,442,962,221,3,175,340.82,0.9947,0.5419,0.185349,28,12,20,349.26,0.3952,0.0833,0.005604,4.233
187858,520,473,993,202,41,174,336.60,0.8694,0.5211,0.172003,14,0,6,349.01,1.0000,0.0336,0.001065,4.347
187865,520,422,942,235,54,67,22.90,0.9249,0.5566,0.207088,31,19,30,329.39,0.3130,0.1059,0.008508,4.394
187872,520,401,921,255,40,41,27.53,1.0000,0.5838,0.229415,13,19,90,269.64,0.9366,0.1420,0.012894,4.443
187874,520,397,917,255,20,93,13.79,1.0000,0.5828,0.225544,18,23,83,272.01,0.8636,0.1442,0.013659,4.328
187901,520,408,928,217,84,129,2.31,0.7219,0.5728,0.226796,32,25,41,304.05,0.3160,0.1265,0.011624,4.492
187910,520,431,951,184,57,233,314.37,0.9066,0.5451,0.190009,3,16,60,264.51,0.9178,0.0975,0.007161,4.199
187911,520,296,816,252,71,254,327.55,0.9968,0.6792,0.323605,21,32,149,268.04,0.9614,0.2413,0.033621,4.468
187927,520,415,935,235,55,104,10.67,0.8908,0.5655,0.213970,48,10,27,356.27,0.6715,0.1159,0.009247,4.455
187944,520,332,852,247,77,188,344.79,0.9311,0.6402,0.287158,15,41,96,262.76,0.8337,0.1964,0.025318,4.476
187952,520,468,988,218,50,86,14.47,0.8750,0.5230,0.178611,1,6,18,255.51,0.7424,0.0412,0.001804,4.413
187954,520,467,987,199,74,91,15.47,0.7183,0.5155,0.177969,18,0,1,21.01,1.0000,0.0373,0.001308,4.443
187958,520,426,946,207,57,195,331.54,0.8577,0.5556,0.201337,2,19,69,263.36,0.9557,0.1125,0.009083,4.254
187960,520,378,898,247,3,181,344.93,0.9977,0.5950,0.231787,42,28,60,302.62,0.4947,0.1573,0.016490,4.238
187965,520,423,943,245,30,8,30.19,0.9941,0.5557,0.203621,39,19,18,23.28,0.3936,0.1127,0.009408,4.269
187975,520,323,843,231,125,16,56.71,0.9691,0.6453,0.316960,13,58,25,148.63,0.9347,0.2078,0.031817,4.485
188003,520,357,877,255,39,186,345.70,1.0000,0.6239,0.262597,80,11,21,19.04,0.8626,0.1813,0.019993,4.466
188006,520,367,887,214,90,205,330.50,0.7967,0.6106,0.260181,17,44,40,182.85,0.5357,0.1675,0.020737,4.385
188009,520,335,855,248,87,147,1.02,0.9052,0.6367,0.288826,1,49,80,244.00,0.9620,0.2002,0.027821,4.354
188016,520,442,962,159,83,235,303.38,0.8541,0.5430,0.195560,25,15,3,73.72,0.6508,0.0805,0.005549,4.421
188027,520,330,850,250,77,187,345.82,0.9533,0.6449,0.292227,93,17,10,29.75,0.9148,0.2142,0.027504,4.416
188030,520,178,698,250,169,218,342.86,0.9133,0.7993,0.537638,40,92,15,137.89,0.9695,0.3335,0.081396,4.472
188043,520,444,964,239,20,40,25.80,0.9877,0.5407,0.190076,2,10,54,265.45,0.9430,0.0795,0.004963,4.368
188052,520,282,802,191,142,237,306.94,0.7492,0.6856,0.365373,1,66,81,219.36,0.9818,0.2531,0.044967,4.374
188053,520,376,896,244,29,182,344.29,0.9703,0.5967,0.234924,55,12,77,311.00,0.8105,0.1641,0.016111,4.310
188054,520,330,850,238,114,26,48.88,0.9559,0.6372,0.302892,41,48,69,269.85,0.3007,0.2116,0.030149,4.403
188063,520,470,990,174,25,252,308.40,0.9861,0.5245,0.167231,6,4,4,18.05,0.1290,0.0351,0.001343,4.231
188066,520,434,954,167,86,226,308.05,0.8089,0.5509,0.203627,10,1,79,271.62,0.9960,0.1009,0.006507,4.488
188082,520,151,671,255,174,223,342.80,1.0000,0.8171,0.568618,34,96,64,157.57,0.7999,0.3525,0.090756,4.395
188088,520,416,936,194,58,247,314.15,0.9562,0.5722,0.212121,15,2,93,272.41,0.9938,0.1248,0.009352,4.416
188100,520,437,957,191,60,217,320.42,0.8713,0.5468,0.193192,25,16,35,304.87,0.4370,0.0948,0.006986,4.268
188105,520,271,791,210,146,197,334.05,0.5314,0.6963,0.382918,16,73,43,155.58,0.9153,0.2642,0.050495,4.308
188117,520,402,922,216,50,211,329.46,0.9174,0.5751,0.215854,4,36,5,143.59,0.9746,0.1255,0.012985,4.221
188122,520,478,998,229,4,34,25.83,0.9974,0.5143,0.168634,5,0,6,324.01,1.0000,0.0219,0.000454,4.333
188141,520,421,941,241,37,85,15.82,0.9542,0.5597,0.206831,50,5,0,34.13,1.0000,0.1057,0.007868,4.438
188144,520,337,857,239,50,255,324.49,1.0000,0.6430,0.278544,59,36,55,333.09,0.3618,0.1951,0.024675,4.400
188178,520,257,777,238,136,184,351.24,0.7437,0.7091,0.392483,3,73,59,174.06,0.9753,0.2661,0.051000,4.381
188215,520,440,960,209,11,215,326.80,0.9879,0.5469,0.187029,24,18,26,317.60,0.2231,0.0933,0.007014,4.157
188218,520,433,953,227,64,89,16.78,0.8569,0.5550,0.207217,46,5,12,15.17,0.8038,0.1001,0.007160,4.500
188221,520,438,958,207,18,220,324.99,0.9804,0.5489,0.188672,18,22,19,153.10,0.1213,0.0944,0.007494,4.151
188231,520,408,928,236,59,101,12.47,0.8858,0.5702,0.219034,41,13,66,304.09,0.7695,0.1342,0.011526,4.373
188250,520,414,934,243,53,61,24.71,0.9441,0.5709,0.219412,40,16,44,321.74,0.5765,0.1204,0.010036,4.488
188256,520,420,940,168,87,240,305.14,0.8750,0.5642,0.214331,8,15,75,268.74,0.9373,0.1149,0.009012,4.479
188257,520,412,932,218,83,108,12.26,0.7389,0.5666,0.221770,3,32,33,198.20,0.8327,0.1199,0.011621,4.410
188259,520,424,944,228,49,145,353.53,0.8793,0.5610,0.207377,37,2,65,303.40,0.9428,0.1137,0.008184,4.423
188260,520,319,839,223,128,100,37.24,0.6632,0.6480,0.320485,33,59,39,150.40,0.5065,0.2250,0.035977,4.309
188261,520,378,898,240,13,208,336.11,0.9918,0.5986,0.233701,25,31,74,273.61,0.6459,0.1578,0.016810,4.246
188291,520,458,978,174,65,227,312.12,0.8679,0.5338,0.183262,0,11,33,255.83,0.9999,0.0611,0.003491,4.361
188299,520,407,927,239,19,158,350.31,0.9761,0.5720,0.212882,41,8,63,307.45,0.8164,0.1253,0.010040,4.378
188324,520,414,934,246,6,125,2.03,0.9941,0.5699,0.212072,0,12,84,264.01,1.0041,0.1170,0.009030,4.440
188333,520,428,948,232,27,147,352.60,0.9506,0.5563,0.200491,5,8,76,267.82,0.9747,0.1040,0.007277,4.373
188338,520,407,927,245,9,116,4.86,0.9912,0.5656,0.208722,1,9,97,264.69,0.9881,0.1314,0.010648,4.266
188340,520,415,935,231,76,12,37.95,0.9830,0.5674,0.221872,33,24,28,350.02,0.1771,0.1191,0.010605,4.486
188370,520,443,963,228,2,143,352.52,0.9963,0.5395,0.185234,11,16,35,270.83,0.5002,0.0816,0.005631,4.228
188378,520,362,882,251,75,97,18.15,0.9624,0.6141,0.264079,18,51,13,141.13,0.9277,0.1839,0.025252,4.174
188385,520,324,844,207,113,228,320.07,0.8023,0.6480,0.306784,66,42,36,34.63,0.3225,0.2118,0.029417,4.493
188393,520,367,887,210,95,202,330.22,0.7606,0.6098,0.261520,38,42,18,116.92,0.5120,0.1712,0.021117,4.380
188418,520,453,973,202,73,116,3.13,0.7145,0.5271,0.185846,12,15,23,268.55,0.2488,0.0733,0.004817,4.302
188426,520,410,930,181,107,169,333.09,0.5270,0.5705,0.232048,13,30,54,257.27,0.5912,0.1314,0.012804,4.491
188431,520,408,928,250,31,20,29.37,0.9857,0.5672,0.213582,60,7,14,19.07,0.8480,0.1322,0.011445,4.290
188449,520,455,975,217,63,28,33.79,0.9447,0.5255,0.183931,24,6,4,30.88,0.5990,0.0613,0.003332,4.386
188450,520,429,949,159,81,244,301.77,0.9081,0.5474,0.197878,34,17,12,37.16,0.4130,0.0994,0.007676,4.298
188453,520,431,951,241,42,3,31.72,0.9974,0.5541,0.203666,39,15,18,13.38,0.4778,0.1048,0.008167,4.361
188459,520,328,848,248,62,227,333.26,0.9680,0.6487,0.289507,48,49,56,279.20,0.0988,0.2144,0.031105,4.186
188462,520,415,935,255,22,0,30.04,1.0000,0.5733,0.218377,44,16,30,350.74,0.5198,0.1193,0.009999,4.473
188463,520,38,558,236,250,178,117.14,0.8942,0.9508,0.894184,6,130,10,142.75,0.9974,0.4514,0.160252,4.491
188476,520,460,980,233,2,90,11.39,0.9975,0.5318,0.181083,13,2,35,293.93,0.8737,0.0550,0.002503,4.401
188482,520,125,645,227,207,203,31.11,0.2544,0.8485,0.652689,56,101,81,163.78,0.4897,0.3846,0.107419,4.464
188486,520,336,856,233,93,190,341.49,0.8269,0.6368,0.288725,42,49,8,118.70,0.8172,0.1950,0.027064,4.395
188499,520,446,966,234,4,97,9.29,0.9949,0.5361,0.184454,38,1,18,355.96,0.8739,0.0799,0.004775,4.280
188531,520,445,965,184,95,129,357.14,0.5342,0.5360,0.199611,1,23,6,149.89,0.9780,0.0818,0.006324,4.432
188534,520,331,851,248,85,162,354.91,0.9129,0.6397,0.290652,0,57,32,157.65,1.0000,0.2020,0.030304,4.242
188535,520,365,885,230,87,148,356.99,0.7764,0.6060,0.257801,50,36,30,44.29,0.2390,0.1722,0.020337,4.376
188536,520,370,890,223,34,254,321.05,0.9960,0.6073,0.239899,16,49,1,137.70,0.9940,0.1746,0.023089,3.966
188543,520,386,906,246,35,141,357.75,0.9532,0.5852,0.227213,43,28,53,310.85,0.4260,0.1541,0.016012,4.199
188552,520,110,630,255,209,136,78.33,1.0000,0.8659,0.686402,61,106,38,136.51,0.8537,0.3934,0.114398,4.479
188557,520,319,839,216,93,255,317.08,1.0000,0.6485,0.296492,25,29,137,270.17,0.9510,0.2232,0.028914,4.391
188591,520,411,931,237,48,128,1.44,0.9052,0.5711,0.216800,19,7,86,275.92,0.9639,0.1243,0.009622,4.475
188618,520,442,962,232,32,106,7.17,0.9422,0.5439,0.192324,29,8,19,349.36,0.5315,0.0773,0.004819,4.420
188622,520,311,831,250,79,205,340.21,0.9631,0.6557,0.303268,9,61,49,173.17,0.8897,0.2237,0.036172,4.100
188625,520,465,985,224,43,22,30.63,0.9714,0.5202,0.176358,3,6,25,269.15,0.7178,0.0473,0.002198,4.337
188629,520,420,940,231,15,166,345.99,0.9783,0.5591,0.200866,24,3,77,283.52,0.9673,0.1124,0.007951,4.329
188633,520,453,973,198,11,212,324.64,0.9847,0.5254,0.170003,27,3,36,315.74,0.8010,0.0749,0.004255,4.055
188635,520,348,868,201,105,231,317.55,0.8243,0.6289,0.282914,57,40,20,69.54,0.4922,0.1898,0.024380,4.476
188653,520,328,848,234,73,254,323.06,0.9956,0.6525,0.294155,16,41,105,264.33,0.8641,0.2056,0.027158,4.460
188665,520,453,973,194,27,214,322.87,0.9547,0.5256,0.171098,4,19,0,136.82,1.0000,0.0706,0.004915,4.026
188666,520,462,982,227,21,94,9.92,0.9655,0.5253,0.176783,15,5,21,312.37,0.5662,0.0540,0.002643,4.308
188670,520,415,935,211,11,243,320.69,0.9938,0.5713,0.205611,34,18,49,305.87,0.5706,0.1190,0.009945,4.264
188698,520,451,971,218,2,176,339.78,0.9962,0.5365,0.180858,7,16,23,241.93,0.3751,0.0721,0.004776,4.215
188702,520,414,934,245,43,70,21.16,0.9564,0.5688,0.215859,47,5,55,320.62,0.8210,0.1245,0.009888,4.439
188715,520,380,900,240,72,122,7.12,0.8676,0.5968,0.245682,16,45,22,148.39,0.7896,0.1644,0.020448,4.197
188718,520,465,985,224,38,67,19.97,0.9399,0.5219,0.176416,10,0,38,288.08,1.0000,0.0505,0.002045,4.350
188721,520,368,888,222,47,253,320.80,0.9914,0.6121,0.246565,11,38,78,258.50,0.7810,0.1709,0.020073,4.232
188729,520,403,923,223,76,137,358.47,0.7754,0.5757,0.226655,55,14,14,23.67,0.7153,0.1309,0.011581,4.493
188739,520,476,996,208,28,150,346.02,0.9084,0.5114,0.164446,3,0,16,290.10,1.0000,0.0250,0.000568,4.241
188769,520,425,945,196,62,223,320.32,0.8847,0.5610,0.205102,31,25,11,87.02,0.4308,0.1140,0.010108,4.244
188786,520,432,952,222,70,69,25.02,0.8568,0.5483,0.203422,42,9,19,4.86,0.6478,0.1005,0.007347,4.419
188787,520,369,889,242,5,227,331.83,0.9979,0.6126,0.245347,60,27,22,29.94,0.5230,0.1650,0.018026,4.342
188788,520,408,928,249,38,38,27.74,0.9774,0.5700,0.216695,53,18,17,23.99,0.6094,0.1343,0.012301,4.281
188800,520,406,926,225,51,192,337.26,0.9046,0.5801,0.221834,55,8,31,355.11,0.7452,0.1285,0.010850,4.467
188801,520,401,921,240,5,184,342.58,0.9955,0.5835,0.220975,41,4,84,296.09,0.9428,0.1421,0.011984,4.372
188803,520,474,994,222,4,126,357.10,0.9911,0.5208,0.171255,9,1,9,327.80,0.7097,0.0318,0.000995,4.339
188818,520,478,998,209,44,129,354.92,0.8442,0.5141,0.169439,2,1,9,287.91,0.7237,0.0230,0.000543,4.342
188821,520,476,996,161,57,228,308.02,0.8859,0.5072,0.161054,0,0,21,264.05,1.0000,0.0245,0.000541,4.176
188824,520,389,909,201,103,162,344.77,0.6007,0.5891,0.247282,25,39,7,129.72,0.8275,0.1481,0.016730,4.455
188825,520,347,867,250,12,226,333.84,0.9958,0.6276,0.260811,29,9,131,273.94,0.9844,0.1948,0.020951,4.381
188834,520,468,988,164,92,162,328.10,0.5520,0.5158,0.181563,20,1,6,1.53,0.7938,0.0448,0.001836,4.467
188844,520,477,997,189,84,50,38.22,0.7635,0.5052,0.173914,3,0,1,353.79,1.0000,0.0152,0.000216,4.459
188849,520,310,830,235,98,214,333.98,0.8773,0.6586,0.312549,0,44,118,260.51,1.0000,0.2211,0.031092,4.471
188890,520,398,918,238,19,177,344.29,0.9790,0.5792,0.218202,2,14,100,264.97,0.9808,0.1422,0.012470,4.293
188900,520,237,757,250,146,129,30.19,0.8983,0.7277,0.424694,62,74,22,121.14,0.7483,0.2928,0.059796,4.323
188914,520,407,927,180,93,216,314.93,0.7567,0.5720,0.224908,8,26,66,263.21,0.8232,0.1283,0.011837,4.446
188922,520,408,928,244,39,86,16.00,0.9543,0.5673,0.213594,43,25,22,29.85,0.3269,0.1331,0.012668,4.206
188929,520,364,884,237,67,189,341.60,0.8899,0.6133,0.256957,8,47,36,170.14,0.8418,0.1718,0.022119,4.256
188960,520,404,924,250,9,137,358.94,0.9923,0.5829,0.223290,2,29,66,256.79,0.9229,0.1330,0.012849,4.348
188964,520,335,855,243,103,98,24.77,0.8777,0.6366,0.296400,22,53,41,166.02,0.5811,0.1995,0.028768,4.398
188970,520,465,985,186,10,233,316.24,0.9903,0.5216,0.165407,12,5,9,342.02,0.3223,0.0456,0.002064,4.137
188978,520,459,979,180,35,246,311.13,0.9641,0.5332,0.175602,29,0,1,24.96,1.0000,0.0558,0.002634,4.286
188988,520,389,909,224,17,242,324.11,0.9917,0.5939,0.226612,55,3,72,315.44,0.9140,0.1505,0.013453,4.359
188989,520,373,893,228,53,215,331.50,0.9330,0.6004,0.239489,67,10,47,345.85,0.7646,0.1623,0.016158,4.376
188990,520,433,953,228,16,161,346.89,0.9734,0.5510,0.194405,41,10,4,35.01,0.7765,0.0964,0.006973,4.290
188993,520,406,926,238,54,132,0.72,0.8917,0.5791,0.224845,15,34,39,216.72,0.4298,0.1349,0.013920,4.300
189001,520,444,964,237,38,20,30.08,0.9808,0.5438,0.194445,38,2,16,0.19,0.8220,0.0809,0.004930,4.450
189004,520,454,974,215,71,49,31.46,0.8780,0.5333,0.191777,9,14,19,248.52,0.2270,0.0669,0.004192,4.462
189013,520,343,863,239,88,164,352.52,0.8382,0.6288,0.280133,27,52,22,140.35,0.7286,0.1940,0.027469,4.262
189057,520,478,998,158,83,190,314.68,0.6829,0.5087,0.171740,5,0,6,324.01,1.0000,0.0219,0.000454,4.395
189089,520,453,973,165,62,239,306.59,0.9111,0.5275,0.176772,12,18,3,125.66,0.7037,0.0744,0.005173,4.110
189091,520,423,943,204,37,230,321.53,0.9556,0.5595,0.198754,24,19,52,286.82,0.5950,0.1117,0.009079,4.211
189092,520,432,952,213,78,106,11.16,0.7391,0.5503,0.206378,12,10,70,273.27,0.9340,0.1036,0.007374,4.469
189094,520,434,954,226,52,104,8.97,0.8734,0.5453,0.196270,28,5,56,298.14,0.8584,0.0966,0.006410,4.366
189119,520,471,991,155,60,243,302.56,0.9309,0.5153,0.166718,3,2,25,277.11,0.8863,0.0374,0.001330,4.222
189124,520,338,858,200,102,253,311.86,0.9777,0.6374,0.288750,59,43,28,64.09,0.3614,0.2020,0.027415,4.376
189127,520,383,903,205,70,243,317.76,0.9356,0.5973,0.238320,5,38,45,214.84,0.7886,0.1455,0.016079,4.363
189142,520,406,926,238,55,135,359.72,0.8890,0.5810,0.226618,20,34,20,144.44,0.4504,0.1311,0.013433,4.361
189144,520,402,922,195,73,236,316.27,0.8964,0.5805,0.224246,11,24,66,266.71,0.8021,0.1251,0.011177,4.483
189146,520,448,968,201,43,200,328.42,0.8994,0.5370,0.183172,22,13,28,310.94,0.4041,0.0813,0.005423,4.207
189149,520,299,819,224,106,250,320.06,0.9655,0.6740,0.330592,13,57,88,244.27,0.7680,0.2331,0.037162,4.366
189150,520,352,872,242,37,219,333.82,0.9734,0.6173,0.253177,49,45,26,97.75,0.3684,0.1940,0.026044,3.987
189163,520,403,923,253,34,44,26.45,0.9917,0.5766,0.222123,17,24,70,271.54,0.7656,0.1324,0.012146,4.379
189182,520,252,772,250,136,171,1.45,0.8627,0.7215,0.408752,31,73,55,163.33,0.6290,0.2739,0.053320,4.440
189190,520,467,987,226,14,106,5.23,0.9757,0.5244,0.175263,13,1,9,338.43,0.7341,0.0365,0.001270,4.394
189206,520,441,961,234,35,60,22.32,0.9617,0.5396,0.190239,0,5,68,264.18,0.9869,0.0861,0.005258,4.348
189224,520,399,919,238,78,23,36.86,0.9697,0.5836,0.236909,39,26,52,306.06,0.4470,0.1439,0.014181,4.470
189225,520,360,880,239,40,233,329.65,0.9750,0.6224,0.257542,76,21,0,40.23,1.0000,0.1816,0.020731,4.348
189230,520,388,908,242,9,179,344.48,0.9920,0.5855,0.223304,9,26,90,266.10,0.9190,0.1533,0.015350,4.182
189244,520,425,945,171,90,218,311.16,0.7662,0.5565,0.210329,9,15,70,269.73,0.9179,0.1098,0.008419,4.456
189245,520,471,991,227,26,19,29.08,0.9815,0.5159,0.171197,19,1,0,34.03,1.0000,0.0411,0.001602,4.287
189246,520,452,972,216,66,23,35.36,0.9536,0.5267,0.185597,31,4,18,350.72,0.6975,0.0728,0.004219,4.345
189251,520,442,962,186,16,248,312.86,0.9888,0.5361,0.175882,22,9,35,304.59,0.6183,0.0782,0.004873,4.116
189291,520,477,997,226,20,55,21.90,0.9801,0.5147,0.169478,2,0,17,282.31,1.0000,0.0243,0.000534,4.343
189296,520,428,948,221,20,193,335.69,0.9714,0.5565,0.197251,20,25,16,131.56,0.2679,0.1035,0.008814,4.204
189300,520,433,953,241,3,101,8.98,0.9968,0.5517,0.197088,47,3,16,7.90,0.8394,0.1002,0.007070,4.330
189306,520,440,960,207,36,208,327.94,0.9363,0.5483,0.190831,20,17,31,293.33,0.3365,0.0892,0.006485,4.264
189307,520,330,850,197,120,219,318.45,0.7094,0.6415,0.304188,1,52,82,241.94,0.9654,0.2106,0.030715,4.388
189312,520,472,992,206,10,183,334.71,0.9784,0.5198,0.167598,1,1,18,271.82,0.9413,0.0270,0.000718,4.290
189314,520,471,991,205,56,129,355.11,0.7917,0.5174,0.173946,5,3,28,280.59,0.8271,0.0443,0.001812,4.322
189315,520,408,928,213,44,212,328.42,0.9287,0.5663,0.207030,30,12,80,285.97,0.8728,0.1333,0.011181,4.201
189322,520,471,991,226,33,15,30.13,0.9838,0.5173,0.172939,0,3,33,263.62,1.0014,0.0434,0.001749,4.308
189328,520,447,967,218,54,119,1.89,0.8347,0.5363,0.188781,8,18,27,246.45,0.4038,0.0798,0.005634,4.292
189331,520,478,998,188,50,177,331.55,0.8200,0.5054,0.161484,5,0,1,3.86,1.0000,0.0188,0.000345,4.201
189334,520,394,914,242,14,191,341.12,0.9891,0.5929,0.229560,56,13,37,349.60,0.6761,0.1393,0.012623,4.464
189335,520,453,973,193,94,12,51.22,0.9422,0.5265,0.193711,25,10,1,59.78,0.8047,0.0697,0.004260,4.492
189343,520,470,990,219,37,116,1.57,0.8970,0.5239,0.176467,0,7,11,221.55,1.0000,0.0395,0.001761,4.375
189356,520,426,946,231,16,174,343.56,0.9784,0.5634,0.204183,24,24,38,283.88,0.2899,0.1138,0.009874,4.245
189357,520,471,991,158,79,220,306.82,0.8009,0.5241,0.180289,5,1,27,284.47,0.9247,0.0385,0.001331,4.486
189360,520,416,936,184,76,241,311.39,0.9072,0.5719,0.217111,30,27,7,101.00,0.6060,0.1174,0.010752,4.397
189371,520,246,766,225,156,181,355.94,0.5359,0.7288,0.431222,21,78,49,156.99,0.8764,0.2842,0.058297,4.444
189376,520,251,771,245,128,219,336.22,0.9175,0.7202,0.399676,63,67,34,114.62,0.4850,0.2748,0.051866,4.414
189390,520,479,999,180,80,134,348.99,0.6127,0.5065,0.171632,0,0,5,264.05,1.0000,0.0116,0.000110,4.423
189403,520,462,982,236,10,20,28.10,0.9951,0.5299,0.181037,7,1,37,282.29,0.9595,0.0491,0.002004,4.443
189421,520,468,988,216,50,102,7.90,0.8526,0.5233,0.178419,6,5,11,293.15,0.2982,0.0405,0.001714,4.417
189422,520,430,950,219,17,192,335.46,0.9751,0.5513,0.192691,35,17,16,23.52,0.3802,0.1019,0.007957,4.187
189439,520,421,941,198,50,237,317.88,0.9366,0.5639,0.204028,2,29,24,178.73,0.8983,0.1062,0.009575,4.264
189444,520,367,887,250,56,137,1.28,0.9518,0.6053,0.249619,65,2,79,318.88,0.9432,0.1735,0.017319,4.451
189445,520,408,928,242,56,53,27.05,0.9442,0.5704,0.219659,44,20,42,330.21,0.4946,0.1326,0.012030,4.347
189446,520,398,918,249,1,142,357.04,0.9991,0.5812,0.221179,21,7,100,274.50,0.9769,0.1443,0.012314,4.352
189453,520,306,826,249,73,249,327.99,0.9806,0.6730,0.317471,86,32,49,3.02,0.5881,0.2298,0.032335,4.463
189477,520,429,949,245,5,35,26.18,0.9977,0.5492,0.196459,22,23,23,197.03,0.0199,0.1022,0.008452,4.216
189478,520,442,962,226,57,69,22.33,0.8981,0.5419,0.195275,10,16,30,265.70,0.4199,0.0779,0.005288,4.436
189487,520,452,972,222,40,124,359.37,0.8918,0.5346,0.185050,26,4,24,331.26,0.6880,0.0677,0.003724,4.375
189495,520,352,872,232,82,181,343.79,0.8282,0.6170,0.265291,53,34,69,307.86,0.4854,0.1906,0.023307,4.301
189517,520,476,996,227,1,15,28.15,0.9994,0.5080,0.163901,1,2,6,265.10,0.5131,0.0236,0.000630,4.225
189525,520,371,891,244,62,170,349.21,0.9112,0.6122,0.255837,52,29,55,322.76,0.4533,0.1699,0.018847,4.442
189526,520,422,942,210,47,213,327.32,0.9195,0.5640,0.205407,21,26,22,151.21,0.1429,0.1090,0.009561,4.288
189534,520,350,870,198,110,230,316.33,0.8011,0.6322,0.288719,42,49,0,118.00,1.0000,0.1941,0.026889,4.405
189543,520,470,990,205,1,190,332.43,0.9979,0.5204,0.167205,2,6,15,256.33,0.5509,0.0407,0.001776,4.195
189544,520,450,970,229,49,29,30.50,0.9611,0.5358,0.189463,30,5,2,33.95,0.8138,0.0681,0.003890,4.444
189547,520,419,939,226,43,159,347.84,0.8988,0.5590,0.204023,12,2,85,271.84,0.9930,0.1118,0.007774,4.397
189558,520,438,958,233,25,114,4.10,0.9579,0.5451,0.192368,2,24,13,160.10,0.9141,0.0872,0.006952,4.256
189567,520,403,923,222,66,175,342.41,0.8335,0.5791,0.225235,58,6,30,357.80,0.7901,0.1317,0.011237,4.495
189568,520,392,912,212,56,230,323.34,0.9276,0.5860,0.225404,60,13,41,347.78,0.6996,0.1488,0.014087,4.297
189587,520,454,974,223,54,59,24.69,0.9111,0.5314,0.186448,9,17,10,148.01,0.3545,0.0713,0.004809,4.314
189590,520,459,979,219,47,110,4.86,0.8656,0.5291,0.182214,7,0,46,278.04,1.0000,0.0561,0.002424,4.430
189601,520,469,989,207,37,166,340.53,0.8840,0.5231,0.173438,10,4,1,61.93,0.6095,0.0381,0.001536,4.336
189625,520,440,960,199,75,175,336.08,0.7459,0.5505,0.202711,42,5,11,14.91,0.7786,0.0921,0.006250,4.493
189649,520,410,930,214,33,229,324.49,0.9669,0.5734,0.210430,10,32,51,247.33,0.6222,0.1333,0.013365,4.110
189651,520,342,862,250,86,116,13.40,0.9369,0.6296,0.282438,41,46,47,211.05,0.0679,0.1948,0.026306,4.357
189677,520,350,870,249,36,220,335.15,0.9791,0.6299,0.265719,45,22,101,289.01,0.8241,0.1868,0.020713,4.465
189678,520,479,999,211,55,56,25.38,0.8894,0.5080,0.168692,2,0,3,318.71,1.0000,0.0147,0.000195,4.357
189698,520,326,846,247,49,246,328.41,0.9776,0.6496,0.286274,9,52,83,245.39,0.7995,0.2136,0.031384,4.132
189713,520,379,899,248,7,195,341.29,0.9958,0.6050,0.240518,4,17,106,265.54,0.9766,0.1553,0.014672,4.492
189723,520,465,985,206,58,121,359.05,0.7870,0.5182,0.175305,6,9,10,217.14,0.1376,0.0497,0.002560,4.287
189741,520,446,966,144,85,244,295.89,0.9020,0.5351,0.189581,23,13,30,310.24,0.4399,0.0835,0.005638,4.306
189743,520,438,958,239,36,59,22.96,0.9652,0.5504,0.199315,14,22,24,214.78,0.2071,0.0930,0.007331,4.349
189745,520,389,909,242,73,44,32.22,0.9389,0.5867,0.238274,3,41,35,179.79,0.9144,0.1497,0.017265,4.286
189769,520,476,996,150,88,188,310.98,0.6445,0.5050,0.170948,4,1,1,21.00,0.4725,0.0215,0.000497,4.375
189778,520,460,980,234,10,75,16.48,0.9903,0.5323,0.182207,4,13,16,218.09,0.4267,0.0593,0.003511,4.339
189781,520,473,993,217,33,119,359.74,0.9055,0.5185,0.171739,12,0,12,328.36,1.0000,0.0337,0.001047,4.344
189784,520,408,928,179,83,239,309.62,0.8831,0.5724,0.220030,53,4,43,337.95,0.8085,0.1259,0.010183,4.487
189785,520,455,975,236,4,43,24.44,0.9975,0.5303,0.180974,1,2,46,266.30,0.9863,0.0550,0.002471,4.402
189821,520,441,961,226,23,151,349.83,0.9533,0.5447,0.190186,30,16,4,62.60,0.6263,0.0897,0.006554,4.247
189825,520,429,949,226,51,109,6.92,0.8731,0.5459,0.196433,28,17,42,302.58,0.5112,0.1048,0.008150,4.238
189827,520,14,534,254,249,244,67.73,0.7123,0.9820,0.953541,0,134,80,156.83,1.0000,0.4733,0.176286,4.435
189831,520,407,927,231,30,177,342.86,0.9525,0.5701,0.210945,42,12,61,309.01,0.7560,0.1300,0.010921,4.283
189836,520,425,945,244,31,56,23.48,0.9761,0.5577,0.205020,41,7,44,324.45,0.7451,0.1087,0.008053,4.393
189840,520,396,916,243,42,144,356.55,0.9337,0.5845,0.227274,61,10,14,21.28,0.8157,0.1378,0.012411,4.443
189854,520,430,950,177,86,198,319.78,0.7161,0.5454,0.200809,21,18,42,287.09,0.4962,0.0992,0.007592,4.355
189866,520,347,867,254,22,205,340.01,0.9943,0.6250,0.260558,30,8,130,274.62,0.9850,0.1933,0.020613,4.398
189869,520,454,974,228,30,98,9.24,0.9442,0.5324,0.183073,6,13,39,267.91,0.7137,0.0744,0.004730,4.259
189894,520,359,879,242,17,230,331.11,0.9928,0.6169,0.249942,39,12,115,282.44,0.9471,0.1847,0.019320,4.327
189906,520,372,892,216,104,141,0.99,0.6437,0.6057,0.264247,3,49,26,155.87,0.9719,0.1738,0.022905,4.310
189913,520,448,968,172,93,184,322.19,0.6315,0.5411,0.200609,11,20,22,212.98,0.2543,0.0847,0.006294,4.452
189950,520,476,996,151,81,205,307.51,0.7377,0.5066,0.168724,4,1,4,327.25,0.5374,0.0231,0.000563,4.326
189954,520,351,871,241,102,67,35.27,0.8928,0.6264,0.286117,44,47,28,115.73,0.3506,0.1945,0.026523,4.392
189963,520,344,864,227,74,242,324.05,0.9451,0.6346,0.276414,3,53,28,155.50,0.9765,0.1881,0.026493,4.267
189969,520,453,973,162,94,182,318.19,0.6036,0.5278,0.190649,14,15,6,113.33,0.3721,0.0692,0.004482,4.417
189978,520,437,957,192,52,223,319.45,0.9053,0.5454,0.189915,2,24,9,152.82,0.9427,0.0862,0.006859,4.220
189992,520,458,978,229,15,116,2.27,0.9746,0.5341,0.182635,2,15,5,151.60,0.8748,0.0593,0.003655,4.336
189994,520,391,911,233,40,189,339.93,0.9411,0.5854,0.225181,53,4,78,309.84,0.9143,0.1538,0.013939,4.304
190022,520,376,896,243,78,101,16.67,0.8959,0.6036,0.254462,9,39,54,234.20,0.6922,0.1554,0.017754,4.494
190030,520,119,639,236,203,227,335.72,0.5516,0.8568,0.660916,0,107,72,162.17,1.0000,0.3830,0.109828,4.448
190033,520,422,942,249,1,67,19.73,0.9994,0.5608,0.205703,21,24,43,275.96,0.3917,0.1140,0.009871,4.271
190052,520,438,958,227,18,171,343.57,0.9712,0.5548,0.197064,18,4,58,284.92,0.9204,0.0859,0.005209,4.475
190104,520,436,956,224,38,149,350.59,0.9052,0.5474,0.194061,31,14,21,354.24,0.3840,0.0917,0.006596,4.312
190109,520,351,871,251,45,209,338.54,0.9775,0.6319,0.269926,15,41,93,262.21,0.8162,0.1936,0.024776,4.278
190113,520,458,978,161,67,240,304.64,0.9083,0.5286,0.178832,18,4,25,313.84,0.6768,0.0576,0.002856,4.329
190115,520,334,854,244,37,254,326.01,0.9968,0.6435,0.277147,34,45,75,267.70,0.4420,0.2013,0.027248,4.235
190118,520,163,683,252,179,184,14.53,0.8588,0.8099,0.563984,25,94,78,173.94,0.8248,0.3473,0.087618,4.462
190119,520,452,972,223,8,147,350.19,0.9835,0.5326,0.179709,1,0,64,265.32,1.0000,0.0730,0.003766,4.272
190137,520,369,889,240,15,225,331.85,0.9929,0.6096,0.243060,47,11,96,294.66,0.8946,0.1705,0.016882,4.382
190140,520,423,943,222,32,192,336.29,0.9466,0.5627,0.203708,43,10,37,335.50,0.6633,0.1118,0.008643,4.326
190164,520,399,919,252,22,106,9.54,0.9817,0.5805,0.223135,24,37,21,139.80,0.4417,0.1437,0.015714,4.156
190167,520,442,962,198,72,156,343.22,0.7280,0.5353,0.190425,36,4,24,345.68,0.7367,0.0840,0.005279,4.349
190182,520,464,984,130,77,254,290.41,0.9912,0.5166,0.172092,2,3,39,268.94,0.9609,0.0509,0.002245,4.251
190193,520,437,957,246,3,39,25.51,0.9986,0.5513,0.198080,11,15,45,273.36,0.6789,0.0868,0.006022,4.428
190194,520,442,962,217,53,126,358.74,0.8336,0.5360,0.188067,9,12,42,273.93,0.7171,0.0769,0.004882,4.338
190195,520,473,993,207,70,63,26.83,0.8230,0.5189,0.180068,9,2,9,327.35,0.5690,0.0347,0.001212,4.492
190198,520,422,942,211,67,167,342.35,0.7917,0.5571,0.206553,45,8,27,352.44,0.6902,0.1076,0.008108,4.415
190207,520,420,940,232,64,20,34.30,0.9738,0.5556,0.208761,28,4,68,291.34,0.9253,0.1076,0.007511,4.499
190218,520,307,827,194,136,216,316.38,0.6227,0.6660,0.340363,6,62,68,206.20,0.8914,0.2345,0.039011,4.386
190225,520,356,876,208,95,232,320.28,0.8620,0.6246,0.274220,34,42,60,265.74,0.3009,0.1835,0.023222,4.428
190227,520,407,927,253,10,40,25.79,0.9960,0.5678,0.212567,17,18,80,273.31,0.8924,0.1310,0.011309,4.283
190228,520,429,949,222,51,136,355.71,0.8545,0.5476,0.196774,16,22,27,243.66,0.1938,0.0959,0.007631,4.282
190231,520,343,863,229,88,205,334.98,0.8459,0.6315,0.280475,30,42,70,265.55,0.4509,0.1866,0.023741,4.482
190252,520,474,994,223,38,37,27.57,0.9592,0.5157,0.172106,14,0,1,18.32,1.0000,0.0314,0.000956,4.359
190258,520,452,972,157,101,166,321.85,0.4934,0.5252,0.192292,5,15,26,249.88,0.5102,0.0697,0.004485,4.447
190259,520,418,938,231,42,150,352.01,0.9092,0.5638,0.208497,52,0,42,337.76,1.0000,0.1182,0.008973,4.383
190260,520,14,534,237,252,249,182.73,0.6563,0.9757,0.944644,54,132,47,141.98,0.9277,0.4731,0.174914,4.422
190275,520,344,864,239,45,242,327.49,0.9748,0.6311,0.266409,68,27,49,348.94,0.5457,0.1886,0.022347,4.373
190278,520,387,907,229,82,133,2.44,0.7807,0.5924,0.243887,33,36,14,115.55,0.5262,0.1475,0.016168,4.442
190285,520,472,992,193,75,120,359.47,0.6744,0.5154,0.177274,2,3,17,272.58,0.7242,0.0337,0.001185,4.440
190295,520,397,917,228,32,208,333.35,0.9638,0.5832,0.220836,12,38,17,147.91,0.8152,0.1381,0.015048,4.164
190320,520,454,974,189,41,225,318.40,0.9327,0.5337,0.178423,31,4,21,344.68,0.7026,0.0741,0.004323,4.205
190346,520,308,828,227,104,238,324.30,0.9092,0.6683,0.324065,31,61,16,136.83,0.8955,0.2254,0.036661,4.316
190351,520,399,919,107,124,251,274.07,0.9509,0.5789,0.245053,7,41,4,141.56,0.9760,0.1437,0.016398,4.444
190360,520,344,864,250,85,108,16.22,0.9425,0.6264,0.279070,33,46,60,250.75,0.2919,0.1939,0.026035,4.328
190361,520,421,941,188,69,234,314.77,0.8893,0.5642,0.208893,17,14,71,276.10,0.8798,0.1143,0.008881,4.397
190388,520,359,879,240,20,243,327.64,0.9927,0.6229,0.254993,66,22,55,338.46,0.6255,0.1799,0.020081,4.352
190416,520,413,933,178,90,222,312.80,0.7889,0.5688,0.220521,48,9,45,331.14,0.7258,0.1240,0.010133,4.499
190424,520,418,938,206,12,241,319.84,0.9923,0.5616,0.197373,32,24,36,314.27,0.2661,0.1215,0.010877,4.063
190430,520,343,863,227,74,232,326.58,0.9195,0.6281,0.270568,32,28,111,276.15,0.8737,0.1948,0.022852,4.400
190434,520,480,1000,169,24,244,308.59,0.9767,0.5092,0.156208,0,0,0,0.00,0.0000,0.0000,0.000000,4.124
190441,520,371,891,254,62,119,8.83,0.9891,0.6124,0.258516,25,38,69,265.46,0.5242,0.1714,0.020225,4.393
190453,520,333,853,220,92,233,323.91,0.8903,0.6388,0.287550,72,33,21,37.83,0.5985,0.1981,0.025198,4.489
190455,520,407,927,244,9,121,3.06,0.9907,0.5651,0.208123,23,12,81,279.41,0.9076,0.1277,0.010391,4.274
190456,520,454,974,195,67,161,339.92,0.7479,0.5265,0.181913,22,8,19,335.28,0.4460,0.0675,0.003913,4.302
190469,520,299,819,231,121,165,356.05,0.7012,0.6657,0.333825,52,57,3,115.20,0.9417,0.2293,0.036629,4.431
190494,520,357,877,214,79,237,321.50,0.9113,0.6165,0.260043,73,23,31,13.68,0.6455,0.1843,0.021284,4.349
190495,520,302,822,217,115,233,322.04,0.8495,0.6676,0.328979,66,49,49,18.48,0.1904,0.2333,0.035767,4.419
190510,520,360,880,255,53,146,358.86,1.0000,0.6157,0.258851,68,26,37,5.80,0.5518,0.1819,0.021015,4.349
190522,520,377,897,218,74,209,330.47,0.8604,0.5995,0.244085,74,10,1,33.00,0.9820,0.1639,0.016754,4.406
190523,520,340,860,229,103,174,347.72,0.7531,0.6373,0.294168,66,39,31,37.26,0.3899,0.2034,0.027084,4.465
190525,520,470,990,197,69,131,353.86,0.7186,0.5185,0.177671,1,8,11,217.36,0.6906,0.0430,0.002043,4.375
190529,520,341,861,236,52,239,327.42,0.9645,0.6285,0.265233,27,52,32,149.23,0.5590,0.1964,0.027932,4.045
190534,520,451,971,233,36,69,19.86,0.9542,0.5396,0.190181,6,17,4,139.45,0.7442,0.0675,0.004484,4.408
190542,520,402,922,243,43,140,357.97,0.9311,0.5836,0.226791,13,28,62,263.99,0.6910,0.1323,0.012638,4.419
190563,520,455,975,228,14,97,8.70,0.9788,0.5259,0.176740,7,10,19,268.30,0.3311,0.0564,0.003093,4.271
190587,520,381,901,242,81,68,28.39,0.9236,0.5991,0.251826,0,43,55,221.77,1.0000,0.1648,0.020035,4.310
190610,520,438,958,246,4,65,20.09,0.9975,0.5547,0.200649,14,13,46,279.40,0.6948,0.0858,0.005785,4.493
190622,520,479,999,199,58,125,355.62,0.7691,0.5067,0.166508,1,0,4,296.85,1.0000,0.0133,0.000152,4.317
190626,520,466,986,156,81,212,307.77,0.7636,0.5184,0.177068,10,1,30,294.17,0.9120,0.0458,0.001800,4.384
190631,520,392,912,230,60,188,339.95,0.8879,0.5941,0.236881,51,20,51,327.39,0.5837,0.1488,0.014432,4.452
190635,520,461,981,163,73,230,306.97,0.8557,0.5304,0.182654,20,5,5,21.49,0.5210,0.0538,0.002682,4.416
190650,520,421,941,227,72,80,21.87,0.8489,0.5621,0.215475,48,13,6,33.86,0.7630,0.1144,0.009295,4.477
190655,520,112,632,226,213,231,316.72,0.3346,0.8705,0.695270,16,112,2,141.68,0.9985,0.3920,0.117024,4.462
190670,520,442,962,156,69,255,299.86,1.0000,0.5375,0.185445,9,1,64,274.01,0.9923,0.0806,0.004499,4.320
190685,520,389,909,235,85,13,40.01,0.9821,0.5867,0.241912,32,33,55,281.10,0.3595,0.1546,0.016706,4.376
190693,520,423,943,178,94,206,317.02,0.7112,0.5644,0.219275,16,28,19,151.68,0.3727,0.1097,0.009877,4.497
190695,520,448,968,235,30,41,26.21,0.9762,0.5365,0.187540,22,15,22,326.29,0.2337,0.0825,0.005702,4.265
190701,520,407,927,254,4,29,27.16,0.9985,0.5679,0.212502,10,36,29,172.89,0.6457,0.1342,0.014149,4.092
190709,520,416,936,212,20,237,322.23,0.9858,0.5707,0.206137,15,22,68,271.16,0.7934,0.1249,0.010927,4.204
190712,520,371,891,205,85,231,320.07,0.8699,0.6063,0.252471,36,37,53,281.44,0.2560,0.1679,0.019552,4.349
190721,520,347,867,241,49,239,328.65,0.9708,0.6350,0.271321,64,26,71,321.18,0.6303,0.1929,0.022838,4.411
190734,520,420,940,238,50,70,21.60,0.9350,0.5598,0.209037,28,21,27,330.94,0.1850,0.1054,0.008624,4.419
190737,520,466,986,177,59,207,318.63,0.8381,0.5166,0.169811,11,7,1,88.15,0.7017,0.0466,0.002253,4.207
190744,520,442,962,185,84,171,333.03,0.6670,0.5386,0.195965,20,12,28,306.18,0.4289,0.0770,0.004955,4.476
190753,520,362,882,246,78,91,20.47,0.9264,0.6069,0.258002,23,47,24,144.93,0.6524,0.1755,0.022811,4.230
190764,520,476,996,217,14,125,356.64,0.9654,0.5126,0.165490,1,1,12,274.56,0.8685,0.0231,0.000547,4.263
190768,520,439,959,242,15,43,25.10,0.9918,0.5458,0.193967,41,3,21,355.42,0.7921,0.0902,0.005908,4.364
190772,520,379,899,228,39,225,328.96,0.9645,0.5977,0.233836,36,38,33,124.87,0.0970,0.1615,0.018711,4.131
190774,520,411,931,238,59,78,20.56,0.9114,0.5690,0.218583,55,6,28,358.28,0.7804,0.1248,0.010264,4.457
190775,520,403,923,220,42,219,328.44,0.9481,0.5817,0.219882,26,11,84,281.32,0.9130,0.1327,0.010990,4.425
190780,520,179,699,254,152,252,327.71,0.9951,0.7881,0.505577,46,89,46,143.90,0.7300,0.3314,0.079226,4.299
190782,520,464,984,228,22,74,16.74,0.9719,0.5231,0.175652,23,2,15,343.73,0.7346,0.0549,0.002601,4.290
190797,520,417,937,232,23,173,344.19,0.9664,0.5670,0.207885,53,4,25,359.90,0.8137,0.1170,0.009140,4.361
190818,520,335,855,246,96,129,9.92,0.8755,0.6393,0.295466,3,50,77,240.73,0.9023,0.2016,0.028362,4.409
190822,520,452,972,223,41,91,12.05,0.9092,0.5271,0.180319,1,5,55,265.44,0.9764,0.0710,0.003908,4.272
190827,520,457,977,213,70,28,35.92,0.9334,0.5262,0.186127,3,14,17,214.35,0.5465,0.0614,0.003739,4.394
190839,520,417,937,228,21,190,338.24,0.9731,0.5681,0.207506,9,31,40,227.69,0.5794,0.1233,0.011912,4.159
190844,520,443,963,185,50,237,314.06,0.9288,0.5437,0.187111,10,19,7,137.63,0.5247,0.0766,0.005456,4.276
190860,520,375,895,234,0,231,329.06,1.0000,0.6001,0.232645,60,23,42,350.24,0.5429,0.1644,0.017407,4.193
190867,520,393,913,230,46,196,337.26,0.9296,0.5876,0.227651,20,33,55,260.45,0.4700,0.1446,0.015122,4.264
190868,520,457,977,223,55,17,33.23,0.9759,0.5284,0.184636,7,13,19,247.62,0.2965,0.0630,0.003800,4.361
190874,520,408,928,234,21,182,341.94,0.9745,0.5749,0.214090,33,6,78,291.06,0.9169,0.1274,0.010036,4.399
190877,520,408,928,209,57,218,325.57,0.9028,0.5737,0.215453,17,28,55,265.65,0.5543,0.1293,0.012255,4.264
190878,520,319,839,207,133,151,3.95,0.4703,0.6489,0.322763,10,57,67,215.57,0.7983,0.2191,0.033959,4.440
190881,520,476,996,182,16,230,315.71,0.9821,0.5141,0.160300,4,0,5,323.04,1.0000,0.0198,0.000368,4.175
190890,520,340,860,255,88,93,22.57,1.0000,0.6360,0.290333,13,55,38,162.62,0.8316,0.2010,0.029578,4.277
190923,520,426,946,226,30,178,341.38,0.9466,0.5612,0.203142,2,6,81,265.61,0.9873,0.1060,0.007372,4.412
190939,520,449,969,236,11,78,15.82,0.9896,0.5374,0.186255,13,8,34,288.02,0.6512,0.0663,0.003747,4.396
190945,520,434,954,214,60,150,349.17,0.8075,0.5469,0.197321,35,2,50,312.59,0.8968,0.0965,0.006311,4.392
190952,520,362,882,217,73,227,325.14,0.8975,0.6080,0.250648,41,18,102,286.52,0.8718,0.1779,0.018633,4.381
190957,520,410,930,205,15,255,316.52,1.0000,0.5720,0.205424,11,6,97,269.46,0.9871,0.1328,0.010644,4.212
190968,520,478,998,175,9,240,311.51,0.9920,0.5099,0.156016,0,0,11,264.05,1.0000,0.0166,0.000242,4.101
190975,520,431,951,155,80,253,298.80,0.9795,0.5486,0.197980,2,23,38,241.29,0.8077,0.0955,0.007656,4.301
190980,520,415,935,198,91,176,335.95,0.6777,0.5719,0.226241,7,34,21,159.44,0.7929,0.1237,0.012433,4.425
190986,520,467,987,127,86,242,289.84,0.8943,0.5163,0.175783,11,2,15,317.28,0.6750,0.0395,0.001491,4.385
190994,520,292,812,229,120,207,335.30,0.7862,0.6788,0.345979,10,64,69,204.42,0.8367,0.2425,0.041608,4.323
191010,520,382,902,251,56,114,9.42,0.9637,0.6001,0.245560,23,44,2,132.54,0.9735,0.1620,0.019879,4.230
191014,520,370,890,251,33,184,345.30,0.9727,0.6126,0.250610,63,26,2,50.15,0.8932,0.1650,0.018001,4.421
191026,520,265,785,251,130,171,359.91,0.8925,0.7128,0.394175,6,73,39,154.39,0.9761,0.2607,0.049501,4.464
191036,520,406,926,226,35,208,332.86,0.9569,0.5811,0.219273,38,12,72,297.57,0.8136,0.1344,0.011429,4.383
191038,520,471,991,208,48,145,348.72,0.8310,0.5225,0.175703,13,2,21,311.03,0.7502,0.0449,0.001831,4.355
191045,520,410,930,164,98,234,303.54,0.8141,0.5717,0.225688,25,33,18,131.19,0.3925,0.1317,0.013380,4.350
191050,520,377,897,251,21,157,353.11,0.9816,0.5957,0.234834,62,4,72,320.96,0.8846,0.1639,0.015790,4.329
191053,520,363,883,247,74,130,5.45,0.9131,0.6143,0.262867,10,46,44,189.83,0.7289,0.1725,0.022003,4.345
191057,520,416,936,253,24,16,29.22,0.9933,0.5703,0.215771,14,32,5,136.25,0.8983,0.1176,0.011373,4.330
191063,520,409,929,230,78,4,39.13,0.9938,0.5678,0.222834,4,36,35,191.98,0.8265,0.1339,0.014089,4.257
191082,520,349,869,220,74,244,321.65,0.9475,0.6250,0.266467,15,17,130,268.09,0.9810,0.1927,0.021140,4.449
191083,520,440,960,212,4,216,327.34,0.9958,0.5515,0.190438,34,12,7,34.71,0.5756,0.0884,0.006184,4.279
191104,520,403,923,243,21,161,350.25,0.9765,0.5818,0.221674,50,15,43,336.06,0.6277,0.1344,0.011943,4.386
191141,520,442,962,221,38,154,348.16,0.9007,0.5440,0.190940,15,18,26,268.67,0.2266,0.0844,0.006087,4.296
191164,520,454,974,229,26,82,14.56,0.9621,0.5286,0.180090,9,9,34,278.82,0.6563,0.0650,0.003689,4.286
191209,520,404,924,254,18,76,18.38,0.9945,0.5767,0.220290,27,12,79,283.54,0.8807,0.1291,0.010604,4.460
191213,520,372,892,175,122,199,314.79,0.5527,0.6068,0.271572,32,43,36,156.92,0.2157,0.1734,0.021622,4.490
191220,520,382,902,236,4,229,329.99,0.9981,0.6031,0.235795,32,41,4,122.23,0.8805,0.1601,0.019017,4.141
191224,520,329,849,254,48,226,334.82,0.9953,0.6486,0.286789,17,59,0,138.63,1.0000,0.2095,0.032470,4.084
191237,520,471,991,161,74,223,307.77,0.8266,0.5235,0.178029,18,2,3,17.52,0.7121,0.0434,0.001786,4.403
191252,520,370,890,234,6,238,327.43,0.9975,0.6060,0.237983,52,19,82,303.94,0.7638,0.1727,0.018051,4.232
191264,520,442,962,175,74,221,313.31,0.8273,0.5416,0.192329,6,23,2,138.30,0.9519,0.0842,0.006559,4.285
191269,520,211,731,248,166,103,57.22,0.8525,0.7593,0.482105,32,84,58,158.87,0.7359,0.3110,0.069530,4.452
191280,520,361,881,234,24,248,325.11,0.9904,0.6173,0.249255,58,34,46,348.64,0.3414,0.1849,0.022409,4.133
191288,520,354,874,251,51,176,348.24,0.9671,0.6191,0.260148,38,36,75,283.33,0.5205,0.1820,0.021818,4.319
191304,520,397,917,228,53,188,339.27,0.9009,0.5847,0.226736,11,38,6,140.46,0.9460,0.1357,0.014705,4.277
191310,520,330,850,217,107,200,333.48,0.7336,0.6373,0.294390,45,40,94,283.86,0.6073,0.2135,0.028836,4.368
191327,520,436,956,167,65,254,303.96,0.9922,0.5464,0.191524,12,24,13,146.40,0.4717,0.0935,0.007605,4.193
191341,520,376,896,213,85,208,329.24,0.8173,0.6042,0.251990,21,43,18,141.40,0.7161,0.1599,0.019308,4.357
191351,520,402,922,193,65,245,313.97,0.9422,0.5757,0.217118,58,10,21,11.72,0.7531,0.1334,0.011709,4.329
191377,520,365,885,233,78,166,349.28,0.8243,0.6072,0.255282,48,28,68,305.10,0.5665,0.1708,0.018763,4.440
191378,520,410,930,207,99,88,27.64,0.6620,0.5678,0.228956,15,36,15,143.89,0.7325,0.1328,0.013978,4.360
191409,520,332,852,224,97,217,329.74,0.8396,0.6421,0.294084,57,45,26,78.31,0.4000,0.2041,0.028213,4.399
191413,520,314,834,234,112,170,352.30,0.7555,0.6573,0.319854,23,60,12,139.44,0.9491,0.2169,0.034403,4.382
191420,520,413,933,209,43,231,322.54,0.9494,0.5722,0.210544,48,14,26,0.79,0.5947,0.1213,0.010171,4.330
191421,520,441,961,238,13,30,27.03,0.9933,0.5355,0.185620,23,5,57,291.20,0.8778,0.0916,0.005861,4.218
191435,520,366,886,248,82,58,31.17,0.9579,0.6102,0.262999,51,35,37,10.49,0.2231,0.1734,0.020395,4.446
191443,520,319,839,206,137,138,18.49,0.4484,0.6515,0.328495,4,56,84,239.41,0.8965,0.2248,0.034941,4.456
191475,520,478,998,179,15,228,315.31,0.9822,0.5073,0.155279,0,1,3,247.65,1.0000,0.0159,0.000283,4.082
191483,520,311,831,252,99,143,5.55,0.9430,0.6578,0.316055,47,51,67,273.75,0.2169,0.2243,0.033772,4.370
191492,520,39,559,234,253,125,116.40,0.9697,0.9469,0.892236,15,130,2,141.96,0.9989,0.4522,0.160705,4.472
191505,520,456,976,112,98,246,281.97,0.9172,0.5264,0.188335,18,11,8,45.23,0.2399,0.0647,0.003855,4.426
191513,520,409,929,233,68,65,26.06,0.8966,0.5663,0.218425,50,17,8,36.35,0.7012,0.1252,0.010966,4.403
191526,520,325,845,214,94,253,316.89,0.9846,0.6456,0.293949,14,54,70,228.69,0.7138,0.2127,0.031737,4.208
191534,520,397,917,231,2,202,335.59,0.9982,0.5763,0.212993,42,30,6,82.19,0.7140,0.1405,0.014340,4.088
191538,520,326,846,162,134,253,292.24,0.9413,0.6486,0.318233,8,60,26,149.99,0.9638,0.2134,0.033578,4.406
191584,520,419,939,239,50,40,28.76,0.9543,0.5579,0.207884,36,16,28,344.18,0.4296,0.1058,0.008295,4.424
191586,520,402,922,255,5,98,11.83,1.0000,0.5805,0.222542,38,24,40,322.28,0.3512,0.1311,0.012186,4.383
191593,520,424,944,251,5,19,28.18,0.9982,0.5611,0.206685,4,27,43,241.85,0.7422,0.1110,0.009840,4.289
191596,520,348,868,245,10,244,328.57,0.9972,0.6300,0.261641,64,36,35,22.19,0.3689,0.1945,0.024732,4.170
191620,520,469,989,217,10,144,349.86,0.9756,0.5197,0.169849,4,5,13,275.14,0.3942,0.0393,0.001634,4.258
191636,520,430,950,216,78,66,28.29,0.8236,0.5469,0.204435,15,25,3,128.98,0.8427,0.0964,0.008034,4.384
191668,520,439,959,213,58,163,343.90,0.8217,0.5493,0.198188,9,6,63,273.11,0.9534,0.0876,0.005472,4.474
191680,520,452,972,194,64,174,334.59,0.7759,0.5283,0.181937,21,3,43,299.41,0.8579,0.0726,0.003990,4.296
191698,520,405,925,237,76,2,38.07,0.9975,0.5785,0.231809,31,30,22,101.54,0.1870,0.1302,0.012778,4.489
191705,520,422,942,247,19,32,27.20,0.9911,0.5567,0.203478,20,28,14,132.58,0.4201,0.1115,0.010109,4.217
191711,520,396,916,236,10,184,341.72,0.9900,0.5769,0.215135,45,27,18,47.27,0.3947,0.1397,0.013855,4.152
191724,520,240,760,221,152,217,328.64,0.6695,0.7304,0.428397,8,78,54,163.58,0.9557,0.2823,0.057665,4.443
191757,520,480,1000,206,67,29,35.39,0.9230,0.5090,0.172271,0,0,0,0.00,0.0000,0.0000,0.000000,4.445
191762,520,228,748,246,142,207,342.91,0.8761,0.7399,0.434461,26,81,7,139.59,0.9865,0.2896,0.061196,4.357
191798,520,429,949,145,95,236,296.15,0.8299,0.5459,0.202604,6,4,78,268.72,0.9875,0.1015,0.006756,4.451
191807,520,312,832,214,125,192,336.78,0.6334,0.6594,0.327707,7,62,27,150.26,0.9705,0.2202,0.035694,4.408
191817,520,479,999,225,19,3,29.88,0.9968,0.5080,0.164828,3,0,0,29.23,1.0000,0.0143,0.000194,4.280
191829,520,442,962,222,53,112,5.32,0.8531,0.5408,0.192483,22,12,21,330.05,0.3237,0.0759,0.004877,4.419
191852,520,426,946,190,67,221,318.76,0.8609,0.5555,0.201832,39,4,57,310.76,0.8620,0.1117,0.008136,4.332
191859,520,416,936,229,66,117,6.38,0.8326,0.5684,0.218415,43,18,26,0.76,0.4550,0.1197,0.010209,4.458
191876,520,427,947,217,58,164,344.59,0.8328,0.5570,0.204605,25,24,8,105.49,0.5023,0.1039,0.008775,4.332
191877,520,398,918,253,9,101,10.78,0.9939,0.5779,0.220213,15,35,44,229.11,0.4700,0.1405,0.014854,4.166
191887,520,451,971,200,31,223,322.23,0.9578,0.5444,0.185887,24,1,41,307.00,0.9285,0.0711,0.003760,4.388
191894,520,416,936,226,59,164,346.91,0.8541,0.5741,0.219796,34,27,8,89.44,0.5789,0.1225,0.011415,4.393
191908,520,468,988,207,0,189,333.24,1.0000,0.5232,0.169416,13,2,3,13.42,0.6030,0.0368,0.001356,4.272
191911,520,366,886,254,9,175,348.15,0.9944,0.6067,0.243649,49,13,91,298.13,0.8586,0.1698,0.016962,4.385
191922,520,380,900,242,52,177,346.00,0.9230,0.6037,0.245106,23,37,63,261.95,0.4921,0.1630,0.018641,4.299
191942,520,359,879,235,73,191,340.68,0.8736,0.6169,0.261915,4,49,51,199.48,0.8918,0.1833,0.024613,4.180
191949,520,310,830,245,79,231,331.53,0.9550,0.6615,0.307767,63,40,68,320.29,0.4057,0.2167,0.029918,4.477
191950,520,478,998,193,66,137,349.53,0.7244,0.5102,0.170417,1,1,4,280.91,0.5250,0.0184,0.000369,4.376
191968,520,411,931,216,29,225,326.01,0.9711,0.5721,0.209160,14,32,15,145.26,0.6404,0.1195,0.011608,4.207
191990,520,371,891,255,45,131,3.26,1.0000,0.6051,0.247791,70,18,33,6.56,0.6867,0.1717,0.018447,4.351
192003,520,319,839,183,129,230,307.53,0.7228,0.6472,0.314815,50,54,21,115.11,0.5919,0.2202,0.033706,4.358
192007,520,382,902,221,77,186,338.78,0.8142,0.5951,0.242273,38,36,33,78.22,0.0641,0.1581,0.017836,4.308
192011,520,447,967,235,36,73,18.84,0.9544,0.5444,0.194081,33,8,12,12.49,0.5869,0.0812,0.005236,4.419
192013,520,388,908,212,93,162,346.94,0.6883,0.5903,0.244363,16,38,37,191.67,0.4601,0.1468,0.016299,4.440
192025,520,317,837,249,70,237,330.96,0.9755,0.6630,0.306373,25,55,76,241.36,0.5440,0.2243,0.034607,4.212
192027,520,457,977,197,26,213,323.98,0.9576,0.5295,0.174148,0,7,41,262.45,1.0001,0.0596,0.003120,4.220
192031,520,443,963,208,74,119,3.13,0.7302,0.5401,0.196415,1,16,43,257.70,0.9193,0.0807,0.005514,4.439
192070,520,400,920,247,56,81,19.79,0.9501,0.5846,0.232000,53,18,37,348.93,0.5713,0.1413,0.013232,4.460
192078,520,385,905,239,19,192,340.21,0.9830,0.5891,0.226252,34,32,47,290.34,0.2584,0.1494,0.015783,4.199
192085,520,401,921,219,101,2,49.15,0.9944,0.5825,0.243742,12,40,0,137.23,1.0000,0.1419,0.015957,4.454
192086,520,344,864,243,39,235,330.11,0.9789,0.6301,0.265067,57,36,54,331.75,0.3427,0.1917,0.023980,4.259
192101,520,319,839,246,115,61,41.52,0.9184,0.6549,0.321942,9,54,81,240.87,0.8020,0.2182,0.032903,4.486
192120,520,417,937,254,15,70,19.80,0.9949,0.5749,0.218585,28,21,48,293.64,0.4986,0.1172,0.009966,4.479
192132,520,404,924,234,71,95,16.61,0.8566,0.5773,0.228280,39,21,50,311.31,0.5259,0.1321,0.011980,4.490
192135,520,421,941,247,28,55,23.61,0.9811,0.5624,0.208841,6,0,90,267.75,1.0000,0.1128,0.007768,4.481
192150,520,348,868,245,93,97,22.05,0.9025,0.6254,0.281074,28,52,14,135.75,0.8570,0.1934,0.027345,4.280
192168,520,410,930,222,87,0,43.22,1.0000,0.5654,0.223485,6,35,27,171.55,0.7835,0.1284,0.013199,4.327
192176,520,35,555,250,246,190,104.26,0.8716,0.9566,0.899537,30,129,43,144.83,0.9729,0.4548,0.161503,4.489
192181,520,403,923,248,22,131,0.85,0.9771,0.5800,0.221724,61,7,6,27.33,0.9080,0.1329,0.011574,4.413
192198,520,448,968,219,50,133,356.12,0.8492,0.5398,0.190372,6,15,35,263.23,0.6187,0.0759,0.005017,4.369
192209,520,415,935,170,84,252,303.69,0.9684,0.5720,0.219155,11,28,52,257.32,0.6172,0.1235,0.011495,4.377
192226,520,411,931,219,76,133,359.35,0.7604,0.5671,0.219248,5,35,2,141.06,0.9842,0.1221,0.012387,4.316
192243,520,450,970,237,17,85,14.02,0.9821,0.5426,0.190645,2,4,56,266.92,0.9792,0.0711,0.003852,4.469
192266,520,344,864,221,78,239,323.04,0.9268,0.6275,0.270548,15,51,27,151.63,0.8458,0.1852,0.025482,4.247
192276,520,413,933,243,7,151,353.14,0.9925,0.5740,0.214443,36,7,71,297.36,0.8734,0.1248,0.009820,4.421
192290,520,14,534,240,252,255,214.36,1.0000,0.9802,0.953657,9,136,35,144.72,0.9955,0.4733,0.177870,4.405
192292,520,432,952,170,97,186,320.21,0.6143,0.5463,0.206414,36,16,8,42.47,0.5375,0.0995,0.007632,4.449
192293,520,388,908,214,39,241,321.58,0.9672,0.5853,0.220999,60,12,52,335.38,0.7317,0.1537,0.014717,4.187
192300,520,475,995,172,68,212,315.03,0.8181,0.5230,0.176593,6,4,0,94.54,1.0000,0.0335,0.001256,4.421
192301,520,464,984,208,21,164,341.16,0.9410,0.5157,0.166287,23,0,2,18.08,1.0000,0.0456,0.001866,4.170
192303,520,451,971,130,95,251,288.29,0.9529,0.5422,0.198950,2,20,9,156.72,0.8983,0.0743,0.005329,4.499
192307,520,474,994,202,27,193,330.77,0.9392,0.5247,0.171925,13,1,2,15.08,0.7564,0.0335,0.001117,4.342
192313,520,479,999,223,21,60,20.40,0.9754,0.5095,0.165534,0,0,1,264.05,1.0000,0.0060,0.000022,4.309
192322,520,421,941,242,18,126,1.30,0.9785,0.5649,0.208195,11,14,69,271.56,0.9095,0.1081,0.008148,4.440
192375,520,368,888,249,51,173,348.75,0.9520,0.6140,0.255278,51,34,34,18.91,0.2429,0.1699,0.019634,4.384
192376,520,370,890,251,7,190,343.29,0.9959,0.6080,0.243823,14,44,46,201.27,0.5954,0.1686,0.020919,4.143
192389,520,341,861,235,114,12,50.76,0.9807,0.6318,0.297261,10,55,25,150.29,0.9405,0.1965,0.028670,4.414
192419,520,270,790,244,143,57,56.85,0.8959,0.7018,0.391761,28,69,66,188.90,0.5731,0.2637,0.048963,4.464
192425,520,375,895,171,112,228,305.63,0.7485,0.6002,0.258482,0,38,73,250.90,1.0000,0.1625,0.018672,4.492
192440,520,436,956,229,66,13,35.57,0.9824,0.5516,0.205864,12,24,18,161.86,0.3669,0.0949,0.007751,4.430
192446,520,419,939,178,60,253,307.95,0.9863,0.5556,0.197894,42,3,52,318.40,0.8596,0.1110,0.008054,4.270
192457,520,267,787,246,116,237,330.13,0.9559,0.7123,0.382004,46,67,25,131.30,0.7086,0.2572,0.046653,4.470
192463,520,456,976,231,7,110,4.48,0.9893,0.5343,0.182697,16,6,23,310.28,0.5514,0.0583,0.003023,4.389
192466,520,398,918,196,83,220,320.23,0.8230,0.5832,0.230909,26,31,49,271.69,0.3388,0.1401,0.014213,4.375
192473,520,389,909,186,87,247,309.84,0.9299,0.5932,0.239718,2,43,7,145.05,0.9904,0.1489,0.017559,4.288
192474,520,412,932,216,54,204,331.40,0.8973,0.5738,0.215990,17,31,16,142.78,0.5135,0.1186,0.011365,4.335
192477,520,98,618,235,217,200,65.81,0.3698,0.8782,0.714586,7,111,96,178.87,0.9716,0.4050,0.122580,4.430
192479,520,434,954,131,104,236,288.87,0.8153,0.5472,0.207819,16,24,12,135.59,0.4104,0.0962,0.007900,4.453
192486,520,432,952,223,39,162,345.96,0.9062,0.5522,0.197502,21,20,34,286.86,0.3152,0.0988,0.007752,4.286
192497,520,433,953,228,31,154,349.52,0.9356,0.5535,0.198098,31,1,58,301.91,0.9640,0.0966,0.006185,4.416
192498,520,367,887,246,55,169,349.58,0.9286,0.6096,0.251929,36,35,57,285.39,0.3417,0.1650,0.018725,4.393
192499,520,442,962,202,26,215,324.85,0.9619,0.5395,0.182034,10,14,36,273.03,0.5695,0.0772,0.005060,4.214
192504,520,377,897,175,113,211,311.98,0.6563,0.5964,0.256280,5,45,9,144.64,0.9767,0.1574,0.019287,4.420
192505,520,478,998,152,94,166,319.63,0.5296,0.5051,0.174346,3,1,8,299.53,0.6793,0.0239,0.000586,4.435
192522,520,329,849,223,116,186,342.06,0.7012,0.6540,0.317259,31,53,62,225.84,0.3573,0.2141,0.031852,4.487
192531,520,450,970,218,27,178,339.38,0.9440,0.5449,0.189060,2,21,0,140.08,1.0000,0.0750,0.005492,4.308
192533,520,398,918,233,23,187,340.29,0.9723,0.5764,0.215271,12,39,12,143.51,0.8968,0.1404,0.015557,4.046
192549,520,429,949,241,5,100,9.35,0.9948,0.5518,0.197327,28,10,50,300.27,0.7324,0.0986,0.006943,4.343
192554,520,476,996,219,42,58,22.85,0.9321,0.5129,0.170241,3,1,10,295.26,0.7289,0.0249,0.000630,4.350
192555,520,436,956,240,1,85,13.83,0.9991,0.5452,0.192062,10,25,1,133.68,0.9691,0.0925,0.007620,4.201
192562,520,387,907,235,12,217,332.67,0.9927,0.5949,0.229376,21,37,33,176.85,0.3263,0.1453,0.015923,4.238
192565,520,413,933,238,58,94,15.05,0.8994,0.5715,0.220145,0,34,28,178.49,1.0000,0.1226,0.012278,4.338
192603,520,411,931,237,42,132,359.54,0.9205,0.5683,0.213295,39,6,63,305.80,0.8498,0.1198,0.009205,4.447
192618,520,459,979,198,59,169,337.51,0.7937,0.5269,0.180000,20,4,16,337.05,0.5910,0.0555,0.002730,4.362
192621,520,406,926,246,15,140,357.37,0.9849,0.5772,0.218313,42,24,7,62.23,0.6304,0.1260,0.011609,4.355
192625,520,440,960,236,8,131,358.27,0.9888,0.5521,0.196483,40,2,33,336.52,0.8235,0.0926,0.006044,4.398
192649,520,445,965,199,39,208,325.69,0.9208,0.5364,0.181489,32,1,33,326.98,0.8735,0.0770,0.004386,4.256
192653,520,434,954,239,25,84,14.99,0.9724,0.5494,0.196893,41,9,10,21.61,0.6851,0.0962,0.006888,4.340
192662,520,393,913,231,27,214,332.50,0.9762,0.5902,0.226304,58,12,26,6.05,0.7085,0.1374,0.012372,4.430
192666,520,441,961,163,63,250,303.60,0.9654,0.5354,0.182442,38,7,23,351.56,0.6607,0.0919,0.006260,4.132
192685,520,331,851,250,85,153,358.76,0.9305,0.6399,0.291241,63,41,25,56.39,0.4398,0.2021,0.027129,4.424
192687,520,425,945,249,13,25,27.83,0.9949,0.5588,0.205014,18,4,77,277.86,0.9700,0.1082,0.007512,4.434
192700,520,466,986,210,69,14,37.78,0.9682,0.5184,0.179919,13,6,19,308.70,0.4702,0.0530,0.002628,4.369
192703,520,457,977,174,61,230,311.66,0.8851,0.5319,0.180502,21,5,15,342.81,0.5378,0.0585,0.003025,4.347
192707,520,327,847,252,60,219,336.28,0.9839,0.6494,0.290447,20,58,30,149.67,0.8332,0.2118,0.032685,4.117
192714,520,447,967,177,69,220,314.61,0.8406,0.5375,0.187716,18,7,49,288.11,0.8091,0.0818,0.005023,4.320
192732,520,264,784,255,116,205,343.57,1.0000,0.7102,0.381614,3,75,10,143.70,0.9958,0.2624,0.050732,4.285
192743,520,441,961,196,100,18,53.05,0.9161,0.5427,0.208955,7,25,7,143.68,0.8445,0.0920,0.007557,4.499
192758,520,432,952,236,18,108,6.35,0.9757,0.5468,0.193513,51,1,3,25.43,0.9795,0.1027,0.007322,4.248
192761,520,392,912,221,25,244,322.86,0.9858,0.5928,0.226012,57,21,14,32.62,0.6455,0.1463,0.014380,4.287
192764,520,427,947,192,74,207,323.02,0.8069,0.5571,0.206104,41,13,9,30.11,0.6269,0.1024,0.007791,4.432
192765,520,393,913,242,59,124,4.88,0.8957,0.5883,0.234636,31,20,78,285.02,0.7737,0.1443,0.013416,4.488
192775,520,376,896,208,59,249,317.65,0.9692,0.5959,0.233790,50,29,36,358.23,0.3214,0.1575,0.016843,4.246
192787,520,400,920,254,3,121,4.56,0.9978,0.5844,0.225201,67,0,7,22.87,1.0000,0.1383,0.012088,4.432
192806,520,427,947,247,30,18,29.48,0.9867,0.5603,0.207500,45,4,30,346.23,0.7791,0.1033,0.007385,4.487
192827,520,322,842,255,59,209,339.66,1.0000,0.6484,0.289947,52,32,102,291.31,0.7231,0.2122,0.027224,4.402
192843,520,458,978,167,69,227,309.42,0.8542,0.5285,0.180185,12,9,20,296.05,0.3525,0.0589,0.003240,4.324
192867,520,422,942,229,53,127,0.78,0.8687,0.5593,0.207393,28,20,41,300.46,0.4276,0.1104,0.009073,4.357
192878,520,361,881,249,25,209,337.91,0.9855,0.6190,0.254416,62,7,89,310.39,0.8920,0.1820,0.018975,4.413
192887,520,463,983,231,0,110,4.30,1.0000,0.5328,0.181177,2,6,29,266.47,0.8464,0.0492,0.002319,4.419
192893,520,410,930,192,53,248,313.56,0.9627,0.5657,0.205312,36,14,64,299.35,0.7518,0.1270,0.010593,4.214
192904,520,396,916,227,85,78,26.24,0.8273,0.5786,0.233806,14,27,71,267.28,0.7771,0.1383,0.013321,4.482
192910,520,249,769,162,170,240,278.68,0.7178,0.7186,0.427216,41,74,61,166.85,0.4447,0.2849,0.057057,4.458
192926,520,249,769,238,127,249,323.87,0.9635,0.7242,0.401974,40,72,56,161.14,0.4625,0.2763,0.053712,4.358
192927,520,384,904,243,11,178,345.00,0.9905,0.5873,0.225115,27,25,80,278.55,0.7521,0.1519,0.015074,4.228
192964,520,173,693,227,184,206,346.24,0.4585,0.7986,0.550691,30,96,32,143.65,0.9502,0.3443,0.087457,4.370
192977,520,405,925,228,74,132,1.30,0.8001,0.5804,0.230601,23,34,10,129.70,0.6626,0.1313,0.013481,4.420
192988,520,320,840,248,57,234,331.48,0.9718,0.6491,0.288261,8,47,93,255.65,0.8558,0.2070,0.028748,4.295
192997,520,389,909,254,35,104,11.17,0.9923,0.5896,0.232761,30,23,76,283.29,0.7286,0.1468,0.014106,4.411
193001,520,405,925,233,75,73,25.24,0.8771,0.5757,0.228397,51,21,8,43.08,0.6792,0.1345,0.012578,4.449
193003,520,423,943,161,83,255,300.17,1.0000,0.5618,0.209839,39,9,53,312.77,0.7573,0.1150,0.008838,4.416
193010,520,467,987,214,62,55,27.35,0.8805,0.5213,0.180197,0,7,10,215.99,1.0000,0.0391,0.001739,4.449
193014,520,430,950,200,76,176,336.06,0.7460,0.5539,0.205845,2,24,42,245.11,0.8205,0.1008,0.008333,4.386
193017,520,447,967,184,82,176,330.58,0.6858,0.5368,0.193608,14,7,50,282.10,0.8435,0.0790,0.004756,4.449
193022,520,351,871,221,78,241,322.54,0.9342,0.6288,0.271737,33,45,55,243.90,0.2438,0.1884,0.024759,4.304
193027,520,474,994,220,16,133,354.49,0.9628,0.5225,0.172823,5,1,6,321.90,0.6247,0.0256,0.000671,4.397
193053,520,448,968,228,26,134,356.17,0.9462,0.5426,0.189568,31,4,36,321.26,0.7684,0.0826,0.005056,4.351
193059,520,457,977,178,82,172,329.87,0.6644,0.5253,0.184793,8,10,30,275.81,0.5731,0.0634,0.003624,4.378
193066,520,410,930,248,20,100,10.81,0.9822,0.5700,0.213804,30,2,84,286.56,0.9784,0.1262,0.009595,4.427
193073,520,473,993,201,16,194,330.24,0.9682,0.5193,0.166850,1,3,3,195.68,0.3771,0.0256,0.000781,4.270
193082,520,400,920,179,86,242,308.68,0.8945,0.5787,0.226509,10,36,44,221.28,0.6122,0.1410,0.015081,4.249
193084,520,292,812,230,138,98,43.86,0.7033,0.6772,0.358840,16,67,17,143.36,0.9635,0.2386,0.041648,4.461
193086,520,423,943,180,94,196,321.15,0.6797,0.5610,0.216952,25,24,32,290.74,0.1743,0.1117,0.009642,4.476
193088,520,375,895,210,62,240,320.19,0.9324,0.5951,0.234399,62,20,36,359.13,0.6009,0.1604,0.016520,4.275
193099,520,385,905,198,69,243,315.73,0.9322,0.5858,0.227344,27,36,30,155.78,0.2015,0.1460,0.015885,4.210
193115,520,435,955,205,63,174,337.92,0.8003,0.5460,0.195920,6,19,36,255.05,0.5981,0.0862,0.006318,4.367
193143,520,389,909,224,67,183,340.24,0.8471,0.5877,0.232829,37,27,66,292.50,0.5697,0.1536,0.015705,4.305
193144,520,261,781,204,153,220,317.95,0.5989,0.7136,0.407879,3,77,17,144.96,0.9954,0.2701,0.053674,4.417
193157,520,329,849,228,95,218,330.64,0.8575,0.6460,0.297425,16,59,22,145.82,0.9326,0.2118,0.032959,4.188
193158,520,321,841,248,49,246,328.64,0.9781,0.6513,0.288098,88,15,39,6.67,0.7916,0.2074,0.025632,4.470
193170,520,441,961,212,15,203,330.68,0.9795,0.5450,0.186526,11,22,30,240.99,0.3653,0.0937,0.007387,4.122
193176,520,470,990,207,41,162,341.98,0.8658,0.5236,0.174620,13,0,20,315.25,1.0000,0.0393,0.001361,4.373
193179,520,434,954,222,58,116,4.39,0.8348,0.5467,0.198192,10,21,51,266.03,0.6862,0.1044,0.008398,4.250
193183,520,261,781,139,173,236,262.35,0.6908,0.7055,0.414313,6,77,7,142.81,0.9925,0.2699,0.053616,4.481
193202,520,366,886,247,80,79,24.90,0.9423,0.6089,0.260793,47,28,73,300.67,0.6037,0.1733,0.019159,4.494
193204,520,447,967,192,55,211,322.50,0.8735,0.5394,0.186434,30,10,14,8.63,0.4750,0.0805,0.005248,4.279
193212,520,401,921,253,44,58,24.64,0.9901,0.5841,0.229932,16,27,75,268.97,0.7893,0.1433,0.014020,4.373
193219,520,402,922,233,4,200,336.59,0.9965,0.5792,0.215833,54,4,53,329.07,0.8300,0.1344,0.011283,4.338
193229,520,354,874,189,106,236,311.70,0.8290,0.6177,0.271839,40,40,52,284.91,0.1859,0.1795,0.022166,4.460
193241,520,363,883,237,24,235,328.77,0.9883,0.6134,0.246586,41,9,102,287.99,0.9344,0.1681,0.016261,4.476
193245,520,453,973,230,28,43,25.50,0.9754,0.5252,0.178310,3,14,36,259.78,0.7606,0.0722,0.004608,4.181
193256,520,378,898,231,15,241,326.02,0.9936,0.6047,0.236839,3,23,99,264.55,0.9588,0.1556,0.015329,4.391
193261,520,411,931,243,50,29,30.46,0.9706,0.5652,0.214280,51,15,9,31.64,0.7181,0.1239,0.010653,4.357
193270,520,134,654,249,184,237,333.03,0.9416,0.8351,0.605367,68,99,16,128.75,0.9320,0.3743,0.101899,4.315
193272,520,389,909,245,69,46,30.89,0.9531,0.5882,0.238693,4,40,33,176.89,0.8847,0.1460,0.016531,4.339
193297,520,453,973,220,56,87,15.31,0.8609,0.5328,0.187347,19,11,8,42.32,0.2634,0.0659,0.003953,4.399
193299,520,412,932,161,87,255,299.72,1.0000,0.5674,0.216138,4,22,69,263.49,0.9178,0.1200,0.010292,4.414
193312,520,405,925,253,31,57,23.67,0.9907,0.5766,0.221618,47,20,7,45.36,0.6697,0.1254,0.011201,4.438
193313,520,415,935,252,11,39,25.95,0.9956,0.5658,0.210850,4,7,90,266.46,0.9870,0.1207,0.009159,4.409
193328,520,465,985,210,36,149,347.15,0.8815,0.5193,0.171355,6,8,14,267.44,0.2555,0.0489,0.002441,4.221
193348,520,428,948,247,17,78,17.17,0.9878,0.5621,0.207287,31,9,51,304.13,0.7526,0.1019,0.007257,4.494
193362,520,410,930,220,84,107,13.26,0.7448,0.5713,0.226202,12,26,62,265.19,0.7254,0.1268,0.011647,4.480
193375,520,375,895,220,69,205,332.22,0.8692,0.5951,0.238818,33,35,48,277.74,0.2240,0.1568,0.017388,4.286
193390,520,385,905,238,46,164,349.03,0.9202,0.5859,0.228144,43,29,46,320.35,0.3312,0.1523,0.015896,4.221
193392,520,373,893,210,69,231,322.19,0.9028,0.5955,0.237291,37,37,30,107.24,0.1363,0.1587,0.018102,4.219
193400,520,409,929,164,97,239,302.63,0.8452,0.5738,0.226743,1,26,72,260.07,0.9734,0.1307,0.012130,4.454
193402,520,344,864,209,88,255,315.26,1.0000,0.6322,0.277562,51,35,75,300.53,0.5177,0.1943,0.024139,4.418
193409,520,50,570,232,241,232,145.45,0.3008,0.9404,0.858924,4,127,15,143.15,0.9981,0.4414,0.152384,4.491
193415,520,259,779,231,125,239,324.63,0.9002,0.7060,0.378900,53,60,89,273.21,0.3339,0.2669,0.047098,4.417
193416,520,280,800,247,127,125,22.32,0.8603,0.6881,0.364364,43,65,21,131.60,0.7718,0.2478,0.043483,4.433
193432,520,305,825,228,137,56,58.39,0.8320,0.6665,0.346730,15,65,11,142.04,0.9727,0.2306,0.039062,4.455
193437,520,414,934,234,73,60,28.65,0.9005,0.5733,0.225867,11,28,54,258.69,0.6383,0.1249,0.011679,4.473
193438,520,449,969,185,62,216,318.70,0.8574,0.5388,0.187186,0,12,42,259.48,1.0000,0.0704,0.004301,4.368
193442,520,431,951,237,10,125,0.52,0.9868,0.5524,0.197054,5,27,29,203.22,0.6594,0.1038,0.009048,4.184
193447,520,316,836,220,100,255,317.91,1.0000,0.6633,0.315516,26,60,32,147.84,0.7360,0.2220,0.035555,4.272
193454,520,474,994,169,43,244,307.92,0.9481,0.5203,0.166952,10,1,13,320.36,0.7573,0.0348,0.001153,4.241
193456,520,452,972,199,46,194,329.56,0.8775,0.5319,0.179929,21,3,38,304.06,0.8256,0.0684,0.003645,4.286
193462,520,443,963,217,61,105,8.54,0.8157,0.5369,0.191116,23,11,21,332.87,0.3706,0.0752,0.004757,4.403
193478,520,469,989,233,14,19,28.34,0.9926,0.5243,0.176879,7,2,28,287.76,0.8496,0.0438,0.001724,4.386
193483,520,477,997,150,53,254,299.31,0.9937,0.5118,0.161863,1,2,3,240.75,0.2913,0.0220,0.000564,4.190
193495,520,477,997,218,9,117,359.62,0.9788,0.5103,0.163877,2,0,16,283.45,1.0000,0.0236,0.000503,4.235
193499,520,446,966,227,38,119,2.05,0.9112,0.5415,0.190518,26,8,29,321.78,0.5857,0.0778,0.004820,4.387
193514,520,372,892,255,3,179,347.16,1.0000,0.6095,0.245833,65,19,47,346.19,0.6454,0.1694,0.017950,4.354
193529,520,471,991,233,4,48,23.26,0.9972,0.5244,0.176270,7,0,24,295.40,1.0000,0.0356,0.001111,4.427
193546,520,236,756,252,123,251,327.71,0.9866,0.7386,0.418288,25,72,97,235.56,0.6734,0.2878,0.057042,4.375
193555,520,382,902,197,90,234,316.40,0.8633,0.6033,0.251244,21,43,34,165.83,0.4594,0.1643,0.020026,4.302
193562,520,474,994,221,49,65,21.91,0.9115,0.5238,0.179531,8,2,5,344.94,0.4746,0.0320,0.001060,4.495
193576,520,441,961,236,30,57,22.74,0.9719,0.5406,0.190600,1,8,68,264.92,0.9762,0.0915,0.005974,4.298
193590,520,431,951,211,54,169,341.06,0.8365,0.5450,0.193539,35,7,41,320.15,0.7249,0.0970,0.006694,4.296
193594,520,122,642,233,201,246,316.16,0.7815,0.8567,0.657514,35,106,47,146.47,0.9267,0.3816,0.108702,4.458
193599,520,456,976,193,27,227,319.38,0.9655,0.5339,0.176688,4,12,28,260.01,0.6098,0.0631,0.003726,4.219
193606,520,441,961,179,102,133,355.10,0.4732,0.5428,0.207811,8,25,1,135.76,0.9752,0.0913,0.007491,4.484
193612,520,435,955,233,47,76,19.01,0.9275,0.5484,0.198815,4,14,59,266.27,0.9184,0.0932,0.006556,4.399
193617,520,403,923,239,77,10,37.65,0.9887,0.5837,0.236835,23,35,1,126.62,0.9683,0.1329,0.013864,4.491
193619,520,355,875,237,22,245,326.49,0.9915,0.6197,0.251735,28,27,105,274.80,0.8762,0.1832,0.020506,4.280
193623,520,342,862,236,57,241,326.89,0.9607,0.6335,0.271125,56,38,38,18.87,0.2384,0.1882,0.023670,4.359
193627,520,411,931,206,69,204,328.47,0.8385,0.5716,0.217394,26,18,63,285.87,0.7115,0.1212,0.010111,4.448
193633,520,409,929,254,30,8,30.11,0.9965,0.5747,0.220207,33,30,1,103.96,0.9390,0.1282,0.012541,4.320
193637,520,459,979,192,28,224,319.80,0.9608,0.5303,0.174202,0,11,30,253.29,0.9999,0.0590,0.003331,4.204
193658,520,208,728,236,163,188,357.18,0.6324,0.7591,0.476598,30,83,68,171.52,0.6968,0.3102,0.068796,4.433
193664,520,468,988,158,72,223,306.85,0.8311,0.5168,0.172321,19,2,2,24.35,0.7692,0.0444,0.001863,4.287
193670,520,382,902,241,88,10,40.43,0.9885,0.6017,0.257053,22,37,62,260.15,0.4949,0.1617,0.018414,4.488
193678,520,413,933,229,66,132,0.35,0.8286,0.5734,0.222231,31,24,42,301.51,0.3519,0.1235,0.011117,4.454
193692,520,391,911,244,67,99,15.37,0.9143,0.5929,0.241515,21,40,4,133.02,0.9348,0.1478,0.016857,4.360
193695,520,388,908,241,72,99,15.99,0.8909,0.5925,0.242395,40,24,68,297.20,0.6293,0.1527,0.015217,4.483
193698,520,397,917,254,31,23,29.08,0.9964,0.5757,0.221165,59,12,33,356.99,0.7061,0.1420,0.013027,4.302
193709,520,466,986,210,71,36,34.91,0.9035,0.5225,0.183378,1,5,36,265.41,0.9399,0.0517,0.002424,4.452
193727,520,343,863,245,34,237,330.11,0.9843,0.6325,0.266738,58,35,49,342.82,0.3371,0.1885,0.023234,4.325
193738,520,392,912,241,74,47,31.88,0.9330,0.5862,0.238068,4,35,60,247.13,0.8156,0.1455,0.015540,4.395
193761,520,382,902,227,47,226,328.41,0.9530,0.6015,0.238572,61,23,36,0.63,0.5432,0.1636,0.017324,4.286
193771,520,411,931,186,60,254,310.17,0.9932,0.5679,0.208276,59,2,12,17.62,0.9450,0.1234,0.009999,4.305
193772,520,468,988,210,13,173,338.76,0.9703,0.5220,0.170088,3,2,33,273.69,0.9462,0.0440,0.001726,4.255
193774,520,475,995,210,55,122,359.11,0.8079,0.5231,0.178414,3,2,13,285.73,0.6590,0.0297,0.000918,4.486
193783,520,386,906,219,81,174,342.81,0.7757,0.5907,0.240031,29,37,6,122.42,0.7889,0.1452,0.015975,4.396
193784,520,306,826,243,92,223,333.33,0.9345,0.6683,0.320393,44,59,16,126.27,0.7698,0.2289,0.037008,4.257
193802,520,470,990,149,62,253,298.49,0.9857,0.5188,0.169269,0,7,7,194.77,1.0000,0.0380,0.001673,4.243
193812,520,477,997,196,79,51,34.75,0.7971,0.5097,0.175686,2,1,1,18.81,0.2281,0.0183,0.000368,4.481
193822,520,409,929,214,82,132,359.82,0.7187,0.5659,0.219989,6,28,64,259.58,0.8232,0.1306,0.012393,4.327
193827,520,441,961,225,39,115,3.25,0.9049,0.5368,0.186991,30,17,15,28.95,0.2965,0.0945,0.007114,4.149
193847,520,445,965,175,40,253,308.01,0.9892,0.5350,0.177242,22,18,2,97.48,0.7711,0.0837,0.006076,4.052
193858,520,339,859,237,77,227,330.55,0.9232,0.6442,0.288608,50,46,37,86.89,0.1609,0.2010,0.027657,4.360
193867,520,308,828,248,75,239,330.20,0.9721,0.6672,0.312234,63,51,30,80.82,0.3969,0.2289,0.035182,4.252
193868,520,453,973,225,26,101,7.43,0.9486,0.5252,0.176887,23,7,27,319.43,0.5862,0.0709,0.004133,4.191
193872,520,162,682,246,191,84,81.39,0.8577,0.8078,0.574964,7,94,104,207.74,0.9416,0.3547,0.090496,4.448
193876,520,368,888,250,14,188,343.69,0.9912,0.6064,0.242722,69,20,11,32.54,0.7933,0.1673,0.017899,4.311
193880,520,360,880,254,39,172,349.64,0.9917,0.6155,0.255039,70,19,55,341.32,0.6801,0.1829,0.020439,4.331
193899,520,461,981,201,51,177,335.47,0.8367,0.5290,0.179613,14,4,20,312.73,0.6050,0.0501,0.002307,4.390
193903,520,271,791,241,109,253,324.25,0.9899,0.7042,0.367321,29,71,42,151.56,0.7454,0.2625,0.049347,4.201
193904,520,429,949,245,25,29,27.93,0.9867,0.5544,0.202000,1,0,82,264.83,1.0000,0.0982,0.006156,4.488
193913,520,396,916,242,28,158,351.16,0.9635,0.5811,0.221795,35,27,46,303.06,0.3474,0.1376,0.013385,4.288
193914,520,407,927,215,41,209,329.78,0.9341,0.5659,0.206385,34,23,51,300.42,0.4912,0.1305,0.011919,4.141
193920,520,428,948,219,29,206,331.64,0.9605,0.5645,0.203973,41,3,41,328.14,0.8150,0.1010,0.006967,4.458
193944,520,454,974,207,20,197,331.00,0.9644,0.5335,0.177989,4,20,5,145.28,0.8828,0.0747,0.005371,4.118
193978,520,359,879,237,39,241,327.30,0.9785,0.6238,0.258090,53,32,64,313.19,0.4765,0.1831,0.021601,4.303
193992,520,447,967,198,67,178,334.48,0.7789,0.5407,0.192361,33,4,33,327.95,0.7546,0.0838,0.005200,4.391
194008,520,467,987,221,22,102,6.16,0.9533,0.5155,0.169080,8,4,21,293.59,0.6247,0.0448,0.001926,4.219
194012,520,310,830,249,72,229,333.02,0.9719,0.6601,0.304345,42,51,71,265.59,0.2910,0.2219,0.033148,4.262
194016,520,459,979,218,40,137,353.64,0.8815,0.5319,0.182316,5,12,13,205.77,0.3019,0.0567,0.003243,4.363
194025,520,280,800,169,151,249,290.96,0.8423,0.6879,0.374076,43,67,25,133.62,0.7353,0.2548,0.045980,4.418
194028,520,418,938,193,86,177,333.57,0.6896,0.5571,0.211688,46,11,46,327.75,0.6949,0.1237,0.010175,4.349
194056,520,440,960,164,100,189,315.88,0.6007,0.5454,0.206816,27,20,1,91.50,0.8948,0.0944,0.007355,4.478
194061,520,459,979,207,65,130,356.27,0.7635,0.5312,0.186598,3,15,16,201.45,0.5661,0.0635,0.003984,4.383
194063,520,453,973,155,103,163,322.03,0.4641,0.5250,0.193140,23,8,22,329.53,0.4903,0.0701,0.004138,4.491
194080,520,327,847,249,109,40,43.06,0.9545,0.6483,0.312334,4,60,7,143.42,0.9913,0.2095,0.032727,4.380
194087,520,401,921,241,38,147,354.93,0.9393,0.5794,0.221967,5,25,82,264.18,0.9200,0.1407,0.013366,4.292
194101,520,423,943,247,14,78,17.04,0.9903,0.5613,0.206418,44,10,26,354.29,0.6412,0.1082,0.008272,4.400
194102,520,394,914,207,88,183,336.07,0.7305,0.5851,0.236655,26,28,60,278.23,0.5288,0.1401,0.013763,4.496
194105,520,414,934,231,54,151,352.38,0.8749,0.5732,0.218644,14,30,29,190.59,0.3761,0.1178,0.011106,4.396
194123,520,411,931,177,74,250,307.31,0.9598,0.5668,0.211476,56,4,3,28.37,0.9443,0.1178,0.009343,4.406
194131,520,38,558,230,243,238,171.05,0.3284,0.9453,0.870968,45,127,33,141.28,0.9620,0.4519,0.158459,4.418
194135,520,440,960,233,37,106,7.72,0.9314,0.5488,0.196904,39,3,33,335.50,0.7918,0.0924,0.006063,4.404
194138,520,385,905,191,107,170,337.08,0.5617,0.5850,0.244953,49,28,37,352.64,0.3339,0.1542,0.016171,4.457
194140,520,453,973,198,7,224,321.69,0.9925,0.5337,0.175412,26,7,23,333.56,0.5622,0.0728,0.004335,4.149
194142,520,452,972,216,60,102,9.47,0.8184,0.5330,0.187924,27,5,25,331.19,0.6588,0.0716,0.004118,4.396
194155,520,319,839,250,55,238,330.97,0.9807,0.6535,0.292324,83,34,12,42.66,0.7755,0.2188,0.030099,4.274
194159,520,355,875,255,76,55,30.32,1.0000,0.6160,0.267084,31,32,95,276.33,0.7614,0.1845,0.021505,4.434
194164,520,315,835,246,99,188,346.12,0.9014,0.6648,0.321502,38,53,64,240.52,0.2603,0.2203,0.033284,4.461
194166,520,449,969,231,27,122,1.03,0.9490,0.5446,0.191809,25,8,11,9.45,0.4552,0.0686,0.004045,4.474
194167,520,432,952,237,49,42,28.24,0.9528,0.5532,0.203715,28,17,27,329.63,0.3059,0.0963,0.007269,4.430
194172,520,376,896,237,13,212,334.40,0.9917,0.5956,0.230486,30,35,64,274.72,0.4549,0.1639,0.018482,4.096
194180,520,325,845,244,54,254,325.85,0.9966,0.6531,0.290298,6,57,57,194.90,0.8833,0.2129,0.032602,4.120
194191,520,382,902,241,37,183,343.49,0.9544,0.5953,0.234458,26,40,23,140.09,0.4469,0.1551,0.017990,4.184
194193,520,380,900,248,43,159,352.64,0.9451,0.6007,0.241907,34,38,35,153.35,0.0817,0.1602,0.018476,4.263
194208,520,455,975,226,34,77,16.54,0.9441,0.5254,0.178515,4,13,8,161.72,0.4857,0.0567,0.003312,4.286
194238,520,312,832,245,89,213,336.82,0.9350,0.6626,0.313641,58,53,2,103.50,0.9545,0.2243,0.034502,4.303
194240,520,409,929,178,87,228,311.54,0.8224,0.5686,0.218836,15,32,48,248.36,0.4878,0.1341,0.013479,4.235
194246,520,469,989,187,56,193,326.08,0.8268,0.5198,0.172448,21,0,8,354.40,1.0000,0.0446,0.001770,4.297
194250,520,440,960,244,5,85,14.42,0.9959,0.5545,0.200010,34,6,32,330.66,0.6956,0.0881,0.005747,4.485
194253,520,417,937,230,81,6,39.85,0.9905,0.5718,0.227238,22,30,25,157.52,0.1985,0.1223,0.011693,4.494
194267,520,429,949,220,35,174,341.24,0.9213,0.5504,0.194761,18,22,21,178.89,0.0934,0.0951,0.007566,4.252
194277,520,400,920,188,81,229,315.26,0.8494,0.5750,0.222345,7,16,95,267.10,0.9672,0.1407,0.012419,4.363
194304,520,385,905,179,93,243,307.77,0.8886,0.5895,0.238842,22,32,67,269.23,0.5915,0.1522,0.016088,4.371
194306,520,437,957,189,37,250,312.82,0.9760,0.5516,0.190453,3,1,71,267.08,0.9969,0.0856,0.004960,4.375
194321,520,444,964,197,92,88,24.16,0.6389,0.5393,0.202310,22,18,4,95.12,0.6010,0.0842,0.006120,4.496
194335,520,408,928,237,3,179,343.33,0.9968,0.5748,0.213273,49,23,6,51.81,0.7061,0.1348,0.012790,4.193
194336,520,297,817,223,131,177,349.36,0.6256,0.6764,0.350967,59,56,40,98.71,0.2480,0.2403,0.039114,4.499
194351,520,424,944,221,83,12,41.13,0.9754,0.5581,0.215878,3,23,62,260.81,0.9069,0.1149,0.009799,4.446
194360,520,452,972,205,81,54,33.88,0.8122,0.5293,0.191324,7,13,35,268.88,0.6236,0.0722,0.004544,4.424
194364,520,426,946,215,16,213,328.83,0.9829,0.5574,0.196239,33,23,9,74.50,0.4870,0.1111,0.009559,4.134
194366,520,418,938,207,24,228,323.00,0.9760,0.5569,0.195219,14,26,50,262.89,0.5551,0.1185,0.010624,4.045
194369,520,463,983,229,27,64,20.17,0.9684,0.5255,0.178150,19,1,17,331.95,0.7955,0.0478,0.002006,4.387
194408,520,372,892,240,15,227,331.37,0.9931,0.6109,0.244158,10,16,115,267.34,0.9786,0.1687,0.016728,4.408
194435,520,359,879,240,30,240,328.28,0.9862,0.6242,0.257478,84,2,14,21.77,0.9792,0.1810,0.019603,4.418
194449,520,424,944,215,25,212,329.06,0.9689,0.5597,0.198979,55,1,13,14.37,0.9603,0.1135,0.008631,4.247
194465,520,395,915,246,11,165,349.48,0.9903,0.5869,0.225521,3,28,72,260.12,0.9252,0.1365,0.013177,4.361
194470,520,439,959,225,65,76,21.55,0.8664,0.5495,0.203127,11,20,37,262.26,0.4782,0.0925,0.007050,4.437
194480,520,387,907,241,58,123,4.96,0.8918,0.5852,0.231601,53,28,6,58.82,0.7358,0.1524,0.016006,4.266
194481,520,344,864,200,101,246,313.60,0.9179,0.6312,0.282417,39,48,23,125.20,0.4941,0.1913,0.026071,4.370
194488,520,352,872,247,60,180,346.51,0.9371,0.6204,0.263043,88,7,8,27.14,0.9568,0.1937,0.022446,4.321
194493,520,455,975,192,79,141,349.02,0.6627,0.5278,0.187231,28,2,12,357.58,0.7696,0.0617,0.003169,4.462
194513,520,340,860,252,15,241,330.78,0.9961,0.6413,0.273911,40,28,109,281.65,0.8273,0.1996,0.023857,4.386
194514,520,479,999,210,18,146,347.66,0.9465,0.5091,0.162118,0,0,7,264.05,1.0000,0.0135,0.000153,4.229
194516,520,204,724,250,146,244,329.14,0.9751,0.7688,0.474155,19,88,26,144.42,0.9721,0.3128,0.071922,4.299
194554,520,464,984,169,91,159,332.04,0.5615,0.5196,0.184213,21,2,2,24.78,0.8031,0.0474,0.002073,4.498
194556,520,426,946,245,42,34,28.74,0.9703,0.5638,0.211874,28,22,22,17.96,0.1177,0.1058,0.008786,4.455
194558,520,477,997,220,37,37,27.40,0.9585,0.5087,0.166751,4,1,6,314.84,0.6159,0.0242,0.000607,4.283
194561,520,200,720,252,155,197,352.82,0.9131,0.7675,0.481717,3,92,9,143.18,0.9974,0.3218,0.076930,4.189
194570,520,369,889,252,74,79,23.75,0.9775,0.6114,0.261610,31,42,23,132.86,0.4324,0.1655,0.020091,4.446
194583,520,393,913,227,45,208,333.13,0.9393,0.5887,0.227642,66,1,15,16.37,0.9750,0.1386,0.012147,4.468
194585,520,470,990,229,20,53,22.59,0.9819,0.5208,0.174184,5,1,32,280.80,0.9528,0.0427,0.001583,4.346
194602,520,382,902,205,81,236,318.97,0.8955,0.6047,0.249216,5,40,55,231.21,0.8050,0.1574,0.018256,4.384
194611,520,424,944,245,11,94,11.97,0.9907,0.5599,0.204634,29,17,53,295.55,0.6307,0.1140,0.009192,4.302
194622,520,9,529,254,249,254,325.64,0.8906,0.9853,0.959781,10,135,27,143.80,0.9954,0.4694,0.174709,4.494
194628,520,391,911,209,57,236,321.01,0.9315,0.5862,0.225394,53,7,75,311.23,0.8596,0.1540,0.014169,4.292
194641,520,427,947,213,29,209,329.31,0.9581,0.5559,0.196304,21,20,34,286.86,0.3152,0.0988,0.007752,4.265
194647,520,405,925,222,44,211,331.05,0.9381,0.5812,0.220364,56,15,16,22.13,0.6935,0.1348,0.012199,4.347
194654,520,338,858,228,84,224,328.91,0.8913,0.6358,0.282186,75,24,54,347.19,0.6345,0.1988,0.024157,4.480
194672,520,353,873,248,57,176,347.86,0.9435,0.6180,0.260205,53,26,70,310.44,0.6129,0.1754,0.019379,4.471
194681,520,418,938,203,21,241,318.96,0.9843,0.5592,0.195853,50,10,33,348.80,0.6878,0.1223,0.010051,4.094
194704,520,367,887,248,2,213,336.58,0.9991,0.6143,0.248071,39,36,62,288.18,0.3813,0.1738,0.020409,4.233
194708,520,432,952,221,61,119,3.40,0.8205,0.5488,0.200441,22,25,4,116.28,0.7209,0.1027,0.008746,4.263
194729,520,359,879,245,62,177,347.12,0.9214,0.6171,0.260351,47,42,24,94.42,0.3706,0.1827,0.023262,4.236
194749,520,447,967,203,90,43,41.33,0.8266,0.5387,0.201852,1,22,18,179.59,0.9222,0.0821,0.006239,4.478
194775,520,407,927,205,33,249,317.53,0.9758,0.5737,0.209080,33,28,23,67.16,0.1484,0.1274,0.012157,4.168
194776,520,400,920,181,109,171,332.09,0.5214,0.5752,0.237023,24,30,54,271.89,0.4393,0.1390,0.013890,4.492
194796,520,462,982,196,72,143,348.35,0.7096,0.5258,0.183554,22,1,18,335.31,0.8046,0.0526,0.002360,4.461
194800,520,412,932,219,43,195,334.74,0.9182,0.5654,0.207302,8,24,66,264.64,0.8398,0.1236,0.010982,4.219
194815,520,355,875,220,85,223,326.87,0.8711,0.6239,0.270423,52,39,5,87.04,0.8285,0.1779,0.021921,4.455
194822,520,441,961,219,36,161,345.23,0.9070,0.5423,0.188975,31,14,26,338.78,0.4166,0.0938,0.006800,4.207
194823,520,479,999,172,51,216,314.97,0.8806,0.5078,0.160972,2,0,3,318.71,1.0000,0.0147,0.000195,4.203
194831,520,469,989,229,35,3,31.20,0.9968,0.5244,0.178697,13,1,17,319.44,0.7938,0.0402,0.001478,4.443
194834,520,279,799,254,119,138,13.34,0.9729,0.6892,0.361026,22,65,60,184.77,0.6557,0.2457,0.042772,4.430
194836,520,477,997,143,90,202,303.33,0.6870,0.5093,0.174165,0,3,2,174.96,1.0000,0.0237,0.000695,4.422
194842,520,468,988,231,10,34,26.12,0.9938,0.5200,0.173246,0,5,17,252.37,0.9999,0.0370,0.001490,4.336
194847,520,353,873,239,21,247,326.51,0.9927,0.6242,0.256051,0,51,36,167.21,1.0000,0.1825,0.024949,4.083
194848,520,420,940,228,46,146,352.98,0.8888,0.5592,0.205260,46,5,34,342.08,0.7642,0.1087,0.008050,4.397
194849,520,379,899,189,87,246,311.06,0.9250,0.5966,0.242900,39,19,84,290.82,0.7922,0.1576,0.015372,4.481
194857,520,419,939,171,84,232,308.32,0.8423,0.5577,0.208255,43,11,20,5.63,0.6130,0.1056,0.008035,4.450
194877,520,455,975,207,24,189,333.26,0.9486,0.5298,0.175948,1,5,46,265.57,0.9647,0.0612,0.003122,4.253
194888,520,454,974,237,1,63,19.81,0.9992,0.5345,0.183884,23,7,20,334.46,0.5085,0.0673,0.003846,4.344
194890,520,381,901,239,50,187,342.15,0.9287,0.6017,0.242227,35,28,72,286.92,0.6120,0.1585,0.016557,4.391
194891,520,449,969,227,19,132,356.41,0.9628,0.5371,0.184654,18,8,35,297.40,0.6490,0.0720,0.004236,4.327
194899,520,476,996,158,73,215,308.68,0.8027,0.5118,0.169411,1,2,3,240.75,0.2913,0.0220,0.000564,4.339
194912,520,471,991,207,43,148,347.06,0.8483,0.5180,0.171334,7,3,18,296.42,0.6397,0.0396,0.001540,4.294
194926,520,423,943,193,76,202,324.80,0.7891,0.5580,0.207720,33,11,59,300.07,0.7686,0.1143,0.008785,4.384
194932,520,432,952,221,71,62,27.55,0.8645,0.5465,0.202290,13,23,27,224.80,0.2772,0.0963,0.007775,4.367
194936,520,458,978,186,65,202,322.82,0.8155,0.5338,0.184853,12,8,32,287.21,0.6266,0.0640,0.003561,4.385
194942,520,435,955,205,45,208,327.31,0.9111,0.5507,0.194118,26,17,11,54.93,0.2968,0.0882,0.006447,4.325
194952,520,371,891,237,4,239,327.90,0.9985,0.6116,0.243260,38,32,76,286.32,0.5829,0.1736,0.019669,4.209
194963,520,341,861,233,58,247,324.72,0.9704,0.6333,0.270675,37,50,39,149.15,0.2616,0.1999,0.028210,4.100
194969,520,464,984,211,64,32,33.65,0.9255,0.5152,0.176223,11,3,33,290.83,0.8213,0.0536,0.002461,4.312
194987,520,376,896,243,17,200,338.91,0.9883,0.6005,0.236287,32,26,86,281.23,0.7548,0.1643,0.017177,4.262
194990,520,370,890,223,39,250,321.85,0.9806,0.6068,0.240432,61,26,30,14.31,0.4998,0.1670,0.018248,4.256
195000,520,456,976,202,3,216,324.75,0.9963,0.5337,0.175813,18,10,10,18.80,0.2274,0.0633,0.003676,4.207
195005,520,351,871,252,36,213,337.61,0.9843,0.6312,0.267645,21,24,116,270.66,0.9446,0.1867,0.020735,4.491
195037,520,438,958,230,41,121,2.11,0.9087,0.5500,0.197922,40,3,23,351.22,0.7859,0.0891,0.005782,4.445
195041,520,415,935,223,73,143,355.50,0.7875,0.5744,0.224387,14,32,10,140.03,0.7713,0.1185,0.011483,4.463
195051,520,236,756,251,130,242,330.10,0.9806,0.7430,0.428877,38,72,82,218.95,0.4392,0.2859,0.056558,4.494
195054,520,423,943,208,53,209,327.79,0.8956,0.5626,0.205614,53,2,2,27.96,0.9689,0.1083,0.008048,4.403
195058,520,455,975,226,32,108,5.46,0.9309,0.5323,0.182873,16,10,12,356.62,0.1783,0.0617,0.003538,4.350
195059,520,449,969,182,71,204,320.62,0.7960,0.5361,0.188124,20,1,47,295.93,0.9547,0.0716,0.003757,4.430
195094,520,370,890,236,7,245,326.31,0.9976,0.6146,0.245800,76,5,43,354.70,0.8478,0.1743,0.018197,4.337
195103,520,322,842,247,46,247,328.20,0.9801,0.6485,0.284464,48,40,84,289.49,0.5243,0.2086,0.027860,4.296
195116,520,356,876,240,69,185,343.70,0.8926,0.6185,0.262871,18,24,113,269.59,0.9467,0.1812,0.019740,4.486
195123,520,378,898,255,18,154,354.73,1.0000,0.6014,0.240293,18,45,9,138.83,0.9243,0.1632,0.020250,4.132
195130,520,437,957,241,9,77,16.57,0.9927,0.5473,0.194353,14,17,45,275.31,0.6084,0.0932,0.006837,4.299
195135,520,423,943,244,11,106,8.01,0.9895,0.5609,0.205165,13,16,69,272.38,0.8808,0.1128,0.008858,4.335
195144,520,462,982,211,66,98,11.63,0.7849,0.5291,0.186294,10,10,6,107.55,0.1963,0.0541,0.002948,4.463
195163,520,446,966,216,13,179,338.46,0.9761,0.5368,0.181438,19,3,57,287.08,0.9316,0.0842,0.004990,4.209
195168,520,439,959,144,91,246,294.70,0.9064,0.5462,0.200653,14,21,26,239.61,0.2238,0.0912,0.007043,4.394
195170,520,474,994,182,22,229,315.84,0.9726,0.5154,0.161772,7,0,12,315.36,1.0000,0.0278,0.000717,4.176
195178,520,407,927,185,65,253,309.80,0.9857,0.5705,0.211877,8,11,94,268.03,0.9772,0.1330,0.010990,4.294
195186,520,416,936,206,90,138,356.60,0.6552,0.5662,0.222710,11,34,9,142.08,0.8866,0.1230,0.012349,4.374
195191,520,338,858,238,79,205,337.21,0.8959,0.6356,0.281795,43,32,98,285.12,0.7229,0.1985,0.024284,4.467
195193,520,428,948,205,0,240,319.89,1.0000,0.5567,0.192721,32,17,15,27.91,0.3348,0.0973,0.007425,4.227
195197,520,455,975,177,41,240,311.33,0.9472,0.5272,0.172252,13,10,25,291.56,0.4312,0.0644,0.003728,4.137
195199,520,464,984,204,14,186,333.32,0.9700,0.5190,0.166986,0,5,34,262.48,1.0001,0.0490,0.002240,4.154
195203,520,461,981,230,23,86,13.16,0.9672,0.5303,0.181107,19,2,20,325.96,0.7423,0.0516,0.002324,4.417
195213,520,474,994,221,48,63,22.37,0.9162,0.5226,0.178476,1,5,3,165.31,0.6237,0.0319,0.001216,4.461
195232,520,352,872,236,88,166,351.02,0.8210,0.6245,0.275682,45,45,33,107.62,0.2126,0.1912,0.025445,4.317
195233,520,374,894,219,37,247,321.54,0.9755,0.5969,0.231006,13,44,37,175.92,0.6599,0.1643,0.020204,4.003
195234,520,415,935,219,79,121,5.36,0.7502,0.5669,0.220349,12,24,56,265.83,0.6806,0.1169,0.010169,4.493
195237,520,471,991,219,55,10,34.04,0.9849,0.5200,0.178170,12,4,9,339.67,0.4034,0.0432,0.001847,4.401
195247,520,318,838,253,47,254,327.98,0.9971,0.6638,0.300744,29,61,20,139.30,0.8730,0.2247,0.036491,4.055
195254,520,425,945,226,44,157,348.56,0.8946,0.5588,0.204071,30,19,32,321.20,0.3310,0.1056,0.008461,4.346
195256,520,236,756,240,138,241,326.76,0.9181,0.7406,0.430550,5,84,5,142.61,0.9950,0.2940,0.063836,4.221
195267,520,464,984,221,46,13,32.11,0.9830,0.5160,0.173579,8,5,32,282.97,0.7555,0.0546,0.002644,4.247
195278,520,453,973,185,88,145,345.96,0.5971,0.5321,0.193394,8,14,25,261.63,0.3862,0.0690,0.004359,4.478
195279,520,375,895,207,83,214,325.55,0.8256,0.5959,0.243086,4,17,111,265.47,0.9792,0.1621,0.015743,4.458
195321,520,353,873,222,78,226,326.73,0.8946,0.6207,0.264714,67,25,45,352.71,0.5632,0.1816,0.020782,4.446
195322,520,466,986,218,7,141,351.07,0.9828,0.5197,0.169830,10,8,19,291.89,0.3694,0.0546,0.002852,4.159
195341,520,420,940,214,48,195,333.45,0.8965,0.5601,0.203523,38,20,22,12.62,0.3386,0.1146,0.009704,4.246
195356,520,465,985,173,42,238,310.50,0.9416,0.5202,0.167141,6,11,2,129.10,0.6714,0.0517,0.002824,4.111
195357,520,472,992,227,0,86,11.82,1.0000,0.5176,0.170057,10,2,5,351.60,0.5246,0.0342,0.001189,4.299
195372,520,434,954,198,91,115,8.05,0.6138,0.5467,0.207275,38,14,11,28.62,0.5388,0.0995,0.007504,4.474
195382,520,412,932,203,41,249,316.82,0.9726,0.5749,0.211235,23,31,14,129.28,0.4709,0.1230,0.011938,4.218
195383,520,351,871,247,17,234,331.29,0.9941,0.6284,0.261185,11,38,100,263.29,0.8950,0.1915,0.023773,4.218
195396,520,378,898,254,3,166,350.71,0.9980,0.6015,0.238927,15,39,64,251.48,0.6185,0.1646,0.019227,4.174
195400,520,412,932,216,19,233,324.18,0.9864,0.5742,0.209499,7,31,24,171.27,0.6837,0.1152,0.010911,4.260
195402,520,460,980,180,58,215,317.52,0.8624,0.5262,0.176368,17,6,17,327.00,0.4594,0.0564,0.002899,4.279
195406,520,438,958,234,33,118,3.33,0.9395,0.5522,0.198912,16,15,42,281.62,0.5857,0.0883,0.006190,4.430
195418,520,462,982,223,40,94,10.84,0.9097,0.5272,0.180164,1,11,12,201.22,0.7617,0.0505,0.002723,4.366
195427,520,470,990,231,26,16,29.37,0.9846,0.5243,0.177682,1,8,5,169.33,0.7541,0.0409,0.001911,4.386
195441,520,476,996,198,59,139,349.33,0.7670,0.5119,0.169996,1,0,10,281.20,1.0000,0.0178,0.000284,4.375
195495,520,472,992,214,62,10,35.91,0.9814,0.5175,0.177658,11,1,4,356.22,0.6924,0.0319,0.001016,4.462
195498,520,361,881,242,34,226,332.06,0.9793,0.6202,0.255151,9,5,131,266.60,0.9959,0.1806,0.018051,4.484
195504,520,339,859,250,38,230,332.91,0.9813,0.6386,0.274265,31,30,112,274.96,0.8704,0.1987,0.023896,4.388
195510,520,419,939,231,68,71,24.17,0.8837,0.5634,0.215810,2,29,24,178.73,0.8983,0.1062,0.009575,4.462
195511,520,476,996,218,35,84,13.28,0.9227,0.5111,0.167502,1,3,1,144.11,0.6096,0.0246,0.000738,4.287
195539,520,331,851,199,105,245,313.16,0.9040,0.6352,0.288389,9,55,21,147.97,0.9575,0.1954,0.028445,4.314
195551,520,471,991,194,20,204,325.56,0.9623,0.5152,0.163309,0,7,4,169.40,1.0000,0.0368,0.001607,4.133
195560,520,433,953,207,62,170,339.89,0.8026,0.5463,0.196149,27,14,51,295.86,0.6706,0.1046,0.007861,4.254
195563,520,475,995,163,47,250,304.61,0.9726,0.5203,0.167223,10,1,2,11.70,0.6928,0.0299,0.000906,4.267
195567,520,362,882,177,131,156,345.25,0.3130,0.6079,0.279808,5,52,23,151.25,0.9681,0.1841,0.025500,4.368
195575,520,430,950,173,89,207,315.15,0.7285,0.5503,0.205348,3,12,72,266.01,0.9620,0.1037,0.007501,4.441
195577,520,431,951,238,38,78,17.79,0.9518,0.5528,0.201166,34,17,17,19.88,0.3557,0.1007,0.007815,4.344
195592,520,337,857,236,79,225,330.83,0.9159,0.6435,0.288635,30,46,72,259.76,0.4458,0.1989,0.026978,4.399
195593,520,435,955,192,29,248,314.30,0.9763,0.5504,0.188638,29,17,5,66.45,0.5682,0.0907,0.006731,4.206
195609,520,380,900,225,67,210,332.12,0.8931,0.6044,0.246773,11,31,86,264.82,0.8721,0.1608,0.017229,4.414
195618,520,412,932,146,102,252,292.77,0.9536,0.5716,0.226420,5,33,31,188.47,0.7566,0.1231,0.012189,4.445
195640,520,448,968,239,5,19,28.06,0.9977,0.5352,0.185096,10,17,36,267.11,0.5173,0.0839,0.005928,4.204
195648,520,411,931,189,80,223,317.22,0.8304,0.5710,0.218850,5,16,80,266.51,0.9530,0.1209,0.009820,4.494
195657,520,210,730,228,172,178,11.51,0.4846,0.7646,0.492148,18,88,36,147.63,0.9645,0.3141,0.072351,4.431
195666,520,351,871,246,48,217,335.31,0.9630,0.6294,0.267195,15,54,20,145.70,0.9242,0.1939,0.027903,4.072
195694,520,418,938,203,34,238,319.44,0.9667,0.5623,0.200152,45,16,23,6.69,0.5235,0.1183,0.009904,4.176
195699,520,459,979,215,45,130,355.98,0.8558,0.5269,0.179379,10,11,19,278.64,0.2616,0.0609,0.003509,4.287
195713,520,142,662,253,174,255,325.87,1.0000,0.8280,0.583765,39,93,104,213.04,0.5911,0.3607,0.092591,4.445
195719,520,403,923,246,42,120,5.29,0.9405,0.5820,0.226082,10,33,32,191.51,0.5582,0.1260,0.012565,4.413
195720,520,476,996,146,74,236,299.45,0.8782,0.5147,0.170649,5,0,7,320.34,1.0000,0.0225,0.000476,4.371
195722,520,334,854,230,72,248,323.45,0.9698,0.6413,0.282372,48,34,93,290.02,0.6597,0.2032,0.025627,4.395
195723,520,359,879,253,55,165,352.34,0.9805,0.6208,0.263351,46,42,32,88.81,0.1928,0.1836,0.023411,4.268
195724,520,404,924,200,66,232,319.10,0.8989,0.5776,0.220034,38,27,3,84.73,0.8133,0.1268,0.012025,4.354
195735,520,425,945,194,57,233,317.42,0.9137,0.5604,0.202801,1,6,83,264.88,0.9889,0.1081,0.007612,4.388
195736,520,453,973,233,32,2,30.89,0.9980,0.5311,0.183642,20,11,12,11.61,0.2413,0.0682,0.004146,4.315
195750,520,439,959,246,5,22,27.84,0.9979,0.5505,0.197629,27,18,7,71.68,0.4590,0.0909,0.006810,4.359
195755,520,432,952,245,17,55,22.86,0.9899,0.5542,0.200927,43,4,33,340.09,0.7760,0.1011,0.007103,4.394
195780,520,357,877,221,101,174,345.17,0.7140,0.6218,0.277376,18,48,42,178.55,0.5736,0.1816,0.024096,4.418
195781,520,460,980,234,16,40,25.42,0.9897,0.5286,0.180194,10,5,38,283.45,0.8096,0.0611,0.003130,4.333
195793,520,360,880,243,96,73,31.26,0.9113,0.6219,0.279045,26,46,48,203.85,0.3358,0.1826,0.023869,4.454
195821,520,386,906,253,36,99,12.69,0.9855,0.5868,0.230489,0,40,45,207.38,1.0000,0.1497,0.017070,4.182
195822,520,468,988,144,83,229,298.92,0.8255,0.5196,0.177732,16,2,7,354.13,0.6460,0.0421,0.001689,4.406
195826,520,480,1000,219,17,100,6.29,0.9646,0.5089,0.163837,0,0,0,0.00,0.0000,0.0000,0.000000,4.277
195835,520,480,1000,223,21,63,19.53,0.9743,0.5100,0.165860,0,0,0,0.00,0.0000,0.0000,0.000000,4.317
195846,520,415,935,242,62,9,34.29,0.9916,0.5729,0.223455,37,26,12,72.07,0.4536,0.1245,0.011587,4.440
195847,520,365,885,254,51,137,1.55,0.9897,0.6092,0.252482,71,22,8,36.46,0.8237,0.1741,0.019312,4.364
195871,520,459,979,190,38,217,320.76,0.9293,0.5272,0.173445,9,10,30,278.21,0.5598,0.0642,0.003689,4.162
195872,520,412,932,190,95,176,333.10,0.6371,0.5660,0.222675,37,24,19,41.94,0.2813,0.1213,0.010936,4.475
195876,520,464,984,200,67,125,357.16,0.7344,0.5190,0.177763,14,1,26,307.08,0.8694,0.0469,0.001897,4.389
195881,520,389,909,225,94,103,18.73,0.7511,0.5935,0.249947,38,36,2,106.25,0.9109,0.1512,0.016782,4.491
195887,520,478,998,189,82,83,21.87,0.6559,0.5079,0.174796,0,1,5,257.10,0.9999,0.0173,0.000327,4.467
195897,520,290,810,204,123,252,311.44,0.9568,0.6750,0.340325,30,61,66,208.98,0.4498,0.2398,0.040067,4.334
195906,520,434,954,215,71,107,9.31,0.7724,0.5452,0.200174,28,16,34,313.81,0.4308,0.0978,0.007330,4.364
195907,520,424,944,205,57,211,326.32,0.8845,0.5624,0.206103,36,5,61,304.18,0.8646,0.1123,0.008206,4.400
195909,520,439,959,212,75,108,9.31,0.7455,0.5451,0.201141,8,10,64,271.01,0.9339,0.0943,0.006388,4.454
195912,520,456,976,144,83,241,296.68,0.8866,0.5295,0.184668,5,0,52,272.65,1.0000,0.0612,0.002802,4.444
195915,520,421,941,173,106,166,330.69,0.5002,0.5562,0.219464,0,30,27,185.60,1.0000,0.1094,0.010076,4.485
195921,520,257,777,250,112,228,334.04,0.9694,0.7078,0.375164,80,46,95,314.71,0.5318,0.2698,0.044858,4.482
195923,520,237,757,231,153,173,2.88,0.5968,0.7277,0.427903,37,69,105,252.68,0.5478,0.2900,0.056693,4.479
195927,520,441,961,187,34,245,313.41,0.9665,0.5425,0.183026,22,20,19,48.52,0.0507,0.0931,0.007179,4.075
195929,520,271,791,234,116,246,323.84,0.9480,0.7001,0.366390,80,52,35,51.81,0.4232,0.2566,0.042830,4.486
195944,520,424,944,215,85,100,16.30,0.7272,0.5621,0.218664,32,25,7,88.58,0.5843,0.1145,0.010177,4.465
195947,520,299,819,251,103,168,355.66,0.9299,0.6702,0.330399,22,63,30,147.68,0.8665,0.2295,0.038192,4.313
195948,520,223,743,248,133,253,325.73,0.9897,0.7493,0.438255,89,67,1,87.13,0.9856,0.3032,0.061406,4.383
195974,520,448,968,203,21,211,326.18,0.9693,0.5364,0.179378,34,5,27,338.42,0.7025,0.0837,0.005278,4.150
195976,520,457,977,225,44,56,23.99,0.9381,0.5264,0.180973,3,8,35,267.30,0.8406,0.0590,0.003144,4.346
196006,520,415,935,244,34,118,5.08,0.9534,0.5728,0.216885,13,22,66,269.55,0.7988,0.1217,0.010527,4.409
196023,520,440,960,221,26,179,339.81,0.9509,0.5506,0.193681,10,19,30,254.00,0.3910,0.0852,0.006240,4.333
196030,520,75,595,249,216,253,322.62,0.9639,0.9077,0.763441,1,121,34,145.61,0.9993,0.4225,0.137961,4.328
196031,520,396,916,215,48,220,326.82,0.9326,0.5779,0.217303,40,27,37,334.83,0.2628,0.1392,0.013686,4.197
196038,520,366,886,249,23,203,339.47,0.9859,0.6150,0.250675,28,4,120,275.35,0.9905,0.1744,0.016897,4.495
196047,520,423,943,163,87,238,303.75,0.8617,0.5563,0.207764,35,17,28,343.23,0.3918,0.1063,0.008421,4.412
196050,520,417,937,223,29,202,333.73,0.9611,0.5692,0.208334,51,12,24,4.84,0.6606,0.1231,0.010328,4.282
196074,520,270,790,204,154,186,340.39,0.4009,0.7011,0.394947,0,75,15,145.04,1.0000,0.2622,0.050664,4.420
196079,520,439,959,179,73,220,315.04,0.8307,0.5453,0.195171,28,6,42,309.30,0.7557,0.0860,0.005443,4.422
196107,520,456,976,207,24,195,331.55,0.9535,0.5337,0.178608,9,11,13,247.80,0.0970,0.0577,0.003265,4.292
196127,520,392,912,240,75,49,31.73,0.9275,0.5857,0.237823,0,26,88,262.04,1.0000,0.1472,0.014433,4.467
196131,520,407,927,233,73,18,36.50,0.9755,0.5677,0.221354,42,24,2,69.74,0.8483,0.1251,0.011500,4.412
196132,520,469,989,187,25,221,319.15,0.9624,0.5183,0.164819,15,1,11,337.44,0.7561,0.0398,0.001474,4.173
196133,520,449,969,228,46,68,20.99,0.9278,0.5360,0.188682,12,16,2,120.90,0.7455,0.0689,0.004531,4.377
196144,520,351,871,245,26,235,330.60,0.9891,0.6281,0.261523,35,6,125,278.27,0.9834,0.1890,0.019681,4.471
196154,520,447,967,209,46,175,338.28,0.8662,0.5380,0.186065,28,8,29,325.62,0.5939,0.0806,0.005093,4.285
196157,520,446,966,226,38,131,357.46,0.9070,0.5438,0.191964,23,10,36,304.71,0.6044,0.0818,0.005266,4.378
196162,520,453,973,132,93,233,291.88,0.8230,0.5258,0.186174,15,14,25,287.90,0.3019,0.0746,0.004858,4.305
196189,520,403,923,253,5,126,2.87,0.9961,0.5844,0.225012,21,29,51,267.79,0.4409,0.1319,0.012771,4.381
196194,520,335,855,254,30,218,336.73,0.9950,0.6351,0.270646,75,23,64,336.95,0.6669,0.2027,0.024790,4.287
196215,520,347,867,254,89,66,30.84,0.9925,0.6311,0.286124,14,51,40,170.16,0.7349,0.1888,0.026141,4.414
196225,520,336,856,190,125,210,317.97,0.6258,0.6369,0.302684,47,47,48,286.29,0.0148,0.2043,0.028508,4.492
196228,520,296,816,222,145,80,59.10,0.7120,0.6772,0.363615,0,67,55,175.79,1.0000,0.2437,0.042899,4.452
196231,520,373,893,251,5,170,348.95,0.9964,0.5978,0.235235,52,15,70,312.29,0.7558,0.1568,0.015140,4.379
196244,520,468,988,178,71,184,325.55,0.7427,0.5168,0.174333,3,5,10,261.26,0.3332,0.0370,0.001498,4.356
196245,520,376,896,239,22,201,337.77,0.9819,0.5951,0.231445,40,5,99,288.81,0.9587,0.1595,0.014605,4.356
196251,520,316,836,218,108,241,320.44,0.9042,0.6630,0.319830,24,60,33,149.72,0.7575,0.2212,0.035356,4.333
196279,520,462,982,204,57,167,339.92,0.8092,0.5343,0.185556,24,1,14,346.57,0.8054,0.0538,0.002476,4.489
196284,520,441,961,193,96,67,37.41,0.6763,0.5355,0.201101,1,10,68,264.68,0.9699,0.0946,0.006408,4.451
196286,520,463,983,203,33,201,328.77,0.9320,0.5349,0.180031,22,0,26,322.33,1.0000,0.0549,0.002452,4.386
196289,520,441,961,135,95,247,290.62,0.9117,0.5440,0.200506,39,8,19,1.35,0.6423,0.0937,0.006521,4.432
196305,520,425,945,249,1,20,27.94,0.9996,0.5560,0.202156,4,3,87,266.72,0.9940,0.1114,0.007790,4.363
196306,520,472,992,223,41,51,24.81,0.9454,0.5194,0.175157,1,1,24,269.86,0.9694,0.0315,0.000941,4.420
196319,520,346,866,216,97,221,325.98,0.8300,0.6324,0.283705,7,39,100,261.64,0.9222,0.1926,0.024162,4.500
196334,520,320,840,242,84,210,336.83,0.9184,0.6504,0.298737,44,53,37,131.84,0.2829,0.2148,0.032152,4.245
196338,520,420,940,239,43,83,16.85,0.9411,0.5590,0.207062,12,2,83,272.18,0.9924,0.1090,0.007461,4.474
196341,520,472,992,220,37,95,9.72,0.9115,0.5193,0.173676,8,2,3,6.09,0.4530,0.0311,0.001016,4.384
196343,520,396,916,250,23,106,9.31,0.9792,0.5767,0.219810,21,30,59,268.92,0.5329,0.1402,0.014037,4.213
196350,520,419,939,211,69,170,341.34,0.7887,0.5608,0.210095,5,28,40,234.29,0.6984,0.1125,0.010159,4.323
196353,520,384,904,234,28,196,338.02,0.9687,0.5852,0.223112,9,32,72,260.61,0.8052,0.1492,0.015589,4.164
196372,520,358,878,251,40,188,344.30,0.9726,0.6180,0.256610,20,42,69,254.58,0.5696,0.1792,0.022342,4.238
196379,520,386,906,224,76,168,346.09,0.8002,0.5903,0.238457,22,30,65,271.14,0.5919,0.1456,0.014807,4.451
196396,520,338,858,227,115,136,9.62,0.6799,0.6396,0.303722,33,49,64,247.40,0.3268,0.2048,0.028900,4.483
196410,520,473,993,230,2,81,13.90,0.9976,0.5233,0.174635,7,1,11,315.32,0.7319,0.0304,0.000910,4.412
196423,520,449,969,198,45,204,326.42,0.8964,0.5361,0.182438,8,13,35,270.84,0.6030,0.0729,0.004608,4.256
196449,520,369,889,206,79,240,318.37,0.9156,0.6066,0.250065,47,24,82,297.64,0.7126,0.1736,0.018668,4.370
196459,520,470,990,214,62,57,26.74,0.8769,0.5216,0.180392,3,1,33,274.53,0.9722,0.0415,0.001509,4.473
196460,520,362,882,255,67,83,21.42,1.0000,0.6107,0.259025,83,6,15,22.34,0.9399,0.1824,0.020041,4.412
196467,520,443,963,223,32,150,349.77,0.9224,0.5425,0.189256,4,14,40,263.51,0.7747,0.0759,0.004931,4.356
196476,520,403,923,243,7,157,351.26,0.9927,0.5766,0.216442,22,33,9,129.76,0.6807,0.1272,0.012780,4.244
196486,520,433,953,214,70,125,0.84,0.7654,0.5480,0.201594,7,29,2,138.88,0.9708,0.1034,0.009283,4.244
196498,520,469,989,213,59,73,20.54,0.8529,0.5191,0.177575,5,2,19,290.01,0.7527,0.0355,0.001227,4.442
196502,520,416,936,244,44,81,18.04,0.9481,0.5695,0.216319,9,32,26,173.79,0.6116,0.1200,0.011656,4.319
196504,520,376,896,192,84,247,312.04,0.9368,0.5975,0.242636,8,38,70,253.12,0.7728,0.1632,0.018799,4.253
196516,520,24,544,245,245,255,286.15,1.0000,0.9686,0.919372,47,129,56,145.30,0.9217,0.4621,0.165898,4.490
196521,520,384,904,253,50,28,30.46,0.9919,0.5855,0.232514,63,18,21,19.63,0.6791,0.1543,0.015437,4.317
196526,520,464,984,211,65,51,29.30,0.8743,0.5185,0.178708,11,10,2,104.41,0.5933,0.0538,0.002926,4.321
196529,520,176,696,251,161,241,330.83,0.9754,0.7952,0.523518,2,88,99,209.52,0.9802,0.3326,0.078928,4.448
196530,520,336,856,207,115,205,327.94,0.6859,0.6386,0.299361,48,47,46,67.74,0.0194,0.2046,0.028587,4.446
196556,520,395,915,200,70,246,315.59,0.9467,0.5920,0.233149,30,18,82,283.56,0.8242,0.1442,0.013178,4.482
196568,520,399,919,238,0,178,343.82,1.0000,0.5756,0.213945,58,17,17,23.20,0.6760,0.1420,0.013411,4.162
196573,520,409,929,231,14,184,340.61,0.9836,0.5683,0.207664,55,3,44,338.56,0.8345,0.1292,0.010593,4.252
196584,520,407,927,220,93,2,45.63,0.9949,0.5711,0.230512,26,28,45,278.36,0.3231,0.1299,0.012396,4.496
196591,520,400,920,199,77,224,320.39,0.8545,0.5828,0.228331,68,1,0,29.76,1.0000,0.1406,0.012509,4.453
196614,520,472,992,220,2,146,349.75,0.9953,0.5248,0.173370,7,4,1,78.54,0.5590,0.0350,0.001342,4.351
196643,520,463,983,178,70,201,320.15,0.7875,0.5267,0.180634,2,8,25,260.94,0.7313,0.0510,0.002567,4.387
196647,520,457,977,180,43,242,311.72,0.9469,0.5349,0.178429,17,9,3,66.26,0.4968,0.0581,0.003211,4.293
196657,520,445,965,224,1,160,346.11,0.9981,0.5393,0.184097,20,0,60,287.88,1.0000,0.0836,0.004750,4.276
196661,520,428,948,210,1,239,321.39,0.9994,0.5646,0.199572,2,18,62,262.92,0.9452,0.1031,0.007933,4.308
196665,520,407,927,248,16,99,10.96,0.9867,0.5686,0.212314,11,6,93,269.88,0.9853,0.1272,0.009916,4.378
196667,520,341,861,195,112,220,317.98,0.7373,0.6256,0.283588,44,32,99,285.68,0.7256,0.2005,0.024693,4.466
196672,520,407,927,254,10,21,28.18,0.9966,0.5687,0.213459,60,3,6,24.51,0.9511,0.1258,0.010391,4.363
196680,520,446,966,226,33,133,356.44,0.9224,0.5417,0.189527,0,15,40,255.50,0.9999,0.0753,0.004948,4.359
196705,520,451,971,218,42,154,347.61,0.8805,0.5409,0.188969,25,10,11,16.03,0.3894,0.0724,0.004479,4.386
196706,520,409,929,219,28,215,329.29,0.9682,0.5700,0.207991,21,28,51,269.78,0.4529,0.1293,0.012289,4.142
196715,520,391,911,215,47,243,321.23,0.9591,0.5934,0.229530,34,27,60,291.07,0.5155,0.1457,0.014502,4.334
196719,520,445,965,238,20,9,29.48,0.9927,0.5366,0.187005,8,5,54,274.49,0.9404,0.0751,0.004265,4.368
196722,520,439,959,191,42,238,315.89,0.9483,0.5479,0.189066,41,2,27,345.73,0.8200,0.0912,0.005940,4.274
196729,520,478,998,69,106,238,267.63,0.9230,0.5053,0.177454,0,1,15,263.52,1.0011,0.0235,0.000562,4.499
196739,520,432,952,236,47,56,24.85,0.9469,0.5512,0.201546,17,24,20,159.89,0.1951,0.0993,0.008229,4.320
196745,520,469,989,146,86,216,302.00,0.7612,0.5165,0.177247,5,2,29,281.49,0.8858,0.0426,0.001644,4.400
196746,520,411,931,222,70,150,352.06,0.7976,0.5720,0.221143,2,32,38,213.32,0.8785,0.1218,0.011858,4.383
196756,520,447,967,232,43,7,31.81,0.9927,0.5362,0.189020,4,21,8,150.62,0.8268,0.0783,0.005797,4.284
196767,520,469,989,176,26,241,311.28,0.9730,0.5180,0.163208,0,9,10,200.94,1.0000,0.0441,0.002173,4.087
196774,520,419,939,159,91,240,301.36,0.8635,0.5589,0.211447,41,17,16,23.49,0.4780,0.1113,0.009098,4.424
196776,520,426,946,233,15,170,345.22,0.9803,0.5649,0.205704,38,19,21,13.27,0.3631,0.1121,0.009320,4.311
196790,520,441,961,220,55,125,359.99,0.8357,0.5431,0.194312,15,5,64,278.80,0.9414,0.0915,0.005802,4.378
196841,520,410,930,232,7,189,339.38,0.9926,0.5715,0.209846,59,9,13,21.31,0.8224,0.1323,0.011544,4.222
196853,520,396,916,214,36,230,324.21,0.9631,0.5757,0.212730,57,2,59,326.66,0.9004,0.1422,0.012292,4.218
196860,520,407,927,245,43,43,27.36,0.9668,0.5653,0.213181,34,1,82,291.27,0.9861,0.1273,0.009710,4.408
196868,520,27,547,241,250,232,128.76,0.6526,0.9691,0.928980,32,132,35,143.28,0.9753,0.4642,0.169303,4.464
196888,520,436,956,230,31,136,356.11,0.9359,0.5497,0.195834,36,12,8,31.32,0.5866,0.0919,0.006556,4.347
196889,520,472,992,222,12,111,2.65,0.9760,0.5172,0.169430,2,4,10,262.03,0.4487,0.0331,0.001216,4.284
196910,520,459,979,216,16,174,339.99,0.9679,0.5348,0.180278,24,4,6,14.82,0.6385,0.0577,0.002942,4.350
196914,520,363,883,251,64,115,10.08,0.9602,0.6074,0.254173,33,43,3,122.77,0.9188,0.1671,0.020576,4.310
196926,520,282,802,242,129,148,10.43,0.7719,0.6902,0.367184,14,70,16,143.44,0.9732,0.2482,0.045109,4.386
196936,520,468,988,225,38,37,27.60,0.9607,0.5199,0.175302,15,0,8,344.38,1.0000,0.0358,0.001191,4.401
196944,520,478,998,228,6,23,27.50,0.9964,0.5118,0.166891,0,2,4,233.51,1.0000,0.0210,0.000522,4.293
196966,520,428,948,239,21,138,356.84,0.9709,0.5642,0.207252,26,14,49,295.69,0.6535,0.1019,0.007554,4.470
196968,520,230,750,248,162,1,71.52,0.9991,0.7431,0.458018,17,82,43,152.22,0.9436,0.2949,0.063279,4.485
196984,520,172,692,253,183,101,68.78,0.9384,0.8011,0.556915,43,95,12,137.06,0.9766,0.3448,0.087243,4.422
196997,520,380,900,140,125,235,287.38,0.7612,0.5969,0.262406,35,41,16,120.48,0.5543,0.1648,0.019806,4.475
197008,520,457,977,227,46,33,29.42,0.9537,0.5295,0.183976,2,11,36,261.97,0.8509,0.0650,0.003796,4.349
197012,520,369,889,208,87,225,322.57,0.8485,0.6094,0.256641,4,48,11,145.54,0.9827,0.1677,0.021638,4.280
197025,520,439,959,207,19,217,325.73,0.9776,0.5470,0.187428,25,16,25,326.43,0.2795,0.0895,0.006475,4.204
197037,520,420,940,207,27,224,323.93,0.9691,0.5551,0.194329,34,20,8,60.64,0.5072,0.1052,0.008580,4.171
197039,520,418,938,217,11,213,329.35,0.9892,0.5597,0.197973,10,10,85,269.89,0.9690,0.1209,0.009374,4.176
197045,520,425,945,200,0,248,316.83,1.0000,0.5550,0.190582,41,0,60,311.56,1.0000,0.1123,0.007977,4.150
197047,520,416,936,232,30,170,345.25,0.9505,0.5684,0.209894,57,0,29,355.98,1.0000,0.1218,0.009587,4.362
197048,520,451,971,185,75,188,326.62,0.7459,0.5355,0.189786,12,4,47,282.56,0.8956,0.0691,0.003702,4.465
197052,520,454,974,153,90,219,303.63,0.7619,0.5340,0.191995,4,2,60,269.30,0.9889,0.0738,0.003954,4.485
197054,520,370,890,191,99,238,312.61,0.8585,0.6108,0.261741,34,40,41,208.74,0.0918,0.1683,0.020177,4.442
197056,520,432,952,223,74,59,29.29,0.8691,0.5535,0.209039,19,23,23,196.67,0.0865,0.0994,0.008131,4.456
197063,520,388,908,244,16,179,344.98,0.9862,0.5909,0.228615,70,0,33,359.81,1.0000,0.1520,0.014121,4.345
197075,520,358,878,244,48,201,339.19,0.9505,0.6168,0.255670,12,47,49,200.49,0.6794,0.1787,0.023328,4.169
197087,520,469,989,222,31,104,6.18,0.9282,0.5224,0.175117,6,1,26,288.45,0.9074,0.0387,0.001350,4.384
197121,520,461,981,213,42,144,349.99,0.8640,0.5268,0.178180,5,8,21,269.77,0.4863,0.0513,0.002601,4.338
197122,520,237,757,245,151,111,43.55,0.8135,0.7264,0.426959,2,82,19,145.18,0.9973,0.2876,0.060942,4.299
197123,520,479,999,226,0,14,28.19,1.0000,0.5055,0.162034,0,0,3,264.05,1.0000,0.0094,0.000066,4.235
197128,520,464,984,198,82,22,43.00,0.9147,0.5152,0.181002,16,6,9,358.36,0.3491,0.0523,0.002601,4.392
197134,520,390,910,225,69,177,342.64,0.8358,0.5885,0.234405,67,3,39,352.72,0.8660,0.1512,0.014051,4.440
197149,520,367,887,252,62,117,9.25,0.9696,0.6080,0.254286,71,22,9,35.69,0.8117,0.1742,0.019334,4.389
197150,520,354,874,242,55,196,340.30,0.9320,0.6155,0.255981,16,22,117,268.81,0.9610,0.1822,0.019682,4.391
197151,520,294,814,232,122,190,343.83,0.7510,0.6788,0.347947,38,64,14,132.96,0.8929,0.2398,0.041105,4.368
197185,520,452,972,173,87,186,322.23,0.6691,0.5338,0.192468,13,15,0,115.01,1.0000,0.0667,0.004272,4.468
197193,520,440,960,152,80,255,297.43,1.0000,0.5467,0.196329,36,13,1,51.78,0.8618,0.0921,0.006652,4.348
197194,520,408,928,245,3,132,359.53,0.9969,0.5698,0.211469,26,33,17,127.80,0.4101,0.1323,0.013478,4.119
197197,520,342,862,249,43,208,338.33,0.9673,0.6266,0.264247,77,11,61,340.04,0.7860,0.1911,0.021543,4.392
197209,520,478,998,224,10,42,24.34,0.9921,0.5057,0.162344,2,0,11,290.67,1.0000,0.0202,0.000371,4.216
197211,520,417,937,250,38,44,26.75,0.9799,0.5726,0.218957,13,30,41,238.63,0.4663,0.1231,0.011742,4.356
197213,520,411,931,213,25,233,323.36,0.9793,0.5711,0.207265,1,16,80,264.11,0.9637,0.1189,0.009561,4.319
197220,520,455,975,236,17,38,25.90,0.9896,0.5331,0.183769,11,8,30,286.24,0.5995,0.0618,0.003385,4.379
197227,520,315,835,237,125,53,49.74,0.8792,0.6570,0.329314,22,60,44,163.27,0.6778,0.2234,0.035840,4.419
197229,520,445,965,201,62,176,336.00,0.7986,0.5391,0.189991,27,9,32,318.53,0.5910,0.0826,0.005327,4.338
197234,520,442,962,236,37,31,28.60,0.9712,0.5417,0.192581,6,13,44,268.54,0.7867,0.0785,0.005084,4.404
197259,520,431,951,148,103,215,300.04,0.6982,0.5480,0.209029,3,28,19,166.65,0.8691,0.1019,0.008968,4.393
197260,520,439,959,229,47,112,5.82,0.8918,0.5494,0.198637,16,19,26,266.77,0.1978,0.0877,0.006505,4.400
197266,520,305,825,231,136,37,60.36,0.9095,0.6674,0.347331,5,64,41,160.83,0.9637,0.2301,0.038590,4.485
197275,520,473,993,194,76,112,4.24,0.6733,0.5157,0.178098,0,2,23,263.31,1.0006,0.0325,0.001053,4.468
197280,520,421,941,196,35,252,314.41,0.9857,0.5630,0.199675,45,4,46,327.09,0.8087,0.1130,0.008421,4.274
197281,520,469,989,202,26,187,332.50,0.9362,0.5203,0.168851,2,1,33,271.37,0.9794,0.0405,0.001444,4.254
197306,520,469,989,221,6,122,358.36,0.9866,0.5176,0.169102,3,0,32,275.78,1.0000,0.0380,0.001236,4.276
197315,520,386,906,249,37,145,357.10,0.9543,0.5936,0.235106,33,35,28,120.31,0.1454,0.1482,0.016092,4.314
197325,520,411,931,214,78,161,346.32,0.7540,0.5724,0.223202,4,33,25,171.46,0.8499,0.1203,0.011837,4.418
197329,520,170,690,250,169,223,339.90,0.9300,0.8013,0.540296,32,92,75,171.20,0.7291,0.3423,0.084690,4.383
197337,520,175,695,240,172,239,327.06,0.8603,0.8018,0.542638,56,90,21,132.30,0.9044,0.3374,0.082071,4.487
197340,520,352,872,247,14,222,334.15,0.9942,0.6201,0.253652,25,1,136,271.79,0.9987,0.1928,0.020058,4.334
197342,520,384,904,238,39,180,343.76,0.9447,0.5893,0.229264,21,25,82,273.40,0.8157,0.1492,0.014638,4.320
197343,520,478,998,183,51,200,322.86,0.8538,0.5132,0.166064,7,0,3,348.27,1.0000,0.0231,0.000518,4.277
197344,520,354,874,246,91,27,39.27,0.9680,0.6156,0.271574,30,40,66,267.18,0.4242,0.1785,0.021869,4.474
197354,520,397,917,201,106,114,15.79,0.5576,0.5771,0.239422,2,36,46,221.70,0.8968,0.1385,0.014718,4.472
197362,520,426,946,244,13,90,13.14,0.9889,0.5573,0.202626,14,1,87,272.89,0.9963,0.1145,0.008031,4.353
197363,520,458,978,217,64,63,25.38,0.8685,0.5306,0.187799,22,5,20,331.82,0.5894,0.0620,0.003296,4.462
197379,520,436,956,213,57,165,343.13,0.8270,0.5493,0.197912,15,16,38,279.19,0.5095,0.0867,0.006121,4.417
197382,520,327,847,199,128,195,328.78,0.5598,0.6464,0.315217,21,59,5,138.43,0.9791,0.2118,0.032982,4.401
197397,520,319,839,245,88,192,343.61,0.9112,0.6510,0.302005,8,57,75,228.37,0.8316,0.2232,0.034857,4.148
197403,520,341,861,248,43,217,335.73,0.9703,0.6299,0.266970,45,6,124,284.56,0.9746,0.1977,0.021433,4.437
197414,520,422,942,247,33,6,30.53,0.9957,0.5614,0.208786,51,0,21,1.57,1.0000,0.1058,0.007581,4.494
197427,520,399,919,243,42,127,2.38,0.9336,0.5783,0.222462,61,1,50,337.50,0.9269,0.1426,0.012443,4.363
197454,520,471,991,197,47,174,335.25,0.8395,0.5168,0.169611,13,3,5,3.89,0.4826,0.0403,0.001617,4.255
197455,520,475,995,215,59,65,23.49,0.8727,0.5215,0.179591,7,2,12,310.38,0.6152,0.0339,0.001151,4.488
197462,520,467,987,226,33,20,29.62,0.9773,0.5176,0.173099,1,4,26,265.63,0.9040,0.0412,0.001679,4.317
197464,520,435,955,231,15,156,349.14,0.9767,0.5542,0.197337,2,12,64,265.16,0.9537,0.0938,0.006460,4.381
197472,520,420,940,247,8,90,13.35,0.9938,0.5625,0.206895,28,16,53,294.74,0.6505,0.1110,0.008745,4.373
197473,520,476,996,187,44,196,325.42,0.8734,0.5111,0.163531,5,0,6,324.01,1.0000,0.0219,0.000454,4.232
197479,520,457,977,220,30,125,357.93,0.9207,0.5251,0.176275,15,6,20,313.16,0.4970,0.0556,0.002823,4.284
197506,520,427,947,209,43,209,328.16,0.9224,0.5568,0.198884,24,6,62,289.27,0.8815,0.0994,0.006722,4.388
197513,520,480,1000,227,13,47,23.52,0.9897,0.5135,0.168269,0,0,0,0.00,0.0000,0.0000,0.000000,4.365
197516,520,432,952,228,19,154,349.20,0.9658,0.5486,0.192956,14,26,25,189.33,0.2931,0.1045,0.009023,4.116
197520,520,384,904,212,76,197,332.44,0.8151,0.5851,0.231991,46,27,45,328.57,0.3812,0.1514,0.015542,4.302
197521,520,379,899,243,43,178,345.60,0.9435,0.6000,0.239999,51,15,70,311.31,0.7563,0.1552,0.014877,4.470
197535,520,412,932,244,49,84,17.70,0.9378,0.5736,0.220732,11,31,29,186.98,0.4958,0.1191,0.011398,4.409
197537,520,471,991,175,71,192,321.80,0.7581,0.5173,0.174273,13,1,6,349.53,0.7219,0.0352,0.001204,4.380
197552,520,444,964,208,84,30,40.92,0.9011,0.5369,0.198465,0,19,40,249.70,1.0000,0.0850,0.006189,4.422
197558,520,423,943,236,55,90,15.78,0.9043,0.5639,0.213065,1,32,10,150.25,0.9871,0.1115,0.010613,4.340
197559,520,249,769,228,143,202,339.07,0.6882,0.7155,0.404049,46,63,111,267.55,0.5305,0.2838,0.052834,4.415
197574,520,340,860,223,80,250,320.85,0.9735,0.6400,0.283293,13,56,7,141.33,0.9757,0.1982,0.029291,4.203
197592,520,330,850,245,101,96,24.90,0.8990,0.6366,0.295674,44,50,43,141.17,0.1321,0.2078,0.029911,4.326
197603,520,428,948,241,7,114,4.82,0.9921,0.5563,0.200709,5,10,74,267.71,0.9659,0.1043,0.007437,4.365
197610,520,397,917,214,19,242,321.61,0.9885,0.5776,0.211746,40,2,86,294.64,0.9725,0.1409,0.011664,4.245
197651,520,473,993,163,52,244,305.55,0.9423,0.5191,0.167748,4,0,25,284.41,1.0000,0.0330,0.000960,4.273
197717,520,378,898,232,89,88,23.82,0.8311,0.5950,0.250079,29,41,12,128.27,0.6940,0.1585,0.018736,4.366
197734,520,355,875,241,43,225,332.08,0.9691,0.6224,0.258675,41,14,111,284.59,0.9247,0.1838,0.019331,4.452
197736,520,412,932,219,63,176,341.14,0.8359,0.5714,0.217519,60,0,4,24.61,1.0000,0.1216,0.009696,4.481
197741,520,66,586,253,225,206,56.33,0.8168,0.9158,0.791903,8,121,0,142.12,1.0000,0.4211,0.137258,4.496
197745,520,374,894,210,78,225,323.49,0.8719,0.6014,0.245884,1,45,4,143.86,0.9963,0.1551,0.018919,4.293
197749,520,454,974,197,60,179,333.72,0.8026,0.5319,0.183584,24,10,1,61.88,0.8010,0.0683,0.004135,4.315
197753,520,419,939,245,6,79,16.31,0.9956,0.5555,0.201107,51,6,17,11.14,0.7893,0.1129,0.008746,4.274
197754,520,429,949,219,2,202,332.71,0.9976,0.5542,0.193701,0,10,69,263.83,1.0024,0.0951,0.006467,4.316
197773,520,394,914,203,57,249,316.33,0.9685,0.5865,0.224638,43,30,20,58.67,0.3307,0.1446,0.014927,4.230
197774,520,383,903,253,18,148,356.21,0.9855,0.5951,0.234570,23,34,58,264.55,0.4580,0.1515,0.016317,4.291
197798,520,413,933,238,52,124,3.44,0.8981,0.5747,0.220914,45,21,10,44.58,0.5761,0.1246,0.011162,4.429
197800,520,338,858,236,55,250,324.82,0.9818,0.6380,0.274698,48,37,87,290.45,0.5846,0.2043,0.026396,4.250
197805,520,454,974,218,68,44,31.80,0.9015,0.5347,0.192241,13,14,15,247.99,0.0419,0.0685,0.004341,4.458
197816,520,379,899,255,33,129,3.17,1.0000,0.5978,0.239364,44,17,82,297.00,0.7940,0.1589,0.015456,4.421
197823,520,358,878,246,86,99,19.49,0.9134,0.6184,0.271525,50,40,19,84.59,0.4792,0.1799,0.022428,4.439
197840,520,279,799,233,115,232,327.71,0.8845,0.6895,0.354133,50,64,25,125.91,0.6413,0.2513,0.044150,4.292
197843,520,440,960,217,20,201,332.49,0.9727,0.5542,0.194713,23,14,42,295.66,0.5818,0.0932,0.006634,4.321
197856,520,2,522,255,255,255,0.00,0.0000,1.0000,1.000000,13,139,48,146.40,0.9923,0.4850,0.187634,4.419
197870,520,464,984,206,36,159,342.61,0.8798,0.5168,0.168889,14,7,0,80.92,1.0000,0.0494,0.002453,4.173
197893,520,386,906,177,98,242,306.71,0.8706,0.5937,0.244939,37,33,40,310.80,0.1351,0.1518,0.016342,4.446
197898,520,411,931,226,32,190,337.85,0.9498,0.5689,0.209220,2,34,24,168.39,0.9394,0.1222,0.012229,4.166
197909,520,447,967,239,7,34,26.23,0.9963,0.5366,0.186215,1,14,45,260.51,0.9396,0.0779,0.005100,4.287
197920,520,375,895,230,90,118,11.12,0.7742,0.6002,0.254460,30,38,37,187.23,0.1315,0.1572,0.017958,4.480
197931,520,421,941,236,46,97,12.19,0.9202,0.5584,0.206530,9,29,29,195.39,0.5194,0.1120,0.010255,4.257
197942,520,438,958,218,76,60,29.64,0.8491,0.5469,0.204030,34,10,31,332.40,0.5869,0.0938,0.006561,4.491
197943,520,383,903,226,15,247,323.49,0.9938,0.6005,0.232280,11,15,103,268.40,0.9717,0.1515,0.013920,4.416
197948,520,415,935,194,58,247,314.15,0.9562,0.5722,0.212121,24,12,75,282.06,0.8762,0.1217,0.009651,4.394
197949,520,460,980,185,30,232,315.85,0.9616,0.5264,0.170703,4,4,47,271.01,0.9546,0.0628,0.003179,4.150
197950,520,341,861,198,120,190,330.67,0.5784,0.6277,0.291576,2,53,51,190.66,0.9575,0.1958,0.027980,4.380
197962,520,433,953,225,60,116,5.20,0.8380,0.5544,0.205029,16,22,34,263.72,0.3186,0.0994,0.007995,4.397
197969,520,261,781,251,109,234,332.42,0.9789,0.7083,0.373897,16,67,95,237.90,0.7693,0.2684,0.049504,4.260
197973,520,403,923,239,39,165,348.65,0.9388,0.5839,0.225214,51,17,24,9.60,0.5680,0.1309,0.011708,4.460
197987,520,427,947,220,76,101,13.83,0.7791,0.5589,0.213266,12,25,29,219.38,0.3486,0.1021,0.008621,4.491
197993,520,362,882,211,76,237,320.73,0.9111,0.6086,0.251339,71,1,68,330.41,0.9524,0.1751,0.017789,4.445
197996,520,446,966,193,0,241,316.48,1.0000,0.5377,0.176897,34,4,31,332.10,0.7479,0.0842,0.005259,4.106
197999,520,364,884,228,93,136,3.18,0.7473,0.6066,0.261027,18,45,43,189.06,0.5145,0.1724,0.021797,4.332
198008,520,457,977,205,80,32,39.35,0.8925,0.5255,0.188229,12,9,16,304.21,0.2468,0.0572,0.003109,4.486
198019,520,448,968,203,33,206,327.41,0.9378,0.5383,0.182423,36,8,4,32.92,0.7477,0.0843,0.005576,4.182
198023,520,383,903,229,62,200,336.06,0.8969,0.6007,0.242759,19,26,84,271.42,0.8375,0.1520,0.015173,4.492
198038,520,450,970,150,85,239,299.00,0.8700,0.5380,0.192133,10,11,36,277.59,0.6319,0.0710,0.004312,4.458
198043,520,408,928,222,4,217,329.59,0.9967,0.5700,0.206285,48,21,12,39.04,0.5739,0.1300,0.011913,4.139
198075,520,308,828,247,117,118,21.47,0.8765,0.6696,0.338077,16,58,79,234.52,0.7143,0.2311,0.037006,4.460
198082,520,393,913,253,32,109,9.26,0.9848,0.5874,0.230235,56,20,4,43.56,0.8148,0.1410,0.013500,4.413
198085,520,409,929,232,72,89,18.90,0.8531,0.5734,0.225147,61,4,23,7.30,0.8579,0.1332,0.011410,4.481
198114,520,312,832,200,130,221,318.15,0.6923,0.6645,0.334661,4,63,34,155.33,0.9777,0.2245,0.036962,4.423
198134,520,335,855,248,66,196,342.02,0.9497,0.6351,0.278415,17,37,112,266.51,0.8992,0.2043,0.026120,4.314
198147,520,444,964,240,23,35,26.85,0.9862,0.5435,0.192628,0,21,6,152.40,1.0000,0.0751,0.005495,4.372
198168,520,302,822,196,150,137,36.35,0.3272,0.6663,0.353556,0,66,28,151.06,1.0000,0.2325,0.039801,4.494
198170,520,345,865,255,64,159,355.34,1.0000,0.6294,0.274335,3,44,82,251.48,0.9060,0.1879,0.024298,4.365
198173,520,354,874,228,56,246,323.73,0.9654,0.6230,0.259783,81,7,24,15.30,0.8916,0.1806,0.019675,4.446
198187,520,416,936,232,76,29,36.02,0.9527,0.5701,0.224163,1,30,47,238.20,0.9187,0.1206,0.011402,4.465
198256,520,387,907,252,15,146,356.59,0.9879,0.5915,0.231160,67,7,14,20.73,0.8841,0.1473,0.013772,4.409
198275,520,467,987,178,24,246,310.84,0.9788,0.5247,0.167731,0,5,16,250.75,1.0000,0.0365,0.001459,4.231
198297,520,454,974,219,54,86,15.24,0.8654,0.5286,0.183729,23,6,30,315.19,0.6544,0.0708,0.004062,4.323
198299,520,368,888,233,28,245,325.52,0.9870,0.6149,0.247492,63,6,72,321.58,0.8505,0.1677,0.016550,4.470
198306,520,358,878,223,70,237,324.30,0.9275,0.6210,0.261848,60,17,83,310.85,0.7812,0.1830,0.019862,4.464
198314,520,424,944,197,31,246,316.07,0.9740,0.5576,0.195055,27,8,68,289.02,0.8711,0.1119,0.008240,4.208
198322,520,433,953,227,68,16,35.91,0.9762,0.5501,0.205054,16,19,45,275.75,0.5529,0.0992,0.007653,4.424
198329,520,365,885,217,64,246,320.65,0.9581,0.6121,0.250742,18,47,11,139.94,0.9205,0.1701,0.021857,4.185
198339,520,391,911,241,36,165,348.98,0.9485,0.5861,0.226822,46,13,74,304.27,0.7995,0.1487,0.013631,4.350
198342,520,402,922,190,94,199,324.09,0.7078,0.5771,0.230773,39,29,12,79.47,0.4977,0.1349,0.013366,4.431
198362,520,27,547,247,247,249,286.35,0.1544,0.9729,0.931352,15,133,38,144.99,0.9914,0.4644,0.170158,4.457
198363,520,332,852,237,101,145,2.51,0.7868,0.6362,0.293589,36,52,2,126.48,0.9684,0.1982,0.028354,4.385
198369,520,399,919,212,44,238,321.66,0.9568,0.5829,0.219733,1,27,82,261.46,0.9816,0.1433,0.013994,4.215
198409,520,465,985,202,19,192,331.06,0.9603,0.5208,0.168300,1,0,44,266.60,1.0000,0.0484,0.001883,4.208
198425,520,437,957,190,34,247,313.83,0.9689,0.5489,0.188078,41,4,6,21.89,0.8465,0.0873,0.005715,4.273
198426,520,458,978,196,44,206,325.30,0.9005,0.5333,0.179950,18,1,37,301.65,0.9247,0.0601,0.002839,4.352
198429,520,452,972,200,24,202,327.73,0.9543,0.5259,0.171987,18,11,17,331.26,0.2460,0.0676,0.004084,4.104
198436,520,446,966,201,21,223,322.63,0.9756,0.5418,0.182832,17,12,44,285.70,0.6680,0.0849,0.005640,4.185
198444,520,384,904,200,75,241,316.51,0.9190,0.5938,0.236637,17,40,30,163.82,0.5301,0.1510,0.017304,4.259
198448,520,458,978,205,67,122,359.74,0.7491,0.5269,0.184006,31,2,0,33.79,1.0000,0.0633,0.003348,4.386
198450,520,469,989,224,46,39,28.30,0.9462,0.5239,0.179506,15,4,1,48.05,0.6954,0.0437,0.001906,4.422
198457,520,186,706,250,176,125,55.13,0.8474,0.7865,0.528575,20,94,10,141.60,0.9886,0.3321,0.081757,4.391
198461,520,473,993,227,20,50,23.21,0.9819,0.5162,0.170644,7,0,22,298.02,1.0000,0.0341,0.001031,4.324
198463,520,470,990,228,32,6,30.69,0.9937,0.5207,0.175431,21,1,2,20.62,0.8764,0.0449,0.001855,4.347
198473,520,404,924,202,51,248,316.48,0.9656,0.5794,0.217030,61,2,2,28.24,0.9769,0.1261,0.010401,4.421
198485,520,466,986,197,58,167,337.90,0.7928,0.5230,0.176882,26,0,5,9.00,1.0000,0.0518,0.002306,4.338
198489,520,426,946,161,83,248,301.48,0.9336,0.5560,0.205413,15,10,75,274.68,0.9362,0.1116,0.008266,4.384
198492,520,470,990,210,46,125,356.92,0.8396,0.5161,0.171386,7,5,16,292.54,0.4516,0.0436,0.001911,4.265
198500,520,361,881,249,49,197,341.48,0.9618,0.6243,0.263707,25,47,42,177.93,0.3902,0.1825,0.024068,4.235
198506,520,462,982,173,65,218,314.01,0.8441,0.5254,0.177277,6,6,23,280.05,0.5823,0.0489,0.002308,4.345
198523,520,469,989,208,30,171,339.04,0.9153,0.5237,0.172808,13,4,4,20.37,0.4076,0.0424,0.001812,4.300
198526,520,401,921,214,22,242,321.58,0.9861,0.5785,0.212827,15,29,68,266.05,0.7148,0.1410,0.013976,4.108
198543,520,479,999,211,60,2,36.30,0.9959,0.5091,0.170874,1,0,2,311.99,1.0000,0.0114,0.000108,4.408
198553,520,399,919,220,34,217,329.00,0.9604,0.5759,0.213717,14,39,21,150.83,0.7120,0.1434,0.015985,3.997
198595,520,460,980,210,27,175,338.26,0.9315,0.5282,0.175828,14,10,23,297.28,0.3868,0.0643,0.003723,4.204
198596,520,315,835,236,75,255,323.30,1.0000,0.6582,0.300873,48,46,85,284.24,0.4590,0.2236,0.032382,4.259
198598,520,467,987,204,42,155,343.67,0.8501,0.5151,0.168619,1,5,21,261.85,0.8245,0.0404,0.001691,4.229
198613,520,333,853,243,100,114,17.13,0.8560,0.6358,0.293869,7,49,72,238.45,0.8095,0.1964,0.027095,4.460
198618,520,182,702,250,157,243,329.57,0.9724,0.7876,0.509110,29,92,26,142.49,0.9547,0.3297,0.079898,4.304
198623,520,431,951,235,54,8,33.27,0.9916,0.5514,0.203212,25,1,67,289.53,0.9806,0.0988,0.006336,4.495
198627,520,443,963,175,60,235,310.89,0.8999,0.5363,0.183447,3,21,2,141.69,0.9621,0.0762,0.005601,4.199
198630,520,362,882,218,83,212,329.53,0.8450,0.6118,0.258474,48,28,83,296.59,0.6690,0.1829,0.020834,4.355
198635,520,474,994,141,78,241,296.23,0.8968,0.5186,0.174625,7,2,14,306.01,0.6549,0.0348,0.001203,4.387
198653,520,377,897,227,4,244,324.44,0.9983,0.5979,0.229517,75,1,10,22.49,0.9876,0.1584,0.015397,4.274
198655,520,425,945,202,32,233,320.36,0.9654,0.5558,0.194744,16,25,38,257.53,0.3594,0.1095,0.009453,4.117
198666,520,423,943,180,60,251,308.98,0.9739,0.5567,0.199009,44,15,20,11.26,0.5389,0.1138,0.009277,4.201
198672,520,288,808,191,133,250,305.38,0.9001,0.6759,0.347541,6,66,53,173.45,0.9390,0.2411,0.041920,4.325
198676,520,138,658,240,194,224,339.38,0.6737,0.8407,0.624918,27,106,9,140.89,0.9914,0.3748,0.105604,4.337
198678,520,466,986,212,37,134,353.20,0.8779,0.5170,0.170437,4,5,24,275.09,0.6918,0.0453,0.002003,4.239
198685,520,375,895,237,80,110,13.00,0.8446,0.5972,0.248706,52,31,8,65.28,0.6904,0.1581,0.017277,4.440
198708,520,394,914,239,68,124,5.57,0.8665,0.5913,0.239432,3,36,51,232.50,0.8480,0.1419,0.015201,4.439
198730,520,327,847,248,66,228,333.02,0.9679,0.6525,0.294572,50,42,82,291.01,0.4794,0.2140,0.029432,4.338
198741,520,381,901,208,68,247,317.78,0.9565,0.6027,0.242611,57,1,85,309.47,0.9789,0.1644,0.015475,4.469
198761,520,299,819,196,142,184,334.61,0.4260,0.6656,0.345434,21,63,32,149.43,0.8605,0.2295,0.038186,4.484
198771,520,181,701,231,183,166,40.40,0.4968,0.7882,0.536104,38,92,3,137.26,0.9944,0.3318,0.080727,4.483
198789,520,362,882,249,31,190,343.12,0.9743,0.6110,0.248407,61,0,95,307.35,1.0000,0.1803,0.018184,4.376
198793,520,375,895,248,36,160,352.03,0.9571,0.5973,0.237596,3,42,50,214.88,0.8851,0.1600,0.019055,4.165
198794,520,444,964,217,8,178,338.98,0.9853,0.5370,0.181421,38,0,10,8.00,1.0000,0.0755,0.004341,4.259
198801,520,404,924,255,9,73,18.92,1.0000,0.5761,0.219403,10,34,24,163.73,0.6510,0.1261,0.012745,4.294
198823,520,468,988,188,70,156,339.87,0.7132,0.5158,0.174735,9,2,13,315.79,0.6391,0.0365,0.001306,4.380
198836,520,382,902,193,105,196,326.01,0.6573,0.5975,0.254273,2,46,6,144.31,0.9922,0.1593,0.019800,4.359
198839,520,442,962,238,5,63,20.03,0.9962,0.5375,0.186479,17,7,43,290.24,0.7629,0.0754,0.004455,4.343
198848,520,400,920,216,17,244,321.68,0.9908,0.5819,0.215334,38,24,61,298.76,0.5728,0.1447,0.014023,4.144
198854,520,451,971,236,31,8,30.36,0.9929,0.5371,0.188336,13,4,47,283.95,0.8891,0.0699,0.003776,4.432
198871,520,384,904,249,64,20,33.52,0.9831,0.5891,0.238606,2,34,65,251.24,0.9008,0.1456,0.015385,4.414
198885,520,439,959,184,66,222,316.62,0.8601,0.5460,0.193618,14,21,21,196.29,0.1754,0.0891,0.006838,4.286
198895,520,466,986,199,27,189,331.09,0.9322,0.5167,0.166019,2,10,17,237.75,0.5991,0.0511,0.002704,4.099
198908,520,208,728,182,176,253,287.21,0.9136,0.7563,0.480873,55,83,17,130.09,0.9020,0.3141,0.070391,4.410
198909,520,367,887,183,99,252,306.58,0.9613,0.6101,0.260199,58,32,22,41.67,0.4572,0.1724,0.019906,4.437
198918,520,412,932,242,23,129,0.48,0.9703,0.5676,0.210783,21,12,74,279.57,0.8876,0.1179,0.009168,4.408
198919,520,452,972,166,85,197,315.70,0.7041,0.5277,0.186360,3,14,36,259.78,0.7606,0.0722,0.004608,4.328
198923,520,451,971,237,27,24,28.62,0.9832,0.5380,0.188576,18,14,5,88.43,0.4261,0.0705,0.004536,4.375
198943,520,294,814,211,132,217,324.43,0.6927,0.6801,0.353625,39,65,22,134.78,0.7957,0.2449,0.042698,4.354
198944,520,363,883,212,72,250,318.06,0.9714,0.6150,0.255355,34,43,2,121.43,0.9430,0.1679,0.020722,4.318
198953,520,421,941,198,66,211,324.04,0.8497,0.5600,0.206069,55,0,0,29.23,1.0000,0.1095,0.008124,4.406
198967,520,410,930,247,0,118,4.33,1.0000,0.5685,0.210857,14,15,87,271.22,0.9444,0.1325,0.011231,4.260
198969,520,428,948,231,10,179,342.03,0.9877,0.5647,0.204634,21,22,13,113.15,0.2675,0.0954,0.007623,4.419
198994,520,228,748,236,148,203,342.37,0.7423,0.7357,0.433264,17,75,85,211.79,0.7857,0.2875,0.058069,4.472
199042,520,479,999,212,48,78,16.49,0.8763,0.5074,0.166634,1,0,0,29.23,1.0000,0.0090,0.000065,4.327
199046,520,454,974,224,33,124,359.29,0.9191,0.5343,0.183929,11,18,6,132.35,0.5128,0.0744,0.005169,4.240
199059,520,478,998,214,44,70,18.95,0.9043,0.5063,0.165422,3,0,1,353.79,1.0000,0.0152,0.000216,4.290
199067,520,422,942,250,2,75,17.77,0.9988,0.5645,0.208791,32,8,55,302.74,0.7913,0.1053,0.007566,4.496
199075,520,330,850,227,79,245,323.19,0.9541,0.6417,0.285175,82,30,4,43.48,0.8941,0.2088,0.027314,4.335
199084,520,332,852,253,97,89,26.26,0.9797,0.6435,0.301567,11,56,7,141.87,0.9773,0.1975,0.029147,4.442
199090,520,414,934,209,60,204,329.43,0.8693,0.5673,0.211485,14,26,54,264.74,0.6053,0.1215,0.010984,4.288
199108,520,388,908,238,47,172,346.49,0.9224,0.5904,0.231917,32,38,17,122.11,0.4850,0.1530,0.017338,4.187
199127,520,381,901,241,44,178,345.18,0.9382,0.5969,0.237195,45,36,12,88.87,0.5994,0.1614,0.018462,4.195
199142,520,465,985,233,17,9,29.32,0.9921,0.5248,0.177474,17,4,7,2.94,0.4953,0.0483,0.002214,4.357
199149,520,361,881,255,40,179,347.77,1.0000,0.6211,0.260357,71,3,76,324.95,0.9086,0.1830,0.019267,4.481
199153,520,389,909,251,10,158,352.60,0.9923,0.5934,0.231984,19,37,49,239.08,0.4236,0.1515,0.016833,4.219
199156,520,271,791,249,123,175,355.80,0.8766,0.6997,0.374035,48,65,51,149.79,0.2791,0.2589,0.046479,4.395
199175,520,437,957,238,18,92,11.96,0.9800,0.5466,0.193857,12,13,53,275.26,0.7984,0.0905,0.006230,4.337
199184,520,386,906,254,46,65,23.27,0.9945,0.5884,0.234102,5,28,89,263.74,0.9376,0.1548,0.015839,4.315
199185,520,367,887,227,58,220,329.89,0.9286,0.6058,0.245266,69,6,55,339.31,0.8151,0.1670,0.016715,4.426
199203,520,441,961,161,82,227,306.00,0.8212,0.5378,0.191582,2,14,53,263.64,0.9307,0.0859,0.005840,4.326
199210,520,478,998,201,66,107,5.81,0.7450,0.5132,0.173775,3,0,7,308.47,1.0000,0.0194,0.000347,4.445
199215,520,461,981,220,34,131,355.95,0.9067,0.5296,0.180010,14,6,17,317.01,0.4345,0.0531,0.002641,4.369
199217,520,401,921,251,49,0,32.48,1.0000,0.5796,0.227095,29,26,58,285.24,0.5228,0.1367,0.013055,4.395
199229,520,479,999,224,14,34,26.09,0.9899,0.5059,0.162797,0,0,7,264.05,1.0000,0.0135,0.000153,4.243
199237,520,438,958,241,35,9,30.61,0.9927,0.5499,0.199259,37,11,16,10.19,0.5502,0.0939,0.006701,4.396
199260,520,374,894,194,83,245,313.22,0.9267,0.5976,0.242496,44,34,28,52.60,0.2003,0.1584,0.017634,4.325
199271,520,405,925,214,3,250,319.96,0.9986,0.5803,0.212653,18,17,84,273.73,0.9095,0.1346,0.011695,4.257
199292,520,460,980,218,31,155,346.85,0.9182,0.5347,0.182544,18,10,4,63.98,0.4359,0.0616,0.003545,4.343
199298,520,447,967,181,44,246,311.11,0.9562,0.5405,0.182800,1,20,18,186.51,0.8988,0.0763,0.005504,4.194
199312,520,429,949,208,49,197,331.23,0.8867,0.5517,0.196397,24,9,54,292.44,0.7863,0.0959,0.006559,4.356
199324,520,384,904,247,50,115,7.87,0.9371,0.5879,0.232966,15,33,68,262.15,0.6792,0.1512,0.016066,4.283
199328,520,363,883,250,76,58,29.72,0.9717,0.6068,0.258018,14,31,95,266.71,0.8893,0.1715,0.018994,4.464
199330,520,374,894,255,15,152,355.28,1.0000,0.5999,0.238723,4,41,62,239.09,0.8384,0.1646,0.019594,4.149
199336,520,468,988,174,22,243,310.35,0.9793,0.5150,0.160445,12,3,11,330.51,0.5247,0.0414,0.001675,4.073
199356,520,387,907,226,37,223,328.98,0.9645,0.5918,0.228219,2,27,87,262.56,0.9702,0.1492,0.014848,4.290
199395,520,364,884,241,70,164,351.17,0.8805,0.6117,0.257644,32,35,74,277.35,0.5503,0.1732,0.020035,4.393
199414,520,451,971,225,2,164,345.10,0.9964,0.5435,0.187340,22,7,25,320.87,0.5583,0.0685,0.003927,4.401
199427,520,338,858,253,67,195,343.50,0.9837,0.6443,0.288403,45,44,60,287.40,0.2255,0.1997,0.026855,4.403
199433,520,299,819,249,79,228,333.34,0.9703,0.6663,0.313360,33,35,134,272.76,0.9062,0.2343,0.032465,4.406
199437,520,308,828,241,91,229,331.05,0.9331,0.6673,0.318426,91,31,32,22.29,0.6761,0.2325,0.033088,4.434
199444,520,448,968,242,7,21,27.96,0.9969,0.5422,0.190868,5,21,24,210.63,0.5510,0.0843,0.006345,4.275
199460,520,472,992,218,46,68,20.26,0.9094,0.5157,0.172794,2,3,0,120.96,1.0000,0.0255,0.000780,4.387
199468,520,453,973,208,70,87,17.13,0.7740,0.5256,0.184805,24,7,30,316.61,0.6223,0.0740,0.004399,4.316
199472,520,395,915,244,41,149,355.01,0.9386,0.5878,0.229921,20,24,73,273.91,0.7621,0.1374,0.012830,4.455
199474,520,348,868,255,69,137,3.49,1.0000,0.6262,0.273259,70,29,36,11.13,0.5250,0.1906,0.023084,4.423
199475,520,435,955,242,14,92,12.31,0.9869,0.5538,0.199674,2,24,8,151.26,0.9491,0.0860,0.006837,4.393
199499,520,472,992,147,79,236,299.22,0.8675,0.5230,0.178514,11,1,7,340.52,0.7049,0.0332,0.001082,4.473
199503,520,442,962,219,70,50,30.79,0.8862,0.5398,0.196732,28,13,16,7.03,0.3502,0.0837,0.005722,4.428
199514,520,470,990,232,4,35,25.75,0.9975,0.5209,0.173671,11,0,22,307.86,1.0000,0.0384,0.001291,4.361
199522,520,438,958,193,49,224,319.59,0.9151,0.5453,0.189173,28,8,44,306.37,0.7254,0.0907,0.006024,4.269
199550,520,431,951,187,64,224,317.17,0.8729,0.5498,0.196146,41,9,28,347.00,0.6430,0.1023,0.007507,4.280
199565,520,376,896,235,88,72,29.22,0.8787,0.5962,0.251124,22,34,72,268.00,0.6229,0.1613,0.017824,4.440
199571,520,384,904,247,45,140,358.85,0.9358,0.5926,0.235477,49,20,53,322.64,0.5901,0.1469,0.014104,4.453
199575,520,231,751,230,158,175,3.86,0.5676,0.7371,0.443735,31,78,66,174.03,0.6325,0.2938,0.061332,4.435
199581,520,381,901,216,87,189,336.63,0.7731,0.6011,0.250914,41,35,42,321.43,0.1417,0.1626,0.018407,4.399
199593,520,480,1000,216,48,68,20.43,0.9000,0.5134,0.171327,0,0,0,0.00,0.0000,0.0000,0.000000,4.427
199616,520,424,944,197,34,250,315.14,0.9772,0.5624,0.199179,47,14,4,38.98,0.7914,0.1138,0.009273,4.204
199622,520,417,937,221,21,216,329.56,0.9799,0.5716,0.208686,52,6,20,7.40,0.7833,0.1159,0.009109,4.376
199623,520,410,930,244,17,133,359.32,0.9811,0.5711,0.213308,12,23,74,268.40,0.8602,0.1312,0.011853,4.257
199662,520,430,950,221,56,126,359.91,0.8352,0.5463,0.197094,20,8,61,284.32,0.8650,0.0972,0.006593,4.366
199670,520,403,923,255,39,30,28.99,1.0000,0.5824,0.228086,7,28,58,257.65,0.7524,0.1261,0.011811,4.499
199681,520,448,968,163,93,196,313.85,0.6610,0.5361,0.196014,2,17,37,253.49,0.7988,0.0792,0.005473,4.435
199682,520,352,872,243,2,239,329.26,0.9993,0.6218,0.253329,83,11,43,359.68,0.8023,0.1945,0.022531,4.182
199707,520,448,968,215,25,187,335.93,0.9521,0.5437,0.187324,3,21,21,195.12,0.6984,0.0817,0.006098,4.231
199708,520,455,975,209,58,135,353.77,0.7955,0.5293,0.183329,24,4,19,337.74,0.6458,0.0623,0.003281,4.379
199712,520,458,978,195,24,214,323.19,0.9618,0.5259,0.171120,1,14,4,151.66,0.9450,0.0555,0.003293,4.149
199716,520,389,909,179,111,190,321.85,0.5733,0.5859,0.246712,28,40,8,127.32,0.7853,0.1539,0.017820,4.375
199722,520,305,825,246,103,195,343.85,0.9067,0.6733,0.332362,15,64,5,140.74,0.9866,0.2266,0.037792,4.355
199727,520,453,973,206,65,120,0.55,0.7603,0.5257,0.182606,13,15,11,129.07,0.1460,0.0696,0.004514,4.267
199728,520,442,962,211,82,36,38.57,0.8894,0.5397,0.200131,2,21,11,159.93,0.8916,0.0777,0.005734,4.488
199729,520,407,927,210,101,52,43.06,0.7970,0.5704,0.232590,22,35,13,133.80,0.6176,0.1341,0.014017,4.414
199731,520,473,993,175,24,251,308.92,0.9819,0.5247,0.167332,4,1,15,293.60,0.8059,0.0289,0.000820,4.276
199739,520,414,934,207,38,242,319.52,0.9659,0.5741,0.210641,10,30,29,191.12,0.5060,0.1156,0.010817,4.286
199746,520,437,957,173,66,242,308.30,0.9206,0.5456,0.191922,30,16,17,14.84,0.3051,0.0929,0.006871,4.254
199747,520,381,901,237,84,95,19.90,0.8569,0.5987,0.251743,51,34,0,80.87,1.0000,0.1628,0.018479,4.406
199748,520,397,917,229,63,146,354.53,0.8401,0.5756,0.222910,27,27,58,281.10,0.5148,0.1371,0.013223,4.317
199756,520,453,973,233,33,6,30.72,0.9942,0.5318,0.184276,18,10,29,301.69,0.5043,0.0717,0.004344,4.311
199757,520,349,869,225,97,185,341.38,0.7653,0.6272,0.280619,34,35,96,277.06,0.7208,0.1943,0.023866,4.476
199769,520,346,866,248,54,206,338.81,0.9592,0.6307,0.270541,5,34,111,263.66,0.9584,0.1924,0.023239,4.377
199772,520,421,941,236,42,127,1.13,0.9186,0.5646,0.210241,37,10,51,311.77,0.7315,0.1117,0.008495,4.449
199794,520,392,912,240,43,158,351.30,0.9288,0.5851,0.227247,48,17,60,315.33,0.6798,0.1454,0.013556,4.362
199800,520,375,895,245,65,127,5.00,0.9080,0.6005,0.247286,57,28,22,32.69,0.4780,0.1620,0.017584,4.399
199809,520,377,897,214,62,231,323.51,0.9205,0.5951,0.235128,73,5,12,22.52,0.9360,0.1582,0.015518,4.352
199814,520,436,956,215,64,138,354.62,0.7916,0.5478,0.199511,2,24,8,151.26,0.9491,0.0860,0.006837,4.390
199816,520,407,927,213,61,192,334.19,0.8522,0.5678,0.212914,47,8,53,322.01,0.7697,0.1266,0.010351,4.356
199822,520,391,911,251,14,155,353.58,0.9888,0.5929,0.231934,6,28,86,263.91,0.9225,0.1520,0.015410,4.310
199833,520,346,866,215,96,225,324.50,0.8447,0.6319,0.282508,57,40,1,83.36,0.9633,0.1872,0.023897,4.500
199847,520,431,951,166,87,218,309.53,0.7722,0.5452,0.199860,40,10,8,26.86,0.6781,0.0955,0.006858,4.394
199850,520,278,798,255,93,229,334.71,1.0000,0.6917,0.347488,95,33,62,354.12,0.6254,0.2534,0.038688,4.482
199855,520,466,986,193,84,70,29.49,0.7010,0.5154,0.181221,19,0,29,313.34,1.0000,0.0529,0.002272,4.423
199857,520,411,931,247,26,105,9.37,0.9729,0.5715,0.215364,20,10,78,278.09,0.9243,0.1190,0.009158,4.486
199859,520,447,967,218,73,20,37.53,0.9588,0.5392,0.197235,12,16,23,261.51,0.2327,0.0757,0.005106,4.487
199893,520,426,946,182,64,244,310.87,0.9345,0.5579,0.201445,41,14,23,0.87,0.5215,0.1080,0.008474,4.300
199918,520,478,998,178,60,201,320.61,0.8215,0.5149,0.169149,0,3,4,211.91,1.0000,0.0247,0.000739,4.319
199921,520,429,949,238,39,53,24.66,0.9626,0.5493,0.198885,3,13,68,265.84,0.9520,0.1006,0.007245,4.348
199922,520,301,821,215,119,236,320.21,0.8533,0.6731,0.336983,3,61,70,211.41,0.9407,0.2316,0.037989,4.398
199938,520,359,879,255,66,116,10.52,1.0000,0.6171,0.264210,28,47,2,130.16,0.9710,0.1755,0.022842,4.314
199954,520,369,889,241,49,199,339.08,0.9433,0.6110,0.250238,56,22,70,314.77,0.6697,0.1731,0.018569,4.379
199959,520,427,947,241,3,127,0.43,0.9964,0.5598,0.203015,11,12,67,272.44,0.9153,0.1026,0.007393,4.408
199982,520,447,967,231,50,20,31.77,0.9764,0.5402,0.193236,1,18,29,236.09,0.8497,0.0760,0.005277,4.400
199985,520,269,789,223,125,244,320.34,0.9120,0.6981,0.368884,0,62,109,249.08,1.0000,0.2600,0.045491,4.387
200017,520,422,942,229,2,183,340.36,0.9974,0.5614,0.201230,9,29,31,204.06,0.5181,0.1129,0.010357,4.162
200028,520,467,987,221,51,61,23.48,0.9116,0.5249,0.180794,12,0,29,300.58,1.0000,0.0446,0.001669,4.467
200042,520,462,982,213,25,177,338.40,0.9429,0.5341,0.180179,20,5,7,10.91,0.4986,0.0544,0.002726,4.366
200058,520,443,963,196,10,237,318.10,0.9920,0.5414,0.180688,2,16,45,260.09,0.8822,0.0830,0.005729,4.139
200064,520,443,963,183,51,232,314.57,0.9175,0.5375,0.182623,23,15,12,41.50,0.2248,0.0802,0.005504,4.191
200077,520,407,927,149,112,218,297.83,0.6830,0.5684,0.230400,28,31,2,115.00,0.8889,0.1256,0.012312,4.500
200083,520,466,986,210,69,38,33.85,0.9005,0.5200,0.181001,16,4,10,346.99,0.4890,0.0481,0.002189,4.426
200096,520,460,980,215,59,103,8.71,0.8178,0.5304,0.185567,18,4,24,315.47,0.6653,0.0570,0.002814,4.460
200104,520,353,873,224,109,114,19.04,0.6944,0.6185,0.280018,17,45,64,241.05,0.5930,0.1830,0.023660,4.480
200111,520,385,905,223,43,217,329.72,0.9473,0.5862,0.224278,56,16,42,343.79,0.6366,0.1460,0.013786,4.300
200112,520,124,644,227,202,229,323.67,0.4514,0.8463,0.642296,0,97,139,236.78,1.0000,0.3830,0.104129,4.492
200132,520,460,980,163,65,247,304.04,0.9462,0.5350,0.182831,4,14,4,143.91,0.7199,0.0580,0.003486,4.353
200146,520,398,918,191,70,250,311.98,0.9655,0.5819,0.223599,16,39,19,146.83,0.7013,0.1440,0.016082,4.140
200162,520,425,945,243,10,94,11.68,0.9910,0.5555,0.200833,32,22,27,347.27,0.2084,0.1126,0.009600,4.209
200174,520,418,938,167,78,247,304.26,0.9333,0.5560,0.203802,26,20,62,284.97,0.6725,0.1241,0.010677,4.183
200180,520,458,978,219,56,69,21.74,0.8840,0.5270,0.183207,24,4,16,344.83,0.6306,0.0610,0.003185,4.385
200196,520,378,898,226,15,245,323.93,0.9935,0.5990,0.231052,37,15,90,287.89,0.8633,0.1560,0.014731,4.342
200206,520,437,957,234,20,135,356.83,0.9679,0.5527,0.197450,39,6,8,20.39,0.7502,0.0873,0.005792,4.435
200215,520,399,919,254,13,80,17.11,0.9944,0.5761,0.219417,42,24,51,313.63,0.4821,0.1429,0.013846,4.220
200219,520,475,995,173,37,247,308.77,0.9626,0.5248,0.169236,2,5,6,215.14,0.3211,0.0343,0.001346,4.270
200231,520,479,999,224,19,64,19.20,0.9776,0.5115,0.166861,0,0,3,264.05,1.0000,0.0094,0.000066,4.332
200237,520,476,996,184,80,131,351.99,0.6229,0.5118,0.175678,4,1,7,310.77,0.6480,0.0247,0.000629,4.458
200239,520,455,975,222,39,124,359.29,0.8951,0.5340,0.184385,11,12,2,112.91,0.6470,0.0583,0.003385,4.390
200248,520,336,856,254,17,237,332.12,0.9962,0.6427,0.275894,81,17,56,347.66,0.7381,0.2022,0.024360,4.383
200258,520,391,911,241,4,195,339.75,0.9970,0.5913,0.227307,62,12,41,349.10,0.7215,0.1515,0.014473,4.301
200276,520,338,858,222,89,235,324.05,0.9040,0.6393,0.286744,19,39,100,265.99,0.8339,0.1972,0.025094,4.484
200283,520,2,522,255,255,255,0.00,0.0000,1.0000,1.000000,32,136,71,151.06,0.9514,0.4825,0.183696,4.493
200285,520,438,958,187,53,237,314.54,0.9239,0.5493,0.192266,20,21,17,118.56,0.1127,0.0930,0.007255,4.231
200295,520,448,968,205,46,192,331.87,0.8831,0.5410,0.187408,0,9,61,263.65,1.0015,0.0841,0.005323,4.291
200306,520,424,944,179,80,225,313.24,0.8282,0.5580,0.207582,27,20,47,293.51,0.5080,0.1133,0.009386,4.337
200307,520,440,960,177,59,252,307.91,0.9801,0.5524,0.195041,29,5,43,310.23,0.7846,0.0865,0.005442,4.420
200309,520,469,989,169,42,248,307.13,0.9650,0.5232,0.168690,17,3,1,38.13,0.7568,0.0438,0.001865,4.217
200310,520,429,949,156,83,248,299.73,0.9333,0.5498,0.200320,9,5,71,271.80,0.9737,0.0957,0.006215,4.453
200320,520,423,943,185,88,190,325.57,0.6967,0.5553,0.210126,28,10,67,289.96,0.8378,0.1146,0.008692,4.432
200324,520,381,901,232,18,224,330.24,0.9889,0.5955,0.229728,34,22,85,284.85,0.7820,0.1580,0.015697,4.258
200327,520,360,880,223,85,201,334.51,0.8271,0.6160,0.264042,63,33,8,56.64,0.7406,0.1805,0.021622,4.385
200328,520,381,901,247,69,86,20.37,0.9418,0.5979,0.247057,30,35,57,273.42,0.3682,0.1592,0.017735,4.386
200332,520,415,935,213,54,204,330.58,0.8923,0.5687,0.211461,5,31,27,181.45,0.7468,0.1152,0.010913,4.292
200336,520,472,992,187,25,225,318.18,0.9657,0.5215,0.166976,1,5,1,143.60,0.8737,0.0311,0.001172,4.240
200351,520,407,927,213,65,197,332.66,0.8496,0.5747,0.219599,42,23,14,45.85,0.4487,0.1250,0.011368,4.393
200362,520,479,999,211,31,137,351.54,0.8987,0.5127,0.166373,1,0,2,311.99,1.0000,0.0114,0.000108,4.318
200388,520,331,851,240,75,221,332.97,0.9268,0.6435,0.287805,34,53,0,128.29,1.0000,0.1995,0.028862,4.283
200403,520,474,994,223,27,103,6.43,0.9421,0.5221,0.174539,7,1,0,44.62,1.0000,0.0252,0.000669,4.431
200412,520,462,982,232,22,40,25.70,0.9837,0.5265,0.178859,9,8,10,308.73,0.0887,0.0501,0.002537,4.356
200433,520,419,939,166,96,215,309.21,0.7300,0.5576,0.213796,47,6,37,339.42,0.7524,0.1136,0.008682,4.495
200437,520,457,977,226,40,52,24.55,0.9498,0.5250,0.179371,25,0,24,329.85,1.0000,0.0582,0.002727,4.350
200442,520,396,916,224,58,191,337.43,0.8832,0.5835,0.226374,38,22,56,303.63,0.5625,0.1370,0.012714,4.407
200446,520,459,979,165,88,200,314.04,0.7001,0.5331,0.191496,15,11,12,1.15,0.1149,0.0627,0.003675,4.499
200482,520,430,950,237,23,117,3.66,0.9663,0.5534,0.199048,40,16,1,54.11,0.8792,0.1045,0.008240,4.276
200502,520,406,926,249,32,127,2.78,0.9628,0.5847,0.227086,15,19,82,271.44,0.9053,0.1338,0.011764,4.486
200521,520,441,961,202,83,118,4.58,0.6683,0.5419,0.200530,32,12,28,335.10,0.4992,0.0925,0.006539,4.431
200537,520,271,791,247,125,177,354.79,0.8488,0.7007,0.376184,64,61,18,105.32,0.7123,0.2560,0.044712,4.500
200540,520,443,963,210,77,75,24.49,0.7809,0.5361,0.195196,33,6,22,346.67,0.6486,0.0813,0.005116,4.449
200542,520,355,875,252,59,161,353.70,0.9697,0.6205,0.264000,81,11,8,28.34,0.9243,0.1813,0.020065,4.482
200547,520,371,891,254,53,145,359.01,0.9895,0.6134,0.256649,30,39,55,261.67,0.3017,0.1689,0.020029,4.379
200549,520,418,938,237,52,69,22.12,0.9305,0.5592,0.208933,40,21,7,55.82,0.6032,0.1161,0.010028,4.314
200551,520,454,974,160,95,184,316.34,0.6028,0.5281,0.191193,25,7,22,333.82,0.5455,0.0710,0.004166,4.453
200554,520,404,924,217,26,229,325.32,0.9777,0.5754,0.211497,46,1,68,310.51,0.9669,0.1294,0.010200,4.344
200572,520,343,863,234,68,220,331.68,0.9223,0.6262,0.267965,32,51,7,130.27,0.9060,0.1922,0.026900,4.135
200578,520,418,938,211,23,229,323.81,0.9792,0.5640,0.201207,43,13,48,321.71,0.6670,0.1229,0.010149,4.176
200595,520,356,876,240,27,228,331.12,0.9852,0.6151,0.249133,81,7,36,4.36,0.8496,0.1842,0.020290,4.256
200604,520,466,986,208,45,138,351.22,0.8393,0.5168,0.171238,22,1,21,329.86,0.8165,0.0541,0.002464,4.217
200609,520,449,969,195,30,227,319.89,0.9609,0.5386,0.180782,4,4,56,269.53,0.9728,0.0726,0.003981,4.275
200623,520,454,974,149,88,223,301.40,0.7850,0.5288,0.186970,8,13,31,269.80,0.5283,0.0702,0.004384,4.357
200640,520,480,1000,151,84,206,306.84,0.7287,0.5121,0.173766,0,0,0,0.00,0.0000,0.0000,0.000000,4.475
200652,520,466,986,120,96,233,286.61,0.8251,0.5190,0.182417,17,2,15,332.30,0.6978,0.0466,0.001971,4.472
200689,520,431,951,219,74,91,17.50,0.7952,0.5521,0.207154,20,22,31,274.90,0.2148,0.1012,0.008215,4.417
200703,520,449,969,196,22,237,317.96,0.9800,0.5448,0.184255,33,1,16,354.23,0.8514,0.0699,0.003825,4.352
200710,520,353,873,227,74,221,329.54,0.9016,0.6213,0.264511,51,20,94,297.00,0.8027,0.1842,0.020123,4.485
200724,520,437,957,244,26,28,28.11,0.9857,0.5527,0.200592,17,14,47,282.65,0.6650,0.0911,0.006385,4.444
200726,520,431,951,205,29,222,323.87,0.9633,0.5511,0.191336,16,19,46,275.72,0.5675,0.0999,0.007731,4.180
200750,520,259,779,240,132,206,340.24,0.8358,0.7139,0.394862,14,76,40,152.75,0.9475,0.2730,0.054152,4.271
200796,520,456,976,235,29,5,30.40,0.9955,0.5339,0.185551,25,2,15,346.89,0.7476,0.0580,0.002846,4.457
200797,520,308,828,254,98,178,351.68,0.9839,0.6724,0.330237,24,60,64,205.10,0.5525,0.2325,0.037959,4.323
200800,520,433,953,239,9,110,5.87,0.9895,0.5513,0.196751,21,3,72,282.52,0.9647,0.1034,0.006924,4.335
200807,520,438,958,228,1,159,347.34,0.9983,0.5467,0.190217,3,23,22,190.83,0.7374,0.0878,0.006900,4.222
200827,520,300,820,255,55,254,328.38,1.0000,0.6720,0.311512,30,49,105,266.74,0.6973,0.2324,0.034924,4.257
200828,520,406,926,227,36,195,336.70,0.9461,0.5756,0.215353,21,27,51,271.64,0.4661,0.1268,0.011823,4.292
200829,520,368,888,224,97,138,2.38,0.7124,0.6065,0.262340,36,34,71,283.53,0.5155,0.1722,0.019740,4.479
200850,520,409,929,202,60,231,320.15,0.9112,0.5742,0.215593,25,16,77,281.15,0.8425,0.1308,0.011130,4.345
200874,520,445,965,166,62,247,305.25,0.9489,0.5358,0.182683,23,10,36,304.71,0.6044,0.0818,0.005266,4.210
200887,520,469,989,203,52,154,344.20,0.8117,0.5211,0.174876,13,1,6,349.53,0.7219,0.0352,0.001204,4.392
200911,520,458,978,157,65,254,300.71,0.9922,0.5333,0.181048,16,8,6,37.62,0.2873,0.0557,0.002970,4.362
200937,520,430,950,243,11,90,12.96,0.9904,0.5547,0.200356,12,3,77,273.19,0.9851,0.1024,0.006791,4.408
200943,520,431,951,225,64,68,24.02,0.8810,0.5470,0.200944,17,8,67,278.95,0.9130,0.1010,0.006981,4.404
200955,520,403,923,241,55,102,12.17,0.9083,0.5766,0.223957,59,12,6,31.07,0.8587,0.1347,0.012061,4.414
200957,520,405,925,212,38,245,320.17,0.9703,0.5845,0.219777,6,19,85,266.42,0.9470,0.1327,0.011603,4.379
200959,520,471,991,196,82,62,31.93,0.7474,0.5160,0.181200,14,3,2,31.11,0.5861,0.0403,0.001629,4.478
200976,520,356,876,247,44,201,339.81,0.9600,0.6197,0.257957,10,23,117,266.76,0.9659,0.1812,0.019615,4.424
200977,520,445,965,216,51,143,351.67,0.8396,0.5391,0.189521,27,12,12,20.02,0.3707,0.0792,0.005225,4.337
200989,520,432,952,246,15,22,28.20,0.9936,0.5527,0.199960,13,12,60,275.45,0.8626,0.0964,0.006747,4.405
200991,520,383,903,240,31,207,336.45,0.9738,0.6038,0.240131,2,43,22,155.81,0.9766,0.1518,0.017985,4.268
200996,520,447,967,234,44,35,28.79,0.9599,0.5426,0.194183,21,17,12,73.14,0.1913,0.0826,0.005869,4.371
201008,520,464,984,149,61,251,298.94,0.9731,0.5159,0.166924,5,11,5,144.49,0.4274,0.0518,0.002826,4.106
201028,520,312,832,252,43,248,329.13,0.9901,0.6560,0.292035,9,19,151,265.89,0.9875,0.2227,0.027579,4.409
201030,520,424,944,200,17,253,315.60,0.9913,0.5629,0.197736,31,22,30,330.00,0.2281,0.1127,0.009589,4.157
201051,520,478,998,226,2,7,28.81,0.9989,0.5057,0.162305,0,1,11,262.64,1.0001,0.0210,0.000459,4.207
201082,520,390,910,239,56,153,353.55,0.8928,0.5906,0.234820,18,28,83,269.89,0.8224,0.1546,0.015836,4.326
201086,520,379,899,245,75,56,30.03,0.9478,0.5960,0.247335,25,37,54,257.13,0.3640,0.1587,0.017961,4.375
201095,520,288,808,255,75,248,329.66,1.0000,0.6839,0.330724,40,53,98,269.63,0.5397,0.2437,0.038790,4.288
201097,520,334,854,254,91,90,24.29,0.9898,0.6374,0.292946,53,45,41,48.25,0.1206,0.2032,0.027938,4.400
201107,520,438,958,175,81,218,313.54,0.7963,0.5488,0.200617,33,13,15,14.51,0.4423,0.0907,0.006457,4.439
201117,520,466,986,212,34,134,353.03,0.8892,0.5151,0.168647,20,2,4,13.48,0.7255,0.0466,0.002009,4.204
201179,520,412,932,242,41,93,13.74,0.9445,0.5660,0.212567,39,1,70,302.51,0.9742,0.1205,0.008953,4.454
201181,520,474,994,225,39,29,29.11,0.9626,0.5199,0.175502,0,2,23,263.31,1.0006,0.0325,0.001053,4.417
201218,520,341,861,250,43,217,336.18,0.9752,0.6335,0.270646,85,21,9,32.77,0.8849,0.2015,0.024877,4.282
201225,520,469,989,202,9,197,329.69,0.9837,0.5214,0.167850,8,4,12,309.54,0.4178,0.0403,0.001650,4.218
201228,520,406,926,228,68,149,353.65,0.8229,0.5801,0.228008,12,32,48,244.89,0.5554,0.1324,0.013245,4.396
201235,520,379,899,255,48,89,17.04,1.0000,0.5960,0.240989,18,40,52,234.23,0.4825,0.1615,0.018940,4.221
201242,520,456,976,217,7,158,345.17,0.9839,0.5259,0.173747,19,10,3,65.93,0.5355,0.0624,0.003621,4.173
201253,520,478,998,192,66,145,345.63,0.7280,0.5121,0.171489,5,0,7,320.34,1.0000,0.0225,0.000476,4.388
201267,520,447,967,172,71,227,311.01,0.8518,0.5380,0.188240,35,1,27,338.76,0.8556,0.0785,0.004582,4.365
201278,520,369,889,196,96,239,314.36,0.8763,0.6138,0.263346,56,30,49,337.59,0.4149,0.1747,0.019911,4.482
201282,520,343,863,247,28,231,331.99,0.9875,0.6297,0.263772,35,49,25,133.21,0.5014,0.1912,0.026241,4.116
201302,520,344,864,245,20,246,328.10,0.9939,0.6336,0.265694,82,19,20,24.10,0.8071,0.1942,0.023104,4.318
201304,520,313,833,208,109,251,314.44,0.9592,0.6571,0.313134,59,47,53,346.71,0.1551,0.2206,0.032199,4.418
201316,520,423,943,245,17,88,14.03,0.9856,0.5600,0.205214,43,14,14,22.10,0.5796,0.1087,0.008595,4.356
201333,520,461,981,223,42,107,6.18,0.8944,0.5323,0.184081,15,3,21,314.62,0.6823,0.0495,0.002208,4.484
201342,520,430,950,193,79,180,332.28,0.7264,0.5488,0.202262,24,10,60,288.73,0.8115,0.1031,0.007375,4.397
201348,520,424,944,206,98,22,48.86,0.9157,0.5559,0.219171,9,30,20,160.90,0.6301,0.1118,0.010371,4.459
201353,520,325,845,246,45,251,327.07,0.9878,0.6489,0.284374,77,27,52,351.85,0.6022,0.2062,0.026098,4.394
201368,520,367,887,244,49,183,344.48,0.9367,0.6081,0.248517,31,42,44,209.89,0.1768,0.1727,0.021290,4.187
201387,520,272,792,185,149,250,299.25,0.8649,0.7004,0.387115,19,74,3,140.10,0.9937,0.2626,0.050424,4.353
201398,520,342,862,252,1,221,335.47,0.9996,0.6263,0.259409,62,32,53,339.23,0.4391,0.1901,0.023143,4.230
201400,520,421,941,209,94,38,43.44,0.8589,0.5553,0.217028,44,17,3,48.22,0.7830,0.1136,0.009430,4.493
201406,520,381,901,234,57,191,339.93,0.9075,0.6002,0.241829,53,29,14,51.56,0.5547,0.1559,0.016674,4.377
201418,520,443,963,233,46,18,31.33,0.9808,0.5410,0.193244,16,11,45,284.48,0.7054,0.0830,0.005390,4.392
201426,520,480,1000,205,5,172,337.73,0.9865,0.5100,0.160683,0,0,0,0.00,0.0000,0.0000,0.000000,4.214
201432,520,401,921,241,58,98,13.98,0.9050,0.5783,0.226119,2,39,18,154.00,0.9749,0.1372,0.015076,4.243
201442,520,443,963,205,52,179,335.97,0.8436,0.5381,0.186917,1,0,69,265.15,1.0000,0.0798,0.004361,4.358
201462,520,339,859,246,59,219,334.87,0.9557,0.6382,0.278381,33,54,17,133.67,0.7781,0.2040,0.030021,4.104
201480,520,435,955,243,17,73,18.20,0.9869,0.5528,0.199401,33,11,11,21.44,0.5168,0.0860,0.005869,4.464
201485,520,428,948,213,11,223,325.85,0.9905,0.5597,0.197152,6,0,84,268.29,1.0000,0.1041,0.006788,4.352
201498,520,398,918,255,39,45,26.76,1.0000,0.5836,0.229043,14,39,0,135.87,1.0000,0.1396,0.015444,4.264
201539,520,450,970,235,30,45,25.42,0.9751,0.5370,0.187834,35,2,14,0.98,0.8102,0.0747,0.004325,4.378
201542,520,416,936,224,24,207,332.62,0.9732,0.5721,0.210080,25,22,51,285.67,0.5236,0.1184,0.010195,4.321
201553,520,397,917,210,98,105,18.17,0.6477,0.5751,0.234589,15,35,45,231.89,0.4767,0.1410,0.014930,4.383
201557,520,419,939,247,2,101,9.80,0.9983,0.5640,0.207607,30,17,42,306.53,0.5130,0.1072,0.008441,4.408
201567,520,367,887,230,19,250,323.76,0.9928,0.6105,0.241932,63,22,50,341.58,0.5977,0.1719,0.018610,4.255
201573,520,333,853,240,38,255,324.86,1.0000,0.6380,0.271341,17,56,16,142.91,0.9367,0.2009,0.029848,4.024
201590,520,355,875,239,47,230,330.36,0.9661,0.6245,0.260996,0,28,113,263.33,1.0007,0.1811,0.020226,4.429
201595,520,460,980,211,43,158,344.49,0.8638,0.5304,0.180475,1,5,49,265.54,0.9694,0.0644,0.003367,4.319
201598,520,475,995,195,25,208,324.73,0.9543,0.5219,0.168530,2,3,13,272.57,0.6085,0.0315,0.001071,4.279
201611,520,319,839,244,102,153,0.45,0.8419,0.6519,0.310386,36,50,84,265.99,0.4732,0.2225,0.032963,4.344
201636,520,465,985,222,21,102,6.28,0.9572,0.5172,0.170280,6,4,27,282.40,0.7470,0.0469,0.002047,4.232
201640,520,450,970,231,4,124,359.59,0.9934,0.5385,0.185340,12,9,34,284.72,0.6295,0.0674,0.003890,4.367
201651,520,362,882,222,43,252,321.09,0.9876,0.6089,0.242876,69,29,0,51.90,1.0000,0.1817,0.021441,4.100
201664,520,361,881,202,104,210,324.47,0.7330,0.6163,0.271117,56,35,44,352.21,0.2962,0.1834,0.022247,4.445
201667,520,479,999,220,38,4,31.68,0.9948,0.5075,0.166134,0,0,4,264.05,1.0000,0.0106,0.000088,4.315
201675,520,452,972,231,21,74,16.98,0.9756,0.5290,0.180227,5,11,44,268.77,0.8410,0.0738,0.004534,4.222
201679,520,290,810,248,101,214,337.67,0.9482,0.6828,0.341216,66,56,2,97.69,0.9597,0.2428,0.039911,4.351
201705,520,424,944,211,71,154,347.73,0.7643,0.5555,0.206905,9,31,5,140.16,0.9296,0.1115,0.010490,4.247
201716,520,473,993,227,4,97,8.22,0.9936,0.5214,0.172837,13,0,3,1.59,1.0000,0.0310,0.000922,4.376
201724,520,431,951,222,26,172,342.19,0.9481,0.5487,0.192494,15,10,64,277.22,0.8917,0.0990,0.006888,4.263
201728,520,456,976,231,36,5,31.13,0.9949,0.5293,0.182647,2,9,32,262.93,0.8302,0.0579,0.003125,4.379
201729,520,370,890,226,86,168,347.49,0.7743,0.6060,0.256539,5,49,22,151.62,0.9628,0.1735,0.022867,4.207
201769,520,377,897,236,50,192,339.95,0.9275,0.5989,0.239226,26,37,61,264.66,0.4335,0.1639,0.018796,4.204
201770,520,464,984,233,10,20,28.07,0.9948,0.5234,0.175944,0,14,4,153.95,1.0000,0.0546,0.003228,4.245
201787,520,467,987,208,4,183,335.22,0.9914,0.5222,0.169177,4,1,26,281.91,0.9298,0.0366,0.001221,4.279
201790,520,394,914,231,5,218,331.49,0.9967,0.5870,0.221620,35,18,69,293.75,0.7294,0.1367,0.012196,4.367
201794,520,456,976,230,25,97,9.55,0.9591,0.5339,0.183843,29,1,9,3.57,0.8516,0.0604,0.003027,4.410
201812,520,366,886,177,114,219,310.35,0.6974,0.6055,0.264969,23,44,30,153.96,0.4840,0.1675,0.020772,4.450
201815,520,419,939,222,30,182,339.20,0.9440,0.5560,0.198380,32,16,46,306.65,0.5805,0.1106,0.008749,4.228
201827,520,406,926,252,9,99,11.26,0.9937,0.5753,0.217954,10,25,71,265.94,0.8435,0.1317,0.012147,4.312
201829,520,477,997,211,35,125,356.29,0.8834,0.5100,0.165339,0,1,9,261.82,1.0000,0.0198,0.000414,4.271
201842,520,444,964,229,30,103,7.62,0.9435,0.5359,0.185687,16,16,26,284.13,0.2650,0.0805,0.005553,4.243
201847,520,407,927,221,23,210,331.09,0.9744,0.5683,0.206404,18,35,25,157.34,0.4364,0.1342,0.014008,4.006
201848,520,450,970,205,51,183,334.67,0.8529,0.5396,0.187676,3,11,46,265.89,0.8946,0.0742,0.004559,4.356
201849,520,407,927,254,5,74,18.47,0.9973,0.5734,0.216776,48,20,28,3.13,0.4713,0.1325,0.012126,4.294
201850,520,434,954,191,53,232,316.91,0.9181,0.5515,0.194501,36,18,7,51.66,0.5592,0.1034,0.008231,4.199
201859,520,218,738,210,160,253,308.18,0.9478,0.7508,0.459358,6,84,33,148.60,0.9887,0.2973,0.064889,4.433
201865,520,394,914,236,54,166,348.31,0.8968,0.5890,0.232272,46,20,51,320.97,0.5687,0.1410,0.013202,4.466
201891,520,472,992,188,9,233,316.81,0.9914,0.5247,0.167713,12,1,1,24.72,0.7985,0.0318,0.001021,4.267
201901,520,455,975,212,11,186,335.39,0.9801,0.5330,0.177837,7,7,39,275.96,0.8093,0.0635,0.003436,4.264
201902,520,471,991,198,68,137,351.19,0.7287,0.5216,0.179480,8,0,22,300.82,1.0000,0.0352,0.001096,4.491
201906,520,319,839,194,119,245,309.85,0.8730,0.6515,0.312564,83,36,20,39.11,0.6758,0.2237,0.031515,4.448
201908,520,396,916,191,97,198,324.72,0.6942,0.5827,0.237042,40,28,40,326.40,0.2700,0.1430,0.014349,4.461
201910,520,418,938,217,54,173,341.30,0.8551,0.5579,0.204094,8,20,72,267.23,0.9001,0.1209,0.010198,4.221
201932,520,451,971,239,1,45,24.08,0.9994,0.5364,0.185652,23,8,13,359.09,0.4173,0.0665,0.003849,4.376
201943,520,462,982,148,79,243,298.27,0.9053,0.5301,0.183592,0,4,35,263.27,1.0006,0.0476,0.002082,4.485
201946,520,465,985,214,64,20,35.38,0.9601,0.5203,0.180159,11,1,39,288.11,0.9510,0.0546,0.002393,4.393
201952,520,349,869,244,68,190,343.01,0.9202,0.6270,0.270880,63,23,81,313.57,0.7119,0.1941,0.022637,4.418
201958,520,381,901,254,61,54,27.78,0.9948,0.5988,0.246784,11,37,67,254.11,0.7096,0.1593,0.017994,4.365
201962,520,427,947,251,4,16,28.39,0.9986,0.5608,0.206372,39,9,38,329.02,0.6729,0.1043,0.007667,4.446
201985,520,454,974,200,64,164,340.14,0.7737,0.5331,0.186283,7,7,41,275.43,0.8336,0.0653,0.003572,4.411
201988,520,37,557,243,251,84,112.07,0.9815,0.9454,0.886895,1,131,21,143.68,0.9995,0.4548,0.162925,4.400
202011,520,441,961,225,52,83,16.66,0.8910,0.5380,0.190908,6,11,59,269.38,0.9225,0.0892,0.005938,4.307
202021,520,395,915,230,61,174,344.55,0.8691,0.5879,0.232191,47,14,65,311.01,0.7472,0.1435,0.013001,4.479
202022,520,373,893,243,48,176,346.38,0.9325,0.6022,0.243063,50,33,25,46.17,0.3187,0.1633,0.018361,4.287
202032,520,469,989,219,53,73,19.81,0.8862,0.5249,0.180899,5,3,18,288.03,0.6530,0.0376,0.001411,4.491
202045,520,416,936,221,31,205,332.42,0.9576,0.5684,0.207622,50,11,8,28.10,0.7744,0.1157,0.009351,4.341
202053,520,362,882,255,37,166,351.60,1.0000,0.6138,0.253399,27,47,27,144.28,0.5262,0.1790,0.023451,4.131
202080,520,372,892,243,0,216,334.73,1.0000,0.6066,0.240155,52,12,89,301.77,0.8566,0.1710,0.017143,4.321
202098,520,450,970,231,47,39,28.49,0.9514,0.5391,0.191715,4,3,57,269.59,0.9806,0.0720,0.003863,4.488
202107,520,364,884,226,78,189,339.17,0.8314,0.6062,0.252940,55,32,12,59.56,0.6168,0.1657,0.018719,4.408
202121,520,463,983,214,7,168,341.27,0.9842,0.5254,0.172776,18,5,7,8.77,0.4531,0.0518,0.002525,4.241
202167,520,479,999,228,1,47,23.10,0.9992,0.5128,0.167239,0,0,7,264.05,1.0000,0.0135,0.000153,4.331
202189,520,432,952,231,25,126,359.53,0.9535,0.5452,0.191935,5,16,60,266.35,0.9001,0.0987,0.007290,4.223
202199,520,369,889,230,56,227,328.85,0.9437,0.6136,0.251998,67,18,49,345.21,0.6714,0.1727,0.018478,4.410
202200,520,330,850,244,32,247,327.60,0.9879,0.6366,0.269843,83,10,77,332.03,0.8174,0.2124,0.025922,4.213
202208,520,456,976,206,21,191,332.42,0.9573,0.5281,0.174217,0,16,6,157.57,1.0000,0.0606,0.003837,4.165
202215,520,432,952,177,53,250,308.65,0.9707,0.5452,0.187963,11,4,72,273.30,0.9767,0.0967,0.006258,4.230
202217,520,478,998,169,80,177,324.25,0.6716,0.5116,0.173476,1,2,8,267.88,0.6163,0.0246,0.000674,4.410
202231,520,409,929,225,83,82,24.06,0.8106,0.5730,0.228059,5,30,54,250.28,0.7632,0.1274,0.012271,4.465
202235,520,377,897,235,22,218,332.42,0.9849,0.5981,0.233006,66,4,59,333.67,0.8483,0.1617,0.015610,4.313
202237,520,461,981,185,10,240,314.38,0.9918,0.5260,0.168239,20,4,13,345.57,0.5701,0.0542,0.002646,4.145
202248,520,401,921,194,73,242,314.53,0.9216,0.5835,0.226464,54,24,0,56.62,1.0000,0.1445,0.014377,4.294
202251,520,446,966,199,30,224,321.73,0.9601,0.5430,0.184541,0,22,25,206.15,1.0000,0.0843,0.006440,4.156
202274,520,283,803,227,147,60,64.36,0.8157,0.6858,0.375266,36,68,6,133.93,0.9688,0.2509,0.045223,4.466
202275,520,251,771,233,138,216,333.81,0.8034,0.7192,0.404603,3,73,70,190.03,0.9657,0.2706,0.052264,4.445
202282,520,455,975,224,1,132,355.37,0.9979,0.5266,0.175377,23,3,26,322.77,0.7379,0.0626,0.003219,4.235
202290,520,375,895,238,87,33,38.05,0.9477,0.5959,0.251064,38,35,41,307.96,0.1108,0.1586,0.017742,4.444
202300,520,417,937,242,8,139,356.79,0.9909,0.5673,0.209182,0,3,94,264.16,0.9962,0.1192,0.008732,4.413
202305,520,407,927,161,103,220,304.74,0.7272,0.5668,0.224453,60,7,21,10.83,0.8074,0.1340,0.011669,4.450
202310,520,362,882,219,70,233,324.21,0.9163,0.6120,0.253255,51,34,54,321.36,0.3478,0.1788,0.021143,4.263
202314,520,212,732,224,171,180,7.27,0.4443,0.7585,0.482697,40,85,4,135.74,0.9894,0.3096,0.069567,4.455
202328,520,420,940,248,14,78,17.14,0.9906,0.5634,0.208242,46,9,33,344.50,0.6841,0.1136,0.008861,4.387
202334,520,407,927,217,72,165,345.07,0.7886,0.5721,0.221053,5,36,32,183.08,0.8018,0.1331,0.013982,4.236
202348,520,373,893,241,67,133,2.33,0.8777,0.5969,0.244116,48,35,13,78.75,0.5746,0.1629,0.018596,4.288
202361,520,478,998,180,29,220,317.25,0.9505,0.5079,0.157505,4,1,4,327.25,0.5374,0.0231,0.000563,4.104
202364,520,345,865,247,3,238,330.37,0.9991,0.6284,0.260153,31,34,99,275.06,0.7699,0.1927,0.023361,4.228
202375,520,435,955,220,21,189,336.58,0.9668,0.5526,0.194285,6,24,16,163.15,0.6363,0.0906,0.007294,4.264
202410,520,459,979,231,16,91,11.26,0.9787,0.5311,0.181179,14,12,10,67.38,0.0928,0.0633,0.003782,4.298
202428,520,358,878,247,91,48,35.85,0.9489,0.6190,0.274730,4,51,7,143.77,0.9874,0.1777,0.024087,4.383
202433,520,395,915,210,60,233,321.94,0.9228,0.5883,0.228183,49,12,60,317.42,0.7482,0.1401,0.012422,4.456
202438,520,458,978,161,87,204,311.27,0.7149,0.5287,0.187537,21,3,26,319.09,0.7365,0.0599,0.002992,4.483
202439,520,302,822,239,120,135,13.63,0.7673,0.6664,0.335355,5,61,65,202.50,0.9079,0.2295,0.037512,4.403
202443,520,369,889,238,88,106,16.66,0.8433,0.6083,0.262001,7,47,29,159.37,0.9036,0.1692,0.021668,4.353
202448,520,410,930,236,3,170,345.76,0.9964,0.5682,0.208032,53,5,48,332.87,0.8005,0.1302,0.010789,4.245
202477,520,473,993,227,26,28,27.93,0.9801,0.5165,0.171565,4,2,18,286.54,0.7492,0.0337,0.001129,4.333
202483,520,312,832,255,102,108,20.92,1.0000,0.6578,0.318488,39,55,47,162.85,0.2514,0.2196,0.033689,4.403
202521,520,411,931,211,77,169,342.18,0.7590,0.5699,0.220232,14,24,60,268.48,0.6985,0.1214,0.010728,4.450
202524,520,443,963,159,71,247,302.19,0.9404,0.5367,0.185932,39,3,8,15.99,0.8360,0.0823,0.005141,4.279
202556,520,434,954,223,47,134,356.36,0.8703,0.5455,0.194448,9,12,68,270.79,0.9294,0.1025,0.007383,4.260
202558,520,408,928,218,87,79,26.47,0.7734,0.5656,0.222887,51,20,4,46.77,0.7837,0.1319,0.012130,4.392
202562,520,384,904,222,13,248,322.31,0.9945,0.5940,0.225969,12,13,107,268.66,0.9779,0.1549,0.014274,4.294
202575,520,371,891,230,16,253,323.13,0.9946,0.6119,0.242877,60,21,55,332.72,0.6179,0.1679,0.017729,4.324
202579,520,469,989,181,2,237,313.99,0.9981,0.5152,0.159827,5,6,1,116.25,0.6469,0.0383,0.001647,4.063
202582,520,459,979,177,74,193,322.07,0.7511,0.5250,0.180960,7,5,34,279.81,0.7967,0.0553,0.002692,4.383
202588,520,299,819,224,109,229,325.85,0.8586,0.6660,0.324435,53,56,31,114.25,0.4129,0.2313,0.036842,4.312
202598,520,454,974,234,16,30,27.09,0.9907,0.5278,0.179599,13,6,46,283.16,0.8372,0.0726,0.004131,4.242
202611,520,456,976,238,12,8,29.15,0.9946,0.5342,0.184609,7,7,38,276.23,0.7958,0.0627,0.003371,4.396
202631,520,469,989,198,40,192,329.89,0.8926,0.5244,0.173309,10,1,22,303.95,0.8496,0.0399,0.001442,4.341
202636,520,429,949,219,16,182,338.33,0.9731,0.5450,0.188104,49,2,16,8.31,0.8863,0.1029,0.007339,4.153
202642,520,418,938,217,51,178,339.56,0.8705,0.5580,0.203360,3,26,58,256.71,0.8650,0.1188,0.010636,4.178
202665,520,461,981,205,1,202,329.15,0.9984,0.5285,0.172670,6,0,40,279.22,1.0000,0.0489,0.001919,4.289
202677,520,480,1000,192,55,167,336.30,0.7948,0.5112,0.167305,0,0,0,0.00,0.0000,0.0000,0.000000,4.346
202681,520,461,981,185,30,231,316.08,0.9608,0.5255,0.170136,11,6,16,307.73,0.3951,0.0497,0.002388,4.202
202700,520,380,900,243,63,130,3.31,0.8959,0.5958,0.242246,52,30,18,48.93,0.4663,0.1574,0.017024,4.360
202709,520,445,965,183,76,197,322.90,0.7613,0.5394,0.192686,23,14,22,330.25,0.2799,0.0816,0.005542,4.369
202717,520,402,922,236,51,158,350.85,0.8999,0.5831,0.226720,4,31,47,238.50,0.7748,0.1250,0.012110,4.455
202725,520,464,984,167,57,234,308.69,0.9004,0.5209,0.170830,25,0,12,351.05,1.0000,0.0524,0.002333,4.220
202726,520,284,804,255,78,253,328.44,1.0000,0.6897,0.338035,93,35,50,6.65,0.5938,0.2482,0.037599,4.430
202727,520,426,946,193,56,232,317.40,0.9133,0.5572,0.199933,46,10,17,12.12,0.6728,0.1087,0.008385,4.281
202755,520,391,911,236,13,204,336.24,0.9902,0.5889,0.224831,47,31,0,80.76,1.0000,0.1493,0.015844,4.174
202774,520,272,792,180,159,219,300.32,0.5116,0.7000,0.396142,27,73,4,138.10,0.9890,0.2625,0.050067,4.458
202778,520,378,898,250,2,188,343.60,0.9987,0.6042,0.240016,20,29,83,270.73,0.7928,0.1581,0.016519,4.360
202790,520,466,986,186,68,180,329.84,0.7580,0.5233,0.178700,8,6,28,283.67,0.6563,0.0538,0.002657,4.343
202799,520,441,961,214,11,194,333.64,0.9834,0.5418,0.184327,35,3,39,323.29,0.8086,0.0894,0.005690,4.208
202801,520,468,988,220,42,84,14.33,0.9063,0.5200,0.175143,7,5,5,17.88,0.1060,0.0392,0.001647,4.359
202808,520,363,883,248,6,196,341.02,0.9964,0.6054,0.240755,56,31,43,350.05,0.3673,0.1740,0.019952,4.156
202810,520,434,954,215,86,8,43.34,0.9792,0.5515,0.211225,15,25,25,196.07,0.2380,0.1024,0.008670,4.452
202844,520,471,991,222,18,106,4.68,0.9635,0.5173,0.170055,3,4,13,274.25,0.4868,0.0355,0.001352,4.285
202849,520,384,904,223,92,117,11.21,0.7277,0.5908,0.246290,38,36,15,103.75,0.4981,0.1532,0.017083,4.417
202873,520,453,973,230,22,92,11.09,0.9671,0.5314,0.181725,33,4,13,3.62,0.7186,0.0744,0.004393,4.260
202882,520,372,892,216,71,238,322.09,0.9236,0.6117,0.252803,19,48,16,141.85,0.8767,0.1748,0.022897,4.154
202907,520,466,986,190,65,173,333.67,0.7637,0.5222,0.177464,12,3,30,295.60,0.7879,0.0523,0.002370,4.343
202915,520,283,803,238,131,141,14.92,0.7333,0.6858,0.363352,40,65,44,148.54,0.4554,0.2504,0.044135,4.391
202916,520,352,872,246,57,197,340.99,0.9426,0.6246,0.265533,38,42,64,275.68,0.3231,0.1896,0.024381,4.242
202919,520,478,998,222,0,80,13.13,1.0000,0.5055,0.161116,3,0,7,308.47,1.0000,0.0194,0.000347,4.193
202941,520,447,967,220,72,48,31.84,0.8904,0.5439,0.200663,1,23,6,149.89,0.9780,0.0818,0.006324,4.450
202948,520,435,955,232,30,119,2.44,0.9434,0.5470,0.194192,30,1,54,303.69,0.9574,0.0913,0.005641,4.389
202950,520,409,929,244,53,67,23.19,0.9446,0.5738,0.221879,56,0,54,330.03,1.0000,0.1343,0.011072,4.452
202952,520,472,992,167,64,220,311.49,0.8490,0.5170,0.170504,11,0,10,330.70,1.0000,0.0316,0.000931,4.329
202953,520,462,982,198,47,194,329.26,0.8729,0.5309,0.179355,22,1,5,7.66,0.8213,0.0475,0.002033,4.408
202977,520,13,533,253,252,212,106.14,0.9292,0.9787,0.952572,26,133,63,149.57,0.9691,0.4699,0.173528,4.485
202983,520,443,963,142,92,233,296.00,0.8216,0.5350,0.192884,8,16,33,263.66,0.5183,0.0783,0.005320,4.391
203019,520,354,874,249,15,209,337.85,0.9926,0.6162,0.250880,65,31,32,19.05,0.4595,0.1845,0.022082,4.174
203023,520,354,874,255,58,142,0.61,1.0000,0.6181,0.262427,55,37,38,15.24,0.2406,0.1843,0.022754,4.294
203025,520,423,943,214,4,228,324.93,0.9969,0.5637,0.199864,45,7,36,338.77,0.7248,0.1107,0.008373,4.280
203041,520,437,957,242,11,93,11.90,0.9898,0.5534,0.199103,26,14,37,306.58,0.5185,0.0932,0.006673,4.395
203050,520,479,999,204,68,46,31.79,0.8656,0.5082,0.171710,1,0,1,328.36,1.0000,0.0103,0.000086,4.427
203071,520,398,918,211,64,218,326.01,0.8896,0.5834,0.225795,11,37,24,159.19,0.6956,0.1362,0.014602,4.269
203076,520,381,901,252,15,161,351.96,0.9886,0.5977,0.236138,75,9,0,33.21,1.0000,0.1650,0.016915,4.276
203086,520,431,951,241,39,22,29.95,0.9799,0.5528,0.202131,3,5,76,266.59,0.9867,0.0985,0.006496,4.463
203097,520,453,973,162,64,242,304.80,0.9216,0.5282,0.177595,27,1,31,322.71,0.8690,0.0677,0.003537,4.251
203099,520,350,870,232,61,237,326.81,0.9492,0.6274,0.266101,86,10,12,25.91,0.9279,0.1922,0.022224,4.377
203119,520,416,936,244,40,102,10.92,0.9460,0.5717,0.217133,32,26,28,355.85,0.1113,0.1228,0.011297,4.358
203123,520,392,912,152,118,229,295.65,0.7312,0.5907,0.252895,3,43,29,164.78,0.9459,0.1542,0.018357,4.431
203131,520,312,832,247,63,247,328.08,0.9751,0.6601,0.300473,61,37,87,303.99,0.5775,0.2202,0.030034,4.379
203139,520,439,959,166,66,253,303.76,0.9844,0.5453,0.190958,43,4,11,14.22,0.8127,0.0924,0.006247,4.284
203151,520,426,946,215,45,193,334.29,0.9039,0.5585,0.201763,0,20,69,261.53,1.0000,0.1135,0.009299,4.246
203163,520,471,991,207,58,110,4.10,0.7930,0.5162,0.174195,17,0,0,29.23,1.0000,0.0354,0.001192,4.379
203167,520,460,980,213,38,164,342.79,0.8904,0.5338,0.182149,10,4,41,282.72,0.8668,0.0617,0.003114,4.371
203170,520,399,919,215,24,237,322.95,0.9827,0.5771,0.212167,54,13,51,330.84,0.7025,0.1434,0.013112,4.154
203178,520,410,930,163,98,227,304.71,0.7783,0.5655,0.220684,22,7,89,277.46,0.9621,0.1306,0.010437,4.479
203180,520,350,870,230,94,173,347.35,0.7807,0.6255,0.278479,10,50,61,220.28,0.7538,0.1937,0.026825,4.276
203193,520,393,913,244,32,174,346.73,0.9630,0.5940,0.233253,54,21,7,42.57,0.7261,0.1397,0.013361,4.470
203195,520,431,951,218,80,61,30.60,0.8382,0.5525,0.209821,5,25,38,239.51,0.6674,0.1028,0.008674,4.428
203207,520,368,888,255,75,49,31.33,1.0000,0.6143,0.265176,27,45,24,140.93,0.5348,0.1719,0.021757,4.392
203212,520,467,987,207,46,149,346.84,0.8380,0.5208,0.173914,8,2,15,307.88,0.6725,0.0364,0.001295,4.365
203215,520,371,891,249,73,90,19.96,0.9511,0.6067,0.256464,58,32,17,49.78,0.5385,0.1713,0.019732,4.395
203217,520,374,894,210,84,205,329.26,0.8051,0.5965,0.244518,67,12,42,351.60,0.7412,0.1619,0.016236,4.447
203228,520,431,951,209,49,187,334.51,0.8728,0.5473,0.193418,27,5,57,296.22,0.8659,0.0963,0.006370,4.318
203239,520,376,896,242,18,209,336.32,0.9887,0.6041,0.239163,34,35,51,281.35,0.2650,0.1594,0.017811,4.264
203248,520,214,734,245,144,238,329.55,0.9435,0.7559,0.455341,24,78,89,213.85,0.7026,0.3012,0.063640,4.447
203257,520,430,950,241,22,87,14.11,0.9775,0.5531,0.199660,30,18,15,34.56,0.2809,0.0967,0.007431,4.347
203261,520,369,889,231,24,247,324.62,0.9896,0.6115,0.243600,55,36,5,75.48,0.8116,0.1745,0.020850,4.144
203268,520,470,990,207,15,177,336.78,0.9650,0.5192,0.167835,3,4,22,273.94,0.7316,0.0405,0.001641,4.218
203275,520,72,592,244,222,240,331.86,0.6383,0.9111,0.777675,14,119,52,149.12,0.9853,0.4200,0.135344,4.466
203283,520,199,719,239,156,241,326.02,0.8961,0.7711,0.484802,65,78,79,202.24,0.1226,0.3225,0.071370,4.406
203308,520,475,995,220,44,69,19.79,0.9172,0.5184,0.174493,2,4,12,265.22,0.5166,0.0340,0.001263,4.379
203312,520,433,953,188,82,193,325.81,0.7354,0.5528,0.205775,4,22,50,258.05,0.8004,0.1026,0.008299,4.387
203315,520,429,949,171,81,233,308.39,0.8536,0.5543,0.204267,0,5,80,264.21,0.9908,0.1020,0.006877,4.470
203325,520,436,956,239,24,66,20.17,0.9788,0.5456,0.194006,17,13,45,284.34,0.6601,0.0876,0.005965,4.360
203328,520,250,770,238,136,215,335.95,0.8429,0.7220,0.406938,10,77,36,150.83,0.9712,0.2746,0.054994,4.352
203332,520,477,997,222,28,72,17.20,0.9557,0.5128,0.168307,1,0,7,286.54,1.0000,0.0158,0.000218,4.347
203343,520,411,931,228,11,191,337.90,0.9875,0.5659,0.204975,31,23,47,297.98,0.4425,0.1243,0.011093,4.174
203378,520,367,887,239,73,149,356.58,0.8571,0.6053,0.252887,52,22,70,310.59,0.6683,0.1671,0.017461,4.490
203390,520,406,926,210,36,240,320.81,0.9684,0.5764,0.212565,39,18,52,310.71,0.6014,0.1279,0.011119,4.296
203418,520,453,973,228,17,100,7.78,0.9727,0.5276,0.178179,22,1,48,297.97,0.9541,0.0749,0.004057,4.221
203422,520,282,802,244,121,171,356.13,0.8161,0.6874,0.358507,37,68,21,136.49,0.8635,0.2531,0.045816,4.263
203444,520,340,860,237,49,255,324.03,1.0000,0.6391,0.274236,5,10,143,265.30,0.9940,0.2014,0.022323,4.483
203445,520,443,963,212,64,124,359.91,0.7815,0.5370,0.191213,30,11,0,57.77,1.0000,0.0787,0.005154,4.373
203451,520,444,964,183,25,253,310.80,0.9906,0.5390,0.178555,15,7,50,283.43,0.8358,0.0799,0.004838,4.168
203452,520,445,965,215,75,26,37.59,0.9375,0.5365,0.195562,6,6,58,271.05,0.9540,0.0799,0.004744,4.486
203471,520,437,957,221,63,110,7.44,0.8185,0.5480,0.200555,25,18,5,83.09,0.5491,0.0879,0.006503,4.434
203474,520,409,929,191,109,112,18.16,0.4925,0.5669,0.231849,4,33,47,233.39,0.7887,0.1309,0.013187,4.461
203481,520,443,963,216,73,82,20.71,0.8024,0.5432,0.199756,21,16,13,52.78,0.1576,0.0805,0.005591,4.493
203504,520,319,839,236,93,204,337.42,0.8692,0.6485,0.300237,58,32,106,294.74,0.7331,0.2232,0.029732,4.393
203506,520,451,971,180,54,243,311.01,0.9378,0.5445,0.188137,7,9,38,274.19,0.7502,0.0666,0.003805,4.426
203514,520,156,676,247,194,90,81.90,0.8571,0.8164,0.590978,21,100,31,144.74,0.9747,0.3547,0.093723,4.460
203528,520,380,900,238,85,101,17.89,0.8539,0.6032,0.256167,5,44,42,189.87,0.8513,0.1632,0.020007,4.373
203531,520,446,966,223,56,110,6.69,0.8477,0.5448,0.196447,15,9,49,282.67,0.7909,0.0823,0.005187,4.466
203553,520,480,1000,165,62,214,312.44,0.8387,0.5071,0.163004,0,0,0,0.00,0.0000,0.0000,0.000000,4.260
203559,520,377,897,227,91,125,7.70,0.7492,0.5985,0.252962,21,37,66,261.43,0.5496,0.1638,0.018758,4.406
203560,520,421,941,191,67,222,318.82,0.8644,0.5577,0.203659,27,0,75,287.99,1.0000,0.1092,0.007410,4.418
203588,520,467,987,200,31,183,333.15,0.9132,0.5167,0.166801,13,2,21,311.03,0.7502,0.0449,0.001831,4.183
203601,520,473,993,225,26,69,18.27,0.9644,0.5175,0.171789,4,5,1,118.05,0.5965,0.0345,0.001365,4.318
203604,520,366,886,239,51,205,336.94,0.9419,0.6122,0.251289,66,25,32,11.62,0.5579,0.1748,0.019580,4.330
203628,520,471,991,162,67,223,308.76,0.8462,0.5159,0.170241,0,9,8,188.27,1.0000,0.0434,0.002129,4.225
203634,520,322,842,245,71,223,333.65,0.9510,0.6491,0.292495,53,41,74,299.70,0.4222,0.2096,0.028372,4.370
203643,520,476,996,225,31,21,29.30,0.9758,0.5143,0.170446,5,0,5,328.36,1.0000,0.0213,0.000432,4.371
203647,520,410,930,235,27,174,344.64,0.9621,0.5748,0.215049,28,20,70,284.57,0.7309,0.1335,0.011894,4.282
203671,520,445,965,172,78,211,314.57,0.7816,0.5354,0.189235,18,7,42,292.56,0.7499,0.0756,0.004477,4.391
203690,520,401,921,249,50,7,32.27,0.9949,0.5765,0.224399,67,1,19,12.88,0.9698,0.1418,0.012622,4.382
203693,520,423,943,246,8,88,13.84,0.9938,0.5600,0.204746,22,17,57,283.72,0.6916,0.1100,0.008669,4.342
203707,520,456,976,215,39,149,348.51,0.8815,0.5308,0.180704,26,3,18,342.76,0.7058,0.0629,0.003284,4.330
203724,520,347,867,252,68,166,352.67,0.9673,0.6304,0.275862,26,50,22,140.89,0.7033,0.1868,0.025587,4.311
203728,520,440,960,196,44,233,318.43,0.9412,0.5532,0.194218,35,12,14,16.08,0.5047,0.0918,0.006520,4.321
203758,520,358,878,253,43,175,348.66,0.9837,0.6172,0.257090,75,22,19,26.71,0.7409,0.1838,0.021169,4.315
203760,520,296,816,251,84,234,332.24,0.9814,0.6781,0.327932,88,41,3,52.87,0.9122,0.2408,0.036675,4.360
203765,520,424,944,239,34,96,11.77,0.9524,0.5565,0.203425,31,11,61,296.34,0.7837,0.1136,0.008676,4.319
203791,520,333,853,253,92,111,16.97,0.9722,0.6414,0.296880,39,49,36,138.52,0.2602,0.1977,0.027553,4.473
203812,520,457,977,215,57,113,4.19,0.8180,0.5314,0.185680,6,6,39,275.05,0.8498,0.0607,0.003154,4.434
203820,520,429,949,183,104,116,10.80,0.4731,0.5465,0.212301,13,26,12,142.63,0.5456,0.0998,0.008509,4.483
203846,520,412,932,254,13,2,29.53,0.9988,0.5687,0.213669,29,13,64,291.48,0.7794,0.1169,0.009192,4.454
203858,520,448,968,229,48,83,16.48,0.9109,0.5426,0.193993,20,16,23,310.55,0.2008,0.0830,0.005812,4.372
203862,520,380,900,237,38,209,335.26,0.9630,0.6029,0.239970,65,7,60,332.12,0.8065,0.1633,0.016022,4.392
203878,520,402,922,243,37,147,355.28,0.9450,0.5827,0.224876,35,10,78,292.06,0.8681,0.1344,0.011245,4.488
203894,520,399,919,252,21,103,10.44,0.9831,0.5794,0.222147,13,14,95,270.00,0.9634,0.1406,0.012258,4.371
203905,520,480,1000,214,6,148,347.74,0.9838,0.5147,0.165669,0,0,0,0.00,0.0000,0.0000,0.000000,4.313
203911,520,379,899,242,11,200,338.65,0.9926,0.5973,0.232897,57,4,76,314.38,0.9032,0.1586,0.014786,4.367
203936,520,349,869,223,116,101,29.37,0.6996,0.6260,0.291206,6,55,9,143.70,0.9831,0.1927,0.027907,4.380
203940,520,442,962,208,82,57,33.08,0.8103,0.5367,0.197421,15,7,54,281.71,0.8660,0.0839,0.005198,4.482
203972,520,340,860,200,109,239,314.69,0.8584,0.6389,0.294497,38,52,2,124.73,0.9650,0.1999,0.028724,4.376
203978,520,443,963,190,88,140,350.45,0.6078,0.5379,0.198215,15,13,37,284.14,0.5606,0.0797,0.005230,4.494
203992,520,453,973,209,51,151,346.89,0.8261,0.5297,0.181595,6,15,23,244.89,0.4157,0.0689,0.004422,4.256
204000,520,399,919,208,56,227,322.98,0.9188,0.5774,0.217860,31,29,49,287.83,0.3484,0.1398,0.013918,4.191
204013,520,451,971,217,57,124,0.02,0.8203,0.5390,0.191356,26,2,38,312.47,0.8540,0.0732,0.004030,4.467
204026,520,391,911,222,53,213,330.49,0.9221,0.5889,0.228821,60,13,39,350.27,0.6979,0.1479,0.013951,4.360
204031,520,454,974,221,64,22,34.68,0.9618,0.5341,0.190995,15,9,27,297.36,0.5014,0.0655,0.003761,4.483
204039,520,380,900,224,52,222,328.63,0.9377,0.5973,0.235794,60,21,35,359.98,0.5688,0.1580,0.016185,4.318
204058,520,408,928,191,103,147,349.93,0.5366,0.5678,0.228848,4,35,36,198.06,0.8096,0.1312,0.013552,4.388
204062,520,468,988,142,87,224,298.51,0.7926,0.5196,0.179492,5,6,5,145.32,0.0893,0.0398,0.001735,4.436
204074,520,428,948,227,58,128,0.55,0.8470,0.5603,0.209182,12,27,13,145.67,0.5801,0.1024,0.008911,4.400
204085,520,362,882,226,24,254,321.90,0.9962,0.6083,0.239800,85,0,8,24.63,1.0000,0.1807,0.019492,4.170
204094,520,361,881,252,62,147,358.71,0.9671,0.6176,0.262507,45,39,51,307.56,0.1947,0.1819,0.022480,4.312
204107,520,395,915,246,15,173,347.15,0.9873,0.5915,0.229549,38,12,80,293.56,0.8485,0.1426,0.012542,4.470
204122,520,411,931,243,35,112,7.02,0.9512,0.5695,0.214299,6,34,15,151.15,0.8970,0.1217,0.012172,4.251
204153,520,423,943,227,20,185,339.42,0.9722,0.5630,0.203366,28,17,55,292.87,0.6511,0.1145,0.009236,4.277
204157,520,397,917,207,84,179,337.45,0.7380,0.5775,0.228625,49,25,12,48.16,0.5632,0.1401,0.013749,4.371
204158,520,385,905,255,43,98,13.80,1.0000,0.5946,0.238733,39,34,31,53.06,0.0977,0.1531,0.016743,4.326
204166,520,400,920,186,96,202,321.40,0.7018,0.5763,0.230702,22,32,43,251.29,0.2941,0.1360,0.013780,4.401
204182,520,424,944,211,87,97,18.07,0.7062,0.5573,0.215305,17,28,20,152.70,0.3291,0.1108,0.010002,4.422
204206,520,364,884,217,114,66,44.35,0.7539,0.6068,0.271818,5,48,24,153.81,0.9545,0.1705,0.022120,4.462
204209,520,213,733,231,150,251,319.50,0.9592,0.7552,0.457681,55,77,55,144.65,0.3627,0.3025,0.063957,4.455
204228,520,344,864,177,118,239,304.58,0.8055,0.6253,0.285365,30,51,14,133.85,0.8213,0.1915,0.026753,4.369
204240,520,471,991,193,64,161,339.15,0.7558,0.5195,0.175791,6,1,24,290.49,0.8907,0.0372,0.001264,4.404
204254,520,372,892,211,81,238,320.29,0.9101,0.6150,0.259084,11,47,12,143.66,0.9479,0.1670,0.021306,4.335
204265,520,338,858,247,98,97,23.60,0.9166,0.6359,0.293757,8,52,70,230.70,0.8068,0.2046,0.029497,4.324
204282,520,365,885,235,86,129,6.04,0.8079,0.6068,0.259055,58,25,57,328.43,0.5577,0.1725,0.018903,4.485
204293,520,467,987,210,66,79,19.64,0.8097,0.5226,0.181649,17,3,0,46.85,1.0000,0.0434,0.001843,4.468
204295,520,429,949,193,27,249,314.40,0.9794,0.5519,0.189622,9,24,39,250.01,0.5323,0.1029,0.008578,4.091
204306,520,425,945,222,34,193,336.02,0.9427,0.5643,0.205263,9,17,68,269.13,0.8966,0.1113,0.008763,4.344
204314,520,383,903,248,52,152,355.45,0.9393,0.6040,0.246828,21,40,2,132.22,0.9673,0.1475,0.016814,4.443
204319,520,478,998,194,27,194,328.25,0.9335,0.5111,0.161499,0,2,6,247.65,1.0000,0.0221,0.000566,4.183
204320,520,474,994,195,13,207,325.09,0.9789,0.5170,0.163966,14,0,0,29.23,1.0000,0.0310,0.000934,4.201
204330,520,416,936,217,55,192,335.22,0.8779,0.5692,0.212920,20,27,35,252.06,0.2315,0.1164,0.010539,4.343
204338,520,448,968,184,76,202,321.69,0.7759,0.5442,0.196247,38,3,2,28.72,0.9143,0.0788,0.004816,4.492
204341,520,296,816,253,76,239,331.41,0.9916,0.6762,0.322865,52,59,4,117.12,0.9297,0.2354,0.038668,4.205
204342,520,460,980,213,36,163,343.07,0.8965,0.5320,0.180545,11,3,35,289.22,0.8398,0.0553,0.002576,4.385
204352,520,425,945,186,98,170,334.36,0.5953,0.5621,0.220780,4,30,27,184.69,0.7795,0.1116,0.010334,4.488
204358,520,457,977,158,70,238,303.75,0.8943,0.5265,0.178229,19,7,3,46.65,0.5254,0.0562,0.002970,4.309
204367,520,460,980,157,71,242,302.49,0.9120,0.5299,0.180858,22,5,22,327.48,0.6085,0.0630,0.003371,4.326
204380,520,273,793,206,149,198,331.42,0.4961,0.6979,0.386950,28,69,55,168.37,0.6239,0.2594,0.047788,4.468
204393,520,322,842,184,123,245,305.29,0.8501,0.6464,0.309494,27,54,59,210.80,0.4274,0.2130,0.031870,4.391
204395,520,391,911,252,14,143,357.51,0.9888,0.5902,0.229963,60,2,55,332.38,0.8898,0.1450,0.012801,4.458
204452,520,384,904,238,42,180,343.83,0.9385,0.5911,0.231313,55,25,14,40.52,0.5886,0.1505,0.015393,4.302
204467,520,402,922,235,49,164,348.50,0.9059,0.5825,0.225420,26,27,42,280.88,0.2921,0.1256,0.011706,4.463
204470,520,470,990,219,39,110,4.04,0.8928,0.5232,0.176395,10,6,5,37.83,0.1851,0.0447,0.002057,4.349
204484,520,460,980,182,69,201,321.61,0.7953,0.5316,0.184196,14,9,16,316.23,0.2612,0.0591,0.003262,4.397
204494,520,343,863,213,128,47,59.71,0.8163,0.6256,0.297916,24,53,7,136.44,0.9513,0.1933,0.027557,4.486
204497,520,409,929,251,37,37,27.82,0.9847,0.5735,0.219696,36,16,66,297.37,0.7362,0.1319,0.011390,4.393
204502,520,467,987,176,58,216,315.94,0.8619,0.5208,0.172151,2,5,26,267.72,0.8292,0.0447,0.001960,4.275
204513,520,403,923,216,41,233,323.94,0.9594,0.5840,0.220700,22,11,86,277.55,0.9345,0.1315,0.010818,4.451
204521,520,373,893,188,88,245,310.88,0.9164,0.5958,0.242643,23,27,89,273.36,0.8279,0.1620,0.016872,4.376
204522,520,281,801,243,99,251,325.58,0.9825,0.6929,0.349458,15,47,137,264.41,0.9199,0.2526,0.039405,4.468
204555,520,376,896,230,51,214,332.27,0.9381,0.6017,0.240482,77,1,5,26.08,0.9913,0.1624,0.016107,4.394
204561,520,312,832,250,61,240,330.47,0.9810,0.6591,0.299557,51,39,94,290.04,0.6050,0.2177,0.029630,4.390
204575,520,434,954,136,105,228,291.83,0.7641,0.5480,0.209387,22,21,36,286.52,0.3261,0.1033,0.008343,4.446
204578,520,416,936,228,64,120,4.70,0.8339,0.5654,0.215196,14,19,74,271.48,0.8760,0.1243,0.010535,4.381
204581,520,378,898,253,18,171,349.22,0.9872,0.6049,0.242590,40,37,15,101.61,0.5158,0.1584,0.018088,4.297
204597,520,404,924,252,39,34,28.46,0.9885,0.5765,0.222657,37,28,15,76.00,0.3859,0.1302,0.012583,4.357
204599,520,441,961,182,73,209,319.07,0.8026,0.5420,0.193147,11,21,16,162.23,0.3222,0.0852,0.006449,4.307
204606,520,477,997,211,1,158,343.65,0.9972,0.5128,0.163415,6,1,0,47.34,1.0000,0.0238,0.000604,4.217
204644,520,390,910,182,93,244,308.60,0.8977,0.5941,0.243062,8,31,73,261.14,0.8341,0.1471,0.015126,4.500
204669,520,373,893,223,31,250,321.96,0.9836,0.6029,0.235722,5,39,64,245.32,0.8066,0.1604,0.018534,4.169
204685,520,465,985,224,42,64,21.38,0.9338,0.5241,0.178762,22,0,20,331.64,1.0000,0.0514,0.002211,4.381
204686,520,347,867,242,79,177,347.49,0.8849,0.6287,0.276464,62,36,37,17.27,0.3396,0.1921,0.024196,4.400
204693,520,302,822,220,112,235,322.61,0.8719,0.6683,0.328038,45,59,29,129.36,0.5254,0.2320,0.037745,4.308
204705,520,451,971,195,17,232,318.90,0.9837,0.5374,0.178307,15,3,45,288.71,0.8917,0.0680,0.003561,4.263
204719,520,413,933,239,66,21,34.25,0.9762,0.5716,0.223045,6,34,1,139.72,0.9908,0.1191,0.011849,4.415
204725,520,422,942,205,37,229,322.04,0.9552,0.5604,0.199611,3,6,82,266.25,0.9868,0.1079,0.007587,4.334
204749,520,477,997,166,35,240,308.17,0.9559,0.5068,0.156011,1,0,12,278.75,1.0000,0.0192,0.000330,4.093
204764,520,283,803,167,150,252,289.96,0.9032,0.6857,0.370563,37,69,3,133.27,0.9844,0.2546,0.046560,4.355
204765,520,459,979,228,48,16,31.94,0.9811,0.5322,0.186482,7,11,17,256.69,0.2603,0.0576,0.003250,4.441
204774,520,476,996,202,59,126,356.04,0.7728,0.5138,0.171929,4,1,3,337.70,0.4942,0.0226,0.000541,4.391
204784,520,409,929,203,53,231,320.65,0.9261,0.5697,0.210138,62,6,12,20.99,0.8859,0.1349,0.011811,4.209
204807,520,396,916,246,61,56,27.25,0.9571,0.5833,0.232193,25,35,8,126.75,0.7221,0.1358,0.014263,4.391
204809,520,404,924,215,39,238,322.53,0.9656,0.5848,0.220731,4,30,56,251.21,0.8020,0.1284,0.012398,4.339
204812,520,379,899,248,53,149,356.54,0.9383,0.6035,0.246759,35,37,41,264.43,0.0764,0.1608,0.018405,4.338
204831,520,358,878,252,73,117,10.83,0.9654,0.6187,0.267483,11,47,57,219.98,0.7083,0.1825,0.023995,4.291
204840,520,406,926,213,76,183,337.50,0.7901,0.5791,0.227359,21,23,68,275.98,0.7192,0.1313,0.011895,4.481
204860,520,308,828,255,109,107,23.49,1.0000,0.6678,0.332621,23,59,71,222.77,0.5794,0.2325,0.037649,4.365
204867,520,408,928,247,42,82,17.79,0.9551,0.5744,0.220428,16,22,76,271.53,0.8467,0.1336,0.012057,4.358
204888,520,434,954,213,57,170,341.37,0.8325,0.5519,0.199768,32,18,28,337.71,0.3301,0.1041,0.008236,4.289
204893,520,442,962,212,46,159,344.52,0.8562,0.5350,0.184565,3,24,0,139.51,1.0000,0.0848,0.006726,4.135
204894,520,381,901,197,85,244,314.27,0.9211,0.6037,0.249002,53,29,42,346.71,0.3745,0.1646,0.018029,4.395
204896,520,463,983,198,21,220,322.55,0.9729,0.5344,0.177110,7,5,22,286.75,0.5948,0.0469,0.002116,4.358
204930,520,465,985,207,34,166,340.46,0.8950,0.5212,0.171647,20,1,18,331.83,0.8012,0.0497,0.002141,4.251
204935,520,478,998,193,31,197,327.09,0.9238,0.5135,0.163503,0,0,17,264.05,1.0000,0.0212,0.000405,4.236
204939,520,373,893,249,43,146,357.09,0.9504,0.5975,0.239462,37,40,11,114.53,0.6618,0.1630,0.019351,4.174
204964,520,76,596,228,228,236,286.19,0.1895,0.9082,0.780369,7,120,37,145.89,0.9950,0.4202,0.136111,4.462
204970,520,443,963,215,71,90,16.78,0.7915,0.5406,0.196941,32,3,34,325.39,0.7881,0.0812,0.004877,4.500
204988,520,391,911,229,13,219,330.76,0.9912,0.5856,0.220628,24,32,61,270.36,0.5036,0.1491,0.015641,4.123
205023,520,408,928,231,59,143,355.72,0.8575,0.5743,0.221028,33,28,39,305.44,0.2181,0.1339,0.013003,4.302
205036,520,257,777,225,155,113,51.58,0.6049,0.7079,0.406443,8,75,29,148.28,0.9809,0.2659,0.051723,4.487
205041,520,346,866,194,108,239,312.59,0.8503,0.6294,0.284274,27,49,26,143.21,0.5898,0.1852,0.025042,4.455
205048,520,427,947,224,35,186,338.56,0.9372,0.5644,0.205970,36,6,50,312.58,0.7935,0.1039,0.007356,4.463
205064,520,445,965,198,47,209,325.01,0.8992,0.5411,0.186439,20,7,48,291.61,0.7927,0.0829,0.005141,4.288
205070,520,468,988,217,59,39,30.77,0.9220,0.5220,0.180287,10,0,21,307.18,1.0000,0.0366,0.001187,4.499
205092,520,330,850,214,123,155,358.17,0.5657,0.6408,0.308304,1,61,15,146.20,0.9973,0.2130,0.033783,4.277
205093,520,356,876,214,77,239,321.07,0.9208,0.6156,0.258376,39,40,50,280.64,0.1589,0.1774,0.021792,4.295
205099,520,435,955,196,64,210,323.76,0.8502,0.5540,0.200572,22,21,0,107.49,1.0000,0.0909,0.007069,4.391
205104,520,416,936,213,46,216,327.35,0.9294,0.5704,0.210600,23,5,85,279.61,0.9652,0.1240,0.009465,4.382
205112,520,394,914,225,33,232,326.55,0.9745,0.5942,0.229237,25,36,31,165.36,0.2280,0.1446,0.015673,4.252
205115,520,362,882,240,71,150,356.18,0.8667,0.6053,0.252367,15,49,21,147.13,0.8820,0.1771,0.023522,4.113
205128,520,447,967,187,66,202,323.12,0.8134,0.5365,0.187268,13,1,64,277.90,0.9892,0.0835,0.004774,4.332
205134,520,420,940,210,63,182,336.61,0.8228,0.5590,0.206360,6,28,37,227.75,0.6458,0.1113,0.010028,4.271
205138,520,379,899,230,62,187,340.32,0.8816,0.5954,0.238587,66,19,32,6.54,0.6481,0.1649,0.017285,4.289
205142,520,478,998,217,38,84,13.48,0.9119,0.5110,0.167806,0,0,20,264.05,1.0000,0.0236,0.000505,4.313
205161,520,472,992,151,64,247,300.10,0.9475,0.5181,0.169618,5,2,14,296.66,0.6595,0.0326,0.001074,4.300
205165,520,372,892,236,80,145,358.45,0.8254,0.6064,0.256173,29,32,85,275.84,0.7010,0.1732,0.019500,4.405
205182,520,440,960,181,51,247,310.60,0.9572,0.5468,0.189078,23,15,34,302.25,0.4457,0.0898,0.006393,4.239
205188,520,438,958,223,59,117,4.30,0.8342,0.5499,0.201029,22,21,14,100.76,0.2080,0.0941,0.007386,4.374
205189,520,315,835,245,94,198,341.91,0.9129,0.6613,0.314979,51,54,31,114.62,0.3870,0.2233,0.034411,4.324
205199,520,384,904,214,56,229,324.14,0.9283,0.5885,0.227835,63,6,44,345.36,0.7986,0.1486,0.013690,4.362
205210,520,450,970,203,6,227,322.32,0.9944,0.5444,0.183745,12,9,36,283.74,0.6596,0.0689,0.004009,4.328
205219,520,380,900,208,60,254,316.51,0.9943,0.6006,0.237989,31,40,31,144.96,0.2270,0.1618,0.019078,4.169
205220,520,476,996,211,58,54,26.66,0.8853,0.5109,0.171437,7,0,2,357.01,1.0000,0.0225,0.000496,4.385
205235,520,382,902,233,11,226,330.00,0.9941,0.5970,0.230566,26,13,106,275.93,0.9555,0.1624,0.015480,4.285
205246,520,426,946,241,34,72,19.43,0.9647,0.5555,0.203160,32,12,58,299.09,0.7495,0.1135,0.008755,4.309
205249,520,376,896,243,43,178,345.60,0.9435,0.6000,0.239999,65,13,53,338.65,0.7336,0.1649,0.016689,4.349
205260,520,383,903,254,44,135,1.70,0.9904,0.6038,0.246251,42,33,26,59.68,0.2100,0.1526,0.016546,4.452
205289,520,466,986,179,76,175,329.10,0.7020,0.5198,0.178489,7,2,35,282.59,0.9110,0.0496,0.002099,4.386
205293,520,435,955,199,37,227,320.87,0.9496,0.5490,0.190129,6,8,66,269.51,0.9588,0.0923,0.006057,4.284
205296,520,353,873,255,19,189,344.51,1.0000,0.6176,0.254034,39,24,96,285.22,0.8025,0.1780,0.019291,4.388
205311,520,471,991,230,3,74,16.11,0.9967,0.5220,0.173856,10,4,12,319.12,0.4332,0.0423,0.001779,4.323
205316,520,400,920,242,16,169,347.50,0.9838,0.5821,0.221155,13,30,64,262.47,0.6934,0.1390,0.013842,4.247
205336,520,327,847,247,46,249,327.75,0.9822,0.6498,0.285705,73,26,70,330.13,0.6435,0.2073,0.025976,4.419
205346,520,417,937,218,56,180,339.30,0.8600,0.5652,0.210313,35,24,32,336.45,0.2386,0.1233,0.011149,4.257
205369,520,363,883,214,95,196,333.68,0.7558,0.6127,0.264679,22,46,34,160.77,0.5040,0.1745,0.022400,4.346
205378,520,391,911,185,91,230,313.20,0.8284,0.5853,0.235106,47,7,83,301.36,0.8953,0.1526,0.013809,4.468
205391,520,459,979,183,76,186,326.56,0.7340,0.5325,0.187826,5,15,6,147.18,0.5852,0.0620,0.003871,4.415
205414,520,378,898,243,42,180,344.96,0.9464,0.6003,0.240090,51,29,30,16.77,0.3333,0.1568,0.016764,4.345
205416,520,374,894,134,125,245,283.90,0.8475,0.5983,0.263277,29,43,10,129.11,0.7780,0.1645,0.020108,4.468
205422,520,480,1000,165,42,238,307.99,0.9398,0.5083,0.158290,0,0,0,0.00,0.0000,0.0000,0.000000,4.166
205444,520,436,956,188,67,224,317.35,0.8662,0.5546,0.200887,44,1,24,352.47,0.8886,0.0941,0.006232,4.462
205465,520,458,978,181,18,247,311.62,0.9862,0.5280,0.169728,6,8,31,274.30,0.6785,0.0585,0.003113,4.137
205479,520,450,970,235,12,82,14.52,0.9877,0.5363,0.185375,12,6,47,281.30,0.8540,0.0727,0.004136,4.348
205480,520,430,950,225,57,105,9.14,0.8543,0.5482,0.199564,19,26,5,124.65,0.7051,0.1030,0.008882,4.238
205487,520,238,758,240,135,237,328.17,0.9175,0.7335,0.419696,28,74,68,183.76,0.6260,0.2805,0.055616,4.447
205515,520,374,894,161,121,219,301.32,0.6597,0.6000,0.263665,22,44,8,135.45,0.9016,0.1622,0.019894,4.488
205520,520,464,984,206,70,94,13.73,0.7568,0.5237,0.183124,5,0,42,276.18,1.0000,0.0500,0.001994,4.484
205537,520,444,964,230,35,102,8.51,0.9328,0.5404,0.189873,14,19,5,124.48,0.5649,0.0791,0.005701,4.306
205547,520,447,967,214,23,192,334.22,0.9594,0.5441,0.187169,17,17,10,107.74,0.2368,0.0779,0.005420,4.279
205550,520,453,973,222,52,71,20.54,0.8986,0.5296,0.184432,8,19,4,136.39,0.7490,0.0744,0.005261,4.242
205555,520,415,935,218,42,212,329.76,0.9387,0.5736,0.213170,46,6,54,320.33,0.8019,0.1232,0.009775,4.403
205561,520,465,985,193,88,43,41.99,0.7991,0.5181,0.184931,1,13,10,178.97,0.8385,0.0547,0.003162,4.419
205569,520,452,972,228,43,52,25.01,0.9468,0.5313,0.184726,1,4,56,265.55,0.9821,0.0703,0.003788,4.364
205573,520,422,942,238,29,122,2.41,0.9544,0.5596,0.204642,52,0,30,351.06,1.0000,0.1116,0.008239,4.372
205574,520,335,855,238,46,255,324.30,1.0000,0.6389,0.273536,26,53,22,141.19,0.7653,0.1967,0.028237,4.135
205577,520,424,944,251,7,32,26.81,0.9972,0.5623,0.207692,0,7,86,264.20,0.9887,0.1130,0.008238,4.425
205602,520,430,950,139,92,255,291.39,1.0000,0.5500,0.203632,16,20,49,274.36,0.5929,0.1045,0.008322,4.349
205604,520,379,899,245,59,141,359.25,0.9122,0.5998,0.244667,43,37,13,95.51,0.5774,0.1617,0.018658,4.292
205606,520,390,910,249,60,44,29.57,0.9736,0.5870,0.235568,66,9,19,16.51,0.8244,0.1484,0.014008,4.461
205611,520,472,992,182,57,202,321.78,0.8373,0.5188,0.171368,9,0,11,323.52,1.0000,0.0297,0.000822,4.356
205618,520,471,991,218,58,36,31.15,0.9311,0.5226,0.180615,16,1,11,339.54,0.7615,0.0411,0.001560,4.473
205628,520,377,897,223,50,229,326.62,0.9476,0.5988,0.236285,10,46,20,149.26,0.9147,0.1647,0.020689,4.050
205631,520,390,910,202,55,252,315.46,0.9835,0.5857,0.223186,55,26,1,58.08,0.9269,0.1506,0.015533,4.169
205636,520,433,953,227,51,103,9.37,0.8800,0.5461,0.196806,2,24,41,243.67,0.8181,0.1002,0.008262,4.236
205649,520,478,998,206,61,61,24.99,0.8514,0.5055,0.167984,0,2,2,194.77,1.0000,0.0198,0.000478,4.318
205679,520,424,944,224,52,143,353.60,0.8582,0.5550,0.202890,44,5,45,326.99,0.7871,0.1118,0.008335,4.335
205688,520,430,950,192,48,236,316.45,0.9351,0.5521,0.193778,42,6,36,335.29,0.7357,0.1039,0.007499,4.240
205701,520,429,949,213,77,92,17.35,0.7595,0.5453,0.202289,35,12,26,344.60,0.5138,0.0961,0.006949,4.430
205703,520,313,833,217,119,211,329.43,0.7338,0.6623,0.326501,1,63,2,142.76,0.9983,0.2188,0.035657,4.395
205708,520,467,987,200,49,165,339.24,0.8264,0.5187,0.171945,14,1,4,1.84,0.7382,0.0357,0.001239,4.332
205726,520,402,922,235,67,112,9.45,0.8541,0.5792,0.228493,17,36,5,135.15,0.9130,0.1323,0.013918,4.357
205732,520,478,998,184,73,146,343.24,0.6762,0.5082,0.170322,0,2,1,165.38,1.0000,0.0192,0.000456,4.367
205734,520,359,879,252,43,187,344.88,0.9784,0.6210,0.260144,66,15,70,324.80,0.7558,0.1803,0.019422,4.467
205737,520,249,769,215,149,233,318.87,0.7550,0.7249,0.418262,18,76,51,160.50,0.8826,0.2771,0.055363,4.444
205738,520,7,527,254,250,247,59.65,0.6609,0.9852,0.961576,52,131,77,151.17,0.8350,0.4745,0.174979,4.496
205755,520,438,958,198,1,246,316.72,0.9994,0.5503,0.186828,25,15,33,308.76,0.4342,0.0916,0.006581,4.186
205760,520,430,950,191,49,228,318.02,0.9203,0.5451,0.188758,1,26,34,221.53,0.9109,0.1011,0.008607,4.074
205765,520,361,881,191,95,255,309.05,1.0000,0.6168,0.264817,6,51,20,149.18,0.9655,0.1804,0.024568,4.222
205772,520,355,875,239,46,222,332.37,0.9622,0.6189,0.255814,64,30,37,7.92,0.4532,0.1825,0.021523,4.276
205775,520,445,965,161,91,214,308.04,0.7398,0.5422,0.199148,24,16,9,62.47,0.3227,0.0829,0.005845,4.461
205794,520,455,975,195,22,214,323.21,0.9659,0.5251,0.170325,6,7,37,274.58,0.8020,0.0610,0.003242,4.138
205803,520,361,881,222,99,170,347.01,0.7194,0.6186,0.273577,24,49,1,133.56,0.9905,0.1792,0.023929,4.377
205811,520,418,938,193,88,167,337.91,0.6591,0.5550,0.211084,13,34,1,135.33,0.9847,0.1227,0.012318,4.190
205817,520,422,942,232,69,30,34.13,0.9539,0.5617,0.215087,10,28,31,209.49,0.4671,0.1105,0.009939,4.423
205822,520,477,997,224,14,29,26.93,0.9904,0.5055,0.162530,3,1,9,297.22,0.7058,0.0244,0.000608,4.200
205824,520,476,996,187,88,9,49.87,0.9513,0.5054,0.175656,2,2,3,285.17,0.1539,0.0234,0.000629,4.457
205825,520,412,932,254,1,26,27.41,0.9996,0.5671,0.211710,24,15,72,282.03,0.8283,0.1229,0.010037,4.359
205826,520,370,890,209,109,150,355.44,0.5906,0.6066,0.266964,31,43,39,172.51,0.2047,0.1736,0.021655,4.423
205829,520,344,864,244,62,205,338.31,0.9358,0.6294,0.270890,52,42,27,77.33,0.3269,0.1897,0.024652,4.298
205830,520,473,993,192,0,217,321.81,1.0000,0.5164,0.162177,7,4,1,78.54,0.5590,0.0350,0.001342,4.133
205835,520,369,889,244,66,166,350.83,0.9052,0.6141,0.258858,47,36,43,340.10,0.1812,0.1730,0.020405,4.387
205861,520,338,858,252,58,206,339.80,0.9808,0.6407,0.281810,77,27,39,8.00,0.6026,0.2010,0.025084,4.419
205876,520,470,990,223,38,45,25.87,0.9549,0.5165,0.172665,13,3,12,330.36,0.5502,0.0429,0.001772,4.301
205899,520,357,877,237,39,235,328.71,0.9758,0.6198,0.254563,63,31,30,22.59,0.4474,0.1805,0.021306,4.271
205902,520,471,991,216,46,84,14.38,0.8848,0.5151,0.171955,4,2,21,283.85,0.8016,0.0357,0.001234,4.332
205909,520,465,985,206,69,83,18.42,0.7773,0.5197,0.180047,15,6,2,56.02,0.5466,0.0489,0.002362,4.393
205910,520,381,901,217,91,164,347.25,0.7176,0.5963,0.249163,14,35,71,260.42,0.7057,0.1584,0.017503,4.432
205916,520,427,947,200,42,230,320.32,0.9439,0.5560,0.196500,0,18,58,260.32,1.0000,0.0979,0.007380,4.296
205918,520,466,986,226,36,12,30.72,0.9870,0.5190,0.174600,5,10,5,144.61,0.3702,0.0495,0.002603,4.270
205925,520,362,882,235,49,218,332.44,0.9511,0.6114,0.249234,14,4,133,267.91,0.9964,0.1848,0.018735,4.353
205927,520,469,989,206,50,142,349.50,0.8180,0.5191,0.173581,11,0,18,314.34,1.0000,0.0358,0.001148,4.371
205938,520,429,949,190,35,252,312.74,0.9853,0.5537,0.191787,3,18,63,263.90,0.9270,0.1047,0.008108,4.161
205949,520,317,837,251,47,253,327.75,0.9941,0.6597,0.296370,57,44,78,300.67,0.4163,0.2240,0.032213,4.213
205950,520,247,767,233,145,200,342.42,0.7144,0.7250,0.417464,5,81,8,143.03,0.9943,0.2838,0.059344,4.275
205951,520,363,883,236,4,240,327.44,0.9985,0.6106,0.242136,74,6,36,0.68,0.8379,0.1680,0.017137,4.351
205974,520,450,970,182,48,244,311.68,0.9461,0.5433,0.185917,0,15,39,254.82,0.9999,0.0745,0.004881,4.299
205986,520,450,970,233,40,48,25.74,0.9590,0.5390,0.190577,18,14,11,58.96,0.1497,0.0721,0.004668,4.401
206007,520,319,839,212,139,73,60.77,0.6990,0.6498,0.329450,22,56,70,227.84,0.5773,0.2222,0.034410,4.495
206008,520,391,911,247,38,147,356.11,0.9496,0.5911,0.232703,40,30,49,307.99,0.3335,0.1525,0.016014,4.282
206030,520,387,907,230,76,135,0.76,0.8014,0.5874,0.237438,17,24,88,270.68,0.8867,0.1510,0.014769,4.438
206043,520,411,931,231,49,156,350.31,0.8916,0.5714,0.215886,17,28,33,227.89,0.2731,0.1159,0.010595,4.388
206046,520,431,951,213,60,164,343.64,0.8162,0.5517,0.200604,44,6,24,355.27,0.7278,0.1016,0.007318,4.372
206061,520,464,984,181,31,227,315.82,0.9537,0.5163,0.163510,26,0,1,24.21,1.0000,0.0504,0.002218,4.089
206062,520,221,741,248,131,253,325.77,0.9898,0.7462,0.432831,0,84,44,154.31,1.0000,0.2984,0.065222,4.190
206069,520,374,894,220,62,216,329.09,0.9047,0.5950,0.236209,42,8,93,292.26,0.9198,0.1578,0.014562,4.433
206070,520,355,875,249,74,120,9.50,0.9343,0.6150,0.263967,55,31,61,319.41,0.4745,0.1819,0.021292,4.404
206073,520,389,909,251,34,124,4.21,0.9684,0.5887,0.231121,60,17,34,358.83,0.6352,0.1512,0.014772,4.340
206075,520,409,929,183,82,228,313.73,0.8386,0.5685,0.217043,56,0,51,332.61,1.0000,0.1321,0.010799,4.392
206076,520,425,945,217,7,217,328.35,0.9936,0.5617,0.199156,32,23,14,66.18,0.3222,0.1109,0.009516,4.186
206077,520,407,927,231,77,76,24.71,0.8609,0.5750,0.228213,41,21,45,320.76,0.4840,0.1318,0.011973,4.489
206092,520,465,985,205,24,183,334.49,0.9417,0.5224,0.170533,3,7,30,268.02,0.7867,0.0531,0.002650,4.189
206093,520,380,900,235,82,111,12.80,0.8278,0.5964,0.248473,64,23,16,31.59,0.6690,0.1634,0.017404,4.428
206120,520,452,972,230,20,85,13.32,0.9730,0.5289,0.179822,12,18,4,126.81,0.6243,0.0746,0.005195,4.164
206129,520,63,583,239,232,200,96.95,0.5165,0.9164,0.802345,18,121,38,145.37,0.9860,0.4252,0.139427,4.500
206152,520,376,896,245,7,187,342.84,0.9948,0.5950,0.231555,5,21,102,265.60,0.9637,0.1567,0.015278,4.313
206158,520,476,996,196,60,133,351.50,0.7556,0.5067,0.166628,1,0,11,279.92,1.0000,0.0185,0.000306,4.306
206161,520,426,946,220,1,210,330.87,0.9990,0.5611,0.198928,17,6,73,277.70,0.9501,0.1052,0.007304,4.344
206178,520,459,979,193,35,222,320.44,0.9447,0.5341,0.178149,13,9,17,307.18,0.2787,0.0585,0.003214,4.287
206187,520,449,969,218,69,64,26.34,0.8570,0.5386,0.195343,16,14,24,293.26,0.2771,0.0750,0.004902,4.469
206194,520,420,940,221,67,121,3.48,0.8000,0.5559,0.207694,34,8,61,300.95,0.8186,0.1135,0.008507,4.405
206215,520,396,916,232,10,200,336.37,0.9912,0.5785,0.215457,2,40,5,144.30,0.9898,0.1382,0.015414,4.058
206218,520,330,850,222,110,181,343.36,0.7039,0.6405,0.300197,30,56,9,134.25,0.9271,0.2074,0.031240,4.311
206223,520,337,857,248,10,248,328.35,0.9976,0.6380,0.269538,68,32,47,354.89,0.4626,0.1971,0.024674,4.279
206224,520,469,989,231,28,3,30.49,0.9970,0.5248,0.178291,5,1,29,282.89,0.9375,0.0401,0.001427,4.439
206226,520,376,896,253,10,163,351.49,0.9930,0.5995,0.237476,66,2,62,331.29,0.9055,0.1618,0.015496,4.389
206231,520,385,905,205,87,201,328.92,0.7727,0.5904,0.240142,22,41,18,140.17,0.6481,0.1541,0.018001,4.267
206244,520,465,985,210,3,179,336.90,0.9934,0.5232,0.170236,4,11,13,214.07,0.3555,0.0535,0.002942,4.160
206271,520,418,938,223,26,197,335.09,0.9637,0.5648,0.204604,41,18,29,351.00,0.4391,0.1177,0.009928,4.249
206283,520,402,922,248,36,116,6.51,0.9559,0.5813,0.224826,29,22,59,288.59,0.6009,0.1287,0.011508,4.468
206286,520,468,988,168,67,218,312.12,0.8352,0.5205,0.174019,9,1,18,307.70,0.8129,0.0364,0.001235,4.372
206295,520,477,997,208,61,28,33.77,0.9354,0.5055,0.168335,2,1,11,285.24,0.7741,0.0240,0.000588,4.316
206311,520,393,913,253,27,139,359.34,0.9835,0.5947,0.235342,4,33,59,249.28,0.8118,0.1391,0.014292,4.438
206315,520,247,767,247,149,37,62.53,0.9508,0.7165,0.414053,23,73,86,218.36,0.6887,0.2838,0.056189,4.370
206319,520,419,939,245,20,81,16.25,0.9835,0.5594,0.205103,5,29,33,209.96,0.6898,0.1117,0.010208,4.237
206329,520,433,953,232,36,111,5.69,0.9301,0.5477,0.195682,39,5,35,333.00,0.7474,0.0966,0.006613,4.340
206345,520,296,816,229,113,227,328.03,0.8566,0.6780,0.340163,39,59,61,203.83,0.2638,0.2374,0.038961,4.386
206357,520,464,984,108,100,239,280.74,0.8690,0.5207,0.185340,4,11,13,214.07,0.3555,0.0535,0.002942,4.445
206360,520,452,972,226,51,15,32.59,0.9812,0.5306,0.185738,30,0,28,331.03,1.0000,0.0687,0.003599,4.398
206363,520,429,949,220,33,175,340.89,0.9279,0.5499,0.194009,29,1,66,294.47,0.9764,0.1025,0.006763,4.299
206378,520,362,882,201,100,217,322.00,0.7719,0.6127,0.265430,11,41,85,258.46,0.8090,0.1849,0.023128,4.313
206385,520,376,896,189,92,237,312.77,0.8645,0.5971,0.245885,40,35,49,300.97,0.2329,0.1648,0.018749,4.304
206386,520,378,898,237,19,210,334.92,0.9864,0.5959,0.231262,70,0,47,346.47,1.0000,0.1586,0.015075,4.322
206392,520,390,910,185,86,245,310.04,0.9170,0.5891,0.235633,57,22,6,43.70,0.7644,0.1469,0.014570,4.424
206401,520,422,942,198,67,210,324.30,0.8445,0.5604,0.206748,23,26,5,116.27,0.6812,0.1067,0.009319,4.328
206409,520,424,944,200,61,216,323.40,0.8772,0.5614,0.205763,37,22,10,58.61,0.4852,0.1145,0.009891,4.270
206411,520,301,821,255,108,126,15.39,1.0000,0.6708,0.334948,43,58,20,127.55,0.6909,0.2255,0.035902,4.481
206419,520,454,974,211,73,21,38.07,0.9481,0.5259,0.186704,10,14,17,240.59,0.1563,0.0668,0.004191,4.368
206432,520,450,970,217,7,183,337.50,0.9880,0.5397,0.183249,14,13,17,296.89,0.1260,0.0679,0.004217,4.302
206434,520,358,878,241,69,177,346.59,0.8911,0.6165,0.261342,32,24,102,278.60,0.8631,0.1778,0.019196,4.499
206445,520,344,864,247,57,199,340.64,0.9492,0.6275,0.268270,57,42,8,83.97,0.7734,0.1932,0.025434,4.219
206451,520,394,914,224,25,230,326.84,0.9819,0.5878,0.222580,35,33,10,104.30,0.5954,0.1404,0.014670,4.215
206463,520,460,980,227,15,110,4.02,0.9738,0.5280,0.178012,8,0,52,276.98,1.0000,0.0636,0.002995,4.302
206484,520,370,890,231,93,115,13.45,0.7767,0.6054,0.260581,34,43,35,148.12,0.1989,0.1748,0.021892,4.320
206508,520,465,985,106,93,252,280.37,0.9745,0.5175,0.179206,9,3,26,293.05,0.7559,0.0466,0.001978,4.410
206530,520,412,932,240,60,52,27.94,0.9363,0.5700,0.220081,18,33,3,131.53,0.9219,0.1231,0.012229,4.340
206540,520,464,984,203,6,197,329.96,0.9891,0.5225,0.168599,4,5,32,273.43,0.8360,0.0511,0.002386,4.173
206542,520,426,946,247,9,72,18.52,0.9942,0.5591,0.204410,50,6,18,9.15,0.7785,0.1112,0.008521,4.347
206546,520,420,940,209,21,224,324.51,0.9788,0.5562,0.194753,1,8,85,264.81,0.9857,0.1135,0.008359,4.194
206555,520,413,933,219,44,197,334.17,0.9180,0.5673,0.208949,36,13,61,301.66,0.7481,0.1229,0.009999,4.316
206556,520,387,907,250,8,149,355.15,0.9933,0.5873,0.226711,52,29,12,55.48,0.5886,0.1540,0.016354,4.170
206557,520,424,944,218,7,218,328.35,0.9938,0.5642,0.201215,17,7,74,277.21,0.9451,0.1078,0.007655,4.357
206574,520,408,928,254,17,42,25.75,0.9960,0.5718,0.216427,19,1,93,275.12,0.9960,0.1264,0.009504,4.477
206597,520,351,871,251,61,188,344.95,0.9679,0.6322,0.274808,58,28,74,312.35,0.6132,0.1893,0.022245,4.496
206603,520,473,993,232,8,26,27.27,0.9955,0.5211,0.174072,2,3,17,272.58,0.7242,0.0337,0.001185,4.378
206606,520,363,883,215,88,210,329.21,0.8192,0.6123,0.260815,23,45,36,166.00,0.4391,0.1726,0.021862,4.325
206610,520,469,989,226,33,30,28.26,0.9709,0.5182,0.173531,8,6,6,17.77,0.0900,0.0431,0.001950,4.303
206615,520,469,989,219,10,129,355.54,0.9765,0.5172,0.168647,11,5,8,345.13,0.2827,0.0442,0.001972,4.207
206630,520,419,939,229,46,143,354.27,0.8906,0.5598,0.205979,39,16,25,356.32,0.4520,0.1091,0.008722,4.359
206637,520,429,949,203,30,225,322.58,0.9629,0.5504,0.190630,20,17,49,283.71,0.6148,0.1014,0.007714,4.169
206653,520,475,995,227,2,73,16.05,0.9976,0.5151,0.168583,6,2,3,359.80,0.3648,0.0287,0.000887,4.295
206659,520,405,925,250,41,77,19.37,0.9715,0.5789,0.224493,26,21,70,281.90,0.7278,0.1334,0.011981,4.429
206667,520,411,931,239,62,34,31.78,0.9568,0.5682,0.219147,22,24,56,277.67,0.5680,0.1240,0.011093,4.405
206674,520,452,972,185,84,153,341.27,0.6317,0.5294,0.189562,11,15,17,229.46,0.1320,0.0700,0.004533,4.393
206685,520,457,977,134,84,253,291.05,0.9795,0.5303,0.185007,24,7,8,17.01,0.4869,0.0644,0.003637,4.381
206687,520,428,948,227,13,186,339.09,0.9836,0.5616,0.201665,14,22,40,265.01,0.4525,0.1015,0.008204,4.324
206701,520,425,945,175,68,248,307.52,0.9508,0.5555,0.200263,23,6,75,282.62,0.9355,0.1130,0.008204,4.300
206706,520,473,993,189,54,188,328.30,0.8263,0.5179,0.170895,13,0,11,332.77,1.0000,0.0345,0.001097,4.323
206715,520,441,961,225,60,67,23.50,0.8916,0.5425,0.196473,28,11,31,321.44,0.5300,0.0868,0.005852,4.413
206729,520,438,958,201,77,153,345.88,0.7110,0.5455,0.200270,15,20,33,267.67,0.3408,0.0930,0.007117,4.382
206740,520,301,821,241,86,238,328.61,0.9442,0.6667,0.315319,42,53,78,265.69,0.3481,0.2315,0.035884,4.254
206761,520,468,988,228,29,50,23.95,0.9705,0.5223,0.176060,0,9,11,206.81,1.0000,0.0445,0.002195,4.331
206797,520,345,865,208,112,193,333.23,0.6604,0.6289,0.288500,61,40,9,72.97,0.7445,0.1940,0.025295,4.496
206817,520,341,861,254,5,222,335.66,0.9983,0.6312,0.264566,21,26,121,270.03,0.9459,0.1961,0.022785,4.322
206832,520,349,869,246,75,181,346.77,0.9200,0.6331,0.279642,19,51,17,142.48,0.8936,0.1851,0.025465,4.368
206851,520,437,957,213,29,193,333.70,0.9447,0.5455,0.188773,19,1,64,284.35,0.9833,0.0889,0.005303,4.318
206852,520,471,991,193,13,221,321.00,0.9842,0.5242,0.168473,17,0,5,358.10,1.0000,0.0374,0.001301,4.259
206858,520,421,941,200,51,222,322.09,0.9132,0.5567,0.199225,51,7,12,18.94,0.8025,0.1130,0.008824,4.237
206880,520,474,994,154,65,240,302.40,0.9111,0.5169,0.169423,0,4,13,250.09,1.0000,0.0321,0.001159,4.289
206892,520,319,839,217,103,229,323.74,0.8525,0.6471,0.301110,14,47,105,260.80,0.8541,0.2196,0.031461,4.310
206900,520,371,891,230,104,3,48.10,0.9942,0.6063,0.267328,19,46,1,135.51,0.9913,0.1660,0.020946,4.473
206903,520,356,876,246,64,174,348.44,0.9246,0.6193,0.263187,76,8,58,341.67,0.8065,0.1847,0.020159,4.464
206911,520,467,987,161,69,223,308.23,0.8400,0.5170,0.171617,6,1,26,288.45,0.9074,0.0387,0.001350,4.316
206915,520,468,988,202,33,176,335.87,0.9007,0.5171,0.167808,0,9,11,206.81,1.0000,0.0445,0.002195,4.173
206932,520,383,903,183,92,254,306.88,0.9880,0.6014,0.248781,27,39,15,130.83,0.5975,0.1510,0.017185,4.447
206975,520,480,1000,217,21,106,3.91,0.9494,0.5081,0.163312,0,0,0,0.00,0.0000,0.0000,0.000000,4.266
206997,520,441,961,225,2,151,349.24,0.9961,0.5371,0.182880,17,13,44,284.77,0.6477,0.0868,0.005889,4.167
207010,520,422,942,224,10,187,338.07,0.9866,0.5559,0.196547,50,8,2,33.90,0.9198,0.1104,0.008563,4.210
207022,520,459,979,205,34,184,334.23,0.9109,0.5280,0.175858,4,10,28,264.71,0.6385,0.0589,0.003267,4.240
207035,520,418,938,236,64,10,34.93,0.9889,0.5631,0.215247,49,16,22,11.15,0.5709,0.1250,0.010816,4.361
207037,520,478,998,213,48,75,17.70,0.8832,0.5087,0.167705,1,0,16,275.06,1.0000,0.0220,0.000439,4.316
207044,520,370,890,231,0,250,324.08,1.0000,0.6084,0.238934,40,42,0,112.53,1.0000,0.1708,0.021071,4.065
207060,520,467,987,230,3,24,27.30,0.9983,0.5155,0.169571,3,8,1,134.27,0.8424,0.0415,0.001952,4.226
207068,520,21,541,252,249,220,102.23,0.8303,0.9731,0.936144,12,133,35,144.71,0.9936,0.4637,0.169738,4.488
207071,520,278,798,244,112,207,339.52,0.9017,0.6885,0.353290,10,68,63,186.13,0.8761,0.2527,0.045574,4.220
207072,520,478,998,95,95,246,276.96,0.9388,0.5068,0.172705,2,1,10,286.50,0.7500,0.0235,0.000565,4.404
207082,520,287,807,247,130,110,31.02,0.8810,0.6899,0.368680,2,69,21,147.03,0.9954,0.2423,0.043231,4.491
207105,520,344,864,250,26,219,335.58,0.9873,0.6270,0.261804,85,12,27,15.46,0.8458,0.1946,0.022737,4.287
207106,520,352,872,214,93,212,328.21,0.8079,0.6187,0.268801,30,47,53,221.95,0.2854,0.1909,0.025660,4.214
207111,520,353,873,228,83,193,338.55,0.8311,0.6175,0.265331,7,45,70,242.83,0.7924,0.1831,0.023640,4.282
207121,520,400,920,218,95,96,22.00,0.7176,0.5814,0.239367,25,35,38,218.08,0.1912,0.1445,0.015486,4.419
207127,520,379,899,220,77,194,335.78,0.8264,0.5977,0.244206,66,12,39,354.34,0.7376,0.1585,0.015679,4.479
207137,520,455,975,231,23,88,12.63,0.9675,0.5328,0.183093,18,0,41,298.64,1.0000,0.0616,0.002887,4.407
207138,520,413,933,229,52,153,351.09,0.8761,0.5687,0.214166,13,5,91,271.29,0.9853,0.1244,0.009494,4.440
207148,520,470,990,213,24,154,345.79,0.9329,0.5212,0.171348,9,5,13,309.00,0.3724,0.0442,0.001957,4.260
207149,520,299,819,235,105,212,334.81,0.8646,0.6672,0.325211,80,42,25,44.16,0.5691,0.2316,0.034318,4.450
207150,520,339,859,253,25,227,334.27,0.9914,0.6369,0.271272,75,22,59,341.58,0.6680,0.1985,0.023857,4.350
207156,520,467,987,190,63,181,330.84,0.7846,0.5246,0.178399,1,7,11,226.52,0.6670,0.0405,0.001826,4.407
207166,520,461,981,213,42,149,348.16,0.8662,0.5291,0.179743,3,5,32,270.77,0.8664,0.0502,0.002322,4.391
207168,520,469,989,191,50,198,325.96,0.8615,0.5242,0.174363,6,7,3,117.97,0.3303,0.0426,0.001972,4.317
207172,520,457,977,180,67,203,320.41,0.8048,0.5274,0.180306,3,8,36,267.39,0.8519,0.0598,0.003204,4.329
207177,520,464,984,107,95,249,280.59,0.9486,0.5192,0.181493,3,5,34,270.54,0.8860,0.0518,0.002434,4.415
207186,520,268,788,227,129,222,328.96,0.8093,0.6984,0.373071,15,72,52,164.94,0.8828,0.2632,0.049840,4.237
207193,520,390,910,255,47,20,30.88,1.0000,0.5870,0.233473,7,43,5,142.10,0.9735,0.1507,0.017838,4.179
207194,520,360,880,222,59,251,320.97,0.9818,0.6193,0.256245,70,25,15,34.02,0.7124,0.1782,0.020320,4.355
207196,520,392,912,246,42,136,359.83,0.9390,0.5873,0.230297,31,20,88,282.09,0.8328,0.1548,0.014962,4.315
207208,520,378,898,212,85,201,331.18,0.7966,0.5986,0.247129,72,3,41,353.86,0.8788,0.1629,0.016032,4.500
207227,520,440,960,240,26,46,25.08,0.9817,0.5458,0.194647,21,22,7,111.99,0.5024,0.0941,0.007486,4.256
207235,520,460,980,201,58,175,336.26,0.8103,0.5345,0.185406,24,2,18,338.98,0.7486,0.0577,0.002813,4.457
207249,520,469,989,199,5,198,328.62,0.9905,0.5158,0.163297,0,6,22,255.38,0.9999,0.0425,0.001882,4.111
207250,520,417,937,213,78,155,348.55,0.7447,0.5680,0.219636,26,19,65,284.56,0.7137,0.1249,0.010670,4.444
207257,520,359,879,237,61,208,335.74,0.9245,0.6181,0.258988,28,47,26,142.09,0.5278,0.1795,0.023544,4.201
207261,520,362,882,245,5,217,334.93,0.9976,0.6118,0.245338,52,9,104,295.58,0.9220,0.1844,0.019249,4.265
207270,520,434,954,224,44,134,356.35,0.8828,0.5451,0.193725,43,6,18,4.60,0.7293,0.0975,0.006876,4.285
207273,520,287,807,254,103,196,345.52,0.9875,0.6865,0.347599,80,48,11,65.06,0.7785,0.2433,0.038438,4.496
207283,520,435,955,226,3,166,344.72,0.9949,0.5467,0.189897,6,5,68,269.79,0.9764,0.0901,0.005646,4.311
207284,520,360,880,247,78,146,359.92,0.9072,0.6240,0.273014,24,48,8,135.33,0.9192,0.1767,0.023256,4.409
207288,520,474,994,181,57,211,318.95,0.8570,0.5237,0.174543,5,2,4,337.56,0.3453,0.0279,0.000845,4.416
207303,520,418,938,234,61,38,31.03,0.9448,0.5577,0.209729,20,13,72,278.89,0.8742,0.1163,0.009044,4.399
207335,520,393,913,219,45,238,323.48,0.9600,0.5950,0.231119,4,26,79,262.98,0.9338,0.1392,0.013290,4.442
207338,520,476,996,194,17,205,325.31,0.9697,0.5149,0.162796,5,0,2,349.81,1.0000,0.0195,0.000367,4.225
207341,520,321,841,244,49,252,326.35,0.9903,0.6486,0.284607,41,17,131,279.65,0.9489,0.2119,0.025109,4.455
207356,520,423,943,236,3,143,354.22,0.9958,0.5558,0.198842,9,18,61,268.75,0.8474,0.1061,0.008276,4.270
207361,520,432,952,213,46,177,338.71,0.8766,0.5464,0.192766,41,3,36,333.95,0.8011,0.0978,0.006640,4.286
207364,520,335,855,226,75,253,321.13,0.9899,0.6414,0.282947,10,41,104,262.26,0.9044,0.2024,0.026497,4.352
207393,520,400,920,207,42,242,319.44,0.9604,0.5765,0.213338,65,1,31,359.30,0.9443,0.1412,0.012446,4.217
207400,520,400,920,227,65,159,349.36,0.8350,0.5795,0.226173,15,9,100,270.93,0.9786,0.1425,0.012169,4.442
207407,520,338,858,220,82,253,319.23,0.9880,0.6398,0.283439,69,32,59,338.35,0.5049,0.2044,0.026142,4.379
207420,520,455,975,177,71,205,318.57,0.7934,0.5292,0.182624,8,3,47,277.64,0.9415,0.0640,0.003220,4.371
207422,520,470,990,220,4,127,356.33,0.9905,0.5171,0.168374,13,4,0,62.70,1.0000,0.0410,0.001724,4.222
207424,520,406,926,233,65,121,5.30,0.8479,0.5761,0.224876,50,16,27,2.29,0.5735,0.1285,0.011279,4.486
207446,520,418,938,241,4,132,358.81,0.9952,0.5618,0.204568,16,16,75,273.91,0.8905,0.1213,0.009887,4.251
207488,520,416,936,222,45,185,338.52,0.9066,0.5664,0.209115,10,26,53,260.21,0.6593,0.1184,0.010603,4.276
207538,520,453,973,202,10,203,328.07,0.9841,0.5258,0.170873,8,8,42,275.96,0.8089,0.0688,0.003924,4.096
207540,520,419,939,229,20,177,342.25,0.9709,0.5624,0.203353,8,19,60,267.27,0.8418,0.1067,0.008436,4.336
207541,520,363,883,250,7,190,343.08,0.9958,0.6061,0.241970,16,45,30,158.63,0.6691,0.1666,0.020806,4.124
207547,520,407,927,208,97,91,25.11,0.6664,0.5667,0.227166,20,27,57,271.35,0.5551,0.1304,0.012280,4.450
207550,520,249,769,234,160,39,73.36,0.9148,0.7211,0.427826,13,79,37,150.43,0.9638,0.2824,0.058109,4.420
207551,520,456,976,187,32,236,315.47,0.9622,0.5339,0.176552,8,10,29,275.86,0.5532,0.0628,0.003574,4.229
207561,520,399,919,244,52,102,12.16,0.9234,0.5801,0.226517,36,16,70,295.18,0.7598,0.1356,0.011879,4.469
207566,520,436,956,240,31,82,16.14,0.9645,0.5538,0.201177,0,18,51,258.13,1.0000,0.0914,0.006716,4.429
207570,520,407,927,227,19,195,336.59,0.9775,0.5685,0.207393,19,6,94,274.42,0.9777,0.1336,0.010768,4.236
207572,520,395,915,246,63,56,27.60,0.9566,0.5852,0.234368,44,30,15,67.15,0.4581,0.1449,0.014986,4.376
207582,520,301,821,225,108,228,326.50,0.8585,0.6654,0.323360,8,59,83,235.10,0.8376,0.2343,0.038039,4.241
207602,520,383,903,232,46,206,334.92,0.9420,0.5970,0.235686,33,31,51,287.97,0.3360,0.1481,0.015423,4.367
207622,520,414,934,203,58,227,321.50,0.9093,0.5711,0.212703,47,9,42,333.54,0.7130,0.1204,0.009670,4.403
207639,520,393,913,219,1,246,322.08,0.9995,0.5852,0.217377,28,33,44,265.70,0.2215,0.1444,0.015164,4.103
207669,520,421,941,196,36,243,316.34,0.9649,0.5561,0.194700,34,18,24,355.78,0.3287,0.1052,0.008387,4.191
207681,520,410,930,225,47,186,339.00,0.9081,0.5738,0.215882,32,20,60,293.68,0.6372,0.1289,0.011336,4.335
207690,520,258,778,247,110,240,329.54,0.9641,0.7069,0.372198,49,62,83,259.84,0.2899,0.2653,0.047227,4.342
207703,520,374,894,249,38,162,351.67,0.9555,0.6011,0.241380,20,43,29,155.78,0.5402,0.1620,0.019651,4.183
207706,520,437,957,237,37,82,16.35,0.9502,0.5509,0.199400,43,4,6,22.38,0.8618,0.0913,0.006137,4.443
207713,520,427,947,209,1,232,322.74,0.9992,0.5575,0.194051,25,12,54,292.29,0.7353,0.1016,0.007360,4.255
207734,520,384,904,252,60,11,33.40,0.9923,0.5910,0.239550,21,38,44,222.33,0.3464,0.1532,0.017275,4.304
207755,520,467,987,192,33,200,325.94,0.9208,0.5150,0.164659,4,8,7,179.90,0.2406,0.0445,0.002148,4.116
207761,520,419,939,240,8,141,355.75,0.9903,0.5641,0.206252,51,1,30,350.59,0.9056,0.1109,0.008194,4.403
207768,520,342,862,218,74,252,319.21,0.9833,0.6275,0.268330,45,37,67,295.04,0.4150,0.1862,0.022863,4.369
207772,520,345,865,236,41,245,326.12,0.9781,0.6259,0.260138,65,35,5,60.78,0.8162,0.1880,0.023370,4.227
207783,520,433,953,212,25,207,329.59,0.9639,0.5510,0.191994,14,27,12,141.16,0.5560,0.1035,0.009038,4.099
207806,520,450,970,221,63,62,25.57,0.8826,0.5371,0.192776,15,1,55,284.00,0.9781,0.0747,0.003991,4.497
207840,520,323,843,249,92,155,358.81,0.9113,0.6475,0.301637,33,55,16,133.72,0.8133,0.2071,0.030931,4.345
207862,520,313,833,185,126,254,303.24,0.9760,0.6588,0.323922,6,57,67,214.76,0.8710,0.2180,0.033701,4.467
207875,520,473,993,189,40,214,321.19,0.9188,0.5246,0.171928,5,1,17,295.50,0.8233,0.0314,0.000944,4.356
207886,520,443,963,118,102,244,283.47,0.8890,0.5375,0.198855,23,16,10,62.06,0.2744,0.0820,0.005747,4.464
207892,520,458,978,224,53,6,33.71,0.9918,0.5281,0.184094,15,3,34,297.52,0.8130,0.0584,0.002822,4.432
207893,520,341,861,252,60,181,347.29,0.9737,0.6299,0.272667,5,54,44,175.08,0.9217,0.1972,0.028523,4.109
207902,520,380,900,242,5,205,337.32,0.9969,0.5991,0.233966,28,17,100,277.78,0.9181,0.1615,0.015678,4.324
207932,520,405,925,239,16,179,343.89,0.9839,0.5813,0.219790,35,30,7,97.23,0.6577,0.1316,0.013012,4.282
207936,520,246,766,254,133,195,349.56,0.9786,0.7310,0.417887,30,71,89,229.45,0.5785,0.2823,0.055035,4.455
207946,520,456,976,224,46,59,23.41,0.9299,0.5264,0.181198,0,3,48,264.14,0.9845,0.0584,0.002785,4.380
207948,520,448,968,240,1,0,29.27,1.0000,0.5358,0.185504,27,5,31,321.44,0.7028,0.0751,0.004405,4.329
207952,520,362,882,241,76,138,1.63,0.8636,0.6082,0.257076,26,45,52,223.28,0.3427,0.1815,0.023442,4.181
207973,520,434,954,209,59,168,341.05,0.8144,0.5457,0.195124,23,24,12,112.24,0.3520,0.1026,0.008620,4.182
207985,520,461,981,229,24,73,17.28,0.9696,0.5258,0.177953,20,4,0,48.13,1.0000,0.0499,0.002356,4.354
207987,520,257,777,255,134,101,36.20,1.0000,0.7075,0.392528,30,62,110,258.40,0.6617,0.2705,0.048468,4.494
207989,520,376,896,198,88,227,318.71,0.8389,0.5974,0.245326,42,28,61,301.87,0.5043,0.1580,0.016597,4.435
207996,520,361,881,249,82,115,12.84,0.9303,0.6227,0.274154,5,51,8,143.83,0.9837,0.1782,0.024173,4.370
208006,520,398,918,196,101,172,337.60,0.6147,0.5828,0.240231,8,37,42,210.91,0.6754,0.1421,0.015419,4.437
208010,520,388,908,223,97,79,30.27,0.7802,0.5896,0.248043,19,41,13,139.33,0.8192,0.1511,0.017533,4.413
208029,520,453,973,132,89,251,289.93,0.9574,0.5343,0.190152,7,16,11,160.13,0.3654,0.0675,0.004399,4.415
208033,520,434,954,197,33,230,319.68,0.9590,0.5458,0.186727,26,4,67,289.68,0.9270,0.1042,0.007117,4.145
208039,520,425,945,248,5,65,20.27,0.9971,0.5592,0.204503,52,3,8,20.66,0.9166,0.1088,0.008128,4.378
208054,520,429,949,193,98,104,17.40,0.5647,0.5473,0.210739,29,20,17,39.23,0.2103,0.1006,0.008020,4.494
208063,520,400,920,245,58,54,27.20,0.9546,0.5783,0.227083,37,21,61,299.22,0.6235,0.1376,0.012666,4.422
208064,520,475,995,204,21,189,332.46,0.9542,0.5232,0.170498,9,2,9,327.35,0.5690,0.0347,0.001212,4.306
208065,520,406,926,252,7,107,8.74,0.9948,0.5770,0.219126,38,24,35,334.38,0.2985,0.1287,0.011867,4.350
208076,520,453,973,228,39,64,21.27,0.9456,0.5303,0.183181,26,7,12,4.37,0.5103,0.0685,0.003981,4.320
208089,520,284,804,200,140,228,314.51,0.7029,0.6872,0.366378,16,66,60,183.68,0.7785,0.2466,0.043326,4.462
208094,520,438,958,237,19,95,10.90,0.9773,0.5456,0.192997,16,21,13,133.96,0.2719,0.0881,0.006755,4.281
208095,520,449,969,239,13,22,28.04,0.9938,0.5372,0.186998,7,7,51,273.13,0.9124,0.0748,0.004361,4.360
208109,520,370,890,219,55,254,319.62,0.9952,0.6136,0.249501,15,20,113,268.87,0.9635,0.1736,0.017940,4.408
208118,520,470,990,221,42,49,25.38,0.9428,0.5157,0.172526,3,4,24,273.57,0.7741,0.0419,0.001721,4.302
208131,520,418,938,160,100,226,303.40,0.7663,0.5645,0.220793,34,26,1,92.41,0.9270,0.1186,0.010811,4.453
208132,520,475,995,182,67,189,325.42,0.7747,0.5212,0.176348,3,3,0,109.77,1.0000,0.0268,0.000845,4.452
208134,520,375,895,218,41,252,320.11,0.9872,0.6012,0.235215,34,38,25,121.96,0.2754,0.1569,0.017965,4.197
208143,520,429,949,243,6,43,24.80,0.9969,0.5459,0.193628,34,4,54,307.40,0.8578,0.1015,0.006933,4.279
208168,520,385,905,249,8,155,353.10,0.9932,0.5878,0.226834,9,41,24,156.60,0.8364,0.1484,0.017098,4.126
208170,520,385,905,230,2,227,329.07,0.9989,0.5907,0.224150,42,29,39,334.77,0.2530,0.1475,0.015175,4.206
208205,520,392,912,214,60,229,324.05,0.9210,0.5919,0.231869,11,35,59,250.91,0.6586,0.1478,0.015889,4.278
208217,520,408,928,251,24,63,21.74,0.9853,0.5703,0.215251,25,31,28,163.89,0.1292,0.1289,0.012705,4.230
208237,520,298,818,249,80,227,333.62,0.9697,0.6668,0.314260,40,55,71,250.52,0.2932,0.2314,0.036383,4.217
208274,520,434,954,218,75,90,18.10,0.7895,0.5513,0.206782,11,19,53,269.50,0.7224,0.1021,0.007939,4.432
208284,520,406,926,245,5,159,351.03,0.9952,0.5810,0.220275,47,0,72,309.00,1.0000,0.1338,0.010723,4.451
208287,520,465,985,173,51,231,311.67,0.9110,0.5215,0.170223,2,7,30,265.17,0.8384,0.0522,0.002586,4.188
208302,520,418,938,203,63,210,325.91,0.8633,0.5642,0.209063,15,8,86,272.98,0.9679,0.1227,0.009470,4.356
208307,520,372,892,252,17,183,345.54,0.9890,0.6084,0.245187,10,41,67,247.71,0.7224,0.1703,0.020556,4.184
208334,520,426,946,236,11,145,353.70,0.9850,0.5583,0.201196,2,17,72,264.22,0.9465,0.1118,0.008816,4.271
208335,520,385,905,216,23,248,320.74,0.9875,0.5868,0.219910,59,18,42,347.17,0.6204,0.1544,0.015297,4.134
208339,520,448,968,223,48,128,358.72,0.8672,0.5440,0.193630,39,0,13,4.01,1.0000,0.0784,0.004605,4.462
208342,520,418,938,207,97,37,45.48,0.8534,0.5569,0.219504,4,26,62,259.21,0.8655,0.1228,0.011123,4.409
208355,520,410,930,209,99,70,35.81,0.7274,0.5677,0.229232,3,29,64,256.59,0.8839,0.1317,0.012682,4.455
208356,520,356,876,252,62,150,357.67,0.9673,0.6187,0.263461,77,18,28,14.98,0.7436,0.1843,0.020945,4.418
208387,520,476,996,209,39,121,357.70,0.8640,0.5072,0.163891,1,0,12,278.75,1.0000,0.0192,0.000330,4.250
208392,520,411,931,236,25,158,349.80,0.9624,0.5682,0.209997,56,4,3,28.37,0.9443,0.1178,0.009343,4.381
208407,520,441,961,155,86,229,302.77,0.8178,0.5377,0.192817,16,1,69,279.17,0.9898,0.0922,0.005615,4.366
208417,520,357,877,238,85,168,350.39,0.8412,0.6250,0.275040,7,42,78,252.89,0.8173,0.1804,0.022510,4.483
208425,520,357,877,250,40,186,344.66,0.9658,0.6152,0.253900,25,43,56,240.89,0.3811,0.1770,0.022199,4.209
208427,520,354,874,219,74,242,321.86,0.9388,0.6221,0.263703,59,21,79,311.66,0.7255,0.1834,0.020307,4.462
208436,520,379,899,253,30,151,355.63,0.9834,0.6005,0.240491,53,7,83,306.51,0.8865,0.1617,0.015334,4.446
208439,520,480,1000,220,0,100,5.89,1.0000,0.5066,0.161384,0,0,0,0.00,0.0000,0.0000,0.000000,4.228
208450,520,333,853,198,118,217,319.72,0.7079,0.6382,0.299735,42,52,8,121.62,0.8438,0.2043,0.029657,4.390
208464,520,392,912,241,80,29,36.42,0.9617,0.5920,0.245300,9,37,49,229.81,0.6644,0.1464,0.016029,4.472
208517,520,390,910,209,52,240,320.20,0.9448,0.5851,0.223043,30,34,39,254.04,0.1158,0.1466,0.015665,4.158
208537,520,409,929,239,60,56,26.98,0.9306,0.5685,0.218712,36,7,80,292.78,0.9050,0.1345,0.011062,4.401
208539,520,332,852,232,71,241,325.69,0.9467,0.6389,0.280154,45,48,27,115.21,0.3869,0.1983,0.027509,4.260
208560,520,230,750,209,161,226,317.07,0.6249,0.7384,0.445368,27,80,26,142.99,0.9386,0.2885,0.060447,4.485
208562,520,478,998,187,23,205,323.26,0.9526,0.5050,0.155868,2,1,10,286.50,0.7500,0.0235,0.000565,4.071
208571,520,474,994,227,30,49,24.23,0.9688,0.5206,0.174841,10,0,11,326.03,1.0000,0.0309,0.000887,4.418
208584,520,466,986,204,78,9,41.96,0.9719,0.5194,0.183080,17,1,20,322.46,0.8119,0.0467,0.001914,4.490
208585,520,410,930,244,51,42,28.56,0.9576,0.5691,0.217713,17,21,78,272.51,0.8593,0.1344,0.012055,4.314
208586,520,438,958,236,42,87,15.14,0.9356,0.5532,0.201800,25,6,54,295.19,0.8356,0.0925,0.006033,4.494
208587,520,279,799,237,100,255,322.88,1.0000,0.6877,0.343410,95,29,76,340.98,0.6815,0.2546,0.038338,4.453
208597,520,432,952,211,75,128,359.70,0.7359,0.5499,0.204417,27,6,57,295.81,0.8466,0.0978,0.006587,4.496
208609,520,312,832,255,52,232,333.57,1.0000,0.6564,0.295454,91,12,60,349.27,0.8023,0.2199,0.028137,4.421
208611,520,432,952,240,0,103,8.10,1.0000,0.5495,0.195078,4,26,18,167.01,0.7814,0.0960,0.008082,4.219
208631,520,419,939,183,76,223,315.43,0.8346,0.5571,0.205649,55,0,7,20.22,1.0000,0.1109,0.008277,4.387
208642,520,293,813,210,120,254,313.42,0.9873,0.6789,0.342915,4,56,99,249.94,0.9114,0.2360,0.037548,4.488
208663,520,464,984,187,63,178,330.89,0.7749,0.5178,0.173356,6,7,18,277.52,0.4140,0.0484,0.002343,4.267
208673,520,391,911,252,52,37,29.52,0.9875,0.5856,0.232887,34,3,98,284.74,0.9786,0.1494,0.012870,4.500
208675,520,402,922,215,24,236,323.19,0.9823,0.5764,0.211584,48,10,52,323.79,0.7387,0.1300,0.010935,4.293
208688,520,423,943,207,7,243,319.69,0.9958,0.5639,0.198902,24,19,50,287.69,0.5717,0.1102,0.008902,4.226
208690,520,446,966,224,48,114,4.30,0.8741,0.5410,0.191788,33,4,26,338.47,0.7269,0.0798,0.004848,4.408
208700,520,430,950,188,51,240,314.24,0.9330,0.5515,0.193515,7,25,22,181.55,0.5427,0.0962,0.007983,4.200
208701,520,430,950,225,12,177,341.23,0.9821,0.5525,0.194474,22,23,7,111.87,0.5244,0.0978,0.007987,4.216
208704,520,257,777,225,139,210,333.44,0.7141,0.7077,0.391276,41,63,96,258.28,0.4612,0.2698,0.048708,4.471
208708,520,414,934,248,26,103,10.15,0.9741,0.5730,0.216780,40,21,8,53.91,0.5717,0.1163,0.010050,4.443
208718,520,438,958,210,34,205,329.57,0.9408,0.5504,0.192555,37,4,30,337.41,0.7528,0.0887,0.005739,4.352
208720,520,448,968,229,55,10,33.57,0.9879,0.5402,0.194152,23,14,12,32.84,0.2382,0.0780,0.005228,4.421
208729,520,387,907,244,65,80,21.36,0.9306,0.5869,0.235962,30,36,39,229.35,0.1141,0.1523,0.016842,4.278
208735,520,355,875,234,60,219,331.95,0.9339,0.6186,0.258411,18,44,55,228.02,0.5242,0.1752,0.022057,4.280
208736,520,414,934,234,13,182,341.86,0.9858,0.5726,0.211605,14,27,49,260.36,0.5342,0.1204,0.010989,4.289
208753,520,464,984,189,82,109,6.72,0.6243,0.5152,0.179591,23,0,10,352.48,1.0000,0.0485,0.002041,4.412
208760,520,338,858,249,103,18,43.58,0.9823,0.6379,0.298872,29,53,29,144.15,0.5923,0.2002,0.028961,4.418
208769,520,235,755,253,133,215,340.60,0.9777,0.7379,0.425666,14,81,29,146.60,0.9733,0.2880,0.060667,4.298
208773,520,457,977,224,32,109,4.75,0.9267,0.5286,0.179872,12,13,7,115.23,0.2478,0.0629,0.003814,4.272
208784,520,426,946,246,9,99,10.48,0.9923,0.5628,0.206925,20,25,40,269.60,0.3346,0.1138,0.009972,4.284
208795,520,476,996,175,60,196,321.05,0.8076,0.5067,0.163323,5,0,10,311.99,1.0000,0.0241,0.000542,4.221
208797,520,245,765,249,137,191,350.89,0.8789,0.7290,0.417952,29,69,98,242.91,0.6128,0.2813,0.053991,4.500
208812,520,445,965,225,48,98,10.58,0.8874,0.5383,0.190060,31,2,37,320.63,0.8379,0.0799,0.004683,4.390
208820,520,294,814,236,115,215,334.36,0.8641,0.6850,0.350028,31,63,52,169.35,0.4958,0.2407,0.040941,4.399
208825,520,455,975,214,58,120,1.19,0.8090,0.5329,0.186807,21,4,30,312.63,0.7277,0.0644,0.003400,4.435
208827,520,448,968,168,94,185,319.91,0.6232,0.5378,0.198338,2,21,6,149.71,0.9426,0.0765,0.005624,4.465
208830,520,433,953,225,66,54,28.63,0.8970,0.5471,0.201731,7,14,61,269.05,0.9016,0.0971,0.006961,4.419
208836,520,354,874,244,71,163,352.27,0.8980,0.6177,0.263870,35,41,63,271.90,0.3396,0.1835,0.023020,4.298
208854,520,423,943,195,54,237,316.88,0.9271,0.5624,0.203562,1,1,86,264.80,0.9984,0.1054,0.007000,4.448
208855,520,442,962,216,21,186,336.45,0.9620,0.5434,0.186827,7,20,28,236.67,0.4661,0.0848,0.006293,4.207
208861,520,431,951,174,85,212,314.46,0.7617,0.5489,0.202500,11,19,50,269.21,0.6844,0.0996,0.007671,4.378
208884,520,395,915,196,102,179,334.38,0.6275,0.5879,0.244946,15,40,3,136.95,0.9689,0.1439,0.016257,4.452
208886,520,479,999,134,71,250,293.06,0.9629,0.5090,0.164769,1,0,1,328.36,1.0000,0.0103,0.000086,4.288
208907,520,405,925,211,13,250,319.14,0.9937,0.5773,0.210407,50,4,51,327.22,0.8242,0.1255,0.010041,4.337
208919,520,283,803,237,114,222,332.21,0.8881,0.6885,0.353153,55,60,42,120.63,0.2687,0.2479,0.042111,4.377
208926,520,425,945,187,41,255,311.08,1.0000,0.5552,0.193718,2,14,78,265.00,0.9652,0.1136,0.008770,4.147
208932,520,391,911,199,92,209,324.15,0.7655,0.5931,0.244013,16,34,56,254.41,0.5424,0.1455,0.015397,4.496
208942,520,469,989,210,59,83,16.37,0.8265,0.5155,0.174564,13,1,24,307.77,0.8563,0.0444,0.001732,4.341
208946,520,430,950,234,6,141,354.51,0.9910,0.5516,0.195488,40,2,39,329.32,0.8405,0.0964,0.006411,4.352
208953,520,427,947,193,47,249,313.85,0.9695,0.5634,0.202113,50,3,5,24.24,0.9293,0.1039,0.007543,4.381
208969,520,375,895,251,32,163,351.56,0.9692,0.6024,0.241900,72,10,9,26.97,0.9027,0.1606,0.016148,4.413
208970,520,219,739,255,142,194,352.06,1.0000,0.7473,0.445037,66,77,6,118.90,0.9387,0.3044,0.064791,4.312
208979,520,143,663,252,188,177,29.77,0.8921,0.8264,0.598381,4,103,20,144.14,0.9969,0.3606,0.097764,4.388
208995,520,453,973,203,49,180,335.04,0.8515,0.5326,0.181903,8,12,32,272.16,0.5676,0.0688,0.004188,4.280
209013,520,395,915,212,54,236,321.92,0.9392,0.5886,0.226933,40,29,9,80.44,0.5935,0.1357,0.013496,4.361
209014,520,363,883,227,12,255,322.01,1.0000,0.6075,0.238161,41,10,103,287.53,0.9303,0.1702,0.016677,4.322
209035,520,385,905,216,53,233,323.75,0.9407,0.5922,0.230303,22,29,73,272.40,0.6854,0.1500,0.015303,4.292
209047,520,477,997,182,67,165,334.01,0.7285,0.5067,0.166774,2,2,0,109.77,1.0000,0.0218,0.000563,4.287
209049,520,359,879,204,88,250,314.88,0.9611,0.6216,0.267203,14,50,23,148.88,0.8859,0.1805,0.024363,4.266
209063,520,334,854,240,91,180,346.89,0.8570,0.6410,0.293054,2,54,50,186.71,0.9616,0.1987,0.028814,4.353
209109,520,477,997,220,24,102,6.10,0.9465,0.5143,0.168309,4,0,4,328.36,1.0000,0.0191,0.000346,4.336
209110,520,459,979,188,40,222,318.87,0.9302,0.5291,0.174842,7,13,8,150.01,0.3003,0.0591,0.003505,4.202
209120,520,417,937,157,97,240,299.75,0.8496,0.5662,0.220090,36,24,9,71.05,0.5200,0.1176,0.010481,4.466
209132,520,363,883,248,24,192,342.25,0.9821,0.6075,0.244187,6,25,104,265.41,0.9535,0.1666,0.017333,4.369
209152,520,403,923,241,5,169,347.17,0.9949,0.5778,0.216770,5,30,59,254.18,0.7939,0.1312,0.012765,4.250
209154,520,404,924,208,24,254,317.40,0.9956,0.5788,0.212206,7,12,92,267.61,0.9746,0.1311,0.010807,4.312
209159,520,392,912,238,51,160,350.61,0.9059,0.5877,0.230858,58,19,31,3.51,0.5876,0.1494,0.014643,4.345
209162,520,475,995,216,31,129,355.65,0.9088,0.5192,0.171663,7,1,13,310.77,0.7604,0.0314,0.000959,4.350
209166,520,273,793,249,138,45,55.02,0.9424,0.6988,0.385090,43,67,52,156.35,0.3681,0.2614,0.047757,4.451
209203,520,460,980,203,40,184,333.71,0.8878,0.5282,0.176767,14,4,29,299.62,0.7259,0.0557,0.002689,4.304
209221,520,459,979,239,0,8,28.72,1.0000,0.5337,0.183716,14,5,25,303.23,0.6277,0.0552,0.002721,4.433
209230,520,440,960,233,42,104,8.88,0.9195,0.5514,0.199820,8,15,51,269.68,0.8033,0.0900,0.006323,4.436
209237,520,473,993,215,28,144,349.84,0.9190,0.5221,0.172936,9,0,14,317.08,1.0000,0.0312,0.000898,4.380
209265,520,475,995,226,24,82,14.06,0.9630,0.5214,0.174341,0,5,5,194.77,1.0000,0.0316,0.001195,4.382
209266,520,435,955,215,14,207,330.39,0.9835,0.5528,0.192683,40,7,14,10.95,0.6912,0.0923,0.006349,4.307
209281,520,385,905,245,74,30,34.59,0.9657,0.5925,0.244071,9,42,15,146.81,0.9263,0.1497,0.017484,4.358
209314,520,422,942,235,29,140,355.67,0.9494,0.5603,0.204373,8,27,36,231.04,0.5541,0.1090,0.009628,4.266
209324,520,357,877,202,108,205,326.11,0.6996,0.6200,0.276908,50,42,7,95.97,0.7895,0.1836,0.023494,4.448
209331,520,224,744,251,161,39,67.59,0.9571,0.7463,0.461481,21,84,17,142.22,0.9729,0.2988,0.065403,4.432
209334,520,372,892,244,16,219,334.23,0.9922,0.6133,0.247211,35,42,38,160.47,0.1256,0.1739,0.021532,4.155
209341,520,403,923,230,67,141,357.11,0.8299,0.5796,0.227631,6,25,75,264.04,0.9012,0.1338,0.012419,4.448
209366,520,473,993,158,69,236,304.26,0.8873,0.5236,0.175820,0,4,12,247.90,1.0000,0.0316,0.001134,4.416
209368,520,461,981,218,37,148,349.50,0.8948,0.5348,0.183691,3,7,18,261.69,0.5245,0.0456,0.002150,4.481
209382,520,396,916,225,66,171,344.59,0.8373,0.5824,0.228467,60,7,31,358.30,0.7819,0.1374,0.012117,4.483
209387,520,473,993,214,51,98,9.34,0.8470,0.5191,0.175481,0,4,7,227.14,1.0000,0.0294,0.001022,4.419
209410,520,438,958,201,71,171,338.09,0.7593,0.5467,0.198660,18,22,5,120.01,0.6176,0.0908,0.007134,4.352
209417,520,469,989,139,81,240,295.28,0.8861,0.5199,0.176652,10,0,26,300.19,1.0000,0.0402,0.001391,4.410
209447,520,354,874,255,68,109,13.22,1.0000,0.6172,0.265020,21,45,57,231.87,0.4760,0.1810,0.023315,4.297
209467,520,340,860,245,64,223,333.60,0.9528,0.6429,0.284098,12,46,87,255.41,0.7847,0.2005,0.027201,4.328
209478,520,351,871,235,49,242,326.50,0.9688,0.6269,0.262721,19,19,124,269.74,0.9705,0.1888,0.020593,4.430
209480,520,408,928,255,23,24,28.46,1.0000,0.5745,0.219426,23,12,81,279.41,0.9076,0.1277,0.010391,4.461
209488,520,408,928,151,111,216,299.46,0.6753,0.5673,0.229062,21,33,9,131.22,0.6940,0.1264,0.012668,4.453
209514,520,459,979,187,15,234,316.24,0.9855,0.5254,0.168482,1,11,35,259.36,0.9008,0.0634,0.003671,4.071
209519,520,463,983,179,61,215,317.04,0.8527,0.5277,0.178286,21,0,16,337.18,1.0000,0.0478,0.001969,4.393
209534,520,422,942,156,89,246,299.36,0.9087,0.5570,0.208668,22,19,53,283.45,0.6153,0.1106,0.008933,4.389
209559,520,364,884,214,106,140,1.71,0.6246,0.6055,0.264996,8,35,91,262.39,0.9001,0.1742,0.020089,4.494
209561,520,397,917,245,65,16,34.22,0.9856,0.5821,0.232339,60,12,20,15.16,0.7441,0.1396,0.012743,4.500
209597,520,480,1000,216,53,41,29.07,0.9227,0.5141,0.173078,0,0,0,0.00,0.0000,0.0000,0.000000,4.462
209620,520,341,861,255,4,225,335.15,1.0000,0.6347,0.267864,5,8,146,265.25,0.9955,0.2044,0.022810,4.366
209634,520,465,985,169,64,217,312.94,0.8422,0.5176,0.171124,7,5,31,281.23,0.7537,0.0530,0.002526,4.210
209642,520,436,956,240,34,56,23.54,0.9698,0.5509,0.199582,9,18,45,267.11,0.6623,0.0921,0.006801,4.394
209657,520,419,939,208,38,224,324.06,0.9504,0.5624,0.201798,17,16,59,277.79,0.7629,0.1056,0.008055,4.337
209659,520,322,842,229,126,102,34.15,0.7141,0.6537,0.325413,3,61,14,145.46,0.9923,0.2135,0.033884,4.475
209665,520,320,840,254,4,249,329.44,0.9992,0.6482,0.280004,62,45,11,81.30,0.7369,0.2085,0.029252,4.164
209667,520,396,916,219,42,219,328.19,0.9471,0.5800,0.218326,28,12,91,280.79,0.9213,0.1441,0.012651,4.283
209670,520,375,895,225,83,164,348.54,0.7761,0.5987,0.248768,35,40,5,117.19,0.8303,0.1601,0.018859,4.339
209671,520,355,875,252,76,120,10.23,0.9633,0.6227,0.272238,54,38,9,79.05,0.7173,0.1786,0.021903,4.482
209672,520,420,940,199,36,239,318.08,0.9628,0.5577,0.196374,8,8,80,269.47,0.9733,0.1108,0.008044,4.245
209673,520,361,881,240,82,160,353.61,0.8530,0.6215,0.271008,31,46,11,129.31,0.7864,0.1758,0.022694,4.416
209695,520,446,966,224,59,39,30.63,0.9316,0.5359,0.191245,22,10,42,297.12,0.6716,0.0850,0.005548,4.343
209700,520,467,987,175,11,248,309.78,0.9920,0.5177,0.161316,11,4,3,32.81,0.3762,0.0399,0.001646,4.092
209704,520,414,934,245,41,71,20.68,0.9589,0.5677,0.214567,1,20,70,262.39,0.9764,0.1151,0.009489,4.447
209711,520,385,905,254,7,133,0.87,0.9948,0.5891,0.229199,48,31,21,51.30,0.3666,0.1544,0.016626,4.191
209715,520,270,790,249,122,171,357.49,0.8734,0.6966,0.370019,31,66,82,229.89,0.5172,0.2639,0.047967,4.287
209723,520,434,954,176,83,217,314.01,0.7874,0.5523,0.204273,6,26,31,216.27,0.5984,0.1024,0.008764,4.327
209731,520,307,827,227,120,191,341.51,0.7256,0.6686,0.335274,4,61,67,206.14,0.9239,0.2303,0.037684,4.394
209739,520,479,999,176,83,141,344.08,0.5916,0.5080,0.173409,0,0,8,264.05,1.0000,0.0143,0.000175,4.453
209743,520,429,949,206,78,135,355.75,0.7081,0.5477,0.203218,39,14,2,48.44,0.8056,0.0992,0.007499,4.404
209753,520,359,879,231,62,226,329.33,0.9348,0.6195,0.259275,36,46,10,123.35,0.7676,0.1801,0.023510,4.207
209763,520,432,952,244,1,40,25.20,0.9995,0.5467,0.194115,4,26,18,167.01,0.7814,0.0960,0.008082,4.203
209775,520,479,999,147,85,204,305.47,0.7160,0.5071,0.170601,1,0,3,302.89,1.0000,0.0124,0.000130,4.401
209779,520,390,910,231,5,215,332.24,0.9965,0.5851,0.220064,13,41,2,137.86,0.9829,0.1461,0.016758,4.045
209788,520,212,732,242,164,168,16.00,0.7008,0.7622,0.482573,42,84,22,137.29,0.9239,0.3089,0.068906,4.479
209796,520,370,890,245,58,160,352.54,0.9166,0.6063,0.249798,69,19,8,34.04,0.8347,0.1654,0.017487,4.442
209804,520,400,920,186,106,183,328.43,0.5910,0.5826,0.241672,21,35,43,234.16,0.3187,0.1438,0.015359,4.463
209814,520,459,979,196,18,225,320.82,0.9796,0.5339,0.176062,13,9,9,18.01,0.1232,0.0556,0.003007,4.265
209825,520,347,867,222,81,231,325.32,0.8991,0.6272,0.271860,37,29,101,280.88,0.7921,0.1900,0.022116,4.463
209840,520,407,927,234,69,58,28.25,0.9053,0.5684,0.220571,26,16,74,282.99,0.8183,0.1285,0.010846,4.447
209857,520,403,923,238,51,139,357.92,0.8997,0.5792,0.224119,7,27,71,262.90,0.8630,0.1349,0.012839,4.362
209861,520,301,821,246,74,254,326.07,0.9964,0.6723,0.316488,36,51,85,265.03,0.4755,0.2259,0.033985,4.364
209863,520,385,905,255,43,62,23.71,1.0000,0.5880,0.233393,14,41,30,164.40,0.6332,0.1525,0.017729,4.184
209866,520,452,972,201,66,142,349.56,0.7480,0.5266,0.182688,1,17,18,199.68,0.8542,0.0680,0.004510,4.269
209876,520,417,937,215,19,223,326.32,0.9828,0.5653,0.202426,43,10,43,327.74,0.6905,0.1154,0.009052,4.275
209882,520,475,995,231,3,40,24.78,0.9980,0.5190,0.172103,6,3,0,82.32,1.0000,0.0305,0.001038,4.352
209900,520,433,953,231,59,30,32.05,0.9573,0.5491,0.202136,7,9,71,269.60,0.9597,0.1004,0.006954,4.427
209911,520,431,951,201,85,126,0.58,0.6550,0.5459,0.204227,5,24,41,247.51,0.6802,0.1019,0.008456,4.349
209916,520,439,959,173,71,244,307.50,0.9248,0.5529,0.199231,25,8,49,297.68,0.7665,0.0910,0.006021,4.449
209933,520,452,972,217,63,49,29.29,0.8944,0.5275,0.185310,4,19,15,175.21,0.6114,0.0746,0.005260,4.258
209934,520,476,996,211,62,23,34.66,0.9511,0.5122,0.173584,0,2,3,218.80,1.0000,0.0204,0.000500,4.427
209943,520,477,997,180,30,219,317.47,0.9470,0.5076,0.157475,3,0,16,290.10,1.0000,0.0250,0.000568,4.103
209958,520,382,902,210,57,246,318.95,0.9577,0.5951,0.232834,25,3,109,275.64,0.9910,0.1556,0.013758,4.436
209960,520,454,974,198,90,0,48.99,1.0000,0.5276,0.193200,2,11,47,264.52,0.9144,0.0744,0.004575,4.456
209966,520,460,980,174,55,239,309.97,0.9201,0.5333,0.179639,14,13,4,103.75,0.4586,0.0639,0.003900,4.260
209971,520,473,993,215,7,147,348.33,0.9817,0.5165,0.167080,7,0,7,328.36,1.0000,0.0252,0.000605,4.290
209981,520,416,936,235,51,136,358.42,0.8913,0.5724,0.218103,11,31,25,171.81,0.5287,0.1176,0.011213,4.380
210005,520,467,987,141,94,209,299.98,0.7021,0.5191,0.182718,10,3,21,301.75,0.6840,0.0443,0.001838,4.489
210008,520,331,851,191,112,245,309.55,0.8816,0.6360,0.292581,10,40,108,263.10,0.9164,0.2041,0.026647,4.470
210011,520,431,951,142,95,242,293.98,0.8689,0.5473,0.203460,13,5,72,274.73,0.9665,0.0996,0.006619,4.477
210047,520,407,927,159,103,225,302.70,0.7520,0.5678,0.225080,26,32,9,121.75,0.6227,0.1278,0.012724,4.386
210084,520,304,824,247,72,244,328.73,0.9712,0.6658,0.309433,45,50,88,276.42,0.4523,0.2328,0.035436,4.207
210104,520,426,946,240,33,89,14.10,0.9584,0.5564,0.203375,16,13,65,276.87,0.8608,0.1055,0.007796,4.384
210106,520,375,895,216,97,145,357.05,0.6700,0.5959,0.251947,17,40,51,230.93,0.4993,0.1604,0.018757,4.392
210108,520,455,975,222,49,69,20.70,0.9086,0.5265,0.181586,31,1,1,27.63,0.9582,0.0616,0.003153,4.357
210112,520,367,887,254,69,41,31.59,0.9948,0.6053,0.254908,72,13,41,356.22,0.7491,0.1726,0.018259,4.467
210115,520,429,949,231,40,107,7.30,0.9190,0.5469,0.195710,8,10,70,270.28,0.9498,0.1012,0.007109,4.303
210126,520,439,959,197,74,176,335.03,0.7472,0.5465,0.199041,12,18,35,268.08,0.4520,0.0870,0.006321,4.422
210137,520,360,880,246,66,178,347.23,0.9254,0.6230,0.267067,53,26,79,304.53,0.6675,0.1825,0.020602,4.491
210138,520,433,953,214,70,124,1.29,0.7655,0.5476,0.201340,36,15,2,54.36,0.7869,0.0962,0.007212,4.393
210141,520,413,933,233,35,167,346.54,0.9389,0.5713,0.213186,18,31,28,178.46,0.2907,0.1231,0.011924,4.250
210149,520,440,960,209,18,218,326.01,0.9802,0.5509,0.190518,32,8,29,332.54,0.6141,0.0865,0.005695,4.318
210160,520,424,944,241,37,88,14.87,0.9528,0.5604,0.207318,27,13,54,294.52,0.7138,0.1055,0.007872,4.446
210175,520,376,896,218,71,211,329.89,0.8718,0.5975,0.241171,38,20,86,288.82,0.7945,0.1600,0.015842,4.422
210182,520,461,981,172,73,214,314.14,0.8075,0.5308,0.183917,17,4,9,353.40,0.5011,0.0490,0.002257,4.476
210187,520,478,998,226,0,78,14.30,1.0000,0.5136,0.167217,2,1,8,289.57,0.6935,0.0224,0.000521,4.300
210190,520,408,928,206,54,226,322.71,0.9192,0.5718,0.212528,57,13,9,28.77,0.7977,0.1325,0.011776,4.250
210211,520,297,817,237,99,248,324.69,0.9667,0.6822,0.337077,58,58,23,108.93,0.5921,0.2411,0.039875,4.307
210215,520,362,882,150,133,216,292.17,0.5950,0.6116,0.282169,20,49,17,141.86,0.8665,0.1789,0.023857,4.497
210216,520,303,823,243,78,245,327.43,0.9648,0.6657,0.310986,46,49,89,278.58,0.4672,0.2319,0.034987,4.248
210219,520,174,694,225,174,255,312.51,1.0000,0.7961,0.535005,10,94,70,167.29,0.9572,0.3411,0.085117,4.330
210227,520,442,962,199,41,217,323.29,0.9285,0.5441,0.187394,6,17,38,261.24,0.6418,0.0826,0.005795,4.255
210236,520,454,974,211,69,81,19.68,0.7991,0.5286,0.187015,20,7,26,314.35,0.5642,0.0666,0.003753,4.409
210254,520,456,976,208,43,166,340.94,0.8645,0.5290,0.178929,26,4,17,345.74,0.6532,0.0644,0.003469,4.281
210255,520,468,988,210,13,177,337.54,0.9718,0.5243,0.171660,15,1,20,318.36,0.8150,0.0442,0.001738,4.284
210260,520,413,933,184,109,139,354.95,0.4591,0.5656,0.229929,18,33,7,133.86,0.8070,0.1238,0.012316,4.492
210308,520,397,917,251,32,102,11.22,0.9724,0.5815,0.225052,32,16,82,286.01,0.8354,0.1431,0.012868,4.375
210310,520,137,657,205,210,208,170.42,0.0555,0.8362,0.636263,8,105,44,148.99,0.9900,0.3711,0.103362,4.475
210318,520,423,943,241,0,120,2.67,1.0000,0.5568,0.200601,14,22,53,269.65,0.6402,0.1109,0.009242,4.230
210350,520,463,983,193,28,220,321.07,0.9577,0.5289,0.173368,20,2,1,31.09,0.8527,0.0455,0.001944,4.300
210352,520,410,930,221,28,217,329.28,0.9706,0.5749,0.212147,22,31,27,166.13,0.2016,0.1259,0.012297,4.208
210353,520,418,938,247,21,85,15.33,0.9828,0.5648,0.209699,22,21,63,279.23,0.6900,0.1234,0.010658,4.281
210356,520,460,980,179,71,209,318.14,0.8060,0.5350,0.186947,6,9,27,272.38,0.5737,0.0578,0.003132,4.460
210359,520,239,759,247,131,227,334.00,0.9437,0.7317,0.415551,34,69,99,246.51,0.5529,0.2844,0.054970,4.435
210365,520,446,966,206,29,210,327.19,0.9538,0.5443,0.186556,34,1,37,324.71,0.8902,0.0831,0.004954,4.305
210367,520,471,991,222,47,62,22.57,0.9214,0.5236,0.179131,12,0,20,313.15,1.0000,0.0381,0.001287,4.468
210368,520,441,961,215,49,148,349.41,0.8460,0.5378,0.187841,9,12,61,271.62,0.9014,0.0949,0.006579,4.204
210378,520,410,930,249,21,66,20.71,0.9866,0.5655,0.210730,42,22,29,357.63,0.3560,0.1274,0.011548,4.236
210395,520,387,907,230,57,181,342.08,0.8873,0.5879,0.230880,67,6,31,2.19,0.8227,0.1510,0.014227,4.373
210422,520,446,966,196,46,215,322.85,0.9101,0.5412,0.185976,0,15,40,255.50,0.9999,0.0753,0.004948,4.295
210442,520,424,944,153,96,243,297.82,0.8723,0.5622,0.216093,10,32,3,138.11,0.9574,0.1149,0.011041,4.359
210444,520,469,989,213,32,136,352.42,0.8990,0.5168,0.169591,12,3,1,44.41,0.6505,0.0376,0.001455,4.268
210452,520,392,912,233,16,214,332.96,0.9887,0.5903,0.225519,0,45,3,143.78,1.0000,0.1546,0.018833,4.003
210478,520,386,906,225,15,235,325.96,0.9918,0.5901,0.223496,58,21,6,41.65,0.7770,0.1469,0.014492,4.241
210510,520,461,981,231,0,112,3.61,1.0000,0.5334,0.181618,4,10,17,247.30,0.4092,0.0529,0.002834,4.384
210515,520,428,948,199,21,253,315.28,0.9911,0.5625,0.197717,22,16,50,287.31,0.6360,0.1021,0.007714,4.292
210517,520,464,984,182,64,185,326.81,0.7775,0.5151,0.171159,12,2,28,299.10,0.8209,0.0485,0.002054,4.249
210530,520,448,968,176,83,192,321.56,0.7096,0.5357,0.192234,25,4,38,309.88,0.7853,0.0754,0.004335,4.458
210532,520,393,913,247,32,141,357.80,0.9602,0.5857,0.227336,19,29,60,268.14,0.5787,0.1370,0.013434,4.372
210564,520,435,955,156,83,247,299.91,0.9256,0.5490,0.199701,44,1,20,358.25,0.8981,0.0924,0.006078,4.453
210570,520,379,899,241,79,112,12.46,0.8707,0.6038,0.254657,30,40,27,138.54,0.3113,0.1596,0.018727,4.433
210572,520,446,966,235,16,82,14.68,0.9829,0.5374,0.186451,20,15,19,332.94,0.1569,0.0791,0.005374,4.270
210577,520,360,880,238,96,116,14.62,0.8186,0.6220,0.278067,5,42,82,254.09,0.8698,0.1830,0.022973,4.496
210578,520,386,906,220,7,251,321.21,0.9971,0.5918,0.223347,6,4,111,266.48,0.9954,0.1485,0.012731,4.357
210587,520,104,624,250,204,240,333.80,0.9318,0.8784,0.698022,42,110,0,138.00,1.0000,0.3931,0.116437,4.494
210597,520,381,901,248,24,177,346.53,0.9789,0.5999,0.237873,28,41,32,154.25,0.2848,0.1625,0.019370,4.150
210598,520,461,981,168,58,244,306.79,0.9374,0.5318,0.178833,14,5,8,355.33,0.3576,0.0474,0.002194,4.384
210614,520,433,953,206,46,196,330.97,0.8909,0.5453,0.190632,9,17,56,269.32,0.8147,0.0993,0.007445,4.189
210623,520,440,960,237,42,38,28.04,0.9637,0.5476,0.198036,12,21,14,150.98,0.3312,0.0853,0.006462,4.393
210628,520,462,982,203,39,181,334.63,0.8872,0.5257,0.174857,22,3,11,353.44,0.6526,0.0541,0.002599,4.275
210645,520,299,819,213,132,188,339.25,0.5855,0.6692,0.342810,58,56,12,106.75,0.7807,0.2338,0.037545,4.487
210670,520,427,947,245,32,75,18.74,0.9701,0.5633,0.209570,42,12,6,33.93,0.7102,0.1018,0.007684,4.500
210697,520,306,826,244,103,198,342.22,0.8958,0.6716,0.330135,34,55,81,254.39,0.4458,0.2329,0.036664,4.386
210706,520,479,999,214,55,3,34.87,0.9947,0.5097,0.170376,1,0,2,311.99,1.0000,0.0114,0.000108,4.398
210715,520,468,988,207,26,174,337.78,0.9300,0.5216,0.170623,7,3,26,287.78,0.7696,0.0447,0.001849,4.255
210716,520,464,984,132,98,208,295.09,0.6836,0.5157,0.181950,16,3,19,320.85,0.6599,0.0496,0.002223,4.442
210719,520,304,824,252,121,26,49.06,0.9756,0.6721,0.344480,27,64,22,141.36,0.8932,0.2339,0.039576,4.404
210736,520,301,821,250,81,231,332.79,0.9760,0.6717,0.319812,20,64,29,147.61,0.8996,0.2318,0.039041,4.153
210760,520,393,913,209,58,238,320.51,0.9327,0.5885,0.227562,51,19,27,6.16,0.5247,0.1354,0.012488,4.442
210761,520,467,987,195,53,171,335.76,0.8113,0.5168,0.170903,20,1,2,20.11,0.8650,0.0434,0.001748,4.269
210769,520,427,947,211,5,227,324.40,0.9959,0.5579,0.195054,14,25,11,139.11,0.5158,0.0973,0.008128,4.216
210774,520,395,915,244,7,171,347.23,0.9937,0.5850,0.223285,0,28,80,260.22,1.0000,0.1431,0.014096,4.264
210796,520,421,941,201,0,255,315.60,1.0000,0.5625,0.196390,14,29,14,144.19,0.5694,0.1100,0.010038,4.104
210798,520,452,972,224,50,22,31.72,0.9694,0.5260,0.181892,2,16,33,251.12,0.7679,0.0741,0.004933,4.221
210808,520,374,894,252,64,43,30.39,0.9856,0.5966,0.245403,7,45,32,165.95,0.8662,0.1634,0.020261,4.204
210817,520,428,948,242,14,125,1.52,0.9841,0.5635,0.206753,42,5,39,331.49,0.7660,0.1043,0.007473,4.467
210823,520,391,911,223,86,139,359.30,0.7399,0.5894,0.242100,36,34,29,88.78,0.1063,0.1490,0.016078,4.421
210825,520,418,938,220,7,202,332.96,0.9919,0.5571,0.196342,29,19,59,290.80,0.6510,0.1227,0.010427,4.077
210841,520,455,975,167,68,231,308.58,0.8706,0.5305,0.181200,14,11,5,87.42,0.3221,0.0597,0.003437,4.327
210852,520,125,645,232,197,245,316.83,0.7792,0.8467,0.636816,48,101,82,167.78,0.5813,0.3805,0.105446,4.418
210892,520,260,780,217,145,222,324.53,0.6954,0.7143,0.402777,16,73,48,159.89,0.8954,0.2656,0.050884,4.488
210893,520,416,936,253,14,82,16.50,0.9916,0.5747,0.218097,38,19,46,315.15,0.5265,0.1243,0.010751,4.413
210907,520,417,937,205,57,221,323.64,0.9031,0.5692,0.211275,32,25,21,51.46,0.1672,0.1178,0.010565,4.314
210918,520,480,1000,165,64,213,312.55,0.8296,0.5087,0.164710,0,0,0,0.00,0.0000,0.0000,0.000000,4.294
210932,520,397,917,179,93,223,312.62,0.7857,0.5754,0.227410,29,34,32,169.64,0.0931,0.1427,0.015095,4.262
210976,520,275,795,243,141,61,55.11,0.8813,0.6969,0.384440,5,72,16,144.79,0.9912,0.2529,0.047042,4.477
210984,520,385,905,211,67,219,325.69,0.8847,0.5871,0.229795,50,20,62,315.16,0.6486,0.1547,0.015263,4.287
210997,520,397,917,191,78,238,314.23,0.8949,0.5820,0.226993,39,22,55,305.97,0.5537,0.1376,0.012810,4.410
210998,520,346,866,247,67,182,346.21,0.9339,0.6275,0.271690,37,50,19,128.14,0.6289,0.1949,0.027215,4.166
211005,520,407,927,246,3,115,5.21,0.9971,0.5661,0.208992,6,3,100,267.04,0.9954,0.1312,0.010238,4.299
211020,520,468,988,175,54,224,313.82,0.8905,0.5215,0.171351,5,0,33,281.17,1.0000,0.0411,0.001421,4.305
211021,520,380,900,231,77,166,348.70,0.8187,0.6026,0.250524,19,41,29,158.59,0.5155,0.1550,0.018130,4.411
211039,520,375,895,237,11,216,333.38,0.9936,0.5977,0.232045,39,5,104,286.34,0.9663,0.1646,0.015393,4.313
211043,520,385,905,237,80,48,33.33,0.9184,0.5861,0.239583,15,29,75,267.02,0.7804,0.1473,0.014882,4.463
211045,520,394,914,231,7,227,329.30,0.9961,0.5934,0.226895,11,21,84,268.45,0.9194,0.1375,0.012475,4.432
211046,520,220,740,238,153,205,342.86,0.7523,0.7485,0.453693,3,86,32,148.25,0.9949,0.3035,0.067789,4.276
211047,520,344,864,244,56,218,334.64,0.9517,0.6320,0.271263,76,26,3,42.51,0.9085,0.1900,0.022821,4.412
211071,520,330,850,250,90,139,5.09,0.9242,0.6413,0.295036,27,56,40,158.12,0.5439,0.2117,0.032145,4.200
211079,520,277,797,246,112,224,334.19,0.9424,0.6998,0.365655,8,67,73,205.61,0.8770,0.2537,0.045468,4.354
211080,520,438,958,228,8,155,348.70,0.9864,0.5463,0.190370,39,5,10,15.17,0.7583,0.0862,0.005619,4.322
211091,520,440,960,184,59,240,312.66,0.9224,0.5526,0.196106,24,0,63,290.91,1.0000,0.0915,0.005531,4.432
211096,520,333,853,243,92,169,351.95,0.8641,0.6427,0.295764,13,54,34,158.28,0.8504,0.1964,0.028393,4.411
211097,520,403,923,251,30,95,13.27,0.9741,0.5788,0.222676,11,37,4,139.18,0.9604,0.1320,0.014030,4.259
211103,520,414,934,210,34,239,321.08,0.9704,0.5746,0.210795,9,28,41,240.94,0.5630,0.1152,0.010486,4.312
211110,520,477,997,188,34,207,322.85,0.9247,0.5139,0.163418,2,2,0,109.77,1.0000,0.0218,0.000563,4.221
211119,520,382,902,255,41,111,9.52,1.0000,0.5967,0.239973,37,26,72,290.53,0.6353,0.1565,0.016000,4.394
211126,520,304,824,234,100,233,327.90,0.9054,0.6702,0.324921,16,63,36,154.27,0.8860,0.2285,0.037924,4.264
211143,520,392,912,239,12,189,341.00,0.9897,0.5857,0.222908,50,31,5,71.32,0.7740,0.1546,0.016691,4.092
211144,520,463,983,176,75,199,319.76,0.7618,0.5288,0.183868,14,5,21,309.54,0.5640,0.0529,0.002561,4.450
211152,520,472,992,233,11,5,29.31,0.9956,0.5230,0.175771,1,0,21,272.00,1.0000,0.0260,0.000606,4.461
211158,520,350,870,252,40,206,339.50,0.9826,0.6293,0.266725,85,14,18,23.44,0.8741,0.1946,0.022894,4.345
211161,520,458,978,194,78,140,349.99,0.6729,0.5293,0.188132,14,9,16,316.23,0.2612,0.0591,0.003262,4.471
211169,520,447,967,184,68,209,320.01,0.8208,0.5389,0.189292,0,21,11,162.46,1.0000,0.0763,0.005605,4.303
211171,520,452,972,219,63,41,31.21,0.9163,0.5305,0.187778,1,18,10,164.02,0.9281,0.0681,0.004610,4.354
211173,520,454,974,191,66,176,332.93,0.7665,0.5267,0.181089,22,10,13,3.50,0.3218,0.0690,0.004167,4.266
211212,520,475,995,227,23,82,14.11,0.9660,0.5231,0.175558,6,1,16,301.22,0.8035,0.0319,0.000978,4.425
211225,520,375,895,219,40,244,322.17,0.9705,0.5963,0.231113,24,24,90,275.02,0.8513,0.1580,0.015856,4.269
211233,520,457,977,189,9,239,315.74,0.9926,0.5314,0.172475,0,10,35,258.26,1.0000,0.0606,0.003384,4.167
211237,520,384,904,199,75,241,316.20,0.9183,0.5923,0.235265,10,32,72,261.16,0.7913,0.1496,0.015653,4.345
211241,520,410,930,220,47,191,336.22,0.9045,0.5676,0.210126,24,34,22,140.38,0.3363,0.1348,0.013962,4.067
211249,520,398,918,251,6,124,3.20,0.9951,0.5798,0.220983,7,13,94,267.42,0.9738,0.1351,0.011411,4.413
211253,520,320,840,228,93,237,325.17,0.9163,0.6545,0.304391,15,55,62,211.28,0.6889,0.2118,0.031816,4.332
211263,520,162,682,244,193,72,85.30,0.8715,0.8087,0.578427,1,100,6,142.95,0.9993,0.3490,0.091335,4.446
211281,520,379,899,252,55,90,17.30,0.9777,0.5955,0.241696,57,22,53,331.91,0.5824,0.1633,0.017008,4.353
211283,520,261,781,254,98,251,328.51,0.9964,0.7083,0.367740,29,72,68,187.14,0.5852,0.2746,0.053131,4.051
211295,520,442,962,202,51,191,331.31,0.8607,0.5392,0.186876,22,15,17,359.49,0.1709,0.0806,0.005527,4.266
211310,520,296,816,223,135,158,3.34,0.5835,0.6770,0.354864,42,63,24,132.49,0.7016,0.2411,0.041131,4.443
211312,520,360,880,253,45,187,345.14,0.9851,0.6241,0.263506,6,40,82,256.18,0.8616,0.1779,0.021654,4.375
211319,520,447,967,222,39,140,353.39,0.8950,0.5403,0.188767,16,20,10,126.05,0.3388,0.0847,0.006324,4.239
211322,520,400,920,164,114,195,311.55,0.5569,0.5755,0.238678,25,34,28,155.72,0.2113,0.1376,0.014345,4.486
211336,520,371,891,245,75,108,13.66,0.9072,0.6055,0.255306,4,28,102,264.15,0.9461,0.1692,0.018155,4.480
211341,520,454,974,232,14,83,13.93,0.9839,0.5307,0.180975,4,2,59,269.45,0.9884,0.0726,0.003850,4.289
211350,520,464,984,135,88,229,294.60,0.8144,0.5172,0.177875,0,9,25,251.63,1.0000,0.0514,0.002655,4.328
211353,520,407,927,235,70,3,36.74,0.9963,0.5675,0.220521,23,11,81,279.63,0.9148,0.1264,0.010155,4.497
211369,520,447,967,212,45,171,340.38,0.8710,0.5405,0.188163,19,16,18,337.97,0.0880,0.0800,0.005527,4.289
211372,520,356,876,178,109,247,304.59,0.8910,0.6163,0.271182,66,31,10,48.87,0.7189,0.1816,0.021603,4.486
211377,520,434,954,235,48,19,31.48,0.9800,0.5467,0.198262,37,9,28,341.99,0.6146,0.0956,0.006726,4.377
211386,520,431,951,242,2,65,19.72,0.9986,0.5458,0.193057,17,23,22,184.17,0.1402,0.0973,0.007899,4.198
211416,520,352,872,235,66,212,334.16,0.9169,0.6214,0.263146,26,8,132,272.46,0.9881,0.1933,0.020591,4.436
211421,520,320,840,220,101,235,323.05,0.8873,0.6522,0.305229,1,59,46,172.33,0.9882,0.2136,0.033315,4.264
211425,520,434,954,210,26,205,329.60,0.9590,0.5465,0.188502,24,18,35,299.52,0.3825,0.0979,0.007482,4.149
211431,520,378,898,251,46,139,359.98,0.9641,0.6007,0.243308,25,17,104,275.14,0.9382,0.1640,0.016070,4.439
211434,520,476,996,197,18,188,330.84,0.9568,0.5087,0.159355,0,0,16,264.05,1.0000,0.0204,0.000374,4.156
211440,520,438,958,216,67,118,3.83,0.7844,0.5457,0.199236,18,22,0,118.00,1.0000,0.0897,0.007024,4.371
211466,520,453,973,173,81,195,319.51,0.7230,0.5302,0.187102,3,11,44,265.68,0.8825,0.0724,0.004405,4.358
211474,520,467,987,192,64,168,336.15,0.7633,0.5216,0.177020,10,3,22,300.34,0.6987,0.0449,0.001876,4.376
211476,520,456,976,238,6,18,28.18,0.9972,0.5332,0.183544,1,6,43,265.13,0.9509,0.0603,0.003111,4.397
211478,520,468,988,194,75,119,0.24,0.6777,0.5168,0.178351,21,1,2,20.62,0.8764,0.0449,0.001855,4.404
211487,520,322,842,247,69,213,336.88,0.9539,0.6450,0.288374,17,39,110,265.81,0.8851,0.2065,0.026958,4.397
211488,520,458,978,143,77,254,294.85,0.9904,0.5311,0.183032,2,16,15,189.81,0.7146,0.0650,0.004180,4.301
211489,520,382,902,249,55,113,9.38,0.9489,0.5952,0.240678,15,8,116,269.38,0.9884,0.1638,0.015361,4.447
211495,520,423,943,227,21,175,342.39,0.9665,0.5578,0.199650,6,26,50,254.34,0.7171,0.1141,0.010077,4.155
211496,520,396,916,252,43,44,27.29,0.9874,0.5798,0.226088,25,36,19,135.06,0.4469,0.1410,0.015154,4.237
211541,520,405,925,197,56,252,314.01,0.9827,0.5789,0.217282,26,24,62,281.91,0.6112,0.1325,0.012207,4.297
211549,520,263,783,248,139,98,41.04,0.8818,0.7055,0.393063,16,73,31,148.17,0.9514,0.2615,0.049740,4.442
211553,520,373,893,240,84,32,37.15,0.9537,0.5955,0.249733,24,41,26,147.37,0.4501,0.1575,0.018546,4.373
211555,520,443,963,187,0,252,312.47,1.0000,0.5376,0.175943,25,11,24,329.46,0.4286,0.0791,0.005120,4.099
211564,520,425,945,226,41,160,347.42,0.9054,0.5582,0.202953,1,29,42,231.69,0.9191,0.1145,0.010523,4.179
211567,520,471,991,230,25,24,28.42,0.9828,0.5222,0.175873,1,1,32,268.11,0.9844,0.0385,0.001324,4.401
211584,520,152,672,233,191,198,6.92,0.4565,0.8176,0.586636,10,98,70,164.75,0.9637,0.3542,0.092417,4.470
211586,520,471,991,212,11,156,344.65,0.9714,0.5160,0.166390,11,3,19,307.71,0.6524,0.0441,0.001833,4.175
211591,520,125,645,255,192,219,351.40,1.0000,0.8514,0.640755,34,106,5,139.52,0.9945,0.3769,0.106587,4.411
211597,520,344,864,252,64,164,353.05,0.9685,0.6259,0.270459,30,42,71,265.99,0.4613,0.1873,0.023868,4.338
211606,520,369,889,248,33,189,343.22,0.9706,0.6095,0.247215,0,25,105,263.37,1.0007,0.1655,0.017150,4.426
211610,520,460,980,168,86,189,319.10,0.6761,0.5269,0.186554,17,11,2,83.68,0.6458,0.0619,0.003629,4.411
211629,520,408,928,230,82,12,39.74,0.9814,0.5733,0.228869,37,30,7,92.48,0.6629,0.1341,0.013372,4.400
211647,520,454,974,227,28,91,11.40,0.9510,0.5275,0.179196,7,18,15,175.35,0.3823,0.0740,0.005123,4.158
211670,520,342,862,238,42,248,325.91,0.9795,0.6318,0.266129,80,18,15,27.34,0.8400,0.1878,0.021729,4.407
211675,520,409,929,177,113,144,349.52,0.4093,0.5657,0.231720,16,29,57,263.82,0.5829,0.1327,0.012842,4.483
211693,520,423,943,239,34,108,7.71,0.9482,0.5598,0.205807,49,7,29,352.56,0.7336,0.1147,0.008937,4.340
211700,520,378,898,216,95,163,347.92,0.6962,0.6001,0.254297,24,44,8,133.84,0.8855,0.1636,0.020130,4.339
211713,520,397,917,248,2,145,355.92,0.9981,0.5805,0.220477,16,38,11,140.00,0.8492,0.1391,0.015205,4.148
211724,520,417,937,222,82,91,19.98,0.7818,0.5681,0.223220,32,28,14,94.02,0.3854,0.1238,0.011693,4.429
211732,520,465,985,205,49,155,344.23,0.8270,0.5226,0.175444,11,2,26,299.29,0.8059,0.0461,0.001891,4.345
211737,520,419,939,247,30,62,22.14,0.9776,0.5643,0.210541,22,17,61,282.39,0.7293,0.1136,0.009084,4.410
211755,520,255,775,255,130,166,3.23,1.0000,0.7171,0.399813,24,67,97,242.59,0.6702,0.2726,0.050713,4.466
211757,520,322,842,240,61,253,325.02,0.9926,0.6510,0.289571,66,41,33,38.50,0.3568,0.2086,0.028541,4.324
211758,520,198,718,242,175,82,72.61,0.8280,0.7676,0.501484,33,87,39,145.61,0.8930,0.3167,0.072860,4.489
211760,520,438,958,196,34,239,317.29,0.9646,0.5518,0.191133,6,5,67,269.92,0.9753,0.0889,0.005525,4.343
211778,520,478,998,221,14,76,14.87,0.9799,0.5059,0.162108,1,0,19,273.06,1.0000,0.0243,0.000535,4.197
211780,520,186,706,251,173,142,42.50,0.8625,0.7852,0.523516,1,90,79,180.78,0.9937,0.3297,0.078829,4.452
211783,520,469,989,177,37,239,311.70,0.9534,0.5237,0.169032,0,6,15,243.78,1.0000,0.0386,0.001647,4.241
211785,520,289,809,253,115,146,8.28,0.9483,0.6836,0.352225,8,64,72,209.68,0.8646,0.2435,0.041861,4.379
211786,520,409,929,172,101,202,315.04,0.6589,0.5655,0.223430,40,20,46,318.07,0.5109,0.1290,0.011487,4.447
211789,520,388,908,232,41,200,336.55,0.9462,0.5904,0.229144,41,18,72,298.81,0.7381,0.1469,0.013719,4.381
211791,520,419,939,234,60,80,19.81,0.8977,0.5625,0.213063,25,23,32,295.02,0.1989,0.1092,0.009237,4.441
211795,520,421,941,226,49,142,354.19,0.8731,0.5560,0.203210,9,22,59,265.77,0.7833,0.1130,0.009476,4.257
211796,520,456,976,180,87,167,332.88,0.6310,0.5334,0.193109,1,17,1,142.85,0.9825,0.0628,0.004095,4.494
211807,520,449,969,172,45,255,306.50,1.0000,0.5360,0.178682,9,12,38,274.27,0.6565,0.0738,0.004609,4.188
211817,520,450,970,191,19,245,314.85,0.9857,0.5423,0.181360,33,2,2,26.60,0.9160,0.0676,0.003712,4.307
211833,520,399,919,239,13,176,344.73,0.9869,0.5790,0.217762,65,8,3,30.94,0.9421,0.1422,0.013043,4.247
211852,520,455,975,213,48,146,349.60,0.8435,0.5323,0.183376,26,2,8,4.82,0.7648,0.0572,0.002806,4.420
211873,520,411,931,200,56,229,320.19,0.9140,0.5660,0.207664,51,14,17,18.43,0.6521,0.1240,0.010585,4.253
211880,520,410,930,215,86,132,0.88,0.7061,0.5732,0.227708,17,34,10,137.41,0.7608,0.1267,0.012851,4.419
211886,520,441,961,132,100,236,290.10,0.8234,0.5407,0.200759,21,8,54,288.92,0.8138,0.0911,0.005994,4.478
211888,520,442,962,239,8,30,26.86,0.9960,0.5365,0.186215,2,17,38,254.42,0.8080,0.0799,0.005537,4.253
211897,520,428,948,184,61,245,311.44,0.9422,0.5585,0.201214,28,14,40,307.10,0.5573,0.0977,0.007142,4.396
211903,520,396,916,222,81,123,5.42,0.7542,0.5755,0.228470,33,30,39,300.33,0.1723,0.1390,0.013984,4.352
211912,520,475,995,210,17,165,341.30,0.9562,0.5186,0.168214,7,0,10,319.87,1.0000,0.0267,0.000671,4.306
211919,520,464,984,158,62,239,304.23,0.9108,0.5179,0.169469,16,7,1,67.95,0.7304,0.0520,0.002643,4.169
211922,520,392,912,230,23,214,332.26,0.9806,0.5870,0.222934,39,26,63,297.57,0.5568,0.1516,0.015290,4.180
211940,520,479,999,196,49,170,336.33,0.8254,0.5144,0.168364,1,0,6,289.16,1.0000,0.0150,0.000196,4.350
211945,520,404,924,238,72,1,37.09,0.9988,0.5756,0.228172,39,21,50,311.31,0.5259,0.1321,0.011980,4.488
211981,520,435,955,221,71,62,27.55,0.8645,0.5465,0.202290,2,13,61,264.78,0.9435,0.0922,0.006376,4.475
211998,520,435,955,215,64,132,357.13,0.7904,0.5455,0.197821,22,10,48,292.78,0.7285,0.0899,0.006011,4.425
211999,520,429,949,133,96,253,288.93,0.9739,0.5487,0.204439,35,20,0,74.67,1.0000,0.1050,0.008577,4.344
212023,520,436,956,236,31,98,10.47,0.9535,0.5493,0.196978,32,0,49,310.59,1.0000,0.0879,0.005289,4.467
212024,520,377,897,234,54,190,340.16,0.9131,0.5973,0.238512,3,44,47,202.31,0.8988,0.1648,0.020259,4.106
212025,520,472,992,209,48,135,352.86,0.8302,0.5199,0.174207,4,3,0,99.32,1.0000,0.0281,0.000909,4.404
212060,520,216,736,225,157,241,319.82,0.8410,0.7560,0.464736,2,84,50,157.77,0.9930,0.3002,0.065835,4.444
212062,520,427,947,200,11,253,315.67,0.9943,0.5614,0.196120,32,17,17,19.56,0.3192,0.0979,0.007485,4.281
212066,520,346,866,225,117,85,37.31,0.7297,0.6278,0.293883,26,50,45,179.15,0.4088,0.1938,0.026902,4.472
212111,520,432,952,237,6,116,3.45,0.9922,0.5485,0.193989,14,12,62,276.00,0.8677,0.0992,0.007041,4.277
212112,520,444,964,152,74,251,298.77,0.9656,0.5352,0.185383,7,21,10,149.94,0.6042,0.0809,0.006034,4.201
212145,520,466,986,72,103,254,269.17,0.9950,0.5151,0.182330,9,3,27,292.05,0.7682,0.0473,0.002023,4.466
212157,520,380,900,251,72,49,30.80,0.9788,0.6033,0.253692,28,39,31,153.18,0.2480,0.1561,0.017968,4.468
212165,520,391,911,221,65,192,336.45,0.8589,0.5854,0.229608,51,23,47,332.67,0.5053,0.1519,0.015219,4.287
212174,520,417,937,235,53,112,7.47,0.8914,0.5660,0.213812,0,34,2,143.90,1.0000,0.1162,0.011484,4.291
212190,520,409,929,174,89,239,307.30,0.8683,0.5741,0.223761,60,3,32,355.66,0.8526,0.1332,0.011302,4.466
212192,520,478,998,152,64,231,303.65,0.8769,0.5052,0.161122,2,0,7,299.60,1.0000,0.0177,0.000282,4.199
212199,520,416,936,233,18,174,344.04,0.9765,0.5678,0.208151,27,16,66,286.92,0.7591,0.1215,0.009969,4.305
212207,520,374,894,201,72,253,314.21,0.9862,0.6008,0.241454,69,14,13,25.96,0.8314,0.1592,0.016086,4.410
212225,520,341,861,238,44,239,327.97,0.9736,0.6269,0.262131,47,30,96,289.82,0.7217,0.1972,0.023774,4.231
212228,520,377,897,237,90,54,34.90,0.8977,0.6001,0.255862,3,39,68,247.81,0.8703,0.1626,0.018876,4.441
212239,520,429,949,223,72,37,34.18,0.9236,0.5486,0.204589,25,4,64,290.11,0.9197,0.0998,0.006637,4.495
212254,520,448,968,155,80,247,299.90,0.9297,0.5435,0.194216,7,2,63,272.07,0.9867,0.0797,0.004474,4.483
212257,520,438,958,215,60,154,347.89,0.8127,0.5506,0.200141,9,10,60,272.47,0.9125,0.0906,0.006014,4.466
212272,520,405,925,252,16,115,6.47,0.9873,0.5812,0.223075,41,13,64,305.44,0.7593,0.1324,0.011295,4.455
212285,520,427,947,211,41,205,329.80,0.9245,0.5563,0.198445,12,23,37,254.97,0.4358,0.1008,0.008245,4.266
212287,520,382,902,242,33,195,340.19,0.9676,0.6015,0.239081,65,21,25,17.57,0.6327,0.1640,0.017305,4.295
212288,520,408,928,202,57,229,320.74,0.9139,0.5700,0.211415,17,29,46,257.16,0.4312,0.1258,0.011951,4.220
212295,520,466,986,221,31,117,1.16,0.9211,0.5247,0.176391,14,4,9,346.07,0.4426,0.0454,0.001999,4.354
212300,520,355,875,222,69,240,323.31,0.9367,0.6204,0.260791,35,42,58,266.14,0.2678,0.1833,0.023187,4.247
212307,520,372,892,254,49,140,0.39,0.9899,0.6088,0.251645,22,29,93,271.66,0.8431,0.1696,0.018395,4.410
212308,520,237,757,202,157,238,309.17,0.7341,0.7283,0.428441,4,83,20,145.12,0.9946,0.2916,0.062626,4.248
212329,520,373,893,220,51,231,325.33,0.9453,0.5959,0.233549,34,25,78,285.70,0.7020,0.1566,0.015854,4.306
212331,520,356,876,213,99,208,329.15,0.7737,0.6235,0.276256,15,52,0,138.29,1.0000,0.1844,0.025575,4.317
212335,520,320,840,249,85,175,350.32,0.9308,0.6467,0.297350,66,37,53,346.23,0.3824,0.2068,0.027386,4.489
212342,520,465,985,161,84,195,314.30,0.6973,0.5178,0.178585,11,4,28,294.06,0.7224,0.0521,0.002418,4.361
212344,520,451,971,210,52,163,342.82,0.8346,0.5384,0.188041,19,0,52,291.49,1.0000,0.0737,0.003864,4.419
212347,520,448,968,165,79,233,306.43,0.8555,0.5435,0.194751,29,11,21,346.74,0.4464,0.0833,0.005547,4.406
212350,520,371,891,243,18,214,335.26,0.9899,0.6089,0.243453,16,46,43,186.55,0.5824,0.1746,0.022385,4.054
212361,520,284,804,241,110,227,331.74,0.9213,0.6911,0.354010,37,68,17,135.41,0.8996,0.2526,0.045679,4.223
212364,520,385,905,250,26,137,359.41,0.9731,0.5876,0.228724,50,28,8,60.31,0.6666,0.1479,0.015262,4.271
212372,520,436,956,202,7,235,320.18,0.9945,0.5491,0.187083,24,16,31,308.09,0.3713,0.0913,0.006637,4.186
212373,520,411,931,224,66,149,352.53,0.8161,0.5708,0.219162,38,21,39,324.90,0.4119,0.1241,0.010949,4.416
212377,520,340,860,254,55,204,340.75,0.9933,0.6410,0.281661,54,43,32,66.62,0.2523,0.1963,0.026164,4.355
212387,520,446,966,216,67,115,5.14,0.7856,0.5447,0.198534,6,17,35,258.89,0.5970,0.0806,0.005609,4.469
212389,520,478,998,193,79,62,30.75,0.7453,0.5059,0.172790,0,2,8,253.83,0.9999,0.0231,0.000609,4.402
212396,520,450,970,233,43,12,31.45,0.9880,0.5385,0.190810,15,12,20,301.67,0.2464,0.0679,0.004150,4.447
212434,520,462,982,193,39,218,321.36,0.9302,0.5335,0.178519,20,1,10,349.45,0.7844,0.0463,0.001924,4.401
212444,520,303,823,232,114,197,339.96,0.7907,0.6689,0.332238,46,57,29,126.45,0.4870,0.2268,0.035958,4.447
212445,520,424,944,155,98,229,301.01,0.7856,0.5572,0.213614,7,18,68,267.30,0.9037,0.1121,0.008951,4.472
212452,520,408,928,252,20,33,27.20,0.9914,0.5677,0.213093,52,20,1,50.20,0.9176,0.1332,0.012327,4.221
212463,520,430,950,247,6,39,25.64,0.9972,0.5541,0.200545,13,4,75,274.23,0.9767,0.1019,0.006804,4.411
212467,520,391,911,242,24,179,344.65,0.9751,0.5895,0.227883,59,20,16,28.23,0.6551,0.1487,0.014677,4.296
212504,520,359,879,242,11,230,331.11,0.9956,0.6156,0.248326,28,47,12,133.12,0.8178,0.1768,0.023064,4.083
212510,520,436,956,203,62,185,333.55,0.8166,0.5477,0.196463,29,1,57,300.26,0.9642,0.0929,0.005783,4.418
212519,520,417,937,222,28,214,330.30,0.9695,0.5746,0.212174,31,20,44,303.86,0.4701,0.1159,0.009735,4.389
212520,520,405,925,248,50,37,29.27,0.9730,0.5760,0.223748,51,16,24,8.48,0.5868,0.1292,0.011404,4.458
212540,520,446,966,219,20,179,339.25,0.9633,0.5446,0.188174,4,12,45,266.57,0.8594,0.0759,0.004782,4.348
212549,520,406,926,254,2,89,14.27,0.9988,0.5758,0.218393,8,34,38,209.07,0.6357,0.1309,0.013356,4.236
212556,520,413,933,207,68,199,330.30,0.8325,0.5691,0.215250,10,18,74,269.18,0.9084,0.1202,0.009915,4.427
212569,520,397,917,249,56,14,32.69,0.9894,0.5816,0.230034,25,36,20,136.24,0.4228,0.1412,0.015189,4.296
212592,520,469,989,167,55,232,309.26,0.9011,0.5172,0.167748,2,6,13,251.34,0.5032,0.0398,0.001722,4.210
212626,520,476,996,164,23,248,306.26,0.9797,0.5051,0.152833,1,1,1,0.00,0.0000,0.0164,0.000304,4.032
212634,520,387,907,221,69,185,338.84,0.8362,0.5857,0.231334,1,38,52,228.32,0.9482,0.1478,0.016405,4.237
212636,520,436,956,242,28,62,21.69,0.9768,0.5529,0.200589,13,21,30,251.89,0.3124,0.0924,0.007156,4.384
212640,520,370,890,199,107,195,328.80,0.6608,0.6087,0.265990,6,41,74,251.15,0.8187,0.1741,0.021189,4.439
212642,520,464,984,221,10,134,354.21,0.9778,0.5233,0.173131,7,8,7,145.39,0.0648,0.0473,0.002342,4.263
212667,520,445,965,216,24,185,336.76,0.9543,0.5439,0.187573,25,14,13,24.95,0.2717,0.0808,0.005498,4.281
212678,520,458,978,219,25,153,347.60,0.9383,0.5328,0.180577,32,1,5,15.59,0.9107,0.0646,0.003398,4.318
212695,520,373,893,247,68,76,23.27,0.9488,0.5950,0.244336,46,23,69,304.25,0.6482,0.1595,0.016233,4.444
212701,520,381,901,216,107,95,27.93,0.6820,0.5978,0.259427,9,43,49,211.56,0.7123,0.1649,0.020075,4.416
212721,520,402,922,217,37,228,325.46,0.9619,0.5798,0.216783,19,5,90,275.32,0.9780,0.1271,0.009851,4.457
212739,520,440,960,247,17,6,29.48,0.9959,0.5548,0.201918,41,5,23,353.44,0.7349,0.0941,0.006419,4.465
212748,520,453,973,233,35,26,29.08,0.9731,0.5339,0.186034,25,9,14,0.68,0.4190,0.0714,0.004338,4.344
212754,520,448,968,181,43,246,311.15,0.9566,0.5398,0.182064,12,18,6,129.58,0.4958,0.0751,0.005239,4.201
212761,520,396,916,254,39,3,31.14,0.9981,0.5792,0.225322,28,0,101,279.71,1.0000,0.1441,0.011864,4.450
212768,520,393,913,203,74,233,319.43,0.8908,0.5915,0.234787,9,34,57,249.32,0.6845,0.1427,0.014975,4.383
212772,520,422,942,233,13,155,349.87,0.9812,0.5572,0.199810,28,19,47,296.39,0.5281,0.1123,0.009179,4.221
212789,520,435,955,169,80,232,308.00,0.8505,0.5495,0.199992,23,8,50,294.09,0.7784,0.0896,0.005861,4.475
212796,520,388,908,186,78,253,309.25,0.9825,0.5863,0.229807,17,32,65,263.89,0.6302,0.1473,0.015338,4.282
212803,520,458,978,218,37,144,350.93,0.8935,0.5330,0.182446,3,12,17,228.69,0.5130,0.0566,0.003228,4.367
212805,520,200,720,254,148,225,338.02,0.9901,0.7688,0.476892,76,80,8,113.07,0.9192,0.3237,0.072914,4.287
212808,520,408,928,240,14,158,350.43,0.9840,0.5726,0.213111,18,35,25,157.34,0.4364,0.1342,0.014008,4.111
212823,520,436,956,211,19,215,327.28,0.9782,0.5526,0.192229,8,0,75,270.93,1.0000,0.0928,0.005596,4.357
212828,520,233,753,252,121,251,327.73,0.9868,0.7357,0.413377,63,71,57,131.85,0.1884,0.2925,0.058586,4.267
212832,520,377,897,236,73,150,355.57,0.8401,0.6003,0.248028,21,40,38,187.25,0.3640,0.1565,0.018169,4.372
212846,520,313,833,246,68,248,327.55,0.9771,0.6632,0.305071,58,39,84,301.52,0.5315,0.2182,0.029907,4.444
212851,520,337,857,191,117,238,310.69,0.8189,0.6399,0.299728,17,52,65,225.88,0.6345,0.2048,0.029567,4.395
212868,520,318,838,235,107,182,346.43,0.7941,0.6561,0.315574,37,52,66,247.12,0.2895,0.2177,0.032426,4.435
212870,520,443,963,204,66,152,346.18,0.7630,0.5364,0.190027,13,12,36,281.90,0.5813,0.0753,0.004759,4.383
212896,520,322,842,244,63,232,331.02,0.9552,0.6457,0.286171,37,56,6,128.70,0.9267,0.2123,0.032348,4.082
212898,520,313,833,248,77,219,335.56,0.9607,0.6576,0.303816,44,33,118,281.19,0.8139,0.2217,0.029311,4.461
212928,520,413,933,252,15,52,23.76,0.9930,0.5681,0.212888,3,33,23,167.33,0.9025,0.1191,0.011689,4.262
212943,520,382,902,165,115,226,302.90,0.7241,0.5974,0.257521,16,44,29,157.90,0.6596,0.1630,0.020002,4.393
212949,520,388,908,238,52,156,352.03,0.9015,0.5868,0.230364,51,24,45,335.90,0.4741,0.1527,0.015466,4.283
212956,520,467,987,220,51,51,26.27,0.9216,0.5214,0.178250,11,0,19,312.63,1.0000,0.0364,0.001182,4.460
212969,520,411,931,223,49,177,341.37,0.8887,0.5668,0.210614,44,0,58,316.05,1.0000,0.1155,0.008410,4.462
212983,520,346,866,247,55,203,339.44,0.9522,0.6281,0.268214,84,11,4,30.68,0.9548,0.1876,0.021333,4.461
212985,520,388,908,222,59,209,331.59,0.9035,0.5914,0.232632,52,25,19,33.52,0.4834,0.1465,0.014724,4.367
212992,520,417,937,247,32,77,18.34,0.9712,0.5678,0.213465,46,16,20,13.74,0.5429,0.1191,0.010020,4.390
212999,520,375,895,213,58,243,320.43,0.9471,0.5985,0.236451,56,23,50,334.61,0.5468,0.1616,0.016839,4.286
213015,520,386,906,216,49,241,321.92,0.9553,0.5949,0.231483,1,39,56,232.90,0.9481,0.1534,0.017429,4.175
213022,520,441,961,190,27,239,315.76,0.9731,0.5388,0.179643,4,8,69,267.53,0.9696,0.0947,0.006291,4.080
213023,520,400,920,232,28,193,338.39,0.9656,0.5798,0.218393,18,11,97,272.80,0.9660,0.1425,0.012309,4.307
213031,520,467,987,183,10,232,315.61,0.9898,0.5159,0.161118,5,0,29,284.24,1.0000,0.0375,0.001210,4.123
213042,520,435,955,216,15,198,333.05,0.9793,0.5490,0.190200,36,10,27,342.91,0.5783,0.0950,0.006713,4.235
213052,520,433,953,183,80,210,318.74,0.7833,0.5534,0.204588,26,7,62,291.25,0.8588,0.1031,0.007194,4.451
213064,520,468,988,231,20,23,28.21,0.9876,0.5222,0.175542,12,2,5,356.49,0.5689,0.0364,0.001325,4.394
213085,520,355,875,248,17,213,336.62,0.9917,0.6172,0.251646,60,30,49,342.56,0.4426,0.1809,0.021111,4.242
213087,520,341,861,239,38,244,327.08,0.9814,0.6287,0.262712,38,51,32,136.07,0.3794,0.2018,0.028840,3.966
213090,520,447,967,240,4,31,26.60,0.9980,0.5379,0.187144,28,0,46,308.28,1.0000,0.0793,0.004442,4.356
213092,520,443,963,192,64,200,325.40,0.8218,0.5409,0.190448,23,6,46,298.12,0.7911,0.0828,0.005097,4.364
213093,520,404,924,251,37,59,23.63,0.9812,0.5758,0.221518,27,21,62,285.52,0.6529,0.1271,0.011171,4.439
213113,520,440,960,242,15,87,13.90,0.9865,0.5529,0.199104,18,13,48,284.62,0.6892,0.0910,0.006298,4.425
213139,520,436,956,222,42,154,348.57,0.8899,0.5485,0.195211,17,15,44,282.70,0.6071,0.0907,0.006427,4.346
213141,520,472,992,149,79,233,300.56,0.8532,0.5229,0.178650,7,2,4,350.25,0.4246,0.0304,0.000974,4.486
213145,520,463,983,229,44,39,28.05,0.9540,0.5326,0.186088,0,10,27,251.92,1.0000,0.0548,0.002962,4.458
213147,520,462,982,213,33,158,344.67,0.9036,0.5277,0.177048,9,9,11,285.82,0.0763,0.0527,0.002776,4.302
213160,520,429,949,190,48,234,316.32,0.9311,0.5474,0.190029,14,19,42,272.20,0.5284,0.0955,0.007263,4.192
213162,520,453,973,176,54,237,311.10,0.9163,0.5336,0.179838,27,5,16,350.76,0.6142,0.0675,0.003790,4.273
213163,520,365,885,201,83,250,314.26,0.9623,0.6112,0.255074,39,37,46,295.44,0.1495,0.1674,0.019517,4.388
213168,520,359,879,232,94,139,2.76,0.7693,0.6158,0.270279,16,42,66,248.79,0.6144,0.1750,0.021593,4.474
213177,520,474,994,229,20,9,29.50,0.9914,0.5173,0.171811,2,4,11,263.84,0.4831,0.0335,0.001239,4.329
213187,520,314,834,237,105,196,341.17,0.8402,0.6625,0.320956,11,61,25,148.49,0.9551,0.2175,0.034787,4.375
213193,520,374,894,243,69,136,1.81,0.8876,0.6037,0.250916,71,13,24,14.70,0.7821,0.1646,0.016936,4.496
213201,520,375,895,222,67,217,329.33,0.8993,0.6037,0.245558,45,32,50,316.41,0.3210,0.1641,0.018212,4.333
213225,520,402,922,178,92,232,310.06,0.8283,0.5787,0.229462,50,21,17,29.26,0.5297,0.1345,0.012550,4.468
213231,520,366,886,242,15,215,334.78,0.9919,0.6070,0.241281,54,34,5,72.40,0.7983,0.1680,0.019394,4.198
213252,520,332,852,233,102,160,354.91,0.7643,0.6366,0.293669,27,54,24,141.82,0.7322,0.2010,0.029372,4.330
213266,520,311,831,251,52,246,329.32,0.9863,0.6582,0.296220,9,54,81,240.87,0.8020,0.2182,0.032903,4.176
213273,520,2,522,255,255,255,0.00,0.0000,1.0000,1.000000,9,139,12,142.70,0.9965,0.4816,0.185491,4.459
213274,520,393,913,228,32,211,332.55,0.9657,0.5851,0.222326,38,17,68,298.12,0.7319,0.1378,0.012303,4.371
213275,520,437,957,221,21,185,337.98,0.9656,0.5521,0.194137,11,11,59,274.12,0.8835,0.0924,0.006262,4.339
213279,520,480,1000,168,85,161,330.49,0.6002,0.5089,0.173960,0,0,0,0.00,0.0000,0.0000,0.000000,4.479
213280,520,433,953,241,30,70,19.66,0.9712,0.5531,0.200749,43,0,46,325.42,1.0000,0.1038,0.007109,4.391
213282,520,403,923,251,6,137,359.07,0.9950,0.5843,0.224492,4,35,39,207.20,0.8034,0.1326,0.013743,4.306
213290,520,458,978,218,63,36,32.30,0.9267,0.5281,0.185904,2,14,25,243.12,0.7027,0.0644,0.003972,4.371
213292,520,341,861,221,123,43,54.88,0.8565,0.6275,0.297147,45,46,52,278.21,0.0893,0.2011,0.027598,4.474
213295,520,384,904,247,47,130,2.42,0.9354,0.5905,0.234223,55,23,22,23.25,0.5184,0.1484,0.014831,4.384
213296,520,467,987,194,47,186,330.50,0.8535,0.5189,0.170492,13,0,28,303.74,1.0000,0.0449,0.001694,4.265
213309,520,331,851,201,111,234,316.24,0.8266,0.6403,0.297280,50,47,26,101.17,0.3962,0.2008,0.027857,4.460
213331,520,392,912,214,101,103,20.82,0.6661,0.5861,0.245849,35,36,5,111.17,0.7941,0.1482,0.016300,4.462
213341,520,309,829,231,119,146,6.06,0.6969,0.6557,0.322602,26,59,29,145.72,0.7622,0.2180,0.034361,4.417
213362,520,468,988,193,82,88,19.38,0.6632,0.5161,0.180784,3,2,25,277.11,0.8863,0.0374,0.001330,4.496
213371,520,396,916,211,60,223,324.76,0.9075,0.5830,0.224101,14,17,94,270.19,0.9496,0.1442,0.013023,4.349
213374,520,395,915,235,0,216,332.92,1.0000,0.5920,0.226227,41,32,3,91.84,0.8512,0.1440,0.015111,4.242
213376,520,411,931,182,88,213,316.96,0.7637,0.5653,0.217296,53,10,4,32.41,0.8734,0.1195,0.009829,4.468
213378,520,435,955,193,52,226,319.00,0.9115,0.5492,0.192858,44,1,4,22.49,0.9659,0.0880,0.005660,4.363
213393,520,299,819,220,114,234,322.83,0.8638,0.6708,0.331924,24,62,51,171.75,0.6202,0.2333,0.038783,4.302
213407,520,394,914,194,78,239,314.95,0.9018,0.5871,0.231513,23,26,74,275.28,0.7206,0.1449,0.014153,4.388
213417,520,459,979,221,28,135,354.41,0.9286,0.5300,0.179545,4,10,27,264.10,0.6187,0.0583,0.003220,4.313
213418,520,330,850,245,51,233,331.03,0.9683,0.6392,0.276662,61,44,19,75.17,0.5598,0.2056,0.028406,4.166
213419,520,420,940,242,42,56,24.45,0.9608,0.5599,0.208221,6,16,72,267.27,0.9335,0.1122,0.008771,4.394
213423,520,357,877,248,28,215,336.16,0.9840,0.6218,0.256964,47,34,63,303.76,0.4247,0.1789,0.021073,4.319
213438,520,300,820,250,80,228,333.59,0.9749,0.6690,0.316656,14,39,135,265.64,0.9404,0.2335,0.032934,4.421
213454,520,292,812,246,121,129,17.72,0.8442,0.6774,0.348554,2,64,66,198.38,0.9668,0.2390,0.040728,4.393
213469,520,441,961,237,23,28,27.83,0.9862,0.5365,0.187044,38,0,43,323.11,1.0000,0.0927,0.005865,4.243
213482,520,410,930,241,48,75,20.07,0.9400,0.5651,0.213260,49,20,14,32.98,0.5661,0.1301,0.011851,4.256
213484,520,430,950,168,106,163,329.70,0.4761,0.5480,0.212780,12,22,47,265.67,0.5891,0.1049,0.008572,4.486
213487,520,407,927,253,25,35,27.22,0.9925,0.5718,0.217030,43,8,62,310.31,0.8092,0.1274,0.010351,4.425
213488,520,444,964,120,98,251,284.27,0.9553,0.5379,0.196931,13,13,42,278.92,0.6507,0.0818,0.005406,4.457
213506,520,473,993,153,54,254,300.22,0.9935,0.5167,0.165668,11,0,3,358.00,1.0000,0.0283,0.000777,4.247
213540,520,428,948,177,81,223,312.96,0.8165,0.5551,0.205606,8,16,63,268.96,0.8876,0.1036,0.007810,4.421
213547,520,409,929,223,47,181,340.05,0.8987,0.5674,0.210596,37,16,57,304.57,0.6750,0.1255,0.010593,4.301
213556,520,467,987,180,84,149,341.42,0.6107,0.5196,0.182151,11,3,19,307.71,0.6524,0.0441,0.001833,4.479
213569,520,470,990,219,55,47,28.04,0.9165,0.5227,0.180003,18,0,6,355.93,1.0000,0.0393,0.001418,4.473
213571,520,36,556,250,241,236,51.32,0.4743,0.9578,0.892910,3,130,44,146.69,0.9980,0.4539,0.161658,4.455
213572,520,380,900,234,8,227,330.00,0.9959,0.5989,0.232148,21,39,45,221.15,0.3612,0.1566,0.017999,4.149
213585,520,452,972,226,45,46,26.67,0.9452,0.5280,0.182456,29,6,22,340.74,0.6163,0.0750,0.004494,4.266
213587,520,453,973,205,75,88,17.85,0.7419,0.5270,0.187180,20,5,42,297.32,0.7946,0.0742,0.004244,4.372
213589,520,457,977,232,37,33,28.26,0.9683,0.5335,0.185918,6,3,40,277.14,0.9235,0.0554,0.002570,4.488
213595,520,318,838,254,50,247,329.77,0.9966,0.6627,0.300705,60,46,43,32.21,0.1764,0.2155,0.030891,4.336
213601,520,358,878,247,41,204,338.94,0.9655,0.6196,0.257228,4,52,5,143.06,0.9888,0.1810,0.024926,4.100
213625,520,475,995,201,56,157,342.71,0.7967,0.5228,0.176821,9,1,3,359.74,0.6560,0.0291,0.000864,4.459
213648,520,462,982,199,22,212,324.83,0.9662,0.5306,0.174711,2,9,24,257.43,0.6982,0.0526,0.002742,4.261
213661,520,479,999,166,42,239,308.09,0.9413,0.5107,0.159957,0,0,6,264.05,1.0000,0.0126,0.000131,4.188
213671,520,220,740,238,142,251,322.65,0.9706,0.7499,0.444899,73,72,28,107.80,0.6302,0.2992,0.061351,4.445
213682,520,340,860,249,9,246,329.01,0.9978,0.6382,0.269919,89,10,30,13.44,0.8671,0.2025,0.024350,4.303
213695,520,339,859,247,96,108,18.74,0.9049,0.6355,0.292258,24,55,21,141.99,0.8465,0.2019,0.029806,4.289
213715,520,428,948,172,70,254,305.19,0.9915,0.5587,0.203074,43,8,12,17.33,0.7113,0.0989,0.007139,4.429
213721,520,282,802,237,142,18,63.74,0.9722,0.6873,0.373967,23,69,16,141.17,0.9546,0.2481,0.044757,4.474
213725,520,380,900,236,47,190,340.48,0.9320,0.5958,0.235864,64,24,0,48.65,1.0000,0.1628,0.017434,4.239
213728,520,359,879,236,23,242,326.93,0.9902,0.6162,0.248590,81,0,29,8.75,1.0000,0.1756,0.018384,4.366
213731,520,449,969,201,13,229,321.27,0.9881,0.5440,0.183642,7,18,10,152.56,0.4781,0.0725,0.004997,4.248
213764,520,395,915,251,26,138,359.26,0.9740,0.5900,0.230865,53,15,42,340.60,0.6381,0.1391,0.012658,4.483
213774,520,424,944,245,29,47,25.28,0.9808,0.5578,0.204999,24,22,34,291.85,0.2620,0.1067,0.008835,4.334
213798,520,443,963,239,23,32,27.29,0.9862,0.5411,0.190711,21,9,41,296.93,0.6853,0.0814,0.005149,4.365
213812,520,469,989,224,38,27,29.29,0.9645,0.5169,0.173155,4,4,21,278.51,0.6735,0.0409,0.001668,4.319
213831,520,375,895,250,58,102,13.62,0.9587,0.5968,0.243129,54,30,24,34.80,0.4004,0.1620,0.017789,4.324
213838,520,375,895,232,46,203,335.76,0.9392,0.5952,0.234242,71,9,36,359.91,0.7920,0.1645,0.016626,4.266
213846,520,404,924,207,25,254,317.12,0.9956,0.5775,0.211181,33,29,4,100.58,0.7720,0.1259,0.012108,4.205
213848,520,424,944,214,87,74,28.51,0.7687,0.5576,0.216092,7,26,50,255.34,0.6913,0.1146,0.010142,4.424
213863,520,378,898,229,38,221,330.21,0.9639,0.5963,0.232671,24,7,112,274.25,0.9824,0.1629,0.015159,4.338
213864,520,457,977,195,28,216,322.63,0.9549,0.5292,0.173920,9,15,3,128.15,0.6489,0.0643,0.004063,4.142
213870,520,413,933,183,76,239,311.52,0.8970,0.5689,0.214691,0,34,18,158.91,1.0000,0.1194,0.011877,4.278
213875,520,249,769,171,172,218,283.74,0.4363,0.7204,0.432247,9,81,3,141.91,0.9958,0.2842,0.059493,4.404
213883,520,370,890,242,34,204,337.73,0.9702,0.6070,0.243839,24,2,121,273.18,0.9962,0.1710,0.016180,4.440
213907,520,376,896,218,62,224,326.40,0.9145,0.5969,0.237345,46,15,83,298.89,0.8150,0.1599,0.015470,4.389
213911,520,472,992,149,89,204,305.74,0.7007,0.5164,0.178943,7,2,7,327.13,0.4990,0.0317,0.001039,4.486
213915,520,401,921,229,36,192,338.04,0.9463,0.5775,0.217281,15,28,70,267.17,0.7445,0.1404,0.013742,4.193
213923,520,418,938,201,59,208,325.95,0.8673,0.5557,0.201012,1,33,33,194.83,0.9476,0.1220,0.012039,4.046
213924,520,385,905,221,54,211,330.77,0.9158,0.5867,0.227158,15,4,112,269.88,0.9935,0.1542,0.013581,4.359
213934,520,333,853,243,48,250,326.58,0.9841,0.6450,0.280734,32,39,96,273.52,0.6963,0.2016,0.026025,4.350
213950,520,468,988,102,94,254,278.80,0.9917,0.5179,0.179854,5,2,23,286.04,0.8134,0.0381,0.001375,4.474
213952,520,408,928,250,11,108,8.25,0.9913,0.5739,0.216497,51,4,49,330.05,0.8185,0.1260,0.010125,4.432
213954,520,447,967,226,56,11,33.82,0.9857,0.5351,0.190241,33,3,22,344.93,0.7537,0.0761,0.004464,4.411
213990,520,453,973,167,71,220,310.95,0.8281,0.5256,0.178900,30,4,4,24.34,0.7684,0.0667,0.003717,4.261
213992,520,479,999,184,75,154,339.69,0.6772,0.5149,0.175570,1,0,5,292.48,1.0000,0.0142,0.000174,4.496
214010,520,366,886,221,110,84,34.40,0.7217,0.6089,0.271664,10,48,32,161.62,0.8427,0.1746,0.022826,4.417
214016,520,388,908,220,18,244,322.67,0.9908,0.5889,0.221820,5,32,78,260.20,0.8978,0.1530,0.016152,4.109
214023,520,383,903,233,35,216,332.46,0.9680,0.5986,0.234862,58,10,59,327.12,0.7699,0.1526,0.014325,4.428
214035,520,428,948,195,81,183,331.87,0.7289,0.5564,0.209074,17,24,17,144.89,0.2540,0.0984,0.008129,4.457
214036,520,417,937,232,16,175,343.49,0.9792,0.5658,0.206243,43,19,24,7.51,0.4319,0.1209,0.010454,4.239
214091,520,472,992,216,16,151,347.36,0.9606,0.5227,0.172063,1,4,9,248.35,0.5772,0.0315,0.001130,4.343
214094,520,441,961,221,50,124,0.05,0.8555,0.5403,0.191112,8,24,7,142.44,0.7807,0.0896,0.007202,4.215
214100,520,407,927,210,95,84,27.61,0.6996,0.5652,0.225282,44,25,12,54.18,0.5130,0.1322,0.012573,4.399
214101,520,371,891,207,91,226,321.81,0.8430,0.6139,0.262401,3,46,54,213.49,0.9016,0.1749,0.022396,4.315
214122,520,370,890,235,34,224,330.92,0.9747,0.6067,0.241907,54,18,77,308.96,0.7516,0.1698,0.017528,4.323
214140,520,448,968,229,2,148,351.10,0.9965,0.5437,0.188424,21,11,37,298.81,0.5925,0.0819,0.005323,4.310
214152,520,459,979,201,46,178,335.08,0.8554,0.5254,0.175877,23,7,12,0.44,0.4569,0.0642,0.003607,4.214
214153,520,265,785,246,139,132,24.62,0.8318,0.7097,0.397266,45,70,9,130.05,0.9353,0.2641,0.049578,4.492
214154,520,229,749,223,149,235,321.80,0.8031,0.7355,0.431823,61,70,64,156.42,0.1145,0.2900,0.057425,4.485
214157,520,349,869,241,26,249,326.50,0.9909,0.6306,0.262818,75,26,27,21.66,0.6412,0.1920,0.023140,4.277
214167,520,457,977,192,61,184,330.48,0.7997,0.5275,0.180062,6,9,31,272.68,0.6538,0.0605,0.003330,4.314
214173,520,419,939,209,38,223,324.58,0.9501,0.5633,0.202711,32,22,2,84.18,0.8281,0.1060,0.008853,4.294
214182,520,468,988,200,1,197,329.17,0.9980,0.5160,0.163341,4,4,23,277.74,0.7163,0.0422,0.001745,4.123
214185,520,410,930,232,72,81,21.78,0.8641,0.5717,0.223875,5,34,37,204.74,0.7508,0.1290,0.013098,4.340
214205,520,362,882,253,44,165,351.78,0.9825,0.6134,0.254041,67,22,44,352.61,0.6078,0.1762,0.019491,4.375
214217,520,468,988,180,4,245,311.94,0.9969,0.5212,0.163838,7,6,1,102.16,0.6472,0.0403,0.001776,4.130
214219,520,349,869,237,108,39,44.65,0.9230,0.6263,0.288790,45,47,15,112.36,0.6442,0.1931,0.026254,4.443
214220,520,412,932,215,49,213,328.65,0.9212,0.5739,0.214498,30,27,17,93.37,0.2676,0.1195,0.011004,4.336
214247,520,407,927,244,46,49,26.54,0.9603,0.5660,0.214123,51,13,37,344.97,0.6489,0.1301,0.011253,4.312
214258,520,414,934,219,11,216,329.09,0.9902,0.5653,0.202595,7,32,21,161.94,0.7445,0.1173,0.011323,4.119
214261,520,420,940,245,8,93,12.19,0.9932,0.5590,0.203799,45,9,32,344.94,0.6767,0.1113,0.008576,4.333
214269,520,379,899,234,92,47,37.42,0.9042,0.5969,0.253548,51,32,31,22.60,0.2829,0.1641,0.018358,4.441
214277,520,474,994,223,20,117,0.97,0.9570,0.5238,0.174754,3,2,20,280.02,0.8129,0.0339,0.001133,4.395
214291,520,365,885,234,40,233,328.46,0.9721,0.6138,0.248957,44,33,57,304.60,0.3762,0.1692,0.019186,4.321
214313,520,396,916,248,6,153,353.49,0.9946,0.5846,0.223900,20,38,19,143.01,0.5858,0.1433,0.015819,4.161
214327,520,452,972,222,63,17,34.96,0.9729,0.5347,0.191278,18,9,21,317.45,0.3976,0.0655,0.003781,4.486
214337,520,377,897,181,100,245,307.27,0.8922,0.6041,0.255314,41,37,14,99.62,0.5453,0.1594,0.018263,4.473
214343,520,385,905,228,68,179,342.68,0.8500,0.5936,0.238854,44,24,59,308.74,0.5571,0.1510,0.015045,4.441
214366,520,378,898,241,57,155,353.35,0.8967,0.5960,0.239966,58,7,73,316.79,0.8456,0.1606,0.015326,4.439
214371,520,474,994,197,9,204,326.45,0.9848,0.5174,0.164270,4,0,17,294.00,1.0000,0.0270,0.000663,4.229
214376,520,353,873,228,59,231,327.30,0.9414,0.6153,0.253937,2,52,13,146.44,0.9923,0.1813,0.024978,4.054
214377,520,466,986,228,31,61,21.29,0.9623,0.5249,0.178138,25,0,3,15.10,1.0000,0.0494,0.002133,4.376
214405,520,377,897,230,96,48,39.04,0.8867,0.5959,0.254048,11,44,27,157.53,0.8087,0.1601,0.019516,4.374
214417,520,418,938,199,68,199,327.85,0.8177,0.5560,0.204015,45,21,8,47.92,0.6216,0.1243,0.011118,4.156
214420,520,422,942,213,33,216,327.46,0.9560,0.5625,0.201937,43,13,19,10.04,0.5723,0.1084,0.008485,4.308
214422,520,356,876,215,67,255,317.96,1.0000,0.6182,0.256831,0,6,135,264.16,0.9964,0.1843,0.018793,4.460
214434,520,411,931,161,91,246,300.92,0.9059,0.5661,0.217134,46,16,18,17.91,0.5525,0.1185,0.009952,4.456
214438,520,403,923,251,26,99,11.80,0.9772,0.5781,0.221525,6,36,3,141.21,0.9767,0.1261,0.013070,4.305
214445,520,466,986,207,75,30,37.69,0.9111,0.5218,0.183935,11,2,35,290.29,0.8831,0.0531,0.002359,4.468
214449,520,479,999,93,96,245,276.22,0.9339,0.5063,0.172848,1,0,0,29.23,1.0000,0.0090,0.000065,4.451
214457,520,434,954,206,53,195,331.25,0.8680,0.5503,0.196100,2,27,21,174.87,0.8934,0.0989,0.008509,4.206
214478,520,402,922,247,22,149,354.86,0.9768,0.5848,0.225213,10,36,18,151.19,0.7975,0.1308,0.013699,4.321
214487,520,447,967,225,55,90,14.58,0.8747,0.5423,0.194809,10,4,61,275.05,0.9616,0.0827,0.004883,4.461
214498,520,412,932,164,94,236,303.67,0.8348,0.5668,0.219545,6,29,52,250.97,0.7248,0.1237,0.011653,4.372
214503,520,478,998,221,39,40,27.06,0.9544,0.5125,0.169791,5,0,3,340.52,1.0000,0.0201,0.000388,4.362
214506,520,471,991,185,49,209,321.05,0.8806,0.5212,0.171157,1,2,36,267.16,0.9759,0.0448,0.001772,4.272
214536,520,444,964,227,19,137,354.68,0.9628,0.5392,0.186056,15,6,47,285.53,0.8311,0.0753,0.004370,4.342
214554,520,361,881,225,64,246,322.79,0.9620,0.6247,0.263302,76,20,21,23.26,0.7536,0.1833,0.020912,4.418
214575,520,438,958,176,100,161,334.70,0.5310,0.5468,0.209187,4,26,8,148.08,0.9173,0.0935,0.007821,4.483
214580,520,441,961,154,77,248,299.69,0.9405,0.5390,0.189554,0,5,73,264.20,0.9888,0.0926,0.005895,4.286
214582,520,381,901,232,22,235,327.60,0.9884,0.6041,0.237303,77,1,17,17.83,0.9832,0.1643,0.016402,4.327
214592,520,372,892,227,26,251,322.77,0.9885,0.6084,0.240369,9,36,83,260.68,0.8503,0.1693,0.019443,4.181
214612,520,469,989,198,21,204,326.66,0.9620,0.5226,0.169034,13,1,18,317.54,0.8021,0.0407,0.001510,4.252
214616,520,454,974,171,82,192,319.62,0.7074,0.5269,0.184992,28,3,30,325.02,0.7671,0.0723,0.004058,4.347
214619,520,376,896,253,58,101,14.28,0.9825,0.6024,0.248519,60,22,46,343.98,0.5701,0.1646,0.017319,4.434
214631,520,296,816,230,111,242,323.88,0.9261,0.6849,0.346046,28,61,64,203.24,0.4847,0.2377,0.039544,4.423
214637,520,394,914,207,70,228,322.05,0.8909,0.5898,0.232488,10,22,88,267.61,0.9286,0.1436,0.013428,4.454
214648,520,458,978,217,52,96,10.75,0.8543,0.5254,0.180547,19,5,14,341.45,0.5033,0.0555,0.002787,4.367
214650,520,319,839,230,125,90,39.05,0.7412,0.6511,0.322308,61,48,44,37.79,0.1667,0.2223,0.032879,4.492
214658,520,437,957,234,38,88,14.17,0.9403,0.5467,0.195863,26,2,57,296.22,0.9383,0.0905,0.005584,4.423
214662,520,387,907,183,88,248,308.53,0.9345,0.5913,0.238249,34,34,39,285.72,0.0904,0.1507,0.016306,4.347
214665,520,437,957,199,63,191,330.40,0.8171,0.5456,0.194604,23,11,50,292.41,0.7250,0.0943,0.006518,4.328
214677,520,324,844,254,13,244,330.54,0.9970,0.6463,0.278935,92,1,59,349.44,0.9628,0.2135,0.026132,4.321
214681,520,443,963,213,60,128,357.86,0.7983,0.5360,0.189387,29,11,6,38.05,0.5314,0.0786,0.005137,4.342
214685,520,423,943,231,53,113,6.46,0.8794,0.5585,0.207303,3,15,71,265.41,0.9489,0.1076,0.008159,4.424
214695,520,418,938,248,3,60,21.41,0.9983,0.5580,0.203515,35,23,25,7.73,0.2207,0.1181,0.010403,4.197
214707,520,368,888,229,8,249,323.80,0.9971,0.6057,0.236736,12,45,39,179.08,0.6901,0.1679,0.021013,4.038
214708,520,401,921,207,91,153,349.45,0.6675,0.5754,0.230493,43,30,3,82.89,0.8393,0.1415,0.014488,4.350
214710,520,365,885,249,68,106,13.60,0.9447,0.6051,0.253180,16,45,34,166.05,0.6268,0.1679,0.021024,4.269
214741,520,434,954,227,60,75,21.00,0.8857,0.5479,0.200734,24,16,39,298.12,0.4944,0.0961,0.007113,4.390
214746,520,223,743,248,152,170,7.97,0.8027,0.7474,0.453176,51,76,67,170.11,0.2985,0.3003,0.062778,4.462
214748,520,389,909,244,62,92,16.95,0.9232,0.5864,0.234543,21,26,81,273.03,0.7978,0.1503,0.014922,4.383
214749,520,448,968,218,34,167,342.96,0.9155,0.5424,0.188419,31,10,2,46.85,0.7570,0.0789,0.005128,4.325
214760,520,375,895,222,43,239,324.04,0.9652,0.5994,0.234915,22,3,112,273.40,0.9931,0.1576,0.014055,4.448
214769,520,418,938,235,53,82,18.09,0.9134,0.5585,0.208206,50,4,39,339.64,0.7989,0.1177,0.009115,4.368
214771,520,435,955,246,0,71,18.42,1.0000,0.5549,0.200513,0,17,54,259.85,1.0000,0.0919,0.006672,4.420
214782,520,467,987,217,56,18,33.59,0.9703,0.5173,0.176263,20,0,13,341.50,1.0000,0.0450,0.001778,4.370
214787,520,385,905,189,84,245,311.53,0.9222,0.5919,0.237530,57,15,53,331.72,0.6887,0.1526,0.014687,4.445
214792,520,423,943,198,69,208,324.82,0.8339,0.5613,0.208176,21,29,1,123.25,0.9480,0.1128,0.010403,4.274
214798,520,374,894,255,36,141,359.44,1.0000,0.6034,0.244485,38,19,90,287.72,0.8235,0.1627,0.016160,4.451
214807,520,478,998,228,7,8,28.94,0.9962,0.5113,0.166665,0,0,15,264.05,1.0000,0.0196,0.000345,4.304
214817,520,445,965,239,24,50,24.06,0.9825,0.5433,0.192376,6,2,62,271.23,0.9874,0.0777,0.004299,4.464
214820,520,418,938,226,30,176,341.99,0.9454,0.5601,0.202345,53,11,9,26.80,0.7888,0.1218,0.010161,4.195
214822,520,480,1000,212,33,134,352.98,0.8929,0.5145,0.168083,0,0,0,0.00,0.0000,0.0000,0.000000,4.362
214825,520,396,916,253,38,59,23.81,0.9903,0.5805,0.225884,60,4,51,335.96,0.8292,0.1445,0.012867,4.388
214843,520,405,925,211,16,253,318.47,0.9925,0.5804,0.213131,26,23,65,281.95,0.6559,0.1329,0.012140,4.234
214856,520,460,980,165,71,226,308.79,0.8457,0.5274,0.179975,19,9,5,47.19,0.3900,0.0610,0.003448,4.303
214858,520,331,851,235,80,212,334.31,0.8918,0.6356,0.281554,20,49,75,248.04,0.6061,0.2034,0.028532,4.222
214903,520,232,752,249,125,249,327.37,0.9730,0.7362,0.416488,47,73,67,178.35,0.3105,0.2882,0.057745,4.330
214904,520,480,1000,193,14,208,324.27,0.9770,0.5145,0.162072,0,0,0,0.00,0.0000,0.0000,0.000000,4.241
214916,520,403,923,253,34,37,27.58,0.9922,0.5760,0.221640,48,10,54,321.90,0.7472,0.1314,0.011119,4.444
214928,520,358,878,129,132,254,279.41,0.9792,0.6152,0.283248,47,44,2,105.36,0.9365,0.1850,0.024101,4.497
214930,520,416,936,236,42,132,359.35,0.9182,0.5664,0.211578,10,14,78,269.97,0.9419,0.1179,0.009286,4.412
214931,520,334,854,242,75,211,336.34,0.9250,0.6413,0.286153,43,43,74,282.62,0.4039,0.2035,0.027357,4.345
214937,520,260,780,243,148,20,64.87,0.9753,0.7080,0.402876,20,73,57,169.19,0.8009,0.2698,0.052090,4.436
214946,520,384,904,241,66,118,7.87,0.8840,0.5912,0.239083,40,33,8,93.64,0.6683,0.1462,0.015564,4.409
214947,520,477,997,221,39,6,31.64,0.9924,0.5103,0.168391,0,1,8,261.19,1.0000,0.0192,0.000392,4.334
214958,520,477,997,222,40,8,31.60,0.9902,0.5132,0.170675,2,1,11,285.24,0.7741,0.0240,0.000588,4.362
214966,520,432,952,208,3,229,323.17,0.9975,0.5539,0.191340,8,1,78,270.38,0.9964,0.0984,0.006233,4.292
214968,520,353,873,241,11,236,329.48,0.9960,0.6178,0.249990,71,13,58,338.57,0.7547,0.1794,0.019331,4.327
214975,520,13,533,254,247,238,74.43,0.7663,0.9757,0.937657,21,136,34,143.99,0.9880,0.4748,0.178825,4.316
214985,520,438,958,214,1,208,329.89,0.9988,0.5489,0.188741,10,0,73,272.88,1.0000,0.0913,0.005455,4.305
214987,520,433,953,145,99,229,296.70,0.7826,0.5474,0.206007,15,13,65,275.92,0.8688,0.1047,0.007710,4.436
214995,520,399,919,210,69,200,330.88,0.8378,0.5757,0.221299,25,27,67,277.30,0.6260,0.1425,0.013957,4.242
215000,520,474,994,176,63,209,317.54,0.8293,0.5209,0.173896,0,0,24,264.05,1.0000,0.0271,0.000659,4.420
215011,520,446,966,215,67,92,14.96,0.8024,0.5363,0.192365,30,4,37,318.61,0.7742,0.0818,0.004965,4.409
215021,520,373,893,212,52,247,319.41,0.9641,0.5951,0.231702,19,33,77,267.20,0.7125,0.1611,0.017619,4.166
215055,520,423,943,213,43,206,330.06,0.9233,0.5617,0.203322,18,24,47,271.09,0.4817,0.1141,0.009871,4.231
215061,520,415,935,200,40,254,314.95,0.9950,0.5737,0.209541,6,19,78,266.42,0.9335,0.1245,0.010544,4.287
215064,520,382,902,244,12,190,341.82,0.9913,0.5957,0.232169,2,9,119,264.86,0.9923,0.1637,0.015400,4.314
215067,520,385,905,232,56,176,344.15,0.8897,0.5881,0.231214,23,31,67,271.35,0.5925,0.1504,0.015673,4.282
215095,520,414,934,236,46,137,357.86,0.9076,0.5709,0.215960,43,16,24,2.87,0.4993,0.1153,0.009502,4.470
215096,520,472,992,191,45,194,327.20,0.8706,0.5174,0.168497,0,0,29,264.05,1.0000,0.0317,0.000887,4.294
215099,520,358,878,223,48,255,320.59,1.0000,0.6158,0.250239,80,13,0,34.41,1.0000,0.1801,0.019936,4.293
215110,520,477,997,204,67,45,31.76,0.8706,0.5067,0.170433,1,1,1,0.00,0.0000,0.0164,0.000304,4.382
215120,520,454,974,206,36,185,334.21,0.9069,0.5316,0.178883,1,18,14,177.61,0.8990,0.0693,0.004708,4.184
215123,520,430,950,234,41,95,12.09,0.9292,0.5503,0.199076,14,1,76,275.27,0.9939,0.0996,0.006368,4.419
215144,520,390,910,233,89,33,39.17,0.9384,0.5896,0.245811,8,43,21,152.19,0.9063,0.1539,0.018334,4.329
215152,520,354,874,182,110,239,307.79,0.8291,0.6174,0.273296,2,49,52,201.54,0.9439,0.1831,0.024573,4.335
215166,520,424,944,212,35,215,327.44,0.9504,0.5612,0.201074,27,21,34,305.30,0.2922,0.1075,0.008848,4.266
215188,520,433,953,211,71,132,357.20,0.7524,0.5463,0.200235,41,12,23,358.72,0.5681,0.1047,0.007963,4.317
215266,520,456,976,221,58,41,30.05,0.9241,0.5291,0.185610,18,8,18,326.77,0.3874,0.0622,0.003459,4.407
215270,520,411,931,211,13,239,321.57,0.9919,0.5687,0.203706,58,4,6,24.95,0.9324,0.1227,0.009997,4.229
215273,520,359,879,235,66,208,335.30,0.9117,0.6191,0.261152,17,43,69,250.58,0.6164,0.1805,0.022765,4.276
215283,520,385,905,235,57,161,349.95,0.8831,0.5874,0.231645,10,2,112,267.92,0.9974,0.1497,0.012777,4.486
215297,520,354,874,207,90,232,320.21,0.8688,0.6164,0.264054,25,46,49,207.28,0.3595,0.1824,0.023823,4.254
215303,520,369,889,237,51,204,336.74,0.9381,0.6081,0.247345,54,35,15,65.71,0.5569,0.1719,0.020209,4.235
215315,520,315,835,245,109,151,3.09,0.8372,0.6632,0.325870,10,63,16,144.54,0.9752,0.2227,0.036568,4.342
215317,520,409,929,226,23,197,335.81,0.9713,0.5692,0.208153,21,13,85,276.64,0.9237,0.1321,0.011031,4.230
215324,520,382,902,252,27,146,356.92,0.9760,0.5953,0.235582,8,46,4,141.40,0.9808,0.1613,0.020143,4.071
215330,520,378,898,231,56,199,336.77,0.9129,0.5985,0.239433,77,0,0,29.23,1.0000,0.1607,0.015781,4.400
215339,520,409,929,222,75,139,357.24,0.7759,0.5734,0.224283,52,10,48,331.99,0.7294,0.1343,0.011606,4.452
215352,520,444,964,230,54,6,33.62,0.9928,0.5412,0.194774,6,12,53,269.32,0.8853,0.0848,0.005587,4.403
215361,520,452,972,178,34,246,310.58,0.9652,0.5296,0.172638,2,17,18,200.20,0.7225,0.0688,0.004575,4.080
215381,520,343,863,243,71,201,339.47,0.9224,0.6337,0.277811,72,32,11,45.91,0.7361,0.1945,0.024351,4.409
215400,520,331,851,252,29,234,332.39,0.9890,0.6408,0.275178,83,18,33,11.72,0.7579,0.1982,0.023817,4.405
215403,520,299,819,247,93,216,336.52,0.9476,0.6722,0.325635,40,62,11,130.25,0.8966,0.2346,0.039205,4.211
215404,520,459,979,205,79,70,27.17,0.7675,0.5289,0.190154,1,14,14,194.97,0.8214,0.0586,0.003522,4.487
215419,520,427,947,203,36,230,321.28,0.9567,0.5573,0.196731,15,25,11,137.14,0.4949,0.0981,0.008210,4.239
215429,520,373,893,222,38,246,322.51,0.9752,0.6017,0.235717,70,2,53,341.43,0.8974,0.1640,0.016028,4.327
215430,520,395,915,228,60,185,340.39,0.8793,0.5890,0.232310,46,24,23,22.88,0.3787,0.1358,0.012960,4.484
215435,520,398,918,210,78,198,331.52,0.8065,0.5849,0.232295,1,34,64,249.93,0.9417,0.1444,0.015206,4.329
215439,520,470,990,136,89,232,294.31,0.8260,0.5224,0.182052,7,4,16,296.20,0.5201,0.0411,0.001694,4.489
215459,520,350,870,231,95,170,348.97,0.7801,0.6273,0.280781,11,38,100,263.29,0.8950,0.1915,0.023773,4.484
215467,520,390,910,246,73,23,35.14,0.9768,0.5929,0.244232,45,29,40,338.60,0.2888,0.1520,0.015899,4.465
215471,520,476,996,208,32,135,351.61,0.8883,0.5065,0.161944,1,2,7,266.83,0.5685,0.0241,0.000652,4.184
215476,520,422,942,193,47,250,313.64,0.9741,0.5642,0.202739,22,20,54,282.21,0.6095,0.1135,0.009372,4.257
215477,520,350,870,240,11,255,325.04,1.0000,0.6293,0.259872,36,46,38,150.92,0.2007,0.1866,0.024690,4.149
215483,520,399,919,229,65,140,357.06,0.8323,0.5753,0.223347,46,14,66,309.23,0.7527,0.1428,0.012883,4.347
215486,520,379,899,205,69,248,316.64,0.9596,0.5999,0.240142,58,16,60,325.91,0.7033,0.1604,0.015965,4.398
215498,520,323,843,255,66,197,343.31,1.0000,0.6479,0.291909,40,49,53,226.51,0.1359,0.2051,0.029047,4.325
215500,520,410,930,252,17,36,26.64,0.9929,0.5670,0.212275,54,6,45,336.89,0.7819,0.1314,0.011041,4.297
215519,520,411,931,243,12,141,356.41,0.9870,0.5709,0.212440,34,19,54,301.05,0.5990,0.1246,0.010722,4.322
215564,520,443,963,197,57,203,326.22,0.8571,0.5439,0.191100,4,11,49,267.45,0.8965,0.0777,0.004869,4.394
215565,520,248,768,238,142,189,349.84,0.7367,0.7218,0.411994,29,69,101,245.46,0.6232,0.2832,0.054568,4.418
215568,520,459,979,204,15,206,327.79,0.9778,0.5327,0.176371,29,1,16,349.48,0.8292,0.0628,0.003204,4.255
215581,520,369,889,225,72,204,333.93,0.8713,0.6060,0.250042,76,14,13,26.36,0.8661,0.1742,0.018799,4.361
215584,520,385,905,252,38,107,10.18,0.9772,0.5879,0.231468,52,25,36,354.97,0.4235,0.1521,0.015528,4.295
215592,520,401,921,255,9,87,15.14,1.0000,0.5788,0.221473,61,9,26,6.10,0.7682,0.1399,0.012622,4.335
215606,520,356,876,243,97,2,43.43,0.9977,0.6179,0.276116,58,37,12,68.08,0.6550,0.1824,0.022493,4.499
215630,520,467,987,222,17,113,2.10,0.9643,0.5193,0.171255,9,2,27,293.66,0.8244,0.0449,0.001806,4.271
215642,520,408,928,239,3,169,346.72,0.9967,0.5736,0.212835,27,16,71,285.02,0.7936,0.1264,0.010585,4.338
215653,520,467,987,205,19,179,335.67,0.9535,0.5180,0.167016,3,0,39,272.77,1.0000,0.0449,0.001658,4.201
215661,520,309,829,224,106,229,325.92,0.8634,0.6616,0.318144,54,49,47,43.18,0.0660,0.2173,0.031862,4.497
215665,520,292,812,227,126,184,345.76,0.6883,0.6759,0.347153,9,68,37,154.49,0.9562,0.2437,0.043257,4.259
215669,520,445,965,151,94,224,301.07,0.7720,0.5420,0.199668,0,22,18,180.18,1.0000,0.0814,0.006175,4.445
215681,520,449,969,229,46,60,23.37,0.9364,0.5368,0.189412,12,14,22,273.52,0.2449,0.0705,0.004502,4.393
215688,520,423,943,238,37,114,5.69,0.9380,0.5612,0.207183,47,3,42,333.33,0.8208,0.1125,0.008367,4.406
215700,520,445,965,195,15,237,317.78,0.9876,0.5409,0.180596,29,11,22,343.84,0.4528,0.0837,0.005585,4.149
215703,520,377,897,251,46,146,357.65,0.9642,0.6032,0.245420,62,14,50,339.34,0.7076,0.1587,0.015686,4.497
215734,520,385,905,230,21,216,331.75,0.9835,0.5876,0.223197,7,10,108,266.89,0.9867,0.1508,0.013448,4.306
215735,520,354,874,253,75,102,16.60,0.9791,0.6190,0.268776,19,49,31,155.20,0.6713,0.1816,0.024339,4.288
215748,520,444,964,200,14,225,321.94,0.9857,0.5395,0.180313,37,2,29,338.48,0.8106,0.0849,0.005255,4.168
215749,520,470,990,187,21,222,318.97,0.9709,0.5175,0.163764,7,7,0,109.77,1.0000,0.0425,0.001971,4.113
215760,520,452,972,174,33,254,307.76,0.9949,0.5303,0.172430,24,9,22,332.03,0.4626,0.0733,0.004475,4.083
215786,520,212,732,250,147,224,337.01,0.9527,0.7613,0.465755,70,73,71,157.00,0.0346,0.3101,0.065221,4.476
215787,520,337,857,245,63,215,335.75,0.9476,0.6375,0.278767,42,41,80,282.62,0.4907,0.2017,0.026573,4.294
215788,520,394,914,227,15,229,327.85,0.9911,0.5893,0.223321,61,12,17,19.22,0.7692,0.1409,0.012957,4.341
215793,520,428,948,244,27,76,18.01,0.9756,0.5590,0.205422,46,4,6,23.03,0.8816,0.0973,0.006809,4.496
215794,520,475,995,148,65,254,297.73,0.9923,0.5219,0.172325,7,1,10,317.83,0.7169,0.0300,0.000888,4.369
215798,520,353,873,248,57,177,347.54,0.9439,0.6184,0.260602,5,29,112,264.62,0.9529,0.1836,0.020807,4.387
215814,520,413,933,199,56,230,319.65,0.9148,0.5651,0.206851,2,34,1,142.05,0.9930,0.1170,0.011591,4.170
215824,520,472,992,207,51,145,348.66,0.8182,0.5232,0.176795,2,5,6,215.14,0.3211,0.0343,0.001346,4.417
215838,520,435,955,222,60,121,2.63,0.8263,0.5504,0.201443,26,19,10,73.12,0.3414,0.0927,0.007073,4.406
215840,520,409,929,175,93,223,311.09,0.7819,0.5700,0.222711,32,16,72,289.89,0.7808,0.1328,0.011455,4.438
215843,520,330,850,213,105,214,327.05,0.7741,0.6358,0.291060,35,28,123,276.18,0.9010,0.2112,0.026178,4.477
215852,520,470,990,164,50,242,306.40,0.9356,0.5170,0.165852,14,1,13,330.30,0.7634,0.0394,0.001441,4.196
215859,520,431,951,221,53,133,356.83,0.8447,0.5462,0.196143,46,2,12,12.19,0.8912,0.0956,0.006509,4.356
215861,520,426,946,230,27,173,343.80,0.9560,0.5648,0.206267,36,22,18,36.60,0.2978,0.1149,0.009926,4.276
215876,520,402,922,247,1,155,352.61,0.9991,0.5825,0.221658,37,5,81,293.68,0.9294,0.1346,0.010959,4.456
215882,520,332,852,245,62,224,333.33,0.9540,0.6418,0.282424,21,50,56,212.88,0.5080,0.1958,0.027261,4.303
215889,520,477,997,222,9,71,16.39,0.9884,0.5057,0.161827,0,0,17,264.05,1.0000,0.0212,0.000405,4.203
215910,520,39,559,246,249,129,110.10,0.9543,0.9484,0.889296,20,129,33,144.11,0.9875,0.4515,0.159584,4.482
215913,520,452,972,170,70,221,311.85,0.8357,0.5293,0.181476,12,1,49,283.24,0.9740,0.0655,0.003216,4.350
215924,520,367,887,235,32,233,328.74,0.9806,0.6117,0.245810,49,33,38,358.53,0.2364,0.1662,0.018807,4.299
215935,520,398,918,248,46,80,18.89,0.9590,0.5787,0.224932,7,39,3,140.92,0.9794,0.1367,0.015027,4.228
215938,520,395,915,246,22,167,349.05,0.9783,0.5907,0.229599,31,28,56,286.78,0.4590,0.1419,0.014073,4.364
215939,520,467,987,186,68,172,332.74,0.7431,0.5186,0.175533,12,5,6,7.83,0.2911,0.0446,0.001999,4.337
215942,520,432,952,173,70,238,308.88,0.8970,0.5469,0.194384,25,22,15,87.54,0.2116,0.1002,0.008150,4.203
215947,520,478,998,174,60,198,320.11,0.8113,0.5065,0.163087,1,1,11,275.11,0.8474,0.0225,0.000523,4.218
215949,520,360,880,232,59,232,328.07,0.9468,0.6225,0.261123,46,38,52,310.44,0.2295,0.1810,0.022150,4.312
215950,520,389,909,213,85,172,342.13,0.7393,0.5851,0.236237,39,36,3,104.32,0.8708,0.1525,0.016997,4.272
215954,520,380,900,236,39,201,337.21,0.9553,0.5970,0.235037,45,19,75,301.01,0.7374,0.1565,0.015317,4.364
215960,520,403,923,254,44,19,30.64,0.9961,0.5829,0.229230,7,28,66,260.93,0.8213,0.1328,0.012690,4.454
215970,520,442,962,243,0,14,28.35,1.0000,0.5426,0.190899,10,8,52,275.97,0.8788,0.0796,0.004861,4.391
216007,520,445,965,231,43,65,21.67,0.9411,0.5394,0.191013,32,5,31,329.29,0.7130,0.0827,0.005146,4.370
216010,520,431,951,233,16,145,353.17,0.9752,0.5536,0.197415,41,7,22,356.57,0.6836,0.0968,0.006814,4.355
216015,520,390,910,250,37,142,358.27,0.9594,0.5945,0.236036,11,21,93,268.13,0.9403,0.1481,0.013977,4.471
216016,520,361,881,229,95,157,354.10,0.7555,0.6187,0.272792,62,35,10,60.08,0.7027,0.1837,0.022482,4.453
216017,520,433,953,183,44,249,311.06,0.9693,0.5461,0.187092,39,15,0,55.23,1.0000,0.1007,0.007730,4.107
216021,520,429,949,244,6,37,25.87,0.9971,0.5474,0.195004,9,14,64,270.54,0.9002,0.1015,0.007423,4.267
216023,520,474,994,157,62,247,302.28,0.9488,0.5237,0.173292,11,2,1,34.85,0.6703,0.0336,0.001168,4.364
216037,520,271,791,239,117,237,328.02,0.9195,0.7037,0.371899,1,70,75,203.00,0.9852,0.2627,0.048945,4.264
216045,520,428,948,228,0,180,340.98,1.0000,0.5575,0.197919,25,22,13,91.81,0.2766,0.0997,0.008096,4.267
216056,520,436,956,220,77,0,40.22,1.0000,0.5475,0.205260,27,14,37,308.69,0.5200,0.0944,0.006807,4.493
216062,520,291,811,246,101,209,338.79,0.9289,0.6772,0.335063,29,55,89,255.79,0.5633,0.2351,0.037147,4.419
216099,520,471,991,208,62,104,7.66,0.7848,0.5206,0.178568,16,0,17,326.48,1.0000,0.0413,0.001506,4.438
216102,520,324,844,251,54,228,333.67,0.9820,0.6485,0.287521,47,33,102,286.92,0.7240,0.2085,0.026513,4.411
216126,520,372,892,233,62,210,334.18,0.9181,0.6133,0.254246,26,25,99,274.85,0.8749,0.1713,0.018156,4.464
216171,520,466,986,225,3,92,9.60,0.9952,0.5156,0.168482,10,1,38,287.18,0.9507,0.0527,0.002262,4.181
216181,520,401,921,237,41,155,351.56,0.9265,0.5768,0.219599,48,21,45,331.42,0.5159,0.1423,0.013542,4.243
216185,520,373,893,229,40,229,328.21,0.9666,0.6026,0.238351,30,34,63,276.08,0.4560,0.1607,0.017789,4.254
216189,520,457,977,216,21,158,345.13,0.9482,0.5279,0.176063,9,4,36,283.84,0.8286,0.0565,0.002723,4.288
216191,520,475,995,192,45,194,327.51,0.8718,0.5191,0.169798,11,0,8,336.02,1.0000,0.0307,0.000887,4.319
216208,520,406,926,248,12,146,355.77,0.9891,0.5829,0.222982,8,37,19,153.16,0.8527,0.1334,0.014217,4.251
216225,520,414,934,233,22,170,345.32,0.9683,0.5671,0.208026,30,26,25,34.30,0.0761,0.1193,0.010850,4.240
216237,520,295,815,249,76,253,327.01,0.9931,0.6783,0.324032,28,62,69,212.75,0.5016,0.2432,0.041216,4.100
216247,520,375,895,228,32,236,326.35,0.9788,0.6017,0.235855,75,5,6,26.95,0.9567,0.1619,0.016178,4.319
216252,520,376,896,248,38,172,348.36,0.9572,0.6036,0.243245,53,31,22,42.96,0.4070,0.1622,0.017949,4.316
216255,520,474,994,156,57,248,302.13,0.9578,0.5180,0.167719,9,2,6,341.63,0.5156,0.0335,0.001146,4.257
216258,520,364,884,238,64,181,344.30,0.8904,0.6083,0.251829,37,35,69,284.29,0.4780,0.1741,0.020250,4.296
216273,520,325,845,255,13,246,330.30,1.0000,0.6494,0.282048,16,21,139,267.77,0.9785,0.2104,0.025104,4.421
216276,520,406,926,215,68,194,334.20,0.8398,0.5794,0.224784,42,25,18,43.18,0.3644,0.1305,0.012312,4.410
216294,520,477,997,209,10,156,343.90,0.9719,0.5099,0.161749,0,2,2,194.77,1.0000,0.0198,0.000478,4.195
216295,520,477,997,203,69,51,30.64,0.8462,0.5082,0.171939,4,0,9,309.30,1.0000,0.0221,0.000455,4.399
216297,520,396,916,240,2,177,344.57,0.9980,0.5793,0.217461,55,19,11,33.98,0.6855,0.1385,0.013023,4.244
216301,520,347,867,232,52,250,323.88,0.9812,0.6294,0.265162,58,40,8,77.98,0.7618,0.1895,0.024348,4.239
216307,520,378,898,250,6,183,345.02,0.9960,0.6023,0.238765,49,4,91,299.56,0.9468,0.1611,0.014952,4.446
216319,520,463,983,173,60,225,312.58,0.8757,0.5253,0.175531,6,9,22,270.81,0.4577,0.0549,0.002920,4.262
216339,520,306,826,251,98,178,351.00,0.9425,0.6674,0.324620,11,56,87,244.11,0.7890,0.2288,0.035874,4.362
216345,520,239,759,242,141,208,340.96,0.8408,0.7331,0.424832,44,75,27,135.92,0.8066,0.2816,0.056466,4.460
216367,520,477,997,169,44,232,310.50,0.9278,0.5105,0.160634,8,0,4,344.76,1.0000,0.0250,0.000604,4.162
216396,520,332,852,233,109,143,4.82,0.7387,0.6414,0.302466,4,57,18,147.31,0.9855,0.2003,0.029956,4.408
216412,520,233,753,218,164,190,348.44,0.4508,0.7401,0.451752,44,79,15,134.23,0.9359,0.2931,0.061618,4.495
216444,520,387,907,195,82,228,317.79,0.8510,0.5858,0.232394,41,26,57,304.86,0.5008,0.1497,0.015056,4.341
216450,520,359,879,249,92,28,39.15,0.9695,0.6225,0.278812,14,42,80,257.02,0.7349,0.1846,0.023284,4.487
216451,520,473,993,211,29,149,347.15,0.9096,0.5172,0.168998,0,5,4,182.95,1.0000,0.0312,0.001173,4.280
216456,520,424,944,239,36,104,9.23,0.9452,0.5597,0.206152,31,24,17,66.70,0.2376,0.1129,0.009851,4.280
216457,520,461,981,180,28,247,311.12,0.9746,0.5304,0.172502,23,0,5,5.98,1.0000,0.0467,0.001931,4.285
216470,520,379,899,254,34,136,0.79,0.9912,0.5987,0.239961,7,3,122,266.38,0.9972,0.1645,0.015153,4.450
216474,520,445,965,200,49,198,328.66,0.8763,0.5386,0.185549,11,9,49,277.43,0.8293,0.0791,0.004883,4.292
216487,520,452,972,179,44,236,312.71,0.9368,0.5290,0.174422,14,16,2,115.33,0.7342,0.0706,0.004683,4.104
216492,520,407,927,210,15,242,320.63,0.9909,0.5698,0.204559,56,1,52,331.73,0.9273,0.1340,0.011105,4.166
216494,520,408,928,252,24,7,29.78,0.9956,0.5679,0.213678,38,15,68,298.87,0.7583,0.1348,0.011711,4.273
216503,520,392,912,207,50,248,317.88,0.9672,0.5865,0.223255,16,43,0,135.94,1.0000,0.1541,0.018379,3.996
216534,520,208,728,246,169,49,72.85,0.9258,0.7568,0.481928,13,89,19,143.69,0.9856,0.3140,0.072770,4.333
216560,520,332,852,248,20,255,326.79,1.0000,0.6449,0.276796,20,52,45,177.10,0.5793,0.1967,0.027941,4.193
216570,520,392,912,229,32,212,332.54,0.9670,0.5875,0.224470,49,26,43,337.16,0.4078,0.1527,0.015662,4.180
216584,520,430,950,237,20,118,3.19,0.9718,0.5527,0.198160,38,6,46,318.88,0.7724,0.1039,0.007396,4.324
216589,520,425,945,197,45,240,317.06,0.9484,0.5610,0.200398,23,24,25,247.95,0.0308,0.1066,0.009056,4.240
216600,520,477,997,214,56,37,30.60,0.9254,0.5127,0.172605,4,0,3,335.23,1.0000,0.0185,0.000324,4.423
216611,520,358,878,232,53,229,328.87,0.9519,0.6160,0.253616,45,16,100,290.67,0.8702,0.1778,0.018486,4.433
216616,520,1,521,255,255,255,0.00,0.0000,1.0000,1.000000,13,137,65,150.46,0.9885,0.4811,0.183577,4.495
216619,520,460,980,147,78,243,298.03,0.9071,0.5275,0.181231,30,1,5,14.36,0.8964,0.0610,0.003087,4.356
216639,520,459,979,158,94,191,313.02,0.6322,0.5280,0.190367,1,16,0,140.75,1.0000,0.0597,0.003770,4.470
216653,520,375,895,196,80,252,312.46,0.9760,0.6019,0.245025,49,31,29,26.25,0.2802,0.1582,0.017217,4.389
216674,520,446,966,212,5,202,330.96,0.9930,0.5421,0.183720,28,9,16,357.96,0.4740,0.0764,0.004797,4.265
216680,520,383,903,204,68,247,316.62,0.9547,0.5967,0.236885,17,36,49,240.09,0.4635,0.1474,0.016026,4.345
216691,520,387,907,159,115,222,301.04,0.6978,0.5880,0.249066,28,37,32,160.71,0.1847,0.1505,0.016743,4.481
216692,520,476,996,126,99,202,293.01,0.6522,0.5068,0.176235,1,1,10,275.68,0.8223,0.0220,0.000501,4.480
216697,520,480,1000,197,26,180,333.21,0.9239,0.5067,0.159062,0,0,0,0.00,0.0000,0.0000,0.000000,4.181
216699,520,445,965,176,44,251,308.56,0.9785,0.5375,0.179974,36,3,14,3.06,0.7778,0.0783,0.004720,4.203
216742,520,463,983,232,31,25,28.81,0.9772,0.5294,0.182091,2,10,6,165.31,0.6238,0.0471,0.002431,4.427
216745,520,450,970,215,59,143,352.08,0.8100,0.5447,0.195605,3,20,4,145.01,0.9299,0.0737,0.005284,4.443
216754,520,245,765,222,159,170,7.47,0.4786,0.7275,0.432296,2,81,24,146.52,0.9968,0.2847,0.059635,4.399
216763,520,366,886,248,65,133,3.30,0.9296,0.6080,0.254338,78,9,8,27.46,0.9292,0.1728,0.018329,4.454
216774,520,357,877,247,16,226,333.18,0.9937,0.6230,0.256388,81,8,15,22.77,0.9189,0.1796,0.019578,4.404
216788,520,334,854,255,95,80,28.55,1.0000,0.6428,0.300271,23,50,60,224.40,0.4810,0.1989,0.027895,4.497
216802,520,351,871,223,68,253,320.54,0.9900,0.6300,0.269160,21,46,71,250.23,0.5642,0.1926,0.025682,4.217
216803,520,360,880,239,64,202,338.02,0.9159,0.6208,0.262845,20,49,14,140.34,0.8969,0.1784,0.023770,4.241
216805,520,372,892,245,80,119,10.42,0.8942,0.6142,0.264849,37,35,67,284.75,0.4569,0.1727,0.020006,4.497
216820,520,199,719,236,167,191,356.65,0.6208,0.7682,0.492335,25,84,80,188.67,0.7364,0.3161,0.071262,4.472
216821,520,325,845,252,16,253,328.12,0.9966,0.6494,0.281609,65,18,105,303.46,0.8381,0.2124,0.025764,4.377
216822,520,281,801,253,85,250,328.62,0.9929,0.6917,0.342846,48,65,1,124.70,0.9885,0.2500,0.044111,4.174
216828,520,462,982,223,51,28,31.08,0.9575,0.5252,0.181422,12,7,15,312.98,0.3193,0.0524,0.002646,4.396
216842,520,424,944,231,71,37,33.50,0.9371,0.5627,0.216319,34,22,3,78.03,0.7629,0.1089,0.009205,4.498
216860,520,444,964,125,96,249,286.59,0.9345,0.5373,0.195650,21,14,32,300.73,0.4392,0.0844,0.005778,4.404
216872,520,24,544,239,249,233,133.46,0.5885,0.9654,0.919851,18,133,23,143.07,0.9910,0.4635,0.169648,4.415
216873,520,444,964,219,36,155,347.26,0.9035,0.5394,0.186908,33,5,15,0.63,0.6774,0.0769,0.004664,4.334
216877,520,431,951,222,72,38,34.03,0.9194,0.5467,0.203069,23,4,70,285.09,0.9436,0.1044,0.007112,4.431
216887,520,264,784,230,137,197,341.70,0.7082,0.7050,0.387474,17,66,91,235.60,0.7492,0.2632,0.047707,4.477
216894,520,319,839,210,118,210,327.14,0.7043,0.6504,0.313131,2,64,12,144.83,0.9957,0.2235,0.037061,4.171
216903,520,350,870,251,71,173,350.31,0.9585,0.6344,0.280361,46,44,39,88.76,0.0874,0.1914,0.025287,4.388
216917,520,430,950,220,16,184,337.99,0.9744,0.5481,0.190493,22,19,40,288.71,0.4403,0.1011,0.007895,4.154
216935,520,423,943,232,6,160,347.97,0.9912,0.5561,0.198270,34,12,48,309.79,0.6775,0.1080,0.008165,4.268
216940,520,476,996,228,3,7,28.85,0.9984,0.5103,0.165775,1,2,8,267.88,0.6163,0.0246,0.000674,4.258
216941,520,386,906,142,117,244,289.32,0.8420,0.5890,0.250048,11,43,8,141.85,0.9500,0.1528,0.018164,4.402
216946,520,441,961,221,28,150,349.17,0.9313,0.5366,0.184072,8,18,49,266.78,0.7348,0.0947,0.007060,4.102
216952,520,410,930,235,39,142,355.46,0.9244,0.5663,0.210692,55,1,47,335.47,0.9181,0.1286,0.010393,4.317
216980,520,430,950,208,70,146,350.17,0.7536,0.5455,0.198676,19,21,38,277.79,0.3767,0.1017,0.008147,4.277
216987,520,393,913,237,13,197,338.34,0.9894,0.5866,0.223265,46,12,71,306.35,0.7978,0.1447,0.012988,4.338
217034,520,344,864,244,39,228,332.03,0.9766,0.6274,0.262884,19,25,116,269.67,0.9459,0.1871,0.020945,4.410
217035,520,459,979,228,27,76,16.46,0.9619,0.5256,0.178026,12,6,34,288.44,0.7172,0.0616,0.003239,4.283
217037,520,467,987,218,18,130,355.18,0.9550,0.5179,0.169523,15,4,1,48.05,0.6954,0.0437,0.001906,4.229
217067,520,352,872,244,17,224,333.00,0.9923,0.6166,0.250188,61,33,48,347.21,0.3928,0.1882,0.022933,4.116
217078,520,465,985,198,18,202,327.22,0.9673,0.5202,0.167044,20,3,3,23.26,0.6798,0.0486,0.002204,4.158
217093,520,480,1000,165,29,251,305.79,0.9814,0.5122,0.158438,0,0,0,0.00,0.0000,0.0000,0.000000,4.169
217097,520,363,883,224,86,181,341.88,0.7867,0.6087,0.258413,26,32,84,273.48,0.7155,0.1699,0.018927,4.475
217104,520,455,975,209,38,177,337.51,0.8956,0.5336,0.181179,8,10,27,275.88,0.5113,0.0615,0.003478,4.323
217106,520,327,847,255,12,244,330.75,1.0000,0.6479,0.280578,45,51,44,141.18,0.1300,0.2121,0.031074,4.077
217115,520,471,991,131,82,251,290.56,0.9632,0.5223,0.178248,4,0,37,276.19,1.0000,0.0439,0.001594,4.424
217119,520,366,886,241,76,139,1.24,0.8636,0.6086,0.257367,38,30,76,287.69,0.6098,0.1693,0.018624,4.479
217125,520,464,984,183,4,240,313.88,0.9966,0.5215,0.164466,3,5,27,271.23,0.7926,0.0464,0.002070,4.119
217133,520,270,790,199,155,200,325.63,0.4310,0.7031,0.397557,27,72,39,149.82,0.8236,0.2641,0.050140,4.469
217157,520,469,989,136,92,217,296.48,0.7468,0.5157,0.178984,0,0,38,264.05,1.0000,0.0408,0.001399,4.455
217191,520,449,969,217,44,159,345.70,0.8747,0.5428,0.190586,21,4,40,301.42,0.8061,0.0719,0.003995,4.456
217197,520,362,882,178,114,217,311.39,0.6878,0.6055,0.265100,61,18,81,312.74,0.7640,0.1841,0.020189,4.489
217230,520,399,919,248,34,100,11.61,0.9628,0.5759,0.220241,4,35,44,221.00,0.8034,0.1352,0.014097,4.216
217241,520,447,967,199,32,212,324.72,0.9440,0.5351,0.179303,26,14,6,55.80,0.4637,0.0804,0.005469,4.134
217245,520,374,894,190,91,238,312.96,0.8727,0.5977,0.246034,39,31,63,293.51,0.4738,0.1625,0.017702,4.373
217254,520,478,998,212,61,21,34.63,0.9577,0.5129,0.173911,0,3,2,174.96,1.0000,0.0237,0.000695,4.417
217262,520,384,904,215,47,245,320.78,0.9608,0.5949,0.230745,7,29,79,263.11,0.8901,0.1475,0.014883,4.327
217295,520,398,918,215,67,195,333.87,0.8445,0.5789,0.224036,59,12,26,6.61,0.7151,0.1394,0.012675,4.372
217297,520,387,907,250,22,156,353.24,0.9796,0.5936,0.233016,4,24,89,264.44,0.9409,0.1460,0.014002,4.422
217304,520,466,986,98,98,253,276.97,0.9839,0.5212,0.184232,22,3,7,6.10,0.6567,0.0528,0.002511,4.461
217315,520,384,904,190,113,148,351.76,0.4750,0.5853,0.248968,13,38,45,218.77,0.5533,0.1490,0.016612,4.488
217325,520,469,989,187,60,180,330.21,0.7892,0.5156,0.170932,14,1,8,343.91,0.7374,0.0373,0.001326,4.304
217328,520,418,938,209,83,146,352.13,0.7033,0.5641,0.218191,3,23,70,262.48,0.9343,0.1227,0.010743,4.415
217335,520,431,951,235,51,62,23.83,0.9345,0.5533,0.203807,14,24,28,224.74,0.2684,0.1002,0.008304,4.353
217340,520,403,923,240,39,156,351.78,0.9374,0.5818,0.223797,16,36,14,142.02,0.7332,0.1332,0.014036,4.276
217341,520,391,911,225,96,94,23.54,0.7631,0.5944,0.251839,2,41,35,180.01,0.9436,0.1492,0.017201,4.492
217347,520,385,905,204,91,189,332.86,0.7244,0.5879,0.239953,45,20,71,303.01,0.7027,0.1546,0.015132,4.452
217350,520,468,988,200,24,198,328.83,0.9508,0.5232,0.170116,1,7,17,249.18,0.7202,0.0432,0.001989,4.234
217371,520,365,885,254,52,127,5.01,0.9899,0.6067,0.250627,17,46,3,137.29,0.9773,0.1652,0.020797,4.246
217378,520,473,993,132,82,247,291.49,0.9317,0.5197,0.176554,11,1,9,333.46,0.7208,0.0341,0.001126,4.431
217386,520,453,973,113,98,252,281.80,0.9690,0.5325,0.192739,3,18,12,167.44,0.7079,0.0701,0.004785,4.431
217394,520,404,924,242,12,158,350.81,0.9873,0.5760,0.216120,38,12,62,303.69,0.7651,0.1251,0.010228,4.419
217395,520,429,949,236,24,126,0.43,0.9621,0.5548,0.199956,48,3,12,14.13,0.8692,0.1012,0.007202,4.370
217427,520,317,837,249,71,222,334.89,0.9686,0.6552,0.299231,79,21,79,327.87,0.7334,0.2170,0.027633,4.498
217432,520,469,989,223,29,108,4.73,0.9342,0.5247,0.176521,19,1,7,356.56,0.7809,0.0437,0.001755,4.377
217451,520,376,896,246,5,199,339.78,0.9969,0.6031,0.238280,49,23,62,313.11,0.6014,0.1584,0.016136,4.359
217454,520,451,971,235,13,83,14.25,0.9864,0.5368,0.185777,22,7,23,324.95,0.5338,0.0674,0.003844,4.379
217457,520,479,999,225,30,6,30.54,0.9934,0.5132,0.169521,1,0,0,29.23,1.0000,0.0090,0.000065,4.385
217460,520,475,995,210,18,166,340.99,0.9538,0.5195,0.168896,9,0,17,311.40,1.0000,0.0330,0.000986,4.293
217482,520,473,993,182,74,168,332.95,0.7021,0.5177,0.176711,5,0,12,307.62,1.0000,0.0252,0.000588,4.482
217483,520,449,969,168,74,233,307.97,0.8671,0.5409,0.191063,6,13,28,262.80,0.5188,0.0669,0.004104,4.456
217488,520,432,952,198,94,99,18.88,0.6144,0.5471,0.209138,5,29,8,146.24,0.9259,0.1035,0.009285,4.371
217498,520,430,950,201,55,208,326.02,0.8785,0.5520,0.197056,10,5,72,272.38,0.9730,0.0976,0.006409,4.380
217499,520,407,927,242,13,141,356.24,0.9853,0.5691,0.210914,8,36,24,162.17,0.7633,0.1316,0.013793,4.090
217503,520,427,947,239,29,105,8.39,0.9593,0.5564,0.202526,14,18,48,273.99,0.6335,0.0977,0.007394,4.400
217512,520,382,902,244,28,183,343.99,0.9721,0.5968,0.234856,5,36,79,257.76,0.8827,0.1642,0.018584,4.153
217515,520,475,995,188,46,206,322.87,0.8866,0.5215,0.171030,12,0,12,328.36,1.0000,0.0337,0.001047,4.330
217516,520,465,985,157,67,236,304.09,0.8907,0.5198,0.172390,23,0,16,340.33,1.0000,0.0509,0.002196,4.261
217559,520,317,837,238,90,224,331.67,0.9145,0.6586,0.308737,10,57,60,201.38,0.8017,0.2155,0.033169,4.313
217575,520,385,905,218,72,203,332.28,0.8532,0.5938,0.238540,12,41,33,172.31,0.6597,0.1526,0.017738,4.260
217593,520,426,946,235,39,133,358.60,0.9239,0.5629,0.208097,42,13,32,342.81,0.5764,0.1119,0.008844,4.386
217598,520,469,989,203,22,184,333.65,0.9466,0.5185,0.167330,5,5,17,281.33,0.4968,0.0422,0.001813,4.195
217609,520,459,979,152,90,214,304.39,0.7400,0.5291,0.188432,14,10,9,34.83,0.1266,0.0587,0.003302,4.473
217631,520,387,907,244,70,60,27.98,0.9437,0.5890,0.239430,4,41,38,187.02,0.8700,0.1513,0.017515,4.287
217652,520,472,992,200,64,141,349.51,0.7530,0.5220,0.178711,8,2,4,354.20,0.4591,0.0315,0.001038,4.481
217656,520,458,978,213,7,183,336.51,0.9868,0.5322,0.177192,3,14,5,149.96,0.7420,0.0575,0.003444,4.251
217660,520,441,961,230,21,112,4.09,0.9637,0.5368,0.185321,28,11,32,319.75,0.5410,0.0873,0.005905,4.209
217667,520,470,990,195,52,171,335.74,0.8147,0.5159,0.170001,8,3,22,294.71,0.7049,0.0430,0.001747,4.251
217673,520,311,831,236,103,206,337.12,0.8595,0.6629,0.319920,27,57,60,203.97,0.4592,0.2228,0.034854,4.359
217683,520,426,946,152,95,242,297.77,0.8672,0.5586,0.212708,42,7,47,322.45,0.7591,0.1125,0.008495,4.491
217688,520,5,525,255,251,248,59.65,1.0000,0.9887,0.970318,10,136,21,143.25,0.9957,0.4723,0.177262,4.490
217702,520,416,936,170,89,240,305.64,0.8718,0.5697,0.219827,25,28,23,132.73,0.1290,0.1187,0.010990,4.424
217706,520,364,884,246,81,109,14.59,0.9085,0.6146,0.265850,48,39,18,86.80,0.4854,0.1744,0.021231,4.434
217712,520,393,913,218,21,246,321.71,0.9888,0.5879,0.220976,14,33,56,254.36,0.5814,0.1416,0.014665,4.190
217725,520,374,894,240,69,130,3.57,0.8692,0.5961,0.243963,19,36,69,262.30,0.6123,0.1622,0.018298,4.304
217733,520,364,884,230,64,206,334.58,0.9031,0.6076,0.249485,20,14,115,271.34,0.9731,0.1712,0.017005,4.470
217743,520,432,952,204,42,216,324.94,0.9291,0.5524,0.194529,5,28,1,139.44,0.9866,0.0989,0.008649,4.169
217748,520,319,839,214,99,255,316.12,1.0000,0.6536,0.304413,33,59,16,135.08,0.8637,0.2201,0.034886,4.175
217751,520,348,868,225,110,142,4.15,0.6797,0.6300,0.291146,10,46,80,250.91,0.7759,0.1943,0.025976,4.490
217767,520,445,965,214,67,106,8.76,0.7842,0.5382,0.193534,20,8,44,293.67,0.7388,0.0811,0.005042,4.424
217768,520,297,817,203,129,253,310.09,0.9659,0.6847,0.354898,16,59,92,245.92,0.7429,0.2427,0.040106,4.494
217775,520,447,967,168,73,239,306.73,0.8954,0.5445,0.193226,25,0,47,303.45,1.0000,0.0760,0.004119,4.494
217785,520,407,927,214,62,185,336.72,0.8398,0.5665,0.212463,54,1,48,333.68,0.9192,0.1273,0.010195,4.360
217787,520,341,861,234,108,74,36.07,0.8302,0.6251,0.287146,10,43,95,259.59,0.8629,0.1987,0.026184,4.425
217797,520,419,939,223,77,61,29.54,0.8595,0.5577,0.213353,10,10,80,270.44,0.9624,0.1146,0.008607,4.494
217818,520,470,990,195,55,179,333.06,0.8160,0.5235,0.175908,19,2,2,24.35,0.7692,0.0444,0.001863,4.356
217833,520,431,951,231,1,159,348.01,0.9984,0.5526,0.195167,19,23,34,268.89,0.2665,0.1044,0.008667,4.179
217846,520,392,912,203,69,239,318.16,0.9186,0.5903,0.231862,10,43,14,145.50,0.9294,0.1533,0.018239,4.131
217852,520,476,996,186,77,129,353.12,0.6445,0.5098,0.173334,3,0,16,290.10,1.0000,0.0250,0.000568,4.417
217853,520,353,873,219,76,232,324.32,0.9047,0.6176,0.260571,72,7,67,331.79,0.8229,0.1817,0.019351,4.478
217865,520,391,911,225,62,188,338.72,0.8706,0.5872,0.230860,36,35,21,104.55,0.3144,0.1494,0.016313,4.235
217868,520,284,804,249,126,112,28.07,0.9108,0.6865,0.362342,40,62,72,228.13,0.3133,0.2523,0.043641,4.403
217890,520,460,980,184,20,241,313.74,0.9821,0.5281,0.170427,3,8,34,267.18,0.8280,0.0582,0.003085,4.152
217893,520,476,996,175,37,230,313.12,0.9424,0.5129,0.161513,2,1,5,297.38,0.5651,0.0207,0.000456,4.192
217899,520,361,881,225,90,196,336.92,0.8077,0.6230,0.273076,23,44,57,237.14,0.4303,0.1792,0.022789,4.439
217900,520,415,935,247,30,72,19.58,0.9751,0.5659,0.211741,48,7,47,329.02,0.7633,0.1229,0.009857,4.373
217956,520,454,974,194,83,117,3.43,0.6373,0.5279,0.189419,31,1,31,328.24,0.8647,0.0741,0.004120,4.424
217970,520,474,994,235,0,1,29.17,1.0000,0.5247,0.176676,1,1,26,269.35,0.9746,0.0332,0.001027,4.442
217995,520,439,959,212,13,208,329.36,0.9842,0.5478,0.188410,22,2,63,287.90,0.9599,0.0924,0.005729,4.278
217999,520,312,832,232,93,232,327.70,0.9047,0.6576,0.308129,52,51,48,91.55,0.0450,0.2209,0.033111,4.309
218004,520,347,867,243,64,201,339.28,0.9266,0.6272,0.269414,0,54,6,144.33,1.0000,0.1868,0.026514,4.175
218020,520,212,732,238,157,204,344.26,0.7328,0.7557,0.466525,4,89,0,142.14,1.0000,0.3110,0.071703,4.244
218026,520,401,921,213,63,212,328.25,0.8837,0.5819,0.224565,45,30,0,81.87,1.0000,0.1439,0.014865,4.233
218033,520,414,934,221,59,167,344.61,0.8431,0.5666,0.212925,35,22,32,335.02,0.2914,0.1187,0.010355,4.356
218049,520,416,936,253,18,44,25.43,0.9921,0.5702,0.215009,51,11,23,5.72,0.6802,0.1214,0.010051,4.413
218059,520,422,942,135,105,240,289.71,0.8369,0.5562,0.215452,18,25,42,266.43,0.3912,0.1134,0.009910,4.431
218084,520,267,787,217,141,236,319.42,0.8101,0.7138,0.398588,12,75,5,141.71,0.9914,0.2641,0.051211,4.432
218089,520,475,995,173,43,242,309.59,0.9448,0.5244,0.170237,0,2,25,263.55,1.0011,0.0340,0.001136,4.307
218095,520,423,943,232,6,159,348.29,0.9911,0.5556,0.197921,1,31,20,165.34,0.9689,0.1107,0.010369,4.107
218108,520,383,903,237,22,212,334.41,0.9840,0.5980,0.233346,38,23,74,292.42,0.6893,0.1536,0.015193,4.346
218134,520,452,972,221,5,151,348.37,0.9891,0.5299,0.177176,21,11,25,315.91,0.4139,0.0747,0.004690,4.154
218136,520,471,991,205,66,108,6.09,0.7572,0.5209,0.179604,11,1,25,302.08,0.8723,0.0430,0.001630,4.447
218138,520,440,960,234,47,89,14.83,0.9191,0.5532,0.202498,2,19,48,258.25,0.8805,0.0925,0.006920,4.436
218140,520,395,915,251,18,155,353.66,0.9848,0.5940,0.233119,12,34,54,248.36,0.6036,0.1420,0.014885,4.363
218142,520,470,990,148,89,204,305.29,0.7004,0.5152,0.178007,1,8,14,233.54,0.7065,0.0442,0.002118,4.375
218150,520,24,544,228,254,223,140.62,0.9024,0.9650,0.927047,44,131,10,139.62,0.9926,0.4629,0.167894,4.484
218159,520,423,943,233,63,77,21.29,0.8920,0.5630,0.214174,5,19,67,265.39,0.9080,0.1120,0.009032,4.475
218162,520,381,901,248,4,189,342.91,0.9974,0.6012,0.237207,56,22,41,347.49,0.5295,0.1552,0.015748,4.368
218165,520,410,930,244,46,43,27.71,0.9626,0.5653,0.213649,40,26,5,75.24,0.7127,0.1275,0.012009,4.252
218172,520,420,940,245,22,64,20.99,0.9844,0.5571,0.203600,2,8,80,265.54,0.9823,0.1074,0.007657,4.398
218176,520,473,993,164,62,227,308.92,0.8712,0.5161,0.168845,3,0,17,288.71,1.0000,0.0257,0.000598,4.325
218180,520,465,985,226,13,106,5.19,0.9776,0.5241,0.175000,7,3,32,283.36,0.8443,0.0493,0.002146,4.315
218191,520,474,994,209,64,69,22.98,0.8335,0.5163,0.176541,6,0,10,316.23,1.0000,0.0254,0.000606,4.477
218209,520,423,943,184,81,214,317.89,0.7933,0.5589,0.209313,11,30,24,170.93,0.5116,0.1142,0.010656,4.275
218210,520,460,980,230,13,101,7.60,0.9810,0.5309,0.180534,6,6,37,275.59,0.8265,0.0590,0.003025,4.348
218225,520,350,870,242,77,186,344.26,0.8965,0.6307,0.277330,53,43,30,73.79,0.2812,0.1945,0.025784,4.319
218228,520,369,889,247,63,139,0.73,0.9229,0.6063,0.251965,37,34,62,287.35,0.4166,0.1668,0.018852,4.386
218247,520,458,978,224,8,145,351.08,0.9839,0.5337,0.180680,17,5,24,312.23,0.6151,0.0579,0.002937,4.358
218250,520,438,958,225,63,97,13.29,0.8436,0.5520,0.204283,14,22,11,137.40,0.4061,0.0888,0.006913,4.468
218272,520,479,999,228,5,7,28.93,0.9973,0.5108,0.166209,1,0,4,296.85,1.0000,0.0133,0.000152,4.311
218273,520,441,961,203,57,178,335.81,0.8217,0.5387,0.188390,22,7,53,291.33,0.8204,0.0897,0.005796,4.273
218279,520,418,938,249,2,17,28.23,0.9992,0.5561,0.202273,27,20,59,287.39,0.6403,0.1226,0.010491,4.170
218281,520,422,942,220,75,116,6.95,0.7707,0.5620,0.215112,22,20,50,283.37,0.5610,0.1104,0.009012,4.493
218283,520,400,920,198,63,249,314.65,0.9649,0.5843,0.224017,48,22,31,358.82,0.4323,0.1376,0.013012,4.349
218285,520,331,851,225,83,237,324.55,0.9202,0.6379,0.283105,44,31,99,286.06,0.7354,0.1986,0.024163,4.492
218291,520,368,888,252,28,172,348.92,0.9778,0.6067,0.245080,74,15,22,18.70,0.7878,0.1728,0.018557,4.304
218302,520,310,830,244,60,253,326.00,0.9931,0.6567,0.295593,19,21,148,268.19,0.9807,0.2242,0.028127,4.423
218318,520,456,976,232,20,83,14.21,0.9751,0.5326,0.182837,16,9,0,84.58,1.0000,0.0560,0.003055,4.389
218320,520,469,989,198,58,161,340.42,0.7879,0.5216,0.176069,0,0,39,264.05,1.0000,0.0418,0.001465,4.393
218351,520,353,873,235,70,202,337.14,0.8957,0.6196,0.263093,15,44,71,249.38,0.6612,0.1838,0.023577,4.255
218365,520,441,961,209,71,115,4.60,0.7470,0.5367,0.193017,13,23,7,134.44,0.6097,0.0899,0.007137,4.253
218369,520,480,1000,201,70,67,25.20,0.7915,0.5084,0.172051,0,0,0,0.00,0.0000,0.0000,0.000000,4.441
218414,520,383,903,229,62,204,334.88,0.9025,0.6030,0.244653,42,32,37,346.85,0.1682,0.1540,0.016589,4.425
218417,520,405,925,197,57,253,313.75,0.9881,0.5806,0.218897,44,25,12,54.18,0.5130,0.1322,0.012573,4.297
218434,520,432,952,232,50,101,10.71,0.8979,0.5546,0.203795,9,27,20,166.29,0.5405,0.1026,0.008924,4.307
218459,520,370,890,174,111,234,305.62,0.7883,0.6060,0.263086,35,42,35,145.12,0.1633,0.1728,0.021346,4.388
218463,520,476,996,138,82,228,296.91,0.8250,0.5100,0.170394,0,1,8,261.19,1.0000,0.0192,0.000392,4.374
218468,520,429,949,211,73,127,359.81,0.7439,0.5470,0.201484,13,2,72,275.29,0.9863,0.0951,0.005968,4.493
218490,520,476,996,209,56,56,25.54,0.8826,0.5051,0.166715,2,0,17,282.31,1.0000,0.0243,0.000534,4.289
218491,520,477,997,216,48,20,31.85,0.9689,0.5077,0.167659,0,0,14,264.05,1.0000,0.0188,0.000317,4.326
218497,520,398,918,231,47,173,344.55,0.9083,0.5779,0.220418,20,16,88,274.72,0.9197,0.1392,0.012238,4.345
218503,520,383,903,227,5,240,325.33,0.9977,0.5951,0.227330,51,28,26,25.31,0.3675,0.1533,0.016090,4.196
218515,520,352,872,215,76,242,320.66,0.9344,0.6181,0.260285,8,27,117,265.79,0.9588,0.1872,0.021197,4.358
218516,520,445,965,217,72,84,19.70,0.8057,0.5442,0.200290,2,22,12,160.77,0.8968,0.0809,0.006132,4.459
218526,520,422,942,247,29,62,22.07,0.9787,0.5639,0.210042,44,13,31,347.01,0.5880,0.1148,0.009223,4.391
218541,520,440,960,236,6,114,3.95,0.9920,0.5458,0.191812,14,11,56,277.94,0.8341,0.0915,0.006182,4.304
218550,520,426,946,247,32,34,27.78,0.9811,0.5622,0.209262,3,29,34,212.20,0.7982,0.1111,0.010135,4.311
218556,520,456,976,144,72,254,295.73,0.9913,0.5256,0.177199,20,4,28,313.48,0.7091,0.0619,0.003194,4.271
218558,520,376,896,240,58,161,351.13,0.8944,0.5975,0.241276,67,16,0,38.96,1.0000,0.1558,0.015641,4.437
218564,520,390,910,251,61,63,25.69,0.9779,0.5940,0.242092,19,32,70,266.95,0.6559,0.1526,0.016136,4.417
218569,520,362,882,240,93,63,33.34,0.9016,0.6109,0.267159,36,40,57,273.95,0.2692,0.1782,0.021880,4.412
218587,520,455,975,209,74,56,30.49,0.8370,0.5269,0.187406,0,12,24,242.00,1.0000,0.0575,0.003289,4.455
218588,520,456,976,228,7,119,0.82,0.9876,0.5312,0.179807,0,18,1,144.36,1.0000,0.0649,0.004348,4.228
218624,520,457,977,228,38,67,20.28,0.9454,0.5301,0.182884,21,0,34,310.51,1.0000,0.0593,0.002749,4.415
218630,520,464,984,166,80,200,315.23,0.7350,0.5220,0.180152,24,0,8,358.46,1.0000,0.0494,0.002118,4.416
218632,520,334,854,238,84,203,337.98,0.8883,0.6402,0.288322,42,49,48,186.27,0.0920,0.2049,0.029022,4.281
218634,520,460,980,212,36,154,345.89,0.8884,0.5256,0.175942,7,5,40,277.39,0.8659,0.0604,0.003069,4.258
218643,520,426,946,227,68,85,19.11,0.8516,0.5585,0.211238,52,3,22,2.70,0.8427,0.1125,0.008532,4.463
218654,520,259,779,251,124,181,353.65,0.9149,0.7065,0.382635,54,63,87,268.38,0.2870,0.2747,0.050273,4.315
218656,520,433,953,236,50,3,32.93,0.9969,0.5498,0.201238,16,25,6,129.74,0.6667,0.0978,0.008186,4.318
218664,520,404,924,164,90,255,300.41,1.0000,0.5754,0.224252,25,31,37,248.45,0.1663,0.1327,0.013202,4.339
218672,520,327,847,227,123,105,31.01,0.7044,0.6457,0.315190,14,58,2,139.87,0.9931,0.2050,0.031237,4.495
218682,520,476,996,218,14,101,5.63,0.9705,0.5062,0.161617,5,0,2,349.81,1.0000,0.0195,0.000367,4.202
218689,520,403,923,227,82,104,14.86,0.7876,0.5802,0.233676,13,36,6,138.89,0.9259,0.1301,0.013604,4.460
218690,520,429,949,230,45,96,11.64,0.9099,0.5454,0.195472,3,2,78,266.58,0.9951,0.0967,0.006128,4.373
218715,520,421,941,238,23,133,358.39,0.9661,0.5610,0.204865,43,5,51,320.01,0.8087,0.1145,0.008612,4.348
218719,520,341,861,244,27,236,330.13,0.9884,0.6273,0.260759,17,26,127,268.25,0.9598,0.2018,0.023901,4.205
218726,520,426,946,246,37,51,25.19,0.9720,0.5645,0.211585,15,16,63,274.95,0.8210,0.1079,0.008310,4.486
218731,520,471,991,226,5,92,9.82,0.9923,0.5182,0.170529,0,10,5,165.38,1.0000,0.0448,0.002280,4.218
218732,520,474,994,184,11,235,315.20,0.9897,0.5203,0.164291,10,1,5,347.61,0.6796,0.0312,0.000972,4.204
218748,520,362,882,235,54,202,336.86,0.9275,0.6056,0.245674,11,13,124,267.34,0.9863,0.1783,0.018141,4.339
218758,520,362,882,175,118,214,310.26,0.6526,0.6075,0.269265,31,48,19,133.76,0.6500,0.1835,0.024522,4.284
218780,520,423,943,233,64,2,35.63,0.9975,0.5570,0.209978,15,11,74,274.67,0.9270,0.1117,0.008353,4.455
218781,520,425,945,220,46,187,337.41,0.9024,0.5646,0.207598,43,0,55,317.47,1.0000,0.1112,0.007895,4.449
218788,520,332,852,236,91,192,341.47,0.8508,0.6400,0.291233,53,40,67,305.72,0.3726,0.2029,0.026797,4.443
218808,520,410,930,237,18,153,351.45,0.9756,0.5655,0.207401,42,25,31,356.70,0.2934,0.1348,0.012865,4.095
218809,520,464,984,143,71,250,296.16,0.9613,0.5195,0.172484,1,0,46,266.40,1.0000,0.0506,0.002037,4.276
218813,520,412,932,205,71,199,329.68,0.8195,0.5691,0.216109,1,33,31,188.90,0.9520,0.1211,0.011930,4.297
218816,520,458,978,201,42,187,332.24,0.8824,0.5279,0.176631,27,0,29,325.63,1.0000,0.0644,0.003218,4.259
218817,520,466,986,198,82,49,36.54,0.8037,0.5177,0.182640,8,4,25,289.56,0.6939,0.0473,0.002086,4.466
218818,520,345,865,241,64,215,334.80,0.9337,0.6315,0.272766,36,37,86,278.74,0.6138,0.1914,0.023700,4.379
218826,520,383,903,227,59,206,333.76,0.9080,0.5981,0.239174,4,30,78,260.88,0.9209,0.1476,0.015043,4.446
218833,520,376,896,241,69,135,1.83,0.8746,0.5997,0.247093,24,36,63,264.85,0.4873,0.1610,0.018148,4.360
218856,520,362,882,172,107,250,302.00,0.9234,0.6079,0.261886,34,45,40,165.73,0.1876,0.1826,0.023700,4.232
218868,520,477,997,192,64,142,346.77,0.7343,0.5083,0.168279,0,3,4,211.91,1.0000,0.0247,0.000739,4.302
218878,520,420,940,193,93,151,346.31,0.6055,0.5555,0.214020,9,18,69,268.70,0.8941,0.1143,0.009203,4.460
218891,520,453,973,207,77,82,21.38,0.7533,0.5321,0.191845,1,9,52,264.41,0.9513,0.0750,0.004497,4.438
218900,520,290,810,223,118,232,324.32,0.8547,0.6801,0.344727,38,59,75,242.10,0.3510,0.2436,0.040479,4.363
218904,520,319,839,230,108,178,346.89,0.7520,0.6482,0.307647,64,47,26,71.28,0.4513,0.2189,0.031977,4.363
218905,520,345,865,239,102,94,25.97,0.8538,0.6275,0.286645,59,41,5,80.33,0.8429,0.1931,0.025267,4.473
218912,520,372,892,218,81,211,329.85,0.8476,0.6088,0.254954,23,29,95,272.15,0.8468,0.1724,0.018870,4.428
218929,520,471,991,225,37,55,23.36,0.9522,0.5213,0.176094,12,2,9,336.84,0.6028,0.0380,0.001413,4.398
218957,520,472,992,212,28,143,349.48,0.9132,0.5158,0.168130,1,0,21,272.00,1.0000,0.0260,0.000606,4.310
218968,520,479,999,208,59,74,19.78,0.8362,0.5096,0.170345,0,1,0,142.50,1.0000,0.0135,0.000217,4.388
218970,520,422,942,178,81,222,313.58,0.8135,0.5558,0.206247,12,5,78,272.73,0.9764,0.1065,0.007367,4.467
218980,520,355,875,248,53,181,346.12,0.9476,0.6173,0.258421,61,35,26,39.83,0.4190,0.1850,0.022689,4.243
218991,520,324,844,244,67,233,330.76,0.9551,0.6497,0.291333,29,40,106,270.92,0.7803,0.2112,0.028193,4.365
218996,520,347,867,243,2,248,327.25,0.9994,0.6280,0.258782,58,39,23,60.50,0.4329,0.1893,0.024125,4.166
218997,520,395,915,220,15,243,322.92,0.9925,0.5874,0.220304,30,19,77,284.77,0.7832,0.1406,0.012776,4.306
219003,520,253,773,242,139,184,353.14,0.7741,0.7200,0.408055,10,75,46,158.06,0.9513,0.2702,0.052937,4.450
219024,520,459,979,187,77,167,335.24,0.6965,0.5294,0.186640,10,1,43,283.82,0.9660,0.0576,0.002606,4.498
219044,520,393,913,225,68,178,342.25,0.8400,0.5879,0.233586,37,26,49,305.29,0.4098,0.1395,0.013539,4.463
219048,520,415,935,193,78,220,319.48,0.8324,0.5723,0.219548,16,27,39,251.32,0.3659,0.1155,0.010405,4.462
219069,520,477,997,169,42,232,310.59,0.9323,0.5090,0.159180,1,0,17,274.34,1.0000,0.0228,0.000469,4.145
219071,520,341,861,230,117,43,49.35,0.8875,0.6305,0.297225,1,58,16,146.99,0.9968,0.2026,0.030698,4.303
219072,520,341,861,225,76,239,324.21,0.9318,0.6315,0.274105,86,7,39,3.82,0.8594,0.1962,0.022772,4.454
219081,520,465,985,207,11,182,335.27,0.9765,0.5212,0.168842,10,4,29,290.92,0.7395,0.0519,0.002401,4.176
219089,520,477,997,223,24,78,15.03,0.9619,0.5142,0.168941,1,0,10,281.20,1.0000,0.0178,0.000284,4.354
219097,520,392,912,247,32,161,351.37,0.9629,0.5938,0.233837,36,35,24,103.36,0.2377,0.1502,0.016431,4.273
219116,520,425,945,188,56,244,313.13,0.9423,0.5590,0.200525,48,7,19,7.22,0.7413,0.1089,0.008275,4.299
219160,520,385,905,168,102,243,302.62,0.8634,0.5897,0.242991,5,42,0,140.54,1.0000,0.1457,0.016881,4.381
219162,520,358,878,246,0,226,332.96,1.0000,0.6183,0.250868,16,49,39,170.47,0.6613,0.1827,0.024532,4.037
219179,520,305,825,233,123,153,3.84,0.7026,0.6679,0.337918,8,65,15,144.48,0.9822,0.2290,0.038665,4.375
219187,520,450,970,211,15,201,330.96,0.9783,0.5418,0.184097,8,11,37,273.85,0.6761,0.0703,0.004245,4.316
219210,520,454,974,223,35,117,1.82,0.9123,0.5310,0.181771,28,7,10,12.47,0.5499,0.0709,0.004208,4.276
219221,520,247,767,253,121,218,338.61,0.9823,0.7205,0.396220,104,47,11,47.99,0.8306,0.2824,0.050007,4.462
219242,520,446,966,145,99,216,299.28,0.7171,0.5379,0.199015,25,17,1,86.63,0.8720,0.0846,0.006098,4.439
219245,520,388,908,253,49,88,17.27,0.9858,0.5925,0.237875,20,41,15,139.78,0.7543,0.1521,0.017690,4.253
219251,520,323,843,244,84,206,338.58,0.9245,0.6516,0.300328,15,58,13,142.50,0.9569,0.2066,0.031566,4.295
219263,520,392,912,254,38,75,19.94,0.9941,0.5850,0.229688,47,21,55,317.74,0.5821,0.1469,0.014166,4.359
219273,520,464,984,184,17,230,316.27,0.9810,0.5177,0.163057,13,4,24,303.56,0.6641,0.0514,0.002384,4.067
219274,520,385,905,223,60,197,335.36,0.8846,0.5869,0.229532,28,9,99,279.18,0.9557,0.1508,0.013430,4.407
219301,520,389,909,239,61,130,2.38,0.8767,0.5864,0.233030,13,12,107,269.13,0.9790,0.1542,0.014099,4.415
219302,520,407,927,224,51,171,343.65,0.8791,0.5671,0.211577,33,25,45,301.85,0.3743,0.1300,0.012081,4.214
219308,520,381,901,222,52,236,324.62,0.9508,0.6033,0.240438,48,8,89,299.06,0.9001,0.1614,0.015233,4.452
219324,520,452,972,184,38,231,315.58,0.9447,0.5285,0.173473,1,20,5,149.82,0.9726,0.0726,0.005177,4.050
219331,520,462,982,213,53,119,0.76,0.8238,0.5258,0.180266,6,10,3,129.95,0.4987,0.0497,0.002624,4.376
219333,520,343,863,251,29,222,335.07,0.9862,0.6317,0.266650,72,18,57,340.73,0.7021,0.1865,0.021059,4.456
219357,520,471,991,201,72,86,17.48,0.7420,0.5151,0.177261,11,0,30,297.47,1.0000,0.0444,0.001649,4.400
219365,520,431,951,205,19,228,322.52,0.9819,0.5517,0.190481,8,19,57,267.01,0.8155,0.1039,0.008127,4.137
219371,520,396,916,226,43,203,334.25,0.9370,0.5827,0.222107,64,6,10,23.21,0.9057,0.1389,0.012423,4.359
219380,520,424,944,241,8,116,4.18,0.9910,0.5571,0.201387,1,13,78,264.46,0.9704,0.1114,0.008443,4.301
219386,520,466,986,233,1,21,27.63,0.9995,0.5214,0.174027,5,1,40,276.51,0.9766,0.0502,0.002072,4.302
219407,520,321,841,253,93,124,12.15,0.9674,0.6460,0.301699,41,51,41,145.01,0.2080,0.2072,0.029991,4.397
219418,520,476,996,218,8,106,3.60,0.9823,0.5062,0.161223,2,1,6,294.08,0.6164,0.0213,0.000478,4.184
219419,520,444,964,200,2,231,320.61,0.9982,0.5416,0.180939,28,10,24,336.02,0.4880,0.0814,0.005299,4.176
219442,520,187,707,226,177,219,331.17,0.5869,0.7876,0.527286,32,91,46,148.53,0.8870,0.3309,0.079862,4.445
219445,520,465,985,211,66,38,32.94,0.9066,0.5182,0.178876,6,6,28,278.33,0.6839,0.0521,0.002528,4.357
219447,520,451,971,187,76,189,326.96,0.7475,0.5406,0.194091,18,15,0,101.33,1.0000,0.0715,0.004703,4.462
219450,520,235,755,253,128,235,332.98,0.9882,0.7393,0.423217,50,74,47,141.77,0.4556,0.2870,0.057808,4.389
219456,520,409,929,227,60,155,350.46,0.8474,0.5728,0.219318,7,37,19,153.75,0.8745,0.1330,0.014153,4.198
219457,520,461,981,227,35,85,14.06,0.9377,0.5298,0.181917,18,4,19,325.14,0.6061,0.0543,0.002625,4.407
219485,520,367,887,250,11,192,342.56,0.9936,0.6079,0.243724,27,23,104,275.27,0.9009,0.1744,0.018452,4.291
219486,520,460,980,202,67,132,354.41,0.7418,0.5254,0.182388,17,8,12,350.78,0.2888,0.0587,0.003194,4.369
219490,520,419,939,236,55,35,30.43,0.9547,0.5557,0.206897,3,23,57,259.19,0.8791,0.1104,0.009275,4.334
219491,520,296,816,217,120,239,319.98,0.8741,0.6791,0.344181,43,60,52,164.39,0.2456,0.2399,0.039932,4.383
219499,520,363,883,221,103,136,4.47,0.6760,0.6103,0.268524,30,42,45,214.75,0.1999,0.1723,0.021214,4.473
219505,520,259,779,209,137,254,311.17,0.9822,0.7067,0.386033,34,74,7,136.29,0.9761,0.2698,0.052528,4.253
219507,520,379,899,247,46,157,353.23,0.9368,0.5999,0.241658,50,32,30,26.22,0.2747,0.1623,0.018049,4.286
219522,520,389,909,248,62,74,22.83,0.9574,0.5907,0.238996,32,28,65,285.40,0.5560,0.1497,0.015192,4.433
219531,520,422,942,251,5,37,26.04,0.9979,0.5623,0.207551,33,1,72,295.31,0.9796,0.1143,0.008129,4.431
219532,520,474,994,199,11,197,328.88,0.9793,0.5164,0.164145,9,2,4,357.28,0.4900,0.0326,0.001103,4.190
219537,520,478,998,146,71,236,299.78,0.8841,0.5106,0.166739,5,0,6,324.01,1.0000,0.0219,0.000454,4.296
219547,520,368,888,241,12,218,333.80,0.9939,0.6064,0.240286,13,0,129,267.86,1.0000,0.1748,0.016704,4.352
219549,520,428,948,201,61,211,325.07,0.8680,0.5597,0.204598,4,28,22,174.20,0.7828,0.1035,0.009142,4.305
219575,520,358,878,199,121,162,347.66,0.4978,0.6186,0.284268,13,48,50,200.48,0.6659,0.1828,0.024297,4.499
219595,520,381,901,237,61,167,348.59,0.8825,0.5973,0.241349,17,34,70,263.29,0.6632,0.1565,0.017053,4.345
219605,520,461,981,222,55,21,32.82,0.9683,0.5265,0.183188,1,6,29,263.31,0.9011,0.0483,0.002254,4.463
219609,520,363,883,233,90,129,6.59,0.7867,0.6087,0.262236,18,47,6,138.06,0.9560,0.1695,0.021747,4.352
219620,520,247,767,216,146,237,318.18,0.8007,0.7224,0.412723,38,76,3,134.59,0.9888,0.2785,0.055874,4.371
219623,520,457,977,186,33,227,317.25,0.9513,0.5255,0.170741,3,11,35,263.70,0.7892,0.0650,0.003800,4.103
219633,520,439,959,207,8,230,322.65,0.9935,0.5539,0.191541,13,18,36,270.70,0.4560,0.0884,0.006455,4.278
219634,520,429,949,198,32,239,317.88,0.9683,0.5540,0.192723,22,19,32,294.47,0.3013,0.0964,0.007406,4.228
219640,520,366,886,232,56,220,331.18,0.9387,0.6126,0.251539,57,22,60,324.40,0.6177,0.1676,0.017700,4.454
219651,520,400,920,251,53,27,31.00,0.9838,0.5837,0.231382,45,26,38,341.72,0.3414,0.1443,0.014367,4.372
219658,520,390,910,244,67,68,25.26,0.9390,0.5869,0.236681,9,18,103,267.37,0.9668,0.1549,0.014698,4.431
219662,520,418,938,141,119,191,297.19,0.4943,0.5575,0.226180,23,30,20,136.41,0.2799,0.1216,0.011612,4.483
219664,520,369,889,230,17,244,325.10,0.9929,0.6056,0.237579,38,40,35,124.85,0.0933,0.1700,0.020510,4.079
219665,520,466,986,171,16,254,307.30,0.9954,0.5186,0.161851,19,4,4,22.01,0.5705,0.0499,0.002341,4.048
219676,520,362,882,229,56,224,329.37,0.9393,0.6100,0.248705,84,4,6,27.03,0.9729,0.1817,0.019851,4.276
219682,520,333,853,251,90,111,16.32,0.9486,0.6352,0.289726,64,39,22,54.17,0.4973,0.1982,0.025991,4.471
219704,520,387,907,206,98,163,345.25,0.6455,0.5890,0.245033,37,36,6,107.47,0.7596,0.1506,0.016682,4.424
219705,520,153,673,250,184,189,13.79,0.7976,0.8192,0.582809,14,98,70,164.43,0.9470,0.3549,0.092705,4.434
219708,520,448,968,191,76,179,331.93,0.7326,0.5410,0.195014,30,9,15,3.55,0.5040,0.0791,0.005059,4.450
219715,520,385,905,223,42,217,329.73,0.9491,0.5856,0.223559,62,4,60,329.81,0.8492,0.1546,0.014374,4.250
219717,520,458,978,207,16,187,333.82,0.9676,0.5257,0.172259,8,5,37,280.43,0.8203,0.0586,0.002937,4.199
219743,520,376,896,218,66,224,326.34,0.9069,0.6006,0.241857,35,30,74,284.91,0.6017,0.1645,0.017803,4.305
219746,520,475,995,191,15,214,322.16,0.9778,0.5159,0.162746,8,2,8,327.25,0.5375,0.0332,0.001126,4.161
219757,520,417,937,250,39,53,25.09,0.9780,0.5742,0.220357,14,29,41,243.98,0.4366,0.1208,0.011321,4.409
219765,520,469,989,188,11,225,318.66,0.9873,0.5185,0.163683,1,5,23,262.91,0.8564,0.0417,0.001768,4.128
219774,520,455,975,213,9,176,338.59,0.9814,0.5285,0.174784,3,0,53,269.26,1.0000,0.0607,0.002764,4.260
219781,520,448,968,236,43,17,30.97,0.9835,0.5449,0.196043,12,15,36,275.04,0.5246,0.0808,0.005472,4.435
219791,520,47,567,224,248,175,123.04,0.8193,0.9351,0.860769,34,125,55,147.33,0.9517,0.4446,0.152825,4.490
219793,520,412,932,221,16,214,330.08,0.9852,0.5687,0.206001,1,25,60,256.95,0.9518,0.1170,0.010279,4.247
219794,520,388,908,250,12,153,353.97,0.9901,0.5897,0.228903,51,27,24,27.75,0.3960,0.1505,0.015537,4.256
219795,520,464,984,192,24,211,323.11,0.9579,0.5186,0.165644,23,0,6,2.76,1.0000,0.0471,0.001953,4.151
219802,520,462,982,234,25,15,29.38,0.9865,0.5302,0.182254,1,13,4,152.64,0.9340,0.0529,0.003031,4.380
219805,520,410,930,235,69,1,36.64,0.9987,0.5664,0.219237,42,20,41,328.69,0.4758,0.1290,0.011527,4.376
219809,520,473,993,220,22,107,4.15,0.9502,0.5150,0.168537,7,1,8,323.86,0.6844,0.0291,0.000844,4.298
219811,520,353,873,240,90,118,12.38,0.8416,0.6176,0.271485,32,43,44,203.19,0.1704,0.1765,0.022166,4.455
219835,520,200,720,255,170,72,66.31,1.0000,0.7728,0.504799,52,84,62,153.55,0.4364,0.3237,0.074183,4.468
219836,520,442,962,168,58,251,305.35,0.9739,0.5380,0.183166,26,10,20,342.91,0.4320,0.0769,0.004872,4.249
219861,520,476,996,104,89,254,280.20,0.9921,0.5106,0.172430,3,0,10,300.63,1.0000,0.0212,0.000413,4.412
219922,520,413,933,238,45,133,359.59,0.9150,0.5726,0.217504,11,21,68,268.67,0.8484,0.1204,0.010248,4.440
219930,520,408,928,144,107,242,292.58,0.8429,0.5706,0.228554,16,32,45,244.38,0.4374,0.1329,0.013326,4.399
219955,520,455,975,222,45,108,5.94,0.8816,0.5328,0.184917,7,4,40,278.21,0.8890,0.0584,0.002852,4.445
219974,520,421,941,235,48,92,14.03,0.9167,0.5566,0.205518,30,17,52,297.74,0.6200,0.1144,0.009249,4.313
219986,520,446,966,191,7,243,315.43,0.9949,0.5376,0.177007,25,1,48,302.09,0.9497,0.0787,0.004418,4.172
219989,520,467,987,198,81,44,37.64,0.8254,0.5155,0.180744,8,0,28,293.33,1.0000,0.0398,0.001355,4.493
220001,520,417,937,253,4,86,15.08,0.9975,0.5734,0.216451,25,29,1,116.89,0.9378,0.1166,0.010876,4.377
220028,520,301,821,222,110,238,322.49,0.8937,0.6698,0.328562,21,54,96,255.80,0.7028,0.2334,0.036421,4.380
220053,520,437,957,223,70,55,29.36,0.8839,0.5481,0.203468,16,20,20,196.63,0.0950,0.0877,0.006610,4.477
220055,520,430,950,229,66,16,35.31,0.9779,0.5517,0.205947,19,22,37,274.76,0.3396,0.1036,0.008458,4.378
220065,520,416,936,253,5,89,14.25,0.9968,0.5743,0.217162,24,28,23,139.43,0.1397,0.1177,0.010866,4.389
220094,520,395,915,252,21,128,2.47,0.9813,0.5867,0.227939,7,9,102,267.22,0.9860,0.1413,0.011998,4.483
220115,520,344,864,229,70,234,326.67,0.9308,0.6286,0.269811,83,15,8,30.12,0.9113,0.1898,0.021985,4.443
220116,520,461,981,215,38,158,345.32,0.8901,0.5345,0.183042,1,13,8,169.33,0.8664,0.0541,0.003118,4.387
220117,520,351,871,239,31,247,326.45,0.9871,0.6276,0.260487,1,44,91,254.79,0.9746,0.1949,0.025630,4.105
220125,520,375,895,252,67,7,34.81,0.9949,0.5976,0.247287,62,18,51,338.76,0.6557,0.1646,0.016959,4.440
220152,520,466,986,195,84,80,24.56,0.6808,0.5209,0.185237,24,1,15,344.49,0.8056,0.0543,0.002504,4.480
220153,520,264,784,254,140,6,58.29,0.9958,0.7085,0.398432,13,74,11,142.51,0.9810,0.2613,0.050071,4.481
220156,520,343,863,253,57,180,347.68,0.9824,0.6289,0.271075,5,34,113,263.77,0.9599,0.1947,0.023684,4.357
220168,520,333,853,251,36,227,333.86,0.9828,0.6376,0.273202,47,11,124,285.40,0.9522,0.2037,0.022989,4.428
220174,520,392,912,228,93,29,41.76,0.9374,0.5863,0.244141,50,28,18,44.97,0.4505,0.1497,0.015524,4.489
220190,520,442,962,190,53,221,319.32,0.8973,0.5416,0.187152,0,9,53,263.13,1.0004,0.0753,0.004524,4.350
220210,520,458,978,235,3,34,25.98,0.9983,0.5271,0.178460,8,12,13,214.03,0.1387,0.0591,0.003436,4.275
220222,520,447,967,213,80,36,37.63,0.8971,0.5405,0.200132,5,22,10,152.36,0.7451,0.0824,0.006280,4.444
220223,520,480,1000,154,58,246,301.78,0.9471,0.5145,0.165504,0,0,0,0.00,0.0000,0.0000,0.000000,4.310
220237,520,443,963,213,66,115,4.40,0.7794,0.5380,0.192827,34,4,28,336.59,0.7371,0.0825,0.005108,4.406
220246,520,349,869,242,0,253,325.95,1.0000,0.6294,0.259718,38,48,32,134.06,0.3172,0.1926,0.026302,4.059
220252,520,364,884,213,106,162,349.25,0.6374,0.6123,0.270647,0,49,10,146.26,1.0000,0.1696,0.022184,4.442
220253,520,471,991,181,52,214,318.36,0.8787,0.5212,0.171360,2,1,32,271.68,0.9775,0.0396,0.001389,4.308
220263,520,380,900,254,24,153,355.00,0.9918,0.6009,0.240276,30,38,33,157.78,0.1638,0.1556,0.017720,4.286
220267,520,374,894,241,39,199,338.93,0.9596,0.6049,0.242783,3,20,105,264.96,0.9710,0.1581,0.015395,4.477
220272,520,463,983,232,19,58,21.47,0.9832,0.5276,0.179301,17,2,23,316.62,0.7657,0.0508,0.002245,4.389
220274,520,427,947,244,24,102,9.82,0.9738,0.5637,0.208491,7,25,34,232.24,0.5608,0.1017,0.008559,4.414
220277,520,332,852,248,60,221,334.82,0.9654,0.6436,0.284116,66,35,38,14.13,0.3949,0.1965,0.025004,4.455
220279,520,384,904,238,15,196,338.85,0.9877,0.5884,0.225072,46,20,60,312.11,0.6327,0.1472,0.014074,4.293
220284,520,379,899,225,88,152,354.24,0.7487,0.6004,0.252564,38,38,13,108.91,0.5820,0.1586,0.018274,4.432
220298,520,466,986,210,73,19,38.44,0.9526,0.5239,0.185160,8,7,15,290.26,0.3061,0.0488,0.002381,4.489
220305,520,459,979,155,85,227,303.34,0.8116,0.5346,0.190120,13,5,39,287.90,0.7974,0.0645,0.003406,4.496
220310,520,377,897,235,13,227,330.22,0.9934,0.6016,0.234987,49,30,44,336.70,0.3315,0.1618,0.017634,4.214
220317,520,457,977,183,20,243,313.02,0.9828,0.5283,0.170398,12,0,43,287.59,1.0000,0.0572,0.002526,4.196
220321,520,334,854,250,21,242,330.10,0.9937,0.6399,0.272742,67,37,38,17.96,0.3773,0.2025,0.026565,4.215
220357,520,341,861,239,86,170,349.96,0.8476,0.6288,0.279113,9,31,118,265.51,0.9484,0.1960,0.023459,4.480
220368,520,337,857,253,8,235,332.37,0.9978,0.6379,0.270577,47,38,75,293.17,0.4756,0.1963,0.024986,4.275
220369,520,399,919,233,80,38,35.58,0.9323,0.5777,0.232038,9,40,16,148.09,0.9048,0.1432,0.016130,4.265
220383,520,424,944,246,12,64,20.60,0.9928,0.5563,0.202295,0,28,37,222.17,1.0000,0.1081,0.009640,4.230
220391,520,328,848,247,95,148,1.81,0.8829,0.6456,0.300997,35,56,27,137.55,0.6023,0.2138,0.032647,4.247
220392,520,383,903,251,13,163,351.13,0.9901,0.5961,0.234449,27,30,59,277.17,0.4814,0.1451,0.014773,4.391
220402,520,293,813,253,79,234,332.71,0.9907,0.6762,0.324181,82,40,66,343.66,0.4822,0.2445,0.037050,4.298
220428,520,459,979,195,84,97,15.39,0.6489,0.5250,0.188076,8,10,30,275.81,0.5731,0.0634,0.003624,4.440
220449,520,323,843,238,90,211,335.61,0.8947,0.6515,0.301951,66,40,47,2.16,0.3168,0.2109,0.028812,4.466
220454,520,469,989,227,33,44,25.65,0.9665,0.5216,0.176034,3,3,30,273.63,0.8989,0.0439,0.001782,4.365
220470,520,419,939,231,67,25,34.42,0.9634,0.5572,0.210764,25,28,7,116.21,0.6214,0.1148,0.010525,4.308
220487,520,434,954,237,24,85,14.39,0.9720,0.5451,0.193169,39,12,31,340.27,0.5725,0.1049,0.007933,4.197
220496,520,310,830,221,112,221,327.34,0.8089,0.6618,0.321827,53,51,55,308.20,0.0582,0.2248,0.034004,4.426
220503,520,424,944,130,102,254,286.73,0.9853,0.5571,0.214040,11,25,44,256.46,0.5414,0.1099,0.009482,4.439
220519,520,373,893,219,95,146,356.85,0.6930,0.5981,0.253220,11,45,15,145.45,0.9282,0.1607,0.019823,4.343
220520,520,416,936,188,82,217,318.39,0.8048,0.5681,0.217369,55,4,34,349.91,0.8095,0.1249,0.010147,4.445
220521,520,479,999,208,55,73,19.29,0.8512,0.5051,0.166256,0,0,8,264.05,1.0000,0.0143,0.000175,4.310
220525,520,381,901,231,25,230,328.53,0.9843,0.6000,0.233998,4,29,88,262.88,0.9456,0.1555,0.016090,4.297
220531,520,447,967,237,26,13,29.61,0.9891,0.5370,0.187756,30,12,11,23.99,0.4395,0.0832,0.005632,4.274
220540,520,419,939,193,82,186,330.07,0.7274,0.5564,0.209187,20,29,13,132.47,0.4799,0.1143,0.010565,4.279
220547,520,440,960,235,43,61,23.01,0.9491,0.5469,0.197300,25,17,27,319.46,0.2793,0.0926,0.006867,4.349
220568,520,387,907,247,30,153,353.83,0.9648,0.5895,0.230060,32,25,69,286.44,0.6380,0.1465,0.014320,4.354
220597,520,434,954,213,63,149,349.56,0.7944,0.5478,0.198733,6,12,69,268.41,0.9459,0.1019,0.007313,4.340
220606,520,258,778,244,112,240,328.67,0.9514,0.7053,0.371151,47,72,21,131.57,0.8249,0.2733,0.052931,4.092
220610,520,401,921,240,67,72,23.98,0.9166,0.5798,0.230106,51,22,21,23.20,0.4920,0.1392,0.013319,4.424
220630,520,474,994,169,73,199,317.26,0.7627,0.5157,0.173245,5,1,5,327.43,0.5950,0.0251,0.000649,4.408
220631,520,428,948,231,4,166,345.87,0.9942,0.5567,0.198318,9,8,72,271.13,0.9602,0.1014,0.006996,4.357
220644,520,419,939,189,87,182,330.12,0.6878,0.5552,0.210139,47,12,1,41.28,0.9253,0.1100,0.008696,4.432
220681,520,363,883,246,30,202,339.14,0.9772,0.6115,0.247887,2,24,109,264.28,0.9663,0.1696,0.017702,4.400
220684,520,318,838,246,85,219,335.19,0.9481,0.6628,0.312071,9,46,114,261.40,0.9228,0.2243,0.032268,4.401
220689,520,408,928,230,18,191,338.41,0.9793,0.5714,0.210199,4,29,56,252.64,0.8048,0.1257,0.011900,4.204
220695,520,425,945,230,16,162,347.03,0.9751,0.5554,0.198050,14,29,28,190.34,0.3562,0.1145,0.010559,4.096
220721,520,279,799,239,119,213,336.18,0.8720,0.6945,0.363507,31,63,68,208.59,0.4531,0.2475,0.042635,4.464
220739,520,462,982,215,58,101,9.38,0.8230,0.5287,0.184152,14,4,11,337.50,0.4657,0.0461,0.002044,4.499
220745,520,479,999,214,5,148,347.73,0.9864,0.5145,0.165452,3,0,0,29.23,1.0000,0.0143,0.000194,4.292
220747,520,405,925,240,55,118,6.28,0.8978,0.5792,0.225688,33,20,63,293.40,0.6606,0.1325,0.011825,4.459
220764,520,432,952,207,69,159,344.43,0.7658,0.5485,0.200268,38,5,48,317.14,0.8004,0.1040,0.007341,4.365
220767,520,335,855,252,66,186,346.01,0.9735,0.6373,0.281403,0,27,129,263.85,1.0025,0.2001,0.023686,4.497
220800,520,460,980,128,86,254,288.57,0.9896,0.5281,0.184003,1,16,4,150.08,0.9603,0.0609,0.003858,4.345
220818,520,429,949,247,9,41,25.40,0.9958,0.5549,0.201332,17,15,55,279.40,0.7374,0.0999,0.007366,4.381
220828,520,326,846,240,72,244,326.99,0.9613,0.6545,0.296941,66,29,88,310.64,0.6777,0.2136,0.027417,4.481
220834,520,452,972,215,38,142,350.99,0.8826,0.5270,0.177887,29,4,14,357.07,0.6779,0.0680,0.003798,4.236
220837,520,415,935,251,9,84,15.58,0.9943,0.5698,0.213484,8,18,73,267.96,0.9156,0.1181,0.009652,4.417
220839,520,275,795,253,94,252,328.04,0.9925,0.7027,0.359191,83,48,46,23.55,0.3773,0.2549,0.041504,4.472
220843,520,332,852,250,14,243,329.89,0.9963,0.6389,0.271122,30,12,130,274.41,0.9775,0.1966,0.021505,4.491
220851,520,392,912,220,32,240,323.44,0.9774,0.5910,0.225420,39,3,90,291.82,0.9659,0.1454,0.012346,4.418
220852,520,445,965,193,70,184,330.79,0.7697,0.5395,0.191800,0,22,16,173.73,1.0000,0.0807,0.006112,4.309
220874,520,369,889,233,91,126,8.18,0.7858,0.6091,0.263149,31,39,56,264.80,0.3040,0.1703,0.020278,4.456
220878,520,410,930,158,100,234,300.86,0.8070,0.5679,0.223243,2,13,95,265.06,0.9802,0.1340,0.011269,4.460
220885,520,403,923,250,32,103,10.77,0.9674,0.5797,0.223399,13,21,79,269.76,0.8921,0.1330,0.011863,4.419
220889,520,219,739,248,146,200,347.76,0.8701,0.7469,0.446867,50,79,48,142.83,0.5219,0.3028,0.064833,4.327
220899,520,372,892,243,53,177,346.26,0.9230,0.6062,0.247783,66,0,75,322.26,1.0000,0.1701,0.016664,4.467
220906,520,409,929,249,21,106,9.08,0.9810,0.5740,0.217202,61,8,5,29.06,0.9062,0.1339,0.011769,4.326
220907,520,368,888,230,82,167,348.53,0.8014,0.6073,0.256501,34,39,58,272.54,0.3061,0.1742,0.020966,4.319
220910,520,329,849,251,94,146,3.16,0.9326,0.6504,0.305932,11,58,22,147.43,0.9541,0.2066,0.031551,4.365
220939,520,342,862,238,29,254,324.69,0.9967,0.6301,0.262142,32,10,127,276.00,0.9776,0.1924,0.020563,4.424
220945,520,414,934,223,29,210,331.59,0.9662,0.5742,0.212222,21,18,63,280.07,0.7398,0.1165,0.009509,4.406
220953,520,436,956,209,81,104,12.42,0.7129,0.5468,0.204418,16,20,35,271.89,0.3668,0.0949,0.007318,4.439
220963,520,422,942,236,39,114,5.52,0.9293,0.5584,0.205019,48,2,38,338.65,0.8458,0.1106,0.008118,4.388
220967,520,51,571,209,245,247,200.66,0.6532,0.9361,0.855744,51,124,14,138.23,0.9858,0.4433,0.151503,4.495
220981,520,133,653,240,202,144,77.77,0.6653,0.8352,0.627813,2,105,15,143.62,0.9986,0.3668,0.101501,4.474
220985,520,419,939,202,72,190,331.66,0.7914,0.5601,0.209107,49,8,9,23.45,0.7968,0.1098,0.008465,4.432
221006,520,425,945,212,48,198,332.04,0.8975,0.5585,0.201902,3,16,75,265.26,0.9516,0.1140,0.008979,4.271
221018,520,170,690,233,189,142,68.21,0.5832,0.7978,0.556732,14,94,73,169.79,0.9323,0.3428,0.085794,4.468
221019,520,316,836,223,112,214,330.43,0.7936,0.6610,0.321332,15,63,18,144.08,0.9583,0.2245,0.037001,4.268
221020,520,341,861,252,33,212,337.84,0.9843,0.6293,0.265399,89,16,8,30.39,0.9216,0.2041,0.025123,4.198
221033,520,434,954,197,97,94,23.33,0.6058,0.5493,0.212296,5,29,3,141.37,0.9647,0.1025,0.009175,4.433
221035,520,458,978,218,65,3,36.88,0.9944,0.5286,0.186952,24,0,31,318.71,1.0000,0.0613,0.002931,4.477
221046,520,448,968,206,20,210,327.25,0.9719,0.5406,0.182772,31,3,34,324.01,0.7879,0.0796,0.004720,4.254
221053,520,373,893,241,50,170,347.92,0.9207,0.5971,0.238873,40,19,86,290.95,0.7993,0.1608,0.015887,4.384
221057,520,410,930,230,68,107,10.90,0.8369,0.5695,0.220216,24,33,22,139.96,0.3078,0.1319,0.013398,4.262
221060,520,325,845,254,73,182,348.11,0.9894,0.6456,0.292166,76,35,27,32.35,0.5559,0.2105,0.028179,4.377
221067,520,435,955,192,58,228,317.99,0.9005,0.5545,0.198353,18,10,53,284.41,0.7897,0.0904,0.006027,4.433
221093,520,313,833,248,68,232,331.99,0.9696,0.6566,0.299198,57,26,112,293.45,0.8081,0.2185,0.027785,4.489
221096,520,385,905,226,63,190,338.37,0.8733,0.5909,0.234439,15,19,94,270.37,0.9390,0.1479,0.013754,4.462
221100,520,445,965,208,17,202,329.91,0.9739,0.5377,0.180771,18,11,41,289.96,0.6486,0.0817,0.005280,4.175
221106,520,282,802,174,155,220,297.43,0.5368,0.6857,0.376087,34,68,18,137.22,0.9076,0.2508,0.045179,4.477
221124,520,388,908,243,75,3,37.27,0.9969,0.5888,0.240967,47,29,35,357.78,0.2830,0.1527,0.016045,4.406
221145,520,309,829,255,52,230,334.07,1.0000,0.6552,0.294323,13,59,54,184.66,0.7835,0.2202,0.034797,4.061
221147,520,377,897,231,60,189,339.88,0.8915,0.5964,0.238973,67,11,48,344.98,0.7548,0.1638,0.016462,4.348
221156,520,413,933,223,13,210,331.60,0.9879,0.5689,0.206313,3,31,31,194.96,0.8280,0.1158,0.010982,4.203
221157,520,422,942,198,95,127,2.20,0.5930,0.5573,0.217242,2,28,39,228.94,0.8483,0.1103,0.009898,4.462
221171,520,367,887,233,20,246,325.34,0.9921,0.6130,0.244802,6,46,49,202.45,0.8196,0.1734,0.022144,4.086
221187,520,446,966,233,38,81,16.36,0.9430,0.5431,0.193070,31,9,7,27.76,0.5781,0.0784,0.005021,4.418
221192,520,458,978,218,66,16,36.07,0.9711,0.5303,0.188418,25,7,0,53.29,1.0000,0.0636,0.003587,4.449
221199,520,439,959,238,38,56,23.85,0.9627,0.5491,0.198521,37,11,12,19.81,0.5720,0.0928,0.006593,4.391
221200,520,388,908,244,0,183,343.70,1.0000,0.5897,0.226552,53,15,61,320.22,0.7155,0.1513,0.014355,4.297
221210,520,461,981,200,6,209,325.97,0.9912,0.5256,0.170148,9,8,15,291.33,0.2561,0.0520,0.002662,4.180
221212,520,415,935,233,27,164,347.28,0.9562,0.5660,0.207907,49,13,16,18.34,0.6547,0.1184,0.009783,4.314
221215,520,443,963,196,11,231,319.47,0.9899,0.5367,0.177462,14,4,55,281.46,0.9259,0.0790,0.004560,4.169
221250,520,439,959,196,0,245,316.41,1.0000,0.5460,0.183298,29,3,53,302.41,0.8899,0.0920,0.005834,4.178
221252,520,454,974,175,81,183,324.43,0.6920,0.5257,0.184188,32,1,9,6.38,0.8746,0.0658,0.003486,4.379
221257,520,423,943,212,32,214,327.72,0.9555,0.5589,0.198871,9,20,64,267.68,0.8500,0.1133,0.009285,4.198
221268,520,465,985,213,50,105,6.17,0.8416,0.5184,0.174496,17,4,18,324.95,0.5882,0.0526,0.002497,4.276
221273,520,383,903,243,58,156,353.49,0.9029,0.6009,0.244842,41,33,28,53.84,0.1653,0.1519,0.016430,4.438
221278,520,343,863,251,53,188,344.66,0.9700,0.6261,0.266895,28,50,22,139.20,0.6712,0.1882,0.025859,4.177
221292,520,375,895,248,30,173,347.84,0.9700,0.6003,0.239054,13,45,18,146.60,0.8909,0.1621,0.020059,4.126
221300,520,462,982,222,56,65,23.21,0.8968,0.5323,0.187423,12,8,14,314.61,0.2402,0.0542,0.002835,4.494
221308,520,433,953,191,83,177,332.78,0.6984,0.5497,0.204386,35,6,46,315.09,0.7740,0.0992,0.006849,4.475
221309,520,476,996,98,89,254,278.36,0.9929,0.5057,0.168966,0,0,9,264.05,1.0000,0.0151,0.000197,4.362
221318,520,352,872,221,118,20,55.54,0.9448,0.6167,0.283818,56,35,65,315.24,0.4421,0.1943,0.024245,4.496
221325,520,414,934,245,26,107,8.43,0.9707,0.5679,0.212162,41,13,51,316.08,0.6835,0.1219,0.009983,4.371
221328,520,425,945,221,83,36,37.88,0.9113,0.5594,0.216886,15,30,15,144.23,0.5523,0.1139,0.010646,4.401
221351,520,471,991,198,52,175,335.27,0.8251,0.5235,0.175587,4,3,22,280.65,0.7517,0.0390,0.001489,4.381
221352,520,383,903,245,19,197,340.17,0.9867,0.6031,0.239126,30,28,68,282.10,0.5936,0.1501,0.015239,4.432
221363,520,417,937,250,25,72,19.47,0.9824,0.5700,0.214908,32,24,26,1.52,0.1498,0.1171,0.010349,4.390
221368,520,435,955,225,41,148,351.32,0.8976,0.5508,0.197342,6,12,60,268.96,0.9195,0.0919,0.006279,4.395
221399,520,477,997,82,98,251,272.52,0.9772,0.5082,0.174934,1,3,0,132.12,1.0000,0.0241,0.000716,4.435
221401,520,444,964,241,2,34,26.12,0.9990,0.5399,0.188631,5,14,44,266.12,0.7975,0.0798,0.005282,4.317
221415,520,450,970,227,7,150,350.08,0.9873,0.5417,0.186876,24,11,2,61.80,0.6944,0.0705,0.004379,4.356
221433,520,331,851,211,102,232,320.93,0.8551,0.6389,0.291793,29,46,73,259.33,0.4669,0.1989,0.026962,4.441
221435,520,346,866,237,79,192,341.11,0.8734,0.6273,0.274049,56,38,42,4.26,0.2370,0.1897,0.023942,4.382
221443,520,477,997,222,21,93,9.52,0.9606,0.5146,0.168590,0,2,1,165.38,1.0000,0.0192,0.000456,4.332
221457,520,453,973,203,12,200,329.13,0.9800,0.5259,0.171315,17,5,38,295.62,0.7711,0.0676,0.003677,4.123
221490,520,400,920,182,110,168,334.32,0.5092,0.5770,0.239251,18,37,1,132.77,0.9828,0.1356,0.014539,4.482
221520,520,341,861,160,129,242,294.29,0.7984,0.6294,0.295849,6,50,72,236.36,0.8338,0.1992,0.027877,4.441
221535,520,367,887,255,40,148,357.39,1.0000,0.6081,0.249193,17,40,73,257.66,0.6522,0.1750,0.021177,4.204
221566,520,307,827,252,114,104,26.41,0.9588,0.6699,0.337327,13,60,67,209.44,0.7641,0.2295,0.037224,4.441
221582,520,360,880,209,80,245,318.02,0.9404,0.6157,0.258867,60,34,23,43.50,0.4539,0.1804,0.021667,4.310
221590,520,408,928,239,60,59,26.23,0.9282,0.5689,0.219014,45,13,58,314.55,0.7254,0.1334,0.011513,4.373
221591,520,460,980,217,0,163,343.51,1.0000,0.5269,0.173985,3,8,35,267.30,0.8406,0.0590,0.003144,4.215
221621,520,396,916,240,62,108,10.86,0.8886,0.5826,0.230564,19,12,96,273.43,0.9592,0.1431,0.012458,4.492
221625,520,396,916,252,35,51,25.20,0.9869,0.5758,0.221402,16,34,50,246.97,0.4873,0.1416,0.014844,4.185
221626,520,360,880,242,30,224,332.55,0.9823,0.6173,0.251905,71,26,24,25.01,0.6270,0.1836,0.021445,4.226
221635,520,434,954,229,45,115,4.50,0.8964,0.5489,0.197754,19,2,71,281.17,0.9777,0.0988,0.006368,4.395
221636,520,420,940,231,57,109,8.50,0.8703,0.5609,0.210222,44,13,25,358.38,0.5774,0.1123,0.008936,4.415
221639,520,367,887,239,56,189,341.72,0.9181,0.6073,0.248560,35,13,106,281.88,0.9334,0.1704,0.016857,4.466
221642,520,398,918,249,52,8,32.48,0.9941,0.5781,0.226168,16,22,80,271.26,0.8699,0.1378,0.012631,4.409
221668,520,413,933,250,31,23,29.08,0.9843,0.5673,0.213695,52,11,14,20.10,0.7317,0.1208,0.010012,4.394
221693,520,269,789,253,135,52,51.34,0.9770,0.6999,0.384616,44,68,35,137.61,0.5831,0.2606,0.047910,4.439
221705,520,443,963,235,38,39,27.38,0.9670,0.5409,0.191980,9,18,24,238.28,0.3247,0.0790,0.005566,4.355
221715,520,380,900,192,89,235,314.53,0.8637,0.5956,0.243505,20,32,74,268.39,0.6834,0.1567,0.016761,4.396
221718,520,462,982,214,57,104,7.80,0.8208,0.5267,0.182243,16,5,9,354.37,0.4113,0.0500,0.002384,4.433
221722,520,289,809,225,115,236,323.87,0.8838,0.6804,0.343269,17,64,65,197.12,0.7245,0.2427,0.041674,4.290
221782,520,454,974,129,89,244,289.82,0.9011,0.5251,0.183434,24,8,11,8.48,0.4354,0.0672,0.003920,4.329
221795,520,477,997,220,9,118,359.66,0.9799,0.5148,0.167217,0,0,16,264.05,1.0000,0.0204,0.000374,4.312
221796,520,211,731,218,167,221,324.59,0.5868,0.7587,0.477643,71,76,52,117.73,0.2998,0.3134,0.067564,4.488
221811,520,404,924,207,60,235,320.61,0.9229,0.5849,0.224969,26,32,14,124.02,0.4713,0.1287,0.012843,4.375
221841,520,304,824,252,57,249,328.82,0.9900,0.6651,0.304642,43,42,110,278.70,0.7019,0.2303,0.032952,4.275
221843,520,423,943,229,40,149,351.81,0.9101,0.5583,0.203483,39,11,49,315.98,0.7030,0.1146,0.008925,4.302
221844,520,442,962,174,56,250,307.56,0.9693,0.5436,0.187299,11,18,9,138.75,0.3770,0.0751,0.005235,4.296
221846,520,471,991,211,0,173,338.94,1.0000,0.5209,0.168682,10,4,8,337.56,0.3455,0.0408,0.001689,4.231
221860,520,468,988,204,50,150,345.88,0.8178,0.5191,0.173226,6,3,21,289.16,0.7011,0.0404,0.001580,4.328
221895,520,389,909,233,27,212,333.49,0.9765,0.5925,0.228636,54,14,62,320.51,0.7330,0.1524,0.014462,4.322
221899,520,353,873,230,99,129,8.43,0.7462,0.6166,0.273342,17,49,32,157.73,0.7042,0.1809,0.024200,4.358
221902,520,440,960,211,45,186,335.33,0.8876,0.5472,0.192729,17,17,43,280.52,0.5526,0.0941,0.006945,4.263
221913,520,280,800,214,134,212,327.77,0.6671,0.6851,0.361012,44,66,14,129.74,0.8728,0.2509,0.044635,4.343
221975,520,369,889,254,74,5,36.16,0.9964,0.6088,0.259830,32,41,45,226.63,0.1576,0.1711,0.020824,4.375
221978,520,346,866,251,15,223,334.79,0.9944,0.6282,0.261818,76,13,66,335.43,0.7742,0.1940,0.022179,4.320
221992,520,259,779,245,112,241,328.67,0.9564,0.7073,0.373541,18,50,145,264.78,0.9181,0.2688,0.044538,4.480
222010,520,426,946,251,7,14,28.63,0.9975,0.5613,0.206966,13,29,11,141.61,0.6757,0.1087,0.009884,4.291
222011,520,426,946,230,71,13,36.68,0.9819,0.5593,0.213614,37,14,46,315.48,0.6259,0.1140,0.009047,4.464
222012,520,380,900,235,22,225,330.69,0.9868,0.6027,0.236749,47,36,17,80.03,0.4758,0.1649,0.019066,4.152
222019,520,432,952,197,62,205,325.54,0.8463,0.5502,0.197249,22,18,37,292.27,0.4158,0.0970,0.007368,4.310
222023,520,463,983,226,44,26,30.22,0.9657,0.5254,0.180476,0,3,38,263.91,1.0030,0.0481,0.002050,4.428
222027,520,439,959,210,2,225,324.64,0.9982,0.5541,0.191832,25,7,50,297.47,0.7922,0.0904,0.005889,4.327
222029,520,440,960,241,6,70,18.44,0.9955,0.5453,0.192766,43,5,5,25.51,0.8544,0.0926,0.006332,4.310
222047,520,386,906,248,35,137,359.45,0.9560,0.5877,0.229681,54,2,70,316.06,0.9342,0.1459,0.012700,4.461
222055,520,335,855,248,95,126,11.20,0.9000,0.6405,0.296504,0,53,68,223.21,1.0000,0.2041,0.029634,4.351
222058,520,447,967,238,25,52,23.64,0.9805,0.5418,0.191236,36,3,24,345.21,0.7691,0.0823,0.005062,4.381
222072,520,376,896,254,62,76,22.56,0.9931,0.6028,0.250415,70,16,6,33.05,0.8841,0.1629,0.016860,4.493
222076,520,409,929,217,7,230,325.20,0.9952,0.5709,0.206189,13,12,87,271.10,0.9590,0.1277,0.010366,4.244
222087,520,471,991,189,54,198,325.26,0.8460,0.5245,0.175358,20,1,2,20.11,0.8650,0.0434,0.001748,4.355
222091,520,358,878,229,55,239,325.65,0.9557,0.6191,0.256247,47,8,107,290.89,0.9411,0.1805,0.018395,4.478
222102,520,477,997,221,35,39,26.77,0.9614,0.5097,0.167235,6,1,0,47.34,1.0000,0.0238,0.000604,4.293
222104,520,369,889,226,38,244,323.95,0.9759,0.6069,0.240888,42,27,75,294.38,0.6359,0.1668,0.017841,4.288
222132,520,452,972,228,4,112,3.18,0.9931,0.5281,0.177536,16,11,30,293.90,0.4925,0.0721,0.004432,4.180
222139,520,453,973,124,99,232,287.67,0.8088,0.5276,0.190347,35,0,17,353.78,1.0000,0.0720,0.003979,4.453
222144,520,347,867,245,62,202,339.42,0.9386,0.6295,0.271250,86,10,0,32.56,1.0000,0.1907,0.021959,4.464
222147,520,445,965,162,90,212,309.12,0.7353,0.5404,0.197478,27,13,18,356.97,0.3366,0.0831,0.005646,4.447
222154,520,475,995,218,45,96,9.93,0.8802,0.5214,0.176293,3,4,1,121.14,0.5308,0.0304,0.001084,4.430
222156,520,441,961,216,25,181,337.95,0.9491,0.5420,0.186327,39,6,10,16.59,0.7311,0.0878,0.005836,4.233
222163,520,337,857,235,116,42,48.00,0.9066,0.6368,0.303228,21,54,44,171.03,0.5983,0.2033,0.029795,4.427
222164,520,198,718,244,170,146,38.72,0.7415,0.7710,0.500599,33,85,78,183.38,0.6326,0.3217,0.073701,4.451
222170,520,416,936,246,6,132,359.77,0.9940,0.5724,0.213924,16,29,38,239.60,0.3567,0.1205,0.011288,4.306
222193,520,449,969,239,5,27,27.16,0.9975,0.5357,0.185417,3,0,59,268.35,1.0000,0.0681,0.003351,4.413
222214,520,404,924,197,94,188,330.79,0.6913,0.5812,0.235080,7,38,2,140.28,0.9852,0.1332,0.014357,4.430
222218,520,478,998,140,91,209,300.11,0.7135,0.5125,0.176613,1,1,5,279.71,0.6028,0.0191,0.000391,4.497
222219,520,340,860,235,93,195,340.24,0.8471,0.6424,0.294335,50,48,10,106.32,0.7614,0.2010,0.028140,4.407
222226,520,402,922,235,35,168,346.68,0.9426,0.5756,0.216943,39,14,63,303.51,0.7425,0.1301,0.011043,4.373
222236,520,410,930,242,54,29,31.06,0.9692,0.5665,0.216076,56,0,47,336.25,1.0000,0.1294,0.010461,4.401
222237,520,435,955,245,3,49,23.63,0.9984,0.5502,0.197029,30,14,7,44.94,0.4880,0.0862,0.006055,4.407
222244,520,379,899,243,76,107,14.01,0.8926,0.6027,0.252883,17,34,74,264.38,0.7002,0.1599,0.017576,4.482
222246,520,454,974,179,45,233,313.36,0.9304,0.5273,0.173447,31,3,19,347.90,0.7396,0.0714,0.004035,4.135
222250,520,440,960,197,71,191,329.73,0.7874,0.5514,0.201400,44,1,15,5.67,0.9156,0.0907,0.005918,4.496
222269,520,332,852,255,89,105,18.63,1.0000,0.6397,0.294282,15,57,23,146.99,0.9257,0.2047,0.030896,4.256
222288,520,466,986,169,28,249,307.44,0.9744,0.5157,0.161059,4,10,17,247.30,0.4092,0.0529,0.002834,3.995
222335,520,421,941,239,41,93,13.39,0.9395,0.5600,0.207301,24,4,72,285.27,0.9461,0.1078,0.007489,4.476
222338,520,468,988,214,62,45,30.12,0.8995,0.5200,0.179333,0,4,30,262.54,1.0001,0.0433,0.001806,4.427
222339,520,450,970,214,27,186,335.97,0.9452,0.5421,0.186274,0,10,47,262.00,1.0000,0.0710,0.004223,4.357
222342,520,417,937,235,63,87,18.04,0.8862,0.5689,0.219083,16,33,6,135.39,0.8662,0.1222,0.012110,4.332
222358,520,476,996,191,83,61,33.16,0.7281,0.5086,0.176015,1,1,6,278.68,0.6638,0.0197,0.000413,4.483
222372,520,421,941,226,45,153,350.00,0.8895,0.5577,0.203481,21,26,17,131.53,0.2601,0.1075,0.009387,4.268
222381,520,424,944,223,54,164,345.91,0.8611,0.5643,0.210091,9,20,59,267.34,0.8079,0.1085,0.008741,4.428
222393,520,391,911,243,57,139,359.40,0.9014,0.5936,0.238482,27,30,66,276.92,0.5620,0.1504,0.015549,4.401
222397,520,343,863,235,45,253,324.04,0.9927,0.6320,0.266332,68,22,70,326.03,0.6819,0.1927,0.022451,4.366
222409,520,334,854,249,87,158,356.90,0.9188,0.6423,0.294279,8,43,99,259.89,0.8978,0.2019,0.026801,4.483
222413,520,406,926,249,20,135,359.67,0.9805,0.5828,0.223928,7,25,68,263.64,0.8587,0.1273,0.011577,4.449
222440,520,384,904,240,58,135,0.38,0.8872,0.5873,0.233037,16,35,59,255.14,0.5677,0.1503,0.016279,4.270
222469,520,461,981,190,4,231,317.87,0.9960,0.5252,0.168049,14,5,22,307.79,0.5807,0.0535,0.002598,4.146
222475,520,342,862,255,51,174,349.69,1.0000,0.6256,0.266871,84,13,15,25.02,0.8925,0.1909,0.022075,4.396
222478,520,394,914,231,66,163,348.93,0.8478,0.5894,0.235324,18,36,22,150.09,0.5134,0.1364,0.014482,4.425
222492,520,14,534,251,247,255,308.33,1.0000,0.9784,0.942508,28,134,26,142.61,0.9828,0.4689,0.173709,4.437
222499,520,361,881,254,72,100,16.83,0.9899,0.6172,0.266292,23,37,86,268.14,0.7114,0.1815,0.021771,4.407
222508,520,454,974,198,52,183,332.64,0.8374,0.5283,0.178824,33,5,3,29.97,0.8074,0.0735,0.004385,4.207
222521,520,477,997,195,65,119,358.48,0.7283,0.5052,0.167164,3,2,1,74.90,0.3058,0.0238,0.000650,4.288
222522,520,440,960,169,80,239,306.43,0.8835,0.5549,0.204050,32,14,14,20.34,0.4057,0.0908,0.006529,4.494
222526,520,441,961,204,89,14,46.00,0.9501,0.5368,0.200159,6,22,17,171.51,0.5554,0.0851,0.006530,4.425
222528,520,445,965,191,57,209,322.68,0.8623,0.5382,0.186075,13,19,16,163.39,0.1844,0.0813,0.005887,4.224
222531,520,428,948,244,12,98,10.61,0.9891,0.5590,0.203813,10,6,76,271.54,0.9731,0.1041,0.007165,4.440
222556,520,461,981,232,29,55,22.93,0.9712,0.5314,0.183134,13,4,21,308.19,0.6193,0.0496,0.002265,4.461
222565,520,406,926,245,27,134,359.52,0.9664,0.5770,0.219209,1,7,95,264.73,0.9904,0.1262,0.009845,4.498
222569,520,385,905,236,81,44,34.51,0.9240,0.5851,0.239026,45,26,52,316.51,0.4604,0.1518,0.015447,4.416
222571,520,340,860,241,60,239,328.57,0.9603,0.6427,0.281671,56,31,85,302.40,0.6394,0.2005,0.024766,4.436
222572,520,368,888,237,53,196,339.07,0.9269,0.6051,0.245390,49,14,93,297.05,0.8562,0.1730,0.017574,4.371
222580,520,332,852,206,114,215,323.88,0.7308,0.6409,0.300641,32,52,30,142.22,0.5082,0.1994,0.028567,4.463
222605,520,316,836,249,92,177,350.27,0.9253,0.6560,0.309714,5,45,112,260.53,0.9505,0.2187,0.030787,4.453
222607,520,474,994,176,42,236,311.87,0.9399,0.5230,0.169431,8,1,10,321.60,0.7188,0.0311,0.000953,4.307
222635,520,395,915,252,37,111,8.81,0.9767,0.5884,0.231699,31,22,73,285.74,0.7147,0.1431,0.013461,4.439
222638,520,444,964,199,67,181,333.74,0.7858,0.5441,0.194943,17,16,30,286.48,0.3491,0.0835,0.005835,4.387
222643,520,399,919,248,43,88,16.17,0.9565,0.5783,0.223923,41,6,79,298.20,0.9049,0.1388,0.011662,4.442
222646,520,446,966,206,6,216,325.79,0.9931,0.5413,0.182118,16,19,9,121.96,0.3441,0.0818,0.005956,4.148
222653,520,464,984,216,41,111,3.28,0.8779,0.5189,0.173350,4,7,24,270.13,0.6213,0.0499,0.002437,4.259
222658,520,384,904,216,32,241,322.20,0.9764,0.5851,0.219848,30,37,17,124.71,0.4751,0.1480,0.016396,4.064
222686,520,476,996,222,30,52,23.24,0.9637,0.5104,0.167089,4,1,3,337.70,0.4942,0.0226,0.000541,4.295
222689,520,387,907,216,28,247,320.91,0.9830,0.5879,0.221468,0,43,5,144.85,1.0000,0.1478,0.017386,4.029
222700,520,357,877,243,62,194,341.32,0.9221,0.6219,0.263979,39,37,66,285.64,0.4115,0.1790,0.021478,4.393
222712,520,447,967,178,44,248,309.79,0.9645,0.5378,0.180446,10,18,12,151.99,0.3140,0.0752,0.005237,4.172
222713,520,448,968,236,6,81,14.75,0.9940,0.5369,0.185604,8,21,19,183.38,0.3990,0.0842,0.006350,4.181
222727,520,438,958,231,35,118,2.93,0.9286,0.5473,0.195019,17,13,46,283.93,0.6721,0.0884,0.006043,4.372
222736,520,473,993,147,73,247,297.87,0.9388,0.5242,0.176837,11,0,1,15.48,1.0000,0.0273,0.000734,4.471
222742,520,460,980,162,61,248,303.81,0.9550,0.5302,0.177967,25,2,24,329.66,0.7757,0.0623,0.003161,4.288
222747,520,455,975,172,81,199,317.84,0.7337,0.5314,0.187799,11,10,14,296.76,0.1404,0.0576,0.003199,4.470
222749,520,445,965,172,83,206,315.58,0.7475,0.5391,0.194143,30,10,5,37.54,0.5946,0.0781,0.005041,4.436
222753,520,341,861,254,37,210,338.84,0.9944,0.6336,0.270504,39,52,17,126.66,0.6884,0.2026,0.029278,4.043
222764,520,417,937,219,44,201,333.03,0.9228,0.5697,0.210807,27,15,70,285.79,0.7992,0.1238,0.010168,4.335
222765,520,384,904,255,18,121,5.09,1.0000,0.5897,0.230768,52,25,34,359.44,0.4194,0.1513,0.015409,4.292
222769,520,314,834,247,69,242,329.24,0.9706,0.6619,0.304440,56,52,21,102.02,0.5718,0.2212,0.033509,4.244
222782,520,479,999,225,17,65,18.88,0.9807,0.5131,0.167930,1,0,0,29.23,1.0000,0.0090,0.000065,4.353
222789,520,432,952,209,35,207,328.75,0.9395,0.5505,0.192643,36,13,24,351.62,0.4898,0.0986,0.007289,4.235
222798,520,367,887,254,19,170,349.74,0.9924,0.6066,0.244424,74,3,48,348.54,0.8772,0.1706,0.017346,4.372
222823,520,283,803,251,120,147,9.00,0.9019,0.6886,0.360517,77,54,9,79.22,0.8319,0.2532,0.042360,4.445
222832,520,461,981,228,14,96,9.05,0.9790,0.5256,0.176555,0,12,12,194.77,1.0000,0.0520,0.002895,4.283
222843,520,433,953,236,48,50,26.41,0.9489,0.5513,0.201802,34,14,21,358.54,0.4280,0.0961,0.007083,4.411
222855,520,432,952,203,79,142,351.77,0.6979,0.5468,0.202433,46,4,1,31.84,0.9598,0.0962,0.006700,4.452
222873,520,410,930,193,52,250,313.45,0.9728,0.5680,0.206968,29,29,41,284.51,0.2274,0.1332,0.013000,4.079
222875,520,437,957,225,12,170,343.34,0.9806,0.5488,0.191754,46,0,5,20.23,1.0000,0.0908,0.005919,4.323
222886,520,440,960,247,2,42,25.00,0.9990,0.5535,0.199883,32,8,30,330.82,0.6208,0.0871,0.005745,4.483
222888,520,180,700,247,184,17,83.19,0.9847,0.7891,0.540977,20,94,28,144.47,0.9738,0.3338,0.082376,4.464
222908,520,368,888,243,25,212,335.79,0.9837,0.6099,0.245064,67,16,51,342.65,0.7003,0.1712,0.018031,4.337
222914,520,396,916,252,45,60,24.26,0.9850,0.5829,0.229021,5,35,53,239.44,0.7727,0.1411,0.014913,4.298
222920,520,455,975,212,40,163,342.92,0.8805,0.5327,0.181612,15,2,33,299.56,0.8515,0.0555,0.002548,4.408
222932,520,429,949,194,62,217,321.28,0.8693,0.5536,0.199258,38,16,3,52.13,0.7436,0.1016,0.007893,4.305
222936,520,332,852,213,104,226,323.26,0.8284,0.6411,0.295393,22,54,5,137.14,0.9707,0.1953,0.028198,4.417
222939,520,397,917,219,66,190,336.57,0.8480,0.5818,0.226764,10,36,33,185.07,0.6147,0.1358,0.014360,4.300
222940,520,380,900,235,39,208,335.06,0.9589,0.5993,0.236700,6,46,0,140.51,1.0000,0.1600,0.019926,4.100
222962,520,418,938,203,102,52,44.97,0.7711,0.5606,0.224491,14,29,45,251.24,0.4785,0.1232,0.011615,4.455
222965,520,384,904,202,102,153,349.87,0.5951,0.5851,0.243608,4,41,33,174.99,0.8941,0.1493,0.017214,4.368
222972,520,410,930,244,45,74,20.21,0.9501,0.5688,0.216077,1,28,62,255.17,0.9489,0.1264,0.011847,4.302
222978,520,418,938,212,68,167,342.69,0.7908,0.5599,0.209234,55,7,24,4.22,0.7710,0.1246,0.010303,4.299
222979,520,370,890,238,13,233,329.49,0.9946,0.6109,0.243509,14,44,51,215.55,0.6022,0.1711,0.021337,4.114
222983,520,475,995,190,5,230,318.10,0.9949,0.5246,0.167703,0,5,2,160.03,1.0000,0.0303,0.001129,4.258
222990,520,334,854,234,78,221,331.42,0.9077,0.6369,0.281641,5,39,109,262.19,0.9539,0.2013,0.025873,4.371
223000,520,414,934,224,73,119,5.92,0.7912,0.5677,0.219468,52,11,21,9.50,0.6936,0.1227,0.010237,4.473
223005,520,395,915,218,17,248,321.30,0.9919,0.5883,0.220856,34,34,13,108.74,0.5205,0.1426,0.015132,4.159
223006,520,311,831,245,105,163,356.83,0.8514,0.6615,0.321628,18,62,0,138.71,1.0000,0.2203,0.035737,4.335
223013,520,456,976,232,19,56,21.97,0.9836,0.5273,0.179102,5,13,25,255.99,0.4993,0.0644,0.003903,4.250
223019,520,419,939,234,61,30,32.34,0.9593,0.5570,0.209267,34,20,18,28.26,0.2904,0.1075,0.008841,4.406
223035,520,417,937,254,2,65,20.61,0.9990,0.5713,0.214997,27,21,54,288.71,0.5712,0.1206,0.010357,4.391
223038,520,406,926,239,49,131,0.81,0.9074,0.5767,0.221891,26,19,70,282.95,0.7538,0.1297,0.011275,4.437
223058,520,418,938,174,91,215,313.05,0.7529,0.5601,0.213879,17,26,51,267.34,0.5244,0.1212,0.010969,4.328
223060,520,454,974,141,86,237,295.85,0.8580,0.5273,0.184328,4,1,58,269.74,0.9939,0.0695,0.003530,4.378
223107,520,442,962,231,33,98,9.91,0.9415,0.5402,0.189615,18,10,45,288.39,0.7142,0.0832,0.005351,4.329
223118,520,454,974,216,61,101,10.07,0.8160,0.5338,0.188784,32,2,15,355.99,0.7904,0.0696,0.003850,4.434
223120,520,455,975,177,37,247,309.97,0.9627,0.5307,0.173866,11,7,34,285.28,0.6924,0.0627,0.003386,4.193
223121,520,456,976,157,71,247,301.51,0.9403,0.5342,0.183904,3,17,0,137.57,1.0000,0.0641,0.004202,4.315
223125,520,410,930,208,86,146,352.33,0.6867,0.5667,0.221427,33,26,38,310.86,0.2506,0.1285,0.012021,4.376
223130,520,424,944,222,72,124,3.22,0.7857,0.5645,0.216221,30,22,31,322.62,0.2327,0.1119,0.009488,4.475
223137,520,433,953,209,35,211,327.69,0.9438,0.5532,0.194625,11,24,22,183.56,0.3533,0.0957,0.007823,4.231
223142,520,443,963,224,61,11,34.94,0.9842,0.5362,0.192117,6,13,40,268.08,0.7290,0.0752,0.004797,4.418
223165,520,334,854,255,96,25,40.03,1.0000,0.6387,0.296995,11,46,89,255.88,0.8065,0.2018,0.027463,4.480
223198,520,451,971,184,76,201,322.00,0.7732,0.5435,0.195775,10,18,4,131.48,0.6585,0.0731,0.005059,4.464
223208,520,440,960,207,71,147,349.58,0.7475,0.5454,0.198805,24,17,24,326.25,0.2210,0.0901,0.006610,4.395
223225,520,366,886,239,44,206,336.59,0.9540,0.6081,0.246111,70,20,16,27.89,0.7507,0.1701,0.018400,4.329
223235,520,470,990,228,30,9,30.29,0.9908,0.5197,0.174452,21,0,1,22.47,1.0000,0.0420,0.001616,4.348
223236,520,451,971,220,63,67,23.93,0.8719,0.5360,0.191785,4,16,26,242.87,0.5705,0.0714,0.004710,4.419
223246,520,444,964,225,46,106,7.32,0.8876,0.5389,0.190049,18,14,27,297.71,0.3440,0.0785,0.005218,4.347
223247,520,385,905,253,31,112,8.24,0.9846,0.5877,0.230361,38,35,9,102.76,0.6551,0.1494,0.016339,4.226
223250,520,456,976,166,66,235,307.49,0.8892,0.5300,0.180023,4,7,36,270.60,0.8400,0.0586,0.003051,4.336
223251,520,433,953,209,84,96,17.33,0.7104,0.5491,0.207426,12,25,20,167.95,0.3723,0.0985,0.008239,4.420
223265,520,473,993,154,61,247,301.36,0.9498,0.5186,0.169233,10,1,7,337.87,0.6952,0.0321,0.001016,4.297
223271,520,473,993,216,56,72,20.49,0.8717,0.5217,0.178977,6,2,9,313.36,0.5419,0.0314,0.001019,4.488
223290,520,437,957,160,74,251,301.48,0.9655,0.5452,0.193366,16,18,30,276.45,0.3056,0.0873,0.006365,4.318
223300,520,433,953,202,85,129,359.21,0.6596,0.5487,0.206404,23,19,44,288.76,0.4971,0.1048,0.008297,4.398
223307,520,448,968,241,10,24,27.73,0.9954,0.5409,0.189872,30,5,34,322.08,0.7273,0.0815,0.005001,4.361
223308,520,155,675,244,181,221,340.77,0.7990,0.8171,0.575028,4,98,58,157.01,0.9900,0.3499,0.090663,4.443
223325,520,278,798,241,102,238,328.47,0.9399,0.6862,0.343789,51,57,69,264.22,0.1668,0.2458,0.040597,4.347
223371,520,353,873,242,97,31,41.09,0.9546,0.6172,0.275286,45,44,0,108.40,1.0000,0.1824,0.023593,4.420
223380,520,259,779,236,143,172,0.19,0.6825,0.7147,0.404584,12,72,69,189.82,0.8592,0.2689,0.051423,4.482
223381,520,398,918,207,34,246,318.70,0.9736,0.5751,0.210649,37,18,75,293.05,0.7612,0.1447,0.013339,4.115
223400,520,462,982,193,36,222,320.42,0.9424,0.5347,0.178746,22,0,5,4.85,1.0000,0.0451,0.001816,4.415
223403,520,374,894,222,61,224,327.50,0.9219,0.6025,0.242510,17,44,31,160.78,0.6112,0.1642,0.020194,4.167
223430,520,480,1000,219,41,73,17.96,0.9187,0.5148,0.171296,0,0,0,0.00,0.0000,0.0000,0.000000,4.426
223456,520,359,879,229,77,215,331.79,0.8894,0.6242,0.268744,22,37,86,267.47,0.7214,0.1808,0.021655,4.448
223472,520,350,870,238,40,242,327.29,0.9785,0.6267,0.261081,62,25,73,317.84,0.6507,0.1895,0.022005,4.320
223494,520,403,923,227,22,214,331.53,0.9804,0.5813,0.217622,25,5,92,279.26,0.9712,0.1348,0.010879,4.396
223496,520,392,912,230,22,217,331.49,0.9827,0.5886,0.224091,49,16,70,309.08,0.7457,0.1535,0.014658,4.239
223501,520,427,947,214,23,221,326.53,0.9765,0.5634,0.201314,33,19,13,44.02,0.3590,0.1025,0.008182,4.319
223507,520,398,918,170,113,194,315.36,0.5646,0.5803,0.242520,14,38,23,154.38,0.6524,0.1407,0.015414,4.472
223525,520,295,815,255,78,228,334.78,1.0000,0.6752,0.323133,4,65,64,193.05,0.9403,0.2419,0.041764,4.066
223526,520,412,932,249,22,87,15.00,0.9825,0.5697,0.214053,17,33,15,141.66,0.5999,0.1246,0.012413,4.231
223536,520,475,995,184,52,203,322.30,0.8577,0.5179,0.169594,3,5,0,123.22,1.0000,0.0330,0.001279,4.282
223556,520,456,976,233,17,30,27.12,0.9897,0.5259,0.178214,5,9,30,270.08,0.6614,0.0590,0.003214,4.289
223557,520,395,915,252,10,147,356.18,0.9922,0.5909,0.230227,4,38,22,158.78,0.9243,0.1357,0.014699,4.331
223571,520,170,690,247,178,162,33.48,0.7771,0.7954,0.542255,37,91,60,155.74,0.7356,0.3365,0.082014,4.486
223575,520,472,992,211,9,167,340.85,0.9781,0.5195,0.168365,1,5,1,143.60,0.8737,0.0311,0.001172,4.267
223593,520,469,989,227,28,43,25.39,0.9738,0.5188,0.173388,13,0,20,315.25,1.0000,0.0393,0.001361,4.349
223599,520,422,942,202,8,253,316.22,0.9960,0.5640,0.198236,28,24,18,77.93,0.1793,0.1096,0.009438,4.176
223602,520,446,966,220,23,173,341.35,0.9540,0.5442,0.188480,19,16,6,94.13,0.4119,0.0765,0.005222,4.319
223605,520,356,876,222,116,36,52.04,0.8883,0.6154,0.281500,19,50,24,147.22,0.7980,0.1831,0.024855,4.429
223610,520,392,912,244,68,54,29.00,0.9481,0.5861,0.236370,1,19,102,264.26,0.9734,0.1518,0.014314,4.453
223612,520,459,979,155,91,203,308.40,0.6906,0.5268,0.187630,29,1,5,13.69,0.8885,0.0592,0.002939,4.489
223613,520,479,999,129,84,233,292.25,0.8470,0.5073,0.168909,0,0,1,264.05,1.0000,0.0060,0.000022,4.376
223618,520,411,931,199,75,209,324.68,0.8202,0.5705,0.217792,34,14,58,300.80,0.7164,0.1191,0.009597,4.493
223621,520,474,994,187,36,215,320.43,0.9298,0.5194,0.167342,11,2,1,34.85,0.6703,0.0336,0.001168,4.248
223627,520,250,770,247,123,228,333.42,0.9487,0.7196,0.395439,24,73,39,150.60,0.8680,0.2661,0.051056,4.408
223633,520,370,890,224,81,205,333.44,0.8490,0.6150,0.261421,10,42,62,240.33,0.7081,0.1698,0.020682,4.406
223637,520,443,963,182,48,235,313.69,0.9284,0.5359,0.180582,29,0,50,306.07,1.0000,0.0844,0.004915,4.199
223686,520,440,960,186,70,214,319.19,0.8300,0.5478,0.196757,0,21,41,247.27,1.0000,0.0909,0.006964,4.332
223689,520,479,999,180,44,211,319.11,0.8961,0.5105,0.162090,1,0,3,302.89,1.0000,0.0124,0.000130,4.231
223707,520,423,943,142,108,226,294.07,0.7423,0.5586,0.219669,6,32,5,142.44,0.9507,0.1132,0.010827,4.433
223712,520,271,791,251,116,193,347.21,0.9410,0.6989,0.368531,67,58,45,76.87,0.2140,0.2568,0.044089,4.448
223713,520,436,956,225,67,47,30.64,0.9089,0.5474,0.202298,9,14,57,271.12,0.8583,0.0943,0.006675,4.452
223721,520,397,917,207,59,228,322.37,0.9133,0.5791,0.219965,24,34,43,246.03,0.2569,0.1433,0.015126,4.145
223723,520,418,938,216,41,199,332.81,0.9237,0.5612,0.203105,14,10,81,272.86,0.9540,0.1182,0.009045,4.287
223725,520,465,985,177,42,232,313.09,0.9348,0.5212,0.168303,25,0,12,351.05,1.0000,0.0524,0.002333,4.171
223727,520,372,892,249,51,156,354.25,0.9477,0.6067,0.249110,36,37,64,281.04,0.3975,0.1746,0.020683,4.232
223728,520,343,863,225,58,254,321.10,0.9954,0.6254,0.261915,63,33,40,5.40,0.3938,0.1881,0.022978,4.274
223750,520,369,889,197,85,248,313.34,0.9455,0.6065,0.251458,76,10,28,10.98,0.8212,0.1734,0.018377,4.409
223752,520,246,766,236,132,241,325.51,0.9146,0.7252,0.406881,43,73,52,152.89,0.4682,0.2801,0.055265,4.340
223754,520,444,964,202,56,192,331.00,0.8465,0.5443,0.191924,31,6,15,359.83,0.6192,0.0753,0.004561,4.434
223767,520,273,793,255,93,247,329.83,1.0000,0.7017,0.358069,53,43,132,281.54,0.7711,0.2629,0.041505,4.460
223803,520,453,973,234,7,69,18.12,0.9937,0.5305,0.180772,13,1,48,285.19,0.9700,0.0653,0.003207,4.337
223828,520,363,883,232,76,171,347.00,0.8305,0.6054,0.252676,61,26,33,8.85,0.4935,0.1680,0.018408,4.425
223830,520,480,1000,163,60,227,308.72,0.8762,0.5124,0.165650,0,0,0,0.00,0.0000,0.0000,0.000000,4.313
223868,520,408,928,166,89,241,303.98,0.8761,0.5654,0.216031,11,37,13,145.04,0.8765,0.1335,0.014233,4.142
223875,520,418,938,214,87,59,33.98,0.8138,0.5552,0.214306,29,1,82,286.65,0.9885,0.1214,0.008921,4.486
223881,520,468,988,190,41,207,323.31,0.9054,0.5218,0.170395,1,6,13,244.21,0.6650,0.0387,0.001658,4.266
223887,520,355,875,253,63,156,355.89,0.9777,0.6237,0.268414,42,35,69,291.43,0.4680,0.1794,0.021240,4.470
223900,520,363,883,246,84,36,36.10,0.9546,0.6069,0.260642,4,38,80,256.15,0.8960,0.1700,0.019911,4.443
223901,520,330,850,145,153,188,274.87,0.2883,0.6384,0.324328,30,58,13,135.82,0.9065,0.2144,0.033311,4.493
223905,520,392,912,248,7,157,352.27,0.9939,0.5865,0.225461,42,30,48,314.11,0.3279,0.1544,0.016342,4.152
223906,520,308,828,243,93,217,335.15,0.9267,0.6663,0.318958,18,45,123,264.97,0.8919,0.2341,0.034352,4.374
223907,520,329,849,213,117,208,329.08,0.7096,0.6519,0.314243,40,55,0,124.73,1.0000,0.2110,0.031835,4.451
223911,520,405,925,238,1,188,340.99,0.9991,0.5811,0.218326,45,7,62,312.60,0.8202,0.1294,0.010577,4.430
223914,520,412,932,240,56,42,29.32,0.9470,0.5652,0.215240,4,27,61,257.88,0.8514,0.1245,0.011465,4.315
223918,520,416,936,247,20,95,12.24,0.9823,0.5667,0.211042,52,6,18,10.24,0.7910,0.1153,0.009041,4.421
223926,520,359,879,246,14,225,333.20,0.9943,0.6202,0.253462,19,51,4,137.68,0.9758,0.1833,0.025148,4.038
223930,520,422,942,222,16,190,336.76,0.9777,0.5554,0.196203,8,30,25,176.32,0.6078,0.1129,0.010503,4.069
223934,520,405,925,249,29,109,8.52,0.9697,0.5779,0.221261,38,12,71,298.12,0.8091,0.1335,0.011300,4.425
223951,520,377,897,222,46,241,323.53,0.9631,0.6027,0.238365,51,9,80,306.17,0.8567,0.1576,0.014784,4.451
223970,520,363,883,208,81,237,319.63,0.9028,0.6098,0.254107,17,41,63,248.33,0.5765,0.1706,0.020638,4.305
223972,520,466,986,228,12,82,13.68,0.9848,0.5215,0.173691,11,4,26,296.15,0.6958,0.0507,0.002326,4.275
223975,520,332,852,244,78,190,343.47,0.9120,0.6371,0.284025,62,39,46,359.66,0.2918,0.2023,0.026725,4.354
223988,520,388,908,248,67,34,32.46,0.9680,0.5910,0.240897,69,11,2,33.25,0.9582,0.1541,0.015092,4.469
223998,520,407,927,202,79,196,329.66,0.7808,0.5722,0.221357,34,15,65,296.00,0.7471,0.1269,0.010634,4.475
224021,520,411,931,215,76,151,350.56,0.7552,0.5672,0.218525,47,12,35,343.44,0.6393,0.1205,0.009887,4.484
224031,520,465,985,192,48,199,326.01,0.8711,0.5249,0.174454,15,3,22,312.88,0.6945,0.0501,0.002246,4.296
224042,520,443,963,233,40,50,25.29,0.9580,0.5393,0.190746,12,3,57,278.73,0.9564,0.0779,0.004387,4.427
224046,520,439,959,185,46,253,310.73,0.9888,0.5539,0.193612,7,5,64,271.30,0.9687,0.0859,0.005238,4.410
224054,520,298,818,188,139,224,309.89,0.6530,0.6692,0.345390,18,64,2,139.35,0.9940,0.2274,0.037996,4.493
224067,520,463,983,227,21,113,3.20,0.9601,0.5310,0.180623,18,1,22,320.99,0.8250,0.0492,0.002083,4.428
224093,520,317,837,240,121,106,28.75,0.8255,0.6625,0.332433,29,60,3,134.70,0.9823,0.2194,0.034994,4.500
224114,520,452,972,201,24,202,328.00,0.9550,0.5277,0.173368,24,5,29,319.10,0.6818,0.0697,0.003915,4.143
224126,520,466,986,230,0,33,25.87,1.0000,0.5155,0.169359,24,1,7,3.24,0.8227,0.0514,0.002313,4.193
224146,520,453,973,206,9,199,330.21,0.9854,0.5300,0.174427,33,2,22,344.43,0.7921,0.0743,0.004247,4.137
224152,520,387,907,203,66,248,316.19,0.9602,0.5939,0.233717,36,36,29,107.26,0.1393,0.1545,0.017255,4.219
224161,520,397,917,162,99,241,301.17,0.8530,0.5761,0.229563,4,39,10,146.40,0.9709,0.1365,0.014987,4.302
224179,520,423,943,173,94,206,314.96,0.7047,0.5576,0.213467,1,25,46,246.95,0.9007,0.1058,0.008989,4.466
224190,520,335,855,245,85,177,348.68,0.8983,0.6407,0.290867,42,47,48,211.05,0.0668,0.1991,0.027386,4.405
224195,520,387,907,212,78,207,329.29,0.8322,0.5933,0.239527,36,35,3,107.77,0.8638,0.1462,0.015837,4.398
224198,520,436,956,219,55,154,348.55,0.8397,0.5531,0.201279,14,15,40,278.53,0.5713,0.0851,0.005882,4.497
224205,520,453,973,210,50,143,350.13,0.8279,0.5270,0.179682,4,20,4,143.48,0.9055,0.0745,0.005349,4.150
224206,520,436,956,213,11,204,330.67,0.9859,0.5465,0.187472,1,22,32,229.94,0.8840,0.0885,0.006845,4.178
224216,520,257,777,243,126,199,343.63,0.8535,0.7052,0.381023,50,51,129,277.51,0.7098,0.2734,0.046306,4.476
224224,520,456,976,174,74,200,318.78,0.7662,0.5252,0.180674,30,1,13,356.50,0.8415,0.0634,0.003268,4.330
224242,520,342,862,250,51,202,340.33,0.9689,0.6301,0.269591,42,28,94,286.92,0.7435,0.1861,0.021309,4.482
224245,520,437,957,161,92,221,306.16,0.7670,0.5488,0.204523,4,21,33,240.50,0.6611,0.0883,0.006719,4.487
224250,520,256,776,237,129,246,324.37,0.9449,0.7244,0.403608,3,74,66,182.52,0.9710,0.2722,0.053100,4.400
224256,520,393,913,244,44,154,353.51,0.9333,0.5917,0.233708,40,30,29,24.92,0.1630,0.1433,0.014684,4.386
224285,520,480,1000,180,27,228,315.38,0.9624,0.5135,0.160898,0,0,0,0.00,0.0000,0.0000,0.000000,4.218
224288,520,147,667,251,176,255,324.94,1.0000,0.8295,0.587815,53,96,53,144.01,0.6715,0.3595,0.093794,4.436
224291,520,420,940,191,56,240,314.92,0.9273,0.5603,0.201972,52,3,23,1.35,0.8395,0.1128,0.008572,4.302
224308,520,467,987,214,4,161,343.45,0.9900,0.5209,0.169585,1,6,21,258.97,0.7973,0.0429,0.001908,4.230
224309,520,447,967,218,32,169,342.27,0.9232,0.5424,0.188054,2,21,6,149.71,0.9426,0.0765,0.005624,4.280
224315,520,454,974,221,47,105,7.16,0.8743,0.5315,0.184277,6,0,60,271.97,1.0000,0.0717,0.003649,4.367
224325,520,460,980,175,49,240,310.37,0.9311,0.5303,0.176028,9,6,40,279.92,0.8158,0.0640,0.003415,4.232
224337,520,423,943,166,78,252,302.93,0.9716,0.5589,0.205845,31,21,18,37.35,0.2223,0.1058,0.008713,4.358
224344,520,459,979,188,55,210,321.53,0.8672,0.5322,0.180782,22,2,34,310.75,0.8381,0.0647,0.003295,4.330
224360,520,412,932,233,32,164,347.41,0.9447,0.5683,0.210398,36,10,58,304.80,0.7728,0.1161,0.008977,4.415
224365,520,479,999,162,70,205,313.10,0.7858,0.5058,0.164702,1,0,5,292.48,1.0000,0.0142,0.000174,4.279
224370,520,473,993,142,80,236,297.24,0.8661,0.5184,0.175444,9,0,11,323.52,1.0000,0.0297,0.000822,4.436
224374,520,400,920,243,61,46,29.39,0.9500,0.5762,0.225928,51,10,62,318.11,0.7793,0.1426,0.012688,4.402
224378,520,442,962,220,64,83,18.41,0.8426,0.5402,0.195095,28,3,46,306.91,0.8574,0.0843,0.005093,4.449
224407,520,368,888,232,23,240,326.44,0.9889,0.6079,0.240623,16,3,120,269.58,0.9960,0.1655,0.015312,4.450
224422,520,425,945,202,62,212,325.07,0.8688,0.5629,0.207569,32,19,37,316.25,0.4078,0.1108,0.009064,4.361
224426,520,457,977,215,62,73,21.34,0.8499,0.5263,0.183758,14,10,0,96.03,1.0000,0.0560,0.003105,4.402
224432,520,410,930,208,21,241,320.27,0.9853,0.5674,0.202989,51,10,46,333.16,0.7210,0.1312,0.011182,4.135
224445,520,341,861,208,117,169,345.79,0.5776,0.6267,0.289986,5,57,17,146.62,0.9826,0.2004,0.029989,4.250
224447,520,341,861,238,105,62,38.12,0.8744,0.6254,0.286309,50,39,74,296.98,0.4509,0.2014,0.026236,4.411
224449,520,297,817,238,136,6,60.89,0.9914,0.6767,0.358012,19,67,31,148.54,0.9141,0.2420,0.042515,4.410
224451,520,432,952,200,82,155,345.19,0.6881,0.5516,0.206822,25,15,47,294.69,0.6148,0.1010,0.007536,4.464
224452,520,332,852,250,32,231,332.66,0.9859,0.6366,0.271296,42,42,72,282.67,0.3989,0.1986,0.026160,4.219
224453,520,380,900,250,8,182,345.32,0.9947,0.6022,0.238784,17,43,29,158.15,0.6123,0.1603,0.019356,4.164
224475,520,417,937,223,27,212,331.07,0.9705,0.5747,0.212276,53,7,27,358.67,0.7553,0.1217,0.009881,4.380
224496,520,355,875,223,89,196,336.30,0.8041,0.6185,0.268204,23,41,71,260.09,0.5479,0.1797,0.022229,4.405
224509,520,454,974,222,43,104,7.26,0.8906,0.5301,0.182595,17,6,32,300.39,0.6772,0.0650,0.003537,4.345
224516,520,438,958,211,76,116,5.58,0.7335,0.5471,0.202809,34,13,19,2.88,0.4522,0.0936,0.006750,4.455
224554,520,458,978,191,66,177,332.57,0.7683,0.5273,0.181486,29,1,2,23.57,0.9360,0.0583,0.002873,4.378
224565,520,405,925,253,28,75,19.10,0.9890,0.5780,0.222249,60,4,24,5.57,0.8493,0.1313,0.011136,4.453
224593,520,407,927,174,98,210,313.75,0.7076,0.5681,0.223880,17,33,35,205.85,0.3444,0.1313,0.013282,4.328
224600,520,394,914,240,48,167,348.58,0.9214,0.5924,0.234322,30,26,61,285.75,0.5525,0.1400,0.013517,4.476
224601,520,463,983,217,9,167,342.33,0.9812,0.5311,0.177395,16,4,4,21.22,0.4950,0.0460,0.002058,4.368
224608,520,365,885,226,52,234,326.13,0.9523,0.6086,0.245675,9,5,124,266.89,0.9952,0.1701,0.016217,4.465
224611,520,438,958,203,77,147,349.16,0.7109,0.5462,0.201127,37,11,4,38.58,0.7186,0.0910,0.006415,4.451
224614,520,372,892,249,25,191,342.75,0.9814,0.6092,0.245999,52,15,88,301.72,0.8251,0.1732,0.017763,4.368
224629,520,410,930,241,48,76,19.77,0.9394,0.5653,0.213398,43,20,40,331.98,0.4741,0.1300,0.011672,4.271
224637,520,387,907,243,9,184,343.27,0.9927,0.5900,0.227139,12,41,15,145.50,0.8892,0.1476,0.016985,4.137
224642,520,351,871,197,117,216,319.72,0.7040,0.6345,0.295519,24,53,3,135.36,0.9788,0.1928,0.027469,4.460
224685,520,385,905,227,46,215,331.25,0.9443,0.5937,0.231936,34,36,30,122.21,0.1213,0.1527,0.016956,4.211
224693,520,435,955,238,29,90,13.24,0.9629,0.5505,0.197973,2,22,35,238.40,0.7975,0.0909,0.007080,4.344
224706,520,464,984,226,21,57,21.44,0.9781,0.5154,0.170034,22,2,18,335.56,0.7396,0.0548,0.002577,4.185
224718,520,395,915,231,42,207,334.38,0.9488,0.5933,0.231524,11,39,18,149.26,0.8399,0.1412,0.015658,4.288
224723,520,317,837,240,123,5,54.03,0.9932,0.6556,0.327049,7,58,64,207.04,0.8584,0.2199,0.034413,4.467
224724,520,441,961,131,98,236,290.10,0.8287,0.5361,0.196166,31,13,15,13.40,0.4072,0.0877,0.006137,4.385
224725,520,444,964,226,8,145,351.52,0.9849,0.5377,0.183895,33,7,26,339.34,0.6321,0.0849,0.005499,4.214
224727,520,441,961,230,49,2,33.07,0.9977,0.5366,0.190270,33,13,17,8.12,0.4371,0.0913,0.006517,4.251
224741,520,478,998,108,90,244,282.22,0.9174,0.5065,0.170317,5,0,11,309.75,1.0000,0.0246,0.000564,4.357
224742,520,476,996,206,71,6,39.53,0.9837,0.5132,0.176436,6,0,4,338.03,1.0000,0.0222,0.000475,4.486
224745,520,343,863,253,28,207,339.32,0.9889,0.6263,0.262215,18,41,85,261.85,0.7267,0.1879,0.023702,4.236
224757,520,472,992,147,63,255,297.39,1.0000,0.5193,0.169783,13,1,0,37.12,1.0000,0.0327,0.001073,4.303
224765,520,453,973,217,54,107,6.60,0.8380,0.5304,0.184541,10,3,49,279.54,0.9384,0.0676,0.003514,4.383
224766,520,472,992,204,2,186,333.31,0.9955,0.5161,0.164279,1,3,18,266.42,0.8428,0.0331,0.001152,4.189
224768,520,465,985,168,34,248,307.15,0.9677,0.5165,0.162470,15,1,29,305.18,0.8883,0.0502,0.002120,4.077
224773,520,419,939,192,75,211,321.81,0.8145,0.5610,0.209431,34,19,19,19.41,0.3023,0.1056,0.008529,4.433
224790,520,410,930,241,47,98,12.58,0.9280,0.5693,0.216189,54,8,33,351.63,0.7402,0.1274,0.010679,4.387
224806,520,476,996,124,98,207,291.45,0.6825,0.5064,0.175254,0,1,9,261.82,1.0000,0.0198,0.000414,4.468
224811,520,340,860,241,64,231,330.54,0.9494,0.6410,0.281397,5,58,1,141.69,0.9973,0.2021,0.030604,4.111
224812,520,400,920,244,3,151,353.28,0.9969,0.5752,0.215359,17,14,93,272.40,0.9516,0.1404,0.012235,4.264
224817,520,412,932,204,18,254,316.43,0.9957,0.5704,0.204273,32,21,40,310.03,0.3972,0.1168,0.009966,4.240
224826,520,456,976,169,65,236,308.36,0.8952,0.5339,0.182725,26,0,23,332.83,1.0000,0.0592,0.002815,4.406
224839,520,454,974,170,85,193,318.66,0.6958,0.5307,0.188942,9,18,4,133.63,0.6814,0.0724,0.004994,4.345
224840,520,356,876,242,28,228,331.58,0.9851,0.6190,0.253120,49,5,109,291.98,0.9622,0.1829,0.018656,4.415
224865,520,422,942,242,37,46,26.08,0.9708,0.5556,0.204010,30,15,48,302.15,0.6204,0.1077,0.008311,4.356
224878,520,444,964,195,49,219,321.45,0.9083,0.5448,0.189147,17,17,5,108.67,0.4945,0.0767,0.005310,4.324
224880,520,407,927,209,37,229,323.12,0.9576,0.5671,0.205374,63,0,20,9.66,1.0000,0.1319,0.011075,4.181
224887,520,477,997,195,77,54,32.92,0.7881,0.5052,0.171781,0,0,18,264.05,1.0000,0.0220,0.000437,4.397
224899,520,401,921,231,57,165,347.65,0.8748,0.5819,0.226345,3,33,65,253.00,0.8698,0.1433,0.014886,4.259
224903,520,465,985,164,98,140,342.02,0.4511,0.5163,0.185222,12,8,7,36.56,0.1455,0.0519,0.002672,4.466
224908,520,398,918,237,76,61,29.10,0.9101,0.5826,0.235134,14,40,1,136.62,0.9901,0.1431,0.016131,4.312
224915,520,471,991,215,48,89,12.63,0.8697,0.5160,0.172847,14,0,24,311.09,1.0000,0.0431,0.001593,4.319
224922,520,280,800,209,128,244,314.90,0.8772,0.6850,0.355264,53,61,35,122.63,0.4093,0.2470,0.042157,4.398
224925,520,442,962,202,8,228,321.80,0.9926,0.5439,0.183334,19,15,33,292.68,0.4290,0.0850,0.005899,4.174
224932,520,447,967,184,77,188,326.21,0.7362,0.5367,0.191302,20,9,40,295.97,0.6767,0.0796,0.004973,4.389
224939,520,373,893,229,98,59,37.08,0.8506,0.5985,0.257118,5,42,50,215.59,0.8186,0.1607,0.019184,4.439
224947,520,477,997,110,94,236,282.94,0.8587,0.5085,0.173761,3,2,2,18.05,0.1289,0.0243,0.000672,4.416
224948,520,374,894,178,100,248,305.54,0.9157,0.6025,0.253572,60,28,4,53.78,0.8152,0.1640,0.018001,4.464
224958,520,433,953,151,93,237,298.62,0.8400,0.5502,0.205226,13,25,33,238.61,0.3600,0.1047,0.008906,4.333
224970,520,426,946,216,78,108,10.66,0.7493,0.5563,0.211327,40,10,49,317.49,0.7194,0.1147,0.008900,4.437
224977,520,418,938,241,11,107,7.23,0.9883,0.5550,0.200050,48,13,16,18.05,0.6439,0.1166,0.009537,4.200
224992,520,453,973,238,3,47,23.70,0.9981,0.5349,0.184508,32,6,2,35.76,0.8160,0.0734,0.004418,4.309
225002,520,464,984,196,86,12,46.46,0.9497,0.5177,0.184197,7,9,4,123.84,0.3240,0.0487,0.002493,4.461
225024,520,402,922,243,36,139,357.90,0.9463,0.5791,0.221838,38,28,11,79.37,0.5110,0.1308,0.012668,4.338
225027,520,410,930,253,7,67,20.21,0.9964,0.5705,0.214436,43,3,71,305.32,0.9275,0.1300,0.010337,4.383
225047,520,454,974,156,86,219,305.42,0.7752,0.5313,0.188384,20,7,30,308.25,0.6170,0.0690,0.003944,4.419
225056,520,452,972,229,28,76,16.64,0.9610,0.5282,0.180133,6,15,25,250.55,0.4479,0.0699,0.004505,4.222
225057,520,441,961,169,105,139,347.16,0.4193,0.5367,0.204032,24,18,25,321.49,0.2053,0.0928,0.006970,4.459
225061,520,434,954,221,79,13,39.75,0.9746,0.5525,0.209957,3,23,42,248.52,0.7690,0.0987,0.007993,4.483
225072,520,278,798,229,124,208,335.08,0.7794,0.6859,0.356293,18,67,69,199.00,0.7266,0.2545,0.045724,4.244
225078,520,465,985,185,6,236,315.31,0.9945,0.5217,0.165019,7,9,4,123.84,0.3240,0.0487,0.002493,4.096
225081,520,464,984,181,49,216,317.96,0.8916,0.5201,0.169794,19,5,7,9.90,0.4763,0.0531,0.002623,4.177
225114,520,462,982,228,35,50,24.53,0.9614,0.5257,0.179293,9,7,9,325.93,0.1163,0.0475,0.002298,4.384
225116,520,306,826,227,131,128,22.37,0.6482,0.6661,0.341241,0,66,2,142.90,1.0000,0.2292,0.039006,4.396
225118,520,447,967,153,84,234,301.23,0.8460,0.5361,0.190538,1,24,0,141.51,1.0000,0.0835,0.006597,4.250
225126,520,361,881,234,67,210,334.48,0.9106,0.6195,0.261624,48,37,59,306.81,0.3331,0.1848,0.022673,4.288
225127,520,444,964,147,89,238,297.50,0.8555,0.5399,0.195210,23,11,31,310.40,0.5129,0.0803,0.005204,4.442
225145,520,361,881,222,109,115,18.37,0.6790,0.6156,0.277069,27,49,2,131.87,0.9770,0.1813,0.024340,4.400
225153,520,456,976,191,48,205,324.01,0.8814,0.5274,0.175995,5,13,12,186.95,0.3382,0.0587,0.003466,4.227
225162,520,452,972,158,72,239,303.36,0.8955,0.5299,0.181363,17,15,2,102.48,0.7163,0.0710,0.004652,4.233
225194,520,390,910,247,19,154,353.20,0.9812,0.5859,0.225764,25,19,86,278.01,0.8645,0.1456,0.013442,4.347
225200,520,385,905,233,42,188,340.26,0.9361,0.5861,0.226131,9,44,4,140.92,0.9776,0.1548,0.018681,4.020
225203,520,382,902,222,84,166,347.04,0.7643,0.5959,0.246257,30,39,46,241.77,0.1937,0.1641,0.019243,4.279
225204,520,429,949,226,36,150,350.61,0.9160,0.5505,0.196352,38,8,36,330.43,0.6803,0.1000,0.007132,4.312
225211,520,427,947,247,0,95,11.60,1.0000,0.5621,0.206039,36,14,8,36.48,0.5577,0.0956,0.007067,4.487
225215,520,460,980,228,18,117,1.84,0.9674,0.5333,0.182138,3,13,18,226.83,0.5381,0.0594,0.003509,4.338
225242,520,382,902,227,50,223,329.15,0.9455,0.6016,0.239421,23,17,103,274.10,0.9420,0.1612,0.015622,4.410
225249,520,347,867,248,76,156,356.13,0.9207,0.6273,0.275288,87,10,8,28.08,0.9404,0.1939,0.022612,4.480
225251,520,368,888,247,80,93,20.29,0.9307,0.6116,0.263051,37,40,23,116.61,0.3546,0.1654,0.019728,4.490
225263,520,342,862,215,102,203,331.59,0.7540,0.6282,0.282634,55,42,19,80.33,0.5191,0.1920,0.025152,4.426
225269,520,314,834,255,82,182,348.95,1.0000,0.6566,0.306753,2,42,124,262.09,0.9851,0.2236,0.031238,4.391
225284,520,459,979,237,8,54,22.28,0.9945,0.5347,0.184478,5,16,1,135.16,0.9461,0.0632,0.004050,4.338
225286,520,430,950,222,10,177,340.50,0.9838,0.5464,0.189235,15,9,64,277.55,0.9012,0.0975,0.006671,4.221
225301,520,280,800,248,85,254,326.40,0.9963,0.6863,0.336118,63,60,26,104.19,0.5572,0.2531,0.043631,4.124
225308,520,460,980,227,11,115,2.13,0.9807,0.5286,0.178109,12,13,12,145.45,0.0436,0.0643,0.003926,4.230
225315,520,271,791,246,132,128,23.13,0.8402,0.6960,0.376566,64,64,13,109.43,0.8096,0.2641,0.047859,4.359
225317,520,454,974,236,0,17,28.03,1.0000,0.5275,0.178766,24,6,16,346.94,0.5331,0.0650,0.003619,4.267
225319,520,478,998,173,36,228,313.00,0.9416,0.5075,0.157484,2,1,10,286.50,0.7500,0.0235,0.000565,4.103
225320,520,449,969,232,12,128,358.60,0.9812,0.5437,0.189802,3,12,42,264.55,0.8573,0.0726,0.004494,4.400
225333,520,480,1000,161,29,252,304.36,0.9859,0.5074,0.154847,0,0,0,0.00,0.0000,0.0000,0.000000,4.097
225343,520,476,996,174,80,159,333.87,0.6370,0.5090,0.172403,9,0,0,29.23,1.0000,0.0242,0.000581,4.397
225350,520,465,985,100,101,245,277.45,0.9204,0.5213,0.186086,2,12,8,170.56,0.6660,0.0525,0.002934,4.460
225351,520,422,942,237,53,69,22.27,0.9286,0.5601,0.209835,39,16,34,335.85,0.4959,0.1132,0.009175,4.391
225358,520,435,955,236,40,64,21.90,0.9536,0.5474,0.197238,6,24,25,200.09,0.5526,0.0939,0.007621,4.291
225363,520,418,938,243,28,78,17.41,0.9730,0.5578,0.204387,33,26,21,57.43,0.1813,0.1216,0.011163,4.159
225373,520,424,944,215,62,168,342.83,0.8190,0.5593,0.207217,17,3,78,276.92,0.9798,0.1073,0.007343,4.486
225374,520,429,949,239,35,62,22.10,0.9654,0.5503,0.199039,33,15,26,343.41,0.4103,0.0986,0.007396,4.339
225380,520,396,916,253,13,96,12.41,0.9914,0.5775,0.220188,61,10,34,356.33,0.7429,0.1441,0.013248,4.272
225381,520,305,825,246,82,236,330.45,0.9619,0.6691,0.316862,97,15,58,354.28,0.7946,0.2340,0.031889,4.480
225392,520,397,917,220,6,236,324.55,0.9966,0.5803,0.214042,46,25,25,19.83,0.3512,0.1386,0.013464,4.161
225395,520,263,783,220,136,242,319.08,0.8755,0.7118,0.392361,12,74,8,142.17,0.9861,0.2608,0.049931,4.427
225399,520,403,923,198,50,253,314.30,0.9890,0.5765,0.213802,36,21,59,299.16,0.6073,0.1348,0.012272,4.236
225409,520,448,968,220,43,138,353.92,0.8762,0.5383,0.187809,39,1,4,21.06,0.9532,0.0778,0.004619,4.354
225414,520,465,985,225,43,8,31.93,0.9905,0.5217,0.177557,6,8,5,134.15,0.2036,0.0457,0.002233,4.357
225423,520,473,993,207,57,132,354.43,0.7934,0.5233,0.178597,0,3,12,253.99,0.9999,0.0285,0.000917,4.490
225430,520,479,999,214,17,125,356.08,0.9535,0.5074,0.161802,0,1,0,142.50,1.0000,0.0135,0.000217,4.218
225441,520,437,957,196,36,231,319.10,0.9540,0.5466,0.187685,9,10,58,272.80,0.9028,0.0884,0.005806,4.259
225447,520,479,999,208,32,148,346.85,0.8921,0.5126,0.165832,2,0,1,344.76,1.0000,0.0130,0.000151,4.304
225491,520,435,955,217,36,186,336.82,0.9243,0.5522,0.195609,12,24,8,138.11,0.6264,0.0924,0.007489,4.272
225495,520,344,864,255,80,102,17.74,1.0000,0.6282,0.279602,39,40,69,281.10,0.4025,0.1885,0.023786,4.467
225509,520,365,885,231,62,209,333.95,0.9132,0.6093,0.250401,30,34,78,275.91,0.6123,0.1724,0.019701,4.310
225522,520,257,777,242,147,102,45.58,0.7963,0.7127,0.407064,10,75,52,163.46,0.9389,0.2720,0.053444,4.418
225524,520,477,997,221,41,12,31.45,0.9851,0.5120,0.169873,0,0,21,264.05,1.0000,0.0245,0.000541,4.350
225525,520,423,943,228,51,145,353.68,0.8732,0.5626,0.209087,18,23,44,272.22,0.4509,0.1096,0.009232,4.374
225543,520,424,944,247,9,51,23.51,0.9954,0.5560,0.202121,19,23,49,274.73,0.5159,0.1139,0.009730,4.221
225546,520,420,940,246,7,68,19.43,0.9956,0.5558,0.201657,45,8,27,352.44,0.6902,0.1076,0.008108,4.331
225547,520,338,858,255,41,208,339.63,1.0000,0.6363,0.274033,40,52,15,125.01,0.7224,0.2032,0.029416,4.080
225556,520,476,996,216,2,126,355.78,0.9946,0.5080,0.161512,3,0,9,302.89,1.0000,0.0206,0.000391,4.197
225559,520,307,827,231,135,36,59.93,0.9127,0.6654,0.344466,3,60,79,227.27,0.9344,0.2336,0.038154,4.475
225575,520,440,960,187,57,236,314.59,0.9141,0.5520,0.195483,32,15,9,40.21,0.4592,0.0916,0.006685,4.331
225594,520,443,963,227,56,65,23.44,0.9074,0.5422,0.195437,7,8,51,272.66,0.9013,0.0765,0.004578,4.497
225595,520,374,894,249,73,34,33.63,0.9702,0.5993,0.250238,22,34,64,265.97,0.5390,0.1550,0.016847,4.491
225597,520,293,813,255,110,148,6.36,1.0000,0.6800,0.345532,31,59,73,231.60,0.4460,0.2379,0.039001,4.444
225598,520,455,975,210,12,188,334.31,0.9781,0.5308,0.175975,19,9,9,19.32,0.2908,0.0622,0.003536,4.221
225599,520,458,978,186,9,240,314.67,0.9926,0.5274,0.169270,0,8,40,261.67,1.0000,0.0607,0.003268,4.116
225604,520,434,954,217,78,43,35.05,0.8880,0.5457,0.203774,44,8,21,1.82,0.6848,0.1034,0.007634,4.403
225608,520,343,863,237,24,252,324.93,0.9917,0.6252,0.256886,41,15,115,283.41,0.9283,0.1898,0.020508,4.352
225620,520,278,798,249,134,42,53.50,0.9451,0.6912,0.373600,12,70,39,154.61,0.9417,0.2518,0.046048,4.410
225624,520,426,946,209,2,239,321.13,0.9987,0.5631,0.198325,11,17,65,270.75,0.8649,0.1093,0.008537,4.242
225639,520,421,941,240,14,124,1.49,0.9830,0.5591,0.202978,34,0,72,296.59,1.0000,0.1144,0.008080,4.356
225656,520,443,963,200,47,204,326.97,0.8929,0.5410,0.186737,11,18,24,244.78,0.2644,0.0803,0.005697,4.250
225658,520,437,957,241,17,77,16.88,0.9855,0.5493,0.196408,40,2,30,340.48,0.8188,0.0909,0.005883,4.409
225661,520,360,880,246,8,228,332.48,0.9970,0.6210,0.253709,75,1,60,338.97,0.9462,0.1778,0.018440,4.438
225665,520,453,973,218,66,23,35.23,0.9557,0.5306,0.188663,2,12,40,262.31,0.8778,0.0702,0.004290,4.396
225679,520,470,990,205,66,110,5.15,0.7562,0.5216,0.180034,9,0,32,291.44,1.0000,0.0441,0.001624,4.456
225690,520,364,884,224,40,254,321.20,0.9959,0.6119,0.245227,31,43,1,124.54,0.9751,0.1650,0.020212,4.205
225703,520,449,969,222,23,150,349.26,0.9477,0.5364,0.183470,33,0,19,348.29,1.0000,0.0692,0.003704,4.347
225718,520,409,929,239,45,111,7.58,0.9221,0.5674,0.213784,29,29,43,284.18,0.2608,0.1342,0.013143,4.178
225725,520,408,928,197,94,174,336.60,0.6566,0.5739,0.229332,34,29,28,31.14,0.0869,0.1329,0.013027,4.432
225729,520,446,966,240,16,30,27.20,0.9918,0.5407,0.189930,27,11,7,35.95,0.4653,0.0760,0.004877,4.372
225739,520,407,927,212,6,234,323.01,0.9958,0.5651,0.200697,55,5,43,339.82,0.7957,0.1310,0.010953,4.113
225747,520,417,937,229,72,81,21.62,0.8541,0.5661,0.218896,44,14,41,331.48,0.6107,0.1216,0.010097,4.474
225762,520,469,989,213,54,89,13.33,0.8440,0.5176,0.175081,15,2,13,332.68,0.6692,0.0432,0.001740,4.350
225765,520,337,857,255,61,185,346.74,1.0000,0.6380,0.281037,64,38,49,352.96,0.3353,0.2042,0.026981,4.300
225769,520,350,870,236,110,52,43.02,0.8842,0.6290,0.292354,40,49,1,120.25,0.9764,0.1923,0.026499,4.475
225782,520,419,939,231,15,167,345.68,0.9785,0.5596,0.201234,29,21,29,326.26,0.2236,0.1074,0.008863,4.268
225784,520,425,945,200,70,207,325.72,0.8318,0.5649,0.211663,18,30,8,132.59,0.6948,0.1147,0.010747,4.307
225807,520,476,996,197,49,166,338.02,0.8222,0.5139,0.168219,3,0,2,338.03,1.0000,0.0160,0.000237,4.344
225815,520,429,949,216,3,206,330.91,0.9964,0.5516,0.191225,24,21,30,300.04,0.2106,0.1022,0.008243,4.142
225829,520,428,948,212,61,182,337.13,0.8336,0.5604,0.207140,30,7,58,298.49,0.8270,0.1040,0.007335,4.485
225831,520,413,933,220,5,215,329.59,0.9955,0.5653,0.202327,27,26,33,291.81,0.1470,0.1193,0.010816,4.149
225837,520,406,926,253,34,42,26.79,0.9919,0.5764,0.221976,48,23,7,51.41,0.6710,0.1333,0.012566,4.347
225840,520,380,900,228,104,7,48.24,0.9857,0.6029,0.264125,10,45,26,155.89,0.8560,0.1627,0.020158,4.477
225907,520,406,926,231,41,189,339.47,0.9359,0.5823,0.222516,36,29,10,89.47,0.5441,0.1306,0.012757,4.342
225923,520,292,812,240,118,189,346.16,0.8195,0.6837,0.351587,13,68,36,153.01,0.9374,0.2445,0.043470,4.296
225941,520,408,928,222,80,119,7.02,0.7592,0.5729,0.226013,3,33,53,242.13,0.8289,0.1343,0.013640,4.337
225963,520,411,931,242,28,127,1.37,0.9613,0.5689,0.212433,4,9,91,266.33,0.9836,0.1246,0.009764,4.391
225978,520,462,982,225,3,143,351.89,0.9939,0.5337,0.180586,14,5,17,318.11,0.4931,0.0509,0.002424,4.398
225986,520,465,985,206,31,164,340.80,0.9025,0.5165,0.167842,20,3,14,341.61,0.6406,0.0524,0.002456,4.153
225997,520,394,914,222,11,239,324.33,0.9944,0.5869,0.220031,49,18,43,335.30,0.5680,0.1375,0.012601,4.314
226004,520,434,954,247,9,16,28.52,0.9965,0.5532,0.200106,40,15,7,38.91,0.6264,0.1038,0.008082,4.306
226007,520,362,882,237,85,132,4.89,0.8217,0.6099,0.261703,23,19,119,271.88,0.9600,0.1845,0.019797,4.466
226012,520,401,921,206,86,186,334.54,0.7421,0.5823,0.233243,23,33,40,239.14,0.2394,0.1381,0.014230,4.410
226025,520,384,904,232,80,125,6.05,0.8041,0.5926,0.243765,38,34,37,334.40,0.0782,0.1543,0.016897,4.391
226038,520,478,998,171,38,233,311.16,0.9430,0.5100,0.159282,2,1,2,326.51,0.3040,0.0189,0.000390,4.153
226047,520,402,922,224,43,209,332.10,0.9405,0.5828,0.221808,16,8,92,272.65,0.9732,0.1312,0.010565,4.488
226049,520,450,970,231,44,19,31.00,0.9789,0.5353,0.188403,31,2,6,14.34,0.8292,0.0651,0.003479,4.458
226054,520,472,992,219,50,28,30.99,0.9546,0.5162,0.174278,6,1,5,333.18,0.6128,0.0264,0.000714,4.422
226057,520,421,941,161,108,189,313.15,0.5546,0.5566,0.219768,11,28,35,226.80,0.4594,0.1130,0.010230,4.479
226070,520,425,945,194,50,238,316.50,0.9354,0.5584,0.199249,47,9,13,18.21,0.7248,0.1081,0.008289,4.276
226087,520,421,941,211,29,220,325.96,0.9651,0.5600,0.198969,28,11,57,295.00,0.7654,0.1062,0.007816,4.306
226093,520,472,992,222,1,122,358.44,0.9978,0.5185,0.169591,10,1,4,354.00,0.6756,0.0308,0.000950,4.310
226111,520,426,946,243,31,76,18.21,0.9695,0.5588,0.205599,52,8,3,32.05,0.9034,0.1147,0.009104,4.325
226122,520,452,972,232,5,71,17.29,0.9950,0.5261,0.177224,20,14,10,55.33,0.2154,0.0740,0.004847,4.143
226127,520,199,719,124,199,250,239.61,0.8676,0.7674,0.520323,9,92,29,146.10,0.9887,0.3247,0.078007,4.455
226128,520,414,934,228,59,153,351.35,0.8522,0.5729,0.219245,11,24,56,264.89,0.6959,0.1163,0.010099,4.480
226137,520,419,939,233,14,165,346.74,0.9810,0.5622,0.203572,5,25,44,249.15,0.7025,0.1066,0.009093,4.291
226143,520,466,986,132,85,245,291.37,0.9132,0.5226,0.179950,17,4,21,318.55,0.6266,0.0541,0.002602,4.372
226148,520,399,919,251,34,68,21.21,0.9796,0.5755,0.220743,64,1,22,8.47,0.9588,0.1359,0.011698,4.388
226151,520,288,808,254,96,201,343.27,0.9897,0.6798,0.336567,33,55,89,258.82,0.5177,0.2376,0.037768,4.404
226154,520,411,931,180,102,185,324.94,0.6041,0.5683,0.227098,15,33,6,136.37,0.8787,0.1216,0.012024,4.468
226160,520,427,947,225,67,115,6.70,0.8163,0.5614,0.212623,1,27,25,188.00,0.9343,0.0998,0.008605,4.481
226182,520,345,865,245,60,197,340.84,0.9359,0.6253,0.266784,88,1,33,8.32,0.9771,0.1938,0.022066,4.396
226189,520,409,929,218,28,218,328.27,0.9695,0.5703,0.208000,30,24,60,287.91,0.5748,0.1348,0.012555,4.124
226198,520,423,943,229,50,146,353.46,0.8793,0.5641,0.210173,29,16,48,299.85,0.6007,0.1083,0.008452,4.451
226220,520,382,902,249,48,130,2.84,0.9487,0.5950,0.238688,66,7,43,348.76,0.7937,0.1552,0.014848,4.452
226223,520,442,962,235,20,106,6.96,0.9718,0.5448,0.192062,37,4,9,14.55,0.7769,0.0805,0.004999,4.401
226238,520,14,534,250,255,189,111.46,0.9999,0.9774,0.955183,29,135,11,141.48,0.9938,0.4716,0.176126,4.445
226255,520,464,984,142,73,247,296.12,0.9397,0.5182,0.172314,1,12,4,153.79,0.9199,0.0503,0.002782,4.212
226258,520,402,922,235,63,115,7.67,0.8631,0.5760,0.224579,40,11,68,302.29,0.8037,0.1321,0.011078,4.496
226259,520,283,803,236,118,207,337.48,0.8371,0.6858,0.352970,45,67,1,127.80,0.9912,0.2538,0.045743,4.209
226260,520,371,891,231,18,254,323.14,0.9965,0.6148,0.245796,51,21,78,304.71,0.7240,0.1706,0.017902,4.356
226285,520,425,945,205,61,200,329.44,0.8516,0.5591,0.204885,50,7,11,19.99,0.8029,0.1108,0.008543,4.354
226287,520,422,942,215,66,150,349.94,0.7902,0.5550,0.205478,41,15,27,352.79,0.5044,0.1113,0.008923,4.336
226289,520,385,905,255,35,91,15.26,1.0000,0.5885,0.232212,25,38,37,190.15,0.2334,0.1529,0.017264,4.196
226295,520,447,967,207,55,163,342.13,0.8179,0.5357,0.186442,16,9,42,287.62,0.7120,0.0771,0.004727,4.320
226298,520,371,891,220,51,254,319.98,0.9954,0.6123,0.247410,72,14,37,0.98,0.7412,0.1721,0.018256,4.357
226319,520,470,990,159,67,237,304.58,0.8949,0.5233,0.175002,4,5,14,275.50,0.4276,0.0397,0.001661,4.355
226329,520,465,985,187,59,193,326.02,0.8167,0.5229,0.175444,6,11,8,160.07,0.2447,0.0536,0.002956,4.257
226331,520,380,900,213,76,221,325.54,0.8722,0.6012,0.245373,46,30,50,319.45,0.3656,0.1608,0.017397,4.383
226351,520,426,946,233,22,149,352.00,0.9637,0.5572,0.200703,12,18,62,271.22,0.8214,0.1088,0.008585,4.279
226360,520,385,905,234,62,151,353.67,0.8611,0.5858,0.231749,49,22,54,321.18,0.5620,0.1511,0.014932,4.339
226408,520,463,983,228,6,110,3.93,0.9898,0.5279,0.177529,4,11,4,144.21,0.5596,0.0506,0.002739,4.314
226414,520,344,864,196,111,222,317.84,0.7525,0.6264,0.283797,26,47,47,195.76,0.3496,0.1853,0.024578,4.476
226422,520,217,737,251,142,228,335.38,0.9682,0.7558,0.454590,38,76,84,212.94,0.4695,0.2990,0.062208,4.497
226431,520,357,877,242,2,236,329.72,0.9993,0.6180,0.249796,74,12,46,351.96,0.7646,0.1779,0.019163,4.335
226438,520,445,965,218,26,162,344.40,0.9375,0.5358,0.182553,20,10,44,292.25,0.6966,0.0844,0.005477,4.192
226442,520,284,804,189,140,248,303.65,0.8560,0.6857,0.363527,34,65,49,160.08,0.4984,0.2479,0.043423,4.426
226443,520,292,812,242,131,76,45.61,0.8554,0.6783,0.356343,11,65,62,189.35,0.8441,0.2427,0.041994,4.417
226456,520,418,938,151,94,244,297.19,0.8840,0.5574,0.211165,29,15,60,292.64,0.7234,0.1164,0.009291,4.405
226464,520,349,869,246,59,201,339.87,0.9443,0.6283,0.269408,82,18,6,32.98,0.9150,0.1909,0.022399,4.412
226466,520,420,940,167,75,253,303.34,0.9817,0.5572,0.203400,27,20,38,301.25,0.3824,0.1075,0.008733,4.314
226476,520,327,847,236,118,121,19.95,0.7608,0.6546,0.321728,12,60,7,141.73,0.9801,0.2118,0.033251,4.465
226492,520,408,928,248,41,53,25.23,0.9698,0.5713,0.218029,24,18,71,281.09,0.7859,0.1270,0.010817,4.407
226495,520,405,925,209,55,226,323.53,0.9204,0.5775,0.217805,43,25,19,39.20,0.3627,0.1323,0.012559,4.281
226497,520,460,980,221,29,121,359.56,0.9266,0.5251,0.176340,6,5,44,274.44,0.9095,0.0633,0.003291,4.247
226505,520,234,754,254,120,255,327.20,1.0000,0.7393,0.417263,88,61,40,58.44,0.4171,0.2914,0.055656,4.422
226506,520,346,866,208,99,224,322.37,0.8198,0.6254,0.277169,21,38,96,267.16,0.7992,0.1920,0.023901,4.427
226509,520,353,873,250,27,209,338.14,0.9843,0.6216,0.257145,54,30,56,324.20,0.4508,0.1754,0.019984,4.389
226524,520,441,961,204,29,207,327.45,0.9496,0.5387,0.182229,2,11,63,265.37,0.9563,0.0910,0.006111,4.139
226533,520,455,975,234,15,56,21.89,0.9884,0.5303,0.181228,13,6,32,292.00,0.6869,0.0610,0.003201,4.346
226536,520,444,964,189,78,180,330.87,0.7225,0.5411,0.195643,4,13,42,265.21,0.8168,0.0754,0.004808,4.482
226539,520,465,985,98,107,226,276.12,0.7947,0.5161,0.186025,3,12,10,181.04,0.4995,0.0540,0.003042,4.450
226541,520,414,934,255,11,20,28.31,1.0000,0.5709,0.215537,45,15,24,3.31,0.5442,0.1169,0.009656,4.451
226542,520,444,964,234,15,104,7.28,0.9798,0.5406,0.188366,15,2,56,283.08,0.9603,0.0776,0.004305,4.389
226548,520,386,906,240,62,139,359.32,0.8780,0.5923,0.238376,66,12,24,12.41,0.7650,0.1530,0.014873,4.445
226552,520,432,952,242,22,57,22.51,0.9844,0.5497,0.197499,31,20,0,83.21,1.0000,0.0993,0.007916,4.273
226554,520,332,852,242,84,194,341.96,0.8982,0.6423,0.291157,13,56,29,152.16,0.9045,0.2019,0.030025,4.263
226574,520,394,914,232,76,117,8.63,0.8165,0.5852,0.236118,17,22,86,271.45,0.8911,0.1450,0.013648,4.495
226576,520,468,988,221,21,119,359.89,0.9514,0.5208,0.172430,0,7,19,248.21,1.0000,0.0432,0.001990,4.278
226597,520,354,874,228,51,241,324.98,0.9612,0.6159,0.252148,27,9,122,274.21,0.9812,0.1808,0.018334,4.422
226604,520,451,971,227,17,135,355.31,0.9674,0.5377,0.184839,30,4,22,341.34,0.6991,0.0729,0.004208,4.332
226613,520,437,957,165,83,229,306.92,0.8286,0.5461,0.198436,44,0,2,25.06,1.0000,0.0858,0.005400,4.484
226629,520,433,953,223,23,177,340.86,0.9592,0.5521,0.194776,5,22,52,260.07,0.7915,0.1048,0.008540,4.181
226630,520,477,997,178,85,132,350.46,0.5742,0.5105,0.176292,1,1,7,277.79,0.7136,0.0203,0.000435,4.487
226646,520,422,942,237,49,106,9.48,0.9100,0.5650,0.212449,42,9,45,324.32,0.7157,0.1138,0.008771,4.466
226653,520,448,968,228,30,116,2.78,0.9374,0.5379,0.186863,31,13,4,49.52,0.6288,0.0850,0.005880,4.239
226666,520,366,886,225,75,199,335.52,0.8548,0.6064,0.251655,5,50,2,141.76,0.9927,0.1739,0.023178,4.122
226676,520,363,883,246,19,210,336.95,0.9894,0.6123,0.247148,72,16,5,33.58,0.9042,0.1669,0.017595,4.396
226683,520,294,814,255,122,62,42.96,1.0000,0.6814,0.355301,0,66,65,193.06,1.0000,0.2446,0.042779,4.368
226688,520,409,929,255,10,40,25.84,1.0000,0.5721,0.216342,25,16,75,281.72,0.8304,0.1287,0.010852,4.377
226695,520,428,948,197,56,226,320.06,0.9058,0.5590,0.201911,0,16,62,261.97,1.0000,0.0978,0.007183,4.405
226707,520,456,976,235,23,47,24.47,0.9825,0.5340,0.184834,6,4,47,274.16,0.9396,0.0644,0.003308,4.405
226732,520,474,994,227,14,70,17.43,0.9843,0.5174,0.170901,2,5,7,229.49,0.3462,0.0347,0.001368,4.300
226743,520,363,883,235,51,210,334.59,0.9408,0.6080,0.246856,33,39,43,237.08,0.1172,0.1654,0.019488,4.272
226748,520,417,937,248,13,94,12.40,0.9899,0.5666,0.210560,12,15,78,270.98,0.9294,0.1206,0.009698,4.365
226754,520,472,992,190,42,199,325.51,0.8885,0.5168,0.167281,7,0,7,328.36,1.0000,0.0252,0.000605,4.294
226755,520,148,668,246,193,181,32.99,0.7148,0.8312,0.610705,29,102,7,140.28,0.9923,0.3618,0.097789,4.471
226756,520,463,983,219,30,140,352.27,0.9188,0.5292,0.178846,24,0,9,356.07,1.0000,0.0497,0.002139,4.389
226793,520,475,995,228,22,8,29.71,0.9921,0.5159,0.170883,8,1,10,321.60,0.7188,0.0311,0.000953,4.335
226842,520,362,882,142,132,224,287.10,0.6621,0.6065,0.276349,0,48,62,223.41,1.0000,0.1847,0.024616,4.374
226843,520,454,974,199,80,121,1.54,0.6711,0.5333,0.192617,29,3,26,332.60,0.7493,0.0715,0.004010,4.492
226856,520,401,921,253,33,83,17.24,0.9878,0.5818,0.225986,24,37,3,127.85,0.9174,0.1404,0.015239,4.230
226866,520,474,994,144,76,241,297.55,0.8997,0.5194,0.174492,4,1,12,298.51,0.7581,0.0273,0.000741,4.424
226876,520,447,967,229,35,92,11.90,0.9365,0.5357,0.186357,11,18,9,138.75,0.3770,0.0751,0.005235,4.279
226884,520,454,974,216,52,125,358.83,0.8343,0.5328,0.185380,20,13,1,85.80,0.8281,0.0694,0.004388,4.328
226885,520,410,930,200,75,206,325.90,0.8143,0.5702,0.217693,39,1,76,299.01,0.9798,0.1270,0.009749,4.480
226921,520,407,927,243,12,129,0.32,0.9869,0.5664,0.209059,37,20,53,305.81,0.5714,0.1296,0.011507,4.212
226926,520,475,995,205,9,181,335.04,0.9794,0.5164,0.165127,1,4,7,237.16,0.5309,0.0306,0.001086,4.211
226943,520,408,928,211,59,203,330.29,0.8737,0.5691,0.212906,40,24,17,44.45,0.3595,0.1250,0.011449,4.278
226945,520,471,991,178,62,204,319.67,0.8219,0.5193,0.172710,6,5,5,17.53,0.0561,0.0382,0.001582,4.318
226959,520,445,965,180,75,203,320.01,0.7772,0.5375,0.190484,37,2,3,24.43,0.9199,0.0754,0.004434,4.418
226965,520,387,907,247,31,146,356.12,0.9623,0.5872,0.228328,69,3,1,29.86,0.9844,0.1453,0.013328,4.395
226968,520,373,893,248,50,156,353.99,0.9411,0.6041,0.246413,49,33,23,52.99,0.3402,0.1613,0.018026,4.357
226972,520,436,956,206,40,206,328.18,0.9226,0.5477,0.190975,1,13,61,263.80,0.9706,0.0916,0.006312,4.279
226976,520,373,893,255,58,67,24.36,1.0000,0.5999,0.246951,41,37,5,102.24,0.8052,0.1581,0.018055,4.363
226982,520,419,939,204,84,143,352.36,0.6793,0.5560,0.211631,25,17,59,286.83,0.6963,0.1147,0.009233,4.417
226989,520,426,946,190,56,236,315.55,0.9181,0.5557,0.198329,36,18,31,337.87,0.3980,0.1111,0.009066,4.204
227000,520,290,810,251,103,190,346.98,0.9486,0.6791,0.339304,50,61,36,127.85,0.4044,0.2443,0.041429,4.258
227001,520,371,891,246,1,220,334.41,0.9996,0.6147,0.247849,49,30,61,311.20,0.4774,0.1714,0.019185,4.305
227025,520,476,996,159,71,213,309.76,0.8039,0.5089,0.166821,2,1,2,326.51,0.3040,0.0189,0.000390,4.303
227036,520,456,976,208,18,196,331.54,0.9688,0.5340,0.178300,5,14,21,240.40,0.4330,0.0647,0.004005,4.227
227042,520,429,949,190,76,203,323.48,0.7870,0.5540,0.204292,29,3,62,296.20,0.9235,0.1010,0.006741,4.482
227045,520,448,968,216,70,104,10.58,0.7820,0.5449,0.199811,12,19,8,134.48,0.4370,0.0783,0.005614,4.492
227048,520,447,967,194,82,146,347.59,0.6590,0.5377,0.195809,0,21,12,164.84,1.0000,0.0766,0.005628,4.419
227076,520,390,910,251,32,133,1.14,0.9681,0.5907,0.232392,62,18,25,13.83,0.6508,0.1534,0.015271,4.326
227079,520,471,991,186,50,201,323.55,0.8620,0.5180,0.169387,16,1,19,322.23,0.8058,0.0449,0.001789,4.236
227081,520,352,872,171,140,140,18.14,0.1947,0.6151,0.293081,12,55,9,142.16,0.9690,0.1946,0.028302,4.382
227091,520,408,928,209,41,224,324.29,0.9455,0.5659,0.205248,24,30,46,268.12,0.3246,0.1339,0.013200,4.039
227116,520,395,915,235,33,196,338.30,0.9614,0.5893,0.227382,14,37,40,206.61,0.4983,0.1439,0.015696,4.222
227153,520,394,914,247,69,58,28.27,0.9588,0.5934,0.243393,11,36,50,236.22,0.6113,0.1448,0.015631,4.470
227155,520,479,999,203,57,124,356.91,0.7828,0.5127,0.170800,1,0,0,29.23,1.0000,0.0090,0.000065,4.410
227161,520,341,861,231,76,216,332.03,0.8972,0.6270,0.271180,2,46,92,254.10,0.9508,0.2016,0.027394,4.150
227162,520,417,937,200,84,180,334.77,0.7217,0.5668,0.219169,33,19,50,302.68,0.5602,0.1204,0.010194,4.472
227167,520,385,905,254,9,136,359.97,0.9933,0.5906,0.230474,2,35,68,252.04,0.9094,0.1509,0.016322,4.229
227178,520,418,938,203,66,191,331.62,0.8147,0.5555,0.203563,26,27,17,112.59,0.2602,0.1151,0.010440,4.195
227187,520,446,966,228,52,40,29.08,0.9400,0.5373,0.191061,16,8,48,285.16,0.7927,0.0806,0.004972,4.385
227211,520,409,929,225,60,156,349.61,0.8421,0.5696,0.216421,36,25,41,314.97,0.3294,0.1313,0.012304,4.276
227214,520,460,980,226,10,112,2.98,0.9821,0.5253,0.175585,16,8,18,319.55,0.3683,0.0599,0.003275,4.234
227227,520,420,940,237,12,149,352.62,0.9844,0.5622,0.204405,11,31,11,143.78,0.7913,0.1137,0.010752,4.188
227244,520,376,896,208,71,240,319.31,0.9245,0.6007,0.242092,52,18,69,312.35,0.7153,0.1601,0.015924,4.431
227245,520,452,972,237,0,10,28.58,1.0000,0.5294,0.180297,16,16,4,108.81,0.5424,0.0730,0.004895,4.195
227251,520,311,831,254,68,213,338.51,0.9936,0.6561,0.300123,89,12,73,338.42,0.8033,0.2231,0.028682,4.450
227255,520,455,975,224,58,15,33.97,0.9788,0.5333,0.189107,19,8,7,26.36,0.3452,0.0595,0.003275,4.488
227258,520,453,973,195,30,213,323.37,0.9473,0.5280,0.173363,25,1,42,307.46,0.9304,0.0733,0.003956,4.140
227261,520,326,846,247,60,237,330.50,0.9691,0.6515,0.291231,48,39,84,290.19,0.5369,0.2063,0.027195,4.420
227263,520,450,970,191,75,172,334.57,0.7232,0.5358,0.190886,10,13,23,271.00,0.3172,0.0672,0.004142,4.449
227290,520,464,984,180,23,239,312.97,0.9767,0.5212,0.165492,7,8,19,278.11,0.3892,0.0520,0.002658,4.092
227297,520,340,860,247,67,200,340.61,0.9459,0.6363,0.279616,13,50,73,240.30,0.7162,0.2021,0.028477,4.200
227301,520,310,830,249,70,239,330.46,0.9763,0.6642,0.307549,9,54,89,247.41,0.8139,0.2239,0.034175,4.248
227318,520,474,994,228,27,43,25.34,0.9757,0.5205,0.174552,11,1,10,330.55,0.7295,0.0345,0.001148,4.390
227320,520,391,911,211,41,248,319.18,0.9703,0.5869,0.222138,57,20,43,344.61,0.5775,0.1545,0.015447,4.158
227326,520,419,939,212,69,166,343.12,0.7863,0.5605,0.210086,8,29,28,191.16,0.5614,0.1111,0.010142,4.325
227340,520,440,960,210,20,209,328.56,0.9732,0.5470,0.188074,15,19,28,265.93,0.2545,0.0878,0.006511,4.213
227346,520,475,995,155,53,251,301.50,0.9760,0.5155,0.164802,8,2,11,317.22,0.5986,0.0345,0.001192,4.196
227348,520,385,905,242,64,108,11.42,0.8982,0.5883,0.236299,10,32,68,259.81,0.7582,0.1461,0.015148,4.395
227367,520,415,935,243,53,43,28.66,0.9535,0.5688,0.217787,5,29,44,239.39,0.7176,0.1178,0.010928,4.395
227368,520,411,931,239,41,133,359.50,0.9273,0.5720,0.216332,17,19,66,274.81,0.7894,0.1181,0.009782,4.455
227375,520,378,898,230,44,214,332.26,0.9502,0.5970,0.234819,23,31,75,271.79,0.6729,0.1572,0.016701,4.270
227376,520,137,657,247,186,240,330.33,0.9310,0.8381,0.611847,76,94,69,137.04,0.3025,0.3749,0.099715,4.421
227395,520,348,868,251,45,198,341.56,0.9744,0.6260,0.264665,31,17,119,276.19,0.9505,0.1878,0.020240,4.480
227423,520,382,902,227,91,122,9.11,0.7508,0.5976,0.252207,65,21,27,14.75,0.6240,0.1645,0.017395,4.484
227424,520,428,948,224,46,167,344.79,0.8906,0.5613,0.205938,30,9,55,299.77,0.7789,0.1040,0.007472,4.453
227445,520,454,974,200,52,177,335.19,0.8315,0.5282,0.179115,3,15,20,223.68,0.5848,0.0652,0.004115,4.234
227461,520,480,1000,194,60,147,344.89,0.7594,0.5096,0.168094,0,0,0,0.00,0.0000,0.0000,0.000000,4.362
227475,520,480,1000,214,23,125,356.31,0.9337,0.5097,0.163920,0,0,0,0.00,0.0000,0.0000,0.000000,4.278
227508,520,384,904,245,66,93,17.37,0.9258,0.5924,0.241025,28,24,84,279.09,0.7856,0.1549,0.015402,4.450
227510,520,468,988,232,12,50,23.06,0.9912,0.5244,0.176521,0,9,7,181.61,1.0000,0.0431,0.002107,4.347
227513,520,434,954,163,89,225,306.39,0.7944,0.5495,0.203681,12,13,67,272.93,0.9018,0.1048,0.007712,4.396
227526,520,427,947,244,18,96,11.46,0.9829,0.5601,0.205137,20,16,48,285.06,0.6217,0.0986,0.007327,4.451
227538,520,430,950,217,70,106,9.85,0.7839,0.5473,0.201750,14,18,53,273.76,0.6978,0.1019,0.007830,4.353
227549,520,431,951,125,100,250,285.76,0.9402,0.5453,0.203761,31,17,17,19.40,0.3004,0.0965,0.007327,4.427
227552,520,439,959,239,4,91,11.93,0.9959,0.5451,0.191962,0,3,73,264.20,0.9934,0.0895,0.005461,4.363
227556,520,445,965,242,3,22,27.72,0.9986,0.5414,0.190038,11,4,57,277.27,0.9474,0.0788,0.004534,4.402
227560,520,366,886,245,14,204,338.27,0.9918,0.6057,0.240893,40,0,113,284.85,1.0000,0.1727,0.016433,4.379
227566,520,451,971,226,34,131,357.21,0.9194,0.5415,0.189542,8,4,48,276.75,0.9290,0.0670,0.003518,4.476
227567,520,406,926,247,51,49,27.24,0.9658,0.5758,0.223671,12,17,83,270.05,0.9327,0.1298,0.011035,4.484
227584,520,480,1000,153,70,224,304.97,0.8391,0.5082,0.165349,0,0,0,0.00,0.0000,0.0000,0.000000,4.307
227598,520,309,829,255,32,255,328.28,1.0000,0.6607,0.295161,31,56,57,198.99,0.3678,0.2208,0.034150,4.102
227608,520,361,881,237,3,253,324.81,0.9991,0.6214,0.251640,9,22,120,266.50,0.9711,0.1833,0.019878,4.317
227615,520,384,904,245,67,79,22.09,0.9359,0.5907,0.239946,48,31,19,55.82,0.4056,0.1540,0.016554,4.357
227627,520,471,991,124,89,243,288.14,0.8976,0.5191,0.179007,6,7,9,262.00,0.1091,0.0447,0.002104,4.395
227636,520,307,827,205,130,225,318.97,0.7299,0.6730,0.343817,8,59,82,233.96,0.8381,0.2337,0.037886,4.481
227645,520,446,966,215,70,94,14.82,0.7893,0.5404,0.196379,11,12,45,276.28,0.7317,0.0808,0.005235,4.461
227652,520,423,943,225,50,161,347.24,0.8763,0.5632,0.208645,33,17,39,316.31,0.4849,0.1092,0.008707,4.406
227660,520,473,993,203,73,67,26.24,0.7884,0.5162,0.178689,2,1,23,275.47,0.9451,0.0320,0.000965,4.487
227675,520,321,841,199,118,227,316.89,0.7647,0.6451,0.306461,22,43,106,266.01,0.8168,0.2141,0.029388,4.490
227676,520,455,975,174,86,183,323.81,0.6666,0.5319,0.190741,3,17,3,143.43,0.9166,0.0649,0.004268,4.436
227690,520,443,963,187,14,248,313.16,0.9905,0.5371,0.176574,33,5,22,346.05,0.6820,0.0796,0.004899,4.127
227697,520,420,940,199,57,218,322.68,0.8903,0.5574,0.201319,54,1,16,10.36,0.9493,0.1121,0.008435,4.301
227719,520,370,890,218,74,228,325.13,0.8991,0.6113,0.254063,57,33,19,50.37,0.4923,0.1724,0.020047,4.341
227724,520,293,813,232,120,189,344.04,0.7543,0.6750,0.342650,11,59,91,243.54,0.8011,0.2405,0.039542,4.385
227751,520,382,902,182,97,250,306.87,0.9413,0.6044,0.253973,7,42,53,223.21,0.7620,0.1632,0.019580,4.369
227766,520,326,846,244,79,210,337.22,0.9318,0.6482,0.294810,28,52,61,224.08,0.4006,0.2086,0.030397,4.289
227769,520,464,984,228,27,61,20.94,0.9690,0.5229,0.176177,9,11,0,115.89,1.0000,0.0537,0.002974,4.270
227780,520,261,781,254,98,248,329.29,0.9962,0.7066,0.365863,66,59,79,300.70,0.2286,0.2720,0.048507,4.222
227811,520,471,991,141,77,243,296.00,0.9100,0.5190,0.174417,15,2,0,42.84,1.0000,0.0382,0.001450,4.362
227816,520,423,943,233,65,47,30.05,0.9242,0.5607,0.213125,26,19,48,292.13,0.5426,0.1108,0.008988,4.461
227837,520,379,899,233,46,209,334.35,0.9459,0.6005,0.238837,64,13,41,350.88,0.7168,0.1566,0.015381,4.418
227840,520,360,880,243,71,179,346.50,0.9024,0.6229,0.268188,21,44,68,251.06,0.5436,0.1848,0.023781,4.313
227847,520,369,889,206,102,192,332.62,0.6935,0.6091,0.264319,11,42,64,243.38,0.6955,0.1715,0.020971,4.429
227855,520,421,941,201,72,194,330.02,0.7977,0.5608,0.209489,19,24,45,272.32,0.4410,0.1136,0.009812,4.338
227884,520,471,991,169,60,225,311.24,0.8737,0.5195,0.171038,4,7,6,174.71,0.1967,0.0417,0.001909,4.258
227894,520,465,985,218,31,121,359.06,0.9140,0.5201,0.172684,11,8,9,354.68,0.1064,0.0516,0.002645,4.230
227898,520,428,948,186,59,248,311.50,0.9587,0.5620,0.203454,0,29,22,174.15,1.0000,0.1044,0.009366,4.269
227915,520,465,985,177,55,219,315.65,0.8781,0.5216,0.171950,3,13,5,150.83,0.6926,0.0549,0.003182,4.173
227916,520,409,929,226,59,154,350.51,0.8468,0.5696,0.216324,8,27,63,261.57,0.7870,0.1281,0.011943,4.299
227930,520,435,955,225,4,177,341.18,0.9938,0.5509,0.192713,24,14,27,318.24,0.3666,0.0851,0.005874,4.344
227943,520,421,941,236,8,141,354.95,0.9889,0.5560,0.199327,29,13,53,297.99,0.7023,0.1070,0.008061,4.294
227951,520,431,951,232,61,3,35.02,0.9963,0.5519,0.205029,13,27,1,131.73,0.9671,0.1005,0.008716,4.343
227961,520,479,999,224,17,49,23.10,0.9844,0.5085,0.164728,0,0,6,264.05,1.0000,0.0126,0.000131,4.283
227968,520,13,533,255,252,190,105.45,1.0000,0.9752,0.945990,20,135,47,146.09,0.9859,0.4728,0.176812,4.391
227969,520,430,950,218,3,194,334.63,0.9957,0.5475,0.188679,11,21,39,261.43,0.5001,0.0963,0.007539,4.148
227975,520,344,864,234,61,242,326.11,0.9557,0.6339,0.272431,35,48,30,137.22,0.3830,0.1893,0.025649,4.262
227984,520,343,863,247,85,147,0.53,0.8980,0.6325,0.283809,31,47,55,230.37,0.2810,0.1926,0.026001,4.392
227986,520,462,982,232,6,100,8.04,0.9917,0.5332,0.182092,5,8,9,216.83,0.1604,0.0462,0.002257,4.441
227991,520,244,764,227,144,237,323.05,0.8470,0.7322,0.423933,2,78,46,157.68,0.9919,0.2787,0.056587,4.446
227996,520,378,898,169,104,248,301.71,0.9042,0.5979,0.251133,32,36,51,272.74,0.2598,0.1602,0.018078,4.423
227999,520,448,968,224,31,136,354.85,0.9248,0.5379,0.186075,11,17,20,229.83,0.1943,0.0761,0.005225,4.275
228023,520,317,837,234,94,232,328.25,0.9070,0.6619,0.313263,27,53,79,249.99,0.5262,0.2214,0.033436,4.354
228024,520,459,979,232,33,38,26.98,0.9718,0.5315,0.183865,12,7,24,295.71,0.5227,0.0569,0.002961,4.416
228026,520,466,986,206,26,169,339.09,0.9247,0.5168,0.167272,18,4,18,327.43,0.5945,0.0538,0.002591,4.131
228041,520,477,997,202,47,141,348.65,0.8195,0.5085,0.165147,4,0,6,318.71,1.0000,0.0204,0.000390,4.270
228048,520,392,912,221,46,228,326.39,0.9510,0.5920,0.229297,60,3,66,323.68,0.8898,0.1544,0.014193,4.351
228063,520,462,982,178,20,249,310.30,0.9846,0.5258,0.168058,16,5,0,61.72,1.0000,0.0470,0.002187,4.178
228070,520,422,942,197,82,174,336.05,0.7106,0.5561,0.209625,9,16,66,269.62,0.8947,0.1073,0.008220,4.459
228085,520,319,839,216,135,67,58.16,0.7401,0.6464,0.323340,13,60,28,150.07,0.9320,0.2153,0.034010,4.444
228092,520,336,856,224,85,239,323.70,0.9249,0.6400,0.285782,57,42,34,49.39,0.2480,0.1983,0.026414,4.394
228099,520,477,997,189,48,177,331.86,0.8284,0.5054,0.161086,1,0,11,279.92,1.0000,0.0185,0.000306,4.196
228106,520,475,995,214,13,162,343.22,0.9695,0.5235,0.171950,2,5,0,129.93,1.0000,0.0318,0.001214,4.334
228113,520,453,973,225,46,91,12.92,0.8994,0.5349,0.187196,0,13,39,257.19,0.9999,0.0700,0.004343,4.365
228120,520,368,888,200,94,225,319.60,0.8204,0.6073,0.257223,80,5,8,25.97,0.9589,0.1736,0.018319,4.497
228122,520,386,906,228,95,4,44.89,0.9922,0.5884,0.246898,28,34,54,270.72,0.3555,0.1529,0.016572,4.460
228145,520,398,918,237,23,174,345.02,0.9713,0.5771,0.216763,9,7,105,267.91,0.9892,0.1443,0.012299,4.282
228150,520,388,908,235,25,197,337.96,0.9744,0.5865,0.223914,9,3,115,267.37,0.9965,0.1547,0.013609,4.306
228151,520,432,952,170,75,241,306.81,0.9027,0.5513,0.199297,35,18,1,66.88,0.8799,0.1007,0.007922,4.304
228152,520,402,922,179,95,227,311.38,0.7982,0.5812,0.233150,8,35,23,161.46,0.7532,0.1280,0.013155,4.483
228155,520,446,966,185,38,245,312.72,0.9600,0.5418,0.182942,7,20,1,134.33,0.9584,0.0758,0.005477,4.199
228167,520,262,782,181,153,252,295.80,0.8985,0.7056,0.396346,3,75,22,146.46,0.9944,0.2637,0.051092,4.415
228175,520,373,893,237,92,20,41.35,0.9708,0.6004,0.257123,1,46,19,151.83,0.9924,0.1610,0.020074,4.383
228177,520,472,992,193,32,201,325.97,0.9260,0.5169,0.165891,12,0,1,16.52,1.0000,0.0287,0.000804,4.250
228179,520,419,939,249,17,43,25.43,0.9919,0.5613,0.207187,29,13,57,295.38,0.7325,0.1104,0.008445,4.401
228188,520,466,986,202,81,3,43.96,0.9889,0.5201,0.184500,11,8,16,301.81,0.2888,0.0541,0.002822,4.439
228189,520,393,913,249,53,94,15.50,0.9568,0.5888,0.234976,4,37,49,226.69,0.8181,0.1442,0.015706,4.337
228196,520,210,730,136,191,251,251.32,0.8811,0.7550,0.494595,24,88,21,142.44,0.9663,0.3138,0.072275,4.454
228205,520,469,989,197,38,191,329.91,0.8965,0.5207,0.170198,8,4,21,293.59,0.6247,0.0448,0.001926,4.241
228231,520,397,917,197,73,229,318.63,0.8739,0.5785,0.222939,7,39,2,140.39,0.9861,0.1366,0.015005,4.199
228233,520,285,805,192,140,249,304.76,0.8744,0.6897,0.368027,43,66,33,136.80,0.5911,0.2531,0.045197,4.391
228234,520,283,803,237,142,15,63.93,0.9777,0.6872,0.373875,24,70,34,148.13,0.8780,0.2549,0.046898,4.374
228241,520,463,983,227,28,86,13.12,0.9536,0.5263,0.178362,16,5,12,340.84,0.4380,0.0511,0.002453,4.354
228242,520,453,973,205,74,95,14.23,0.7357,0.5274,0.187050,4,13,40,264.72,0.7899,0.0738,0.004668,4.336
228252,520,310,830,214,109,244,318.24,0.9139,0.6608,0.317665,59,46,63,318.14,0.2525,0.2227,0.032427,4.460
228259,520,463,983,184,29,242,313.33,0.9708,0.5327,0.174810,11,8,9,354.68,0.1064,0.0516,0.002645,4.270
228261,520,455,975,203,44,182,334.36,0.8714,0.5298,0.178772,2,6,45,266.98,0.9462,0.0631,0.003326,4.290
228269,520,327,847,254,43,231,333.57,0.9957,0.6488,0.285713,19,41,111,265.92,0.8697,0.2130,0.028719,4.265
228273,520,453,973,164,69,228,308.14,0.8570,0.5251,0.177509,25,5,24,329.47,0.6418,0.0682,0.003812,4.228
228279,520,362,882,247,27,203,339.06,0.9813,0.6127,0.248730,10,47,47,195.08,0.7312,0.1771,0.023027,4.091
228302,520,399,919,198,96,185,332.38,0.6772,0.5842,0.238758,15,36,30,173.11,0.4875,0.1372,0.014570,4.472
228305,520,387,907,210,70,216,326.17,0.8697,0.5866,0.230416,65,14,7,31.19,0.8625,0.1499,0.014534,4.345
228310,520,431,951,207,87,93,19.76,0.6947,0.5494,0.208742,49,3,17,7.69,0.8465,0.1046,0.007587,4.493
228316,520,352,872,244,89,98,20.51,0.8964,0.6185,0.272628,3,47,70,237.88,0.8937,0.1877,0.024945,4.305
228328,520,311,831,172,137,241,297.94,0.7774,0.6573,0.330130,45,56,34,129.97,0.3836,0.2240,0.035017,4.471
228337,520,455,975,217,64,46,30.31,0.9000,0.5283,0.186183,10,12,20,273.40,0.2621,0.0635,0.003780,4.392
228341,520,312,832,228,121,166,354.71,0.6803,0.6616,0.329240,29,59,32,146.22,0.6664,0.2205,0.034933,4.465
228342,520,447,967,201,83,106,10.87,0.6698,0.5364,0.196465,12,10,49,278.08,0.8022,0.0816,0.005170,4.467
228352,520,343,863,243,10,252,326.36,0.9975,0.6321,0.263028,51,39,44,351.51,0.1697,0.1862,0.023367,4.267
228358,520,409,929,233,72,55,29.74,0.9031,0.5695,0.222371,61,5,25,5.40,0.8302,0.1350,0.011710,4.414
228362,520,341,861,255,45,182,347.04,1.0000,0.6254,0.265176,33,20,127,275.70,0.9483,0.2033,0.023558,4.285
228389,520,341,861,212,89,246,318.24,0.9416,0.6316,0.277972,54,45,23,87.87,0.4516,0.1995,0.027230,4.247
228392,520,452,972,176,86,166,331.66,0.6248,0.5253,0.186400,6,17,3,137.43,0.8206,0.0672,0.004462,4.341
228395,520,343,863,229,88,203,335.64,0.8416,0.6304,0.279515,46,45,11,107.59,0.7139,0.1878,0.024818,4.404
228398,520,420,940,172,97,202,315.48,0.6757,0.5587,0.215851,42,19,1,58.61,0.8914,0.1139,0.009602,4.460
228404,520,278,798,240,133,138,17.83,0.7543,0.6915,0.371378,16,70,15,142.77,0.9695,0.2487,0.045248,4.424
228412,520,442,962,237,32,24,29.04,0.9784,0.5405,0.191067,14,6,56,280.19,0.9003,0.0834,0.005091,4.376
228421,520,433,953,245,22,9,29.58,0.9936,0.5523,0.200096,40,8,33,337.36,0.6747,0.1017,0.007347,4.361
228423,520,278,798,218,138,200,335.43,0.6309,0.6922,0.372540,20,69,33,149.01,0.9086,0.2496,0.045146,4.441
228449,520,63,583,248,234,135,101.32,0.8817,0.9156,0.805523,73,116,39,133.75,0.8475,0.4326,0.140534,4.490
228450,520,480,1000,172,63,206,316.98,0.8188,0.5126,0.167829,0,0,0,0.00,0.0000,0.0000,0.000000,4.357
228459,520,427,947,239,52,15,32.32,0.9858,0.5580,0.208445,14,23,23,196.12,0.2228,0.0953,0.007680,4.481
228482,520,479,999,217,12,120,358.40,0.9709,0.5101,0.163733,1,0,3,302.89,1.0000,0.0124,0.000130,4.264
228496,520,452,972,213,49,133,354.68,0.8365,0.5276,0.180385,16,8,40,289.71,0.7129,0.0737,0.004370,4.237
228503,520,424,944,238,51,29,30.67,0.9670,0.5558,0.206367,53,4,4,26.92,0.9303,0.1115,0.008526,4.380
228515,520,0,520,255,255,255,0.00,0.0000,1.0000,1.000000,20,138,5,141.90,0.9975,0.4795,0.183359,4.500
228529,520,403,923,252,42,14,30.84,0.9908,0.5772,0.223868,1,26,71,259.83,0.9721,0.1297,0.012001,4.417
228540,520,470,990,216,38,121,359.12,0.8848,0.5204,0.173681,13,2,13,327.63,0.6564,0.0408,0.001581,4.337
228541,520,426,946,235,25,146,353.50,0.9591,0.5610,0.204357,4,29,37,222.18,0.7467,0.1132,0.010381,4.213
228560,520,378,898,227,22,241,325.03,0.9887,0.5997,0.232579,9,46,18,148.09,0.9338,0.1639,0.020557,4.005
228563,520,349,869,235,54,238,327.40,0.9608,0.6276,0.264760,14,54,26,150.08,0.8985,0.1947,0.028062,4.032
228610,520,380,900,243,54,165,350.19,0.9135,0.6015,0.244127,2,36,76,255.20,0.9340,0.1604,0.017964,4.328
228611,520,398,918,252,47,1,32.15,0.9993,0.5802,0.227344,55,17,14,27.21,0.6737,0.1356,0.012450,4.441
228624,520,467,987,229,2,73,16.27,0.9978,0.5194,0.171855,20,0,4,6.32,1.0000,0.0416,0.001575,4.302
228629,520,478,998,151,84,203,307.63,0.7181,0.5099,0.172322,3,1,7,302.32,0.6483,0.0233,0.000564,4.397
228630,520,423,943,198,8,255,314.75,1.0000,0.5593,0.194009,26,21,38,296.94,0.3569,0.1086,0.008959,4.139
228648,520,399,919,252,38,64,22.60,0.9849,0.5791,0.224555,40,19,64,302.09,0.6758,0.1403,0.012870,4.367
228654,520,479,999,218,22,113,1.55,0.9456,0.5129,0.166741,2,0,3,318.71,1.0000,0.0147,0.000195,4.318
228659,520,393,913,206,101,144,355.95,0.6068,0.5861,0.244446,11,40,18,148.91,0.8567,0.1445,0.016323,4.440
228685,520,446,966,194,50,208,324.05,0.8843,0.5361,0.183061,30,6,32,324.64,0.6845,0.0819,0.005106,4.229
228697,520,418,938,212,79,133,358.32,0.7239,0.5587,0.212846,32,28,17,90.39,0.2943,0.1245,0.011781,4.255
228704,520,441,961,215,29,172,340.51,0.9299,0.5368,0.183067,13,11,60,275.87,0.8732,0.0948,0.006511,4.124
228717,520,297,817,232,118,215,333.16,0.8359,0.6838,0.350210,6,67,46,163.71,0.9550,0.2421,0.042501,4.327
228720,520,433,953,233,23,125,0.18,0.9608,0.5480,0.194201,1,28,6,147.80,0.9869,0.0976,0.008501,4.174
228740,520,388,908,222,60,210,331.31,0.9028,0.5929,0.234167,42,34,18,83.88,0.4019,0.1532,0.016800,4.254
228743,520,345,865,236,63,222,331.65,0.9354,0.6263,0.266644,11,29,113,266.35,0.9448,0.1869,0.021420,4.434
228768,520,466,986,193,62,172,334.95,0.7784,0.5232,0.177629,3,8,17,254.60,0.4869,0.0475,0.002335,4.349
228771,520,471,991,181,71,178,328.77,0.7339,0.5179,0.175458,2,5,13,259.21,0.5151,0.0372,0.001505,4.377
228785,520,446,966,203,17,222,323.45,0.9815,0.5432,0.183731,39,3,8,15.99,0.8360,0.0823,0.005141,4.239
228794,520,430,950,214,14,205,330.66,0.9825,0.5497,0.190201,24,16,48,291.55,0.6075,0.1026,0.007782,4.157
228800,520,369,889,238,60,199,338.57,0.9182,0.6140,0.255351,7,32,98,263.95,0.9302,0.1742,0.019599,4.387
228806,520,478,998,208,66,42,32.11,0.8897,0.5128,0.174758,1,3,0,132.12,1.0000,0.0241,0.000716,4.432
228808,520,423,943,224,61,124,1.93,0.8286,0.5561,0.206426,17,18,56,276.97,0.7016,0.1068,0.008373,4.393
228829,520,419,939,246,34,30,28.50,0.9795,0.5609,0.208342,52,1,11,15.43,0.9588,0.1065,0.007761,4.473
228838,520,417,937,234,10,186,340.70,0.9897,0.5742,0.212575,6,21,74,265.66,0.9131,0.1241,0.010694,4.326
228845,520,332,852,234,117,72,40.97,0.8175,0.6401,0.306855,34,54,16,132.48,0.7855,0.2046,0.030158,4.452
228847,520,457,977,199,43,193,329.87,0.8856,0.5290,0.177219,7,11,29,271.18,0.5483,0.0640,0.003732,4.229
228859,520,465,985,158,83,211,308.60,0.7537,0.5234,0.181593,10,4,20,301.21,0.6019,0.0461,0.002019,4.452
228866,520,409,929,199,98,135,358.52,0.5852,0.5668,0.226284,18,34,7,134.39,0.8290,0.1269,0.012880,4.394
228869,520,311,831,235,112,172,351.62,0.7653,0.6597,0.322315,32,50,91,264.64,0.5684,0.2248,0.033435,4.462
228870,520,401,921,196,63,251,313.63,0.9753,0.5829,0.222571,49,23,13,41.43,0.5533,0.1360,0.012949,4.330
228880,520,470,990,197,29,200,327.41,0.9368,0.5216,0.169209,0,9,5,168.49,1.0000,0.0424,0.002063,4.210
228912,520,324,844,254,34,232,333.31,0.9958,0.6451,0.280443,92,13,2,32.07,0.9787,0.2071,0.025679,4.366
228922,520,323,843,151,141,242,286.49,0.7851,0.6455,0.320396,4,61,20,147.51,0.9871,0.2146,0.034137,4.402
228935,520,410,930,222,61,159,347.85,0.8324,0.5665,0.213727,5,30,60,254.81,0.8006,0.1320,0.012870,4.195
228939,520,361,881,253,6,209,338.68,0.9974,0.6219,0.256197,74,22,22,23.61,0.7109,0.1824,0.020878,4.320
228950,520,420,940,250,11,16,28.61,0.9960,0.5601,0.206045,52,0,25,357.20,1.0000,0.1095,0.008004,4.414
228960,520,430,950,182,78,209,318.79,0.7859,0.5485,0.199984,22,11,55,288.23,0.7696,0.0977,0.006857,4.397
228961,520,331,851,240,65,236,329.03,0.9517,0.6432,0.283646,13,56,1,139.70,0.9963,0.1976,0.029160,4.215
228982,520,361,881,247,40,199,340.30,0.9644,0.6164,0.254184,2,47,62,226.22,0.9316,0.1823,0.023936,4.114
229011,520,350,870,251,18,224,334.55,0.9931,0.6295,0.263268,20,25,114,270.22,0.9403,0.1852,0.020588,4.438
229016,520,373,893,226,71,185,340.25,0.8444,0.5963,0.241804,20,27,90,271.34,0.8563,0.1610,0.016707,4.374
229017,520,328,848,251,10,255,327.48,1.0000,0.6480,0.279493,55,46,35,72.39,0.2246,0.2065,0.028876,4.177
229036,520,377,897,187,106,206,319.77,0.6777,0.5965,0.253301,15,36,74,261.15,0.7106,0.1640,0.018576,4.423
229042,520,477,997,206,69,30,35.81,0.9173,0.5117,0.174740,3,1,0,66.15,1.0000,0.0193,0.000411,4.458
229044,520,449,969,191,68,192,327.48,0.7899,0.5387,0.190178,23,13,8,48.10,0.3354,0.0749,0.004876,4.377
229066,520,418,938,249,9,79,16.79,0.9942,0.5646,0.209033,19,32,10,133.97,0.6691,0.1219,0.011934,4.182
229069,520,359,879,219,72,239,322.65,0.9290,0.6180,0.259287,50,34,57,315.22,0.3721,0.1792,0.021176,4.345
229076,520,293,813,245,89,249,326.80,0.9771,0.6829,0.333993,55,57,48,117.41,0.1283,0.2411,0.039519,4.290
229078,520,475,995,201,78,35,38.40,0.8749,0.5154,0.179897,2,5,0,129.93,1.0000,0.0318,0.001214,4.489
229080,520,473,993,216,31,130,355.28,0.9087,0.5196,0.171931,0,3,11,252.27,0.9999,0.0281,0.000893,4.361
229081,520,208,728,227,173,157,37.14,0.4933,0.7594,0.486538,4,88,9,143.15,0.9961,0.3081,0.070247,4.462
229084,520,370,890,222,41,255,320.47,1.0000,0.6100,0.243375,44,31,61,302.79,0.4536,0.1671,0.018524,4.281
229088,520,467,987,216,33,126,356.88,0.9019,0.5191,0.171955,17,3,0,46.85,1.0000,0.0434,0.001843,4.281
229107,520,462,982,209,47,151,346.67,0.8401,0.5263,0.178249,7,8,3,116.05,0.3794,0.0460,0.002254,4.368
229131,520,357,877,246,89,86,24.90,0.9254,0.6197,0.274127,2,42,78,250.77,0.9257,0.1786,0.022188,4.490
229140,520,441,961,152,87,230,301.26,0.8193,0.5363,0.192053,15,14,44,280.51,0.6412,0.0870,0.005975,4.324
229153,520,419,939,242,1,126,0.90,0.9988,0.5611,0.204086,39,19,13,37.49,0.4542,0.1114,0.009262,4.288
229173,520,198,718,219,186,87,90.94,0.7272,0.7656,0.508672,13,91,12,142.63,0.9879,0.3203,0.075940,4.436
229184,520,344,864,211,80,255,316.28,1.0000,0.6257,0.268077,34,33,97,277.84,0.7467,0.1910,0.022908,4.363
229192,520,448,968,169,77,226,309.69,0.8331,0.5408,0.192345,1,7,61,265.06,0.9735,0.0815,0.004953,4.410
229193,520,410,930,170,107,191,317.30,0.5812,0.5673,0.228237,12,34,24,162.28,0.5899,0.1271,0.012881,4.425
229201,520,467,987,215,50,85,14.49,0.8681,0.5168,0.173866,14,0,24,311.09,1.0000,0.0431,0.001593,4.339
229203,520,421,941,216,53,180,338.69,0.8646,0.5590,0.204426,47,12,1,41.28,0.9253,0.1100,0.008696,4.335
229215,520,360,880,245,5,231,331.55,0.9982,0.6206,0.252935,52,35,54,322.97,0.3336,0.1825,0.021985,4.208
229217,520,480,1000,219,40,68,19.49,0.9266,0.5131,0.169977,0,0,0,0.00,0.0000,0.0000,0.000000,4.400
229218,520,330,850,228,121,57,48.68,0.8306,0.6359,0.304665,15,57,45,170.63,0.7681,0.2108,0.032171,4.316
229233,520,375,895,240,8,206,336.61,0.9948,0.5965,0.231581,33,37,49,270.40,0.2119,0.1627,0.018682,4.100
229239,520,249,769,230,155,141,30.99,0.6066,0.7209,0.421906,51,72,58,155.18,0.2974,0.2850,0.056439,4.434
229240,520,371,891,228,79,183,341.84,0.8248,0.6077,0.255073,8,25,110,266.07,0.9570,0.1749,0.018725,4.439
229246,520,477,997,191,18,203,324.99,0.9650,0.5085,0.158223,1,1,6,278.68,0.6638,0.0197,0.000413,4.130
229275,520,374,894,255,11,147,356.75,1.0000,0.5970,0.236096,10,45,1,139.41,0.9942,0.1583,0.019434,4.120
229282,520,455,975,197,9,220,322.38,0.9894,0.5293,0.172346,11,10,13,300.75,0.1082,0.0572,0.003173,4.182
229316,520,459,979,233,26,21,28.87,0.9832,0.5288,0.181197,18,8,8,19.45,0.3064,0.0586,0.003198,4.346
229321,520,237,757,214,159,195,339.83,0.4719,0.7268,0.430337,32,81,10,138.37,0.9770,0.2924,0.062136,4.284
229326,520,430,950,235,38,108,7.40,0.9319,0.5540,0.201342,4,17,60,264.94,0.9027,0.1002,0.007529,4.369
229335,520,416,936,254,1,78,17.30,0.9994,0.5734,0.216464,59,4,1,30.82,0.9769,0.1240,0.010190,4.427
229350,520,445,965,210,35,185,335.28,0.9159,0.5383,0.184086,0,14,52,261.06,1.0000,0.0836,0.005620,4.209
229362,520,454,974,229,3,126,358.50,0.9946,0.5349,0.182324,14,14,4,108.65,0.4872,0.0662,0.004162,4.289
229375,520,471,991,228,19,32,26.82,0.9867,0.5160,0.170670,16,0,18,324.67,1.0000,0.0418,0.001538,4.282
229386,520,467,987,120,88,250,286.02,0.9542,0.5197,0.178743,7,5,9,309.19,0.2314,0.0407,0.001734,4.421
229388,520,362,882,246,85,8,39.19,0.9923,0.6069,0.261107,14,29,108,267.36,0.9307,0.1821,0.020547,4.410
229414,520,455,975,223,45,95,11.05,0.8939,0.5311,0.183937,20,9,13,356.24,0.3167,0.0646,0.003732,4.354
229418,520,477,997,217,19,110,2.33,0.9540,0.5087,0.163458,4,0,0,29.23,1.0000,0.0164,0.000258,4.247
229419,520,436,956,213,38,192,334.02,0.9193,0.5497,0.193403,39,4,29,341.27,0.7572,0.0917,0.006069,4.341
229426,520,441,961,156,83,237,301.86,0.8637,0.5408,0.193692,13,11,58,276.34,0.8593,0.0927,0.006304,4.328
229431,520,329,849,248,109,69,36.75,0.9342,0.6495,0.313265,9,61,0,140.75,1.0000,0.2137,0.033954,4.327
229432,520,385,905,230,62,186,340.64,0.8803,0.5949,0.238160,23,34,59,265.08,0.4699,0.1522,0.016419,4.338
229455,520,472,992,198,10,202,327.25,0.9827,0.5179,0.164889,10,0,4,349.81,1.0000,0.0276,0.000733,4.236
229458,520,396,916,206,56,231,321.42,0.9231,0.5770,0.217213,10,40,20,151.61,0.8485,0.1445,0.016326,4.029
229461,520,447,967,227,6,140,353.38,0.9887,0.5371,0.183574,11,18,31,262.21,0.3945,0.0839,0.006027,4.169
229481,520,399,919,203,82,197,329.63,0.7751,0.5783,0.227640,46,28,14,57.80,0.4906,0.1427,0.014431,4.309
229494,520,470,990,189,71,151,342.45,0.7044,0.5163,0.175612,3,6,12,256.22,0.3770,0.0404,0.001761,4.359
229505,520,337,857,231,61,251,323.24,0.9836,0.6352,0.272937,3,58,16,146.53,0.9905,0.2032,0.030827,3.995
229512,520,475,995,222,45,67,20.73,0.9206,0.5229,0.178143,4,1,16,292.19,0.8206,0.0295,0.000849,4.487
229518,520,409,929,248,37,73,19.95,0.9668,0.5718,0.217642,24,29,36,256.81,0.1751,0.1258,0.012003,4.317
229533,520,421,941,221,72,105,11.29,0.7926,0.5569,0.210293,5,19,60,264.70,0.8784,0.1050,0.008242,4.469
229544,520,372,892,236,17,237,328.09,0.9928,0.6110,0.243508,37,34,64,286.72,0.4392,0.1682,0.019075,4.249
229546,520,454,974,190,62,190,327.88,0.8046,0.5290,0.181116,11,10,41,279.06,0.7164,0.0738,0.004483,4.242
229547,520,187,707,231,180,205,347.70,0.5312,0.7942,0.540404,22,93,44,149.40,0.9486,0.3336,0.081808,4.479
229554,520,387,907,223,51,214,330.49,0.9288,0.5897,0.229129,20,25,85,272.44,0.8439,0.1517,0.014998,4.294
229555,520,322,842,254,72,195,343.93,0.9912,0.6506,0.296489,4,45,102,258.37,0.9424,0.2086,0.028617,4.407
229566,520,475,995,216,59,17,34.41,0.9705,0.5184,0.177699,2,3,3,196.47,0.1299,0.0269,0.000846,4.478
229570,520,376,896,228,36,234,326.79,0.9737,0.6022,0.236986,14,5,118,268.91,0.9934,0.1634,0.015098,4.409
229590,520,429,949,217,44,168,342.65,0.8820,0.5474,0.193826,18,0,73,279.93,1.0000,0.0975,0.006096,4.347
229602,520,269,789,248,133,117,29.19,0.8903,0.6983,0.380187,63,64,1,110.75,0.9835,0.2620,0.047258,4.423
229609,520,460,980,186,83,150,343.02,0.6351,0.5281,0.188290,24,5,11,0.48,0.5665,0.0613,0.003269,4.473
229622,520,425,945,180,90,209,317.23,0.7401,0.5628,0.216200,31,25,4,94.08,0.7277,0.1127,0.009954,4.440
229630,520,391,911,251,51,62,24.47,0.9793,0.5855,0.232283,8,13,108,267.14,0.9815,0.1545,0.014221,4.396
229640,520,480,1000,187,6,221,319.38,0.9922,0.5124,0.159169,0,0,0,0.00,0.0000,0.0000,0.000000,4.183
229652,520,453,973,170,91,177,324.20,0.6161,0.5308,0.192034,24,10,12,10.89,0.3646,0.0713,0.004378,4.451
229670,520,352,872,244,62,186,344.02,0.9214,0.6196,0.262265,15,54,24,148.22,0.9023,0.1947,0.028057,4.000
229671,520,466,986,74,103,254,269.63,0.9948,0.5162,0.183112,23,3,3,23.93,0.7356,0.0530,0.002539,4.437
229681,520,454,974,143,86,237,296.60,0.8575,0.5297,0.186098,4,16,19,213.93,0.5070,0.0680,0.004434,4.337
229697,520,376,896,247,23,173,347.48,0.9787,0.5957,0.234074,28,27,84,277.76,0.7535,0.1608,0.016708,4.258
229703,520,342,862,245,3,248,327.70,0.9992,0.6316,0.262578,4,42,89,256.49,0.9153,0.1887,0.024029,4.222
229733,520,442,962,208,39,184,335.08,0.8990,0.5365,0.183237,25,12,23,332.43,0.3837,0.0805,0.005315,4.217
229756,520,473,993,179,1,245,311.69,0.9992,0.5189,0.161990,2,1,16,280.21,0.8731,0.0270,0.000720,4.180
229758,520,451,971,161,65,251,302.59,0.9707,0.5358,0.183232,13,12,29,284.57,0.4546,0.0707,0.004372,4.290
229781,520,370,890,247,46,180,345.96,0.9454,0.6102,0.250266,13,27,105,267.44,0.9349,0.1743,0.018892,4.358
229783,520,418,938,182,109,133,359.15,0.4431,0.5606,0.225770,24,31,9,124.13,0.6147,0.1229,0.011939,4.452
229808,520,425,945,197,98,120,7.48,0.5728,0.5584,0.219634,13,29,16,148.91,0.5479,0.1098,0.010017,4.493
229824,520,374,894,232,93,97,21.46,0.8087,0.6027,0.258503,6,45,31,164.62,0.8929,0.1627,0.020143,4.398
229837,520,468,988,204,48,158,342.82,0.8309,0.5214,0.174219,13,2,8,343.34,0.6064,0.0388,0.001465,4.357
229844,520,404,924,205,93,155,348.17,0.6535,0.5761,0.231762,30,30,33,285.96,0.0597,0.1330,0.013144,4.462
229845,520,337,857,232,100,185,343.64,0.7971,0.6425,0.297753,26,51,45,176.75,0.4276,0.1969,0.027766,4.472
229846,520,385,905,200,71,236,317.90,0.9028,0.5858,0.228434,26,35,47,255.76,0.2729,0.1498,0.016269,4.202
229854,520,352,872,214,102,184,338.70,0.6991,0.6171,0.272614,0,45,83,249.97,1.0000,0.1905,0.025012,4.301
229861,520,301,821,179,136,253,299.05,0.9418,0.6702,0.342841,5,65,4,142.48,0.9917,0.2271,0.038215,4.453
229875,520,258,778,206,161,161,18.42,0.3253,0.7097,0.411858,32,72,60,171.52,0.5675,0.2729,0.052679,4.498
229896,520,441,961,208,11,201,330.19,0.9836,0.5354,0.178683,19,20,10,112.90,0.3233,0.0875,0.006607,4.040
229905,520,382,902,250,74,59,29.06,0.9723,0.6047,0.255408,9,43,31,166.00,0.7968,0.1572,0.018847,4.436
229914,520,477,997,189,50,176,332.19,0.8198,0.5065,0.162362,4,1,5,320.09,0.5789,0.0237,0.000585,4.198
229934,520,409,929,194,89,182,331.99,0.6903,0.5658,0.219929,22,28,53,271.97,0.4704,0.1315,0.012581,4.313
229939,520,467,987,207,73,4,40.23,0.9889,0.5177,0.180415,4,4,10,283.18,0.3515,0.0353,0.001346,4.488
229948,520,462,982,223,11,147,350.24,0.9777,0.5333,0.180365,6,7,18,277.52,0.4140,0.0484,0.002343,4.401
229968,520,445,965,206,46,187,333.66,0.8771,0.5397,0.186656,31,3,33,325.31,0.7833,0.0789,0.004663,4.329
229970,520,457,977,237,0,24,27.31,1.0000,0.5300,0.180738,12,10,10,17.55,0.0591,0.0571,0.003172,4.339
229972,520,462,982,169,53,249,306.38,0.9651,0.5329,0.178215,19,3,2,29.54,0.7067,0.0469,0.002080,4.382
229977,520,470,990,216,56,49,27.71,0.9071,0.5180,0.176516,11,0,30,297.47,1.0000,0.0444,0.001649,4.386
229981,520,462,982,178,75,193,322.40,0.7483,0.5279,0.183485,5,12,6,149.11,0.4297,0.0545,0.003084,4.398
230006,520,449,969,221,10,162,344.87,0.9804,0.5364,0.182004,1,18,22,212.80,0.8575,0.0724,0.004970,4.221
230026,520,450,970,180,29,252,310.05,0.9857,0.5353,0.176113,27,1,33,320.18,0.8807,0.0691,0.003646,4.215
230069,520,362,882,249,0,198,340.67,1.0000,0.6073,0.242202,40,44,24,117.88,0.3968,0.1805,0.023184,3.993
230085,520,385,905,221,25,234,325.15,0.9824,0.5855,0.220101,71,7,0,32.68,1.0000,0.1540,0.014918,4.161
230086,520,470,990,197,22,197,328.28,0.9532,0.5163,0.164771,12,4,13,323.60,0.4726,0.0447,0.001941,4.135
230109,520,462,982,237,11,34,26.32,0.9940,0.5332,0.183626,17,6,0,65.24,1.0000,0.0506,0.002494,4.451
230123,520,467,987,206,73,2,40.52,0.9942,0.5158,0.178935,6,5,4,70.64,0.1035,0.0378,0.001560,4.440
230126,520,464,984,209,70,17,37.85,0.9592,0.5179,0.179784,19,4,13,343.46,0.5569,0.0529,0.002544,4.373
230140,520,480,1000,205,41,137,350.60,0.8470,0.5076,0.163733,0,0,0,0.00,0.0000,0.0000,0.000000,4.275
230180,520,421,941,229,19,179,341.64,0.9733,0.5631,0.203811,35,18,37,323.14,0.4474,0.1128,0.009235,4.285
230183,520,313,833,254,66,228,334.43,0.9951,0.6627,0.305718,16,44,112,263.82,0.8785,0.2197,0.030812,4.402
230186,520,253,773,212,146,233,317.76,0.7546,0.7156,0.404391,6,74,54,166.82,0.9595,0.2684,0.052024,4.454
230200,520,331,851,252,13,244,330.10,0.9968,0.6428,0.275180,3,50,70,232.72,0.9068,0.1969,0.027426,4.200
230227,520,467,987,195,53,172,335.41,0.8126,0.5174,0.171286,12,3,17,314.43,0.6217,0.0441,0.001838,4.269
230237,520,249,769,238,157,44,69.37,0.9113,0.7205,0.424752,58,72,21,123.15,0.7585,0.2827,0.055884,4.484
230243,520,417,937,249,34,26,29.00,0.9812,0.5669,0.213620,37,0,75,297.88,1.0000,0.1219,0.009013,4.467
230246,520,433,953,203,91,102,16.26,0.6468,0.5512,0.211399,35,19,1,69.87,0.8872,0.1029,0.008253,4.487
230249,520,392,912,214,66,221,326.02,0.8955,0.5922,0.234149,41,11,89,292.55,0.8847,0.1550,0.014320,4.418
230267,520,433,953,203,60,186,333.21,0.8248,0.5462,0.194752,41,10,8,26.86,0.6909,0.0973,0.007061,4.289
230272,520,448,968,217,73,36,35.03,0.9144,0.5383,0.196467,4,9,54,268.24,0.9336,0.0792,0.004875,4.491
230297,520,398,918,226,88,54,34.99,0.8678,0.5775,0.234172,6,38,18,152.50,0.9127,0.1356,0.014686,4.393
230310,520,447,967,237,28,66,20.30,0.9722,0.5431,0.192316,1,12,51,263.14,0.9595,0.0794,0.005084,4.399
230316,520,476,996,219,2,111,1.80,0.9954,0.5086,0.162538,4,0,9,309.30,1.0000,0.0221,0.000455,4.212
230331,520,426,946,236,42,103,9.67,0.9264,0.5571,0.204712,27,21,43,295.11,0.4327,0.1128,0.009438,4.285
230332,520,325,845,229,97,210,333.52,0.8410,0.6459,0.298627,84,30,0,45.03,1.0000,0.2123,0.028137,4.462
230347,520,436,956,226,63,94,14.58,0.8503,0.5532,0.205346,4,26,3,142.09,0.9596,0.0924,0.007711,4.425
230357,520,300,820,249,112,134,12.44,0.8868,0.6691,0.334523,7,64,31,152.16,0.9680,0.2280,0.038107,4.364
230366,520,423,943,207,65,190,333.13,0.8239,0.5605,0.207656,40,14,28,348.55,0.5213,0.1084,0.008491,4.405
230406,520,480,1000,216,29,119,359.28,0.9175,0.5143,0.168121,0,0,0,0.00,0.0000,0.0000,0.000000,4.362
230410,520,446,966,190,60,213,321.18,0.8613,0.5424,0.189843,5,19,27,234.20,0.5455,0.0803,0.005771,4.300
230411,520,390,910,210,68,228,322.99,0.8990,0.5925,0.234391,49,9,74,307.94,0.8375,0.1488,0.013428,4.484
230419,520,462,982,234,16,5,29.53,0.9956,0.5266,0.178772,24,3,4,19.68,0.7240,0.0549,0.002681,4.343
230423,520,400,920,237,73,47,31.77,0.9253,0.5774,0.229779,53,16,43,339.47,0.6244,0.1411,0.013020,4.440
230440,520,380,900,243,73,115,10.42,0.8901,0.6014,0.250607,46,30,54,313.89,0.4054,0.1631,0.017758,4.437
230451,520,460,980,219,45,126,358.39,0.8667,0.5331,0.184457,15,10,9,31.69,0.1543,0.0597,0.003384,4.392
230511,520,470,990,233,7,38,25.38,0.9956,0.5240,0.176187,14,2,3,14.40,0.6274,0.0380,0.001434,4.398
230529,520,257,777,250,106,239,330.67,0.9769,0.7055,0.368667,91,45,62,357.70,0.4625,0.2673,0.044490,4.431
230539,520,436,956,225,4,178,340.88,0.9939,0.5514,0.193113,41,4,26,348.04,0.7620,0.0939,0.006329,4.316
230541,520,371,891,208,89,218,324.52,0.8228,0.6077,0.256182,53,33,15,61.39,0.5410,0.1655,0.018792,4.451
230549,520,376,896,235,78,129,4.51,0.8241,0.5968,0.246988,23,42,34,165.77,0.3894,0.1625,0.019535,4.271
230565,520,415,935,247,37,94,13.64,0.9585,0.5740,0.219089,33,18,57,298.10,0.6440,0.1238,0.010514,4.447
230570,520,363,883,228,35,239,325.63,0.9772,0.6052,0.239303,53,34,22,52.93,0.3994,0.1694,0.019589,4.157
230586,520,378,898,173,121,186,319.45,0.4876,0.5955,0.261048,17,44,15,142.34,0.8643,0.1602,0.019550,4.472
230596,520,436,956,233,32,107,6.98,0.9434,0.5462,0.194212,26,5,54,296.95,0.8532,0.0922,0.005945,4.365
230597,520,471,991,186,28,229,316.89,0.9630,0.5245,0.169280,2,8,6,174.84,0.5102,0.0422,0.001997,4.217
230599,520,319,839,214,111,215,326.95,0.7621,0.6471,0.305729,43,31,123,280.15,0.8527,0.2229,0.029235,4.490
230608,520,467,987,213,64,36,32.75,0.9179,0.5195,0.179427,7,5,7,326.05,0.1544,0.0400,0.001691,4.438
230609,520,422,942,229,48,143,354.41,0.8846,0.5613,0.207578,11,19,60,269.78,0.8023,0.1084,0.008631,4.393
230613,520,468,988,232,16,7,29.40,0.9937,0.5223,0.175449,13,0,26,306.33,1.0000,0.0434,0.001602,4.369
230619,520,292,812,254,63,255,327.87,1.0000,0.6766,0.318488,68,29,111,301.12,0.7686,0.2364,0.032554,4.464
230621,520,396,916,244,27,140,357.35,0.9654,0.5772,0.219137,56,20,6,41.13,0.7689,0.1413,0.013543,4.235
230632,520,479,999,195,79,61,31.07,0.7566,0.5093,0.175328,2,0,0,29.23,1.0000,0.0120,0.000129,4.495
230641,520,424,944,217,74,132,359.03,0.7607,0.5607,0.213175,21,26,14,126.74,0.3492,0.1067,0.009299,4.438
230657,520,467,987,223,28,97,8.68,0.9422,0.5209,0.173843,7,2,28,287.76,0.8496,0.0438,0.001724,4.328
230660,520,299,819,234,117,193,342.53,0.7864,0.6749,0.340675,54,57,9,113.08,0.8356,0.2320,0.037303,4.475
230709,520,423,943,236,40,111,6.67,0.9278,0.5581,0.205012,42,5,44,325.83,0.7830,0.1077,0.007827,4.410
230733,520,380,900,236,44,197,338.39,0.9435,0.5977,0.236682,44,36,32,48.17,0.1420,0.1649,0.019015,4.154
230740,520,445,965,236,24,60,21.53,0.9787,0.5383,0.188156,17,17,7,108.28,0.3739,0.0772,0.005354,4.302
230741,520,345,865,187,115,240,308.85,0.8310,0.6328,0.291183,1,56,3,143.11,0.9977,0.1939,0.028413,4.351
230745,520,382,902,234,88,83,25.43,0.8537,0.5962,0.250992,21,42,41,191.74,0.3923,0.1639,0.019754,4.315
230764,520,85,605,233,221,245,308.04,0.5773,0.9002,0.756293,38,116,13,139.95,0.9879,0.4119,0.129314,4.497
230781,520,347,867,208,87,251,315.94,0.9704,0.6268,0.271927,71,21,60,337.40,0.6695,0.1903,0.022024,4.470
230797,520,430,950,228,15,162,346.56,0.9755,0.5512,0.194470,8,0,78,270.44,1.0000,0.0969,0.006016,4.364
230807,520,392,912,247,48,115,7.67,0.9382,0.5865,0.231293,45,18,64,308.42,0.6886,0.1456,0.013607,4.422
230811,520,422,942,211,32,224,324.93,0.9630,0.5642,0.202656,1,30,29,191.64,0.9414,0.1108,0.010237,4.194
230814,520,453,973,233,18,58,21.48,0.9847,0.5294,0.180649,4,17,2,139.47,0.9262,0.0654,0.004311,4.247
230845,520,410,930,188,91,197,324.14,0.7101,0.5684,0.222060,24,14,81,279.77,0.8871,0.1313,0.011023,4.458
230854,520,466,986,179,41,226,315.15,0.9291,0.5186,0.166617,8,6,16,293.66,0.3894,0.0470,0.002193,4.150
230855,520,480,1000,209,63,60,25.93,0.8560,0.5135,0.174389,0,0,0,0.00,0.0000,0.0000,0.000000,4.488
230873,520,408,928,235,42,156,350.84,0.9202,0.5741,0.217213,12,34,33,191.49,0.5117,0.1305,0.013320,4.220
230881,520,435,955,247,9,14,28.68,0.9965,0.5531,0.200049,18,18,37,282.26,0.4286,0.0931,0.006948,4.391
230914,520,355,875,250,26,199,340.78,0.9828,0.6157,0.251896,1,25,115,263.99,0.9923,0.1787,0.019394,4.350
230924,520,398,918,232,78,76,25.00,0.8648,0.5781,0.231292,28,31,50,276.50,0.3397,0.1425,0.014571,4.356
230953,520,473,993,194,63,163,338.64,0.7642,0.5211,0.176704,8,0,10,323.04,1.0000,0.0280,0.000735,4.468
230963,520,349,869,241,61,220,333.41,0.9430,0.6319,0.272083,46,34,83,291.53,0.5959,0.1924,0.023494,4.382
230991,520,0,520,255,255,255,0.00,0.0000,1.0000,1.000000,36,136,76,152.38,0.9323,0.4846,0.185044,4.467
230997,520,384,904,228,16,233,327.14,0.9913,0.5941,0.227501,5,22,95,265.44,0.9535,0.1497,0.014322,4.314
230999,520,443,963,197,8,236,318.61,0.9935,0.5418,0.181016,18,18,13,107.35,0.1561,0.0822,0.005903,4.132
231007,520,391,911,223,88,145,356.92,0.7349,0.5943,0.247141,17,35,61,257.65,0.5699,0.1523,0.016581,4.463
231008,520,475,995,184,47,208,321.07,0.8839,0.5172,0.167787,0,1,20,263.97,1.0037,0.0271,0.000722,4.294
231009,520,229,749,239,165,55,72.34,0.8847,0.7395,0.455390,10,82,46,155.04,0.9662,0.2940,0.062961,4.474
231016,520,404,924,187,88,226,315.19,0.8205,0.5810,0.230363,6,25,76,264.15,0.8981,0.1348,0.012557,4.482
231020,520,477,997,214,19,141,350.39,0.9474,0.5150,0.166874,3,1,0,66.15,1.0000,0.0193,0.000411,4.302
231025,520,480,1000,209,57,62,23.79,0.8686,0.5071,0.168317,0,0,0,0.00,0.0000,0.0000,0.000000,4.366
231027,520,433,953,242,2,74,17.30,0.9984,0.5474,0.194185,37,8,34,331.93,0.6665,0.0972,0.006825,4.297
231028,520,267,787,203,146,239,311.46,0.7789,0.7081,0.394870,22,72,45,156.20,0.8378,0.2635,0.049946,4.451
231029,520,398,918,193,72,240,314.75,0.9129,0.5794,0.222647,22,22,75,276.46,0.7845,0.1368,0.012523,4.361
231030,520,475,995,226,31,6,30.62,0.9935,0.5158,0.171648,6,0,19,299.15,1.0000,0.0308,0.000857,4.358
231032,520,389,909,249,16,159,351.99,0.9862,0.5912,0.230169,4,34,68,254.25,0.8544,0.1489,0.015871,4.253
231038,520,319,839,175,140,202,309.77,0.4752,0.6453,0.321348,3,50,102,255.30,0.9454,0.2215,0.032597,4.496
231058,520,412,932,206,42,239,319.86,0.9571,0.5726,0.210114,1,14,83,264.43,0.9718,0.1193,0.009450,4.375
231064,520,471,991,206,65,94,12.49,0.7763,0.5175,0.177127,6,4,17,290.27,0.5486,0.0407,0.001660,4.397
231073,520,237,757,227,153,183,353.64,0.5737,0.7260,0.425339,22,82,6,140.39,0.9899,0.2914,0.062181,4.237
231074,520,14,534,253,247,247,17.27,0.5549,0.9776,0.941198,1,128,129,195.74,0.9957,0.4710,0.170289,4.500
231076,520,453,973,237,2,54,22.07,0.9986,0.5334,0.183176,28,7,4,32.99,0.6484,0.0693,0.004076,4.312
231095,520,453,973,229,29,63,20.62,0.9656,0.5263,0.178986,2,0,58,267.06,1.0000,0.0660,0.003184,4.306
231097,520,443,963,183,70,212,318.73,0.8214,0.5419,0.192022,21,9,32,306.09,0.5804,0.0751,0.004591,4.433
231106,520,423,943,236,18,150,352.21,0.9744,0.5622,0.204705,25,26,8,111.62,0.5420,0.1093,0.009630,4.271
231120,520,418,938,242,36,49,25.37,0.9710,0.5553,0.203641,50,2,40,338.28,0.8522,0.1157,0.008748,4.317
231123,520,372,892,239,79,129,5.36,0.8470,0.6051,0.255306,42,24,88,290.36,0.7527,0.1731,0.018501,4.457
231137,520,477,997,210,59,62,24.29,0.8655,0.5112,0.171797,2,0,4,311.99,1.0000,0.0155,0.000217,4.417
231156,520,418,938,236,55,66,23.39,0.9257,0.5593,0.209617,12,33,3,136.94,0.9542,0.1192,0.011724,4.206
231161,520,307,827,240,112,177,350.63,0.8100,0.6694,0.332905,23,63,26,144.93,0.8877,0.2292,0.038116,4.345
231170,520,470,990,208,47,148,347.53,0.8361,0.5230,0.175832,17,2,4,10.62,0.6740,0.0423,0.001714,4.367
231189,520,464,984,167,75,202,315.46,0.7618,0.5177,0.175127,3,7,20,263.89,0.5744,0.0467,0.002218,4.311
231204,520,427,947,244,11,87,13.99,0.9910,0.5562,0.201640,23,23,6,108.89,0.5736,0.0986,0.008081,4.333
231261,520,388,908,225,39,227,327.72,0.9637,0.5939,0.230069,53,23,36,354.04,0.4728,0.1498,0.014971,4.311
231272,520,397,917,235,75,48,32.11,0.9182,0.5761,0.229107,20,26,68,272.87,0.6908,0.1372,0.013048,4.427
231302,520,378,898,241,12,214,334.80,0.9934,0.6039,0.238217,44,29,54,310.88,0.4193,0.1582,0.016806,4.314
231311,520,395,915,250,0,156,352.88,1.0000,0.5887,0.227278,17,38,10,138.58,0.8517,0.1396,0.015273,4.248
231313,520,466,986,225,1,114,1.85,0.9980,0.5219,0.172470,20,3,10,353.06,0.6252,0.0510,0.002358,4.249
231324,520,475,995,198,46,179,333.89,0.8518,0.5207,0.172162,2,0,24,276.32,1.0000,0.0298,0.000788,4.374
231331,520,366,886,253,30,169,350.07,0.9844,0.6080,0.246793,5,49,10,144.70,0.9804,0.1714,0.022507,4.093
231336,520,386,906,209,43,255,317.08,1.0000,0.5904,0.225047,41,35,11,95.44,0.6043,0.1533,0.016977,4.107
231337,520,412,932,252,22,69,20.22,0.9865,0.5726,0.217027,33,28,4,97.96,0.7627,0.1232,0.011626,4.333
231342,520,448,968,209,80,76,25.08,0.7644,0.5387,0.198166,30,9,27,332.99,0.5588,0.0841,0.005506,4.471
231352,520,389,909,202,60,254,314.83,0.9940,0.5915,0.229454,71,2,12,20.76,0.9687,0.1506,0.014098,4.360
231354,520,352,872,226,66,234,325.93,0.9327,0.6200,0.260079,16,54,12,141.76,0.9497,0.1931,0.027749,3.988
231363,520,412,932,225,65,139,356.60,0.8189,0.5676,0.216548,10,32,10,143.64,0.8583,0.1162,0.011194,4.356
231364,520,323,843,252,62,213,337.93,0.9822,0.6476,0.289479,66,26,86,312.48,0.7012,0.2073,0.025690,4.485
231372,520,407,927,187,76,228,315.50,0.8547,0.5665,0.213362,31,28,30,337.78,0.0641,0.1276,0.012156,4.237
231377,520,49,569,223,253,113,119.84,0.9640,0.9360,0.871305,5,128,2,142.39,0.9989,0.4443,0.154743,4.500
231392,520,466,986,226,41,42,26.99,0.9544,0.5245,0.179247,4,3,37,274.07,0.9300,0.0509,0.002245,4.388
231394,520,479,999,128,87,232,291.53,0.8351,0.5103,0.172317,0,1,1,194.77,1.0000,0.0143,0.000239,4.425
231420,520,475,995,213,7,157,344.53,0.9819,0.5175,0.167347,10,0,6,340.52,1.0000,0.0285,0.000777,4.280
231425,520,327,847,228,81,247,322.92,0.9622,0.6467,0.290963,9,58,40,163.57,0.9044,0.2105,0.032373,4.139
231431,520,452,972,199,54,187,331.67,0.8391,0.5342,0.183700,15,11,31,290.49,0.5122,0.0718,0.004398,4.296
231436,520,475,995,193,27,210,323.62,0.9503,0.5209,0.167760,13,0,2,8.59,1.0000,0.0305,0.000900,4.278
231441,520,382,902,247,1,190,342.40,0.9993,0.5993,0.235168,15,44,27,155.44,0.7104,0.1619,0.019820,4.084
231451,520,336,856,220,97,218,328.18,0.8314,0.6366,0.288289,50,31,98,291.34,0.7163,0.2043,0.025399,4.487
231478,520,349,869,242,77,175,348.05,0.8857,0.6256,0.272830,57,18,98,300.54,0.8260,0.1938,0.021844,4.494
231487,520,368,888,248,1,210,337.34,0.9995,0.6124,0.246345,38,31,70,289.05,0.5437,0.1666,0.018342,4.336
231501,520,434,954,198,49,215,323.37,0.9042,0.5468,0.191103,40,7,35,334.35,0.7044,0.1013,0.007245,4.212
231518,520,215,735,250,144,232,333.56,0.9647,0.7597,0.460989,0,86,9,143.58,1.0000,0.3003,0.066750,4.377
231521,520,448,968,236,15,84,14.13,0.9843,0.5397,0.188178,19,11,41,291.76,0.6454,0.0827,0.005379,4.301
231524,520,476,996,91,98,245,275.24,0.9345,0.5087,0.175514,0,3,3,194.77,1.0000,0.0242,0.000717,4.447
231530,520,480,1000,210,38,114,0.62,0.8726,0.5059,0.163051,0,0,0,0.00,0.0000,0.0000,0.000000,4.261
231531,520,280,800,255,110,167,358.10,1.0000,0.6863,0.352050,44,50,110,275.38,0.6293,0.2492,0.039423,4.496
231543,520,456,976,214,37,163,343.35,0.8950,0.5345,0.182659,9,13,19,258.19,0.2340,0.0646,0.003929,4.314
231548,520,454,974,200,72,132,354.64,0.7143,0.5281,0.185819,16,1,48,289.46,0.9640,0.0682,0.003453,4.412
231554,520,431,951,171,89,205,314.93,0.7193,0.5462,0.202113,22,2,69,285.04,0.9704,0.0993,0.006436,4.467
231557,520,397,917,233,10,201,336.34,0.9915,0.5810,0.217605,46,13,66,309.47,0.7648,0.1415,0.012621,4.273
231559,520,366,886,221,57,248,321.44,0.9697,0.6139,0.250777,17,46,27,152.95,0.7071,0.1695,0.021522,4.205
231563,520,327,847,250,32,252,327.84,0.9916,0.6502,0.283882,21,31,128,268.97,0.9410,0.2131,0.026977,4.337
231564,520,478,998,199,28,178,334.39,0.9169,0.5101,0.161888,4,0,2,344.76,1.0000,0.0178,0.000302,4.212
231570,520,430,950,218,7,200,333.00,0.9912,0.5521,0.192298,34,16,7,47.32,0.5380,0.0962,0.007260,4.232
231571,520,407,927,194,87,190,328.95,0.7190,0.5673,0.220048,38,26,13,67.67,0.4332,0.1261,0.011800,4.370
231572,520,418,938,237,54,38,29.74,0.9511,0.5571,0.207860,20,5,87,276.72,0.9734,0.1240,0.009453,4.337
231579,520,358,878,248,88,56,33.21,0.9545,0.6176,0.272248,53,39,20,73.80,0.4621,0.1815,0.022585,4.440
231585,520,470,990,190,82,106,8.70,0.6297,0.5160,0.180240,7,1,32,285.83,0.9384,0.0446,0.001712,4.452
231603,520,324,844,246,103,135,9.05,0.8615,0.6509,0.310456,18,58,22,145.22,0.9159,0.2092,0.032125,4.389
231605,520,424,944,198,92,141,353.21,0.6169,0.5576,0.215848,34,22,20,29.49,0.2407,0.1128,0.009644,4.457
231606,520,343,863,229,100,156,355.44,0.7412,0.6256,0.281751,69,33,13,47.63,0.6863,0.1915,0.023822,4.494
231608,520,359,879,240,6,250,326.13,0.9983,0.6249,0.255603,33,32,85,279.30,0.6765,0.1766,0.020122,4.358
231612,520,407,927,222,68,143,354.66,0.8008,0.5669,0.216495,23,4,93,277.64,0.9801,0.1332,0.010593,4.398
231621,520,448,968,206,54,175,337.62,0.8333,0.5394,0.188573,17,18,6,112.50,0.4580,0.0794,0.005649,4.287
231636,520,62,582,250,228,242,339.25,0.7784,0.9308,0.822222,7,124,44,146.98,0.9948,0.4344,0.146417,4.441
231665,520,452,972,217,60,69,22.44,0.8683,0.5272,0.184156,13,11,28,287.20,0.4629,0.0681,0.004087,4.329
231697,520,414,934,219,86,76,27.30,0.7882,0.5653,0.222399,11,32,18,152.86,0.6586,0.1185,0.011478,4.431
231698,520,401,921,215,14,242,321.90,0.9923,0.5779,0.211739,42,26,44,322.82,0.3704,0.1431,0.014129,4.081
231719,520,408,928,215,63,179,339.03,0.8299,0.5660,0.212589,28,32,23,127.21,0.2140,0.1329,0.013418,4.141
231720,520,415,935,155,93,253,297.23,0.9729,0.5677,0.218893,16,33,9,137.43,0.7830,0.1227,0.012176,4.325
231734,520,442,962,217,71,82,20.24,0.8126,0.5426,0.198698,12,17,32,269.06,0.4113,0.0828,0.005833,4.454
231735,520,431,951,222,62,114,5.79,0.8227,0.5501,0.201923,15,2,74,276.48,0.9856,0.0992,0.006394,4.467
231759,520,330,850,215,132,85,49.36,0.6534,0.6414,0.316073,5,58,35,158.76,0.9594,0.2078,0.031796,4.475
231778,520,430,950,235,44,95,12.53,0.9241,0.5544,0.202928,0,28,28,194.77,1.0000,0.1036,0.009143,4.277
231810,520,476,996,201,62,125,356.65,0.7582,0.5149,0.173454,6,0,7,324.68,1.0000,0.0239,0.000541,4.421
231813,520,357,877,235,78,178,345.37,0.8469,0.6160,0.263280,58,34,34,19.64,0.3308,0.1803,0.021592,4.376
231817,520,337,857,255,13,237,332.34,1.0000,0.6436,0.276655,61,23,96,303.62,0.7725,0.2041,0.024495,4.385
231821,520,480,1000,157,31,255,302.47,1.0000,0.5057,0.153686,0,0,0,0.00,0.0000,0.0000,0.000000,4.074
231837,520,292,812,248,110,191,346.56,0.9104,0.6846,0.348727,42,55,87,266.50,0.4185,0.2427,0.039126,4.474
231840,520,330,850,190,119,227,313.05,0.7446,0.6354,0.296877,42,54,1,122.40,0.9817,0.2098,0.031327,4.265
231869,520,455,975,223,38,93,11.00,0.9163,0.5255,0.178672,3,8,39,267.58,0.8795,0.0623,0.003395,4.283
231870,520,351,871,249,77,168,352.10,0.9338,0.6349,0.282778,28,52,2,132.43,0.9806,0.1920,0.027072,4.318
231880,520,396,916,230,50,179,342.49,0.9035,0.5813,0.223615,5,38,43,209.43,0.7884,0.1445,0.015928,4.150
231892,520,403,923,216,63,193,334.73,0.8546,0.5754,0.220063,23,11,87,278.09,0.9336,0.1336,0.011096,4.420
231895,520,405,925,186,81,246,310.55,0.9300,0.5847,0.229787,11,30,50,251.53,0.5915,0.1275,0.012299,4.491
231900,520,390,910,255,34,78,18.88,1.0000,0.5855,0.229579,40,24,59,303.03,0.5547,0.1457,0.014202,4.355
231912,520,400,920,220,26,233,325.13,0.9806,0.5834,0.218398,5,34,58,247.48,0.7817,0.1416,0.014817,4.141
231919,520,370,890,225,90,163,349.75,0.7522,0.6076,0.259666,6,49,12,145.21,0.9744,0.1721,0.022618,4.264
231934,520,259,779,205,161,157,24.41,0.3218,0.7073,0.409042,44,70,56,160.06,0.3717,0.2728,0.052012,4.500
231949,520,463,983,212,41,146,348.96,0.8661,0.5251,0.176605,6,3,37,278.44,0.9038,0.0527,0.002374,4.327
231961,520,432,952,240,13,102,8.79,0.9860,0.5520,0.197757,25,8,63,289.20,0.8530,0.1044,0.007392,4.317
231965,520,480,1000,192,79,77,23.82,0.6957,0.5071,0.173360,0,0,0,0.00,0.0000,0.0000,0.000000,4.467
231972,520,381,901,211,67,241,320.07,0.9335,0.6020,0.242158,33,16,95,282.82,0.8886,0.1588,0.015201,4.481
231973,520,466,986,194,85,80,25.01,0.6724,0.5208,0.185473,4,8,22,266.26,0.5481,0.0510,0.002574,4.479
231980,520,453,973,214,68,61,27.01,0.8543,0.5293,0.187697,6,1,57,272.51,0.9917,0.0698,0.003558,4.438
231989,520,430,950,203,60,187,332.88,0.8265,0.5468,0.195179,5,19,56,264.06,0.8548,0.1013,0.007835,4.239
232012,520,364,884,254,35,168,350.72,0.9917,0.6117,0.251036,11,40,74,254.64,0.7452,0.1731,0.020830,4.250
232018,520,467,987,199,72,105,7.84,0.7131,0.5168,0.177987,2,6,16,258.16,0.5752,0.0412,0.001806,4.401
232021,520,442,962,211,35,180,337.07,0.9120,0.5371,0.183484,15,10,47,282.86,0.7528,0.0822,0.005239,4.227
232022,520,419,939,231,16,177,342.67,0.9791,0.5650,0.205366,46,1,44,330.28,0.9085,0.1093,0.007845,4.415
232027,520,396,916,211,71,197,332.12,0.8278,0.5777,0.223885,32,30,33,314.70,0.0663,0.1352,0.013454,4.316
232031,520,400,920,237,73,9,36.90,0.9895,0.5751,0.227924,8,20,85,267.20,0.9370,0.1354,0.012077,4.477
232049,520,397,917,240,65,80,21.12,0.9100,0.5792,0.228882,20,34,51,253.92,0.4196,0.1448,0.015317,4.270
232053,520,463,983,199,57,179,334.29,0.8159,0.5323,0.183248,2,11,1,140.05,0.9463,0.0478,0.002544,4.439
232071,520,391,911,254,18,128,2.71,0.9921,0.5899,0.230656,15,18,97,270.28,0.9485,0.1501,0.013971,4.387
232072,520,454,974,165,65,236,307.01,0.8946,0.5283,0.178367,12,1,52,281.69,0.9788,0.0687,0.003478,4.270
232076,520,462,982,178,37,244,310.91,0.9587,0.5296,0.173208,17,3,22,317.49,0.6958,0.0524,0.002422,4.258
232078,520,415,935,241,23,148,354.02,0.9699,0.5729,0.214549,49,3,50,327.26,0.8446,0.1217,0.009485,4.447
232079,520,369,889,242,31,205,337.44,0.9744,0.6063,0.242679,14,33,94,265.91,0.8751,0.1749,0.019891,4.188
232085,520,354,874,235,54,219,332.19,0.9445,0.6156,0.254176,16,49,24,149.09,0.8356,0.1782,0.023726,4.126
232086,520,429,949,213,84,44,37.26,0.8646,0.5471,0.206709,14,22,43,266.82,0.4998,0.1034,0.008416,4.395
232112,520,364,884,245,58,171,348.87,0.9212,0.6110,0.253820,30,30,89,277.23,0.7455,0.1735,0.019258,4.387
232142,520,353,873,255,62,134,3.76,1.0000,0.6188,0.264300,36,37,73,280.19,0.4955,0.1810,0.021792,4.378
232159,520,450,970,232,18,104,7.08,0.9733,0.5374,0.185909,2,19,14,173.38,0.8130,0.0728,0.005103,4.281
232162,520,473,993,215,27,148,348.41,0.9236,0.5235,0.173714,0,4,2,165.38,1.0000,0.0271,0.000912,4.394
232170,520,411,931,250,28,34,27.52,0.9855,0.5666,0.212737,24,27,33,264.28,0.1417,0.1190,0.010879,4.316
232173,520,455,975,184,48,219,318.16,0.9021,0.5263,0.174200,21,5,20,329.65,0.5822,0.0607,0.003185,4.215
232189,520,340,860,217,106,201,333.07,0.7403,0.6362,0.292786,37,50,39,149.15,0.2616,0.1999,0.028210,4.383
232191,520,446,966,201,71,148,347.47,0.7318,0.5354,0.190640,35,0,24,342.83,1.0000,0.0752,0.004233,4.437
232192,520,352,872,211,82,239,319.99,0.9132,0.6169,0.261171,16,26,117,268.34,0.9501,0.1886,0.021332,4.362
232201,520,480,1000,194,54,165,337.61,0.7990,0.5126,0.168260,0,0,0,0.00,0.0000,0.0000,0.000000,4.365
232203,520,448,968,234,11,106,6.47,0.9853,0.5402,0.187755,22,8,45,296.13,0.7423,0.0841,0.005337,4.296
232214,520,477,997,180,73,156,337.24,0.6813,0.5066,0.168700,6,0,5,332.72,1.0000,0.0228,0.000497,4.331
232216,520,453,973,232,13,73,16.98,0.9869,0.5284,0.179278,23,5,27,320.34,0.6614,0.0671,0.003699,4.270
232225,520,410,930,249,24,73,19.07,0.9827,0.5677,0.212777,45,23,24,17.22,0.3771,0.1323,0.012367,4.213
232235,520,416,936,231,31,170,345.04,0.9468,0.5669,0.208739,49,14,13,24.55,0.6628,0.1193,0.009962,4.315
232238,520,426,946,228,22,167,345.10,0.9625,0.5559,0.198605,21,7,76,280.19,0.9363,0.1136,0.008332,4.262
232246,520,271,791,242,126,192,346.49,0.8256,0.7008,0.376071,57,66,25,119.99,0.6387,0.2641,0.048365,4.332
232269,520,458,978,210,55,139,352.10,0.8092,0.5298,0.183003,11,11,18,284.51,0.2267,0.0613,0.003542,4.352
232280,520,455,975,200,2,214,324.72,0.9973,0.5285,0.171796,10,5,38,283.45,0.8096,0.0611,0.003130,4.175
232283,520,457,977,183,23,247,312.10,0.9812,0.5329,0.173966,15,9,5,60.92,0.3040,0.0565,0.003079,4.219
232302,520,398,918,237,73,30,34.80,0.9578,0.5760,0.228664,64,2,31,359.03,0.9009,0.1402,0.012325,4.471
232311,520,416,936,205,39,242,318.97,0.9636,0.5715,0.208426,56,4,18,10.87,0.8548,0.1210,0.009714,4.328
232340,520,451,971,172,75,218,312.94,0.8130,0.5364,0.188656,6,2,59,271.84,0.9852,0.0741,0.003979,4.421
232342,520,378,898,250,76,34,34.23,0.9739,0.6046,0.256119,18,40,54,238.43,0.4951,0.1626,0.019125,4.429
232344,520,404,924,212,42,229,323.84,0.9513,0.5751,0.213120,5,30,55,251.17,0.7689,0.1282,0.012366,4.219
232362,520,429,949,234,1,129,358.41,0.9985,0.5458,0.191022,15,26,13,140.68,0.4703,0.1015,0.008694,4.106
232363,520,469,989,225,2,110,3.29,0.9962,0.5207,0.171796,11,4,2,45.96,0.4587,0.0395,0.001624,4.296
232375,520,453,973,201,82,86,20.94,0.7013,0.5296,0.191259,2,14,32,254.39,0.7671,0.0687,0.004312,4.442
232377,520,347,867,242,25,241,328.53,0.9901,0.6265,0.259261,45,29,89,290.81,0.6972,0.1865,0.021579,4.321
232390,520,407,927,207,60,212,326.58,0.8815,0.5691,0.212524,9,37,4,140.27,0.9652,0.1311,0.013899,4.108
232404,520,426,946,224,67,109,9.03,0.8166,0.5577,0.209683,43,14,15,20.04,0.5716,0.1089,0.008622,4.430
232416,520,275,795,240,115,235,328.95,0.9270,0.7011,0.367871,39,68,9,132.82,0.9458,0.2532,0.045852,4.360
232423,520,442,962,234,28,71,18.64,0.9680,0.5377,0.187810,21,14,16,359.55,0.1765,0.0769,0.005109,4.315
232429,520,415,935,240,60,20,33.16,0.9792,0.5674,0.218107,5,26,56,257.36,0.7946,0.1182,0.010565,4.427
232445,520,468,988,206,35,162,341.56,0.8860,0.5178,0.169346,3,6,9,240.75,0.2915,0.0392,0.001693,4.243
232450,520,380,900,227,38,228,327.98,0.9671,0.5974,0.233209,25,36,59,264.03,0.4295,0.1591,0.017841,4.175
232458,520,406,926,209,28,247,319.11,0.9811,0.5764,0.211030,46,13,58,315.68,0.7254,0.1350,0.011742,4.228
232488,520,32,552,252,242,226,79.74,0.6934,0.9589,0.896911,45,128,24,140.29,0.9769,0.4543,0.160616,4.496
232509,520,409,929,254,7,62,21.45,0.9967,0.5719,0.215744,15,5,93,272.17,0.9847,0.1284,0.010003,4.429
232513,520,351,871,244,25,239,329.44,0.9902,0.6286,0.261632,5,53,8,143.74,0.9851,0.1852,0.025959,4.103
232521,520,332,852,210,107,228,321.49,0.8240,0.6426,0.298199,16,55,36,158.94,0.7908,0.2016,0.029698,4.369
232535,520,376,896,233,40,214,332.99,0.9596,0.5999,0.236989,18,8,110,271.31,0.9841,0.1570,0.014279,4.465
232549,520,474,994,184,52,207,321.19,0.8662,0.5208,0.171526,2,2,11,279.16,0.6358,0.0274,0.000805,4.360
232552,520,438,958,244,19,7,29.53,0.9949,0.5491,0.197177,8,19,46,264.80,0.6821,0.0946,0.007146,4.325
232564,520,199,719,246,157,210,343.73,0.8533,0.7683,0.483620,22,91,18,142.27,0.9756,0.3231,0.076961,4.203
232574,520,414,934,245,11,131,0.01,0.9888,0.5710,0.212939,17,6,87,274.41,0.9737,0.1229,0.009375,4.428
232580,520,280,800,231,138,135,22.21,0.6602,0.6870,0.369173,54,63,14,119.25,0.7991,0.2506,0.043710,4.473
232592,520,431,951,229,63,13,34.91,0.9830,0.5483,0.202450,6,19,50,263.69,0.7775,0.0966,0.007347,4.402
232596,520,370,890,255,71,27,33.85,1.0000,0.6083,0.258493,56,29,38,359.08,0.3910,0.1676,0.018595,4.497
232607,520,392,912,222,29,229,326.56,0.9762,0.5852,0.220677,59,18,22,17.26,0.6377,0.1468,0.014205,4.216
232623,520,468,988,209,1,183,335.47,0.9978,0.5234,0.169980,9,0,22,303.35,1.0000,0.0363,0.001160,4.300
232636,520,441,961,200,0,226,321.80,1.0000,0.5372,0.177720,43,1,12,9.45,0.9239,0.0878,0.005619,4.094
232637,520,474,994,126,83,250,288.82,0.9558,0.5176,0.175241,1,3,12,263.36,0.6872,0.0298,0.000981,4.418
232672,520,315,835,237,108,182,347.10,0.8054,0.6607,0.321095,53,54,20,110.52,0.6107,0.2233,0.034457,4.394
232680,520,335,855,236,74,229,329.76,0.9283,0.6407,0.283900,12,55,17,145.07,0.9536,0.1957,0.028509,4.253
232693,520,366,886,228,42,244,324.40,0.9729,0.6124,0.246838,18,46,27,152.31,0.6843,0.1700,0.021616,4.145
232695,520,367,887,247,70,132,4.13,0.9169,0.6108,0.258237,24,28,98,272.86,0.8622,0.1743,0.019064,4.463
232700,520,452,972,180,11,249,311.01,0.9925,0.5263,0.167832,1,15,23,230.71,0.8220,0.0650,0.004099,4.027
232704,520,363,883,251,51,149,356.97,0.9626,0.6078,0.250502,7,27,103,265.40,0.9445,0.1696,0.018082,4.414
232719,520,384,904,237,37,179,343.79,0.9468,0.5858,0.225852,67,12,19,18.43,0.7964,0.1538,0.015035,4.242
232727,520,281,801,238,105,243,326.17,0.9447,0.6886,0.347536,35,56,96,262.21,0.5459,0.2466,0.040301,4.402
232734,520,187,707,219,182,214,330.62,0.4490,0.7886,0.533718,31,92,13,139.92,0.9802,0.3293,0.079744,4.499
232756,520,398,918,233,18,199,336.90,0.9831,0.5816,0.218825,31,9,88,284.68,0.9232,0.1402,0.011912,4.342
232757,520,401,921,213,57,216,327.22,0.9049,0.5790,0.220322,61,15,1,38.94,0.9584,0.1421,0.013361,4.266
232793,520,373,893,237,83,99,18.09,0.8527,0.5983,0.250948,12,43,27,157.89,0.7637,0.1572,0.018850,4.371
232803,520,437,957,244,17,2,29.73,0.9985,0.5483,0.196419,12,13,47,276.38,0.7279,0.0851,0.005712,4.423
232811,520,449,969,231,18,116,2.74,0.9703,0.5391,0.186855,1,18,21,208.50,0.8588,0.0720,0.004932,4.312
232818,520,438,958,236,44,46,26.74,0.9569,0.5478,0.198347,6,5,70,269.53,0.9784,0.0926,0.005894,4.443
232819,520,381,901,204,90,215,324.07,0.8019,0.6013,0.250575,8,34,83,261.50,0.8727,0.1639,0.018201,4.407
232821,520,387,907,216,100,116,13.53,0.6642,0.5912,0.249764,37,37,0,109.77,1.0000,0.1527,0.017165,4.463
232831,520,469,989,219,41,101,7.70,0.8918,0.5218,0.175881,4,6,8,243.12,0.1777,0.0399,0.001736,4.366
232833,520,445,965,209,22,206,329.08,0.9672,0.5439,0.185873,10,5,61,274.77,0.9526,0.0843,0.005100,4.281
232834,520,478,998,201,65,88,14.57,0.7673,0.5065,0.169047,2,2,6,282.35,0.4201,0.0250,0.000695,4.321
232839,520,462,982,200,8,218,323.69,0.9905,0.5328,0.175167,2,12,2,143.44,0.9141,0.0506,0.002802,4.264
232851,520,443,963,205,19,215,325.71,0.9759,0.5421,0.183530,10,20,8,140.11,0.5233,0.0796,0.005824,4.183
232887,520,451,971,178,64,235,311.62,0.8953,0.5449,0.191309,14,12,33,285.26,0.5244,0.0741,0.004661,4.415
232929,520,402,922,226,0,216,330.81,1.0000,0.5757,0.211291,56,2,49,334.46,0.8751,0.1331,0.011060,4.279
232937,520,384,904,205,68,242,318.08,0.9329,0.5945,0.235257,58,25,7,46.97,0.7380,0.1547,0.016103,4.315
232946,520,375,895,247,20,188,343.10,0.9849,0.6023,0.239085,24,30,79,273.30,0.7111,0.1592,0.016872,4.323
232967,520,409,929,220,88,76,28.01,0.7880,0.5701,0.227193,55,18,0,46.38,1.0000,0.1349,0.012450,4.439
232974,520,425,945,211,93,46,40.71,0.8358,0.5579,0.218770,3,28,45,241.54,0.7948,0.1146,0.010393,4.450
232976,520,248,768,253,141,101,40.17,0.9578,0.7171,0.408749,79,65,6,94.25,0.9130,0.2847,0.054561,4.387
232979,520,353,873,229,110,78,36.04,0.7854,0.6208,0.283624,29,47,36,156.95,0.3597,0.1832,0.024216,4.495
232982,520,328,848,220,89,250,319.65,0.9693,0.6459,0.292643,38,54,10,127.43,0.8519,0.2071,0.030723,4.245
232986,520,425,945,226,3,191,337.40,0.9963,0.5606,0.199980,30,2,69,293.56,0.9592,0.1085,0.007491,4.348
232996,520,474,994,232,8,15,28.47,0.9958,0.5205,0.173671,3,0,22,282.98,1.0000,0.0294,0.000773,4.405
232998,520,368,888,181,109,233,308.99,0.7943,0.6105,0.266449,22,46,19,141.58,0.7460,0.1705,0.021715,4.413
233007,520,398,918,244,19,143,356.12,0.9785,0.5755,0.216853,9,40,23,155.96,0.8311,0.1449,0.016375,4.020
233045,520,333,853,254,50,217,337.14,0.9946,0.6447,0.283650,4,56,25,151.53,0.9782,0.1981,0.029242,4.211
233056,520,456,976,160,88,202,311.30,0.7027,0.5277,0.187179,6,2,46,275.46,0.9663,0.0594,0.002794,4.493
233062,520,271,791,228,137,201,338.89,0.7069,0.7040,0.386041,27,71,4,137.84,0.9880,0.2557,0.047481,4.473
233079,520,471,991,206,53,137,351.73,0.8059,0.5196,0.174763,3,2,26,276.60,0.8970,0.0382,0.001374,4.375
233085,520,478,998,184,17,215,319.88,0.9731,0.5054,0.154989,1,1,11,275.11,0.8474,0.0225,0.000523,4.057
233086,520,271,791,245,138,70,50.61,0.8853,0.6951,0.380344,78,57,22,77.76,0.6390,0.2638,0.046040,4.481
233093,520,388,908,218,95,121,9.40,0.6875,0.5880,0.244725,15,43,9,140.30,0.9284,0.1548,0.018490,4.303
233097,520,390,910,255,40,105,11.35,1.0000,0.5945,0.238012,59,21,15,30.92,0.6539,0.1502,0.015008,4.430
233109,520,347,867,238,82,188,342.87,0.8695,0.6304,0.278453,4,49,66,229.25,0.8794,0.1916,0.026157,4.313
233120,520,408,928,240,21,147,354.08,0.9723,0.5698,0.211713,48,22,3,54.96,0.8004,0.1305,0.012089,4.215
233125,520,320,840,239,100,178,348.33,0.8303,0.6506,0.306820,30,51,67,242.42,0.3982,0.2102,0.030488,4.433
233131,520,432,952,223,44,142,353.18,0.8813,0.5465,0.194449,25,22,5,99.97,0.6138,0.0979,0.007915,4.221
233164,520,471,991,223,36,93,10.80,0.9221,0.5243,0.177428,2,3,20,272.21,0.7975,0.0355,0.001285,4.435
233173,520,375,895,237,9,216,333.38,0.9947,0.5973,0.231605,43,3,99,291.45,0.9722,0.1613,0.014796,4.346
233176,520,398,918,229,60,153,351.65,0.8523,0.5756,0.221923,24,34,37,218.10,0.1958,0.1403,0.014718,4.202
233196,520,474,994,153,87,203,308.09,0.7061,0.5175,0.179010,4,1,20,287.34,0.8735,0.0322,0.000980,4.492
233197,520,383,903,234,35,214,333.22,0.9676,0.5991,0.235522,68,5,25,8.88,0.8626,0.1501,0.014079,4.456
233212,520,411,931,191,66,236,315.39,0.9025,0.5669,0.210301,38,25,11,67.08,0.4831,0.1232,0.011315,4.245
233244,520,477,997,166,28,249,306.53,0.9741,0.5112,0.157778,0,2,2,194.77,1.0000,0.0198,0.000478,4.116
233251,520,458,978,203,0,212,326.03,1.0000,0.5318,0.174518,14,1,42,290.73,0.9526,0.0602,0.002822,4.250
233253,520,449,969,223,28,158,346.96,0.9374,0.5443,0.189897,0,3,54,264.19,0.9878,0.0653,0.003314,4.500
233257,520,461,981,197,40,209,324.84,0.9177,0.5343,0.179930,7,12,0,123.97,1.0000,0.0543,0.003081,4.332
233267,520,424,944,248,32,40,26.86,0.9806,0.5648,0.211463,44,15,1,48.04,0.8973,0.1095,0.008794,4.447
233271,520,366,886,249,82,26,36.71,0.9736,0.6094,0.262523,2,46,46,194.83,0.9414,0.1705,0.021640,4.362
233274,520,350,870,201,112,212,323.05,0.7111,0.6291,0.287606,37,48,38,147.41,0.2315,0.1935,0.026471,4.415
233279,520,385,905,232,36,210,333.79,0.9621,0.5936,0.230733,19,36,52,248.12,0.4467,0.1504,0.016481,4.223
233287,520,270,790,194,145,246,305.40,0.8294,0.6998,0.383745,51,67,21,126.04,0.7395,0.2609,0.047722,4.439
233297,520,477,997,143,86,208,302.56,0.7279,0.5068,0.170496,1,0,15,275.86,1.0000,0.0213,0.000409,4.374
233298,520,478,998,201,44,151,344.40,0.8337,0.5090,0.164552,2,0,4,311.99,1.0000,0.0155,0.000217,4.273
233306,520,466,986,181,59,198,322.54,0.8208,0.5165,0.170301,6,5,28,280.11,0.7212,0.0499,0.002311,4.211
233328,520,314,834,252,95,151,1.48,0.9467,0.6551,0.311174,43,42,101,279.85,0.6434,0.2221,0.031090,4.454
233358,520,379,899,216,89,177,341.31,0.7423,0.5978,0.249200,4,32,89,261.86,0.9430,0.1635,0.017800,4.413
233360,520,326,846,251,54,237,331.44,0.9842,0.6539,0.292650,33,55,13,132.80,0.8590,0.2067,0.030847,4.238
233367,520,27,547,254,246,234,78.24,0.7870,0.9722,0.929232,35,132,18,141.25,0.9877,0.4637,0.169029,4.471
233384,520,401,921,225,87,64,31.75,0.8406,0.5756,0.231967,58,16,19,19.33,0.6759,0.1409,0.013173,4.463
233415,520,439,959,195,70,203,325.32,0.8141,0.5544,0.202957,29,11,40,310.68,0.6268,0.0938,0.006538,4.474
233422,520,390,910,249,42,112,8.44,0.9547,0.5856,0.229690,67,9,29,5.59,0.7894,0.1535,0.014776,4.318
233443,520,443,963,191,64,208,322.74,0.8390,0.5447,0.192986,3,15,46,262.79,0.8635,0.0823,0.005582,4.372
233454,520,412,932,225,9,204,333.65,0.9911,0.5679,0.205650,44,18,24,6.55,0.4669,0.1206,0.010341,4.237
233479,520,293,813,185,144,230,305.33,0.6765,0.6791,0.359744,2,69,27,149.47,0.9942,0.2433,0.043481,4.383
233494,520,476,996,167,66,203,315.83,0.7977,0.5065,0.164246,0,1,17,263.76,1.0019,0.0249,0.000622,4.232
233499,520,451,971,241,15,50,23.66,0.9909,0.5444,0.192761,13,16,16,196.71,0.0792,0.0736,0.004936,4.419
233505,520,480,1000,200,25,173,336.20,0.9239,0.5075,0.159937,0,0,0,0.00,0.0000,0.0000,0.000000,4.199
233511,520,268,788,242,106,247,326.21,0.9642,0.6981,0.359030,57,67,3,119.00,0.9595,0.2648,0.048907,4.135
233512,520,408,928,223,34,206,332.65,0.9544,0.5740,0.212906,10,3,95,269.34,0.9935,0.1259,0.009558,4.414
233538,520,442,962,196,66,192,329.12,0.8043,0.5445,0.194395,6,21,0,135.03,1.0000,0.0778,0.005750,4.384
233597,520,474,994,229,18,80,14.72,0.9771,0.5250,0.176728,5,4,4,17.62,0.0691,0.0340,0.001279,4.421
233607,520,379,899,225,65,212,331.54,0.9006,0.6037,0.245439,65,17,37,358.07,0.6665,0.1620,0.016585,4.437
233608,520,390,910,204,58,251,316.13,0.9782,0.5904,0.228300,20,29,74,270.69,0.7146,0.1495,0.015218,4.267
233610,520,454,974,210,71,97,13.12,0.7637,0.5332,0.190734,2,11,46,264.39,0.9102,0.0734,0.004495,4.418
233612,520,471,991,180,81,153,339.13,0.6343,0.5169,0.178893,4,8,2,133.14,0.5928,0.0428,0.002039,4.399
233623,520,366,886,249,31,188,343.69,0.9737,0.6100,0.247538,16,19,110,269.58,0.9614,0.1687,0.017016,4.440
233628,520,352,872,250,72,144,0.46,0.9413,0.6223,0.269757,21,46,69,248.23,0.5512,0.1912,0.025430,4.239
233644,520,371,891,246,85,40,35.72,0.9495,0.6085,0.262463,39,35,63,289.14,0.4086,0.1720,0.019923,4.469
233650,520,330,850,233,96,193,340.58,0.8268,0.6422,0.295420,46,42,87,284.98,0.5282,0.2134,0.029249,4.359
233653,520,411,931,206,70,204,328.46,0.8356,0.5727,0.218635,4,31,30,191.62,0.7777,0.1159,0.010995,4.404
233660,520,412,932,218,40,201,332.76,0.9311,0.5654,0.206423,45,14,28,354.28,0.5685,0.1168,0.009559,4.305
233663,520,416,936,196,48,251,314.24,0.9791,0.5703,0.208160,35,8,63,300.79,0.8264,0.1167,0.008899,4.383
233665,520,462,982,216,65,21,35.37,0.9590,0.5254,0.184362,13,7,16,314.52,0.3510,0.0538,0.002749,4.443
233669,520,294,814,247,118,151,5.83,0.8430,0.6804,0.349682,63,52,67,316.99,0.2087,0.2446,0.039180,4.482
233688,520,409,929,231,28,171,344.66,0.9541,0.5661,0.207625,28,32,13,118.84,0.4914,0.1305,0.013090,4.083
233691,520,441,961,234,25,90,12.47,0.9659,0.5404,0.189290,4,18,42,258.93,0.7518,0.0866,0.006256,4.254
233694,520,306,826,247,98,190,345.54,0.9139,0.6660,0.322301,23,63,22,143.03,0.9105,0.2285,0.037950,4.233
233697,520,373,893,234,52,203,336.31,0.9307,0.6029,0.242628,4,45,11,145.94,0.9794,0.1573,0.019267,4.225
233703,520,418,938,196,34,249,315.08,0.9730,0.5600,0.197207,24,24,53,281.05,0.5178,0.1235,0.011045,4.050
233717,520,449,969,216,28,183,337.38,0.9425,0.5445,0.188506,23,10,11,14.91,0.3455,0.0697,0.004234,4.398
233723,520,364,884,226,73,207,333.30,0.8767,0.6104,0.254411,16,31,89,267.45,0.8521,0.1662,0.018113,4.469
233762,520,442,962,234,42,17,30.88,0.9829,0.5400,0.191920,37,6,8,19.76,0.7274,0.0837,0.005412,4.366
233765,520,432,952,220,78,17,39.17,0.9654,0.5494,0.207074,14,10,70,274.90,0.9245,0.1050,0.007526,4.469
233769,520,479,999,201,58,133,352.61,0.7755,0.5137,0.171390,0,0,5,264.05,1.0000,0.0116,0.000110,4.418
233778,520,446,966,229,11,141,353.56,0.9811,0.5426,0.188233,10,15,36,271.23,0.5507,0.0794,0.005335,4.305
233780,520,378,898,225,47,232,326.42,0.9566,0.6021,0.238690,48,21,74,304.04,0.7048,0.1630,0.016592,4.335
233792,520,401,921,220,21,230,325.87,0.9846,0.5795,0.214673,13,38,22,153.56,0.6953,0.1399,0.015297,4.053
233793,520,369,889,226,67,218,330.13,0.9079,0.6108,0.252473,34,34,67,281.59,0.4814,0.1673,0.018894,4.390
233796,520,452,972,163,59,248,304.28,0.9563,0.5294,0.176923,20,11,20,326.56,0.3221,0.0711,0.004386,4.172
233798,520,335,855,254,85,128,9.08,0.9843,0.6389,0.291298,70,37,21,45.80,0.5626,0.2031,0.026795,4.444
233811,520,424,944,205,49,217,324.84,0.9150,0.5598,0.201873,12,23,54,266.48,0.6683,0.1128,0.009573,4.228
233826,520,476,996,204,68,26,36.39,0.9280,0.5063,0.170484,8,0,1,11.38,1.0000,0.0234,0.000538,4.363
233829,520,479,999,180,68,182,327.04,0.7533,0.5149,0.172162,0,0,6,264.05,1.0000,0.0126,0.000131,4.432
233838,520,472,992,228,14,64,19.28,0.9860,0.5184,0.171812,11,1,2,12.94,0.7154,0.0310,0.000973,4.352
233868,520,416,936,226,45,176,342.32,0.9056,0.5688,0.211827,24,32,2,122.73,0.9097,0.1247,0.012316,4.202
233873,520,268,788,240,123,214,336.30,0.8759,0.7028,0.375485,38,68,45,150.39,0.5254,0.2588,0.047356,4.370
233888,520,367,887,231,6,254,323.20,0.9981,0.6124,0.242773,35,36,60,281.19,0.3673,0.1685,0.019453,4.215
233890,520,391,911,250,40,109,9.41,0.9626,0.5856,0.229492,11,34,67,257.84,0.7224,0.1511,0.016204,4.222
233896,520,392,912,248,30,159,352.13,0.9669,0.5940,0.233916,23,35,44,241.31,0.2876,0.1458,0.015660,4.324
233901,520,382,902,220,69,216,329.04,0.8898,0.6017,0.244318,32,36,42,258.37,0.1256,0.1555,0.017360,4.369
233904,520,445,965,243,7,1,29.41,0.9993,0.5437,0.192123,13,7,56,278.61,0.8935,0.0843,0.005230,4.384
233916,520,449,969,197,25,231,319.58,0.9729,0.5428,0.183366,15,4,43,289.32,0.8491,0.0680,0.003628,4.352
233926,520,422,942,247,39,11,30.80,0.9921,0.5649,0.212529,13,17,62,272.68,0.8217,0.1075,0.008342,4.500
233928,520,367,887,190,96,241,311.80,0.8806,0.6070,0.256647,62,20,59,330.50,0.6540,0.1723,0.018403,4.483
233958,520,238,758,190,161,241,300.34,0.7342,0.7255,0.427880,41,76,27,137.74,0.8452,0.2828,0.057193,4.458
233995,520,446,966,210,42,187,334.73,0.8965,0.5439,0.189475,13,7,50,280.79,0.8517,0.0782,0.004678,4.380
234007,520,212,732,196,185,176,61.89,0.1200,0.7584,0.495686,20,86,61,163.24,0.8855,0.3140,0.071409,4.495
234040,520,450,970,220,34,151,348.80,0.9104,0.5383,0.185966,2,6,52,266.71,0.9623,0.0703,0.003911,4.377
234084,520,430,950,222,62,107,8.67,0.8273,0.5480,0.200390,32,18,9,53.17,0.4448,0.0980,0.007594,4.347
234092,520,468,988,150,85,219,303.13,0.7772,0.5222,0.180959,21,0,5,3.65,1.0000,0.0435,0.001704,4.467
234099,520,466,986,194,53,186,330.48,0.8329,0.5241,0.175623,6,4,26,283.01,0.7305,0.0462,0.002001,4.339
234114,520,417,937,233,63,94,15.34,0.8729,0.5666,0.216897,26,29,7,115.97,0.6373,0.1187,0.011137,4.366
234120,520,430,950,199,5,238,318.72,0.9962,0.5461,0.184253,12,23,32,244.11,0.3670,0.0981,0.007952,4.042
234141,520,338,858,220,81,252,319.50,0.9825,0.6380,0.281306,71,32,31,22.84,0.5113,0.1967,0.024717,4.434
234146,520,354,874,252,8,214,337.21,0.9968,0.6233,0.257274,58,7,95,304.31,0.9124,0.1816,0.018778,4.468
234160,520,397,917,238,34,161,349.54,0.9468,0.5775,0.218974,60,6,29,0.37,0.7993,0.1355,0.011798,4.352
234202,520,367,887,224,66,227,327.19,0.9203,0.6123,0.252919,29,42,40,184.51,0.2167,0.1693,0.020703,4.284
234215,520,368,888,220,79,210,330.74,0.8549,0.6090,0.254628,55,30,49,336.22,0.4082,0.1731,0.019626,4.375
234221,520,467,987,202,0,201,328.63,1.0000,0.5222,0.167755,9,6,8,337.40,0.1569,0.0448,0.002059,4.183
234223,520,375,895,233,68,164,349.19,0.8493,0.5954,0.241409,71,10,15,22.11,0.8652,0.1594,0.015914,4.421
234232,520,335,855,251,42,231,332.89,0.9834,0.6430,0.279378,12,35,116,265.52,0.9288,0.2026,0.025410,4.368
234240,520,468,988,204,75,49,33.26,0.8405,0.5181,0.180934,5,6,6,196.82,0.0563,0.0402,0.001757,4.462
234252,520,402,922,252,22,115,6.69,0.9809,0.5830,0.225107,35,30,22,79.42,0.2075,0.1348,0.013438,4.337
234255,520,471,991,222,43,19,31.02,0.9751,0.5159,0.173071,6,6,5,106.86,0.0686,0.0408,0.001799,4.306
234273,520,471,991,159,70,225,306.95,0.8432,0.5171,0.171881,7,4,15,297.77,0.4950,0.0406,0.001665,4.295
234280,520,358,878,251,29,195,342.13,0.9794,0.6165,0.253314,55,24,82,305.39,0.7068,0.1845,0.020747,4.287
234282,520,336,856,226,123,47,52.67,0.8580,0.6356,0.305422,15,54,51,188.03,0.6930,0.2034,0.029788,4.455
234286,520,322,842,246,50,241,329.34,0.9740,0.6453,0.282277,47,42,86,286.30,0.5177,0.2137,0.029321,4.189
234292,520,366,886,221,56,247,321.69,0.9662,0.6124,0.249179,67,10,60,333.69,0.7799,0.1700,0.017368,4.441
234301,520,364,884,243,88,24,39.04,0.9704,0.6059,0.261033,23,40,58,250.85,0.4299,0.1681,0.020052,4.440
234311,520,473,993,204,22,185,333.62,0.9483,0.5210,0.169159,3,4,3,145.17,0.1439,0.0313,0.001128,4.287
234327,520,331,851,250,85,147,1.08,0.9295,0.6378,0.289308,21,51,57,212.39,0.5197,0.1994,0.028224,4.338
234330,520,427,947,229,19,175,342.84,0.9721,0.5610,0.202216,28,20,22,1.70,0.1659,0.1010,0.008051,4.345
234344,520,446,966,228,50,64,22.78,0.9232,0.5386,0.191482,14,18,1,119.44,0.8827,0.0755,0.005282,4.368
234371,520,388,908,242,75,18,36.33,0.9806,0.5873,0.239563,32,32,45,284.49,0.2303,0.1462,0.015296,4.435
234393,520,339,859,246,38,248,327.80,0.9852,0.6433,0.277592,10,28,122,266.16,0.9588,0.1959,0.023000,4.488
234407,520,464,984,225,15,108,4.38,0.9726,0.5232,0.174347,10,11,0,112.85,1.0000,0.0545,0.003039,4.230
234414,520,329,849,252,84,179,349.48,0.9643,0.6524,0.302939,2,59,29,153.71,0.9890,0.2088,0.032294,4.289
234426,520,397,917,236,16,191,339.79,0.9848,0.5821,0.219679,25,32,41,254.87,0.2196,0.1375,0.013998,4.214
234430,520,342,862,247,2,236,330.83,0.9994,0.6269,0.258767,72,29,33,16.27,0.5505,0.1933,0.023665,4.192
234437,520,480,1000,162,62,222,309.40,0.8581,0.5091,0.164013,0,0,0,0.00,0.0000,0.0000,0.000000,4.280
234443,520,354,874,255,29,186,345.49,1.0000,0.6194,0.256874,48,13,101,293.16,0.8911,0.1793,0.018558,4.476
234464,520,372,892,233,53,217,332.22,0.9416,0.6102,0.248821,28,32,85,275.02,0.7082,0.1724,0.019357,4.308
234480,520,410,930,236,44,133,359.14,0.9129,0.5681,0.213307,49,18,38,343.00,0.5458,0.1349,0.012256,4.229
234484,520,436,956,183,52,244,311.81,0.9439,0.5481,0.190560,4,0,72,267.94,1.0000,0.0860,0.004936,4.379
234506,520,440,960,242,16,65,20.22,0.9886,0.5490,0.196329,31,2,53,305.29,0.9167,0.0933,0.005918,4.405
234516,520,465,985,176,67,206,318.16,0.8086,0.5234,0.177017,2,9,23,256.22,0.6810,0.0520,0.002701,4.308
234519,520,470,990,228,29,42,25.72,0.9734,0.5213,0.175428,18,2,0,39.85,1.0000,0.0423,0.001720,4.359
234529,520,366,886,205,90,228,320.64,0.8495,0.6109,0.258944,51,34,39,359.76,0.2440,0.1718,0.019944,4.417
234530,520,478,998,177,71,168,331.07,0.7071,0.5056,0.166820,3,0,15,291.58,1.0000,0.0243,0.000538,4.290
234540,520,433,953,213,25,197,332.57,0.9575,0.5463,0.188747,25,0,72,287.35,1.0000,0.1033,0.006745,4.207
234545,520,410,930,244,27,119,4.35,0.9662,0.5699,0.213522,23,31,31,196.38,0.1531,0.1283,0.012610,4.209
234551,520,405,925,207,76,194,331.90,0.7971,0.5753,0.223311,30,20,69,287.12,0.7152,0.1346,0.012060,4.404
234558,520,416,936,242,12,141,356.22,0.9865,0.5689,0.210665,12,28,39,240.23,0.4644,0.1157,0.010551,4.305
234559,520,480,1000,195,16,198,327.48,0.9679,0.5113,0.160516,0,0,0,0.00,0.0000,0.0000,0.000000,4.210
234563,520,399,919,225,69,151,352.28,0.8109,0.5766,0.225007,35,2,89,288.97,0.9787,0.1382,0.011220,4.492
234573,520,425,945,250,8,54,23.01,0.9961,0.5625,0.207677,42,13,25,356.42,0.5574,0.1088,0.008503,4.404
234592,520,471,991,178,40,230,313.94,0.9368,0.5196,0.166968,20,1,0,33.69,1.0000,0.0426,0.001705,4.196
234602,520,382,902,232,5,234,327.89,0.9976,0.5996,0.232074,0,47,9,146.15,1.0000,0.1624,0.020527,4.000
234608,520,443,963,210,23,204,329.88,0.9645,0.5447,0.186761,27,10,16,358.33,0.4251,0.0767,0.004875,4.315
234610,520,414,934,215,40,221,326.65,0.9492,0.5733,0.211871,38,6,67,302.09,0.8685,0.1222,0.009476,4.403
234628,520,163,683,253,178,183,14.72,0.8960,0.8087,0.561444,11,91,107,215.90,0.9025,0.3476,0.086144,4.491
234629,520,455,975,229,7,101,7.25,0.9893,0.5274,0.177525,24,2,29,320.43,0.8017,0.0639,0.003263,4.272
234631,520,452,972,183,28,239,313.73,0.9700,0.5281,0.171309,21,10,10,19.43,0.3037,0.0669,0.003984,4.100
234632,520,467,987,219,45,100,8.54,0.8794,0.5245,0.178595,19,0,14,337.76,1.0000,0.0440,0.001702,4.421
234677,520,469,989,227,17,93,10.06,0.9737,0.5236,0.175250,2,1,29,272.74,0.9705,0.0369,0.001233,4.397
234678,520,476,996,208,68,12,37.87,0.9720,0.5132,0.175730,3,0,13,294.85,1.0000,0.0230,0.000484,4.471
234680,520,310,830,236,107,196,341.03,0.8299,0.6639,0.323362,1,62,3,143.00,0.9982,0.2153,0.034581,4.414
234684,520,368,888,227,87,162,350.32,0.7694,0.6064,0.257583,22,30,90,271.40,0.8166,0.1686,0.018372,4.499
234698,520,413,933,252,15,61,21.82,0.9924,0.5693,0.213778,38,17,42,321.03,0.5322,0.1180,0.009802,4.411
234699,520,308,828,218,122,221,326.07,0.7716,0.6739,0.340465,43,59,38,138.38,0.3885,0.2324,0.037814,4.447
234719,520,453,973,158,74,230,305.07,0.8525,0.5251,0.178803,7,7,42,275.18,0.8445,0.0661,0.003643,4.265
234729,520,449,969,229,49,26,30.93,0.9662,0.5356,0.189322,28,5,24,334.74,0.6577,0.0726,0.004214,4.414
234739,520,325,845,241,51,255,324.95,1.0000,0.6469,0.282910,44,48,64,273.68,0.2262,0.2116,0.030195,4.151
234756,520,236,756,211,164,202,333.03,0.4516,0.7366,0.446650,17,82,15,142.55,0.9777,0.2905,0.061880,4.439
234759,520,331,851,253,5,242,330.77,0.9988,0.6419,0.274051,76,31,8,44.62,0.8003,0.1996,0.025342,4.301
234761,520,411,931,234,40,142,355.31,0.9196,0.5650,0.209659,12,29,34,218.95,0.4319,0.1159,0.010723,4.276
234764,520,452,972,183,58,210,319.83,0.8533,0.5272,0.177478,3,17,14,179.40,0.6439,0.0680,0.004519,4.172
234769,520,51,571,255,240,129,101.68,1.0000,0.9356,0.851662,1,124,87,163.85,0.9978,0.4430,0.151092,4.484
234775,520,470,990,215,41,124,357.99,0.8708,0.5216,0.174906,12,2,9,336.84,0.6028,0.0380,0.001413,4.374
234786,520,448,968,237,28,7,30.16,0.9940,0.5377,0.188536,3,16,42,260.22,0.8129,0.0812,0.005571,4.292
234790,520,452,972,166,64,241,306.35,0.9173,0.5328,0.181253,16,15,14,67.65,0.0405,0.0732,0.004835,4.217
234791,520,380,900,236,49,197,338.47,0.9340,0.6010,0.240635,10,16,110,267.57,0.9756,0.1618,0.015608,4.430
234800,520,433,953,196,6,245,316.36,0.9960,0.5472,0.184600,32,20,16,39.21,0.2795,0.1042,0.008448,4.014
234827,520,430,950,184,32,255,310.50,1.0000,0.5455,0.184444,6,19,52,264.22,0.8008,0.0983,0.007524,4.076
234849,520,442,962,202,59,179,335.21,0.8147,0.5395,0.189410,30,6,25,336.32,0.6393,0.0780,0.004765,4.372
234882,520,477,997,185,85,83,23.18,0.6245,0.5061,0.174374,5,0,3,340.52,1.0000,0.0201,0.000388,4.453
234916,520,397,917,226,56,184,340.09,0.8839,0.5815,0.224603,17,30,60,264.66,0.5941,0.1382,0.013739,4.308
234921,520,345,865,204,120,179,339.02,0.5667,0.6308,0.295264,37,50,19,128.14,0.6289,0.1949,0.027215,4.471
234925,520,476,996,186,76,130,352.39,0.6505,0.5087,0.172212,6,0,5,332.72,1.0000,0.0228,0.000497,4.401
234932,520,363,883,233,27,232,328.53,0.9839,0.6055,0.239362,26,32,79,273.67,0.6728,0.1653,0.018171,4.245
234939,520,14,534,246,255,210,116.68,1.0000,0.9790,0.957659,47,133,47,143.22,0.9429,0.4735,0.175840,4.462
234966,520,433,953,239,5,119,2.77,0.9938,0.5534,0.197944,16,16,52,278.11,0.6969,0.0984,0.007287,4.328
234972,520,471,991,185,31,218,319.19,0.9453,0.5156,0.163575,11,2,24,301.83,0.7863,0.0447,0.001805,4.123
234976,520,477,997,180,31,227,315.52,0.9534,0.5147,0.162305,0,0,14,264.05,1.0000,0.0188,0.000317,4.219
234989,520,456,976,225,49,25,31.14,0.9652,0.5274,0.182772,21,4,12,350.57,0.5790,0.0552,0.002728,4.415
235004,520,447,967,235,11,106,6.63,0.9858,0.5423,0.189452,9,19,25,235.59,0.3450,0.0820,0.005940,4.281
235027,520,459,979,225,57,27,32.30,0.9584,0.5349,0.190157,9,8,35,279.79,0.6974,0.0638,0.003531,4.486
235047,520,407,927,214,48,208,329.75,0.9151,0.5683,0.209662,56,5,40,343.97,0.7955,0.1312,0.011026,4.255
235053,520,390,910,238,47,170,347.13,0.9212,0.5894,0.231154,3,43,19,152.40,0.9710,0.1514,0.017941,4.138
235071,520,321,841,219,124,147,5.14,0.5910,0.6471,0.315839,8,56,57,197.08,0.8377,0.2103,0.031752,4.475
235072,520,361,881,228,100,139,3.43,0.7284,0.6180,0.274748,0,38,97,259.30,1.0000,0.1847,0.022491,4.480
235084,520,442,962,241,2,31,26.56,0.9990,0.5396,0.188465,8,15,44,269.30,0.7114,0.0840,0.005751,4.277
235088,520,433,953,224,62,83,18.34,0.8609,0.5458,0.199198,43,11,9,26.54,0.6851,0.1027,0.007727,4.317
235091,520,380,900,228,51,222,329.66,0.9440,0.6033,0.241379,14,21,103,268.94,0.9500,0.1618,0.016089,4.409
235092,520,222,742,253,152,137,29.21,0.9528,0.7451,0.451479,60,76,25,124.61,0.7306,0.2974,0.061997,4.478
235095,520,469,989,155,80,212,307.49,0.7669,0.5156,0.174599,14,3,4,13.11,0.5146,0.0411,0.001673,4.347
235106,520,449,969,242,5,18,28.18,0.9978,0.5417,0.190329,4,8,48,269.03,0.9180,0.0714,0.004129,4.440
235126,520,218,738,254,131,246,329.75,0.9955,0.7508,0.439597,2,85,33,148.87,0.9964,0.3000,0.066194,4.214
235133,520,427,947,214,42,196,333.14,0.9145,0.5565,0.199397,12,25,15,150.61,0.4603,0.0969,0.008079,4.294
235147,520,428,948,234,26,140,355.34,0.9550,0.5570,0.201276,34,2,57,305.75,0.9252,0.1014,0.006789,4.425
235159,520,386,906,208,54,252,317.15,0.9845,0.5941,0.230781,46,26,52,318.14,0.4634,0.1532,0.015676,4.275
235174,520,415,935,226,84,11,40.90,0.9803,0.5687,0.225362,11,32,23,163.72,0.5794,0.1200,0.011660,4.466
235183,520,455,975,224,56,50,27.53,0.9191,0.5341,0.189087,13,12,9,91.86,0.1171,0.0621,0.003682,4.454
235189,520,466,986,191,75,142,347.67,0.6806,0.5209,0.180631,21,0,27,319.33,1.0000,0.0542,0.002386,4.403
235199,520,389,909,234,90,30,39.84,0.9467,0.5927,0.249014,5,44,14,147.42,0.9675,0.1547,0.018653,4.355
235221,520,479,999,128,76,247,290.86,0.9406,0.5064,0.164734,0,1,0,142.50,1.0000,0.0135,0.000217,4.276
235231,520,424,944,247,0,65,20.04,1.0000,0.5560,0.201594,1,25,50,250.87,0.9142,0.1087,0.009320,4.241
235234,520,439,959,133,104,234,289.94,0.8020,0.5476,0.208275,3,23,36,238.88,0.7449,0.0948,0.007595,4.484
235241,520,391,911,248,29,153,354.00,0.9676,0.5911,0.231385,36,18,81,289.50,0.7957,0.1495,0.014017,4.395
235257,520,445,965,240,12,41,25.27,0.9934,0.5405,0.189517,16,15,19,296.95,0.1179,0.0750,0.004988,4.356
235266,520,457,977,203,39,181,334.63,0.8872,0.5257,0.174857,30,0,12,357.19,1.0000,0.0610,0.003026,4.240
235278,520,357,877,233,84,168,349.08,0.8141,0.6153,0.264940,82,12,11,27.02,0.9101,0.1849,0.020813,4.448
235285,520,469,989,194,30,200,326.55,0.9315,0.5168,0.165696,0,3,31,263.44,1.0009,0.0417,0.001640,4.177
235296,520,478,998,178,64,185,325.41,0.7727,0.5086,0.166358,1,0,11,279.92,1.0000,0.0185,0.000306,4.301
235304,520,416,936,240,30,133,359.06,0.9543,0.5679,0.211504,32,26,31,331.59,0.1414,0.1240,0.011448,4.256
235311,520,418,938,239,26,111,6.18,0.9637,0.5568,0.202404,15,34,2,134.34,0.9641,0.1241,0.012500,4.038
235312,520,433,953,229,64,25,33.86,0.9628,0.5500,0.203979,27,3,65,292.17,0.9362,0.1018,0.006798,4.472
235319,520,362,882,253,35,160,352.99,0.9832,0.6064,0.246263,48,36,52,317.56,0.2761,0.1786,0.021381,4.150
235322,520,454,974,217,23,159,345.08,0.9438,0.5311,0.178701,19,6,40,296.59,0.7546,0.0732,0.004219,4.218
235328,520,432,952,223,43,143,352.76,0.8848,0.5462,0.194015,23,22,3,106.66,0.7397,0.0953,0.007626,4.234
235342,520,458,978,159,74,230,305.43,0.8526,0.5264,0.179822,9,11,20,274.07,0.3000,0.0606,0.003479,4.297
235353,520,399,919,242,67,23,34.10,0.9751,0.5786,0.229567,25,35,33,181.45,0.1869,0.1424,0.015185,4.289
235354,520,476,996,139,96,187,304.12,0.5919,0.5053,0.174428,6,0,3,344.76,1.0000,0.0216,0.000453,4.448
235361,520,445,965,233,42,21,30.49,0.9774,0.5381,0.190368,30,0,48,309.03,1.0000,0.0840,0.004894,4.379
235367,520,447,967,238,6,45,24.21,0.9964,0.5353,0.185002,27,11,18,352.92,0.4008,0.0793,0.005161,4.260
235369,520,373,893,255,46,100,13.46,1.0000,0.5970,0.241378,21,14,109,272.53,0.9659,0.1638,0.015775,4.430
235382,520,348,868,230,79,217,331.48,0.8913,0.6292,0.274270,73,21,58,340.91,0.6714,0.1929,0.022585,4.467
235407,520,313,833,245,107,148,4.00,0.8407,0.6592,0.320689,14,59,58,192.92,0.7487,0.2223,0.035266,4.347
235413,520,382,902,234,27,216,332.70,0.9787,0.5968,0.232368,46,29,57,311.05,0.4531,0.1627,0.017550,4.180
235422,520,443,963,198,58,198,327.97,0.8453,0.5433,0.191107,15,17,25,273.68,0.2228,0.0815,0.005726,4.327
235439,520,313,833,241,115,118,20.43,0.8143,0.6567,0.322730,50,48,76,286.58,0.3448,0.2246,0.033138,4.483
235465,520,393,913,243,72,27,34.64,0.9690,0.5862,0.237718,19,38,2,132.89,0.9663,0.1397,0.015290,4.407
235467,520,477,997,194,71,125,356.33,0.6983,0.5135,0.174582,7,0,5,336.40,1.0000,0.0242,0.000561,4.442
235469,520,477,997,137,93,202,299.90,0.6743,0.5075,0.174115,2,2,0,109.77,1.0000,0.0218,0.000563,4.432
235482,520,374,894,237,30,203,336.82,0.9713,0.5956,0.232477,24,23,94,274.78,0.8780,0.1606,0.016151,4.270
235507,520,444,964,229,51,74,19.91,0.9127,0.5432,0.195230,15,13,42,282.22,0.6341,0.0834,0.005566,4.413
235508,520,419,939,238,48,72,20.74,0.9372,0.5585,0.207621,13,13,72,272.95,0.9169,0.1111,0.008412,4.410
235512,520,358,878,231,37,250,323.84,0.9823,0.6190,0.252165,46,24,87,294.43,0.7401,0.1770,0.019222,4.365
235513,520,392,912,180,117,165,335.82,0.4494,0.5865,0.251434,10,41,40,192.17,0.6709,0.1546,0.018035,4.431
235530,520,389,909,232,40,205,335.16,0.9520,0.5927,0.230838,1,34,65,250.63,0.9439,0.1452,0.015321,4.299
235542,520,380,900,231,63,193,338.72,0.8894,0.6012,0.243967,34,35,57,281.24,0.3476,0.1630,0.018375,4.299
235544,520,465,985,201,11,194,330.25,0.9787,0.5180,0.165537,14,2,25,307.21,0.7882,0.0486,0.002070,4.139
235545,520,470,990,176,54,222,314.63,0.8868,0.5215,0.171434,3,6,8,230.67,0.2641,0.0389,0.001671,4.285
235569,520,476,996,187,69,158,338.64,0.7184,0.5138,0.172912,1,1,7,277.79,0.7136,0.0203,0.000435,4.420
235590,520,379,899,232,78,156,352.90,0.8117,0.6013,0.250075,16,44,2,136.98,0.9835,0.1577,0.019158,4.339
235617,520,330,850,225,118,120,19.98,0.6723,0.6372,0.303227,6,53,78,238.34,0.8463,0.2122,0.031348,4.342
235625,520,273,793,245,106,239,329.28,0.9558,0.6980,0.359550,106,29,48,9.87,0.7222,0.2640,0.041568,4.473
235627,520,479,999,216,7,127,355.54,0.9817,0.5096,0.162857,0,0,8,264.05,1.0000,0.0143,0.000175,4.242
235636,520,361,881,254,41,179,347.60,0.9920,0.6198,0.259148,46,26,90,292.52,0.7339,0.1832,0.020578,4.380
235638,520,429,949,236,5,119,2.24,0.9931,0.5472,0.192764,19,25,13,129.94,0.3699,0.1018,0.008628,4.141
235651,520,426,946,200,55,219,322.76,0.8983,0.5580,0.201278,35,6,61,302.74,0.8483,0.1122,0.008245,4.314
235657,520,407,927,223,38,193,336.30,0.9345,0.5683,0.209269,28,31,15,117.39,0.4093,0.1280,0.012613,4.141
235664,520,425,945,195,94,140,353.33,0.5939,0.5557,0.215025,28,26,1,105.45,0.9237,0.1113,0.009879,4.426
235682,520,468,988,228,24,11,29.64,0.9893,0.5168,0.171744,1,7,9,213.10,0.6534,0.0398,0.001781,4.282
235696,520,410,930,238,7,173,345.35,0.9925,0.5744,0.213492,6,28,66,260.27,0.8384,0.1323,0.012625,4.207
235708,520,401,921,230,59,161,348.93,0.8632,0.5800,0.225268,59,11,40,347.68,0.7218,0.1440,0.013225,4.354
235717,520,464,984,141,75,250,295.04,0.9585,0.5224,0.175971,18,1,30,309.49,0.8856,0.0545,0.002441,4.309
235735,520,210,730,236,161,193,352.32,0.6539,0.7569,0.471746,53,75,99,251.22,0.3450,0.3138,0.066897,4.463
235740,520,474,994,200,14,196,329.41,0.9733,0.5183,0.165808,5,2,14,296.66,0.6595,0.0326,0.001074,4.225
235744,520,424,944,145,100,242,294.28,0.8573,0.5592,0.215449,13,28,32,216.68,0.3764,0.1127,0.010203,4.409
235764,520,427,947,230,12,173,343.59,0.9837,0.5600,0.201058,3,6,75,266.58,0.9833,0.0986,0.006576,4.438
235769,520,473,993,218,50,39,28.95,0.9327,0.5151,0.173357,7,2,6,332.91,0.4724,0.0312,0.001017,4.378
235789,520,418,938,222,83,8,41.29,0.9837,0.5598,0.217362,45,15,29,353.09,0.5487,0.1189,0.009883,4.465
235793,520,389,909,175,100,237,306.85,0.8330,0.5908,0.243433,45,30,33,5.66,0.2322,0.1515,0.015963,4.448
235796,520,422,942,226,35,170,343.96,0.9287,0.5595,0.202757,11,26,31,221.46,0.4079,0.1052,0.009088,4.278
235799,520,449,969,206,69,135,354.35,0.7461,0.5361,0.191294,7,14,31,265.05,0.5338,0.0717,0.004582,4.421
235817,520,463,983,217,4,168,341.98,0.9915,0.5305,0.176681,11,3,33,290.83,0.8213,0.0536,0.002461,4.321
235826,520,268,788,227,138,184,348.18,0.6429,0.6976,0.379704,62,60,57,78.25,0.0436,0.2603,0.045513,4.499
235833,520,366,886,247,51,179,346.44,0.9414,0.6131,0.253997,69,21,15,29.86,0.7422,0.1695,0.018362,4.447
235841,520,413,933,247,30,104,9.92,0.9671,0.5729,0.217057,26,9,78,283.67,0.9070,0.1232,0.009650,4.477
235842,520,397,917,253,0,117,5.60,1.0000,0.5806,0.221707,39,13,73,297.78,0.8052,0.1380,0.012002,4.382
235854,520,407,927,214,44,208,329.77,0.9248,0.5654,0.206536,37,28,25,39.25,0.1708,0.1330,0.012940,4.076
235861,520,460,980,226,5,137,354.16,0.9902,0.5336,0.180862,24,4,1,37.96,0.8339,0.0561,0.002832,4.370
235872,520,434,954,236,2,129,358.82,0.9971,0.5501,0.194644,48,1,0,30.27,1.0000,0.0955,0.006502,4.330
235894,520,365,885,250,51,155,354.78,0.9551,0.6082,0.250616,28,28,87,276.85,0.7651,0.1658,0.017654,4.443
235909,520,454,974,222,47,83,15.59,0.8975,0.5277,0.181899,6,10,43,271.10,0.8227,0.0719,0.004302,4.271
235913,520,339,859,209,97,245,317.10,0.9261,0.6372,0.286987,89,12,32,12.32,0.8417,0.2047,0.024914,4.498
235917,520,384,904,226,91,114,12.74,0.7507,0.5936,0.248683,14,42,23,151.91,0.7504,0.1537,0.018111,4.385
235920,520,336,856,249,71,196,342.43,0.9541,0.6415,0.286348,34,42,84,272.91,0.5559,0.2001,0.026360,4.405
235929,520,247,767,195,164,201,320.81,0.3592,0.7186,0.423706,27,72,87,223.17,0.6239,0.2829,0.055556,4.488
235930,520,478,998,212,42,117,0.19,0.8614,0.5138,0.169397,0,1,10,262.28,1.0000,0.0204,0.000436,4.350
235950,520,230,750,252,156,62,60.90,0.9577,0.7393,0.448229,46,77,52,149.36,0.4930,0.2948,0.061364,4.474
235951,520,424,944,193,58,237,316.13,0.9180,0.5629,0.204793,1,11,81,264.67,0.9776,0.1123,0.008398,4.363
235963,520,391,911,238,68,121,6.57,0.8620,0.5885,0.236949,63,13,16,21.54,0.7784,0.1460,0.013822,4.496
235967,520,291,811,226,108,244,322.18,0.9325,0.6760,0.334273,35,51,105,268.47,0.6432,0.2406,0.037448,4.394
235968,520,343,863,222,87,227,326.29,0.8804,0.6319,0.278940,30,44,65,258.29,0.3865,0.1888,0.024590,4.410
235970,520,463,983,136,84,249,292.34,0.9432,0.5289,0.184144,8,9,3,114.80,0.4221,0.0492,0.002536,4.457
235973,520,352,872,229,77,216,331.50,0.8912,0.6248,0.269259,38,48,4,121.88,0.9087,0.1876,0.025347,4.237
235978,520,309,829,238,80,239,327.63,0.9419,0.6561,0.301489,81,29,56,350.69,0.6014,0.2186,0.029138,4.441
235982,520,423,943,216,85,56,34.03,0.8346,0.5554,0.213838,5,28,34,217.50,0.6804,0.1092,0.009782,4.413
235993,520,410,930,167,91,235,305.40,0.8381,0.5651,0.216964,37,26,38,323.64,0.2734,0.1334,0.012721,4.256
236014,520,372,892,248,35,184,344.70,0.9661,0.6079,0.246225,36,31,71,286.19,0.5577,0.1653,0.018100,4.350
236015,520,415,935,231,33,179,342.31,0.9469,0.5725,0.213340,35,26,0,91.13,1.0000,0.1197,0.010961,4.320
236046,520,415,935,196,70,219,321.07,0.8552,0.5666,0.212320,15,32,2,133.37,0.9557,0.1177,0.011389,4.273
236047,520,197,717,242,158,234,330.16,0.9067,0.7753,0.492732,17,91,12,142.16,0.9860,0.3212,0.076276,4.298
236070,520,455,975,230,13,99,8.29,0.9813,0.5303,0.180147,22,2,32,313.16,0.8242,0.0632,0.003183,4.327
236094,520,410,930,203,58,229,321.00,0.9128,0.5725,0.213814,55,11,27,2.17,0.7023,0.1306,0.011308,4.303
236098,520,235,755,216,153,248,313.70,0.8906,0.7413,0.441597,17,81,0,140.46,1.0000,0.2859,0.060038,4.468
236102,520,437,957,194,22,244,315.85,0.9827,0.5473,0.185762,32,1,46,312.92,0.9323,0.0869,0.005261,4.266
236117,520,431,951,222,30,179,340.10,0.9419,0.5543,0.197153,49,2,11,15.00,0.9126,0.1016,0.007207,4.320
236123,520,297,817,253,106,186,349.31,0.9690,0.6847,0.347389,2,68,10,144.13,0.9965,0.2375,0.041689,4.334
236124,520,397,917,209,36,248,318.75,0.9733,0.5809,0.215961,44,18,64,307.26,0.6888,0.1441,0.013383,4.196
236127,520,446,966,218,29,169,342.21,0.9324,0.5408,0.186511,30,8,17,356.22,0.5383,0.0780,0.004902,4.308
236131,520,464,984,229,31,44,25.52,0.9706,0.5247,0.178228,5,4,26,279.92,0.7484,0.0452,0.001937,4.394
236141,520,422,942,246,29,30,28.09,0.9838,0.5584,0.205688,44,0,57,316.84,1.0000,0.1146,0.008309,4.385
236144,520,372,892,233,65,194,338.97,0.8908,0.6071,0.250019,37,39,54,278.51,0.2370,0.1748,0.021107,4.219
236148,520,330,850,184,116,247,305.90,0.8840,0.6354,0.293971,41,43,91,278.59,0.5671,0.2141,0.029544,4.324
236151,520,421,941,200,10,253,315.68,0.9948,0.5612,0.195898,24,20,40,291.79,0.4134,0.1054,0.008477,4.205
236176,520,397,917,239,49,140,357.61,0.9075,0.5800,0.224439,5,41,10,145.60,0.9684,0.1438,0.016400,4.133
236177,520,452,972,220,5,160,345.22,0.9894,0.5323,0.178648,14,0,55,283.17,1.0000,0.0720,0.003692,4.259
236192,520,357,877,255,28,191,344.07,1.0000,0.6215,0.258556,1,44,72,243.59,0.9543,0.1795,0.022756,4.241
236197,520,421,941,235,2,159,348.89,0.9973,0.5607,0.202118,13,30,2,134.21,0.9541,0.1101,0.010185,4.189
236231,520,459,979,231,16,79,15.17,0.9815,0.5283,0.179271,14,4,28,300.77,0.7144,0.0550,0.002640,4.355
236234,520,181,701,254,162,206,349.96,0.9716,0.7865,0.513700,75,82,18,115.62,0.8265,0.3292,0.075741,4.483
236235,520,458,978,184,57,211,319.92,0.8596,0.5285,0.178210,19,6,21,322.33,0.5330,0.0607,0.003229,4.287
236240,520,350,870,245,45,220,334.28,0.9673,0.6275,0.264595,36,29,98,280.74,0.7798,0.1859,0.021356,4.409
236241,520,476,996,225,12,55,21.40,0.9889,0.5100,0.165492,6,0,7,324.68,1.0000,0.0239,0.000541,4.264
236246,520,406,926,223,43,215,330.25,0.9453,0.5849,0.223243,18,29,50,262.46,0.4669,0.1290,0.012376,4.381
236249,520,363,883,230,43,234,327.23,0.9669,0.6094,0.244936,73,12,32,6.28,0.7763,0.1702,0.017839,4.348
236259,520,448,968,233,8,103,7.24,0.9891,0.5366,0.184796,10,0,67,274.32,1.0000,0.0835,0.004697,4.293
236262,520,477,997,190,16,210,322.89,0.9735,0.5114,0.159724,4,0,3,335.23,1.0000,0.0185,0.000324,4.167
236275,520,379,899,199,82,239,316.30,0.9010,0.5992,0.244100,28,15,104,277.31,0.9384,0.1638,0.015879,4.464
236280,520,477,997,144,87,204,303.81,0.7077,0.5067,0.171056,1,1,11,275.11,0.8474,0.0225,0.000523,4.375
236286,520,386,906,226,9,234,326.45,0.9952,0.5898,0.223070,52,2,79,308.72,0.9547,0.1511,0.013381,4.308
236287,520,239,759,239,137,222,333.45,0.8732,0.7283,0.415180,45,76,14,132.78,0.9272,0.2839,0.057583,4.324
236288,520,172,692,229,179,220,332.57,0.6104,0.7955,0.540666,8,93,83,182.08,0.9508,0.3422,0.085045,4.374
236320,520,461,981,218,47,107,5.86,0.8647,0.5262,0.180025,13,1,29,301.28,0.8949,0.0480,0.001960,4.427
236357,520,319,839,217,137,11,68.49,0.9703,0.6480,0.326691,16,57,62,206.51,0.6846,0.2185,0.033841,4.493
236372,520,479,999,183,35,216,319.00,0.9317,0.5130,0.162285,0,0,8,264.05,1.0000,0.0143,0.000175,4.231
236381,520,465,985,146,77,233,299.68,0.8581,0.5163,0.173022,15,6,7,10.92,0.3182,0.0505,0.002472,4.250
236384,520,415,935,239,42,113,6.61,0.9285,0.5660,0.212021,23,10,80,280.12,0.9185,0.1239,0.009784,4.383
236386,520,432,952,234,51,13,32.48,0.9865,0.5469,0.198922,8,2,76,270.60,0.9922,0.0971,0.006168,4.432
236394,520,382,902,226,27,246,323.62,0.9861,0.6034,0.236087,4,43,49,210.12,0.8576,0.1630,0.019752,4.101
236407,520,446,966,233,42,46,26.42,0.9570,0.5402,0.191799,5,15,47,265.70,0.8199,0.0845,0.005791,4.334
236411,520,465,985,192,80,110,6.09,0.6463,0.5176,0.180713,11,6,10,332.62,0.2478,0.0473,0.002233,4.417
236427,520,469,989,183,25,228,316.31,0.9669,0.5174,0.163652,15,1,8,346.02,0.7459,0.0386,0.001408,4.156
236447,520,322,842,248,66,228,333.02,0.9679,0.6525,0.294572,63,43,25,62.29,0.4450,0.2071,0.028548,4.387
236456,520,465,985,165,68,218,310.97,0.8306,0.5174,0.171963,16,1,31,304.66,0.8983,0.0529,0.002308,4.243
236465,520,330,850,207,97,247,315.96,0.9366,0.6358,0.285315,74,28,59,341.92,0.5868,0.2058,0.026023,4.411
236472,520,474,994,199,64,134,352.33,0.7469,0.5172,0.175320,8,0,17,308.71,1.0000,0.0318,0.000921,4.425
236479,520,319,839,245,107,96,27.00,0.8964,0.6457,0.307754,95,21,8,32.37,0.9200,0.2228,0.029872,4.479
236484,520,76,596,222,228,243,268.42,0.4291,0.9054,0.774872,27,119,31,143.44,0.9771,0.4198,0.135250,4.453
236498,520,472,992,220,10,124,357.53,0.9774,0.5173,0.168906,8,1,9,324.46,0.7050,0.0307,0.000931,4.298
236499,520,387,907,228,50,205,334.23,0.9274,0.5921,0.231854,52,12,65,316.47,0.7686,0.1490,0.013747,4.421
236510,520,294,814,247,129,4,55.10,0.9960,0.6775,0.354864,6,68,35,153.60,0.9737,0.2425,0.042941,4.356
236526,520,320,840,252,64,209,339.09,0.9808,0.6471,0.289688,53,49,18,102.02,0.6027,0.2085,0.029972,4.248
236546,520,473,993,210,17,174,338.48,0.9605,0.5237,0.171607,6,1,19,296.63,0.8395,0.0338,0.001074,4.339
236548,520,464,984,197,13,205,326.17,0.9785,0.5190,0.165676,14,3,16,322.32,0.6138,0.0458,0.001959,4.151
236551,520,454,974,223,8,145,350.86,0.9834,0.5317,0.179086,29,8,6,28.50,0.5857,0.0732,0.004481,4.205
236560,520,344,864,236,54,245,325.98,0.9665,0.6339,0.270662,61,28,62,326.18,0.5478,0.1858,0.021705,4.472
236572,520,342,862,251,77,137,3.89,0.9481,0.6271,0.276265,49,32,85,294.91,0.6312,0.1935,0.023419,4.444
236578,520,426,946,238,40,88,14.82,0.9426,0.5561,0.204025,13,28,16,149.42,0.5145,0.1068,0.009535,4.267
236608,520,468,988,188,66,177,331.58,0.7633,0.5224,0.177636,13,2,12,330.32,0.6451,0.0403,0.001555,4.415
236617,520,261,781,250,144,3,61.47,0.9975,0.7100,0.402799,34,74,19,138.41,0.9288,0.2709,0.052845,4.403
236652,520,476,996,148,70,237,300.41,0.8902,0.5127,0.167910,3,1,9,297.22,0.7058,0.0244,0.000608,4.306
236666,520,39,559,249,238,236,29.87,0.4562,0.9501,0.873453,53,125,60,145.42,0.8748,0.4526,0.157498,4.450
236676,520,305,825,216,106,254,316.54,0.9911,0.6655,0.320642,56,49,78,294.57,0.3469,0.2349,0.035874,4.316
236686,520,299,819,238,120,137,12.45,0.7566,0.6654,0.334188,35,59,55,182.72,0.3409,0.2319,0.037610,4.385
236687,520,281,801,254,108,193,347.09,0.9856,0.6920,0.356492,47,60,71,244.14,0.2110,0.2516,0.042909,4.375
236695,520,454,974,197,88,59,35.90,0.7454,0.5270,0.191674,1,12,35,258.07,0.8919,0.0655,0.003907,4.483
236720,520,436,956,243,17,43,25.22,0.9906,0.5485,0.196335,35,6,36,326.48,0.7192,0.0921,0.006150,4.387
236723,520,464,984,140,82,238,295.86,0.8726,0.5208,0.177832,3,10,15,233.15,0.4596,0.0511,0.002709,4.322
236724,520,465,985,220,3,137,352.82,0.9928,0.5210,0.170895,8,4,32,284.30,0.7926,0.0524,0.002427,4.213
236740,520,273,793,233,114,250,322.49,0.9693,0.6981,0.362623,62,59,58,39.43,0.0332,0.2580,0.044576,4.363
236746,520,377,897,229,83,146,357.00,0.7799,0.5983,0.249224,21,39,45,221.15,0.3612,0.1566,0.017999,4.400
236764,520,382,902,223,82,169,345.93,0.7784,0.5963,0.245894,15,21,102,269.44,0.9462,0.1611,0.015971,4.485
236765,520,346,866,250,7,227,333.60,0.9976,0.6273,0.260251,17,20,123,268.99,0.9698,0.1878,0.020494,4.401
236766,520,444,964,225,58,59,25.52,0.9065,0.5393,0.193522,34,8,16,3.35,0.5895,0.0841,0.005512,4.387
236767,520,401,921,228,34,205,334.16,0.9584,0.5824,0.220483,32,19,72,288.64,0.7432,0.1378,0.012407,4.334
236801,520,288,808,224,117,228,325.97,0.8399,0.6777,0.341731,1,70,15,145.28,0.9981,0.2448,0.044211,4.158
236802,520,408,928,172,97,225,308.94,0.7771,0.5738,0.227569,0,38,17,154.55,1.0000,0.1326,0.014266,4.319
236815,520,375,895,245,27,184,343.90,0.9746,0.5988,0.236602,35,32,61,286.85,0.4415,0.1591,0.017273,4.260
236820,520,387,907,240,69,104,13.48,0.8837,0.5886,0.237841,24,32,62,270.58,0.5155,0.1498,0.015750,4.378
236830,520,25,545,247,249,214,109.89,0.8402,0.9669,0.923807,36,129,83,157.13,0.8989,0.4640,0.166994,4.488
236834,520,456,976,188,73,173,333.11,0.7276,0.5288,0.184750,11,9,20,291.71,0.3530,0.0581,0.003170,4.415
236841,520,395,915,217,20,248,321.03,0.9898,0.5875,0.220313,13,29,68,264.55,0.7414,0.1399,0.013816,4.236
236845,520,11,531,253,253,228,106.98,0.8898,0.9854,0.967348,39,135,2,140.08,0.9987,0.4740,0.177630,4.469
236846,520,418,938,210,93,44,41.38,0.8400,0.5559,0.217143,5,33,0,139.50,1.0000,0.1151,0.011199,4.365
236852,520,355,875,227,76,217,330.66,0.8908,0.6210,0.265118,48,42,8,99.11,0.7615,0.1812,0.023019,4.316
236876,520,339,859,253,24,226,334.51,0.9913,0.6360,0.270301,67,13,90,312.95,0.8317,0.1963,0.022195,4.437
236884,520,435,955,240,33,80,16.91,0.9620,0.5544,0.201955,0,21,33,234.12,1.0000,0.0857,0.006461,4.462
236894,520,466,986,184,65,179,329.52,0.7647,0.5158,0.172270,8,3,29,287.87,0.7990,0.0479,0.002055,4.270
236904,520,410,930,249,35,36,27.77,0.9790,0.5681,0.214728,54,7,44,338.05,0.7658,0.1320,0.011182,4.327
236910,520,448,968,218,44,143,351.67,0.8689,0.5373,0.186924,33,0,36,324.82,1.0000,0.0790,0.004508,4.347
236942,520,401,921,209,105,50,45.99,0.7968,0.5756,0.238908,33,33,22,107.78,0.2482,0.1407,0.014690,4.466
236943,520,432,952,166,66,255,303.37,1.0000,0.5470,0.192240,9,8,72,271.13,0.9602,0.1014,0.006996,4.250
236949,520,388,908,237,15,206,335.95,0.9892,0.5924,0.228052,34,0,103,283.55,1.0000,0.1529,0.013193,4.400
236962,520,371,891,245,28,209,337.04,0.9809,0.6128,0.248495,0,19,116,264.07,0.9809,0.1702,0.017265,4.438
236980,520,302,822,213,132,193,336.47,0.6018,0.6713,0.345004,16,63,35,153.43,0.8920,0.2282,0.037864,4.496
236981,520,405,925,208,30,250,318.16,0.9803,0.5780,0.212423,20,16,84,275.41,0.9058,0.1345,0.011593,4.261
236996,520,372,892,248,2,201,339.67,0.9989,0.6074,0.242201,36,22,93,284.24,0.8175,0.1684,0.017392,4.336
237015,520,467,987,228,11,60,20.26,0.9898,0.5170,0.170625,5,1,29,282.89,0.9375,0.0401,0.001427,4.290
237018,520,371,891,240,51,196,339.74,0.9358,0.6090,0.248813,38,42,19,117.14,0.4871,0.1714,0.021150,4.200
237024,520,378,898,231,54,212,333.07,0.9320,0.6045,0.243832,57,21,50,335.46,0.5854,0.1599,0.016366,4.427
237032,520,449,969,234,31,95,11.21,0.9520,0.5445,0.193017,30,1,34,323.12,0.8808,0.0745,0.004133,4.489
237050,520,475,995,216,48,95,10.42,0.8659,0.5196,0.175416,9,2,6,341.63,0.5156,0.0335,0.001146,4.407
237070,520,418,938,220,19,196,334.60,0.9739,0.5562,0.196693,19,28,33,232.78,0.2252,0.1174,0.010787,4.058
237074,520,392,912,230,81,124,6.34,0.7909,0.5899,0.241658,29,37,35,178.46,0.1392,0.1525,0.017057,4.349
237125,520,425,945,223,24,192,336.48,0.9648,0.5610,0.201495,15,31,1,132.21,0.9751,0.1143,0.010837,4.134
237136,520,379,899,204,97,188,333.38,0.6975,0.5963,0.250192,47,32,42,339.32,0.2574,0.1627,0.018046,4.412
237144,520,456,976,179,42,238,312.34,0.9435,0.5293,0.174137,6,1,50,274.50,0.9870,0.0617,0.002907,4.236
237146,520,394,914,205,73,225,322.14,0.8750,0.5880,0.231821,2,35,50,232.45,0.8866,0.1379,0.014452,4.373
237184,520,420,940,230,56,104,10.11,0.8735,0.5566,0.206537,29,22,21,27.61,0.1413,0.1067,0.008892,4.356
237185,520,375,895,254,49,128,4.42,0.9901,0.6048,0.248296,62,22,24,19.43,0.5959,0.1597,0.016641,4.476
237190,520,423,943,225,15,196,335.81,0.9826,0.5643,0.203372,21,23,40,277.97,0.3596,0.1096,0.009254,4.276
237213,520,437,957,216,37,176,339.64,0.9100,0.5452,0.190589,8,25,3,137.80,0.9268,0.0917,0.007534,4.182
237221,520,432,952,199,73,177,335.28,0.7571,0.5490,0.200832,22,9,59,287.19,0.8278,0.0986,0.006817,4.415
237229,520,362,882,235,63,188,341.28,0.8928,0.6056,0.248507,38,44,5,117.94,0.8563,0.1753,0.022244,4.132
237239,520,454,974,223,18,142,352.07,0.9613,0.5330,0.180762,21,10,24,318.85,0.4311,0.0723,0.004425,4.240
237245,520,426,946,213,29,210,329.04,0.9589,0.5565,0.196801,32,8,57,301.28,0.8019,0.1071,0.007762,4.273
237246,520,464,984,174,20,254,308.10,0.9953,0.5244,0.166556,9,4,22,295.54,0.6394,0.0464,0.002028,4.162
237249,520,335,855,237,53,248,325.55,0.9758,0.6369,0.273305,36,53,13,129.30,0.8061,0.2026,0.029503,4.067
237252,520,434,954,224,5,173,342.14,0.9917,0.5470,0.189755,20,10,58,284.77,0.8174,0.0971,0.006713,4.228
237270,520,282,802,221,149,100,54.43,0.6215,0.6874,0.377889,42,65,53,161.08,0.3398,0.2548,0.045298,4.490
237273,520,418,938,231,26,150,351.36,0.9522,0.5553,0.199326,5,13,87,266.74,0.9708,0.1250,0.010082,4.150
237276,520,267,787,254,140,86,44.94,0.9812,0.7144,0.405019,4,75,22,146.33,0.9925,0.2639,0.051157,4.498
237277,520,454,974,225,48,56,24.59,0.9302,0.5296,0.184098,5,6,53,270.66,0.9461,0.0736,0.004195,4.320
237278,520,362,882,254,71,74,24.66,0.9929,0.6112,0.260753,57,35,18,57.43,0.5128,0.1770,0.021157,4.367
237286,520,433,953,225,67,54,28.87,0.8952,0.5482,0.202909,38,12,22,357.87,0.5340,0.0993,0.007330,4.411
237294,520,462,982,201,6,214,324.97,0.9922,0.5311,0.174046,26,0,5,9.00,1.0000,0.0518,0.002306,4.283
237313,520,344,864,250,90,78,27.80,0.9609,0.6268,0.281897,31,41,79,270.47,0.5412,0.1913,0.024416,4.460
237315,520,431,951,188,60,230,316.19,0.8967,0.5518,0.196375,13,26,13,144.30,0.5181,0.1000,0.008534,4.209
237318,520,466,986,180,39,222,316.49,0.9286,0.5155,0.164294,1,5,37,265.46,0.9433,0.0526,0.002485,4.083
237321,520,474,994,225,1,99,7.12,0.9982,0.5171,0.169330,3,0,24,281.16,1.0000,0.0310,0.000853,4.313
237326,520,268,788,254,131,104,33.61,0.9818,0.7013,0.383060,21,70,54,167.93,0.7670,0.2592,0.048059,4.416
237337,520,467,987,161,77,213,309.94,0.7839,0.5200,0.176896,9,3,16,307.11,0.5989,0.0406,0.001606,4.397
237341,520,429,949,184,108,84,38.28,0.5336,0.5475,0.215569,0,28,27,191.52,1.0000,0.1032,0.009096,4.494
237345,520,339,859,231,95,196,338.87,0.8238,0.6392,0.291612,37,51,32,137.65,0.3896,0.2009,0.028652,4.343
237361,520,460,980,233,26,64,20.40,0.9729,0.5334,0.184357,5,13,0,130.68,1.0000,0.0551,0.003201,4.405
237368,520,212,732,252,148,205,346.78,0.9420,0.7579,0.462854,5,79,102,226.30,0.9363,0.3068,0.065832,4.428
237391,520,476,996,173,29,234,311.85,0.9624,0.5086,0.157044,1,0,7,286.54,1.0000,0.0158,0.000218,4.123
237396,520,445,965,179,79,196,321.61,0.7416,0.5369,0.191623,0,16,38,252.61,0.9999,0.0761,0.005105,4.385
237397,520,326,846,251,78,183,347.44,0.9592,0.6458,0.293801,29,53,49,182.44,0.3803,0.2067,0.030291,4.282
237413,520,476,996,202,1,188,332.21,0.9977,0.5135,0.162110,4,1,5,320.09,0.5789,0.0237,0.000585,4.193
237448,520,333,853,250,45,228,333.41,0.9784,0.6411,0.278053,13,28,123,266.95,0.9562,0.1982,0.023460,4.466
237453,520,311,831,234,76,255,322.76,1.0000,0.6561,0.298835,90,26,8,35.87,0.8873,0.2189,0.029303,4.399
237457,520,473,993,229,22,6,29.84,0.9941,0.5179,0.172480,2,3,15,272.68,0.6692,0.0326,0.001125,4.352
237464,520,448,968,202,22,220,323.63,0.9727,0.5416,0.182994,31,10,12,15.52,0.4995,0.0814,0.005350,4.209
237466,520,304,824,254,87,203,342.12,0.9911,0.6700,0.322021,32,44,116,270.81,0.7895,0.2320,0.033692,4.445
237467,520,389,909,235,68,130,2.54,0.8443,0.5859,0.234110,35,19,83,287.48,0.7987,0.1520,0.014476,4.406
237471,520,477,997,209,1,164,341.23,0.9972,0.5121,0.162596,1,0,16,275.06,1.0000,0.0220,0.000439,4.215
237472,520,434,954,220,68,117,5.17,0.7946,0.5539,0.206367,13,11,66,274.59,0.9064,0.1012,0.007182,4.483
237473,520,460,980,190,61,191,327.58,0.8099,0.5286,0.180477,3,5,38,270.05,0.9151,0.0553,0.002678,4.375
237477,520,470,990,181,80,151,340.40,0.6389,0.5159,0.177968,0,6,9,218.80,1.0000,0.0360,0.001500,4.427
237478,520,435,955,212,38,200,331.47,0.9273,0.5530,0.195555,20,20,18,106.77,0.0547,0.0907,0.006927,4.313
237485,520,386,906,222,25,243,323.33,0.9858,0.5937,0.226981,41,29,38,335.45,0.2344,0.1457,0.014901,4.268
237490,520,427,947,196,53,229,319.12,0.9169,0.5571,0.199406,0,24,44,245.31,1.0000,0.1010,0.008351,4.274
237538,520,380,900,239,61,170,348.03,0.8903,0.6022,0.245934,49,26,63,311.17,0.5606,0.1647,0.017507,4.384
237554,520,224,744,219,154,247,315.26,0.8859,0.7462,0.448877,8,85,18,144.17,0.9904,0.2991,0.065920,4.304
237561,520,388,908,252,43,99,13.15,0.9778,0.5889,0.233277,52,26,34,0.79,0.3996,0.1533,0.015844,4.302
237569,520,442,962,218,59,121,1.71,0.8171,0.5418,0.194163,4,14,40,263.51,0.7747,0.0759,0.004931,4.445
237579,520,419,939,216,59,172,341.56,0.8357,0.5601,0.207076,15,23,51,269.25,0.5878,0.1124,0.009533,4.318
237592,520,215,735,254,155,155,20.06,0.9617,0.7568,0.468827,19,83,55,159.86,0.8990,0.3020,0.066005,4.472
237595,520,443,963,197,83,137,353.24,0.6555,0.5404,0.198647,1,16,48,259.87,0.9431,0.0849,0.005904,4.448
237611,520,462,982,172,54,235,310.27,0.9110,0.5261,0.174080,12,1,38,290.58,0.9443,0.0546,0.002398,4.276
237614,520,426,946,237,59,25,32.54,0.9705,0.5607,0.212058,19,26,21,153.95,0.1998,0.1069,0.009314,4.418
237626,520,461,981,210,38,176,338.09,0.8962,0.5348,0.182246,25,1,7,4.36,0.8315,0.0530,0.002438,4.429
237654,520,439,959,167,87,217,310.18,0.7687,0.5459,0.200423,25,10,46,298.87,0.7047,0.0916,0.006210,4.455
237665,520,420,940,232,58,71,22.22,0.9070,0.5550,0.206398,23,1,80,281.92,0.9908,0.1125,0.007830,4.434
237669,520,288,808,226,104,252,320.26,0.9799,0.6753,0.330994,11,60,84,235.46,0.8002,0.2388,0.039428,4.260
237681,520,352,872,233,17,252,324.04,0.9944,0.6165,0.247552,61,37,38,16.80,0.3116,0.1931,0.024553,3.991
237685,520,441,961,223,39,134,355.79,0.8967,0.5398,0.188629,33,10,24,344.86,0.5373,0.0888,0.006064,4.256
237699,520,244,764,246,151,106,45.63,0.8323,0.7269,0.427692,39,76,29,139.39,0.8416,0.2818,0.056888,4.469
237704,520,424,944,181,61,254,308.61,0.9930,0.5616,0.203179,27,25,9,102.20,0.4853,0.1090,0.009480,4.257
237709,520,328,848,240,97,183,346.30,0.8508,0.6502,0.304962,20,59,5,138.80,0.9800,0.2113,0.032875,4.283
237716,520,469,989,201,57,152,344.69,0.7892,0.5213,0.176127,7,5,4,52.41,0.1404,0.0389,0.001625,4.380
237720,520,471,991,145,91,209,302.36,0.7136,0.5185,0.181056,13,3,0,54.18,1.0000,0.0384,0.001507,4.486
237734,520,358,878,244,69,164,351.75,0.9009,0.6161,0.261727,64,33,13,51.34,0.6547,0.1829,0.022069,4.325
237744,520,448,968,179,50,246,310.25,0.9530,0.5422,0.185197,11,18,15,166.80,0.2221,0.0768,0.005382,4.247
237745,520,434,954,242,21,35,26.77,0.9883,0.5470,0.195384,15,21,40,269.38,0.4515,0.0997,0.007911,4.237
237746,520,452,972,199,80,109,7.98,0.6738,0.5293,0.189854,36,1,6,15.47,0.9246,0.0724,0.004100,4.434
237759,520,430,950,232,42,113,5.47,0.9131,0.5521,0.200069,18,9,63,280.95,0.8764,0.0989,0.006828,4.400
237766,520,453,973,199,41,196,329.01,0.8968,0.5295,0.177152,14,2,51,284.33,0.9495,0.0712,0.003758,4.225
237775,520,465,985,206,73,38,35.39,0.8855,0.5178,0.180290,16,3,20,318.87,0.6717,0.0501,0.002258,4.407
237777,520,346,866,243,15,253,326.13,0.9961,0.6338,0.264909,19,46,75,252.13,0.6212,0.1943,0.026003,4.143
237782,520,409,929,232,58,133,359.60,0.8625,0.5715,0.218782,50,0,61,319.30,1.0000,0.1286,0.010151,4.468
237791,520,408,928,246,38,84,16.71,0.9593,0.5703,0.216226,51,1,54,325.70,0.9334,0.1260,0.009920,4.443
237797,520,434,954,205,65,177,336.92,0.7980,0.5498,0.199359,35,11,39,321.73,0.6277,0.1016,0.007432,4.342
237799,520,323,843,247,102,119,15.91,0.8872,0.6467,0.306119,20,47,91,259.71,0.7114,0.2098,0.029369,4.487
237832,520,441,961,144,98,225,297.22,0.7651,0.5415,0.201010,30,8,45,308.43,0.7312,0.0942,0.006392,4.451
237842,520,445,965,233,3,124,359.95,0.9953,0.5423,0.188470,25,3,44,304.50,0.8533,0.0785,0.004537,4.373
237843,520,364,884,222,60,236,324.48,0.9394,0.6096,0.248195,37,42,20,119.46,0.4650,0.1706,0.020997,4.200
237847,520,449,969,190,41,228,317.97,0.9373,0.5377,0.181358,14,4,44,287.13,0.8621,0.0680,0.003620,4.315
237848,520,369,889,240,31,217,333.85,0.9778,0.6098,0.245178,15,29,95,267.84,0.8947,0.1677,0.018064,4.337
237850,520,418,938,144,102,240,293.85,0.8389,0.5601,0.217233,18,33,0,130.00,1.0000,0.1226,0.012163,4.299
237882,520,458,978,233,4,74,16.47,0.9960,0.5286,0.179080,15,4,35,295.57,0.7836,0.0612,0.003097,4.314
237897,520,403,923,217,18,241,322.60,0.9896,0.5816,0.215372,30,25,55,289.02,0.5026,0.1332,0.012471,4.248
237900,520,389,909,195,69,253,312.59,0.9859,0.5890,0.229514,54,15,61,321.23,0.7161,0.1529,0.014629,4.325
237902,520,463,983,217,60,56,26.62,0.8900,0.5251,0.182715,7,6,18,286.66,0.4484,0.0470,0.002191,4.459
237914,520,480,1000,227,20,0,30.15,1.0000,0.5126,0.168342,0,0,0,0.00,0.0000,0.0000,0.000000,4.367
237918,520,315,835,232,84,247,323.93,0.9637,0.6561,0.302140,64,47,41,40.31,0.2274,0.2228,0.032832,4.251
237922,520,411,931,240,23,136,357.77,0.9682,0.5662,0.209188,39,21,28,355.05,0.3374,0.1204,0.010516,4.283
237928,520,352,872,214,92,219,326.06,0.8316,0.6214,0.270667,29,38,91,272.00,0.6895,0.1924,0.024027,4.332
237929,520,468,988,224,26,97,8.70,0.9489,0.5220,0.174519,18,3,0,45.50,1.0000,0.0448,0.001937,4.323
237934,520,407,927,207,55,218,325.04,0.9049,0.5687,0.210615,61,8,5,29.06,0.9062,0.1339,0.011769,4.219
237938,520,386,906,230,82,116,10.03,0.7934,0.5888,0.241212,22,39,23,145.74,0.4908,0.1489,0.016834,4.357
237939,520,458,978,221,22,149,349.34,0.9490,0.5336,0.181185,0,12,34,255.19,0.9999,0.0640,0.003784,4.298
237940,520,452,972,233,38,3,31.45,0.9970,0.5348,0.187196,21,6,28,314.09,0.6296,0.0670,0.003735,4.414
237958,520,413,933,243,40,103,10.46,0.9440,0.5699,0.215549,14,26,49,262.30,0.5422,0.1178,0.010539,4.386
237959,520,434,954,212,91,5,46.07,0.9845,0.5539,0.214924,4,27,32,213.94,0.7174,0.1047,0.009139,4.480
237995,520,420,940,198,44,235,318.52,0.9449,0.5580,0.198068,10,10,80,270.44,0.9624,0.1146,0.008607,4.233
237998,520,444,964,237,31,35,27.40,0.9774,0.5407,0.191091,27,13,14,15.13,0.3336,0.0817,0.005526,4.342
238004,520,429,949,240,32,17,29.76,0.9856,0.5464,0.196021,15,19,51,274.12,0.6461,0.1031,0.008063,4.237
238005,520,411,931,248,25,103,10.10,0.9755,0.5726,0.216345,21,29,20,141.94,0.2790,0.1169,0.010887,4.374
238009,520,467,987,231,10,69,17.95,0.9903,0.5247,0.176387,7,7,4,107.64,0.2152,0.0439,0.002059,4.349
238023,520,407,927,234,14,181,342.16,0.9843,0.5723,0.211455,56,4,33,351.90,0.8134,0.1265,0.010375,4.331
238038,520,473,993,210,34,161,342.92,0.8963,0.5241,0.174211,9,2,9,327.35,0.5690,0.0347,0.001212,4.378
238050,520,467,987,200,27,197,329.09,0.9416,0.5238,0.170962,8,2,22,296.82,0.7744,0.0405,0.001530,4.288
238051,520,379,899,247,14,191,342.21,0.9907,0.6023,0.238530,67,9,35,358.69,0.7789,0.1557,0.015102,4.432
238058,520,444,964,224,42,137,355.10,0.8895,0.5449,0.193120,37,1,31,335.63,0.8678,0.0844,0.005140,4.409
238061,520,395,915,235,82,91,20.78,0.8531,0.5916,0.244550,5,38,38,195.00,0.7981,0.1421,0.015584,4.491
238076,520,391,911,218,24,251,320.58,0.9880,0.5927,0.225257,6,34,66,254.30,0.7993,0.1482,0.015760,4.186
238078,520,367,887,255,71,0,35.78,1.0000,0.6074,0.257702,47,35,33,29.26,0.1799,0.1666,0.019163,4.449
238083,520,358,878,248,26,219,335.14,0.9866,0.6234,0.258128,79,18,4,34.63,0.9300,0.1843,0.021039,4.337
238093,520,396,916,232,61,152,352.78,0.8581,0.5816,0.227631,8,31,68,259.57,0.7963,0.1427,0.014489,4.305
238099,520,416,936,208,0,248,318.90,1.0000,0.5682,0.201889,47,11,31,349.32,0.6494,0.1172,0.009427,4.239
238139,520,298,818,197,125,249,309.26,0.9084,0.6680,0.333779,38,58,44,153.56,0.3527,0.2270,0.036200,4.452
238142,520,397,917,246,54,93,15.65,0.9387,0.5835,0.230249,64,2,37,352.57,0.8899,0.1428,0.012672,4.472
238143,520,372,892,252,20,179,346.72,0.9858,0.6073,0.244539,58,30,18,43.51,0.5273,0.1671,0.018719,4.286
238157,520,411,931,251,38,39,27.61,0.9844,0.5742,0.220456,26,29,22,126.40,0.1729,0.1221,0.011563,4.393
238176,520,459,979,186,51,220,318.42,0.8974,0.5328,0.179753,15,7,15,326.65,0.3496,0.0555,0.002880,4.345
238178,520,470,990,231,17,33,26.61,0.9890,0.5219,0.175027,15,1,9,342.87,0.7486,0.0390,0.001430,4.375
238219,520,473,993,174,30,245,309.72,0.9696,0.5205,0.165207,1,3,4,222.28,0.3978,0.0261,0.000803,4.236
238222,520,369,889,232,93,108,16.70,0.7914,0.6053,0.260699,8,48,34,165.36,0.8661,0.1745,0.022809,4.267
238267,520,418,938,229,26,167,345.41,0.9546,0.5594,0.201895,43,20,9,45.46,0.5797,0.1191,0.010337,4.175
238275,520,376,896,233,28,225,330.21,0.9805,0.6012,0.235930,67,15,17,22.57,0.7757,0.1571,0.015756,4.348
238284,520,247,767,255,125,186,352.52,1.0000,0.7161,0.394753,18,76,65,177.32,0.8225,0.2819,0.056789,4.165
238287,520,379,899,246,71,71,25.27,0.9456,0.5955,0.245576,46,37,2,94.36,0.9182,0.1640,0.019084,4.278
238308,520,419,939,229,1,179,341.51,0.9986,0.5590,0.199371,9,27,32,218.15,0.4928,0.1075,0.009462,4.194
238309,520,401,921,219,6,240,323.39,0.9968,0.5816,0.214837,11,20,88,268.55,0.9341,0.1404,0.012760,4.220
238325,520,409,929,214,40,224,325.63,0.9513,0.5737,0.211975,48,7,61,316.39,0.8126,0.1334,0.011173,4.283
238338,520,363,883,222,80,197,335.43,0.8294,0.6061,0.253003,6,27,104,265.08,0.9477,0.1704,0.018219,4.442
238348,520,384,904,251,53,70,22.73,0.9770,0.5882,0.235012,68,8,1,32.61,0.9794,0.1485,0.014050,4.450
238357,520,459,979,230,32,20,29.50,0.9789,0.5255,0.179096,24,4,11,358.35,0.6189,0.0592,0.003052,4.318
238358,520,432,952,247,8,35,26.33,0.9965,0.5541,0.200728,28,20,17,41.55,0.1919,0.0993,0.007877,4.332
238376,520,402,922,224,53,194,336.43,0.9001,0.5810,0.222909,3,38,11,147.78,0.9749,0.1328,0.014297,4.245
238394,520,390,910,243,76,38,33.96,0.9496,0.5916,0.243668,23,25,85,274.57,0.8198,0.1538,0.015332,4.495
238421,520,415,935,230,48,167,346.31,0.8988,0.5738,0.217296,52,9,31,353.10,0.7140,0.1239,0.010245,4.437
238428,520,391,911,233,37,197,337.59,0.9528,0.5882,0.226807,49,26,47,330.07,0.4355,0.1547,0.015971,4.196
238441,520,432,952,150,96,236,297.95,0.8270,0.5533,0.209061,3,15,68,265.33,0.9433,0.1042,0.007783,4.483
238448,520,480,1000,223,25,37,26.23,0.9776,0.5082,0.165196,0,0,0,0.00,0.0000,0.0000,0.000000,4.304
238452,520,392,912,244,29,160,350.97,0.9644,0.5863,0.226531,68,1,46,346.19,0.9355,0.1548,0.014481,4.289
238453,520,461,981,143,74,255,295.01,1.0000,0.5280,0.179573,4,10,12,216.08,0.3225,0.0509,0.002694,4.357
238482,520,466,986,185,77,156,339.28,0.6728,0.5204,0.180237,0,11,6,167.85,1.0000,0.0476,0.002525,4.383
238488,520,412,932,232,36,158,349.27,0.9307,0.5657,0.208890,36,14,56,304.87,0.7010,0.1201,0.009747,4.333
238500,520,468,988,220,42,62,21.72,0.9296,0.5156,0.172221,2,4,27,269.45,0.8718,0.0430,0.001789,4.291
238514,520,405,925,236,35,173,345.34,0.9464,0.5799,0.220550,49,6,58,319.93,0.8145,0.1315,0.010888,4.443
238530,520,430,950,177,69,240,309.83,0.9087,0.5529,0.198955,41,2,40,329.31,0.8441,0.0988,0.006681,4.392
238539,520,434,954,238,46,37,28.73,0.9598,0.5525,0.202679,11,17,51,271.28,0.7265,0.0960,0.007110,4.424
238543,520,365,885,237,53,196,339.07,0.9269,0.6051,0.245390,15,22,109,268.87,0.9533,0.1715,0.017794,4.357
238545,520,443,963,221,66,29,34.16,0.9450,0.5368,0.193599,27,7,35,315.18,0.6752,0.0812,0.005063,4.424
238549,520,426,946,243,33,83,16.29,0.9641,0.5612,0.207703,0,14,74,263.51,1.0010,0.1076,0.008084,4.437
238557,520,271,791,234,124,228,329.27,0.8775,0.7028,0.375111,4,73,23,146.89,0.9916,0.2571,0.048526,4.315
238560,520,460,980,224,29,108,4.91,0.9359,0.5267,0.178115,11,11,22,283.37,0.3359,0.0631,0.003684,4.249
238564,520,335,855,244,78,196,341.52,0.9181,0.6400,0.286703,11,52,68,228.64,0.7537,0.2043,0.029443,4.238
238572,520,400,920,244,38,120,4.67,0.9451,0.5756,0.219787,42,30,3,84.81,0.8388,0.1401,0.014274,4.197
238586,520,421,941,232,16,163,347.16,0.9768,0.5598,0.201736,23,24,33,279.80,0.1988,0.1102,0.009452,4.234
238603,520,471,991,143,68,254,295.78,0.9920,0.5194,0.171298,5,8,3,131.17,0.4151,0.0441,0.002125,4.246
238617,520,466,986,190,91,30,47.57,0.8475,0.5170,0.185247,17,1,29,308.94,0.8818,0.0526,0.002296,4.498
238623,520,444,964,183,75,197,322.94,0.7651,0.5381,0.191318,16,10,44,285.75,0.7135,0.0805,0.005091,4.380
238636,520,416,936,228,46,176,342.84,0.9070,0.5732,0.215852,14,34,8,138.95,0.8657,0.1245,0.012549,4.250
238658,520,397,917,177,87,241,308.11,0.8856,0.5767,0.225151,24,15,83,279.00,0.8880,0.1351,0.011603,4.467
238663,520,236,756,233,146,229,328.51,0.8443,0.7396,0.435402,74,67,61,63.03,0.0990,0.2945,0.058071,4.491
238669,520,408,928,219,62,172,342.48,0.8340,0.5684,0.214862,23,19,74,278.93,0.8036,0.1310,0.011423,4.312
238674,520,334,854,246,50,238,330.06,0.9726,0.6434,0.280499,18,46,78,253.58,0.6547,0.1960,0.026325,4.330
238678,520,446,966,158,83,236,302.80,0.8589,0.5425,0.195122,38,3,18,357.62,0.7811,0.0834,0.005209,4.440
238690,520,430,950,248,4,10,28.78,0.9985,0.5541,0.200689,23,23,19,107.07,0.1044,0.1018,0.008420,4.291
238693,520,326,846,253,69,206,340.30,0.9859,0.6516,0.295983,15,60,21,145.54,0.9444,0.2147,0.033873,4.125
238694,520,422,942,250,2,31,26.76,0.9992,0.5590,0.204701,9,8,78,270.33,0.9692,0.1088,0.007817,4.405
238719,520,456,976,213,66,62,26.12,0.8546,0.5251,0.183928,15,10,11,4.77,0.1461,0.0603,0.003428,4.378
238722,520,471,991,208,73,29,37.10,0.9189,0.5208,0.182659,2,6,20,262.83,0.6709,0.0433,0.001937,4.480
238725,520,448,968,169,58,253,305.27,0.9864,0.5411,0.185536,30,7,25,336.58,0.6061,0.0797,0.004982,4.284
238726,520,424,944,219,64,144,353.13,0.8051,0.5576,0.207429,26,5,70,287.93,0.9220,0.1090,0.007703,4.461
238738,520,412,932,253,28,34,27.56,0.9925,0.5729,0.218324,15,24,63,269.69,0.7185,0.1247,0.011137,4.389
238751,520,370,890,227,51,238,325.43,0.9581,0.6122,0.248738,19,40,63,252.11,0.5411,0.1689,0.020148,4.259
238757,520,463,983,221,46,100,8.97,0.8814,0.5293,0.182489,5,1,36,278.45,0.9671,0.0463,0.001813,4.487
238758,520,398,918,237,55,143,356.62,0.8869,0.5820,0.227230,2,30,71,257.89,0.9373,0.1401,0.013963,4.334
238784,520,432,952,209,89,36,41.65,0.8738,0.5470,0.208296,29,16,33,318.00,0.4217,0.0985,0.007416,4.499
238785,520,422,942,220,10,211,330.60,0.9904,0.5636,0.201382,35,22,8,66.90,0.5297,0.1112,0.009487,4.226
238798,520,199,719,221,163,249,314.32,0.8998,0.7669,0.484070,5,79,121,242.17,0.9295,0.3191,0.070043,4.449
238800,520,464,984,143,86,223,299.27,0.7911,0.5183,0.178231,13,2,24,306.42,0.7811,0.0468,0.001949,4.393
238816,520,455,975,224,36,107,5.80,0.9155,0.5303,0.181733,21,5,5,21.73,0.5440,0.0552,0.002790,4.390
238821,520,432,952,229,66,35,32.77,0.9418,0.5529,0.206787,36,14,10,31.53,0.5210,0.0960,0.007111,4.496
238836,520,473,993,194,46,186,330.51,0.8570,0.5181,0.169701,0,3,9,247.65,1.0000,0.0271,0.000848,4.321
238843,520,415,935,221,40,199,334.09,0.9329,0.5695,0.210156,3,31,42,227.69,0.8162,0.1215,0.011664,4.219
238844,520,434,954,237,30,92,12.53,0.9591,0.5494,0.197090,4,27,32,213.94,0.7174,0.1047,0.009139,4.178
238846,520,465,985,223,16,116,1.18,0.9672,0.5221,0.173222,6,10,6,144.86,0.2658,0.0507,0.002689,4.237
238866,520,409,929,246,50,4,32.53,0.9968,0.5703,0.218863,48,13,49,326.60,0.6815,0.1318,0.011381,4.380
238887,520,198,718,234,180,100,75.61,0.7258,0.7711,0.510567,49,87,32,137.15,0.8353,0.3244,0.075735,4.458
238890,520,471,991,215,31,128,355.80,0.9068,0.5168,0.169880,1,6,4,170.95,0.6614,0.0352,0.001455,4.273
238904,520,430,950,225,34,157,347.93,0.9227,0.5507,0.195886,5,16,60,266.35,0.9001,0.0987,0.007290,4.292
238916,520,408,928,205,54,222,323.45,0.9116,0.5673,0.208931,33,17,62,295.58,0.6995,0.1263,0.010720,4.264
238929,520,452,972,228,38,43,26.45,0.9602,0.5267,0.180576,8,9,40,275.55,0.7615,0.0689,0.004002,4.270
238951,520,395,915,239,30,182,343.20,0.9639,0.5877,0.226596,22,25,72,275.19,0.7230,0.1401,0.013337,4.367
238972,520,392,912,233,67,153,353.15,0.8446,0.5897,0.236406,24,41,15,135.81,0.6839,0.1549,0.018145,4.203
238985,520,389,909,203,62,245,317.04,0.9483,0.5879,0.227358,64,9,40,351.02,0.7650,0.1517,0.014387,4.308
238999,520,453,973,212,24,172,339.68,0.9413,0.5289,0.176311,28,7,18,349.37,0.5511,0.0736,0.004425,4.158
239002,520,423,943,250,12,3,29.45,0.9981,0.5599,0.205972,1,32,16,157.27,0.9791,0.1128,0.010768,4.212
239012,520,361,881,240,59,196,339.92,0.9209,0.6151,0.256416,45,19,94,292.22,0.8223,0.1751,0.018318,4.485
239017,520,407,927,228,75,66,27.40,0.8687,0.5652,0.219222,12,25,73,267.33,0.8374,0.1346,0.012544,4.305
239019,520,347,867,242,76,194,341.59,0.9060,0.6335,0.279440,58,33,68,315.70,0.5012,0.1947,0.024047,4.449
239037,520,453,973,222,51,88,14.35,0.8803,0.5323,0.186045,26,8,12,6.83,0.4723,0.0704,0.004199,4.355
239038,520,438,958,238,51,9,32.63,0.9914,0.5549,0.205677,11,23,3,133.11,0.8616,0.0876,0.006905,4.493
239046,520,354,874,232,49,239,326.47,0.9648,0.6199,0.255868,68,20,47,348.84,0.6458,0.1764,0.019347,4.411
239053,520,431,951,202,3,242,318.64,0.9980,0.5539,0.190341,20,13,51,286.21,0.7101,0.0954,0.006756,4.235
239058,520,330,850,228,83,233,326.45,0.9105,0.6401,0.285658,72,33,58,342.74,0.5023,0.2108,0.027711,4.319
239062,520,384,904,203,57,254,315.23,0.9942,0.5904,0.227800,8,34,73,258.71,0.8122,0.1548,0.016766,4.161
239091,520,461,981,202,41,184,333.44,0.8829,0.5271,0.176050,9,3,24,295.21,0.7297,0.0452,0.001892,4.356
239093,520,440,960,233,3,137,355.58,0.9953,0.5473,0.191979,23,6,58,290.20,0.8647,0.0942,0.006179,4.307
239095,520,422,942,215,76,122,3.52,0.7464,0.5562,0.210234,40,9,45,321.85,0.7134,0.1105,0.008360,4.459
239100,520,423,943,247,12,77,17.25,0.9919,0.5606,0.205765,22,5,78,280.89,0.9549,0.1143,0.008291,4.388
239105,520,439,959,219,54,159,346.68,0.8466,0.5546,0.202040,18,15,38,287.08,0.5147,0.0872,0.006102,4.493
239108,520,395,915,249,65,15,34.11,0.9880,0.5899,0.239583,12,29,73,264.83,0.8005,0.1439,0.014379,4.498
239144,520,247,767,246,152,65,59.79,0.8954,0.7232,0.424335,54,74,0,125.29,1.0000,0.2836,0.056818,4.441
239150,520,469,989,203,52,144,348.07,0.8054,0.5163,0.171681,11,2,17,313.11,0.7028,0.0405,0.001550,4.300
239173,520,400,920,255,16,58,22.70,1.0000,0.5755,0.219399,25,1,97,278.46,0.9952,0.1370,0.010914,4.423
239182,520,355,875,222,92,199,335.05,0.7988,0.6225,0.273095,0,51,33,163.17,1.0000,0.1816,0.024773,4.321
239194,520,394,914,215,75,202,331.74,0.8360,0.5917,0.237455,22,32,53,264.11,0.4254,0.1420,0.014606,4.449
239212,520,438,958,209,36,208,328.48,0.9383,0.5518,0.193731,32,6,40,317.36,0.7403,0.0902,0.005906,4.360
239233,520,472,992,184,68,183,328.10,0.7610,0.5219,0.177448,0,5,13,244.12,1.0000,0.0350,0.001376,4.427
239254,520,460,980,173,44,250,307.86,0.9735,0.5322,0.175885,8,0,47,279.17,1.0000,0.0580,0.002568,4.297
239255,520,374,894,236,44,197,338.39,0.9435,0.5977,0.236682,29,36,55,268.29,0.3379,0.1598,0.017988,4.217
239257,520,407,927,217,66,181,339.00,0.8286,0.5736,0.219865,41,23,37,335.16,0.3672,0.1316,0.012178,4.340
239259,520,457,977,196,77,137,351.91,0.6816,0.5300,0.188514,15,12,0,100.33,1.0000,0.0614,0.003645,4.446
239260,520,190,710,229,174,199,349.85,0.5239,0.7771,0.510549,50,85,59,151.30,0.4993,0.3246,0.074907,4.488
239262,520,416,936,195,89,179,333.56,0.6856,0.5658,0.220030,10,34,11,144.36,0.8749,0.1228,0.012327,4.332
239264,520,355,875,218,64,254,319.10,0.9948,0.6194,0.257298,73,11,56,341.62,0.7750,0.1802,0.019416,4.427
239270,520,478,998,105,92,249,280.45,0.9525,0.5121,0.174966,1,2,3,240.75,0.2913,0.0220,0.000564,4.449
239279,520,370,890,218,109,98,27.37,0.6840,0.6051,0.267267,20,43,46,206.44,0.4314,0.1687,0.020737,4.485
239288,520,347,867,246,99,47,38.64,0.9382,0.6284,0.287249,33,49,29,139.46,0.4467,0.1905,0.026086,4.432
239289,520,473,993,221,49,23,31.50,0.9661,0.5190,0.176334,0,4,1,152.72,1.0000,0.0267,0.000890,4.447
239290,520,422,942,199,62,211,324.45,0.8623,0.5574,0.202921,42,6,46,323.62,0.7723,0.1105,0.008198,4.346
239292,520,384,904,229,53,187,339.82,0.9019,0.5860,0.227946,61,6,45,342.79,0.7949,0.1451,0.013120,4.403
239303,520,453,973,233,10,81,14.53,0.9892,0.5314,0.181379,20,9,17,337.28,0.3551,0.0661,0.003846,4.297
239319,520,432,952,243,31,17,29.66,0.9865,0.5523,0.200786,13,26,13,144.30,0.5181,0.1000,0.008534,4.284
239322,520,373,893,224,92,151,355.11,0.7317,0.6039,0.257383,19,44,30,157.52,0.5744,0.1650,0.020335,4.370
239330,520,377,897,228,53,214,331.77,0.9318,0.5998,0.238976,20,43,27,152.43,0.5686,0.1614,0.019556,4.155
239338,520,453,973,203,85,14,44.45,0.9514,0.5286,0.192273,3,7,52,267.79,0.9492,0.0729,0.004192,4.471
239345,520,439,959,196,25,247,315.69,0.9812,0.5542,0.191478,20,1,67,284.09,0.9850,0.0934,0.005757,4.331
239349,520,437,957,245,13,31,27.03,0.9941,0.5506,0.198028,1,21,45,252.53,0.9034,0.0944,0.007322,4.327
239351,520,409,929,247,37,67,21.48,0.9679,0.5687,0.215061,9,6,94,268.81,0.9871,0.1276,0.009964,4.420
239368,520,380,900,247,76,3,37.19,0.9973,0.5976,0.249530,60,26,5,49.35,0.7910,0.1600,0.017105,4.464
239370,520,446,966,234,38,54,24.15,0.9600,0.5405,0.191481,0,21,12,164.84,1.0000,0.0766,0.005628,4.341
239383,520,470,990,222,35,100,7.98,0.9183,0.5235,0.176545,6,5,3,88.28,0.2067,0.0374,0.001538,4.396
239389,520,372,892,246,22,206,338.01,0.9862,0.6108,0.246260,57,21,60,324.50,0.6326,0.1660,0.017325,4.400
239395,520,188,708,247,169,205,350.33,0.8077,0.7907,0.525598,60,88,19,129.37,0.8932,0.3339,0.079870,4.432
239402,520,415,935,232,74,60,28.91,0.8920,0.5707,0.223825,14,25,60,267.51,0.6867,0.1238,0.011148,4.478
239408,520,418,938,223,82,62,30.78,0.8480,0.5646,0.220729,12,34,4,137.88,0.9448,0.1226,0.012309,4.345
239426,520,396,916,227,35,210,332.57,0.9593,0.5842,0.221885,43,23,50,316.87,0.4951,0.1417,0.013567,4.277
239458,520,115,635,255,200,204,13.54,1.0000,0.8631,0.669298,29,107,57,151.25,0.9284,0.3848,0.110716,4.476
239459,520,353,873,236,88,143,0.57,0.8083,0.6158,0.267982,13,47,41,179.55,0.6860,0.1756,0.022786,4.369
239480,520,344,864,245,64,197,340.95,0.9339,0.6286,0.271135,77,2,77,328.32,0.9322,0.1946,0.021572,4.487
239485,520,397,917,234,8,195,338.18,0.9927,0.5789,0.216090,40,26,42,322.27,0.3383,0.1393,0.013571,4.186
239488,520,461,981,232,32,13,30.15,0.9876,0.5294,0.182210,0,8,31,258.45,1.0000,0.0533,0.002726,4.404
239493,520,440,960,221,25,170,342.56,0.9485,0.5453,0.189722,31,16,18,11.00,0.3218,0.0947,0.007056,4.202
239498,520,367,887,239,56,188,342.02,0.9171,0.6067,0.248128,18,12,117,270.37,0.9805,0.1707,0.016758,4.466
239512,520,378,898,240,76,108,13.30,0.8715,0.5974,0.247799,76,3,11,22.83,0.9650,0.1629,0.016261,4.494
239515,520,369,889,234,50,219,331.94,0.9494,0.6110,0.248907,70,11,52,343.20,0.7654,0.1719,0.017896,4.402
239537,520,477,997,199,15,179,334.04,0.9605,0.5055,0.157403,4,1,5,320.09,0.5789,0.0237,0.000585,4.100
239539,520,422,942,226,39,159,347.68,0.9108,0.5565,0.201256,35,17,33,330.99,0.4329,0.1087,0.008681,4.282
239548,520,465,985,226,24,63,19.99,0.9715,0.5176,0.171838,20,2,10,351.13,0.7005,0.0486,0.002141,4.255
239587,520,465,985,140,81,235,296.53,0.8594,0.5167,0.174586,14,6,20,309.99,0.4933,0.0546,0.002741,4.258
239590,520,460,980,177,54,233,312.33,0.9094,0.5318,0.178696,13,9,27,291.76,0.5044,0.0636,0.003601,4.267
239608,520,441,961,125,96,253,286.13,0.9760,0.5408,0.198172,1,5,73,265.07,0.9877,0.0932,0.005960,4.435
239617,520,472,992,183,48,216,318.62,0.8958,0.5224,0.171403,1,3,18,266.42,0.8428,0.0331,0.001152,4.328
239621,520,471,991,223,49,5,33.14,0.9933,0.5224,0.178983,12,3,10,334.04,0.5100,0.0410,0.001652,4.433
239630,520,476,996,213,49,51,25.73,0.9150,0.5054,0.165842,4,0,3,335.23,1.0000,0.0185,0.000324,4.289
239642,520,372,892,246,19,205,338.26,0.9885,0.6094,0.244695,15,6,119,269.19,0.9920,0.1663,0.015636,4.490
239646,520,436,956,227,66,16,35.44,0.9768,0.5478,0.202676,23,15,34,302.25,0.4457,0.0898,0.006393,4.481
239654,520,454,974,149,94,216,301.98,0.7346,0.5337,0.193531,1,11,44,262.47,0.9460,0.0709,0.004276,4.487
239658,520,363,883,251,32,174,348.21,0.9709,0.6073,0.246016,70,22,24,20.83,0.6669,0.1750,0.019421,4.264
239669,520,345,865,241,71,202,338.68,0.9133,0.6308,0.274743,13,45,80,253.33,0.7380,0.1925,0.025414,4.306
239673,520,197,717,200,180,243,298.94,0.7129,0.7772,0.513931,3,91,42,151.15,0.9942,0.3224,0.076684,4.451
239684,520,112,632,198,222,237,235.22,0.4184,0.8690,0.703620,36,111,2,139.29,0.9980,0.3941,0.117479,4.500
239685,520,450,970,217,64,87,16.56,0.8265,0.5354,0.191091,19,12,5,69.51,0.4023,0.0671,0.004124,4.454
239695,520,320,840,237,71,245,326.00,0.9629,0.6494,0.291060,61,44,31,58.53,0.3289,0.2081,0.028925,4.321
239696,520,410,930,254,24,6,29.83,0.9966,0.5721,0.217411,49,8,57,320.51,0.7846,0.1331,0.011221,4.368
239698,520,440,960,213,48,179,338.11,0.8727,0.5490,0.195169,3,3,70,267.08,0.9902,0.0875,0.005266,4.436
239701,520,416,936,242,61,50,28.56,0.9445,0.5747,0.224483,25,30,15,123.66,0.3988,0.1221,0.011697,4.449
239711,520,465,985,231,10,15,28.54,0.9947,0.5188,0.172436,16,1,24,313.95,0.8460,0.0479,0.001978,4.279
239712,520,475,995,206,64,97,10.91,0.7769,0.5171,0.176538,14,0,5,353.01,1.0000,0.0332,0.001043,4.438
239719,520,407,927,179,77,248,308.14,0.9441,0.5716,0.216696,43,25,19,39.20,0.3627,0.1323,0.012559,4.263
239741,520,443,963,223,27,146,350.97,0.9366,0.5383,0.185498,18,15,24,299.75,0.2474,0.0792,0.005362,4.254
239744,520,475,995,216,28,133,354.03,0.9193,0.5193,0.171254,6,0,23,293.64,1.0000,0.0337,0.001006,4.338
239753,520,451,971,226,44,122,1.24,0.8893,0.5446,0.193780,18,9,35,296.41,0.6213,0.0738,0.004453,4.477
239759,520,350,870,239,85,175,347.98,0.8547,0.6297,0.279456,12,54,3,140.36,0.9885,0.1905,0.027230,4.266
239764,520,329,849,228,101,207,334.32,0.8220,0.6484,0.303085,18,57,48,175.33,0.6860,0.2131,0.032681,4.270
239778,520,397,917,201,95,174,338.10,0.6639,0.5816,0.236595,24,24,76,277.07,0.7533,0.1434,0.013692,4.500
239782,520,416,936,206,37,242,319.28,0.9668,0.5719,0.208574,56,2,9,19.79,0.9475,0.1162,0.009040,4.380
239795,520,387,907,178,120,163,336.50,0.4159,0.5890,0.255431,4,43,24,157.30,0.9454,0.1531,0.018194,4.479
239814,520,409,929,183,96,195,322.63,0.6728,0.5679,0.223742,52,16,11,30.20,0.6896,0.1277,0.011249,4.469
239815,520,397,917,238,70,41,32.25,0.9399,0.5753,0.227207,49,16,56,320.27,0.6730,0.1425,0.013091,4.394
239831,520,443,963,145,91,233,297.34,0.8236,0.5368,0.193853,17,15,30,289.05,0.3763,0.0813,0.005546,4.390
239835,520,404,924,245,59,47,28.84,0.9576,0.5784,0.227490,36,30,10,92.93,0.5572,0.1333,0.013256,4.387
239844,520,404,924,239,28,158,350.53,0.9599,0.5753,0.216529,50,8,54,324.16,0.7739,0.1325,0.011182,4.356
239848,520,309,829,250,105,135,10.11,0.9084,0.6605,0.321795,36,57,28,137.54,0.5915,0.2180,0.033851,4.434
239881,520,407,927,240,62,4,34.70,0.9960,0.5688,0.219825,49,22,4,52.45,0.7686,0.1324,0.012356,4.327
239882,520,410,930,179,106,172,330.48,0.5364,0.5674,0.228713,20,33,34,202.04,0.2629,0.1330,0.013519,4.388
239889,520,455,975,226,34,88,12.81,0.9365,0.5279,0.180202,22,4,22,327.63,0.6560,0.0610,0.003154,4.331
239899,520,393,913,254,11,136,0.00,0.9921,0.5910,0.230914,4,24,85,264.22,0.9342,0.1414,0.013349,4.434
239902,520,443,963,212,36,174,339.22,0.9043,0.5361,0.183170,5,7,53,270.29,0.9376,0.0754,0.004412,4.285
239910,520,341,861,220,115,133,10.35,0.6313,0.6280,0.291726,10,43,94,259.34,0.8582,0.1978,0.026003,4.496
239932,520,466,986,209,6,170,339.39,0.9849,0.5167,0.165900,5,3,36,276.71,0.9098,0.0509,0.002248,4.132
239934,520,418,938,178,84,228,311.80,0.8298,0.5643,0.214079,29,27,17,98.15,0.2636,0.1184,0.010856,4.339
239935,520,366,886,241,38,206,337.00,0.9649,0.6083,0.245461,40,28,74,291.98,0.6173,0.1656,0.017760,4.360
239936,520,410,930,131,109,250,286.17,0.9268,0.5676,0.226644,12,37,2,137.48,0.9783,0.1322,0.014056,4.319
239939,520,433,953,208,47,192,332.70,0.8849,0.5470,0.192507,38,2,49,316.93,0.8865,0.1005,0.006773,4.272
239949,520,391,911,220,99,64,36.86,0.7968,0.5853,0.245119,32,34,51,278.71,0.2881,0.1548,0.016901,4.411
239956,520,470,990,218,57,48,28.19,0.9097,0.5229,0.180477,2,9,1,139.37,0.9226,0.0430,0.002105,4.423
239993,520,443,963,224,60,62,25.01,0.8962,0.5398,0.194295,16,6,47,286.98,0.8249,0.0763,0.004456,4.486
239996,520,39,559,222,247,231,157.65,0.5766,0.9459,0.878200,76,123,12,131.56,0.9755,0.4541,0.157286,4.478
239999,520,392,912,205,78,217,324.18,0.8432,0.5885,0.234393,15,32,71,264.02,0.7154,0.1511,0.015894,4.316
240029,520,463,983,188,19,235,316.23,0.9813,0.5291,0.171566,11,9,2,98.77,0.5652,0.0516,0.002709,4.204
240038,520,471,991,222,6,115,1.05,0.9873,0.5171,0.169004,15,3,10,342.60,0.5533,0.0445,0.001886,4.221
240043,520,472,992,220,12,137,352.99,0.9728,0.5231,0.172873,5,3,5,326.28,0.2297,0.0315,0.001083,4.363
240050,520,432,952,222,74,4,38.83,0.9925,0.5475,0.204386,26,13,43,301.12,0.6130,0.0955,0.006819,4.477
240057,520,438,958,229,52,113,6.01,0.8765,0.5538,0.203091,28,16,8,54.63,0.4178,0.0878,0.006350,4.491
240062,520,390,910,193,119,117,21.63,0.4562,0.5909,0.258168,9,44,5,141.35,0.9724,0.1550,0.018703,4.485
240069,520,460,980,226,39,82,15.38,0.9283,0.5297,0.182318,6,1,47,275.54,0.9840,0.0584,0.002656,4.412
240076,520,357,877,215,120,80,42.97,0.6826,0.6171,0.284612,18,51,14,141.55,0.9214,0.1841,0.025279,4.445
240079,520,333,853,243,46,243,328.20,0.9765,0.6391,0.274825,47,47,19,108.83,0.5525,0.1959,0.026844,4.227
240082,520,453,973,216,52,125,358.83,0.8343,0.5328,0.185380,16,13,28,292.00,0.3954,0.0749,0.004818,4.294
240087,520,465,985,198,59,147,345.98,0.7719,0.5156,0.172421,9,6,15,300.62,0.3619,0.0474,0.002228,4.259
240099,520,480,1000,181,77,143,344.09,0.6433,0.5076,0.171160,0,0,0,0.00,0.0000,0.0000,0.000000,4.423
240144,520,450,970,221,54,106,7.68,0.8507,0.5379,0.190537,28,7,9,15.52,0.5559,0.0706,0.004186,4.439
240156,520,351,871,204,101,230,319.16,0.8341,0.6264,0.278592,64,29,66,325.29,0.5633,0.1948,0.023622,4.463
240167,520,386,906,233,79,111,11.88,0.8211,0.5890,0.240661,47,31,11,70.29,0.5894,0.1510,0.016085,4.398
240175,520,445,965,233,45,14,31.56,0.9857,0.5400,0.192352,15,3,61,280.53,0.9568,0.0849,0.005036,4.404
240184,520,454,974,208,18,193,332.38,0.9670,0.5320,0.176948,22,4,41,302.10,0.8106,0.0739,0.004175,4.189
240186,520,346,866,235,49,241,326.73,0.9681,0.6262,0.262121,82,7,39,2.02,0.8459,0.1875,0.020926,4.401
240196,520,466,986,186,0,235,315.88,1.0000,0.5211,0.164385,4,0,46,272.69,1.0000,0.0534,0.002231,4.105
240199,520,419,939,234,49,106,9.05,0.9025,0.5591,0.207327,19,8,77,277.92,0.9390,0.1144,0.008479,4.400
240201,520,362,882,221,83,194,336.23,0.8116,0.6066,0.254558,72,6,68,331.05,0.8370,0.1815,0.019255,4.398
240203,520,399,919,243,57,86,18.07,0.9252,0.5786,0.226561,7,20,90,266.66,0.9487,0.1409,0.012836,4.401
240205,520,396,916,213,70,203,330.84,0.8475,0.5835,0.228402,14,39,18,147.30,0.7703,0.1426,0.015880,4.226
240206,520,383,903,233,72,162,350.24,0.8365,0.5988,0.245697,19,40,4,134.64,0.9443,0.1465,0.016648,4.437
240216,520,348,868,252,41,204,340.05,0.9821,0.6287,0.266442,19,28,116,269.21,0.9360,0.1922,0.022298,4.377
240219,520,370,890,250,67,114,10.73,0.9502,0.6081,0.255566,28,26,98,276.01,0.8518,0.1735,0.018674,4.450
240222,520,386,906,224,65,197,335.70,0.8741,0.5933,0.236614,64,19,1,41.82,0.9547,0.1543,0.015581,4.370
240226,520,396,916,236,6,197,338.09,0.9950,0.5834,0.219972,38,29,39,322.98,0.2203,0.1424,0.014373,4.194
240255,520,405,925,242,31,141,356.80,0.9553,0.5754,0.217835,15,11,88,272.30,0.9596,0.1289,0.010454,4.430
240261,520,304,824,250,93,205,340.78,0.9579,0.6715,0.325634,78,36,73,331.87,0.5428,0.2342,0.033627,4.492
240275,520,262,782,249,127,181,353.76,0.8782,0.7084,0.386574,25,71,27,144.18,0.9148,0.2573,0.047921,4.458
240277,520,450,970,237,0,75,16.45,1.0000,0.5365,0.185158,20,12,6,60.45,0.3600,0.0686,0.004248,4.335
240291,520,423,943,240,54,53,26.70,0.9431,0.5647,0.214239,6,21,63,264.69,0.8682,0.1129,0.009339,4.453
240313,520,324,844,196,115,249,310.11,0.9212,0.6498,0.308377,15,59,13,142.50,0.9588,0.2100,0.032584,4.340
240322,520,377,897,247,46,168,349.69,0.9398,0.6046,0.245585,63,17,45,346.42,0.6615,0.1618,0.016473,4.447
240333,520,384,904,254,23,129,2.56,0.9919,0.5918,0.232723,24,35,56,262.63,0.4134,0.1536,0.016817,4.231
240340,520,371,891,238,6,240,327.90,0.9978,0.6144,0.246013,52,16,87,302.01,0.8122,0.1734,0.017888,4.360
240342,520,328,848,225,87,244,322.65,0.9447,0.6470,0.293575,43,46,66,277.45,0.2772,0.2063,0.028609,4.371
240355,520,413,933,234,27,166,346.88,0.9581,0.5689,0.210323,4,33,31,188.59,0.8050,0.1226,0.012124,4.190
240366,520,390,910,204,72,230,320.57,0.8871,0.5887,0.231868,68,2,19,13.72,0.9466,0.1452,0.013196,4.460
240379,520,389,909,211,64,232,322.37,0.9151,0.5928,0.233436,17,31,72,266.57,0.7088,0.1506,0.015670,4.316
240381,520,252,772,254,111,233,333.57,0.9943,0.7150,0.383256,20,73,56,167.89,0.8065,0.2695,0.051991,4.248
240388,520,437,957,147,91,247,295.64,0.9141,0.5504,0.204007,29,17,8,57.64,0.4345,0.0914,0.006797,4.472
240393,520,468,988,181,25,234,314.34,0.9708,0.5193,0.164607,5,4,8,297.65,0.2627,0.0356,0.001366,4.178
240396,520,397,917,213,62,215,327.43,0.8917,0.5828,0.224996,49,23,18,31.93,0.4797,0.1371,0.013095,4.358
240402,520,420,940,244,29,51,24.42,0.9795,0.5561,0.203543,12,31,6,138.50,0.8869,0.1134,0.010713,4.176
240434,520,478,998,223,18,42,24.71,0.9845,0.5059,0.162906,3,1,6,305.83,0.6115,0.0228,0.000542,4.212
240435,520,249,769,216,152,200,335.93,0.5499,0.7169,0.412268,2,66,121,251.68,0.9684,0.2815,0.052895,4.493
240436,520,434,954,230,58,25,32.59,0.9657,0.5458,0.199222,32,18,4,66.15,0.6563,0.0969,0.007485,4.335
240446,520,452,972,213,48,147,349.23,0.8440,0.5328,0.183689,9,17,8,141.55,0.4221,0.0708,0.004765,4.267
240469,520,346,866,238,30,247,326.23,0.9875,0.6255,0.258237,59,12,97,303.50,0.8717,0.1894,0.020559,4.369
240485,520,445,965,240,10,36,26.05,0.9948,0.5396,0.188731,22,17,3,92.29,0.6644,0.0815,0.005781,4.280
240492,520,452,972,158,83,221,306.12,0.7931,0.5308,0.186766,18,2,50,290.38,0.9337,0.0741,0.004023,4.383
240526,520,412,932,247,15,119,4.37,0.9858,0.5719,0.214512,4,34,0,140.23,1.0000,0.1179,0.011698,4.287
240549,520,445,965,234,21,94,10.92,0.9719,0.5398,0.188400,5,17,40,260.83,0.7017,0.0834,0.005863,4.268
240563,520,441,961,224,65,0,36.63,1.0000,0.5403,0.196306,40,8,14,12.22,0.6665,0.0939,0.006566,4.354
240565,520,437,957,203,46,208,326.73,0.9060,0.5480,0.192063,26,10,45,301.28,0.6947,0.0920,0.006262,4.302
240566,520,337,857,247,16,247,328.33,0.9957,0.6367,0.268630,20,38,102,267.02,0.8430,0.1974,0.024941,4.252
240572,520,474,994,224,21,81,13.95,0.9676,0.5157,0.169805,1,4,11,254.35,0.6250,0.0324,0.001174,4.295
240577,520,472,992,153,59,247,301.18,0.9514,0.5152,0.166160,3,3,11,281.35,0.4948,0.0318,0.001086,4.231
240589,520,380,900,240,13,207,336.37,0.9917,0.5980,0.233210,48,12,80,302.95,0.8305,0.1562,0.014706,4.377
240599,520,452,972,210,39,162,342.71,0.8791,0.5278,0.177635,13,13,25,283.33,0.3389,0.0706,0.004436,4.182
240614,520,432,952,218,82,24,39.86,0.9421,0.5517,0.210084,16,20,46,274.30,0.5505,0.1022,0.008077,4.478
240616,520,386,906,249,49,100,13.09,0.9559,0.5872,0.232600,20,17,98,273.04,0.9406,0.1529,0.014314,4.394
240639,520,478,998,192,72,119,359.09,0.6860,0.5091,0.171748,0,0,17,264.05,1.0000,0.0212,0.000405,4.399
240648,520,441,961,187,85,155,341.11,0.6354,0.5351,0.194298,8,11,54,271.94,0.8788,0.0853,0.005573,4.396
240656,520,271,791,227,133,215,331.78,0.7685,0.7019,0.380140,39,67,66,192.85,0.3562,0.2639,0.048389,4.372
240680,520,263,783,254,120,182,353.18,0.9773,0.7052,0.378841,56,62,69,252.28,0.1072,0.2646,0.047156,4.414
240684,520,407,927,195,113,15,61.64,0.9322,0.5662,0.234485,1,36,22,162.41,0.9785,0.1277,0.013261,4.497
240686,520,452,972,234,2,87,12.49,0.9977,0.5331,0.182271,33,1,5,16.16,0.9170,0.0664,0.003561,4.337
240695,520,473,993,220,44,71,19.13,0.9150,0.5187,0.174746,3,2,12,286.78,0.6321,0.0292,0.000893,4.416
240698,520,441,961,226,57,76,20.03,0.8891,0.5432,0.196196,31,16,19,6.69,0.3215,0.0950,0.007089,4.312
240699,520,469,989,207,49,152,345.88,0.8292,0.5248,0.177311,12,5,3,44.04,0.3764,0.0435,0.001933,4.377
240701,520,387,907,243,62,114,9.08,0.9029,0.5900,0.237181,18,42,14,140.89,0.8359,0.1540,0.018162,4.213
240717,520,389,909,254,37,83,17.65,0.9936,0.5859,0.230222,72,0,1,28.39,1.0000,0.1490,0.013802,4.392
240728,520,407,927,245,54,44,28.63,0.9598,0.5737,0.222361,45,23,0,65.42,1.0000,0.1272,0.011708,4.414
240733,520,466,986,152,69,236,302.14,0.8873,0.5157,0.169882,17,3,7,359.13,0.5721,0.0459,0.001997,4.229
240740,520,368,888,245,43,200,339.62,0.9586,0.6150,0.253134,33,44,2,123.47,0.9494,0.1701,0.021291,4.252
240767,520,329,849,207,113,229,319.76,0.8077,0.6485,0.307341,43,46,77,278.47,0.3982,0.2131,0.030034,4.465
240778,520,438,958,231,56,53,26.88,0.9271,0.5484,0.200773,39,7,6,26.09,0.7563,0.0885,0.005965,4.481
240784,520,163,683,205,191,251,295.22,0.8298,0.8097,0.572058,26,98,45,148.34,0.9437,0.3517,0.091441,4.398
240802,520,452,972,218,34,144,350.79,0.9039,0.5312,0.180656,1,18,27,230.72,0.8526,0.0749,0.005182,4.180
240806,520,465,985,173,36,243,309.65,0.9583,0.5206,0.166179,23,0,23,328.36,1.0000,0.0546,0.002440,4.122
240807,520,462,982,197,48,201,326.93,0.8808,0.5347,0.182029,21,3,7,4.92,0.6411,0.0514,0.002399,4.428
240811,520,350,870,252,77,125,8.54,0.9616,0.6252,0.274873,15,54,1,138.87,0.9957,0.1914,0.027420,4.196
240814,520,411,931,216,88,87,23.40,0.7432,0.5652,0.222688,14,30,24,168.13,0.4164,0.1159,0.010878,4.479
240819,520,233,753,254,138,193,351.45,0.9747,0.7386,0.431007,2,69,125,251.27,0.9701,0.2931,0.057495,4.475
240829,520,370,890,230,14,247,324.45,0.9947,0.6071,0.238548,32,10,107,279.93,0.9561,0.1658,0.015856,4.381
240830,520,451,971,228,38,99,9.55,0.9225,0.5373,0.187839,1,15,36,254.28,0.8750,0.0730,0.004754,4.344
240867,520,446,966,222,61,81,18.71,0.8605,0.5404,0.194638,12,19,21,217.17,0.1980,0.0823,0.005980,4.370
240874,520,448,968,187,19,250,312.67,0.9868,0.5403,0.179339,21,13,26,311.79,0.3652,0.0791,0.005219,4.153
240911,520,462,982,220,46,107,6.10,0.8736,0.5294,0.182338,5,4,37,275.44,0.8926,0.0540,0.002527,4.423
240920,520,434,954,195,81,165,339.05,0.6936,0.5469,0.202052,10,27,5,138.38,0.8775,0.0995,0.008593,4.302
240938,520,478,998,217,29,113,1.75,0.9213,0.5141,0.168252,1,1,14,273.55,0.9013,0.0244,0.000599,4.313
240948,520,390,910,170,102,243,303.38,0.8646,0.5922,0.245203,12,41,31,167.64,0.6776,0.1519,0.017629,4.365
240953,520,428,948,223,29,194,335.95,0.9557,0.5643,0.204642,16,4,74,276.97,0.9697,0.1029,0.006914,4.474
240963,520,319,839,230,89,229,328.02,0.8968,0.6478,0.296271,98,16,14,27.49,0.9153,0.2247,0.029994,4.329
240999,520,440,960,186,30,254,311.32,0.9950,0.5467,0.185245,16,18,34,277.37,0.3866,0.0895,0.006583,4.158
241001,520,371,891,221,73,217,329.01,0.8851,0.6081,0.251491,19,46,38,171.99,0.5384,0.1741,0.022323,4.169
241007,520,399,919,161,95,252,299.28,0.9592,0.5770,0.227900,56,17,7,35.74,0.7745,0.1363,0.012571,4.441
241015,520,296,816,236,121,180,349.65,0.7618,0.6789,0.348052,45,61,9,125.56,0.8867,0.2354,0.039151,4.465
241043,520,448,968,235,25,60,21.54,0.9769,0.5366,0.186868,30,8,18,353.52,0.5406,0.0784,0.004934,4.312
241053,520,445,965,214,31,181,337.50,0.9297,0.5411,0.186145,18,16,19,314.64,0.0949,0.0793,0.005462,4.258
241054,520,416,936,250,9,113,6.61,0.9927,0.5750,0.217152,31,22,44,301.85,0.4252,0.1202,0.010470,4.418
241055,520,434,954,219,71,90,17.16,0.8066,0.5481,0.203072,20,15,48,285.99,0.6410,0.0966,0.007038,4.437
241085,520,327,847,244,69,228,332.06,0.9511,0.6485,0.290935,79,23,64,339.91,0.6785,0.2101,0.026455,4.459
241118,520,416,936,189,64,246,312.59,0.9464,0.5696,0.211405,20,4,84,277.61,0.9755,0.1188,0.008756,4.449
241123,520,444,964,231,49,33,29.85,0.9558,0.5402,0.192984,7,18,20,209.94,0.3633,0.0758,0.005283,4.395
241124,520,478,998,189,44,184,329.63,0.8542,0.5065,0.160824,2,1,1,18.81,0.2281,0.0183,0.000368,4.186
241143,520,396,916,238,64,101,13.50,0.8807,0.5789,0.227866,32,21,72,287.68,0.7170,0.1413,0.013113,4.403
241152,520,454,974,191,58,200,325.22,0.8397,0.5330,0.182741,15,14,12,84.59,0.0724,0.0693,0.004422,4.277
241159,520,469,989,222,29,93,10.05,0.9401,0.5182,0.172014,6,1,33,282.70,0.9498,0.0445,0.001702,4.294
241176,520,450,970,224,41,137,355.04,0.8928,0.5442,0.192420,6,18,13,166.44,0.4670,0.0726,0.005004,4.407
241219,520,337,857,246,92,154,358.62,0.8795,0.6420,0.295832,61,43,10,78.98,0.7424,0.2018,0.027419,4.467
241236,520,432,952,214,18,200,332.00,0.9741,0.5475,0.189010,17,26,16,142.16,0.3483,0.1038,0.008954,4.054
241255,520,414,934,211,75,180,337.95,0.7831,0.5730,0.221783,38,19,42,320.47,0.4879,0.1218,0.010450,4.496
241258,520,375,895,222,45,238,324.25,0.9620,0.6000,0.235815,74,1,13,20.19,0.9847,0.1566,0.015069,4.393
241268,520,372,892,223,50,240,323.95,0.9580,0.6063,0.242626,8,18,118,266.52,0.9780,0.1746,0.017921,4.308
241276,520,409,929,186,95,191,325.38,0.6704,0.5683,0.223863,13,14,88,270.70,0.9531,0.1317,0.011041,4.487
241308,520,318,838,248,112,93,29.99,0.9244,0.6580,0.323382,52,53,28,110.46,0.4333,0.2208,0.033601,4.466
241311,520,361,881,249,12,213,336.82,0.9946,0.6179,0.252099,55,4,103,298.82,0.9589,0.1832,0.018784,4.392
241313,520,445,965,236,38,23,29.76,0.9767,0.5418,0.192842,38,1,18,355.96,0.8739,0.0799,0.004775,4.433
241317,520,433,953,204,48,211,326.17,0.9068,0.5533,0.196562,20,18,46,283.65,0.5570,0.1012,0.007786,4.267
241330,520,478,998,164,89,164,327.18,0.5764,0.5115,0.177185,3,1,4,316.91,0.5138,0.0217,0.000498,4.499
241370,520,309,829,253,72,210,339.22,0.9864,0.6564,0.301737,41,55,46,156.55,0.2315,0.2210,0.034010,4.187
241372,520,366,886,249,57,153,355.66,0.9439,0.6101,0.253692,26,32,88,273.29,0.7474,0.1737,0.019571,4.365
241375,520,464,984,227,1,107,4.67,0.9982,0.5237,0.174170,6,4,30,280.73,0.7931,0.0491,0.002193,4.295
241382,520,401,921,218,25,233,324.64,0.9810,0.5796,0.214860,42,19,57,309.92,0.6253,0.1375,0.012534,4.235
241384,520,398,918,203,90,185,334.02,0.7161,0.5827,0.235133,8,40,18,150.49,0.9014,0.1432,0.016128,4.312
241389,520,426,946,202,67,203,327.58,0.8349,0.5623,0.208843,23,5,77,282.14,0.9501,0.1141,0.008265,4.443
241394,520,471,991,172,29,243,309.57,0.9693,0.5151,0.161213,1,0,32,268.38,1.0000,0.0358,0.001107,4.133
241422,520,473,993,155,63,241,302.72,0.9183,0.5168,0.168749,1,4,10,251.74,0.6008,0.0319,0.001152,4.276
241448,520,468,988,215,48,90,12.24,0.8685,0.5163,0.173016,1,7,8,204.67,0.6502,0.0394,0.001759,4.309
241455,520,414,934,192,67,242,314.24,0.9264,0.5740,0.216328,42,6,61,310.44,0.8357,0.1226,0.009595,4.469
241464,520,408,928,221,38,198,334.37,0.9366,0.5677,0.208379,50,17,8,36.35,0.7012,0.1252,0.010966,4.238
241471,520,433,953,243,16,0,29.81,1.0000,0.5458,0.194287,22,23,7,111.87,0.5244,0.0978,0.007987,4.213
241506,520,386,906,242,29,180,344.44,0.9678,0.5919,0.230543,47,26,40,340.28,0.3725,0.1482,0.014964,4.318
241509,520,472,992,186,7,235,315.81,0.9935,0.5227,0.165905,5,1,14,300.29,0.7828,0.0296,0.000857,4.245
241521,520,347,867,184,126,211,314.48,0.6156,0.6319,0.298159,16,53,36,160.57,0.7574,0.1949,0.027836,4.473
241530,520,295,815,210,129,221,322.62,0.7235,0.6754,0.346239,12,57,99,251.11,0.8077,0.2409,0.039051,4.450
241537,520,400,920,228,4,214,331.78,0.9969,0.5788,0.214384,46,26,34,354.31,0.3314,0.1441,0.014352,4.108
241545,520,426,946,249,26,14,29.50,0.9907,0.5626,0.209139,39,19,18,23.28,0.3936,0.1127,0.009408,4.362
241554,520,414,934,216,51,204,331.40,0.9049,0.5714,0.213283,17,6,86,274.60,0.9725,0.1216,0.009213,4.446
241558,520,398,918,252,43,29,29.52,0.9886,0.5786,0.225156,6,41,6,143.01,0.9703,0.1436,0.016377,4.145
241570,520,415,935,254,1,47,24.35,0.9996,0.5688,0.213016,38,26,5,79.48,0.7066,0.1247,0.011619,4.268
241580,520,449,969,203,42,207,327.05,0.9154,0.5445,0.188592,35,3,2,28.71,0.8995,0.0732,0.004269,4.396
241609,520,328,848,254,40,236,332.36,0.9960,0.6503,0.286477,19,50,79,249.32,0.6431,0.2086,0.029840,4.214
241616,520,388,908,188,80,250,310.39,0.9588,0.5892,0.233318,26,19,87,278.59,0.8636,0.1475,0.013734,4.445
241618,520,469,989,218,35,112,2.75,0.9032,0.5192,0.172799,3,5,10,261.26,0.3332,0.0370,0.001498,4.326
241621,520,409,929,224,40,184,339.24,0.9227,0.5662,0.208280,39,10,71,299.70,0.8300,0.1324,0.011034,4.232
241638,520,364,884,229,73,202,335.64,0.8750,0.6126,0.256898,0,48,22,153.71,1.0000,0.1682,0.021717,4.279
241646,520,445,965,233,38,18,30.32,0.9818,0.5353,0.187567,15,4,56,282.23,0.9253,0.0810,0.004739,4.340
241650,520,476,996,220,15,94,8.54,0.9719,0.5086,0.163681,3,2,2,18.05,0.1289,0.0243,0.000672,4.217
241663,520,384,904,249,61,90,17.89,0.9557,0.5948,0.242189,51,29,22,38.41,0.3958,0.1545,0.016405,4.400
241679,520,452,972,186,42,231,316.05,0.9372,0.5344,0.178658,10,7,42,279.81,0.8035,0.0684,0.003836,4.247
241688,520,467,987,224,37,75,17.30,0.9356,0.5227,0.176812,3,5,18,270.57,0.5865,0.0407,0.001716,4.386
241695,520,278,798,236,108,249,323.88,0.9680,0.6933,0.353996,2,64,82,224.33,0.9609,0.2476,0.042887,4.349
241703,520,459,979,155,76,237,302.29,0.8784,0.5296,0.182523,12,1,40,289.02,0.9514,0.0564,0.002531,4.426
241704,520,412,932,212,75,164,344.30,0.7627,0.5667,0.217116,12,32,11,142.85,0.7943,0.1175,0.011353,4.354
241707,520,434,954,213,72,130,358.72,0.7547,0.5504,0.203948,22,24,22,145.39,0.0632,0.1045,0.008818,4.318
241710,520,237,757,191,173,200,314.56,0.2648,0.7341,0.451339,26,81,41,149.36,0.8954,0.2941,0.062643,4.451
241714,520,315,835,231,91,242,324.75,0.9402,0.6596,0.308840,71,43,16,61.98,0.6552,0.2177,0.031049,4.427
241719,520,465,985,180,1,247,311.55,0.9993,0.5223,0.164415,9,6,28,286.18,0.6477,0.0547,0.002722,4.067
241726,520,461,981,166,61,238,307.21,0.9084,0.5270,0.176182,16,5,18,321.74,0.5225,0.0536,0.002624,4.298
241734,520,444,964,218,67,93,14.89,0.8117,0.5422,0.197125,6,20,12,158.09,0.5659,0.0779,0.005656,4.440
241736,520,388,908,167,113,210,308.42,0.6426,0.5860,0.246794,4,40,48,216.06,0.8389,0.1530,0.017567,4.393
241746,520,405,925,205,46,247,317.67,0.9638,0.5797,0.216501,55,5,34,350.20,0.7923,0.1262,0.010364,4.415
241758,520,447,967,210,17,204,329.89,0.9758,0.5426,0.184642,30,4,41,314.12,0.7965,0.0847,0.005230,4.248
241763,520,451,971,231,2,140,354.15,0.9966,0.5443,0.189287,4,17,16,189.45,0.5326,0.0695,0.004641,4.379
241765,520,319,839,236,124,11,55.19,0.9829,0.6512,0.322750,47,51,67,273.75,0.2169,0.2243,0.033772,4.450
241767,520,333,853,222,88,232,324.89,0.8942,0.6362,0.283372,26,39,95,269.47,0.7366,0.1964,0.024968,4.447
241772,520,478,998,176,5,236,312.73,0.9951,0.5070,0.153958,2,0,4,311.99,1.0000,0.0155,0.000217,4.062
241787,520,426,946,225,71,91,17.32,0.8276,0.5595,0.212720,8,26,37,237.72,0.5529,0.1067,0.009239,4.435
241831,520,347,867,250,20,233,332.18,0.9931,0.6338,0.267106,31,27,111,275.79,0.8843,0.1923,0.022228,4.390
241833,520,428,948,223,17,192,336.45,0.9774,0.5587,0.198971,29,22,13,73.32,0.3098,0.1044,0.008641,4.246
241863,520,430,950,228,10,168,344.64,0.9848,0.5531,0.195409,3,23,41,247.24,0.7637,0.0980,0.007922,4.237
241869,520,473,993,211,28,154,345.39,0.9156,0.5192,0.170147,1,5,6,209.42,0.5531,0.0332,0.001281,4.293
241871,520,480,1000,196,42,175,334.58,0.8573,0.5116,0.164886,0,0,0,0.00,0.0000,0.0000,0.000000,4.298
241881,520,411,931,231,73,63,27.80,0.8851,0.5680,0.221158,21,28,41,262.47,0.3035,0.1231,0.011500,4.409
241887,520,393,913,250,62,19,33.22,0.9847,0.5892,0.238198,5,32,65,255.37,0.8234,0.1415,0.014469,4.470
241895,520,395,915,247,33,147,355.88,0.9589,0.5885,0.229718,28,26,60,283.21,0.5491,0.1372,0.013119,4.432
241899,520,419,939,239,17,138,356.73,0.9777,0.5630,0.205898,21,25,35,267.68,0.2353,0.1119,0.009760,4.282
241936,520,356,876,236,34,243,326.64,0.9829,0.6211,0.254505,75,20,13,30.34,0.8127,0.1798,0.020255,4.334
241944,520,453,973,133,93,242,290.93,0.8771,0.5343,0.192259,35,2,10,8.39,0.8286,0.0735,0.004227,4.467
241952,520,26,546,242,250,219,118.94,0.7939,0.9662,0.923629,21,133,9,141.97,0.9952,0.4633,0.169535,4.435
241957,520,25,545,248,246,246,17.19,0.1125,0.9705,0.925219,29,131,61,148.96,0.9632,0.4638,0.168300,4.467
241969,520,423,943,193,37,250,313.95,0.9763,0.5577,0.195640,29,24,19,67.08,0.1650,0.1110,0.009615,4.120
241972,520,477,997,211,59,33,32.19,0.9282,0.5096,0.170890,1,1,11,275.11,0.8474,0.0225,0.000523,4.372
241974,520,466,986,157,56,249,302.33,0.9637,0.5192,0.168365,8,10,11,227.48,0.0800,0.0540,0.002929,4.126
241981,520,410,930,239,32,148,353.92,0.9495,0.5728,0.215250,9,17,82,268.49,0.9404,0.1271,0.010681,4.371
241983,520,225,745,236,150,225,331.49,0.8397,0.7489,0.450835,18,75,113,243.23,0.7868,0.3046,0.063527,4.412
242017,520,469,989,210,39,150,346.91,0.8708,0.5218,0.173569,4,2,33,276.49,0.9325,0.0450,0.001790,4.317
242026,520,440,960,238,46,9,31.92,0.9917,0.5509,0.201541,17,20,14,129.26,0.1927,0.0866,0.006512,4.451
242028,520,445,965,204,43,201,328.99,0.9047,0.5429,0.187840,39,5,1,34.44,0.9338,0.0840,0.005421,4.291
242031,520,401,921,237,73,17,36.31,0.9795,0.5753,0.228132,17,14,93,272.40,0.9516,0.1404,0.012235,4.469
242033,520,385,905,198,86,213,322.79,0.7959,0.5857,0.234668,36,19,78,290.34,0.7684,0.1481,0.013909,4.454
242044,520,361,881,228,55,237,325.87,0.9530,0.6161,0.253430,35,1,124,278.80,0.9971,0.1835,0.018342,4.440
242064,520,409,929,219,74,137,357.28,0.7685,0.5661,0.217661,10,20,79,268.36,0.9139,0.1295,0.011293,4.367
242070,520,434,954,151,97,226,300.15,0.7729,0.5486,0.206199,29,17,31,321.64,0.3672,0.0995,0.007611,4.447
242087,520,343,863,245,4,246,328.13,0.9989,0.6304,0.261560,19,36,101,267.32,0.8571,0.1913,0.023397,4.245
242092,520,408,928,241,49,74,20.49,0.9389,0.5657,0.213951,59,2,29,358.11,0.8872,0.1286,0.010621,4.354
242098,520,424,944,244,18,100,10.19,0.9823,0.5611,0.205892,35,3,64,301.64,0.9194,0.1111,0.007926,4.418
242124,520,432,952,200,17,240,318.43,0.9873,0.5522,0.189731,29,20,6,77.88,0.5482,0.0980,0.007747,4.151
242126,520,435,955,242,27,69,19.79,0.9761,0.5536,0.200942,0,16,57,261.12,1.0000,0.0927,0.006659,4.429
242127,520,435,955,205,50,200,329.51,0.8841,0.5492,0.194323,43,0,11,9.89,1.0000,0.0859,0.005378,4.412
242155,520,477,997,217,44,57,23.33,0.9256,0.5102,0.168511,0,2,9,255.69,0.9999,0.0237,0.000631,4.316
242166,520,472,992,161,75,220,308.39,0.8131,0.5225,0.177771,10,0,5,344.76,1.0000,0.0280,0.000755,4.488
242173,520,294,814,202,143,185,337.54,0.4553,0.6754,0.357053,30,67,14,137.91,0.9419,0.2446,0.043219,4.367
242184,520,384,904,253,51,54,26.33,0.9902,0.5885,0.235203,51,18,59,319.37,0.6619,0.1509,0.014523,4.420
242209,520,200,720,248,153,218,339.64,0.9142,0.7668,0.478030,16,74,139,255.01,0.8667,0.3210,0.068714,4.448
242218,520,478,998,197,38,172,335.80,0.8697,0.5088,0.162369,0,1,8,261.19,1.0000,0.0192,0.000392,4.214
242219,520,445,965,238,9,81,15.07,0.9916,0.5418,0.189699,27,9,19,346.98,0.4719,0.0761,0.004754,4.378
242234,520,447,967,189,40,234,316.29,0.9464,0.5402,0.182782,25,5,37,310.42,0.7488,0.0764,0.004488,4.272
242237,520,362,882,216,52,254,318.91,0.9952,0.6066,0.242125,59,33,24,39.82,0.4350,0.1767,0.020836,4.124
242242,520,313,833,239,79,241,327.39,0.9493,0.6579,0.302960,75,31,71,330.97,0.5899,0.2193,0.029309,4.450
242244,520,391,911,250,18,145,356.59,0.9837,0.5880,0.228044,10,2,113,267.85,0.9975,0.1512,0.013001,4.413
242246,520,458,978,164,61,249,304.27,0.9606,0.5337,0.180701,1,9,34,261.25,0.9098,0.0586,0.003173,4.339
242247,520,282,802,255,105,201,344.14,1.0000,0.6930,0.355832,0,64,87,230.13,1.0000,0.2502,0.043547,4.338
242248,520,433,953,210,4,224,324.87,0.9964,0.5538,0.191722,26,6,64,290.55,0.8840,0.1038,0.007200,4.226
242268,520,450,970,234,23,86,13.66,0.9708,0.5386,0.187802,18,11,31,298.08,0.5076,0.0747,0.004669,4.350
242270,520,373,893,232,16,238,326.93,0.9928,0.6045,0.237019,33,9,101,282.29,0.9484,0.1582,0.014582,4.444
242295,520,401,921,238,71,57,28.95,0.9206,0.5782,0.229821,54,9,53,328.92,0.7605,0.1401,0.012368,4.487
242299,520,402,922,225,47,204,333.74,0.9282,0.5841,0.224026,26,32,10,122.11,0.5915,0.1280,0.012745,4.367
242313,520,38,558,245,247,146,109.52,0.9257,0.9454,0.880098,18,127,67,152.46,0.9762,0.4498,0.157119,4.491
242314,520,419,939,203,34,230,321.31,0.9602,0.5562,0.195554,29,21,28,330.42,0.2097,0.1070,0.008814,4.175
242316,520,427,947,229,64,82,19.51,0.8722,0.5573,0.209368,18,20,46,277.57,0.5321,0.1038,0.008261,4.452
242346,520,471,991,182,24,239,313.53,0.9756,0.5247,0.168315,2,8,10,213.96,0.4852,0.0436,0.002085,4.192
242357,520,330,850,177,125,241,302.89,0.8046,0.6395,0.303656,50,50,26,108.48,0.4355,0.2094,0.030339,4.402
242370,520,365,885,254,71,16,34.91,0.9950,0.6059,0.256184,76,15,0,36.11,1.0000,0.1736,0.018784,4.451
242377,520,346,866,205,114,193,332.12,0.6413,0.6281,0.288655,5,49,60,219.17,0.8578,0.1884,0.025550,4.483
242404,520,441,961,154,82,235,301.65,0.8557,0.5352,0.189031,5,25,3,141.01,0.9499,0.0899,0.007341,4.169
242408,520,312,832,240,67,253,324.93,0.9924,0.6559,0.296339,53,52,5,108.29,0.8864,0.2157,0.032239,4.211
242421,520,477,997,94,95,254,276.24,0.9928,0.5135,0.177192,3,1,6,305.83,0.6115,0.0228,0.000542,4.495
242432,520,442,962,218,68,80,20.33,0.8290,0.5404,0.196213,9,14,44,271.77,0.7104,0.0826,0.005540,4.433
242460,520,37,557,224,247,227,149.12,0.5957,0.9463,0.879143,7,131,7,142.56,0.9971,0.4548,0.162924,4.364
242467,520,398,918,182,111,165,336.19,0.4941,0.5775,0.240316,1,40,25,162.68,0.9820,0.1420,0.015942,4.403
242469,520,358,878,242,69,170,349.21,0.8917,0.6151,0.260387,1,51,15,147.82,0.9956,0.1777,0.024085,4.190
242471,520,335,855,242,33,250,326.47,0.9875,0.6356,0.268698,45,10,125,283.97,0.9601,0.2020,0.022556,4.392
242490,520,476,996,221,27,77,15.36,0.9537,0.5112,0.166946,0,0,9,264.05,1.0000,0.0151,0.000197,4.322
242493,520,433,953,223,61,104,9.87,0.8362,0.5480,0.200276,34,12,41,317.36,0.6206,0.1030,0.007632,4.343
242500,520,331,851,252,10,237,331.69,0.9973,0.6377,0.270301,80,20,43,0.92,0.7032,0.1980,0.023805,4.340
242517,520,454,974,230,42,0,32.22,1.0000,0.5311,0.184819,33,4,10,10.00,0.7304,0.0735,0.004321,4.323
242518,520,346,866,253,38,201,341.04,0.9876,0.6274,0.264892,41,28,95,285.80,0.7521,0.1860,0.021281,4.418
242524,520,407,927,225,19,201,334.46,0.9786,0.5685,0.206928,25,18,72,281.80,0.7871,0.1289,0.011071,4.207
242527,520,409,929,244,43,78,18.82,0.9513,0.5682,0.215143,18,0,97,273.74,1.0000,0.1301,0.009916,4.425
242530,520,351,871,248,28,226,333.42,0.9867,0.6284,0.262810,37,46,42,166.67,0.1447,0.1890,0.025144,4.163
242537,520,400,920,179,100,209,315.95,0.7017,0.5775,0.233024,26,33,48,264.95,0.3011,0.1449,0.015207,4.340
242544,520,388,908,218,14,255,319.82,1.0000,0.5930,0.224415,15,42,5,138.33,0.9562,0.1509,0.017684,4.054
242557,520,419,939,220,25,200,333.52,0.9650,0.5608,0.200834,30,2,67,294.68,0.9555,0.1062,0.007247,4.382
242563,520,457,977,164,81,219,309.16,0.7933,0.5343,0.188925,16,9,19,315.49,0.3447,0.0624,0.003526,4.464
242564,520,411,931,248,36,78,18.47,0.9665,0.5721,0.217718,46,3,58,317.45,0.8788,0.1227,0.009515,4.498
242585,520,434,954,215,27,201,331.98,0.9577,0.5533,0.194502,32,20,13,51.22,0.3393,0.1034,0.008365,4.189
242593,520,477,997,215,4,126,355.61,0.9890,0.5064,0.160428,0,1,2,233.51,1.0000,0.0151,0.000261,4.187
242596,520,272,792,238,114,235,328.35,0.9187,0.6968,0.362121,57,59,79,280.04,0.2321,0.2623,0.045623,4.310
242608,520,161,681,255,189,13,82.78,1.0000,0.8099,0.576866,9,99,55,154.65,0.9802,0.3533,0.092572,4.397
242610,520,389,909,206,77,215,325.09,0.8425,0.5876,0.233375,37,30,42,310.93,0.2316,0.1451,0.014890,4.367
242617,520,472,992,179,0,247,311.28,1.0000,0.5205,0.163001,4,4,4,0.00,0.0000,0.0329,0.001214,4.159
242625,520,430,950,142,110,200,298.70,0.5902,0.5450,0.210729,22,24,1,113.86,0.9147,0.0993,0.008260,4.475
242632,520,271,791,225,124,247,320.23,0.9366,0.7008,0.371398,23,66,88,234.36,0.6592,0.2635,0.047830,4.307
242665,520,355,875,253,81,23,36.50,0.9888,0.6155,0.268329,74,23,22,24.48,0.6999,0.1840,0.021268,4.467
242670,520,332,852,254,30,230,333.78,0.9958,0.6422,0.277158,13,57,17,144.61,0.9545,0.2029,0.030522,4.063
242682,520,477,997,175,45,216,316.21,0.8998,0.5073,0.159497,2,1,9,287.91,0.7237,0.0230,0.000543,4.145
242711,520,342,862,253,1,226,334.48,0.9997,0.6311,0.263986,73,26,17,32.66,0.7058,0.1860,0.021960,4.363
242715,520,427,947,202,61,203,327.66,0.8527,0.5560,0.202075,0,24,35,229.64,1.0000,0.0952,0.007746,4.365
242734,520,467,987,130,91,231,291.76,0.8187,0.5185,0.179974,16,1,19,322.23,0.8058,0.0449,0.001789,4.441
242737,520,427,947,203,30,240,319.05,0.9735,0.5620,0.199179,7,14,66,268.81,0.9216,0.1025,0.007525,4.332
242747,520,233,753,230,158,171,7.43,0.5653,0.7358,0.442187,27,81,3,138.85,0.9939,0.2897,0.061242,4.424
242754,520,314,834,246,66,238,330.00,0.9654,0.6552,0.296651,101,0,18,21.56,1.0000,0.2200,0.028109,4.438
242788,520,406,926,220,26,221,328.03,0.9751,0.5750,0.211771,51,18,29,1.20,0.5436,0.1344,0.012252,4.205
242790,520,409,929,233,27,177,343.27,0.9611,0.5725,0.212846,37,27,4,85.92,0.7609,0.1257,0.011860,4.249
242795,520,385,905,249,44,111,8.95,0.9542,0.5866,0.230923,4,27,89,263.63,0.9485,0.1522,0.015308,4.301
242801,520,409,929,252,10,43,25.26,0.9958,0.5660,0.210907,43,11,59,311.94,0.7583,0.1285,0.010688,4.299
242814,520,389,909,234,5,221,331.45,0.9971,0.5944,0.228241,58,19,32,1.89,0.5871,0.1498,0.014697,4.301
242835,520,477,997,166,80,187,319.39,0.6959,0.5134,0.174330,2,0,4,311.99,1.0000,0.0155,0.000217,4.467
242841,520,409,929,158,97,240,300.13,0.8497,0.5673,0.221100,57,3,45,339.22,0.8390,0.1337,0.011246,4.426
242848,520,300,820,213,119,242,317.75,0.8859,0.6739,0.337519,38,61,23,134.57,0.7277,0.2314,0.038113,4.398
242856,520,449,969,208,41,182,335.71,0.8899,0.5367,0.183752,21,0,51,294.88,1.0000,0.0749,0.003984,4.330
242866,520,433,953,166,84,237,305.39,0.8640,0.5550,0.205626,29,22,9,82.02,0.4443,0.1035,0.008548,4.366
242870,520,380,900,250,11,184,344.78,0.9929,0.6037,0.240274,48,28,56,315.79,0.4670,0.1627,0.017445,4.304
242878,520,396,916,209,37,246,319.18,0.9709,0.5799,0.215340,50,2,75,309.41,0.9495,0.1439,0.012296,4.259
242886,520,451,971,240,5,80,15.46,0.9956,0.5449,0.192163,7,10,43,272.64,0.8020,0.0726,0.004367,4.454
242900,520,346,866,238,91,167,351.46,0.8284,0.6322,0.284520,50,44,20,95.68,0.4979,0.1911,0.025300,4.442
242906,520,448,968,236,10,80,15.18,0.9903,0.5375,0.186323,15,16,35,279.59,0.4570,0.0847,0.005935,4.225
242911,520,384,904,236,56,160,350.46,0.8879,0.5880,0.232022,33,36,18,116.46,0.4151,0.1483,0.016288,4.255
242932,520,424,944,236,20,140,355.55,0.9700,0.5587,0.202297,40,2,59,310.80,0.9220,0.1125,0.008103,4.342
242946,520,433,953,229,20,147,351.75,0.9635,0.5477,0.192677,17,23,34,262.26,0.2924,0.1028,0.008474,4.150
242953,520,444,964,240,14,21,28.20,0.9934,0.5395,0.188969,1,12,55,263.61,0.9649,0.0834,0.005452,4.309
242957,520,411,931,235,27,165,347.42,0.9590,0.5704,0.211656,1,11,84,264.68,0.9794,0.1162,0.008858,4.446
242977,520,455,975,158,84,214,307.71,0.7620,0.5271,0.184653,17,2,35,301.11,0.8594,0.0593,0.002839,4.441
242980,520,384,904,255,35,74,20.02,1.0000,0.5853,0.229603,15,43,5,138.52,0.9593,0.1543,0.018402,4.088
243001,520,320,840,246,76,220,334.77,0.9519,0.6539,0.299318,0,37,124,262.60,1.0001,0.2123,0.027782,4.491
243006,520,450,970,230,0,145,352.26,1.0000,0.5440,0.188702,1,12,35,258.07,0.8919,0.0655,0.003907,4.428
243022,520,419,939,241,54,16,32.49,0.9852,0.5638,0.213798,8,17,71,268.34,0.9147,0.1140,0.009074,4.466
243062,520,389,909,220,34,231,325.53,0.9701,0.5855,0.221313,29,36,31,154.24,0.1549,0.1481,0.016219,4.097
243072,520,452,972,238,6,21,27.88,0.9971,0.5334,0.183649,9,5,51,276.55,0.9214,0.0727,0.004056,4.322
243089,520,347,867,243,4,249,327.03,0.9989,0.6290,0.259838,82,13,37,5.49,0.7917,0.1920,0.022156,4.294
243092,520,448,968,183,79,189,325.44,0.7289,0.5385,0.193346,33,8,9,19.96,0.6082,0.0804,0.005168,4.411
243094,520,396,916,236,43,153,352.12,0.9187,0.5753,0.218635,37,29,29,18.06,0.1314,0.1369,0.013608,4.223
243098,520,407,927,216,41,216,328.19,0.9430,0.5722,0.211448,25,3,93,279.26,0.9831,0.1338,0.010621,4.313
243103,520,332,852,241,63,234,329.79,0.9532,0.6420,0.281989,5,52,69,228.22,0.8679,0.2031,0.029178,4.193
243104,520,471,991,201,8,191,331.09,0.9833,0.5153,0.163546,15,1,3,9.58,0.7647,0.0366,0.001299,4.163
243118,520,452,972,237,9,32,26.56,0.9952,0.5326,0.183075,27,2,28,326.59,0.7956,0.0677,0.003603,4.348
243119,520,378,898,253,0,161,351.96,1.0000,0.5968,0.234594,2,13,111,264.91,0.9863,0.1562,0.014483,4.413
243125,520,385,905,244,37,169,348.40,0.9524,0.5941,0.234240,48,14,66,311.33,0.7515,0.1459,0.013359,4.486
243142,520,437,957,241,36,55,24.01,0.9683,0.5540,0.202417,37,10,0,47.04,1.0000,0.0884,0.006105,4.499
243168,520,361,881,253,28,193,343.09,0.9871,0.6188,0.255668,43,33,69,294.60,0.4977,0.1760,0.020310,4.347
243180,520,284,804,250,91,246,328.83,0.9811,0.6911,0.344627,79,33,106,310.50,0.7123,0.2538,0.037907,4.489
243183,520,462,982,225,49,10,32.70,0.9876,0.5266,0.182289,6,8,11,254.42,0.1585,0.0478,0.002365,4.436
243201,520,317,837,223,121,170,351.06,0.6515,0.6558,0.322670,30,56,49,174.85,0.4134,0.2168,0.033260,4.476
243203,520,412,932,208,8,254,317.56,0.9963,0.5746,0.207410,43,5,59,313.24,0.8430,0.1211,0.009380,4.335
243224,520,461,981,215,24,157,345.27,0.9371,0.5266,0.175370,25,1,11,354.52,0.8142,0.0543,0.002526,4.291
243228,520,453,973,228,46,32,29.58,0.9562,0.5315,0.185552,1,13,42,260.32,0.9311,0.0732,0.004614,4.313
243247,520,403,923,231,52,172,345.06,0.8942,0.5811,0.224262,34,32,1,106.08,0.9445,0.1350,0.013753,4.302
243251,520,409,929,250,21,99,11.42,0.9824,0.5742,0.217648,24,6,86,279.98,0.9582,0.1274,0.009963,4.464
243253,520,441,961,237,28,69,19.47,0.9712,0.5436,0.192679,34,13,19,2.88,0.4522,0.0936,0.006750,4.276
243259,520,473,993,181,40,222,316.76,0.9265,0.5178,0.166164,5,0,26,287.00,1.0000,0.0350,0.001068,4.233
243260,520,312,832,247,83,216,336.28,0.9515,0.6606,0.309214,24,50,97,261.16,0.6927,0.2248,0.033383,4.308
243272,520,480,1000,170,34,233,310.99,0.9511,0.5060,0.155742,0,0,0,0.00,0.0000,0.0000,0.000000,4.115
243287,520,337,857,227,76,250,322.07,0.9760,0.6419,0.284039,52,31,89,296.58,0.6648,0.1986,0.024313,4.495
243291,520,456,976,223,4,150,349.14,0.9917,0.5331,0.179795,15,5,33,296.37,0.7280,0.0617,0.003199,4.320
243294,520,453,973,192,93,71,33.84,0.6638,0.5291,0.194918,13,17,0,119.22,1.0000,0.0718,0.004865,4.464
243297,520,415,935,245,47,57,24.93,0.9567,0.5697,0.217444,26,20,58,286.44,0.6341,0.1207,0.010254,4.439
243308,520,376,896,228,16,247,323.96,0.9936,0.6041,0.235823,13,34,72,261.13,0.7350,0.1561,0.016974,4.268
243319,520,400,920,181,84,245,308.87,0.9173,0.5810,0.227578,28,36,12,124.70,0.6034,0.1422,0.015352,4.247
243327,520,471,991,214,2,158,344.39,0.9948,0.5189,0.168105,11,4,8,341.71,0.3668,0.0418,0.001755,4.214
243329,520,350,870,242,57,223,332.85,0.9521,0.6322,0.271340,8,53,28,154.08,0.9350,0.1897,0.026816,4.183
243332,520,366,886,255,26,163,352.18,1.0000,0.6077,0.246467,52,33,43,346.67,0.2907,0.1725,0.019923,4.240
243334,520,429,949,197,8,246,316.39,0.9949,0.5501,0.186993,10,25,20,170.43,0.4403,0.0972,0.008103,4.079
243341,520,441,961,228,30,131,357.41,0.9351,0.5433,0.190640,4,25,15,161.03,0.7991,0.0921,0.007555,4.181
243345,520,415,935,240,58,29,31.76,0.9668,0.5660,0.216433,52,12,3,36.10,0.8745,0.1201,0.009997,4.441
243346,520,342,862,255,63,152,357.63,1.0000,0.6259,0.270855,61,36,41,6.69,0.3244,0.1919,0.024141,4.328
243354,520,478,998,212,10,146,348.00,0.9722,0.5107,0.162918,0,1,9,261.82,1.0000,0.0198,0.000414,4.223
243362,520,380,900,241,64,155,353.89,0.8840,0.6022,0.247371,16,33,79,265.45,0.7648,0.1612,0.017623,4.397
243372,520,385,905,247,27,155,353.10,0.9700,0.5891,0.229279,4,41,37,184.47,0.8747,0.1509,0.017452,4.140
243383,520,373,893,206,88,205,327.92,0.7827,0.5956,0.245107,35,39,17,117.54,0.4933,0.1590,0.018488,4.309
243393,520,330,850,252,97,100,22.36,0.9640,0.6439,0.301683,11,53,70,229.69,0.7609,0.2086,0.030594,4.364
243395,520,430,950,245,0,64,20.14,1.0000,0.5516,0.197862,9,0,83,270.39,1.0000,0.1045,0.006826,4.362
243423,520,368,888,231,45,230,328.43,0.9624,0.6096,0.245813,49,38,11,86.82,0.6563,0.1719,0.020634,4.188
243430,520,466,986,201,67,109,5.06,0.7398,0.5151,0.175379,13,3,32,295.64,0.8029,0.0548,0.002550,4.289
243450,520,435,955,219,5,201,332.98,0.9939,0.5542,0.193880,31,3,44,312.82,0.8396,0.0870,0.005383,4.404
243451,520,347,867,238,30,247,326.23,0.9875,0.6255,0.258237,78,14,51,349.94,0.7569,0.1905,0.021731,4.297
243458,520,327,847,248,70,213,337.14,0.9588,0.6476,0.291438,23,57,31,149.35,0.7486,0.2102,0.032072,4.160
243460,520,453,973,182,68,202,321.35,0.8011,0.5310,0.183448,6,16,17,203.41,0.3590,0.0687,0.004498,4.284
243465,520,452,972,161,64,248,303.26,0.9527,0.5321,0.180217,2,17,25,230.68,0.7336,0.0719,0.004840,4.198
243469,520,409,929,232,37,163,347.67,0.9302,0.5686,0.211261,13,35,0,135.14,1.0000,0.1258,0.012876,4.155
243472,520,425,945,225,17,189,337.78,0.9774,0.5606,0.200851,50,2,23,359.35,0.8643,0.1073,0.007835,4.337
243476,520,458,978,131,92,242,290.35,0.8803,0.5305,0.188903,4,14,0,133.96,1.0000,0.0568,0.003399,4.474
243481,520,310,830,246,93,188,345.61,0.9086,0.6570,0.310552,14,45,114,263.04,0.8940,0.2234,0.031848,4.405
243486,520,429,949,228,28,154,349.43,0.9437,0.5521,0.196603,36,16,13,29.47,0.4467,0.1006,0.007748,4.270
243488,520,433,953,238,50,11,32.35,0.9897,0.5541,0.204857,35,16,0,63.43,1.0000,0.0962,0.007280,4.449
243491,520,359,879,164,118,251,296.90,0.9189,0.6187,0.278146,30,49,5,130.38,0.9304,0.1839,0.024836,4.385
243502,520,467,987,211,64,61,25.90,0.8565,0.5187,0.178549,19,2,2,24.35,0.7692,0.0444,0.001863,4.407
243514,520,479,999,213,25,126,355.80,0.9248,0.5090,0.163502,0,1,0,142.50,1.0000,0.0135,0.000217,4.252
243545,520,379,899,220,89,169,345.75,0.7431,0.6006,0.252271,5,42,56,228.23,0.8180,0.1642,0.019736,4.334
243547,520,452,972,211,58,118,1.42,0.8011,0.5265,0.181853,11,4,50,279.87,0.9192,0.0713,0.003883,4.303
243557,520,464,984,221,46,18,31.61,0.9756,0.5162,0.173725,0,4,34,263.16,1.0004,0.0467,0.002023,4.301
243563,520,422,942,251,1,48,24.04,0.9995,0.5625,0.207481,23,15,64,283.63,0.7771,0.1138,0.008940,4.369
243577,520,425,945,185,72,232,314.10,0.8752,0.5617,0.207763,12,17,65,271.55,0.8557,0.1099,0.008607,4.398
243582,520,426,946,250,17,33,27.02,0.9927,0.5626,0.208384,27,20,41,298.14,0.4271,0.1093,0.008934,4.384
243585,520,381,901,227,66,191,338.39,0.8695,0.5961,0.239913,62,24,4,45.95,0.8303,0.1596,0.016863,4.336
243589,520,467,987,164,47,247,305.53,0.9585,0.5189,0.166416,0,3,33,263.62,1.0014,0.0434,0.001749,4.182
243597,520,410,930,241,56,59,25.61,0.9376,0.5692,0.218482,28,32,29,153.28,0.0930,0.1349,0.013686,4.216
243600,520,452,972,151,92,219,302.49,0.7551,0.5349,0.193484,37,0,9,8.92,1.0000,0.0733,0.004131,4.498
243608,520,398,918,193,84,215,320.58,0.7997,0.5768,0.225857,62,13,12,25.73,0.8051,0.1432,0.013387,4.352
243613,520,479,999,219,47,9,32.66,0.9875,0.5126,0.171155,0,0,6,264.05,1.0000,0.0126,0.000131,4.411
243618,520,406,926,227,33,205,333.91,0.9593,0.5801,0.218289,51,10,38,342.84,0.7004,0.1266,0.010609,4.427
243625,520,445,965,208,46,175,338.01,0.8642,0.5362,0.184611,0,9,58,263.49,1.0010,0.0807,0.005008,4.265
243647,520,360,880,232,104,119,15.16,0.7564,0.6247,0.283909,2,52,4,143.27,0.9945,0.1802,0.024775,4.465
243652,520,364,884,233,20,241,326.47,0.9912,0.6094,0.241773,0,47,37,174.02,1.0000,0.1693,0.021665,4.071
243656,520,424,944,224,64,113,6.86,0.8235,0.5557,0.207090,33,9,57,302.17,0.7855,0.1098,0.008141,4.422
243662,520,251,771,255,127,186,352.88,1.0000,0.7192,0.399868,37,69,66,187.92,0.4150,0.2687,0.050427,4.480
243681,520,389,909,245,63,82,20.44,0.9356,0.5873,0.235800,1,42,34,176.15,0.9756,0.1518,0.017778,4.217
243697,520,452,972,193,81,134,353.28,0.6499,0.5295,0.189452,27,10,10,20.65,0.4380,0.0749,0.004720,4.376
243701,520,418,938,212,94,19,46.10,0.9406,0.5593,0.220517,61,1,2,27.58,0.9879,0.1248,0.010184,4.495
243707,520,369,889,174,119,213,309.91,0.6419,0.6076,0.269970,19,42,62,246.76,0.5346,0.1740,0.021421,4.480
243714,520,342,862,243,65,200,339.60,0.9252,0.6276,0.270083,62,6,102,304.09,0.9326,0.1942,0.021138,4.499
243736,520,241,761,253,133,186,353.58,0.9487,0.7261,0.412056,21,79,11,141.12,0.9805,0.2811,0.057753,4.288
243742,520,361,881,246,63,181,346.11,0.9294,0.6217,0.264871,61,33,25,36.75,0.4447,0.1802,0.021501,4.404
243765,520,464,984,233,13,24,27.74,0.9929,0.5243,0.176806,12,9,8,41.04,0.1058,0.0544,0.002911,4.287
243766,520,479,999,222,5,76,14.63,0.9929,0.5058,0.161627,0,0,8,264.05,1.0000,0.0143,0.000175,4.218
243793,520,397,917,193,98,176,334.39,0.6305,0.5754,0.232088,13,37,35,188.18,0.5342,0.1412,0.015300,4.320
243796,520,452,972,233,3,89,11.75,0.9964,0.5317,0.181131,13,3,47,284.58,0.9131,0.0681,0.003559,4.315
243798,520,356,876,249,22,211,337.37,0.9883,0.6192,0.254199,80,11,14,24.51,0.8980,0.1799,0.019768,4.360
243815,520,293,813,238,97,245,325.80,0.9558,0.6794,0.333214,18,60,86,240.01,0.7048,0.2423,0.040320,4.243
243856,520,453,973,225,34,86,13.37,0.9362,0.5254,0.178263,19,8,35,299.41,0.6476,0.0730,0.004335,4.201
243865,520,436,956,239,17,77,16.68,0.9846,0.5451,0.192907,20,19,8,103.82,0.3816,0.0855,0.006320,4.313
243885,520,465,985,145,88,220,300.40,0.7719,0.5217,0.181667,6,7,19,277.57,0.4421,0.0489,0.002377,4.423
243904,520,404,924,223,4,222,328.60,0.9971,0.5752,0.210510,39,26,6,76.04,0.6673,0.1262,0.011833,4.213
243918,520,476,996,208,18,162,341.77,0.9498,0.5135,0.164533,0,3,3,194.77,1.0000,0.0242,0.000717,4.230
243922,520,242,762,235,137,234,327.43,0.8696,0.7287,0.414958,58,72,27,124.13,0.6676,0.2836,0.056134,4.381
243950,520,397,917,222,11,229,326.65,0.9930,0.5797,0.214283,59,4,52,334.24,0.8300,0.1432,0.012647,4.219
243956,520,471,991,219,26,117,0.47,0.9336,0.5181,0.170858,0,9,7,181.61,1.0000,0.0431,0.002107,4.239
243970,520,352,872,166,119,254,296.99,0.9755,0.6249,0.284565,32,48,41,165.85,0.2770,0.1903,0.025810,4.413
243982,520,357,877,242,79,152,356.77,0.8677,0.6184,0.267392,42,35,65,293.27,0.4273,0.1767,0.020760,4.485
243986,520,292,812,248,110,178,351.88,0.8912,0.6793,0.343255,40,60,53,170.81,0.2837,0.2379,0.039398,4.399
243997,520,341,861,229,56,249,323.29,0.9763,0.6267,0.263281,85,22,12,31.72,0.8566,0.2032,0.025320,4.159
243999,520,412,932,188,64,244,312.73,0.9364,0.5666,0.208909,3,27,59,256.16,0.8652,0.1223,0.011189,4.231
244008,520,377,897,255,48,106,11.75,1.0000,0.5999,0.244182,68,14,24,14.28,0.7528,0.1596,0.016092,4.451
244021,520,338,858,220,80,252,319.54,0.9827,0.6369,0.279830,85,20,3,35.53,0.9506,0.1995,0.024385,4.434
244023,520,449,969,188,55,216,319.93,0.8800,0.5365,0.183829,21,14,6,71.54,0.3940,0.0741,0.004867,4.262
244041,520,457,977,168,85,192,318.16,0.6903,0.5272,0.186284,4,9,28,266.80,0.6573,0.0568,0.003050,4.454
244042,520,477,997,177,64,185,325.06,0.7716,0.5070,0.165179,0,2,11,258.21,1.0000,0.0247,0.000676,4.246
244049,520,369,889,248,16,208,337.90,0.9917,0.6140,0.248843,66,11,65,328.82,0.7803,0.1725,0.017794,4.408
244069,520,299,819,255,101,153,2.28,1.0000,0.6688,0.328705,9,61,65,202.84,0.8395,0.2306,0.037770,4.315
244092,520,459,979,216,49,116,2.12,0.8473,0.5269,0.180590,1,1,52,265.96,0.9950,0.0598,0.002761,4.370
244107,520,369,889,227,94,156,353.90,0.7460,0.6136,0.267390,12,43,55,227.12,0.6536,0.1693,0.020817,4.482
244117,520,478,998,175,19,233,312.91,0.9785,0.5065,0.154639,3,0,2,338.03,1.0000,0.0160,0.000237,4.073
244139,520,306,826,253,63,254,327.86,0.9969,0.6744,0.315963,22,58,73,228.34,0.5980,0.2300,0.036776,4.217
244148,520,463,983,188,36,230,317.04,0.9493,0.5329,0.176676,20,2,21,326.06,0.7511,0.0535,0.002463,4.321
244150,520,385,905,218,52,233,324.30,0.9441,0.5947,0.232466,49,4,81,304.70,0.9271,0.1505,0.013339,4.460
244167,520,200,720,253,160,156,22.53,0.9309,0.7653,0.484270,94,72,8,87.37,0.9064,0.3235,0.070322,4.440
244172,520,476,996,203,49,133,352.26,0.8122,0.5086,0.165886,9,0,0,29.23,1.0000,0.0242,0.000581,4.268
244178,520,295,815,205,130,238,314.82,0.8168,0.6801,0.351185,54,61,0,116.76,1.0000,0.2432,0.041218,4.398
244199,520,326,846,244,72,230,331.54,0.9519,0.6524,0.295837,64,44,0,81.57,1.0000,0.2077,0.028915,4.382
244205,520,339,859,251,11,239,331.02,0.9970,0.6374,0.269837,30,45,77,264.05,0.4987,0.1996,0.026885,4.160
244215,520,174,694,208,189,224,309.55,0.4166,0.7967,0.551872,43,93,52,147.87,0.7531,0.3439,0.085900,4.429
244219,520,407,927,252,22,4,29.84,0.9975,0.5671,0.212818,53,16,2,42.08,0.8851,0.1281,0.011320,4.286
244220,520,474,994,198,0,211,324.95,1.0000,0.5223,0.167106,2,4,9,259.54,0.4126,0.0327,0.001195,4.241
244239,520,329,849,209,114,229,320.44,0.8101,0.6529,0.312484,37,55,30,137.31,0.5059,0.2129,0.032194,4.410
244241,520,410,930,193,78,223,318.67,0.8409,0.5743,0.221152,38,28,3,87.56,0.8212,0.1294,0.012492,4.339
244252,520,381,901,241,46,180,344.63,0.9354,0.5991,0.239530,66,6,55,337.11,0.8112,0.1610,0.015645,4.411
244266,520,398,918,231,30,188,339.61,0.9583,0.5760,0.215510,50,17,45,333.64,0.6010,0.1386,0.012686,4.236
244272,520,454,974,215,62,95,12.63,0.8156,0.5313,0.187210,17,13,18,319.46,0.1740,0.0712,0.004507,4.352
244281,520,367,887,194,93,239,313.92,0.8790,0.6067,0.255311,48,24,80,299.63,0.7007,0.1731,0.018609,4.450
244286,520,454,974,184,3,252,311.61,0.9981,0.5335,0.172849,18,13,7,72.95,0.2880,0.0687,0.004318,4.103
244298,520,398,918,213,33,238,322.10,0.9723,0.5783,0.214088,34,2,92,286.97,0.9817,0.1407,0.011562,4.290
244324,520,407,927,168,92,240,304.56,0.8645,0.5716,0.222709,38,17,58,304.68,0.6656,0.1293,0.011185,4.457
244326,520,448,968,206,74,115,4.66,0.7242,0.5352,0.192592,10,2,62,275.30,0.9814,0.0805,0.004557,4.447
244328,520,451,971,225,20,150,349.86,0.9595,0.5412,0.187126,0,13,44,259.43,1.0000,0.0742,0.004697,4.335
244329,520,381,901,253,57,82,20.05,0.9859,0.5975,0.244217,19,23,98,271.33,0.9166,0.1618,0.016330,4.436
244338,520,1,521,255,255,255,0.00,0.0000,1.0000,1.000000,8,136,89,160.03,0.9874,0.4828,0.183804,4.491
244344,520,391,911,221,83,155,351.25,0.7528,0.5881,0.239275,5,36,66,251.28,0.8136,0.1533,0.016873,4.326
244352,520,457,977,236,13,28,27.27,0.9931,0.5311,0.182078,23,2,23,327.99,0.7678,0.0588,0.002875,4.389
244376,520,223,743,234,151,224,331.15,0.8159,0.7477,0.450091,15,81,62,168.71,0.9005,0.2964,0.063339,4.412
244382,520,431,951,234,33,97,10.68,0.9467,0.5460,0.194463,0,7,74,264.14,0.9844,0.0969,0.006463,4.330
244394,520,459,979,225,53,62,23.72,0.9135,0.5349,0.189043,7,12,11,182.28,0.1852,0.0577,0.003323,4.483
244399,520,441,961,174,54,247,308.30,0.9549,0.5392,0.183532,14,19,24,248.53,0.1898,0.0851,0.006250,4.152
244423,520,432,952,229,59,67,23.48,0.9029,0.5494,0.201941,7,6,78,269.24,0.9798,0.1049,0.007254,4.400
244426,520,476,996,203,40,155,343.33,0.8556,0.5118,0.165827,5,1,0,51.16,1.0000,0.0224,0.000540,4.270
244435,520,401,921,254,31,10,30.08,0.9965,0.5752,0.220765,39,32,11,91.19,0.5626,0.1426,0.014886,4.173
244437,520,465,985,197,76,99,11.75,0.6922,0.5170,0.179419,2,9,26,259.39,0.7328,0.0538,0.002828,4.343
244442,520,426,946,226,30,172,343.22,0.9431,0.5580,0.200785,45,9,32,344.94,0.6767,0.1113,0.008576,4.281
244443,520,322,842,253,95,110,18.11,0.9718,0.6451,0.301962,18,43,106,264.32,0.8460,0.2122,0.028968,4.457
244451,520,392,912,204,68,241,318.02,0.9281,0.5923,0.233240,37,28,53,299.55,0.4172,0.1466,0.014809,4.370
244463,520,446,966,192,27,242,315.65,0.9754,0.5444,0.184025,27,13,13,19.73,0.3386,0.0814,0.005499,4.217
244465,520,463,983,195,53,190,329.54,0.8416,0.5284,0.178676,10,8,4,89.26,0.2801,0.0490,0.002470,4.358
244467,520,440,960,232,52,49,27.17,0.9385,0.5463,0.198366,36,7,29,338.29,0.6633,0.0913,0.006158,4.423
244485,520,365,885,231,93,139,2.35,0.7655,0.6127,0.266843,23,45,40,177.80,0.4076,0.1741,0.022121,4.393
244504,520,420,940,249,0,3,29.06,1.0000,0.5552,0.201500,15,28,11,138.62,0.5961,0.1070,0.009562,4.222
244511,520,419,939,203,40,227,321.93,0.9463,0.5574,0.197618,8,18,62,267.96,0.8652,0.1065,0.008320,4.246
244534,520,450,970,226,60,28,32.72,0.9560,0.5400,0.194871,31,7,3,35.34,0.7359,0.0738,0.004499,4.493
244541,520,391,911,251,9,146,356.29,0.9927,0.5883,0.227835,21,35,55,257.33,0.4440,0.1508,0.016373,4.186
244559,520,37,557,254,232,248,335.35,0.9734,0.9455,0.855620,84,119,22,128.19,0.9236,0.4482,0.151362,4.497
244563,520,400,920,250,48,28,30.24,0.9808,0.5779,0.225254,65,3,26,5.50,0.8885,0.1417,0.012637,4.394
244567,520,325,845,223,127,103,34.97,0.6614,0.6468,0.318481,21,57,38,157.91,0.7018,0.2111,0.032255,4.480
244568,520,459,979,214,38,160,344.39,0.8893,0.5336,0.182227,10,2,43,283.12,0.9356,0.0596,0.002824,4.396
244576,520,478,998,194,72,96,11.64,0.7024,0.5051,0.169504,0,1,10,262.28,1.0000,0.0204,0.000436,4.352
244582,520,422,942,218,0,216,328.86,1.0000,0.5614,0.198655,13,0,83,273.05,1.0000,0.1069,0.007100,4.355
244591,520,464,984,223,44,8,32.13,0.9900,0.5183,0.175097,15,2,26,307.95,0.7948,0.0503,0.002196,4.313
244604,520,366,886,234,9,246,325.62,0.9969,0.6122,0.243441,51,31,47,334.09,0.3479,0.1684,0.018891,4.260
244611,520,332,852,250,95,122,13.08,0.9262,0.6429,0.299168,44,49,29,119.93,0.3628,0.2007,0.028208,4.465
244615,520,225,745,167,179,253,276.58,0.9363,0.7501,0.475469,9,84,59,164.12,0.9562,0.3042,0.067142,4.486
244645,520,413,933,249,33,87,15.69,0.9689,0.5744,0.219191,32,24,24,18.18,0.1478,0.1163,0.010263,4.467
244648,520,472,992,227,6,75,15.58,0.9928,0.5165,0.169721,2,4,9,259.54,0.4126,0.0327,0.001195,4.292
244650,520,470,990,217,58,68,22.36,0.8753,0.5249,0.181977,3,8,6,170.84,0.3668,0.0432,0.002062,4.456
244653,520,388,908,215,25,254,319.17,0.9958,0.5905,0.223000,64,14,16,22.46,0.7736,0.1494,0.014417,4.238
244659,520,458,978,208,12,197,331.27,0.9806,0.5330,0.177061,1,6,45,265.20,0.9555,0.0622,0.003261,4.263
244662,520,412,932,211,49,215,327.04,0.9190,0.5685,0.209537,10,29,48,250.45,0.5960,0.1229,0.011566,4.216
244668,520,463,983,231,25,89,12.42,0.9632,0.5339,0.184085,4,9,21,261.63,0.5050,0.0527,0.002753,4.437
244675,520,452,972,220,19,137,353.16,0.9547,0.5252,0.174901,10,16,2,125.85,0.7690,0.0673,0.004395,4.135
244678,520,422,942,197,43,245,315.99,0.9569,0.5636,0.201920,28,11,60,293.24,0.7846,0.1090,0.008125,4.334
244691,520,433,953,218,26,180,338.76,0.9480,0.5456,0.189419,29,9,48,303.80,0.7344,0.0967,0.006700,4.223
244698,520,344,864,231,80,220,330.89,0.8969,0.6336,0.278959,25,52,4,134.78,0.9680,0.1902,0.026714,4.288
244708,520,400,920,236,75,3,37.85,0.9962,0.5754,0.228746,1,36,41,208.70,0.9488,0.1354,0.014282,4.336
244729,520,450,970,182,58,224,315.87,0.8843,0.5361,0.183541,1,17,26,231.71,0.8427,0.0717,0.004819,4.260
244742,520,477,997,191,71,137,349.56,0.6958,0.5132,0.173906,8,0,1,11.38,1.0000,0.0234,0.000538,4.430
244749,520,474,994,169,32,254,306.30,0.9949,0.5224,0.166245,7,3,4,359.82,0.2818,0.0333,0.001191,4.224
244750,520,472,992,209,69,4,38.74,0.9901,0.5162,0.178226,7,4,1,78.54,0.5590,0.0350,0.001342,4.445
244752,520,351,871,223,88,211,331.32,0.8428,0.6253,0.273726,0,55,28,155.25,1.0000,0.1940,0.028161,4.142
244770,520,336,856,254,33,226,334.75,0.9955,0.6410,0.276528,6,31,125,264.86,0.9588,0.2037,0.024992,4.354
244772,520,366,886,240,45,203,337.66,0.9515,0.6088,0.247167,32,39,60,269.54,0.3457,0.1736,0.020843,4.195
244777,520,390,910,217,77,194,334.92,0.8183,0.5928,0.239566,39,32,33,8.15,0.1084,0.1486,0.015742,4.405
244780,520,426,946,251,1,3,29.09,0.9997,0.5597,0.205413,19,25,26,208.76,0.1315,0.1060,0.009083,4.323
244795,520,458,978,238,13,18,28.44,0.9938,0.5348,0.185120,3,10,31,263.53,0.7407,0.0601,0.003354,4.407
244799,520,293,813,207,123,253,312.30,0.9721,0.6794,0.345242,9,67,13,143.68,0.9826,0.2361,0.041013,4.343
244802,520,345,865,220,96,208,331.42,0.8046,0.6297,0.281374,53,34,72,305.60,0.5095,0.1926,0.023689,4.497
244815,520,459,979,183,8,252,311.27,0.9950,0.5330,0.172703,14,7,17,315.76,0.3807,0.0553,0.002858,4.213
244822,520,415,935,243,1,148,353.99,0.9989,0.5715,0.212178,20,19,68,277.35,0.7790,0.1224,0.010318,4.347
244825,520,442,962,241,3,39,25.34,0.9984,0.5405,0.189158,23,10,36,304.71,0.6044,0.0818,0.005266,4.327
244826,520,388,908,223,22,242,323.83,0.9881,0.5937,0.226748,57,15,50,334.91,0.6786,0.1508,0.014419,4.296
244829,520,449,969,218,36,164,343.99,0.9070,0.5420,0.188499,3,19,16,180.69,0.6854,0.0742,0.005225,4.319
244837,520,458,978,202,65,140,350.60,0.7535,0.5263,0.182325,19,5,26,313.62,0.6436,0.0614,0.003216,4.366
244841,520,317,837,225,117,178,346.69,0.6929,0.6551,0.319465,6,62,9,143.45,0.9873,0.2173,0.035035,4.345
244869,520,404,924,228,39,195,336.97,0.9409,0.5791,0.218877,47,24,5,57.93,0.7275,0.1335,0.012686,4.289
244882,520,443,963,239,11,39,25.55,0.9940,0.5380,0.187399,8,13,46,271.35,0.7715,0.0815,0.005367,4.288
244883,520,457,977,217,29,157,345.88,0.9239,0.5327,0.180672,12,2,42,286.80,0.9211,0.0604,0.002887,4.362
244884,520,449,969,204,72,134,354.73,0.7273,0.5359,0.191953,20,2,48,294.58,0.9207,0.0743,0.004055,4.476
244892,520,386,906,225,79,154,352.17,0.7804,0.5895,0.239351,51,29,13,55.37,0.5588,0.1525,0.016117,4.376
244908,520,336,856,253,86,117,13.34,0.9721,0.6353,0.288260,5,53,66,221.28,0.8746,0.2045,0.029717,4.243
244911,520,432,952,191,37,246,314.25,0.9642,0.5513,0.190546,29,5,58,298.03,0.8658,0.0998,0.006753,4.239
244921,520,473,993,194,31,202,325.99,0.9311,0.5188,0.167152,13,1,2,15.08,0.7564,0.0335,0.001117,4.248
244928,520,471,991,207,72,7,39.65,0.9814,0.5164,0.179177,1,5,19,260.40,0.7845,0.0392,0.001620,4.440
244931,520,351,871,254,51,197,342.63,0.9929,0.6347,0.274730,6,54,5,142.51,0.9847,0.1887,0.026879,4.224
244957,520,304,824,248,93,212,338.02,0.9499,0.6717,0.325414,31,54,86,256.89,0.5211,0.2314,0.036014,4.365
244960,520,399,919,183,78,244,310.24,0.9200,0.5752,0.220486,21,32,55,263.89,0.4636,0.1426,0.014682,4.182
244964,520,454,974,200,13,214,324.66,0.9831,0.5309,0.174240,34,1,13,0.70,0.8677,0.0706,0.003909,4.160
244977,520,421,941,238,46,72,20.48,0.9409,0.5570,0.206022,10,14,69,270.83,0.9151,0.1075,0.008082,4.408
244982,520,462,982,186,59,203,322.73,0.8372,0.5280,0.178801,9,8,10,308.73,0.0887,0.0501,0.002537,4.355
244983,520,412,932,220,26,212,330.32,0.9703,0.5690,0.207102,12,33,11,142.86,0.8213,0.1206,0.011900,4.153
244989,520,352,872,246,20,225,333.21,0.9912,0.6216,0.255324,49,40,45,343.63,0.1358,0.1866,0.023600,4.148
244990,520,454,974,221,43,113,3.63,0.8829,0.5310,0.182948,17,5,44,291.04,0.8198,0.0727,0.004096,4.306
244991,520,444,964,208,10,203,329.65,0.9856,0.5366,0.179408,22,2,48,297.41,0.9158,0.0767,0.004274,4.227
244995,520,478,998,221,31,71,17.69,0.9485,0.5121,0.168098,4,0,2,344.76,1.0000,0.0178,0.000302,4.336
245019,520,441,961,165,80,231,306.78,0.8445,0.5433,0.195068,39,7,3,32.86,0.8306,0.0878,0.005899,4.384
245020,520,454,974,213,76,7,40.21,0.9831,0.5332,0.193327,11,16,16,196.42,0.1411,0.0720,0.004791,4.441
245031,520,292,812,251,90,227,334.23,0.9781,0.6808,0.333705,59,54,66,304.17,0.1551,0.2446,0.039615,4.282
245039,520,387,907,238,73,118,8.56,0.8559,0.5931,0.242532,21,42,1,132.78,0.9863,0.1540,0.018175,4.291
245042,520,451,971,238,1,73,17.16,0.9991,0.5384,0.186832,17,11,27,300.07,0.4374,0.0713,0.004376,4.355
245047,520,367,887,217,91,202,332.46,0.7941,0.6149,0.265001,25,43,34,161.86,0.3689,0.1670,0.020499,4.468
245053,520,460,980,208,20,195,331.82,0.9638,0.5340,0.178524,5,14,21,240.40,0.4330,0.0647,0.004005,4.232
245061,520,472,992,184,68,181,328.79,0.7569,0.5207,0.176621,7,4,0,88.03,1.0000,0.0346,0.001320,4.416
245078,520,409,929,229,76,71,26.07,0.8613,0.5692,0.222846,0,38,13,150.82,1.0000,0.1318,0.014152,4.253
245084,520,453,973,236,21,3,29.94,0.9974,0.5325,0.183790,24,4,36,310.49,0.7730,0.0726,0.004084,4.323
245132,520,408,928,243,53,59,25.20,0.9453,0.5706,0.219200,35,19,63,296.49,0.6732,0.1331,0.011820,4.355
245143,520,379,899,219,18,255,320.03,1.0000,0.5956,0.227147,35,20,92,284.29,0.8348,0.1632,0.016303,4.180
245144,520,311,831,227,120,171,351.47,0.6836,0.6603,0.327062,22,54,81,246.66,0.6121,0.2230,0.034028,4.487
245171,520,427,947,249,6,14,28.59,0.9978,0.5568,0.203054,45,9,11,20.83,0.7211,0.1039,0.007775,4.380
245216,520,414,934,248,40,35,28.39,0.9744,0.5689,0.215990,27,25,46,287.09,0.3911,0.1240,0.011255,4.342
245218,520,473,993,181,45,219,317.34,0.9084,0.5191,0.168162,11,0,10,330.70,1.0000,0.0316,0.000931,4.284
245259,520,443,963,234,35,6,30.90,0.9943,0.5351,0.187108,18,9,43,290.34,0.7140,0.0799,0.004984,4.312
245277,520,400,920,224,94,3,45.25,0.9933,0.5798,0.238618,27,32,41,262.14,0.1947,0.1392,0.014261,4.491
245283,520,417,937,230,54,142,355.44,0.8691,0.5676,0.214171,23,25,44,278.32,0.3767,0.1189,0.010593,4.360
245289,520,378,898,218,101,125,9.26,0.6669,0.5987,0.256956,11,45,11,143.25,0.9441,0.1600,0.019720,4.403
245296,520,480,1000,215,39,106,4.86,0.8854,0.5139,0.169412,0,0,0,0.00,0.0000,0.0000,0.000000,4.388
245299,520,299,819,227,107,226,327.78,0.8570,0.6657,0.323392,11,46,122,262.76,0.9265,0.2330,0.034301,4.429
245325,520,442,962,230,43,99,10.34,0.9132,0.5447,0.194545,28,11,5,42.73,0.5495,0.0769,0.004972,4.449
245329,520,475,995,202,16,185,333.08,0.9634,0.5152,0.164318,1,3,14,264.87,0.7458,0.0308,0.001033,4.200
245340,520,439,959,216,63,137,355.16,0.7976,0.5482,0.199624,9,11,56,272.71,0.8820,0.0880,0.005829,4.471
245346,520,439,959,169,85,229,308.19,0.8255,0.5543,0.205898,1,25,18,171.61,0.9466,0.0911,0.007454,4.454
245351,520,328,848,254,42,226,334.79,0.9954,0.6453,0.282210,85,18,47,358.68,0.7422,0.2073,0.025695,4.389
245359,520,396,916,251,42,54,25.22,0.9818,0.5782,0.224352,53,8,54,327.08,0.7751,0.1378,0.011970,4.427
245363,520,437,957,212,53,175,339.26,0.8493,0.5492,0.196405,19,19,17,106.78,0.0564,0.0869,0.006447,4.365
245376,520,410,930,187,71,243,312.24,0.9247,0.5718,0.215434,44,4,63,311.47,0.8783,0.1251,0.009812,4.438
245382,520,459,979,203,29,197,329.90,0.9386,0.5301,0.176083,18,1,36,302.67,0.9201,0.0592,0.002777,4.284
245397,520,307,827,240,111,181,348.72,0.8190,0.6695,0.332329,38,56,71,244.29,0.3183,0.2327,0.036953,4.397
245415,520,423,943,214,3,228,324.93,0.9977,0.5635,0.199647,18,9,69,279.03,0.9071,0.1055,0.007536,4.339
245420,520,434,954,180,86,194,322.30,0.7084,0.5473,0.202550,30,0,67,295.29,1.0000,0.1034,0.006813,4.445
245430,520,433,953,232,19,127,359.14,0.9682,0.5453,0.191568,48,1,9,16.20,0.9548,0.0975,0.006699,4.261
245431,520,465,985,223,32,92,10.80,0.9341,0.5216,0.174965,2,7,27,264.21,0.7906,0.0500,0.002440,4.290
245436,520,401,921,197,62,243,315.76,0.9371,0.5773,0.217880,45,12,72,304.73,0.8030,0.1442,0.012888,4.260
245456,520,360,880,243,89,92,22.69,0.8965,0.6155,0.269753,5,46,64,232.65,0.8387,0.1814,0.023563,4.347
245468,520,323,843,242,116,17,49.78,0.9780,0.6469,0.314114,32,56,34,146.23,0.5293,0.2133,0.032508,4.413
245471,520,453,973,228,18,119,1.13,0.9671,0.5340,0.182614,29,4,10,6.69,0.6853,0.0668,0.003700,4.332
245481,520,406,926,251,41,26,29.66,0.9854,0.5751,0.221734,62,0,28,0.38,1.0000,0.1323,0.011082,4.449
245484,520,422,942,222,67,117,5.35,0.8048,0.5565,0.208308,44,10,25,356.09,0.6406,0.1078,0.008228,4.436
245485,520,459,979,224,23,121,359.85,0.9495,0.5284,0.178433,11,8,21,293.59,0.4178,0.0565,0.002990,4.311
245523,520,426,946,192,84,191,327.91,0.7296,0.5605,0.213101,3,19,66,263.79,0.9323,0.1099,0.008784,4.476
245528,520,425,945,212,67,169,341.89,0.7965,0.5598,0.208780,41,5,52,316.91,0.8148,0.1120,0.008279,4.440
245544,520,424,944,250,8,17,28.43,0.9971,0.5595,0.205418,30,25,14,86.17,0.3266,0.1135,0.010030,4.255
245550,520,452,972,173,53,238,309.98,0.9190,0.5291,0.176044,15,10,30,292.82,0.5233,0.0693,0.004124,4.176
245572,520,454,974,227,34,73,17.92,0.9482,0.5267,0.179589,10,7,38,281.47,0.7547,0.0650,0.003564,4.286
245586,520,454,974,183,37,238,313.71,0.9541,0.5321,0.175646,25,9,12,8.58,0.4180,0.0708,0.004286,4.157
245607,520,407,927,179,96,213,315.12,0.7330,0.5734,0.227544,30,28,35,298.40,0.1419,0.1286,0.012279,4.456
245608,520,478,998,174,9,241,311.00,0.9922,0.5093,0.155459,0,1,12,262.93,1.0003,0.0216,0.000482,4.070
245621,520,259,779,241,124,217,335.53,0.8892,0.7072,0.381281,91,51,10,60.57,0.8146,0.2680,0.046140,4.486
245637,520,430,950,239,5,104,7.75,0.9943,0.5487,0.194620,2,5,79,265.70,0.9888,0.1019,0.006859,4.302
245657,520,398,918,198,76,224,320.12,0.8555,0.5801,0.225579,57,9,45,339.85,0.7473,0.1406,0.012548,4.406
245673,520,342,862,236,112,28,48.17,0.9480,0.6306,0.295078,16,54,1,138.53,0.9955,0.1918,0.027506,4.452
245691,520,386,906,254,43,82,18.47,0.9935,0.5892,0.234115,66,4,31,0.92,0.8542,0.1467,0.013442,4.478
245701,520,408,928,225,42,194,336.55,0.9289,0.5749,0.215610,22,29,51,269.47,0.4300,0.1327,0.012883,4.224
245717,520,301,821,236,99,221,332.07,0.8946,0.6652,0.319793,1,62,64,198.44,0.9823,0.2312,0.038217,4.192
245718,520,408,928,246,7,128,1.08,0.9931,0.5712,0.213067,46,24,11,50.20,0.5562,0.1329,0.012583,4.203
245733,520,385,905,233,89,4,42.08,0.9937,0.5884,0.244800,16,40,37,184.92,0.4997,0.1530,0.017613,4.360
245734,520,416,936,246,12,123,2.82,0.9884,0.5705,0.212893,25,23,51,284.46,0.5051,0.1207,0.010585,4.339
245790,520,443,963,229,41,106,7.44,0.9123,0.5433,0.192874,8,16,38,266.49,0.6040,0.0816,0.005621,4.367
245799,520,466,986,203,78,15,41.53,0.9529,0.5178,0.181819,6,10,6,144.86,0.2658,0.0507,0.002689,4.400
245811,520,389,909,223,65,191,337.31,0.8622,0.5882,0.232325,21,40,8,134.74,0.8667,0.1484,0.016945,4.217
245814,520,255,775,244,149,71,57.12,0.8707,0.7150,0.411855,8,78,1,141.69,0.9985,0.2734,0.055024,4.398
245821,520,311,831,255,99,117,16.58,1.0000,0.6557,0.314714,11,53,85,246.34,0.7800,0.2186,0.032731,4.408
245832,520,390,910,241,65,117,8.10,0.8857,0.5899,0.237688,15,23,90,269.74,0.9099,0.1502,0.014524,4.459
245836,520,361,881,252,16,201,340.60,0.9918,0.6175,0.252864,4,16,128,265.26,0.9866,0.1847,0.019547,4.355
245848,520,307,827,230,105,235,326.04,0.9011,0.6723,0.329263,61,54,14,99.25,0.7352,0.2320,0.036622,4.378
245884,520,323,843,254,24,247,329.85,0.9967,0.6510,0.284426,80,12,73,332.86,0.7957,0.2054,0.024497,4.489
245890,520,440,960,238,7,105,7.32,0.9918,0.5474,0.193522,14,11,54,278.50,0.8163,0.0895,0.005990,4.349
245899,520,463,983,215,50,125,358.40,0.8385,0.5291,0.182113,22,2,9,357.08,0.7214,0.0512,0.002337,4.435
245900,520,386,906,217,15,249,320.85,0.9931,0.5869,0.219349,48,26,34,356.77,0.3546,0.1471,0.014827,4.155
245911,520,476,996,229,11,18,28.28,0.9939,0.5148,0.169441,6,0,2,353.79,1.0000,0.0210,0.000431,4.351
245913,520,370,890,232,8,248,324.72,0.9972,0.6101,0.241092,47,14,93,295.39,0.8597,0.1703,0.017087,4.339
245927,520,362,882,215,69,240,321.38,0.9313,0.6095,0.249964,79,8,17,20.97,0.9047,0.1755,0.018767,4.362
245966,520,433,953,193,80,184,330.80,0.7310,0.5525,0.205369,2,30,0,141.11,1.0000,0.1035,0.009414,4.298
245971,520,363,883,244,15,207,337.27,0.9912,0.6059,0.240828,33,7,111,279.96,0.9716,0.1692,0.016229,4.391
245978,520,385,905,246,13,167,348.91,0.9886,0.5882,0.226740,32,16,86,284.68,0.8549,0.1475,0.013495,4.358
245980,520,447,967,240,11,56,22.10,0.9929,0.5421,0.190535,30,11,5,40.67,0.5827,0.0799,0.005264,4.353
245986,520,401,921,255,27,31,27.91,1.0000,0.5765,0.221467,6,31,62,255.50,0.7872,0.1368,0.013664,4.264
245989,520,219,739,247,137,236,330.90,0.9539,0.7458,0.437238,3,73,117,244.82,0.9493,0.2984,0.060685,4.402
245993,520,412,932,223,89,36,39.77,0.9097,0.5718,0.229627,11,34,12,144.51,0.8434,0.1235,0.012417,4.480
246004,520,447,967,215,45,159,345.24,0.8666,0.5399,0.188294,32,5,29,332.35,0.7027,0.0815,0.005044,4.329
246018,520,339,859,222,102,204,333.53,0.7812,0.6392,0.293939,0,46,95,254.59,0.9999,0.2036,0.027800,4.421
246021,520,408,928,203,77,194,330.65,0.7851,0.5701,0.219010,37,6,74,296.98,0.8961,0.1281,0.010180,4.470
246033,520,439,959,232,1,154,349.80,0.9984,0.5522,0.195135,12,21,24,220.54,0.2543,0.0889,0.006804,4.315
246035,520,396,916,249,5,142,357.10,0.9955,0.5820,0.222048,31,20,78,285.02,0.7737,0.1443,0.013416,4.290
246041,520,469,989,164,84,193,316.22,0.6936,0.5207,0.180842,8,7,4,94.52,0.2209,0.0449,0.002123,4.429
246060,520,426,946,233,59,68,23.36,0.9104,0.5574,0.208719,22,26,26,196.71,0.0795,0.1114,0.009839,4.324
246098,520,464,984,180,29,229,315.10,0.9594,0.5154,0.162403,19,5,11,352.17,0.4822,0.0544,0.002712,4.030
246101,520,430,950,205,64,175,337.59,0.7984,0.5476,0.197430,26,0,67,290.94,1.0000,0.0985,0.006249,4.399
246113,520,376,896,234,46,210,334.32,0.9480,0.6029,0.241022,9,42,38,183.93,0.7250,0.1566,0.018539,4.246
246123,520,389,909,206,94,170,341.52,0.6762,0.5859,0.240312,55,22,32,2.53,0.5062,0.1497,0.014904,4.473
246137,520,279,799,190,154,194,322.99,0.3684,0.6884,0.379540,0,70,53,169.97,1.0000,0.2531,0.046371,4.457
246141,520,464,984,144,67,255,296.04,1.0000,0.5203,0.171637,13,1,31,299.01,0.9075,0.0496,0.002062,4.257
246147,520,425,945,241,47,5,32.22,0.9956,0.5577,0.207481,28,25,19,84.54,0.1660,0.1125,0.009892,4.299
246161,520,428,948,190,51,241,314.60,0.9355,0.5554,0.196669,18,9,66,279.95,0.8928,0.1022,0.007173,4.314
246168,520,423,943,158,103,213,305.14,0.6909,0.5585,0.217741,2,24,59,258.22,0.9149,0.1141,0.009819,4.476
246171,520,457,977,226,48,2,33.07,0.9975,0.5276,0.182899,4,11,26,260.73,0.5843,0.0597,0.003397,4.362
246194,520,421,941,248,15,4,29.51,0.9973,0.5564,0.203105,26,8,69,287.49,0.8795,0.1119,0.008229,4.347
246217,520,471,991,201,70,107,6.71,0.7277,0.5183,0.178613,4,3,19,282.57,0.6907,0.0371,0.001380,4.450
246234,520,382,902,239,88,74,28.53,0.8971,0.6037,0.258276,55,32,3,68.21,0.8547,0.1645,0.018519,4.499
246240,520,368,888,235,3,236,328.13,0.9987,0.6059,0.237860,60,20,58,329.57,0.6449,0.1682,0.017666,4.254
246244,520,467,987,207,68,79,19.94,0.7921,0.5194,0.179663,5,5,22,279.40,0.6220,0.0450,0.001987,4.418
246250,520,399,919,230,41,183,341.02,0.9295,0.5773,0.218304,14,37,39,202.93,0.4970,0.1435,0.015629,4.088
246257,520,385,905,216,72,207,330.50,0.8570,0.5929,0.237406,33,17,90,284.03,0.8602,0.1544,0.014624,4.447
246276,520,421,941,204,83,145,351.22,0.6855,0.5553,0.210701,41,18,12,35.56,0.5116,0.1123,0.009306,4.396
246281,520,395,915,250,53,70,22.68,0.9717,0.5862,0.233160,0,40,26,164.66,1.0000,0.1418,0.015921,4.295
246282,520,406,926,200,61,239,317.60,0.9237,0.5779,0.218503,59,5,23,6.75,0.8276,0.1301,0.011004,4.401
246285,520,477,997,196,76,75,23.70,0.7292,0.5092,0.174145,2,1,0,82.32,1.0000,0.0176,0.000346,4.452
246293,520,377,897,243,77,96,18.29,0.9019,0.6013,0.252101,35,38,41,248.09,0.0694,0.1636,0.019036,4.376
246299,520,466,986,195,30,199,327.11,0.9311,0.5179,0.166558,3,13,4,147.08,0.7538,0.0546,0.003160,4.074
246315,520,322,842,216,109,222,325.36,0.8062,0.6507,0.308118,25,49,86,258.80,0.6090,0.2139,0.030751,4.435
246318,520,396,916,191,77,241,313.58,0.9103,0.5830,0.227361,24,24,70,278.04,0.7014,0.1377,0.012896,4.410
246367,520,375,895,191,88,242,312.57,0.9006,0.5978,0.244677,11,46,12,143.70,0.9445,0.1636,0.020516,4.179
246371,520,411,931,222,34,208,331.86,0.9550,0.5735,0.212300,20,9,79,278.04,0.9342,0.1189,0.009086,4.439
246390,520,420,940,251,14,44,25.19,0.9938,0.5648,0.210089,49,7,17,10.92,0.7562,0.1103,0.008455,4.449
246429,520,457,977,212,22,183,336.31,0.9542,0.5345,0.179919,27,5,6,19.43,0.6444,0.0644,0.003547,4.294
246431,520,386,906,228,12,222,329.79,0.9922,0.5856,0.220333,63,19,0,43.28,1.0000,0.1522,0.015227,4.145
246446,520,332,852,247,19,248,328.10,0.9948,0.6381,0.270201,77,17,69,333.88,0.7453,0.2020,0.024086,4.322
246450,520,465,985,168,57,227,310.62,0.8859,0.5165,0.167979,8,10,4,121.23,0.3608,0.0518,0.002775,4.130
246451,520,431,951,216,21,202,331.96,0.9709,0.5534,0.194017,31,13,36,318.60,0.5433,0.0973,0.007066,4.276
246468,520,358,878,231,68,220,330.90,0.9174,0.6213,0.262929,21,33,94,269.43,0.8262,0.1786,0.020552,4.435
246498,520,445,965,235,2,86,12.94,0.9978,0.5350,0.183806,1,15,41,257.77,0.9134,0.0768,0.005082,4.245
246501,520,477,997,144,91,196,305.20,0.6572,0.5081,0.173973,1,1,6,278.68,0.6638,0.0197,0.000413,4.443
246507,520,400,920,195,90,198,326.43,0.7311,0.5778,0.229930,62,10,5,30.40,0.8984,0.1384,0.012524,4.477
246516,520,357,877,236,73,189,341.59,0.8736,0.6176,0.262747,61,30,33,14.53,0.4285,0.1760,0.020306,4.448
246518,520,247,767,239,123,253,323.20,0.9879,0.7216,0.396105,78,54,88,315.62,0.3900,0.2796,0.049627,4.478
246522,520,431,951,238,35,45,25.98,0.9708,0.5460,0.195719,5,5,76,268.11,0.9843,0.0997,0.006626,4.339
246528,520,455,975,216,23,170,341.30,0.9479,0.5350,0.181163,3,9,29,264.35,0.7230,0.0566,0.003034,4.359
246532,520,344,864,250,39,207,338.78,0.9725,0.6257,0.262832,49,39,58,308.23,0.2891,0.1903,0.024095,4.222
246545,520,313,833,240,98,208,337.37,0.8926,0.6633,0.318172,21,55,72,233.05,0.5970,0.2199,0.033595,4.404
246558,520,462,982,216,22,158,345.14,0.9451,0.5282,0.176438,2,10,18,241.35,0.6095,0.0516,0.002736,4.294
246565,520,441,961,184,72,205,320.98,0.7976,0.5410,0.192341,32,12,28,335.10,0.4992,0.0925,0.006539,4.286
246591,520,347,867,212,92,241,319.34,0.9132,0.6321,0.280038,26,33,106,271.85,0.8541,0.1943,0.023478,4.492
246606,520,380,900,233,12,229,329.28,0.9939,0.5992,0.232463,51,4,83,305.30,0.9293,0.1556,0.014152,4.403
246637,520,474,994,221,47,2,33.11,0.9972,0.5164,0.174123,3,1,15,287.83,0.8227,0.0277,0.000756,4.416
246647,520,363,883,228,48,229,327.91,0.9551,0.6058,0.242674,42,4,106,288.03,0.9719,0.1696,0.016197,4.421
246656,520,470,990,215,47,116,1.71,0.8516,0.5233,0.177435,6,2,28,285.06,0.8609,0.0428,0.001660,4.403
246658,520,356,876,231,43,240,326.05,0.9712,0.6152,0.250103,38,39,54,281.47,0.2338,0.1758,0.021294,4.209
246680,520,291,811,202,130,242,312.44,0.8404,0.6787,0.349335,26,62,59,188.16,0.5422,0.2375,0.039805,4.447
246683,520,462,982,220,23,154,347.45,0.9461,0.5344,0.181640,6,7,17,277.38,0.3848,0.0479,0.002311,4.428
246685,520,475,995,200,45,175,335.76,0.8530,0.5211,0.172531,0,1,19,263.92,1.0031,0.0264,0.000687,4.390
246691,520,478,998,203,36,158,342.15,0.8732,0.5106,0.164289,0,3,2,174.96,1.0000,0.0237,0.000695,4.227
246698,520,394,914,211,72,222,324.76,0.8798,0.5942,0.237593,0,33,61,248.24,1.0000,0.1388,0.014246,4.476
246724,520,415,935,190,103,145,350.86,0.5296,0.5655,0.226933,0,34,32,189.11,1.0000,0.1243,0.012483,4.432
246729,520,433,953,239,23,79,16.40,0.9767,0.5476,0.195313,4,25,41,243.71,0.7247,0.1041,0.008811,4.171
246735,520,402,922,255,22,59,22.76,1.0000,0.5774,0.221534,16,15,82,273.13,0.9242,0.1278,0.010609,4.480
246763,520,420,940,209,67,184,335.73,0.8112,0.5626,0.210323,49,3,31,348.30,0.8143,0.1102,0.008171,4.475
246770,520,423,943,235,29,137,356.69,0.9493,0.5591,0.203500,8,28,31,208.31,0.5396,0.1094,0.009810,4.238
246771,520,330,850,253,95,80,28.57,0.9827,0.6392,0.296497,49,51,14,112.13,0.7049,0.2092,0.030523,4.303
246774,520,460,980,197,48,187,331.08,0.8561,0.5255,0.175738,2,10,38,263.67,0.8793,0.0646,0.003699,4.204
246779,520,220,740,239,164,137,40.60,0.6895,0.7501,0.467098,7,87,5,142.41,0.9942,0.3049,0.068722,4.356
246797,520,377,897,227,16,237,325.97,0.9919,0.5952,0.228182,63,3,72,321.81,0.9046,0.1648,0.015899,4.221
246806,520,461,981,178,66,211,317.52,0.8265,0.5289,0.180656,2,9,26,259.39,0.7328,0.0538,0.002828,4.366
246818,520,460,980,205,76,89,17.69,0.7363,0.5287,0.188714,5,13,7,153.01,0.4416,0.0572,0.003354,4.474
246823,520,410,930,230,65,132,0.41,0.8351,0.5742,0.222723,29,30,16,111.69,0.3557,0.1264,0.012272,4.380
246826,520,408,928,219,28,218,328.52,0.9700,0.5720,0.209547,61,0,11,17.96,1.0000,0.1252,0.010164,4.314
246847,520,469,989,181,57,206,320.32,0.8455,0.5201,0.172074,7,4,19,292.31,0.5889,0.0427,0.001790,4.288
246855,520,446,966,233,37,64,21.39,0.9553,0.5393,0.190200,5,16,32,256.22,0.5962,0.0756,0.005071,4.362
246864,520,477,997,208,17,147,346.80,0.9476,0.5053,0.159196,1,0,18,273.67,1.0000,0.0236,0.000501,4.142
246867,520,319,839,249,84,189,345.35,0.9422,0.6517,0.301575,43,56,28,129.20,0.5074,0.2207,0.034257,4.173
246880,520,455,975,230,39,65,21.12,0.9475,0.5346,0.186587,19,8,16,337.29,0.3708,0.0625,0.003495,4.423
246885,520,362,882,242,64,178,346.22,0.9026,0.6140,0.257614,12,48,41,177.78,0.7270,0.1785,0.023521,4.184
246887,520,452,972,184,31,235,314.85,0.9622,0.5278,0.171697,0,13,41,258.20,1.0000,0.0716,0.004479,4.069
246890,520,463,983,190,1,241,315.65,0.9992,0.5330,0.173211,6,8,22,274.24,0.4859,0.0528,0.002703,4.235
246891,520,419,939,214,41,203,331.16,0.9258,0.5602,0.201959,0,32,15,156.55,1.0000,0.1120,0.010675,4.153
246893,520,363,883,226,106,83,32.44,0.7685,0.6100,0.271038,13,44,55,224.82,0.6379,0.1728,0.021627,4.482
246896,520,407,927,225,39,180,340.69,0.9235,0.5652,0.207564,14,8,91,271.61,0.9751,0.1286,0.010223,4.277
246899,520,476,996,208,6,161,341.97,0.9829,0.5097,0.161155,6,0,0,29.23,1.0000,0.0198,0.000387,4.191
246912,520,467,987,198,14,210,325.13,0.9794,0.5247,0.169747,2,7,3,151.15,0.5856,0.0386,0.001714,4.249
246913,520,434,954,154,101,207,305.19,0.6677,0.5460,0.206828,37,18,2,61.31,0.8014,0.1040,0.008304,4.405
246915,520,460,980,217,64,13,35.93,0.9770,0.5258,0.184501,17,1,35,302.01,0.9178,0.0572,0.002622,4.456
246927,520,443,963,235,23,58,21.91,0.9799,0.5355,0.185836,30,8,8,22.00,0.5699,0.0753,0.004673,4.314
246930,520,391,911,210,72,215,326.41,0.8626,0.5882,0.232445,8,42,20,151.64,0.9047,0.1503,0.017580,4.179
246948,520,363,883,230,1,248,324.28,0.9996,0.6054,0.236244,75,1,46,350.63,0.9474,0.1699,0.017151,4.263
246980,520,398,918,255,35,23,29.40,1.0000,0.5798,0.225278,26,24,69,280.32,0.6792,0.1386,0.013025,4.368
246984,520,445,965,201,75,139,352.04,0.7076,0.5367,0.193156,26,13,11,29.14,0.3362,0.0795,0.005316,4.396
246986,520,375,895,234,48,196,338.26,0.9318,0.5961,0.235945,45,14,86,296.78,0.8381,0.1603,0.015439,4.370
246992,520,453,973,231,32,78,16.55,0.9544,0.5349,0.185750,4,18,3,141.60,0.9045,0.0685,0.004650,4.314
247001,520,466,986,217,61,36,31.86,0.9271,0.5239,0.182191,18,4,14,338.11,0.5525,0.0520,0.002472,4.425
247002,520,468,988,189,41,203,324.11,0.8978,0.5172,0.167179,12,5,4,31.73,0.3205,0.0438,0.001955,4.180
247005,520,403,923,224,24,217,330.04,0.9778,0.5786,0.215127,56,10,28,0.87,0.7224,0.1317,0.011418,4.317
247008,520,377,897,230,91,94,21.97,0.8042,0.5956,0.251160,36,40,6,115.79,0.7977,0.1613,0.019058,4.361
247024,520,453,973,156,98,186,313.17,0.5894,0.5296,0.193490,1,17,16,190.21,0.8665,0.0672,0.004447,4.472
247033,520,367,887,238,67,176,346.11,0.8783,0.6088,0.253289,16,41,62,246.36,0.5888,0.1695,0.020437,4.306
247040,520,400,920,232,35,184,341.09,0.9469,0.5781,0.218213,55,15,24,9.66,0.6422,0.1351,0.012199,4.312
247062,520,478,998,225,25,27,27.97,0.9806,0.5117,0.167848,7,0,1,9.43,1.0000,0.0219,0.000474,4.316
247063,520,298,818,231,99,235,326.47,0.9084,0.6656,0.319129,57,55,13,106.61,0.7564,0.2299,0.036313,4.277
247075,520,479,999,184,18,222,318.15,0.9754,0.5114,0.158982,0,0,5,264.05,1.0000,0.0116,0.000110,4.170
247080,520,432,952,245,24,34,27.17,0.9870,0.5544,0.201848,0,29,2,144.33,1.0000,0.0994,0.008831,4.281
247082,520,373,893,247,58,125,5.21,0.9290,0.5973,0.242843,6,25,97,265.31,0.9445,0.1582,0.015969,4.439
247086,520,414,934,199,57,239,317.46,0.9276,0.5727,0.213018,15,18,75,272.48,0.8818,0.1242,0.010421,4.353
247095,520,336,856,252,32,235,332.15,0.9884,0.6426,0.277297,18,52,44,175.46,0.6314,0.1953,0.027663,4.214
247130,520,420,940,163,87,241,303.12,0.8791,0.5586,0.209542,41,15,30,346.33,0.5147,0.1127,0.009069,4.394
247133,520,382,902,243,77,70,26.82,0.9283,0.5964,0.248079,37,34,44,298.80,0.1749,0.1563,0.017192,4.436
247134,520,473,993,166,58,237,307.63,0.9084,0.5230,0.172482,11,0,13,323.96,1.0000,0.0330,0.001002,4.362
247138,520,376,896,220,83,185,339.10,0.7906,0.6003,0.249071,44,36,3,95.35,0.8747,0.1588,0.018038,4.396
247148,520,445,965,166,89,202,313.75,0.7037,0.5374,0.195167,18,6,52,287.02,0.8506,0.0830,0.005068,4.452
247158,520,381,901,239,89,39,37.58,0.9358,0.6009,0.256450,37,39,26,115.10,0.2640,0.1632,0.019189,4.429
247169,520,472,992,226,0,104,5.51,1.0000,0.5205,0.171711,8,1,2,8.52,0.6389,0.0274,0.000777,4.366
247172,520,438,958,238,41,52,25.12,0.9602,0.5505,0.200142,41,4,16,4.66,0.7736,0.0900,0.005957,4.470
247222,520,471,991,176,62,210,317.32,0.8350,0.5205,0.173295,20,1,1,26.42,0.9072,0.0430,0.001726,4.317
247227,520,321,841,235,94,203,337.51,0.8607,0.6477,0.299818,18,52,69,233.39,0.6268,0.2076,0.030141,4.365
247231,520,441,961,238,4,49,23.31,0.9975,0.5354,0.184890,29,15,23,344.76,0.3372,0.0917,0.006647,4.147
247240,520,328,848,242,52,252,325.85,0.9899,0.6472,0.283641,74,23,79,324.05,0.7093,0.2107,0.026333,4.371
247245,520,391,911,253,37,93,14.61,0.9862,0.5860,0.229998,9,42,18,149.25,0.9071,0.1503,0.017576,4.143
247252,520,406,926,171,110,194,316.29,0.5809,0.5759,0.237055,2,37,18,155.30,0.9698,0.1304,0.013797,4.500
247253,520,459,979,191,49,202,324.83,0.8725,0.5261,0.175387,11,7,34,285.28,0.6924,0.0627,0.003386,4.222
247257,520,466,986,197,53,162,339.56,0.8041,0.5153,0.170269,13,1,37,293.14,0.9374,0.0546,0.002408,4.203
247273,520,409,929,167,90,248,302.79,0.9254,0.5735,0.223056,13,35,20,152.41,0.6502,0.1297,0.013381,4.308
247284,520,374,894,237,52,180,343.90,0.9146,0.5960,0.237586,66,4,54,337.88,0.8406,0.1584,0.015116,4.417
247287,520,424,944,247,2,88,13.78,0.9985,0.5608,0.205257,18,25,29,233.29,0.1848,0.1064,0.009126,4.317
247301,520,389,909,214,81,185,337.25,0.7797,0.5880,0.236858,23,37,45,234.06,0.3042,0.1521,0.016947,4.285
247305,520,289,809,232,140,35,62.62,0.9191,0.6767,0.360356,21,68,10,140.39,0.9733,0.2432,0.043154,4.405
247340,520,407,927,239,57,89,16.72,0.9082,0.5714,0.220014,25,19,71,281.63,0.7672,0.1297,0.011273,4.407
247344,520,406,926,244,11,163,349.68,0.9895,0.5820,0.221200,8,8,95,268.14,0.9841,0.1309,0.010514,4.482
247360,520,403,923,219,60,197,334.29,0.8761,0.5800,0.223252,43,17,46,323.36,0.5806,0.1280,0.011118,4.471
247381,520,459,979,164,68,234,306.87,0.8815,0.5288,0.179679,21,8,11,4.85,0.3723,0.0632,0.003573,4.287
247387,520,368,888,254,39,151,356.19,0.9909,0.6067,0.247598,77,10,18,20.58,0.8746,0.1731,0.018388,4.352
247389,520,428,948,248,13,16,28.67,0.9950,0.5562,0.202854,42,10,8,26.86,0.7033,0.0991,0.007269,4.415
247391,520,412,932,243,18,142,356.22,0.9792,0.5728,0.214436,12,17,74,270.80,0.9037,0.1194,0.009734,4.427
247412,520,416,936,207,10,252,317.71,0.9952,0.5717,0.205124,19,0,89,276.12,1.0000,0.1197,0.008597,4.354
247416,520,433,953,192,88,152,344.72,0.6300,0.5463,0.204544,15,16,55,276.30,0.7407,0.1003,0.007479,4.428
247421,520,387,907,248,63,66,25.18,0.9611,0.5904,0.239083,53,12,67,315.93,0.7760,0.1522,0.014252,4.499
247424,520,430,950,215,1,212,329.12,0.9989,0.5534,0.192244,4,27,27,195.09,0.7216,0.1024,0.008888,4.114
247435,520,443,963,236,31,7,30.43,0.9938,0.5371,0.188314,38,0,22,349.05,1.0000,0.0798,0.004701,4.357
247436,520,454,974,156,87,221,304.82,0.7806,0.5344,0.191052,3,5,50,268.63,0.9594,0.0671,0.003582,4.499
247437,520,440,960,230,18,155,349.30,0.9700,0.5527,0.196250,3,21,35,242.92,0.7278,0.0888,0.006770,4.338
247443,520,441,961,234,15,100,8.63,0.9804,0.5395,0.187573,16,9,56,281.20,0.8436,0.0899,0.005910,4.249
247451,520,471,991,200,20,197,329.12,0.9601,0.5209,0.168127,1,5,22,262.42,0.8416,0.0410,0.001729,4.217
247452,520,341,861,224,123,27,56.58,0.9260,0.6311,0.300946,7,55,27,152.61,0.9539,0.1960,0.028566,4.467
247492,520,387,907,241,77,26,36.04,0.9676,0.5882,0.240863,37,26,64,294.23,0.5675,0.1500,0.015023,4.473
247494,520,436,956,154,91,231,301.27,0.8137,0.5459,0.201220,16,24,0,124.33,1.0000,0.0936,0.007634,4.359
247506,520,447,967,223,49,109,6.18,0.8708,0.5383,0.189914,33,5,28,335.39,0.7020,0.0826,0.005158,4.350
247547,520,470,990,231,2,14,28.32,0.9989,0.5169,0.170672,14,3,1,41.31,0.6958,0.0399,0.001607,4.276
247548,520,453,973,200,68,158,342.72,0.7515,0.5347,0.188840,7,12,32,269.91,0.5874,0.0680,0.004124,4.413
247554,520,383,903,254,37,135,1.27,0.9910,0.5998,0.241469,12,42,10,142.32,0.9303,0.1501,0.017559,4.314
247559,520,363,883,235,65,188,341.35,0.8881,0.6074,0.250763,63,30,4,54.64,0.8260,0.1735,0.019942,4.300
247571,520,468,988,195,83,57,34.45,0.7591,0.5150,0.180858,0,6,15,243.78,1.0000,0.0386,0.001647,4.470
247575,520,362,882,203,111,170,342.38,0.5841,0.6093,0.269692,26,48,36,159.17,0.4407,0.1841,0.024608,4.285
247589,520,477,997,215,10,130,354.31,0.9736,0.5095,0.162783,3,0,15,291.58,1.0000,0.0243,0.000538,4.210
247596,520,180,700,243,164,246,325.50,0.9317,0.7932,0.522611,61,87,2,127.07,0.9888,0.3305,0.078128,4.469
247601,520,478,998,212,1,143,348.89,0.9970,0.5072,0.160043,2,1,3,309.84,0.4147,0.0195,0.000412,4.167
247614,520,433,953,208,3,219,325.58,0.9968,0.5464,0.185914,26,10,55,294.04,0.7718,0.1006,0.007125,4.130
247619,520,427,947,199,1,253,315.49,0.9995,0.5578,0.192571,10,24,24,195.68,0.3794,0.0959,0.007837,4.194
247623,520,150,670,247,191,193,16.11,0.7186,0.8316,0.608876,60,98,4,131.17,0.9872,0.3645,0.097046,4.481
247639,520,422,942,202,51,220,323.17,0.9119,0.5586,0.200932,29,3,71,291.16,0.9473,0.1108,0.007813,4.340
247650,520,408,928,199,46,243,316.91,0.9512,0.5672,0.205686,45,20,23,13.21,0.4392,0.1258,0.011201,4.178
247657,520,460,980,205,20,201,329.37,0.9658,0.5326,0.176984,17,11,0,89.90,1.0000,0.0613,0.003585,4.236
247666,520,396,916,222,85,104,15.15,0.7533,0.5754,0.230285,8,31,63,257.41,0.7560,0.1385,0.013904,4.386
247686,520,448,968,235,3,115,3.37,0.9958,0.5434,0.189682,16,6,55,282.99,0.8818,0.0841,0.005162,4.345
247689,520,163,683,250,191,11,85.78,0.9924,0.8082,0.576119,16,99,48,150.77,0.9701,0.3530,0.092468,4.395
247698,520,407,927,247,47,40,28.39,0.9691,0.5719,0.219639,65,0,8,21.64,1.0000,0.1338,0.011416,4.390
247710,520,479,999,137,87,215,298.24,0.7544,0.5066,0.170412,2,0,2,328.36,1.0000,0.0139,0.000173,4.393
247718,520,433,953,221,52,150,350.31,0.8527,0.5524,0.200326,17,24,11,131.49,0.4274,0.0968,0.007966,4.319
247729,520,433,953,242,9,83,14.91,0.9924,0.5506,0.197005,35,13,27,342.92,0.4928,0.0983,0.007243,4.315
247730,520,454,974,231,34,26,28.97,0.9732,0.5291,0.182106,11,5,50,279.34,0.9018,0.0731,0.004100,4.290
247738,520,409,929,161,94,240,301.70,0.8573,0.5661,0.218741,19,35,20,145.80,0.5008,0.1334,0.013910,4.205
247763,520,467,987,142,89,216,299.82,0.7513,0.5167,0.178536,5,5,0,109.77,1.0000,0.0352,0.001408,4.446
247770,520,411,931,248,50,20,31.38,0.9839,0.5749,0.222917,4,32,21,163.99,0.8682,0.1158,0.011129,4.465
247776,520,468,988,190,30,216,321.17,0.9478,0.5218,0.168350,5,8,1,124.44,0.7449,0.0434,0.002081,4.192
247802,520,457,977,223,58,27,32.57,0.9562,0.5319,0.187960,9,9,29,280.29,0.5669,0.0616,0.003422,4.454
247810,520,411,931,234,66,68,24.77,0.8990,0.5665,0.218092,9,27,57,260.01,0.7115,0.1236,0.011373,4.368
247840,520,456,976,185,17,245,313.20,0.9869,0.5322,0.173089,7,13,23,259.34,0.3825,0.0649,0.003949,4.135
247845,520,440,960,246,9,1,29.47,0.9993,0.5506,0.197940,23,10,52,291.76,0.7585,0.0945,0.006472,4.391
247851,520,319,839,250,36,242,330.07,0.9861,0.6453,0.279995,16,34,132,266.88,0.9467,0.2211,0.029199,4.167
247854,520,475,995,213,15,150,346.96,0.9602,0.5160,0.166921,6,2,8,316.91,0.5139,0.0310,0.000997,4.254
247882,520,425,945,211,89,98,18.30,0.6970,0.5606,0.218776,1,31,23,172.01,0.9623,0.1116,0.010482,4.444
247883,520,336,856,221,90,238,322.93,0.9133,0.6409,0.288594,11,54,33,157.75,0.8857,0.1954,0.028192,4.330
247886,520,404,924,210,21,252,318.38,0.9890,0.5794,0.212680,21,33,30,177.48,0.2503,0.1321,0.013409,4.143
247891,520,433,953,236,24,102,8.67,0.9663,0.5473,0.194486,5,28,3,141.29,0.9617,0.0993,0.008693,4.165
247899,520,339,859,204,120,205,326.63,0.6560,0.6432,0.306794,11,54,57,201.86,0.7621,0.2047,0.030048,4.457
247904,520,404,924,247,50,65,23.44,0.9597,0.5771,0.224405,12,37,16,147.14,0.8113,0.1346,0.014387,4.262
247906,520,471,991,177,27,237,312.43,0.9689,0.5165,0.162464,16,0,20,321.21,1.0000,0.0430,0.001607,4.117
247909,520,347,867,253,55,184,346.37,0.9833,0.6293,0.270791,15,33,110,266.82,0.9171,0.1928,0.023149,4.385
247920,520,143,663,231,187,253,314.24,0.9553,0.8281,0.596222,52,97,38,138.86,0.8447,0.3592,0.094191,4.482
247932,520,388,908,222,71,195,335.89,0.8502,0.5949,0.239784,45,30,15,65.10,0.4661,0.1463,0.015210,4.444
247939,520,441,961,179,64,230,313.12,0.8807,0.5424,0.189647,26,4,50,300.35,0.8552,0.0869,0.005367,4.328
247942,520,391,911,255,7,136,0.10,1.0000,0.5922,0.231932,3,14,107,265.30,0.9830,0.1522,0.013948,4.409
247950,520,291,811,245,128,65,46.65,0.8974,0.6761,0.352353,43,63,24,131.64,0.6927,0.2419,0.041345,4.405
247976,520,419,939,246,1,98,10.57,0.9991,0.5609,0.204999,27,9,60,292.79,0.8149,0.1051,0.007546,4.431
247980,520,343,863,236,76,211,334.82,0.8997,0.6323,0.277074,11,44,80,253.54,0.7669,0.1890,0.024516,4.389
247986,520,352,872,167,117,254,297.74,0.9766,0.6223,0.280940,23,48,63,236.77,0.4854,0.1946,0.026548,4.323
247995,520,467,987,230,20,4,29.85,0.9961,0.5192,0.173351,6,3,24,286.46,0.7509,0.0424,0.001698,4.320
248008,520,443,963,229,2,145,352.08,0.9964,0.5424,0.187486,10,14,33,272.59,0.5147,0.0752,0.004884,4.327
248010,520,351,871,208,102,216,324.72,0.7771,0.6251,0.278720,19,53,27,149.05,0.8088,0.1938,0.027637,4.234
248019,520,439,959,213,38,200,331.73,0.9286,0.5547,0.197046,24,1,63,290.55,0.9773,0.0931,0.005748,4.431
248026,520,454,974,193,54,195,327.40,0.8450,0.5292,0.179175,31,4,11,6.18,0.7046,0.0704,0.004023,4.242
248027,520,354,874,234,90,154,355.78,0.7954,0.6190,0.271405,11,49,29,156.46,0.8634,0.1774,0.023564,4.369
248029,520,356,876,250,71,125,7.33,0.9442,0.6152,0.263145,33,47,4,126.24,0.9213,0.1798,0.023651,4.252
248049,520,349,869,236,71,208,335.63,0.9044,0.6256,0.268960,83,6,52,350.77,0.8431,0.1944,0.022175,4.419
248055,520,466,986,163,76,207,312.41,0.7700,0.5169,0.174611,16,5,2,45.32,0.5704,0.0477,0.002231,4.300
248083,520,304,824,254,61,250,329.03,0.9966,0.6720,0.313134,19,65,14,141.71,0.9601,0.2324,0.039506,4.057
248088,520,352,872,245,99,4,43.69,0.9956,0.6245,0.283481,7,54,13,144.84,0.9762,0.1900,0.027125,4.324
248089,520,422,942,239,52,58,25.18,0.9416,0.5616,0.211154,45,11,23,1.39,0.6291,0.1102,0.008592,4.457
248104,520,188,708,233,183,149,55.66,0.5617,0.7861,0.533620,45,89,57,151.08,0.6325,0.3335,0.079978,4.490
248110,520,472,992,230,19,2,29.92,0.9981,0.5188,0.172962,5,1,9,310.98,0.6982,0.0270,0.000737,4.394
248126,520,276,796,249,112,223,335.37,0.9593,0.7038,0.370584,56,61,49,125.91,0.1725,0.2539,0.044000,4.474
248129,520,268,788,241,107,244,326.72,0.9510,0.6963,0.357501,74,40,114,301.67,0.6826,0.2647,0.041884,4.435
248140,520,475,995,200,11,198,328.87,0.9800,0.5189,0.165977,0,4,18,257.05,0.9999,0.0348,0.001305,4.210
248144,520,474,994,202,74,63,28.14,0.7929,0.5150,0.178150,10,3,0,62.51,1.0000,0.0350,0.001297,4.448
248148,520,460,980,222,55,0,34.63,1.0000,0.5257,0.182647,9,0,50,279.20,1.0000,0.0622,0.002884,4.399
248162,520,423,943,223,22,191,336.75,0.9681,0.5597,0.200258,1,19,65,262.08,0.9723,0.1077,0.008538,4.275
248174,520,462,982,167,50,247,306.32,0.9569,0.5257,0.172128,11,6,19,301.61,0.4657,0.0511,0.002484,4.232
248176,520,442,962,186,92,133,354.24,0.5634,0.5354,0.197883,15,18,1,117.12,0.8781,0.0764,0.005364,4.477
248183,520,341,861,191,137,125,32.91,0.3623,0.6282,0.304494,47,50,12,113.58,0.7374,0.2038,0.029121,4.480
248188,520,478,998,171,86,147,339.06,0.5692,0.5080,0.174212,5,0,0,29.23,1.0000,0.0182,0.000323,4.455
248200,520,430,950,131,99,251,287.97,0.9488,0.5502,0.207138,23,21,28,298.20,0.1673,0.1002,0.008023,4.432
248220,520,448,968,227,47,97,11.11,0.8963,0.5412,0.192298,14,6,53,281.37,0.8825,0.0803,0.004806,4.421
248223,520,419,939,234,13,152,351.04,0.9815,0.5578,0.200502,31,1,67,296.06,0.9761,0.1061,0.007183,4.381
248224,520,407,927,193,89,198,325.73,0.7309,0.5733,0.225608,52,16,16,22.75,0.6376,0.1288,0.011382,4.490
248229,520,357,877,204,89,251,314.59,0.9677,0.6236,0.269485,50,37,33,37.79,0.2010,0.1757,0.021111,4.493
248240,520,478,998,210,57,48,28.16,0.8957,0.5070,0.168437,0,1,9,261.82,1.0000,0.0198,0.000414,4.333
248268,520,307,827,247,93,206,339.69,0.9373,0.6671,0.320619,3,52,105,255.04,0.9476,0.2296,0.034951,4.363
248276,520,344,864,226,70,246,322.91,0.9607,0.6317,0.272050,49,38,55,313.45,0.2744,0.1863,0.023151,4.403
248285,520,398,918,239,39,165,348.65,0.9388,0.5839,0.225214,8,39,13,146.41,0.9278,0.1388,0.015317,4.214
248301,520,409,929,184,109,151,345.99,0.4791,0.5704,0.233631,36,30,12,91.43,0.4949,0.1336,0.013302,4.481
248302,520,372,892,245,9,206,337.73,0.9950,0.6059,0.240672,20,15,113,271.47,0.9689,0.1697,0.016825,4.350
248308,520,371,891,229,80,185,341.46,0.8284,0.6115,0.259005,43,42,4,108.01,0.8676,0.1747,0.021783,4.305
248329,520,421,941,211,21,226,324.55,0.9803,0.5611,0.198781,43,17,17,21.25,0.4996,0.1149,0.009550,4.178
248340,520,415,935,243,55,35,30.34,0.9610,0.5698,0.219118,14,25,60,267.51,0.6867,0.1238,0.011148,4.401
248359,520,452,972,187,4,248,313.27,0.9973,0.5349,0.174302,20,10,29,306.88,0.5066,0.0739,0.004545,4.112
248365,520,460,980,159,93,187,315.00,0.6234,0.5251,0.187881,28,0,26,331.16,1.0000,0.0642,0.003215,4.470
248382,520,369,889,229,77,179,343.41,0.8278,0.6051,0.252229,48,25,74,302.57,0.6521,0.1698,0.018181,4.433
248384,520,434,954,222,74,31,35.89,0.9354,0.5487,0.205287,36,7,46,316.10,0.7541,0.1022,0.007243,4.460
248425,520,447,967,201,64,173,337.11,0.7875,0.5396,0.191032,30,7,34,321.55,0.6710,0.0848,0.005435,4.348
248426,520,440,960,243,26,67,20.33,0.9785,0.5549,0.202021,14,21,10,134.64,0.4016,0.0858,0.006516,4.459
248435,520,453,973,224,48,42,27.99,0.9407,0.5259,0.181312,11,15,24,265.79,0.2880,0.0730,0.004787,4.222
248436,520,473,993,225,28,70,18.13,0.9601,0.5187,0.172831,0,5,8,222.41,1.0000,0.0328,0.001261,4.347
248444,520,293,813,241,95,244,326.92,0.9554,0.6808,0.334192,23,65,30,146.95,0.8748,0.2367,0.040563,4.242
248452,520,464,984,161,54,248,303.96,0.9595,0.5218,0.169933,2,7,24,262.70,0.7325,0.0481,0.002308,4.205
248457,520,451,971,197,12,237,318.35,0.9905,0.5435,0.182492,4,18,18,195.34,0.5521,0.0729,0.005021,4.226
248458,520,479,999,214,5,144,349.08,0.9862,0.5126,0.164207,1,0,0,29.23,1.0000,0.0090,0.000065,4.279
248459,520,396,916,214,49,226,325.01,0.9372,0.5810,0.219857,36,33,0,104.62,1.0000,0.1400,0.014628,4.176
248485,520,423,943,247,21,58,22.50,0.9870,0.5601,0.206195,20,18,61,279.44,0.7283,0.1138,0.009182,4.329
248502,520,405,925,243,35,135,359.20,0.9483,0.5771,0.220093,29,32,22,121.41,0.2334,0.1336,0.013522,4.252
248515,520,404,924,252,41,16,30.59,0.9893,0.5767,0.223225,50,5,61,318.62,0.8412,0.1345,0.011237,4.462
248523,520,423,943,239,54,29,31.12,0.9670,0.5604,0.210810,34,21,16,41.91,0.3048,0.1093,0.009139,4.410
248530,520,452,972,229,0,109,4.29,1.0000,0.5283,0.177651,16,8,33,295.08,0.6269,0.0685,0.003936,4.221
248542,520,308,828,202,131,220,319.33,0.6876,0.6684,0.339575,9,64,21,146.48,0.9740,0.2266,0.037789,4.438
248554,520,454,974,200,42,199,328.43,0.8996,0.5339,0.180606,11,0,56,279.05,1.0000,0.0706,0.003567,4.305
248558,520,437,957,227,40,128,358.89,0.9033,0.5460,0.194098,6,25,14,156.47,0.7046,0.0930,0.007657,4.234
248571,520,461,981,136,81,250,292.58,0.9544,0.5253,0.180212,5,10,11,208.79,0.2344,0.0514,0.002735,4.365
248577,520,377,897,162,110,250,297.74,0.9156,0.6015,0.257356,2,47,18,150.36,0.9866,0.1646,0.020895,4.335
248601,520,367,887,227,47,236,325.96,0.9614,0.6082,0.244223,7,34,85,261.48,0.8923,0.1655,0.018450,4.298
248607,520,400,920,243,23,152,353.13,0.9722,0.5785,0.219377,40,13,71,299.94,0.7946,0.1374,0.011939,4.349
248641,520,379,899,254,32,133,1.66,0.9913,0.5967,0.238009,7,36,70,254.88,0.7967,0.1573,0.017490,4.267
248663,520,321,841,207,118,210,325.95,0.6957,0.6464,0.308768,3,54,66,218.64,0.9243,0.2070,0.030509,4.456
248664,520,402,922,212,40,234,322.67,0.9592,0.5775,0.214570,12,6,91,270.65,0.9833,0.1251,0.009637,4.436
248671,520,416,936,235,22,164,347.62,0.9686,0.5680,0.209193,46,18,21,14.76,0.4992,0.1230,0.010677,4.272
248687,520,314,834,243,76,234,330.23,0.9503,0.6570,0.301667,14,59,50,176.85,0.7843,0.2189,0.034514,4.161
248690,520,376,896,246,71,87,20.37,0.9337,0.5983,0.247908,37,38,23,111.28,0.3175,0.1596,0.018414,4.354
248700,520,292,812,255,70,253,328.50,1.0000,0.6826,0.327351,12,66,56,177.28,0.8601,0.2438,0.042599,4.075
248708,520,411,931,221,40,197,334.66,0.9309,0.5683,0.209233,40,6,60,309.04,0.8346,0.1186,0.009077,4.388
248730,520,458,978,211,57,139,352.52,0.8049,0.5337,0.186414,7,12,26,267.08,0.4642,0.0643,0.003827,4.392
248733,520,324,844,253,20,243,330.54,0.9946,0.6455,0.278571,62,44,18,74.43,0.5851,0.2069,0.028693,4.175
248740,520,445,965,232,47,38,28.68,0.9528,0.5410,0.193318,23,16,3,84.55,0.6534,0.0803,0.005593,4.377
248747,520,470,990,219,38,115,2.03,0.8940,0.5242,0.176867,18,1,0,34.41,1.0000,0.0396,0.001503,4.405
248749,520,429,949,240,29,24,28.79,0.9824,0.5453,0.194733,14,28,1,131.32,0.9679,0.1043,0.009260,4.130
248750,520,381,901,253,2,178,347.02,0.9987,0.6049,0.241439,46,7,92,296.17,0.9204,0.1609,0.015055,4.480
248756,520,407,927,219,94,11,45.56,0.9728,0.5712,0.230920,25,27,56,278.33,0.5013,0.1338,0.012760,4.476
248757,520,407,927,212,82,157,347.86,0.7278,0.5725,0.224680,3,33,44,226.35,0.8313,0.1286,0.012889,4.368
248763,520,400,920,243,56,93,15.62,0.9208,0.5793,0.226766,39,31,12,86.99,0.5207,0.1401,0.014379,4.299
248775,520,372,892,229,39,241,325.37,0.9747,0.6103,0.244622,53,35,16,66.09,0.5279,0.1706,0.019964,4.211
248803,520,194,714,255,166,157,25.98,1.0000,0.7800,0.509692,50,86,44,140.90,0.6703,0.3240,0.075153,4.472
248829,520,409,929,243,19,121,3.17,0.9780,0.5656,0.209042,2,31,52,243.91,0.8636,0.1274,0.012407,4.151
248853,520,433,953,181,75,223,314.82,0.8355,0.5529,0.201846,24,7,57,291.59,0.8381,0.0958,0.006416,4.464
248856,520,426,946,233,10,152,350.78,0.9854,0.5552,0.198106,23,4,72,284.26,0.9486,0.1067,0.007369,4.325
248871,520,438,958,194,1,251,314.58,0.9994,0.5480,0.184574,6,5,68,269.79,0.9764,0.0901,0.005646,4.215
248879,520,414,934,222,63,162,346.88,0.8287,0.5698,0.216957,42,23,10,53.95,0.5394,0.1242,0.011270,4.357
248886,520,391,911,255,53,24,31.25,1.0000,0.5916,0.238759,24,35,49,254.78,0.3275,0.1493,0.016180,4.363
248899,520,396,916,217,42,220,327.41,0.9462,0.5772,0.215770,47,20,43,332.97,0.5180,0.1378,0.012791,4.233
248904,520,442,962,238,27,15,29.52,0.9874,0.5397,0.189988,7,2,65,271.66,0.9880,0.0822,0.004702,4.387
248923,520,476,996,125,93,224,290.42,0.7822,0.5111,0.175704,1,1,3,282.35,0.4200,0.0178,0.000347,4.483
248934,520,384,904,255,28,108,9.61,1.0000,0.5894,0.231770,46,32,9,77.29,0.6467,0.1517,0.016336,4.248
248945,520,461,981,193,64,181,331.81,0.7857,0.5307,0.183420,11,7,21,296.18,0.4612,0.0543,0.002772,4.423
248946,520,437,957,187,69,213,319.85,0.8315,0.5475,0.196264,41,2,27,345.73,0.8200,0.0912,0.005940,4.402
248947,520,475,995,234,1,33,26.03,0.9994,0.5244,0.176271,8,0,21,302.26,1.0000,0.0345,0.001058,4.432
248961,520,454,974,225,13,125,358.28,0.9747,0.5286,0.177788,13,5,47,283.32,0.8667,0.0718,0.003993,4.219
248963,520,434,954,128,100,255,286.27,1.0000,0.5524,0.209232,8,26,6,141.35,0.8674,0.0954,0.008035,4.467
249013,520,479,999,205,10,174,337.14,0.9748,0.5123,0.162543,2,0,3,318.71,1.0000,0.0147,0.000195,4.234
249035,520,405,925,241,60,95,15.33,0.9056,0.5794,0.227619,24,31,37,244.37,0.1825,0.1318,0.013077,4.401
249044,520,305,825,237,96,240,326.87,0.9367,0.6736,0.326638,34,47,104,270.31,0.6731,0.2292,0.033725,4.499
249046,520,380,900,218,90,165,346.99,0.7265,0.5969,0.249365,53,30,0,69.47,1.0000,0.1561,0.016855,4.478
249047,520,393,913,224,68,178,341.99,0.8372,0.5862,0.231983,52,18,36,349.58,0.5616,0.1391,0.012902,4.483
249052,520,376,896,252,38,146,357.38,0.9742,0.6004,0.241605,35,21,85,286.11,0.7886,0.1573,0.015495,4.452
249058,520,439,959,180,97,159,337.39,0.5559,0.5462,0.207570,2,25,9,152.10,0.9496,0.0893,0.007279,4.497
249063,520,433,953,215,15,197,333.07,0.9785,0.5465,0.188221,36,8,41,321.31,0.7048,0.1000,0.007089,4.173
249069,520,397,917,249,55,53,27.01,0.9721,0.5836,0.231327,12,37,35,188.33,0.5638,0.1407,0.015226,4.313
249073,520,448,968,231,45,3,32.38,0.9967,0.5355,0.188753,17,16,32,285.59,0.3890,0.0847,0.005940,4.268
249076,520,326,846,252,94,127,11.05,0.9510,0.6464,0.302364,2,48,93,253.04,0.9494,0.2079,0.029169,4.451
249091,520,402,922,195,87,201,325.50,0.7511,0.5752,0.226369,24,32,35,222.66,0.1631,0.1337,0.013485,4.353
249101,520,404,924,223,70,159,348.78,0.8071,0.5776,0.225739,8,37,1,139.09,0.9914,0.1301,0.013769,4.324
249111,520,410,930,216,77,144,353.96,0.7500,0.5673,0.219225,44,21,36,341.53,0.4328,0.1314,0.011992,4.343
249116,520,400,920,246,3,158,351.51,0.9972,0.5822,0.221299,2,33,67,253.55,0.9115,0.1445,0.015058,4.170
249124,520,419,939,229,21,173,343.47,0.9676,0.5606,0.202142,33,9,57,302.17,0.7855,0.1098,0.008141,4.337
249137,520,399,919,204,68,218,323.87,0.8694,0.5763,0.220352,62,4,31,358.49,0.8383,0.1382,0.012101,4.353
249142,520,480,1000,195,68,116,0.53,0.7146,0.5079,0.169991,0,0,0,0.00,0.0000,0.0000,0.000000,4.400
249158,520,403,923,238,19,170,346.38,0.9775,0.5757,0.215482,56,10,17,16.30,0.7590,0.1282,0.010984,4.353
249172,520,363,883,224,40,251,321.86,0.9843,0.6097,0.243320,41,0,113,285.54,1.0000,0.1739,0.016636,4.402
249186,520,351,871,250,92,54,34.69,0.9649,0.6264,0.282480,18,50,52,200.87,0.5705,0.1923,0.026576,4.342
249188,520,473,993,184,21,228,316.67,0.9740,0.5174,0.163294,0,3,5,224.61,1.0000,0.0252,0.000761,4.202
249189,520,452,972,233,16,61,20.59,0.9862,0.5292,0.180343,20,9,28,309.36,0.5226,0.0715,0.004279,4.244
249190,520,37,557,249,242,192,100.88,0.8052,0.9469,0.874503,39,122,114,185.97,0.7569,0.4533,0.155646,4.496
249207,520,420,940,251,7,10,28.88,0.9975,0.5612,0.206869,0,30,29,191.66,1.0000,0.1103,0.010172,4.269
249215,520,407,927,252,10,95,12.50,0.9932,0.5745,0.217425,23,15,78,279.41,0.8696,0.1285,0.010738,4.403
249217,520,345,865,242,92,131,7.57,0.8449,0.6275,0.281732,43,39,69,288.72,0.4069,0.1901,0.023943,4.486
249222,520,429,949,220,32,180,339.33,0.9345,0.5521,0.195464,38,16,2,54.38,0.7982,0.1014,0.007871,4.242
249227,520,476,996,215,56,8,34.62,0.9864,0.5129,0.172955,1,1,13,274.04,0.8863,0.0237,0.000572,4.409
249234,520,444,964,231,53,32,30.65,0.9561,0.5436,0.196424,23,6,47,297.35,0.7978,0.0837,0.005176,4.466
249246,520,381,901,239,63,157,352.67,0.8769,0.5984,0.243430,56,22,41,347.49,0.5295,0.1552,0.015748,4.463
249255,520,280,800,254,86,244,330.37,0.9960,0.6908,0.342609,50,60,71,250.96,0.1808,0.2542,0.043647,4.192
249256,520,360,880,180,107,249,305.18,0.9167,0.6168,0.270588,9,42,72,249.92,0.7601,0.1765,0.021818,4.464
249257,520,480,1000,201,73,46,33.62,0.8464,0.5093,0.173819,0,0,0,0.00,0.0000,0.0000,0.000000,4.476
249262,520,436,956,211,9,220,326.08,0.9914,0.5536,0.192135,17,22,14,133.94,0.2631,0.0920,0.007247,4.230
249266,520,320,840,240,98,175,349.56,0.8372,0.6482,0.303585,13,56,45,172.47,0.7957,0.2068,0.031032,4.363
249267,520,370,890,242,7,215,334.76,0.9963,0.6054,0.239384,9,47,26,154.99,0.8939,0.1691,0.021656,4.039
249278,520,326,846,212,122,196,333.87,0.6473,0.6532,0.319032,31,57,18,136.54,0.8331,0.2125,0.032612,4.467
249289,520,434,954,240,5,110,5.93,0.9943,0.5526,0.197629,6,8,72,268.89,0.9682,0.0996,0.006802,4.359
249290,520,399,919,201,43,252,315.57,0.9852,0.5755,0.211750,54,22,19,26.97,0.5452,0.1439,0.014052,4.087
249292,520,429,949,203,66,179,335.64,0.7937,0.5486,0.198494,40,6,35,334.27,0.7267,0.0999,0.007028,4.357
249301,520,391,911,196,66,250,313.70,0.9685,0.5850,0.225356,9,28,87,265.30,0.9017,0.1543,0.015766,4.187
249325,520,302,822,225,112,230,325.79,0.8606,0.6725,0.333109,28,64,20,140.14,0.9017,0.2342,0.039641,4.274
249353,520,364,884,230,16,255,322.70,1.0000,0.6134,0.244159,37,37,53,284.27,0.2534,0.1689,0.019735,4.218
249369,520,184,704,246,171,198,356.08,0.7610,0.7909,0.527978,12,94,39,148.61,0.9810,0.3336,0.082297,4.369
249370,520,376,896,210,78,220,324.87,0.8599,0.5982,0.243194,34,19,94,283.19,0.8569,0.1628,0.016139,4.433
249374,520,349,869,255,74,145,1.23,1.0000,0.6338,0.282054,5,51,49,190.45,0.8860,0.1893,0.026215,4.357
249390,520,454,974,150,81,238,299.70,0.8731,0.5312,0.185422,29,6,1,41.14,0.8517,0.0681,0.003937,4.365
249401,520,393,913,247,64,26,32.97,0.9748,0.5855,0.235190,28,36,9,123.63,0.6866,0.1417,0.015283,4.368
249410,520,339,859,252,32,225,334.56,0.9867,0.6365,0.271679,22,36,109,268.81,0.8721,0.2013,0.025363,4.268
249413,520,463,983,228,39,23,29.93,0.9728,0.5257,0.180098,8,7,21,285.44,0.4713,0.0517,0.002577,4.376
249434,520,413,933,249,16,76,17.86,0.9895,0.5656,0.210357,33,25,12,78.89,0.4116,0.1167,0.010452,4.307
249446,520,440,960,224,48,133,357.03,0.8697,0.5478,0.196573,0,21,32,231.80,1.0000,0.0851,0.006406,4.371
249448,520,479,999,204,22,175,336.64,0.9405,0.5148,0.165083,0,1,0,142.50,1.0000,0.0135,0.000217,4.283
249450,520,420,940,228,14,182,340.48,0.9817,0.5615,0.201881,11,19,58,269.74,0.7806,0.1065,0.008423,4.311
249452,520,388,908,247,28,157,352.50,0.9687,0.5904,0.230423,56,22,8,41.93,0.7170,0.1454,0.014322,4.360
249458,520,410,930,194,101,146,351.11,0.5586,0.5684,0.228535,30,31,3,111.39,0.8362,0.1279,0.012626,4.448
249462,520,368,888,234,8,236,327.88,0.9966,0.6050,0.237248,68,20,25,17.40,0.6712,0.1682,0.017996,4.224
249471,520,452,972,197,0,227,320.76,1.0000,0.5329,0.174180,16,3,49,287.65,0.9090,0.0729,0.003970,4.154
249475,520,385,905,210,34,255,317.54,1.0000,0.5870,0.220674,21,37,48,239.52,0.3725,0.1523,0.016959,4.042
249486,520,387,907,245,66,48,29.90,0.9546,0.5853,0.235257,60,18,7,35.87,0.7969,0.1457,0.014088,4.451
249488,520,401,921,187,82,241,311.94,0.9007,0.5836,0.229513,14,32,57,256.99,0.5945,0.1395,0.014217,4.353
249489,520,372,892,209,85,228,322.13,0.8643,0.6103,0.256554,36,32,72,285.08,0.5530,0.1683,0.018759,4.458
249493,520,465,985,167,58,230,309.53,0.8896,0.5186,0.169555,6,9,3,127.44,0.4463,0.0474,0.002407,4.189
249519,520,267,787,246,131,168,0.72,0.8127,0.7060,0.386552,12,74,33,149.70,0.9643,0.2642,0.050853,4.329
249520,520,362,882,197,128,77,56.00,0.6136,0.6063,0.278459,7,44,71,245.35,0.7916,0.1808,0.023013,4.499
249521,520,408,928,189,76,222,317.72,0.8384,0.5652,0.212628,44,6,71,305.64,0.8734,0.1350,0.011207,4.291
249522,520,260,780,234,125,232,327.91,0.8772,0.7064,0.379878,89,50,58,7.03,0.3843,0.2728,0.047108,4.427
249553,520,122,642,206,216,224,241.80,0.1732,0.8568,0.676150,11,110,10,142.57,0.9934,0.3848,0.112444,4.470
249554,520,386,906,241,41,162,350.12,0.9368,0.5875,0.228984,45,19,68,305.28,0.6986,0.1505,0.014410,4.331
249570,520,475,995,169,52,233,309.87,0.9109,0.5181,0.167750,1,2,15,269.54,0.8414,0.0283,0.000844,4.283
249591,520,427,947,168,85,237,306.01,0.8627,0.5590,0.209368,9,25,25,195.55,0.4391,0.0985,0.008235,4.454
249607,520,471,991,153,70,233,303.02,0.8728,0.5157,0.170362,6,5,15,288.19,0.4279,0.0422,0.001817,4.253
249609,520,478,998,215,27,118,359.34,0.9228,0.5109,0.165414,3,0,10,300.63,1.0000,0.0212,0.000413,4.273
249615,520,393,913,215,33,254,319.05,0.9957,0.5938,0.226924,49,23,33,356.38,0.4261,0.1420,0.013756,4.343
249619,520,385,905,218,61,217,328.28,0.9052,0.5914,0.232547,67,8,0,33.68,1.0000,0.1461,0.013672,4.438
249640,520,401,921,224,9,226,327.86,0.9941,0.5807,0.215360,45,19,51,319.84,0.5845,0.1377,0.012627,4.237
249651,520,353,873,251,77,109,14.31,0.9562,0.6191,0.269245,15,48,32,159.59,0.7310,0.1766,0.023197,4.361
249652,520,416,936,249,44,21,30.53,0.9837,0.5726,0.219989,24,25,49,280.21,0.4464,0.1231,0.011112,4.418
249671,520,316,836,250,100,145,4.59,0.9116,0.6564,0.314858,21,56,65,217.24,0.5810,0.2190,0.033693,4.359
249680,520,424,944,243,26,106,8.47,0.9690,0.5635,0.208374,38,15,30,342.05,0.4870,0.1079,0.008475,4.419
249681,520,439,959,206,18,230,322.32,0.9841,0.5546,0.192694,1,22,31,227.22,0.8856,0.0879,0.006792,4.273
249690,520,454,974,190,53,201,324.73,0.8566,0.5273,0.177118,26,10,0,61.83,1.0000,0.0708,0.004367,4.177
249691,520,426,946,230,44,147,352.94,0.9001,0.5620,0.207337,41,8,39,330.29,0.7033,0.1069,0.007916,4.443
249697,520,431,951,231,61,19,33.84,0.9755,0.5505,0.203764,25,4,66,289.08,0.9264,0.1020,0.006868,4.462
249701,520,471,991,149,76,235,300.51,0.8691,0.5203,0.175569,16,1,9,344.92,0.7560,0.0403,0.001516,4.379
249712,520,367,887,223,53,239,324.14,0.9533,0.6078,0.244683,37,3,113,282.51,0.9861,0.1722,0.016506,4.431
249713,520,395,915,221,36,230,326.01,0.9673,0.5875,0.223492,15,39,0,135.27,1.0000,0.1401,0.015526,4.174
249717,520,419,939,204,52,211,326.11,0.8963,0.5564,0.199982,6,13,73,267.97,0.9497,0.1082,0.008075,4.304
249722,520,398,918,223,84,127,4.42,0.7465,0.5825,0.235634,2,39,31,174.86,0.9446,0.1411,0.015628,4.352
249749,520,296,816,249,93,218,336.42,0.9611,0.6764,0.330332,53,44,102,287.00,0.6000,0.2372,0.035175,4.465
249765,520,441,961,195,76,169,337.14,0.7224,0.5420,0.196372,30,16,18,10.18,0.3034,0.0933,0.006903,4.330
249768,520,474,994,217,58,31,32.13,0.9413,0.5202,0.178793,9,1,9,327.80,0.7097,0.0318,0.000995,4.487
249790,520,458,978,159,64,245,303.19,0.9363,0.5268,0.176308,15,6,22,309.24,0.5324,0.0567,0.002897,4.278
249831,520,433,953,166,69,255,303.13,1.0000,0.5504,0.195838,26,22,12,88.67,0.3169,0.1006,0.008200,4.224
249844,520,180,700,234,180,189,7.42,0.5268,0.7921,0.538105,31,93,11,139.77,0.9839,0.3325,0.081439,4.474
249848,520,448,968,191,82,155,342.24,0.6620,0.5370,0.194790,1,7,60,265.07,0.9725,0.0803,0.004846,4.463
249855,520,381,901,230,18,230,328.32,0.9897,0.5960,0.229712,53,19,62,318.71,0.6659,0.1578,0.015705,4.257
249864,520,418,938,207,68,182,335.85,0.8003,0.5592,0.207789,33,14,56,300.89,0.7034,0.1161,0.009229,4.352
249885,520,98,618,229,218,205,72.13,0.2485,0.8761,0.712090,2,110,97,180.89,0.9914,0.4015,0.120273,4.476
249898,520,472,992,225,10,117,1.02,0.9811,0.5249,0.175118,10,0,17,313.84,1.0000,0.0341,0.001050,4.410
249903,520,335,855,253,2,236,332.14,0.9995,0.6376,0.269854,65,39,32,35.78,0.3696,0.2021,0.026793,4.165
249918,520,439,959,228,22,144,352.60,0.9572,0.5452,0.190842,22,21,3,106.51,0.7246,0.0916,0.007135,4.215
249925,520,387,907,224,100,39,43.41,0.8925,0.5911,0.251106,5,42,3,141.95,0.9843,0.1462,0.016947,4.498
249927,520,477,997,157,81,200,311.42,0.7240,0.5110,0.172237,1,2,4,255.89,0.3738,0.0225,0.000586,4.393
249942,520,425,945,221,49,161,346.22,0.8693,0.5550,0.201444,33,12,55,302.50,0.7286,0.1122,0.008621,4.289
249944,520,427,947,213,24,225,325.28,0.9767,0.5649,0.202376,15,7,70,276.50,0.9416,0.1015,0.006957,4.431
249948,520,228,748,248,159,7,69.70,0.9939,0.7370,0.447706,8,82,44,154.06,0.9751,0.2931,0.062678,4.417
249962,520,415,935,254,2,45,24.74,0.9992,0.5688,0.213076,49,15,22,9.96,0.5902,0.1233,0.010526,4.346
249976,520,454,974,193,12,234,317.94,0.9894,0.5344,0.175423,13,14,7,114.41,0.2815,0.0661,0.004150,4.163
249985,520,444,964,223,34,150,349.85,0.9161,0.5436,0.190366,19,8,48,289.52,0.7768,0.0835,0.005255,4.350
250009,520,476,996,197,48,169,336.95,0.8293,0.5147,0.168506,5,1,3,344.91,0.5356,0.0240,0.000606,4.318
250015,520,434,954,157,93,226,303.24,0.7854,0.5491,0.204882,25,12,48,296.15,0.6843,0.0965,0.006830,4.485
250023,520,455,975,186,84,145,345.72,0.6225,0.5273,0.188255,12,13,13,196.99,0.0275,0.0647,0.003951,4.416
250032,520,329,849,185,123,245,305.70,0.8514,0.6476,0.310733,41,53,21,126.37,0.6092,0.2082,0.030717,4.469
250036,520,352,872,222,72,229,326.03,0.9105,0.6162,0.258235,53,29,84,300.70,0.6591,0.1920,0.022757,4.236
250049,520,466,986,173,89,145,341.41,0.5526,0.5153,0.180744,20,2,18,331.86,0.7316,0.0520,0.002358,4.407
250060,520,411,931,248,38,42,27.06,0.9745,0.5683,0.215134,43,20,21,17.77,0.4183,0.1220,0.010681,4.369
250065,520,386,906,209,60,239,320.21,0.9309,0.5910,0.230207,16,18,97,270.79,0.9460,0.1506,0.014057,4.374
250068,520,443,963,198,47,211,324.47,0.9026,0.5424,0.187436,31,3,28,332.37,0.7621,0.0759,0.004403,4.364
250071,520,364,884,238,24,220,332.62,0.9848,0.6054,0.240005,2,35,84,258.58,0.9566,0.1651,0.018549,4.231
250100,520,384,904,229,12,229,328.34,0.9934,0.5922,0.225805,27,24,80,279.03,0.7634,0.1499,0.014654,4.266
250104,520,459,979,210,48,146,348.85,0.8362,0.5267,0.178931,9,4,40,281.64,0.8673,0.0600,0.002981,4.321
250113,520,317,837,249,72,236,331.21,0.9749,0.6642,0.308334,24,62,13,139.51,0.9477,0.2244,0.036684,4.134
250124,520,234,754,243,161,33,71.07,0.9519,0.7351,0.446566,36,80,30,141.34,0.8855,0.2934,0.062059,4.431
250128,520,397,917,254,13,91,14.00,0.9938,0.5784,0.221178,36,31,15,92.65,0.4182,0.1369,0.013896,4.244
250140,520,463,983,160,75,232,305.26,0.8587,0.5307,0.183325,21,1,23,324.80,0.8279,0.0538,0.002430,4.450
250152,520,422,942,224,34,180,340.35,0.9351,0.5606,0.202891,9,28,24,178.13,0.5248,0.1070,0.009545,4.247
250155,520,442,962,167,83,215,311.13,0.7733,0.5384,0.193090,31,9,11,16.13,0.5325,0.0794,0.005109,4.411
250156,520,471,991,164,89,177,321.54,0.6168,0.5189,0.182124,14,1,19,317.97,0.8087,0.0424,0.001621,4.497
250161,520,401,921,182,88,228,312.89,0.8236,0.5755,0.225269,26,36,19,133.17,0.4346,0.1418,0.015284,4.217
250167,520,471,991,204,9,192,331.61,0.9827,0.5217,0.168405,12,4,13,323.60,0.4726,0.0447,0.001941,4.205
250179,520,478,998,193,49,170,335.44,0.8206,0.5090,0.164380,0,1,16,263.65,1.0015,0.0242,0.000591,4.238
250187,520,296,816,231,137,107,38.45,0.6977,0.6785,0.359440,10,64,65,196.84,0.8433,0.2406,0.041128,4.493
250188,520,427,947,240,5,135,357.66,0.9938,0.5611,0.203863,15,13,61,276.80,0.8406,0.1006,0.007263,4.433
250212,520,366,886,193,96,239,313.33,0.8725,0.6097,0.259362,27,40,58,256.65,0.3685,0.1710,0.020560,4.384
250213,520,457,977,218,30,155,346.82,0.9215,0.5342,0.182030,18,2,35,302.86,0.8563,0.0604,0.002934,4.383
250216,520,447,967,242,7,28,27.16,0.9967,0.5427,0.191165,11,20,14,154.98,0.3209,0.0818,0.006032,4.304
250220,520,292,812,189,138,240,305.99,0.7815,0.6772,0.352876,73,52,28,68.78,0.4879,0.2449,0.039564,4.498
250228,520,418,938,218,53,167,343.56,0.8543,0.5558,0.202440,35,26,5,86.41,0.6976,0.1206,0.011071,4.134
250236,520,336,856,247,38,244,328.93,0.9844,0.6423,0.276949,67,23,81,317.01,0.7125,0.2005,0.024003,4.418
250250,520,430,950,239,0,121,1.99,1.0000,0.5530,0.197344,33,13,38,319.31,0.5693,0.1013,0.007512,4.301
250251,520,478,998,213,51,67,21.07,0.8865,0.5099,0.169215,8,0,4,344.76,1.0000,0.0250,0.000604,4.332
250256,520,453,973,148,67,255,297.38,1.0000,0.5252,0.175304,3,6,52,268.12,0.9563,0.0711,0.003975,4.174
250260,520,404,924,218,57,208,330.80,0.8997,0.5823,0.223879,58,6,31,356.54,0.7889,0.1322,0.011289,4.469
250271,520,403,923,211,16,253,318.47,0.9925,0.5804,0.213131,29,23,58,288.16,0.5736,0.1300,0.011795,4.258
250277,520,373,893,253,62,20,33.02,0.9910,0.5952,0.243821,32,40,4,121.19,0.8716,0.1570,0.018334,4.300
250278,520,435,955,243,9,69,18.98,0.9937,0.5501,0.196832,28,16,28,326.65,0.3492,0.0947,0.007013,4.329
250294,520,430,950,220,35,181,339.07,0.9271,0.5543,0.197563,39,7,27,345.50,0.6747,0.0954,0.006625,4.372
250312,520,344,864,230,48,255,322.34,1.0000,0.6271,0.261591,17,38,97,265.28,0.8399,0.1909,0.023683,4.229
250313,520,378,898,236,54,187,341.56,0.9143,0.5993,0.240618,36,26,80,286.57,0.6971,0.1625,0.016930,4.342
250318,520,363,883,245,3,218,334.68,0.9986,0.6120,0.245426,15,26,102,268.51,0.9273,0.1698,0.017995,4.345
250349,520,378,898,251,7,175,347.52,0.9952,0.6005,0.237598,56,19,58,325.57,0.6500,0.1599,0.016121,4.350
250351,520,378,898,223,14,253,321.47,0.9947,0.5997,0.230960,27,17,100,277.11,0.9217,0.1606,0.015539,4.287
250359,520,436,956,233,25,131,358.18,0.9559,0.5510,0.196606,46,1,13,9.85,0.9326,0.0943,0.006317,4.379
250363,520,449,969,227,39,106,6.93,0.9135,0.5379,0.188254,24,10,3,53.08,0.6022,0.0688,0.004179,4.398
250370,520,457,977,219,38,130,356.35,0.8906,0.5297,0.180605,21,8,10,9.71,0.3725,0.0629,0.003550,4.306
250380,520,418,938,228,67,62,26.63,0.8907,0.5551,0.208589,36,24,23,24.16,0.2217,0.1212,0.010902,4.246
250383,520,476,996,182,53,190,325.45,0.8255,0.5066,0.162103,1,0,18,273.67,1.0000,0.0236,0.000501,4.200
250384,520,423,943,247,33,31,28.29,0.9806,0.5625,0.209644,35,9,54,306.97,0.7662,0.1099,0.008191,4.462
250388,520,387,907,192,81,240,313.88,0.9009,0.5886,0.233837,50,23,40,342.94,0.4607,0.1467,0.014442,4.405
250402,520,422,942,229,35,169,344.99,0.9332,0.5647,0.207273,38,3,63,305.53,0.9113,0.1145,0.008361,4.408
250417,520,391,911,244,29,173,346.96,0.9676,0.5923,0.231321,58,6,58,328.13,0.8114,0.1477,0.013354,4.440
250419,520,383,903,239,86,56,33.06,0.9088,0.5985,0.252949,0,43,18,152.74,1.0000,0.1500,0.017713,4.474
250439,520,472,992,143,76,243,296.84,0.9111,0.5199,0.174797,2,1,14,282.01,0.8384,0.0258,0.000663,4.437
250440,520,435,955,242,23,44,25.34,0.9856,0.5485,0.196753,15,19,31,269.72,0.3171,0.0894,0.006662,4.355
250442,520,457,977,232,24,79,15.73,0.9698,0.5333,0.183766,7,14,11,167.35,0.2744,0.0624,0.003834,4.342
250448,520,303,823,223,110,241,321.97,0.9106,0.6730,0.331924,24,53,91,256.06,0.6412,0.2282,0.034956,4.496
250453,520,412,932,225,62,147,353.16,0.8309,0.5677,0.215619,55,9,15,17.87,0.7788,0.1245,0.010422,4.396
250462,520,457,977,210,73,41,34.39,0.8853,0.5256,0.186291,23,1,28,320.65,0.8578,0.0598,0.002877,4.469
250467,520,417,937,246,40,46,26.49,0.9701,0.5657,0.213112,29,25,38,298.44,0.2633,0.1215,0.010964,4.316
250477,520,331,851,246,99,131,9.79,0.8699,0.6440,0.301582,31,52,43,165.61,0.3608,0.2027,0.029216,4.438
250490,520,455,975,177,44,241,310.99,0.9428,0.5302,0.175003,1,13,13,194.99,0.8054,0.0557,0.003233,4.227
250491,520,373,893,233,84,131,4.43,0.7993,0.6013,0.253057,35,34,62,283.98,0.4216,0.1647,0.018492,4.425
250511,520,289,809,243,108,196,343.08,0.8776,0.6761,0.337679,38,51,104,270.39,0.6142,0.2419,0.037791,4.416
250520,520,469,989,206,70,64,26.45,0.8171,0.5172,0.178745,8,0,23,299.43,1.0000,0.0359,0.001135,4.473
250524,520,320,840,244,87,198,341.28,0.9127,0.6511,0.301295,64,45,0,83.32,1.0000,0.2102,0.029669,4.409
250540,520,319,839,245,114,74,37.57,0.9013,0.6532,0.319445,10,59,65,207.23,0.8102,0.2244,0.035739,4.309
250547,520,341,861,205,126,134,13.46,0.4883,0.6268,0.296236,39,43,78,277.02,0.4597,0.2024,0.027091,4.491
250549,520,440,960,243,0,59,21.21,1.0000,0.5466,0.193739,15,23,1,125.29,0.9322,0.0901,0.007165,4.264
250552,520,359,879,218,67,245,321.07,0.9534,0.6157,0.255142,26,43,64,254.32,0.4339,0.1825,0.023175,4.170
250553,520,443,963,215,79,8,40.87,0.9811,0.5412,0.200590,31,12,12,20.76,0.4492,0.0850,0.005808,4.490
250555,520,393,913,245,59,106,11.80,0.9223,0.5889,0.235843,0,36,45,218.32,1.0000,0.1371,0.014511,4.431
250577,520,421,941,236,28,130,359.24,0.9531,0.5580,0.202781,32,21,22,12.67,0.2140,0.1084,0.009014,4.283
250583,520,392,912,254,8,128,2.47,0.9941,0.5876,0.228067,49,14,73,307.59,0.7817,0.1535,0.014481,4.312
250626,520,237,757,241,133,234,329.56,0.9208,0.7301,0.414184,75,68,26,99.93,0.6354,0.2900,0.057048,4.336
250633,520,283,803,253,111,175,354.46,0.9592,0.6875,0.353497,49,53,97,277.73,0.4836,0.2505,0.040622,4.453
250636,520,362,882,136,129,240,283.92,0.7961,0.6050,0.272256,14,50,38,167.83,0.7339,0.1848,0.025144,4.289
250642,520,365,885,244,42,189,342.51,0.9528,0.6067,0.245662,62,24,43,351.01,0.5421,0.1701,0.018520,4.315
250670,520,431,951,211,80,92,18.09,0.7403,0.5458,0.203611,0,13,73,263.60,1.0013,0.1047,0.007688,4.396
250673,520,390,910,239,74,109,12.40,0.8670,0.5935,0.243554,7,41,38,186.69,0.7697,0.1525,0.017709,4.336
250701,520,364,884,236,25,237,328.07,0.9878,0.6134,0.246451,54,30,43,346.64,0.3684,0.1688,0.018873,4.304
250704,520,377,897,232,64,192,339.31,0.8881,0.6034,0.246309,18,28,89,269.81,0.8583,0.1608,0.016803,4.436
250709,520,406,926,244,58,81,19.88,0.9334,0.5805,0.228566,3,33,41,218.94,0.8322,0.1270,0.012671,4.445
250710,520,476,996,172,17,248,308.80,0.9868,0.5148,0.159497,3,0,3,328.36,1.0000,0.0167,0.000259,4.168
250712,520,245,765,243,132,237,329.20,0.9368,0.7327,0.416738,53,71,33,129.86,0.5860,0.2770,0.053731,4.500
250718,520,412,932,243,52,32,30.33,0.9660,0.5670,0.216183,38,25,5,76.22,0.6971,0.1222,0.011183,4.351
250723,520,391,911,234,74,113,10.17,0.8343,0.5854,0.235851,23,25,83,274.80,0.8056,0.1517,0.015019,4.396
250733,520,472,992,184,31,226,316.95,0.9537,0.5203,0.166625,11,0,2,5.57,1.0000,0.0278,0.000755,4.268
250734,520,433,953,230,2,159,347.80,0.9968,0.5509,0.193724,45,9,10,22.41,0.7306,0.1036,0.007753,4.220
250754,520,417,937,206,37,239,319.96,0.9645,0.5696,0.206786,4,10,87,266.44,0.9794,0.1204,0.009309,4.330
250771,520,401,921,200,65,231,319.38,0.8989,0.5759,0.218309,54,13,44,338.72,0.6802,0.1392,0.012541,4.290
250773,520,420,940,219,64,159,347.30,0.8144,0.5641,0.212324,24,14,65,284.85,0.7925,0.1141,0.008899,4.454
250775,520,418,938,229,63,106,10.28,0.8487,0.5620,0.212564,14,9,81,273.01,0.9584,0.1169,0.008828,4.463
250794,520,417,937,229,56,136,357.66,0.8592,0.5652,0.212667,35,19,43,313.61,0.4884,0.1183,0.009975,4.380
250796,520,378,898,247,22,178,345.99,0.9809,0.5978,0.235656,0,38,66,245.86,1.0000,0.1570,0.017795,4.214
250818,520,444,964,192,58,206,323.80,0.8539,0.5387,0.186903,21,8,35,303.40,0.6460,0.0753,0.004545,4.343
250833,520,341,861,203,108,221,321.05,0.7711,0.6304,0.286434,24,53,21,141.90,0.8170,0.1953,0.027945,4.316
250854,520,137,657,255,190,193,15.67,1.0000,0.8388,0.619390,73,96,32,126.63,0.7643,0.3707,0.098864,4.497
250857,520,365,885,228,21,250,323.27,0.9914,0.6077,0.239347,45,23,81,296.50,0.7213,0.1685,0.017648,4.277
250862,520,380,900,188,96,232,313.33,0.8296,0.5982,0.248843,21,40,51,235.20,0.4099,0.1628,0.019160,4.321
250863,520,309,829,255,30,251,329.17,1.0000,0.6573,0.291567,10,26,144,266.00,0.9767,0.2218,0.028167,4.370
250876,520,384,904,227,30,228,328.03,0.9769,0.5936,0.228632,27,7,100,278.48,0.9680,0.1492,0.013050,4.419
250882,520,451,971,204,70,144,349.95,0.7410,0.5376,0.192333,19,0,52,291.49,1.0000,0.0737,0.003864,4.499
250887,520,405,925,232,0,199,336.61,1.0000,0.5760,0.212820,20,5,90,276.03,0.9766,0.1279,0.009954,4.384
250889,520,374,894,248,64,94,16.97,0.9457,0.5965,0.244348,28,38,50,253.32,0.2705,0.1616,0.018634,4.289
250911,520,407,927,201,94,155,347.05,0.6343,0.5713,0.227911,38,28,19,63.37,0.2915,0.1325,0.012896,4.419
250912,520,373,893,245,67,130,4.15,0.9051,0.6034,0.250417,4,39,66,246.65,0.8363,0.1615,0.018701,4.373
250914,520,419,939,191,82,199,324.89,0.7566,0.5610,0.212358,32,13,56,300.02,0.7207,0.1133,0.008805,4.462
250925,520,350,870,248,23,233,331.74,0.9912,0.6311,0.264555,44,30,92,288.48,0.7059,0.1900,0.022367,4.347
250932,520,398,918,212,86,154,349.69,0.7082,0.5767,0.229877,49,26,1,65.27,0.9241,0.1406,0.013940,4.377
250934,520,434,954,218,78,59,30.58,0.8475,0.5495,0.206724,29,4,64,294.66,0.9100,0.1045,0.007182,4.490
250950,520,462,982,220,59,43,29.83,0.9175,0.5284,0.185206,24,0,21,333.08,1.0000,0.0550,0.002484,4.482
250992,520,433,953,215,60,143,352.18,0.8067,0.5457,0.196643,16,22,38,267.72,0.3899,0.1017,0.008239,4.235
251019,520,420,940,253,4,13,28.62,0.9986,0.5650,0.210024,2,5,88,265.43,0.9914,0.1143,0.008260,4.463
251022,520,336,856,223,83,238,323.72,0.9215,0.6355,0.280495,27,46,78,260.28,0.5351,0.2010,0.027370,4.272
251024,520,390,910,172,104,236,305.39,0.8152,0.5929,0.247279,50,31,0,75.96,1.0000,0.1538,0.016582,4.465
251027,520,437,957,192,25,255,312.90,1.0000,0.5546,0.191230,18,6,60,283.22,0.8982,0.0912,0.005851,4.319
251031,520,460,980,201,40,189,331.64,0.8920,0.5278,0.176110,11,12,15,270.96,0.1049,0.0623,0.003686,4.212
251035,520,319,839,248,87,179,348.83,0.9227,0.6490,0.300305,53,53,34,108.04,0.3135,0.2233,0.034186,4.161
251060,520,474,994,191,57,186,329.53,0.8151,0.5229,0.175493,3,1,24,279.46,0.9313,0.0339,0.001070,4.415
251092,520,453,973,211,73,0,40.07,1.0000,0.5252,0.186163,17,3,45,291.73,0.8831,0.0700,0.003738,4.395
251102,520,290,810,253,82,227,334.62,0.9893,0.6754,0.324663,58,48,85,295.16,0.4221,0.2392,0.036693,4.322
251111,520,424,944,173,81,238,307.96,0.8782,0.5608,0.209429,33,8,63,298.50,0.8303,0.1140,0.008559,4.430
251115,520,441,961,229,57,6,34.21,0.9924,0.5420,0.196003,23,18,16,43.02,0.1287,0.0883,0.006522,4.352
251121,520,474,994,215,41,114,1.90,0.8739,0.5180,0.172503,0,3,15,257.67,1.0000,0.0302,0.000996,4.363
251144,520,379,899,246,48,149,355.81,0.9280,0.5961,0.238799,23,37,58,258.28,0.4379,0.1597,0.018107,4.240
251145,520,474,994,209,47,141,350.44,0.8353,0.5217,0.175136,6,1,13,306.73,0.7634,0.0302,0.000895,4.424
251149,520,431,951,202,16,231,321.04,0.9858,0.5481,0.186983,17,11,61,279.78,0.8475,0.0989,0.006954,4.161
251150,520,410,930,161,91,248,300.53,0.9227,0.5677,0.218369,47,20,28,2.31,0.4599,0.1309,0.011886,4.337
251153,520,330,850,233,118,54,46.81,0.8627,0.6381,0.305494,56,48,15,95.66,0.6641,0.2090,0.029892,4.450
251154,520,218,738,248,136,250,326.58,0.9745,0.7525,0.444691,47,81,15,133.32,0.9340,0.3016,0.065235,4.293
251162,520,383,903,239,10,215,334.09,0.9943,0.6005,0.234769,21,34,62,264.05,0.5290,0.1529,0.016512,4.281
251164,520,457,977,144,81,245,296.24,0.9155,0.5300,0.184069,5,11,31,266.78,0.6410,0.0637,0.003705,4.358
251165,520,425,945,234,33,142,354.95,0.9381,0.5610,0.205361,27,25,10,101.72,0.4485,0.1092,0.009502,4.292
251167,520,397,917,248,39,88,15.78,0.9587,0.5758,0.221156,51,1,68,314.99,0.9630,0.1378,0.011430,4.414
251173,520,322,842,211,118,212,326.77,0.7168,0.6529,0.315607,42,54,5,122.89,0.9114,0.2102,0.031415,4.491
251189,520,398,918,243,57,78,20.57,0.9311,0.5771,0.225343,35,7,85,289.67,0.9217,0.1389,0.011651,4.466
251199,520,419,939,192,47,249,313.57,0.9694,0.5619,0.200803,29,25,17,84.43,0.2290,0.1131,0.009970,4.182
251203,520,429,949,181,52,246,310.77,0.9521,0.5468,0.189345,44,9,8,25.55,0.7432,0.1013,0.007485,4.164
251204,520,441,961,237,25,70,18.97,0.9751,0.5425,0.191452,34,1,50,311.74,0.9421,0.0935,0.005921,4.318
251207,520,429,949,218,38,180,338.92,0.9143,0.5518,0.195893,4,20,55,262.08,0.8627,0.1020,0.008019,4.238
251218,520,468,988,202,68,116,2.09,0.7364,0.5206,0.179537,17,2,1,31.81,0.8077,0.0412,0.001648,4.444
251227,520,409,929,194,93,179,333.29,0.6648,0.5704,0.225541,36,28,24,48.07,0.1691,0.1314,0.012715,4.394
251230,520,327,847,224,85,247,321.68,0.9581,0.6451,0.290616,79,18,81,326.61,0.7643,0.2149,0.026892,4.430
251237,520,473,993,194,8,210,324.07,0.9876,0.5163,0.162977,3,3,16,278.98,0.6465,0.0343,0.001219,4.158
251241,520,404,924,246,0,146,355.19,1.0000,0.5765,0.216715,33,24,41,308.08,0.3421,0.1253,0.011367,4.346
251255,520,399,919,208,64,214,326.25,0.8769,0.5759,0.219335,61,1,46,341.20,0.9240,0.1401,0.012112,4.336
251298,520,444,964,182,62,225,315.42,0.8762,0.5409,0.188277,39,4,2,30.32,0.9045,0.0825,0.005226,4.315
251305,520,452,972,195,82,115,4.49,0.6465,0.5274,0.188762,11,15,24,265.79,0.2880,0.0730,0.004787,4.358
251319,520,350,870,209,89,247,317.08,0.9447,0.6280,0.274169,75,26,2,43.62,0.9308,0.1879,0.022393,4.478
251326,520,425,945,217,61,157,347.34,0.8170,0.5565,0.205258,7,30,21,165.05,0.6933,0.1110,0.010278,4.235
251347,520,419,939,248,8,82,15.81,0.9945,0.5629,0.207429,34,15,48,308.46,0.6207,0.1129,0.008952,4.367
251355,520,307,827,201,130,220,318.96,0.6887,0.6653,0.335511,52,55,48,126.07,0.1048,0.2322,0.036758,4.444
251359,520,418,938,213,65,179,338.53,0.8188,0.5646,0.211835,0,16,81,263.54,1.0011,0.1195,0.009646,4.390
251363,520,373,893,188,90,248,310.03,0.9352,0.6008,0.247819,49,28,42,340.16,0.3597,0.1564,0.016507,4.478
251366,520,405,925,255,33,46,26.07,1.0000,0.5805,0.225488,6,25,71,263.50,0.8867,0.1298,0.011888,4.451
251387,520,321,841,253,2,248,329.45,0.9996,0.6454,0.277065,43,52,24,123.77,0.5207,0.2076,0.030355,4.070
251389,520,429,949,246,16,43,25.28,0.9919,0.5546,0.201414,31,16,26,340.16,0.3581,0.0977,0.007365,4.383
251390,520,430,950,178,66,235,311.49,0.8925,0.5470,0.193605,35,13,37,324.15,0.5672,0.1036,0.007788,4.216
251401,520,39,559,251,236,243,347.42,0.6673,0.9498,0.869716,46,121,119,192.72,0.6722,0.4548,0.155869,4.467
251410,520,390,910,232,2,225,330.02,0.9989,0.5929,0.226380,38,7,93,289.11,0.9352,0.1519,0.013543,4.349
251425,520,468,988,230,19,6,29.64,0.9943,0.5189,0.173050,8,4,4,18.81,0.2283,0.0372,0.001472,4.333
251428,520,368,888,210,110,144,359.66,0.5876,0.6076,0.268689,14,47,25,151.80,0.8252,0.1708,0.021965,4.428
251446,520,373,893,235,95,3,43.86,0.9954,0.6008,0.258560,22,45,0,133.01,1.0000,0.1644,0.020473,4.378
251449,520,421,941,156,87,253,298.35,0.9762,0.5597,0.209764,34,22,13,57.71,0.3687,0.1109,0.009430,4.371
251451,520,305,825,225,101,248,321.11,0.9568,0.6673,0.320940,51,52,56,274.76,0.0557,0.2258,0.034453,4.392
251461,520,459,979,181,57,222,316.10,0.8818,0.5320,0.180251,0,14,17,209.29,1.0000,0.0589,0.003545,4.300
251464,520,375,895,252,52,106,11.80,0.9746,0.5968,0.241956,27,38,43,227.51,0.2127,0.1572,0.017936,4.298
251483,520,359,879,223,59,245,322.61,0.9589,0.6166,0.254105,77,12,29,11.09,0.8023,0.1777,0.019297,4.388
251485,520,142,662,216,201,223,315.20,0.3154,0.8310,0.617002,35,102,3,138.91,0.9962,0.3638,0.098663,4.487
251486,520,478,998,209,60,39,31.20,0.9086,0.5073,0.169358,4,1,5,320.09,0.5789,0.0237,0.000585,4.336
251516,520,322,842,233,78,241,325.83,0.9447,0.6474,0.291256,73,33,56,346.25,0.5022,0.2115,0.027899,4.381
251519,520,476,996,181,68,164,334.08,0.7205,0.5058,0.166397,3,1,4,316.91,0.5138,0.0217,0.000498,4.285
251532,520,463,983,183,32,238,313.85,0.9628,0.5293,0.172745,6,12,0,126.75,1.0000,0.0535,0.003017,4.201
251543,520,450,970,235,30,38,26.77,0.9769,0.5363,0.187338,13,2,52,282.51,0.9558,0.0714,0.003769,4.414
251548,520,345,865,250,35,221,335.12,0.9808,0.6318,0.267496,27,34,98,272.51,0.7934,0.1887,0.022588,4.374
251556,520,416,936,253,24,22,28.71,0.9931,0.5706,0.215976,19,13,79,276.36,0.9121,0.1234,0.009908,4.440
251571,520,468,988,162,73,217,309.69,0.8104,0.5189,0.174569,9,5,4,38.48,0.2178,0.0409,0.001754,4.339
251574,520,461,981,169,60,239,308.05,0.9140,0.5310,0.178995,28,0,3,17.07,1.0000,0.0546,0.002535,4.359
251575,520,477,997,149,65,243,300.09,0.9257,0.5131,0.166415,3,1,0,66.15,1.0000,0.0193,0.000411,4.293
251585,520,407,927,209,21,239,320.99,0.9849,0.5675,0.203254,41,23,21,26.56,0.3338,0.1253,0.011384,4.126
251586,520,358,878,228,51,242,324.74,0.9620,0.6166,0.252747,31,1,125,276.32,0.9977,0.1813,0.017936,4.456
251596,520,420,940,213,10,223,325.85,0.9914,0.5595,0.196929,31,23,0,91.86,1.0000,0.1068,0.009041,4.182
251629,520,415,935,240,13,153,351.98,0.9849,0.5701,0.211162,29,29,2,109.55,0.8748,0.1209,0.011443,4.250
251645,520,186,706,247,183,16,82.69,0.9857,0.7869,0.536807,8,95,29,145.93,0.9908,0.3348,0.083244,4.404
251649,520,410,930,224,85,46,36.13,0.8877,0.5687,0.225442,47,17,40,337.09,0.5616,0.1309,0.011585,4.473
251661,520,295,815,200,129,245,310.94,0.8646,0.6763,0.345733,60,57,1,106.31,0.9796,0.2381,0.038892,4.452
251668,520,474,994,219,18,137,352.91,0.9563,0.5228,0.173014,1,2,16,269.50,0.8603,0.0289,0.000873,4.384
251671,520,437,957,193,19,251,314.12,0.9879,0.5506,0.187696,37,7,12,13.19,0.6681,0.0863,0.005719,4.266
251677,520,479,999,196,52,160,339.97,0.8038,0.5115,0.167316,2,0,0,29.23,1.0000,0.0120,0.000129,4.335
251702,520,346,866,236,46,242,326.77,0.9722,0.6267,0.262002,41,21,107,284.48,0.8675,0.1876,0.020692,4.414
251711,520,454,974,171,49,251,306.81,0.9770,0.5341,0.178203,18,11,12,9.01,0.1918,0.0659,0.003945,4.230
251715,520,479,999,187,40,193,326.35,0.8819,0.5060,0.159341,0,0,2,264.05,1.0000,0.0079,0.000044,4.183
251716,520,382,902,211,109,119,15.11,0.6021,0.5994,0.261200,4,46,3,142.38,0.9876,0.1597,0.019863,4.454
251731,520,439,959,238,19,95,11.03,0.9780,0.5477,0.194723,15,20,32,266.62,0.3214,0.0924,0.007061,4.289
251741,520,390,910,221,84,151,353.11,0.7458,0.5878,0.239495,36,28,65,290.83,0.5462,0.1539,0.015872,4.395
251749,520,427,947,207,58,193,332.15,0.8510,0.5553,0.201437,35,9,41,319.68,0.6831,0.1000,0.007128,4.401
251759,520,436,956,241,29,22,29.02,0.9830,0.5473,0.196408,3,15,58,264.79,0.9173,0.0935,0.006665,4.349
251775,520,410,930,216,61,193,334.71,0.8604,0.5735,0.217888,39,21,40,325.04,0.4275,0.1261,0.011209,4.377
251803,520,401,921,242,64,31,32.51,0.9639,0.5759,0.226463,11,29,71,263.86,0.7961,0.1416,0.014047,4.317
251819,520,421,941,188,84,207,321.21,0.7673,0.5643,0.215382,43,17,7,41.60,0.6457,0.1127,0.009299,4.475
251829,520,352,872,254,22,202,340.80,0.9941,0.6234,0.259123,82,5,48,353.51,0.8589,0.1895,0.021161,4.344
251841,520,427,947,179,84,218,314.76,0.7908,0.5586,0.209873,33,13,42,314.18,0.6066,0.1039,0.007784,4.497
251862,520,404,924,212,14,252,318.96,0.9936,0.5807,0.213412,56,13,9,28.80,0.7894,0.1305,0.011485,4.284
251866,520,475,995,226,35,64,20.69,0.9510,0.5236,0.177439,11,0,15,319.89,1.0000,0.0340,0.001056,4.455
251880,520,434,954,242,29,35,27.32,0.9816,0.5503,0.198807,12,6,75,273.13,0.9678,0.1041,0.007164,4.353
251889,520,451,971,209,43,190,333.56,0.8959,0.5446,0.190028,13,15,11,129.07,0.1460,0.0696,0.004514,4.403
251900,520,447,967,175,69,228,311.94,0.8607,0.5407,0.189725,24,0,56,295.26,1.0000,0.0838,0.004797,4.375
251923,520,458,978,235,19,64,20.10,0.9831,0.5349,0.185013,25,4,11,359.69,0.6324,0.0607,0.003177,4.419
251927,520,293,813,254,76,243,330.65,0.9961,0.6802,0.327137,31,67,8,136.33,0.9658,0.2446,0.043230,4.045
251934,520,421,941,240,35,97,11.65,0.9515,0.5594,0.205937,27,0,74,288.45,1.0000,0.1080,0.007274,4.469
251943,520,452,972,209,36,180,336.55,0.9056,0.5341,0.181144,17,5,39,294.79,0.7797,0.0684,0.003742,4.301
251961,520,13,533,232,255,252,187.34,1.0000,0.9796,0.957033,24,135,50,146.39,0.9806,0.4739,0.177517,4.426
251963,520,411,931,232,13,177,342.87,0.9840,0.5661,0.206208,21,21,62,278.29,0.6873,0.1216,0.010435,4.239
251981,520,319,839,253,47,240,331.19,0.9924,0.6548,0.292100,16,61,40,159.39,0.8392,0.2229,0.036007,3.978
251992,520,423,943,247,33,13,30.11,0.9908,0.5616,0.208945,39,4,55,312.36,0.8528,0.1100,0.007940,4.469
252010,520,441,961,236,16,97,9.97,0.9807,0.5431,0.190697,25,9,43,301.99,0.6987,0.0877,0.005765,4.316
252011,520,467,987,161,61,234,306.39,0.8928,0.5166,0.168557,0,6,21,254.32,0.9999,0.0419,0.001844,4.216
252027,520,480,1000,148,72,235,300.60,0.8775,0.5136,0.169291,0,0,0,0.00,0.0000,0.0000,0.000000,4.386
252038,520,345,865,233,51,253,323.47,0.9923,0.6325,0.267855,19,25,121,269.37,0.9527,0.1935,0.022140,4.406
252048,520,336,856,255,28,225,335.20,1.0000,0.6403,0.275300,20,57,4,138.28,0.9821,0.2044,0.030836,4.024
252050,520,352,872,224,45,255,320.90,1.0000,0.6155,0.249461,67,21,75,321.42,0.7108,0.1932,0.022378,4.137
252057,520,437,957,241,23,48,24.51,0.9846,0.5469,0.195303,25,12,42,300.97,0.6248,0.0918,0.006368,4.352
252094,520,413,933,248,14,103,9.63,0.9883,0.5691,0.212534,31,29,1,105.79,0.9353,0.1230,0.011722,4.253
252105,520,459,979,180,6,249,311.07,0.9958,0.5252,0.166741,25,5,17,344.97,0.5960,0.0649,0.003557,4.047
252107,520,463,983,156,71,248,300.98,0.9467,0.5338,0.183521,13,3,19,313.22,0.6537,0.0462,0.001977,4.493
252109,520,414,934,221,52,188,337.46,0.8889,0.5715,0.214613,40,5,68,303.78,0.8853,0.1249,0.009770,4.427
252122,520,400,920,219,2,245,322.29,0.9990,0.5846,0.216981,45,27,15,53.95,0.4560,0.1390,0.013763,4.187
252124,520,341,861,204,127,135,13.19,0.4769,0.6277,0.297669,3,53,62,213.42,0.9231,0.2016,0.029132,4.394
252140,520,477,997,213,54,69,20.95,0.8747,0.5132,0.172166,3,1,10,295.26,0.7289,0.0249,0.000630,4.388
252142,520,454,974,224,6,145,351.05,0.9878,0.5333,0.180246,8,15,24,254.64,0.3564,0.0708,0.004592,4.218
252149,520,422,942,213,46,199,332.02,0.9061,0.5594,0.202257,41,10,34,337.43,0.6415,0.1068,0.008041,4.346
252158,520,445,965,220,30,163,344.65,0.9289,0.5420,0.187910,10,20,5,134.93,0.6683,0.0789,0.005758,4.267
252161,520,385,905,239,80,46,33.66,0.9263,0.5896,0.242884,26,36,30,158.43,0.2198,0.1451,0.015751,4.454
252188,520,431,951,171,90,205,314.84,0.7152,0.5478,0.203788,30,2,62,297.70,0.9450,0.1009,0.006672,4.478
252190,520,14,534,254,249,223,98.05,0.9019,0.9758,0.941502,8,135,53,147.90,0.9944,0.4721,0.176358,4.380
252200,520,360,880,236,58,216,333.25,0.9366,0.6186,0.258195,53,35,45,344.93,0.2719,0.1795,0.021485,4.311
252206,520,470,990,222,3,122,358.49,0.9933,0.5190,0.170026,10,0,26,300.19,1.0000,0.0402,0.001391,4.281
252219,520,443,963,208,78,105,10.92,0.7204,0.5411,0.198807,9,20,15,164.18,0.3708,0.0808,0.005929,4.449
252222,520,376,896,250,11,166,350.00,0.9916,0.5951,0.233199,42,20,83,293.74,0.7703,0.1617,0.016171,4.280
252229,520,362,882,215,117,94,34.26,0.6457,0.6140,0.279798,15,47,49,200.90,0.6067,0.1800,0.023562,4.483
252230,520,460,980,199,2,220,322.96,0.9976,0.5313,0.173545,2,0,53,267.60,1.0000,0.0598,0.002699,4.242
252231,520,411,931,251,17,40,25.99,0.9925,0.5653,0.210671,51,14,6,34.47,0.7800,0.1217,0.010311,4.322
252244,520,433,953,170,63,252,305.46,0.9785,0.5466,0.191300,41,13,7,34.10,0.6628,0.1019,0.007747,4.179
252278,520,474,994,113,87,254,283.38,0.9912,0.5151,0.174824,2,0,22,277.73,1.0000,0.0281,0.000708,4.434
252279,520,477,997,208,47,129,354.93,0.8307,0.5147,0.170301,0,2,3,218.80,1.0000,0.0204,0.000500,4.362
252291,520,318,838,232,124,125,20.43,0.7099,0.6599,0.330541,11,58,71,220.84,0.7883,0.2248,0.035520,4.450
252303,520,463,983,190,43,215,321.15,0.9130,0.5291,0.175826,4,11,11,195.76,0.3470,0.0528,0.002893,4.269
252305,520,436,956,239,21,91,12.56,0.9766,0.5495,0.196456,19,22,17,132.79,0.1525,0.0947,0.007527,4.284
252335,520,452,972,230,25,62,20.65,0.9731,0.5263,0.178691,2,13,37,259.89,0.8375,0.0700,0.004343,4.208
252338,520,315,835,222,96,251,319.68,0.9739,0.6583,0.308621,52,52,40,107.50,0.1881,0.2210,0.033393,4.300
252352,520,463,983,223,41,86,13.86,0.9136,0.5259,0.179485,8,9,8,145.41,0.0570,0.0508,0.002645,4.359
252369,520,450,970,199,61,189,331.04,0.8198,0.5423,0.191554,13,14,29,279.67,0.4016,0.0750,0.004883,4.401
252373,520,475,995,196,42,186,331.11,0.8737,0.5185,0.169386,7,3,4,359.82,0.2818,0.0333,0.001191,4.286
252375,520,425,945,233,38,124,1.35,0.9232,0.5551,0.201681,5,20,64,264.62,0.8902,0.1111,0.009027,4.264
252377,520,419,939,242,37,44,26.47,0.9713,0.5554,0.203856,30,24,21,48.18,0.1392,0.1129,0.009834,4.243
252387,520,351,871,254,24,210,338.73,0.9946,0.6284,0.263806,31,6,129,275.38,0.9878,0.1911,0.020064,4.479
252401,520,408,928,162,103,218,305.67,0.7177,0.5667,0.224443,27,24,59,284.04,0.5746,0.1310,0.012020,4.425
252405,520,409,929,208,68,200,330.29,0.8366,0.5713,0.217161,56,7,36,349.12,0.7640,0.1316,0.011202,4.365
252408,520,444,964,217,61,100,10.63,0.8202,0.5354,0.190118,25,10,25,327.04,0.4725,0.0778,0.004940,4.371
252416,520,412,932,227,68,131,0.63,0.8155,0.5715,0.221065,38,26,6,78.24,0.6633,0.1248,0.011640,4.398
252419,520,248,768,236,136,216,334.82,0.8314,0.7197,0.404010,24,77,18,141.66,0.9604,0.2760,0.055454,4.305
252428,520,437,957,227,17,156,348.28,0.9696,0.5470,0.191348,0,14,56,261.82,1.0000,0.0876,0.005996,4.310
252441,520,377,897,195,102,198,326.13,0.6821,0.5964,0.251833,47,33,24,53.94,0.3007,0.1587,0.017581,4.466
252454,520,427,947,179,68,242,310.10,0.9199,0.5563,0.201296,7,25,29,213.92,0.5301,0.0991,0.008291,4.311
252473,520,430,950,220,29,186,337.51,0.9469,0.5541,0.196419,23,24,19,116.45,0.1306,0.1045,0.008824,4.189
252482,520,412,932,228,28,180,341.22,0.9548,0.5651,0.206224,49,15,24,6.20,0.5861,0.1240,0.010607,4.228
252492,520,330,850,226,84,238,324.55,0.9242,0.6412,0.286845,18,58,7,139.88,0.9732,0.2072,0.031699,4.123
252513,520,456,976,159,78,232,304.58,0.8518,0.5334,0.186464,8,13,12,181.93,0.1700,0.0611,0.003660,4.407
252516,520,385,905,216,22,252,319.89,0.9892,0.5895,0.222029,56,25,24,23.02,0.4871,0.1546,0.016021,4.120
252519,520,458,978,221,48,96,10.76,0.8785,0.5298,0.183332,14,5,26,301.90,0.6424,0.0558,0.002765,4.422
252521,520,407,927,230,50,158,349.45,0.8873,0.5712,0.215755,32,23,55,294.25,0.5360,0.1310,0.011957,4.289
252531,520,419,939,209,74,165,342.97,0.7594,0.5608,0.211715,52,1,30,351.41,0.9089,0.1130,0.008456,4.477
252553,520,279,799,231,140,112,37.88,0.6840,0.6853,0.369171,30,68,31,144.23,0.8211,0.2505,0.045091,4.408
252567,520,469,989,211,4,175,338.36,0.9909,0.5230,0.170331,14,0,24,311.09,1.0000,0.0431,0.001593,4.271
252590,520,361,881,247,14,218,335.14,0.9938,0.6177,0.251533,0,15,128,264.20,0.9890,0.1822,0.019000,4.370
252598,520,424,944,244,31,55,23.70,0.9764,0.5576,0.204924,14,23,44,265.27,0.5028,0.1066,0.008880,4.330
252609,520,341,861,237,77,204,337.21,0.8916,0.6312,0.276745,26,55,19,139.80,0.8489,0.2028,0.029989,4.085
252627,520,457,977,166,61,246,305.52,0.9444,0.5339,0.180989,3,6,36,269.38,0.8848,0.0556,0.002770,4.377
252636,520,471,991,206,74,39,35.50,0.8804,0.5193,0.181680,18,2,2,24.12,0.7505,0.0430,0.001764,4.476
252639,520,75,595,252,229,143,94.90,0.8996,0.9094,0.787184,24,120,38,144.90,0.9786,0.4231,0.137665,4.461
252650,520,477,997,68,103,247,268.21,0.9646,0.5065,0.176439,0,0,15,264.05,1.0000,0.0196,0.000345,4.498
252661,520,337,857,209,112,206,328.35,0.7079,0.6369,0.296014,40,52,2,122.87,0.9617,0.2018,0.029115,4.374
252663,520,410,930,226,66,125,2.60,0.8192,0.5654,0.215485,3,29,62,255.62,0.8722,0.1300,0.012458,4.251
252667,520,430,950,230,24,152,350.42,0.9561,0.5534,0.197461,8,28,0,136.11,1.0000,0.1004,0.008821,4.207
252681,520,441,961,227,60,2,35.19,0.9972,0.5409,0.195698,38,5,18,359.45,0.7178,0.0867,0.005643,4.416
252684,520,397,917,230,26,204,334.88,0.9725,0.5818,0.219240,32,33,2,111.35,0.8974,0.1357,0.013992,4.207
252715,520,278,798,223,115,253,318.48,0.9833,0.6876,0.350429,21,71,22,143.53,0.9470,0.2549,0.047237,4.118
252721,520,418,938,245,34,36,27.63,0.9780,0.5592,0.206874,24,22,53,283.41,0.5526,0.1190,0.010250,4.263
252760,520,453,973,231,35,7,30.89,0.9930,0.5288,0.182094,4,4,53,269.98,0.9680,0.0692,0.003697,4.322
252768,520,368,888,250,14,190,343.13,0.9914,0.6074,0.243591,60,28,16,40.89,0.5884,0.1658,0.018287,4.299
252793,520,385,905,229,5,227,328.83,0.9971,0.5895,0.223151,4,40,35,181.72,0.8744,0.1468,0.016647,4.098
252795,520,441,961,195,54,209,323.98,0.8757,0.5419,0.188454,9,20,33,253.39,0.4606,0.0888,0.006682,4.207
252799,520,443,963,195,4,242,316.76,0.9971,0.5426,0.181012,37,2,13,4.57,0.8271,0.0781,0.004659,4.226
252809,520,396,916,235,9,200,337.06,0.9926,0.5839,0.220305,15,15,96,270.80,0.9576,0.1444,0.012876,4.299
252811,520,464,984,228,22,11,29.50,0.9894,0.5160,0.170950,13,3,17,317.28,0.6243,0.0452,0.001912,4.256
252813,520,392,912,209,67,229,322.47,0.9016,0.5906,0.232285,35,2,98,285.66,0.9850,0.1495,0.012826,4.493
252822,520,357,877,249,17,213,336.84,0.9919,0.6190,0.253479,18,12,125,269.67,0.9844,0.1819,0.018721,4.416
252867,520,183,703,251,160,241,330.80,0.9756,0.7933,0.520037,2,94,29,146.53,0.9976,0.3304,0.081067,4.349
252880,520,358,878,245,79,146,359.68,0.8889,0.6216,0.270829,1,50,39,172.94,0.9837,0.1805,0.024340,4.316
252888,520,433,953,207,91,75,29.96,0.7232,0.5519,0.212576,24,21,35,293.66,0.3053,0.1048,0.008519,4.487
252895,520,471,991,217,50,69,20.50,0.8954,0.5174,0.174651,11,0,29,298.60,1.0000,0.0436,0.001599,4.354
252900,520,398,918,234,58,153,352.62,0.8731,0.5830,0.228213,9,22,85,267.18,0.9248,0.1397,0.012877,4.425
252907,520,316,836,223,96,245,321.49,0.9421,0.6559,0.306481,97,16,19,24.72,0.8953,0.2232,0.029594,4.479
252920,520,407,927,224,28,197,335.35,0.9607,0.5675,0.207115,44,12,51,320.00,0.7018,0.1252,0.010375,4.259
252942,520,436,956,231,54,53,26.53,0.9306,0.5466,0.198873,28,10,35,315.64,0.5986,0.0875,0.005853,4.456
252965,520,464,984,187,53,202,323.50,0.8554,0.5231,0.173766,0,11,19,232.27,1.0000,0.0525,0.002863,4.233
252977,520,414,934,206,87,157,346.70,0.6870,0.5696,0.223744,16,30,30,195.85,0.3137,0.1196,0.011324,4.464
252984,520,479,999,212,13,153,345.67,0.9655,0.5149,0.165871,1,0,5,292.48,1.0000,0.0142,0.000174,4.302
252997,520,475,995,227,39,19,30.41,0.9781,0.5234,0.178319,1,3,5,238.36,0.4381,0.0266,0.000825,4.492
253005,520,430,950,162,76,250,302.16,0.9564,0.5495,0.197528,15,27,11,138.20,0.5631,0.1040,0.009096,4.189
253027,520,334,854,251,59,197,342.18,0.9716,0.6351,0.276716,75,32,29,25.77,0.5605,0.2033,0.026178,4.289
253028,520,394,914,245,22,165,349.46,0.9772,0.5878,0.227062,42,29,26,33.32,0.2267,0.1424,0.014456,4.298
253029,520,321,841,245,75,216,335.64,0.9442,0.6490,0.294053,39,54,11,126.68,0.8296,0.2081,0.030938,4.251
253039,520,442,962,220,65,89,16.29,0.8306,0.5427,0.197201,10,12,49,274.32,0.7943,0.0836,0.005492,4.455
253042,520,472,992,226,23,70,17.84,0.9702,0.5185,0.172266,8,2,12,314.58,0.6180,0.0349,0.001216,4.340
253064,520,461,981,214,58,112,4.57,0.8121,0.5302,0.184945,1,9,21,249.14,0.7648,0.0500,0.002560,4.470
253065,520,340,860,190,115,252,307.20,0.9517,0.6443,0.302376,5,58,2,141.95,0.9946,0.2022,0.030626,4.370
253067,520,436,956,186,50,238,314.14,0.9308,0.5460,0.188945,23,13,46,293.63,0.6487,0.0943,0.006673,4.216
253069,520,411,931,211,77,169,342.18,0.7590,0.5699,0.220232,10,30,46,245.12,0.5816,0.1244,0.011903,4.365
253070,520,453,973,201,78,98,13.45,0.6998,0.5267,0.187501,0,17,30,239.50,1.0000,0.0732,0.004946,4.322
253109,520,467,987,215,59,58,25.75,0.8847,0.5204,0.178830,5,6,10,271.39,0.2095,0.0416,0.001844,4.414
253126,520,468,988,197,62,162,339.91,0.7726,0.5246,0.179259,7,2,26,289.57,0.8277,0.0423,0.001632,4.440
253147,520,445,965,211,68,110,6.66,0.7678,0.5351,0.191112,8,20,18,182.59,0.3743,0.0811,0.005956,4.309
253163,520,376,896,252,71,0,35.96,1.0000,0.6016,0.252055,49,30,39,349.68,0.3011,0.1596,0.017281,4.489
253189,520,467,987,217,16,146,349.29,0.9607,0.5222,0.172001,3,7,10,232.68,0.3281,0.0422,0.001932,4.275
253205,520,472,992,228,29,43,25.52,0.9731,0.5214,0.175501,11,1,8,336.75,0.7125,0.0337,0.001104,4.413
253212,520,466,986,213,63,41,31.37,0.9063,0.5188,0.178637,3,3,39,271.26,0.9509,0.0518,0.002310,4.371
253221,520,235,755,231,159,169,10.13,0.5724,0.7384,0.446515,6,81,62,169.65,0.9635,0.2945,0.062711,4.405
253240,520,247,767,245,116,246,327.18,0.9598,0.7157,0.385594,43,67,84,240.18,0.3571,0.2754,0.051678,4.284
253241,520,376,896,250,63,87,19.23,0.9631,0.5979,0.245706,43,33,32,24.87,0.1531,0.1558,0.017056,4.410
253253,520,423,943,166,82,246,303.72,0.9210,0.5593,0.207959,29,10,61,294.28,0.8014,0.1098,0.008152,4.436
253269,520,436,956,206,56,183,335.01,0.8385,0.5458,0.193710,7,25,11,149.45,0.7277,0.0929,0.007646,4.228
253270,520,357,877,244,60,186,343.94,0.9228,0.6179,0.260130,20,36,86,266.85,0.7509,0.1772,0.020823,4.379
253272,520,471,991,196,34,203,326.26,0.9253,0.5246,0.171933,12,4,0,65.82,1.0000,0.0399,0.001650,4.297
253276,520,300,820,213,110,253,315.54,0.9803,0.6666,0.323912,17,47,115,263.28,0.8713,0.2303,0.033898,4.457
253280,520,455,975,217,61,97,11.88,0.8233,0.5346,0.189547,1,11,28,253.94,0.8284,0.0585,0.003296,4.495
253285,520,427,947,242,41,37,28.14,0.9687,0.5572,0.206001,22,16,43,291.03,0.5515,0.0967,0.007156,4.479
253292,520,463,983,167,59,244,306.40,0.9365,0.5315,0.178757,7,0,36,283.86,1.0000,0.0459,0.001725,4.423
253299,520,398,918,214,71,189,335.59,0.8192,0.5782,0.224788,61,8,18,15.44,0.8140,0.1364,0.012096,4.425
253323,520,403,923,202,89,177,336.83,0.6998,0.5756,0.228773,19,27,60,270.56,0.6019,0.1320,0.012485,4.461
253337,520,334,854,254,95,40,37.90,0.9928,0.6364,0.294119,7,53,51,190.54,0.8514,0.1974,0.028303,4.395
253343,520,432,952,175,95,183,323.82,0.6234,0.5481,0.207182,3,20,57,261.65,0.8985,0.1033,0.008150,4.423
253370,520,470,990,228,29,29,28.05,0.9769,0.5202,0.174644,16,2,14,332.48,0.6842,0.0448,0.001853,4.332
253378,520,436,956,225,45,151,350.47,0.8861,0.5549,0.201213,26,17,14,39.23,0.2303,0.0890,0.006522,4.444
253381,520,468,988,148,78,230,300.91,0.8424,0.5178,0.174582,19,0,5,1.03,1.0000,0.0404,0.001494,4.361
253396,520,432,952,242,12,61,21.06,0.9922,0.5473,0.194805,38,2,49,316.93,0.8865,0.1005,0.006773,4.312
253398,520,446,966,218,25,164,343.73,0.9415,0.5364,0.182834,0,11,56,262.86,1.0002,0.0819,0.005248,4.214
253406,520,369,889,228,48,232,327.17,0.9576,0.6078,0.244364,12,43,57,231.12,0.6593,0.1705,0.021012,4.145
253427,520,472,992,133,85,240,292.50,0.8804,0.5193,0.177748,3,3,1,108.44,0.4204,0.0273,0.000867,4.477
253439,520,452,972,189,44,218,320.06,0.9146,0.5305,0.176835,38,1,0,30.82,1.0000,0.0747,0.004339,4.174
253444,520,446,966,228,47,62,22.90,0.9312,0.5358,0.188777,30,10,20,350.31,0.4845,0.0826,0.005436,4.307
253452,520,467,987,221,5,140,352.05,0.9886,0.5248,0.173768,0,6,14,240.96,1.0000,0.0381,0.001619,4.335
253456,520,446,966,222,3,173,341.65,0.9947,0.5427,0.186144,10,19,13,154.89,0.3331,0.0781,0.005593,4.248
253457,520,470,990,227,5,101,6.87,0.9918,0.5228,0.173819,15,1,12,334.93,0.7609,0.0402,0.001498,4.346
253462,520,448,968,183,69,204,321.06,0.8038,0.5352,0.186844,2,22,5,147.53,0.9568,0.0792,0.005977,4.231
253488,520,235,755,235,138,254,320.88,0.9919,0.7408,0.429966,30,82,10,139.04,0.9793,0.2949,0.063323,4.235
253490,520,396,916,204,48,242,318.47,0.9499,0.5757,0.213637,34,22,70,290.19,0.6831,0.1435,0.013561,4.148
253506,520,440,960,185,79,207,320.39,0.7805,0.5530,0.204124,28,15,24,338.74,0.3331,0.0908,0.006545,4.494
253512,520,381,901,254,43,131,2.96,0.9906,0.6019,0.244409,37,36,41,294.92,0.0873,0.1602,0.018152,4.320
253514,520,435,955,225,32,154,348.87,0.9274,0.5482,0.193763,26,11,46,299.87,0.6840,0.0944,0.006562,4.310
253518,520,476,996,145,82,221,301.09,0.7945,0.5128,0.172751,3,1,4,316.91,0.5138,0.0217,0.000498,4.411
253524,520,436,956,231,27,146,352.73,0.9490,0.5540,0.198510,39,6,19,359.43,0.6957,0.0905,0.006087,4.431
253531,520,390,910,235,0,206,335.46,1.0000,0.5858,0.221212,32,2,103,281.84,0.9891,0.1528,0.013297,4.285
253588,520,421,941,175,79,235,309.51,0.8688,0.5586,0.207049,44,12,26,355.62,0.5996,0.1111,0.008731,4.377
253597,520,322,842,244,100,154,359.62,0.8463,0.6495,0.306834,57,49,12,96.85,0.7357,0.2127,0.030931,4.409
253616,520,478,998,218,34,63,20.27,0.9442,0.5061,0.164110,4,1,1,21.00,0.4725,0.0215,0.000497,4.240
253621,520,410,930,252,11,53,23.41,0.9950,0.5673,0.211956,3,1,103,265.51,0.9988,0.1318,0.010202,4.351
253630,520,385,905,238,58,144,356.71,0.8820,0.5869,0.232199,52,27,8,55.32,0.6754,0.1488,0.015316,4.321
253650,520,464,984,198,48,176,334.89,0.8404,0.5206,0.172560,23,0,3,13.56,1.0000,0.0460,0.001888,4.289
253665,520,460,980,177,51,230,313.17,0.9109,0.5267,0.174289,7,10,24,272.16,0.4599,0.0589,0.003282,4.209
253666,520,447,967,222,54,94,12.54,0.8646,0.5365,0.189787,20,17,1,101.00,0.8669,0.0788,0.005518,4.319
253677,520,453,973,224,56,55,26.22,0.9135,0.5347,0.189542,7,3,56,273.47,0.9707,0.0731,0.003958,4.439
253704,520,428,948,201,58,210,325.41,0.8741,0.5561,0.200984,39,12,12,22.11,0.5804,0.0979,0.007209,4.387
253705,520,396,916,213,73,184,337.05,0.8015,0.5761,0.223739,59,8,46,340.37,0.7664,0.1439,0.013009,4.344
253721,520,468,988,229,31,19,29.52,0.9800,0.5227,0.176880,0,8,5,172.50,1.0000,0.0398,0.001846,4.376
253724,520,413,933,225,52,171,343.93,0.8786,0.5697,0.214063,7,9,85,268.32,0.9764,0.1181,0.008964,4.478
253769,520,357,877,241,11,242,328.12,0.9965,0.6219,0.253537,4,2,135,265.16,0.9987,0.1824,0.018183,4.452
253787,520,475,995,205,61,112,3.31,0.7752,0.5164,0.174886,5,4,2,89.26,0.2799,0.0332,0.001235,4.389
253798,520,384,904,252,60,46,29.19,0.9862,0.5931,0.241281,0,32,80,258.29,1.0000,0.1528,0.016121,4.405
253805,520,216,736,245,162,144,32.81,0.7802,0.7555,0.472690,35,84,19,139.16,0.9529,0.3048,0.067448,4.450
253829,520,350,870,217,101,200,333.33,0.7552,0.6281,0.282311,12,49,64,229.02,0.7126,0.1930,0.026448,4.347
253839,520,390,910,241,13,182,343.43,0.9885,0.5860,0.223691,69,0,40,352.34,1.0000,0.1529,0.014186,4.264
253842,520,396,916,208,32,250,318.13,0.9788,0.5789,0.213467,3,40,25,161.81,0.9440,0.1428,0.016071,3.988
253851,520,374,894,233,83,119,9.39,0.8069,0.5963,0.248448,20,42,35,171.30,0.4520,0.1609,0.019259,4.309
253855,520,459,979,192,81,128,356.24,0.6428,0.5255,0.186515,12,3,35,291.05,0.8341,0.0562,0.002646,4.493
253856,520,467,987,222,14,112,2.36,0.9715,0.5180,0.170162,0,4,19,257.91,1.0000,0.0354,0.001338,4.288
253867,520,456,976,154,84,228,302.86,0.8185,0.5326,0.188125,20,8,9,14.08,0.3516,0.0614,0.003421,4.457
253869,520,447,967,181,74,207,319.24,0.7927,0.5404,0.192274,30,5,27,332.59,0.6845,0.0773,0.004637,4.434
253870,520,381,901,253,0,160,352.26,1.0000,0.5963,0.234243,9,44,22,152.31,0.8950,0.1580,0.019173,4.109
253886,520,409,929,249,35,22,29.52,0.9833,0.5672,0.214034,22,14,84,277.41,0.9094,0.1331,0.011247,4.311
253888,520,468,988,208,73,35,35.91,0.8996,0.5213,0.182986,11,5,7,354.46,0.2680,0.0439,0.001950,4.485
253897,520,417,937,246,32,88,15.00,0.9671,0.5679,0.213339,41,12,55,312.68,0.7237,0.1236,0.010102,4.382
253903,520,430,950,164,95,217,307.98,0.7411,0.5547,0.210872,9,26,24,185.70,0.4693,0.1011,0.008628,4.450
253986,520,429,949,236,31,108,7.04,0.9501,0.5521,0.198987,16,21,43,272.25,0.4883,0.1025,0.008209,4.277
253994,520,446,966,226,9,147,350.87,0.9832,0.5388,0.184734,18,16,14,67.47,0.0801,0.0776,0.005309,4.244
254001,520,274,794,238,115,241,326.54,0.9311,0.7015,0.367916,36,66,29,139.84,0.7353,0.2472,0.043601,4.465
254006,520,405,925,232,49,161,348.83,0.8969,0.5755,0.219284,10,36,28,170.20,0.6551,0.1338,0.014101,4.201
254009,520,321,841,252,33,243,330.29,0.9896,0.6481,0.282573,73,31,54,348.07,0.5268,0.2068,0.026630,4.340
254012,520,398,918,236,78,51,32.16,0.9118,0.5820,0.235237,60,16,13,27.29,0.7439,0.1436,0.013605,4.485
254019,520,380,900,255,32,139,359.90,1.0000,0.6008,0.241608,25,42,19,137.95,0.5994,0.1597,0.019096,4.220
254023,520,466,986,166,93,155,332.81,0.5302,0.5168,0.183031,8,7,13,293.01,0.2418,0.0480,0.002326,4.453
254029,520,391,911,240,66,115,8.86,0.8796,0.5885,0.236626,51,26,18,38.49,0.4748,0.1468,0.014864,4.419
254030,520,468,988,218,53,53,26.05,0.9118,0.5196,0.177113,13,1,17,319.44,0.7938,0.0402,0.001478,4.412
254048,520,311,831,236,111,184,346.33,0.7951,0.6646,0.326648,7,61,36,157.46,0.9504,0.2189,0.035099,4.426
254052,520,369,889,214,106,139,2.29,0.6243,0.6052,0.264703,32,43,11,125.82,0.7277,0.1672,0.020590,4.458
254057,520,365,885,218,66,234,323.77,0.9231,0.6072,0.247443,72,15,1,36.10,0.9753,0.1651,0.017218,4.425
254058,520,374,894,219,24,255,319.97,1.0000,0.5975,0.229353,14,16,104,269.48,0.9662,0.1556,0.014633,4.322
254060,520,362,882,220,73,229,325.45,0.9058,0.6141,0.256399,59,17,79,312.43,0.7673,0.1780,0.018953,4.444
254073,520,480,1000,201,36,159,341.26,0.8703,0.5074,0.161844,0,0,0,0.00,0.0000,0.0000,0.000000,4.237
254079,520,392,912,210,79,210,327.76,0.8324,0.5932,0.239485,58,21,0,48.55,1.0000,0.1460,0.014360,4.498
254092,520,476,996,207,43,140,350.07,0.8449,0.5143,0.168888,4,0,13,300.75,1.0000,0.0244,0.000549,4.330
254104,520,441,961,212,60,140,352.65,0.7977,0.5389,0.191244,6,15,52,267.48,0.8479,0.0896,0.006283,4.286
254120,520,473,993,130,82,250,290.35,0.9553,0.5203,0.176824,4,0,15,297.18,1.0000,0.0257,0.000603,4.482
254126,520,422,942,190,82,205,322.63,0.7717,0.5632,0.213908,18,28,23,162.78,0.2565,0.1125,0.010209,4.383
254129,520,397,917,231,65,135,359.43,0.8386,0.5771,0.225216,54,10,56,326.09,0.7580,0.1433,0.012870,4.378
254134,520,390,910,233,72,129,3.16,0.8255,0.5862,0.235462,48,29,33,5.65,0.2914,0.1534,0.016170,4.314
254137,520,421,941,182,87,202,320.38,0.7316,0.5567,0.210268,12,28,20,161.03,0.4704,0.1073,0.009591,4.368
254151,520,374,894,252,64,58,27.38,0.9839,0.5982,0.246713,40,34,41,321.43,0.1443,0.1583,0.017553,4.392
254177,520,400,920,219,3,233,325.01,0.9981,0.5758,0.210105,8,14,97,267.63,0.9726,0.1409,0.012287,4.176
254180,520,392,912,172,94,254,302.91,0.9863,0.5903,0.239323,23,38,44,224.94,0.3017,0.1546,0.017502,4.286
254195,520,454,974,229,2,106,5.39,0.9967,0.5278,0.177450,29,8,6,28.50,0.5857,0.0732,0.004481,4.175
254196,520,285,805,247,92,250,327.02,0.9811,0.6900,0.343331,31,64,73,217.66,0.4738,0.2530,0.044390,4.167
254207,520,460,980,230,33,19,29.71,0.9801,0.5260,0.179608,8,4,39,280.43,0.8689,0.0583,0.002849,4.345
254225,520,374,894,223,81,182,340.94,0.8011,0.6012,0.249525,32,39,41,216.87,0.1154,0.1636,0.019182,4.330
254227,520,465,985,227,28,37,26.59,0.9757,0.5182,0.172979,3,8,26,264.97,0.6854,0.0525,0.002676,4.233
254228,520,365,885,253,22,175,348.12,0.9855,0.6079,0.245551,15,48,20,146.57,0.8808,0.1735,0.022659,4.068
254233,520,470,990,180,6,240,313.00,0.9948,0.5171,0.161259,3,8,6,170.84,0.3668,0.0432,0.002062,4.058
254236,520,381,901,248,27,179,346.00,0.9756,0.6020,0.239983,49,14,85,300.81,0.8279,0.1648,0.016230,4.378
254237,520,455,975,154,76,234,302.55,0.8645,0.5258,0.179798,4,7,42,270.11,0.8951,0.0638,0.003449,4.299
254239,520,345,865,236,57,239,327.37,0.9592,0.6321,0.269936,75,21,43,358.64,0.6663,0.1895,0.022068,4.439
254240,520,365,885,250,81,51,32.41,0.9703,0.6119,0.264513,21,44,45,199.23,0.4199,0.1719,0.021502,4.399
254243,520,435,955,214,66,139,354.20,0.7821,0.5486,0.200589,38,8,21,356.28,0.6323,0.0926,0.006399,4.443
254246,520,471,991,211,63,53,28.18,0.8751,0.5163,0.176633,7,1,30,287.49,0.9273,0.0429,0.001606,4.392
254254,520,450,970,211,2,204,330.17,0.9972,0.5410,0.182540,25,7,15,353.18,0.4991,0.0680,0.003931,4.312
254256,520,408,928,253,34,17,29.85,0.9929,0.5748,0.220709,54,13,7,31.37,0.8001,0.1262,0.010876,4.447
254258,520,472,992,178,80,160,335.01,0.6481,0.5157,0.177416,2,4,1,133.14,0.5926,0.0292,0.001019,4.457
254261,520,407,927,217,69,166,344.49,0.7996,0.5692,0.217634,45,20,22,15.76,0.4425,0.1255,0.011162,4.376
254280,520,365,885,227,22,255,321.94,1.0000,0.6100,0.241269,76,7,13,23.11,0.9211,0.1671,0.017178,4.336
254285,520,351,871,254,36,208,339.35,0.9942,0.6320,0.268900,0,28,119,263.54,1.0011,0.1887,0.021622,4.453
254286,520,447,967,229,0,139,354.03,1.0000,0.5394,0.185250,14,13,44,279.97,0.6690,0.0842,0.005630,4.229
254291,520,296,816,248,102,213,338.04,0.9467,0.6836,0.342660,16,52,112,260.18,0.8451,0.2396,0.037358,4.495
254305,520,423,943,219,69,139,355.74,0.7867,0.5610,0.211828,1,15,75,264.10,0.9614,0.1111,0.008560,4.471
254306,520,249,769,242,143,170,2.86,0.7444,0.7223,0.414267,0,76,74,191.73,1.0000,0.2816,0.056630,4.354
254321,520,14,534,252,249,237,95.22,0.6548,0.9781,0.945614,32,135,8,141.07,0.9953,0.4722,0.176518,4.395
254331,520,408,928,219,67,162,346.39,0.8075,0.5687,0.216853,33,31,8,104.35,0.6298,0.1321,0.013209,4.222
254344,520,460,980,212,12,177,338.05,0.9752,0.5279,0.174365,15,12,7,81.75,0.2312,0.0634,0.003798,4.170
254350,520,475,995,230,31,8,30.43,0.9921,0.5244,0.178235,0,0,31,264.05,1.0000,0.0336,0.000989,4.476
254352,520,444,964,220,56,117,3.34,0.8347,0.5413,0.193309,7,15,39,266.80,0.6572,0.0794,0.005333,4.397
254355,520,418,938,190,102,135,357.26,0.5239,0.5599,0.222006,38,19,44,317.68,0.5072,0.1230,0.010597,4.489
254358,520,336,856,187,119,234,309.84,0.7825,0.6360,0.296997,31,46,73,261.56,0.4440,0.2003,0.027263,4.491
254373,520,462,982,173,64,227,311.85,0.8699,0.5313,0.180980,8,8,18,283.20,0.3504,0.0524,0.002690,4.384
254378,520,429,949,216,3,196,333.58,0.9957,0.5450,0.186518,13,25,28,215.17,0.3098,0.1023,0.008646,4.033
254385,520,374,894,229,41,228,328.45,0.9646,0.6025,0.238477,49,11,81,303.50,0.8428,0.1575,0.014864,4.447
254397,520,424,944,217,79,110,10.13,0.7480,0.5600,0.214718,8,15,75,268.74,0.9373,0.1149,0.009012,4.486
254405,520,452,972,224,14,133,355.29,0.9715,0.5300,0.178575,13,14,25,279.62,0.3113,0.0728,0.004698,4.179
254411,520,264,784,254,97,249,329.04,0.9963,0.7060,0.364625,78,57,15,81.06,0.7558,0.2629,0.045806,4.328
254425,520,467,987,182,61,194,324.01,0.8064,0.5176,0.171789,11,2,12,324.67,0.6318,0.0381,0.001411,4.314
254433,520,463,983,135,93,230,293.55,0.8060,0.5266,0.186928,5,10,19,258.19,0.3971,0.0547,0.002964,4.473
254441,520,222,742,235,170,58,76.74,0.8608,0.7454,0.467191,42,81,39,142.41,0.7500,0.3018,0.065234,4.488
254447,520,473,993,219,52,58,24.46,0.9094,0.5213,0.178242,6,2,11,307.90,0.5912,0.0323,0.001063,4.470
254472,520,351,871,233,67,229,329.03,0.9338,0.6291,0.269975,82,9,41,0.62,0.8199,0.1899,0.021496,4.475
254475,520,476,996,153,56,249,301.02,0.9639,0.5139,0.164406,5,0,9,314.44,1.0000,0.0236,0.000520,4.244
254482,520,429,949,193,76,185,330.44,0.7491,0.5477,0.200106,38,12,34,333.63,0.5825,0.1048,0.007906,4.319
254493,520,347,867,248,85,132,6.66,0.9093,0.6294,0.281226,44,47,2,113.58,0.9436,0.1904,0.025729,4.374
254510,520,428,948,224,0,202,333.93,1.0000,0.5630,0.201140,28,13,47,301.03,0.6518,0.1009,0.007400,4.375
254511,520,452,972,126,91,254,287.16,0.9887,0.5341,0.190733,11,16,2,123.46,0.7555,0.0681,0.004461,4.420
254522,520,453,973,162,91,188,316.31,0.6408,0.5262,0.187951,19,4,45,294.09,0.8459,0.0739,0.004147,4.394
254557,520,476,996,173,66,202,318.29,0.7994,0.5148,0.170459,2,1,9,287.91,0.7237,0.0230,0.000543,4.362
254559,520,442,962,225,59,66,23.62,0.8952,0.5414,0.195316,36,4,10,12.04,0.7603,0.0789,0.004839,4.473
254590,520,414,934,249,40,31,28.95,0.9784,0.5706,0.217599,38,21,23,11.94,0.3148,0.1171,0.010103,4.452
254594,520,477,997,207,64,36,33.02,0.9079,0.5078,0.170618,0,0,16,264.05,1.0000,0.0204,0.000374,4.380
254629,520,458,978,180,78,177,328.69,0.6991,0.5253,0.183276,26,4,12,358.28,0.6448,0.0626,0.003330,4.374
254636,520,273,793,238,135,156,7.59,0.7172,0.6975,0.379077,13,67,89,230.63,0.8049,0.2638,0.048209,4.369
254638,520,428,948,225,13,188,338.04,0.9832,0.5590,0.199288,2,2,80,265.71,0.9958,0.0989,0.006354,4.424
254642,520,432,952,235,39,73,19.14,0.9488,0.5463,0.195974,19,12,56,283.38,0.7786,0.0973,0.006869,4.325
254648,520,474,994,225,40,41,27.05,0.9556,0.5216,0.176881,2,4,14,267.12,0.5804,0.0349,0.001314,4.421
254649,520,358,878,244,60,185,344.25,0.9221,0.6174,0.259706,77,10,45,354.35,0.7921,0.1818,0.019846,4.434
254658,520,354,874,251,21,201,340.42,0.9880,0.6170,0.252659,79,8,33,6.61,0.8384,0.1796,0.019460,4.357
254664,520,444,964,208,7,211,327.57,0.9914,0.5415,0.182670,2,11,57,265.23,0.9447,0.0844,0.005476,4.194
254676,520,419,939,243,23,81,16.21,0.9788,0.5563,0.202650,12,21,51,268.20,0.6555,0.1056,0.008535,4.316
254712,520,475,995,172,27,254,307.35,0.9951,0.5243,0.167111,5,0,21,292.70,1.0000,0.0311,0.000864,4.268
254731,520,470,990,204,60,135,352.74,0.7758,0.5222,0.178204,9,2,22,299.60,0.7705,0.0415,0.001594,4.423
254737,520,454,974,181,74,187,325.54,0.7415,0.5273,0.183104,13,17,3,121.20,0.6641,0.0725,0.004930,4.244
254758,520,440,960,185,45,248,311.83,0.9647,0.5490,0.189695,19,20,6,112.17,0.5081,0.0866,0.006519,4.241
254764,520,352,872,213,106,176,342.29,0.6605,0.6183,0.275906,19,47,66,240.84,0.5725,0.1912,0.025647,4.308
254785,520,453,973,238,6,1,29.38,0.9992,0.5326,0.183129,16,3,41,293.15,0.8619,0.0653,0.003354,4.369
254788,520,392,912,231,76,146,356.44,0.8076,0.5932,0.242358,35,36,11,111.07,0.6087,0.1491,0.016432,4.401
254794,520,371,891,232,80,178,344.74,0.8280,0.6132,0.261100,4,39,76,253.49,0.8740,0.1693,0.019985,4.445
254832,520,466,986,212,25,146,348.32,0.9250,0.5158,0.167699,18,4,0,51.24,1.0000,0.0472,0.002155,4.174
254833,520,446,966,230,10,134,356.11,0.9832,0.5415,0.187642,0,3,64,264.21,0.9914,0.0776,0.004352,4.372
254841,520,463,983,216,35,141,351.44,0.8954,0.5266,0.177265,14,4,16,321.57,0.5410,0.0481,0.002176,4.356
254854,520,408,928,216,29,220,327.25,0.9680,0.5686,0.206471,48,9,51,324.85,0.7483,0.1281,0.010629,4.230
254857,520,378,898,221,70,206,332.21,0.8708,0.5984,0.242109,48,32,25,44.61,0.2985,0.1579,0.017317,4.339
254861,520,132,652,229,199,239,317.64,0.6422,0.8456,0.637375,51,102,27,137.44,0.9323,0.3733,0.102854,4.497
254884,520,454,974,194,21,217,322.19,0.9696,0.5253,0.170170,25,9,16,353.17,0.4260,0.0721,0.004395,4.048
254905,520,429,949,215,61,153,348.34,0.8087,0.5511,0.200867,27,23,4,98.28,0.6937,0.1027,0.008546,4.285
254911,520,470,990,210,48,129,355.49,0.8321,0.5194,0.174028,9,5,6,359.83,0.1938,0.0416,0.001798,4.325
254912,520,230,750,255,127,240,331.92,1.0000,0.7431,0.427326,65,64,99,284.61,0.3503,0.2949,0.056914,4.465
254917,520,382,902,221,24,248,321.98,0.9878,0.5954,0.228048,23,37,54,253.86,0.3945,0.1572,0.017716,4.106
254921,520,382,902,224,44,228,327.18,0.9566,0.5958,0.232523,50,27,51,325.49,0.4512,0.1605,0.017011,4.216
254941,520,448,968,238,22,0,30.18,1.0000,0.5371,0.187543,10,18,18,196.09,0.2301,0.0771,0.005408,4.287
254942,520,400,920,210,59,225,323.98,0.9117,0.5818,0.222676,10,23,83,267.36,0.9104,0.1399,0.013018,4.327
254943,520,453,973,185,95,93,22.55,0.5570,0.5262,0.192905,16,13,5,91.73,0.3882,0.0661,0.004090,4.491
254948,520,373,893,238,80,94,19.34,0.8693,0.5952,0.247256,28,40,25,139.45,0.3768,0.1573,0.018346,4.349
254961,520,426,946,240,3,127,0.25,0.9963,0.5578,0.201259,9,23,54,263.59,0.7163,0.1111,0.009372,4.232
254976,520,478,998,160,88,169,323.01,0.5903,0.5069,0.173184,0,2,4,233.51,1.0000,0.0210,0.000522,4.418
254986,520,462,982,209,11,185,334.91,0.9785,0.5268,0.172995,20,4,8,2.77,0.5554,0.0526,0.002531,4.245
255002,520,432,952,214,69,120,2.90,0.7700,0.5450,0.199107,24,21,17,75.09,0.1295,0.0971,0.007710,4.317
255003,520,174,694,233,176,227,329.97,0.7265,0.7966,0.539216,11,98,9,142.49,0.9917,0.3438,0.088259,4.262
255017,520,330,850,251,50,211,338.06,0.9775,0.6361,0.274967,10,58,23,148.23,0.9562,0.2064,0.031524,3.986
255024,520,382,902,251,30,152,354.93,0.9691,0.5969,0.237083,46,28,53,316.11,0.4340,0.1581,0.016684,4.305
255025,520,336,856,255,1,230,333.96,1.0000,0.6372,0.269982,12,18,135,267.00,0.9832,0.1997,0.022599,4.408
255054,520,462,982,183,21,248,311.93,0.9837,0.5330,0.173820,8,9,13,273.17,0.1550,0.0525,0.002761,4.242
255055,520,359,879,223,85,210,331.62,0.8477,0.6210,0.268402,29,46,38,163.77,0.3165,0.1808,0.023551,4.329
255057,520,295,815,253,106,171,355.32,0.9607,0.6788,0.341341,77,49,35,47.25,0.4037,0.2449,0.038959,4.399
255065,520,475,995,210,35,161,342.94,0.8927,0.5247,0.174791,0,3,7,239.77,1.0000,0.0262,0.000805,4.425
255070,520,415,935,219,43,202,332.75,0.9264,0.5697,0.210543,55,3,8,21.41,0.9281,0.1152,0.008950,4.420
255099,520,297,817,250,88,238,330.93,0.9782,0.6831,0.334793,84,42,47,13.35,0.4505,0.2441,0.037462,4.400
255103,520,468,988,209,45,145,348.80,0.8441,0.5219,0.174786,4,7,13,257.84,0.3252,0.0443,0.002068,4.317
255106,520,386,906,220,71,193,335.98,0.8415,0.5904,0.235746,33,25,71,286.91,0.6516,0.1492,0.014735,4.414
255113,520,407,927,222,85,81,25.02,0.7924,0.5702,0.226232,30,29,42,287.88,0.2423,0.1347,0.013219,4.369
255127,520,375,895,193,107,187,329.70,0.6179,0.5961,0.254419,17,40,44,210.06,0.4652,0.1567,0.018185,4.465
255138,520,374,894,254,60,88,18.76,0.9921,0.6032,0.250108,16,45,23,149.40,0.7719,0.1646,0.020487,4.258
255139,520,399,919,215,70,192,334.87,0.8302,0.5804,0.226352,67,1,29,2.57,0.9521,0.1449,0.013039,4.384
255140,520,436,956,206,29,222,324.14,0.9638,0.5528,0.192763,30,15,25,340.24,0.3671,0.0939,0.006879,4.268
255144,520,341,861,243,10,247,327.45,0.9972,0.6286,0.259899,64,41,15,66.81,0.6375,0.2018,0.027105,4.019
255146,520,365,885,255,74,23,34.86,1.0000,0.6113,0.262231,49,37,22,72.14,0.3763,0.1713,0.020341,4.439
255162,520,422,942,236,53,88,16.18,0.9106,0.5618,0.210867,9,25,51,259.62,0.6635,0.1138,0.009923,4.353
255163,520,388,908,241,45,158,351.61,0.9263,0.5883,0.230493,65,14,15,23.67,0.7888,0.1513,0.014726,4.334
255169,520,459,979,207,39,173,338.27,0.8841,0.5283,0.177356,16,9,21,310.32,0.3862,0.0633,0.003597,4.242
255172,520,375,895,218,84,193,335.71,0.7975,0.6025,0.250984,28,35,60,270.94,0.4216,0.1595,0.017751,4.442
255180,520,454,974,228,8,104,6.08,0.9871,0.5265,0.176700,19,12,0,87.51,1.0000,0.0658,0.004014,4.197
255195,520,1,521,255,255,255,0.00,0.0000,1.0000,1.000000,24,138,52,146.58,0.9810,0.4839,0.186183,4.446
255196,520,400,920,231,81,76,25.80,0.8568,0.5801,0.233984,45,21,50,320.51,0.5397,0.1407,0.013246,4.490
255221,520,439,959,207,14,227,323.32,0.9876,0.5530,0.191274,4,23,14,161.72,0.7572,0.0858,0.006703,4.255
255234,520,446,966,237,38,18,30.28,0.9832,0.5437,0.194377,9,17,26,251.93,0.3559,0.0774,0.005335,4.416
255240,520,457,977,233,30,4,30.57,0.9962,0.5301,0.182641,6,7,39,274.15,0.8286,0.0627,0.003371,4.359
255245,520,382,902,241,50,182,344.14,0.9286,0.6028,0.243623,20,45,5,136.04,0.9512,0.1638,0.020364,4.173
255250,520,418,938,219,31,202,332.73,0.9535,0.5629,0.203066,32,16,63,294.27,0.7234,0.1243,0.010365,4.192
255256,520,403,923,227,28,204,334.16,0.9673,0.5772,0.215235,21,20,72,277.04,0.7920,0.1291,0.011276,4.329
255280,520,470,990,222,15,114,1.67,0.9689,0.5190,0.170889,4,4,27,276.29,0.7925,0.0450,0.001918,4.255
255282,520,477,997,180,14,230,315.15,0.9845,0.5103,0.157317,4,1,4,327.25,0.5374,0.0231,0.000563,4.100
255289,520,401,921,249,45,70,21.63,0.9681,0.5783,0.224623,62,0,39,348.66,1.0000,0.1372,0.011708,4.450
255298,520,475,995,197,43,184,332.01,0.8685,0.5197,0.170605,0,1,26,264.16,0.9853,0.0320,0.000963,4.329
255305,520,477,997,170,54,222,312.66,0.8839,0.5124,0.164592,3,0,1,353.79,1.0000,0.0152,0.000216,4.273
255323,520,2,522,255,255,255,0.00,0.0000,1.0000,1.000000,20,138,32,143.77,0.9894,0.4810,0.184292,4.482
255353,520,358,878,224,72,229,326.58,0.9135,0.6194,0.261413,28,48,31,148.20,0.4669,0.1840,0.024597,4.175
255365,520,438,958,237,40,78,17.90,0.9467,0.5520,0.200753,34,11,3,43.40,0.7250,0.0857,0.005861,4.489
255371,520,406,926,253,43,49,26.39,0.9910,0.5824,0.228359,14,32,44,239.51,0.4762,0.1311,0.013082,4.413
255398,520,32,552,244,244,228,106.79,0.4632,0.9567,0.895360,27,130,5,141.28,0.9970,0.4545,0.162086,4.457
255405,520,375,895,223,39,242,323.65,0.9724,0.6010,0.235520,54,23,52,329.72,0.5484,0.1595,0.016451,4.297
255416,520,443,963,176,81,202,318.47,0.7472,0.5392,0.193802,11,7,53,277.30,0.8903,0.0797,0.004801,4.449
255419,520,352,872,184,103,251,306.69,0.9468,0.6168,0.268566,20,31,107,269.38,0.9000,0.1878,0.021901,4.431
255430,520,386,906,220,62,211,330.48,0.8964,0.5919,0.233662,24,29,76,274.09,0.6955,0.1542,0.015947,4.301
255440,520,312,832,221,130,140,13.29,0.5864,0.6590,0.332328,11,60,56,186.94,0.8224,0.2237,0.035882,4.452
255441,520,477,997,196,26,195,328.54,0.9392,0.5149,0.164164,0,0,12,264.05,1.0000,0.0173,0.000265,4.261
255447,520,439,959,221,41,158,346.91,0.8931,0.5478,0.194291,10,18,40,266.91,0.5696,0.0890,0.006503,4.323
255452,520,209,729,243,171,64,73.06,0.8787,0.7583,0.485529,13,83,87,200.92,0.8707,0.3127,0.069599,4.478
255464,520,430,950,198,58,205,325.93,0.8596,0.5478,0.194413,36,11,24,349.87,0.5417,0.0952,0.006804,4.303
255478,520,288,808,231,97,255,321.28,1.0000,0.6752,0.327603,81,43,29,40.76,0.5254,0.2363,0.035660,4.408
255484,520,390,910,202,68,245,316.50,0.9442,0.5922,0.232848,38,36,11,104.69,0.6105,0.1525,0.016980,4.223
255487,520,379,899,251,10,168,349.60,0.9927,0.5978,0.235569,54,28,26,24.99,0.4064,0.1581,0.016895,4.269
255491,520,470,990,179,67,196,322.16,0.7870,0.5211,0.175847,17,1,9,346.85,0.7634,0.0416,0.001606,4.376
255495,520,469,989,193,80,106,8.56,0.6520,0.5180,0.181171,4,3,22,280.65,0.7517,0.0390,0.001489,4.490
255498,520,270,790,255,102,228,335.17,1.0000,0.7021,0.363671,76,53,64,348.88,0.2533,0.2626,0.044530,4.376
255502,520,375,895,241,19,198,339.01,0.9853,0.5962,0.232467,32,20,88,282.93,0.8279,0.1558,0.015119,4.338
255507,520,396,916,186,85,237,312.31,0.8747,0.5832,0.230515,29,34,32,169.64,0.0931,0.1427,0.015095,4.309
255514,520,464,984,223,5,111,2.64,0.9899,0.5176,0.169470,17,5,9,356.56,0.4331,0.0512,0.002475,4.182
255526,520,208,728,253,153,188,357.89,0.9250,0.7620,0.472984,40,84,41,144.23,0.7909,0.3108,0.069516,4.376
255529,520,411,931,215,34,219,327.21,0.9582,0.5686,0.207077,39,12,56,309.39,0.7303,0.1214,0.009798,4.299
255576,520,394,914,231,66,171,346.09,0.8551,0.5931,0.238283,6,39,6,143.05,0.9666,0.1368,0.015028,4.433
255597,520,443,963,223,62,69,23.18,0.8790,0.5411,0.195656,4,20,23,210.35,0.5974,0.0804,0.005880,4.396
255609,520,479,999,193,63,136,349.65,0.7371,0.5061,0.166718,0,0,8,264.05,1.0000,0.0143,0.000175,4.319
255640,520,334,854,235,70,238,327.22,0.9428,0.6408,0.282179,67,21,88,313.01,0.7583,0.2035,0.024343,4.468
255646,520,327,847,180,130,237,304.16,0.7667,0.6499,0.317834,28,58,16,137.91,0.8928,0.2135,0.033103,4.426
255648,520,449,969,222,37,142,352.56,0.9020,0.5399,0.188083,5,17,15,182.86,0.4647,0.0699,0.004676,4.354
255663,520,388,908,238,0,209,335.37,1.0000,0.5932,0.227834,18,17,100,271.68,0.9499,0.1541,0.014495,4.308
255681,520,416,936,205,44,241,319.08,0.9555,0.5738,0.211330,31,13,61,295.53,0.7557,0.1165,0.009161,4.417
255682,520,427,947,206,46,212,326.49,0.9158,0.5558,0.198311,0,8,76,264.12,0.9830,0.1010,0.006954,4.360
255690,520,355,875,248,4,222,334.36,0.9984,0.6201,0.253203,80,9,27,12.99,0.8531,0.1809,0.019803,4.344
255692,520,478,998,210,64,6,37.07,0.9869,0.5119,0.173839,4,0,5,323.04,1.0000,0.0198,0.000368,4.444
255708,520,443,963,200,69,169,338.45,0.7617,0.5415,0.194019,5,20,28,232.69,0.5637,0.0835,0.006164,4.345
255712,520,401,921,214,79,170,342.79,0.7617,0.5779,0.227925,20,25,78,272.98,0.7938,0.1445,0.013940,4.347
255775,520,363,883,250,65,128,5.43,0.9476,0.6102,0.256665,28,44,22,137.55,0.5371,0.1690,0.021061,4.316
255783,520,369,889,252,76,16,36.05,0.9875,0.6075,0.259053,70,22,19,26.64,0.7029,0.1738,0.019231,4.464
255789,520,422,942,223,42,182,339.63,0.9137,0.5645,0.207237,0,6,86,264.21,0.9904,0.1117,0.008021,4.434
255790,520,450,970,190,28,239,315.74,0.9716,0.5392,0.180110,23,3,42,303.36,0.8464,0.0742,0.004145,4.250
255836,520,229,749,246,132,247,326.94,0.9598,0.7419,0.428129,42,79,7,134.10,0.9736,0.2912,0.060994,4.308
255843,520,377,897,219,56,230,325.23,0.9351,0.5974,0.236036,65,19,23,18.37,0.6707,0.1602,0.016516,4.300
255848,520,410,930,239,59,89,17.03,0.9040,0.5732,0.222031,58,4,39,346.51,0.8165,0.1335,0.011330,4.436
255872,520,443,963,212,12,204,330.42,0.9843,0.5449,0.186217,9,17,27,254.38,0.3738,0.0779,0.005381,4.265
255875,520,441,961,231,18,103,7.26,0.9726,0.5350,0.184038,22,13,39,297.12,0.5685,0.0880,0.006049,4.176
255912,520,432,952,210,72,152,348.38,0.7560,0.5540,0.206054,19,18,42,283.09,0.5048,0.0974,0.007382,4.462
255934,520,391,911,229,18,228,328.56,0.9891,0.5929,0.226945,27,21,86,278.97,0.8348,0.1507,0.014412,4.300
255937,520,372,892,241,29,219,333.57,0.9811,0.6120,0.246968,22,46,23,144.89,0.6670,0.1714,0.021864,4.132
255944,520,466,986,217,55,47,28.03,0.9134,0.5187,0.176919,11,0,39,288.98,1.0000,0.0524,0.002176,4.349
255953,520,473,993,183,64,189,325.84,0.7868,0.5193,0.174095,4,2,9,299.49,0.5347,0.0290,0.000890,4.404
255971,520,418,938,210,43,214,327.10,0.9302,0.5619,0.202864,10,33,24,165.37,0.6254,0.1230,0.012181,4.067
255983,520,428,948,247,15,41,25.62,0.9928,0.5563,0.202795,19,19,42,281.52,0.4841,0.0996,0.007713,4.380
255984,520,458,978,164,90,187,317.68,0.6448,0.5267,0.187934,9,4,39,282.16,0.8583,0.0591,0.002914,4.497
255990,520,451,971,188,50,232,316.13,0.9226,0.5443,0.188000,26,4,31,320.12,0.7361,0.0719,0.004054,4.403
256020,520,463,983,223,51,70,20.77,0.9045,0.5305,0.185006,9,8,3,100.80,0.3806,0.0478,0.002383,4.486
256026,520,382,902,207,81,229,321.40,0.8713,0.6030,0.248090,16,45,22,148.39,0.7896,0.1644,0.020448,4.231
256028,520,378,898,254,66,12,34.26,0.9953,0.6007,0.249975,40,32,60,295.85,0.4243,0.1640,0.018104,4.405
256030,520,468,988,180,17,243,312.20,0.9857,0.5226,0.165763,2,4,16,268.27,0.6395,0.0359,0.001371,4.200
256034,520,258,778,250,114,219,337.07,0.9615,0.7062,0.374758,8,73,75,198.19,0.9001,0.2740,0.053245,4.114
256038,520,306,826,249,79,227,333.61,0.9698,0.6657,0.312806,3,65,10,144.11,0.9941,0.2272,0.038217,4.113
256048,520,390,910,122,122,252,279.71,0.9515,0.5870,0.250843,3,43,10,146.14,0.9833,0.1498,0.017690,4.444
256057,520,371,891,248,68,137,2.20,0.9265,0.6122,0.259001,62,27,23,28.02,0.5357,0.1688,0.018700,4.498
256058,520,430,950,215,71,125,1.22,0.7650,0.5510,0.204365,38,16,6,45.29,0.6217,0.1022,0.007959,4.389
256064,520,460,980,160,84,215,308.26,0.7667,0.5305,0.187211,9,14,2,124.82,0.7217,0.0615,0.003765,4.412
256077,520,346,866,241,91,146,0.80,0.8369,0.6293,0.282611,24,53,9,136.99,0.9377,0.1935,0.027600,4.286
256080,520,458,978,188,0,243,314.67,1.0000,0.5313,0.171637,19,4,29,310.08,0.7193,0.0613,0.003140,4.171
256087,520,440,960,247,7,11,28.81,0.9973,0.5526,0.199539,17,22,1,120.30,0.9124,0.0890,0.006952,4.382
256108,520,476,996,192,61,152,342.29,0.7557,0.5096,0.168126,4,0,2,344.76,1.0000,0.0178,0.000302,4.336
256109,520,456,976,221,53,81,17.14,0.8803,0.5305,0.185151,4,2,50,271.09,0.9809,0.0620,0.002995,4.437
256117,520,456,976,227,45,12,31.87,0.9863,0.5275,0.182371,9,1,49,279.21,0.9801,0.0630,0.003015,4.383
256139,520,451,971,220,33,163,344.73,0.9197,0.5436,0.189502,26,9,16,354.91,0.4423,0.0735,0.004524,4.393
256145,520,415,935,230,65,107,10.36,0.8456,0.5663,0.216679,9,20,66,267.76,0.8630,0.1152,0.009517,4.481
256152,520,466,986,197,68,128,355.14,0.7220,0.5161,0.175649,2,11,17,231.70,0.6126,0.0534,0.002927,4.263
256158,520,385,905,237,71,129,3.72,0.8485,0.5924,0.240989,2,40,41,197.49,0.9227,0.1486,0.016905,4.349
256160,520,400,920,216,60,206,330.82,0.8855,0.5803,0.222889,58,6,46,339.33,0.7901,0.1397,0.012272,4.382
256163,520,298,818,243,87,228,331.85,0.9419,0.6652,0.314751,59,53,10,101.14,0.7992,0.2262,0.034980,4.292
256181,520,466,986,214,22,156,345.32,0.9417,0.5234,0.172726,18,5,3,34.87,0.5403,0.0505,0.002437,4.247
256188,520,390,910,190,77,247,311.90,0.9421,0.5861,0.229714,53,5,76,310.91,0.8919,0.1529,0.013873,4.379
256198,520,420,940,207,82,153,348.21,0.7074,0.5624,0.216018,2,29,32,205.09,0.8623,0.1096,0.009959,4.437
256199,520,334,854,212,108,207,329.11,0.7360,0.6352,0.292288,66,38,36,24.32,0.3617,0.2025,0.026720,4.462
256212,520,432,952,240,46,6,32.06,0.9946,0.5550,0.204957,38,15,15,21.05,0.4788,0.1023,0.007883,4.405
256258,520,433,953,218,60,131,357.72,0.8126,0.5464,0.197783,35,16,18,13.59,0.3917,0.1005,0.007716,4.293
256281,520,381,901,190,91,241,312.23,0.8892,0.5998,0.247812,47,19,78,301.36,0.7504,0.1620,0.016202,4.499
256297,520,228,748,225,148,237,321.99,0.8300,0.7371,0.433031,51,75,28,131.73,0.7289,0.2870,0.058197,4.464
256300,520,451,971,196,26,224,320.96,0.9661,0.5361,0.178579,14,9,34,288.85,0.6187,0.0691,0.004042,4.230
256304,520,415,935,226,35,193,337.02,0.9454,0.5721,0.212236,21,21,64,277.93,0.7073,0.1234,0.010659,4.323
256305,520,456,976,212,62,104,8.34,0.7972,0.5282,0.184441,3,12,24,251.46,0.6018,0.0600,0.003482,4.384
256312,520,1,521,255,255,255,0.00,0.0000,1.0000,1.000000,26,137,71,151.46,0.9662,0.4844,0.185651,4.456
256314,520,407,927,229,42,181,341.41,0.9237,0.5750,0.216528,17,28,54,265.24,0.5419,0.1285,0.012160,4.288
256319,520,420,940,207,32,232,321.94,0.9669,0.5634,0.201264,29,9,59,295.85,0.8039,0.1065,0.007724,4.353
256323,520,210,730,187,179,234,291.18,0.5858,0.7584,0.487454,12,89,3,141.73,0.9965,0.3126,0.072292,4.395
256342,520,381,901,248,21,173,347.66,0.9818,0.5970,0.235132,3,8,118,265.20,0.9928,0.1616,0.015009,4.386
256363,520,364,884,240,29,218,333.59,0.9803,0.6096,0.244688,6,46,42,185.19,0.8445,0.1702,0.021598,4.116
256379,520,230,750,228,158,178,0.64,0.5502,0.7356,0.441637,42,79,16,135.29,0.9366,0.2919,0.061215,4.421
256399,520,477,997,208,18,150,345.78,0.9450,0.5071,0.160467,2,0,9,294.50,1.0000,0.0190,0.000326,4.182
256401,520,362,882,213,108,136,4.53,0.6105,0.6060,0.266508,20,31,103,269.50,0.8871,0.1833,0.021078,4.453
256410,520,331,851,255,16,233,333.27,1.0000,0.6417,0.275170,69,0,106,307.63,1.0000,0.2049,0.023059,4.451
256427,520,475,995,207,63,99,9.94,0.7820,0.5184,0.177234,9,2,0,53.71,1.0000,0.0309,0.001015,4.454
256436,520,460,980,183,26,241,313.33,0.9742,0.5289,0.171581,17,7,18,323.74,0.4244,0.0590,0.003148,4.169
256438,520,432,952,170,92,200,315.77,0.6880,0.5464,0.203713,21,13,57,284.95,0.7600,0.1018,0.007427,4.418
256452,520,468,988,227,0,94,9.13,1.0000,0.5197,0.171420,6,3,18,292.40,0.6444,0.0386,0.001475,4.301
256453,520,403,923,186,87,223,315.71,0.8096,0.5762,0.225843,36,27,20,59.50,0.2423,0.1276,0.012095,4.442
256454,520,404,924,199,52,252,314.73,0.9837,0.5787,0.216277,20,19,73,276.42,0.8201,0.1275,0.010955,4.368
256477,520,325,845,214,125,169,349.70,0.5763,0.6497,0.318296,3,60,29,153.08,0.9844,0.2126,0.033396,4.416
256490,520,385,905,200,61,251,314.88,0.9766,0.5870,0.225832,63,7,42,347.65,0.7861,0.1486,0.013761,4.326
256491,520,452,972,202,35,188,332.21,0.9085,0.5257,0.173913,0,10,44,261.40,1.0000,0.0682,0.003989,4.147
256498,520,467,987,153,88,207,306.88,0.7181,0.5220,0.182572,10,1,28,296.31,0.8989,0.0442,0.001701,4.498
256500,520,431,951,242,11,97,10.63,0.9895,0.5544,0.199830,40,14,11,28.31,0.5690,0.1028,0.007894,4.315
256514,520,417,937,247,6,117,4.79,0.9944,0.5694,0.211922,27,23,50,288.36,0.4857,0.1220,0.010761,4.311
256527,520,414,934,198,46,250,315.08,0.9751,0.5712,0.208633,34,26,24,34.36,0.1522,0.1238,0.011448,4.209
256534,520,451,971,192,33,236,316.87,0.9622,0.5424,0.183517,24,5,24,327.57,0.6371,0.0668,0.003687,4.350
256539,520,416,936,231,7,190,338.87,0.9925,0.5702,0.208613,28,30,6,113.52,0.6907,0.1234,0.011886,4.179
256544,520,427,947,221,30,192,336.03,0.9500,0.5599,0.201088,42,3,42,328.15,0.8185,0.1035,0.007246,4.386
256564,520,477,997,186,90,1,52.01,0.9937,0.5070,0.177552,2,2,6,282.35,0.4201,0.0250,0.000695,4.489
256582,520,370,890,241,53,201,338.58,0.9381,0.6149,0.254669,18,45,31,159.07,0.6088,0.1679,0.021042,4.289
256585,520,377,897,235,75,153,354.42,0.8321,0.6019,0.249970,5,40,57,234.56,0.8048,0.1587,0.018452,4.382
256595,520,397,917,233,33,179,342.78,0.9496,0.5763,0.216688,38,14,78,293.96,0.8188,0.1431,0.012762,4.249
256596,520,408,928,254,0,62,21.24,1.0000,0.5705,0.214225,39,17,52,311.13,0.6197,0.1261,0.010802,4.346
256604,520,391,911,254,50,60,24.92,0.9947,0.5905,0.236820,10,28,80,265.21,0.8706,0.1474,0.014741,4.430
256606,520,220,740,235,171,22,80.73,0.9631,0.7456,0.468479,3,85,31,148.06,0.9949,0.2998,0.066150,4.464
256617,520,390,910,217,98,124,8.63,0.6710,0.5920,0.249445,26,38,28,149.37,0.3013,0.1504,0.016896,4.476
256630,520,349,869,244,34,236,330.12,0.9836,0.6301,0.264361,26,42,72,262.05,0.5143,0.1851,0.023433,4.281
256633,520,438,958,207,88,72,29.92,0.7413,0.5465,0.207148,5,26,3,141.11,0.9544,0.0930,0.007776,4.451
256639,520,453,973,187,80,158,339.29,0.6661,0.5290,0.187722,32,6,7,20.58,0.6737,0.0747,0.004527,4.360
256644,520,416,936,254,21,57,23.09,0.9954,0.5747,0.219064,35,24,17,53.73,0.2893,0.1180,0.010511,4.447
256666,520,476,996,219,24,88,11.04,0.9520,0.5082,0.164206,0,1,14,263.36,1.0007,0.0229,0.000534,4.239
256669,520,470,990,209,41,157,344.25,0.8658,0.5247,0.175777,8,5,16,297.41,0.4501,0.0446,0.001976,4.344
256673,520,357,877,245,9,235,330.62,0.9970,0.6239,0.256089,82,4,9,25.17,0.9668,0.1774,0.019007,4.436
256674,520,279,799,249,106,214,338.14,0.9528,0.6910,0.353056,43,64,24,132.09,0.7076,0.2451,0.042463,4.359
256676,520,345,865,221,95,199,334.82,0.7860,0.6250,0.276821,70,27,46,354.62,0.5536,0.1908,0.022834,4.487
256698,520,378,898,243,63,130,3.31,0.8959,0.5958,0.242246,54,15,68,315.66,0.7465,0.1583,0.015434,4.466
256699,520,396,916,239,2,176,344.64,0.9979,0.5769,0.215318,38,4,84,293.40,0.9465,0.1382,0.011390,4.322
256702,520,355,875,255,56,142,0.44,1.0000,0.6166,0.260449,64,32,4,57.19,0.8318,0.1795,0.021319,4.353
256714,520,396,916,235,3,196,338.12,0.9973,0.5804,0.217156,61,5,39,349.02,0.8075,0.1408,0.012473,4.276
256720,520,409,929,188,71,243,312.55,0.9251,0.5733,0.216700,18,31,39,236.23,0.3283,0.1281,0.012550,4.264
256722,520,396,916,220,36,224,327.22,0.9624,0.5817,0.218614,38,5,85,292.75,0.9370,0.1404,0.011765,4.349
256723,520,447,967,218,50,142,352.45,0.8480,0.5416,0.191421,26,15,2,73.79,0.7452,0.0816,0.005657,4.338
256730,520,257,777,216,140,241,317.43,0.8481,0.7134,0.397072,61,68,29,117.85,0.5837,0.2748,0.052150,4.377
256732,520,257,777,208,160,146,36.87,0.3684,0.7054,0.406280,6,75,46,158.62,0.9713,0.2693,0.052679,4.444
256746,520,402,922,251,43,79,19.09,0.9761,0.5826,0.228051,51,20,17,27.22,0.5562,0.1343,0.012447,4.453
256761,520,470,990,175,65,206,317.92,0.8144,0.5195,0.173518,12,1,11,330.46,0.7421,0.0361,0.001240,4.362
256765,520,367,887,212,80,226,323.76,0.8734,0.6074,0.252271,47,40,0,99.13,1.0000,0.1733,0.021220,4.244
256766,520,359,879,236,1,255,324.16,1.0000,0.6208,0.250771,54,13,93,301.32,0.8576,0.1789,0.018625,4.383
256769,520,455,975,231,19,78,15.63,0.9774,0.5291,0.180078,17,9,16,330.83,0.2969,0.0622,0.003520,4.299
256770,520,478,998,221,30,70,17.92,0.9515,0.5113,0.167456,5,1,4,334.75,0.5642,0.0245,0.000627,4.295
256787,520,394,914,232,47,187,340.42,0.9223,0.5869,0.227794,50,21,19,25.33,0.5105,0.1350,0.012616,4.436
256795,520,354,874,238,93,111,15.94,0.8294,0.6164,0.271564,7,41,82,255.76,0.8417,0.1809,0.022401,4.441
256796,520,366,886,214,90,205,330.50,0.7967,0.6106,0.260181,21,37,79,265.72,0.6726,0.1741,0.020470,4.402
256806,520,237,757,242,128,249,325.13,0.9668,0.7312,0.411572,104,48,48,21.54,0.5349,0.2907,0.052708,4.494
256829,520,463,983,224,49,42,28.15,0.9390,0.5267,0.182139,4,8,28,268.80,0.6797,0.0547,0.002833,4.394
256843,520,455,975,208,28,183,335.31,0.9328,0.5297,0.176614,16,4,33,299.40,0.7625,0.0607,0.003068,4.270
256853,520,447,967,212,77,91,17.71,0.7570,0.5432,0.200624,20,18,15,78.14,0.1017,0.0848,0.006158,4.463
256880,520,364,884,228,81,174,345.25,0.8056,0.6058,0.254373,47,38,8,92.17,0.7293,0.1689,0.020081,4.343
256884,520,427,947,218,47,187,336.91,0.8958,0.5618,0.205286,8,21,43,260.12,0.6202,0.0972,0.007623,4.430
256890,520,456,976,227,48,37,29.01,0.9471,0.5315,0.185813,1,13,31,253.07,0.8441,0.0649,0.003932,4.372
256893,520,438,958,246,15,14,28.89,0.9939,0.5524,0.199698,0,26,0,142.50,1.0000,0.0892,0.007388,4.351
256894,520,446,966,190,7,242,315.37,0.9947,0.5351,0.175112,35,3,21,349.13,0.7629,0.0791,0.004766,4.110
256896,520,469,989,207,71,6,39.41,0.9842,0.5151,0.177873,14,3,8,348.18,0.5202,0.0425,0.001760,4.402
256907,520,417,937,164,96,234,303.83,0.8191,0.5685,0.221992,8,33,11,145.92,0.8916,0.1186,0.011635,4.413
256908,520,438,958,208,50,200,330.35,0.8887,0.5544,0.198631,35,0,51,312.35,1.0000,0.0944,0.005964,4.443
256909,520,454,974,183,49,220,317.57,0.9006,0.5263,0.174324,3,15,30,251.78,0.6749,0.0705,0.004547,4.112
256917,520,341,861,228,87,200,336.32,0.8346,0.6260,0.274828,8,26,125,265.84,0.9674,0.1958,0.022709,4.468
256919,520,432,952,227,55,89,15.18,0.8815,0.5460,0.197873,11,25,34,238.14,0.4272,0.1040,0.008819,4.214
256921,520,399,919,186,67,255,309.57,1.0000,0.5756,0.216744,29,19,75,284.44,0.7747,0.1376,0.012349,4.278
256929,520,421,941,248,12,63,20.98,0.9932,0.5603,0.205819,2,31,5,145.34,0.9817,0.1078,0.010038,4.261
256931,520,478,998,207,47,130,354.29,0.8283,0.5132,0.169123,4,1,7,310.77,0.6480,0.0247,0.000629,4.328
256938,520,409,929,205,82,179,336.73,0.7404,0.5715,0.222702,44,8,65,309.19,0.8207,0.1317,0.010908,4.477
256950,520,394,914,250,2,162,351.09,0.9984,0.5917,0.229795,61,0,52,335.69,1.0000,0.1428,0.012402,4.484
256953,520,446,966,198,84,125,0.15,0.6483,0.5390,0.198289,32,10,5,36.28,0.6271,0.0812,0.005352,4.486
256966,520,442,962,215,76,77,23.53,0.7993,0.5443,0.201541,10,20,22,211.47,0.2884,0.0840,0.006228,4.474
256981,520,416,936,176,93,223,311.47,0.7828,0.5713,0.223873,1,28,58,252.89,0.9362,0.1231,0.011424,4.459
256985,520,448,968,216,19,184,337.02,0.9655,0.5415,0.185277,4,0,66,268.63,1.0000,0.0779,0.004191,4.342
256993,520,461,981,238,3,14,28.41,0.9986,0.5324,0.182773,7,12,0,123.97,1.0000,0.0543,0.003081,4.385
257013,520,414,934,215,27,224,326.02,0.9729,0.5688,0.206148,2,26,63,258.09,0.9234,0.1227,0.011105,4.192
257027,520,390,910,225,69,188,338.92,0.8517,0.5941,0.238970,26,21,86,278.17,0.8411,0.1498,0.014278,4.496
257036,520,411,931,244,2,127,0.95,0.9978,0.5657,0.208122,12,22,63,268.63,0.7818,0.1183,0.010108,4.294
257039,520,399,919,234,64,123,4.55,0.8535,0.5776,0.225922,38,25,48,309.29,0.4209,0.1379,0.013208,4.365
257055,520,466,986,208,10,182,335.53,0.9790,0.5229,0.170065,1,1,44,266.57,0.9926,0.0506,0.002100,4.224
257057,520,418,938,246,21,94,12.48,0.9807,0.5647,0.209408,12,33,17,149.76,0.6793,0.1220,0.012063,4.180
257061,520,398,918,220,34,226,326.75,0.9668,0.5820,0.218528,30,0,100,281.46,1.0000,0.1447,0.011961,4.334
257068,520,444,964,239,2,90,12.19,0.9980,0.5444,0.191356,27,4,35,316.50,0.7634,0.0760,0.004412,4.436
257084,520,423,943,223,16,202,333.70,0.9822,0.5646,0.203252,55,1,0,30.03,1.0000,0.1109,0.008341,4.341
257089,520,330,850,203,101,252,313.17,0.9696,0.6393,0.290333,49,41,84,289.90,0.5101,0.2120,0.028789,4.320
257107,520,463,983,195,22,223,320.98,0.9721,0.5320,0.175052,5,3,39,275.56,0.9287,0.0536,0.002439,4.292
257119,520,418,938,174,83,234,309.03,0.8555,0.5619,0.211264,31,4,76,290.51,0.9406,0.1202,0.008999,4.428
257121,520,315,835,245,66,244,328.29,0.9653,0.6573,0.298433,84,13,82,329.38,0.8045,0.2202,0.027821,4.477
257132,520,454,974,163,97,166,325.47,0.5316,0.5256,0.190899,30,3,12,1.33,0.7357,0.0671,0.003677,4.488
257140,520,437,957,229,41,122,1.56,0.9061,0.5484,0.196519,11,10,54,275.61,0.8594,0.0856,0.005545,4.438
257149,520,424,944,242,2,117,3.88,0.9978,0.5583,0.202083,45,2,45,328.24,0.8612,0.1095,0.007908,4.353
257150,520,367,887,225,46,241,324.29,0.9650,0.6077,0.243146,51,35,40,358.43,0.2281,0.1746,0.020591,4.153
257155,520,409,929,192,80,212,321.31,0.8017,0.5680,0.216986,15,34,12,141.03,0.7512,0.1258,0.012721,4.257
257158,520,337,857,240,47,254,324.99,0.9965,0.6421,0.277166,53,42,51,332.36,0.1804,0.1993,0.026519,4.276
257159,520,350,870,207,114,181,338.54,0.6122,0.6252,0.286378,18,41,93,263.59,0.7849,0.1950,0.025047,4.482
257165,520,454,974,233,33,12,30.31,0.9888,0.5320,0.184410,32,3,10,7.54,0.7609,0.0699,0.003942,4.346
257181,520,436,956,203,21,229,321.73,0.9793,0.5498,0.188917,22,22,3,109.28,0.7389,0.0943,0.007510,4.154
257182,520,1,521,255,255,255,0.00,0.0000,1.0000,1.000000,55,136,24,139.04,0.9763,0.4841,0.184859,4.471
257206,520,352,872,222,81,214,330.12,0.8636,0.6169,0.262716,46,44,17,104.95,0.5627,0.1858,0.024227,4.213
257212,520,434,954,196,36,232,318.86,0.9550,0.5474,0.188252,20,12,58,283.83,0.7891,0.1002,0.007171,4.167
257224,520,392,912,219,58,210,330.50,0.9022,0.5860,0.227415,38,3,96,288.61,0.9733,0.1514,0.013217,4.388
257225,520,419,939,203,12,241,319.05,0.9920,0.5566,0.193120,29,10,56,297.37,0.7717,0.1051,0.007638,4.218
257227,520,413,933,207,82,161,344.67,0.7169,0.5660,0.218751,40,19,28,353.42,0.3993,0.1177,0.010008,4.479
257237,520,453,973,226,34,89,12.46,0.9358,0.5282,0.180369,7,17,0,130.62,1.0000,0.0672,0.004461,4.230
257244,520,475,995,197,31,198,327.95,0.9285,0.5212,0.169292,0,2,19,262.55,1.0001,0.0296,0.000904,4.308
257247,520,408,928,190,103,160,341.72,0.5565,0.5719,0.231870,8,36,20,155.25,0.8200,0.1304,0.013638,4.429
257257,520,426,946,236,8,145,353.65,0.9890,0.5577,0.200539,36,13,50,310.36,0.6748,0.1138,0.008932,4.251
257261,520,370,890,253,43,149,356.86,0.9816,0.6063,0.247839,53,26,56,323.43,0.5177,0.1659,0.017813,4.392
257263,520,392,912,234,87,33,38.43,0.9412,0.5886,0.244215,22,39,17,138.84,0.6202,0.1475,0.016620,4.416
257274,520,432,952,221,76,25,37.48,0.9479,0.5490,0.206138,39,12,28,346.00,0.5597,0.1034,0.007782,4.433
257286,520,408,928,209,76,180,337.38,0.7746,0.5709,0.220214,51,14,28,359.64,0.6204,0.1275,0.011018,4.428
257302,520,466,986,194,74,121,358.97,0.6829,0.5161,0.177491,18,0,29,311.64,1.0000,0.0516,0.002173,4.360
257322,520,444,964,187,79,188,327.25,0.7331,0.5441,0.197889,7,19,11,154.49,0.4963,0.0755,0.005351,4.479
257342,520,422,942,225,79,3,40.03,0.9945,0.5597,0.216088,39,20,18,26.47,0.3759,0.1148,0.009754,4.453
257350,520,479,999,145,90,194,306.42,0.6542,0.5062,0.172275,2,0,3,318.71,1.0000,0.0147,0.000195,4.428
257378,520,400,920,246,44,122,4.76,0.9361,0.5839,0.228027,4,38,36,189.28,0.8466,0.1407,0.015393,4.252
257380,520,463,983,209,42,163,342.20,0.8672,0.5285,0.178577,3,6,35,269.43,0.8760,0.0548,0.002709,4.337
257387,520,412,932,235,1,181,342.30,0.9989,0.5716,0.210230,46,11,41,333.76,0.6732,0.1206,0.009804,4.351
257394,520,378,898,248,49,151,355.59,0.9409,0.6014,0.243908,28,38,37,188.79,0.1702,0.1554,0.017666,4.343
257428,520,330,850,254,97,51,36.51,0.9921,0.6401,0.298627,48,51,2,113.34,0.9511,0.2068,0.030004,4.358
257433,520,476,996,219,24,77,14.89,0.9583,0.5056,0.162518,4,0,11,304.75,1.0000,0.0232,0.000500,4.208
257440,520,465,985,143,77,236,297.99,0.8725,0.5152,0.172037,16,3,10,345.02,0.5681,0.0457,0.001972,4.272
257458,520,390,910,218,72,199,333.52,0.8452,0.5915,0.236658,14,43,13,142.90,0.9037,0.1549,0.018501,4.185
257468,520,468,988,189,78,131,353.13,0.6502,0.5171,0.179079,9,2,21,300.99,0.7584,0.0409,0.001556,4.443
257470,520,301,821,212,115,249,315.82,0.9412,0.6704,0.330994,42,61,0,126.72,1.0000,0.2320,0.038297,4.315
257485,520,401,921,253,47,5,31.90,0.9967,0.5824,0.229304,64,6,0,32.87,1.0000,0.1373,0.012204,4.490
257498,520,446,966,191,87,139,351.13,0.6157,0.5375,0.197584,30,13,10,30.86,0.4316,0.0849,0.005858,4.432
257519,520,229,749,246,152,165,11.08,0.7765,0.7431,0.447682,4,82,17,144.55,0.9948,0.2878,0.061006,4.483
257523,520,395,915,240,78,68,27.63,0.9149,0.5917,0.243945,17,39,8,137.75,0.8952,0.1425,0.015877,4.462
257525,520,380,900,226,27,239,325.21,0.9839,0.5983,0.231869,56,12,70,316.53,0.7855,0.1597,0.015460,4.306
257528,520,470,990,182,7,245,312.48,0.9947,0.5250,0.166907,11,4,3,32.81,0.3762,0.0399,0.001646,4.200
257544,520,389,909,255,50,17,31.48,1.0000,0.5890,0.235855,50,22,47,331.27,0.5192,0.1484,0.014572,4.427
257561,520,374,894,209,70,240,319.64,0.9261,0.6012,0.242285,48,28,59,312.61,0.4930,0.1646,0.017747,4.314
257575,520,244,764,253,145,147,19.36,0.9360,0.7346,0.432427,14,80,20,144.08,0.9789,0.2833,0.058810,4.434
257580,520,411,931,224,6,218,329.82,0.9953,0.5746,0.210419,2,2,92,265.32,0.9970,0.1161,0.008289,4.468
257581,520,390,910,216,45,235,323.40,0.9553,0.5879,0.224758,51,24,34,357.28,0.4288,0.1476,0.014727,4.245
257605,520,435,955,198,56,218,322.41,0.8917,0.5549,0.198976,27,17,7,66.13,0.4491,0.0885,0.006493,4.407
257612,520,478,998,175,19,242,310.92,0.9826,0.5145,0.159915,4,1,6,314.84,0.6159,0.0242,0.000607,4.148
257619,520,379,899,250,73,17,35.46,0.9859,0.6003,0.251331,39,40,3,111.12,0.8899,0.1641,0.019555,4.332
257643,520,432,952,243,33,7,30.52,0.9946,0.5530,0.201612,27,10,52,297.38,0.7487,0.0991,0.006980,4.416
257645,520,330,850,254,28,230,333.77,0.9958,0.6415,0.276177,62,34,74,314.96,0.5346,0.2064,0.026627,4.257
257654,520,432,952,196,95,114,9.88,0.5853,0.5498,0.211368,16,19,51,275.43,0.6356,0.1039,0.008149,4.495
257684,520,344,864,255,83,76,26.64,1.0000,0.6269,0.279719,31,43,67,263.44,0.4017,0.1881,0.024242,4.441
257686,520,411,931,232,60,134,359.44,0.8566,0.5737,0.221116,28,24,45,291.56,0.3952,0.1220,0.010896,4.452
257690,520,454,974,229,25,81,14.81,0.9645,0.5279,0.179503,20,12,6,60.45,0.3600,0.0686,0.004248,4.231
257692,520,459,979,202,24,209,326.41,0.9613,0.5344,0.178151,18,8,12,353.62,0.3105,0.0599,0.003288,4.281
257697,520,278,798,253,84,246,329.63,0.9924,0.6883,0.338800,1,38,154,263.77,0.9964,0.2516,0.037255,4.456
257706,520,456,976,218,64,8,36.25,0.9859,0.5276,0.185923,2,1,52,267.68,0.9939,0.0607,0.002825,4.466
257730,520,443,963,207,15,209,327.80,0.9801,0.5401,0.182124,24,5,48,298.60,0.8241,0.0842,0.005161,4.208
257749,520,404,924,237,10,183,342.23,0.9902,0.5782,0.216434,49,22,7,48.12,0.6804,0.1329,0.012422,4.268
257780,520,418,938,188,65,234,314.98,0.8947,0.5599,0.204136,14,32,10,140.03,0.7713,0.1185,0.011483,4.133
257796,520,368,888,235,75,165,349.86,0.8396,0.6069,0.254137,79,8,1,31.70,0.9859,0.1732,0.018384,4.447
257820,520,195,715,251,160,215,343.30,0.9337,0.7823,0.505593,16,91,38,148.24,0.9710,0.3241,0.077319,4.364
257828,520,443,963,232,29,81,15.45,0.9599,0.5360,0.186317,4,19,29,238.22,0.6197,0.0807,0.005802,4.235
257831,520,439,959,193,63,212,322.29,0.8538,0.5495,0.196474,3,26,16,162.84,0.8654,0.0948,0.007955,4.253
257841,520,471,991,211,68,35,34.16,0.9124,0.5204,0.181068,12,5,1,65.59,0.6584,0.0428,0.001889,4.453
257842,520,355,875,234,57,226,330.11,0.9457,0.6205,0.259122,22,48,7,136.32,0.9384,0.1753,0.022998,4.235
257843,520,354,874,237,14,251,325.20,0.9958,0.6219,0.252862,61,23,70,319.54,0.6606,0.1826,0.020472,4.298
257852,520,453,973,198,66,165,339.24,0.7633,0.5325,0.186206,12,11,35,281.65,0.5962,0.0719,0.004388,4.343
257863,520,460,980,183,32,237,314.08,0.9619,0.5284,0.172159,15,11,15,326.07,0.1632,0.0637,0.003754,4.133
257864,520,404,924,195,74,227,318.47,0.8642,0.5752,0.220470,18,15,80,274.89,0.9075,0.1268,0.010494,4.471
257867,520,345,865,221,71,250,320.60,0.9749,0.6277,0.267826,81,17,0,36.33,1.0000,0.1868,0.021505,4.445
257869,520,368,888,211,78,229,322.72,0.8827,0.6055,0.249565,30,33,72,277.12,0.5667,0.1650,0.018316,4.385
257919,520,341,861,190,127,192,325.71,0.5235,0.6316,0.299326,44,47,49,236.70,0.0487,0.2016,0.027902,4.484
257936,520,330,850,247,39,236,330.79,0.9811,0.6376,0.272842,47,50,41,122.34,0.1455,0.2102,0.030456,4.013
257950,520,330,850,223,123,105,31.31,0.6720,0.6397,0.308760,48,53,5,115.61,0.8927,0.2131,0.031855,4.383
257994,520,423,943,238,30,108,7.28,0.9551,0.5557,0.201916,26,27,5,111.53,0.6930,0.1126,0.010144,4.189
258001,520,434,954,233,11,127,359.11,0.9834,0.5451,0.190983,13,18,47,272.61,0.6316,0.0962,0.007234,4.210
258003,520,432,952,236,6,121,1.59,0.9917,0.5481,0.193467,20,12,59,283.45,0.7972,0.1011,0.007274,4.251
258030,520,407,927,205,63,216,324.84,0.8790,0.5714,0.214937,7,32,45,234.67,0.6723,0.1282,0.012676,4.227
258031,520,260,780,229,129,230,326.79,0.8423,0.7051,0.380735,61,59,82,288.26,0.2564,0.2681,0.047292,4.427
258058,520,257,777,245,117,232,331.40,0.9452,0.7097,0.379636,74,62,29,89.77,0.5382,0.2727,0.049899,4.301
258077,520,366,886,255,68,37,32.00,1.0000,0.6059,0.255315,45,39,28,82.52,0.2363,0.1730,0.020928,4.305
258080,520,464,984,224,37,29,28.86,0.9647,0.5164,0.172620,16,7,10,356.60,0.2998,0.0548,0.002840,4.213
258098,520,346,866,245,8,249,327.47,0.9979,0.6331,0.264285,72,11,70,329.54,0.7937,0.1872,0.020595,4.452
258103,520,346,866,202,100,241,315.60,0.8894,0.6291,0.280230,61,34,47,350.00,0.3715,0.1899,0.023415,4.498
258114,520,453,973,221,60,46,29.33,0.9116,0.5317,0.188038,19,12,22,315.52,0.3129,0.0729,0.004593,4.360
258132,520,448,968,168,75,231,308.34,0.8568,0.5406,0.191272,28,12,6,42.87,0.5028,0.0791,0.005230,4.368
258175,520,433,953,196,25,237,317.92,0.9762,0.5460,0.185469,15,17,49,276.37,0.6528,0.0971,0.007242,4.114
258176,520,421,941,225,73,94,16.59,0.8175,0.5626,0.215834,26,27,8,111.55,0.5609,0.1132,0.010210,4.415
258187,520,355,875,223,60,254,320.53,0.9953,0.6238,0.260774,51,33,57,317.43,0.3937,0.1782,0.020870,4.385
258196,520,250,770,219,140,243,318.03,0.8734,0.7182,0.402886,36,69,77,215.20,0.4361,0.2732,0.051670,4.454
258199,520,399,919,228,35,207,333.62,0.9581,0.5841,0.222035,8,36,50,234.04,0.6869,0.1435,0.015436,4.157
258212,520,424,944,152,103,220,300.76,0.7244,0.5561,0.215435,25,25,3,109.36,0.7782,0.1056,0.009085,4.492
258224,520,417,937,213,81,144,353.79,0.7241,0.5674,0.220467,20,26,43,268.64,0.3703,0.1182,0.010619,4.462
258227,520,294,814,253,107,158,0.99,0.9551,0.6756,0.338698,39,54,86,264.31,0.4399,0.2370,0.037414,4.447
258231,520,427,947,236,0,160,348.77,1.0000,0.5628,0.203739,22,18,38,291.56,0.4321,0.0976,0.007431,4.418
258240,520,284,804,251,129,49,49.49,0.9597,0.6858,0.364345,19,62,88,239.35,0.7017,0.2500,0.042881,4.461
258246,520,467,987,217,58,63,24.02,0.8835,0.5241,0.181392,7,1,30,287.49,0.9273,0.0429,0.001606,4.484
258247,520,415,935,238,30,157,350.70,0.9543,0.5738,0.215430,9,4,92,269.10,0.9909,0.1224,0.009175,4.485
258257,520,473,993,213,22,153,346.08,0.9392,0.5199,0.170222,14,0,3,3.21,1.0000,0.0323,0.001000,4.318
258260,520,332,852,252,70,175,349.79,0.9689,0.6361,0.281742,55,30,86,301.27,0.6575,0.1981,0.024127,4.475
258303,520,399,919,254,31,57,23.72,0.9953,0.5787,0.223500,30,35,24,127.76,0.2516,0.1439,0.015440,4.179
258315,520,445,965,238,9,41,25.08,0.9948,0.5356,0.185359,6,18,25,234.55,0.4627,0.0774,0.005415,4.247
258331,520,478,998,140,81,225,298.42,0.8144,0.5084,0.168967,1,0,15,275.86,1.0000,0.0213,0.000409,4.344
258332,520,469,989,194,4,222,321.11,0.9952,0.5247,0.168316,0,0,41,264.05,1.0000,0.0440,0.001601,4.231
258339,520,458,978,233,34,24,29.23,0.9746,0.5332,0.185368,7,8,29,277.10,0.6217,0.0579,0.003075,4.435
258388,520,423,943,228,70,50,30.59,0.9051,0.5570,0.211074,46,11,1,40.42,0.9260,0.1066,0.008225,4.484
258390,520,467,987,228,24,31,27.32,0.9820,0.5179,0.172492,7,7,1,109.16,0.6845,0.0429,0.001993,4.279
258406,520,384,904,208,83,204,328.95,0.8008,0.5915,0.239578,63,18,21,19.63,0.6791,0.1543,0.015437,4.425
258418,520,429,949,223,73,11,37.95,0.9812,0.5483,0.204799,13,26,21,168.05,0.3602,0.1024,0.008785,4.334
258427,520,383,903,244,67,123,6.60,0.9001,0.5993,0.246807,14,39,37,188.46,0.5357,0.1488,0.016779,4.445
258432,520,383,903,232,31,226,329.72,0.9773,0.6014,0.236293,1,43,27,162.49,0.9843,0.1527,0.018133,4.202
258456,520,348,868,244,28,236,330.13,0.9878,0.6277,0.261226,3,28,123,264.41,0.9665,0.1949,0.022797,4.275
258507,520,424,944,199,2,254,315.27,0.9990,0.5589,0.193428,11,14,70,271.44,0.9135,0.1092,0.008274,4.177
258514,520,431,951,209,13,218,326.04,0.9865,0.5495,0.189070,4,17,59,264.84,0.8987,0.0992,0.007424,4.163
258516,520,264,784,240,136,170,359.85,0.7410,0.7068,0.390382,32,73,3,136.29,0.9900,0.2650,0.050786,4.369
258521,520,441,961,237,31,66,20.54,0.9679,0.5446,0.193811,8,5,67,271.68,0.9706,0.0902,0.005654,4.381
258528,520,478,998,180,12,227,315.88,0.9859,0.5072,0.155135,0,1,9,261.82,1.0000,0.0198,0.000414,4.069
258538,520,435,955,207,15,224,324.04,0.9856,0.5510,0.189907,26,7,46,302.06,0.7636,0.0881,0.005688,4.308
258557,520,369,889,241,67,158,353.07,0.8814,0.6063,0.251867,20,39,65,256.62,0.5443,0.1680,0.019813,4.324
258564,520,244,764,226,142,235,323.46,0.8338,0.7264,0.415144,11,80,11,142.77,0.9867,0.2817,0.058324,4.294
258565,520,460,980,167,69,231,308.50,0.8687,0.5317,0.182420,4,8,32,269.38,0.7548,0.0575,0.003037,4.382
258570,520,435,955,174,66,242,308.62,0.9208,0.5470,0.193067,35,2,45,317.21,0.8732,0.0924,0.005902,4.348
258588,520,403,923,253,16,114,6.93,0.9878,0.5830,0.224718,4,25,75,262.89,0.9267,0.1328,0.012290,4.410
258599,520,391,911,245,66,82,20.97,0.9341,0.5902,0.239214,47,30,29,22.88,0.2664,0.1529,0.016217,4.368
258602,520,451,971,232,29,85,14.15,0.9580,0.5369,0.186935,12,10,39,281.37,0.6793,0.0730,0.004417,4.354
258609,520,388,908,242,58,132,1.84,0.8950,0.5901,0.235725,2,27,87,262.56,0.9702,0.1492,0.014848,4.406
258612,520,453,973,230,1,99,7.92,0.9985,0.5276,0.177485,13,12,35,282.25,0.5648,0.0746,0.004698,4.159
258613,520,338,858,233,86,212,333.85,0.8771,0.6392,0.287351,2,57,31,156.28,0.9861,0.2024,0.030380,4.197
258614,520,465,985,223,51,6,33.40,0.9918,0.5242,0.180716,10,6,14,308.36,0.3384,0.0479,0.002265,4.414
258615,520,361,881,251,64,154,356.27,0.9572,0.6201,0.265125,80,13,7,29.84,0.9182,0.1810,0.020090,4.496
258621,520,428,948,198,51,235,318.32,0.9319,0.5631,0.203730,36,11,35,328.99,0.6014,0.1007,0.007358,4.424
258626,520,332,852,238,47,254,324.51,0.9964,0.6388,0.273684,55,16,107,295.68,0.8732,0.1982,0.022444,4.468
258631,520,204,724,255,144,249,329.10,1.0000,0.7745,0.480484,55,80,65,157.75,0.3202,0.3147,0.069311,4.446
258635,520,397,917,239,38,148,354.19,0.9358,0.5759,0.218781,19,29,60,268.14,0.5787,0.1370,0.013434,4.237
258643,520,391,911,203,67,237,318.73,0.9130,0.5869,0.228267,20,31,66,268.13,0.6130,0.1475,0.015220,4.267
258682,520,454,974,174,56,239,309.91,0.9191,0.5342,0.180599,18,1,46,293.79,0.9555,0.0683,0.003476,4.312
258691,520,466,986,227,20,61,20.36,0.9788,0.5178,0.171711,17,3,6,4.05,0.5726,0.0455,0.001975,4.266
258696,520,441,961,217,40,167,342.86,0.8942,0.5441,0.190617,14,5,67,276.90,0.9535,0.0942,0.006071,4.291
258705,520,461,981,181,5,250,311.16,0.9966,0.5275,0.168355,5,5,35,275.08,0.8484,0.0544,0.002621,4.150
258717,520,385,905,217,95,146,356.36,0.6827,0.5949,0.250136,6,40,37,186.62,0.7941,0.1485,0.016898,4.486
258743,520,409,929,219,6,230,325.70,0.9960,0.5742,0.209056,23,20,69,279.60,0.7514,0.1278,0.011121,4.238
258750,520,212,732,212,173,211,327.01,0.4372,0.7605,0.485881,32,87,22,140.81,0.9539,0.3137,0.071811,4.399
258762,520,371,891,251,74,83,22.51,0.9689,0.6102,0.260348,27,44,22,138.79,0.5517,0.1682,0.020923,4.376
258763,520,460,980,218,23,156,346.31,0.9440,0.5315,0.179210,28,2,8,6.81,0.7835,0.0605,0.003079,4.318
258786,520,467,987,218,21,140,351.72,0.9464,0.5232,0.173377,13,2,15,322.73,0.6801,0.0417,0.001635,4.326
258802,520,470,990,164,81,192,316.81,0.7042,0.5153,0.175839,12,1,23,307.05,0.8511,0.0427,0.001617,4.375
258815,520,341,861,199,108,235,315.48,0.8351,0.6334,0.288665,36,40,88,276.43,0.5984,0.2001,0.025972,4.458
258830,520,365,885,242,55,176,346.44,0.9159,0.6055,0.247472,53,30,53,326.88,0.4239,0.1723,0.019425,4.285
258843,520,469,989,212,64,24,34.96,0.9482,0.5166,0.177322,2,9,1,139.37,0.9226,0.0430,0.002105,4.363
258853,520,410,930,212,61,204,330.27,0.8720,0.5733,0.216961,43,25,14,51.73,0.4561,0.1311,0.012406,4.278
258864,520,425,945,212,27,212,328.27,0.9635,0.5553,0.195364,19,28,14,134.91,0.4343,0.1107,0.010006,4.089
258866,520,408,928,216,21,226,325.83,0.9820,0.5698,0.206283,52,14,37,346.28,0.6372,0.1333,0.011778,4.148
258872,520,389,909,240,70,92,18.03,0.8939,0.5869,0.236814,29,36,41,239.19,0.1513,0.1522,0.016830,4.292
258911,520,468,988,200,77,74,24.66,0.7438,0.5177,0.180835,19,1,10,347.76,0.7779,0.0448,0.001821,4.454
258923,520,452,972,230,36,15,30.41,0.9846,0.5276,0.181223,19,9,25,311.80,0.4724,0.0686,0.004040,4.279
258924,520,342,862,242,22,251,326.31,0.9933,0.6324,0.264188,62,17,90,308.57,0.8029,0.1924,0.021633,4.386
258931,520,325,845,200,120,224,318.06,0.7438,0.6482,0.310952,54,51,11,105.02,0.7653,0.2146,0.031761,4.415
258943,520,475,995,163,58,243,305.37,0.9327,0.5240,0.172843,11,1,8,336.75,0.7125,0.0337,0.001104,4.361
258950,520,412,932,199,48,248,315.74,0.9659,0.5725,0.210347,24,23,52,282.51,0.5224,0.1205,0.010549,4.300
258952,520,357,877,235,13,248,325.40,0.9957,0.6161,0.247298,67,17,70,325.49,0.7362,0.1844,0.020365,4.225
258957,520,456,976,197,71,145,347.63,0.7185,0.5271,0.184229,13,6,25,299.10,0.5827,0.0563,0.002860,4.431
258962,520,474,994,147,75,242,298.56,0.9064,0.5225,0.176462,4,0,23,286.41,1.0000,0.0314,0.000877,4.451
258969,520,448,968,200,63,177,335.37,0.7949,0.5391,0.190105,14,19,21,224.02,0.1401,0.0839,0.006132,4.277
258977,520,419,939,243,40,25,29.71,0.9771,0.5578,0.206459,35,12,50,309.34,0.6924,0.1109,0.008506,4.383
258993,520,471,991,213,55,98,9.82,0.8301,0.5210,0.177627,8,7,3,98.62,0.3312,0.0445,0.002102,4.369
259012,520,441,961,119,103,242,283.82,0.8705,0.5387,0.200329,23,14,40,297.28,0.5566,0.0917,0.006494,4.431
259019,520,319,839,239,82,216,334.21,0.9128,0.6465,0.293458,78,10,98,316.52,0.8689,0.2198,0.027188,4.450
259022,520,319,839,219,127,153,2.37,0.5817,0.6546,0.325406,3,56,82,237.14,0.9198,0.2232,0.034567,4.439
259023,520,350,870,247,65,182,346.11,0.9352,0.6257,0.269353,46,45,10,107.67,0.7359,0.1877,0.024796,4.270
259024,520,444,964,235,6,113,4.12,0.9917,0.5434,0.189878,19,4,49,291.30,0.8709,0.0777,0.004470,4.404
259026,520,138,658,248,200,139,72.69,0.7798,0.8386,0.631307,21,104,62,155.64,0.9431,0.3739,0.104074,4.422
259028,520,379,899,232,89,103,17.69,0.8057,0.5984,0.252826,14,42,47,210.92,0.5729,0.1628,0.019544,4.354
259053,520,417,937,250,28,15,29.56,0.9900,0.5656,0.211927,9,26,53,259.28,0.6778,0.1179,0.010539,4.327
259055,520,425,945,232,20,170,345.06,0.9712,0.5645,0.205612,21,14,60,283.25,0.7706,0.1064,0.007997,4.407
259058,520,451,971,200,1,223,322.51,0.9989,0.5351,0.176305,32,1,26,336.52,0.8472,0.0728,0.004034,4.188
259071,520,393,913,224,15,241,324.34,0.9927,0.5927,0.225420,28,36,9,123.63,0.6866,0.1417,0.015283,4.219
259081,520,474,994,194,67,151,343.73,0.7341,0.5197,0.177197,8,2,10,320.09,0.5791,0.0341,0.001170,4.440
259082,520,459,979,238,9,15,28.55,0.9958,0.5337,0.184103,7,6,31,279.77,0.7191,0.0551,0.002743,4.439
259084,520,410,930,228,55,163,347.52,0.8707,0.5738,0.218733,23,30,33,225.71,0.1507,0.1263,0.012205,4.320
259086,520,382,902,227,47,219,330.20,0.9465,0.5969,0.234808,75,3,24,11.93,0.9297,0.1634,0.016272,4.298
259093,520,352,872,221,115,68,43.44,0.7634,0.6152,0.280532,8,53,3,141.37,0.9895,0.1856,0.026043,4.347
259103,520,477,997,168,81,176,324.17,0.6623,0.5110,0.173452,1,1,14,273.55,0.9013,0.0244,0.000599,4.416
259124,520,470,990,188,32,219,319.80,0.9455,0.5218,0.168402,5,4,13,289.00,0.4446,0.0377,0.001482,4.242
259134,520,375,895,249,78,15,36.77,0.9871,0.6041,0.256265,10,46,8,142.32,0.9600,0.1626,0.020360,4.353
259143,520,436,956,240,22,101,9.48,0.9737,0.5545,0.200419,5,16,56,266.08,0.8803,0.0948,0.006883,4.402
259150,520,410,930,247,25,87,14.95,0.9777,0.5667,0.211611,24,6,87,279.69,0.9600,0.1286,0.010125,4.351
259157,520,445,965,226,25,134,355.72,0.9459,0.5382,0.185880,0,21,7,154.27,1.0000,0.0753,0.005516,4.249
259158,520,393,913,225,37,223,328.73,0.9637,0.5901,0.226607,22,30,58,269.96,0.5101,0.1402,0.014046,4.319
259174,520,389,909,252,61,39,30.55,0.9862,0.5934,0.241831,26,28,77,276.45,0.7001,0.1545,0.015859,4.431
259175,520,350,870,251,59,196,342.48,0.9712,0.6346,0.276259,64,37,21,50.60,0.5144,0.1933,0.024674,4.369
259191,520,422,942,168,93,224,308.10,0.7812,0.5615,0.215360,9,30,14,149.48,0.7438,0.1101,0.010183,4.409
259200,520,334,854,245,52,230,331.77,0.9656,0.6380,0.275845,2,27,126,264.29,0.9710,0.1968,0.023029,4.462
259219,520,362,882,224,43,255,320.94,1.0000,0.6143,0.247971,37,27,99,281.96,0.7990,0.1843,0.020780,4.210
259244,520,437,957,199,9,246,316.92,0.9944,0.5535,0.189928,15,19,40,273.67,0.4843,0.0949,0.007205,4.194
259262,520,329,849,246,52,243,328.86,0.9734,0.6479,0.285227,14,55,49,181.67,0.7376,0.2054,0.030474,4.166
259292,520,444,964,185,66,209,320.43,0.8282,0.5382,0.188154,2,21,10,157.68,0.9022,0.0775,0.005711,4.275
259296,520,373,893,227,52,220,329.92,0.9390,0.6011,0.239565,36,5,103,284.43,0.9687,0.1600,0.014628,4.480
259297,520,469,989,203,55,145,347.88,0.7958,0.5196,0.174752,13,1,9,338.43,0.7341,0.0365,0.001270,4.384
259298,520,385,905,216,52,226,325.50,0.9337,0.5866,0.225479,66,13,10,27.76,0.8475,0.1512,0.014682,4.259
259303,520,170,690,236,171,245,322.39,0.8926,0.7979,0.535526,27,96,7,140.32,0.9913,0.3409,0.086138,4.301
259312,520,395,915,199,61,251,314.59,0.9764,0.5855,0.224460,57,1,58,327.51,0.9392,0.1403,0.011972,4.429
259321,520,424,944,197,53,234,318.20,0.9258,0.5624,0.203585,39,21,6,59.29,0.6306,0.1144,0.009809,4.240
259344,520,380,900,240,74,109,12.52,0.8733,0.5954,0.245300,12,44,10,142.36,0.9390,0.1569,0.019014,4.279
259347,520,469,989,213,66,48,30.39,0.8843,0.5231,0.182584,4,4,26,276.64,0.7746,0.0442,0.001872,4.484
259398,520,441,961,209,33,197,331.52,0.9337,0.5429,0.186763,23,19,14,73.20,0.1787,0.0902,0.006796,4.169
259401,520,386,906,229,76,154,352.78,0.8045,0.5929,0.241626,31,34,37,248.12,0.0752,0.1467,0.015689,4.439
259403,520,397,917,220,38,226,326.71,0.9609,0.5841,0.220950,47,25,23,25.62,0.3772,0.1395,0.013615,4.259
259405,520,391,911,234,18,208,334.74,0.9858,0.5889,0.224818,13,5,109,269.26,0.9919,0.1498,0.012981,4.363
259427,520,470,990,212,28,153,345.98,0.9168,0.5206,0.171298,3,0,33,275.27,1.0000,0.0390,0.001292,4.315
259441,520,440,960,222,11,176,340.81,0.9820,0.5460,0.189060,40,0,38,330.53,1.0000,0.0926,0.005911,4.276
259473,520,361,881,252,58,159,354.30,0.9698,0.6189,0.262282,8,35,97,263.16,0.9164,0.1803,0.021166,4.388
259483,520,441,961,236,2,98,9.20,0.9976,0.5402,0.187613,34,16,0,65.14,1.0000,0.0947,0.007107,4.161
259486,520,409,929,199,99,126,4.45,0.5767,0.5653,0.225738,5,33,36,205.02,0.7397,0.1254,0.012473,4.414
259499,520,462,982,218,46,117,1.80,0.8629,0.5287,0.181463,10,4,19,302.79,0.5832,0.0456,0.001984,4.453
259502,520,437,957,235,49,4,32.75,0.9959,0.5470,0.198707,10,22,9,142.43,0.5672,0.0855,0.006581,4.396
259504,520,460,980,233,15,56,21.83,0.9881,0.5282,0.179539,23,4,23,327.67,0.6685,0.0629,0.003309,4.306
259513,520,372,892,233,17,248,324.92,0.9939,0.6136,0.245043,25,20,103,274.79,0.9218,0.1670,0.016862,4.413
259519,520,343,863,253,63,181,347.65,0.9814,0.6342,0.277772,31,46,51,220.50,0.2481,0.1877,0.024843,4.379
259529,520,461,981,218,1,163,343.76,0.9978,0.5291,0.175739,4,8,27,268.55,0.6594,0.0540,0.002786,4.277
259531,520,399,919,238,0,177,344.11,1.0000,0.5751,0.213545,7,17,91,267.12,0.9600,0.1371,0.012013,4.250
259540,520,477,997,171,52,216,314.59,0.8771,0.5072,0.160727,2,1,3,309.84,0.4147,0.0195,0.000412,4.180
259564,520,355,875,239,4,250,325.91,0.9988,0.6228,0.253423,18,33,98,267.90,0.8679,0.1810,0.020980,4.275
259577,520,457,977,200,58,162,340.63,0.7927,0.5256,0.179159,20,8,17,336.49,0.3975,0.0641,0.003629,4.273
259591,520,334,854,240,96,158,356.35,0.8242,0.6387,0.293624,29,53,43,165.77,0.4190,0.2044,0.029818,4.305
259594,520,423,943,250,19,20,28.61,0.9922,0.5624,0.208439,12,24,49,263.32,0.5942,0.1114,0.009531,4.341
259614,520,387,907,237,55,152,353.41,0.8894,0.5856,0.230068,67,3,36,355.83,0.8707,0.1499,0.013860,4.386
259616,520,386,906,203,70,243,317.17,0.9344,0.5943,0.235493,37,27,63,294.00,0.5418,0.1513,0.015361,4.368
259619,520,463,983,210,61,110,5.17,0.7907,0.5252,0.181672,10,0,35,290.59,1.0000,0.0477,0.001859,4.467
259623,520,330,850,193,113,249,309.23,0.9204,0.6427,0.299881,21,44,102,264.63,0.7939,0.2122,0.029200,4.418
259628,520,469,989,166,70,213,312.45,0.8105,0.5175,0.172922,0,2,37,264.12,0.9835,0.0447,0.001770,4.306
259631,520,385,905,242,4,187,342.17,0.9967,0.5888,0.225550,58,10,61,325.43,0.7757,0.1540,0.014537,4.270
259632,520,426,946,220,37,185,337.89,0.9252,0.5577,0.200439,51,3,14,12.87,0.8745,0.1080,0.008008,4.317
259642,520,418,938,169,74,251,304.48,0.9660,0.5569,0.202982,0,23,70,260.47,1.0000,0.1212,0.010549,4.178
259646,520,430,950,218,53,151,349.29,0.8418,0.5481,0.196884,24,10,53,292.55,0.7630,0.0965,0.006683,4.356
259647,520,456,976,204,32,190,332.17,0.9230,0.5289,0.175900,17,8,5,43.93,0.3518,0.0565,0.003038,4.259
259654,520,423,943,215,63,165,343.97,0.8125,0.5588,0.207209,32,22,24,5.23,0.1921,0.1115,0.009469,4.325
259660,520,298,818,243,78,245,327.43,0.9648,0.6657,0.310986,102,16,17,26.15,0.9146,0.2340,0.032363,4.383
259675,520,270,790,239,146,77,55.04,0.8198,0.7027,0.394467,27,72,32,145.70,0.8814,0.2625,0.049719,4.457
259683,520,237,757,254,149,16,62.18,0.9901,0.7258,0.426061,56,74,42,132.43,0.4736,0.2907,0.059054,4.365
259695,520,387,907,224,21,240,324.53,0.9885,0.5936,0.226771,66,4,33,358.72,0.8495,0.1475,0.013551,4.355
259718,520,421,941,245,16,78,16.93,0.9879,0.5576,0.203366,10,18,69,269.39,0.8871,0.1148,0.009268,4.275
259732,520,382,902,247,65,96,16.37,0.9373,0.5960,0.244027,56,23,48,337.32,0.5375,0.1605,0.016671,4.410
259734,520,448,968,204,67,167,340.33,0.7752,0.5450,0.196436,34,5,13,5.94,0.6919,0.0780,0.004777,4.499
259763,520,471,991,211,66,34,33.80,0.9177,0.5178,0.178632,9,7,0,100.74,1.0000,0.0444,0.002100,4.388
259772,520,404,924,234,1,198,337.35,0.9991,0.5793,0.215941,32,13,78,288.38,0.8462,0.1346,0.011450,4.328
259774,520,382,902,183,117,187,324.87,0.5385,0.6008,0.263786,4,47,5,143.17,0.9860,0.1634,0.020697,4.438
259791,520,465,985,192,79,114,3.53,0.6505,0.5174,0.180150,16,4,5,13.89,0.4789,0.0463,0.002080,4.419
259798,520,454,974,219,42,120,0.45,0.8784,0.5287,0.180746,1,10,45,263.26,0.9503,0.0699,0.004130,4.263
259806,520,389,909,245,64,69,24.46,0.9442,0.5860,0.235123,68,4,28,5.26,0.8710,0.1500,0.013998,4.455
259809,520,455,975,195,52,198,327.14,0.8600,0.5327,0.181369,15,7,31,295.96,0.6332,0.0642,0.003524,4.323
259822,520,416,936,242,53,31,30.63,0.9665,0.5657,0.215257,38,24,7,69.80,0.6049,0.1201,0.010807,4.362
259832,520,458,978,233,18,65,19.62,0.9832,0.5305,0.181410,18,1,33,305.92,0.9044,0.0568,0.002601,4.399
259835,520,340,860,232,68,249,323.82,0.9753,0.6414,0.281318,18,52,47,182.44,0.6140,0.1965,0.027897,4.253
259841,520,382,902,222,44,232,325.69,0.9584,0.5951,0.231593,64,22,7,39.42,0.7936,0.1602,0.016793,4.216
259848,520,397,917,164,98,251,300.14,0.9446,0.5845,0.235932,12,38,3,138.25,0.9703,0.1357,0.014709,4.419
259860,520,419,939,235,61,4,34.78,0.9954,0.5579,0.210115,34,14,44,313.08,0.6050,0.1083,0.008360,4.457
259864,520,467,987,192,53,189,328.93,0.8355,0.5226,0.174284,3,7,10,232.68,0.3281,0.0422,0.001932,4.319
259897,520,474,994,226,26,48,24.07,0.9743,0.5163,0.171239,6,2,12,305.61,0.6139,0.0327,0.001087,4.331
259903,520,370,890,212,88,206,329.54,0.8004,0.6054,0.254345,17,44,43,192.18,0.5229,0.1687,0.020949,4.290
259909,520,314,834,225,90,254,320.09,0.9939,0.6571,0.304775,73,42,17,57.16,0.6441,0.2187,0.031131,4.373
259913,520,374,894,229,40,220,330.46,0.9603,0.5967,0.233453,38,16,93,287.46,0.8634,0.1618,0.015729,4.312
259919,520,395,915,234,35,191,339.51,0.9538,0.5856,0.224588,46,24,25,17.13,0.3690,0.1364,0.013044,4.356
259920,520,380,900,234,71,166,348.93,0.8461,0.6012,0.247548,18,36,67,260.55,0.6069,0.1600,0.017955,4.379
259929,520,372,892,218,97,176,342.98,0.7168,0.6120,0.265914,23,44,42,187.97,0.3778,0.1718,0.021506,4.418
259946,520,443,963,232,42,12,31.34,0.9879,0.5357,0.188414,34,6,8,18.71,0.6896,0.0784,0.004879,4.344
259948,520,399,919,247,27,132,0.54,0.9686,0.5802,0.222274,64,3,19,12.67,0.9110,0.1374,0.012023,4.390
259954,520,444,964,169,76,233,308.14,0.8634,0.5449,0.194878,17,16,9,100.91,0.2492,0.0752,0.005095,4.445
259956,520,432,952,218,80,45,35.15,0.8817,0.5505,0.208347,13,27,8,137.91,0.7047,0.1020,0.008869,4.388
259985,520,374,894,254,49,127,4.75,0.9902,0.6045,0.248034,25,22,97,275.26,0.8914,0.1631,0.016435,4.486
259987,520,395,915,233,81,113,11.49,0.8156,0.5921,0.244035,10,40,20,151.61,0.8485,0.1445,0.016326,4.433
259992,520,421,941,221,68,128,0.67,0.7953,0.5594,0.210674,11,24,52,263.55,0.6485,0.1131,0.009723,4.365
260008,520,384,904,200,81,225,320.26,0.8490,0.5898,0.236019,56,12,64,321.03,0.7642,0.1549,0.014740,4.418
260009,520,283,803,243,122,166,358.63,0.7992,0.6857,0.357295,24,64,71,210.72,0.5943,0.2484,0.043157,4.372
260027,520,453,973,206,60,154,345.50,0.7911,0.5344,0.186886,16,16,4,108.81,0.5424,0.0730,0.004895,4.315
260028,520,440,960,230,56,45,28.73,0.9324,0.5455,0.198437,8,24,22,185.18,0.4681,0.0939,0.007628,4.311
260036,520,471,991,181,89,117,2.33,0.5512,0.5164,0.182542,4,7,8,216.44,0.1923,0.0424,0.001953,4.476
260040,520,328,848,254,58,221,336.18,0.9947,0.6524,0.293206,34,29,123,275.47,0.8998,0.2120,0.026487,4.487
260068,520,438,958,224,23,167,344.18,0.9558,0.5486,0.192527,22,10,52,290.36,0.7618,0.0934,0.006356,4.303
260069,520,365,885,253,39,157,354.09,0.9826,0.6072,0.247715,47,7,98,294.42,0.9319,0.1691,0.016381,4.485
260072,520,414,934,235,35,162,348.59,0.9400,0.5727,0.214758,35,25,18,56.42,0.2683,0.1208,0.010963,4.343
260074,520,338,858,223,112,156,356.59,0.6666,0.6352,0.296787,41,49,35,132.08,0.2604,0.1993,0.027894,4.452
260083,520,479,999,172,78,165,330.37,0.6570,0.5061,0.169371,0,1,1,194.77,1.0000,0.0143,0.000239,4.367
260088,520,319,839,164,132,253,293.58,0.9426,0.6467,0.314869,38,54,58,214.83,0.2253,0.2203,0.033558,4.367
260090,520,377,897,245,38,174,347.11,0.9539,0.5989,0.238579,56,2,82,310.24,0.9562,0.1607,0.014935,4.444
260102,520,392,912,248,23,144,356.68,0.9759,0.5852,0.225863,35,23,72,289.95,0.6816,0.1484,0.014380,4.285
260108,520,455,975,227,6,121,359.90,0.9889,0.5296,0.178445,9,5,37,282.25,0.8083,0.0594,0.003002,4.310
260113,520,372,892,245,87,13,39.53,0.9869,0.6078,0.262612,31,45,21,133.34,0.5438,0.1744,0.022222,4.328
260123,520,435,955,157,79,249,300.33,0.9457,0.5463,0.196000,10,25,11,145.56,0.6204,0.0947,0.007839,4.253
260128,520,404,924,220,46,205,332.17,0.9243,0.5753,0.215796,37,2,76,296.86,0.9629,0.1254,0.009585,4.461
260135,520,396,916,206,86,177,338.01,0.7235,0.5776,0.229535,10,37,26,163.80,0.6993,0.1364,0.014622,4.326
260143,520,437,957,221,76,44,33.93,0.8974,0.5506,0.207255,9,22,34,247.76,0.4729,0.0946,0.007474,4.476
260163,520,418,938,155,97,234,300.15,0.8138,0.5593,0.214587,56,1,25,0.47,0.9314,0.1194,0.009328,4.460
260164,520,438,958,237,17,108,6.47,0.9781,0.5486,0.194913,15,14,44,280.51,0.6412,0.0870,0.005975,4.375
260172,520,457,977,208,55,157,344.60,0.8146,0.5345,0.185787,17,6,19,321.55,0.4907,0.0574,0.002964,4.452
260174,520,443,963,206,1,212,326.82,0.9987,0.5374,0.178989,25,16,2,80.69,0.7541,0.0825,0.005817,4.103
260188,520,445,965,235,43,0,32.20,1.0000,0.5422,0.193931,23,5,50,295.70,0.8389,0.0848,0.005210,4.418
260192,520,402,922,250,16,121,4.23,0.9861,0.5790,0.220786,24,33,26,151.50,0.2317,0.1331,0.013565,4.260
260213,520,372,892,249,64,145,359.05,0.9383,0.6131,0.258542,58,27,47,342.26,0.4739,0.1708,0.018888,4.479
260244,520,444,964,209,52,167,341.14,0.8365,0.5386,0.188034,10,18,32,261.10,0.4330,0.0838,0.006014,4.250
260254,520,447,967,205,36,196,330.71,0.9195,0.5368,0.182283,3,20,33,242.09,0.7124,0.0849,0.006294,4.126
260260,520,262,782,239,143,138,23.44,0.7329,0.7086,0.398329,19,74,22,143.93,0.9592,0.2644,0.050937,4.442
260268,520,353,873,219,62,252,319.87,0.9853,0.6178,0.255355,46,37,55,307.09,0.2839,0.1801,0.021798,4.253
260273,520,350,870,204,111,203,327.59,0.6858,0.6267,0.285194,1,54,26,153.85,0.9935,0.1904,0.027192,4.342
260284,520,406,926,236,53,134,359.51,0.8886,0.5751,0.221033,32,27,33,320.62,0.1431,0.1274,0.012008,4.371
260294,520,445,965,189,81,178,331.64,0.7051,0.5442,0.199194,7,18,26,240.69,0.4284,0.0786,0.005523,4.488
260301,520,406,926,213,9,252,319.24,0.9960,0.5814,0.213716,24,16,74,281.07,0.8302,0.1267,0.010592,4.352
260306,520,402,922,238,48,141,356.99,0.9077,0.5777,0.222172,36,22,52,303.81,0.5227,0.1316,0.011968,4.392
260314,520,468,988,154,81,220,305.03,0.7941,0.5218,0.179226,12,1,11,330.46,0.7421,0.0361,0.001240,4.474
260317,520,374,894,237,59,176,345.47,0.8948,0.5997,0.242699,45,28,63,304.76,0.5240,0.1633,0.017473,4.338
260325,520,459,979,234,2,82,14.07,0.9978,0.5320,0.181482,21,6,14,347.33,0.4784,0.0602,0.003214,4.350
260335,520,435,955,206,27,222,324.16,0.9673,0.5519,0.191814,35,7,29,336.91,0.6579,0.0897,0.005980,4.320
260347,520,464,984,206,65,103,8.38,0.7677,0.5201,0.178838,1,9,12,215.36,0.7170,0.0458,0.002284,4.377
260352,520,350,870,244,98,69,33.08,0.9165,0.6259,0.284012,37,42,67,274.56,0.3637,0.1905,0.024544,4.481
260354,520,392,912,244,78,0,38.08,1.0000,0.5942,0.246852,6,44,8,143.87,0.9720,0.1542,0.018575,4.329
260364,520,418,938,236,59,47,28.85,0.9343,0.5605,0.211691,10,30,37,223.43,0.5225,0.1193,0.011266,4.271
260366,520,385,905,255,51,1,32.56,1.0000,0.5893,0.236336,61,15,31,2.59,0.6750,0.1491,0.014328,4.451
260374,520,430,950,190,17,252,313.11,0.9894,0.5462,0.183776,34,19,0,73.77,1.0000,0.1012,0.008059,4.027
260387,520,427,947,238,39,89,14.40,0.9440,0.5557,0.203526,21,21,28,285.06,0.1670,0.0982,0.007796,4.387
260394,520,466,986,219,39,109,4.42,0.8934,0.5228,0.176178,15,7,10,353.74,0.2756,0.0537,0.002754,4.287
260395,520,455,975,227,48,63,22.71,0.9266,0.5348,0.188065,25,0,33,317.72,1.0000,0.0642,0.003165,4.478
260406,520,478,998,213,42,103,6.00,0.8717,0.5111,0.167838,1,1,9,276.31,0.7916,0.0214,0.000479,4.315
260416,520,260,780,244,136,163,4.82,0.7785,0.7102,0.394882,71,64,23,99.68,0.6533,0.2735,0.050683,4.419
260418,520,443,963,200,23,228,321.13,0.9751,0.5447,0.184952,8,17,28,253.75,0.4206,0.0778,0.005363,4.244
260441,520,405,925,244,63,1,34.85,0.9991,0.5777,0.227937,46,22,18,30.41,0.4517,0.1301,0.011984,4.484
260446,520,466,986,208,51,139,351.27,0.8181,0.5224,0.176438,1,10,4,156.77,0.8772,0.0454,0.002323,4.328
260453,520,448,968,212,76,81,21.76,0.7788,0.5396,0.197623,2,12,53,264.62,0.9287,0.0821,0.005329,4.475
260464,520,426,946,197,70,205,325.36,0.8221,0.5589,0.206599,30,10,55,299.36,0.7636,0.1054,0.007689,4.448
260487,520,427,947,221,5,208,331.63,0.9949,0.5624,0.200371,5,25,36,234.99,0.6582,0.1016,0.008549,4.276
260493,520,403,923,223,74,142,356.05,0.7837,0.5752,0.225410,30,27,44,291.78,0.3153,0.1308,0.012417,4.412
260502,520,37,557,233,243,239,170.27,0.2787,0.9482,0.876565,15,124,114,184.82,0.9418,0.4539,0.157310,4.469
260503,520,478,998,224,7,84,12.32,0.9897,0.5123,0.166422,0,3,4,211.91,1.0000,0.0247,0.000739,4.265
260522,520,456,976,199,82,94,16.69,0.6791,0.5280,0.189867,3,11,33,262.88,0.7576,0.0635,0.003685,4.468
260529,520,223,743,239,151,205,342.88,0.7698,0.7460,0.448936,48,78,58,154.35,0.4287,0.3011,0.063825,4.383
260531,520,470,990,134,87,236,293.20,0.8528,0.5202,0.179408,13,3,10,337.13,0.5241,0.0421,0.001726,4.435
260535,520,373,893,212,50,251,318.57,0.9811,0.5966,0.232450,30,26,80,280.77,0.7225,0.1566,0.015940,4.283
260569,520,464,984,147,91,209,303.25,0.7138,0.5210,0.182890,8,4,22,292.49,0.6431,0.0454,0.001964,4.482
260572,520,456,976,229,37,41,26.77,0.9634,0.5280,0.181442,11,1,42,285.99,0.9605,0.0574,0.002600,4.400
260587,520,469,989,205,62,123,358.50,0.7690,0.5215,0.178565,13,2,18,316.39,0.7161,0.0432,0.001727,4.419
260588,520,478,998,178,11,232,314.15,0.9884,0.5080,0.155316,0,2,3,218.80,1.0000,0.0204,0.000500,4.066
260593,520,465,985,149,83,219,303.00,0.7834,0.5177,0.176909,21,4,10,356.95,0.5737,0.0546,0.002682,4.307
260608,520,331,851,242,77,213,335.79,0.9260,0.6444,0.289918,0,47,84,248.65,1.0000,0.1971,0.026730,4.430
260612,520,433,953,195,79,182,332.22,0.7348,0.5531,0.205730,20,21,30,279.67,0.2143,0.0982,0.007788,4.425
260616,520,399,919,239,71,84,20.93,0.8961,0.5844,0.235004,8,31,60,255.71,0.7321,0.1361,0.013578,4.483
260635,520,398,918,206,88,166,342.75,0.6956,0.5751,0.228562,55,20,23,16.87,0.5605,0.1430,0.013745,4.370
260649,520,438,958,192,63,215,321.16,0.8596,0.5500,0.196692,2,14,58,264.21,0.9313,0.0909,0.006324,4.380
260657,520,466,986,196,0,206,325.70,1.0000,0.5150,0.161937,6,11,7,151.51,0.2773,0.0533,0.002934,4.004
260677,520,468,988,199,59,144,347.50,0.7721,0.5160,0.172855,7,5,15,293.87,0.4239,0.0432,0.001882,4.295
260689,520,359,879,226,117,13,54.26,0.9710,0.6225,0.289228,12,52,9,142.11,0.9644,0.1842,0.025538,4.491
260691,520,406,926,218,34,232,324.79,0.9696,0.5828,0.218777,24,33,18,133.47,0.4037,0.1308,0.013256,4.249
260704,520,381,901,234,50,198,337.71,0.9297,0.5987,0.238535,10,43,26,157.37,0.8252,0.1561,0.018668,4.202
260710,520,477,997,182,57,190,325.36,0.8118,0.5106,0.165903,2,0,5,306.92,1.0000,0.0163,0.000239,4.298
260717,520,410,930,162,112,189,313.02,0.5347,0.5657,0.229444,54,18,5,40.35,0.7896,0.1339,0.012280,4.487
260719,520,421,941,218,82,64,30.28,0.8259,0.5558,0.213126,1,27,45,241.73,0.9051,0.1106,0.009797,4.400
260725,520,347,867,227,68,239,324.92,0.9379,0.6268,0.266993,63,37,15,58.81,0.6168,0.1906,0.024145,4.275
260726,520,434,954,175,74,238,309.24,0.8915,0.5545,0.201854,7,13,62,269.39,0.9132,0.0964,0.006808,4.433
260727,520,374,894,232,2,237,327.20,0.9991,0.6011,0.233161,28,33,71,274.92,0.5698,0.1625,0.017895,4.171
260737,520,424,944,212,52,200,331.46,0.8895,0.5629,0.206252,39,20,0,67.38,1.0000,0.1110,0.009317,4.320
260747,520,448,968,222,62,44,30.23,0.9154,0.5356,0.191594,28,3,44,308.75,0.8462,0.0826,0.004939,4.398
260749,520,444,964,233,16,96,9.87,0.9790,0.5366,0.185418,4,9,54,268.24,0.9336,0.0792,0.004875,4.290
260759,520,350,870,242,52,230,331.06,0.9631,0.6329,0.270491,29,15,127,274.13,0.9696,0.1946,0.021350,4.492
260774,520,477,997,225,29,5,30.52,0.9945,0.5126,0.169001,8,0,0,29.23,1.0000,0.0228,0.000516,4.335
260777,520,352,872,254,7,203,340.45,0.9968,0.6206,0.255380,38,46,42,163.89,0.1302,0.1899,0.025332,4.054
260781,520,406,926,254,17,68,20.37,0.9950,0.5751,0.218929,62,4,20,11.25,0.8758,0.1344,0.011617,4.365
260786,520,330,850,228,88,218,330.64,0.8716,0.6371,0.285376,24,33,123,270.00,0.9177,0.2123,0.027118,4.349
260797,520,422,942,223,46,173,342.57,0.8936,0.5625,0.206616,39,14,25,354.04,0.5016,0.1055,0.008157,4.412
260802,520,322,842,239,110,145,5.16,0.7823,0.6532,0.315496,17,55,58,202.46,0.6458,0.2106,0.031569,4.481
260811,520,372,892,242,56,175,346.80,0.9130,0.6058,0.248037,23,26,100,272.66,0.8888,0.1721,0.018410,4.357
260835,520,461,981,180,34,240,312.47,0.9604,0.5274,0.171397,12,5,11,331.14,0.3573,0.0463,0.002109,4.249
260842,520,442,962,204,79,118,3.94,0.6943,0.5395,0.197393,35,4,26,341.10,0.7355,0.0832,0.005188,4.483
260843,520,414,934,214,96,35,44.12,0.8826,0.5670,0.227855,15,30,40,238.95,0.4061,0.1237,0.011833,4.494
260856,520,315,835,254,109,92,29.08,0.9887,0.6632,0.327841,36,59,5,130.67,0.9534,0.2212,0.035139,4.438
260857,520,475,995,219,2,133,353.97,0.9950,0.5170,0.167995,7,3,3,19.26,0.2828,0.0329,0.001169,4.260
260867,520,456,976,189,53,201,324.42,0.8554,0.5256,0.175835,17,11,8,48.95,0.2166,0.0636,0.003761,4.201
260885,520,420,940,241,33,88,14.53,0.9600,0.5582,0.204964,25,26,17,112.99,0.2370,0.1114,0.009859,4.259
260891,520,428,948,228,32,157,348.56,0.9339,0.5554,0.199640,35,14,23,354.02,0.4474,0.0984,0.007333,4.354
260921,520,362,882,230,90,157,353.57,0.7741,0.6134,0.265722,56,29,63,319.12,0.5244,0.1806,0.020784,4.460
260932,520,195,715,250,175,65,72.60,0.9260,0.7760,0.513679,27,90,7,139.99,0.9897,0.3206,0.075604,4.488
260933,520,456,976,188,63,190,327.22,0.7986,0.5269,0.179655,2,14,23,237.78,0.6909,0.0634,0.003888,4.262
260941,520,441,961,185,33,249,312.01,0.9723,0.5423,0.182427,17,15,40,284.15,0.5500,0.0877,0.006140,4.140
260945,520,338,858,245,66,211,336.91,0.9436,0.6378,0.280149,22,53,48,181.82,0.5345,0.2021,0.029301,4.163
260954,520,416,936,211,19,237,321.98,0.9865,0.5687,0.204309,37,24,3,77.88,0.7866,0.1179,0.010532,4.201
260956,520,364,884,237,48,214,333.98,0.9516,0.6118,0.249762,12,43,55,227.12,0.6536,0.1693,0.020817,4.233
260971,520,468,988,225,24,65,19.33,0.9699,0.5159,0.170453,6,3,21,289.16,0.7011,0.0404,0.001580,4.274
260979,520,466,986,190,4,219,320.73,0.9946,0.5155,0.161499,4,11,10,186.49,0.3528,0.0525,0.002871,4.000
260984,520,470,990,191,49,196,326.56,0.8609,0.5220,0.172600,9,4,9,326.65,0.3497,0.0401,0.001646,4.310
261002,520,417,937,245,31,107,8.73,0.9625,0.5701,0.214574,17,7,86,274.47,0.9681,0.1228,0.009430,4.452
261007,520,371,891,213,118,46,53.59,0.8194,0.6058,0.273023,20,47,21,144.56,0.7677,0.1730,0.022358,4.464
261018,520,456,976,175,37,251,308.54,0.9799,0.5313,0.174030,17,9,20,316.56,0.3719,0.0639,0.003651,4.176
261020,520,348,868,253,16,222,335.46,0.9942,0.6314,0.265304,83,6,53,349.92,0.8424,0.1949,0.022266,4.363
261031,520,368,888,166,115,239,300.52,0.8049,0.6072,0.266007,15,47,13,142.41,0.9218,0.1689,0.021636,4.411
261041,520,392,912,186,83,255,308.45,1.0000,0.5941,0.238465,48,30,20,49.79,0.3862,0.1518,0.016075,4.366
261045,520,414,934,186,69,241,312.50,0.9169,0.5666,0.210473,12,31,19,154.62,0.5805,0.1162,0.011051,4.266
261047,520,333,853,253,72,170,351.83,0.9770,0.6377,0.284230,16,36,114,266.47,0.9113,0.2039,0.025867,4.405
261054,520,471,991,155,71,237,302.81,0.8879,0.5230,0.175899,11,5,1,69.62,0.6471,0.0417,0.001819,4.359
261056,520,414,934,218,13,225,326.61,0.9901,0.5703,0.206317,16,32,17,145.68,0.5441,0.1213,0.011836,4.145
261077,520,384,904,248,37,127,2.90,0.9526,0.5853,0.228153,2,24,89,263.53,0.9723,0.1451,0.013873,4.355
261078,520,407,927,212,95,103,18.14,0.6717,0.5730,0.231628,26,28,52,278.67,0.4268,0.1343,0.012980,4.472
261085,520,392,912,242,2,195,339.96,0.9985,0.5928,0.228638,4,43,12,146.82,0.9752,0.1505,0.017800,4.110
261089,520,466,986,142,94,202,302.09,0.6702,0.5153,0.180207,15,4,23,310.07,0.6499,0.0529,0.002503,4.385
261111,520,418,938,202,78,177,336.39,0.7447,0.5603,0.211814,22,25,44,276.05,0.3833,0.1180,0.010477,4.329
261123,520,370,890,238,7,238,328.35,0.9974,0.6132,0.245048,32,6,111,279.40,0.9766,0.1673,0.015850,4.481
261152,520,362,882,225,48,248,322.65,0.9728,0.6139,0.249009,37,44,30,129.58,0.2788,0.1790,0.022884,4.103
261160,520,326,846,225,128,63,51.83,0.7930,0.6452,0.318070,35,55,35,144.45,0.4496,0.2126,0.032110,4.483
261168,520,386,906,248,30,155,353.39,0.9663,0.5923,0.232549,28,40,8,127.32,0.7853,0.1539,0.017820,4.166
261179,520,406,926,202,83,203,327.33,0.7849,0.5816,0.230564,1,38,4,144.36,0.9946,0.1307,0.014014,4.383
261181,520,325,845,234,82,232,328.38,0.9188,0.6477,0.293555,67,25,91,310.62,0.7317,0.2114,0.026440,4.494
261231,520,409,929,231,78,9,38.70,0.9868,0.5698,0.224603,50,10,53,324.92,0.7443,0.1341,0.011523,4.463
261241,520,416,936,247,40,79,18.47,0.9593,0.5726,0.218598,50,15,17,19.40,0.6244,0.1237,0.010603,4.432
261244,520,429,949,228,53,84,16.76,0.8948,0.5450,0.196831,2,18,62,262.92,0.9452,0.1031,0.007933,4.261
261255,520,470,990,217,60,22,33.97,0.9604,0.5218,0.180439,12,1,16,319.04,0.7862,0.0385,0.001373,4.486
261257,520,464,984,189,41,203,324.11,0.8978,0.5172,0.167179,3,11,2,140.15,0.8367,0.0490,0.002631,4.126
261270,520,7,527,255,250,250,17.25,1.0000,0.9871,0.965335,35,134,59,147.46,0.9559,0.4746,0.177226,4.468
261283,520,431,951,216,29,188,335.91,0.9438,0.5479,0.191108,5,19,53,263.42,0.8333,0.0986,0.007550,4.190
261307,520,450,970,240,15,35,26.41,0.9920,0.5408,0.189916,24,4,31,316.72,0.7355,0.0691,0.003800,4.459
261308,520,469,989,199,60,160,341.18,0.7817,0.5249,0.179137,1,0,36,267.63,1.0000,0.0398,0.001338,4.463
261311,520,319,839,149,145,237,284.38,0.7354,0.6493,0.327544,10,62,3,141.29,0.9922,0.2178,0.035162,4.433
261321,520,382,902,247,28,182,344.93,0.9743,0.6019,0.239853,45,2,100,292.76,0.9808,0.1641,0.015214,4.445
261338,520,438,958,244,24,26,28.22,0.9874,0.5517,0.199644,4,2,73,267.78,0.9937,0.0906,0.005502,4.498
261353,520,461,981,219,23,143,350.96,0.9420,0.5273,0.176586,1,5,34,265.28,0.9322,0.0500,0.002305,4.332
261384,520,463,983,208,32,187,334.14,0.9246,0.5342,0.180328,1,11,16,223.58,0.7639,0.0521,0.002832,4.360
261389,520,408,928,219,90,45,38.68,0.8696,0.5670,0.225643,8,26,65,262.98,0.8148,0.1274,0.011720,4.466
261404,520,444,964,186,73,190,326.34,0.7599,0.5357,0.189232,32,3,34,325.39,0.7881,0.0812,0.004877,4.359
261406,520,322,842,253,26,246,329.85,0.9933,0.6492,0.282783,52,52,0,109.77,1.0000,0.2140,0.031861,4.065
261411,520,418,938,222,53,155,348.80,0.8550,0.5574,0.204448,2,17,76,264.41,0.9527,0.1164,0.009355,4.287
261420,520,349,869,253,84,116,13.31,0.9730,0.6326,0.284877,56,40,34,41.48,0.2442,0.1918,0.024739,4.481
261423,520,365,885,254,31,173,349.10,0.9921,0.6122,0.250714,32,16,109,278.75,0.9333,0.1747,0.017817,4.434
261432,520,466,986,195,14,213,323.54,0.9799,0.5217,0.167219,1,9,15,231.23,0.7287,0.0470,0.002363,4.148
261454,520,319,839,213,138,48,66.30,0.8170,0.6464,0.325383,2,63,31,153.52,0.9904,0.2232,0.036667,4.331
261466,520,471,991,230,9,34,26.05,0.9943,0.5176,0.171369,0,0,34,264.05,1.0000,0.0366,0.001155,4.327
261468,520,349,869,249,49,203,339.79,0.9642,0.6275,0.266513,54,29,80,303.89,0.6351,0.1901,0.022422,4.370
261470,520,299,819,233,115,197,340.35,0.7949,0.6720,0.336185,44,58,37,135.52,0.3764,0.2299,0.036951,4.441
261490,520,428,948,196,27,248,315.44,0.9795,0.5558,0.192983,23,14,46,292.83,0.6282,0.0962,0.006935,4.268
261514,520,318,838,246,54,255,326.10,1.0000,0.6571,0.294539,52,44,79,293.09,0.4250,0.2188,0.030959,4.256
261515,520,463,983,221,36,117,1.50,0.9047,0.5276,0.179209,7,9,4,123.84,0.3240,0.0487,0.002493,4.366
261520,520,479,999,95,93,249,277.14,0.9593,0.5059,0.171005,0,0,5,264.05,1.0000,0.0116,0.000110,4.410
261531,520,431,951,239,9,94,11.12,0.9907,0.5469,0.193575,16,2,71,278.27,0.9819,0.0962,0.006085,4.343
261545,520,358,878,255,80,13,36.93,1.0000,0.6177,0.270300,18,45,50,211.17,0.5121,0.1757,0.022356,4.427
261547,520,421,941,243,42,47,26.44,0.9652,0.5609,0.209193,34,4,67,298.39,0.9103,0.1142,0.008322,4.444
261557,520,480,1000,180,59,195,323.10,0.8133,0.5129,0.167726,0,0,0,0.00,0.0000,0.0000,0.000000,4.355
261567,520,282,802,240,127,167,358.77,0.7611,0.6900,0.364965,19,69,51,165.44,0.8079,0.2542,0.046335,4.308
261625,520,338,858,201,115,223,319.19,0.7560,0.6403,0.300079,21,52,55,203.81,0.5264,0.2015,0.028911,4.436
261631,520,471,991,211,66,71,22.84,0.8294,0.5229,0.182026,1,7,1,143.33,0.9335,0.0368,0.001606,4.496
261633,520,465,985,112,103,229,282.32,0.7964,0.5218,0.188020,1,11,22,244.16,0.7785,0.0550,0.003037,4.488
261638,520,384,904,233,78,113,10.84,0.8213,0.5883,0.239675,8,42,19,150.64,0.9118,0.1501,0.017545,4.289
261650,520,477,997,173,7,247,309.45,0.9947,0.5128,0.157525,2,2,3,285.17,0.1539,0.0234,0.000629,4.099
261662,520,476,996,134,81,233,294.61,0.8518,0.5081,0.168364,1,1,0,109.77,1.0000,0.0157,0.000282,4.343
261663,520,465,985,150,74,240,300.12,0.8971,0.5231,0.176732,0,5,37,262.95,1.0003,0.0517,0.002421,4.325
261671,520,73,593,248,215,255,320.34,1.0000,0.9053,0.757781,61,115,39,137.85,0.8932,0.4219,0.133997,4.390
261673,520,387,907,252,64,1,34.62,0.9993,0.5945,0.243681,35,30,61,289.16,0.4742,0.1544,0.016228,4.434
261696,520,396,916,198,82,212,323.24,0.8055,0.5797,0.227953,54,12,40,343.54,0.6863,0.1357,0.012005,4.483
261706,520,458,978,207,80,6,42.51,0.9816,0.5278,0.190180,15,12,3,95.01,0.5343,0.0623,0.003711,4.472
261720,520,326,846,213,101,240,319.45,0.8991,0.6452,0.297463,37,53,37,144.66,0.3521,0.2085,0.030730,4.304
261725,520,363,883,247,36,189,343.06,0.9656,0.6090,0.247132,52,2,101,297.69,0.9784,0.1749,0.017131,4.426
261733,520,436,956,243,24,68,19.94,0.9805,0.5543,0.201287,36,11,21,356.93,0.5344,0.0940,0.006686,4.433
261750,520,344,864,255,18,210,338.90,1.0000,0.6286,0.263491,41,41,56,284.56,0.2241,0.1853,0.023428,4.269
261753,520,476,996,187,11,221,319.34,0.9859,0.5136,0.160260,2,1,7,291.58,0.6583,0.0219,0.000500,4.164
261754,520,438,958,245,13,41,25.47,0.9936,0.5515,0.198640,25,15,34,307.29,0.4491,0.0921,0.006638,4.390
261759,520,431,951,203,24,227,322.17,0.9740,0.5494,0.188975,48,6,6,25.56,0.8577,0.1043,0.007719,4.140
261784,520,262,782,255,104,237,332.57,1.0000,0.7094,0.372779,10,63,106,248.85,0.8425,0.2629,0.046599,4.377
261789,520,425,945,227,63,106,9.99,0.8419,0.5582,0.209292,5,21,59,263.18,0.8619,0.1086,0.008843,4.407
261800,520,473,993,227,24,83,13.85,0.9636,0.5237,0.176116,12,0,9,335.46,1.0000,0.0323,0.000979,4.435
261804,520,385,905,207,74,225,322.71,0.8758,0.5922,0.236008,67,12,1,35.09,0.9738,0.1507,0.014586,4.428
261809,520,431,951,220,16,193,335.43,0.9777,0.5535,0.194388,32,13,43,311.40,0.6146,0.1032,0.007694,4.236
261812,520,337,857,249,59,206,339.14,0.9633,0.6362,0.277270,60,40,37,28.57,0.2664,0.1985,0.026119,4.299
261818,520,381,901,210,73,230,322.32,0.8932,0.5991,0.241816,11,42,41,192.22,0.6558,0.1587,0.018871,4.237
261825,520,387,907,215,43,247,320.41,0.9672,0.5938,0.228921,8,1,114,267.08,0.9989,0.1508,0.012881,4.436
261834,520,378,898,224,77,190,338.25,0.8301,0.6022,0.248750,6,40,65,245.27,0.7890,0.1644,0.019379,4.306
261849,520,432,952,214,73,127,0.46,0.7540,0.5523,0.205958,16,26,3,128.46,0.8490,0.1001,0.008555,4.371
261853,520,454,974,233,9,70,17.81,0.9916,0.5290,0.179643,9,14,31,269.75,0.4912,0.0732,0.004711,4.197
261859,520,459,979,189,14,237,316.13,0.9878,0.5309,0.172486,22,6,7,16.53,0.4935,0.0593,0.003162,4.185
261882,520,381,901,250,74,0,36.71,1.0000,0.6010,0.252251,54,31,1,69.26,0.9416,0.1602,0.017665,4.467
261884,520,417,937,240,65,22,33.90,0.9756,0.5725,0.223670,48,17,22,11.96,0.5401,0.1249,0.010873,4.496
261895,520,480,1000,140,87,215,299.52,0.7539,0.5101,0.172983,0,0,0,0.00,0.0000,0.0000,0.000000,4.460
261912,520,416,936,219,80,112,9.75,0.7510,0.5654,0.219696,56,7,3,30.80,0.9237,0.1217,0.009994,4.495
261920,520,413,933,253,29,6,30.16,0.9963,0.5721,0.217783,52,10,7,28.40,0.8189,0.1181,0.009626,4.491
261927,520,354,874,245,52,200,339.78,0.9450,0.6208,0.260416,45,40,37,53.11,0.0869,0.1786,0.022091,4.306
261936,520,363,883,216,114,100,29.13,0.6562,0.6113,0.275557,16,48,14,142.42,0.9154,0.1729,0.022557,4.487
261951,520,335,855,248,43,229,332.71,0.9757,0.6371,0.273443,40,44,73,276.81,0.3922,0.2025,0.027335,4.182
261970,520,364,884,241,70,169,349.41,0.8838,0.6139,0.259486,28,40,61,261.19,0.3889,0.1736,0.021013,4.358
261971,520,466,986,137,81,239,294.72,0.8812,0.5167,0.174353,6,7,14,276.19,0.2901,0.0466,0.002224,4.296
261987,520,355,875,236,63,205,336.38,0.9155,0.6164,0.257983,69,27,20,31.24,0.6325,0.1808,0.020998,4.338
261988,520,433,953,227,33,150,350.72,0.9269,0.5508,0.196233,37,4,51,313.47,0.8372,0.1034,0.007192,4.305
261998,520,452,972,207,22,188,333.55,0.9532,0.5284,0.174721,0,14,42,257.72,1.0000,0.0746,0.004812,4.100
262010,520,403,923,253,41,48,26.37,0.9912,0.5810,0.226857,14,31,44,243.07,0.4718,0.1282,0.012551,4.426
262016,520,349,869,247,14,245,328.78,0.9962,0.6349,0.266837,88,6,12,24.77,0.9554,0.1934,0.022319,4.381
262036,520,356,876,250,37,199,340.92,0.9710,0.6203,0.257739,58,35,0,72.79,1.0000,0.1760,0.021017,4.333
262041,520,443,963,224,41,126,359.10,0.8931,0.5400,0.189422,25,6,38,308.74,0.7284,0.0789,0.004769,4.372
262065,520,464,984,201,75,69,26.10,0.7683,0.5157,0.178813,4,10,7,165.26,0.3569,0.0492,0.002582,4.352
262066,520,363,883,232,5,250,324.30,0.9983,0.6110,0.241689,60,23,58,329.54,0.6007,0.1729,0.018791,4.240
262073,520,466,986,201,64,143,348.93,0.7567,0.5247,0.180694,2,3,34,269.72,0.9443,0.0463,0.001935,4.442
262092,520,428,948,209,78,152,348.74,0.7294,0.5599,0.212731,34,20,2,73.11,0.8114,0.1039,0.008448,4.495
262100,520,468,988,230,19,53,22.59,0.9835,0.5226,0.175488,8,6,1,95.71,0.6532,0.0413,0.001841,4.350
262111,520,316,836,252,109,106,23.82,0.9577,0.6625,0.326765,10,61,11,143.16,0.9771,0.2151,0.034260,4.471
262118,520,461,981,153,83,225,303.26,0.8083,0.5275,0.183955,19,0,23,321.82,1.0000,0.0488,0.002003,4.499
262124,520,410,930,241,44,89,15.24,0.9391,0.5651,0.212267,34,30,8,99.18,0.6184,0.1305,0.012862,4.172
262131,520,455,975,192,16,225,319.73,0.9816,0.5265,0.170148,10,11,20,278.97,0.2896,0.0614,0.003544,4.112
262148,520,429,949,234,35,100,9.81,0.9408,0.5479,0.196176,35,16,17,16.96,0.3955,0.1002,0.007684,4.268
262187,520,471,991,193,12,210,323.77,0.9814,0.5155,0.162551,11,4,13,319.89,0.4637,0.0437,0.001870,4.098
262195,520,351,871,249,91,73,29.58,0.9562,0.6256,0.281063,27,44,67,256.24,0.4449,0.1879,0.024395,4.450
262197,520,446,966,214,3,191,334.47,0.9950,0.5382,0.181251,15,16,17,247.98,0.0391,0.0757,0.005126,4.195
262201,520,410,930,210,55,209,328.33,0.8934,0.5677,0.210394,37,18,53,306.89,0.6086,0.1259,0.010830,4.281
262207,520,370,890,205,114,138,3.90,0.5392,0.6052,0.268504,6,46,52,209.74,0.8164,0.1749,0.022405,4.399
262210,520,27,547,248,245,241,75.41,0.2612,0.9666,0.916123,47,131,22,139.93,0.9800,0.4647,0.168943,4.413
262215,520,288,808,241,128,119,25.83,0.8028,0.6792,0.354736,7,64,75,214.70,0.8788,0.2449,0.042198,4.390
262221,520,469,989,229,7,73,16.45,0.9923,0.5206,0.172940,3,3,19,277.66,0.7205,0.0360,0.001315,4.345
262223,520,407,927,210,8,243,320.45,0.9954,0.5691,0.203482,47,13,52,322.34,0.6948,0.1322,0.011402,4.128
262231,520,443,963,222,29,151,349.09,0.9302,0.5395,0.186453,31,7,17,356.21,0.5848,0.0778,0.004838,4.312
262250,520,189,709,226,170,228,325.33,0.6733,0.7769,0.505207,9,91,18,143.85,0.9909,0.3200,0.075836,4.412
262255,520,379,899,235,87,107,15.71,0.8234,0.6019,0.255429,33,40,30,136.33,0.2212,0.1633,0.019346,4.404
262259,520,424,944,213,52,199,332.02,0.8896,0.5640,0.207277,5,22,63,263.28,0.8788,0.1146,0.009649,4.313
262260,520,60,580,238,229,254,302.07,0.8960,0.9260,0.813716,27,123,6,141.17,0.9959,0.4314,0.144115,4.450
262264,520,431,951,237,32,74,18.35,0.9630,0.5465,0.195352,43,1,33,339.55,0.8820,0.0967,0.006452,4.346
262271,520,279,799,250,120,147,8.86,0.8841,0.6871,0.358664,38,66,2,131.67,0.9869,0.2453,0.043128,4.388
262275,520,442,962,221,36,150,349.46,0.9055,0.5409,0.188384,24,13,11,30.61,0.2923,0.0769,0.005062,4.329
262342,520,361,881,247,66,160,353.55,0.9236,0.6170,0.262118,9,38,84,259.58,0.8437,0.1754,0.020843,4.406
262348,520,220,740,251,129,254,326.45,0.9953,0.7478,0.433678,37,63,137,266.06,0.7525,0.2993,0.057542,4.498
262405,520,406,926,236,4,191,339.72,0.9963,0.5796,0.216842,35,18,59,299.51,0.6585,0.1279,0.011057,4.370
262408,520,468,988,217,33,126,357.10,0.9040,0.5211,0.173483,12,3,10,334.04,0.5100,0.0410,0.001652,4.327
262417,520,230,750,254,126,240,331.62,0.9949,0.7401,0.422864,20,78,73,186.75,0.7798,0.2923,0.060783,4.268
262425,520,354,874,228,69,230,327.44,0.9254,0.6235,0.264656,16,49,39,170.47,0.6613,0.1827,0.024532,4.222
262427,520,306,826,241,104,210,337.20,0.8959,0.6740,0.332570,12,63,50,171.76,0.8609,0.2316,0.038633,4.316
262432,520,362,882,238,96,4,43.69,0.9945,0.6076,0.265546,80,12,20,20.29,0.8591,0.1820,0.020192,4.495
262438,520,471,991,211,25,150,346.69,0.9246,0.5158,0.167484,17,2,10,345.54,0.6682,0.0445,0.001845,4.195
262446,520,419,939,249,13,38,26.09,0.9944,0.5598,0.205712,33,21,25,357.27,0.2376,0.1108,0.009299,4.312
262457,520,470,990,117,90,255,284.16,1.0000,0.5248,0.183138,5,7,2,123.65,0.4910,0.0413,0.001886,4.493
262478,520,358,878,232,57,228,329.10,0.9455,0.6184,0.256859,48,36,55,312.70,0.3083,0.1802,0.021660,4.282
262519,520,452,972,192,43,208,323.60,0.9029,0.5273,0.174898,20,4,43,297.19,0.8293,0.0733,0.004100,4.157
262520,520,435,955,236,29,115,4.48,0.9528,0.5533,0.199525,9,8,66,272.06,0.9474,0.0942,0.006251,4.436
262523,520,370,890,224,54,239,324.38,0.9528,0.6101,0.247198,41,42,5,111.02,0.8379,0.1725,0.021383,4.163
262546,520,346,866,211,95,240,319.12,0.9036,0.6341,0.283261,38,45,57,261.15,0.2067,0.1938,0.025842,4.394
262550,520,456,976,213,1,187,335.34,0.9982,0.5334,0.177579,2,0,51,267.86,1.0000,0.0574,0.002519,4.333
262569,520,379,899,218,90,166,346.55,0.7279,0.5974,0.249731,8,45,1,140.12,0.9947,0.1575,0.019305,4.325
262572,520,343,863,237,42,242,327.04,0.9764,0.6261,0.260738,79,20,37,6.99,0.7059,0.1938,0.022964,4.259
262583,520,381,901,205,73,241,318.10,0.9247,0.5990,0.240966,60,25,22,26.55,0.5473,0.1611,0.017140,4.334
262592,520,469,989,126,90,236,289.65,0.8507,0.5168,0.178039,9,1,20,304.45,0.8339,0.0376,0.001303,4.445
262611,520,209,729,225,173,152,43.02,0.4790,0.7556,0.481631,55,82,35,133.53,0.6878,0.3133,0.069680,4.442
262617,520,427,947,228,18,177,341.99,0.9738,0.5598,0.201036,20,6,66,282.98,0.9158,0.0997,0.006723,4.426
262619,520,398,918,200,94,173,338.12,0.6633,0.5780,0.233035,52,21,31,1.15,0.4952,0.1423,0.013654,4.446
262620,520,470,990,225,22,67,18.59,0.9724,0.5154,0.169895,0,8,13,224.31,1.0000,0.0428,0.002027,4.227
262643,520,384,904,248,54,86,18.06,0.9539,0.5859,0.232702,63,17,25,13.35,0.6736,0.1538,0.015280,4.331
262649,520,475,995,224,0,114,1.64,1.0000,0.5196,0.170650,14,1,0,36.43,1.0000,0.0340,0.001151,4.314
262656,520,364,884,207,89,217,324.49,0.8176,0.6056,0.254215,62,15,71,320.72,0.7578,0.1740,0.018208,4.460
262659,520,359,879,247,21,220,334.66,0.9900,0.6206,0.254808,18,49,9,139.46,0.9432,0.1766,0.023449,4.150
262669,520,439,959,198,43,231,319.50,0.9419,0.5542,0.195046,14,23,1,126.88,0.9381,0.0894,0.007083,4.293
262688,520,352,872,237,92,137,4.15,0.8063,0.6208,0.274677,71,31,19,37.45,0.6274,0.1919,0.023668,4.407
262690,520,408,928,138,114,230,290.20,0.7524,0.5691,0.231509,5,29,64,257.96,0.8357,0.1327,0.012811,4.482
262703,520,351,871,250,64,175,348.98,0.9542,0.6270,0.270892,53,40,33,49.72,0.2228,0.1874,0.023843,4.346
262716,520,364,884,235,33,235,328.26,0.9804,0.6135,0.247506,11,36,88,262.53,0.8572,0.1748,0.020374,4.228
262719,520,443,963,215,74,33,36.07,0.9181,0.5356,0.194569,14,16,23,272.34,0.2049,0.0773,0.005258,4.426
262736,520,425,945,251,3,31,26.82,0.9988,0.5614,0.206770,31,9,57,299.66,0.7888,0.1071,0.007821,4.441
262739,520,462,982,220,55,75,19.55,0.8804,0.5292,0.184586,5,8,23,270.69,0.5358,0.0524,0.002678,4.453
262746,520,390,910,248,16,151,354.28,0.9852,0.5858,0.225648,45,32,26,45.93,0.2466,0.1540,0.016655,4.135
262752,520,446,966,234,7,101,8.04,0.9909,0.5379,0.185871,17,16,15,67.65,0.0392,0.0769,0.005242,4.270
262753,520,446,966,229,47,69,20.89,0.9265,0.5390,0.191236,24,12,25,324.11,0.4008,0.0802,0.005273,4.364
262761,520,355,875,209,106,182,338.14,0.6593,0.6151,0.272425,3,51,17,148.28,0.9854,0.1788,0.024274,4.341
262765,520,406,926,179,84,248,307.55,0.9371,0.5806,0.227024,10,29,54,256.18,0.6511,0.1271,0.012095,4.461
262774,520,474,994,232,5,14,28.44,0.9974,0.5198,0.172992,7,2,5,340.38,0.4466,0.0308,0.000995,4.373
262779,520,210,730,249,154,195,352.85,0.8502,0.7609,0.471933,46,83,28,136.79,0.8597,0.3089,0.068510,4.404
262794,520,396,916,211,105,23,51.07,0.9179,0.5768,0.240160,40,29,39,329.32,0.2356,0.1449,0.014764,4.480
262795,520,456,976,147,82,238,298.46,0.8712,0.5291,0.184109,15,1,42,292.31,0.9502,0.0612,0.002904,4.425
262799,520,356,876,244,48,201,339.19,0.9505,0.6168,0.255670,71,2,79,323.10,0.9387,0.1846,0.019477,4.400
262805,520,277,797,238,116,227,330.88,0.9025,0.6955,0.362162,1,54,127,258.83,0.9907,0.2549,0.041768,4.491
262806,520,433,953,236,27,115,4.37,0.9572,0.5524,0.198576,36,15,5,46.89,0.6380,0.0969,0.007277,4.340
262827,520,257,777,245,150,19,65.35,0.9789,0.7148,0.412748,23,76,33,146.97,0.9233,0.2745,0.054606,4.424
262835,520,425,945,222,5,198,334.52,0.9940,0.5578,0.197178,32,22,6,78.09,0.5915,0.1068,0.008941,4.194
262856,520,457,977,214,19,166,342.01,0.9550,0.5275,0.175174,9,9,31,279.69,0.6044,0.0629,0.003524,4.207
262875,520,425,945,176,78,243,308.14,0.9112,0.5648,0.211507,29,16,56,294.34,0.6754,0.1146,0.009173,4.419
262881,520,418,938,223,69,99,13.43,0.8160,0.5554,0.208477,28,10,75,286.47,0.8774,0.1231,0.009719,4.328
262884,520,440,960,212,10,215,327.58,0.9896,0.5520,0.191225,19,21,9,116.33,0.3912,0.0899,0.006945,4.236
262900,520,442,962,212,0,204,330.43,1.0000,0.5423,0.183588,27,11,9,28.04,0.4257,0.0765,0.004921,4.253
262901,520,447,967,193,37,232,317.99,0.9517,0.5431,0.184882,4,22,6,146.52,0.8948,0.0808,0.006128,4.185
262903,520,473,993,225,43,34,28.81,0.9546,0.5232,0.178536,2,2,17,276.15,0.7993,0.0308,0.000968,4.484
262930,520,437,957,190,42,238,315.60,0.9478,0.5463,0.187774,40,2,24,349.12,0.8173,0.0879,0.005606,4.276
262943,520,441,961,228,43,97,10.78,0.9100,0.5402,0.190877,21,16,32,297.57,0.3829,0.0886,0.006343,4.275
262952,520,422,942,200,32,244,317.31,0.9724,0.5612,0.198456,39,17,5,49.24,0.6639,0.1057,0.008433,4.252
262962,520,346,866,238,37,242,327.32,0.9810,0.6252,0.259137,61,1,105,302.59,0.9885,0.1919,0.020338,4.395
262964,520,404,924,245,57,49,28.11,0.9572,0.5768,0.225639,35,25,44,307.81,0.3649,0.1318,0.012345,4.421
262975,520,446,966,238,30,43,25.91,0.9772,0.5431,0.192834,5,0,66,269.69,1.0000,0.0787,0.004256,4.476
262977,520,423,943,235,49,117,5.18,0.9000,0.5643,0.211462,32,25,4,91.56,0.7301,0.1140,0.010111,4.350
262989,520,381,901,242,17,210,336.05,0.9897,0.6044,0.239342,19,20,97,272.06,0.9282,0.1556,0.015017,4.450
263006,520,472,992,147,79,228,300.81,0.8315,0.5163,0.173967,4,4,0,109.77,1.0000,0.0312,0.001126,4.381
263007,520,462,982,229,4,116,1.97,0.9931,0.5315,0.180087,20,4,9,358.86,0.5557,0.0529,0.002553,4.378
263016,520,74,594,208,237,229,177.15,0.4061,0.9101,0.796346,7,121,29,144.56,0.9957,0.4227,0.138080,4.500
263031,520,397,917,196,59,254,313.16,0.9937,0.5816,0.220207,32,14,82,286.58,0.8551,0.1403,0.012303,4.337
263045,520,430,950,221,29,175,341.07,0.9406,0.5497,0.193485,36,1,49,314.93,0.9359,0.0958,0.006186,4.334
263047,520,420,940,223,75,75,24.28,0.8364,0.5574,0.212307,34,22,19,34.50,0.2511,0.1125,0.009609,4.400
263065,520,458,978,167,76,212,312.59,0.7878,0.5262,0.181386,8,5,43,277.94,0.8794,0.0640,0.003346,4.337
263070,520,438,958,238,1,119,2.50,0.9987,0.5505,0.195340,39,5,16,4.10,0.7297,0.0878,0.005774,4.399
263077,520,359,879,247,74,144,0.16,0.9118,0.6190,0.266885,39,30,92,284.11,0.7208,0.1848,0.021325,4.443
263085,520,322,842,224,90,244,322.26,0.9421,0.6492,0.296932,16,60,1,139.27,0.9966,0.2127,0.033439,4.158
263093,520,407,927,220,4,215,329.60,0.9964,0.5651,0.202110,46,24,3,62.11,0.8011,0.1316,0.012408,4.040
263098,520,464,984,186,76,164,336.09,0.6935,0.5248,0.182897,5,4,38,275.11,0.9005,0.0549,0.002590,4.429
263104,520,451,971,201,22,226,321.90,0.9757,0.5445,0.184840,10,11,35,277.79,0.6153,0.0703,0.004252,4.329
263171,520,364,884,245,73,116,10.30,0.9040,0.6054,0.254417,6,44,54,219.61,0.8030,0.1696,0.021063,4.284
263172,520,374,894,218,86,174,342.88,0.7548,0.5955,0.246191,26,42,6,130.28,0.8817,0.1583,0.018887,4.300
263178,520,420,940,229,59,123,3.00,0.8514,0.5633,0.212188,20,15,66,279.76,0.8131,0.1131,0.008837,4.456
263185,520,340,860,252,40,220,335.84,0.9854,0.6372,0.273835,82,22,40,5.97,0.6936,0.2036,0.025211,4.306
263195,520,445,965,192,67,201,325.03,0.8145,0.5449,0.194393,19,5,49,290.72,0.8468,0.0794,0.004687,4.469
263199,520,424,944,250,12,56,22.71,0.9940,0.5636,0.208761,33,23,14,63.09,0.3338,0.1122,0.009679,4.336
263200,520,117,637,244,200,229,338.98,0.7455,0.8595,0.661999,49,105,41,141.25,0.8883,0.3836,0.109159,4.474
263205,520,406,926,232,29,188,339.83,0.9613,0.5774,0.216681,18,36,12,138.41,0.7407,0.1341,0.014169,4.156
263210,520,429,949,219,76,37,35.59,0.9121,0.5462,0.203650,45,3,16,6.60,0.8271,0.0962,0.006605,4.481
263231,520,344,864,253,6,222,335.45,0.9979,0.6295,0.262901,56,24,85,304.66,0.7207,0.1885,0.021500,4.376
263237,520,364,884,230,46,233,327.44,0.9626,0.6105,0.246626,12,47,2,139.32,0.9889,0.1661,0.021155,4.169
263268,520,409,929,234,66,62,26.51,0.9059,0.5656,0.217397,3,24,73,262.47,0.9391,0.1280,0.011536,4.345
263277,520,323,843,248,46,241,329.82,0.9782,0.6463,0.282642,52,10,124,288.68,0.9502,0.2087,0.024024,4.494
263279,520,357,877,212,83,239,320.25,0.9133,0.6195,0.264172,28,41,66,262.68,0.4370,0.1796,0.022260,4.348
263280,520,419,939,229,30,172,343.93,0.9473,0.5637,0.205678,51,0,24,357.72,1.0000,0.1069,0.007699,4.431
263290,520,399,919,214,95,112,13.58,0.6715,0.5787,0.236526,59,19,0,45.31,1.0000,0.1443,0.013957,4.480
263292,520,382,902,213,71,235,321.98,0.9106,0.6050,0.246525,63,19,29,9.32,0.6315,0.1581,0.016114,4.485
263297,520,423,943,231,70,52,30.04,0.9069,0.5630,0.216201,32,25,9,86.31,0.5054,0.1149,0.010221,4.420
263299,520,400,920,199,81,205,325.74,0.7909,0.5755,0.224363,2,10,100,265.10,0.9870,0.1372,0.011500,4.461
263302,520,453,973,200,78,122,0.77,0.6842,0.5325,0.191351,10,8,37,280.84,0.7159,0.0661,0.003718,4.493
263336,520,380,900,230,14,237,326.70,0.9935,0.5999,0.232539,41,0,106,287.78,1.0000,0.1647,0.015120,4.339
263342,520,467,987,211,67,15,37.00,0.9677,0.5179,0.179000,16,2,12,337.69,0.6692,0.0440,0.001801,4.421
263346,520,14,534,244,254,222,121.32,0.9538,0.9781,0.953905,63,129,80,150.22,0.7133,0.4741,0.173359,4.495
263359,520,379,899,213,107,129,8.38,0.6150,0.6020,0.262485,5,46,3,142.04,0.9871,0.1600,0.019927,4.469
263362,520,474,994,221,20,109,3.50,0.9564,0.5169,0.169793,0,4,10,242.21,1.0000,0.0307,0.001087,4.302
263374,520,355,875,238,67,197,339.35,0.9021,0.6192,0.262254,26,40,66,262.02,0.4669,0.1754,0.021305,4.379
263401,520,471,991,220,22,110,3.04,0.9493,0.5160,0.169179,16,1,5,359.80,0.7582,0.0387,0.001428,4.262
263433,520,465,985,224,34,38,26.92,0.9655,0.5153,0.171341,10,9,13,297.00,0.1473,0.0542,0.002890,4.185
263464,520,431,951,239,28,93,12.32,0.9647,0.5528,0.199748,13,16,56,273.94,0.7742,0.0998,0.007416,4.350
263466,520,341,861,254,29,202,340.87,0.9940,0.6258,0.262172,67,34,58,338.09,0.4589,0.2046,0.026430,4.084
263486,520,406,926,237,77,7,38.01,0.9914,0.5798,0.233307,7,34,39,211.88,0.6727,0.1309,0.013357,4.472
263489,520,473,993,210,66,35,33.64,0.9132,0.5160,0.177217,1,2,10,268.96,0.6950,0.0256,0.000718,4.480
263492,520,124,644,223,218,140,105.11,0.6415,0.8543,0.677247,3,110,11,143.11,0.9982,0.3838,0.111949,4.491
263496,520,318,838,231,99,218,331.54,0.8657,0.6560,0.309767,39,44,92,275.95,0.5749,0.2156,0.030053,4.494
263527,520,341,861,225,121,12,56.63,0.9725,0.6283,0.297112,20,57,5,138.53,0.9777,0.2045,0.030858,4.293
263542,520,472,992,191,22,221,320.34,0.9695,0.5237,0.168721,7,0,14,311.24,1.0000,0.0289,0.000769,4.308
263547,520,408,928,129,112,244,285.37,0.8613,0.5668,0.227868,8,28,66,261.59,0.8049,0.1333,0.012754,4.428
263549,520,449,969,233,46,19,31.23,0.9794,0.5410,0.193277,15,15,11,107.24,0.1358,0.0714,0.004674,4.450
263552,520,363,883,220,59,236,323.97,0.9389,0.6055,0.244017,56,32,31,22.39,0.3471,0.1717,0.019728,4.217
263562,520,447,967,206,6,208,327.83,0.9918,0.5356,0.178080,34,7,13,9.01,0.6264,0.0814,0.005212,4.131
263567,520,457,977,143,91,221,298.86,0.7671,0.5251,0.185425,14,10,8,49.76,0.1498,0.0584,0.003280,4.419
263587,520,358,878,243,26,230,331.33,0.9874,0.6213,0.255095,77,5,53,346.26,0.8428,0.1814,0.019436,4.394
263594,520,453,973,202,59,155,343.93,0.7867,0.5267,0.180530,32,1,20,346.05,0.8406,0.0697,0.003793,4.285
263596,520,413,933,230,17,186,339.82,0.9793,0.5683,0.207718,42,13,49,319.38,0.6718,0.1220,0.010019,4.294
263598,520,317,837,225,132,92,43.57,0.6866,0.6572,0.332849,4,64,6,143.09,0.9926,0.2235,0.037056,4.398
263599,520,477,997,197,58,140,348.54,0.7692,0.5095,0.167917,3,0,3,328.36,1.0000,0.0167,0.000259,4.336
263606,520,347,867,223,110,145,2.09,0.6671,0.6279,0.288863,23,49,56,217.31,0.4561,0.1938,0.026642,4.421
263614,520,345,865,241,68,197,340.11,0.9104,0.6253,0.268691,80,11,44,357.19,0.7927,0.1886,0.021269,4.472
263621,520,285,805,244,138,36,57.68,0.9451,0.6907,0.375401,37,67,45,151.46,0.5228,0.2550,0.045970,4.433
263628,520,446,966,215,36,170,341.28,0.9060,0.5395,0.186134,32,10,13,13.13,0.5114,0.0833,0.005533,4.252
263636,520,313,833,218,125,189,339.85,0.6472,0.6636,0.332485,19,62,4,139.26,0.9866,0.2211,0.035923,4.451
263638,520,456,976,197,50,197,328.06,0.8672,0.5337,0.181844,7,4,46,275.98,0.9271,0.0642,0.003292,4.350
263656,520,376,896,228,101,12,46.68,0.9765,0.5981,0.258305,32,41,12,124.13,0.6701,0.1612,0.019195,4.456
263659,520,125,645,213,219,150,112.30,0.5808,0.8493,0.670113,15,109,20,143.24,0.9893,0.3827,0.110889,4.476
263662,520,401,921,220,60,202,333.07,0.8863,0.5847,0.227138,37,22,56,302.13,0.5623,0.1357,0.012527,4.432
263685,520,459,979,225,18,130,356.66,0.9631,0.5320,0.180546,28,2,0,34.63,1.0000,0.0580,0.002903,4.358
263730,520,403,923,204,80,203,328.02,0.7989,0.5808,0.228881,1,30,59,251.20,0.9347,0.1293,0.012507,4.462
263732,520,459,979,236,8,69,18.34,0.9932,0.5350,0.184394,23,8,4,40.48,0.5348,0.0639,0.003646,4.369
263736,520,409,929,231,6,195,337.48,0.9940,0.5729,0.210620,34,0,83,291.02,1.0000,0.1273,0.009646,4.369
263739,520,476,996,219,35,66,19.52,0.9406,0.5093,0.166581,0,2,4,233.51,1.0000,0.0210,0.000522,4.287
263758,520,464,984,212,49,119,0.09,0.8352,0.5202,0.175279,2,8,29,263.24,0.8033,0.0536,0.002753,4.270
263761,520,454,974,168,76,211,313.23,0.7855,0.5269,0.181977,11,6,44,281.21,0.8364,0.0691,0.003832,4.309
263762,520,476,996,207,11,164,340.80,0.9701,0.5106,0.161872,2,0,12,289.00,1.0000,0.0208,0.000394,4.204
263763,520,364,884,222,100,143,0.19,0.6925,0.6096,0.266293,25,39,69,264.03,0.5165,0.1741,0.020873,4.463
263766,520,456,976,227,13,109,4.31,0.9778,0.5271,0.177257,4,1,51,271.12,0.9910,0.0612,0.002865,4.299
263767,520,352,872,254,2,205,339.91,0.9991,0.6209,0.255254,80,6,63,340.08,0.8369,0.1942,0.021949,4.243
263778,520,413,933,222,50,179,340.50,0.8858,0.5668,0.210679,20,32,9,131.87,0.6834,0.1225,0.012014,4.204
263781,520,416,936,187,82,223,316.41,0.8232,0.5707,0.219282,26,30,7,117.86,0.6551,0.1216,0.011635,4.369
263784,520,39,559,225,246,239,173.84,0.4872,0.9485,0.881505,8,128,80,158.23,0.9871,0.4547,0.160684,4.421
263825,520,379,899,223,86,174,344.29,0.7718,0.6038,0.254018,0,40,55,228.57,1.0000,0.1554,0.017933,4.475
263827,520,458,978,176,53,232,312.29,0.9094,0.5286,0.176035,4,14,6,150.78,0.6051,0.0586,0.003530,4.223
263830,520,334,854,246,56,227,332.77,0.9609,0.6407,0.279701,58,36,58,326.73,0.3774,0.1952,0.024669,4.416
263838,520,376,896,175,95,254,303.83,0.9863,0.5956,0.244547,18,42,41,191.96,0.4683,0.1621,0.019446,4.241
263847,520,438,958,231,43,116,4.29,0.9068,0.5517,0.199805,39,4,34,334.27,0.7687,0.0945,0.006337,4.434
263862,520,468,988,174,36,240,310.60,0.9555,0.5194,0.165526,3,8,1,134.27,0.8424,0.0415,0.001952,4.149
263873,520,474,994,183,13,231,315.81,0.9863,0.5158,0.161259,4,3,1,90.93,0.4350,0.0285,0.000931,4.148
263881,520,422,942,236,55,56,26.06,0.9339,0.5579,0.208539,32,1,69,295.96,0.9774,0.1097,0.007585,4.490
263901,520,409,929,222,84,68,29.50,0.8259,0.5665,0.222901,40,24,17,44.45,0.3595,0.1250,0.011449,4.441
263915,520,356,876,235,12,252,324.53,0.9964,0.6188,0.249559,81,2,44,355.95,0.9260,0.1830,0.019749,4.295
263917,520,478,998,212,51,60,23.35,0.8954,0.5066,0.166934,0,2,2,194.77,1.0000,0.0198,0.000478,4.298
263918,520,476,996,152,77,210,307.14,0.7705,0.5056,0.166368,1,1,4,280.91,0.5250,0.0184,0.000369,4.296
263980,520,421,941,197,50,230,319.26,0.9257,0.5570,0.198662,42,5,49,320.79,0.8015,0.1113,0.008226,4.271
264007,520,452,972,215,68,57,28.29,0.8651,0.5306,0.188792,4,11,36,266.09,0.7626,0.0665,0.003925,4.428
264013,520,390,910,240,54,146,356.07,0.8985,0.5880,0.232420,51,24,49,329.86,0.4988,0.1549,0.015789,4.293
264026,520,398,918,250,39,83,17.47,0.9701,0.5789,0.224032,17,14,90,272.82,0.9459,0.1367,0.011714,4.440
264075,520,424,944,211,20,227,324.32,0.9820,0.5615,0.198972,24,18,57,285.64,0.6655,0.1139,0.009222,4.204
264090,520,423,943,218,34,196,334.15,0.9405,0.5589,0.200373,45,0,45,328.36,1.0000,0.1068,0.007474,4.356
264097,520,437,957,215,72,122,2.75,0.7617,0.5511,0.204892,32,17,1,69.61,0.8719,0.0941,0.007102,4.464
264098,520,446,966,233,43,36,28.49,0.9601,0.5399,0.191819,4,13,43,265.41,0.8282,0.0762,0.004881,4.406
264110,520,416,936,237,66,62,26.56,0.9141,0.5714,0.222519,36,23,34,331.94,0.2954,0.1232,0.011034,4.465
264113,520,374,894,207,100,171,341.97,0.6545,0.5973,0.253217,29,40,39,189.39,0.1822,0.1630,0.019252,4.378
264115,520,401,921,250,55,30,30.94,0.9795,0.5835,0.231537,59,7,45,341.31,0.7780,0.1422,0.012714,4.489
264120,520,333,853,250,71,179,348.09,0.9523,0.6352,0.280883,44,46,50,264.45,0.0654,0.1992,0.027197,4.286
264125,520,440,960,221,73,25,36.61,0.9499,0.5451,0.202100,1,23,21,187.23,0.9168,0.0862,0.006734,4.444
264129,520,480,1000,208,45,116,0.05,0.8403,0.5080,0.165499,0,0,0,0.00,0.0000,0.0000,0.000000,4.310
264149,520,477,997,177,12,231,314.07,0.9869,0.5058,0.153807,2,2,4,284.11,0.2654,0.0240,0.000651,4.024
264154,520,271,791,247,133,125,25.20,0.8599,0.6986,0.380326,12,67,78,214.66,0.8184,0.2572,0.046423,4.463
264176,520,431,951,203,90,84,25.36,0.6838,0.5452,0.206509,47,5,6,24.33,0.8682,0.1008,0.007261,4.480
264187,520,475,995,208,41,159,343.29,0.8653,0.5239,0.175011,1,0,21,272.00,1.0000,0.0260,0.000606,4.446
264190,520,436,956,217,23,195,334.14,0.9637,0.5515,0.193069,13,10,58,276.76,0.8705,0.0911,0.006081,4.334
264193,520,425,945,214,60,181,337.99,0.8398,0.5624,0.208662,39,18,14,31.72,0.4516,0.1096,0.008957,4.387
264200,520,410,930,244,37,94,13.29,0.9545,0.5679,0.213678,17,17,80,273.61,0.8994,0.1293,0.010992,4.323
264210,520,387,907,198,91,203,325.78,0.7484,0.5866,0.238012,23,35,49,252.82,0.3434,0.1486,0.016059,4.360
264213,520,455,975,191,69,176,332.96,0.7550,0.5304,0.184687,18,9,8,26.90,0.2747,0.0607,0.003415,4.394
264215,520,445,965,221,58,84,16.92,0.8619,0.5360,0.190410,29,7,21,343.53,0.5754,0.0763,0.004673,4.397
264221,520,407,927,231,54,150,352.74,0.8745,0.5728,0.218320,20,30,51,264.04,0.4431,0.1338,0.013162,4.248
264223,520,441,961,165,99,181,319.59,0.5771,0.5403,0.202599,6,24,13,155.37,0.6917,0.0897,0.007210,4.415
264234,520,459,979,159,86,211,308.64,0.7438,0.5294,0.187302,15,11,3,88.95,0.5110,0.0601,0.003475,4.438
264251,520,417,937,254,11,40,25.85,0.9962,0.5702,0.214672,53,0,48,332.81,1.0000,0.1241,0.009704,4.433
264256,520,480,1000,221,24,87,11.68,0.9550,0.5122,0.167163,0,0,0,0.00,0.0000,0.0000,0.000000,4.343
264315,520,185,705,232,169,240,322.71,0.8311,0.7871,0.518242,8,91,75,174.83,0.9559,0.3326,0.080414,4.357
264318,520,428,948,246,24,58,22.62,0.9839,0.5591,0.205551,15,24,18,155.25,0.2796,0.0971,0.007985,4.407
264322,520,468,988,225,33,71,18.27,0.9491,0.5215,0.175530,14,2,18,318.85,0.7168,0.0444,0.001805,4.353
264326,520,223,743,246,146,221,336.85,0.9122,0.7529,0.453732,45,79,48,146.22,0.5782,0.2993,0.063631,4.433
264329,520,473,993,188,2,226,318.50,0.9977,0.5173,0.162271,6,0,11,313.96,1.0000,0.0260,0.000629,4.193
264342,520,424,944,246,31,9,30.20,0.9935,0.5583,0.205961,20,12,64,281.65,0.8350,0.1062,0.007818,4.427
264344,520,470,990,213,23,157,344.76,0.9375,0.5223,0.171956,1,5,16,257.09,0.7210,0.0375,0.001524,4.308
264345,520,441,961,196,85,121,2.18,0.6350,0.5358,0.196150,1,23,33,229.13,0.8909,0.0919,0.007290,4.297
264346,520,325,845,212,110,227,322.35,0.8171,0.6494,0.306964,46,54,12,119.44,0.7765,0.2148,0.032457,4.329
264349,520,388,908,205,90,195,330.99,0.7461,0.5912,0.242332,37,31,55,294.55,0.3848,0.1549,0.016491,4.397
264350,520,375,895,238,22,217,333.37,0.9858,0.6029,0.237635,44,30,58,306.11,0.4413,0.1629,0.017695,4.249
264357,520,473,993,211,0,171,339.55,1.0000,0.5197,0.167914,0,5,10,233.51,1.0000,0.0336,0.001304,4.247
264370,520,480,1000,197,30,174,335.09,0.9025,0.5050,0.158567,0,0,0,0.00,0.0000,0.0000,0.000000,4.171
264382,520,421,941,220,10,204,332.43,0.9890,0.5590,0.197947,9,12,73,270.25,0.9433,0.1083,0.008020,4.273
264390,520,474,994,182,58,195,323.80,0.8186,0.5150,0.169126,9,0,18,309.66,1.0000,0.0336,0.001018,4.295
264399,520,436,956,243,25,46,25.12,0.9838,0.5517,0.199506,17,21,12,127.56,0.2927,0.0888,0.006820,4.391
264426,520,475,995,213,11,169,340.74,0.9754,0.5249,0.172523,4,2,15,289.81,0.6893,0.0320,0.001037,4.360
264449,520,478,998,190,79,90,16.79,0.6611,0.5067,0.172790,3,0,12,296.66,1.0000,0.0224,0.000459,4.415
264467,520,307,827,229,102,241,324.14,0.9268,0.6702,0.325136,16,56,91,248.82,0.7372,0.2333,0.036937,4.315
264490,520,423,943,201,89,135,356.67,0.6390,0.5554,0.213133,33,21,9,65.14,0.4688,0.1063,0.008794,4.475
264502,520,447,967,204,54,183,334.41,0.8412,0.5405,0.188965,0,21,26,213.85,1.0000,0.0819,0.006109,4.259
264506,520,398,918,250,33,119,5.64,0.9632,0.5847,0.227472,56,17,16,24.41,0.6647,0.1380,0.012792,4.419
264513,520,323,843,219,90,251,319.07,0.9743,0.6464,0.293391,80,27,45,1.97,0.6166,0.2089,0.026791,4.472
264515,520,444,964,205,8,216,325.52,0.9907,0.5400,0.181125,31,0,41,316.93,1.0000,0.0795,0.004514,4.240
264551,520,452,972,199,60,172,336.76,0.7960,0.5314,0.183542,22,11,18,341.32,0.3209,0.0727,0.004536,4.282
264552,520,429,949,219,38,170,342.33,0.9071,0.5482,0.193510,4,26,34,224.55,0.7115,0.1028,0.008801,4.141
264558,520,427,947,233,21,148,352.30,0.9657,0.5564,0.200010,39,4,41,325.76,0.7916,0.0990,0.006783,4.403
264570,520,378,898,196,109,172,338.30,0.5733,0.5966,0.256530,10,41,43,201.16,0.6638,0.1560,0.018247,4.491
264592,520,201,721,245,166,154,28.89,0.7766,0.7662,0.490201,36,86,0,136.72,1.0000,0.3106,0.070304,4.490
264595,520,401,921,229,75,122,5.87,0.8028,0.5801,0.230980,54,16,44,339.19,0.6324,0.1434,0.013368,4.434
264600,520,469,989,180,23,234,314.09,0.9737,0.5169,0.162577,1,1,33,267.94,0.9855,0.0394,0.001380,4.137
264602,520,430,950,229,34,135,356.40,0.9255,0.5489,0.195542,17,0,78,277.41,1.0000,0.1032,0.006692,4.331
264633,520,363,883,240,59,177,345.84,0.9032,0.6056,0.248304,57,32,23,40.51,0.4324,0.1710,0.019649,4.283
264635,520,456,976,225,37,97,9.73,0.9205,0.5300,0.181965,4,4,47,271.01,0.9546,0.0628,0.003179,4.362
264636,520,475,995,174,65,209,316.74,0.8213,0.5202,0.173837,6,1,17,299.60,0.8158,0.0325,0.001009,4.388
264656,520,433,953,220,57,126,359.82,0.8289,0.5454,0.196508,1,28,16,161.67,0.9676,0.0999,0.008743,4.196
264657,520,446,966,224,28,146,351.23,0.9353,0.5407,0.187558,1,4,64,265.32,0.9868,0.0801,0.004634,4.348
264697,520,409,929,221,87,67,30.92,0.8178,0.5689,0.225963,28,31,14,117.03,0.4396,0.1278,0.012586,4.409
264721,520,459,979,224,25,111,3.57,0.9462,0.5258,0.176930,12,7,32,288.58,0.6577,0.0621,0.003344,4.254
264725,520,444,964,235,9,112,4.54,0.9879,0.5437,0.190305,24,4,48,299.14,0.8491,0.0825,0.004944,4.374
264732,520,400,920,244,61,72,23.05,0.9384,0.5816,0.230418,15,33,51,249.95,0.5161,0.1388,0.014282,4.362
264736,520,437,957,223,66,83,19.10,0.8467,0.5482,0.202116,35,11,11,21.78,0.5499,0.0892,0.006209,4.485
264737,520,248,768,226,138,234,324.00,0.8362,0.7187,0.402878,13,76,71,186.86,0.8667,0.2830,0.057091,4.229
264744,520,369,889,244,16,215,335.23,0.9917,0.6108,0.245130,18,35,82,265.76,0.7489,0.1700,0.019398,4.253
264761,520,432,952,212,68,139,353.96,0.7690,0.5473,0.199976,41,3,42,327.05,0.8185,0.1017,0.007038,4.383
264786,520,377,897,222,69,205,332.78,0.8735,0.5985,0.241958,20,39,47,226.86,0.3975,0.1570,0.018049,4.290
264788,520,441,961,177,100,133,353.63,0.4773,0.5360,0.201560,38,6,25,347.32,0.6907,0.0912,0.006126,4.482
264798,520,404,924,247,3,140,357.33,0.9971,0.5768,0.217362,20,27,54,270.82,0.5168,0.1281,0.011989,4.313
264800,520,375,895,250,48,150,356.25,0.9559,0.6041,0.246433,69,4,53,340.91,0.8443,0.1639,0.016093,4.485
264802,520,444,964,174,69,233,310.43,0.8785,0.5432,0.191389,5,5,62,269.63,0.9717,0.0821,0.004886,4.398
264818,520,480,1000,190,63,146,344.33,0.7375,0.5055,0.165791,0,0,0,0.00,0.0000,0.0000,0.000000,4.316
264839,520,439,959,234,35,110,6.30,0.9367,0.5508,0.198233,2,12,61,265.07,0.9483,0.0904,0.006127,4.423
264852,520,476,996,170,7,252,307.54,0.9953,0.5130,0.157271,5,0,10,311.99,1.0000,0.0241,0.000542,4.101
264877,520,432,952,186,50,246,312.35,0.9540,0.5526,0.193752,40,1,48,320.27,0.9266,0.1016,0.006863,4.287
264898,520,345,865,201,107,229,317.97,0.8094,0.6308,0.285913,61,39,26,51.21,0.4054,0.1944,0.025178,4.468
264905,520,419,939,159,99,224,303.59,0.7590,0.5602,0.216768,36,18,35,328.89,0.4334,0.1131,0.009291,4.499
264912,520,480,1000,174,50,222,314.18,0.8968,0.5148,0.165548,0,0,0,0.00,0.0000,0.0000,0.000000,4.311
264929,520,352,872,245,30,216,335.24,0.9811,0.6177,0.253019,71,29,13,40.58,0.7156,0.1871,0.022476,4.181
264944,520,431,951,230,58,32,31.57,0.9531,0.5462,0.199563,20,18,38,286.73,0.4369,0.0956,0.007213,4.362
264954,520,447,967,232,34,63,21.29,0.9599,0.5353,0.186618,4,17,34,253.96,0.6621,0.0786,0.005422,4.269
264960,520,361,881,231,37,252,323.40,0.9891,0.6204,0.253426,31,35,87,275.55,0.6722,0.1834,0.021814,4.225
264963,520,342,862,255,61,161,354.44,1.0000,0.6277,0.271742,50,42,19,90.69,0.4999,0.1854,0.023811,4.359
264965,520,326,846,203,110,249,313.13,0.9354,0.6508,0.306890,60,46,30,69.85,0.3464,0.2117,0.030085,4.456
264979,520,350,870,244,54,220,334.10,0.9557,0.6317,0.270416,76,25,29,18.54,0.6506,0.1928,0.023207,4.377
264999,520,471,991,214,65,11,36.59,0.9788,0.5211,0.181034,14,3,14,327.41,0.5865,0.0449,0.001902,4.451
265003,520,47,567,239,234,248,302.20,0.5168,0.9359,0.839737,21,125,54,148.43,0.9777,0.4413,0.150924,4.428
265018,520,370,890,254,37,153,355.46,0.9911,0.6065,0.246974,30,34,72,276.16,0.5545,0.1674,0.018879,4.312
265022,520,471,991,173,12,250,308.76,0.9916,0.5167,0.160502,2,5,16,263.44,0.5993,0.0386,0.001589,4.080
265030,520,464,984,201,75,73,24.39,0.7577,0.5164,0.179327,21,3,16,338.54,0.6607,0.0546,0.002620,4.358
265036,520,345,865,227,72,242,324.10,0.9459,0.6326,0.273785,44,46,19,112.56,0.5399,0.1897,0.025365,4.296
265043,520,396,916,249,36,118,6.00,0.9570,0.5839,0.227130,60,7,25,5.83,0.7936,0.1352,0.011830,4.482
265048,520,296,816,208,134,221,321.43,0.6996,0.6820,0.356817,33,65,15,136.35,0.9170,0.2398,0.041383,4.452
265052,520,469,989,189,66,167,335.60,0.7484,0.5183,0.175068,9,2,17,307.41,0.7038,0.0385,0.001420,4.377
265059,520,393,913,224,1,242,324.18,0.9995,0.5907,0.222820,57,2,50,334.37,0.8778,0.1357,0.011437,4.441
265061,520,472,992,229,15,17,28.56,0.9915,0.5159,0.170432,4,3,1,90.93,0.4350,0.0285,0.000931,4.328
265070,520,7,527,249,251,254,258.32,0.6409,0.9853,0.962898,1,136,53,148.08,0.9993,0.4747,0.178710,4.429
265084,520,339,859,220,103,210,330.78,0.7891,0.6408,0.295712,44,43,69,285.02,0.3481,0.2012,0.026929,4.494
265090,520,408,928,252,20,73,19.09,0.9877,0.5726,0.216805,18,28,59,268.05,0.5899,0.1330,0.012748,4.252
265102,520,441,961,198,41,216,323.27,0.9262,0.5417,0.185511,25,18,4,85.07,0.6151,0.0877,0.006481,4.170
265118,520,448,968,178,64,231,312.55,0.8824,0.5417,0.189023,35,4,16,359.39,0.7298,0.0789,0.004816,4.360
265149,520,419,939,217,42,193,334.80,0.9154,0.5600,0.202601,44,17,0,53.75,1.0000,0.1131,0.009365,4.255
265155,520,371,891,245,24,200,339.40,0.9825,0.6063,0.242390,65,18,53,339.20,0.6716,0.1712,0.018136,4.291
265168,520,355,875,197,106,221,318.92,0.7646,0.6189,0.274000,50,42,2,97.45,0.9332,0.1830,0.023385,4.415
265181,520,386,906,216,59,226,325.39,0.9207,0.5923,0.232198,23,22,88,275.24,0.8631,0.1514,0.014605,4.368
265182,520,480,1000,190,45,191,327.79,0.8641,0.5136,0.165870,0,0,0,0.00,0.0000,0.0000,0.000000,4.317
265190,520,326,846,187,130,220,312.29,0.6589,0.6482,0.316981,22,59,6,138.27,0.9739,0.2124,0.033115,4.415
265199,520,452,972,105,101,248,278.90,0.9373,0.5279,0.190874,18,4,40,296.47,0.8143,0.0685,0.003686,4.487
265228,520,373,893,241,78,97,17.98,0.8867,0.5990,0.250157,26,38,58,260.30,0.3916,0.1647,0.019113,4.343
265234,520,437,957,211,29,204,330.12,0.9524,0.5490,0.190893,19,9,56,284.87,0.8229,0.0926,0.006193,4.287
265248,520,420,940,247,10,85,14.90,0.9927,0.5618,0.206507,5,30,15,154.49,0.8653,0.1082,0.009953,4.278
265259,520,406,926,217,6,245,321.78,0.9970,0.5820,0.214765,33,23,52,297.89,0.5024,0.1300,0.011841,4.281
265273,520,344,864,231,70,224,329.81,0.9198,0.6256,0.267534,79,7,61,341.07,0.8225,0.1918,0.021514,4.440
265306,520,398,918,205,73,207,327.21,0.8319,0.5763,0.222509,12,37,27,164.84,0.6296,0.1377,0.014804,4.205
265308,520,400,920,173,114,176,325.12,0.4865,0.5766,0.240542,31,35,13,117.77,0.5411,0.1423,0.015224,4.455
265312,520,430,950,216,42,180,338.47,0.8986,0.5507,0.195524,8,14,67,269.53,0.9191,0.1042,0.007709,4.255
265325,520,265,785,209,137,252,311.69,0.9509,0.7056,0.384759,46,68,5,128.08,0.9571,0.2582,0.047260,4.470
265331,520,458,978,222,33,123,359.26,0.9152,0.5299,0.180500,28,2,14,353.24,0.7671,0.0624,0.003220,4.331
265351,520,421,941,242,36,94,12.97,0.9536,0.5633,0.209505,1,31,15,156.72,0.9786,0.1093,0.010209,4.310
265352,520,370,890,253,1,191,343.40,0.9994,0.6113,0.246694,7,48,33,164.10,0.8901,0.1738,0.022688,4.082
265358,520,424,944,212,87,90,21.50,0.7225,0.5574,0.215538,14,28,21,161.64,0.3942,0.1089,0.009780,4.442
265378,520,371,891,214,68,246,319.70,0.9550,0.6112,0.250859,73,10,26,11.90,0.8153,0.1663,0.017084,4.485
265384,520,337,857,230,84,230,327.80,0.9061,0.6425,0.288790,54,46,33,79.65,0.2540,0.2046,0.028481,4.317
265395,520,467,987,160,45,251,303.57,0.9783,0.5154,0.163159,15,0,21,317.64,1.0000,0.0423,0.001557,4.134
265397,520,429,949,221,20,178,340.04,0.9646,0.5478,0.190893,37,15,1,55.45,0.8675,0.0976,0.007372,4.199
265398,520,429,949,188,65,220,318.48,0.8617,0.5495,0.196405,5,14,65,267.22,0.9304,0.1002,0.007279,4.302
265401,520,259,779,247,112,245,328.10,0.9655,0.7124,0.379575,34,52,137,268.96,0.8339,0.2720,0.046020,4.474
265402,520,455,975,190,94,55,41.80,0.7230,0.5250,0.192300,8,14,15,208.56,0.1984,0.0645,0.004002,4.487
265408,520,469,989,154,89,196,310.26,0.6720,0.5173,0.180008,8,6,11,304.74,0.2352,0.0449,0.002060,4.418
265420,520,333,853,249,38,234,331.72,0.9821,0.6394,0.274695,46,47,28,110.74,0.3489,0.1967,0.026977,4.218
265421,520,462,982,177,68,215,315.98,0.8300,0.5326,0.183887,21,2,12,347.53,0.7131,0.0508,0.002294,4.473
265425,520,366,886,239,61,182,344.08,0.9007,0.6079,0.250685,39,36,62,288.18,0.3813,0.1738,0.020409,4.271
265433,520,472,992,227,36,4,31.28,0.9956,0.5209,0.176044,8,0,18,307.00,1.0000,0.0325,0.000953,4.436
265439,520,398,918,251,41,79,18.89,0.9763,0.5814,0.226633,30,30,40,284.87,0.1887,0.1363,0.013578,4.351
265446,520,445,965,223,42,124,359.73,0.8876,0.5380,0.188018,19,13,39,291.11,0.5737,0.0849,0.005728,4.271
265449,520,423,943,240,39,78,18.07,0.9527,0.5575,0.205296,33,13,46,309.83,0.6421,0.1067,0.008085,4.395
265454,520,370,890,255,13,169,350.14,1.0000,0.6066,0.244160,19,48,16,141.85,0.8767,0.1748,0.022897,4.035
265466,520,464,984,223,25,99,7.76,0.9493,0.5200,0.172868,11,5,29,291.62,0.6921,0.0549,0.002684,4.230
265474,520,452,972,226,11,125,358.43,0.9793,0.5301,0.178916,14,11,35,285.73,0.5829,0.0735,0.004540,4.197
265496,520,454,974,225,28,115,2.47,0.9382,0.5305,0.180786,16,13,8,80.98,0.2142,0.0669,0.004155,4.262
265503,520,295,815,251,123,68,42.46,0.9531,0.6773,0.350956,42,62,29,134.20,0.5996,0.2388,0.040261,4.442
265519,520,444,964,207,21,205,328.83,0.9674,0.5393,0.182114,32,1,42,316.82,0.9165,0.0836,0.004960,4.223
265520,520,422,942,236,41,110,7.11,0.9257,0.5585,0.205476,35,7,60,303.12,0.8270,0.1126,0.008356,4.378
265526,520,471,991,230,3,85,12.65,0.9962,0.5244,0.175470,1,7,10,220.32,0.6598,0.0401,0.001803,4.352
265528,520,480,1000,191,28,197,326.54,0.9316,0.5084,0.159397,0,0,0,0.00,0.0000,0.0000,0.000000,4.188
265539,520,442,962,221,56,96,11.95,0.8533,0.5370,0.190476,30,12,0,60.64,1.0000,0.0805,0.005390,4.342
265545,520,457,977,234,4,62,19.94,0.9967,0.5286,0.179302,2,11,34,261.08,0.8270,0.0635,0.003677,4.272
265548,520,340,860,249,103,63,36.10,0.9492,0.6413,0.302023,3,56,36,161.76,0.9712,0.2006,0.029749,4.414
265552,520,469,989,166,51,240,307.42,0.9271,0.5189,0.167666,8,5,11,309.36,0.3073,0.0424,0.001843,4.199
265578,520,469,989,81,101,253,271.70,0.9882,0.5153,0.181477,10,4,6,354.33,0.3105,0.0400,0.001645,4.482
265646,520,363,883,249,72,94,18.44,0.9491,0.6065,0.255860,4,41,70,247.29,0.8480,0.1703,0.020538,4.336
265662,520,473,993,183,4,239,314.10,0.9965,0.5206,0.163873,6,3,6,326.51,0.3042,0.0331,0.001170,4.180
265672,520,283,803,251,88,244,329.62,0.9843,0.6882,0.340231,28,67,37,149.19,0.7567,0.2475,0.043946,4.154
265677,520,480,1000,228,4,48,22.99,0.9968,0.5136,0.167972,0,0,0,0.00,0.0000,0.0000,0.000000,4.359
265692,520,440,960,231,43,105,8.32,0.9118,0.5484,0.197395,5,4,71,268.69,0.9848,0.0917,0.005740,4.438
265705,520,270,790,251,96,247,328.79,0.9848,0.6990,0.355931,63,45,117,290.75,0.6599,0.2630,0.042179,4.404
265719,520,341,861,212,83,255,316.42,1.0000,0.6305,0.274051,5,47,81,248.54,0.8552,0.1963,0.026592,4.231
265732,520,458,978,165,58,246,305.40,0.9468,0.5294,0.176799,17,10,6,54.60,0.2955,0.0610,0.003494,4.240
265737,520,404,924,237,24,170,346.25,0.9684,0.5754,0.215630,39,6,76,297.87,0.8991,0.1329,0.010834,4.366
265747,520,412,932,227,65,141,356.24,0.8259,0.5720,0.220372,12,23,63,267.89,0.7697,0.1206,0.010498,4.469
265765,520,480,1000,158,47,241,304.83,0.9346,0.5050,0.156536,0,0,0,0.00,0.0000,0.0000,0.000000,4.131
265770,520,460,980,196,68,159,341.09,0.7435,0.5284,0.183749,17,5,22,315.80,0.5870,0.0568,0.002857,4.422
265778,520,362,882,247,85,17,38.50,0.9835,0.6090,0.263150,40,45,23,119.31,0.4373,0.1833,0.023897,4.238
265818,520,368,888,253,67,102,15.24,0.9807,0.6107,0.258598,28,30,88,275.79,0.7520,0.1709,0.018799,4.485
265820,520,387,907,215,37,249,320.07,0.9756,0.5919,0.226116,51,10,66,315.06,0.7942,0.1459,0.013143,4.373
265822,520,453,973,185,87,143,346.90,0.6000,0.5296,0.191152,1,16,18,204.78,0.8389,0.0653,0.004207,4.449
265840,520,442,962,207,58,158,344.12,0.8032,0.5361,0.187622,2,15,46,261.41,0.8968,0.0816,0.005518,4.280
265855,520,440,960,246,16,37,26.29,0.9923,0.5541,0.201005,7,18,47,265.13,0.7296,0.0924,0.006830,4.417
265865,520,423,943,248,0,49,23.68,1.0000,0.5560,0.201818,48,3,42,334.31,0.8218,0.1144,0.008608,4.297
265869,520,465,985,224,27,93,10.20,0.9483,0.5213,0.174243,14,3,30,299.72,0.7815,0.0543,0.002522,4.269
265873,520,376,896,210,68,237,320.72,0.9174,0.5986,0.239520,41,30,62,298.11,0.4795,0.1619,0.017478,4.291
265875,520,430,950,164,82,237,304.89,0.8676,0.5495,0.200421,20,1,71,282.41,0.9879,0.0983,0.006253,4.452
265883,520,441,961,207,75,131,357.37,0.7230,0.5439,0.199383,29,13,31,322.96,0.4800,0.0917,0.006480,4.415
265886,520,410,930,253,8,57,22.53,0.9963,0.5693,0.213555,18,21,76,273.47,0.8385,0.1329,0.011867,4.260
265891,520,419,939,241,47,19,31.21,0.9825,0.5582,0.207842,20,22,49,277.80,0.5242,0.1124,0.009443,4.338
265900,520,458,978,226,48,50,26.17,0.9369,0.5309,0.185158,10,9,24,285.03,0.4537,0.0593,0.003258,4.415
265907,520,470,990,198,71,118,0.83,0.7101,0.5180,0.178221,7,3,17,297.86,0.6199,0.0391,0.001508,4.431
265913,520,421,941,226,13,178,341.18,0.9812,0.5552,0.196736,10,29,30,199.98,0.4827,0.1130,0.010370,4.087
265932,520,226,746,255,132,243,331.02,1.0000,0.7522,0.442361,7,82,41,152.49,0.9807,0.2922,0.062396,4.381
265943,520,430,950,190,23,252,313.01,0.9864,0.5482,0.185895,40,4,40,328.06,0.7885,0.1001,0.006912,4.145
265956,520,451,971,235,1,98,9.02,0.9987,0.5378,0.185689,21,11,4,60.65,0.4898,0.0672,0.004076,4.359
265969,520,380,900,227,23,241,325.02,0.9880,0.6001,0.232969,36,39,20,116.04,0.4131,0.1607,0.018766,4.115
265970,520,470,990,212,21,153,345.81,0.9411,0.5176,0.168356,11,1,13,323.00,0.7578,0.0358,0.001219,4.263
265990,520,401,921,247,47,69,22.02,0.9586,0.5755,0.222404,46,26,0,70.86,1.0000,0.1356,0.013197,4.310
265995,520,443,963,236,12,89,12.43,0.9871,0.5400,0.188203,8,20,26,231.00,0.4030,0.0845,0.006265,4.234
265997,520,351,871,247,58,208,338.09,0.9541,0.6330,0.273573,22,44,79,259.31,0.6143,0.1932,0.025363,4.294
266000,520,320,840,223,94,245,321.57,0.9433,0.6533,0.302878,67,40,50,356.06,0.3319,0.2136,0.029413,4.444
266002,520,394,914,251,0,165,350.37,1.0000,0.5946,0.232293,29,29,45,283.85,0.2930,0.1354,0.013294,4.460
266015,520,397,917,229,31,195,337.14,0.9584,0.5768,0.215807,0,34,56,241.83,1.0000,0.1380,0.014295,4.134
266017,520,339,859,255,15,237,332.34,1.0000,0.6440,0.277193,41,30,109,281.79,0.8072,0.2040,0.025040,4.360
266018,520,473,993,192,59,176,333.18,0.7934,0.5206,0.174706,3,2,20,280.02,0.8129,0.0339,0.001133,4.395
266025,520,409,929,142,100,255,291.22,1.0000,0.5664,0.220850,33,27,27,17.86,0.1039,0.1262,0.011863,4.378
266026,520,472,992,206,60,123,358.44,0.7794,0.5211,0.177857,0,4,6,218.80,1.0000,0.0290,0.001000,4.468
266033,520,452,972,222,52,45,27.98,0.9287,0.5257,0.181778,29,4,26,332.66,0.7110,0.0734,0.004227,4.274
266035,520,38,558,246,247,143,109.06,0.9325,0.9458,0.880980,44,126,56,146.00,0.9244,0.4513,0.157421,4.488
266038,520,474,994,219,49,63,22.42,0.9101,0.5194,0.176182,5,2,18,291.16,0.7359,0.0349,0.001194,4.418
266054,520,476,996,182,78,133,349.86,0.6294,0.5063,0.170887,2,1,2,326.51,0.3040,0.0189,0.000390,4.384
266065,520,422,942,228,33,173,343.45,0.9391,0.5638,0.206015,27,16,53,293.26,0.6524,0.1099,0.008606,4.368
266090,520,391,911,247,64,41,30.81,0.9643,0.5866,0.236045,29,33,50,273.66,0.3045,0.1487,0.015792,4.348
266098,520,415,935,226,14,208,332.84,0.9873,0.5733,0.210394,49,11,38,341.03,0.6754,0.1242,0.010323,4.317
266104,520,309,829,244,65,247,327.34,0.9737,0.6568,0.297317,88,6,83,331.22,0.8691,0.2235,0.028298,4.436
266110,520,380,900,239,69,153,354.65,0.8648,0.6026,0.249098,52,31,23,41.62,0.3808,0.1609,0.017720,4.417
266114,520,402,922,224,42,206,332.92,0.9395,0.5803,0.219618,34,29,0,100.25,1.0000,0.1264,0.012188,4.336
266120,520,401,921,235,28,180,342.85,0.9625,0.5783,0.217908,38,8,80,294.45,0.8898,0.1381,0.011649,4.346
266127,520,442,962,208,62,158,344.63,0.7922,0.5420,0.193258,31,5,36,320.99,0.7405,0.0843,0.005273,4.401
266130,520,415,935,218,21,217,328.56,0.9790,0.5670,0.204537,48,14,16,19.33,0.6261,0.1181,0.009800,4.256
266143,520,373,893,202,69,248,315.77,0.9583,0.5954,0.235915,45,30,59,306.85,0.4526,0.1648,0.018022,4.203
266148,520,434,954,221,74,0,39.23,1.0000,0.5455,0.202723,4,18,56,263.81,0.8826,0.0984,0.007439,4.400
266152,520,458,978,204,63,138,351.78,0.7655,0.5268,0.182294,9,5,33,284.49,0.7588,0.0562,0.002764,4.402
266158,520,332,852,234,86,215,333.21,0.8864,0.6425,0.290567,34,52,12,130.29,0.8284,0.1976,0.028226,4.354
266165,520,456,976,191,59,196,326.39,0.8280,0.5314,0.181913,11,5,31,289.94,0.7190,0.0564,0.002786,4.393
266167,520,309,829,248,87,211,338.14,0.9516,0.6641,0.314789,53,44,82,293.19,0.4507,0.2220,0.031674,4.466
266169,520,468,988,228,15,80,14.45,0.9811,0.5219,0.174178,6,6,4,107.35,0.1549,0.0404,0.001777,4.330
266183,520,456,976,164,56,250,304.40,0.9690,0.5296,0.176236,23,3,27,321.21,0.7452,0.0632,0.003264,4.247
266219,520,410,930,225,55,162,347.15,0.8618,0.5678,0.213511,26,8,88,280.70,0.9444,0.1340,0.010978,4.321
266229,520,343,863,255,4,214,337.84,1.0000,0.6282,0.262053,70,6,88,316.83,0.8914,0.1939,0.021371,4.372
266247,520,401,921,250,55,40,29.48,0.9790,0.5843,0.232132,42,26,43,324.67,0.3603,0.1426,0.014055,4.405
266254,520,367,887,232,42,225,329.93,0.9635,0.6063,0.242505,46,29,70,300.72,0.5665,0.1717,0.019018,4.238
266257,520,342,862,242,88,152,358.01,0.8519,0.6293,0.281266,16,49,59,220.99,0.6185,0.1918,0.026224,4.346
266262,520,441,961,134,105,223,291.73,0.7373,0.5423,0.204991,2,21,39,247.63,0.8032,0.0907,0.006957,4.477
266267,520,446,966,242,2,37,25.67,0.9990,0.5423,0.190577,34,6,18,356.32,0.6515,0.0814,0.005141,4.363
266277,520,73,593,196,238,243,205.30,0.5861,0.9081,0.793547,8,121,38,145.96,0.9943,0.4238,0.138657,4.471
266280,520,435,955,232,43,92,13.09,0.9223,0.5469,0.196593,9,25,5,138.87,0.8576,0.0928,0.007643,4.278
266284,520,477,997,172,39,232,311.66,0.9398,0.5114,0.160488,1,1,12,274.56,0.8685,0.0231,0.000547,4.164
266287,520,476,996,223,16,54,21.72,0.9841,0.5067,0.163277,1,2,0,126.59,1.0000,0.0203,0.000499,4.223
266320,520,456,976,221,16,154,347.54,0.9661,0.5339,0.180784,10,13,17,255.69,0.1610,0.0645,0.003928,4.279
266324,520,444,964,200,84,113,7.20,0.6570,0.5383,0.198141,42,1,7,16.54,0.9445,0.0846,0.005294,4.488
266327,520,278,798,251,96,237,331.47,0.9814,0.6933,0.349921,66,54,52,29.10,0.1323,0.2472,0.040446,4.422
266336,520,362,882,242,71,142,359.60,0.8780,0.6060,0.253398,31,42,55,252.97,0.2750,0.1781,0.022230,4.200
266351,520,411,931,234,17,166,346.69,0.9770,0.5654,0.206494,17,31,23,158.51,0.3746,0.1206,0.011610,4.163
266373,520,386,906,239,35,190,340.96,0.9590,0.5943,0.232734,31,37,10,120.25,0.6598,0.1478,0.016363,4.260
266385,520,473,993,231,4,33,26.06,0.9975,0.5186,0.171887,2,2,8,280.91,0.5251,0.0260,0.000739,4.373
266389,520,362,882,227,66,209,332.94,0.8975,0.6062,0.248331,19,28,109,269.54,0.9220,0.1838,0.020730,4.218
266402,520,363,883,240,3,223,332.34,0.9985,0.6061,0.239209,57,31,35,10.14,0.3643,0.1724,0.019713,4.149
266416,520,375,895,234,11,224,330.72,0.9940,0.5974,0.231162,37,39,30,117.70,0.1749,0.1644,0.019381,4.052
266437,520,414,934,178,75,246,308.40,0.9331,0.5662,0.211518,18,25,53,270.81,0.5516,0.1209,0.010809,4.301
266445,520,463,983,223,51,38,29.32,0.9380,0.5261,0.181983,3,11,13,211.38,0.4539,0.0526,0.002878,4.387
266453,520,473,993,155,77,219,306.13,0.8023,0.5165,0.173913,2,4,10,262.03,0.4487,0.0331,0.001216,4.372
266463,520,464,984,192,60,171,334.96,0.7825,0.5188,0.173801,6,8,13,264.69,0.2231,0.0485,0.002414,4.270
266475,520,412,932,246,41,44,26.97,0.9695,0.5661,0.213641,18,31,6,131.95,0.7944,0.1174,0.011217,4.307
266526,520,393,913,191,82,242,313.02,0.9090,0.5899,0.235228,2,30,70,257.54,0.9340,0.1392,0.013836,4.468
266538,520,248,768,250,135,167,3.32,0.8616,0.7185,0.404446,32,71,89,230.43,0.5486,0.2833,0.055346,4.314
266551,520,423,943,207,32,234,321.47,0.9684,0.5649,0.202407,4,23,53,258.40,0.8194,0.1076,0.008956,4.281
266554,520,457,977,185,3,246,313.15,0.9978,0.5297,0.170344,24,2,20,335.07,0.7558,0.0587,0.002881,4.167
266559,520,475,995,225,33,64,20.40,0.9538,0.5203,0.174683,5,2,1,48.86,0.4298,0.0265,0.000779,4.425
266616,520,39,559,217,247,244,189.32,0.6131,0.9461,0.878040,14,130,5,142.16,0.9973,0.4522,0.160689,4.405
266620,520,438,958,193,58,226,318.79,0.8975,0.5546,0.198559,5,3,69,269.02,0.9877,0.0875,0.005270,4.497
266627,520,362,882,236,45,217,332.94,0.9572,0.6100,0.247220,82,0,38,1.31,1.0000,0.1810,0.019341,4.286
266632,520,480,1000,175,86,129,351.52,0.5539,0.5062,0.173557,0,0,0,0.00,0.0000,0.0000,0.000000,4.471
266640,520,331,851,183,119,250,304.41,0.9131,0.6414,0.301636,5,55,53,190.72,0.9008,0.2042,0.030215,4.384
266658,520,348,868,242,95,124,11.31,0.8441,0.6296,0.285198,7,53,15,145.78,0.9726,0.1868,0.026258,4.396
266671,520,427,947,203,7,241,319.09,0.9953,0.5556,0.192010,42,0,39,331.52,1.0000,0.0970,0.006388,4.292
266701,520,475,995,221,20,115,1.31,0.9549,0.5190,0.171129,4,2,1,57.67,0.3689,0.0252,0.000714,4.360
266726,520,385,905,200,85,214,323.21,0.8059,0.5879,0.236329,51,30,3,69.35,0.8416,0.1534,0.016390,4.313
266773,520,417,937,230,38,181,341.57,0.9351,0.5744,0.215481,7,34,12,147.31,0.9075,0.1215,0.012157,4.271
266814,520,174,694,247,177,186,10.50,0.7467,0.8003,0.547655,26,89,100,211.56,0.7357,0.3415,0.082841,4.499
266825,520,467,987,210,4,166,340.87,0.9895,0.5159,0.165439,2,1,31,272.02,0.9755,0.0387,0.001335,4.197
266834,520,422,942,204,84,147,350.41,0.6828,0.5576,0.212865,19,29,13,134.50,0.4944,0.1134,0.010462,4.348
266836,520,479,999,112,97,224,284.23,0.7838,0.5059,0.173756,0,0,1,264.05,1.0000,0.0060,0.000022,4.473
266848,520,350,870,229,95,176,345.96,0.7768,0.6266,0.279794,6,53,7,143.15,0.9828,0.1854,0.026002,4.339
266863,520,424,944,206,71,173,338.86,0.7738,0.5561,0.206473,42,9,40,330.24,0.6915,0.1105,0.008409,4.391
266873,520,449,969,217,52,140,353.13,0.8380,0.5406,0.191035,31,3,3,25.35,0.8442,0.0662,0.003631,4.494
266874,520,366,886,216,59,253,318.94,0.9899,0.6113,0.248205,25,45,18,138.11,0.6917,0.1691,0.021271,4.184
266878,520,424,944,236,37,125,1.48,0.9318,0.5608,0.206397,41,20,0,64.22,1.0000,0.1142,0.009718,4.293
266884,520,420,940,151,99,239,297.30,0.8380,0.5618,0.217351,10,29,3,137.23,0.9425,0.1053,0.009498,4.493
266902,520,452,972,235,24,30,27.59,0.9844,0.5328,0.184124,14,9,40,285.33,0.6998,0.0737,0.004419,4.302
266903,520,219,739,208,165,227,315.31,0.6102,0.7461,0.458669,43,82,24,137.00,0.8999,0.3032,0.066139,4.380
266934,520,430,950,218,70,96,14.31,0.7978,0.5465,0.201327,22,14,50,288.92,0.6735,0.0983,0.007149,4.398
266949,520,290,810,255,108,161,0.28,1.0000,0.6813,0.345615,56,58,44,114.26,0.2046,0.2438,0.040487,4.372
266960,520,426,946,214,67,165,343.93,0.7970,0.5613,0.210292,45,14,16,18.53,0.5904,0.1127,0.009095,4.405
266988,520,417,937,227,50,173,343.69,0.8911,0.5728,0.216318,44,20,17,28.15,0.4625,0.1224,0.010763,4.383
266998,520,276,796,253,100,226,335.21,0.9878,0.6955,0.354908,30,65,55,172.80,0.5279,0.2476,0.043323,4.339
267002,520,403,923,247,45,106,10.44,0.9428,0.5819,0.226950,31,22,62,289.99,0.6243,0.1333,0.012129,4.458
267003,520,336,856,247,44,228,332.73,0.9737,0.6353,0.271799,73,32,36,15.45,0.5093,0.2017,0.025771,4.247
267020,520,398,918,243,51,103,11.58,0.9213,0.5776,0.224049,11,34,50,241.77,0.6001,0.1389,0.014454,4.252
267035,520,471,991,220,12,125,357.22,0.9730,0.5181,0.169619,3,4,26,273.17,0.8130,0.0433,0.001808,4.239
267036,520,372,892,254,39,156,354.60,0.9910,0.6087,0.249257,72,13,33,5.10,0.7588,0.1695,0.017756,4.417
267051,520,435,955,190,66,221,318.81,0.8635,0.5544,0.200653,7,13,55,269.79,0.8769,0.0892,0.006088,4.469
267080,520,436,956,240,4,93,11.43,0.9960,0.5477,0.194057,24,7,51,295.36,0.8011,0.0901,0.005852,4.370
267094,520,382,902,191,96,221,317.40,0.7833,0.5950,0.246637,8,27,98,265.64,0.9345,0.1641,0.017172,4.416
267097,520,407,927,215,80,135,358.26,0.7311,0.5660,0.219359,14,33,42,230.41,0.4674,0.1329,0.013482,4.243
267140,520,471,991,208,46,135,352.46,0.8350,0.5164,0.171153,11,5,10,331.62,0.3209,0.0449,0.002016,4.252
267160,520,357,877,237,72,201,338.00,0.8950,0.6245,0.268590,21,48,44,183.14,0.4902,0.1840,0.024551,4.273
267170,520,422,942,218,33,206,331.39,0.9517,0.5647,0.204516,23,28,5,119.92,0.7173,0.1125,0.010236,4.225
267171,520,363,883,253,32,173,348.92,0.9846,0.6107,0.249363,40,21,88,289.58,0.7887,0.1659,0.016920,4.473
267173,520,445,965,194,64,198,326.64,0.8203,0.5429,0.192149,14,19,21,224.02,0.1401,0.0839,0.006132,4.314
267197,520,480,1000,183,78,132,350.74,0.6317,0.5075,0.171834,0,0,0,0.00,0.0000,0.0000,0.000000,4.437
267208,520,397,917,179,80,254,306.64,0.9902,0.5801,0.224775,62,9,29,2.87,0.7666,0.1430,0.013084,4.356
267213,520,395,915,233,5,211,333.72,0.9964,0.5862,0.221380,2,8,105,265.05,0.9908,0.1422,0.012064,4.373
267226,520,450,970,237,21,76,16.98,0.9789,0.5420,0.190659,25,5,26,325.83,0.6581,0.0693,0.003898,4.465
267234,520,453,973,189,89,118,3.63,0.5852,0.5296,0.192731,16,12,22,302.44,0.2976,0.0698,0.004310,4.469
267237,520,450,970,216,32,180,338.33,0.9288,0.5447,0.189295,2,19,1,141.34,0.9797,0.0693,0.004808,4.366
267244,520,466,986,224,17,99,7.49,0.9696,0.5190,0.171518,22,1,9,355.10,0.7989,0.0489,0.002120,4.250
267254,520,437,957,236,47,9,32.11,0.9913,0.5476,0.198888,16,0,69,279.40,1.0000,0.0906,0.005398,4.493
267258,520,257,777,249,136,136,20.87,0.8680,0.7096,0.395284,4,69,87,223.13,0.9349,0.2667,0.049699,4.466
267281,520,460,980,235,2,62,19.95,0.9984,0.5303,0.180566,15,3,32,299.55,0.7964,0.0568,0.002710,4.374
267282,520,353,873,227,51,248,323.10,0.9729,0.6192,0.254780,3,16,124,265.04,0.9859,0.1786,0.018450,4.453
267289,520,443,963,234,35,58,22.84,0.9627,0.5393,0.190031,4,20,15,171.89,0.6454,0.0774,0.005606,4.317
267324,520,462,982,233,26,58,21.99,0.9750,0.5325,0.183710,24,3,2,28.96,0.7963,0.0543,0.002637,4.440
267335,520,450,970,176,53,248,308.76,0.9604,0.5420,0.185545,19,10,25,310.78,0.4380,0.0705,0.004257,4.341
267338,520,433,953,214,60,162,344.63,0.8167,0.5525,0.201387,47,4,13,13.18,0.8283,0.1009,0.007203,4.395
267357,520,423,943,245,13,86,14.48,0.9897,0.5585,0.203757,29,21,33,314.22,0.2842,0.1093,0.009074,4.296
267364,520,168,688,230,178,252,315.63,0.9459,0.8082,0.556930,30,95,15,140.53,0.9792,0.3391,0.084946,4.498
267374,520,384,904,237,14,201,337.27,0.9892,0.5892,0.225385,32,22,77,285.46,0.7393,0.1479,0.014167,4.292
267404,520,466,986,209,30,159,343.23,0.9077,0.5190,0.169892,14,1,28,304.48,0.8846,0.0483,0.001989,4.230
267408,520,319,839,252,37,237,331.68,0.9886,0.6460,0.281361,36,8,149,274.80,0.9888,0.2246,0.027185,4.293
267415,520,448,968,233,36,94,11.83,0.9397,0.5449,0.193966,4,18,31,246.52,0.6294,0.0792,0.005573,4.390
267438,520,468,988,213,60,86,15.69,0.8279,0.5231,0.180521,5,4,17,285.39,0.5579,0.0396,0.001596,4.468
267441,520,478,998,223,34,9,30.77,0.9897,0.5113,0.168546,8,0,2,359.68,1.0000,0.0239,0.000560,4.322
267442,520,430,950,227,67,69,24.45,0.8780,0.5543,0.207776,30,10,53,300.80,0.7506,0.1037,0.007502,4.483
267470,520,466,986,188,37,218,319.94,0.9320,0.5240,0.170778,14,7,2,68.40,0.5430,0.0500,0.002497,4.206
267481,520,429,949,227,63,35,32.17,0.9411,0.5457,0.200101,17,18,49,278.15,0.6172,0.1009,0.007735,4.332
267485,520,384,904,255,32,99,12.64,1.0000,0.5889,0.231976,51,25,42,341.49,0.4378,0.1532,0.015663,4.294
267507,520,399,919,253,4,120,4.74,0.9970,0.5823,0.223292,31,30,43,287.93,0.2376,0.1389,0.013943,4.274
267510,520,413,933,207,53,220,324.55,0.9128,0.5684,0.209807,52,12,16,18.14,0.7015,0.1227,0.010305,4.308
267554,520,391,911,231,37,210,333.56,0.9596,0.5923,0.229678,26,29,68,276.58,0.6030,0.1488,0.015157,4.292
267561,520,449,969,225,61,42,30.41,0.9252,0.5402,0.195150,5,19,10,155.52,0.6297,0.0738,0.005199,4.441
267568,520,416,936,238,57,99,13.14,0.8978,0.5718,0.220074,10,32,27,176.54,0.5682,0.1209,0.011766,4.372
267597,520,262,782,215,137,252,314.08,0.9582,0.7128,0.393678,36,68,63,182.93,0.4278,0.2638,0.048680,4.496
267611,520,380,900,229,57,213,332.30,0.9246,0.6040,0.243908,60,14,65,323.66,0.7472,0.1649,0.016565,4.415
267624,520,461,981,232,0,88,11.84,1.0000,0.5287,0.178635,19,6,2,47.01,0.6200,0.0537,0.002731,4.336
267630,520,429,949,244,32,9,30.30,0.9932,0.5546,0.202893,31,14,37,316.72,0.5294,0.0997,0.007390,4.407
267642,520,479,999,211,51,68,20.58,0.8802,0.5061,0.166363,2,0,3,318.71,1.0000,0.0147,0.000195,4.310
267656,520,447,967,193,52,216,321.55,0.8930,0.5419,0.187528,13,2,60,279.06,0.9732,0.0804,0.004552,4.354
267657,520,431,951,242,18,64,20.57,0.9870,0.5494,0.196834,10,28,0,134.44,1.0000,0.1016,0.008950,4.187
267658,520,468,988,199,74,103,9.39,0.7054,0.5189,0.180209,2,8,0,134.81,1.0000,0.0401,0.001866,4.439
267660,520,425,945,223,64,133,358.46,0.8149,0.5606,0.210508,46,12,10,26.37,0.6923,0.1099,0.008658,4.441
267692,520,392,912,227,89,92,22.02,0.7923,0.5870,0.242510,49,30,15,58.13,0.4996,0.1522,0.016161,4.421
267694,520,453,973,225,12,126,357.90,0.9767,0.5287,0.177796,7,15,16,205.40,0.2750,0.0666,0.004242,4.200
267699,520,467,987,155,68,236,303.30,0.8890,0.5184,0.171594,14,0,10,337.18,1.0000,0.0353,0.001153,4.332
267701,520,429,949,213,47,186,335.89,0.8850,0.5523,0.197265,21,25,0,117.41,1.0000,0.1009,0.008547,4.223
267709,520,365,885,234,83,163,351.17,0.8171,0.6136,0.263259,34,42,25,128.83,0.3620,0.1688,0.020662,4.433
267729,520,386,906,232,88,56,34.06,0.8811,0.5885,0.244236,32,38,25,128.18,0.2862,0.1549,0.017635,4.350
267750,520,449,969,183,62,225,315.74,0.8769,0.5424,0.189499,10,15,27,266.36,0.3728,0.0738,0.004853,4.366
267756,520,258,778,247,123,211,339.61,0.9217,0.7115,0.386457,61,67,39,118.54,0.4031,0.2738,0.051529,4.299
267758,520,455,975,214,65,63,25.55,0.8579,0.5260,0.184380,13,10,19,299.39,0.2896,0.0614,0.003497,4.381
267771,520,411,931,246,47,50,26.50,0.9624,0.5709,0.218596,18,33,3,131.53,0.9219,0.1231,0.012229,4.316
267792,520,439,959,217,26,187,336.44,0.9517,0.5478,0.190807,15,7,58,280.18,0.8914,0.0880,0.005590,4.332
267799,520,463,983,204,3,213,326.03,0.9961,0.5350,0.177084,1,6,36,264.65,0.9287,0.0539,0.002641,4.314
267818,520,474,994,234,6,14,28.49,0.9970,0.5244,0.176576,7,3,3,19.26,0.2828,0.0329,0.001169,4.428
267827,520,409,929,197,80,196,327.99,0.7672,0.5657,0.215947,33,23,58,294.05,0.5658,0.1344,0.012416,4.261
267832,520,399,919,249,3,132,0.24,0.9973,0.5779,0.218743,15,12,96,271.14,0.9671,0.1405,0.012089,4.328
267839,520,387,907,229,69,170,346.13,0.8395,0.5921,0.238191,64,0,59,332.16,1.0000,0.1537,0.014059,4.499
267853,520,390,910,253,57,66,24.39,0.9884,0.5949,0.242059,18,30,75,268.46,0.7350,0.1515,0.015651,4.449
267858,520,457,977,194,5,233,318.51,0.9954,0.5337,0.174625,5,2,46,273.78,0.9709,0.0585,0.002729,4.260
267860,520,358,878,243,23,228,331.81,0.9891,0.6191,0.252718,84,0,7,25.09,1.0000,0.1782,0.019005,4.387
267864,520,412,932,229,19,184,340.18,0.9750,0.5659,0.205871,50,15,16,21.11,0.6316,0.1235,0.010573,4.224
267883,520,330,850,190,128,203,320.49,0.5741,0.6390,0.306982,8,52,76,238.40,0.8067,0.2085,0.030293,4.446
267887,520,437,957,237,42,39,27.87,0.9634,0.5477,0.198102,4,26,3,142.09,0.9596,0.0924,0.007711,4.299
267901,520,460,980,236,0,48,23.28,1.0000,0.5300,0.180495,0,13,19,223.02,1.0000,0.0573,0.003348,4.321
267919,520,321,841,249,35,252,327.60,0.9914,0.6497,0.283730,89,22,25,22.42,0.7866,0.2138,0.027682,4.296
267925,520,428,948,218,47,175,340.69,0.8817,0.5551,0.200359,40,1,48,320.27,0.9266,0.1016,0.006863,4.403
267928,520,383,903,247,46,158,352.91,0.9370,0.6003,0.242000,42,29,52,309.43,0.3934,0.1544,0.016189,4.412
267934,520,430,950,241,18,84,14.84,0.9832,0.5511,0.197768,1,8,71,264.91,0.9784,0.0952,0.006350,4.397
267951,520,398,918,209,48,231,322.44,0.9406,0.5756,0.214405,22,10,97,275.39,0.9615,0.1443,0.012507,4.230
267958,520,401,921,241,4,170,346.86,0.9959,0.5781,0.216930,65,9,10,25.14,0.8783,0.1445,0.013413,4.209
267960,520,326,846,253,17,251,328.77,0.9963,0.6500,0.282517,62,35,69,319.15,0.4867,0.2052,0.026560,4.343
267971,520,368,888,252,65,109,12.44,0.9704,0.6086,0.255837,45,38,29,73.84,0.2070,0.1706,0.020329,4.349
267974,520,362,882,233,102,43,42.08,0.9045,0.6101,0.270035,13,45,57,226.30,0.6507,0.1770,0.022576,4.410
267989,520,417,937,255,7,15,28.58,1.0000,0.5699,0.214503,22,30,10,127.17,0.5763,0.1183,0.011210,4.321
268006,520,396,916,248,9,152,353.84,0.9920,0.5847,0.224222,24,6,93,278.12,0.9689,0.1363,0.011147,4.485
268011,520,447,967,207,20,205,328.83,0.9694,0.5389,0.181754,41,0,12,7.08,1.0000,0.0821,0.004980,4.215
268020,520,469,989,228,18,50,23.14,0.9845,0.5176,0.171599,4,3,29,277.08,0.8631,0.0441,0.001796,4.278
268034,520,463,983,231,36,6,31.06,0.9939,0.5294,0.182669,4,10,6,157.00,0.3903,0.0489,0.002560,4.427
268047,520,466,986,193,59,165,337.44,0.7798,0.5160,0.171837,21,3,11,351.80,0.6403,0.0527,0.002487,4.226
268051,520,456,976,139,86,246,293.60,0.9160,0.5327,0.187984,21,9,9,19.76,0.3411,0.0646,0.003745,4.428
268052,520,382,902,195,85,242,314.10,0.9083,0.5994,0.245111,26,43,15,134.54,0.6994,0.1628,0.019818,4.227
268069,520,479,999,181,49,202,321.71,0.8629,0.5096,0.162859,0,0,4,264.05,1.0000,0.0106,0.000088,4.250
268070,520,396,916,255,29,5,30.20,1.0000,0.5762,0.221535,18,32,53,258.28,0.4837,0.1392,0.014186,4.230
268073,520,451,971,204,29,213,325.87,0.9552,0.5429,0.185220,4,19,3,141.69,0.9167,0.0713,0.004981,4.278
268076,520,451,971,187,28,244,313.78,0.9741,0.5387,0.179282,16,14,6,96.65,0.3461,0.0687,0.004374,4.217
268093,520,453,973,228,43,5,32.06,0.9943,0.5279,0.182356,11,2,49,281.36,0.9539,0.0665,0.003363,4.354
268094,520,278,798,234,111,240,325.69,0.9234,0.6894,0.351546,85,44,52,8.24,0.4284,0.2516,0.039808,4.471
268096,520,394,914,219,97,97,22.36,0.7173,0.5865,0.244748,12,40,13,144.15,0.8974,0.1439,0.016247,4.449
268099,520,436,956,235,13,125,0.22,0.9815,0.5490,0.194338,26,8,50,298.38,0.7714,0.0931,0.006236,4.345
268101,520,430,950,217,76,98,14.81,0.7707,0.5527,0.208048,13,17,56,273.23,0.7597,0.1018,0.007720,4.471
268103,520,440,960,215,74,102,12.26,0.7657,0.5475,0.203063,14,23,20,172.15,0.2427,0.0942,0.007566,4.396
268107,520,171,691,255,167,207,351.08,1.0000,0.7976,0.534046,57,83,108,248.15,0.3595,0.3442,0.081389,4.445
268108,520,343,863,243,44,238,329.38,0.9759,0.6347,0.270319,52,26,88,298.86,0.7160,0.1889,0.021735,4.465
268110,520,452,972,219,9,156,346.32,0.9804,0.5292,0.176582,10,1,53,278.75,0.9834,0.0682,0.003433,4.241
268121,520,292,812,229,142,23,66.12,0.9499,0.6759,0.360681,41,64,19,132.13,0.8092,0.2427,0.041851,4.471
268125,520,262,782,245,114,233,331.06,0.9474,0.7059,0.373327,20,67,72,205.10,0.6894,0.2567,0.046307,4.396
268129,520,397,917,225,79,117,8.18,0.7759,0.5763,0.228864,66,7,0,33.23,1.0000,0.1428,0.013104,4.419
268135,520,462,982,226,37,70,19.09,0.9426,0.5259,0.179369,4,5,35,272.80,0.8711,0.0535,0.002557,4.364
268170,520,433,953,243,13,89,13.33,0.9887,0.5550,0.200672,21,1,71,283.43,0.9871,0.0993,0.006360,4.448
268171,520,476,996,185,55,190,326.38,0.8219,0.5135,0.167657,2,1,3,309.84,0.4147,0.0195,0.000412,4.318
268187,520,464,984,175,29,240,311.12,0.9676,0.5170,0.162849,12,8,6,52.63,0.1789,0.0515,0.002650,4.043
268198,520,439,959,222,8,189,337.02,0.9890,0.5529,0.193798,34,15,1,59.82,0.8594,0.0928,0.006840,4.289
268204,520,353,873,244,10,234,330.62,0.9965,0.6216,0.253936,58,37,8,71.16,0.7431,0.1819,0.022403,4.198
268205,520,467,987,217,7,141,350.84,0.9823,0.5177,0.168293,12,2,13,324.90,0.6509,0.0396,0.001506,4.238
268231,520,472,992,171,49,240,309.12,0.9298,0.5244,0.171466,3,2,12,286.78,0.6321,0.0292,0.000893,4.352
268251,520,290,810,246,98,222,334.53,0.9460,0.6799,0.336048,72,53,16,80.99,0.7086,0.2442,0.039615,4.308
268270,520,450,970,203,61,171,338.34,0.7989,0.5388,0.189761,14,9,33,289.53,0.6037,0.0684,0.003985,4.441
268275,520,336,856,241,76,206,337.59,0.9141,0.6379,0.283286,36,37,94,277.82,0.6757,0.1985,0.025063,4.440
268288,520,374,894,252,6,166,350.35,0.9957,0.5981,0.235824,57,19,56,328.61,0.6431,0.1603,0.016212,4.317
268294,520,393,913,232,27,216,332.22,0.9776,0.5933,0.229001,50,24,9,48.98,0.6372,0.1391,0.013512,4.393
268302,520,374,894,236,28,212,334.20,0.9770,0.5983,0.234196,40,23,83,290.75,0.7410,0.1643,0.016884,4.249
268310,520,374,894,219,97,147,356.77,0.6871,0.6015,0.257182,12,42,48,213.01,0.6263,0.1624,0.019474,4.422
268329,520,354,874,230,69,213,332.60,0.9035,0.6164,0.258857,49,20,95,294.92,0.8096,0.1826,0.019795,4.425
268347,520,406,926,252,41,39,27.91,0.9880,0.5781,0.224315,29,30,20,112.49,0.2400,0.1274,0.012403,4.396
268353,520,385,905,255,33,79,18.53,1.0000,0.5851,0.229160,44,12,81,298.73,0.8406,0.1515,0.013925,4.367
268356,520,292,812,205,133,225,318.70,0.7198,0.6785,0.351915,43,63,18,129.90,0.7942,0.2410,0.041122,4.411
268358,520,360,880,251,18,212,337.53,0.9917,0.6223,0.256985,0,30,112,263.02,1.0003,0.1837,0.020982,4.325
268393,520,341,861,240,85,182,345.67,0.8693,0.6345,0.284024,70,32,45,359.63,0.4757,0.1996,0.025247,4.439
268399,520,464,984,212,6,162,342.66,0.9847,0.5180,0.167382,16,0,34,302.27,1.0000,0.0531,0.002257,4.160
268408,520,342,862,220,91,224,326.47,0.8614,0.6321,0.280815,20,48,66,239.28,0.5579,0.1947,0.026559,4.321
268409,520,374,894,251,39,149,356.27,0.9664,0.6002,0.241337,23,37,59,259.15,0.4488,0.1603,0.018210,4.271
268419,520,388,908,248,51,112,9.15,0.9442,0.5898,0.234974,28,32,57,275.57,0.4215,0.1496,0.015753,4.334
268424,520,323,843,253,16,254,328.12,0.9973,0.6518,0.284120,69,1,112,304.93,0.9894,0.2120,0.024569,4.481
268448,520,464,984,195,46,189,329.89,0.8634,0.5217,0.172319,5,4,28,278.96,0.7823,0.0466,0.002029,4.273
268457,520,480,1000,224,12,63,19.12,0.9871,0.5092,0.164720,0,0,0,0.00,0.0000,0.0000,0.000000,4.294
268465,520,471,991,216,57,24,33.07,0.9567,0.5167,0.175937,6,0,29,287.15,1.0000,0.0385,0.001274,4.406
268473,520,420,940,227,31,164,346.01,0.9379,0.5563,0.199939,22,9,68,283.37,0.8809,0.1080,0.007833,4.322
268502,520,431,951,209,69,165,342.66,0.7775,0.5549,0.205302,39,12,1,46.59,0.8819,0.0954,0.006965,4.482
268505,520,425,945,246,24,71,19.37,0.9815,0.5611,0.207045,28,23,16,76.01,0.2223,0.1065,0.008971,4.359
268515,520,414,934,147,102,244,294.37,0.8683,0.5664,0.222375,13,32,10,141.03,0.7958,0.1179,0.011405,4.436
268558,520,480,1000,200,66,99,9.48,0.7473,0.5089,0.170786,0,0,0,0.00,0.0000,0.0000,0.000000,4.416
268559,520,397,917,208,44,246,318.76,0.9617,0.5824,0.218668,10,8,101,268.57,0.9855,0.1401,0.011777,4.349
268577,520,409,929,205,11,249,317.83,0.9941,0.5662,0.200597,4,32,55,247.08,0.7967,0.1333,0.013346,3.956
268599,520,450,970,224,53,88,14.89,0.8799,0.5380,0.191008,14,17,8,123.14,0.3333,0.0747,0.005118,4.373
268602,520,452,972,218,66,26,34.80,0.9485,0.5308,0.188790,21,11,16,348.05,0.2832,0.0707,0.004362,4.393
268614,520,459,979,224,7,128,356.88,0.9856,0.5263,0.175605,0,9,37,260.07,1.0000,0.0601,0.003289,4.234
268626,520,401,921,240,49,130,1.35,0.9100,0.5783,0.223367,59,12,17,18.71,0.7542,0.1368,0.012334,4.386
268641,520,391,911,248,55,97,14.67,0.9483,0.5891,0.235554,32,21,80,284.93,0.7708,0.1491,0.014226,4.446
268644,520,351,871,241,46,229,331.08,0.9681,0.6267,0.263146,70,31,30,22.92,0.5195,0.1926,0.023760,4.245
268646,520,404,924,243,60,55,27.28,0.9456,0.5763,0.225656,51,16,34,350.83,0.5880,0.1331,0.011900,4.453
268648,520,409,929,224,27,196,335.62,0.9620,0.5665,0.206191,45,22,6,53.79,0.6778,0.1261,0.011449,4.169
268653,520,389,909,234,50,179,343.45,0.9121,0.5886,0.230311,32,32,48,284.02,0.2767,0.1479,0.015535,4.277
268659,520,418,938,235,32,134,357.86,0.9419,0.5594,0.204194,34,26,5,88.86,0.6947,0.1193,0.010899,4.174
268660,520,413,933,224,28,204,333.43,0.9650,0.5718,0.210398,17,13,76,275.38,0.9109,0.1184,0.009288,4.392
268665,520,448,968,223,30,136,354.58,0.9260,0.5354,0.183967,36,6,0,40.17,1.0000,0.0799,0.005054,4.250
268666,520,418,938,240,21,105,8.11,0.9745,0.5552,0.200848,50,1,49,329.23,0.9211,0.1203,0.009217,4.236
268680,520,444,964,193,53,209,323.40,0.8763,0.5378,0.184886,4,15,39,261.74,0.7469,0.0774,0.005139,4.260
268682,520,389,909,239,47,162,349.96,0.9190,0.5876,0.229954,7,12,104,267.00,0.9820,0.1474,0.013075,4.438
268684,520,418,938,195,55,229,318.76,0.9117,0.5572,0.199930,31,17,53,298.55,0.6284,0.1164,0.009493,4.201
268698,520,420,940,223,56,161,347.07,0.8525,0.5646,0.210920,55,0,5,22.58,1.0000,0.1105,0.008233,4.481
268736,520,236,756,248,155,104,48.78,0.8584,0.7372,0.444012,10,79,66,176.00,0.9238,0.2902,0.060496,4.471
268743,520,441,961,213,13,193,333.67,0.9795,0.5398,0.182864,21,10,48,291.27,0.7315,0.0888,0.005899,4.166
268751,520,434,954,190,38,245,314.16,0.9616,0.5495,0.189272,28,18,26,333.57,0.2626,0.0980,0.007541,4.158
268756,520,384,904,233,1,211,333.71,0.9993,0.5854,0.220512,19,34,64,262.82,0.5769,0.1530,0.016526,4.066
268764,520,457,977,196,61,168,337.32,0.7818,0.5250,0.179021,4,14,6,150.78,0.6051,0.0586,0.003530,4.278
268773,520,381,901,250,51,124,5.32,0.9557,0.5972,0.241504,21,43,30,156.75,0.5041,0.1630,0.019809,4.176
268774,520,442,962,223,52,88,14.62,0.8800,0.5352,0.188512,32,1,37,322.20,0.8930,0.0798,0.004624,4.366
268776,520,410,930,212,42,228,324.09,0.9502,0.5744,0.212563,14,24,74,269.23,0.8336,0.1345,0.012410,4.207
268788,520,408,928,208,47,228,322.92,0.9379,0.5711,0.210461,59,8,9,24.79,0.8664,0.1303,0.011234,4.254
268795,520,388,908,205,61,245,317.65,0.9497,0.5901,0.229107,24,7,103,275.84,0.9757,0.1506,0.013253,4.413
268801,520,462,982,176,51,240,310.58,0.9278,0.5335,0.178899,6,12,2,130.71,0.7152,0.0541,0.003060,4.314
268815,520,179,699,253,171,152,33.61,0.9306,0.7860,0.522778,72,84,28,120.21,0.7214,0.3332,0.078022,4.474
268819,520,441,961,214,73,60,28.78,0.8440,0.5355,0.193899,21,5,59,287.64,0.8952,0.0916,0.005837,4.368
268820,520,411,931,214,47,219,326.82,0.9323,0.5748,0.214456,15,16,78,272.74,0.9092,0.1241,0.010221,4.391
268828,520,420,940,229,29,175,342.99,0.9512,0.5648,0.206346,43,14,0,49.07,1.0000,0.1058,0.008277,4.399
268831,520,337,857,254,24,226,334.73,0.9956,0.6378,0.272183,59,26,86,306.30,0.7021,0.1968,0.023405,4.389
268836,520,429,949,172,76,239,307.84,0.8917,0.5537,0.201723,33,10,44,313.09,0.6839,0.1006,0.007223,4.399
268853,520,362,882,228,103,80,32.17,0.7941,0.6079,0.267762,1,49,42,180.02,0.9800,0.1783,0.023701,4.311
268854,520,441,961,105,106,247,277.93,0.9246,0.5368,0.200261,26,15,33,311.30,0.4372,0.0928,0.006711,4.413
268878,520,57,577,245,232,224,53.97,0.4072,0.9291,0.825080,44,121,51,144.93,0.9239,0.4344,0.144487,4.499
268884,520,353,873,209,96,220,324.02,0.8123,0.6201,0.270899,51,40,28,68.90,0.2859,0.1833,0.023053,4.393
268888,520,368,888,189,94,248,310.01,0.9314,0.6077,0.256024,33,40,48,251.92,0.1742,0.1706,0.020543,4.338
268889,520,426,946,215,76,125,2.14,0.7459,0.5572,0.210989,33,21,25,357.27,0.2376,0.1108,0.009299,4.401
268903,520,468,988,178,43,230,313.82,0.9300,0.5218,0.169070,0,5,20,256.03,0.9999,0.0387,0.001590,4.246
268914,520,470,990,168,69,213,313.26,0.8150,0.5191,0.173860,14,0,10,337.18,1.0000,0.0353,0.001153,4.376
268946,520,394,914,219,11,251,320.94,0.9955,0.5909,0.222665,26,28,58,278.38,0.5048,0.1386,0.013556,4.290
268948,520,410,930,190,77,228,316.43,0.8554,0.5721,0.218575,12,32,49,246.44,0.5630,0.1330,0.013329,4.241
268961,520,401,921,194,61,253,312.70,0.9872,0.5797,0.218999,43,29,28,23.43,0.2279,0.1445,0.014762,4.154
268962,520,439,959,175,77,223,312.57,0.8252,0.5469,0.197503,13,23,6,133.24,0.6561,0.0897,0.007115,4.333
268968,520,418,938,217,76,131,359.82,0.7531,0.5629,0.215616,7,17,74,267.61,0.9290,0.1168,0.009404,4.471
268969,520,429,949,206,85,99,15.89,0.6894,0.5461,0.205217,42,14,4,41.69,0.7452,0.1048,0.008152,4.389
268970,520,458,978,188,79,150,343.29,0.6616,0.5253,0.184868,14,1,40,292.30,0.9460,0.0584,0.002683,4.458
268989,520,457,977,196,5,221,321.89,0.9941,0.5275,0.170664,7,15,10,157.48,0.3416,0.0647,0.004087,4.080
268990,520,453,973,195,66,162,339.47,0.7532,0.5258,0.181088,10,2,57,276.88,0.9749,0.0746,0.004033,4.277
268997,520,469,989,195,59,162,339.18,0.7798,0.5179,0.173404,0,5,28,260.92,1.0000,0.0442,0.001924,4.303
269021,520,411,931,242,27,133,359.30,0.9630,0.5706,0.213578,23,29,36,252.47,0.1894,0.1249,0.011882,4.259
269046,520,416,936,246,12,105,8.65,0.9893,0.5650,0.208792,30,2,75,290.48,0.9684,0.1153,0.008274,4.441
269051,520,407,927,193,75,222,319.09,0.8460,0.5700,0.216448,9,14,89,268.56,0.9631,0.1309,0.010933,4.373
269059,520,377,897,255,50,79,20.15,1.0000,0.5955,0.241095,56,13,67,318.59,0.7644,0.1584,0.015339,4.455
269082,520,343,863,251,95,25,40.16,0.9753,0.6301,0.287672,13,55,2,139.88,0.9924,0.1942,0.028222,4.317
269086,520,434,954,189,75,198,324.73,0.7762,0.5480,0.199295,32,19,6,65.47,0.5614,0.0996,0.007860,4.309
269092,520,462,982,207,29,184,334.75,0.9295,0.5290,0.176068,10,3,30,291.46,0.7967,0.0504,0.002234,4.328
269098,520,429,949,220,73,96,15.25,0.7953,0.5539,0.208278,37,14,26,349.03,0.4826,0.1027,0.007820,4.467
269100,520,205,725,254,146,235,333.83,0.9932,0.7699,0.476291,47,78,85,213.58,0.3548,0.3110,0.067088,4.495
269108,520,367,887,208,102,184,336.64,0.6784,0.6081,0.263750,17,44,45,198.62,0.5192,0.1696,0.021099,4.413
269126,520,310,830,171,137,251,295.68,0.8939,0.6624,0.335143,17,62,25,146.67,0.9282,0.2230,0.036345,4.461
269130,520,468,988,176,52,222,314.73,0.8923,0.5196,0.169610,12,0,25,305.67,1.0000,0.0416,0.001484,4.266
269131,520,362,882,241,25,223,332.57,0.9858,0.6130,0.247266,75,16,19,22.38,0.8023,0.1755,0.019137,4.300
269135,520,458,978,216,67,37,33.19,0.9169,0.5290,0.187493,2,13,10,177.52,0.6714,0.0556,0.003227,4.462
269143,520,342,862,248,76,150,358.35,0.9192,0.6250,0.273306,65,24,71,322.38,0.6574,0.1914,0.022321,4.470
269145,520,469,989,229,31,34,27.44,0.9738,0.5237,0.177565,2,8,2,143.81,0.7779,0.0408,0.001909,4.384
269175,520,379,899,237,32,217,333.15,0.9750,0.6049,0.240500,72,6,16,19.53,0.9057,0.1577,0.015456,4.438
269188,520,319,839,233,99,204,336.79,0.8445,0.6517,0.306093,26,33,132,270.33,0.9298,0.2241,0.029731,4.466
269207,520,414,934,199,62,227,320.20,0.8963,0.5685,0.211349,21,28,38,257.29,0.2565,0.1215,0.011299,4.264
269210,520,426,946,195,79,187,330.41,0.7457,0.5560,0.207834,33,13,48,307.89,0.6589,0.1082,0.008246,4.427
269217,520,436,956,231,36,115,4.08,0.9268,0.5469,0.194914,3,7,70,266.75,0.9766,0.0937,0.006135,4.363
269226,520,476,996,176,25,235,312.63,0.9706,0.5123,0.159246,2,0,13,287.44,1.0000,0.0215,0.000420,4.150
269230,520,346,866,248,100,43,39.52,0.9512,0.6331,0.292485,24,52,19,140.70,0.8320,0.1916,0.026971,4.450
269234,520,438,958,192,51,227,318.49,0.9148,0.5476,0.191215,4,22,25,209.06,0.6359,0.0869,0.006698,4.254
269236,520,366,886,249,1,200,340.14,0.9994,0.6085,0.243348,16,20,112,269.33,0.9609,0.1728,0.017802,4.327
269247,520,422,942,227,0,180,340.74,1.0000,0.5555,0.196288,33,21,8,67.34,0.5042,0.1061,0.008772,4.191
269258,520,373,893,238,31,204,336.79,0.9711,0.5984,0.235196,28,0,115,276.52,1.0000,0.1637,0.014846,4.398
269263,520,258,778,209,159,162,14.58,0.3598,0.7092,0.409613,6,77,36,151.37,0.9828,0.2738,0.054736,4.388
269272,520,452,972,198,30,215,323.70,0.9511,0.5346,0.178422,18,15,9,84.53,0.2317,0.0738,0.004900,4.161
269289,520,467,987,170,68,212,314.32,0.8167,0.5201,0.174346,8,5,13,303.38,0.3673,0.0432,0.001892,4.323
269292,520,418,938,218,49,181,338.81,0.8824,0.5599,0.204405,52,6,19,8.82,0.7869,0.1156,0.009075,4.307
269301,520,359,879,244,28,227,332.28,0.9856,0.6219,0.256126,59,30,55,332.24,0.4670,0.1824,0.021343,4.291
269322,520,328,848,254,22,239,331.66,0.9963,0.6452,0.278798,64,5,118,298.95,0.9614,0.2139,0.025066,4.380
269332,520,445,965,240,20,36,26.51,0.9885,0.5424,0.191563,13,11,40,281.68,0.6636,0.0764,0.004781,4.410
269344,520,395,915,200,69,242,316.56,0.9290,0.5880,0.229478,43,28,10,69.32,0.5708,0.1376,0.013661,4.390
269348,520,392,912,211,84,190,334.63,0.7714,0.5896,0.239091,6,39,38,192.13,0.7742,0.1457,0.016296,4.361
269358,520,387,907,254,28,124,4.37,0.9918,0.5920,0.233602,48,29,2,72.58,0.8814,0.1462,0.015116,4.355
269367,520,405,925,185,81,245,310.45,0.9233,0.5825,0.227927,3,33,53,242.13,0.8289,0.1343,0.013640,4.367
269380,520,456,976,208,43,169,339.93,0.8676,0.5307,0.180043,12,7,32,288.58,0.6577,0.0621,0.003344,4.312
269386,520,480,1000,208,13,153,344.68,0.9620,0.5071,0.159999,0,0,0,0.00,0.0000,0.0000,0.000000,4.200
269407,520,463,983,229,7,110,4.14,0.9886,0.5302,0.179387,18,1,26,314.84,0.8561,0.0517,0.002249,4.390
269414,520,366,886,249,41,173,348.36,0.9556,0.6076,0.247460,50,36,6,82.96,0.7770,0.1673,0.019531,4.278
269435,520,364,884,211,72,240,320.14,0.9261,0.6064,0.247766,50,33,48,330.62,0.3087,0.1721,0.019793,4.266
269437,520,363,883,243,66,161,352.35,0.8963,0.6102,0.255274,75,13,10,27.92,0.8867,0.1704,0.018059,4.485
269445,520,477,997,203,52,130,353.78,0.8012,0.5101,0.167662,2,0,13,287.44,1.0000,0.0215,0.000420,4.317
269450,520,406,926,246,21,140,357.53,0.9770,0.5790,0.220260,30,26,38,299.80,0.2413,0.1250,0.011548,4.391
269460,520,433,953,214,56,170,341.60,0.8381,0.5528,0.200290,28,13,47,301.03,0.6518,0.1009,0.007400,4.360
269464,520,319,839,246,66,232,331.51,0.9621,0.6516,0.293183,61,29,105,298.28,0.7528,0.2213,0.028908,4.349
269466,520,444,964,185,50,234,314.75,0.9241,0.5413,0.185372,36,0,21,348.46,1.0000,0.0756,0.004293,4.335
269514,520,298,818,255,102,155,1.65,1.0000,0.6709,0.331325,51,56,50,140.47,0.1008,0.2348,0.037624,4.352
269517,520,385,905,243,23,185,343.12,0.9787,0.5941,0.231734,17,19,98,271.05,0.9412,0.1540,0.014667,4.357
269518,520,426,946,248,22,31,27.52,0.9894,0.5598,0.206328,16,1,80,275.89,0.9942,0.1064,0.007110,4.488
269528,520,398,918,214,62,214,327.99,0.8915,0.5838,0.225984,67,3,11,21.22,0.9497,0.1424,0.012828,4.393
269534,520,354,874,169,122,233,301.71,0.7505,0.6197,0.282376,17,51,8,139.83,0.9576,0.1828,0.025043,4.429
269535,520,442,962,201,43,202,327.86,0.9026,0.5384,0.184113,1,22,6,150.45,0.9752,0.0788,0.005934,4.186
269537,520,418,938,246,17,71,19.00,0.9883,0.5587,0.204522,51,0,51,328.36,1.0000,0.1224,0.009429,4.283
269538,520,386,906,208,41,253,317.29,0.9906,0.5860,0.220893,23,24,84,275.09,0.8225,0.1508,0.014755,4.183
269549,520,478,998,211,47,108,4.18,0.8448,0.5128,0.169670,6,0,5,332.72,1.0000,0.0228,0.000497,4.350
269551,520,419,939,211,81,128,0.89,0.7111,0.5579,0.212944,1,23,60,258.56,0.9574,0.1120,0.009454,4.423
269552,520,361,881,246,40,209,337.36,0.9683,0.6201,0.257169,59,32,47,346.12,0.3906,0.1825,0.021682,4.285
269554,520,469,989,193,39,199,326.44,0.9012,0.5198,0.169136,0,1,34,264.21,0.9908,0.0393,0.001372,4.266
269558,520,362,882,247,51,162,351.86,0.9352,0.6054,0.247537,78,14,26,15.25,0.7993,0.1811,0.020086,4.245
269565,520,361,881,240,38,228,331.11,0.9752,0.6199,0.255157,43,34,70,293.29,0.4917,0.1790,0.020998,4.298
269566,520,273,793,243,119,210,338.53,0.8925,0.6990,0.369039,54,53,105,281.85,0.5284,0.2611,0.043503,4.482
269580,520,324,844,249,85,173,351.04,0.9294,0.6459,0.296570,39,54,40,146.49,0.3061,0.2142,0.032228,4.215
269584,520,339,859,244,63,228,332.05,0.9525,0.6433,0.283923,37,52,27,133.73,0.5022,0.2027,0.029284,4.212
269600,520,456,976,232,25,47,24.48,0.9789,0.5285,0.180594,1,3,45,266.17,0.9781,0.0561,0.002610,4.383
269605,520,210,730,252,162,100,54.13,0.9265,0.7560,0.474588,51,82,32,135.09,0.7609,0.3098,0.068425,4.430
269609,520,287,807,226,130,198,338.89,0.7069,0.6875,0.362131,34,66,0,133.40,1.0000,0.2424,0.042364,4.462
269618,520,442,962,230,48,61,23.43,0.9332,0.5405,0.192768,29,7,19,348.37,0.5666,0.0755,0.004602,4.446
269632,520,358,878,247,72,157,355.15,0.9167,0.6217,0.268464,7,52,1,140.96,0.9964,0.1815,0.025032,4.244
269639,520,437,957,240,8,111,5.68,0.9909,0.5535,0.198499,21,16,36,293.77,0.4510,0.0910,0.006574,4.392
269648,520,375,895,207,83,213,325.85,0.8229,0.5953,0.242577,29,34,69,275.00,0.5299,0.1642,0.018349,4.281
269650,520,453,973,233,22,65,19.85,0.9782,0.5319,0.182822,1,16,23,226.22,0.8345,0.0676,0.004389,4.281
269652,520,428,948,232,11,171,344.64,0.9857,0.5626,0.203382,36,15,14,23.64,0.4544,0.0989,0.007485,4.408
269680,520,479,999,182,39,216,318.59,0.9204,0.5140,0.163552,1,0,4,296.85,1.0000,0.0133,0.000152,4.258
269702,520,439,959,176,59,245,309.07,0.9421,0.5450,0.189515,25,12,46,297.63,0.6655,0.0949,0.006669,4.227
269704,520,408,928,235,35,150,352.54,0.9362,0.5674,0.210692,37,12,73,296.00,0.8201,0.1341,0.011373,4.248
269706,520,371,891,251,43,168,350.40,0.9675,0.6103,0.250675,27,43,47,215.03,0.2779,0.1738,0.021659,4.196
269707,520,373,893,225,34,245,323.53,0.9797,0.6039,0.237464,57,13,61,324.32,0.7426,0.1555,0.014947,4.426
269715,520,400,920,205,103,111,16.56,0.5949,0.5771,0.238292,20,39,2,132.55,0.9668,0.1436,0.016041,4.365
269716,520,388,908,210,40,249,318.71,0.9741,0.5855,0.220605,11,42,0,138.13,1.0000,0.1482,0.017270,4.023
269744,520,449,969,199,52,199,328.04,0.8674,0.5401,0.187233,26,5,20,339.55,0.6209,0.0677,0.003787,4.411
269745,520,417,937,206,70,199,329.99,0.8245,0.5696,0.216274,4,29,51,248.16,0.7785,0.1220,0.011435,4.334
269768,520,437,957,243,34,35,27.76,0.9772,0.5549,0.203235,27,17,10,55.99,0.3408,0.0892,0.006558,4.477
269787,520,466,986,195,10,206,325.37,0.9835,0.5155,0.162771,14,1,32,299.82,0.9102,0.0514,0.002194,4.077
269790,520,467,987,162,65,225,308.46,0.8573,0.5151,0.168989,7,4,13,301.52,0.4412,0.0397,0.001611,4.243
269814,520,471,991,171,42,243,308.80,0.9473,0.5216,0.167857,20,1,3,14.58,0.8330,0.0437,0.001770,4.208
269857,520,423,943,221,18,199,334.02,0.9773,0.5596,0.199306,13,24,47,263.54,0.5509,0.1106,0.009440,4.194
269859,520,424,944,250,18,54,23.38,0.9906,0.5649,0.210266,3,5,85,266.15,0.9900,0.1107,0.007837,4.500
269885,520,374,894,238,2,220,332.62,0.9989,0.6004,0.233906,70,4,47,347.04,0.8454,0.1626,0.015944,4.305
269886,520,334,854,238,80,219,333.05,0.9136,0.6443,0.290315,32,54,4,131.04,0.9574,0.2017,0.029541,4.278
269893,520,452,972,86,110,243,271.27,0.9188,0.5281,0.196005,9,15,30,266.40,0.4540,0.0748,0.004934,4.478
269925,520,346,866,215,80,254,317.66,0.9935,0.6308,0.273418,26,36,95,271.05,0.7627,0.1895,0.023075,4.426
269927,520,368,888,238,22,234,329.24,0.9897,0.6139,0.246942,54,16,78,308.77,0.7767,0.1680,0.017050,4.429
269937,520,442,962,209,57,164,342.41,0.8167,0.5417,0.191640,37,6,5,26.52,0.7751,0.0829,0.005346,4.366
269938,520,473,993,195,50,184,331.43,0.8412,0.5219,0.173457,0,4,11,245.29,1.0000,0.0312,0.001110,4.372
269947,520,480,1000,176,70,173,328.78,0.7203,0.5056,0.166287,0,0,0,0.00,0.0000,0.0000,0.000000,4.326
269959,520,474,994,222,25,102,6.50,0.9466,0.5188,0.171869,13,0,2,8.59,1.0000,0.0305,0.000900,4.359
269963,520,464,984,177,66,194,322.11,0.7839,0.5154,0.171397,4,12,8,164.90,0.4357,0.0542,0.003063,4.172
269995,520,365,885,253,55,132,3.43,0.9794,0.6086,0.252845,70,23,6,39.34,0.8393,0.1735,0.019282,4.371
270006,520,345,865,253,19,221,335.72,0.9927,0.6315,0.265721,73,25,39,4.75,0.6022,0.1902,0.022584,4.350
270008,520,426,946,161,87,245,301.60,0.9051,0.5593,0.209864,42,14,31,345.09,0.5503,0.1130,0.009053,4.401
270023,520,416,936,230,76,10,38.18,0.9853,0.5654,0.220166,42,15,45,323.53,0.6093,0.1225,0.010234,4.485
270043,520,384,904,244,61,97,15.10,0.9203,0.5866,0.234369,17,42,21,147.51,0.7147,0.1548,0.018292,4.164
270055,520,354,874,251,43,181,346.43,0.9703,0.6163,0.255765,29,40,66,265.82,0.4338,0.1777,0.021721,4.263
270057,520,429,949,246,9,52,23.26,0.9952,0.5539,0.200397,41,13,9,30.11,0.6269,0.1024,0.007791,4.333
270066,520,339,859,238,68,225,331.36,0.9345,0.6359,0.277502,23,23,128,270.66,0.9595,0.2017,0.023533,4.454
270072,520,396,916,234,6,194,338.45,0.9944,0.5779,0.215205,53,19,25,11.15,0.5494,0.1383,0.012929,4.214
270082,520,425,945,250,2,9,28.78,0.9993,0.5580,0.203909,12,1,83,272.27,0.9962,0.1077,0.007244,4.436
270087,520,455,975,178,75,189,323.72,0.7382,0.5253,0.181724,16,5,24,309.76,0.6137,0.0568,0.002847,4.385
270118,520,418,938,196,35,244,316.14,0.9671,0.5564,0.194709,43,12,50,319.79,0.6953,0.1229,0.010069,4.074
270131,520,443,963,176,91,170,329.91,0.6079,0.5356,0.196156,20,14,27,304.93,0.3478,0.0805,0.005419,4.442
270160,520,399,919,244,63,0,34.92,1.0000,0.5776,0.227915,7,39,13,146.93,0.9372,0.1383,0.015252,4.259
270163,520,371,891,227,43,248,323.23,0.9741,0.6141,0.248382,13,46,47,197.98,0.6455,0.1750,0.022447,4.119
270164,520,341,861,238,102,100,23.49,0.8346,0.6270,0.286028,32,39,90,273.66,0.6499,0.1962,0.024962,4.483
270173,520,451,971,223,4,163,344.97,0.9924,0.5395,0.184217,9,10,41,276.01,0.7405,0.0724,0.004352,4.309
270190,520,337,857,251,85,142,3.20,0.9414,0.6378,0.289625,61,44,12,80.12,0.7083,0.2046,0.028201,4.343
270213,520,350,870,246,28,240,329.66,0.9892,0.6338,0.267175,53,33,78,302.25,0.5687,0.1949,0.023947,4.289
270214,520,429,949,202,81,155,345.70,0.6986,0.5535,0.208098,0,20,51,256.39,0.9999,0.0961,0.007393,4.497
270217,520,470,990,210,23,168,340.42,0.9393,0.5225,0.171438,4,4,22,278.12,0.6954,0.0416,0.001706,4.283
270219,520,278,798,233,120,218,332.44,0.8478,0.6899,0.358206,58,56,75,289.41,0.2240,0.2533,0.042359,4.420
270232,520,400,920,230,69,136,359.34,0.8231,0.5798,0.228595,52,22,33,358.16,0.4774,0.1450,0.014138,4.344
270269,520,459,979,171,77,213,313.73,0.7904,0.5340,0.187706,10,13,18,260.62,0.1870,0.0649,0.003960,4.405
270270,520,386,906,240,25,191,340.77,0.9758,0.5924,0.229851,11,14,102,268.54,0.9732,0.1489,0.013444,4.411
270299,520,429,949,244,8,7,29.08,0.9968,0.5462,0.194256,28,5,61,294.93,0.8819,0.1016,0.006923,4.291
270300,520,411,931,229,72,96,15.95,0.8331,0.5694,0.221400,34,22,44,308.32,0.4300,0.1238,0.010958,4.452
270347,520,363,883,236,34,221,331.91,0.9739,0.6065,0.242000,13,31,90,266.04,0.8763,0.1658,0.018036,4.292
270354,520,237,757,231,145,218,332.45,0.7765,0.7301,0.423034,9,75,99,229.21,0.8804,0.2935,0.059908,4.304
270356,520,429,949,191,82,175,333.56,0.6985,0.5471,0.202075,22,24,14,117.33,0.2862,0.1021,0.008555,4.305
270363,520,361,881,254,72,109,13.75,0.9888,0.6193,0.268132,47,36,61,303.79,0.3702,0.1824,0.022030,4.417
270370,520,200,720,219,171,218,326.99,0.5427,0.7668,0.492488,37,88,8,137.52,0.9833,0.3183,0.073901,4.378
270385,520,375,895,240,90,16,40.72,0.9801,0.6029,0.258781,9,42,45,203.70,0.7012,0.1597,0.019034,4.473
270412,520,476,996,196,17,187,330.86,0.9583,0.5059,0.157263,1,3,0,132.12,1.0000,0.0241,0.000716,4.087
270438,520,454,974,232,21,67,19.14,0.9784,0.5298,0.181005,19,12,21,318.62,0.2934,0.0724,0.004555,4.234
270440,520,411,931,224,13,213,331.07,0.9889,0.5727,0.209416,42,6,62,309.71,0.8401,0.1235,0.009703,4.345
270466,520,434,954,223,56,127,359.92,0.8411,0.5505,0.200512,40,15,12,28.36,0.5397,0.1049,0.008194,4.305
270467,520,476,996,225,24,5,30.09,0.9947,0.5102,0.166747,2,2,1,107.87,0.2671,0.0224,0.000585,4.285
270471,520,362,882,239,61,190,341.56,0.9087,0.6119,0.254087,15,46,47,198.17,0.5957,0.1759,0.022607,4.188
270492,520,352,872,203,99,226,320.07,0.8184,0.6195,0.271125,9,51,54,202.07,0.7810,0.1929,0.026920,4.175
270493,520,388,908,217,43,243,321.83,0.9653,0.5941,0.229525,45,16,69,305.58,0.7435,0.1467,0.013582,4.396
270546,520,441,961,193,83,143,348.93,0.6475,0.5363,0.195087,7,13,56,269.74,0.8832,0.0902,0.006185,4.362
270556,520,471,991,180,89,126,355.99,0.5517,0.5181,0.183557,4,6,15,269.71,0.4147,0.0427,0.001905,4.500
270559,520,239,759,240,147,186,353.63,0.7338,0.7326,0.429400,26,79,22,142.14,0.9493,0.2841,0.058693,4.411
270565,520,450,970,175,83,200,318.56,0.7321,0.5394,0.194716,8,9,46,274.33,0.8365,0.0742,0.004442,4.495
270571,520,438,958,191,57,227,317.97,0.9000,0.5513,0.195500,12,22,16,157.62,0.3284,0.0886,0.006894,4.315
270572,520,399,919,234,67,118,6.95,0.8471,0.5791,0.228176,13,20,89,269.49,0.9298,0.1425,0.013071,4.411
270576,520,438,958,181,81,205,319.43,0.7623,0.5485,0.201175,41,7,6,26.22,0.7788,0.0922,0.006366,4.456
270588,520,429,949,243,20,15,29.06,0.9906,0.5475,0.195930,22,13,52,288.58,0.7110,0.0983,0.007063,4.310
270600,520,385,905,227,45,210,332.59,0.9412,0.5900,0.228632,59,19,25,13.69,0.6088,0.1493,0.014659,4.309
270602,520,381,901,218,63,234,323.84,0.9279,0.6044,0.244029,54,8,83,307.20,0.8735,0.1642,0.015825,4.467
270628,520,173,693,233,188,140,68.12,0.5894,0.7951,0.551849,7,97,46,151.18,0.9877,0.3443,0.087914,4.364
270645,520,182,702,232,168,253,317.58,0.9723,0.7912,0.522541,75,84,3,116.72,0.9723,0.3341,0.078431,4.458
270651,520,412,932,222,8,217,329.58,0.9934,0.5708,0.207153,18,27,42,260.33,0.3714,0.1187,0.010796,4.230
270658,520,262,782,249,104,250,327.39,0.9804,0.7076,0.369450,27,63,94,247.13,0.6125,0.2603,0.045960,4.371
270660,520,471,991,231,18,18,28.64,0.9896,0.5212,0.174683,11,2,13,322.04,0.6462,0.0386,0.001436,4.368
270679,520,352,872,221,61,246,321.81,0.9610,0.6158,0.253654,71,22,55,342.62,0.6454,0.1890,0.021894,4.224
270688,520,325,845,246,75,214,336.46,0.9475,0.6496,0.294829,17,36,118,266.87,0.9169,0.2088,0.026888,4.485
270705,520,282,802,250,92,243,329.60,0.9799,0.6905,0.344521,26,69,11,139.09,0.9662,0.2490,0.044999,4.153
270715,520,480,1000,163,82,185,318.64,0.6769,0.5109,0.173247,0,0,0,0.00,0.0000,0.0000,0.000000,4.465
270759,520,348,868,228,52,255,321.77,1.0000,0.6265,0.261721,42,27,100,285.57,0.7846,0.1904,0.021962,4.332
270774,520,391,911,237,27,193,339.55,0.9714,0.5886,0.226415,40,33,11,91.91,0.5780,0.1466,0.015630,4.212
270776,520,471,991,149,60,255,298.29,1.0000,0.5185,0.168415,7,4,21,290.19,0.6298,0.0439,0.001861,4.212
270778,520,449,969,220,62,106,8.77,0.8214,0.5439,0.197040,17,16,5,104.34,0.4688,0.0742,0.005007,4.491
270782,520,445,965,241,21,20,28.67,0.9893,0.5438,0.192910,39,0,25,345.74,1.0000,0.0832,0.005016,4.415
270807,520,280,800,251,133,24,54.70,0.9767,0.6915,0.373533,3,68,58,178.59,0.9684,0.2490,0.044589,4.478
270821,520,407,927,181,95,209,317.22,0.7223,0.5720,0.226126,34,27,40,308.89,0.2603,0.1331,0.012772,4.399
270838,520,420,940,222,79,37,36.29,0.9148,0.5558,0.212577,13,14,71,272.81,0.9060,0.1115,0.008545,4.485
270841,520,469,989,170,19,253,307.15,0.9909,0.5171,0.161044,13,0,22,312.07,1.0000,0.0406,0.001435,4.103
270842,520,412,932,222,40,197,334.92,0.9323,0.5701,0.210808,44,4,61,312.95,0.8702,0.1233,0.009593,4.376
270856,520,191,711,244,173,140,45.85,0.7391,0.7758,0.510157,15,89,57,159.03,0.9421,0.3215,0.075414,4.466
270882,520,466,986,209,42,143,349.38,0.8542,0.5187,0.171966,7,10,13,245.72,0.1633,0.0538,0.002913,4.195
270883,520,444,964,240,5,40,25.20,0.9973,0.5389,0.187904,1,22,21,190.90,0.9061,0.0832,0.006344,4.222
270892,520,247,767,169,167,235,285.17,0.6508,0.7153,0.420703,54,72,19,126.15,0.8055,0.2789,0.054660,4.497
270894,520,398,918,188,77,247,311.26,0.9412,0.5833,0.227155,9,36,49,232.75,0.6571,0.1433,0.015415,4.237
270897,520,441,961,228,34,119,1.95,0.9253,0.5411,0.189728,42,2,17,1.95,0.8420,0.0890,0.005762,4.299
270910,520,325,845,206,106,244,315.75,0.9054,0.6454,0.299628,52,37,91,293.06,0.6069,0.2121,0.028085,4.478
270912,520,447,967,238,22,21,28.61,0.9879,0.5378,0.188084,4,12,51,266.96,0.8987,0.0815,0.005277,4.307
270923,520,441,961,213,26,178,338.10,0.9407,0.5351,0.181015,12,21,16,159.86,0.2904,0.0859,0.006519,4.087
270944,520,423,943,178,96,194,320.89,0.6605,0.5603,0.217267,23,26,30,255.61,0.1080,0.1140,0.010147,4.444
270953,520,462,982,197,6,216,323.39,0.9921,0.5256,0.169601,17,5,14,336.30,0.4761,0.0530,0.002594,4.175
270959,520,355,875,198,109,215,321.01,0.7287,0.6217,0.278505,8,48,51,202.40,0.7817,0.1815,0.024044,4.437
270962,520,313,833,242,75,239,328.70,0.9510,0.6575,0.301440,36,48,89,269.55,0.5325,0.2209,0.032101,4.281
270965,520,470,990,210,29,161,342.80,0.9143,0.5214,0.171558,9,5,1,79.28,0.6257,0.0397,0.001688,4.286
270975,520,402,922,251,9,117,5.49,0.9928,0.5782,0.219926,57,9,13,20.88,0.8085,0.1281,0.010944,4.429
270981,520,433,953,220,61,117,4.04,0.8181,0.5463,0.198400,25,21,12,86.71,0.2924,0.0969,0.007696,4.305
270984,520,416,936,245,36,112,7.40,0.9523,0.5741,0.218475,6,30,44,237.60,0.6880,0.1212,0.011491,4.366
271013,520,470,990,224,22,110,3.78,0.9546,0.5242,0.175497,11,3,9,334.70,0.4802,0.0396,0.001560,4.373
271016,520,456,976,192,75,155,341.97,0.6983,0.5287,0.186068,6,9,29,272.60,0.6151,0.0591,0.003228,4.435
271054,520,446,966,215,23,181,337.68,0.9532,0.5393,0.183983,23,15,6,70.61,0.4307,0.0787,0.005370,4.226
271061,520,373,893,224,41,230,326.72,0.9625,0.5953,0.231486,18,39,49,230.45,0.4572,0.1568,0.018013,4.139
271065,520,381,901,234,70,175,345.66,0.8578,0.6042,0.249706,22,38,59,255.65,0.4595,0.1624,0.018725,4.361
271068,520,388,908,244,6,187,342.62,0.9954,0.5929,0.229543,48,17,63,312.87,0.6969,0.1477,0.013882,4.376
271069,520,460,980,233,21,48,24.03,0.9836,0.5291,0.180765,8,14,11,163.54,0.2292,0.0632,0.003899,4.281
271087,520,378,898,253,60,53,27.82,0.9899,0.5958,0.243751,39,20,88,289.00,0.8014,0.1632,0.016362,4.426
271095,520,454,974,202,60,153,344.77,0.7814,0.5267,0.180901,17,12,24,302.86,0.3445,0.0717,0.004481,4.238
271108,520,232,752,235,149,217,334.77,0.7934,0.7422,0.441686,12,81,51,158.75,0.9474,0.2923,0.062018,4.389
271116,520,430,950,241,22,83,15.34,0.9784,0.5522,0.199025,24,19,42,291.98,0.4665,0.1045,0.008271,4.274
271117,520,424,944,239,40,102,10.25,0.9373,0.5616,0.208308,20,25,30,248.42,0.1591,0.1086,0.009377,4.350
271168,520,295,815,221,147,23,72.21,0.9392,0.6750,0.363034,37,65,11,133.32,0.9278,0.2421,0.041980,4.490
271169,520,440,960,221,23,178,340.07,0.9576,0.5488,0.192017,35,13,7,36.88,0.5779,0.0919,0.006606,4.276
271176,520,365,885,213,65,253,317.93,0.9889,0.6119,0.250203,64,22,37,0.32,0.5834,0.1677,0.017975,4.416
271186,520,393,913,250,21,136,359.55,0.9799,0.5855,0.226414,9,7,104,267.98,0.9889,0.1428,0.012094,4.452
271202,520,454,974,194,80,136,352.34,0.6597,0.5305,0.189859,18,1,47,293.05,0.9580,0.0693,0.003555,4.479
271207,520,334,854,245,105,55,39.14,0.9235,0.6365,0.297946,22,53,49,184.43,0.5297,0.2025,0.029384,4.383
271220,520,399,919,162,95,254,299.27,0.9854,0.5797,0.230218,32,19,73,288.24,0.7498,0.1387,0.012538,4.481
271236,520,480,1000,207,52,105,5.36,0.8176,0.5085,0.167435,0,0,0,0.00,0.0000,0.0000,0.000000,4.349
271239,520,429,949,209,3,217,326.33,0.9968,0.5467,0.186321,15,26,18,152.58,0.3498,0.1028,0.008840,4.016
271258,520,455,975,170,51,249,306.80,0.9660,0.5326,0.177540,30,0,13,355.32,1.0000,0.0614,0.003051,4.289
271282,520,364,884,219,101,163,349.67,0.6880,0.6140,0.270138,20,43,54,230.65,0.4682,0.1727,0.021427,4.482
271286,520,329,849,244,62,243,328.32,0.9637,0.6518,0.291521,39,45,78,274.55,0.4380,0.2076,0.028581,4.346
271303,520,413,933,239,13,160,349.58,0.9850,0.5713,0.211797,4,29,48,244.59,0.7669,0.1199,0.011179,4.279
271331,520,417,937,247,5,107,7.98,0.9956,0.5662,0.209477,41,7,59,310.65,0.8127,0.1205,0.009392,4.369
271332,520,391,911,255,28,94,13.90,1.0000,0.5860,0.229024,3,44,3,142.74,0.9890,0.1523,0.018272,4.087
271341,520,403,923,249,30,103,10.51,0.9693,0.5767,0.220511,53,17,7,36.67,0.7485,0.1306,0.011732,4.382
271342,520,383,903,243,24,188,342.27,0.9782,0.5960,0.233419,70,6,1,31.38,0.9826,0.1508,0.014348,4.404
271345,520,376,896,239,45,189,341.44,0.9401,0.5994,0.239045,69,3,51,342.58,0.8653,0.1617,0.015696,4.400
271348,520,422,942,252,4,23,27.78,0.9985,0.5633,0.208479,21,26,25,182.15,0.1051,0.1101,0.009684,4.331
271362,520,399,919,185,80,242,311.20,0.9075,0.5790,0.224634,5,39,5,142.97,0.9737,0.1362,0.014942,4.229
271366,520,412,932,173,77,253,305.14,0.9813,0.5675,0.212845,29,25,35,303.05,0.2121,0.1199,0.010778,4.325
271367,520,437,957,244,19,38,26.23,0.9899,0.5508,0.198423,26,19,9,75.83,0.3776,0.0924,0.007051,4.354
271371,520,347,867,244,11,249,327.24,0.9971,0.6319,0.263148,13,40,88,260.89,0.8121,0.1857,0.023076,4.285
271372,520,397,917,230,53,168,346.19,0.8856,0.5782,0.221990,21,36,5,131.25,0.8775,0.1351,0.014321,4.229
271394,520,448,968,211,57,145,350.13,0.8072,0.5362,0.188217,10,20,3,132.16,0.8032,0.0784,0.005714,4.276
271404,520,471,991,214,26,138,351.67,0.9231,0.5165,0.168723,8,0,23,299.43,1.0000,0.0359,0.001135,4.277
271421,520,469,989,182,85,133,351.23,0.5893,0.5173,0.181369,16,2,1,32.13,0.7887,0.0399,0.001558,4.488
271423,520,392,912,231,40,197,337.14,0.9445,0.5862,0.225403,33,18,88,284.37,0.8420,0.1537,0.014605,4.263
271466,520,440,960,196,0,244,316.63,1.0000,0.5451,0.182689,2,15,57,263.67,0.9388,0.0919,0.006499,4.118
271470,520,329,849,227,89,238,324.71,0.9218,0.6487,0.296507,27,55,29,145.55,0.6674,0.2054,0.030540,4.302
271479,520,405,925,217,35,233,324.28,0.9684,0.5823,0.218390,16,13,84,273.23,0.9403,0.1272,0.010380,4.445
271486,520,398,918,252,7,126,2.75,0.9944,0.5827,0.223574,54,7,52,329.91,0.7829,0.1371,0.011843,4.424
271509,520,452,972,235,1,65,19.11,0.9991,0.5306,0.180687,28,6,20,343.55,0.5978,0.0726,0.004277,4.250
271510,520,411,931,255,18,30,27.54,1.0000,0.5733,0.217902,39,22,8,58.90,0.5647,0.1170,0.010227,4.448
271531,520,452,972,185,1,246,313.17,0.9993,0.5293,0.169910,21,7,21,327.13,0.5021,0.0652,0.003655,4.099
271536,520,405,925,227,28,211,332.31,0.9710,0.5816,0.218670,4,6,96,266.23,0.9906,0.1279,0.010005,4.477
271537,520,474,994,193,49,188,329.58,0.8487,0.5201,0.171665,2,2,15,277.10,0.7504,0.0296,0.000908,4.354
271576,520,478,998,224,20,30,27.12,0.9850,0.5076,0.164442,1,2,2,196.09,0.2306,0.0214,0.000543,4.243
271604,520,448,968,237,25,75,17.52,0.9736,0.5434,0.192110,31,5,21,345.29,0.6649,0.0759,0.004540,4.439
271613,520,468,988,225,38,41,26.80,0.9588,0.5203,0.175567,9,2,14,313.46,0.6561,0.0369,0.001332,4.394
271618,520,364,884,230,56,221,330.41,0.9372,0.6098,0.248742,48,29,57,314.25,0.4576,0.1654,0.018026,4.392
271621,520,332,852,241,95,167,352.67,0.8412,0.6425,0.296780,27,52,42,166.45,0.4475,0.1996,0.028561,4.414
271644,520,377,897,255,61,28,31.99,1.0000,0.5986,0.246851,69,10,35,0.18,0.7755,0.1609,0.016039,4.495
271658,520,456,976,192,26,221,320.57,0.9622,0.5271,0.171672,21,5,25,319.64,0.6360,0.0633,0.003382,4.153
271663,520,426,946,227,61,106,9.66,0.8479,0.5562,0.207117,15,4,81,274.46,0.9797,0.1111,0.007824,4.447
271667,520,438,958,229,27,149,351.28,0.9466,0.5513,0.196146,4,23,31,227.39,0.6706,0.0926,0.007375,4.290
271676,520,401,921,220,92,89,24.12,0.7501,0.5786,0.235936,1,39,31,175.17,0.9728,0.1407,0.015563,4.361
271682,520,403,923,245,13,154,352.69,0.9873,0.5804,0.220367,14,35,27,166.88,0.5211,0.1324,0.013745,4.241
271685,520,312,832,237,80,249,324.87,0.9751,0.6608,0.305837,75,34,70,332.02,0.5466,0.2240,0.030823,4.403
271697,520,367,887,245,80,107,15.04,0.9031,0.6110,0.262145,66,25,30,14.70,0.5635,0.1741,0.019474,4.493
271698,520,450,970,195,53,207,324.56,0.8746,0.5397,0.186548,0,3,60,264.21,0.9901,0.0726,0.003913,4.388
271700,520,371,891,243,41,200,339.13,0.9593,0.6102,0.248137,58,27,45,345.57,0.4660,0.1698,0.018730,4.338
271702,520,444,964,219,32,155,347.13,0.9168,0.5371,0.184621,13,20,13,144.80,0.2901,0.0830,0.006149,4.179
271704,520,367,887,217,99,170,345.53,0.6943,0.6107,0.265797,44,40,7,102.38,0.7684,0.1705,0.020684,4.468
271720,520,472,992,211,63,62,25.30,0.8571,0.5177,0.177540,7,0,12,315.36,1.0000,0.0278,0.000717,4.486
271725,520,373,893,236,9,230,329.75,0.9959,0.6046,0.237441,23,37,65,263.04,0.5134,0.1644,0.018869,4.174
271727,520,387,907,251,38,126,3.79,0.9673,0.5915,0.234054,56,16,49,335.13,0.6573,0.1498,0.014332,4.415
271747,520,475,995,228,33,40,26.51,0.9687,0.5233,0.177379,8,0,17,308.71,1.0000,0.0318,0.000921,4.465
271749,520,447,967,214,72,106,9.83,0.7658,0.5443,0.199738,31,10,20,351.85,0.4974,0.0841,0.005589,4.493
271757,520,420,940,240,32,109,7.38,0.9535,0.5610,0.206657,20,13,63,281.56,0.8152,0.1067,0.007954,4.429
271770,520,480,1000,189,57,167,335.40,0.7831,0.5081,0.165367,0,0,0,0.00,0.0000,0.0000,0.000000,4.307
271771,520,458,978,193,32,218,321.50,0.9469,0.5294,0.174339,1,12,25,247.01,0.7986,0.0589,0.003396,4.201
271776,520,469,989,181,10,236,314.13,0.9906,0.5161,0.160981,15,3,4,14.05,0.5407,0.0423,0.001755,4.077
271802,520,474,994,213,28,141,350.44,0.9146,0.5169,0.169021,5,4,4,17.62,0.0691,0.0340,0.001279,4.271
271822,520,299,819,234,93,247,324.26,0.9622,0.6696,0.320387,38,60,1,129.12,0.9902,0.2256,0.036459,4.284
271826,520,435,955,229,60,13,34.29,0.9835,0.5452,0.199217,16,16,45,279.64,0.6082,0.0926,0.006702,4.395
271841,520,441,961,194,97,54,43.21,0.7373,0.5370,0.202868,0,27,10,153.97,1.0000,0.0946,0.008057,4.355
271852,520,397,917,224,3,230,326.93,0.9982,0.5824,0.216279,44,25,27,12.75,0.3164,0.1362,0.013099,4.220
271865,520,460,980,225,33,103,7.20,0.9284,0.5293,0.180773,22,1,35,310.27,0.9048,0.0635,0.003136,4.343
271876,520,385,905,236,7,203,336.49,0.9947,0.5871,0.222994,35,12,91,286.48,0.8982,0.1513,0.013756,4.282
271886,520,416,936,250,31,35,27.60,0.9830,0.5681,0.214290,1,3,97,264.68,0.9962,0.1242,0.009346,4.453
271899,520,393,913,244,60,103,12.87,0.9171,0.5871,0.234474,35,33,21,99.79,0.2776,0.1427,0.014992,4.377
271905,520,412,932,222,40,190,336.94,0.9252,0.5660,0.207673,0,6,94,264.21,0.9921,0.1230,0.009383,4.339
271906,520,452,972,235,15,16,28.69,0.9924,0.5288,0.180444,8,1,58,274.63,0.9902,0.0726,0.003788,4.284
271917,520,408,928,190,104,156,344.20,0.5426,0.5719,0.232494,38,29,1,91.74,0.9382,0.1317,0.012930,4.489
271928,520,392,912,247,53,113,8.88,0.9361,0.5897,0.235160,68,11,14,23.08,0.8472,0.1538,0.015002,4.387
271951,520,467,987,152,83,215,305.15,0.7677,0.5185,0.177686,2,6,7,210.30,0.3817,0.0374,0.001585,4.414
271954,520,452,972,131,96,235,290.63,0.8274,0.5316,0.191891,13,17,10,132.10,0.2620,0.0743,0.005084,4.391
271962,520,472,992,232,11,43,24.53,0.9926,0.5233,0.175727,3,3,12,280.87,0.5285,0.0322,0.001110,4.416
271987,520,375,895,226,59,216,330.71,0.9201,0.6024,0.242569,26,28,84,275.65,0.7573,0.1612,0.016901,4.373
271992,520,401,921,228,68,156,350.97,0.8269,0.5830,0.230311,7,40,23,156.97,0.8752,0.1440,0.016246,4.231
272001,520,473,993,225,31,87,12.76,0.9431,0.5239,0.176785,0,0,27,264.05,1.0000,0.0298,0.000791,4.465
272013,520,304,824,227,136,99,42.61,0.6799,0.6692,0.348422,10,66,27,148.72,0.9661,0.2349,0.040399,4.407
272015,520,426,946,178,86,225,312.38,0.8123,0.5650,0.215577,11,29,1,134.82,0.9786,0.1055,0.009520,4.462
272016,520,378,898,243,9,205,337.55,0.9946,0.6016,0.236609,46,21,77,300.25,0.7227,0.1628,0.016530,4.308
272040,520,448,968,209,82,52,34.61,0.8300,0.5378,0.198400,6,19,34,252.42,0.5725,0.0849,0.006199,4.420
272045,520,448,968,233,40,69,20.29,0.9468,0.5421,0.192740,8,19,7,142.02,0.5842,0.0752,0.005327,4.387
272066,520,324,844,238,93,206,337.30,0.8834,0.6527,0.304646,8,58,48,175.73,0.8863,0.2130,0.032910,4.277
272069,520,417,937,249,28,63,21.87,0.9806,0.5677,0.213327,55,6,7,25.00,0.8871,0.1190,0.009580,4.420
272073,520,378,898,236,28,208,335.24,0.9754,0.5959,0.232202,17,35,73,263.18,0.6830,0.1616,0.018022,4.149
272074,520,382,902,252,43,147,357.32,0.9731,0.6036,0.245333,45,29,53,313.87,0.4118,0.1589,0.016937,4.412
272081,520,479,999,176,35,228,313.96,0.9447,0.5116,0.160347,0,1,1,194.77,1.0000,0.0143,0.000239,4.187
272099,520,325,845,253,41,243,330.50,0.9929,0.6534,0.289427,84,11,70,337.54,0.8023,0.2105,0.025666,4.486
272105,520,418,938,226,10,187,338.55,0.9873,0.5596,0.199763,42,12,42,327.60,0.6471,0.1159,0.009224,4.217
272115,520,355,875,226,89,188,340.03,0.7971,0.6193,0.269466,56,29,66,316.27,0.5451,0.1826,0.021129,4.491
272118,520,380,900,238,35,211,334.95,0.9691,0.6044,0.240851,22,42,36,172.95,0.3951,0.1626,0.019538,4.183
272125,520,356,876,202,119,169,343.87,0.5375,0.6219,0.286162,26,49,24,142.33,0.6434,0.1840,0.024821,4.493
272131,520,474,994,197,58,159,340.88,0.7839,0.5188,0.174014,6,1,20,295.26,0.8507,0.0344,0.001109,4.383
272138,520,443,963,241,5,43,24.69,0.9972,0.5413,0.189871,2,5,64,266.32,0.9813,0.0824,0.004916,4.368
272180,520,369,889,218,48,252,319.97,0.9866,0.6056,0.240495,71,5,46,348.80,0.8308,0.1651,0.016456,4.371
272190,520,385,905,241,61,129,3.10,0.8862,0.5899,0.236264,11,40,28,163.31,0.7148,0.1472,0.016725,4.290
272192,520,406,926,255,35,20,29.68,1.0000,0.5797,0.225164,62,5,0,32.45,1.0000,0.1316,0.011329,4.487
272196,520,469,989,211,9,175,338.38,0.9802,0.5241,0.171416,13,3,2,31.66,0.5575,0.0391,0.001551,4.295
272225,520,422,942,222,64,123,2.37,0.8126,0.5552,0.206290,1,14,72,264.16,0.9613,0.1058,0.007883,4.428
272249,520,339,859,253,20,237,331.91,0.9940,0.6416,0.275005,23,34,108,269.91,0.8738,0.1966,0.024088,4.387
272250,520,466,986,161,63,231,306.90,0.8788,0.5163,0.169022,10,4,23,297.13,0.6535,0.0479,0.002132,4.201
272253,520,471,991,188,14,231,317.22,0.9858,0.5242,0.167763,6,1,32,283.41,0.9451,0.0437,0.001647,4.216
272269,520,369,889,182,105,237,308.91,0.8282,0.6078,0.261634,17,41,69,253.79,0.6185,0.1748,0.021346,4.368
272272,520,441,961,193,3,248,314.93,0.9981,0.5443,0.181812,0,6,67,264.13,0.9836,0.0864,0.005354,4.188
272279,520,431,951,231,4,148,351.56,0.9935,0.5482,0.192168,24,2,69,287.16,0.9673,0.1014,0.006673,4.273
272287,520,328,848,242,114,52,43.81,0.9027,0.6457,0.311627,14,58,8,141.40,0.9739,0.2057,0.031369,4.444
272310,520,408,928,237,12,164,347.90,0.9857,0.5690,0.209508,3,3,97,265.72,0.9958,0.1252,0.009475,4.363
272330,520,400,920,188,93,204,321.68,0.7242,0.5756,0.228809,36,26,44,309.24,0.3452,0.1353,0.012957,4.429
272340,520,475,995,193,70,144,346.77,0.7116,0.5185,0.177331,3,3,7,283.48,0.3250,0.0300,0.000998,4.458
272344,520,443,963,236,37,32,28.45,0.9710,0.5418,0.192635,15,14,26,287.30,0.3249,0.0751,0.004902,4.419
272359,520,453,973,182,33,244,312.21,0.9659,0.5334,0.175655,10,18,5,133.09,0.5913,0.0734,0.005081,4.097
272360,520,342,862,245,67,194,341.96,0.9299,0.6298,0.273248,37,47,23,127.36,0.4877,0.1864,0.024882,4.317
272362,520,397,917,247,28,122,3.89,0.9675,0.5773,0.220132,29,0,95,282.19,1.0000,0.1370,0.010874,4.438
272375,520,415,935,249,27,54,23.85,0.9832,0.5661,0.211936,32,1,78,291.25,0.9846,0.1200,0.008788,4.456
272388,520,375,895,237,1,218,332.88,0.9994,0.5971,0.230910,17,39,56,243.75,0.5254,0.1603,0.018557,4.097
272399,520,454,974,206,30,182,335.09,0.9230,0.5264,0.174298,20,12,10,34.45,0.2315,0.0697,0.004336,4.128
272412,520,448,968,218,32,167,342.91,0.9218,0.5413,0.187309,13,16,32,274.50,0.4176,0.0812,0.005604,4.268
272440,520,412,932,240,28,143,355.62,0.9588,0.5709,0.213421,3,33,11,149.40,0.9614,0.1160,0.011312,4.296
272458,520,425,945,211,43,203,330.35,0.9168,0.5563,0.198904,23,20,45,286.95,0.4900,0.1077,0.008719,4.239
272467,520,475,995,231,7,54,21.87,0.9944,0.5216,0.174103,3,5,3,144.86,0.2656,0.0342,0.001345,4.365
272471,520,431,951,204,70,167,340.48,0.7643,0.5485,0.200096,16,12,66,277.00,0.8770,0.1050,0.007664,4.337
272478,520,424,944,204,49,219,324.04,0.9171,0.5596,0.201502,3,5,82,266.29,0.9890,0.1065,0.007370,4.384
272488,520,452,972,210,69,108,7.61,0.7618,0.5338,0.190428,8,14,17,229.45,0.2231,0.0653,0.004062,4.447
272495,520,369,889,225,47,243,323.81,0.9653,0.6097,0.245138,67,21,43,353.47,0.6217,0.1742,0.019042,4.275
272506,520,451,971,213,42,170,340.90,0.8822,0.5397,0.187066,0,17,18,199.20,1.0000,0.0672,0.004445,4.354
272514,520,457,977,228,25,111,4.29,0.9520,0.5340,0.183398,4,12,23,252.94,0.5199,0.0603,0.003506,4.362
272515,520,413,933,239,1,158,350.04,0.9988,0.5680,0.208442,54,8,12,20.61,0.8090,0.1205,0.009846,4.318
272523,520,436,956,226,34,154,349.17,0.9234,0.5512,0.196486,26,18,17,26.62,0.1793,0.0922,0.006927,4.330
272524,520,388,908,216,17,255,319.29,1.0000,0.5904,0.222217,41,34,24,76.43,0.2476,0.1534,0.016814,4.074
272526,520,347,867,216,99,215,327.83,0.8053,0.6318,0.284307,22,51,31,152.16,0.6490,0.1898,0.026371,4.377
272531,520,463,983,230,19,90,11.60,0.9733,0.5298,0.180299,2,5,33,267.99,0.9038,0.0501,0.002312,4.402
272532,520,445,965,188,71,193,326.09,0.7771,0.5382,0.190495,16,17,7,112.99,0.3743,0.0762,0.005264,4.352
272533,520,381,901,253,50,111,10.06,0.9823,0.5986,0.243152,69,10,15,21.77,0.8553,0.1550,0.015170,4.498
272543,520,206,726,254,146,231,335.40,0.9922,0.7680,0.474005,2,89,15,144.09,0.9979,0.3116,0.071918,4.298
272548,520,428,948,234,33,132,358.41,0.9377,0.5571,0.202491,23,5,67,286.09,0.9210,0.1024,0.006959,4.433
272564,520,410,930,224,65,158,349.00,0.8250,0.5736,0.220990,39,23,43,319.44,0.4122,0.1319,0.012186,4.358
272566,520,384,904,220,2,249,321.66,0.9991,0.5894,0.221007,26,22,80,279.03,0.7923,0.1452,0.013726,4.253
272568,520,474,994,234,6,18,28.14,0.9969,0.5245,0.176695,7,0,14,311.24,1.0000,0.0289,0.000769,4.465
272569,520,474,994,231,4,37,25.37,0.9974,0.5189,0.172124,6,3,5,337.49,0.2655,0.0326,0.001148,4.343
272572,520,397,917,245,23,150,354.17,0.9738,0.5816,0.222306,25,4,97,278.12,0.9811,0.1403,0.011565,4.423
272574,520,479,999,208,28,139,349.95,0.9047,0.5061,0.161067,0,0,3,264.05,1.0000,0.0094,0.000066,4.216
272575,520,465,985,169,85,181,322.49,0.6579,0.5218,0.182691,3,7,31,268.14,0.8045,0.0538,0.002702,4.415
272596,520,446,966,210,0,205,329.66,1.0000,0.5394,0.181115,7,20,13,159.63,0.4940,0.0788,0.005745,4.146
272605,520,378,898,253,68,37,32.05,0.9899,0.6020,0.251541,59,27,18,36.60,0.5574,0.1624,0.017575,4.462
272607,520,324,844,233,93,214,333.33,0.8733,0.6490,0.300097,37,54,7,127.76,0.9011,0.2060,0.030469,4.351
272612,520,418,938,252,11,25,27.80,0.9960,0.5648,0.210088,29,12,65,291.37,0.7985,0.1164,0.009058,4.404
272618,520,116,636,253,190,254,325.95,0.9920,0.8586,0.648668,47,104,26,138.67,0.9479,0.3775,0.105792,4.485
272624,520,291,811,218,136,174,350.93,0.5623,0.6778,0.355714,3,62,79,223.82,0.9394,0.2398,0.040289,4.493
272636,520,365,885,239,9,234,329.50,0.9964,0.6126,0.244893,22,45,36,166.81,0.4621,0.1720,0.021747,4.110
272650,520,445,965,214,44,165,342.89,0.8727,0.5403,0.188164,3,21,8,152.10,0.8786,0.0777,0.005732,4.273
272652,520,453,973,215,8,167,341.84,0.9823,0.5270,0.174131,5,5,52,271.18,0.9520,0.0707,0.003887,4.159
272682,520,463,983,229,43,34,28.82,0.9578,0.5314,0.185042,9,7,13,301.09,0.2442,0.0489,0.002391,4.486
272724,520,463,983,174,37,251,308.24,0.9799,0.5299,0.172877,1,4,38,266.07,0.9570,0.0513,0.002332,4.259
272729,520,458,978,227,45,7,32.23,0.9918,0.5274,0.182259,6,2,43,276.59,0.9580,0.0563,0.002565,4.418
272731,520,391,911,246,2,180,345.00,0.9984,0.5924,0.229348,4,31,82,261.16,0.9295,0.1540,0.016149,4.223
272742,520,448,968,232,25,87,13.21,0.9650,0.5355,0.185422,36,2,12,5.53,0.8250,0.0759,0.004451,4.324
272743,520,384,904,218,11,254,320.05,0.9961,0.5916,0.223025,8,44,2,140.44,0.9890,0.1542,0.018573,3.982
272751,520,453,973,200,65,152,344.95,0.7572,0.5283,0.183288,18,12,14,356.46,0.1659,0.0686,0.004233,4.302
272761,520,362,882,245,69,136,2.16,0.9018,0.6074,0.254495,74,24,15,32.29,0.7512,0.1842,0.021438,4.262
272764,520,391,911,226,78,162,349.09,0.7941,0.5934,0.242286,23,34,61,266.00,0.4934,0.1536,0.016631,4.387
272774,520,446,966,212,0,200,331.49,1.0000,0.5397,0.181693,13,8,52,279.50,0.8516,0.0819,0.005071,4.207
272793,520,8,528,251,253,236,112.25,0.9267,0.9860,0.968160,2,136,46,146.67,0.9988,0.4738,0.178177,4.462
272806,520,260,780,215,147,211,328.69,0.6212,0.7106,0.400189,8,77,6,142.41,0.9909,0.2703,0.053723,4.340
272818,520,434,954,226,12,170,343.58,0.9811,0.5507,0.193366,34,11,36,324.34,0.6010,0.0982,0.007068,4.264
272827,520,297,817,233,118,209,335.74,0.8234,0.6823,0.348861,52,54,75,280.01,0.2571,0.2418,0.038764,4.494
272836,520,288,808,232,118,198,339.86,0.7834,0.6757,0.341920,55,58,48,120.90,0.1436,0.2440,0.040517,4.330
272843,520,362,882,229,34,246,324.28,0.9815,0.6113,0.244582,28,5,124,274.65,0.9896,0.1809,0.018105,4.325
272856,520,475,995,233,10,28,27.09,0.9944,0.5239,0.176277,0,0,30,264.05,1.0000,0.0327,0.000937,4.442
272859,520,322,842,239,83,223,332.19,0.9211,0.6515,0.298675,9,56,59,201.41,0.8142,0.2115,0.032020,4.251
272861,520,439,959,243,8,83,14.99,0.9935,0.5525,0.198563,23,16,35,299.78,0.4346,0.0925,0.006741,4.381
272893,520,203,723,247,153,219,338.78,0.9067,0.7659,0.476732,51,84,3,131.06,0.9870,0.3133,0.070509,4.371
272910,520,441,961,226,15,143,352.32,0.9713,0.5385,0.184963,2,4,69,266.15,0.9877,0.0871,0.005294,4.249
272914,520,459,979,237,18,5,29.63,0.9958,0.5337,0.184514,7,13,11,173.31,0.2289,0.0600,0.003572,4.378
272918,520,370,890,245,60,161,352.33,0.9152,0.6084,0.252205,60,19,65,323.20,0.6880,0.1714,0.018082,4.439
272926,520,325,845,240,81,218,333.87,0.9204,0.6481,0.294747,74,36,1,57.12,0.9553,0.2052,0.027200,4.466
272931,520,412,932,225,73,123,4.38,0.7936,0.5708,0.222053,36,26,10,77.84,0.5077,0.1228,0.011358,4.434
272934,520,420,940,200,44,227,321.01,0.9361,0.5551,0.196284,38,17,31,340.90,0.4429,0.1121,0.009119,4.166
272947,520,364,884,253,5,194,342.61,0.9974,0.6135,0.248896,22,13,117,272.13,0.9745,0.1741,0.017427,4.433
272948,520,457,977,235,10,50,23.15,0.9932,0.5303,0.181127,17,12,5,78.77,0.3763,0.0649,0.003931,4.286
272965,520,426,946,215,90,5,45.11,0.9860,0.5576,0.217727,5,28,32,210.46,0.6758,0.1082,0.009670,4.487
272989,520,469,989,174,15,254,308.19,0.9954,0.5228,0.164969,10,1,18,310.33,0.8095,0.0374,0.001299,4.191
272992,520,395,915,224,44,217,329.97,0.9465,0.5885,0.226607,28,35,20,128.69,0.3643,0.1409,0.014994,4.256
272998,520,235,755,241,130,254,323.28,0.9938,0.7357,0.418238,74,66,38,93.99,0.4154,0.2854,0.054923,4.463
273007,520,363,883,252,56,142,359.91,0.9693,0.6109,0.254803,11,43,59,234.14,0.6860,0.1713,0.021146,4.284
273015,520,438,958,240,37,52,24.76,0.9673,0.5521,0.200996,36,10,8,26.95,0.6219,0.0886,0.006097,4.474
273022,520,362,882,229,22,250,323.50,0.9910,0.6097,0.241363,19,17,116,270.55,0.9682,0.1756,0.018002,4.285
273028,520,477,997,192,82,68,29.51,0.7105,0.5100,0.176602,4,2,0,82.32,1.0000,0.0247,0.000692,4.470
273031,520,436,956,187,40,248,312.59,0.9665,0.5486,0.188608,5,16,47,264.76,0.8067,0.0867,0.006081,4.255
273037,520,389,909,245,68,83,21.02,0.9323,0.5924,0.241746,5,32,80,260.67,0.9058,0.1549,0.016444,4.391
273042,520,424,944,227,68,102,12.50,0.8305,0.5625,0.214272,8,20,65,266.98,0.8666,0.1137,0.009335,4.454
273065,520,426,946,235,33,127,0.35,0.9398,0.5573,0.202852,47,12,1,41.28,0.9253,0.1100,0.008696,4.308
273079,520,375,895,241,51,167,348.94,0.9167,0.5964,0.238615,36,36,43,285.47,0.1202,0.1601,0.018112,4.237
273095,520,438,958,231,45,96,11.78,0.9122,0.5474,0.197132,21,21,11,108.05,0.3122,0.0923,0.007199,4.321
273101,520,413,933,240,45,126,2.44,0.9203,0.5741,0.219116,12,33,3,136.94,0.9542,0.1192,0.011724,4.360
273102,520,339,859,248,50,224,333.98,0.9683,0.6383,0.276225,83,3,66,339.51,0.8948,0.1998,0.022978,4.470
273107,520,434,954,235,41,59,23.29,0.9536,0.5453,0.195669,5,4,76,268.18,0.9875,0.0982,0.006408,4.355
273121,520,347,867,215,83,254,317.52,0.9933,0.6342,0.277910,38,43,68,274.62,0.3584,0.1947,0.025571,4.339
273133,520,471,991,195,72,129,354.77,0.6980,0.5182,0.178236,6,3,15,296.47,0.5790,0.0370,0.001383,4.442
273149,520,459,979,111,100,246,281.24,0.9158,0.5293,0.191472,1,15,15,194.95,0.8356,0.0615,0.003826,4.486
273153,520,429,949,186,29,255,311.14,1.0000,0.5471,0.185389,3,21,48,257.07,0.8241,0.0980,0.007690,4.080
273189,520,72,592,221,233,222,147.84,0.2607,0.9091,0.789236,33,119,49,146.35,0.9535,0.4238,0.137382,4.479
273197,520,465,985,220,52,57,24.79,0.9125,0.5232,0.179697,14,7,6,30.12,0.2546,0.0513,0.002585,4.368
273207,520,430,950,241,18,83,15.14,0.9833,0.5508,0.197613,6,27,4,141.30,0.9388,0.0969,0.008313,4.246
273252,520,414,934,242,10,152,352.66,0.9891,0.5730,0.213645,53,10,12,22.12,0.7719,0.1210,0.010006,4.394
273282,520,309,829,245,102,178,350.07,0.8740,0.6630,0.321324,53,51,43,95.49,0.1250,0.2203,0.032990,4.474
273284,520,379,899,230,16,231,328.09,0.9913,0.5962,0.229656,64,7,55,335.63,0.7979,0.1581,0.015179,4.291
273300,520,352,872,255,50,158,354.71,1.0000,0.6181,0.260134,47,13,112,288.62,0.9205,0.1908,0.020620,4.392
273306,520,420,940,202,87,152,347.84,0.6675,0.5609,0.216417,8,23,55,262.99,0.7459,0.1114,0.009402,4.485
273307,520,396,916,218,53,211,329.98,0.9135,0.5808,0.221569,54,14,49,333.00,0.6810,0.1435,0.013202,4.297
273319,520,324,844,244,103,151,1.54,0.8393,0.6527,0.311708,21,56,33,152.67,0.7412,0.2063,0.030975,4.467
273328,520,444,964,209,24,204,329.61,0.9618,0.5433,0.185702,29,7,28,329.26,0.6210,0.0798,0.004970,4.288
273353,520,413,933,208,61,206,328.55,0.8687,0.5679,0.212055,11,30,34,213.01,0.4753,0.1183,0.011151,4.285
273365,520,462,982,185,71,189,326.37,0.7637,0.5310,0.184962,9,6,22,290.93,0.5339,0.0510,0.002463,4.479
273366,520,388,908,250,20,150,355.07,0.9816,0.5905,0.230298,44,29,35,353.34,0.2463,0.1485,0.015356,4.289
273371,520,478,998,226,14,43,24.40,0.9891,0.5112,0.166602,2,1,6,294.08,0.6164,0.0213,0.000478,4.291
273375,520,353,873,232,58,237,326.85,0.9529,0.6250,0.262987,18,45,55,224.82,0.5311,0.1783,0.022811,4.299
273383,520,446,966,223,64,59,26.75,0.8897,0.5417,0.196732,3,22,4,144.67,0.9449,0.0797,0.006019,4.404
273386,520,461,981,221,56,56,25.87,0.9068,0.5289,0.184887,12,8,10,345.79,0.1476,0.0528,0.002737,4.454
273387,520,415,935,205,26,245,318.53,0.9813,0.5675,0.203121,19,24,58,273.71,0.6175,0.1232,0.010972,4.151
273390,520,401,921,247,45,103,11.44,0.9440,0.5811,0.226336,28,37,3,123.01,0.8953,0.1438,0.015766,4.202
273392,520,451,971,235,33,47,25.28,0.9707,0.5388,0.189583,30,4,16,353.75,0.6877,0.0704,0.004003,4.436
273401,520,456,976,128,88,250,288.81,0.9505,0.5277,0.184706,7,8,25,277.79,0.5389,0.0553,0.002890,4.438
273407,520,471,991,180,81,158,336.76,0.6435,0.5194,0.180580,16,1,15,330.16,0.7803,0.0428,0.001664,4.463
273421,520,421,941,240,51,68,22.42,0.9379,0.5643,0.213135,27,23,23,17.67,0.0770,0.1075,0.009077,4.454
273424,520,424,944,248,11,66,20.21,0.9936,0.5606,0.205928,42,8,48,321.28,0.7470,0.1146,0.008794,4.353
273425,520,429,949,234,49,19,31.65,0.9794,0.5454,0.197392,17,19,48,277.13,0.5864,0.1023,0.007983,4.267
273431,520,405,925,255,39,19,30.12,1.0000,0.5818,0.227619,28,29,29,197.05,0.0171,0.1266,0.012143,4.467
273438,520,362,882,253,69,69,25.60,0.9871,0.6065,0.255722,59,35,5,67.68,0.8087,0.1782,0.021429,4.280
273444,520,352,872,241,58,195,340.44,0.9237,0.6155,0.256699,59,33,66,318.89,0.4893,0.1949,0.024109,4.138
273449,520,479,999,215,52,40,29.11,0.9243,0.5110,0.170588,1,0,1,328.36,1.0000,0.0103,0.000086,4.404
273457,520,424,944,243,5,122,2.47,0.9945,0.5626,0.205717,33,6,62,299.79,0.8569,0.1104,0.008014,4.408
273464,520,473,993,186,68,179,330.19,0.7560,0.5227,0.178294,2,1,24,274.94,0.9509,0.0328,0.001006,4.476
273470,520,449,969,200,15,224,322.18,0.9841,0.5390,0.180045,37,0,11,5.62,1.0000,0.0738,0.004175,4.246
273498,520,478,998,151,53,249,300.57,0.9657,0.5084,0.159654,0,2,6,247.65,1.0000,0.0221,0.000566,4.146
273505,520,438,958,230,25,136,355.85,0.9517,0.5470,0.192987,33,11,28,336.60,0.5341,0.0923,0.006466,4.303
273513,520,328,848,233,93,213,333.64,0.8714,0.6484,0.299588,28,55,26,142.51,0.7006,0.2054,0.030538,4.341
273550,520,377,897,237,8,220,332.39,0.9956,0.5997,0.233482,29,40,15,128.75,0.5990,0.1559,0.018133,4.161
273562,520,338,858,249,36,240,330.31,0.9852,0.6422,0.276957,67,37,26,40.78,0.4683,0.1992,0.025912,4.307
273568,520,467,987,182,64,186,326.48,0.7795,0.5157,0.171583,15,1,5,358.13,0.7464,0.0374,0.001342,4.316
273588,520,390,910,255,41,82,18.37,1.0000,0.5900,0.234588,8,35,59,248.83,0.7171,0.1465,0.015694,4.332
273597,520,431,951,216,82,44,36.25,0.8763,0.5496,0.208178,29,15,44,304.07,0.5798,0.1035,0.007847,4.463
273598,520,279,799,215,155,99,63.17,0.5981,0.6923,0.387921,3,73,5,142.92,0.9959,0.2550,0.047952,4.471
273636,520,421,941,215,49,193,334.32,0.8925,0.5615,0.204961,52,7,8,24.25,0.8463,0.1143,0.008997,4.322
273649,520,380,900,231,92,91,23.57,0.8150,0.5982,0.254012,20,45,5,136.04,0.9512,0.1638,0.020364,4.321
273659,520,464,984,197,40,183,332.32,0.8775,0.5169,0.168085,13,8,1,86.29,0.7347,0.0509,0.002614,4.145
273671,520,380,900,232,64,185,341.53,0.8792,0.5997,0.243280,48,32,29,30.81,0.2543,0.1591,0.017502,4.345
273688,520,411,931,244,49,51,26.50,0.9557,0.5684,0.216721,0,34,28,178.49,1.0000,0.1226,0.012278,4.283
273689,520,406,926,216,53,221,326.77,0.9251,0.5840,0.223676,10,24,73,266.65,0.8632,0.1314,0.011988,4.415
273695,520,441,961,220,14,174,340.95,0.9750,0.5418,0.185882,4,11,57,267.42,0.9305,0.0857,0.005605,4.242
273697,520,457,977,210,13,183,335.76,0.9742,0.5280,0.174105,23,3,28,319.71,0.7524,0.0638,0.003311,4.204
273698,520,420,940,228,70,30,34.59,0.9487,0.5552,0.209709,7,28,31,207.76,0.5807,0.1088,0.009746,4.347
273713,520,460,980,189,60,193,326.65,0.8159,0.5272,0.179022,16,0,37,299.18,1.0000,0.0557,0.002437,4.368
273722,520,379,899,231,32,220,330.97,0.9728,0.5962,0.231918,46,32,42,337.09,0.2483,0.1614,0.017811,4.157
273736,520,465,985,157,65,234,304.69,0.8862,0.5157,0.168897,14,0,37,295.80,1.0000,0.0535,0.002269,4.188
273751,520,392,912,211,97,142,357.38,0.6458,0.5868,0.243532,20,38,48,234.01,0.3986,0.1546,0.017483,4.350
273767,520,359,879,212,104,190,335.63,0.6991,0.6202,0.276171,62,34,28,32.89,0.4162,0.1848,0.022522,4.498
273770,520,480,1000,171,42,224,313.09,0.9206,0.5052,0.156966,0,0,0,0.00,0.0000,0.0000,0.000000,4.139
273774,520,429,949,234,50,26,30.99,0.9692,0.5467,0.198513,22,21,22,325.67,0.0319,0.0967,0.007648,4.311
273783,520,374,894,242,64,156,353.74,0.8904,0.6044,0.249474,32,32,61,281.99,0.4507,0.1561,0.016770,4.485
273789,520,294,814,243,83,252,325.64,0.9881,0.6752,0.322720,45,57,73,255.74,0.2538,0.2424,0.039651,4.157
273799,520,452,972,238,10,1,29.53,0.9992,0.5335,0.183997,11,17,4,127.69,0.6043,0.0712,0.004808,4.269
273801,520,449,969,224,49,107,7.12,0.8749,0.5397,0.191082,34,0,8,8.49,1.0000,0.0672,0.003577,4.500
273807,520,377,897,222,19,254,320.97,0.9962,0.6001,0.231532,7,40,54,230.49,0.7493,0.1576,0.018290,4.123
273808,520,399,919,204,74,221,322.88,0.8617,0.5849,0.229570,5,40,4,142.42,0.9773,0.1394,0.015586,4.263
273813,520,268,788,244,141,39,58.86,0.9388,0.6966,0.384320,25,65,90,239.29,0.6308,0.2626,0.047252,4.466
273815,520,407,927,239,34,127,1.14,0.9443,0.5658,0.210302,25,4,91,279.67,0.9758,0.1323,0.010488,4.303
273821,520,480,1000,184,85,86,21.35,0.6132,0.5051,0.173607,0,0,0,0.00,0.0000,0.0000,0.000000,4.472
273830,520,426,946,200,29,247,316.71,0.9777,0.5622,0.198750,40,1,62,308.84,0.9624,0.1140,0.008207,4.274
273839,520,390,910,254,28,103,11.04,0.9927,0.5861,0.228843,30,37,28,138.76,0.2165,0.1510,0.016830,4.172
273867,520,374,894,251,63,82,20.82,0.9717,0.5989,0.246770,58,26,14,40.81,0.6120,0.1578,0.016702,4.449
273892,520,388,908,221,32,239,323.92,0.9773,0.5920,0.226393,61,15,25,11.00,0.6876,0.1470,0.014041,4.316
273899,520,479,999,176,8,234,313.14,0.9918,0.5059,0.153453,1,0,0,29.23,1.0000,0.0090,0.000065,4.064
273903,520,364,884,225,68,218,329.86,0.9042,0.6102,0.252060,9,44,44,195.08,0.7273,0.1656,0.020412,4.290
273922,520,444,964,159,90,217,306.59,0.7551,0.5401,0.196935,10,18,29,256.52,0.3789,0.0822,0.005858,4.421
273930,520,120,640,222,205,249,302.72,0.7661,0.8558,0.660320,55,103,59,145.81,0.6788,0.3841,0.108282,4.488
273944,520,409,929,157,101,242,298.75,0.8544,0.5744,0.228865,34,24,53,297.99,0.4940,0.1341,0.012504,4.462
273981,520,382,902,240,59,164,350.16,0.8937,0.5996,0.243365,73,3,18,16.72,0.9427,0.1573,0.015255,4.496
273983,520,432,952,221,14,192,335.95,0.9811,0.5542,0.194944,21,14,56,284.78,0.7356,0.1026,0.007590,4.253
274013,520,394,914,231,45,192,338.65,0.9296,0.5865,0.226741,23,15,92,276.28,0.9250,0.1449,0.012964,4.395
274014,520,366,886,242,64,163,351.28,0.8934,0.6073,0.251914,15,45,30,159.21,0.6936,0.1661,0.020720,4.269
274027,520,385,905,219,72,197,334.44,0.8437,0.5921,0.237281,12,25,89,267.69,0.9097,0.1515,0.014946,4.423
274034,520,442,962,195,80,161,340.71,0.6917,0.5435,0.199142,11,18,28,257.30,0.3377,0.0823,0.005876,4.459
274070,520,476,996,224,7,56,20.86,0.9932,0.5068,0.162876,7,0,3,348.27,1.0000,0.0231,0.000518,4.214
274073,520,474,994,223,47,21,31.38,0.9714,0.5213,0.177779,0,0,30,264.05,1.0000,0.0327,0.000937,4.472
274078,520,98,618,246,204,254,320.90,0.9842,0.8796,0.699353,5,114,63,154.55,0.9919,0.4045,0.124252,4.300
274099,520,378,898,237,47,201,337.54,0.9426,0.6036,0.242574,33,40,17,123.07,0.5194,0.1600,0.018814,4.252
274106,520,416,936,245,40,60,23.41,0.9647,0.5654,0.212598,27,22,50,289.56,0.5052,0.1198,0.010371,4.350
274107,520,454,974,214,37,144,349.98,0.8845,0.5253,0.176352,21,12,16,350.77,0.2464,0.0727,0.004598,4.146
274113,520,344,864,246,22,239,329.90,0.9922,0.6312,0.264016,75,18,51,348.85,0.7050,0.1891,0.021677,4.381
274114,520,450,970,185,29,248,312.32,0.9749,0.5395,0.179715,10,17,8,138.51,0.3957,0.0715,0.004830,4.190
274115,520,443,963,192,77,174,334.19,0.7205,0.5412,0.195717,39,3,4,24.08,0.8877,0.0813,0.005053,4.463
274119,520,462,982,172,49,248,307.73,0.9621,0.5329,0.177454,1,7,27,260.88,0.8688,0.0491,0.002375,4.343
274129,520,365,885,230,24,244,325.06,0.9887,0.6076,0.240103,4,50,13,146.15,0.9830,0.1750,0.023360,3.955
274137,520,369,889,233,46,223,330.67,0.9575,0.6091,0.246079,23,28,90,272.88,0.8256,0.1651,0.017508,4.386
274142,520,320,840,245,97,150,0.96,0.8599,0.6456,0.301668,22,53,72,238.13,0.5697,0.2143,0.031845,4.297
274151,520,387,907,231,86,94,20.48,0.8186,0.5904,0.244554,30,39,4,122.73,0.8716,0.1520,0.017358,4.373
274176,520,383,903,253,66,20,33.71,0.9906,0.5990,0.248332,2,43,16,150.31,0.9842,0.1504,0.017780,4.401
274197,520,386,906,244,14,185,343.24,0.9890,0.5935,0.230531,67,13,3,33.89,0.9311,0.1522,0.014879,4.324
274211,520,464,984,195,42,190,329.61,0.8788,0.5193,0.169774,23,2,9,358.47,0.7318,0.0527,0.002453,4.190
274236,520,455,975,164,85,205,312.47,0.7290,0.5303,0.187980,14,8,30,293.26,0.5872,0.0645,0.003608,4.439
274248,520,452,972,226,49,62,23.10,0.9238,0.5334,0.187160,3,13,36,261.33,0.7736,0.0700,0.004346,4.364
274252,520,359,879,248,30,213,336.68,0.9817,0.6214,0.256922,20,45,51,215.22,0.4682,0.1773,0.022644,4.225
274253,520,296,816,218,122,238,320.51,0.8673,0.6831,0.349990,10,64,70,206.29,0.8357,0.2430,0.041733,4.360
274269,520,270,790,236,117,241,325.88,0.9266,0.7016,0.369084,39,66,59,175.94,0.3650,0.2579,0.046434,4.346
274275,520,369,889,221,68,222,327.68,0.9042,0.6061,0.247824,42,17,91,291.32,0.8354,0.1656,0.016485,4.480
274277,520,430,950,246,3,29,26.97,0.9987,0.5505,0.197502,7,29,5,141.55,0.9302,0.1040,0.009348,4.170
274286,520,480,1000,170,48,228,311.55,0.9118,0.5119,0.162623,0,0,0,0.00,0.0000,0.0000,0.000000,4.252
274288,520,431,951,136,92,254,290.48,0.9873,0.5460,0.200442,7,29,0,137.24,1.0000,0.1031,0.009239,4.228
274293,520,373,893,227,16,237,325.97,0.9919,0.5952,0.228182,71,3,43,351.31,0.8734,0.1617,0.015794,4.228
274294,520,385,905,254,9,125,3.43,0.9934,0.5868,0.227506,47,7,79,303.52,0.8827,0.1485,0.013209,4.390
274295,520,386,906,227,90,109,14.87,0.7643,0.5925,0.247499,5,42,24,157.65,0.9243,0.1501,0.017541,4.405
274320,520,381,901,249,50,146,357.53,0.9471,0.6021,0.244996,32,38,45,252.40,0.1559,0.1625,0.018827,4.286
274342,520,476,996,212,50,59,23.48,0.8995,0.5055,0.165965,1,2,6,265.10,0.5131,0.0236,0.000630,4.266
274345,520,416,936,248,46,6,31.85,0.9956,0.5714,0.219272,37,25,17,54.83,0.3163,0.1232,0.011291,4.393
274349,520,355,875,234,63,211,334.16,0.9192,0.6164,0.257531,76,16,41,359.47,0.7321,0.1842,0.020674,4.351
274350,520,383,903,227,65,199,335.89,0.8841,0.5995,0.242374,39,36,12,102.24,0.5840,0.1539,0.017197,4.351
274356,520,469,989,191,31,215,321.70,0.9448,0.5232,0.169641,6,3,25,285.65,0.7662,0.0431,0.001740,4.245
274363,520,443,963,176,35,255,308.09,1.0000,0.5352,0.176530,17,4,55,285.17,0.9115,0.0817,0.004818,4.132
274390,520,476,996,167,40,234,309.59,0.9391,0.5063,0.156744,4,0,5,323.04,1.0000,0.0198,0.000368,4.105
274391,520,433,953,222,39,170,343.10,0.9098,0.5544,0.198854,13,24,33,244.05,0.3563,0.1019,0.008486,4.255
274408,520,470,990,173,47,229,312.32,0.9171,0.5164,0.165753,9,5,4,38.48,0.2178,0.0409,0.001754,4.169
274410,520,405,925,189,75,248,311.49,0.9494,0.5831,0.226293,33,31,21,98.10,0.2371,0.1349,0.013575,4.346
274415,520,356,876,252,29,195,342.34,0.9814,0.6184,0.255176,6,49,45,185.71,0.8612,0.1813,0.024247,4.110
274433,520,385,905,219,90,146,355.87,0.7115,0.5908,0.244499,46,33,2,85.55,0.9031,0.1533,0.016730,4.413
274447,520,465,985,200,83,2,45.23,0.9919,0.5196,0.184722,16,2,27,308.64,0.8007,0.0522,0.002327,4.486
274448,520,450,970,200,48,208,325.85,0.8969,0.5445,0.189490,19,3,40,298.88,0.8447,0.0677,0.003568,4.471
274476,520,472,992,177,15,244,311.15,0.9878,0.5182,0.162214,1,0,22,271.53,1.0000,0.0268,0.000644,4.190
274488,520,453,973,221,57,65,23.35,0.8922,0.5313,0.186827,1,20,8,155.96,0.9575,0.0733,0.005243,4.287
274499,520,429,949,234,50,25,31.12,0.9707,0.5466,0.198469,12,11,65,273.91,0.9081,0.0995,0.006991,4.360
274514,520,399,919,245,57,94,15.63,0.9307,0.5843,0.231502,58,16,24,11.96,0.6516,0.1423,0.013362,4.443
274517,520,330,850,246,30,247,328.06,0.9895,0.6392,0.272396,19,36,116,267.56,0.9062,0.2075,0.026610,4.208
274518,520,477,997,179,84,126,354.27,0.5781,0.5080,0.174320,2,1,2,326.51,0.3040,0.0189,0.000390,4.452
274528,520,422,942,204,63,200,329.13,0.8439,0.5595,0.205643,19,26,24,175.92,0.1597,0.1080,0.009432,4.301
274544,520,426,946,212,50,201,331.17,0.8966,0.5619,0.204973,15,20,56,272.98,0.6926,0.1095,0.008874,4.331
274545,520,461,981,204,52,164,340.82,0.8228,0.5280,0.179757,11,2,35,290.29,0.8831,0.0531,0.002359,4.388
274555,520,402,922,230,53,176,343.55,0.8927,0.5821,0.225064,1,32,52,241.23,0.9249,0.1298,0.012873,4.375
274558,520,429,949,233,11,145,353.07,0.9835,0.5523,0.196103,4,13,66,266.67,0.9436,0.0990,0.007070,4.312
274567,520,363,883,239,12,222,332.35,0.9940,0.6053,0.238904,68,2,69,327.60,0.9199,0.1709,0.017022,4.311
274578,520,369,889,248,74,88,20.76,0.9448,0.6055,0.255620,60,30,31,18.44,0.4236,0.1737,0.019883,4.373
274597,520,258,778,238,134,189,348.11,0.7614,0.7075,0.389037,3,78,20,145.61,0.9952,0.2740,0.055184,4.174
274598,520,367,887,243,24,205,337.62,0.9828,0.6054,0.241187,41,31,66,294.93,0.5021,0.1670,0.018447,4.254
274620,520,419,939,207,2,235,321.52,0.9985,0.5566,0.193088,8,20,66,267.04,0.8723,0.1147,0.009452,4.089
274625,520,391,911,226,21,228,327.83,0.9858,0.5885,0.223089,22,38,26,151.49,0.4110,0.1467,0.016313,4.118
274629,520,346,866,243,11,243,328.34,0.9967,0.6261,0.257679,28,6,131,273.59,0.9900,0.1916,0.020157,4.386
274634,520,26,546,250,248,212,104.62,0.8105,0.9668,0.922125,15,132,7,142.22,0.9963,0.4590,0.166187,4.497
274635,520,455,975,234,8,20,28.01,0.9959,0.5251,0.177198,3,9,30,264.77,0.7411,0.0573,0.003085,4.280
274642,520,421,941,215,58,173,340.91,0.8377,0.5579,0.204925,39,17,15,26.17,0.4562,0.1078,0.008668,4.345
274667,520,473,993,205,45,162,341.57,0.8473,0.5229,0.174666,4,2,1,57.67,0.3689,0.0252,0.000714,4.430
274671,520,438,958,221,70,70,24.65,0.8519,0.5465,0.201972,36,10,12,17.66,0.5794,0.0895,0.006188,4.484
274675,520,401,921,251,30,101,11.41,0.9729,0.5803,0.223810,0,40,30,171.74,1.0000,0.1432,0.016112,4.142
274679,520,293,813,249,75,250,327.74,0.9835,0.6755,0.320768,19,48,123,264.31,0.8767,0.2414,0.036822,4.270
274719,520,450,970,233,35,57,23.04,0.9623,0.5370,0.188242,21,12,8,45.65,0.2999,0.0703,0.004399,4.380
274723,520,443,963,204,50,182,334.69,0.8529,0.5364,0.184979,16,13,36,286.70,0.5396,0.0799,0.005254,4.253
274731,520,447,967,222,11,157,346.72,0.9783,0.5361,0.182058,24,9,37,306.22,0.6407,0.0820,0.005231,4.202
274741,520,224,744,248,140,222,336.69,0.9369,0.7456,0.439888,28,83,31,144.25,0.9306,0.2998,0.065321,4.248
274747,520,415,935,217,26,215,328.79,0.9702,0.5657,0.203990,55,3,7,22.56,0.9335,0.1150,0.008928,4.310
274761,520,387,907,240,53,160,351.16,0.9060,0.5930,0.236126,31,26,74,283.19,0.6703,0.1520,0.015245,4.385
274763,520,441,961,228,8,129,357.37,0.9855,0.5351,0.182555,45,0,8,15.24,1.0000,0.0894,0.005755,4.171
274778,520,471,991,224,20,81,13.89,0.9696,0.5154,0.169445,2,9,6,169.28,0.5700,0.0447,0.002214,4.203
274793,520,349,869,249,96,32,39.84,0.9627,0.6283,0.286131,27,46,56,232.24,0.3556,0.1873,0.024725,4.498
274799,520,466,986,212,13,161,343.04,0.9676,0.5191,0.168604,1,2,40,266.77,0.9811,0.0487,0.002031,4.201
274809,520,297,817,242,110,202,340.68,0.8794,0.6802,0.342959,11,58,90,243.99,0.7976,0.2368,0.038352,4.448
274810,520,423,943,183,82,212,318.04,0.7825,0.5574,0.208564,12,28,25,180.64,0.4121,0.1091,0.009788,4.325
274830,520,372,892,255,30,165,351.68,1.0000,0.6101,0.249087,33,43,2,122.58,0.9453,0.1670,0.020555,4.239
274831,520,405,925,224,54,185,339.21,0.8860,0.5768,0.219908,60,2,18,11.52,0.9261,0.1271,0.010479,4.463
274836,520,365,885,238,46,206,336.37,0.9496,0.6076,0.245901,48,4,103,293.61,0.9640,0.1735,0.016945,4.420
274842,520,359,879,255,25,181,346.84,1.0000,0.6155,0.252950,27,45,51,220.88,0.3167,0.1817,0.023487,4.122
274854,520,409,929,225,71,134,359.41,0.7990,0.5723,0.222378,37,25,27,7.62,0.2105,0.1263,0.011677,4.416
274855,520,437,957,236,4,115,3.57,0.9946,0.5457,0.191606,35,12,4,42.27,0.6842,0.0894,0.006291,4.292
274869,520,478,998,193,13,206,324.80,0.9779,0.5127,0.160831,5,0,3,340.52,1.0000,0.0201,0.000388,4.184
274881,520,425,945,194,63,225,319.15,0.8845,0.5603,0.204620,8,21,64,266.33,0.8520,0.1149,0.009581,4.274
274887,520,299,819,243,77,249,326.46,0.9780,0.6672,0.312045,43,26,138,278.47,0.9221,0.2331,0.030872,4.477
274891,520,375,895,253,8,157,353.27,0.9942,0.5965,0.234942,18,39,61,251.15,0.5431,0.1641,0.019165,4.120
274895,520,446,966,242,19,2,29.85,0.9985,0.5446,0.193508,23,13,24,323.51,0.3447,0.0804,0.005360,4.399
274901,520,429,949,210,2,222,325.36,0.9981,0.5519,0.190209,16,4,68,278.76,0.9588,0.0955,0.006143,4.279
274908,520,392,912,253,26,131,1.87,0.9838,0.5915,0.232638,52,27,15,45.76,0.5298,0.1500,0.015485,4.316
274950,520,345,865,252,14,228,333.80,0.9954,0.6328,0.266141,14,40,91,262.00,0.8206,0.1888,0.023661,4.292
274951,520,408,928,235,71,31,34.30,0.9545,0.5699,0.222706,4,35,43,218.45,0.8031,0.1347,0.014022,4.260
274982,520,402,922,231,6,213,332.74,0.9956,0.5840,0.219259,35,31,8,99.59,0.6335,0.1345,0.013549,4.237
274989,520,434,954,210,62,172,340.03,0.8117,0.5525,0.201275,6,8,71,268.99,0.9668,0.0983,0.006673,4.434
275009,520,445,965,215,58,137,354.39,0.8115,0.5412,0.192817,12,13,35,278.62,0.5499,0.0758,0.004873,4.425
275013,520,427,947,233,10,164,347.00,0.9865,0.5608,0.202239,14,27,4,132.86,0.8506,0.1018,0.008860,4.285
275019,520,285,805,235,109,246,324.36,0.9525,0.6915,0.352553,6,68,63,186.30,0.9259,0.2518,0.045316,4.223
275032,520,423,943,232,55,87,16.42,0.8969,0.5554,0.205793,10,14,67,271.04,0.9071,0.1053,0.007838,4.423
275044,520,384,904,245,50,136,0.23,0.9200,0.5908,0.234745,0,24,91,262.77,1.0002,0.1466,0.014085,4.443
275049,520,469,989,140,76,245,295.42,0.9238,0.5181,0.173370,13,0,27,305.01,1.0000,0.0441,0.001647,4.325
275053,520,327,847,251,33,244,329.85,0.9886,0.6470,0.281316,2,58,37,161.55,0.9826,0.2075,0.031724,4.054
275062,520,302,822,226,98,252,320.53,0.9812,0.6673,0.319342,24,60,53,178.95,0.5783,0.2276,0.036828,4.254
275068,520,446,966,197,12,233,319.27,0.9896,0.5402,0.180180,17,7,47,287.79,0.7980,0.0789,0.004764,4.203
275119,520,470,990,163,77,207,312.31,0.7662,0.5184,0.176000,0,2,28,263.80,1.0022,0.0365,0.001272,4.408
275120,520,384,904,246,32,166,349.60,0.9629,0.5941,0.233823,15,17,98,270.34,0.9537,0.1498,0.013842,4.446
275137,520,314,834,248,117,86,34.59,0.9182,0.6649,0.333540,3,62,45,167.38,0.9714,0.2240,0.036539,4.432
275148,520,408,928,245,11,113,5.89,0.9894,0.5651,0.208475,55,8,28,359.21,0.7477,0.1273,0.010699,4.258
275165,520,230,750,244,154,143,27.41,0.7831,0.7381,0.443298,49,74,69,180.69,0.2885,0.2935,0.059801,4.493
275168,520,467,987,187,79,140,347.94,0.6464,0.5191,0.180517,3,3,31,273.33,0.9073,0.0447,0.001834,4.447
275185,520,378,898,217,51,248,320.53,0.9698,0.6031,0.238986,29,13,101,278.90,0.9385,0.1585,0.014886,4.454
275198,520,476,996,157,51,245,303.45,0.9476,0.5108,0.161288,7,0,5,336.40,1.0000,0.0242,0.000561,4.179
275200,520,74,594,255,223,199,59.00,1.0000,0.9115,0.781600,16,120,2,141.79,0.9987,0.4190,0.135469,4.484
275209,520,337,857,214,90,254,316.88,0.9925,0.6412,0.287658,34,54,16,132.48,0.7855,0.2046,0.030158,4.212
275215,520,138,658,245,203,127,81.43,0.7669,0.8397,0.636582,8,106,35,146.44,0.9923,0.3731,0.104806,4.435
275221,520,285,805,245,100,232,331.30,0.9506,0.6863,0.343556,96,33,56,0.55,0.6289,0.2528,0.038604,4.442
275242,520,233,753,247,147,190,353.26,0.8242,0.7436,0.443616,40,79,35,141.50,0.7971,0.2933,0.061643,4.421
275261,520,467,987,218,60,11,35.08,0.9820,0.5233,0.181639,0,9,7,181.61,1.0000,0.0431,0.002107,4.445
275286,520,378,898,246,41,159,352.14,0.9446,0.5957,0.236852,46,36,4,91.28,0.8391,0.1616,0.018514,4.187
275290,520,354,874,253,72,124,8.27,0.9754,0.6215,0.269761,48,39,29,69.69,0.2373,0.1770,0.021682,4.461
275295,520,381,901,229,79,152,353.94,0.7937,0.5956,0.245195,3,39,61,240.92,0.8605,0.1575,0.018072,4.337
275311,520,469,989,161,74,223,307.77,0.8266,0.5235,0.178029,12,2,22,307.05,0.7627,0.0445,0.001795,4.403
275324,520,456,976,233,30,58,22.32,0.9694,0.5344,0.185608,9,6,41,279.51,0.8269,0.0649,0.003484,4.405
275349,520,398,918,203,96,167,342.08,0.6515,0.5830,0.238539,18,37,23,151.32,0.5237,0.1399,0.015136,4.430
275356,520,425,945,248,17,54,23.24,0.9908,0.5604,0.206273,16,25,41,261.43,0.4052,0.1113,0.009655,4.296
275360,520,342,862,248,48,218,335.51,0.9660,0.6335,0.271353,49,41,34,63.26,0.1693,0.1852,0.023544,4.370
275366,520,424,944,242,0,128,0.22,1.0000,0.5616,0.204391,47,14,1,44.17,0.9156,0.1132,0.009207,4.297
275369,520,458,978,180,40,237,312.94,0.9464,0.5286,0.173364,7,4,46,275.98,0.9271,0.0642,0.003292,4.191
275372,520,369,889,251,58,127,5.14,0.9604,0.6056,0.250711,20,47,24,147.22,0.7124,0.1737,0.022476,4.149
275373,520,369,889,228,71,209,333.24,0.8890,0.6128,0.256062,71,20,27,15.71,0.6848,0.1747,0.019193,4.423
275381,520,440,960,244,0,56,21.97,1.0000,0.5483,0.195221,22,19,22,325.87,0.0973,0.0917,0.006943,4.306
275384,520,294,814,229,110,234,325.92,0.8897,0.6774,0.337523,57,58,37,110.39,0.3249,0.2429,0.040296,4.292
275388,520,400,920,228,75,116,8.24,0.8017,0.5765,0.227898,9,39,15,147.49,0.9037,0.1396,0.015435,4.247
275389,520,420,940,203,43,229,321.38,0.9428,0.5608,0.200831,37,5,56,309.02,0.8397,0.1091,0.007874,4.334
275394,520,465,985,183,12,231,315.82,0.9875,0.5155,0.161010,24,2,9,359.78,0.7417,0.0543,0.002574,4.014
275402,520,418,938,193,80,202,324.68,0.7753,0.5632,0.213404,36,25,23,30.30,0.2066,0.1236,0.011322,4.295
275406,520,410,930,217,85,129,2.54,0.7180,0.5742,0.228359,18,34,0,130.65,1.0000,0.1257,0.012726,4.438
275408,520,388,908,228,74,149,354.31,0.8042,0.5868,0.235640,13,31,77,264.70,0.8028,0.1530,0.016013,4.327
275417,520,379,899,231,39,220,330.96,0.9634,0.5996,0.236098,38,11,98,286.73,0.9183,0.1618,0.015332,4.379
275422,520,438,958,209,68,149,348.97,0.7660,0.5462,0.198616,20,22,9,115.86,0.4159,0.0935,0.007423,4.330
275429,520,186,706,218,186,187,15.80,0.2909,0.7868,0.536119,12,90,85,188.05,0.9116,0.3340,0.080460,4.493
275435,520,420,940,248,21,71,19.35,0.9855,0.5642,0.209513,42,13,35,337.72,0.5896,0.1134,0.009015,4.397
275439,520,452,972,187,37,222,318.65,0.9368,0.5255,0.171632,21,12,18,339.42,0.2683,0.0735,0.004661,4.055
275448,520,429,949,220,74,74,24.27,0.8304,0.5504,0.206101,47,0,36,339.72,1.0000,0.1047,0.007318,4.468
275457,520,449,969,188,10,249,313.28,0.9936,0.5386,0.177492,26,6,26,327.53,0.6245,0.0726,0.004245,4.194
275491,520,476,996,145,74,229,300.47,0.8484,0.5075,0.165747,2,1,2,326.51,0.3040,0.0189,0.000390,4.282
275495,520,351,871,233,87,191,340.79,0.8395,0.6296,0.279041,38,47,26,127.49,0.4163,0.1880,0.025197,4.376
275511,520,402,922,241,39,136,358.71,0.9360,0.5757,0.219326,54,13,5,33.95,0.8343,0.1258,0.010832,4.427
275519,520,451,971,184,69,205,321.11,0.8074,0.5374,0.188556,0,3,57,264.20,0.9891,0.0689,0.003605,4.450
275528,520,460,980,188,37,228,317.49,0.9449,0.5319,0.176172,9,11,15,263.97,0.1545,0.0584,0.003319,4.242
275532,520,385,905,211,104,106,20.42,0.6345,0.5871,0.247921,28,38,15,128.40,0.5651,0.1488,0.016676,4.468
275551,520,457,977,212,56,115,2.62,0.8119,0.5254,0.180655,25,5,9,7.92,0.5857,0.0622,0.003350,4.323
275552,520,458,978,230,2,106,5.56,0.9968,0.5299,0.179100,24,2,20,335.07,0.7558,0.0587,0.002881,4.332
275567,520,279,799,253,99,218,337.63,0.9855,0.6901,0.348712,91,42,42,21.42,0.5207,0.2546,0.040476,4.407
275583,520,455,975,215,10,167,341.85,0.9781,0.5274,0.174565,12,13,7,115.23,0.2478,0.0629,0.003814,4.173
275587,520,474,994,171,55,228,311.50,0.8944,0.5198,0.169926,3,4,6,260.13,0.1870,0.0326,0.001193,4.296
275610,520,329,849,241,99,161,355.78,0.8276,0.6456,0.302004,6,56,60,203.22,0.8715,0.2111,0.031932,4.296
275630,520,432,952,244,7,58,21.75,0.9958,0.5500,0.196940,47,2,4,24.26,0.9473,0.0958,0.006566,4.366
275641,520,432,952,242,16,65,20.22,0.9886,0.5490,0.196329,49,0,26,353.60,1.0000,0.1036,0.007277,4.301
275642,520,442,962,189,33,241,314.89,0.9654,0.5418,0.182587,38,0,16,358.35,1.0000,0.0774,0.004496,4.268
275656,520,454,974,212,76,21,38.94,0.9470,0.5319,0.192224,21,10,5,49.25,0.4270,0.0655,0.003875,4.496
275681,520,405,925,218,24,230,325.35,0.9808,0.5771,0.212740,20,33,16,138.55,0.5151,0.1270,0.012738,4.188
275690,520,377,897,169,113,226,305.07,0.7326,0.5984,0.257367,12,42,31,166.13,0.6982,0.1552,0.018330,4.498
275693,520,305,825,241,116,162,358.71,0.7914,0.6715,0.338028,21,61,52,175.99,0.6594,0.2290,0.037447,4.437
275712,520,411,931,252,22,57,23.04,0.9880,0.5708,0.215684,3,33,21,163.23,0.9141,0.1185,0.011612,4.312
275713,520,462,982,225,45,45,26.87,0.9448,0.5258,0.180766,9,8,12,297.40,0.1578,0.0508,0.002583,4.389
275719,520,283,803,242,132,131,21.43,0.7875,0.6908,0.370210,12,69,31,149.79,0.9577,0.2466,0.044332,4.455
275722,520,447,967,189,63,204,323.28,0.8302,0.5377,0.187348,32,8,4,34.23,0.6926,0.0775,0.004896,4.324
275745,520,467,987,203,75,38,36.35,0.8746,0.5150,0.178707,0,9,12,212.47,1.0000,0.0448,0.002219,4.380
275757,520,380,900,215,61,237,322.33,0.9322,0.5999,0.239008,52,31,2,71.13,0.8918,0.1572,0.017145,4.304
275767,520,407,927,220,60,177,340.95,0.8489,0.5708,0.216240,25,32,19,131.19,0.3393,0.1290,0.012867,4.235
275789,520,448,968,239,18,40,25.69,0.9893,0.5400,0.189399,35,2,31,333.32,0.8117,0.0826,0.004997,4.353
275796,520,378,898,249,76,39,33.51,0.9685,0.6031,0.254586,22,42,31,158.93,0.4447,0.1608,0.019254,4.398
275800,520,422,942,179,90,213,315.66,0.7529,0.5641,0.217011,22,21,53,281.46,0.5804,0.1149,0.009639,4.477
275802,520,407,927,189,98,183,329.73,0.6390,0.5731,0.229743,31,26,47,294.02,0.3795,0.1312,0.012353,4.486
275818,520,377,897,234,5,230,329.29,0.9976,0.6004,0.233167,37,34,49,293.54,0.2491,0.1589,0.017591,4.189
275838,520,361,881,231,76,200,336.86,0.8699,0.6180,0.263304,64,24,62,329.44,0.6158,0.1838,0.020912,4.418
275839,520,284,804,249,91,239,330.41,0.9743,0.6855,0.338566,67,55,40,72.78,0.2713,0.2473,0.040790,4.280
275848,520,375,895,219,33,252,320.50,0.9879,0.5988,0.231780,63,15,44,347.10,0.6882,0.1586,0.015804,4.282
275891,520,84,604,236,216,254,308.89,0.9463,0.8954,0.741007,28,116,3,140.70,0.9976,0.4082,0.127437,4.458
275893,520,460,980,212,74,0,40.26,1.0000,0.5284,0.188970,32,1,0,31.37,1.0000,0.0631,0.003288,4.484
275913,520,389,909,208,51,254,316.81,0.9948,0.5934,0.229349,17,41,26,154.71,0.6053,0.1529,0.017796,4.120
275926,520,409,929,246,54,9,32.81,0.9928,0.5737,0.222544,29,20,63,288.33,0.6702,0.1281,0.011204,4.453
275943,520,429,949,194,36,235,317.60,0.9570,0.5465,0.187307,35,17,6,52.05,0.5838,0.0996,0.007714,4.112
275945,520,412,932,229,34,180,341.56,0.9424,0.5699,0.211000,2,21,69,262.57,0.9539,0.1167,0.009788,4.365
275947,520,430,950,196,78,173,335.96,0.7233,0.5485,0.202033,33,16,35,323.16,0.4659,0.1050,0.008153,4.334
275960,520,377,897,225,72,189,338.69,0.8451,0.5978,0.243187,28,43,6,128.93,0.8768,0.1631,0.019877,4.196
275966,520,370,890,244,57,165,350.58,0.9131,0.6058,0.248791,37,41,34,131.71,0.1383,0.1715,0.020947,4.211
275968,520,448,968,178,57,236,311.80,0.9089,0.5386,0.184483,10,3,57,276.55,0.9630,0.0764,0.004250,4.322
275972,520,294,814,230,117,215,332.48,0.8260,0.6794,0.344539,65,53,43,61.67,0.2068,0.2403,0.038445,4.461
275995,520,354,874,186,108,241,309.10,0.8521,0.6204,0.275159,12,44,69,245.80,0.7018,0.1812,0.023091,4.449
275998,520,477,997,199,30,173,335.97,0.9041,0.5081,0.160897,3,1,5,310.43,0.5673,0.0222,0.000520,4.174
276009,520,402,922,216,34,228,325.24,0.9658,0.5766,0.213465,45,16,54,317.45,0.6567,0.1348,0.011949,4.253
276013,520,435,955,208,19,223,324.51,0.9807,0.5531,0.192052,5,21,35,246.21,0.6259,0.0901,0.006899,4.254
276021,520,421,941,229,57,113,6.64,0.8616,0.5582,0.207793,18,5,77,277.67,0.9630,0.1096,0.007729,4.466
276059,520,379,899,248,0,197,340.72,1.0000,0.6048,0.239909,60,21,27,12.99,0.5792,0.1551,0.015763,4.408
276081,520,455,975,223,39,93,11.10,0.9134,0.5262,0.179321,6,9,27,272.38,0.5737,0.0578,0.003132,4.316
276085,520,416,936,211,57,209,328.59,0.8899,0.5711,0.213805,1,33,33,194.83,0.9476,0.1220,0.012039,4.252
276102,520,353,873,248,29,211,337.19,0.9821,0.6198,0.255415,75,17,25,17.02,0.7562,0.1781,0.019672,4.384
276104,520,425,945,241,20,107,7.55,0.9766,0.5575,0.202659,17,22,53,273.35,0.6047,0.1130,0.009500,4.246
276126,520,345,865,186,109,248,307.36,0.9084,0.6268,0.281544,57,39,38,22.46,0.2374,0.1920,0.024609,4.444
276128,520,312,832,253,58,245,329.98,0.9928,0.6650,0.305043,88,30,13,36.69,0.8121,0.2216,0.030326,4.420
276149,520,330,850,223,82,247,321.50,0.9587,0.6402,0.284399,30,50,70,249.44,0.4191,0.2090,0.029993,4.180
276168,520,419,939,199,8,254,315.22,0.9959,0.5600,0.194730,24,3,71,285.97,0.9566,0.1052,0.007142,4.283
276171,520,422,942,201,85,163,342.20,0.6889,0.5613,0.215606,29,24,7,93.52,0.5575,0.1082,0.009298,4.479
276177,520,433,953,195,60,216,321.92,0.8736,0.5524,0.197931,40,7,40,327.85,0.7256,0.1044,0.007563,4.307
276193,520,474,994,141,82,234,296.96,0.8519,0.5186,0.176380,4,3,8,294.82,0.3663,0.0316,0.001085,4.431
276198,520,376,896,245,52,146,356.91,0.9185,0.5960,0.239470,55,11,73,313.72,0.8059,0.1595,0.015327,4.431
276208,520,396,916,201,61,238,318.13,0.9206,0.5787,0.219295,5,0,110,266.12,1.0000,0.1423,0.011579,4.373
276216,520,392,912,244,2,174,346.30,0.9982,0.5855,0.223357,41,27,60,301.80,0.5118,0.1539,0.015815,4.153
276225,520,430,950,221,44,148,350.56,0.8782,0.5452,0.193141,12,0,77,273.56,1.0000,0.0980,0.006139,4.331
276231,520,438,958,232,53,41,29.04,0.9423,0.5464,0.198651,14,18,42,273.88,0.5455,0.0932,0.006931,4.368
276236,520,358,878,234,89,170,349.06,0.8112,0.6242,0.275420,15,47,51,206.48,0.6070,0.1809,0.023735,4.413
276248,520,462,982,228,26,91,11.40,0.9569,0.5286,0.179910,12,2,34,292.99,0.8708,0.0532,0.002371,4.390
276251,520,411,931,251,17,46,24.96,0.9921,0.5658,0.211111,7,11,82,268.35,0.9679,0.1168,0.008936,4.430
276268,520,431,951,196,71,197,327.47,0.7986,0.5534,0.202750,8,1,78,270.38,0.9964,0.0984,0.006233,4.495
276269,520,472,992,222,29,102,6.77,0.9352,0.5208,0.173703,9,0,20,306.38,1.0000,0.0349,0.001086,4.379
276277,520,450,970,233,42,25,30.01,0.9718,0.5384,0.190529,17,8,32,298.22,0.6115,0.0688,0.003971,4.457
276280,520,390,910,255,15,138,359.64,1.0000,0.5946,0.234403,37,25,63,295.48,0.5748,0.1471,0.014475,4.411
276297,520,474,994,185,11,228,317.10,0.9879,0.5160,0.161564,1,5,8,229.76,0.5809,0.0340,0.001325,4.122
276308,520,348,868,236,95,162,353.59,0.8022,0.6322,0.286286,9,52,29,155.28,0.9153,0.1869,0.026027,4.423
276315,520,405,925,238,65,102,13.30,0.8787,0.5802,0.229201,11,23,76,267.83,0.8782,0.1328,0.012057,4.499
276318,520,436,956,203,32,224,322.79,0.9585,0.5507,0.191131,30,0,51,306.47,1.0000,0.0868,0.005151,4.372
276329,520,201,721,244,149,254,323.55,0.9931,0.7711,0.478856,15,80,101,225.19,0.8316,0.3112,0.067781,4.490
276347,520,441,961,164,86,223,307.62,0.7948,0.5447,0.198764,39,8,10,19.59,0.6820,0.0910,0.006270,4.421
276351,520,464,984,191,79,130,354.44,0.6509,0.5216,0.182817,8,8,5,107.47,0.1802,0.0476,0.002362,4.446
276361,520,302,822,239,104,201,339.81,0.8655,0.6665,0.324709,10,48,112,260.50,0.9058,0.2275,0.033481,4.489
276382,520,471,991,220,40,69,19.25,0.9273,0.5154,0.171656,13,0,13,328.36,1.0000,0.0354,0.001146,4.334
276385,520,440,960,229,2,170,344.18,0.9970,0.5544,0.196065,24,17,29,310.63,0.3075,0.0925,0.006838,4.329
276386,520,392,912,244,68,100,15.19,0.9127,0.5942,0.242907,42,33,22,72.03,0.2925,0.1515,0.016379,4.413
276393,520,443,963,240,21,4,29.85,0.9968,0.5411,0.190737,9,5,60,274.05,0.9538,0.0825,0.004928,4.383
276394,520,428,948,184,80,221,316.04,0.8183,0.5623,0.211492,12,28,0,132.66,1.0000,0.1028,0.009086,4.426
276395,520,371,891,205,110,157,350.29,0.5731,0.6050,0.265670,21,43,43,195.62,0.4057,0.1679,0.020615,4.470
276397,520,468,988,226,4,109,3.87,0.9927,0.5229,0.173626,2,5,17,264.35,0.6262,0.0391,0.001619,4.332
276407,520,464,984,195,62,156,341.65,0.7619,0.5180,0.174494,10,3,29,292.38,0.7860,0.0497,0.002184,4.302
276427,520,357,877,246,69,156,355.02,0.9117,0.6165,0.262525,71,18,48,349.30,0.6870,0.1798,0.019858,4.474
276431,520,436,956,242,11,45,24.56,0.9940,0.5450,0.193095,47,0,3,23.78,1.0000,0.0925,0.006110,4.332
276434,520,458,978,222,23,124,358.37,0.9462,0.5255,0.176003,19,10,10,19.01,0.2534,0.0644,0.003775,4.203
276443,520,405,925,247,48,90,15.98,0.9485,0.5802,0.226297,35,24,41,313.22,0.3488,0.1278,0.011707,4.478
276457,520,453,973,217,61,77,19.78,0.8518,0.5299,0.186275,33,0,29,333.46,1.0000,0.0744,0.004121,4.366
276469,520,235,755,230,153,197,344.65,0.6431,0.7351,0.436383,33,76,74,191.30,0.5474,0.2917,0.059864,4.427
276511,520,433,953,209,26,215,326.72,0.9657,0.5517,0.192023,3,18,60,263.51,0.9189,0.1017,0.007782,4.189
276533,520,374,894,222,14,249,322.09,0.9941,0.5950,0.226853,25,35,63,267.71,0.4854,0.1591,0.017676,4.091
276534,520,451,971,226,35,131,357.27,0.9163,0.5420,0.190122,18,12,25,304.79,0.3678,0.0733,0.004617,4.396
276541,520,353,873,222,59,246,322.12,0.9621,0.6157,0.253133,53,38,20,70.42,0.4551,0.1790,0.021937,4.214
276543,520,297,817,244,111,197,343.23,0.8831,0.6825,0.346358,47,54,86,273.63,0.3865,0.2436,0.039145,4.446
276549,520,418,938,239,0,130,359.01,1.0000,0.5562,0.199656,25,28,27,173.93,0.0597,0.1201,0.011163,4.082
276566,520,425,945,244,31,71,19.69,0.9719,0.5600,0.206714,46,8,30,348.67,0.6987,0.1108,0.008483,4.390
276573,520,432,952,232,61,18,33.89,0.9776,0.5524,0.205400,0,28,6,148.63,1.0000,0.0970,0.008436,4.371
276588,520,336,856,197,113,231,315.39,0.7970,0.6365,0.294511,12,57,5,141.11,0.9836,0.2012,0.030153,4.298
276595,520,400,920,190,84,222,317.58,0.8180,0.5771,0.225629,20,27,66,272.05,0.6581,0.1377,0.013259,4.357
276600,520,411,931,247,9,125,2.27,0.9915,0.5726,0.214537,17,32,3,131.96,0.9200,0.1192,0.011587,4.295
276611,520,443,963,199,25,226,321.31,0.9704,0.5423,0.183300,25,7,43,303.16,0.7431,0.0844,0.005331,4.216
276615,520,330,850,232,96,192,340.66,0.8192,0.6402,0.293297,52,35,96,292.19,0.6603,0.2124,0.027766,4.414
276618,520,319,839,222,86,254,319.40,0.9938,0.6480,0.293427,68,20,105,305.30,0.8192,0.2191,0.027493,4.432
276623,520,336,856,233,91,192,340.65,0.8342,0.6351,0.286140,61,35,66,320.97,0.4634,0.2019,0.025876,4.430
276633,520,397,917,227,80,110,11.76,0.7859,0.5792,0.231966,39,26,39,326.49,0.2990,0.1365,0.013166,4.464
276641,520,247,767,175,166,230,290.48,0.5915,0.7161,0.420994,28,76,28,143.42,0.9164,0.2757,0.054994,4.486
276647,520,222,742,250,141,228,335.00,0.9611,0.7528,0.449775,15,85,19,143.55,0.9809,0.3007,0.066453,4.292
276648,520,324,844,227,111,176,347.35,0.7210,0.6475,0.308365,33,52,52,195.95,0.2785,0.2078,0.030272,4.464
276657,520,420,940,226,34,174,342.68,0.9340,0.5611,0.203714,47,2,46,329.22,0.8642,0.1139,0.008451,4.341
276689,520,378,898,229,98,46,40.39,0.8874,0.5971,0.255933,0,48,0,142.50,1.0000,0.1648,0.021138,4.301
276691,520,460,980,234,25,35,26.86,0.9824,0.5315,0.183122,28,2,19,343.15,0.7692,0.0645,0.003373,4.368
276707,520,370,890,248,52,163,351.80,0.9416,0.6085,0.250601,40,12,104,286.19,0.9223,0.1722,0.017135,4.478
276709,520,476,996,177,71,169,330.68,0.7091,0.5062,0.167194,6,0,2,353.79,1.0000,0.0210,0.000431,4.307
276719,520,284,804,248,85,253,326.64,0.9926,0.6857,0.335479,70,36,115,299.40,0.7237,0.2535,0.038017,4.380
276722,520,468,988,144,71,245,297.39,0.9296,0.5161,0.170285,17,2,5,5.13,0.6650,0.0427,0.001736,4.258
276748,520,459,979,228,38,27,29.28,0.9669,0.5253,0.179623,24,0,22,331.46,1.0000,0.0555,0.002521,4.372
276756,520,331,851,251,84,150,359.96,0.9427,0.6394,0.290551,54,46,1,98.59,0.9708,0.1993,0.027405,4.400
276772,520,441,961,224,37,136,355.16,0.9057,0.5413,0.189507,30,16,15,24.02,0.3158,0.0923,0.006811,4.216
276780,520,380,900,230,80,162,350.28,0.8021,0.6027,0.251715,25,37,63,264.40,0.4676,0.1645,0.018886,4.380
276783,520,224,744,193,167,251,297.80,0.8624,0.7463,0.459401,18,84,19,143.13,0.9753,0.2981,0.065160,4.423
276787,520,427,947,227,24,184,339.75,0.9642,0.5638,0.204475,17,10,64,279.23,0.8781,0.1006,0.007064,4.459
276814,520,285,805,253,80,251,328.42,0.9931,0.6873,0.335878,94,38,14,41.76,0.7907,0.2472,0.037980,4.386
276819,520,390,910,211,30,254,318.08,0.9956,0.5860,0.219349,63,10,33,358.90,0.7528,0.1477,0.013838,4.219
276822,520,385,905,231,45,194,338.07,0.9315,0.5876,0.227634,41,33,25,66.80,0.2188,0.1510,0.016293,4.188
276824,520,328,848,244,81,212,336.67,0.9328,0.6514,0.298742,60,46,7,88.00,0.8221,0.2079,0.029301,4.398
276837,520,373,893,233,33,212,333.50,0.9685,0.5951,0.231674,9,39,62,245.52,0.7166,0.1606,0.018568,4.108
276843,520,464,984,230,1,41,24.46,0.9993,0.5165,0.170079,15,3,23,311.24,0.7063,0.0507,0.002286,4.209
276853,520,451,971,241,5,6,29.03,0.9979,0.5391,0.188259,26,4,25,329.48,0.6944,0.0683,0.003767,4.431
276854,520,403,923,248,20,135,359.49,0.9798,0.5808,0.222095,2,9,98,265.15,0.9877,0.1333,0.010900,4.468
276855,520,418,938,222,80,74,26.08,0.8219,0.5619,0.217639,32,28,11,96.46,0.4821,0.1232,0.011618,4.344
276857,520,461,981,158,75,236,303.68,0.8759,0.5313,0.183579,22,3,10,356.29,0.6518,0.0538,0.002576,4.443
276861,520,39,559,250,244,163,104.53,0.9132,0.9461,0.876703,57,125,23,137.75,0.9695,0.4499,0.155985,4.499
276870,520,464,984,140,79,238,296.26,0.8790,0.5163,0.173406,12,7,12,326.33,0.2457,0.0513,0.002567,4.250
276880,520,468,988,196,62,152,343.56,0.7601,0.5178,0.174498,3,6,7,215.90,0.2404,0.0385,0.001649,4.347
276885,520,448,968,150,84,242,298.57,0.8899,0.5390,0.192357,13,18,16,169.10,0.1466,0.0787,0.005556,4.362
276894,520,333,853,248,89,135,6.20,0.9034,0.6353,0.288536,61,39,51,345.73,0.3001,0.2029,0.026822,4.407
276898,520,437,957,234,9,130,358.24,0.9867,0.5479,0.193025,30,5,45,309.70,0.7948,0.0895,0.005740,4.360
276904,520,385,905,217,14,254,319.78,0.9961,0.5906,0.222235,66,10,30,4.30,0.7712,0.1528,0.014693,4.208
276908,520,476,996,161,77,197,314.38,0.7344,0.5084,0.169168,2,0,13,287.44,1.0000,0.0215,0.000420,4.347
276923,520,356,876,253,34,192,343.47,0.9867,0.6208,0.258358,40,45,9,116.80,0.7621,0.1809,0.023476,4.197
276930,520,466,986,215,60,0,36.15,1.0000,0.5169,0.176813,10,1,30,294.17,0.9120,0.0458,0.001800,4.379
276946,520,412,932,174,78,251,305.79,0.9641,0.5685,0.214132,25,30,9,120.56,0.5869,0.1209,0.011549,4.291
276948,520,384,904,209,38,253,317.62,0.9908,0.5859,0.220351,25,16,97,276.52,0.9261,0.1539,0.014403,4.198
276954,520,474,994,221,1,122,358.24,0.9977,0.5165,0.168017,1,1,19,271.44,0.9479,0.0277,0.000752,4.296
276971,520,459,979,143,89,228,297.81,0.8049,0.5272,0.185860,29,1,12,357.35,0.8381,0.0614,0.003095,4.442
276974,520,383,903,211,61,249,318.41,0.9696,0.6023,0.240276,40,29,42,321.16,0.2697,0.1463,0.014970,4.468
276983,520,454,974,174,62,231,311.37,0.8849,0.5337,0.182143,13,3,49,283.50,0.9231,0.0701,0.003724,4.321
276987,520,395,915,219,27,240,323.25,0.9821,0.5872,0.221373,38,23,55,303.81,0.5346,0.1383,0.013007,4.307
276991,520,351,871,193,127,175,337.27,0.4686,0.6277,0.296124,2,52,54,199.08,0.9508,0.1939,0.027351,4.475
277004,520,364,884,234,65,198,337.99,0.8984,0.6110,0.253528,5,49,25,154.24,0.9552,0.1742,0.022990,4.159
277012,520,451,971,188,28,239,315.17,0.9711,0.5360,0.177551,11,10,37,280.34,0.6593,0.0707,0.004218,4.197
277047,520,418,938,149,107,213,300.09,0.6733,0.5554,0.217092,18,29,26,175.94,0.2527,0.1165,0.010819,4.392
277049,520,429,949,229,62,9,34.99,0.9883,0.5472,0.201259,29,11,54,298.28,0.7431,0.1047,0.007669,4.357
277061,520,478,998,206,33,153,344.60,0.8870,0.5118,0.165115,6,1,2,3.56,0.5657,0.0248,0.000648,4.247
277072,520,399,919,236,53,156,351.66,0.8937,0.5838,0.227823,64,5,11,21.73,0.9132,0.1379,0.012229,4.465
277079,520,480,1000,187,3,223,318.92,0.9962,0.5134,0.159590,0,0,0,0.00,0.0000,0.0000,0.000000,4.192
277081,520,406,926,186,85,229,314.29,0.8389,0.5775,0.225943,34,22,57,296.91,0.5727,0.1328,0.012093,4.444
277083,520,447,967,219,44,141,352.64,0.8709,0.5384,0.187870,8,13,49,271.22,0.8096,0.0842,0.005612,4.277
277091,520,430,950,194,54,222,320.24,0.9003,0.5496,0.193830,42,9,29,346.43,0.6521,0.1045,0.007764,4.221
277113,520,436,956,219,8,196,334.33,0.9894,0.5516,0.192216,10,20,37,260.49,0.4981,0.0919,0.006984,4.251
277116,520,439,959,233,25,129,358.87,0.9559,0.5503,0.196069,26,16,17,12.18,0.2254,0.0877,0.006307,4.370
277123,520,280,800,225,119,239,322.82,0.8939,0.6883,0.354349,31,63,76,226.59,0.4791,0.2516,0.043680,4.316
277125,520,401,921,237,38,165,348.17,0.9376,0.5796,0.221103,28,23,67,283.74,0.6646,0.1366,0.012649,4.327
277127,520,454,974,220,52,83,16.14,0.8780,0.5281,0.182988,26,10,12,12.51,0.4060,0.0740,0.004633,4.265
277131,520,361,881,253,43,189,344.51,0.9855,0.6239,0.262879,63,26,45,349.94,0.5198,0.1763,0.019852,4.479
277153,520,466,986,187,7,225,318.41,0.9917,0.5159,0.161543,2,3,43,268.40,0.9696,0.0549,0.002524,4.028
277173,520,382,902,223,49,239,324.21,0.9584,0.6049,0.241187,18,27,90,270.15,0.8699,0.1598,0.016506,4.378
277174,520,369,889,237,63,189,341.46,0.8987,0.6096,0.252364,32,28,83,280.94,0.7115,0.1654,0.017621,4.471
277195,520,423,943,250,18,47,24.78,0.9912,0.5641,0.209655,48,7,26,356.20,0.7290,0.1115,0.008550,4.435
277208,520,478,998,188,66,151,341.76,0.7250,0.5081,0.168237,6,0,5,332.72,1.0000,0.0228,0.000497,4.322
277219,520,358,878,248,89,29,38.27,0.9673,0.6167,0.271933,68,30,1,53.19,0.9463,0.1820,0.021599,4.496
277229,520,453,973,227,43,0,32.44,1.0000,0.5256,0.180616,16,15,5,103.90,0.4401,0.0708,0.004628,4.222
277237,520,376,896,228,35,235,326.56,0.9753,0.6024,0.236965,27,17,98,277.50,0.9159,0.1582,0.015157,4.404
277242,520,414,934,249,45,37,28.64,0.9770,0.5744,0.221537,10,32,19,155.54,0.6705,0.1183,0.011445,4.419
277243,520,462,982,192,24,225,319.63,0.9690,0.5294,0.172974,19,3,10,351.26,0.6114,0.0496,0.002255,4.267
277261,520,384,904,217,23,254,319.70,0.9959,0.5931,0.225222,45,26,49,320.47,0.4327,0.1501,0.015185,4.222
277265,520,425,945,204,3,245,318.50,0.9982,0.5597,0.194967,29,14,55,296.11,0.7011,0.1103,0.008511,4.187
277277,520,415,935,232,51,145,354.54,0.8843,0.5701,0.215706,28,20,57,289.65,0.6178,0.1219,0.010426,4.397
277287,520,426,946,163,92,231,304.64,0.8137,0.5586,0.212108,0,28,46,240.08,1.0000,0.1136,0.010277,4.348
277291,520,449,969,240,2,50,23.13,0.9988,0.5393,0.188023,10,6,41,281.06,0.8157,0.0657,0.003549,4.445
277296,520,457,977,222,47,94,11.53,0.8861,0.5304,0.183735,6,6,35,276.16,0.7992,0.0574,0.002903,4.418
277303,520,447,967,228,43,100,9.69,0.9079,0.5410,0.191447,14,17,26,270.11,0.2567,0.0811,0.005688,4.336
277307,520,479,999,208,32,150,346.14,0.8931,0.5136,0.166471,3,0,0,29.23,1.0000,0.0143,0.000194,4.313
277308,520,471,991,212,55,113,3.33,0.8162,0.5237,0.179240,13,0,15,324.27,1.0000,0.0364,0.001201,4.477
277314,520,472,992,219,46,58,23.45,0.9231,0.5161,0.173222,2,3,8,269.89,0.4207,0.0292,0.000956,4.381
277322,520,333,853,248,36,233,331.73,0.9828,0.6361,0.271044,32,52,19,134.56,0.7154,0.1971,0.028100,4.111
277334,520,332,852,226,77,248,322.25,0.9666,0.6401,0.282558,70,32,42,4.57,0.4745,0.1985,0.025025,4.433
277342,520,330,850,231,61,254,322.56,0.9957,0.6373,0.274844,38,48,71,265.89,0.3441,0.2101,0.029808,4.070
277356,520,474,994,222,22,111,3.05,0.9517,0.5204,0.172538,8,1,6,336.12,0.6615,0.0293,0.000865,4.375
277361,520,408,928,222,46,196,335.25,0.9166,0.5734,0.214714,41,3,75,301.02,0.9395,0.1311,0.010446,4.379
277362,520,466,986,198,72,114,3.06,0.7060,0.5179,0.178573,5,6,32,274.64,0.7766,0.0541,0.002668,4.340
277413,520,379,899,237,89,32,38.91,0.9474,0.5968,0.252565,24,34,72,269.87,0.6026,0.1627,0.018061,4.446
277415,520,434,954,217,78,53,32.42,0.8602,0.5468,0.204600,1,12,74,264.52,0.9697,0.1049,0.007637,4.417
277424,520,393,913,237,11,208,335.42,0.9926,0.5927,0.228007,8,40,11,144.90,0.9425,0.1418,0.015933,4.217
277430,520,234,754,207,157,245,309.62,0.8190,0.7374,0.439726,50,73,72,192.65,0.2549,0.2925,0.059109,4.488
277436,520,434,954,216,41,188,336.01,0.9107,0.5546,0.198179,27,13,47,299.43,0.6527,0.0997,0.007261,4.334
277450,520,418,938,198,85,177,335.30,0.7063,0.5635,0.216787,0,31,35,206.89,1.0000,0.1162,0.011013,4.373
277469,520,432,952,143,92,249,293.71,0.9315,0.5492,0.203335,37,13,14,18.93,0.5131,0.0968,0.007129,4.434
277477,520,450,970,230,53,17,32.60,0.9797,0.5406,0.194126,0,16,23,224.19,1.0000,0.0668,0.004324,4.494
277517,520,458,978,211,6,180,336.87,0.9875,0.5264,0.172766,2,14,23,237.78,0.6909,0.0634,0.003888,4.134
277530,520,225,745,243,157,178,3.88,0.7273,0.7528,0.463851,9,80,86,204.01,0.9018,0.3019,0.064670,4.481
277531,520,392,912,202,105,143,356.55,0.5680,0.5864,0.246445,53,29,6,61.13,0.7394,0.1547,0.016489,4.459
277535,520,399,919,187,69,254,309.96,0.9923,0.5783,0.219778,10,26,73,265.56,0.8481,0.1359,0.012843,4.293
277536,520,458,978,216,57,117,2.71,0.8192,0.5347,0.188120,25,5,0,46.13,1.0000,0.0595,0.003152,4.480
277561,520,346,866,208,88,248,316.59,0.9506,0.6259,0.271681,33,47,46,190.70,0.2108,0.1901,0.025536,4.259
277568,520,375,895,255,56,87,18.59,1.0000,0.6016,0.247802,25,40,43,211.41,0.2703,0.1615,0.018986,4.317
277570,520,432,952,206,74,142,351.88,0.7290,0.5453,0.199743,42,9,3,35.26,0.8302,0.0965,0.006943,4.386
277575,520,441,961,239,0,85,13.68,1.0000,0.5428,0.190099,20,13,50,286.68,0.7001,0.0945,0.006668,4.237
277577,520,419,939,145,97,245,294.30,0.8871,0.5564,0.211617,12,14,71,272.05,0.9118,0.1109,0.008471,4.474
277607,520,452,972,226,13,122,359.53,0.9756,0.5295,0.178645,20,15,1,93.93,0.8495,0.0740,0.004926,4.163
277609,520,476,996,176,59,195,321.74,0.8096,0.5065,0.162993,3,0,3,328.36,1.0000,0.0167,0.000259,4.238
277611,520,383,903,204,88,217,323.54,0.8141,0.5998,0.248281,15,40,29,163.00,0.5943,0.1495,0.017078,4.447
277614,520,394,914,214,44,239,321.95,0.9590,0.5869,0.223314,17,34,48,244.80,0.4482,0.1410,0.014766,4.220
277616,520,468,988,232,15,29,27.14,0.9911,0.5231,0.175893,8,4,14,304.54,0.4704,0.0412,0.001702,4.369
277626,520,459,979,222,31,120,0.24,0.9223,0.5277,0.178683,7,7,29,278.89,0.6520,0.0558,0.002858,4.326
277636,520,412,932,239,59,58,26.31,0.9306,0.5678,0.217873,21,29,30,205.73,0.1629,0.1205,0.011319,4.369
277649,520,346,866,200,102,239,315.27,0.8715,0.6281,0.280153,59,39,9,73.60,0.7346,0.1885,0.024007,4.461
277658,520,452,972,226,11,130,356.68,0.9791,0.5321,0.180226,34,1,12,2.52,0.8722,0.0703,0.003884,4.273
277663,520,469,989,221,52,39,29.30,0.9331,0.5230,0.179773,2,6,4,165.27,0.4303,0.0363,0.001519,4.460
277678,520,445,965,186,64,208,321.13,0.8331,0.5368,0.186612,12,14,38,276.65,0.5793,0.0800,0.005322,4.277
277683,520,307,827,215,123,219,325.62,0.7480,0.6704,0.337289,15,56,93,249.72,0.7561,0.2344,0.037200,4.441
277690,520,388,908,239,9,203,337.18,0.9937,0.5931,0.228608,13,35,61,254.14,0.6372,0.1502,0.016245,4.206
277696,520,373,893,227,84,148,355.84,0.7676,0.5969,0.248122,55,28,2,60.85,0.8781,0.1551,0.016472,4.485
277698,520,220,740,198,176,193,333.69,0.2191,0.7454,0.469071,31,85,2,138.15,0.9961,0.3049,0.067925,4.402
277700,520,380,900,215,85,197,333.46,0.7949,0.6011,0.249772,52,30,10,60.55,0.6364,0.1560,0.016806,4.487
277701,520,473,993,220,30,121,359.41,0.9214,0.5236,0.175273,12,1,2,14.06,0.7365,0.0323,0.001043,4.413
277706,520,283,803,199,149,202,324.60,0.4813,0.6914,0.379021,10,71,31,149.68,0.9687,0.2529,0.046697,4.437
277713,520,373,893,235,24,221,331.67,0.9839,0.6007,0.235385,46,35,15,81.04,0.5129,0.1605,0.018174,4.186
277718,520,444,964,199,24,221,322.55,0.9687,0.5380,0.180175,20,17,7,93.77,0.3839,0.0802,0.005650,4.136
277729,520,407,927,217,51,205,331.38,0.9080,0.5738,0.215293,39,18,55,308.00,0.6258,0.1301,0.011398,4.321
277731,520,357,877,229,57,238,325.86,0.9523,0.6199,0.257596,75,12,50,348.66,0.7675,0.1819,0.019893,4.401
277739,520,390,910,253,48,62,24.18,0.9895,0.5873,0.233481,61,10,48,340.16,0.7499,0.1511,0.014227,4.414
277740,520,477,997,129,91,226,292.15,0.7949,0.5133,0.176402,0,2,4,233.51,1.0000,0.0210,0.000522,4.481
277744,520,407,927,236,24,158,349.78,0.9644,0.5678,0.209577,55,11,10,25.71,0.7947,0.1260,0.010736,4.274
277761,520,352,872,241,93,114,14.95,0.8486,0.6224,0.277473,56,39,26,58.32,0.3608,0.1871,0.023665,4.445
277795,520,474,994,164,38,253,304.75,0.9895,0.5179,0.163712,6,1,4,340.42,0.5906,0.0259,0.000692,4.216
277823,520,453,973,225,27,112,3.51,0.9419,0.5291,0.179640,24,11,17,350.88,0.3451,0.0748,0.004740,4.195
277840,520,331,851,254,89,112,15.98,0.9859,0.6395,0.293889,40,51,31,131.72,0.3803,0.2033,0.029177,4.343
277844,520,398,918,211,106,39,48.83,0.8484,0.5796,0.243055,9,39,27,163.64,0.7610,0.1428,0.015882,4.448
277862,520,12,532,255,249,255,325.65,1.0000,0.9865,0.962315,29,134,65,149.76,0.9624,0.4742,0.176923,4.461
277886,520,480,1000,182,35,220,317.70,0.9367,0.5146,0.163157,0,0,0,0.00,0.0000,0.0000,0.000000,4.263
277897,520,379,899,234,15,221,331.45,0.9911,0.5963,0.230572,66,2,63,330.53,0.9076,0.1625,0.015607,4.277
277899,520,468,988,191,26,218,321.03,0.9592,0.5231,0.168786,3,7,11,239.89,0.3499,0.0425,0.001955,4.211
277900,520,263,783,235,130,217,333.78,0.8399,0.7086,0.386392,20,73,25,144.74,0.9490,0.2618,0.049838,4.371
277925,520,417,937,207,38,231,322.09,0.9566,0.5658,0.204229,48,10,41,335.91,0.6966,0.1228,0.010056,4.233
277926,520,400,920,236,67,118,7.26,0.8543,0.5829,0.231581,35,30,26,60.93,0.1228,0.1360,0.013605,4.427
277929,520,346,866,232,109,90,30.57,0.7980,0.6262,0.288339,13,48,64,231.79,0.6871,0.1903,0.025695,4.470
277964,520,358,878,252,22,205,339.58,0.9882,0.6213,0.256803,38,2,122,280.99,0.9929,0.1844,0.018606,4.472
277970,520,414,934,214,59,198,332.61,0.8704,0.5711,0.215033,8,21,69,266.68,0.8804,0.1199,0.010176,4.404
277971,520,423,943,190,61,237,315.09,0.9113,0.5611,0.204003,11,24,45,259.57,0.5601,0.1080,0.009138,4.295
277985,520,443,963,233,28,91,12.21,0.9586,0.5399,0.189125,4,21,19,185.65,0.6314,0.0816,0.006091,4.263
277997,520,420,940,186,68,236,313.71,0.8972,0.5617,0.206306,36,18,19,16.40,0.3588,0.1064,0.008547,4.378
278001,520,426,946,226,40,170,344.10,0.9148,0.5625,0.205912,29,22,28,330.92,0.1805,0.1094,0.009189,4.324
278015,520,471,991,172,54,224,312.84,0.8891,0.5170,0.167917,1,5,23,262.91,0.8564,0.0417,0.001768,4.209
278016,520,407,927,188,98,171,334.71,0.6035,0.5655,0.223683,17,35,3,133.63,0.9423,0.1288,0.013278,4.325
278018,520,461,981,183,26,247,312.03,0.9776,0.5341,0.175226,18,5,0,56.99,1.0000,0.0495,0.002372,4.301
278034,520,236,756,226,145,242,320.83,0.8779,0.7353,0.428318,65,67,80,278.41,0.1437,0.2924,0.057173,4.463
278039,520,415,935,248,37,40,27.30,0.9759,0.5675,0.214364,32,26,8,91.33,0.5572,0.1173,0.010634,4.360
278053,520,423,943,236,62,5,34.86,0.9944,0.5609,0.212922,8,25,49,257.29,0.6628,0.1118,0.009686,4.405
278054,520,473,993,208,53,117,0.55,0.8109,0.5155,0.172427,11,0,1,15.48,1.0000,0.0273,0.000734,4.384
278066,520,344,864,230,72,237,326.14,0.9333,0.6341,0.275744,64,32,49,347.94,0.4370,0.1914,0.023449,4.435
278092,520,243,763,228,138,251,319.23,0.9621,0.7302,0.416375,29,76,57,164.09,0.6892,0.2833,0.057253,4.348
278096,520,391,911,210,75,214,326.64,0.8528,0.5909,0.235906,29,36,37,207.05,0.1180,0.1505,0.016565,4.295
278103,520,337,857,254,77,153,358.50,0.9857,0.6380,0.286819,11,56,3,140.77,0.9899,0.1971,0.029060,4.260
278123,520,456,976,231,12,107,5.66,0.9822,0.5345,0.183164,13,12,15,300.83,0.1005,0.0640,0.003830,4.331
278179,520,109,629,234,208,230,330.97,0.4946,0.8668,0.683180,40,109,23,140.22,0.9691,0.3903,0.114499,4.457
278182,520,327,847,233,110,167,353.11,0.7502,0.6515,0.312679,15,53,69,229.67,0.6882,0.2094,0.030773,4.490
278219,520,420,940,248,20,38,26.38,0.9902,0.5596,0.206003,27,23,24,0.75,0.0791,0.1079,0.009118,4.330
278234,520,399,919,240,57,122,5.05,0.8916,0.5821,0.228598,42,27,21,42.70,0.3044,0.1361,0.013303,4.401
278273,520,389,909,213,110,70,41.29,0.7251,0.5937,0.257423,2,44,13,147.99,0.9877,0.1533,0.018432,4.492
278308,520,388,908,242,13,182,343.65,0.9888,0.5879,0.225456,13,25,89,268.17,0.9053,0.1519,0.015020,4.236
278317,520,449,969,230,17,116,2.52,0.9715,0.5367,0.184878,7,7,43,274.93,0.8545,0.0670,0.003715,4.373
278351,520,448,968,216,54,144,351.51,0.8298,0.5422,0.192532,26,1,51,301.00,0.9557,0.0829,0.004804,4.425
278367,520,411,931,247,2,135,358.91,0.9980,0.5747,0.215703,47,12,24,1.98,0.6263,0.1157,0.009333,4.478
278411,520,381,901,224,76,184,340.27,0.8227,0.5980,0.244792,34,22,91,283.15,0.8157,0.1643,0.016692,4.420
278417,520,220,740,193,170,241,298.90,0.7111,0.7477,0.464379,22,79,86,206.82,0.7357,0.3021,0.064341,4.499
278422,520,317,837,202,115,250,312.05,0.9388,0.6581,0.317212,4,64,6,143.09,0.9926,0.2235,0.037056,4.218
278431,520,452,972,233,24,47,24.45,0.9805,0.5302,0.181853,8,12,38,272.55,0.6726,0.0731,0.004545,4.251
278437,520,460,980,188,81,144,346.50,0.6434,0.5255,0.185913,2,13,18,223.90,0.6501,0.0585,0.003444,4.414
278438,520,366,886,243,29,208,336.86,0.9785,0.6090,0.244905,12,47,32,161.87,0.7835,0.1720,0.022154,4.087
278449,520,339,859,255,43,216,337.55,1.0000,0.6418,0.279489,14,53,45,176.90,0.7320,0.1972,0.028289,4.209
278470,520,338,858,238,50,255,324.25,1.0000,0.6414,0.276808,44,36,88,286.69,0.6117,0.1986,0.025018,4.356
278476,520,374,894,193,94,233,315.01,0.8454,0.6027,0.252272,26,31,76,274.49,0.6567,0.1603,0.017213,4.497
278482,520,373,893,244,23,195,340.53,0.9818,0.6013,0.237891,64,2,63,329.05,0.9079,0.1586,0.014924,4.434
278488,520,472,992,135,84,241,293.23,0.8875,0.5208,0.178424,6,2,11,307.90,0.5912,0.0323,0.001063,4.473
278493,520,335,855,227,100,186,341.80,0.7703,0.6351,0.289926,62,40,20,61.87,0.5227,0.1971,0.025923,4.477
278501,520,404,924,219,57,195,334.87,0.8810,0.5762,0.219287,39,13,65,302.52,0.7667,0.1305,0.011009,4.414
278503,520,259,779,240,128,217,335.39,0.8774,0.7122,0.389756,13,76,1,140.99,0.9983,0.2675,0.052564,4.288
278521,520,367,887,222,74,208,331.90,0.8673,0.6055,0.249834,42,40,24,101.95,0.3302,0.1711,0.020758,4.237
278522,520,250,770,240,137,198,344.65,0.7969,0.7192,0.404960,45,71,35,137.53,0.6212,0.2709,0.051856,4.467
278528,520,449,969,192,58,208,323.24,0.8583,0.5401,0.187881,13,2,52,282.51,0.9558,0.0714,0.003769,4.424
278538,520,447,967,183,78,195,323.46,0.7484,0.5409,0.194574,37,4,7,18.59,0.7968,0.0800,0.004956,4.450
278544,520,375,895,205,62,254,315.60,0.9940,0.5978,0.235816,71,1,34,359.66,0.9525,0.1557,0.014770,4.413
278547,520,456,976,215,29,154,346.41,0.9191,0.5274,0.176613,15,12,8,75.73,0.1833,0.0637,0.003820,4.211
278552,520,466,986,226,4,100,7.02,0.9932,0.5202,0.171785,13,4,22,306.55,0.6348,0.0502,0.002303,4.240
278595,520,391,911,241,73,86,20.80,0.9033,0.5908,0.241409,64,16,19,20.59,0.7268,0.1528,0.015078,4.478
278604,520,325,845,226,93,241,323.52,0.9294,0.6540,0.303503,30,57,5,133.68,0.9621,0.2103,0.032132,4.304
278607,520,411,931,217,42,214,328.97,0.9398,0.5732,0.212648,43,18,23,8.34,0.4549,0.1186,0.010081,4.372
278620,520,440,960,238,28,90,13.17,0.9646,0.5500,0.197491,11,12,54,274.58,0.8345,0.0890,0.006004,4.419
278632,520,355,875,182,108,244,306.90,0.8699,0.6174,0.272025,5,50,38,170.33,0.9180,0.1815,0.024533,4.321
278634,520,360,880,253,48,183,346.42,0.9841,0.6240,0.264188,47,35,66,300.69,0.4373,0.1832,0.021998,4.364
278645,520,410,930,250,42,36,28.46,0.9809,0.5743,0.221109,47,2,69,310.57,0.9400,0.1332,0.010775,4.461
278653,520,361,881,235,99,101,21.91,0.8137,0.6176,0.275282,12,52,11,142.78,0.9588,0.1845,0.025582,4.304
278662,520,410,930,253,11,21,28.21,0.9962,0.5667,0.211799,64,1,6,23.82,0.9848,0.1324,0.011250,4.274
278663,520,475,995,231,7,17,28.24,0.9962,0.5182,0.171845,7,0,13,313.25,1.0000,0.0283,0.000742,4.372
278682,520,173,693,203,200,155,104.46,0.3943,0.7951,0.563719,7,97,25,145.02,0.9930,0.3410,0.086644,4.491
278683,520,407,927,220,88,79,26.84,0.7804,0.5706,0.227620,13,32,38,220.63,0.4596,0.1273,0.012585,4.436
278685,520,313,833,229,114,185,344.20,0.7422,0.6591,0.321976,31,58,36,148.82,0.5577,0.2195,0.034447,4.405
278701,520,456,976,211,49,140,351.46,0.8328,0.5267,0.179412,0,14,21,225.88,1.0000,0.0607,0.003682,4.274
278707,520,372,892,254,67,67,25.78,0.9937,0.6061,0.254940,32,44,15,128.05,0.6514,0.1710,0.021429,4.269
278710,520,474,994,222,36,72,17.98,0.9374,0.5174,0.172620,1,4,7,237.16,0.5309,0.0306,0.001086,4.358
278713,520,402,922,200,56,250,315.30,0.9729,0.5819,0.220112,38,23,33,339.72,0.3058,0.1255,0.011347,4.403
278739,520,348,868,224,67,255,320.38,1.0000,0.6321,0.270836,35,34,95,278.43,0.7179,0.1920,0.023275,4.378
278751,520,437,957,233,12,130,358.11,0.9817,0.5465,0.192013,41,4,21,356.12,0.7635,0.0918,0.006125,4.312
278762,520,457,977,223,44,78,17.04,0.9133,0.5263,0.180421,8,2,48,277.76,0.9626,0.0631,0.003084,4.341
278782,520,353,873,253,55,151,356.96,0.9793,0.6153,0.258529,1,36,96,260.26,0.9852,0.1792,0.021126,4.338
278797,520,465,985,149,66,246,299.43,0.9402,0.5170,0.169401,4,12,3,140.47,0.7009,0.0527,0.002953,4.143
278801,520,457,977,212,41,157,345.02,0.8723,0.5304,0.180195,1,16,3,147.53,0.9685,0.0606,0.003836,4.276
278803,520,409,929,228,54,167,346.10,0.8768,0.5748,0.219249,9,10,92,268.73,0.9769,0.1296,0.010478,4.452
278809,520,439,959,214,66,133,356.74,0.7806,0.5463,0.198883,31,8,34,322.93,0.6468,0.0879,0.005805,4.460
278811,520,323,843,249,96,156,359.04,0.9061,0.6530,0.309089,61,48,0,92.40,1.0000,0.2140,0.031061,4.430
278830,520,371,891,228,95,134,4.60,0.7422,0.6088,0.264021,9,47,13,144.87,0.9549,0.1664,0.021201,4.410
278838,520,368,888,250,62,125,6.14,0.9499,0.6065,0.252533,57,13,81,310.15,0.8130,0.1719,0.017519,4.481
278851,520,372,892,223,102,126,9.82,0.6943,0.6088,0.266994,14,48,11,141.99,0.9417,0.1715,0.022314,4.384
278855,520,338,858,196,126,197,326.36,0.5690,0.6397,0.306898,15,54,53,192.75,0.6860,0.2042,0.029968,4.463
278859,520,437,957,201,55,211,325.19,0.8843,0.5541,0.198547,38,8,2,37.39,0.8456,0.0874,0.005902,4.446
278862,520,475,995,214,46,128,356.62,0.8497,0.5250,0.178110,9,0,18,309.66,1.0000,0.0336,0.001018,4.471
278870,520,468,988,195,60,155,341.93,0.7686,0.5153,0.172021,4,0,32,278.97,1.0000,0.0391,0.001301,4.328
278882,520,368,888,181,101,250,306.07,0.9362,0.6092,0.260339,12,40,63,246.59,0.6673,0.1654,0.019545,4.462
278902,520,479,999,167,22,254,305.99,0.9953,0.5148,0.159458,0,0,8,264.05,1.0000,0.0143,0.000175,4.175
278905,520,348,868,247,63,186,344.75,0.9388,0.6258,0.268774,35,32,100,278.53,0.7695,0.1929,0.023104,4.361
278914,520,468,988,172,73,201,317.79,0.7708,0.5215,0.177537,1,3,31,266.94,0.9493,0.0427,0.001705,4.401
278921,520,423,943,235,10,160,348.68,0.9869,0.5628,0.204203,30,14,55,297.50,0.6995,0.1115,0.008659,4.334
278925,520,376,896,189,93,235,313.18,0.8523,0.5971,0.246467,11,43,35,173.71,0.7093,0.1594,0.019202,4.284
278929,520,472,992,226,16,103,6.36,0.9724,0.5240,0.175215,9,1,1,23.79,0.7237,0.0282,0.000820,4.432
278947,520,464,984,182,59,202,321.71,0.8308,0.5209,0.173385,18,3,11,346.15,0.6018,0.0486,0.002179,4.281
278960,520,468,988,229,11,75,15.98,0.9877,0.5219,0.174083,12,1,26,302.93,0.8766,0.0447,0.001745,4.331
278965,520,461,981,176,29,248,309.71,0.9733,0.5257,0.168871,11,0,34,293.33,1.0000,0.0478,0.001866,4.220
278974,520,456,976,215,41,147,349.33,0.8735,0.5312,0.181419,5,9,25,268.66,0.5574,0.0558,0.002978,4.368
278976,520,407,927,214,29,232,323.82,0.9743,0.5737,0.210030,64,2,10,20.85,0.9620,0.1343,0.011555,4.224
278987,520,447,967,203,7,224,323.03,0.9930,0.5423,0.182320,18,8,48,288.05,0.7814,0.0825,0.005157,4.212
278999,520,416,936,239,35,132,359.48,0.9416,0.5681,0.212219,33,0,80,291.48,1.0000,0.1224,0.009025,4.442
279009,520,425,945,230,58,120,4.23,0.8586,0.5633,0.212080,29,21,30,322.63,0.2382,0.1079,0.008913,4.449
279014,520,343,863,246,10,240,329.69,0.9970,0.6291,0.261041,73,5,81,323.07,0.8833,0.1925,0.021193,4.369
279027,520,453,973,207,5,193,332.12,0.9909,0.5269,0.172262,31,6,8,17.48,0.6473,0.0733,0.004391,4.086
279041,520,474,994,179,69,189,324.30,0.7634,0.5190,0.175153,3,2,21,279.38,0.8304,0.0346,0.001169,4.400
279043,520,474,994,222,29,111,3.45,0.9313,0.5236,0.175587,9,2,4,357.28,0.4900,0.0326,0.001103,4.414
279051,520,463,983,219,48,109,5.37,0.8628,0.5296,0.182807,1,13,1,142.97,0.9737,0.0520,0.002965,4.395
279055,520,444,964,183,39,241,312.98,0.9537,0.5359,0.178703,38,4,2,30.39,0.8994,0.0806,0.005034,4.156
279059,520,452,972,204,18,207,327.51,0.9730,0.5343,0.177768,7,9,39,274.04,0.7650,0.0674,0.003870,4.228
279066,520,424,944,207,70,170,340.23,0.7754,0.5551,0.205499,34,18,26,348.63,0.3391,0.1060,0.008473,4.370
279079,520,453,973,221,58,38,30.68,0.9306,0.5288,0.185409,17,14,1,99.79,0.8343,0.0684,0.004354,4.331
279080,520,441,961,198,73,165,339.57,0.7356,0.5410,0.194892,32,10,37,319.88,0.6260,0.0944,0.006578,4.328
279091,520,465,985,107,97,242,280.77,0.8953,0.5167,0.180855,18,5,12,346.11,0.4714,0.0535,0.002637,4.386
279092,520,432,952,196,87,150,346.93,0.6452,0.5503,0.207558,30,21,6,79.43,0.5674,0.1017,0.008255,4.421
279096,520,398,918,244,60,22,32.81,0.9787,0.5755,0.225261,35,33,11,104.06,0.5656,0.1405,0.014692,4.255
279099,520,318,838,237,82,244,326.06,0.9565,0.6598,0.305731,67,44,29,53.71,0.4092,0.2163,0.030835,4.401
279114,520,432,952,146,104,212,299.55,0.6790,0.5456,0.207653,28,12,50,299.25,0.6971,0.1017,0.007401,4.489
279134,520,445,965,209,13,197,331.53,0.9793,0.5350,0.178764,13,18,25,256.84,0.2363,0.0823,0.005884,4.094
279144,520,258,778,235,145,158,10.68,0.6612,0.7126,0.403837,49,72,18,129.63,0.8480,0.2745,0.053313,4.393
279154,520,474,994,208,0,179,336.38,1.0000,0.5188,0.166667,2,4,6,240.75,0.2914,0.0314,0.001129,4.238
279163,520,469,989,140,83,237,295.90,0.8651,0.5215,0.178765,7,4,4,18.44,0.1816,0.0362,0.001408,4.450
279176,520,401,921,228,28,207,333.60,0.9696,0.5809,0.218320,33,28,54,291.22,0.4306,0.1427,0.014202,4.179
279182,520,280,800,251,110,185,349.71,0.9375,0.6868,0.351668,27,66,48,161.48,0.6459,0.2468,0.043427,4.299
279183,520,393,913,252,30,125,3.82,0.9762,0.5892,0.231083,0,22,89,263.01,1.0003,0.1403,0.012950,4.465
279186,520,376,896,221,58,226,326.75,0.9287,0.5996,0.238914,27,22,94,277.11,0.8681,0.1612,0.016149,4.368
279190,520,384,904,232,23,207,334.55,0.9790,0.5862,0.222762,21,24,83,273.72,0.8320,0.1483,0.014372,4.237
279201,520,371,891,175,113,228,307.19,0.7490,0.6069,0.265262,23,43,51,225.51,0.3849,0.1730,0.021489,4.410
279210,520,468,988,210,69,44,32.39,0.8833,0.5207,0.181420,18,2,4,11.65,0.6920,0.0437,0.001808,4.467
279229,520,443,963,181,94,144,346.09,0.5468,0.5357,0.198440,13,19,0,122.61,1.0000,0.0771,0.005513,4.475
279234,520,320,840,214,106,226,323.52,0.8265,0.6455,0.300968,54,48,15,99.05,0.6608,0.2065,0.029327,4.424
279243,520,388,908,250,26,143,357.47,0.9733,0.5898,0.230494,32,11,93,283.56,0.9207,0.1493,0.013367,4.427
279244,520,432,952,210,78,107,10.24,0.7266,0.5452,0.202141,20,14,51,285.50,0.6924,0.0972,0.007018,4.422
279258,520,420,940,225,16,182,339.79,0.9768,0.5563,0.197581,36,20,26,355.60,0.3133,0.1131,0.009500,4.161
279263,520,414,934,230,16,191,338.40,0.9821,0.5709,0.209578,4,27,60,257.43,0.8442,0.1236,0.011359,4.231
279271,520,407,927,249,0,106,8.46,1.0000,0.5691,0.211839,21,31,39,242.91,0.2632,0.1303,0.012859,4.166
279273,520,318,838,243,66,252,325.91,0.9893,0.6592,0.299820,93,24,8,34.17,0.9050,0.2223,0.029984,4.374
279277,520,412,932,248,41,51,25.65,0.9704,0.5710,0.217849,28,27,33,293.09,0.1245,0.1230,0.011405,4.362
279281,520,210,730,215,174,199,341.34,0.3899,0.7613,0.488436,8,86,65,168.53,0.9578,0.3126,0.070885,4.454
279283,520,431,951,243,36,8,30.74,0.9937,0.5547,0.203374,35,14,22,356.86,0.4444,0.0980,0.007294,4.422
279287,520,429,949,202,25,234,320.24,0.9762,0.5535,0.191940,47,0,29,348.08,1.0000,0.1009,0.006931,4.250
279291,520,397,917,188,95,208,320.27,0.7300,0.5812,0.234310,25,37,19,135.71,0.4732,0.1440,0.015768,4.323
279293,520,426,946,245,29,53,24.04,0.9795,0.5585,0.205517,21,15,61,282.37,0.7647,0.1091,0.008380,4.377
279310,520,258,778,198,155,210,318.78,0.4952,0.7064,0.401023,34,73,6,135.96,0.9784,0.2663,0.051182,4.458
279312,520,455,975,194,27,225,320.14,0.9643,0.5340,0.176909,3,3,51,269.08,0.9769,0.0643,0.003235,4.262
279324,520,311,831,240,92,222,332.82,0.9193,0.6631,0.314560,30,53,78,251.64,0.4775,0.2226,0.033722,4.354
279331,520,466,986,134,81,247,292.34,0.9322,0.5204,0.176685,7,4,28,284.53,0.7490,0.0485,0.002158,4.346
279340,520,445,965,209,0,212,327.60,1.0000,0.5425,0.183108,0,20,26,217.91,1.0000,0.0791,0.005749,4.181
279348,520,407,927,233,22,179,342.60,0.9712,0.5717,0.211549,37,8,73,297.03,0.8661,0.1294,0.010480,4.325
279368,520,395,915,245,9,167,348.65,0.9919,0.5854,0.224011,56,18,28,6.37,0.5907,0.1430,0.013573,4.310
279389,520,434,954,221,65,100,11.95,0.8205,0.5474,0.200754,37,6,37,327.86,0.7279,0.0960,0.006572,4.432
279397,520,405,925,231,3,207,334.28,0.9975,0.5796,0.215617,0,27,64,256.23,0.9999,0.1251,0.011540,4.316
279420,520,348,868,217,85,239,321.66,0.9170,0.6294,0.274825,10,47,64,232.67,0.7389,0.1862,0.024676,4.350
279433,520,447,967,158,80,233,303.78,0.8514,0.5358,0.188901,2,17,32,247.18,0.7604,0.0759,0.005181,4.329
279439,520,435,955,225,29,162,346.14,0.9393,0.5506,0.194975,1,4,74,265.08,0.9905,0.0930,0.005876,4.384
279451,520,424,944,227,49,150,351.51,0.8784,0.5612,0.207322,45,12,5,34.90,0.7669,0.1071,0.008319,4.412
279469,520,362,882,253,72,97,17.75,0.9809,0.6147,0.263840,11,50,21,148.53,0.9262,0.1789,0.024064,4.237
279472,520,361,881,241,43,224,332.33,0.9686,0.6218,0.258131,72,21,32,10.59,0.6619,0.1796,0.020186,4.390
279489,520,458,978,208,33,181,335.95,0.9150,0.5311,0.178359,9,5,40,280.79,0.8409,0.0620,0.003198,4.293
279490,520,38,558,253,245,165,103.23,0.9571,0.9516,0.889048,9,130,14,142.85,0.9960,0.4519,0.160544,4.460
279495,520,335,855,246,90,166,353.56,0.8899,0.6440,0.296613,32,45,80,267.10,0.5078,0.2033,0.027629,4.465
279505,520,420,940,218,26,206,331.39,0.9654,0.5615,0.201027,36,17,32,335.10,0.4322,0.1096,0.008803,4.269
279527,520,382,902,254,68,33,32.59,0.9950,0.6036,0.253186,4,38,69,250.35,0.8464,0.1609,0.018416,4.431
279532,520,358,878,224,66,241,323.67,0.9431,0.6215,0.260967,17,49,1,137.26,0.9937,0.1751,0.023179,4.249
279539,520,343,863,222,88,218,328.88,0.8574,0.6278,0.275730,21,53,12,139.50,0.9305,0.1921,0.027321,4.213
279565,520,413,933,247,40,46,26.51,0.9708,0.5678,0.214925,42,23,1,68.56,0.9109,0.1226,0.011073,4.338
279574,520,418,938,217,29,211,329.81,0.9625,0.5643,0.203358,33,7,74,292.71,0.8914,0.1241,0.009697,4.244
279585,520,416,936,234,69,80,21.57,0.8782,0.5719,0.223308,26,27,35,279.46,0.1665,0.1219,0.011248,4.462
279601,520,362,882,215,86,203,331.46,0.8065,0.6057,0.254163,2,22,122,264.56,0.9774,0.1835,0.019917,4.350
279607,520,460,980,167,74,218,311.20,0.8129,0.5280,0.181758,6,11,16,245.90,0.2756,0.0564,0.003155,4.360
279622,520,479,999,177,67,180,326.67,0.7492,0.5076,0.166579,0,0,5,264.05,1.0000,0.0116,0.000110,4.322
279625,520,388,908,219,55,222,327.29,0.9262,0.5912,0.230685,49,22,52,323.47,0.5480,0.1498,0.014748,4.335
279632,520,471,991,220,48,39,28.60,0.9386,0.5174,0.174787,13,0,21,313.63,1.0000,0.0399,0.001397,4.374
279646,520,473,993,207,32,172,338.48,0.9077,0.5234,0.172791,1,5,3,165.31,0.6237,0.0319,0.001216,4.350
279648,520,454,974,155,78,237,302.07,0.8743,0.5324,0.185322,6,2,52,273.56,0.9775,0.0659,0.003300,4.415
279655,520,465,985,219,44,68,20.04,0.9165,0.5161,0.172814,14,3,23,308.89,0.7068,0.0496,0.002204,4.268
279658,520,460,980,206,18,200,329.92,0.9700,0.5330,0.177265,15,9,26,298.56,0.4830,0.0649,0.003715,4.231
279671,520,468,988,167,71,210,313.54,0.7992,0.5180,0.173759,19,1,2,19.56,0.8525,0.0419,0.001646,4.333
279685,520,220,740,251,143,201,347.59,0.9234,0.7461,0.443737,90,66,23,79.04,0.6948,0.3039,0.061322,4.435
279695,520,404,924,232,69,124,4.54,0.8318,0.5794,0.228701,24,33,12,128.20,0.5704,0.1295,0.013084,4.418
279697,520,437,957,215,74,95,15.39,0.7739,0.5457,0.201732,36,3,41,322.31,0.8167,0.0925,0.006003,4.495
279704,520,470,990,190,43,196,326.35,0.8799,0.5155,0.166619,8,2,24,294.41,0.7979,0.0418,0.001610,4.197
279705,520,460,980,216,52,117,2.07,0.8365,0.5299,0.183417,7,12,7,144.81,0.2871,0.0565,0.003235,4.385
279719,520,309,829,254,80,189,346.26,0.9895,0.6558,0.304855,22,61,13,140.21,0.9498,0.2199,0.035370,4.157
279732,520,457,977,204,35,195,330.73,0.9200,0.5338,0.179814,20,3,26,317.16,0.7362,0.0586,0.002884,4.346
279733,520,426,946,194,73,202,325.22,0.8006,0.5558,0.205001,32,22,23,11.84,0.1909,0.1111,0.009428,4.291
279750,520,303,823,233,90,255,322.09,1.0000,0.6696,0.318581,104,10,22,22.03,0.9360,0.2345,0.032186,4.485
279767,520,475,995,203,38,178,335.56,0.8868,0.5232,0.172990,3,3,13,280.38,0.5604,0.0327,0.001135,4.361
279798,520,424,944,240,30,109,7.25,0.9576,0.5601,0.205612,11,28,38,236.25,0.4834,0.1146,0.010416,4.231
279828,520,404,924,233,29,197,337.52,0.9668,0.5844,0.222363,37,4,81,293.89,0.9420,0.1334,0.010742,4.484
279831,520,459,979,144,80,248,295.85,0.9381,0.5312,0.184440,2,17,6,152.63,0.8933,0.0650,0.004269,4.320
279835,520,463,983,167,77,215,311.71,0.7937,0.5298,0.184303,0,11,4,158.14,1.0000,0.0469,0.002481,4.465
279837,520,23,543,245,245,252,286.23,0.5435,0.9676,0.917455,49,130,12,138.89,0.9900,0.4617,0.166442,4.470
279844,520,477,997,139,70,247,295.40,0.9436,0.5107,0.165848,0,1,2,233.51,1.0000,0.0151,0.000261,4.295
279874,520,322,842,254,4,248,329.66,0.9991,0.6475,0.279381,84,28,12,36.41,0.8132,0.2102,0.027422,4.254
279877,520,384,904,235,18,212,333.94,0.9871,0.5932,0.228510,5,43,15,148.33,0.9627,0.1514,0.017944,4.099
279887,520,479,999,208,10,161,342.01,0.9724,0.5106,0.162024,0,0,6,264.05,1.0000,0.0126,0.000131,4.229
279889,520,480,1000,195,71,119,359.62,0.7004,0.5130,0.174423,0,0,0,0.00,0.0000,0.0000,0.000000,4.488
279890,520,413,933,224,80,74,26.10,0.8295,0.5656,0.220816,19,19,69,276.22,0.7967,0.1226,0.010338,4.488
279895,520,368,888,255,5,177,347.74,1.0000,0.6089,0.245464,31,27,88,279.55,0.7632,0.1674,0.017797,4.358
279906,520,415,935,235,46,146,354.48,0.9064,0.5725,0.216944,14,28,43,251.24,0.4570,0.1192,0.010983,4.377
279918,520,387,907,210,105,99,24.85,0.6390,0.5855,0.247076,5,41,29,166.53,0.8886,0.1483,0.017068,4.429
279920,520,390,910,253,47,66,23.10,0.9890,0.5872,0.233127,33,3,100,283.34,0.9810,0.1509,0.013085,4.488
279926,520,479,999,162,25,254,304.40,0.9953,0.5088,0.155330,1,0,3,302.89,1.0000,0.0124,0.000130,4.096
279934,520,422,942,216,25,210,329.83,0.9683,0.5601,0.199495,23,10,68,284.11,0.8649,0.1104,0.008166,4.289
279942,520,458,978,185,67,202,322.41,0.8078,0.5345,0.185941,18,2,30,308.60,0.8194,0.0566,0.002658,4.481
279943,520,350,870,218,101,206,331.50,0.7763,0.6328,0.286709,27,46,65,249.47,0.4243,0.1924,0.025686,4.449
279946,520,422,942,206,30,236,320.77,0.9721,0.5638,0.201082,47,15,0,47.49,1.0000,0.1147,0.009461,4.223
279964,520,294,814,250,111,159,0.82,0.8983,0.6769,0.341990,70,52,8,84.79,0.8371,0.2379,0.037757,4.467
280005,520,425,945,209,40,215,326.59,0.9372,0.5589,0.199811,4,30,21,167.23,0.8354,0.1094,0.010085,4.158
280025,520,414,934,238,56,79,19.76,0.9164,0.5665,0.215732,20,21,63,277.01,0.7055,0.1217,0.010439,4.397
280046,520,440,960,239,44,19,30.86,0.9821,0.5519,0.202024,5,20,32,243.61,0.5958,0.0857,0.006368,4.471
280048,520,369,889,247,70,114,10.81,0.9233,0.6054,0.253727,49,18,88,298.45,0.8012,0.1728,0.017902,4.473
280064,520,271,791,250,127,137,16.38,0.8861,0.6958,0.373118,44,70,6,130.28,0.9587,0.2631,0.049288,4.261
280074,520,460,980,214,48,136,353.66,0.8430,0.5299,0.181900,12,6,34,288.44,0.7172,0.0616,0.003239,4.356
280084,520,479,999,202,32,172,337.13,0.9000,0.5142,0.165701,0,0,4,264.05,1.0000,0.0106,0.000088,4.306
280102,520,397,917,219,71,182,339.38,0.8201,0.5829,0.229462,42,15,70,302.05,0.7637,0.1420,0.012761,4.453
280112,520,389,909,251,53,55,26.34,0.9806,0.5862,0.233349,63,12,22,13.71,0.7550,0.1463,0.013778,4.443
280116,520,461,981,211,43,160,343.79,0.8653,0.5314,0.181169,14,2,24,308.65,0.7790,0.0479,0.002027,4.443
280135,520,432,952,221,13,179,339.69,0.9789,0.5463,0.189171,5,27,25,187.22,0.6745,0.1021,0.008863,4.063
280137,520,350,870,251,6,229,333.34,0.9981,0.6302,0.262998,3,54,8,144.20,0.9914,0.1881,0.026751,4.078
280139,520,303,823,217,127,192,338.15,0.6424,0.6671,0.337379,39,61,23,133.77,0.7171,0.2321,0.038306,4.387
280152,520,334,854,237,61,244,326.38,0.9621,0.6402,0.278761,51,46,5,102.19,0.8624,0.1959,0.026688,4.287
280153,520,378,898,239,87,7,40.54,0.9913,0.5966,0.251855,27,41,0,126.78,1.0000,0.1551,0.018189,4.427
280195,520,334,854,204,104,238,316.77,0.8688,0.6359,0.289123,31,52,21,136.46,0.6887,0.1967,0.028014,4.347
280207,520,396,916,255,15,64,21.31,1.0000,0.5760,0.219757,24,31,45,263.79,0.2989,0.1360,0.013636,4.239
280208,520,339,859,243,33,252,326.25,0.9907,0.6387,0.271734,67,4,102,307.77,0.9490,0.2006,0.022395,4.444
280213,520,446,966,214,74,97,14.39,0.7675,0.5444,0.200591,4,21,5,145.08,0.8990,0.0776,0.005731,4.496
280246,520,465,985,205,43,151,345.43,0.8457,0.5157,0.169433,6,5,33,278.02,0.8005,0.0536,0.002571,4.174
280253,520,386,906,245,57,114,8.71,0.9199,0.5894,0.235569,26,8,102,277.24,0.9681,0.1520,0.013525,4.495
280255,520,435,955,233,52,31,30.61,0.9598,0.5467,0.198816,26,15,36,306.96,0.4795,0.0945,0.006886,4.374
280274,520,379,899,210,61,248,318.37,0.9647,0.6000,0.238181,29,12,102,278.81,0.9454,0.1587,0.014834,4.445
280282,520,428,948,230,18,177,342.46,0.9752,0.5637,0.204327,20,16,48,285.06,0.6217,0.0986,0.007327,4.436
280295,520,400,920,218,82,161,347.81,0.7520,0.5843,0.235154,51,23,26,14.14,0.4502,0.1427,0.013913,4.462
280305,520,1,521,255,255,255,0.00,0.0000,1.0000,1.000000,26,137,57,147.59,0.9757,0.4818,0.184056,4.486
280318,520,359,879,220,70,236,323.73,0.9224,0.6156,0.256540,74,18,16,26.34,0.7989,0.1754,0.019261,4.426
280323,520,326,846,203,129,180,339.19,0.5211,0.6468,0.316936,2,59,7,143.88,0.9954,0.2053,0.031560,4.499
280326,520,319,839,244,113,41,45.21,0.9340,0.6464,0.312064,58,50,4,98.77,0.9040,0.2159,0.031896,4.421
280327,520,480,1000,196,39,179,333.28,0.8739,0.5119,0.164432,0,0,0,0.00,0.0000,0.0000,0.000000,4.289
280328,520,400,920,248,33,102,10.90,0.9639,0.5759,0.220070,0,40,5,145.19,1.0000,0.1373,0.015285,4.137
280334,520,398,918,220,73,163,346.72,0.7920,0.5776,0.226274,17,8,97,272.49,0.9765,0.1385,0.011558,4.488
280342,520,271,791,227,118,250,320.40,0.9629,0.6958,0.361916,39,69,15,134.14,0.9109,0.2570,0.047220,4.237
280360,520,283,803,251,122,128,18.91,0.9173,0.6866,0.359898,12,71,1,140.93,0.9980,0.2498,0.045866,4.276
280370,520,363,883,139,125,255,285.03,1.0000,0.6101,0.273758,8,45,55,219.88,0.7590,0.1740,0.022041,4.494
280393,520,370,890,251,62,117,9.11,0.9605,0.6061,0.252423,61,26,39,358.08,0.4937,0.1703,0.018775,4.397
280423,520,418,938,207,82,135,356.73,0.6940,0.5550,0.210512,40,16,50,314.88,0.6233,0.1244,0.010520,4.305
280441,520,421,941,204,5,245,318.48,0.9970,0.5601,0.195401,21,27,15,129.85,0.3484,0.1098,0.009778,4.105
280444,520,370,890,254,41,155,355.01,0.9908,0.6094,0.250268,11,45,36,172.39,0.7373,0.1664,0.020752,4.244
280445,520,410,930,218,9,232,324.97,0.9942,0.5745,0.209291,12,30,54,256.29,0.6095,0.1308,0.012730,4.133
280449,520,431,951,227,62,91,15.65,0.8599,0.5533,0.205342,18,19,38,280.00,0.4243,0.0961,0.007343,4.453
280452,520,437,957,223,21,167,343.91,0.9596,0.5460,0.190169,23,17,18,6.85,0.1360,0.0866,0.006267,4.268
280457,520,443,963,224,17,155,347.92,0.9667,0.5406,0.186174,17,8,47,287.13,0.7778,0.0806,0.004981,4.296
280462,520,405,925,252,7,114,6.55,0.9946,0.5790,0.220660,65,1,2,27.77,0.9895,0.1340,0.011501,4.401
280471,520,349,869,237,107,100,25.36,0.8218,0.6332,0.294428,21,53,24,145.62,0.8181,0.1942,0.027715,4.432
280481,520,443,963,233,8,104,6.90,0.9890,0.5369,0.184998,10,22,6,137.65,0.6897,0.0848,0.006515,4.158
280488,520,287,807,249,114,178,352.74,0.8969,0.6868,0.353915,24,64,56,178.20,0.6217,0.2417,0.041464,4.416
280512,520,389,909,249,63,70,24.15,0.9645,0.5930,0.241404,55,24,24,21.15,0.4904,0.1509,0.015316,4.461
280519,520,424,944,214,70,145,352.15,0.7703,0.5557,0.207230,41,14,21,5.54,0.5219,0.1073,0.008397,4.405
280537,520,409,929,247,0,135,358.87,1.0000,0.5743,0.215269,49,21,0,56.23,1.0000,0.1297,0.011894,4.286
280554,520,462,982,179,46,232,313.55,0.9267,0.5272,0.173649,4,3,40,273.17,0.9443,0.0537,0.002441,4.265
280559,520,436,956,157,89,232,302.50,0.8243,0.5472,0.201394,30,7,44,309.83,0.7450,0.0919,0.006099,4.481
280571,520,388,908,227,92,64,33.44,0.8389,0.5865,0.243580,4,42,29,165.62,0.9200,0.1512,0.017704,4.336
280574,520,446,966,198,75,157,343.03,0.7163,0.5397,0.194740,22,15,6,74.39,0.4192,0.0775,0.005254,4.429
280581,520,427,947,214,59,173,340.67,0.8321,0.5571,0.204434,0,29,14,157.87,1.0000,0.1020,0.009104,4.305
280593,520,410,930,242,44,94,13.72,0.9382,0.5682,0.214901,20,33,29,173.40,0.2833,0.1309,0.013251,4.188
280609,520,343,863,228,82,211,332.73,0.8693,0.6259,0.272340,59,32,67,318.17,0.5117,0.1935,0.023682,4.375
280623,520,410,930,214,37,219,326.92,0.9520,0.5685,0.207358,51,16,16,22.62,0.6265,0.1270,0.011119,4.211
280624,520,363,883,215,117,42,53.31,0.8427,0.6067,0.273389,13,45,51,212.02,0.6354,0.1738,0.022013,4.491
280663,520,379,899,237,63,177,345.33,0.8861,0.6037,0.247367,18,29,87,269.42,0.8399,0.1609,0.016954,4.441
280665,520,374,894,242,80,60,30.31,0.9286,0.5968,0.249440,59,28,13,45.33,0.6274,0.1635,0.017895,4.410
280670,520,364,884,251,50,144,358.58,0.9627,0.6052,0.248075,25,41,49,230.62,0.3172,0.1674,0.020142,4.250
280690,520,470,990,200,63,145,347.71,0.7595,0.5227,0.178806,1,6,24,261.18,0.8480,0.0448,0.002026,4.398
280694,520,334,854,244,28,252,326.51,0.9910,0.6385,0.270946,29,2,139,273.17,0.9972,0.2007,0.021686,4.477
280697,520,375,895,232,21,233,328.08,0.9887,0.6024,0.235778,52,27,53,325.67,0.4749,0.1646,0.017710,4.221
280703,520,382,902,208,109,134,5.13,0.5771,0.5994,0.260702,8,45,34,169.25,0.8293,0.1645,0.020438,4.411
280727,520,447,967,202,67,155,344.46,0.7570,0.5355,0.189393,8,21,17,172.42,0.4205,0.0835,0.006284,4.253
280737,520,426,946,176,82,227,311.51,0.8290,0.5580,0.208116,38,20,17,30.04,0.3694,0.1131,0.009529,4.336
280738,520,414,934,218,63,178,340.18,0.8360,0.5707,0.216770,30,29,7,106.63,0.6354,0.1229,0.011701,4.324
280760,520,366,886,225,65,220,329.33,0.9130,0.6085,0.249577,46,39,12,94.85,0.6328,0.1708,0.020585,4.244
280787,520,478,998,219,29,74,16.31,0.9485,0.5074,0.164359,6,1,1,22.40,0.6057,0.0243,0.000626,4.234
280790,520,412,932,224,16,207,332.62,0.9841,0.5696,0.207253,18,30,10,134.12,0.6299,0.1150,0.010790,4.232
280791,520,469,989,218,21,137,352.78,0.9461,0.5219,0.172504,14,1,13,330.30,0.7634,0.0394,0.001441,4.325
280799,520,477,997,204,1,170,338.07,0.9971,0.5060,0.157634,1,0,8,284.42,1.0000,0.0165,0.000240,4.133
280814,520,473,993,209,8,174,338.17,0.9812,0.5195,0.167871,2,1,26,273.98,0.9603,0.0344,0.001092,4.264
280858,520,477,997,225,22,15,29.17,0.9853,0.5097,0.166188,0,3,0,142.50,1.0000,0.0226,0.000651,4.268
280866,520,378,898,255,5,158,353.31,1.0000,0.6004,0.238408,53,15,75,309.92,0.7759,0.1626,0.016066,4.365
280881,520,457,977,199,39,193,329.89,0.8986,0.5262,0.174452,20,0,39,303.63,1.0000,0.0622,0.002952,4.239
280887,520,392,912,249,55,65,24.21,0.9681,0.5851,0.232573,30,31,53,280.95,0.3724,0.1463,0.015130,4.339
280889,520,387,907,226,79,159,350.39,0.7880,0.5933,0.242664,4,31,83,261.34,0.9321,0.1550,0.016302,4.414
280891,520,331,851,222,113,171,348.62,0.6755,0.6411,0.302821,6,56,0,141.13,1.0000,0.1952,0.028669,4.485
280894,520,424,944,216,43,197,333.38,0.9160,0.5613,0.203601,1,31,19,163.38,0.9709,0.1104,0.010334,4.203
280896,520,232,752,228,141,252,318.71,0.9697,0.7360,0.425735,16,75,83,208.43,0.7998,0.2862,0.057666,4.419
280935,520,470,990,168,44,243,307.78,0.9437,0.5187,0.165980,5,3,27,281.18,0.8128,0.0435,0.001765,4.172
280937,520,211,731,212,172,208,329.49,0.4354,0.7572,0.480570,43,81,79,191.19,0.4357,0.3148,0.069627,4.435
280944,520,455,975,218,60,75,20.38,0.8610,0.5303,0.186477,22,4,20,331.73,0.6392,0.0600,0.003079,4.455
280953,520,458,978,209,42,166,341.18,0.8700,0.5301,0.179665,8,3,42,279.79,0.9169,0.0590,0.002839,4.347
280966,520,427,947,250,9,55,22.83,0.9956,0.5628,0.207989,21,20,29,289.73,0.2142,0.0962,0.007484,4.488
280970,520,334,854,253,74,177,349.61,0.9780,0.6426,0.289578,17,54,37,160.70,0.7432,0.1990,0.028910,4.303
280982,520,343,863,234,84,189,341.60,0.8465,0.6266,0.275097,15,43,79,256.02,0.7110,0.1870,0.023937,4.397
280985,520,442,962,166,61,255,303.73,1.0000,0.5418,0.186651,15,3,61,280.53,0.9568,0.0849,0.005036,4.300
280990,520,338,858,237,85,211,335.23,0.8944,0.6439,0.292072,52,40,72,300.29,0.4184,0.2048,0.027155,4.434
281006,520,321,841,235,95,201,338.24,0.8553,0.6480,0.300661,52,34,100,291.25,0.6930,0.2140,0.027942,4.499
281010,520,470,990,222,22,113,2.32,0.9512,0.5211,0.172984,6,7,0,114.52,1.0000,0.0415,0.001907,4.296
281019,520,465,985,210,45,135,352.87,0.8435,0.5194,0.173299,7,0,45,278.52,1.0000,0.0550,0.002346,4.266
281032,520,335,855,229,72,242,324.63,0.9474,0.6357,0.277057,75,26,46,357.40,0.5998,0.1983,0.024321,4.401
281041,520,385,905,255,35,95,14.07,1.0000,0.5894,0.232920,69,1,28,4.66,0.9578,0.1490,0.013710,4.441
281047,520,340,860,247,36,247,328.26,0.9864,0.6434,0.277542,45,38,89,286.22,0.5933,0.2049,0.026653,4.273
281050,520,442,962,229,27,118,2.08,0.9466,0.5392,0.187528,8,5,55,274.23,0.9439,0.0762,0.004360,4.370
281065,520,359,879,239,33,229,330.64,0.9799,0.6164,0.250983,3,51,14,146.75,0.9874,0.1783,0.024186,4.057
281066,520,425,945,225,8,187,338.30,0.9895,0.5574,0.197716,43,13,27,353.40,0.5702,0.1113,0.008806,4.212
281067,520,347,867,255,32,197,342.47,1.0000,0.6262,0.263277,12,40,97,262.31,0.8693,0.1937,0.024587,4.200
281077,520,395,915,234,69,135,0.52,0.8375,0.5868,0.235008,26,35,26,144.89,0.2540,0.1408,0.014962,4.387
281099,520,341,861,253,85,86,24.06,0.9818,0.6273,0.280550,26,39,98,269.58,0.7586,0.1993,0.025524,4.377
281100,520,442,962,207,69,145,350.22,0.7540,0.5421,0.195680,24,12,33,309.02,0.5148,0.0846,0.005670,4.413
281101,520,218,738,235,161,170,11.30,0.6125,0.7479,0.460560,33,82,35,144.29,0.8859,0.2994,0.064791,4.448
281108,520,427,947,233,56,87,16.67,0.8971,0.5583,0.208431,35,17,12,36.32,0.4299,0.1009,0.007848,4.467
281116,520,466,986,119,90,245,285.94,0.9140,0.5176,0.178265,3,9,25,261.89,0.6461,0.0541,0.002849,4.319
281134,520,369,889,229,64,206,334.32,0.9011,0.6059,0.247835,60,28,16,40.89,0.5884,0.1658,0.018287,4.362
281137,520,466,986,210,65,78,19.79,0.8150,0.5212,0.180346,2,4,30,269.25,0.9007,0.0453,0.001935,4.435
281139,520,373,893,213,71,229,323.51,0.8992,0.6009,0.243115,11,44,21,150.42,0.8771,0.1585,0.019266,4.232
281150,520,470,990,205,45,165,340.52,0.8503,0.5245,0.175745,15,0,19,320.98,1.0000,0.0411,0.001486,4.385
281163,520,439,959,212,76,123,2.46,0.7354,0.5512,0.205982,3,23,36,238.88,0.7449,0.0948,0.007595,4.445
281176,520,371,891,207,74,244,317.94,0.9385,0.6053,0.246961,4,32,91,262.14,0.9464,0.1656,0.018140,4.358
281178,520,382,902,204,73,245,316.86,0.9420,0.6004,0.241965,7,12,114,266.58,0.9861,0.1614,0.015229,4.476
281179,520,479,999,79,99,248,271.61,0.9627,0.5054,0.173624,0,0,8,264.05,1.0000,0.0143,0.000175,4.457
281182,520,357,877,239,88,140,2.42,0.8280,0.6199,0.272265,34,39,67,274.90,0.4159,0.1799,0.021963,4.478
281183,520,458,978,213,19,179,337.74,0.9605,0.5330,0.178688,30,1,2,23.84,0.9406,0.0601,0.003022,4.313
281196,520,477,997,176,13,240,311.75,0.9885,0.5124,0.158102,6,1,1,22.40,0.6057,0.0243,0.000626,4.111
281202,520,438,958,212,15,205,330.15,0.9803,0.5463,0.187486,7,23,11,150.66,0.6554,0.0869,0.006821,4.180
281207,520,385,905,230,35,204,334.92,0.9579,0.5858,0.223873,56,19,47,337.91,0.6022,0.1532,0.015118,4.206
281229,520,400,920,221,47,206,332.16,0.9247,0.5784,0.218637,12,15,92,269.65,0.9581,0.1377,0.011924,4.338
281238,520,468,988,177,25,242,311.39,0.9752,0.5200,0.164542,8,5,5,18.21,0.1509,0.0402,0.001711,4.149
281239,520,409,929,235,37,157,350.30,0.9333,0.5715,0.214225,55,7,43,340.06,0.7665,0.1333,0.011387,4.304
281241,520,479,999,149,79,211,305.42,0.7653,0.5054,0.166851,0,0,8,264.05,1.0000,0.0143,0.000175,4.322
281247,520,461,981,230,19,85,13.26,0.9747,0.5285,0.179476,4,8,27,268.55,0.6594,0.0540,0.002786,4.347
281261,520,426,946,213,87,82,25.16,0.7440,0.5574,0.215740,14,29,5,134.88,0.8532,0.1082,0.009830,4.442
281266,520,408,928,216,91,86,24.99,0.7358,0.5695,0.227553,16,35,3,134.50,0.9471,0.1281,0.013188,4.393
281293,520,479,999,225,15,66,18.48,0.9831,0.5127,0.167454,2,0,2,328.36,1.0000,0.0139,0.000173,4.334
281310,520,469,989,180,88,125,356.34,0.5570,0.5160,0.181647,13,1,24,307.77,0.8563,0.0444,0.001732,4.478
281334,520,403,923,235,39,177,343.99,0.9383,0.5822,0.222904,59,4,22,7.45,0.8521,0.1285,0.010747,4.492
281337,520,356,876,217,78,236,322.66,0.9118,0.6193,0.262584,67,27,16,36.31,0.6594,0.1763,0.020147,4.456
281382,520,374,894,251,48,130,3.17,0.9639,0.5989,0.242383,43,33,50,310.90,0.2934,0.1639,0.018316,4.280
281389,520,475,995,223,11,106,4.60,0.9794,0.5173,0.169707,0,5,11,237.61,1.0000,0.0341,0.001327,4.281
281393,520,405,925,254,29,27,28.52,0.9964,0.5750,0.220325,49,17,30,356.70,0.5454,0.1296,0.011477,4.397
281399,520,422,942,222,70,120,4.59,0.7937,0.5608,0.212685,28,16,54,294.13,0.6597,0.1118,0.008838,4.465
281400,520,465,985,196,65,151,344.18,0.7471,0.5208,0.177525,16,3,24,311.94,0.7173,0.0524,0.002412,4.341
281409,520,367,887,235,82,149,356.89,0.8165,0.6086,0.258694,14,35,85,263.97,0.8175,0.1707,0.019512,4.441
281417,520,476,996,204,72,31,36.76,0.9062,0.5120,0.175732,5,0,5,328.36,1.0000,0.0213,0.000432,4.476
281423,520,407,927,247,8,109,7.41,0.9929,0.5674,0.210555,15,8,89,272.50,0.9716,0.1266,0.009964,4.345
281428,520,424,944,235,9,156,349.92,0.9879,0.5607,0.202608,6,17,72,266.98,0.9284,0.1140,0.009074,4.276
281432,520,420,940,249,15,4,29.51,0.9974,0.5585,0.204938,31,21,30,329.74,0.2563,0.1104,0.009214,4.305
281435,520,423,943,245,38,55,24.38,0.9689,0.5635,0.210780,46,10,21,4.98,0.6605,0.1100,0.008522,4.456
281440,520,330,850,222,113,169,349.64,0.6724,0.6403,0.302064,60,45,31,64.22,0.3239,0.2093,0.029364,4.436
281441,520,313,833,255,41,247,330.03,1.0000,0.6594,0.295644,58,29,103,296.71,0.7479,0.2155,0.027576,4.456
281445,520,476,996,148,69,230,301.93,0.8635,0.5054,0.162657,4,0,13,300.75,1.0000,0.0244,0.000549,4.207
281446,520,467,987,223,34,85,13.47,0.9336,0.5210,0.174907,1,1,29,268.68,0.9803,0.0358,0.001169,4.395
281462,520,424,944,243,15,107,7.66,0.9846,0.5601,0.204612,35,15,38,322.24,0.5296,0.1076,0.008389,4.361
281471,520,400,920,230,31,198,336.54,0.9612,0.5803,0.218828,53,6,59,322.88,0.8153,0.1393,0.012030,4.334
281473,520,330,850,152,140,232,288.37,0.6982,0.6382,0.312575,17,58,34,154.46,0.8374,0.2115,0.032607,4.389
281474,520,447,967,192,38,231,317.91,0.9483,0.5413,0.183636,36,3,16,359.31,0.7728,0.0790,0.004777,4.265
281501,520,444,964,232,50,18,31.95,0.9797,0.5421,0.194837,2,2,69,266.23,0.9940,0.0839,0.004859,4.463
281517,520,372,892,237,57,202,337.40,0.9252,0.6115,0.251978,57,12,83,309.14,0.8292,0.1727,0.017574,4.469
281523,520,370,890,229,36,236,326.56,0.9752,0.6053,0.239783,1,49,24,154.62,0.9918,0.1725,0.022689,3.987
281527,520,443,963,225,28,132,356.34,0.9356,0.5368,0.185067,13,8,53,279.15,0.8595,0.0829,0.005163,4.261
281534,520,396,916,240,54,131,1.45,0.8974,0.5826,0.228054,27,16,84,280.98,0.8687,0.1404,0.012436,4.453
281535,520,368,888,249,29,189,343.37,0.9764,0.6097,0.246959,52,12,85,303.81,0.8429,0.1670,0.016489,4.466
281540,520,388,908,219,74,191,336.42,0.8266,0.5910,0.237214,11,40,32,172.17,0.6757,0.1486,0.016930,4.291
281543,520,451,971,221,46,143,352.49,0.8698,0.5445,0.193118,19,7,34,301.36,0.6655,0.0705,0.004059,4.497
281551,520,432,952,234,30,105,7.70,0.9504,0.5467,0.194440,36,0,54,310.97,1.0000,0.0987,0.006415,4.333
281561,520,420,940,222,80,68,28.20,0.8351,0.5609,0.216868,1,31,20,165.34,0.9689,0.1107,0.010369,4.421
281569,520,410,930,234,34,163,348.02,0.9411,0.5707,0.212837,21,29,43,261.32,0.3254,0.1270,0.012125,4.231
281578,520,476,996,176,15,232,313.50,0.9836,0.5059,0.153990,1,0,18,273.67,1.0000,0.0236,0.000501,4.039
281579,520,459,979,211,40,156,345.08,0.8730,0.5273,0.177690,25,4,19,339.52,0.6533,0.0638,0.003406,4.263
281582,520,477,997,152,86,197,309.47,0.6883,0.5103,0.173627,6,1,2,3.56,0.5657,0.0248,0.000648,4.415
281588,520,471,991,177,75,185,324.71,0.7269,0.5213,0.178832,0,6,16,246.21,1.0000,0.0391,0.001677,4.428
281629,520,371,891,244,17,207,337.28,0.9898,0.6063,0.241420,54,13,85,305.34,0.8306,0.1710,0.017281,4.331
281639,520,424,944,225,34,171,343.38,0.9304,0.5576,0.200945,3,25,54,255.65,0.8432,0.1129,0.009809,4.196
281648,520,451,971,195,53,201,326.26,0.8627,0.5356,0.183669,21,13,3,76.38,0.5957,0.0711,0.004539,4.284
281652,520,385,905,237,37,196,338.82,0.9567,0.5949,0.233160,55,27,0,61.05,1.0000,0.1526,0.015962,4.293
281658,520,409,929,193,89,187,329.69,0.7006,0.5671,0.220715,55,7,43,340.06,0.7665,0.1333,0.011387,4.410
281669,520,307,827,253,63,240,331.17,0.9921,0.6656,0.307319,63,51,33,77.26,0.3412,0.2296,0.035343,4.187
281698,520,380,900,221,104,64,39.07,0.7924,0.5954,0.256453,24,40,51,239.35,0.3491,0.1648,0.019507,4.409
281703,520,478,998,210,6,160,342.80,0.9835,0.5130,0.163722,1,1,6,278.68,0.6638,0.0197,0.000413,4.239
281705,520,374,894,236,44,193,339.54,0.9404,0.5955,0.234873,14,15,109,269.18,0.9731,0.1610,0.015390,4.357
281712,520,348,868,245,66,193,342.23,0.9297,0.6284,0.271621,75,29,11,40.62,0.7666,0.1943,0.023990,4.347
281719,520,384,904,230,16,229,328.56,0.9910,0.5948,0.228532,69,2,15,17.78,0.9592,0.1465,0.013433,4.391
281721,520,453,973,224,55,22,32.62,0.9678,0.5306,0.186404,27,4,29,324.68,0.7234,0.0721,0.004086,4.371
281728,520,285,805,233,120,208,336.23,0.8160,0.6851,0.353128,90,43,39,26.26,0.5175,0.2540,0.040482,4.455
281731,520,471,991,193,70,148,344.97,0.7154,0.5203,0.178576,9,3,12,316.61,0.5162,0.0387,0.001498,4.439
281732,520,470,990,221,50,10,33.02,0.9863,0.5193,0.176780,8,5,16,297.41,0.4501,0.0446,0.001976,4.363
281744,520,464,984,191,74,149,344.26,0.6929,0.5227,0.181454,2,5,27,267.82,0.8442,0.0454,0.002006,4.451
281747,520,435,955,189,40,251,312.52,0.9799,0.5542,0.193026,2,22,38,243.85,0.8023,0.0927,0.007266,4.244
281750,520,366,886,215,80,225,324.93,0.8763,0.6114,0.256225,27,46,13,133.96,0.7922,0.1729,0.022160,4.244
281770,520,327,847,250,13,253,327.69,0.9972,0.6454,0.277067,19,52,66,228.81,0.5980,0.2063,0.029877,4.095
281776,520,480,1000,197,71,90,14.80,0.7252,0.5075,0.171169,0,0,0,0.00,0.0000,0.0000,0.000000,4.423
281787,520,456,976,211,54,147,349.12,0.8184,0.5343,0.185960,2,8,37,265.34,0.8890,0.0598,0.003201,4.435
281791,520,455,975,152,72,250,299.15,0.9596,0.5317,0.182125,16,11,7,62.51,0.2332,0.0623,0.003649,4.327
281793,520,465,985,191,67,152,342.36,0.7283,0.5150,0.173593,9,5,31,285.75,0.7318,0.0547,0.002655,4.246
281796,520,433,953,235,4,132,357.66,0.9941,0.5496,0.194180,50,0,12,12.50,1.0000,0.1010,0.007048,4.280
281806,520,476,996,202,1,183,333.65,0.9975,0.5102,0.159991,0,2,3,218.80,1.0000,0.0204,0.000500,4.158
281822,520,419,939,244,7,90,12.96,0.9940,0.5560,0.201267,45,5,41,332.44,0.7761,0.1109,0.008266,4.312
281823,520,246,766,255,149,97,46.01,1.0000,0.7344,0.436208,19,79,38,149.86,0.9381,0.2842,0.058701,4.473
281828,520,443,963,144,90,245,295.02,0.9003,0.5438,0.198343,6,21,19,184.65,0.5005,0.0829,0.006220,4.417
281838,520,472,992,155,56,249,301.68,0.9638,0.5166,0.166369,4,2,18,286.54,0.7492,0.0337,0.001129,4.232
281839,520,465,985,136,78,246,293.59,0.9286,0.5173,0.173369,0,2,45,264.20,0.9886,0.0530,0.002329,4.269
281841,520,432,952,206,75,151,348.01,0.7318,0.5504,0.203903,22,24,0,113.80,1.0000,0.0991,0.008238,4.360
281844,520,391,911,216,48,234,323.59,0.9497,0.5892,0.226553,8,41,30,167.25,0.7990,0.1499,0.017312,4.109
281846,520,427,947,196,28,249,315.21,0.9789,0.5571,0.194072,30,5,54,302.10,0.8437,0.0973,0.006509,4.319
281876,520,456,976,206,74,94,14.83,0.7408,0.5290,0.188296,28,3,11,1.44,0.7190,0.0634,0.003362,4.466
281880,520,327,847,244,88,203,339.69,0.9180,0.6547,0.305271,27,44,100,267.53,0.7242,0.2137,0.029543,4.466
281889,520,475,995,230,1,56,21.08,0.9991,0.5184,0.171333,11,2,3,11.12,0.5497,0.0344,0.001211,4.322
281895,520,440,960,199,38,226,321.10,0.9465,0.5488,0.190209,10,25,3,135.59,0.9071,0.0930,0.007663,4.166
281905,520,392,912,230,28,223,329.99,0.9784,0.5947,0.229837,53,28,2,63.24,0.8765,0.1518,0.015919,4.245
281911,520,416,936,219,56,193,335.46,0.8807,0.5741,0.217409,14,26,50,262.89,0.5551,0.1185,0.010624,4.411
281921,520,387,907,199,73,234,318.00,0.8920,0.5850,0.228491,8,17,102,267.14,0.9696,0.1517,0.014117,4.343
281943,520,267,787,254,108,228,335.05,0.9937,0.7084,0.374002,51,66,30,127.77,0.5772,0.2592,0.046939,4.374
281975,520,419,939,202,79,180,335.29,0.7465,0.5632,0.214455,36,20,30,342.02,0.3374,0.1148,0.009692,4.430
281982,520,441,961,199,46,206,326.14,0.8980,0.5399,0.185540,6,18,49,264.46,0.7782,0.0934,0.006930,4.137
281998,520,390,910,170,120,183,319.20,0.4727,0.5883,0.253985,5,42,28,163.54,0.9034,0.1513,0.017720,4.489
282014,520,385,905,228,26,226,328.77,0.9809,0.5924,0.227262,9,12,108,267.55,0.9825,0.1538,0.014036,4.330
282016,520,472,992,168,74,210,313.67,0.7895,0.5234,0.178764,8,0,21,302.26,1.0000,0.0345,0.001058,4.480
282020,520,376,896,255,11,146,357.06,1.0000,0.5966,0.235783,27,11,107,276.58,0.9621,0.1624,0.015338,4.374
282070,520,410,930,224,88,39,38.71,0.9041,0.5724,0.229758,22,30,41,256.45,0.2744,0.1294,0.012592,4.470
282072,520,432,952,236,42,44,26.90,0.9606,0.5461,0.196738,29,20,13,59.19,0.2952,0.0995,0.007906,4.261
282073,520,419,939,247,10,42,25.26,0.9953,0.5552,0.201620,49,6,21,4.02,0.7626,0.1102,0.008375,4.310
282081,520,442,962,193,56,202,325.30,0.8528,0.5357,0.184316,27,1,46,306.50,0.9408,0.0796,0.004520,4.298
282098,520,461,981,191,35,224,319.38,0.9459,0.5324,0.176617,21,1,14,341.79,0.7925,0.0493,0.002129,4.347
282106,520,433,953,236,45,4,32.16,0.9961,0.5459,0.197216,22,24,18,122.45,0.1631,0.1032,0.008675,4.213
282114,520,463,983,203,47,177,335.99,0.8540,0.5292,0.179058,10,7,6,42.37,0.1308,0.0474,0.002296,4.380
282147,520,397,917,234,13,191,339.31,0.9874,0.5776,0.215447,29,34,24,129.41,0.2340,0.1400,0.014712,4.102
282150,520,348,868,251,77,139,3.14,0.9480,0.6277,0.276844,37,47,22,126.84,0.5098,0.1861,0.024842,4.367
282162,520,437,957,223,28,177,340.93,0.9471,0.5541,0.196953,21,19,15,84.57,0.1276,0.0883,0.006597,4.363
282168,520,365,885,232,66,195,338.43,0.8875,0.6068,0.249949,49,37,22,72.14,0.3763,0.1713,0.020341,4.264
282173,520,437,957,154,81,250,298.89,0.9518,0.5462,0.196573,3,23,36,238.88,0.7449,0.0948,0.007595,4.281
282178,520,457,977,112,105,228,281.89,0.7863,0.5250,0.191489,12,11,23,286.94,0.3562,0.0645,0.003794,4.489
282185,520,438,958,198,3,241,317.80,0.9978,0.5465,0.184233,34,3,45,315.70,0.8392,0.0923,0.005947,4.187
282186,520,435,955,201,33,233,320.07,0.9634,0.5547,0.193900,4,12,60,267.03,0.9337,0.0906,0.006150,4.344
282193,520,408,928,251,9,60,21.78,0.9955,0.5656,0.210346,59,5,6,25.79,0.9228,0.1261,0.010517,4.302
282219,520,472,992,195,32,201,326.54,0.9276,0.5204,0.168538,2,4,11,263.84,0.4831,0.0335,0.001239,4.265
282227,520,282,802,241,118,210,337.87,0.8794,0.6945,0.363132,76,54,22,74.30,0.6167,0.2532,0.042329,4.475
282228,520,462,982,211,44,158,344.53,0.8602,0.5312,0.181211,9,8,1,104.35,0.7188,0.0472,0.002339,4.418
282229,520,478,998,219,37,52,23.86,0.9479,0.5084,0.166338,3,0,4,321.50,1.0000,0.0174,0.000281,4.303
282234,520,419,939,227,72,38,33.77,0.9280,0.5563,0.211083,21,12,69,281.06,0.8607,0.1124,0.008520,4.461
282237,520,325,845,250,40,252,327.80,0.9914,0.6537,0.288728,93,8,45,1.89,0.8571,0.2146,0.026907,4.404
282249,520,236,756,214,151,251,312.17,0.9293,0.7368,0.433953,2,77,85,206.91,0.9748,0.2905,0.059762,4.409
282250,520,442,962,197,45,213,323.69,0.9104,0.5407,0.185528,42,1,5,20.07,0.9558,0.0841,0.005250,4.263
282252,520,398,918,233,71,104,13.04,0.8423,0.5777,0.228325,51,24,15,39.09,0.5361,0.1419,0.013917,4.354
282260,520,455,975,177,58,229,313.05,0.8919,0.5324,0.180313,14,3,39,291.39,0.8564,0.0615,0.003050,4.341
282264,520,439,959,205,44,215,325.45,0.9240,0.5548,0.196886,21,4,61,287.02,0.9210,0.0922,0.005832,4.422
282265,520,429,949,225,72,8,37.71,0.9869,0.5508,0.206625,31,16,20,2.44,0.3230,0.0953,0.007124,4.492
282278,520,452,972,185,100,60,44.80,0.6699,0.5289,0.197563,4,17,27,241.21,0.5873,0.0744,0.005058,4.496
282292,520,378,898,232,56,201,336.44,0.9171,0.6014,0.242038,19,40,48,224.71,0.4345,0.1599,0.018694,4.251
282301,520,367,887,240,81,120,9.54,0.8548,0.6066,0.257692,11,43,64,241.46,0.6993,0.1745,0.021690,4.292
282305,520,441,961,209,84,23,41.93,0.9289,0.5382,0.199600,6,24,13,155.37,0.6917,0.0897,0.007210,4.363
282310,520,465,985,187,0,232,316.84,1.0000,0.5202,0.163923,19,1,25,318.14,0.8455,0.0523,0.002304,4.090
282314,520,333,853,254,28,228,334.25,0.9957,0.6403,0.275060,27,54,6,134.73,0.9532,0.1984,0.028844,4.123
282321,520,396,916,215,13,250,320.15,0.9941,0.5839,0.216390,52,19,29,2.95,0.5338,0.1379,0.012846,4.239
282325,520,306,826,249,76,243,329.44,0.9774,0.6721,0.317825,101,11,47,3.99,0.8493,0.2350,0.032118,4.479
282346,520,419,939,225,76,49,32.53,0.8940,0.5586,0.214009,37,20,9,52.85,0.5093,0.1097,0.009134,4.465
282361,520,465,985,198,19,207,325.88,0.9684,0.5241,0.169782,23,3,5,14.88,0.6898,0.0537,0.002583,4.180
282366,520,459,979,229,33,75,17.39,0.9516,0.5306,0.182567,8,15,8,144.63,0.3609,0.0649,0.004108,4.298
282388,520,448,968,161,65,251,302.59,0.9707,0.5358,0.183232,32,11,10,24.11,0.5094,0.0842,0.005684,4.189
282393,520,397,917,239,57,116,7.10,0.8908,0.5784,0.225410,27,29,61,278.35,0.5198,0.1441,0.014486,4.271
282394,520,440,960,156,93,231,301.76,0.8089,0.5516,0.206665,6,25,11,150.67,0.7725,0.0923,0.007581,4.457
282431,520,466,986,217,47,73,18.63,0.8982,0.5155,0.172683,15,1,24,311.94,0.8493,0.0467,0.001892,4.291
282436,520,365,885,220,59,244,322.06,0.9539,0.6111,0.248772,0,49,14,148.06,1.0000,0.1702,0.022282,4.133
282454,520,434,954,242,35,47,25.69,0.9728,0.5545,0.202879,41,8,12,16.54,0.6896,0.0951,0.006717,4.459
282457,520,288,808,253,106,175,353.68,0.9628,0.6803,0.342889,9,51,120,260.36,0.9246,0.2425,0.037816,4.474
282465,520,303,823,235,117,188,345.03,0.7815,0.6742,0.340179,38,58,59,199.92,0.2672,0.2328,0.037539,4.457
282487,520,316,836,254,79,197,343.63,0.9909,0.6585,0.306972,88,28,38,13.58,0.6642,0.2235,0.030455,4.437
282498,520,342,862,232,116,31,50.43,0.9311,0.6312,0.297481,17,53,32,155.02,0.7801,0.1941,0.027696,4.472
282517,520,394,914,248,52,112,9.25,0.9437,0.5906,0.235857,30,35,1,117.50,0.9545,0.1394,0.014803,4.411
282525,520,471,991,222,27,98,8.09,0.9429,0.5186,0.171980,9,0,30,293.44,1.0000,0.0424,0.001518,4.309
282526,520,416,936,220,76,134,359.13,0.7641,0.5693,0.221081,29,26,15,94.68,0.3063,0.1152,0.010345,4.492
282527,520,446,966,236,4,89,12.18,0.9956,0.5383,0.186442,22,13,23,323.15,0.3198,0.0788,0.005203,4.283
282569,520,370,890,248,82,77,26.02,0.9496,0.6129,0.265302,10,43,58,231.89,0.7048,0.1703,0.020977,4.442
282570,520,472,992,200,26,195,329.65,0.9424,0.5220,0.169601,3,4,7,266.51,0.2430,0.0330,0.001215,4.288
282576,520,454,974,216,16,160,344.39,0.9629,0.5272,0.175100,13,8,39,285.08,0.7175,0.0702,0.004057,4.164
282599,520,439,959,209,47,198,331.22,0.8956,0.5525,0.196675,13,6,67,275.73,0.9488,0.0950,0.006210,4.388
282604,520,373,893,205,70,241,318.23,0.9272,0.5959,0.237118,52,11,77,308.50,0.8238,0.1583,0.015053,4.414
282606,520,432,952,244,1,82,15.18,0.9992,0.5530,0.198675,7,26,30,213.13,0.5485,0.1025,0.008777,4.231
282637,520,419,939,226,41,165,345.76,0.9084,0.5606,0.204738,6,31,21,164.14,0.7619,0.1136,0.010728,4.195
282673,520,407,927,248,16,97,11.58,0.9869,0.5681,0.211937,31,32,18,111.60,0.3376,0.1347,0.013680,4.113
282692,520,432,952,236,22,126,0.35,0.9662,0.5541,0.199161,31,13,33,323.43,0.5121,0.0955,0.006890,4.380
282695,520,478,998,197,48,158,340.86,0.8174,0.5086,0.164547,4,0,0,29.23,1.0000,0.0164,0.000258,4.269
282698,520,315,835,254,65,232,333.40,0.9954,0.6641,0.306807,23,57,61,205.64,0.5411,0.2211,0.034452,4.225
282716,520,424,944,252,10,7,29.15,0.9966,0.5639,0.209317,11,28,38,236.25,0.4834,0.1146,0.010416,4.292
282731,520,392,912,233,61,162,349.40,0.8671,0.5878,0.232725,46,26,38,343.40,0.3510,0.1458,0.014596,4.377
282743,520,11,531,252,251,254,301.43,0.6057,0.9880,0.968456,2,135,57,149.06,0.9985,0.4721,0.176355,4.499
282751,520,445,965,236,20,94,11.14,0.9752,0.5436,0.191445,18,0,57,287.11,1.0000,0.0781,0.004240,4.451
282758,520,433,953,185,72,222,316.61,0.8448,0.5544,0.202241,21,25,1,117.64,0.9230,0.1011,0.008569,4.307
282762,520,448,968,174,65,230,311.40,0.8752,0.5362,0.184933,0,18,43,253.80,0.9999,0.0847,0.006070,4.190
282773,520,446,966,234,34,27,28.85,0.9745,0.5354,0.187188,14,7,50,282.10,0.8435,0.0790,0.004756,4.332
282776,520,445,965,190,79,170,335.14,0.6997,0.5386,0.194428,28,5,38,314.07,0.7537,0.0813,0.004954,4.448
282792,520,417,937,210,66,199,331.19,0.8444,0.5719,0.217235,0,13,87,263.99,1.0039,0.1224,0.009759,4.472
282833,520,391,911,141,114,252,288.63,0.9442,0.5883,0.247254,23,39,20,140.56,0.5342,0.1489,0.016837,4.447
282842,520,477,997,189,42,195,326.35,0.8804,0.5123,0.164164,4,0,9,309.30,1.0000,0.0221,0.000455,4.245
282844,520,327,847,235,97,198,339.39,0.8463,0.6492,0.302912,33,55,32,143.31,0.5241,0.2103,0.031599,4.325
282874,520,421,941,228,38,154,349.78,0.9156,0.5573,0.202160,11,17,70,270.42,0.8924,0.1145,0.009142,4.264
282878,520,420,940,203,50,221,323.22,0.9169,0.5601,0.201998,38,13,40,324.57,0.6017,0.1099,0.008532,4.305
282886,520,405,925,240,31,171,346.75,0.9591,0.5845,0.224486,5,31,56,250.47,0.7730,0.1317,0.012977,4.359
282897,520,449,969,217,20,184,337.28,0.9640,0.5437,0.187150,11,1,55,279.11,0.9841,0.0713,0.003687,4.417
282903,520,339,859,222,98,217,329.12,0.8316,0.6405,0.292766,23,53,24,144.46,0.7819,0.1953,0.027942,4.398
282904,520,385,905,183,92,235,311.15,0.8479,0.5875,0.237206,29,35,51,268.31,0.2941,0.1547,0.017023,4.285
282912,520,437,957,159,83,238,302.75,0.8694,0.5453,0.197309,1,21,33,235.65,0.8734,0.0863,0.006526,4.375
282919,520,377,897,227,53,223,329.14,0.9407,0.6037,0.242071,7,46,23,153.14,0.9284,0.1642,0.020609,4.136
282924,520,453,973,171,74,213,313.97,0.8005,0.5299,0.183604,15,10,28,294.68,0.4876,0.0680,0.004025,4.324
282938,520,337,857,203,122,196,330.10,0.6076,0.6410,0.306024,17,55,41,165.78,0.7248,0.2036,0.030115,4.444
282952,520,415,935,225,62,159,348.66,0.8381,0.5729,0.219585,13,27,50,259.84,0.5641,0.1205,0.010997,4.420
282962,520,352,872,250,91,30,38.53,0.9696,0.6231,0.279033,4,48,75,242.03,0.8697,0.1945,0.026476,4.302
282965,520,392,912,208,79,212,326.54,0.8334,0.5913,0.237570,30,30,60,281.63,0.4777,0.1486,0.015308,4.403
282994,520,438,958,218,20,199,333.28,0.9723,0.5548,0.195315,46,0,0,29.23,1.0000,0.0896,0.005809,4.396
282996,520,423,943,230,63,107,10.03,0.8513,0.5642,0.214424,10,23,54,264.53,0.6994,0.1117,0.009436,4.449
283002,520,311,831,237,94,214,334.47,0.8911,0.6565,0.308674,31,53,65,233.32,0.3751,0.2156,0.032191,4.364
283023,520,408,928,176,84,235,309.41,0.8593,0.5667,0.215697,59,3,27,0.90,0.8601,0.1290,0.010742,4.374
283026,520,452,972,220,61,67,23.49,0.8769,0.5338,0.189610,11,15,1,120.54,0.8562,0.0652,0.004150,4.425
283035,520,451,971,201,7,223,322.74,0.9926,0.5381,0.178989,12,16,21,254.16,0.1871,0.0748,0.005029,4.161
283036,520,350,870,235,106,115,18.06,0.7803,0.6317,0.292107,38,46,51,235.42,0.1376,0.1937,0.026050,4.498
283048,520,7,527,255,251,238,92.68,1.0000,0.9856,0.964276,5,135,48,147.00,0.9968,0.4711,0.175728,4.493
283059,520,464,984,207,65,76,20.38,0.8088,0.5150,0.175700,7,1,34,284.32,0.9479,0.0464,0.001824,4.355
283063,520,323,843,230,110,164,353.79,0.7264,0.6457,0.306575,51,50,41,102.02,0.1420,0.2146,0.031451,4.378
283065,520,171,691,238,170,245,323.42,0.9019,0.7982,0.535205,44,88,93,205.14,0.4800,0.3429,0.083049,4.398
283077,520,342,862,217,103,199,333.75,0.7452,0.6306,0.285776,60,39,32,39.21,0.3154,0.1945,0.025161,4.467
283083,520,431,951,172,85,219,311.80,0.7861,0.5510,0.203829,11,21,47,265.95,0.6173,0.1019,0.008127,4.367
283089,520,478,998,185,56,177,330.58,0.7956,0.5062,0.163184,2,1,9,287.91,0.7237,0.0230,0.000543,4.218
283092,520,386,906,249,50,118,7.13,0.9499,0.5927,0.237324,18,35,59,257.19,0.5341,0.1515,0.016464,4.323
283097,520,14,534,251,248,255,305.41,1.0000,0.9807,0.948641,40,133,36,142.48,0.9647,0.4698,0.173529,4.468
283102,520,359,879,243,92,93,23.18,0.8930,0.6197,0.275024,0,49,43,182.14,1.0000,0.1784,0.023709,4.410
283113,520,412,932,254,1,53,23.20,0.9996,0.5695,0.213534,27,25,35,293.91,0.2085,0.1177,0.010496,4.356
283134,520,198,718,241,174,97,68.31,0.7847,0.7661,0.498380,35,88,45,147.63,0.8496,0.3221,0.075260,4.378
283137,520,386,906,236,2,215,333.40,0.9987,0.5936,0.227853,4,44,6,143.72,0.9830,0.1531,0.018402,4.062
283143,520,359,879,218,72,246,320.68,0.9554,0.6213,0.261958,8,43,75,250.34,0.7871,0.1812,0.022873,4.281
283147,520,442,962,229,50,39,28.94,0.9449,0.5375,0.190886,5,8,53,269.91,0.9294,0.0772,0.004629,4.409
283160,520,391,911,247,50,136,0.59,0.9329,0.5946,0.238363,45,32,5,82.67,0.7738,0.1497,0.016019,4.368
283176,520,316,836,253,89,176,351.23,0.9725,0.6586,0.311652,9,63,21,146.61,0.9727,0.2232,0.036671,4.173
283179,520,370,890,204,104,189,333.16,0.6703,0.6079,0.264137,5,44,56,223.35,0.8308,0.1704,0.021190,4.413
283186,520,462,982,169,69,222,311.33,0.8408,0.5274,0.179660,14,5,16,320.78,0.4749,0.0504,0.002393,4.383
283195,520,377,897,227,27,234,326.61,0.9825,0.5965,0.230576,58,29,1,60.47,0.9358,0.1623,0.017806,4.138
283205,520,416,936,207,57,211,326.90,0.8874,0.5657,0.208966,9,28,49,252.74,0.6283,0.1203,0.011103,4.238
283209,520,477,997,221,26,87,11.82,0.9501,0.5131,0.168018,7,0,4,341.66,1.0000,0.0236,0.000539,4.314
283214,520,439,959,221,19,191,336.25,0.9723,0.5550,0.196019,34,14,3,51.59,0.7127,0.0913,0.006608,4.346
283221,520,415,935,238,62,36,31.48,0.9524,0.5664,0.217529,33,25,15,72.48,0.3212,0.1174,0.010531,4.420
283277,520,335,855,255,43,221,336.27,1.0000,0.6446,0.282115,18,50,73,242.93,0.6318,0.2041,0.028907,4.209
283293,520,284,804,255,83,250,329.13,1.0000,0.6928,0.343515,67,45,93,303.47,0.5202,0.2488,0.038604,4.441
283294,520,431,951,237,27,102,8.99,0.9616,0.5506,0.197509,5,19,59,264.56,0.8731,0.1041,0.008137,4.257
283295,520,440,960,211,2,211,328.36,0.9976,0.5458,0.185975,42,7,3,32.29,0.8558,0.0934,0.006509,4.176
283300,520,386,906,241,45,151,353.95,0.9241,0.5853,0.228150,15,36,53,245.03,0.5372,0.1486,0.016203,4.201
283311,520,304,824,253,68,234,332.67,0.9911,0.6661,0.309604,16,58,73,225.74,0.7052,0.2275,0.036171,4.173
283312,520,26,546,230,250,249,193.18,0.6569,0.9653,0.920331,13,132,13,142.61,0.9944,0.4590,0.166164,4.489
283329,520,441,961,207,79,104,11.55,0.7132,0.5404,0.198589,24,16,36,301.17,0.4507,0.0942,0.006922,4.367
283343,520,273,793,250,102,231,332.96,0.9732,0.6960,0.355990,37,68,47,153.37,0.5195,0.2588,0.047327,4.171
283352,520,430,950,227,15,168,344.46,0.9761,0.5523,0.195024,19,17,52,281.29,0.6564,0.1029,0.007873,4.234
283355,520,415,935,202,61,225,321.63,0.8979,0.5709,0.213319,49,10,35,344.96,0.6855,0.1214,0.009915,4.395
283358,520,477,997,220,46,2,32.99,0.9972,0.5135,0.171767,5,0,2,349.81,1.0000,0.0195,0.000367,4.403
283361,520,84,604,249,220,202,53.87,0.6826,0.8995,0.755914,33,117,15,140.88,0.9872,0.4136,0.130799,4.458
283367,520,435,955,215,25,200,332.25,0.9612,0.5518,0.193146,42,1,29,343.67,0.8767,0.0926,0.006027,4.340
283382,520,407,927,241,51,103,11.32,0.9166,0.5736,0.220509,28,28,44,283.79,0.2988,0.1312,0.012592,4.322
283385,520,407,927,255,22,21,28.70,1.0000,0.5740,0.218918,28,4,90,282.37,0.9704,0.1340,0.010719,4.429
283388,520,305,825,237,89,246,325.43,0.9615,0.6688,0.318054,31,47,106,268.60,0.7102,0.2289,0.033648,4.400
283397,520,321,841,211,130,166,352.10,0.5290,0.6538,0.325689,6,61,6,142.75,0.9878,0.2135,0.033892,4.478
283404,520,352,872,229,103,111,18.46,0.7471,0.6161,0.275087,41,46,19,117.94,0.5441,0.1865,0.024724,4.350
283409,520,410,930,208,14,241,320.34,0.9912,0.5654,0.200766,23,32,15,131.33,0.4693,0.1262,0.012497,4.012
283442,520,373,893,210,57,249,318.27,0.9704,0.5973,0.234691,56,26,26,20.85,0.4603,0.1572,0.016542,4.278
283447,520,411,931,209,30,242,320.19,0.9766,0.5733,0.208964,0,15,82,263.70,1.0017,0.1191,0.009508,4.352
283449,520,267,787,228,127,239,323.52,0.8907,0.7052,0.379064,55,64,51,136.04,0.1987,0.2623,0.047180,4.415
283450,520,444,964,232,6,126,359.15,0.9904,0.5417,0.187954,28,8,25,333.27,0.5592,0.0785,0.004908,4.334
283497,520,406,926,193,100,175,334.94,0.6180,0.5782,0.235483,3,35,36,197.94,0.8556,0.1307,0.013487,4.497
283505,520,391,911,216,14,255,319.32,1.0000,0.5897,0.221349,64,3,46,343.67,0.8536,0.1485,0.013525,4.271
283506,520,339,859,238,101,143,3.63,0.7938,0.6372,0.294704,45,46,43,121.79,0.0484,0.1974,0.026863,4.485
283521,520,410,930,178,91,225,311.92,0.7990,0.5723,0.223842,49,18,31,355.62,0.5263,0.1317,0.011846,4.428
283524,520,412,932,228,41,170,344.60,0.9159,0.5668,0.209848,41,8,59,310.41,0.7988,0.1218,0.009609,4.359
283537,520,455,975,198,48,184,332.31,0.8526,0.5254,0.175821,24,6,1,45.86,0.7981,0.0604,0.003267,4.239
283557,520,224,744,245,159,132,38.18,0.7850,0.7467,0.458770,52,78,52,144.48,0.4404,0.3023,0.064266,4.452
283589,520,406,926,196,90,206,324.12,0.7570,0.5840,0.235057,9,37,7,142.08,0.9414,0.1316,0.013965,4.456
283601,520,452,972,188,66,192,326.52,0.7925,0.5316,0.183950,8,12,39,272.54,0.6885,0.0738,0.004610,4.284
283602,520,356,876,215,87,232,322.83,0.8850,0.6244,0.270914,38,36,72,283.95,0.4914,0.1797,0.021417,4.494
283620,520,449,969,236,25,47,24.65,0.9808,0.5370,0.187366,27,10,9,24.37,0.4483,0.0747,0.004698,4.340
283622,520,477,997,221,19,64,18.93,0.9759,0.5051,0.162108,6,1,2,3.56,0.5657,0.0248,0.000648,4.188
283640,520,401,921,230,26,205,334.61,0.9730,0.5824,0.219721,42,15,68,303.29,0.7536,0.1402,0.012513,4.315
283663,520,392,912,250,10,164,350.59,0.9923,0.5940,0.232248,8,43,1,139.91,0.9941,0.1506,0.017815,4.162
283672,520,438,958,141,98,235,294.21,0.8179,0.5458,0.203963,12,23,14,149.35,0.4089,0.0909,0.007226,4.438
283674,520,389,909,253,28,128,2.92,0.9838,0.5913,0.232753,59,7,54,332.47,0.7914,0.1478,0.013482,4.454
283691,520,466,986,211,64,79,19.22,0.8198,0.5221,0.180825,19,5,4,27.51,0.5219,0.0522,0.002558,4.392
283707,520,424,944,209,34,218,325.89,0.9530,0.5576,0.197632,10,25,49,259.40,0.6213,0.1129,0.009815,4.140
283713,520,348,868,245,1,245,328.36,0.9997,0.6292,0.260296,67,34,5,57.11,0.8172,0.1892,0.023485,4.223
283714,520,452,972,223,46,66,21.26,0.9211,0.5255,0.180381,6,16,15,188.11,0.3631,0.0680,0.004438,4.232
283718,520,457,977,181,81,167,333.13,0.6642,0.5257,0.184999,7,2,42,278.79,0.9483,0.0561,0.002557,4.471
283729,520,340,860,237,115,10,50.88,0.9850,0.6367,0.302907,1,56,41,168.59,0.9883,0.2016,0.029948,4.414
283730,520,383,903,238,69,155,353.69,0.8599,0.6016,0.248028,20,39,23,148.15,0.5325,0.1475,0.016616,4.474
283732,520,406,926,195,62,245,314.71,0.9450,0.5758,0.216412,14,28,57,263.15,0.6216,0.1289,0.012192,4.284
283735,520,415,935,222,63,156,349.11,0.8239,0.5671,0.214873,14,21,61,271.06,0.7472,0.1155,0.009666,4.439
283747,520,398,918,238,30,171,346.29,0.9586,0.5803,0.220489,46,22,33,351.87,0.4157,0.1352,0.012645,4.318
283760,520,354,874,206,91,240,317.75,0.9020,0.6215,0.268967,59,31,45,349.29,0.4011,0.1795,0.020993,4.493
283774,520,342,862,233,58,237,327.10,0.9538,0.6266,0.264666,32,52,0,129.24,1.0000,0.1947,0.027630,4.053
283779,520,280,800,234,122,205,337.89,0.8087,0.6883,0.358214,30,66,60,181.53,0.5179,0.2528,0.044985,4.298
283784,520,398,918,248,36,122,4.51,0.9550,0.5831,0.226268,16,17,87,272.03,0.9280,0.1369,0.011991,4.457
283798,520,363,883,254,32,160,353.08,0.9915,0.6069,0.246455,74,12,31,7.81,0.7832,0.1720,0.018180,4.348
283803,520,429,949,225,62,98,12.71,0.8455,0.5512,0.203373,3,25,38,236.96,0.7647,0.1016,0.008545,4.328
283825,520,455,975,220,56,87,15.31,0.8609,0.5328,0.187347,9,14,9,144.91,0.2458,0.0634,0.003919,4.402
283833,520,399,919,233,78,51,32.28,0.9054,0.5764,0.230143,62,11,22,12.71,0.7615,0.1430,0.013216,4.432
283839,520,392,912,244,14,172,347.01,0.9874,0.5869,0.225289,42,27,48,315.96,0.3907,0.1475,0.014895,4.242
283866,520,376,896,249,49,131,2.58,0.9481,0.5961,0.239785,73,12,1,34.13,0.9796,0.1637,0.016819,4.337
283876,520,345,865,250,81,130,7.03,0.9351,0.6276,0.278239,2,53,35,163.36,0.9777,0.1897,0.026803,4.274
283905,520,466,986,191,27,210,323.05,0.9492,0.5174,0.165149,5,5,24,278.66,0.6651,0.0462,0.002067,4.132
283907,520,316,836,253,107,112,20.77,0.9681,0.6625,0.325711,23,61,10,139.07,0.9598,0.2201,0.035414,4.399
283911,520,412,932,251,19,63,21.47,0.9892,0.5686,0.213376,6,8,89,267.55,0.9827,0.1217,0.009336,4.439
283914,520,371,891,212,70,246,319.07,0.9530,0.6101,0.250329,36,2,116,281.17,0.9919,0.1743,0.016794,4.496
283921,520,429,949,237,1,137,356.34,0.9986,0.5550,0.198355,34,17,22,1.02,0.3491,0.1024,0.007989,4.283
283925,520,444,964,172,60,246,307.52,0.9457,0.5412,0.186570,37,4,8,16.52,0.7858,0.0802,0.004977,4.303
283934,520,348,868,209,101,216,325.10,0.7829,0.6251,0.278221,48,42,43,6.24,0.0778,0.1898,0.024587,4.400
283935,520,434,954,239,33,62,21.91,0.9682,0.5492,0.197895,14,23,23,196.12,0.2228,0.0953,0.007680,4.298
283948,520,268,788,239,149,7,67.45,0.9907,0.7040,0.398634,32,72,26,141.14,0.8862,0.2640,0.050162,4.479
283958,520,440,960,223,9,180,339.85,0.9863,0.5498,0.191812,20,18,29,292.49,0.2686,0.0905,0.006700,4.265
283962,520,451,971,231,2,127,358.53,0.9966,0.5391,0.185676,3,10,45,266.44,0.8979,0.0714,0.004259,4.344
283964,520,258,778,251,141,86,46.07,0.9324,0.7118,0.402337,30,72,56,166.00,0.6252,0.2705,0.051961,4.436
283995,520,420,940,239,51,48,27.34,0.9490,0.5595,0.209350,22,18,60,282.06,0.7050,0.1146,0.009294,4.374
284002,520,467,987,212,65,37,32.84,0.9124,0.5188,0.179136,15,1,3,9.58,0.7647,0.0366,0.001299,4.467
284007,520,477,997,165,57,221,311.03,0.8712,0.5072,0.161468,6,1,1,22.40,0.6057,0.0243,0.000626,4.177
284023,520,366,886,240,56,190,341.65,0.9210,0.6096,0.250742,4,48,38,173.42,0.9248,0.1745,0.022796,4.131
284025,520,469,989,216,61,9,35.60,0.9841,0.5203,0.179587,3,8,5,160.14,0.4029,0.0429,0.002040,4.412
284027,520,389,909,244,45,141,357.95,0.9288,0.5872,0.230362,33,26,65,288.40,0.5839,0.1463,0.014438,4.351
284037,520,362,882,251,23,189,343.71,0.9841,0.6112,0.247995,5,14,124,265.64,0.9874,0.1771,0.018014,4.381
284049,520,474,994,186,35,223,318.16,0.9423,0.5234,0.169702,2,3,19,272.35,0.7741,0.0349,0.001250,4.287
284050,520,451,971,236,33,56,23.25,0.9681,0.5420,0.192093,24,11,14,4.84,0.3320,0.0738,0.004653,4.430
284051,520,449,969,240,6,51,23.06,0.9963,0.5403,0.188979,11,7,42,281.31,0.7931,0.0692,0.003903,4.434
284062,520,199,719,249,169,116,53.81,0.8464,0.7690,0.497789,7,92,13,143.29,0.9936,0.3227,0.077282,4.304
284075,520,443,963,201,76,133,355.08,0.6998,0.5356,0.192817,22,1,49,297.20,0.9565,0.0759,0.004140,4.485
284085,520,351,871,248,39,224,333.94,0.9773,0.6319,0.267923,14,39,94,263.11,0.8439,0.1891,0.023524,4.324
284087,520,396,916,226,78,122,5.93,0.7811,0.5784,0.230252,12,33,60,255.77,0.6527,0.1434,0.014921,4.317
284094,520,430,950,215,31,198,332.81,0.9462,0.5532,0.195064,36,18,10,44.41,0.4761,0.1041,0.008296,4.204
284096,520,424,944,141,103,239,292.63,0.8310,0.5579,0.215952,17,21,57,274.31,0.6683,0.1140,0.009509,4.469
284111,520,333,853,253,58,194,343.48,0.9847,0.6364,0.278071,40,51,6,122.62,0.8811,0.1990,0.028319,4.189
284126,520,427,947,196,8,254,314.42,0.9958,0.5553,0.190666,47,4,21,1.19,0.7950,0.1034,0.007454,4.189
284147,520,350,870,239,65,224,331.87,0.9389,0.6342,0.275158,34,39,83,275.53,0.5774,0.1919,0.024156,4.385
284152,520,480,1000,209,47,117,0.06,0.8352,0.5120,0.168750,0,0,0,0.00,0.0000,0.0000,0.000000,4.375
284157,520,407,927,238,65,43,30.80,0.9389,0.5701,0.221353,36,23,53,302.23,0.5136,0.1343,0.012449,4.345
284170,520,424,944,225,6,186,338.58,0.9919,0.5564,0.196855,11,26,46,256.16,0.5607,0.1139,0.010072,4.109
284175,520,480,1000,217,13,115,0.26,0.9691,0.5085,0.162799,0,0,0,0.00,0.0000,0.0000,0.000000,4.256
284178,520,388,908,210,61,237,320.94,0.9272,0.5920,0.231553,30,7,100,280.61,0.9629,0.1520,0.013480,4.435
284181,520,478,998,211,5,145,348.03,0.9850,0.5071,0.160041,2,2,2,0.00,0.0000,0.0229,0.000607,4.150
284182,520,328,848,252,4,255,327.71,1.0000,0.6487,0.280053,69,34,63,333.78,0.4919,0.2104,0.027683,4.249
284186,520,428,948,221,20,191,336.25,0.9705,0.5553,0.196364,30,8,50,303.99,0.7649,0.0982,0.006800,4.337
284204,520,392,912,230,49,201,335.86,0.9283,0.5926,0.232392,30,14,96,280.65,0.9167,0.1545,0.014346,4.389
284208,520,381,901,217,65,234,323.52,0.9236,0.6047,0.244747,4,44,38,180.41,0.8975,0.1612,0.019670,4.231
284213,520,432,952,217,57,145,351.61,0.8229,0.5473,0.197247,7,26,9,146.16,0.8169,0.0955,0.008037,4.260
284217,520,405,925,219,58,207,331.35,0.8974,0.5842,0.225933,11,22,75,268.25,0.8803,0.1297,0.011529,4.485
284218,520,237,757,240,127,253,323.36,0.9878,0.7291,0.407978,2,72,112,242.55,0.9634,0.2917,0.058172,4.234
284224,520,303,823,232,108,210,334.68,0.8387,0.6661,0.325363,46,55,68,257.53,0.2041,0.2350,0.037305,4.299
284241,520,445,965,216,54,131,356.62,0.8271,0.5369,0.188783,39,0,9,10.31,1.0000,0.0773,0.004511,4.380
284244,520,436,956,216,19,203,331.69,0.9748,0.5534,0.193787,15,23,9,132.76,0.4926,0.0919,0.007341,4.252
284248,520,408,928,211,70,183,336.73,0.8045,0.5687,0.216501,17,12,85,273.93,0.9441,0.1278,0.010379,4.414
284260,520,336,856,255,77,154,358.33,1.0000,0.6401,0.289043,22,54,6,137.41,0.9651,0.1954,0.028220,4.334
284261,520,442,962,216,47,142,351.77,0.8531,0.5354,0.185873,16,3,54,284.87,0.9312,0.0780,0.004416,4.335
284268,520,401,921,169,96,242,304.01,0.8695,0.5806,0.232121,12,39,28,164.12,0.6650,0.1444,0.016130,4.266
284283,520,462,982,211,17,187,334.87,0.9679,0.5334,0.178398,14,6,18,314.43,0.4544,0.0536,0.002673,4.336
284309,520,440,960,234,46,66,21.96,0.9390,0.5479,0.198428,35,10,26,343.50,0.5653,0.0929,0.006490,4.398
284329,520,367,887,248,11,206,338.40,0.9944,0.6118,0.246552,55,32,19,49.72,0.4747,0.1670,0.018924,4.303
284343,520,473,993,208,50,124,357.26,0.8201,0.5153,0.171485,5,2,1,48.86,0.4298,0.0265,0.000779,4.362
284344,520,425,945,232,18,161,347.82,0.9728,0.5594,0.201645,23,22,48,283.13,0.4922,0.1143,0.009694,4.216
284379,520,381,901,226,55,211,332.08,0.9214,0.5961,0.236066,25,37,61,263.28,0.4450,0.1631,0.018667,4.166
284398,520,385,905,240,78,2,38.30,0.9977,0.5866,0.239816,43,34,13,86.50,0.5434,0.1535,0.016867,4.334
284402,520,401,921,238,17,174,345.15,0.9811,0.5771,0.216370,21,39,6,133.39,0.8914,0.1449,0.016236,4.022
284437,520,437,957,201,71,180,334.78,0.7740,0.5516,0.202210,15,17,40,277.30,0.5220,0.0903,0.006556,4.459
284453,520,458,978,210,48,152,346.61,0.8396,0.5295,0.180847,27,2,7,8.58,0.7807,0.0585,0.002918,4.362
284465,520,25,545,244,253,189,114.46,0.9677,0.9674,0.931578,23,133,25,142.92,0.9871,0.4646,0.170267,4.456
284470,520,350,870,232,77,219,331.45,0.9023,0.6314,0.275804,34,39,78,275.57,0.5311,0.1879,0.023411,4.438
284500,520,461,981,218,29,136,353.43,0.9198,0.5250,0.175642,14,4,14,327.16,0.5090,0.0473,0.002119,4.329
284502,520,310,830,240,94,207,337.55,0.8950,0.6576,0.310382,39,56,44,153.67,0.2991,0.2216,0.034415,4.269
284507,520,410,930,236,63,70,23.64,0.9071,0.5676,0.218331,35,7,78,292.76,0.9007,0.1310,0.010593,4.428
284512,520,368,888,255,67,59,27.71,1.0000,0.6070,0.255938,23,34,76,269.43,0.6513,0.1653,0.018479,4.468
284543,520,446,966,175,42,253,307.94,0.9890,0.5364,0.178626,7,22,11,151.40,0.6174,0.0840,0.006431,4.051
284548,520,471,991,199,72,100,10.36,0.7168,0.5153,0.176989,3,6,12,256.22,0.3770,0.0404,0.001761,4.385
284562,520,471,991,227,11,85,12.52,0.9852,0.5199,0.172290,17,0,16,330.24,1.0000,0.0421,0.001566,4.311
284586,520,385,905,237,16,199,337.82,0.9869,0.5885,0.225015,6,22,95,265.85,0.9515,0.1502,0.014387,4.271
284593,520,434,954,236,52,2,33.30,0.9979,0.5515,0.202964,30,19,29,329.57,0.2914,0.1041,0.008305,4.339
284598,520,272,792,226,125,245,321.10,0.9242,0.7026,0.374302,7,68,75,207.08,0.8936,0.2576,0.046872,4.380
284613,520,470,990,163,92,168,324.73,0.5688,0.5176,0.182688,3,7,6,179.90,0.2984,0.0407,0.001845,4.488
284620,520,396,916,236,72,87,19.91,0.8757,0.5805,0.231587,48,26,28,14.05,0.3512,0.1449,0.014511,4.365
284630,520,389,909,249,26,148,355.68,0.9727,0.5898,0.230201,50,27,35,357.79,0.3593,0.1527,0.015834,4.256
284641,520,447,967,205,20,215,325.70,0.9743,0.5424,0.183876,31,1,35,323.24,0.8845,0.0768,0.004344,4.304
284644,520,430,950,245,13,43,25.12,0.9935,0.5517,0.198783,22,12,57,286.75,0.7702,0.1012,0.007289,4.343
284650,520,399,919,226,68,146,354.37,0.8149,0.5753,0.223809,37,19,72,294.07,0.7311,0.1435,0.013269,4.328
284672,520,375,895,245,0,191,341.69,1.0000,0.5959,0.231772,14,14,111,269.10,0.9767,0.1625,0.015550,4.299
284677,520,465,985,230,23,40,25.71,0.9820,0.5226,0.175920,16,3,15,330.03,0.6137,0.0477,0.002098,4.336
284684,520,478,998,221,32,80,14.77,0.9394,0.5145,0.169871,2,2,5,283.18,0.3513,0.0245,0.000673,4.339
284688,520,378,898,247,8,198,340.28,0.9952,0.6049,0.240282,21,41,27,152.70,0.4962,0.1557,0.018244,4.254
284702,520,352,872,216,73,242,321.05,0.9371,0.6165,0.257766,21,1,136,270.16,0.9989,0.1903,0.019586,4.423
284708,520,374,894,223,17,255,321.02,1.0000,0.6020,0.233110,38,10,99,286.54,0.9273,0.1620,0.015300,4.336
284733,520,107,627,247,210,176,64.49,0.6959,0.8681,0.690032,4,111,55,152.04,0.9943,0.3927,0.116700,4.439
284748,520,471,991,190,32,218,320.63,0.9453,0.5244,0.170436,18,0,14,336.01,1.0000,0.0425,0.001603,4.272
284750,520,448,968,208,40,181,336.01,0.8919,0.5354,0.182657,24,13,26,321.23,0.3831,0.0826,0.005566,4.187
284755,520,417,937,233,31,164,347.39,0.9471,0.5678,0.209868,14,19,74,271.48,0.8760,0.1243,0.010535,4.293
284759,520,414,934,242,53,22,31.74,0.9787,0.5652,0.214847,54,7,1,33.74,0.9648,0.1171,0.009386,4.460
284762,520,433,953,216,63,133,356.81,0.7969,0.5466,0.198497,24,9,56,291.27,0.7997,0.0978,0.006751,4.379
284767,520,390,910,223,19,236,325.22,0.9888,0.5884,0.222121,5,40,42,200.57,0.8090,0.1503,0.017169,4.051
284775,520,341,861,236,62,230,329.57,0.9453,0.6304,0.269938,11,12,143,266.59,0.9916,0.2049,0.023171,4.372
284778,520,427,947,246,34,45,26.10,0.9767,0.5621,0.209299,12,25,26,202.01,0.3329,0.1008,0.008480,4.434
284795,520,423,943,217,13,212,329.60,0.9868,0.5595,0.197952,8,23,59,264.09,0.7887,0.1149,0.009801,4.146
284797,520,326,846,249,109,50,41.24,0.9507,0.6491,0.313105,10,59,39,161.29,0.9041,0.2138,0.033388,4.354
284833,520,451,971,208,74,114,5.53,0.7316,0.5384,0.195245,21,14,6,71.54,0.3940,0.0741,0.004867,4.470
284849,520,418,938,217,55,171,342.01,0.8497,0.5577,0.204266,52,7,13,17.92,0.8023,0.1153,0.009112,4.301
284852,520,210,730,219,176,152,50.67,0.4126,0.7553,0.483789,39,83,69,170.47,0.5554,0.3149,0.070473,4.431
284854,520,448,968,116,106,234,282.72,0.8141,0.5353,0.199612,13,17,29,269.59,0.3358,0.0819,0.005752,4.477
284855,520,356,876,231,56,229,328.60,0.9468,0.6166,0.254768,27,17,118,274.17,0.9573,0.1834,0.019418,4.390
284866,520,391,911,230,89,89,23.36,0.8169,0.5917,0.246917,26,34,52,265.52,0.3471,0.1500,0.016116,4.491
284878,520,425,945,217,78,113,8.49,0.7498,0.5595,0.213951,28,25,15,93.38,0.2835,0.1114,0.009766,4.416
284880,520,401,921,252,46,52,26.11,0.9862,0.5826,0.229011,10,36,38,202.19,0.5985,0.1380,0.014662,4.315
284889,520,476,996,199,71,103,8.59,0.7189,0.5148,0.176298,3,0,12,296.66,1.0000,0.0224,0.000459,4.485
284893,520,475,995,152,70,238,301.64,0.8943,0.5187,0.172291,5,2,10,304.41,0.5645,0.0307,0.000976,4.361
284902,520,63,583,244,239,62,107.82,0.9734,0.9155,0.813147,25,124,3,141.22,0.9980,0.4341,0.146280,4.398
284914,520,389,909,222,62,203,333.33,0.8870,0.5905,0.232889,33,33,41,285.27,0.1444,0.1479,0.015711,4.305
284916,520,350,870,224,67,246,322.45,0.9606,0.6258,0.265174,68,34,13,50.04,0.6786,0.1919,0.024022,4.258
284919,520,81,601,252,211,250,327.66,0.9701,0.8990,0.741871,14,117,24,143.65,0.9912,0.4098,0.128813,4.428
284939,520,350,870,227,67,246,323.25,0.9621,0.6305,0.270011,19,40,85,263.23,0.7220,0.1858,0.023118,4.377
284973,520,471,991,215,13,147,348.42,0.9670,0.5179,0.168439,5,6,16,276.66,0.4167,0.0441,0.001999,4.201
284983,520,341,861,234,104,138,6.08,0.7587,0.6335,0.292306,11,50,67,231.32,0.7414,0.1976,0.027575,4.413
284984,520,429,949,174,92,190,320.89,0.6593,0.5457,0.203716,14,23,25,212.90,0.2293,0.0961,0.007763,4.392
285000,520,348,868,250,85,121,11.26,0.9351,0.6297,0.282048,37,49,20,127.74,0.5900,0.1919,0.026404,4.346
285007,520,441,961,228,52,25,31.57,0.9663,0.5361,0.190231,2,12,61,265.07,0.9483,0.0904,0.006127,4.280
285008,520,407,927,244,31,100,10.89,0.9630,0.5662,0.211366,59,2,35,351.24,0.8764,0.1312,0.010947,4.288
285011,520,302,822,202,127,230,316.32,0.7634,0.6665,0.334495,29,61,22,140.12,0.8521,0.2250,0.036565,4.442
285013,520,460,980,207,8,194,331.84,0.9859,0.5283,0.173361,4,14,11,175.09,0.4729,0.0601,0.003640,4.164
285022,520,343,863,244,25,238,329.67,0.9900,0.6280,0.261042,45,46,23,110.68,0.4462,0.1916,0.025738,4.107
285027,520,369,889,208,96,207,327.82,0.7667,0.6111,0.262822,13,43,50,215.65,0.6152,0.1670,0.020435,4.441
285055,520,478,998,225,9,13,28.63,0.9948,0.5054,0.162349,5,1,2,359.77,0.5178,0.0235,0.000584,4.198
285077,520,431,951,193,85,162,339.96,0.6643,0.5480,0.204446,0,11,71,263.78,1.0021,0.0991,0.006942,4.468
285084,520,344,864,245,58,208,337.63,0.9444,0.6295,0.269956,4,47,68,235.85,0.8672,0.1867,0.024761,4.280
285086,520,334,854,230,73,237,326.12,0.9320,0.6351,0.277047,88,17,9,30.37,0.9097,0.2031,0.024957,4.363
285088,520,363,883,247,89,7,40.24,0.9933,0.6140,0.269376,3,48,0,141.58,1.0000,0.1659,0.021332,4.477
285089,520,423,943,149,92,253,295.23,0.9737,0.5592,0.211358,14,30,8,137.80,0.7741,0.1118,0.010394,4.328
285107,520,401,921,222,59,182,339.78,0.8634,0.5760,0.220373,26,17,83,280.11,0.8604,0.1399,0.012450,4.329
285115,520,370,890,190,101,229,314.40,0.8054,0.6065,0.259127,31,37,70,273.95,0.4915,0.1743,0.020566,4.381
285125,520,443,963,214,56,139,353.16,0.8161,0.5382,0.189909,29,9,30,325.58,0.5787,0.0843,0.005504,4.322
285126,520,436,956,207,14,229,322.85,0.9882,0.5545,0.192384,2,7,67,265.98,0.9763,0.0894,0.005701,4.352
285128,520,399,919,253,49,2,32.31,0.9986,0.5838,0.230874,9,27,71,264.09,0.8375,0.1359,0.012968,4.461
285140,520,328,848,254,39,237,332.12,0.9961,0.6504,0.286394,33,57,5,131.83,0.9548,0.2124,0.032605,4.072
285142,520,381,901,211,75,226,323.61,0.8821,0.6002,0.243738,26,41,17,134.79,0.6070,0.1569,0.018459,4.291
285154,520,352,872,252,33,192,343.23,0.9805,0.6185,0.255923,87,0,43,359.41,1.0000,0.1943,0.022010,4.248
285167,520,429,949,219,4,187,336.84,0.9937,0.5453,0.187371,9,6,75,271.01,0.9737,0.1022,0.006963,4.167
285187,520,467,987,197,27,198,327.98,0.9403,0.5192,0.167331,5,4,20,283.29,0.6298,0.0413,0.001696,4.204
285191,520,416,936,222,29,212,330.81,0.9667,0.5738,0.211641,30,19,56,293.80,0.6214,0.1214,0.010273,4.341
285209,520,476,996,194,24,191,329.12,0.9395,0.5077,0.158859,0,0,15,264.05,1.0000,0.0196,0.000345,4.149
285211,520,317,837,254,31,253,328.51,0.9969,0.6573,0.291457,57,15,127,290.48,0.9236,0.2224,0.027438,4.409
285224,520,410,930,213,92,96,20.58,0.6984,0.5682,0.226471,42,25,27,11.64,0.2873,0.1333,0.012667,4.412
285228,520,458,978,230,36,30,28.61,0.9693,0.5284,0.181815,3,4,41,270.27,0.9438,0.0559,0.002663,4.402
285231,520,383,903,239,23,201,337.77,0.9807,0.5954,0.231835,14,3,111,269.57,0.9952,0.1511,0.013061,4.469
285234,520,480,1000,222,5,93,8.86,0.9912,0.5100,0.164312,0,0,0,0.00,0.0000,0.0000,0.000000,4.286
285272,520,433,953,236,5,120,1.90,0.9931,0.5475,0.193006,4,11,71,266.97,0.9611,0.1015,0.007200,4.248
285291,520,329,849,248,61,232,331.98,0.9705,0.6509,0.291230,45,36,103,283.92,0.7066,0.2131,0.027989,4.375
285298,520,312,832,255,31,248,329.83,1.0000,0.6557,0.290204,20,61,34,152.01,0.8311,0.2228,0.036016,3.955
285299,520,85,605,249,224,163,88.27,0.7789,0.8988,0.760965,1,118,33,145.62,0.9993,0.4123,0.130725,4.487
285337,520,426,946,205,36,230,321.82,0.9579,0.5606,0.199558,26,23,24,355.29,0.0614,0.1068,0.008984,4.231
285345,520,435,955,217,32,183,337.67,0.9328,0.5483,0.192059,3,13,62,265.77,0.9398,0.0939,0.006550,4.280
285357,520,355,875,233,95,127,8.73,0.7765,0.6151,0.270430,18,48,25,149.24,0.7598,0.1761,0.023126,4.382
285368,520,441,961,234,17,82,14.61,0.9811,0.5356,0.185056,13,9,55,278.03,0.8609,0.0865,0.005568,4.230
285376,520,475,995,188,77,135,350.54,0.6553,0.5157,0.177499,9,1,7,334.94,0.6855,0.0310,0.000951,4.465
285378,520,379,899,224,80,172,344.87,0.7924,0.5969,0.245655,63,19,39,354.97,0.6247,0.1619,0.016691,4.433
285383,520,400,920,244,52,82,18.70,0.9356,0.5756,0.223016,27,20,77,281.49,0.7872,0.1394,0.012691,4.355
285397,520,420,940,249,22,48,24.76,0.9881,0.5634,0.209306,24,21,43,288.45,0.4369,0.1096,0.009049,4.391
285424,520,417,937,242,36,116,5.57,0.9466,0.5693,0.214032,33,25,3,90.06,0.7898,0.1151,0.010252,4.382
285426,520,421,941,184,85,214,317.63,0.7800,0.5644,0.215435,11,30,10,142.81,0.7882,0.1104,0.010216,4.408
285431,520,417,937,214,10,234,323.50,0.9934,0.5693,0.204557,47,13,32,348.59,0.6127,0.1205,0.009966,4.245
285438,520,453,973,224,57,25,32.62,0.9614,0.5328,0.188465,6,16,28,252.62,0.4945,0.0739,0.004931,4.341
285441,520,371,891,231,73,183,342.32,0.8507,0.6060,0.251755,67,25,13,36.72,0.7123,0.1721,0.019178,4.362
285455,520,430,950,219,16,184,337.75,0.9738,0.5462,0.188937,14,15,55,275.86,0.7665,0.0976,0.007108,4.184
285457,520,353,873,227,81,202,335.24,0.8509,0.6182,0.264823,58,36,21,54.49,0.4645,0.1815,0.022155,4.363
285467,520,407,927,167,85,255,301.99,1.0000,0.5720,0.219329,49,19,11,35.94,0.6207,0.1276,0.011430,4.384
285468,520,478,998,99,92,253,278.27,0.9850,0.5109,0.173982,0,1,13,263.17,1.0005,0.0222,0.000508,4.435
285484,520,442,962,226,38,106,6.68,0.9143,0.5353,0.185984,8,10,54,272.41,0.8888,0.0836,0.005350,4.263
285501,520,426,946,247,4,92,12.63,0.9968,0.5622,0.206372,34,14,42,315.42,0.5868,0.1070,0.008214,4.404
285508,520,404,924,242,5,167,347.98,0.9950,0.5788,0.217790,0,23,81,262.11,1.0000,0.1330,0.012068,4.314
285522,520,426,946,202,94,110,12.80,0.6205,0.5567,0.216896,21,26,29,234.25,0.1251,0.1117,0.009869,4.458
285534,520,401,921,248,19,144,356.56,0.9813,0.5839,0.224392,19,37,1,131.94,0.9813,0.1363,0.014637,4.245
285535,520,433,953,205,84,132,358.15,0.6765,0.5534,0.209877,5,14,69,267.16,0.9407,0.1047,0.007760,4.499
285536,520,397,917,206,89,171,340.67,0.6998,0.5789,0.232086,46,27,19,43.58,0.3898,0.1414,0.014118,4.399
285540,520,384,904,228,76,146,355.78,0.7965,0.5879,0.237408,26,41,5,129.30,0.8922,0.1550,0.018164,4.216
285541,520,462,982,233,15,85,13.45,0.9826,0.5336,0.183243,12,7,5,48.32,0.2300,0.0490,0.002411,4.450
285556,520,270,790,202,146,230,313.92,0.7015,0.7023,0.388283,11,68,78,212.59,0.8370,0.2601,0.047552,4.493
285557,520,437,957,241,28,14,29.67,0.9889,0.5465,0.195664,10,24,7,139.78,0.7177,0.0908,0.007331,4.285
285561,520,170,690,245,173,220,340.27,0.8412,0.8018,0.544686,14,98,1,141.52,0.9990,0.3439,0.088306,4.300
285572,520,408,928,246,35,94,13.36,0.9605,0.5709,0.216065,47,10,55,319.92,0.7512,0.1305,0.010973,4.364
285575,520,478,998,149,78,219,303.66,0.7986,0.5101,0.169532,4,0,11,304.75,1.0000,0.0232,0.000500,4.347
285582,520,219,739,219,163,208,333.45,0.5478,0.7461,0.458097,3,84,32,148.56,0.9945,0.2965,0.064640,4.432
285587,520,366,886,252,55,144,359.14,0.9696,0.6108,0.254449,47,30,61,308.19,0.4742,0.1688,0.018698,4.432
285595,520,321,841,251,100,120,15.29,0.9368,0.6509,0.309829,2,55,72,226.08,0.9480,0.2134,0.032130,4.381
285596,520,397,917,200,105,126,7.10,0.5511,0.5774,0.238905,11,38,2,138.28,0.9812,0.1350,0.014617,4.471
285608,520,461,981,205,38,187,333.35,0.9015,0.5323,0.179552,1,7,32,262.89,0.9123,0.0528,0.002627,4.362
285614,520,345,865,251,30,222,335.07,0.9854,0.6321,0.267149,2,41,93,257.62,0.9616,0.1891,0.023889,4.292
285622,520,362,882,129,133,246,279.39,0.8581,0.6117,0.280954,44,45,2,111.04,0.9385,0.1844,0.024166,4.462
285642,520,175,695,233,186,185,19.73,0.4879,0.8026,0.559455,17,98,0,141.13,1.0000,0.3445,0.088542,4.399
285669,520,478,998,165,77,198,315.69,0.7405,0.5148,0.173851,2,0,9,294.50,1.0000,0.0190,0.000326,4.448
285677,520,478,998,193,77,95,13.65,0.6761,0.5102,0.174732,2,1,7,291.58,0.6583,0.0219,0.000500,4.450
285687,520,474,994,198,14,209,325.39,0.9789,0.5240,0.169250,10,0,9,330.88,1.0000,0.0299,0.000843,4.312
285700,520,471,991,204,15,184,333.90,0.9666,0.5180,0.166417,8,3,18,300.10,0.6372,0.0406,0.001604,4.194
285708,520,472,992,210,60,78,18.60,0.8316,0.5154,0.174857,1,3,9,259.20,0.5914,0.0284,0.000913,4.417
285716,520,383,903,232,50,209,334.12,0.9375,0.6015,0.240430,24,38,36,185.02,0.2595,0.1517,0.017078,4.330
285725,520,443,963,158,68,253,300.97,0.9838,0.5371,0.184956,22,14,24,319.46,0.3027,0.0813,0.005506,4.233
285726,520,419,939,218,17,202,332.47,0.9786,0.5557,0.195729,19,22,51,276.14,0.5594,0.1130,0.009513,4.129
285739,520,433,953,227,68,21,35.39,0.9672,0.5504,0.205221,34,18,12,41.29,0.4029,0.1015,0.007993,4.401
285740,520,469,989,210,61,78,18.83,0.8283,0.5165,0.175915,2,3,25,271.34,0.8800,0.0390,0.001482,4.388
285766,520,407,927,212,9,243,320.95,0.9950,0.5726,0.206654,12,35,15,146.56,0.7805,0.1279,0.013147,4.064
285781,520,396,916,213,42,234,322.90,0.9568,0.5803,0.217445,17,28,63,267.84,0.6477,0.1355,0.013085,4.239
285784,520,304,824,227,106,228,327.17,0.8663,0.6653,0.322423,85,40,5,52.50,0.8639,0.2336,0.034601,4.402
285787,520,456,976,227,24,107,5.49,0.9543,0.5302,0.180486,31,2,3,23.05,0.8821,0.0642,0.003413,4.315
285791,520,380,900,168,104,252,300.57,0.9519,0.5997,0.252541,56,31,11,56.97,0.6413,0.1648,0.018450,4.420
285798,520,361,881,248,48,190,343.26,0.9534,0.6183,0.257912,80,11,24,16.42,0.8473,0.1819,0.020111,4.392
285799,520,311,831,249,113,58,41.04,0.9450,0.6563,0.322586,1,63,15,145.96,0.9975,0.2201,0.035958,4.335
285800,520,463,983,225,34,85,13.72,0.9369,0.5251,0.178103,3,5,28,271.16,0.8111,0.0471,0.002117,4.377
285802,520,410,930,232,32,166,346.55,0.9441,0.5674,0.209448,42,26,10,64.28,0.5503,0.1312,0.012530,4.149
285806,520,364,884,230,74,188,340.42,0.8524,0.6079,0.253539,35,44,0,120.94,1.0000,0.1717,0.021587,4.240
285811,520,338,858,203,109,238,316.04,0.8578,0.6422,0.298080,62,41,36,33.88,0.2869,0.2035,0.027375,4.499
285814,520,375,895,252,13,166,350.43,0.9907,0.5994,0.237400,68,13,20,18.20,0.7852,0.1573,0.015675,4.376
285815,520,363,883,247,17,200,339.79,0.9896,0.6079,0.243484,62,24,43,351.01,0.5421,0.1701,0.018520,4.283
285825,520,447,967,181,82,189,324.59,0.7130,0.5398,0.195336,7,18,30,251.13,0.4832,0.0807,0.005715,4.403
285851,520,377,897,247,27,172,347.86,0.9731,0.5967,0.235399,68,14,7,30.96,0.8763,0.1562,0.015586,4.352
285858,520,461,981,196,61,177,334.11,0.7945,0.5301,0.182492,4,6,20,272.26,0.5576,0.0453,0.002066,4.465
285865,520,466,986,201,13,193,330.52,0.9743,0.5178,0.165575,11,5,11,326.63,0.3421,0.0453,0.002039,4.143
285873,520,467,987,182,81,147,342.87,0.6299,0.5172,0.179379,6,5,16,287.30,0.4568,0.0427,0.001847,4.424
285938,520,464,984,216,32,141,351.31,0.9061,0.5248,0.175575,5,2,38,276.70,0.9468,0.0505,0.002156,4.325
285953,520,409,929,239,31,145,354.88,0.9513,0.5711,0.213781,59,2,35,351.24,0.8764,0.1312,0.010947,4.328
285955,520,448,968,183,66,211,319.21,0.8311,0.5365,0.186680,28,4,34,319.32,0.7567,0.0768,0.004492,4.343
285957,520,472,992,205,72,57,29.59,0.8270,0.5169,0.179114,3,3,14,279.91,0.5906,0.0332,0.001162,4.478
285958,520,397,917,208,82,189,334.00,0.7684,0.5817,0.231204,43,19,55,313.05,0.6110,0.1375,0.012552,4.496
285965,520,340,860,252,25,228,333.81,0.9902,0.6357,0.269953,23,3,140,270.53,0.9968,0.1991,0.021406,4.481
285984,520,349,869,246,86,153,358.12,0.8887,0.6341,0.285514,44,47,26,115.24,0.3943,0.1941,0.026431,4.390
286010,520,430,950,168,66,253,304.40,0.9845,0.5480,0.193137,19,14,52,283.68,0.7082,0.0971,0.007004,4.265
286022,520,319,839,232,74,246,324.41,0.9628,0.6450,0.287094,85,1,86,327.77,0.9693,0.2164,0.026252,4.421
286025,520,400,920,235,49,166,347.84,0.9072,0.5834,0.226148,4,19,88,265.43,0.9564,0.1353,0.011960,4.457
286035,520,461,981,133,85,247,291.43,0.9273,0.5255,0.181989,18,4,4,21.76,0.5466,0.0486,0.002242,4.441
286043,520,429,949,212,84,46,36.84,0.8550,0.5455,0.205372,9,15,56,270.62,0.8391,0.0953,0.006852,4.492
286044,520,407,927,222,79,99,15.70,0.7796,0.5660,0.220249,20,35,2,130.27,0.9503,0.1307,0.013551,4.252
286053,520,347,867,250,67,176,348.84,0.9531,0.6301,0.274761,39,46,28,125.64,0.3488,0.1864,0.024692,4.348
286062,520,469,989,184,8,230,316.38,0.9915,0.5154,0.160784,11,5,7,354.46,0.2680,0.0439,0.001950,4.057
286065,520,373,893,223,50,228,326.87,0.9466,0.5981,0.235728,58,12,71,317.60,0.7879,0.1639,0.016175,4.318
286069,520,442,962,167,61,251,304.83,0.9727,0.5396,0.185186,24,16,0,87.72,1.0000,0.0808,0.005648,4.226
286075,520,465,985,181,25,231,315.02,0.9687,0.5167,0.162897,6,5,31,278.82,0.7703,0.0521,0.002462,4.058
286082,520,465,985,214,41,115,1.31,0.8710,0.5163,0.171222,11,5,29,291.62,0.6921,0.0549,0.002684,4.199
286087,520,349,869,253,81,133,6.33,0.9708,0.6339,0.284644,8,41,95,260.09,0.8911,0.1930,0.024636,4.484
286090,520,425,945,213,49,195,333.19,0.8919,0.5592,0.202850,44,10,27,352.52,0.6421,0.1086,0.008318,4.336
286091,520,372,892,241,26,213,335.09,0.9821,0.6072,0.242465,18,43,59,238.98,0.5390,0.1745,0.021720,4.078
286128,520,210,730,241,168,119,54.39,0.7365,0.7571,0.480400,21,83,70,175.73,0.8200,0.3076,0.067879,4.500
286147,520,442,962,223,57,79,18.74,0.8772,0.5379,0.191814,28,6,40,311.39,0.7416,0.0844,0.005304,4.372
286148,520,468,988,159,51,248,303.51,0.9612,0.5163,0.165164,13,2,12,330.32,0.6451,0.0403,0.001555,4.173
286157,520,477,997,202,8,184,333.36,0.9814,0.5125,0.161928,1,2,0,126.59,1.0000,0.0203,0.000499,4.197
286184,520,454,974,169,88,180,322.70,0.6395,0.5261,0.187106,17,10,30,297.92,0.5207,0.0712,0.004300,4.367
286194,520,440,960,223,61,119,3.77,0.8269,0.5526,0.203600,20,22,4,114.50,0.6717,0.0925,0.007313,4.425
286196,520,438,958,226,9,175,342.04,0.9865,0.5527,0.194619,15,9,61,278.41,0.8849,0.0943,0.006338,4.342
286211,520,455,975,176,76,194,321.28,0.7445,0.5269,0.182951,22,4,17,338.63,0.6170,0.0586,0.002979,4.397
286228,520,459,979,208,43,162,342.31,0.8606,0.5269,0.177484,28,3,7,11.67,0.7379,0.0622,0.003274,4.270
286232,520,468,988,213,22,143,349.53,0.9363,0.5151,0.167055,11,3,11,327.17,0.5136,0.0403,0.001604,4.206
286236,520,377,897,222,58,224,327.53,0.9272,0.6000,0.239397,9,46,5,141.45,0.9752,0.1619,0.020229,4.121
286261,520,415,935,162,97,235,302.69,0.8211,0.5684,0.222293,16,32,12,139.55,0.6706,0.1201,0.011697,4.413
286265,520,369,889,201,84,240,316.57,0.9051,0.6053,0.250508,67,23,22,24.01,0.6420,0.1704,0.018642,4.378
286268,520,444,964,193,5,240,316.65,0.9961,0.5379,0.177387,26,13,22,338.89,0.3513,0.0833,0.005654,4.086
286272,520,380,900,234,66,179,344.09,0.8725,0.6022,0.246462,61,23,6,43.05,0.7857,0.1562,0.016182,4.480
286281,520,431,951,181,53,254,309.03,0.9937,0.5544,0.195266,31,13,37,317.15,0.5537,0.0979,0.007128,4.293
286290,520,443,963,170,63,244,307.10,0.9329,0.5398,0.186334,12,2,60,277.98,0.9753,0.0796,0.004478,4.338
286322,520,392,912,243,70,43,31.72,0.9449,0.5852,0.236127,63,18,11,31.31,0.7679,0.1522,0.015137,4.393
286325,520,417,937,171,89,244,305.14,0.8978,0.5740,0.223349,15,24,60,269.45,0.6856,0.1221,0.010810,4.495
286332,520,439,959,234,28,103,8.26,0.9555,0.5452,0.193053,33,7,34,326.23,0.6779,0.0893,0.005908,4.347
286338,520,402,922,203,61,234,319.67,0.9155,0.5789,0.219761,55,7,31,354.72,0.7611,0.1273,0.010632,4.449
286362,520,452,972,220,51,94,11.81,0.8682,0.5299,0.183941,2,17,11,168.01,0.7983,0.0664,0.004379,4.302
286374,520,238,758,255,133,188,353.11,1.0000,0.7298,0.416687,9,78,47,157.52,0.9613,0.2804,0.057118,4.357
286375,520,326,846,249,42,249,328.23,0.9841,0.6510,0.286381,93,0,44,1.27,1.0000,0.2082,0.025094,4.479
286384,520,415,935,212,98,30,46.33,0.8952,0.5666,0.228283,3,33,37,207.47,0.8341,0.1249,0.012406,4.459
286396,520,416,936,188,78,229,315.45,0.8554,0.5712,0.217984,0,30,50,241.61,1.0000,0.1221,0.011588,4.351
286409,520,459,979,185,49,224,317.19,0.9093,0.5326,0.178940,18,5,24,314.64,0.6168,0.0591,0.003031,4.317
286415,520,330,850,252,70,176,349.46,0.9692,0.6365,0.282136,10,58,38,160.89,0.9019,0.2101,0.032304,4.035
286448,520,390,910,227,52,209,332.88,0.9264,0.5943,0.233927,61,9,54,334.19,0.7714,0.1537,0.014540,4.399
286465,520,421,941,232,25,150,351.54,0.9559,0.5568,0.200560,19,19,52,279.41,0.6221,0.1071,0.008521,4.282
286491,520,347,867,248,65,183,346.02,0.9426,0.6279,0.271591,42,44,39,124.81,0.0867,0.1871,0.024401,4.322
286502,520,369,889,238,96,11,43.27,0.9853,0.6078,0.265700,2,49,19,150.38,0.9877,0.1718,0.022564,4.351
286503,520,433,953,240,22,102,9.15,0.9735,0.5547,0.200617,35,10,38,323.26,0.6411,0.0995,0.007144,4.386
286516,520,446,966,228,34,108,5.95,0.9290,0.5375,0.187236,20,4,54,289.56,0.8941,0.0837,0.005019,4.312
286548,520,386,906,250,10,161,351.49,0.9921,0.5927,0.231177,65,10,39,353.10,0.7572,0.1543,0.014876,4.334
286550,520,415,935,241,46,108,9.03,0.9254,0.5712,0.217407,46,17,2,48.27,0.8391,0.1169,0.009862,4.467
286551,520,372,892,221,56,243,322.62,0.9520,0.6096,0.246736,79,6,20,17.80,0.9124,0.1743,0.018433,4.336
286573,520,424,944,240,20,118,3.71,0.9744,0.5588,0.203368,48,12,2,39.06,0.8825,0.1121,0.008958,4.297
286580,520,407,927,210,87,135,358.48,0.6830,0.5673,0.222693,3,36,23,163.07,0.9279,0.1289,0.013429,4.299
286585,520,429,949,201,31,230,320.82,0.9642,0.5514,0.191123,28,7,53,299.40,0.8039,0.0968,0.006559,4.263
286599,520,298,818,224,134,118,30.89,0.6331,0.6650,0.342075,17,64,14,142.26,0.9612,0.2282,0.038175,4.447
286604,520,460,980,221,28,144,351.24,0.9297,0.5339,0.182188,5,14,19,231.24,0.4048,0.0638,0.003933,4.305
286617,520,441,961,176,72,222,313.55,0.8368,0.5412,0.191397,33,9,29,334.26,0.5928,0.0897,0.006075,4.305
286623,520,475,995,182,32,231,315.15,0.9560,0.5218,0.167488,3,4,10,272.68,0.3793,0.0342,0.001281,4.241
286628,520,478,998,215,43,89,11.94,0.8862,0.5119,0.168986,5,1,2,359.77,0.5178,0.0235,0.000584,4.329
286643,520,330,850,213,110,204,330.59,0.7215,0.6383,0.296593,6,59,29,152.80,0.9664,0.2100,0.032552,4.198
286649,520,438,958,228,13,157,348.12,0.9784,0.5483,0.192189,6,25,9,147.62,0.8251,0.0918,0.007537,4.209
286657,520,430,950,223,72,70,25.22,0.8533,0.5528,0.207675,1,28,27,191.48,0.9346,0.1037,0.009160,4.356
286659,520,390,910,219,70,195,335.04,0.8455,0.5888,0.233827,25,6,104,276.37,0.9787,0.1518,0.013363,4.479
286664,520,381,901,171,105,251,301.72,0.9382,0.6041,0.257265,16,43,40,185.82,0.5429,0.1637,0.019910,4.395
286665,520,476,996,182,63,174,330.61,0.7606,0.5071,0.165574,0,0,13,264.05,1.0000,0.0181,0.000291,4.287
286674,520,406,926,244,44,118,5.82,0.9329,0.5787,0.223458,22,35,14,134.57,0.5907,0.1343,0.014043,4.270
286690,520,444,964,220,71,30,35.36,0.9374,0.5410,0.198184,18,16,13,78.12,0.1089,0.0773,0.005282,4.489
286711,520,436,956,237,8,106,6.86,0.9902,0.5458,0.192220,2,13,57,264.53,0.9341,0.0880,0.005961,4.328
286712,520,471,991,200,57,143,348.03,0.7811,0.5152,0.171907,1,3,30,266.99,0.9455,0.0419,0.001653,4.296
286713,520,470,990,184,26,229,316.35,0.9661,0.5203,0.165875,1,0,34,267.98,1.0000,0.0378,0.001219,4.215
286726,520,455,975,236,7,18,28.19,0.9966,0.5291,0.180318,3,14,2,140.89,0.9097,0.0566,0.003378,4.315
286734,520,408,928,245,49,13,31.88,0.9896,0.5677,0.216416,11,5,99,269.32,0.9899,0.1345,0.010805,4.382
286738,520,435,955,238,32,101,9.80,0.9532,0.5547,0.201529,17,15,48,281.40,0.6585,0.0939,0.006742,4.433
286756,520,343,863,251,39,205,339.53,0.9771,0.6264,0.263713,26,12,127,272.88,0.9793,0.1896,0.020147,4.472
286757,520,219,739,250,160,129,39.75,0.8654,0.7547,0.470530,16,86,2,141.07,0.9973,0.3031,0.067698,4.423
286768,520,345,865,242,87,167,351.92,0.8634,0.6338,0.284865,29,50,24,139.71,0.6173,0.1894,0.026083,4.401
286774,520,408,928,200,51,239,317.95,0.9388,0.5693,0.208805,54,16,22,13.44,0.6225,0.1341,0.012129,4.166
286775,520,433,953,217,5,198,333.29,0.9933,0.5486,0.189397,27,8,53,297.61,0.7887,0.0970,0.006637,4.227
286779,520,462,982,196,24,223,321.23,0.9690,0.5345,0.177183,2,2,45,268.44,0.9821,0.0548,0.002458,4.331
286780,520,328,848,254,33,235,332.59,0.9960,0.6465,0.281599,5,61,3,142.24,0.9929,0.2129,0.033762,3.959
286784,520,357,877,220,86,222,327.14,0.8667,0.6245,0.271471,17,49,14,141.95,0.9157,0.1768,0.023474,4.375
286787,520,451,971,205,28,212,326.41,0.9571,0.5435,0.185649,34,3,12,5.17,0.7696,0.0740,0.004318,4.338
286791,520,426,946,187,55,243,313.09,0.9386,0.5558,0.197694,25,9,67,286.98,0.8615,0.1100,0.008073,4.265
286794,520,419,939,205,49,221,323.81,0.9212,0.5626,0.203979,39,6,48,318.11,0.7815,0.1070,0.007750,4.398
286805,520,434,954,235,42,66,21.52,0.9477,0.5470,0.197146,51,2,3,26.36,0.9617,0.1041,0.007539,4.295
286834,520,442,962,237,38,0,31.56,1.0000,0.5430,0.193940,15,15,35,281.57,0.4799,0.0825,0.005645,4.384
286835,520,449,969,196,53,198,327.43,0.8582,0.5353,0.183608,19,0,47,295.10,1.0000,0.0685,0.003437,4.372
286837,520,454,974,212,72,24,37.24,0.9416,0.5267,0.187001,6,11,40,270.29,0.7638,0.0712,0.004312,4.364
286838,520,419,939,173,98,191,319.63,0.6320,0.5551,0.213820,25,23,39,289.23,0.3269,0.1129,0.009659,4.422
286860,520,408,928,237,67,55,28.58,0.9203,0.5716,0.222978,6,14,90,267.04,0.9693,0.1308,0.010909,4.482
286864,520,407,927,211,30,238,321.63,0.9752,0.5736,0.209523,62,4,18,13.49,0.8855,0.1339,0.011548,4.217
286868,520,466,986,225,24,63,19.91,0.9707,0.5155,0.170226,3,8,19,258.47,0.5324,0.0485,0.002400,4.203
286877,520,387,907,230,73,139,358.67,0.8112,0.5854,0.234548,19,40,1,133.38,0.9859,0.1460,0.016582,4.274
286893,520,457,977,212,8,187,335.10,0.9856,0.5330,0.177607,14,6,24,303.17,0.5655,0.0567,0.002896,4.303
286902,520,424,944,222,26,184,338.56,0.9550,0.5553,0.197315,7,11,79,268.57,0.9642,0.1130,0.008490,4.228
286909,520,399,919,172,101,222,309.20,0.7508,0.5784,0.233526,68,3,4,27.17,0.9692,0.1435,0.013031,4.498
286918,520,407,927,232,59,136,358.57,0.8596,0.5735,0.220641,33,16,67,293.35,0.7478,0.1291,0.010992,4.437
286936,520,368,888,249,19,197,341.04,0.9882,0.6105,0.246399,19,21,105,271.09,0.9413,0.1670,0.016946,4.427
286940,520,385,905,248,36,134,0.50,0.9542,0.5871,0.229429,63,7,35,355.51,0.7887,0.1453,0.013302,4.414
286941,520,449,969,198,14,229,320.45,0.9866,0.5392,0.179786,31,3,21,344.12,0.7422,0.0722,0.004106,4.247
286944,520,377,897,250,24,175,347.54,0.9799,0.6028,0.240758,23,42,2,131.59,0.9684,0.1555,0.018424,4.249
286955,520,391,911,244,52,144,357.41,0.9134,0.5933,0.237059,36,28,54,296.87,0.4288,0.1461,0.014719,4.435
286961,520,297,817,238,120,181,349.56,0.7820,0.6806,0.349487,46,63,24,128.93,0.6693,0.2444,0.042017,4.341
286976,520,303,823,237,87,251,324.23,0.9820,0.6697,0.317882,15,65,30,149.51,0.9338,0.2335,0.039757,4.099
286991,520,477,997,208,66,8,37.63,0.9814,0.5105,0.173261,1,0,14,276.73,1.0000,0.0206,0.000382,4.431
287015,520,39,559,245,240,248,313.22,0.4162,0.9549,0.885101,13,129,9,142.40,0.9951,0.4489,0.158051,4.495
287018,520,465,985,89,102,246,273.84,0.9398,0.5162,0.182797,9,7,18,292.15,0.3902,0.0511,0.002537,4.431
287040,520,450,970,231,31,83,14.85,0.9537,0.5354,0.185964,22,11,21,329.88,0.3593,0.0739,0.004641,4.318
287050,520,458,978,223,13,142,351.96,0.9732,0.5315,0.179315,23,6,2,41.70,0.6897,0.0592,0.003168,4.313
287064,520,315,835,248,110,97,27.70,0.9222,0.6556,0.319745,19,56,62,209.74,0.6153,0.2166,0.033145,4.447
287066,520,370,890,253,66,121,8.50,0.9776,0.6147,0.261631,39,36,59,289.30,0.3454,0.1720,0.020088,4.446
287068,520,420,940,246,1,101,9.63,0.9991,0.5617,0.205576,33,15,46,308.86,0.6019,0.1101,0.008623,4.360
287085,520,432,952,186,76,209,320.31,0.7976,0.5518,0.202126,10,25,24,190.13,0.4050,0.0987,0.008257,4.328
287090,520,442,962,236,22,84,14.48,0.9746,0.5420,0.190500,30,14,1,63.81,0.8461,0.0848,0.005923,4.301
287108,520,377,897,214,48,251,319.15,0.9818,0.5984,0.233769,34,27,80,284.07,0.6920,0.1624,0.017031,4.233
287113,520,459,979,205,36,182,334.85,0.9018,0.5280,0.176203,0,2,49,264.21,0.9904,0.0575,0.002651,4.296
287128,520,411,931,204,36,238,319.67,0.9642,0.5650,0.202738,9,32,22,162.74,0.6573,0.1187,0.011490,4.110
287149,520,442,962,192,8,239,316.58,0.9936,0.5360,0.176135,14,2,58,280.98,0.9673,0.0789,0.004422,4.155
287153,520,444,964,221,29,146,350.58,0.9270,0.5353,0.183288,17,1,62,283.01,0.9836,0.0846,0.004887,4.250
287168,520,389,909,233,75,138,359.96,0.8177,0.5927,0.241935,6,30,77,261.69,0.8891,0.1475,0.015030,4.489
287178,520,342,862,237,51,238,327.91,0.9655,0.6289,0.265478,77,22,11,33.21,0.8265,0.1866,0.021760,4.396
287194,520,376,896,241,87,63,31.45,0.9148,0.6044,0.258791,25,42,34,163.52,0.3452,0.1639,0.019780,4.425
287228,520,424,944,179,65,251,308.37,0.9718,0.5603,0.203302,8,1,85,269.44,0.9973,0.1081,0.007291,4.421
287231,520,363,883,253,61,132,4.03,0.9779,0.6135,0.258896,45,39,5,99.12,0.8222,0.1687,0.020199,4.400
287234,520,298,818,253,95,191,346.40,0.9761,0.6724,0.328317,7,65,32,152.48,0.9683,0.2317,0.039299,4.237
287241,520,470,990,206,53,142,349.72,0.8077,0.5218,0.176231,12,5,3,44.04,0.3764,0.0435,0.001933,4.356
287260,520,374,894,223,38,238,324.59,0.9711,0.5976,0.232494,31,0,107,280.27,1.0000,0.1552,0.013528,4.447
287261,520,406,926,234,56,151,353.19,0.8778,0.5805,0.225580,57,12,17,18.17,0.7385,0.1328,0.011734,4.464
287266,520,389,909,244,51,142,358.03,0.9154,0.5918,0.235570,53,28,10,54.24,0.6376,0.1530,0.016094,4.321
287269,520,471,991,185,77,157,338.83,0.6744,0.5209,0.180578,1,5,15,255.54,0.7001,0.0370,0.001495,4.478
287271,520,343,863,249,50,213,337.08,0.9682,0.6336,0.272281,47,40,65,296.40,0.3465,0.1945,0.025036,4.295
287274,520,471,991,196,77,106,8.16,0.6783,0.5188,0.180859,3,2,34,273.34,0.9506,0.0449,0.001783,4.458
287276,520,451,971,237,22,52,23.39,0.9833,0.5385,0.188295,15,10,24,299.46,0.4090,0.0658,0.003846,4.426
287285,520,390,910,249,0,160,351.47,1.0000,0.5884,0.226812,61,19,11,32.71,0.7411,0.1499,0.014822,4.270
287304,520,460,980,117,97,244,284.10,0.8978,0.5273,0.188626,11,6,36,285.28,0.7485,0.0623,0.003288,4.478
287307,520,389,909,149,109,251,292.79,0.9314,0.5864,0.242918,4,41,36,181.98,0.8796,0.1505,0.017390,4.347
287319,520,470,990,119,87,254,285.37,0.9904,0.5208,0.178937,12,4,4,20.07,0.3756,0.0413,0.001738,4.425
287337,520,339,859,249,96,102,21.19,0.9311,0.6377,0.294680,23,52,55,204.30,0.4826,0.2026,0.029139,4.355
287347,520,437,957,227,48,115,4.45,0.8820,0.5472,0.196854,21,14,43,291.26,0.5980,0.0918,0.006479,4.371
287354,520,291,811,228,113,238,324.33,0.9020,0.6827,0.344791,3,56,107,253.18,0.9446,0.2423,0.039090,4.431
287355,520,425,945,187,79,214,319.06,0.8037,0.5606,0.210130,44,12,32,344.85,0.6117,0.1138,0.009028,4.407
287372,520,386,906,234,67,148,355.26,0.8457,0.5895,0.236477,71,5,18,17.02,0.9060,0.1549,0.014920,4.413
287376,520,475,995,207,18,173,338.02,0.9545,0.5178,0.167172,7,2,3,3.45,0.4120,0.0299,0.000952,4.262
287397,520,394,914,252,15,144,357.21,0.9878,0.5908,0.230543,5,32,67,256.37,0.8365,0.1431,0.014705,4.336
287427,520,467,987,175,29,239,311.34,0.9668,0.5161,0.162257,3,3,25,275.30,0.8394,0.0400,0.001547,4.118
287432,520,472,992,198,3,201,327.55,0.9945,0.5156,0.162897,10,1,0,39.81,1.0000,0.0289,0.000862,4.186
287435,520,407,927,213,94,66,34.57,0.7702,0.5655,0.225471,30,32,9,113.48,0.6100,0.1318,0.013288,4.353
287450,520,415,935,212,65,197,332.38,0.8475,0.5730,0.218108,43,19,17,25.79,0.4638,0.1188,0.010199,4.454
287462,520,467,987,217,60,0,36.00,1.0000,0.5209,0.179860,7,4,15,297.77,0.4950,0.0406,0.001665,4.449
287463,520,424,944,222,38,178,340.54,0.9194,0.5580,0.201326,31,26,0,99.52,1.0000,0.1146,0.010301,4.168
287489,520,386,906,253,25,129,2.47,0.9840,0.5905,0.231665,11,20,97,268.14,0.9506,0.1513,0.014344,4.377
287490,520,397,917,236,4,184,341.68,0.9959,0.5757,0.213833,36,20,72,292.54,0.7199,0.1440,0.013433,4.159
287499,520,368,888,243,78,108,14.03,0.8895,0.6053,0.255893,64,25,24,23.47,0.5740,0.1688,0.018514,4.465
287503,520,409,929,211,96,79,30.33,0.7151,0.5676,0.227813,46,24,17,38.41,0.4425,0.1341,0.012747,4.428
287515,520,197,717,253,158,205,349.21,0.9496,0.7774,0.497464,31,90,1,138.55,0.9983,0.3218,0.076056,4.343
287540,520,461,981,157,71,240,302.90,0.9020,0.5282,0.179663,18,0,22,321.63,1.0000,0.0468,0.001865,4.428
287544,520,281,801,196,138,245,307.89,0.8376,0.6881,0.365059,31,64,76,223.97,0.4844,0.2546,0.044797,4.378
287577,520,443,963,211,46,174,339.15,0.8690,0.5411,0.188610,33,10,13,13.72,0.5275,0.0849,0.005695,4.284
287586,520,463,983,216,12,169,341.49,0.9751,0.5309,0.177288,6,8,7,165.18,0.1052,0.0464,0.002277,4.348
287607,520,384,904,220,96,107,17.13,0.7097,0.5890,0.246452,16,40,24,153.01,0.6358,0.1485,0.016936,4.429
287623,520,459,979,211,72,52,31.04,0.8581,0.5274,0.187339,7,13,13,196.15,0.2117,0.0607,0.003621,4.426
287657,520,384,904,237,84,30,37.70,0.9536,0.5898,0.244419,55,25,16,37.50,0.5584,0.1509,0.015450,4.498
287658,520,448,968,233,2,125,359.59,0.9969,0.5425,0.188507,1,14,51,262.09,0.9570,0.0833,0.005595,4.290
287663,520,397,917,249,17,143,357.02,0.9842,0.5849,0.225273,18,34,43,234.21,0.3815,0.1388,0.014470,4.270
287676,520,455,975,228,42,62,22.22,0.9412,0.5320,0.185006,20,1,30,312.99,0.8795,0.0571,0.002642,4.464
287681,520,476,996,185,7,225,317.84,0.9916,0.5126,0.159038,2,0,4,311.99,1.0000,0.0155,0.000217,4.163
287687,520,407,927,241,55,28,31.37,0.9697,0.5653,0.215203,35,17,59,300.02,0.6748,0.1262,0.010740,4.366
287690,520,453,973,136,89,238,293.32,0.8585,0.5274,0.185520,11,5,42,282.92,0.8410,0.0654,0.003468,4.405
287697,520,262,782,254,124,174,357.60,0.9714,0.7085,0.385450,53,64,61,177.11,0.1267,0.2640,0.047605,4.461
287712,520,315,835,249,61,238,330.73,0.9767,0.6562,0.296532,101,6,7,27.77,0.9739,0.2229,0.029128,4.379
287715,520,423,943,225,2,201,334.43,0.9979,0.5646,0.202705,34,13,49,308.44,0.6670,0.1103,0.008497,4.320
287725,520,413,933,253,21,53,23.88,0.9913,0.5721,0.216798,52,9,12,21.01,0.7781,0.1177,0.009521,4.482
287744,520,382,902,251,43,142,358.79,0.9650,0.5998,0.241935,12,15,108,268.46,0.9745,0.1587,0.015024,4.490
287756,520,474,994,229,6,93,9.96,0.9915,0.5250,0.175815,7,1,17,303.24,0.8102,0.0336,0.001074,4.421
287764,520,446,966,196,35,220,321.79,0.9441,0.5376,0.181067,32,9,22,347.33,0.5463,0.0848,0.005604,4.156
287768,520,335,855,242,108,52,41.33,0.9049,0.6358,0.298533,8,54,54,194.96,0.8293,0.2023,0.029562,4.381
287771,520,319,839,222,99,234,324.03,0.8892,0.6517,0.303956,2,46,108,258.68,0.9739,0.2164,0.030494,4.397
287778,520,279,799,240,100,248,325.50,0.9684,0.6879,0.344192,86,41,53,4.31,0.4738,0.2476,0.038216,4.468
287783,520,477,997,170,85,148,337.98,0.5746,0.5053,0.171822,2,0,7,299.60,1.0000,0.0177,0.000282,4.412
287790,520,366,886,229,19,245,324.63,0.9918,0.6051,0.237187,32,38,55,269.15,0.2918,0.1679,0.019691,4.121
287800,520,438,958,203,42,221,323.38,0.9349,0.5543,0.195746,19,4,62,284.24,0.9318,0.0913,0.005731,4.410
287801,520,469,989,185,71,171,332.80,0.7269,0.5202,0.177624,0,2,33,264.03,1.0045,0.0409,0.001532,4.417
287861,520,442,962,190,8,243,315.14,0.9941,0.5362,0.175932,2,22,9,154.54,0.9246,0.0802,0.006064,4.030
287864,520,458,978,231,1,112,3.64,0.9984,0.5337,0.181835,17,12,0,93.86,1.0000,0.0635,0.003821,4.307
287865,520,334,854,237,88,200,338.84,0.8739,0.6418,0.291567,71,35,20,42.71,0.5919,0.2003,0.025924,4.499
287866,520,458,978,146,80,239,298.16,0.8809,0.5258,0.180805,12,11,11,17.35,0.0285,0.0595,0.003417,4.321
287868,520,355,875,226,63,239,324.75,0.9429,0.6207,0.259579,63,32,2,59.81,0.8987,0.1775,0.020943,4.364
287879,520,374,894,254,62,51,28.55,0.9949,0.5994,0.247588,52,29,22,37.69,0.4082,0.1560,0.016668,4.464
287891,520,402,922,203,56,247,316.81,0.9598,0.5842,0.222417,20,21,69,276.09,0.7626,0.1273,0.011147,4.455
287897,520,414,934,220,36,201,333.27,0.9428,0.5666,0.206967,4,14,85,266.15,0.9680,0.1234,0.009957,4.286
287912,520,392,912,247,43,132,1.43,0.9390,0.5885,0.231712,54,5,72,314.32,0.8770,0.1509,0.013608,4.429
287914,520,480,1000,171,5,243,309.73,0.9958,0.5055,0.152384,0,0,0,0.00,0.0000,0.0000,0.000000,4.048
287917,520,250,770,222,147,213,331.03,0.6766,0.7202,0.412026,5,76,45,157.49,0.9783,0.2722,0.053904,4.447
287921,520,413,933,255,0,53,23.22,1.0000,0.5715,0.215209,2,32,28,182.68,0.9078,0.1172,0.011297,4.327
287922,520,409,929,212,88,132,0.68,0.6857,0.5710,0.226445,14,23,75,269.72,0.8491,0.1334,0.012141,4.449
287926,520,459,979,178,45,236,312.37,0.9344,0.5283,0.173989,4,3,43,272.36,0.9551,0.0566,0.002653,4.254
287929,520,457,977,205,77,72,25.62,0.7688,0.5264,0.187569,24,3,22,331.44,0.7134,0.0618,0.003173,4.468
287932,520,347,867,231,53,251,323.39,0.9844,0.6292,0.265024,81,18,17,25.86,0.8312,0.1903,0.022227,4.362
287934,520,401,921,236,72,67,26.44,0.9009,0.5769,0.228759,47,26,8,59.04,0.6412,0.1385,0.013607,4.382
287940,520,391,911,244,67,102,14.31,0.9120,0.5936,0.242100,38,35,20,98.25,0.3451,0.1515,0.016647,4.383
287947,520,470,990,148,73,241,299.32,0.9042,0.5202,0.174121,13,3,7,350.77,0.4923,0.0410,0.001660,4.338
287967,520,472,992,220,5,126,356.71,0.9882,0.5169,0.168332,7,0,19,302.43,1.0000,0.0320,0.000922,4.288
287972,520,480,1000,210,22,151,346.02,0.9342,0.5131,0.165121,0,0,0,0.00,0.0000,0.0000,0.000000,4.302
287981,520,372,892,233,72,186,341.78,0.8633,0.6099,0.255061,16,40,73,256.99,0.6665,0.1745,0.021087,4.291
287985,520,327,847,237,111,143,6.10,0.7643,0.6509,0.313592,19,57,33,153.15,0.7983,0.2087,0.031744,4.448
287993,520,325,845,223,103,215,330.07,0.8155,0.6480,0.302967,47,43,76,288.05,0.4154,0.2089,0.028539,4.494
287997,520,412,932,228,13,195,336.80,0.9860,0.5687,0.207246,14,17,73,272.32,0.8865,0.1196,0.009752,4.305
288004,520,421,941,215,54,184,337.16,0.8649,0.5603,0.205483,31,3,66,296.04,0.9317,0.1078,0.007498,4.443
288007,520,327,847,248,70,210,337.99,0.9570,0.6460,0.289929,6,57,40,165.15,0.9339,0.2062,0.031180,4.187
288019,520,468,988,200,1,202,327.83,0.9982,0.5195,0.165671,20,0,4,6.32,1.0000,0.0416,0.001575,4.182
288029,520,377,897,237,70,154,353.95,0.8523,0.6004,0.247208,53,20,66,315.19,0.6736,0.1623,0.016506,4.469
288032,520,463,983,233,36,27,29.05,0.9717,0.5345,0.186676,6,10,2,127.14,0.6270,0.0494,0.002602,4.499
288045,520,474,994,220,23,118,0.15,0.9443,0.5192,0.171391,1,5,1,143.60,0.8737,0.0311,0.001172,4.326
288055,520,294,814,223,138,134,22.90,0.5878,0.6755,0.355881,49,62,5,122.39,0.9304,0.2418,0.041091,4.456
288062,520,447,967,240,21,21,28.56,0.9890,0.5417,0.191191,25,16,7,66.50,0.4161,0.0837,0.005926,4.313
288095,520,418,938,253,4,6,29.02,0.9987,0.5648,0.209865,50,6,36,343.62,0.7601,0.1187,0.009358,4.378
288096,520,379,899,244,7,201,338.82,0.9956,0.6008,0.236052,50,25,56,319.64,0.5263,0.1595,0.016590,4.296
288099,520,479,999,158,43,247,303.83,0.9607,0.5073,0.157128,0,0,1,264.05,1.0000,0.0060,0.000022,4.141
288102,520,442,962,221,63,52,28.47,0.8977,0.5357,0.191777,34,10,4,38.10,0.6915,0.0843,0.005660,4.344
288103,520,450,970,214,45,169,341.57,0.8732,0.5431,0.190397,9,9,40,277.18,0.7466,0.0697,0.004066,4.446
288124,520,355,875,236,8,252,324.78,0.9976,0.6198,0.250373,58,27,67,318.19,0.5851,0.1825,0.020887,4.237
288132,520,445,965,195,34,220,321.53,0.9457,0.5354,0.179150,29,11,19,352.94,0.4360,0.0825,0.005476,4.131
288143,520,450,970,223,9,153,348.23,0.9821,0.5356,0.181859,13,12,27,285.48,0.4129,0.0696,0.004276,4.272
288161,520,453,973,221,47,86,14.39,0.8918,0.5264,0.180797,9,18,13,159.66,0.3262,0.0748,0.005197,4.181
288166,520,380,900,196,99,213,321.48,0.7484,0.6017,0.254648,24,39,54,249.25,0.3752,0.1636,0.019115,4.408
288182,520,367,887,215,84,210,329.24,0.8302,0.6072,0.254427,58,34,7,65.17,0.7506,0.1745,0.020590,4.313
288185,520,388,908,197,89,211,322.94,0.7780,0.5871,0.237196,15,30,79,266.77,0.8048,0.1535,0.015945,4.355
288188,520,381,901,238,14,219,332.87,0.9923,0.6020,0.236085,68,0,62,332.72,1.0000,0.1639,0.015769,4.350
288193,520,448,968,162,81,233,305.14,0.8500,0.5424,0.194500,30,6,28,330.94,0.6574,0.0796,0.004901,4.453
288210,520,448,968,217,9,175,339.88,0.9829,0.5355,0.180446,2,16,43,259.19,0.8658,0.0813,0.005579,4.146
288213,520,419,939,223,31,179,340.36,0.9407,0.5566,0.199251,51,4,28,354.34,0.8009,0.1141,0.008746,4.243
288221,520,433,953,238,46,45,27.24,0.9564,0.5532,0.203238,33,20,4,71.47,0.6799,0.1029,0.008324,4.342
288225,520,431,951,243,14,49,23.92,0.9921,0.5483,0.195940,39,12,0,49.00,1.0000,0.0952,0.006943,4.319
288234,520,244,764,253,142,164,8.07,0.9226,0.7341,0.429117,38,75,54,157.39,0.5544,0.2839,0.057104,4.473
288239,520,260,780,252,111,230,333.95,0.9822,0.7105,0.377802,18,75,14,142.15,0.9733,0.2666,0.051923,4.197
288248,520,352,872,228,60,239,325.32,0.9487,0.6214,0.259599,33,42,69,269.07,0.4133,0.1883,0.024089,4.179
288253,520,431,951,217,56,163,344.85,0.8383,0.5546,0.202267,8,10,70,270.28,0.9498,0.1012,0.007109,4.417
288260,520,424,944,242,48,53,25.88,0.9540,0.5638,0.212515,51,9,4,31.69,0.8704,0.1142,0.009081,4.443
288264,520,410,930,234,55,139,357.47,0.8775,0.5749,0.220918,54,8,28,358.49,0.7425,0.1253,0.010419,4.484
288266,520,345,865,221,79,245,321.53,0.9498,0.6325,0.275586,18,51,47,184.68,0.5980,0.1933,0.027014,4.228
288268,520,134,654,249,190,206,0.75,0.7689,0.8360,0.614245,52,100,2,134.32,0.9956,0.3656,0.098485,4.473
288276,520,426,946,218,32,194,334.71,0.9436,0.5566,0.198358,24,8,67,286.22,0.8781,0.1076,0.007731,4.302
288294,520,469,989,233,6,38,25.34,0.9963,0.5238,0.175970,14,4,7,357.26,0.4260,0.0447,0.001955,4.349
288314,520,421,941,244,13,106,8.07,0.9874,0.5614,0.205650,7,0,91,268.25,1.0000,0.1148,0.008004,4.407
288348,520,422,942,226,60,121,3.38,0.8392,0.5579,0.207836,22,15,57,285.05,0.7236,0.1063,0.008076,4.440
288357,520,429,949,217,80,42,35.95,0.8880,0.5484,0.206586,7,9,73,269.39,0.9630,0.1028,0.007215,4.485
288361,520,479,999,226,27,4,30.40,0.9957,0.5137,0.169643,1,0,4,296.85,1.0000,0.0133,0.000152,4.380
288362,520,466,986,154,86,202,308.94,0.7074,0.5164,0.177904,27,0,4,13.02,1.0000,0.0532,0.002418,4.348
288372,520,335,855,232,62,252,323.25,0.9876,0.6383,0.276316,45,14,121,284.60,0.9371,0.2004,0.022524,4.499
288378,520,322,842,239,91,201,339.16,0.8828,0.6492,0.300525,36,53,47,170.82,0.2613,0.2111,0.031264,4.313
288383,520,333,853,253,41,216,337.09,0.9896,0.6372,0.274296,8,25,129,265.87,0.9718,0.1995,0.023317,4.423
288394,520,445,965,199,32,212,324.72,0.9440,0.5351,0.179303,35,0,32,331.99,1.0000,0.0797,0.004617,4.198
288413,520,432,952,242,32,38,27.08,0.9782,0.5520,0.200536,10,21,49,265.46,0.6605,0.1028,0.008226,4.303
288417,520,477,997,206,46,123,356.82,0.8298,0.5076,0.165080,4,0,9,309.30,1.0000,0.0221,0.000455,4.263
288426,520,338,858,238,99,148,0.89,0.7988,0.6360,0.292417,3,48,83,248.05,0.9043,0.2001,0.027576,4.414
288432,520,370,890,239,68,179,345.39,0.8829,0.6129,0.257425,18,45,45,195.42,0.5090,0.1733,0.021948,4.273
288441,520,421,941,247,16,82,15.98,0.9882,0.5626,0.207575,5,28,41,236.46,0.7014,0.1131,0.010228,4.277
288442,520,458,978,215,26,154,346.33,0.9292,0.5260,0.175213,16,9,21,310.32,0.3862,0.0633,0.003597,4.202
288449,520,424,944,202,51,215,324.48,0.9034,0.5550,0.198322,1,12,77,264.56,0.9723,0.1086,0.008052,4.278
288462,520,398,918,216,36,228,325.21,0.9628,0.5776,0.214641,42,27,17,54.46,0.3788,0.1350,0.013166,4.190
288468,520,314,834,247,58,246,328.35,0.9732,0.6556,0.294569,42,49,78,272.78,0.3814,0.2207,0.032389,4.182
288479,520,447,967,212,48,161,343.89,0.8510,0.5376,0.186864,10,9,46,277.00,0.8094,0.0756,0.004571,4.340
288481,520,424,944,244,1,117,4.19,0.9989,0.5622,0.205426,5,6,83,267.49,0.9853,0.1104,0.007870,4.414
288493,520,431,951,196,47,230,319.06,0.9312,0.5531,0.194834,5,17,60,265.84,0.8930,0.1008,0.007594,4.251
288496,520,454,974,202,15,201,328.59,0.9746,0.5256,0.171171,29,7,11,10.31,0.5621,0.0727,0.004374,4.068
288497,520,420,940,249,24,37,26.79,0.9878,0.5631,0.209302,27,25,23,67.56,0.0612,0.1127,0.009901,4.329
288507,520,271,791,239,131,177,354.15,0.7542,0.6991,0.377600,7,57,128,258.96,0.9415,0.2648,0.045297,4.487
288521,520,38,558,244,242,203,104.90,0.6828,0.9450,0.870494,19,128,16,142.47,0.9904,0.4468,0.156135,4.465
288523,520,452,972,232,8,104,6.74,0.9887,0.5348,0.183320,28,4,17,348.79,0.6711,0.0675,0.003742,4.341
288536,520,439,959,242,22,59,22.03,0.9840,0.5500,0.197702,34,13,14,18.02,0.4644,0.0920,0.006597,4.377
288537,520,385,905,177,91,251,305.56,0.9550,0.5900,0.237950,74,0,6,24.66,1.0000,0.1545,0.014693,4.451
288542,520,466,986,212,53,91,12.21,0.8419,0.5152,0.173010,7,7,23,280.87,0.5284,0.0520,0.002590,4.241
288548,520,293,813,255,95,196,345.14,1.0000,0.6779,0.334331,13,66,43,160.01,0.9016,0.2396,0.041562,4.197
288549,520,441,961,212,7,199,331.76,0.9898,0.5405,0.182747,8,24,14,155.06,0.5802,0.0913,0.007366,4.057
288550,520,286,806,255,110,165,358.95,1.0000,0.6856,0.351316,19,58,97,251.45,0.7232,0.2446,0.040274,4.446
288570,520,452,972,231,14,95,9.84,0.9810,0.5316,0.181322,7,5,53,273.54,0.9429,0.0733,0.004107,4.275
288578,520,439,959,155,92,228,302.15,0.7970,0.5465,0.202246,11,23,20,176.73,0.3394,0.0921,0.007344,4.399
288583,520,438,958,242,10,87,13.73,0.9913,0.5517,0.197858,18,19,26,278.57,0.1802,0.0895,0.006689,4.372
288588,520,433,953,217,46,170,342.04,0.8775,0.5499,0.196103,33,8,42,315.92,0.7092,0.0962,0.006642,4.345
288601,520,453,973,210,77,34,37.30,0.9012,0.5305,0.191272,9,12,35,274.41,0.6064,0.0716,0.004424,4.433
288605,520,318,838,251,68,233,332.45,0.9823,0.6622,0.305296,78,30,74,330.82,0.6214,0.2246,0.030429,4.418
288611,520,473,993,155,74,230,303.97,0.8522,0.5211,0.175797,13,0,3,1.59,1.0000,0.0310,0.000922,4.434
288619,520,445,965,233,23,92,11.56,0.9680,0.5380,0.187122,19,5,45,293.43,0.8193,0.0757,0.004365,4.362
288622,520,473,993,198,40,178,334.17,0.8718,0.5156,0.167395,6,0,24,292.42,1.0000,0.0345,0.001047,4.259
288623,520,302,822,248,100,199,342.71,0.9318,0.6743,0.331971,29,54,92,258.54,0.5868,0.2345,0.036721,4.405
288624,520,445,965,223,63,9,35.59,0.9862,0.5364,0.192654,5,17,38,259.53,0.6742,0.0820,0.005731,4.354
288625,520,391,911,242,40,154,352.90,0.9382,0.5854,0.227311,18,36,52,246.84,0.4666,0.1498,0.016382,4.177
288627,520,362,882,241,73,153,355.48,0.8709,0.6104,0.257687,24,50,15,138.44,0.8605,0.1843,0.025098,4.097
288634,520,412,932,244,43,62,23.20,0.9589,0.5655,0.213121,7,32,37,212.94,0.6464,0.1238,0.012117,4.236
288640,520,412,932,219,26,222,327.53,0.9751,0.5740,0.210750,46,17,12,31.36,0.5931,0.1188,0.010084,4.340
288644,520,459,979,236,8,36,25.86,0.9954,0.5306,0.181372,8,11,18,265.80,0.2608,0.0589,0.003346,4.337
288677,520,464,984,182,55,210,319.63,0.8617,0.5226,0.173318,15,5,21,312.37,0.5662,0.0540,0.002643,4.242
288696,520,346,866,233,52,247,324.81,0.9714,0.6290,0.264974,19,51,23,146.25,0.8319,0.1862,0.025679,4.162
288706,520,356,876,255,27,184,346.02,1.0000,0.6177,0.255081,59,37,12,66.67,0.6589,0.1839,0.022796,4.191
288710,520,452,972,181,89,140,347.54,0.5707,0.5253,0.188633,3,18,11,163.93,0.7253,0.0699,0.004761,4.358
288721,520,341,861,186,119,220,313.41,0.6977,0.6263,0.288008,26,51,54,205.54,0.4059,0.2008,0.028535,4.304
288722,520,377,897,247,29,178,346.12,0.9718,0.6004,0.238705,56,12,65,320.24,0.7678,0.1557,0.014855,4.452
288728,520,424,944,242,19,101,9.63,0.9796,0.5576,0.202859,31,11,62,295.74,0.7893,0.1145,0.008785,4.301
288735,520,387,907,227,9,232,327.16,0.9951,0.5902,0.223548,21,16,100,273.51,0.9458,0.1547,0.014500,4.241
288736,520,374,894,232,55,196,337.89,0.9135,0.5978,0.238763,17,39,62,251.25,0.5687,0.1642,0.019179,4.174
288783,520,434,954,165,78,242,304.60,0.9020,0.5493,0.198595,3,18,53,262.13,0.8885,0.0951,0.007090,4.354
288784,520,478,998,182,51,193,324.58,0.8385,0.5067,0.161643,3,1,10,295.26,0.7289,0.0249,0.000630,4.180
288800,520,378,898,247,43,165,350.51,0.9443,0.6014,0.242218,74,1,32,3.19,0.9607,0.1616,0.015821,4.440
288801,520,391,911,202,87,200,328.25,0.7631,0.5852,0.235446,54,23,34,358.91,0.4788,0.1506,0.015127,4.383
288810,520,332,852,246,46,230,332.00,0.9722,0.6360,0.272629,21,53,43,170.51,0.5877,0.1997,0.028800,4.094
288820,520,358,878,246,10,223,333.68,0.9959,0.6182,0.251406,59,35,18,54.97,0.5281,0.1801,0.021757,4.200
288822,520,458,978,212,17,174,338.99,0.9622,0.5275,0.174562,19,1,33,307.63,0.9016,0.0580,0.002700,4.261
288825,520,480,1000,156,56,236,304.63,0.9073,0.5061,0.159529,0,0,0,0.00,0.0000,0.0000,0.000000,4.191
288834,520,283,803,245,99,248,326.90,0.9717,0.6941,0.351159,51,62,39,129.11,0.3650,0.2491,0.042955,4.316
288846,520,390,910,232,39,194,338.23,0.9455,0.5858,0.225046,57,19,26,11.24,0.5868,0.1459,0.014103,4.291
288848,520,446,966,202,64,166,339.98,0.7803,0.5376,0.189784,37,3,11,9.42,0.7975,0.0793,0.004827,4.373
288855,520,90,610,252,212,213,16.31,0.8069,0.8883,0.725877,52,112,7,136.43,0.9900,0.4047,0.123334,4.476
288861,520,317,837,252,65,232,332.93,0.9865,0.6608,0.303052,95,17,34,13.95,0.8153,0.2230,0.029497,4.441
288867,520,452,972,199,70,138,351.27,0.7233,0.5263,0.183593,15,13,8,89.26,0.2038,0.0659,0.004069,4.320
288870,520,371,891,194,94,239,313.84,0.8773,0.6082,0.257078,1,46,50,204.07,0.9675,0.1720,0.021906,4.271
288883,520,430,950,232,58,38,30.49,0.9440,0.5507,0.203249,3,26,35,226.38,0.7705,0.1028,0.008795,4.307
288886,520,382,902,234,41,214,333.23,0.9590,0.6023,0.239360,35,31,64,287.02,0.4906,0.1589,0.017074,4.314
288887,520,209,729,245,150,228,333.68,0.9187,0.7618,0.468286,0,88,49,155.77,1.0000,0.3132,0.072009,4.248
288902,520,328,848,212,134,109,38.53,0.5492,0.6460,0.321531,12,60,17,144.66,0.9643,0.2130,0.033502,4.449
288923,520,377,897,233,45,203,335.99,0.9425,0.5963,0.235148,35,41,3,118.20,0.9004,0.1629,0.019498,4.103
288927,520,371,891,228,60,226,328.57,0.9341,0.6129,0.252190,79,6,13,23.12,0.9372,0.1730,0.018219,4.430
288936,520,385,905,250,58,43,29.42,0.9782,0.5871,0.235281,34,37,17,115.89,0.4593,0.1521,0.017037,4.256
288960,520,398,918,253,24,91,14.35,0.9873,0.5796,0.222950,65,3,18,14.10,0.9188,0.1393,0.012328,4.379
288961,520,402,922,224,44,204,333.47,0.9332,0.5804,0.220107,41,22,37,334.82,0.3909,0.1295,0.011789,4.371
288964,520,432,952,205,51,205,328.07,0.8898,0.5533,0.197564,52,0,1,27.65,1.0000,0.1030,0.007324,4.319
288973,520,411,931,204,37,247,317.62,0.9696,0.5726,0.208775,4,34,1,140.89,0.9920,0.1181,0.011720,4.193
288979,520,381,901,249,20,181,345.52,0.9847,0.6025,0.239796,32,41,26,133.28,0.3343,0.1642,0.019675,4.159
288988,520,409,929,249,34,76,18.95,0.9706,0.5727,0.218092,53,6,49,331.89,0.7884,0.1321,0.011090,4.388
288991,520,162,682,231,177,248,317.94,0.8935,0.8055,0.552115,16,95,74,169.83,0.9210,0.3468,0.087886,4.367
288999,520,446,966,152,91,221,302.61,0.7674,0.5359,0.193784,39,1,4,21.06,0.9532,0.0778,0.004619,4.463
289000,520,452,972,234,21,39,25.89,0.9855,0.5302,0.181784,29,5,18,348.90,0.6398,0.0714,0.004135,4.282
289054,520,413,933,215,13,235,323.50,0.9917,0.5724,0.207351,26,3,80,284.26,0.9685,0.1182,0.008639,4.389
289058,520,448,968,223,50,111,5.52,0.8664,0.5398,0.191195,23,6,43,300.60,0.7699,0.0803,0.004868,4.396
289067,520,432,952,181,65,234,312.76,0.8914,0.5495,0.195459,18,0,77,278.60,1.0000,0.1027,0.006644,4.333
289069,520,444,964,233,45,38,28.40,0.9565,0.5415,0.193434,30,2,45,310.94,0.8839,0.0847,0.005089,4.419
289075,520,444,964,203,63,176,336.62,0.7991,0.5436,0.193880,29,7,35,318.55,0.6773,0.0840,0.005345,4.406
289085,520,22,542,241,249,248,188.12,0.3702,0.9719,0.932292,27,132,49,146.13,0.9757,0.4646,0.169566,4.474
289098,520,431,951,234,56,53,26.93,0.9316,0.5544,0.205809,34,17,2,63.41,0.7873,0.0972,0.007454,4.452
289104,520,427,947,244,36,22,29.63,0.9814,0.5573,0.205562,27,17,43,299.66,0.5234,0.1042,0.008083,4.400
289122,520,354,874,253,77,97,18.69,0.9800,0.6201,0.270570,16,39,79,260.62,0.7181,0.1766,0.021256,4.499
289123,520,404,924,215,18,244,321.42,0.9900,0.5805,0.214133,37,6,77,295.41,0.9058,0.1313,0.010594,4.359
289124,520,441,961,187,93,136,352.95,0.5644,0.5398,0.201725,0,15,55,261.19,1.0000,0.0886,0.006174,4.481
289139,520,392,912,242,76,23,36.08,0.9734,0.5887,0.241112,58,23,18,29.84,0.5876,0.1527,0.015561,4.440
289143,520,357,877,231,55,241,325.67,0.9590,0.6237,0.260745,47,20,94,293.65,0.8092,0.1790,0.019128,4.495
289156,520,360,880,195,105,224,317.34,0.7783,0.6164,0.270882,26,47,25,143.18,0.5794,0.1778,0.023228,4.382
289161,520,413,933,223,28,201,334.00,0.9623,0.5681,0.207379,55,1,25,359.80,0.9282,0.1172,0.009043,4.359
289172,520,473,993,194,62,159,340.15,0.7632,0.5179,0.174195,6,2,3,359.80,0.3648,0.0287,0.000887,4.406
289185,520,445,965,181,64,222,315.74,0.8629,0.5393,0.187656,23,15,13,34.43,0.2083,0.0805,0.005529,4.280
289196,520,341,861,253,66,168,352.06,0.9784,0.6312,0.276096,63,15,100,304.68,0.8500,0.2013,0.023186,4.456
289210,520,385,905,219,93,117,10.97,0.7017,0.5855,0.241754,16,29,76,267.78,0.7773,0.1488,0.015106,4.481
289245,520,443,963,239,31,31,28.04,0.9791,0.5446,0.194329,22,0,58,291.48,1.0000,0.0836,0.004761,4.462
289246,520,441,961,181,56,239,312.11,0.9205,0.5445,0.188851,11,14,51,273.75,0.7728,0.0899,0.006242,4.247
289248,520,300,820,245,98,214,336.76,0.9310,0.6742,0.330055,74,47,2,73.69,0.9440,0.2306,0.034934,4.475
289268,520,477,997,218,20,100,6.27,0.9558,0.5079,0.163285,0,2,8,253.83,0.9999,0.0231,0.000609,4.214
289270,520,428,948,200,54,219,322.79,0.9008,0.5571,0.200338,18,12,55,282.51,0.7764,0.0955,0.006674,4.417
289274,520,353,873,242,100,6,44.35,0.9927,0.6208,0.280078,49,41,33,66.98,0.1854,0.1848,0.023487,4.492
289289,520,398,918,247,16,134,359.51,0.9842,0.5773,0.218694,32,31,33,308.27,0.0417,0.1379,0.013969,4.200
289294,520,387,907,174,102,230,307.86,0.7895,0.5880,0.242152,47,32,8,76.31,0.6793,0.1530,0.016550,4.390
289295,520,361,881,198,109,204,324.87,0.6812,0.6155,0.273039,37,45,11,121.23,0.7276,0.1781,0.022942,4.429
289309,520,336,856,221,125,93,39.11,0.6683,0.6380,0.308318,26,54,36,154.30,0.5674,0.2034,0.029852,4.487
289310,520,372,892,223,46,244,323.09,0.9659,0.6065,0.241757,40,43,8,114.04,0.7661,0.1748,0.021964,4.054
289321,520,403,923,235,26,181,342.53,0.9666,0.5780,0.217400,2,13,94,265.06,0.9796,0.1327,0.011088,4.377
289327,520,465,985,166,63,233,308.17,0.8865,0.5250,0.175459,12,9,3,90.34,0.4363,0.0528,0.002801,4.270
289335,520,418,938,207,27,235,321.31,0.9758,0.5634,0.200492,28,28,19,107.68,0.2238,0.1205,0.011244,4.090
289340,520,480,1000,197,26,178,333.82,0.9217,0.5055,0.158253,0,0,0,0.00,0.0000,0.0000,0.000000,4.165
289353,520,391,911,218,42,233,324.45,0.9593,0.5879,0.224466,70,0,26,6.80,1.0000,0.1495,0.013769,4.304
289364,520,469,989,183,69,176,330.22,0.7414,0.5173,0.174594,1,7,19,253.03,0.7476,0.0442,0.002054,4.315
289365,520,405,925,247,40,111,8.33,0.9482,0.5801,0.224429,28,32,22,125.57,0.2386,0.1326,0.013378,4.330
289377,520,421,941,241,39,64,22.09,0.9606,0.5571,0.205253,0,32,22,168.49,1.0000,0.1140,0.010909,4.191
289381,520,465,985,228,23,73,17.11,0.9706,0.5233,0.175908,22,1,0,33.11,1.0000,0.0458,0.001923,4.351
289389,520,426,946,215,0,222,326.64,1.0000,0.5603,0.197231,34,4,64,300.25,0.9001,0.1111,0.007971,4.265
289403,520,453,973,190,81,155,341.81,0.6642,0.5339,0.192001,5,17,18,202.02,0.4506,0.0710,0.004768,4.419
289407,520,461,981,163,57,255,303.04,1.0000,0.5337,0.179333,5,6,19,276.83,0.5027,0.0457,0.002095,4.402
289426,520,373,893,249,8,174,347.41,0.9941,0.5963,0.233728,22,28,90,272.23,0.8336,0.1644,0.017392,4.210
289429,520,432,952,201,72,169,338.89,0.7525,0.5469,0.199186,11,25,25,195.71,0.3668,0.0997,0.008366,4.269
289455,520,358,878,230,81,202,336.07,0.8592,0.6231,0.269745,12,51,29,154.87,0.8715,0.1845,0.025344,4.244
289463,520,320,840,249,51,234,331.72,0.9760,0.6467,0.284509,67,15,102,306.65,0.8511,0.2094,0.024944,4.463
289485,520,125,645,234,207,172,74.14,0.4970,0.8467,0.650976,7,108,52,151.31,0.9900,0.3825,0.110177,4.376
289490,520,350,870,232,110,75,36.83,0.8111,0.6253,0.288183,27,49,30,147.61,0.5227,0.1862,0.025233,4.495
289512,520,423,943,212,31,219,326.45,0.9615,0.5619,0.200935,52,5,18,9.51,0.8101,0.1139,0.008824,4.266
289525,520,453,973,237,3,4,29.08,0.9986,0.5299,0.180817,0,14,41,257.21,0.9999,0.0738,0.004741,4.217
289527,520,370,890,237,97,53,37.51,0.8941,0.6102,0.268139,20,47,17,141.76,0.8403,0.1722,0.022222,4.405
289548,520,288,808,254,95,196,344.90,0.9888,0.6762,0.332439,84,42,7,54.71,0.8280,0.2362,0.035564,4.470
289574,520,390,910,252,37,127,3.56,0.9749,0.5932,0.235545,42,25,58,306.18,0.5290,0.1496,0.014930,4.398
289581,520,364,884,235,50,213,333.77,0.9452,0.6091,0.247501,41,29,77,291.29,0.6248,0.1713,0.018860,4.320
289582,520,446,966,241,0,45,24.13,1.0000,0.5405,0.188936,20,15,27,303.07,0.3164,0.0827,0.005695,4.290
289584,520,358,878,210,104,193,333.71,0.7008,0.6187,0.274542,19,45,59,234.31,0.5286,0.1810,0.023309,4.427
289617,520,238,758,245,148,136,27.72,0.8117,0.7261,0.423723,38,74,53,156.78,0.5473,0.2804,0.055665,4.483
289631,520,464,984,223,46,30,29.94,0.9558,0.5211,0.177385,5,7,16,270.88,0.3767,0.0465,0.002216,4.355
289637,520,298,818,189,132,245,305.87,0.8382,0.6688,0.339145,61,54,26,95.68,0.4968,0.2338,0.037051,4.470
289641,520,457,977,185,1,245,313.39,0.9993,0.5284,0.169298,15,8,14,331.33,0.2788,0.0572,0.003069,4.132
289724,520,453,973,190,96,20,52.21,0.8970,0.5255,0.193650,12,11,36,281.30,0.6124,0.0726,0.004449,4.475
289729,520,438,958,241,17,71,18.58,0.9865,0.5482,0.195600,24,13,44,296.77,0.6256,0.0939,0.006639,4.336
289756,520,458,978,212,54,123,359.01,0.8166,0.5263,0.180677,2,12,31,257.48,0.7724,0.0635,0.003748,4.292
289762,520,475,995,209,17,176,337.61,0.9607,0.5230,0.170929,11,0,13,323.96,1.0000,0.0330,0.001002,4.332
289766,520,298,818,232,108,221,330.94,0.8670,0.6717,0.331035,48,47,94,281.99,0.5231,0.2326,0.034695,4.499
289772,520,279,799,235,137,136,21.01,0.7000,0.6911,0.373333,23,66,68,199.47,0.6286,0.2528,0.044958,4.458
289789,520,446,966,207,61,150,347.42,0.7870,0.5353,0.188069,4,17,40,259.24,0.7372,0.0827,0.005799,4.267
289812,520,408,928,224,68,142,355.52,0.8068,0.5701,0.219371,23,20,68,279.83,0.7428,0.1269,0.010998,4.416
289815,520,365,885,207,98,202,329.18,0.7416,0.6098,0.262666,4,48,18,149.35,0.9750,0.1689,0.021833,4.353
289833,520,398,918,237,8,182,342.51,0.9920,0.5773,0.215585,48,8,64,313.94,0.8114,0.1371,0.011723,4.303
289846,520,388,908,215,60,225,325.35,0.9160,0.5908,0.231170,22,24,86,274.11,0.8429,0.1522,0.014957,4.329
289857,520,452,972,224,4,133,355.09,0.9916,0.5277,0.176303,7,19,3,136.59,0.8492,0.0735,0.005175,4.102
289859,520,391,911,238,7,198,338.28,0.9945,0.5879,0.224092,19,9,105,272.40,0.9778,0.1518,0.013537,4.314
289869,520,208,728,247,170,49,73.05,0.9291,0.7603,0.487477,9,87,42,151.47,0.9793,0.3099,0.070413,4.464
289876,520,479,999,198,71,97,11.44,0.7205,0.5112,0.173772,0,1,1,194.77,1.0000,0.0143,0.000239,4.454
289880,520,470,990,226,20,67,18.55,0.9762,0.5167,0.170772,15,3,0,50.08,1.0000,0.0408,0.001667,4.273
289903,520,430,950,209,74,139,354.01,0.7366,0.5493,0.203190,29,14,47,302.02,0.6312,0.1039,0.007805,4.380
289904,520,453,973,235,22,42,25.42,0.9844,0.5331,0.184064,14,0,51,285.35,1.0000,0.0675,0.003324,4.389
289914,520,470,990,182,78,169,332.61,0.6852,0.5239,0.182597,0,6,18,250.14,1.0000,0.0402,0.001739,4.496
289926,520,413,933,251,17,86,15.28,0.9883,0.5721,0.215857,45,19,24,8.87,0.4580,0.1242,0.010897,4.366
289932,520,366,886,218,89,194,335.50,0.7836,0.6095,0.259472,20,46,37,168.95,0.5222,0.1743,0.022362,4.277
289933,520,473,993,206,26,173,337.83,0.9279,0.5191,0.168798,0,4,1,152.72,1.0000,0.0267,0.000890,4.299
289943,520,422,942,182,66,250,309.45,0.9655,0.5648,0.207446,13,3,83,272.75,0.9878,0.1110,0.007752,4.458
289952,520,455,975,220,25,139,352.66,0.9368,0.5284,0.177775,10,4,41,282.72,0.8668,0.0617,0.003114,4.288
289956,520,446,966,232,51,11,32.70,0.9881,0.5427,0.195507,18,12,39,290.25,0.6002,0.0820,0.005380,4.433
289965,520,332,852,236,96,169,350.78,0.8069,0.6364,0.290658,8,36,116,264.27,0.9332,0.2034,0.025742,4.498
289966,520,432,952,185,58,236,313.93,0.9107,0.5500,0.193976,24,16,46,292.78,0.5846,0.1011,0.007620,4.234
289969,520,375,895,218,73,214,329.01,0.8732,0.6015,0.245276,30,19,96,279.63,0.8833,0.1613,0.015862,4.483
289972,520,343,863,238,51,230,330.11,0.9608,0.6254,0.262606,12,45,71,246.12,0.7114,0.1855,0.024098,4.219
289981,520,368,888,242,24,210,336.08,0.9837,0.6065,0.241866,39,13,102,285.91,0.9132,0.1697,0.016785,4.370
289982,520,352,872,235,75,184,343.10,0.8592,0.6155,0.261577,75,13,65,335.52,0.7714,0.1914,0.021656,4.348
289983,520,334,854,226,99,202,335.41,0.8031,0.6399,0.293588,44,45,54,280.36,0.1329,0.1983,0.026786,4.475
289984,520,358,878,231,30,252,323.47,0.9894,0.6173,0.249481,29,42,59,255.40,0.3448,0.1788,0.022328,4.141
290007,520,418,938,241,31,114,5.77,0.9558,0.5641,0.208989,46,9,37,338.83,0.6939,0.1157,0.009099,4.382
290008,520,469,989,223,30,106,5.54,0.9321,0.5246,0.176599,9,3,11,319.65,0.4944,0.0383,0.001474,4.402
290017,520,458,978,223,41,110,4.95,0.8960,0.5325,0.184023,25,3,3,24.33,0.7680,0.0562,0.002784,4.434
290026,520,156,676,237,177,255,318.26,1.0000,0.8154,0.566700,13,95,80,176.34,0.9297,0.3484,0.088488,4.453
290030,520,417,937,224,77,93,17.90,0.8028,0.5656,0.219480,1,32,42,223.20,0.9342,0.1235,0.012066,4.342
290037,520,363,883,251,70,96,17.57,0.9645,0.6086,0.257376,31,35,68,276.30,0.4939,0.1677,0.019107,4.448
290039,520,440,960,227,11,156,348.19,0.9811,0.5454,0.189733,40,0,25,346.76,1.0000,0.0851,0.005214,4.342
290040,520,476,996,221,42,22,30.53,0.9700,0.5132,0.170887,3,0,1,353.79,1.0000,0.0152,0.000216,4.399
290046,520,360,880,242,53,200,339.10,0.9388,0.6161,0.255965,29,28,101,275.65,0.8459,0.1813,0.020312,4.352
290047,520,326,846,239,63,247,326.14,0.9719,0.6470,0.286236,65,26,87,311.03,0.7055,0.2065,0.025508,4.453
290060,520,387,907,229,94,27,42.27,0.9440,0.5895,0.247452,42,33,19,78.05,0.3652,0.1507,0.016270,4.488
290073,520,372,892,217,100,169,346.11,0.6890,0.6118,0.267326,21,46,37,168.32,0.4983,0.1749,0.022469,4.379
290075,520,428,948,241,8,123,1.86,0.9907,0.5594,0.203078,45,10,6,30.31,0.7711,0.1043,0.007882,4.372
290092,520,440,960,248,7,3,29.28,0.9980,0.5545,0.201186,42,8,1,38.09,0.9249,0.0945,0.006682,4.432
290108,520,434,954,245,5,45,24.48,0.9974,0.5502,0.197140,26,21,28,316.29,0.1821,0.1035,0.008398,4.232
290121,520,465,985,174,52,228,312.64,0.9033,0.5214,0.170570,9,9,15,284.63,0.2137,0.0542,0.002879,4.171
290150,520,468,988,225,18,84,12.90,0.9731,0.5175,0.170831,8,3,24,292.49,0.7344,0.0443,0.001827,4.261
290151,520,363,883,215,110,132,8.09,0.6158,0.6112,0.272669,0,48,34,167.68,1.0000,0.1716,0.022293,4.463
290156,520,401,921,219,12,242,322.91,0.9939,0.5842,0.217359,50,24,29,8.29,0.4137,0.1441,0.014202,4.164
290160,520,221,741,178,183,200,272.74,0.1709,0.7450,0.475019,5,86,18,144.43,0.9941,0.3020,0.067312,4.475
290182,520,444,964,220,72,7,38.25,0.9868,0.5412,0.198683,4,20,22,205.44,0.5952,0.0800,0.005840,4.453
290189,520,445,965,241,16,9,29.26,0.9932,0.5418,0.190945,14,13,33,283.55,0.4989,0.0762,0.004910,4.388
290195,520,434,954,220,48,150,349.83,0.8632,0.5473,0.195340,35,11,41,319.19,0.6431,0.1029,0.007568,4.262
290197,520,426,946,167,87,230,306.99,0.8238,0.5553,0.207457,13,0,87,272.30,1.0000,0.1125,0.007736,4.459
290214,520,247,767,246,145,133,27.56,0.8316,0.7211,0.415396,54,68,73,221.55,0.1626,0.2815,0.053995,4.475
290215,520,435,955,239,23,90,12.98,0.9738,0.5500,0.197050,18,8,56,284.09,0.8442,0.0902,0.005878,4.421
290217,520,434,954,216,65,130,358.33,0.7898,0.5477,0.199936,17,21,30,265.99,0.2405,0.0955,0.007492,4.347
290236,520,440,960,240,7,101,8.94,0.9925,0.5504,0.196201,29,6,51,302.69,0.8092,0.0948,0.006305,4.373
290239,520,354,874,248,21,217,335.63,0.9897,0.6206,0.255056,23,2,131,271.46,0.9973,0.1849,0.018641,4.444
290247,520,312,832,250,116,3,49.02,0.9973,0.6598,0.328245,21,58,54,185.74,0.6065,0.2201,0.034518,4.475
290250,520,424,944,197,32,247,315.83,0.9734,0.5589,0.196202,11,25,51,261.63,0.6270,0.1149,0.010054,4.100
290254,520,457,977,121,94,248,285.63,0.9306,0.5291,0.188473,18,6,20,321.97,0.5126,0.0590,0.003094,4.492
290269,520,326,846,245,79,211,337.17,0.9380,0.6504,0.297104,43,53,35,131.73,0.3242,0.2133,0.031811,4.243
290280,520,461,981,203,68,144,349.46,0.7464,0.5334,0.188463,12,10,3,97.74,0.4652,0.0550,0.003018,4.498
290297,520,381,901,229,100,9,46.30,0.9829,0.5982,0.257947,33,41,7,121.53,0.7908,0.1614,0.019245,4.447
290304,520,381,901,249,57,134,2.25,0.9433,0.6032,0.247906,25,38,45,232.23,0.2687,0.1566,0.017823,4.392
290305,520,371,891,237,96,4,43.84,0.9942,0.6058,0.263820,25,40,64,259.47,0.4588,0.1734,0.020944,4.424
290328,520,480,1000,176,9,236,312.68,0.9913,0.5079,0.154826,0,0,0,0.00,0.0000,0.0000,0.000000,4.097
290331,520,470,990,204,74,68,26.19,0.7859,0.5196,0.181544,17,0,12,338.42,1.0000,0.0402,0.001457,4.500
290336,520,305,825,234,89,251,323.36,0.9807,0.6674,0.316044,18,57,74,230.28,0.6665,0.2258,0.035491,4.282
290337,520,369,889,245,13,214,335.69,0.9935,0.6114,0.245584,70,15,26,13.24,0.7447,0.1655,0.017185,4.400
290348,520,72,592,240,221,241,324.34,0.5430,0.9053,0.765895,62,111,93,168.21,0.4791,0.4226,0.131829,4.487
290358,520,454,974,223,55,8,33.99,0.9888,0.5280,0.184406,18,11,20,318.61,0.3026,0.0689,0.004185,4.326
290376,520,414,934,222,28,204,332.93,0.9634,0.5682,0.207221,12,32,2,135.94,0.9661,0.1158,0.011155,4.206
290383,520,386,906,208,64,240,319.56,0.9298,0.5938,0.233696,37,31,37,326.00,0.1395,0.1452,0.015069,4.360
290387,520,386,906,221,51,212,330.51,0.9235,0.5850,0.224955,19,19,97,272.25,0.9328,0.1540,0.014672,4.252
290388,520,312,832,245,75,238,329.71,0.9606,0.6617,0.306204,37,59,19,133.15,0.7772,0.2235,0.035682,4.157
290406,520,432,952,238,41,63,22.40,0.9548,0.5520,0.201251,37,9,29,340.19,0.6187,0.0960,0.006775,4.425
290416,520,440,960,226,20,167,344.61,0.9650,0.5514,0.194617,38,6,26,345.59,0.6925,0.0916,0.006170,4.355
290431,520,414,934,243,44,93,14.16,0.9405,0.5700,0.216497,21,29,34,235.79,0.1980,0.1223,0.011536,4.331
290436,520,457,977,188,33,232,316.65,0.9571,0.5328,0.176066,13,12,17,294.32,0.1599,0.0647,0.003890,4.195
290439,520,246,766,229,137,251,319.67,0.9637,0.7298,0.415159,40,72,55,159.62,0.4700,0.2759,0.053615,4.489
290442,520,433,953,224,71,0,38.11,1.0000,0.5474,0.203565,42,4,32,340.36,0.7717,0.0988,0.006834,4.461
290451,520,474,994,211,55,91,12.43,0.8320,0.5152,0.173389,7,3,8,320.95,0.3948,0.0350,0.001278,4.356
290452,520,390,910,165,117,201,309.44,0.5748,0.5860,0.249394,3,39,50,222.91,0.8687,0.1505,0.017006,4.468
290455,520,37,557,249,235,244,338.72,0.6152,0.9460,0.860885,21,129,42,145.45,0.9844,0.4527,0.160264,4.332
290461,520,416,936,230,18,197,336.74,0.9812,0.5749,0.212895,9,31,38,221.62,0.5692,0.1223,0.011779,4.255
290482,520,381,901,254,53,97,15.05,0.9918,0.5994,0.244838,27,40,23,138.49,0.4322,0.1559,0.018124,4.328
290483,520,452,972,194,30,216,322.32,0.9499,0.5285,0.173573,13,13,26,283.07,0.3621,0.0711,0.004480,4.104
290486,520,406,926,233,43,183,341.78,0.9299,0.5840,0.224730,17,32,31,190.48,0.3263,0.1266,0.012511,4.395
290487,520,433,953,245,14,9,29.17,0.9944,0.5498,0.197498,28,11,44,304.85,0.6644,0.0953,0.006681,4.367
290489,520,392,912,239,48,163,349.67,0.9171,0.5888,0.231120,53,20,43,340.41,0.5532,0.1476,0.014317,4.371
290492,520,459,979,213,54,118,1.30,0.8206,0.5264,0.180948,2,10,30,260.36,0.7836,0.0586,0.003237,4.338
290513,520,409,929,247,45,4,31.87,0.9969,0.5686,0.216632,29,33,1,116.28,0.9489,0.1324,0.013511,4.198
290519,520,480,1000,217,21,124,357.24,0.9450,0.5145,0.167458,0,0,0,0.00,0.0000,0.0000,0.000000,4.349
290526,520,467,987,204,69,81,19.13,0.7738,0.5155,0.176898,6,2,27,285.85,0.8499,0.0420,0.001613,4.396
290527,520,480,1000,185,81,111,4.33,0.6134,0.5075,0.173484,0,0,0,0.00,0.0000,0.0000,0.000000,4.470
290538,520,360,880,160,121,247,295.35,0.8595,0.6172,0.278638,28,49,9,133.06,0.8892,0.1829,0.024632,4.403
290548,520,399,919,158,97,252,297.92,0.9573,0.5766,0.228470,21,5,102,274.32,0.9846,0.1449,0.012272,4.472
290549,520,405,925,250,7,125,2.73,0.9940,0.5783,0.219602,35,16,65,296.76,0.7315,0.1297,0.011096,4.413
290563,520,462,982,234,14,80,15.11,0.9853,0.5343,0.183888,7,11,6,138.56,0.2834,0.0538,0.002977,4.415
290567,520,472,992,222,29,112,3.08,0.9309,0.5239,0.175809,2,2,16,276.62,0.7755,0.0302,0.000937,4.433
290576,520,454,974,181,32,246,311.52,0.9687,0.5331,0.175117,10,2,57,276.88,0.9749,0.0746,0.004033,4.166
290584,520,375,895,193,86,241,313.62,0.8998,0.5972,0.243450,20,42,20,144.00,0.6692,0.1564,0.018551,4.281
290608,520,299,819,241,116,145,7.26,0.7870,0.6659,0.332386,42,54,68,252.59,0.2458,0.2286,0.035479,4.473
290622,520,447,967,144,85,249,295.05,0.9401,0.5394,0.192659,9,8,50,275.32,0.8739,0.0770,0.004620,4.443
290635,520,373,893,211,56,248,318.80,0.9667,0.5973,0.234562,42,9,98,290.18,0.9238,0.1645,0.015694,4.332
290660,520,366,886,195,90,247,312.57,0.9328,0.6096,0.256309,69,21,5,38.43,0.8632,0.1681,0.018127,4.496
290664,520,432,952,221,58,133,357.34,0.8282,0.5508,0.200942,30,0,66,295.88,1.0000,0.1023,0.006694,4.426
290689,520,441,961,184,95,141,349.29,0.5473,0.5407,0.202992,6,24,9,148.00,0.7928,0.0888,0.007117,4.429
290695,520,457,977,200,32,206,326.59,0.9379,0.5326,0.177703,24,6,7,17.55,0.5356,0.0621,0.003398,4.264
290720,520,434,954,205,47,198,330.10,0.8896,0.5456,0.190912,29,15,45,303.13,0.5904,0.1042,0.007923,4.159
290732,520,413,933,246,51,25,31.04,0.9773,0.5719,0.220342,45,21,7,49.58,0.6481,0.1241,0.011096,4.425
290763,520,437,957,244,12,8,29.16,0.9952,0.5471,0.195171,8,25,3,137.80,0.9268,0.0917,0.007534,4.261
290764,520,375,895,241,10,210,335.81,0.9941,0.6011,0.235739,30,20,92,280.30,0.8581,0.1583,0.015490,4.363
290765,520,325,845,249,33,254,327.17,0.9971,0.6502,0.283861,10,59,11,143.21,0.9751,0.2081,0.032165,4.063
290775,520,353,873,254,12,200,341.26,0.9944,0.6199,0.255073,51,21,87,299.93,0.7655,0.1788,0.019283,4.403
290777,520,461,981,198,7,222,322.18,0.9921,0.5322,0.174333,13,8,5,58.73,0.2547,0.0522,0.002702,4.257
290787,520,389,909,221,81,159,349.33,0.7637,0.5872,0.237625,51,25,31,5.73,0.4055,0.1485,0.014981,4.426
290801,520,431,951,215,69,118,3.99,0.7738,0.5462,0.200136,25,16,47,293.85,0.5943,0.1029,0.007825,4.326
290834,520,406,926,239,63,96,15.25,0.8914,0.5786,0.227534,0,35,46,223.27,1.0000,0.1345,0.013992,4.337
290839,520,268,788,212,150,169,359.16,0.4369,0.6961,0.386756,58,66,2,117.31,0.9710,0.2627,0.048003,4.457
290861,520,417,937,229,43,168,345.55,0.9111,0.5690,0.212156,24,29,14,123.72,0.4099,0.1181,0.011046,4.294
290866,520,461,981,214,21,160,343.98,0.9465,0.5250,0.173729,4,8,24,267.44,0.5947,0.0522,0.002654,4.249
290867,520,451,971,240,14,69,18.91,0.9892,0.5449,0.192724,31,3,26,335.50,0.7550,0.0747,0.004311,4.469
290873,520,451,971,197,20,225,321.07,0.9770,0.5362,0.178084,12,15,18,248.31,0.1263,0.0711,0.004635,4.175
290885,520,145,665,251,179,237,333.60,0.9638,0.8275,0.588656,21,99,56,153.90,0.9427,0.3559,0.093682,4.445
290888,520,457,977,229,5,107,5.12,0.9919,0.5288,0.178310,17,10,8,37.63,0.2266,0.0616,0.003538,4.264
290896,520,420,940,240,3,145,354.38,0.9963,0.5647,0.206379,46,2,38,336.73,0.8425,0.1068,0.007643,4.448
290903,520,381,901,244,61,155,354.27,0.9058,0.6050,0.249403,20,43,3,134.64,0.9653,0.1569,0.018830,4.350
290911,520,402,922,205,94,160,345.86,0.6559,0.5798,0.235244,32,32,1,109.68,0.9442,0.1327,0.013423,4.497
290931,520,293,813,251,124,54,46.24,0.9591,0.6775,0.351940,33,66,19,137.64,0.8932,0.2437,0.042667,4.337
290933,520,437,957,230,2,161,347.17,0.9968,0.5518,0.194424,26,17,11,54.93,0.2968,0.0882,0.006447,4.330
290938,520,401,921,242,6,171,346.79,0.9942,0.5809,0.219509,36,29,38,318.66,0.1937,0.1394,0.013938,4.215
290945,520,321,841,224,95,229,326.16,0.8787,0.6463,0.296908,93,16,5,31.67,0.9501,0.2126,0.027091,4.500
290967,520,431,951,217,61,147,351.17,0.8106,0.5521,0.201981,47,3,26,353.30,0.8110,0.1039,0.007441,4.387
290976,520,430,950,188,17,255,311.93,1.0000,0.5457,0.183134,42,10,2,38.90,0.8574,0.0978,0.007138,4.080
290990,520,401,921,195,79,225,318.74,0.8467,0.5799,0.226316,61,13,19,17.49,0.7433,0.1427,0.013271,4.367
290993,520,363,883,234,13,244,326.05,0.9952,0.6115,0.243144,34,33,79,280.57,0.6107,0.1744,0.019923,4.192
290995,520,433,953,202,78,150,347.63,0.7063,0.5472,0.202092,12,24,33,241.92,0.3828,0.1013,0.008412,4.316
291017,520,314,834,253,36,255,327.83,1.0000,0.6589,0.293674,32,59,39,151.21,0.5228,0.2243,0.035814,4.005
291032,520,477,997,197,15,189,330.56,0.9656,0.5084,0.158879,5,1,2,359.77,0.5178,0.0235,0.000584,4.129
291051,520,476,996,214,55,53,26.36,0.9001,0.5135,0.172880,3,0,8,305.48,1.0000,0.0200,0.000369,4.425
291057,520,150,670,245,191,183,28.14,0.7030,0.8263,0.600945,34,100,40,144.88,0.9315,0.3603,0.096073,4.456
291092,520,467,987,202,32,177,335.55,0.9054,0.5172,0.167658,1,3,27,267.08,0.9317,0.0394,0.001507,4.226
291093,520,448,968,217,74,15,38.47,0.9691,0.5383,0.196863,8,17,30,257.27,0.4549,0.0789,0.005462,4.451
291110,520,460,980,215,58,96,11.46,0.8281,0.5273,0.183201,25,7,0,53.29,1.0000,0.0636,0.003587,4.352
291132,520,459,979,214,69,18,36.97,0.9620,0.5263,0.185985,2,14,22,234.59,0.6858,0.0628,0.003849,4.382
291135,520,454,974,184,35,232,315.43,0.9519,0.5275,0.172198,4,20,0,137.22,1.0000,0.0734,0.005261,4.021
291148,520,420,940,247,20,18,28.82,0.9912,0.5562,0.203217,33,22,27,349.94,0.2228,0.1139,0.009763,4.237
291162,520,478,998,224,26,61,20.56,0.9675,0.5140,0.169258,2,0,8,296.85,1.0000,0.0183,0.000304,4.359
291169,520,366,886,230,32,245,324.77,0.9831,0.6114,0.244509,70,11,43,352.29,0.7627,0.1674,0.017161,4.385
291170,520,443,963,227,29,131,357.16,0.9362,0.5408,0.188511,23,12,30,311.14,0.4695,0.0816,0.005389,4.306
291177,520,272,792,250,100,237,331.22,0.9766,0.6967,0.355554,34,71,33,143.28,0.7840,0.2631,0.049562,4.073
291178,520,450,970,204,56,177,336.42,0.8255,0.5389,0.188419,2,1,60,266.87,0.9958,0.0704,0.003608,4.447
291186,520,479,999,197,52,148,344.83,0.7959,0.5071,0.164663,2,0,2,328.36,1.0000,0.0139,0.000173,4.278
291191,520,475,995,167,69,221,310.87,0.8370,0.5238,0.176930,8,1,13,314.33,0.7585,0.0326,0.001024,4.448
291213,520,438,958,226,10,162,346.04,0.9830,0.5462,0.189971,20,16,34,292.80,0.4186,0.0887,0.006348,4.259
291220,520,310,830,228,116,176,348.43,0.7119,0.6571,0.321215,39,52,75,261.48,0.3503,0.2245,0.033952,4.422
291229,520,451,971,179,62,228,313.71,0.8810,0.5387,0.186314,0,9,46,262.28,1.0000,0.0682,0.003926,4.382
291232,520,416,936,253,28,21,29.06,0.9931,0.5721,0.217711,2,25,67,260.07,0.9411,0.1239,0.011133,4.379
291237,520,398,918,244,49,96,13.83,0.9311,0.5763,0.222776,64,5,19,13.71,0.8711,0.1397,0.012457,4.367
291250,520,410,930,234,54,134,359.22,0.8800,0.5722,0.218549,57,6,23,6.19,0.8002,0.1271,0.010621,4.430
291257,520,341,861,249,25,234,331.73,0.9905,0.6341,0.267785,23,51,54,204.59,0.4702,0.1990,0.028161,4.066
291286,520,444,964,213,30,188,335.15,0.9376,0.5429,0.187077,15,11,42,284.23,0.6757,0.0797,0.005081,4.304
291287,520,421,941,195,104,83,34.08,0.6024,0.5564,0.221289,11,31,14,147.26,0.7147,0.1144,0.010828,4.460
291297,520,405,925,245,43,126,3.14,0.9356,0.5826,0.226499,30,23,61,288.33,0.6013,0.1335,0.012257,4.441
291301,520,388,908,228,52,193,337.73,0.9092,0.5867,0.228027,0,22,100,263.54,1.0011,0.1538,0.014938,4.281
291311,520,413,933,214,70,170,342.24,0.7930,0.5671,0.215809,30,21,51,295.25,0.5322,0.1216,0.010514,4.393
291313,520,418,938,193,107,69,43.82,0.6468,0.5564,0.222841,0,35,24,167.81,1.0000,0.1245,0.012680,4.353
291325,520,457,977,199,22,217,323.56,0.9696,0.5342,0.177274,19,2,32,307.98,0.8318,0.0593,0.002862,4.299
291330,520,425,945,217,44,183,337.83,0.8978,0.5555,0.199742,44,8,28,349.81,0.6847,0.1062,0.007931,4.311
291335,520,384,904,233,84,72,28.03,0.8712,0.5871,0.241350,68,10,13,23.43,0.8635,0.1525,0.014753,4.499
291368,520,377,897,224,49,231,326.39,0.9520,0.6011,0.238156,71,9,32,4.25,0.7989,0.1630,0.016395,4.340
291379,520,387,907,232,13,218,331.72,0.9916,0.5904,0.225082,32,36,9,116.79,0.6687,0.1456,0.015886,4.175
291383,520,419,939,250,27,2,30.27,0.9987,0.5647,0.211159,48,12,5,34.09,0.7960,0.1127,0.009024,4.425
291391,520,426,946,209,49,203,329.78,0.8978,0.5572,0.200657,36,17,27,347.81,0.3973,0.1073,0.008551,4.281
291417,520,361,881,240,47,228,331.09,0.9657,0.6250,0.261624,63,21,72,320.15,0.6961,0.1843,0.020611,4.413
291436,520,260,780,226,134,239,322.48,0.8753,0.7144,0.394525,24,63,112,255.70,0.7277,0.2720,0.049188,4.482
291440,520,453,973,206,46,170,339.12,0.8542,0.5298,0.179801,9,12,31,274.30,0.5322,0.0689,0.004199,4.240
291442,520,434,954,229,61,37,31.33,0.9407,0.5477,0.201320,13,8,69,274.76,0.9396,0.1003,0.006889,4.418
291456,520,423,943,251,12,3,29.44,0.9981,0.5620,0.207825,18,8,74,277.86,0.9340,0.1100,0.007966,4.448
291462,520,387,907,231,0,231,328.36,1.0000,0.5948,0.227609,31,37,18,123.15,0.4428,0.1492,0.016581,4.169
291466,520,383,903,239,4,219,333.09,0.9979,0.6019,0.235548,26,6,104,277.02,0.9775,0.1526,0.013493,4.497
291477,520,427,947,198,71,202,326.56,0.8135,0.5597,0.207781,9,22,37,253.05,0.5104,0.0964,0.007654,4.471
291529,520,465,985,216,38,108,4.17,0.8902,0.5158,0.170704,2,10,4,153.09,0.7143,0.0464,0.002387,4.213
291530,520,50,570,255,227,254,327.03,1.0000,0.9377,0.833547,19,126,18,142.62,0.9897,0.4402,0.151032,4.395
291537,520,407,927,153,108,221,299.98,0.7135,0.5672,0.227181,42,17,56,311.53,0.6514,0.1334,0.011787,4.486
291538,520,441,961,214,68,100,11.61,0.7859,0.5377,0.193528,7,1,73,270.37,0.9959,0.0910,0.005479,4.390
291549,520,330,850,234,120,34,51.46,0.9265,0.6417,0.310435,54,49,27,96.92,0.4070,0.2114,0.030601,4.472
291554,520,377,897,217,77,204,331.71,0.8396,0.5984,0.244211,48,36,8,85.32,0.7149,0.1648,0.019077,4.259
291568,520,478,998,211,43,100,6.96,0.8653,0.5070,0.164991,6,0,4,338.03,1.0000,0.0222,0.000475,4.259
291584,520,475,995,170,18,254,306.97,0.9954,0.5178,0.161352,0,3,8,244.29,1.0000,0.0266,0.000827,4.158
291604,520,448,968,196,69,184,331.77,0.7787,0.5432,0.194543,9,13,45,272.72,0.7413,0.0814,0.005354,4.418
291640,520,400,920,245,27,142,356.89,0.9666,0.5799,0.221527,58,16,26,8.91,0.6457,0.1430,0.013448,4.279
291654,520,416,936,231,25,187,339.84,0.9672,0.5734,0.212747,4,32,41,222.85,0.7779,0.1244,0.012189,4.225
291674,520,477,997,170,13,244,309.12,0.9893,0.5068,0.153664,1,1,4,280.91,0.5250,0.0184,0.000369,4.043
291682,520,270,790,245,141,60,54.79,0.8972,0.6997,0.387912,6,75,21,145.76,0.9891,0.2643,0.051248,4.325
291687,520,434,954,202,77,159,343.57,0.7209,0.5500,0.203693,8,22,50,262.34,0.6989,0.1049,0.008557,4.332
291691,520,459,979,198,77,115,3.75,0.6823,0.5252,0.185532,8,0,47,279.17,1.0000,0.0580,0.002568,4.480
291693,520,433,953,214,62,145,351.32,0.7982,0.5468,0.197880,40,6,35,334.27,0.7267,0.0999,0.007028,4.347
291697,520,454,974,119,98,239,285.15,0.8584,0.5267,0.188890,5,1,58,271.02,0.9931,0.0703,0.003594,4.457
291702,520,325,845,254,15,245,330.31,0.9966,0.6474,0.280082,61,4,119,296.72,0.9709,0.2101,0.024109,4.454
291706,520,444,964,193,74,170,336.00,0.7281,0.5367,0.191389,6,4,64,270.53,0.9772,0.0836,0.004957,4.392
291709,520,439,959,208,28,208,328.26,0.9557,0.5459,0.187964,30,18,2,75.27,0.7873,0.0937,0.007130,4.165
291710,520,391,911,229,0,231,327.89,1.0000,0.5913,0.224300,43,18,70,302.14,0.7248,0.1478,0.013884,4.294
291715,520,433,953,174,65,249,307.21,0.9588,0.5517,0.196196,4,8,73,267.28,0.9739,0.0996,0.006805,4.334
291718,520,387,907,220,82,161,348.35,0.7587,0.5877,0.238257,51,14,69,312.21,0.7633,0.1531,0.014476,4.471
291738,520,475,995,182,46,215,318.63,0.8989,0.5184,0.168066,1,0,26,269.98,1.0000,0.0302,0.000810,4.292
291778,520,396,916,254,20,109,8.79,0.9927,0.5848,0.226790,15,25,74,269.39,0.8134,0.1373,0.012912,4.400
291780,520,417,937,203,36,246,317.60,0.9698,0.5697,0.206136,20,30,19,142.39,0.3505,0.1187,0.011243,4.182
291784,520,470,990,209,69,41,33.20,0.8897,0.5184,0.179739,4,2,20,284.69,0.7848,0.0350,0.001197,4.487
291795,520,401,921,227,85,73,28.03,0.8379,0.5777,0.233116,34,29,43,300.76,0.2596,0.1396,0.013932,4.428
291800,520,456,976,205,1,211,326.81,0.9987,0.5349,0.177059,16,2,34,300.36,0.8555,0.0574,0.002691,4.309
291866,520,288,808,244,113,177,351.80,0.8421,0.6771,0.342203,41,60,55,176.57,0.2568,0.2395,0.039789,4.368
291868,520,453,973,230,46,20,31.19,0.9767,0.5349,0.188305,23,4,35,309.96,0.7670,0.0705,0.003904,4.421
291878,520,385,905,239,41,166,348.40,0.9348,0.5856,0.226928,58,6,64,323.31,0.8287,0.1522,0.014001,4.327
291882,520,270,790,254,138,0,57.62,1.0000,0.7047,0.392509,43,69,28,135.35,0.7173,0.2617,0.048536,4.491
291927,520,411,931,230,10,193,337.81,0.9896,0.5706,0.208930,13,31,33,204.85,0.4243,0.1219,0.011753,4.193
291934,520,344,864,254,46,184,346.27,0.9921,0.6251,0.264889,20,33,107,268.83,0.8904,0.1918,0.022978,4.315
291937,520,378,898,244,36,191,341.82,0.9633,0.6045,0.242595,68,11,30,5.74,0.7691,0.1580,0.015622,4.459
291944,520,469,989,148,76,232,300.75,0.8558,0.5166,0.172913,2,4,16,268.27,0.6395,0.0359,0.001371,4.339
291946,520,330,850,246,36,249,327.58,0.9866,0.6430,0.276969,33,52,58,219.60,0.2940,0.2105,0.030847,4.044
291956,520,354,874,225,75,222,328.71,0.8979,0.6197,0.263158,21,51,4,136.70,0.9730,0.1844,0.025358,4.156
291962,520,390,910,167,112,216,306.91,0.6787,0.5878,0.247622,5,37,55,238.04,0.7861,0.1484,0.016312,4.488
291965,520,306,826,230,122,184,346.07,0.7226,0.6733,0.342049,2,65,27,150.44,0.9929,0.2293,0.038725,4.419
291982,520,435,955,242,34,23,29.34,0.9797,0.5520,0.200866,10,15,55,271.64,0.8168,0.0949,0.006820,4.415
291986,520,478,998,220,31,65,19.50,0.9517,0.5088,0.165800,3,0,3,328.36,1.0000,0.0167,0.000259,4.294
291988,520,434,954,210,25,208,328.80,0.9633,0.5482,0.189530,26,10,53,295.31,0.7579,0.0988,0.006937,4.207
291994,520,478,998,179,48,206,320.00,0.8730,0.5084,0.161550,1,1,0,109.77,1.0000,0.0157,0.000282,4.207
292016,520,370,890,246,75,125,7.35,0.9053,0.6120,0.261089,7,38,75,255.36,0.8171,0.1669,0.019393,4.483
292020,520,377,897,243,67,130,3.81,0.8912,0.5997,0.246839,1,37,69,249.93,0.9489,0.1569,0.017592,4.392
292034,520,348,868,250,62,192,343.54,0.9621,0.6332,0.275782,76,26,31,16.98,0.6296,0.1950,0.023745,4.418
292062,520,400,920,200,79,221,321.44,0.8429,0.5847,0.230932,14,34,50,244.68,0.5310,0.1405,0.014676,4.344
292065,520,352,872,240,68,187,343.01,0.8955,0.6185,0.262502,7,44,84,254.01,0.8390,0.1909,0.024865,4.174
292069,520,447,967,234,43,43,27.19,0.9579,0.5426,0.193977,14,14,29,282.68,0.3948,0.0758,0.004961,4.439
292088,520,401,921,203,61,233,319.92,0.9138,0.5781,0.219187,29,36,18,126.05,0.4327,0.1443,0.015666,4.099
292090,520,341,861,229,86,200,336.58,0.8402,0.6264,0.274860,75,20,67,334.14,0.7077,0.2005,0.024016,4.389
292097,520,386,906,249,59,98,14.98,0.9528,0.5947,0.241530,31,24,78,283.22,0.7264,0.1517,0.014946,4.489
292101,520,349,869,238,88,181,345.77,0.8508,0.6344,0.284955,2,53,41,171.98,0.9710,0.1917,0.027191,4.339
292109,520,448,968,210,51,163,342.78,0.8380,0.5375,0.187158,8,21,2,134.77,0.9167,0.0796,0.005923,4.241
292111,520,475,995,227,41,11,31.39,0.9878,0.5245,0.179439,2,3,12,272.40,0.5757,0.0310,0.001046,4.495
292126,520,476,996,226,17,14,28.94,0.9897,0.5099,0.166043,6,1,1,22.40,0.6057,0.0243,0.000626,4.267
292191,520,391,911,226,96,75,31.27,0.8060,0.5925,0.250450,14,42,22,150.70,0.7675,0.1535,0.018072,4.414
292225,520,451,971,191,38,236,316.46,0.9532,0.5437,0.185200,30,8,6,28.35,0.6035,0.0748,0.004629,4.305
292254,520,374,894,235,58,179,343.97,0.8950,0.5967,0.239457,61,21,39,354.52,0.5791,0.1614,0.016751,4.336
292261,520,474,994,212,52,108,5.02,0.8296,0.5192,0.175381,2,3,15,272.68,0.6692,0.0326,0.001125,4.408
292283,520,406,926,226,3,223,329.08,0.9980,0.5810,0.215640,16,9,88,273.18,0.9648,0.1272,0.010101,4.420
292307,520,470,990,199,45,175,335.47,0.8513,0.5193,0.171158,9,6,3,74.90,0.3061,0.0430,0.001949,4.257
292308,520,457,977,163,53,253,303.68,0.9874,0.5282,0.174251,3,2,48,269.83,0.9818,0.0590,0.002762,4.250
292315,520,416,936,249,29,42,26.31,0.9833,0.5657,0.211893,15,26,55,266.21,0.6030,0.1229,0.011161,4.282
292322,520,472,992,184,15,230,316.30,0.9837,0.5171,0.162464,13,1,5,354.41,0.7211,0.0348,0.001182,4.151
292346,520,473,993,210,32,152,345.95,0.8980,0.5184,0.170039,5,3,6,315.91,0.2804,0.0319,0.001105,4.306
292362,520,430,950,224,64,83,18.75,0.8555,0.5479,0.201413,23,24,14,112.71,0.2840,0.1031,0.008671,4.285
292366,520,431,951,240,31,65,21.02,0.9707,0.5507,0.198902,31,11,51,303.30,0.7191,0.1047,0.007697,4.314
292368,520,447,967,228,29,128,358.43,0.9381,0.5417,0.189340,37,1,27,341.08,0.8608,0.0822,0.004942,4.356
292383,520,332,852,246,72,205,339.03,0.9416,0.6419,0.286383,30,48,56,227.57,0.3106,0.1954,0.026754,4.383
292391,520,478,998,205,61,75,19.62,0.8181,0.5063,0.168268,3,1,1,20.04,0.3720,0.0199,0.000433,4.328
292395,520,439,959,193,40,233,317.68,0.9472,0.5457,0.187396,14,19,41,272.01,0.5123,0.0948,0.007192,4.151
292412,520,477,997,172,9,244,309.77,0.9927,0.5089,0.154986,4,0,12,302.69,1.0000,0.0238,0.000524,4.057
292422,520,449,969,190,16,243,315.05,0.9878,0.5381,0.177901,18,11,15,343.60,0.2152,0.0669,0.004024,4.218
292449,520,422,942,227,44,163,346.77,0.9005,0.5635,0.207792,8,30,4,139.96,0.9432,0.1076,0.009889,4.304
292463,520,464,984,200,52,161,340.77,0.8119,0.5192,0.173104,17,7,6,27.45,0.3417,0.0547,0.002843,4.222
292471,520,474,994,226,21,100,7.66,0.9624,0.5249,0.176280,5,1,14,300.29,0.7828,0.0296,0.000857,4.449
292475,520,456,976,210,26,172,339.19,0.9324,0.5260,0.174211,5,4,47,272.62,0.9473,0.0636,0.003243,4.211
292489,520,383,903,236,47,197,338.44,0.9378,0.5996,0.238999,21,36,57,256.95,0.4616,0.1549,0.017165,4.303
292493,520,409,929,220,47,194,335.33,0.9082,0.5694,0.211460,31,23,54,293.21,0.5263,0.1292,0.011704,4.237
292495,520,474,994,227,13,79,14.57,0.9837,0.5190,0.171862,9,0,6,338.03,1.0000,0.0273,0.000712,4.375
292503,520,426,946,203,23,237,319.84,0.9805,0.5567,0.194254,40,16,15,23.60,0.4901,0.1075,0.008563,4.171
292510,520,469,989,192,59,179,332.15,0.7980,0.5224,0.175906,0,10,1,146.31,1.0000,0.0435,0.002193,4.328
292524,520,249,769,193,155,244,303.06,0.7851,0.7177,0.413122,13,78,26,146.06,0.9751,0.2769,0.056087,4.365
292526,520,422,942,226,39,166,345.36,0.9149,0.5598,0.203756,17,0,83,276.06,1.0000,0.1099,0.007437,4.418
292531,520,473,993,221,50,9,33.09,0.9876,0.5193,0.176758,6,1,19,296.63,0.8395,0.0338,0.001074,4.440
292535,520,474,994,207,56,122,358.57,0.7967,0.5184,0.175010,0,3,13,255.43,0.9999,0.0291,0.000942,4.417
292559,520,368,888,229,61,225,329.08,0.9326,0.6147,0.254341,16,33,84,266.09,0.8055,0.1659,0.018379,4.451
292561,520,464,984,213,38,132,354.25,0.8763,0.5188,0.172007,21,3,13,346.20,0.6463,0.0534,0.002536,4.226
292566,520,421,941,251,1,49,23.85,0.9995,0.5626,0.207564,37,11,52,310.58,0.7220,0.1139,0.008806,4.380
292587,520,451,971,193,38,232,317.96,0.9499,0.5437,0.185513,19,1,51,291.64,0.9652,0.0744,0.003992,4.362
292597,520,442,962,222,32,141,352.68,0.9182,0.5366,0.184883,31,3,28,332.37,0.7621,0.0759,0.004403,4.317
292604,520,338,858,249,56,220,335.28,0.9701,0.6418,0.281384,56,46,7,94.08,0.8190,0.2025,0.028102,4.243
292634,520,409,929,232,63,114,7.59,0.8535,0.5700,0.219286,35,28,2,94.74,0.8737,0.1253,0.011922,4.349
292636,520,431,951,245,15,42,25.38,0.9924,0.5521,0.199248,11,24,30,229.03,0.3788,0.0991,0.008181,4.284
292654,520,406,926,217,1,247,321.37,0.9995,0.5826,0.214908,11,18,84,269.20,0.9339,0.1321,0.011438,4.312
292673,520,457,977,134,92,232,293.01,0.8192,0.5254,0.185488,18,0,36,303.51,1.0000,0.0572,0.002560,4.480
292682,520,351,871,223,62,255,320.26,1.0000,0.6262,0.263552,69,19,73,324.72,0.7266,0.1925,0.022122,4.348
292697,520,328,848,254,9,251,329.00,0.9982,0.6503,0.282344,17,29,132,267.76,0.9576,0.2129,0.026636,4.337
292698,520,381,901,239,1,220,332.84,0.9995,0.6020,0.235426,48,32,30,26.94,0.2474,0.1594,0.017552,4.225
292721,520,457,977,207,36,176,337.26,0.8979,0.5281,0.176638,11,11,23,283.08,0.3610,0.0637,0.003723,4.219
292724,520,424,944,158,99,220,304.10,0.7390,0.5561,0.213605,15,28,13,141.16,0.5387,0.1074,0.009611,4.422
292736,520,381,901,211,71,227,323.45,0.8924,0.5965,0.239032,16,35,68,260.64,0.6510,0.1570,0.017295,4.295
292746,520,473,993,195,58,163,338.77,0.7846,0.5174,0.172743,0,1,24,264.12,0.9833,0.0303,0.000876,4.378
292767,520,400,920,237,65,104,12.44,0.8718,0.5788,0.227876,1,9,105,264.63,0.9901,0.1428,0.012216,4.466
292775,520,479,999,157,54,246,303.06,0.9500,0.5145,0.164607,0,0,6,264.05,1.0000,0.0126,0.000131,4.281
292784,520,290,810,253,123,9,50.91,0.9930,0.6766,0.350715,2,68,45,162.56,0.9867,0.2442,0.043364,4.292
292786,520,330,850,196,123,212,320.23,0.6582,0.6418,0.306562,20,58,30,149.67,0.8332,0.2118,0.032685,4.312
292789,520,421,941,250,6,68,19.71,0.9966,0.5641,0.208753,44,8,29,348.20,0.6859,0.1067,0.007979,4.463
292811,520,344,864,236,46,253,324.27,0.9928,0.6342,0.268811,69,34,5,55.40,0.8219,0.1926,0.024204,4.296
292829,520,458,978,206,70,104,9.03,0.7468,0.5265,0.185037,15,2,43,290.80,0.9137,0.0642,0.003194,4.418
292831,520,384,904,246,34,165,349.98,0.9592,0.5946,0.234568,22,21,87,274.99,0.8721,0.1477,0.013950,4.450
292842,520,459,979,234,33,12,30.30,0.9890,0.5341,0.186098,11,8,31,285.65,0.6163,0.0625,0.003437,4.418
292852,520,363,883,229,33,241,325.43,0.9804,0.6073,0.240989,66,28,6,47.50,0.7942,0.1750,0.020021,4.156
292856,520,416,936,223,22,208,332.11,0.9761,0.5702,0.208182,30,11,65,292.89,0.8083,0.1162,0.008970,4.378
292857,520,443,963,225,0,163,345.39,1.0000,0.5426,0.186546,4,22,8,149.98,0.8539,0.0813,0.006171,4.211
292869,520,380,900,246,12,199,339.81,0.9927,0.6044,0.239824,5,46,4,142.44,0.9831,0.1602,0.019949,4.143
292891,520,273,793,222,147,162,6.48,0.5286,0.7004,0.390073,49,67,35,132.59,0.5226,0.2616,0.047886,4.496
292911,520,462,982,141,76,255,294.12,1.0000,0.5284,0.180516,5,0,46,274.57,1.0000,0.0543,0.002295,4.408
292930,520,475,995,198,54,170,337.03,0.8116,0.5225,0.175482,4,5,0,116.44,1.0000,0.0341,0.001344,4.392
292954,520,458,978,221,63,45,30.25,0.9105,0.5349,0.191193,24,8,1,53.93,0.7909,0.0644,0.003701,4.491
292958,520,236,756,238,134,249,323.61,0.9608,0.7354,0.420688,26,78,59,165.73,0.7494,0.2892,0.059839,4.285
292968,520,341,861,176,132,210,309.38,0.5700,0.6339,0.303863,2,57,3,142.87,0.9956,0.1978,0.029456,4.454
292970,520,384,904,219,29,241,323.00,0.9806,0.5888,0.222917,50,11,74,308.52,0.8150,0.1524,0.014119,4.256
292988,520,358,878,237,93,131,7.03,0.8058,0.6203,0.274747,26,39,78,267.69,0.5942,0.1817,0.022206,4.497
292989,520,385,905,246,52,107,10.70,0.9327,0.5853,0.231137,64,6,45,345.08,0.8009,0.1511,0.014099,4.386
292990,520,469,989,218,48,85,14.54,0.8824,0.5210,0.176778,3,6,3,144.61,0.3700,0.0370,0.001562,4.398
293000,520,414,934,239,46,130,0.92,0.9150,0.5742,0.219195,38,13,60,304.77,0.7401,0.1247,0.010262,4.467
293023,520,441,961,178,47,245,310.30,0.9503,0.5374,0.180915,0,18,45,255.14,0.9999,0.0863,0.006220,4.107
293030,520,426,946,198,83,166,339.75,0.6942,0.5551,0.209471,41,11,44,323.96,0.6745,0.1142,0.008927,4.403
293035,520,361,881,255,19,191,343.95,1.0000,0.6186,0.254908,14,49,27,152.98,0.8332,0.1781,0.023690,4.138
293041,520,427,947,190,48,245,313.83,0.9515,0.5563,0.196548,3,30,0,140.40,1.0000,0.1040,0.009479,4.145
293051,520,178,698,253,170,195,359.97,0.9065,0.7967,0.535744,19,94,29,144.85,0.9750,0.3337,0.082322,4.427
293079,520,418,938,212,84,109,11.25,0.7088,0.5578,0.214440,2,32,31,191.76,0.8943,0.1185,0.011448,4.303
293084,520,384,904,238,33,183,342.74,0.9579,0.5877,0.226867,20,39,37,187.20,0.3730,0.1523,0.017333,4.112
293107,520,402,922,217,20,236,323.73,0.9866,0.5784,0.213102,14,35,3,136.10,0.9553,0.1269,0.013020,4.175
293116,520,415,935,188,82,215,318.96,0.7985,0.5667,0.216334,0,29,44,234.59,1.0000,0.1152,0.010605,4.395
293142,520,354,874,236,83,176,346.71,0.8415,0.6226,0.271566,45,42,1,105.32,0.9648,0.1767,0.022160,4.456
293170,520,456,976,211,53,147,349.05,0.8218,0.5334,0.185039,22,0,34,312.07,1.0000,0.0607,0.002861,4.446
293176,520,469,989,196,26,208,325.00,0.9525,0.5241,0.170303,4,8,7,179.90,0.2406,0.0445,0.002148,4.225
293192,520,415,935,176,97,211,314.40,0.7177,0.5697,0.224835,20,30,17,138.59,0.3990,0.1182,0.011177,4.492
293199,520,313,833,248,77,215,336.70,0.9581,0.6555,0.301734,23,47,103,264.02,0.7606,0.2216,0.031943,4.292
293210,520,259,779,254,96,252,328.28,0.9964,0.7065,0.364676,16,68,98,239.31,0.7751,0.2734,0.051260,4.095
293223,520,378,898,231,28,225,329.73,0.9796,0.5977,0.232582,1,46,32,166.67,0.9840,0.1645,0.020646,4.000
293224,520,362,882,184,112,216,314.62,0.6980,0.6089,0.267374,11,50,14,144.42,0.9516,0.1776,0.023840,4.298
293232,520,295,815,223,121,217,329.37,0.7833,0.6770,0.343742,45,57,76,259.45,0.2817,0.2440,0.040059,4.372
293239,520,451,971,199,51,199,328.06,0.8705,0.5392,0.186350,2,18,7,154.22,0.8933,0.0681,0.004608,4.328
293276,520,368,888,230,59,222,330.13,0.9335,0.6129,0.252272,5,35,91,261.27,0.9296,0.1731,0.019895,4.325
293285,520,441,961,237,22,9,29.60,0.9925,0.5352,0.186013,42,7,10,19.11,0.7387,0.0950,0.006662,4.165
293288,520,454,974,209,4,188,334.04,0.9923,0.5272,0.172751,27,2,30,323.75,0.8050,0.0690,0.003702,4.148
293303,520,381,901,229,20,240,325.75,0.9902,0.6018,0.234520,27,41,31,153.25,0.3164,0.1614,0.019178,4.113
293305,520,433,953,208,68,163,343.08,0.7763,0.5510,0.201905,16,9,65,278.25,0.8999,0.0994,0.006872,4.429
293321,520,411,931,253,23,16,29.16,0.9933,0.5699,0.215367,2,35,21,161.36,0.9546,0.1245,0.012691,4.233
293322,520,409,929,224,34,202,333.99,0.9523,0.5733,0.212580,2,38,13,149.81,0.9808,0.1327,0.014281,4.085
293327,520,181,701,230,173,230,326.44,0.7006,0.7884,0.524245,2,94,49,153.68,0.9956,0.3340,0.082397,4.337
293346,520,369,889,246,12,201,339.28,0.9929,0.6055,0.240760,16,35,85,265.01,0.7956,0.1717,0.019680,4.173
293347,520,430,950,157,88,237,301.60,0.8525,0.5495,0.202623,34,7,43,316.55,0.7368,0.0969,0.006665,4.458
293353,520,450,970,135,90,248,291.27,0.9278,0.5365,0.192404,4,17,13,173.27,0.5661,0.0685,0.004558,4.443
293355,520,414,934,234,1,189,339.81,0.9990,0.5741,0.211911,43,16,37,336.42,0.5421,0.1211,0.010178,4.352
293362,520,424,944,210,51,202,330.33,0.8923,0.5599,0.203355,34,24,0,88.00,1.0000,0.1133,0.009934,4.227
293380,520,295,815,184,141,240,302.95,0.7683,0.6776,0.355317,17,63,73,215.14,0.7158,0.2435,0.041550,4.427
293381,520,364,884,248,65,127,5.48,0.9307,0.6061,0.252727,18,32,91,268.15,0.8405,0.1716,0.019169,4.377
293383,520,367,887,229,101,90,27.26,0.7914,0.6082,0.267061,8,40,76,254.32,0.7989,0.1736,0.020909,4.471
293384,520,344,864,254,36,203,340.69,0.9939,0.6293,0.266477,3,38,104,261.36,0.9668,0.1930,0.024049,4.274
293390,520,480,1000,188,59,161,337.37,0.7663,0.5052,0.163941,0,0,0,0.00,0.0000,0.0000,0.000000,4.279
293409,520,380,900,204,71,245,316.95,0.9434,0.5983,0.239379,45,33,45,326.32,0.2468,0.1639,0.018351,4.234
293431,520,352,872,246,3,220,334.41,0.9987,0.6151,0.248283,67,9,90,313.34,0.8675,0.1929,0.021270,4.185
293442,520,420,940,244,31,29,28.36,0.9815,0.5550,0.203053,23,17,56,285.41,0.6767,0.1101,0.008686,4.312
293453,520,469,989,156,90,187,313.93,0.6357,0.5158,0.179687,1,5,11,245.50,0.6251,0.0352,0.001392,4.469
293464,520,444,964,205,21,215,325.70,0.9726,0.5428,0.184236,19,6,46,292.07,0.8028,0.0784,0.004660,4.285
293470,520,373,893,243,64,137,0.84,0.8938,0.5991,0.245308,13,37,66,254.72,0.6703,0.1594,0.018020,4.342
293471,520,472,992,137,72,254,293.35,0.9916,0.5175,0.171089,2,1,14,282.01,0.8384,0.0258,0.000663,4.364
293473,520,437,957,205,23,229,322.24,0.9772,0.5539,0.192508,35,12,5,39.56,0.6471,0.0896,0.006313,4.306
293474,520,421,941,187,90,182,329.35,0.6696,0.5568,0.212558,23,8,73,282.83,0.9092,0.1133,0.008368,4.498
293476,520,425,945,210,73,162,344.38,0.7622,0.5599,0.210774,47,12,0,43.09,1.0000,0.1098,0.008674,4.444
293490,520,469,989,213,1,172,339.75,0.9977,0.5244,0.171487,7,5,11,301.75,0.3005,0.0415,0.001779,4.278
293534,520,453,973,189,77,165,336.77,0.6974,0.5315,0.188446,30,0,27,332.41,1.0000,0.0681,0.003552,4.453
293558,520,379,899,250,12,169,349.12,0.9910,0.5967,0.234549,8,32,82,262.46,0.8784,0.1580,0.016937,4.251
293580,520,358,878,254,82,20,36.94,0.9943,0.6185,0.271595,5,52,3,142.14,0.9900,0.1811,0.024947,4.291
293618,520,478,998,213,52,70,20.21,0.8789,0.5114,0.170468,0,1,12,262.93,1.0003,0.0216,0.000482,4.367
293646,520,400,920,219,13,230,325.67,0.9913,0.5756,0.210632,67,2,12,19.85,0.9626,0.1414,0.012635,4.161
293650,520,400,920,248,40,82,17.68,0.9597,0.5752,0.220868,31,1,98,282.68,0.9936,0.1441,0.011948,4.372
293654,520,432,952,224,67,83,19.40,0.8472,0.5512,0.204888,38,13,27,347.36,0.5223,0.1030,0.007791,4.411
293662,520,470,990,197,64,152,344.00,0.7543,0.5218,0.178059,12,2,11,330.43,0.6257,0.0388,0.001458,4.432
293667,520,456,976,184,39,231,315.55,0.9426,0.5292,0.174121,9,5,35,283.33,0.7843,0.0578,0.002880,4.238
293684,520,306,826,228,129,144,10.95,0.6444,0.6684,0.342102,30,59,60,198.48,0.4234,0.2308,0.037301,4.491
293687,520,396,916,221,92,96,21.01,0.7423,0.5819,0.238734,3,35,49,231.29,0.8426,0.1377,0.014431,4.481
293688,520,370,890,247,4,209,337.38,0.9980,0.6105,0.244676,71,0,62,334.78,1.0000,0.1699,0.016876,4.406
293690,520,474,994,199,1,203,327.29,0.9982,0.5184,0.164774,10,1,13,320.36,0.7573,0.0348,0.001153,4.199
293698,520,464,984,219,43,81,15.43,0.9044,0.5180,0.173845,2,10,21,249.40,0.6458,0.0531,0.002841,4.236
293704,520,374,894,251,6,165,350.44,0.9955,0.5957,0.233596,27,40,31,154.21,0.2912,0.1583,0.018495,4.140
293716,520,433,953,216,18,203,331.69,0.9765,0.5531,0.193455,29,18,27,332.99,0.2861,0.0997,0.007730,4.217
293721,520,303,823,239,117,169,355.04,0.7793,0.6726,0.339404,24,63,32,148.20,0.8214,0.2309,0.038534,4.398
293728,520,428,948,200,19,247,316.86,0.9876,0.5585,0.194620,6,10,71,268.67,0.9586,0.1012,0.007107,4.284
293737,520,472,992,227,11,81,13.84,0.9859,0.5189,0.171672,3,1,24,279.46,0.9313,0.0339,0.001070,4.341
293749,520,428,948,237,55,58,25.58,0.9339,0.5602,0.210455,9,26,18,161.95,0.5375,0.0990,0.008405,4.459
293750,520,385,905,223,98,91,25.63,0.7532,0.5935,0.251811,2,44,20,153.23,0.9811,0.1547,0.018647,4.397
293753,520,463,983,207,28,191,332.69,0.9393,0.5329,0.178595,9,6,26,287.58,0.6126,0.0534,0.002629,4.344
293756,520,443,963,181,55,234,313.30,0.9111,0.5396,0.184977,4,21,7,148.68,0.8535,0.0781,0.005775,4.213
293761,520,397,917,241,66,70,24.41,0.9236,0.5804,0.230426,16,36,44,226.03,0.4520,0.1440,0.015537,4.279
293800,520,428,948,232,65,57,27.63,0.9092,0.5600,0.212348,6,28,22,172.91,0.6743,0.1046,0.009271,4.426
293811,520,380,900,229,3,236,326.73,0.9986,0.5954,0.227817,8,45,0,139.72,1.0000,0.1573,0.019283,4.010
293813,520,423,943,225,52,143,353.82,0.8611,0.5569,0.204493,3,12,78,265.92,0.9689,0.1110,0.008323,4.364
293828,520,234,754,195,170,216,309.32,0.4402,0.7381,0.453098,48,79,1,130.75,0.9950,0.2949,0.062224,4.483
293854,520,399,919,247,40,111,8.33,0.9482,0.5801,0.224429,35,16,77,290.82,0.7997,0.1413,0.012637,4.381
293860,520,347,867,199,105,237,315.20,0.8527,0.6300,0.283608,19,50,40,169.74,0.6009,0.1878,0.025728,4.405
293867,520,376,896,214,60,243,320.65,0.9467,0.6017,0.240007,76,1,10,22.65,0.9881,0.1608,0.015804,4.407
293872,520,472,992,207,27,169,339.37,0.9226,0.5191,0.169159,12,0,7,341.40,1.0000,0.0315,0.000935,4.303
293880,520,400,920,234,77,70,26.73,0.8845,0.5796,0.232453,19,32,51,257.78,0.4439,0.1385,0.014104,4.406
293889,520,458,978,223,19,126,357.70,0.9585,0.5267,0.176628,20,5,16,337.65,0.5339,0.0576,0.002947,4.280
293907,520,409,929,236,61,89,17.08,0.8916,0.5693,0.218947,21,34,24,151.15,0.3529,0.1330,0.013694,4.222
293915,520,446,966,207,16,204,329.11,0.9763,0.5370,0.179976,27,10,26,329.29,0.4986,0.0810,0.005247,4.163
293931,520,409,929,241,42,118,5.17,0.9312,0.5715,0.216679,21,31,46,258.30,0.3540,0.1342,0.013366,4.209
293933,520,415,935,241,20,137,357.53,0.9744,0.5675,0.210104,50,3,40,338.39,0.8211,0.1170,0.008965,4.411
293940,520,281,801,245,94,253,325.71,0.9917,0.6911,0.345122,28,44,135,268.85,0.8905,0.2495,0.037973,4.491
293954,520,465,985,216,51,104,7.23,0.8475,0.5248,0.179685,21,4,10,356.95,0.5737,0.0546,0.002682,4.360
293955,520,409,929,246,52,34,30.01,0.9657,0.5732,0.221678,48,16,32,351.28,0.5603,0.1270,0.011033,4.451
294003,520,230,750,211,154,244,312.46,0.8273,0.7355,0.434926,15,73,103,237.02,0.8052,0.2913,0.058456,4.471
294017,520,409,929,183,83,230,313.15,0.8446,0.5713,0.219679,57,7,37,348.71,0.7676,0.1340,0.011555,4.381
294021,520,298,818,251,100,183,349.32,0.9448,0.6721,0.330455,33,57,60,205.84,0.3446,0.2266,0.035757,4.436
294035,520,454,974,109,98,250,280.64,0.9530,0.5273,0.188882,11,11,27,281.93,0.4533,0.0659,0.003896,4.432
294048,520,381,901,252,39,135,1.04,0.9740,0.5970,0.238993,43,37,19,91.64,0.4167,0.1628,0.018838,4.198
294064,520,410,930,205,70,205,327.85,0.8359,0.5717,0.217690,25,20,74,280.37,0.7778,0.1345,0.012014,4.317
294073,520,365,885,160,119,243,296.46,0.8245,0.6107,0.271384,22,45,37,169.45,0.4533,0.1724,0.021809,4.476
294076,520,449,969,230,49,15,32.13,0.9830,0.5371,0.190571,27,7,6,25.58,0.5750,0.0683,0.003982,4.457
294089,520,430,950,220,17,185,337.71,0.9729,0.5490,0.191217,34,16,4,55.22,0.6608,0.0955,0.007195,4.217
294105,520,419,939,245,23,100,10.55,0.9764,0.5649,0.209488,2,1,90,265.35,0.9984,0.1119,0.007727,4.495
294106,520,402,922,234,23,189,339.95,0.9737,0.5794,0.217821,21,23,71,275.60,0.7469,0.1341,0.012271,4.301
294110,520,398,918,208,47,237,320.75,0.9486,0.5776,0.215591,51,20,32,357.30,0.5062,0.1391,0.013085,4.210
294128,520,429,949,174,73,239,308.76,0.8973,0.5527,0.199965,14,4,72,275.77,0.9710,0.0988,0.006480,4.426
294132,520,394,914,223,9,245,323.24,0.9960,0.5927,0.224781,54,16,46,336.66,0.6392,0.1445,0.013522,4.326
294144,520,460,980,225,20,129,357.08,0.9581,0.5323,0.180956,4,12,29,260.91,0.6277,0.0638,0.003774,4.295
294157,520,354,874,240,31,233,329.91,0.9835,0.6199,0.253912,8,33,100,264.12,0.9160,0.1790,0.020593,4.305
294168,520,378,898,230,24,237,326.65,0.9869,0.6027,0.235931,50,32,12,66.92,0.5874,0.1580,0.017378,4.244
294173,520,383,903,242,22,197,339.53,0.9823,0.5984,0.234853,37,36,22,104.53,0.3072,0.1536,0.017130,4.243
294176,520,420,940,240,11,133,358.43,0.9867,0.5616,0.204613,32,17,44,308.09,0.5382,0.1111,0.008898,4.323
294186,520,354,874,235,46,242,326.53,0.9717,0.6250,0.260294,28,37,78,271.43,0.5949,0.1781,0.021200,4.358
294188,520,452,972,199,12,218,323.40,0.9856,0.5319,0.174687,12,0,53,281.64,1.0000,0.0680,0.003352,4.211
294192,520,385,905,234,65,162,349.92,0.8592,0.5934,0.238844,33,35,17,113.88,0.4235,0.1452,0.015659,4.399
294197,520,392,912,245,3,180,344.79,0.9976,0.5907,0.227761,29,0,101,280.44,1.0000,0.1451,0.012007,4.479
294208,520,357,877,147,125,253,288.33,0.9521,0.6161,0.279619,40,44,30,120.96,0.2641,0.1821,0.023462,4.487
294210,520,389,909,254,15,134,0.72,0.9920,0.5911,0.231374,35,36,22,111.46,0.3064,0.1514,0.016770,4.214
294219,520,456,976,234,22,4,29.95,0.9964,0.5286,0.180782,13,10,14,317.65,0.1557,0.0594,0.003344,4.326
294234,520,429,949,214,42,186,336.10,0.9020,0.5505,0.194994,36,15,19,8.63,0.4303,0.1004,0.007638,4.251
294258,520,405,925,220,59,189,337.02,0.8686,0.5763,0.220200,52,7,44,336.20,0.7616,0.1282,0.010640,4.456
294259,520,413,933,254,13,21,28.28,0.9966,0.5693,0.214167,8,14,77,268.84,0.9464,0.1156,0.009015,4.476
294272,520,397,917,242,37,149,354.41,0.9436,0.5816,0.223735,43,26,37,340.73,0.3152,0.1410,0.013860,4.286
294282,520,403,923,202,59,236,318.97,0.9217,0.5769,0.217421,14,10,89,271.67,0.9666,0.1284,0.010316,4.434
294296,520,430,950,186,81,193,325.12,0.7360,0.5483,0.201755,25,22,22,17.55,0.0595,0.1024,0.008384,4.312
294299,520,341,861,250,98,8,42.48,0.9929,0.6320,0.290802,42,45,67,277.77,0.3049,0.2032,0.027742,4.384
294302,520,453,973,228,43,35,28.64,0.9566,0.5295,0.183460,35,2,10,8.39,0.8286,0.0735,0.004227,4.305
294304,520,442,962,239,33,17,29.85,0.9853,0.5449,0.194822,13,19,9,133.34,0.3786,0.0793,0.005710,4.395
294318,520,412,932,251,6,88,14.34,0.9960,0.5701,0.213477,42,12,53,315.68,0.7121,0.1235,0.010123,4.382
294320,520,435,955,204,50,206,327.52,0.8930,0.5515,0.195766,1,23,38,239.93,0.8843,0.0949,0.007591,4.267
294351,520,452,972,107,104,237,279.63,0.8505,0.5261,0.191403,16,11,23,302.78,0.3550,0.0682,0.004114,4.461
294369,520,476,996,217,45,68,20.03,0.9101,0.5129,0.170484,2,0,10,292.48,1.0000,0.0196,0.000348,4.379
294381,520,251,771,252,118,223,336.43,0.9777,0.7169,0.389827,80,58,25,75.35,0.5988,0.2696,0.048019,4.487
294404,520,349,869,242,34,239,328.96,0.9838,0.6286,0.262560,34,24,114,277.73,0.8986,0.1935,0.022082,4.336
294405,520,335,855,242,93,169,351.84,0.8546,0.6423,0.295733,13,57,23,147.63,0.9378,0.2040,0.030736,4.282
294416,520,423,943,201,32,240,318.48,0.9701,0.5596,0.197434,15,27,38,247.09,0.3752,0.1142,0.010253,4.107
294419,520,388,908,219,41,228,325.93,0.9572,0.5855,0.222495,49,3,85,302.71,0.9501,0.1536,0.013740,4.275
294445,520,379,899,209,90,201,330.23,0.7724,0.6007,0.250864,2,29,95,262.75,0.9752,0.1624,0.017177,4.479
294451,520,380,900,235,33,213,333.71,0.9705,0.5993,0.235567,3,4,118,265.19,0.9965,0.1577,0.014141,4.452
294463,520,469,989,210,0,181,336.31,1.0000,0.5238,0.170400,5,4,17,285.39,0.5579,0.0396,0.001596,4.272
294464,520,409,929,207,27,238,320.62,0.9774,0.5657,0.202241,0,6,100,264.20,0.9931,0.1317,0.010502,4.169
294471,520,409,929,248,36,60,23.17,0.9721,0.5692,0.215480,44,22,38,337.82,0.4226,0.1344,0.012493,4.248
294475,520,178,698,253,166,221,341.73,0.9693,0.7985,0.533776,38,90,55,152.10,0.7504,0.3324,0.080000,4.491
294484,520,381,901,253,15,165,350.96,0.9893,0.6014,0.239444,57,21,53,331.87,0.5986,0.1616,0.016633,4.344
294494,520,468,988,144,67,251,296.73,0.9706,0.5166,0.169088,12,1,24,305.62,0.8600,0.0433,0.001658,4.241
294534,520,477,997,189,72,145,345.27,0.6928,0.5148,0.174994,0,2,3,218.80,1.0000,0.0204,0.000500,4.455
294541,520,362,882,211,99,183,337.93,0.6986,0.6075,0.261932,49,33,65,305.96,0.4624,0.1805,0.021224,4.380
294550,520,314,834,242,96,196,341.94,0.8871,0.6580,0.312312,28,38,123,270.60,0.8815,0.2242,0.030630,4.494
294560,520,284,804,246,105,229,332.50,0.9508,0.6927,0.353557,75,55,2,85.30,0.9590,0.2523,0.042328,4.371
294563,520,384,904,236,83,31,37.35,0.9506,0.5867,0.241213,0,39,56,232.35,1.0000,0.1530,0.017365,4.323
294568,520,384,904,214,29,251,319.51,0.9838,0.5881,0.221417,34,11,93,285.17,0.9148,0.1514,0.013697,4.261
294569,520,359,879,254,41,171,350.01,0.9915,0.6162,0.256005,4,18,122,265.29,0.9822,0.1787,0.018634,4.458
294579,520,370,890,235,44,214,333.48,0.9555,0.6058,0.243212,10,31,97,265.23,0.9111,0.1720,0.019074,4.245
294585,520,368,888,231,101,69,35.05,0.8311,0.6080,0.267286,27,43,49,223.35,0.2897,0.1748,0.021825,4.418
294590,520,384,904,242,59,138,359.76,0.8933,0.5930,0.238433,6,36,64,250.38,0.7833,0.1522,0.016705,4.324
294599,520,470,990,204,48,150,345.78,0.8248,0.5174,0.171553,3,4,14,274.45,0.5194,0.0360,0.001379,4.312
294609,520,352,872,246,83,136,4.39,0.8918,0.6246,0.275601,18,53,12,140.90,0.9413,0.1906,0.027013,4.228
294612,520,464,984,212,64,79,19.30,0.8231,0.5240,0.182307,22,3,5,14.16,0.6732,0.0522,0.002467,4.428
294643,520,304,824,248,91,209,338.90,0.9481,0.6678,0.320449,6,53,99,252.90,0.8852,0.2280,0.034856,4.366
294647,520,347,867,251,35,208,338.69,0.9782,0.6261,0.262686,35,50,15,128.99,0.7296,0.1925,0.026730,4.075
294661,520,474,994,155,57,254,300.66,0.9932,0.5222,0.170510,7,1,2,6.35,0.6054,0.0262,0.000713,4.348
294685,520,435,955,200,68,188,331.68,0.7969,0.5510,0.200461,21,4,60,287.53,0.9171,0.0911,0.005725,4.495
294703,520,413,933,167,88,253,302.05,0.9762,0.5746,0.222872,9,32,8,142.70,0.8991,0.1153,0.011086,4.467
294734,520,311,831,230,100,229,327.88,0.8841,0.6619,0.315966,23,54,68,229.82,0.5399,0.2155,0.032377,4.443
294745,520,399,919,249,51,31,30.26,0.9766,0.5783,0.226099,13,23,82,268.95,0.8917,0.1402,0.013075,4.377
294761,520,444,964,238,22,20,28.71,0.9879,0.5378,0.188048,17,13,36,288.86,0.5357,0.0809,0.005344,4.301
294782,520,289,809,239,117,199,341.52,0.8384,0.6849,0.351992,43,62,43,144.62,0.3743,0.2431,0.041332,4.401
294785,520,459,979,181,10,252,310.68,0.9937,0.5304,0.170702,3,6,42,268.95,0.9231,0.0610,0.003168,4.151
294794,520,374,894,209,108,129,8.09,0.5874,0.5975,0.258673,13,37,71,257.60,0.7082,0.1633,0.018635,4.497
294799,520,367,887,243,22,215,335.02,0.9870,0.6107,0.245378,26,34,83,272.25,0.6868,0.1736,0.019881,4.227
294802,520,479,999,195,0,196,328.09,1.0000,0.5060,0.155893,1,0,6,289.16,1.0000,0.0150,0.000196,4.102
294804,520,341,861,251,59,192,343.66,0.9698,0.6326,0.274462,63,32,75,315.80,0.5701,0.2047,0.025979,4.270
294806,520,186,706,254,158,223,339.93,0.9877,0.7858,0.508545,5,93,62,161.72,0.9824,0.3344,0.082084,4.229
294814,520,471,991,164,83,190,317.29,0.6887,0.5171,0.177975,1,0,38,267.33,1.0000,0.0419,0.001464,4.430
294816,520,431,951,205,79,149,349.07,0.7101,0.5532,0.207429,12,27,8,139.21,0.7291,0.1013,0.008795,4.378
294832,520,373,893,236,85,120,9.84,0.8211,0.6045,0.256888,5,38,71,252.19,0.8321,0.1628,0.018733,4.465
294833,520,345,865,191,107,244,310.36,0.8826,0.6272,0.281243,32,41,80,271.60,0.5429,0.1928,0.024721,4.433
294856,520,320,840,209,113,219,323.69,0.7612,0.6456,0.304815,76,38,14,50.23,0.7037,0.2144,0.029547,4.460
294875,520,377,897,253,53,124,5.97,0.9804,0.6045,0.248877,70,16,17,23.67,0.7852,0.1646,0.017134,4.452
294876,520,477,997,212,55,81,16.58,0.8491,0.5147,0.173259,1,0,9,282.67,1.0000,0.0172,0.000262,4.442
294880,520,14,534,233,253,251,189.58,0.8157,0.9754,0.945386,19,135,38,144.68,0.9887,0.4716,0.176056,4.403
294885,520,350,870,246,61,202,339.63,0.9442,0.6305,0.271976,71,25,43,358.25,0.5877,0.1880,0.022095,4.466
294887,520,190,710,249,161,199,352.47,0.8437,0.7756,0.497551,35,87,43,146.77,0.8556,0.3184,0.073479,4.434
294889,520,348,868,245,81,151,358.01,0.8870,0.6257,0.275348,12,41,87,259.50,0.8102,0.1870,0.023520,4.425
294890,520,466,986,189,86,99,14.34,0.6106,0.5187,0.183768,2,5,29,267.95,0.8688,0.0469,0.002101,4.487
294898,520,308,828,210,121,229,320.37,0.7947,0.6658,0.330348,62,47,70,313.56,0.3099,0.2326,0.034994,4.475
294919,520,419,939,215,49,190,335.23,0.8883,0.5597,0.203636,7,28,33,215.55,0.5868,0.1098,0.009854,4.238
294935,520,184,704,210,184,223,314.47,0.4535,0.7872,0.533108,26,91,66,163.63,0.8388,0.3339,0.080948,4.453
294955,520,387,907,254,55,30,30.87,0.9956,0.5916,0.239007,29,18,90,280.53,0.8700,0.1520,0.014320,4.493
294974,520,443,963,209,54,167,341.21,0.8298,0.5404,0.189857,37,1,11,6.83,0.8967,0.0757,0.004393,4.410
295023,520,477,997,107,89,247,281.77,0.9395,0.5066,0.169855,1,3,1,144.11,0.6096,0.0246,0.000738,4.333
295031,520,386,906,251,6,155,353.46,0.9952,0.5914,0.230095,34,36,17,113.68,0.4410,0.1491,0.016423,4.217
295034,520,380,900,227,101,12,46.86,0.9757,0.5964,0.256674,16,45,17,144.26,0.8657,0.1633,0.020273,4.364
295037,520,436,956,218,17,192,335.22,0.9745,0.5494,0.191144,8,17,44,266.86,0.6811,0.0884,0.006343,4.280
295051,520,414,934,213,62,195,333.26,0.8546,0.5705,0.215335,44,16,32,346.76,0.5263,0.1202,0.010104,4.415
295066,520,476,996,174,85,140,344.17,0.5717,0.5077,0.173903,4,0,7,315.09,1.0000,0.0210,0.000412,4.441
295069,520,350,870,243,53,223,333.08,0.9580,0.6310,0.269314,77,5,74,330.23,0.8646,0.1947,0.021810,4.447
295086,520,403,923,183,77,251,308.80,0.9666,0.5794,0.223409,46,17,32,349.77,0.5220,0.1253,0.010861,4.492
295091,520,417,937,200,63,222,321.75,0.8848,0.5675,0.211098,36,10,67,298.84,0.8174,0.1244,0.009974,4.354
295131,520,307,827,227,135,106,38.26,0.6688,0.6686,0.347016,9,66,17,144.84,0.9796,0.2330,0.039948,4.414
295133,520,410,930,207,103,21,51.30,0.9196,0.5665,0.230220,43,26,15,53.33,0.4338,0.1337,0.012869,4.457
295136,520,467,987,231,11,12,28.82,0.9943,0.5189,0.172579,6,6,6,0.00,0.0000,0.0412,0.001821,4.295
295139,520,441,961,240,22,26,28.06,0.9879,0.5424,0.191770,5,11,57,268.49,0.9227,0.0864,0.005670,4.343
295142,520,347,867,249,27,234,331.72,0.9893,0.6348,0.268671,8,13,136,266.13,0.9902,0.1946,0.021169,4.478
295145,520,352,872,225,103,136,5.22,0.7009,0.6167,0.274879,31,50,30,143.23,0.4793,0.1923,0.026662,4.238
295149,520,208,728,244,167,115,54.36,0.7802,0.7582,0.481105,37,84,44,146.94,0.7943,0.3098,0.069156,4.457
295156,520,435,955,246,10,43,25.05,0.9952,0.5531,0.199879,27,5,55,297.56,0.8558,0.0944,0.006174,4.448
295159,520,344,864,245,43,225,333.01,0.9720,0.6294,0.265794,24,15,128,271.70,0.9762,0.1926,0.020942,4.451
295160,520,451,971,230,40,91,12.86,0.9264,0.5406,0.190988,0,21,5,150.59,1.0000,0.0748,0.005473,4.344
295165,520,353,873,248,53,185,344.90,0.9494,0.6192,0.260086,48,32,68,302.89,0.5041,0.1791,0.020788,4.381
295166,520,464,984,230,5,2,29.29,0.9981,0.5150,0.169390,14,0,33,299.82,1.0000,0.0500,0.002032,4.216
295172,520,477,997,189,68,146,344.43,0.7128,0.5099,0.170300,5,0,6,324.01,1.0000,0.0219,0.000454,4.366
295182,520,223,743,255,137,227,336.78,1.0000,0.7526,0.446999,71,75,14,113.30,0.8446,0.3041,0.064035,4.358
295186,520,475,995,224,8,119,0.07,0.9840,0.5231,0.173556,5,0,24,289.10,1.0000,0.0334,0.000982,4.385
295196,520,420,940,215,26,215,328.28,0.9691,0.5622,0.200943,28,16,52,295.38,0.6412,0.1102,0.008654,4.278
295198,520,400,920,255,27,72,19.97,1.0000,0.5812,0.225156,43,20,59,309.15,0.6240,0.1422,0.013297,4.347
295205,520,318,838,255,31,254,328.50,1.0000,0.6597,0.293988,25,20,147,270.16,0.9778,0.2247,0.028134,4.403
295217,520,417,937,232,57,141,356.50,0.8660,0.5736,0.220080,9,27,55,258.99,0.6913,0.1221,0.011177,4.415
295230,520,272,792,255,130,72,43.96,1.0000,0.6962,0.376963,53,64,48,135.96,0.2513,0.2595,0.046370,4.430
295232,520,437,957,173,91,194,319.12,0.6757,0.5451,0.202623,11,21,22,203.83,0.2734,0.0873,0.006654,4.459
295246,520,449,969,233,1,117,2.29,0.9985,0.5395,0.186327,4,20,4,143.48,0.9055,0.0745,0.005349,4.270
295247,520,242,762,232,140,237,325.18,0.8719,0.7315,0.420281,7,74,85,212.34,0.9071,0.2820,0.055983,4.437
295250,520,415,935,187,74,232,314.63,0.8733,0.5670,0.212897,26,23,54,285.13,0.5385,0.1239,0.010987,4.311
295260,520,403,923,232,18,205,335.06,0.9843,0.5834,0.219989,30,30,9,108.90,0.5772,0.1261,0.012243,4.338
295269,520,376,896,234,17,232,328.79,0.9916,0.6041,0.237221,20,28,84,271.20,0.8106,0.1569,0.016192,4.339
295276,520,384,904,217,71,195,334.49,0.8378,0.5865,0.232004,71,1,6,24.76,0.9886,0.1485,0.013747,4.424
295280,520,460,980,231,37,49,25.10,0.9613,0.5330,0.185368,22,5,5,21.96,0.5660,0.0566,0.002901,4.449
295282,520,280,800,251,122,142,12.10,0.9028,0.6904,0.363842,1,69,42,159.31,0.9945,0.2465,0.044297,4.389
295285,520,418,938,188,91,176,332.22,0.6517,0.5566,0.213094,11,31,27,179.01,0.5098,0.1183,0.011302,4.292
295289,520,396,916,236,81,27,37.34,0.9595,0.5838,0.237999,27,30,51,276.76,0.3753,0.1396,0.014006,4.500
295296,520,455,975,236,12,32,26.65,0.9934,0.5311,0.182033,19,7,23,317.43,0.5176,0.0637,0.003523,4.335
295322,520,347,867,240,18,249,326.31,0.9944,0.6265,0.258001,86,2,43,359.32,0.9380,0.1937,0.021966,4.280
295326,520,446,966,186,48,234,315.13,0.9288,0.5412,0.184947,38,0,19,353.62,1.0000,0.0785,0.004592,4.304
295333,520,371,891,225,32,249,322.66,0.9830,0.6060,0.238823,6,27,105,265.10,0.9489,0.1716,0.018424,4.221
295339,520,401,921,236,10,187,340.87,0.9904,0.5785,0.216407,21,36,31,171.49,0.3181,0.1415,0.015201,4.086
295345,520,379,899,208,75,237,319.89,0.9092,0.6029,0.245581,74,9,1,32.53,0.9827,0.1629,0.016537,4.442
295348,520,438,958,240,35,61,22.41,0.9666,0.5522,0.200676,23,19,8,90.42,0.3947,0.0887,0.006654,4.425
295352,520,466,986,223,50,34,29.91,0.9464,0.5248,0.180874,20,1,20,328.13,0.8106,0.0507,0.002210,4.422
295360,520,407,927,181,82,234,311.56,0.8623,0.5701,0.217998,1,25,73,260.78,0.9756,0.1293,0.011827,4.335
295371,520,473,993,214,60,26,33.54,0.9483,0.5161,0.176049,3,2,16,282.98,0.7313,0.0314,0.001002,4.432
295372,520,357,877,205,103,219,322.67,0.7806,0.6241,0.277955,36,47,1,122.68,0.9767,0.1822,0.024103,4.426
295376,520,456,976,185,69,193,325.12,0.7801,0.5310,0.184221,0,14,7,164.49,1.0000,0.0555,0.003294,4.395
295420,520,410,930,223,72,121,4.70,0.7902,0.5653,0.217057,22,24,58,277.46,0.5919,0.1256,0.011293,4.357
295439,520,394,914,203,69,233,319.63,0.8982,0.5861,0.228375,21,20,84,275.03,0.8713,0.1419,0.012998,4.419
295444,520,457,977,222,26,122,359.23,0.9375,0.5260,0.176762,24,0,34,315.08,1.0000,0.0635,0.003097,4.271
295449,520,418,938,140,100,248,291.47,0.9111,0.5586,0.214670,31,24,37,308.81,0.2768,0.1208,0.010782,4.354
295473,520,391,911,156,110,250,295.44,0.9153,0.5949,0.251220,39,36,10,102.76,0.6396,0.1535,0.017150,4.486
295477,520,386,906,253,56,28,31.27,0.9914,0.5903,0.237985,60,18,9,33.77,0.7677,0.1460,0.014131,4.491
295478,520,459,979,224,10,142,352.12,0.9799,0.5328,0.180201,19,3,32,307.14,0.7872,0.0614,0.003079,4.337
295499,520,357,877,225,80,214,330.97,0.8726,0.6205,0.266021,35,45,4,122.50,0.8995,0.1754,0.022428,4.363
295503,520,373,893,242,24,196,339.82,0.9798,0.5985,0.235190,50,28,55,320.02,0.4645,0.1649,0.017845,4.204
295512,520,469,989,214,4,163,342.81,0.9902,0.5220,0.170297,10,3,3,20.38,0.4094,0.0362,0.001362,4.289
295522,520,416,936,228,62,135,358.47,0.8376,0.5685,0.216912,45,7,55,318.25,0.7920,0.1236,0.009857,4.459
295538,520,438,958,145,90,247,295.05,0.9161,0.5466,0.200475,9,11,59,272.26,0.8995,0.0911,0.006132,4.462
295558,520,444,964,226,61,1,35.53,0.9985,0.5399,0.195112,4,19,33,247.02,0.6505,0.0830,0.006013,4.376
295561,520,313,833,225,102,242,322.65,0.9258,0.6650,0.319229,46,52,50,173.74,0.0787,0.2182,0.032671,4.466
295622,520,333,853,239,50,253,324.94,0.9929,0.6416,0.277263,46,38,86,288.06,0.5684,0.2035,0.026389,4.284
295623,520,425,945,165,94,220,307.77,0.7583,0.5564,0.211726,45,11,21,5.15,0.6314,0.1095,0.008515,4.473
295637,520,442,962,188,39,232,316.49,0.9455,0.5363,0.179699,30,10,13,11.83,0.4776,0.0802,0.005222,4.160
295662,520,385,905,177,99,231,309.16,0.8050,0.5876,0.240410,47,31,27,34.53,0.2683,0.1546,0.016635,4.358
295669,520,442,962,228,49,56,24.86,0.9327,0.5366,0.189790,41,1,7,16.08,0.9406,0.0825,0.005085,4.353
295676,520,453,973,194,2,229,319.46,0.9980,0.5298,0.171714,11,14,19,260.61,0.1804,0.0684,0.004322,4.081
295677,520,443,963,190,80,168,336.00,0.6913,0.5390,0.195131,39,0,23,348.60,1.0000,0.0822,0.004933,4.462
295688,520,415,935,237,37,149,353.39,0.9347,0.5719,0.215006,24,30,9,122.66,0.5926,0.1200,0.011425,4.314
295706,520,417,937,253,2,48,24.15,0.9991,0.5670,0.211433,13,13,82,271.56,0.9457,0.1229,0.009825,4.370
295711,520,472,992,215,10,155,345.70,0.9757,0.5211,0.170331,0,3,13,255.43,0.9999,0.0291,0.000942,4.325
295714,520,443,963,172,95,167,329.51,0.5674,0.5351,0.197460,23,17,0,93.76,1.0000,0.0819,0.005831,4.432
295723,520,413,933,219,36,203,332.46,0.9436,0.5661,0.206359,5,29,46,242.70,0.7243,0.1191,0.011082,4.197
295733,520,436,956,234,54,30,31.07,0.9617,0.5504,0.202276,2,19,44,255.95,0.8478,0.0893,0.006605,4.457
295738,520,459,979,165,81,208,312.44,0.7555,0.5277,0.184390,5,16,4,141.44,0.7509,0.0640,0.004116,4.331
295742,520,479,999,209,61,29,33.53,0.9340,0.5075,0.169838,0,0,3,264.05,1.0000,0.0094,0.000066,4.391
295743,520,294,814,226,134,148,10.50,0.6109,0.6761,0.353591,2,67,45,163.29,0.9859,0.2408,0.042165,4.379
295745,520,467,987,224,22,87,11.97,0.9630,0.5176,0.171120,9,4,3,36.35,0.3052,0.0379,0.001515,4.292
295747,520,384,904,211,95,161,347.38,0.6745,0.5913,0.246084,34,36,16,113.55,0.4687,0.1489,0.016392,4.460
295749,520,480,1000,221,39,58,22.56,0.9413,0.5148,0.171314,0,0,0,0.00,0.0000,0.0000,0.000000,4.426
295761,520,443,963,233,39,39,27.46,0.9643,0.5374,0.189243,33,7,19,353.94,0.6099,0.0818,0.005224,4.332
295772,520,439,959,191,18,252,313.37,0.9887,0.5480,0.185385,33,12,6,38.15,0.5861,0.0866,0.005995,4.204
295774,520,358,878,232,92,167,350.11,0.7896,0.6235,0.276026,1,46,60,224.57,0.9636,0.1776,0.022866,4.474
295778,520,410,930,169,92,239,305.14,0.8590,0.5722,0.223219,21,29,43,261.32,0.3254,0.1270,0.012125,4.398
295790,520,442,962,202,26,220,323.59,0.9657,0.5432,0.184644,29,11,7,34.48,0.5039,0.0789,0.005159,4.254
295795,520,341,861,243,16,250,326.78,0.9956,0.6319,0.263301,15,46,85,255.79,0.7373,0.2000,0.027113,4.063
295800,520,455,975,190,54,201,324.70,0.8534,0.5282,0.178040,27,3,9,5.28,0.7142,0.0612,0.003179,4.288
295813,520,284,804,226,128,208,334.19,0.7484,0.6885,0.361630,6,71,3,142.16,0.9947,0.2485,0.045516,4.310
295816,520,424,944,250,8,60,21.69,0.9959,0.5633,0.208276,4,23,59,260.75,0.8672,0.1127,0.009543,4.338
295838,520,412,932,212,21,241,321.31,0.9862,0.5741,0.208861,31,15,60,295.20,0.7192,0.1187,0.009592,4.344
295843,520,421,941,248,11,51,23.63,0.9945,0.5585,0.204384,29,23,15,74.56,0.2610,0.1074,0.009085,4.305
295846,520,431,951,211,8,216,327.08,0.9916,0.5506,0.189824,10,24,38,249.84,0.4948,0.1029,0.008577,4.094
295851,520,465,985,178,85,156,337.17,0.6127,0.5215,0.183635,7,12,1,125.45,0.8386,0.0546,0.003103,4.400
295874,520,470,990,231,0,58,20.60,1.0000,0.5206,0.172975,14,4,5,11.94,0.4247,0.0439,0.001912,4.295
295902,520,73,593,254,224,171,81.61,0.8993,0.9057,0.773236,22,121,22,142.77,0.9857,0.4245,0.139027,4.355
295930,520,443,963,223,3,163,344.96,0.9943,0.5393,0.184000,1,8,58,264.87,0.9659,0.0797,0.004856,4.266
295937,520,374,894,254,62,2,34.13,0.9986,0.5966,0.245242,56,16,68,317.41,0.7349,0.1629,0.016288,4.454
295940,520,450,970,196,57,200,326.79,0.8495,0.5403,0.188337,29,1,30,326.87,0.8610,0.0702,0.003767,4.433
295946,520,303,823,226,116,219,329.70,0.8188,0.6741,0.337759,50,56,34,120.90,0.3611,0.2289,0.036219,4.497
295953,520,461,981,211,53,149,348.29,0.8228,0.5343,0.185672,11,8,10,337.61,0.1239,0.0519,0.002667,4.475
295956,520,478,998,177,83,139,345.59,0.5918,0.5087,0.173990,0,1,16,263.65,1.0015,0.0242,0.000591,4.427
295965,520,414,934,254,11,61,21.80,0.9954,0.5726,0.216509,50,3,46,332.06,0.8328,0.1208,0.009406,4.486
295991,520,470,990,229,20,40,25.47,0.9848,0.5193,0.173145,15,0,8,344.38,1.0000,0.0358,0.001191,4.359
295996,520,382,902,220,88,161,349.03,0.7365,0.5957,0.247705,51,22,65,313.28,0.6381,0.1618,0.016593,4.470
295999,520,400,920,189,72,247,311.90,0.9458,0.5789,0.221700,7,37,26,165.40,0.7957,0.1350,0.014428,4.217
296011,520,319,839,245,43,254,326.19,0.9968,0.6482,0.282987,67,43,49,2.99,0.2830,0.2201,0.031429,4.089
296015,520,396,916,243,20,166,348.69,0.9787,0.5838,0.223114,57,14,31,359.37,0.6640,0.1400,0.012830,4.347
296025,520,338,858,246,95,131,8.83,0.8759,0.6385,0.294190,52,41,65,304.90,0.3351,0.2028,0.026976,4.471
296040,520,396,916,190,80,240,313.30,0.9007,0.5845,0.229768,60,11,12,23.99,0.8138,0.1365,0.012267,4.493
296048,520,422,942,250,3,64,20.60,0.9984,0.5629,0.207630,24,9,71,284.29,0.8860,0.1133,0.008445,4.408
296054,520,427,947,249,11,29,27.29,0.9956,0.5586,0.204715,7,20,47,262.61,0.7052,0.0971,0.007507,4.429
296090,520,433,953,232,53,77,19.48,0.9115,0.5515,0.202408,31,19,3,74.45,0.7245,0.0976,0.007637,4.379
296092,520,419,939,159,91,244,300.57,0.8903,0.5621,0.213851,18,17,65,277.01,0.7963,0.1141,0.009111,4.464
296099,520,200,720,211,172,234,312.69,0.6561,0.7671,0.492951,2,84,93,207.41,0.9786,0.3169,0.071435,4.471
296103,520,334,854,182,122,235,307.00,0.7748,0.6360,0.298629,6,53,57,203.66,0.8580,0.1999,0.028802,4.424
296113,520,419,939,247,23,28,27.95,0.9888,0.5578,0.204744,26,22,27,319.46,0.1346,0.1055,0.008726,4.338
296118,520,323,843,217,113,204,332.07,0.7276,0.6488,0.309233,2,59,12,145.24,0.9947,0.2059,0.031672,4.398
296132,520,437,957,172,63,255,305.49,1.0000,0.5519,0.195464,29,1,50,305.65,0.9493,0.0861,0.005132,4.452
296137,520,328,848,250,70,220,335.67,0.9728,0.6549,0.298746,61,34,84,306.87,0.5965,0.2121,0.027763,4.485
296140,520,408,928,191,113,68,49.45,0.6390,0.5651,0.233054,1,38,9,147.47,0.9926,0.1315,0.014123,4.414
296142,520,441,961,192,99,62,41.69,0.6885,0.5385,0.204796,9,24,20,174.77,0.4450,0.0937,0.007618,4.422
296150,520,420,940,226,48,157,348.76,0.8824,0.5617,0.207196,35,11,54,306.29,0.7359,0.1126,0.008630,4.387
296154,520,438,958,246,8,31,26.87,0.9965,0.5517,0.198690,16,23,5,126.39,0.6611,0.0918,0.007339,4.337
296156,520,364,884,218,61,241,322.18,0.9415,0.6075,0.245957,22,45,29,152.58,0.5433,0.1697,0.021360,4.147
296159,520,373,893,247,19,179,345.66,0.9844,0.5974,0.234978,7,39,69,250.67,0.7830,0.1649,0.019258,4.115
296174,520,358,878,242,71,179,346.27,0.8964,0.6212,0.266413,34,42,56,261.48,0.2519,0.1813,0.022815,4.345
296192,520,384,904,231,71,151,353.87,0.8251,0.5895,0.237324,38,25,70,293.19,0.6323,0.1539,0.015495,4.387
296198,520,387,907,254,55,16,32.25,0.9958,0.5909,0.238444,37,32,32,17.68,0.0777,0.1458,0.015306,4.417
296202,520,399,919,211,35,241,320.86,0.9708,0.5783,0.214036,10,26,81,266.19,0.8869,0.1440,0.013973,4.127
296208,520,373,893,255,46,126,5.00,1.0000,0.6041,0.247240,59,19,57,329.60,0.6525,0.1643,0.016911,4.442
296222,520,22,542,252,252,166,108.24,0.9645,0.9673,0.930699,6,133,44,146.36,0.9963,0.4641,0.169949,4.459
296232,520,294,814,247,117,157,2.62,0.8457,0.6807,0.349339,16,65,42,158.90,0.8664,0.2369,0.040578,4.409
296235,520,405,925,254,16,83,16.39,0.9942,0.5775,0.220697,27,32,12,120.78,0.5257,0.1293,0.012926,4.302
296241,520,467,987,229,7,55,21.48,0.9940,0.5174,0.170888,8,2,23,295.58,0.7864,0.0412,0.001569,4.283
296244,520,377,897,238,58,176,345.65,0.8997,0.6006,0.243407,37,24,85,286.82,0.7495,0.1646,0.017024,4.378
296257,520,452,972,206,70,117,2.85,0.7405,0.5307,0.187886,7,14,24,256.41,0.3948,0.0677,0.004252,4.385
296258,520,62,582,244,228,255,311.75,1.0000,0.9297,0.819402,33,121,61,149.81,0.9387,0.4325,0.143344,4.497
296272,520,468,988,125,95,227,289.57,0.7916,0.5172,0.180903,3,4,21,274.11,0.7090,0.0399,0.001603,4.475
296275,520,420,940,148,103,226,297.77,0.7556,0.5558,0.214875,1,24,50,252.27,0.9171,0.1061,0.008900,4.497
296285,520,422,942,228,36,158,348.36,0.9231,0.5580,0.202271,26,18,49,292.50,0.5746,0.1095,0.008740,4.295
296306,520,399,919,254,37,65,22.38,0.9947,0.5829,0.227794,40,21,56,307.13,0.5814,0.1377,0.012730,4.428
296363,520,432,952,199,0,246,316.99,1.0000,0.5517,0.187975,29,16,40,307.61,0.5111,0.1027,0.007850,4.114
296366,520,431,951,217,15,193,334.68,0.9779,0.5477,0.189459,8,6,77,270.04,0.9774,0.1042,0.007176,4.188
296371,520,364,884,235,29,239,327.35,0.9851,0.6145,0.247754,48,20,80,300.96,0.7477,0.1667,0.017079,4.439
296392,520,479,999,141,76,237,297.19,0.8799,0.5123,0.169462,0,0,8,264.05,1.0000,0.0143,0.000175,4.374
296394,520,328,848,199,113,248,311.66,0.9178,0.6497,0.307307,4,58,27,152.20,0.9787,0.2055,0.031309,4.394
296399,520,430,950,236,33,86,14.61,0.9546,0.5475,0.195956,36,19,0,69.93,1.0000,0.1042,0.008409,4.211
296405,520,419,939,244,20,84,15.26,0.9824,0.5580,0.203769,30,0,75,290.98,1.0000,0.1127,0.007840,4.387
296419,520,453,973,233,29,11,30.02,0.9900,0.5298,0.182297,16,13,8,80.98,0.2142,0.0669,0.004155,4.289
296431,520,146,666,244,194,194,18.33,0.6454,0.8349,0.617131,3,104,26,145.10,0.9974,0.3645,0.099941,4.449
296433,520,310,830,250,97,153,0.64,0.9164,0.6550,0.311764,52,49,59,299.09,0.1377,0.2201,0.032425,4.389
296440,520,450,970,204,26,204,328.27,0.9539,0.5352,0.179377,7,9,45,273.11,0.8416,0.0726,0.004300,4.224
296460,520,471,991,211,43,136,352.58,0.8534,0.5202,0.173565,15,0,13,332.46,1.0000,0.0380,0.001306,4.357
296469,520,464,984,232,2,50,22.69,0.9985,0.5221,0.174326,16,7,8,11.10,0.2936,0.0542,0.002797,4.249
296474,520,448,968,237,34,24,29.23,0.9764,0.5416,0.192178,35,0,34,329.55,1.0000,0.0810,0.004729,4.425
296475,520,413,933,219,18,227,326.36,0.9863,0.5748,0.210409,40,21,32,344.68,0.3699,0.1236,0.010918,4.275
296490,520,336,856,221,122,134,13.09,0.6157,0.6423,0.310145,18,56,32,153.04,0.8127,0.2046,0.030611,4.468
296495,520,434,954,231,9,145,352.62,0.9855,0.5479,0.192315,32,5,59,300.96,0.8637,0.1048,0.007314,4.228
296499,520,263,783,244,117,235,330.16,0.9442,0.7098,0.379562,5,65,94,237.04,0.9030,0.2590,0.046208,4.465
296504,520,272,792,249,137,63,50.92,0.9300,0.6985,0.383928,8,71,66,186.54,0.9087,0.2634,0.049512,4.361
296515,520,420,940,244,20,96,11.55,0.9804,0.5607,0.205814,7,25,40,245.90,0.6039,0.1051,0.008936,4.341
296516,520,458,978,218,29,150,348.50,0.9228,0.5313,0.179886,6,16,3,136.87,0.7805,0.0645,0.004159,4.245
296518,520,475,995,186,40,213,320.55,0.9152,0.5189,0.167621,12,0,7,341.40,1.0000,0.0315,0.000935,4.273
296524,520,397,917,226,2,224,328.84,0.9987,0.5815,0.215964,16,23,79,270.93,0.8566,0.1387,0.012874,4.230
296539,520,366,886,212,106,167,346.36,0.6397,0.6128,0.270970,19,47,15,141.25,0.8772,0.1713,0.022059,4.454
296540,520,389,909,234,68,147,355.74,0.8425,0.5902,0.237361,20,39,29,160.03,0.4410,0.1493,0.016884,4.296
296546,520,433,953,204,53,199,329.49,0.8719,0.5494,0.195089,3,22,45,253.47,0.7915,0.0982,0.007826,4.238
296547,520,405,925,215,20,237,322.99,0.9865,0.5758,0.210638,40,19,50,313.78,0.5668,0.1297,0.011472,4.240
296565,520,362,882,246,38,187,343.45,0.9607,0.6072,0.245701,59,35,27,39.19,0.3852,0.1821,0.022111,4.101
296574,520,367,887,254,8,178,347.28,0.9952,0.6079,0.244624,73,2,53,343.41,0.9024,0.1703,0.017172,4.386
296583,520,330,850,252,48,214,337.46,0.9837,0.6382,0.276676,14,59,0,139.48,1.0000,0.2083,0.032212,3.974
296584,520,459,979,165,63,243,305.67,0.9276,0.5320,0.180260,14,0,47,287.85,1.0000,0.0633,0.002986,4.346
296585,520,416,936,212,14,240,321.59,0.9915,0.5713,0.206043,8,26,60,261.54,0.7678,0.1231,0.011166,4.186
296592,520,470,990,226,16,78,14.91,0.9790,0.5175,0.170923,0,9,10,200.94,1.0000,0.0441,0.002173,4.234
296593,520,349,869,236,78,207,336.05,0.8903,0.6323,0.277892,18,30,115,268.51,0.9298,0.1941,0.022948,4.495
296596,520,462,982,200,8,219,323.44,0.9907,0.5335,0.175692,19,3,21,323.68,0.6894,0.0544,0.002577,4.293
296598,520,478,998,183,59,185,327.24,0.7965,0.5111,0.166993,1,0,16,275.06,1.0000,0.0220,0.000439,4.302
296606,520,401,921,247,47,95,14.27,0.9465,0.5806,0.226369,46,10,71,306.77,0.8190,0.1424,0.012529,4.420
296620,520,431,951,135,101,242,290.24,0.8597,0.5504,0.208689,29,20,11,65.97,0.3532,0.0990,0.007857,4.471
296625,520,390,910,254,5,138,359.27,0.9963,0.5905,0.230180,70,3,12,21.03,0.9531,0.1493,0.013940,4.382
296635,520,461,981,231,23,63,20.31,0.9762,0.5278,0.179636,12,1,29,299.28,0.8983,0.0470,0.001886,4.426
296637,520,371,891,251,69,99,16.39,0.9637,0.6082,0.256698,7,49,13,145.34,0.9688,0.1726,0.022708,4.218
296655,520,398,918,202,46,253,315.54,0.9897,0.5798,0.216039,58,11,25,6.86,0.7257,0.1358,0.012092,4.285
296674,520,465,985,184,82,147,343.71,0.6302,0.5219,0.183329,3,4,38,270.79,0.9308,0.0531,0.002461,4.448
296682,520,439,959,197,25,246,316.18,0.9809,0.5549,0.192208,34,5,30,333.63,0.7143,0.0853,0.005424,4.370
296702,520,408,928,196,80,201,326.02,0.7780,0.5672,0.216916,34,15,64,296.58,0.7409,0.1260,0.010519,4.410
296706,520,429,949,203,80,152,347.25,0.7026,0.5525,0.207027,24,13,55,289.81,0.7301,0.1030,0.007579,4.464
296712,520,347,867,234,71,223,330.87,0.9216,0.6309,0.273291,48,35,69,300.18,0.4659,0.1864,0.022601,4.453
296720,520,450,970,192,54,211,322.53,0.8764,0.5384,0.185494,8,3,48,277.26,0.9454,0.0651,0.003301,4.418
296722,520,470,990,139,74,248,294.79,0.9458,0.5169,0.171639,3,0,37,273.51,1.0000,0.0429,0.001529,4.301
296727,520,464,984,177,46,224,314.82,0.9125,0.5176,0.166840,9,11,4,119.47,0.3954,0.0549,0.003062,4.087
296749,520,354,874,232,103,108,20.07,0.7733,0.6203,0.279416,25,47,46,191.99,0.3732,0.1842,0.024369,4.429
296756,520,437,957,183,68,226,315.17,0.8640,0.5497,0.196936,10,16,48,271.04,0.7173,0.0907,0.006485,4.372
296758,520,405,925,221,34,220,328.49,0.9633,0.5796,0.216857,37,12,67,299.35,0.7920,0.1283,0.010615,4.402
296766,520,455,975,213,66,67,24.40,0.8441,0.5260,0.184502,14,6,34,292.38,0.7082,0.0634,0.003391,4.392
296773,520,408,928,170,114,165,329.81,0.4361,0.5674,0.232980,1,37,13,150.73,0.9896,0.1288,0.013586,4.450
296781,520,476,996,159,38,251,303.59,0.9800,0.5089,0.157227,3,0,16,290.10,1.0000,0.0250,0.000568,4.098
296787,520,381,901,253,25,160,352.68,0.9842,0.6022,0.241195,23,41,36,174.79,0.3489,0.1601,0.018954,4.223
296788,520,406,926,224,47,202,334.05,0.9244,0.5812,0.221470,56,9,35,350.97,0.7341,0.1335,0.011576,4.409
296791,520,173,693,237,184,173,31.86,0.5781,0.7992,0.553041,13,94,66,163.60,0.9487,0.3403,0.084839,4.472
296822,520,279,799,247,124,140,13.40,0.8400,0.6869,0.360857,12,71,17,144.03,0.9776,0.2512,0.046249,4.269
296834,520,319,839,237,96,193,341.68,0.8501,0.6486,0.302230,53,54,7,110.77,0.8553,0.2218,0.034106,4.188
296839,520,467,987,212,57,85,15.38,0.8364,0.5177,0.175816,18,0,13,338.08,1.0000,0.0421,0.001577,4.378
296860,520,389,909,246,59,95,15.68,0.9349,0.5882,0.235504,57,21,26,13.53,0.5529,0.1493,0.014809,4.405
296866,520,341,861,208,113,190,334.59,0.6466,0.6291,0.289394,21,43,92,263.63,0.7317,0.2007,0.026598,4.431
296877,520,464,984,197,83,63,31.92,0.7447,0.5195,0.184176,7,0,42,280.07,1.0000,0.0518,0.002123,4.493
296882,520,384,904,255,0,131,1.53,1.0000,0.5892,0.229024,28,10,100,278.82,0.9530,0.1531,0.013840,4.371
296889,520,289,809,249,79,247,328.43,0.9787,0.6775,0.324498,53,49,89,286.66,0.4481,0.2388,0.036747,4.317
296902,520,411,931,194,91,187,330.06,0.6943,0.5716,0.225408,6,35,3,141.14,0.9751,0.1228,0.012473,4.408
296903,520,444,964,232,31,83,14.96,0.9550,0.5375,0.187633,8,19,30,249.32,0.4485,0.0839,0.006111,4.235
296906,520,417,937,223,40,195,335.74,0.9317,0.5707,0.211481,52,9,13,19.67,0.7698,0.1179,0.009546,4.391
296915,520,425,945,221,33,193,335.76,0.9438,0.5620,0.203125,26,8,70,287.05,0.8841,0.1130,0.008355,4.338
296945,520,384,904,253,47,63,23.82,0.9894,0.5868,0.232783,51,25,23,25.18,0.4317,0.1459,0.014610,4.377
296949,520,325,845,241,68,236,329.26,0.9495,0.6475,0.288938,30,57,8,134.34,0.9397,0.2106,0.032197,4.123
296968,520,402,922,243,5,159,350.62,0.9948,0.5771,0.216697,5,29,64,257.96,0.8357,0.1327,0.012811,4.246
296981,520,445,965,197,73,169,337.67,0.7394,0.5414,0.195016,31,11,14,11.64,0.4641,0.0837,0.005624,4.405
296982,520,415,935,229,53,159,349.04,0.8765,0.5721,0.217101,30,17,60,292.85,0.6898,0.1210,0.010032,4.449
296986,520,250,770,228,133,248,320.46,0.9414,0.7201,0.400479,25,74,19,141.54,0.9509,0.2663,0.051511,4.438
296994,520,398,918,220,43,214,329.74,0.9411,0.5790,0.218006,49,24,8,51.36,0.6524,0.1373,0.013239,4.238
297003,520,452,972,162,90,204,311.34,0.7030,0.5350,0.193540,17,11,25,303.00,0.3987,0.0703,0.004287,4.486
297012,520,212,732,228,162,221,330.24,0.7036,0.7602,0.475564,34,83,47,149.99,0.7891,0.3057,0.067316,4.480
297025,520,416,936,238,43,138,357.69,0.9202,0.5731,0.217429,33,4,77,291.99,0.9394,0.1238,0.009460,4.498
297030,520,462,982,232,8,70,17.68,0.9923,0.5266,0.177748,7,9,12,255.50,0.1430,0.0513,0.002671,4.324
297031,520,414,934,200,47,246,316.49,0.9582,0.5718,0.209677,28,21,58,288.42,0.6106,0.1248,0.010887,4.265
297032,520,466,986,218,52,40,29.10,0.9281,0.5170,0.175172,18,3,7,0.77,0.5904,0.0472,0.002091,4.323
297034,520,372,892,253,78,6,37.02,0.9955,0.6114,0.263482,31,32,85,277.54,0.6879,0.1748,0.019801,4.491
297041,520,357,877,233,48,235,327.68,0.9638,0.6182,0.254381,18,43,73,254.38,0.6276,0.1838,0.023373,4.148
297049,520,457,977,194,67,165,338.03,0.7512,0.5269,0.182019,15,2,41,292.32,0.9033,0.0623,0.003051,4.374
297062,520,436,956,236,37,76,18.12,0.9521,0.5476,0.196810,22,6,58,288.96,0.8686,0.0931,0.006063,4.402
297065,520,400,920,248,11,139,357.98,0.9900,0.5800,0.220633,63,1,45,343.63,0.9270,0.1437,0.012681,4.318
297110,520,373,893,223,70,206,332.76,0.8751,0.6017,0.245267,3,46,20,151.91,0.9756,0.1620,0.020238,4.204
297113,520,338,858,246,74,190,343.75,0.9281,0.6363,0.282111,67,31,58,337.41,0.5061,0.1987,0.024789,4.441
297121,520,419,939,189,86,189,327.50,0.7102,0.5577,0.211498,1,23,53,255.45,0.9341,0.1059,0.008762,4.450
297125,520,424,944,231,45,129,359.69,0.8980,0.5576,0.204535,39,16,12,31.07,0.5085,0.1051,0.008285,4.367
297126,520,446,966,198,37,211,324.64,0.9294,0.5355,0.180337,7,22,12,153.75,0.5932,0.0842,0.006455,4.080
297131,520,269,789,194,145,241,306.70,0.7809,0.6971,0.380715,50,59,93,271.81,0.3922,0.2641,0.045963,4.488
297135,520,418,938,187,73,228,315.68,0.8604,0.5629,0.209325,39,24,6,69.32,0.6497,0.1213,0.010978,4.253
297168,520,381,901,252,33,140,359.09,0.9751,0.5957,0.236802,58,26,1,55.16,0.9306,0.1559,0.016407,4.319
297174,520,271,791,246,116,220,335.65,0.9348,0.7036,0.372534,22,69,71,199.12,0.6712,0.2633,0.048815,4.276
297176,520,465,985,211,6,166,341.14,0.9849,0.5183,0.167345,18,1,15,334.18,0.7849,0.0455,0.001848,4.192
297191,520,443,963,213,75,91,17.22,0.7682,0.5423,0.199359,29,12,18,358.02,0.4015,0.0839,0.005679,4.479
297194,520,429,949,205,90,69,32.16,0.7363,0.5457,0.207232,14,23,31,245.92,0.3021,0.0989,0.008051,4.431
297199,520,399,919,231,26,199,336.47,0.9709,0.5806,0.218539,21,36,26,154.62,0.3780,0.1397,0.014957,4.134
297203,520,389,909,178,103,218,312.53,0.7310,0.5868,0.242282,20,41,19,143.06,0.6649,0.1529,0.017816,4.310
297214,520,365,885,252,6,187,344.32,0.9965,0.6082,0.244170,49,14,89,298.87,0.8424,0.1689,0.016883,4.398
297218,520,448,968,231,55,4,33.88,0.9952,0.5441,0.197331,11,18,16,175.47,0.2084,0.0771,0.005412,4.464
297220,520,451,971,243,1,20,27.87,0.9996,0.5431,0.191304,18,10,18,326.51,0.3033,0.0661,0.003894,4.477
297224,520,432,952,233,12,150,351.46,0.9823,0.5547,0.197915,4,5,73,267.58,0.9839,0.0952,0.006153,4.415
297228,520,441,961,187,97,109,12.77,0.5351,0.5374,0.202198,36,11,17,6.95,0.5342,0.0926,0.006549,4.460
297242,520,455,975,207,76,83,20.60,0.7550,0.5309,0.190610,3,14,22,237.53,0.5885,0.0636,0.003913,4.463
297248,520,464,984,217,46,81,15.61,0.8909,0.5164,0.173023,23,1,2,21.52,0.8961,0.0481,0.002083,4.282
297256,520,446,966,200,57,188,331.66,0.8327,0.5394,0.188382,18,17,2,106.27,0.7498,0.0769,0.005339,4.308
297262,520,457,977,189,55,211,321.57,0.8704,0.5345,0.182557,25,2,14,349.11,0.7467,0.0576,0.002818,4.403
297281,520,466,986,169,72,210,314.20,0.7971,0.5222,0.177237,17,4,13,338.77,0.5307,0.0504,0.002351,4.341
297287,520,441,961,216,2,196,333.58,0.9971,0.5448,0.186301,30,2,52,304.86,0.9149,0.0909,0.005674,4.244
297297,520,403,923,238,20,174,345.19,0.9768,0.5780,0.217364,38,17,54,307.92,0.6351,0.1262,0.010793,4.398
297307,520,477,997,221,36,59,21.91,0.9468,0.5130,0.169524,2,0,12,289.00,1.0000,0.0208,0.000394,4.356
297323,520,440,960,198,12,242,317.50,0.9917,0.5492,0.186810,3,25,13,157.74,0.8816,0.0909,0.007436,4.123
297333,520,362,882,229,90,156,353.76,0.7678,0.6114,0.263731,14,49,39,171.19,0.7093,0.1818,0.024364,4.219
297338,520,444,964,175,61,234,311.06,0.8949,0.5365,0.183929,26,16,2,77.88,0.7568,0.0838,0.005946,4.181
297341,520,404,924,225,46,198,335.43,0.9237,0.5799,0.220412,32,13,78,288.38,0.8462,0.1346,0.011450,4.401
297348,520,423,943,211,63,187,335.24,0.8332,0.5635,0.209938,40,19,10,43.50,0.5258,0.1124,0.009388,4.377
297356,520,389,909,238,47,168,347.77,0.9200,0.5885,0.230403,65,12,2,34.47,0.9483,0.1466,0.013913,4.387
297358,520,334,854,237,69,228,330.31,0.9352,0.6369,0.278647,58,44,16,82.57,0.6144,0.2009,0.027384,4.247
297360,520,480,1000,211,38,110,2.42,0.8770,0.5065,0.163633,0,0,0,0.00,0.0000,0.0000,0.000000,4.273
297363,520,237,757,235,141,230,328.89,0.8691,0.7337,0.424269,12,66,129,255.87,0.8872,0.2903,0.055592,4.492
297368,520,388,908,255,50,35,29.54,1.0000,0.5900,0.236663,59,13,55,331.58,0.7254,0.1550,0.014936,4.415
297371,520,291,811,210,135,203,330.13,0.6100,0.6776,0.353427,53,61,6,118.00,0.9040,0.2427,0.041075,4.430
297375,520,407,927,251,16,81,16.66,0.9897,0.5708,0.214776,13,32,45,240.47,0.5088,0.1311,0.013080,4.197
297376,520,46,566,236,237,237,197.14,0.0245,0.9363,0.845156,5,127,1,142.34,0.9995,0.4410,0.152125,4.429
297385,520,387,907,189,91,231,314.36,0.8375,0.5915,0.240716,25,41,8,131.40,0.8358,0.1546,0.018100,4.269
297387,520,466,986,228,11,46,23.71,0.9916,0.5150,0.169336,5,8,27,271.60,0.6255,0.0549,0.002851,4.150
297409,520,441,961,188,4,249,313.34,0.9974,0.5374,0.176190,23,21,3,103.73,0.7261,0.0927,0.007251,3.951
297412,520,400,920,245,43,106,9.99,0.9405,0.5766,0.221842,38,30,12,85.95,0.5039,0.1362,0.013672,4.269
297429,520,186,706,252,157,239,331.93,0.9807,0.7883,0.510435,26,87,85,191.96,0.7343,0.3282,0.076916,4.416
297457,520,75,595,234,230,193,102.21,0.5067,0.9052,0.779366,6,122,4,142.45,0.9977,0.4244,0.139659,4.373
297482,520,438,958,209,24,212,327.50,0.9673,0.5488,0.189640,29,15,14,24.09,0.3254,0.0886,0.006346,4.253
297494,520,388,908,249,45,116,7.35,0.9525,0.5887,0.232809,17,10,105,271.29,0.9778,0.1515,0.013561,4.449
297496,520,376,896,221,69,204,332.80,0.8695,0.5962,0.239902,10,44,22,151.88,0.8815,0.1584,0.019237,4.187
297497,520,472,992,229,19,23,28.12,0.9880,0.5175,0.171886,4,0,15,297.18,1.0000,0.0257,0.000603,4.385
297502,520,458,978,230,0,102,6.87,1.0000,0.5283,0.177853,10,11,7,118.11,0.1765,0.0566,0.003192,4.284
297517,520,455,975,154,77,243,300.64,0.9082,0.5347,0.186492,8,9,27,278.13,0.5381,0.0595,0.003261,4.440
297519,520,381,901,228,93,96,21.70,0.7841,0.5955,0.251698,8,43,38,181.77,0.7700,0.1594,0.019192,4.360
297526,520,334,854,244,40,244,328.23,0.9819,0.6382,0.272851,16,46,83,255.31,0.7127,0.1989,0.026886,4.199
297554,520,476,996,151,78,217,304.92,0.7912,0.5111,0.170383,3,0,16,290.10,1.0000,0.0250,0.000568,4.358
297571,520,473,993,153,60,253,299.97,0.9861,0.5218,0.170962,3,2,18,281.41,0.7739,0.0326,0.001064,4.327
297588,520,389,909,236,46,189,340.76,0.9332,0.5946,0.234638,45,27,48,321.66,0.4029,0.1516,0.015552,4.342
297593,520,13,533,230,255,255,196.74,1.0000,0.9790,0.955622,42,130,99,165.78,0.8171,0.4736,0.173577,4.498
297616,520,444,964,236,22,76,16.94,0.9769,0.5403,0.189317,25,11,31,315.00,0.5185,0.0828,0.005450,4.316
297618,520,403,923,253,40,2,31.31,0.9987,0.5777,0.224084,58,9,10,24.38,0.8407,0.1296,0.011170,4.481
297623,520,438,958,227,33,148,351.40,0.9263,0.5499,0.195594,14,21,28,248.77,0.2562,0.0921,0.007135,4.298
297624,520,370,890,243,27,219,334.02,0.9838,0.6148,0.249559,9,20,109,266.97,0.9672,0.1658,0.016624,4.496
297639,520,354,874,254,27,196,342.47,0.9936,0.6219,0.258436,15,36,94,265.04,0.8519,0.1823,0.021713,4.301
297651,520,394,914,188,100,214,318.04,0.7360,0.5928,0.246618,8,40,25,159.47,0.8323,0.1450,0.016393,4.468
297661,520,479,999,214,43,79,15.58,0.8956,0.5074,0.165909,1,0,2,311.99,1.0000,0.0114,0.000108,4.309
297662,520,99,619,239,216,197,61.91,0.4575,0.8790,0.714945,39,113,16,139.87,0.9831,0.4025,0.122786,4.427
297664,520,354,874,238,40,238,328.23,0.9768,0.6240,0.258704,62,29,47,347.50,0.4670,0.1812,0.021082,4.343
297685,520,454,974,195,82,113,5.61,0.6469,0.5267,0.188307,31,1,24,338.27,0.8405,0.0700,0.003790,4.430
297711,520,386,906,234,41,191,339.60,0.9420,0.5889,0.228426,2,6,111,264.96,0.9940,0.1488,0.012907,4.426
297717,520,310,830,255,105,92,27.71,1.0000,0.6589,0.321392,32,55,65,227.41,0.3675,0.2223,0.034210,4.410
297749,520,382,902,235,36,209,334.78,0.9641,0.5983,0.235301,5,39,68,248.86,0.8179,0.1634,0.019006,4.134
297793,520,230,750,239,145,206,341.41,0.7932,0.7354,0.430598,28,73,88,223.08,0.6158,0.2869,0.057163,4.485
297803,520,455,975,224,51,33,30.25,0.9487,0.5276,0.183275,22,6,3,37.17,0.6033,0.0581,0.003074,4.395
297818,520,338,858,226,97,212,331.96,0.8318,0.6424,0.294737,54,42,54,326.22,0.2140,0.2020,0.027066,4.473
297823,520,455,975,223,3,141,352.12,0.9935,0.5288,0.176789,1,11,30,255.93,0.8512,0.0598,0.003395,4.247
297833,520,354,874,232,89,171,348.15,0.8010,0.6213,0.272434,13,50,32,158.76,0.8129,0.1824,0.024710,4.316
297843,520,319,839,179,146,168,338.64,0.2522,0.6479,0.329692,12,62,15,143.85,0.9698,0.2197,0.035578,4.437
297849,520,376,896,251,31,167,350.30,0.9700,0.6037,0.242826,13,40,56,237.76,0.6154,0.1613,0.018886,4.251
297851,520,448,968,233,13,100,8.41,0.9828,0.5369,0.185347,5,0,69,269.25,1.0000,0.0826,0.004619,4.309
297869,520,442,962,242,6,17,28.30,0.9974,0.5418,0.190514,30,13,8,37.58,0.4698,0.0844,0.005814,4.309
297875,520,409,929,252,25,27,28.24,0.9895,0.5691,0.214736,2,39,1,142.15,0.9946,0.1342,0.014661,4.094
297900,520,443,963,211,18,202,330.68,0.9736,0.5434,0.185478,28,6,26,331.12,0.6343,0.0755,0.004517,4.319
297908,520,391,911,219,82,162,347.67,0.7564,0.5865,0.237055,1,42,26,162.07,0.9839,0.1490,0.017369,4.261
297916,520,467,987,182,18,240,313.42,0.9837,0.5234,0.166701,5,3,23,283.82,0.7488,0.0407,0.001592,4.200
297923,520,385,905,252,36,104,10.99,0.9780,0.5860,0.229603,68,4,18,15.64,0.9106,0.1471,0.013597,4.397
297947,520,377,897,233,86,130,5.27,0.7952,0.6036,0.255936,24,37,60,261.26,0.4462,0.1617,0.018435,4.470
297949,520,374,894,213,55,245,320.05,0.9558,0.5975,0.234729,13,34,79,263.00,0.7925,0.1622,0.017940,4.191
297952,520,200,720,215,185,127,83.36,0.5206,0.7655,0.506783,6,90,25,145.55,0.9927,0.3168,0.074209,4.483
297955,520,460,980,228,39,83,15.27,0.9311,0.5340,0.185724,21,1,35,308.67,0.9074,0.0622,0.003025,4.446
297974,520,455,975,229,5,97,8.57,0.9926,0.5258,0.176326,8,15,3,130.90,0.6706,0.0635,0.003998,4.191
297977,520,446,966,197,80,135,353.71,0.6689,0.5352,0.193586,16,6,48,286.42,0.8328,0.0772,0.004538,4.466
297985,520,445,965,220,66,32,33.70,0.9365,0.5351,0.192190,14,17,23,264.15,0.1865,0.0797,0.005561,4.359
298009,520,310,830,240,126,35,52.81,0.9377,0.6621,0.335711,34,60,8,132.90,0.9381,0.2233,0.035892,4.491
298028,520,413,933,210,68,197,331.81,0.8345,0.5728,0.218690,42,23,0,70.03,1.0000,0.1224,0.011051,4.401
298034,520,434,954,231,48,91,13.91,0.9083,0.5484,0.198611,44,6,23,356.91,0.7283,0.1012,0.007277,4.341
298043,520,430,950,185,94,157,340.25,0.5842,0.5476,0.207553,1,20,58,260.06,0.9600,0.1030,0.008122,4.431
298063,520,389,909,217,67,200,332.89,0.8584,0.5852,0.229382,18,40,8,137.25,0.8964,0.1464,0.016637,4.193
298067,520,312,832,207,131,189,335.92,0.5603,0.6598,0.331735,21,61,37,154.40,0.7802,0.2241,0.036304,4.423
298069,520,379,899,231,91,88,24.43,0.8223,0.5961,0.251784,12,38,59,245.93,0.6424,0.1568,0.017801,4.451
298070,520,456,976,228,8,100,7.47,0.9876,0.5253,0.175907,5,0,50,273.23,1.0000,0.0588,0.002625,4.293
298087,520,453,973,189,95,81,29.95,0.6083,0.5298,0.195989,10,17,19,217.24,0.2132,0.0750,0.005124,4.462
298096,520,269,789,149,161,255,276.99,0.9999,0.6957,0.390986,40,70,31,138.85,0.7197,0.2633,0.049302,4.441
298106,520,451,971,194,34,222,320.75,0.9474,0.5352,0.178888,10,12,36,276.20,0.6103,0.0730,0.004548,4.196
298134,520,471,991,215,51,85,14.65,0.8649,0.5177,0.174731,15,0,12,334.62,1.0000,0.0375,0.001281,4.382
298139,520,432,952,221,37,170,342.80,0.9140,0.5513,0.196000,48,5,4,27.62,0.8975,0.1024,0.007458,4.281
298149,520,462,982,180,42,234,313.55,0.9386,0.5275,0.173008,1,10,13,214.07,0.7398,0.0485,0.002526,4.246
298159,520,368,888,249,58,163,352.36,0.9455,0.6149,0.258135,58,32,9,58.94,0.6964,0.1701,0.019524,4.432
298164,520,421,941,244,18,93,12.41,0.9833,0.5594,0.204594,44,7,37,336.35,0.7242,0.1095,0.008211,4.374
298178,520,463,983,211,34,174,338.93,0.9093,0.5331,0.180511,5,11,8,165.13,0.3061,0.0527,0.002891,4.358
298180,520,444,964,220,19,172,341.61,0.9634,0.5422,0.186624,22,2,52,294.48,0.9307,0.0806,0.004619,4.332
298214,520,469,989,197,16,202,326.95,0.9712,0.5177,0.165069,14,3,0,52.01,1.0000,0.0396,0.001585,4.169
298218,520,322,842,236,76,240,326.90,0.9448,0.6495,0.292954,62,47,1,89.07,0.9724,0.2128,0.030595,4.255
298219,520,442,962,228,38,117,2.97,0.9141,0.5428,0.191674,20,10,32,302.91,0.5514,0.0757,0.004701,4.418
298229,520,405,925,220,17,237,324.26,0.9900,0.5834,0.217331,53,9,30,355.35,0.7195,0.1254,0.010461,4.422
298236,520,376,896,244,82,53,32.45,0.9382,0.6022,0.255280,10,44,26,156.60,0.8415,0.1594,0.019404,4.399
298243,520,449,969,223,44,135,355.76,0.8802,0.5436,0.192412,23,4,38,306.66,0.7885,0.0728,0.004089,4.482
298250,520,319,839,247,57,237,330.51,0.9694,0.6492,0.288177,16,58,67,214.71,0.6961,0.2242,0.035414,3.959
298265,520,300,820,228,124,161,358.41,0.6648,0.6650,0.334846,10,59,67,211.15,0.8094,0.2255,0.035975,4.476
298272,520,439,959,231,62,2,35.35,0.9974,0.5509,0.204415,5,19,48,261.87,0.7800,0.0943,0.007114,4.455
298276,520,427,947,222,64,133,358.25,0.8117,0.5587,0.208924,44,11,3,37.49,0.8255,0.1032,0.007815,4.478
298279,520,438,958,238,31,88,14.03,0.9600,0.5510,0.198649,35,5,38,324.10,0.7540,0.0919,0.006059,4.436
298283,520,477,997,217,35,69,18.38,0.9350,0.5058,0.163861,9,0,0,29.23,1.0000,0.0242,0.000581,4.228
298286,520,477,997,147,63,240,300.15,0.9147,0.5055,0.160496,1,1,8,277.00,0.7555,0.0209,0.000457,4.172
298299,520,397,917,220,64,193,335.85,0.8609,0.5832,0.227349,12,34,54,248.36,0.6036,0.1420,0.014885,4.274
298310,520,384,904,231,95,21,43.08,0.9614,0.5942,0.252302,11,41,39,189.14,0.6475,0.1546,0.018034,4.443
298326,520,397,917,246,45,98,12.97,0.9416,0.5779,0.223549,49,25,5,57.87,0.7398,0.1390,0.013593,4.302
298328,520,417,937,254,20,1,29.89,0.9994,0.5706,0.215772,13,33,12,142.88,0.7713,0.1214,0.011998,4.287
298352,520,367,887,253,22,183,345.81,0.9863,0.6117,0.248788,63,29,12,45.62,0.6721,0.1724,0.019622,4.292
298354,520,463,983,187,2,241,314.81,0.9984,0.5283,0.169603,1,7,21,255.88,0.7785,0.0453,0.002125,4.213
298365,520,378,898,247,22,185,343.97,0.9822,0.6013,0.238540,18,20,102,271.03,0.9422,0.1611,0.015881,4.380
298373,520,407,927,251,20,40,26.14,0.9907,0.5662,0.211665,41,27,15,61.12,0.4147,0.1332,0.012898,4.160
298381,520,448,968,220,7,176,340.30,0.9877,0.5414,0.185046,35,3,27,339.22,0.7699,0.0820,0.005016,4.272
298412,520,384,904,238,79,79,24.41,0.8904,0.5910,0.243367,20,39,41,204.30,0.3682,0.1541,0.017598,4.340
298419,520,374,894,209,61,250,317.64,0.9737,0.5999,0.237965,65,14,43,349.55,0.7092,0.1607,0.016125,4.355
298427,520,353,873,243,13,228,331.81,0.9947,0.6165,0.249469,78,16,10,29.60,0.8779,0.1804,0.020125,4.271
298438,520,431,951,242,4,74,17.37,0.9969,0.5478,0.194619,38,4,42,323.47,0.7954,0.0980,0.006661,4.317
298490,520,377,897,236,67,167,348.75,0.8641,0.6011,0.246400,45,33,31,29.29,0.1871,0.1581,0.017446,4.395
298502,520,344,864,245,18,247,327.88,0.9948,0.6337,0.265633,87,0,11,23.30,1.0000,0.1859,0.020508,4.477
298509,520,321,841,217,103,239,320.91,0.8981,0.6531,0.306858,6,51,88,249.07,0.8543,0.2136,0.031108,4.400
298515,520,473,993,199,21,194,329.68,0.9546,0.5175,0.165753,8,1,15,310.19,0.7832,0.0336,0.001078,4.224
298522,520,428,948,210,55,198,331.49,0.8743,0.5607,0.205132,29,13,48,301.78,0.6602,0.1029,0.007625,4.427
298524,520,478,998,196,60,139,348.87,0.7584,0.5094,0.168334,3,0,16,290.10,1.0000,0.0250,0.000568,4.318
298538,520,412,932,254,24,5,29.88,0.9970,0.5721,0.217389,18,30,18,144.52,0.4128,0.1169,0.011008,4.383
298539,520,468,988,213,30,144,349.44,0.9080,0.5193,0.170906,10,0,29,296.61,1.0000,0.0426,0.001532,4.287
298553,520,401,921,237,20,183,342.32,0.9784,0.5807,0.219267,38,26,55,301.60,0.4784,0.1446,0.014267,4.190
298563,520,431,951,181,65,236,312.29,0.8989,0.5511,0.196615,37,13,14,18.93,0.5131,0.0968,0.007129,4.317
298583,520,330,850,254,75,154,357.91,0.9862,0.6362,0.284395,93,0,53,354.31,1.0000,0.2120,0.025846,4.409
298584,520,338,858,231,81,232,327.57,0.9154,0.6419,0.287022,18,52,60,215.69,0.6003,0.2026,0.029107,4.260
298596,520,27,547,229,250,254,210.40,0.8424,0.9661,0.921843,57,129,26,138.36,0.9671,0.4628,0.166444,4.490
298597,520,464,984,133,99,204,296.12,0.6595,0.5158,0.182699,4,6,28,272.54,0.7361,0.0503,0.002399,4.441
298600,520,467,987,151,63,254,298.89,0.9925,0.5234,0.172904,13,2,19,314.51,0.7278,0.0438,0.001760,4.306
298605,520,397,917,254,45,21,30.58,0.9961,0.5836,0.230055,40,16,71,299.00,0.7590,0.1416,0.012766,4.462
298607,520,444,964,235,32,39,26.77,0.9744,0.5374,0.188449,23,17,7,80.31,0.4067,0.0836,0.005984,4.259
298635,520,468,988,217,60,9,35.30,0.9847,0.5212,0.180057,2,1,33,271.37,0.9794,0.0405,0.001444,4.472
298647,520,307,827,233,135,70,51.90,0.8050,0.6715,0.350962,8,66,19,145.68,0.9805,0.2330,0.039949,4.458
298658,520,376,896,251,23,170,349.20,0.9808,0.6020,0.240277,56,17,67,318.02,0.7186,0.1634,0.016470,4.367
298667,520,449,969,223,63,2,36.10,0.9968,0.5362,0.192501,4,17,1,137.60,0.9624,0.0652,0.004289,4.467
298675,520,465,985,221,37,88,12.44,0.9192,0.5195,0.174026,6,11,8,160.07,0.2447,0.0536,0.002956,4.230
298677,520,322,842,248,32,251,327.61,0.9897,0.6461,0.279574,51,11,127,287.11,0.9511,0.2120,0.024754,4.409
298678,520,11,531,252,252,251,106.42,0.1562,0.9893,0.972813,37,135,32,142.35,0.9728,0.4750,0.178248,4.481
298687,520,442,962,193,62,205,324.30,0.8407,0.5437,0.191919,20,17,20,325.89,0.1031,0.0841,0.006001,4.320
298693,520,397,917,237,71,78,22.82,0.8929,0.5795,0.230641,55,12,51,331.81,0.7182,0.1440,0.013143,4.445
298706,520,434,954,176,90,192,321.15,0.6783,0.5465,0.203492,30,8,53,301.63,0.7832,0.1008,0.007067,4.442
298710,520,414,934,208,76,190,333.56,0.7910,0.5747,0.222983,24,28,30,229.21,0.0883,0.1204,0.011184,4.462
298713,520,457,977,195,41,202,326.16,0.9018,0.5267,0.174539,12,11,7,96.47,0.1775,0.0584,0.003328,4.210
298749,520,280,800,225,137,172,354.93,0.6066,0.6884,0.368793,44,63,57,173.22,0.2501,0.2517,0.043858,4.462
298750,520,388,908,225,97,20,44.89,0.9554,0.5868,0.246100,5,42,15,148.61,0.9597,0.1480,0.017226,4.405
298757,520,412,932,254,0,82,16.19,1.0000,0.5739,0.216838,21,17,67,279.59,0.7880,0.1185,0.009655,4.473
298766,520,374,894,238,77,112,11.69,0.8539,0.5960,0.246577,49,31,44,337.19,0.3107,0.1641,0.018148,4.352
298773,520,443,963,227,57,6,34.31,0.9921,0.5380,0.192732,22,12,22,326.62,0.3387,0.0763,0.004915,4.420
298781,520,358,878,196,110,205,323.64,0.6758,0.6150,0.272966,33,39,67,273.43,0.4221,0.1790,0.021796,4.498
298784,520,455,975,183,46,227,315.96,0.9206,0.5294,0.175685,20,6,26,315.10,0.6035,0.0646,0.003536,4.216
298792,520,425,945,172,89,229,308.88,0.8171,0.5641,0.215733,2,29,21,170.44,0.9149,0.1051,0.009457,4.469
298795,520,397,917,249,29,104,10.13,0.9706,0.5765,0.220215,38,31,6,93.69,0.7139,0.1379,0.014052,4.219
298808,520,357,877,235,29,248,325.31,0.9876,0.6208,0.253207,71,24,6,40.07,0.8386,0.1771,0.020062,4.328
298814,520,411,931,224,47,187,338.45,0.9072,0.5725,0.214706,46,16,31,351.01,0.5408,0.1231,0.010504,4.375
298827,520,456,976,234,20,8,29.56,0.9930,0.5280,0.180135,21,5,18,334.49,0.5626,0.0598,0.003117,4.333
298844,520,454,974,219,36,136,354.00,0.8977,0.5309,0.181019,10,7,40,280.62,0.7797,0.0667,0.003697,4.302
298852,520,435,955,221,75,21,37.71,0.9584,0.5475,0.204610,9,21,38,257.20,0.5280,0.0944,0.007343,4.440
298861,520,408,928,221,18,215,329.82,0.9832,0.5700,0.207133,3,37,29,173.75,0.9083,0.1342,0.014311,3.998
298874,520,460,980,210,21,175,338.21,0.9499,0.5257,0.173353,19,6,25,314.46,0.5880,0.0628,0.003389,4.184
298875,520,453,973,226,37,86,13.79,0.9302,0.5293,0.181666,0,14,38,255.40,0.9999,0.0714,0.004540,4.248
298876,520,423,943,250,10,4,29.32,0.9974,0.5595,0.205536,28,18,47,297.31,0.5491,0.1102,0.008847,4.342
298879,520,444,964,187,88,147,345.58,0.6066,0.5362,0.196522,8,7,56,273.27,0.9278,0.0807,0.004891,4.491
298883,520,436,956,220,67,102,11.38,0.8084,0.5483,0.201918,9,20,35,256.41,0.4902,0.0900,0.006797,4.435
298884,520,474,994,208,25,165,340.89,0.9280,0.5179,0.168239,1,3,16,265.83,0.8001,0.0320,0.001090,4.272
298888,520,341,861,237,68,210,335.26,0.9145,0.6255,0.267945,26,39,101,269.65,0.7797,0.2021,0.026101,4.178
298896,520,418,938,233,32,156,350.01,0.9419,0.5646,0.207598,1,26,64,257.73,0.9596,0.1231,0.011153,4.212
298900,520,352,872,219,60,252,319.93,0.9855,0.6161,0.253219,24,43,74,259.74,0.5518,0.1880,0.024163,4.089
298908,520,420,940,226,65,119,4.90,0.8242,0.5624,0.212839,19,19,61,277.65,0.7220,0.1149,0.009411,4.424
298912,520,434,954,195,57,221,320.70,0.8919,0.5532,0.197503,6,21,46,259.47,0.7082,0.0982,0.007723,4.288
298913,520,360,880,237,16,250,325.41,0.9950,0.6216,0.252798,46,27,84,294.57,0.6894,0.1794,0.020048,4.323
298922,520,330,850,253,6,235,332.37,0.9983,0.6376,0.270142,30,13,136,273.56,0.9793,0.2057,0.023413,4.361
298934,520,465,985,193,59,168,336.34,0.7837,0.5177,0.172942,9,6,14,302.89,0.3335,0.0470,0.002200,4.271
298966,520,426,946,243,30,57,23.12,0.9764,0.5553,0.202821,20,20,49,280.42,0.5594,0.1078,0.008708,4.306
298969,520,367,887,255,22,163,352.08,1.0000,0.6064,0.244818,24,45,36,165.13,0.4166,0.1733,0.021983,4.096
298988,520,455,975,207,43,170,339.33,0.8667,0.5294,0.178975,11,11,12,286.14,0.0351,0.0590,0.003370,4.290
298991,520,385,905,233,24,211,333.74,0.9798,0.5908,0.226827,12,4,112,268.63,0.9943,0.1526,0.013347,4.370
299002,520,381,901,250,33,165,350.77,0.9656,0.6018,0.241317,26,40,40,196.06,0.2427,0.1609,0.018904,4.228
299041,520,10,530,250,253,238,115.95,0.8794,0.9857,0.967476,15,135,46,146.20,0.9905,0.4719,0.176260,4.497
299042,520,329,849,238,98,179,347.45,0.8291,0.6466,0.301698,50,52,0,112.12,1.0000,0.2118,0.031341,4.324
299061,520,474,994,193,73,136,350.92,0.6911,0.5189,0.178818,0,3,20,260.95,1.0000,0.0332,0.001156,4.473
299105,520,405,925,213,37,239,321.81,0.9679,0.5811,0.217031,15,36,22,153.30,0.5889,0.1345,0.014212,4.159
299109,520,402,922,232,47,171,345.43,0.9090,0.5788,0.221319,44,10,62,310.94,0.7839,0.1314,0.011004,4.448
299130,520,476,996,157,91,172,319.99,0.5778,0.5098,0.176295,6,0,5,332.72,1.0000,0.0228,0.000497,4.481
299136,520,377,897,252,71,27,33.98,0.9851,0.6025,0.252846,31,37,53,268.37,0.2835,0.1631,0.018715,4.407
299147,520,423,943,250,23,28,27.98,0.9895,0.5642,0.210243,50,7,23,2.35,0.7446,0.1142,0.008920,4.417
299155,520,433,953,219,75,49,32.49,0.8811,0.5460,0.203165,29,6,55,299.70,0.8311,0.0984,0.006673,4.467
299169,520,424,944,220,5,206,331.90,0.9946,0.5593,0.197827,30,23,21,36.50,0.1464,0.1104,0.009430,4.170
299189,520,442,962,211,80,30,39.02,0.9127,0.5363,0.196822,22,12,21,330.05,0.3237,0.0759,0.004877,4.498
299203,520,467,987,178,70,188,324.24,0.7560,0.5180,0.174773,0,9,2,151.47,1.0000,0.0413,0.001997,4.323
299209,520,442,962,159,85,229,304.43,0.8213,0.5412,0.195255,0,12,49,261.44,1.0000,0.0767,0.004847,4.472
299210,520,476,996,201,63,92,12.23,0.7702,0.5051,0.167473,6,0,0,29.23,1.0000,0.0198,0.000387,4.316
299212,520,401,921,243,64,42,30.70,0.9488,0.5788,0.228920,55,3,64,321.04,0.8885,0.1436,0.012476,4.464
299215,520,432,952,229,14,159,347.72,0.9775,0.5515,0.194781,48,1,27,351.90,0.8993,0.1034,0.007293,4.272
299218,520,476,996,222,17,73,16.11,0.9765,0.5083,0.164143,3,2,3,326.14,0.1845,0.0248,0.000694,4.224
299225,520,462,982,217,28,152,347.54,0.9251,0.5298,0.178516,12,3,23,304.02,0.7089,0.0475,0.002052,4.390
299236,520,407,927,233,58,111,8.18,0.8724,0.5662,0.215004,31,30,20,102.93,0.2408,0.1296,0.012704,4.226
299246,520,440,960,234,45,76,18.84,0.9335,0.5489,0.198941,17,21,15,135.20,0.1982,0.0896,0.006900,4.375
299254,520,457,977,228,44,56,24.13,0.9420,0.5326,0.185838,21,4,26,318.52,0.6903,0.0619,0.003209,4.432
299273,520,346,866,245,0,251,327.05,1.0000,0.6332,0.263803,13,33,104,265.98,0.9097,0.1852,0.021726,4.375
299274,520,335,855,230,91,213,332.76,0.8602,0.6412,0.291115,6,55,25,151.36,0.9649,0.1952,0.028412,4.350
299275,520,414,934,222,42,199,334.36,0.9296,0.5725,0.213114,5,34,24,166.78,0.8342,0.1237,0.012422,4.215
299280,520,314,834,255,60,221,336.43,1.0000,0.6557,0.297154,31,50,89,263.25,0.5619,0.2226,0.032937,4.186
299285,520,427,947,243,11,98,10.44,0.9897,0.5567,0.201793,35,13,26,345.27,0.4873,0.0979,0.007198,4.402
299320,520,395,915,239,58,158,351.95,0.8900,0.5944,0.238484,39,27,48,309.77,0.3813,0.1437,0.014286,4.487
299329,520,468,988,222,12,114,1.57,0.9756,0.5182,0.170102,8,3,23,293.56,0.7199,0.0436,0.001786,4.250
299331,520,391,911,203,58,251,315.85,0.9780,0.5889,0.226891,25,38,20,137.33,0.4758,0.1473,0.016434,4.168
299334,520,441,961,167,63,251,304.69,0.9718,0.5417,0.187361,31,13,6,43.16,0.5444,0.0854,0.005923,4.244
299346,520,391,911,195,88,224,318.51,0.8227,0.5911,0.239646,19,40,6,135.52,0.9164,0.1468,0.016691,4.343
299354,520,396,916,197,105,141,356.36,0.5437,0.5781,0.238981,28,35,31,160.30,0.1457,0.1443,0.015479,4.413
299382,520,469,989,198,73,121,359.73,0.7008,0.5217,0.181532,3,6,18,266.31,0.5499,0.0432,0.001933,4.458
299387,520,479,999,167,9,252,306.62,0.9939,0.5089,0.154399,0,0,5,264.05,1.0000,0.0116,0.000110,4.079
299416,520,409,929,252,30,47,25.57,0.9876,0.5729,0.218330,1,7,95,264.73,0.9904,0.1262,0.009845,4.484
299417,520,398,918,234,69,99,14.70,0.8560,0.5761,0.226524,28,31,44,274.30,0.2472,0.1391,0.014087,4.315
299419,520,417,937,244,13,130,0.20,0.9862,0.5690,0.211360,28,9,75,286.73,0.8875,0.1219,0.009502,4.392
299424,520,444,964,228,56,34,30.91,0.9482,0.5405,0.194407,7,17,26,246.12,0.4240,0.0760,0.005206,4.427
299426,520,350,870,255,40,190,344.58,1.0000,0.6264,0.264987,21,38,98,267.29,0.8127,0.1940,0.024274,4.241
299428,520,421,941,224,8,191,336.94,0.9898,0.5578,0.197850,31,9,55,301.07,0.7773,0.1053,0.007625,4.301
299455,520,441,961,218,13,176,339.85,0.9763,0.5389,0.183303,36,1,41,322.71,0.9053,0.0893,0.005569,4.198
299458,520,441,961,187,86,164,336.94,0.6470,0.5411,0.199021,28,18,12,52.12,0.3034,0.0933,0.007061,4.364
299466,520,316,836,251,62,242,330.22,0.9851,0.6627,0.303682,25,60,4,136.76,0.9808,0.2172,0.034471,4.187
299475,520,457,977,236,19,12,29.22,0.9902,0.5321,0.183284,6,0,49,275.18,1.0000,0.0585,0.002605,4.435
299481,520,337,857,238,42,253,324.79,0.9931,0.6353,0.269274,54,17,108,294.41,0.8699,0.1991,0.022679,4.393
299498,520,320,840,255,100,71,32.63,1.0000,0.6484,0.308327,1,56,59,200.74,0.9780,0.2092,0.031504,4.396
299499,520,478,998,195,67,120,358.35,0.7192,0.5081,0.169743,6,0,6,328.36,1.0000,0.0233,0.000519,4.350
299501,520,454,974,222,48,86,14.65,0.8913,0.5292,0.183181,26,4,33,317.43,0.7502,0.0732,0.004163,4.305
299510,520,433,953,208,16,222,324.78,0.9840,0.5515,0.190563,7,27,10,147.18,0.8203,0.0988,0.008509,4.112
299514,520,455,975,199,20,215,324.08,0.9720,0.5320,0.175504,17,1,41,296.31,0.9426,0.0625,0.003010,4.254
299552,520,477,997,219,36,38,27.05,0.9589,0.5060,0.164645,1,0,8,284.42,1.0000,0.0165,0.000240,4.272
299553,520,347,867,255,86,73,28.20,1.0000,0.6301,0.284002,43,44,34,112.14,0.1766,0.1864,0.024305,4.495
299556,520,301,821,255,118,51,43.69,1.0000,0.6737,0.344592,19,64,0,138.67,1.0000,0.2277,0.038051,4.481
299558,520,447,967,188,9,248,313.50,0.9940,0.5375,0.176653,1,11,51,263.59,0.9600,0.0775,0.004848,4.132
299561,520,288,808,247,109,175,352.76,0.8776,0.6750,0.338094,89,39,26,35.64,0.6384,0.2415,0.036498,4.487
299609,520,241,761,218,146,249,315.15,0.9185,0.7311,0.423039,46,73,42,141.27,0.5448,0.2796,0.055130,4.500
299640,520,469,989,158,70,229,305.68,0.8575,0.5190,0.173071,9,1,30,292.09,0.9163,0.0449,0.001735,4.312
299657,520,427,947,211,0,226,324.66,1.0000,0.5562,0.193418,47,1,23,356.45,0.9034,0.0997,0.006880,4.279
299672,520,450,970,230,36,95,11.07,0.9340,0.5391,0.189139,4,8,46,269.17,0.9079,0.0694,0.003967,4.431
299686,520,380,900,207,83,219,324.09,0.8394,0.5990,0.245680,22,42,15,138.18,0.7409,0.1567,0.018609,4.310
299687,520,352,872,251,15,211,337.78,0.9932,0.6211,0.255573,32,43,74,267.94,0.4656,0.1936,0.025292,4.059
299698,520,434,954,230,55,50,27.41,0.9300,0.5451,0.197886,35,15,21,1.49,0.4156,0.0995,0.007532,4.309
299699,520,431,951,177,91,189,322.59,0.6658,0.5478,0.205044,8,6,76,270.17,0.9765,0.1029,0.007036,4.472
299711,520,450,970,209,12,204,329.64,0.9834,0.5395,0.181799,17,13,26,297.62,0.3538,0.0748,0.004816,4.229
299746,520,473,993,157,71,228,305.45,0.8515,0.5181,0.172765,7,1,17,303.24,0.8102,0.0336,0.001074,4.362
299754,520,349,869,201,121,184,335.12,0.5631,0.6308,0.295543,12,55,5,141.00,0.9821,0.1942,0.028214,4.418
299775,520,477,997,165,89,162,328.62,0.5727,0.5119,0.177536,0,3,1,156.67,1.0000,0.0232,0.000673,4.490
299787,520,480,1000,190,81,81,22.55,0.6691,0.5076,0.174278,0,0,0,0.00,0.0000,0.0000,0.000000,4.486
299791,520,447,967,212,68,122,1.43,0.7669,0.5409,0.195387,21,7,46,294.47,0.7743,0.0822,0.005086,4.455
299833,520,376,896,234,65,168,347.79,0.8641,0.5960,0.241029,55,29,7,57.66,0.7207,0.1581,0.017064,4.340
299841,520,448,968,224,12,166,344.35,0.9792,0.5447,0.188660,13,19,1,123.32,0.9023,0.0773,0.005535,4.297
299846,520,385,905,252,51,66,23.54,0.9835,0.5881,0.234601,62,16,9,31.33,0.8037,0.1469,0.014146,4.437
299849,520,352,872,198,113,191,330.10,0.6167,0.6156,0.275789,70,24,63,333.91,0.6370,0.1947,0.023144,4.454
299862,520,442,962,160,70,250,302.04,0.9609,0.5394,0.187565,0,18,41,252.22,0.9999,0.0832,0.005927,4.248
299875,520,418,938,235,59,36,30.98,0.9505,0.5575,0.209206,54,13,0,40.82,1.0000,0.1249,0.010722,4.269
299890,520,417,937,255,16,8,29.31,1.0000,0.5717,0.216520,29,20,57,291.08,0.6153,0.1230,0.010569,4.400
299901,520,434,954,240,25,90,13.22,0.9715,0.5528,0.199620,24,6,65,287.79,0.8953,0.1026,0.007061,4.375
299925,520,414,934,240,58,17,33.09,0.9832,0.5654,0.215951,5,4,95,266.82,0.9933,0.1246,0.009452,4.473
299930,520,467,987,230,8,37,25.49,0.9948,0.5177,0.171333,14,2,11,335.76,0.6435,0.0411,0.001610,4.289
299947,520,468,988,110,91,250,282.17,0.9575,0.5156,0.176988,7,0,24,295.40,1.0000,0.0356,0.001111,4.441
299975,520,460,980,182,63,210,319.29,0.8370,0.5309,0.181544,2,13,14,201.43,0.6356,0.0569,0.003324,4.342
299987,520,461,981,221,25,141,352.18,0.9386,0.5312,0.179931,6,5,33,278.02,0.8005,0.0536,0.002571,4.374
300000,520,359,879,240,42,226,331.60,0.9701,0.6208,0.256749,27,31,93,274.12,0.7860,0.1773,0.020032,4.380
300005,520,430,950,182,86,189,324.83,0.6972,0.5472,0.202759,23,3,67,286.72,0.9499,0.0995,0.006525,4.472
300013,520,308,828,255,94,179,351.09,1.0000,0.6693,0.325233,47,53,63,260.65,0.1536,0.2278,0.035094,4.410
300017,520,444,964,219,30,168,342.79,0.9303,0.5427,0.188182,12,13,41,277.53,0.6462,0.0802,0.005261,4.310
300027,520,352,872,227,62,243,324.06,0.9532,0.6241,0.262494,7,55,12,144.40,0.9782,0.1933,0.028040,4.004
300037,520,51,571,231,251,88,116.00,0.9670,0.9351,0.866879,20,127,23,142.99,0.9886,0.4441,0.153887,4.497
300055,520,325,845,236,95,201,338.52,0.8608,0.6496,0.302368,23,48,80,255.48,0.5943,0.2056,0.028751,4.474
300057,520,83,603,240,223,198,77.62,0.4809,0.8962,0.753785,56,113,50,141.85,0.8460,0.4144,0.128809,4.495
300060,520,388,908,234,75,122,6.69,0.8268,0.5892,0.239326,52,16,66,315.00,0.7257,0.1548,0.014941,4.455
300069,520,382,902,210,71,238,320.37,0.9185,0.6024,0.243828,59,20,47,341.12,0.6005,0.1600,0.016355,4.428
300084,520,453,973,184,56,214,319.16,0.8693,0.5297,0.178750,1,17,28,237.09,0.8403,0.0728,0.004912,4.166
300090,520,469,989,211,4,163,342.07,0.9894,0.5162,0.165823,4,8,3,138.04,0.4618,0.0431,0.002060,4.146
300094,520,363,883,253,9,187,344.55,0.9949,0.6106,0.246693,42,6,108,287.14,0.9615,0.1739,0.017052,4.425
300108,520,472,992,202,28,189,331.92,0.9321,0.5226,0.170631,6,0,10,316.23,1.0000,0.0254,0.000606,4.360
300109,520,478,998,166,72,198,316.48,0.7614,0.5092,0.168198,5,0,0,29.23,1.0000,0.0182,0.000323,4.336
300110,520,348,868,240,5,253,325.49,0.9987,0.6268,0.257283,62,24,80,313.12,0.6962,0.1933,0.022567,4.234
300113,520,400,920,226,70,152,352.22,0.8116,0.5799,0.228186,17,23,83,271.34,0.8707,0.1436,0.013564,4.376
300135,520,394,914,250,6,150,354.81,0.9950,0.5873,0.226597,4,37,46,219.90,0.8185,0.1425,0.015461,4.225
300141,520,433,953,232,5,158,348.59,0.9925,0.5549,0.197358,44,3,26,350.57,0.7998,0.0980,0.006753,4.359
300151,520,377,897,241,37,187,342.32,0.9564,0.5974,0.236148,70,7,34,0.90,0.8139,0.1596,0.015698,4.356
300153,520,316,836,241,76,244,327.19,0.9609,0.6599,0.304038,22,60,26,145.63,0.8717,0.2186,0.034768,4.177
300168,520,469,989,206,68,72,22.76,0.8037,0.5161,0.177261,1,5,20,261.18,0.8053,0.0398,0.001655,4.400
300173,520,388,908,224,15,244,323.67,0.9932,0.5949,0.227228,39,28,49,307.66,0.3723,0.1465,0.014836,4.276
300203,520,419,939,213,48,198,332.31,0.8992,0.5602,0.203393,34,18,28,342.16,0.3530,0.1069,0.008566,4.327
300212,520,345,865,189,107,248,308.69,0.9144,0.6273,0.281123,11,38,100,263.29,0.8950,0.1915,0.023773,4.488
300237,520,441,961,174,93,170,329.02,0.5923,0.5361,0.197307,23,9,50,293.54,0.7602,0.0912,0.006078,4.410
300245,520,466,986,215,66,3,37.40,0.9939,0.5240,0.183526,13,7,4,55.43,0.3161,0.0496,0.002463,4.451
300255,520,348,868,227,95,184,342.21,0.7790,0.6271,0.279783,74,28,23,28.42,0.6388,0.1926,0.023484,4.488
300264,520,420,940,231,57,94,14.12,0.8823,0.5569,0.207262,13,27,33,227.13,0.3739,0.1103,0.009792,4.303
300271,520,431,951,195,70,194,328.12,0.7937,0.5488,0.198790,41,8,24,353.62,0.6599,0.0991,0.007111,4.356
300276,520,372,892,248,41,191,342.80,0.9603,0.6145,0.253071,2,25,111,264.22,0.9655,0.1739,0.018557,4.421
300288,520,464,984,193,30,206,324.64,0.9381,0.5194,0.167238,1,9,11,208.97,0.7146,0.0454,0.002260,4.157
300295,520,388,908,218,76,191,336.19,0.8180,0.5916,0.238380,63,14,22,15.04,0.7285,0.1488,0.014289,4.486
300298,520,435,955,188,40,249,312.66,0.9709,0.5510,0.190497,12,24,12,144.34,0.4986,0.0933,0.007580,4.177
300306,520,432,952,224,32,166,344.69,0.9313,0.5521,0.196361,31,18,27,338.55,0.3089,0.1023,0.008031,4.245
300328,520,302,822,255,103,156,1.42,1.0000,0.6726,0.333640,25,62,40,155.27,0.6903,0.2302,0.038050,4.357
300333,520,456,976,208,54,153,346.05,0.8149,0.5316,0.183502,4,7,40,270.29,0.8801,0.0620,0.003310,4.380
300368,520,463,983,229,16,87,12.33,0.9784,0.5259,0.177197,25,0,2,19.24,1.0000,0.0490,0.002111,4.360
300373,520,419,939,178,83,220,313.94,0.8005,0.5572,0.208197,50,6,12,17.71,0.8130,0.1096,0.008350,4.425
300383,520,386,906,225,72,166,346.79,0.8137,0.5865,0.233979,20,34,64,263.83,0.5636,0.1537,0.016629,4.262
300393,520,423,943,201,15,248,316.96,0.9911,0.5598,0.195380,1,31,3,144.31,0.9923,0.1068,0.009930,4.094
300396,520,412,932,231,62,112,8.06,0.8541,0.5666,0.216069,46,4,54,320.62,0.8377,0.1207,0.009341,4.484
300459,520,403,923,239,8,180,343.53,0.9923,0.5801,0.218227,58,12,5,32.31,0.8679,0.1325,0.011736,4.345
300461,520,465,985,183,89,116,3.51,0.5596,0.5192,0.184744,6,5,34,277.64,0.8146,0.0544,0.002627,4.460
300470,520,444,964,208,7,204,329.39,0.9900,0.5366,0.179235,25,2,43,305.96,0.8854,0.0759,0.004245,4.226
300475,520,385,905,204,77,221,322.78,0.8544,0.5884,0.233671,27,11,99,278.23,0.9491,0.1520,0.013731,4.451
300483,520,414,934,241,21,135,358.22,0.9727,0.5671,0.209896,57,5,3,29.16,0.9360,0.1212,0.009851,4.342
300491,520,476,996,181,65,178,328.83,0.7586,0.5103,0.168200,5,1,2,359.77,0.5178,0.0235,0.000584,4.314
300492,520,397,917,225,68,171,344.70,0.8313,0.5845,0.230845,19,37,3,132.84,0.9443,0.1366,0.014681,4.342
300504,520,441,961,203,81,111,7.92,0.6838,0.5384,0.197310,40,7,4,30.42,0.8117,0.0899,0.006119,4.407
300515,520,449,969,175,55,241,309.84,0.9280,0.5364,0.181981,0,4,55,264.14,0.9840,0.0684,0.003626,4.326
300523,520,341,861,227,73,242,324.08,0.9455,0.6336,0.275089,79,28,1,44.61,0.9649,0.1991,0.024952,4.337
300532,520,333,853,255,9,228,334.44,1.0000,0.6373,0.270601,92,3,24,16.95,0.9637,0.2023,0.024068,4.328
300548,520,410,930,245,23,130,0.69,0.9731,0.5740,0.216403,38,9,73,297.80,0.8520,0.1319,0.010885,4.376
300561,520,298,818,248,86,223,334.55,0.9611,0.6693,0.319426,40,48,94,273.63,0.5484,0.2279,0.033731,4.412
300562,520,471,991,224,0,109,3.40,1.0000,0.5179,0.169542,16,0,5,356.50,1.0000,0.0360,0.001211,4.287
300567,520,463,983,198,67,152,344.52,0.7445,0.5271,0.182889,9,6,19,294.21,0.4659,0.0493,0.002353,4.448
300581,520,407,927,187,74,240,312.73,0.9068,0.5730,0.217547,20,14,84,275.88,0.9186,0.1315,0.011028,4.384
300587,520,369,889,246,51,184,344.69,0.9379,0.6137,0.254243,76,8,32,6.29,0.8295,0.1728,0.018147,4.465
300605,520,335,855,254,96,47,36.99,0.9924,0.6384,0.296453,56,41,57,324.34,0.2705,0.2036,0.027221,4.487
300609,520,416,936,237,21,168,346.80,0.9731,0.5734,0.213710,20,29,21,147.82,0.2762,0.1164,0.010816,4.336
300625,520,473,993,179,65,192,323.48,0.7851,0.5160,0.171713,6,0,19,299.15,1.0000,0.0308,0.000857,4.359
300640,520,449,969,240,9,51,23.16,0.9945,0.5410,0.189630,30,0,28,331.03,1.0000,0.0687,0.003599,4.471
300659,520,465,985,231,24,19,28.93,0.9846,0.5236,0.176923,0,0,42,264.05,1.0000,0.0451,0.001671,4.392
300662,520,406,926,222,21,231,326.13,0.9855,0.5837,0.218377,59,6,17,14.66,0.8383,0.1296,0.011007,4.399
300665,520,443,963,236,16,100,8.97,0.9802,0.5439,0.191267,0,16,38,252.61,0.9999,0.0761,0.005105,4.378
300683,520,432,952,223,10,178,340.45,0.9844,0.5488,0.191219,40,0,53,316.08,1.0000,0.1043,0.007082,4.226
300692,520,325,845,250,58,236,331.45,0.9799,0.6544,0.294092,38,54,27,133.59,0.5311,0.2099,0.031295,4.233
300708,520,422,942,243,24,104,9.03,0.9725,0.5622,0.207108,27,18,53,291.79,0.6157,0.1137,0.009227,4.341
300724,520,315,835,236,128,75,45.46,0.8126,0.6634,0.337818,26,61,28,144.87,0.8132,0.2244,0.036408,4.488
300725,520,461,981,193,58,191,328.57,0.8240,0.5305,0.181267,12,7,2,77.50,0.5168,0.0480,0.002345,4.418
300736,520,397,917,253,45,18,30.85,0.9923,0.5814,0.228068,36,33,16,99.49,0.4194,0.1426,0.015002,4.278
300737,520,400,920,190,90,211,320.39,0.7619,0.5783,0.229638,34,21,65,293.05,0.6593,0.1373,0.012581,4.468
300742,520,299,819,254,62,243,330.68,0.9962,0.6684,0.309902,74,41,52,358.91,0.3804,0.2275,0.032898,4.341
300745,520,480,1000,221,15,92,9.41,0.9733,0.5101,0.164892,0,0,0,0.00,0.0000,0.0000,0.000000,4.298
300746,520,443,963,214,58,127,358.26,0.8079,0.5354,0.188569,32,8,21,348.89,0.5727,0.0827,0.005349,4.310
300754,520,373,893,240,84,74,27.38,0.9047,0.6002,0.253634,43,29,63,301.23,0.5063,0.1628,0.017512,4.497
300767,520,340,860,243,38,255,325.56,1.0000,0.6430,0.276636,22,44,89,262.76,0.6920,0.2012,0.026931,4.246
300771,520,408,928,207,89,137,357.16,0.6632,0.5660,0.222182,9,34,23,162.13,0.6956,0.1253,0.012639,4.345
300793,520,449,969,206,32,197,330.71,0.9332,0.5370,0.181880,22,11,16,350.80,0.3018,0.0719,0.004473,4.257
300804,520,408,928,229,78,45,33.84,0.9100,0.5683,0.222991,11,30,49,250.36,0.5827,0.1269,0.012214,4.388
300822,520,448,968,240,6,29,26.95,0.9970,0.5382,0.187476,30,12,7,37.27,0.5077,0.0822,0.005543,4.276
300829,520,428,948,251,5,12,28.70,0.9982,0.5608,0.206481,22,9,65,284.55,0.8647,0.1048,0.007476,4.462
300847,520,444,964,195,5,233,318.78,0.9955,0.5354,0.175953,23,17,11,66.62,0.2502,0.0846,0.006072,4.030
300857,520,446,966,239,2,92,11.56,0.9979,0.5449,0.191701,27,13,18,356.97,0.3366,0.0831,0.005646,4.344
300869,520,407,927,204,46,233,320.63,0.9428,0.5675,0.206762,8,36,5,141.34,0.9570,0.1274,0.013243,4.060
300890,520,353,873,253,34,198,341.80,0.9874,0.6239,0.261073,1,37,92,259.07,0.9821,0.1776,0.021022,4.380
300897,520,460,980,207,3,197,331.02,0.9949,0.5292,0.173637,13,9,18,304.52,0.3042,0.0589,0.003246,4.200
300898,520,419,939,189,51,253,311.69,0.9883,0.5637,0.202794,20,27,22,153.98,0.1942,0.1109,0.009905,4.220
300914,520,248,768,123,179,250,254.86,0.8830,0.7169,0.433519,16,80,19,143.54,0.9759,0.2837,0.058943,4.438
300915,520,362,882,245,61,152,355.53,0.9116,0.6056,0.250201,66,25,46,350.52,0.5583,0.1803,0.020509,4.258
300928,520,438,958,231,27,129,358.57,0.9482,0.5471,0.193607,30,16,17,14.84,0.3051,0.0929,0.006871,4.283
300944,520,453,973,198,72,152,344.93,0.7235,0.5334,0.189093,27,8,3,40.99,0.6595,0.0694,0.004133,4.417
300945,520,469,989,201,36,177,335.31,0.8896,0.5177,0.168555,1,1,33,267.94,0.9855,0.0394,0.001380,4.254
300957,520,313,833,255,27,250,329.40,1.0000,0.6556,0.289491,18,55,73,232.99,0.6537,0.2191,0.033419,4.070
300961,520,438,958,242,10,89,13.11,0.9911,0.5522,0.198190,7,2,74,270.13,0.9921,0.0938,0.005830,4.445
300969,520,474,994,220,24,124,358.00,0.9402,0.5218,0.173268,10,1,7,337.87,0.6952,0.0321,0.001016,4.376
300995,520,380,900,240,33,191,340.87,0.9639,0.5957,0.233775,7,45,29,161.16,0.8856,0.1625,0.020106,4.048
300996,520,453,973,150,80,236,300.21,0.8651,0.5281,0.182778,1,17,9,163.08,0.9241,0.0650,0.004271,4.289
301021,520,380,900,183,103,226,312.33,0.7758,0.5985,0.252596,10,45,6,141.45,0.9676,0.1589,0.019544,4.351
301035,520,469,989,227,36,7,31.07,0.9924,0.5210,0.176109,4,4,12,282.31,0.4238,0.0362,0.001392,4.400
301044,520,360,880,233,60,225,330.11,0.9392,0.6206,0.259941,35,46,31,137.48,0.3207,0.1835,0.024102,4.183
301052,520,352,872,239,17,243,327.42,0.9940,0.6204,0.252253,59,12,93,305.43,0.8597,0.1854,0.019831,4.328
301071,520,441,961,204,54,187,333.14,0.8477,0.5429,0.190654,32,13,22,351.18,0.4318,0.0917,0.006529,4.257
301072,520,408,928,239,54,91,15.61,0.9131,0.5692,0.217476,1,34,40,212.05,0.9429,0.1286,0.013036,4.243
301087,520,384,904,249,60,71,23.39,0.9647,0.5904,0.238299,56,22,30,6.96,0.5169,0.1507,0.015084,4.430
301089,520,382,902,222,54,235,324.83,0.9470,0.6041,0.241682,34,34,60,282.63,0.4008,0.1624,0.018104,4.283
301093,520,445,965,219,68,48,30.78,0.8938,0.5371,0.194103,24,9,35,308.56,0.6189,0.0806,0.005109,4.429
301095,520,294,814,243,88,247,326.79,0.9692,0.6775,0.327520,21,66,30,147.51,0.8991,0.2392,0.041494,4.126
301114,520,443,963,224,33,140,353.52,0.9189,0.5406,0.188311,21,13,29,306.25,0.4179,0.0807,0.005360,4.305
301126,520,476,996,147,87,198,306.75,0.6847,0.5062,0.170971,0,0,14,264.05,1.0000,0.0188,0.000317,4.392
301134,520,370,890,225,37,251,322.15,0.9847,0.6098,0.242979,51,8,92,300.11,0.9039,0.1689,0.016502,4.406
301140,520,391,911,221,61,199,334.24,0.8810,0.5855,0.228354,45,31,3,81.72,0.8469,0.1469,0.015445,4.253
301141,520,262,782,242,115,241,327.75,0.9369,0.7072,0.374918,7,69,79,211.85,0.8947,0.2629,0.048657,4.307
301161,520,420,940,236,56,64,24.12,0.9256,0.5599,0.210345,27,22,38,298.05,0.3331,0.1120,0.009468,4.378
301171,520,313,833,254,89,174,352.18,0.9853,0.6595,0.312748,63,49,35,66.38,0.2954,0.2249,0.033748,4.331
301177,520,13,533,242,251,248,174.28,0.4829,0.9773,0.946486,8,134,45,146.39,0.9951,0.4677,0.172905,4.470
301193,520,392,912,241,38,171,347.16,0.9468,0.5899,0.230303,57,24,11,41.40,0.6626,0.1515,0.015474,4.281
301208,520,434,954,218,16,186,336.92,0.9740,0.5455,0.188235,45,7,11,18.48,0.7598,0.1009,0.007341,4.155
301222,520,398,918,235,51,156,351.32,0.8964,0.5804,0.224330,17,7,100,272.14,0.9815,0.1415,0.011911,4.431
301234,520,468,988,205,27,173,337.57,0.9232,0.5177,0.167822,5,6,2,118.00,0.4246,0.0387,0.001669,4.216
301240,520,208,728,228,168,192,353.21,0.5269,0.7610,0.483064,3,90,1,142.34,0.9989,0.3143,0.073336,4.322
301245,520,398,918,231,72,130,2.39,0.8178,0.5829,0.232381,43,20,62,306.78,0.6456,0.1445,0.013617,4.439
301278,520,460,980,197,62,164,339.15,0.7750,0.5257,0.179976,29,2,5,15.94,0.8234,0.0613,0.003156,4.326
301285,520,311,831,244,72,247,327.26,0.9726,0.6628,0.305858,32,59,10,134.19,0.9262,0.2188,0.034568,4.208
301293,520,478,998,195,78,50,34.75,0.8002,0.5062,0.172830,1,0,9,282.67,1.0000,0.0172,0.000262,4.433
301300,520,331,851,253,19,231,333.31,0.9938,0.6376,0.271211,33,48,53,220.45,0.2387,0.1962,0.026942,4.175
301308,520,419,939,226,39,166,345.36,0.9149,0.5598,0.203756,49,4,22,1.20,0.8023,0.1077,0.007978,4.377
301317,520,472,992,227,35,10,30.74,0.9894,0.5204,0.175578,3,0,28,278.14,1.0000,0.0344,0.001032,4.420
301322,520,299,819,233,92,244,324.77,0.9495,0.6651,0.315117,51,45,89,287.67,0.4985,0.2272,0.033018,4.398
301325,520,441,961,205,90,46,40.20,0.8212,0.5425,0.204908,34,15,8,41.10,0.5158,0.0944,0.006993,4.473
301338,520,400,920,221,36,219,328.74,0.9593,0.5800,0.217506,9,35,55,245.09,0.6753,0.1442,0.015359,4.093
301351,520,464,984,141,68,255,294.94,1.0000,0.5180,0.170171,6,7,27,276.67,0.6308,0.0536,0.002698,4.178
301360,520,390,910,212,72,205,329.93,0.8442,0.5852,0.230415,57,12,54,330.71,0.7313,0.1495,0.013993,4.382
301375,520,474,994,227,15,90,11.00,0.9780,0.5222,0.174136,7,0,12,315.36,1.0000,0.0278,0.000717,4.419
301380,520,352,872,249,90,48,35.43,0.9609,0.6213,0.276688,47,46,24,106.16,0.4240,0.1940,0.026243,4.285
301382,520,385,905,249,43,113,8.19,0.9541,0.5865,0.230632,34,16,84,287.13,0.8377,0.1475,0.013507,4.419
301398,520,399,919,255,0,83,16.01,1.0000,0.5762,0.218884,27,0,101,278.99,1.0000,0.1432,0.011725,4.356
301400,520,429,949,233,33,110,5.99,0.9400,0.5477,0.195402,32,2,58,302.71,0.9315,0.0995,0.006560,4.339
301434,520,353,873,228,85,195,337.95,0.8296,0.6209,0.269334,39,40,46,278.14,0.0985,0.1755,0.021462,4.469
301442,520,469,989,168,61,227,310.36,0.8754,0.5207,0.172092,0,7,5,177.80,1.0000,0.0372,0.001629,4.302
301443,520,471,991,151,80,228,302.22,0.8289,0.5228,0.179184,10,3,18,306.59,0.6359,0.0426,0.001733,4.430
301444,520,362,882,250,61,135,2.47,0.9491,0.6088,0.254141,57,37,11,70.37,0.6732,0.1808,0.022173,4.214
301470,520,418,938,247,15,73,18.46,0.9900,0.5606,0.206004,11,3,92,270.18,0.9924,0.1222,0.009089,4.333
301476,520,354,874,237,84,151,356.79,0.8252,0.6153,0.265823,57,32,40,359.39,0.3499,0.1765,0.020562,4.476
301477,520,426,946,244,9,104,8.60,0.9915,0.5600,0.204314,11,21,55,267.81,0.7198,0.1083,0.008833,4.323
301478,520,467,987,219,29,116,1.01,0.9241,0.5192,0.172023,0,7,4,169.40,1.0000,0.0368,0.001607,4.302
301483,520,407,927,222,36,196,335.17,0.9407,0.5672,0.207792,6,24,78,264.76,0.9095,0.1347,0.012420,4.130
301491,520,414,934,225,27,203,333.94,0.9669,0.5726,0.211057,9,31,21,161.85,0.6439,0.1152,0.010922,4.285
301492,520,385,905,242,54,144,357.18,0.9035,0.5911,0.235323,35,24,75,288.27,0.6900,0.1530,0.015186,4.377
301493,520,357,877,215,93,209,329.50,0.8017,0.6185,0.268810,52,39,29,59.03,0.2724,0.1823,0.022699,4.385
301513,520,9,529,255,255,214,107.33,1.0000,0.9880,0.976353,9,137,3,142.31,0.9986,0.4747,0.179552,4.471
301535,520,473,993,222,43,52,24.79,0.9396,0.5189,0.175080,14,0,8,342.43,1.0000,0.0345,0.001109,4.404
301561,520,468,988,155,87,204,308.69,0.7109,0.5208,0.181451,0,3,29,263.21,1.0005,0.0400,0.001538,4.491
301565,520,430,950,233,46,72,20.12,0.9328,0.5469,0.197486,14,1,74,275.79,0.9933,0.0970,0.006094,4.412
301570,520,433,953,223,69,62,27.05,0.8742,0.5478,0.202947,35,8,47,313.51,0.7417,0.1029,0.007363,4.410
301578,520,311,831,248,57,245,328.83,0.9761,0.6559,0.294781,4,33,132,264.31,0.9618,0.2155,0.027792,4.432
301602,520,445,965,205,65,153,345.97,0.7700,0.5375,0.190616,20,7,45,293.64,0.7693,0.0802,0.004901,4.383
301639,520,435,955,197,25,239,317.74,0.9775,0.5492,0.187991,4,9,64,267.66,0.9581,0.0902,0.005913,4.256
301642,520,343,863,243,6,251,326.59,0.9984,0.6307,0.261527,80,3,61,341.43,0.8880,0.1905,0.021078,4.383
301649,520,448,968,239,10,0,29.59,1.0000,0.5356,0.185712,2,7,59,266.23,0.9676,0.0799,0.004806,4.301
301660,520,394,914,191,86,237,313.92,0.8776,0.5915,0.238475,28,34,13,122.36,0.5335,0.1363,0.014200,4.493
301664,520,357,877,237,60,215,333.78,0.9338,0.6213,0.261452,38,35,78,283.55,0.5610,0.1820,0.021642,4.347
301681,520,477,997,204,6,173,337.17,0.9838,0.5089,0.159868,9,0,1,12.98,1.0000,0.0247,0.000603,4.147
301682,520,459,979,226,51,55,25.38,0.9267,0.5341,0.188151,12,11,10,67.55,0.0471,0.0592,0.003394,4.460
301692,520,366,886,213,87,217,326.45,0.8363,0.6121,0.259740,25,41,56,247.66,0.3775,0.1712,0.020780,4.376
301711,520,23,543,246,248,228,111.52,0.6623,0.9677,0.923291,11,131,64,151.16,0.9891,0.4612,0.166732,4.491
301720,520,382,902,227,30,241,324.97,0.9823,0.6027,0.236126,27,1,113,276.24,0.9971,0.1609,0.014469,4.438
301723,520,305,825,212,136,172,350.13,0.5173,0.6690,0.345854,35,62,23,137.05,0.7797,0.2324,0.038643,4.466
301725,520,369,889,255,39,150,356.70,1.0000,0.6083,0.249166,26,20,105,275.10,0.9235,0.1702,0.017398,4.439
301753,520,460,980,228,48,34,29.54,0.9519,0.5333,0.187263,2,1,55,267.34,0.9948,0.0642,0.003104,4.468
301763,520,415,935,238,56,71,22.21,0.9233,0.5650,0.214636,57,2,9,20.07,0.9501,0.1184,0.009332,4.460
301774,520,477,997,200,29,179,334.36,0.9156,0.5131,0.164146,3,0,1,353.79,1.0000,0.0152,0.000216,4.265
301786,520,378,898,254,34,149,356.61,0.9912,0.6034,0.243884,21,34,72,267.11,0.6338,0.1606,0.017713,4.340
301787,520,380,900,228,69,186,340.37,0.8569,0.5982,0.242979,23,32,70,270.64,0.6129,0.1553,0.016573,4.401
301799,520,447,967,231,0,127,358.48,1.0000,0.5387,0.185242,38,4,5,23.24,0.8364,0.0814,0.005099,4.269
301800,520,342,862,251,45,203,340.17,0.9758,0.6286,0.267010,54,23,87,302.08,0.7420,0.1859,0.020852,4.474
301815,520,331,851,248,9,248,328.35,0.9978,0.6378,0.269321,28,50,52,203.13,0.3498,0.1981,0.027759,4.107
301851,520,99,619,254,202,252,327.51,0.9921,0.8832,0.703414,47,111,6,137.43,0.9922,0.3989,0.119860,4.436
301872,520,435,955,221,62,111,6.86,0.8211,0.5473,0.199676,7,14,58,269.16,0.8861,0.0941,0.006647,4.408
301878,520,358,878,245,44,211,336.63,0.9635,0.6217,0.259200,0,42,78,249.92,1.0000,0.1779,0.022059,4.291
301889,520,290,810,255,99,182,350.51,1.0000,0.6769,0.335642,24,64,59,184.31,0.6082,0.2429,0.041766,4.202
301891,520,428,948,235,8,150,351.82,0.9888,0.5578,0.200408,40,8,34,335.87,0.6786,0.1022,0.007403,4.362
301897,520,373,893,235,78,131,3.68,0.8236,0.5974,0.247525,29,42,18,132.09,0.5688,0.1627,0.019608,4.274
301899,520,367,887,236,74,165,350.01,0.8467,0.6075,0.254498,21,27,98,271.42,0.8859,0.1704,0.018250,4.461
301914,520,408,928,237,16,169,346.42,0.9810,0.5724,0.212427,16,4,96,272.39,0.9884,0.1320,0.010414,4.344
301917,520,409,929,209,38,226,323.84,0.9531,0.5655,0.204344,45,13,50,322.04,0.6816,0.1275,0.010761,4.186
301924,520,441,961,155,92,216,304.88,0.7427,0.5376,0.195811,33,8,39,319.42,0.6881,0.0941,0.006435,4.356
301947,520,417,937,243,19,138,357.55,0.9776,0.5716,0.213587,11,33,19,153.86,0.6690,0.1219,0.012058,4.247
301962,520,436,956,154,82,248,299.14,0.9346,0.5459,0.196822,33,2,49,311.08,0.8964,0.0926,0.005885,4.417
301964,520,443,963,238,27,7,30.08,0.9941,0.5394,0.189796,3,23,6,147.49,0.9325,0.0831,0.006453,4.248
301970,520,473,993,221,0,122,358.22,1.0000,0.5163,0.167800,4,1,21,286.30,0.8849,0.0328,0.001017,4.269
301974,520,406,926,217,81,165,345.80,0.7570,0.5831,0.233553,18,32,39,230.75,0.3339,0.1310,0.013081,4.495
301978,520,445,965,234,18,88,12.74,0.9783,0.5373,0.186327,13,1,62,278.61,0.9879,0.0811,0.004551,4.332
301982,520,233,753,251,143,186,355.50,0.8902,0.7404,0.437018,2,83,2,142.54,0.9980,0.2897,0.062035,4.347
301993,520,5,525,255,249,255,325.65,1.0000,0.9865,0.962315,39,134,46,144.16,0.9603,0.4739,0.176781,4.464
302048,520,381,901,214,91,180,339.63,0.7338,0.5989,0.250755,1,47,5,144.16,0.9964,0.1623,0.020504,4.266
302056,520,480,1000,155,62,229,305.33,0.8738,0.5052,0.160715,0,0,0,0.00,0.0000,0.0000,0.000000,4.214
302057,520,467,987,195,0,220,321.89,1.0000,0.5239,0.167710,0,8,1,147.32,1.0000,0.0384,0.001758,4.206
302080,520,474,994,150,71,246,299.30,0.9346,0.5244,0.176446,7,2,1,40.63,0.5318,0.0290,0.000908,4.448
302093,520,326,846,241,82,214,335.32,0.9195,0.6487,0.295930,31,30,125,273.54,0.9114,0.2138,0.027004,4.492
302098,520,434,954,222,70,93,15.99,0.8166,0.5532,0.207028,12,18,47,271.27,0.6445,0.0955,0.007160,4.497
302107,520,419,939,247,25,53,23.84,0.9843,0.5609,0.207300,23,22,45,283.95,0.4492,0.1123,0.009454,4.328
302109,520,442,962,220,4,183,338.23,0.9935,0.5448,0.187238,6,14,41,267.05,0.7278,0.0781,0.005129,4.303
302119,520,453,973,226,30,92,11.06,0.9442,0.5267,0.178728,17,15,11,84.56,0.1467,0.0733,0.004850,4.170
302121,520,334,854,242,67,218,334.24,0.9355,0.6375,0.279563,10,42,100,261.18,0.8882,0.2009,0.026404,4.313
302148,520,415,935,244,53,25,31.36,0.9759,0.5694,0.218529,23,12,78,280.23,0.8953,0.1242,0.009951,4.479
302161,520,374,894,248,53,132,2.41,0.9384,0.5974,0.241720,23,41,37,178.66,0.3420,0.1605,0.019016,4.227
302168,520,430,950,235,44,57,24.17,0.9499,0.5471,0.197621,48,3,21,1.27,0.8256,0.1039,0.007478,4.308
302171,520,448,968,230,22,116,2.72,0.9607,0.5385,0.186607,17,0,63,282.89,1.0000,0.0842,0.004780,4.319
302173,520,343,863,251,41,216,336.65,0.9798,0.6336,0.270561,70,25,52,345.97,0.5932,0.1903,0.022455,4.424
302182,520,479,999,121,95,217,289.32,0.7449,0.5051,0.172590,3,0,0,29.23,1.0000,0.0143,0.000194,4.435
302191,520,380,900,239,72,128,4.61,0.8590,0.5968,0.245470,3,31,87,261.56,0.9534,0.1587,0.016873,4.418
302192,520,437,957,242,17,85,14.60,0.9846,0.5531,0.199374,45,4,2,29.99,0.9283,0.0944,0.006492,4.414
302231,520,433,953,234,14,121,1.42,0.9795,0.5458,0.191900,45,6,18,6.04,0.7442,0.1014,0.007319,4.220
302235,520,429,949,244,20,67,20.04,0.9854,0.5548,0.201421,15,25,2,128.23,0.8960,0.0962,0.008012,4.334
302244,520,371,891,244,69,158,353.88,0.8981,0.6137,0.259610,45,34,56,306.71,0.3485,0.1722,0.019875,4.431
302252,520,362,882,253,34,173,348.98,0.9844,0.6116,0.250473,62,9,88,310.71,0.8678,0.1827,0.019242,4.339
302257,520,442,962,218,72,22,36.99,0.9544,0.5380,0.196006,33,3,34,326.74,0.7884,0.0828,0.005040,4.470
302263,520,401,921,223,61,180,340.77,0.8575,0.5785,0.223231,21,3,103,274.31,0.9910,0.1441,0.012037,4.404
302272,520,425,945,219,33,196,334.40,0.9441,0.5602,0.201356,25,18,52,289.26,0.6103,0.1107,0.008872,4.270
302290,520,431,951,192,37,244,314.97,0.9629,0.5512,0.190626,19,13,60,281.43,0.7983,0.1029,0.007525,4.183
302296,520,464,984,221,56,8,34.29,0.9881,0.5250,0.182207,9,5,27,288.66,0.6722,0.0518,0.002457,4.427
302301,520,392,912,188,100,210,319.30,0.7188,0.5903,0.244599,56,26,11,45.85,0.6440,0.1538,0.016038,4.461
302303,520,444,964,179,63,230,313.18,0.8831,0.5413,0.188529,6,6,56,271.38,0.9488,0.0776,0.004545,4.373
302313,520,476,996,163,22,253,304.98,0.9909,0.5080,0.154528,0,0,13,264.05,1.0000,0.0181,0.000291,4.067
302324,520,425,945,217,88,8,43.78,0.9799,0.5581,0.217511,25,27,19,119.09,0.2042,0.1147,0.010376,4.431
302347,520,471,991,219,22,122,358.43,0.9451,0.5182,0.170416,6,5,13,290.30,0.3659,0.0413,0.001763,4.258
302354,520,404,924,197,57,250,314.40,0.9720,0.5782,0.217000,1,38,8,146.83,0.9930,0.1314,0.014101,4.165
302377,520,370,890,243,30,202,338.46,0.9752,0.6060,0.242505,33,31,79,280.94,0.6397,0.1690,0.018678,4.259
302380,520,438,958,247,2,30,26.83,0.9991,0.5525,0.199149,32,6,35,323.52,0.7084,0.0868,0.005587,4.482
302382,520,471,991,180,63,200,321.46,0.8109,0.5207,0.174296,6,6,14,283.34,0.3378,0.0442,0.002007,4.313
302389,520,413,933,195,91,177,334.44,0.6719,0.5678,0.222601,23,28,27,182.20,0.0996,0.1182,0.010918,4.475
302412,520,362,882,238,44,218,333.16,0.9612,0.6135,0.250432,63,9,83,314.32,0.8505,0.1798,0.018768,4.369
302420,520,447,967,196,28,228,319.96,0.9657,0.5401,0.181692,0,1,71,264.13,0.9978,0.0835,0.004766,4.231
302443,520,472,992,190,72,146,345.12,0.6965,0.5169,0.176588,2,1,24,274.94,0.9509,0.0328,0.001006,4.442
302454,520,348,868,247,29,237,330.57,0.9882,0.6340,0.267702,67,33,35,17.04,0.4414,0.1930,0.024025,4.292
302513,520,366,886,228,13,254,322.46,0.9964,0.6086,0.239398,28,45,15,133.40,0.7144,0.1708,0.021581,4.043
302521,520,284,804,222,129,219,328.22,0.7610,0.6902,0.363462,47,64,40,136.84,0.4114,0.2518,0.044243,4.387
302534,520,361,881,237,8,247,326.10,0.9974,0.6179,0.248962,67,11,76,321.61,0.8072,0.1826,0.019546,4.299
302535,520,318,838,244,93,194,342.98,0.9014,0.6565,0.309596,12,62,15,143.85,0.9698,0.2197,0.035578,4.202
302549,520,401,921,215,64,204,331.11,0.8697,0.5812,0.224755,16,23,76,271.08,0.8377,0.1356,0.012447,4.400
302562,520,441,961,160,84,227,305.38,0.8156,0.5395,0.193608,7,25,8,145.02,0.8157,0.0922,0.007579,4.231
302564,520,456,976,174,30,255,307.65,1.0000,0.5296,0.171481,10,7,36,282.38,0.7282,0.0634,0.003439,4.145
302573,520,461,981,205,47,180,335.58,0.8618,0.5345,0.183094,14,5,15,323.70,0.4568,0.0500,0.002364,4.451
302574,520,453,973,124,88,252,287.16,0.9702,0.5254,0.182925,29,5,18,348.90,0.6398,0.0714,0.004135,4.303
302586,520,353,873,194,99,252,310.35,0.9662,0.6244,0.274223,19,40,83,262.73,0.7063,0.1841,0.022805,4.453
302614,520,420,940,251,11,11,28.95,0.9961,0.5620,0.207765,37,11,49,313.35,0.7025,0.1116,0.008544,4.403
302617,520,453,973,187,80,164,336.62,0.6767,0.5321,0.189839,31,3,1,32.32,0.9176,0.0656,0.003587,4.476
302624,520,401,921,231,11,212,333.00,0.9919,0.5843,0.219843,26,29,62,276.94,0.5377,0.1440,0.014461,4.186
302625,520,299,819,250,75,231,332.75,0.9767,0.6657,0.311286,54,54,43,107.38,0.1654,0.2299,0.035970,4.202
302636,520,434,954,199,82,151,346.74,0.6802,0.5482,0.204128,42,8,29,346.03,0.6739,0.1031,0.007547,4.416
302650,520,398,918,225,49,189,338.13,0.9062,0.5769,0.218807,25,37,6,127.79,0.8227,0.1417,0.015429,4.108
302655,520,457,977,173,81,189,321.50,0.7057,0.5264,0.184442,15,4,31,299.52,0.7453,0.0582,0.002873,4.434
302674,520,451,971,194,34,233,318.11,0.9586,0.5438,0.184980,3,11,46,265.89,0.8946,0.0742,0.004559,4.307
302688,520,478,998,174,74,180,325.37,0.7150,0.5122,0.171926,0,3,3,194.77,1.0000,0.0242,0.000717,4.376
302696,520,310,830,235,97,211,334.94,0.8725,0.6557,0.309171,13,58,51,180.51,0.7863,0.2157,0.033506,4.301
302713,520,468,988,227,30,53,23.25,0.9670,0.5211,0.175194,4,4,25,277.00,0.7559,0.0435,0.001828,4.345
302760,520,419,939,196,27,255,313.95,1.0000,0.5617,0.197410,31,14,55,298.88,0.6982,0.1128,0.008812,4.207
302766,520,467,987,215,41,111,3.08,0.8754,0.5169,0.171831,0,5,17,252.37,0.9999,0.0370,0.001490,4.308
302782,520,449,969,222,31,157,347.14,0.9263,0.5434,0.189464,14,14,0,109.77,1.0000,0.0651,0.004074,4.428
302812,520,410,930,219,9,221,327.85,0.9928,0.5684,0.204781,16,28,53,263.52,0.5438,0.1271,0.011977,4.111
302813,520,427,947,243,33,93,13.17,0.9606,0.5634,0.209361,7,24,38,245.40,0.5839,0.1012,0.008383,4.442
302816,520,432,952,193,4,251,314.28,0.9976,0.5471,0.183907,38,6,41,324.28,0.7483,0.1003,0.007025,4.102
302825,520,436,956,226,44,130,358.25,0.8880,0.5475,0.195845,2,15,60,263.99,0.9444,0.0949,0.006808,4.328
302836,520,474,994,229,19,8,29.51,0.9924,0.5169,0.171443,10,0,0,29.23,1.0000,0.0255,0.000645,4.372
302839,520,413,933,239,24,146,354.29,0.9658,0.5685,0.210824,52,10,5,31.14,0.8493,0.1177,0.009582,4.378
302840,520,388,908,220,80,172,343.78,0.7794,0.5902,0.239337,30,31,53,280.95,0.3724,0.1463,0.015130,4.442
302841,520,424,944,202,89,131,359.11,0.6409,0.5555,0.213418,6,14,75,267.67,0.9492,0.1122,0.008607,4.495
302842,520,359,879,227,98,154,355.52,0.7334,0.6187,0.274017,5,43,75,249.03,0.8393,0.1802,0.022679,4.458
302843,520,424,944,250,6,16,28.45,0.9978,0.5590,0.204954,15,12,68,275.63,0.8949,0.1064,0.007818,4.410
302846,520,415,935,251,22,58,22.77,0.9876,0.5689,0.213922,20,26,52,271.98,0.5035,0.1242,0.011354,4.302
302852,520,456,976,224,46,80,16.73,0.9080,0.5303,0.183832,1,3,45,266.17,0.9781,0.0561,0.002610,4.445
302860,520,444,964,177,80,210,316.55,0.7763,0.5446,0.197385,5,21,10,153.26,0.7080,0.0795,0.005905,4.425
302877,520,440,960,226,65,60,26.73,0.8929,0.5487,0.202784,5,15,55,266.60,0.8829,0.0918,0.006497,4.474
302887,520,466,986,165,92,168,325.72,0.5728,0.5204,0.184816,25,1,12,352.32,0.8123,0.0547,0.002550,4.468
302890,520,374,894,240,50,170,347.70,0.9185,0.5952,0.237117,6,42,47,208.45,0.7877,0.1596,0.018998,4.161
302897,520,335,855,232,67,246,324.55,0.9646,0.6385,0.278262,14,57,23,147.31,0.9319,0.2043,0.030814,4.062
302925,520,347,867,241,10,249,326.56,0.9972,0.6266,0.257601,25,26,116,272.20,0.9266,0.1923,0.022063,4.269
302928,520,448,968,223,30,138,353.87,0.9261,0.5362,0.184541,1,14,46,260.83,0.9433,0.0788,0.005178,4.251
302941,520,400,920,216,1,242,322.23,0.9995,0.5771,0.210334,31,10,83,286.24,0.8991,0.1354,0.011329,4.245
302943,520,397,917,210,19,249,319.05,0.9896,0.5764,0.210087,7,15,93,267.28,0.9679,0.1366,0.011770,4.211
302969,520,410,930,196,80,206,324.46,0.7914,0.5702,0.219307,42,17,52,315.28,0.6226,0.1305,0.011411,4.385
302976,520,349,869,244,26,246,327.85,0.9910,0.6337,0.266285,75,4,80,325.07,0.8959,0.1947,0.021621,4.416
302981,520,465,985,198,62,145,347.05,0.7588,0.5180,0.174972,24,0,19,336.44,1.0000,0.0539,0.002412,4.292
302983,520,457,977,176,73,209,316.95,0.7966,0.5331,0.185996,19,1,37,303.30,0.9223,0.0613,0.002937,4.458
302992,520,272,792,240,120,220,333.97,0.8945,0.7009,0.371278,12,73,31,148.93,0.9656,0.2603,0.049420,4.237
303003,520,351,871,209,101,223,322.92,0.8129,0.6292,0.281919,42,41,60,286.46,0.2745,0.1886,0.024043,4.483
303025,520,420,940,218,32,194,334.71,0.9436,0.5566,0.198358,17,19,60,275.62,0.7301,0.1124,0.009111,4.202
303027,520,414,934,190,66,239,314.38,0.9136,0.5677,0.210767,50,8,28,355.36,0.7205,0.1175,0.009357,4.393
303035,520,424,944,228,17,169,344.41,0.9734,0.5553,0.197622,30,2,72,291.97,0.9640,0.1119,0.007873,4.279
303047,520,466,986,152,78,221,304.39,0.8065,0.5156,0.173451,20,4,11,351.93,0.5607,0.0535,0.002597,4.248
303062,520,361,881,254,22,203,340.54,0.9942,0.6239,0.259598,19,38,84,264.55,0.7291,0.1798,0.021647,4.321
303063,520,337,857,209,93,253,315.42,0.9834,0.6372,0.284772,45,44,51,292.17,0.1047,0.1952,0.025983,4.406
303068,520,333,853,233,77,233,327.90,0.9254,0.6414,0.285169,12,53,55,199.77,0.7350,0.2008,0.029001,4.243
303070,520,437,957,227,63,88,16.96,0.8609,0.5537,0.205933,8,23,24,201.12,0.4351,0.0918,0.007303,4.466
303083,520,406,926,192,64,254,311.75,0.9931,0.5804,0.220302,17,7,95,272.89,0.9778,0.1347,0.010973,4.433
303086,520,419,939,227,55,126,0.99,0.8567,0.5568,0.205723,2,13,79,265.13,0.9691,0.1132,0.008652,4.360
303115,520,414,934,227,50,176,342.71,0.8939,0.5743,0.217492,30,21,46,298.98,0.4725,0.1181,0.010096,4.451
303120,520,457,977,208,9,199,330.73,0.9859,0.5336,0.177308,4,7,41,270.20,0.8879,0.0629,0.003378,4.258
303133,520,439,959,221,59,133,357.45,0.8249,0.5518,0.201960,43,6,1,34.92,0.9419,0.0933,0.006461,4.463
303135,520,347,867,251,16,226,334.06,0.9943,0.6302,0.263740,46,14,112,287.79,0.9163,0.1906,0.020647,4.441
303137,520,438,958,248,5,14,28.55,0.9981,0.5544,0.201004,5,23,17,169.78,0.6466,0.0873,0.006855,4.415
303151,520,378,898,212,67,232,322.57,0.9108,0.5973,0.238393,13,43,40,186.34,0.6229,0.1623,0.019664,4.140
303160,520,441,961,154,73,251,299.55,0.9662,0.5364,0.186005,19,15,34,291.89,0.4464,0.0856,0.005956,4.218
303169,520,402,922,235,25,185,341.35,0.9698,0.5798,0.218630,34,26,43,305.50,0.3264,0.1323,0.012533,4.296
303170,520,406,926,252,25,107,9.37,0.9789,0.5818,0.224559,50,8,55,323.26,0.7774,0.1333,0.011277,4.481
303171,520,460,980,237,4,11,28.66,0.9981,0.5303,0.181188,26,0,18,341.09,1.0000,0.0566,0.002633,4.392
303174,520,423,943,248,27,17,29.34,0.9880,0.5610,0.207844,13,27,25,184.41,0.3516,0.1068,0.009396,4.341
303182,520,433,953,205,93,54,39.19,0.7842,0.5485,0.210762,9,19,57,267.91,0.7993,0.1045,0.008192,4.481
303196,520,302,822,228,123,177,349.20,0.6908,0.6693,0.338363,28,63,29,144.32,0.8006,0.2324,0.038905,4.368
303216,520,400,920,202,98,163,343.91,0.6311,0.5828,0.239379,18,39,16,142.11,0.7217,0.1445,0.016170,4.373
303217,520,479,999,222,26,20,28.95,0.9798,0.5053,0.163217,1,0,2,311.99,1.0000,0.0114,0.000108,4.255
303218,520,405,925,228,82,90,20.76,0.8141,0.5787,0.232694,13,37,5,138.51,0.9432,0.1332,0.014196,4.404
303219,520,478,998,167,79,175,324.21,0.6683,0.5058,0.169035,3,1,10,295.26,0.7289,0.0249,0.000630,4.326
303236,520,403,923,253,36,20,29.78,0.9928,0.5760,0.221987,1,31,62,252.06,0.9414,0.1345,0.013341,4.294
303244,520,405,925,210,15,254,318.01,0.9958,0.5793,0.212008,59,3,17,12.80,0.8992,0.1259,0.010356,4.341
303258,520,465,985,159,96,172,320.58,0.5512,0.5216,0.187159,5,11,7,156.96,0.3352,0.0524,0.002869,4.486
303291,520,381,901,235,57,187,341.40,0.9054,0.5999,0.241790,49,32,39,352.79,0.2601,0.1642,0.018325,4.271
303303,520,332,852,239,81,203,338.15,0.8963,0.6384,0.285500,31,50,52,204.25,0.2904,0.2002,0.028204,4.290
303307,520,417,937,247,47,20,31.01,0.9837,0.5706,0.218612,12,34,16,148.00,0.7298,0.1249,0.012596,4.291
303311,520,414,934,246,47,63,23.52,0.9569,0.5726,0.219882,47,17,0,50.84,1.0000,0.1183,0.010053,4.494
303312,520,428,948,215,42,201,331.98,0.9221,0.5614,0.203222,31,12,39,314.89,0.5972,0.0974,0.007008,4.442
303321,520,36,556,235,247,232,139.44,0.5201,0.9570,0.900096,14,130,28,143.83,0.9927,0.4534,0.161418,4.494
303324,520,440,960,178,60,249,308.78,0.9622,0.5522,0.195371,21,13,39,295.12,0.5697,0.0870,0.005938,4.387
303331,520,462,982,222,11,136,353.76,0.9764,0.5264,0.175492,6,9,0,120.96,1.0000,0.0464,0.002341,4.308
303364,520,85,605,248,216,227,355.13,0.6646,0.8974,0.746152,8,117,33,145.31,0.9943,0.4099,0.128834,4.452
303380,520,446,966,223,60,75,20.73,0.8750,0.5401,0.194304,36,7,2,36.33,0.8408,0.0821,0.005315,4.417
303396,520,367,887,254,66,92,18.43,0.9913,0.6095,0.257436,14,28,101,267.66,0.9200,0.1720,0.018633,4.479
303398,520,457,977,185,74,178,330.18,0.7278,0.5282,0.184275,7,14,15,206.64,0.2452,0.0638,0.003937,4.343
303399,520,415,935,250,32,3,30.59,0.9980,0.5671,0.213673,52,11,0,39.53,1.0000,0.1181,0.009695,4.417
303400,520,291,811,245,105,214,337.00,0.9265,0.6835,0.343733,42,59,60,200.69,0.2152,0.2393,0.039463,4.401
303405,520,333,853,253,96,31,39.56,0.9864,0.6354,0.293508,44,49,40,131.19,0.1570,0.2039,0.028853,4.356
303409,520,398,918,152,118,208,300.01,0.6020,0.5773,0.241865,28,36,18,128.19,0.4403,0.1434,0.015523,4.454
303416,520,310,830,240,104,192,343.46,0.8541,0.6639,0.322342,56,52,20,102.24,0.5929,0.2210,0.033473,4.461
303426,520,438,958,235,23,121,1.93,0.9635,0.5507,0.196585,8,25,11,148.20,0.6878,0.0935,0.007710,4.273
303459,520,451,971,234,24,95,10.75,0.9662,0.5412,0.189750,28,9,2,47.35,0.7303,0.0725,0.004467,4.402
303467,520,361,881,250,14,215,336.54,0.9940,0.6213,0.255476,42,2,119,284.31,0.9907,0.1846,0.018675,4.448
303469,520,394,914,241,61,114,8.65,0.8919,0.5852,0.232563,2,23,88,263.70,0.9717,0.1419,0.013302,4.464
303488,520,306,826,255,73,230,334.20,1.0000,0.6716,0.317413,77,31,83,322.91,0.6417,0.2303,0.031825,4.490
303491,520,443,963,228,14,134,355.79,0.9747,0.5384,0.185321,20,7,47,292.27,0.7851,0.0820,0.005059,4.274
303508,520,470,990,206,46,150,346.21,0.8363,0.5194,0.172799,0,5,28,260.92,1.0000,0.0442,0.001924,4.291
303510,520,381,901,236,29,213,333.94,0.9762,0.5993,0.235184,47,36,11,85.35,0.6323,0.1639,0.018903,4.139
303511,520,414,934,219,45,206,331.64,0.9265,0.5735,0.213953,11,26,52,260.63,0.6304,0.1182,0.010578,4.357
303519,520,458,978,221,51,105,7.66,0.8613,0.5349,0.187623,0,14,16,204.55,1.0000,0.0585,0.003515,4.440
303526,520,390,910,219,71,202,332.86,0.8561,0.5938,0.238329,47,29,38,348.16,0.2959,0.1540,0.016231,4.353
303540,520,453,973,226,39,61,22.01,0.9453,0.5256,0.179596,31,2,29,330.90,0.8017,0.0746,0.004235,4.233
303544,520,454,974,232,29,52,23.66,0.9723,0.5310,0.182856,9,17,4,132.60,0.6423,0.0697,0.004677,4.259
303550,520,441,961,163,94,196,313.73,0.6563,0.5378,0.197781,30,4,48,307.38,0.8352,0.0905,0.005763,4.443
303560,520,281,801,239,110,229,330.52,0.9151,0.6892,0.351620,36,52,111,269.00,0.6704,0.2489,0.039786,4.473
303561,520,352,872,249,82,89,22.22,0.9481,0.6168,0.268989,13,49,48,192.56,0.6827,0.1851,0.024955,4.256
303567,520,401,921,222,86,119,8.45,0.7375,0.5810,0.235195,47,26,18,41.55,0.4248,0.1404,0.013869,4.465
303591,520,478,998,209,19,155,344.35,0.9446,0.5120,0.163898,4,0,9,309.30,1.0000,0.0221,0.000455,4.239
303592,520,340,860,237,84,198,339.34,0.8757,0.6360,0.284250,43,50,30,124.15,0.3633,0.2029,0.028885,4.237
303608,520,371,891,220,113,81,37.43,0.7148,0.6121,0.276222,17,48,22,147.09,0.8297,0.1749,0.022909,4.474
303632,520,385,905,205,73,221,323.21,0.8656,0.5853,0.229663,35,33,34,345.51,0.0354,0.1470,0.015605,4.263
303636,520,454,974,170,64,227,310.83,0.8683,0.5269,0.177597,36,0,19,351.58,1.0000,0.0747,0.004221,4.198
303637,520,370,890,239,18,221,332.60,0.9901,0.6060,0.240066,16,28,97,268.59,0.9016,0.1684,0.018036,4.263
303642,520,456,976,220,49,92,12.29,0.8766,0.5276,0.181876,0,2,50,264.21,0.9907,0.0586,0.002737,4.397
303655,520,221,741,252,131,246,329.14,0.9867,0.7480,0.435842,51,64,123,271.70,0.5771,0.2992,0.058005,4.498
303675,520,392,912,222,98,66,35.55,0.8012,0.5874,0.246607,26,40,7,129.31,0.8327,0.1521,0.017525,4.393
303690,520,389,909,254,53,73,22.09,0.9937,0.5947,0.241018,3,43,25,158.98,0.9570,0.1530,0.018172,4.269
303704,520,464,984,226,31,49,24.28,0.9666,0.5190,0.173734,0,14,3,150.81,1.0000,0.0543,0.003206,4.205
303706,520,382,902,234,76,150,355.49,0.8235,0.6001,0.248661,34,34,55,283.38,0.3368,0.1592,0.017600,4.418
303710,520,248,768,223,152,177,356.70,0.5303,0.7168,0.413203,8,78,28,147.43,0.9838,0.2761,0.055840,4.376
303732,520,433,953,244,2,16,28.27,0.9992,0.5453,0.193174,21,11,54,287.39,0.7660,0.0958,0.006651,4.292
303770,520,480,1000,210,49,99,7.99,0.8417,0.5098,0.168014,0,0,0,0.00,0.0000,0.0000,0.000000,4.360
303786,520,432,952,233,50,43,28.16,0.9467,0.5460,0.197823,12,12,61,274.29,0.8779,0.0967,0.006780,4.365
303793,520,363,883,244,34,204,338.19,0.9718,0.6107,0.247398,46,30,63,305.00,0.4913,0.1688,0.018683,4.330
303797,520,364,884,254,1,176,347.79,0.9994,0.6057,0.242307,32,44,25,134.53,0.4245,0.1731,0.021786,4.072
303801,520,380,900,201,105,173,339.37,0.6139,0.5974,0.255393,22,38,55,250.89,0.4199,0.1599,0.018326,4.470
303805,520,13,533,249,251,232,111.73,0.8352,0.9784,0.949603,32,134,62,148.59,0.9591,0.4744,0.177043,4.403
303813,520,204,724,246,152,234,331.60,0.9379,0.7694,0.479918,9,85,55,160.18,0.9634,0.3063,0.068306,4.479
303839,520,374,894,232,21,229,329.02,0.9877,0.5997,0.233518,66,14,32,3.63,0.7180,0.1580,0.015768,4.311
303841,520,403,923,238,65,79,21.32,0.9013,0.5751,0.225254,50,14,43,335.95,0.6450,0.1329,0.011667,4.464
303845,520,367,887,246,42,181,345.32,0.9514,0.6064,0.245881,22,16,113,272.36,0.9632,0.1722,0.017333,4.394
303865,520,372,892,247,43,183,344.97,0.9521,0.6098,0.249240,4,22,114,265.13,0.9717,0.1735,0.018144,4.391
303878,520,419,939,217,40,189,335.96,0.9163,0.5563,0.199457,48,0,40,336.28,1.0000,0.1091,0.007817,4.315
303902,520,369,889,253,17,185,345.18,0.9895,0.6113,0.247898,46,34,48,321.55,0.2635,0.1691,0.019383,4.294
303909,520,463,983,224,49,34,29.73,0.9478,0.5260,0.181622,7,4,27,285.21,0.7339,0.0478,0.002111,4.445
303913,520,413,933,237,58,75,21.27,0.9139,0.5656,0.215418,2,20,71,263.21,0.9577,0.1167,0.009681,4.447
303919,520,458,978,218,46,130,356.72,0.8602,0.5335,0.184736,14,10,22,298.74,0.3642,0.0638,0.003684,4.373
303920,520,436,956,225,51,137,355.99,0.8631,0.5537,0.201840,29,14,22,347.03,0.3604,0.0893,0.006332,4.471
303926,520,100,620,249,215,166,76.63,0.7545,0.8790,0.714951,18,113,49,148.69,0.9777,0.4003,0.121601,4.458
303948,520,410,930,218,26,214,329.30,0.9702,0.5668,0.205014,60,2,33,354.19,0.8828,0.1324,0.011140,4.171
303957,520,375,895,236,59,173,346.22,0.8896,0.5965,0.239807,4,17,109,265.50,0.9782,0.1594,0.015307,4.438
303966,520,413,933,211,80,156,347.79,0.7315,0.5677,0.219885,13,15,81,271.28,0.9337,0.1247,0.010212,4.482
303968,520,330,850,246,40,244,328.69,0.9827,0.6416,0.276449,29,25,127,273.14,0.9405,0.2071,0.024886,4.359
303981,520,465,985,157,93,187,314.03,0.6211,0.5224,0.185852,10,4,30,290.06,0.7520,0.0526,0.002451,4.497
303990,520,410,930,241,16,148,353.84,0.9810,0.5707,0.212127,8,31,49,245.17,0.6553,0.1282,0.012533,4.192
304007,520,394,914,218,58,224,326.46,0.9221,0.5934,0.233154,28,29,56,280.33,0.4534,0.1414,0.014111,4.417
304008,520,446,966,221,24,161,345.41,0.9471,0.5402,0.186011,11,1,63,276.22,0.9903,0.0808,0.004517,4.329
304054,520,303,823,221,130,167,354.69,0.5978,0.6680,0.341293,26,59,70,222.27,0.5209,0.2334,0.037896,4.452
304062,520,478,998,215,55,8,34.41,0.9866,0.5119,0.171995,8,0,2,359.68,1.0000,0.0239,0.000560,4.391
304071,520,63,583,254,222,222,17.81,0.9004,0.9150,0.785883,100,106,79,118.07,0.2587,0.4341,0.135819,4.498
304078,520,435,955,228,58,60,25.32,0.9111,0.5453,0.198492,42,4,19,0.36,0.7722,0.0929,0.006262,4.417
304079,520,326,846,223,105,217,329.40,0.8177,0.6520,0.308028,35,54,24,135.06,0.6197,0.2068,0.030615,4.441
304080,520,378,898,241,84,1,39.84,0.9988,0.5961,0.250468,12,43,39,183.68,0.6551,0.1614,0.019523,4.322
304084,520,318,838,247,51,253,326.81,0.9937,0.6555,0.292364,84,0,95,322.27,1.0000,0.2211,0.027113,4.440
304093,520,427,947,247,31,12,30.01,0.9916,0.5605,0.207843,24,20,31,301.07,0.2575,0.1003,0.007934,4.451
304100,520,452,972,182,78,180,328.32,0.7096,0.5302,0.186904,21,8,26,316.05,0.5305,0.0697,0.004077,4.381
304106,520,475,995,197,70,128,355.46,0.7129,0.5186,0.178110,8,1,4,348.48,0.6374,0.0284,0.000821,4.488
304151,520,452,972,192,45,213,322.22,0.9058,0.5324,0.178888,17,16,3,105.55,0.6307,0.0737,0.004963,4.164
304171,520,477,997,205,61,86,14.98,0.7988,0.5088,0.169907,5,0,11,309.75,1.0000,0.0246,0.000564,4.349
304182,520,432,952,230,58,10,34.07,0.9879,0.5451,0.198740,33,17,6,55.26,0.5612,0.0966,0.007374,4.335
304185,520,463,983,230,28,52,23.48,0.9724,0.5263,0.179045,6,2,39,278.33,0.9428,0.0523,0.002286,4.381
304196,520,444,964,231,47,17,31.62,0.9811,0.5376,0.190654,30,9,22,344.14,0.5249,0.0817,0.005294,4.352
304221,520,340,860,255,23,222,335.92,1.0000,0.6369,0.271500,28,43,86,267.07,0.6135,0.1998,0.026464,4.205
304242,520,424,944,201,17,253,315.87,0.9914,0.5645,0.199118,26,20,39,297.59,0.3970,0.1069,0.008664,4.247
304256,520,397,917,178,93,229,310.70,0.8117,0.5781,0.229516,8,16,94,267.58,0.9646,0.1398,0.012303,4.486
304261,520,353,873,244,2,228,332.04,0.9992,0.6163,0.248809,71,22,43,356.66,0.6307,0.1833,0.020880,4.216
304304,520,368,888,215,108,146,359.09,0.6254,0.6125,0.272495,39,43,15,116.20,0.5999,0.1747,0.021936,4.483
304307,520,466,986,224,35,52,23.86,0.9567,0.5175,0.173001,4,8,11,233.79,0.2714,0.0459,0.002236,4.269
304312,520,437,957,227,35,154,349.44,0.9224,0.5537,0.198687,9,25,0,133.81,1.0000,0.0917,0.007533,4.323
304316,520,345,865,248,97,18,41.77,0.9820,0.6273,0.285528,32,47,37,155.16,0.2953,0.1859,0.024736,4.489
304322,520,396,916,222,84,115,9.81,0.7470,0.5770,0.231105,2,41,3,143.19,0.9914,0.1414,0.016053,4.256
304325,520,369,889,223,88,171,345.67,0.7604,0.6050,0.256100,77,12,1,33.61,0.9824,0.1725,0.018432,4.473
304327,520,378,898,245,1,199,339.54,0.9994,0.6005,0.235608,4,40,60,238.37,0.8332,0.1602,0.018695,4.158
304336,520,323,843,251,39,247,329.15,0.9869,0.6516,0.286787,61,27,95,303.15,0.7310,0.2090,0.026022,4.430
304350,520,431,951,231,41,122,1.93,0.9108,0.5524,0.199828,30,4,62,297.01,0.9006,0.1037,0.007107,4.375
304359,520,437,957,205,39,217,325.00,0.9382,0.5529,0.194417,6,11,64,269.00,0.9387,0.0946,0.006482,4.327
304362,520,460,980,229,32,78,16.34,0.9519,0.5307,0.182440,0,8,35,260.24,1.0000,0.0564,0.002950,4.390
304386,520,430,950,209,64,162,343.50,0.7915,0.5478,0.198328,8,17,58,268.44,0.8465,0.1006,0.007580,4.313
304387,520,425,945,230,66,86,18.56,0.8651,0.5622,0.213942,37,18,27,350.61,0.3833,0.1108,0.009051,4.470
304391,520,396,916,247,25,139,358.17,0.9718,0.5820,0.223369,61,11,20,14.84,0.7644,0.1404,0.012821,4.352
304424,520,447,967,234,18,99,9.09,0.9759,0.5401,0.188290,5,14,46,266.44,0.8221,0.0815,0.005436,4.298
304433,520,386,906,217,30,252,320.04,0.9879,0.5942,0.227105,14,20,93,269.74,0.9357,0.1478,0.013839,4.341
304438,520,424,944,228,72,22,36.19,0.9645,0.5571,0.211895,24,10,71,284.01,0.8757,0.1146,0.008662,4.464
304441,520,434,954,221,30,180,339.56,0.9413,0.5530,0.195984,41,6,35,335.46,0.7297,0.1016,0.007231,4.298
304444,520,460,980,159,73,233,304.88,0.8670,0.5275,0.180197,2,9,39,264.76,0.8911,0.0635,0.003547,4.299
304445,520,359,879,243,83,151,357.89,0.8681,0.6245,0.274786,26,46,28,146.73,0.5032,0.1754,0.022574,4.475
304457,520,343,863,255,37,192,343.95,1.0000,0.6259,0.263923,80,20,4,35.78,0.9259,0.1890,0.022148,4.351
304469,520,448,968,237,30,29,28.22,0.9796,0.5398,0.190250,18,10,42,290.19,0.6818,0.0808,0.005128,4.358
304482,520,452,972,209,10,188,334.05,0.9813,0.5285,0.174053,10,15,21,253.28,0.2392,0.0709,0.004603,4.103
304498,520,467,987,219,17,142,351.15,0.9595,0.5247,0.174165,9,1,29,293.09,0.9099,0.0441,0.001685,4.337
304514,520,312,832,252,47,254,327.76,0.9971,0.6621,0.298872,6,63,10,143.65,0.9874,0.2209,0.036155,4.049
304523,520,429,949,243,27,6,30.10,0.9954,0.5500,0.198552,22,8,59,287.61,0.8424,0.0971,0.006600,4.391
304524,520,398,918,255,18,87,15.44,1.0000,0.5809,0.223845,23,31,51,266.81,0.3964,0.1388,0.014011,4.278
304536,520,343,863,246,74,186,345.05,0.9248,0.6344,0.280386,39,49,4,121.68,0.9114,0.1916,0.026367,4.326
304545,520,461,981,221,35,122,359.56,0.9066,0.5287,0.179820,14,8,1,82.11,0.7390,0.0520,0.002692,4.362
304546,520,362,882,229,107,35,46.31,0.9145,0.6109,0.272973,22,39,79,264.65,0.6455,0.1799,0.021860,4.494
304559,520,419,939,153,89,253,297.05,0.9752,0.5592,0.210091,4,30,15,155.32,0.8961,0.1077,0.009888,4.343
304563,520,431,951,179,88,198,320.45,0.7106,0.5514,0.206414,18,18,50,279.41,0.6220,0.1025,0.007915,4.427
304624,520,344,864,251,62,181,347.17,0.9651,0.6298,0.272939,17,53,34,157.45,0.7567,0.1947,0.027808,4.150
304639,520,341,861,237,111,2,49.63,0.9969,0.6297,0.293806,20,53,55,200.69,0.5599,0.2042,0.029707,4.313
304656,520,323,843,252,93,138,6.38,0.9487,0.6483,0.303624,39,54,20,129.07,0.6595,0.2094,0.031201,4.355
304657,520,319,839,242,77,222,333.22,0.9353,0.6494,0.294616,8,45,115,261.66,0.9334,0.2226,0.031660,4.220
304672,520,374,894,197,94,223,319.12,0.8069,0.6018,0.252047,36,27,80,286.06,0.6849,0.1645,0.017381,4.483
304673,520,417,937,222,11,221,328.58,0.9917,0.5741,0.209917,51,5,29,353.41,0.7807,0.1159,0.009012,4.404
304696,520,396,916,201,86,192,330.69,0.7437,0.5777,0.228804,18,14,92,273.15,0.9470,0.1398,0.012153,4.486
304699,520,379,899,215,72,216,327.59,0.8739,0.5968,0.240416,28,13,102,278.00,0.9434,0.1589,0.014940,4.472
304700,520,385,905,222,61,210,331.31,0.9006,0.5937,0.235224,67,2,39,352.49,0.8963,0.1502,0.013834,4.468
304701,520,1,521,255,255,255,0.00,0.0000,1.0000,1.000000,12,136,93,161.93,0.9791,0.4843,0.184760,4.473
304715,520,416,936,244,26,110,7.30,0.9692,0.5667,0.211011,25,7,75,284.29,0.9188,0.1163,0.008666,4.449
304732,520,472,992,180,61,201,321.25,0.8199,0.5192,0.172590,4,4,5,285.76,0.0838,0.0333,0.001236,4.344
304746,520,435,955,180,53,247,310.20,0.9560,0.5470,0.189659,12,12,58,274.86,0.8573,0.0937,0.006466,4.244
304764,520,408,928,152,100,240,297.34,0.8422,0.5654,0.220812,37,30,4,94.38,0.7871,0.1336,0.013307,4.278
304766,520,455,975,233,13,44,24.45,0.9913,0.5261,0.177965,5,11,32,267.13,0.6594,0.0644,0.003759,4.241
304792,520,473,993,227,21,69,18.11,0.9746,0.5196,0.172998,5,1,5,327.43,0.5950,0.0251,0.000649,4.403
304794,520,386,906,214,70,207,329.93,0.8580,0.5875,0.231834,30,20,86,281.78,0.8270,0.1517,0.014482,4.371
304801,520,264,784,255,97,248,329.55,1.0000,0.7069,0.365895,28,65,76,219.90,0.5412,0.2560,0.045491,4.355
304802,520,308,828,240,94,232,329.93,0.9315,0.6711,0.323593,50,49,84,283.85,0.4099,0.2323,0.035148,4.388
304806,520,318,838,255,58,229,334.35,1.0000,0.6587,0.299464,90,0,81,333.55,1.0000,0.2219,0.027681,4.499
304813,520,318,838,240,110,164,356.22,0.7983,0.6613,0.323601,52,50,58,297.04,0.1096,0.2223,0.033168,4.492
304817,520,401,921,235,69,106,12.13,0.8537,0.5797,0.229620,30,34,34,196.78,0.0654,0.1445,0.015356,4.278
304818,520,404,924,241,51,117,6.36,0.9105,0.5776,0.223560,16,32,47,248.09,0.4567,0.1341,0.013484,4.309
304820,520,404,924,247,4,151,353.89,0.9962,0.5814,0.220987,3,24,76,262.88,0.9450,0.1311,0.011943,4.375
304826,520,397,917,215,97,103,19.17,0.6827,0.5812,0.239779,34,34,19,108.18,0.3485,0.1438,0.015312,4.437
304837,520,369,889,210,79,235,320.83,0.8994,0.6091,0.252934,11,49,5,140.95,0.9770,0.1730,0.022786,4.162
304847,520,400,920,206,67,220,323.95,0.8791,0.5797,0.223051,63,6,24,8.11,0.8261,0.1401,0.012531,4.367
304848,520,384,904,238,53,154,352.78,0.8981,0.5867,0.230594,60,16,44,344.85,0.6604,0.1543,0.015132,4.308
304852,520,317,837,253,41,255,327.80,1.0000,0.6613,0.296915,97,7,35,11.14,0.9050,0.2195,0.028151,4.439
304854,520,398,918,244,38,119,5.01,0.9453,0.5753,0.219546,24,34,36,211.22,0.1898,0.1399,0.014656,4.169
304857,520,463,983,207,1,201,329.94,0.9984,0.5314,0.175061,8,0,35,286.73,1.0000,0.0459,0.001730,4.351
304875,520,402,922,244,7,168,348.12,0.9935,0.5836,0.222154,15,27,57,265.51,0.6165,0.1269,0.011808,4.403
304876,520,439,959,155,83,251,298.83,0.9588,0.5511,0.201204,24,19,3,93.91,0.7010,0.0887,0.006665,4.433
304884,520,393,913,228,39,218,330.73,0.9595,0.5931,0.230094,24,38,7,130.15,0.8220,0.1441,0.015957,4.247
304886,520,475,995,195,36,196,327.90,0.9083,0.5193,0.168510,10,0,13,321.63,1.0000,0.0318,0.000936,4.290
304906,520,402,922,206,56,236,320.20,0.9306,0.5806,0.220079,28,7,87,282.82,0.9436,0.1336,0.010869,4.437
304916,520,401,921,228,83,96,18.60,0.8025,0.5814,0.235277,40,21,63,301.83,0.6377,0.1430,0.013463,4.495
304928,520,431,951,234,33,97,10.68,0.9467,0.5460,0.194463,23,0,72,285.30,1.0000,0.1011,0.006500,4.327
304982,520,447,967,225,66,6,36.36,0.9908,0.5436,0.199199,12,20,6,132.30,0.5702,0.0805,0.005916,4.457
304985,520,424,944,218,68,152,350.08,0.7933,0.5635,0.213090,36,21,14,45.80,0.3742,0.1116,0.009431,4.427
304986,520,448,968,219,13,180,338.90,0.9781,0.5431,0.186456,25,4,45,303.06,0.8289,0.0811,0.004830,4.313
304992,520,427,947,208,50,206,328.65,0.8985,0.5582,0.201492,15,7,69,276.76,0.9386,0.1003,0.006832,4.425
305004,520,355,875,227,72,215,331.23,0.8951,0.6156,0.258742,69,26,23,26.25,0.6166,0.1796,0.020661,4.369
305011,520,479,999,198,67,97,10.38,0.7382,0.5059,0.168851,1,0,0,29.23,1.0000,0.0090,0.000065,4.371
305015,520,403,923,243,54,108,10.19,0.9131,0.5813,0.227790,3,31,59,251.39,0.8460,0.1330,0.013150,4.399
305016,520,371,891,233,60,208,334.73,0.9193,0.6104,0.251120,60,13,75,316.46,0.7907,0.1716,0.017566,4.457
305031,520,440,960,210,23,214,327.26,0.9709,0.5515,0.191714,38,8,13,13.14,0.6484,0.0900,0.006149,4.305
305038,520,473,993,170,67,212,314.39,0.8200,0.5188,0.173147,8,1,7,331.57,0.6759,0.0298,0.000887,4.385
305043,520,444,964,189,18,248,313.67,0.9873,0.5414,0.180300,12,15,34,274.89,0.4882,0.0795,0.005353,4.161
305045,520,479,999,145,58,253,297.48,0.9869,0.5095,0.161379,0,1,0,142.50,1.0000,0.0135,0.000217,4.209
305051,520,356,876,219,65,255,319.11,1.0000,0.6226,0.260625,74,17,47,352.13,0.7108,0.1840,0.020622,4.398
305072,520,458,978,186,6,248,312.97,0.9959,0.5337,0.173479,20,8,15,344.28,0.3754,0.0633,0.003569,4.172
305074,520,424,944,233,62,33,32.11,0.9525,0.5563,0.208817,24,23,40,285.94,0.3460,0.1125,0.009602,4.342
305082,520,438,958,239,38,5,31.19,0.9956,0.5474,0.197512,29,13,17,4.07,0.3692,0.0855,0.005896,4.428
305087,520,465,985,172,66,208,316.25,0.8140,0.5176,0.172221,16,5,8,359.89,0.4062,0.0497,0.002362,4.244
305110,520,457,977,225,46,52,25.34,0.9376,0.5275,0.182123,5,4,39,274.79,0.9077,0.0558,0.002656,4.408
305135,520,430,950,202,84,146,350.32,0.6751,0.5539,0.209743,48,6,7,24.05,0.8454,0.1045,0.007741,4.498
305141,520,469,989,222,42,19,30.88,0.9754,0.5152,0.172353,3,8,1,134.27,0.8424,0.0415,0.001952,4.280
305147,520,424,944,245,4,108,7.33,0.9962,0.5622,0.205855,41,13,26,353.24,0.5490,0.1075,0.008339,4.386
305163,520,75,595,233,222,254,301.17,0.9110,0.9058,0.767221,19,119,7,141.86,0.9953,0.4164,0.133469,4.454
305164,520,290,810,242,110,210,337.75,0.8959,0.6840,0.346847,71,51,45,37.36,0.2433,0.2438,0.038968,4.461
305221,520,453,973,224,40,99,9.14,0.9082,0.5305,0.182685,18,11,25,306.36,0.4012,0.0713,0.004381,4.279
305226,520,315,835,253,58,241,330.93,0.9923,0.6625,0.302627,16,48,97,258.97,0.7875,0.2158,0.030870,4.360
305227,520,395,915,217,77,190,336.26,0.8104,0.5906,0.237793,18,28,72,269.69,0.7281,0.1440,0.014269,4.478
305237,520,450,970,240,7,55,22.19,0.9955,0.5411,0.189564,11,5,49,279.74,0.8956,0.0721,0.004014,4.435
305250,520,399,919,249,47,68,22.39,0.9684,0.5794,0.225937,51,10,63,317.32,0.7830,0.1434,0.012799,4.394
305252,520,353,873,243,52,203,338.46,0.9443,0.6188,0.258254,15,34,100,266.27,0.8861,0.1839,0.021656,4.302
305254,520,415,935,182,81,238,311.04,0.8835,0.5731,0.220039,26,25,40,286.83,0.2982,0.1194,0.010681,4.450
305257,520,466,986,188,91,72,32.54,0.6483,0.5191,0.186430,12,7,12,326.33,0.2457,0.0513,0.002567,4.498
305264,520,436,956,245,23,12,29.45,0.9915,0.5528,0.200553,17,11,57,281.10,0.8164,0.0949,0.006539,4.432
305276,520,462,982,228,36,39,27.03,0.9649,0.5250,0.179052,25,0,0,29.23,1.0000,0.0483,0.002067,4.399
305297,520,445,965,222,17,157,346.81,0.9653,0.5377,0.183674,17,2,57,285.03,0.9574,0.0805,0.004580,4.281
305300,520,466,986,219,53,16,33.12,0.9760,0.5183,0.176463,20,1,14,340.06,0.7885,0.0478,0.002022,4.353
305302,520,447,967,192,92,104,14.30,0.5890,0.5352,0.198619,2,20,26,220.58,0.7711,0.0805,0.005878,4.449
305303,520,319,839,227,84,247,322.56,0.9605,0.6485,0.293889,10,30,136,265.85,0.9656,0.2172,0.027704,4.426
305308,520,373,893,219,62,225,326.42,0.9175,0.5991,0.239436,46,13,82,299.85,0.8311,0.1564,0.014779,4.468
305314,520,374,894,246,32,182,344.79,0.9678,0.6017,0.240064,45,9,91,295.45,0.9008,0.1604,0.015086,4.457
305345,520,464,984,175,62,207,317.80,0.8268,0.5168,0.170652,11,6,16,307.73,0.3951,0.0497,0.002388,4.212
305350,520,420,940,230,30,157,348.95,0.9425,0.5583,0.201886,2,10,83,265.36,0.9796,0.1141,0.008544,4.302
305353,520,472,992,217,25,143,350.56,0.9325,0.5242,0.174326,3,3,10,281.84,0.4592,0.0313,0.001064,4.393
305366,520,362,882,222,111,55,45.15,0.8197,0.6080,0.271766,33,41,55,261.47,0.2563,0.1770,0.021850,4.478
305369,520,461,981,233,7,65,19.15,0.9938,0.5276,0.178604,5,5,26,277.95,0.7049,0.0476,0.002154,4.383
305372,520,396,916,243,15,159,350.76,0.9844,0.5792,0.219028,48,18,52,322.80,0.6157,0.1413,0.013090,4.264
305377,520,441,961,236,5,100,8.62,0.9939,0.5414,0.188647,41,3,8,16.90,0.8520,0.0862,0.005542,4.297
305393,520,309,829,254,65,217,337.35,0.9941,0.6557,0.298643,66,35,83,312.23,0.5811,0.2203,0.029849,4.366
305420,520,418,938,203,8,249,317.33,0.9956,0.5623,0.197113,9,7,88,269.31,0.9815,0.1206,0.009145,4.178
305430,520,36,556,230,246,250,214.38,0.5623,0.9563,0.896361,8,130,24,143.68,0.9961,0.4524,0.160821,4.489
305432,520,2,522,255,255,255,0.00,0.0000,1.0000,1.000000,33,135,92,160.28,0.9115,0.4846,0.184232,4.483
305436,520,360,880,230,56,230,328.10,0.9468,0.6156,0.253669,81,6,24,14.96,0.9033,0.1797,0.019458,4.372
305447,520,330,850,253,35,225,334.79,0.9909,0.6395,0.275242,16,60,9,141.16,0.9714,0.2135,0.033615,3.890
305457,520,459,979,205,70,106,7.91,0.7420,0.5253,0.184021,12,5,37,287.49,0.7835,0.0619,0.003203,4.399
305463,520,476,996,216,53,40,29.30,0.9240,0.5140,0.173009,5,0,2,349.81,1.0000,0.0195,0.000367,4.428
305483,520,452,972,135,90,243,292.01,0.8889,0.5322,0.189342,11,7,46,279.69,0.8350,0.0728,0.004203,4.416
305493,520,202,722,230,173,166,26.66,0.5224,0.7655,0.494648,17,87,48,153.62,0.9459,0.3129,0.071487,4.483
305498,520,424,944,240,47,4,32.31,0.9964,0.5557,0.205704,38,20,0,69.08,1.0000,0.1095,0.009124,4.325
305512,520,417,937,228,0,205,334.09,1.0000,0.5723,0.209043,59,2,8,21.58,0.9579,0.1227,0.009909,4.324
305517,520,447,967,228,37,116,3.26,0.9173,0.5418,0.190809,1,18,29,236.09,0.8497,0.0760,0.005277,4.356
305535,520,403,923,253,32,62,22.63,0.9902,0.5778,0.222672,60,7,20,12.06,0.8120,0.1337,0.011633,4.424
305536,520,464,984,225,30,43,25.51,0.9699,0.5156,0.171134,3,1,38,272.66,0.9818,0.0463,0.001810,4.268
305548,520,477,997,217,37,88,11.89,0.9111,0.5114,0.167820,3,1,2,344.98,0.3863,0.0205,0.000455,4.317
305558,520,457,977,232,2,83,13.51,0.9977,0.5280,0.178268,25,5,14,353.03,0.5851,0.0638,0.003470,4.269
305559,520,474,994,217,48,104,7.01,0.8607,0.5242,0.178676,1,5,10,241.51,0.6099,0.0348,0.001369,4.452
305564,520,462,982,159,67,243,303.34,0.9226,0.5285,0.178568,14,7,3,60.54,0.4229,0.0504,0.002519,4.352
305566,520,385,905,184,84,250,308.78,0.9544,0.5888,0.234340,31,18,86,283.25,0.8409,0.1495,0.013958,4.446
305583,520,411,931,216,46,202,331.96,0.9147,0.5665,0.208193,17,12,82,274.46,0.9367,0.1241,0.009913,4.310
305587,520,393,913,212,61,229,323.48,0.9168,0.5896,0.229935,61,13,24,10.96,0.7200,0.1440,0.013461,4.411
305597,520,391,911,250,42,114,7.92,0.9609,0.5882,0.231984,30,4,100,280.98,0.9782,0.1489,0.012829,4.488
305614,520,460,980,184,38,231,315.58,0.9447,0.5285,0.173473,24,4,15,347.37,0.6267,0.0606,0.003155,4.204
305622,520,385,905,137,122,233,287.15,0.7551,0.5865,0.251204,30,39,12,124.94,0.6478,0.1532,0.017536,4.460
305628,520,72,592,242,219,254,314.18,0.9610,0.9077,0.766965,18,120,52,148.70,0.9803,0.4240,0.138089,4.344
305634,520,273,793,217,132,240,318.84,0.8596,0.6999,0.375468,63,62,25,107.50,0.5942,0.2587,0.045722,4.445
305657,520,473,993,211,45,135,353.11,0.8459,0.5213,0.174772,0,3,6,233.51,1.0000,0.0257,0.000783,4.426
305664,520,76,596,202,237,234,190.19,0.4559,0.9071,0.790645,3,121,45,147.67,0.9975,0.4242,0.138829,4.452
305667,520,447,967,228,57,16,33.49,0.9794,0.5403,0.194605,24,11,24,326.87,0.4198,0.0778,0.004995,4.448
305694,520,438,958,238,38,36,27.94,0.9699,0.5469,0.196940,5,14,51,266.95,0.8665,0.0860,0.005853,4.421
305706,520,421,941,212,42,207,329.52,0.9258,0.5600,0.201600,44,3,50,322.30,0.8482,0.1128,0.008310,4.315
305708,520,397,917,213,31,235,322.83,0.9730,0.5751,0.211262,22,22,76,276.30,0.7926,0.1378,0.012661,4.169
305710,520,455,975,176,55,230,312.65,0.9008,0.5288,0.176766,5,12,13,205.77,0.3019,0.0567,0.003243,4.259
305718,520,454,974,208,56,150,347.32,0.8062,0.5321,0.184424,15,3,45,288.71,0.8917,0.0680,0.003561,4.377
305720,520,391,911,255,51,11,32.01,1.0000,0.5896,0.236556,59,10,50,336.41,0.7488,0.1484,0.013773,4.493
305745,520,391,911,255,11,131,1.75,1.0000,0.5912,0.231418,23,38,44,224.94,0.3017,0.1546,0.017502,4.169
305750,520,477,997,204,36,157,342.77,0.8743,0.5120,0.165355,2,0,8,296.85,1.0000,0.0183,0.000304,4.281
305759,520,270,790,255,109,201,344.46,1.0000,0.6985,0.364173,82,45,81,327.99,0.4758,0.2622,0.042649,4.470
305771,520,472,992,226,25,94,10.01,0.9554,0.5248,0.176750,10,0,4,349.81,1.0000,0.0276,0.000733,4.469
305779,520,462,982,232,7,94,10.09,0.9909,0.5318,0.181190,1,0,46,266.40,1.0000,0.0506,0.002037,4.443
305793,520,443,963,148,82,246,297.37,0.9202,0.5370,0.189845,14,17,22,260.64,0.1629,0.0793,0.005522,4.320
305801,520,473,993,214,20,158,344.62,0.9487,0.5236,0.172674,0,5,11,237.61,1.0000,0.0341,0.001327,4.338
305815,520,465,985,229,1,58,20.49,0.9991,0.5165,0.169882,10,9,11,308.45,0.0806,0.0535,0.002841,4.161
305824,520,374,894,163,106,255,297.89,1.0000,0.5995,0.253148,4,44,19,151.53,0.9641,0.1553,0.018741,4.410
305829,520,363,883,232,54,214,332.78,0.9356,0.6074,0.246517,78,7,19,18.77,0.9023,0.1727,0.018190,4.348
305832,520,398,918,197,81,223,319.83,0.8388,0.5840,0.230842,44,25,26,16.18,0.3186,0.1359,0.013054,4.454
305836,520,475,995,231,22,39,25.86,0.9836,0.5242,0.177123,9,1,3,359.74,0.6560,0.0291,0.000864,4.465
305839,520,467,987,199,57,163,339.93,0.7953,0.5234,0.177145,6,4,14,294.01,0.4696,0.0392,0.001573,4.404
305850,520,446,966,195,74,172,335.89,0.7359,0.5410,0.194798,6,1,67,270.45,0.9951,0.0824,0.004656,4.479
305855,520,327,847,239,105,146,3.37,0.7929,0.6458,0.305319,25,49,78,254.20,0.5507,0.2082,0.029532,4.468
305879,520,281,801,239,110,238,327.80,0.9240,0.6941,0.356779,54,58,67,266.46,0.1211,0.2505,0.042156,4.414
305880,520,21,541,251,244,254,315.97,0.8910,0.9714,0.923665,16,132,15,142.58,0.9927,0.4595,0.166465,4.498
305891,520,397,917,208,100,114,13.71,0.6195,0.5776,0.237411,36,32,1,102.39,0.9452,0.1373,0.014103,4.484
305893,520,378,898,200,82,232,318.37,0.8723,0.5958,0.241415,29,41,22,134.60,0.4530,0.1605,0.019050,4.220
305903,520,361,881,253,20,204,340.04,0.9898,0.6221,0.257459,61,24,62,326.46,0.6078,0.1788,0.019933,4.396
305925,520,323,843,237,61,255,323.84,1.0000,0.6475,0.285644,30,52,60,223.07,0.3582,0.2094,0.030582,4.165
305928,520,455,975,196,39,200,327.03,0.9059,0.5257,0.173586,0,8,36,260.58,1.0000,0.0572,0.003010,4.218
305946,520,172,692,253,184,11,81.02,0.9933,0.7965,0.551901,26,95,56,154.29,0.9039,0.3442,0.086892,4.397
305954,520,392,912,216,39,237,323.03,0.9654,0.5857,0.221664,39,34,5,99.59,0.7807,0.1472,0.015864,4.125
305955,520,404,924,250,21,133,0.52,0.9799,0.5844,0.225573,7,20,82,266.72,0.9341,0.1315,0.011546,4.478
305956,520,478,998,229,1,31,26.20,0.9994,0.5133,0.167817,5,0,8,317.19,1.0000,0.0230,0.000498,4.313
305958,520,475,995,208,9,175,337.61,0.9788,0.5184,0.167025,4,2,14,291.07,0.6672,0.0314,0.001009,4.255
305961,520,431,951,225,42,134,356.42,0.8918,0.5457,0.193874,33,17,22,359.68,0.3334,0.1010,0.007822,4.218
305976,520,375,895,254,21,155,354.30,0.9919,0.6007,0.239773,17,23,99,270.22,0.9266,0.1619,0.016327,4.369
305977,520,477,997,206,57,81,16.33,0.8243,0.5051,0.166444,2,0,15,284.68,1.0000,0.0229,0.000474,4.288
305982,520,198,718,254,169,31,71.67,0.9874,0.7665,0.495483,27,82,100,223.45,0.6924,0.3204,0.071874,4.476
305993,520,391,911,201,97,182,334.75,0.6734,0.5887,0.243458,23,41,1,130.72,0.9826,0.1521,0.017702,4.335
306002,520,413,933,247,39,15,30.52,0.9889,0.5650,0.212632,26,3,82,283.53,0.9712,0.1206,0.008939,4.456
306003,520,407,927,203,40,246,317.50,0.9646,0.5720,0.208695,31,29,37,296.65,0.1566,0.1333,0.013036,4.104
306009,520,434,954,237,25,97,10.55,0.9668,0.5484,0.195660,22,17,38,293.12,0.4565,0.0954,0.007114,4.301
306011,520,432,952,230,41,130,358.83,0.9072,0.5532,0.200234,17,26,1,125.70,0.9452,0.1005,0.008601,4.270
306033,520,430,950,198,26,240,317.77,0.9770,0.5521,0.190373,11,22,42,261.51,0.5355,0.1008,0.008121,4.136
306037,520,425,945,248,19,55,23.12,0.9892,0.5611,0.207017,45,8,36,338.93,0.7056,0.1121,0.008590,4.387
306045,520,425,945,201,84,159,343.90,0.6874,0.5580,0.212631,51,8,10,22.47,0.8035,0.1140,0.008995,4.452
306050,520,411,931,231,14,182,341.18,0.9831,0.5672,0.206831,11,22,63,267.83,0.7956,0.1178,0.010038,4.278
306051,520,385,905,250,60,32,31.45,0.9783,0.5880,0.236636,32,33,41,279.63,0.1467,0.1468,0.015549,4.373
306080,520,442,962,96,109,246,274.44,0.9256,0.5353,0.200772,6,21,7,145.57,0.7509,0.0795,0.005904,4.486
306092,520,453,973,129,90,244,289.66,0.8994,0.5267,0.185110,6,8,45,272.31,0.8720,0.0700,0.004018,4.352
306093,520,467,987,182,39,219,317.84,0.9250,0.5163,0.165118,4,0,37,276.19,1.0000,0.0439,0.001594,4.169
306111,520,383,903,241,55,168,348.81,0.9082,0.6000,0.242633,1,35,72,253.70,0.9579,0.1538,0.016763,4.383
306125,520,344,864,230,79,217,331.48,0.8913,0.6292,0.274270,5,43,87,255.40,0.8875,0.1900,0.024480,4.354
306144,520,440,960,208,51,195,331.82,0.8775,0.5521,0.197196,15,4,66,278.44,0.9572,0.0923,0.005817,4.429
306154,520,421,941,183,100,163,336.79,0.5574,0.5578,0.218271,12,28,32,215.64,0.4073,0.1121,0.010129,4.462
306161,520,288,808,232,136,132,22.92,0.6784,0.6838,0.364323,3,68,40,157.86,0.9837,0.2430,0.043066,4.452
306168,520,437,957,223,24,171,342.71,0.9539,0.5492,0.192841,10,23,1,132.38,0.9597,0.0865,0.006795,4.276
306179,520,423,943,169,92,226,308.13,0.7937,0.5626,0.215809,20,26,21,149.92,0.1797,0.1078,0.009416,4.474
306180,520,449,969,235,0,101,8.00,1.0000,0.5385,0.186049,12,9,42,281.16,0.7398,0.0736,0.004407,4.339
306191,520,412,932,250,33,41,26.82,0.9807,0.5696,0.215755,44,20,24,10.05,0.4236,0.1245,0.011018,4.355
306194,520,391,911,250,17,157,352.82,0.9855,0.5926,0.231627,38,32,49,300.34,0.2888,0.1549,0.016669,4.224
306195,520,269,789,228,139,183,349.39,0.6444,0.7004,0.383800,20,73,29,146.33,0.9396,0.2624,0.050023,4.337
306200,520,479,999,176,81,147,340.61,0.6132,0.5076,0.172228,2,0,2,328.36,1.0000,0.0139,0.000173,4.429
306220,520,478,998,213,49,52,25.44,0.9137,0.5056,0.165932,1,2,5,262.03,0.4486,0.0231,0.000608,4.267
306259,520,445,965,193,46,225,319.43,0.9237,0.5437,0.187291,32,8,25,340.13,0.5901,0.0845,0.005510,4.275
306263,520,479,999,200,5,189,331.39,0.9888,0.5114,0.160639,0,0,2,264.05,1.0000,0.0079,0.000044,4.209
306269,520,392,912,249,47,110,9.56,0.9534,0.5883,0.233020,64,6,48,342.09,0.8020,0.1528,0.014338,4.399
306276,520,455,975,214,22,169,341.10,0.9478,0.5302,0.177368,11,12,18,277.40,0.1957,0.0634,0.003778,4.228
306300,520,469,989,174,23,248,309.27,0.9805,0.5200,0.163897,5,4,21,282.66,0.6516,0.0419,0.001732,4.135
306316,520,477,997,163,49,234,307.85,0.9180,0.5076,0.159244,5,0,2,349.81,1.0000,0.0195,0.000367,4.154
306332,520,400,920,248,50,59,24.95,0.9665,0.5783,0.225570,57,13,42,343.98,0.6879,0.1437,0.013250,4.357
306336,520,417,937,240,28,146,354.63,0.9591,0.5721,0.214342,13,12,79,272.15,0.9436,0.1178,0.009130,4.471
306347,520,431,951,183,81,197,322.68,0.7421,0.5463,0.199845,35,5,53,309.09,0.8286,0.1035,0.007229,4.366
306359,520,399,919,220,41,219,328.45,0.9499,0.5811,0.219182,8,12,96,267.84,0.9764,0.1369,0.011590,4.371
306366,520,248,768,217,167,80,79.08,0.7171,0.7186,0.429698,22,75,72,189.76,0.7244,0.2829,0.056704,4.496
306375,520,390,910,251,41,117,6.99,0.9677,0.5904,0.233830,57,3,73,316.43,0.9143,0.1549,0.014161,4.424
306377,520,421,941,200,71,200,327.81,0.8123,0.5617,0.209576,34,8,60,301.63,0.8136,0.1125,0.008400,4.445
306388,520,189,709,225,165,252,314.96,0.9499,0.7769,0.499471,59,83,39,132.37,0.6180,0.3203,0.072627,4.481
306401,520,453,973,202,84,32,41.40,0.8789,0.5262,0.190035,2,19,2,143.07,0.9650,0.0696,0.004830,4.378
306419,520,399,919,227,8,217,330.79,0.9941,0.5797,0.215168,31,32,30,128.65,0.0432,0.1384,0.014181,4.132
306420,520,422,942,224,22,194,336.15,0.9703,0.5633,0.203186,49,9,8,25.91,0.7931,0.1110,0.008660,4.316
306448,520,474,994,225,34,15,30.25,0.9834,0.5158,0.171890,1,2,21,269.01,0.9199,0.0322,0.001040,4.347
306462,520,460,980,225,17,137,354.20,0.9655,0.5345,0.182173,11,12,9,122.05,0.1163,0.0603,0.003538,4.337
306466,520,429,949,228,32,150,350.90,0.9316,0.5522,0.197318,18,24,4,123.07,0.7236,0.0962,0.007906,4.271
306469,520,247,767,224,136,242,320.63,0.8865,0.7168,0.398679,45,74,37,139.13,0.6392,0.2809,0.055889,4.237
306490,520,467,987,223,36,80,15.40,0.9323,0.5211,0.175317,14,2,14,327.68,0.6729,0.0424,0.001685,4.359
306497,520,270,790,215,137,232,320.27,0.7849,0.7019,0.381658,33,72,1,135.44,0.9963,0.2620,0.049601,4.334
306508,520,407,927,224,86,13,41.66,0.9746,0.5680,0.225345,2,38,18,154.63,0.9725,0.1338,0.014427,4.274
306516,520,329,849,253,39,243,330.50,0.9929,0.6525,0.288078,8,26,139,265.68,0.9754,0.2144,0.026543,4.417
306517,520,391,911,219,29,249,321.21,0.9837,0.5947,0.227803,6,9,110,266.46,0.9891,0.1522,0.013598,4.368
306529,520,390,910,235,86,64,31.06,0.8856,0.5922,0.246908,10,34,69,258.18,0.7530,0.1523,0.016382,4.473
306536,520,432,952,241,14,65,20.06,0.9900,0.5463,0.193999,19,0,72,281.27,1.0000,0.0971,0.006063,4.352
306546,520,430,950,225,24,161,346.35,0.9523,0.5479,0.192367,16,1,77,276.68,0.9933,0.1024,0.006677,4.276
306549,520,409,929,246,17,124,2.63,0.9826,0.5721,0.214524,8,37,12,146.02,0.9204,0.1319,0.014013,4.132
306554,520,254,774,215,141,255,312.80,1.0000,0.7217,0.407179,37,74,30,140.54,0.8282,0.2742,0.053845,4.403
306564,520,433,953,191,44,238,315.83,0.9447,0.5492,0.190521,29,23,0,96.39,1.0000,0.1042,0.008740,4.095
306570,520,311,831,236,109,190,343.59,0.8122,0.6641,0.324902,24,62,11,139.02,0.9561,0.2241,0.036635,4.327
306575,520,423,943,190,62,232,316.23,0.8979,0.5583,0.202198,20,29,0,124.26,1.0000,0.1118,0.010274,4.184
306576,520,455,975,229,45,38,28.38,0.9530,0.5333,0.186777,5,6,43,272.37,0.9004,0.0636,0.003369,4.437
306577,520,348,868,237,21,254,324.52,0.9967,0.6258,0.256991,29,50,42,168.23,0.3669,0.1946,0.027095,3.982
306607,520,440,960,169,68,251,304.97,0.9694,0.5498,0.195349,39,6,14,9.06,0.7077,0.0889,0.005934,4.386
306616,520,362,882,226,105,103,23.00,0.7355,0.6124,0.272536,17,49,5,138.57,0.9695,0.1756,0.023267,4.402
306627,520,428,948,222,39,180,339.94,0.9183,0.5597,0.202784,4,27,6,145.37,0.9424,0.0962,0.008228,4.341
306633,520,379,899,249,38,168,349.80,0.9572,0.6037,0.243565,23,43,16,138.16,0.7238,0.1608,0.019473,4.226
306655,520,386,906,224,66,184,339.88,0.8513,0.5872,0.232068,30,38,8,122.63,0.7366,0.1495,0.016798,4.223
306657,520,352,872,246,72,164,352.43,0.9118,0.6227,0.269110,18,50,56,211.66,0.5744,0.1942,0.026952,4.147
306663,520,39,559,246,239,239,17.29,0.2545,0.9506,0.875581,24,128,16,142.10,0.9900,0.4477,0.156693,4.478
306669,520,457,977,228,19,100,7.88,0.9688,0.5283,0.178827,8,13,8,144.86,0.2629,0.0599,0.003570,4.272
306687,520,388,908,245,63,75,22.57,0.9405,0.5860,0.234788,39,26,57,301.67,0.4995,0.1472,0.014655,4.405
306710,520,438,958,211,58,175,339.13,0.8309,0.5519,0.199722,15,22,3,125.40,0.7735,0.0877,0.006819,4.395
306720,520,397,917,197,76,220,320.88,0.8435,0.5758,0.222079,50,9,64,315.73,0.7981,0.1415,0.012437,4.358
306722,520,383,903,250,13,166,350.03,0.9900,0.5955,0.233684,55,24,6,48.52,0.7439,0.1472,0.014788,4.379
306725,520,337,857,244,108,9,46.73,0.9898,0.6368,0.299810,37,52,12,127.48,0.8021,0.2001,0.028758,4.442
306734,520,211,731,225,159,241,319.64,0.8358,0.7599,0.471559,58,80,54,140.71,0.3926,0.3137,0.069031,4.382
306742,520,406,926,240,47,127,2.25,0.9153,0.5758,0.220937,42,26,8,67.22,0.6098,0.1309,0.012486,4.336
306750,520,414,934,240,46,116,6.07,0.9202,0.5716,0.217434,4,35,0,140.34,1.0000,0.1213,0.012278,4.294
306752,520,406,926,215,81,166,344.83,0.7520,0.5802,0.230872,9,37,10,144.01,0.9234,0.1320,0.014031,4.387
306784,520,147,667,251,198,75,84.85,0.9242,0.8284,0.614073,33,102,28,142.16,0.9581,0.3649,0.099096,4.454
306785,520,319,839,222,125,149,4.85,0.6096,0.6539,0.323687,22,56,58,200.53,0.5503,0.2160,0.033043,4.500
306787,520,464,984,155,57,252,301.04,0.9805,0.5203,0.169235,1,12,0,140.03,1.0000,0.0491,0.002694,4.161
306792,520,376,896,222,28,251,321.53,0.9859,0.6008,0.233272,26,41,10,131.10,0.7758,0.1557,0.018274,4.149
306794,520,476,996,205,65,85,16.38,0.7854,0.5133,0.174178,0,0,19,264.05,1.0000,0.0228,0.000470,4.442
306796,520,415,935,207,69,201,329.68,0.8338,0.5714,0.217405,49,14,12,26.11,0.6732,0.1191,0.009937,4.461
306810,520,329,849,178,123,254,300.98,0.9754,0.6454,0.307870,44,52,1,118.77,0.9779,0.2055,0.029936,4.477
306827,520,445,965,213,32,174,339.42,0.9190,0.5357,0.182374,2,4,61,266.59,0.9833,0.0771,0.004366,4.274
306831,520,347,867,249,87,130,7.98,0.9182,0.6330,0.285711,0,55,21,150.32,1.0000,0.1925,0.027864,4.312
306859,520,343,863,222,106,172,347.03,0.7006,0.6302,0.288183,15,49,61,224.77,0.6454,0.1925,0.026350,4.429
306873,520,404,924,240,1,173,345.73,0.9990,0.5771,0.215672,16,36,9,138.35,0.8509,0.1323,0.013916,4.157
306885,520,252,772,244,121,252,325.08,0.9846,0.7249,0.399383,2,73,77,201.19,0.9734,0.2736,0.053136,4.357
306887,520,260,780,229,126,240,323.60,0.8998,0.7055,0.378727,67,59,68,322.47,0.1277,0.2678,0.047386,4.402
306890,520,458,978,200,61,166,339.27,0.7868,0.5309,0.183718,9,13,15,229.34,0.1439,0.0630,0.003804,4.344
306908,520,408,928,242,45,106,9.76,0.9305,0.5720,0.217979,42,23,20,29.47,0.3582,0.1265,0.011556,4.353
306913,520,360,880,235,23,246,325.80,0.9908,0.6173,0.249313,13,48,43,182.29,0.6904,0.1797,0.023738,4.059
306940,520,351,871,250,26,226,333.86,0.9887,0.6313,0.265569,8,25,119,265.99,0.9651,0.1863,0.020786,4.458
306955,520,480,1000,117,80,254,285.66,0.9919,0.5077,0.166747,0,0,0,0.00,0.0000,0.0000,0.000000,4.335
306958,520,457,977,231,4,110,4.40,0.9938,0.5337,0.182045,3,14,24,243.50,0.6075,0.0647,0.003994,4.298
306969,520,375,895,221,47,243,322.79,0.9628,0.6032,0.238783,38,21,87,288.14,0.7893,0.1626,0.016365,4.351
306982,520,108,628,237,212,193,59.51,0.4431,0.8668,0.689426,29,110,27,142.67,0.9710,0.3900,0.114918,4.484
306989,520,317,837,222,121,182,344.32,0.6685,0.6592,0.325836,32,58,15,135.14,0.8735,0.2160,0.033676,4.492
306997,520,406,926,249,18,115,6.08,0.9837,0.5756,0.218137,26,9,87,280.82,0.9356,0.1340,0.011031,4.393
307003,520,418,938,249,4,11,28.72,0.9985,0.5563,0.202544,36,14,59,302.65,0.7211,0.1226,0.010049,4.206
307029,520,465,985,178,92,123,358.43,0.5228,0.5191,0.185506,13,2,33,295.80,0.8589,0.0534,0.002388,4.495
307035,520,469,989,209,21,163,341.74,0.9417,0.5170,0.167382,7,8,0,113.92,1.0000,0.0450,0.002188,4.165
307045,520,466,986,194,31,206,324.91,0.9360,0.5217,0.169071,2,5,29,267.95,0.8688,0.0469,0.002101,4.205
307048,520,283,803,239,101,246,325.73,0.9593,0.6865,0.343142,2,65,82,222.65,0.9625,0.2508,0.044025,4.181
307054,520,438,958,206,73,154,346.52,0.7427,0.5493,0.202219,11,17,40,270.25,0.5692,0.0873,0.006252,4.484
307058,520,396,916,211,77,187,335.52,0.7890,0.5791,0.227464,0,37,35,189.44,1.0000,0.1353,0.014444,4.305
307060,520,418,938,225,6,199,334.98,0.9935,0.5642,0.202638,31,29,8,103.89,0.5983,0.1242,0.011876,4.083
307092,520,443,963,220,46,125,359.08,0.8661,0.5355,0.186529,0,10,60,263.42,1.0008,0.0846,0.005433,4.267
307101,520,403,923,209,67,219,325.11,0.8816,0.5838,0.226859,3,36,12,149.17,0.9682,0.1262,0.013076,4.389
307103,520,191,711,248,149,252,325.65,0.9824,0.7753,0.484816,58,82,59,145.67,0.3694,0.3212,0.072498,4.366
307122,520,410,930,197,87,192,329.30,0.7307,0.5730,0.224940,13,31,50,251.35,0.5487,0.1314,0.012958,4.367
307144,520,469,989,226,31,54,23.04,0.9642,0.5197,0.174180,7,5,18,290.27,0.5036,0.0446,0.001974,4.313
307155,520,331,851,251,41,235,331.93,0.9843,0.6450,0.280963,41,48,46,176.53,0.0977,0.2002,0.027826,4.253
307176,520,467,987,207,39,166,340.57,0.8768,0.5244,0.174717,6,3,19,291.25,0.6642,0.0392,0.001509,4.363
307179,520,429,949,119,107,241,283.02,0.8561,0.5456,0.207878,30,16,38,312.22,0.4888,0.1027,0.007866,4.456
307194,520,228,748,244,160,60,66.43,0.8913,0.7362,0.447033,16,79,69,179.58,0.8567,0.2927,0.061315,4.465
307212,520,407,927,198,51,244,316.24,0.9481,0.5701,0.209065,0,35,34,191.98,1.0000,0.1283,0.013175,4.101
307214,520,208,728,227,153,255,316.33,1.0000,0.7579,0.463346,19,79,107,233.82,0.7838,0.3128,0.067916,4.353
307218,520,388,908,249,31,135,0.09,0.9642,0.5870,0.228724,29,10,96,280.54,0.9426,0.1490,0.013228,4.408
307224,520,479,999,117,88,244,285.67,0.9117,0.5114,0.172927,3,0,0,29.23,1.0000,0.0143,0.000194,4.441
307229,520,480,1000,218,17,123,357.67,0.9584,0.5147,0.167389,0,0,0,0.00,0.0000,0.0000,0.000000,4.348
307242,520,460,980,175,84,178,326.21,0.6641,0.5273,0.186700,3,12,29,258.24,0.6795,0.0630,0.003710,4.407
307244,520,366,886,225,67,220,329.32,0.9093,0.6104,0.251914,32,36,70,276.41,0.4971,0.1726,0.020110,4.306
307249,520,452,972,166,88,186,319.12,0.6541,0.5255,0.186324,7,15,20,235.57,0.3222,0.0682,0.004373,4.346
307267,520,391,911,213,53,230,323.67,0.9341,0.5852,0.224074,3,18,100,265.13,0.9719,0.1484,0.013720,4.301
307275,520,388,908,196,64,255,312.72,1.0000,0.5870,0.226238,48,13,75,305.61,0.8011,0.1526,0.014243,4.300
307279,520,435,955,205,8,228,322.60,0.9929,0.5490,0.187560,46,0,12,10.32,1.0000,0.0924,0.006075,4.236
307280,520,415,935,200,35,254,315.08,0.9951,0.5709,0.206386,42,16,30,348.30,0.5007,0.1160,0.009566,4.304
307289,520,407,927,215,13,238,322.81,0.9922,0.5747,0.209099,5,35,34,191.89,0.7733,0.1307,0.013498,4.080
307298,520,414,934,245,27,116,5.51,0.9677,0.5710,0.214607,0,13,84,263.94,1.0033,0.1185,0.009279,4.464
307307,520,448,968,221,39,134,355.36,0.8920,0.5359,0.185470,3,12,51,265.71,0.9110,0.0808,0.005213,4.265
307313,520,468,988,202,55,144,348.01,0.7931,0.5173,0.173045,11,3,1,46.39,0.6267,0.0364,0.001385,4.341
307319,520,401,921,238,16,174,345.14,0.9825,0.5768,0.216067,28,35,9,122.37,0.6685,0.1387,0.014687,4.113
307351,520,382,902,232,42,215,332.49,0.9563,0.5999,0.237206,36,36,52,284.22,0.2577,0.1647,0.018847,4.172
307386,520,462,982,188,63,195,325.65,0.8088,0.5301,0.181879,6,8,5,134.15,0.2036,0.0457,0.002233,4.439
307387,520,393,913,218,65,205,331.66,0.8750,0.5878,0.230959,31,27,62,285.88,0.5438,0.1441,0.014230,4.374
307389,520,445,965,183,46,241,312.72,0.9413,0.5408,0.183732,32,3,24,340.17,0.7529,0.0754,0.004382,4.298
307413,520,429,949,200,68,183,333.37,0.7878,0.5481,0.198342,23,24,9,111.89,0.4606,0.1020,0.008552,4.241
307417,520,352,872,251,77,94,19.56,0.9631,0.6157,0.266286,35,32,99,278.69,0.7632,0.1919,0.022911,4.338
307432,520,471,991,173,81,176,326.26,0.6703,0.5185,0.179047,7,3,14,303.00,0.5545,0.0376,0.001420,4.454
307436,520,423,943,223,25,186,338.21,0.9594,0.5579,0.199309,29,17,52,296.21,0.6211,0.1132,0.009100,4.218
307438,520,403,923,245,49,94,14.60,0.9350,0.5778,0.224206,10,29,56,257.55,0.6702,0.1286,0.012287,4.402
307443,520,354,874,254,81,29,35.78,0.9942,0.6177,0.270480,45,36,65,297.21,0.4104,0.1825,0.022013,4.450
307445,520,395,915,225,10,231,326.91,0.9943,0.5862,0.219965,46,19,53,319.01,0.6008,0.1406,0.013037,4.283
307449,520,11,531,242,255,251,175.74,1.0000,0.9875,0.973619,25,135,49,146.11,0.9797,0.4740,0.177556,4.498
307452,520,470,990,210,68,19,36.91,0.9562,0.5174,0.178852,10,5,8,340.32,0.2585,0.0433,0.001906,4.409
307468,520,455,975,175,78,197,319.83,0.7434,0.5302,0.185950,15,6,20,313.16,0.4970,0.0556,0.002823,4.467
307471,520,464,984,119,87,248,286.06,0.9399,0.5152,0.175153,11,1,28,298.39,0.8951,0.0452,0.001767,4.349
307472,520,374,894,237,66,151,354.68,0.8598,0.5952,0.241382,74,2,22,13.04,0.9525,0.1596,0.015574,4.444
307485,520,401,921,236,43,164,348.46,0.9233,0.5802,0.222439,3,36,44,217.41,0.8528,0.1379,0.014629,4.215
307511,520,345,865,253,92,29,38.66,0.9871,0.6298,0.286291,12,53,5,140.88,0.9804,0.1872,0.026352,4.404
307512,520,465,985,154,64,240,302.49,0.9125,0.5157,0.168285,20,1,27,317.02,0.8580,0.0550,0.002496,4.158
307521,520,397,917,247,20,127,1.92,0.9792,0.5760,0.218102,61,7,29,1.42,0.7891,0.1387,0.012329,4.301
307525,520,359,879,232,28,250,324.17,0.9880,0.6168,0.248908,26,0,128,273.28,1.0000,0.1809,0.017780,4.410
307529,520,474,994,203,46,171,337.95,0.8497,0.5250,0.175927,1,1,22,270.44,0.9625,0.0300,0.000861,4.442
307546,520,334,854,253,100,11,42.56,0.9914,0.6403,0.300246,27,53,40,160.93,0.4850,0.2021,0.029323,4.415
307566,520,446,966,181,43,244,311.58,0.9495,0.5381,0.180842,11,18,15,166.80,0.2221,0.0768,0.005382,4.168
307574,520,390,910,224,13,240,324.58,0.9937,0.5915,0.224286,14,35,57,251.40,0.5868,0.1479,0.015908,4.162
307585,520,452,972,171,44,248,307.66,0.9642,0.5275,0.172374,27,2,28,326.59,0.7956,0.0677,0.003603,4.149
307592,520,416,936,250,14,79,17.05,0.9911,0.5678,0.212062,40,20,23,10.45,0.3680,0.1179,0.010133,4.358
307593,520,424,944,175,82,231,310.18,0.8449,0.5596,0.209189,14,15,71,273.27,0.8921,0.1139,0.008899,4.401
307597,520,419,939,227,58,115,5.66,0.8512,0.5559,0.205975,6,7,81,268.21,0.9803,0.1097,0.007847,4.425
307611,520,410,930,252,20,63,21.58,0.9888,0.5710,0.215584,37,8,76,295.46,0.8777,0.1325,0.010888,4.362
307615,520,464,984,193,46,186,330.21,0.8556,0.5163,0.168382,19,3,18,329.83,0.6620,0.0529,0.002473,4.162
307627,520,457,977,237,3,27,27.05,0.9984,0.5309,0.181521,5,12,23,256.54,0.4676,0.0611,0.003571,4.322
307636,520,433,953,237,4,124,0.72,0.9946,0.5508,0.195497,1,13,70,264.27,0.9623,0.1018,0.007364,4.280
307655,520,419,939,208,33,226,323.64,0.9612,0.5611,0.199904,31,16,44,306.95,0.5591,0.1079,0.008438,4.276
307669,520,400,920,236,75,16,36.95,0.9800,0.5758,0.229055,29,31,52,278.90,0.3630,0.1447,0.014891,4.300
307670,520,444,964,225,63,18,34.68,0.9730,0.5407,0.196090,2,6,62,266.29,0.9755,0.0817,0.004909,4.482
307679,520,454,974,107,100,253,279.41,0.9803,0.5321,0.193314,1,19,19,194.91,0.8789,0.0739,0.005192,4.409
307686,520,458,978,214,65,77,20.48,0.8302,0.5286,0.186150,6,15,10,160.66,0.3939,0.0639,0.004023,4.371
307692,520,396,916,220,10,240,323.62,0.9948,0.5840,0.217261,66,6,11,22.67,0.9080,0.1435,0.013129,4.234
307694,520,399,919,170,101,233,305.71,0.8046,0.5834,0.237371,0,38,47,217.51,1.0000,0.1444,0.015914,4.360
307711,520,388,908,229,3,227,328.83,0.9982,0.5891,0.222717,5,40,34,179.02,0.8472,0.1468,0.016653,4.092
307724,520,443,963,164,77,228,307.40,0.8389,0.5355,0.188023,33,7,3,34.54,0.7629,0.0772,0.004819,4.342
307733,520,382,902,247,51,139,359.63,0.9322,0.5964,0.240092,15,46,4,138.65,0.9733,0.1643,0.020642,4.106
307735,520,332,852,247,101,102,22.62,0.9088,0.6413,0.300439,46,51,3,115.71,0.9293,0.2047,0.029551,4.405
307748,520,406,926,179,98,217,313.77,0.7439,0.5792,0.233297,27,33,1,119.32,0.9518,0.1304,0.013229,4.480
307753,520,389,909,149,108,253,292.68,0.9633,0.5861,0.242065,37,36,11,106.85,0.6094,0.1514,0.016792,4.373
307756,520,454,974,159,88,209,308.92,0.7286,0.5312,0.189544,22,6,25,321.31,0.5975,0.0666,0.003710,4.460
307757,520,452,972,174,32,252,308.20,0.9853,0.5279,0.170608,12,6,39,285.28,0.7760,0.0656,0.003549,4.120
307806,520,442,962,231,2,133,356.49,0.9966,0.5414,0.187287,7,3,64,271.69,0.9811,0.0826,0.004804,4.330
307808,520,390,910,196,83,235,316.26,0.8786,0.5933,0.239217,20,39,41,204.30,0.3682,0.1541,0.017598,4.278
307809,520,456,976,219,24,154,347.24,0.9417,0.5329,0.180489,1,14,11,179.59,0.8518,0.0576,0.003447,4.313
307820,520,474,994,212,51,107,5.30,0.8338,0.5180,0.174286,0,4,13,250.09,1.0000,0.0321,0.001159,4.384
307823,520,412,932,219,9,225,326.88,0.9934,0.5712,0.206939,9,34,1,137.93,0.9886,0.1206,0.012043,4.141
307824,520,466,986,195,66,157,341.47,0.7471,0.5232,0.179346,6,0,41,278.69,1.0000,0.0499,0.001988,4.412
307838,520,459,979,189,17,232,317.23,0.9827,0.5276,0.170473,13,6,31,292.85,0.6735,0.0603,0.003147,4.148
307843,520,273,793,231,124,226,328.95,0.8559,0.6976,0.368971,46,52,117,275.39,0.6496,0.2615,0.043210,4.495
307847,520,315,835,234,110,176,349.18,0.7696,0.6566,0.317813,36,45,102,272.80,0.6608,0.2241,0.032110,4.479
307850,520,476,996,169,38,231,310.98,0.9400,0.5053,0.155916,0,1,10,262.28,1.0000,0.0204,0.000436,4.083
307852,520,392,912,253,53,43,28.69,0.9912,0.5889,0.236070,48,26,38,346.46,0.3704,0.1488,0.015072,4.396
307857,520,477,997,173,27,232,312.35,0.9643,0.5059,0.154953,4,0,0,29.23,1.0000,0.0164,0.000258,4.078
307858,520,371,891,184,96,253,307.03,0.9751,0.6077,0.256487,13,45,35,169.54,0.6944,0.1668,0.020836,4.327
307862,520,463,983,208,60,135,353.74,0.7859,0.5295,0.183930,4,8,12,241.44,0.2940,0.0463,0.002260,4.476
307879,520,458,978,216,17,171,340.92,0.9643,0.5334,0.179424,1,12,23,242.84,0.7894,0.0578,0.003312,4.303
307882,520,437,957,171,86,212,313.20,0.7551,0.5463,0.200678,28,11,39,310.08,0.6161,0.0918,0.006327,4.450
307886,520,365,885,228,105,34,45.78,0.9161,0.6058,0.267152,26,46,5,132.11,0.9314,0.1711,0.021845,4.414
307887,520,287,807,241,94,253,324.64,0.9910,0.6851,0.338004,16,59,83,237.60,0.7248,0.2367,0.038624,4.378
307889,520,460,980,187,41,218,319.54,0.9211,0.5250,0.172140,13,7,19,306.85,0.4192,0.0552,0.002845,4.204
307908,520,382,902,246,69,117,9.41,0.9151,0.6034,0.251367,50,31,32,15.82,0.2818,0.1606,0.017624,4.456
307909,520,472,992,229,1,64,18.86,0.9990,0.5175,0.170529,6,2,5,334.52,0.4173,0.0296,0.000931,4.330
307921,520,408,928,209,13,239,321.06,0.9916,0.5653,0.200770,59,2,21,7.57,0.9113,0.1258,0.010275,4.160
307943,520,375,895,245,0,206,337.70,1.0000,0.6043,0.238718,19,17,106,271.54,0.9569,0.1624,0.015798,4.388
307952,520,449,969,199,69,165,339.69,0.7539,0.5377,0.191167,36,3,0,34.56,1.0000,0.0745,0.004403,4.433
307956,520,342,862,235,77,205,336.38,0.8861,0.6285,0.273802,78,24,22,25.55,0.7189,0.1935,0.023312,4.417
307962,520,357,877,215,68,251,318.82,0.9785,0.6163,0.255481,69,28,4,47.36,0.8497,0.1803,0.021047,4.300
307964,520,428,948,207,63,192,332.48,0.8338,0.5596,0.206281,21,22,32,280.02,0.2296,0.1027,0.008375,4.390
307982,520,341,861,242,73,190,342.74,0.9046,0.6284,0.273629,20,31,117,269.03,0.9245,0.1993,0.024129,4.366
307984,520,412,932,230,41,171,344.76,0.9206,0.5711,0.213518,5,9,87,267.06,0.9804,0.1197,0.009157,4.455
308000,520,430,950,246,20,6,29.64,0.9958,0.5537,0.201099,24,5,66,287.65,0.9140,0.1023,0.006961,4.408
308005,520,476,996,172,88,131,349.59,0.5325,0.5058,0.173899,5,0,5,328.36,1.0000,0.0213,0.000432,4.440
308007,520,367,887,246,35,197,340.56,0.9692,0.6109,0.248292,28,38,69,268.83,0.4940,0.1737,0.020627,4.223
308010,520,461,981,230,34,83,14.99,0.9459,0.5350,0.185946,7,10,8,157.15,0.1449,0.0522,0.002798,4.469
308013,520,433,953,185,51,243,312.67,0.9408,0.5494,0.191541,13,21,46,268.27,0.5724,0.1024,0.008191,4.151
308016,520,253,773,247,125,214,338.58,0.9255,0.7160,0.392989,45,69,50,150.25,0.3947,0.2685,0.050443,4.410
308023,520,470,990,171,12,253,307.56,0.9921,0.5166,0.160135,11,2,13,322.04,0.6462,0.0386,0.001436,4.085
308026,520,374,894,255,59,42,29.71,1.0000,0.5978,0.245588,53,25,47,335.58,0.4786,0.1589,0.016575,4.440
308035,520,467,987,215,58,30,32.37,0.9414,0.5162,0.175694,5,1,24,287.17,0.9008,0.0361,0.001199,4.408
308041,520,414,934,203,38,250,316.67,0.9773,0.5740,0.209864,26,20,60,285.68,0.6537,0.1224,0.010462,4.298
308043,520,425,945,237,29,139,356.41,0.9523,0.5638,0.207504,22,7,69,283.59,0.9077,0.1064,0.007522,4.477
308052,520,432,952,179,96,166,333.23,0.5766,0.5464,0.207037,13,13,66,273.92,0.8899,0.1044,0.007667,4.457
308061,520,239,759,232,144,213,335.15,0.7637,0.7273,0.419082,16,73,84,213.71,0.7901,0.2804,0.055151,4.461
308071,520,437,957,226,6,167,344.44,0.9901,0.5479,0.190917,8,13,50,271.16,0.8208,0.0851,0.005697,4.325
308074,520,394,914,222,88,126,5.63,0.7283,0.5860,0.240178,9,38,26,162.99,0.7513,0.1392,0.015188,4.451
308079,520,454,974,189,78,152,342.59,0.6721,0.5264,0.185361,1,15,37,255.11,0.8834,0.0737,0.004816,4.294
308080,520,342,862,243,0,252,326.39,1.0000,0.6305,0.260857,50,18,100,294.20,0.8434,0.1864,0.020308,4.421
308089,520,393,913,238,2,202,337.20,0.9985,0.5893,0.224877,46,15,63,311.17,0.7245,0.1417,0.012814,4.376
308092,520,434,954,208,25,217,325.96,0.9683,0.5509,0.191168,24,20,32,299.52,0.2763,0.1008,0.007988,4.159
308095,520,383,903,240,22,198,338.81,0.9816,0.5952,0.231792,6,28,80,263.25,0.9079,0.1457,0.014483,4.370
308098,520,365,885,240,27,223,332.34,0.9837,0.6119,0.246396,57,33,8,63.33,0.7188,0.1707,0.019752,4.249
308104,520,446,966,202,63,170,338.47,0.7889,0.5386,0.190157,29,13,9,34.96,0.4295,0.0832,0.005688,4.313
308120,520,451,971,185,1,255,311.29,1.0000,0.5374,0.175571,6,5,49,273.17,0.9348,0.0683,0.003690,4.201
308121,520,374,894,253,61,61,26.21,0.9889,0.5977,0.245607,7,45,17,148.41,0.9485,0.1595,0.019623,4.246
308133,520,399,919,243,67,10,35.13,0.9906,0.5800,0.230942,25,26,64,278.54,0.6086,0.1377,0.013156,4.448
308137,520,426,946,213,25,217,327.26,0.9709,0.5596,0.198532,6,29,15,154.45,0.8063,0.1056,0.009519,4.176
308138,520,326,846,244,96,161,355.96,0.8581,0.6465,0.301749,30,58,12,135.56,0.9148,0.2143,0.033286,4.223
308142,520,325,845,206,110,243,315.69,0.8931,0.6509,0.307460,52,50,26,104.26,0.4370,0.2117,0.030859,4.421
308153,520,471,991,220,45,77,17.23,0.9054,0.5208,0.176309,15,4,0,57.36,1.0000,0.0434,0.001884,4.362
308154,520,448,968,236,18,84,14.27,0.9804,0.5406,0.189088,22,4,43,300.30,0.8237,0.0756,0.004318,4.402
308169,520,441,961,175,76,214,315.00,0.8002,0.5391,0.191388,11,23,13,148.68,0.4624,0.0899,0.007130,4.225
308173,520,457,977,197,54,184,332.03,0.8307,0.5290,0.179710,18,5,21,320.33,0.5768,0.0574,0.002913,4.341
308186,520,439,959,237,47,15,31.65,0.9856,0.5498,0.200753,20,21,18,122.00,0.0839,0.0933,0.007287,4.377
308189,520,462,982,220,59,48,28.62,0.9090,0.5289,0.185596,1,10,14,219.73,0.7426,0.0489,0.002552,4.483
308198,520,479,999,154,86,187,313.49,0.6544,0.5062,0.171140,1,0,5,292.48,1.0000,0.0142,0.000174,4.407
308215,520,462,982,234,26,10,29.83,0.9911,0.5305,0.182563,15,1,32,301.68,0.9073,0.0525,0.002276,4.449
308220,520,407,927,218,34,210,330.32,0.9530,0.5678,0.207048,44,5,62,311.99,0.8543,0.1254,0.009919,4.290
308232,520,340,860,246,98,114,16.78,0.8865,0.6380,0.295462,10,57,11,143.25,0.9729,0.2012,0.030148,4.310
308234,520,339,859,251,102,36,40.97,0.9713,0.6408,0.301427,33,52,19,133.63,0.7034,0.1979,0.028263,4.490
308238,520,431,951,167,88,219,309.55,0.7738,0.5488,0.203101,18,21,42,275.90,0.4525,0.1034,0.008321,4.340
308254,520,350,870,218,78,250,319.52,0.9719,0.6303,0.272581,35,40,80,275.67,0.5333,0.1928,0.024540,4.328
308267,520,455,975,193,23,225,319.92,0.9710,0.5306,0.173880,3,13,15,209.15,0.5139,0.0581,0.003417,4.191
308273,520,431,951,157,97,214,305.45,0.7170,0.5472,0.205730,5,26,13,154.55,0.8081,0.0952,0.008001,4.409
308276,520,340,860,254,100,27,41.13,0.9929,0.6427,0.302678,25,54,30,148.01,0.6672,0.2011,0.029387,4.443
308280,520,434,954,230,35,134,357.02,0.9246,0.5511,0.197491,44,6,29,347.39,0.7292,0.1038,0.007545,4.301
308314,520,298,818,250,74,233,332.23,0.9776,0.6659,0.311076,17,36,135,266.84,0.9436,0.2288,0.031300,4.441
308326,520,365,885,235,71,184,342.90,0.8690,0.6113,0.256320,24,34,82,270.65,0.6959,0.1713,0.019474,4.409
308337,520,423,943,205,57,210,326.60,0.8826,0.5618,0.205603,14,30,3,133.93,0.9242,0.1109,0.010285,4.240
308370,520,209,729,247,164,122,47.43,0.8123,0.7573,0.477325,45,81,57,153.77,0.5208,0.3082,0.067380,4.492
308382,520,348,868,246,11,241,329.46,0.9968,0.6299,0.261860,23,19,123,271.47,0.9644,0.1898,0.020778,4.406
308393,520,388,908,209,51,242,319.76,0.9486,0.5858,0.223355,53,28,12,51.77,0.5958,0.1533,0.016140,4.133
308416,520,478,998,206,37,149,346.17,0.8692,0.5123,0.166170,0,2,2,194.77,1.0000,0.0198,0.000478,4.282
308420,520,420,940,89,118,254,270.29,0.9916,0.5564,0.222355,11,30,23,167.59,0.5230,0.1138,0.010615,4.493
308426,520,411,931,246,24,92,13.26,0.9773,0.5653,0.210223,18,17,67,276.62,0.8136,0.1161,0.009347,4.385
308431,520,443,963,184,69,210,319.68,0.8203,0.5408,0.191009,38,1,2,25.47,0.9650,0.0752,0.004382,4.432
308434,520,370,890,212,115,103,28.23,0.6194,0.6076,0.272397,19,46,32,159.17,0.5954,0.1721,0.021967,4.480
308437,520,370,890,207,75,248,316.95,0.9576,0.6092,0.250764,3,38,76,253.95,0.9012,0.1662,0.019273,4.342
308446,520,466,986,226,8,99,7.49,0.9869,0.5208,0.172461,8,6,14,296.86,0.3309,0.0461,0.002136,4.267
308457,520,376,896,219,24,255,319.97,1.0000,0.5975,0.229353,77,2,7,25.15,0.9812,0.1637,0.016368,4.209
308460,520,328,848,254,86,151,0.41,0.9833,0.6473,0.299641,40,53,9,124.66,0.8452,0.2056,0.030170,4.361
308476,520,283,803,217,136,214,328.19,0.6877,0.6937,0.372165,13,70,27,147.43,0.9633,0.2495,0.045448,4.423
308478,520,411,931,219,19,213,329.83,0.9805,0.5654,0.203321,0,27,55,251.20,1.0000,0.1175,0.010596,4.180
308481,520,429,949,215,72,111,7.73,0.7659,0.5476,0.202318,8,19,49,265.68,0.7215,0.0970,0.007391,4.396
308521,520,454,974,177,91,148,341.61,0.5587,0.5262,0.189686,14,16,3,115.69,0.6318,0.0708,0.004705,4.381
308533,520,329,849,239,64,243,327.08,0.9596,0.6452,0.284911,75,31,52,352.23,0.5351,0.2094,0.027240,4.336
308556,520,422,942,228,34,156,348.96,0.9279,0.5560,0.200411,34,1,65,300.52,0.9717,0.1081,0.007435,4.360
308557,520,373,893,220,37,250,321.13,0.9802,0.6008,0.234429,14,45,17,145.36,0.8889,0.1624,0.020105,4.057
308563,520,434,954,224,18,176,341.35,0.9705,0.5517,0.194171,39,8,40,326.51,0.7037,0.1042,0.007583,4.240
308574,520,457,977,224,20,128,357.23,0.9569,0.5299,0.179088,12,0,44,286.90,1.0000,0.0583,0.002600,4.355
308587,520,424,944,175,82,232,309.95,0.8493,0.5603,0.209755,0,27,40,232.04,1.0000,0.1069,0.009370,4.375
308593,520,257,777,194,152,245,304.09,0.8034,0.7132,0.405188,49,72,1,127.56,0.9922,0.2731,0.052898,4.424
308595,520,463,983,231,21,85,13.50,0.9721,0.5314,0.181842,7,5,23,286.00,0.6153,0.0475,0.002156,4.445
308601,520,369,889,244,23,216,334.99,0.9868,0.6134,0.248067,17,45,37,172.37,0.5758,0.1695,0.021294,4.181
308603,520,477,997,177,58,205,319.23,0.8366,0.5141,0.167821,0,2,10,257.10,0.9999,0.0242,0.000653,4.300
308605,520,424,944,178,73,238,310.32,0.8944,0.5575,0.204040,20,23,40,275.46,0.3668,0.1087,0.009147,4.295
308608,520,413,933,229,3,196,336.73,0.9969,0.5692,0.207113,14,30,43,244.53,0.4592,0.1248,0.011963,4.149
308614,520,416,936,205,46,238,319.72,0.9493,0.5729,0.211078,51,8,35,346.34,0.7283,0.1226,0.009989,4.352
308630,520,401,921,167,96,239,303.90,0.8489,0.5759,0.228137,49,14,54,322.48,0.6924,0.1382,0.012335,4.462
308655,520,457,977,209,22,184,335.24,0.9521,0.5296,0.175919,4,2,48,271.54,0.9783,0.0598,0.002826,4.277
308657,520,416,936,255,15,2,29.60,1.0000,0.5713,0.216099,6,33,11,147.34,0.9208,0.1176,0.011505,4.326
308662,520,432,952,237,43,36,28.51,0.9631,0.5482,0.198629,16,19,46,275.72,0.5675,0.0999,0.007731,4.307
308694,520,467,987,176,37,235,312.28,0.9487,0.5188,0.165524,13,1,20,314.00,0.8199,0.0419,0.001578,4.179
308717,520,474,994,200,32,191,330.78,0.9197,0.5224,0.170758,1,2,22,268.88,0.9274,0.0329,0.001078,4.322
308720,520,413,933,146,108,231,294.96,0.7701,0.5665,0.226057,18,28,44,259.53,0.3930,0.1225,0.011409,4.495
308722,520,270,790,252,106,218,337.62,0.9773,0.6976,0.360683,22,53,124,263.48,0.8472,0.2556,0.041718,4.478
308743,520,465,985,211,70,3,38.91,0.9928,0.5213,0.182381,0,12,14,205.29,1.0000,0.0527,0.002946,4.389
308749,520,363,883,251,69,122,8.28,0.9559,0.6141,0.261740,26,36,71,269.58,0.5532,0.1684,0.019362,4.494
308751,520,282,802,251,83,249,328.39,0.9859,0.6859,0.335381,17,65,80,222.91,0.7343,0.2536,0.044787,4.066
308777,520,359,879,245,85,103,17.68,0.9021,0.6162,0.268919,0,52,12,146.59,1.0000,0.1805,0.024824,4.262
308806,520,370,890,220,51,249,321.09,0.9745,0.6086,0.244248,41,39,19,103.42,0.4390,0.1660,0.019695,4.222
308807,520,448,968,227,5,142,352.69,0.9906,0.5377,0.183952,32,6,31,329.24,0.6836,0.0843,0.005363,4.226
308808,520,423,943,221,3,201,333.47,0.9965,0.5574,0.196567,17,14,68,276.75,0.8621,0.1111,0.008506,4.214
308814,520,365,885,254,62,97,16.23,0.9911,0.6069,0.253828,56,24,67,316.68,0.6257,0.1742,0.018994,4.404
308818,520,307,827,204,126,238,314.84,0.8238,0.6718,0.339332,23,63,4,138.06,0.9850,0.2264,0.037458,4.452
308825,520,443,963,209,26,199,330.97,0.9535,0.5408,0.184196,6,19,16,177.84,0.4626,0.0763,0.005419,4.226
308834,520,72,592,250,224,203,61.23,0.7046,0.9097,0.779480,48,114,93,169.56,0.6629,0.4244,0.134528,4.495
308857,520,412,932,233,67,93,16.46,0.8640,0.5706,0.221312,26,24,42,288.29,0.3525,0.1181,0.010400,4.492
308862,520,446,966,196,64,193,328.82,0.8128,0.5430,0.192544,13,13,33,281.21,0.5056,0.0753,0.004832,4.423
308866,520,421,941,171,94,210,312.94,0.7192,0.5575,0.213172,45,12,22,4.19,0.6094,0.1114,0.008788,4.477
308874,520,423,943,210,60,181,336.88,0.8308,0.5554,0.202716,1,30,13,154.79,0.9798,0.1055,0.009640,4.237
308894,520,424,944,213,9,218,327.08,0.9913,0.5557,0.194055,19,28,20,147.79,0.2841,0.1123,0.010194,4.054
308899,520,406,926,253,12,97,12.07,0.9920,0.5775,0.220124,58,6,7,25.33,0.9005,0.1254,0.010453,4.468
308927,520,441,961,204,18,212,326.21,0.9756,0.5379,0.180253,22,19,7,96.08,0.4373,0.0874,0.006517,4.074
308935,520,404,924,252,40,80,18.59,0.9819,0.5830,0.227959,33,30,22,89.92,0.1944,0.1324,0.013098,4.405
308950,520,458,978,213,29,172,340.00,0.9270,0.5331,0.180057,7,6,32,279.37,0.7351,0.0559,0.002797,4.357
308975,520,403,923,220,61,191,336.42,0.8660,0.5792,0.223170,39,29,2,88.99,0.8817,0.1332,0.013145,4.326
308979,520,376,896,246,65,116,9.19,0.9192,0.5991,0.246377,27,29,76,276.85,0.6725,0.1566,0.016335,4.468
309001,520,474,994,148,67,246,298.99,0.9393,0.5169,0.169643,6,2,5,334.52,0.4173,0.0296,0.000931,4.313
309008,520,361,881,233,10,255,323.43,1.0000,0.6172,0.247631,76,22,12,32.63,0.8114,0.1847,0.021371,4.170
309012,520,24,544,250,242,252,319.45,0.7323,0.9653,0.908567,3,124,141,211.48,0.9845,0.4647,0.163569,4.488
309025,520,429,949,223,50,150,350.66,0.8646,0.5545,0.201737,6,23,34,238.84,0.5856,0.0955,0.007670,4.365
309031,520,453,973,235,10,3,29.40,0.9974,0.5271,0.178891,24,8,7,25.25,0.4657,0.0661,0.003832,4.252
309037,520,463,983,231,23,87,12.96,0.9678,0.5326,0.182929,17,4,14,335.64,0.5409,0.0508,0.002377,4.447
309043,520,344,864,241,59,211,335.85,0.9373,0.6251,0.265346,45,32,86,290.49,0.6433,0.1897,0.022628,4.342
309044,520,393,913,250,39,116,7.02,0.9614,0.5870,0.230395,11,39,23,155.65,0.7575,0.1424,0.015840,4.259
309066,520,413,933,149,103,243,295.13,0.8578,0.5696,0.225612,9,33,20,157.24,0.7132,0.1212,0.011963,4.448
309073,520,418,938,204,5,241,319.37,0.9967,0.5569,0.192985,54,5,34,349.39,0.7892,0.1242,0.010084,4.044
309080,520,437,957,189,75,199,324.41,0.7787,0.5486,0.199758,0,21,46,252.10,1.0000,0.0946,0.007335,4.356
309081,520,417,937,249,6,87,14.41,0.9958,0.5656,0.209617,6,31,43,232.53,0.6925,0.1235,0.011931,4.192
309083,520,293,813,252,82,246,329.39,0.9888,0.6846,0.333867,34,64,42,151.31,0.5488,0.2425,0.041739,4.184
309084,520,361,881,240,31,232,330.15,0.9831,0.6193,0.253342,68,9,75,323.16,0.8214,0.1818,0.019325,4.376
309088,520,397,917,244,60,55,27.29,0.9496,0.5783,0.227440,35,21,67,293.28,0.6730,0.1402,0.012989,4.405
309095,520,446,966,232,16,116,2.85,0.9750,0.5405,0.187903,28,13,10,32.02,0.3922,0.0820,0.005567,4.281
309102,520,447,967,196,66,191,329.44,0.8023,0.5439,0.193954,7,20,10,150.66,0.5634,0.0780,0.005674,4.382
309120,520,347,867,249,61,188,344.50,0.9539,0.6287,0.271112,6,52,33,160.65,0.9319,0.1870,0.026044,4.223
309137,520,247,767,242,142,159,9.47,0.7446,0.7170,0.407288,39,70,77,213.76,0.3955,0.2780,0.053473,4.419
309143,520,472,992,211,45,139,351.57,0.8468,0.5230,0.175920,2,0,19,280.27,1.0000,0.0258,0.000599,4.465
309154,520,418,938,215,35,200,332.26,0.9385,0.5565,0.198214,6,33,34,198.54,0.6994,0.1249,0.012419,3.977
309169,520,459,979,201,65,156,343.62,0.7634,0.5320,0.186003,22,3,22,327.79,0.7065,0.0589,0.002936,4.458
309198,520,13,533,254,245,255,322.69,1.0000,0.9767,0.935959,56,130,71,148.06,0.8325,0.4718,0.172604,4.429
309200,520,416,936,254,1,18,28.17,0.9997,0.5667,0.211401,27,9,71,287.38,0.8734,0.1164,0.008833,4.443
309213,520,280,800,248,121,153,5.89,0.8508,0.6874,0.359339,67,54,63,337.42,0.1667,0.2528,0.041906,4.454
309216,520,443,963,212,23,184,336.02,0.9523,0.5355,0.180727,11,19,28,251.94,0.3324,0.0848,0.006207,4.105
309217,520,449,969,188,45,236,315.37,0.9388,0.5437,0.186255,1,16,27,238.14,0.8306,0.0697,0.004561,4.330
309219,520,466,986,193,59,165,337.44,0.7798,0.5160,0.171837,11,5,13,318.58,0.3878,0.0461,0.002088,4.259
309224,520,454,974,233,25,56,22.43,0.9769,0.5318,0.183075,20,11,27,309.03,0.4433,0.0746,0.004672,4.263
309234,520,352,872,227,111,46,46.41,0.8702,0.6153,0.278995,41,45,52,261.70,0.1196,0.1942,0.025961,4.331
309239,520,370,890,237,64,183,343.41,0.8899,0.6075,0.250930,29,36,74,273.10,0.5586,0.1731,0.020173,4.288
309244,520,480,1000,171,2,244,309.56,0.9983,0.5058,0.152339,0,0,0,0.00,0.0000,0.0000,0.000000,4.047
309251,520,379,899,245,21,198,339.92,0.9850,0.6042,0.240291,30,33,63,277.46,0.4694,0.1582,0.017226,4.318
309254,520,464,984,200,41,180,334.12,0.8741,0.5211,0.171624,1,6,37,264.75,0.9326,0.0547,0.002703,4.205
309265,520,443,963,221,66,20,35.41,0.9651,0.5363,0.193217,27,6,41,308.79,0.7496,0.0838,0.005234,4.403
309279,520,360,880,253,20,191,343.55,0.9879,0.6151,0.251480,69,20,59,336.65,0.6734,0.1847,0.020815,4.257
309283,520,282,802,218,141,172,354.13,0.5347,0.6867,0.369353,33,67,20,138.11,0.8920,0.2471,0.043880,4.467
309301,520,343,863,213,79,253,317.36,0.9871,0.6261,0.268315,68,28,39,4.48,0.5198,0.1863,0.022061,4.417
309320,520,466,986,229,20,17,28.85,0.9877,0.5176,0.172018,22,3,8,2.55,0.6534,0.0532,0.002533,4.226
309335,520,374,894,210,114,77,41.36,0.6776,0.5975,0.262740,28,42,21,135.79,0.5116,0.1625,0.019569,4.495
309345,520,442,962,238,8,70,18.24,0.9935,0.5394,0.187963,21,16,17,4.45,0.1184,0.0817,0.005705,4.272
309356,520,338,858,208,118,191,334.39,0.6278,0.6383,0.301298,33,54,6,130.74,0.9323,0.2026,0.029748,4.405
309359,520,324,844,249,37,254,327.15,0.9970,0.6519,0.286215,37,55,12,129.31,0.8401,0.2097,0.031522,4.124
309360,520,407,927,218,89,81,26.39,0.7627,0.5690,0.226466,41,24,20,33.83,0.3298,0.1273,0.011752,4.477
309385,520,431,951,233,22,122,1.18,0.9633,0.5466,0.193056,6,27,18,163.32,0.6974,0.1002,0.008662,4.143
309386,520,414,934,214,30,230,324.28,0.9718,0.5727,0.209398,26,23,51,286.18,0.5014,0.1217,0.010714,4.272
309388,520,330,850,234,57,251,324.07,0.9847,0.6369,0.273861,15,52,73,237.55,0.6913,0.2088,0.030384,4.029
309396,520,468,988,114,96,238,283.81,0.8617,0.5175,0.181158,4,7,6,174.71,0.1967,0.0417,0.001909,4.453
309403,520,288,808,254,119,95,31.78,0.9860,0.6794,0.350939,35,64,44,152.99,0.5112,0.2438,0.042059,4.355
309417,520,418,938,218,22,207,331.13,0.9729,0.5606,0.199865,9,34,21,158.08,0.7237,0.1247,0.012562,3.994
309424,520,480,1000,212,52,93,11.23,0.8430,0.5148,0.172457,0,0,0,0.00,0.0000,0.0000,0.000000,4.449
309430,520,339,859,245,52,234,330.78,0.9679,0.6405,0.278118,47,36,82,291.78,0.5612,0.1970,0.024753,4.389
309446,520,395,915,254,26,117,6.52,0.9921,0.5891,0.230977,5,35,48,230.71,0.7679,0.1380,0.014477,4.358
309448,520,444,964,232,41,46,26.27,0.9576,0.5374,0.189420,20,18,1,104.12,0.8746,0.0813,0.005835,4.288
309449,520,438,958,226,55,108,7.83,0.8614,0.5491,0.199866,31,13,22,349.52,0.4183,0.0902,0.006371,4.433
309501,520,388,908,211,65,221,325.19,0.8931,0.5864,0.228518,45,31,24,47.70,0.2799,0.1509,0.016039,4.217
309505,520,430,950,166,70,253,303.44,0.9833,0.5499,0.195797,15,12,65,276.29,0.8785,0.1031,0.007461,4.278
309511,520,278,798,199,142,225,314.77,0.6711,0.6883,0.369252,40,68,3,131.42,0.9808,0.2534,0.045918,4.371
309542,520,472,992,220,50,27,31.13,0.9574,0.5181,0.175787,2,2,20,274.85,0.8576,0.0327,0.001068,4.421
309547,520,309,829,239,83,244,326.58,0.9576,0.6640,0.310713,13,56,80,238.05,0.7527,0.2247,0.034929,4.247
309548,520,437,957,238,6,117,3.29,0.9924,0.5509,0.195949,15,19,40,273.67,0.4843,0.0949,0.007205,4.299
309551,520,324,844,255,71,194,344.42,1.0000,0.6509,0.296648,38,38,103,277.79,0.7175,0.2108,0.027775,4.457
309564,520,391,911,179,101,223,311.78,0.7623,0.5881,0.242196,12,34,70,259.79,0.7322,0.1540,0.016643,4.384
309566,520,437,957,221,45,157,347.42,0.8795,0.5501,0.196857,10,18,44,268.17,0.6309,0.0919,0.006790,4.347
309576,520,257,777,235,119,248,323.48,0.9582,0.7072,0.376351,3,64,112,249.55,0.9442,0.2688,0.048557,4.326
309578,520,222,742,242,143,242,327.05,0.9234,0.7522,0.449349,57,71,95,261.01,0.2929,0.3036,0.062024,4.458
309579,520,391,911,187,104,203,320.96,0.6736,0.5914,0.247783,10,36,58,247.34,0.6722,0.1495,0.016317,4.490
309581,520,454,974,219,52,97,10.65,0.8591,0.5296,0.183817,10,14,21,261.49,0.2492,0.0685,0.004327,4.304
309599,520,457,977,189,68,182,330.16,0.7666,0.5294,0.183319,5,7,31,273.37,0.7303,0.0555,0.002831,4.416
309622,520,434,954,221,73,35,34.96,0.9243,0.5458,0.202612,23,24,11,112.09,0.3872,0.1024,0.008596,4.311
309636,520,466,986,225,35,52,23.91,0.9576,0.5196,0.174604,4,12,2,137.32,0.8129,0.0524,0.002931,4.243
309638,520,454,974,200,16,210,325.67,0.9766,0.5288,0.173048,33,1,26,337.78,0.8492,0.0745,0.004197,4.116
309646,520,380,900,163,124,199,307.34,0.5270,0.5967,0.263257,16,45,24,150.48,0.7549,0.1649,0.020528,4.442
309660,520,437,957,224,67,65,25.64,0.8763,0.5479,0.202459,1,14,61,263.49,0.9706,0.0934,0.006574,4.462
309663,520,412,932,213,54,212,328.34,0.9054,0.5738,0.215399,59,1,14,14.89,0.9661,0.1226,0.009834,4.436
309674,520,352,872,242,49,215,334.91,0.9564,0.6218,0.259830,37,50,18,127.76,0.6501,0.1947,0.027182,4.014
309676,520,372,892,229,22,245,324.61,0.9900,0.6060,0.238267,4,15,115,265.49,0.9839,0.1651,0.016051,4.364
309698,520,311,831,250,77,218,336.33,0.9707,0.6604,0.306967,61,50,7,93.89,0.8422,0.2201,0.032887,4.307
309705,520,468,988,214,58,86,15.40,0.8377,0.5229,0.179966,5,3,28,280.59,0.8271,0.0443,0.001812,4.438
309706,520,356,876,251,53,166,351.50,0.9642,0.6161,0.258120,3,49,31,161.56,0.9628,0.1751,0.023148,4.212
309727,520,377,897,232,23,226,329.74,0.9852,0.5983,0.232621,35,31,59,288.80,0.4347,0.1554,0.016531,4.248
309742,520,376,896,245,44,164,350.45,0.9385,0.5978,0.238974,52,27,35,359.79,0.3815,0.1558,0.016354,4.355
309757,520,444,964,231,52,19,32.20,0.9775,0.5419,0.194949,22,8,36,304.25,0.6566,0.0772,0.004716,4.477
309763,520,417,937,186,70,250,310.44,0.9642,0.5748,0.217225,24,26,44,278.32,0.3530,0.1223,0.011148,4.370
309767,520,300,820,242,122,101,31.39,0.8443,0.6664,0.337387,8,66,6,142.38,0.9874,0.2316,0.039610,4.323
309789,520,345,865,248,47,219,335.24,0.9670,0.6334,0.271070,11,54,22,148.24,0.9409,0.1928,0.027673,4.134
309792,520,442,962,234,37,78,17.31,0.9483,0.5439,0.193687,37,0,15,359.04,1.0000,0.0751,0.004279,4.490
309796,520,463,983,231,31,3,30.76,0.9970,0.5264,0.179785,7,2,31,285.34,0.8791,0.0462,0.001875,4.430
309805,520,405,925,228,32,201,335.24,0.9594,0.5790,0.217466,58,8,31,357.32,0.7591,0.1345,0.011723,4.333
309809,520,376,896,248,62,129,4.39,0.9326,0.6040,0.249900,26,32,70,273.72,0.5865,0.1576,0.016948,4.480
309813,520,319,839,236,104,173,350.17,0.7936,0.6495,0.307531,54,43,86,293.56,0.4957,0.2236,0.031839,4.369
309816,520,1,521,255,255,255,0.00,0.0000,1.0000,1.000000,11,137,77,154.47,0.9873,0.4834,0.184975,4.469
309827,520,435,955,231,29,121,1.49,0.9440,0.5452,0.192511,8,23,8,143.93,0.7057,0.0869,0.006819,4.268
309835,520,410,930,186,79,233,313.73,0.8677,0.5725,0.219153,15,30,52,257.89,0.5338,0.1311,0.012780,4.287
309840,520,462,982,202,39,187,332.52,0.8939,0.5276,0.175973,2,8,20,255.39,0.6367,0.0481,0.002371,4.315
309849,520,469,989,195,32,201,326.54,0.9276,0.5204,0.168538,3,8,5,160.14,0.4029,0.0429,0.002040,4.199
309852,520,397,917,220,15,235,324.74,0.9910,0.5814,0.215576,44,25,37,341.78,0.3479,0.1402,0.013644,4.173
309856,520,348,868,223,85,227,326.62,0.8859,0.6310,0.277330,20,49,47,189.47,0.5185,0.1879,0.025505,4.335
309878,520,472,992,165,70,219,310.56,0.8273,0.5207,0.174949,6,3,7,319.10,0.3435,0.0335,0.001192,4.394
309880,520,477,997,220,24,89,10.83,0.9528,0.5106,0.165929,3,0,6,311.99,1.0000,0.0187,0.000325,4.291
309909,520,354,874,233,78,198,338.08,0.8673,0.6225,0.268521,3,44,68,240.51,0.8819,0.1773,0.022380,4.401
309910,520,407,927,225,20,200,334.74,0.9768,0.5682,0.206805,19,10,84,275.89,0.9451,0.1255,0.009956,4.283
309917,520,382,902,243,61,159,352.67,0.9009,0.6048,0.248985,65,17,35,0.71,0.6673,0.1612,0.016462,4.499
309935,520,469,989,204,49,160,342.14,0.8292,0.5233,0.175740,7,5,7,326.05,0.1544,0.0400,0.001691,4.367
309938,520,331,851,224,79,245,322.37,0.9520,0.6371,0.280338,39,37,98,279.68,0.6889,0.2048,0.026362,4.326
309941,520,469,989,194,28,208,324.42,0.9463,0.5216,0.168555,13,1,7,345.33,0.7247,0.0356,0.001226,4.266
309943,520,422,942,246,27,72,19.29,0.9780,0.5625,0.208481,12,29,21,162.33,0.4871,0.1107,0.010110,4.300
309953,520,347,867,238,60,223,331.88,0.9434,0.6278,0.267392,81,7,41,359.68,0.8385,0.1861,0.020617,4.495
309960,520,300,820,253,63,241,330.93,0.9922,0.6662,0.307915,83,20,86,326.01,0.7618,0.2280,0.030114,4.468
309972,520,401,921,236,78,70,27.00,0.8932,0.5845,0.237268,27,34,38,233.05,0.1468,0.1434,0.015170,4.408
309974,520,352,872,231,51,245,324.79,0.9662,0.6236,0.259515,0,17,129,264.19,0.9872,0.1859,0.019857,4.431
309975,520,384,904,253,11,145,357.01,0.9917,0.5923,0.231699,31,32,47,281.17,0.2645,0.1463,0.015296,4.314
309987,520,302,822,187,137,227,308.82,0.6807,0.6657,0.340027,44,60,3,125.02,0.9605,0.2308,0.037737,4.445
309992,520,437,957,239,9,117,3.53,0.9891,0.5535,0.198337,37,10,23,352.58,0.5743,0.0948,0.006723,4.378
309998,520,363,883,236,63,194,339.66,0.9022,0.6105,0.252856,38,38,39,286.28,0.0172,0.1659,0.019448,4.361
310006,520,364,884,239,24,220,332.85,0.9851,0.6072,0.241741,32,32,78,279.41,0.6240,0.1695,0.018901,4.234
310012,520,399,919,211,68,206,329.36,0.8552,0.5799,0.224412,1,40,0,142.07,1.0000,0.1370,0.015240,4.206
310013,520,433,953,232,53,52,26.62,0.9345,0.5476,0.199530,34,19,4,65.66,0.6765,0.1021,0.008146,4.291
310026,520,431,951,229,59,41,30.15,0.9341,0.5460,0.199489,48,3,0,32.38,1.0000,0.0986,0.006936,4.382
310033,520,332,852,232,97,184,343.78,0.8021,0.6378,0.291683,16,56,12,141.82,0.9546,0.2000,0.029649,4.290
310040,520,423,943,213,52,197,332.61,0.8865,0.5628,0.206354,4,6,84,266.80,0.9867,0.1112,0.007961,4.423
310052,520,370,890,237,7,231,329.74,0.9969,0.6067,0.239287,2,45,52,211.31,0.9308,0.1702,0.021375,4.053
310056,520,410,930,202,51,237,318.99,0.9376,0.5710,0.210402,31,12,75,288.91,0.8457,0.1290,0.010622,4.295
310061,520,395,915,247,41,142,357.93,0.9432,0.5909,0.233164,52,22,31,2.29,0.4756,0.1442,0.014029,4.422
310065,520,401,921,199,74,226,319.99,0.8668,0.5806,0.225321,48,24,30,4.30,0.3892,0.1413,0.013755,4.318
310074,520,464,984,194,72,131,353.51,0.6959,0.5172,0.177445,11,4,24,298.50,0.6669,0.0494,0.002239,4.354
310090,520,401,921,223,66,179,341.29,0.8416,0.5829,0.228414,52,11,56,324.07,0.7447,0.1409,0.012550,4.451
310091,520,400,920,197,73,225,319.67,0.8640,0.5757,0.220730,50,10,59,319.56,0.7679,0.1386,0.012110,4.359
310093,520,388,908,238,78,46,33.19,0.9257,0.5852,0.238263,64,13,35,358.21,0.7174,0.1540,0.014994,4.435
310104,520,384,904,244,25,169,348.09,0.9728,0.5888,0.227961,45,18,73,302.48,0.7392,0.1532,0.014716,4.295
310112,520,199,719,233,172,162,29.31,0.5737,0.7658,0.494389,31,84,76,181.85,0.6592,0.3168,0.071535,4.479
310117,520,446,966,205,44,186,333.68,0.8805,0.5358,0.183276,23,2,54,294.44,0.9351,0.0838,0.004919,4.248
310125,520,363,883,247,38,184,344.55,0.9605,0.6075,0.246243,46,36,30,52.63,0.1922,0.1668,0.019364,4.271
310161,520,415,935,255,9,5,29.23,1.0000,0.5700,0.214702,51,8,35,346.34,0.7283,0.1226,0.009989,4.412
310163,520,413,933,246,31,78,17.90,0.9714,0.5654,0.211264,31,22,43,302.90,0.4118,0.1196,0.010396,4.326
310172,520,325,845,255,56,214,338.24,1.0000,0.6488,0.289466,74,11,98,313.83,0.8647,0.2136,0.025772,4.480
310201,520,459,979,214,68,18,36.69,0.9625,0.5250,0.184765,18,6,25,312.04,0.5859,0.0617,0.003290,4.405
310211,520,396,916,147,115,230,293.95,0.7462,0.5803,0.241777,5,37,47,222.83,0.7822,0.1435,0.015606,4.447
310223,520,312,832,244,116,106,26.42,0.8658,0.6605,0.327674,18,61,38,156.56,0.8238,0.2231,0.036059,4.389
310250,520,378,898,190,108,204,321.61,0.6666,0.6029,0.260330,8,46,5,141.81,0.9763,0.1615,0.020165,4.423
310263,520,278,798,251,94,240,330.65,0.9827,0.6927,0.348087,5,56,117,256.70,0.9393,0.2516,0.041447,4.353
310266,520,426,946,250,15,58,22.38,0.9922,0.5646,0.209748,32,15,45,308.24,0.5916,0.1080,0.008382,4.449
310287,520,465,985,182,72,180,328.39,0.7355,0.5220,0.178764,14,8,6,43.00,0.2325,0.0536,0.002802,4.332
310293,520,424,944,178,75,234,311.09,0.8737,0.5568,0.204385,10,28,24,177.52,0.4886,0.1076,0.009610,4.268
310295,520,374,894,220,53,235,324.32,0.9466,0.6001,0.237621,10,10,116,267.52,0.9879,0.1635,0.015424,4.396
310296,520,479,999,183,48,199,323.22,0.8618,0.5099,0.163060,1,0,6,289.16,1.0000,0.0150,0.000196,4.245
310304,520,342,862,238,71,211,335.26,0.9126,0.6306,0.273894,14,43,85,258.11,0.7626,0.1914,0.024769,4.332
310310,520,442,962,225,7,160,346.41,0.9874,0.5426,0.187002,11,9,47,278.02,0.8087,0.0773,0.004717,4.331
310317,520,459,979,215,30,155,346.10,0.9161,0.5284,0.177445,25,1,13,350.16,0.8110,0.0550,0.002575,4.326
310328,520,430,950,194,42,239,316.52,0.9508,0.5534,0.193586,29,6,52,301.91,0.8147,0.0957,0.006394,4.319
310334,520,447,967,178,52,240,311.16,0.9273,0.5373,0.182132,28,6,36,316.02,0.7117,0.0816,0.005045,4.217
310353,520,342,862,255,28,211,338.71,1.0000,0.6322,0.267970,58,40,6,79.15,0.8104,0.1892,0.024304,4.279
310362,520,374,894,219,90,167,346.41,0.7329,0.5995,0.251646,32,34,61,279.14,0.4211,0.1611,0.017880,4.444
310368,520,0,520,255,255,255,0.00,0.0000,1.0000,1.000000,17,138,30,143.72,0.9917,0.4804,0.183891,4.489
310369,520,416,936,216,65,188,336.36,0.8403,0.5746,0.220125,0,30,49,240.28,1.0000,0.1214,0.011502,4.392
310393,520,326,846,209,105,245,316.58,0.9176,0.6487,0.302524,64,44,18,71.39,0.5931,0.2098,0.029351,4.443
310394,520,476,996,117,79,254,285.79,0.9920,0.5062,0.165293,7,0,3,348.27,1.0000,0.0231,0.000518,4.262
310400,520,186,706,243,162,251,323.65,0.9683,0.7918,0.518620,54,88,31,134.64,0.8168,0.3308,0.078625,4.421
310401,520,464,984,148,61,255,297.89,1.0000,0.5184,0.168536,7,12,2,127.25,0.6869,0.0549,0.003125,4.114
310411,520,240,760,240,160,36,71.33,0.9383,0.7290,0.437965,12,80,30,147.37,0.9758,0.2842,0.059090,4.473
310414,520,433,953,193,32,238,316.72,0.9658,0.5451,0.185449,7,15,60,268.63,0.8888,0.0980,0.007130,4.121
310421,520,386,906,197,75,236,316.79,0.8954,0.5858,0.229599,69,3,28,5.39,0.8975,0.1511,0.014144,4.359
310425,520,469,989,217,1,153,346.73,0.9975,0.5220,0.170758,2,7,6,183.03,0.4445,0.0397,0.001780,4.263
310440,520,338,858,247,14,254,326.81,0.9971,0.6411,0.272468,55,40,60,317.53,0.3110,0.2014,0.026561,4.212
310458,520,404,924,251,38,97,13.24,0.9724,0.5834,0.227621,25,33,13,126.95,0.5320,0.1306,0.013234,4.390
310484,520,437,957,201,56,210,325.45,0.8797,0.5543,0.199007,36,2,44,319.40,0.8663,0.0932,0.006004,4.446
310496,520,439,959,219,11,185,337.43,0.9828,0.5455,0.188046,35,9,21,353.76,0.5754,0.0892,0.006069,4.246
310505,520,268,788,248,115,200,343.52,0.9192,0.6959,0.363907,42,70,28,136.30,0.7427,0.2642,0.049563,4.157
310506,520,363,883,198,113,178,336.35,0.5757,0.6093,0.270317,2,49,18,149.72,0.9883,0.1716,0.022531,4.416
310512,520,476,996,221,37,19,30.23,0.9760,0.5095,0.167451,8,0,2,359.68,1.0000,0.0239,0.000560,4.301
310533,520,433,953,210,80,123,2.90,0.7116,0.5531,0.208711,44,7,24,355.89,0.7048,0.1031,0.007535,4.497
310536,520,365,885,250,23,184,344.91,0.9826,0.6068,0.244008,32,14,104,280.14,0.9317,0.1662,0.016206,4.441
310563,520,465,985,83,106,244,271.33,0.9323,0.5187,0.186779,11,7,18,300.81,0.3904,0.0528,0.002668,4.496
310566,520,343,863,232,60,237,326.83,0.9504,0.6266,0.265043,72,13,67,331.79,0.7714,0.1870,0.020710,4.455
310577,520,423,943,186,65,241,312.73,0.9213,0.5623,0.205716,30,19,36,313.10,0.3864,0.1077,0.008692,4.357
310585,520,447,967,194,36,228,319.25,0.9499,0.5410,0.183340,32,5,32,327.83,0.7185,0.0833,0.005199,4.227
310590,520,363,883,243,55,174,347.30,0.9168,0.6064,0.248461,50,35,29,42.78,0.2559,0.1694,0.019689,4.283
310593,520,464,984,192,82,106,9.05,0.6379,0.5194,0.182833,1,12,2,146.28,0.9575,0.0497,0.002738,4.415
310595,520,438,958,218,7,189,336.03,0.9893,0.5452,0.187338,10,14,52,272.55,0.7982,0.0902,0.006265,4.218
310602,520,413,933,206,52,219,324.55,0.9123,0.5652,0.206940,12,14,82,270.76,0.9444,0.1238,0.010014,4.281
310615,520,347,867,208,99,229,320.92,0.8414,0.6284,0.279922,9,49,52,202.37,0.7657,0.1855,0.025025,4.397
310630,520,378,898,237,40,205,336.35,0.9574,0.6017,0.239327,51,26,53,324.38,0.4892,0.1611,0.016997,4.318
310643,520,437,957,203,31,230,321.36,0.9651,0.5547,0.193913,4,26,11,152.25,0.8830,0.0941,0.007887,4.214
310655,520,418,938,209,91,115,9.89,0.6625,0.5650,0.222773,20,32,7,130.65,0.7499,0.1222,0.011971,4.402
310670,520,445,965,195,82,153,344.52,0.6707,0.5425,0.199382,13,20,0,124.05,1.0000,0.0799,0.005859,4.465
310672,520,477,997,136,74,243,294.57,0.9162,0.5089,0.166029,0,1,4,253.83,0.9999,0.0166,0.000305,4.294
310681,520,378,898,236,7,227,330.46,0.9966,0.6023,0.235336,14,38,65,253.21,0.6440,0.1620,0.018612,4.159
310684,520,382,902,239,59,164,349.94,0.8910,0.5978,0.241619,10,39,67,250.75,0.7220,0.1645,0.019207,4.214
310685,520,337,857,251,68,189,344.94,0.9661,0.6388,0.283208,38,32,109,279.15,0.8051,0.2048,0.025491,4.414
310701,520,351,871,241,8,251,326.13,0.9978,0.6276,0.258422,0,52,49,188.60,1.0000,0.1910,0.026776,4.017
310710,520,281,801,232,123,206,336.88,0.7955,0.6876,0.357800,36,63,68,210.58,0.3659,0.2506,0.043473,4.363
310712,520,457,977,220,61,45,29.80,0.9110,0.5307,0.187452,13,7,26,296.26,0.5583,0.0590,0.003121,4.470
310718,520,430,950,214,13,213,328.58,0.9863,0.5548,0.193902,33,8,45,312.75,0.7296,0.0984,0.006865,4.289
310743,520,471,991,128,87,248,289.22,0.9348,0.5243,0.181827,16,0,18,324.67,1.0000,0.0418,0.001538,4.498
310744,520,463,983,221,15,151,348.52,0.9679,0.5322,0.179507,21,0,17,335.31,1.0000,0.0483,0.001999,4.414
310759,520,396,916,241,38,143,356.27,0.9388,0.5778,0.220733,9,34,56,248.27,0.6785,0.1420,0.014876,4.173
310761,520,352,872,202,106,206,325.80,0.7110,0.6172,0.273222,23,32,109,270.45,0.8879,0.1937,0.023192,4.416
310771,520,329,849,235,84,221,331.70,0.9016,0.6451,0.292257,89,5,66,343.05,0.8661,0.2138,0.026261,4.488
310810,520,373,893,215,76,214,328.11,0.8602,0.6000,0.244729,49,29,52,322.15,0.4166,0.1638,0.017797,4.347
310818,520,441,961,202,50,190,331.62,0.8623,0.5378,0.185573,29,13,24,339.58,0.4071,0.0882,0.006150,4.195
310821,520,404,924,209,33,248,318.81,0.9765,0.5794,0.214221,23,13,82,278.92,0.9041,0.1302,0.010792,4.346
310828,520,428,948,189,61,236,315.02,0.9072,0.5589,0.202136,25,7,61,290.60,0.8570,0.1009,0.006955,4.427
310846,520,459,979,179,82,177,328.26,0.6785,0.5297,0.187938,33,0,3,19.61,1.0000,0.0638,0.003300,4.464
310860,520,469,989,192,45,195,327.21,0.8736,0.5197,0.170249,8,5,14,301.10,0.3959,0.0437,0.001919,4.242
310906,520,293,813,247,96,233,331.54,0.9613,0.6849,0.340257,0,66,55,177.02,1.0000,0.2404,0.041721,4.255
310912,520,469,989,225,7,114,2.01,0.9867,0.5232,0.173772,16,1,9,344.92,0.7560,0.0403,0.001516,4.344
310913,520,448,968,193,85,140,350.84,0.6342,0.5381,0.197295,8,21,11,150.47,0.5356,0.0818,0.006121,4.406
310953,520,443,963,207,77,126,0.15,0.7136,0.5448,0.200816,18,18,17,106.60,0.0284,0.0834,0.006017,4.478
310971,520,347,867,253,80,111,14.36,0.9756,0.6267,0.277711,24,50,44,177.16,0.4585,0.1921,0.026572,4.280
310974,520,249,769,251,142,99,41.87,0.9221,0.7157,0.407589,76,64,30,90.30,0.5403,0.2808,0.052971,4.444
310996,520,372,892,255,8,168,350.38,1.0000,0.6052,0.242644,61,30,19,40.09,0.5423,0.1723,0.019678,4.200
310998,520,385,905,234,54,170,346.51,0.8947,0.5872,0.230358,42,5,85,296.31,0.9313,0.1457,0.012567,4.481
311029,520,424,944,238,18,140,355.90,0.9754,0.5621,0.205063,15,2,81,274.73,0.9898,0.1084,0.007390,4.444
311031,520,470,990,222,21,105,5.19,0.9562,0.5181,0.170886,8,6,5,51.81,0.1169,0.0428,0.001928,4.254
311039,520,474,994,127,88,240,289.80,0.8779,0.5178,0.177826,9,1,3,359.74,0.6560,0.0291,0.000864,4.479
311047,520,349,869,239,86,169,350.35,0.8466,0.6283,0.278736,59,37,39,13.36,0.2869,0.1905,0.023995,4.443
311050,520,463,983,214,69,30,35.22,0.9303,0.5270,0.186485,10,9,9,17.37,0.0320,0.0529,0.002796,4.479
311057,520,478,998,164,17,253,305.39,0.9911,0.5076,0.153859,0,0,16,264.05,1.0000,0.0204,0.000374,4.047
311061,520,471,991,158,84,203,310.64,0.7219,0.5192,0.179221,4,6,11,262.51,0.2820,0.0410,0.001802,4.425
311074,520,309,829,247,65,252,326.89,0.9900,0.6649,0.305857,19,34,132,267.75,0.9418,0.2224,0.029482,4.477
311079,520,339,859,238,82,208,336.36,0.8974,0.6405,0.287684,15,45,93,259.56,0.7907,0.2040,0.027685,4.347
311101,520,353,873,238,29,237,328.52,0.9855,0.6183,0.251729,81,5,41,359.25,0.8667,0.1843,0.020183,4.299
311113,520,450,970,212,28,182,336.65,0.9368,0.5365,0.182071,8,0,58,274.87,1.0000,0.0707,0.003571,4.332
311115,520,476,996,146,91,199,305.34,0.6705,0.5127,0.177170,3,1,4,316.91,0.5138,0.0217,0.000498,4.499
311133,520,328,848,255,96,107,19.64,1.0000,0.6493,0.306907,48,51,15,113.59,0.6850,0.2082,0.030305,4.444
311142,520,409,929,251,15,77,17.73,0.9908,0.5698,0.213904,30,26,48,291.15,0.3942,0.1308,0.012282,4.237
311151,520,382,902,252,26,157,353.43,0.9766,0.5993,0.238721,35,17,93,284.77,0.8652,0.1599,0.015485,4.409
311156,520,416,936,193,61,240,315.30,0.9239,0.5680,0.209675,43,23,2,65.46,0.8420,0.1244,0.011308,4.236
311157,520,398,918,199,63,235,318.18,0.9097,0.5753,0.216967,18,37,19,145.30,0.6009,0.1388,0.014987,4.108
311181,520,436,956,187,76,203,322.44,0.7826,0.5494,0.200467,33,11,15,10.04,0.4942,0.0871,0.005972,4.475
311187,520,337,857,251,18,241,330.56,0.9949,0.6402,0.272958,36,1,137,276.90,0.9980,0.2026,0.022028,4.484
311189,520,342,862,254,24,211,338.47,0.9947,0.6290,0.264306,33,10,127,276.53,0.9766,0.1932,0.020726,4.444
311208,520,480,1000,219,22,113,1.75,0.9470,0.5150,0.168288,0,0,0,0.00,0.0000,0.0000,0.000000,4.366
311217,520,410,930,253,7,68,19.96,0.9964,0.5707,0.214557,59,10,0,36.47,1.0000,0.1312,0.011471,4.304
311223,520,464,984,224,38,5,31.51,0.9941,0.5159,0.172473,13,5,11,335.19,0.3738,0.0473,0.002183,4.263
311241,520,446,966,237,18,44,24.86,0.9883,0.5361,0.186223,6,14,38,266.28,0.6818,0.0758,0.004927,4.301
311249,520,341,861,237,109,64,39.33,0.8607,0.6304,0.293148,1,55,36,163.06,0.9899,0.1966,0.028661,4.362
311250,520,437,957,175,64,242,309.08,0.9233,0.5462,0.191924,16,14,49,280.53,0.6961,0.0919,0.006460,4.285
311253,520,435,955,220,37,176,340.65,0.9170,0.5526,0.196758,19,20,1,112.01,0.8895,0.0854,0.006410,4.374
311262,520,344,864,255,2,219,336.60,1.0000,0.6307,0.264212,80,20,1,37.74,0.9772,0.1887,0.022083,4.359
311263,520,463,983,225,45,66,21.25,0.9268,0.5288,0.182805,9,8,9,325.74,0.0551,0.0498,0.002515,4.433
311267,520,441,961,123,98,254,285.00,0.9875,0.5433,0.201017,33,6,42,316.55,0.7524,0.0931,0.006208,4.466
311273,520,261,781,248,115,229,333.21,0.9582,0.7096,0.378776,7,56,136,260.51,0.9545,0.2702,0.046508,4.443
311284,520,318,838,252,70,228,333.99,0.9853,0.6627,0.306802,36,47,86,270.08,0.5144,0.2160,0.030799,4.416
311312,520,364,884,234,55,203,336.35,0.9249,0.6052,0.245392,74,9,33,4.66,0.8081,0.1697,0.017613,4.369
311320,520,306,826,229,135,83,48.49,0.7359,0.6674,0.346127,15,65,33,151.46,0.9224,0.2342,0.039918,4.405
311327,520,479,999,209,11,158,343.25,0.9698,0.5112,0.162655,0,0,4,264.05,1.0000,0.0106,0.000088,4.246
311343,520,464,984,213,56,98,9.98,0.8267,0.5220,0.178587,10,2,35,288.48,0.8886,0.0522,0.002293,4.371
311346,520,412,932,205,39,238,319.88,0.9602,0.5684,0.206049,42,23,11,52.13,0.5150,0.1244,0.011293,4.177
311352,520,399,919,214,37,230,324.20,0.9616,0.5762,0.213344,7,40,22,155.61,0.8840,0.1437,0.016206,3.978
311363,520,453,973,225,4,131,355.99,0.9918,0.5289,0.177358,4,9,49,268.48,0.9137,0.0742,0.004429,4.177
311365,520,361,881,238,9,242,327.44,0.9969,0.6163,0.247860,29,7,122,275.39,0.9838,0.1806,0.018182,4.369
311383,520,442,962,240,15,68,19.22,0.9884,0.5449,0.192876,10,7,52,276.46,0.8920,0.0779,0.004644,4.445
311389,520,403,923,246,65,20,33.83,0.9815,0.5842,0.234274,9,35,37,202.21,0.6152,0.1339,0.013937,4.446
311412,520,390,910,250,61,68,24.39,0.9710,0.5928,0.240824,20,32,65,266.76,0.5922,0.1492,0.015633,4.431
311441,520,449,969,236,18,71,18.18,0.9832,0.5379,0.187236,20,3,37,303.41,0.8212,0.0664,0.003474,4.436
311461,520,465,985,192,1,226,319.62,0.9989,0.5238,0.167206,15,8,4,58.47,0.3651,0.0540,0.002840,4.111
311472,520,381,901,191,85,247,311.65,0.9351,0.5974,0.242898,29,22,94,278.56,0.8570,0.1629,0.016431,4.409
311474,520,454,974,175,92,166,331.34,0.5891,0.5337,0.195225,14,16,14,145.34,0.0810,0.0738,0.004956,4.462
311475,520,453,973,166,95,165,327.57,0.5473,0.5256,0.190089,11,10,39,279.69,0.6886,0.0722,0.004347,4.418
311479,520,136,656,253,185,231,338.95,0.9713,0.8394,0.613518,62,98,46,136.85,0.6904,0.3704,0.099565,4.436
311482,520,465,985,120,100,220,287.27,0.7458,0.5162,0.182745,14,5,15,323.70,0.4568,0.0500,0.002364,4.445
311493,520,452,972,212,57,127,357.70,0.8059,0.5307,0.184579,7,11,32,271.74,0.6073,0.0660,0.003888,4.353
311496,520,430,950,191,72,206,323.05,0.8093,0.5525,0.201687,29,16,36,312.96,0.4609,0.1002,0.007592,4.370
311509,520,342,862,239,36,243,327.33,0.9825,0.6271,0.260862,70,24,54,343.36,0.6118,0.1897,0.022219,4.304
311511,520,352,872,124,138,251,275.70,0.9305,0.6221,0.294263,31,51,6,130.83,0.9243,0.1913,0.026721,4.487
311547,520,475,995,193,0,213,323.08,1.0000,0.5150,0.161431,8,3,0,70.54,1.0000,0.0328,0.001168,4.132
311550,520,465,985,223,19,105,5.27,0.9624,0.5194,0.171764,3,7,25,266.86,0.6886,0.0496,0.002415,4.231
311557,520,443,963,205,42,188,333.06,0.8899,0.5356,0.182678,25,1,54,297.47,0.9631,0.0846,0.004947,4.235
311562,520,446,966,238,18,57,22.05,0.9867,0.5399,0.189084,39,1,8,13.28,0.9255,0.0788,0.004707,4.370
311573,520,421,941,202,43,230,320.86,0.9433,0.5600,0.199991,0,10,84,264.11,0.9826,0.1143,0.008571,4.268
311579,520,366,886,236,34,226,330.66,0.9762,0.6097,0.244705,37,11,104,284.12,0.9350,0.1680,0.016321,4.444
311580,520,97,617,244,212,219,3.03,0.5486,0.8819,0.714355,2,114,19,143.82,0.9988,0.3977,0.120940,4.471
311603,520,392,912,215,105,56,43.04,0.7948,0.5861,0.248379,10,41,33,173.07,0.7148,0.1518,0.017601,4.414
311618,520,445,965,229,34,103,7.92,0.9331,0.5380,0.187842,34,3,33,329.37,0.7852,0.0838,0.005151,4.313
311621,520,393,913,244,66,73,23.65,0.9356,0.5867,0.236139,32,25,66,287.49,0.6113,0.1439,0.013957,4.474
311629,520,463,983,146,72,254,296.40,0.9913,0.5280,0.179016,5,10,11,208.79,0.2344,0.0514,0.002735,4.343
311632,520,467,987,214,36,139,351.75,0.8869,0.5224,0.174243,15,0,19,320.98,1.0000,0.0411,0.001486,4.355
311637,520,471,991,232,17,24,27.92,0.9901,0.5234,0.176258,9,1,29,293.09,0.9099,0.0441,0.001685,4.378
311641,520,468,988,228,18,52,22.66,0.9841,0.5179,0.171775,1,5,27,264.26,0.8920,0.0444,0.001941,4.270
311647,520,371,891,232,45,228,329.17,0.9617,0.6100,0.246365,78,7,27,11.63,0.8676,0.1747,0.018511,4.326
311667,520,407,927,183,73,249,309.51,0.9552,0.5731,0.216728,49,5,62,316.90,0.8465,0.1336,0.011094,4.366
311691,520,359,879,228,96,151,356.78,0.7430,0.6162,0.270965,48,40,16,91.26,0.5464,0.1768,0.021834,4.468
311694,520,462,982,188,29,231,316.97,0.9635,0.5299,0.173409,16,7,10,356.60,0.2998,0.0548,0.002840,4.228
311700,520,382,902,225,15,248,323.03,0.9938,0.5995,0.231287,19,35,69,263.49,0.6197,0.1595,0.017701,4.155
311706,520,413,933,235,51,128,1.34,0.8917,0.5695,0.215913,39,19,39,327.01,0.4647,0.1215,0.010436,4.400
311707,520,371,891,255,32,154,355.14,1.0000,0.6064,0.246297,27,9,115,275.31,0.9764,0.1712,0.016661,4.445
311723,520,335,855,255,60,186,346.39,1.0000,0.6377,0.280403,44,49,13,116.54,0.7111,0.1977,0.027612,4.257
311762,520,375,895,230,76,158,351.44,0.8110,0.5963,0.244631,61,16,55,333.46,0.6916,0.1624,0.016387,4.438
311765,520,475,995,214,3,155,345.38,0.9921,0.5175,0.167302,5,1,12,304.06,0.7521,0.0285,0.000805,4.277
311801,520,398,918,213,36,240,321.60,0.9698,0.5813,0.217010,32,11,88,285.16,0.9052,0.1434,0.012510,4.272
311812,520,422,942,192,67,229,317.35,0.8820,0.5643,0.208792,11,29,26,181.85,0.4651,0.1119,0.010244,4.296
311824,520,403,923,236,77,21,36.98,0.9717,0.5784,0.231978,13,36,0,135.50,1.0000,0.1291,0.013473,4.443
311831,520,384,904,189,91,225,315.94,0.8113,0.5875,0.237383,12,39,47,220.31,0.5963,0.1526,0.017344,4.267
311838,520,369,889,239,62,182,344.12,0.8985,0.6088,0.251762,24,34,81,270.61,0.6872,0.1704,0.019322,4.353
311848,520,316,836,209,141,104,49.17,0.5354,0.6553,0.336061,12,63,20,145.57,0.9650,0.2238,0.036835,4.446
311862,520,357,877,214,80,247,319.01,0.9538,0.6245,0.267505,53,40,12,83.91,0.6598,0.1828,0.023011,4.349
311867,520,398,918,210,28,253,318.07,0.9914,0.5827,0.216257,25,30,52,273.09,0.4035,0.1385,0.013831,4.171
311870,520,417,937,226,5,213,331.56,0.9959,0.5747,0.210838,51,2,42,337.05,0.8568,0.1188,0.009145,4.410
311875,520,434,954,204,79,141,352.52,0.7005,0.5481,0.203543,32,19,15,37.82,0.3055,0.1017,0.008073,4.366
311876,520,413,933,197,65,229,318.98,0.8916,0.5698,0.213095,15,29,42,247.67,0.4236,0.1220,0.011474,4.280
311877,520,479,999,176,84,131,350.14,0.5722,0.5053,0.172107,0,0,1,264.05,1.0000,0.0060,0.000022,4.440
311881,520,432,952,232,52,63,23.58,0.9270,0.5482,0.199737,3,5,77,266.54,0.9871,0.0998,0.006637,4.409
311895,520,446,966,197,77,159,342.01,0.7075,0.5416,0.196830,38,4,3,27.90,0.8748,0.0809,0.005055,4.483
311903,520,323,843,237,77,243,326.40,0.9547,0.6540,0.297857,68,43,14,66.95,0.6810,0.2127,0.029885,4.354
311911,520,475,995,184,30,223,317.69,0.9527,0.5174,0.164479,7,1,13,310.77,0.7604,0.0314,0.000959,4.209
311920,520,444,964,228,53,15,32.86,0.9816,0.5365,0.190776,16,14,35,285.65,0.4984,0.0813,0.005456,4.342
311921,520,407,927,198,46,254,314.22,0.9946,0.5744,0.211169,19,36,9,135.46,0.8005,0.1343,0.014199,4.068
311922,520,471,991,173,61,219,314.00,0.8585,0.5217,0.173371,7,4,5,354.44,0.1886,0.0366,0.001430,4.343
311933,520,359,879,237,26,240,327.60,0.9881,0.6175,0.250372,15,46,52,212.30,0.5986,0.1783,0.023034,4.113
311955,520,467,987,176,69,193,321.94,0.7694,0.5169,0.173377,1,7,0,138.18,1.0000,0.0364,0.001584,4.330
311990,520,383,903,244,5,208,336.98,0.9972,0.6045,0.238987,24,36,49,251.01,0.3249,0.1522,0.016777,4.328
311991,520,459,979,207,16,198,330.73,0.9734,0.5329,0.177152,2,13,12,189.03,0.6465,0.0562,0.003273,4.264
311996,520,426,946,202,32,241,318.52,0.9711,0.5621,0.199420,7,31,13,149.42,0.8547,0.1120,0.010542,4.120
312003,520,432,952,236,41,51,25.28,0.9588,0.5463,0.196609,14,22,39,264.24,0.4363,0.1008,0.008136,4.242
312004,520,409,929,210,50,224,324.41,0.9286,0.5737,0.213665,58,11,18,16.38,0.7541,0.1338,0.011827,4.265
312020,520,401,921,215,80,158,348.04,0.7464,0.5753,0.226552,8,39,28,166.12,0.7810,0.1427,0.015864,4.199
312026,520,480,1000,177,84,132,349.89,0.5768,0.5073,0.173550,0,0,0,0.00,0.0000,0.0000,0.000000,4.471
312027,520,480,1000,223,25,24,28.37,0.9805,0.5072,0.164520,0,0,0,0.00,0.0000,0.0000,0.000000,4.290
312049,520,466,986,202,10,193,330.79,0.9805,0.5189,0.166258,11,9,9,17.58,0.0627,0.0538,0.002862,4.091
312056,520,448,968,235,11,79,15.41,0.9891,0.5354,0.184692,13,18,27,261.95,0.2780,0.0833,0.005973,4.193
312070,520,399,919,214,23,240,322.02,0.9845,0.5773,0.212021,29,35,10,120.91,0.6342,0.1398,0.014852,4.040
312120,520,465,985,170,24,254,306.83,0.9952,0.5200,0.163559,6,1,36,280.76,0.9614,0.0473,0.001878,4.117
312142,520,446,966,158,86,227,304.37,0.8096,0.5399,0.194712,12,9,44,280.40,0.7638,0.0753,0.004554,4.486
312143,520,412,932,219,47,200,333.32,0.9142,0.5712,0.212655,44,22,3,59.88,0.7870,0.1239,0.011159,4.295
312154,520,401,921,229,5,219,330.77,0.9966,0.5841,0.218835,39,27,37,332.20,0.2537,0.1379,0.013488,4.234
312161,520,362,882,215,60,254,318.42,0.9947,0.6113,0.248363,75,11,42,356.40,0.7794,0.1772,0.019026,4.322
312162,520,419,939,240,3,134,357.95,0.9963,0.5603,0.203148,8,30,20,161.75,0.6668,0.1112,0.010306,4.198
312167,520,375,895,212,52,255,317.64,1.0000,0.6011,0.236747,44,15,84,296.57,0.8223,0.1582,0.015172,4.400
312181,520,335,855,242,63,231,330.79,0.9516,0.6418,0.282045,16,54,37,161.10,0.7646,0.1985,0.028820,4.213
312195,520,264,784,248,107,243,328.98,0.9707,0.7060,0.369454,15,74,15,142.94,0.9754,0.2623,0.050334,4.181
312208,520,359,879,250,9,216,336.28,0.9963,0.6210,0.254804,81,12,9,28.17,0.9150,0.1824,0.020323,4.334
312219,520,218,738,247,157,152,23.28,0.8075,0.7504,0.461574,49,81,24,133.90,0.8607,0.3040,0.066036,4.409
312222,520,384,904,241,40,172,346.91,0.9432,0.5915,0.232000,67,3,36,355.83,0.8707,0.1499,0.013860,4.416
312230,520,359,879,246,88,75,28.17,0.9368,0.6165,0.270835,46,40,33,71.43,0.1554,0.1784,0.022083,4.451
312235,520,439,959,217,77,67,27.62,0.8273,0.5475,0.204671,22,22,5,108.98,0.6086,0.0947,0.007554,4.425
312278,520,441,961,229,50,50,26.56,0.9372,0.5387,0.191724,28,17,18,12.91,0.2388,0.0927,0.006915,4.247
312286,520,420,940,250,0,73,18.24,1.0000,0.5638,0.208087,7,10,76,268.96,0.9636,0.1079,0.007840,4.462
312344,520,399,919,214,79,180,339.00,0.7774,0.5829,0.231854,64,9,17,18.10,0.8252,0.1437,0.013260,4.455
312366,520,356,876,244,20,227,332.27,0.9910,0.6193,0.252824,51,30,66,309.56,0.5219,0.1775,0.020257,4.310
312372,520,460,980,209,28,182,335.87,0.9331,0.5310,0.177653,22,2,26,321.42,0.7851,0.0592,0.002886,4.305
312377,520,410,930,208,67,193,332.48,0.8254,0.5661,0.212763,59,4,28,0.12,0.8328,0.1306,0.011006,4.307
312407,520,392,912,220,9,254,320.55,0.9966,0.5945,0.225688,22,37,32,171.56,0.3102,0.1456,0.015980,4.178
312412,520,162,682,215,185,248,306.17,0.8034,0.8052,0.559227,23,98,13,141.57,0.9858,0.3468,0.089462,4.368
312413,520,467,987,197,83,34,41.28,0.8591,0.5159,0.181742,17,2,5,5.13,0.6650,0.0427,0.001736,4.479
312415,520,382,902,243,40,179,345.21,0.9496,0.5987,0.238300,62,23,23,22.18,0.5877,0.1612,0.016989,4.304
312425,520,432,952,178,70,233,311.69,0.8785,0.5500,0.197294,11,7,75,272.24,0.9650,0.1048,0.007311,4.315
312439,520,150,670,241,204,4,95.70,0.9961,0.8272,0.618968,6,103,36,147.10,0.9935,0.3627,0.098662,4.500
312440,520,359,879,224,58,244,323.13,0.9563,0.6167,0.254071,44,13,109,287.43,0.9194,0.1837,0.019274,4.389
312462,520,432,952,214,66,135,355.89,0.7809,0.5470,0.199441,40,11,14,16.36,0.5997,0.0985,0.007222,4.359
312466,520,359,879,244,67,179,346.51,0.9124,0.6208,0.265051,62,31,13,49.03,0.6431,0.1751,0.020333,4.479
312471,520,445,965,177,77,203,318.80,0.7665,0.5357,0.189677,37,2,2,26.99,0.9336,0.0751,0.004412,4.405
312478,520,396,916,222,67,171,343.87,0.8256,0.5782,0.224865,46,21,41,334.95,0.4787,0.1370,0.012773,4.379
312479,520,413,933,234,0,179,342.64,1.0000,0.5684,0.207500,54,3,23,2.69,0.8493,0.1170,0.009114,4.356
312481,520,394,914,215,37,247,320.52,0.9739,0.5904,0.224875,36,13,77,292.74,0.8297,0.1383,0.011987,4.434
312524,520,330,850,172,137,204,307.78,0.5008,0.6366,0.310220,32,58,1,132.04,0.9920,0.2146,0.033353,4.322
312534,520,284,804,255,81,253,328.42,1.0000,0.6926,0.342396,70,58,0,96.01,1.0000,0.2534,0.043283,4.207
312541,520,441,961,217,20,169,341.82,0.9567,0.5352,0.181190,18,15,37,287.59,0.4989,0.0866,0.006038,4.126
312548,520,432,952,228,14,153,349.43,0.9760,0.5467,0.191107,40,14,2,47.49,0.8124,0.1009,0.007696,4.179
312556,520,447,967,205,73,146,349.69,0.7330,0.5440,0.198215,7,17,37,262.31,0.5984,0.0826,0.005796,4.449
312560,520,364,884,253,30,178,347.40,0.9853,0.6122,0.250290,21,45,13,138.59,0.8572,0.1655,0.020652,4.250
312561,520,407,927,245,47,7,31.99,0.9944,0.5660,0.214643,50,1,66,315.50,0.9605,0.1343,0.010932,4.343
312565,520,466,986,179,26,233,313.95,0.9680,0.5157,0.162068,18,4,4,21.76,0.5466,0.0486,0.002242,4.059
312566,520,421,941,242,15,124,1.88,0.9828,0.5634,0.206774,49,8,16,13.33,0.7421,0.1114,0.008642,4.379
312586,520,474,994,165,68,216,311.48,0.8250,0.5159,0.170922,5,2,3,354.33,0.3103,0.0275,0.000823,4.347
312605,520,464,984,207,75,34,36.89,0.8976,0.5221,0.184152,24,2,3,20.67,0.8078,0.0523,0.002442,4.465
312613,520,398,918,211,30,245,320.04,0.9788,0.5789,0.213718,24,24,72,277.71,0.7193,0.1396,0.013153,4.176
312618,520,479,999,209,61,69,22.23,0.8428,0.5128,0.173248,1,0,0,29.23,1.0000,0.0090,0.000065,4.459
312627,520,414,934,253,7,18,28.34,0.9976,0.5658,0.210821,21,29,21,144.88,0.2574,0.1172,0.010923,4.281
312650,520,404,924,238,64,87,18.47,0.8938,0.5757,0.225352,28,30,33,258.36,0.0706,0.1310,0.012852,4.381
312686,520,447,967,218,62,90,15.05,0.8319,0.5358,0.190914,4,16,34,256.32,0.6676,0.0762,0.005119,4.371
312695,520,448,968,224,38,143,352.70,0.9035,0.5448,0.192193,22,9,42,297.83,0.6935,0.0833,0.005331,4.377
312700,520,472,992,168,63,218,312.41,0.8473,0.5158,0.169426,9,1,8,331.11,0.6975,0.0314,0.000973,4.305
312708,520,275,795,254,88,248,329.35,0.9963,0.6952,0.348304,41,57,93,264.99,0.4649,0.2514,0.041879,4.335
312713,520,466,986,216,26,144,350.01,0.9277,0.5232,0.173538,14,9,1,88.23,0.7580,0.0542,0.002909,4.225
312718,520,421,941,236,45,113,6.40,0.9145,0.5621,0.209050,27,22,36,300.44,0.3000,0.1109,0.009342,4.365
312727,520,471,991,168,85,181,322.05,0.6564,0.5204,0.181589,2,5,14,260.93,0.5436,0.0376,0.001531,4.494
312728,520,410,930,235,43,136,357.81,0.9132,0.5665,0.211705,22,0,98,276.20,1.0000,0.1346,0.010524,4.324
312748,520,408,928,226,46,176,342.35,0.9028,0.5695,0.212599,5,5,97,266.69,0.9920,0.1287,0.010038,4.374
312752,520,408,928,217,13,230,325.17,0.9910,0.5722,0.207548,54,15,15,23.27,0.6823,0.1307,0.011605,4.181
312754,520,348,868,240,74,207,337.00,0.9118,0.6347,0.279305,70,27,52,346.64,0.5640,0.1936,0.023341,4.490
312785,520,390,910,248,52,91,16.24,0.9523,0.5854,0.231712,4,41,23,157.59,0.9389,0.1461,0.016735,4.221
312797,520,429,949,201,24,228,321.39,0.9739,0.5467,0.186739,30,21,4,82.79,0.6779,0.1013,0.008211,4.067
312806,520,382,902,207,67,242,318.69,0.9348,0.5966,0.236921,38,12,96,287.23,0.9056,0.1605,0.015195,4.401
312811,520,440,960,168,64,253,304.55,0.9850,0.5458,0.190841,31,7,34,323.15,0.6730,0.0863,0.005588,4.333
312829,520,237,757,251,143,159,11.14,0.8715,0.7315,0.426600,66,71,0,114.27,1.0000,0.2859,0.056647,4.469
312840,520,365,885,233,24,242,326.22,0.9889,0.6113,0.243902,78,5,7,26.46,0.9584,0.1689,0.017439,4.358
312842,520,389,909,247,52,102,12.53,0.9411,0.5860,0.231929,56,15,46,338.53,0.6630,0.1467,0.013798,4.419
312877,520,457,977,213,38,150,347.62,0.8811,0.5268,0.177367,11,12,18,277.40,0.1957,0.0634,0.003778,4.228
312885,520,279,799,192,147,221,311.52,0.6044,0.6883,0.372949,16,70,31,148.73,0.9431,0.2512,0.045892,4.411
312892,520,473,993,196,68,137,350.63,0.7233,0.5180,0.176779,5,0,20,294.03,1.0000,0.0303,0.000828,4.462
312898,520,454,974,151,76,239,300.45,0.8883,0.5262,0.179805,31,7,2,38.79,0.7867,0.0735,0.004477,4.218
312926,520,401,921,144,113,233,292.63,0.7707,0.5754,0.236227,4,36,43,215.30,0.8108,0.1378,0.014619,4.429
312927,520,324,844,232,97,201,337.47,0.8360,0.6459,0.299246,56,47,19,91.79,0.5672,0.2068,0.029209,4.409
312938,520,86,606,236,218,251,309.76,0.8154,0.8986,0.749410,37,115,36,142.96,0.9545,0.4102,0.127817,4.496
312939,520,407,927,190,88,203,323.00,0.7439,0.5704,0.222396,26,7,89,280.57,0.9528,0.1342,0.010928,4.471
312950,520,455,975,207,9,190,332.96,0.9830,0.5259,0.171805,14,11,0,99.94,1.0000,0.0582,0.003327,4.159
312960,520,420,940,183,61,247,310.70,0.9518,0.5587,0.201212,6,7,79,268.37,0.9788,0.1070,0.007551,4.365
312963,520,426,946,206,67,184,334.85,0.8047,0.5575,0.205987,20,12,69,280.07,0.8671,0.1115,0.008413,4.382
312964,520,308,828,252,70,244,329.94,0.9888,0.6722,0.316103,32,60,57,186.90,0.4041,0.2338,0.038341,4.144
312972,520,433,953,236,33,105,8.21,0.9466,0.5523,0.199436,3,5,74,266.70,0.9857,0.0958,0.006223,4.437
312987,520,465,985,230,12,77,15.51,0.9866,0.5247,0.176248,26,0,14,348.45,1.0000,0.0549,0.002514,4.308
312994,520,479,999,153,53,243,302.40,0.9379,0.5054,0.157900,1,0,5,292.48,1.0000,0.0142,0.000174,4.144
313008,520,444,964,237,32,51,24.38,0.9720,0.5429,0.192798,23,7,39,303.67,0.7122,0.0788,0.004806,4.430
313022,520,460,980,233,28,43,25.59,0.9770,0.5315,0.183317,13,12,12,17.34,0.0274,0.0630,0.003751,4.341
313023,520,425,945,216,56,178,339.42,0.8527,0.5605,0.206438,0,18,73,262.64,1.0001,0.1138,0.009136,4.336
313033,520,477,997,197,77,12,42.38,0.9570,0.5052,0.172066,0,0,9,264.05,1.0000,0.0151,0.000197,4.424
313048,520,360,880,242,48,214,335.17,0.9571,0.6206,0.258490,54,38,20,68.53,0.4616,0.1804,0.022211,4.272
313062,520,462,982,235,19,23,28.18,0.9893,0.5304,0.181930,5,7,22,273.53,0.5419,0.0496,0.002421,4.424
313068,520,478,998,171,47,229,311.69,0.9163,0.5134,0.163490,0,2,10,257.10,0.9999,0.0242,0.000653,4.215
313069,520,367,887,231,47,228,328.91,0.9583,0.6096,0.246258,11,11,123,267.44,0.9884,0.1749,0.017404,4.395
313077,520,323,843,253,28,241,330.98,0.9928,0.6466,0.280671,62,47,1,89.07,0.9724,0.2128,0.030595,4.103
313105,520,475,995,212,64,60,26.25,0.8612,0.5205,0.179925,4,5,2,121.23,0.3605,0.0349,0.001387,4.474
313114,520,474,994,198,47,175,335.21,0.8425,0.5191,0.171357,1,0,24,270.69,1.0000,0.0285,0.000724,4.364
313115,520,345,865,205,89,254,314.21,0.9915,0.6271,0.272810,17,33,109,267.56,0.9082,0.1925,0.023109,4.415
313116,520,230,750,233,151,218,333.58,0.7740,0.7438,0.445205,66,73,30,117.19,0.6098,0.2949,0.060171,4.495
313119,520,425,945,242,10,122,2.41,0.9889,0.5616,0.205028,40,3,56,312.90,0.8808,0.1111,0.008018,4.396
313143,520,447,967,225,64,13,35.38,0.9810,0.5416,0.197062,4,18,37,254.97,0.6928,0.0830,0.005920,4.418
313150,520,471,991,228,12,49,23.07,0.9905,0.5156,0.169817,9,2,25,295.86,0.8037,0.0435,0.001717,4.250
313151,520,341,861,222,82,240,322.96,0.9287,0.6341,0.278574,47,48,35,111.30,0.2206,0.2026,0.028396,4.191
313157,520,446,966,212,38,175,338.94,0.8987,0.5379,0.184806,3,10,49,266.61,0.9174,0.0752,0.004582,4.302
313158,520,409,929,224,42,190,337.47,0.9233,0.5708,0.212234,37,16,59,303.09,0.6893,0.1271,0.010797,4.313
313170,520,365,885,208,86,227,322.05,0.8575,0.6094,0.256131,69,20,32,8.65,0.6548,0.1722,0.018700,4.456
313181,520,319,839,219,122,160,356.01,0.6076,0.6480,0.315191,7,62,39,159.76,0.9464,0.2232,0.036367,4.228
313191,520,233,753,195,162,255,299.62,1.0000,0.7400,0.446630,2,83,0,142.29,1.0000,0.2896,0.061992,4.435
313195,520,459,979,232,7,75,16.16,0.9927,0.5274,0.178188,28,3,10,3.81,0.7217,0.0631,0.003340,4.278
313199,520,477,997,222,34,30,28.34,0.9673,0.5104,0.167702,7,0,3,348.27,1.0000,0.0231,0.000518,4.309
313201,520,387,907,205,86,200,329.27,0.7735,0.5885,0.238065,58,17,33,358.90,0.6211,0.1470,0.014104,4.494
313241,520,407,927,242,13,147,354.30,0.9855,0.5715,0.212749,13,36,2,136.58,0.9747,0.1294,0.013517,4.137
313244,520,311,831,252,114,14,47.31,0.9883,0.6601,0.327650,54,54,23,108.81,0.5492,0.2250,0.034845,4.451
313258,520,310,830,215,108,250,317.08,0.9573,0.6645,0.320758,25,62,6,137.55,0.9744,0.2242,0.036650,4.279
313260,520,374,894,251,63,76,22.57,0.9737,0.5979,0.245896,62,23,4,44.55,0.8346,0.1578,0.016459,4.452
313261,520,464,984,207,73,28,37.38,0.9204,0.5188,0.181165,14,8,10,355.94,0.1987,0.0548,0.002889,4.371
313263,520,408,928,255,14,25,27.94,1.0000,0.5719,0.216481,25,29,43,271.82,0.2814,0.1304,0.012598,4.257
313270,520,393,913,216,69,207,330.50,0.8646,0.5897,0.233622,15,37,31,173.86,0.5030,0.1407,0.015236,4.348
313290,520,457,977,164,67,241,305.45,0.9132,0.5335,0.182583,6,14,10,163.79,0.3470,0.0614,0.003747,4.327
313307,520,425,945,245,15,69,19.36,0.9899,0.5557,0.201873,23,27,16,124.41,0.3016,0.1119,0.010034,4.195
313310,520,391,911,247,63,66,25.15,0.9561,0.5885,0.237259,62,15,37,355.10,0.6784,0.1534,0.014995,4.420
313317,520,406,926,237,47,156,351.53,0.9118,0.5812,0.224408,56,10,34,352.61,0.7194,0.1342,0.011735,4.445
313325,520,392,912,231,57,179,342.97,0.8876,0.5887,0.231725,47,25,54,317.63,0.5025,0.1539,0.015660,4.291
313327,520,341,861,251,8,229,333.34,0.9974,0.6306,0.263432,68,25,80,318.23,0.6872,0.2043,0.025035,4.177
313346,520,449,969,232,20,118,2.30,0.9669,0.5425,0.189671,1,1,59,265.58,0.9962,0.0684,0.003439,4.485
313354,520,37,557,254,248,31,107.84,0.9977,0.9454,0.883055,3,129,13,143.04,0.9987,0.4479,0.157482,4.497
313368,520,477,997,152,67,233,302.95,0.8787,0.5106,0.165733,1,1,12,274.56,0.8685,0.0231,0.000547,4.268
313371,520,401,921,163,113,208,307.01,0.6287,0.5800,0.241513,9,40,12,145.04,0.9305,0.1424,0.016021,4.415
313372,520,399,919,238,13,172,345.70,0.9859,0.5751,0.214466,44,17,65,306.88,0.7090,0.1434,0.013181,4.186
313397,520,439,959,192,44,231,317.75,0.9362,0.5453,0.187787,38,10,13,16.17,0.6010,0.0932,0.006583,4.202
313415,520,341,861,229,112,91,31.71,0.7650,0.6265,0.290042,3,52,67,224.46,0.9173,0.2013,0.028804,4.315
313420,520,430,950,227,17,163,346.05,0.9711,0.5504,0.193788,4,18,59,264.27,0.8918,0.1013,0.007741,4.222
313442,520,433,953,240,40,21,30.17,0.9806,0.5513,0.201003,2,23,43,248.44,0.8226,0.0988,0.008001,4.328
313444,520,411,931,252,15,36,26.55,0.9939,0.5665,0.211682,13,5,86,272.03,0.9821,0.1176,0.008659,4.461
313458,520,480,1000,195,26,195,328.26,0.9384,0.5131,0.162827,0,0,0,0.00,0.0000,0.0000,0.000000,4.257
313480,520,389,909,226,54,201,334.90,0.9106,0.5893,0.230265,16,35,64,258.63,0.6140,0.1539,0.016823,4.194
313489,520,371,891,221,95,160,350.70,0.7142,0.6069,0.260968,24,44,19,139.55,0.6637,0.1653,0.020425,4.416
313493,520,478,998,213,61,2,36.38,0.9960,0.5142,0.174905,1,1,0,109.77,1.0000,0.0157,0.000282,4.473
313497,520,389,909,211,92,167,344.26,0.6966,0.5894,0.242951,31,35,39,248.20,0.0993,0.1504,0.016398,4.412
313510,520,429,949,233,48,91,14.15,0.9129,0.5524,0.201959,45,6,19,4.38,0.7414,0.1017,0.007352,4.393
313515,520,335,855,217,95,231,323.44,0.8736,0.6371,0.287074,0,45,92,254.16,0.9999,0.1982,0.026493,4.407
313520,520,221,741,187,170,250,293.35,0.8350,0.7464,0.462163,29,85,5,138.97,0.9908,0.3043,0.067689,4.352
313525,520,352,872,226,93,188,340.26,0.7859,0.6246,0.276305,28,49,38,160.47,0.4016,0.1894,0.025834,4.303
313526,520,464,984,155,77,225,304.75,0.8250,0.5212,0.177130,3,0,41,272.10,1.0000,0.0470,0.001794,4.385
313532,520,437,957,210,33,202,330.39,0.9401,0.5479,0.190556,12,22,12,144.50,0.4219,0.0875,0.006785,4.236
313547,520,460,980,234,21,68,19.03,0.9792,0.5342,0.184493,6,11,24,265.39,0.4641,0.0602,0.003440,4.388
313559,520,467,987,212,32,145,348.92,0.8990,0.5189,0.170767,11,4,0,69.28,1.0000,0.0388,0.001580,4.280
313561,520,444,964,200,0,232,320.39,1.0000,0.5419,0.181072,8,2,59,274.09,0.9816,0.0755,0.004108,4.271
313572,520,360,880,247,45,198,340.67,0.9569,0.6187,0.257313,55,34,45,347.00,0.3097,0.1800,0.021458,4.301
313577,520,385,905,247,38,135,0.10,0.9488,0.5866,0.229130,45,17,76,301.07,0.7658,0.1545,0.014806,4.307
313578,520,261,781,235,152,44,67.46,0.9012,0.7060,0.403027,41,73,25,136.55,0.8365,0.2727,0.053066,4.396
313580,520,331,851,255,58,185,346.61,1.0000,0.6356,0.277923,2,31,127,263.96,0.9866,0.2050,0.025250,4.358
313592,520,457,977,228,37,84,14.72,0.9352,0.5329,0.184601,9,14,1,123.55,0.8561,0.0612,0.003743,4.365
313597,520,392,912,199,80,227,319.45,0.8558,0.5885,0.234269,1,40,39,192.23,0.9637,0.1472,0.016704,4.262
313603,520,464,984,225,32,54,23.08,0.9617,0.5181,0.173098,15,5,9,351.88,0.3892,0.0489,0.002298,4.266
313604,520,464,984,174,43,233,311.89,0.9330,0.5181,0.166106,2,10,8,179.92,0.5755,0.0477,0.002475,4.118
313606,520,324,844,155,141,237,288.96,0.7374,0.6462,0.321325,30,58,5,134.00,0.9646,0.2136,0.033130,4.467
313607,520,418,938,205,76,163,342.74,0.7383,0.5556,0.207942,48,18,3,46.87,0.8050,0.1225,0.010677,4.251
313616,520,401,921,198,87,194,328.94,0.7382,0.5757,0.227187,11,39,7,141.12,0.9421,0.1392,0.015375,4.240
313623,520,443,963,231,2,137,355.15,0.9966,0.5431,0.188414,2,8,55,266.08,0.9561,0.0771,0.004624,4.365
313634,520,315,835,251,39,255,327.36,1.0000,0.6569,0.291832,5,10,157,265.09,0.9953,0.2225,0.026834,4.449
313635,520,409,929,242,50,86,17.01,0.9311,0.5708,0.218336,17,32,38,225.27,0.3502,0.1298,0.012921,4.265
313647,520,332,852,245,102,117,16.60,0.8687,0.6429,0.302026,23,55,34,153.16,0.6702,0.2044,0.030299,4.384
313662,520,401,921,213,63,214,327.70,0.8875,0.5831,0.225581,20,29,65,270.08,0.6239,0.1417,0.014091,4.300
313679,520,471,991,179,13,242,312.19,0.9892,0.5189,0.162834,3,2,25,277.11,0.8863,0.0374,0.001330,4.146
313704,520,350,870,236,32,250,325.08,0.9865,0.6251,0.257705,22,53,23,144.36,0.8169,0.1945,0.027786,3.956
313705,520,384,904,220,56,216,329.14,0.9172,0.5898,0.230040,2,39,44,208.19,0.9129,0.1469,0.016457,4.214
313707,520,404,924,218,66,193,335.33,0.8507,0.5818,0.226543,2,25,74,261.56,0.9566,0.1308,0.012025,4.459
313715,520,463,983,188,74,166,335.90,0.7106,0.5263,0.183436,3,3,41,270.83,0.9573,0.0538,0.002446,4.451
313720,520,454,974,225,35,104,6.99,0.9221,0.5308,0.182119,23,9,5,40.25,0.4764,0.0661,0.003885,4.308
313723,520,423,943,236,53,56,25.74,0.9371,0.5561,0.206677,7,27,36,229.87,0.5913,0.1084,0.009564,4.309
313737,520,396,916,189,69,253,310.78,0.9852,0.5803,0.221680,1,32,70,255.37,0.9595,0.1440,0.014816,4.192
313743,520,366,886,247,63,143,359.29,0.9229,0.6078,0.253156,51,17,87,300.93,0.8042,0.1733,0.017929,4.463
313762,520,413,933,254,16,34,26.92,0.9963,0.5709,0.215607,35,12,60,301.48,0.7575,0.1192,0.009465,4.467
313798,520,331,851,250,32,232,332.42,0.9861,0.6372,0.271863,87,4,42,1.02,0.8999,0.1971,0.022806,4.421
313817,520,381,901,225,103,0,48.88,1.0000,0.5960,0.257106,2,46,27,159.40,0.9751,0.1634,0.020459,4.359
313823,520,340,860,248,71,190,344.07,0.9435,0.6368,0.281837,44,42,64,287.90,0.3054,0.1956,0.025616,4.388
313839,520,412,932,201,69,220,322.39,0.8671,0.5740,0.218426,23,27,42,272.35,0.3106,0.1228,0.011332,4.377
313842,520,435,955,223,42,148,350.91,0.8896,0.5477,0.194846,20,13,40,292.39,0.5847,0.0866,0.005898,4.380
313850,520,212,732,236,160,214,337.87,0.7476,0.7630,0.478312,9,89,8,142.57,0.9917,0.3124,0.072201,4.323
313883,520,458,978,218,18,166,342.98,0.9617,0.5348,0.180936,19,6,14,342.68,0.4473,0.0576,0.003004,4.357
313927,520,265,785,228,128,250,320.18,0.9592,0.7129,0.388361,6,66,95,236.88,0.8901,0.2629,0.047611,4.491
313938,520,455,975,217,58,88,14.95,0.8442,0.5292,0.184849,7,6,40,276.56,0.8436,0.0624,0.003286,4.407
313948,520,367,887,254,71,94,18.64,0.9907,0.6149,0.263890,18,43,50,218.33,0.4932,0.1695,0.020866,4.429
313949,520,365,885,181,103,242,307.60,0.8640,0.6067,0.259358,38,34,70,286.41,0.4998,0.1735,0.019983,4.420
313978,520,433,953,191,48,232,317.09,0.9287,0.5474,0.190178,0,30,7,148.92,1.0000,0.1037,0.009438,4.041
313990,520,366,886,193,89,254,310.43,0.9899,0.6106,0.256390,21,47,5,135.99,0.9553,0.1711,0.022034,4.253
313994,520,435,955,240,30,16,29.67,0.9868,0.5454,0.194946,18,20,23,258.37,0.0912,0.0907,0.006908,4.304
313999,520,407,927,221,24,218,329.04,0.9768,0.5740,0.210896,19,32,42,242.32,0.3408,0.1332,0.013386,4.116
314003,520,443,963,203,62,172,338.01,0.7969,0.5404,0.191222,18,18,7,108.38,0.4022,0.0807,0.005766,4.326
314015,520,478,998,178,76,158,335.75,0.6652,0.5087,0.171037,1,0,15,275.86,1.0000,0.0213,0.000409,4.385
314023,520,213,733,229,151,255,317.35,1.0000,0.7566,0.460125,12,84,23,144.87,0.9832,0.2970,0.064804,4.443
314032,520,327,847,250,105,62,36.97,0.9561,0.6459,0.307782,20,54,51,187.56,0.5818,0.2056,0.030260,4.458
314051,520,480,1000,199,13,185,332.26,0.9693,0.5088,0.159346,0,0,0,0.00,0.0000,0.0000,0.000000,4.187
314054,520,356,876,255,6,196,342.50,1.0000,0.6186,0.253792,41,19,101,286.61,0.8603,0.1781,0.018767,4.418
314073,520,418,938,230,7,167,345.37,0.9898,0.5558,0.197678,58,6,3,29.91,0.9336,0.1247,0.010365,4.103
314116,520,459,979,214,67,47,30.90,0.8873,0.5262,0.185181,11,9,22,289.79,0.4026,0.0591,0.003244,4.417
314125,520,352,872,255,64,144,0.48,1.0000,0.6239,0.269439,11,47,69,240.05,0.7288,0.1897,0.025337,4.240
314136,520,309,829,248,107,149,4.06,0.8746,0.6644,0.326447,4,59,48,174.94,0.9482,0.2152,0.033670,4.499
314160,520,458,978,180,12,252,310.38,0.9923,0.5293,0.169955,9,14,7,136.09,0.3277,0.0629,0.003875,4.083
314162,520,409,929,223,69,145,354.20,0.8015,0.5706,0.219910,46,18,40,336.00,0.5354,0.1310,0.011667,4.377
314169,520,150,670,238,192,219,342.47,0.6172,0.8324,0.609920,36,99,64,155.89,0.8054,0.3630,0.096686,4.499
314200,520,382,902,233,35,226,329.95,0.9734,0.6050,0.240192,50,33,0,80.30,1.0000,0.1588,0.017659,4.289
314201,520,318,838,255,108,55,39.16,1.0000,0.6583,0.322644,35,56,42,154.62,0.3808,0.2178,0.033528,4.461
314222,520,435,955,239,8,93,11.41,0.9918,0.5464,0.193180,15,10,51,281.29,0.7935,0.0858,0.005576,4.376
314226,520,397,917,185,74,247,310.51,0.9426,0.5755,0.219282,11,39,10,142.83,0.9201,0.1396,0.015440,4.115
314243,520,475,995,185,45,216,319.33,0.9056,0.5232,0.171502,1,0,24,270.69,1.0000,0.0285,0.000724,4.367
314244,520,445,965,169,64,250,305.47,0.9650,0.5446,0.190046,8,12,49,271.92,0.8242,0.0823,0.005363,4.336
314247,520,400,920,249,1,129,1.16,0.9991,0.5764,0.217499,57,19,17,25.55,0.6382,0.1434,0.013762,4.195
314250,520,310,830,244,115,89,32.93,0.8820,0.6555,0.322187,34,58,38,148.60,0.4836,0.2222,0.035060,4.376
314251,520,472,992,221,38,70,18.77,0.9328,0.5162,0.172033,1,1,23,270.14,0.9662,0.0307,0.000900,4.362
314257,520,350,870,253,32,213,337.79,0.9895,0.6312,0.267230,45,33,87,289.64,0.6381,0.1926,0.023337,4.326
314273,520,432,952,247,6,24,27.68,0.9975,0.5530,0.199740,17,22,36,268.67,0.3416,0.1013,0.008203,4.291
314281,520,432,952,238,4,108,6.25,0.9951,0.5476,0.193499,21,4,72,282.27,0.9538,0.1048,0.007141,4.261
314282,520,438,958,238,34,77,17.71,0.9594,0.5502,0.198602,42,3,22,354.76,0.7954,0.0925,0.006154,4.427
314285,520,431,951,226,39,140,354.27,0.9043,0.5480,0.195159,9,27,7,141.51,0.8414,0.0993,0.008573,4.186
314287,520,469,989,228,20,27,27.64,0.9865,0.5160,0.170764,4,4,18,279.73,0.6018,0.0392,0.001563,4.281
314290,520,408,928,217,75,150,351.38,0.7645,0.5690,0.219881,31,30,10,106.20,0.5449,0.1274,0.012418,4.324
314293,520,406,926,250,19,134,0.14,0.9824,0.5842,0.225145,48,19,28,1.88,0.4922,0.1306,0.011780,4.454
314295,520,356,876,250,42,187,344.42,0.9657,0.6168,0.255711,77,4,57,342.82,0.8602,0.1828,0.019603,4.392
314301,520,469,989,124,89,239,288.66,0.8720,0.5156,0.176616,13,5,4,30.57,0.3527,0.0449,0.002029,4.356
314312,520,465,985,208,27,168,339.95,0.9232,0.5205,0.170230,2,6,26,265.81,0.7990,0.0471,0.002177,4.221
314330,520,319,839,252,109,37,43.10,0.9762,0.6532,0.317696,29,54,77,247.78,0.4851,0.2243,0.034352,4.359
314340,520,184,704,244,164,236,330.24,0.9202,0.7899,0.518419,67,84,38,126.09,0.6013,0.3301,0.076738,4.485
314341,520,300,820,234,125,147,8.24,0.7055,0.6710,0.342686,51,58,10,117.56,0.8301,0.2319,0.037518,4.487
314344,520,451,971,133,91,251,289.98,0.9553,0.5386,0.194336,24,11,17,350.88,0.3451,0.0748,0.004740,4.464
314354,520,442,962,175,48,247,308.91,0.9581,0.5355,0.179441,14,6,50,282.67,0.8617,0.0773,0.004539,4.207
314360,520,368,888,234,12,235,328.11,0.9948,0.6051,0.237561,71,20,25,18.11,0.6941,0.1741,0.019103,4.161
314374,520,468,988,221,34,105,5.86,0.9165,0.5224,0.175388,15,0,14,330.38,1.0000,0.0384,0.001333,4.391
314379,520,387,907,252,31,124,4.20,0.9762,0.5893,0.231343,21,38,46,229.38,0.3609,0.1542,0.017429,4.172
314387,520,443,963,193,44,226,319.24,0.9298,0.5430,0.186312,21,16,5,87.39,0.4883,0.0784,0.005410,4.265
314389,520,465,985,219,59,23,33.51,0.9604,0.5247,0.182525,13,6,15,319.12,0.3852,0.0512,0.002503,4.429
314396,520,413,933,189,73,235,314.61,0.8880,0.5710,0.215832,6,31,42,230.22,0.6896,0.1230,0.011858,4.297
314398,520,341,861,177,135,189,318.61,0.4285,0.6307,0.303497,28,50,61,231.15,0.3894,0.2025,0.028649,4.495
314407,520,477,997,165,44,236,308.33,0.9328,0.5081,0.158576,0,2,11,258.21,1.0000,0.0247,0.000676,4.116
314417,520,374,894,253,11,164,351.20,0.9923,0.6001,0.238059,62,2,69,323.17,0.9236,0.1595,0.014974,4.433
314443,520,403,923,241,14,166,348.17,0.9853,0.5782,0.217711,55,13,6,32.49,0.8240,0.1280,0.011134,4.379
314466,520,311,831,239,101,196,341.46,0.8601,0.6600,0.316461,10,63,6,141.99,0.9854,0.2216,0.036325,4.245
314473,520,431,951,222,70,96,14.77,0.8127,0.5539,0.207570,5,22,45,255.94,0.7194,0.0994,0.007955,4.444
314474,520,468,988,220,47,65,21.53,0.9144,0.5201,0.176330,3,5,10,261.26,0.3332,0.0370,0.001498,4.395
314481,520,465,985,199,79,53,33.83,0.8001,0.5153,0.179931,9,6,20,293.01,0.4895,0.0499,0.002388,4.389
314483,520,452,972,210,50,154,345.98,0.8339,0.5321,0.183181,10,1,56,277.57,0.9864,0.0717,0.003717,4.341
314493,520,394,914,251,58,35,30.69,0.9826,0.5884,0.236603,13,33,48,243.09,0.5356,0.1358,0.013866,4.488
314501,520,281,801,252,91,239,331.18,0.9868,0.6902,0.344124,27,62,74,223.02,0.5346,0.2453,0.041725,4.297
314502,520,471,991,188,25,215,320.93,0.9575,0.5153,0.162943,13,4,0,62.70,1.0000,0.0410,0.001724,4.117
314506,520,466,986,192,86,88,21.08,0.6410,0.5208,0.185683,3,12,6,156.70,0.5955,0.0527,0.002954,4.451
314515,520,363,883,245,10,215,335.44,0.9952,0.6114,0.245389,45,31,67,300.04,0.5103,0.1725,0.019431,4.254
314517,520,349,869,244,56,208,337.36,0.9436,0.6263,0.266184,52,36,61,312.82,0.3803,0.1887,0.023288,4.314
314523,520,408,928,240,27,150,353.29,0.9616,0.5733,0.215143,11,34,38,210.39,0.5414,0.1323,0.013551,4.172
314524,520,412,932,246,12,129,0.86,0.9882,0.5725,0.214442,31,9,69,292.57,0.8507,0.1189,0.009164,4.470
314548,520,405,925,245,19,153,353.12,0.9799,0.5816,0.221814,23,32,14,130.43,0.4977,0.1260,0.012469,4.351
314559,520,452,972,209,11,192,332.92,0.9809,0.5313,0.176025,9,9,44,276.16,0.7990,0.0731,0.004353,4.158
314569,520,465,985,86,99,254,273.33,0.9936,0.5155,0.180571,8,7,9,308.76,0.0999,0.0466,0.002233,4.414
314570,520,431,951,194,52,228,318.81,0.9158,0.5523,0.195282,50,0,10,14.92,1.0000,0.1005,0.007001,4.303
314592,520,445,965,194,14,243,316.18,0.9900,0.5440,0.182559,23,14,6,64.18,0.4206,0.0765,0.005094,4.221
314593,520,299,819,251,82,227,334.13,0.9790,0.6721,0.320928,57,55,5,107.14,0.8971,0.2291,0.036132,4.306
314605,520,431,951,239,39,5,31.30,0.9956,0.5480,0.198160,0,19,53,258.12,1.0000,0.0955,0.007227,4.336
314622,520,437,957,221,30,166,343.92,0.9322,0.5454,0.190564,41,8,4,31.85,0.8051,0.0933,0.006539,4.255
314624,520,351,871,222,78,239,323.32,0.9277,0.6290,0.272123,78,9,65,337.41,0.8060,0.1938,0.021970,4.476
314685,520,411,931,248,5,99,10.64,0.9959,0.5662,0.209694,50,13,3,37.95,0.8533,0.1177,0.009726,4.348
314698,520,434,954,220,23,185,337.75,0.9604,0.5510,0.193336,28,1,62,295.76,0.9725,0.0968,0.006164,4.333
314725,520,431,951,168,67,249,305.12,0.9568,0.5457,0.191793,47,4,11,16.03,0.8424,0.1004,0.007154,4.231
314740,520,476,996,204,63,67,23.23,0.8256,0.5051,0.167998,1,0,19,273.06,1.0000,0.0243,0.000535,4.314
314771,520,443,963,147,79,254,296.00,0.9898,0.5385,0.189509,13,4,60,278.40,0.9484,0.0837,0.004986,4.356
314776,520,444,964,217,75,9,39.28,0.9811,0.5395,0.198061,37,5,6,22.44,0.7818,0.0815,0.005151,4.498
314788,520,355,875,234,90,147,358.79,0.7924,0.6164,0.269140,30,43,60,255.40,0.3388,0.1830,0.023300,4.354
314791,520,352,872,221,102,155,354.32,0.6873,0.6155,0.272436,8,54,6,142.30,0.9805,0.1895,0.027030,4.186
314794,520,293,813,254,98,190,347.25,0.9869,0.6774,0.335270,14,65,62,189.25,0.7957,0.2436,0.042216,4.178
314808,520,430,950,184,79,200,322.18,0.7595,0.5469,0.199536,31,2,56,302.99,0.9270,0.0961,0.006203,4.440
314815,520,402,922,250,42,54,25.19,0.9775,0.5761,0.222499,29,32,13,116.40,0.4885,0.1315,0.013233,4.309
314825,520,343,863,237,100,133,7.86,0.7907,0.6309,0.288150,30,51,4,131.11,0.9526,0.1903,0.026524,4.419
314842,520,367,887,214,87,216,327.06,0.8358,0.6130,0.260722,29,44,26,140.35,0.4418,0.1708,0.021371,4.354
314857,520,387,907,233,3,217,332.21,0.9981,0.5896,0.224012,66,2,42,348.83,0.8904,0.1495,0.013690,4.302
314867,520,461,981,232,21,80,15.23,0.9744,0.5323,0.182744,24,0,11,351.75,1.0000,0.0504,0.002184,4.460
314871,520,440,960,159,77,251,300.85,0.9634,0.5478,0.196441,1,25,10,154.64,0.9727,0.0889,0.007236,4.306
314916,520,400,920,218,50,213,329.45,0.9229,0.5798,0.219929,11,40,3,139.15,0.9759,0.1419,0.015953,4.093
314920,520,435,955,206,40,204,328.72,0.9199,0.5463,0.190009,15,12,52,279.74,0.7714,0.0901,0.006124,4.276
314934,520,359,879,231,30,254,323.04,0.9964,0.6188,0.250755,12,10,126,267.60,0.9899,0.1787,0.018014,4.422
314937,520,334,854,249,103,54,38.24,0.9523,0.6403,0.301098,24,56,15,139.41,0.9117,0.2043,0.030569,4.358
314939,520,449,969,192,59,210,322.66,0.8597,0.5425,0.189890,0,4,56,264.15,0.9846,0.0696,0.003723,4.465
314951,520,326,846,251,45,239,330.98,0.9851,0.6496,0.286210,18,59,6,139.73,0.9780,0.2105,0.032696,4.066
315000,520,423,943,250,15,21,28.33,0.9942,0.5613,0.207235,13,20,58,270.86,0.7401,0.1099,0.008913,4.366
315003,520,421,941,177,67,252,307.40,0.9775,0.5605,0.203905,23,22,40,285.50,0.3706,0.1091,0.009092,4.297
315019,520,406,926,210,56,227,323.54,0.9210,0.5806,0.220778,48,19,9,39.44,0.6429,0.1255,0.011139,4.429
315045,520,306,826,251,90,207,340.25,0.9679,0.6705,0.323295,26,61,58,188.01,0.5317,0.2339,0.038624,4.212
315056,520,346,866,187,121,220,313.60,0.6923,0.6312,0.294076,6,52,41,172.52,0.9027,0.1897,0.026547,4.495
315058,520,453,973,205,69,111,5.30,0.7434,0.5256,0.183851,11,8,41,280.87,0.7586,0.0702,0.004049,4.327
315061,520,447,967,165,95,187,317.66,0.6206,0.5366,0.197723,3,6,64,267.22,0.9748,0.0848,0.005197,4.488
315133,520,358,878,217,93,212,329.17,0.8161,0.6232,0.273357,31,46,20,133.27,0.5872,0.1773,0.022958,4.432
315145,520,362,882,220,79,217,328.67,0.8702,0.6132,0.258194,80,10,6,29.17,0.9344,0.1779,0.019360,4.443
315147,520,410,930,182,91,212,317.03,0.7495,0.5691,0.221817,42,23,16,40.95,0.4116,0.1255,0.011425,4.425
315154,520,450,970,237,5,62,20.21,0.9962,0.5352,0.184641,1,20,12,165.59,0.9356,0.0744,0.005333,4.241
315178,520,466,986,80,103,253,271.09,0.9882,0.5187,0.184970,1,12,9,178.11,0.8238,0.0519,0.002891,4.443
315200,520,444,964,223,66,51,29.44,0.8977,0.5428,0.198261,13,21,1,126.13,0.9258,0.0829,0.006241,4.414
315202,520,452,972,212,60,122,0.20,0.7960,0.5319,0.186362,8,3,55,274.93,0.9653,0.0727,0.003926,4.383
315214,520,247,767,244,131,200,344.10,0.8557,0.7153,0.396382,51,74,21,129.68,0.8169,0.2828,0.056554,4.189
315228,520,344,864,224,103,181,343.24,0.7363,0.6326,0.288861,50,45,3,102.38,0.9110,0.1916,0.025615,4.481
315231,520,478,998,219,32,93,9.84,0.9263,0.5137,0.168860,4,0,8,311.99,1.0000,0.0216,0.000433,4.340
315234,520,394,914,245,26,162,350.47,0.9708,0.5879,0.227632,17,25,78,270.76,0.8237,0.1425,0.013644,4.362
315235,520,434,954,177,94,183,324.74,0.6323,0.5492,0.207724,18,23,22,182.06,0.1147,0.0981,0.007993,4.444
315236,520,461,981,233,12,60,20.68,0.9902,0.5279,0.179160,7,7,27,279.54,0.6138,0.0545,0.002763,4.343
315240,520,284,804,228,148,28,69.60,0.9340,0.6870,0.377597,33,69,17,137.61,0.9233,0.2534,0.046199,4.445
315269,520,425,945,204,13,249,317.55,0.9929,0.5650,0.199664,45,13,12,24.48,0.6421,0.1101,0.008724,4.252
315280,520,469,989,204,60,133,353.60,0.7753,0.5214,0.177646,20,0,12,343.61,1.0000,0.0446,0.001753,4.399
315281,520,368,888,206,115,132,8.76,0.5408,0.6066,0.270509,18,47,31,157.28,0.6520,0.1745,0.022605,4.414
315291,520,463,983,229,7,116,2.05,0.9882,0.5322,0.180738,14,7,1,75.13,0.7185,0.0497,0.002475,4.397
315303,520,389,909,248,6,173,347.47,0.9953,0.5936,0.231072,58,18,46,340.99,0.6248,0.1546,0.015295,4.305
315320,520,409,929,226,75,118,7.07,0.7927,0.5734,0.225115,49,17,39,341.06,0.5694,0.1337,0.012004,4.437
315323,520,442,962,225,43,107,6.62,0.8962,0.5370,0.187996,8,1,65,272.79,0.9934,0.0812,0.004550,4.363
315327,520,351,871,255,9,207,339.63,1.0000,0.6250,0.259638,81,15,6,31.41,0.9227,0.1852,0.021044,4.358
315344,520,469,989,215,37,137,352.78,0.8851,0.5241,0.175788,10,3,6,348.67,0.4124,0.0374,0.001428,4.390
315357,520,405,925,240,64,73,23.11,0.9173,0.5769,0.226763,0,37,26,168.65,1.0000,0.1318,0.013977,4.326
315362,520,455,975,218,39,132,355.44,0.8847,0.5292,0.180249,2,6,43,267.03,0.9400,0.0611,0.003176,4.330
315372,520,420,940,245,36,70,20.46,0.9663,0.5645,0.211199,5,26,39,238.44,0.6791,0.1062,0.009175,4.414
315386,520,418,938,200,71,203,326.89,0.8193,0.5635,0.210992,18,0,92,274.73,1.0000,0.1231,0.009012,4.423
315395,520,479,999,186,13,212,321.26,0.9792,0.5052,0.154818,3,0,0,29.23,1.0000,0.0143,0.000194,4.081
315415,520,376,896,232,67,183,342.31,0.8691,0.6016,0.245916,3,46,7,144.39,0.9878,0.1598,0.019886,4.234
315429,520,372,892,255,66,53,28.82,1.0000,0.6054,0.254172,1,45,55,217.42,0.9637,0.1715,0.021590,4.249
315432,520,315,835,241,93,217,334.62,0.9165,0.6632,0.315418,31,54,69,238.32,0.4038,0.2208,0.033592,4.371
315438,520,281,801,252,80,251,328.18,0.9894,0.6857,0.334006,21,66,61,185.06,0.6829,0.2489,0.043926,4.088
315439,520,432,952,208,51,186,334.56,0.8631,0.5466,0.193247,21,21,35,283.65,0.3108,0.1018,0.008171,4.182
315445,520,445,965,196,65,185,331.42,0.7943,0.5392,0.190208,1,22,0,141.37,1.0000,0.0773,0.005802,4.305
315455,520,464,984,231,26,5,30.19,0.9952,0.5239,0.177418,2,8,20,255.39,0.6367,0.0481,0.002371,4.342
315457,520,280,800,253,93,238,331.70,0.9908,0.6935,0.348872,18,71,17,142.82,0.9638,0.2531,0.046754,4.123
315475,520,380,900,247,23,183,344.56,0.9807,0.6006,0.238091,78,0,11,21.94,1.0000,0.1646,0.016442,4.336
315488,520,452,972,229,11,111,3.90,0.9822,0.5314,0.180480,10,15,20,248.65,0.2178,0.0704,0.004567,4.224
315498,520,439,959,135,99,245,290.20,0.8876,0.5492,0.206670,23,21,1,104.71,0.8971,0.0922,0.007207,4.487
315500,520,401,921,231,8,204,335.07,0.9932,0.5787,0.215249,41,31,7,86.39,0.6845,0.1419,0.014668,4.102
315503,520,407,927,168,83,253,302.92,0.9786,0.5689,0.216037,48,20,17,27.52,0.5180,0.1291,0.011693,4.312
315522,520,449,969,225,57,38,30.41,0.9364,0.5358,0.190765,7,13,36,269.11,0.6408,0.0729,0.004604,4.409
315550,520,441,961,231,15,129,358.14,0.9752,0.5428,0.189185,20,22,6,114.92,0.5544,0.0929,0.007357,4.170
315551,520,362,882,229,9,253,322.93,0.9970,0.6088,0.239475,0,26,116,263.64,1.0014,0.1813,0.019996,4.136
315558,520,446,966,194,89,122,2.34,0.6064,0.5392,0.200209,19,15,29,296.56,0.3545,0.0827,0.005688,4.493
315564,520,437,957,207,59,178,337.01,0.8231,0.5476,0.196096,30,14,9,38.21,0.4348,0.0866,0.006099,4.387
315566,520,349,869,245,24,235,330.60,0.9903,0.6274,0.260668,43,22,110,284.90,0.8647,0.1945,0.022131,4.307
315570,520,348,868,250,93,39,37.82,0.9674,0.6264,0.283025,73,30,22,32.13,0.6200,0.1942,0.024032,4.498
315614,520,480,1000,217,37,62,20.85,0.9368,0.5058,0.164253,0,0,0,0.00,0.0000,0.0000,0.000000,4.285
315625,520,384,904,222,49,225,327.37,0.9440,0.5937,0.231646,68,4,31,2.04,0.8621,0.1511,0.014149,4.390
315644,520,390,910,244,8,176,345.77,0.9931,0.5877,0.225445,69,5,10,23.41,0.9329,0.1489,0.013959,4.307
315656,520,432,952,242,32,41,26.56,0.9775,0.5523,0.200738,32,4,59,301.31,0.8846,0.1034,0.007097,4.391
315657,520,416,936,201,45,246,316.82,0.9592,0.5720,0.209496,40,18,34,338.09,0.4559,0.1185,0.009993,4.325
315659,520,454,974,154,83,232,302.14,0.8390,0.5343,0.188831,23,9,5,40.25,0.4764,0.0661,0.003885,4.432
315664,520,384,904,253,11,125,3.31,0.9917,0.5852,0.226063,27,39,21,135.67,0.4511,0.1523,0.017382,4.097
315670,520,430,950,189,69,209,321.63,0.8236,0.5478,0.196798,2,26,35,225.33,0.8341,0.1022,0.008730,4.202
315675,520,466,986,227,35,29,28.64,0.9692,0.5214,0.176246,13,5,17,314.78,0.4875,0.0498,0.002346,4.322
315679,520,396,916,237,7,193,339.41,0.9939,0.5832,0.220096,10,20,85,268.18,0.9305,0.1364,0.012206,4.342
315689,520,368,888,246,83,68,28.88,0.9442,0.6090,0.262000,26,37,69,267.89,0.5225,0.1695,0.019724,4.475
315690,520,474,994,185,26,228,316.87,0.9656,0.5211,0.166558,4,3,8,294.82,0.3663,0.0316,0.001085,4.239
315692,520,453,973,201,75,111,5.92,0.7036,0.5263,0.185993,12,12,34,280.47,0.5555,0.0731,0.004566,4.325
315702,520,261,781,247,118,223,334.98,0.9443,0.7096,0.380612,80,56,52,29.52,0.2528,0.2710,0.047819,4.402
315712,520,364,884,237,10,241,327.43,0.9964,0.6141,0.245751,66,25,32,11.62,0.5579,0.1748,0.019580,4.251
315713,520,368,888,242,10,216,334.52,0.9949,0.6066,0.240551,41,13,102,287.42,0.9083,0.1720,0.017185,4.325
315722,520,195,715,224,178,189,2.43,0.4125,0.7765,0.513633,16,91,35,147.20,0.9737,0.3236,0.077134,4.433
315728,520,467,987,166,62,231,308.69,0.8814,0.5222,0.173225,7,3,20,293.83,0.6766,0.0408,0.001608,4.325
315745,520,396,916,216,81,172,342.73,0.7634,0.5847,0.234645,4,29,76,261.02,0.9178,0.1432,0.014263,4.429
315753,520,1,521,255,255,255,0.00,0.0000,1.0000,1.000000,2,139,27,144.00,0.9991,0.4818,0.185565,4.457
315756,520,362,882,198,90,235,316.48,0.8692,0.6054,0.253175,61,2,91,309.15,0.9650,0.1780,0.017909,4.464
315762,520,457,977,206,53,160,342.86,0.8196,0.5305,0.182081,7,14,10,160.24,0.2944,0.0622,0.003812,4.313
315770,520,451,971,206,30,202,329.33,0.9438,0.5393,0.183165,4,9,47,268.56,0.9034,0.0722,0.004264,4.297
315784,520,470,990,199,59,145,347.09,0.7727,0.5165,0.173163,15,2,6,356.82,0.6285,0.0405,0.001581,4.326
315799,520,443,963,175,47,248,308.75,0.9631,0.5356,0.179252,7,1,64,272.02,0.9937,0.0792,0.004370,4.216
315823,520,401,921,196,92,201,325.71,0.7343,0.5840,0.236085,16,31,58,261.27,0.5780,0.1387,0.013956,4.473
315842,520,449,969,236,38,31,28.71,0.9701,0.5423,0.193212,10,14,17,240.59,0.1563,0.0668,0.004191,4.488
315858,520,435,955,241,16,79,16.25,0.9862,0.5494,0.196392,16,20,33,270.62,0.3284,0.0938,0.007203,4.307
315859,520,302,822,244,117,124,18.48,0.8326,0.6663,0.334137,59,54,38,92.79,0.2609,0.2341,0.037081,4.411
315860,520,306,826,214,116,237,319.74,0.8622,0.6675,0.329028,7,52,103,255.39,0.8893,0.2289,0.034802,4.470
315861,520,410,930,194,108,108,20.64,0.5187,0.5684,0.232787,23,34,10,129.70,0.6626,0.1313,0.013481,4.455
315869,520,408,928,216,93,31,43.22,0.9057,0.5653,0.225289,17,14,87,273.26,0.9392,0.1330,0.011213,4.497
315879,520,401,921,246,10,139,357.59,0.9902,0.5757,0.216774,53,16,39,345.04,0.6125,0.1391,0.012741,4.252
315886,520,415,935,212,27,236,322.38,0.9780,0.5725,0.208389,18,5,82,276.38,0.9707,0.1159,0.008463,4.420
315895,520,426,946,210,39,208,328.73,0.9321,0.5553,0.197087,17,6,76,276.89,0.9568,0.1089,0.007712,4.281
315916,520,446,966,183,87,164,335.45,0.6316,0.5365,0.195653,25,11,16,357.22,0.3574,0.0758,0.004835,4.480
315917,520,384,904,245,43,142,357.67,0.9353,0.5882,0.230965,14,42,8,140.28,0.9356,0.1508,0.017668,4.152
315920,520,362,882,220,55,248,321.23,0.9699,0.6108,0.247273,9,49,47,190.16,0.7796,0.1832,0.024598,3.985
315964,520,454,974,201,5,210,325.99,0.9929,0.5279,0.171810,13,15,19,264.30,0.1330,0.0724,0.004742,4.052
315982,520,395,915,218,60,223,326.70,0.9168,0.5944,0.234669,58,17,19,20.37,0.6611,0.1425,0.013476,4.485
316015,520,409,929,243,54,3,33.27,0.9973,0.5674,0.217030,47,0,72,309.00,1.0000,0.1338,0.010723,4.398
316018,520,381,901,250,11,186,344.22,0.9931,0.6048,0.241118,38,36,39,314.71,0.0588,0.1605,0.018203,4.268
316038,520,473,993,174,6,250,309.13,0.9958,0.5169,0.160320,0,3,13,255.43,0.9999,0.0291,0.000942,4.129
316050,520,406,926,218,6,236,324.05,0.9964,0.5769,0.210939,16,35,22,153.02,0.5346,0.1320,0.013701,4.096
316053,520,380,900,219,49,247,321.32,0.9671,0.6041,0.239740,1,22,108,264.12,0.9709,0.1645,0.016628,4.349
316055,520,347,867,240,16,251,325.88,0.9954,0.6274,0.258635,48,44,3,103.73,0.9071,0.1863,0.024364,4.150
316060,520,395,915,255,23,132,1.77,1.0000,0.5948,0.235424,44,26,39,337.41,0.3394,0.1434,0.014208,4.445
316061,520,445,965,198,29,220,322.45,0.9580,0.5378,0.180534,14,19,8,128.23,0.4058,0.0799,0.005766,4.134
316062,520,384,904,228,90,84,25.62,0.8135,0.5886,0.244490,44,26,56,310.50,0.4951,0.1530,0.015598,4.489
316095,520,290,810,255,122,1,50.50,1.0000,0.6780,0.351845,55,59,27,115.00,0.5268,0.2414,0.040193,4.455
316108,520,369,889,207,92,213,325.62,0.7962,0.6073,0.257254,11,45,48,203.40,0.6820,0.1715,0.021612,4.291
316112,520,444,964,209,25,197,331.52,0.9542,0.5390,0.182838,20,7,47,292.27,0.7851,0.0820,0.005059,4.229
316113,520,423,943,239,53,72,21.51,0.9298,0.5646,0.213680,31,22,9,75.56,0.4598,0.1060,0.008849,4.481
316117,520,420,940,227,72,83,20.77,0.8441,0.5627,0.215929,37,21,12,49.84,0.4326,0.1126,0.009562,4.465
316126,520,456,976,220,53,65,22.54,0.8997,0.5254,0.181461,22,1,24,324.92,0.8332,0.0559,0.002583,4.402
316127,520,473,993,209,67,47,31.04,0.8764,0.5166,0.177771,7,3,3,19.26,0.2828,0.0329,0.001169,4.451
316145,520,376,896,244,79,27,36.21,0.9683,0.5963,0.249075,34,39,15,119.03,0.5489,0.1576,0.018256,4.382
316154,520,361,881,212,85,236,320.94,0.8988,0.6200,0.265518,55,38,8,78.06,0.7438,0.1799,0.022161,4.372
316161,520,469,989,168,78,192,318.69,0.7216,0.5166,0.175803,4,4,20,278.91,0.6506,0.0403,0.001631,4.373
316172,520,450,970,241,2,21,27.78,0.9991,0.5390,0.188018,12,4,45,283.58,0.8823,0.0671,0.003544,4.445
316177,520,441,961,131,95,253,288.39,0.9749,0.5450,0.201013,32,14,11,30.35,0.4370,0.0900,0.006454,4.446
316198,520,453,973,235,29,24,28.77,0.9806,0.5347,0.186100,28,5,22,338.67,0.6468,0.0716,0.004134,4.361
316204,520,434,954,244,11,60,21.40,0.9933,0.5512,0.198022,23,22,7,105.32,0.5035,0.0962,0.007713,4.297
316216,520,467,987,228,4,84,12.75,0.9947,0.5201,0.172239,7,1,27,290.28,0.9073,0.0405,0.001460,4.319
316225,520,359,879,240,55,212,335.29,0.9430,0.6208,0.260139,18,26,112,269.34,0.9384,0.1833,0.020371,4.407
316245,520,398,918,229,70,137,358.86,0.8165,0.5795,0.228471,2,20,90,264.34,0.9599,0.1386,0.012513,4.455
316248,520,240,760,238,127,251,323.29,0.9749,0.7253,0.403229,58,70,38,125.64,0.4675,0.2795,0.054198,4.350
316272,520,457,977,209,19,186,334.64,0.9612,0.5297,0.175683,17,8,10,4.00,0.2760,0.0581,0.003148,4.246
316322,520,450,970,221,39,153,348.55,0.8969,0.5441,0.191256,31,0,28,332.32,1.0000,0.0704,0.003752,4.488
316329,520,377,897,188,95,243,310.72,0.8929,0.6043,0.253478,30,38,49,256.43,0.2318,0.1628,0.018840,4.408
316333,520,441,961,212,40,176,338.65,0.8932,0.5398,0.186514,40,8,5,29.85,0.7691,0.0917,0.006358,4.197
316342,520,415,935,250,10,109,7.90,0.9921,0.5740,0.216488,23,28,20,133.84,0.2204,0.1158,0.010632,4.395
316351,520,372,892,237,85,120,9.97,0.8276,0.6063,0.258605,58,26,54,332.03,0.5251,0.1726,0.019048,4.469
316358,520,341,861,227,74,239,324.80,0.9348,0.6326,0.274626,93,0,33,9.85,1.0000,0.2045,0.024374,4.365
316365,520,445,965,236,27,44,25.41,0.9793,0.5375,0.188018,37,3,10,11.22,0.8033,0.0790,0.004804,4.343
316371,520,320,840,177,125,250,301.00,0.8983,0.6453,0.309168,11,58,35,157.34,0.9057,0.2096,0.032185,4.370
316383,520,462,982,223,36,109,4.88,0.9124,0.5289,0.180566,7,3,30,284.70,0.8213,0.0477,0.002040,4.431
316391,520,433,953,226,64,59,26.79,0.8963,0.5475,0.201541,32,13,30,331.05,0.4890,0.0953,0.006887,4.422
316393,520,360,880,230,74,214,332.33,0.8955,0.6221,0.265779,77,15,40,0.73,0.7482,0.1847,0.020729,4.465
316406,520,465,985,218,20,135,353.45,0.9491,0.5207,0.171575,9,7,20,290.06,0.4415,0.0521,0.002605,4.212
316409,520,472,992,163,62,234,307.00,0.8914,0.5205,0.171729,10,1,10,327.85,0.7253,0.0334,0.001082,4.341
316410,520,442,962,193,83,142,349.45,0.6465,0.5359,0.194786,6,2,63,271.04,0.9880,0.0790,0.004410,4.499
316417,520,418,938,230,37,163,347.21,0.9265,0.5648,0.207932,28,22,43,295.99,0.4099,0.1161,0.009951,4.302
316433,520,442,962,189,79,169,335.19,0.6955,0.5365,0.192768,8,10,53,272.56,0.8823,0.0826,0.005257,4.393
316437,520,384,904,251,56,62,25.16,0.9787,0.5895,0.236890,45,23,63,307.28,0.6059,0.1534,0.015296,4.394
316449,520,377,897,220,73,199,334.10,0.8473,0.5959,0.241064,44,27,65,302.51,0.5571,0.1614,0.017010,4.344
316454,520,290,810,244,99,232,331.02,0.9464,0.6835,0.339855,17,52,115,261.06,0.8503,0.2427,0.038127,4.424
316472,520,331,851,251,63,208,339.12,0.9747,0.6440,0.286214,23,50,59,221.93,0.4765,0.1984,0.027790,4.322
316502,520,323,843,249,26,254,327.21,0.9971,0.6477,0.280372,32,40,98,272.92,0.7021,0.2057,0.027064,4.287
316512,520,330,850,243,93,169,352.07,0.8623,0.6440,0.297508,53,45,55,319.46,0.1634,0.2089,0.029095,4.394
316518,520,407,927,204,62,219,323.76,0.8862,0.5709,0.213988,46,3,63,313.63,0.8979,0.1271,0.010049,4.396
316521,520,431,951,228,32,138,355.04,0.9295,0.5471,0.193648,31,21,4,80.14,0.6818,0.1026,0.008364,4.175
316522,520,470,990,182,78,161,336.01,0.6694,0.5196,0.179684,16,0,17,326.48,1.0000,0.0413,0.001506,4.459
316552,520,434,954,210,67,160,344.74,0.7817,0.5519,0.202561,23,23,13,107.97,0.2926,0.1001,0.008240,4.337
316563,520,477,997,174,45,225,313.67,0.9156,0.5130,0.163127,3,0,15,291.58,1.0000,0.0243,0.000538,4.217
316566,520,143,663,251,186,203,1.61,0.8211,0.8290,0.599406,26,100,53,151.39,0.9310,0.3600,0.095906,4.451
316573,520,465,985,139,85,234,295.76,0.8451,0.5210,0.179266,8,7,15,290.26,0.3061,0.0488,0.002381,4.377
316597,520,331,851,236,83,217,333.13,0.9005,0.6433,0.290316,50,46,22,100.01,0.4743,0.1971,0.026901,4.425
316603,520,433,953,243,34,26,28.99,0.9787,0.5543,0.202768,38,14,21,2.94,0.4833,0.1024,0.007803,4.373
316604,520,290,810,244,94,232,331.01,0.9479,0.6773,0.330673,4,67,25,148.63,0.9882,0.2365,0.041101,4.179
316609,520,456,976,213,6,183,336.50,0.9886,0.5320,0.176975,14,10,1,93.51,0.7748,0.0563,0.003126,4.272
316620,520,461,981,197,0,223,321.71,1.0000,0.5297,0.171996,6,7,19,277.57,0.4421,0.0489,0.002377,4.238
316621,520,408,928,239,30,153,352.20,0.9547,0.5739,0.215823,22,34,7,129.57,0.7677,0.1300,0.013299,4.199
316624,520,249,769,250,149,43,60.82,0.9488,0.7212,0.419961,31,76,49,154.87,0.7182,0.2818,0.056817,4.400
316635,520,469,989,183,55,200,322.74,0.8405,0.5170,0.169711,7,4,15,297.77,0.4950,0.0406,0.001665,4.253
316643,520,426,946,232,49,110,7.28,0.8951,0.5563,0.204812,27,17,55,291.44,0.6533,0.1134,0.009097,4.312
316657,520,423,943,219,74,127,1.67,0.7676,0.5625,0.214923,6,29,22,170.53,0.7001,0.1077,0.009753,4.434
316661,520,430,950,232,15,130,357.99,0.9759,0.5452,0.191121,1,7,78,264.91,0.9849,0.1028,0.007084,4.224
316663,520,430,950,236,40,52,24.93,0.9598,0.5457,0.196016,45,7,0,37.72,1.0000,0.0986,0.007099,4.309
316693,520,241,761,254,142,151,15.65,0.9627,0.7317,0.426540,0,80,34,150.46,1.0000,0.2825,0.058526,4.391
316698,520,327,847,236,97,187,343.72,0.8314,0.6456,0.299726,41,43,85,279.07,0.5162,0.2094,0.028550,4.452
316711,520,359,879,243,93,66,32.36,0.9176,0.6166,0.272798,41,40,47,292.11,0.1117,0.1781,0.021942,4.487
316739,520,467,987,186,67,181,329.49,0.7638,0.5227,0.177910,8,5,14,301.10,0.3959,0.0437,0.001919,4.390
316742,520,424,944,204,55,212,325.79,0.8902,0.5597,0.203249,47,7,35,342.21,0.7299,0.1138,0.008777,4.309
316776,520,466,986,199,67,123,357.87,0.7313,0.5164,0.175884,9,7,18,292.15,0.3902,0.0511,0.002537,4.300
316777,520,446,966,213,32,187,335.45,0.9310,0.5433,0.187692,19,2,52,290.46,0.9379,0.0772,0.004298,4.378
316780,520,386,906,250,9,163,350.88,0.9930,0.5934,0.231672,17,42,1,135.46,0.9897,0.1514,0.017772,4.156
316794,520,228,748,247,127,255,324.99,1.0000,0.7397,0.421751,20,76,91,219.66,0.7515,0.2947,0.060727,4.261
316804,520,442,962,212,76,77,23.42,0.7875,0.5388,0.197040,23,7,42,300.85,0.7380,0.0812,0.005013,4.491
316823,520,376,896,236,22,221,331.91,0.9861,0.6018,0.236298,73,2,38,357.12,0.9150,0.1628,0.016001,4.338
316828,520,416,936,243,54,59,25.35,0.9450,0.5714,0.220121,38,21,40,323.10,0.4221,0.1247,0.011016,4.427
316836,520,281,801,254,95,232,333.64,0.9947,0.6941,0.350843,46,64,14,127.22,0.8434,0.2462,0.042793,4.320
316846,520,400,920,233,35,178,343.12,0.9447,0.5768,0.217428,7,21,85,266.47,0.9361,0.1368,0.012373,4.288
316852,520,462,982,198,21,211,324.82,0.9671,0.5277,0.172469,6,6,21,280.76,0.5357,0.0477,0.002231,4.259
316858,520,335,855,242,110,3,48.19,0.9962,0.6365,0.300387,38,53,15,127.89,0.7506,0.2046,0.029927,4.384
316863,520,338,858,173,136,205,308.34,0.5139,0.6361,0.309007,10,54,57,201.76,0.7818,0.2044,0.029981,4.489
316870,520,385,905,242,57,122,5.38,0.8985,0.5860,0.232118,48,14,66,311.33,0.7515,0.1459,0.013359,4.453
316888,520,330,850,247,61,210,337.59,0.9544,0.6365,0.277678,95,10,7,28.68,0.9531,0.2120,0.026658,4.275
316926,520,469,989,187,10,225,318.38,0.9883,0.5166,0.162195,11,1,12,325.38,0.7481,0.0354,0.001194,4.145
316929,520,447,967,232,31,83,14.96,0.9550,0.5375,0.187633,21,1,53,292.97,0.9661,0.0788,0.004382,4.370
316940,520,449,969,165,71,236,306.52,0.8846,0.5355,0.185626,32,2,11,3.93,0.8012,0.0683,0.003747,4.384
316941,520,447,967,227,25,128,358.04,0.9476,0.5379,0.185875,38,5,3,29.59,0.8552,0.0826,0.005273,4.267
316956,520,367,887,255,56,109,11.62,1.0000,0.6066,0.251961,78,5,28,10.03,0.8917,0.1731,0.018124,4.433
316968,520,337,857,241,54,236,329.34,0.9642,0.6364,0.273979,41,36,98,281.76,0.6901,0.2045,0.026149,4.255
317000,520,443,963,236,14,91,11.86,0.9844,0.5410,0.189055,13,19,23,237.55,0.1962,0.0839,0.006132,4.259
317003,520,471,991,219,47,75,18.12,0.9001,0.5200,0.176037,4,3,17,284.02,0.6453,0.0359,0.001314,4.405
317007,520,335,855,237,67,235,328.52,0.9453,0.6394,0.280195,91,3,21,18.79,0.9672,0.1994,0.023438,4.496
317011,520,348,868,234,107,109,21.23,0.7803,0.6302,0.291146,3,50,66,226.89,0.9104,0.1944,0.026938,4.434
317020,520,462,982,233,32,17,29.79,0.9836,0.5317,0.184003,10,9,6,93.80,0.1595,0.0519,0.002731,4.438
317036,520,472,992,229,32,28,28.49,0.9741,0.5238,0.177779,2,4,3,165.23,0.2657,0.0301,0.001063,4.461
317043,520,438,958,204,43,214,325.45,0.9240,0.5517,0.194219,1,21,41,248.65,0.8833,0.0915,0.007028,4.282
317052,520,401,921,243,67,20,34.36,0.9797,0.5804,0.231228,67,4,16,17.27,0.9157,0.1445,0.013177,4.451
317054,520,460,980,219,0,161,344.62,1.0000,0.5298,0.176358,25,2,20,336.71,0.7593,0.0602,0.003006,4.270
317065,520,454,974,127,97,235,288.87,0.8280,0.5294,0.190594,5,8,45,270.79,0.8873,0.0692,0.003954,4.459
317077,520,413,933,252,20,46,25.14,0.9905,0.5689,0.213968,45,20,8,45.40,0.6252,0.1222,0.010758,4.345
317079,520,445,965,204,45,189,332.49,0.8801,0.5366,0.183901,1,21,24,207.19,0.8850,0.0816,0.006087,4.170
317094,520,456,976,192,73,161,339.27,0.7158,0.5290,0.185463,7,14,18,232.74,0.2820,0.0649,0.004029,4.358
317099,520,386,906,249,22,140,358.12,0.9779,0.5853,0.226105,41,6,85,295.24,0.9212,0.1454,0.012576,4.412
317105,520,428,948,237,48,81,17.90,0.9289,0.5582,0.207157,15,21,40,269.38,0.4515,0.0997,0.007911,4.441
317108,520,290,810,253,114,129,15.75,0.9564,0.6773,0.345054,11,69,21,145.56,0.9747,0.2445,0.043814,4.211
317111,520,357,877,195,95,252,311.03,0.9689,0.6200,0.268158,1,42,85,253.87,0.9695,0.1842,0.023181,4.348
317119,520,308,828,167,141,249,293.13,0.8542,0.6652,0.341047,17,65,8,140.91,0.9785,0.2311,0.039172,4.385
317122,520,437,957,222,7,177,340.48,0.9885,0.5458,0.188584,8,1,68,272.14,0.9943,0.0850,0.004907,4.345
317126,520,422,942,223,31,186,338.27,0.9456,0.5606,0.202156,29,21,33,314.22,0.2842,0.1093,0.009074,4.269
317131,520,327,847,195,111,255,308.81,1.0000,0.6460,0.301918,8,60,19,146.37,0.9741,0.2121,0.033302,4.225
317141,520,456,976,183,38,239,313.45,0.9534,0.5336,0.176866,12,14,3,116.41,0.5836,0.0642,0.003988,4.202
317157,520,417,937,250,2,91,13.24,0.9986,0.5678,0.211264,32,23,46,300.94,0.4301,0.1248,0.011171,4.271
317163,520,364,884,254,33,172,349.45,0.9920,0.6126,0.251406,62,29,29,20.93,0.4691,0.1744,0.019917,4.311
317168,520,423,943,242,8,114,5.01,0.9913,0.5586,0.202691,9,26,48,255.76,0.6247,0.1142,0.010102,4.204
317169,520,341,861,239,42,248,326.14,0.9799,0.6335,0.267865,17,36,106,266.63,0.8865,0.1956,0.024214,4.283
317180,520,454,974,145,93,221,299.36,0.7608,0.5309,0.190691,33,3,12,4.28,0.7615,0.0723,0.004151,4.445
317191,520,348,868,246,19,243,329.00,0.9941,0.6330,0.265325,36,12,124,278.61,0.9648,0.1935,0.020932,4.445
317201,520,459,979,227,11,119,0.73,0.9803,0.5300,0.179050,7,0,52,275.59,1.0000,0.0628,0.002931,4.327
317204,520,354,874,249,10,212,337.07,0.9955,0.6170,0.251135,1,53,13,146.56,0.9964,0.1845,0.025816,3.972
317218,520,406,926,228,37,195,336.95,0.9452,0.5780,0.217598,10,37,18,150.69,0.8214,0.1341,0.014313,4.161
317221,520,402,922,239,71,26,34.76,0.9674,0.5773,0.229349,26,34,15,127.55,0.4904,0.1349,0.013981,4.366
317244,520,443,963,220,10,172,341.53,0.9818,0.5398,0.184137,20,19,2,106.59,0.7798,0.0841,0.006189,4.167
317259,520,434,954,222,70,65,26.34,0.8641,0.5476,0.202942,5,28,12,151.42,0.8709,0.1012,0.008893,4.295
317270,520,382,902,236,86,91,21.92,0.8543,0.5987,0.252467,25,44,10,133.71,0.8429,0.1645,0.020299,4.303
317284,520,434,954,242,15,95,11.40,0.9855,0.5548,0.200485,32,10,46,309.58,0.6991,0.1007,0.007214,4.378
317305,520,444,964,233,32,93,11.83,0.9493,0.5424,0.191500,17,18,10,113.80,0.2673,0.0804,0.005737,4.333
317306,520,409,929,227,79,36,36.09,0.9270,0.5650,0.220530,53,17,20,17.61,0.6046,0.1333,0.012084,4.357
317312,520,367,887,239,90,107,16.87,0.8462,0.6130,0.267275,8,43,62,237.24,0.7534,0.1721,0.021271,4.452
317317,520,468,988,177,55,216,316.42,0.8715,0.5193,0.170384,5,6,16,276.66,0.4167,0.0441,0.001999,4.238
317326,520,363,883,235,31,232,328.98,0.9811,0.6106,0.244709,62,24,50,341.13,0.5609,0.1735,0.019078,4.266
317336,520,171,691,181,197,235,267.18,0.5501,0.7951,0.557538,44,94,21,137.75,0.9500,0.3427,0.085948,4.469
317362,520,393,913,232,28,203,335.63,0.9705,0.5856,0.223008,39,26,39,326.49,0.2990,0.1365,0.013166,4.322
317375,520,374,894,240,75,104,14.63,0.8765,0.5952,0.245600,72,7,24,12.38,0.8544,0.1606,0.015959,4.482
317379,520,313,833,229,119,176,349.26,0.7091,0.6636,0.329884,13,61,32,152.65,0.9205,0.2196,0.035272,4.455
317387,520,445,965,220,69,3,37.73,0.9944,0.5373,0.194811,31,5,26,335.84,0.6840,0.0783,0.004745,4.472
317390,520,340,860,211,99,238,319.44,0.8885,0.6383,0.289471,3,53,50,188.57,0.9382,0.1957,0.027957,4.355
317399,520,348,868,244,96,97,22.90,0.8922,0.6279,0.284650,32,50,1,128.38,0.9853,0.1883,0.025904,4.409
317405,520,361,881,207,88,239,318.49,0.9021,0.6184,0.264783,49,35,51,322.21,0.2903,0.1769,0.020941,4.437
317406,520,450,970,199,50,195,329.24,0.8664,0.5358,0.183652,34,3,8,13.27,0.7923,0.0729,0.004228,4.309
317413,520,408,928,253,23,45,25.51,0.9919,0.5719,0.216887,31,31,18,108.07,0.3172,0.1318,0.013150,4.226
317439,520,478,998,215,23,120,358.38,0.9361,0.5098,0.164184,1,2,1,144.61,0.3698,0.0208,0.000521,4.240
317464,520,321,841,252,48,236,331.92,0.9881,0.6512,0.288685,42,20,129,280.27,0.9314,0.2136,0.025774,4.470
317465,520,456,976,225,26,113,3.09,0.9444,0.5289,0.179414,1,3,53,265.78,0.9849,0.0650,0.003286,4.305
317471,520,466,986,218,47,59,23.26,0.9180,0.5150,0.172568,4,10,16,243.23,0.3897,0.0524,0.002803,4.215
317501,520,435,955,223,73,62,28.10,0.8657,0.5527,0.208035,5,25,15,159.95,0.7390,0.0927,0.007620,4.478
317503,520,443,963,217,26,171,341.28,0.9411,0.5387,0.184331,8,4,60,273.32,0.9659,0.0802,0.004647,4.288
317504,520,197,717,243,161,228,333.49,0.8889,0.7795,0.501476,6,89,70,171.38,0.9684,0.3239,0.076253,4.368
317513,520,411,931,252,4,54,22.99,0.9981,0.5660,0.210524,36,26,17,63.27,0.3071,0.1243,0.011544,4.233
317518,520,380,900,183,101,230,311.49,0.8011,0.5979,0.250886,34,31,66,285.00,0.5144,0.1594,0.017134,4.482
317533,520,413,933,244,52,42,28.70,0.9575,0.5699,0.218597,27,27,20,107.43,0.1729,0.1170,0.010674,4.427
317565,520,375,895,247,68,116,9.76,0.9241,0.6039,0.251727,13,36,68,257.25,0.6897,0.1582,0.017646,4.460
317594,520,405,925,230,62,144,355.41,0.8457,0.5757,0.222846,29,11,79,285.65,0.8816,0.1299,0.010650,4.499
317597,520,480,1000,163,51,238,306.87,0.9204,0.5129,0.163279,0,0,0,0.00,0.0000,0.0000,0.000000,4.266
317641,520,466,986,171,45,238,309.75,0.9350,0.5195,0.167086,16,3,10,345.02,0.5681,0.0457,0.001972,4.177
317710,520,466,986,203,54,151,345.46,0.8027,0.5215,0.175712,8,5,22,290.13,0.5880,0.0478,0.002181,4.326
317722,520,445,965,234,34,74,18.26,0.9563,0.5414,0.191340,8,9,55,272.67,0.9042,0.0830,0.005228,4.370
317725,520,239,759,254,123,238,332.21,0.9947,0.7346,0.414124,3,75,76,196.38,0.9643,0.2798,0.055730,4.390
317729,520,359,879,250,16,210,337.82,0.9924,0.6189,0.253509,40,19,106,284.44,0.8816,0.1827,0.019574,4.362
317737,520,371,891,229,80,183,342.16,0.8252,0.6105,0.258167,24,41,51,235.18,0.3530,0.1677,0.020190,4.390
317739,520,404,924,234,60,134,359.83,0.8631,0.5775,0.224483,41,21,38,332.49,0.4225,0.1279,0.011477,4.465
317740,520,451,971,161,69,247,303.04,0.9424,0.5369,0.185492,27,6,9,12.25,0.5757,0.0672,0.003830,4.375
317754,520,399,919,211,88,148,352.52,0.6904,0.5754,0.229685,41,25,40,328.79,0.3471,0.1374,0.013199,4.425
317767,520,436,956,218,20,192,335.23,0.9689,0.5504,0.192138,28,2,58,297.98,0.9378,0.0941,0.005958,4.327
317771,520,424,944,251,4,20,28.06,0.9985,0.5610,0.206503,34,10,59,301.65,0.7809,0.1142,0.008729,4.368
317783,520,461,981,184,16,245,312.93,0.9877,0.5303,0.171547,15,1,24,311.94,0.8493,0.0467,0.001892,4.269
317784,520,423,943,149,94,245,296.27,0.8920,0.5559,0.209877,5,5,85,267.40,0.9886,0.1118,0.007966,4.483
317787,520,406,926,224,76,133,0.40,0.7786,0.5760,0.227121,11,34,30,180.65,0.5601,0.1288,0.013089,4.393
317789,520,334,854,241,101,126,11.91,0.8241,0.6370,0.295174,6,47,82,249.56,0.8397,0.1974,0.026808,4.494
317797,520,465,985,170,45,239,309.22,0.9362,0.5189,0.166556,10,7,21,292.72,0.4626,0.0535,0.002706,4.109
317801,520,437,957,137,98,241,291.71,0.8575,0.5463,0.204045,17,23,4,123.55,0.7094,0.0925,0.007407,4.425
317829,520,463,983,225,49,39,28.78,0.9423,0.5285,0.183535,24,1,15,344.49,0.8056,0.0543,0.002504,4.448
317844,520,353,873,241,88,123,9.93,0.8485,0.6181,0.271133,21,50,15,140.33,0.8882,0.1825,0.024750,4.296
317846,520,345,865,187,123,209,317.10,0.6229,0.6288,0.293350,9,50,57,211.50,0.7716,0.1912,0.026346,4.497
317847,520,462,982,177,74,195,321.44,0.7562,0.5263,0.181859,8,2,39,282.14,0.9276,0.0541,0.002415,4.424
317882,520,480,1000,183,48,200,322.94,0.8639,0.5106,0.163526,0,0,0,0.00,0.0000,0.0000,0.000000,4.271
317889,520,422,942,185,75,226,315.40,0.8479,0.5609,0.208385,42,6,46,323.62,0.7723,0.1105,0.008198,4.440
317908,520,361,881,181,117,228,309.17,0.7436,0.6213,0.281484,13,51,20,146.90,0.9220,0.1828,0.025036,4.418
317911,520,453,973,120,106,217,286.01,0.7115,0.5259,0.193106,20,9,31,305.11,0.5662,0.0733,0.004430,4.466
317919,520,441,961,227,36,113,4.11,0.9192,0.5382,0.187877,12,2,70,274.94,0.9859,0.0919,0.005637,4.275
317926,520,467,987,207,60,127,356.92,0.7821,0.5245,0.180316,4,0,35,277.21,1.0000,0.0419,0.001472,4.475
317929,520,461,981,191,19,230,318.23,0.9795,0.5298,0.172567,0,9,30,256.45,0.9999,0.0547,0.002891,4.208
317940,520,419,939,241,21,114,5.26,0.9740,0.5599,0.204553,12,20,54,269.67,0.7067,0.1058,0.008448,4.355
317943,520,369,889,237,76,159,352.67,0.8447,0.6090,0.256794,19,48,7,138.07,0.9493,0.1735,0.022676,4.221
317946,520,415,935,182,71,253,308.49,0.9840,0.5727,0.215443,32,18,47,304.37,0.5490,0.1150,0.009449,4.465
317947,520,401,921,212,29,249,319.43,0.9818,0.5833,0.217171,30,13,83,284.67,0.8767,0.1380,0.011884,4.317
317969,520,464,984,225,24,81,14.27,0.9625,0.5191,0.172577,4,6,29,272.46,0.7550,0.0510,0.002448,4.244
317974,520,450,970,186,57,226,316.68,0.8940,0.5428,0.188575,5,15,21,233.83,0.4418,0.0672,0.004280,4.395
317980,520,345,865,246,45,225,333.25,0.9707,0.6323,0.269088,44,44,46,286.18,0.0308,0.1919,0.025341,4.235
318006,520,346,866,233,98,153,357.37,0.7696,0.6281,0.283615,2,52,51,192.70,0.9545,0.1925,0.027078,4.328
318011,520,425,945,227,4,184,339.61,0.9947,0.5586,0.198810,7,6,82,268.83,0.9826,0.1102,0.007846,4.301
318014,520,441,961,164,89,208,311.17,0.7237,0.5387,0.195920,40,4,14,7.40,0.7737,0.0875,0.005697,4.415
318026,520,331,851,238,69,231,329.78,0.9399,0.6404,0.282054,75,30,27,25.90,0.5958,0.1990,0.025038,4.425
318030,520,437,957,203,36,225,322.49,0.9519,0.5536,0.193962,21,10,46,292.54,0.7132,0.0871,0.005738,4.377
318033,520,463,983,232,12,80,14.80,0.9869,0.5295,0.180010,8,5,27,286.09,0.6794,0.0510,0.002393,4.390
318045,520,313,833,246,98,171,352.61,0.8817,0.6564,0.312714,47,52,53,211.05,0.0616,0.2205,0.033173,4.361
318052,520,373,893,241,25,206,336.91,0.9810,0.6027,0.238552,63,12,51,338.93,0.7367,0.1588,0.015589,4.399
318060,520,459,979,188,25,237,315.68,0.9742,0.5330,0.175023,15,4,39,292.21,0.8176,0.0645,0.003349,4.218
318064,520,405,925,214,42,234,323.17,0.9574,0.5820,0.218945,7,36,30,176.88,0.7379,0.1332,0.014006,4.202
318065,520,429,949,168,87,223,309.05,0.7940,0.5515,0.204696,45,7,15,12.00,0.7336,0.1019,0.007444,4.434
318070,520,294,814,250,85,234,332.00,0.9769,0.6776,0.327643,28,61,69,215.54,0.4942,0.2401,0.040139,4.190
318075,520,407,927,199,44,253,314.78,0.9897,0.5738,0.210367,2,32,57,247.55,0.8759,0.1338,0.013413,4.106
318080,520,470,990,195,73,137,351.02,0.6976,0.5228,0.181751,5,8,5,144.91,0.2429,0.0448,0.002169,4.442
318082,520,438,958,173,82,217,312.98,0.7879,0.5467,0.199294,14,24,6,132.34,0.6696,0.0933,0.007598,4.328
318106,520,476,996,147,71,233,300.74,0.8712,0.5093,0.165930,2,1,3,309.84,0.4147,0.0195,0.000412,4.283
318107,520,438,958,237,51,43,28.34,0.9495,0.5550,0.205498,29,18,3,75.60,0.7063,0.0926,0.007004,4.482
318116,520,439,959,197,65,196,328.19,0.8174,0.5476,0.196380,33,13,11,26.82,0.4739,0.0896,0.006354,4.372
318130,520,463,983,166,61,247,305.32,0.9496,0.5347,0.181605,9,9,7,107.02,0.0951,0.0514,0.002688,4.396
318131,520,230,750,255,156,37,63.76,1.0000,0.7418,0.451734,12,82,47,155.44,0.9571,0.2946,0.063177,4.433
318132,520,350,870,188,114,231,311.71,0.7790,0.6266,0.284963,10,53,30,155.43,0.9067,0.1909,0.027044,4.348
318135,520,434,954,223,0,178,340.39,1.0000,0.5468,0.189049,9,9,73,270.82,0.9573,0.1040,0.007344,4.169
318142,520,366,886,208,85,223,323.20,0.8474,0.6056,0.252362,13,41,61,242.89,0.6418,0.1674,0.020083,4.314
318149,520,472,992,161,81,206,311.39,0.7462,0.5208,0.179188,13,0,5,351.12,1.0000,0.0319,0.000965,4.497
318154,520,411,931,221,2,222,328.11,0.9985,0.5713,0.206918,28,27,22,97.79,0.1210,0.1187,0.010887,4.220
318157,520,452,972,217,68,45,31.59,0.8970,0.5329,0.190779,14,9,40,285.33,0.6998,0.0737,0.004419,4.425
318165,520,429,949,226,35,153,349.55,0.9200,0.5513,0.196734,44,7,5,28.21,0.8268,0.0977,0.006985,4.330
318172,520,467,987,215,24,138,351.84,0.9318,0.5176,0.169377,19,1,5,4.13,0.7909,0.0430,0.001711,4.242
318175,520,441,961,224,52,103,9.05,0.8684,0.5411,0.192852,13,22,25,220.50,0.2457,0.0927,0.007296,4.239
318182,520,396,916,255,38,7,30.81,1.0000,0.5808,0.226654,11,37,24,159.19,0.6956,0.1362,0.014602,4.282
318185,520,401,921,227,30,210,332.57,0.9674,0.5818,0.219150,55,12,49,333.91,0.7121,0.1427,0.012970,4.274
318204,520,441,961,202,89,43,41.01,0.8253,0.5353,0.198777,33,4,35,325.31,0.7640,0.0851,0.005316,4.497
318207,520,473,993,172,49,238,309.87,0.9270,0.5242,0.171412,0,5,0,142.50,1.0000,0.0294,0.001085,4.334
318208,520,402,922,229,34,199,336.05,0.9553,0.5806,0.219282,6,38,14,148.53,0.9368,0.1347,0.014566,4.171
318213,520,425,945,219,2,215,329.35,0.9981,0.5629,0.200120,1,12,79,264.58,0.9738,0.1112,0.008338,4.287
318221,520,460,980,225,49,51,26.06,0.9328,0.5298,0.184460,7,9,31,275.08,0.6331,0.0613,0.003395,4.391
318223,520,459,979,159,69,242,303.37,0.9149,0.5300,0.180385,3,7,37,268.42,0.8772,0.0586,0.003049,4.343
318230,520,468,988,227,16,68,18.12,0.9822,0.5176,0.171218,3,5,11,263.83,0.3681,0.0374,0.001521,4.294
318235,520,414,934,245,47,44,27.66,0.9619,0.5682,0.216308,36,19,45,312.93,0.5120,0.1209,0.010303,4.416
318281,520,388,908,211,64,232,322.37,0.9151,0.5928,0.233436,64,10,23,11.75,0.7817,0.1463,0.013691,4.450
318295,520,421,941,220,65,133,357.95,0.8021,0.5561,0.206921,7,29,33,211.12,0.5995,0.1128,0.010337,4.258
318296,520,470,990,222,43,41,27.41,0.9479,0.5176,0.174202,16,1,19,322.23,0.8058,0.0449,0.001789,4.329
318299,520,435,955,244,4,82,15.27,0.9968,0.5536,0.199326,3,24,29,215.01,0.7411,0.0939,0.007613,4.328
318312,520,447,967,205,37,197,330.42,0.9178,0.5381,0.183354,22,2,51,295.19,0.9272,0.0796,0.004530,4.279
318350,520,411,931,188,65,244,312.67,0.9356,0.5676,0.210047,28,24,42,293.58,0.3502,0.1202,0.010673,4.286
318356,520,459,979,145,92,220,299.74,0.7593,0.5284,0.188416,21,7,1,55.03,0.7660,0.0582,0.003136,4.487
318364,520,30,550,255,241,217,81.28,1.0000,0.9568,0.891810,30,128,57,148.07,0.9619,0.4536,0.160091,4.483
318370,520,410,930,188,62,253,310.88,0.9865,0.5718,0.212295,22,33,0,125.67,1.0000,0.1257,0.012583,4.191
318375,520,191,711,245,157,234,331.35,0.9278,0.7772,0.494688,28,89,26,142.70,0.9528,0.3192,0.074659,4.369
318376,520,479,999,135,76,247,293.32,0.9380,0.5142,0.170352,1,0,1,328.36,1.0000,0.0103,0.000086,4.399
318389,520,470,990,189,0,230,317.86,1.0000,0.5218,0.165334,8,3,22,294.71,0.7049,0.0430,0.001747,4.161
318390,520,380,900,199,78,240,316.28,0.9105,0.5951,0.238835,76,3,0,30.51,1.0000,0.1613,0.016019,4.375
318435,520,329,849,251,103,81,30.79,0.9622,0.6472,0.308071,0,61,12,145.47,1.0000,0.2124,0.033639,4.281
318441,520,412,932,246,40,53,25.06,0.9680,0.5665,0.213710,1,32,39,215.56,0.9362,0.1218,0.011859,4.263
318457,520,376,896,234,53,191,339.83,0.9164,0.5970,0.238029,29,36,57,269.41,0.3641,0.1610,0.018183,4.224
318472,520,346,866,244,105,22,44.66,0.9723,0.6325,0.293973,24,52,0,134.29,1.0000,0.1891,0.026501,4.496
318477,520,473,993,225,18,107,4.85,0.9663,0.5238,0.175045,7,2,6,332.91,0.4724,0.0312,0.001017,4.411
318488,520,371,891,199,106,199,327.24,0.6786,0.6092,0.265750,30,45,14,130.79,0.7129,0.1722,0.021845,4.395
318490,520,472,992,208,69,67,25.07,0.8193,0.5202,0.180736,1,6,0,137.44,1.0000,0.0336,0.001367,4.492
318509,520,321,841,251,44,240,330.74,0.9853,0.6497,0.286049,59,44,35,52.37,0.2523,0.2065,0.028526,4.279
318511,520,436,956,170,70,249,305.55,0.9548,0.5518,0.197666,38,7,10,17.68,0.6939,0.0876,0.005860,4.434
318516,520,425,945,188,41,255,311.36,1.0000,0.5567,0.194984,12,29,11,142.80,0.7016,0.1080,0.009810,4.096
318519,520,453,973,168,84,205,314.19,0.7365,0.5343,0.190740,22,11,7,42.22,0.3607,0.0692,0.004253,4.437
318520,520,452,972,234,4,52,22.42,0.9971,0.5271,0.178304,5,7,45,271.41,0.8998,0.0674,0.003737,4.249
318546,520,476,996,169,73,197,317.86,0.7572,0.5143,0.172322,2,0,5,306.92,1.0000,0.0163,0.000239,4.425
318574,520,421,941,217,40,192,335.08,0.9196,0.5581,0.200773,17,22,54,273.37,0.6174,0.1138,0.009593,4.208
318612,520,447,967,165,82,223,308.45,0.8065,0.5401,0.193623,40,0,11,7.89,1.0000,0.0798,0.004754,4.449
318616,520,445,965,210,70,116,4.12,0.7540,0.5376,0.193451,2,0,70,266.16,1.0000,0.0819,0.004551,4.463
318620,520,385,905,251,25,145,356.98,0.9756,0.5922,0.232523,15,34,62,258.05,0.6162,0.1492,0.015933,4.285
318636,520,400,920,237,45,161,349.75,0.9190,0.5820,0.224575,10,12,94,268.87,0.9725,0.1352,0.011355,4.475
318647,520,358,878,251,41,187,344.61,0.9722,0.6181,0.256863,2,50,27,156.57,0.9817,0.1771,0.023731,4.162
318648,520,438,958,180,62,239,311.47,0.9140,0.5489,0.193815,20,19,18,67.67,0.0356,0.0882,0.006581,4.309
318662,520,444,964,231,42,40,27.61,0.9582,0.5354,0.188011,1,20,35,242.44,0.8647,0.0848,0.006281,4.229
318677,520,397,917,214,83,153,350.28,0.7264,0.5755,0.227847,8,38,35,185.94,0.7048,0.1421,0.015591,4.236
318689,520,313,833,237,102,202,338.78,0.8582,0.6611,0.317740,18,54,83,246.25,0.6798,0.2226,0.033913,4.382
318696,520,369,889,225,102,109,18.79,0.7245,0.6074,0.266168,39,38,51,288.25,0.2055,0.1726,0.020566,4.480
318702,520,372,892,244,59,176,347.07,0.9171,0.6123,0.254987,69,20,36,3.40,0.6487,0.1737,0.018931,4.425
318713,520,463,983,195,22,222,321.22,0.9714,0.5312,0.174514,21,3,9,357.83,0.6380,0.0520,0.002443,4.281
318722,520,344,864,214,85,248,318.55,0.9564,0.6310,0.275721,1,41,89,256.07,0.9756,0.1850,0.023135,4.454
318727,520,448,968,179,72,215,316.42,0.8195,0.5405,0.191258,4,11,52,267.48,0.9115,0.0806,0.005131,4.376
318734,520,294,814,252,119,125,19.23,0.9391,0.6826,0.353728,28,65,17,139.28,0.9255,0.2371,0.040678,4.452
318737,520,396,916,239,10,171,346.19,0.9895,0.5759,0.215111,17,26,70,270.22,0.7424,0.1369,0.013001,4.208
318745,520,438,958,213,34,190,334.58,0.9284,0.5462,0.190100,33,3,42,317.46,0.8251,0.0884,0.005557,4.322
318750,520,444,964,201,79,128,358.15,0.6841,0.5379,0.195699,1,21,5,149.27,0.9758,0.0755,0.005537,4.424
318757,520,372,892,218,67,243,321.54,0.9457,0.6143,0.253927,34,39,45,253.05,0.1287,0.1673,0.019806,4.354
318785,520,419,939,208,82,132,358.45,0.6965,0.5556,0.211124,27,25,26,345.58,0.0423,0.1138,0.010029,4.350
318788,520,389,909,224,70,181,341.04,0.8355,0.5898,0.235662,28,33,53,272.65,0.3542,0.1496,0.015916,4.334
318801,520,351,871,252,29,224,334.79,0.9870,0.6347,0.269592,41,42,67,281.50,0.3468,0.1944,0.025326,4.243
318810,520,366,886,220,108,98,26.82,0.6993,0.6066,0.268248,48,38,30,60.45,0.2152,0.1747,0.021084,4.477
318813,520,337,857,253,45,219,336.36,0.9898,0.6411,0.278771,73,36,10,52.02,0.7492,0.2045,0.027003,4.270
318814,520,153,673,249,181,207,354.37,0.8064,0.8178,0.576942,8,100,0,141.93,1.0000,0.3497,0.091656,4.426
318836,520,293,813,244,134,54,52.55,0.9023,0.6844,0.365524,30,66,34,146.22,0.7477,0.2446,0.042878,4.474
318839,520,14,534,248,251,228,112.99,0.8529,0.9764,0.945523,7,129,126,191.89,0.9725,0.4734,0.172512,4.474
318846,520,465,985,224,49,12,32.58,0.9848,0.5247,0.180733,10,10,6,107.55,0.1963,0.0541,0.002948,4.358
318859,520,471,991,227,21,77,15.62,0.9717,0.5212,0.174060,13,2,19,314.51,0.7278,0.0438,0.001760,4.329
318873,520,384,904,219,98,108,17.29,0.6971,0.5908,0.248804,11,43,3,139.59,0.9802,0.1521,0.018054,4.391
318882,520,353,873,247,22,211,336.93,0.9876,0.6156,0.250542,23,9,120,272.48,0.9834,0.1752,0.017335,4.463
318900,520,471,991,198,60,145,346.88,0.7666,0.5158,0.172837,3,5,21,271.19,0.6635,0.0424,0.001820,4.300
318901,520,63,583,238,242,89,110.74,0.9449,0.9193,0.824032,23,124,5,141.50,0.9968,0.4338,0.146078,4.458
318910,520,377,897,228,59,206,334.01,0.9098,0.5998,0.240806,45,23,74,300.10,0.6807,0.1623,0.016651,4.363
318911,520,311,831,252,55,249,328.84,0.9900,0.6638,0.302703,95,17,6,31.49,0.9437,0.2181,0.028474,4.495
318933,520,401,921,234,0,200,336.81,1.0000,0.5803,0.216653,53,18,38,347.34,0.5737,0.1418,0.013295,4.213
318935,520,332,852,253,16,231,333.30,0.9950,0.6369,0.270260,80,2,74,332.15,0.9273,0.1983,0.022436,4.421
318963,520,326,846,211,109,226,322.35,0.8121,0.6459,0.302786,48,44,74,289.05,0.3807,0.2112,0.029241,4.452
318973,520,367,887,221,61,231,325.44,0.9304,0.6055,0.244812,69,21,30,12.02,0.6459,0.1731,0.018955,4.275
318994,520,431,951,222,56,117,3.71,0.8408,0.5451,0.196449,0,24,44,245.31,1.0000,0.1010,0.008351,4.224
318999,520,377,897,221,88,159,350.17,0.7380,0.5965,0.248571,8,44,43,192.37,0.7582,0.1648,0.020273,4.249
319024,520,480,1000,183,61,173,331.31,0.7682,0.5058,0.164233,0,0,0,0.00,0.0000,0.0000,0.000000,4.285
319026,520,396,916,246,26,131,0.65,0.9692,0.5775,0.219737,16,38,24,154.42,0.5843,0.1421,0.015623,4.110
319037,520,246,766,245,149,128,33.15,0.8098,0.7261,0.424683,33,76,39,146.72,0.7951,0.2803,0.056385,4.462
319039,520,463,983,216,9,169,341.47,0.9811,0.5302,0.176612,10,1,36,288.72,0.9429,0.0509,0.002136,4.347
319049,520,379,899,253,55,108,11.59,0.9819,0.6016,0.247013,39,40,4,111.09,0.8567,0.1643,0.019577,4.269
319061,520,413,933,193,61,247,313.72,0.9544,0.5734,0.213916,27,2,83,284.25,0.9804,0.1217,0.009009,4.472
319062,520,466,986,230,8,29,26.80,0.9952,0.5170,0.170884,8,1,34,286.47,0.9426,0.0473,0.001888,4.257
319066,520,438,958,235,41,80,17.20,0.9405,0.5489,0.198303,12,19,31,260.86,0.3645,0.0871,0.006428,4.400
319069,520,443,963,215,50,143,351.36,0.8404,0.5364,0.187138,18,8,41,292.49,0.7161,0.0765,0.004624,4.341
319073,520,346,866,249,23,227,333.39,0.9904,0.6291,0.263017,77,19,32,11.21,0.7183,0.1868,0.021481,4.379
319076,520,472,992,215,49,101,8.00,0.8540,0.5202,0.175857,1,4,0,134.81,1.0000,0.0275,0.000933,4.434
319083,520,466,986,214,27,138,351.71,0.9196,0.5170,0.169174,18,0,25,317.09,1.0000,0.0488,0.001988,4.216
319114,520,449,969,229,15,128,358.08,0.9736,0.5384,0.185610,22,4,35,308.25,0.7683,0.0692,0.003788,4.380
319122,520,398,918,225,56,187,338.89,0.8853,0.5813,0.224262,1,14,102,264.54,0.9825,0.1445,0.012797,4.367
319131,520,387,907,254,46,43,27.82,0.9956,0.5858,0.232030,17,0,113,270.82,1.0000,0.1527,0.013113,4.469
319136,520,446,966,237,16,64,20.10,0.9871,0.5382,0.187485,25,8,27,323.30,0.5600,0.0753,0.004595,4.350
319156,520,415,935,245,48,17,31.44,0.9860,0.5671,0.215703,38,25,3,78.84,0.7966,0.1218,0.011139,4.346
319162,520,361,881,236,59,209,335.19,0.9274,0.6153,0.255669,7,22,117,266.00,0.9709,0.1786,0.019032,4.428
319174,520,345,865,228,87,203,335.33,0.8410,0.6276,0.276244,14,53,28,152.15,0.8745,0.1918,0.027233,4.224
319178,520,291,811,213,132,209,328.65,0.6626,0.6787,0.352535,20,65,28,146.88,0.9109,0.2350,0.040130,4.466
319182,520,465,985,104,94,252,279.57,0.9749,0.5176,0.179762,15,7,0,77.39,1.0000,0.0505,0.002535,4.373
319202,520,365,885,218,79,219,327.52,0.8706,0.6112,0.256138,34,43,27,132.02,0.3410,0.1723,0.021469,4.283
319203,520,474,994,191,29,206,324.07,0.9395,0.5155,0.164128,10,0,0,29.23,1.0000,0.0255,0.000645,4.228
319204,520,450,970,238,16,39,25.73,0.9906,0.5371,0.186975,8,1,54,275.91,0.9873,0.0678,0.003397,4.438
319231,520,447,967,159,88,221,305.89,0.7784,0.5398,0.195713,7,20,17,177.73,0.4324,0.0801,0.005859,4.399
319241,520,399,919,190,66,249,312.12,0.9613,0.5755,0.216842,41,24,41,326.74,0.3798,0.1358,0.012848,4.246
319257,520,292,812,253,76,243,330.41,0.9922,0.6786,0.325255,56,48,84,292.92,0.4143,0.2362,0.035947,4.366
319267,520,306,826,254,75,225,335.32,0.9946,0.6690,0.315423,59,54,41,89.49,0.2091,0.2350,0.037283,4.187
319275,520,436,956,159,90,224,304.92,0.7856,0.5452,0.200655,34,11,27,340.33,0.5361,0.0934,0.006586,4.430
319279,520,458,978,238,1,36,25.67,0.9994,0.5333,0.183295,14,4,34,294.58,0.7778,0.0594,0.002957,4.405
319290,520,409,929,157,94,246,299.06,0.9001,0.5660,0.218276,49,7,56,321.49,0.7939,0.1311,0.010905,4.405
319291,520,455,975,224,50,77,18.35,0.9009,0.5330,0.186671,2,8,41,265.77,0.9123,0.0632,0.003466,4.427
319313,520,467,987,210,66,65,25.01,0.8394,0.5199,0.179820,6,5,18,285.74,0.5108,0.0437,0.001909,4.427
319348,520,435,955,227,8,163,345.93,0.9868,0.5482,0.191516,6,13,59,268.62,0.9084,0.0926,0.006423,4.280
319358,520,477,997,214,2,137,351.45,0.9942,0.5086,0.161481,2,0,11,290.67,1.0000,0.0202,0.000371,4.199
319360,520,454,974,182,91,132,353.30,0.5527,0.5270,0.190945,10,18,10,144.62,0.3686,0.0746,0.005190,4.366
319363,520,364,884,253,58,128,5.10,0.9789,0.6097,0.254708,66,27,7,45.18,0.7793,0.1732,0.019576,4.379
319366,520,339,859,248,91,128,9.47,0.9036,0.6357,0.290003,0,57,38,163.94,1.0000,0.2038,0.030661,4.215
319369,520,412,932,253,0,31,26.77,1.0000,0.5651,0.209854,51,11,3,35.26,0.8764,0.1167,0.009498,4.367
319389,520,235,755,251,152,105,45.60,0.9089,0.7357,0.439883,27,81,24,142.43,0.9452,0.2916,0.061836,4.380
319396,520,465,985,173,51,230,311.90,0.9091,0.5207,0.169660,22,3,7,6.10,0.6567,0.0528,0.002511,4.183
319404,520,257,777,213,151,197,336.23,0.5223,0.7100,0.403118,43,70,48,149.26,0.4583,0.2695,0.051072,4.483
319406,520,452,972,209,50,156,344.98,0.8331,0.5313,0.182389,12,17,7,129.52,0.4040,0.0728,0.004944,4.230
319423,520,408,928,242,5,136,357.71,0.9942,0.5655,0.207666,27,34,9,122.76,0.6559,0.1347,0.013968,4.028
319431,520,338,858,248,11,254,327.04,0.9976,0.6423,0.273544,74,26,54,347.03,0.6032,0.2001,0.024612,4.336
319446,520,377,897,242,22,195,340.08,0.9818,0.5973,0.233942,55,31,17,50.22,0.5128,0.1642,0.018328,4.156
319456,520,422,942,160,100,215,306.04,0.7124,0.5569,0.214947,1,32,19,162.08,0.9738,0.1136,0.010864,4.353
319458,520,450,970,196,29,222,321.40,0.9588,0.5359,0.178900,11,16,1,122.49,0.8738,0.0678,0.004439,4.205
319467,520,318,838,242,70,254,325.14,0.9962,0.6623,0.304158,8,53,94,251.10,0.8415,0.2245,0.034058,4.213
319469,520,397,917,246,27,129,1.36,0.9676,0.5772,0.219651,62,4,41,347.40,0.8267,0.1428,0.012712,4.300
319471,520,425,945,243,18,102,9.40,0.9814,0.5596,0.204500,51,2,31,349.69,0.8531,0.1128,0.008463,4.353
319481,520,452,972,217,9,157,345.52,0.9794,0.5258,0.173838,11,8,39,281.70,0.7334,0.0685,0.003913,4.152
319505,520,442,962,145,84,252,295.04,0.9682,0.5416,0.193887,9,17,25,249.01,0.3382,0.0769,0.005291,4.411
319508,520,377,897,255,13,162,352.22,1.0000,0.6036,0.241601,19,16,104,271.88,0.9573,0.1585,0.015084,4.480
319518,520,463,983,193,72,160,339.95,0.7211,0.5288,0.185119,21,4,10,356.95,0.5737,0.0546,0.002682,4.463
319522,520,470,990,209,71,17,38.15,0.9585,0.5193,0.181045,0,8,5,172.50,1.0000,0.0398,0.001846,4.456
319524,520,421,941,173,100,185,321.79,0.6003,0.5551,0.215022,42,14,31,345.09,0.5503,0.1130,0.009053,4.488
319535,520,430,950,194,54,218,321.27,0.8926,0.5467,0.191711,26,20,27,321.48,0.1949,0.1007,0.007991,4.168
319551,520,435,955,243,22,1,30.07,0.9992,0.5478,0.196342,3,21,42,252.47,0.7721,0.0934,0.007228,4.305
319564,520,389,909,222,7,244,323.22,0.9968,0.5899,0.222154,5,41,22,155.86,0.9276,0.1462,0.016760,4.077
319587,520,360,880,255,29,188,344.92,1.0000,0.6204,0.257730,0,47,55,212.39,1.0000,0.1775,0.023087,4.210
319608,520,325,845,251,59,222,335.24,0.9798,0.6486,0.289141,9,48,98,256.96,0.8628,0.2143,0.030536,4.211
319624,520,251,771,233,139,209,337.05,0.7702,0.7178,0.403942,25,75,18,141.32,0.9559,0.2696,0.052823,4.415
319630,520,393,913,230,29,215,332.00,0.9735,0.5899,0.226105,38,19,68,297.28,0.7043,0.1411,0.012952,4.386
319639,520,355,875,244,55,205,338.18,0.9427,0.6239,0.263762,23,49,11,137.28,0.9036,0.1798,0.024029,4.238
319643,520,418,938,167,100,206,311.66,0.6756,0.5598,0.217867,12,33,26,169.58,0.5399,0.1247,0.012404,4.292
319647,520,353,873,247,16,223,333.91,0.9933,0.6212,0.254755,81,4,11,23.90,0.9623,0.1754,0.018606,4.442
319653,520,456,976,196,58,180,333.06,0.8091,0.5287,0.180588,23,4,24,325.83,0.6768,0.0635,0.003350,4.322
319659,520,332,852,171,141,188,313.13,0.3710,0.6364,0.313389,3,58,26,151.76,0.9848,0.2050,0.031199,4.475
319662,520,378,898,231,63,195,338.10,0.8921,0.6023,0.244866,45,32,41,337.93,0.2309,0.1596,0.017510,4.368
319663,520,420,940,238,61,2,34.75,0.9979,0.5638,0.215222,42,17,15,25.89,0.5021,0.1127,0.009277,4.474
319674,520,458,978,171,82,190,320.29,0.7015,0.5256,0.184111,20,3,24,320.38,0.7187,0.0574,0.002798,4.434
319713,520,431,951,225,32,163,345.90,0.9314,0.5525,0.196875,29,7,59,296.62,0.8346,0.1037,0.007289,4.309
319723,520,396,916,251,8,128,1.96,0.9934,0.5815,0.222450,51,25,12,46.30,0.5831,0.1434,0.014257,4.240
319735,520,424,944,217,4,214,329.11,0.9960,0.5590,0.196958,31,4,66,295.72,0.9127,0.1092,0.007715,4.279
319759,520,271,791,236,118,238,326.76,0.9128,0.7015,0.369648,36,58,109,264.62,0.6191,0.2624,0.045051,4.415
319764,520,380,900,222,40,237,324.55,0.9675,0.5963,0.231637,22,44,13,137.58,0.8284,0.1629,0.020009,4.023
319768,520,344,864,220,76,252,319.69,0.9834,0.6326,0.274146,51,28,92,295.52,0.7155,0.1947,0.023070,4.436
319775,520,439,959,212,15,208,329.36,0.9815,0.5483,0.188948,33,2,40,319.88,0.8509,0.0853,0.005200,4.329
319777,520,458,978,211,47,152,346.82,0.8454,0.5305,0.181511,3,3,49,269.38,0.9742,0.0621,0.003062,4.363
319791,520,394,914,221,30,241,323.49,0.9803,0.5925,0.226537,1,39,25,163.80,0.9803,0.1386,0.015276,4.236
319809,520,462,982,180,60,219,316.39,0.8660,0.5312,0.180506,17,6,7,13.02,0.3729,0.0528,0.002648,4.378
319822,520,458,978,199,57,183,332.97,0.8223,0.5347,0.184890,10,11,21,279.18,0.3167,0.0619,0.003580,4.384
319835,520,467,987,211,20,159,343.54,0.9455,0.5183,0.168547,6,1,29,285.74,0.9285,0.0411,0.001491,4.244
319841,520,460,980,217,49,127,357.94,0.8473,0.5328,0.184831,12,11,9,84.89,0.0826,0.0590,0.003372,4.400
319871,520,358,878,194,111,220,317.66,0.7386,0.6226,0.280066,2,50,28,157.60,0.9807,0.1774,0.023778,4.474
319872,520,339,859,223,87,238,323.61,0.9184,0.6402,0.286793,75,25,61,340.06,0.6352,0.2040,0.025282,4.474
319886,520,324,844,238,86,216,334.00,0.9056,0.6494,0.297931,32,50,64,242.61,0.3426,0.2070,0.029584,4.372
319891,520,473,993,204,22,189,332.46,0.9515,0.5236,0.170873,3,4,5,244.30,0.1285,0.0322,0.001171,4.316
319903,520,468,988,201,39,172,336.94,0.8725,0.5167,0.168490,11,0,17,316.12,1.0000,0.0352,0.001116,4.274
319905,520,379,899,203,79,232,319.46,0.8804,0.5966,0.241161,31,6,109,279.20,0.9760,0.1637,0.015256,4.462
319913,520,379,899,251,60,114,9.90,0.9621,0.6035,0.249593,5,45,24,155.52,0.9418,0.1603,0.019749,4.295
319944,520,450,970,178,55,240,311.00,0.9246,0.5400,0.184896,7,10,45,272.41,0.8265,0.0744,0.004517,4.309
319949,520,322,842,247,48,241,329.58,0.9762,0.6458,0.282418,25,36,114,270.10,0.8750,0.2085,0.026832,4.327
319963,520,356,876,243,1,242,328.59,0.9997,0.6237,0.254900,0,49,49,194.77,1.0000,0.1810,0.024183,4.110
319969,520,292,812,209,129,224,321.11,0.7384,0.6757,0.346389,44,63,15,128.45,0.8325,0.2415,0.041249,4.344
319991,520,402,922,245,36,121,4.36,0.9506,0.5768,0.220581,3,36,37,197.86,0.8623,0.1343,0.014146,4.218
319992,520,465,985,190,88,95,17.79,0.6104,0.5226,0.187544,0,11,18,228.76,1.0000,0.0521,0.002830,4.496
320005,520,447,967,222,57,79,18.66,0.8745,0.5359,0.190230,19,18,13,97.91,0.1584,0.0832,0.006001,4.290
320013,520,452,972,214,62,90,14.58,0.8187,0.5281,0.184820,17,13,18,319.46,0.1740,0.0712,0.004507,4.308
320022,520,398,918,245,23,152,353.54,0.9740,0.5825,0.222956,58,4,51,334.33,0.8272,0.1406,0.012255,4.384
320034,520,332,852,208,116,198,331.19,0.6596,0.6382,0.299794,4,54,50,186.58,0.9228,0.1993,0.028943,4.431
320043,520,480,1000,188,66,155,340.07,0.7298,0.5102,0.169559,0,0,0,0.00,0.0000,0.0000,0.000000,4.391
320047,520,302,822,210,116,246,315.83,0.9132,0.6675,0.328475,24,58,71,225.79,0.5552,0.2299,0.036751,4.363
320048,520,358,878,227,46,248,323.19,0.9737,0.6159,0.250644,81,3,43,357.03,0.9018,0.1834,0.019892,4.302
320057,520,396,916,246,18,145,355.83,0.9813,0.5800,0.220731,21,12,90,275.79,0.9426,0.1369,0.011605,4.395
320067,520,342,862,235,79,201,337.68,0.8761,0.6285,0.274737,54,28,85,301.53,0.6762,0.1924,0.022707,4.466
320076,520,448,968,198,44,217,322.95,0.9202,0.5445,0.188185,42,0,13,6.29,1.0000,0.0844,0.005214,4.314
320078,520,442,962,222,5,160,345.69,0.9900,0.5363,0.181788,34,7,16,1.99,0.6199,0.0824,0.005295,4.192
320087,520,357,877,233,44,241,326.29,0.9719,0.6198,0.254783,68,29,19,35.46,0.6163,0.1826,0.021549,4.260
320092,520,476,996,161,37,247,305.06,0.9630,0.5073,0.156162,5,0,5,328.36,1.0000,0.0213,0.000432,4.088
320106,520,436,956,247,1,8,28.79,0.9996,0.5513,0.198170,8,6,69,271.17,0.9680,0.0941,0.006115,4.423
320118,520,460,980,228,34,53,23.69,0.9614,0.5254,0.178980,14,10,9,34.83,0.1266,0.0587,0.003302,4.296
320129,520,384,904,167,104,247,301.15,0.8933,0.5948,0.248319,11,36,59,249.10,0.6587,0.1506,0.016486,4.487
320134,520,453,973,236,23,24,28.33,0.9863,0.5341,0.185148,13,17,2,120.44,0.7615,0.0723,0.004908,4.283
320145,520,411,931,201,61,231,319.83,0.9082,0.5736,0.215260,32,26,0,97.42,1.0000,0.1159,0.010459,4.387
320151,520,422,942,238,30,120,3.15,0.9526,0.5594,0.204649,16,29,8,134.78,0.7023,0.1101,0.010064,4.240
320168,520,277,797,235,118,240,325.84,0.9197,0.7012,0.369123,54,63,23,120.30,0.6487,0.2517,0.044011,4.458
320191,520,197,717,239,165,223,334.64,0.8149,0.7801,0.505903,25,87,67,167.69,0.8139,0.3208,0.074280,4.473
320195,520,390,910,227,81,129,3.63,0.7733,0.5862,0.238033,34,33,38,294.88,0.0924,0.1475,0.015677,4.386
320200,520,50,570,231,237,250,265.98,0.6202,0.9364,0.844592,6,125,63,152.09,0.9932,0.4409,0.150642,4.459
320227,520,428,948,204,93,100,18.30,0.6457,0.5556,0.215881,6,29,4,141.46,0.9490,0.1033,0.009262,4.487
320231,520,373,893,247,34,171,348.34,0.9622,0.5993,0.238618,23,36,62,263.12,0.4882,0.1596,0.017917,4.250
320249,520,368,888,238,12,239,328.11,0.9956,0.6148,0.246747,26,23,102,274.94,0.8987,0.1713,0.017916,4.369
320250,520,393,913,240,64,112,9.68,0.8838,0.5856,0.233650,8,39,5,141.52,0.9648,0.1375,0.015136,4.355
320252,520,456,976,187,64,203,322.89,0.8222,0.5349,0.185447,6,12,15,227.81,0.2621,0.0582,0.003361,4.412
320254,520,454,974,221,8,158,346.13,0.9836,0.5339,0.180170,5,16,29,251.90,0.5528,0.0738,0.004915,4.191
320265,520,424,944,216,17,207,330.63,0.9797,0.5554,0.195070,36,10,49,312.31,0.7192,0.1087,0.008139,4.215
320284,520,367,887,213,70,248,318.88,0.9626,0.6130,0.253054,52,27,54,324.37,0.4822,0.1652,0.017803,4.470
320306,520,445,965,236,10,72,17.56,0.9912,0.5359,0.185210,37,5,18,358.48,0.7099,0.0849,0.005456,4.241
320311,520,415,935,205,82,182,335.60,0.7463,0.5731,0.223929,19,31,2,128.39,0.9289,0.1174,0.011228,4.474
320356,520,429,949,225,42,135,356.05,0.8919,0.5461,0.194154,13,0,79,273.89,1.0000,0.1014,0.006500,4.321
320365,520,454,974,238,3,24,27.44,0.9985,0.5329,0.183115,14,9,30,291.81,0.5556,0.0664,0.003825,4.331
320367,520,419,939,190,76,205,322.87,0.7922,0.5553,0.205251,2,32,9,148.65,0.9761,0.1118,0.010656,4.208
320385,520,419,939,250,0,71,18.76,1.0000,0.5634,0.207826,36,8,54,308.54,0.7806,0.1100,0.008151,4.434
320410,520,441,961,170,67,243,307.03,0.9237,0.5433,0.190321,43,2,24,352.07,0.8297,0.0937,0.006230,4.274
320412,520,81,601,244,215,248,322.16,0.8355,0.8987,0.746120,0,113,101,182.23,1.0000,0.4124,0.127492,4.485
320436,520,369,889,226,59,229,327.29,0.9368,0.6107,0.249561,1,49,27,157.53,0.9902,0.1733,0.022821,4.114
320452,520,337,857,251,60,199,341.63,0.9721,0.6369,0.278677,81,23,11,33.46,0.8403,0.1962,0.023866,4.450
320465,520,357,877,250,34,196,341.70,0.9734,0.6173,0.254568,50,18,93,297.06,0.8185,0.1792,0.019011,4.413
320469,520,399,919,239,68,81,21.31,0.9018,0.5806,0.230822,15,34,48,242.27,0.4930,0.1398,0.014590,4.348
320516,520,470,990,129,84,251,289.59,0.9623,0.5232,0.179726,14,3,4,13.11,0.5146,0.0411,0.001673,4.446
320519,520,473,993,230,20,32,26.92,0.9863,0.5207,0.174306,5,3,13,294.04,0.5317,0.0349,0.001264,4.375
320520,520,396,916,149,109,238,294.82,0.8091,0.5767,0.234999,6,37,31,177.65,0.7864,0.1363,0.014607,4.411
320524,520,425,945,238,27,123,1.96,0.9586,0.5591,0.203942,39,16,25,356.32,0.4520,0.1091,0.008722,4.325
320530,520,272,792,217,141,198,336.36,0.6035,0.6958,0.378801,8,73,28,148.20,0.9799,0.2588,0.049003,4.331
320536,520,249,769,249,127,213,339.71,0.9393,0.7216,0.401251,25,75,48,156.51,0.8064,0.2755,0.054520,4.317
320540,520,453,973,208,12,195,331.82,0.9799,0.5316,0.176150,15,5,40,290.60,0.7961,0.0672,0.003633,4.217
320547,520,463,983,235,2,26,27.10,0.9989,0.5263,0.177834,1,1,45,266.48,0.9930,0.0517,0.002176,4.367
320557,520,347,867,238,83,178,346.47,0.8554,0.6269,0.275807,33,48,27,137.09,0.4621,0.1868,0.025163,4.335
320561,520,472,992,213,57,77,18.61,0.8521,0.5178,0.176106,4,0,16,295.55,1.0000,0.0263,0.000632,4.466
320564,520,212,732,254,163,77,61.15,0.9800,0.7577,0.478037,25,87,28,143.89,0.9549,0.3116,0.071066,4.362
320571,520,350,870,210,88,255,315.56,1.0000,0.6337,0.279025,32,47,58,240.69,0.2884,0.1950,0.026455,4.303
320572,520,410,930,248,33,62,22.43,0.9749,0.5679,0.213955,64,2,8,22.59,0.9666,0.1339,0.011511,4.291
320579,520,477,997,220,31,44,25.21,0.9646,0.5057,0.163802,8,0,2,359.68,1.0000,0.0239,0.000560,4.229
320586,520,366,886,255,27,156,354.35,1.0000,0.6052,0.244478,29,21,100,277.65,0.8898,0.1682,0.017176,4.384
320602,520,237,757,196,181,115,96.92,0.5222,0.7333,0.460219,3,84,0,142.19,1.0000,0.2933,0.063597,4.491
320603,520,451,971,235,33,0,31.09,1.0000,0.5359,0.187531,4,6,53,269.37,0.9525,0.0729,0.004131,4.388
320608,520,443,963,234,30,56,22.88,0.9709,0.5362,0.187096,10,19,2,129.92,0.8522,0.0753,0.005346,4.284
320610,520,359,879,229,110,43,46.19,0.8874,0.6166,0.279868,38,45,21,122.38,0.4908,0.1808,0.023430,4.492
320620,520,404,924,234,55,157,351.00,0.8834,0.5822,0.226620,12,36,1,136.67,0.9881,0.1287,0.013421,4.362
320704,520,455,975,191,47,210,322.67,0.8938,0.5301,0.177640,16,1,34,301.32,0.9154,0.0553,0.002474,4.338
320714,520,419,939,195,80,196,327.31,0.7634,0.5626,0.213264,33,18,36,320.76,0.4259,0.1095,0.008833,4.475
320736,520,400,920,224,28,210,331.83,0.9685,0.5756,0.213333,7,37,35,188.89,0.7218,0.1384,0.014896,4.058
320738,520,258,778,242,112,249,325.54,0.9711,0.7074,0.373074,12,68,95,235.46,0.8206,0.2704,0.050384,4.215
320775,520,466,986,139,93,217,297.59,0.7428,0.5209,0.183276,4,0,44,273.34,1.0000,0.0512,0.002076,4.479
320787,520,477,997,225,6,69,17.21,0.9930,0.5110,0.165704,1,0,17,274.34,1.0000,0.0228,0.000469,4.274
320818,520,475,995,225,8,108,4.16,0.9855,0.5215,0.172667,0,5,4,182.95,1.0000,0.0312,0.001173,4.351
320827,520,261,781,253,112,218,338.15,0.9838,0.7074,0.375357,28,71,70,193.22,0.5865,0.2718,0.051954,4.172
320834,520,391,911,204,83,217,323.71,0.8281,0.5932,0.240352,2,43,28,163.59,0.9664,0.1535,0.018244,4.255
320841,520,420,940,233,57,100,12.16,0.8828,0.5623,0.211729,11,30,24,170.93,0.5116,0.1142,0.010656,4.315
320855,520,451,971,187,31,249,312.63,0.9734,0.5444,0.183855,1,8,44,264.21,0.9382,0.0652,0.003619,4.361
320868,520,430,950,239,41,59,23.48,0.9579,0.5535,0.202556,22,17,49,286.87,0.6056,0.1033,0.007932,4.360
320873,520,477,997,124,97,208,291.55,0.6913,0.5052,0.173885,0,2,2,194.77,1.0000,0.0198,0.000478,4.435
320876,520,459,979,219,10,159,345.36,0.9788,0.5310,0.177828,16,10,9,29.62,0.1819,0.0608,0.003470,4.261
320885,520,439,959,204,21,224,323.19,0.9771,0.5477,0.187573,1,23,25,202.64,0.9010,0.0878,0.006894,4.176
320895,520,331,851,251,65,189,344.81,0.9670,0.6361,0.279672,80,8,71,334.24,0.8237,0.2009,0.023343,4.495
320904,520,382,902,217,81,204,331.72,0.8287,0.6032,0.249982,22,39,46,225.93,0.3454,0.1578,0.018188,4.399
320912,520,407,927,204,42,236,320.01,0.9530,0.5671,0.205511,36,14,64,299.35,0.7518,0.1270,0.010593,4.217
320925,520,415,935,223,41,185,338.70,0.9193,0.5656,0.207791,19,31,2,128.39,0.9289,0.1174,0.011228,4.210
320953,520,364,884,247,26,192,342.05,0.9794,0.6063,0.243219,6,3,127,265.90,0.9976,0.1717,0.016360,4.419
320965,520,373,893,255,24,142,358.63,1.0000,0.5987,0.238699,39,22,80,291.36,0.7376,0.1585,0.015843,4.385
320968,520,439,959,213,31,200,331.73,0.9460,0.5509,0.192983,16,16,38,281.26,0.5022,0.0876,0.006207,4.323
320972,520,438,958,243,16,65,20.29,0.9889,0.5511,0.198104,12,21,19,179.38,0.2492,0.0869,0.006615,4.382
320974,520,384,904,169,96,249,302.59,0.9268,0.5858,0.236408,2,40,33,177.43,0.9441,0.1452,0.016402,4.313
320987,520,172,692,250,166,244,329.24,0.9713,0.8045,0.541299,21,92,65,162.97,0.8951,0.3353,0.081950,4.481
321000,520,480,1000,207,1,161,341.68,0.9969,0.5066,0.158625,0,0,0,0.00,0.0000,0.0000,0.000000,4.172
321005,520,401,921,194,73,232,316.94,0.8804,0.5761,0.220619,1,34,51,235.71,0.9337,0.1350,0.013894,4.235
321009,520,368,888,241,72,142,359.54,0.8700,0.6052,0.252915,72,17,7,32.76,0.8751,0.1685,0.017942,4.458
321011,520,406,926,236,5,183,341.98,0.9948,0.5754,0.213632,29,31,13,114.09,0.4684,0.1286,0.012702,4.204
321014,520,445,965,224,49,103,8.66,0.8777,0.5385,0.190259,37,3,22,349.68,0.7727,0.0831,0.005164,4.355
321031,520,400,920,254,31,69,20.92,0.9947,0.5804,0.224843,18,22,84,272.27,0.8761,0.1434,0.013424,4.333
321042,520,399,919,222,85,108,13.32,0.7491,0.5765,0.231118,35,31,26,73.40,0.1284,0.1387,0.014119,4.384
321046,520,437,957,229,18,150,350.71,0.9683,0.5484,0.192954,16,9,51,283.18,0.8019,0.0851,0.005445,4.382
321052,520,381,901,238,78,118,9.48,0.8478,0.5988,0.249369,44,32,35,1.89,0.1836,0.1558,0.016899,4.475
321057,520,432,952,238,48,37,29.00,0.9572,0.5540,0.204278,34,9,36,324.64,0.6458,0.0952,0.006629,4.490
321079,520,418,938,234,57,78,19.95,0.9063,0.5593,0.209718,40,5,61,308.56,0.8570,0.1182,0.008966,4.405
321091,520,279,799,192,139,246,305.67,0.8387,0.6860,0.363261,36,68,10,134.55,0.9484,0.2512,0.045311,4.336
321109,520,452,972,207,0,197,331.02,1.0000,0.5285,0.172986,22,13,3,73.05,0.6037,0.0723,0.004650,4.080
321114,520,444,964,186,56,229,315.99,0.9024,0.5441,0.189258,0,15,41,256.13,0.9999,0.0761,0.005017,4.349
321117,520,321,841,246,33,254,326.50,0.9969,0.6451,0.278391,13,6,152,266.75,0.9964,0.2146,0.024826,4.389
321126,520,305,825,239,113,173,352.36,0.7940,0.6678,0.331806,41,55,68,246.83,0.2558,0.2306,0.036211,4.429
321135,520,377,897,214,71,225,324.85,0.8928,0.5999,0.242407,2,21,106,264.52,0.9706,0.1606,0.015897,4.437
321136,520,403,923,238,12,176,344.50,0.9876,0.5769,0.215777,21,28,49,268.97,0.4247,0.1280,0.012117,4.279
321138,520,469,989,228,31,29,28.23,0.9746,0.5212,0.175656,6,3,14,298.08,0.5549,0.0365,0.001355,4.394
321147,520,341,861,245,78,173,349.52,0.9034,0.6310,0.278814,18,17,137,268.64,0.9822,0.2039,0.023355,4.483
321171,520,466,986,229,0,88,11.43,1.0000,0.5223,0.173656,15,5,3,38.15,0.4620,0.0468,0.002167,4.287
321184,520,456,976,224,31,108,5.05,0.9301,0.5277,0.179127,14,0,42,291.49,1.0000,0.0582,0.002605,4.356
321193,520,439,959,182,85,197,322.12,0.7245,0.5506,0.204744,19,16,44,285.01,0.5755,0.0945,0.006909,4.476
321201,520,344,864,242,29,247,327.16,0.9891,0.6320,0.264741,44,24,106,286.26,0.8309,0.1940,0.022293,4.354
321202,520,409,929,226,80,58,31.26,0.8699,0.5668,0.222142,62,4,21,10.12,0.8712,0.1347,0.011653,4.414
321205,520,464,984,176,36,234,312.54,0.9496,0.5173,0.164334,7,8,17,277.74,0.3312,0.0511,0.002593,4.075
321210,520,384,904,173,100,234,306.78,0.8146,0.5862,0.239397,52,29,17,47.80,0.4869,0.1549,0.016494,4.352
321219,520,210,730,230,154,254,317.79,0.9879,0.7628,0.470913,25,85,36,146.67,0.9352,0.3062,0.068308,4.403
321232,520,444,964,180,85,183,326.29,0.6817,0.5392,0.196203,3,21,9,154.14,0.8607,0.0779,0.005754,4.416
321233,520,419,939,235,11,147,352.84,0.9846,0.5572,0.200111,9,25,40,248.59,0.5436,0.1063,0.009065,4.235
321234,520,343,863,246,71,177,347.86,0.9206,0.6273,0.272767,17,52,23,147.08,0.8720,0.1886,0.026369,4.226
321243,520,457,977,215,55,120,1.00,0.8222,0.5318,0.185379,10,3,44,281.89,0.9140,0.0626,0.003115,4.432
321249,520,391,911,223,31,234,325.60,0.9768,0.5913,0.226107,49,30,3,72.39,0.8410,0.1503,0.015882,4.191
321258,520,363,883,223,54,239,324.12,0.9519,0.6085,0.245604,70,12,55,340.49,0.7586,0.1746,0.018411,4.321
321281,520,292,812,242,117,172,354.32,0.8078,0.6783,0.345810,61,54,43,79.06,0.1857,0.2380,0.038049,4.495
321296,520,378,898,249,10,182,345.13,0.9932,0.6006,0.237375,9,45,13,145.08,0.9486,0.1595,0.019638,4.127
321301,520,423,943,235,14,158,349.36,0.9812,0.5628,0.204478,5,30,4,142.31,0.9574,0.1059,0.009695,4.263
321305,520,472,992,200,47,175,335.79,0.8459,0.5227,0.174094,9,2,6,341.63,0.5156,0.0335,0.001146,4.381
321315,520,368,888,210,82,226,323.09,0.8657,0.6068,0.252289,36,22,98,282.90,0.8417,0.1739,0.018307,4.425
321324,520,354,874,242,97,56,36.35,0.9122,0.6193,0.277152,10,44,70,245.79,0.7383,0.1812,0.023080,4.477
321327,520,446,966,168,69,236,307.72,0.8887,0.5372,0.186379,23,16,14,36.51,0.1800,0.0831,0.005845,4.233
321331,520,390,910,239,79,7,38.34,0.9918,0.5861,0.239611,23,26,82,274.46,0.7875,0.1527,0.015301,4.435
321338,520,387,907,252,9,151,354.93,0.9930,0.5923,0.231287,5,16,106,265.97,0.9776,0.1544,0.014433,4.366
321358,520,411,931,228,44,172,344.05,0.9092,0.5698,0.212765,35,4,71,297.11,0.9208,0.1197,0.008991,4.454
321366,520,444,964,192,23,241,315.94,0.9798,0.5420,0.181715,34,5,5,24.29,0.7649,0.0758,0.004596,4.244
321372,520,306,826,241,122,118,23.43,0.8082,0.6685,0.339305,39,60,3,128.75,0.9691,0.2266,0.036696,4.490
321376,520,418,938,241,47,55,25.26,0.9533,0.5613,0.210130,20,29,29,196.25,0.1858,0.1193,0.011161,4.253
321381,520,375,895,252,15,157,353.18,0.9884,0.5960,0.234749,61,7,65,324.97,0.8174,0.1594,0.015258,4.363
321385,520,391,911,229,44,207,333.90,0.9428,0.5910,0.229669,33,15,88,285.15,0.8688,0.1494,0.013695,4.391
321405,520,429,949,223,60,126,0.79,0.8283,0.5540,0.204286,35,2,55,308.43,0.9167,0.1010,0.006766,4.480
321418,520,476,996,211,8,152,345.70,0.9776,0.5113,0.162918,6,1,0,47.34,1.0000,0.0238,0.000604,4.208
321420,520,474,994,157,71,226,305.90,0.8441,0.5165,0.171661,1,4,5,213.96,0.4850,0.0298,0.001042,4.343
321434,520,450,970,214,7,192,334.19,0.9889,0.5396,0.182561,11,16,7,131.27,0.3786,0.0694,0.004571,4.262
321445,520,477,997,200,14,184,332.83,0.9668,0.5103,0.160560,9,0,0,29.23,1.0000,0.0242,0.000581,4.163
321447,520,346,866,228,88,197,337.37,0.8255,0.6257,0.275069,36,36,92,278.62,0.6711,0.1944,0.024095,4.387
321453,520,454,974,193,67,178,332.88,0.7697,0.5324,0.185677,17,12,24,302.86,0.3445,0.0717,0.004481,4.326
321466,520,240,760,253,132,194,349.59,0.9588,0.7275,0.412829,3,79,6,143.00,0.9965,0.2762,0.056242,4.356
321467,520,396,916,221,22,227,326.83,0.9829,0.5795,0.214942,37,17,73,294.37,0.7622,0.1412,0.012753,4.222
321477,520,404,924,244,56,63,24.69,0.9461,0.5757,0.224237,14,28,53,261.15,0.5753,0.1259,0.011809,4.437
321492,520,305,825,246,120,116,23.59,0.8668,0.6725,0.342896,21,63,17,141.90,0.9408,0.2268,0.037548,4.488
321493,520,425,945,215,24,209,329.84,0.9689,0.5573,0.197059,24,20,47,287.94,0.5142,0.1101,0.008997,4.188
321505,520,479,999,212,36,130,354.66,0.8815,0.5147,0.168728,1,0,1,328.36,1.0000,0.0103,0.000086,4.367
321510,520,390,910,208,78,210,327.16,0.8310,0.5888,0.235135,34,23,72,288.84,0.6842,0.1473,0.014207,4.441
321517,520,402,922,247,57,46,28.72,0.9659,0.5805,0.229011,14,36,17,146.93,0.7116,0.1327,0.013955,4.363
321518,520,351,871,240,27,246,326.93,0.9896,0.6271,0.259656,10,36,104,264.09,0.9072,0.1907,0.023256,4.227
321534,520,380,900,214,88,183,338.29,0.7510,0.5962,0.246964,15,24,98,269.10,0.9266,0.1614,0.016366,4.475
321556,520,248,768,246,139,161,7.52,0.7959,0.7178,0.406338,35,76,40,146.45,0.7551,0.2816,0.056792,4.273
321563,520,421,941,250,27,7,29.99,0.9954,0.5649,0.211269,31,10,58,298.61,0.7801,0.1094,0.008139,4.494
321565,520,410,930,253,34,21,29.51,0.9929,0.5750,0.220846,40,18,57,307.68,0.6414,0.1330,0.011792,4.383
321576,520,442,962,236,28,6,30.24,0.9947,0.5356,0.186798,5,16,35,259.21,0.6407,0.0775,0.005242,4.287
321583,520,335,855,235,93,185,343.89,0.8297,0.6377,0.289962,31,54,9,132.87,0.9099,0.2015,0.029493,4.277
321585,520,408,928,237,66,37,32.14,0.9479,0.5687,0.220376,20,28,53,268.93,0.4911,0.1300,0.012362,4.336
321592,520,442,962,197,16,231,319.69,0.9849,0.5397,0.180120,29,9,30,325.58,0.5787,0.0843,0.005504,4.146
321635,520,319,839,234,75,254,323.01,0.9955,0.6544,0.296826,92,11,66,345.11,0.8107,0.2244,0.029084,4.386
321648,520,432,952,195,64,203,325.46,0.8328,0.5477,0.195822,31,5,56,301.87,0.8516,0.1006,0.006854,4.324
321675,520,444,964,194,83,142,349.76,0.6498,0.5375,0.196105,21,8,43,296.05,0.7272,0.0814,0.005075,4.469
321699,520,348,868,229,78,225,328.95,0.9051,0.6312,0.275453,37,39,78,278.91,0.5154,0.1906,0.023944,4.401
321705,520,396,916,233,80,15,38.62,0.9787,0.5764,0.230984,8,20,91,267.09,0.9479,0.1426,0.013072,4.455
321728,520,458,978,223,60,21,33.79,0.9671,0.5336,0.189766,21,7,16,341.74,0.4459,0.0630,0.003488,4.483
321735,520,331,851,234,93,190,341.77,0.8325,0.6384,0.290413,46,50,11,114.91,0.7583,0.2026,0.028862,4.317
321758,520,465,985,205,65,105,7.28,0.7631,0.5188,0.177818,0,12,1,145.62,1.0000,0.0485,0.002651,4.327
321761,520,457,977,217,40,139,352.67,0.8794,0.5308,0.181358,2,16,9,163.42,0.8014,0.0631,0.004032,4.282
321763,520,378,898,249,68,64,26.62,0.9660,0.5970,0.246476,73,10,8,27.74,0.9106,0.1626,0.016513,4.457
321796,520,479,999,209,11,153,344.90,0.9686,0.5085,0.160968,2,0,2,328.36,1.0000,0.0139,0.000173,4.205
321844,520,474,994,209,13,176,337.59,0.9708,0.5218,0.169799,2,3,10,271.66,0.5048,0.0301,0.000999,4.310
321853,520,283,803,254,111,174,355.10,0.9781,0.6887,0.354987,63,54,62,329.55,0.1326,0.2474,0.040429,4.478
321865,520,454,974,211,9,185,335.42,0.9830,0.5301,0.175492,10,11,33,278.17,0.5805,0.0689,0.004137,4.165
321886,520,329,849,248,62,222,334.57,0.9656,0.6458,0.286786,31,52,66,238.72,0.3779,0.2132,0.031405,4.137
321887,520,330,850,189,121,225,312.95,0.7248,0.6366,0.299306,13,45,98,260.10,0.8395,0.2077,0.028440,4.453
321909,520,473,993,234,2,4,29.04,0.9990,0.5231,0.175478,1,4,6,227.69,0.5074,0.0302,0.001064,4.416
321921,520,465,985,158,80,215,307.93,0.7788,0.5218,0.179133,10,8,12,308.39,0.1640,0.0517,0.002647,4.352
321964,520,480,1000,92,95,248,275.95,0.9542,0.5064,0.172364,0,0,0,0.00,0.0000,0.0000,0.000000,4.447
321965,520,447,967,215,23,188,335.62,0.9577,0.5435,0.186929,0,22,10,158.92,1.0000,0.0790,0.005957,4.234
321966,520,422,942,240,23,105,8.21,0.9713,0.5559,0.201612,28,15,58,292.43,0.7104,0.1135,0.008940,4.269
321969,520,398,918,234,18,192,339.06,0.9817,0.5795,0.217336,32,35,11,115.32,0.5962,0.1430,0.015333,4.092
321974,520,434,954,224,19,165,344.75,0.9647,0.5462,0.190322,12,21,43,265.66,0.5434,0.0996,0.007889,4.151
321976,520,438,958,244,5,68,19.20,0.9966,0.5512,0.197625,39,7,20,358.41,0.6677,0.0924,0.006339,4.395
321985,520,443,963,222,48,111,5.11,0.8700,0.5362,0.187938,18,3,54,287.44,0.9236,0.0800,0.004601,4.358
321987,520,458,978,230,28,78,16.11,0.9611,0.5307,0.182066,4,3,48,271.20,0.9677,0.0618,0.003043,4.375
321994,520,208,728,234,165,184,1.15,0.5925,0.7593,0.478650,31,84,63,164.26,0.7189,0.3121,0.069906,4.409
321995,520,409,929,180,81,239,310.14,0.8872,0.5711,0.218210,26,27,43,280.90,0.3086,0.1261,0.011779,4.341
322000,520,457,977,211,0,190,333.98,1.0000,0.5313,0.175687,10,0,45,283.26,1.0000,0.0575,0.002540,4.296
322015,520,398,918,255,10,89,14.60,1.0000,0.5794,0.222022,66,0,25,5.85,1.0000,0.1402,0.012286,4.367
322035,520,422,942,244,40,15,30.67,0.9881,0.5594,0.207886,28,17,51,295.32,0.6125,0.1113,0.008868,4.381
322048,520,378,898,213,81,203,330.83,0.8163,0.5962,0.243447,6,27,94,264.76,0.9328,0.1587,0.016306,4.426
322064,520,380,900,240,13,216,334.07,0.9929,0.6035,0.237738,56,23,40,349.71,0.5083,0.1566,0.016069,4.355
322066,520,477,997,216,49,13,32.79,0.9806,0.5083,0.168272,1,1,12,274.56,0.8685,0.0231,0.000547,4.318
322068,520,452,972,209,73,58,29.51,0.8340,0.5258,0.186281,7,1,60,272.95,0.9921,0.0742,0.003931,4.381
322074,520,463,983,214,20,176,338.91,0.9572,0.5334,0.179333,9,5,31,285.75,0.7318,0.0547,0.002655,4.355
322086,520,418,938,155,89,255,297.40,1.0000,0.5632,0.213335,49,13,7,32.10,0.7541,0.1165,0.009563,4.421
322096,520,360,880,222,71,241,323.01,0.9391,0.6231,0.263889,25,49,23,142.36,0.6796,0.1831,0.024651,4.205
322099,520,464,984,224,46,14,31.93,0.9827,0.5222,0.178358,14,3,22,310.48,0.6945,0.0490,0.002164,4.378
322109,520,442,962,216,62,119,2.59,0.8015,0.5405,0.193785,21,1,56,291.04,0.9712,0.0819,0.004667,4.459
322113,520,366,886,226,50,237,325.43,0.9577,0.6092,0.245666,26,20,102,275.56,0.9152,0.1666,0.016791,4.427
322115,520,461,981,234,0,80,14.63,1.0000,0.5311,0.180748,9,5,25,290.35,0.6389,0.0505,0.002368,4.406
322130,520,157,677,235,183,234,326.95,0.7286,0.8161,0.574708,8,96,83,178.97,0.9566,0.3519,0.090415,4.449
322145,520,480,1000,207,4,164,340.74,0.9885,0.5090,0.160347,0,0,0,0.00,0.0000,0.0000,0.000000,4.207
322151,520,448,968,188,44,234,315.87,0.9381,0.5413,0.184345,31,8,19,352.33,0.5555,0.0803,0.005120,4.252
322174,520,475,995,204,39,164,340.44,0.8691,0.5177,0.169707,6,1,20,295.26,0.8507,0.0344,0.001109,4.299
322177,520,436,956,240,11,77,16.54,0.9909,0.5456,0.193038,24,10,42,300.58,0.6690,0.0873,0.005784,4.357
322182,520,426,946,234,61,62,25.50,0.9149,0.5604,0.211807,9,30,25,175.76,0.5697,0.1135,0.010568,4.323
322183,520,344,864,250,64,179,347.69,0.9558,0.6288,0.272487,46,44,46,325.69,0.0388,0.1941,0.025795,4.255
322209,520,432,952,123,105,243,284.77,0.8705,0.5470,0.207848,12,20,45,268.16,0.5863,0.0986,0.007679,4.470
322221,520,469,989,173,79,190,321.28,0.7173,0.5241,0.181949,1,6,19,256.84,0.7605,0.0417,0.001837,4.475
322230,520,393,913,239,18,196,339.10,0.9850,0.5910,0.227718,9,14,94,268.23,0.9686,0.1374,0.011802,4.494
322233,520,224,744,235,157,195,349.09,0.6670,0.7485,0.457180,46,79,51,148.00,0.5341,0.3008,0.064117,4.444
322236,520,321,841,253,73,202,341.61,0.9845,0.6533,0.299152,14,57,56,192.86,0.7332,0.2149,0.033050,4.204
322241,520,464,984,217,58,58,25.59,0.8915,0.5233,0.180859,11,6,17,305.43,0.4194,0.0501,0.002419,4.404
322244,520,373,893,245,63,121,6.94,0.9119,0.5968,0.243512,39,24,77,291.73,0.6944,0.1593,0.016204,4.433
322245,520,463,983,230,25,98,9.20,0.9587,0.5342,0.184031,13,2,29,300.03,0.8262,0.0503,0.002177,4.485
322250,520,389,909,214,48,240,321.64,0.9543,0.5903,0.227032,70,6,4,28.80,0.9479,0.1513,0.014413,4.301
322253,520,437,957,149,91,242,297.24,0.8759,0.5486,0.202827,19,18,30,287.67,0.2907,0.0900,0.006648,4.463
322267,520,472,992,202,49,161,341.22,0.8261,0.5202,0.173283,13,0,7,343.50,1.0000,0.0327,0.001009,4.377
322280,520,468,988,201,50,171,337.47,0.8320,0.5247,0.176409,8,0,32,289.31,1.0000,0.0432,0.001559,4.391
322281,520,477,997,213,60,32,32.55,0.9324,0.5145,0.174846,0,1,2,233.51,1.0000,0.0151,0.000261,4.474
322323,520,415,935,237,53,118,5.57,0.8945,0.5717,0.218618,10,32,30,187.49,0.5462,0.1221,0.011912,4.339
322357,520,394,914,223,80,153,352.22,0.7691,0.5869,0.237276,37,27,48,305.43,0.3768,0.1412,0.013906,4.495
322365,520,258,778,240,118,251,324.23,0.9782,0.7143,0.384493,58,57,102,283.00,0.4572,0.2725,0.047850,4.440
322374,520,432,952,200,76,171,337.98,0.7375,0.5513,0.203902,22,22,30,284.91,0.1842,0.1026,0.008381,4.349
322378,520,439,959,208,28,214,326.70,0.9606,0.5501,0.190974,6,13,55,268.74,0.8882,0.0886,0.006024,4.301
322389,520,434,954,237,0,114,3.98,1.0000,0.5466,0.192226,15,23,25,214.76,0.2005,0.0969,0.007845,4.187
322405,520,327,847,222,114,188,340.60,0.7067,0.6501,0.311970,18,52,76,242.67,0.6496,0.2120,0.031062,4.465
322406,520,341,861,209,97,234,319.96,0.8692,0.6301,0.280467,78,22,46,357.35,0.6685,0.1980,0.023910,4.471
322427,520,467,987,208,57,109,4.58,0.7999,0.5168,0.174425,18,2,0,39.85,1.0000,0.0423,0.001720,4.339
322438,520,454,974,202,43,180,334.70,0.8703,0.5261,0.175815,25,7,13,359.76,0.4938,0.0673,0.003877,4.191
322443,520,480,1000,191,83,32,42.74,0.8519,0.5051,0.173689,0,0,0,0.00,0.0000,0.0000,0.000000,4.474
322470,520,406,926,217,78,166,345.14,0.7691,0.5798,0.229558,14,37,6,138.39,0.9265,0.1339,0.014296,4.348
322477,520,448,968,192,81,159,340.66,0.6759,0.5390,0.195961,30,9,4,38.02,0.6458,0.0761,0.004802,4.488
322484,520,409,929,217,84,129,2.31,0.7219,0.5728,0.226796,3,29,57,252.57,0.8419,0.1260,0.011934,4.469
322487,520,336,856,216,121,166,351.18,0.6006,0.6441,0.310286,5,57,23,149.69,0.9769,0.2015,0.030203,4.492
322496,520,447,967,210,72,104,10.14,0.7530,0.5364,0.193380,7,11,54,270.86,0.8895,0.0846,0.005508,4.385
322498,520,394,914,218,39,242,322.38,0.9699,0.5927,0.227693,36,34,7,105.12,0.7048,0.1439,0.015345,4.250
322506,520,469,989,213,53,105,6.59,0.8310,0.5211,0.177146,13,0,15,324.27,1.0000,0.0364,0.001201,4.436
322508,520,406,926,241,36,143,356.17,0.9433,0.5767,0.219489,12,30,58,258.97,0.6493,0.1338,0.013121,4.269
322517,520,443,963,220,64,65,24.82,0.8728,0.5368,0.192667,26,13,21,342.54,0.3414,0.0829,0.005616,4.363
322527,520,466,986,193,53,188,329.55,0.8351,0.5237,0.175161,2,10,2,143.60,0.8736,0.0457,0.002344,4.302
322540,520,475,995,144,79,236,298.11,0.8679,0.5193,0.175776,0,3,11,252.27,0.9999,0.0281,0.000893,4.436
322542,520,476,996,229,1,20,27.68,0.9994,0.5126,0.167333,0,2,5,242.21,1.0000,0.0215,0.000544,4.300
322553,520,466,986,185,69,169,333.54,0.7319,0.5165,0.174365,10,6,24,292.01,0.5706,0.0530,0.002607,4.265
322570,520,437,957,248,4,19,28.12,0.9984,0.5544,0.200940,31,10,33,324.04,0.5881,0.0905,0.006182,4.467
322576,520,402,922,238,31,161,349.44,0.9532,0.5760,0.217333,19,25,61,272.73,0.6388,0.1280,0.011706,4.332
322578,520,377,897,208,78,231,321.29,0.8839,0.6023,0.246298,66,13,45,347.79,0.7268,0.1625,0.016357,4.465
322617,520,420,940,229,68,35,33.23,0.9405,0.5551,0.209165,26,7,69,287.79,0.8920,0.1105,0.008012,4.467
322621,520,442,962,188,39,233,316.26,0.9467,0.5371,0.180269,33,9,14,9.13,0.5507,0.0835,0.005505,4.149
322624,520,413,933,225,26,195,336.14,0.9642,0.5673,0.206890,45,16,22,8.89,0.5250,0.1180,0.009865,4.291
322636,520,304,824,228,114,206,335.10,0.7915,0.6673,0.329869,21,64,3,138.66,0.9900,0.2288,0.038327,4.301
322643,520,297,817,251,112,145,7.62,0.9120,0.6755,0.341449,80,46,17,58.15,0.6823,0.2393,0.037002,4.499
322648,520,431,951,218,69,105,10.22,0.7918,0.5477,0.201840,39,2,51,316.26,0.8935,0.1038,0.007138,4.408
322649,520,396,916,248,51,18,31.69,0.9858,0.5756,0.223713,57,15,38,349.81,0.6510,0.1444,0.013516,4.309
322657,520,420,940,244,34,20,29.64,0.9837,0.5561,0.204311,48,3,36,341.13,0.8128,0.1108,0.008210,4.369
322659,520,305,825,254,109,104,24.64,0.9857,0.6655,0.330109,39,60,16,131.14,0.8223,0.2279,0.037004,4.369
322662,520,391,911,208,77,211,326.88,0.8363,0.5882,0.234225,26,14,96,277.75,0.9306,0.1509,0.013782,4.456
322689,520,400,920,251,1,121,4.04,0.9992,0.5779,0.219150,3,19,96,265.02,0.9665,0.1449,0.013295,4.252
322694,520,477,997,200,71,60,28.25,0.8048,0.5066,0.171141,0,0,12,264.05,1.0000,0.0173,0.000265,4.399
322700,520,454,974,225,50,32,30.24,0.9520,0.5287,0.183959,13,0,54,282.41,1.0000,0.0700,0.003519,4.372
322702,520,374,894,199,103,190,330.83,0.6629,0.5995,0.255617,19,41,41,195.58,0.4251,0.1596,0.018844,4.439
322710,520,373,893,186,90,245,310.03,0.9122,0.5959,0.243449,7,23,101,266.07,0.9540,0.1597,0.015974,4.448
322711,520,471,991,164,76,203,313.92,0.7586,0.5155,0.173740,1,7,17,249.18,0.7202,0.0432,0.001989,4.304
322722,520,198,718,231,178,114,70.75,0.6530,0.7654,0.500462,1,93,0,142.41,1.0000,0.3244,0.078348,4.289
322723,520,463,983,163,72,229,307.29,0.8540,0.5284,0.180790,19,4,15,337.54,0.5725,0.0537,0.002598,4.388
322726,520,387,907,249,63,30,32.24,0.9736,0.5887,0.237920,28,39,24,137.54,0.3721,0.1540,0.017638,4.257
322727,520,416,936,229,21,182,340.78,0.9708,0.5654,0.205744,43,5,58,314.03,0.8386,0.1203,0.009277,4.314
322736,520,449,969,180,33,253,309.73,0.9900,0.5383,0.178838,9,12,36,274.38,0.6236,0.0723,0.004484,4.200
322738,520,455,975,211,26,181,336.68,0.9406,0.5331,0.179260,11,7,33,285.87,0.6781,0.0619,0.003329,4.299
322741,520,386,906,255,52,60,25.20,1.0000,0.5941,0.240460,1,43,18,152.34,0.9911,0.1504,0.017778,4.285
322773,520,412,932,199,41,245,316.60,0.9607,0.5654,0.203220,42,19,31,348.47,0.4343,0.1221,0.010570,4.181
322778,520,291,811,227,107,251,320.68,0.9734,0.6803,0.338131,69,54,20,85.29,0.6346,0.2432,0.039542,4.335
322781,520,478,998,209,26,152,345.52,0.9185,0.5134,0.165633,3,1,1,20.04,0.3720,0.0199,0.000433,4.276
322792,520,395,915,249,6,150,354.62,0.9948,0.5853,0.224754,22,8,96,275.80,0.9676,0.1408,0.011887,4.440
322796,520,354,874,250,26,207,338.65,0.9847,0.6201,0.255710,42,12,109,286.13,0.9295,0.1805,0.018593,4.457
322826,520,469,989,213,36,139,351.52,0.8846,0.5205,0.172743,11,3,1,46.39,0.6267,0.0364,0.001385,4.335
322828,520,357,877,243,15,239,329.24,0.9949,0.6241,0.256311,59,17,84,309.43,0.7855,0.1823,0.019709,4.394
322852,520,392,912,246,60,81,20.33,0.9431,0.5862,0.234220,25,40,17,135.55,0.5972,0.1529,0.017647,4.202
322857,520,448,968,233,44,9,31.78,0.9909,0.5391,0.191478,11,11,41,278.11,0.6966,0.0756,0.004706,4.414
322862,520,386,906,227,78,150,354.17,0.7883,0.5901,0.239842,44,20,67,304.44,0.6789,0.1499,0.014411,4.500
322867,520,468,988,149,72,239,300.17,0.8958,0.5183,0.172566,17,0,8,348.03,1.0000,0.0386,0.001367,4.333
322893,520,387,907,228,11,227,328.58,0.9936,0.5888,0.222818,36,34,37,314.71,0.0611,0.1520,0.016527,4.101
322915,520,470,990,139,72,254,294.03,0.9915,0.5198,0.172795,17,1,14,334.41,0.7777,0.0437,0.001726,4.307
322921,520,438,958,228,43,129,358.94,0.8964,0.5503,0.198095,11,21,19,180.68,0.2829,0.0862,0.006545,4.388
322924,520,387,907,243,40,167,348.92,0.9443,0.5930,0.233654,33,25,75,285.60,0.6833,0.1528,0.015266,4.346
322925,520,477,997,222,6,102,5.70,0.9885,0.5128,0.166219,6,0,8,321.50,1.0000,0.0244,0.000563,4.276
322948,520,480,1000,209,56,74,19.20,0.8490,0.5083,0.168804,0,0,0,0.00,0.0000,0.0000,0.000000,4.376
322949,520,314,834,250,57,239,330.73,0.9809,0.6555,0.294852,32,60,27,140.70,0.7180,0.2246,0.036178,4.002
322956,520,316,836,244,122,44,48.60,0.9262,0.6619,0.333369,14,63,4,140.70,0.9891,0.2227,0.036570,4.428
322966,520,280,800,205,130,247,312.29,0.8927,0.6853,0.356608,56,53,92,285.92,0.4227,0.2538,0.041596,4.439
322977,520,391,911,203,68,235,319.17,0.9048,0.5864,0.228304,62,12,35,356.48,0.7209,0.1488,0.014086,4.343
322990,520,455,975,196,54,191,329.53,0.8416,0.5316,0.181373,23,2,30,317.41,0.8089,0.0632,0.003193,4.350
322992,520,460,980,175,63,229,312.10,0.8784,0.5347,0.183270,33,0,4,16.88,1.0000,0.0641,0.003322,4.375
322998,520,470,990,162,73,213,310.71,0.7983,0.5158,0.172513,1,3,23,267.04,0.9044,0.0365,0.001334,4.335
323000,520,469,989,213,20,152,346.38,0.9454,0.5186,0.169158,16,1,8,348.01,0.7544,0.0399,0.001494,4.256
323015,520,447,967,226,54,73,20.50,0.9002,0.5397,0.192909,7,13,47,270.02,0.8040,0.0817,0.005382,4.386
323031,520,395,915,230,14,215,332.00,0.9898,0.5850,0.220459,22,3,101,275.31,0.9898,0.1421,0.011752,4.380
323040,520,320,840,240,107,159,357.93,0.8010,0.6549,0.315465,14,60,4,140.51,0.9876,0.2122,0.033337,4.385
323049,520,417,937,211,12,245,320.24,0.9935,0.5731,0.207062,50,11,14,19.60,0.7128,0.1169,0.009493,4.321
323056,520,430,950,203,85,115,6.97,0.6638,0.5456,0.204332,14,15,56,275.68,0.7773,0.0985,0.007205,4.446
323071,520,373,893,246,79,59,30.23,0.9493,0.6029,0.255039,38,33,59,291.64,0.3968,0.1634,0.018155,4.476
323078,520,461,981,235,9,73,17.14,0.9917,0.5338,0.183418,7,12,2,127.25,0.6869,0.0549,0.003125,4.394
323079,520,454,974,188,48,209,322.01,0.8862,0.5253,0.174101,2,20,10,159.06,0.8861,0.0745,0.005351,4.049
323131,520,435,955,236,12,110,5.46,0.9846,0.5458,0.192247,24,19,9,84.11,0.3593,0.0901,0.006797,4.265
323133,520,388,908,251,3,148,355.57,0.9975,0.5879,0.227160,60,12,39,349.97,0.7118,0.1466,0.013702,4.351
323137,520,434,954,186,37,254,311.13,0.9948,0.5504,0.189191,26,3,66,290.51,0.9409,0.1017,0.006781,4.213
323151,520,303,823,234,114,186,345.25,0.7778,0.6670,0.330745,36,60,47,159.73,0.3931,0.2328,0.038119,4.321
323167,520,420,940,200,7,252,315.91,0.9963,0.5598,0.194611,6,32,8,144.92,0.9337,0.1137,0.010892,4.017
323183,520,466,986,209,59,115,2.46,0.7929,0.5228,0.179233,12,8,1,90.65,0.7304,0.0499,0.002540,4.363
323218,520,425,945,211,14,231,323.41,0.9894,0.5628,0.199344,31,15,47,304.65,0.6107,0.1082,0.008382,4.271
323223,520,474,994,199,25,199,328.27,0.9483,0.5225,0.169627,5,2,12,300.16,0.6146,0.0316,0.001022,4.305
323239,520,426,946,199,46,239,317.82,0.9467,0.5640,0.203296,17,15,68,276.36,0.8520,0.1128,0.008781,4.309
323246,520,63,583,195,246,231,175.16,0.6561,0.9228,0.832818,2,125,10,142.95,0.9991,0.4343,0.147014,4.481
323247,520,425,945,244,41,0,31.72,1.0000,0.5596,0.208224,31,4,68,294.59,0.9191,0.1113,0.007955,4.456
323252,520,367,887,196,99,226,317.59,0.8057,0.6097,0.261516,17,46,5,138.03,0.9628,0.1654,0.020841,4.397
323254,520,418,938,233,51,119,4.31,0.8883,0.5626,0.210261,25,1,86,281.64,0.9922,0.1223,0.009002,4.411
323263,520,366,886,243,9,222,333.26,0.9959,0.6119,0.245269,28,45,12,132.12,0.7815,0.1703,0.021502,4.130
323267,520,476,996,172,91,115,2.19,0.4988,0.5050,0.174918,2,0,15,284.68,1.0000,0.0229,0.000474,4.456
323284,520,474,994,200,20,199,328.57,0.9616,0.5223,0.169050,4,1,11,300.40,0.7402,0.0267,0.000717,4.319
323322,520,389,909,252,35,108,9.64,0.9775,0.5866,0.229838,69,7,10,24.45,0.9126,0.1510,0.014393,4.346
323325,520,418,938,239,49,76,19.75,0.9342,0.5621,0.210724,7,28,53,254.41,0.7095,0.1222,0.011327,4.251
323347,520,440,960,228,18,161,346.92,0.9694,0.5516,0.195025,18,15,46,283.63,0.6271,0.0931,0.006675,4.323
323355,520,234,754,238,147,219,334.87,0.8354,0.7433,0.441609,10,82,33,148.47,0.9795,0.2912,0.062087,4.386
323358,520,442,962,233,27,109,5.96,0.9546,0.5444,0.192147,5,1,62,270.27,0.9944,0.0752,0.004017,4.483
323366,520,397,917,230,41,180,341.94,0.9271,0.5757,0.217068,0,23,85,262.50,1.0001,0.1375,0.012686,4.260
323367,520,441,961,143,95,234,295.71,0.8192,0.5421,0.199647,21,21,9,108.33,0.3890,0.0919,0.007155,4.368
323368,520,466,986,179,69,195,322.39,0.7774,0.5229,0.177812,12,2,24,304.15,0.7835,0.0458,0.001875,4.392
323377,520,75,595,204,235,240,208.37,0.4648,0.9059,0.785444,30,119,54,148.17,0.9544,0.4238,0.137355,4.459
323378,520,414,934,251,22,38,26.56,0.9896,0.5667,0.212267,24,29,28,182.22,0.0970,0.1223,0.011567,4.260
323391,520,355,875,245,4,237,330.16,0.9987,0.6243,0.256166,3,51,10,145.12,0.9893,0.1777,0.024088,4.132
323395,520,429,949,206,56,185,334.37,0.8417,0.5470,0.194549,50,0,4,22.84,1.0000,0.0992,0.006870,4.300
323396,520,283,803,253,128,50,48.44,0.9786,0.6873,0.365544,13,67,68,196.84,0.8121,0.2525,0.045170,4.366
323400,520,455,975,167,60,240,307.18,0.9179,0.5290,0.177392,7,14,17,225.33,0.2665,0.0645,0.003997,4.211
323440,520,384,904,242,10,187,342.21,0.9920,0.5899,0.226853,45,10,83,299.04,0.8663,0.1528,0.013995,4.326
323466,520,457,977,199,52,185,332.30,0.8423,0.5312,0.181026,6,10,18,261.16,0.3322,0.0551,0.002995,4.359
323474,520,335,855,237,96,173,349.39,0.8182,0.6397,0.293900,28,50,45,178.12,0.3667,0.1951,0.027175,4.456
323475,520,383,903,237,30,215,333.66,0.9765,0.6028,0.238421,20,37,48,238.05,0.3937,0.1516,0.016852,4.314
323476,520,400,920,243,21,148,354.36,0.9750,0.5762,0.217324,16,37,32,176.56,0.4664,0.1416,0.015375,4.089
323491,520,389,909,213,97,145,356.30,0.6563,0.5911,0.247419,12,37,48,229.61,0.5844,0.1471,0.016146,4.496
323502,520,472,992,181,67,195,323.17,0.7869,0.5236,0.177794,5,3,0,90.11,1.0000,0.0293,0.000974,4.469
323514,520,393,913,229,39,210,333.07,0.9543,0.5899,0.227647,5,27,73,262.11,0.8997,0.1359,0.012971,4.409
323519,520,426,946,244,41,56,24.42,0.9640,0.5634,0.211079,40,15,13,26.10,0.5281,0.1051,0.008219,4.484
323548,520,417,937,171,83,248,304.93,0.9355,0.5687,0.216223,0,34,2,143.90,1.0000,0.1162,0.011484,4.330
323551,520,415,935,241,23,152,352.73,0.9703,0.5746,0.215837,51,4,37,342.90,0.7992,0.1185,0.009243,4.487
323553,520,461,981,181,54,217,317.50,0.8793,0.5253,0.174730,20,1,26,318.45,0.8506,0.0543,0.002450,4.285
323557,520,277,797,247,129,149,10.54,0.8265,0.6980,0.376473,19,70,20,143.45,0.9553,0.2504,0.045691,4.457
323568,520,404,924,197,81,213,322.65,0.8097,0.5775,0.225607,10,35,5,140.06,0.9464,0.1251,0.012775,4.390
323577,520,390,910,196,94,202,325.31,0.7297,0.5876,0.240068,68,3,42,350.36,0.8657,0.1548,0.014614,4.489
323583,520,446,966,218,27,169,342.17,0.9383,0.5399,0.185563,12,10,48,278.37,0.7912,0.0806,0.005086,4.276
323584,520,432,952,135,101,239,290.66,0.8384,0.5480,0.206901,17,25,26,205.73,0.1827,0.1044,0.008890,4.362
323589,520,295,815,252,73,255,327.30,1.0000,0.6816,0.326834,103,23,24,24.88,0.8483,0.2445,0.035628,4.401
323594,520,411,931,180,85,232,311.45,0.8463,0.5713,0.220274,8,33,18,154.51,0.7808,0.1202,0.011830,4.371
323599,520,474,994,192,12,215,322.22,0.9832,0.5176,0.163772,14,0,3,3.21,1.0000,0.0323,0.001000,4.192
323617,520,324,844,249,36,251,327.82,0.9886,0.6495,0.283694,86,19,55,351.92,0.7336,0.2140,0.027203,4.322
323639,520,379,899,242,82,2,39.14,0.9978,0.5954,0.249194,38,38,32,107.11,0.1129,0.1633,0.019026,4.335
323655,520,432,952,223,15,169,343.21,0.9736,0.5451,0.188968,16,21,37,270.00,0.3870,0.0986,0.007800,4.134
323659,520,369,889,252,54,147,358.05,0.9701,0.6111,0.254438,66,22,32,8.83,0.6034,0.1696,0.018365,4.453
323664,520,419,939,188,78,208,321.20,0.7909,0.5568,0.206954,13,25,34,241.85,0.3718,0.1052,0.008963,4.358
323666,520,477,997,213,39,90,10.77,0.8939,0.5051,0.163378,0,1,12,262.93,1.0003,0.0216,0.000482,4.227
323680,520,417,937,225,73,117,6.95,0.7959,0.5689,0.220596,12,32,16,148.73,0.6709,0.1185,0.011486,4.401
323682,520,467,987,218,55,56,25.59,0.9034,0.5219,0.179259,12,2,13,324.90,0.6509,0.0396,0.001506,4.451
323694,520,452,972,217,27,154,346.84,0.9292,0.5303,0.178711,15,16,2,112.36,0.7321,0.0715,0.004765,4.176
323705,520,475,995,197,35,194,329.05,0.9107,0.5208,0.169691,2,2,14,277.60,0.7241,0.0290,0.000880,4.318
323715,520,473,993,220,41,83,14.57,0.9102,0.5190,0.174287,5,2,15,295.13,0.6801,0.0331,0.001102,4.389
323724,520,400,920,253,2,119,5.01,0.9985,0.5816,0.222617,13,2,106,269.65,0.9965,0.1422,0.011695,4.419
323731,520,391,911,251,4,161,351.62,0.9969,0.5936,0.231728,56,20,26,11.91,0.5599,0.1458,0.014158,4.391
323742,520,404,924,221,65,174,342.45,0.8326,0.5759,0.222111,13,25,71,267.88,0.8112,0.1332,0.012357,4.364
323750,520,399,919,224,75,147,354.33,0.7860,0.5801,0.229885,6,24,79,264.83,0.9123,0.1357,0.012564,4.474
323754,520,404,924,240,54,127,2.90,0.8979,0.5812,0.226990,23,19,77,278.27,0.8250,0.1341,0.011837,4.479
323761,520,411,931,212,24,239,321.73,0.9826,0.5736,0.208842,46,13,41,333.90,0.6378,0.1234,0.010289,4.293
323763,520,399,919,254,27,71,20.15,0.9946,0.5790,0.223134,46,0,75,306.25,1.0000,0.1353,0.010889,4.486
323769,520,341,861,249,73,174,349.68,0.9401,0.6332,0.279640,87,7,51,353.90,0.8419,0.2033,0.024176,4.444
323771,520,452,972,182,52,220,317.14,0.8918,0.5274,0.175695,0,17,29,237.37,1.0000,0.0726,0.004896,4.111
323783,520,361,881,230,39,250,323.57,0.9820,0.6183,0.251784,49,24,87,297.21,0.7361,0.1808,0.019944,4.315
323794,520,212,732,235,164,179,5.32,0.6035,0.7568,0.474695,3,83,83,194.80,0.9713,0.3090,0.068301,4.435
323798,520,453,973,178,58,230,313.14,0.8946,0.5347,0.182053,4,4,53,269.98,0.9680,0.0692,0.003697,4.322
323801,520,429,949,242,13,51,23.41,0.9924,0.5462,0.194075,23,20,27,304.55,0.1750,0.0973,0.007616,4.236
323807,520,477,997,193,27,193,328.25,0.9315,0.5087,0.159732,8,0,1,11.38,1.0000,0.0234,0.000538,4.150
323815,520,442,962,236,24,34,27.00,0.9842,0.5353,0.186049,8,0,68,272.27,1.0000,0.0834,0.004689,4.316
323826,520,57,577,243,230,245,321.66,0.5352,0.9296,0.822412,18,121,84,162.46,0.9552,0.4346,0.144428,4.487
323835,520,370,890,247,22,203,339.02,0.9860,0.6110,0.246629,55,21,76,309.84,0.7125,0.1748,0.018704,4.317
323844,520,450,970,225,55,65,23.17,0.9055,0.5373,0.191244,31,6,9,14.82,0.6387,0.0736,0.004413,4.434
323869,520,461,981,180,79,178,328.30,0.6968,0.5274,0.185108,3,8,16,252.02,0.4646,0.0470,0.002304,4.495
323881,520,414,934,222,75,140,356.81,0.7762,0.5738,0.224576,18,28,47,262.48,0.4350,0.1244,0.011643,4.454
323887,520,423,943,216,38,204,331.41,0.9366,0.5626,0.203469,5,6,80,267.71,0.9837,0.1064,0.007416,4.415
323902,520,476,996,171,29,244,309.06,0.9699,0.5145,0.160692,7,0,5,336.40,1.0000,0.0242,0.000561,4.167
323910,520,437,957,245,7,4,29.23,0.9973,0.5481,0.195768,42,2,12,9.87,0.8666,0.0875,0.005623,4.418
323914,520,390,910,236,5,213,333.90,0.9968,0.5929,0.227483,15,36,51,241.72,0.5232,0.1474,0.016023,4.203
323926,520,455,975,229,19,103,6.99,0.9689,0.5312,0.181060,8,10,22,275.13,0.3932,0.0587,0.003266,4.338
323936,520,464,984,163,86,193,315.59,0.6834,0.5225,0.182931,8,1,38,283.61,0.9583,0.0510,0.002133,4.468
323964,520,430,950,239,37,55,24.03,0.9654,0.5504,0.199530,44,8,12,17.69,0.7217,0.1007,0.007358,4.350
323979,520,432,952,169,91,207,313.31,0.7162,0.5480,0.204229,27,22,10,87.70,0.3936,0.1013,0.008288,4.362
323983,520,407,927,213,35,221,326.18,0.9567,0.5671,0.205706,43,9,60,311.60,0.7881,0.1269,0.010353,4.237
323984,520,459,979,236,13,50,23.32,0.9913,0.5332,0.183542,7,13,6,140.29,0.3874,0.0585,0.003462,4.368
323988,520,305,825,244,85,237,329.67,0.9545,0.6698,0.318471,52,41,101,287.92,0.6266,0.2289,0.032555,4.463
323993,520,348,868,244,67,200,339.90,0.9292,0.6311,0.274204,18,52,1,137.43,0.9945,0.1859,0.025867,4.273
323994,520,371,891,220,97,175,344.01,0.7226,0.6147,0.268623,40,43,9,114.08,0.7416,0.1749,0.021986,4.426
323996,520,384,904,226,71,162,348.47,0.8161,0.5853,0.232864,35,27,58,293.66,0.4929,0.1454,0.014467,4.388
323999,520,327,847,255,88,144,3.58,1.0000,0.6491,0.302564,68,43,14,66.95,0.6810,0.2127,0.029885,4.413
324005,520,409,929,251,28,19,29.24,0.9870,0.5678,0.213905,39,11,67,301.84,0.8007,0.1297,0.010760,4.343
324017,520,458,978,215,62,78,19.47,0.8409,0.5273,0.184448,9,12,6,128.09,0.2891,0.0578,0.003342,4.395
324033,520,392,912,239,30,195,339.48,0.9694,0.5947,0.232223,64,10,22,12.94,0.7859,0.1460,0.013652,4.434
324041,520,477,997,164,42,242,306.82,0.9448,0.5105,0.159599,7,0,6,332.05,1.0000,0.0247,0.000583,4.144
324051,520,344,864,249,60,186,345.08,0.9534,0.6269,0.269198,4,53,29,156.16,0.9666,0.1887,0.026606,4.167
324053,520,439,959,225,65,51,29.18,0.9028,0.5456,0.200299,21,19,9,98.28,0.3405,0.0867,0.006449,4.434
324057,520,451,971,194,53,203,325.38,0.8654,0.5353,0.183289,16,11,30,293.90,0.4925,0.0721,0.004432,4.286
324058,520,392,912,249,20,164,350.54,0.9823,0.5945,0.233238,50,15,61,317.11,0.7141,0.1464,0.013568,4.456
324069,520,478,998,202,71,23,38.06,0.9313,0.5063,0.171270,5,1,3,344.91,0.5356,0.0240,0.000606,4.372
324072,520,410,930,244,13,128,0.86,0.9863,0.5683,0.210828,44,12,58,313.65,0.7394,0.1305,0.011040,4.273
324077,520,409,929,205,57,223,323.12,0.9066,0.5706,0.212348,31,8,79,288.24,0.9033,0.1285,0.010295,4.351
324080,520,374,894,255,38,129,3.45,1.0000,0.6003,0.242349,38,39,24,111.25,0.3106,0.1638,0.019291,4.219
324095,520,366,886,201,111,168,342.71,0.5717,0.6055,0.266150,21,44,50,216.56,0.4318,0.1743,0.021910,4.396
324098,520,330,850,232,120,19,53.70,0.9633,0.6378,0.306383,6,54,70,226.11,0.8560,0.2102,0.031191,4.389
324142,520,387,907,232,63,169,346.85,0.8644,0.5910,0.235781,34,20,83,286.21,0.7917,0.1526,0.014649,4.420
324145,520,365,885,226,25,250,322.76,0.9886,0.6056,0.237683,11,1,127,267.35,0.9991,0.1718,0.016250,4.342
324149,520,427,947,192,63,235,316.08,0.9035,0.5646,0.207609,19,7,70,280.23,0.9247,0.1048,0.007326,4.494
324152,520,426,946,217,29,209,330.34,0.9611,0.5629,0.202361,5,14,76,266.98,0.9542,0.1128,0.008681,4.301
324162,520,367,887,230,68,201,336.12,0.8871,0.6086,0.251767,68,15,39,356.67,0.7091,0.1660,0.017173,4.492
324163,520,443,963,214,2,188,335.31,0.9965,0.5361,0.179726,4,4,61,268.87,0.9787,0.0785,0.004495,4.216
324168,520,470,990,216,61,26,33.68,0.9497,0.5211,0.180135,9,3,12,316.61,0.5162,0.0387,0.001498,4.469
324176,520,269,789,182,166,165,21.90,0.1099,0.6960,0.399345,30,73,0,136.55,1.0000,0.2637,0.050409,4.475
324186,520,39,559,253,247,103,106.87,0.9843,0.9469,0.883843,5,129,52,148.40,0.9961,0.4519,0.159800,4.451
324199,520,461,981,207,30,184,334.75,0.9264,0.5295,0.176567,9,5,18,298.48,0.4989,0.0465,0.002103,4.348
324215,520,298,818,174,144,230,299.26,0.6670,0.6674,0.346585,30,64,4,135.42,0.9805,0.2336,0.039515,4.430
324222,520,410,930,242,49,89,15.92,0.9311,0.5707,0.217984,26,31,37,253.09,0.1519,0.1336,0.013331,4.231
324224,520,477,997,217,50,21,32.05,0.9669,0.5116,0.170897,3,1,0,66.15,1.0000,0.0193,0.000411,4.382
324229,520,455,975,228,5,127,358.00,0.9908,0.5336,0.181377,1,17,3,147.12,0.9724,0.0634,0.004139,4.274
324244,520,397,917,247,62,15,33.66,0.9875,0.5831,0.232574,45,23,49,321.28,0.4927,0.1439,0.013925,4.420
324245,520,389,909,243,58,112,9.27,0.9077,0.5858,0.232539,10,26,87,266.44,0.9072,0.1504,0.014913,4.353
324279,520,377,897,252,63,77,22.34,0.9797,0.6000,0.247899,46,29,45,328.62,0.3387,0.1558,0.016491,4.480
324287,520,373,893,239,16,220,332.85,0.9913,0.6049,0.238914,53,0,90,303.84,1.0000,0.1622,0.014951,4.448
324291,520,431,951,243,1,96,10.80,0.9991,0.5541,0.199243,20,5,70,281.75,0.9410,0.1029,0.006994,4.373
324292,520,401,921,216,80,173,342.27,0.7685,0.5840,0.233555,22,29,62,271.95,0.5701,0.1407,0.013971,4.433
324302,520,307,827,251,112,112,22.38,0.9384,0.6668,0.332706,24,64,17,140.84,0.9355,0.2316,0.039013,4.299
324313,520,378,898,198,75,253,313.15,0.9851,0.5997,0.241310,2,6,119,264.85,0.9949,0.1608,0.014749,4.499
324314,520,409,929,226,84,10,40.97,0.9820,0.5687,0.225340,56,13,17,18.76,0.7156,0.1321,0.011692,4.463
324346,520,377,897,239,21,205,336.69,0.9840,0.5971,0.232977,6,10,115,266.26,0.9892,0.1604,0.014935,4.358
324351,520,446,966,211,6,200,331.24,0.9912,0.5391,0.181514,3,23,10,154.17,0.8848,0.0841,0.006540,4.095
324374,520,462,982,190,77,151,343.30,0.6783,0.5262,0.184908,16,4,14,332.99,0.5297,0.0496,0.002287,4.493
324383,520,465,985,190,16,226,318.93,0.9816,0.5240,0.168101,16,0,34,302.27,1.0000,0.0531,0.002257,4.174
324426,520,407,927,225,39,197,335.66,0.9386,0.5749,0.214923,58,10,3,33.00,0.9155,0.1296,0.011234,4.326
324440,520,14,534,248,253,220,114.19,0.9510,0.9787,0.953744,84,128,9,129.88,0.9804,0.4748,0.173426,4.493
324441,520,436,956,245,21,50,24.14,0.9874,0.5548,0.201826,38,8,25,348.40,0.6379,0.0943,0.006560,4.452
324442,520,424,944,206,96,75,32.41,0.7042,0.5585,0.219975,1,30,31,198.06,0.9364,0.1117,0.010339,4.474
324443,520,452,972,177,37,251,309.13,0.9799,0.5343,0.176362,13,16,18,237.00,0.1014,0.0744,0.004998,4.116
324455,520,323,843,241,74,225,332.12,0.9353,0.6465,0.290372,76,12,94,317.18,0.8430,0.2143,0.026078,4.474
324491,520,373,893,216,83,192,335.44,0.7928,0.5974,0.245932,46,32,34,9.16,0.2089,0.1581,0.017294,4.398
324496,520,369,889,208,90,224,322.74,0.8391,0.6128,0.261056,37,42,26,122.40,0.3229,0.1720,0.021238,4.366
324505,520,443,963,220,56,126,359.70,0.8322,0.5444,0.195529,19,2,57,287.51,0.9525,0.0825,0.004773,4.483
324531,520,402,922,220,78,144,355.06,0.7600,0.5755,0.226804,53,17,12,30.13,0.6752,0.1315,0.011844,4.476
324535,520,334,854,243,82,185,345.15,0.8960,0.6374,0.285949,17,32,121,267.65,0.9358,0.2045,0.025325,4.460
324538,520,348,868,225,81,222,328.65,0.8868,0.6264,0.271685,23,37,97,268.80,0.7955,0.1918,0.023682,4.366
324539,520,411,931,194,49,251,313.64,0.9786,0.5680,0.206323,43,6,50,320.78,0.7883,0.1151,0.008742,4.364
324572,520,406,926,220,10,233,325.22,0.9939,0.5789,0.213181,32,3,86,287.37,0.9683,0.1321,0.010441,4.354
324576,520,412,932,198,55,245,315.88,0.9501,0.5741,0.213321,31,28,3,102.94,0.8124,0.1206,0.011284,4.297
324580,520,407,927,231,69,94,16.29,0.8509,0.5692,0.220562,0,26,76,260.32,1.0000,0.1343,0.012605,4.322
324610,520,0,520,255,255,255,0.00,0.0000,1.0000,1.000000,3,139,5,142.61,0.9989,0.4808,0.184947,4.469
324615,520,370,890,231,2,255,323.00,1.0000,0.6125,0.242547,32,23,96,280.08,0.8428,0.1695,0.017643,4.325
324633,520,345,865,224,69,243,323.12,0.9487,0.6256,0.265766,49,41,35,58.95,0.1545,0.1855,0.023602,4.290
324634,520,376,896,227,25,239,325.46,0.9859,0.5993,0.232605,33,38,23,123.30,0.3275,0.1554,0.017714,4.173
324639,520,186,706,239,172,206,347.41,0.6855,0.7873,0.523136,37,87,79,181.59,0.5909,0.3302,0.077739,4.487
324643,520,456,976,192,79,139,350.04,0.6608,0.5270,0.186641,25,3,15,347.89,0.6904,0.0601,0.003063,4.460
324652,520,239,759,214,162,177,359.71,0.3958,0.7265,0.433123,1,80,23,146.46,0.9984,0.2809,0.058054,4.471
324657,520,478,998,191,85,2,48.03,0.9894,0.5069,0.175795,4,0,13,300.75,1.0000,0.0244,0.000549,4.467
324668,520,392,912,206,73,227,321.91,0.8810,0.5909,0.234346,4,42,12,147.02,0.9734,0.1471,0.017082,4.239
324680,520,435,955,216,42,181,338.16,0.8997,0.5512,0.195933,2,15,52,262.90,0.9252,0.0870,0.006024,4.390
324688,520,450,970,226,51,62,23.42,0.9196,0.5351,0.188870,28,8,16,356.33,0.5084,0.0746,0.004580,4.377
324724,520,301,821,247,68,250,327.32,0.9835,0.6661,0.308132,80,37,61,347.13,0.4987,0.2331,0.033658,4.281
324727,520,318,838,254,97,142,5.86,0.9797,0.6582,0.315765,30,59,13,136.08,0.9129,0.2177,0.034329,4.337
324728,520,432,952,233,34,117,3.58,0.9354,0.5504,0.197550,14,6,67,276.64,0.9450,0.0957,0.006288,4.398
324737,520,421,941,240,46,8,31.93,0.9929,0.5550,0.205001,11,1,82,271.77,0.9963,0.1057,0.007020,4.472
324741,520,418,938,248,10,33,26.71,0.9958,0.5565,0.202870,6,30,43,235.59,0.6846,0.1206,0.011416,4.117
324744,520,325,845,226,98,218,330.04,0.8457,0.6470,0.299681,76,31,55,349.12,0.5463,0.2125,0.027925,4.487
324753,520,466,986,221,53,46,27.92,0.9244,0.5247,0.181183,12,1,27,301.66,0.8842,0.0455,0.001790,4.464
324757,520,386,906,221,58,212,330.48,0.9085,0.5907,0.231539,12,40,19,149.37,0.8230,0.1452,0.016427,4.238
324769,520,354,874,249,50,197,341.50,0.9615,0.6250,0.264553,61,31,29,24.56,0.4308,0.1769,0.020609,4.455
324787,520,331,851,238,77,211,335.35,0.9053,0.6367,0.281906,77,14,74,330.14,0.7805,0.2022,0.023865,4.493
324788,520,399,919,251,39,44,26.86,0.9836,0.5752,0.221458,22,33,43,246.46,0.2931,0.1388,0.014327,4.220
324795,520,401,921,232,53,171,345.67,0.8931,0.5833,0.226450,40,5,81,296.46,0.9248,0.1385,0.011538,4.492
324843,520,388,908,231,72,139,358.73,0.8179,0.5860,0.234904,62,0,64,326.87,1.0000,0.1535,0.013944,4.455
324844,520,429,949,194,69,202,325.32,0.8134,0.5510,0.199913,13,28,0,131.68,1.0000,0.1034,0.009161,4.224
324857,520,455,975,210,12,191,333.46,0.9792,0.5327,0.177283,0,2,49,264.21,0.9904,0.0575,0.002651,4.317
324861,520,456,976,222,52,55,25.43,0.9183,0.5269,0.182641,0,5,50,263.90,1.0029,0.0647,0.003388,4.358
324883,520,417,937,223,75,115,7.89,0.7827,0.5671,0.219605,7,25,61,262.04,0.8057,0.1209,0.010773,4.436
324916,520,423,943,215,21,208,330.11,0.9734,0.5555,0.195396,37,17,39,323.76,0.5009,0.1148,0.009407,4.131
324921,520,463,983,224,49,37,29.17,0.9426,0.5262,0.181803,18,6,1,55.86,0.7347,0.0521,0.002611,4.406
324929,520,445,965,199,59,184,332.65,0.8174,0.5373,0.187325,33,5,13,5.07,0.6813,0.0762,0.004610,4.346
324933,520,405,925,216,9,245,321.52,0.9955,0.5809,0.213888,31,30,13,105.54,0.4493,0.1279,0.012489,4.223
324937,520,23,543,246,248,227,111.32,0.6756,0.9674,0.922737,23,130,73,153.74,0.9639,0.4617,0.166277,4.498
324973,520,462,982,175,54,237,310.78,0.9159,0.5322,0.178676,5,3,35,277.13,0.9022,0.0500,0.002187,4.382
324974,520,153,673,249,180,224,340.82,0.8985,0.8220,0.581658,25,100,12,141.23,0.9872,0.3541,0.093472,4.403
324984,520,340,860,227,71,253,321.51,0.9904,0.6390,0.279313,25,51,55,208.33,0.4289,0.2006,0.028501,4.195
324994,520,471,991,223,35,50,24.32,0.9570,0.5152,0.171231,3,7,16,258.43,0.4732,0.0446,0.002087,4.247
325005,520,381,901,233,52,194,338.67,0.9197,0.5961,0.236773,42,0,100,290.70,1.0000,0.1584,0.014123,4.472
325008,520,446,966,211,1,199,331.51,0.9985,0.5374,0.179962,13,14,37,278.66,0.5527,0.0801,0.005332,4.156
325024,520,425,945,239,51,62,24.00,0.9405,0.5613,0.210694,4,20,59,263.01,0.8871,0.1057,0.008418,4.463
325032,520,369,889,225,83,197,336.36,0.8298,0.6146,0.262275,4,45,58,224.38,0.8645,0.1743,0.022080,4.332
325033,520,452,972,180,85,173,330.25,0.6558,0.5335,0.192186,30,2,29,329.52,0.8010,0.0730,0.004082,4.478
325044,520,474,994,203,31,174,336.76,0.9072,0.5166,0.167344,4,3,8,294.82,0.3663,0.0316,0.001085,4.255
325045,520,474,994,216,9,157,345.28,0.9788,0.5239,0.172310,10,0,17,313.84,1.0000,0.0341,0.001050,4.355
325051,520,379,899,210,84,216,325.88,0.8347,0.6030,0.250019,7,30,93,264.21,0.9160,0.1644,0.017639,4.436
325052,520,419,939,245,22,91,13.34,0.9793,0.5623,0.207451,38,18,30,343.99,0.4113,0.1136,0.009385,4.335
325057,520,467,987,204,71,67,25.59,0.7989,0.5153,0.177512,4,8,4,144.61,0.3701,0.0435,0.002082,4.368
325068,520,430,950,219,78,23,38.57,0.9492,0.5479,0.205732,25,22,5,99.97,0.6138,0.0979,0.007915,4.416
325071,520,398,918,253,0,127,2.45,1.0000,0.5837,0.224186,54,12,43,339.79,0.6928,0.1374,0.012217,4.407
325076,520,378,898,251,61,74,22.81,0.9747,0.5957,0.243447,1,39,64,243.11,0.9443,0.1588,0.018276,4.298
325077,520,359,879,244,3,234,330.63,0.9989,0.6204,0.252416,67,31,13,45.56,0.6785,0.1838,0.022025,4.199
325114,520,377,897,219,96,148,356.07,0.6909,0.6004,0.255661,36,34,55,287.79,0.3323,0.1613,0.017949,4.498
325128,520,400,920,235,75,38,34.12,0.9386,0.5752,0.228373,25,25,67,278.90,0.6530,0.1380,0.013071,4.414
325151,520,448,968,181,64,222,315.74,0.8629,0.5393,0.187656,20,14,16,356.34,0.1550,0.0758,0.005002,4.321
325152,520,431,951,236,41,92,13.36,0.9347,0.5536,0.201946,9,26,29,210.24,0.4636,0.1032,0.008855,4.281
325158,520,470,990,172,73,201,317.79,0.7708,0.5215,0.177537,4,4,27,276.29,0.7925,0.0450,0.001918,4.383
325162,520,379,899,227,20,240,325.27,0.9898,0.5984,0.231248,43,26,67,300.45,0.5892,0.1596,0.016576,4.224
325176,520,434,954,240,22,95,11.45,0.9749,0.5529,0.199286,19,9,65,281.32,0.8816,0.1020,0.007155,4.362
325182,520,409,929,246,42,41,27.62,0.9693,0.5665,0.214124,25,33,4,123.08,0.8310,0.1290,0.013031,4.190
325202,520,376,896,254,18,158,353.32,0.9921,0.6011,0.239756,72,11,2,32.90,0.9626,0.1606,0.016217,4.376
325216,520,397,917,227,78,115,9.14,0.7886,0.5781,0.230201,65,0,39,350.73,1.0000,0.1437,0.012705,4.469
325228,520,433,953,212,17,211,328.57,0.9797,0.5510,0.191031,25,8,57,292.43,0.8183,0.0984,0.006757,4.247
325231,520,470,990,213,68,22,36.27,0.9515,0.5233,0.183407,9,7,0,100.74,1.0000,0.0444,0.002100,4.480
325240,520,457,977,140,93,224,296.66,0.7755,0.5274,0.187861,2,9,39,264.76,0.8911,0.0635,0.003547,4.442
325262,520,314,834,247,67,242,329.25,0.9708,0.6602,0.302020,11,51,96,254.61,0.8210,0.2214,0.032831,4.250
325264,520,440,960,186,67,224,316.70,0.8642,0.5516,0.198364,35,12,19,2.28,0.4933,0.0933,0.006673,4.382
325268,520,328,848,243,90,193,342.88,0.8966,0.6506,0.302200,64,42,36,35.88,0.3012,0.2089,0.028734,4.473
325271,520,430,950,240,37,10,30.76,0.9917,0.5490,0.198737,26,14,43,300.36,0.5910,0.0973,0.007081,4.358
325272,520,440,960,222,41,164,345.12,0.8992,0.5526,0.197983,5,5,69,268.79,0.9793,0.0907,0.005704,4.452
325283,520,477,997,175,77,169,329.91,0.6767,0.5115,0.172874,6,1,0,47.34,1.0000,0.0238,0.000604,4.404
325336,520,355,875,242,42,211,335.92,0.9632,0.6152,0.252392,63,31,41,0.84,0.4279,0.1843,0.021970,4.202
325370,520,465,985,140,80,244,295.10,0.9115,0.5230,0.178445,5,8,26,271.46,0.6042,0.0543,0.002805,4.326
325372,520,460,980,182,1,251,311.28,0.9993,0.5291,0.169329,13,8,28,292.59,0.5565,0.0623,0.003431,4.105
325374,520,382,902,238,77,129,4.85,0.8441,0.6010,0.250728,24,31,78,272.66,0.6915,0.1606,0.017242,4.472
325383,520,446,966,196,63,192,329.15,0.8141,0.5413,0.190981,15,13,36,284.56,0.5446,0.0790,0.005168,4.368
325390,520,331,851,243,77,193,342.20,0.9098,0.6357,0.282156,17,34,112,267.31,0.9114,0.1980,0.024329,4.469
325393,520,475,995,228,6,96,8.78,0.9909,0.5237,0.174717,6,2,12,305.61,0.6139,0.0327,0.001087,4.399
325401,520,354,874,161,119,248,296.01,0.8749,0.6152,0.275481,21,48,41,174.75,0.5082,0.1828,0.024333,4.379
325418,520,370,890,245,24,204,338.33,0.9835,0.6085,0.244284,21,41,59,247.19,0.4741,0.1704,0.020610,4.168
325425,520,380,900,242,35,181,344.27,0.9582,0.5952,0.234186,55,3,77,312.26,0.9274,0.1552,0.014133,4.431
325428,520,466,986,177,28,235,312.86,0.9657,0.5152,0.161768,21,1,19,331.72,0.8066,0.0516,0.002282,4.051
325432,520,378,898,243,18,193,340.82,0.9861,0.5968,0.233406,47,31,51,319.45,0.3598,0.1649,0.018234,4.153
325467,520,314,834,251,73,224,334.85,0.9790,0.6615,0.306591,0,50,101,254.16,0.9999,0.2198,0.032206,4.338
325469,520,326,846,228,95,224,328.82,0.8719,0.6494,0.300623,36,56,13,130.90,0.8449,0.2122,0.032324,4.259
325471,520,445,965,170,79,223,310.60,0.8172,0.5426,0.194665,25,11,22,335.09,0.4054,0.0782,0.005040,4.445
325491,520,420,940,243,18,106,8.10,0.9809,0.5607,0.205313,0,26,49,247.42,1.0000,0.1101,0.009605,4.283
325498,520,451,971,239,23,23,28.46,0.9872,0.5405,0.190287,1,9,51,264.35,0.9492,0.0739,0.004408,4.416
325507,520,444,964,198,59,191,330.11,0.8283,0.5398,0.188969,20,16,21,319.46,0.1585,0.0822,0.005735,4.288
325528,520,471,991,177,44,223,315.14,0.9160,0.5152,0.164773,12,3,3,21.03,0.4760,0.0383,0.001499,4.170
325537,520,400,920,193,87,219,319.28,0.8033,0.5835,0.232696,43,24,46,321.94,0.4378,0.1413,0.013642,4.442
325580,520,428,948,209,54,193,332.71,0.8669,0.5551,0.200459,17,23,21,173.03,0.1487,0.0969,0.007861,4.329
325588,520,391,911,235,66,151,354.25,0.8532,0.5916,0.237958,46,30,5,75.44,0.7600,0.1461,0.015204,4.416
325607,520,339,859,228,79,243,323.96,0.9472,0.6420,0.285591,58,38,53,335.93,0.3061,0.1972,0.025429,4.449
325610,520,476,996,182,40,211,319.85,0.9094,0.5108,0.161671,1,1,6,278.68,0.6638,0.0197,0.000413,4.199
325612,520,459,979,220,50,105,7.37,0.8617,0.5321,0.185194,7,3,42,278.11,0.9253,0.0582,0.002775,4.457
325613,520,444,964,191,67,192,327.50,0.7933,0.5376,0.188979,27,11,17,356.61,0.3964,0.0789,0.005129,4.335
325616,520,439,959,206,29,217,325.39,0.9599,0.5492,0.190121,39,4,29,341.27,0.7572,0.0917,0.006069,4.283
325618,520,425,945,242,50,27,30.73,0.9727,0.5630,0.212409,6,32,11,147.63,0.9119,0.1143,0.010959,4.305
325624,520,437,957,215,38,186,336.32,0.9155,0.5497,0.193807,27,9,41,307.23,0.6794,0.0887,0.005885,4.363
325632,520,364,884,211,66,255,316.90,1.0000,0.6112,0.249669,67,8,68,327.39,0.8135,0.1738,0.017845,4.417
325639,520,474,994,210,9,164,341.54,0.9769,0.5159,0.165796,6,3,0,82.32,1.0000,0.0305,0.001038,4.228
325657,520,436,956,243,26,1,30.33,0.9992,0.5494,0.197991,35,7,36,326.37,0.6950,0.0937,0.006367,4.400
325681,520,320,840,222,95,237,323.33,0.9059,0.6481,0.298303,14,59,8,141.44,0.9750,0.2091,0.032387,4.228
325685,520,405,925,230,85,11,40.73,0.9824,0.5774,0.233470,34,31,16,98.28,0.3813,0.1348,0.013575,4.459
325712,520,429,949,246,17,11,29.19,0.9930,0.5529,0.200215,40,14,2,47.49,0.8124,0.1009,0.007696,4.337
325716,520,351,871,245,24,232,331.30,0.9897,0.6255,0.258949,20,45,79,256.71,0.6364,0.1949,0.025899,4.071
325717,520,37,557,252,240,207,90.39,0.7859,0.9489,0.875212,52,125,67,148.02,0.8487,0.4535,0.158020,4.448
325726,520,388,908,244,42,143,357.08,0.9356,0.5860,0.228754,9,2,112,267.55,0.9975,0.1492,0.012712,4.445
325728,520,419,939,204,8,238,320.02,0.9943,0.5551,0.191858,0,32,15,156.55,1.0000,0.1120,0.010675,3.986
325732,520,375,895,248,26,177,346.56,0.9764,0.6006,0.238729,21,31,75,270.09,0.6924,0.1558,0.016473,4.344
325733,520,395,915,239,36,172,346.35,0.9483,0.5856,0.225940,65,0,32,357.91,1.0000,0.1405,0.012283,4.430
325762,520,468,988,175,7,248,309.83,0.9949,0.5168,0.160442,1,7,15,243.89,0.6980,0.0422,0.001929,4.052
325764,520,480,1000,207,62,78,18.80,0.8153,0.5119,0.172629,0,0,0,0.00,0.0000,0.0000,0.000000,4.453
325766,520,476,996,216,28,97,7.55,0.9307,0.5064,0.162951,4,0,7,315.09,1.0000,0.0210,0.000412,4.224
325793,520,455,975,229,12,88,11.83,0.9842,0.5251,0.176285,7,13,18,242.71,0.2763,0.0626,0.003767,4.209
325809,520,444,964,237,22,43,25.29,0.9849,0.5374,0.187560,14,5,55,281.02,0.9099,0.0807,0.004777,4.337
325832,520,448,968,216,47,145,350.64,0.8541,0.5367,0.186787,3,8,59,267.13,0.9583,0.0823,0.005088,4.298
325843,520,284,804,244,121,170,356.62,0.8149,0.6871,0.358127,36,67,8,133.96,0.9560,0.2477,0.044068,4.339
325862,520,475,995,114,89,250,283.82,0.9566,0.5157,0.176239,3,2,15,283.83,0.7084,0.0308,0.000973,4.438
325863,520,390,910,237,35,189,340.79,0.9562,0.5900,0.228836,51,28,12,54.01,0.5794,0.1501,0.015609,4.250
325867,520,453,973,219,8,155,346.63,0.9823,0.5285,0.176028,27,9,0,56.81,1.0000,0.0704,0.004284,4.164
325878,520,468,988,218,51,28,31.19,0.9533,0.5151,0.173595,10,0,21,307.18,1.0000,0.0366,0.001187,4.368
325890,520,364,884,246,84,94,20.81,0.9198,0.6148,0.267449,0,50,11,146.50,1.0000,0.1733,0.023053,4.345
325931,520,419,939,241,2,128,0.08,0.9976,0.5600,0.203060,16,28,26,183.11,0.2807,0.1121,0.010152,4.207
325936,520,475,995,231,5,6,29.01,0.9975,0.5173,0.171137,1,4,14,259.58,0.7007,0.0338,0.001250,4.315
325940,520,400,920,224,45,198,335.17,0.9245,0.5774,0.218037,19,38,27,157.52,0.4651,0.1449,0.016038,4.059
325943,520,429,949,151,93,241,297.88,0.8647,0.5534,0.207591,31,9,53,302.56,0.7652,0.1036,0.007437,4.485
325959,520,458,978,196,81,119,2.20,0.6550,0.5290,0.189543,18,5,32,303.43,0.7116,0.0642,0.003414,4.485
325975,520,419,939,242,13,123,2.15,0.9854,0.5625,0.205985,14,26,41,254.59,0.4366,0.1125,0.009922,4.272
325980,520,362,882,219,108,123,13.17,0.6528,0.6113,0.272174,49,37,45,338.81,0.1953,0.1790,0.021656,4.496
325991,520,375,895,217,65,220,327.15,0.9004,0.5954,0.237016,30,22,95,279.09,0.8564,0.1649,0.016760,4.299
326000,520,258,778,234,118,252,322.10,0.9807,0.7066,0.374795,2,78,25,147.17,0.9963,0.2744,0.055316,4.034
326007,520,452,972,222,32,113,2.90,0.9212,0.5259,0.177576,28,4,28,327.83,0.7191,0.0730,0.004176,4.201
326028,520,480,1000,210,62,34,32.78,0.9209,0.5111,0.172647,0,0,0,0.00,0.0000,0.0000,0.000000,4.453
326035,520,468,988,192,74,146,345.97,0.6922,0.5230,0.181810,0,9,6,174.96,1.0000,0.0427,0.002085,4.451
326066,520,447,967,178,80,201,319.60,0.7506,0.5400,0.194204,8,21,10,148.15,0.5626,0.0815,0.006099,4.353
326069,520,466,986,162,45,250,304.40,0.9733,0.5173,0.164609,0,8,19,244.47,1.0000,0.0456,0.002207,4.111
326070,520,341,861,242,38,241,328.47,0.9815,0.6318,0.266171,9,48,85,251.38,0.8052,0.2035,0.028277,4.039
326077,520,459,979,229,0,126,358.43,1.0000,0.5342,0.181673,11,1,43,285.34,0.9633,0.0584,0.002673,4.398
326079,520,423,943,205,26,239,319.88,0.9785,0.5627,0.199516,14,21,60,271.06,0.7363,0.1146,0.009559,4.189
326099,520,404,924,206,69,211,326.41,0.8542,0.5760,0.220829,40,26,24,28.06,0.2500,0.1317,0.012559,4.329
326102,520,395,915,249,31,132,1.08,0.9643,0.5860,0.227891,16,33,57,257.21,0.5557,0.1434,0.014932,4.280
326112,520,466,986,187,49,197,325.04,0.8584,0.5160,0.167941,18,7,3,48.65,0.5048,0.0550,0.002871,4.122
326138,520,462,982,209,13,184,335.21,0.9741,0.5267,0.173060,0,13,7,166.93,1.0000,0.0529,0.003032,4.206
326145,520,358,878,233,49,231,328.65,0.9597,0.6162,0.252923,39,20,100,285.15,0.8550,0.1762,0.018517,4.421
326155,520,87,607,239,227,172,97.24,0.6434,0.8978,0.762681,7,117,61,152.90,0.9903,0.4142,0.131041,4.489
326158,520,298,818,252,82,218,336.92,0.9812,0.6689,0.317950,83,32,58,350.87,0.5758,0.2280,0.031778,4.499
326159,520,365,885,185,96,248,308.45,0.9261,0.6053,0.254581,69,9,61,334.35,0.7924,0.1736,0.017977,4.481
326164,520,367,887,236,54,212,334.31,0.9391,0.6131,0.252273,56,24,68,315.86,0.6315,0.1749,0.019115,4.374
326168,520,460,980,179,63,218,316.16,0.8543,0.5321,0.182017,10,12,6,121.76,0.2780,0.0586,0.003406,4.344
326170,520,418,938,207,31,222,324.38,0.9608,0.5555,0.195211,9,23,69,266.29,0.8567,0.1247,0.011005,4.020
326174,520,421,941,252,15,1,29.67,0.9994,0.5648,0.210431,28,22,29,321.47,0.1856,0.1086,0.009094,4.407
326181,520,476,996,215,50,47,27.03,0.9207,0.5099,0.169360,2,1,10,286.50,0.7500,0.0235,0.000565,4.338
326183,520,411,931,249,25,88,14.87,0.9789,0.5710,0.215432,0,25,59,255.69,0.9999,0.1156,0.010110,4.416
326184,520,414,934,243,16,130,0.10,0.9819,0.5678,0.210403,33,24,17,59.39,0.2625,0.1154,0.010171,4.328
326189,520,392,912,240,74,55,30.12,0.9269,0.5852,0.237018,58,21,14,32.41,0.6557,0.1482,0.014677,4.438
326200,520,412,932,237,60,73,22.23,0.9119,0.5671,0.217204,35,19,38,321.10,0.4335,0.1153,0.009630,4.481
326207,520,477,997,107,90,252,281.17,0.9753,0.5130,0.174659,4,1,6,314.84,0.6159,0.0242,0.000607,4.439
326217,520,478,998,200,64,114,1.86,0.7478,0.5113,0.171630,5,1,2,359.77,0.5178,0.0235,0.000584,4.381
326223,520,467,987,156,67,232,304.59,0.8748,0.5151,0.169089,5,2,28,282.16,0.8756,0.0418,0.001595,4.246
326224,520,433,953,226,61,71,22.46,0.8862,0.5462,0.199639,4,27,12,153.06,0.8863,0.0974,0.008362,4.277
326228,520,463,983,231,24,40,25.81,0.9813,0.5252,0.177985,1,6,36,264.65,0.9287,0.0539,0.002641,4.331
326233,520,452,972,210,70,101,11.05,0.7634,0.5330,0.190238,19,5,34,303.15,0.7301,0.0667,0.003625,4.480
326252,520,381,901,251,47,147,357.38,0.9639,0.6042,0.246523,12,41,50,221.57,0.6232,0.1604,0.018942,4.301
326255,520,387,907,243,43,158,351.93,0.9347,0.5908,0.232542,67,4,22,11.20,0.8893,0.1460,0.013383,4.458
326261,520,302,822,254,65,236,332.39,0.9957,0.6665,0.309106,10,64,39,157.93,0.9312,0.2308,0.038776,4.045
326264,520,382,902,228,9,243,324.88,0.9962,0.5998,0.231627,45,1,97,294.12,0.9892,0.1596,0.014427,4.371
326266,520,389,909,251,32,124,4.09,0.9688,0.5878,0.230011,10,35,61,251.97,0.6903,0.1488,0.016034,4.240
326286,520,373,893,253,26,153,354.87,0.9838,0.5997,0.239249,65,18,19,22.50,0.7093,0.1577,0.016036,4.380
326301,520,430,950,239,18,96,10.80,0.9799,0.5497,0.196311,5,22,41,252.17,0.6802,0.0966,0.007661,4.272
326313,520,320,840,238,65,254,324.24,0.9961,0.6517,0.291159,4,59,26,151.19,0.9809,0.2087,0.032282,4.146
326337,520,437,957,221,40,160,346.19,0.8975,0.5481,0.194303,13,23,2,129.22,0.8877,0.0888,0.007027,4.284
326367,520,365,885,171,108,252,301.10,0.9487,0.6098,0.264117,11,46,41,182.09,0.7196,0.1716,0.021851,4.372
326382,520,406,926,232,56,151,352.75,0.8720,0.5767,0.222213,26,7,88,280.86,0.9508,0.1329,0.010761,4.480
326387,520,378,898,239,86,68,29.79,0.9043,0.6001,0.254267,1,35,79,256.62,0.9704,0.1600,0.017729,4.492
326394,520,421,941,163,96,221,306.42,0.7556,0.5579,0.213732,9,31,16,151.95,0.7301,0.1138,0.010754,4.341
326399,520,302,822,238,116,158,0.07,0.7640,0.6655,0.331391,4,66,34,154.04,0.9814,0.2348,0.040376,4.220
326401,520,402,922,245,14,162,350.23,0.9868,0.5842,0.223385,3,17,86,265.21,0.9624,0.1289,0.010921,4.488
326405,520,426,946,231,39,152,351.18,0.9183,0.5628,0.207098,8,26,47,253.76,0.6379,0.1130,0.009956,4.288
326413,520,194,714,249,163,198,353.81,0.8345,0.7791,0.504135,20,85,93,207.17,0.7924,0.3237,0.074357,4.456
326421,520,406,926,193,75,236,315.53,0.8922,0.5799,0.224270,9,26,63,263.18,0.7802,0.1261,0.011557,4.456
326450,520,353,873,250,79,106,15.69,0.9471,0.6188,0.269599,30,49,4,130.13,0.9442,0.1838,0.024814,4.272
326454,520,433,953,243,3,49,23.53,0.9983,0.5459,0.193450,0,22,49,253.04,0.9999,0.0995,0.007955,4.201
326465,520,474,994,208,53,123,358.01,0.8096,0.5177,0.173884,1,1,23,270.14,0.9662,0.0307,0.000900,4.398
326468,520,431,951,184,101,125,2.36,0.4959,0.5454,0.209797,5,25,39,241.49,0.6723,0.1034,0.008740,4.423
326483,520,430,950,164,93,212,309.57,0.7260,0.5480,0.204753,14,0,81,274.21,1.0000,0.1049,0.006874,4.479
326487,520,171,691,208,185,245,302.08,0.7376,0.7968,0.547006,32,95,44,147.12,0.9133,0.3437,0.086730,4.366
326502,520,430,950,214,57,158,345.94,0.8230,0.5477,0.196933,0,19,54,258.49,1.0000,0.0964,0.007320,4.308
326504,520,382,902,226,32,238,325.40,0.9789,0.5997,0.233771,11,32,80,263.49,0.8381,0.1573,0.016833,4.246
326506,520,350,870,243,59,206,337.73,0.9358,0.6257,0.266417,9,37,104,263.47,0.9201,0.1926,0.023805,4.287
326512,520,480,1000,196,38,177,333.90,0.8748,0.5100,0.162981,0,0,0,0.00,0.0000,0.0000,0.000000,4.260
326521,520,363,883,247,35,194,341.62,0.9689,0.6112,0.248744,2,44,63,233.81,0.9191,0.1736,0.021730,4.165
326524,520,343,863,254,88,68,30.06,0.9926,0.6300,0.284711,16,51,44,177.88,0.6612,0.1911,0.026596,4.370
326529,520,401,921,241,65,39,31.48,0.9496,0.5756,0.226311,2,8,103,265.08,0.9904,0.1393,0.011657,4.481
326530,520,271,791,251,124,150,8.79,0.8960,0.6960,0.371294,45,67,45,144.53,0.4163,0.2608,0.047616,4.316
326542,520,425,945,226,38,160,347.31,0.9143,0.5563,0.200957,21,3,76,281.07,0.9710,0.1083,0.007463,4.367
326552,520,413,933,243,62,7,34.36,0.9936,0.5749,0.225186,14,32,10,140.03,0.7713,0.1185,0.011483,4.476
326576,520,446,966,191,74,174,333.78,0.7311,0.5356,0.190314,26,11,15,3.06,0.3730,0.0768,0.004935,4.375
326577,520,407,927,248,29,103,10.32,0.9698,0.5742,0.218180,44,8,68,307.15,0.8333,0.1344,0.011265,4.377
326581,520,478,998,225,7,17,28.18,0.9958,0.5051,0.162029,2,1,4,302.09,0.5000,0.0201,0.000434,4.204
326586,520,470,990,165,78,202,314.42,0.7484,0.5191,0.177132,0,7,17,243.96,1.0000,0.0422,0.001924,4.374
326592,520,468,988,185,34,226,317.17,0.9477,0.5236,0.169506,9,4,17,302.81,0.5424,0.0436,0.001854,4.233
326595,520,333,853,246,105,87,29.62,0.9173,0.6427,0.303872,16,55,37,160.24,0.7809,0.2019,0.029760,4.437
326600,520,479,999,216,42,66,20.17,0.9185,0.5081,0.166508,0,0,8,264.05,1.0000,0.0143,0.000175,4.315
326610,520,471,991,228,3,66,18.28,0.9969,0.5162,0.169554,5,4,20,283.29,0.6298,0.0413,0.001696,4.247
326613,520,413,933,253,2,72,18.81,0.9989,0.5704,0.213977,3,26,62,258.46,0.8901,0.1223,0.011059,4.323
326614,520,414,934,193,76,227,317.72,0.8570,0.5746,0.220537,50,14,9,30.40,0.7204,0.1204,0.010120,4.500
326616,520,430,950,184,78,209,319.50,0.7884,0.5515,0.202437,27,11,53,296.21,0.7395,0.1014,0.007294,4.406
326622,520,359,879,255,72,80,23.19,1.0000,0.6152,0.264776,68,30,1,53.19,0.9463,0.1820,0.021599,4.396
326623,520,392,912,223,12,243,323.67,0.9945,0.5918,0.224242,65,7,35,356.82,0.7954,0.1494,0.013973,4.287
326636,520,380,900,247,78,10,37.25,0.9911,0.6001,0.252482,38,34,48,297.66,0.2355,0.1595,0.017695,4.468
326648,520,375,895,234,15,220,331.69,0.9909,0.5957,0.230040,30,16,96,280.28,0.9038,0.1571,0.014911,4.314
326667,520,455,975,134,91,235,292.70,0.8377,0.5261,0.185486,0,6,43,263.17,1.0005,0.0594,0.003046,4.439
326682,520,360,880,245,16,229,332.02,0.9937,0.6214,0.254431,24,41,75,262.84,0.5723,0.1833,0.022880,4.177
326710,520,312,832,233,116,152,2.16,0.7217,0.6557,0.320838,2,62,11,144.72,0.9955,0.2164,0.034822,4.372
326732,520,469,989,206,10,188,333.27,0.9802,0.5229,0.169717,2,2,30,271.46,0.9476,0.0404,0.001501,4.266
326735,520,398,918,219,80,142,356.00,0.7481,0.5756,0.227527,67,4,11,21.75,0.9359,0.1435,0.013045,4.402
326753,520,453,973,213,65,107,7.76,0.7874,0.5343,0.189906,16,4,42,291.61,0.8367,0.0681,0.003642,4.472
326764,520,303,823,243,107,192,344.54,0.8715,0.6729,0.333785,57,54,19,104.39,0.6332,0.2278,0.035552,4.486
326765,520,428,948,167,78,255,302.68,1.0000,0.5626,0.208848,34,17,17,19.88,0.3557,0.1007,0.007815,4.477
326767,520,390,910,250,13,159,352.14,0.9895,0.5924,0.231185,6,29,77,262.27,0.8938,0.1451,0.014532,4.357
326768,520,363,883,227,103,112,17.82,0.7317,0.6130,0.272037,9,48,4,141.17,0.9819,0.1687,0.021807,4.485
326782,520,421,941,241,21,110,6.59,0.9746,0.5587,0.203662,24,26,0,113.61,1.0000,0.1068,0.009330,4.275
326794,520,434,954,239,46,28,30.09,0.9702,0.5539,0.203918,13,25,32,234.94,0.3486,0.1042,0.008851,4.315
326802,520,455,975,234,31,32,27.84,0.9767,0.5342,0.185798,3,3,48,269.54,0.9726,0.0610,0.002979,4.451
326805,520,331,851,210,91,252,316.08,0.9768,0.6354,0.282135,73,31,30,23.09,0.5476,0.1980,0.024904,4.434
326822,520,450,970,214,32,172,340.30,0.9189,0.5365,0.183100,15,14,17,300.87,0.0937,0.0710,0.004561,4.272
326824,520,371,891,225,38,249,322.58,0.9779,0.6088,0.242355,37,39,54,278.51,0.2370,0.1748,0.021107,4.111
326840,520,297,817,235,129,145,11.26,0.7056,0.6789,0.354094,7,60,89,239.49,0.8554,0.2411,0.039979,4.491
326850,520,317,837,255,108,40,41.91,1.0000,0.6570,0.321417,27,62,3,136.11,0.9858,0.2250,0.036847,4.277
326851,520,441,961,117,111,221,282.80,0.7240,0.5365,0.203709,19,22,13,123.04,0.2753,0.0935,0.007413,4.419
326875,520,345,865,255,36,202,341.17,1.0000,0.6306,0.267894,61,35,52,340.91,0.3753,0.1944,0.024422,4.272
326883,520,384,904,232,44,196,337.72,0.9369,0.5899,0.229453,23,38,21,141.58,0.4856,0.1460,0.016225,4.220
326903,520,255,775,249,115,241,329.81,0.9726,0.7174,0.387546,1,77,24,147.11,0.9981,0.2706,0.053799,4.215
326912,520,414,934,238,16,150,352.58,0.9792,0.5656,0.207528,42,2,64,309.20,0.9338,0.1203,0.009059,4.361
326953,520,464,984,178,74,189,323.76,0.7423,0.5240,0.180378,23,2,2,25.17,0.8318,0.0504,0.002300,4.405
326970,520,431,951,241,27,30,27.89,0.9837,0.5469,0.195818,17,17,55,277.94,0.7060,0.1038,0.007959,4.241
326978,520,411,931,215,49,212,328.92,0.9198,0.5733,0.213992,51,10,4,32.71,0.8616,0.1155,0.009298,4.452
326982,520,435,955,227,38,153,349.90,0.9131,0.5550,0.200197,7,22,35,246.30,0.5493,0.0940,0.007403,4.359
326983,520,443,963,196,56,196,327.99,0.8446,0.5367,0.185512,2,2,64,266.54,0.9927,0.0773,0.004264,4.340
326989,520,382,902,251,63,80,21.42,0.9723,0.5986,0.246470,39,40,8,111.00,0.7377,0.1648,0.019665,4.256
326993,520,354,874,238,93,134,5.86,0.8118,0.6229,0.277299,37,47,1,121.64,0.9757,0.1831,0.024285,4.406
326994,520,392,912,225,98,80,30.21,0.7891,0.5948,0.253246,13,43,9,141.37,0.9372,0.1538,0.018330,4.438
326999,520,401,921,225,5,229,327.40,0.9970,0.5838,0.217756,57,15,26,7.58,0.6539,0.1396,0.012862,4.259
327017,520,473,993,186,18,229,317.06,0.9795,0.5205,0.165302,12,1,7,343.01,0.7148,0.0344,0.001152,4.209
327035,520,358,878,207,86,238,318.84,0.9000,0.6152,0.260955,37,45,37,145.08,0.1793,0.1842,0.024036,4.200
327055,520,350,870,245,92,110,16.70,0.8878,0.6270,0.281957,56,41,33,49.37,0.2525,0.1941,0.025365,4.405
327066,520,480,1000,217,24,100,6.32,0.9430,0.5075,0.163277,0,0,0,0.00,0.0000,0.0000,0.000000,4.266
327068,520,431,951,192,61,222,319.38,0.8808,0.5530,0.198192,29,20,21,11.02,0.1824,0.1019,0.008157,4.268
327074,520,451,971,228,38,123,0.77,0.9125,0.5448,0.193131,19,12,13,8.94,0.1850,0.0694,0.004305,4.477
327084,520,417,937,202,35,249,316.69,0.9736,0.5700,0.205997,31,28,3,102.94,0.8124,0.1206,0.011284,4.177
327109,520,436,956,239,16,116,4.06,0.9801,0.5549,0.199855,19,22,3,116.75,0.7432,0.0913,0.007188,4.369
327113,520,236,756,238,141,236,327.76,0.8920,0.7406,0.432849,37,77,49,151.87,0.6435,0.2883,0.059226,4.421
327120,520,398,918,230,2,206,334.30,0.9983,0.5770,0.213253,44,13,65,308.05,0.7617,0.1377,0.012050,4.243
327127,520,246,766,224,144,234,322.90,0.8137,0.7270,0.417357,14,74,78,201.74,0.8259,0.2800,0.055407,4.434
327131,520,397,917,234,7,195,338.18,0.9936,0.5787,0.215873,8,22,88,266.70,0.9349,0.1427,0.013299,4.200
327141,520,307,827,241,87,236,329.13,0.9420,0.6667,0.315758,56,45,86,294.51,0.4692,0.2305,0.033894,4.360
327147,520,427,947,241,36,104,9.51,0.9484,0.5638,0.209653,5,27,11,150.59,0.8674,0.0978,0.008403,4.446
327162,520,383,903,240,47,188,342.01,0.9371,0.6020,0.241921,8,26,91,265.71,0.9247,0.1540,0.015456,4.460
327173,520,469,989,221,23,115,1.45,0.9464,0.5202,0.172254,11,2,19,309.43,0.7291,0.0416,0.001616,4.306
327175,520,372,892,237,9,242,327.21,0.9968,0.6146,0.246133,49,34,47,331.03,0.2730,0.1726,0.020023,4.229
327177,520,349,869,240,72,205,337.55,0.9109,0.6317,0.275705,60,41,2,80.49,0.9312,0.1943,0.025510,4.313
327180,520,468,988,147,90,210,303.18,0.7219,0.5200,0.181688,5,1,32,280.80,0.9528,0.0427,0.001583,4.492
327200,520,13,533,244,253,224,121.16,0.9018,0.9764,0.948654,20,134,64,150.20,0.9791,0.4722,0.175683,4.425
327208,520,405,925,225,82,110,11.99,0.7707,0.5782,0.231705,22,30,50,266.76,0.4045,0.1347,0.013294,4.451
327209,520,392,912,243,40,150,354.43,0.9391,0.5856,0.227775,8,42,2,140.25,0.9877,0.1473,0.017119,4.139
327210,520,454,974,191,86,114,5.50,0.6100,0.5266,0.189485,19,6,36,300.21,0.7174,0.0701,0.003961,4.438
327230,520,455,975,195,49,200,326.61,0.8733,0.5314,0.179704,15,3,33,298.52,0.8048,0.0576,0.002765,4.353
327238,520,362,882,247,55,163,351.76,0.9330,0.6089,0.251541,59,33,25,37.87,0.4227,0.1770,0.020878,4.254
327266,520,356,876,251,73,130,5.93,0.9518,0.6206,0.268894,59,37,16,62.71,0.5739,0.1845,0.022905,4.374
327282,520,467,987,211,59,77,18.86,0.8398,0.5160,0.175150,10,2,12,321.62,0.6264,0.0371,0.001345,4.385
327295,520,368,888,244,9,214,335.46,0.9954,0.6088,0.242865,4,49,5,143.12,0.9872,0.1704,0.022333,4.049
327304,520,389,909,251,56,6,33.10,0.9957,0.5854,0.233544,62,11,41,348.86,0.7342,0.1504,0.014237,4.414
327317,520,208,728,220,161,245,315.50,0.8516,0.7599,0.472989,53,78,82,208.42,0.2678,0.3139,0.068147,4.427
327332,520,408,928,167,92,246,302.96,0.9058,0.5750,0.225241,4,36,12,148.59,0.9574,0.1267,0.013141,4.359
327336,520,446,966,227,55,38,30.01,0.9400,0.5378,0.192061,17,10,36,292.48,0.6107,0.0752,0.004636,4.430
327344,520,304,824,253,56,252,328.37,0.9936,0.6680,0.307422,91,23,54,356.50,0.7119,0.2283,0.031036,4.411
327355,520,449,969,167,62,247,305.57,0.9489,0.5371,0.183768,13,10,30,287.78,0.5297,0.0674,0.003964,4.332
327357,520,433,953,218,15,200,333.00,0.9809,0.5539,0.194195,33,14,28,337.62,0.4531,0.0976,0.007213,4.268
327363,520,459,979,209,71,78,21.35,0.7908,0.5268,0.186141,0,13,26,243.08,1.0000,0.0610,0.003624,4.404
327367,520,441,961,206,87,14,44.75,0.9538,0.5371,0.199720,20,20,11,107.94,0.2853,0.0887,0.006732,4.402
327380,520,463,983,211,62,106,7.29,0.7926,0.5269,0.183370,2,9,12,218.82,0.5301,0.0468,0.002348,4.458
327396,520,236,756,221,150,242,318.29,0.8513,0.7385,0.435968,36,80,28,140.69,0.8977,0.2931,0.061960,4.341
327397,520,375,895,246,66,125,6.03,0.9148,0.6027,0.249732,58,27,20,33.81,0.5218,0.1611,0.017340,4.451
327406,520,467,987,167,51,244,306.89,0.9430,0.5239,0.171155,3,2,27,276.13,0.9066,0.0390,0.001419,4.301
327407,520,479,999,180,30,217,317.97,0.9447,0.5060,0.156428,1,0,4,296.85,1.0000,0.0133,0.000152,4.116
327411,520,74,594,223,230,234,232.37,0.1547,0.9077,0.782219,16,120,28,143.96,0.9897,0.4205,0.136264,4.468
327424,520,436,956,221,52,150,350.31,0.8527,0.5524,0.200326,12,12,58,274.86,0.8573,0.0937,0.006466,4.433
327435,520,469,989,211,48,129,355.72,0.8347,0.5213,0.175500,1,9,9,195.09,0.7205,0.0447,0.002215,4.319
327449,520,471,991,228,23,29,27.56,0.9834,0.5173,0.171985,5,1,34,279.57,0.9607,0.0445,0.001695,4.294
327454,520,346,866,255,93,30,38.63,1.0000,0.6349,0.291860,9,47,75,245.44,0.7739,0.1932,0.025990,4.499
327457,520,445,965,229,50,4,33.13,0.9952,0.5355,0.189509,31,11,12,17.98,0.4738,0.0832,0.005572,4.310
327458,520,339,859,230,66,253,322.42,0.9911,0.6392,0.278134,29,44,78,264.78,0.5250,0.1969,0.026125,4.310
327462,520,333,853,245,59,220,334.37,0.9521,0.6371,0.277106,7,55,32,157.13,0.9389,0.1973,0.028817,4.150
327473,520,296,816,255,79,242,331.13,1.0000,0.6841,0.332657,42,61,31,134.88,0.5483,0.2361,0.039286,4.286
327476,520,443,963,132,97,236,290.69,0.8303,0.5353,0.195109,37,4,16,1.30,0.7452,0.0825,0.005176,4.442
327487,520,452,972,190,24,231,317.64,0.9724,0.5309,0.173713,14,7,45,284.41,0.7988,0.0744,0.004348,4.116
327492,520,476,996,209,67,27,35.52,0.9335,0.5147,0.176511,2,1,8,289.57,0.6935,0.0224,0.000521,4.483
327519,520,412,932,212,7,235,322.77,0.9953,0.5661,0.201491,13,17,75,271.39,0.9019,0.1211,0.009944,4.195
327542,520,389,909,253,13,144,357.35,0.9900,0.5923,0.231877,30,36,22,127.08,0.3237,0.1463,0.015957,4.274
327546,520,453,973,232,8,81,14.35,0.9911,0.5289,0.179266,18,11,15,343.60,0.2152,0.0669,0.004024,4.244
327548,520,475,995,201,33,185,332.83,0.9101,0.5209,0.170099,11,0,1,15.48,1.0000,0.0273,0.000734,4.338
327573,520,432,952,207,81,126,1.00,0.6961,0.5503,0.206586,34,18,5,59.74,0.6189,0.1000,0.007837,4.436
327582,520,403,923,214,59,216,327.48,0.9019,0.5824,0.223839,29,29,40,284.67,0.2102,0.1326,0.012931,4.351
327584,520,441,961,228,54,3,33.92,0.9962,0.5370,0.191418,37,12,13,19.37,0.5423,0.0948,0.006854,4.246
327586,520,354,874,244,92,83,26.75,0.9135,0.6196,0.275150,4,52,7,143.72,0.9879,0.1812,0.024970,4.337
327588,520,441,961,219,1,183,337.97,0.9983,0.5422,0.185031,40,4,9,16.04,0.8038,0.0861,0.005577,4.229
327591,520,309,829,204,126,213,323.23,0.6722,0.6581,0.325644,35,58,18,133.98,0.8018,0.2186,0.034270,4.458
327601,520,379,899,220,63,215,329.36,0.9009,0.5953,0.236791,28,29,78,277.55,0.6832,0.1593,0.016756,4.296
327618,520,338,858,243,100,122,13.64,0.8468,0.6378,0.295771,38,51,25,130.48,0.5137,0.2001,0.028499,4.405
327622,520,424,944,182,77,224,314.77,0.8339,0.5577,0.206357,52,2,1,29.44,0.9740,0.1059,0.007758,4.438
327632,520,434,954,216,57,158,346.45,0.8281,0.5513,0.199961,26,17,43,297.70,0.5236,0.1031,0.007949,4.313
327633,520,456,976,231,35,4,31.09,0.9959,0.5287,0.182028,9,3,38,283.63,0.8803,0.0562,0.002631,4.409
327634,520,354,874,237,10,244,326.76,0.9966,0.6162,0.247559,63,15,77,317.40,0.7776,0.1805,0.019344,4.291
327642,520,359,879,239,38,230,330.38,0.9756,0.6194,0.254528,65,0,90,312.77,1.0000,0.1820,0.018621,4.438
327655,520,253,773,239,141,176,357.65,0.7240,0.7166,0.405373,8,71,83,214.64,0.8862,0.2716,0.051824,4.472
327680,520,421,941,220,27,201,333.25,0.9618,0.5623,0.202189,1,2,89,264.78,0.9970,0.1112,0.007711,4.370
327703,520,456,976,204,32,189,332.47,0.9219,0.5282,0.175464,19,3,24,318.36,0.7178,0.0561,0.002695,4.279
327720,520,371,891,232,55,209,334.16,0.9283,0.6052,0.244942,60,7,84,311.62,0.8798,0.1739,0.017528,4.368
327724,520,383,903,227,48,220,329.94,0.9458,0.5982,0.236145,14,26,85,268.37,0.8795,0.1501,0.014879,4.410
327729,520,401,921,193,86,213,321.07,0.7870,0.5783,0.227984,34,26,50,298.23,0.4191,0.1365,0.013092,4.406
327749,520,351,871,186,120,225,311.77,0.7233,0.6311,0.293090,11,49,66,231.90,0.7344,0.1939,0.026610,4.478
327750,520,394,914,241,7,184,342.81,0.9939,0.5858,0.223165,34,18,75,289.93,0.7684,0.1412,0.012807,4.349
327757,520,471,991,211,49,125,357.43,0.8313,0.5206,0.175285,5,5,16,281.72,0.4682,0.0417,0.001782,4.351
327761,520,415,935,233,0,190,339.30,1.0000,0.5726,0.210441,37,26,5,81.72,0.7035,0.1233,0.011431,4.240
327803,520,440,960,203,19,232,321.04,0.9830,0.5514,0.189901,1,23,26,206.45,0.8989,0.0883,0.006938,4.213
327806,520,363,883,238,64,186,342.68,0.8957,0.6108,0.253919,42,40,8,105.76,0.7388,0.1682,0.020274,4.325
327809,520,463,983,197,61,182,332.72,0.8041,0.5347,0.185869,4,6,30,272.36,0.7732,0.0518,0.002498,4.493
327842,520,468,988,229,30,14,29.90,0.9860,0.5220,0.176213,1,6,7,206.59,0.6069,0.0364,0.001520,4.391
327848,520,417,937,216,61,191,335.34,0.8570,0.5724,0.217001,8,30,31,199.33,0.5733,0.1154,0.010791,4.392
327864,520,463,983,216,7,168,341.76,0.9849,0.5292,0.175804,2,5,31,267.99,0.8882,0.0484,0.002204,4.325
327880,520,370,890,226,37,250,322.62,0.9814,0.6107,0.243962,73,1,49,346.75,0.9427,0.1671,0.016602,4.414
327897,520,268,788,252,98,237,331.74,0.9858,0.6973,0.355480,22,63,92,242.98,0.6726,0.2567,0.044981,4.269
327906,520,469,989,210,70,6,38.77,0.9856,0.5195,0.180974,7,4,10,309.61,0.3525,0.0385,0.001539,4.482
327957,520,333,853,248,42,241,329.84,0.9811,0.6441,0.279662,73,31,40,8.25,0.5156,0.2011,0.025498,4.366
327962,520,447,967,224,63,53,28.21,0.9021,0.5417,0.196621,17,14,30,291.29,0.4043,0.0791,0.005270,4.462
327963,520,372,892,237,91,92,23.05,0.8535,0.6075,0.262623,64,26,35,6.89,0.5195,0.1740,0.019503,4.498
327984,520,326,846,249,81,185,346.51,0.9413,0.6465,0.295304,88,25,3,38.15,0.9444,0.2127,0.027769,4.440
327985,520,446,966,202,14,224,322.72,0.9857,0.5421,0.182542,31,4,24,339.11,0.7112,0.0755,0.004441,4.271
328002,520,416,936,232,6,180,341.94,0.9928,0.5663,0.205841,0,3,95,264.16,0.9962,0.1207,0.008913,4.343
328035,520,388,908,238,33,190,340.70,0.9614,0.5914,0.229855,6,40,42,200.71,0.7739,0.1507,0.017234,4.162
328037,520,302,822,253,92,202,342.46,0.9812,0.6737,0.328042,27,53,92,258.34,0.6128,0.2306,0.035518,4.421
328081,520,386,906,252,6,136,359.56,0.9952,0.5860,0.226069,35,31,54,291.03,0.3735,0.1521,0.016036,4.181
328086,520,448,968,207,80,89,19.17,0.7287,0.5379,0.197261,34,7,8,20.68,0.6610,0.0801,0.005096,4.488
328087,520,392,912,208,65,237,320.25,0.9185,0.5926,0.233066,7,10,109,266.84,0.9871,0.1522,0.013663,4.446
328094,520,479,999,224,27,11,29.91,0.9883,0.5096,0.166582,1,0,6,289.16,1.0000,0.0150,0.000196,4.315
328102,520,329,849,252,12,250,328.78,0.9974,0.6466,0.278636,58,49,2,97.59,0.9488,0.2129,0.031006,4.057
328112,520,393,913,223,28,236,325.16,0.9809,0.5915,0.225768,35,31,18,93.00,0.3270,0.1364,0.013810,4.322
328115,520,443,963,211,14,194,332.88,0.9772,0.5370,0.180601,1,22,6,150.45,0.9752,0.0788,0.005934,4.123
328117,520,395,915,230,28,211,333.03,0.9730,0.5869,0.223592,23,26,65,276.12,0.6335,0.1369,0.013026,4.341
328129,520,440,960,148,93,237,297.46,0.8401,0.5467,0.202392,8,23,15,159.26,0.5246,0.0886,0.006989,4.429
328131,520,404,924,224,29,215,330.54,0.9698,0.5793,0.216347,42,25,27,11.64,0.2873,0.1333,0.012667,4.250
328148,520,319,839,255,56,216,337.71,1.0000,0.6499,0.290495,55,39,90,295.43,0.5737,0.2191,0.030015,4.255
328154,520,446,966,233,51,16,32.27,0.9826,0.5449,0.197318,20,17,18,355.42,0.0727,0.0833,0.005933,4.422
328155,520,399,919,252,37,34,28.27,0.9886,0.5753,0.221378,22,28,58,272.77,0.5351,0.1352,0.013065,4.303
328170,520,463,983,139,82,248,293.83,0.9368,0.5284,0.183009,1,1,40,266.98,0.9907,0.0464,0.001813,4.497
328178,520,433,953,231,10,160,347.80,0.9852,0.5550,0.197469,14,23,35,255.85,0.3631,0.1010,0.008275,4.247
328183,520,386,906,158,115,228,299.28,0.7336,0.5908,0.251322,6,40,48,216.88,0.7722,0.1538,0.017696,4.451
328194,520,461,981,221,8,156,346.78,0.9834,0.5329,0.179487,11,2,26,299.29,0.8059,0.0461,0.001891,4.422
328195,520,419,939,176,70,253,306.67,0.9838,0.5633,0.207030,4,5,81,267.02,0.9878,0.1058,0.007284,4.487
328255,520,463,983,190,41,217,320.69,0.9215,0.5292,0.175442,0,9,19,240.55,1.0000,0.0480,0.002424,4.300
328261,520,426,946,249,21,54,23.49,0.9882,0.5638,0.209461,34,21,27,349.98,0.2638,0.1130,0.009556,4.357
328307,520,365,885,245,31,193,341.40,0.9721,0.6051,0.242458,13,49,2,139.21,0.9897,0.1734,0.022865,4.014
328314,520,373,893,236,55,178,344.41,0.9037,0.5955,0.237824,53,30,8,61.38,0.6898,0.1573,0.017031,4.294
328318,520,387,907,243,60,116,8.08,0.9039,0.5887,0.235506,21,28,78,272.13,0.7514,0.1516,0.015399,4.366
328319,520,384,904,237,83,37,36.32,0.9395,0.5890,0.243276,44,30,43,328.84,0.2847,0.1544,0.016385,4.418
328322,520,324,844,253,18,255,327.90,1.0000,0.6530,0.285383,38,54,29,134.95,0.4937,0.2103,0.031391,4.121
328335,520,391,911,215,85,179,339.97,0.7574,0.5917,0.242008,18,35,61,258.64,0.5541,0.1529,0.016675,4.380
328336,520,456,976,190,50,203,324.22,0.8702,0.5260,0.175416,0,1,49,264.18,0.9953,0.0554,0.002434,4.299
328339,520,465,985,169,92,155,334.21,0.5447,0.5194,0.184568,19,6,2,47.01,0.6200,0.0537,0.002731,4.448
328344,520,446,966,186,22,250,312.33,0.9839,0.5398,0.179162,9,0,65,273.92,1.0000,0.0802,0.004397,4.213
328345,520,306,826,252,106,138,9.32,0.9379,0.6661,0.328416,55,55,38,107.85,0.2665,0.2323,0.036846,4.357
328356,520,447,967,228,36,117,2.82,0.9200,0.5416,0.190429,14,18,10,129.63,0.2879,0.0777,0.005479,4.334
328364,520,396,916,252,32,95,13.52,0.9800,0.5818,0.225584,5,24,82,264.52,0.9243,0.1385,0.012946,4.378
328370,520,476,996,156,60,241,303.30,0.9219,0.5148,0.166510,5,0,5,328.36,1.0000,0.0213,0.000432,4.293
328372,520,381,901,249,29,167,349.84,0.9710,0.5990,0.238118,41,29,66,296.48,0.5341,0.1626,0.017435,4.273
328378,520,464,984,198,40,192,329.89,0.8926,0.5244,0.173309,15,5,19,316.47,0.5333,0.0529,0.002571,4.248
328379,520,391,911,238,11,205,336.43,0.9924,0.5928,0.228271,3,41,21,155.59,0.9606,0.1451,0.016593,4.179
328401,520,379,899,250,75,17,35.88,0.9857,0.6026,0.254001,14,45,2,138.18,0.9862,0.1601,0.019745,4.359
328422,520,439,959,180,81,215,316.18,0.7917,0.5538,0.204955,20,13,50,286.68,0.7001,0.0945,0.006668,4.499
328424,520,462,982,200,54,172,336.92,0.8178,0.5271,0.178981,18,2,9,350.56,0.6767,0.0455,0.001918,4.410
328431,520,476,996,219,39,43,26.35,0.9507,0.5086,0.166882,3,1,0,66.15,1.0000,0.0193,0.000411,4.302
328440,520,243,763,242,128,243,326.96,0.9382,0.7280,0.407888,10,79,41,153.02,0.9679,0.2826,0.058163,4.233
328442,520,420,940,216,63,156,347.60,0.8070,0.5563,0.205565,15,13,67,275.50,0.8808,0.1069,0.007946,4.410
328459,520,453,973,238,9,13,28.70,0.9959,0.5337,0.184049,13,16,11,132.88,0.1867,0.0721,0.004803,4.271
328464,520,417,937,245,50,21,31.34,0.9816,0.5688,0.217513,1,30,53,245.97,0.9203,0.1248,0.011920,4.320
328487,520,263,783,231,132,215,333.24,0.7995,0.7056,0.383996,29,73,12,138.70,0.9652,0.2641,0.050527,4.317
328488,520,397,917,216,77,167,344.39,0.7708,0.5773,0.226989,9,38,27,165.01,0.7401,0.1395,0.015234,4.246
328492,520,296,816,254,123,83,37.64,0.9855,0.6841,0.358645,11,67,28,148.83,0.9628,0.2388,0.041691,4.457
328499,520,340,860,252,22,231,333.09,0.9922,0.6366,0.270419,15,44,94,260.52,0.8029,0.2022,0.027109,4.155
328513,520,452,972,213,71,21,37.27,0.9520,0.5271,0.187091,8,13,25,265.83,0.4009,0.0667,0.004096,4.383
328514,520,424,944,241,26,103,9.18,0.9676,0.5586,0.204221,41,9,48,319.92,0.7303,0.1143,0.008802,4.323
328516,520,414,934,253,6,28,27.32,0.9978,0.5661,0.211006,7,11,87,268.00,0.9729,0.1233,0.009726,4.370
328532,520,454,974,229,37,79,16.50,0.9403,0.5339,0.185486,1,18,8,158.52,0.9425,0.0676,0.004566,4.316
328543,520,470,990,157,68,232,304.85,0.8729,0.5176,0.171291,9,4,11,318.02,0.3997,0.0409,0.001691,4.281
328575,520,342,862,236,105,112,19.18,0.7941,0.6311,0.291086,53,44,15,92.13,0.6236,0.1941,0.025928,4.492
328589,520,475,995,226,22,72,17.16,0.9711,0.5184,0.172133,11,1,5,350.06,0.6938,0.0324,0.001038,4.352
328627,520,283,803,252,107,192,346.87,0.9594,0.6870,0.350195,74,49,67,337.28,0.3122,0.2518,0.040578,4.418
328636,520,478,998,216,38,103,6.11,0.8933,0.5142,0.169669,2,1,10,286.50,0.7500,0.0235,0.000565,4.344
328650,520,365,885,231,80,174,345.95,0.8191,0.6097,0.257848,51,33,45,339.61,0.2936,0.1720,0.019810,4.410
328651,520,311,831,249,90,198,342.69,0.9458,0.6629,0.315322,17,62,11,141.43,0.9672,0.2210,0.035884,4.254
328656,520,471,991,176,52,218,315.72,0.8840,0.5165,0.167491,8,5,7,337.42,0.1817,0.0410,0.001755,4.202
328659,520,474,994,139,86,231,296.15,0.8278,0.5201,0.179142,9,0,19,307.99,1.0000,0.0342,0.001051,4.488
328665,520,426,946,243,26,92,13.01,0.9721,0.5599,0.205696,20,18,54,281.24,0.6555,0.1075,0.008477,4.373
328666,520,470,990,176,84,158,335.33,0.6174,0.5179,0.180405,5,5,16,281.72,0.4682,0.0417,0.001782,4.450
328677,520,475,995,126,80,255,288.55,1.0000,0.5177,0.173927,2,4,3,165.23,0.2657,0.0301,0.001063,4.385
328695,520,339,859,229,71,247,323.45,0.9657,0.6381,0.278820,26,53,23,141.81,0.7468,0.1969,0.028276,4.201
328700,520,389,909,246,62,91,17.46,0.9357,0.5901,0.237968,27,22,88,278.23,0.8373,0.1546,0.015114,4.423
328706,520,432,952,185,84,189,326.05,0.7112,0.5487,0.203303,44,8,22,0.04,0.6837,0.1038,0.007672,4.392
328708,520,433,953,182,83,198,321.89,0.7355,0.5483,0.202099,4,27,3,142.12,0.9627,0.0955,0.008162,4.334
328709,520,478,998,182,49,205,321.20,0.8699,0.5134,0.165507,0,2,3,218.80,1.0000,0.0204,0.000500,4.267
328731,520,436,956,224,65,82,19.33,0.8542,0.5488,0.202398,15,17,37,277.42,0.4712,0.0883,0.006360,4.478
328733,520,480,1000,168,3,251,307.21,0.9979,0.5081,0.153558,0,0,0,0.00,0.0000,0.0000,0.000000,4.071
328737,520,477,997,154,90,183,314.34,0.6191,0.5106,0.176018,1,0,17,274.34,1.0000,0.0228,0.000469,4.478
328768,520,441,961,239,22,55,22.81,0.9835,0.5431,0.192037,35,14,11,29.30,0.4900,0.0947,0.006956,4.250
328778,520,356,876,240,14,238,328.79,0.9949,0.6180,0.250151,66,17,62,331.25,0.7107,0.1771,0.019071,4.346
328783,520,437,957,226,13,171,343.28,0.9797,0.5515,0.193995,19,14,37,291.24,0.5205,0.0855,0.005861,4.368
328786,520,444,964,217,54,135,355.26,0.8302,0.5404,0.191417,22,15,14,27.74,0.1742,0.0796,0.005439,4.355
328818,520,462,982,225,30,109,4.79,0.9344,0.5296,0.180430,11,1,38,288.88,0.9474,0.0536,0.002328,4.404
328826,520,359,879,254,10,196,342.31,0.9951,0.6174,0.252769,50,25,86,298.27,0.7190,0.1828,0.020453,4.297
328828,520,436,956,237,46,15,31.52,0.9857,0.5491,0.199962,13,8,59,277.28,0.8985,0.0891,0.005750,4.484
328842,520,386,906,219,27,239,323.48,0.9817,0.5865,0.220780,34,31,48,292.02,0.2924,0.1474,0.015335,4.145
328843,520,475,995,174,38,244,309.67,0.9561,0.5242,0.169174,1,5,4,179.92,0.5753,0.0323,0.001238,4.278
328850,520,391,911,194,72,248,313.22,0.9534,0.5869,0.228826,43,30,33,3.37,0.2048,0.1487,0.015520,4.256
328869,520,387,907,241,66,116,8.63,0.8850,0.5906,0.238613,22,27,82,273.22,0.7859,0.1541,0.015636,4.397
328876,520,198,718,220,164,244,315.44,0.8324,0.7653,0.482992,66,79,65,143.14,0.2006,0.3211,0.071318,4.393
328894,520,374,894,255,8,156,353.95,1.0000,0.6001,0.238376,17,7,113,270.56,0.9879,0.1597,0.014633,4.462
328909,520,410,930,224,29,196,335.63,0.9580,0.5673,0.207140,29,32,26,129.04,0.1382,0.1349,0.013688,4.037
328910,520,399,919,233,74,96,16.78,0.8458,0.5792,0.230686,16,38,2,135.19,0.9734,0.1377,0.015007,4.318
328928,520,448,968,167,82,224,308.96,0.8115,0.5435,0.196326,6,11,46,270.21,0.8412,0.0763,0.004753,4.499
328940,520,447,967,233,35,47,25.41,0.9667,0.5357,0.187340,21,12,28,309.09,0.4317,0.0782,0.005062,4.310
328942,520,200,720,233,181,35,86.49,0.9270,0.7659,0.504945,43,84,77,181.53,0.4751,0.3232,0.073898,4.479
328969,520,459,979,200,17,213,324.89,0.9764,0.5313,0.174861,27,3,18,344.31,0.7125,0.0644,0.003418,4.209
328973,520,358,878,255,78,9,36.72,1.0000,0.6153,0.267322,19,44,55,228.81,0.5020,0.1757,0.022156,4.398
328988,520,480,1000,171,35,232,311.49,0.9481,0.5072,0.156871,0,0,0,0.00,0.0000,0.0000,0.000000,4.137
328991,520,404,924,194,67,243,314.62,0.9318,0.5777,0.219559,51,17,5,40.25,0.7736,0.1265,0.011158,4.408
328992,520,474,994,195,52,178,333.38,0.8247,0.5200,0.172741,2,3,17,272.58,0.7242,0.0337,0.001185,4.352
329008,520,467,987,198,67,130,354.30,0.7299,0.5174,0.176336,7,2,16,302.30,0.6909,0.0359,0.001260,4.415
329018,520,390,910,249,57,76,21.53,0.9633,0.5886,0.235913,13,23,93,268.61,0.9260,0.1527,0.014886,4.406
329019,520,399,919,234,51,148,353.90,0.8906,0.5751,0.220011,67,1,5,25.13,0.9876,0.1391,0.012262,4.337
329027,520,455,975,148,78,241,298.76,0.8955,0.5270,0.180958,13,5,37,289.27,0.7777,0.0628,0.003277,4.335
329029,520,331,851,225,105,194,338.36,0.7639,0.6432,0.300078,39,50,25,128.23,0.4877,0.1979,0.027827,4.498
329035,520,400,920,238,37,167,347.73,0.9424,0.5818,0.222933,40,8,83,294.88,0.8956,0.1440,0.012493,4.367
329040,520,466,986,192,48,196,326.88,0.8654,0.5228,0.173074,24,0,2,18.68,1.0000,0.0473,0.001986,4.291
329046,520,303,823,253,59,255,327.67,1.0000,0.6721,0.312335,5,37,140,264.25,0.9587,0.2332,0.032486,4.393
329080,520,423,943,201,14,254,315.69,0.9956,0.5645,0.198888,27,24,14,93.38,0.2921,0.1074,0.009180,4.206
329082,520,428,948,208,38,218,325.57,0.9440,0.5581,0.198599,46,6,12,16.22,0.7819,0.1016,0.007377,4.333
329085,520,356,876,249,84,80,25.60,0.9537,0.6177,0.270629,22,49,24,145.48,0.7167,0.1814,0.024331,4.314
329092,520,468,988,181,14,240,313.19,0.9879,0.5206,0.164302,7,6,8,308.81,0.1143,0.0429,0.001930,4.127
329096,520,351,871,229,94,187,341.56,0.7974,0.6303,0.282536,34,48,35,146.59,0.3131,0.1899,0.025753,4.390
329097,520,425,945,203,59,215,324.61,0.8843,0.5637,0.207324,15,15,63,275.45,0.8330,0.1061,0.008021,4.435
329106,520,399,919,250,56,30,31.09,0.9793,0.5844,0.232497,16,36,34,187.31,0.4308,0.1393,0.014874,4.355
329111,520,275,795,243,114,234,330.17,0.9393,0.7035,0.370322,24,70,6,138.98,0.9833,0.2510,0.045875,4.384
329125,520,422,942,218,23,212,329.82,0.9738,0.5643,0.202739,34,5,60,302.60,0.8641,0.1085,0.007749,4.377
329151,520,415,935,234,70,67,25.94,0.8936,0.5708,0.222810,0,31,36,209.81,1.0000,0.1167,0.011073,4.467
329156,520,310,830,226,98,241,323.36,0.9258,0.6604,0.312569,12,55,79,238.22,0.7622,0.2207,0.033749,4.329
329169,520,403,923,237,73,45,32.19,0.9291,0.5772,0.229621,0,38,10,148.62,1.0000,0.1312,0.014081,4.364
329184,520,479,999,220,5,120,358.84,0.9884,0.5146,0.166829,1,0,6,289.16,1.0000,0.0150,0.000196,4.320
329192,520,464,984,230,12,26,27.39,0.9930,0.5177,0.171636,19,2,9,352.35,0.6884,0.0469,0.002016,4.261
329205,520,409,929,219,57,191,336.09,0.8750,0.5739,0.217501,24,10,83,280.12,0.9244,0.1284,0.010358,4.432
329207,520,473,993,167,74,203,315.25,0.7685,0.5170,0.174257,7,1,10,317.83,0.7169,0.0300,0.000888,4.407
329210,520,418,938,238,48,56,25.06,0.9477,0.5561,0.205798,48,15,19,15.16,0.5903,0.1206,0.010171,4.251
329212,520,470,990,185,38,212,320.56,0.9187,0.5151,0.164553,19,1,6,0.13,0.7846,0.0434,0.001733,4.147
329229,520,412,932,254,21,39,26.42,0.9961,0.5728,0.217575,28,25,38,294.85,0.2624,0.1204,0.010821,4.399
329245,520,468,988,139,73,252,294.25,0.9752,0.5192,0.172824,12,1,14,323.26,0.7680,0.0375,0.001316,4.342
329269,520,389,909,253,38,117,7.07,0.9834,0.5927,0.235569,27,32,64,274.67,0.5137,0.1538,0.016362,4.303
329274,520,469,989,225,36,60,21.88,0.9507,0.5214,0.175984,13,3,7,350.77,0.4923,0.0410,0.001660,4.374
329298,520,466,986,213,45,132,354.75,0.8507,0.5239,0.176912,11,5,18,305.68,0.5008,0.0483,0.002234,4.344
329307,520,451,971,190,39,238,315.69,0.9532,0.5443,0.185725,32,3,21,345.44,0.7474,0.0739,0.004264,4.344
329309,520,359,879,250,4,218,335.78,0.9984,0.6213,0.254760,1,48,61,222.01,0.9668,0.1845,0.024572,4.087
329323,520,381,901,255,26,139,359.65,1.0000,0.5983,0.238665,1,35,76,255.50,0.9656,0.1573,0.017302,4.289
329326,520,442,962,181,78,193,323.38,0.7403,0.5366,0.191239,26,11,11,20.13,0.3830,0.0756,0.004831,4.400
329350,520,430,950,241,36,34,28.08,0.9744,0.5518,0.200814,47,1,33,343.42,0.8916,0.1044,0.007359,4.373
329354,520,369,889,199,88,250,313.31,0.9584,0.6146,0.260249,9,42,65,243.47,0.7352,0.1714,0.020956,4.372
329357,520,462,982,212,67,70,23.53,0.8317,0.5258,0.184559,8,8,11,285.45,0.1214,0.0496,0.002495,4.468
329384,520,427,947,216,19,211,329.59,0.9784,0.5587,0.197700,47,2,3,25.93,0.9537,0.0956,0.006544,4.381
329387,520,324,844,172,130,253,297.38,0.9451,0.6512,0.318279,10,59,30,152.62,0.9397,0.2114,0.032861,4.445
329394,520,464,984,152,59,250,300.28,0.9679,0.5166,0.167058,8,7,14,291.50,0.2745,0.0484,0.002353,4.146
329398,520,466,986,217,54,53,26.22,0.9079,0.5185,0.176497,18,2,24,317.05,0.7732,0.0526,0.002380,4.324
329402,520,384,904,185,95,228,313.36,0.8093,0.5899,0.241011,48,19,65,310.77,0.6802,0.1524,0.014758,4.494
329406,520,459,979,227,19,116,2.05,0.9642,0.5312,0.180604,24,0,30,319.99,1.0000,0.0606,0.002880,4.361
329409,520,364,884,231,63,214,332.55,0.9180,0.6131,0.254014,33,43,26,132.98,0.3708,0.1712,0.021256,4.266
329413,520,279,799,207,129,250,312.40,0.9303,0.6878,0.358691,42,56,100,268.80,0.5203,0.2545,0.042406,4.423
329415,520,305,825,249,110,155,2.22,0.8838,0.6725,0.336611,49,57,12,118.94,0.7952,0.2270,0.036058,4.492
329451,520,439,959,240,11,112,5.42,0.9875,0.5544,0.199377,38,9,2,39.21,0.8337,0.0890,0.006119,4.444
329452,520,468,988,223,31,68,18.83,0.9530,0.5157,0.170881,8,2,16,305.97,0.6892,0.0369,0.001325,4.304
329479,520,469,989,210,13,173,338.76,0.9703,0.5220,0.170088,2,3,29,270.59,0.9167,0.0421,0.001667,4.260
329480,520,372,892,226,91,160,351.43,0.7520,0.6094,0.261914,20,36,77,265.45,0.6745,0.1693,0.019462,4.490
329507,520,458,978,235,7,81,14.66,0.9928,0.5350,0.184114,10,13,4,121.87,0.4674,0.0604,0.003611,4.367
329517,520,430,950,229,26,136,355.69,0.9477,0.5454,0.191772,33,19,3,69.89,0.7316,0.1004,0.007957,4.172
329531,520,457,977,180,50,229,314.39,0.9129,0.5296,0.176427,0,15,2,147.40,1.0000,0.0567,0.003460,4.235
329546,520,328,848,215,105,235,321.26,0.8722,0.6508,0.305500,37,51,53,207.06,0.1968,0.2084,0.030180,4.434
329578,520,382,902,223,11,251,321.91,0.9958,0.5976,0.228945,74,1,18,16.18,0.9796,0.1576,0.015215,4.277
329594,520,473,993,215,21,156,345.54,0.9461,0.5249,0.173861,9,2,6,341.63,0.5156,0.0335,0.001146,4.377
329599,520,405,925,232,45,167,346.65,0.9115,0.5754,0.218254,2,34,42,217.84,0.8883,0.1301,0.013241,4.242
329603,520,180,700,246,178,125,58.54,0.7825,0.7857,0.529163,39,91,27,140.13,0.9324,0.3309,0.079924,4.458
329604,520,456,976,235,24,8,29.81,0.9930,0.5317,0.183362,20,3,33,307.77,0.7928,0.0633,0.003237,4.383
329628,520,431,951,239,19,100,9.53,0.9777,0.5511,0.197398,26,1,65,291.71,0.9777,0.0977,0.006230,4.400
329630,520,454,974,211,35,161,343.20,0.8946,0.5266,0.176264,33,3,15,358.20,0.7542,0.0732,0.004230,4.172
329647,520,445,965,186,67,214,319.33,0.8389,0.5444,0.193097,35,5,2,32.64,0.8643,0.0768,0.004703,4.444
329656,520,324,844,243,111,83,33.49,0.8833,0.6464,0.310510,14,53,69,229.24,0.7066,0.2090,0.030691,4.468
329685,520,416,936,202,24,255,315.61,1.0000,0.5700,0.204313,27,29,1,113.37,0.9355,0.1186,0.011139,4.160
329697,520,316,836,249,57,246,328.83,0.9796,0.6582,0.297227,33,58,10,133.23,0.9159,0.2162,0.033713,4.148
329707,520,9,529,247,252,253,211.04,0.5095,0.9855,0.964866,44,133,61,146.86,0.9290,0.4746,0.176468,4.481
329715,520,446,966,130,95,244,289.19,0.8899,0.5363,0.194617,33,4,19,351.21,0.7134,0.0766,0.004572,4.482
329720,520,358,878,234,16,251,324.50,0.9948,0.6172,0.248305,24,39,80,266.42,0.6327,0.1819,0.022243,4.129
329737,520,474,994,179,72,191,323.54,0.7564,0.5241,0.179812,6,1,20,295.26,0.8507,0.0344,0.001109,4.496
329738,520,363,883,248,71,115,10.73,0.9301,0.6086,0.257041,38,36,53,289.52,0.2686,0.1673,0.019309,4.430
329748,520,391,911,252,19,125,3.37,0.9837,0.5851,0.226455,6,30,79,262.08,0.8974,0.1494,0.015317,4.233
329761,520,478,998,170,11,250,307.89,0.9922,0.5120,0.156883,6,0,1,6.99,1.0000,0.0204,0.000409,4.104
329775,520,270,790,237,114,235,328.04,0.9091,0.6953,0.360394,72,59,24,89.05,0.6017,0.2612,0.045717,4.288
329777,520,352,872,241,102,5,45.26,0.9936,0.6221,0.282175,61,40,11,71.68,0.7035,0.1943,0.025340,4.409
329788,520,457,977,223,0,146,350.40,1.0000,0.5304,0.177660,13,2,41,289.09,0.9113,0.0603,0.002891,4.304
329794,520,434,954,232,25,125,0.07,0.9549,0.5468,0.193347,13,15,54,274.89,0.7669,0.0960,0.006935,4.274
329795,520,460,980,195,72,160,340.60,0.7257,0.5322,0.187766,9,11,7,128.09,0.1858,0.0558,0.003128,4.475
329811,520,459,979,235,18,32,26.91,0.9892,0.5307,0.182023,19,3,31,308.35,0.7793,0.0606,0.003025,4.376
329819,520,421,941,215,63,174,340.75,0.8231,0.5633,0.210602,46,10,11,22.24,0.7142,0.1072,0.008222,4.476
329823,520,421,941,170,101,191,317.95,0.6122,0.5563,0.216158,33,23,13,65.92,0.3617,0.1120,0.009652,4.462
329825,520,423,943,249,25,18,29.12,0.9886,0.5623,0.208823,21,9,67,282.70,0.8810,0.1060,0.007600,4.493
329845,520,382,902,246,59,124,5.52,0.9214,0.5960,0.241793,62,26,9,44.09,0.7244,0.1642,0.017828,4.302
329846,520,446,966,191,96,86,27.54,0.5995,0.5359,0.201156,17,19,5,115.50,0.5462,0.0818,0.005959,4.488
329849,520,468,988,225,36,40,26.77,0.9623,0.5188,0.174254,11,5,3,47.04,0.3470,0.0425,0.001863,4.324
329877,520,397,917,251,44,41,27.90,0.9838,0.5781,0.224744,51,1,73,311.69,0.9701,0.1425,0.012066,4.427
329889,520,444,964,215,24,189,335.34,0.9560,0.5445,0.187767,35,4,19,353.54,0.7275,0.0800,0.004912,4.330
329930,520,371,891,255,60,106,13.11,1.0000,0.6091,0.255360,7,40,77,254.38,0.8194,0.1740,0.020985,4.302
329934,520,364,884,218,66,232,324.27,0.9200,0.6059,0.246300,33,28,91,280.17,0.7618,0.1741,0.019091,4.289
329935,520,364,884,245,80,104,16.17,0.9058,0.6103,0.261525,22,35,82,268.46,0.7058,0.1723,0.019817,4.462
329936,520,410,930,190,49,255,311.64,1.0000,0.5653,0.203649,7,9,95,267.62,0.9829,0.1315,0.010667,4.181
329954,520,427,947,199,45,240,317.62,0.9495,0.5641,0.203116,18,13,53,282.64,0.7416,0.0953,0.006735,4.461
329964,520,330,850,253,66,193,344.07,0.9834,0.6424,0.286326,39,48,71,267.48,0.3364,0.2110,0.030001,4.204
329965,520,410,930,250,31,75,19.07,0.9753,0.5731,0.218156,42,24,26,12.29,0.3087,0.1306,0.012201,4.311
329972,520,445,965,191,36,234,316.98,0.9548,0.5409,0.182800,14,13,35,282.82,0.5340,0.0775,0.005026,4.231
329986,520,436,956,203,28,222,323.34,0.9641,0.5473,0.188027,17,20,14,129.26,0.1927,0.0866,0.006512,4.212
330013,520,382,902,251,43,139,359.78,0.9651,0.5988,0.241046,35,19,91,284.86,0.8390,0.1605,0.015784,4.424
330020,520,442,962,210,56,160,344.09,0.8184,0.5405,0.190702,15,6,53,282.62,0.8756,0.0812,0.004888,4.385
330025,520,325,845,232,101,200,338.00,0.8265,0.6510,0.306356,56,46,44,31.22,0.1257,0.2107,0.029766,4.467
330034,520,476,996,159,77,205,311.27,0.7576,0.5113,0.170871,4,1,3,337.70,0.4942,0.0226,0.000541,4.370
330042,520,386,906,209,100,139,359.32,0.6213,0.5873,0.245356,46,28,43,332.70,0.3430,0.1526,0.015858,4.485
330045,520,366,886,255,53,121,7.29,1.0000,0.6075,0.251903,47,11,100,293.07,0.9054,0.1750,0.017638,4.464
330048,520,449,969,238,25,58,22.23,0.9791,0.5426,0.191812,23,12,7,46.57,0.3736,0.0725,0.004605,4.428
330059,520,359,879,251,19,209,338.31,0.9906,0.6209,0.255817,12,50,31,157.85,0.8419,0.1817,0.024582,4.100
330064,520,417,937,216,64,186,337.00,0.8400,0.5725,0.218130,12,32,13,144.89,0.7421,0.1179,0.011402,4.367
330066,520,378,898,156,121,224,297.74,0.6902,0.5977,0.261246,17,45,3,137.06,0.9757,0.1618,0.020025,4.445
330069,520,382,902,239,89,29,39.13,0.9566,0.6003,0.255872,8,47,3,141.06,0.9861,0.1647,0.020911,4.313
330089,520,450,970,232,44,12,31.60,0.9877,0.5371,0.189868,36,1,4,20.01,0.9424,0.0719,0.004056,4.437
330111,520,474,994,228,12,45,23.97,0.9910,0.5152,0.169494,4,3,11,289.83,0.4779,0.0329,0.001151,4.291
330124,520,360,880,240,73,178,346.26,0.8815,0.6192,0.265076,25,49,18,139.03,0.7783,0.1821,0.024469,4.231
330127,520,359,879,241,3,240,328.58,0.9990,0.6191,0.250599,46,6,112,288.71,0.9620,0.1836,0.018809,4.369
330128,520,454,974,203,43,182,334.35,0.8748,0.5291,0.178036,35,2,5,18.92,0.8784,0.0721,0.004118,4.214
330150,520,379,899,239,84,55,32.73,0.9117,0.5957,0.249703,37,38,0,111.27,1.0000,0.1556,0.017796,4.421
330151,520,446,966,208,12,214,326.79,0.9863,0.5447,0.185298,22,16,18,356.23,0.1455,0.0832,0.005848,4.213
330153,520,428,948,215,31,214,328.51,0.9596,0.5637,0.202842,27,1,68,291.18,0.9799,0.1023,0.006721,4.458
330168,520,457,977,214,69,22,36.47,0.9519,0.5265,0.186127,29,1,19,343.95,0.8281,0.0641,0.003300,4.430
330187,520,437,957,205,34,217,325.06,0.9491,0.5500,0.191347,26,14,26,326.70,0.3671,0.0871,0.006083,4.303
330190,520,428,948,175,94,199,318.04,0.6822,0.5559,0.212438,33,21,1,80.19,0.9019,0.1047,0.008619,4.477
330241,520,320,840,251,102,77,31.71,0.9632,0.6451,0.305511,28,49,83,259.61,0.5509,0.2135,0.030679,4.406
330253,520,358,878,230,40,251,323.34,0.9853,0.6196,0.253079,3,20,120,264.94,0.9790,0.1783,0.018756,4.408
330259,520,396,916,200,95,168,340.48,0.6483,0.5772,0.232925,11,27,75,265.77,0.8435,0.1406,0.013629,4.446
330288,520,454,974,214,51,137,353.51,0.8327,0.5328,0.184723,36,1,13,2.55,0.8805,0.0744,0.004259,4.326
330296,520,474,994,223,41,72,18.66,0.9269,0.5228,0.177445,12,0,2,7.14,1.0000,0.0292,0.000826,4.475
330301,520,404,924,197,88,209,323.59,0.7752,0.5845,0.234546,4,38,10,146.60,0.9686,0.1331,0.014339,4.423
330313,520,478,998,169,7,253,307.04,0.9953,0.5124,0.156796,0,0,12,264.05,1.0000,0.0173,0.000265,4.114
330330,520,467,987,159,62,245,303.34,0.9383,0.5245,0.174092,4,0,38,275.72,1.0000,0.0449,0.001657,4.338
330332,520,398,918,206,41,250,317.41,0.9773,0.5805,0.216114,62,1,38,349.91,0.9279,0.1379,0.011860,4.302
330339,520,468,988,219,53,3,34.19,0.9953,0.5178,0.176155,2,5,17,264.35,0.6262,0.0391,0.001619,4.381
330340,520,283,803,245,136,60,52.05,0.8992,0.6903,0.373498,15,69,57,174.53,0.8386,0.2550,0.046530,4.387
330362,520,432,952,234,13,126,359.69,0.9809,0.5473,0.192897,33,13,40,316.64,0.5881,0.1026,0.007644,4.214
330367,520,434,954,191,71,205,323.38,0.8099,0.5506,0.199920,43,9,3,34.96,0.8388,0.0984,0.007156,4.373
330371,520,408,928,233,13,180,342.22,0.9850,0.5696,0.209096,53,18,16,25.61,0.6184,0.1340,0.012270,4.161
330391,520,419,939,233,63,59,26.69,0.9125,0.5601,0.211974,50,4,23,0.50,0.8046,0.1101,0.008269,4.496
330394,520,371,891,248,17,195,341.35,0.9892,0.6070,0.243007,54,0,96,301.70,1.0000,0.1704,0.016289,4.420
330397,520,459,979,155,71,242,301.80,0.9120,0.5273,0.178862,5,2,49,272.91,0.9763,0.0618,0.002974,4.320
330411,520,395,915,231,21,221,330.73,0.9853,0.5926,0.227483,41,20,61,305.00,0.6384,0.1410,0.013087,4.398
330427,520,450,970,200,53,189,331.34,0.8475,0.5363,0.185014,13,15,7,119.30,0.3176,0.0685,0.004426,4.318
330428,520,441,961,180,101,117,7.65,0.4750,0.5366,0.202962,21,13,45,290.94,0.6429,0.0914,0.006367,4.488
330433,520,332,852,251,12,240,330.79,0.9968,0.6383,0.270665,51,20,105,292.72,0.8422,0.1956,0.022240,4.439
330435,520,388,908,200,68,251,314.56,0.9746,0.5937,0.233800,36,22,71,292.03,0.6860,0.1467,0.014038,4.432
330436,520,459,979,169,56,239,308.31,0.9185,0.5270,0.174961,24,4,0,43.50,1.0000,0.0558,0.002811,4.260
330459,520,411,931,229,49,156,349.86,0.8865,0.5676,0.212576,17,5,88,274.33,0.9789,0.1230,0.009322,4.426
330465,520,461,981,209,76,5,40.89,0.9863,0.5257,0.187374,6,10,17,258.58,0.3058,0.0546,0.002963,4.482
330505,520,460,980,187,15,245,313.79,0.9889,0.5348,0.175002,14,4,39,290.51,0.8223,0.0635,0.003267,4.224
330506,520,438,958,217,61,131,357.62,0.8063,0.5456,0.197303,33,4,38,321.63,0.7786,0.0871,0.005501,4.456
330507,520,362,882,230,58,220,330.67,0.9328,0.6108,0.250188,13,49,42,177.90,0.7124,0.1825,0.024493,4.030
330518,520,433,953,232,53,28,31.24,0.9637,0.5453,0.197889,11,20,46,267.11,0.6161,0.0987,0.007687,4.297
330544,520,371,891,232,87,138,1.77,0.7859,0.6058,0.258098,33,39,51,264.05,0.2197,0.1693,0.020134,4.393
330546,520,424,944,226,6,190,337.69,0.9926,0.5606,0.200193,56,2,2,28.08,0.9723,0.1149,0.008887,4.249
330565,520,430,950,233,39,109,6.81,0.9250,0.5509,0.198818,22,24,3,114.04,0.7674,0.0997,0.008304,4.268
330571,520,463,983,201,51,172,337.15,0.8298,0.5262,0.177656,0,10,16,225.87,1.0000,0.0488,0.002545,4.333
330572,520,393,913,241,39,174,346.26,0.9462,0.5919,0.232108,55,12,49,333.91,0.7121,0.1427,0.012970,4.480
330582,520,403,923,212,70,203,330.55,0.8454,0.5818,0.226911,6,30,57,253.56,0.7565,0.1302,0.012626,4.422
330586,520,424,944,141,100,251,291.42,0.9439,0.5621,0.217420,42,18,11,37.10,0.5424,0.1137,0.009491,4.495
330600,520,379,899,214,66,231,323.41,0.9134,0.5988,0.239639,7,36,73,256.36,0.8153,0.1598,0.017879,4.267
330608,520,462,982,198,73,135,352.82,0.7052,0.5272,0.185219,4,10,18,250.64,0.4294,0.0533,0.002866,4.449
330621,520,382,902,239,61,167,349.04,0.8881,0.6009,0.244812,55,28,20,37.31,0.4784,0.1582,0.016933,4.405
330631,520,457,977,227,30,105,6.58,0.9394,0.5324,0.182822,2,10,27,258.03,0.7362,0.0566,0.003091,4.385
330643,520,472,992,209,5,178,336.95,0.9887,0.5212,0.168803,3,1,12,291.94,0.7695,0.0259,0.000676,4.318
330658,520,248,768,238,149,142,24.80,0.7084,0.7199,0.416272,46,74,32,136.19,0.7005,0.2806,0.055826,4.406
330672,520,479,999,166,79,183,320.84,0.6891,0.5093,0.171187,0,0,6,264.05,1.0000,0.0126,0.000131,4.412
330681,520,441,961,193,83,151,344.94,0.6572,0.5398,0.197599,13,22,25,220.50,0.2457,0.0927,0.007296,4.321
330692,520,475,995,192,9,220,321.00,0.9887,0.5208,0.165706,8,1,11,319.02,0.7322,0.0316,0.000975,4.232
330696,520,411,931,220,7,228,326.41,0.9952,0.5747,0.209712,7,0,92,268.16,1.0000,0.1163,0.008178,4.464
330698,520,366,886,244,9,219,334.22,0.9958,0.6119,0.245459,65,28,16,38.53,0.6344,0.1746,0.019919,4.226
330701,520,272,792,227,132,205,336.13,0.7315,0.6955,0.372430,15,74,10,142.00,0.9818,0.2618,0.050208,4.216
330703,520,359,879,233,42,237,327.25,0.9717,0.6159,0.250964,43,18,101,288.37,0.8626,0.1790,0.018858,4.371
330705,520,392,912,228,43,203,334.75,0.9397,0.5862,0.225360,39,34,13,96.25,0.5294,0.1484,0.016045,4.169
330722,520,413,933,251,37,15,30.29,0.9900,0.5722,0.218706,2,16,82,264.76,0.9634,0.1218,0.009926,4.484
330728,520,416,936,254,9,69,19.85,0.9955,0.5734,0.216997,54,5,23,3.82,0.8031,0.1196,0.009548,4.484
330732,520,308,828,252,69,237,331.68,0.9874,0.6671,0.310691,99,22,7,32.95,0.9324,0.2325,0.032423,4.376
330759,520,423,943,218,0,217,328.61,1.0000,0.5621,0.199174,35,9,58,303.90,0.7879,0.1134,0.008582,4.253
330772,520,414,934,225,46,184,339.60,0.9086,0.5720,0.214247,15,14,80,272.96,0.9281,0.1232,0.009948,4.408
330773,520,365,885,221,97,152,354.81,0.7011,0.6067,0.261907,8,48,2,140.76,0.9911,0.1680,0.021698,4.350
330785,520,455,975,234,27,57,22.39,0.9746,0.5349,0.185748,3,10,34,264.68,0.7905,0.0622,0.003519,4.405
330810,520,341,861,230,55,247,324.02,0.9698,0.6262,0.262730,80,9,64,339.47,0.8074,0.1972,0.022713,4.301
330814,520,341,861,247,102,13,43.89,0.9870,0.6327,0.293092,6,43,100,259.51,0.9204,0.2022,0.026864,4.464
330815,520,452,972,213,65,106,8.20,0.7881,0.5340,0.189697,23,5,32,313.03,0.7084,0.0703,0.003950,4.443
330825,520,354,874,247,58,183,345.48,0.9398,0.6202,0.262223,71,24,39,3.03,0.6026,0.1848,0.021395,4.373
330827,520,339,859,252,96,73,30.96,0.9750,0.6378,0.295456,53,39,74,301.20,0.4516,0.2050,0.027024,4.485
330828,520,343,863,193,121,207,320.92,0.6336,0.6316,0.295182,11,53,32,157.28,0.8830,0.1918,0.027215,4.470
330836,520,399,919,251,38,50,25.64,0.9828,0.5753,0.221294,47,10,63,313.33,0.7856,0.1369,0.011804,4.390
330838,520,447,967,215,67,90,15.80,0.8052,0.5358,0.192020,2,0,68,266.28,1.0000,0.0791,0.004302,4.457
330844,520,229,749,255,140,175,1.55,1.0000,0.7370,0.431141,15,76,94,222.76,0.8171,0.2949,0.060783,4.343
330854,520,101,621,249,212,190,52.56,0.7206,0.8784,0.709456,11,113,1,141.96,0.9993,0.3946,0.118831,4.498
330881,520,453,973,215,65,93,14.09,0.8079,0.5342,0.190204,6,13,29,263.67,0.5384,0.0675,0.004153,4.436
330908,520,436,956,240,17,75,17.36,0.9854,0.5468,0.194375,34,10,11,19.45,0.5564,0.0859,0.005814,4.378
330910,520,311,831,255,43,244,330.71,1.0000,0.6585,0.295225,28,31,130,271.57,0.9277,0.2195,0.028384,4.404
330913,520,471,991,212,56,78,17.94,0.8507,0.5150,0.173778,3,7,2,137.73,0.5872,0.0393,0.001757,4.324
330927,520,463,983,236,19,16,28.90,0.9899,0.5322,0.183393,12,5,26,296.97,0.6452,0.0539,0.002613,4.436
330936,520,347,867,245,51,220,334.32,0.9604,0.6313,0.269503,57,39,35,32.88,0.2539,0.1911,0.024423,4.293
330940,520,465,985,224,26,96,9.06,0.9494,0.5217,0.174334,4,2,41,273.46,0.9648,0.0525,0.002293,4.290
330949,520,399,919,239,24,181,343.40,0.9733,0.5848,0.223432,1,16,95,264.40,0.9754,0.1379,0.012032,4.408
330951,520,419,939,193,85,180,332.36,0.7008,0.5573,0.211312,3,28,38,227.46,0.7908,0.1103,0.009898,4.363
330958,520,407,927,255,0,31,26.81,1.0000,0.5694,0.213628,26,20,69,282.73,0.7328,0.1306,0.011496,4.287
330967,520,445,965,223,10,170,342.86,0.9829,0.5445,0.188099,16,0,63,281.77,1.0000,0.0832,0.004690,4.354
330968,520,310,830,253,52,244,330.24,0.9928,0.6603,0.298733,21,55,75,237.45,0.6072,0.2217,0.033997,4.152
330969,520,451,971,195,33,233,318.41,0.9608,0.5449,0.185745,25,8,23,331.67,0.5178,0.0733,0.004422,4.332
330970,520,341,861,251,2,235,331.94,0.9994,0.6334,0.265539,35,0,135,276.77,1.0000,0.1982,0.021065,4.440
330977,520,444,964,238,16,61,20.96,0.9879,0.5399,0.188879,2,17,42,257.39,0.8469,0.0829,0.005809,4.280
330983,520,417,937,250,12,89,14.11,0.9917,0.5694,0.213118,27,27,26,106.55,0.0222,0.1190,0.010915,4.319
330992,520,386,906,241,7,191,340.86,0.9945,0.5896,0.226173,62,16,6,34.31,0.8436,0.1464,0.014080,4.310
330994,520,376,896,243,51,160,351.69,0.9179,0.5971,0.239635,10,28,93,265.99,0.9141,0.1612,0.016852,4.332
330996,520,450,970,229,31,114,3.75,0.9369,0.5398,0.188558,2,18,1,141.25,0.9777,0.0665,0.004477,4.379
331029,520,415,935,234,68,39,32.31,0.9392,0.5652,0.217762,0,31,49,238.25,1.0000,0.1243,0.012017,4.318
331031,520,352,872,197,89,253,311.93,0.9813,0.6153,0.261080,51,41,44,358.15,0.1334,0.1913,0.024716,4.164
331061,520,379,899,226,65,201,335.02,0.8850,0.5989,0.241687,18,37,62,255.90,0.5554,0.1591,0.017995,4.290
331073,520,443,963,209,68,131,356.73,0.7578,0.5387,0.193304,4,23,6,146.24,0.9083,0.0838,0.006517,4.305
331076,520,432,952,245,7,50,23.56,0.9963,0.5511,0.197983,0,23,50,252.52,0.9999,0.1029,0.008430,4.244
331077,520,352,872,243,75,154,355.74,0.8817,0.6165,0.264230,55,34,60,319.74,0.4154,0.1877,0.022826,4.315
331106,520,465,985,154,79,224,304.36,0.8156,0.5220,0.178443,19,1,22,322.86,0.8235,0.0505,0.002181,4.378
331119,520,423,943,201,60,206,326.51,0.8603,0.5554,0.201071,34,14,51,306.20,0.6647,0.1134,0.008932,4.260
331124,520,332,852,233,100,177,347.17,0.7896,0.6405,0.296147,45,49,19,115.64,0.5789,0.1996,0.028015,4.437
331152,520,444,964,241,6,12,28.69,0.9974,0.5395,0.188610,9,19,17,180.54,0.3062,0.0787,0.005643,4.288
331159,520,291,811,249,79,251,327.45,0.9863,0.6799,0.326994,37,62,59,186.27,0.3378,0.2442,0.041542,4.118
331160,520,259,779,231,128,228,328.22,0.8533,0.7052,0.380305,53,69,30,127.68,0.6070,0.2703,0.051068,4.258
331170,520,469,989,188,51,199,324.73,0.8568,0.5208,0.171840,0,7,15,238.37,1.0000,0.0412,0.001864,4.277
331174,520,249,769,218,146,225,323.68,0.7163,0.7189,0.409007,61,68,60,141.72,0.1195,0.2829,0.054526,4.391
331193,520,372,892,255,43,138,0.82,1.0000,0.6062,0.248264,5,43,54,221.81,0.8249,0.1661,0.020263,4.245
331197,520,454,974,228,32,69,19.06,0.9560,0.5269,0.179596,0,14,40,256.66,0.9999,0.0730,0.004672,4.199
331236,520,372,892,231,99,84,28.86,0.8221,0.6073,0.265554,11,48,24,151.67,0.8933,0.1727,0.022509,4.352
331240,520,441,961,244,0,1,29.17,1.0000,0.5443,0.192388,6,16,47,266.04,0.7805,0.0873,0.006145,4.317
331256,520,293,813,223,106,255,318.49,1.0000,0.6758,0.332177,37,50,109,270.67,0.6641,0.2429,0.037785,4.354
331269,520,443,963,217,36,156,346.43,0.8999,0.5361,0.184162,7,20,21,201.86,0.4107,0.0816,0.005996,4.182
331289,520,403,923,232,70,115,8.33,0.8329,0.5777,0.227768,41,27,15,61.12,0.4147,0.1332,0.012898,4.416
331298,520,438,958,218,28,190,335.83,0.9500,0.5523,0.194559,34,7,24,344.62,0.6314,0.0856,0.005580,4.400
331300,520,269,789,250,118,182,351.89,0.9098,0.6960,0.366611,22,74,18,142.10,0.9585,0.2650,0.051116,4.120
331338,520,337,857,241,113,44,45.18,0.9194,0.6417,0.306958,39,51,39,144.89,0.2575,0.2047,0.029454,4.493
331340,520,413,933,247,35,59,23.27,0.9728,0.5664,0.212955,41,20,29,353.32,0.3909,0.1217,0.010605,4.339
331358,520,380,900,240,85,51,33.91,0.9170,0.5984,0.252644,5,47,9,144.47,0.9792,0.1643,0.020849,4.272
331368,520,438,958,220,19,186,337.43,0.9694,0.5502,0.192290,9,4,70,272.14,0.9779,0.0930,0.005871,4.337
331375,520,432,952,239,30,48,24.94,0.9765,0.5457,0.194960,27,21,4,91.26,0.6667,0.0975,0.007781,4.239
331390,520,409,929,219,63,167,344.30,0.8252,0.5669,0.214074,25,8,89,279.62,0.9493,0.1344,0.011016,4.328
331404,520,453,973,164,54,255,303.55,1.0000,0.5323,0.177514,29,5,17,351.22,0.6376,0.0710,0.004103,4.205
331405,520,362,882,240,9,231,330.43,0.9963,0.6124,0.244929,54,34,52,330.14,0.3468,0.1819,0.021763,4.110
331414,520,356,876,235,62,220,331.93,0.9333,0.6226,0.262773,11,37,95,263.10,0.8822,0.1841,0.022204,4.332
331423,520,381,901,248,55,131,2.94,0.9373,0.5987,0.243309,9,45,31,163.54,0.8295,0.1639,0.020337,4.170
331427,520,342,862,240,46,238,328.67,0.9724,0.6308,0.266550,37,30,97,281.34,0.7597,0.1877,0.021849,4.406
331437,520,404,924,222,7,226,327.38,0.9952,0.5768,0.211748,1,20,83,263.54,0.9835,0.1297,0.011312,4.269
331438,520,453,973,188,3,246,313.99,0.9979,0.5345,0.174116,25,8,10,13.18,0.4585,0.0684,0.004023,4.149
331456,520,315,835,239,82,247,325.84,0.9683,0.6648,0.311031,5,59,67,210.37,0.8983,0.2241,0.035653,4.215
331459,520,362,882,205,97,212,325.12,0.7720,0.6110,0.262835,3,41,79,252.71,0.9032,0.1770,0.021696,4.363
331491,520,436,956,217,66,120,2.98,0.7905,0.5471,0.200066,17,23,13,133.27,0.3288,0.0945,0.007610,4.341
331497,520,369,889,249,67,131,4.43,0.9367,0.6112,0.257961,57,32,33,17.30,0.3517,0.1739,0.020128,4.391
331512,520,317,837,176,138,227,302.82,0.6643,0.6554,0.329534,5,63,14,144.89,0.9882,0.2211,0.036188,4.404
331515,520,479,999,176,87,124,355.43,0.5466,0.5075,0.175030,0,0,1,264.05,1.0000,0.0060,0.000022,4.499
331544,520,364,884,255,10,169,350.10,1.0000,0.6060,0.243452,16,47,35,165.33,0.6575,0.1748,0.022645,4.040
331570,520,384,904,208,96,163,345.63,0.6621,0.5889,0.244218,18,36,45,231.33,0.4097,0.1458,0.015798,4.472
331580,520,447,967,200,50,198,328.65,0.8732,0.5394,0.186395,23,14,12,32.84,0.2382,0.0780,0.005228,4.280
331600,520,401,921,228,71,131,1.26,0.8096,0.5766,0.226418,39,31,4,92.76,0.7980,0.1388,0.014201,4.306
331602,520,329,849,203,106,252,312.76,0.9671,0.6466,0.300340,62,44,41,29.43,0.2275,0.2125,0.029857,4.387
331603,520,432,952,215,45,174,340.18,0.8806,0.5476,0.193821,26,20,31,309.17,0.2643,0.1025,0.008189,4.190
331614,520,397,917,238,11,180,343.33,0.9892,0.5788,0.217147,31,19,77,285.75,0.7790,0.1416,0.012928,4.245
331636,520,366,886,222,83,191,337.55,0.8085,0.6066,0.254799,13,40,67,251.01,0.6717,0.1686,0.020083,4.349
331653,520,417,937,243,26,128,1.12,0.9661,0.5704,0.213553,60,0,0,29.23,1.0000,0.1209,0.009608,4.421
331662,520,447,967,239,15,0,29.79,1.0000,0.5369,0.186957,4,22,2,140.51,0.9598,0.0799,0.006040,4.228
331666,520,296,816,242,129,103,34.07,0.8263,0.6791,0.355597,53,61,10,118.23,0.8459,0.2431,0.041163,4.449
331679,520,403,923,219,18,229,325.88,0.9869,0.5762,0.211520,31,11,77,288.35,0.8655,0.1299,0.010665,4.311
331687,520,352,872,204,93,239,317.24,0.8917,0.6207,0.268994,76,22,17,28.56,0.7648,0.1854,0.021510,4.461
331695,520,480,1000,144,55,255,297.03,1.0000,0.5071,0.158819,0,0,0,0.00,0.0000,0.0000,0.000000,4.176
331699,520,362,882,206,105,179,338.35,0.6458,0.6076,0.264813,29,42,55,248.95,0.3034,0.1765,0.021929,4.377
331705,520,415,935,241,50,98,12.93,0.9216,0.5716,0.218671,0,28,49,244.04,1.0000,0.1157,0.010522,4.439
331708,520,391,911,253,27,111,8.34,0.9851,0.5857,0.228179,14,37,44,220.22,0.5129,0.1459,0.015983,4.216
331735,520,399,919,252,20,117,5.97,0.9830,0.5830,0.224838,42,30,11,77.19,0.5540,0.1413,0.014450,4.264
331738,520,458,978,158,84,223,305.53,0.7983,0.5338,0.189380,6,12,18,246.58,0.3188,0.0595,0.003453,4.478
331742,520,307,827,250,95,187,347.11,0.9414,0.6657,0.320993,27,41,126,269.33,0.8815,0.2330,0.033251,4.456
331743,520,228,748,246,161,72,63.83,0.8828,0.7421,0.455529,20,83,8,141.06,0.9876,0.2943,0.063525,4.453
331761,520,306,826,231,108,218,331.62,0.8545,0.6687,0.327781,55,57,10,111.89,0.8191,0.2332,0.037604,4.312
331803,520,370,890,250,51,158,353.79,0.9556,0.6094,0.251636,59,25,53,334.34,0.5415,0.1718,0.018822,4.383
331820,520,415,935,221,49,197,334.72,0.9086,0.5744,0.216023,47,10,44,331.20,0.7044,0.1229,0.010034,4.431
331827,520,403,923,247,45,99,12.76,0.9456,0.5801,0.225552,30,25,54,289.46,0.4908,0.1325,0.012376,4.418
331829,520,352,872,207,111,184,336.84,0.6347,0.6214,0.280965,21,45,76,255.67,0.6008,0.1932,0.025579,4.379
331856,520,367,887,250,21,199,340.74,0.9873,0.6140,0.249871,24,43,42,191.56,0.3364,0.1694,0.020891,4.230
331888,520,463,983,186,2,242,314.31,0.9984,0.5276,0.168946,17,3,8,354.74,0.5741,0.0462,0.002018,4.209
331890,520,355,875,186,116,210,317.05,0.6555,0.6151,0.275839,3,51,15,147.23,0.9868,0.1784,0.024214,4.391
331903,520,319,839,237,103,170,351.58,0.7988,0.6484,0.306099,28,56,65,220.89,0.4453,0.2228,0.034568,4.211
331907,520,375,895,225,101,62,37.86,0.8214,0.5968,0.256652,1,45,42,187.82,0.9726,0.1650,0.020503,4.349
331912,520,419,939,222,4,202,333.45,0.9955,0.5601,0.198831,47,5,23,358.81,0.7686,0.1056,0.007748,4.309
331923,520,398,918,194,62,247,313.97,0.9541,0.5759,0.216312,29,35,1,118.94,0.9559,0.1384,0.014655,4.119
331926,520,407,927,203,64,218,323.68,0.8778,0.5706,0.214269,33,16,70,291.88,0.7662,0.1320,0.011361,4.307
331931,520,468,988,178,53,218,316.32,0.8823,0.5205,0.170742,6,4,20,287.38,0.6172,0.0423,0.001761,4.265
331933,520,364,884,247,20,206,338.22,0.9882,0.6121,0.247338,15,39,75,258.47,0.7004,0.1728,0.020605,4.211
331949,520,370,890,249,63,151,356.84,0.9397,0.6144,0.259324,13,39,74,256.83,0.7209,0.1711,0.020309,4.399
331965,520,352,872,239,104,20,45.27,0.9708,0.6222,0.283048,15,53,3,139.31,0.9865,0.1882,0.026542,4.351
331973,520,423,943,229,61,109,8.78,0.8523,0.5609,0.211024,28,24,31,310.69,0.1632,0.1144,0.009991,4.351
331993,520,415,935,254,21,32,27.42,0.9963,0.5722,0.217153,53,4,31,352.02,0.8051,0.1195,0.009428,4.495
332000,520,261,781,223,135,226,325.84,0.7804,0.7055,0.385084,79,52,85,320.16,0.3987,0.2749,0.047743,4.451
332001,520,392,912,227,84,127,5.14,0.7660,0.5895,0.242064,30,36,36,196.62,0.0978,0.1510,0.016651,4.382
332005,520,384,904,214,77,203,331.13,0.8303,0.5930,0.239176,64,16,2,37.88,0.9322,0.1499,0.014651,4.473
332011,520,460,980,195,54,198,327.12,0.8536,0.5345,0.183192,8,12,3,125.48,0.5477,0.0561,0.003211,4.382
332019,520,449,969,237,37,26,29.29,0.9734,0.5435,0.194055,36,3,1,31.55,0.9395,0.0748,0.004424,4.484
332035,520,397,917,213,76,183,337.50,0.7901,0.5791,0.227359,26,27,64,278.84,0.5881,0.1409,0.013736,4.352
332049,520,421,941,197,92,152,346.98,0.6261,0.5605,0.217932,11,27,36,234.85,0.4594,0.1106,0.009824,4.479
332068,520,464,984,227,13,89,11.26,0.9815,0.5214,0.173429,15,3,24,309.68,0.7178,0.0513,0.002326,4.270
332081,520,425,945,153,97,237,298.77,0.8304,0.5592,0.214363,33,19,33,326.70,0.3649,0.1100,0.008989,4.482
332082,520,200,720,253,156,198,352.80,0.9385,0.7711,0.487392,38,83,81,191.55,0.5284,0.3191,0.071924,4.408
332095,520,362,882,252,69,86,20.69,0.9762,0.6074,0.256271,63,14,74,319.54,0.7772,0.1770,0.018654,4.461
332102,520,396,916,226,54,181,340.98,0.8858,0.5782,0.221458,8,19,87,267.38,0.9449,0.1360,0.012054,4.375
332110,520,403,923,245,20,149,354.41,0.9781,0.5802,0.220860,31,7,83,286.86,0.9256,0.1320,0.010678,4.464
332130,520,409,929,214,96,84,27.98,0.7187,0.5736,0.233042,22,34,2,127.32,0.9351,0.1292,0.013190,4.479
332131,520,384,904,206,67,229,321.59,0.8978,0.5858,0.227949,1,35,72,253.70,0.9579,0.1538,0.016763,4.163
332148,520,468,988,177,8,251,309.77,0.9947,0.5229,0.164868,8,1,31,288.96,0.9272,0.0447,0.001723,4.154
332167,520,258,778,254,135,111,32.62,0.9803,0.7097,0.395495,8,76,9,142.87,0.9894,0.2670,0.052400,4.351
332207,520,474,994,176,71,194,321.53,0.7642,0.5202,0.176327,6,1,14,304.78,0.7775,0.0308,0.000921,4.445
332233,520,339,859,253,47,219,336.37,0.9897,0.6422,0.280333,74,33,2,52.34,0.9161,0.1991,0.025482,4.376
332244,520,351,871,250,48,197,341.68,0.9677,0.6255,0.264723,36,45,45,196.48,0.1290,0.1864,0.024413,4.229
332258,520,475,995,176,24,243,310.90,0.9770,0.5189,0.163554,6,1,14,304.78,0.7775,0.0308,0.000921,4.194
332296,520,468,988,226,21,86,12.52,0.9674,0.5211,0.173798,7,0,35,284.60,1.0000,0.0449,0.001665,4.332
332315,520,454,974,199,59,175,335.69,0.8034,0.5320,0.183669,19,6,31,305.72,0.6637,0.0666,0.003676,4.353
332316,520,476,996,188,42,194,326.34,0.8776,0.5099,0.162438,1,2,8,267.88,0.6163,0.0246,0.000674,4.192
332317,520,474,994,223,40,7,31.64,0.9915,0.5153,0.172237,5,0,22,291.44,1.0000,0.0318,0.000902,4.366
332322,520,421,941,234,48,122,3.08,0.8985,0.5632,0.210144,42,10,36,335.70,0.6547,0.1096,0.008368,4.457
332324,520,443,963,232,35,103,8.46,0.9359,0.5447,0.193401,3,20,31,237.63,0.7037,0.0838,0.006186,4.332
332326,520,447,967,137,93,247,291.68,0.9139,0.5427,0.198624,5,14,46,266.44,0.8221,0.0815,0.005436,4.485
332342,520,432,952,201,81,150,347.69,0.6898,0.5496,0.205062,5,4,81,267.75,0.9896,0.1050,0.007131,4.464
332346,520,431,951,192,52,229,317.97,0.9159,0.5499,0.193209,21,25,13,123.43,0.3522,0.1036,0.008837,4.134
332365,520,288,808,229,127,187,345.03,0.7063,0.6817,0.354266,22,64,41,156.53,0.7672,0.2357,0.039973,4.493
332384,520,413,933,251,28,3,30.28,0.9980,0.5673,0.213500,14,25,52,265.44,0.5908,0.1174,0.010365,4.365
332394,520,365,885,199,113,176,337.82,0.5736,0.6098,0.270883,2,47,35,170.01,0.9654,0.1693,0.021672,4.477
332399,520,381,901,254,5,169,349.85,0.9967,0.6032,0.240475,5,30,94,263.52,0.9431,0.1647,0.017688,4.291
332419,520,480,1000,131,73,254,291.21,0.9918,0.5121,0.167461,0,0,0,0.00,0.0000,0.0000,0.000000,4.349
332422,520,384,904,185,96,219,315.73,0.7662,0.5855,0.237955,17,39,28,160.57,0.5287,0.1471,0.016540,4.328
332423,520,438,958,183,70,221,316.32,0.8456,0.5483,0.196692,28,14,19,356.86,0.3271,0.0868,0.006080,4.399
332428,520,433,953,215,68,127,359.85,0.7760,0.5481,0.201159,19,13,52,284.38,0.7253,0.0953,0.006742,4.426
332430,520,397,917,241,63,98,14.75,0.9006,0.5829,0.231408,61,12,6,30.90,0.8691,0.1388,0.012684,4.489
332431,520,386,906,184,84,245,309.88,0.9190,0.5850,0.231245,56,24,27,15.44,0.4882,0.1535,0.015733,4.279
332434,520,360,880,236,13,247,325.85,0.9957,0.6171,0.248387,16,21,115,269.03,0.9615,0.1781,0.018842,4.334
332435,520,306,826,254,83,213,338.89,0.9929,0.6706,0.320645,80,42,18,50.74,0.6641,0.2305,0.034053,4.410
332441,520,418,938,135,119,199,291.71,0.5448,0.5560,0.224680,10,33,8,141.99,0.8989,0.1191,0.011697,4.452
332442,520,402,922,226,39,195,336.48,0.9382,0.5755,0.215624,11,2,97,269.65,0.9957,0.1281,0.009776,4.444
332450,520,476,996,172,61,199,319.07,0.8086,0.5052,0.162327,2,1,8,289.57,0.6935,0.0224,0.000521,4.203
332452,520,460,980,221,37,126,358.20,0.8991,0.5315,0.182042,10,12,10,145.30,0.0942,0.0598,0.003494,4.338
332459,520,360,880,209,94,220,324.09,0.8177,0.6173,0.267296,31,37,72,274.11,0.5127,0.1757,0.020823,4.480
332475,520,398,918,245,4,151,353.49,0.9960,0.5774,0.217370,56,6,46,337.62,0.7868,0.1359,0.011684,4.335
332478,520,463,983,231,4,92,10.52,0.9947,0.5285,0.178515,19,0,29,313.34,1.0000,0.0529,0.002272,4.372
332494,520,396,916,241,48,130,1.45,0.9149,0.5795,0.224295,61,5,46,341.65,0.8086,0.1446,0.012981,4.355
332500,520,357,877,242,24,235,329.92,0.9896,0.6222,0.255315,57,26,65,319.07,0.5861,0.1778,0.019904,4.368
332510,520,407,927,202,36,249,316.67,0.9734,0.5705,0.206594,4,29,64,257.27,0.8581,0.1322,0.012746,4.089
332518,520,400,920,169,90,250,303.10,0.9440,0.5776,0.226500,4,37,45,217.43,0.8184,0.1420,0.015383,4.229
332523,520,467,987,224,15,109,3.84,0.9716,0.5215,0.172958,17,1,14,334.41,0.7777,0.0437,0.001726,4.310
332532,520,381,901,227,40,227,328.21,0.9638,0.5979,0.233969,7,40,52,226.52,0.7469,0.1564,0.018106,4.170
332538,520,438,958,220,35,176,340.61,0.9229,0.5515,0.195547,2,10,61,265.57,0.9572,0.0871,0.005669,4.411
332558,520,475,995,209,70,9,38.63,0.9784,0.5176,0.179576,7,3,7,326.70,0.3632,0.0346,0.001256,4.479
332585,520,421,941,217,83,67,29.61,0.8118,0.5559,0.213459,2,32,17,158.09,0.9538,0.1136,0.010864,4.329
332587,520,404,924,171,101,225,308.03,0.7647,0.5791,0.234021,1,38,3,143.77,0.9949,0.1306,0.013992,4.438
332597,520,464,984,208,70,5,39.07,0.9872,0.5156,0.178034,1,12,12,195.01,0.7875,0.0529,0.002959,4.306
332599,520,466,986,157,76,228,304.94,0.8397,0.5248,0.179389,9,8,14,292.81,0.2244,0.0516,0.002634,4.358
332606,520,441,961,191,96,104,16.15,0.5645,0.5405,0.204431,6,20,36,252.40,0.5949,0.0887,0.006664,4.490
332609,520,424,944,230,6,181,341.19,0.9925,0.5630,0.202922,26,6,70,287.64,0.9088,0.1103,0.007920,4.367
332614,520,434,954,220,71,106,10.50,0.7913,0.5541,0.207652,8,25,38,243.56,0.5548,0.1045,0.008868,4.377
332623,520,366,886,219,50,250,320.63,0.9784,0.6070,0.242453,54,35,21,56.82,0.4286,0.1731,0.020406,4.154
332640,520,417,937,244,40,101,11.26,0.9464,0.5714,0.216936,25,26,30,274.56,0.0897,0.1159,0.010392,4.420
332649,520,328,848,248,72,210,338.04,0.9563,0.6479,0.292473,19,43,102,264.26,0.8191,0.2088,0.028254,4.376
332660,520,436,956,201,41,227,321.35,0.9429,0.5548,0.195511,22,18,16,48.28,0.1093,0.0872,0.006406,4.353
332663,520,440,960,203,29,230,321.39,0.9683,0.5537,0.192901,7,23,24,200.72,0.4809,0.0912,0.007239,4.244
332671,520,433,953,194,96,106,15.17,0.5769,0.5459,0.208773,3,26,25,191.19,0.7795,0.0980,0.008283,4.440
332681,520,453,973,225,45,45,26.87,0.9448,0.5258,0.180766,27,2,33,319.80,0.8213,0.0710,0.003863,4.284
332683,520,387,907,216,54,229,324.71,0.9340,0.5902,0.228964,63,17,11,30.29,0.7784,0.1507,0.014820,4.304
332684,520,442,962,167,82,213,311.76,0.7697,0.5355,0.190549,26,11,19,347.36,0.3913,0.0783,0.005060,4.369
332689,520,469,989,168,72,210,313.83,0.7964,0.5208,0.176135,4,7,10,241.77,0.2397,0.0431,0.001997,4.349
332690,520,474,994,203,53,154,344.26,0.8083,0.5220,0.175778,0,5,4,182.95,1.0000,0.0312,0.001173,4.412
332697,520,430,950,182,61,240,311.93,0.9198,0.5516,0.195748,14,17,57,274.19,0.7587,0.1034,0.007896,4.245
332716,520,316,836,199,127,232,314.43,0.7695,0.6639,0.331480,14,62,33,152.78,0.9137,0.2236,0.036483,4.411
332733,520,396,916,251,30,113,7.57,0.9707,0.5835,0.226336,18,24,78,271.95,0.8238,0.1410,0.013319,4.364
332761,520,405,925,248,18,136,359.10,0.9823,0.5806,0.221701,11,12,92,269.51,0.9692,0.1331,0.011067,4.449
332763,520,479,999,141,72,236,297.85,0.8832,0.5058,0.163538,1,0,5,292.48,1.0000,0.0142,0.000174,4.256
332767,520,384,904,239,71,110,11.45,0.8704,0.5905,0.239860,45,26,45,326.79,0.3964,0.1478,0.014862,4.469
332768,520,427,947,220,6,210,330.86,0.9940,0.5621,0.200013,9,25,25,195.55,0.4391,0.0985,0.008235,4.293
332781,520,72,592,249,223,210,48.33,0.6567,0.9085,0.775691,59,115,44,139.49,0.8761,0.4214,0.133727,4.494
332789,520,354,874,213,76,242,320.08,0.9328,0.6151,0.257275,71,11,58,338.44,0.7735,0.1774,0.018846,4.463
332792,520,444,964,231,35,72,18.70,0.9519,0.5354,0.186619,24,12,24,326.77,0.3868,0.0797,0.005231,4.284
332802,520,362,882,248,14,202,339.46,0.9922,0.6102,0.245380,27,6,125,273.93,0.9885,0.1824,0.018438,4.316
332813,520,457,977,197,20,217,323.03,0.9725,0.5301,0.173820,16,11,7,62.51,0.2332,0.0623,0.003649,4.172
332816,520,441,961,213,47,166,342.38,0.8613,0.5412,0.189346,41,8,6,27.72,0.7596,0.0938,0.006583,4.230
332825,520,474,994,175,76,179,326.06,0.7049,0.5159,0.175386,6,1,13,306.73,0.7634,0.0302,0.000895,4.428
332839,520,431,951,190,71,202,323.95,0.8011,0.5471,0.197193,14,22,30,248.89,0.2872,0.0958,0.007609,4.291
332844,520,460,980,237,2,62,20.10,0.9985,0.5346,0.183990,4,11,21,253.12,0.4865,0.0570,0.003193,4.399
332847,520,376,896,243,78,88,21.33,0.9094,0.6008,0.252112,46,36,12,86.73,0.6027,0.1627,0.018692,4.398
332861,520,432,952,201,4,238,319.26,0.9970,0.5492,0.186790,25,7,59,291.70,0.8461,0.0989,0.006744,4.173
332862,520,369,889,227,90,167,348.59,0.7669,0.6126,0.264356,61,31,8,54.68,0.7291,0.1727,0.019897,4.497
332882,520,432,952,225,52,118,3.38,0.8625,0.5476,0.197742,51,1,9,17.38,0.9623,0.1039,0.007454,4.312
332909,520,426,946,209,93,66,34.45,0.7556,0.5570,0.217795,1,33,1,142.63,0.9943,0.1131,0.010963,4.393
332917,520,393,913,200,79,232,318.52,0.8770,0.5921,0.236989,15,29,67,265.86,0.7048,0.1401,0.013855,4.494
332952,520,373,893,234,30,219,331.94,0.9764,0.5999,0.235381,21,43,18,141.40,0.7161,0.1599,0.019308,4.118
332954,520,444,964,194,89,126,359.95,0.6074,0.5406,0.201221,3,20,30,235.05,0.7000,0.0832,0.006134,4.475
332967,520,380,900,185,112,201,320.23,0.6270,0.6016,0.261206,16,45,21,147.45,0.8078,0.1642,0.020410,4.420
332971,520,430,950,204,31,216,325.08,0.9537,0.5460,0.187770,37,14,30,340.02,0.5031,0.1046,0.008012,4.099
332998,520,458,978,195,25,214,323.18,0.9597,0.5264,0.171540,6,4,42,275.69,0.9147,0.0594,0.002927,4.186
333002,520,408,928,202,81,191,331.35,0.7622,0.5719,0.222046,28,7,86,283.15,0.9413,0.1324,0.010707,4.481
333006,520,339,859,252,50,217,336.70,0.9842,0.6412,0.279896,41,38,85,283.09,0.5735,0.1976,0.025135,4.391
333022,520,407,927,235,72,34,34.06,0.9482,0.5713,0.224154,28,20,62,287.48,0.6647,0.1262,0.010950,4.498
333036,520,419,939,214,15,214,328.32,0.9842,0.5560,0.194949,20,18,51,282.09,0.6207,0.1051,0.008203,4.209
333040,520,380,900,245,35,187,343.17,0.9642,0.6038,0.242055,43,21,76,297.68,0.7203,0.1580,0.015717,4.444
333047,520,468,988,203,72,70,24.69,0.7838,0.5154,0.177755,2,6,13,251.34,0.5032,0.0398,0.001722,4.403
333052,520,425,945,189,50,246,313.24,0.9545,0.5571,0.197550,19,7,72,279.59,0.9316,0.1071,0.007583,4.299
333057,520,457,977,166,59,239,307.13,0.9149,0.5258,0.174676,31,2,2,26.37,0.9047,0.0639,0.003392,4.208
333058,520,353,873,252,18,205,339.56,0.9910,0.6202,0.255391,75,18,0,38.27,1.0000,0.1753,0.019287,4.408
333089,520,399,919,243,17,156,351.73,0.9815,0.5784,0.218591,20,35,25,154.56,0.3878,0.1356,0.014209,4.183
333111,520,421,941,241,42,86,15.99,0.9445,0.5631,0.210319,12,19,65,270.53,0.8356,0.1138,0.009255,4.393
333123,520,458,978,219,62,50,28.78,0.8987,0.5304,0.187382,14,3,41,289.90,0.8708,0.0633,0.003186,4.463
333125,520,416,936,206,16,250,317.83,0.9914,0.5698,0.203962,23,14,67,283.03,0.8123,0.1152,0.009015,4.303
333133,520,434,954,217,30,182,337.95,0.9375,0.5467,0.190600,26,10,59,291.72,0.7979,0.1043,0.007525,4.183
333159,520,342,862,210,103,225,322.58,0.8193,0.6348,0.288399,37,44,61,267.07,0.2714,0.1923,0.025316,4.493
333171,520,351,871,254,75,124,8.87,0.9867,0.6265,0.275617,63,36,2,67.02,0.9125,0.1867,0.023230,4.446
333172,520,431,951,217,23,186,336.71,0.9583,0.5460,0.189120,7,22,41,254.97,0.6149,0.0978,0.007791,4.138
333186,520,463,983,230,27,80,15.40,0.9621,0.5307,0.181890,5,5,29,276.93,0.7593,0.0497,0.002295,4.434
333200,520,463,983,222,46,81,16.17,0.9025,0.5265,0.180804,3,3,39,271.26,0.9509,0.0518,0.002310,4.412
333210,520,446,966,212,62,140,352.85,0.7909,0.5410,0.193380,16,14,39,283.95,0.5628,0.0840,0.005707,4.369
333227,520,381,901,180,107,224,311.20,0.7503,0.6000,0.256013,15,44,15,143.55,0.8866,0.1591,0.019373,4.411
333240,520,284,804,227,118,244,322.07,0.9261,0.6923,0.358211,42,60,83,254.91,0.3612,0.2540,0.043484,4.367
333259,520,358,878,252,85,11,38.47,0.9914,0.6181,0.272201,11,50,19,147.17,0.9352,0.1785,0.023993,4.354
333270,520,471,991,190,13,218,320.90,0.9825,0.5168,0.162984,3,6,5,174.74,0.2472,0.0377,0.001606,4.127
333280,520,430,950,199,79,160,342.37,0.7054,0.5482,0.202739,3,21,46,255.78,0.8059,0.0964,0.007529,4.393
333281,520,365,885,229,0,251,323.40,1.0000,0.6058,0.236254,8,42,67,245.08,0.7593,0.1725,0.021127,4.025
333287,520,477,997,179,70,175,329.15,0.7290,0.5116,0.170604,1,1,7,277.79,0.7136,0.0203,0.000435,4.374
333290,520,321,841,245,85,192,343.43,0.9142,0.6475,0.297181,0,48,99,254.72,0.9999,0.2126,0.030146,4.332
333291,520,438,958,194,28,246,315.31,0.9769,0.5514,0.189550,16,1,66,280.26,0.9879,0.0885,0.005252,4.336
333301,520,364,884,207,72,253,315.96,0.9871,0.6097,0.249935,12,47,0,138.60,1.0000,0.1658,0.021111,4.218
333320,520,354,874,236,78,179,345.26,0.8534,0.6182,0.265390,8,50,10,143.70,0.9706,0.1760,0.023547,4.288
333336,520,457,977,218,18,165,343.30,0.9613,0.5343,0.180571,22,0,33,313.23,1.0000,0.0599,0.002804,4.367
333337,520,409,929,230,50,155,350.49,0.8857,0.5698,0.214735,56,3,39,344.71,0.8334,0.1283,0.010525,4.374
333339,520,463,983,214,7,183,336.76,0.9871,0.5341,0.178692,9,9,3,108.44,0.4208,0.0501,0.002600,4.348
333340,520,394,914,216,3,255,319.39,1.0000,0.5876,0.218860,43,12,69,304.57,0.7929,0.1385,0.012062,4.332
333349,520,372,892,231,13,253,323.38,0.9958,0.6130,0.243710,8,45,52,213.00,0.7564,0.1724,0.021762,4.093
333354,520,479,999,180,19,230,315.08,0.9776,0.5119,0.158834,0,0,7,264.05,1.0000,0.0135,0.000153,4.164
333366,520,379,899,240,9,218,333.57,0.9953,0.6040,0.237854,20,12,111,271.94,0.9744,0.1636,0.015593,4.389
333393,520,432,952,239,27,84,15.12,0.9693,0.5503,0.197779,39,1,43,324.04,0.9096,0.0960,0.006275,4.403
333398,520,478,998,215,35,106,4.49,0.8996,0.5112,0.166922,0,0,19,264.05,1.0000,0.0228,0.000470,4.298
333405,520,423,943,236,19,132,358.21,0.9718,0.5553,0.199676,12,24,50,263.79,0.6070,0.1122,0.009617,4.188
333406,520,467,987,217,40,101,7.26,0.8903,0.5170,0.172114,15,2,10,341.18,0.6461,0.0420,0.001669,4.299
333407,520,392,912,253,31,125,4.04,0.9836,0.5916,0.233469,16,18,98,270.70,0.9478,0.1519,0.014245,4.412
333414,520,436,956,164,74,247,303.61,0.9374,0.5470,0.195060,20,5,59,286.43,0.8993,0.0905,0.005730,4.397
333423,520,420,940,237,54,50,27.34,0.9411,0.5583,0.208763,24,18,51,288.19,0.6023,0.1089,0.008658,4.411
333426,520,238,758,250,125,234,332.35,0.9712,0.7299,0.409342,41,76,38,142.30,0.7021,0.2848,0.057801,4.261
333444,520,400,920,231,9,205,334.81,0.9925,0.5795,0.215947,60,13,13,24.49,0.7807,0.1393,0.012777,4.236
333449,520,421,941,236,32,135,357.71,0.9436,0.5617,0.206182,35,20,26,353.94,0.2989,0.1117,0.009323,4.318
333454,520,402,922,182,84,236,311.27,0.8684,0.5756,0.223428,14,32,37,217.75,0.4248,0.1274,0.012599,4.368
333458,520,464,984,199,72,117,1.77,0.7088,0.5207,0.180631,14,2,33,297.69,0.8550,0.0544,0.002466,4.396
333482,520,461,981,215,1,179,338.15,0.9980,0.5323,0.177258,13,1,33,296.91,0.9187,0.0512,0.002171,4.356
333484,520,396,916,186,87,235,312.64,0.8613,0.5845,0.232546,41,27,45,318.58,0.3540,0.1445,0.014448,4.384
333513,520,396,916,230,84,67,29.67,0.8636,0.5808,0.235717,7,39,2,140.39,0.9861,0.1366,0.015005,4.395
333514,520,388,908,193,96,207,322.44,0.7321,0.5892,0.242094,46,33,11,78.51,0.6010,0.1546,0.016928,4.364
333527,520,475,995,180,69,192,323.69,0.7715,0.5225,0.177665,7,1,18,301.62,0.8218,0.0342,0.001106,4.455
333537,520,382,902,221,39,239,323.84,0.9695,0.5955,0.230573,42,37,12,98.15,0.6022,0.1603,0.018420,4.101
333548,520,443,963,239,14,8,29.23,0.9937,0.5369,0.186857,13,0,61,279.28,1.0000,0.0782,0.004225,4.368
333550,520,405,925,235,29,182,342.28,0.9615,0.5798,0.219211,42,18,54,313.00,0.6199,0.1336,0.011912,4.348
333551,520,457,977,234,19,9,29.43,0.9922,0.5277,0.179811,19,7,3,46.65,0.5254,0.0562,0.002970,4.339
333555,520,426,946,249,22,17,29.02,0.9905,0.5611,0.207577,36,2,67,301.07,0.9484,0.1143,0.008238,4.423
333584,520,475,995,226,3,97,8.03,0.9951,0.5191,0.170998,1,3,9,259.20,0.5914,0.0284,0.000913,4.341
333586,520,381,901,234,83,137,1.85,0.8066,0.6038,0.254878,18,31,86,268.47,0.8170,0.1643,0.017804,4.496
333597,520,452,972,236,21,39,25.95,0.9861,0.5345,0.185189,5,18,21,213.32,0.4838,0.0748,0.005190,4.261
333605,520,435,955,158,93,219,305.27,0.7537,0.5452,0.202127,34,2,49,312.29,0.8944,0.0941,0.006053,4.498
333617,520,349,869,172,120,246,300.67,0.8547,0.6278,0.288577,6,52,30,157.21,0.9420,0.1862,0.025883,4.462
333629,520,458,978,225,7,120,359.89,0.9863,0.5253,0.175184,12,6,33,289.16,0.7043,0.0608,0.003182,4.234
333635,520,445,965,196,53,202,326.27,0.8660,0.5379,0.185478,17,1,54,287.10,0.9736,0.0755,0.004072,4.355
333637,520,419,939,176,75,242,308.61,0.9099,0.5603,0.206739,13,28,33,221.30,0.3836,0.1131,0.010258,4.261
333650,520,436,956,212,45,182,336.84,0.8841,0.5467,0.192533,30,14,14,19.99,0.3679,0.0879,0.006218,4.314
333662,520,392,912,235,81,101,16.64,0.8406,0.5926,0.244895,22,39,19,140.75,0.5742,0.1479,0.016686,4.422
333682,520,426,946,237,25,133,358.28,0.9609,0.5598,0.203963,3,27,41,237.19,0.7837,0.1092,0.009633,4.259
333689,520,457,977,204,11,204,328.33,0.9834,0.5303,0.174382,27,1,15,348.79,0.8198,0.0591,0.002892,4.242
333698,520,441,961,239,11,53,22.73,0.9930,0.5395,0.188504,14,6,63,277.80,0.9320,0.0911,0.005825,4.272
333704,520,334,854,247,63,212,337.06,0.9551,0.6392,0.280856,25,54,13,137.84,0.9090,0.1979,0.028740,4.202
333710,520,416,936,228,54,150,352.07,0.8659,0.5672,0.213370,44,20,2,56.66,0.8294,0.1194,0.010402,4.360
333724,520,474,994,190,66,158,339.48,0.7377,0.5151,0.173138,0,3,12,253.99,0.9999,0.0285,0.000917,4.382
333761,520,408,928,223,86,44,37.03,0.8894,0.5681,0.225280,7,19,86,266.91,0.9459,0.1343,0.011827,4.452
333763,520,450,970,200,19,226,321.66,0.9797,0.5417,0.182377,1,2,57,265.67,0.9916,0.0678,0.003452,4.347
333773,520,443,963,241,8,0,29.51,1.0000,0.5395,0.188779,21,8,35,303.40,0.6460,0.0753,0.004545,4.378
333780,520,432,952,210,31,200,330.95,0.9430,0.5455,0.188538,22,23,22,145.48,0.0316,0.1019,0.008413,4.084
333803,520,441,961,195,36,229,319.29,0.9515,0.5434,0.185225,28,13,30,322.68,0.4626,0.0898,0.006285,4.179
333821,520,366,886,235,97,68,33.54,0.8637,0.6086,0.266317,10,49,8,142.36,0.9658,0.1730,0.022786,4.346
333823,520,389,909,250,60,23,32.51,0.9806,0.5875,0.236212,64,11,39,352.67,0.7416,0.1534,0.014760,4.420
333835,520,420,940,212,65,169,341.79,0.8030,0.5576,0.206443,40,5,54,314.06,0.8252,0.1121,0.008260,4.402
333841,520,448,968,144,89,242,295.67,0.8808,0.5397,0.194849,1,7,57,265.06,0.9691,0.0769,0.004538,4.490
333857,520,454,974,199,18,216,323.85,0.9760,0.5321,0.175343,13,6,43,284.68,0.8097,0.0699,0.003902,4.181
333864,520,436,956,244,30,26,28.65,0.9827,0.5543,0.202397,25,19,15,55.52,0.1816,0.0927,0.007069,4.423
333917,520,369,889,210,68,251,317.43,0.9772,0.6087,0.248025,3,1,130,264.95,0.9993,0.1734,0.016526,4.480
333928,520,463,983,177,49,241,310.77,0.9333,0.5341,0.178956,6,6,23,280.05,0.5823,0.0489,0.002308,4.377
333930,520,477,997,191,25,205,324.39,0.9493,0.5128,0.161809,2,0,11,290.67,1.0000,0.0202,0.000371,4.205
333932,520,454,974,225,28,98,8.64,0.9447,0.5253,0.177227,11,15,26,268.48,0.3343,0.0740,0.004874,4.141
333971,520,421,941,237,40,102,9.97,0.9336,0.5576,0.204846,0,25,51,250.69,1.0000,0.1089,0.009342,4.295
333973,520,411,931,211,68,188,335.00,0.8195,0.5693,0.216159,32,25,14,78.43,0.3416,0.1159,0.010341,4.411
333981,520,402,922,223,10,227,327.37,0.9935,0.5798,0.214534,4,35,36,198.06,0.8096,0.1312,0.013552,4.162
333985,520,333,853,242,46,247,327.04,0.9778,0.6401,0.275493,33,42,89,272.29,0.6064,0.2034,0.027004,4.227
333988,520,445,965,152,88,232,300.71,0.8262,0.5395,0.194813,36,1,25,342.85,0.8563,0.0793,0.004670,4.478
333997,520,350,870,235,40,251,324.54,0.9862,0.6278,0.261472,24,53,9,136.99,0.9377,0.1935,0.027600,4.014
334034,520,414,934,218,6,220,327.85,0.9949,0.5654,0.202052,39,18,33,338.58,0.4406,0.1165,0.009738,4.219
334038,520,467,987,230,7,30,26.62,0.9957,0.5168,0.170718,14,4,5,11.94,0.4247,0.0439,0.001912,4.252
334042,520,413,933,246,1,121,3.22,0.9990,0.5676,0.209985,11,11,80,270.90,0.9561,0.1164,0.008896,4.414
334045,520,469,989,185,2,232,316.26,0.9979,0.5174,0.161852,2,8,5,165.30,0.5425,0.0419,0.001975,4.076
334070,520,475,995,170,73,198,317.94,0.7608,0.5165,0.173893,1,2,22,268.88,0.9274,0.0329,0.001078,4.383
334075,520,459,979,192,63,183,330.81,0.7911,0.5291,0.181819,27,4,11,2.12,0.6581,0.0638,0.003440,4.338
334079,520,409,929,211,33,226,324.43,0.9629,0.5662,0.204295,43,24,29,2.66,0.3238,0.1332,0.012556,4.065
334086,520,474,994,211,18,161,342.86,0.9526,0.5187,0.168570,10,0,9,330.88,1.0000,0.0299,0.000843,4.299
334100,520,390,910,230,17,223,330.01,0.9890,0.5910,0.225541,50,21,52,324.89,0.5691,0.1496,0.014624,4.264
334108,520,385,905,238,23,202,337.28,0.9805,0.5942,0.230571,4,38,55,235.23,0.8225,0.1509,0.016878,4.195
334116,520,323,843,236,68,251,324.37,0.9841,0.6491,0.289345,26,30,128,271.03,0.9327,0.2142,0.027065,4.403
334119,520,322,842,215,115,213,327.96,0.7435,0.6539,0.315142,39,52,55,213.36,0.1809,0.2139,0.031631,4.473
334129,520,398,918,182,99,208,317.60,0.7050,0.5792,0.234238,18,36,40,213.44,0.3770,0.1432,0.015435,4.344
334137,520,0,520,255,255,255,0.00,0.0000,1.0000,1.000000,33,138,16,141.44,0.9906,0.4826,0.185370,4.461
334138,520,355,875,246,77,131,5.37,0.9009,0.6161,0.265425,52,37,43,352.96,0.2132,0.1821,0.022277,4.364
334158,520,424,944,131,103,249,287.48,0.9222,0.5557,0.213651,39,21,2,66.58,0.8244,0.1136,0.009721,4.415
334191,520,436,956,225,22,158,347.28,0.9564,0.5457,0.190526,23,1,61,290.52,0.9759,0.0897,0.005408,4.341
334192,520,359,879,244,54,196,340.74,0.9371,0.6183,0.258599,79,8,27,12.32,0.8598,0.1778,0.019154,4.463
334199,520,390,910,238,80,27,36.91,0.9621,0.5863,0.239967,47,28,43,334.55,0.3505,0.1540,0.016093,4.387
334201,520,454,974,182,43,236,313.66,0.9400,0.5329,0.177301,1,17,9,163.08,0.9241,0.0650,0.004271,4.188
334203,520,430,950,198,14,242,317.48,0.9902,0.5497,0.187322,44,9,14,15.42,0.6877,0.1027,0.007626,4.118
334211,520,418,938,187,107,127,4.48,0.4760,0.5618,0.226138,1,35,11,149.87,0.9893,0.1217,0.012326,4.431
334230,520,341,861,250,15,225,334.08,0.9945,0.6276,0.261050,73,27,62,337.72,0.6045,0.2041,0.025483,4.121
334231,520,396,916,212,35,239,321.58,0.9700,0.5784,0.214330,30,16,83,283.87,0.8491,0.1422,0.012711,4.215
334245,520,444,964,238,19,82,15.16,0.9807,0.5447,0.192553,21,13,19,335.53,0.2450,0.0759,0.004943,4.415
334249,520,357,877,255,39,168,351.06,1.0000,0.6157,0.255417,55,38,29,48.99,0.3024,0.1839,0.022872,4.191
334252,520,353,873,203,98,223,320.99,0.8076,0.6162,0.267610,64,33,6,57.33,0.7858,0.1820,0.021910,4.417
334263,520,327,847,246,93,164,354.73,0.8837,0.6470,0.301048,83,30,28,24.91,0.6534,0.2144,0.028517,4.471
334276,520,313,833,251,89,184,347.91,0.9536,0.6586,0.311178,69,46,9,74.64,0.7886,0.2211,0.032391,4.384
334278,520,422,942,220,55,161,346.27,0.8476,0.5582,0.205236,52,1,18,6.73,0.9370,0.1084,0.007956,4.404
334294,520,400,920,222,85,110,12.40,0.7472,0.5770,0.231548,8,30,71,261.37,0.8277,0.1428,0.014350,4.375
334312,520,471,991,203,22,188,332.48,0.9499,0.5211,0.169031,3,2,26,276.60,0.8970,0.0382,0.001374,4.263
334333,520,403,923,246,34,128,2.04,0.9552,0.5801,0.222988,8,35,11,145.57,0.9118,0.1251,0.012778,4.348
334339,520,414,934,221,8,212,330.60,0.9925,0.5656,0.203016,2,8,92,265.28,0.9874,0.1237,0.009592,4.246
334352,520,442,962,243,7,30,26.91,0.9967,0.5449,0.193039,42,2,1,29.58,0.9610,0.0848,0.005379,4.389
334360,520,377,897,249,58,127,4.82,0.9437,0.6018,0.247016,33,24,83,283.73,0.7520,0.1585,0.016011,4.499
334369,520,408,928,231,26,174,343.71,0.9597,0.5668,0.207865,37,26,16,63.32,0.3430,0.1254,0.011695,4.180
334403,520,440,960,195,70,193,328.44,0.7915,0.5482,0.198342,20,20,6,108.71,0.5080,0.0876,0.006622,4.386
334408,520,332,852,246,93,145,2.51,0.8758,0.6402,0.294689,40,49,30,128.93,0.3606,0.1970,0.027415,4.453
334430,520,433,953,221,29,184,338.35,0.9466,0.5548,0.197140,7,12,63,269.66,0.9237,0.0958,0.006670,4.361
334431,520,385,905,239,29,180,343.78,0.9649,0.5862,0.225277,1,28,87,261.79,0.9840,0.1509,0.015250,4.219
334435,520,466,986,197,12,213,324.11,0.9834,0.5247,0.169390,15,2,32,300.62,0.8439,0.0547,0.002493,4.179
334437,520,464,984,143,92,211,300.82,0.7186,0.5193,0.181973,16,4,3,29.16,0.5287,0.0456,0.002036,4.458
334438,520,352,872,246,56,184,344.87,0.9354,0.6173,0.258850,18,21,122,269.34,0.9656,0.1883,0.020699,4.369
334454,520,401,921,203,70,228,320.86,0.8856,0.5836,0.226798,44,9,71,305.01,0.8333,0.1384,0.011858,4.475
334466,520,247,767,143,178,230,258.12,0.5931,0.7175,0.433927,11,77,65,176.85,0.9093,0.2834,0.057603,4.497
334473,520,321,841,246,108,78,33.79,0.9148,0.6458,0.308711,1,60,33,156.62,0.9937,0.2130,0.033478,4.297
334474,520,353,873,246,70,165,351.91,0.9144,0.6211,0.266929,55,38,1,82.37,0.9599,0.1791,0.022007,4.401
334482,520,354,874,249,24,210,337.64,0.9865,0.6193,0.254493,1,8,130,264.46,0.9946,0.1788,0.017916,4.483
334496,520,365,885,253,21,178,347.23,0.9859,0.6090,0.246368,3,31,99,262.93,0.9668,0.1717,0.019000,4.295
334499,520,426,946,229,43,157,349.21,0.9046,0.5638,0.208228,32,21,27,345.13,0.2360,0.1103,0.009226,4.360
334501,520,457,977,210,76,48,33.55,0.8586,0.5305,0.190862,11,8,34,284.02,0.6636,0.0646,0.003603,4.493
334506,520,456,976,187,3,237,315.68,0.9973,0.5251,0.167456,16,5,35,296.45,0.7460,0.0642,0.003401,4.072
334509,520,459,979,221,42,96,10.03,0.8974,0.5251,0.178753,8,10,32,275.65,0.6111,0.0648,0.003730,4.257
334515,520,459,979,230,43,35,28.65,0.9582,0.5336,0.186751,24,3,14,348.73,0.6793,0.0582,0.002911,4.475
334532,520,471,991,199,22,190,330.81,0.9484,0.5152,0.164354,15,4,2,38.70,0.5683,0.0441,0.001928,4.128
334537,520,260,780,248,107,254,326.01,0.9957,0.7123,0.376300,67,59,69,319.46,0.1365,0.2683,0.047509,4.372
334539,520,437,957,240,39,9,31.03,0.9924,0.5502,0.199994,13,17,44,273.82,0.6051,0.0917,0.006683,4.410
334559,520,397,917,179,94,226,311.74,0.7963,0.5789,0.230809,27,24,74,280.27,0.7164,0.1441,0.013807,4.401
334565,520,389,909,220,61,217,328.83,0.9083,0.5947,0.235650,32,25,69,286.44,0.6380,0.1465,0.014320,4.441
334577,520,388,908,244,58,112,9.41,0.9137,0.5877,0.234323,62,16,15,25.06,0.7419,0.1479,0.014294,4.422
334578,520,479,999,163,92,144,337.80,0.4993,0.5053,0.174553,2,0,3,318.71,1.0000,0.0147,0.000195,4.474
334592,520,427,947,187,73,218,318.28,0.8332,0.5558,0.203930,26,13,46,298.59,0.6440,0.0977,0.007047,4.451
334597,520,295,815,249,75,253,327.02,0.9932,0.6774,0.322665,46,50,96,277.46,0.5161,0.2396,0.037065,4.280
334616,520,349,869,197,104,246,312.31,0.9105,0.6317,0.284258,35,48,12,126.69,0.7607,0.1857,0.024977,4.458
334662,520,403,923,203,80,205,327.07,0.8020,0.5804,0.228432,17,27,64,268.98,0.6697,0.1339,0.012732,4.438
334666,520,422,942,224,15,188,337.81,0.9798,0.5576,0.198223,37,21,11,52.29,0.4569,0.1124,0.009539,4.169
334676,520,475,995,187,18,221,319.26,0.9755,0.5156,0.162192,7,2,3,3.45,0.4120,0.0299,0.000952,4.165
334681,520,477,997,202,70,29,36.66,0.9121,0.5054,0.170277,6,1,0,47.34,1.0000,0.0238,0.000604,4.353
334683,520,469,989,178,58,213,317.39,0.8562,0.5216,0.172963,16,0,22,317.96,1.0000,0.0442,0.001681,4.314
334689,520,457,977,232,32,37,27.07,0.9733,0.5309,0.183255,15,7,16,322.96,0.3688,0.0559,0.002909,4.409
334721,520,418,938,187,78,213,319.40,0.8039,0.5586,0.208189,39,16,39,327.23,0.5331,0.1159,0.009484,4.340
334723,520,313,833,237,125,33,53.33,0.9360,0.6555,0.327842,21,62,12,140.39,0.9581,0.2228,0.036311,4.378
334740,520,471,991,150,84,221,302.82,0.7886,0.5221,0.180455,4,4,11,282.74,0.3885,0.0357,0.001368,4.486
334763,520,429,949,230,47,110,6.74,0.8954,0.5508,0.199847,13,11,68,274.20,0.9151,0.1035,0.007422,4.351
334769,520,394,914,248,55,92,16.30,0.9507,0.5880,0.234650,4,39,4,142.88,0.9801,0.1355,0.014856,4.389
334778,520,367,887,245,80,83,23.57,0.9260,0.6059,0.257776,73,12,43,354.43,0.7623,0.1745,0.018541,4.490
334794,520,439,959,209,12,220,325.55,0.9881,0.5508,0.189875,18,0,71,280.66,1.0000,0.0950,0.005835,4.296
334811,520,344,864,236,98,132,7.65,0.7881,0.6260,0.282369,54,40,39,23.16,0.1847,0.1907,0.024484,4.462
334817,520,330,850,228,95,200,336.58,0.8167,0.6365,0.288508,4,59,34,157.41,0.9713,0.2107,0.032691,4.094
334837,520,284,804,250,133,25,54.86,0.9743,0.6900,0.371722,24,69,36,149.61,0.8539,0.2520,0.045776,4.403
334838,520,448,968,160,71,255,301.00,1.0000,0.5450,0.192005,31,10,0,53.63,1.0000,0.0784,0.005084,4.393
334860,520,304,824,197,140,191,330.20,0.4713,0.6657,0.343890,12,65,37,155.22,0.9281,0.2343,0.039922,4.380
334867,520,381,901,224,61,219,329.36,0.9175,0.6027,0.243015,9,30,84,264.21,0.8814,0.1557,0.016266,4.422
334903,520,415,935,221,63,167,344.82,0.8307,0.5704,0.217196,39,24,4,72.35,0.7383,0.1210,0.010934,4.385
334906,520,443,963,210,76,83,20.79,0.7668,0.5364,0.194973,0,6,60,264.03,1.0044,0.0779,0.004565,4.490
334908,520,425,945,231,73,36,34.18,0.9380,0.5650,0.218843,16,29,20,153.61,0.3869,0.1130,0.010394,4.452
334915,520,399,919,236,72,70,25.54,0.8973,0.5774,0.229128,9,30,66,260.41,0.7716,0.1388,0.013799,4.375
334935,520,284,804,247,120,166,359.00,0.8455,0.6886,0.359630,27,69,26,143.10,0.8979,0.2514,0.045637,4.283
334936,520,304,824,255,61,246,330.20,1.0000,0.6711,0.312544,92,26,30,20.87,0.7397,0.2265,0.031082,4.471
334946,520,417,937,251,4,85,15.15,0.9974,0.5690,0.212556,6,4,90,267.67,0.9918,0.1180,0.008637,4.478
334947,520,322,842,246,69,224,333.61,0.9565,0.6495,0.292337,51,47,51,325.79,0.0726,0.2100,0.029759,4.292
334954,520,441,961,206,28,202,329.34,0.9488,0.5383,0.182185,33,3,39,320.72,0.8100,0.0862,0.005350,4.195
334957,520,465,985,110,94,247,281.93,0.9316,0.5182,0.180353,14,8,0,86.62,1.0000,0.0517,0.002670,4.373
334964,520,447,967,101,112,236,275.55,0.8420,0.5370,0.204105,3,23,11,156.05,0.8714,0.0843,0.006563,4.492
334969,520,480,1000,164,45,244,306.26,0.9471,0.5146,0.163016,0,0,0,0.00,0.0000,0.0000,0.000000,4.260
334986,520,459,979,215,61,84,16.91,0.8341,0.5275,0.184271,18,8,21,318.26,0.4382,0.0635,0.003564,4.374
334991,520,458,978,157,83,221,305.73,0.7928,0.5295,0.185756,13,9,17,307.18,0.2787,0.0585,0.003214,4.430
334996,520,363,883,223,48,241,323.75,0.9613,0.6057,0.241549,59,31,23,36.76,0.4618,0.1720,0.019718,4.182
335002,520,477,997,174,73,178,326.12,0.7148,0.5095,0.169792,2,1,6,294.08,0.6164,0.0213,0.000478,4.354
335023,520,475,995,195,9,211,324.08,0.9866,0.5190,0.165022,2,3,17,272.58,0.7242,0.0337,0.001185,4.201
335024,520,378,898,215,112,34,52.05,0.8781,0.5967,0.261530,6,44,42,189.82,0.8214,0.1636,0.020072,4.446
335041,520,411,931,208,32,235,321.50,0.9695,0.5673,0.204429,16,19,69,273.54,0.8260,0.1204,0.010055,4.237
335042,520,390,910,224,77,172,344.65,0.8019,0.5933,0.241360,48,28,39,345.83,0.3329,0.1536,0.016054,4.411
335047,520,260,780,248,109,247,327.85,0.9695,0.7109,0.376116,79,55,71,339.43,0.2762,0.2746,0.048497,4.326
335054,520,404,924,237,66,101,13.73,0.8729,0.5790,0.228436,10,30,55,255.28,0.6562,0.1306,0.012689,4.442
335055,520,460,980,215,14,171,340.64,0.9706,0.5306,0.177037,12,6,26,295.32,0.6010,0.0560,0.002830,4.298
335065,520,433,953,243,27,7,30.04,0.9947,0.5500,0.198574,13,11,61,275.64,0.8796,0.0958,0.006618,4.390
335074,520,445,965,193,0,246,315.39,1.0000,0.5419,0.179926,15,13,41,282.58,0.6202,0.0827,0.005495,4.143
335078,520,469,989,209,7,176,337.56,0.9839,0.5204,0.168440,2,0,38,270.34,1.0000,0.0429,0.001528,4.239
335089,520,456,976,193,38,209,323.72,0.9198,0.5263,0.173287,1,15,3,148.00,0.9637,0.0579,0.003547,4.170
335104,520,382,902,248,38,157,353.06,0.9529,0.5970,0.237803,15,42,40,188.90,0.5513,0.1601,0.019106,4.165
335112,520,462,982,200,27,212,325.06,0.9562,0.5344,0.178184,1,5,36,265.41,0.9399,0.0517,0.002424,4.353
335124,520,319,839,217,102,237,321.50,0.8897,0.6505,0.303705,18,60,38,157.15,0.8098,0.2197,0.035001,4.161
335126,520,137,657,236,194,225,335.55,0.6214,0.8367,0.618537,45,102,40,142.07,0.8963,0.3717,0.102135,4.394
335129,520,368,888,236,56,205,336.28,0.9285,0.6106,0.250717,73,10,48,348.98,0.7806,0.1750,0.018472,4.392
335145,520,392,912,252,40,103,11.62,0.9775,0.5880,0.231959,23,7,104,275.02,0.9778,0.1512,0.013335,4.452
335148,520,462,982,226,5,115,1.79,0.9906,0.5252,0.175179,1,9,27,257.04,0.8378,0.0536,0.002809,4.264
335152,520,407,927,229,68,107,10.76,0.8333,0.5677,0.218566,50,13,47,331.04,0.6773,0.1339,0.011713,4.352
335168,520,461,981,217,45,136,354.12,0.8613,0.5332,0.184085,12,7,7,18.41,0.1779,0.0496,0.002455,4.463
335176,520,333,853,252,85,146,1.82,0.9543,0.6409,0.292711,22,45,85,260.65,0.6558,0.2006,0.027031,4.449
335188,520,399,919,227,13,217,330.78,0.9904,0.5807,0.216309,2,12,100,265.05,0.9840,0.1396,0.011958,4.298
335189,520,457,977,195,18,220,321.76,0.9769,0.5283,0.172036,0,5,48,263.82,1.0023,0.0625,0.003219,4.172
335204,520,398,918,182,92,225,313.31,0.8003,0.5793,0.230365,40,11,78,296.68,0.8465,0.1419,0.012405,4.493
335211,520,464,984,207,64,104,7.88,0.7740,0.5210,0.179338,20,0,17,333.66,1.0000,0.0468,0.001892,4.420
335216,520,380,900,212,55,244,320.01,0.9516,0.5952,0.232628,10,26,98,266.60,0.9331,0.1629,0.016850,4.228
335251,520,429,949,159,76,254,300.39,0.9903,0.5491,0.196959,20,18,47,283.32,0.5704,0.1019,0.007866,4.268
335264,520,298,818,230,120,183,346.26,0.7266,0.6696,0.336770,1,63,52,176.28,0.9886,0.2294,0.038092,4.391
335280,520,2,522,255,255,255,0.00,0.0000,1.0000,1.000000,44,137,34,141.74,0.9679,0.4838,0.185416,4.460
335288,520,447,967,202,5,219,323.99,0.9943,0.5363,0.177813,11,16,34,270.48,0.4817,0.0810,0.005572,4.099
335308,520,389,909,233,47,187,340.66,0.9241,0.5888,0.229472,30,13,91,282.19,0.9074,0.1473,0.013192,4.423
335313,520,400,920,206,47,241,319.28,0.9516,0.5774,0.215074,5,22,89,265.34,0.9453,0.1425,0.013273,4.189
335316,520,382,902,253,61,41,30.21,0.9906,0.5956,0.243839,11,26,95,266.97,0.9242,0.1598,0.016361,4.428
335356,520,394,914,236,31,193,339.36,0.9642,0.5885,0.226659,4,19,90,265.44,0.9588,0.1378,0.012296,4.441
335357,520,425,945,206,22,240,319.97,0.9835,0.5637,0.199886,1,31,16,158.22,0.9768,0.1095,0.010238,4.148
335361,520,14,534,254,253,187,107.12,0.9806,0.9759,0.949097,25,135,55,147.38,0.9770,0.4748,0.178097,4.380
335362,520,421,941,234,61,79,20.32,0.8966,0.5633,0.213974,16,23,52,270.73,0.5886,0.1138,0.009709,4.421
335386,520,441,961,217,55,121,1.00,0.8277,0.5360,0.188670,24,3,55,294.60,0.9096,0.0876,0.005352,4.312
335389,520,446,966,167,66,248,305.08,0.9514,0.5423,0.188898,34,7,0,43.49,1.0000,0.0781,0.004921,4.350
335394,520,472,992,193,56,177,333.13,0.8065,0.5198,0.173417,3,0,27,278.83,1.0000,0.0335,0.000985,4.382
335413,520,429,949,243,27,50,24.44,0.9812,0.5530,0.200723,28,11,49,300.55,0.7071,0.0993,0.007080,4.392
335415,520,468,988,148,76,240,299.18,0.8937,0.5234,0.177563,7,5,11,301.75,0.3005,0.0415,0.001779,4.395
335437,520,426,946,222,14,199,334.26,0.9836,0.5603,0.199696,8,29,13,149.45,0.7705,0.1062,0.009594,4.190
335440,520,438,958,192,67,205,323.84,0.8239,0.5476,0.196300,0,15,55,261.19,1.0000,0.0886,0.006174,4.385
335444,520,259,779,188,149,254,299.87,0.9637,0.7058,0.393423,51,68,30,129.02,0.6051,0.2654,0.049317,4.465
335448,520,459,979,221,58,26,32.79,0.9564,0.5278,0.184755,16,12,2,92.99,0.6590,0.0630,0.003775,4.366
335461,520,375,895,227,1,244,324.45,0.9996,0.5973,0.228866,44,9,94,293.35,0.9105,0.1624,0.015390,4.265
335516,520,476,996,226,15,53,22.13,0.9864,0.5127,0.167704,2,2,5,283.18,0.3513,0.0245,0.000673,4.296
335546,520,341,861,202,96,255,312.55,1.0000,0.6330,0.281435,17,46,85,256.77,0.7123,0.2009,0.027289,4.288
335551,520,426,946,225,4,191,337.16,0.9950,0.5589,0.198585,32,9,57,300.92,0.7871,0.1084,0.007979,4.288
335561,520,1,521,255,255,255,0.00,0.0000,1.0000,1.000000,29,138,12,141.57,0.9935,0.4815,0.184640,4.475
335565,520,446,966,218,76,31,36.81,0.9271,0.5438,0.201757,12,19,22,226.05,0.2095,0.0827,0.006018,4.494
335579,520,476,996,176,54,201,320.18,0.8401,0.5055,0.160866,1,2,0,126.59,1.0000,0.0203,0.000499,4.176
335580,520,401,921,254,38,14,30.42,0.9963,0.5790,0.224926,46,27,3,69.70,0.8192,0.1385,0.013714,4.315
335583,520,441,961,223,45,124,359.98,0.8777,0.5402,0.190226,12,3,67,275.54,0.9755,0.0897,0.005485,4.330
335604,520,387,907,227,3,237,326.02,0.9985,0.5926,0.225128,16,40,17,144.65,0.7694,0.1468,0.016682,4.126
335621,520,418,938,247,21,84,15.63,0.9829,0.5646,0.209541,18,8,85,275.25,0.9598,0.1235,0.009581,4.356
335647,520,449,969,221,41,138,354.01,0.8855,0.5388,0.187956,29,4,5,20.81,0.7322,0.0653,0.003590,4.440
335649,520,364,884,251,63,122,7.48,0.9589,0.6084,0.254728,44,26,77,296.14,0.6608,0.1690,0.018101,4.475
335651,520,455,975,198,43,191,330.18,0.8810,0.5259,0.174968,7,7,28,279.21,0.6333,0.0551,0.002810,4.260
335676,520,470,990,185,20,228,316.98,0.9758,0.5187,0.164173,8,1,24,296.27,0.8770,0.0393,0.001393,4.167
335678,520,464,984,185,57,194,325.11,0.8231,0.5182,0.171369,4,5,27,274.49,0.7520,0.0473,0.002135,4.246
335698,520,357,877,215,77,244,320.14,0.9422,0.6206,0.262882,12,48,37,169.40,0.7558,0.1770,0.023255,4.271
335700,520,377,897,213,68,235,322.07,0.9155,0.6019,0.242803,56,28,7,54.44,0.7236,0.1575,0.016867,4.379
335705,520,301,821,240,113,165,356.36,0.7925,0.6663,0.330547,13,65,31,150.62,0.9417,0.2331,0.039649,4.245
335707,520,371,891,245,32,192,341.69,0.9704,0.6050,0.242544,22,42,51,228.53,0.3998,0.1694,0.020655,4.140
335714,520,423,943,242,5,128,0.33,0.9943,0.5626,0.205476,48,1,40,336.35,0.9003,0.1104,0.008034,4.402
335746,520,58,578,254,225,233,359.19,0.8936,0.9251,0.808053,49,117,90,164.56,0.6894,0.4332,0.141132,4.489
335763,520,463,983,196,17,221,321.80,0.9792,0.5304,0.173587,11,2,35,290.29,0.8831,0.0531,0.002359,4.270
335764,520,379,899,232,47,207,334.65,0.9410,0.5982,0.236964,61,22,42,350.60,0.5668,0.1644,0.017332,4.262
335790,520,372,892,255,17,184,345.88,1.0000,0.6146,0.251251,18,18,111,270.47,0.9620,0.1697,0.017088,4.490
335794,520,459,979,226,37,70,19.09,0.9426,0.5259,0.179369,9,12,9,145.15,0.1491,0.0587,0.003407,4.295
335798,520,39,559,243,253,99,112.75,0.9789,0.9517,0.902064,24,130,14,141.99,0.9917,0.4542,0.161905,4.493
335813,520,473,993,194,38,200,326.46,0.9070,0.5216,0.170273,0,1,23,264.09,0.9821,0.0295,0.000836,4.333
335820,520,461,981,219,58,50,27.89,0.9068,0.5261,0.183191,4,8,21,265.47,0.5239,0.0504,0.002536,4.439
335850,520,349,869,249,72,169,351.33,0.9384,0.6301,0.276422,10,54,18,146.25,0.9572,0.1917,0.027464,4.214
335858,520,446,966,194,24,233,318.30,0.9747,0.5391,0.180072,15,14,27,286.75,0.3472,0.0756,0.004948,4.187
335864,520,359,879,232,61,229,328.82,0.9409,0.6223,0.261528,60,29,54,334.69,0.4839,0.1815,0.021058,4.384
335870,520,455,975,220,6,153,347.49,0.9867,0.5291,0.176483,8,3,47,277.64,0.9415,0.0640,0.003220,4.256
335878,520,393,913,242,44,167,348.85,0.9342,0.5935,0.234717,54,21,7,42.57,0.7261,0.1397,0.013361,4.494
335880,520,353,873,249,88,21,38.77,0.9796,0.6168,0.271767,23,49,12,137.65,0.8938,0.1799,0.024053,4.345
335888,520,442,962,233,29,92,11.95,0.9562,0.5406,0.189781,22,15,17,359.49,0.1709,0.0806,0.005527,4.318
335893,520,461,981,212,49,143,350.56,0.8363,0.5299,0.181791,9,8,20,286.77,0.3987,0.0543,0.002822,4.388
335909,520,397,917,213,65,210,328.80,0.8749,0.5826,0.225818,58,7,37,349.51,0.7710,0.1360,0.011852,4.459
335916,520,379,899,235,61,170,347.10,0.8792,0.5950,0.239047,22,43,18,140.50,0.6972,0.1605,0.019420,4.164
335917,520,442,962,235,31,36,27.20,0.9763,0.5366,0.187727,6,19,13,163.68,0.5070,0.0754,0.005335,4.296
335924,520,409,929,234,72,53,30.23,0.9090,0.5712,0.223872,25,29,44,272.45,0.2976,0.1310,0.012672,4.370
335932,520,341,861,189,121,209,318.28,0.6354,0.6276,0.290979,62,43,1,81.98,0.9674,0.2022,0.027542,4.397
335935,520,386,906,243,5,183,343.52,0.9959,0.5887,0.225853,11,10,109,268.29,0.9849,0.1539,0.013922,4.315
335945,520,310,830,246,69,248,327.54,0.9769,0.6640,0.306291,20,60,14,141.18,0.9477,0.2157,0.034120,4.235
335951,520,458,978,219,30,139,352.63,0.9187,0.5288,0.178552,2,12,19,234.10,0.6421,0.0566,0.003229,4.294
335954,520,398,918,218,85,129,2.74,0.7220,0.5759,0.229897,33,28,52,292.30,0.4054,0.1414,0.014018,4.372
335960,520,423,943,221,15,205,332.41,0.9837,0.5626,0.201239,3,15,75,265.46,0.9553,0.1122,0.008689,4.281
335963,520,423,943,230,64,106,10.59,0.8492,0.5650,0.215332,10,21,61,267.60,0.8014,0.1131,0.009377,4.469
335977,520,477,997,176,41,226,314.22,0.9280,0.5139,0.163080,0,0,17,264.05,1.0000,0.0212,0.000405,4.227
335981,520,479,999,209,56,90,12.75,0.8237,0.5121,0.171241,0,0,1,264.05,1.0000,0.0060,0.000022,4.423
335989,520,398,918,226,1,219,330.06,0.9993,0.5779,0.213074,12,35,41,217.21,0.5346,0.1373,0.014403,4.085
336022,520,410,930,224,50,183,339.74,0.8946,0.5725,0.215498,59,10,2,34.04,0.9401,0.1315,0.011514,4.316
336027,520,393,913,244,13,187,342.67,0.9901,0.5943,0.231119,32,33,29,118.37,0.0826,0.1418,0.014835,4.336
336031,520,325,845,205,110,240,316.13,0.8718,0.6477,0.304235,70,40,23,49.46,0.5266,0.2102,0.028817,4.494
336061,520,448,968,186,46,229,316.39,0.9255,0.5357,0.180515,19,17,24,298.05,0.1865,0.0847,0.006053,4.112
336062,520,443,963,168,72,230,308.83,0.8592,0.5360,0.186734,0,16,45,257.25,0.9999,0.0816,0.005600,4.258
336064,520,463,983,203,33,193,331.03,0.9224,0.5296,0.176364,3,11,5,153.17,0.5867,0.0500,0.002697,4.296
336072,520,408,928,243,30,116,5.35,0.9600,0.5682,0.212475,14,32,37,217.75,0.4248,0.1274,0.012599,4.193
336093,520,374,894,247,39,158,352.58,0.9498,0.5961,0.236971,48,18,71,306.85,0.7267,0.1557,0.015160,4.404
336111,520,456,976,223,56,54,26.47,0.9129,0.5326,0.187854,14,11,2,96.15,0.6292,0.0588,0.003371,4.457
336146,520,431,951,245,14,23,28.04,0.9940,0.5504,0.197920,28,20,4,84.44,0.6571,0.0963,0.007560,4.307
336147,520,410,930,161,90,251,300.10,0.9526,0.5685,0.218548,24,30,38,255.70,0.2002,0.1295,0.012627,4.288
336156,520,438,958,200,56,209,325.43,0.8763,0.5519,0.197128,37,1,38,327.14,0.8916,0.0889,0.005550,4.449
336160,520,249,769,235,139,198,343.27,0.7458,0.7158,0.402066,5,78,48,158.79,0.9780,0.2799,0.056942,4.227
336171,520,409,929,151,100,244,296.25,0.8718,0.5674,0.222254,53,12,25,4.53,0.6748,0.1273,0.010901,4.470
336179,520,444,964,224,56,62,24.22,0.9050,0.5358,0.190262,25,1,46,303.79,0.9441,0.0769,0.004257,4.428
336182,520,278,798,210,155,101,64.82,0.5643,0.6863,0.380853,12,71,3,141.27,0.9941,0.2499,0.045910,4.492
336183,520,370,890,189,99,238,311.90,0.8559,0.6081,0.259165,35,37,63,279.40,0.3897,0.1730,0.020393,4.392
336185,520,436,956,196,65,200,326.65,0.8245,0.5485,0.196880,12,22,10,140.35,0.4818,0.0870,0.006739,4.351
336188,520,472,992,230,28,7,30.23,0.9931,0.5228,0.176719,5,3,0,90.11,1.0000,0.0293,0.000974,4.448
336191,520,377,897,232,89,91,22.64,0.8255,0.5957,0.250586,49,30,35,2.22,0.2873,0.1579,0.017029,4.484
336220,520,450,970,203,32,211,326.09,0.9458,0.5413,0.184345,11,10,41,279.06,0.7164,0.0738,0.004483,4.301
336249,520,382,902,243,67,119,7.94,0.8950,0.5963,0.244041,16,41,35,175.90,0.5338,0.1554,0.018173,4.313
336283,520,436,956,237,26,109,6.55,0.9618,0.5521,0.198506,34,8,26,341.17,0.6104,0.0881,0.005884,4.447
336286,520,353,873,250,40,190,343.50,0.9670,0.6172,0.255625,39,22,103,283.86,0.8515,0.1825,0.019844,4.376
336290,520,392,912,191,104,182,331.05,0.6116,0.5856,0.243556,14,42,5,138.88,0.9590,0.1504,0.017602,4.342
336321,520,37,557,245,237,242,339.34,0.3223,0.9461,0.863919,25,128,53,147.52,0.9740,0.4518,0.159014,4.373
336330,520,443,963,204,74,127,358.39,0.7166,0.5359,0.192692,37,0,34,331.84,1.0000,0.0846,0.005089,4.405
336339,520,474,994,225,39,31,28.79,0.9618,0.5200,0.175604,0,6,3,165.38,1.0000,0.0337,0.001368,4.392
336351,520,2,522,255,255,255,0.00,0.0000,1.0000,1.000000,18,138,45,145.69,0.9889,0.4820,0.184942,4.469
336355,520,340,860,244,54,231,331.29,0.9633,0.6383,0.276438,7,56,22,148.86,0.9673,0.1984,0.029313,4.116
336356,520,450,970,214,11,197,332.81,0.9843,0.5437,0.185689,29,3,26,332.60,0.7493,0.0715,0.004010,4.364
336361,520,359,879,245,93,50,36.18,0.9356,0.6183,0.274747,10,49,27,154.56,0.8926,0.1765,0.023402,4.424
336370,520,429,949,176,81,220,313.38,0.8044,0.5516,0.202832,30,19,24,350.12,0.2399,0.1020,0.008077,4.353
336379,520,442,962,209,47,177,337.65,0.8654,0.5399,0.187647,19,17,12,88.81,0.1702,0.0804,0.005659,4.270
336382,520,353,873,240,27,233,329.92,0.9865,0.6184,0.251951,74,10,49,348.66,0.7831,0.1775,0.018949,4.379
336395,520,99,619,237,212,226,343.00,0.4412,0.8772,0.705831,73,105,61,137.53,0.5347,0.4029,0.118563,4.484
336397,520,304,824,220,113,230,324.08,0.8460,0.6670,0.327407,84,39,24,38.95,0.6229,0.2321,0.034021,4.492
336399,520,285,805,250,124,115,25.79,0.9193,0.6853,0.359801,70,55,40,66.42,0.2896,0.2512,0.041878,4.460
336401,520,469,989,197,62,159,341.07,0.7692,0.5231,0.178205,0,8,16,236.28,1.0000,0.0441,0.002111,4.379
336424,520,354,874,231,88,185,342.46,0.8174,0.6247,0.274736,55,39,21,68.61,0.4523,0.1846,0.023175,4.438
336430,520,432,952,223,43,156,348.16,0.8901,0.5520,0.198186,10,6,69,272.76,0.9628,0.0954,0.006244,4.413
336440,520,469,989,179,46,221,316.18,0.9082,0.5183,0.167593,7,4,9,313.56,0.3203,0.0381,0.001517,4.224
336446,520,424,944,194,56,238,316.27,0.9242,0.5634,0.204721,38,21,0,71.75,1.0000,0.1117,0.009485,4.282
336448,520,472,992,217,54,46,28.08,0.9166,0.5176,0.175899,4,1,17,290.86,0.8347,0.0302,0.000880,4.440
336455,520,400,920,233,26,195,338.05,0.9707,0.5820,0.220053,62,7,26,5.68,0.8001,0.1397,0.012508,4.320
336466,520,432,952,192,28,248,314.32,0.9775,0.5499,0.188156,18,7,64,281.29,0.9047,0.0971,0.006507,4.215
336468,520,413,933,250,10,94,12.56,0.9928,0.5701,0.213529,1,3,93,264.74,0.9958,0.1183,0.008618,4.496
336482,520,480,1000,137,91,206,299.40,0.7004,0.5068,0.172569,0,0,0,0.00,0.0000,0.0000,0.000000,4.451
336490,520,465,985,198,83,69,29.32,0.7286,0.5223,0.186238,3,11,8,172.23,0.4864,0.0510,0.002762,4.477
336492,520,442,962,209,53,169,340.48,0.8354,0.5406,0.189682,19,4,52,289.42,0.8877,0.0806,0.004732,4.379
336495,520,470,990,213,11,161,343.27,0.9733,0.5205,0.169610,16,0,15,330.31,1.0000,0.0403,0.001447,4.269
336500,520,416,936,250,6,96,11.84,0.9956,0.5698,0.213024,8,31,33,203.03,0.5893,0.1193,0.011414,4.283
336506,520,451,971,234,11,100,8.49,0.9860,0.5385,0.186550,20,11,9,33.11,0.2659,0.0673,0.004078,4.374
336510,520,426,946,233,62,50,28.75,0.9229,0.5579,0.210022,13,26,45,257.80,0.5085,0.1144,0.010138,4.324
336530,520,412,932,195,68,228,318.49,0.8805,0.5692,0.213391,10,24,60,265.02,0.7553,0.1192,0.010440,4.358
336531,520,357,877,212,90,231,322.06,0.8725,0.6231,0.270805,24,49,1,133.56,0.9905,0.1792,0.023929,4.339
336532,520,377,897,217,106,90,29.85,0.7010,0.5966,0.258001,39,38,18,105.99,0.4477,0.1606,0.018612,4.489
336577,520,423,943,208,56,201,330.04,0.8732,0.5601,0.204572,12,11,77,271.94,0.9472,0.1134,0.008533,4.349
336587,520,465,985,226,10,79,14.33,0.9871,0.5161,0.169532,9,10,2,113.47,0.5921,0.0520,0.002795,4.158
336598,520,364,884,253,6,191,343.43,0.9967,0.6121,0.247779,48,25,68,306.45,0.6120,0.1651,0.017410,4.417
336608,520,353,873,220,78,232,324.56,0.9028,0.6214,0.264926,25,43,67,255.99,0.4758,0.1838,0.023396,4.291
336609,520,456,976,199,11,218,323.40,0.9868,0.5317,0.174451,6,2,48,274.77,0.9707,0.0615,0.002955,4.239
336612,520,428,948,209,24,224,324.49,0.9746,0.5573,0.195923,17,15,59,278.38,0.7773,0.1037,0.007766,4.257
336614,520,463,983,209,26,182,335.86,0.9391,0.5300,0.176736,1,11,7,170.90,0.8277,0.0488,0.002611,4.310
336655,520,359,879,242,50,210,336.26,0.9514,0.6196,0.258145,25,38,75,267.20,0.5844,0.1760,0.021008,4.340
336656,520,22,542,230,255,219,136.05,1.0000,0.9679,0.934569,47,131,21,139.85,0.9813,0.4646,0.168905,4.498
336676,520,371,891,242,59,168,349.26,0.9016,0.6051,0.248354,28,10,112,276.34,0.9696,0.1688,0.016337,4.498
336681,520,353,873,246,91,73,29.63,0.9367,0.6202,0.275593,30,47,19,134.36,0.6418,0.1795,0.023560,4.426
336700,520,420,940,162,80,254,301.00,0.9895,0.5581,0.205749,37,1,58,308.64,0.9579,0.1055,0.007206,4.471
336714,520,477,997,197,28,180,333.22,0.9167,0.5077,0.159979,0,2,4,233.51,1.0000,0.0210,0.000522,4.156
336722,520,448,968,214,3,200,332.00,0.9958,0.5440,0.185336,35,4,11,9.41,0.7452,0.0774,0.004684,4.304
336730,520,432,952,231,40,124,1.13,0.9132,0.5524,0.199646,41,7,22,356.57,0.6836,0.0968,0.006814,4.394
336736,520,392,912,234,16,206,335.26,0.9873,0.5871,0.223220,16,31,75,266.30,0.7486,0.1527,0.015981,4.141
336757,520,367,887,201,95,228,319.04,0.8327,0.6121,0.262047,30,41,35,160.95,0.2136,0.1653,0.019832,4.469
336765,520,406,926,233,81,14,38.98,0.9801,0.5776,0.232431,8,34,35,198.72,0.6358,0.1294,0.013170,4.471
336767,520,441,961,198,44,215,323.47,0.9171,0.5431,0.187150,37,10,14,13.41,0.5817,0.0917,0.006422,4.203
336772,520,425,945,223,46,172,342.90,0.8927,0.5619,0.206230,24,3,76,283.91,0.9657,0.1112,0.007811,4.432
336774,520,456,976,200,70,133,353.86,0.7236,0.5259,0.183550,25,3,15,347.89,0.6904,0.0601,0.003063,4.401
336776,520,324,844,244,110,79,34.39,0.8952,0.6458,0.309525,55,50,4,102.91,0.9026,0.2122,0.031022,4.437
336779,520,440,960,149,92,236,298.19,0.8368,0.5455,0.201002,32,9,36,321.51,0.6406,0.0922,0.006299,4.458
336792,520,422,942,229,70,49,30.81,0.9091,0.5588,0.212629,1,11,81,264.67,0.9776,0.1123,0.008398,4.497
336806,520,377,897,242,83,39,35.62,0.9436,0.5984,0.252134,6,34,84,260.85,0.8998,0.1641,0.018228,4.428
336814,520,473,993,186,58,191,326.34,0.8148,0.5189,0.172282,8,0,9,325.55,1.0000,0.0275,0.000714,4.383
336816,520,397,917,215,31,238,322.65,0.9755,0.5807,0.216020,18,15,87,273.73,0.9305,0.1351,0.011583,4.320
336820,520,410,930,242,14,133,358.87,0.9839,0.5663,0.208880,8,32,39,220.04,0.6168,0.1253,0.012311,4.155
336826,520,460,980,195,52,200,326.56,0.8639,0.5340,0.182298,6,6,38,275.32,0.8386,0.0599,0.003089,4.376
336828,520,424,944,214,72,139,354.96,0.7601,0.5556,0.207972,25,22,34,295.75,0.2622,0.1077,0.008960,4.375
336839,520,427,947,195,44,244,315.62,0.9534,0.5603,0.199365,23,13,48,292.34,0.6692,0.0960,0.006834,4.388
336848,520,428,948,235,32,127,0.29,0.9422,0.5568,0.202305,12,26,25,189.95,0.3577,0.1032,0.008871,4.286
336850,520,393,913,249,17,145,356.38,0.9843,0.5857,0.225884,65,6,2,30.72,0.9621,0.1398,0.012586,4.408
336857,520,479,999,222,26,73,16.71,0.9594,0.5120,0.167522,1,0,0,29.23,1.0000,0.0090,0.000065,4.345
336860,520,384,904,228,93,88,25.06,0.8004,0.5938,0.250299,3,42,27,162.76,0.9472,0.1502,0.017543,4.446
336867,520,368,888,234,52,213,333.54,0.9407,0.6088,0.247551,68,14,47,347.29,0.7234,0.1686,0.017484,4.409
336874,520,416,936,245,52,45,28.15,0.9597,0.5722,0.220614,3,23,68,262.14,0.9290,0.1207,0.010494,4.473
336875,520,465,985,147,68,251,297.65,0.9697,0.5215,0.173025,6,9,13,251.66,0.2072,0.0508,0.002631,4.237
336876,520,347,867,242,4,251,326.37,0.9989,0.6287,0.259318,56,38,41,7.87,0.2359,0.1893,0.023872,4.187
336878,520,449,969,229,29,116,2.91,0.9418,0.5395,0.188006,22,12,17,347.96,0.2743,0.0743,0.004740,4.348
336883,520,449,969,213,24,185,335.99,0.9513,0.5384,0.183044,24,10,14,1.77,0.3653,0.0719,0.004430,4.282
336898,520,308,828,248,84,220,335.39,0.9595,0.6655,0.314672,94,24,49,2.86,0.7168,0.2336,0.032551,4.418
336912,520,433,953,206,85,105,12.77,0.6827,0.5477,0.206407,10,27,21,168.79,0.4915,0.1035,0.009025,4.344
336920,520,453,973,218,45,116,2.09,0.8668,0.5276,0.180457,17,13,0,97.58,1.0000,0.0658,0.004070,4.262
336935,520,384,904,241,71,67,26.30,0.9240,0.5853,0.236157,23,22,90,274.95,0.8729,0.1536,0.014941,4.406
336950,520,448,968,236,36,19,29.98,0.9819,0.5404,0.191448,9,5,58,274.55,0.9483,0.0803,0.004721,4.412
336953,520,426,946,225,70,82,20.53,0.8440,0.5564,0.209997,21,11,71,280.74,0.8817,0.1131,0.008537,4.442
336961,520,417,937,233,23,183,341.44,0.9708,0.5742,0.213581,42,5,64,308.51,0.8661,0.1241,0.009710,4.414
336970,520,430,950,231,64,36,32.08,0.9434,0.5547,0.207860,15,23,25,214.76,0.2005,0.0969,0.007845,4.458
336982,520,473,993,211,47,131,354.84,0.8383,0.5212,0.175229,5,2,0,73.07,1.0000,0.0260,0.000757,4.437
336995,520,386,906,224,44,214,330.76,0.9436,0.5866,0.225060,55,26,8,50.11,0.6947,0.1517,0.015687,4.187
336997,520,9,529,254,251,248,67.76,0.6289,0.9878,0.968426,27,134,69,151.20,0.9629,0.4745,0.177121,4.484
337011,520,444,964,145,86,247,295.61,0.9222,0.5404,0.193908,12,14,39,276.55,0.5955,0.0808,0.005387,4.404
337023,520,451,971,231,17,121,0.96,0.9718,0.5405,0.187733,12,12,27,282.38,0.4185,0.0687,0.004202,4.386
337052,520,471,991,215,23,152,346.93,0.9384,0.5237,0.173292,5,0,37,278.67,1.0000,0.0449,0.001658,4.322
337054,520,479,999,216,45,62,21.90,0.9157,0.5098,0.168261,0,1,1,194.77,1.0000,0.0143,0.000239,4.344
337055,520,463,983,195,8,223,321.11,0.9909,0.5280,0.171050,0,12,1,145.62,1.0000,0.0485,0.002651,4.198
337063,520,446,966,178,80,200,319.91,0.7477,0.5394,0.193735,27,8,26,329.30,0.5610,0.0776,0.004813,4.447
337068,520,449,969,236,29,73,18.31,0.9673,0.5427,0.191958,13,15,14,164.52,0.0621,0.0705,0.004589,4.432
337074,520,426,946,217,25,202,332.22,0.9640,0.5567,0.197135,11,26,37,241.91,0.4627,0.1084,0.009435,4.158
337078,520,430,950,208,55,182,335.89,0.8441,0.5478,0.195217,40,11,25,352.64,0.5837,0.1022,0.007607,4.257
337084,520,341,861,243,42,233,330.58,0.9754,0.6304,0.265966,30,34,109,273.56,0.8369,0.2023,0.025241,4.199
337098,520,441,961,199,63,179,334.37,0.7961,0.5385,0.189535,24,18,19,6.80,0.1320,0.0905,0.006738,4.222
337112,520,418,938,240,38,109,7.82,0.9408,0.5643,0.210188,14,30,28,185.61,0.3808,0.1174,0.011057,4.261
337134,520,458,978,231,1,97,8.75,0.9986,0.5292,0.178767,6,15,8,151.53,0.4480,0.0633,0.003979,4.238
337142,520,414,934,238,16,166,347.55,0.9811,0.5729,0.213039,48,14,13,24.47,0.6514,0.1174,0.009716,4.405
337144,520,418,938,179,88,206,317.90,0.7364,0.5565,0.210204,38,0,70,301.77,1.0000,0.1178,0.008543,4.445
337151,520,448,968,233,6,129,358.32,0.9907,0.5448,0.190419,11,3,61,276.31,0.9683,0.0817,0.004732,4.393
337180,520,471,991,197,8,210,324.89,0.9881,0.5215,0.166988,14,3,7,353.19,0.5131,0.0422,0.001738,4.194
337196,520,380,900,248,73,55,29.78,0.9633,0.5993,0.250008,51,29,34,5.01,0.3297,0.1583,0.016981,4.479
337198,520,417,937,208,47,226,323.42,0.9353,0.5696,0.209357,53,8,30,354.92,0.7359,0.1241,0.010244,4.305
337208,520,413,933,244,0,131,359.61,1.0000,0.5668,0.208751,51,7,31,351.46,0.7433,0.1194,0.009548,4.345
337210,520,453,973,199,29,212,324.76,0.9510,0.5336,0.177760,15,13,5,97.20,0.3819,0.0651,0.004004,4.217
337220,520,390,910,217,22,249,320.79,0.9887,0.5889,0.221670,4,14,103,265.75,0.9805,0.1472,0.013190,4.299
337221,520,302,822,239,104,202,339.45,0.8676,0.6670,0.325181,36,48,104,271.01,0.6510,0.2330,0.034883,4.420
337225,520,426,946,235,33,124,1.40,0.9401,0.5563,0.202082,16,29,11,137.51,0.6072,0.1107,0.010130,4.192
337227,520,224,744,248,148,194,351.51,0.8469,0.7482,0.450336,14,73,121,248.74,0.8344,0.3036,0.062386,4.452
337247,520,231,751,238,133,255,321.88,1.0000,0.7370,0.421740,55,65,109,272.72,0.4523,0.2947,0.056968,4.410
337258,520,407,927,203,53,236,319.45,0.9334,0.5734,0.213004,56,5,46,337.54,0.8006,0.1347,0.011467,4.279
337262,520,444,964,216,74,37,35.20,0.9085,0.5379,0.196325,12,17,17,196.45,0.1359,0.0757,0.005195,4.463
337265,520,457,977,225,41,71,19.16,0.9312,0.5267,0.180512,16,11,1,90.64,0.7952,0.0605,0.003517,4.307
337279,520,392,912,238,0,198,338.25,1.0000,0.5866,0.222573,38,33,22,86.32,0.2640,0.1465,0.015577,4.157
337281,520,385,905,213,86,174,341.40,0.7388,0.5874,0.238597,31,36,24,126.37,0.2691,0.1478,0.016190,4.360
337286,520,477,997,182,20,227,316.34,0.9746,0.5130,0.159927,0,1,3,247.65,1.0000,0.0159,0.000283,4.175
337300,520,430,950,222,55,130,358.42,0.8411,0.5488,0.198762,13,13,59,275.20,0.8438,0.0971,0.006891,4.373
337315,520,340,860,245,96,142,4.19,0.8610,0.6415,0.297342,13,51,66,228.29,0.7087,0.2007,0.028464,4.427
337323,520,364,884,235,36,231,329.20,0.9759,0.6122,0.246960,60,19,64,324.05,0.6837,0.1707,0.017967,4.369
337324,520,469,989,215,21,146,348.93,0.9432,0.5200,0.170611,13,1,20,314.00,0.8199,0.0419,0.001578,4.277
337356,520,439,959,224,65,74,22.19,0.8666,0.5472,0.201250,25,17,10,62.42,0.3106,0.0867,0.006295,4.463
337362,520,451,971,195,12,242,316.69,0.9914,0.5443,0.182773,7,10,42,272.75,0.7883,0.0717,0.004294,4.287
337369,520,376,896,244,60,150,355.95,0.9056,0.6021,0.246700,21,35,64,263.44,0.5429,0.1570,0.017316,4.408
337370,520,410,930,227,13,207,333.34,0.9884,0.5743,0.211262,59,5,15,16.34,0.8679,0.1279,0.010730,4.302
337375,520,364,884,244,86,26,38.16,0.9685,0.6052,0.259665,52,26,69,310.05,0.6058,0.1733,0.018986,4.489
337378,520,478,998,211,22,136,351.55,0.9322,0.5079,0.162026,1,1,8,277.00,0.7555,0.0209,0.000457,4.202
337383,520,394,914,243,74,20,35.85,0.9787,0.5881,0.240060,19,36,26,157.42,0.4250,0.1383,0.014747,4.480
337389,520,435,955,228,13,161,346.85,0.9790,0.5502,0.193578,27,5,47,303.69,0.8113,0.0871,0.005468,4.391
337390,520,392,912,225,43,217,330.23,0.9493,0.5896,0.227474,23,39,33,168.91,0.3270,0.1528,0.017430,4.115
337407,520,478,998,154,84,202,309.21,0.7161,0.5132,0.174755,4,0,4,328.36,1.0000,0.0191,0.000346,4.464
337413,520,400,920,210,98,131,3.48,0.6324,0.5829,0.240777,7,39,21,155.01,0.8809,0.1401,0.015503,4.439
337437,520,364,884,215,65,245,320.31,0.9527,0.6092,0.248220,50,35,43,345.70,0.2312,0.1745,0.020546,4.227
337454,520,464,984,224,39,41,26.91,0.9564,0.5189,0.174613,13,7,10,346.11,0.2274,0.0516,0.002594,4.271
337458,520,341,861,209,122,161,352.30,0.5466,0.6341,0.300492,21,54,39,161.88,0.6385,0.2015,0.029441,4.412
337460,520,425,945,201,9,253,315.95,0.9954,0.5626,0.197062,10,26,38,242.79,0.4998,0.1084,0.009432,4.157
337469,520,443,963,236,33,18,29.78,0.9833,0.5386,0.189675,12,17,33,269.66,0.4308,0.0834,0.005889,4.288
337477,520,385,905,221,99,91,26.04,0.7386,0.5917,0.250535,25,39,13,132.38,0.6725,0.1490,0.016867,4.494
337479,520,396,916,250,25,125,3.27,0.9748,0.5831,0.225035,36,14,79,291.56,0.8283,0.1417,0.012537,4.398
337491,520,443,963,187,8,251,312.60,0.9950,0.5384,0.177047,11,3,63,275.72,0.9717,0.0841,0.004951,4.132
337529,520,213,733,242,144,255,322.74,1.0000,0.7605,0.460456,19,81,74,184.06,0.8160,0.3021,0.065174,4.432
337544,520,324,844,247,112,6,47.88,0.9939,0.6483,0.313788,53,51,5,106.94,0.8828,0.2128,0.031355,4.472
337546,520,455,975,233,7,65,19.15,0.9938,0.5276,0.178604,0,14,13,189.91,1.0000,0.0574,0.003431,4.278
337557,520,465,985,177,16,247,310.50,0.9877,0.5212,0.164341,13,3,23,306.48,0.7077,0.0485,0.002126,4.112
337558,520,475,995,204,25,178,335.74,0.9331,0.5179,0.167490,2,1,16,280.21,0.8731,0.0270,0.000720,4.288
337575,520,419,939,235,63,49,29.17,0.9253,0.5628,0.214420,14,16,70,273.05,0.8788,0.1145,0.009061,4.477
337582,520,469,989,213,62,78,19.31,0.8346,0.5235,0.181438,15,1,19,320.13,0.8070,0.0437,0.001703,4.476
337593,520,386,906,220,79,170,344.48,0.7801,0.5880,0.237121,47,6,86,300.00,0.9152,0.1548,0.014065,4.482
337597,520,386,906,251,46,104,11.71,0.9691,0.5900,0.234663,38,9,92,289.16,0.9167,0.1527,0.013801,4.462
337598,520,396,916,226,16,214,331.30,0.9867,0.5777,0.213968,25,8,92,278.84,0.9552,0.1382,0.011530,4.290
337601,520,404,924,239,6,180,343.51,0.9942,0.5797,0.217793,40,23,42,323.08,0.4067,0.1328,0.012311,4.298
337611,520,439,959,209,64,169,340.90,0.7993,0.5513,0.200887,0,25,0,142.50,1.0000,0.0860,0.006952,4.405
337633,520,438,958,212,59,163,343.68,0.8160,0.5485,0.197715,23,19,2,98.00,0.7850,0.0873,0.006523,4.383
337640,520,445,965,183,76,197,322.90,0.7613,0.5394,0.192686,39,1,5,18.97,0.9460,0.0780,0.004641,4.441
337652,520,244,764,247,123,250,326.51,0.9764,0.7310,0.408445,37,76,12,136.17,0.9578,0.2786,0.055886,4.330
337668,520,413,933,253,29,22,29.03,0.9930,0.5726,0.218231,44,12,45,326.46,0.6690,0.1211,0.009879,4.480
337680,520,408,928,243,21,140,356.96,0.9746,0.5730,0.214877,1,25,75,261.15,0.9775,0.1314,0.012096,4.266
337684,520,477,997,226,13,48,23.24,0.9893,0.5115,0.166729,4,1,3,337.70,0.4942,0.0226,0.000541,4.288
337692,520,436,956,201,32,228,321.28,0.9609,0.5503,0.190536,28,1,51,303.57,0.9531,0.0856,0.005076,4.367
337711,520,424,944,195,64,223,319.94,0.8787,0.5614,0.205980,29,20,31,320.14,0.2817,0.1061,0.008605,4.368
337719,520,422,942,221,9,205,332.41,0.9904,0.5612,0.199776,36,15,34,330.70,0.4993,0.1069,0.008323,4.283
337722,520,464,984,203,74,51,32.33,0.8336,0.5151,0.178352,9,8,1,104.35,0.7188,0.0472,0.002339,4.363
337736,520,378,898,247,54,149,356.42,0.9306,0.6024,0.245857,50,35,0,84.56,1.0000,0.1639,0.018802,4.300
337742,520,456,976,228,39,78,16.94,0.9349,0.5329,0.184980,29,2,13,356.61,0.7750,0.0637,0.003337,4.406
337752,520,473,993,190,15,220,320.39,0.9804,0.5189,0.164575,7,0,23,296.68,1.0000,0.0348,0.001070,4.202
337763,520,454,974,217,66,52,29.22,0.8833,0.5314,0.188986,6,10,45,270.96,0.8446,0.0736,0.004452,4.389
337769,520,420,940,243,42,30,29.31,0.9706,0.5594,0.208078,10,29,30,199.98,0.4827,0.1130,0.010370,4.275
337776,520,446,966,214,78,18,39.74,0.9566,0.5383,0.197910,34,9,4,35.78,0.7050,0.0826,0.005443,4.471
337777,520,346,866,237,31,252,324.88,0.9901,0.6278,0.260153,27,47,52,215.29,0.3383,0.1883,0.025139,4.128
337788,520,332,852,255,33,221,336.21,1.0000,0.6399,0.275715,85,9,41,2.03,0.8296,0.1964,0.022871,4.470
337797,520,376,896,241,36,196,339.73,0.9626,0.6017,0.239510,18,29,87,269.42,0.8399,0.1609,0.016954,4.324
337800,520,403,923,222,47,206,332.41,0.9261,0.5801,0.220211,11,37,8,141.56,0.9232,0.1327,0.014118,4.214
337808,520,428,948,230,37,155,349.86,0.9230,0.5610,0.205155,19,15,48,284.44,0.6460,0.0957,0.006935,4.482
337828,520,384,904,246,18,159,351.43,0.9824,0.5858,0.225320,48,28,22,37.44,0.3652,0.1475,0.015169,4.225
337829,520,293,813,249,111,180,351.42,0.9043,0.6831,0.348067,17,64,67,201.19,0.7217,0.2436,0.041910,4.331
337831,520,451,971,211,40,182,336.51,0.8983,0.5414,0.187460,1,17,12,173.13,0.8999,0.0659,0.004339,4.370
337854,520,437,957,211,67,149,349.40,0.7751,0.5486,0.200353,15,15,48,278.50,0.6747,0.0922,0.006566,4.426
337859,520,439,959,239,35,37,27.47,0.9737,0.5473,0.196897,24,19,2,95.11,0.7871,0.0885,0.006643,4.359
337887,520,415,935,204,69,212,325.52,0.8531,0.5734,0.218487,20,32,16,138.12,0.4856,0.1239,0.012191,4.317
337890,520,476,996,226,12,43,24.31,0.9908,0.5106,0.166090,0,2,9,255.69,0.9999,0.0237,0.000631,4.268
337896,520,343,863,224,89,210,331.94,0.8407,0.6276,0.276473,58,40,24,62.15,0.4171,0.1920,0.024832,4.363
337898,520,406,926,222,64,175,342.32,0.8396,0.5771,0.222939,43,25,21,33.10,0.3370,0.1328,0.012631,4.358
337899,520,332,852,238,52,249,325.57,0.9794,0.6386,0.274752,18,56,24,146.64,0.8907,0.2028,0.030228,4.048
337923,520,445,965,189,42,227,317.89,0.9332,0.5360,0.180221,22,18,1,98.53,0.8770,0.0835,0.006054,4.107
337924,520,323,843,204,106,252,313.10,0.9676,0.6480,0.301749,60,41,55,336.31,0.2799,0.2080,0.028224,4.497
337930,520,228,748,197,175,179,5.29,0.1665,0.7371,0.457854,7,84,13,143.45,0.9921,0.2950,0.064146,4.449
337942,520,424,944,246,26,15,29.43,0.9893,0.5562,0.203697,38,21,3,66.58,0.7638,0.1123,0.009550,4.260
337946,520,307,827,236,114,176,350.36,0.7734,0.6659,0.330045,44,57,51,165.39,0.1857,0.2314,0.037007,4.368
337947,520,381,901,240,0,214,334.56,1.0000,0.5999,0.233832,20,36,70,263.54,0.6091,0.1635,0.018526,4.142
337950,520,401,921,250,41,88,16.17,0.9682,0.5811,0.226180,8,30,70,261.09,0.8202,0.1419,0.014223,4.300
337959,520,386,906,246,5,177,345.88,0.9960,0.5915,0.228789,58,20,26,12.75,0.5796,0.1494,0.014746,4.306
337968,520,456,976,188,2,236,316.20,0.9982,0.5257,0.167922,0,0,53,264.05,1.0000,0.0581,0.002570,4.145
337975,520,456,976,196,85,96,16.46,0.6499,0.5281,0.190791,10,13,14,219.84,0.0959,0.0634,0.003841,4.472
337981,520,427,947,197,84,169,338.20,0.6924,0.5564,0.210771,21,24,12,119.92,0.3575,0.1006,0.008392,4.466
337999,520,440,960,188,71,204,322.68,0.8033,0.5453,0.195588,25,14,32,311.25,0.4475,0.0890,0.006250,4.366
338011,520,358,878,243,38,225,332.54,0.9757,0.6233,0.258800,7,50,16,146.71,0.9657,0.1765,0.023637,4.194
338027,520,374,894,254,59,64,25.21,0.9942,0.5983,0.245726,58,20,51,335.18,0.6099,0.1605,0.016390,4.454
338030,520,385,905,227,71,159,349.85,0.8167,0.5858,0.233431,44,11,82,298.44,0.8545,0.1514,0.013840,4.440
338041,520,343,863,249,75,171,350.87,0.9370,0.6340,0.281153,31,48,51,209.66,0.2656,0.1937,0.026442,4.332
338044,520,353,873,247,25,222,334.17,0.9876,0.6231,0.257464,26,43,59,247.81,0.3887,0.1794,0.022631,4.233
338065,520,372,892,252,32,165,351.14,0.9765,0.6052,0.244485,69,2,64,331.92,0.9097,0.1692,0.016790,4.409
338073,520,477,997,214,6,140,350.48,0.9833,0.5109,0.163223,0,0,11,264.05,1.0000,0.0166,0.000242,4.244
338074,520,480,1000,221,42,27,29.83,0.9614,0.5136,0.171100,0,0,0,0.00,0.0000,0.0000,0.000000,4.422
338082,520,430,950,195,85,157,342.96,0.6619,0.5488,0.205350,18,21,28,266.81,0.1868,0.0954,0.007488,4.442
338090,520,461,981,217,25,153,347.12,0.9353,0.5289,0.177493,26,0,2,19.76,1.0000,0.0507,0.002240,4.355
338092,520,175,695,222,185,215,332.59,0.4566,0.7987,0.551346,36,93,46,147.16,0.8718,0.3392,0.084007,4.487
338099,520,463,983,234,14,40,25.32,0.9912,0.5281,0.179629,12,0,32,297.21,1.0000,0.0470,0.001825,4.431
338102,520,388,908,253,15,140,358.65,0.9882,0.5913,0.231214,68,7,1,32.06,0.9804,0.1474,0.013833,4.405
338111,520,398,918,245,49,118,6.43,0.9243,0.5842,0.229204,57,17,12,29.70,0.7154,0.1391,0.012974,4.434
338119,520,451,971,197,17,227,320.62,0.9821,0.5368,0.178188,3,1,59,268.29,0.9949,0.0700,0.003568,4.260
338127,520,366,886,249,66,122,7.58,0.9396,0.6075,0.254447,17,32,87,267.43,0.8249,0.1670,0.018402,4.451
338142,520,374,894,255,50,88,17.56,1.0000,0.5972,0.242495,38,39,16,110.94,0.5160,0.1620,0.019005,4.239
338143,520,448,968,200,83,111,7.98,0.6626,0.5362,0.196154,0,22,15,170.78,1.0000,0.0804,0.006083,4.389
338174,520,470,990,226,27,50,23.67,0.9721,0.5171,0.171858,0,9,1,146.75,1.0000,0.0410,0.001976,4.269
338184,520,368,888,231,49,232,327.91,0.9588,0.6135,0.250141,52,31,48,333.78,0.3621,0.1703,0.019235,4.335
338186,520,408,928,225,88,8,42.57,0.9843,0.5725,0.230072,13,35,26,164.94,0.5618,0.1315,0.013622,4.402
338192,520,467,987,201,62,141,349.59,0.7634,0.5215,0.177878,4,3,30,276.65,0.8746,0.0449,0.001847,4.395
338197,520,418,938,220,44,185,337.99,0.9057,0.5621,0.205221,0,24,68,259.53,1.0000,0.1215,0.010706,4.204
338204,520,410,930,255,13,16,28.70,1.0000,0.5712,0.215891,56,0,41,342.10,1.0000,0.1257,0.010010,4.431
338205,520,401,921,210,16,253,318.22,0.9924,0.5788,0.211658,37,31,10,93.63,0.5735,0.1372,0.013952,4.091
338225,520,423,943,243,49,22,31.14,0.9797,0.5640,0.213126,8,20,65,266.98,0.8666,0.1137,0.009335,4.435
338227,520,467,987,197,73,125,357.47,0.6982,0.5215,0.181179,5,8,1,124.44,0.7449,0.0434,0.002081,4.439
338237,520,341,861,244,52,222,333.57,0.9595,0.6315,0.269659,40,33,100,281.88,0.7359,0.1994,0.024589,4.286
338238,520,472,992,198,53,162,339.86,0.8059,0.5171,0.171624,5,0,16,300.12,1.0000,0.0276,0.000697,4.372
338242,520,434,954,223,54,126,0.09,0.8478,0.5483,0.198353,34,6,52,308.36,0.8060,0.1026,0.007183,4.343
338249,520,406,926,218,61,202,332.53,0.8798,0.5822,0.225093,61,7,15,18.25,0.8471,0.1346,0.011787,4.452
338263,520,443,963,213,39,169,341.15,0.8913,0.5371,0.184640,28,15,1,71.55,0.8537,0.0840,0.005907,4.197
338274,520,419,939,250,16,11,29.14,0.9940,0.5611,0.207224,2,8,79,265.56,0.9818,0.1061,0.007510,4.473
338289,520,25,545,223,254,246,178.31,0.8559,0.9681,0.932245,19,133,22,142.92,0.9904,0.4636,0.169707,4.471
338291,520,340,860,229,95,209,333.81,0.8418,0.6427,0.294481,44,47,43,137.81,0.0728,0.1992,0.027429,4.449
338299,520,407,927,207,43,234,321.28,0.9512,0.5711,0.209354,38,22,50,309.09,0.5043,0.1328,0.012162,4.172
338311,520,274,794,242,117,218,335.20,0.9052,0.6983,0.366641,1,62,94,239.85,0.9750,0.2490,0.042596,4.500
338317,520,470,990,222,7,121,358.94,0.9849,0.5195,0.170647,8,1,23,297.53,0.8681,0.0386,0.001352,4.297
338332,520,389,909,193,82,242,313.66,0.9105,0.5928,0.237840,33,26,64,288.79,0.5744,0.1455,0.014323,4.475
338340,520,411,931,252,7,76,17.83,0.9960,0.5699,0.213729,57,5,13,17.95,0.8697,0.1231,0.010076,4.390
338343,520,423,943,239,1,133,358.04,0.9987,0.5575,0.200691,11,20,57,268.92,0.7561,0.1078,0.008668,4.273
338369,520,469,989,227,41,6,31.75,0.9932,0.5243,0.179328,8,0,32,289.31,1.0000,0.0432,0.001559,4.448
338383,520,452,972,188,10,237,315.89,0.9914,0.5283,0.170242,10,17,15,175.39,0.2165,0.0735,0.004999,4.004
338385,520,407,927,218,78,143,355.02,0.7526,0.5717,0.223397,43,26,15,53.33,0.4338,0.1337,0.012869,4.349
338389,520,409,929,236,16,167,346.81,0.9801,0.5695,0.209964,22,23,63,277.72,0.6615,0.1276,0.011422,4.232
338403,520,464,984,195,26,210,324.20,0.9538,0.5238,0.169956,1,7,33,263.17,0.9180,0.0536,0.002682,4.175
338404,520,399,919,248,52,67,23.23,0.9631,0.5810,0.228212,46,16,64,310.15,0.7164,0.1440,0.013216,4.401
338413,520,108,628,229,210,250,306.68,0.7930,0.8739,0.696536,10,111,55,151.66,0.9858,0.3935,0.117087,4.468
338414,520,369,889,232,51,217,331.97,0.9437,0.6070,0.245357,15,33,86,265.75,0.8292,0.1673,0.018611,4.305
338418,520,315,835,243,82,235,329.95,0.9498,0.6638,0.310900,16,48,106,261.12,0.8370,0.2238,0.032645,4.367
338459,520,341,861,246,4,245,328.58,0.9989,0.6315,0.262751,4,52,68,226.36,0.8919,0.2022,0.028990,3.959
338484,520,381,901,236,15,227,330.45,0.9924,0.6038,0.237232,10,15,110,267.63,0.9776,0.1605,0.015318,4.397
338488,520,455,975,216,50,110,4.67,0.8468,0.5258,0.180084,29,3,8,9.72,0.7419,0.0642,0.003439,4.306
338490,520,452,972,231,27,58,21.95,0.9723,0.5287,0.180813,0,2,60,264.20,0.9936,0.0707,0.003696,4.298
338507,520,395,915,206,57,245,318.07,0.9521,0.5881,0.226422,57,13,36,351.80,0.6806,0.1407,0.012852,4.398
338517,520,435,955,181,66,239,311.55,0.9096,0.5545,0.199531,30,7,44,309.83,0.7450,0.0919,0.006099,4.448
338525,520,364,884,234,45,217,332.46,0.9552,0.6065,0.243815,65,12,60,332.15,0.7585,0.1682,0.017132,4.377
338531,520,382,902,220,82,187,338.34,0.7976,0.6001,0.248402,43,27,65,301.16,0.5570,0.1601,0.016791,4.468
338546,520,333,853,248,35,243,329.40,0.9863,0.6420,0.276325,4,40,106,261.22,0.9576,0.2002,0.025838,4.303
338547,520,433,953,229,35,133,357.17,0.9225,0.5487,0.195564,39,1,42,325.07,0.9057,0.0952,0.006203,4.369
338551,520,352,872,214,77,247,319.13,0.9553,0.6211,0.263210,2,47,67,233.73,0.9273,0.1854,0.024511,4.204
338576,520,427,947,190,55,246,313.32,0.9522,0.5627,0.203345,25,20,31,305.18,0.2604,0.1014,0.008059,4.364
338610,520,448,968,214,34,174,339.70,0.9142,0.5387,0.184984,3,1,68,267.33,0.9966,0.0816,0.004584,4.305
338614,520,417,937,251,32,50,25.12,0.9831,0.5721,0.217762,7,33,6,142.54,0.9414,0.1172,0.011460,4.357
338616,520,423,943,236,27,135,357.48,0.9553,0.5594,0.203691,17,15,68,276.36,0.8520,0.1128,0.008781,4.316
338619,520,391,911,249,46,112,8.79,0.9532,0.5882,0.232671,39,2,94,290.34,0.9799,0.1492,0.012829,4.499
338621,520,371,891,215,98,179,340.85,0.7078,0.6102,0.264390,46,38,13,91.74,0.5966,0.1682,0.019962,4.494
338624,520,414,934,186,89,212,318.68,0.7624,0.5718,0.223384,18,31,18,144.45,0.4446,0.1199,0.011522,4.444
338625,520,347,867,217,89,228,324.47,0.8709,0.6274,0.274997,6,36,104,262.90,0.9428,0.1894,0.022998,4.452
338636,520,429,949,225,67,89,17.21,0.8418,0.5545,0.207458,30,18,19,13.53,0.2513,0.0979,0.007557,4.473
338637,520,473,993,204,55,135,352.23,0.7940,0.5170,0.173211,0,3,22,261.71,1.0000,0.0346,0.001230,4.357
338638,520,451,971,227,54,77,19.24,0.8978,0.5425,0.195079,7,17,3,135.32,0.7815,0.0680,0.004526,4.495
338661,520,388,908,184,82,249,309.16,0.9484,0.5855,0.230654,46,16,70,305.99,0.7477,0.1491,0.013937,4.390
338663,520,454,974,131,91,246,289.95,0.9117,0.5322,0.189611,27,9,1,52.73,0.8116,0.0707,0.004306,4.412
338666,520,328,848,243,81,208,337.62,0.9232,0.6476,0.294964,30,56,4,133.13,0.9674,0.2068,0.031131,4.252
338681,520,479,999,185,34,212,320.65,0.9299,0.5126,0.162131,0,1,1,194.77,1.0000,0.0143,0.000239,4.222
338689,520,458,978,195,33,217,322.30,0.9446,0.5325,0.177011,30,1,7,9.12,0.8746,0.0616,0.003131,4.273
338699,520,441,961,230,29,99,9.12,0.9491,0.5363,0.186055,19,7,55,286.29,0.8475,0.0885,0.005662,4.241
338717,520,378,898,247,29,173,347.60,0.9705,0.5980,0.236733,22,20,101,273.30,0.9275,0.1624,0.016104,4.338
338725,520,419,939,230,63,68,24.01,0.8955,0.5556,0.207982,11,27,38,240.33,0.4772,0.1117,0.009949,4.303
338729,520,466,986,206,19,185,334.15,0.9583,0.5236,0.170924,4,9,15,246.98,0.3655,0.0498,0.002557,4.204
338770,520,422,942,222,74,84,20.57,0.8186,0.5561,0.210698,26,11,63,289.26,0.8094,0.1097,0.008178,4.481
338805,520,361,881,184,102,254,306.17,0.9854,0.6174,0.268495,30,32,95,275.61,0.7682,0.1837,0.021352,4.464
338837,520,379,899,242,15,202,338.14,0.9899,0.5993,0.234862,40,5,96,289.92,0.9543,0.1559,0.014042,4.448
338838,520,453,973,194,36,212,323.25,0.9303,0.5289,0.174861,13,15,23,273.58,0.2370,0.0741,0.004891,4.097
338871,520,293,813,177,147,235,298.86,0.7032,0.6795,0.362129,19,67,28,146.90,0.9266,0.2414,0.042364,4.462
338883,520,397,917,240,4,176,344.87,0.9960,0.5792,0.217497,27,35,18,129.09,0.4246,0.1395,0.014787,4.129
338891,520,388,908,230,64,164,348.19,0.8512,0.5861,0.231728,20,40,16,140.35,0.7064,0.1491,0.017037,4.203
338920,520,430,950,224,0,178,340.62,1.0000,0.5487,0.190642,39,14,13,23.88,0.5315,0.1016,0.007745,4.167
338921,520,376,896,236,76,137,1.09,0.8325,0.5989,0.248107,57,22,48,338.21,0.5603,0.1605,0.016572,4.478
338927,520,338,858,184,134,187,324.65,0.4419,0.6359,0.308291,42,52,11,122.01,0.7894,0.2046,0.029724,4.494
338929,520,446,966,183,44,244,312.14,0.9485,0.5418,0.184014,8,15,41,268.88,0.6670,0.0816,0.005533,4.214
338958,520,409,929,189,103,163,339.63,0.5598,0.5718,0.231649,43,26,18,45.99,0.3729,0.1344,0.012961,4.473
338959,520,364,884,247,44,190,342.94,0.9540,0.6139,0.252964,72,15,20,20.30,0.7878,0.1682,0.017701,4.475
338962,520,434,954,208,28,210,327.73,0.9574,0.5473,0.188955,41,12,23,358.72,0.5681,0.1047,0.007963,4.123
338986,520,372,892,216,78,218,327.23,0.8665,0.6063,0.251116,63,27,31,14.53,0.5015,0.1728,0.019397,4.339
338990,520,329,849,225,86,251,320.96,0.9778,0.6504,0.296301,10,59,13,143.80,0.9734,0.2084,0.032214,4.212
339012,520,441,961,174,84,204,316.87,0.7394,0.5420,0.196999,10,15,55,271.64,0.8168,0.0949,0.006820,4.347
339026,520,343,863,232,83,209,334.46,0.8734,0.6324,0.279482,38,50,7,124.04,0.8630,0.1942,0.027086,4.274
339028,520,14,534,252,251,223,105.38,0.8489,0.9785,0.950177,13,130,113,179.03,0.9598,0.4720,0.172423,4.497
339038,520,387,907,228,56,201,335.43,0.9097,0.5944,0.235418,32,38,21,124.37,0.3819,0.1539,0.017474,4.230
339071,520,436,956,233,32,120,2.38,0.9398,0.5504,0.197157,18,10,56,283.15,0.8148,0.0932,0.006312,4.389
339077,520,413,933,246,39,96,13.05,0.9531,0.5736,0.218918,53,7,29,355.88,0.7534,0.1225,0.009977,4.484
339083,520,410,930,211,90,109,13.03,0.6800,0.5650,0.222674,51,13,33,350.93,0.6418,0.1282,0.011016,4.469
339093,520,400,920,188,83,230,314.87,0.8493,0.5784,0.225921,16,35,46,235.61,0.4591,0.1422,0.015094,4.239
339097,520,477,997,200,49,154,343.23,0.8160,0.5129,0.168110,3,1,0,66.15,1.0000,0.0193,0.000411,4.327
339101,520,354,874,247,92,51,35.52,0.9473,0.6206,0.276707,1,49,49,194.80,0.9738,0.1814,0.024247,4.400
339102,520,423,943,241,19,100,9.81,0.9791,0.5552,0.200899,11,28,31,210.16,0.4341,0.1110,0.010006,4.181
339110,520,392,912,200,78,233,318.32,0.8823,0.5916,0.236127,24,39,6,130.42,0.8631,0.1471,0.016583,4.297
339111,520,433,953,202,68,189,331.97,0.8025,0.5549,0.203667,48,3,22,359.83,0.8228,0.1043,0.007515,4.410
339116,520,422,942,204,62,199,329.43,0.8449,0.5578,0.204079,13,2,85,272.49,0.9925,0.1124,0.007848,4.392
339117,520,431,951,204,92,90,23.24,0.6675,0.5515,0.212318,8,27,24,182.14,0.5370,0.1035,0.009014,4.445
339130,520,403,923,235,40,180,343.09,0.9379,0.5843,0.224779,28,28,49,282.93,0.3750,0.1343,0.012991,4.362
339136,520,186,706,208,194,160,88.29,0.3296,0.7869,0.545320,15,94,38,147.95,0.9761,0.3341,0.082466,4.494
339138,520,352,872,197,112,208,322.86,0.6835,0.6214,0.280139,8,55,17,146.16,0.9692,0.1944,0.028244,4.219
339141,520,223,743,225,171,129,58.99,0.5475,0.7457,0.467198,27,83,49,153.48,0.8559,0.3031,0.066410,4.443
339164,520,454,974,143,100,202,301.31,0.6448,0.5277,0.192185,15,14,6,102.41,0.3417,0.0677,0.004288,4.461
339168,520,419,939,166,87,236,305.28,0.8522,0.5586,0.209801,34,23,19,40.88,0.2411,0.1148,0.009999,4.330
339179,520,473,993,194,5,219,321.83,0.9936,0.5225,0.166939,3,1,23,280.18,0.9235,0.0332,0.001029,4.251
339181,520,433,953,217,79,52,33.04,0.8610,0.5481,0.205940,31,11,50,304.12,0.7118,0.1039,0.007610,4.443
339221,520,369,889,202,83,246,315.50,0.9383,0.6097,0.253982,4,49,19,149.73,0.9752,0.1725,0.022694,4.182
339224,520,434,954,196,49,223,320.72,0.9159,0.5494,0.192616,36,15,21,2.58,0.4302,0.1011,0.007709,4.204
339229,520,39,559,252,234,240,355.22,0.7191,0.9453,0.858329,58,120,98,167.99,0.5908,0.4493,0.152138,4.494
339233,520,389,909,222,99,42,42.67,0.8775,0.5863,0.246229,34,32,52,288.04,0.3302,0.1523,0.016210,4.474
339242,520,401,921,220,30,224,327.27,0.9712,0.5787,0.215282,12,11,100,269.34,0.9774,0.1430,0.012375,4.253
339259,520,229,749,252,136,219,338.92,0.9699,0.7431,0.434207,62,75,6,120.65,0.9385,0.2944,0.060694,4.374
339269,520,473,993,209,42,139,350.89,0.8530,0.5169,0.170775,8,2,10,320.09,0.5791,0.0341,0.001170,4.315
339272,520,461,981,209,43,169,340.20,0.8696,0.5325,0.181497,1,13,7,164.77,0.8819,0.0538,0.003096,4.360
339293,520,405,925,205,54,244,318.12,0.9491,0.5834,0.221507,50,3,63,317.38,0.8917,0.1339,0.011022,4.449
339307,520,426,946,223,63,125,1.60,0.8187,0.5567,0.207262,18,28,10,132.55,0.5712,0.1090,0.009810,4.301
339316,520,390,910,233,68,141,357.85,0.8374,0.5861,0.233838,27,20,88,278.86,0.8546,0.1512,0.014378,4.409
339343,520,351,871,239,91,160,354.53,0.8290,0.6311,0.283737,1,52,46,182.58,0.9811,0.1900,0.026596,4.357
339345,520,464,984,195,4,215,323.10,0.9944,0.5209,0.165968,19,3,13,342.31,0.6248,0.0507,0.002326,4.127
339346,520,421,941,191,77,214,320.53,0.8153,0.5640,0.212404,35,21,10,58.32,0.4595,0.1093,0.009156,4.436
339362,520,387,907,196,73,250,313.33,0.9655,0.5924,0.234042,25,39,10,130.93,0.7481,0.1485,0.016796,4.252
339369,520,415,935,230,42,176,343.20,0.9216,0.5742,0.216162,9,26,57,261.22,0.7198,0.1211,0.010922,4.369
339385,520,248,768,232,159,15,75.41,0.9742,0.7154,0.419886,12,79,11,142.65,0.9850,0.2785,0.056941,4.394
339391,520,296,816,230,143,6,67.35,0.9886,0.6789,0.364833,13,69,5,141.38,0.9894,0.2434,0.043526,4.435
339427,520,443,963,193,75,177,333.35,0.7367,0.5418,0.195455,22,16,4,85.78,0.5662,0.0793,0.005499,4.423
339436,520,412,932,242,28,117,4.74,0.9624,0.5656,0.209954,20,3,89,276.51,0.9852,0.1242,0.009351,4.380
339439,520,394,914,251,34,123,4.54,0.9685,0.5884,0.230869,47,26,27,16.71,0.3401,0.1430,0.014223,4.373
339443,520,421,941,184,91,185,326.97,0.6669,0.5556,0.211765,3,24,48,252.79,0.8047,0.1057,0.008860,4.447
339453,520,464,984,229,14,10,29.10,0.9924,0.5153,0.169970,20,2,6,4.51,0.7056,0.0473,0.002053,4.226
339465,520,421,941,171,99,196,316.83,0.6425,0.5571,0.215679,21,28,14,130.08,0.4080,0.1124,0.010216,4.412
339492,520,396,916,241,24,171,346.82,0.9722,0.5836,0.222974,26,21,72,281.37,0.7439,0.1354,0.012238,4.386
339495,520,457,977,198,76,139,351.35,0.6939,0.5329,0.190405,15,11,16,319.46,0.1861,0.0641,0.003783,4.470
339545,520,279,799,252,79,253,327.71,0.9934,0.6859,0.333821,33,68,20,138.27,0.8984,0.2504,0.045080,4.037
339546,520,366,886,234,2,238,327.44,0.9992,0.6053,0.237114,64,20,46,346.90,0.6239,0.1685,0.017877,4.230
339555,520,280,800,254,110,178,353.27,0.9799,0.6888,0.354401,18,64,73,213.18,0.7045,0.2470,0.042762,4.360
339559,520,426,946,244,34,65,21.54,0.9699,0.5605,0.207622,34,18,25,352.13,0.3334,0.1056,0.008429,4.409
339560,520,384,904,239,57,146,356.11,0.8881,0.5886,0.233553,17,40,30,163.82,0.5301,0.1510,0.017304,4.213
339562,520,370,890,242,30,204,337.70,0.9752,0.6053,0.241684,54,6,91,303.29,0.9184,0.1704,0.016699,4.373
339567,520,429,949,219,56,142,353.16,0.8307,0.5488,0.198438,43,7,29,346.73,0.7018,0.1035,0.007543,4.317
339577,520,389,909,218,33,237,323.62,0.9739,0.5859,0.221096,25,5,106,276.06,0.9835,0.1535,0.013557,4.265
339583,520,451,971,186,9,251,312.31,0.9944,0.5370,0.176007,25,8,1,52.28,0.7980,0.0659,0.003826,4.199
339588,520,456,976,173,40,250,308.03,0.9746,0.5294,0.173048,10,14,7,131.37,0.3083,0.0636,0.003939,4.135
339591,520,372,892,235,72,177,345.34,0.8580,0.6090,0.254739,72,15,36,2.51,0.7308,0.1729,0.018470,4.451
339601,520,431,951,239,19,94,11.49,0.9788,0.5495,0.196279,35,17,23,358.80,0.3668,0.1042,0.008201,4.232
339650,520,421,941,245,24,59,22.33,0.9833,0.5571,0.203850,42,14,23,1.79,0.5331,0.1097,0.008682,4.326
339652,520,237,757,248,145,139,23.97,0.8474,0.7254,0.420739,23,79,39,149.47,0.9134,0.2858,0.059204,4.311
339689,520,385,905,245,63,87,18.85,0.9320,0.5882,0.236589,28,31,62,277.24,0.4971,0.1507,0.015746,4.359
339693,520,293,813,236,129,130,20.26,0.7309,0.6762,0.351475,4,60,89,238.72,0.9075,0.2403,0.039786,4.471
339712,520,375,895,243,61,139,359.79,0.8972,0.5970,0.242594,10,13,113,267.58,0.9826,0.1623,0.015445,4.471
339717,520,458,978,197,71,143,348.53,0.7168,0.5262,0.183617,8,9,20,278.60,0.3700,0.0556,0.002975,4.410
339719,520,411,931,253,0,84,15.53,1.0000,0.5722,0.215265,1,22,70,261.59,0.9751,0.1194,0.010224,4.405
339722,520,451,971,194,71,177,333.62,0.7546,0.5383,0.191517,14,14,18,285.46,0.1214,0.0705,0.004511,4.431
339723,520,449,969,216,40,166,342.94,0.8913,0.5418,0.188720,7,18,3,136.01,0.8193,0.0707,0.004843,4.353
339733,520,468,988,189,47,202,324.26,0.8768,0.5211,0.171176,11,3,11,327.17,0.5136,0.0403,0.001604,4.286
339735,520,425,945,223,26,190,337.06,0.9596,0.5606,0.201469,30,7,60,297.20,0.8373,0.1059,0.007542,4.370
339738,520,468,988,191,17,218,321.14,0.9765,0.5196,0.165407,13,2,8,343.34,0.6064,0.0388,0.001465,4.185
339740,520,443,963,196,53,210,324.03,0.8818,0.5434,0.189367,11,8,50,277.71,0.8538,0.0784,0.004751,4.372
339753,520,71,591,250,216,252,324.32,0.9511,0.9083,0.764648,11,120,10,142.56,0.9944,0.4186,0.135254,4.397
339754,520,269,789,238,114,232,329.28,0.9136,0.6951,0.360402,107,33,10,36.66,0.8957,0.2643,0.042360,4.444
339767,520,314,834,249,58,248,328.35,0.9801,0.6602,0.299460,92,8,60,349.38,0.8363,0.2191,0.027756,4.494
339773,520,460,980,191,19,227,318.94,0.9780,0.5274,0.170896,7,6,42,275.95,0.8636,0.0642,0.003426,4.135
339780,520,453,973,212,53,146,349.69,0.8237,0.5348,0.186208,16,15,10,97.95,0.1766,0.0721,0.004737,4.315
339784,520,372,892,254,72,6,35.70,0.9957,0.6067,0.257224,59,22,63,323.65,0.6370,0.1729,0.018626,4.477
339809,520,450,970,199,57,199,327.99,0.8519,0.5446,0.191936,24,6,25,325.50,0.6060,0.0692,0.003946,4.485
339811,520,422,942,239,51,67,22.65,0.9370,0.5621,0.211268,13,6,82,272.58,0.9747,0.1137,0.008250,4.485
339814,520,388,908,183,95,231,311.85,0.8212,0.5892,0.240221,13,32,71,262.66,0.7421,0.1501,0.015734,4.415
339820,520,365,885,255,3,171,349.45,1.0000,0.6057,0.242690,61,28,15,41.63,0.6128,0.1673,0.018572,4.268
339833,520,375,895,225,6,245,323.73,0.9974,0.5956,0.227326,3,21,109,264.89,0.9715,0.1650,0.016597,4.164
339836,520,433,953,215,76,107,10.47,0.7537,0.5515,0.206798,35,17,19,12.92,0.3651,0.1028,0.008053,4.424
339842,520,476,996,135,78,241,294.05,0.8988,0.5117,0.169506,0,0,12,264.05,1.0000,0.0173,0.000265,4.367
339859,520,401,921,207,52,243,318.96,0.9471,0.5842,0.221941,4,38,24,161.92,0.9136,0.1363,0.014779,4.198
339860,520,401,921,191,80,227,316.84,0.8468,0.5767,0.223609,17,37,21,149.11,0.5839,0.1387,0.014964,4.212
339877,520,412,932,206,80,172,339.68,0.7384,0.5669,0.218395,28,27,26,67.70,0.0286,0.1201,0.011053,4.396
339881,520,411,931,221,65,159,347.88,0.8169,0.5687,0.216583,13,22,63,269.47,0.7685,0.1189,0.010182,4.430
339903,520,400,920,220,54,195,335.10,0.8911,0.5754,0.217964,24,3,97,277.52,0.9865,0.1383,0.011223,4.377
339906,520,463,983,211,1,194,332.87,0.9983,0.5341,0.177678,19,3,10,351.26,0.6114,0.0496,0.002255,4.357
339914,520,468,988,173,80,180,324.77,0.6857,0.5194,0.179179,18,1,5,2.79,0.7805,0.0415,0.001613,4.440
339915,520,474,994,231,0,12,28.40,1.0000,0.5164,0.170186,2,2,10,279.71,0.6029,0.0269,0.000782,4.336
339936,520,399,919,246,11,146,355.37,0.9894,0.5787,0.219109,31,33,18,114.63,0.3583,0.1375,0.014227,4.190
339943,520,350,870,172,120,251,299.71,0.9186,0.6312,0.291689,12,53,16,144.79,0.9505,0.1886,0.026617,4.460
339949,520,465,985,99,95,252,277.85,0.9767,0.5155,0.178647,26,0,9,358.57,1.0000,0.0531,0.002394,4.364
339959,520,472,992,221,38,74,17.45,0.9291,0.5170,0.172555,6,1,20,295.26,0.8507,0.0344,0.001109,4.354
339962,520,431,951,196,12,247,315.87,0.9925,0.5501,0.187155,49,0,12,11.98,1.0000,0.0988,0.006796,4.176
339963,520,235,755,255,135,198,348.78,1.0000,0.7369,0.426679,61,70,66,167.11,0.1012,0.2908,0.057657,4.428
339968,520,379,899,213,66,240,320.91,0.9318,0.6035,0.243356,18,43,15,141.62,0.8363,0.1574,0.018908,4.257
339982,520,478,998,203,63,96,10.68,0.7722,0.5100,0.170981,6,0,9,318.71,1.0000,0.0249,0.000584,4.369
339989,520,330,850,215,132,27,64.86,0.9105,0.6353,0.310307,45,53,11,119.51,0.7881,0.2106,0.031282,4.433
339993,520,416,936,237,10,157,350.05,0.9875,0.5653,0.206590,26,14,71,284.75,0.8222,0.1223,0.009886,4.285
339999,520,462,982,203,61,162,341.64,0.7884,0.5341,0.186445,11,8,7,41.86,0.1159,0.0509,0.002602,4.495
340021,520,367,887,245,48,176,346.82,0.9362,0.6059,0.246641,23,45,13,137.05,0.8314,0.1668,0.020879,4.185
340024,520,436,956,245,15,57,22.32,0.9911,0.5539,0.200530,31,14,19,1.38,0.3775,0.0910,0.006524,4.432
340028,520,368,888,252,66,120,8.72,0.9675,0.6125,0.259514,21,44,39,178.25,0.4410,0.1693,0.021072,4.355
340034,520,450,970,208,2,212,327.33,0.9975,0.5411,0.182087,22,12,9,37.56,0.2970,0.0718,0.004533,4.256
340046,520,418,938,234,58,42,29.71,0.9391,0.5551,0.206888,43,7,50,320.62,0.7723,0.1164,0.008959,4.357
340047,520,456,976,194,58,191,328.88,0.8254,0.5321,0.182586,0,12,25,244.03,1.0000,0.0581,0.003331,4.361
340054,520,418,938,203,92,114,9.85,0.6317,0.5562,0.215676,38,19,33,337.26,0.4068,0.1170,0.009877,4.437
340055,520,480,1000,209,2,167,340.29,0.9946,0.5141,0.163909,0,0,0,0.00,0.0000,0.0000,0.000000,4.278
340076,520,480,1000,191,44,184,330.24,0.8567,0.5099,0.163400,0,0,0,0.00,0.0000,0.0000,0.000000,4.268
340084,520,421,941,224,79,74,25.81,0.8319,0.5643,0.219363,21,26,34,259.74,0.2057,0.1140,0.010137,4.479
340095,520,355,875,255,61,139,1.92,1.0000,0.6196,0.264651,13,51,3,139.77,0.9862,0.1804,0.024597,4.218
340100,520,464,984,226,42,19,30.81,0.9771,0.5235,0.178746,15,3,29,302.93,0.7697,0.0546,0.002554,4.353
340122,520,436,956,225,14,163,345.54,0.9755,0.5456,0.189686,38,7,22,353.48,0.6596,0.0915,0.006220,4.263
340185,520,435,955,141,94,247,292.99,0.9108,0.5487,0.203835,1,16,56,261.97,0.9633,0.0923,0.006625,4.483
340199,520,365,885,238,48,209,335.57,0.9488,0.6106,0.248972,29,39,54,258.32,0.3011,0.1675,0.019785,4.284
340213,520,366,886,228,44,246,323.92,0.9721,0.6149,0.249514,14,44,45,198.27,0.5963,0.1681,0.020841,4.228
340216,520,390,910,255,30,88,15.79,1.0000,0.5855,0.228969,6,23,91,265.61,0.9422,0.1472,0.014067,4.354
340228,520,316,836,249,60,250,327.88,0.9846,0.6630,0.302764,6,62,36,157.10,0.9604,0.2221,0.036112,4.097
340234,520,406,926,250,47,11,31.63,0.9924,0.5764,0.223848,27,25,58,283.33,0.5471,0.1325,0.012337,4.393
340262,520,440,960,177,95,177,327.21,0.6086,0.5476,0.207069,6,24,11,151.34,0.7381,0.0892,0.007161,4.497
340266,520,404,924,208,51,238,320.42,0.9433,0.5813,0.219523,47,11,51,323.58,0.7195,0.1288,0.010828,4.431
340267,520,465,985,178,76,181,326.48,0.7143,0.5218,0.179712,2,3,38,269.09,0.9582,0.0500,0.002180,4.402
340272,520,410,930,238,58,85,18.13,0.9070,0.5695,0.218623,47,15,41,335.30,0.6052,0.1282,0.011062,4.399
340281,520,441,961,204,51,190,332.19,0.8624,0.5421,0.189246,3,16,51,263.19,0.8895,0.0889,0.006289,4.250
340311,520,408,928,180,95,211,316.21,0.7292,0.5719,0.225918,2,16,92,264.85,0.9721,0.1344,0.011561,4.482
340326,520,408,928,226,13,206,333.36,0.9879,0.5718,0.209153,34,23,54,298.14,0.5240,0.1326,0.012192,4.167
340329,520,469,989,217,41,93,10.45,0.8936,0.5155,0.171305,13,3,12,330.36,0.5502,0.0429,0.001772,4.275
340330,520,389,909,178,100,228,310.19,0.7885,0.5884,0.241815,49,18,67,310.67,0.7052,0.1539,0.014909,4.496
340334,520,424,944,215,25,217,327.78,0.9719,0.5631,0.201542,35,16,33,330.90,0.4587,0.1067,0.008377,4.309
340338,520,331,851,245,25,253,326.54,0.9940,0.6398,0.272024,33,42,80,271.56,0.5259,0.1962,0.025584,4.260
340368,520,443,963,228,53,18,32.57,0.9773,0.5366,0.190868,11,20,14,154.98,0.3209,0.0818,0.006032,4.299
340370,520,450,970,240,23,18,28.98,0.9878,0.5424,0.191851,22,6,27,317.81,0.6201,0.0677,0.003800,4.495
340373,520,468,988,216,55,76,18.86,0.8683,0.5215,0.178556,3,5,21,271.19,0.6635,0.0424,0.001820,4.411
340412,520,355,875,220,92,199,334.44,0.7923,0.6193,0.269955,36,36,77,280.65,0.5469,0.1816,0.021726,4.461
340446,520,456,976,200,6,210,325.72,0.9913,0.5264,0.170645,24,8,3,44.25,0.6101,0.0650,0.003745,4.105
340451,520,391,911,241,25,190,341.28,0.9761,0.5937,0.231167,18,36,47,236.77,0.4252,0.1469,0.015955,4.263
340463,520,465,985,169,57,224,311.67,0.8796,0.5155,0.167439,14,8,6,43.00,0.2325,0.0536,0.002802,4.118
340474,520,394,914,232,37,202,335.96,0.9551,0.5893,0.227458,48,11,64,313.42,0.7778,0.1405,0.012380,4.448
340477,520,220,740,235,158,199,346.60,0.6767,0.7520,0.462411,71,75,13,113.29,0.8561,0.3040,0.064008,4.495
340484,520,434,954,239,1,105,7.32,0.9988,0.5482,0.193956,12,19,49,270.27,0.6568,0.0994,0.007656,4.231
340495,520,426,946,207,74,165,342.39,0.7540,0.5574,0.208815,24,18,58,285.26,0.6752,0.1147,0.009323,4.363
340504,520,76,596,243,223,219,31.11,0.4333,0.9053,0.769452,9,120,6,142.42,0.9963,0.4182,0.135036,4.429
340512,520,294,814,253,70,253,328.03,0.9938,0.6794,0.323577,95,25,45,7.36,0.7167,0.2355,0.033180,4.491
340515,520,420,940,233,50,126,1.61,0.8893,0.5642,0.211141,16,22,55,272.18,0.6408,0.1139,0.009598,4.382
340516,520,378,898,208,61,246,318.26,0.9552,0.5954,0.234028,49,13,82,302.58,0.8266,0.1607,0.015501,4.336
340537,520,355,875,253,81,72,27.28,0.9857,0.6202,0.272389,42,44,30,114.57,0.2595,0.1842,0.023873,4.364
340561,520,451,971,194,50,213,322.70,0.8938,0.5397,0.185561,4,17,13,173.27,0.5661,0.0685,0.004558,4.318
340562,520,334,854,193,119,229,313.73,0.7616,0.6404,0.301892,13,57,4,140.58,0.9864,0.2014,0.030205,4.387
340580,520,468,988,229,5,52,22.15,0.9959,0.5166,0.170175,13,4,6,2.24,0.3955,0.0432,0.001856,4.246
340583,520,381,901,204,92,201,328.54,0.7527,0.5959,0.247103,31,30,77,279.96,0.6449,0.1632,0.017556,4.398
340591,520,432,952,244,30,28,28.41,0.9825,0.5545,0.202490,45,4,6,22.82,0.8754,0.0953,0.006580,4.463
340614,520,412,932,212,33,230,323.73,0.9665,0.5708,0.207998,44,3,54,318.75,0.8652,0.1160,0.008670,4.397
340624,520,473,993,208,17,169,339.52,0.9562,0.5170,0.166775,10,2,5,351.60,0.5246,0.0342,0.001189,4.235
340630,520,356,876,252,2,203,340.00,0.9990,0.6160,0.250540,67,23,55,339.49,0.6153,0.1833,0.020821,4.244
340637,520,368,888,227,82,178,343.57,0.8048,0.6072,0.255822,57,20,71,315.44,0.7006,0.1724,0.018252,4.481
340638,520,399,919,248,18,136,359.10,0.9823,0.5806,0.221701,40,30,4,88.03,0.7914,0.1375,0.013885,4.253
340639,520,381,901,223,82,182,341.00,0.7979,0.6025,0.251022,47,31,33,10.67,0.2404,0.1567,0.016942,4.497
340671,520,458,978,178,48,233,312.92,0.9234,0.5281,0.174631,18,8,19,323.65,0.4040,0.0626,0.003493,4.199
340677,520,438,958,241,15,79,16.20,0.9872,0.5491,0.196103,27,9,40,308.28,0.6703,0.0880,0.005816,4.409
340684,520,383,903,243,40,177,345.81,0.9487,0.5977,0.237497,9,20,97,267.35,0.9545,0.1504,0.014214,4.477
340699,520,323,843,238,118,98,31.01,0.8182,0.6526,0.320185,36,55,40,150.44,0.3679,0.2148,0.032606,4.481
340700,520,411,931,245,23,116,5.32,0.9741,0.5694,0.212896,19,12,79,276.59,0.9189,0.1220,0.009659,4.407
340702,520,423,943,237,31,118,3.73,0.9492,0.5572,0.202956,49,2,37,340.73,0.8467,0.1120,0.008301,4.339
340738,520,331,851,254,5,231,333.51,0.9986,0.6367,0.269521,89,14,17,24.54,0.8926,0.2032,0.024788,4.272
340746,520,413,933,238,52,112,7.81,0.9022,0.5710,0.218061,48,12,26,359.22,0.6340,0.1183,0.009660,4.493
340762,520,445,965,204,3,218,324.78,0.9966,0.5387,0.179663,26,3,45,305.03,0.8566,0.0807,0.004742,4.195
340766,520,441,961,219,55,117,3.02,0.8350,0.5385,0.190793,17,16,39,283.06,0.5123,0.0891,0.006362,4.272
340785,520,409,929,229,51,152,351.38,0.8786,0.5674,0.212954,8,10,90,268.39,0.9766,0.1265,0.010068,4.378
340795,520,378,898,229,91,113,13.56,0.7702,0.5985,0.253350,43,34,30,45.30,0.1606,0.1577,0.017514,4.493
340796,520,479,999,223,27,72,17.22,0.9589,0.5144,0.169425,0,1,0,142.50,1.0000,0.0135,0.000217,4.370
340804,520,405,925,239,67,52,29.28,0.9302,0.5751,0.226161,16,26,62,268.73,0.6715,0.1292,0.011967,4.457
340807,520,454,974,170,82,193,318.89,0.7092,0.5261,0.184318,32,5,5,23.97,0.7387,0.0723,0.004266,4.318
340822,520,447,967,228,39,113,4.52,0.9125,0.5421,0.191401,17,18,14,118.63,0.1241,0.0815,0.005835,4.323
340823,520,472,992,220,50,51,26.10,0.9237,0.5205,0.177385,8,0,20,303.78,1.0000,0.0338,0.001021,4.457
340828,520,0,520,255,255,255,0.00,0.0000,1.0000,1.000000,34,137,39,143.55,0.9736,0.4813,0.183771,4.492
340833,520,251,771,250,115,246,328.64,0.9795,0.7215,0.392418,51,64,82,256.59,0.2573,0.2720,0.049797,4.433
340850,520,211,731,255,164,12,69.74,1.0000,0.7570,0.478402,46,80,81,198.11,0.3796,0.3145,0.069120,4.436
340867,520,372,892,227,56,235,326.09,0.9488,0.6139,0.251596,47,39,16,90.57,0.5325,0.1728,0.020928,4.252
340874,520,450,970,217,38,158,345.82,0.8943,0.5383,0.186089,23,11,19,340.07,0.3469,0.0743,0.004685,4.317
340899,520,389,909,248,54,112,9.48,0.9426,0.5921,0.237681,43,13,83,296.60,0.8401,0.1534,0.014260,4.477
340912,520,469,989,179,40,234,313.32,0.9424,0.5245,0.170429,19,0,8,351.36,1.0000,0.0416,0.001560,4.275
340915,520,468,988,196,72,119,0.06,0.6989,0.5161,0.177042,2,8,7,185.11,0.4890,0.0426,0.002019,4.365
340937,520,418,938,152,95,241,297.96,0.8603,0.5578,0.212109,37,20,38,324.92,0.4199,0.1201,0.010336,4.344
340949,520,391,911,255,49,52,26.53,1.0000,0.5909,0.237083,70,2,27,6.53,0.9300,0.1520,0.014249,4.468
340950,520,472,992,232,0,42,24.32,1.0000,0.5207,0.173261,7,0,14,311.24,1.0000,0.0289,0.000769,4.398
340963,520,348,868,233,68,221,331.15,0.9220,0.6252,0.266808,65,35,34,22.28,0.3972,0.1936,0.024415,4.257
340969,520,411,931,252,22,19,28.86,0.9910,0.5676,0.213200,14,33,0,133.56,1.0000,0.1199,0.011810,4.258
340978,520,374,894,233,1,226,330.01,0.9995,0.5952,0.228389,66,2,58,334.44,0.8981,0.1590,0.015073,4.278
340980,520,412,932,232,25,177,343.01,0.9640,0.5698,0.210282,55,2,33,350.51,0.8652,0.1219,0.009656,4.363
340986,520,380,900,241,6,204,337.36,0.9961,0.5968,0.231936,14,45,6,139.76,0.9602,0.1607,0.019832,4.037
340997,520,418,938,221,61,158,347.97,0.8288,0.5642,0.211807,31,17,53,298.55,0.6284,0.1164,0.009493,4.401
340999,520,410,930,173,86,247,305.53,0.9248,0.5746,0.222558,0,39,0,142.50,1.0000,0.1331,0.014510,4.225
341004,520,452,972,228,41,69,20.03,0.9377,0.5325,0.185124,12,16,1,120.14,0.8659,0.0686,0.004509,4.313
341011,520,446,966,187,55,227,316.83,0.9016,0.5432,0.188445,1,21,27,218.50,0.8817,0.0831,0.006219,4.241
341013,520,460,980,230,9,96,9.18,0.9874,0.5286,0.178659,16,8,4,54.75,0.3862,0.0551,0.002926,4.320
341015,520,356,876,250,34,192,342.82,0.9721,0.6152,0.252771,35,21,103,281.19,0.8748,0.1770,0.018729,4.405
341021,520,373,893,196,85,236,315.89,0.8798,0.5966,0.242901,12,31,84,265.08,0.8565,0.1593,0.016981,4.373
341030,520,402,922,233,54,169,346.61,0.8914,0.5849,0.228293,9,26,69,264.43,0.8321,0.1316,0.012265,4.470
341035,520,459,979,131,89,248,289.99,0.9309,0.5306,0.187472,1,17,6,154.49,0.9499,0.0642,0.004205,4.381
341039,520,390,910,210,105,118,13.75,0.6104,0.5905,0.251147,15,39,47,222.27,0.5191,0.1541,0.017578,4.456
341044,520,276,796,249,112,216,337.73,0.9521,0.7004,0.366886,42,67,25,134.34,0.7452,0.2540,0.045766,4.353
341046,520,404,924,238,67,95,16.21,0.8828,0.5805,0.230207,17,34,17,144.17,0.5815,0.1282,0.013037,4.445
341094,520,409,929,251,13,98,11.55,0.9906,0.5738,0.216826,16,2,97,272.37,0.9944,0.1311,0.010166,4.435
341117,520,386,906,225,78,151,353.29,0.7817,0.5870,0.236932,38,23,67,295.84,0.6387,0.1475,0.014301,4.462
341124,520,462,982,186,27,231,316.44,0.9664,0.5257,0.169938,18,5,9,358.52,0.4543,0.0525,0.002569,4.184
341130,520,362,882,232,77,185,342.10,0.8462,0.6131,0.259689,70,23,38,3.17,0.6108,0.1809,0.020550,4.390
341140,520,382,902,248,74,57,29.54,0.9626,0.6007,0.251528,20,37,64,259.29,0.5436,0.1618,0.018420,4.407
341143,520,290,810,240,127,127,21.09,0.7776,0.6779,0.352389,23,68,11,139.98,0.9685,0.2441,0.043404,4.308
341168,520,318,838,209,110,248,315.44,0.9340,0.6581,0.314858,25,54,78,245.67,0.5514,0.2226,0.033949,4.346
341177,520,364,884,238,82,150,357.12,0.8351,0.6142,0.264166,1,50,9,145.44,0.9964,0.1734,0.023073,4.299
341187,520,462,982,225,21,134,355.36,0.9554,0.5346,0.182678,2,2,37,269.81,0.9699,0.0467,0.001899,4.483
341188,520,444,964,243,5,9,28.85,0.9979,0.5435,0.191864,28,10,13,10.31,0.4418,0.0772,0.004930,4.403
341189,520,427,947,198,37,247,315.99,0.9674,0.5631,0.200457,24,22,13,97.09,0.2717,0.0986,0.007971,4.320
341205,520,329,849,241,80,228,331.32,0.9361,0.6544,0.300421,5,44,103,259.36,0.9357,0.2073,0.028127,4.485
341209,520,458,978,201,69,132,354.44,0.7305,0.5260,0.183416,4,13,25,252.82,0.5506,0.0636,0.003838,4.336
341219,520,319,839,255,15,240,331.65,1.0000,0.6459,0.278961,77,37,36,22.53,0.4832,0.2186,0.030285,4.097
341223,520,330,850,242,55,235,329.82,0.9633,0.6381,0.276105,60,31,90,303.60,0.6658,0.2100,0.026789,4.247
341251,520,283,803,251,119,142,11.10,0.9056,0.6855,0.356589,38,66,7,132.43,0.9545,0.2457,0.043237,4.361
341253,520,478,998,149,80,213,304.80,0.7694,0.5085,0.169314,0,0,18,264.05,1.0000,0.0220,0.000437,4.348
341257,520,377,897,249,17,186,344.06,0.9882,0.6042,0.240891,45,21,80,297.70,0.7395,0.1643,0.016734,4.359
341315,520,471,991,212,57,79,17.75,0.8458,0.5163,0.174902,2,6,16,258.16,0.5752,0.0412,0.001806,4.341
341321,520,414,934,226,81,28,38.10,0.9440,0.5653,0.221402,14,26,56,265.44,0.6294,0.1230,0.011176,4.436
341335,520,310,830,243,65,253,325.70,0.9928,0.6590,0.299297,56,31,106,293.47,0.7448,0.2191,0.028613,4.443
341361,520,428,948,251,3,59,21.82,0.9985,0.5643,0.208938,18,18,49,279.63,0.6093,0.1017,0.007829,4.478
341387,520,372,892,243,88,81,26.25,0.9113,0.6121,0.266313,21,47,2,135.00,0.9819,0.1707,0.021968,4.395
341394,520,480,1000,197,75,71,25.17,0.7474,0.5088,0.173593,0,0,0,0.00,0.0000,0.0000,0.000000,4.472
341401,520,418,938,214,63,163,344.44,0.8079,0.5561,0.204977,4,20,76,264.88,0.9330,0.1232,0.010479,4.216
341406,520,353,873,236,41,231,329.42,0.9712,0.6165,0.251909,30,48,25,139.04,0.5396,0.1839,0.024601,4.047
341447,520,348,868,191,117,224,314.60,0.7353,0.6314,0.291817,11,51,43,176.86,0.7826,0.1888,0.026131,4.490
341449,520,450,970,191,40,229,318.05,0.9413,0.5394,0.182525,26,5,24,331.29,0.6469,0.0696,0.003941,4.311
341458,520,372,892,232,96,89,25.77,0.8205,0.6054,0.262455,22,36,81,267.60,0.6881,0.1739,0.020263,4.447
341466,520,463,983,205,58,143,349.46,0.7887,0.5254,0.179905,22,3,7,6.10,0.6567,0.0528,0.002511,4.378
341472,520,461,981,227,45,58,23.68,0.9372,0.5316,0.185160,21,4,10,356.95,0.5737,0.0546,0.002682,4.464
341489,520,390,910,255,35,79,18.68,1.0000,0.5861,0.230304,54,0,81,309.49,1.0000,0.1544,0.013784,4.395
341495,520,417,937,243,48,81,18.42,0.9396,0.5703,0.217660,21,31,26,162.96,0.2359,0.1247,0.012140,4.307
341502,520,386,906,233,27,208,334.53,0.9748,0.5901,0.226642,3,21,100,264.83,0.9649,0.1533,0.014757,4.272
341506,520,421,941,175,63,255,306.43,1.0000,0.5561,0.198897,16,3,78,276.09,0.9811,0.1065,0.007253,4.347
341516,520,414,934,247,46,48,26.80,0.9669,0.5720,0.219451,27,20,59,287.39,0.6403,0.1226,0.010491,4.454
341528,520,458,978,177,84,176,327.83,0.6625,0.5291,0.188235,0,3,52,264.18,0.9868,0.0630,0.003130,4.484
341547,520,466,986,227,11,80,14.16,0.9861,0.5187,0.171523,11,7,17,302.78,0.3652,0.0524,0.002636,4.209
341549,520,427,947,212,24,226,324.78,0.9768,0.5639,0.201433,7,25,32,225.74,0.5475,0.1006,0.008447,4.302
341569,520,472,992,182,34,227,316.04,0.9477,0.5196,0.166364,8,1,11,319.02,0.7322,0.0316,0.000975,4.245
341585,520,366,886,225,70,206,333.31,0.8795,0.6050,0.248464,21,45,21,143.94,0.7017,0.1670,0.020903,4.209
341614,520,377,897,227,39,229,327.73,0.9665,0.5986,0.234414,67,15,39,356.02,0.7043,0.1641,0.016816,4.257
341623,520,379,899,252,64,74,23.35,0.9803,0.6004,0.248602,52,28,48,333.15,0.4209,0.1639,0.017740,4.408
341641,520,426,946,249,25,37,26.85,0.9871,0.5635,0.209722,26,25,19,99.46,0.1555,0.1103,0.009619,4.356
341669,520,409,929,236,34,159,349.75,0.9429,0.5727,0.214831,45,2,70,308.06,0.9446,0.1309,0.010436,4.382
341671,520,340,860,243,38,255,325.56,1.0000,0.6430,0.276636,15,39,109,265.05,0.8904,0.2046,0.026566,4.266
341675,520,320,840,243,106,146,4.33,0.8235,0.6538,0.314409,36,55,26,135.62,0.5897,0.2112,0.031820,4.454
341677,520,353,873,212,79,247,318.47,0.9531,0.6204,0.263060,57,29,63,320.35,0.5269,0.1821,0.021076,4.405
341690,520,477,997,190,60,164,336.90,0.7696,0.5114,0.168608,0,1,8,261.19,1.0000,0.0192,0.000392,4.338
341696,520,462,982,209,23,190,333.50,0.9538,0.5337,0.178879,4,5,31,273.64,0.8217,0.0503,0.002333,4.374
341713,520,454,974,206,25,186,333.87,0.9423,0.5266,0.173642,14,5,44,286.41,0.8360,0.0698,0.003837,4.154
341724,520,323,843,245,97,164,355.09,0.8675,0.6506,0.306451,12,58,41,164.19,0.8612,0.2117,0.032642,4.313
341726,520,420,940,229,4,177,342.11,0.9945,0.5585,0.199219,0,6,83,264.20,0.9896,0.1075,0.007547,4.331
341730,520,304,824,236,131,75,47.18,0.8098,0.6690,0.345760,9,63,52,175.30,0.8923,0.2315,0.038609,4.466
341732,520,438,958,242,3,81,15.32,0.9975,0.5490,0.195398,1,23,36,236.11,0.8861,0.0936,0.007466,4.270
341741,520,387,907,187,102,205,320.41,0.6895,0.5892,0.244764,20,35,58,258.68,0.4923,0.1521,0.016562,4.428
341762,520,376,896,223,73,193,336.86,0.8438,0.5976,0.243056,62,11,53,336.05,0.7495,0.1570,0.015207,4.494
341773,520,368,888,233,69,188,341.00,0.8734,0.6078,0.252133,18,27,97,269.86,0.8975,0.1675,0.017754,4.459
341782,520,107,627,250,214,96,92.30,0.8983,0.8658,0.692632,49,108,51,144.29,0.8514,0.3950,0.116167,4.469
341785,520,457,977,227,45,37,28.55,0.9518,0.5291,0.183441,14,13,6,101.58,0.3085,0.0644,0.003944,4.328
341788,520,423,943,247,30,47,25.42,0.9807,0.5624,0.209115,50,7,17,11.44,0.7635,0.1123,0.008707,4.414
341802,520,464,984,228,8,94,9.53,0.9883,0.5236,0.174787,17,1,24,315.90,0.8430,0.0491,0.002068,4.317
341810,520,452,972,217,65,52,28.97,0.8854,0.5302,0.187828,18,0,52,290.14,1.0000,0.0726,0.003765,4.423
341811,520,445,965,181,77,206,319.37,0.7796,0.5437,0.195888,23,1,54,294.90,0.9654,0.0821,0.004702,4.495
341816,520,438,958,239,45,36,28.77,0.9622,0.5537,0.203581,23,19,15,67.15,0.1508,0.0904,0.006824,4.463
341838,520,445,965,235,28,91,12.47,0.9610,0.5441,0.192511,28,10,12,13.86,0.4451,0.0769,0.004905,4.417
341855,520,419,939,250,3,39,25.63,0.9987,0.5599,0.205393,21,10,67,282.38,0.8702,0.1074,0.007817,4.417
341870,520,14,534,251,248,246,56.38,0.2951,0.9777,0.942980,48,132,52,144.07,0.9321,0.4714,0.173782,4.437
341871,520,463,983,210,54,141,351.21,0.8133,0.5298,0.182653,15,0,35,299.49,1.0000,0.0528,0.002229,4.454
341872,520,474,994,202,59,150,345.90,0.7827,0.5242,0.178884,0,3,18,259.92,1.0000,0.0320,0.001088,4.480
341877,520,453,973,214,62,82,17.83,0.8309,0.5262,0.183530,17,2,42,294.72,0.9017,0.0653,0.003298,4.382
341900,520,467,987,232,4,60,20.31,0.9966,0.5240,0.175720,9,5,7,345.05,0.2108,0.0420,0.001820,4.356
341903,520,319,839,239,100,177,348.74,0.8288,0.6502,0.306420,58,42,82,300.96,0.4769,0.2233,0.031647,4.365
341934,520,422,942,220,62,141,354.35,0.8135,0.5561,0.205864,22,10,70,282.35,0.8808,0.1116,0.008298,4.389
341936,520,387,907,232,84,89,21.93,0.8360,0.5884,0.242205,28,39,10,127.12,0.7152,0.1511,0.017198,4.348
341937,520,324,844,248,85,194,343.49,0.9378,0.6535,0.303515,3,50,83,245.82,0.9053,0.2060,0.029249,4.461
341944,520,409,929,240,65,21,34.00,0.9770,0.5725,0.223632,20,30,46,259.55,0.3756,0.1307,0.012745,4.361
341959,520,146,666,229,195,211,348.03,0.4089,0.8264,0.603922,42,101,22,139.14,0.9611,0.3648,0.098572,4.401
341978,520,459,979,229,36,11,30.75,0.9887,0.5253,0.179469,10,13,10,145.18,0.1412,0.0621,0.003743,4.270
341989,520,461,981,236,12,13,28.81,0.9943,0.5300,0.181281,10,3,28,293.35,0.7750,0.0489,0.002135,4.436
341998,520,436,956,166,82,232,306.71,0.8446,0.5483,0.199684,43,2,20,358.10,0.8379,0.0920,0.006076,4.453
342014,520,367,887,251,37,172,348.96,0.9696,0.6088,0.248143,9,1,128,266.72,0.9991,0.1726,0.016381,4.491
342016,520,472,992,176,53,218,315.68,0.8811,0.5174,0.168393,11,0,12,326.12,1.0000,0.0325,0.000977,4.284
342017,520,460,980,200,49,189,331.35,0.8607,0.5328,0.181519,24,4,8,7.55,0.6239,0.0583,0.002986,4.369
342019,520,472,992,235,1,1,29.20,0.9995,0.5250,0.176893,9,2,9,327.35,0.5690,0.0347,0.001212,4.430
342029,520,427,947,209,38,224,324.33,0.9511,0.5641,0.203252,48,1,14,9.65,0.9364,0.0987,0.006819,4.457
342033,520,457,977,215,52,128,357.40,0.8312,0.5320,0.184639,19,6,28,309.73,0.6273,0.0646,0.003525,4.384
342037,520,354,874,252,62,161,353.92,0.9687,0.6230,0.267173,6,34,102,263.33,0.9420,0.1827,0.021419,4.441
342039,520,476,996,222,20,47,23.66,0.9806,0.5051,0.162379,0,0,15,264.05,1.0000,0.0196,0.000345,4.218
342070,520,370,890,232,41,236,327.25,0.9716,0.6130,0.248002,45,38,4,97.40,0.8493,0.1657,0.019529,4.286
342081,520,26,546,235,249,255,225.19,1.0000,0.9691,0.926330,40,129,78,154.14,0.8922,0.4640,0.167010,4.499
342083,520,294,814,252,122,82,37.74,0.9596,0.6790,0.352268,10,69,19,145.07,0.9786,0.2440,0.043676,4.294
342084,520,258,778,243,128,196,345.23,0.8411,0.7072,0.384809,50,67,51,146.33,0.2921,0.2667,0.049314,4.378
342122,520,437,957,199,81,159,342.98,0.6951,0.5505,0.205319,5,21,41,254.28,0.6833,0.0940,0.007287,4.457
342124,520,477,997,149,85,210,304.83,0.7403,0.5141,0.175401,0,1,5,257.10,0.9999,0.0173,0.000327,4.479
342141,520,437,957,232,3,150,351.11,0.9953,0.5508,0.194258,8,0,74,271.10,1.0000,0.0914,0.005460,4.404
342145,520,394,914,238,42,168,347.58,0.9316,0.5852,0.226632,32,2,96,283.96,0.9857,0.1436,0.011950,4.465
342148,520,397,917,186,84,237,312.39,0.8765,0.5819,0.228952,39,16,67,300.23,0.7383,0.1367,0.012072,4.494
342151,520,355,875,247,84,99,19.08,0.9229,0.6177,0.270189,31,43,50,234.08,0.2250,0.1784,0.022493,4.417
342159,520,471,991,220,45,80,16.17,0.9020,0.5214,0.176743,8,2,19,300.97,0.7349,0.0386,0.001421,4.410
342163,520,457,977,236,0,48,23.28,1.0000,0.5300,0.180495,5,10,31,268.55,0.6596,0.0617,0.003483,4.310
342172,520,386,906,202,87,209,325.34,0.7886,0.5905,0.239779,63,11,40,350.78,0.7377,0.1519,0.014495,4.493
342179,520,448,968,180,72,214,317.04,0.8176,0.5413,0.191941,1,23,12,160.46,0.9573,0.0832,0.006458,4.285
342190,520,373,893,244,71,109,12.45,0.9033,0.5995,0.248469,33,29,73,283.63,0.6137,0.1594,0.016831,4.466
342194,520,436,956,198,54,218,322.46,0.8968,0.5531,0.197076,40,3,29,342.12,0.7877,0.0920,0.006050,4.408
342199,520,453,973,215,54,109,5.43,0.8307,0.5272,0.181920,23,8,30,313.98,0.5882,0.0745,0.004496,4.256
342220,520,466,986,185,63,180,329.53,0.7756,0.5157,0.171660,24,2,4,16.40,0.7831,0.0527,0.002464,4.225
342244,520,390,910,255,46,14,31.23,1.0000,0.5861,0.232495,71,4,4,27.82,0.9641,0.1514,0.014354,4.390
342246,520,464,984,188,21,225,318.54,0.9730,0.5215,0.166653,12,6,11,331.80,0.2869,0.0486,0.002326,4.140
342247,520,451,971,204,30,214,325.60,0.9539,0.5441,0.186228,16,14,0,103.99,1.0000,0.0671,0.004242,4.355
342251,520,452,972,236,8,34,26.19,0.9955,0.5304,0.181253,1,7,54,265.04,0.9652,0.0735,0.004247,4.263
342253,520,404,924,241,62,90,17.36,0.9081,0.5802,0.228874,35,27,27,18.10,0.1375,0.1286,0.012203,4.483
342257,520,2,522,255,255,255,0.00,0.0000,1.0000,1.000000,30,137,50,145.76,0.9737,0.4817,0.183969,4.488
342268,520,467,987,213,38,142,350.52,0.8780,0.5231,0.174877,4,1,26,281.91,0.9298,0.0366,0.001221,4.390
342274,520,384,904,234,72,131,2.54,0.8295,0.5887,0.237687,45,34,2,89.64,0.9072,0.1546,0.017064,4.290
342287,520,420,940,182,77,229,313.51,0.8525,0.5613,0.209110,38,19,16,29.66,0.3959,0.1106,0.009153,4.380
342305,520,369,889,179,98,254,304.88,0.9858,0.6051,0.254754,6,40,73,251.66,0.8165,0.1704,0.020372,4.331
342317,520,435,955,231,39,115,4.32,0.9185,0.5487,0.196807,27,19,11,66.19,0.3206,0.0941,0.007229,4.313
342324,520,399,919,244,67,15,34.74,0.9861,0.5822,0.232852,59,16,9,31.68,0.7802,0.1409,0.013203,4.475
342327,520,385,905,254,17,123,4.27,0.9922,0.5880,0.229055,25,30,68,274.55,0.5978,0.1504,0.015525,4.259
342333,520,358,878,248,40,205,338.88,0.9681,0.6215,0.258849,58,36,10,67.31,0.6924,0.1797,0.021833,4.300
342339,520,477,997,222,41,20,30.63,0.9740,0.5145,0.171688,3,0,3,328.36,1.0000,0.0167,0.000259,4.411
342340,520,424,944,223,5,194,335.85,0.9937,0.5572,0.196940,10,14,68,270.93,0.9112,0.1064,0.007959,4.261
342368,520,319,839,241,84,208,337.19,0.9106,0.6477,0.295982,30,59,45,161.68,0.4970,0.2249,0.035933,4.026
342377,520,424,944,251,18,14,29.04,0.9931,0.5639,0.209773,44,12,19,9.41,0.6050,0.1086,0.008455,4.444
342380,520,374,894,208,86,218,324.60,0.8309,0.6038,0.251291,60,22,46,343.98,0.5701,0.1646,0.017319,4.476
342381,520,247,767,245,124,238,329.52,0.9504,0.7233,0.400031,40,73,43,146.20,0.6045,0.2756,0.053905,4.331
342383,520,376,896,233,97,30,42.40,0.9419,0.6013,0.259696,18,38,66,257.11,0.5876,0.1648,0.019081,4.483
342405,520,390,910,226,57,189,338.54,0.8875,0.5850,0.227716,34,22,74,288.58,0.7119,0.1472,0.014083,4.334
342409,520,394,914,218,15,252,320.45,0.9936,0.5909,0.222773,35,15,80,289.88,0.8253,0.1429,0.012781,4.345
342419,520,447,967,226,57,79,18.99,0.8853,0.5438,0.196623,14,18,9,127.65,0.3264,0.0775,0.005457,4.447
342424,520,408,928,102,119,253,273.79,0.9777,0.5663,0.231095,37,29,1,93.74,0.9379,0.1304,0.012743,4.480
342427,520,280,800,222,119,246,319.78,0.9294,0.6883,0.353786,38,68,23,136.54,0.8321,0.2541,0.046081,4.203
342429,520,273,793,225,124,247,320.23,0.9366,0.7008,0.371398,87,50,41,34.47,0.4247,0.2643,0.044678,4.451
342436,520,399,919,213,2,248,320.15,0.9990,0.5769,0.209687,15,17,92,270.91,0.9432,0.1423,0.012751,4.138
342445,520,431,951,198,12,245,316.84,0.9923,0.5517,0.188628,20,23,25,236.89,0.0812,0.1011,0.008317,4.092
342447,520,477,997,153,69,231,303.54,0.8670,0.5127,0.167985,3,1,2,344.98,0.3863,0.0205,0.000455,4.320
342453,520,419,939,230,12,164,346.35,0.9822,0.5554,0.197691,47,0,42,333.27,1.0000,0.1084,0.007716,4.292
342457,520,442,962,184,68,204,321.45,0.8082,0.5355,0.186854,7,20,19,189.40,0.4152,0.0808,0.005925,4.235
342465,520,419,939,241,42,37,28.25,0.9669,0.5558,0.204936,36,4,64,302.44,0.8964,0.1139,0.008321,4.371
342466,520,427,947,207,73,167,341.54,0.7605,0.5572,0.208224,21,15,51,286.18,0.6696,0.1000,0.007401,4.499
342467,520,284,804,212,127,241,317.02,0.8630,0.6854,0.355279,26,58,102,256.99,0.6696,0.2514,0.042048,4.403
342469,520,452,972,217,46,113,3.19,0.8619,0.5254,0.179005,14,15,19,274.36,0.1222,0.0732,0.004820,4.177
342475,520,362,882,206,94,207,327.17,0.7685,0.6052,0.256338,0,42,75,247.99,1.0000,0.1755,0.021638,4.276
342486,520,411,931,222,35,198,334.60,0.9447,0.5678,0.208112,42,19,14,33.27,0.4837,0.1164,0.009898,4.309
342494,520,371,891,240,46,195,339.94,0.9441,0.6051,0.244223,72,15,20,20.30,0.7878,0.1682,0.017701,4.346
342499,520,389,909,251,60,67,24.52,0.9769,0.5937,0.241498,31,37,24,128.20,0.2927,0.1507,0.016804,4.363
342507,520,412,932,234,12,175,343.91,0.9858,0.5687,0.208534,34,7,64,299.33,0.8478,0.1150,0.008622,4.410
342560,520,224,744,234,160,174,6.92,0.6039,0.7459,0.456918,4,87,9,143.17,0.9960,0.3046,0.068616,4.274
342563,520,341,861,239,33,251,325.55,0.9871,0.6312,0.264060,19,38,107,266.80,0.8703,0.2020,0.025861,4.140
342566,520,426,946,226,30,175,342.29,0.9448,0.5596,0.201950,54,1,23,1.62,0.9297,0.1143,0.008680,4.294
342597,520,480,1000,204,35,155,343.44,0.8767,0.5103,0.164080,0,0,0,0.00,0.0000,0.0000,0.000000,4.282
342602,520,432,952,241,39,31,28.83,0.9718,0.5534,0.202541,30,14,38,313.41,0.5378,0.0989,0.007301,4.407
342617,520,480,1000,145,66,243,298.60,0.9251,0.5092,0.163875,0,0,0,0.00,0.0000,0.0000,0.000000,4.277
342641,520,464,984,205,64,112,3.84,0.7634,0.5199,0.178179,3,8,29,266.15,0.7438,0.0545,0.002817,4.320
342650,520,183,703,251,165,210,347.27,0.9101,0.7898,0.520747,12,95,23,144.32,0.9879,0.3348,0.083241,4.284
342655,520,398,918,212,87,155,349.37,0.7051,0.5785,0.231820,45,25,26,16.49,0.3331,0.1374,0.013278,4.454
342667,520,472,992,204,25,178,335.74,0.9331,0.5179,0.167490,2,2,21,274.45,0.8726,0.0334,0.001105,4.256
342677,520,438,958,219,43,158,346.50,0.8820,0.5454,0.192589,11,18,46,269.86,0.6445,0.0941,0.007010,4.255
342683,520,456,976,234,2,70,17.67,0.9981,0.5295,0.179812,10,10,10,0.00,0.0000,0.0554,0.003035,4.333
342705,520,398,918,240,71,7,36.35,0.9925,0.5785,0.230503,12,37,19,150.62,0.7499,0.1353,0.014483,4.350
342706,520,422,942,220,72,105,11.15,0.7888,0.5550,0.208728,39,14,37,330.40,0.5627,0.1113,0.008790,4.401
342707,520,477,997,216,46,71,19.08,0.9015,0.5122,0.170104,2,1,12,284.08,0.7969,0.0246,0.000612,4.349
342728,520,464,984,232,17,10,29.25,0.9911,0.5227,0.175817,7,4,25,286.69,0.7019,0.0464,0.002022,4.341
342731,520,279,799,221,139,174,352.96,0.5704,0.6876,0.368951,26,61,92,247.82,0.6147,0.2527,0.043296,4.491
342746,520,438,958,243,22,73,18.45,0.9817,0.5544,0.201130,32,14,22,352.54,0.4029,0.0935,0.006791,4.422
342747,520,314,834,228,101,222,329.39,0.8594,0.6564,0.310773,46,55,27,123.63,0.4941,0.2203,0.033923,4.299
342753,520,330,850,242,103,105,21.87,0.8573,0.6364,0.296006,11,38,118,264.65,0.9246,0.2108,0.027652,4.456
342758,520,138,658,241,187,250,321.56,0.9364,0.8376,0.611447,6,102,77,168.31,0.9779,0.3690,0.100768,4.387
342765,520,309,829,246,64,252,326.66,0.9899,0.6624,0.302906,55,52,29,101.80,0.4024,0.2215,0.033569,4.223
342769,520,380,900,223,57,216,329.93,0.9195,0.5957,0.235743,35,40,15,118.72,0.5630,0.1616,0.019094,4.136
342777,520,392,912,226,49,208,332.89,0.9299,0.5897,0.229218,1,33,76,256.95,0.9689,0.1520,0.016159,4.220
342779,520,401,921,163,110,210,307.02,0.6516,0.5755,0.235920,14,40,9,140.55,0.9155,0.1443,0.016306,4.312
342789,520,425,945,242,14,116,4.50,0.9846,0.5605,0.204556,41,11,45,322.81,0.6804,0.1148,0.009003,4.314
342794,520,433,953,203,57,189,332.23,0.8397,0.5451,0.192987,9,1,79,270.93,0.9963,0.1003,0.006442,4.305
342807,520,442,962,237,15,45,24.51,0.9905,0.5353,0.185389,38,4,2,30.39,0.8994,0.0806,0.005034,4.277
342816,520,374,894,238,5,220,332.62,0.9973,0.6009,0.234558,46,35,22,70.82,0.3396,0.1620,0.018409,4.160
342855,520,345,865,245,37,229,332.02,0.9793,0.6288,0.263957,34,33,93,278.41,0.7195,0.1871,0.022180,4.350
342894,520,442,962,187,86,163,337.39,0.6450,0.5406,0.198661,15,9,51,281.86,0.8098,0.0842,0.005359,4.492
342897,520,393,913,244,57,127,3.89,0.9092,0.5914,0.236949,21,34,35,202.04,0.2561,0.1371,0.014248,4.466
342915,520,384,904,190,90,229,315.31,0.8321,0.5901,0.239177,12,28,78,266.06,0.8450,0.1463,0.014586,4.477
342927,520,409,929,233,62,110,9.14,0.8621,0.5698,0.218976,14,24,72,269.21,0.8184,0.1325,0.012144,4.328
342949,520,403,923,224,7,224,328.35,0.9952,0.5789,0.213834,1,37,18,155.84,0.9851,0.1299,0.013732,4.140
342972,520,411,931,241,52,94,14.53,0.9198,0.5722,0.219681,40,23,8,60.67,0.5776,0.1208,0.010815,4.434
342973,520,422,942,230,56,99,11.99,0.8776,0.5553,0.205551,39,21,4,63.01,0.7161,0.1140,0.009765,4.276
342980,520,352,872,255,1,195,342.74,1.0000,0.6172,0.252253,74,24,31,14.78,0.6399,0.1879,0.022083,4.193
342984,520,349,869,253,24,222,335.49,0.9908,0.6336,0.268131,62,22,80,313.52,0.7185,0.1903,0.021772,4.432
342997,520,386,906,233,54,180,343.02,0.9010,0.5903,0.232600,25,39,8,130.11,0.8006,0.1482,0.016752,4.234
343003,520,436,956,214,48,179,338.37,0.8747,0.5508,0.196669,46,1,14,8.45,0.9285,0.0946,0.006344,4.378
343004,520,336,856,205,118,194,331.78,0.6262,0.6356,0.298324,18,48,78,250.85,0.6526,0.2017,0.027924,4.470
343036,520,414,934,215,61,187,336.33,0.8483,0.5684,0.213745,45,13,28,353.57,0.5897,0.1152,0.009297,4.448
343060,520,431,951,211,34,194,332.90,0.9301,0.5451,0.188901,35,13,31,334.43,0.5190,0.1003,0.007441,4.159
343062,520,432,952,145,87,255,294.18,1.0000,0.5487,0.200562,0,6,76,264.19,0.9875,0.0981,0.006520,4.433
343065,520,410,930,219,45,196,334.47,0.9142,0.5674,0.209246,56,10,17,16.30,0.7590,0.1282,0.010984,4.251
343066,520,377,897,222,53,224,327.59,0.9360,0.5960,0.234598,59,23,46,343.34,0.5472,0.1646,0.017400,4.223
343068,520,402,922,248,53,15,32.21,0.9884,0.5771,0.225407,49,18,34,349.97,0.5327,0.1330,0.012012,4.441
343089,520,451,971,180,77,202,320.21,0.7672,0.5395,0.192764,13,11,37,282.83,0.6201,0.0741,0.004585,4.447
343091,520,467,987,190,65,164,337.05,0.7500,0.5171,0.174096,10,0,29,296.61,1.0000,0.0426,0.001532,4.349
343099,520,396,916,245,1,163,349.76,0.9990,0.5821,0.220818,25,29,62,275.64,0.5448,0.1432,0.014332,4.210
343100,520,220,740,247,139,235,331.28,0.9518,0.7486,0.442397,1,67,144,257.15,0.9919,0.3041,0.060340,4.463
343113,520,337,857,204,117,215,322.95,0.7156,0.6433,0.304675,14,56,32,154.56,0.8736,0.2030,0.030259,4.419
343118,520,440,960,245,2,11,28.64,0.9992,0.5472,0.194836,21,20,20,17.30,0.0211,0.0924,0.007102,4.288
343131,520,470,990,189,80,127,355.73,0.6372,0.5185,0.180900,10,0,27,298.95,1.0000,0.0410,0.001437,4.489
343134,520,467,987,214,31,129,355.20,0.9046,0.5152,0.168635,5,1,31,281.46,0.9482,0.0418,0.001529,4.243
343144,520,420,940,216,15,209,330.12,0.9832,0.5562,0.195462,10,3,82,270.96,0.9895,0.1078,0.007388,4.277
343145,520,401,921,206,64,219,324.30,0.8842,0.5760,0.219048,32,17,78,287.12,0.8035,0.1404,0.012580,4.299
343150,520,458,978,163,73,226,307.89,0.8405,0.5273,0.180432,9,12,16,255.44,0.1681,0.0610,0.003584,4.300
343153,520,460,980,127,87,254,288.09,0.9895,0.5286,0.184839,17,6,22,314.88,0.5384,0.0589,0.003074,4.425
343157,520,444,964,238,14,78,16.15,0.9873,0.5423,0.190445,17,6,54,284.70,0.8695,0.0840,0.005157,4.359
343172,520,378,898,244,14,201,338.85,0.9911,0.6022,0.237673,37,28,67,291.30,0.5632,0.1566,0.016291,4.340
343174,520,439,959,226,59,93,14.24,0.8629,0.5489,0.200897,17,17,43,280.52,0.5526,0.0941,0.006945,4.406
343176,520,457,977,173,65,219,313.75,0.8468,0.5262,0.177802,8,11,12,219.00,0.1089,0.0565,0.003175,4.284
343177,520,363,883,249,15,191,342.65,0.9905,0.6063,0.242463,4,43,56,225.37,0.8543,0.1669,0.020390,4.155
343178,520,439,959,235,6,139,355.38,0.9913,0.5528,0.196595,2,18,48,259.30,0.8882,0.0901,0.006589,4.358
343184,520,362,882,190,99,232,313.78,0.8252,0.6054,0.256980,77,16,32,9.68,0.7521,0.1830,0.020529,4.353
343185,520,385,905,227,1,239,325.57,0.9995,0.5937,0.225869,28,32,60,275.84,0.4593,0.1517,0.016061,4.176
343186,520,369,889,251,6,187,344.11,0.9963,0.6063,0.242307,70,15,43,353.34,0.7176,0.1718,0.018184,4.287
343195,520,434,954,233,56,17,33.01,0.9805,0.5495,0.201955,2,5,79,265.70,0.9888,0.1019,0.006859,4.431
343204,520,479,999,213,2,151,346.44,0.9944,0.5133,0.164263,2,0,3,318.71,1.0000,0.0147,0.000195,4.269
343208,520,424,944,189,70,227,316.75,0.8671,0.5616,0.207464,16,12,69,276.30,0.8933,0.1082,0.008027,4.437
343209,520,475,995,216,32,133,354.22,0.9051,0.5214,0.173279,0,5,8,222.41,1.0000,0.0328,0.001261,4.356
343214,520,379,899,226,96,93,24.01,0.7717,0.5959,0.253273,3,41,56,229.58,0.8754,0.1603,0.018907,4.401
343219,520,423,943,193,74,213,321.61,0.8243,0.5626,0.210405,27,24,14,93.38,0.2921,0.1074,0.009180,4.400
343224,520,457,977,176,66,211,316.83,0.8248,0.5258,0.178307,25,5,1,41.01,0.8240,0.0598,0.003174,4.294
343225,520,447,967,240,19,36,26.45,0.9892,0.5421,0.191217,11,13,41,275.95,0.6574,0.0795,0.005191,4.371
343229,520,356,876,228,60,243,324.36,0.9544,0.6241,0.261990,77,18,2,36.34,0.9568,0.1798,0.020150,4.447
343232,520,360,880,248,53,178,347.05,0.9463,0.6159,0.257202,35,27,98,280.67,0.8033,0.1813,0.020230,4.374
343239,520,320,840,248,73,219,335.50,0.9617,0.6537,0.298389,66,42,23,58.23,0.4987,0.2087,0.028762,4.423
343256,520,471,991,203,53,149,346.17,0.8048,0.5196,0.174146,9,2,17,307.41,0.7038,0.0385,0.001420,4.359
343257,520,394,914,217,75,196,334.23,0.8283,0.5916,0.237715,21,36,13,135.70,0.6592,0.1365,0.014502,4.461
343263,520,407,927,242,38,128,1.58,0.9405,0.5743,0.218252,49,11,48,328.88,0.7095,0.1302,0.011058,4.393
343266,520,403,923,248,46,67,22.48,0.9643,0.5765,0.223192,65,1,3,26.79,0.9886,0.1342,0.011523,4.440
343269,520,407,927,219,52,197,334.22,0.8973,0.5732,0.215495,56,13,7,31.14,0.8161,0.1302,0.011441,4.321
343273,520,338,858,246,17,250,327.45,0.9955,0.6373,0.268987,40,13,123,281.10,0.9537,0.1968,0.021689,4.450
343274,520,376,896,225,34,245,323.53,0.9797,0.6039,0.237464,58,10,67,320.71,0.7938,0.1586,0.015220,4.408
343278,520,468,988,208,69,51,30.50,0.8593,0.5177,0.179074,2,9,2,143.69,0.8381,0.0433,0.002127,4.395
343286,520,400,920,234,61,131,1.08,0.8604,0.5773,0.224715,19,34,37,211.54,0.3128,0.1365,0.014160,4.282
343299,520,448,968,154,81,244,300.00,0.9078,0.5411,0.192868,0,7,61,263.94,1.0033,0.0808,0.004888,4.425
343305,520,393,913,249,8,154,353.41,0.9932,0.5874,0.226499,18,36,35,191.17,0.3714,0.1410,0.015117,4.246
343307,520,471,991,209,60,116,2.17,0.7890,0.5242,0.180502,10,2,9,330.82,0.5797,0.0358,0.001277,4.495
343317,520,470,990,155,56,254,300.73,0.9933,0.5212,0.169531,0,4,20,258.66,1.0000,0.0360,0.001373,4.273
343323,520,289,809,250,120,118,22.75,0.9152,0.6793,0.350679,24,66,8,138.89,0.9736,0.2375,0.041080,4.399
343329,520,457,977,235,2,41,24.71,0.9987,0.5275,0.178689,13,11,5,94.10,0.3135,0.0587,0.003359,4.286
343340,520,463,983,190,75,157,340.43,0.6962,0.5263,0.184152,7,10,3,124.73,0.4767,0.0506,0.002688,4.444
343355,520,453,973,124,96,247,286.46,0.9172,0.5347,0.193659,22,9,28,314.28,0.5279,0.0738,0.004498,4.471
343356,520,479,999,216,44,40,27.70,0.9408,0.5059,0.165561,0,0,4,264.05,1.0000,0.0106,0.000088,4.304
343373,520,443,963,172,73,225,311.34,0.8403,0.5390,0.189728,40,4,0,35.16,1.0000,0.0840,0.005380,4.329
343380,520,419,939,157,106,209,305.15,0.6588,0.5602,0.220800,10,30,16,151.70,0.6682,0.1112,0.010305,4.491
343382,520,354,874,255,67,107,13.75,1.0000,0.6158,0.263395,42,46,0,114.84,1.0000,0.1850,0.024462,4.209
343402,520,373,893,217,60,233,323.88,0.9303,0.5995,0.238686,25,34,64,269.49,0.5071,0.1572,0.017208,4.295
343409,520,409,929,236,48,126,1.98,0.9029,0.5684,0.214561,53,7,35,347.86,0.7528,0.1252,0.010303,4.387
343410,520,375,895,253,37,137,0.44,0.9824,0.5986,0.240155,4,42,50,215.23,0.8509,0.1604,0.019119,4.198
343413,520,418,938,233,61,41,30.48,0.9381,0.5560,0.208242,50,12,20,10.93,0.6623,0.1199,0.009917,4.310
343422,520,472,992,223,13,104,5.38,0.9759,0.5172,0.169781,6,1,13,306.73,0.7634,0.0302,0.000895,4.318
343428,520,345,865,225,95,194,337.84,0.7883,0.6287,0.280892,65,36,8,60.42,0.7552,0.1906,0.024033,4.470
343446,520,443,963,199,15,222,322.39,0.9831,0.5357,0.177593,19,3,53,289.33,0.9159,0.0800,0.004606,4.168
343452,520,295,815,251,76,250,328.21,0.9859,0.6796,0.325830,88,39,31,30.86,0.5884,0.2407,0.036250,4.357
343453,520,453,973,229,0,125,358.77,1.0000,0.5339,0.181416,10,12,27,276.48,0.4359,0.0672,0.004066,4.280
343457,520,466,986,217,58,30,32.30,0.9436,0.5201,0.178741,13,7,7,18.66,0.2094,0.0506,0.002529,4.355
343466,520,367,887,244,4,213,335.71,0.9979,0.6073,0.241270,36,38,55,278.90,0.2689,0.1717,0.020371,4.139
343470,520,468,988,228,17,46,24.00,0.9863,0.5167,0.170951,2,7,8,207.29,0.4336,0.0404,0.001824,4.264
343472,520,397,917,183,79,247,309.51,0.9371,0.5788,0.223755,33,14,78,289.06,0.8324,0.1371,0.011875,4.424
343492,520,414,934,205,92,137,357.34,0.6412,0.5673,0.224414,6,33,17,154.43,0.8610,0.1189,0.011669,4.450
343514,520,473,993,196,73,116,1.82,0.6942,0.5164,0.177636,3,3,12,280.87,0.5285,0.0322,0.001110,4.454
343516,520,422,942,224,52,151,350.66,0.8614,0.5584,0.205402,46,13,15,19.26,0.6280,0.1126,0.009033,4.326
343535,520,428,948,238,2,134,357.54,0.9973,0.5561,0.199449,49,0,25,354.88,1.0000,0.1032,0.007233,4.359
343552,520,420,940,191,93,157,342.43,0.6088,0.5550,0.213408,23,12,69,283.09,0.8488,0.1142,0.008747,4.484
343555,520,403,923,251,20,101,10.89,0.9838,0.5765,0.219528,44,18,43,328.69,0.5433,0.1295,0.011426,4.388
343567,520,378,898,252,67,32,32.60,0.9855,0.5987,0.248177,40,39,13,106.91,0.5964,0.1637,0.019312,4.302
343572,520,396,916,247,31,112,7.37,0.9639,0.5756,0.219274,46,16,60,313.29,0.6938,0.1408,0.012777,4.289
343574,520,448,968,215,68,103,10.44,0.7865,0.5404,0.195630,5,6,61,269.56,0.9644,0.0826,0.004994,4.466
343575,520,392,912,254,28,126,3.73,0.9917,0.5927,0.234114,62,14,36,355.99,0.6928,0.1517,0.014657,4.394
343580,520,447,967,183,53,229,315.19,0.9075,0.5368,0.182718,4,19,32,245.16,0.6421,0.0824,0.005958,4.159
343582,520,298,818,252,91,207,340.54,0.9752,0.6733,0.326856,19,62,60,190.85,0.6777,0.2347,0.039098,4.230
343589,520,252,772,247,134,188,351.24,0.8507,0.7199,0.404577,27,74,49,157.31,0.7534,0.2733,0.053521,4.391
343590,520,357,877,229,70,216,331.49,0.9044,0.6175,0.259985,60,32,30,24.61,0.4004,0.1777,0.020875,4.374
343598,520,463,983,231,21,57,21.78,0.9806,0.5260,0.178237,3,10,12,212.78,0.4215,0.0500,0.002630,4.337
343606,520,440,960,203,45,217,324.35,0.9225,0.5535,0.195848,9,6,65,272.71,0.9579,0.0900,0.005699,4.414
343609,520,163,683,205,199,194,62.56,0.0776,0.8058,0.577212,11,97,66,162.13,0.9627,0.3499,0.090135,4.476
343612,520,370,890,246,5,213,336.15,0.9975,0.6112,0.245085,63,13,60,330.50,0.7455,0.1656,0.016710,4.423
343622,520,398,918,204,75,218,323.67,0.8518,0.5841,0.229331,27,31,52,274.82,0.3747,0.1429,0.014609,4.323
343626,520,464,984,212,66,31,34.33,0.9276,0.5195,0.179948,1,11,21,241.70,0.7743,0.0544,0.002999,4.339
343628,520,263,783,234,122,251,322.20,0.9735,0.7121,0.383784,35,69,36,144.56,0.6964,0.2578,0.047408,4.453
343640,520,430,950,207,78,127,359.86,0.7094,0.5465,0.202485,13,25,30,226.11,0.3272,0.1032,0.008745,4.298
343647,520,420,940,223,65,139,356.16,0.8125,0.5639,0.213352,29,20,44,299.76,0.4687,0.1135,0.009434,4.431
343649,520,472,992,175,68,208,317.19,0.8096,0.5246,0.178033,7,3,7,326.70,0.3632,0.0346,0.001256,4.449
343654,520,463,983,221,16,153,347.87,0.9659,0.5335,0.180452,24,0,4,10.50,1.0000,0.0480,0.002030,4.429
343684,520,366,886,212,103,167,345.91,0.6522,0.6079,0.264894,19,48,8,138.42,0.9423,0.1737,0.022698,4.332
343685,520,373,893,243,82,7,38.75,0.9926,0.5974,0.251078,50,22,71,307.75,0.6740,0.1649,0.017069,4.489
343688,520,138,658,239,210,15,98.99,0.9853,0.8393,0.644797,1,107,26,145.07,0.9992,0.3744,0.105960,4.455
343736,520,350,870,232,74,220,331.16,0.9090,0.6288,0.272231,13,41,89,260.46,0.8119,0.1892,0.023926,4.359
343740,520,305,825,252,75,237,331.68,0.9871,0.6725,0.318450,80,36,51,359.98,0.4968,0.2269,0.032065,4.490
343752,520,443,963,221,64,87,16.96,0.8399,0.5430,0.197297,27,10,28,325.14,0.5199,0.0820,0.005340,4.469
343769,520,377,897,186,93,239,311.15,0.8702,0.5959,0.245007,18,40,44,210.59,0.4395,0.1573,0.018280,4.321
343809,520,355,875,240,84,146,359.44,0.8433,0.6187,0.269441,42,43,12,110.86,0.6700,0.1775,0.022466,4.408
343822,520,405,925,254,7,99,11.46,0.9954,0.5791,0.221274,61,1,30,357.90,0.9360,0.1321,0.011077,4.441
343845,520,2,522,255,255,255,0.00,0.0000,1.0000,1.000000,17,138,28,143.52,0.9919,0.4802,0.183792,4.491
343861,520,378,898,186,93,240,310.92,0.8759,0.5966,0.245600,8,39,62,244.94,0.7365,0.1602,0.018504,4.315
343877,520,480,1000,211,6,141,349.42,0.9819,0.5054,0.159046,0,0,0,0.00,0.0000,0.0000,0.000000,4.181
343888,520,414,934,243,48,84,17.49,0.9379,0.5709,0.218120,25,27,37,275.88,0.2089,0.1219,0.011241,4.378
343898,520,467,987,164,80,204,313.26,0.7459,0.5220,0.179902,10,5,12,317.52,0.3539,0.0447,0.001996,4.422
343905,520,394,914,190,79,245,312.21,0.9284,0.5870,0.231327,51,21,14,34.31,0.5791,0.1356,0.012719,4.485
343923,520,437,957,206,77,140,353.22,0.7150,0.5484,0.203250,3,24,11,155.02,0.8889,0.0873,0.006968,4.446
343924,520,319,839,249,18,254,327.24,0.9972,0.6454,0.277310,3,64,2,142.40,0.9958,0.2229,0.036904,3.766
343927,520,363,883,247,2,210,337.12,0.9990,0.6107,0.244738,8,48,12,144.65,0.9641,0.1693,0.021920,4.098
343930,520,334,854,229,69,250,322.79,0.9780,0.6382,0.278185,81,15,49,353.84,0.7566,0.1967,0.023130,4.488
343950,520,367,887,234,31,239,327.10,0.9832,0.6136,0.247069,58,30,22,36.77,0.4709,0.1679,0.018861,4.314
343966,520,430,950,228,22,159,347.64,0.9601,0.5520,0.195737,32,1,59,302.35,0.9647,0.0990,0.006446,4.354
343974,520,381,901,219,100,120,11.75,0.6791,0.5973,0.255327,33,38,44,253.05,0.1312,0.1630,0.018914,4.431
343993,520,424,944,228,56,114,5.96,0.8610,0.5557,0.205400,50,4,11,17.20,0.8625,0.1066,0.007892,4.412
344003,520,235,755,234,144,228,329.31,0.8504,0.7368,0.430421,39,73,73,195.61,0.4181,0.2853,0.056773,4.499
344010,520,323,843,250,73,196,342.75,0.9602,0.6451,0.290777,76,32,36,16.19,0.5354,0.2070,0.026971,4.427
344013,520,460,980,180,1,253,310.30,0.9994,0.5278,0.168179,11,11,11,0.00,0.0000,0.0587,0.003347,4.090
344014,520,397,917,207,106,78,36.42,0.6738,0.5782,0.241254,46,29,8,69.36,0.6523,0.1441,0.014772,4.497
344018,520,314,834,253,48,249,329.10,0.9934,0.6611,0.298391,72,39,52,355.38,0.3942,0.2200,0.030769,4.313
344019,520,379,899,250,71,14,35.27,0.9889,0.5981,0.248657,28,41,23,137.29,0.4435,0.1599,0.018946,4.332
344024,520,437,957,241,22,95,11.58,0.9757,0.5550,0.201041,35,12,7,34.23,0.5915,0.0901,0.006357,4.455
344025,520,333,853,236,80,211,334.88,0.8942,0.6366,0.282759,67,31,67,327.27,0.5482,0.2039,0.025786,4.391
344035,520,409,929,232,68,78,21.92,0.8771,0.5666,0.218430,1,23,78,262.33,0.9807,0.1301,0.011692,4.351
344037,520,396,916,215,62,197,333.21,0.8623,0.5751,0.219256,38,30,8,89.39,0.6299,0.1355,0.013582,4.235
344044,520,322,842,227,87,242,323.72,0.9384,0.6488,0.295601,24,37,112,269.39,0.8675,0.2078,0.026870,4.496
344052,520,396,916,211,45,232,322.80,0.9486,0.5775,0.215537,29,26,59,284.93,0.5341,0.1375,0.013157,4.204
344056,520,437,957,198,37,234,318.93,0.9562,0.5528,0.192709,42,3,10,14.10,0.8423,0.0886,0.005794,4.350
344063,520,352,872,245,26,214,335.74,0.9842,0.6150,0.250093,68,22,59,335.99,0.6445,0.1858,0.021187,4.216
344071,520,412,932,242,9,138,357.13,0.9898,0.5671,0.209109,25,25,48,282.29,0.4271,0.1233,0.011153,4.237
344085,520,473,993,180,56,215,317.61,0.8683,0.5242,0.174391,10,1,12,322.72,0.7464,0.0343,0.001128,4.389
344089,520,325,845,227,76,255,320.91,1.0000,0.6453,0.287218,11,43,103,261.51,0.8873,0.2066,0.027780,4.336
344092,520,401,921,248,53,82,19.15,0.9561,0.5843,0.231153,18,20,83,273.02,0.8856,0.1386,0.012534,4.496
344094,520,398,918,162,97,249,299.92,0.9235,0.5790,0.230706,16,30,57,262.30,0.5744,0.1353,0.013341,4.432
344108,520,395,915,242,21,182,343.73,0.9799,0.5900,0.227941,15,13,95,271.15,0.9628,0.1404,0.012155,4.472
344123,520,339,859,243,69,216,335.06,0.9373,0.6399,0.282716,42,35,98,283.03,0.6963,0.2034,0.025761,4.392
344125,520,321,841,250,31,253,327.62,0.9943,0.6505,0.283987,69,38,31,33.55,0.4282,0.2059,0.027505,4.309
344127,520,302,822,251,88,211,338.92,0.9707,0.6702,0.321948,63,39,95,301.06,0.6019,0.2329,0.033341,4.463
344132,520,421,941,211,12,228,324.13,0.9904,0.5601,0.197152,18,25,39,263.64,0.3426,0.1116,0.009703,4.140
344134,520,437,957,229,23,155,349.19,0.9579,0.5524,0.196401,7,25,11,149.45,0.7277,0.0929,0.007646,4.274
344140,520,400,920,220,43,219,328.44,0.9462,0.5823,0.220600,48,0,76,307.41,1.0000,0.1395,0.011502,4.400
344147,520,332,852,248,103,17,43.80,0.9829,0.6361,0.297007,47,48,23,110.61,0.4742,0.1996,0.027801,4.460
344156,520,397,917,226,43,192,337.39,0.9261,0.5762,0.217048,62,6,15,17.92,0.8673,0.1355,0.011891,4.315
344165,520,471,991,214,34,131,354.62,0.8935,0.5178,0.170813,11,2,9,333.93,0.5909,0.0369,0.001343,4.301
344168,520,349,869,251,65,185,346.05,0.9655,0.6342,0.277958,49,44,11,100.66,0.7084,0.1885,0.024785,4.385
344199,520,475,995,189,68,159,338.84,0.7284,0.5165,0.174578,2,2,19,275.27,0.8406,0.0321,0.001033,4.401
344213,520,478,998,185,2,224,318.13,0.9975,0.5106,0.157408,0,2,2,194.77,1.0000,0.0198,0.000478,4.109
344224,520,461,981,227,44,35,28.78,0.9543,0.5281,0.182565,5,6,29,275.28,0.7245,0.0519,0.002512,4.429
344239,520,457,977,215,66,41,32.09,0.9060,0.5262,0.185061,10,11,19,278.64,0.2616,0.0609,0.003509,4.393
344250,520,380,900,206,91,213,325.32,0.7970,0.6045,0.254096,29,38,34,166.42,0.1702,0.1551,0.017629,4.497
344251,520,415,935,232,58,132,359.98,0.8625,0.5711,0.218507,51,15,11,28.91,0.6922,0.1242,0.010697,4.424
344258,520,401,921,252,43,57,24.71,0.9856,0.5812,0.227223,19,36,20,145.63,0.5296,0.1366,0.014507,4.298
344269,520,321,841,253,44,241,330.96,0.9926,0.6537,0.290380,61,41,48,356.40,0.2538,0.2063,0.027915,4.369
344284,520,293,813,246,104,198,342.83,0.9102,0.6761,0.335734,37,45,123,272.85,0.7886,0.2446,0.037000,4.434
344287,520,372,892,216,58,250,319.64,0.9762,0.6083,0.245290,20,17,109,271.72,0.9589,0.1669,0.016536,4.438
344288,520,392,912,226,2,240,325.10,0.9991,0.5929,0.225057,38,11,88,290.35,0.8882,0.1502,0.013560,4.328
344290,520,351,871,242,54,221,333.36,0.9543,0.6288,0.267388,11,20,126,266.98,0.9769,0.1893,0.020776,4.484
344300,520,387,907,165,101,251,300.08,0.9413,0.5905,0.242720,13,31,75,264.37,0.7859,0.1511,0.015735,4.453
344315,520,442,962,231,48,13,32.12,0.9859,0.5382,0.191349,11,20,4,131.65,0.7092,0.0793,0.005802,4.325
344322,520,417,937,249,23,79,17.37,0.9827,0.5684,0.213207,10,33,15,148.71,0.7792,0.1204,0.011867,4.254
344325,520,478,998,210,27,129,354.09,0.9116,0.5052,0.160728,4,0,5,323.04,1.0000,0.0198,0.000368,4.184
344356,520,352,872,248,37,203,339.39,0.9709,0.6188,0.255945,44,0,122,284.96,1.0000,0.1892,0.019406,4.408
344393,520,391,911,221,91,142,358.43,0.7144,0.5941,0.248096,17,40,11,139.56,0.8659,0.1463,0.016609,4.475
344429,520,389,909,229,57,189,339.30,0.8943,0.5903,0.232609,5,40,39,192.20,0.8193,0.1489,0.016963,4.220
344433,520,211,731,190,180,215,298.31,0.3497,0.7552,0.484960,56,83,18,129.66,0.8901,0.3150,0.070708,4.432
344438,520,373,893,221,39,242,323.15,0.9714,0.5976,0.232361,5,36,76,256.65,0.8673,0.1615,0.018157,4.143
344440,520,372,892,216,116,51,50.33,0.8089,0.6072,0.273308,13,45,51,212.02,0.6354,0.1738,0.022013,4.490
344442,520,365,885,207,78,243,317.99,0.9308,0.6090,0.251867,71,9,44,351.49,0.7854,0.1680,0.017170,4.494
344449,520,445,965,202,26,212,325.62,0.9595,0.5374,0.180506,23,6,44,299.75,0.7772,0.0811,0.004943,4.195
344453,520,460,980,197,0,227,320.76,1.0000,0.5329,0.174180,27,6,1,42.76,0.8306,0.0649,0.003655,4.178
344464,520,439,959,215,40,192,334.56,0.9166,0.5545,0.197726,5,7,66,268.81,0.9670,0.0901,0.005775,4.442
344473,520,477,997,161,28,254,304.00,0.9952,0.5088,0.155639,7,0,1,9.43,1.0000,0.0219,0.000474,4.074
344486,520,336,856,249,12,244,329.45,0.9969,0.6374,0.269373,11,51,65,225.77,0.7450,0.1995,0.028203,4.084
344487,520,384,904,234,36,189,340.10,0.9506,0.5850,0.224311,7,29,82,263.52,0.9005,0.1505,0.015330,4.199
344495,520,478,998,203,55,116,0.17,0.7912,0.5076,0.166919,3,1,4,316.91,0.5138,0.0217,0.000498,4.296
344499,520,441,961,219,2,187,336.83,0.9968,0.5448,0.186937,13,21,18,169.78,0.2287,0.0873,0.006656,4.182
344500,520,123,643,253,200,191,29.47,0.9135,0.8569,0.659544,23,107,41,146.50,0.9697,0.3801,0.108572,4.475
344524,520,360,880,208,77,253,316.01,0.9865,0.6165,0.258110,60,12,86,309.90,0.8357,0.1803,0.018956,4.468
344526,520,432,952,227,52,107,7.98,0.8742,0.5481,0.198512,27,18,40,301.53,0.4606,0.1043,0.008188,4.271
344545,520,366,886,218,92,194,335.60,0.7736,0.6136,0.264567,20,42,60,245.01,0.5021,0.1733,0.021308,4.411
344549,520,219,739,231,175,30,84.26,0.9366,0.7497,0.477444,25,85,17,141.45,0.9711,0.3036,0.067439,4.491
344558,520,441,961,189,46,222,318.99,0.9161,0.5350,0.180481,20,21,21,197.03,0.0211,0.0943,0.007392,4.016
344570,520,280,800,217,120,251,316.64,0.9604,0.6862,0.351511,12,60,96,246.32,0.7994,0.2473,0.041542,4.386
344571,520,347,867,254,54,173,349.94,0.9906,0.6254,0.267297,70,22,64,332.89,0.6654,0.1923,0.022462,4.379
344581,520,472,992,189,33,208,322.90,0.9296,0.5157,0.164620,0,3,16,258.54,1.0000,0.0307,0.001025,4.206
344582,520,408,928,229,35,181,341.27,0.9407,0.5709,0.211989,42,0,80,299.81,1.0000,0.1346,0.010715,4.315
344596,520,428,948,232,10,163,347.08,0.9859,0.5584,0.200201,12,24,39,254.64,0.4598,0.1047,0.008779,4.257
344605,520,440,960,224,46,134,356.50,0.8763,0.5466,0.195252,24,13,35,305.53,0.5152,0.0877,0.006034,4.377
344637,520,470,990,140,90,215,299.00,0.7437,0.5153,0.177943,16,1,5,359.80,0.7582,0.0387,0.001428,4.432
344638,520,271,791,217,150,168,1.73,0.4760,0.7020,0.393930,46,70,9,129.43,0.9322,0.2649,0.049808,4.448
344640,520,334,854,209,108,229,320.79,0.8243,0.6433,0.299390,16,55,35,157.70,0.8012,0.2013,0.029638,4.387
344656,520,376,896,231,66,187,340.71,0.8741,0.6009,0.244758,43,36,34,36.49,0.1090,0.1644,0.018909,4.278
344658,520,458,978,216,61,64,24.31,0.8718,0.5255,0.183091,12,9,17,301.57,0.2743,0.0576,0.003140,4.386
344675,520,388,908,213,41,242,321.05,0.9649,0.5856,0.221447,49,1,81,305.21,0.9792,0.1473,0.012688,4.330
344681,520,375,895,240,77,127,5.98,0.8577,0.6040,0.253683,16,40,46,216.15,0.4981,0.1572,0.018249,4.450
344682,520,398,918,224,24,223,328.54,0.9803,0.5826,0.218306,12,18,94,269.06,0.9507,0.1448,0.013188,4.246
344693,520,320,840,244,89,186,345.53,0.8957,0.6478,0.299259,22,56,46,171.64,0.5971,0.2110,0.031961,4.261
344703,520,390,910,224,62,204,333.57,0.8926,0.5945,0.236545,10,13,105,268.03,0.9784,0.1513,0.013722,4.497
344707,520,388,908,240,1,199,338.44,0.9993,0.5911,0.226735,22,40,10,134.72,0.8134,0.1494,0.017100,4.124
344719,520,478,998,193,38,185,330.54,0.8825,0.5097,0.162281,2,0,11,290.67,1.0000,0.0202,0.000371,4.214
344729,520,161,681,255,185,114,65.32,1.0000,0.8098,0.571751,20,99,29,144.47,0.9768,0.3509,0.091607,4.391
344736,520,157,677,223,187,249,310.72,0.8452,0.8180,0.580688,59,94,37,134.96,0.7713,0.3542,0.090686,4.483
344745,520,394,914,254,12,127,2.87,0.9923,0.5881,0.228698,62,5,41,347.59,0.8096,0.1439,0.012929,4.429
344765,520,313,833,235,96,220,332.06,0.8907,0.6592,0.311975,28,54,65,227.23,0.4330,0.2167,0.032668,4.379
344778,520,306,826,237,103,214,334.67,0.8821,0.6685,0.325624,68,49,13,79.98,0.7328,0.2277,0.034548,4.443
344782,520,457,977,223,28,121,359.90,0.9333,0.5286,0.179017,25,3,11,357.80,0.6874,0.0586,0.002960,4.324
344799,520,466,986,206,27,177,336.59,0.9280,0.5219,0.170820,1,7,29,261.84,0.8898,0.0505,0.002471,4.208
344815,520,479,999,165,38,244,306.89,0.9545,0.5109,0.159179,0,0,5,264.05,1.0000,0.0116,0.000110,4.174
344818,520,443,963,203,77,119,2.75,0.6996,0.5353,0.193381,7,20,24,219.36,0.4267,0.0829,0.006114,4.337
344824,520,450,970,208,65,139,352.60,0.7689,0.5367,0.190567,3,10,40,265.96,0.8630,0.0670,0.003896,4.464
344825,520,459,979,181,91,135,351.04,0.5522,0.5267,0.190565,25,4,21,335.28,0.6644,0.0647,0.003477,4.498
344833,520,432,952,205,79,145,350.91,0.7066,0.5514,0.206174,15,25,9,134.63,0.5605,0.0977,0.008165,4.404
344904,520,405,925,200,66,229,319.85,0.8927,0.5755,0.218344,51,13,40,340.80,0.6565,0.1316,0.011450,4.367
344944,520,403,923,247,48,107,10.40,0.9410,0.5843,0.229530,37,29,12,84.81,0.4865,0.1322,0.012986,4.438
344948,520,451,971,228,19,130,357.31,0.9639,0.5384,0.185743,13,15,24,274.52,0.2619,0.0746,0.004932,4.292
344949,520,438,958,234,52,19,32.11,0.9789,0.5480,0.199985,9,20,29,244.28,0.4041,0.0866,0.006471,4.427
344950,520,369,889,209,69,252,316.88,0.9821,0.6089,0.248414,6,44,53,217.41,0.8028,0.1691,0.020970,4.205
344970,520,402,922,250,10,133,0.24,0.9915,0.5816,0.222381,10,35,20,154.73,0.7351,0.1281,0.013171,4.312
344983,520,447,967,148,82,255,295.83,1.0000,0.5448,0.195506,19,17,20,314.64,0.0920,0.0831,0.005899,4.392
345002,520,472,992,223,34,68,19.13,0.9466,0.5174,0.172522,8,2,9,323.37,0.5588,0.0337,0.001148,4.351
345011,520,477,997,219,24,97,7.77,0.9473,0.5107,0.165790,1,1,10,275.68,0.8223,0.0220,0.000501,4.273
345014,520,445,965,179,83,188,324.13,0.7027,0.5377,0.194022,1,0,70,265.12,1.0000,0.0812,0.004486,4.479
345032,520,452,972,161,70,235,305.43,0.8815,0.5280,0.179561,21,4,37,304.36,0.7850,0.0695,0.003798,4.267
345054,520,388,908,247,65,72,23.87,0.9522,0.5913,0.240260,29,39,21,132.07,0.4282,0.1541,0.017664,4.290
345059,520,383,903,189,85,249,310.55,0.9481,0.5962,0.241563,28,32,61,275.89,0.4715,0.1524,0.016168,4.406
345067,520,385,905,216,70,201,332.31,0.8500,0.5872,0.231983,43,8,83,297.61,0.8903,0.1480,0.013118,4.468
345070,520,323,843,244,101,146,3.34,0.8424,0.6481,0.306187,29,53,66,233.46,0.4155,0.2149,0.032007,4.343
345075,520,283,803,216,136,201,333.89,0.6311,0.6863,0.364258,72,56,3,90.14,0.9414,0.2509,0.042128,4.497
345078,520,399,919,211,27,251,318.77,0.9842,0.5824,0.215995,54,18,38,348.33,0.5806,0.1435,0.013569,4.184
345082,520,422,942,247,20,43,25.51,0.9895,0.5580,0.204525,28,27,5,106.78,0.6936,0.1148,0.010417,4.213
345085,520,396,916,234,70,106,12.19,0.8469,0.5790,0.229163,10,14,99,268.34,0.9719,0.1444,0.012794,4.446
345170,520,434,954,231,33,116,3.51,0.9346,0.5455,0.193405,22,23,12,112.49,0.3277,0.0989,0.008099,4.189
345177,520,460,980,230,20,82,14.30,0.9740,0.5282,0.179355,11,11,9,106.91,0.0766,0.0581,0.003302,4.303
345198,520,462,982,210,45,159,343.95,0.8552,0.5306,0.180838,19,2,4,12.60,0.7092,0.0451,0.001907,4.447
345202,520,378,898,251,7,164,350.75,0.9947,0.5954,0.233450,76,3,10,23.48,0.9668,0.1628,0.016238,4.279
345216,520,458,978,153,73,249,299.57,0.9517,0.5334,0.183773,4,12,11,187.22,0.3866,0.0551,0.003129,4.400
345217,520,367,887,242,6,228,331.59,0.9975,0.6135,0.246118,6,37,80,257.80,0.8666,0.1681,0.019409,4.266
345223,520,376,896,252,8,170,349.19,0.9945,0.6003,0.237749,17,3,116,270.39,0.9953,0.1601,0.014451,4.465
345244,520,37,557,249,245,191,104.10,0.8437,0.9536,0.892066,5,130,6,142.59,0.9979,0.4512,0.160100,4.484
345278,520,423,943,245,32,83,16.41,0.9676,0.5648,0.210735,43,3,50,321.26,0.8494,0.1111,0.008091,4.488
345310,520,398,918,202,70,222,322.13,0.8707,0.5780,0.222124,34,29,41,303.69,0.2292,0.1386,0.013789,4.266
345315,520,198,718,248,146,249,326.72,0.9671,0.7686,0.473558,5,77,125,246.09,0.9295,0.3162,0.068203,4.429
345318,520,414,934,244,12,119,3.79,0.9877,0.5651,0.208313,47,14,32,349.08,0.5929,0.1220,0.010228,4.289
345325,520,384,904,176,100,236,307.47,0.8281,0.5914,0.244012,50,28,27,22.64,0.3481,0.1521,0.015878,4.463
345327,520,398,918,209,51,232,322.13,0.9365,0.5785,0.217509,52,23,22,23.10,0.4820,0.1432,0.014009,4.179
345334,520,370,890,200,111,178,337.01,0.5930,0.6086,0.268640,24,45,21,141.31,0.6453,0.1690,0.021251,4.472
345345,520,387,907,227,12,230,327.62,0.9932,0.5893,0.223094,23,20,86,276.18,0.8686,0.1456,0.013543,4.298
345347,520,417,937,234,63,98,13.98,0.8722,0.5695,0.219322,11,28,48,253.77,0.5757,0.1207,0.011150,4.404
345371,520,458,978,197,40,196,328.44,0.8976,0.5253,0.173751,14,9,8,32.48,0.1630,0.0563,0.003063,4.217
345375,520,460,980,191,43,214,321.71,0.9121,0.5300,0.176606,6,7,40,273.95,0.8403,0.0636,0.003439,4.240
345381,520,422,942,201,90,137,355.81,0.6353,0.5577,0.215377,23,25,19,122.42,0.1585,0.1072,0.009244,4.479
345392,520,424,944,228,18,174,342.89,0.9729,0.5582,0.199853,14,28,8,136.99,0.7136,0.1057,0.009414,4.205
345395,520,394,914,244,38,157,352.25,0.9467,0.5894,0.230569,24,36,4,127.41,0.8785,0.1374,0.014647,4.340
345428,520,424,944,250,13,12,28.96,0.9953,0.5604,0.206421,45,9,30,348.06,0.6730,0.1104,0.008471,4.385
345432,520,412,932,246,39,77,18.87,0.9605,0.5696,0.215832,15,27,40,251.27,0.4001,0.1153,0.010386,4.402
345454,520,416,936,212,21,238,321.99,0.9852,0.5718,0.207083,56,7,6,27.09,0.8883,0.1222,0.010060,4.280
345463,520,381,901,215,78,213,328.38,0.8530,0.6017,0.247018,59,11,71,318.58,0.7966,0.1645,0.016242,4.484
345467,520,478,998,161,89,165,325.24,0.5735,0.5078,0.174392,5,1,4,334.75,0.5642,0.0245,0.000627,4.432
345484,520,396,916,209,70,202,329.96,0.8371,0.5763,0.222017,41,19,60,306.19,0.6472,0.1384,0.012634,4.343
345486,520,452,972,213,68,96,13.23,0.7868,0.5347,0.191272,24,9,22,332.03,0.4626,0.0733,0.004475,4.429
345489,520,388,908,220,35,233,325.05,0.9700,0.5874,0.223030,45,3,86,298.80,0.9552,0.1489,0.012949,4.337
345492,520,391,911,235,26,198,337.69,0.9734,0.5874,0.224809,12,27,79,266.66,0.8580,0.1451,0.014265,4.276
345519,520,465,985,189,6,225,318.98,0.9930,0.5191,0.163867,13,5,24,302.03,0.6128,0.0536,0.002601,4.066
345521,520,444,964,196,39,214,323.25,0.9268,0.5356,0.180434,5,19,23,217.47,0.5134,0.0784,0.005599,4.145
345532,520,381,901,253,71,32,33.33,0.9897,0.6047,0.254970,35,38,33,132.65,0.1028,0.1605,0.018533,4.450
345559,520,391,911,189,89,235,313.51,0.8604,0.5914,0.239628,1,26,91,262.76,0.9860,0.1511,0.015005,4.455
345580,520,412,932,237,71,1,36.94,0.9988,0.5725,0.225163,17,26,53,268.01,0.5509,0.1227,0.011150,4.500
345637,520,451,971,200,9,227,321.50,0.9913,0.5399,0.180224,10,11,39,276.99,0.6789,0.0733,0.004503,4.224
345639,520,437,957,170,66,250,305.65,0.9640,0.5481,0.193453,13,13,52,276.62,0.7757,0.0903,0.006213,4.331
345652,520,454,974,189,70,186,328.77,0.7671,0.5342,0.187457,12,2,51,281.71,0.9563,0.0695,0.003606,4.430
345659,520,413,933,255,10,56,22.91,1.0000,0.5738,0.217665,5,29,40,231.05,0.7069,0.1154,0.010641,4.414
345671,520,465,985,188,18,230,317.40,0.9803,0.5246,0.168385,13,4,19,311.84,0.5867,0.0485,0.002194,4.184
345674,520,331,851,173,129,230,302.75,0.7129,0.6359,0.302983,22,53,43,170.05,0.5656,0.2002,0.028911,4.473
345678,520,376,896,234,12,224,330.72,0.9935,0.5976,0.231398,13,31,83,265.47,0.8435,0.1587,0.016900,4.206
345682,520,355,875,237,68,198,338.82,0.8990,0.6189,0.262187,12,47,60,226.56,0.6927,0.1845,0.024373,4.198
345688,520,408,928,250,24,47,25.11,0.9870,0.5662,0.211862,52,20,5,44.68,0.7625,0.1338,0.012414,4.196
345690,520,387,907,207,83,202,329.28,0.7933,0.5887,0.237179,18,37,40,208.54,0.3894,0.1463,0.016049,4.348
345695,520,417,937,248,31,56,23.66,0.9785,0.5661,0.212255,2,17,79,264.52,0.9567,0.1199,0.009782,4.387
345704,520,436,956,239,19,112,5.52,0.9759,0.5545,0.199895,24,20,8,91.80,0.4199,0.0923,0.007120,4.375
345710,520,368,888,247,14,205,338.45,0.9923,0.6100,0.244992,52,37,6,81.92,0.7863,0.1728,0.020664,4.175
345717,520,452,972,200,25,208,326.12,0.9571,0.5306,0.175304,10,0,59,276.78,1.0000,0.0734,0.003803,4.188
345718,520,477,997,145,93,187,307.96,0.6108,0.5070,0.174367,1,0,8,284.42,1.0000,0.0165,0.000240,4.466
345719,520,374,894,252,47,118,7.30,0.9737,0.5965,0.240401,24,42,8,132.92,0.8615,0.1571,0.018676,4.229
345730,520,462,982,233,5,62,19.89,0.9957,0.5267,0.177831,0,3,43,264.06,0.9808,0.0531,0.002395,4.348
345731,520,459,979,228,34,98,9.55,0.9338,0.5346,0.185228,6,15,8,151.53,0.4480,0.0633,0.003979,4.358
345738,520,439,959,235,15,137,356.22,0.9781,0.5540,0.198130,39,3,27,343.95,0.7827,0.0891,0.005757,4.450
345742,520,460,980,154,81,236,301.57,0.8629,0.5345,0.188114,15,3,36,295.65,0.8290,0.0600,0.002941,4.498
345745,520,262,782,245,119,223,334.42,0.9314,0.7081,0.379363,18,74,17,142.80,0.9675,0.2634,0.050664,4.265
345767,520,270,790,239,122,222,332.99,0.8913,0.7036,0.375459,37,71,31,140.73,0.7723,0.2646,0.049986,4.255
345777,520,375,895,245,20,189,342.39,0.9842,0.5990,0.235901,14,17,110,268.95,0.9693,0.1649,0.016199,4.319
345818,520,184,704,249,159,247,327.63,0.9651,0.7918,0.516533,1,92,62,162.58,0.9964,0.3304,0.080082,4.355
345829,520,376,896,213,83,213,327.72,0.8359,0.6046,0.251386,43,38,8,99.80,0.7224,0.1638,0.019174,4.357
345839,520,339,859,253,36,225,334.79,0.9909,0.6400,0.275838,75,25,53,348.60,0.6200,0.1998,0.024484,4.375
345840,520,317,837,238,83,237,328.11,0.9345,0.6581,0.304805,59,49,45,43.01,0.1332,0.2227,0.033159,4.267
345841,520,433,953,171,83,222,310.84,0.8031,0.5489,0.201191,13,24,26,210.10,0.2819,0.0986,0.008134,4.321
345855,520,360,880,244,24,233,330.84,0.9897,0.6244,0.257724,4,52,7,143.72,0.9879,0.1812,0.024970,4.105
345869,520,425,945,216,91,20,44.00,0.9452,0.5615,0.221340,17,30,2,129.99,0.9329,0.1128,0.010521,4.483
345875,520,401,921,228,61,172,344.73,0.8615,0.5834,0.228126,21,35,41,226.61,0.3011,0.1428,0.015215,4.265
345890,520,391,911,248,66,6,34.90,0.9951,0.5887,0.238695,54,27,1,61.09,0.9287,0.1511,0.015704,4.394
345898,520,373,893,196,86,244,313.89,0.9191,0.6035,0.249242,31,41,29,140.39,0.2860,0.1641,0.019659,4.296
345900,520,220,740,214,170,201,337.17,0.4238,0.7524,0.472636,25,84,38,147.63,0.9264,0.3032,0.066870,4.472
345905,520,478,998,227,12,7,29.21,0.9935,0.5103,0.166122,1,0,8,284.42,1.0000,0.0165,0.000240,4.302
345908,520,448,968,208,28,196,331.53,0.9450,0.5379,0.182279,37,3,6,19.12,0.8424,0.0780,0.004717,4.245
345915,520,362,882,213,80,229,323.25,0.8820,0.6109,0.255423,20,41,71,257.48,0.5890,0.1779,0.021894,4.248
345923,520,443,963,207,26,207,328.27,0.9585,0.5426,0.185111,7,21,17,173.68,0.4678,0.0829,0.006220,4.182
345942,520,469,989,171,86,170,327.75,0.6247,0.5200,0.182168,5,3,28,280.59,0.8271,0.0443,0.001812,4.481
345952,520,348,868,254,71,149,359.27,0.9868,0.6304,0.277507,1,43,87,253.95,0.9709,0.1887,0.024222,4.413
345955,520,446,966,179,57,236,312.11,0.9094,0.5400,0.185671,11,15,28,270.23,0.3789,0.0751,0.004966,4.288
345959,520,468,988,227,7,91,10.37,0.9897,0.5205,0.172411,16,2,10,343.43,0.6572,0.0432,0.001755,4.297
345963,520,447,967,238,15,63,20.39,0.9885,0.5399,0.188810,1,7,56,265.06,0.9679,0.0758,0.004439,4.387
345966,520,459,979,226,52,22,32.01,0.9701,0.5319,0.186855,6,4,45,274.74,0.9309,0.0624,0.003150,4.456
345972,520,319,839,238,72,239,327.72,0.9450,0.6482,0.290463,79,21,88,321.98,0.7573,0.2235,0.029034,4.308
345984,520,438,958,184,39,252,310.90,0.9846,0.5469,0.186707,29,16,2,70.26,0.7650,0.0878,0.006362,4.200
346007,520,391,911,226,7,235,326.23,0.9964,0.5902,0.223212,39,33,12,93.72,0.5456,0.1455,0.015456,4.174
346015,520,480,1000,214,12,126,355.57,0.9679,0.5063,0.160679,0,0,0,0.00,0.0000,0.0000,0.000000,4.214
346020,520,436,956,211,66,156,346.50,0.7840,0.5506,0.201477,0,9,68,263.90,1.0030,0.0924,0.006127,4.481
346027,520,403,923,205,45,250,317.04,0.9764,0.5814,0.217596,47,22,5,53.06,0.7238,0.1292,0.011892,4.324
346037,520,421,941,250,2,75,17.77,0.9988,0.5645,0.208791,43,12,29,348.96,0.5962,0.1106,0.008653,4.412
346067,520,317,837,212,132,160,357.58,0.5171,0.6568,0.330392,17,62,34,152.69,0.8800,0.2250,0.036798,4.383
346072,520,441,961,226,2,153,348.81,0.9962,0.5401,0.185148,35,4,30,334.88,0.7469,0.0853,0.005379,4.246
346073,520,451,971,176,82,197,319.97,0.7284,0.5374,0.192969,10,13,25,272.54,0.3659,0.0682,0.004226,4.481
346077,520,461,981,216,23,164,343.21,0.9448,0.5317,0.178944,23,2,14,346.01,0.7325,0.0545,0.002573,4.355
346084,520,375,895,232,3,238,326.97,0.9987,0.6020,0.233965,58,17,58,327.71,0.6822,0.1604,0.016060,4.299
346099,520,288,808,224,135,161,1.45,0.5936,0.6794,0.357503,10,66,45,162.72,0.9214,0.2394,0.041502,4.453
346100,520,424,944,157,92,239,300.67,0.8547,0.5573,0.210547,56,0,5,22.79,1.0000,0.1127,0.008519,4.452
346104,520,461,981,158,81,222,306.12,0.8029,0.5286,0.184284,6,10,13,236.95,0.2065,0.0530,0.002849,4.433
346118,520,477,997,182,38,209,320.43,0.9121,0.5079,0.159360,0,0,12,264.05,1.0000,0.0173,0.000265,4.165
346132,520,441,961,159,96,204,309.19,0.6768,0.5412,0.200968,35,10,16,7.16,0.5476,0.0890,0.006119,4.472
346154,520,318,838,247,87,213,337.28,0.9473,0.6635,0.313975,5,54,89,246.23,0.8745,0.2228,0.033917,4.337
346156,520,433,953,181,54,243,311.32,0.9380,0.5460,0.189342,20,8,63,283.50,0.8765,0.0993,0.006813,4.213
346168,520,426,946,153,94,247,297.40,0.9085,0.5621,0.214933,5,22,62,263.09,0.8733,0.1136,0.009538,4.450
346172,520,360,880,216,106,171,345.66,0.6666,0.6206,0.278492,28,47,16,134.81,0.7330,0.1774,0.023173,4.489
346192,520,305,825,252,98,176,352.00,0.9540,0.6682,0.325685,24,59,70,221.25,0.5578,0.2324,0.037642,4.287
346197,520,375,895,234,84,122,8.47,0.8091,0.6003,0.252410,13,39,58,243.23,0.6200,0.1596,0.018420,4.420
346202,520,466,986,144,86,219,300.52,0.7739,0.5164,0.176996,13,1,30,300.12,0.9014,0.0488,0.002010,4.364
346215,520,443,963,201,93,3,49.46,0.9868,0.5380,0.202547,1,22,16,172.88,0.9325,0.0814,0.006177,4.496
346219,520,338,858,231,107,166,352.52,0.7438,0.6433,0.302599,27,54,10,135.76,0.9223,0.1988,0.028932,4.467
346241,520,386,906,250,30,133,0.88,0.9670,0.5878,0.229495,3,36,58,242.69,0.8462,0.1466,0.015865,4.243
346243,520,469,989,207,68,85,17.37,0.7811,0.5208,0.180577,2,5,14,260.93,0.5436,0.0376,0.001531,4.474
346257,520,363,883,195,90,249,312.11,0.9472,0.6110,0.257551,50,27,71,305.91,0.6039,0.1738,0.019169,4.446
346263,520,445,965,179,69,226,313.78,0.8582,0.5450,0.193319,15,13,41,282.58,0.6202,0.0827,0.005495,4.385
346273,520,460,980,226,42,45,26.47,0.9510,0.5256,0.180170,3,14,2,140.89,0.9097,0.0566,0.003378,4.312
346277,520,391,911,237,85,22,38.98,0.9688,0.5907,0.245625,18,34,62,260.85,0.5701,0.1509,0.016204,4.465
346280,520,466,986,198,79,94,15.49,0.6882,0.5218,0.184078,13,6,22,303.30,0.5293,0.0546,0.002737,4.439
346290,520,449,969,200,20,218,323.60,0.9741,0.5360,0.178433,10,17,4,130.20,0.6211,0.0705,0.004742,4.173
346312,520,447,967,216,48,159,345.62,0.8588,0.5440,0.192184,1,23,17,173.45,0.9362,0.0847,0.006597,4.279
346330,520,433,953,248,0,34,26.24,1.0000,0.5545,0.200756,37,17,9,42.30,0.5201,0.1033,0.008140,4.313
346332,520,448,968,223,9,153,348.23,0.9821,0.5356,0.181859,30,1,35,321.92,0.8862,0.0752,0.004191,4.279
346333,520,452,972,145,105,179,308.06,0.5075,0.5254,0.193779,33,4,12,5.75,0.7217,0.0741,0.004368,4.484
346368,520,426,946,213,20,219,326.79,0.9793,0.5592,0.197629,23,13,60,286.17,0.7741,0.1066,0.007962,4.272
346376,520,397,917,247,15,132,0.14,0.9854,0.5763,0.217852,17,2,105,271.76,0.9955,0.1431,0.011824,4.332
346378,520,379,899,234,92,40,38.85,0.9215,0.5963,0.253028,32,37,53,270.81,0.2758,0.1640,0.018872,4.400
346382,520,452,972,161,71,230,306.44,0.8596,0.5252,0.177973,0,5,58,264.09,0.9818,0.0738,0.004140,4.211
346385,520,441,961,233,42,63,22.23,0.9471,0.5425,0.193415,38,9,21,357.17,0.6066,0.0942,0.006616,4.299
346387,520,325,845,255,45,231,333.79,1.0000,0.6516,0.289095,13,39,113,264.67,0.9069,0.2081,0.027287,4.387
346391,520,311,831,250,40,254,327.35,0.9971,0.6550,0.290002,30,56,53,186.30,0.3943,0.2184,0.033613,4.066
346404,520,462,982,200,59,169,338.11,0.7973,0.5304,0.182737,6,0,43,277.69,1.0000,0.0520,0.002131,4.464
346413,520,473,993,222,50,11,32.90,0.9853,0.5214,0.178377,1,5,7,220.92,0.5658,0.0336,0.001303,4.452
346418,520,461,981,235,4,46,23.79,0.9974,0.5285,0.179495,21,3,1,35.47,0.8242,0.0494,0.002268,4.391
346426,520,380,900,249,2,179,345.91,0.9986,0.5977,0.234412,11,45,4,140.24,0.9768,0.1591,0.019566,4.088
346433,520,396,916,216,60,207,330.53,0.8872,0.5809,0.223377,38,32,25,71.30,0.1841,0.1446,0.015153,4.196
346435,520,396,916,237,62,108,10.46,0.8764,0.5769,0.225355,15,33,59,257.68,0.5924,0.1442,0.015050,4.233
346436,520,397,917,204,78,209,326.21,0.8205,0.5819,0.228912,50,9,60,318.87,0.7833,0.1383,0.011998,4.499
346447,520,430,950,181,78,220,315.39,0.8179,0.5547,0.204409,39,13,18,9.80,0.5242,0.1013,0.007629,4.415
346458,520,446,966,236,20,62,20.76,0.9829,0.5371,0.186842,7,3,58,272.98,0.9739,0.0754,0.004158,4.373
346467,520,345,865,250,62,180,347.27,0.9571,0.6275,0.270678,17,25,119,268.73,0.9537,0.1899,0.021462,4.487
346475,520,457,977,231,41,16,30.90,0.9832,0.5330,0.186153,11,14,1,118.30,0.8381,0.0628,0.003874,4.383
346479,520,329,849,242,89,188,344.32,0.8843,0.6454,0.296556,32,43,90,270.75,0.6132,0.2059,0.027729,4.459
346481,520,349,869,214,111,170,346.26,0.6359,0.6254,0.285691,36,48,42,163.27,0.2012,0.1941,0.026561,4.385
346496,520,459,979,190,74,175,333.06,0.7310,0.5345,0.189413,11,8,32,285.08,0.6326,0.0632,0.003491,4.476
346507,520,467,987,147,75,239,299.12,0.8906,0.5199,0.174674,1,1,29,268.68,0.9803,0.0358,0.001169,4.391
346539,520,405,925,237,19,175,344.66,0.9778,0.5763,0.215684,11,30,50,251.53,0.5915,0.1275,0.012299,4.265
346541,520,268,788,246,105,242,328.72,0.9625,0.6998,0.361093,84,51,20,61.14,0.6635,0.2577,0.043032,4.419
346549,520,365,885,251,77,63,28.73,0.9760,0.6105,0.261794,6,48,18,148.67,0.9623,0.1696,0.021962,4.333
346564,520,431,951,223,70,81,20.77,0.8388,0.5524,0.206650,47,5,0,34.75,1.0000,0.0995,0.007130,4.492
346572,520,441,961,190,78,182,330.48,0.7288,0.5439,0.197747,21,19,18,48.51,0.0523,0.0892,0.006689,4.370
346585,520,381,901,240,56,167,348.98,0.9028,0.5985,0.241466,14,14,110,269.18,0.9760,0.1611,0.015331,4.461
346590,520,454,974,179,36,239,312.33,0.9557,0.5262,0.170785,14,15,13,128.76,0.0693,0.0711,0.004641,4.041
346607,520,413,933,203,10,255,316.04,1.0000,0.5677,0.201351,42,19,32,346.12,0.4389,0.1225,0.010623,4.146
346618,520,468,988,231,1,51,22.36,0.9992,0.5198,0.172527,10,4,15,310.65,0.5009,0.0436,0.001859,4.291
346628,520,469,989,225,11,114,2.11,0.9795,0.5241,0.174646,16,1,1,25.69,0.8663,0.0372,0.001341,4.376
346639,520,402,922,220,75,164,346.49,0.7864,0.5804,0.229304,5,35,25,167.37,0.8417,0.1273,0.013045,4.430
346657,520,384,904,233,7,218,331.96,0.9956,0.5910,0.225402,27,18,94,278.11,0.8962,0.1549,0.014737,4.254
346662,520,428,948,246,30,62,22.08,0.9770,0.5622,0.208727,4,25,31,218.84,0.6925,0.0983,0.008200,4.446
346664,520,372,892,245,28,212,336.26,0.9818,0.6146,0.249995,28,40,55,254.36,0.3217,0.1700,0.020402,4.261
346670,520,379,899,201,79,238,317.33,0.9022,0.5978,0.241839,30,43,2,125.80,0.9532,0.1643,0.020081,4.164
346686,520,453,973,166,77,211,312.39,0.7806,0.5255,0.181186,29,4,6,17.65,0.7161,0.0656,0.003612,4.312
346690,520,415,935,247,31,68,20.71,0.9750,0.5657,0.211750,0,34,3,144.62,1.0000,0.1164,0.011506,4.256
346696,520,399,919,230,79,99,16.49,0.8171,0.5805,0.233186,4,39,18,153.00,0.9487,0.1381,0.015205,4.343
346698,520,432,952,213,45,181,337.42,0.8847,0.5479,0.193613,2,14,68,264.80,0.9521,0.1018,0.007443,4.241
346709,520,429,949,214,84,20,41.61,0.9468,0.5471,0.206896,22,20,25,303.59,0.1279,0.0954,0.007411,4.475
346734,520,387,907,218,61,213,329.38,0.8986,0.5889,0.230491,42,12,79,297.87,0.8363,0.1468,0.013197,4.438
346742,520,477,997,149,76,223,303.02,0.8196,0.5104,0.168865,5,1,2,359.77,0.5178,0.0235,0.000584,4.327
346752,520,397,917,225,54,194,336.70,0.8996,0.5835,0.225433,53,14,49,331.98,0.6782,0.1417,0.012928,4.377
346788,520,464,984,173,44,241,309.76,0.9416,0.5243,0.170373,12,6,5,32.45,0.2502,0.0466,0.002194,4.222
346814,520,369,889,231,23,242,325.75,0.9891,0.6076,0.240149,59,6,85,310.40,0.8966,0.1723,0.017160,4.320
346822,520,442,962,182,68,219,316.62,0.8450,0.5430,0.191949,6,20,22,207.07,0.4662,0.0813,0.005969,4.323
346831,520,444,964,231,36,84,14.96,0.9423,0.5384,0.188938,36,6,5,26.46,0.7630,0.0811,0.005163,4.331
346833,520,422,942,240,5,128,359.96,0.9939,0.5585,0.201955,45,12,19,10.01,0.6158,0.1104,0.008679,4.294
346848,520,301,821,222,119,217,329.01,0.7826,0.6723,0.337347,24,63,28,145.62,0.8630,0.2301,0.038329,4.385
346849,520,466,986,225,26,74,16.71,0.9619,0.5185,0.172436,2,7,29,264.90,0.8246,0.0514,0.002536,4.234
346857,520,442,962,202,77,125,359.49,0.6962,0.5357,0.193469,15,15,31,282.56,0.4043,0.0801,0.005421,4.393
346870,520,455,975,229,30,89,12.51,0.9501,0.5321,0.183108,14,10,16,314.37,0.2175,0.0611,0.003479,4.359
346887,520,366,886,249,12,194,341.81,0.9929,0.6072,0.243010,79,4,10,24.27,0.9615,0.1706,0.017713,4.327
346891,520,432,952,243,19,17,28.84,0.9912,0.5473,0.195644,36,10,41,320.89,0.6647,0.1029,0.007523,4.270
346895,520,480,1000,186,24,213,320.87,0.9573,0.5099,0.158978,0,0,0,0.00,0.0000,0.0000,0.000000,4.180
346902,520,278,798,243,103,240,328.46,0.9495,0.6916,0.350489,27,66,52,167.36,0.6171,0.2482,0.043772,4.271
346917,520,425,945,225,21,193,336.67,0.9723,0.5642,0.203966,24,28,13,120.94,0.4158,0.1150,0.010538,4.195
346920,520,420,940,185,59,245,311.85,0.9439,0.5581,0.200358,53,3,1,30.31,0.9729,0.1095,0.008243,4.298
346921,520,466,986,196,84,66,31.16,0.7270,0.5199,0.184716,12,5,24,299.38,0.6136,0.0526,0.002527,4.469
346925,520,443,963,232,8,133,356.81,0.9873,0.5448,0.190259,9,1,61,274.83,0.9909,0.0769,0.004167,4.436
346926,520,465,985,222,44,10,32.01,0.9874,0.5163,0.173556,6,4,29,281.26,0.7782,0.0483,0.002143,4.287
346931,520,476,996,95,97,241,276.85,0.9060,0.5061,0.173326,1,1,14,273.55,0.9013,0.0244,0.000599,4.414
346932,520,460,980,168,53,250,305.86,0.9703,0.5324,0.177738,8,15,8,144.63,0.3609,0.0649,0.004108,4.209
346933,520,465,985,194,3,211,323.84,0.9953,0.5159,0.162392,23,0,22,329.93,1.0000,0.0540,0.002401,4.053
346989,520,417,937,251,24,28,28.05,0.9891,0.5667,0.212501,49,8,34,345.81,0.7184,0.1183,0.009422,4.418
347001,520,460,980,174,46,248,308.49,0.9635,0.5334,0.177308,0,5,46,263.72,1.0018,0.0604,0.003058,4.284
347004,520,421,941,150,91,252,295.89,0.9626,0.5580,0.209946,9,17,66,269.20,0.8871,0.1092,0.008523,4.442
347016,520,380,900,209,75,228,322.48,0.8835,0.5984,0.241906,34,39,12,118.36,0.6280,0.1571,0.018177,4.282
347037,520,431,951,240,31,27,28.59,0.9802,0.5465,0.195877,15,24,11,136.45,0.4598,0.0952,0.007790,4.255
347041,520,454,974,173,63,223,312.88,0.8627,0.5270,0.177679,37,0,1,26.35,1.0000,0.0711,0.003956,4.220
347049,520,438,958,228,48,115,4.63,0.8847,0.5492,0.198485,5,21,28,227.81,0.5745,0.0862,0.006524,4.396
347050,520,386,906,236,53,171,346.60,0.9029,0.5906,0.233222,28,40,7,126.99,0.8127,0.1538,0.017798,4.177
347051,520,351,871,238,107,25,46.08,0.9591,0.6255,0.287656,17,53,17,143.40,0.9204,0.1908,0.027058,4.382
347056,520,420,940,234,23,156,349.96,0.9639,0.5626,0.205084,45,1,49,324.49,0.9241,0.1111,0.008014,4.397
347057,520,418,938,203,52,225,322.16,0.9188,0.5646,0.205904,5,34,4,142.37,0.9677,0.1191,0.011850,4.137
347064,520,357,877,207,90,244,317.13,0.9251,0.6243,0.271108,17,36,92,265.79,0.8258,0.1813,0.021535,4.489
347095,520,473,993,211,60,87,15.05,0.8201,0.5194,0.177710,4,2,10,297.38,0.5652,0.0295,0.000911,4.473
347133,520,370,890,250,74,65,27.58,0.9700,0.6055,0.256067,17,47,17,143.58,0.8768,0.1706,0.021926,4.255
347147,520,469,989,180,80,153,339.06,0.6397,0.5153,0.177418,6,6,0,109.77,1.0000,0.0390,0.001690,4.400
347179,520,402,922,243,16,150,353.60,0.9824,0.5755,0.216305,42,14,59,309.99,0.7173,0.1311,0.011221,4.350
347181,520,361,881,238,71,200,338.54,0.8979,0.6246,0.268564,9,49,31,159.66,0.8787,0.1773,0.023535,4.332
347198,520,349,869,218,118,119,20.27,0.6219,0.6263,0.291962,13,51,44,178.57,0.7310,0.1899,0.026350,4.479
347201,520,478,998,205,17,171,338.11,0.9546,0.5125,0.163224,0,3,4,211.91,1.0000,0.0247,0.000739,4.202
347213,520,467,987,174,4,251,308.95,0.9972,0.5174,0.160514,15,0,8,344.38,1.0000,0.0358,0.001191,4.112
347219,520,400,920,217,52,213,329.17,0.9172,0.5796,0.220139,40,23,59,303.62,0.5721,0.1437,0.013797,4.234
347227,520,389,909,225,54,206,333.21,0.9154,0.5905,0.231045,1,42,27,163.54,0.9830,0.1493,0.017414,4.169
347228,520,453,973,235,22,30,27.45,0.9862,0.5320,0.183329,26,3,29,323.32,0.7601,0.0687,0.003735,4.342
347235,520,357,877,247,85,79,26.14,0.9406,0.6151,0.268390,7,48,47,192.55,0.8177,0.1792,0.023642,4.323
347236,520,402,922,239,46,142,356.70,0.9153,0.5786,0.222608,12,27,65,264.92,0.7457,0.1318,0.012436,4.366
347269,520,409,929,240,63,14,34.24,0.9861,0.5701,0.221152,21,20,69,277.60,0.7666,0.1261,0.010894,4.453
347283,520,400,920,219,24,232,325.13,0.9820,0.5803,0.215416,28,30,44,277.86,0.2631,0.1364,0.013573,4.175
347286,520,400,920,237,3,196,338.58,0.9975,0.5841,0.220580,25,36,7,127.30,0.7729,0.1387,0.014837,4.173
347288,520,454,974,225,9,126,357.83,0.9823,0.5280,0.177121,16,6,37,293.75,0.7346,0.0677,0.003740,4.226
347299,520,440,960,195,11,254,314.13,0.9956,0.5543,0.189986,13,22,8,134.95,0.5319,0.0873,0.006769,4.227
347308,520,461,981,172,70,224,311.81,0.8453,0.5345,0.185336,27,0,5,9.90,1.0000,0.0535,0.002440,4.488
347315,520,438,958,218,32,189,336.15,0.9392,0.5536,0.196149,8,21,22,201.94,0.3882,0.0854,0.006459,4.360
347324,520,376,896,188,88,247,310.42,0.9300,0.5973,0.243872,5,46,1,141.24,0.9956,0.1598,0.019884,4.205
347338,520,418,938,156,88,248,299.12,0.9266,0.5571,0.208249,43,6,58,313.82,0.8210,0.1215,0.009494,4.341
347345,520,443,963,236,28,31,27.76,0.9809,0.5368,0.187655,29,2,41,313.54,0.8646,0.0799,0.004648,4.349
347363,520,334,854,251,56,203,340.38,0.9742,0.6359,0.276526,47,41,64,295.75,0.3195,0.1964,0.025604,4.319
347377,520,440,960,176,78,222,313.10,0.8197,0.5489,0.199537,3,12,64,266.07,0.9490,0.0944,0.006524,4.415
347384,520,456,976,186,73,181,329.45,0.7400,0.5302,0.185417,30,1,10,2.48,0.8538,0.0625,0.003197,4.425
347392,520,381,901,229,56,214,332.03,0.9277,0.6038,0.243438,59,5,78,314.63,0.8898,0.1648,0.015885,4.454
347396,520,475,995,193,4,224,320.35,0.9954,0.5246,0.168076,2,4,6,240.75,0.2914,0.0314,0.001129,4.265
347402,520,370,890,226,99,119,12.81,0.7266,0.6070,0.264268,15,49,4,139.11,0.9778,0.1745,0.023069,4.301
347403,520,442,962,150,80,245,298.50,0.9161,0.5357,0.188142,1,4,62,265.37,0.9858,0.0776,0.004410,4.377
347426,520,410,930,217,90,85,25.05,0.7458,0.5695,0.227222,8,29,55,255.21,0.7000,0.1269,0.012061,4.467
347435,520,318,838,252,96,174,352.52,0.9544,0.6649,0.321203,62,48,34,66.34,0.3004,0.2206,0.032536,4.497
347437,520,307,827,244,99,201,340.89,0.9052,0.6676,0.323765,21,57,71,226.69,0.6046,0.2254,0.035405,4.376
347439,520,259,779,187,152,255,298.44,1.0000,0.7114,0.402415,3,75,39,154.09,0.9893,0.2669,0.051978,4.436
347471,520,443,963,225,41,114,3.79,0.8990,0.5378,0.188111,2,14,44,261.67,0.8909,0.0777,0.005088,4.322
347478,520,433,953,186,36,250,312.00,0.9760,0.5464,0.186041,6,17,63,266.86,0.8973,0.1044,0.007984,4.071
347483,520,408,928,233,16,182,341.66,0.9814,0.5715,0.210744,54,10,33,352.34,0.7091,0.1299,0.011113,4.267
347485,520,456,976,194,41,206,324.76,0.9074,0.5278,0.175130,26,6,3,34.61,0.6788,0.0640,0.003565,4.203
347488,520,458,978,211,12,179,337.19,0.9753,0.5272,0.173687,22,6,20,331.96,0.5427,0.0640,0.003513,4.180
347509,520,444,964,224,53,102,9.58,0.8661,0.5417,0.193555,19,12,41,290.84,0.6230,0.0845,0.005615,4.379
347534,520,314,834,251,55,241,330.48,0.9851,0.6570,0.295954,31,28,136,272.75,0.9407,0.2241,0.028992,4.380
347549,520,402,922,206,44,246,318.22,0.9608,0.5792,0.215786,1,24,74,261.40,0.9774,0.1281,0.011541,4.319
347553,520,298,818,252,112,102,26.46,0.9605,0.6663,0.332463,19,64,29,147.95,0.9071,0.2314,0.038938,4.300
347558,520,456,976,230,24,76,16.45,0.9693,0.5285,0.180011,15,4,30,300.62,0.7348,0.0574,0.002821,4.355
347560,520,371,891,179,115,215,312.31,0.6746,0.6074,0.267522,7,49,20,149.43,0.9536,0.1738,0.022922,4.354
347568,520,360,880,224,117,2,55.47,0.9950,0.6190,0.285766,6,52,4,142.19,0.9864,0.1816,0.025034,4.475
347575,520,430,950,201,10,235,319.90,0.9921,0.5481,0.186344,21,20,38,285.29,0.3876,0.1012,0.007997,4.075
347581,520,25,545,232,254,219,133.78,0.9159,0.9672,0.931534,25,132,52,146.95,0.9769,0.4646,0.169564,4.470
347587,520,456,976,208,45,173,338.65,0.8652,0.5344,0.183059,4,11,26,260.73,0.5843,0.0597,0.003397,4.365
347595,520,454,974,233,22,18,28.89,0.9869,0.5270,0.179443,17,14,17,325.92,0.1133,0.0730,0.004737,4.192
347597,520,434,954,227,47,113,5.11,0.8859,0.5458,0.195590,26,13,47,297.82,0.6538,0.0985,0.007127,4.299
347600,520,309,829,249,86,204,340.54,0.9529,0.6611,0.311579,15,61,35,154.61,0.8866,0.2211,0.035603,4.224
347604,520,393,913,232,52,181,342.40,0.9047,0.5874,0.229507,35,33,21,99.79,0.2776,0.1427,0.014992,4.301
347608,520,438,958,192,67,210,322.40,0.8360,0.5509,0.198753,1,10,67,264.67,0.9689,0.0934,0.006287,4.419
347615,520,355,875,253,56,157,355.03,0.9795,0.6184,0.261488,64,15,75,319.57,0.7709,0.1806,0.019398,4.488
347626,520,360,880,255,7,200,341.44,1.0000,0.6209,0.255855,57,37,17,64.40,0.5408,0.1817,0.022336,4.228
347650,520,441,961,210,24,193,332.91,0.9544,0.5379,0.182072,39,7,13,12.30,0.6855,0.0902,0.006124,4.135
347661,520,343,863,252,14,224,334.76,0.9951,0.6304,0.263946,34,47,30,138.45,0.3722,0.1854,0.024668,4.205
347670,520,279,799,240,129,147,10.74,0.7523,0.6869,0.363348,62,60,5,107.36,0.9117,0.2495,0.042669,4.461
347673,520,480,1000,197,51,154,342.46,0.8036,0.5092,0.165729,0,0,0,0.00,0.0000,0.0000,0.000000,4.315
347677,520,390,910,246,2,167,348.78,0.9982,0.5861,0.224296,33,23,76,286.32,0.7163,0.1499,0.014579,4.247
347684,520,384,904,243,39,156,352.41,0.9427,0.5876,0.229092,59,3,58,329.06,0.8667,0.1463,0.013006,4.430
347688,520,389,909,221,55,221,328.08,0.9274,0.5939,0.233271,13,24,92,268.39,0.9189,0.1534,0.015114,4.350
347690,520,374,894,250,62,80,21.20,0.9663,0.5957,0.243519,1,46,11,146.86,0.9951,0.1596,0.019845,4.202
347700,520,479,999,211,30,134,352.60,0.9022,0.5109,0.165010,1,0,3,302.89,1.0000,0.0124,0.000130,4.289
347703,520,454,974,201,16,210,325.94,0.9769,0.5306,0.174430,12,7,38,284.87,0.7376,0.0666,0.003701,4.179
347734,520,367,887,244,79,111,13.20,0.8932,0.6090,0.259759,12,38,73,256.88,0.7325,0.1672,0.019453,4.460
347743,520,476,996,215,58,2,35.54,0.9963,0.5148,0.174801,2,2,6,282.35,0.4201,0.0250,0.000695,4.434
347750,520,426,946,241,43,50,25.89,0.9611,0.5578,0.206621,45,9,27,352.96,0.6696,0.1090,0.008325,4.400
347752,520,448,968,220,8,168,342.74,0.9846,0.5372,0.182189,27,9,34,315.61,0.6117,0.0839,0.005439,4.188
347766,520,464,984,188,81,141,348.05,0.6400,0.5242,0.185008,12,7,20,301.23,0.4391,0.0547,0.002806,4.450
347784,520,383,903,238,0,213,334.35,1.0000,0.5956,0.229841,56,22,12,37.16,0.6525,0.1460,0.014412,4.345
347799,520,464,984,223,15,107,4.38,0.9711,0.5187,0.170939,13,2,24,306.42,0.7811,0.0468,0.001949,4.253
347801,520,433,953,243,13,14,28.80,0.9945,0.5454,0.193777,24,23,2,107.07,0.8269,0.0989,0.008114,4.195
347807,520,401,921,243,43,142,357.29,0.9313,0.5843,0.227386,40,31,21,69.43,0.2832,0.1434,0.014853,4.277
347828,520,453,973,222,52,45,27.98,0.9287,0.5257,0.181778,3,2,56,268.58,0.9882,0.0682,0.003483,4.334
347831,520,384,904,221,51,222,327.86,0.9361,0.5915,0.230159,28,13,98,278.88,0.9344,0.1539,0.014165,4.366
347857,520,198,718,238,175,119,62.15,0.7003,0.7682,0.501708,28,85,76,180.88,0.7142,0.3188,0.072654,4.498
347869,520,429,949,189,45,236,315.67,0.9393,0.5452,0.187530,39,13,6,37.08,0.6602,0.0983,0.007324,4.144
347871,520,400,920,250,35,96,13.20,0.9671,0.5795,0.223742,3,33,61,250.24,0.8508,0.1402,0.014439,4.248
347876,520,367,887,233,105,34,44.91,0.9280,0.6143,0.275450,18,48,14,141.38,0.9034,0.1739,0.022741,4.474
347879,520,13,533,254,255,174,108.73,1.0000,0.9778,0.956472,25,135,10,141.75,0.9946,0.4707,0.175558,4.462
347882,520,473,993,230,25,8,29.92,0.9923,0.5214,0.175388,0,4,7,227.14,1.0000,0.0294,0.001022,4.418
347885,520,434,954,231,51,92,13.96,0.8998,0.5511,0.201322,22,21,31,289.07,0.2295,0.1007,0.008058,4.329
347887,520,278,798,221,130,210,331.50,0.7186,0.6862,0.359922,36,68,1,133.18,0.9947,0.2505,0.045114,4.310
347889,520,319,839,254,103,17,42.98,0.9930,0.6466,0.308152,13,57,74,228.35,0.7520,0.2240,0.035061,4.211
347894,520,450,970,233,4,105,6.45,0.9944,0.5363,0.184335,31,1,31,328.24,0.8647,0.0741,0.004120,4.330
347907,520,390,910,220,35,231,325.52,0.9688,0.5860,0.221894,7,24,93,265.85,0.9393,0.1519,0.014886,4.190
347912,520,468,988,225,26,70,17.96,0.9639,0.5177,0.171914,6,3,11,304.13,0.4751,0.0351,0.001280,4.327
347916,520,352,872,237,29,249,325.56,0.9884,0.6249,0.257253,20,11,130,270.05,0.9865,0.1892,0.019996,4.390
347925,520,373,893,253,25,155,354.22,0.9840,0.6001,0.239480,36,22,80,288.39,0.7452,0.1551,0.015281,4.434
347928,520,335,855,231,60,253,322.81,0.9916,0.6358,0.273147,30,50,54,211.54,0.3149,0.2004,0.028235,4.130
347929,520,471,991,191,43,202,324.95,0.8915,0.5213,0.170699,3,7,6,179.90,0.2984,0.0407,0.001845,4.257
347931,520,472,992,187,66,170,333.80,0.7496,0.5166,0.173650,15,0,4,359.35,1.0000,0.0342,0.001103,4.376
347940,520,390,910,169,97,253,301.68,0.9714,0.5904,0.240767,2,39,55,231.85,0.9039,0.1532,0.017397,4.314
347943,520,378,898,182,108,215,314.52,0.7044,0.5987,0.255773,9,46,21,150.50,0.9183,0.1645,0.020661,4.327
347944,520,445,965,234,28,90,12.67,0.9602,0.5417,0.190642,1,20,16,178.66,0.9117,0.0756,0.005442,4.340
347956,520,443,963,226,40,125,359.80,0.9013,0.5429,0.191697,11,19,1,127.07,0.9185,0.0758,0.005391,4.363
347987,520,429,949,234,13,130,358.33,0.9807,0.5488,0.193950,21,6,68,283.25,0.9194,0.1029,0.007070,4.275
348012,520,361,881,248,66,171,350.00,0.9357,0.6234,0.267963,28,45,52,225.65,0.3035,0.1830,0.023715,4.313
348039,520,272,792,241,147,50,61.42,0.9034,0.7047,0.398010,13,74,21,144.82,0.9753,0.2624,0.050371,4.464
348042,520,473,993,206,4,184,334.41,0.9912,0.5190,0.166714,7,0,19,302.43,1.0000,0.0320,0.000922,4.256
348044,520,403,923,219,36,220,327.97,0.9586,0.5772,0.214913,4,25,75,262.89,0.9267,0.1328,0.012290,4.253
348053,520,408,928,228,51,169,345.29,0.8871,0.5734,0.217288,9,7,96,268.58,0.9859,0.1316,0.010545,4.415
348062,520,426,946,211,58,195,332.68,0.8622,0.5633,0.208171,50,1,40,338.18,0.9028,0.1143,0.008531,4.411
348091,520,320,840,238,81,234,328.92,0.9311,0.6542,0.300050,26,54,61,215.88,0.4536,0.2134,0.031948,4.272
348093,520,423,943,214,0,221,326.63,1.0000,0.5578,0.195187,43,18,1,55.09,0.8910,0.1135,0.009485,4.122
348097,520,414,934,233,67,107,11.12,0.8505,0.5741,0.224024,29,23,50,292.02,0.4818,0.1241,0.011043,4.489
348105,520,377,897,228,68,182,341.66,0.8540,0.5951,0.240081,2,43,51,214.18,0.9245,0.1633,0.019796,4.156
348111,520,365,885,234,6,238,327.43,0.9975,0.6060,0.237983,45,36,37,10.48,0.1274,0.1680,0.019532,4.142
348112,520,356,876,251,53,166,351.50,0.9642,0.6161,0.258120,56,20,83,306.78,0.7546,0.1808,0.019657,4.423
348149,520,430,950,184,76,210,319.32,0.7979,0.5495,0.200135,11,26,13,147.34,0.5735,0.0988,0.008390,4.284
348161,520,335,855,237,79,223,331.65,0.9152,0.6439,0.289267,68,38,18,52.80,0.5942,0.2015,0.026590,4.430
348165,520,457,977,235,25,7,29.95,0.9938,0.5321,0.183760,17,7,28,304.04,0.5885,0.0643,0.003550,4.365
348177,520,448,968,238,0,71,17.70,1.0000,0.5378,0.186354,31,5,28,332.47,0.6939,0.0794,0.004837,4.310
348231,520,467,987,216,11,151,347.28,0.9734,0.5213,0.170751,7,5,4,52.41,0.1404,0.0389,0.001625,4.276
348235,520,467,987,177,32,239,311.86,0.9622,0.5208,0.166131,8,0,22,300.82,1.0000,0.0352,0.001096,4.230
348244,520,347,867,226,79,234,325.70,0.9144,0.6331,0.277033,54,40,27,64.03,0.3288,0.1871,0.023811,4.431
348261,520,454,974,221,62,16,34.90,0.9744,0.5316,0.188575,3,19,16,180.69,0.6854,0.0742,0.005225,4.320
348267,520,459,979,214,17,167,341.67,0.9609,0.5274,0.174894,10,6,37,282.97,0.7691,0.0623,0.003283,4.221
348269,520,391,911,249,6,154,353.38,0.9949,0.5870,0.226065,49,24,39,344.14,0.4269,0.1466,0.014528,4.278
348275,520,401,921,211,34,241,320.88,0.9721,0.5778,0.213456,22,16,91,275.58,0.9205,0.1443,0.012964,4.184
348329,520,479,999,170,39,237,309.92,0.9456,0.5127,0.161124,2,0,0,29.23,1.0000,0.0120,0.000129,4.212
348334,520,454,974,186,57,215,319.49,0.8704,0.5345,0.182729,33,0,17,351.62,1.0000,0.0683,0.003639,4.339
348371,520,398,918,251,18,128,2.21,0.9842,0.5838,0.225039,9,20,89,267.59,0.9419,0.1406,0.012796,4.380
348410,520,404,924,212,81,182,337.75,0.7685,0.5831,0.232613,28,33,15,121.61,0.4538,0.1338,0.013691,4.437
348414,520,477,997,195,24,188,330.27,0.9372,0.5074,0.158879,2,0,8,296.85,1.0000,0.0183,0.000304,4.152
348417,520,375,895,232,83,125,6.65,0.7976,0.5964,0.248257,54,29,12,53.18,0.6039,0.1572,0.016896,4.458
348424,520,446,966,192,19,239,316.45,0.9836,0.5389,0.179056,29,5,40,313.35,0.7661,0.0842,0.005230,4.147
348434,520,374,894,254,59,62,25.69,0.9943,0.5980,0.245503,21,37,55,252.28,0.4383,0.1564,0.017583,4.372
348439,520,161,681,245,192,84,82.51,0.8496,0.8088,0.577537,22,96,75,169.40,0.8770,0.3519,0.090439,4.468
348451,520,315,835,250,54,248,328.61,0.9835,0.6591,0.297425,82,31,35,17.79,0.5992,0.2160,0.028954,4.400
348481,520,433,953,237,45,69,21.16,0.9432,0.5537,0.203141,14,18,51,273.87,0.6730,0.1002,0.007650,4.391
348485,520,377,897,235,70,155,353.13,0.8441,0.5973,0.244118,4,45,18,150.33,0.9689,0.1585,0.019462,4.234
348489,520,441,961,210,54,159,344.35,0.8242,0.5381,0.188453,1,18,49,258.50,0.9387,0.0903,0.006608,4.212
348499,520,479,999,227,10,23,27.65,0.9940,0.5105,0.166128,0,0,7,264.05,1.0000,0.0135,0.000153,4.309
348505,520,237,757,231,132,255,319.55,1.0000,0.7262,0.407131,79,68,19,96.31,0.7503,0.2940,0.058436,4.216
348506,520,333,853,207,107,228,320.43,0.8172,0.6384,0.293836,23,49,75,250.20,0.5593,0.2050,0.028867,4.360
348516,520,409,929,206,27,245,318.78,0.9805,0.5695,0.204999,54,12,20,12.82,0.6975,0.1276,0.010978,4.182
348517,520,456,976,197,71,146,347.18,0.7194,0.5276,0.184539,26,2,15,348.37,0.7540,0.0596,0.002976,4.427
348523,520,458,978,223,42,92,11.80,0.9054,0.5281,0.181193,13,10,2,95.16,0.6017,0.0556,0.003070,4.356
348537,520,417,937,242,3,157,351.00,0.9967,0.5738,0.213799,15,29,29,195.82,0.3231,0.1155,0.010690,4.347
348541,520,439,959,248,2,24,27.56,0.9992,0.5543,0.200695,35,12,8,31.63,0.5708,0.0903,0.006379,4.447
348550,520,381,901,245,2,194,340.89,0.9986,0.5979,0.233541,25,24,92,275.44,0.8553,0.1609,0.016326,4.275
348567,520,407,927,249,33,43,26.45,0.9796,0.5677,0.214055,17,34,9,136.74,0.7889,0.1266,0.012829,4.203
348583,520,434,954,224,72,47,31.95,0.9014,0.5514,0.206899,34,17,19,12.31,0.3481,0.1014,0.007880,4.438
348584,520,469,989,219,26,129,356.06,0.9316,0.5227,0.173864,5,0,37,278.67,1.0000,0.0449,0.001658,4.334
348600,520,409,929,228,6,193,337.33,0.9933,0.5661,0.204771,10,23,69,266.93,0.8472,0.1252,0.011069,4.172
348608,520,382,902,223,35,250,321.91,0.9810,0.6048,0.237943,42,32,54,304.55,0.3578,0.1626,0.017916,4.240
348609,520,289,809,253,125,48,47.48,0.9795,0.6819,0.357664,18,69,0,139.45,1.0000,0.2446,0.043847,4.344
348610,520,356,876,245,93,28,39.86,0.9649,0.6167,0.273282,38,41,59,276.77,0.2731,0.1840,0.023137,4.420
348625,520,429,949,238,33,77,17.63,0.9611,0.5497,0.198039,43,8,18,6.50,0.6821,0.1005,0.007310,4.328
348636,520,250,770,250,123,210,340.87,0.9469,0.7154,0.391457,20,67,95,239.20,0.7183,0.2698,0.049890,4.419
348651,520,471,991,111,93,247,282.45,0.9318,0.5173,0.179232,10,3,17,308.45,0.6184,0.0421,0.001701,4.434
348660,520,368,888,214,105,144,359.12,0.6299,0.6052,0.264149,22,46,2,134.04,0.9791,0.1680,0.021289,4.407
348666,520,465,985,138,72,252,294.01,0.9758,0.5168,0.170663,14,6,4,40.11,0.3518,0.0484,0.002324,4.217
348679,520,398,918,197,104,146,352.87,0.5546,0.5782,0.238478,23,38,1,128.89,0.9767,0.1424,0.015705,4.390
348697,520,370,890,231,39,230,328.47,0.9697,0.6062,0.241556,23,36,80,268.23,0.6690,0.1737,0.020230,4.151
348711,520,466,986,220,45,83,15.09,0.8986,0.5221,0.177196,8,3,26,290.50,0.7616,0.0457,0.001913,4.376
348722,520,423,943,195,42,251,314.15,0.9801,0.5647,0.202244,37,14,43,318.96,0.6016,0.1119,0.008818,4.289
348723,520,386,906,244,28,173,346.94,0.9692,0.5918,0.230839,19,40,37,183.99,0.4195,0.1548,0.017895,4.136
348735,520,407,927,208,86,145,352.82,0.6859,0.5663,0.221118,60,4,19,11.52,0.8708,0.1298,0.010947,4.448
348747,520,99,619,234,210,243,316.83,0.6586,0.8760,0.700572,31,113,30,142.85,0.9683,0.4009,0.121948,4.365
348773,520,391,911,224,9,242,324.15,0.9958,0.5922,0.224557,54,18,55,326.54,0.6461,0.1531,0.014928,4.229
348788,520,460,980,146,77,249,296.73,0.9485,0.5302,0.182585,20,1,33,309.32,0.8987,0.0593,0.002803,4.405
348795,520,435,955,193,14,251,314.18,0.9917,0.5492,0.186179,23,10,48,294.30,0.7258,0.0910,0.006126,4.208
348808,520,21,541,240,255,177,117.16,1.0000,0.9660,0.932195,39,131,51,145.27,0.9527,0.4649,0.169023,4.484
348810,520,439,959,230,24,143,353.42,0.9547,0.5495,0.194623,13,9,56,277.74,0.8682,0.0875,0.005664,4.395
348811,520,432,952,229,64,51,28.94,0.9119,0.5523,0.205667,14,23,36,257.53,0.3788,0.1016,0.008335,4.383
348820,520,353,873,240,12,245,327.22,0.9963,0.6224,0.253835,77,17,33,9.08,0.7384,0.1846,0.020887,4.286
348829,520,434,954,235,49,34,29.66,0.9575,0.5484,0.199774,1,11,69,264.56,0.9678,0.0973,0.006754,4.401
348832,520,287,807,224,137,174,353.28,0.6022,0.6878,0.367964,0,68,48,166.01,1.0000,0.2447,0.043474,4.471
348833,520,420,940,220,38,183,338.51,0.9205,0.5571,0.200231,49,6,11,18.73,0.8134,0.1074,0.008075,4.309
348848,520,449,969,209,5,210,328.09,0.9938,0.5421,0.183190,32,2,21,344.89,0.7878,0.0721,0.004047,4.315
348849,520,416,936,207,84,159,345.75,0.7059,0.5678,0.221111,53,11,16,17.51,0.7263,0.1232,0.010338,4.493
348862,520,390,910,192,75,252,311.55,0.9768,0.5904,0.232680,57,22,19,26.80,0.5795,0.1493,0.014908,4.355
348865,520,440,960,236,30,90,13.07,0.9587,0.5468,0.195028,7,25,10,147.88,0.7545,0.0926,0.007623,4.252
348876,520,370,890,246,44,192,342.13,0.9538,0.6131,0.252031,17,46,30,157.16,0.6665,0.1704,0.021668,4.214
348884,520,457,977,210,76,67,27.29,0.8048,0.5332,0.192780,2,16,15,189.81,0.7146,0.0650,0.004180,4.481
348889,520,439,959,224,33,155,348.34,0.9230,0.5473,0.193042,26,14,27,324.07,0.3807,0.0876,0.006128,4.330
348909,520,312,832,251,91,180,349.52,0.9496,0.6594,0.312898,19,47,105,262.60,0.8112,0.2216,0.031912,4.430
348910,520,328,848,226,90,235,325.20,0.9087,0.6465,0.294812,5,38,122,263.45,0.9652,0.2136,0.028234,4.407
348918,520,272,792,196,144,247,306.29,0.8470,0.7007,0.383982,50,63,71,235.24,0.1804,0.2628,0.046880,4.480
348926,520,434,954,195,13,245,316.02,0.9913,0.5471,0.184839,30,4,56,301.03,0.8757,0.0977,0.006484,4.158
348933,520,273,793,240,135,157,7.31,0.7374,0.7007,0.382899,55,65,47,131.54,0.2693,0.2640,0.047980,4.418
348941,520,466,986,180,80,158,336.70,0.6488,0.5179,0.179105,15,4,23,310.07,0.6499,0.0529,0.002503,4.364
348955,520,366,886,225,40,253,321.67,0.9920,0.6128,0.246191,69,3,62,333.45,0.8777,0.1687,0.016783,4.435
348995,520,313,833,248,94,189,345.82,0.9255,0.6620,0.316389,30,50,87,261.74,0.5560,0.2204,0.032452,4.444
349002,520,417,937,249,42,57,24.50,0.9726,0.5744,0.220947,14,25,54,266.12,0.6159,0.1189,0.010549,4.475
349010,520,399,919,239,20,168,347.22,0.9762,0.5770,0.216812,14,33,58,256.02,0.5999,0.1430,0.014865,4.113
349029,520,433,953,223,58,122,2.15,0.8357,0.5506,0.201218,12,11,67,273.55,0.9167,0.1017,0.007227,4.390
349030,520,430,950,206,9,228,322.85,0.9922,0.5509,0.189204,26,18,30,314.17,0.3050,0.0975,0.007460,4.163
349031,520,422,942,228,20,168,344.76,0.9671,0.5558,0.198241,39,5,51,315.54,0.8128,0.1080,0.007789,4.296
349041,520,428,948,232,20,165,346.60,0.9699,0.5620,0.203756,39,14,15,19.05,0.5151,0.1021,0.007800,4.390
349071,520,451,971,173,74,218,313.37,0.8169,0.5365,0.188446,14,14,25,283.70,0.3054,0.0737,0.004776,4.353
349076,520,417,937,240,59,57,26.58,0.9331,0.5697,0.219518,43,20,10,43.64,0.5579,0.1193,0.010359,4.465
349089,520,397,917,249,46,66,22.79,0.9693,0.5784,0.224906,29,17,84,282.40,0.8496,0.1438,0.013022,4.362
349096,520,466,986,103,108,219,277.97,0.7418,0.5167,0.187227,11,9,8,50.48,0.0786,0.0535,0.002841,4.489
349109,520,437,957,190,62,220,319.24,0.8717,0.5494,0.195610,43,1,29,344.66,0.8798,0.0945,0.006241,4.367
349126,520,278,798,238,127,172,355.58,0.7488,0.6888,0.363368,43,67,20,132.14,0.8141,0.2541,0.045783,4.316
349138,520,410,930,252,20,46,25.14,0.9905,0.5689,0.213968,36,2,80,293.87,0.9690,0.1287,0.009977,4.401
349144,520,473,993,164,46,246,305.79,0.9547,0.5172,0.165010,4,2,3,345.04,0.2483,0.0262,0.000758,4.236
349150,520,430,950,208,55,178,337.21,0.8383,0.5455,0.193586,14,17,51,274.83,0.6888,0.0981,0.007333,4.249
349160,520,309,829,241,98,193,342.89,0.8726,0.6577,0.312890,53,52,24,106.85,0.5049,0.2182,0.032788,4.383
349169,520,454,974,206,5,201,329.67,0.9920,0.5305,0.174494,9,16,26,257.21,0.3611,0.0750,0.005032,4.079
349193,520,479,999,196,40,180,332.97,0.8717,0.5132,0.165504,0,0,1,264.05,1.0000,0.0060,0.000022,4.308
349218,520,371,891,203,79,249,315.33,0.9591,0.6085,0.251294,22,44,40,181.08,0.4108,0.1704,0.021251,4.229
349238,520,341,861,225,83,220,329.21,0.8789,0.6275,0.273635,19,40,99,265.43,0.8218,0.1986,0.025567,4.283
349259,520,462,982,231,12,75,16.23,0.9873,0.5264,0.177629,0,5,30,261.56,1.0000,0.0457,0.002023,4.376
349283,520,447,967,224,31,140,353.43,0.9251,0.5395,0.187234,24,6,42,303.09,0.7608,0.0807,0.004916,4.320
349297,520,335,855,228,68,254,321.63,0.9953,0.6385,0.277861,60,28,86,306.66,0.6794,0.2015,0.024631,4.393
349304,520,376,896,133,121,255,283.76,1.0000,0.5967,0.258808,18,41,43,202.87,0.4503,0.1599,0.018888,4.483
349308,520,452,972,136,100,210,296.13,0.6848,0.5253,0.190018,28,5,28,327.72,0.6833,0.0748,0.004393,4.413
349322,520,363,883,243,21,207,337.07,0.9861,0.6056,0.240990,59,22,60,326.50,0.6224,0.1709,0.018300,4.260
349332,520,477,997,149,53,251,299.53,0.9764,0.5076,0.159011,2,2,5,283.18,0.3513,0.0245,0.000673,4.125
349341,520,443,963,230,23,112,4.18,0.9592,0.5375,0.186086,30,3,39,316.67,0.8135,0.0816,0.004877,4.302
349345,520,436,956,227,38,149,351.27,0.9117,0.5532,0.198898,33,11,8,29.64,0.5551,0.0853,0.005803,4.460
349349,520,365,885,240,68,158,352.94,0.8741,0.6054,0.251311,67,26,11,39.89,0.7311,0.1737,0.019564,4.331
349353,520,473,993,163,65,235,306.55,0.8904,0.5247,0.175659,12,0,14,324.12,1.0000,0.0347,0.001099,4.416
349357,520,435,955,200,37,225,321.64,0.9480,0.5492,0.190404,3,9,61,266.82,0.9570,0.0862,0.005516,4.330
349377,520,407,927,224,70,135,358.64,0.7989,0.5697,0.219794,35,24,36,323.67,0.2846,0.1252,0.011380,4.395
349408,520,407,927,238,16,169,346.64,0.9816,0.5744,0.214153,4,9,96,266.15,0.9857,0.1315,0.010656,4.355
349424,520,434,954,165,93,217,308.66,0.7482,0.5527,0.208384,33,13,41,315.38,0.5974,0.1032,0.007713,4.477
349433,520,398,918,240,9,168,347.29,0.9905,0.5762,0.215509,7,22,90,266.26,0.9415,0.1446,0.013571,4.177
349434,520,382,902,235,76,138,0.50,0.8267,0.5974,0.246688,49,26,61,312.94,0.5453,0.1633,0.017287,4.409
349436,520,334,854,241,75,219,333.79,0.9288,0.6440,0.288501,1,48,85,248.62,0.9646,0.2011,0.027761,4.353
349438,520,407,927,254,17,9,29.30,0.9967,0.5699,0.214953,54,7,36,347.45,0.7569,0.1276,0.010637,4.369
349448,520,378,898,252,43,143,358.64,0.9730,0.6021,0.244099,31,39,39,196.49,0.1270,0.1618,0.018888,4.269
349455,520,424,944,209,70,166,342.33,0.7752,0.5565,0.206908,30,15,48,302.15,0.6204,0.1077,0.008311,4.406
349459,520,399,919,237,15,175,344.61,0.9834,0.5752,0.214443,3,34,59,247.07,0.8431,0.1415,0.014791,4.081
349467,520,463,983,217,59,66,23.25,0.8760,0.5256,0.182755,0,4,33,263.03,1.0003,0.0458,0.001966,4.479
349475,520,425,945,202,44,229,321.08,0.9402,0.5599,0.200167,8,15,73,268.86,0.9321,0.1126,0.008743,4.259
349476,520,385,905,219,89,137,359.97,0.7114,0.5860,0.240132,12,42,9,141.82,0.9368,0.1500,0.017538,4.296
349483,520,479,999,152,57,242,301.97,0.9299,0.5072,0.160129,1,0,2,311.99,1.0000,0.0114,0.000108,4.193
349487,520,413,933,236,60,98,13.71,0.8857,0.5704,0.219495,34,26,4,89.80,0.7451,0.1191,0.010877,4.427
349499,520,413,933,199,50,237,318.17,0.9372,0.5655,0.205392,7,32,27,177.93,0.6784,0.1194,0.011573,4.148
349520,520,390,910,215,52,227,324.98,0.9339,0.5856,0.224511,2,32,76,258.14,0.9457,0.1498,0.015676,4.180
349522,520,476,996,162,41,245,305.61,0.9533,0.5096,0.158605,2,2,4,284.11,0.2654,0.0240,0.000651,4.118
349528,520,452,972,236,7,40,25.12,0.9958,0.5307,0.181413,24,10,21,335.16,0.4167,0.0746,0.004654,4.234
349536,520,386,906,234,16,209,334.48,0.9880,0.5890,0.224692,65,17,4,36.57,0.8864,0.1537,0.015337,4.204
349552,520,448,968,189,49,227,317.66,0.9172,0.5412,0.185628,20,14,29,301.75,0.3854,0.0816,0.005515,4.244
349554,520,465,985,226,28,53,23.02,0.9694,0.5180,0.172592,21,3,10,354.73,0.6387,0.0524,0.002465,4.243
349557,520,394,914,235,62,150,354.25,0.8638,0.5873,0.233123,14,29,70,265.66,0.7471,0.1422,0.014142,4.414
349565,520,365,885,232,97,81,29.23,0.8373,0.6054,0.263020,4,41,63,240.32,0.8385,0.1652,0.019705,4.491
349568,520,370,890,249,39,187,344.13,0.9626,0.6133,0.251819,53,36,6,77.90,0.7807,0.1717,0.020319,4.292
349610,520,460,980,195,59,188,330.13,0.8180,0.5329,0.183625,7,14,3,132.46,0.6565,0.0602,0.003658,4.354
349619,520,373,893,242,40,188,342.31,0.9530,0.6014,0.240287,5,26,95,264.65,0.9406,0.1574,0.015972,4.400
349647,520,442,962,231,22,121,1.15,0.9611,0.5422,0.189462,18,14,25,300.72,0.3019,0.0774,0.005129,4.344
349653,520,453,973,188,66,196,325.27,0.8010,0.5341,0.185747,17,11,16,331.98,0.2134,0.0662,0.003959,4.369
349683,520,388,908,250,44,101,12.37,0.9636,0.5860,0.230685,34,9,93,285.49,0.9286,0.1494,0.013257,4.437
349685,520,237,757,201,158,248,305.46,0.8399,0.7344,0.436490,33,73,90,228.29,0.5459,0.2904,0.058264,4.494
349713,520,346,866,225,91,202,334.89,0.8189,0.6274,0.277561,27,50,43,172.63,0.4002,0.1936,0.026886,4.260
349725,520,396,916,212,82,166,344.05,0.7389,0.5766,0.227868,60,8,40,347.80,0.7644,0.1426,0.012877,4.419
349731,520,381,901,232,15,230,328.80,0.9922,0.5988,0.232131,59,17,60,326.80,0.6918,0.1634,0.016571,4.238
349734,520,476,996,193,82,44,38.71,0.8073,0.5082,0.175557,2,2,2,0.00,0.0000,0.0229,0.000607,4.457
349738,520,477,997,204,35,158,342.39,0.8789,0.5119,0.165101,6,0,4,338.03,1.0000,0.0222,0.000475,4.262
349762,520,379,899,216,77,210,329.58,0.8508,0.6003,0.245618,22,40,46,221.10,0.3530,0.1608,0.018854,4.293
349769,520,387,907,244,47,143,357.40,0.9245,0.5893,0.232525,36,28,65,290.83,0.5462,0.1539,0.015872,4.289
349771,520,399,919,243,54,108,10.19,0.9131,0.5813,0.227790,9,27,80,265.19,0.8830,0.1447,0.014210,4.326
349777,520,383,903,215,59,234,323.11,0.9312,0.5961,0.235174,33,14,92,284.11,0.8927,0.1527,0.014101,4.449
349784,520,441,961,200,25,223,322.32,0.9687,0.5417,0.183040,23,5,51,295.00,0.8449,0.0857,0.005297,4.214
349793,520,370,890,239,5,231,330.20,0.9979,0.6099,0.242315,77,9,20,18.46,0.8734,0.1726,0.018239,4.284
349796,520,408,928,255,12,18,28.51,1.0000,0.5711,0.215705,28,28,39,284.63,0.2146,0.1285,0.012239,4.269
349837,520,341,861,243,70,201,339.44,0.9231,0.6327,0.276549,1,4,149,264.33,0.9981,0.2047,0.022630,4.496
349841,520,406,926,241,8,178,344.54,0.9926,0.5829,0.220919,22,17,78,277.91,0.8577,0.1309,0.011215,4.426
349850,520,345,865,233,84,195,339.28,0.8508,0.6279,0.276069,62,36,35,22.18,0.3465,0.1914,0.024074,4.402
349860,520,328,848,253,55,231,333.38,0.9911,0.6544,0.293876,4,42,108,260.79,0.9577,0.2070,0.027643,4.429
349862,520,455,975,162,71,237,305.26,0.8884,0.5322,0.183028,15,6,25,304.41,0.5823,0.0584,0.003020,4.395
349867,520,321,841,247,39,250,327.57,0.9855,0.6468,0.281302,68,8,110,304.51,0.9244,0.2134,0.025285,4.401
349870,520,350,870,218,100,198,334.37,0.7564,0.6271,0.280989,48,36,73,297.07,0.4864,0.1915,0.023712,4.490
349871,520,312,832,247,88,205,339.80,0.9393,0.6606,0.311642,2,62,18,146.94,0.9943,0.2172,0.035017,4.254
349926,520,427,947,190,63,238,314.76,0.9129,0.5639,0.206764,34,18,16,27.46,0.3436,0.1026,0.008101,4.419
349933,520,183,703,248,177,125,56.80,0.8117,0.7861,0.528835,1,92,60,161.10,0.9966,0.3298,0.079866,4.457
349941,520,340,860,247,102,62,36.17,0.9358,0.6362,0.296279,28,47,71,254.85,0.4587,0.1997,0.027347,4.477
349946,520,367,887,237,30,219,332.64,0.9781,0.6053,0.240503,16,39,77,259.90,0.7025,0.1749,0.020969,4.093
349986,520,454,974,191,92,84,26.40,0.6204,0.5284,0.193724,12,17,11,140.41,0.2461,0.0738,0.005032,4.429
350005,520,454,974,235,17,46,24.32,0.9883,0.5317,0.182635,14,13,11,84.59,0.0752,0.0658,0.004054,4.304
350015,520,474,994,213,43,133,354.21,0.8580,0.5227,0.175697,5,1,16,297.00,0.8102,0.0308,0.000914,4.433
350016,520,400,920,230,84,72,28.04,0.8562,0.5816,0.236343,49,22,41,339.40,0.4786,0.1437,0.013870,4.483
350039,520,438,958,238,14,111,5.52,0.9828,0.5507,0.196421,39,5,14,7.84,0.7362,0.0872,0.005717,4.423
350046,520,369,889,244,70,144,359.11,0.8933,0.6093,0.256302,46,36,25,69.16,0.2815,0.1654,0.019128,4.431
350050,520,330,850,240,52,242,327.68,0.9691,0.6372,0.273947,89,15,34,11.54,0.8084,0.2080,0.025814,4.273
350075,520,407,927,220,54,192,336.01,0.8868,0.5736,0.216620,33,29,28,34.30,0.0709,0.1317,0.012859,4.242
350078,520,475,995,139,89,219,297.93,0.7649,0.5155,0.177483,12,0,4,353.99,1.0000,0.0301,0.000869,4.472
350086,520,435,955,204,66,177,336.65,0.7926,0.5492,0.199100,23,17,28,309.08,0.2849,0.0908,0.006669,4.396
350090,520,477,997,161,82,185,317.77,0.6747,0.5081,0.171152,1,2,3,240.75,0.2913,0.0220,0.000564,4.374
350096,520,378,898,235,32,221,331.67,0.9756,0.6038,0.239183,54,28,23,31.74,0.4314,0.1573,0.016767,4.331
350107,520,339,859,224,90,223,327.98,0.8698,0.6363,0.284894,21,44,83,260.28,0.6579,0.1958,0.025852,4.415
350111,520,407,927,238,29,158,350.34,0.9566,0.5738,0.215275,0,34,37,203.34,1.0000,0.1266,0.012776,4.226
350116,520,381,901,247,63,108,11.90,0.9317,0.5969,0.244152,6,46,5,142.51,0.9783,0.1607,0.020036,4.200
350121,520,279,799,205,130,251,311.25,0.9386,0.6877,0.359104,15,71,23,145.32,0.9646,0.2529,0.046697,4.231
350126,520,424,944,220,29,197,334.36,0.9549,0.5607,0.201279,27,22,38,298.05,0.3331,0.1120,0.009468,4.225
350129,520,476,996,183,77,144,344.29,0.6502,0.5113,0.173901,3,0,1,353.79,1.0000,0.0152,0.000216,4.459
350141,520,453,973,238,1,5,28.95,0.9995,0.5316,0.182131,16,11,23,302.78,0.3550,0.0682,0.004114,4.290
350149,520,425,945,206,78,153,347.46,0.7213,0.5553,0.208724,16,24,36,258.30,0.3345,0.1057,0.008908,4.392
350161,520,365,885,219,45,252,320.29,0.9870,0.6052,0.239670,65,22,38,359.51,0.5908,0.1700,0.018377,4.236
350172,520,220,740,193,171,233,300.60,0.6101,0.7460,0.463466,20,81,69,176.76,0.8209,0.3004,0.064630,4.479
350181,520,476,996,225,3,77,14.60,0.9960,0.5119,0.166114,2,1,10,286.50,0.7500,0.0235,0.000565,4.274
350183,520,445,965,205,25,204,328.54,0.9569,0.5366,0.180359,6,6,62,270.44,0.9625,0.0844,0.005167,4.176
350184,520,466,986,194,73,145,346.94,0.7014,0.5246,0.182804,0,11,9,183.93,1.0000,0.0486,0.002591,4.427
350189,520,381,901,214,67,235,322.38,0.9183,0.6025,0.243104,62,11,54,335.10,0.7515,0.1576,0.015300,4.489
350191,520,339,859,219,82,252,319.18,0.9821,0.6376,0.281247,20,52,59,214.08,0.5551,0.2030,0.029204,4.182
350212,520,360,880,246,1,224,333.44,0.9996,0.6172,0.249994,5,18,125,265.52,0.9828,0.1832,0.019454,4.319
350216,520,406,926,252,33,80,18.00,0.9825,0.5792,0.223660,28,15,78,283.95,0.8422,0.1332,0.011386,4.458
350222,520,442,962,183,75,204,320.78,0.7835,0.5427,0.194602,29,5,40,313.35,0.7661,0.0842,0.005230,4.429
350227,520,391,911,240,51,150,354.46,0.9070,0.5873,0.230980,8,31,80,262.67,0.8743,0.1537,0.016107,4.250
350236,520,440,960,197,72,180,333.52,0.7622,0.5462,0.198020,1,18,50,258.91,0.9427,0.0912,0.006693,4.375
350243,520,401,921,244,17,164,349.46,0.9830,0.5839,0.223176,35,29,47,299.17,0.3188,0.1430,0.014413,4.241
350244,520,368,888,231,33,245,325.00,0.9827,0.6135,0.246716,36,37,48,280.84,0.1827,0.1652,0.019116,4.293
350246,520,400,920,219,16,240,323.34,0.9911,0.5837,0.217240,15,39,19,147.63,0.7254,0.1434,0.015996,4.049
350263,520,317,837,243,72,250,326.30,0.9820,0.6631,0.305941,76,36,61,343.44,0.4902,0.2246,0.031354,4.375
350319,520,470,990,145,76,235,299.04,0.8696,0.5154,0.171870,10,2,9,330.82,0.5797,0.0358,0.001277,4.327
350322,520,361,881,241,34,235,329.66,0.9821,0.6243,0.258457,47,43,19,100.02,0.5034,0.1844,0.023791,4.180
350347,520,317,837,246,61,249,327.39,0.9808,0.6581,0.297726,55,35,99,293.77,0.6732,0.2186,0.029151,4.393
350358,520,385,905,186,80,250,309.75,0.9581,0.5864,0.230795,61,13,39,351.05,0.7026,0.1498,0.014266,4.369
350359,520,365,885,254,8,172,349.01,0.9949,0.6051,0.242266,77,10,7,28.51,0.9248,0.1714,0.018105,4.291
350373,520,410,930,242,60,13,33.67,0.9880,0.5711,0.221413,55,2,47,335.51,0.8703,0.1298,0.010610,4.478
350380,520,451,971,185,56,221,317.66,0.8853,0.5365,0.183643,10,7,39,281.04,0.7674,0.0659,0.003630,4.357
350382,520,453,973,207,23,193,332.12,0.9544,0.5320,0.177304,13,7,35,288.54,0.6939,0.0652,0.003589,4.242
350395,520,416,936,243,13,150,353.55,0.9861,0.5748,0.215478,32,22,39,310.62,0.3593,0.1184,0.010274,4.405
350430,520,396,916,219,80,152,351.64,0.7543,0.5796,0.230667,26,32,37,243.44,0.1489,0.1364,0.013862,4.395
350433,520,450,970,228,13,135,355.42,0.9767,0.5386,0.185339,12,15,14,173.62,0.0889,0.0697,0.004515,4.317
350438,520,415,935,237,37,141,356.10,0.9334,0.5687,0.212538,47,10,43,332.38,0.7005,0.1223,0.009959,4.379
350446,520,313,833,237,98,206,337.21,0.8720,0.6576,0.311986,41,55,44,151.14,0.2523,0.2203,0.033856,4.317
350447,520,320,840,254,76,175,350.65,0.9881,0.6455,0.293382,21,56,40,161.52,0.6652,0.2084,0.031409,4.218
350465,520,199,719,242,174,91,69.63,0.8078,0.7666,0.499067,29,89,35,145.04,0.9332,0.3209,0.075270,4.383
350467,520,239,759,230,139,236,324.80,0.8609,0.7267,0.413460,4,80,30,148.36,0.9920,0.2826,0.058566,4.269
350470,520,386,906,225,94,100,20.11,0.7558,0.5927,0.249355,48,32,3,78.91,0.8540,0.1538,0.016680,4.489
350483,520,452,972,175,49,236,311.26,0.9249,0.5269,0.173676,15,3,43,290.07,0.8794,0.0661,0.003411,4.188
350485,520,310,830,234,101,202,337.87,0.8423,0.6551,0.310664,7,54,78,237.09,0.8326,0.2156,0.032334,4.381
350493,520,432,952,196,62,214,322.70,0.8650,0.5546,0.200375,52,0,5,21.90,1.0000,0.1038,0.007412,4.361
350494,520,459,979,159,69,243,303.17,0.9201,0.5309,0.180987,8,7,32,280.19,0.6901,0.0588,0.003079,4.352
350498,520,468,988,227,28,69,18.62,0.9626,0.5227,0.175940,0,1,31,264.20,0.9891,0.0364,0.001206,4.412
350499,520,468,988,165,90,165,327.17,0.5755,0.5153,0.180291,11,4,12,323.19,0.4429,0.0432,0.001845,4.442
350507,520,417,937,228,74,94,17.10,0.8263,0.5694,0.222024,26,30,21,127.26,0.2249,0.1247,0.012023,4.386
350509,520,407,927,236,73,38,33.58,0.9412,0.5747,0.227409,16,27,59,267.11,0.6263,0.1291,0.012097,4.467
350517,520,471,991,225,41,41,27.18,0.9540,0.5223,0.177564,5,1,23,288.17,0.8915,0.0354,0.001158,4.448
350519,520,475,995,202,25,190,331.63,0.9421,0.5218,0.169714,11,0,4,351.96,1.0000,0.0288,0.000799,4.325
350520,520,418,938,225,71,110,9.53,0.8068,0.5645,0.216424,22,23,52,279.33,0.5336,0.1187,0.010313,4.417
350525,520,429,949,225,12,164,345.20,0.9794,0.5457,0.189535,0,13,69,263.41,1.0008,0.1000,0.007175,4.190
350536,520,420,940,206,28,232,321.73,0.9723,0.5598,0.197803,42,16,22,6.84,0.4877,0.1129,0.009208,4.185
350539,520,464,984,229,8,55,21.52,0.9932,0.5177,0.171105,7,8,16,277.37,0.3006,0.0506,0.002562,4.207
350567,520,460,980,178,46,240,311.43,0.9380,0.5324,0.177112,17,11,10,29.23,0.1745,0.0642,0.003804,4.221
350576,520,403,923,222,47,212,330.78,0.9332,0.5839,0.223183,23,27,52,275.11,0.4625,0.1292,0.012139,4.396
350587,520,442,962,240,26,12,29.67,0.9905,0.5434,0.192940,25,11,19,345.15,0.3764,0.0769,0.004931,4.423
350614,520,429,949,246,3,12,28.61,0.9988,0.5496,0.196881,15,10,61,278.04,0.8742,0.0958,0.006555,4.365
350618,520,397,917,227,87,17,41.25,0.9685,0.5750,0.231904,58,14,35,354.38,0.6702,0.1435,0.013351,4.450
350620,520,424,944,249,8,15,28.58,0.9970,0.5573,0.203516,6,11,76,268.14,0.9625,0.1088,0.007998,4.371
350622,520,411,931,220,86,64,31.61,0.8242,0.5652,0.222438,17,30,27,178.39,0.2991,0.1191,0.011268,4.447
350630,520,375,895,239,64,150,355.28,0.8712,0.5965,0.242225,42,27,62,301.82,0.5306,0.1566,0.016239,4.412
350634,520,468,988,174,76,194,320.52,0.7421,0.5239,0.180636,8,3,10,318.37,0.4622,0.0369,0.001387,4.488
350641,520,455,975,229,4,110,4.06,0.9934,0.5295,0.178736,19,2,31,309.19,0.8244,0.0586,0.002808,4.331
350685,520,356,876,238,32,238,328.27,0.9835,0.6202,0.253858,82,7,4,29.26,0.9580,0.1795,0.019549,4.369
350691,520,150,670,229,201,171,68.99,0.4345,0.8276,0.613725,22,103,15,141.99,0.9854,0.3636,0.099052,4.453
350693,520,377,897,244,45,174,347.12,0.9392,0.6011,0.241690,53,30,24,35.36,0.3880,0.1604,0.017515,4.320
350697,520,355,875,249,42,197,341.34,0.9633,0.6201,0.258301,23,40,78,264.15,0.6179,0.1823,0.022497,4.253
350710,520,428,948,226,75,33,35.55,0.9358,0.5577,0.213134,5,23,48,256.54,0.7430,0.1042,0.008584,4.492
350711,520,326,846,233,102,186,343.70,0.8004,0.6474,0.303739,39,49,62,255.14,0.2330,0.2086,0.029757,4.435
350721,520,464,984,231,12,4,29.42,0.9963,0.5189,0.172637,16,4,10,346.99,0.4890,0.0481,0.002189,4.266
350729,520,414,934,242,47,74,20.31,0.9439,0.5662,0.214080,42,20,18,25.94,0.4231,0.1195,0.010363,4.375
350733,520,261,781,231,133,229,327.82,0.8387,0.7141,0.394229,10,77,30,148.08,0.9773,0.2735,0.054658,4.245
350746,520,440,960,188,51,237,314.92,0.9285,0.5491,0.191747,14,4,64,278.09,0.9556,0.0892,0.005503,4.356
350748,520,425,945,251,7,8,29.00,0.9976,0.5611,0.206825,27,2,76,287.06,0.9731,0.1131,0.007982,4.429
350765,520,453,973,219,56,88,14.82,0.8566,0.5311,0.185956,12,0,57,279.80,1.0000,0.0726,0.003736,4.391
350770,520,426,946,250,0,75,17.71,1.0000,0.5641,0.208357,27,16,56,291.57,0.6797,0.1124,0.008891,4.387
350808,520,340,860,251,73,175,349.78,0.9582,0.6372,0.283727,51,38,72,300.36,0.4480,0.1989,0.025579,4.416
350818,520,388,908,244,31,170,347.92,0.9634,0.5917,0.231185,69,7,6,27.65,0.9307,0.1504,0.014305,4.373
350833,520,0,520,255,255,255,0.00,0.0000,1.0000,1.000000,1,137,86,158.56,0.9986,0.4845,0.185688,4.455
350841,520,427,947,228,40,165,346.19,0.9154,0.5637,0.207308,9,13,65,270.81,0.9120,0.1008,0.007275,4.492
350873,520,321,841,220,98,243,321.01,0.9274,0.6530,0.304238,67,42,40,24.48,0.3082,0.2146,0.030026,4.427
350886,520,350,870,245,19,240,329.45,0.9936,0.6293,0.261724,32,27,111,276.39,0.8797,0.1931,0.022385,4.306
350890,520,409,929,216,84,125,4.04,0.7182,0.5697,0.224225,62,4,21,10.12,0.8712,0.1347,0.011653,4.448
350894,520,327,847,253,60,212,338.40,0.9879,0.6472,0.288710,69,14,103,307.71,0.8598,0.2126,0.025587,4.481
350899,520,423,943,240,14,126,0.83,0.9830,0.5597,0.203489,14,21,55,270.92,0.6786,0.1102,0.009055,4.292
350920,520,420,940,169,86,232,307.39,0.8365,0.5580,0.209174,32,22,6,78.09,0.5915,0.1068,0.008941,4.397
350924,520,389,909,248,60,71,23.34,0.9594,0.5884,0.236466,12,24,91,267.95,0.9200,0.1518,0.014867,4.416
350927,520,468,988,223,48,34,29.57,0.9474,0.5231,0.179201,13,0,16,322.33,1.0000,0.0370,0.001230,4.474
350929,520,362,882,244,90,17,40.19,0.9813,0.6102,0.265891,51,41,6,92.56,0.8110,0.1821,0.023029,4.326
350932,520,445,965,239,18,7,29.49,0.9944,0.5380,0.188020,7,20,6,142.09,0.7102,0.0771,0.005586,4.282
350943,520,421,941,244,0,104,8.37,1.0000,0.5581,0.202360,44,9,33,342.32,0.6736,0.1100,0.008407,4.321
350948,520,378,898,254,1,156,353.67,0.9993,0.5968,0.234964,8,42,48,211.64,0.7293,0.1608,0.019209,4.117
350950,520,421,941,213,36,211,328.74,0.9453,0.5607,0.201131,43,2,48,323.27,0.8744,0.1082,0.007705,4.352
350972,520,437,957,222,64,98,12.70,0.8293,0.5476,0.200808,6,24,27,209.40,0.5550,0.0947,0.007711,4.346
350980,520,359,879,252,1,202,340.26,0.9995,0.6153,0.249848,42,45,3,113.73,0.9105,0.1823,0.023756,4.065
350995,520,388,908,234,56,164,348.63,0.8850,0.5861,0.230039,8,37,62,248.36,0.7331,0.1544,0.017225,4.166
351020,520,378,898,239,13,213,334.60,0.9923,0.5999,0.234455,57,8,74,315.18,0.8381,0.1607,0.015380,4.351
351029,520,406,926,231,42,181,341.89,0.9272,0.5787,0.219837,57,14,12,26.36,0.7528,0.1345,0.012106,4.345
351046,520,392,912,239,79,68,27.88,0.9096,0.5911,0.243631,59,21,28,10.93,0.5670,0.1536,0.015501,4.483
351049,520,469,989,230,6,7,28.98,0.9969,0.5154,0.169717,5,5,0,109.77,1.0000,0.0352,0.001408,4.274
351054,520,182,702,252,156,255,325.90,1.0000,0.7940,0.516944,70,85,10,121.11,0.9216,0.3327,0.078210,4.422
351068,520,453,973,213,34,162,343.35,0.9027,0.5303,0.179011,9,2,56,276.11,0.9757,0.0727,0.003870,4.251
351071,520,398,918,242,12,176,345.38,0.9891,0.5846,0.222779,51,10,59,320.56,0.7678,0.1403,0.012367,4.374
351083,520,395,915,221,84,150,353.55,0.7451,0.5874,0.239171,30,33,41,269.03,0.1570,0.1448,0.015238,4.433
351092,520,307,827,250,120,40,47.24,0.9576,0.6680,0.339133,7,65,10,143.40,0.9864,0.2282,0.038475,4.398
351107,520,444,964,210,79,79,23.49,0.7648,0.5397,0.198603,5,23,8,148.11,0.8357,0.0849,0.006626,4.390
351117,520,301,821,238,102,212,335.60,0.8846,0.6676,0.324358,26,64,19,140.68,0.9178,0.2329,0.039333,4.191
351121,520,337,857,246,75,192,343.15,0.9291,0.6383,0.284337,53,46,9,98.29,0.7717,0.1989,0.027306,4.325
351134,520,182,702,193,192,216,287.55,0.2685,0.7861,0.539945,34,93,14,139.43,0.9774,0.3339,0.082002,4.469
351138,520,371,891,248,35,190,342.97,0.9683,0.6109,0.248794,72,11,48,348.48,0.7686,0.1738,0.018307,4.374
351145,520,440,960,215,11,205,330.92,0.9867,0.5507,0.190964,16,21,14,136.81,0.2417,0.0884,0.006782,4.244
351157,520,335,855,203,119,206,325.83,0.6619,0.6406,0.303477,47,49,32,113.58,0.2957,0.2046,0.029053,4.471
351186,520,479,999,155,52,246,302.53,0.9515,0.5099,0.160788,0,1,0,142.50,1.0000,0.0135,0.000217,4.198
351194,520,362,882,235,46,215,333.23,0.9532,0.6076,0.245251,60,22,65,322.87,0.6485,0.1759,0.019162,4.269
351200,520,447,967,180,45,241,311.86,0.9420,0.5355,0.179320,29,10,16,1.08,0.4580,0.0796,0.005157,4.158
351202,520,396,916,214,80,174,341.31,0.7641,0.5811,0.230915,57,18,0,45.19,1.0000,0.1388,0.013026,4.457
351227,520,430,950,224,66,81,19.92,0.8530,0.5497,0.203405,4,23,47,254.68,0.7658,0.1029,0.008438,4.336
351228,520,395,915,255,35,113,8.45,1.0000,0.5940,0.236580,11,38,30,171.00,0.6512,0.1414,0.015511,4.375
351242,520,474,994,175,60,220,314.48,0.8650,0.5244,0.175140,9,0,2,1.93,1.0000,0.0253,0.000625,4.447
351253,520,467,987,205,68,83,18.06,0.7775,0.5166,0.177400,11,4,2,45.96,0.4587,0.0395,0.001624,4.405
351259,520,451,971,199,49,209,325.27,0.8947,0.5443,0.189438,19,12,21,318.62,0.2934,0.0724,0.004555,4.389
351265,520,456,976,135,81,253,291.78,0.9806,0.5269,0.181275,14,0,42,291.49,1.0000,0.0582,0.002605,4.396
351268,520,467,987,189,54,194,326.45,0.8379,0.5218,0.173536,11,0,24,304.96,1.0000,0.0398,0.001371,4.351
351275,520,455,975,205,35,186,333.64,0.9100,0.5299,0.177283,26,2,25,329.63,0.7815,0.0644,0.003332,4.262
351280,520,422,942,199,64,211,324.40,0.8568,0.5595,0.205136,43,5,45,325.89,0.7868,0.1101,0.008117,4.390
351288,520,456,976,220,16,156,346.65,0.9656,0.5330,0.179890,5,15,7,150.66,0.5422,0.0623,0.003892,4.266
351289,520,423,943,137,106,240,290.29,0.8335,0.5600,0.219176,0,31,25,177.51,1.0000,0.1118,0.010501,4.449
351293,520,365,885,223,108,60,42.00,0.8094,0.6050,0.267417,23,46,19,140.77,0.7275,0.1712,0.021831,4.419
351300,520,467,987,171,77,198,318.05,0.7460,0.5235,0.180438,18,1,2,18.96,0.8389,0.0404,0.001547,4.470
351305,520,394,914,236,80,57,31.22,0.9022,0.5852,0.238686,17,31,63,264.43,0.6179,0.1431,0.014580,4.470
351310,520,418,938,206,38,231,321.82,0.9560,0.5642,0.202793,43,19,28,357.09,0.4354,0.1224,0.010632,4.169
351325,520,457,977,208,77,17,40.25,0.9533,0.5257,0.187603,11,5,38,285.13,0.8011,0.0619,0.003196,4.467
351334,520,424,944,241,39,66,21.56,0.9597,0.5574,0.205485,12,28,22,167.90,0.4429,0.1080,0.009666,4.282
351339,520,385,905,212,48,249,319.06,0.9730,0.5937,0.229523,32,31,59,283.71,0.4424,0.1523,0.016028,4.233
351360,520,343,863,235,108,83,32.75,0.8281,0.6282,0.290145,0,55,9,145.18,1.0000,0.1907,0.027520,4.388
351380,520,436,956,230,49,102,9.93,0.8946,0.5501,0.199818,16,23,6,127.24,0.6083,0.0921,0.007361,4.355
351402,520,353,873,246,55,183,345.14,0.9354,0.6161,0.257472,14,46,51,209.27,0.6208,0.1774,0.022863,4.220
351415,520,394,914,233,17,215,332.71,0.9881,0.5912,0.226335,44,19,56,313.45,0.6194,0.1397,0.012868,4.395
351458,520,407,927,212,8,243,320.96,0.9955,0.5724,0.206437,19,10,90,274.70,0.9572,0.1330,0.010937,4.208
351459,520,311,831,242,89,216,335.11,0.9227,0.6594,0.309825,18,51,93,255.94,0.7299,0.2214,0.032864,4.342
351469,520,380,900,253,4,156,353.52,0.9970,0.5954,0.233734,58,1,82,311.94,0.9759,0.1631,0.015305,4.345
351479,520,209,729,250,168,58,69.45,0.9341,0.7607,0.486372,29,86,43,148.67,0.8934,0.3124,0.070909,4.436
351497,520,425,945,126,107,245,285.26,0.8812,0.5552,0.215432,26,24,12,99.92,0.3555,0.1058,0.008994,4.499
351513,520,451,971,229,40,99,9.89,0.9191,0.5406,0.190793,11,4,46,281.65,0.8961,0.0673,0.003552,4.496
351523,520,464,984,214,58,52,27.29,0.8947,0.5165,0.175727,8,2,38,282.73,0.9219,0.0532,0.002350,4.312
351534,520,241,761,255,136,186,354.74,1.0000,0.7340,0.424162,4,75,73,191.68,0.9556,0.2787,0.055387,4.499
351553,520,458,978,212,30,170,340.39,0.9207,0.5306,0.178301,16,6,33,297.30,0.6907,0.0647,0.003502,4.267
351568,520,210,730,204,176,220,313.20,0.4616,0.7623,0.490558,12,87,42,151.14,0.9721,0.3104,0.070614,4.482
351572,520,278,798,226,115,245,321.60,0.9326,0.6870,0.350245,4,62,95,241.36,0.9117,0.2505,0.042971,4.305
351580,520,403,923,211,60,213,327.44,0.8896,0.5764,0.218866,35,4,80,292.49,0.9428,0.1297,0.010233,4.464
351606,520,369,889,217,71,239,322.12,0.9280,0.6139,0.254920,21,44,31,157.74,0.5154,0.1665,0.020597,4.319
351615,520,447,967,222,66,22,35.10,0.9617,0.5384,0.194866,10,21,0,129.77,1.0000,0.0805,0.006008,4.372
351616,520,367,887,250,46,178,347.22,0.9621,0.6148,0.254956,27,43,28,146.05,0.4125,0.1666,0.020446,4.329
351622,520,437,957,227,24,162,346.49,0.9551,0.5523,0.195955,9,23,7,140.95,0.7107,0.0873,0.006862,4.325
351634,520,302,822,254,71,234,332.91,0.9955,0.6704,0.315209,101,0,63,350.83,1.0000,0.2345,0.031261,4.494
351641,520,441,961,193,89,126,359.70,0.6034,0.5389,0.199902,31,10,31,327.35,0.5706,0.0893,0.006074,4.457
351644,520,447,967,184,31,244,312.85,0.9693,0.5354,0.177031,19,17,23,300.39,0.1630,0.0843,0.006012,4.053
351646,520,450,970,195,80,154,343.85,0.6816,0.5401,0.196741,3,19,16,180.69,0.6854,0.0742,0.005225,4.468
351652,520,299,819,255,59,246,330.20,1.0000,0.6697,0.310448,62,29,113,296.04,0.7813,0.2302,0.030951,4.453
351655,520,391,911,240,9,194,339.82,0.9930,0.5898,0.226187,27,30,63,277.07,0.5288,0.1481,0.015204,4.236
351690,520,6,526,254,251,244,87.47,0.7307,0.9866,0.965970,4,134,79,156.25,0.9947,0.4734,0.176397,4.488
351717,520,387,907,231,81,131,3.50,0.7944,0.5940,0.245152,11,38,55,239.69,0.6444,0.1538,0.017331,4.384
351722,520,389,909,253,4,137,359.39,0.9969,0.5880,0.227793,46,27,32,2.43,0.3045,0.1455,0.014691,4.294
351730,520,421,941,245,31,53,24.19,0.9775,0.5594,0.206530,56,0,3,25.24,1.0000,0.1123,0.008475,4.387
351731,520,406,926,230,28,197,336.80,0.9659,0.5784,0.216873,50,16,31,355.01,0.5754,0.1301,0.011477,4.341
351733,520,432,952,237,32,91,13.01,0.9556,0.5501,0.197961,38,6,35,331.79,0.7212,0.0965,0.006637,4.378
351734,520,418,938,216,86,42,38.19,0.8764,0.5553,0.214240,40,22,9,55.37,0.5442,0.1187,0.010447,4.371
351741,520,420,940,226,35,165,345.57,0.9257,0.5570,0.200901,43,13,8,31.61,0.6693,0.1057,0.008191,4.312
351742,520,444,964,177,66,222,314.29,0.8544,0.5355,0.185185,35,0,36,327.20,1.0000,0.0824,0.004848,4.288
351744,520,443,963,197,66,178,334.14,0.7805,0.5379,0.189828,19,16,25,299.80,0.2404,0.0829,0.005792,4.299
351745,520,460,980,178,35,250,309.70,0.9758,0.5337,0.175701,3,12,26,254.73,0.6321,0.0611,0.003569,4.213
351780,520,457,977,230,39,65,21.12,0.9475,0.5346,0.186587,16,1,42,293.89,0.9480,0.0623,0.002990,4.465
351787,520,428,948,251,6,13,28.67,0.9979,0.5611,0.206723,14,17,51,274.83,0.6888,0.0981,0.007333,4.478
351790,520,422,942,248,19,65,20.79,0.9881,0.5626,0.208075,45,13,22,5.21,0.5885,0.1129,0.009037,4.371
351800,520,440,960,223,50,147,351.75,0.8633,0.5532,0.200783,8,12,57,271.14,0.8882,0.0901,0.006099,4.470
351808,520,348,868,230,104,137,5.89,0.7309,0.6267,0.285322,37,45,50,235.44,0.1401,0.1895,0.025003,4.471
351810,520,443,963,223,61,49,28.80,0.9091,0.5371,0.192499,3,19,24,219.00,0.6644,0.0775,0.005510,4.369
351814,520,332,852,172,123,254,298.60,0.9742,0.6387,0.300926,6,53,66,221.56,0.8528,0.2048,0.029781,4.399
351817,520,469,989,213,26,141,350.36,0.9219,0.5159,0.168104,16,3,0,48.38,1.0000,0.0421,0.001753,4.214
351818,520,442,962,223,67,21,35.40,0.9642,0.5414,0.197591,26,7,42,305.69,0.7341,0.0849,0.005388,4.470
351824,520,407,927,247,21,117,5.23,0.9785,0.5731,0.215983,57,15,0,41.68,1.0000,0.1339,0.012116,4.282
351858,520,385,905,239,35,173,346.02,0.9508,0.5855,0.225729,26,40,21,137.76,0.4900,0.1546,0.017913,4.060
351916,520,475,995,225,4,91,9.98,0.9937,0.5155,0.168526,1,1,24,269.86,0.9694,0.0315,0.000941,4.290
351917,520,425,945,242,29,98,11.14,0.9647,0.5607,0.206411,24,25,8,111.71,0.5221,0.1055,0.009070,4.341
351921,520,337,857,238,104,136,7.69,0.7888,0.6395,0.298581,37,53,0,125.93,1.0000,0.2020,0.029395,4.390
351935,520,448,968,201,75,154,345.24,0.7207,0.5433,0.197846,22,10,40,298.82,0.6505,0.0835,0.005409,4.473
351944,520,459,979,231,4,86,12.49,0.9950,0.5270,0.177507,16,10,12,356.62,0.1783,0.0617,0.003538,4.249
351949,520,257,777,250,109,240,330.38,0.9771,0.7100,0.375551,20,74,43,154.24,0.8888,0.2689,0.052205,4.164
351950,520,384,904,236,57,168,347.79,0.8906,0.5924,0.235891,68,6,10,23.80,0.9194,0.1478,0.013813,4.480
351990,520,442,962,185,74,200,322.75,0.7791,0.5418,0.193832,10,19,24,233.28,0.2981,0.0822,0.005962,4.357
351999,520,450,970,208,2,211,327.59,0.9975,0.5404,0.181584,3,17,8,156.35,0.7556,0.0663,0.004378,4.259
352011,520,360,880,233,62,216,332.51,0.9256,0.6168,0.257293,12,38,92,262.52,0.8569,0.1839,0.022370,4.246
352025,520,272,792,182,157,215,304.06,0.4886,0.6958,0.389656,21,74,6,140.12,0.9870,0.2635,0.050700,4.366
352041,520,454,974,196,12,218,322.58,0.9850,0.5268,0.170623,11,17,14,163.27,0.1986,0.0739,0.005037,4.009
352058,520,476,996,202,20,169,337.97,0.9406,0.5067,0.159234,5,1,0,51.16,1.0000,0.0224,0.000540,4.140
352063,520,430,950,218,49,169,342.73,0.8691,0.5535,0.199690,12,25,17,156.34,0.4195,0.0975,0.008139,4.295
352074,520,440,960,238,38,47,25.87,0.9663,0.5480,0.197719,24,1,60,292.29,0.9736,0.0897,0.005421,4.470
352084,520,457,977,212,46,143,350.36,0.8469,0.5275,0.179365,21,2,27,318.16,0.7923,0.0584,0.002820,4.342
352103,520,389,909,183,99,227,312.48,0.7917,0.5927,0.245379,26,36,42,234.77,0.2130,0.1501,0.016485,4.443
352111,520,273,793,253,107,209,340.96,0.9808,0.6962,0.360044,1,50,139,261.43,0.9939,0.2579,0.041514,4.481
352116,520,324,844,219,97,238,322.07,0.9035,0.6470,0.297842,64,46,3,83.86,0.9175,0.2132,0.030507,4.321
352133,520,416,936,251,16,78,17.49,0.9900,0.5702,0.214336,48,13,35,344.84,0.6265,0.1237,0.010377,4.378
352157,520,422,942,237,44,109,7.89,0.9209,0.5622,0.209131,16,18,56,275.80,0.7112,0.1060,0.008283,4.446
352159,520,460,980,222,24,132,355.54,0.9427,0.5290,0.178514,17,8,14,339.56,0.3121,0.0594,0.003246,4.292
352160,520,427,947,191,79,201,324.34,0.7728,0.5582,0.208867,8,27,22,174.20,0.5560,0.1027,0.008934,4.393
352176,520,450,970,226,61,3,35.39,0.9957,0.5400,0.195156,0,19,4,149.90,1.0000,0.0686,0.004745,4.478
352179,520,440,960,220,75,9,38.96,0.9826,0.5451,0.202701,20,15,40,290.12,0.5381,0.0906,0.006436,4.478
352186,520,473,993,157,61,246,302.56,0.9444,0.5217,0.171599,3,5,2,133.60,0.4000,0.0338,0.001323,4.318
352194,520,408,928,221,67,155,349.57,0.8074,0.5690,0.217554,21,7,88,276.95,0.9627,0.1285,0.010159,4.447
352198,520,416,936,240,60,38,30.73,0.9520,0.5686,0.219002,31,22,36,313.15,0.3127,0.1156,0.009925,4.489
352200,520,475,995,138,79,242,294.84,0.9016,0.5175,0.174061,2,0,25,275.68,1.0000,0.0306,0.000831,4.408
352215,520,466,986,197,20,199,327.74,0.9600,0.5170,0.164959,0,4,35,263.27,1.0006,0.0476,0.002082,4.127
352221,520,448,968,243,3,37,25.74,0.9985,0.5447,0.192569,40,0,16,0.14,1.0000,0.0813,0.004886,4.419
352227,520,445,965,210,22,193,332.90,0.9592,0.5371,0.181278,7,19,29,244.61,0.4714,0.0827,0.005996,4.130
352228,520,386,906,163,112,220,304.01,0.6981,0.5856,0.245425,42,33,31,32.64,0.1444,0.1542,0.016789,4.423
352235,520,418,938,212,33,219,326.44,0.9579,0.5629,0.202012,18,31,12,136.47,0.6006,0.1185,0.011351,4.108
352236,520,469,989,197,45,175,334.89,0.8480,0.5157,0.168440,5,3,22,284.57,0.7312,0.0400,0.001553,4.237
352288,520,317,837,254,70,212,338.84,0.9934,0.6573,0.302078,23,61,29,146.95,0.8425,0.2231,0.036082,4.090
352292,520,411,931,249,34,49,25.42,0.9775,0.5688,0.215092,13,34,10,141.26,0.8435,0.1242,0.012515,4.240
352297,520,365,885,245,87,62,31.58,0.9367,0.6115,0.265799,20,41,58,244.62,0.4854,0.1691,0.020400,4.486
352311,520,288,808,242,102,233,330.18,0.9380,0.6849,0.342656,15,63,70,209.05,0.7486,0.2412,0.040986,4.316
352313,520,291,811,235,119,189,344.83,0.7786,0.6778,0.345322,52,60,7,118.18,0.8859,0.2387,0.039771,4.404
352324,520,452,972,217,10,167,342.34,0.9792,0.5313,0.177612,6,17,5,141.66,0.6794,0.0678,0.004506,4.176
352342,520,388,908,249,67,41,31.33,0.9715,0.5935,0.243176,66,12,30,5.15,0.7472,0.1549,0.015151,4.500
352350,520,440,960,243,23,58,22.39,0.9836,0.5524,0.199764,36,5,29,337.85,0.7180,0.0881,0.005724,4.482
352353,520,316,836,252,89,194,344.70,0.9693,0.6648,0.317383,50,51,58,279.22,0.0960,0.2229,0.033512,4.399
352364,520,259,779,223,147,196,341.08,0.6095,0.7142,0.405425,50,71,2,126.58,0.9827,0.2708,0.051889,4.470
352376,520,460,980,212,67,71,23.16,0.8296,0.5260,0.184686,22,8,3,47.16,0.5754,0.0622,0.003508,4.386
352379,520,450,970,193,15,235,317.68,0.9867,0.5360,0.176787,1,16,31,246.14,0.8375,0.0721,0.004759,4.142
352380,520,426,946,189,76,219,318.52,0.8298,0.5631,0.211034,54,0,20,4.80,1.0000,0.1119,0.008349,4.474
352393,520,300,820,217,132,165,355.49,0.5581,0.6655,0.339725,34,59,59,195.76,0.3493,0.2329,0.037837,4.437
352402,520,453,973,217,57,104,8.29,0.8301,0.5324,0.186799,5,16,30,253.52,0.5671,0.0744,0.004966,4.308
352437,520,430,950,215,77,74,25.02,0.8031,0.5451,0.202516,34,15,13,26.82,0.4299,0.0955,0.007108,4.422
352442,520,438,958,245,12,12,28.91,0.9952,0.5494,0.197055,33,11,30,332.66,0.5486,0.0934,0.006565,4.368
352473,520,441,961,210,75,93,16.02,0.7536,0.5374,0.195263,26,18,21,354.11,0.1811,0.0936,0.007064,4.298
352486,520,470,990,183,32,227,316.39,0.9523,0.5201,0.166476,5,3,15,291.33,0.5839,0.0359,0.001319,4.218
352487,520,426,946,229,68,72,23.77,0.8769,0.5598,0.212630,16,26,27,203.84,0.2317,0.1068,0.009281,4.430
352490,520,440,960,171,88,210,313.57,0.7407,0.5480,0.202913,4,17,50,263.32,0.8503,0.0908,0.006570,4.471
352510,520,411,931,222,41,197,334.92,0.9299,0.5707,0.211490,29,12,69,289.46,0.8213,0.1205,0.009538,4.392
352514,520,428,948,245,16,82,15.78,0.9874,0.5584,0.203957,1,5,78,264.98,0.9894,0.0999,0.006650,4.483
352541,520,440,960,162,72,254,301.76,0.9910,0.5479,0.194723,17,19,19,196.88,0.0462,0.0857,0.006319,4.345
352545,520,442,962,230,29,106,6.65,0.9464,0.5383,0.187453,2,7,55,266.34,0.9616,0.0754,0.004407,4.364
352572,520,448,968,228,36,121,1.36,0.9189,0.5429,0.191390,38,0,10,8.00,1.0000,0.0755,0.004341,4.442
352583,520,359,879,237,35,239,327.79,0.9811,0.6205,0.254412,83,0,20,16.74,1.0000,0.1780,0.018898,4.418
352586,520,394,914,238,56,147,355.47,0.8880,0.5863,0.231151,45,25,35,348.71,0.3466,0.1408,0.013746,4.411
352626,520,436,956,243,13,40,25.58,0.9934,0.5471,0.194992,16,4,63,280.52,0.9460,0.0896,0.005559,4.410
352656,520,440,960,194,71,195,327.46,0.7909,0.5490,0.199174,6,23,14,159.15,0.6372,0.0871,0.006832,4.384
352668,520,427,947,216,29,207,330.61,0.9588,0.5598,0.199848,7,20,49,263.38,0.7301,0.0987,0.007672,4.332
352678,520,390,910,227,45,217,330.73,0.9480,0.5943,0.232198,40,22,65,300.03,0.6371,0.1465,0.014066,4.405
352679,520,466,986,160,82,198,313.16,0.7152,0.5153,0.175861,6,1,35,281.38,0.9579,0.0463,0.001818,4.359
352701,520,465,985,229,28,31,27.66,0.9781,0.5219,0.175905,1,13,6,160.46,0.8986,0.0535,0.003074,4.256
352723,520,425,945,221,46,172,342.40,0.8882,0.5583,0.203071,9,32,1,137.41,0.9865,0.1140,0.010933,4.153
352724,520,401,921,222,51,195,335.59,0.9027,0.5765,0.218397,28,31,41,271.82,0.1977,0.1375,0.013869,4.202
352729,520,402,922,189,75,241,313.07,0.9115,0.5778,0.222029,60,10,2,33.87,0.9426,0.1336,0.011823,4.400
352731,520,339,859,255,90,101,20.30,1.0000,0.6401,0.295154,6,50,69,232.43,0.8353,0.1972,0.027495,4.454
352740,520,288,808,221,145,82,58.76,0.6985,0.6761,0.362340,23,65,56,176.84,0.6548,0.2445,0.042481,4.459
352750,520,479,999,190,25,202,324.91,0.9456,0.5089,0.159082,0,0,6,264.05,1.0000,0.0126,0.000131,4.171
352754,520,397,917,208,92,150,351.39,0.6633,0.5773,0.232681,44,19,60,309.98,0.6476,0.1426,0.013275,4.467
352758,520,460,980,193,12,224,320.29,0.9865,0.5263,0.169837,17,6,19,321.55,0.4907,0.0574,0.002964,4.151
352776,520,460,980,192,36,212,322.67,0.9288,0.5255,0.172232,18,6,19,324.42,0.4979,0.0585,0.003059,4.188
352783,520,406,926,217,91,103,17.05,0.7104,0.5752,0.232154,12,36,28,169.10,0.5949,0.1348,0.014237,4.392
352788,520,478,998,149,80,220,303.18,0.7965,0.5139,0.172946,6,0,3,344.76,1.0000,0.0216,0.000453,4.419
352840,520,475,995,171,44,237,310.02,0.9357,0.5178,0.165746,14,1,1,25.24,0.8368,0.0344,0.001173,4.216
352846,520,297,817,255,67,245,330.42,1.0000,0.6752,0.318699,85,40,42,18.49,0.4945,0.2402,0.036163,4.279
352847,520,444,964,215,70,97,13.51,0.7856,0.5412,0.196928,17,15,36,285.82,0.4864,0.0850,0.005882,4.419
352876,520,367,887,241,46,192,341.04,0.9434,0.6053,0.244635,32,41,49,245.42,0.1969,0.1730,0.021147,4.141
352882,520,341,861,190,108,245,309.64,0.8874,0.6282,0.282657,15,53,57,204.93,0.6693,0.2029,0.029430,4.188
352895,520,422,942,196,88,163,340.79,0.6602,0.5578,0.213611,40,15,29,347.11,0.5011,0.1106,0.008815,4.482
352906,520,327,847,242,87,201,339.78,0.9043,0.6493,0.299134,21,54,68,228.60,0.5778,0.2145,0.032150,4.250
352920,520,441,961,152,99,207,304.62,0.6750,0.5399,0.201044,10,22,29,235.21,0.3831,0.0926,0.007270,4.383
352935,520,330,850,202,106,239,315.66,0.8676,0.6368,0.290978,64,43,6,76.81,0.8302,0.2058,0.028310,4.354
352953,520,369,889,255,4,184,345.76,1.0000,0.6121,0.248111,29,25,99,276.82,0.8582,0.1736,0.018572,4.347
352962,520,447,967,205,18,206,328.04,0.9728,0.5354,0.178699,19,4,48,291.96,0.8649,0.0767,0.004387,4.205
352974,520,360,880,246,86,97,20.22,0.9154,0.6180,0.271147,31,44,53,238.92,0.2544,0.1828,0.023497,4.370
352977,520,463,983,235,12,34,26.31,0.9932,0.5291,0.180438,17,2,14,334.71,0.6905,0.0461,0.001943,4.436
352985,520,462,982,216,63,46,30.08,0.8995,0.5252,0.183537,6,9,14,256.95,0.2355,0.0512,0.002658,4.435
352999,520,412,932,228,67,116,6.79,0.8265,0.5673,0.217720,2,22,70,262.27,0.9543,0.1200,0.010289,4.441
353013,520,437,957,248,0,6,28.88,1.0000,0.5531,0.199733,3,26,2,141.95,0.9753,0.0915,0.007625,4.334
353016,520,424,944,225,61,118,4.54,0.8339,0.5560,0.206557,44,14,22,5.60,0.5563,0.1128,0.009076,4.343
353030,520,266,786,214,139,238,317.65,0.8204,0.7075,0.389356,11,70,68,191.44,0.8619,0.2617,0.048686,4.452
353032,520,443,963,209,83,0,43.81,1.0000,0.5358,0.197440,33,7,13,8.23,0.6135,0.0798,0.005044,4.495
353040,520,399,919,254,14,104,10.13,0.9931,0.5818,0.223881,55,19,28,6.76,0.5637,0.1429,0.013619,4.305
353045,520,416,936,244,10,134,358.83,0.9895,0.5698,0.211747,38,5,69,301.11,0.8924,0.1230,0.009503,4.399
353094,520,450,970,215,51,144,351.05,0.8374,0.5377,0.188307,31,2,29,330.90,0.8017,0.0746,0.004235,4.394
353102,520,462,982,229,22,97,9.23,0.9644,0.5306,0.180978,15,6,7,10.92,0.3182,0.0505,0.002472,4.402
353103,520,344,864,241,28,245,327.38,0.9890,0.6285,0.261265,24,1,137,271.27,0.9988,0.1937,0.020219,4.433
353106,520,259,779,252,106,236,332.08,0.9849,0.7069,0.370623,13,72,67,186.45,0.8522,0.2683,0.051253,4.154
353125,520,433,953,226,45,133,357.21,0.8848,0.5494,0.197417,44,7,11,18.14,0.7504,0.0990,0.007117,4.332
353132,520,11,531,244,254,248,159.93,0.7474,0.9859,0.968937,31,134,62,148.70,0.9612,0.4741,0.176886,4.491
353134,520,444,964,206,83,72,27.87,0.7527,0.5370,0.197783,10,19,27,246.14,0.3425,0.0836,0.006094,4.417
353136,520,395,915,249,20,142,357.42,0.9806,0.5854,0.225965,49,25,29,9.53,0.3818,0.1446,0.014370,4.287
353137,520,413,933,205,78,182,335.48,0.7612,0.5679,0.218071,15,32,26,169.40,0.4216,0.1234,0.012091,4.317
353139,520,376,896,212,57,248,319.04,0.9667,0.5997,0.237023,50,13,75,307.51,0.7989,0.1556,0.014740,4.433
353155,520,170,690,252,170,219,343.25,0.9462,0.8041,0.545614,5,98,10,143.04,0.9961,0.3429,0.087892,4.319
353156,520,327,847,248,67,215,336.53,0.9608,0.6460,0.288800,94,14,14,26.64,0.9171,0.2139,0.027259,4.385
353162,520,378,898,236,18,214,333.66,0.9879,0.5962,0.231233,24,43,29,151.70,0.4529,0.1647,0.020106,4.012
353200,520,343,863,249,11,239,330.58,0.9969,0.6339,0.266141,76,23,37,7.38,0.6516,0.1921,0.022831,4.341
353204,520,332,852,216,107,206,330.88,0.7492,0.6389,0.295723,58,43,37,42.85,0.2210,0.2031,0.027609,4.455
353210,520,440,960,189,51,233,316.15,0.9227,0.5475,0.190709,11,22,10,142.40,0.5073,0.0864,0.006669,4.248
353216,520,421,941,205,52,216,325.06,0.9062,0.5615,0.203947,20,25,25,196.58,0.1048,0.1065,0.009142,4.294
353225,520,437,957,223,48,148,351.26,0.8701,0.5520,0.199426,35,13,10,29.12,0.5213,0.0926,0.006671,4.401
353231,520,431,951,232,49,61,23.67,0.9344,0.5454,0.196924,15,24,19,160.08,0.2623,0.0974,0.008018,4.256
353236,520,450,970,196,29,224,320.91,0.9606,0.5375,0.179979,28,9,6,31.95,0.5451,0.0735,0.004554,4.216
353247,520,468,988,231,5,61,20.00,0.9956,0.5222,0.174375,4,7,2,130.93,0.5234,0.0403,0.001822,4.330
353251,520,437,957,233,57,37,30.48,0.9474,0.5517,0.203865,36,13,0,54.39,1.0000,0.0919,0.006630,4.483
353259,520,396,916,214,34,232,323.76,0.9675,0.5761,0.212683,5,35,54,240.88,0.7742,0.1418,0.015006,4.041
353288,520,415,935,230,7,199,336.17,0.9933,0.5736,0.211011,21,18,64,279.82,0.7488,0.1174,0.009622,4.378
353289,520,440,960,184,47,255,309.98,1.0000,0.5549,0.194444,25,17,28,316.64,0.2959,0.0931,0.006914,4.295
353294,520,467,987,233,3,46,23.66,0.9979,0.5240,0.175892,12,1,21,310.10,0.8325,0.0414,0.001540,4.383
353299,520,465,985,214,2,167,341.54,0.9953,0.5237,0.171319,5,6,20,276.77,0.5291,0.0462,0.002130,4.246
353317,520,204,724,234,170,170,18.87,0.5742,0.7651,0.491458,43,85,18,136.34,0.9426,0.3124,0.070541,4.492
353318,520,366,886,230,54,217,331.47,0.9361,0.6058,0.244735,73,8,41,355.56,0.8026,0.1698,0.017505,4.366
353339,520,319,839,240,98,178,348.36,0.8414,0.6494,0.304777,64,37,77,313.90,0.5153,0.2173,0.029490,4.463
353348,520,332,852,231,71,241,325.42,0.9460,0.6373,0.278485,30,40,97,271.56,0.7097,0.2033,0.026566,4.290
353349,520,368,888,253,42,154,355.19,0.9820,0.6077,0.248752,6,36,90,260.99,0.9130,0.1749,0.020385,4.245
353357,520,306,826,250,91,211,338.78,0.9630,0.6720,0.325122,27,59,67,216.10,0.4922,0.2324,0.037661,4.279
353358,520,430,950,197,39,231,319.31,0.9490,0.5500,0.190924,23,24,5,111.72,0.6455,0.1011,0.008464,4.121
353364,520,419,939,160,95,227,303.93,0.7854,0.5568,0.212045,50,6,8,22.97,0.8485,0.1088,0.008260,4.498
353374,520,421,941,190,40,255,311.96,1.0000,0.5591,0.196859,22,1,78,281.71,0.9904,0.1090,0.007423,4.299
353383,520,399,919,243,43,140,357.97,0.9311,0.5836,0.226791,9,23,80,266.82,0.9055,0.1361,0.012500,4.429
353406,520,397,917,210,97,133,2.06,0.6374,0.5819,0.239464,24,34,40,234.84,0.2231,0.1417,0.014914,4.459
353412,520,392,912,216,89,158,349.39,0.7145,0.5892,0.242144,0,40,49,216.75,1.0000,0.1519,0.017392,4.335
353420,520,98,618,234,219,176,91.10,0.5235,0.8753,0.712907,43,111,53,146.37,0.8911,0.4022,0.121391,4.451
353422,520,385,905,243,34,172,347.18,0.9576,0.5921,0.231804,59,22,1,48.14,0.9346,0.1498,0.015060,4.331
353441,520,400,920,231,78,82,22.86,0.8499,0.5774,0.230497,59,3,52,334.21,0.8523,0.1421,0.012430,4.493
353450,520,472,992,223,36,92,11.16,0.9228,0.5240,0.177252,3,0,20,285.05,1.0000,0.0279,0.000699,4.482
353455,520,459,979,225,0,127,357.28,1.0000,0.5264,0.175426,14,12,7,89.86,0.2207,0.0624,0.003717,4.197
353457,520,398,918,253,34,77,18.99,0.9884,0.5812,0.225662,51,9,61,319.04,0.7866,0.1407,0.012362,4.420
353468,520,440,960,241,34,60,22.62,0.9692,0.5536,0.201744,2,18,53,261.06,0.9170,0.0945,0.007025,4.415
353469,520,470,990,229,26,31,27.50,0.9803,0.5210,0.174987,6,5,2,95.85,0.3602,0.0371,0.001516,4.367
353478,520,422,942,237,17,143,354.68,0.9764,0.5610,0.203917,35,20,26,353.94,0.2989,0.1117,0.009323,4.280
353491,520,446,966,190,35,233,316.95,0.9552,0.5379,0.180337,39,4,4,25.64,0.8627,0.0830,0.005270,4.167
353497,520,468,988,175,75,187,323.26,0.7292,0.5195,0.177350,7,4,3,44.41,0.2219,0.0358,0.001386,4.424
353502,520,412,932,250,15,96,12.11,0.9887,0.5717,0.215138,28,11,73,287.00,0.8577,0.1222,0.009672,4.443
353516,520,409,929,207,31,244,319.20,0.9759,0.5721,0.207787,33,24,47,301.02,0.4222,0.1289,0.011818,4.170
353519,520,381,901,254,63,62,26.32,0.9942,0.6016,0.249773,40,38,13,104.66,0.5837,0.1609,0.018664,4.366
353528,520,400,920,217,66,186,337.32,0.8364,0.5762,0.221955,41,3,79,298.82,0.9475,0.1355,0.011011,4.457
353530,520,475,995,186,45,204,322.83,0.8842,0.5159,0.166769,6,1,16,301.22,0.8035,0.0319,0.000978,4.252
353532,520,376,896,173,105,247,303.27,0.8946,0.6036,0.257033,13,44,9,141.43,0.9413,0.1572,0.019066,4.446
353539,520,472,992,207,59,122,358.97,0.7859,0.5215,0.178006,3,1,12,291.94,0.7695,0.0259,0.000676,4.499
353544,520,465,985,228,21,83,13.78,0.9703,0.5246,0.176578,12,3,25,301.31,0.7338,0.0488,0.002135,4.346
353555,520,384,904,204,67,238,318.78,0.9174,0.5891,0.230262,37,33,37,325.85,0.0920,0.1505,0.016146,4.237
353557,520,359,879,245,13,223,333.46,0.9945,0.6169,0.250310,62,30,40,0.93,0.4346,0.1802,0.021060,4.226
353558,520,368,888,248,0,206,338.36,1.0000,0.6099,0.244159,30,40,45,229.77,0.1863,0.1665,0.019830,4.212
353613,520,455,975,193,31,217,321.77,0.9481,0.5281,0.173287,20,8,8,19.91,0.3582,0.0611,0.003399,4.181
353619,520,319,839,221,124,131,16.09,0.6123,0.6451,0.314282,27,59,25,142.61,0.8097,0.2177,0.034310,4.321
353626,520,480,1000,173,72,186,322.97,0.7370,0.5117,0.170652,0,0,0,0.00,0.0000,0.0000,0.000000,4.413
353627,520,420,940,193,41,246,314.70,0.9591,0.5568,0.195785,8,0,84,269.61,1.0000,0.1053,0.006917,4.318
353637,520,467,987,221,23,128,356.72,0.9444,0.5250,0.175461,2,0,40,269.84,1.0000,0.0450,0.001661,4.364
353647,520,432,952,173,78,225,311.28,0.8290,0.5469,0.197701,4,5,74,267.50,0.9844,0.0965,0.006287,4.401
353649,520,456,976,196,38,205,325.66,0.9165,0.5285,0.175314,10,13,11,156.36,0.1149,0.0624,0.003765,4.191
353658,520,477,997,207,68,54,29.29,0.8509,0.5149,0.176682,4,1,3,337.70,0.4942,0.0226,0.000541,4.485
353659,520,430,950,187,43,244,313.35,0.9517,0.5472,0.188254,41,0,46,323.38,1.0000,0.1003,0.006687,4.203
353672,520,384,904,215,32,250,319.94,0.9804,0.5902,0.223841,2,25,89,263.29,0.9723,0.1472,0.014293,4.259
353679,520,403,923,223,47,204,333.23,0.9252,0.5806,0.220830,56,14,7,32.19,0.8054,0.1316,0.011703,4.389
353694,520,401,921,173,97,226,309.09,0.7826,0.5758,0.229253,20,38,0,131.21,1.0000,0.1400,0.015349,4.273
353698,520,436,956,193,65,206,323.93,0.8338,0.5476,0.195757,3,14,60,265.35,0.9293,0.0936,0.006596,4.342
353769,520,472,992,218,38,94,9.89,0.9048,0.5157,0.171024,14,0,5,353.01,1.0000,0.0332,0.001043,4.330
353788,520,357,877,220,79,228,325.60,0.8933,0.6199,0.264110,57,26,67,317.31,0.5982,0.1792,0.020140,4.478
353810,520,411,931,240,45,118,5.27,0.9220,0.5715,0.217132,3,33,11,149.40,0.9614,0.1160,0.011312,4.357
353819,520,432,952,191,44,245,314.26,0.9535,0.5549,0.194716,6,25,22,182.08,0.5929,0.0956,0.007919,4.225
353831,520,421,941,230,0,178,342.02,1.0000,0.5602,0.200401,32,13,51,303.80,0.6835,0.1091,0.008340,4.292
353832,520,467,987,225,13,113,2.53,0.9758,0.5243,0.174905,13,3,8,345.55,0.5016,0.0414,0.001682,4.352
353848,520,396,916,255,33,68,21.38,1.0000,0.5833,0.227689,34,18,71,291.68,0.7442,0.1374,0.012276,4.459
353851,520,479,999,228,3,36,25.40,0.9979,0.5121,0.166895,2,0,3,318.71,1.0000,0.0147,0.000195,4.321
353854,520,436,956,234,9,124,0.27,0.9868,0.5457,0.191461,8,21,27,229.13,0.4234,0.0876,0.006671,4.261
353884,520,460,980,222,52,80,17.43,0.8870,0.5314,0.185674,8,7,30,281.00,0.6565,0.0573,0.002973,4.449
353923,520,444,964,191,85,142,349.14,0.6295,0.5356,0.195279,0,15,41,256.13,0.9999,0.0761,0.005017,4.458
353924,520,471,991,165,50,242,306.73,0.9356,0.5184,0.166920,5,5,14,282.52,0.4069,0.0407,0.001725,4.194
353929,520,431,951,247,7,15,28.54,0.9973,0.5527,0.199642,43,8,5,29.60,0.8014,0.0973,0.006983,4.381
353933,520,410,930,219,65,177,340.87,0.8311,0.5739,0.220172,41,16,56,310.59,0.6675,0.1303,0.011276,4.409
353942,520,453,973,219,34,139,352.81,0.9050,0.5310,0.180707,23,13,6,57.77,0.4144,0.0744,0.004832,4.208
353952,520,449,969,220,20,175,340.70,0.9623,0.5442,0.188135,8,1,54,275.91,0.9873,0.0678,0.003397,4.460
353963,520,380,900,191,83,251,310.91,0.9655,0.5979,0.242289,55,20,61,321.57,0.6487,0.1618,0.016495,4.396
353968,520,427,947,216,33,204,331.41,0.9480,0.5598,0.200484,33,14,35,323.62,0.5164,0.1012,0.007588,4.350
353972,520,389,909,223,13,244,323.44,0.9941,0.5927,0.225096,52,27,12,50.30,0.5879,0.1494,0.015406,4.206
353986,520,397,917,255,16,74,18.90,1.0000,0.5779,0.221288,2,3,107,265.00,0.9968,0.1396,0.011395,4.419
353994,520,440,960,239,28,87,14.25,0.9667,0.5514,0.198726,8,23,23,195.55,0.4359,0.0914,0.007263,4.344
354008,520,453,973,166,54,248,305.57,0.9594,0.5287,0.175233,18,5,35,300.22,0.7414,0.0664,0.003585,4.203
354012,520,417,937,253,13,43,25.39,0.9947,0.5687,0.213487,29,17,58,292.60,0.6755,0.1181,0.009676,4.415
354015,520,423,943,177,87,222,312.70,0.7964,0.5629,0.214383,41,13,39,330.27,0.6063,0.1140,0.009058,4.477
354023,520,453,973,213,27,176,338.73,0.9362,0.5344,0.180668,20,13,2,83.02,0.6950,0.0697,0.004410,4.239
354033,520,399,919,250,7,119,4.65,0.9941,0.5764,0.218114,61,14,18,19.53,0.7362,0.1437,0.013500,4.222
354034,520,479,999,224,22,18,28.87,0.9847,0.5076,0.164677,1,0,5,292.48,1.0000,0.0142,0.000174,4.279
354038,520,382,902,234,51,190,340.09,0.9198,0.5950,0.235805,50,31,41,346.78,0.3008,0.1642,0.018182,4.192
354054,520,345,865,232,67,226,329.56,0.9286,0.6256,0.266635,81,9,54,348.29,0.8060,0.1937,0.022113,4.391
354062,520,445,965,229,52,17,32.46,0.9794,0.5377,0.191574,27,12,4,51.98,0.5783,0.0771,0.005048,4.388
354073,520,464,984,157,89,188,314.19,0.6455,0.5161,0.179443,2,12,11,188.71,0.6200,0.0534,0.003000,4.329
354083,520,456,976,147,85,234,298.82,0.8436,0.5303,0.186408,20,9,1,67.40,0.7776,0.0611,0.003463,4.422
354094,520,411,931,192,83,203,323.92,0.7658,0.5663,0.217061,2,33,21,163.84,0.9444,0.1180,0.011547,4.339
354104,520,416,936,245,21,108,7.86,0.9780,0.5663,0.210349,33,22,42,308.68,0.4024,0.1214,0.010643,4.293
354118,520,353,873,227,52,247,323.31,0.9693,0.6192,0.255045,78,8,38,1.28,0.8226,0.1793,0.019336,4.400
354126,520,237,757,236,162,100,59.71,0.7327,0.7346,0.445957,7,82,20,144.85,0.9903,0.2887,0.061300,4.456
354147,520,329,849,231,109,171,350.51,0.7446,0.6484,0.308688,16,49,91,256.05,0.7488,0.2135,0.030620,4.449
354175,520,436,956,207,56,194,331.84,0.8589,0.5541,0.199907,33,12,12,21.11,0.4851,0.0881,0.006129,4.452
354182,520,431,951,233,13,146,352.78,0.9804,0.5532,0.196898,5,29,9,147.31,0.9173,0.1037,0.009307,4.163
354184,520,260,780,234,122,244,324.21,0.9343,0.7081,0.379451,60,65,35,116.59,0.4475,0.2660,0.048626,4.354
354202,520,414,934,252,11,65,20.74,0.9944,0.5689,0.213202,40,24,12,56.97,0.4699,0.1239,0.011310,4.293
354217,520,292,812,228,118,223,328.98,0.8392,0.6822,0.347805,29,65,5,136.25,0.9781,0.2365,0.040526,4.394
354253,520,452,972,211,54,143,350.68,0.8165,0.5325,0.184726,3,15,32,254.37,0.6988,0.0717,0.004653,4.295
354275,520,412,932,241,40,115,6.06,0.9365,0.5693,0.214594,9,30,40,231.48,0.5709,0.1204,0.011398,4.310
354283,520,469,989,197,5,211,324.65,0.9926,0.5216,0.166837,1,5,20,261.18,0.8053,0.0398,0.001655,4.198
354292,520,426,946,207,24,232,322.05,0.9780,0.5599,0.197466,38,18,27,352.12,0.3958,0.1123,0.009239,4.177
354297,520,398,918,243,10,153,352.55,0.9895,0.5754,0.215749,52,20,31,0.11,0.5148,0.1405,0.013294,4.199
354298,520,443,963,223,64,1,36.40,0.9984,0.5372,0.193597,11,20,9,139.89,0.4603,0.0805,0.005912,4.357
354322,520,182,702,250,156,246,328.41,0.9751,0.7872,0.507567,5,86,100,213.91,0.9486,0.3273,0.076076,4.422
354329,520,425,945,242,16,97,10.80,0.9840,0.5556,0.201143,0,10,83,264.10,0.9822,0.1130,0.008415,4.299
354335,520,362,882,246,33,197,340.53,0.9718,0.6100,0.247149,49,39,14,87.65,0.5900,0.1750,0.021358,4.164
354336,520,454,974,164,60,243,305.56,0.9307,0.5275,0.175959,12,2,51,281.71,0.9563,0.0695,0.003606,4.215
354350,520,307,827,250,76,235,331.71,0.9782,0.6690,0.314939,100,18,30,18.50,0.8435,0.2338,0.032361,4.431
354373,520,464,984,210,7,174,338.42,0.9838,0.5212,0.169118,0,10,15,221.50,1.0000,0.0484,0.002516,4.172
354381,520,368,888,241,43,206,337.05,0.9578,0.6111,0.248876,41,26,81,291.25,0.6912,0.1690,0.018043,4.392
354403,520,466,986,188,45,203,323.72,0.8841,0.5186,0.168814,1,11,13,207.30,0.7595,0.0508,0.002748,4.148
354411,520,264,784,248,127,176,355.97,0.8559,0.7051,0.382725,13,72,24,145.97,0.9703,0.2559,0.047860,4.422
354434,520,428,948,214,63,172,341.18,0.8180,0.5606,0.208319,11,24,24,195.76,0.3442,0.0965,0.007903,4.461
354437,520,392,912,242,64,120,6.99,0.8916,0.5917,0.239033,49,25,34,356.47,0.3868,0.1465,0.014638,4.472
354442,520,392,912,232,68,143,356.86,0.8343,0.5850,0.232760,31,17,91,282.11,0.8731,0.1536,0.014475,4.386
354443,520,389,909,244,16,168,348.23,0.9847,0.5855,0.224340,20,36,44,230.90,0.3552,0.1466,0.015923,4.162
354448,520,440,960,195,4,248,315.46,0.9975,0.5477,0.184676,37,2,42,322.63,0.8551,0.0933,0.006040,4.188
354449,520,451,971,182,38,245,311.84,0.9591,0.5372,0.179249,15,11,33,289.09,0.5461,0.0731,0.004507,4.206
354452,520,418,938,233,65,37,32.05,0.9434,0.5598,0.212408,24,27,31,255.61,0.1053,0.1181,0.010770,4.318
354453,520,5,525,251,253,233,111.51,0.9428,0.9851,0.966430,14,136,20,143.01,0.9939,0.4727,0.177514,4.468
354460,520,435,955,195,21,243,316.36,0.9835,0.5477,0.186109,6,15,52,267.48,0.8479,0.0896,0.006283,4.195
354479,520,405,925,251,8,107,8.63,0.9939,0.5751,0.217481,50,18,26,6.31,0.5347,0.1315,0.011854,4.324
354488,520,418,938,234,55,75,20.58,0.9135,0.5569,0.207358,12,18,70,270.74,0.8776,0.1170,0.009529,4.323
354493,520,458,978,207,37,177,336.96,0.8956,0.5293,0.177649,30,1,2,23.84,0.9406,0.0601,0.003022,4.294
354496,520,479,999,202,49,149,345.67,0.8165,0.5141,0.169251,0,0,8,264.05,1.0000,0.0143,0.000175,4.370
354499,520,477,997,219,29,78,14.95,0.9456,0.5083,0.164915,2,0,4,311.99,1.0000,0.0155,0.000217,4.280
354503,520,445,965,228,40,108,6.45,0.9118,0.5412,0.190971,28,6,26,331.12,0.6343,0.0755,0.004517,4.420
354504,520,386,906,237,6,203,336.72,0.9955,0.5888,0.224494,9,15,104,267.58,0.9746,0.1520,0.013991,4.290
354507,520,460,980,200,34,199,328.49,0.9237,0.5288,0.175487,5,14,5,144.15,0.5886,0.0591,0.003573,4.209
354530,520,280,800,243,102,248,326.30,0.9699,0.6949,0.353371,2,71,17,145.57,0.9962,0.2488,0.045597,4.220
354556,520,382,902,222,74,190,337.60,0.8329,0.5955,0.241471,22,44,4,133.97,0.9510,0.1616,0.019807,4.175
354566,520,353,873,232,33,255,323.03,1.0000,0.6224,0.254658,7,43,71,246.80,0.7901,0.1779,0.022277,4.215
354581,520,429,949,212,65,154,347.48,0.7884,0.5504,0.201129,42,12,13,20.61,0.6128,0.1033,0.007843,4.342
354586,520,478,998,174,20,238,311.48,0.9795,0.5098,0.156730,5,0,10,311.99,1.0000,0.0241,0.000542,4.090
354589,520,456,976,185,66,193,325.20,0.7907,0.5274,0.180623,12,11,9,84.89,0.0826,0.0590,0.003372,4.321
354608,520,463,983,200,11,213,324.93,0.9855,0.5297,0.173245,14,8,1,82.11,0.7390,0.0520,0.002692,4.237
354622,520,257,777,243,149,35,64.06,0.9464,0.7106,0.406735,51,70,35,132.06,0.5537,0.2726,0.052054,4.475
354631,520,441,961,208,75,103,11.07,0.7345,0.5364,0.194235,17,19,33,277.13,0.3381,0.0922,0.006947,4.289
354632,520,400,920,243,19,160,350.52,0.9793,0.5807,0.220617,22,34,32,183.43,0.2375,0.1366,0.014189,4.216
354672,520,347,867,209,90,254,315.37,0.9919,0.6341,0.280248,19,50,39,167.67,0.6089,0.1874,0.025660,4.365
354676,520,415,935,222,53,183,339.30,0.8819,0.5713,0.214971,37,6,67,301.03,0.8703,0.1208,0.009288,4.469
354680,520,468,988,199,77,80,21.86,0.7255,0.5172,0.180310,5,5,7,285.40,0.1273,0.0379,0.001561,4.467
354689,520,376,896,214,58,248,319.55,0.9671,0.6037,0.241013,3,42,58,230.74,0.8792,0.1646,0.019807,4.169
354702,520,324,844,252,83,171,352.23,0.9615,0.6479,0.298254,32,57,12,134.00,0.8965,0.2124,0.032598,4.216
354719,520,413,933,239,35,138,357.42,0.9417,0.5703,0.213909,38,16,52,310.13,0.6371,0.1230,0.010306,4.376
354730,520,387,907,253,45,64,23.36,0.9894,0.5855,0.231333,20,39,18,142.00,0.6348,0.1463,0.016434,4.235
354733,520,450,970,188,44,227,317.53,0.9281,0.5358,0.180401,5,18,14,172.90,0.5147,0.0722,0.004966,4.192
354736,520,439,959,213,4,211,328.86,0.9954,0.5498,0.189382,28,19,6,76.17,0.5283,0.0943,0.007258,4.181
354738,520,477,997,230,0,26,26.92,1.0000,0.5149,0.169007,6,0,0,29.23,1.0000,0.0198,0.000387,4.346
354748,520,400,920,242,37,156,352.12,0.9452,0.5845,0.226038,63,5,16,16.58,0.8824,0.1368,0.012029,4.450
354757,520,270,790,205,141,246,311.10,0.8617,0.7047,0.386835,30,66,80,225.92,0.5261,0.2622,0.047515,4.480
354762,520,478,998,208,43,130,354.21,0.8455,0.5118,0.167516,5,0,6,324.01,1.0000,0.0219,0.000454,4.311
354818,520,448,968,199,0,226,321.53,1.0000,0.5355,0.176347,0,4,67,264.20,0.9894,0.0832,0.004920,4.121
354822,520,369,889,249,32,193,342.29,0.9740,0.6130,0.250263,43,16,97,290.15,0.8646,0.1720,0.017472,4.450
354823,520,459,979,231,31,50,24.26,0.9696,0.5297,0.182022,5,2,45,274.10,0.9688,0.0575,0.002651,4.407
354835,520,424,944,211,10,226,324.62,0.9917,0.5582,0.195589,28,23,37,300.49,0.2935,0.1150,0.009932,4.098
354843,520,385,905,244,55,131,2.25,0.9102,0.5910,0.236074,16,41,31,165.38,0.5694,0.1539,0.017949,4.210
354865,520,389,909,251,49,106,11.35,0.9678,0.5926,0.237500,43,32,33,12.21,0.1666,0.1537,0.016565,4.319
354873,520,443,963,198,12,236,318.85,0.9904,0.5443,0.183264,23,15,4,77.05,0.5577,0.0782,0.005326,4.216
354901,520,400,920,239,68,82,20.98,0.9007,0.5808,0.230973,5,24,86,264.75,0.9326,0.1430,0.013573,4.420
354918,520,385,905,231,23,221,330.73,0.9834,0.5933,0.228247,56,24,11,41.96,0.6535,0.1497,0.015183,4.269
354936,520,413,933,244,52,46,27.95,0.9558,0.5703,0.218897,33,24,27,356.51,0.1707,0.1187,0.010558,4.440
354945,520,390,910,211,31,254,318.06,0.9956,0.5864,0.219864,4,42,36,179.86,0.8890,0.1538,0.018090,3.963
354963,520,421,941,237,10,154,350.99,0.9873,0.5640,0.205577,8,14,70,269.32,0.9290,0.1075,0.008078,4.401
354984,520,455,975,194,29,212,323.36,0.9480,0.5250,0.171031,4,15,15,195.48,0.4733,0.0639,0.004019,4.092
354996,520,407,927,192,103,156,344.81,0.5557,0.5731,0.233086,3,34,48,231.95,0.8361,0.1341,0.013767,4.439
355017,520,129,649,215,204,251,295.74,0.8073,0.8478,0.645979,24,106,22,142.61,0.9781,0.3748,0.105598,4.473
355020,520,471,991,229,8,39,25.08,0.9945,0.5157,0.169812,6,1,32,283.41,0.9451,0.0437,0.001647,4.256
355023,520,469,989,193,53,174,334.12,0.8122,0.5151,0.169413,17,2,11,342.65,0.6726,0.0449,0.001868,4.230
355034,520,392,912,248,61,89,18.13,0.9498,0.5926,0.240187,18,41,29,159.46,0.5402,0.1544,0.018031,4.265
355041,520,382,902,248,72,85,21.33,0.9476,0.6028,0.252505,10,41,57,235.04,0.6899,0.1636,0.019457,4.355
355046,520,420,940,218,66,145,352.69,0.7960,0.5583,0.208485,29,20,39,305.14,0.4005,0.1104,0.009080,4.375
355047,520,420,940,242,46,59,24.21,0.9538,0.5631,0.211503,37,13,40,323.07,0.5985,0.1084,0.008344,4.482
355066,520,200,720,242,162,195,353.30,0.7283,0.7671,0.486599,42,86,22,137.58,0.9306,0.3155,0.072055,4.396
355069,520,455,975,231,12,71,17.44,0.9880,0.5256,0.177099,29,2,6,13.01,0.8096,0.0616,0.003178,4.271
355077,520,396,916,217,78,172,342.81,0.7770,0.5826,0.231812,35,24,58,296.27,0.5462,0.1388,0.013161,4.462
355083,520,463,983,201,47,185,332.87,0.8624,0.5305,0.179551,5,3,29,280.03,0.8405,0.0450,0.001861,4.426
355104,520,373,893,229,100,13,46.03,0.9755,0.5983,0.258041,3,41,58,232.89,0.8733,0.1616,0.019106,4.457
355120,520,362,882,242,35,210,336.14,0.9716,0.6110,0.247354,83,7,12,24.61,0.9406,0.1828,0.020178,4.237
355136,520,385,905,230,94,18,43.17,0.9672,0.5908,0.248748,25,39,16,134.28,0.5973,0.1496,0.016951,4.462
355145,520,456,976,222,9,139,352.69,0.9806,0.5273,0.175917,10,14,4,124.63,0.5061,0.0628,0.003874,4.193
355150,520,446,966,185,31,247,312.49,0.9716,0.5396,0.180108,21,2,50,294.53,0.9259,0.0774,0.004331,4.235
355185,520,470,990,136,97,204,298.07,0.6672,0.5153,0.181434,13,4,8,348.49,0.4111,0.0439,0.001899,4.459
355205,520,400,920,253,45,25,30.19,0.9922,0.5818,0.228333,36,24,52,302.28,0.4834,0.1358,0.012763,4.435
355217,520,476,996,197,41,175,334.86,0.8625,0.5127,0.165531,1,1,9,276.31,0.7916,0.0214,0.000479,4.270
355227,520,473,993,219,54,49,27.34,0.9162,0.5220,0.179228,2,4,5,223.95,0.2513,0.0310,0.001107,4.485
355244,520,347,867,241,47,227,331.58,0.9658,0.6261,0.262826,18,31,113,268.36,0.9221,0.1936,0.023007,4.285
355251,520,421,941,194,67,216,321.37,0.8533,0.5581,0.204429,8,0,87,269.24,1.0000,0.1096,0.007397,4.433
355256,520,451,971,161,68,250,302.54,0.9623,0.5384,0.186139,10,16,0,123.70,1.0000,0.0668,0.004351,4.345
355269,520,426,946,214,49,198,332.58,0.8981,0.5627,0.205721,2,22,56,258.79,0.9105,0.1065,0.008722,4.355
355280,520,249,769,246,136,169,1.74,0.8036,0.7151,0.400682,72,56,96,301.59,0.4131,0.2814,0.050506,4.484
355306,520,363,883,248,53,175,347.99,0.9451,0.6145,0.256010,27,42,37,171.87,0.2758,0.1666,0.020225,4.358
355309,520,413,933,193,79,214,321.11,0.8122,0.5695,0.217858,10,33,28,177.14,0.5842,0.1244,0.012360,4.295
355324,520,457,977,187,2,247,313.51,0.9986,0.5336,0.173248,10,11,9,128.48,0.0820,0.0572,0.003236,4.194
355345,520,75,595,222,229,251,271.70,0.7596,0.9106,0.785329,26,119,54,148.65,0.9637,0.4227,0.136790,4.472
355354,520,466,986,186,78,152,341.56,0.6641,0.5215,0.181563,3,9,16,245.20,0.4661,0.0493,0.002521,4.409
355356,520,474,994,219,53,3,34.19,0.9953,0.5178,0.176155,2,3,7,268.12,0.3702,0.0288,0.000934,4.440
355390,520,401,921,242,61,93,16.27,0.9118,0.5818,0.230083,37,15,77,293.14,0.8057,0.1422,0.012708,4.466
355393,520,443,963,141,89,242,294.55,0.8817,0.5363,0.192183,12,14,34,276.93,0.5096,0.0773,0.005077,4.397
355406,520,449,969,186,25,249,312.49,0.9803,0.5401,0.179751,10,7,42,279.81,0.8035,0.0684,0.003836,4.268
355415,520,458,978,232,18,63,20.08,0.9832,0.5280,0.179504,2,7,43,266.49,0.9306,0.0631,0.003393,4.298
355420,520,434,954,191,18,255,312.75,1.0000,0.5506,0.187302,23,22,2,106.96,0.8165,0.0951,0.007604,4.120
355426,520,364,884,166,112,254,298.22,0.9789,0.6124,0.268513,26,43,47,214.07,0.2985,0.1731,0.021525,4.453
355438,520,372,892,250,16,195,341.78,0.9905,0.6105,0.246380,9,22,107,266.81,0.9604,0.1663,0.016933,4.428
355463,520,454,974,180,92,150,341.84,0.5661,0.5334,0.195608,0,20,8,157.35,1.0000,0.0726,0.005178,4.451
355468,520,13,533,249,252,242,120.27,0.6709,0.9838,0.961713,8,135,53,147.90,0.9944,0.4721,0.176358,4.470
355489,520,429,949,218,76,87,19.63,0.7913,0.5519,0.207649,37,13,32,335.77,0.5402,0.1038,0.007855,4.453
355495,520,344,864,241,78,176,347.53,0.8790,0.6254,0.272870,20,53,16,141.56,0.9086,0.1922,0.027323,4.176
355522,520,387,907,246,56,113,9.08,0.9275,0.5902,0.236168,59,4,63,325.05,0.8587,0.1512,0.013756,4.488
355533,520,401,921,172,86,252,304.17,0.9675,0.5773,0.224551,21,33,52,259.31,0.4192,0.1433,0.014950,4.227
355541,520,337,857,252,24,243,330.31,0.9929,0.6449,0.278229,6,31,126,264.87,0.9596,0.2050,0.025249,4.362
355554,520,467,987,178,40,232,313.47,0.9395,0.5213,0.168098,15,2,14,330.14,0.6783,0.0436,0.001767,4.213
355566,520,389,909,231,14,219,331.24,0.9908,0.5894,0.224200,68,11,2,33.38,0.9565,0.1519,0.014729,4.236
355572,520,472,992,229,12,21,28.00,0.9932,0.5152,0.169781,0,2,17,261.94,1.0000,0.0282,0.000839,4.323
355579,520,317,837,221,119,185,342.21,0.6767,0.6557,0.320705,34,54,60,218.58,0.3007,0.2182,0.033046,4.464
355586,520,350,870,241,57,218,333.93,0.9467,0.6275,0.266917,18,53,17,142.96,0.9139,0.1913,0.027152,4.108
355592,520,460,980,164,65,243,305.19,0.9253,0.5329,0.181448,0,2,52,264.21,0.9914,0.0610,0.002913,4.374
355619,520,395,915,220,59,206,331.91,0.8952,0.5862,0.228020,9,22,82,267.18,0.9169,0.1363,0.012410,4.455
355630,520,385,905,227,60,199,335.81,0.8959,0.5949,0.236885,41,35,5,97.94,0.7910,0.1525,0.016845,4.292
355632,520,304,824,212,126,221,323.59,0.7397,0.6727,0.341406,21,62,39,155.93,0.7746,0.2280,0.037510,4.473
355633,520,418,938,205,29,235,320.75,0.9724,0.5609,0.198577,40,23,15,45.89,0.4021,0.1222,0.010985,4.076
355635,520,382,902,210,98,172,342.31,0.6761,0.5992,0.254174,33,39,36,164.09,0.1078,0.1625,0.019017,4.407
355651,520,421,941,205,55,203,328.61,0.8749,0.5554,0.200251,33,24,3,86.95,0.7804,0.1125,0.009832,4.183
355652,520,396,916,241,24,168,347.73,0.9715,0.5822,0.221843,35,6,88,288.66,0.9385,0.1413,0.011921,4.390
355675,520,360,880,207,113,162,348.70,0.5776,0.6153,0.276859,14,45,62,236.05,0.6445,0.1804,0.023178,4.467
355682,520,473,993,202,45,158,342.16,0.8375,0.5153,0.169039,5,3,1,77.32,0.4618,0.0297,0.000996,4.295
355686,520,353,873,246,39,216,335.51,0.9727,0.6236,0.260047,31,46,28,140.35,0.4236,0.1792,0.023291,4.230
355687,520,409,929,246,45,57,24.72,0.9603,0.5703,0.217685,54,12,17,17.27,0.7132,0.1268,0.010878,4.397
355691,520,475,995,195,15,213,323.53,0.9783,0.5220,0.167494,13,0,9,337.61,1.0000,0.0336,0.001053,4.260
355706,520,284,804,254,87,246,329.86,0.9961,0.6930,0.345439,52,52,101,281.19,0.5143,0.2538,0.041256,4.333
355707,520,370,890,234,82,158,353.04,0.8154,0.6104,0.259983,62,29,28,22.78,0.4744,0.1741,0.019868,4.437
355715,520,409,929,231,78,26,37.06,0.9569,0.5705,0.225152,47,16,45,329.99,0.6069,0.1321,0.011645,4.464
355731,520,470,990,224,22,104,5.95,0.9564,0.5223,0.174234,9,1,24,298.82,0.8721,0.0403,0.001457,4.358
355760,520,319,839,199,118,232,315.40,0.7938,0.6481,0.309262,1,64,16,146.16,0.9976,0.2237,0.037105,4.124
355762,520,368,888,226,27,254,321.87,0.9962,0.6093,0.241105,4,49,17,148.45,0.9779,0.1721,0.022628,4.008
355767,520,392,912,184,105,211,316.93,0.6991,0.5938,0.249976,17,40,30,163.82,0.5301,0.1510,0.017304,4.457
355768,520,395,915,211,84,192,333.93,0.7758,0.5907,0.239972,5,29,77,261.75,0.9067,0.1446,0.014467,4.498
355792,520,386,906,209,113,60,47.59,0.7472,0.5916,0.256937,0,44,12,148.18,1.0000,0.1523,0.018278,4.495
355797,520,270,790,209,148,206,328.24,0.5548,0.7030,0.391924,1,72,65,183.84,0.9896,0.2647,0.050226,4.409
355802,520,345,865,234,69,220,331.68,0.9207,0.6272,0.269184,22,48,50,202.03,0.4528,0.1872,0.025147,4.247
355807,520,376,896,249,5,187,343.69,0.9967,0.6023,0.238394,47,36,15,82.11,0.5274,0.1645,0.019006,4.179
355808,520,328,848,252,40,244,330.05,0.9896,0.6519,0.287477,20,44,98,263.57,0.7771,0.2081,0.028318,4.309
355809,520,352,872,192,105,237,312.66,0.8415,0.6207,0.274250,70,30,33,16.96,0.5189,0.1916,0.023406,4.417
355810,520,386,906,250,28,151,354.99,0.9709,0.5937,0.233923,63,16,27,9.85,0.6816,0.1530,0.015066,4.364
355819,520,384,904,252,50,53,26.38,0.9858,0.5856,0.232374,34,37,17,115.89,0.4593,0.1521,0.017037,4.212
355834,520,323,843,223,129,84,45.51,0.7012,0.6470,0.320307,13,60,9,141.98,0.9741,0.2124,0.033369,4.442
355841,520,432,952,234,18,121,1.55,0.9725,0.5469,0.193086,19,25,21,156.02,0.1670,0.1041,0.008878,4.129
355853,520,393,913,253,42,107,10.63,0.9839,0.5922,0.236038,28,33,39,253.08,0.1453,0.1420,0.014811,4.413
355857,520,412,932,224,6,211,331.58,0.9946,0.5700,0.206831,33,22,42,308.68,0.4024,0.1214,0.010643,4.235
355858,520,370,890,245,0,213,335.92,1.0000,0.6085,0.242196,63,27,22,29.45,0.5551,0.1703,0.018987,4.236
355861,520,308,828,234,117,183,347.01,0.7636,0.6706,0.336362,1,65,3,142.96,0.9983,0.2260,0.037935,4.394
355862,520,378,898,226,20,251,322.58,0.9918,0.6048,0.236363,53,27,37,356.00,0.3964,0.1582,0.016744,4.290
355891,520,303,823,235,87,249,324.18,0.9728,0.6654,0.313203,57,54,21,104.08,0.5925,0.2281,0.035624,4.242
355910,520,472,992,174,66,208,316.95,0.8154,0.5206,0.174502,3,2,18,281.41,0.7739,0.0326,0.001064,4.396
355911,520,480,1000,202,11,180,334.54,0.9732,0.5106,0.160931,0,0,0,0.00,0.0000,0.0000,0.000000,4.219
355921,520,434,954,218,22,193,334.95,0.9654,0.5517,0.193318,28,2,68,291.95,0.9600,0.1049,0.007076,4.263
355922,520,444,964,133,102,224,291.84,0.7519,0.5362,0.198710,1,21,19,186.76,0.9053,0.0796,0.005898,4.449
355928,520,478,998,140,96,185,305.27,0.5830,0.5052,0.174443,8,0,0,29.23,1.0000,0.0228,0.000516,4.443
355934,520,422,942,232,41,124,1.39,0.9127,0.5550,0.201998,47,2,37,338.85,0.8426,0.1081,0.007814,4.359
355941,520,365,885,192,92,246,311.65,0.9212,0.6075,0.255156,21,48,3,135.62,0.9749,0.1742,0.022798,4.192
355953,520,412,932,210,49,218,325.97,0.9222,0.5689,0.209621,18,31,5,131.32,0.8326,0.1172,0.011195,4.243
355960,520,366,886,208,85,231,321.01,0.8740,0.6107,0.256780,2,50,1,142.28,0.9967,0.1727,0.022962,4.205
355972,520,479,999,206,63,53,28.18,0.8634,0.5066,0.169361,2,0,2,328.36,1.0000,0.0139,0.000173,4.372
355975,520,387,907,255,31,97,13.19,1.0000,0.5880,0.231068,44,32,3,86.08,0.8530,0.1481,0.015751,4.275
355977,520,320,840,252,21,248,329.20,0.9947,0.6473,0.280121,87,22,28,19.54,0.7594,0.2103,0.026842,4.296
355985,520,388,908,216,61,224,325.87,0.9138,0.5927,0.233202,17,42,11,139.88,0.8892,0.1529,0.017992,4.165
356004,520,436,956,186,67,217,318.53,0.8466,0.5465,0.194644,6,23,9,148.44,0.7568,0.0858,0.006712,4.314
356010,520,449,969,225,19,158,347.22,0.9637,0.5446,0.189446,13,14,21,278.32,0.2098,0.0709,0.004538,4.390
356024,520,310,830,218,100,251,318.27,0.9705,0.6579,0.309864,48,39,103,285.01,0.6685,0.2223,0.030586,4.466
356026,520,367,887,233,79,171,347.49,0.8271,0.6106,0.258585,6,44,51,212.77,0.8025,0.1680,0.020790,4.359
356037,520,448,968,201,18,226,321.94,0.9813,0.5431,0.183428,11,15,42,273.42,0.6352,0.0844,0.005799,4.183
356040,520,465,985,219,57,3,34.99,0.9951,0.5218,0.179955,19,1,24,319.66,0.8380,0.0517,0.002261,4.400
356044,520,313,833,238,90,220,332.85,0.9087,0.6564,0.306592,28,54,72,240.43,0.4707,0.2206,0.033530,4.269
356049,520,386,906,237,25,191,340.09,0.9736,0.5868,0.224642,13,41,25,155.93,0.7215,0.1505,0.017416,4.074
356060,520,407,927,244,21,114,5.74,0.9765,0.5660,0.209877,10,7,96,269.04,0.9852,0.1321,0.010609,4.288
356063,520,358,878,236,16,251,324.96,0.9950,0.6206,0.251710,9,50,36,165.97,0.8566,0.1822,0.024666,4.041
356068,520,163,683,224,194,189,29.04,0.3193,0.8117,0.581058,12,100,40,148.12,0.9841,0.3541,0.093453,4.399
356073,520,430,950,237,50,39,28.94,0.9528,0.5537,0.204354,2,29,7,147.71,0.9736,0.1016,0.009069,4.306
356074,520,454,974,216,13,159,344.67,0.9702,0.5258,0.173924,20,3,45,296.25,0.8727,0.0733,0.004033,4.144
356101,520,465,985,190,3,230,318.12,0.9969,0.5242,0.167268,3,7,28,267.69,0.7493,0.0516,0.002551,4.134
356102,520,426,946,221,67,138,356.36,0.7994,0.5620,0.212239,34,22,19,34.50,0.2511,0.1125,0.009609,4.399
356118,520,443,963,224,8,153,348.44,0.9845,0.5374,0.183235,9,7,59,273.66,0.9333,0.0847,0.005258,4.221
356121,520,350,870,242,37,233,330.36,0.9793,0.6261,0.260864,30,52,6,132.04,0.9344,0.1939,0.027451,4.014
356140,520,409,929,229,56,141,355.77,0.8599,0.5671,0.214122,56,9,13,20.66,0.8012,0.1261,0.010653,4.355
356149,520,438,958,236,34,97,11.04,0.9476,0.5507,0.198431,9,21,31,244.95,0.4334,0.0903,0.006933,4.364
356167,520,257,777,254,138,52,52.58,0.9879,0.7069,0.394988,10,76,8,142.46,0.9874,0.2673,0.052507,4.341
356177,520,385,905,242,9,182,343.62,0.9923,0.5871,0.224531,1,2,112,264.51,0.9982,0.1457,0.012196,4.414
356185,520,426,946,202,76,186,333.06,0.7695,0.5627,0.212723,43,15,5,41.08,0.7156,0.1086,0.008663,4.479
356186,520,391,911,240,71,78,22.95,0.9079,0.5852,0.235849,0,20,97,263.65,1.0015,0.1465,0.013633,4.492
356196,520,381,901,250,16,183,345.11,0.9891,0.6043,0.241168,51,6,88,302.36,0.9150,0.1628,0.015387,4.453
356206,520,423,943,214,37,207,330.07,0.9399,0.5604,0.201264,9,10,79,269.95,0.9631,0.1128,0.008396,4.303
356212,520,336,856,232,60,251,323.52,0.9840,0.6360,0.273548,77,23,53,349.38,0.6549,0.2006,0.024478,4.344
356213,520,318,838,247,61,247,328.09,0.9753,0.6585,0.298298,49,49,65,284.69,0.2114,0.2199,0.032312,4.231
356214,520,439,959,167,78,236,306.58,0.8719,0.5472,0.197210,16,12,48,282.46,0.7204,0.0874,0.005865,4.425
356221,520,339,859,233,81,224,330.31,0.9059,0.6403,0.285927,75,33,21,36.81,0.6235,0.2035,0.026379,4.398
356222,520,415,935,252,9,89,14.25,0.9942,0.5730,0.216158,37,12,63,301.86,0.7716,0.1246,0.010152,4.425
356224,520,459,979,202,54,167,339.25,0.8153,0.5279,0.179868,17,9,12,354.67,0.2434,0.0608,0.003411,4.304
356257,520,387,907,214,67,211,328.78,0.8737,0.5868,0.230155,1,22,94,263.72,0.9872,0.1468,0.013883,4.385
356262,520,415,935,254,20,10,29.39,0.9967,0.5708,0.215969,49,15,1,44.42,0.9202,0.1186,0.009969,4.435
356279,520,170,690,251,170,215,345.35,0.9170,0.8013,0.541670,76,86,12,117.51,0.9004,0.3416,0.082186,4.476
356286,520,300,820,226,104,240,323.43,0.9164,0.6680,0.323625,38,53,83,263.35,0.4280,0.2315,0.035827,4.353
356295,520,336,856,225,119,118,21.64,0.6733,0.6385,0.305114,30,51,52,199.66,0.3223,0.2025,0.028915,4.500
356311,520,439,959,243,12,38,25.88,0.9940,0.5467,0.194610,24,16,32,306.46,0.3878,0.0919,0.006691,4.315
356312,520,351,871,236,46,254,324.05,0.9963,0.6349,0.269450,16,37,98,265.39,0.8573,0.1891,0.023150,4.367
356330,520,371,891,243,64,160,352.55,0.8981,0.6079,0.252626,16,20,112,269.33,0.9609,0.1728,0.017802,4.463
356341,520,467,987,191,33,211,322.70,0.9349,0.5213,0.168687,19,0,11,344.13,1.0000,0.0427,0.001626,4.236
356348,520,470,990,185,40,214,319.99,0.9162,0.5180,0.166882,15,0,7,347.43,1.0000,0.0354,0.001169,4.239
356351,520,255,775,247,119,237,330.44,0.9598,0.7181,0.390846,42,71,8,132.01,0.9532,0.2651,0.050161,4.401
356355,520,210,730,240,172,114,60.75,0.7342,0.7634,0.492472,22,87,34,146.34,0.9544,0.3115,0.071022,4.482
356362,520,247,767,251,122,212,340.31,0.9594,0.7163,0.391844,13,77,59,169.04,0.9071,0.2817,0.057088,4.126
356374,520,377,897,198,86,237,316.23,0.8851,0.6015,0.247770,2,34,76,256.75,0.9399,0.1550,0.016787,4.459
356379,520,369,889,254,53,129,4.43,0.9897,0.6080,0.252056,33,36,63,277.68,0.4126,0.1685,0.019439,4.350
356399,520,393,913,247,59,88,18.06,0.9450,0.5886,0.236101,15,38,6,137.92,0.9273,0.1378,0.015009,4.401
356412,520,49,569,254,231,230,20.61,0.8830,0.9374,0.839366,34,125,30,142.44,0.9718,0.4414,0.151005,4.425
356416,520,426,946,228,66,71,23.61,0.8800,0.5555,0.208481,41,7,50,318.34,0.7727,0.1131,0.008537,4.416
356422,520,450,970,223,14,165,344.45,0.9746,0.5428,0.187212,22,10,23,324.15,0.4230,0.0730,0.004495,4.353
356430,520,294,814,236,111,211,335.65,0.8596,0.6770,0.339072,34,64,24,138.50,0.8085,0.2385,0.040727,4.288
356443,520,318,838,250,112,97,28.42,0.9423,0.6620,0.327785,20,60,13,140.88,0.9518,0.2156,0.034094,4.492
356445,520,459,979,151,76,238,300.65,0.8833,0.5254,0.179216,20,0,32,311.26,1.0000,0.0564,0.002530,4.363
356446,520,407,927,252,15,49,24.35,0.9932,0.5677,0.212626,22,30,42,258.32,0.2889,0.1299,0.012663,4.191
356454,520,416,936,241,43,95,13.16,0.9379,0.5658,0.212580,21,25,51,274.97,0.4952,0.1218,0.010937,4.309
356456,520,425,945,223,3,194,335.85,0.9962,0.5568,0.196506,40,3,59,310.55,0.8932,0.1138,0.008321,4.227
356466,520,384,904,254,28,133,1.47,0.9916,0.5950,0.235984,13,7,111,269.02,0.9892,0.1547,0.013851,4.479
356480,520,441,961,150,76,253,297.52,0.9813,0.5371,0.187450,40,1,35,333.97,0.8814,0.0923,0.005942,4.245
356493,520,465,985,226,36,6,31.16,0.9933,0.5188,0.174466,12,7,20,301.23,0.4391,0.0547,0.002806,4.251
356496,520,323,843,253,109,34,43.38,0.9841,0.6548,0.319388,18,58,32,152.20,0.8417,0.2114,0.032589,4.473
356512,520,435,955,225,23,171,343.17,0.9586,0.5526,0.195632,15,8,55,280.84,0.8581,0.0865,0.005510,4.425
356532,520,476,996,207,24,150,345.66,0.9219,0.5076,0.161228,4,0,0,29.23,1.0000,0.0164,0.000258,4.203
356536,520,373,893,230,53,216,331.74,0.9367,0.6044,0.243295,17,32,82,267.08,0.7874,0.1622,0.017613,4.338
356538,520,469,989,201,72,108,6.69,0.7184,0.5213,0.181369,1,3,31,266.94,0.9493,0.0427,0.001705,4.475
356566,520,465,985,140,104,177,305.84,0.4999,0.5163,0.186507,2,12,4,150.82,0.8177,0.0512,0.002846,4.475
356567,520,422,942,215,59,178,339.24,0.8410,0.5615,0.207915,21,19,57,280.93,0.6654,0.1131,0.009206,4.356
356570,520,390,910,241,2,193,340.28,0.9984,0.5898,0.225975,38,10,90,289.75,0.9030,0.1514,0.013673,4.334
356585,520,394,914,216,38,244,321.43,0.9714,0.5903,0.225187,40,15,70,299.90,0.7662,0.1393,0.012350,4.414
356618,520,358,878,246,23,226,332.97,0.9895,0.6231,0.256996,12,50,32,159.14,0.8327,0.1820,0.024636,4.113
356679,520,384,904,180,87,250,307.19,0.9504,0.5875,0.234226,35,15,91,285.86,0.8738,0.1549,0.014543,4.404
356694,520,430,950,240,27,68,19.91,0.9751,0.5493,0.197298,47,2,28,350.11,0.8412,0.1033,0.007317,4.315
356705,520,396,916,245,49,118,6.43,0.9243,0.5842,0.229204,58,13,16,20.57,0.7396,0.1359,0.012249,4.485
356718,520,435,955,166,78,235,306.45,0.8670,0.5451,0.195545,38,0,37,329.48,1.0000,0.0884,0.005457,4.428
356729,520,395,915,251,53,53,26.76,0.9810,0.5859,0.233161,20,19,88,274.02,0.9016,0.1440,0.013190,4.481
356732,520,428,948,218,26,205,331.66,0.9647,0.5608,0.200542,39,9,31,339.43,0.6395,0.1004,0.007257,4.376
356768,520,440,960,183,41,251,310.75,0.9794,0.5458,0.186192,22,9,52,290.89,0.7785,0.0919,0.006139,4.207
356771,520,429,949,233,61,3,34.96,0.9964,0.5539,0.206707,12,19,51,270.45,0.6832,0.1010,0.007829,4.439
356772,520,442,962,209,13,200,330.71,0.9804,0.5370,0.180153,28,10,15,3.23,0.4403,0.0778,0.004985,4.186
356778,520,450,970,199,39,210,325.16,0.9237,0.5378,0.182480,4,9,49,268.48,0.9137,0.0742,0.004429,4.271
356789,520,403,923,228,1,219,330.54,0.9993,0.5815,0.216326,15,18,80,271.93,0.9040,0.1297,0.011133,4.357
356790,520,393,913,243,11,180,344.42,0.9907,0.5883,0.225925,34,26,57,293.56,0.5008,0.1413,0.013743,4.329
356803,520,400,920,243,67,14,34.87,0.9867,0.5802,0.231040,47,7,74,306.44,0.8653,0.1436,0.012508,4.496
356809,520,200,720,198,182,212,309.23,0.3156,0.7663,0.502154,43,87,14,136.11,0.9616,0.3186,0.073615,4.467
356823,520,468,988,168,48,240,308.22,0.9310,0.5192,0.167308,12,1,14,323.26,0.7680,0.0375,0.001316,4.235
356855,520,420,940,211,60,182,336.83,0.8345,0.5577,0.204600,2,32,2,142.77,0.9870,0.1105,0.010503,4.208
356862,520,455,975,213,26,174,339.33,0.9378,0.5328,0.179432,13,10,12,338.15,0.1083,0.0587,0.003292,4.305
356884,520,426,946,247,19,71,19.17,0.9869,0.5614,0.206984,33,5,58,302.84,0.8570,0.1052,0.007374,4.479
356894,520,360,880,238,41,234,329.17,0.9740,0.6219,0.257062,25,27,108,272.76,0.9011,0.1845,0.020731,4.341
356895,520,471,991,218,46,70,19.59,0.9069,0.5161,0.173042,12,1,15,321.10,0.7771,0.0380,0.001344,4.344
356902,520,406,926,235,53,148,354.25,0.8879,0.5786,0.223494,12,34,30,180.25,0.5287,0.1293,0.013159,4.330
356903,520,352,872,236,71,201,337.73,0.8946,0.6218,0.265590,20,51,33,155.99,0.6656,0.1893,0.026261,4.138
356904,520,423,943,196,23,250,315.08,0.9844,0.5559,0.192521,45,11,29,350.60,0.6323,0.1127,0.008860,4.120
356907,520,368,888,252,39,170,349.84,0.9760,0.6108,0.250522,40,42,8,112.56,0.7566,0.1718,0.021246,4.218
356908,520,387,907,242,38,172,347.07,0.9487,0.5923,0.232451,66,12,8,28.79,0.8714,0.1497,0.014389,4.387
356919,520,403,923,252,1,112,7.04,0.9992,0.5772,0.218907,8,36,25,164.21,0.7513,0.1319,0.013835,4.213
356938,520,440,960,171,65,249,306.24,0.9585,0.5475,0.192788,29,14,9,39.28,0.4163,0.0852,0.005950,4.339
356939,520,407,927,211,16,246,319.99,0.9912,0.5748,0.208751,3,19,86,264.90,0.9563,0.1324,0.011569,4.203
356945,520,409,929,219,49,191,335.98,0.8972,0.5673,0.210205,25,5,92,279.26,0.9712,0.1348,0.010879,4.274
356956,520,410,930,248,41,28,29.44,0.9759,0.5690,0.216298,18,34,0,130.65,1.0000,0.1257,0.012726,4.245
356969,520,261,781,202,151,216,318.87,0.5731,0.7054,0.396484,75,61,42,74.77,0.3171,0.2741,0.050006,4.465
356970,520,345,865,247,98,39,39.65,0.9477,0.6281,0.286592,59,41,5,80.33,0.8429,0.1931,0.025267,4.472
356975,520,456,976,216,41,129,356.28,0.8727,0.5255,0.177722,17,4,35,299.28,0.7779,0.0633,0.003274,4.275
356982,520,417,937,242,59,6,33.94,0.9944,0.5700,0.220216,48,13,34,346.40,0.6241,0.1232,0.010318,4.480
357002,520,451,971,189,87,142,348.83,0.6121,0.5356,0.195897,23,12,14,7.38,0.2785,0.0745,0.004768,4.490
357003,520,377,897,221,98,134,4.08,0.6918,0.6018,0.258310,3,45,32,167.27,0.9465,0.1619,0.020003,4.404
357015,520,330,850,193,136,147,6.38,0.3595,0.6353,0.310534,14,49,91,255.23,0.7718,0.2128,0.030452,4.481
357032,520,410,930,161,102,224,303.95,0.7507,0.5678,0.224620,43,26,18,45.99,0.3729,0.1344,0.012961,4.362
357049,520,433,953,167,88,219,309.55,0.7738,0.5488,0.203101,9,26,18,161.95,0.5375,0.0990,0.008405,4.334
357062,520,461,981,226,6,121,359.71,0.9885,0.5275,0.176823,7,9,14,265.76,0.2058,0.0520,0.002722,4.302
357065,520,390,910,212,81,193,333.84,0.7907,0.5890,0.237341,50,28,18,44.97,0.4505,0.1497,0.015524,4.385
357076,520,449,969,222,14,161,345.48,0.9730,0.5388,0.184194,0,14,30,247.27,1.0000,0.0658,0.004078,4.331
357083,520,460,980,224,55,52,26.83,0.9189,0.5334,0.188304,0,10,39,259.97,1.0000,0.0638,0.003635,4.443
357084,520,464,984,183,69,179,329.14,0.7474,0.5191,0.175795,8,10,7,134.30,0.1536,0.0527,0.002840,4.273
357099,520,407,927,191,103,142,353.18,0.5298,0.5659,0.227313,11,37,8,141.56,0.9232,0.1327,0.014118,4.325
357106,520,352,872,255,35,186,345.61,1.0000,0.6220,0.260107,33,21,119,276.81,0.9298,0.1945,0.021915,4.312
357111,520,415,935,228,36,180,341.36,0.9361,0.5691,0.210536,13,32,29,182.59,0.4559,0.1233,0.012073,4.197
357113,520,428,948,248,22,6,29.74,0.9959,0.5586,0.205471,31,15,31,326.92,0.4371,0.0981,0.007319,4.457
357119,520,437,957,218,55,153,348.68,0.8364,0.5508,0.199401,36,0,43,320.87,1.0000,0.0893,0.005495,4.494
357122,520,467,987,183,34,221,317.78,0.9409,0.5164,0.164330,4,2,32,276.95,0.9262,0.0441,0.001735,4.143
357143,520,14,534,248,252,220,112.96,0.9271,0.9764,0.947446,16,134,79,155.71,0.9775,0.4748,0.177241,4.389
357144,520,443,963,204,8,222,323.77,0.9918,0.5427,0.182867,16,18,18,196.87,0.0477,0.0819,0.005864,4.168
357147,520,438,958,143,89,255,293.21,1.0000,0.5496,0.202044,21,17,24,310.57,0.1952,0.0868,0.006263,4.480
357149,520,172,692,221,184,218,328.74,0.4799,0.7966,0.547159,65,90,4,126.25,0.9777,0.3432,0.084448,4.442
357159,520,377,897,249,46,142,358.61,0.9489,0.5979,0.240501,44,14,86,295.88,0.8399,0.1590,0.015214,4.455
357169,520,346,866,241,56,223,332.61,0.9522,0.6298,0.268596,23,16,129,271.11,0.9759,0.1944,0.021376,4.464
357192,520,457,977,223,41,98,9.47,0.9036,0.5290,0.181584,19,8,8,19.68,0.3328,0.0598,0.003297,4.345
357197,520,478,998,194,48,166,337.11,0.8207,0.5076,0.163381,1,0,9,282.67,1.0000,0.0172,0.000262,4.245
357243,520,458,978,223,29,130,356.69,0.9291,0.5325,0.181811,22,5,0,49.92,1.0000,0.0550,0.002791,4.391
357246,520,378,898,237,70,163,350.63,0.8571,0.6042,0.250320,71,15,0,37.16,1.0000,0.1628,0.016815,4.495
357254,520,453,973,194,81,119,1.74,0.6476,0.5255,0.186878,17,14,2,98.45,0.6993,0.0686,0.004376,4.356
357272,520,331,851,223,95,223,327.61,0.8575,0.6413,0.292021,51,46,17,99.67,0.5921,0.1974,0.026983,4.443
357279,520,444,964,191,33,241,315.46,0.9660,0.5449,0.185163,12,17,29,266.47,0.3504,0.0811,0.005678,4.224
357281,520,352,872,245,93,40,38.10,0.9431,0.6174,0.273976,53,36,68,307.57,0.4455,0.1943,0.024360,4.357
357289,520,426,946,194,52,232,317.84,0.9224,0.5554,0.197529,28,18,53,293.31,0.6137,0.1148,0.009365,4.170
357311,520,465,985,198,46,182,332.94,0.8564,0.5225,0.173389,12,6,18,307.20,0.4456,0.0516,0.002521,4.253
357313,520,437,957,220,71,74,23.45,0.8385,0.5466,0.202191,32,12,28,335.10,0.4992,0.0925,0.006539,4.460
357330,520,469,989,230,2,28,26.72,0.9988,0.5155,0.169533,10,2,22,302.18,0.7674,0.0425,0.001659,4.250
357331,520,457,977,204,79,74,25.48,0.7526,0.5279,0.189258,2,14,20,227.02,0.6759,0.0619,0.003775,4.449
357357,520,338,858,200,109,233,316.31,0.8237,0.6351,0.291010,67,34,57,339.50,0.4545,0.2041,0.026329,4.468
357367,520,426,946,202,55,211,325.49,0.8857,0.5557,0.199938,11,25,47,259.10,0.5783,0.1120,0.009716,4.185
357388,520,399,919,204,104,116,13.81,0.5805,0.5787,0.240007,32,31,45,287.57,0.2488,0.1436,0.014765,4.478
357389,520,372,892,223,48,247,322.37,0.9687,0.6099,0.245194,69,20,32,8.65,0.6548,0.1722,0.018700,4.297
357396,520,351,871,252,37,217,336.59,0.9850,0.6339,0.270315,58,27,82,307.38,0.6708,0.1937,0.022927,4.392
357401,520,412,932,245,19,132,359.89,0.9790,0.5734,0.215475,8,28,53,255.31,0.6867,0.1227,0.011391,4.324
357406,520,479,999,178,79,147,341.18,0.6299,0.5077,0.171648,0,0,7,264.05,1.0000,0.0135,0.000153,4.419
357426,520,454,974,144,84,243,296.20,0.8971,0.5328,0.187411,24,13,2,70.62,0.7141,0.0746,0.004864,4.327
357468,520,310,830,252,92,177,350.95,0.9588,0.6610,0.315272,56,49,34,85.78,0.2723,0.2156,0.031529,4.480
357479,520,467,987,188,67,174,332.66,0.7541,0.5218,0.177631,3,4,21,274.11,0.7090,0.0399,0.001603,4.411
357509,520,441,961,226,14,139,353.65,0.9732,0.5365,0.183497,18,20,18,145.37,0.0710,0.0888,0.006726,4.116
357513,520,324,844,242,68,244,327.53,0.9633,0.6541,0.295457,6,54,73,230.53,0.8540,0.2121,0.031579,4.235
357516,520,416,936,227,9,205,333.86,0.9917,0.5722,0.209366,48,11,42,334.74,0.6839,0.1247,0.010350,4.298
357529,520,381,901,195,112,170,339.31,0.5482,0.5997,0.260940,28,42,30,148.50,0.3383,0.1649,0.019965,4.444
357535,520,432,952,238,45,35,28.93,0.9617,0.5516,0.201785,9,22,43,259.52,0.5894,0.1003,0.008063,4.336
357538,520,457,977,225,27,124,359.16,0.9392,0.5332,0.182494,1,5,49,265.54,0.9694,0.0644,0.003367,4.356
357549,520,243,763,236,159,87,62.02,0.7683,0.7264,0.433194,8,79,42,153.87,0.9734,0.2824,0.058105,4.470
357570,520,456,976,192,81,143,348.31,0.6546,0.5316,0.190761,15,8,27,298.89,0.5362,0.0636,0.003544,4.497
357575,520,325,845,242,84,214,335.62,0.9232,0.6525,0.300756,49,50,8,110.81,0.8148,0.2055,0.029517,4.411
357583,520,459,979,173,74,205,316.93,0.7791,0.5271,0.181905,7,10,20,269.48,0.3583,0.0568,0.003128,4.365
357594,520,434,954,190,16,254,312.71,0.9955,0.5476,0.184747,9,1,76,271.43,0.9958,0.0963,0.006015,4.191
357597,520,448,968,220,19,177,340.09,0.9655,0.5450,0.188581,3,21,24,208.79,0.6934,0.0830,0.006216,4.244
357627,520,290,810,252,122,76,39.61,0.9615,0.6782,0.351394,5,62,78,222.80,0.9035,0.2398,0.040274,4.446
357633,520,25,545,254,244,228,79.74,0.8072,0.9658,0.913741,68,127,28,135.74,0.9481,0.4625,0.164911,4.484
357637,520,375,895,253,4,165,350.82,0.9972,0.5993,0.236896,5,46,6,143.27,0.9809,0.1605,0.019993,4.099
357641,520,434,954,221,73,50,31.57,0.8864,0.5473,0.203701,40,4,43,324.74,0.7989,0.1021,0.007124,4.441
357647,520,453,973,216,67,28,34.87,0.9403,0.5283,0.186996,12,1,57,279.45,0.9848,0.0744,0.003953,4.393
357651,520,353,873,220,81,226,326.10,0.8855,0.6210,0.265934,58,30,51,336.89,0.4390,0.1788,0.020672,4.470
357685,520,357,877,250,25,213,337.09,0.9868,0.6232,0.258265,54,32,62,316.62,0.4627,0.1832,0.021652,4.302
357686,520,227,747,239,147,220,334.80,0.8482,0.7450,0.443874,27,80,5,139.01,0.9896,0.2864,0.059811,4.497
357709,520,447,967,198,79,141,350.83,0.6813,0.5379,0.195226,35,6,3,31.81,0.8076,0.0789,0.004942,4.463
357718,520,466,986,206,13,188,333.27,0.9742,0.5237,0.170425,13,1,32,297.94,0.9133,0.0504,0.002116,4.230
357719,520,352,872,239,57,203,337.60,0.9297,0.6155,0.255916,4,28,116,264.56,0.9603,0.1863,0.021171,4.298
357743,520,462,982,186,48,215,319.80,0.8961,0.5265,0.174606,14,8,10,355.94,0.1987,0.0548,0.002889,4.247
357746,520,474,994,190,21,220,320.32,0.9703,0.5209,0.166522,5,3,9,301.96,0.4084,0.0332,0.001171,4.231
357748,520,401,921,216,74,187,336.92,0.8114,0.5838,0.230864,22,37,3,129.98,0.9288,0.1388,0.015003,4.321
357750,520,348,868,233,83,200,337.59,0.8604,0.6293,0.276827,3,50,65,225.28,0.9112,0.1938,0.026821,4.254
357767,520,401,921,230,64,148,354.09,0.8411,0.5792,0.226306,39,25,42,320.36,0.3558,0.1358,0.012938,4.390
357774,520,404,924,245,47,122,4.85,0.9277,0.5840,0.228540,36,31,2,99.89,0.8897,0.1347,0.013594,4.380
357785,520,449,969,239,25,39,26.29,0.9835,0.5425,0.191958,16,12,14,346.39,0.1212,0.0665,0.004048,4.477
357787,520,259,779,175,173,173,17.21,0.0137,0.7084,0.420183,10,77,32,148.92,0.9755,0.2738,0.054763,4.488
357788,520,387,907,238,71,99,15.50,0.8743,0.5858,0.235875,65,6,46,344.81,0.8031,0.1537,0.014515,4.431
357791,520,478,998,166,37,246,306.83,0.9588,0.5136,0.160847,4,1,5,320.09,0.5789,0.0237,0.000585,4.168
357799,520,333,853,254,70,165,353.58,0.9880,0.6355,0.281711,48,32,94,290.56,0.6876,0.2002,0.024695,4.441
357807,520,373,893,253,61,44,29.70,0.9906,0.5958,0.244056,46,21,76,300.80,0.7172,0.1620,0.016390,4.429
357814,520,434,954,236,46,58,24.22,0.9472,0.5507,0.200955,23,24,17,114.20,0.1889,0.1039,0.008759,4.271
357819,520,438,958,225,0,173,342.34,1.0000,0.5478,0.190273,24,16,17,10.11,0.1834,0.0852,0.006053,4.287
357823,520,442,962,185,70,198,323.51,0.7882,0.5355,0.187731,6,20,20,195.49,0.4653,0.0805,0.005895,4.253
357839,520,438,958,244,1,62,20.59,0.9994,0.5494,0.196061,33,7,33,327.68,0.6715,0.0887,0.005851,4.406
357843,520,432,952,171,75,233,308.93,0.8662,0.5463,0.195740,6,26,15,157.51,0.7172,0.0963,0.008120,4.228
357854,520,419,939,246,10,86,14.49,0.9924,0.5599,0.204853,20,6,78,278.91,0.9525,0.1138,0.008290,4.372
357869,520,364,884,224,89,172,345.63,0.7620,0.6085,0.259729,38,44,0,117.47,1.0000,0.1747,0.022134,4.294
357898,520,373,893,232,59,191,339.49,0.8986,0.5984,0.240479,14,43,45,201.46,0.5827,0.1650,0.020105,4.143
357926,520,393,913,236,2,217,332.90,0.9988,0.5949,0.228888,31,23,63,288.84,0.6175,0.1362,0.012630,4.453
357928,520,346,866,230,71,235,326.66,0.9320,0.6318,0.273299,9,51,50,192.66,0.7911,0.1910,0.026559,4.223
357941,520,388,908,213,79,191,334.79,0.7955,0.5870,0.235016,53,29,2,65.36,0.8813,0.1541,0.016401,4.292
357949,520,446,966,230,29,100,8.76,0.9487,0.5366,0.186248,4,22,5,144.91,0.9118,0.0806,0.006106,4.211
357950,520,439,959,206,76,142,352.15,0.7205,0.5479,0.202457,18,18,28,284.28,0.2505,0.0880,0.006450,4.472
357953,520,422,942,209,56,193,332.71,0.8609,0.5569,0.202359,36,13,51,309.44,0.6821,0.1146,0.009020,4.276
358000,520,350,870,209,91,246,317.21,0.9374,0.6299,0.276928,64,33,51,345.15,0.4271,0.1943,0.024168,4.408
358028,520,343,863,233,104,118,15.75,0.7649,0.6261,0.285349,0,48,72,237.38,1.0000,0.1911,0.025816,4.423
358030,520,467,987,206,59,134,353.56,0.7842,0.5244,0.179731,11,1,22,306.27,0.8457,0.0410,0.001508,4.460
358034,520,390,910,244,63,104,12.96,0.9140,0.5902,0.237909,6,21,99,265.99,0.9592,0.1533,0.014758,4.446
358039,520,468,988,214,26,138,351.67,0.9231,0.5165,0.168723,2,0,37,270.62,1.0000,0.0419,0.001465,4.250
358045,520,391,911,221,89,143,357.57,0.7219,0.5916,0.245024,54,28,7,56.55,0.7135,0.1542,0.016302,4.450
358059,520,405,925,220,49,211,330.52,0.9251,0.5812,0.221176,27,10,85,282.06,0.9197,0.1336,0.011059,4.441
358080,520,354,874,241,74,163,351.88,0.8743,0.6155,0.262456,74,15,40,359.11,0.7356,0.1785,0.019509,4.495
358091,520,463,983,195,71,148,345.68,0.7160,0.5251,0.182484,12,0,37,292.36,1.0000,0.0515,0.002117,4.461
358098,520,446,966,172,89,185,322.05,0.6547,0.5350,0.194191,31,5,32,326.35,0.7164,0.0817,0.005042,4.436
358101,520,470,990,226,39,1,31.88,0.9988,0.5207,0.176249,7,0,26,293.01,1.0000,0.0371,0.001198,4.419
358104,520,346,866,246,52,208,337.77,0.9520,0.6269,0.266059,6,48,63,227.25,0.8269,0.1873,0.025114,4.208
358106,520,476,996,196,80,3,44.62,0.9872,0.5077,0.174816,5,1,0,51.16,1.0000,0.0224,0.000540,4.448
358108,520,475,995,202,6,201,328.61,0.9898,0.5235,0.169057,3,4,2,127.75,0.2841,0.0309,0.001106,4.286
358109,520,442,962,212,3,204,330.43,0.9960,0.5430,0.184239,8,18,28,249.14,0.4188,0.0803,0.005681,4.207
358137,520,409,929,237,14,163,348.23,0.9829,0.5690,0.209660,60,2,28,359.93,0.8935,0.1304,0.010881,4.265
358143,520,409,929,236,19,156,350.30,0.9734,0.5652,0.207019,38,26,12,69.55,0.4618,0.1259,0.011774,4.161
358148,520,431,951,196,92,132,357.79,0.6023,0.5509,0.210576,28,21,9,80.22,0.4226,0.0998,0.008029,4.490
358156,520,391,911,236,2,215,333.40,0.9987,0.5936,0.227853,6,13,105,266.53,0.9816,0.1495,0.013464,4.378
358158,520,454,974,173,70,222,312.66,0.8404,0.5344,0.185394,16,8,37,291.81,0.6783,0.0714,0.004174,4.345
358163,520,429,949,192,17,248,314.51,0.9885,0.5459,0.183860,16,26,16,144.62,0.3694,0.1030,0.008863,3.973
358164,520,436,956,232,47,76,18.93,0.9256,0.5464,0.197136,41,2,29,342.92,0.8206,0.0922,0.006036,4.410
358165,520,408,928,199,64,226,320.38,0.8897,0.5698,0.213014,47,23,20,27.96,0.4315,0.1343,0.012677,4.196
358184,520,349,869,207,95,240,317.84,0.8981,0.6284,0.277425,76,22,47,355.03,0.6587,0.1945,0.023158,4.476
358189,520,447,967,228,44,88,14.11,0.9144,0.5386,0.190028,19,0,60,286.69,1.0000,0.0826,0.004647,4.392
358190,520,310,830,254,46,253,328.43,0.9969,0.6642,0.301197,71,39,49,0.22,0.3808,0.2172,0.030125,4.383
358224,520,402,922,242,32,148,354.53,0.9540,0.5786,0.220516,48,20,26,7.66,0.4720,0.1318,0.012034,4.361
358233,520,468,988,188,82,115,2.93,0.6194,0.5155,0.179653,8,1,28,291.81,0.9083,0.0423,0.001572,4.453
358235,520,440,960,215,12,208,330.13,0.9863,0.5530,0.192662,18,14,46,284.60,0.6468,0.0912,0.006399,4.303
358238,520,460,980,227,27,88,12.37,0.9548,0.5263,0.178222,24,3,7,8.21,0.6860,0.0558,0.002747,4.327
358258,520,436,956,217,50,166,343.53,0.8606,0.5509,0.197884,2,11,61,265.34,0.9528,0.0887,0.005891,4.435
358261,520,433,953,191,10,253,313.26,0.9943,0.5469,0.183866,45,1,35,339.12,0.8884,0.1016,0.007010,4.102
358300,520,458,978,224,22,131,356.24,0.9514,0.5318,0.180625,3,14,7,157.60,0.6575,0.0581,0.003488,4.312
358306,520,308,828,227,116,211,332.93,0.7970,0.6715,0.335268,50,56,46,132.80,0.1603,0.2324,0.037037,4.426
358309,520,474,994,206,66,91,14.08,0.7762,0.5179,0.177757,6,1,17,299.60,0.8158,0.0325,0.001009,4.465
358312,520,378,898,244,4,198,339.60,0.9974,0.5986,0.234002,65,13,48,343.77,0.7262,0.1621,0.016252,4.287
358316,520,346,866,252,38,217,336.59,0.9850,0.6344,0.270946,38,39,70,280.85,0.4302,0.1857,0.023053,4.393
358338,520,364,884,244,15,216,334.97,0.9924,0.6112,0.245356,75,3,40,356.56,0.8895,0.1690,0.017144,4.399
358339,520,477,997,160,81,198,313.27,0.7196,0.5138,0.174363,6,0,5,332.72,1.0000,0.0228,0.000497,4.443
358361,520,471,991,213,54,109,5.06,0.8248,0.5233,0.178910,12,5,2,55.48,0.4801,0.0431,0.001911,4.410
358366,520,312,832,254,75,201,342.22,0.9918,0.6564,0.303232,5,63,1,141.81,0.9977,0.2198,0.035893,4.112
358368,520,478,998,205,70,62,27.18,0.8191,0.5150,0.177094,0,2,2,194.77,1.0000,0.0198,0.000478,4.499
358369,520,346,866,221,121,102,31.88,0.6659,0.6323,0.300083,11,55,2,140.43,0.9929,0.1935,0.028078,4.484
358371,520,477,997,225,5,65,18.36,0.9945,0.5100,0.165006,0,1,3,247.65,1.0000,0.0159,0.000283,4.276
358380,520,397,917,208,59,233,321.41,0.9226,0.5842,0.224227,32,35,1,114.49,0.9526,0.1414,0.015113,4.212
358395,520,443,963,206,4,216,325.80,0.9954,0.5409,0.181684,39,4,7,19.34,0.8158,0.0837,0.005336,4.187
358403,520,374,894,179,106,226,310.38,0.7625,0.5983,0.253835,19,30,88,269.57,0.8296,0.1647,0.017715,4.487
358410,520,357,877,232,68,219,331.44,0.9177,0.6223,0.264069,36,44,17,123.03,0.5771,0.1750,0.022169,4.352
358414,520,426,946,248,14,60,21.77,0.9922,0.5604,0.206004,14,28,22,165.42,0.3803,0.1093,0.009818,4.280
358426,520,448,968,215,62,108,7.11,0.8037,0.5350,0.189774,27,3,46,305.53,0.8598,0.0830,0.004954,4.363
358430,520,457,977,220,4,151,348.12,0.9909,0.5276,0.175394,16,4,31,301.55,0.7432,0.0592,0.002959,4.256
358434,520,472,992,202,58,140,349.90,0.7804,0.5186,0.174781,8,1,11,319.02,0.7322,0.0316,0.000975,4.410
358436,520,385,905,223,92,119,10.24,0.7263,0.5913,0.246766,40,32,38,334.91,0.1551,0.1519,0.016241,4.480
358445,520,397,917,193,100,177,334.02,0.6232,0.5792,0.236275,31,32,34,264.49,0.0422,0.1399,0.014398,4.445
358468,520,392,912,236,63,145,356.40,0.8626,0.5881,0.234351,1,20,99,264.12,0.9693,0.1495,0.014075,4.438
358473,520,466,986,192,48,191,328.37,0.8562,0.5195,0.170835,26,0,8,0.87,1.0000,0.0528,0.002372,4.217
358479,520,480,1000,207,12,167,339.85,0.9685,0.5125,0.163205,0,0,0,0.00,0.0000,0.0000,0.000000,4.264
358497,520,437,957,194,67,197,326.89,0.8084,0.5456,0.195164,9,5,67,272.53,0.9681,0.0908,0.005718,4.400
358506,520,379,899,247,11,179,345.57,0.9917,0.5955,0.232714,54,28,43,345.15,0.4074,0.1645,0.017893,4.164
358529,520,393,913,225,71,180,341.70,0.8341,0.5921,0.238117,56,22,2,49.08,0.8746,0.1444,0.014191,4.488
358534,520,413,933,205,9,251,317.42,0.9954,0.5674,0.201412,19,11,79,276.81,0.9254,0.1206,0.009423,4.231
358537,520,324,844,174,133,232,301.83,0.7165,0.6461,0.316002,5,61,15,145.38,0.9867,0.2142,0.034041,4.355
358541,520,427,947,235,23,134,357.47,0.9628,0.5554,0.199992,40,13,17,12.80,0.5409,0.1026,0.007795,4.325
358548,520,375,895,235,68,176,345.45,0.8671,0.6045,0.249337,22,34,72,268.00,0.6229,0.1613,0.017824,4.413
358550,520,478,998,200,69,91,14.11,0.7433,0.5105,0.172929,8,0,1,11.38,1.0000,0.0234,0.000538,4.411
358551,520,473,993,162,64,230,307.39,0.8736,0.5180,0.170620,10,0,17,313.84,1.0000,0.0341,0.001050,4.322
358553,520,470,990,215,56,66,22.51,0.8791,0.5186,0.176713,2,8,7,185.11,0.4890,0.0426,0.002019,4.358
358560,520,129,649,255,188,230,341.20,1.0000,0.8473,0.629413,31,104,37,144.45,0.9529,0.3719,0.103251,4.433
358563,520,453,973,234,15,63,20.09,0.9872,0.5314,0.181961,15,12,29,290.23,0.4467,0.0725,0.004532,4.254
358568,520,389,909,193,83,232,316.04,0.8627,0.5869,0.233514,44,8,82,299.01,0.8855,0.1483,0.013184,4.487
358570,520,380,900,254,61,48,28.97,0.9951,0.5982,0.246254,49,28,48,328.47,0.4030,0.1595,0.016969,4.424
358572,520,440,960,219,51,159,346.52,0.8563,0.5520,0.199333,9,23,27,218.17,0.4079,0.0937,0.007500,4.336
358590,520,347,867,248,21,235,331.27,0.9925,0.6318,0.264939,76,26,17,32.22,0.7284,0.1918,0.023160,4.305
358595,520,479,999,191,66,153,341.87,0.7338,0.5143,0.172743,0,0,4,264.05,1.0000,0.0106,0.000088,4.447
358613,520,478,998,184,73,150,341.37,0.6814,0.5101,0.171589,1,1,7,277.79,0.7136,0.0203,0.000435,4.394
358635,520,455,975,222,17,143,351.48,0.9628,0.5311,0.179163,18,9,11,4.41,0.2619,0.0616,0.003481,4.285
358645,520,422,942,169,87,236,306.37,0.8536,0.5624,0.213081,3,28,43,238.22,0.7925,0.1133,0.010242,4.367
358653,520,387,907,214,29,252,319.29,0.9876,0.5889,0.222050,21,32,65,267.79,0.5807,0.1499,0.015741,4.138
358655,520,432,952,168,64,254,304.35,0.9923,0.5467,0.191480,7,25,25,195.38,0.5248,0.0974,0.008106,4.156
358671,520,393,913,202,95,178,336.71,0.6758,0.5851,0.239569,43,31,7,82.16,0.6901,0.1447,0.015090,4.449
358681,520,184,704,228,186,158,55.37,0.4742,0.7893,0.540816,17,94,16,142.68,0.9835,0.3318,0.081617,4.489
358686,520,437,957,227,47,135,356.83,0.8812,0.5535,0.201159,2,21,42,251.10,0.8201,0.0928,0.007164,4.394
358695,520,467,987,221,44,75,17.87,0.9125,0.5216,0.176842,7,4,6,337.45,0.2157,0.0370,0.001452,4.409
358740,520,408,928,226,74,99,14.88,0.8120,0.5669,0.219698,55,12,4,34.01,0.8690,0.1262,0.010841,4.433
358754,520,453,973,198,70,155,343.49,0.7352,0.5323,0.187544,8,1,59,274.33,0.9907,0.0738,0.003891,4.408
358758,520,430,950,223,65,91,15.81,0.8381,0.5489,0.202265,8,24,40,250.11,0.5710,0.1030,0.008581,4.306
358761,520,410,930,244,45,59,24.17,0.9574,0.5665,0.214290,48,8,58,318.66,0.7887,0.1322,0.011076,4.327
358767,520,279,799,254,125,83,38.52,0.9850,0.6875,0.363658,59,56,73,292.91,0.2026,0.2533,0.042392,4.477
358774,520,420,940,239,57,12,33.35,0.9884,0.5623,0.213068,13,28,20,159.71,0.4393,0.1080,0.009666,4.409
358782,520,418,938,218,54,176,340.56,0.8611,0.5613,0.206806,10,29,41,238.67,0.5408,0.1186,0.011033,4.208
358790,520,362,882,252,74,41,32.63,0.9838,0.6067,0.257567,20,38,87,265.66,0.7420,0.1830,0.022230,4.258
358798,520,444,964,221,58,89,15.02,0.8552,0.5372,0.191221,24,15,16,11.30,0.2110,0.0827,0.005733,4.328
358799,520,460,980,207,37,185,334.49,0.9052,0.5341,0.180933,8,6,35,280.25,0.7650,0.0590,0.003032,4.355
358817,520,413,933,195,77,211,322.73,0.8129,0.5681,0.216144,16,23,60,271.37,0.6861,0.1204,0.010492,4.400
358835,520,440,960,233,50,71,20.98,0.9255,0.5499,0.200628,25,11,36,307.99,0.5806,0.0859,0.005734,4.497
358836,520,463,983,232,34,4,30.97,0.9960,0.5302,0.183117,12,9,0,98.95,1.0000,0.0519,0.002735,4.421
358861,520,447,967,220,38,148,350.02,0.8959,0.5393,0.187425,21,15,12,48.02,0.1832,0.0779,0.005276,4.295
358870,520,347,867,231,80,222,330.33,0.9003,0.6348,0.280025,3,50,58,212.28,0.9151,0.1898,0.026059,4.339
358874,520,470,990,218,57,32,31.70,0.9409,0.5213,0.179386,4,4,26,276.64,0.7746,0.0442,0.001872,4.422
358878,520,447,967,186,5,252,312.14,0.9969,0.5371,0.175771,1,22,24,202.88,0.8944,0.0845,0.006462,3.999
358879,520,402,922,244,8,166,348.73,0.9925,0.5828,0.221632,45,17,48,323.65,0.6003,0.1324,0.011722,4.401
358881,520,404,924,252,42,31,29.16,0.9887,0.5781,0.224540,11,26,66,265.22,0.7800,0.1298,0.012032,4.426
358882,520,433,953,241,1,96,10.52,0.9990,0.5499,0.195703,1,1,85,264.81,0.9983,0.1040,0.006840,4.323
358887,520,370,890,240,33,212,335.14,0.9735,0.6076,0.243693,22,27,94,272.29,0.8628,0.1666,0.017625,4.343
358888,520,477,997,162,70,216,310.21,0.8172,0.5141,0.170203,2,0,9,294.50,1.0000,0.0190,0.000326,4.375
358897,520,407,927,247,11,125,2.31,0.9897,0.5730,0.214976,53,6,48,332.89,0.7862,0.1314,0.011006,4.343
358898,520,442,962,201,82,111,7.86,0.6713,0.5364,0.196017,18,13,39,289.13,0.5768,0.0839,0.005629,4.422
358904,520,442,962,171,70,239,307.99,0.9009,0.5449,0.192710,8,18,22,224.87,0.3357,0.0774,0.005421,4.379
358905,520,438,958,229,2,157,348.20,0.9966,0.5479,0.191385,18,19,34,280.25,0.3510,0.0936,0.007098,4.228
358909,520,390,910,193,72,250,312.47,0.9650,0.5870,0.228755,27,28,72,278.05,0.6484,0.1508,0.015314,4.268
358917,520,451,971,187,78,183,329.05,0.7254,0.5397,0.194338,7,13,36,269.11,0.6408,0.0729,0.004604,4.475
358937,520,446,966,210,27,201,330.68,0.9536,0.5443,0.187046,27,5,38,312.51,0.7544,0.0799,0.004815,4.324
358939,520,467,987,226,38,39,27.23,0.9605,0.5221,0.177044,7,4,16,296.20,0.5201,0.0411,0.001694,4.392
358941,520,374,894,250,38,161,352.19,0.9606,0.6026,0.242868,38,39,5,111.09,0.8178,0.1604,0.018741,4.260
358942,520,347,867,229,82,212,332.70,0.8738,0.6281,0.274484,15,45,81,254.86,0.7169,0.1941,0.025723,4.285
358955,520,419,939,225,77,52,32.05,0.8856,0.5602,0.215659,5,29,16,157.12,0.8317,0.1053,0.009484,4.466
358976,520,465,985,87,107,236,272.29,0.8779,0.5165,0.185970,3,11,16,230.79,0.4868,0.0538,0.002961,4.456
358977,520,446,966,195,5,237,317.87,0.9959,0.5387,0.178265,3,17,42,258.89,0.8014,0.0836,0.005874,4.085
358980,520,471,991,222,31,110,3.95,0.9255,0.5243,0.176380,3,5,25,271.32,0.7528,0.0450,0.001981,4.355
358982,520,390,910,248,49,120,6.20,0.9429,0.5906,0.235126,18,37,44,223.74,0.4099,0.1482,0.016335,4.298
358983,520,466,986,148,101,170,314.44,0.4945,0.5159,0.185060,15,8,7,29.44,0.2346,0.0549,0.002906,4.443
358989,520,474,994,219,30,126,357.35,0.9186,0.5235,0.174975,7,0,11,317.56,1.0000,0.0272,0.000693,4.438
358997,520,410,930,232,65,115,7.50,0.8472,0.5724,0.221771,57,9,9,25.34,0.8432,0.1274,0.010851,4.466
359027,520,377,897,193,81,251,311.68,0.9672,0.5982,0.241884,47,7,93,296.55,0.9213,0.1634,0.015466,4.459
359029,520,319,839,235,123,8,55.13,0.9869,0.6477,0.318482,9,63,7,142.40,0.9835,0.2215,0.036283,4.271
359043,520,441,961,231,51,49,26.99,0.9388,0.5434,0.195813,32,14,24,346.39,0.4137,0.0943,0.006871,4.322
359059,520,449,969,228,42,106,7.38,0.9071,0.5420,0.191934,15,12,15,325.94,0.1212,0.0659,0.003990,4.481
359066,520,266,786,242,123,231,330.86,0.9259,0.7139,0.388149,16,71,51,164.42,0.8687,0.2598,0.048554,4.446
359073,520,471,991,225,28,52,23.22,0.9691,0.5157,0.170889,4,4,10,283.18,0.3515,0.0353,0.001346,4.302
359076,520,337,857,255,70,174,350.76,1.0000,0.6410,0.286997,54,44,44,17.99,0.1232,0.2029,0.027675,4.339
359083,520,398,918,246,38,110,8.36,0.9505,0.5767,0.221083,30,29,47,286.08,0.3212,0.1375,0.013600,4.262
359116,520,228,748,254,150,110,41.56,0.9731,0.7370,0.440121,38,77,56,158.53,0.5686,0.2909,0.060052,4.454
359121,520,355,875,238,35,235,328.96,0.9800,0.6195,0.253800,54,20,86,303.37,0.7684,0.1806,0.019565,4.367
359128,520,391,911,225,98,2,46.69,0.9955,0.5878,0.247499,10,42,16,147.11,0.9110,0.1503,0.017578,4.402
359147,520,472,992,178,20,245,311.14,0.9830,0.5222,0.165589,10,0,0,29.23,1.0000,0.0255,0.000645,4.257
359154,520,401,921,242,7,178,344.75,0.9937,0.5846,0.222467,0,27,77,260.07,1.0000,0.1376,0.013196,4.311
359160,520,464,984,193,80,100,11.94,0.6564,0.5162,0.179966,6,10,17,258.58,0.3058,0.0546,0.002963,4.342
359176,520,397,917,235,76,68,27.09,0.8926,0.5799,0.232514,45,30,3,79.17,0.8400,0.1443,0.014931,4.351
359182,520,455,975,129,91,246,289.23,0.9129,0.5301,0.188029,4,16,8,155.62,0.6266,0.0644,0.004139,4.397
359192,520,391,911,223,5,246,323.03,0.9978,0.5927,0.224525,29,30,63,279.76,0.5171,0.1499,0.015486,4.192
359196,520,439,959,233,1,144,353.24,0.9984,0.5498,0.193619,30,3,48,307.80,0.8636,0.0889,0.005546,4.386
359198,520,377,897,255,50,89,17.26,1.0000,0.5974,0.242662,19,21,97,271.86,0.9235,0.1572,0.015378,4.476
359213,520,455,975,224,23,112,3.11,0.9514,0.5253,0.176327,20,7,8,14.69,0.3969,0.0590,0.003182,4.256
359214,520,409,929,253,25,1,30.17,0.9994,0.5702,0.215839,15,23,67,270.55,0.7716,0.1261,0.011195,4.344
359231,520,444,964,178,84,195,321.29,0.7169,0.5420,0.197468,8,21,17,172.42,0.4205,0.0835,0.006284,4.397
359232,520,478,998,197,59,133,351.66,0.7621,0.5074,0.166936,1,0,18,273.67,1.0000,0.0236,0.000501,4.296
359240,520,431,951,245,27,19,29.17,0.9861,0.5547,0.202469,38,12,25,351.01,0.5402,0.1005,0.007453,4.394
359241,520,437,957,238,15,90,12.48,0.9843,0.5453,0.192602,36,2,44,319.40,0.8663,0.0932,0.006004,4.332
359271,520,468,988,176,11,250,309.65,0.9925,0.5211,0.163725,15,3,1,40.09,0.7171,0.0412,0.001689,4.135
359276,520,477,997,175,62,201,319.49,0.8122,0.5125,0.167773,1,1,11,275.11,0.8474,0.0225,0.000523,4.310
359321,520,330,850,230,100,189,341.50,0.7931,0.6412,0.296138,59,31,97,299.41,0.7010,0.2146,0.027729,4.453
359349,520,393,913,247,13,162,350.63,0.9886,0.5879,0.226740,2,5,106,265.04,0.9945,0.1403,0.011619,4.491
359356,520,480,1000,224,23,5,30.02,0.9946,0.5076,0.164739,0,0,0,0.00,0.0000,0.0000,0.000000,4.295
359357,520,454,974,181,54,218,317.24,0.8814,0.5261,0.175252,25,4,31,318.44,0.7357,0.0705,0.003925,4.177
359362,520,318,838,250,71,222,335.13,0.9735,0.6569,0.301074,35,57,53,181.77,0.3168,0.2249,0.035405,4.111
359365,520,401,921,210,106,16,52.65,0.9442,0.5766,0.240492,8,39,29,168.22,0.7711,0.1430,0.015913,4.407
359369,520,394,914,238,42,168,347.58,0.9316,0.5852,0.226632,30,33,36,248.12,0.0768,0.1425,0.014911,4.262
359374,520,407,927,101,120,253,273.24,0.9780,0.5677,0.232907,15,33,35,204.81,0.4009,0.1300,0.013106,4.483
359377,520,400,920,248,24,117,5.51,0.9751,0.5762,0.218976,57,16,6,35.43,0.8095,0.1365,0.012537,4.301
359397,520,448,968,210,75,91,16.94,0.7565,0.5369,0.194913,18,14,29,295.34,0.3839,0.0796,0.005314,4.428
359400,520,319,839,143,147,246,280.27,0.8308,0.6540,0.333603,26,60,33,148.67,0.7220,0.2223,0.035610,4.481
359416,520,109,629,224,225,93,109.56,0.8126,0.8651,0.704885,18,112,29,144.19,0.9855,0.3942,0.118052,4.492
359422,520,440,960,215,31,199,332.53,0.9471,0.5538,0.195527,6,20,36,252.40,0.5949,0.0887,0.006664,4.333
359436,520,424,944,215,21,216,328.05,0.9773,0.5610,0.199434,5,11,80,267.26,0.9697,0.1132,0.008507,4.263
359444,520,173,693,240,172,241,326.10,0.8729,0.8027,0.543826,17,92,88,189.43,0.8694,0.3427,0.084777,4.406
359451,520,401,921,240,70,18,35.34,0.9803,0.5777,0.229525,6,13,99,266.75,0.9784,0.1413,0.012273,4.489
359478,520,419,939,211,87,91,20.98,0.7162,0.5558,0.214228,44,13,23,2.41,0.5772,0.1115,0.008853,4.490
359522,520,234,754,227,147,234,324.02,0.8183,0.7362,0.431403,20,81,44,152.52,0.9217,0.2927,0.062152,4.292
359529,520,445,965,162,92,200,312.27,0.6795,0.5356,0.195064,30,10,15,5.45,0.4738,0.0808,0.005276,4.433
359535,520,335,855,249,49,222,334.71,0.9718,0.6382,0.276133,75,29,40,7.35,0.5596,0.2011,0.025280,4.332
359539,520,249,769,234,142,194,345.62,0.7138,0.7183,0.407354,23,74,65,179.28,0.7229,0.2772,0.054611,4.372
359545,520,407,927,241,44,93,13.93,0.9369,0.5660,0.212957,41,23,35,340.10,0.3517,0.1306,0.012056,4.237
359552,520,407,927,222,76,121,5.28,0.7727,0.5684,0.220814,43,22,23,17.02,0.3709,0.1268,0.011493,4.404
359554,520,394,914,236,15,201,337.05,0.9879,0.5876,0.223944,3,41,14,149.07,0.9757,0.1436,0.016369,4.128
359561,520,415,935,243,34,129,1.18,0.9506,0.5744,0.217870,10,25,53,261.63,0.6677,0.1159,0.010168,4.452
359567,520,475,995,159,78,216,308.30,0.7891,0.5210,0.177782,8,0,5,339.56,1.0000,0.0255,0.000626,4.499
359579,520,299,819,240,101,221,333.23,0.9122,0.6740,0.330555,82,42,18,49.44,0.6746,0.2339,0.034937,4.480
359581,520,465,985,187,86,124,358.43,0.5954,0.5235,0.186771,18,5,15,335.73,0.5003,0.0546,0.002716,4.491
359599,520,458,978,206,57,151,346.47,0.7991,0.5299,0.182845,8,9,24,278.52,0.4712,0.0577,0.003129,4.383
359604,520,441,961,233,37,66,20.82,0.9541,0.5396,0.190432,0,11,59,263.14,1.0004,0.0852,0.005551,4.328
359607,520,458,978,223,47,95,11.30,0.8878,0.5327,0.185499,1,3,49,265.97,0.9820,0.0604,0.002933,4.449
359647,520,405,925,208,62,222,324.13,0.8974,0.5793,0.221308,25,31,18,128.40,0.3389,0.1258,0.012303,4.355
359659,520,445,965,224,34,145,351.81,0.9166,0.5433,0.190383,27,10,31,319.74,0.5529,0.0837,0.005490,4.332
359661,520,434,954,221,41,153,348.64,0.8903,0.5454,0.192604,34,17,26,347.31,0.3666,0.1040,0.008156,4.172
359676,520,381,901,227,79,177,343.74,0.8124,0.6031,0.250996,0,32,87,259.87,1.0000,0.1598,0.017210,4.478
359680,520,411,931,252,29,23,28.93,0.9896,0.5706,0.216398,5,31,36,212.37,0.7169,0.1192,0.011396,4.339
359683,520,423,943,190,53,248,312.97,0.9623,0.5627,0.202718,53,1,25,358.40,0.9215,0.1130,0.008489,4.321
359686,520,287,807,217,132,224,324.27,0.7546,0.6914,0.366375,0,69,13,145.03,1.0000,0.2408,0.042851,4.484
359694,520,465,985,230,18,16,28.83,0.9896,0.5190,0.172961,0,6,36,262.15,1.0000,0.0530,0.002576,4.241
359695,520,346,866,198,113,216,320.42,0.7201,0.6290,0.287750,36,46,57,251.08,0.2232,0.1949,0.026244,4.430
359718,520,475,995,174,13,253,308.43,0.9916,0.5213,0.163793,2,2,11,279.16,0.6358,0.0274,0.000805,4.208
359720,520,280,800,238,122,201,340.83,0.8259,0.6923,0.363155,12,72,9,142.32,0.9835,0.2539,0.047324,4.245
359730,520,341,861,247,50,214,336.35,0.9598,0.6307,0.269134,89,13,12,27.13,0.9178,0.2015,0.024386,4.290
359743,520,322,842,243,91,194,342.60,0.8968,0.6524,0.304347,50,53,0,113.22,1.0000,0.2148,0.032243,4.309
359744,520,424,944,229,37,164,346.65,0.9251,0.5633,0.206642,38,7,49,315.70,0.7692,0.1076,0.007858,4.436
359748,520,390,910,215,30,254,319.10,0.9957,0.5925,0.225332,53,15,53,327.70,0.6796,0.1457,0.013557,4.332
359750,520,460,980,222,43,97,9.91,0.8958,0.5281,0.181231,5,13,7,153.01,0.4416,0.0572,0.003354,4.334
359752,520,426,946,215,14,223,326.34,0.9882,0.5639,0.200909,33,21,12,57.64,0.3796,0.1069,0.008862,4.263
359756,520,431,951,236,8,128,359.28,0.9889,0.5510,0.195681,14,22,33,256.49,0.3363,0.0973,0.007770,4.253
359766,520,400,920,246,38,125,3.30,0.9477,0.5812,0.224631,65,3,11,20.79,0.9451,0.1379,0.012133,4.420
359767,520,399,919,255,21,66,21.11,1.0000,0.5781,0.221935,51,14,53,325.65,0.6905,0.1409,0.012750,4.334
359781,520,247,767,176,172,199,292.25,0.2403,0.7168,0.428586,44,76,17,133.79,0.9113,0.2835,0.057447,4.454
359782,520,209,729,249,163,137,37.57,0.8402,0.7611,0.481426,4,88,52,157.20,0.9874,0.3147,0.072529,4.337
359788,520,475,995,219,4,135,353.31,0.9902,0.5183,0.168987,12,0,8,338.25,1.0000,0.0319,0.000957,4.297
359802,520,351,871,242,38,236,329.64,0.9796,0.6285,0.263224,84,12,29,13.42,0.8329,0.1929,0.022368,4.328
359812,520,391,911,216,47,229,324.83,0.9460,0.5850,0.222911,8,37,49,229.16,0.6916,0.1459,0.015964,4.137
359823,520,337,857,248,18,244,329.22,0.9948,0.6369,0.269237,68,36,46,0.43,0.3972,0.2048,0.026881,4.152
359825,520,458,978,182,28,240,313.22,0.9705,0.5274,0.170680,2,0,51,267.86,1.0000,0.0574,0.002519,4.202
359836,520,480,1000,207,14,170,338.92,0.9644,0.5148,0.164839,0,0,0,0.00,0.0000,0.0000,0.000000,4.297
359838,520,408,928,218,66,161,346.43,0.8069,0.5654,0.213774,46,22,6,52.63,0.6851,0.1277,0.011679,4.277
359848,520,370,890,229,55,218,330.95,0.9342,0.6055,0.244547,50,28,57,317.67,0.4808,0.1661,0.018041,4.329
359867,520,389,909,248,63,4,34.47,0.9967,0.5857,0.235237,13,14,103,269.31,0.9717,0.1512,0.013788,4.472
359876,520,433,953,227,49,134,357.37,0.8749,0.5547,0.202515,27,11,56,294.30,0.7609,0.1041,0.007579,4.386
359908,520,268,788,254,120,172,357.66,0.9729,0.7015,0.374853,45,58,101,269.57,0.4946,0.2628,0.045235,4.461
359910,520,332,852,247,46,231,331.99,0.9733,0.6383,0.275006,73,32,6,48.87,0.8154,0.1957,0.024629,4.355
359916,520,358,878,222,56,253,320.60,0.9908,0.6184,0.254518,28,44,45,200.91,0.2630,0.1767,0.022376,4.207
359917,520,452,972,189,79,149,344.11,0.6630,0.5265,0.185822,26,3,31,320.50,0.7723,0.0700,0.003837,4.380
359934,520,464,984,220,3,135,353.51,0.9928,0.5201,0.170326,20,3,6,7.88,0.6291,0.0496,0.002270,4.215
359937,520,480,1000,179,49,210,318.89,0.8781,0.5123,0.164346,0,0,0,0.00,0.0000,0.0000,0.000000,4.287
359939,520,459,979,205,74,98,12.79,0.7323,0.5283,0.187606,23,5,3,32.03,0.6511,0.0574,0.002973,4.485
359940,520,352,872,248,89,34,37.60,0.9594,0.6170,0.272200,48,44,3,103.73,0.9071,0.1863,0.024364,4.333
359946,520,458,978,207,63,135,353.83,0.7723,0.5310,0.185718,7,4,38,279.07,0.8719,0.0566,0.002719,4.471
359950,520,458,978,185,27,233,315.69,0.9677,0.5257,0.169826,12,7,22,298.21,0.4824,0.0558,0.002880,4.157
359953,520,368,888,243,4,227,332.05,0.9983,0.6142,0.246905,31,43,33,149.51,0.2700,0.1715,0.021288,4.165
359954,520,410,930,219,91,28,42.44,0.9244,0.5672,0.226285,18,27,59,269.28,0.6014,0.1305,0.012282,4.436
359956,520,475,995,187,36,217,319.92,0.9326,0.5210,0.168377,0,4,15,253.54,0.9999,0.0331,0.001213,4.264
359966,520,405,925,244,3,162,349.88,0.9970,0.5800,0.219101,13,33,29,179.22,0.4809,0.1263,0.012619,4.297
359976,520,395,915,184,82,252,308.52,0.9721,0.5878,0.232541,19,37,15,139.99,0.6718,0.1386,0.014960,4.349
359983,520,368,888,226,9,255,321.79,1.0000,0.6053,0.235863,18,4,119,270.49,0.9939,0.1661,0.015472,4.366
359984,520,464,984,208,23,172,338.64,0.9395,0.5210,0.170034,0,4,39,263.62,1.0014,0.0513,0.002333,4.204
359987,520,370,890,252,61,121,7.73,0.9692,0.6083,0.254169,68,19,38,359.67,0.6554,0.1710,0.018348,4.450
359989,520,467,987,138,75,249,294.17,0.9519,0.5181,0.172750,0,7,11,221.55,1.0000,0.0395,0.001761,4.303
360010,520,459,979,215,46,137,353.36,0.8528,0.5306,0.182096,12,6,34,288.44,0.7172,0.0616,0.003239,4.360
360011,520,452,972,201,32,207,326.60,0.9399,0.5350,0.179573,11,11,36,279.42,0.6214,0.0718,0.004379,4.222
360014,520,474,994,188,65,168,334.86,0.7522,0.5160,0.173006,7,1,7,327.66,0.6667,0.0286,0.000822,4.388
360015,520,419,939,197,17,250,315.44,0.9896,0.5555,0.191748,39,19,23,7.34,0.3760,0.1143,0.009590,4.057
360021,520,368,888,226,69,208,332.98,0.8874,0.6069,0.249814,35,18,103,281.81,0.8953,0.1728,0.017692,4.429
360023,520,225,745,245,138,242,328.15,0.9490,0.7477,0.440023,13,78,99,225.48,0.8472,0.3035,0.064349,4.285
360032,520,355,875,234,23,255,323.59,1.0000,0.6220,0.253276,78,15,8,30.31,0.8977,0.1789,0.019792,4.345
360037,520,360,880,230,53,234,327.13,0.9546,0.6159,0.253121,68,20,53,342.00,0.6559,0.1795,0.019865,4.339
360038,520,377,897,228,72,178,343.23,0.8375,0.5974,0.243455,54,24,50,332.35,0.5194,0.1602,0.016679,4.401
360072,520,375,895,250,29,172,348.53,0.9730,0.6032,0.241847,62,25,8,43.49,0.7458,0.1621,0.017371,4.332
360106,520,392,912,250,63,24,32.91,0.9792,0.5903,0.239485,29,34,42,259.77,0.1716,0.1471,0.015724,4.405
360121,520,346,866,240,58,217,333.96,0.9431,0.6260,0.265639,41,46,47,211.05,0.0679,0.1948,0.026306,4.136
360143,520,363,883,225,65,223,328.52,0.9176,0.6104,0.251181,9,30,99,265.27,0.9225,0.1718,0.018873,4.373
360149,520,356,876,237,31,241,327.35,0.9849,0.6201,0.253380,40,12,112,283.89,0.9397,0.1820,0.018839,4.407
360156,520,420,940,200,11,249,316.52,0.9938,0.5580,0.193598,23,26,9,117.35,0.5068,0.1075,0.009407,4.101
360158,520,405,925,230,41,179,342.25,0.9264,0.5751,0.216662,33,16,63,295.49,0.7216,0.1255,0.010528,4.406
360170,520,412,932,249,37,14,30.38,0.9903,0.5680,0.214982,23,27,35,264.15,0.1886,0.1190,0.010874,4.353
360176,520,291,811,225,105,253,319.66,0.9859,0.6759,0.332043,37,62,44,152.33,0.4436,0.2388,0.040203,4.235
360184,520,467,987,128,82,251,289.52,0.9640,0.5191,0.175887,2,0,31,272.67,1.0000,0.0360,0.001118,4.419
360189,520,417,937,207,13,247,318.77,0.9928,0.5683,0.202704,5,21,66,264.32,0.8921,0.1153,0.009619,4.239
360196,520,456,976,205,67,136,353.38,0.7517,0.5324,0.187730,20,2,31,310.97,0.8218,0.0599,0.002911,4.493
360206,520,335,855,245,5,255,326.18,1.0000,0.6368,0.267438,69,15,87,315.91,0.8045,0.1990,0.022951,4.351
360252,520,368,888,245,46,189,342.83,0.9474,0.6110,0.250437,18,45,23,148.10,0.7271,0.1657,0.020672,4.251
360254,520,450,970,188,41,238,315.05,0.9488,0.5425,0.184515,19,10,23,314.99,0.4026,0.0695,0.004174,4.329
360258,520,447,967,237,16,44,24.76,0.9899,0.5355,0.185602,15,2,57,282.61,0.9626,0.0787,0.004404,4.331
360282,520,345,865,255,77,103,16.81,1.0000,0.6251,0.275506,74,28,3,45.49,0.8945,0.1896,0.022932,4.463
360287,520,442,962,223,63,41,31.11,0.9226,0.5384,0.194058,4,7,59,268.47,0.9591,0.0813,0.004935,4.443
360295,520,475,995,184,24,227,316.86,0.9682,0.5178,0.163909,6,1,16,301.22,0.8035,0.0319,0.000978,4.196
360298,520,458,978,233,23,39,25.99,0.9833,0.5289,0.180860,8,10,29,275.86,0.5532,0.0628,0.003574,4.309
360302,520,343,863,205,109,221,321.74,0.7728,0.6347,0.291382,41,49,2,119.27,0.9518,0.1934,0.026724,4.449
360308,520,476,996,171,79,170,327.87,0.6618,0.5089,0.171532,7,0,3,348.27,1.0000,0.0231,0.000518,4.385
360314,520,302,822,242,101,210,337.36,0.9049,0.6715,0.328403,31,60,32,144.77,0.6533,0.2250,0.036272,4.386
360316,520,448,968,193,62,195,327.28,0.8189,0.5372,0.187243,21,14,21,326.31,0.2406,0.0788,0.005277,4.292
360319,520,478,998,137,83,228,296.37,0.8226,0.5105,0.171064,5,1,4,334.75,0.5642,0.0245,0.000627,4.366
360342,520,422,942,244,28,92,13.26,0.9700,0.5629,0.208397,35,7,61,302.43,0.8318,0.1135,0.008462,4.420
360345,520,471,991,181,1,245,312.26,0.9992,0.5221,0.164391,5,5,16,281.72,0.4682,0.0417,0.001782,4.140
360366,520,466,986,181,9,244,312.38,0.9931,0.5229,0.165519,5,7,23,273.64,0.5660,0.0502,0.002461,4.108
360374,520,390,910,250,1,147,355.66,0.9991,0.5852,0.224558,18,9,107,271.62,0.9803,0.1539,0.013854,4.300
360386,520,431,951,187,51,243,313.27,0.9412,0.5524,0.194047,30,3,57,300.70,0.9043,0.0972,0.006366,4.330
360404,520,439,959,240,37,64,21.83,0.9625,0.5538,0.202219,25,13,37,305.30,0.5426,0.0901,0.006281,4.481
360410,520,469,989,194,53,187,330.17,0.8347,0.5248,0.176050,14,4,4,20.66,0.4381,0.0436,0.001890,4.356
360416,520,454,974,225,10,128,357.15,0.9804,0.5290,0.177859,6,16,6,144.17,0.5786,0.0654,0.004224,4.202
360426,520,387,907,227,34,226,328.49,0.9711,0.5941,0.229683,30,25,79,281.50,0.7268,0.1536,0.015358,4.279
360437,520,288,808,253,77,244,330.16,0.9923,0.6801,0.327250,30,66,13,137.52,0.9436,0.2411,0.042014,4.100
360465,520,341,861,215,89,240,320.65,0.9152,0.6320,0.278848,87,13,25,17.98,0.8547,0.1994,0.023846,4.453
360473,520,336,856,251,71,179,348.31,0.9608,0.6370,0.282736,64,37,55,340.30,0.3768,0.2047,0.026891,4.327
360480,520,456,976,232,25,51,23.58,0.9778,0.5290,0.180932,20,3,28,314.21,0.7533,0.0598,0.002977,4.359
360482,520,431,951,217,75,82,21.34,0.7999,0.5477,0.203955,42,5,26,349.55,0.7408,0.0973,0.006754,4.475
360491,520,448,968,168,76,234,307.56,0.8673,0.5443,0.194349,5,4,60,270.12,0.9750,0.0780,0.004453,4.487
360504,520,477,997,214,29,126,356.22,0.9122,0.5129,0.166837,0,2,4,233.51,1.0000,0.0210,0.000522,4.292
360528,520,438,958,150,83,252,296.91,0.9684,0.5460,0.196990,13,14,45,277.22,0.6731,0.0862,0.005891,4.419
360551,520,424,944,217,21,216,328.56,0.9782,0.5645,0.202481,19,8,70,279.96,0.9153,0.1062,0.007543,4.388
360553,520,456,976,191,72,163,338.06,0.7210,0.5270,0.183570,27,0,14,349.78,1.0000,0.0565,0.002648,4.436
360554,520,347,867,248,25,238,330.57,0.9909,0.6350,0.268277,58,23,88,305.11,0.7434,0.1925,0.022170,4.410
360556,520,348,868,250,48,201,340.55,0.9691,0.6276,0.266581,51,35,65,307.75,0.4321,0.1876,0.022876,4.344
360564,520,411,931,241,9,148,353.71,0.9897,0.5691,0.210375,41,18,41,327.17,0.5144,0.1237,0.010642,4.294
360566,520,400,920,247,38,105,10.16,0.9534,0.5773,0.221838,42,24,44,323.29,0.4143,0.1388,0.013274,4.296
360604,520,460,980,214,42,142,350.97,0.8658,0.5278,0.179074,18,9,0,78.02,1.0000,0.0583,0.003240,4.303
360608,520,414,934,244,6,145,355.22,0.9937,0.5733,0.214110,29,27,28,345.56,0.0403,0.1219,0.011289,4.309
360615,520,387,907,247,25,167,349.33,0.9749,0.5936,0.232627,17,5,111,270.86,0.9908,0.1549,0.013753,4.433
360621,520,364,884,231,74,179,343.76,0.8426,0.6052,0.251437,18,46,0,135.72,1.0000,0.1653,0.020825,4.256
360637,520,380,900,190,96,231,314.30,0.8274,0.6002,0.250834,55,28,19,39.14,0.4921,0.1579,0.016899,4.497
360653,520,479,999,147,75,230,300.90,0.8498,0.5122,0.169487,1,0,3,302.89,1.0000,0.0124,0.000130,4.378
360665,520,445,965,227,43,105,7.69,0.9023,0.5404,0.190814,5,21,0,136.32,1.0000,0.0771,0.005686,4.325
360701,520,420,940,202,58,218,323.53,0.8914,0.5632,0.206463,7,31,18,157.09,0.7644,0.1133,0.010688,4.226
360710,520,444,964,238,15,55,22.38,0.9896,0.5387,0.187979,28,13,12,24.10,0.3672,0.0825,0.005613,4.279
360711,520,452,972,159,81,227,305.35,0.8233,0.5338,0.188023,33,1,14,357.87,0.8574,0.0691,0.003768,4.427
360720,520,428,948,247,36,6,30.80,0.9956,0.5630,0.210526,40,13,20,5.72,0.5337,0.1036,0.007895,4.500
360729,520,353,873,227,103,134,6.61,0.7142,0.6193,0.277550,54,40,10,83.31,0.7086,0.1840,0.023238,4.472
360734,520,363,883,225,50,244,323.53,0.9627,0.6124,0.248226,60,24,56,331.74,0.5760,0.1734,0.018996,4.322
360754,520,362,882,234,58,208,334.96,0.9248,0.6105,0.250752,24,44,58,240.33,0.4181,0.1804,0.023010,4.119
360766,520,346,866,253,41,198,341.92,0.9870,0.6273,0.265491,56,23,86,304.39,0.7361,0.1878,0.021255,4.428
360779,520,417,937,228,7,197,336.23,0.9927,0.5687,0.206797,25,10,77,282.85,0.8985,0.1223,0.009595,4.309
360789,520,8,528,248,252,250,165.01,0.3845,0.9854,0.964793,30,135,48,145.48,0.9737,0.4749,0.178166,4.448
360799,520,396,916,233,78,50,32.51,0.9075,0.5763,0.230056,43,16,62,308.23,0.7058,0.1379,0.012320,4.494
360800,520,399,919,207,89,172,340.57,0.7047,0.5810,0.233905,6,35,43,219.58,0.7259,0.1356,0.014151,4.426
360821,520,144,664,241,183,245,324.31,0.8903,0.8274,0.591616,43,97,61,152.49,0.7226,0.3590,0.093996,4.456
360836,520,428,948,212,31,222,325.70,0.9638,0.5640,0.202529,22,13,58,285.79,0.7631,0.1037,0.007639,4.381
360839,520,395,915,238,27,189,340.91,0.9706,0.5883,0.226380,0,16,96,263.96,1.0035,0.1387,0.012150,4.447
360843,520,405,925,170,103,223,307.84,0.7479,0.5799,0.235748,10,37,1,138.06,0.9903,0.1310,0.013898,4.472
360854,520,369,889,241,52,184,343.59,0.9260,0.6053,0.246204,58,0,90,307.68,1.0000,0.1702,0.016378,4.462
360855,520,437,957,160,97,213,307.02,0.7138,0.5503,0.208276,3,25,15,162.07,0.8585,0.0914,0.007491,4.492
360861,520,458,978,230,42,26,29.91,0.9686,0.5322,0.185565,6,12,25,262.93,0.4707,0.0629,0.003718,4.385
360869,520,337,857,220,91,233,323.94,0.8915,0.6375,0.285828,32,45,81,267.37,0.5171,0.2040,0.027778,4.318
360907,520,32,552,246,240,248,317.74,0.4366,0.9558,0.886905,3,129,41,146.22,0.9981,0.4502,0.158793,4.487
360920,520,356,876,235,9,248,325.41,0.9971,0.6154,0.246374,45,37,60,299.68,0.3397,0.1818,0.022073,4.112
360922,520,370,890,251,7,192,342.75,0.9960,0.6091,0.244703,10,42,58,234.32,0.6984,0.1673,0.020259,4.195
360941,520,455,975,148,83,230,300.26,0.8297,0.5252,0.181959,10,5,32,287.15,0.7379,0.0563,0.002774,4.395
360944,520,387,907,252,45,84,17.94,0.9805,0.5869,0.232160,55,24,9,44.95,0.6796,0.1477,0.014853,4.351
360949,520,448,968,185,7,253,311.64,0.9958,0.5368,0.175592,4,20,29,234.01,0.6293,0.0833,0.006148,4.018
360955,520,366,886,250,17,191,342.88,0.9893,0.6087,0.244898,9,20,112,266.87,0.9696,0.1697,0.017281,4.383
360962,520,465,985,219,52,53,25.89,0.9157,0.5206,0.177757,9,6,10,318.58,0.2143,0.0455,0.002102,4.371
360979,520,420,940,167,89,230,306.77,0.8186,0.5583,0.210740,15,25,47,264.43,0.5088,0.1145,0.010020,4.344
361018,520,389,909,253,53,62,24.81,0.9892,0.5911,0.237803,31,22,82,283.01,0.7769,0.1519,0.014743,4.445
361020,520,352,872,228,75,207,333.87,0.8769,0.6158,0.260335,16,1,136,268.38,0.9991,0.1877,0.019093,4.492
361055,520,360,880,250,76,108,14.38,0.9477,0.6159,0.265790,64,31,13,47.53,0.6574,0.1785,0.020992,4.448
361085,520,404,924,231,34,197,337.09,0.9561,0.5830,0.221668,40,8,69,302.42,0.8441,0.1295,0.010545,4.487
361087,520,405,925,247,43,111,8.58,0.9425,0.5820,0.226530,23,29,49,270.43,0.3916,0.1323,0.012826,4.402
361094,520,443,963,239,0,46,23.84,1.0000,0.5363,0.185513,31,2,41,316.23,0.8602,0.0829,0.004949,4.286
361096,520,395,915,234,49,192,339.45,0.9261,0.5946,0.234975,55,18,31,0.64,0.5799,0.1423,0.013439,4.492
361100,520,436,956,234,46,80,17.69,0.9283,0.5505,0.200287,28,19,2,83.98,0.7945,0.0934,0.007170,4.378
361106,520,477,997,222,1,91,9.42,0.9982,0.5085,0.163094,1,1,5,279.71,0.6028,0.0191,0.000391,4.229
361117,520,352,872,210,94,215,325.95,0.8039,0.6158,0.266150,77,13,61,340.18,0.7695,0.1929,0.022028,4.389
361123,520,383,903,240,41,197,339.29,0.9541,0.6031,0.241453,35,36,5,111.17,0.7941,0.1482,0.016300,4.396
361139,520,415,935,200,78,195,329.34,0.7778,0.5672,0.216699,11,29,37,228.92,0.4833,0.1169,0.010834,4.384
361148,520,479,999,213,55,2,35.02,0.9963,0.5076,0.168854,3,0,0,29.23,1.0000,0.0143,0.000194,4.360
361154,520,362,882,203,89,228,320.04,0.8482,0.6066,0.254441,42,44,21,112.89,0.4647,0.1820,0.023478,4.143
361168,520,383,903,234,0,224,330.73,1.0000,0.5954,0.228769,20,40,25,150.90,0.5243,0.1513,0.017364,4.138
361169,520,422,942,222,71,97,14.58,0.8083,0.5554,0.209017,49,9,1,36.87,0.9466,0.1096,0.008506,4.427
361180,520,471,991,211,43,143,349.93,0.8553,0.5232,0.175621,5,4,14,287.97,0.4751,0.0381,0.001508,4.380
361195,520,470,990,211,34,140,350.57,0.8879,0.5158,0.168887,19,0,8,351.36,1.0000,0.0416,0.001560,4.245
361207,520,449,969,218,50,132,356.29,0.8464,0.5375,0.188550,0,20,10,161.81,1.0000,0.0731,0.005222,4.320
361218,520,464,984,119,90,243,286.17,0.9000,0.5158,0.177050,8,7,7,17.43,0.0407,0.0459,0.002189,4.351
361223,520,459,979,214,70,17,37.37,0.9638,0.5275,0.187194,5,6,39,273.16,0.8685,0.0599,0.003090,4.468
361224,520,421,941,248,8,49,23.93,0.9961,0.5576,0.203555,6,28,32,211.09,0.6274,0.1088,0.009735,4.245
361225,520,439,959,224,20,168,343.82,0.9634,0.5481,0.191773,37,9,22,353.93,0.5977,0.0929,0.006467,4.282
361241,520,477,997,158,45,250,303.13,0.9735,0.5117,0.160485,7,0,0,29.23,1.0000,0.0213,0.000452,4.172
361250,520,392,912,221,80,158,349.64,0.7663,0.5855,0.235804,39,17,79,293.58,0.7892,0.1495,0.013967,4.468
361263,520,303,823,229,102,237,325.24,0.9102,0.6678,0.322772,58,51,61,315.81,0.1460,0.2332,0.036041,4.332
361267,520,13,533,252,254,208,109.49,0.9869,0.9814,0.961333,56,132,44,141.06,0.9320,0.4736,0.175245,4.490
361282,520,464,984,176,2,254,308.94,0.9987,0.5228,0.164302,17,5,11,347.63,0.4459,0.0519,0.002519,4.080
361283,520,361,881,251,25,212,337.57,0.9869,0.6244,0.259612,74,21,0,40.87,1.0000,0.1775,0.019924,4.428
361306,520,444,964,181,46,238,312.79,0.9364,0.5353,0.179519,37,2,27,341.36,0.8080,0.0838,0.005159,4.161
361308,520,408,928,225,61,149,352.31,0.8349,0.5676,0.215175,26,27,46,280.81,0.3563,0.1279,0.012007,4.277
361310,520,399,919,241,64,54,28.22,0.9373,0.5761,0.226371,15,37,15,143.84,0.7597,0.1360,0.014591,4.279
361362,520,233,753,239,151,183,356.67,0.7035,0.7377,0.439049,23,80,20,142.40,0.9605,0.2861,0.059698,4.458
361369,520,388,908,242,54,150,355.08,0.9049,0.5934,0.237207,16,31,68,264.99,0.6826,0.1466,0.015074,4.414
361371,520,471,991,169,31,254,306.33,0.9950,0.5219,0.165715,8,2,27,291.24,0.8307,0.0440,0.001742,4.169
361384,520,426,946,222,60,152,350.38,0.8308,0.5624,0.210308,16,19,61,274.45,0.7508,0.1126,0.009128,4.402
361399,520,419,939,219,75,103,12.59,0.7765,0.5564,0.210739,19,10,72,278.83,0.9063,0.1112,0.008234,4.477
361403,520,337,857,242,58,236,329.56,0.9609,0.6409,0.279622,79,25,35,12.23,0.6502,0.2004,0.024791,4.407
361417,520,408,928,228,51,155,350.09,0.8774,0.5669,0.212309,24,33,3,124.18,0.8781,0.1279,0.012885,4.171
361433,520,466,986,198,74,117,1.99,0.6962,0.5217,0.181895,6,0,37,280.99,1.0000,0.0459,0.001723,4.483
361444,520,398,918,210,39,243,320.07,0.9667,0.5803,0.216255,28,9,87,282.47,0.9293,0.1359,0.011303,4.343
361448,520,431,951,212,85,44,37.74,0.8599,0.5468,0.206782,8,28,17,157.46,0.6560,0.1042,0.009226,4.336
361469,520,341,861,224,95,190,339.03,0.7749,0.6252,0.277516,71,36,17,47.67,0.6321,0.2019,0.026420,4.286
361482,520,289,809,202,145,181,341.13,0.4288,0.6779,0.361446,17,68,1,139.77,0.9975,0.2409,0.042554,4.445
361491,520,313,833,235,78,251,323.91,0.9826,0.6570,0.300782,69,30,89,312.41,0.6720,0.2205,0.029151,4.432
361494,520,380,900,230,15,237,326.69,0.9929,0.6001,0.232815,18,37,68,259.71,0.6103,0.1635,0.018690,4.117
361509,520,462,982,179,14,252,310.06,0.9909,0.5283,0.169271,16,3,17,325.17,0.6364,0.0486,0.002158,4.204
361512,520,428,948,242,31,88,14.49,0.9645,0.5592,0.205651,7,14,61,269.05,0.9016,0.0971,0.006961,4.488
361514,520,185,705,227,179,201,349.33,0.4746,0.7861,0.527893,0,89,98,206.69,1.0000,0.3349,0.080262,4.436
361516,520,459,979,189,26,230,317.55,0.9682,0.5293,0.172721,0,14,25,237.76,1.0000,0.0628,0.003842,4.137
361522,520,228,748,236,138,245,324.02,0.9317,0.7373,0.426042,1,83,37,150.98,0.9977,0.2936,0.063263,4.203
361544,520,324,844,222,117,181,344.25,0.6805,0.6520,0.315903,22,54,62,216.39,0.5376,0.2117,0.031566,4.486
361554,520,373,893,253,22,158,353.21,0.9843,0.6003,0.239286,23,14,105,274.19,0.9570,0.1600,0.015161,4.440
361563,520,423,943,251,14,34,26.77,0.9943,0.5639,0.209425,3,16,70,265.12,0.9428,0.1082,0.008321,4.448
361570,520,468,988,195,65,157,341.41,0.7511,0.5220,0.178187,16,0,12,336.55,1.0000,0.0389,0.001367,4.442
361578,520,424,944,212,1,230,323.97,0.9992,0.5611,0.197339,14,13,72,273.73,0.9114,0.1117,0.008490,4.229
361585,520,421,941,237,19,138,356.39,0.9727,0.5596,0.203083,26,22,38,295.08,0.3326,0.1110,0.009334,4.265
361586,520,366,886,245,30,211,336.53,0.9795,0.6148,0.250472,68,10,52,341.64,0.7707,0.1670,0.016941,4.489
361608,520,463,983,235,0,45,23.86,1.0000,0.5275,0.178548,6,7,20,277.57,0.4690,0.0494,0.002412,4.361
361628,520,397,917,229,6,215,331.77,0.9956,0.5816,0.216971,52,20,27,8.00,0.5160,0.1390,0.013096,4.231
361669,520,268,788,250,96,244,329.32,0.9800,0.6958,0.352241,69,59,49,67.04,0.1763,0.2631,0.046150,4.183
361674,520,347,867,249,20,226,333.63,0.9920,0.6276,0.261341,74,20,56,343.48,0.6834,0.1923,0.022419,4.299
361685,520,442,962,229,39,84,15.04,0.9321,0.5362,0.187521,4,1,69,268.23,0.9963,0.0836,0.004771,4.337
361711,520,465,985,185,80,150,342.35,0.6481,0.5219,0.182550,10,4,24,295.94,0.6693,0.0485,0.002173,4.457
361712,520,442,962,218,62,113,5.51,0.8102,0.5423,0.195454,27,10,25,331.55,0.4884,0.0805,0.005203,4.446
361713,520,437,957,235,32,119,3.09,0.9434,0.5540,0.200302,3,25,7,148.19,0.9393,0.0895,0.007299,4.368
361725,520,428,948,233,61,70,23.13,0.9042,0.5597,0.211063,15,25,21,167.99,0.2674,0.1009,0.008509,4.462
361726,520,398,918,233,80,47,33.75,0.9122,0.5785,0.232691,56,16,31,359.90,0.6234,0.1410,0.013104,4.480
361740,520,451,971,238,14,52,23.02,0.9908,0.5380,0.187424,19,14,3,89.06,0.5990,0.0710,0.004591,4.349
361742,520,423,943,242,17,121,2.94,0.9802,0.5629,0.206619,13,27,25,184.41,0.3516,0.1068,0.009396,4.320
361743,520,431,951,215,64,138,354.62,0.7916,0.5478,0.199511,9,18,55,268.54,0.7902,0.1005,0.007665,4.327
361753,520,311,831,226,108,210,332.79,0.8059,0.6572,0.315490,29,60,3,134.70,0.9823,0.2194,0.034994,4.300
361757,520,330,850,227,124,61,49.50,0.8106,0.6404,0.310854,29,55,36,151.48,0.5319,0.2085,0.031209,4.444
361771,520,325,845,250,74,199,341.86,0.9615,0.6476,0.293481,57,39,68,311.88,0.4050,0.2063,0.027383,4.439
361777,520,317,837,243,63,252,325.95,0.9895,0.6568,0.296406,77,33,49,358.86,0.5163,0.2153,0.028875,4.392
361780,520,436,956,242,5,72,17.95,0.9962,0.5476,0.194571,40,4,9,16.04,0.8038,0.0861,0.005577,4.401
361816,520,445,965,238,3,87,13.03,0.9970,0.5418,0.189336,4,21,11,157.11,0.7497,0.0791,0.005863,4.284
361817,520,386,906,253,58,23,32.11,0.9913,0.5917,0.239743,20,24,86,272.73,0.8576,0.1508,0.014738,4.476
361828,520,471,991,222,23,99,7.47,0.9532,0.5171,0.170460,10,0,31,294.44,1.0000,0.0442,0.001635,4.270
361830,520,407,927,236,57,98,13.26,0.8930,0.5676,0.216440,21,20,71,277.23,0.7837,0.1281,0.011146,4.357
361846,520,373,893,221,68,209,331.32,0.8811,0.5981,0.241120,47,34,19,69.66,0.4096,0.1601,0.017955,4.284
361847,520,319,839,178,138,222,305.28,0.6286,0.6548,0.329162,43,57,12,125.12,0.8208,0.2213,0.034664,4.478
361849,520,480,1000,164,60,223,310.01,0.8670,0.5106,0.164527,0,0,0,0.00,0.0000,0.0000,0.000000,4.291
361852,520,355,875,131,138,232,278.72,0.7249,0.6151,0.288279,15,51,23,148.19,0.8844,0.1843,0.025310,4.492
361855,520,137,657,225,196,249,309.47,0.8192,0.8392,0.623274,14,105,3,141.81,0.9975,0.3680,0.102027,4.429
361856,520,441,961,242,20,0,30.03,1.0000,0.5449,0.193810,13,11,55,277.08,0.8353,0.0897,0.006007,4.353
361860,520,463,983,221,57,47,28.45,0.9157,0.5287,0.185063,9,7,7,17.69,0.0782,0.0468,0.002254,4.498
361873,520,426,946,185,60,251,310.51,0.9745,0.5639,0.205120,14,21,53,270.78,0.6539,0.1085,0.008867,4.334
361875,520,39,559,252,234,245,340.28,0.8377,0.9470,0.861342,65,120,97,164.97,0.5231,0.4527,0.154194,4.463
361876,520,393,913,187,79,253,309.50,0.9823,0.5889,0.232495,0,35,48,227.39,1.0000,0.1357,0.014154,4.403
361884,520,350,870,211,105,207,328.77,0.7437,0.6291,0.284586,34,42,72,271.30,0.4382,0.1912,0.024638,4.483
361892,520,360,880,238,51,221,332.39,0.9540,0.6198,0.257679,26,43,53,235.08,0.3386,0.1761,0.022043,4.271
361906,520,326,846,255,42,234,333.06,1.0000,0.6518,0.288596,90,13,52,355.50,0.7966,0.2149,0.027098,4.392
361947,520,476,996,228,3,48,22.95,0.9976,0.5134,0.167755,4,0,7,315.09,1.0000,0.0210,0.000412,4.320
361962,520,422,942,244,4,100,9.75,0.9962,0.5579,0.202435,26,22,39,294.21,0.3491,0.1115,0.009399,4.250
361976,520,465,985,158,61,244,303.29,0.9344,0.5212,0.171387,6,7,12,274.01,0.2208,0.0458,0.002172,4.243
362001,520,394,914,247,46,118,6.46,0.9384,0.5860,0.230396,11,18,94,268.61,0.9529,0.1443,0.013118,4.442
362027,520,453,973,192,93,42,45.21,0.7929,0.5250,0.192040,9,12,25,272.86,0.4026,0.0653,0.003912,4.490
362028,520,402,922,216,20,242,322.11,0.9881,0.5812,0.215120,21,28,48,268.48,0.4102,0.1274,0.012033,4.274
362032,520,401,921,238,58,130,1.86,0.8814,0.5818,0.228180,24,33,32,187.97,0.1692,0.1353,0.013862,4.356
362066,520,460,980,222,55,49,27.57,0.9189,0.5290,0.184864,11,13,16,258.37,0.1151,0.0649,0.003964,4.352
362074,520,340,860,182,129,215,311.57,0.6234,0.6376,0.305525,8,57,5,142.06,0.9854,0.1999,0.029887,4.450
362076,520,434,954,241,1,111,5.66,0.9989,0.5541,0.198735,29,9,57,297.12,0.7926,0.1046,0.007520,4.324
362077,520,475,995,227,23,83,13.78,0.9656,0.5233,0.175711,2,4,7,250.21,0.3332,0.0318,0.001151,4.413
362079,520,38,558,248,240,211,94.29,0.6599,0.9463,0.869802,32,129,14,141.24,0.9908,0.4528,0.160387,4.372
362092,520,465,985,207,69,47,31.70,0.8679,0.5153,0.177291,13,6,15,319.12,0.3852,0.0512,0.002503,4.329
362102,520,428,948,176,68,255,306.41,1.0000,0.5627,0.205851,27,7,60,293.57,0.8452,0.1022,0.007112,4.480
362127,520,392,912,195,83,230,317.21,0.8569,0.5884,0.235030,21,39,33,171.01,0.3744,0.1514,0.017202,4.241
362154,520,444,964,174,67,233,310.57,0.8819,0.5408,0.188970,30,8,17,356.22,0.5383,0.0780,0.004902,4.353
362165,520,348,868,254,83,99,19.32,0.9889,0.6292,0.281617,42,38,76,286.26,0.4922,0.1916,0.024002,4.481
362172,520,471,991,202,51,160,341.66,0.8182,0.5214,0.174642,0,3,26,262.73,1.0002,0.0376,0.001397,4.371
362181,520,415,935,244,54,0,33.42,1.0000,0.5694,0.218748,22,27,44,270.96,0.3520,0.1231,0.011363,4.380
362184,520,379,899,236,33,208,335.26,0.9687,0.5981,0.234774,75,0,34,1.50,1.0000,0.1636,0.016116,4.307
362191,520,399,919,202,50,252,315.63,0.9843,0.5818,0.218675,53,7,56,325.35,0.7934,0.1382,0.011945,4.337
362197,520,479,999,194,70,113,2.25,0.7023,0.5077,0.170437,1,0,3,302.89,1.0000,0.0124,0.000130,4.397
362227,520,466,986,229,28,55,22.68,0.9706,0.5246,0.177673,21,3,6,8.96,0.6463,0.0510,0.002377,4.347
362239,520,428,948,226,40,157,348.39,0.9068,0.5561,0.201233,34,15,12,29.88,0.4420,0.0953,0.007083,4.401
362248,520,370,890,240,21,223,332.34,0.9886,0.6099,0.243921,48,37,17,81.19,0.4904,0.1689,0.019920,4.204
362252,520,473,993,197,39,196,328.45,0.9008,0.5247,0.173086,1,0,27,269.66,1.0000,0.0311,0.000856,4.387
362261,520,452,972,235,0,39,25.01,1.0000,0.5269,0.178119,16,10,31,294.42,0.5382,0.0709,0.004262,4.204
362317,520,0,520,255,255,255,0.00,0.0000,1.0000,1.000000,26,138,10,141.72,0.9948,0.4808,0.184177,4.484
362332,520,404,924,224,25,214,330.80,0.9751,0.5770,0.214000,34,16,63,296.72,0.7200,0.1267,0.010696,4.350
362333,520,387,907,248,67,29,33.13,0.9711,0.5907,0.240630,11,26,88,266.90,0.9060,0.1519,0.015144,4.461
362334,520,464,984,194,55,171,335.49,0.8029,0.5170,0.171437,18,4,16,332.45,0.5723,0.0529,0.002529,4.216
362345,520,330,850,244,32,255,325.83,1.0000,0.6421,0.274888,83,32,10,41.68,0.8058,0.2149,0.028942,4.116
362347,520,418,938,234,56,102,11.41,0.8868,0.5639,0.212831,22,20,59,280.89,0.6643,0.1177,0.009866,4.390
362353,520,456,976,205,14,194,331.31,0.9744,0.5260,0.171902,19,9,16,338.30,0.3270,0.0645,0.003712,4.131
362358,520,431,951,217,19,187,336.40,0.9677,0.5452,0.188076,42,8,11,18.72,0.7084,0.0967,0.006901,4.184
362362,520,304,824,255,111,100,26.86,1.0000,0.6694,0.335523,41,57,45,152.20,0.2805,0.2267,0.035871,4.490
362382,520,467,987,173,82,175,326.62,0.6627,0.5194,0.180150,7,4,5,354.44,0.1886,0.0366,0.001430,4.475
362390,520,387,907,207,53,253,316.69,0.9895,0.5926,0.229050,30,5,99,281.13,0.9720,0.1486,0.012854,4.440
362398,520,399,919,243,54,87,17.31,0.9262,0.5762,0.223844,26,8,96,278.60,0.9597,0.1442,0.012377,4.390
362416,520,398,918,228,16,219,330.52,0.9885,0.5846,0.219815,17,23,77,271.75,0.8354,0.1373,0.012677,4.305
362428,520,382,902,254,55,103,13.36,0.9911,0.6023,0.247861,3,42,43,197.47,0.8944,0.1564,0.018496,4.349
362453,520,414,934,215,72,162,345.69,0.7797,0.5673,0.216926,27,16,63,288.18,0.7369,0.1186,0.009625,4.477
362458,520,400,920,237,59,140,358.07,0.8757,0.5844,0.230289,3,37,49,226.10,0.8567,0.1438,0.015642,4.270
362464,520,451,971,204,36,208,327.12,0.9335,0.5431,0.186550,32,2,25,338.25,0.7930,0.0741,0.004207,4.364
362490,520,358,878,239,63,195,340.09,0.9100,0.6162,0.258487,24,27,109,272.14,0.9083,0.1850,0.020821,4.356
362532,520,464,984,195,48,181,332.38,0.8432,0.5183,0.170539,12,5,18,309.12,0.5034,0.0493,0.002304,4.216
362535,520,425,945,238,30,128,0.40,0.9516,0.5622,0.206673,45,3,50,323.33,0.8472,0.1146,0.008534,4.385
362566,520,469,989,181,34,232,314.57,0.9528,0.5222,0.167951,15,0,12,334.62,1.0000,0.0375,0.001281,4.250
362583,520,377,897,220,82,177,342.01,0.7801,0.5951,0.244267,43,37,22,88.63,0.3405,0.1635,0.018947,4.268
362584,520,461,981,237,6,21,27.87,0.9970,0.5312,0.181922,13,0,33,298.01,1.0000,0.0489,0.001954,4.464
362585,520,251,771,237,134,211,337.20,0.8244,0.7154,0.397599,12,68,101,240.82,0.8212,0.2743,0.051517,4.409
362588,520,402,922,249,49,36,29.29,0.9768,0.5772,0.224673,33,29,19,88.76,0.2585,0.1289,0.012491,4.395
362615,520,384,904,230,88,63,32.18,0.8586,0.5858,0.241641,0,43,9,146.83,1.0000,0.1484,0.017474,4.322
362627,520,268,788,238,112,245,325.46,0.9499,0.6994,0.363602,25,71,10,139.45,0.9729,0.2552,0.047349,4.249
362633,520,429,949,240,21,89,13.32,0.9777,0.5511,0.197862,32,4,56,303.46,0.8714,0.1005,0.006795,4.364
362642,520,480,1000,149,88,195,308.37,0.6698,0.5084,0.173096,0,0,0,0.00,0.0000,0.0000,0.000000,4.462
362644,520,448,968,210,76,115,5.88,0.7302,0.5450,0.201105,7,18,36,259.31,0.5729,0.0843,0.006051,4.480
362656,520,295,815,219,122,226,324.71,0.8024,0.6779,0.344717,49,60,36,128.49,0.3934,0.2404,0.040120,4.380
362660,520,448,968,204,36,201,329.03,0.9247,0.5384,0.183180,18,18,13,107.35,0.1561,0.0822,0.005903,4.171
362669,520,449,969,219,43,136,354.44,0.8734,0.5356,0.185679,24,1,35,313.36,0.8996,0.0662,0.003373,4.416
362694,520,371,891,240,39,205,337.05,0.9620,0.6065,0.243869,55,7,88,305.47,0.8984,0.1698,0.016688,4.407
362703,520,307,827,238,105,208,337.08,0.8727,0.6698,0.328368,8,61,70,212.18,0.8520,0.2329,0.038311,4.284
362708,520,426,946,249,30,12,29.92,0.9920,0.5643,0.210985,1,12,80,264.59,0.9746,0.1124,0.008485,4.462
362719,520,413,933,189,68,241,313.49,0.9195,0.5699,0.213051,42,6,53,316.93,0.8009,0.1158,0.008796,4.474
362721,520,405,925,194,64,254,312.34,0.9932,0.5833,0.222931,47,20,33,351.17,0.4696,0.1329,0.012145,4.392
362723,520,440,960,236,46,2,32.43,0.9980,0.5466,0.197944,24,15,35,303.52,0.4621,0.0916,0.006572,4.383
362728,520,470,990,168,41,247,307.08,0.9611,0.5201,0.166269,11,5,10,331.62,0.3209,0.0449,0.002016,4.158
362746,520,441,961,182,50,232,314.31,0.9192,0.5351,0.180536,29,6,47,306.03,0.7864,0.0913,0.005967,4.119
362757,520,453,973,234,7,63,19.78,0.9942,0.5294,0.180064,16,14,13,48.47,0.0617,0.0706,0.004533,4.219
362765,520,461,981,232,36,27,29.05,0.9712,0.5324,0.184998,10,10,2,108.94,0.5915,0.0529,0.002860,4.446
362767,520,307,827,247,122,68,42.61,0.9155,0.6691,0.341136,8,63,52,175.43,0.9048,0.2312,0.038544,4.417
362783,520,429,949,137,102,231,292.45,0.7878,0.5457,0.205906,3,25,35,229.94,0.7609,0.0999,0.008359,4.385
362795,520,324,844,241,95,193,342.69,0.8769,0.6537,0.307381,58,44,54,336.76,0.2053,0.2121,0.029673,4.486
362799,520,276,796,216,128,247,316.72,0.9173,0.6957,0.367540,22,68,34,149.22,0.8802,0.2473,0.044201,4.432
362801,520,238,758,250,124,235,332.01,0.9721,0.7289,0.407399,51,70,60,161.60,0.2500,0.2796,0.054103,4.394
362819,520,418,938,235,35,119,3.29,0.9360,0.5556,0.201992,12,22,67,268.80,0.8204,0.1221,0.010572,4.160
362835,520,365,885,252,22,186,344.75,0.9850,0.6113,0.248178,63,28,5,50.42,0.8013,0.1694,0.018984,4.322
362843,520,455,975,188,23,239,315.27,0.9781,0.5339,0.175374,11,9,19,292.86,0.3269,0.0576,0.003135,4.242
362847,520,368,888,243,37,195,340.48,0.9627,0.6053,0.243210,4,28,106,264.31,0.9508,0.1740,0.018968,4.251
362852,520,471,991,174,44,233,311.85,0.9308,0.5189,0.166842,2,8,10,213.96,0.4852,0.0436,0.002085,4.163
362883,520,442,962,216,67,81,19.55,0.8234,0.5356,0.192098,19,9,45,290.70,0.7301,0.0826,0.005233,4.383
362895,520,399,919,253,22,102,10.92,0.9863,0.5815,0.224195,23,30,53,269.93,0.4352,0.1375,0.013677,4.306
362923,520,418,938,201,85,151,347.74,0.6724,0.5558,0.211506,28,1,80,286.55,0.9880,0.1178,0.008478,4.472
362930,520,430,950,245,9,11,28.87,0.9964,0.5487,0.196356,8,13,63,270.18,0.9102,0.0981,0.006983,4.323
362949,520,472,992,134,85,240,292.87,0.8800,0.5204,0.178566,0,3,16,258.54,1.0000,0.0307,0.001025,4.479
362950,520,472,992,200,49,172,336.82,0.8349,0.5226,0.174564,6,2,7,321.31,0.4833,0.0305,0.000975,4.405
362954,520,420,940,198,26,254,314.72,0.9954,0.5636,0.199017,5,21,62,263.75,0.8792,0.1114,0.009163,4.209
362957,520,421,941,234,63,0,35.50,1.0000,0.5578,0.210505,22,24,40,277.92,0.3346,0.1130,0.009770,4.358
362977,520,442,962,196,6,240,317.46,0.9955,0.5430,0.181588,31,10,4,40.16,0.6488,0.0794,0.005172,4.198
362979,520,431,951,181,79,210,318.08,0.7843,0.5491,0.200699,6,27,5,142.35,0.9245,0.0971,0.008335,4.298
362989,520,439,959,235,49,33,29.82,0.9591,0.5484,0.199717,0,13,61,262.80,1.0002,0.0909,0.006247,4.440
362993,520,419,939,243,38,54,24.52,0.9677,0.5592,0.207107,3,11,75,266.10,0.9688,0.1058,0.007666,4.459
362995,520,415,935,253,8,25,27.72,0.9971,0.5663,0.211303,6,2,92,267.57,0.9962,0.1183,0.008548,4.463
363010,520,458,978,183,44,229,315.55,0.9284,0.5295,0.175270,20,3,21,325.76,0.6923,0.0557,0.002680,4.276
363017,520,435,955,159,79,251,300.65,0.9620,0.5505,0.199283,19,1,66,283.45,0.9851,0.0913,0.005535,4.489
363025,520,318,838,205,118,232,317.74,0.8072,0.6559,0.317634,28,57,40,156.67,0.5440,0.2156,0.033262,4.415
363035,520,331,851,236,107,130,11.21,0.7704,0.6390,0.299626,8,56,16,145.59,0.9721,0.1977,0.029173,4.416
363036,520,173,693,236,172,244,322.76,0.8813,0.7994,0.538709,14,92,93,196.26,0.8887,0.3443,0.085376,4.349
363045,520,420,940,245,40,47,26.27,0.9691,0.5638,0.211388,44,15,2,46.13,0.8349,0.1097,0.008816,4.444
363051,520,412,932,230,34,172,344.25,0.9391,0.5676,0.209483,32,27,6,96.30,0.6544,0.1196,0.011041,4.251
363052,520,430,950,176,81,214,314.99,0.7843,0.5474,0.199709,24,5,65,288.13,0.9102,0.1012,0.006844,4.393
363069,520,392,912,204,105,149,353.50,0.5831,0.5917,0.251121,4,43,18,151.09,0.9637,0.1516,0.017972,4.430
363085,520,402,922,242,10,175,345.65,0.9908,0.5837,0.221926,55,6,33,351.77,0.7764,0.1270,0.010524,4.493
363115,520,442,962,206,36,193,331.85,0.9169,0.5366,0.182358,9,20,19,188.60,0.3244,0.0822,0.006054,4.145
363129,520,450,970,217,41,157,346.28,0.8835,0.5398,0.187743,5,19,9,152.85,0.6558,0.0736,0.005177,4.309
363155,520,320,840,252,33,247,329.39,0.9902,0.6507,0.285016,24,45,94,264.28,0.7017,0.2092,0.028790,4.252
363176,520,418,938,223,83,15,40.62,0.9706,0.5619,0.219116,28,21,58,288.42,0.6106,0.1248,0.010887,4.420
363203,520,191,711,192,190,206,291.64,0.1672,0.7767,0.524896,17,92,13,142.29,0.9851,0.3247,0.078022,4.491
363209,520,382,902,245,45,177,346.41,0.9425,0.6044,0.244667,46,19,81,298.82,0.7657,0.1634,0.016407,4.437
363222,520,410,930,245,40,84,16.80,0.9548,0.5695,0.215736,23,8,84,279.38,0.9437,0.1264,0.009959,4.432
363242,520,480,1000,87,96,249,274.29,0.9636,0.5057,0.172308,0,0,0,0.00,0.0000,0.0000,0.000000,4.446
363257,520,468,988,168,32,248,307.22,0.9682,0.5153,0.161359,6,0,26,290.16,1.0000,0.0361,0.001133,4.134
363264,520,412,932,244,43,66,22.17,0.9571,0.5661,0.213576,8,26,59,261.19,0.7580,0.1222,0.011061,4.317
363281,520,465,985,226,32,76,16.67,0.9492,0.5241,0.177264,13,6,4,42.52,0.3231,0.0473,0.002246,4.350
363285,520,423,943,238,50,89,15.64,0.9209,0.5635,0.211828,1,26,42,239.35,0.9008,0.1058,0.009124,4.428
363309,520,439,959,227,29,160,347.26,0.9416,0.5534,0.197504,23,4,59,290.48,0.9065,0.0922,0.005848,4.432
363315,520,442,962,237,28,75,17.73,0.9690,0.5447,0.193462,24,12,18,348.42,0.3179,0.0771,0.005008,4.426
363317,520,346,866,235,81,206,336.16,0.8814,0.6334,0.280058,11,54,1,140.06,0.9962,0.1899,0.027116,4.280
363328,520,461,981,144,73,253,295.79,0.9827,0.5260,0.177864,8,11,5,127.75,0.3246,0.0544,0.003019,4.298
363338,520,448,968,210,16,207,329.10,0.9788,0.5444,0.185792,28,10,29,325.29,0.5360,0.0840,0.005527,4.246
363339,520,439,959,230,43,123,1.54,0.9023,0.5521,0.199837,17,4,64,281.20,0.9454,0.0917,0.005761,4.480
363354,520,406,926,198,71,227,319.55,0.8748,0.5764,0.220597,13,29,52,257.57,0.5749,0.1272,0.012122,4.356
363357,520,444,964,223,48,104,7.99,0.8773,0.5360,0.188040,0,18,31,238.66,1.0000,0.0764,0.005315,4.303
363366,520,376,896,251,45,135,1.26,0.9646,0.5986,0.241388,64,20,12,32.35,0.7443,0.1575,0.016170,4.404
363368,520,373,893,191,89,241,312.73,0.8934,0.5984,0.245730,29,31,75,277.49,0.6263,0.1620,0.017491,4.382
363385,520,450,970,199,47,205,326.40,0.8934,0.5400,0.185846,32,6,7,20.58,0.6737,0.0747,0.004527,4.325
363388,520,412,932,242,48,81,18.33,0.9379,0.5683,0.215885,2,31,36,210.78,0.8732,0.1177,0.011202,4.344
363393,520,440,960,209,52,191,333.31,0.8697,0.5522,0.197749,2,15,53,263.08,0.9285,0.0880,0.006116,4.415
363406,520,312,832,248,79,215,336.74,0.9575,0.6575,0.304576,40,35,121,277.73,0.8316,0.2249,0.030335,4.414
363410,520,443,963,151,80,253,297.43,0.9796,0.5438,0.194087,37,1,32,334.33,0.8704,0.0850,0.005194,4.422
363415,520,423,943,248,7,37,26.02,0.9969,0.5562,0.202456,14,23,51,267.99,0.6012,0.1117,0.009451,4.246
363436,520,260,780,233,152,78,60.84,0.7789,0.7065,0.403323,32,74,21,139.71,0.9255,0.2700,0.052586,4.419
363445,520,420,940,222,75,76,23.88,0.8308,0.5557,0.210861,38,9,48,316.17,0.7296,0.1096,0.008209,4.481
363454,520,26,546,249,254,163,111.01,0.9901,0.9688,0.936680,6,132,66,151.84,0.9939,0.4643,0.169338,4.498
363460,520,462,982,210,54,146,349.25,0.8154,0.5320,0.184175,0,11,21,238.24,1.0000,0.0535,0.002935,4.424
363468,520,423,943,227,75,46,32.88,0.9066,0.5608,0.215631,2,31,15,156.00,0.9562,0.1098,0.010273,4.407
363479,520,387,907,214,63,227,324.50,0.9122,0.5933,0.233991,67,11,15,21.97,0.8344,0.1518,0.014673,4.391
363487,520,399,919,144,115,228,292.92,0.7346,0.5758,0.237922,16,35,45,233.02,0.4518,0.1416,0.015016,4.428
363497,520,449,969,209,50,170,340.05,0.8467,0.5385,0.187409,13,14,23,279.23,0.2620,0.0718,0.004615,4.347
363505,520,387,907,214,98,124,8.14,0.6538,0.5871,0.244888,26,39,31,157.30,0.2848,0.1545,0.017695,4.356
363522,520,272,792,247,130,158,6.01,0.8223,0.7025,0.382107,7,69,64,186.37,0.9158,0.2557,0.046714,4.468
363527,520,408,928,235,68,84,20.05,0.8785,0.5735,0.224395,1,37,11,149.13,0.9909,0.1285,0.013537,4.319
363529,520,433,953,177,88,205,317.43,0.7304,0.5530,0.207353,20,25,14,128.09,0.3280,0.1029,0.008757,4.380
363532,520,113,633,254,206,184,45.93,0.9242,0.8690,0.686757,46,108,31,140.05,0.9422,0.3905,0.114045,4.491
363537,520,349,869,233,61,233,328.06,0.9463,0.6265,0.265467,71,26,37,7.28,0.5754,0.1874,0.022122,4.374
363562,520,446,966,240,2,2,29.18,0.9991,0.5361,0.185765,3,20,24,213.84,0.6784,0.0802,0.005856,4.221
363575,520,444,964,170,73,234,308.52,0.8738,0.5432,0.192524,37,1,30,336.95,0.8655,0.0838,0.005088,4.402
363583,520,460,980,186,41,221,318.49,0.9251,0.5257,0.172467,10,10,23,282.64,0.3979,0.0608,0.003435,4.163
363588,520,404,924,217,49,214,328.92,0.9251,0.5780,0.218055,25,31,41,260.55,0.2262,0.1347,0.013467,4.224
363591,520,0,520,255,255,255,0.00,0.0000,1.0000,1.000000,4,140,21,143.41,0.9984,0.4849,0.188353,4.405
363596,520,475,995,227,12,71,17.03,0.9866,0.5171,0.170517,2,1,22,276.02,0.9385,0.0312,0.000925,4.330
363599,520,443,963,235,31,53,23.74,0.9713,0.5385,0.189024,7,12,45,270.87,0.7943,0.0780,0.004976,4.348
363627,520,303,823,251,103,159,359.41,0.9249,0.6670,0.327160,48,47,93,282.12,0.5152,0.2319,0.034517,4.463
363652,520,474,994,227,33,30,28.27,0.9714,0.5203,0.175153,5,0,14,303.68,1.0000,0.0264,0.000640,4.446
363657,520,466,986,201,79,49,34.99,0.8213,0.5184,0.182332,12,3,19,310.50,0.6528,0.0451,0.001903,4.476
363658,520,397,917,222,77,145,354.96,0.7711,0.5782,0.228841,42,14,72,301.16,0.7850,0.1424,0.012742,4.444
363670,520,474,994,177,47,229,313.59,0.9187,0.5225,0.170383,5,3,8,305.16,0.3704,0.0328,0.001149,4.309
363671,520,453,973,199,1,225,321.76,0.9989,0.5349,0.176017,35,2,11,6.55,0.8229,0.0737,0.004250,4.166
363688,520,346,866,250,96,23,40.77,0.9771,0.6296,0.287550,45,47,3,112.29,0.9164,0.1916,0.025975,4.443
363696,520,456,976,219,65,24,34.78,0.9550,0.5315,0.189092,4,14,19,228.03,0.4752,0.0630,0.003869,4.438
363699,520,455,975,226,36,71,18.67,0.9440,0.5254,0.178883,12,13,4,113.22,0.4572,0.0620,0.003748,4.258
363730,520,13,533,247,253,236,122.71,0.8342,0.9825,0.960808,19,133,81,156.65,0.9693,0.4725,0.175068,4.491
363736,520,284,804,237,123,205,338.93,0.8282,0.6943,0.365804,33,64,58,180.01,0.4422,0.2474,0.042955,4.473
363746,520,375,895,213,52,245,320.13,0.9568,0.5952,0.231965,73,0,27,7.21,1.0000,0.1567,0.014959,4.341
363751,520,372,892,218,57,244,321.57,0.9536,0.6063,0.243652,50,26,65,310.77,0.5765,0.1675,0.017986,4.319
363756,520,393,913,222,37,232,325.77,0.9679,0.5911,0.226811,41,0,87,295.41,1.0000,0.1412,0.011595,4.494
363775,520,381,901,251,74,39,33.00,0.9789,0.6046,0.255568,32,42,3,123.00,0.9161,0.1631,0.019696,4.384
363798,520,428,948,250,9,35,26.43,0.9963,0.5608,0.206444,21,16,53,284.58,0.6729,0.1036,0.007870,4.431
363807,520,387,907,249,63,9,34.14,0.9930,0.5878,0.237180,57,13,53,331.70,0.7155,0.1501,0.014149,4.477
363821,520,476,996,170,73,188,321.10,0.7344,0.5098,0.169429,0,2,2,194.77,1.0000,0.0198,0.000478,4.347
363824,520,391,911,238,79,60,30.12,0.9113,0.5881,0.240984,4,37,51,230.67,0.8174,0.1454,0.015879,4.417
363829,520,442,962,209,65,149,348.69,0.7770,0.5428,0.195079,6,19,12,159.89,0.5260,0.0751,0.005310,4.431
363857,520,297,817,199,130,245,310.40,0.8605,0.6769,0.347008,14,69,9,141.93,0.9810,0.2440,0.043692,4.237
363862,520,468,988,173,38,246,308.94,0.9583,0.5245,0.169251,14,3,11,336.50,0.5492,0.0436,0.001827,4.230
363865,520,400,920,242,32,149,354.20,0.9541,0.5790,0.220834,12,34,49,240.95,0.5705,0.1388,0.014439,4.203
363877,520,478,998,143,96,180,308.56,0.5633,0.5057,0.175010,2,1,1,18.81,0.2281,0.0183,0.000368,4.467
363908,520,480,1000,161,50,241,305.64,0.9319,0.5118,0.162098,0,0,0,0.00,0.0000,0.0000,0.000000,4.242
363955,520,477,997,207,27,146,347.15,0.9088,0.5070,0.161268,2,0,6,302.89,1.0000,0.0170,0.000261,4.203
363956,520,248,768,233,144,193,346.26,0.6944,0.7203,0.411223,52,66,83,253.56,0.2515,0.2790,0.052509,4.499
363960,520,429,949,137,95,254,290.38,0.9864,0.5519,0.206584,38,6,45,319.90,0.7676,0.1031,0.007318,4.476
363966,520,389,909,226,89,93,21.55,0.7842,0.5855,0.241064,64,17,18,22.66,0.7212,0.1540,0.015347,4.454
363983,520,396,916,250,26,111,7.86,0.9747,0.5792,0.222141,30,23,65,286.79,0.6388,0.1368,0.012704,4.340
363986,520,399,919,232,52,156,350.71,0.8857,0.5756,0.220149,2,39,18,154.00,0.9749,0.1372,0.015076,4.151
363993,520,407,927,249,29,67,20.95,0.9787,0.5688,0.214273,53,11,41,341.13,0.6994,0.1332,0.011564,4.293
364020,520,148,668,247,197,107,80.60,0.8254,0.8253,0.607700,25,103,18,141.95,0.9809,0.3646,0.099504,4.399
364032,520,409,929,247,46,49,26.60,0.9666,0.5721,0.219534,13,34,28,172.88,0.5149,0.1291,0.013134,4.269
364045,520,389,909,228,26,222,329.76,0.9793,0.5897,0.225091,13,41,3,138.32,0.9747,0.1462,0.016780,4.119
364052,520,420,940,205,64,198,330.02,0.8386,0.5609,0.207249,46,11,10,25.03,0.7082,0.1084,0.008422,4.403
364058,520,396,916,253,31,88,15.66,0.9873,0.5819,0.225709,47,15,53,321.04,0.6692,0.1357,0.012031,4.445
364063,520,467,987,218,53,17,33.05,0.9738,0.5163,0.174947,6,0,30,286.24,1.0000,0.0394,0.001325,4.383
364066,520,472,992,128,85,242,290.36,0.8955,0.5157,0.174969,1,5,6,209.42,0.5531,0.0332,0.001281,4.387
364076,520,437,957,178,71,233,311.62,0.8768,0.5512,0.198556,24,6,55,293.24,0.8444,0.0923,0.006003,4.438
364081,520,330,850,251,79,168,352.71,0.9518,0.6405,0.289316,52,49,31,99.86,0.3190,0.2100,0.030256,4.228
364087,520,462,982,201,11,214,324.94,0.9860,0.5322,0.175136,6,7,25,277.02,0.5889,0.0523,0.002609,4.279
364097,520,478,998,201,76,24,39.80,0.9199,0.5116,0.176544,3,1,5,310.43,0.5673,0.0222,0.000520,4.484
364099,520,307,827,206,132,218,321.82,0.6829,0.6742,0.346874,39,60,45,152.97,0.3658,0.2343,0.038524,4.483
364110,520,430,950,198,87,131,357.60,0.6354,0.5458,0.204626,43,4,32,341.43,0.7745,0.1006,0.007048,4.463
364122,520,478,998,187,73,138,348.11,0.6756,0.5095,0.171664,0,1,14,263.36,1.0007,0.0229,0.000534,4.386
364133,520,442,962,215,77,72,25.78,0.8080,0.5447,0.202251,6,21,18,179.58,0.5099,0.0826,0.006187,4.489
364156,520,460,980,179,65,208,318.74,0.8229,0.5271,0.179195,0,5,41,263.38,1.0008,0.0554,0.002686,4.350
364159,520,351,871,252,36,216,336.83,0.9849,0.6329,0.269183,26,50,27,145.02,0.6119,0.1880,0.025799,4.211
364165,520,159,679,246,182,224,339.80,0.8469,0.8225,0.584321,36,97,44,145.95,0.9018,0.3519,0.091060,4.497
364174,520,419,939,194,73,215,321.41,0.8340,0.5643,0.211421,15,17,65,274.15,0.8261,0.1118,0.008841,4.443
364185,520,369,889,226,48,237,325.46,0.9602,0.6078,0.243993,9,36,84,260.92,0.8558,0.1703,0.019598,4.224
364189,520,391,911,254,50,49,27.22,0.9953,0.5892,0.235775,63,5,52,337.46,0.8173,0.1522,0.014134,4.456
364191,520,387,907,242,77,23,36.32,0.9732,0.5899,0.242501,24,25,85,275.32,0.8118,0.1545,0.015453,4.469
364214,520,446,966,221,25,163,344.78,0.9451,0.5416,0.187143,42,0,3,22.64,1.0000,0.0818,0.004989,4.313
364215,520,407,927,253,15,26,27.85,0.9944,0.5679,0.213027,43,13,54,315.73,0.7028,0.1272,0.010678,4.335
364221,520,451,971,237,21,77,16.68,0.9786,0.5422,0.190799,32,4,19,349.96,0.7061,0.0749,0.004410,4.426
364225,520,387,907,213,70,208,329.34,0.8580,0.5865,0.230824,71,3,24,10.38,0.9174,0.1544,0.014709,4.340
364228,520,389,909,253,50,35,29.55,0.9918,0.5860,0.232889,4,38,57,238.22,0.8221,0.1522,0.017074,4.218
364266,520,363,883,211,82,226,323.40,0.8675,0.6083,0.253761,45,35,41,341.71,0.1664,0.1670,0.019201,4.390
364284,520,354,874,253,76,97,18.50,0.9802,0.6190,0.269181,18,51,13,141.13,0.9277,0.1839,0.025252,4.241
364287,520,464,984,223,43,28,29.81,0.9606,0.5185,0.175024,0,8,20,246.56,1.0000,0.0462,0.002242,4.307
364315,520,346,866,249,37,226,333.66,0.9802,0.6339,0.269569,53,37,55,322.73,0.3102,0.1890,0.023559,4.344
364316,520,430,950,144,104,218,297.35,0.7103,0.5475,0.208920,29,21,9,76.77,0.4309,0.1010,0.008173,4.451
364324,520,457,977,166,70,228,308.76,0.8554,0.5292,0.180894,12,9,16,304.21,0.2468,0.0572,0.003109,4.348
364327,520,463,983,201,19,214,324.89,0.9739,0.5344,0.177400,15,0,26,310.20,1.0000,0.0457,0.001762,4.393
364329,520,461,981,186,54,213,320.13,0.8747,0.5302,0.178828,9,10,2,113.47,0.5921,0.0520,0.002795,4.334
364343,520,368,888,214,65,248,319.34,0.9649,0.6098,0.248558,46,33,57,308.44,0.3798,0.1717,0.019640,4.287
364360,520,459,979,228,36,69,19.46,0.9481,0.5292,0.181883,13,1,42,289.14,0.9551,0.0593,0.002744,4.396
364362,520,419,939,219,86,13,42.35,0.9706,0.5589,0.217472,3,28,45,241.54,0.7948,0.1146,0.010393,4.429
364364,520,401,921,223,65,173,343.32,0.8369,0.5789,0.224881,5,13,101,266.26,0.9804,0.1436,0.012596,4.391
364377,520,399,919,245,24,154,352.93,0.9727,0.5837,0.224021,1,5,109,264.58,0.9951,0.1443,0.012190,4.406
364378,520,453,973,220,44,100,8.58,0.8852,0.5257,0.179397,3,14,35,259.12,0.7469,0.0715,0.004548,4.205
364405,520,468,988,219,30,121,359.21,0.9194,0.5216,0.173717,7,6,10,297.70,0.1944,0.0436,0.001973,4.304
364406,520,477,997,226,0,34,25.57,1.0000,0.5068,0.162872,3,2,1,74.90,0.3058,0.0238,0.000650,4.203
364419,520,401,921,211,70,198,331.80,0.8328,0.5772,0.223083,33,27,52,293.61,0.4246,0.1390,0.013551,4.297
364439,520,351,871,239,59,228,330.83,0.9505,0.6317,0.270827,73,26,22,27.39,0.6594,0.1870,0.022134,4.448
364450,520,376,896,224,11,254,321.51,0.9963,0.6016,0.232445,3,45,24,156.29,0.9659,0.1595,0.019620,4.057
364452,520,476,996,210,23,151,346.04,0.9306,0.5135,0.165510,5,0,9,314.44,1.0000,0.0236,0.000520,4.266
364462,520,476,996,190,4,210,322.98,0.9934,0.5084,0.156886,3,0,15,291.58,1.0000,0.0243,0.000538,4.094
364476,520,474,994,220,31,95,9.17,0.9298,0.5157,0.170245,5,2,3,354.33,0.3103,0.0275,0.000823,4.334
364480,520,453,973,217,60,87,15.73,0.8392,0.5310,0.186740,3,13,41,263.32,0.8385,0.0738,0.004673,4.330
364485,520,1,521,255,255,255,0.00,0.0000,1.0000,1.000000,17,137,68,151.14,0.9829,0.4822,0.184270,4.482
364497,520,388,908,241,44,168,348.32,0.9328,0.5921,0.233323,9,36,61,249.70,0.7081,0.1512,0.016567,4.256
364499,520,382,902,201,82,231,318.95,0.8696,0.5966,0.242230,20,23,94,272.27,0.8995,0.1578,0.015696,4.448
364502,520,357,877,249,15,216,336.08,0.9934,0.6203,0.254424,16,3,133,268.56,0.9971,0.1849,0.018686,4.432
364504,520,329,849,246,60,234,331.01,0.9641,0.6479,0.287679,90,15,24,20.09,0.8554,0.2077,0.025816,4.454
364518,520,394,914,234,31,199,337.22,0.9654,0.5882,0.225986,31,23,68,286.91,0.6615,0.1405,0.013214,4.366
364523,520,450,970,231,3,124,359.57,0.9950,0.5382,0.185122,13,5,45,284.35,0.8511,0.0699,0.003836,4.367
364525,520,411,931,237,55,96,13.80,0.9020,0.5673,0.215845,41,15,41,327.37,0.5782,0.1184,0.009732,4.451
364530,520,49,569,255,244,67,105.75,1.0000,0.9385,0.863676,25,127,18,142.16,0.9881,0.4447,0.154285,4.473
364557,520,432,952,166,104,173,323.28,0.5198,0.5466,0.210255,39,15,9,35.17,0.5699,0.1026,0.007928,4.493
364572,520,309,829,204,115,244,314.29,0.8890,0.6569,0.316316,12,43,120,263.71,0.9219,0.2243,0.031618,4.488
364578,520,362,882,214,64,247,319.60,0.9609,0.6081,0.246801,12,51,28,153.82,0.8794,0.1843,0.025296,3.942
364593,520,474,994,165,48,245,306.21,0.9492,0.5194,0.167065,1,2,21,269.01,0.9199,0.0322,0.001040,4.253
364598,520,466,986,220,34,106,5.31,0.9139,0.5207,0.174029,12,6,5,32.45,0.2502,0.0466,0.002194,4.292
364611,520,348,868,240,66,211,335.69,0.9246,0.6293,0.271276,28,48,35,155.04,0.4126,0.1852,0.024821,4.294
364612,520,479,999,159,46,246,304.19,0.9549,0.5102,0.159793,0,0,8,264.05,1.0000,0.0143,0.000175,4.181
364616,520,478,998,224,22,72,16.95,0.9696,0.5142,0.168918,0,1,10,262.28,1.0000,0.0204,0.000436,4.340
364630,520,288,808,209,130,226,320.34,0.7474,0.6786,0.350128,32,64,44,155.03,0.5603,0.2419,0.041556,4.370
364645,520,439,959,219,50,163,345.07,0.8628,0.5531,0.199880,27,15,32,315.52,0.4268,0.0934,0.006790,4.400
364651,520,466,986,215,24,151,347.29,0.9348,0.5236,0.173371,4,8,15,255.28,0.3689,0.0475,0.002340,4.268
364664,520,342,862,245,39,235,330.57,0.9798,0.6335,0.268645,73,19,51,347.71,0.6855,0.1865,0.021214,4.474
364670,520,323,843,206,108,251,313.84,0.9583,0.6530,0.308132,22,58,27,146.53,0.8393,0.2121,0.032757,4.328
364688,520,335,855,245,109,49,41.97,0.9243,0.6422,0.305746,5,56,41,167.77,0.9392,0.2028,0.030206,4.435
364692,520,388,908,242,61,109,10.62,0.9005,0.5858,0.233221,25,38,8,129.38,0.7813,0.1451,0.016104,4.284
364696,520,341,861,230,111,112,21.25,0.7376,0.6310,0.293642,31,53,40,157.44,0.4090,0.2048,0.029906,4.301
364700,520,477,997,209,63,34,33.08,0.9181,0.5103,0.172281,1,1,0,109.77,1.0000,0.0157,0.000282,4.421
364704,520,407,927,246,45,36,28.79,0.9673,0.5681,0.216005,11,22,73,268.23,0.8703,0.1276,0.011259,4.342
364710,520,471,991,184,47,217,318.71,0.9012,0.5240,0.172344,9,1,24,298.82,0.8721,0.0403,0.001457,4.321
364712,520,454,974,205,6,200,329.68,0.9901,0.5282,0.172814,3,2,54,268.85,0.9869,0.0658,0.003291,4.181
364719,520,365,885,235,3,236,328.13,0.9987,0.6059,0.237860,66,2,76,321.48,0.9363,0.1728,0.017236,4.281
364720,520,383,903,236,55,184,342.52,0.9092,0.5985,0.240287,18,29,75,269.15,0.7453,0.1491,0.015153,4.455
364726,520,388,908,247,36,143,357.33,0.9530,0.5884,0.230224,21,41,22,145.28,0.5831,0.1543,0.018032,4.119
364734,520,294,814,255,78,237,332.41,1.0000,0.6802,0.328262,83,43,8,56.28,0.8121,0.2367,0.035845,4.406
364745,520,391,911,207,89,188,334.20,0.7379,0.5891,0.240427,29,39,23,134.22,0.3820,0.1546,0.017741,4.287
364747,520,232,752,230,159,187,354.07,0.5829,0.7432,0.452087,14,80,63,170.87,0.9017,0.2932,0.061893,4.487
364755,520,408,928,213,4,234,323.27,0.9973,0.5664,0.201754,25,29,46,273.44,0.3293,0.1321,0.012826,4.007
364758,520,479,999,162,60,222,309.55,0.8639,0.5069,0.161877,0,0,8,264.05,1.0000,0.0143,0.000175,4.223
364764,520,431,951,218,3,201,332.73,0.9962,0.5519,0.191899,27,15,44,300.50,0.5798,0.1011,0.007565,4.202
364768,520,416,936,199,50,240,317.47,0.9412,0.5678,0.207160,12,14,76,271.44,0.9290,0.1166,0.009140,4.348
364769,520,417,937,255,15,36,26.62,1.0000,0.5729,0.217329,6,33,1,139.57,0.9901,0.1158,0.011286,4.362
364780,520,426,946,201,34,235,319.59,0.9634,0.5568,0.195613,2,32,6,146.02,0.9814,0.1113,0.010590,4.054
364789,520,450,970,235,31,68,19.83,0.9653,0.5407,0.190626,30,3,9,8.08,0.7466,0.0662,0.003609,4.489
364798,520,367,887,188,99,247,309.42,0.9161,0.6130,0.263313,43,39,29,88.80,0.2047,0.1709,0.020534,4.442
364810,520,467,987,188,76,149,343.47,0.6753,0.5205,0.180317,3,0,32,275.78,1.0000,0.0380,0.001236,4.495
364816,520,446,966,150,87,239,298.73,0.8656,0.5411,0.195326,29,9,16,359.32,0.4894,0.0779,0.004940,4.465
364849,520,434,954,174,99,174,327.10,0.5706,0.5487,0.209793,13,19,53,271.68,0.6951,0.1034,0.008083,4.473
364850,520,142,662,251,198,38,87.97,0.9650,0.8259,0.610393,7,103,39,147.83,0.9918,0.3633,0.098917,4.435
364862,520,454,974,224,10,139,353.14,0.9798,0.5315,0.179312,28,4,12,0.73,0.6686,0.0657,0.003603,4.278
364864,520,453,973,163,76,218,309.53,0.8042,0.5251,0.180180,17,14,14,17.67,0.0760,0.0719,0.004650,4.212
364865,520,444,964,224,56,62,24.22,0.9050,0.5358,0.190262,11,17,18,208.79,0.1714,0.0753,0.005157,4.356
364889,520,414,934,193,56,244,314.61,0.9438,0.5665,0.206987,56,6,15,15.96,0.8326,0.1227,0.010056,4.279
364891,520,450,970,226,34,137,355.07,0.9195,0.5438,0.191217,7,16,10,155.42,0.3881,0.0672,0.004377,4.436
364893,520,319,839,243,116,17,49.57,0.9788,0.6485,0.315889,19,53,89,252.33,0.6921,0.2244,0.034058,4.353
364904,520,377,897,249,27,177,346.80,0.9759,0.6029,0.241013,41,14,90,291.54,0.8614,0.1595,0.015237,4.461
364908,520,447,967,236,33,22,29.36,0.9786,0.5388,0.189817,16,17,26,279.44,0.2391,0.0828,0.005856,4.293
364935,520,401,921,216,69,189,336.12,0.8301,0.5793,0.225314,17,25,71,270.89,0.7634,0.1356,0.012693,4.391
364937,520,451,971,202,40,199,329.01,0.9081,0.5360,0.181995,7,17,4,137.23,0.7026,0.0682,0.004548,4.253
364950,520,480,1000,230,4,8,28.83,0.9979,0.5150,0.169304,0,0,0,0.00,0.0000,0.0000,0.000000,4.386
364953,520,473,993,231,14,35,26.12,0.9911,0.5211,0.174274,0,2,12,259.14,1.0000,0.0252,0.000700,4.424
364971,520,381,901,214,69,223,325.43,0.8930,0.5965,0.238820,57,26,36,0.57,0.4538,0.1623,0.017361,4.288
365006,520,479,999,225,22,16,29.07,0.9852,0.5097,0.166217,0,0,2,264.05,1.0000,0.0079,0.000044,4.321
365007,520,420,940,245,18,68,19.76,0.9875,0.5564,0.202659,11,23,52,264.88,0.6592,0.1106,0.009318,4.259
365019,520,425,945,224,75,73,25.02,0.8437,0.5589,0.213631,17,18,62,275.98,0.7643,0.1123,0.008995,4.469
365055,520,419,939,250,18,19,28.65,0.9928,0.5620,0.208073,11,22,53,266.38,0.6832,0.1090,0.009020,4.373
365060,520,387,907,240,77,13,37.37,0.9857,0.5857,0.238652,21,42,7,135.11,0.9048,0.1548,0.018307,4.226
365072,520,473,993,185,46,206,321.95,0.8840,0.5165,0.167258,10,1,12,322.72,0.7464,0.0343,0.001128,4.249
365080,520,291,811,249,85,233,332.02,0.9720,0.6754,0.325227,55,44,104,288.24,0.6089,0.2410,0.036130,4.357
365083,520,411,931,233,73,58,29.20,0.8990,0.5711,0.223972,22,26,46,274.20,0.3984,0.1218,0.011066,4.486
365095,520,426,946,116,118,230,279.63,0.7663,0.5572,0.223825,7,32,4,140.96,0.9563,0.1135,0.010869,4.499
365100,520,401,921,220,43,219,328.44,0.9462,0.5823,0.220600,2,38,23,161.29,0.9612,0.1351,0.014609,4.188
365110,520,381,901,203,87,221,322.08,0.8272,0.5995,0.247348,14,26,94,268.28,0.9110,0.1600,0.016402,4.478
365112,520,343,863,250,80,149,359.61,0.9347,0.6327,0.282345,26,51,28,145.89,0.6171,0.1915,0.026710,4.332
365126,520,431,951,200,53,212,324.67,0.8904,0.5513,0.195807,38,13,27,347.36,0.5223,0.1030,0.007791,4.253
365130,520,408,928,233,72,32,34.49,0.9497,0.5673,0.220656,3,23,74,263.04,0.9428,0.1268,0.011265,4.418
365132,520,477,997,141,86,217,299.69,0.7656,0.5112,0.173283,3,1,8,299.53,0.6793,0.0239,0.000586,4.414
365133,520,477,997,222,31,25,28.78,0.9728,0.5082,0.165826,0,2,10,257.10,0.9999,0.0242,0.000653,4.261
365145,520,401,921,232,82,7,39.86,0.9895,0.5769,0.232086,32,35,0,114.44,1.0000,0.1413,0.015091,4.334
365160,520,373,893,198,85,241,315.31,0.9059,0.6030,0.248549,10,45,12,144.15,0.9462,0.1598,0.019678,4.285
365162,520,362,882,154,117,252,293.01,0.9372,0.6070,0.266208,18,42,75,256.93,0.6453,0.1825,0.022924,4.336
365165,520,426,946,229,16,178,341.91,0.9781,0.5617,0.202456,7,32,5,141.73,0.9462,0.1137,0.010891,4.146
365173,520,310,830,241,103,187,345.58,0.8538,0.6619,0.319917,27,57,48,172.11,0.4970,0.2177,0.033726,4.418
365184,520,423,943,239,51,13,32.33,0.9879,0.5571,0.207507,30,21,41,303.97,0.4063,0.1149,0.009725,4.312
365192,520,475,995,202,12,199,329.14,0.9793,0.5235,0.169449,6,0,13,309.70,1.0000,0.0271,0.000678,4.330
365193,520,341,861,196,115,212,320.83,0.6890,0.6275,0.287518,6,55,31,156.39,0.9508,0.1967,0.028699,4.289
365194,520,387,907,251,62,18,33.27,0.9861,0.5911,0.240018,25,17,96,276.52,0.9178,0.1541,0.014520,4.495
365198,520,448,968,230,55,32,31.02,0.9544,0.5434,0.196626,37,5,4,27.14,0.8221,0.0810,0.005107,4.475
365206,520,342,862,234,106,115,17.99,0.7725,0.6301,0.290409,41,48,28,124.22,0.3769,0.1944,0.026691,4.439
365213,520,446,966,214,64,120,2.07,0.7882,0.5393,0.193213,8,4,60,273.32,0.9659,0.0802,0.004647,4.451
365216,520,451,971,214,14,186,335.91,0.9755,0.5375,0.181576,26,4,23,333.11,0.6818,0.0672,0.003683,4.314
365217,520,430,950,190,100,106,16.88,0.5376,0.5467,0.211036,34,20,2,73.11,0.8114,0.1039,0.008448,4.466
365224,520,326,846,218,94,249,319.07,0.9604,0.6486,0.297520,56,49,16,97.38,0.6509,0.2119,0.030748,4.304
365229,520,378,898,192,87,248,311.59,0.9407,0.6022,0.248012,50,30,21,44.96,0.3921,0.1550,0.016609,4.474
365235,520,461,981,217,66,9,36.76,0.9834,0.5281,0.186704,13,8,10,351.62,0.1728,0.0538,0.002812,4.482
365255,520,364,884,227,100,115,15.24,0.7347,0.6091,0.266855,9,44,46,200.55,0.7228,0.1666,0.020566,4.490
365263,520,209,729,236,152,249,322.03,0.9485,0.7639,0.471305,54,83,17,130.64,0.9059,0.3133,0.070111,4.340
365265,520,470,990,153,91,200,308.34,0.6772,0.5222,0.184251,2,9,0,135.69,1.0000,0.0426,0.002083,4.498
365279,520,382,902,197,89,238,315.46,0.8840,0.6047,0.251893,31,41,10,124.96,0.7258,0.1600,0.018991,4.376
365321,520,436,956,190,21,255,312.42,1.0000,0.5501,0.187047,14,8,57,278.98,0.8794,0.0877,0.005624,4.262
365323,520,389,909,192,78,248,312.24,0.9484,0.5909,0.234337,59,22,7,41.53,0.7588,0.1507,0.015191,4.362
365324,520,396,916,231,48,170,345.55,0.9033,0.5771,0.220078,55,2,58,325.79,0.8988,0.1377,0.011612,4.384
365337,520,455,975,203,16,201,328.85,0.9731,0.5277,0.172860,16,7,21,312.95,0.4712,0.0593,0.003163,4.192
365354,520,373,893,218,74,203,332.29,0.8479,0.5960,0.241168,52,1,90,302.91,0.9841,0.1616,0.014900,4.486
365356,520,417,937,212,45,213,327.88,0.9265,0.5660,0.206799,19,31,30,189.55,0.2526,0.1247,0.012121,4.134
365358,520,13,533,245,255,201,116.24,1.0000,0.9758,0.951495,5,136,0,142.31,1.0000,0.4709,0.176398,4.424
365371,520,396,916,215,10,241,322.15,0.9945,0.5763,0.210170,26,20,79,280.07,0.8072,0.1406,0.012844,4.140
365373,520,446,966,141,86,250,293.69,0.9483,0.5384,0.192204,32,4,25,338.78,0.7193,0.0776,0.004641,4.433
365374,520,317,837,252,92,170,353.57,0.9553,0.6582,0.312552,46,54,17,120.08,0.6812,0.2155,0.032596,4.389
365378,520,480,1000,179,58,193,323.40,0.8115,0.5088,0.164613,0,0,0,0.00,0.0000,0.0000,0.000000,4.292
365380,520,14,534,229,255,250,182.92,1.0000,0.9765,0.950793,50,134,12,138.98,0.9907,0.4750,0.177542,4.398
365384,520,324,844,245,57,240,329.31,0.9669,0.6478,0.286328,37,56,2,128.00,0.9753,0.2119,0.032260,4.089
365385,520,453,973,134,88,247,291.36,0.9227,0.5313,0.187631,33,2,15,357.09,0.7961,0.0714,0.004013,4.400
365388,520,233,753,218,151,243,316.49,0.8477,0.7373,0.435108,40,77,25,137.79,0.8786,0.2851,0.058289,4.480
365422,520,337,857,246,45,242,329.13,0.9784,0.6430,0.278832,63,21,90,308.68,0.7674,0.1989,0.023314,4.485
365426,520,455,975,176,31,248,309.65,0.9706,0.5267,0.169883,7,15,9,152.56,0.3676,0.0644,0.004065,4.067
365439,520,447,967,200,41,214,324.35,0.9251,0.5436,0.187219,31,9,5,34.09,0.6265,0.0779,0.004977,4.315
365444,520,282,802,233,136,139,18.41,0.6772,0.6871,0.367982,41,62,71,226.53,0.2932,0.2526,0.043715,4.460
365449,520,134,654,236,198,215,349.43,0.5037,0.8417,0.631283,59,101,24,134.01,0.9212,0.3747,0.103029,4.452
365454,520,313,833,236,122,98,33.14,0.7891,0.6564,0.326363,42,57,28,131.14,0.5319,0.2229,0.035023,4.427
365464,520,464,984,189,50,195,326.22,0.8533,0.5188,0.170416,18,0,29,311.64,1.0000,0.0516,0.002173,4.225
365479,520,330,850,253,8,240,331.22,0.9980,0.6411,0.273507,72,39,25,43.36,0.5170,0.2116,0.028991,4.095
365481,520,24,544,242,246,255,266.70,1.0000,0.9682,0.920086,14,133,40,145.34,0.9918,0.4645,0.170209,4.405
365486,520,476,996,156,87,190,313.31,0.6616,0.5126,0.176026,0,1,9,261.82,1.0000,0.0198,0.000414,4.483
365487,520,365,885,222,73,222,327.89,0.8963,0.6128,0.255707,73,10,45,351.94,0.7811,0.1735,0.018232,4.480
365492,520,418,938,222,22,199,334.28,0.9713,0.5627,0.202293,25,16,65,285.03,0.7606,0.1185,0.009589,4.234
365501,520,371,891,200,96,228,318.64,0.8288,0.6121,0.262478,10,48,24,152.05,0.9044,0.1724,0.022443,4.313
365502,520,437,957,248,5,20,28.06,0.9980,0.5547,0.201192,32,13,26,340.16,0.4559,0.0934,0.006695,4.431
365510,520,7,527,249,253,246,131.36,0.6507,0.9873,0.970440,30,135,35,143.44,0.9789,0.4734,0.177246,4.490
365528,520,371,891,226,45,247,323.18,0.9707,0.6129,0.247631,45,33,55,308.73,0.3562,0.1692,0.019215,4.300
365537,520,451,971,191,12,248,314.30,0.9923,0.5430,0.181179,3,12,40,264.08,0.8389,0.0710,0.004355,4.253
365538,520,450,970,195,48,220,321.22,0.9125,0.5448,0.188848,4,15,19,220.94,0.4899,0.0655,0.004145,4.411
365554,520,365,885,206,80,240,318.33,0.9145,0.6077,0.251519,1,47,29,161.40,0.9873,0.1670,0.021281,4.230
365562,520,419,939,225,40,160,347.14,0.9062,0.5557,0.200658,28,0,77,288.07,1.0000,0.1128,0.007827,4.335
365566,520,407,927,245,46,79,18.94,0.9473,0.5725,0.219344,40,27,8,74.69,0.6069,0.1305,0.012526,4.308
365575,520,385,905,215,53,239,322.04,0.9468,0.5948,0.232271,1,39,52,225.94,0.9513,0.1509,0.017053,4.210
365583,520,466,986,204,68,93,13.41,0.7589,0.5172,0.177640,8,4,26,288.69,0.7095,0.0480,0.002130,4.367
365611,520,472,992,218,51,48,27.01,0.9219,0.5170,0.174891,3,3,15,279.44,0.6193,0.0337,0.001190,4.393
365614,520,224,744,243,150,209,342.02,0.8325,0.7510,0.454729,11,85,46,153.90,0.9676,0.3043,0.067651,4.290
365626,520,440,960,224,39,150,350.29,0.9023,0.5485,0.195029,24,20,8,91.80,0.4199,0.0923,0.007120,4.290
365633,520,303,823,225,105,251,320.16,0.9728,0.6747,0.330775,12,59,77,228.57,0.7800,0.2317,0.037417,4.356
365645,520,415,935,201,44,250,315.97,0.9759,0.5745,0.211225,1,4,95,264.72,0.9946,0.1225,0.009194,4.413
365652,520,412,932,246,45,15,31.20,0.9884,0.5669,0.215076,22,5,84,279.07,0.9657,0.1218,0.009192,4.478
365657,520,459,979,212,55,117,1.64,0.8146,0.5251,0.180161,28,0,17,345.57,1.0000,0.0595,0.002874,4.353
365662,520,419,939,240,0,122,1.84,1.0000,0.5554,0.199337,41,16,15,23.64,0.5052,0.1091,0.008766,4.243
365665,520,420,940,198,27,244,316.86,0.9779,0.5557,0.193228,9,28,29,199.97,0.4990,0.1090,0.009773,4.069
365677,520,365,885,239,26,223,332.11,0.9842,0.6098,0.244200,4,49,9,144.63,0.9849,0.1709,0.022421,4.062
365724,520,464,984,179,15,242,312.16,0.9873,0.5195,0.163372,12,6,9,345.50,0.2510,0.0480,0.002281,4.081
365741,520,480,1000,172,73,177,325.71,0.7097,0.5058,0.167111,0,0,0,0.00,0.0000,0.0000,0.000000,4.342
365746,520,456,976,202,77,95,14.78,0.7116,0.5262,0.186925,12,12,6,107.89,0.2712,0.0603,0.003543,4.425
365750,520,464,984,108,97,244,280.96,0.9080,0.5193,0.182687,8,9,7,128.18,0.1016,0.0505,0.002623,4.422
365753,520,468,988,204,48,146,347.30,0.8225,0.5155,0.170286,13,3,6,356.83,0.4854,0.0406,0.001639,4.266
365760,520,452,972,174,80,198,319.01,0.7371,0.5322,0.188142,18,2,46,293.15,0.9178,0.0702,0.003693,4.435
365767,520,364,884,195,87,250,312.11,0.9570,0.6078,0.253217,0,36,88,258.25,1.0000,0.1707,0.019662,4.353
365771,520,456,976,159,68,238,304.28,0.8976,0.5254,0.176787,14,11,16,311.81,0.1761,0.0631,0.003701,4.223
365778,520,323,843,250,79,201,341.44,0.9608,0.6537,0.301360,50,49,50,325.63,0.0182,0.2140,0.031050,4.335
365816,520,461,981,218,53,89,13.80,0.8618,0.5265,0.181754,10,9,9,17.37,0.0320,0.0529,0.002796,4.390
365817,520,477,997,216,45,82,14.99,0.8903,0.5138,0.170874,5,1,0,51.16,1.0000,0.0224,0.000540,4.370
365819,520,379,899,226,58,217,330.44,0.9234,0.6022,0.242069,53,29,41,348.96,0.3702,0.1642,0.017958,4.298
365824,520,332,852,218,100,221,326.56,0.8279,0.6396,0.292420,19,49,66,236.19,0.5815,0.1972,0.027283,4.431
365839,520,368,888,235,94,89,25.11,0.8425,0.6077,0.263917,6,47,31,162.48,0.9092,0.1694,0.021706,4.378
365871,520,290,810,255,81,226,335.37,1.0000,0.6771,0.326389,20,35,148,267.53,0.9555,0.2444,0.034887,4.434
365880,520,321,841,250,97,150,1.89,0.9158,0.6540,0.310785,36,50,65,250.64,0.2948,0.2106,0.030379,4.489
365899,520,464,984,144,103,175,309.41,0.4995,0.5179,0.187253,15,7,13,335.60,0.3142,0.0547,0.002826,4.491
365907,520,454,974,182,99,79,34.56,0.5682,0.5256,0.194347,22,12,11,25.49,0.2672,0.0723,0.004577,4.477
365913,520,62,582,245,235,193,96.17,0.6702,0.9272,0.826799,2,123,68,154.57,0.9972,0.4349,0.145955,4.474
365959,520,393,913,199,78,229,319.03,0.8664,0.5874,0.232494,49,15,59,317.73,0.7036,0.1433,0.013105,4.477
365970,520,455,975,187,3,245,313.93,0.9978,0.5320,0.172237,21,7,14,349.03,0.4297,0.0622,0.003431,4.159
365978,520,453,973,204,84,43,38.50,0.8413,0.5308,0.193545,21,12,19,334.61,0.2819,0.0739,0.004694,4.453
365983,520,427,947,235,30,149,352.68,0.9482,0.5644,0.207636,15,21,33,263.69,0.3273,0.0955,0.007477,4.482
365994,520,420,940,214,46,203,331.15,0.9131,0.5636,0.205640,37,2,60,306.87,0.9297,0.1088,0.007630,4.436
365996,520,391,911,230,56,184,341.09,0.8932,0.5886,0.231146,50,7,78,306.78,0.8748,0.1521,0.013802,4.407
365998,520,341,861,249,88,115,14.12,0.9254,0.6301,0.283602,15,45,92,259.27,0.7845,0.2031,0.027509,4.304
366012,520,440,960,205,31,224,323.35,0.9614,0.5536,0.193427,11,20,38,263.10,0.4944,0.0931,0.007114,4.262
366017,520,456,976,192,60,195,326.99,0.8240,0.5334,0.183798,12,11,6,99.14,0.2374,0.0581,0.003307,4.386
366020,520,455,975,236,17,30,27.18,0.9904,0.5324,0.183307,4,8,29,269.00,0.6994,0.0554,0.002882,4.412
366021,520,422,942,193,88,167,337.91,0.6591,0.5550,0.211084,34,20,17,32.54,0.3010,0.1073,0.008809,4.440
366023,520,399,919,220,91,111,13.45,0.7181,0.5825,0.238479,34,28,52,294.32,0.4048,0.1425,0.014185,4.494
366030,520,335,855,190,130,190,326.68,0.4977,0.6365,0.306310,28,53,43,166.52,0.4388,0.2038,0.029674,4.472
366035,520,433,953,229,52,108,7.91,0.8793,0.5523,0.201995,26,21,0,98.02,1.0000,0.0955,0.007560,4.378
366051,520,390,910,245,9,176,345.99,0.9925,0.5898,0.227457,2,35,61,246.78,0.8878,0.1454,0.015518,4.235
366061,520,408,928,196,87,186,331.15,0.7134,0.5681,0.220988,36,27,17,69.24,0.3135,0.1268,0.011994,4.371
366063,520,462,982,199,59,170,337.45,0.7967,0.5292,0.181741,1,7,24,258.88,0.8270,0.0471,0.002243,4.436
366074,520,479,999,182,53,191,325.14,0.8275,0.5072,0.162542,1,0,4,296.85,1.0000,0.0133,0.000152,4.238
366081,520,396,916,181,85,237,310.60,0.8706,0.5763,0.224360,59,12,31,359.70,0.7073,0.1412,0.012918,4.361
366082,520,384,904,237,43,182,343.02,0.9360,0.5908,0.231125,63,14,8,30.40,0.8406,0.1459,0.013885,4.400
366085,520,416,936,219,13,218,328.58,0.9888,0.5672,0.204121,1,34,8,147.82,0.9907,0.1178,0.011680,4.120
366091,520,439,959,216,71,114,6.34,0.7716,0.5491,0.203227,18,20,8,116.35,0.4090,0.0861,0.006464,4.485
366104,520,444,964,235,25,75,17.33,0.9720,0.5392,0.188686,35,7,14,7.48,0.6356,0.0834,0.005410,4.308
366110,520,471,991,225,31,50,23.99,0.9653,0.5170,0.172207,6,3,22,288.20,0.7184,0.0410,0.001618,4.305
366112,520,336,856,241,60,227,331.58,0.9506,0.6352,0.274812,67,27,69,325.64,0.6132,0.1981,0.024070,4.385
366119,520,414,934,211,54,211,328.06,0.9008,0.5698,0.211923,47,18,5,44.39,0.7334,0.1211,0.010480,4.331
366121,520,431,951,186,74,203,322.18,0.7881,0.5453,0.196497,27,7,61,292.99,0.8505,0.1032,0.007219,4.308
366127,520,452,972,216,58,84,16.41,0.8468,0.5263,0.182676,17,7,33,298.30,0.6561,0.0676,0.003809,4.324
366143,520,476,996,166,84,172,324.76,0.6321,0.5105,0.174271,1,1,10,275.68,0.8223,0.0220,0.000501,4.441
366144,520,423,943,214,81,108,11.16,0.7298,0.5568,0.212660,2,20,64,262.26,0.9460,0.1094,0.008833,4.464
366155,520,462,982,219,26,148,349.33,0.9337,0.5309,0.179395,20,0,20,328.36,1.0000,0.0484,0.001993,4.412
366162,520,409,929,229,30,187,339.42,0.9556,0.5717,0.211770,16,28,59,265.90,0.6157,0.1317,0.012564,4.184
366176,520,418,938,232,70,52,30.02,0.9088,0.5649,0.217870,52,10,7,28.40,0.8189,0.1181,0.009626,4.492
366179,520,445,965,193,74,173,334.84,0.7334,0.5383,0.192537,11,16,37,271.37,0.5359,0.0830,0.005753,4.350
366188,520,436,956,229,2,154,349.16,0.9966,0.5465,0.190373,25,14,37,304.43,0.5174,0.0920,0.006543,4.251
366209,520,429,949,241,22,48,24.45,0.9855,0.5465,0.194914,35,1,53,310.36,0.9490,0.0977,0.006361,4.345
366220,520,251,771,238,124,244,325.45,0.9391,0.7167,0.391261,39,63,96,256.61,0.4810,0.2685,0.048307,4.489
366227,520,431,951,212,79,92,17.86,0.7481,0.5462,0.203640,31,18,7,60.81,0.5018,0.0962,0.007393,4.419
366241,520,438,958,189,64,222,318.32,0.8701,0.5514,0.197608,42,6,7,23.01,0.7943,0.0927,0.006379,4.392
366252,520,464,984,201,63,146,347.57,0.7626,0.5249,0.180497,6,9,4,131.34,0.3443,0.0478,0.002429,4.396
366287,520,460,980,231,34,21,29.59,0.9777,0.5288,0.181902,7,1,48,276.74,0.9830,0.0603,0.002803,4.392
366294,520,427,947,241,42,69,21.07,0.9536,0.5598,0.207897,28,15,39,307.53,0.5215,0.0989,0.007350,4.497
366296,520,319,839,245,77,206,338.62,0.9344,0.6457,0.291793,80,21,75,331.47,0.7248,0.2161,0.027500,4.410
366313,520,315,835,245,69,242,328.75,0.9639,0.6586,0.300822,51,53,44,117.46,0.1362,0.2241,0.034319,4.161
366320,520,463,983,212,12,179,337.45,0.9759,0.5290,0.175169,13,4,12,330.50,0.4661,0.0453,0.001990,4.331
366328,520,385,905,249,57,80,20.37,0.9615,0.5893,0.236487,19,41,9,137.24,0.8842,0.1505,0.017440,4.248
366348,520,389,909,247,7,170,348.15,0.9942,0.5904,0.228317,6,37,50,229.98,0.7521,0.1457,0.015921,4.222
366361,520,426,946,197,33,244,316.47,0.9702,0.5569,0.194911,41,6,44,324.58,0.7637,0.1074,0.007836,4.235
366375,520,395,915,245,37,145,356.33,0.9481,0.5858,0.227832,28,30,52,278.85,0.3839,0.1412,0.014233,4.325
366397,520,323,843,245,112,29,46.39,0.9607,0.6457,0.310926,7,59,1,141.30,0.9973,0.2062,0.031752,4.415
366402,520,366,886,251,63,128,5.35,0.9578,0.6102,0.256262,16,45,39,177.92,0.5868,0.1697,0.021333,4.293
366409,520,423,943,223,7,205,332.90,0.9928,0.5645,0.202501,25,9,64,288.35,0.8451,0.1068,0.007722,4.374
366410,520,398,918,232,54,170,346.04,0.8896,0.5836,0.226991,21,21,83,274.85,0.8580,0.1426,0.013202,4.383
366423,520,478,998,208,64,11,36.82,0.9759,0.5082,0.171031,1,0,8,284.42,1.0000,0.0165,0.000240,4.400
366432,520,396,916,240,72,36,33.50,0.9508,0.5810,0.232906,31,33,30,134.96,0.0679,0.1411,0.014728,4.371
366437,520,373,893,202,77,240,317.25,0.9141,0.5983,0.241570,1,18,112,264.41,0.9802,0.1637,0.016088,4.412
366455,520,478,998,119,93,225,287.83,0.7919,0.5058,0.171867,3,1,1,20.04,0.3720,0.0199,0.000433,4.399
366457,520,479,999,188,1,220,319.95,0.9986,0.5122,0.158818,0,0,1,264.05,1.0000,0.0060,0.000022,4.175
366481,520,424,944,213,38,215,327.68,0.9452,0.5646,0.204407,27,6,68,289.64,0.8979,0.1092,0.007806,4.401
366483,520,440,960,187,37,255,311.21,1.0000,0.5528,0.191090,28,18,5,73.73,0.5703,0.0917,0.006905,4.237
366485,520,438,958,244,5,28,27.13,0.9977,0.5465,0.194290,0,16,51,259.61,1.0000,0.0869,0.006096,4.355
366511,520,268,788,205,142,232,315.28,0.7388,0.6991,0.381522,0,70,73,199.68,1.0000,0.2615,0.048611,4.376
366514,520,249,769,243,122,244,327.07,0.9470,0.7206,0.395076,62,71,7,117.90,0.9157,0.2823,0.055459,4.220
366519,520,438,958,206,10,223,324.05,0.9903,0.5473,0.186684,7,23,18,171.43,0.5237,0.0889,0.007016,4.151
366552,520,356,876,201,89,245,315.05,0.9260,0.6152,0.261561,24,40,77,264.68,0.5977,0.1821,0.022475,4.299
366553,520,353,873,219,97,187,338.77,0.7431,0.6187,0.271993,45,41,15,100.68,0.5756,0.1757,0.021783,4.486
366558,520,298,818,228,99,245,322.87,0.9455,0.6671,0.320122,19,53,96,255.83,0.7284,0.2298,0.035290,4.340
366570,520,385,905,222,99,76,32.35,0.7707,0.5906,0.249775,38,34,37,334.40,0.0782,0.1543,0.016897,4.481
366573,520,470,990,224,33,82,14.54,0.9400,0.5218,0.175470,3,9,4,149.93,0.5269,0.0450,0.002235,4.316
366585,520,456,976,218,55,96,11.37,0.8474,0.5302,0.184849,8,7,38,278.03,0.7791,0.0635,0.003435,4.395
366608,520,469,989,212,68,45,31.76,0.8867,0.5233,0.183231,0,8,16,236.28,1.0000,0.0441,0.002111,4.476
366618,520,420,940,233,19,161,348.06,0.9718,0.5617,0.203655,0,31,27,182.94,1.0000,0.1126,0.010591,4.186
366623,520,478,998,163,16,253,305.11,0.9912,0.5059,0.152496,2,2,1,107.87,0.2671,0.0224,0.000585,4.003
366624,520,461,981,172,64,224,312.24,0.8619,0.5274,0.178201,14,8,7,31.01,0.2053,0.0539,0.002824,4.320
366634,520,396,916,210,77,186,335.57,0.7846,0.5770,0.225565,12,32,54,252.53,0.6038,0.1363,0.013775,4.321
366637,520,459,979,217,0,174,340.13,1.0000,0.5330,0.178101,31,1,7,9.93,0.8825,0.0634,0.003284,4.281
366641,520,471,991,179,71,191,323.58,0.7603,0.5228,0.178529,1,5,14,253.70,0.6797,0.0365,0.001467,4.440
366646,520,440,960,196,16,241,317.14,0.9879,0.5461,0.184587,21,18,15,67.32,0.1147,0.0858,0.006265,4.169
366652,520,451,971,223,16,163,345.10,0.9699,0.5423,0.187055,29,5,19,346.64,0.6425,0.0718,0.004168,4.376
366658,520,440,960,205,37,213,326.06,0.9380,0.5489,0.191082,29,16,11,41.84,0.3538,0.0899,0.006560,4.262
366659,520,473,993,232,11,4,29.38,0.9964,0.5208,0.174071,0,3,9,247.65,1.0000,0.0271,0.000848,4.407
366660,520,414,934,252,27,48,25.18,0.9876,0.5717,0.216965,21,18,62,280.33,0.7305,0.1156,0.009398,4.494
366670,520,433,953,230,39,130,358.69,0.9131,0.5519,0.198886,3,15,67,265.30,0.9413,0.1030,0.007662,4.316
366674,520,462,982,210,39,157,344.44,0.8752,0.5252,0.175892,1,0,41,266.93,1.0000,0.0451,0.001665,4.372
366709,520,469,989,214,48,106,5.68,0.8508,0.5189,0.174531,6,6,4,107.35,0.1549,0.0404,0.001777,4.336
366732,520,399,919,221,46,204,332.71,0.9246,0.5764,0.216880,1,33,67,252.95,0.9504,0.1441,0.014993,4.106
366733,520,459,979,202,24,204,327.74,0.9573,0.5309,0.175713,18,7,26,309.42,0.5597,0.0642,0.003551,4.215
366749,520,446,966,224,4,162,345.51,0.9926,0.5410,0.185454,29,9,31,323.88,0.5879,0.0848,0.005555,4.238
366753,520,414,934,211,55,209,328.61,0.8949,0.5694,0.211866,42,18,39,331.93,0.5049,0.1241,0.010714,4.313
366756,520,453,973,193,40,212,322.89,0.9188,0.5298,0.176100,5,12,33,265.76,0.6601,0.0672,0.004050,4.183
366761,520,398,918,178,79,252,306.81,0.9725,0.5759,0.220860,12,37,37,195.33,0.5566,0.1415,0.015348,4.145
366780,520,431,951,244,10,36,26.16,0.9953,0.5482,0.195811,21,8,67,283.02,0.8921,0.1046,0.007383,4.284
366787,520,437,957,235,38,80,16.88,0.9466,0.5470,0.196307,21,19,15,84.57,0.1276,0.0883,0.006597,4.352
366816,520,446,966,218,56,116,3.37,0.8290,0.5372,0.189972,0,11,54,262.64,1.0001,0.0798,0.005056,4.359
366827,520,340,860,254,69,167,352.82,0.9883,0.6353,0.281205,80,27,4,41.37,0.8984,0.1997,0.024984,4.417
366833,520,319,839,192,149,109,64.04,0.4297,0.6522,0.338065,31,61,12,135.77,0.9263,0.2249,0.036552,4.484
366841,520,381,901,213,57,249,319.09,0.9713,0.6020,0.239137,14,5,115,269.15,0.9929,0.1590,0.014396,4.490
366845,520,332,852,228,79,245,323.47,0.9548,0.6433,0.286806,42,47,42,145.28,0.1028,0.1968,0.026924,4.378
366848,520,280,800,212,129,241,316.84,0.8592,0.6888,0.360496,38,67,15,134.13,0.9041,0.2498,0.044608,4.339
366855,520,370,890,245,70,128,5.30,0.9022,0.6058,0.253545,53,22,70,311.66,0.6686,0.1686,0.017730,4.482
366891,520,351,871,237,87,185,343.98,0.8521,0.6333,0.283263,13,48,62,228.29,0.6828,0.1891,0.025472,4.416
366898,520,355,875,222,61,254,320.25,0.9952,0.6231,0.260248,73,12,51,346.38,0.7625,0.1784,0.019187,4.484
366901,520,464,984,158,89,194,312.70,0.6679,0.5213,0.183095,21,2,14,342.60,0.7182,0.0516,0.002346,4.453
366916,520,422,942,248,26,3,30.17,0.9979,0.5601,0.207055,4,29,40,230.08,0.7512,0.1149,0.010577,4.243
366925,520,384,904,243,58,122,5.65,0.9034,0.5887,0.234892,45,17,67,306.61,0.7199,0.1465,0.013641,4.477
366932,520,472,992,219,22,124,357.70,0.9448,0.5190,0.170917,5,2,13,298.33,0.6377,0.0321,0.001047,4.328
366941,520,427,947,207,45,210,327.32,0.9165,0.5554,0.197972,14,4,70,276.30,0.9678,0.0964,0.006224,4.410
366951,520,409,929,244,18,118,4.30,0.9804,0.5663,0.209771,47,5,57,318.93,0.8289,0.1261,0.010084,4.323
366961,520,374,894,210,71,238,320.37,0.9185,0.6024,0.243828,69,11,21,16.28,0.8076,0.1574,0.015589,4.480
366963,520,461,981,219,47,120,0.92,0.8611,0.5325,0.184517,2,13,4,149.96,0.8552,0.0538,0.003095,4.417
366968,520,456,976,227,43,84,15.27,0.9183,0.5349,0.187016,5,16,6,146.75,0.6333,0.0646,0.004160,4.376
366980,520,387,907,226,85,114,11.09,0.7651,0.5852,0.238832,37,26,63,294.76,0.5583,0.1492,0.014910,4.450
366985,520,319,839,246,108,119,17.71,0.8702,0.6540,0.316528,23,61,26,145.10,0.8712,0.2225,0.035941,4.265
366998,520,434,954,211,84,64,31.25,0.7940,0.5461,0.205619,19,23,15,129.45,0.2433,0.0968,0.007857,4.418
367004,520,319,839,240,60,252,325.27,0.9892,0.6496,0.287878,22,53,85,251.36,0.6317,0.2229,0.033725,4.036
367023,520,458,978,231,10,97,9.02,0.9864,0.5312,0.180721,28,0,7,5.42,1.0000,0.0559,0.002623,4.384
367035,520,355,875,222,93,184,340.61,0.7616,0.6163,0.268211,71,26,4,43.86,0.8658,0.1804,0.020874,4.490
367049,520,390,910,241,14,196,339.52,0.9896,0.5938,0.230034,47,29,17,54.10,0.4350,0.1472,0.015236,4.293
367057,520,281,801,252,104,204,342.25,0.9696,0.6883,0.349586,32,46,131,269.95,0.8512,0.2517,0.038996,4.490
367071,520,467,987,196,25,209,324.75,0.9558,0.5244,0.170361,9,4,14,309.07,0.4739,0.0422,0.001766,4.257
367075,520,401,921,249,49,80,19.31,0.9636,0.5829,0.229191,13,26,80,267.74,0.8627,0.1444,0.014035,4.360
367085,520,458,978,220,55,61,24.17,0.9004,0.5267,0.182876,14,8,22,302.90,0.4411,0.0598,0.003250,4.373
367102,520,2,522,255,255,255,0.00,0.0000,1.0000,1.000000,5,137,75,153.98,0.9945,0.4823,0.184308,4.481
367110,520,435,955,246,14,49,24.05,0.9927,0.5547,0.201322,28,17,12,45.42,0.3068,0.0910,0.006743,4.429
367129,520,434,954,194,31,245,315.46,0.9726,0.5520,0.190432,47,7,9,22.01,0.7966,0.1044,0.007761,4.163
367132,520,383,903,230,72,173,345.50,0.8375,0.5984,0.244774,34,36,5,112.92,0.7947,0.1471,0.016128,4.458
367136,520,446,966,219,6,177,339.75,0.9892,0.5398,0.183671,33,7,5,28.57,0.6986,0.0777,0.004863,4.259
367159,520,360,880,183,118,222,311.59,0.7081,0.6220,0.282988,19,46,59,231.43,0.5343,0.1840,0.024081,4.495
367169,520,432,952,232,20,148,352.06,0.9667,0.5541,0.197971,44,0,37,335.73,1.0000,0.0995,0.006691,4.374
367175,520,337,857,208,96,250,315.62,0.9590,0.6378,0.286791,41,48,40,141.67,0.1598,0.1980,0.027385,4.352
367188,520,448,968,212,9,196,332.58,0.9862,0.5389,0.181801,16,14,27,290.38,0.3447,0.0765,0.005034,4.212
367190,520,364,884,213,69,242,320.33,0.9375,0.6078,0.248149,0,46,45,192.49,1.0000,0.1693,0.021433,4.174
367199,520,418,938,246,25,74,18.61,0.9798,0.5620,0.207860,58,4,16,14.17,0.8764,0.1247,0.010239,4.281
367202,520,301,821,244,79,242,328.42,0.9592,0.6665,0.312385,91,33,26,29.37,0.6963,0.2345,0.033868,4.321
367205,520,407,927,237,3,163,348.10,0.9963,0.5667,0.207170,52,12,37,345.65,0.6711,0.1305,0.011267,4.198
367226,520,338,858,248,34,233,331.73,0.9843,0.6352,0.269867,38,4,135,278.16,0.9908,0.2039,0.022481,4.413
367253,520,415,935,243,22,121,3.29,0.9734,0.5666,0.210123,16,11,82,273.92,0.9453,0.1220,0.009586,4.365
367266,520,447,967,135,97,235,292.02,0.8228,0.5376,0.196984,16,15,34,284.27,0.4561,0.0828,0.005673,4.436
367269,520,466,986,193,11,217,322.00,0.9855,0.5206,0.165881,19,5,6,15.36,0.4830,0.0528,0.002602,4.104
367271,520,452,972,232,23,45,24.77,0.9817,0.5274,0.179612,31,0,32,327.10,1.0000,0.0729,0.003956,4.256
367273,520,477,997,227,9,59,20.37,0.9915,0.5142,0.168450,5,1,4,334.75,0.5642,0.0245,0.000627,4.315
367278,520,343,863,230,68,233,327.21,0.9335,0.6277,0.268427,51,34,76,300.53,0.5399,0.1929,0.023697,4.321
367285,520,391,911,146,113,246,291.55,0.8660,0.5869,0.245750,22,40,26,150.33,0.4643,0.1529,0.017627,4.373
367289,520,407,927,218,58,177,340.35,0.8500,0.5654,0.211081,41,15,60,307.70,0.7091,0.1319,0.011393,4.253
367290,520,418,938,190,65,234,315.61,0.8959,0.5629,0.206695,9,34,4,139.88,0.9563,0.1211,0.012109,4.133
367291,520,362,882,242,55,186,343.30,0.9236,0.6103,0.251578,35,47,15,126.75,0.6802,0.1830,0.024248,4.062
367294,520,480,1000,227,6,22,27.61,0.9964,0.5095,0.165221,0,0,0,0.00,0.0000,0.0000,0.000000,4.304
367309,520,470,990,175,61,218,314.93,0.8572,0.5239,0.175144,14,0,17,322.54,1.0000,0.0387,0.001338,4.385
367310,520,467,987,177,45,225,314.62,0.9168,0.5176,0.166612,2,4,16,268.27,0.6395,0.0359,0.001371,4.217
367347,520,408,928,197,73,223,320.20,0.8590,0.5743,0.219645,18,8,92,273.91,0.9699,0.1326,0.010749,4.439
367353,520,138,658,245,186,254,321.96,0.9889,0.8417,0.616873,15,103,59,155.00,0.9661,0.3686,0.101174,4.411
367378,520,398,918,227,5,218,330.54,0.9964,0.5798,0.215038,53,17,39,345.40,0.5947,0.1406,0.013044,4.204
367380,520,471,991,152,69,245,300.37,0.9310,0.5236,0.175246,16,2,3,16.09,0.6722,0.0406,0.001602,4.365
367406,520,386,906,251,53,102,13.11,0.9678,0.5946,0.240183,41,34,22,80.77,0.2943,0.1529,0.016734,4.348
367409,520,420,940,237,52,50,27.02,0.9441,0.5565,0.206940,45,8,25,355.75,0.6897,0.1068,0.008018,4.429
367411,520,447,967,190,52,215,320.90,0.8882,0.5363,0.183108,11,12,40,277.27,0.6622,0.0767,0.004873,4.248
367413,520,475,995,178,46,228,314.18,0.9198,0.5224,0.170215,5,4,2,89.26,0.2799,0.0332,0.001235,4.298
367422,520,476,996,205,10,177,336.23,0.9758,0.5142,0.163726,0,2,7,251.28,1.0000,0.0226,0.000588,4.225
367427,520,318,838,252,99,159,358.90,0.9448,0.6632,0.321255,14,63,12,142.50,0.9689,0.2234,0.036748,4.280
367440,520,356,876,219,82,229,324.97,0.8883,0.6225,0.267537,7,47,54,212.00,0.7967,0.1795,0.023444,4.324
367443,520,259,779,228,152,128,38.27,0.6043,0.7089,0.405108,18,76,39,151.36,0.9298,0.2740,0.054437,4.358
367452,520,411,931,205,2,251,317.47,0.9990,0.5661,0.199892,20,33,3,129.31,0.9073,0.1246,0.012430,4.003
367476,520,438,958,173,73,238,308.65,0.8923,0.5505,0.198231,1,8,67,264.92,0.9754,0.0903,0.005853,4.444
367478,520,443,963,197,24,232,319.36,0.9750,0.5432,0.183513,17,8,42,290.11,0.7299,0.0763,0.004600,4.277
367486,520,346,866,245,5,242,329.02,0.9985,0.6279,0.259347,84,8,10,26.20,0.9411,0.1857,0.020807,4.369
367488,520,352,872,237,29,236,328.52,0.9849,0.6159,0.249420,15,31,112,267.27,0.9284,0.1911,0.022512,4.129
367499,520,471,991,219,28,126,357.25,0.9253,0.5224,0.173995,12,3,1,44.41,0.6505,0.0376,0.001455,4.353
367506,520,411,931,246,38,52,25.07,0.9706,0.5652,0.212305,10,30,29,191.12,0.5060,0.1156,0.010817,4.313
367522,520,385,905,203,75,224,321.72,0.8651,0.5865,0.231120,49,28,26,25.64,0.3404,0.1502,0.015581,4.287
367546,520,478,998,223,11,73,15.94,0.9859,0.5087,0.164112,2,2,0,109.77,1.0000,0.0218,0.000563,4.235
367552,520,258,778,252,140,72,49.55,0.9561,0.7096,0.399224,43,68,69,199.08,0.3024,0.2710,0.050774,4.458
367559,520,468,988,215,7,144,349.35,0.9815,0.5150,0.166151,7,2,17,300.65,0.7076,0.0364,0.001291,4.214
367609,520,463,983,228,29,73,17.56,0.9596,0.5260,0.178567,12,5,17,311.31,0.4828,0.0488,0.002272,4.373
367614,520,325,845,251,38,239,330.99,0.9853,0.6460,0.281305,41,33,111,280.51,0.7928,0.2115,0.027067,4.299
367621,520,391,911,224,29,224,328.27,0.9747,0.5853,0.221101,55,17,57,325.67,0.6723,0.1546,0.015086,4.165
367639,520,411,931,216,71,165,344.73,0.7891,0.5693,0.218242,35,20,46,309.39,0.4991,0.1222,0.010549,4.430
367640,520,445,965,206,36,204,328.75,0.9306,0.5439,0.187451,16,5,53,284.40,0.8873,0.0804,0.004757,4.336
367647,520,228,748,239,147,204,342.77,0.7790,0.7382,0.435798,38,80,22,138.30,0.9224,0.2934,0.062071,4.335
367652,520,289,809,232,111,233,327.14,0.8908,0.6826,0.344099,54,50,92,286.28,0.4598,0.2444,0.038381,4.459
367675,520,443,963,230,23,122,0.66,0.9574,0.5409,0.188438,10,20,6,136.50,0.6135,0.0791,0.005780,4.275
367676,520,400,920,217,81,156,349.54,0.7472,0.5792,0.230391,44,29,13,66.62,0.5035,0.1420,0.014433,4.352
367679,520,346,866,224,85,216,330.09,0.8639,0.6260,0.273043,65,27,63,329.39,0.5804,0.1911,0.022667,4.446
367682,520,427,947,246,8,71,18.67,0.9948,0.5566,0.202250,18,20,38,277.76,0.4038,0.0984,0.007688,4.373
367685,520,405,925,231,33,198,336.80,0.9586,0.5831,0.221565,24,31,22,138.77,0.2498,0.1260,0.012321,4.358
367691,520,410,930,246,22,108,8.06,0.9773,0.5687,0.212528,13,28,59,262.99,0.6590,0.1299,0.012318,4.213
367701,520,412,932,214,15,229,324.64,0.9886,0.5667,0.202969,27,28,0,111.62,1.0000,0.1156,0.010635,4.172
367729,520,317,837,241,113,130,13.81,0.8010,0.6566,0.321255,41,56,45,152.90,0.2611,0.2236,0.034892,4.373
367732,520,331,851,200,103,254,311.55,0.9883,0.6396,0.291367,42,47,53,253.01,0.1119,0.2013,0.027823,4.386
367738,520,441,961,146,93,231,297.79,0.8082,0.5397,0.197094,13,16,48,274.79,0.6781,0.0927,0.006695,4.358
367739,520,477,997,223,14,53,21.88,0.9866,0.5060,0.162619,6,0,4,338.03,1.0000,0.0222,0.000475,4.212
367749,520,412,932,226,48,176,342.41,0.8972,0.5710,0.214198,47,12,31,349.78,0.6303,0.1186,0.009663,4.428
367781,520,430,950,206,70,164,342.24,0.7653,0.5504,0.201844,39,13,16,14.69,0.5313,0.1006,0.007567,4.375
367787,520,306,826,244,98,215,336.17,0.9265,0.6732,0.328774,11,65,18,144.87,0.9731,0.2302,0.038953,4.258
367812,520,470,990,193,72,146,346.07,0.7043,0.5220,0.180492,6,7,6,145.36,0.0751,0.0437,0.002038,4.429
367816,520,346,866,203,91,252,313.91,0.9741,0.6255,0.272082,78,23,10,34.54,0.8341,0.1900,0.022547,4.440
367842,520,447,967,211,57,153,347.03,0.8119,0.5399,0.190772,21,9,32,306.09,0.5804,0.0751,0.004591,4.410
367854,520,349,869,249,23,226,333.63,0.9903,0.6285,0.262466,20,24,119,270.01,0.9511,0.1899,0.021338,4.380
367869,520,382,902,243,65,135,1.69,0.8928,0.5994,0.245877,39,28,71,292.08,0.5949,0.1620,0.017168,4.405
367870,520,358,878,156,126,236,294.23,0.7592,0.6154,0.280458,11,52,17,145.70,0.9496,0.1850,0.025675,4.367
367871,520,360,880,202,84,253,313.83,0.9838,0.6160,0.259903,82,6,23,16.08,0.9104,0.1817,0.019863,4.436
367878,520,273,793,246,125,170,358.03,0.8273,0.6966,0.371650,72,59,28,87.05,0.5286,0.2618,0.045896,4.397
367899,520,348,868,185,110,249,306.65,0.9164,0.6279,0.283064,31,50,7,130.57,0.9042,0.1882,0.025878,4.389
367923,520,414,934,211,11,246,320.02,0.9942,0.5737,0.207439,33,24,30,338.82,0.1951,0.1199,0.010704,4.241
367928,520,404,924,254,41,37,28.24,0.9959,0.5820,0.227941,14,29,52,258.68,0.5569,0.1278,0.012200,4.469
367934,520,407,927,141,112,226,292.65,0.7316,0.5653,0.227420,12,23,73,268.39,0.8543,0.1302,0.011719,4.495
367945,520,465,985,197,12,203,326.70,0.9794,0.5173,0.164468,16,6,7,12.05,0.3460,0.0516,0.002558,4.081
367958,520,455,975,236,13,53,22.64,0.9910,0.5336,0.183810,2,15,13,184.19,0.7039,0.0616,0.003836,4.343
367961,520,458,978,180,57,226,314.79,0.8898,0.5336,0.181216,9,13,3,124.13,0.5731,0.0593,0.003525,4.320
367967,520,467,987,227,3,79,14.20,0.9961,0.5166,0.169635,10,5,4,35.39,0.2534,0.0418,0.001818,4.239
367971,520,459,979,215,66,78,20.41,0.8286,0.5319,0.188960,15,11,17,314.39,0.2102,0.0645,0.003814,4.440
367998,520,413,933,224,26,195,335.89,0.9634,0.5654,0.205287,32,20,50,300.26,0.5401,0.1211,0.010377,4.228
368006,520,399,919,255,27,46,25.64,1.0000,0.5778,0.222450,4,40,16,150.58,0.9595,0.1410,0.015807,4.140
368010,520,422,942,227,35,173,343.26,0.9323,0.5630,0.205527,33,3,62,300.76,0.9164,0.1063,0.007363,4.455
368027,520,348,868,234,49,249,324.64,0.9786,0.6300,0.265310,20,14,132,269.78,0.9832,0.1948,0.021286,4.423
368030,520,325,845,236,64,254,323.76,0.9960,0.6477,0.286578,47,47,52,285.86,0.0723,0.2060,0.028853,4.268
368042,520,381,901,237,92,56,35.05,0.8916,0.6032,0.259473,25,44,13,134.96,0.7814,0.1650,0.020371,4.398
368047,520,441,961,242,19,4,29.72,0.9969,0.5447,0.193552,10,25,10,144.04,0.6490,0.0945,0.007817,4.212
368054,520,439,959,240,27,34,27.29,0.9828,0.5451,0.194280,26,6,54,296.50,0.8328,0.0937,0.006162,4.350
368074,520,376,896,197,75,253,312.85,0.9850,0.5983,0.239955,45,34,31,35.74,0.1770,0.1607,0.018009,4.263
368088,520,451,971,223,39,128,358.01,0.8969,0.5374,0.187002,1,21,2,144.29,0.9852,0.0748,0.005471,4.273
368098,520,426,946,239,19,127,0.46,0.9745,0.5595,0.203520,17,8,73,277.25,0.9350,0.1080,0.007738,4.391
368109,520,470,990,225,40,41,27.05,0.9556,0.5216,0.176881,18,1,10,345.98,0.7714,0.0434,0.001722,4.387
368113,520,340,860,233,72,241,325.93,0.9471,0.6414,0.283115,13,51,63,222.79,0.7036,0.1990,0.028120,4.264
368130,520,443,963,204,39,197,330.14,0.9107,0.5376,0.183215,26,15,15,19.03,0.2566,0.0848,0.005958,4.168
368139,520,407,927,183,95,206,318.96,0.7147,0.5729,0.227089,47,21,26,8.62,0.4393,0.1321,0.012153,4.458
368146,520,289,809,242,106,205,339.33,0.8906,0.6759,0.335956,62,55,45,76.75,0.1681,0.2425,0.039460,4.314
368152,520,399,919,242,22,167,348.21,0.9753,0.5829,0.222442,47,28,11,60.89,0.5717,0.1437,0.014591,4.218
368153,520,478,998,167,11,253,306.40,0.9927,0.5104,0.155474,7,0,5,336.40,1.0000,0.0242,0.000561,4.064
368157,520,421,941,220,46,172,342.15,0.8860,0.5564,0.201506,41,15,25,357.38,0.5001,0.1105,0.008833,4.275
368176,520,317,837,214,122,195,335.12,0.6544,0.6555,0.321569,18,54,80,243.47,0.6694,0.2205,0.033460,4.452
368214,520,464,984,161,46,251,303.84,0.9780,0.5176,0.164967,1,10,19,240.35,0.7570,0.0512,0.002705,4.079
368215,520,273,793,246,104,242,328.73,0.9626,0.6985,0.359067,77,46,83,320.94,0.4589,0.2581,0.041564,4.468
368218,520,419,939,206,41,229,322.24,0.9487,0.5645,0.203666,19,27,33,240.93,0.2219,0.1146,0.010321,4.205
368226,520,410,930,220,47,198,334.16,0.9132,0.5717,0.213282,55,13,21,12.59,0.6856,0.1313,0.011543,4.278
368235,520,440,960,179,56,247,309.74,0.9542,0.5482,0.191284,31,10,32,325.66,0.5793,0.0899,0.006127,4.299
368236,520,76,596,244,223,235,342.28,0.5286,0.9115,0.780072,19,119,61,151.71,0.9722,0.4226,0.136684,4.446
368243,520,417,937,201,57,228,320.70,0.9111,0.5677,0.209468,18,14,75,276.12,0.8934,0.1195,0.009506,4.360
368262,520,382,902,243,25,187,342.57,0.9766,0.5958,0.233409,9,28,89,265.42,0.9074,0.1564,0.016098,4.288
368276,520,426,946,194,54,233,317.53,0.9199,0.5578,0.199922,23,21,38,288.52,0.3591,0.1055,0.008584,4.266
368277,520,471,991,231,7,33,26.17,0.9957,0.5192,0.172538,21,0,7,357.18,1.0000,0.0442,0.001748,4.300
368289,520,459,979,196,86,78,26.50,0.6827,0.5254,0.189432,3,11,26,257.61,0.6396,0.0589,0.003333,4.489
368296,520,435,955,183,46,250,310.77,0.9734,0.5484,0.189244,32,14,9,36.45,0.4707,0.0896,0.006409,4.241
368305,520,463,983,235,11,43,24.66,0.9931,0.5298,0.180791,8,2,38,282.73,0.9219,0.0532,0.002350,4.409
368319,520,467,987,155,81,212,307.37,0.7633,0.5171,0.176074,4,3,23,280.08,0.7704,0.0397,0.001528,4.387
368322,520,338,858,208,110,219,323.45,0.7676,0.6393,0.296777,44,47,48,219.63,0.0408,0.2011,0.027819,4.456
368335,520,420,940,233,23,163,347.51,0.9644,0.5640,0.205836,28,15,56,293.56,0.6943,0.1117,0.008740,4.355
368336,520,471,991,113,98,232,283.60,0.8230,0.5153,0.180719,9,4,17,302.81,0.5424,0.0436,0.001854,4.449
368359,520,419,939,220,66,151,350.79,0.8051,0.5644,0.213488,12,21,54,268.68,0.6933,0.1081,0.008808,4.480
368363,520,448,968,210,63,143,351.22,0.7833,0.5397,0.192420,13,12,44,279.39,0.6972,0.0815,0.005303,4.383
368372,520,335,855,245,49,234,330.79,0.9707,0.6386,0.275524,3,18,140,264.86,0.9877,0.2039,0.023452,4.432
368384,520,471,991,207,63,91,13.50,0.7909,0.5162,0.175779,7,3,24,289.58,0.7411,0.0433,0.001762,4.362
368389,520,468,988,224,35,70,18.70,0.9442,0.5205,0.174944,14,1,15,325.81,0.7776,0.0403,0.001496,4.368
368401,520,458,978,173,39,246,308.90,0.9579,0.5252,0.169900,1,2,46,266.30,0.9863,0.0550,0.002471,4.191
368407,520,336,856,242,92,178,348.24,0.8667,0.6448,0.297487,22,55,27,147.02,0.7897,0.2020,0.029820,4.353
368415,520,456,976,218,32,145,350.35,0.9111,0.5305,0.179853,6,15,8,151.53,0.4480,0.0633,0.003979,4.258
368439,520,470,990,222,29,106,5.29,0.9333,0.5220,0.174516,15,1,12,334.93,0.7609,0.0402,0.001498,4.360
368440,520,478,998,188,44,191,327.19,0.8653,0.5094,0.162558,8,0,4,344.76,1.0000,0.0250,0.000604,4.200
368446,520,174,694,255,174,185,10.43,1.0000,0.8038,0.550371,27,96,40,146.59,0.9457,0.3444,0.087516,4.366
368455,520,350,870,233,68,232,328.25,0.9360,0.6319,0.272865,5,42,94,258.32,0.9172,0.1936,0.024962,4.307
368478,520,426,946,230,48,138,356.43,0.8864,0.5612,0.207747,37,20,24,4.43,0.3225,0.1138,0.009596,4.325
368496,520,400,920,204,40,251,316.68,0.9814,0.5775,0.213215,44,19,63,307.64,0.6677,0.1450,0.013601,4.139
368506,520,319,839,199,129,188,332.53,0.5277,0.6451,0.314746,28,52,85,256.72,0.5553,0.2233,0.033586,4.364
368550,520,436,956,230,1,164,346.23,0.9985,0.5531,0.195278,7,1,72,270.53,0.9957,0.0896,0.005347,4.432
368553,520,465,985,215,59,40,30.59,0.9167,0.5181,0.177307,7,3,38,279.96,0.8996,0.0545,0.002502,4.329
368563,520,265,785,239,120,231,329.90,0.9127,0.7051,0.375554,44,68,26,133.58,0.7243,0.2589,0.047442,4.367
368584,520,358,878,255,33,182,346.72,1.0000,0.6191,0.257286,7,17,123,266.14,0.9824,0.1799,0.018760,4.469
368600,520,410,930,231,59,144,355.35,0.8577,0.5747,0.221332,56,12,6,31.36,0.8407,0.1286,0.011170,4.436
368605,520,475,995,212,23,162,342.86,0.9385,0.5230,0.172207,1,1,19,271.44,0.9479,0.0277,0.000752,4.378
368631,520,452,972,200,55,183,333.25,0.8307,0.5345,0.184324,5,9,48,269.93,0.8958,0.0739,0.004410,4.307
368636,520,476,996,201,71,46,32.92,0.8512,0.5065,0.171233,0,1,3,247.65,1.0000,0.0159,0.000283,4.400
368656,520,400,920,156,108,236,298.26,0.7989,0.5811,0.238494,28,36,2,121.70,0.9231,0.1406,0.015130,4.430
368657,520,355,875,188,110,224,314.13,0.7520,0.6154,0.272259,47,43,20,99.64,0.4790,0.1846,0.023826,4.365
368674,520,163,683,252,181,168,30.58,0.8978,0.8094,0.565724,11,95,91,189.67,0.9258,0.3524,0.090105,4.395
368680,520,423,943,211,10,226,324.62,0.9917,0.5582,0.195589,24,10,66,285.99,0.8486,0.1092,0.008046,4.231
368689,520,477,997,199,64,115,1.16,0.7446,0.5098,0.170486,0,0,21,264.05,1.0000,0.0245,0.000541,4.362
368708,520,435,955,226,2,180,340.52,0.9971,0.5540,0.195101,1,0,78,264.91,1.0000,0.0924,0.005565,4.411
368725,520,389,909,246,70,62,27.49,0.9517,0.5931,0.243243,24,40,4,130.30,0.9179,0.1501,0.017205,4.363
368737,520,465,985,227,20,84,13.27,0.9710,0.5224,0.174742,6,9,12,244.06,0.1804,0.0504,0.002606,4.272
368743,520,374,894,244,21,191,341.62,0.9830,0.5985,0.235341,23,37,57,257.32,0.4270,0.1590,0.018006,4.196
368758,520,410,930,197,96,157,344.97,0.6132,0.5692,0.226719,54,17,1,44.28,0.9321,0.1315,0.011875,4.472
368762,520,410,930,170,101,208,312.27,0.6834,0.5667,0.224082,2,26,74,261.09,0.9550,0.1332,0.012460,4.388
368775,520,369,889,230,41,233,327.48,0.9686,0.6076,0.242945,0,44,65,235.59,1.0000,0.1742,0.021829,4.078
368788,520,360,880,240,53,217,333.93,0.9502,0.6223,0.260840,29,33,90,274.87,0.7296,0.1801,0.020870,4.386
368793,520,378,898,244,66,133,2.73,0.8986,0.6015,0.248262,65,19,34,3.24,0.6385,0.1637,0.017052,4.448
368806,520,322,842,255,101,55,36.84,1.0000,0.6479,0.308467,28,58,15,137.58,0.9015,0.2134,0.033074,4.315
368821,520,366,886,251,18,191,343.10,0.9888,0.6108,0.247068,66,11,55,337.39,0.7606,0.1659,0.016736,4.451
368836,520,417,937,246,2,139,357.44,0.9980,0.5742,0.215037,36,22,35,329.04,0.3317,0.1215,0.010703,4.366
368841,520,375,895,229,32,228,328.50,0.9756,0.5979,0.232949,49,8,84,302.41,0.8840,0.1576,0.014668,4.375
368843,520,471,991,204,55,147,347.36,0.7990,0.5224,0.176783,14,2,12,332.91,0.6527,0.0415,0.001633,4.392
368862,520,330,850,251,76,174,350.35,0.9562,0.6398,0.287373,41,32,111,280.81,0.8009,0.2097,0.026521,4.409
368865,520,407,927,149,103,247,294.48,0.8932,0.5727,0.228055,28,29,46,281.02,0.3121,0.1350,0.013228,4.398
368875,520,390,910,252,56,17,32.37,0.9877,0.5877,0.235679,21,38,42,214.22,0.3346,0.1522,0.017128,4.256
368880,520,388,908,188,91,225,315.58,0.8100,0.5861,0.236108,20,13,103,272.88,0.9635,0.1541,0.014158,4.459
368885,520,443,963,178,80,206,318.09,0.7653,0.5434,0.196595,36,1,29,337.14,0.8615,0.0814,0.004855,4.495
368887,520,420,940,213,6,230,324.20,0.9955,0.5638,0.199915,52,0,13,12.27,1.0000,0.1056,0.007593,4.339
368891,520,381,901,251,1,172,348.33,0.9993,0.5980,0.235129,69,7,29,5.81,0.8220,0.1557,0.015061,4.382
368896,520,369,889,251,61,133,3.35,0.9582,0.6101,0.255436,44,38,37,28.98,0.0856,0.1720,0.020553,4.329
368904,520,375,895,255,62,48,29.13,1.0000,0.6011,0.249224,16,37,69,258.64,0.6481,0.1632,0.018629,4.360
368913,520,439,959,193,16,250,314.37,0.9900,0.5489,0.186115,11,23,4,134.20,0.8080,0.0879,0.006927,4.148
368918,520,395,915,213,57,229,323.84,0.9254,0.5877,0.227314,52,15,47,333.26,0.6517,0.1402,0.012770,4.418
368921,520,352,872,239,52,211,335.30,0.9454,0.6163,0.255126,31,23,114,276.14,0.9149,0.1895,0.021189,4.286
368926,520,478,998,146,79,223,301.47,0.8112,0.5110,0.170310,4,0,6,318.71,1.0000,0.0204,0.000390,4.372
368946,520,374,894,230,75,169,347.17,0.8243,0.5999,0.247223,54,31,17,51.32,0.5035,0.1627,0.018048,4.368
368952,520,460,980,228,47,11,32.21,0.9875,0.5312,0.185541,19,9,16,338.30,0.3270,0.0645,0.003712,4.385
368958,520,39,559,231,250,175,119.84,0.8823,0.9458,0.884551,5,129,50,147.93,0.9962,0.4516,0.159624,4.458
368965,520,480,1000,205,56,101,7.38,0.8004,0.5075,0.167492,0,0,0,0.00,0.0000,0.0000,0.000000,4.350
368981,520,257,777,255,115,201,344.99,1.0000,0.7070,0.377414,43,48,142,273.82,0.8289,0.2746,0.045803,4.461
368985,520,366,886,238,32,217,333.39,0.9756,0.6067,0.242227,35,19,102,281.86,0.8851,0.1730,0.017823,4.309
369003,520,441,961,159,80,241,302.48,0.8918,0.5435,0.194595,0,0,80,264.05,1.0000,0.0946,0.005791,4.384
369012,520,200,720,200,185,189,359.41,0.1253,0.7666,0.506517,18,89,57,158.61,0.9257,0.3222,0.075684,4.428
369023,520,477,997,175,73,168,330.32,0.6942,0.5052,0.167074,1,0,9,282.67,1.0000,0.0172,0.000262,4.319
369043,520,441,961,204,2,220,324.29,0.9978,0.5399,0.180499,2,5,68,266.13,0.9839,0.0874,0.005388,4.162
369044,520,480,1000,220,39,50,24.68,0.9466,0.5116,0.168997,0,0,0,0.00,0.0000,0.0000,0.000000,4.380
369055,520,456,976,239,1,16,28.19,0.9995,0.5342,0.184132,1,13,30,251.92,0.8348,0.0643,0.003880,4.345
369071,520,260,780,222,130,251,317.64,0.9598,0.7090,0.384613,3,66,100,240.48,0.9381,0.2657,0.048356,4.419
369076,520,199,719,239,164,189,357.80,0.6671,0.7652,0.485776,52,87,8,131.90,0.9691,0.3240,0.075638,4.264
369083,520,341,861,239,95,126,10.04,0.8189,0.6250,0.280443,21,54,11,139.30,0.9405,0.1954,0.028218,4.225
369096,520,435,955,218,18,188,336.36,0.9709,0.5473,0.189712,34,13,15,15.01,0.4591,0.0923,0.006625,4.233
369111,520,421,941,212,46,203,330.61,0.9103,0.5602,0.202649,52,7,10,21.75,0.8270,0.1147,0.009041,4.279
369126,520,466,986,234,3,34,25.95,0.9982,0.5249,0.176762,2,7,21,260.31,0.6706,0.0463,0.002190,4.345
369161,520,384,904,255,36,110,9.47,1.0000,0.5937,0.236513,37,21,71,293.66,0.6979,0.1461,0.013846,4.488
369172,520,313,833,235,116,141,8.42,0.7373,0.6553,0.320785,6,56,81,236.97,0.8584,0.2233,0.034610,4.382
369174,520,427,947,201,11,250,316.57,0.9940,0.5605,0.195605,21,20,35,286.43,0.3340,0.0994,0.007811,4.248
369177,520,440,960,241,28,26,28.48,0.9834,0.5471,0.196092,11,23,19,171.20,0.3509,0.0918,0.007309,4.294
369180,520,453,973,179,53,222,315.64,0.8913,0.5252,0.174049,14,5,45,285.83,0.8442,0.0708,0.003914,4.156
369191,520,431,951,220,19,188,336.86,0.9703,0.5513,0.193146,41,9,26,350.57,0.6391,0.1014,0.007414,4.235
369209,520,421,941,224,10,200,334.47,0.9892,0.5637,0.202370,19,29,2,126.55,0.9106,0.1113,0.010215,4.191
369213,520,466,986,213,16,161,343.33,0.9604,0.5219,0.170922,16,3,9,348.66,0.5618,0.0453,0.001950,4.253
369220,520,364,884,224,56,236,325.07,0.9471,0.6096,0.247339,24,14,110,274.00,0.9619,0.1672,0.016340,4.482
369231,520,403,923,212,48,230,323.50,0.9420,0.5798,0.218260,18,28,56,267.23,0.5536,0.1307,0.012446,4.296
369237,520,316,836,209,120,216,324.46,0.7239,0.6557,0.319475,3,57,80,233.44,0.9245,0.2249,0.035246,4.334
369241,520,362,882,237,97,40,40.25,0.9254,0.6090,0.267100,18,36,86,265.65,0.7725,0.1761,0.020621,4.490
369245,520,419,939,221,56,155,348.74,0.8426,0.5582,0.205695,48,4,24,357.53,0.7940,0.1065,0.007813,4.423
369247,520,399,919,206,32,251,317.38,0.9826,0.5765,0.211215,24,34,30,168.54,0.2075,0.1375,0.014320,4.061
369262,520,389,909,235,69,132,1.89,0.8412,0.5876,0.235872,7,32,79,261.40,0.8756,0.1547,0.016426,4.304
369294,520,476,996,187,88,4,50.36,0.9767,0.5052,0.175546,2,1,4,302.09,0.5000,0.0201,0.000434,4.472
369296,520,301,821,241,79,255,324.49,1.0000,0.6699,0.315152,62,30,114,295.46,0.7769,0.2327,0.031676,4.471
369301,520,445,965,233,1,126,359.23,0.9984,0.5426,0.188547,15,18,17,173.72,0.0798,0.0807,0.005746,4.279
369331,520,433,953,238,50,12,32.28,0.9887,0.5542,0.204881,28,20,26,335.23,0.2017,0.1026,0.008218,4.378
369335,520,448,968,240,3,69,18.53,0.9977,0.5424,0.190234,29,1,46,309.13,0.9375,0.0824,0.004802,4.384
369337,520,413,933,247,2,121,3.41,0.9981,0.5699,0.212015,49,9,36,343.32,0.7042,0.1206,0.009758,4.385
369345,520,468,988,229,21,11,29.43,0.9896,0.5177,0.172215,11,4,13,319.89,0.4637,0.0437,0.001870,4.284
369348,520,389,909,250,42,114,7.92,0.9609,0.5882,0.231984,23,20,94,274.89,0.9025,0.1548,0.014905,4.345
369375,520,268,788,250,129,125,23.28,0.9038,0.6961,0.375081,31,71,36,146.41,0.7867,0.2621,0.049250,4.283
369388,520,383,903,229,46,214,332.02,0.9456,0.5966,0.234695,19,34,66,263.63,0.5976,0.1545,0.016758,4.265
369399,520,443,963,243,0,2,29.11,1.0000,0.5422,0.190626,31,11,14,11.64,0.4641,0.0837,0.005624,4.326
369400,520,384,904,238,2,198,338.26,0.9984,0.5870,0.223007,51,16,63,316.33,0.7110,0.1509,0.014333,4.244
369405,520,390,910,221,55,207,331.88,0.9078,0.5851,0.226117,48,20,63,312.03,0.6535,0.1524,0.014876,4.256
369419,520,350,870,242,96,133,7.62,0.8368,0.6336,0.289394,0,49,69,232.08,1.0000,0.1922,0.026262,4.450
369425,520,449,969,238,17,66,19.69,0.9861,0.5410,0.189747,18,11,23,310.39,0.3623,0.0703,0.004298,4.415
369449,520,457,977,210,27,170,339.83,0.9276,0.5254,0.173900,2,12,27,253.16,0.7195,0.0609,0.003550,4.181
369453,520,462,982,227,10,120,0.35,0.9820,0.5301,0.179069,8,6,27,284.24,0.6385,0.0532,0.002610,4.354
369460,520,408,928,239,48,94,13.81,0.9240,0.5651,0.212760,54,15,20,15.64,0.6483,0.1320,0.011765,4.254
369461,520,281,801,251,128,90,37.87,0.9395,0.6890,0.366888,47,64,42,138.68,0.3824,0.2523,0.044382,4.417
369482,520,248,768,177,161,254,290.80,0.9558,0.7197,0.419924,20,75,69,184.74,0.7663,0.2809,0.056103,4.429
369492,520,76,596,253,218,226,2.46,0.8339,0.9065,0.765175,45,117,59,147.49,0.8835,0.4235,0.135957,4.384
369502,520,464,984,231,13,12,28.91,0.9932,0.5194,0.173064,0,11,3,153.74,1.0000,0.0466,0.002459,4.252
369503,520,433,953,242,35,22,29.54,0.9807,0.5525,0.201406,38,13,14,19.20,0.5284,0.0984,0.007317,4.386
369521,520,441,961,239,11,43,24.82,0.9937,0.5384,0.187678,16,23,0,123.06,1.0000,0.0907,0.007229,4.153
369530,520,309,829,250,49,255,327.07,1.0000,0.6606,0.297435,96,1,56,353.60,0.9680,0.2208,0.027945,4.457
369532,520,376,896,226,2,245,323.99,0.9992,0.5965,0.228070,16,40,45,212.93,0.4943,0.1567,0.018171,4.079
369535,520,475,995,200,48,174,336.13,0.8411,0.5229,0.174511,15,0,1,19.09,1.0000,0.0329,0.001038,4.399
369538,520,454,974,177,64,222,314.41,0.8600,0.5333,0.182888,17,0,54,287.57,1.0000,0.0738,0.003855,4.324
369543,520,407,927,218,7,230,325.44,0.9952,0.5727,0.207727,30,6,80,287.34,0.9296,0.1262,0.009854,4.306
369544,520,429,949,218,7,198,333.54,0.9908,0.5508,0.191369,32,12,46,308.74,0.6614,0.1037,0.007673,4.185
369564,520,454,974,219,59,47,28.88,0.9086,0.5268,0.183958,20,6,37,301.07,0.7254,0.0720,0.004126,4.323
369569,520,402,922,211,21,251,318.85,0.9889,0.5802,0.213520,12,8,94,270.14,0.9800,0.1315,0.010599,4.349
369570,520,408,928,210,92,115,10.38,0.6626,0.5682,0.225958,32,21,60,293.01,0.6205,0.1308,0.011696,4.473
369572,520,373,893,247,70,84,21.20,0.9427,0.5985,0.247979,18,34,77,265.70,0.7149,0.1630,0.018084,4.377
369580,520,396,916,239,46,141,357.04,0.9152,0.5782,0.222309,55,4,55,328.19,0.8357,0.1377,0.011750,4.410
369581,520,388,908,197,67,247,314.62,0.9523,0.5852,0.226013,29,36,39,225.60,0.1308,0.1513,0.016694,4.138
369590,520,453,973,185,63,202,322.56,0.8208,0.5300,0.181349,5,4,56,270.78,0.9691,0.0734,0.004046,4.281
369591,520,452,972,184,0,252,311.64,1.0000,0.5329,0.172197,7,0,61,272.88,1.0000,0.0737,0.003821,4.128
369602,520,458,978,209,6,185,334.90,0.9879,0.5257,0.171905,19,6,11,354.75,0.4252,0.0566,0.002929,4.193
369611,520,400,920,245,55,64,24.31,0.9501,0.5770,0.225184,65,4,5,26.64,0.9527,0.1380,0.012218,4.423
369615,520,458,978,164,69,240,305.49,0.9056,0.5350,0.184406,8,11,13,235.97,0.1274,0.0569,0.003200,4.406
369617,520,407,927,213,65,197,332.66,0.8496,0.5747,0.219599,8,16,90,267.76,0.9599,0.1347,0.011603,4.376
369621,520,422,942,221,60,143,353.60,0.8237,0.5567,0.205895,44,12,24,359.48,0.5986,0.1103,0.008644,4.364
369622,520,304,824,255,62,248,329.72,1.0000,0.6731,0.314856,53,35,113,287.87,0.7462,0.2293,0.031512,4.476
369624,520,414,934,250,2,91,13.24,0.9986,0.5678,0.211264,31,14,67,291.89,0.7791,0.1237,0.010106,4.347
369628,520,330,850,239,98,161,355.17,0.8149,0.6410,0.296620,30,57,1,132.84,0.9923,0.2099,0.032044,4.225
369631,520,456,976,184,53,223,316.97,0.8966,0.5337,0.180655,10,8,27,285.61,0.5507,0.0591,0.003173,4.338
369644,520,480,1000,188,12,210,322.36,0.9803,0.5068,0.156089,0,0,0,0.00,0.0000,0.0000,0.000000,4.122
369648,520,336,856,251,38,223,334.85,0.9817,0.6362,0.272263,21,26,127,269.65,0.9538,0.2037,0.024304,4.337
369650,520,370,890,237,40,214,333.95,0.9632,0.6070,0.243799,34,14,108,280.57,0.9353,0.1730,0.017368,4.361
369665,520,461,981,221,15,155,347.20,0.9687,0.5341,0.180829,1,8,16,241.13,0.7180,0.0451,0.002175,4.424
369667,520,406,926,219,48,218,328.40,0.9346,0.5833,0.222381,4,32,52,243.61,0.7883,0.1312,0.013067,4.319
369697,520,430,950,201,42,221,322.82,0.9332,0.5510,0.192955,28,10,46,303.55,0.7012,0.0953,0.006612,4.292
369719,520,427,947,226,63,116,5.82,0.8319,0.5593,0.209874,20,24,11,122.59,0.3976,0.0995,0.008261,4.460
369723,520,455,975,215,52,112,3.92,0.8359,0.5263,0.180753,9,9,32,279.40,0.6223,0.0636,0.003577,4.307
369729,520,429,949,242,26,61,21.80,0.9794,0.5519,0.199564,17,24,6,126.51,0.6252,0.0957,0.007856,4.314
369730,520,395,915,184,97,228,312.80,0.8030,0.5916,0.243421,13,39,2,137.40,0.9802,0.1394,0.015409,4.486
369734,520,479,999,227,1,15,28.15,0.9994,0.5080,0.163901,0,0,8,264.05,1.0000,0.0143,0.000175,4.263
369744,520,429,949,171,90,202,315.75,0.7048,0.5458,0.202353,37,15,24,355.22,0.4497,0.1037,0.008010,4.350
369750,520,398,918,236,79,30,36.39,0.9543,0.5814,0.235216,36,34,5,105.51,0.7770,0.1436,0.015301,4.368
369752,520,449,969,234,30,77,16.99,0.9620,0.5398,0.189599,24,8,22,331.86,0.4990,0.0714,0.004258,4.416
369769,520,381,901,251,71,20,34.74,0.9834,0.6002,0.250698,32,41,21,128.43,0.4472,0.1629,0.019471,4.328
369776,520,450,970,221,56,105,8.37,0.8450,0.5395,0.192230,18,9,26,307.22,0.4864,0.0681,0.003986,4.487
369782,520,335,855,159,128,255,292.18,1.0000,0.6352,0.300292,0,53,51,190.70,1.0000,0.1952,0.027851,4.500
369786,520,446,966,235,28,48,24.62,0.9766,0.5363,0.187093,28,8,27,329.26,0.5761,0.0795,0.004997,4.311
369793,520,315,835,253,85,186,347.37,0.9773,0.6583,0.309280,49,54,7,115.60,0.8583,0.2174,0.033066,4.325
369816,520,383,903,248,65,105,13.37,0.9392,0.6000,0.247604,11,42,17,147.43,0.8926,0.1509,0.017675,4.398
369825,520,233,753,239,137,250,323.53,0.9667,0.7422,0.431460,2,78,73,187.37,0.9808,0.2881,0.059424,4.400
369832,520,433,953,221,77,3,39.88,0.9939,0.5495,0.206891,28,20,0,90.28,1.0000,0.0954,0.007472,4.470
369854,520,326,846,210,99,255,314.87,1.0000,0.6480,0.298467,19,53,68,229.94,0.6103,0.2105,0.031019,4.301
369863,520,409,929,214,39,220,326.65,0.9492,0.5703,0.209165,58,5,17,13.63,0.8505,0.1262,0.010487,4.285
369873,520,473,993,181,33,231,314.83,0.9538,0.5208,0.166821,2,2,17,276.15,0.7993,0.0308,0.000968,4.254
369884,520,326,846,246,50,244,328.64,0.9754,0.6473,0.284085,61,36,71,315.75,0.4833,0.2071,0.027089,4.334
369887,520,357,877,228,56,239,325.38,0.9536,0.6182,0.255566,54,39,13,78.84,0.6312,0.1817,0.022644,4.206
369888,520,290,810,248,124,93,35.15,0.9058,0.6778,0.351650,20,61,84,237.01,0.6746,0.2448,0.041261,4.401
369891,520,439,959,219,42,170,342.43,0.8945,0.5507,0.196207,24,19,1,96.23,0.8861,0.0883,0.006621,4.348
369909,520,442,962,224,44,108,6.18,0.8900,0.5361,0.187341,24,16,9,62.47,0.3227,0.0829,0.005845,4.250
369936,520,434,954,228,13,167,344.97,0.9800,0.5532,0.195746,22,22,16,107.41,0.1680,0.0973,0.007818,4.250
369948,520,345,865,254,51,183,346.73,0.9917,0.6278,0.268608,14,54,24,148.59,0.9109,0.1943,0.027975,4.086
369952,520,462,982,209,42,165,341.52,0.8691,0.5296,0.179300,19,6,4,33.52,0.4864,0.0544,0.002775,4.345
369975,520,444,964,204,57,170,338.86,0.8128,0.5360,0.186678,24,4,47,299.93,0.8433,0.0816,0.004863,4.314
369978,520,356,876,254,45,178,348.03,0.9917,0.6216,0.261654,35,35,80,279.97,0.5906,0.1808,0.021385,4.366
369989,520,423,943,237,54,60,24.91,0.9340,0.5596,0.209723,35,16,43,315.05,0.5549,0.1126,0.009024,4.400
369997,520,356,876,223,78,220,328.68,0.8846,0.6186,0.263062,9,44,63,237.09,0.7398,0.1761,0.022182,4.337
370001,520,427,947,225,48,155,349.22,0.8787,0.5589,0.204906,23,21,33,291.79,0.2684,0.1027,0.008283,4.374
370002,520,293,813,233,126,176,351.85,0.7164,0.6813,0.353821,29,66,30,144.25,0.8189,0.2431,0.042512,4.365
370017,520,443,963,225,5,153,348.63,0.9904,0.5387,0.184187,16,5,57,282.56,0.9088,0.0846,0.005141,4.247
370018,520,437,957,195,78,171,336.42,0.7174,0.5458,0.199927,3,26,0,139.86,1.0000,0.0911,0.007581,4.340
370028,520,248,768,240,139,188,350.31,0.7630,0.7187,0.406235,53,70,51,142.06,0.3137,0.2784,0.053761,4.397
370039,520,383,903,238,0,217,333.35,1.0000,0.5981,0.231897,42,14,79,297.37,0.8154,0.1492,0.013708,4.425
370055,520,168,688,251,178,194,4.69,0.8266,0.8098,0.562470,8,98,10,142.81,0.9938,0.3434,0.088085,4.435
370097,520,462,982,152,81,231,301.84,0.8393,0.5280,0.183301,14,2,28,303.27,0.8144,0.0506,0.002206,4.469
370103,520,434,954,219,33,173,341.27,0.9248,0.5469,0.191673,36,10,44,317.42,0.6856,0.1050,0.007740,4.186
370128,520,366,886,236,81,141,0.23,0.8228,0.6062,0.256436,28,41,51,241.94,0.2794,0.1707,0.020717,4.333
370132,520,367,887,252,52,143,359.25,0.9706,0.6082,0.251381,16,41,68,252.29,0.6275,0.1736,0.021133,4.237
370157,520,437,957,215,33,185,336.57,0.9290,0.5463,0.190398,22,1,61,289.33,0.9769,0.0886,0.005292,4.348
370164,520,323,843,254,51,226,334.84,0.9952,0.6505,0.289326,75,19,81,323.71,0.7540,0.2089,0.025559,4.491
370178,520,421,941,192,70,212,321.72,0.8322,0.5557,0.203416,25,24,21,91.63,0.0775,0.1072,0.009141,4.285
370188,520,419,939,246,37,38,27.60,0.9752,0.5631,0.210594,33,19,39,315.24,0.4365,0.1132,0.009356,4.390
370196,520,393,913,253,46,58,24.86,0.9900,0.5854,0.231458,4,27,81,262.82,0.9362,0.1436,0.014037,4.395
370215,520,387,907,239,8,205,336.65,0.9946,0.5941,0.229351,30,33,53,276.82,0.3414,0.1515,0.016207,4.219
370218,520,341,861,197,116,208,322.64,0.6681,0.6284,0.289163,64,39,43,9.10,0.3093,0.2041,0.027156,4.396
370223,520,300,820,233,90,248,323.80,0.9667,0.6652,0.314154,13,54,98,253.58,0.7998,0.2320,0.036055,4.232
370244,520,405,925,209,71,199,330.89,0.8277,0.5756,0.221872,44,14,56,314.88,0.6996,0.1317,0.011351,4.431
370255,520,459,979,178,29,254,309.05,0.9950,0.5341,0.175004,0,14,18,213.85,1.0000,0.0594,0.003577,4.200
370260,520,278,798,252,108,198,344.71,0.9636,0.6910,0.355007,42,51,112,273.40,0.6456,0.2517,0.040296,4.485
370263,520,411,931,196,57,243,315.67,0.9401,0.5712,0.211344,52,6,32,350.60,0.7653,0.1205,0.009647,4.382
370264,520,424,944,217,15,208,330.63,0.9832,0.5573,0.196496,10,31,17,152.74,0.6783,0.1146,0.010849,4.051
370269,520,383,903,231,78,146,356.71,0.8020,0.5956,0.245157,12,40,27,160.85,0.6989,0.1473,0.016748,4.422
370273,520,394,914,232,14,214,332.73,0.9901,0.5880,0.223275,59,6,40,346.59,0.7883,0.1384,0.012134,4.398
370277,520,470,990,228,20,30,27.20,0.9861,0.5162,0.170910,2,4,28,269.39,0.8826,0.0437,0.001836,4.262
370283,520,313,833,245,102,162,356.73,0.8565,0.6568,0.315267,24,62,18,141.04,0.9228,0.2250,0.036830,4.207
370286,520,452,972,154,79,239,301.20,0.8824,0.5342,0.186943,11,6,43,281.66,0.8267,0.0682,0.003758,4.408
370295,520,263,783,248,112,233,331.92,0.9626,0.7074,0.374305,60,62,23,111.72,0.6302,0.2550,0.044678,4.482
370305,520,424,944,217,70,134,357.55,0.7756,0.5567,0.208556,0,31,14,156.05,1.0000,0.1085,0.010116,4.301
370307,520,456,976,186,84,148,344.15,0.6268,0.5287,0.189193,22,9,0,66.92,1.0000,0.0634,0.003660,4.458
370322,520,429,949,241,17,59,21.70,0.9883,0.5462,0.194208,16,14,56,278.59,0.7718,0.0982,0.007097,4.277
370332,520,406,926,205,96,148,352.30,0.6309,0.5779,0.234848,20,35,0,129.39,1.0000,0.1304,0.013508,4.485
370337,520,375,895,251,5,173,348.08,0.9965,0.5992,0.236383,4,20,104,265.32,0.9691,0.1572,0.015255,4.389
370341,520,408,928,236,37,142,355.56,0.9316,0.5671,0.211120,60,2,16,13.74,0.9336,0.1266,0.010417,4.322
370347,520,349,869,222,71,254,319.95,0.9947,0.6320,0.271937,54,42,23,78.17,0.4240,0.1914,0.025021,4.291
370359,520,479,999,198,69,88,15.30,0.7403,0.5061,0.169685,0,0,2,264.05,1.0000,0.0079,0.000044,4.390
370369,520,476,996,209,63,42,31.25,0.8965,0.5111,0.172798,4,0,10,306.92,1.0000,0.0227,0.000477,4.414
370370,520,476,996,197,68,116,0.99,0.7208,0.5115,0.172674,4,0,9,309.30,1.0000,0.0221,0.000455,4.413
370371,520,418,938,216,83,105,13.42,0.7332,0.5623,0.218077,31,26,13,89.25,0.3802,0.1171,0.010592,4.424
370390,520,426,946,202,20,241,318.71,0.9851,0.5572,0.194093,2,19,62,262.42,0.9434,0.1053,0.008264,4.189
370401,520,362,882,149,126,239,290.62,0.7834,0.6104,0.275431,9,41,81,256.15,0.8089,0.1808,0.022379,4.496
370403,520,365,885,205,71,253,315.43,0.9870,0.6057,0.245789,24,26,95,273.77,0.8618,0.1672,0.017591,4.376
370404,520,373,893,243,39,186,343.10,0.9549,0.6016,0.240540,37,31,69,288.11,0.5364,0.1648,0.018029,4.271
370407,520,465,985,218,34,115,1.53,0.9055,0.5196,0.172898,7,8,10,262.32,0.0960,0.0483,0.002407,4.253
370408,520,408,928,208,54,225,323.53,0.9198,0.5743,0.214862,44,0,71,306.90,1.0000,0.1280,0.009905,4.421
370410,520,260,780,199,172,40,96.69,0.8600,0.7054,0.418013,18,76,35,149.15,0.9415,0.2731,0.054186,4.492
370415,520,448,968,172,49,255,306.31,1.0000,0.5391,0.181880,12,0,61,278.20,1.0000,0.0774,0.004151,4.282
370449,520,295,815,239,116,191,344.77,0.8207,0.6799,0.346055,40,57,74,248.99,0.3163,0.2388,0.038717,4.464
370469,520,465,985,164,88,187,317.87,0.6549,0.5233,0.184606,9,5,19,297.02,0.5215,0.0470,0.002136,4.500
370478,520,475,995,190,54,188,328.61,0.8276,0.5196,0.172178,0,5,11,237.61,1.0000,0.0341,0.001327,4.329
370485,520,229,749,221,162,186,352.85,0.4775,0.7380,0.447593,11,81,32,148.11,0.9773,0.2878,0.060600,4.499
370498,520,378,898,237,76,142,359.29,0.8385,0.6024,0.251293,48,36,8,85.32,0.7149,0.1648,0.019077,4.362
370499,520,346,866,228,117,22,52.96,0.9497,0.6260,0.292770,21,51,36,159.91,0.6105,0.1907,0.026544,4.478
370506,520,426,946,240,57,17,32.92,0.9833,0.5645,0.214953,35,17,41,317.24,0.5127,0.1132,0.009183,4.477
370508,520,434,954,229,61,51,28.31,0.9171,0.5491,0.202374,17,22,41,271.49,0.4288,0.1044,0.008531,4.312
370511,520,379,899,211,116,7,58.48,0.9756,0.5967,0.263570,12,42,52,223.34,0.6374,0.1646,0.019819,4.491
370519,520,447,967,229,44,78,17.63,0.9251,0.5384,0.190124,5,21,23,205.65,0.5482,0.0839,0.006304,4.265
370520,520,463,983,227,24,101,7.63,0.9563,0.5284,0.179266,9,9,8,106.70,0.0441,0.0517,0.002710,4.350
370524,520,389,909,226,41,224,328.70,0.9594,0.5947,0.231388,11,31,71,262.28,0.7778,0.1466,0.015060,4.325
370552,520,341,861,236,107,90,29.55,0.8348,0.6295,0.290892,0,59,1,142.75,1.0000,0.2041,0.031300,4.193
370555,520,455,975,180,64,211,318.30,0.8345,0.5296,0.180744,9,13,12,178.65,0.1301,0.0619,0.003725,4.295
370562,520,13,533,252,251,213,106.04,0.8920,0.9758,0.944942,18,134,70,152.22,0.9790,0.4731,0.176202,4.398
370578,520,422,942,168,79,254,303.11,0.9898,0.5644,0.210731,1,31,9,149.74,0.9869,0.1080,0.010061,4.341
370587,520,444,964,185,68,211,319.78,0.8271,0.5419,0.191529,21,18,12,84.47,0.2065,0.0850,0.006186,4.299
370590,520,202,722,240,160,209,342.58,0.7659,0.7660,0.482721,32,83,69,172.43,0.6616,0.3114,0.069230,4.468
370609,520,407,927,209,50,225,323.89,0.9290,0.5728,0.212746,6,19,85,266.42,0.9470,0.1327,0.011603,4.265
370614,520,441,961,218,23,166,343.06,0.9482,0.5366,0.182738,37,4,33,333.18,0.7616,0.0905,0.005900,4.163
370622,520,447,967,199,86,115,6.52,0.6426,0.5403,0.200373,12,17,33,269.66,0.4308,0.0834,0.005889,4.480
370633,520,435,955,197,75,175,335.43,0.7415,0.5472,0.199992,10,19,31,255.91,0.4077,0.0858,0.006292,4.441
370655,520,400,920,255,22,62,22.09,1.0000,0.5778,0.221855,24,10,93,277.59,0.9498,0.1408,0.012015,4.384
370657,520,424,944,208,68,182,336.14,0.8025,0.5609,0.209235,14,29,21,159.82,0.4259,0.1119,0.010262,4.302
370676,520,459,979,226,44,32,29.30,0.9554,0.5258,0.180773,12,7,35,286.61,0.6995,0.0643,0.003515,4.312
370677,520,362,882,237,14,241,327.42,0.9948,0.6148,0.246721,24,27,105,272.50,0.8959,0.1803,0.019979,4.240
370680,520,383,903,224,50,228,327.12,0.9475,0.5998,0.237321,18,35,49,244.73,0.4382,0.1451,0.015524,4.385
370685,520,430,950,231,46,86,15.40,0.9174,0.5457,0.196178,6,7,76,268.64,0.9762,0.1032,0.007124,4.310
370686,520,452,972,177,30,245,310.61,0.9701,0.5250,0.168692,0,0,59,264.05,1.0000,0.0657,0.003157,4.114
370694,520,431,951,237,39,76,18.41,0.9498,0.5509,0.199805,14,3,75,275.20,0.9811,0.1012,0.006664,4.409
370700,520,451,971,182,23,252,310.76,0.9862,0.5358,0.175872,26,4,34,316.15,0.7571,0.0739,0.004220,4.166
370722,520,448,968,189,13,250,313.31,0.9918,0.5418,0.180100,14,0,58,281.71,1.0000,0.0755,0.003988,4.262
370744,520,455,975,196,72,142,348.82,0.7088,0.5254,0.183252,19,3,23,320.05,0.7083,0.0555,0.002654,4.430
370748,520,408,928,211,18,239,321.53,0.9880,0.5700,0.205154,29,14,78,285.21,0.8477,0.1328,0.011253,4.166
370749,520,386,906,163,100,250,299.68,0.9303,0.5857,0.238033,23,40,17,137.99,0.6284,0.1514,0.017402,4.273
370752,520,212,732,251,148,214,342.00,0.9449,0.7601,0.465464,46,83,39,140.52,0.7324,0.3108,0.069137,4.327
370760,520,396,916,216,28,232,324.34,0.9763,0.5767,0.212577,46,7,67,310.02,0.8395,0.1354,0.011381,4.278
370765,520,455,975,214,66,76,21.11,0.8290,0.5296,0.187168,4,15,10,165.90,0.5340,0.0623,0.003894,4.401
370785,520,347,867,241,3,254,325.50,0.9992,0.6289,0.259243,68,9,87,315.73,0.8572,0.1919,0.021126,4.348
370788,520,420,940,188,87,185,328.59,0.6933,0.5554,0.210118,48,12,3,37.37,0.8477,0.1123,0.008980,4.410
370803,520,462,982,223,23,131,356.07,0.9472,0.5302,0.179421,16,0,36,300.18,1.0000,0.0548,0.002375,4.380
370804,520,342,862,181,127,203,315.77,0.5601,0.6260,0.293150,1,55,13,146.27,0.9967,0.1915,0.027678,4.418
370845,520,353,873,247,71,155,355.77,0.9171,0.6199,0.266504,44,42,20,103.92,0.4607,0.1782,0.022419,4.370
370872,520,333,853,252,98,41,38.81,0.9783,0.6371,0.295943,32,54,16,134.12,0.8093,0.2031,0.029828,4.334
370878,520,422,942,200,46,235,319.03,0.9425,0.5626,0.202330,36,21,8,60.68,0.5323,0.1103,0.009290,4.256
370882,520,303,823,250,80,236,331.46,0.9782,0.6735,0.321203,2,58,84,236.06,0.9479,0.2304,0.036789,4.277
370893,520,394,914,199,95,191,330.38,0.7003,0.5873,0.240896,38,29,44,311.43,0.2851,0.1449,0.014727,4.494
370900,520,309,829,248,103,150,2.72,0.8814,0.6590,0.318620,20,61,8,139.72,0.9715,0.2185,0.035036,4.335
370923,520,458,978,229,3,98,8.16,0.9955,0.5257,0.176079,28,3,13,356.77,0.7160,0.0641,0.003411,4.233
370933,520,428,948,249,8,49,23.98,0.9962,0.5598,0.205388,12,26,23,178.99,0.3710,0.1025,0.008788,4.344
370947,520,336,856,228,79,233,326.51,0.9152,0.6356,0.279713,80,18,53,350.06,0.7236,0.1999,0.023954,4.458
370957,520,473,993,143,81,229,298.81,0.8309,0.5153,0.173819,6,1,4,340.42,0.5906,0.0259,0.000692,4.415
370964,520,290,810,250,124,111,27.58,0.9252,0.6844,0.358900,19,68,6,140.19,0.9846,0.2420,0.042857,4.404
370965,520,381,901,249,14,188,343.47,0.9909,0.6045,0.240879,76,3,5,26.85,0.9748,0.1621,0.016129,4.399
370992,520,357,877,167,117,247,299.00,0.8685,0.6174,0.276537,0,52,2,143.14,1.0000,0.1793,0.024603,4.377
371010,520,390,910,250,44,113,8.42,0.9605,0.5891,0.233211,15,43,0,136.46,1.0000,0.1536,0.018293,4.147
371014,520,416,936,250,3,113,6.47,0.9975,0.5738,0.215850,4,17,75,265.68,0.9439,0.1163,0.009346,4.480
371017,520,450,970,199,1,227,321.29,0.9990,0.5365,0.177115,16,11,24,301.09,0.3763,0.0687,0.004155,4.194
371037,520,470,990,222,49,51,25.98,0.9286,0.5237,0.179680,9,4,15,306.76,0.4976,0.0426,0.001794,4.434
371047,520,458,978,174,68,220,313.65,0.8413,0.5319,0.183011,0,11,31,254.22,0.9999,0.0597,0.003383,4.365
371063,520,385,905,236,5,216,333.15,0.9970,0.5948,0.229020,70,0,37,355.86,1.0000,0.1537,0.014359,4.335
371085,520,456,976,193,55,201,325.61,0.8538,0.5341,0.182884,11,2,44,284.03,0.9353,0.0614,0.002964,4.397
371108,520,327,847,252,17,251,328.55,0.9962,0.6483,0.280644,37,4,143,276.29,0.9930,0.2142,0.024632,4.430
371129,520,469,989,133,95,215,294.93,0.7282,0.5163,0.180773,0,7,7,194.77,1.0000,0.0380,0.001673,4.466
371150,520,346,866,249,60,195,342.35,0.9577,0.6313,0.273147,63,36,14,57.57,0.6335,0.1881,0.023504,4.396
371170,520,434,954,192,23,253,313.35,0.9908,0.5522,0.189124,30,14,36,316.23,0.5152,0.0977,0.007175,4.182
371174,520,465,985,198,52,168,337.68,0.8159,0.5195,0.172907,11,7,8,359.95,0.1485,0.0490,0.002406,4.253
371190,520,428,948,216,73,136,356.89,0.7619,0.5592,0.211439,1,20,60,260.59,0.9640,0.1049,0.008330,4.482
371191,520,478,998,189,86,36,43.64,0.8226,0.5070,0.176034,5,0,4,333.70,1.0000,0.0207,0.000410,4.484
371202,520,476,996,199,76,21,40.55,0.9278,0.5078,0.173671,0,1,4,253.83,0.9999,0.0166,0.000305,4.446
371214,520,387,907,220,25,241,323.29,0.9846,0.5889,0.222639,17,15,103,271.08,0.9630,0.1546,0.014400,4.234
371228,520,347,867,200,115,201,326.68,0.6496,0.6270,0.287591,17,51,35,160.46,0.7098,0.1884,0.026081,4.437
371247,520,389,909,255,35,75,19.76,1.0000,0.5854,0.229739,30,37,21,127.64,0.3720,0.1490,0.016533,4.205
371253,520,472,992,218,47,92,11.74,0.8776,0.5219,0.177137,9,2,0,53.71,1.0000,0.0309,0.001015,4.452
371268,520,478,998,208,31,153,345.06,0.8985,0.5145,0.166920,3,1,9,297.22,0.7058,0.0244,0.000608,4.286
371270,520,434,954,229,60,27,32.75,0.9606,0.5459,0.199718,13,22,40,263.19,0.4690,0.1008,0.008126,4.296
371275,520,352,872,253,82,28,36.20,0.9885,0.6170,0.270046,26,41,81,266.33,0.6051,0.1892,0.023995,4.325
371281,520,327,847,203,129,193,331.75,0.5639,0.6526,0.322485,21,58,35,153.82,0.7525,0.2135,0.033068,4.484
371286,520,404,924,241,59,110,9.84,0.8962,0.5823,0.229577,4,30,54,249.45,0.7921,0.1270,0.012206,4.494
371291,520,448,968,215,8,183,337.01,0.9856,0.5362,0.180419,24,17,2,87.68,0.7637,0.0836,0.005995,4.115
371315,520,399,919,207,39,255,316.64,1.0000,0.5849,0.219380,11,16,93,268.96,0.9582,0.1399,0.012320,4.323
371326,520,455,975,181,61,207,319.88,0.8350,0.5250,0.176674,1,16,10,168.71,0.9017,0.0626,0.003989,4.198
371329,520,418,938,243,51,5,32.71,0.9957,0.5650,0.214367,49,14,13,24.55,0.6628,0.1193,0.009962,4.409
371331,520,294,814,222,119,224,326.55,0.8094,0.6760,0.341068,33,55,86,257.10,0.4952,0.2355,0.037275,4.481
371338,520,384,904,253,56,31,30.90,0.9913,0.5905,0.238136,51,20,54,324.00,0.6015,0.1507,0.014705,4.453
371347,520,475,995,144,71,244,297.57,0.9240,0.5152,0.169676,9,2,5,348.60,0.5006,0.0331,0.001125,4.297
371363,520,248,768,249,136,165,4.58,0.8419,0.7181,0.404673,69,65,38,100.90,0.3968,0.2766,0.051858,4.464
371364,520,334,854,202,110,240,315.06,0.8664,0.6437,0.300008,21,49,76,249.63,0.5960,0.2046,0.028777,4.443
371373,520,457,977,211,61,131,356.26,0.7895,0.5345,0.188273,6,4,47,274.16,0.9396,0.0644,0.003308,4.470
371387,520,317,837,236,77,250,324.43,0.9791,0.6569,0.300451,71,41,57,347.08,0.3698,0.2249,0.032210,4.263
371390,520,449,969,241,20,26,27.95,0.9896,0.5438,0.192791,15,14,15,325.70,0.0395,0.0703,0.004501,4.455
371392,520,425,945,201,38,233,319.97,0.9550,0.5574,0.196885,33,11,48,308.74,0.6958,0.1051,0.007761,4.274
371419,520,431,951,212,65,143,351.93,0.7816,0.5456,0.197630,23,21,32,292.68,0.2489,0.1022,0.008228,4.253
371433,520,386,906,251,16,153,354.24,0.9868,0.5926,0.231832,64,14,29,6.40,0.7118,0.1530,0.014929,4.341
371440,520,349,869,225,67,243,323.43,0.9502,0.6253,0.264950,26,36,98,271.02,0.7842,0.1924,0.023631,4.277
371442,520,464,984,196,83,64,31.56,0.7371,0.5179,0.182943,9,5,27,288.66,0.6722,0.0518,0.002457,4.441
371451,520,472,992,198,59,165,338.97,0.7888,0.5247,0.178521,2,4,6,240.75,0.2914,0.0314,0.001129,4.470
371459,520,389,909,227,96,70,32.99,0.8173,0.5934,0.251414,10,42,17,147.92,0.9037,0.1505,0.017609,4.458
371464,520,434,954,228,53,95,12.78,0.8837,0.5476,0.198692,41,9,7,27.27,0.7239,0.0955,0.006822,4.377
371478,520,254,774,251,140,147,16.76,0.8867,0.7227,0.413747,5,73,76,199.72,0.9356,0.2738,0.053189,4.494
371482,520,413,933,242,18,141,356.35,0.9784,0.5704,0.212362,36,23,10,64.96,0.4804,0.1154,0.010098,4.366
371484,520,361,881,248,8,228,332.92,0.9972,0.6245,0.257346,46,35,60,303.75,0.3756,0.1782,0.021092,4.323
371506,520,321,841,255,34,237,332.34,1.0000,0.6499,0.285217,66,28,90,309.72,0.6975,0.2136,0.027270,4.338
371511,520,368,888,230,10,246,324.68,0.9962,0.6055,0.236963,32,8,109,279.67,0.9669,0.1665,0.015848,4.358
371515,520,464,984,232,9,58,21.01,0.9926,0.5248,0.176598,10,7,8,354.49,0.1188,0.0481,0.002340,4.329
371531,520,448,968,224,52,105,8.28,0.8668,0.5416,0.193259,2,6,62,266.29,0.9755,0.0817,0.004909,4.430
371535,520,323,843,231,80,242,325.00,0.9456,0.6470,0.291392,92,12,40,6.50,0.8281,0.2137,0.026918,4.438
371541,520,341,861,232,69,237,326.71,0.9394,0.6344,0.275288,40,50,0,121.01,1.0000,0.1953,0.027323,4.207
371543,520,469,989,180,14,246,311.61,0.9895,0.5244,0.166723,9,5,13,309.00,0.3724,0.0442,0.001957,4.171
371547,520,468,988,226,32,59,21.80,0.9598,0.5210,0.175204,6,2,20,292.78,0.7591,0.0372,0.001326,4.388
371569,520,339,859,255,71,170,352.17,1.0000,0.6403,0.286722,71,36,12,52.07,0.7099,0.2012,0.026281,4.414
371587,520,427,947,249,11,17,28.52,0.9959,0.5580,0.204232,45,7,7,24.78,0.8031,0.1001,0.007253,4.441
371609,520,351,871,244,32,235,330.36,0.9848,0.6286,0.262671,5,40,95,259.64,0.9264,0.1894,0.023759,4.239
371613,520,461,981,228,21,104,6.57,0.9634,0.5302,0.180327,1,6,27,262.63,0.8843,0.0468,0.002158,4.416
371620,520,422,942,249,20,58,22.56,0.9884,0.5640,0.209492,0,33,9,149.60,1.0000,0.1141,0.011074,4.249
371632,520,475,995,160,67,237,304.92,0.8950,0.5247,0.176029,2,0,19,280.27,1.0000,0.0258,0.000599,4.467
371635,520,358,878,251,79,90,21.31,0.9645,0.6172,0.268428,3,52,12,145.76,0.9890,0.1815,0.025018,4.245
371661,520,449,969,233,39,13,30.88,0.9874,0.5357,0.188068,7,0,55,274.58,1.0000,0.0663,0.003210,4.474
371689,520,400,920,154,108,234,297.81,0.7871,0.5774,0.235358,10,38,9,142.78,0.9273,0.1357,0.014704,4.410
371694,520,382,902,235,83,131,4.58,0.8135,0.6036,0.254902,13,45,2,138.62,0.9869,0.1597,0.019667,4.377
371706,520,466,986,210,46,131,354.52,0.8394,0.5185,0.172966,5,8,18,267.29,0.4058,0.0498,0.002496,4.247
371712,520,432,952,205,59,186,333.79,0.8318,0.5487,0.196541,15,9,65,277.27,0.9060,0.0986,0.006786,4.342
371725,520,288,808,248,117,158,2.32,0.8588,0.6826,0.351505,5,67,13,144.36,0.9902,0.2350,0.040755,4.424
371742,520,410,930,216,47,208,330.29,0.9203,0.5710,0.211881,0,32,48,234.51,1.0000,0.1266,0.012464,4.193
371743,520,368,888,217,101,166,347.65,0.6814,0.6121,0.268143,1,43,66,238.96,0.9530,0.1722,0.021274,4.464
371754,520,397,917,247,57,12,33.05,0.9905,0.5784,0.227305,2,17,92,264.76,0.9697,0.1360,0.011864,4.482
371758,520,386,906,248,60,53,27.78,0.9670,0.5859,0.234487,42,25,54,309.87,0.4916,0.1469,0.014539,4.408
371759,520,468,988,189,16,228,318.18,0.9823,0.5240,0.167922,0,3,28,263.07,1.0004,0.0392,0.001490,4.232
371762,520,467,987,184,29,227,316.75,0.9587,0.5201,0.166164,1,5,26,263.99,0.8889,0.0437,0.001896,4.165
371785,520,431,951,198,42,231,319.52,0.9438,0.5535,0.194327,25,14,48,294.78,0.6453,0.0999,0.007342,4.261
371789,520,457,977,227,22,107,5.39,0.9591,0.5294,0.179691,3,3,44,270.23,0.9651,0.0568,0.002663,4.362
371808,520,355,875,248,38,211,337.26,0.9730,0.6238,0.260489,35,45,25,130.11,0.4185,0.1788,0.023043,4.251
371812,520,444,964,229,4,129,357.49,0.9928,0.5362,0.183327,15,4,57,281.80,0.9294,0.0821,0.004838,4.255
371822,520,446,966,204,72,146,349.30,0.7342,0.5410,0.195494,18,8,50,286.97,0.7981,0.0843,0.005325,4.437
371824,520,347,867,245,90,128,8.84,0.8754,0.6292,0.282864,22,44,81,260.17,0.6302,0.1948,0.025659,4.400
371828,520,418,938,203,36,237,319.63,0.9629,0.5626,0.200743,2,19,79,264.10,0.9498,0.1236,0.010431,4.149
371857,520,364,884,254,64,106,13.54,0.9900,0.6108,0.257818,36,40,34,135.06,0.1233,0.1676,0.020081,4.392
371860,520,352,872,239,89,144,0.90,0.8262,0.6226,0.275119,7,53,19,147.80,0.9665,0.1874,0.026383,4.256
371861,520,459,979,227,41,86,14.34,0.9218,0.5340,0.185915,28,4,8,11.10,0.6826,0.0646,0.003513,4.409
371876,520,416,936,252,6,46,24.61,0.9974,0.5655,0.210267,15,21,60,272.04,0.7242,0.1152,0.009641,4.364
371886,520,423,943,207,80,158,345.78,0.7215,0.5619,0.214733,33,17,43,311.04,0.5289,0.1117,0.008987,4.488
371916,520,474,994,155,87,196,310.99,0.6821,0.5153,0.177710,0,4,3,179.94,1.0000,0.0276,0.000934,4.471
371921,520,448,968,175,68,234,310.60,0.8844,0.5442,0.191896,27,8,28,325.50,0.5799,0.0786,0.004905,4.406
371922,520,441,961,206,87,31,42.27,0.8885,0.5381,0.200392,31,16,19,6.69,0.3215,0.0950,0.007089,4.386
371926,520,381,901,221,40,244,322.68,0.9715,0.5996,0.234234,39,31,66,292.06,0.5040,0.1647,0.018046,4.177
371932,520,462,982,189,60,197,325.43,0.8242,0.5298,0.180832,13,8,6,47.07,0.2053,0.0525,0.002724,4.378
371939,520,219,739,250,140,233,333.05,0.9669,0.7534,0.449656,53,78,31,132.31,0.7082,0.2985,0.063045,4.420
371946,520,439,959,233,28,130,358.66,0.9487,0.5520,0.197688,4,24,25,199.47,0.6714,0.0926,0.007492,4.308
371952,520,410,930,185,80,223,315.85,0.8259,0.5652,0.213804,23,17,72,280.27,0.8121,0.1254,0.010509,4.360
371954,520,361,881,200,93,241,315.43,0.8972,0.6164,0.264602,37,36,79,281.46,0.5610,0.1842,0.022195,4.358
371960,520,400,920,214,55,216,327.52,0.9108,0.5789,0.219884,40,28,31,2.07,0.1991,0.1390,0.013806,4.230
371965,520,297,817,216,131,206,331.26,0.6704,0.6794,0.352893,7,62,78,223.22,0.8699,0.2403,0.040403,4.457
371978,520,316,836,218,100,255,317.30,1.0000,0.6605,0.312413,37,57,47,162.27,0.3207,0.2242,0.035247,4.251
371980,520,342,862,239,103,87,29.06,0.8670,0.6277,0.287422,13,47,75,247.18,0.7139,0.1945,0.026265,4.424
371994,520,402,922,249,22,126,2.65,0.9780,0.5804,0.222234,2,28,64,256.81,0.9188,0.1287,0.012135,4.381
371995,520,361,881,215,76,238,321.65,0.9188,0.6154,0.257908,69,24,26,20.07,0.6216,0.1769,0.019933,4.403
371996,520,392,912,250,25,150,355.21,0.9751,0.5922,0.232247,65,12,26,9.58,0.7521,0.1516,0.014615,4.368
372023,520,442,962,229,49,61,23.53,0.9297,0.5393,0.191945,12,11,43,279.09,0.7131,0.0780,0.004919,4.405
372055,520,344,864,230,94,184,342.98,0.7975,0.6305,0.282915,7,54,32,157.76,0.9343,0.1939,0.027877,4.275
372077,520,406,926,239,27,174,345.53,0.9662,0.5824,0.221936,18,33,27,167.22,0.3549,0.1288,0.012954,4.320
372093,520,454,974,225,46,84,15.43,0.9061,0.5332,0.186044,4,11,45,267.31,0.8703,0.0740,0.004546,4.327
372096,520,407,927,252,22,29,27.82,0.9905,0.5681,0.213617,9,27,67,263.31,0.8076,0.1322,0.012471,4.220
372097,520,348,868,244,96,106,19.35,0.8798,0.6298,0.286425,40,46,32,126.80,0.2625,0.1885,0.025094,4.480
372113,520,317,837,242,82,231,330.76,0.9423,0.6598,0.306839,41,38,112,278.68,0.7570,0.2222,0.030274,4.445
372131,520,355,875,220,76,239,322.82,0.9272,0.6238,0.266184,18,45,54,222.33,0.5267,0.1777,0.022716,4.348
372133,520,373,893,230,40,216,331.74,0.9582,0.5959,0.233009,53,31,14,57.00,0.5567,0.1605,0.017687,4.181
372162,520,443,963,187,86,157,340.23,0.6337,0.5376,0.196561,5,9,55,269.34,0.9291,0.0810,0.005034,4.480
372163,520,468,988,112,93,250,282.51,0.9547,0.5209,0.181751,4,4,16,280.57,0.5482,0.0381,0.001501,4.500
372167,520,477,997,206,38,143,348.41,0.8626,0.5101,0.164933,0,2,7,251.28,1.0000,0.0226,0.000588,4.249
372178,520,375,895,202,96,202,327.44,0.7360,0.5994,0.251881,43,38,9,99.51,0.6947,0.1639,0.019196,4.363
372179,520,470,990,227,20,82,13.93,0.9717,0.5219,0.174433,12,3,14,321.51,0.5727,0.0426,0.001750,4.337
372201,520,416,936,184,76,245,310.49,0.9285,0.5749,0.219527,0,21,72,261.62,1.0000,0.1188,0.010041,4.489
372207,520,479,999,216,47,35,29.25,0.9393,0.5079,0.167559,0,0,7,264.05,1.0000,0.0135,0.000153,4.338
372265,520,461,981,228,1,118,1.02,0.9982,0.5295,0.178266,15,6,18,317.84,0.4603,0.0546,0.002755,4.327
372291,520,376,896,245,76,97,17.88,0.9154,0.6040,0.254477,5,33,86,261.34,0.9220,0.1632,0.017918,4.483
372299,520,350,870,242,29,244,327.83,0.9884,0.6299,0.262904,61,28,69,319.51,0.5875,0.1903,0.022524,4.314
372300,520,480,1000,186,82,93,15.87,0.6249,0.5053,0.172656,0,0,0,0.00,0.0000,0.0000,0.000000,4.453
372309,520,463,983,192,41,210,323.10,0.9120,0.5273,0.174470,19,5,7,9.90,0.4763,0.0531,0.002623,4.266
372342,520,354,874,240,23,244,327.40,0.9914,0.6244,0.256724,81,4,11,23.90,0.9623,0.1754,0.018606,4.471
372348,520,419,939,211,52,193,333.25,0.8766,0.5569,0.201571,10,30,21,162.58,0.5817,0.1126,0.010472,4.160
372371,520,388,908,246,36,155,353.22,0.9532,0.5913,0.232244,63,9,37,353.76,0.7623,0.1483,0.013859,4.420
372375,520,416,936,237,6,159,349.37,0.9925,0.5655,0.206410,48,12,26,359.22,0.6340,0.1183,0.009660,4.298
372384,520,333,853,242,65,223,332.88,0.9419,0.6387,0.279883,57,35,74,308.70,0.5136,0.2015,0.025664,4.360
372390,520,349,869,244,11,249,327.24,0.9971,0.6319,0.263148,74,25,42,1.35,0.6072,0.1932,0.023185,4.279
372409,520,418,938,148,100,240,295.78,0.8425,0.5609,0.217016,31,23,34,316.70,0.2569,0.1169,0.010196,4.436
372415,520,445,965,236,21,70,18.63,0.9798,0.5388,0.188146,11,1,65,275.61,0.9914,0.0833,0.004745,4.350
372419,520,447,967,226,54,90,14.54,0.8804,0.5434,0.195480,26,11,26,327.00,0.4608,0.0814,0.005336,4.436
372437,520,212,732,255,138,246,330.08,1.0000,0.7632,0.460932,4,88,28,146.68,0.9944,0.3099,0.070888,4.226
372453,520,362,882,242,53,184,343.85,0.9260,0.6078,0.248871,42,13,110,285.71,0.9259,0.1827,0.019058,4.328
372458,520,421,941,246,14,67,19.92,0.9911,0.5572,0.203157,3,10,82,266.01,0.9775,0.1133,0.008456,4.331
372468,520,444,964,216,63,122,1.46,0.7973,0.5426,0.195615,13,20,2,125.64,0.8309,0.0803,0.005903,4.394
372471,520,388,908,201,86,218,322.33,0.8171,0.5933,0.241365,18,32,65,264.81,0.6170,0.1479,0.015432,4.453
372481,520,458,978,184,63,202,322.22,0.8197,0.5284,0.180109,14,11,4,90.95,0.4038,0.0594,0.003415,4.308
372507,520,269,789,163,160,238,285.07,0.7066,0.6957,0.391009,24,72,12,140.18,0.9699,0.2584,0.048553,4.475
372510,520,457,977,195,45,208,324.44,0.9000,0.5338,0.180345,21,4,17,336.61,0.6081,0.0572,0.002868,4.357
372516,520,333,853,223,117,148,2.63,0.6445,0.6408,0.305508,17,55,35,157.31,0.7806,0.2017,0.029728,4.459
372521,520,476,996,214,12,138,351.28,0.9679,0.5115,0.163965,0,0,16,264.05,1.0000,0.0204,0.000374,4.248
372522,520,458,978,212,33,162,343.07,0.9044,0.5279,0.176956,28,1,14,352.11,0.8266,0.0604,0.003003,4.282
372529,520,449,969,141,93,239,294.42,0.8536,0.5404,0.197234,7,18,17,188.58,0.3631,0.0747,0.005182,4.480
372530,520,295,815,252,122,102,30.44,0.9577,0.6824,0.355769,21,68,0,138.58,1.0000,0.2423,0.042935,4.366
372536,520,408,928,248,11,111,7.00,0.9905,0.5706,0.213470,10,30,58,257.34,0.6835,0.1328,0.012985,4.183
372544,520,410,930,177,89,225,311.74,0.8035,0.5680,0.219289,29,26,45,290.50,0.3522,0.1279,0.011895,4.351
372576,520,441,961,177,97,148,342.51,0.5217,0.5368,0.200357,15,17,35,277.40,0.4351,0.0870,0.006238,4.452
372617,520,410,930,206,40,243,318.99,0.9635,0.5744,0.211121,14,15,86,271.33,0.9422,0.1313,0.011068,4.276
372633,520,417,937,241,17,145,354.83,0.9794,0.5698,0.211492,39,23,12,54.75,0.4569,0.1201,0.010707,4.307
372635,520,476,996,188,82,97,13.73,0.6286,0.5099,0.175906,0,1,5,257.10,0.9999,0.0173,0.000327,4.489
372658,520,372,892,242,43,206,337.28,0.9588,0.6129,0.250641,47,22,83,297.85,0.7408,0.1712,0.018027,4.419
372672,520,400,920,207,48,239,319.99,0.9485,0.5782,0.216130,58,7,37,349.51,0.7710,0.1360,0.011852,4.303
372673,520,366,886,251,79,50,32.11,0.9766,0.6113,0.263350,41,41,17,108.74,0.5198,0.1713,0.020978,4.415
372686,520,426,946,238,30,124,1.77,0.9520,0.5608,0.205641,13,6,76,273.69,0.9670,0.1060,0.007376,4.456
372691,520,411,931,221,66,153,350.25,0.8093,0.5671,0.215709,0,35,16,155.46,1.0000,0.1222,0.012394,4.259
372694,520,362,882,218,91,192,336.29,0.7723,0.6112,0.261954,5,45,63,233.18,0.8334,0.1777,0.022678,4.292
372701,520,450,970,189,79,176,332.40,0.7096,0.5403,0.195468,15,16,11,116.68,0.1693,0.0738,0.004963,4.466
372702,520,241,761,251,152,41,62.40,0.9577,0.7284,0.431286,0,80,23,146.58,1.0000,0.2807,0.057989,4.457
372711,520,477,997,181,82,129,352.61,0.5996,0.5092,0.174447,3,1,8,299.53,0.6793,0.0239,0.000586,4.437
372730,520,402,922,234,21,186,340.78,0.9758,0.5770,0.215767,53,15,30,358.57,0.6180,0.1335,0.011924,4.292
372760,520,352,872,224,58,253,321.07,0.9909,0.6231,0.259673,46,4,117,287.36,0.9778,0.1882,0.019520,4.454
372768,520,304,824,255,56,247,329.98,1.0000,0.6682,0.308068,81,14,102,316.13,0.8443,0.2315,0.030229,4.463
372773,520,453,973,227,3,135,355.01,0.9942,0.5343,0.181481,15,11,35,287.84,0.5780,0.0744,0.004622,4.238
372777,520,385,905,216,96,139,359.91,0.6709,0.5922,0.248309,11,42,7,141.33,0.9529,0.1493,0.017424,4.424
372783,520,452,972,215,27,162,343.69,0.9298,0.5305,0.178419,9,15,28,264.56,0.4132,0.0737,0.004836,4.166
372787,520,383,903,202,73,248,315.58,0.9562,0.5996,0.241003,13,34,60,255.00,0.6318,0.1467,0.015558,4.439
372808,520,441,961,195,48,210,323.84,0.8949,0.5375,0.183707,4,12,59,267.04,0.9307,0.0896,0.006045,4.170
372812,520,480,1000,189,19,211,322.32,0.9678,0.5115,0.159892,0,0,0,0.00,0.0000,0.0000,0.000000,4.198
372815,520,422,942,245,34,7,30.59,0.9948,0.5577,0.205754,38,19,6,54.35,0.6162,0.1085,0.008910,4.341
372847,520,448,968,218,44,148,349.85,0.8707,0.5395,0.188473,36,5,22,349.80,0.7028,0.0847,0.005416,4.303
372868,520,460,980,169,69,219,312.08,0.8324,0.5251,0.178065,15,7,14,330.84,0.3313,0.0551,0.002852,4.315
372875,520,363,883,219,61,237,323.41,0.9362,0.6063,0.245139,79,3,16,19.83,0.9596,0.1707,0.017651,4.363
372882,520,425,945,244,38,15,30.46,0.9883,0.5582,0.206573,30,18,49,299.23,0.5702,0.1140,0.009304,4.326
372902,520,378,898,241,56,177,345.93,0.9122,0.6049,0.247064,68,18,10,31.65,0.8152,0.1621,0.016837,4.445
372905,520,434,954,229,52,116,4.86,0.8751,0.5547,0.203778,6,21,47,260.03,0.7199,0.0990,0.007802,4.390
372909,520,384,904,207,92,182,336.63,0.7124,0.5903,0.242988,52,20,57,322.07,0.6214,0.1543,0.015259,4.490
372916,520,396,916,130,116,255,283.82,1.0000,0.5841,0.244562,18,39,8,136.95,0.8858,0.1432,0.015971,4.465
372922,520,462,982,197,21,222,321.79,0.9737,0.5343,0.176822,5,2,34,278.59,0.9257,0.0468,0.001912,4.369
372924,520,462,982,218,48,103,7.57,0.8642,0.5258,0.180011,4,8,15,255.28,0.3689,0.0475,0.002340,4.395
372929,520,449,969,190,20,242,315.21,0.9834,0.5385,0.178596,15,13,23,293.17,0.2857,0.0714,0.004513,4.193
372942,520,426,946,246,39,43,26.95,0.9720,0.5648,0.212218,5,16,73,266.58,0.9402,0.1128,0.008838,4.457
372948,520,406,926,231,18,207,334.30,0.9845,0.5828,0.219291,22,28,44,268.04,0.3388,0.1257,0.011829,4.355
372949,520,338,858,217,113,177,344.01,0.6578,0.6362,0.297381,56,43,43,18.27,0.1614,0.2025,0.027430,4.486
372964,520,471,991,171,31,245,308.79,0.9677,0.5165,0.162313,7,4,9,313.56,0.3203,0.0381,0.001517,4.121
372977,520,285,805,220,119,255,316.70,1.0000,0.6910,0.356307,52,58,69,262.59,0.1540,0.2495,0.041858,4.423
372985,520,432,952,224,45,153,349.53,0.8846,0.5539,0.200266,40,10,25,351.96,0.6065,0.1007,0.007385,4.361
372996,520,472,992,198,61,146,346.55,0.7635,0.5173,0.174204,0,6,3,165.38,1.0000,0.0337,0.001368,4.365
372999,520,379,899,253,18,160,352.52,0.9862,0.6000,0.238569,23,15,105,274.07,0.9534,0.1612,0.015436,4.410
373001,520,311,831,200,138,172,345.54,0.4323,0.6575,0.334360,26,62,3,136.53,0.9864,0.2244,0.036713,4.433
373010,520,382,902,241,22,211,335.59,0.9854,0.6046,0.239806,30,28,76,280.45,0.6664,0.1570,0.016283,4.372
373031,520,395,915,214,70,203,331.13,0.8497,0.5851,0.229902,27,35,15,126.82,0.5058,0.1388,0.014696,4.326
373038,520,402,922,227,51,179,341.78,0.8941,0.5766,0.219558,45,15,46,326.28,0.6242,0.1278,0.010969,4.421
373040,520,455,975,214,34,159,344.61,0.9026,0.5307,0.179457,6,14,12,178.15,0.3137,0.0620,0.003793,4.266
373041,520,340,860,250,8,241,330.35,0.9979,0.6365,0.268516,52,45,39,62.84,0.1350,0.2013,0.027534,4.108
373047,520,429,949,226,42,147,351.95,0.8965,0.5530,0.199339,5,28,12,151.42,0.8709,0.1012,0.008893,4.234
373055,520,399,919,206,45,247,317.97,0.9643,0.5807,0.217156,48,0,80,305.09,1.0000,0.1437,0.012076,4.304
373074,520,431,951,208,69,161,343.92,0.7705,0.5512,0.202413,49,4,10,18.13,0.8635,0.1043,0.007618,4.381
373080,520,461,981,156,76,236,302.86,0.8737,0.5301,0.182934,4,9,20,260.23,0.4816,0.0521,0.002717,4.419
373103,520,411,931,248,38,23,29.70,0.9817,0.5669,0.214081,46,14,40,335.38,0.6146,0.1244,0.010482,4.366
373123,520,455,975,219,61,60,25.69,0.8857,0.5307,0.187264,0,8,35,260.24,1.0000,0.0564,0.002950,4.481
373135,520,443,963,220,24,172,341.68,0.9509,0.5440,0.188499,32,1,39,319.98,0.9027,0.0813,0.004753,4.356
373137,520,453,973,144,95,214,300.04,0.7215,0.5280,0.189690,1,16,23,226.22,0.8345,0.0676,0.004389,4.407
373141,520,457,977,234,24,25,28.25,0.9848,0.5303,0.182191,12,6,30,291.52,0.6632,0.0586,0.003021,4.379
373143,520,440,960,230,16,149,351.21,0.9732,0.5493,0.193663,21,8,53,289.47,0.8067,0.0902,0.005901,4.359
373144,520,469,989,200,75,94,14.41,0.7137,0.5195,0.181216,0,3,29,263.21,1.0005,0.0400,0.001538,4.486
373151,520,399,919,203,69,228,320.89,0.8878,0.5826,0.225557,4,14,99,265.84,0.9784,0.1417,0.012406,4.416
373161,520,437,957,198,23,242,317.37,0.9815,0.5525,0.190309,17,16,40,282.74,0.5281,0.0898,0.006429,4.259
373168,520,427,947,242,13,113,5.47,0.9860,0.5593,0.203607,37,12,28,343.24,0.5422,0.1002,0.007402,4.418
373170,520,435,955,183,53,243,311.98,0.9391,0.5481,0.190856,40,10,5,33.15,0.7375,0.0948,0.006792,4.241
373179,520,414,934,174,99,218,311.35,0.7400,0.5749,0.229850,19,33,8,133.28,0.7563,0.1247,0.012437,4.482
373194,520,414,934,220,67,162,346.65,0.8103,0.5704,0.218409,50,14,13,24.62,0.6739,0.1211,0.010214,4.458
373199,520,421,941,215,9,219,327.34,0.9918,0.5599,0.197590,45,11,5,33.44,0.7792,0.1055,0.008083,4.263
373206,520,404,924,250,53,20,31.74,0.9844,0.5813,0.229243,31,28,39,297.23,0.2135,0.1317,0.012683,4.455
373212,520,465,985,216,55,44,28.77,0.9154,0.5164,0.175157,8,3,31,286.32,0.8221,0.0494,0.002157,4.317
373222,520,411,931,250,17,84,15.75,0.9882,0.5696,0.213686,31,18,56,295.91,0.6375,0.1206,0.010094,4.388
373257,520,378,898,252,68,40,31.61,0.9850,0.6003,0.249865,34,39,11,118.19,0.6541,0.1569,0.018153,4.400
373258,520,412,932,189,55,254,311.31,0.9938,0.5678,0.207081,54,7,28,358.02,0.7591,0.1240,0.010202,4.270
373271,520,425,945,213,58,191,334.47,0.8594,0.5644,0.209359,11,11,73,271.82,0.9410,0.1080,0.007915,4.478
373274,520,389,909,237,81,85,22.82,0.8747,0.5928,0.245482,25,39,26,146.38,0.3792,0.1520,0.017323,4.389
373289,520,429,949,210,11,215,327.06,0.9881,0.5487,0.188493,0,9,77,264.08,0.9812,0.1037,0.007311,4.161
373297,520,461,981,215,35,154,346.60,0.8982,0.5307,0.179846,4,4,37,273.26,0.9092,0.0531,0.002462,4.381
373302,520,355,875,232,32,255,323.04,1.0000,0.6220,0.254112,69,25,13,36.15,0.7278,0.1759,0.019897,4.351
373306,520,444,964,203,65,171,338.47,0.7854,0.5431,0.194192,19,18,16,84.59,0.0630,0.0841,0.006085,4.354
373340,520,462,982,231,40,0,31.94,1.0000,0.5318,0.185096,0,9,28,254.83,0.9999,0.0533,0.002792,4.453
373343,520,444,964,212,72,97,13.63,0.7673,0.5381,0.194971,22,17,11,71.82,0.2365,0.0834,0.005956,4.378
373346,520,14,534,252,250,250,17.19,0.2264,0.9844,0.959689,2,135,37,145.30,0.9989,0.4695,0.174737,4.493
373360,520,341,861,255,55,179,348.32,1.0000,0.6306,0.272505,92,5,27,15.30,0.9356,0.2046,0.024634,4.321
373366,520,452,972,230,27,86,13.43,0.9593,0.5320,0.182817,8,16,24,248.76,0.3534,0.0733,0.004881,4.242
373370,520,334,854,196,124,207,322.10,0.6279,0.6410,0.306571,23,53,51,189.74,0.5001,0.2039,0.029673,4.475
373376,520,338,858,250,78,173,350.64,0.9449,0.6398,0.287931,19,42,90,262.85,0.7456,0.1953,0.025324,4.486
373405,520,473,993,216,48,96,10.02,0.8649,0.5199,0.175599,15,0,5,354.81,1.0000,0.0346,0.001125,4.413
373406,520,448,968,159,78,234,304.15,0.8607,0.5351,0.187607,10,2,58,276.54,0.9764,0.0758,0.004134,4.389
373428,520,463,983,153,69,251,299.59,0.9687,0.5302,0.179939,3,12,5,151.88,0.6408,0.0524,0.002933,4.344
373437,520,388,908,195,72,255,311.99,1.0000,0.5937,0.234580,29,16,90,281.02,0.8857,0.1491,0.013699,4.468
373440,520,388,908,196,88,217,320.84,0.7987,0.5880,0.237263,60,20,12,33.05,0.7099,0.1498,0.014877,4.428
373456,520,470,990,216,24,136,352.78,0.9333,0.5187,0.170322,2,6,22,264.18,0.7161,0.0445,0.002011,4.236
373457,520,469,989,215,42,122,358.85,0.8676,0.5216,0.175106,11,4,9,335.87,0.3845,0.0421,0.001777,4.348
373466,520,467,987,216,30,121,358.59,0.9135,0.5155,0.169104,9,3,10,323.03,0.4728,0.0379,0.001451,4.258
373468,520,415,935,190,76,223,317.79,0.8424,0.5674,0.214450,45,7,44,329.04,0.7495,0.1156,0.008918,4.488
373491,520,422,942,232,44,138,356.56,0.9033,0.5622,0.207950,43,16,2,48.94,0.8247,0.1098,0.008886,4.380
373496,520,463,983,133,85,247,291.43,0.9273,0.5255,0.181989,3,13,2,140.69,0.8926,0.0540,0.003116,4.368
373505,520,424,944,245,36,19,29.91,0.9849,0.5592,0.207247,40,2,55,313.95,0.9079,0.1089,0.007704,4.458
373518,520,359,879,254,36,176,348.34,0.9921,0.6158,0.254706,23,25,108,272.13,0.9187,0.1797,0.019600,4.378
373531,520,438,958,186,61,224,317.00,0.8797,0.5452,0.191596,43,5,4,27.41,0.8703,0.0924,0.006310,4.290
373536,520,390,910,237,7,201,337.25,0.9946,0.5878,0.223764,21,20,91,274.01,0.9014,0.1498,0.014150,4.268
373545,520,444,964,233,42,40,27.63,0.9598,0.5395,0.191359,22,17,15,43.01,0.1329,0.0845,0.006060,4.305
373589,520,381,901,224,53,221,328.88,0.9348,0.5974,0.236162,7,31,89,263.48,0.9145,0.1623,0.017463,4.242
373597,520,307,827,255,62,236,332.61,1.0000,0.6658,0.307645,65,49,47,26.63,0.1853,0.2312,0.035258,4.195
373599,520,390,910,200,90,198,328.21,0.7421,0.5853,0.236704,1,40,35,182.29,0.9696,0.1455,0.016453,4.314
373605,520,445,965,191,50,223,319.22,0.9094,0.5421,0.186866,15,2,61,280.87,0.9705,0.0833,0.004819,4.321
373621,520,358,878,225,94,168,348.10,0.7470,0.6153,0.268424,9,50,33,161.49,0.8757,0.1812,0.024490,4.275
373631,520,425,945,195,70,207,324.13,0.8238,0.5570,0.204889,14,27,18,153.46,0.4113,0.1050,0.009209,4.305
373636,520,2,522,255,255,255,0.00,0.0000,1.0000,1.000000,39,137,28,141.72,0.9778,0.4817,0.184058,4.486
373644,520,408,928,216,78,142,354.98,0.7452,0.5678,0.220029,57,6,39,346.12,0.7828,0.1339,0.011467,4.393
373649,520,468,988,184,81,149,342.59,0.6386,0.5213,0.182465,0,4,27,261.83,1.0000,0.0409,0.001660,4.500
373655,520,308,828,204,130,227,317.86,0.7399,0.6728,0.343497,4,65,13,144.65,0.9915,0.2277,0.038353,4.454
373679,520,438,958,221,24,178,340.09,0.9552,0.5492,0.192422,3,0,72,267.00,1.0000,0.0853,0.004872,4.418
373682,520,433,953,189,53,230,316.79,0.9133,0.5469,0.190795,2,2,83,265.59,0.9962,0.1031,0.006808,4.239
373698,520,399,919,232,74,98,15.91,0.8379,0.5778,0.229380,44,19,52,317.40,0.5899,0.1369,0.012492,4.471
373703,520,385,905,249,7,161,351.25,0.9942,0.5902,0.228683,8,10,104,267.47,0.9846,0.1456,0.012681,4.446
373710,520,464,984,176,32,242,310.90,0.9646,0.5219,0.166749,20,3,18,331.93,0.6676,0.0542,0.002575,4.123
373717,520,471,991,182,40,227,315.86,0.9342,0.5234,0.170099,9,2,22,299.60,0.7705,0.0415,0.001594,4.266
373719,520,463,983,234,29,27,28.39,0.9798,0.5328,0.184534,1,12,16,217.53,0.7794,0.0544,0.003068,4.420
373727,520,401,921,240,68,76,22.96,0.9120,0.5816,0.231845,16,27,66,268.31,0.7030,0.1350,0.012873,4.483
373729,520,299,819,244,104,189,345.69,0.8790,0.6689,0.328106,0,64,43,163.80,1.0000,0.2294,0.038410,4.277
373737,520,345,865,244,30,233,330.83,0.9857,0.6265,0.260477,47,26,92,292.65,0.7423,0.1863,0.021158,4.363
373739,520,445,965,221,59,108,7.61,0.8330,0.5433,0.195854,34,7,17,359.68,0.6194,0.0827,0.005326,4.444
373740,520,438,958,242,14,44,24.86,0.9923,0.5456,0.193766,22,18,14,67.12,0.1558,0.0866,0.006349,4.326
373754,520,336,856,254,45,214,337.87,0.9945,0.6400,0.278059,74,21,71,330.13,0.7056,0.2026,0.024473,4.405
373764,520,407,927,234,68,47,30.69,0.9237,0.5659,0.218349,62,0,5,23.87,1.0000,0.1264,0.010353,4.446
373788,520,357,877,254,58,162,353.70,0.9894,0.6238,0.267090,39,45,28,124.11,0.3294,0.1835,0.023919,4.290
373797,520,398,918,215,2,252,319.79,0.9991,0.5834,0.215207,17,23,77,271.75,0.8354,0.1373,0.012677,4.231
373802,520,302,822,234,106,210,335.23,0.8530,0.6661,0.324559,46,49,88,278.61,0.4584,0.2312,0.034820,4.416
373815,520,281,801,249,112,200,343.52,0.9318,0.6930,0.359010,41,68,1,130.60,0.9932,0.2540,0.046078,4.257
373821,520,466,986,217,52,92,12.34,0.8586,0.5243,0.179829,3,10,19,248.79,0.5224,0.0529,0.002834,4.350
373823,520,448,968,226,61,6,35.17,0.9915,0.5401,0.195222,5,6,63,269.32,0.9676,0.0849,0.005214,4.441
373837,520,401,921,222,60,181,340.14,0.8591,0.5764,0.220999,23,33,47,256.86,0.3260,0.1418,0.014751,4.185
373839,520,364,884,237,6,229,330.22,0.9972,0.6052,0.237946,23,18,112,272.77,0.9538,0.1741,0.017845,4.244
373847,520,420,940,219,49,179,339.71,0.8822,0.5606,0.205137,45,6,30,346.92,0.7349,0.1062,0.007820,4.413
373859,520,348,868,249,36,213,336.94,0.9766,0.6258,0.262087,11,22,123,266.95,0.9715,0.1880,0.020749,4.411
373884,520,460,980,184,6,242,313.70,0.9952,0.5253,0.167326,14,7,26,298.95,0.5572,0.0600,0.003199,4.085
373888,520,431,951,208,88,62,33.79,0.7778,0.5466,0.207393,35,8,48,312.54,0.7477,0.1036,0.007444,4.481
373894,520,388,908,241,11,185,342.56,0.9907,0.5871,0.224459,1,10,110,264.59,0.9900,0.1511,0.013492,4.323
373901,520,430,950,220,73,57,29.64,0.8674,0.5464,0.202787,7,17,53,267.16,0.8165,0.0953,0.007031,4.432
373910,520,417,937,254,4,70,19.45,0.9979,0.5725,0.216037,6,21,74,265.66,0.9131,0.1241,0.010694,4.383
373935,520,402,922,238,13,178,343.93,0.9868,0.5781,0.216823,30,10,79,286.83,0.8872,0.1298,0.010576,4.405
373946,520,391,911,251,57,12,32.91,0.9915,0.5864,0.234657,70,3,18,15.82,0.9348,0.1505,0.014111,4.440
373948,520,427,947,239,0,133,358.02,1.0000,0.5573,0.200474,5,28,22,173.57,0.7258,0.1041,0.009207,4.230
373964,520,441,961,201,82,118,4.10,0.6692,0.5387,0.197620,30,3,54,302.90,0.8921,0.0943,0.006075,4.416
373986,520,337,857,253,66,179,348.45,0.9804,0.6359,0.280371,21,54,18,142.03,0.8937,0.1964,0.028413,4.213
374002,520,358,878,216,89,224,325.29,0.8570,0.6234,0.271273,17,48,24,148.85,0.7980,0.1754,0.022989,4.402
374018,520,457,977,229,34,37,27.21,0.9691,0.5257,0.179386,1,14,6,158.61,0.9160,0.0561,0.003337,4.301
374026,520,277,797,248,94,254,326.25,0.9961,0.6962,0.351202,33,48,125,269.79,0.8062,0.2505,0.039177,4.499
374052,520,340,860,197,115,226,316.67,0.7637,0.6368,0.296238,3,55,54,192.79,0.9386,0.2041,0.030179,4.318
374058,520,400,920,240,69,20,34.93,0.9777,0.5767,0.228352,47,11,67,310.23,0.7911,0.1415,0.012490,4.454
374080,520,381,901,254,57,105,12.95,0.9908,0.6044,0.250206,66,23,1,45.34,0.9500,0.1650,0.017734,4.432
374097,520,13,533,248,250,234,112.56,0.7099,0.9759,0.942682,88,126,32,129.26,0.8837,0.4731,0.171004,4.492
374098,520,461,981,211,43,155,345.55,0.8616,0.5289,0.179454,10,5,29,289.40,0.6968,0.0541,0.002618,4.361
374125,520,2,522,255,255,255,0.00,0.0000,1.0000,1.000000,9,138,48,146.62,0.9947,0.4813,0.184476,4.478
374128,520,438,958,240,17,76,17.07,0.9852,0.5470,0.194513,21,18,18,17.60,0.0667,0.0868,0.006357,4.339
374136,520,435,955,242,23,67,20.06,0.9813,0.5516,0.198987,15,21,29,255.75,0.2528,0.0934,0.007266,4.348
374137,520,436,956,194,76,178,333.33,0.7367,0.5453,0.198541,38,11,2,42.95,0.8147,0.0922,0.006559,4.394
374143,520,398,918,252,49,24,30.78,0.9882,0.5825,0.229617,35,23,68,291.68,0.6511,0.1448,0.013875,4.378
374150,520,432,952,154,86,244,299.39,0.8992,0.5484,0.200575,39,4,39,328.05,0.7845,0.0977,0.006647,4.423
374152,520,362,882,229,0,255,322.54,1.0000,0.6088,0.238803,30,20,112,276.37,0.9274,0.1820,0.019461,4.158
374160,520,419,939,241,5,112,5.43,0.9944,0.5553,0.199825,42,2,58,313.64,0.9154,0.1148,0.008412,4.277
374165,520,425,945,246,29,42,26.24,0.9821,0.5593,0.206423,3,32,17,157.40,0.9288,0.1141,0.010928,4.209
374175,520,422,942,232,52,124,2.37,0.8811,0.5632,0.210699,0,31,16,158.91,1.0000,0.1090,0.010173,4.332
374183,520,360,880,239,39,234,329.42,0.9764,0.6226,0.257449,16,50,12,141.60,0.9370,0.1794,0.024178,4.145
374189,520,426,946,235,46,121,3.44,0.9068,0.5633,0.209996,38,17,28,348.26,0.4259,0.1107,0.008969,4.409
374190,520,480,1000,216,38,105,5.33,0.8920,0.5149,0.170076,0,0,0,0.00,0.0000,0.0000,0.000000,4.402
374202,520,463,983,223,40,106,6.36,0.9013,0.5306,0.182489,12,0,38,291.49,1.0000,0.0524,0.002181,4.455
374222,520,432,952,216,10,207,330.64,0.9886,0.5537,0.193232,14,25,6,133.19,0.7010,0.0963,0.008018,4.192
374228,520,471,991,191,21,212,322.61,0.9650,0.5164,0.163677,1,2,35,267.26,0.9743,0.0438,0.001712,4.132
374239,520,480,1000,221,4,110,2.60,0.9914,0.5129,0.165875,0,0,0,0.00,0.0000,0.0000,0.000000,4.317
374254,520,412,932,145,103,245,293.27,0.8755,0.5668,0.223128,24,26,46,278.45,0.3844,0.1235,0.011302,4.455
374262,520,458,978,195,73,148,345.88,0.7070,0.5277,0.185070,4,11,18,244.33,0.4314,0.0555,0.003088,4.428
374265,520,344,864,242,70,195,341.04,0.9121,0.6279,0.272005,50,39,45,344.43,0.1652,0.1853,0.023187,4.400
374269,520,421,941,201,84,154,346.19,0.6807,0.5557,0.210930,36,22,4,71.98,0.7112,0.1119,0.009577,4.380
374278,520,416,936,211,99,52,41.87,0.8035,0.5686,0.230226,3,35,4,143.53,0.9810,0.1215,0.012301,4.498
374288,520,382,902,165,112,238,300.86,0.8045,0.5999,0.257610,33,34,65,280.41,0.4635,0.1649,0.018490,4.491
374304,520,285,805,235,113,230,328.98,0.8969,0.6883,0.351877,2,71,8,143.63,0.9969,0.2479,0.045367,4.214
374308,520,471,991,162,68,224,308.44,0.8461,0.5179,0.171981,11,2,18,311.22,0.7162,0.0411,0.001582,4.303
374321,520,459,979,211,45,157,344.92,0.8559,0.5314,0.181622,21,3,30,313.32,0.7686,0.0625,0.003183,4.355
374354,520,440,960,243,17,70,19.02,0.9874,0.5522,0.199012,19,5,59,285.24,0.9037,0.0895,0.005627,4.476
374355,520,461,981,222,2,144,350.88,0.9955,0.5279,0.175893,20,0,21,326.70,1.0000,0.0490,0.002029,4.342
374360,520,460,980,176,37,248,309.46,0.9668,0.5301,0.173315,2,9,31,262.51,0.8160,0.0572,0.003072,4.208
374380,520,445,965,233,38,78,17.32,0.9449,0.5425,0.192630,36,3,24,345.21,0.7691,0.0823,0.005062,4.406
374410,520,364,884,254,58,132,3.88,0.9890,0.6129,0.257664,14,29,99,267.41,0.9108,0.1717,0.018728,4.477
374420,520,259,779,222,130,244,319.66,0.9040,0.7051,0.380280,54,61,85,271.61,0.2835,0.2681,0.047776,4.401
374422,520,433,953,221,40,162,345.52,0.8989,0.5491,0.195008,18,10,61,281.28,0.8520,0.0983,0.006826,4.312
374431,520,441,961,200,59,179,334.62,0.8111,0.5360,0.186637,40,6,18,2.21,0.7053,0.0920,0.006251,4.207
374438,520,337,857,250,10,242,330.12,0.9974,0.6375,0.269549,12,56,8,141.89,0.9734,0.1980,0.029239,4.033
374439,520,415,935,251,19,90,14.19,0.9861,0.5735,0.217168,18,31,20,148.56,0.4020,0.1204,0.011591,4.338
374466,520,443,963,208,77,106,10.15,0.7238,0.5400,0.197604,18,11,40,290.60,0.6363,0.0809,0.005211,4.485
374467,520,413,933,251,4,106,8.84,0.9969,0.5741,0.216403,7,20,74,266.64,0.9130,0.1225,0.010398,4.411
374491,520,370,890,227,48,241,324.77,0.9640,0.6123,0.247979,37,1,115,282.17,0.9956,0.1731,0.016528,4.479
374514,520,335,855,251,88,142,3.70,0.9386,0.6415,0.294449,34,48,54,226.14,0.2283,0.1975,0.027203,4.462
374517,520,411,931,204,77,188,333.01,0.7744,0.5683,0.217777,30,27,3,102.71,0.8027,0.1167,0.010665,4.414
374520,520,475,995,221,42,72,18.61,0.9209,0.5195,0.174987,7,1,8,323.86,0.6844,0.0291,0.000844,4.425
374523,520,391,911,178,103,219,312.24,0.7358,0.5875,0.242807,19,32,65,265.77,0.6043,0.1485,0.015531,4.468
374535,520,473,993,218,51,73,19.38,0.8893,0.5210,0.177567,8,3,4,3.38,0.3242,0.0344,0.001255,4.440
374563,520,286,806,242,132,138,17.46,0.7768,0.6927,0.372173,18,69,1,139.62,0.9975,0.2447,0.043869,4.497
374575,520,470,990,156,54,250,301.95,0.9701,0.5169,0.166088,6,5,2,95.85,0.3602,0.0371,0.001516,4.195
374576,520,284,804,234,129,174,353.94,0.7118,0.6872,0.362511,62,61,25,107.44,0.5845,0.2547,0.044318,4.374
374579,520,420,940,241,49,42,28.26,0.9566,0.5614,0.210679,46,6,38,337.13,0.7517,0.1123,0.008511,4.455
374580,520,280,800,245,94,251,326.21,0.9838,0.6899,0.343854,37,65,42,148.79,0.5212,0.2477,0.043410,4.216
374581,520,186,706,238,167,231,330.02,0.8473,0.7862,0.515856,4,86,101,215.08,0.9583,0.3277,0.076206,4.484
374593,520,411,931,189,61,245,312.96,0.9437,0.5659,0.207500,25,29,15,121.54,0.3735,0.1192,0.011199,4.208
374603,520,385,905,216,80,176,341.12,0.7731,0.5854,0.234729,51,5,77,308.57,0.8980,0.1506,0.013482,4.485
374605,520,381,901,241,63,152,354.88,0.8843,0.6000,0.245258,71,12,9,28.00,0.8849,0.1605,0.016225,4.458
374619,520,388,908,203,86,208,326.01,0.7911,0.5901,0.239077,6,44,10,144.82,0.9689,0.1545,0.018619,4.213
374651,520,436,956,236,20,130,358.92,0.9699,0.5548,0.199480,17,6,61,281.68,0.9083,0.0914,0.005863,4.466
374654,520,260,780,249,124,194,347.28,0.9080,0.7087,0.384527,73,62,40,84.12,0.3465,0.2737,0.050150,4.339
374659,520,426,946,200,80,174,336.97,0.7264,0.5582,0.210744,13,27,21,165.32,0.3925,0.1053,0.009236,4.402
374663,520,408,928,200,48,237,318.51,0.9415,0.5655,0.205092,32,31,19,103.90,0.2897,0.1332,0.013341,4.027
374669,520,406,926,250,47,44,27.72,0.9792,0.5784,0.225425,9,29,61,259.45,0.7347,0.1321,0.012737,4.390
374680,520,248,768,251,149,2,63.70,0.9984,0.7212,0.420113,9,76,66,179.58,0.9205,0.2801,0.056200,4.427
374688,520,258,778,250,117,221,336.50,0.9623,0.7115,0.382696,71,57,65,343.06,0.1621,0.2663,0.046476,4.485
374702,520,355,875,247,33,215,335.96,0.9790,0.6220,0.257712,70,24,26,20.24,0.6302,0.1788,0.020301,4.377
374705,520,452,972,120,95,249,285.00,0.9389,0.5308,0.190167,5,11,33,267.44,0.6774,0.0651,0.003814,4.463
374725,520,476,996,222,2,102,5.58,0.9961,0.5119,0.165351,5,0,11,309.75,1.0000,0.0246,0.000564,4.259
374728,520,310,830,246,100,182,348.50,0.8917,0.6636,0.320874,26,58,46,167.01,0.5485,0.2196,0.034429,4.393
374733,520,475,995,216,42,115,1.80,0.8725,0.5210,0.174951,1,3,9,259.20,0.5914,0.0284,0.000913,4.418
374738,520,451,971,158,69,251,301.26,0.9686,0.5365,0.184908,4,19,15,175.21,0.6114,0.0746,0.005260,4.251
374746,520,444,964,172,76,219,312.60,0.8130,0.5384,0.190549,4,16,35,257.27,0.6810,0.0768,0.005177,4.360
374748,520,332,852,253,40,225,334.81,0.9908,0.6419,0.278397,59,14,109,298.08,0.8881,0.2038,0.023480,4.469
374749,520,311,831,245,67,252,326.39,0.9896,0.6633,0.304577,56,50,43,71.54,0.1305,0.2210,0.032964,4.274
374750,520,225,745,237,167,115,57.04,0.7022,0.7491,0.468817,48,81,23,134.21,0.8755,0.3032,0.065750,4.482
374762,520,390,910,232,0,218,331.73,1.0000,0.5879,0.222204,73,1,1,28.87,0.9925,0.1524,0.014406,4.226
374766,520,262,782,238,133,191,346.89,0.7695,0.7065,0.387160,2,73,14,144.69,0.9967,0.2555,0.048095,4.456
374772,520,335,855,243,111,5,48.29,0.9940,0.6399,0.304375,7,57,11,143.96,0.9808,0.2002,0.029955,4.432
374780,520,464,984,180,90,116,3.16,0.5407,0.5162,0.182779,19,3,9,354.59,0.6089,0.0492,0.002233,4.457
374783,520,479,999,204,53,126,355.81,0.7997,0.5113,0.168920,0,1,0,142.50,1.0000,0.0135,0.000217,4.359
374786,520,354,874,236,96,105,19.25,0.8186,0.6158,0.272213,5,44,72,245.35,0.8324,0.1809,0.023014,4.413
374788,520,433,953,225,74,4,38.53,0.9931,0.5532,0.209166,43,10,18,8.53,0.6387,0.1035,0.007744,4.488
374790,520,451,971,203,2,227,322.34,0.9981,0.5435,0.182877,25,0,38,312.07,1.0000,0.0681,0.003466,4.356
374795,520,409,929,221,56,184,338.80,0.8723,0.5726,0.216635,33,29,14,94.94,0.4058,0.1277,0.012338,4.277
374798,520,427,947,236,44,116,5.23,0.9160,0.5623,0.208982,17,25,8,129.56,0.5662,0.0990,0.008320,4.441
374807,520,378,898,242,23,197,339.54,0.9812,0.5987,0.235243,75,5,18,18.10,0.9196,0.1639,0.016483,4.290
374810,520,390,910,241,47,149,354.75,0.9188,0.5859,0.229068,34,26,66,289.31,0.5908,0.1482,0.014722,4.312
374811,520,409,929,173,84,250,305.11,0.9510,0.5742,0.221276,32,27,29,351.66,0.0937,0.1257,0.011797,4.390
374827,520,430,950,184,97,161,338.02,0.5729,0.5531,0.213142,14,25,30,228.07,0.2985,0.1039,0.008823,4.473
374838,520,383,903,223,27,250,322.00,0.9866,0.6013,0.233761,6,31,75,260.60,0.8741,0.1481,0.015266,4.348
374839,520,362,882,246,75,99,17.04,0.9216,0.6052,0.255291,79,6,48,352.00,0.8360,0.1840,0.020062,4.357
374841,520,295,815,212,125,236,318.67,0.8331,0.6791,0.347217,52,58,38,121.82,0.3142,0.2379,0.038961,4.465
374866,520,449,969,225,18,147,350.82,0.9640,0.5392,0.185494,13,3,45,285.72,0.9019,0.0661,0.003401,4.410
374883,520,407,927,221,24,205,332.41,0.9703,0.5654,0.204355,50,14,40,339.95,0.6343,0.1313,0.011455,4.139
374888,520,362,882,213,104,170,344.91,0.6571,0.6124,0.269509,30,43,53,241.88,0.2686,0.1791,0.022608,4.400
374892,520,424,944,142,113,208,296.07,0.6223,0.5563,0.221152,0,32,6,147.36,1.0000,0.1102,0.010461,4.485
374894,520,418,938,243,34,77,18.16,0.9647,0.5606,0.207380,16,5,90,273.29,0.9817,0.1250,0.009568,4.321
374920,520,434,954,225,70,48,31.15,0.9034,0.5510,0.206040,29,14,41,307.85,0.5695,0.0996,0.007354,4.464
374937,520,459,979,183,62,211,319.39,0.8434,0.5321,0.182169,20,6,23,320.59,0.5649,0.0630,0.003408,4.347
374943,520,307,827,252,111,132,13.37,0.9371,0.6719,0.337334,30,63,16,137.76,0.9136,0.2314,0.038683,4.368
374944,520,466,986,187,81,139,348.77,0.6347,0.5217,0.183152,17,4,13,338.77,0.5307,0.0504,0.002351,4.454
374946,520,467,987,209,71,9,38.93,0.9781,0.5190,0.180838,16,0,10,341.08,1.0000,0.0380,0.001321,4.498
374954,520,434,954,224,70,44,32.12,0.9106,0.5487,0.204122,26,4,67,289.68,0.9270,0.1042,0.007117,4.449
374955,520,431,951,244,14,20,28.33,0.9940,0.5481,0.196012,13,25,13,144.37,0.4820,0.0971,0.008099,4.234
374973,520,454,974,233,30,43,25.77,0.9746,0.5325,0.184297,23,7,32,311.76,0.6426,0.0739,0.004384,4.308
374983,520,384,904,238,5,196,338.81,0.9960,0.5864,0.222741,51,30,1,71.32,0.9391,0.1531,0.016346,4.111
374984,520,365,885,231,13,245,325.13,0.9950,0.6071,0.238717,66,12,55,337.45,0.7503,0.1669,0.016972,4.311
375069,520,439,959,204,56,202,328.60,0.8685,0.5540,0.199318,8,12,56,271.24,0.8821,0.0891,0.006001,4.452
375093,520,396,916,210,66,210,327.93,0.8670,0.5786,0.222531,60,6,31,357.92,0.7963,0.1363,0.011900,4.403
375096,520,452,972,218,10,151,347.74,0.9770,0.5250,0.173594,3,18,9,157.83,0.7673,0.0693,0.004717,4.086
375120,520,401,921,221,12,236,324.77,0.9933,0.5832,0.216934,52,20,14,32.14,0.6022,0.1354,0.012622,4.263
375135,520,369,889,243,74,143,359.79,0.8806,0.6114,0.259385,63,28,0,55.02,1.0000,0.1688,0.018874,4.492
375143,520,350,870,243,28,244,328.06,0.9893,0.6313,0.264196,44,23,108,285.94,0.8467,0.1948,0.022309,4.345
375146,520,471,991,204,57,129,354.98,0.7856,0.5165,0.173507,2,4,22,269.50,0.7899,0.0395,0.001577,4.333
375154,520,430,950,157,99,208,306.68,0.6818,0.5467,0.206463,22,25,8,117.39,0.5259,0.1035,0.008834,4.359
375162,520,415,935,178,91,223,312.44,0.7903,0.5710,0.222757,14,31,30,190.81,0.3956,0.1212,0.011670,4.423
375163,520,293,813,232,112,221,330.96,0.8621,0.6777,0.339667,33,60,73,230.38,0.4178,0.2421,0.040360,4.312
375164,520,454,974,176,26,250,309.37,0.9782,0.5261,0.168719,12,5,47,281.94,0.8742,0.0709,0.003919,4.056
375169,520,431,951,189,51,234,315.92,0.9243,0.5483,0.191282,41,13,13,22.11,0.5800,0.1032,0.007884,4.168
375185,520,324,844,254,22,239,331.66,0.9963,0.6452,0.278798,45,50,50,196.80,0.0617,0.2115,0.030694,4.075
375205,520,470,990,212,27,161,343.26,0.9246,0.5242,0.173564,8,1,25,295.08,0.8855,0.0400,0.001435,4.347
375231,520,170,690,253,168,204,352.74,0.9321,0.7959,0.532497,47,90,58,150.66,0.6128,0.3381,0.082219,4.406
375234,520,354,874,239,37,227,331.12,0.9752,0.6170,0.252226,57,8,94,303.90,0.9013,0.1799,0.018517,4.411
375235,520,395,915,247,45,130,2.26,0.9365,0.5891,0.232660,22,29,62,271.95,0.5701,0.1407,0.013971,4.419
375257,520,468,988,161,86,194,314.40,0.6847,0.5204,0.181284,4,7,2,130.93,0.5234,0.0403,0.001822,4.463
375263,520,480,1000,216,30,110,2.76,0.9171,0.5116,0.166558,0,0,0,0.00,0.0000,0.0000,0.000000,4.331
375272,520,198,718,246,151,247,326.61,0.9521,0.7737,0.484434,85,76,15,100.50,0.8388,0.3231,0.071348,4.404
375281,520,352,872,240,86,143,0.99,0.8390,0.6201,0.271669,22,48,51,205.25,0.4538,0.1877,0.025234,4.276
375292,520,363,883,242,56,183,344.27,0.9191,0.6096,0.251275,31,26,96,278.43,0.8231,0.1738,0.018746,4.382
375295,520,471,991,216,54,94,11.73,0.8468,0.5248,0.180479,22,0,2,17.43,1.0000,0.0440,0.001750,4.454
375310,520,471,991,199,4,211,325.20,0.9942,0.5249,0.169338,0,10,4,160.03,1.0000,0.0445,0.002258,4.197
375312,520,427,947,211,48,205,329.77,0.9065,0.5612,0.203725,29,22,2,91.59,0.8249,0.1021,0.008394,4.345
375331,520,291,811,237,134,72,49.66,0.8214,0.6758,0.355251,36,58,82,251.51,0.4250,0.2434,0.040102,4.498
375332,520,461,981,215,67,20,36.10,0.9592,0.5258,0.185144,16,5,17,324.31,0.5070,0.0531,0.002592,4.471
375344,520,374,894,189,97,224,315.74,0.7910,0.5957,0.247511,72,11,16,21.88,0.8544,0.1628,0.016547,4.471
375350,520,464,984,216,30,120,358.96,0.9137,0.5152,0.168860,23,4,0,44.49,1.0000,0.0543,0.002690,4.154
375365,520,425,945,148,96,252,294.45,0.9586,0.5637,0.216900,10,26,43,251.50,0.5493,0.1114,0.009777,4.465
375389,520,377,897,250,12,168,349.42,0.9910,0.5962,0.234175,19,43,24,149.10,0.6397,0.1600,0.019321,4.099
375395,520,456,976,175,42,249,308.76,0.9695,0.5328,0.176103,22,3,22,327.79,0.7065,0.0589,0.002936,4.271
375407,520,420,940,234,64,62,26.09,0.9095,0.5635,0.215100,41,15,28,350.58,0.5074,0.1118,0.008970,4.496
375414,520,364,884,192,92,254,309.86,0.9892,0.6133,0.260175,29,38,63,268.08,0.4175,0.1703,0.020063,4.427
375419,520,460,980,176,44,243,310.25,0.9450,0.5305,0.175035,2,12,20,237.72,0.6494,0.0571,0.003263,4.225
375423,520,351,871,222,91,218,328.86,0.8507,0.6316,0.280757,68,35,1,60.78,0.9514,0.1926,0.024334,4.450
375430,520,424,944,231,49,136,357.45,0.8860,0.5631,0.209660,26,23,24,355.29,0.0614,0.1068,0.008984,4.402
375443,520,341,861,201,102,235,316.67,0.8513,0.6269,0.279196,0,30,123,263.47,1.0009,0.1974,0.023584,4.474
375444,520,462,982,219,19,150,348.46,0.9553,0.5291,0.177303,7,10,4,127.57,0.3749,0.0509,0.002710,4.312
375446,520,424,944,231,30,153,350.49,0.9429,0.5584,0.202202,20,29,8,128.44,0.6398,0.1133,0.010450,4.172
375450,520,237,757,190,174,182,345.86,0.1322,0.7287,0.445970,6,83,2,142.13,0.9974,0.2905,0.062293,4.417
375453,520,450,970,187,65,208,321.41,0.8311,0.5395,0.189007,9,13,29,271.52,0.4699,0.0697,0.004346,4.398
375454,520,417,937,241,62,5,34.59,0.9951,0.5708,0.221603,55,11,3,34.36,0.8976,0.1247,0.010583,4.483
375455,520,433,953,173,61,255,305.94,1.0000,0.5513,0.194424,24,21,33,295.69,0.2685,0.1037,0.008403,4.185
375460,520,344,864,255,65,154,357.12,1.0000,0.6284,0.273772,68,29,31,18.42,0.5214,0.1855,0.022068,4.493
375461,520,368,888,223,47,250,321.71,0.9797,0.6115,0.246252,42,37,39,351.47,0.0764,0.1677,0.019619,4.255
375462,520,474,994,227,34,45,25.54,0.9645,0.5223,0.176673,3,3,6,284.11,0.2655,0.0296,0.000976,4.447
375477,520,419,939,199,91,140,353.83,0.6249,0.5572,0.215194,19,24,37,267.87,0.3074,0.1087,0.009253,4.476
375490,520,418,938,202,7,251,316.65,0.9963,0.5622,0.196751,38,24,2,77.18,0.8475,0.1192,0.010698,4.065
375511,520,340,860,240,113,32,47.30,0.9458,0.6392,0.304427,25,55,14,138.37,0.9075,0.2014,0.029707,4.447
375519,520,385,905,239,38,176,345.18,0.9461,0.5886,0.228745,17,29,72,268.16,0.7289,0.1457,0.014657,4.311
375538,520,378,898,235,40,214,333.47,0.9614,0.6035,0.240374,18,18,104,271.12,0.9528,0.1606,0.015606,4.426
375539,520,374,894,240,19,208,336.13,0.9870,0.6001,0.235480,64,9,61,330.50,0.7884,0.1640,0.016224,4.311
375553,520,359,879,248,55,187,344.36,0.9495,0.6217,0.262799,63,34,13,54.26,0.6489,0.1834,0.022300,4.326
375569,520,271,791,229,148,105,48.34,0.6662,0.6971,0.388598,27,71,32,145.79,0.8739,0.2592,0.048436,4.456
375580,520,475,995,190,64,165,336.64,0.7554,0.5165,0.173321,9,2,0,53.71,1.0000,0.0309,0.001015,4.378
375582,520,338,858,254,60,186,346.18,0.9912,0.6359,0.278511,1,22,135,264.35,0.9827,0.2011,0.023293,4.482
375593,520,344,864,223,80,232,325.36,0.9042,0.6283,0.272535,67,36,10,56.97,0.7250,0.1942,0.024771,4.314
375598,520,416,936,186,77,237,312.91,0.8882,0.5729,0.218623,15,31,26,172.15,0.3935,0.1203,0.011561,4.364
375602,520,447,967,172,79,215,313.40,0.7907,0.5396,0.192698,33,10,3,41.76,0.7216,0.0824,0.005470,4.375
375605,520,435,955,187,44,251,311.81,0.9790,0.5538,0.193323,37,1,43,321.79,0.9122,0.0925,0.005895,4.353
375613,520,400,920,243,11,163,349.47,0.9892,0.5801,0.219416,20,32,46,252.88,0.3666,0.1362,0.013790,4.224
375615,520,458,978,188,19,238,315.56,0.9826,0.5316,0.173314,30,0,1,25.18,1.0000,0.0576,0.002783,4.231
375637,520,477,997,203,49,143,348.26,0.8154,0.5131,0.168783,0,2,11,258.21,1.0000,0.0247,0.000676,4.317
375639,520,352,872,219,117,67,45.34,0.7561,0.6156,0.281901,53,34,74,304.23,0.5250,0.1941,0.023954,4.488
375653,520,415,935,248,42,35,28.60,0.9742,0.5701,0.217373,54,5,30,354.48,0.7913,0.1224,0.009867,4.466
375654,520,455,975,167,87,186,319.64,0.6604,0.5253,0.185779,10,0,51,280.06,1.0000,0.0641,0.003035,4.446
375655,520,447,967,225,1,162,345.71,0.9982,0.5423,0.186406,13,17,27,267.38,0.2924,0.0808,0.005656,4.248
375663,520,466,986,168,92,157,332.65,0.5473,0.5189,0.184144,1,11,7,170.90,0.8277,0.0488,0.002611,4.450
375698,520,397,917,190,81,228,316.19,0.8475,0.5772,0.224346,27,15,82,281.81,0.8678,0.1367,0.011838,4.437
375703,520,414,934,227,6,197,336.00,0.9936,0.5666,0.204949,13,26,54,263.66,0.6206,0.1208,0.010907,4.186
375714,520,334,854,218,112,184,340.88,0.6818,0.6391,0.299563,18,52,48,184.92,0.6091,0.1969,0.027979,4.483
375730,520,303,823,247,71,253,326.59,0.9931,0.6706,0.313752,59,38,101,295.33,0.6485,0.2309,0.032556,4.406
375755,520,443,963,222,57,109,7.07,0.8420,0.5436,0.195626,29,9,13,8.76,0.4899,0.0769,0.004857,4.478
375765,520,464,984,208,13,177,337.03,0.9706,0.5206,0.168742,16,6,13,338.04,0.3881,0.0537,0.002695,4.151
375786,520,435,955,235,51,67,22.44,0.9305,0.5541,0.204382,37,11,13,17.46,0.5645,0.0931,0.006618,4.493
375787,520,466,986,203,5,187,332.76,0.9890,0.5156,0.163949,5,5,30,276.61,0.7762,0.0504,0.002345,4.087
375790,520,410,930,210,21,244,320.12,0.9867,0.5731,0.207714,55,6,45,337.79,0.7836,0.1333,0.011321,4.203
375811,520,422,942,206,39,223,323.75,0.9459,0.5589,0.199023,24,10,63,287.31,0.8306,0.1061,0.007701,4.316
375817,520,319,839,191,122,234,311.10,0.7809,0.6462,0.309367,28,61,22,140.67,0.8615,0.2244,0.036422,4.158
375832,520,477,997,151,81,204,307.77,0.7343,0.5059,0.168243,4,0,11,304.75,1.0000,0.0232,0.000500,4.322
375833,520,372,892,225,109,26,49.36,0.9333,0.6071,0.270219,33,44,18,128.00,0.5726,0.1724,0.021683,4.467
375837,520,478,998,205,55,123,357.56,0.7951,0.5140,0.171437,4,0,12,302.69,1.0000,0.0238,0.000524,4.383
375846,520,431,951,245,24,14,29.37,0.9899,0.5532,0.201010,36,11,39,323.25,0.6302,0.1031,0.007609,4.357
375851,520,390,910,213,36,251,319.14,0.9830,0.5897,0.223747,64,15,28,8.30,0.7002,0.1539,0.015157,4.201
375859,520,236,756,255,130,218,339.77,1.0000,0.7373,0.422899,30,77,66,175.53,0.6366,0.2902,0.059769,4.308
375906,520,236,756,234,148,225,330.63,0.8286,0.7426,0.441102,53,76,43,136.66,0.5114,0.2946,0.061001,4.424
375919,520,381,901,236,35,203,336.62,0.9631,0.5961,0.233495,47,34,24,58.85,0.3020,0.1613,0.018144,4.160
375970,520,477,997,190,85,3,48.17,0.9839,0.5052,0.174524,0,1,16,263.65,1.0015,0.0242,0.000591,4.438
375975,520,428,948,222,4,198,334.52,0.9952,0.5576,0.196961,23,15,51,289.15,0.6617,0.1020,0.007628,4.285
375985,520,401,921,244,61,6,34.20,0.9946,0.5759,0.225871,43,30,11,74.99,0.5594,0.1427,0.014664,4.266
376003,520,412,932,216,10,224,326.37,0.9920,0.5655,0.201999,19,25,57,272.57,0.5918,0.1248,0.011291,4.112
376004,520,370,890,231,36,231,328.24,0.9737,0.6053,0.240226,34,12,111,280.12,0.9503,0.1747,0.017507,4.299
376043,520,378,898,244,52,169,349.00,0.9223,0.6036,0.245568,49,27,59,314.47,0.5124,0.1639,0.017527,4.377
376045,520,474,994,230,30,12,30.06,0.9883,0.5240,0.177811,10,0,10,328.36,1.0000,0.0304,0.000865,4.479
376061,520,472,992,195,32,206,325.18,0.9340,0.5239,0.170930,5,1,5,327.43,0.5950,0.0251,0.000649,4.362
376089,520,466,986,143,99,195,303.34,0.6157,0.5211,0.187037,3,10,14,227.29,0.4454,0.0507,0.002681,4.499
376094,520,396,916,245,49,108,9.90,0.9281,0.5813,0.226952,29,29,54,282.35,0.4230,0.1410,0.014063,4.323
376095,520,433,953,207,45,194,331.83,0.8924,0.5450,0.190391,25,13,49,294.81,0.6745,0.0990,0.007163,4.205
376098,520,418,938,245,25,51,24.18,0.9838,0.5565,0.203503,55,6,24,3.66,0.7878,0.1233,0.010086,4.219
376105,520,434,954,172,61,250,306.63,0.9668,0.5456,0.190110,47,2,11,14.08,0.9026,0.0974,0.006720,4.233
376120,520,436,956,246,9,56,22.39,0.9950,0.5545,0.200773,23,17,25,317.60,0.2291,0.0894,0.006533,4.436
376125,520,401,921,228,30,198,336.05,0.9611,0.5762,0.215023,19,6,100,273.37,0.9822,0.1418,0.011887,4.282
376149,520,407,927,244,50,63,23.82,0.9483,0.5708,0.218766,56,3,46,337.39,0.8387,0.1324,0.011033,4.404
376171,520,336,856,253,42,228,334.07,0.9911,0.6447,0.281432,5,57,32,156.46,0.9627,0.2035,0.030627,4.111
376179,520,388,908,251,54,93,16.14,0.9701,0.5933,0.239414,63,15,26,10.51,0.6989,0.1513,0.014732,4.471
376183,520,259,779,202,142,253,307.80,0.9551,0.7071,0.389951,42,70,62,174.19,0.3636,0.2735,0.052202,4.305
376193,520,284,804,246,134,43,54.08,0.9342,0.6866,0.368203,15,63,87,235.26,0.7605,0.2510,0.043445,4.475
376196,520,281,801,233,112,239,325.65,0.9166,0.6889,0.351460,55,60,62,223.63,0.0595,0.2549,0.043917,4.275
376198,520,440,960,218,16,194,334.65,0.9771,0.5504,0.191734,11,21,35,256.93,0.4380,0.0938,0.007288,4.220
376204,520,471,991,199,58,145,347.01,0.7764,0.5154,0.172144,21,1,1,26.57,0.9147,0.0446,0.001834,4.286
376207,520,385,905,223,73,186,339.19,0.8318,0.5939,0.240005,59,24,7,44.64,0.7483,0.1545,0.015986,4.395
376210,520,376,896,234,7,235,328.12,0.9969,0.6041,0.236451,37,40,20,115.75,0.4294,0.1647,0.019614,4.115
376215,520,447,967,235,20,79,15.81,0.9782,0.5381,0.187302,8,4,62,272.87,0.9694,0.0825,0.004862,4.325
376228,520,432,952,221,12,178,339.98,0.9803,0.5455,0.188519,15,21,39,268.89,0.4346,0.0991,0.007844,4.124
376236,520,472,992,176,26,243,310.85,0.9743,0.5198,0.164409,6,2,15,299.86,0.6756,0.0342,0.001166,4.190
376243,520,209,729,254,149,186,358.01,0.9606,0.7553,0.461134,5,76,119,243.66,0.9251,0.3090,0.065327,4.432
376246,520,439,959,243,4,78,16.33,0.9969,0.5507,0.196950,33,6,38,321.15,0.7282,0.0903,0.005936,4.415
376249,520,352,872,248,10,223,334.12,0.9961,0.6218,0.255043,47,42,38,61.07,0.0961,0.1868,0.024002,4.122
376255,520,356,876,225,70,232,326.11,0.9227,0.6209,0.262162,11,19,122,267.18,0.9764,0.1825,0.019419,4.497
376262,520,434,954,216,13,200,332.50,0.9830,0.5497,0.190591,4,29,13,153.09,0.9028,0.1040,0.009336,4.055
376269,520,370,890,249,47,179,346.73,0.9555,0.6141,0.254307,71,12,43,353.17,0.7555,0.1704,0.017772,4.490
376270,520,386,906,207,68,233,320.84,0.9048,0.5912,0.232845,6,36,54,239.42,0.7509,0.1452,0.015667,4.307
376282,520,448,968,183,79,184,327.21,0.7165,0.5355,0.191212,17,18,9,113.34,0.3079,0.0802,0.005715,4.329
376285,520,472,992,211,33,147,348.00,0.8939,0.5185,0.170454,2,1,22,276.02,0.9385,0.0312,0.000925,4.329
376287,520,414,934,212,68,189,334.96,0.8236,0.5715,0.218074,45,13,44,328.83,0.6489,0.1236,0.010277,4.447
376289,520,432,952,220,55,140,354.08,0.8362,0.5489,0.198439,40,13,1,47.69,0.8835,0.0989,0.007412,4.327
376306,520,476,996,201,71,84,18.11,0.7494,0.5133,0.175661,4,0,12,302.69,1.0000,0.0238,0.000524,4.466
376314,520,284,804,224,150,32,72.02,0.9131,0.6859,0.377662,17,70,16,142.80,0.9661,0.2492,0.045367,4.484
376322,520,345,865,237,65,225,331.10,0.9373,0.6315,0.272239,45,35,73,293.81,0.5026,0.1857,0.022410,4.450
376333,520,442,962,243,11,7,29.18,0.9955,0.5447,0.193129,3,3,66,267.40,0.9886,0.0823,0.004778,4.438
376343,520,374,894,253,49,103,12.58,0.9835,0.5958,0.240622,63,21,17,27.99,0.6716,0.1582,0.016337,4.381
376354,520,440,960,227,69,11,36.57,0.9839,0.5511,0.206141,2,25,1,141.75,0.9877,0.0875,0.007103,4.486
376367,520,452,972,171,59,233,310.11,0.8951,0.5279,0.176699,32,1,18,349.51,0.8421,0.0689,0.003725,4.220
376370,520,429,949,234,45,55,24.76,0.9483,0.5455,0.196481,38,6,42,323.14,0.7531,0.1010,0.007095,4.317
376371,520,462,982,233,18,76,16.41,0.9806,0.5326,0.182812,5,11,10,184.99,0.2718,0.0533,0.002935,4.398
376372,520,466,986,182,8,242,313.11,0.9935,0.5225,0.165307,19,1,12,342.85,0.7800,0.0456,0.001867,4.151
376384,520,415,935,245,57,4,33.60,0.9966,0.5741,0.223509,1,27,57,253.40,0.9355,0.1196,0.010857,4.494
376408,520,460,980,163,69,235,306.22,0.8836,0.5295,0.180415,9,11,28,276.34,0.4942,0.0649,0.003813,4.282
376431,520,411,931,202,51,234,319.70,0.9335,0.5687,0.208663,29,27,15,99.88,0.3252,0.1179,0.010796,4.255
376434,520,414,934,187,72,245,311.72,0.9339,0.5745,0.217931,10,30,34,212.34,0.5070,0.1178,0.011085,4.386
376454,520,469,989,149,87,208,305.03,0.7249,0.5159,0.177604,12,1,24,305.62,0.8600,0.0433,0.001658,4.406
376455,520,396,916,176,88,239,308.11,0.8716,0.5753,0.224423,9,27,71,264.09,0.8375,0.1359,0.012968,4.358
376487,520,419,939,230,64,100,12.92,0.8545,0.5634,0.214127,1,25,45,245.78,0.8984,0.1050,0.008911,4.483
376497,520,355,875,255,43,170,350.59,1.0000,0.6187,0.258935,9,45,67,240.39,0.7512,0.1817,0.023400,4.209
376508,520,441,961,206,9,208,327.82,0.9878,0.5362,0.178732,21,11,47,291.23,0.7036,0.0896,0.006040,4.082
376518,520,382,902,227,79,173,345.21,0.8069,0.6012,0.249424,15,43,37,177.36,0.5876,0.1620,0.019628,4.300
376551,520,403,923,240,49,143,356.75,0.9104,0.5830,0.227082,23,32,37,232.64,0.2030,0.1338,0.013487,4.364
376562,520,366,886,250,2,193,342.23,0.9988,0.6068,0.242210,33,20,102,280.23,0.8863,0.1725,0.017829,4.308
376590,520,428,948,224,0,189,337.47,1.0000,0.5550,0.195239,15,22,27,239.56,0.2169,0.0951,0.007545,4.262
376603,520,374,894,249,53,129,3.62,0.9462,0.5984,0.242743,7,32,83,262.18,0.8930,0.1586,0.017026,4.368
376648,520,367,887,246,26,199,339.91,0.9807,0.6083,0.244583,65,16,62,330.41,0.7206,0.1741,0.018424,4.305
376666,520,392,912,214,51,241,321.34,0.9511,0.5931,0.230165,38,25,63,296.86,0.5739,0.1483,0.014662,4.333
376671,520,474,994,227,31,64,20.36,0.9597,0.5233,0.176839,8,1,3,357.19,0.6318,0.0279,0.000799,4.465
376689,520,293,813,255,81,228,334.82,1.0000,0.6781,0.327493,12,59,92,244.60,0.7910,0.2415,0.039786,4.204
376692,520,444,964,186,86,158,339.38,0.6327,0.5365,0.195647,33,5,22,346.05,0.6820,0.0796,0.004899,4.475
376705,520,477,997,226,4,52,21.91,0.9965,0.5098,0.165065,3,0,3,328.36,1.0000,0.0167,0.000259,4.279
376719,520,335,855,210,108,224,322.66,0.8023,0.6418,0.298101,1,55,47,179.46,0.9841,0.2005,0.029439,4.382
376722,520,401,921,238,17,186,341.66,0.9835,0.5834,0.221262,34,32,35,314.70,0.0636,0.1436,0.014945,4.177
376724,520,446,966,240,18,46,24.58,0.9889,0.5427,0.191585,28,11,25,333.86,0.4669,0.0836,0.005564,4.348
376730,520,400,920,232,47,177,343.51,0.9136,0.5817,0.223659,26,32,36,237.19,0.1362,0.1359,0.013800,4.289
376743,520,399,919,217,18,245,321.70,0.9905,0.5846,0.217789,37,23,53,303.89,0.5141,0.1356,0.012632,4.276
376746,520,448,968,199,29,215,323.99,0.9539,0.5358,0.179288,28,14,0,70.87,1.0000,0.0816,0.005610,4.123
376750,520,342,862,238,40,251,325.26,0.9867,0.6328,0.266623,49,43,39,55.90,0.1040,0.1922,0.025272,4.206
376758,520,457,977,187,58,201,323.66,0.8370,0.5272,0.178093,28,1,7,7.37,0.8579,0.0581,0.002840,4.317
376760,520,352,872,225,95,173,346.10,0.7508,0.6189,0.272114,39,48,29,128.96,0.3674,0.1927,0.026339,4.220
376765,520,443,963,228,4,148,350.91,0.9928,0.5422,0.187217,29,10,19,351.61,0.4667,0.0807,0.005253,4.293
376776,520,369,889,223,74,206,332.79,0.8656,0.6060,0.250440,39,40,31,112.62,0.1697,0.1697,0.020478,4.263
376781,520,418,938,222,84,20,40.56,0.9573,0.5617,0.219233,22,32,12,130.70,0.5674,0.1247,0.012301,4.321
376788,520,469,989,167,68,215,312.46,0.8232,0.5180,0.172568,18,1,3,12.82,0.8069,0.0408,0.001569,4.316
376790,520,364,884,233,66,193,339.31,0.8872,0.6075,0.250729,72,19,4,36.65,0.9047,0.1710,0.018525,4.389
376801,520,409,929,227,6,209,332.82,0.9948,0.5741,0.210671,37,3,82,293.62,0.9569,0.1334,0.010676,4.296
376809,520,449,969,205,26,210,326.95,0.9596,0.5412,0.183729,28,9,3,43.43,0.6639,0.0727,0.004489,4.290
376838,520,375,895,249,4,179,345.93,0.9971,0.5981,0.234846,64,23,8,39.75,0.7712,0.1621,0.017205,4.238
376853,520,446,966,185,63,219,317.86,0.8618,0.5420,0.189850,15,11,44,283.36,0.7003,0.0813,0.005227,4.343
376867,520,364,884,234,71,182,343.32,0.8635,0.6086,0.253790,32,25,91,280.52,0.7970,0.1676,0.017576,4.496
376891,520,430,950,238,35,79,17.20,0.9567,0.5512,0.199469,15,25,4,129.77,0.7859,0.0966,0.008056,4.297
376892,520,375,895,224,18,252,321.89,0.9928,0.6016,0.233103,38,1,105,285.77,0.9934,0.1609,0.014537,4.387
376903,520,322,842,216,94,253,317.50,0.9852,0.6484,0.296978,53,47,34,86.07,0.2394,0.2064,0.029054,4.389
376910,520,409,929,225,65,145,354.22,0.8207,0.5699,0.218350,33,26,39,308.87,0.2656,0.1290,0.012086,4.322
376931,520,444,964,204,55,182,334.75,0.8363,0.5408,0.189490,5,21,13,161.06,0.6428,0.0803,0.005976,4.278
376956,520,382,902,238,19,209,335.41,0.9865,0.5971,0.232492,56,25,29,12.95,0.4653,0.1561,0.016248,4.264
376989,520,357,877,224,84,214,330.69,0.8616,0.6236,0.270451,9,45,68,241.56,0.7530,0.1824,0.023521,4.359
377007,520,466,986,163,47,252,304.22,0.9829,0.5221,0.168484,8,9,7,128.18,0.1016,0.0505,0.002623,4.152
377019,520,401,921,221,10,237,324.55,0.9945,0.5835,0.217058,30,24,65,286.08,0.6236,0.1389,0.013109,4.232
377040,520,471,991,228,27,48,24.24,0.9740,0.5210,0.174942,1,6,22,259.82,0.8154,0.0435,0.001946,4.330
377052,520,367,887,250,6,195,341.72,0.9966,0.6086,0.243977,3,40,78,253.12,0.9024,0.1734,0.020869,4.148
377063,520,396,916,217,12,236,323.78,0.9928,0.5763,0.210728,51,24,4,54.66,0.7792,0.1400,0.013659,4.096
377067,520,464,984,224,20,110,3.68,0.9597,0.5234,0.174762,0,11,20,235.42,1.0000,0.0530,0.002898,4.249
377068,520,293,813,252,92,227,334.51,0.9831,0.6847,0.338987,48,53,77,274.80,0.3026,0.2363,0.037104,4.466
377073,520,439,959,190,38,249,313.29,0.9715,0.5528,0.191741,25,15,23,333.71,0.2841,0.0865,0.006102,4.309
377083,520,389,909,242,69,79,22.32,0.9186,0.5870,0.237012,1,14,108,264.54,0.9846,0.1528,0.014031,4.482
377090,520,439,959,108,107,253,278.38,0.9779,0.5463,0.207948,13,23,18,162.41,0.3003,0.0928,0.007420,4.492
377093,520,356,876,253,34,199,341.53,0.9876,0.6244,0.261536,16,51,5,139.29,0.9743,0.1820,0.024887,4.160
377096,520,323,843,217,118,184,341.18,0.6549,0.6478,0.311710,22,55,50,182.45,0.5574,0.2093,0.031331,4.447
377104,520,451,971,225,44,104,7.85,0.8950,0.5368,0.188111,23,2,33,313.58,0.8288,0.0653,0.003354,4.463
377111,520,406,926,196,62,245,315.01,0.9454,0.5773,0.217749,28,5,83,284.56,0.9511,0.1264,0.009799,4.477
377117,520,347,867,249,80,132,5.94,0.9249,0.6252,0.275463,17,53,9,140.35,0.9578,0.1898,0.026850,4.235
377120,520,480,1000,218,40,26,29.72,0.9619,0.5057,0.165003,0,0,0,0.00,0.0000,0.0000,0.000000,4.300
377127,520,443,963,212,79,68,27.93,0.8007,0.5413,0.200086,6,21,14,162.79,0.5658,0.0813,0.006067,4.460
377135,520,440,960,224,60,114,5.83,0.8357,0.5519,0.202966,15,23,19,163.02,0.2275,0.0946,0.007614,4.391
377139,520,475,995,127,83,250,289.17,0.9555,0.5187,0.176005,4,2,3,345.04,0.2483,0.0262,0.000758,4.453
377145,520,415,935,237,5,163,348.12,0.9939,0.5671,0.207604,35,26,20,55.29,0.2277,0.1238,0.011466,4.191
377151,520,480,1000,223,29,37,26.58,0.9723,0.5102,0.167031,0,0,0,0.00,0.0000,0.0000,0.000000,4.341
377156,520,442,962,213,65,111,5.99,0.7849,0.5356,0.190767,26,5,35,314.43,0.7329,0.0764,0.004495,4.418
377170,520,381,901,214,83,207,329.87,0.8229,0.6026,0.249895,19,39,54,242.54,0.4699,0.1603,0.018558,4.374
377178,520,344,864,243,63,205,338.09,0.9305,0.6285,0.270203,32,48,33,146.17,0.3715,0.1877,0.025307,4.252
377184,520,386,906,247,49,120,6.05,0.9362,0.5887,0.233302,57,5,70,318.21,0.8658,0.1543,0.014207,4.412
377185,520,436,956,198,41,227,320.51,0.9409,0.5498,0.191392,25,7,53,295.38,0.8109,0.0931,0.006157,4.299
377193,520,329,849,250,63,225,334.26,0.9758,0.6517,0.293182,13,59,26,149.03,0.9352,0.2114,0.032879,4.141
377199,520,170,690,243,172,217,341.14,0.7991,0.7963,0.535712,39,92,36,142.56,0.8978,0.3355,0.082127,4.433
377210,520,446,966,227,19,149,350.62,0.9640,0.5443,0.189693,36,5,21,351.67,0.7019,0.0843,0.005378,4.328
377213,520,397,917,200,67,239,317.36,0.9184,0.5837,0.225271,2,38,44,211.07,0.9081,0.1437,0.015809,4.183
377215,520,443,963,228,33,108,5.88,0.9317,0.5369,0.186673,18,18,17,106.60,0.0284,0.0834,0.006017,4.225
377216,520,390,910,251,37,136,0.42,0.9668,0.5943,0.236135,21,40,2,132.22,0.9673,0.1475,0.016814,4.283
377237,520,470,990,217,11,141,350.91,0.9730,0.5186,0.169166,5,8,2,127.26,0.5521,0.0438,0.002103,4.206
377258,520,409,929,252,33,28,28.70,0.9892,0.5728,0.218707,42,26,4,72.64,0.7619,0.1302,0.012399,4.306
377268,520,409,929,222,61,175,342.19,0.8486,0.5742,0.219646,59,9,0,35.72,1.0000,0.1300,0.011253,4.402
377276,520,388,908,218,59,219,327.77,0.9126,0.5909,0.231499,67,3,23,9.70,0.9068,0.1451,0.013205,4.454
377299,520,413,933,220,18,224,327.33,0.9857,0.5744,0.210323,2,15,80,264.87,0.9643,0.1177,0.009337,4.387
377316,520,420,940,239,48,62,23.58,0.9454,0.5589,0.208157,7,24,48,257.17,0.6820,0.1079,0.009118,4.367
377323,520,407,927,243,53,21,31.82,0.9804,0.5672,0.216584,61,2,1,29.38,0.9810,0.1259,0.010379,4.415
377326,520,476,996,193,3,204,325.38,0.9945,0.5089,0.157638,1,0,7,286.54,1.0000,0.0158,0.000218,4.135
377345,520,423,943,215,32,213,328.76,0.9570,0.5635,0.202863,39,18,15,29.02,0.4393,0.1098,0.008985,4.287
377355,520,457,977,171,85,184,322.23,0.6697,0.5265,0.186166,7,2,45,277.47,0.9587,0.0592,0.002780,4.474
377357,520,475,995,206,39,156,343.74,0.8662,0.5172,0.169752,5,0,19,295.44,1.0000,0.0296,0.000793,4.326
377392,520,471,991,201,26,182,333.71,0.9302,0.5153,0.165356,2,6,9,231.47,0.4179,0.0382,0.001629,4.171
377443,520,470,990,225,34,5,31.02,0.9943,0.5154,0.171654,5,5,22,279.40,0.6220,0.0450,0.001987,4.264
377459,520,375,895,223,15,251,321.89,0.9940,0.5984,0.229968,56,13,70,316.40,0.7755,0.1608,0.015709,4.261
377469,520,471,991,171,89,155,334.96,0.5686,0.5171,0.181703,9,5,6,359.83,0.1938,0.0416,0.001798,4.473
377512,520,374,894,165,114,229,302.41,0.7449,0.5975,0.256914,14,40,52,230.74,0.5751,0.1594,0.018588,4.475
377513,520,408,928,226,81,41,35.79,0.9105,0.5663,0.222164,55,17,5,38.53,0.8050,0.1341,0.012242,4.373
377523,520,473,993,201,58,142,348.80,0.7791,0.5176,0.173986,1,3,17,266.16,0.8235,0.0325,0.001120,4.382
377537,520,374,894,235,38,210,334.52,0.9618,0.6000,0.237042,73,0,34,0.46,1.0000,0.1591,0.015322,4.394
377542,520,285,805,238,123,192,344.89,0.7988,0.6900,0.361511,15,60,99,249.11,0.7744,0.2504,0.042339,4.457
377544,520,387,907,235,61,164,349.16,0.8745,0.5923,0.236828,67,0,49,342.67,1.0000,0.1533,0.014152,4.471
377574,520,454,974,205,79,87,19.63,0.7279,0.5325,0.192613,36,3,0,34.56,1.0000,0.0745,0.004403,4.460
377590,520,340,860,249,11,244,329.45,0.9972,0.6372,0.269137,85,19,29,16.61,0.7728,0.2025,0.024861,4.263
377617,520,380,900,248,46,160,352.46,0.9440,0.6031,0.244518,17,26,94,269.76,0.8976,0.1616,0.016660,4.418
377636,520,366,886,219,79,206,331.67,0.8436,0.6051,0.251103,43,30,69,296.81,0.5439,0.1694,0.018718,4.382
377643,520,372,892,253,29,165,351.26,0.9842,0.6059,0.244815,39,24,87,287.99,0.7550,0.1688,0.017727,4.353
377644,520,398,918,220,56,208,331.34,0.9053,0.5848,0.226002,54,19,35,353.76,0.5564,0.1438,0.013715,4.332
377650,520,356,876,238,33,242,327.34,0.9840,0.6233,0.256783,9,47,50,202.71,0.7492,0.1781,0.023213,4.190
377651,520,179,699,251,180,10,79.72,0.9930,0.7853,0.531760,23,93,31,144.80,0.9644,0.3317,0.081095,4.438
377667,520,309,829,235,94,228,329.68,0.9059,0.6611,0.312713,33,52,68,244.81,0.3612,0.2157,0.031966,4.425
377681,520,431,951,185,74,210,319.77,0.8056,0.5485,0.198662,5,13,69,267.41,0.9455,0.1030,0.007497,4.325
377682,520,409,929,156,97,243,298.80,0.8704,0.5673,0.220886,8,16,89,267.81,0.9586,0.1335,0.011434,4.409
377685,520,413,933,225,24,201,334.48,0.9709,0.5701,0.208803,48,13,12,24.70,0.6774,0.1156,0.009429,4.355
377696,520,272,792,231,129,209,335.63,0.7835,0.6976,0.372948,39,68,33,140.23,0.6696,0.2566,0.046753,4.371
377718,520,451,971,219,35,153,347.91,0.9059,0.5379,0.185645,7,14,32,265.68,0.5526,0.0724,0.004635,4.313
377725,520,273,793,222,126,249,318.49,0.9454,0.7012,0.372923,23,67,78,217.17,0.6435,0.2609,0.047463,4.339
377730,520,327,847,252,104,60,36.94,0.9733,0.6476,0.309256,2,58,50,179.95,0.9707,0.2120,0.032692,4.345
377752,520,208,728,238,149,251,322.30,0.9680,0.7621,0.466387,57,80,45,135.49,0.5115,0.3107,0.067965,4.377
377753,520,476,996,198,0,191,330.29,1.0000,0.5079,0.157692,8,0,1,11.38,1.0000,0.0234,0.000538,4.110
377763,520,391,911,224,24,230,326.84,0.9829,0.5875,0.222160,32,35,44,270.65,0.1668,0.1537,0.016910,4.068
377784,520,440,960,194,19,250,314.60,0.9877,0.5514,0.188386,5,26,12,152.79,0.8281,0.0949,0.007976,4.112
377790,520,374,894,255,37,136,1.11,1.0000,0.6021,0.243644,55,21,57,325.33,0.6124,0.1608,0.016441,4.420
377794,520,469,989,194,23,210,323.95,0.9602,0.5208,0.167369,1,6,17,253.94,0.7249,0.0407,0.001772,4.199
377795,520,334,854,241,47,253,325.44,0.9932,0.6431,0.278282,78,25,50,354.02,0.6319,0.2041,0.025455,4.351
377805,520,380,900,255,55,62,25.14,1.0000,0.5967,0.243439,8,24,101,266.27,0.9492,0.1619,0.016444,4.416
377831,520,410,930,223,23,211,331.33,0.9760,0.5725,0.210063,2,38,2,142.70,0.9906,0.1309,0.014035,4.061
377837,520,456,976,216,28,161,344.28,0.9276,0.5324,0.180050,27,3,18,344.31,0.7125,0.0644,0.003418,4.307
377839,520,376,896,253,14,156,353.66,0.9896,0.5973,0.236006,56,13,71,315.69,0.7791,0.1616,0.015836,4.344
377870,520,363,883,242,19,219,333.78,0.9898,0.6104,0.244604,0,40,69,245.80,1.0000,0.1651,0.019471,4.241
377871,520,337,857,242,77,195,341.31,0.9062,0.6350,0.281279,37,26,116,278.82,0.8819,0.2015,0.023930,4.481
377881,520,292,812,216,118,247,317.51,0.9281,0.6793,0.342726,21,66,22,143.68,0.9333,0.2378,0.041136,4.309
377892,520,444,964,242,11,40,25.47,0.9943,0.5445,0.192732,17,6,51,286.21,0.8493,0.0810,0.004884,4.423
377900,520,408,928,231,65,102,12.45,0.8533,0.5668,0.217317,13,29,53,258.32,0.5858,0.1280,0.012213,4.297
377911,520,348,868,238,47,247,326.09,0.9750,0.6340,0.269281,29,45,67,256.54,0.4150,0.1922,0.025432,4.233
377918,520,442,962,220,46,128,357.92,0.8657,0.5366,0.187307,3,17,35,253.20,0.7235,0.0785,0.005416,4.282
377921,520,383,903,253,50,131,3.33,0.9805,0.6045,0.248061,14,41,4,138.24,0.9644,0.1469,0.016880,4.457
377927,520,428,948,196,69,209,323.90,0.8333,0.5588,0.205969,41,14,11,28.18,0.5834,0.1045,0.008097,4.406
377930,520,460,980,197,31,205,326.03,0.9370,0.5261,0.172597,15,6,23,307.51,0.5495,0.0572,0.002937,4.205
377941,520,365,885,230,81,167,348.43,0.8041,0.6060,0.255004,66,19,50,343.50,0.6553,0.1728,0.018545,4.450
377954,520,466,986,230,13,57,21.28,0.9889,0.5213,0.174093,5,0,38,278.12,1.0000,0.0459,0.001722,4.333
377955,520,381,901,247,16,192,341.95,0.9892,0.6033,0.239537,6,43,38,182.13,0.8303,0.1587,0.019063,4.192
377960,520,420,940,202,87,138,354.90,0.6544,0.5551,0.212097,30,16,46,303.24,0.5798,0.1080,0.008439,4.485
377961,520,381,901,250,28,155,353.72,0.9714,0.5954,0.235245,40,20,87,290.26,0.7940,0.1633,0.016395,4.296
377970,520,385,905,241,16,184,342.88,0.9857,0.5877,0.225351,48,25,36,350.33,0.3828,0.1458,0.014511,4.268
377980,520,436,956,241,40,31,28.94,0.9707,0.5540,0.203206,9,20,26,233.21,0.3654,0.0851,0.006330,4.495
377986,520,390,910,225,60,205,333.53,0.9006,0.5950,0.236494,46,17,68,307.02,0.7248,0.1488,0.013991,4.477
378000,520,420,940,216,22,210,329.84,0.9733,0.5590,0.198280,0,32,1,143.27,1.0000,0.1092,0.010352,4.114
378002,520,468,988,191,26,214,322.03,0.9556,0.5200,0.166717,12,2,22,307.05,0.7627,0.0445,0.001795,4.184
378007,520,429,949,226,63,95,14.19,0.8492,0.5534,0.205527,17,8,66,279.26,0.9086,0.0999,0.006862,4.494
378018,520,391,911,254,3,146,356.75,0.9978,0.5932,0.232149,22,33,66,267.87,0.5705,0.1539,0.016516,4.242
378020,520,454,974,222,31,130,356.58,0.9208,0.5315,0.181239,32,1,14,356.81,0.8511,0.0673,0.003605,4.314
378026,520,196,716,249,166,168,17.89,0.8118,0.7752,0.502415,52,86,15,132.31,0.9367,0.3213,0.074200,4.448
378027,520,456,976,234,11,36,25.91,0.9935,0.5269,0.178623,8,10,26,275.84,0.4892,0.0609,0.003433,4.279
378045,520,367,887,245,28,197,340.25,0.9772,0.6061,0.242773,48,28,68,305.10,0.5665,0.1708,0.018763,4.258
378050,520,474,994,204,27,173,337.30,0.9218,0.5159,0.166404,6,3,6,326.51,0.3042,0.0331,0.001170,4.229
378105,520,394,914,210,51,249,318.45,0.9719,0.5927,0.229105,43,26,33,353.15,0.2915,0.1393,0.013622,4.387
378108,520,376,896,250,53,115,8.61,0.9567,0.5961,0.241115,9,39,64,247.57,0.7248,0.1620,0.018792,4.232
378113,520,307,827,247,71,255,326.12,1.0000,0.6719,0.315033,37,44,114,273.64,0.7429,0.2336,0.034094,4.341
378123,520,477,997,223,18,47,23.58,0.9834,0.5065,0.163287,0,1,17,263.76,1.0019,0.0249,0.000622,4.213
378124,520,431,951,246,7,32,26.70,0.9969,0.5516,0.198526,41,5,29,343.84,0.7391,0.0969,0.006687,4.384
378147,520,346,866,241,82,175,348.21,0.8722,0.6295,0.278333,18,51,49,189.91,0.5898,0.1941,0.027179,4.254
378149,520,436,956,231,21,149,351.55,0.9637,0.5529,0.196980,14,7,64,277.20,0.9259,0.0938,0.006155,4.398
378162,520,469,989,213,60,39,31.09,0.9149,0.5152,0.175268,2,5,15,262.32,0.5717,0.0381,0.001559,4.369
378191,520,305,825,245,81,248,327.16,0.9749,0.6738,0.320772,70,37,87,312.90,0.5826,0.2327,0.033135,4.460
378196,520,459,979,228,31,95,10.37,0.9431,0.5321,0.183031,4,15,7,153.41,0.6135,0.0615,0.003828,4.329
378216,520,0,520,255,255,255,0.00,0.0000,1.0000,1.000000,50,136,24,139.85,0.9785,0.4820,0.183517,4.496
378237,520,416,936,228,23,198,336.02,0.9731,0.5734,0.211866,48,4,50,326.23,0.8213,0.1212,0.009456,4.404
378250,520,299,819,245,121,104,29.46,0.8780,0.6700,0.340896,6,61,74,218.70,0.8844,0.2346,0.038704,4.407
378260,520,329,849,254,93,139,6.28,0.9812,0.6520,0.307669,45,53,21,121.10,0.5902,0.2120,0.031582,4.384
378281,520,476,996,172,8,248,308.94,0.9941,0.5124,0.157225,2,1,9,287.91,0.7237,0.0230,0.000543,4.100
378296,520,225,745,245,137,241,328.50,0.9504,0.7456,0.436568,45,80,52,149.29,0.5515,0.3036,0.065430,4.215
378297,520,423,943,242,38,96,12.48,0.9490,0.5649,0.211113,16,19,62,274.34,0.7611,0.1135,0.009237,4.408
378301,520,328,848,229,78,250,322.55,0.9763,0.6470,0.290110,88,23,6,35.25,0.9131,0.2102,0.027010,4.416
378310,520,407,927,206,0,250,317.96,1.0000,0.5665,0.200256,54,3,52,330.00,0.8502,0.1325,0.010974,4.104
378325,520,397,917,253,27,94,13.62,0.9868,0.5814,0.224784,54,20,8,39.62,0.7134,0.1380,0.013022,4.360
378329,520,430,950,231,0,157,348.62,1.0000,0.5515,0.194261,25,23,20,78.17,0.0874,0.1043,0.008700,4.161
378358,520,381,901,179,99,238,308.25,0.8448,0.5950,0.246811,43,26,72,297.56,0.6272,0.1636,0.017203,4.417
378372,520,210,730,242,165,150,31.44,0.7281,0.7592,0.479916,23,87,18,142.06,0.9722,0.3098,0.070420,4.401
378375,520,432,952,171,85,218,311.68,0.7814,0.5490,0.202176,15,2,72,277.05,0.9840,0.0967,0.006128,4.493
378380,520,337,857,223,79,251,320.65,0.9786,0.6396,0.282469,13,48,78,248.24,0.7264,0.1996,0.027494,4.290
378387,520,412,932,234,31,158,349.54,0.9465,0.5669,0.209439,44,9,42,330.16,0.7054,0.1152,0.008981,4.399
378392,520,469,989,199,0,206,326.51,1.0000,0.5203,0.166001,2,9,0,135.69,1.0000,0.0426,0.002083,4.147
378400,520,478,998,175,51,210,317.51,0.8692,0.5078,0.161358,7,0,1,9.43,1.0000,0.0219,0.000474,4.187
378404,520,371,891,225,69,213,331.26,0.8939,0.6081,0.250701,0,19,119,264.10,0.9820,0.1744,0.017975,4.424
378414,520,403,923,253,46,0,32.07,1.0000,0.5816,0.228404,17,34,15,141.77,0.6294,0.1277,0.012977,4.421
378419,520,409,929,251,28,68,20.77,0.9807,0.5727,0.217608,16,33,37,214.42,0.3801,0.1316,0.013314,4.227
378438,520,467,987,177,87,143,343.92,0.5740,0.5171,0.181479,19,1,5,4.13,0.7909,0.0430,0.001711,4.476
378449,520,405,925,198,64,237,317.37,0.9125,0.5762,0.217884,0,27,74,259.42,1.0000,0.1346,0.012782,4.267
378452,520,397,917,236,45,154,351.88,0.9139,0.5771,0.220457,1,34,55,241.32,0.9312,0.1377,0.014263,4.209
378461,520,429,949,199,29,238,318.44,0.9722,0.5534,0.191954,38,2,43,322.75,0.8585,0.0958,0.006300,4.298
378468,520,355,875,238,24,240,327.84,0.9896,0.6186,0.251243,17,2,130,269.15,0.9978,0.1800,0.017741,4.447
378483,520,301,821,216,124,204,331.96,0.6878,0.6660,0.333754,28,63,19,139.69,0.9028,0.2307,0.038488,4.337
378488,520,391,911,241,40,174,346.29,0.9442,0.5925,0.232774,5,25,92,264.76,0.9394,0.1519,0.015001,4.350
378497,520,292,812,224,136,143,14.99,0.5904,0.6756,0.354407,0,68,5,143.46,1.0000,0.2365,0.041450,4.422
378511,520,444,964,208,22,204,329.35,0.9653,0.5407,0.183453,25,14,22,336.94,0.3050,0.0840,0.005787,4.185
378522,520,410,930,219,18,225,326.84,0.9857,0.5733,0.209311,39,27,20,51.50,0.2805,0.1316,0.012657,4.139
378533,520,399,919,240,52,132,0.90,0.9024,0.5813,0.226503,9,39,24,158.32,0.7980,0.1418,0.015750,4.205
378543,520,409,929,193,90,192,327.83,0.7098,0.5714,0.224569,2,38,20,157.04,0.9683,0.1343,0.014496,4.257
378547,520,346,866,243,43,238,329.38,0.9768,0.6341,0.269583,45,37,69,294.00,0.4351,0.1875,0.023107,4.371
378555,520,417,937,175,75,251,306.37,0.9662,0.5661,0.211119,41,0,63,309.38,1.0000,0.1152,0.008303,4.479
378560,520,479,999,199,27,185,332.27,0.9279,0.5141,0.164306,0,0,8,264.05,1.0000,0.0143,0.000175,4.271
378575,520,391,911,225,18,229,327.36,0.9884,0.5866,0.220996,13,35,67,257.96,0.6865,0.1547,0.016928,4.049
378578,520,408,928,168,97,220,308.60,0.7508,0.5652,0.220421,5,36,25,165.83,0.8567,0.1305,0.013641,4.249
378579,520,280,800,246,99,245,327.96,0.9622,0.6939,0.351116,23,60,92,247.62,0.6534,0.2484,0.041864,4.366
378582,520,171,691,253,158,255,326.22,1.0000,0.7988,0.525584,6,95,37,148.33,0.9914,0.3357,0.083563,4.309
378592,520,402,922,247,17,143,356.64,0.9831,0.5809,0.221616,44,25,23,26.21,0.3336,0.1349,0.012927,4.316
378598,520,303,823,249,73,244,329.21,0.9780,0.6699,0.314393,11,61,65,203.01,0.8066,0.2311,0.037901,4.145
378623,520,418,938,195,12,255,313.91,1.0000,0.5554,0.190864,31,10,70,291.77,0.8435,0.1212,0.009506,4.048
378626,520,381,901,209,66,244,318.83,0.9448,0.6001,0.239850,2,40,62,239.81,0.9025,0.1608,0.018782,4.214
378635,520,470,990,198,49,180,333.59,0.8429,0.5238,0.174994,18,0,7,352.66,1.0000,0.0397,0.001440,4.374
378636,520,277,797,220,123,254,316.66,0.9897,0.6967,0.365387,33,67,16,137.01,0.9204,0.2466,0.043749,4.431
378647,520,438,958,237,42,65,21.92,0.9509,0.5510,0.200453,10,18,41,267.29,0.5854,0.0897,0.006572,4.427
378654,520,441,961,157,70,254,300.28,0.9914,0.5391,0.187045,4,4,67,268.21,0.9837,0.0859,0.005179,4.296
378664,520,13,533,238,254,232,137.07,0.8785,0.9759,0.948866,14,131,111,176.60,0.9590,0.4745,0.174728,4.445
378674,520,436,956,204,69,178,336.37,0.7840,0.5531,0.203098,42,4,22,355.41,0.7679,0.0940,0.006371,4.490
378679,520,463,983,193,73,150,344.35,0.7039,0.5252,0.183062,4,8,25,267.88,0.6169,0.0528,0.002697,4.423
378684,520,407,927,206,84,173,339.51,0.7242,0.5728,0.224814,37,20,58,301.84,0.6155,0.1333,0.011991,4.433
378692,520,346,866,252,36,209,338.65,0.9835,0.6289,0.265639,13,11,133,267.52,0.9902,0.1902,0.020182,4.497
378702,520,390,910,247,19,160,351.34,0.9818,0.5885,0.227813,6,41,35,179.10,0.8218,0.1509,0.017459,4.118
378711,520,466,986,183,96,45,48.35,0.7491,0.5160,0.186239,1,11,19,235.73,0.7691,0.0534,0.002928,4.463
378718,520,406,926,212,42,232,323.12,0.9542,0.5772,0.214810,40,20,43,322.20,0.4833,0.1272,0.011259,4.323
378729,520,470,990,178,6,250,310.29,0.9959,0.5230,0.164984,12,1,11,330.46,0.7421,0.0361,0.001240,4.196
378735,520,462,982,213,44,142,350.85,0.8561,0.5274,0.179028,7,6,26,281.99,0.6307,0.0516,0.002500,4.362
378742,520,319,839,167,149,187,306.40,0.3020,0.6496,0.332984,5,60,52,180.03,0.9297,0.2204,0.035118,4.499
378771,520,188,708,247,182,61,78.71,0.9057,0.7870,0.535691,52,90,10,132.84,0.9666,0.3338,0.080641,4.483
378810,520,291,811,198,149,164,358.64,0.3332,0.6751,0.361820,6,64,75,214.54,0.8947,0.2446,0.042133,4.470
378811,520,396,916,227,77,122,5.91,0.7884,0.5789,0.230464,35,16,78,290.40,0.8047,0.1423,0.012780,4.467
378815,520,410,930,225,41,185,339.20,0.9227,0.5692,0.210987,13,35,28,170.54,0.5402,0.1322,0.013714,4.096
378831,520,401,921,210,50,234,321.94,0.9416,0.5808,0.219251,53,13,47,334.19,0.6860,0.1392,0.012501,4.308
378853,520,370,890,242,2,219,333.76,0.9990,0.6070,0.240381,37,13,104,283.84,0.9235,0.1700,0.016806,4.347
378867,520,195,715,246,156,242,328.43,0.9504,0.7803,0.497824,1,87,82,188.04,0.9922,0.3211,0.074317,4.407
378870,520,422,942,198,91,154,346.14,0.6374,0.5614,0.218227,4,32,6,144.65,0.9633,0.1123,0.010719,4.417
378873,520,442,962,239,6,58,21.39,0.9959,0.5391,0.187898,1,21,26,214.90,0.8825,0.0826,0.006173,4.235
378897,520,340,860,210,131,113,33.57,0.5367,0.6380,0.311282,4,58,6,143.22,0.9909,0.2023,0.030649,4.480
378904,520,402,922,211,25,243,320.56,0.9829,0.5754,0.210170,18,4,95,273.78,0.9864,0.1320,0.010416,4.306
378926,520,382,902,237,56,175,345.66,0.9011,0.5967,0.239309,61,21,29,10.20,0.5830,0.1576,0.016173,4.372
378934,520,463,983,233,6,53,22.20,0.9955,0.5255,0.177141,5,9,21,265.91,0.4624,0.0535,0.002818,4.300
378942,520,452,972,224,50,61,23.45,0.9193,0.5301,0.184682,8,14,19,243.42,0.2594,0.0661,0.004127,4.336
378944,520,387,907,240,34,183,343.21,0.9585,0.5919,0.230912,14,32,74,264.03,0.7554,0.1532,0.016207,4.243
378948,520,439,959,242,13,80,15.93,0.9894,0.5509,0.197477,4,7,64,268.05,0.9673,0.0871,0.005479,4.461
378953,520,460,980,168,79,211,312.97,0.7748,0.5311,0.186207,20,6,3,39.07,0.5610,0.0554,0.002856,4.469
378962,520,302,822,222,107,244,320.96,0.9277,0.6690,0.325783,36,48,98,270.64,0.6061,0.2280,0.033707,4.489
378980,520,468,988,195,71,142,348.40,0.7106,0.5223,0.180633,16,0,12,336.55,1.0000,0.0389,0.001367,4.490
378987,520,459,979,210,8,186,334.88,0.9847,0.5287,0.174226,16,11,9,43.26,0.1656,0.0628,0.003692,4.176
378993,520,471,991,145,84,229,299.16,0.8227,0.5223,0.180178,1,3,29,267.02,0.9414,0.0410,0.001603,4.461
379000,520,386,906,196,76,248,313.60,0.9516,0.5942,0.236832,36,34,32,67.61,0.0497,0.1500,0.016234,4.331
379002,520,435,955,200,46,219,322.97,0.9202,0.5507,0.193494,32,12,31,329.06,0.5245,0.0941,0.006690,4.295
379010,520,465,985,217,58,29,32.47,0.9459,0.5201,0.178691,17,2,20,321.84,0.7395,0.0491,0.002131,4.387
379016,520,395,915,237,38,179,343.81,0.9447,0.5864,0.226483,48,8,66,312.49,0.8193,0.1388,0.011955,4.463
379025,520,460,980,226,49,37,29.17,0.9446,0.5303,0.185018,1,10,38,261.65,0.9269,0.0638,0.003635,4.382
379036,520,340,860,228,124,20,56.71,0.9552,0.6389,0.309622,20,57,2,137.79,0.9909,0.2041,0.030793,4.451
379049,520,426,946,216,50,183,337.67,0.8778,0.5582,0.203012,5,28,35,220.77,0.6833,0.1097,0.009841,4.228
379051,520,447,967,239,1,48,23.47,0.9994,0.5367,0.185892,29,12,13,16.67,0.4047,0.0823,0.005532,4.248
379061,520,392,912,186,89,243,310.58,0.9008,0.5930,0.240558,1,42,11,147.70,0.9937,0.1456,0.016865,4.345
379071,520,423,943,223,41,184,339.00,0.9183,0.5650,0.207370,18,24,42,269.11,0.4042,0.1108,0.009490,4.326
379086,520,257,777,251,111,223,335.90,0.9723,0.7054,0.372085,15,51,146,263.99,0.9337,0.2711,0.045442,4.422
379104,520,433,953,210,50,194,332.67,0.8823,0.5541,0.198799,2,23,46,251.51,0.8394,0.1010,0.008229,4.273
379109,520,467,987,216,21,144,349.86,0.9442,0.5211,0.171513,4,6,2,127.44,0.4462,0.0377,0.001604,4.293
379115,520,467,987,195,72,124,357.28,0.6964,0.5162,0.176938,11,3,0,59.40,1.0000,0.0361,0.001363,4.418
379123,520,301,821,254,114,81,34.59,0.9877,0.6691,0.337028,19,59,67,213.13,0.6456,0.2286,0.036715,4.463
379129,520,460,980,182,46,226,315.89,0.9184,0.5270,0.173912,14,10,12,346.50,0.1304,0.0596,0.003370,4.195
379131,520,162,682,248,174,230,335.68,0.9225,0.8114,0.559435,72,86,82,176.27,0.1299,0.3527,0.086424,4.467
379148,520,463,983,182,67,208,319.66,0.8193,0.5340,0.185146,18,4,13,341.20,0.5438,0.0516,0.002445,4.484
379151,520,383,903,235,1,230,329.53,0.9995,0.6014,0.233997,10,41,11,143.86,0.9333,0.1460,0.016745,4.255
379157,520,405,925,223,15,225,327.84,0.9895,0.5795,0.214682,23,32,26,155.64,0.2222,0.1293,0.012897,4.208
379191,520,373,893,231,1,231,328.36,0.9995,0.5950,0.227827,42,27,69,297.43,0.5903,0.1619,0.017058,4.143
379212,520,389,909,243,10,181,344.13,0.9916,0.5886,0.226111,23,2,105,275.25,0.9938,0.1474,0.012454,4.421
379213,520,471,991,178,81,167,331.96,0.6578,0.5210,0.181410,3,5,7,242.17,0.2202,0.0358,0.001432,4.499
379221,520,400,920,227,72,145,355.46,0.8052,0.5811,0.230125,8,38,15,148.32,0.9067,0.1358,0.014723,4.328
379254,520,386,906,240,19,189,341.27,0.9828,0.5893,0.226681,70,4,1,30.35,0.9841,0.1487,0.013914,4.329
379258,520,337,857,194,116,237,312.25,0.8198,0.6413,0.300754,7,57,20,147.55,0.9721,0.2015,0.030218,4.373
379300,520,435,955,242,5,58,21.55,0.9968,0.5453,0.192947,41,4,20,357.80,0.7647,0.0914,0.006088,4.332
379303,520,360,880,186,101,252,307.41,0.9611,0.6170,0.267755,3,38,89,258.59,0.9434,0.1779,0.021267,4.459
379307,520,212,732,210,172,213,323.87,0.4509,0.7570,0.480115,17,87,7,141.54,0.9908,0.3071,0.069506,4.436
379336,520,373,893,232,23,224,330.23,0.9847,0.5970,0.231530,24,6,108,275.00,0.9826,0.1564,0.014071,4.394
379346,520,418,938,226,65,105,10.60,0.8332,0.5582,0.209720,49,12,16,17.20,0.6721,0.1169,0.009534,4.363
379361,520,456,976,194,57,185,330.79,0.8177,0.5274,0.179000,25,7,3,39.03,0.6408,0.0644,0.003652,4.268
379368,520,336,856,231,73,237,326.39,0.9332,0.6366,0.278707,90,3,26,14.99,0.9572,0.1981,0.023138,4.494
379369,520,253,773,225,137,237,322.61,0.8541,0.7172,0.400148,16,67,100,242.26,0.7743,0.2718,0.050443,4.482
379380,520,371,891,242,45,198,339.53,0.9506,0.6097,0.248342,56,23,60,323.19,0.6003,0.1677,0.017799,4.400
379391,520,472,992,221,51,21,32.11,0.9690,0.5207,0.177967,2,1,22,276.02,0.9385,0.0312,0.000925,4.476
379397,520,439,959,208,0,231,322.72,1.0000,0.5548,0.191813,22,20,23,314.66,0.0844,0.0946,0.007327,4.218
379404,520,452,972,228,40,31,28.92,0.9625,0.5270,0.181134,8,15,23,251.89,0.3367,0.0703,0.004551,4.237
379416,520,373,893,254,62,31,31.81,0.9953,0.5977,0.246187,17,45,5,137.82,0.9600,0.1621,0.020068,4.227
379424,520,376,896,226,9,249,323.08,0.9966,0.6008,0.232059,41,26,73,294.72,0.6365,0.1620,0.016912,4.215
379435,520,479,999,224,22,15,29.17,0.9850,0.5075,0.164585,0,0,3,264.05,1.0000,0.0094,0.000066,4.286
379441,520,35,555,225,250,238,165.32,0.6422,0.9576,0.905511,4,131,17,143.24,0.9982,0.4549,0.162982,4.486
379457,520,368,888,227,55,231,327.09,0.9461,0.6105,0.248351,11,4,127,267.33,0.9962,0.1745,0.016901,4.460
379459,520,420,940,195,55,231,318.27,0.9152,0.5587,0.201054,0,31,15,157.43,1.0000,0.1087,0.010144,4.174
379466,520,330,850,245,47,243,328.66,0.9768,0.6431,0.279194,79,25,62,342.06,0.6517,0.2118,0.027056,4.272
379474,520,427,947,234,30,147,353.14,0.9463,0.5616,0.205305,28,18,28,326.46,0.2890,0.0989,0.007633,4.430
379478,520,462,982,227,47,35,29.22,0.9498,0.5305,0.184882,1,3,42,266.34,0.9743,0.0530,0.002387,4.484
379494,520,420,940,226,59,133,358.50,0.8404,0.5612,0.209928,17,20,51,275.69,0.6097,0.1069,0.008585,4.437
379497,520,430,950,172,88,208,314.54,0.7348,0.5480,0.203050,27,10,53,296.69,0.7557,0.1000,0.007071,4.434
379519,520,362,882,217,92,191,336.38,0.7634,0.6105,0.261696,77,7,51,348.27,0.8172,0.1821,0.019690,4.473
379544,520,362,882,249,13,192,342.36,0.9920,0.6064,0.242366,14,49,25,150.96,0.8557,0.1776,0.023601,3.972
379552,520,423,943,244,42,39,27.94,0.9684,0.5622,0.210389,26,25,6,106.26,0.6125,0.1073,0.009280,4.393
379561,520,249,769,207,153,224,317.91,0.6396,0.7190,0.414305,20,78,29,145.81,0.9520,0.2795,0.056860,4.345
379564,520,364,884,241,84,125,8.25,0.8540,0.6136,0.265251,14,44,46,201.27,0.5954,0.1686,0.020919,4.445
379569,520,459,979,222,7,147,349.95,0.9851,0.5304,0.177908,1,14,6,158.61,0.9160,0.0561,0.003337,4.273
379577,520,451,971,221,30,154,347.88,0.9264,0.5395,0.186363,17,11,24,304.72,0.3786,0.0697,0.004245,4.357
379582,520,445,965,233,32,82,15.48,0.9547,0.5398,0.189689,34,6,25,342.25,0.6649,0.0844,0.005406,4.326
379584,520,435,955,229,52,79,18.42,0.9051,0.5451,0.196814,0,25,13,160.76,1.0000,0.0890,0.007243,4.312
379587,520,444,964,199,90,88,23.23,0.6562,0.5393,0.201609,14,18,26,263.98,0.2402,0.0836,0.006005,4.493
379588,520,353,873,250,63,167,351.56,0.9519,0.6227,0.266723,42,35,66,292.78,0.4377,0.1773,0.020876,4.469
379607,520,385,905,230,0,224,329.79,1.0000,0.5883,0.222073,1,41,31,171.77,0.9771,0.1473,0.016912,4.066
379627,520,446,966,139,92,242,293.34,0.8762,0.5390,0.195541,25,9,34,311.78,0.6086,0.0813,0.005176,4.450
379648,520,171,691,254,178,159,34.59,0.9585,0.8033,0.554170,29,96,21,141.60,0.9699,0.3426,0.086808,4.416
379679,520,319,839,232,79,249,323.57,0.9731,0.6521,0.295895,51,46,79,289.70,0.3990,0.2226,0.032223,4.207
379695,520,368,888,251,54,138,0.94,0.9611,0.6060,0.249860,75,7,33,4.51,0.8351,0.1700,0.017579,4.437
379713,520,418,938,236,9,147,353.01,0.9878,0.5587,0.201379,15,26,45,260.80,0.4719,0.1157,0.010298,4.169
379731,520,479,999,175,45,219,315.45,0.9054,0.5097,0.161063,2,0,1,344.76,1.0000,0.0130,0.000151,4.209
379758,520,439,959,243,11,42,25.15,0.9944,0.5468,0.194647,24,14,37,302.26,0.5166,0.0909,0.006418,4.336
379790,520,444,964,235,26,77,16.79,0.9698,0.5400,0.189399,13,16,23,266.68,0.2168,0.0765,0.005180,4.339
379799,520,281,801,228,121,220,330.04,0.8239,0.6855,0.353379,15,69,36,152.22,0.9293,0.2485,0.044850,4.253
379821,520,471,991,205,34,175,337.02,0.9006,0.5226,0.172203,1,8,9,203.28,0.6856,0.0423,0.001998,4.273
379828,520,414,934,230,64,110,9.01,0.8462,0.5661,0.216184,41,22,16,38.28,0.4056,0.1217,0.010827,4.376
379852,520,466,986,210,59,96,10.92,0.8090,0.5188,0.176764,4,11,11,195.76,0.3470,0.0528,0.002893,4.287
379854,520,431,951,180,56,252,308.99,0.9811,0.5539,0.195608,34,1,57,306.08,0.9591,0.1000,0.006572,4.341
379855,520,449,969,213,78,7,40.87,0.9826,0.5360,0.196126,7,19,2,135.07,0.9029,0.0732,0.005153,4.463
379890,520,399,919,255,33,6,30.44,1.0000,0.5782,0.223647,7,22,90,266.26,0.9415,0.1446,0.013571,4.305
379892,520,413,933,248,29,99,11.60,0.9706,0.5732,0.217396,35,20,37,322.61,0.3976,0.1169,0.009912,4.463
379909,520,454,974,212,64,101,10.04,0.7925,0.5295,0.186057,29,9,2,46.18,0.7415,0.0740,0.004610,4.323
379915,520,351,871,228,63,251,322.44,0.9827,0.6321,0.270162,26,45,60,243.37,0.3998,0.1858,0.024226,4.313
379920,520,350,870,254,74,130,6.52,0.9865,0.6272,0.275836,45,45,43,106.61,0.0314,0.1946,0.026091,4.282
379922,520,381,901,240,17,212,335.09,0.9895,0.6020,0.236825,8,9,114,266.99,0.9894,0.1588,0.014618,4.439
379927,520,458,978,227,31,111,4.48,0.9344,0.5348,0.184614,8,3,39,281.30,0.8970,0.0562,0.002632,4.458
379938,520,444,964,236,12,87,13.07,0.9873,0.5396,0.187871,17,8,44,288.86,0.7498,0.0780,0.004747,4.345
379949,520,434,954,188,70,207,321.84,0.8141,0.5461,0.195780,23,24,16,113.54,0.2196,0.1036,0.008728,4.185
379959,520,306,826,227,99,251,321.03,0.9756,0.6694,0.322215,46,42,112,280.53,0.7013,0.2349,0.034065,4.428
379961,520,405,925,227,32,205,333.91,0.9611,0.5796,0.217742,41,2,72,303.01,0.9528,0.1268,0.009827,4.475
379962,520,363,883,237,98,27,42.61,0.9552,0.6097,0.268219,32,44,9,126.16,0.7891,0.1701,0.021281,4.464
379969,520,362,882,231,88,162,351.43,0.7885,0.6145,0.265795,67,27,35,9.38,0.5304,0.1812,0.020987,4.449
379974,520,454,974,229,41,33,28.72,0.9610,0.5299,0.183567,20,0,45,298.16,1.0000,0.0678,0.003382,4.375
379981,520,462,982,197,39,208,325.12,0.9190,0.5330,0.178771,7,3,33,282.73,0.8550,0.0501,0.002201,4.382
379984,520,402,922,240,55,118,6.28,0.8978,0.5792,0.225688,13,28,54,260.66,0.6035,0.1260,0.011824,4.459
379994,520,478,998,179,52,198,322.11,0.8427,0.5062,0.161181,7,0,3,348.27,1.0000,0.0231,0.000518,4.180
379998,520,448,968,224,38,137,354.85,0.9025,0.5423,0.190423,28,6,26,331.12,0.6343,0.0755,0.004517,4.410
380003,520,464,984,212,9,158,343.98,0.9767,0.5166,0.166633,14,2,21,313.37,0.7491,0.0461,0.001909,4.173
380006,520,356,876,217,105,167,347.77,0.6691,0.6188,0.276469,13,48,41,177.54,0.7027,0.1789,0.023595,4.436
380010,520,467,987,179,43,227,314.84,0.9259,0.5209,0.168586,6,6,0,109.77,1.0000,0.0390,0.001690,4.229
380029,520,394,914,239,77,79,23.95,0.8973,0.5904,0.242261,9,40,6,141.63,0.9585,0.1415,0.015888,4.436
380038,520,463,983,185,25,243,313.49,0.9771,0.5333,0.174818,10,0,42,285.16,1.0000,0.0545,0.002317,4.297
380043,520,415,935,220,6,218,328.84,0.9949,0.5675,0.204101,3,24,62,260.07,0.9016,0.1173,0.010204,4.221
380044,520,471,991,231,0,42,24.27,1.0000,0.5185,0.171592,8,0,29,292.26,1.0000,0.0406,0.001403,4.311
380045,520,422,942,239,51,39,29.09,0.9534,0.5586,0.208681,27,22,37,299.18,0.3167,0.1115,0.009404,4.355
380057,520,432,952,189,21,252,312.77,0.9865,0.5459,0.183846,35,10,35,327.51,0.6195,0.0976,0.006958,4.106
380071,520,412,932,254,10,55,23.07,0.9956,0.5716,0.215676,13,27,49,259.10,0.5520,0.1198,0.010911,4.362
380077,520,479,999,157,58,236,304.83,0.9045,0.5096,0.162509,1,0,4,296.85,1.0000,0.0133,0.000152,4.237
380090,520,397,917,254,1,95,12.50,0.9994,0.5769,0.219225,61,2,34,353.77,0.8846,0.1350,0.011512,4.377
380125,520,401,921,254,26,99,12.17,0.9930,0.5843,0.227142,54,16,37,348.97,0.6144,0.1399,0.012885,4.407
380127,520,422,942,205,41,228,322.21,0.9469,0.5621,0.201682,15,27,30,215.09,0.2910,0.1102,0.009791,4.209
380134,520,430,950,241,0,96,10.50,1.0000,0.5497,0.195486,14,3,72,275.97,0.9780,0.0974,0.006263,4.363
380142,520,374,894,254,55,71,22.88,0.9938,0.5960,0.242618,17,8,115,270.31,0.9870,0.1635,0.015305,4.481
380143,520,436,956,225,45,129,358.50,0.8823,0.5459,0.194720,1,6,66,265.13,0.9811,0.0859,0.005300,4.425
380151,520,422,942,219,80,92,18.74,0.7737,0.5602,0.215725,27,26,1,107.56,0.9233,0.1101,0.009740,4.448
380156,520,451,971,229,52,5,33.39,0.9939,0.5373,0.191279,13,11,37,282.83,0.6201,0.0741,0.004585,4.420
380158,520,364,884,200,91,229,318.66,0.8438,0.6057,0.254200,14,47,22,148.90,0.8618,0.1701,0.021842,4.234
380190,520,478,998,213,22,120,357.91,0.9363,0.5053,0.160784,6,0,9,318.71,1.0000,0.0249,0.000584,4.167
380196,520,388,908,238,18,205,336.45,0.9866,0.5944,0.230204,34,35,33,128.64,0.0405,0.1510,0.016519,4.212
380207,520,464,984,214,49,102,7.43,0.8504,0.5185,0.174545,4,4,36,273.52,0.9019,0.0522,0.002400,4.285
380208,520,433,953,194,15,244,315.95,0.9894,0.5451,0.183440,32,2,56,304.18,0.9253,0.0976,0.006360,4.142
380223,520,411,931,229,80,43,34.86,0.9129,0.5707,0.225725,3,34,28,177.48,0.8842,0.1241,0.012472,4.414
380228,520,454,974,204,71,132,355.51,0.7308,0.5339,0.190118,4,14,27,252.75,0.5788,0.0671,0.004190,4.431
380229,520,428,948,195,66,215,321.99,0.8550,0.5579,0.204063,39,6,41,325.53,0.7492,0.1020,0.007217,4.440
380233,520,440,960,203,5,237,320.01,0.9963,0.5520,0.189211,26,18,22,347.08,0.1895,0.0939,0.007102,4.189
380235,520,433,953,201,81,159,343.61,0.7008,0.5537,0.208073,0,24,49,250.41,1.0000,0.1047,0.008750,4.393
380243,520,453,973,189,6,234,316.89,0.9944,0.5265,0.168909,0,3,58,264.20,0.9894,0.0701,0.003706,4.076
380257,520,466,986,230,9,17,28.31,0.9951,0.5165,0.170619,24,1,15,344.49,0.8056,0.0543,0.002504,4.202
380261,520,440,960,230,48,100,10.55,0.8988,0.5487,0.198599,21,12,47,290.52,0.6844,0.0913,0.006276,4.417
380262,520,413,933,242,44,112,7.59,0.9305,0.5730,0.218517,51,9,31,352.24,0.7086,0.1220,0.009982,4.477
380265,520,396,916,240,70,72,24.60,0.9149,0.5831,0.233766,26,31,53,273.16,0.3959,0.1426,0.014566,4.395
380278,520,397,917,221,90,92,22.09,0.7540,0.5780,0.234596,45,25,39,338.68,0.3705,0.1426,0.013997,4.447
380283,520,397,917,253,46,14,31.26,0.9923,0.5820,0.228721,39,30,30,18.15,0.1442,0.1423,0.014536,4.319
380289,520,380,900,245,49,165,350.36,0.9287,0.6016,0.243289,53,27,51,329.82,0.4656,0.1650,0.017798,4.326
380293,520,409,929,210,18,245,319.93,0.9894,0.5729,0.207286,17,20,79,272.78,0.8728,0.1335,0.011839,4.161
380295,520,436,956,243,14,43,25.09,0.9926,0.5477,0.195466,20,21,0,111.99,1.0000,0.0889,0.006851,4.318
380306,520,396,916,196,62,254,313.03,0.9935,0.5843,0.223380,33,32,28,95.37,0.0849,0.1398,0.014402,4.245
380340,520,456,976,185,28,239,314.31,0.9704,0.5313,0.173780,0,0,54,264.05,1.0000,0.0593,0.002663,4.249
380365,520,456,976,187,86,140,349.09,0.6085,0.5299,0.191153,13,10,22,294.74,0.3638,0.0629,0.003606,4.499
380373,520,430,950,175,88,200,318.20,0.7114,0.5469,0.202645,15,25,19,157.85,0.2970,0.1002,0.008438,4.323
380380,520,409,929,239,23,145,354.59,0.9676,0.5677,0.210110,45,23,31,357.04,0.3760,0.1349,0.012697,4.149
380384,520,438,958,242,31,22,29.18,0.9816,0.5504,0.199186,10,16,41,270.48,0.6165,0.0851,0.005952,4.454
380390,520,303,823,194,139,214,316.77,0.5963,0.6709,0.347904,17,65,0,139.31,1.0000,0.2303,0.038996,4.471
380404,520,376,896,230,19,232,327.84,0.9894,0.5977,0.231174,14,16,111,268.96,0.9724,0.1650,0.016115,4.253
380407,520,38,558,248,246,178,106.50,0.8815,0.9520,0.890828,8,129,43,146.36,0.9948,0.4510,0.159259,4.496
380413,520,457,977,180,46,230,314.32,0.9240,0.5271,0.173715,21,9,5,43.18,0.4338,0.0635,0.003658,4.169
380418,520,402,922,242,25,159,350.76,0.9689,0.5803,0.220789,3,6,100,265.61,0.9920,0.1332,0.010696,4.461
380426,520,400,920,252,40,2,31.33,0.9987,0.5756,0.222211,56,6,48,335.59,0.7898,0.1371,0.011845,4.401
380435,520,465,985,226,16,79,14.58,0.9787,0.5178,0.171067,5,10,0,126.59,1.0000,0.0479,0.002493,4.211
380463,520,349,869,202,109,214,322.90,0.7328,0.6266,0.283502,28,50,18,136.86,0.7513,0.1875,0.025717,4.405
380477,520,300,820,254,99,157,0.10,0.9794,0.6658,0.324320,2,64,44,164.56,0.9839,0.2302,0.038614,4.224
380492,520,320,840,252,90,165,355.22,0.9546,0.6538,0.307276,56,49,24,94.18,0.4766,0.2133,0.031034,4.409
380495,520,468,988,196,50,170,336.35,0.8219,0.5153,0.169210,5,3,14,292.62,0.5585,0.0354,0.001291,4.274
380499,520,447,967,236,22,60,21.40,0.9811,0.5375,0.187361,7,18,34,257.23,0.5427,0.0831,0.005933,4.244
380507,520,385,905,248,62,32,31.83,0.9698,0.5859,0.235095,60,9,54,333.35,0.7700,0.1518,0.014225,4.439
380508,520,419,939,211,42,213,327.64,0.9323,0.5623,0.203109,4,22,62,262.29,0.8913,0.1131,0.009474,4.256
380513,520,478,998,193,38,181,331.78,0.8764,0.5071,0.160615,4,1,6,314.84,0.6159,0.0242,0.000607,4.162
380526,520,72,592,247,222,220,23.16,0.5723,0.9073,0.771848,0,122,1,142.55,1.0000,0.4236,0.139206,4.344
380529,520,463,983,187,58,199,324.24,0.8327,0.5258,0.177158,10,9,11,308.45,0.0806,0.0535,0.002841,4.299
380556,520,366,886,249,82,73,27.21,0.9587,0.6141,0.266587,13,48,10,142.01,0.9494,0.1710,0.022213,4.384
380560,520,355,875,246,0,222,333.92,1.0000,0.6158,0.248698,28,48,20,137.40,0.6689,0.1813,0.024112,4.030
380562,520,370,890,175,116,224,307.75,0.7167,0.6098,0.269871,13,45,48,203.77,0.6324,0.1723,0.021756,4.458
380574,520,440,960,232,23,125,359.99,0.9596,0.5460,0.192522,18,2,62,283.81,0.9659,0.0872,0.005198,4.394
380575,520,446,966,185,89,155,340.76,0.6081,0.5383,0.198269,12,18,27,258.32,0.2970,0.0825,0.005899,4.441
380612,520,408,928,210,41,226,324.06,0.9484,0.5690,0.207804,2,32,54,244.45,0.8695,0.1317,0.013122,4.084
380619,520,427,947,239,11,144,354.63,0.9864,0.5639,0.206068,10,28,13,147.83,0.6723,0.1042,0.009241,4.323
380622,520,453,973,232,26,43,25.40,0.9788,0.5285,0.180721,26,1,40,310.87,0.9200,0.0730,0.003945,4.277
380626,520,397,917,251,47,35,29.18,0.9844,0.5797,0.226673,4,10,101,265.96,0.9860,0.1396,0.011824,4.475
380660,520,359,879,201,104,212,323.42,0.7380,0.6160,0.270729,65,32,14,47.64,0.6458,0.1825,0.021887,4.462
380661,520,337,857,243,22,255,325.67,1.0000,0.6369,0.268512,19,38,105,266.72,0.8626,0.2000,0.025445,4.222
380687,520,453,973,188,2,241,315.08,0.9984,0.5300,0.170869,2,18,23,218.39,0.7412,0.0736,0.005074,4.010
380694,520,352,872,237,104,18,45.79,0.9724,0.6187,0.279517,7,49,54,206.82,0.8110,0.1858,0.025080,4.389
380698,520,398,918,144,119,218,293.45,0.6598,0.5771,0.241849,16,39,10,139.58,0.8783,0.1422,0.015831,4.433
380701,520,414,934,252,16,21,28.39,0.9940,0.5658,0.211239,12,29,46,250.05,0.5329,0.1227,0.011541,4.245
380710,520,100,620,250,209,208,19.70,0.7510,0.8781,0.704802,8,109,105,190.29,0.9582,0.4024,0.120082,4.438
380723,520,464,984,227,7,104,5.88,0.9883,0.5241,0.174852,20,5,8,6.19,0.4954,0.0548,0.002748,4.263
380735,520,461,981,179,35,246,310.84,0.9639,0.5317,0.174406,16,2,28,307.31,0.8088,0.0529,0.002374,4.285
380755,520,440,960,198,51,216,323.06,0.9008,0.5492,0.193329,6,25,8,146.20,0.8493,0.0916,0.007515,4.231
380756,520,347,867,253,76,124,8.89,0.9740,0.6257,0.275102,23,53,21,142.51,0.8316,0.1947,0.027824,4.177
380768,520,447,967,223,37,125,358.98,0.9039,0.5350,0.184944,30,10,8,27.52,0.5213,0.0789,0.005107,4.263
380774,520,355,875,249,7,211,337.32,0.9968,0.6159,0.249980,72,5,72,328.23,0.8605,0.1836,0.019543,4.314
380780,520,479,999,203,53,116,359.90,0.7985,0.5056,0.165058,0,0,1,264.05,1.0000,0.0060,0.000022,4.299
380788,520,371,891,205,88,232,319.66,0.8691,0.6108,0.257862,0,49,11,146.67,1.0000,0.1697,0.022207,4.264
380815,520,321,841,174,127,249,299.57,0.8784,0.6450,0.310172,11,59,11,142.98,0.9727,0.2084,0.032231,4.380
380823,520,440,960,230,43,109,6.70,0.9074,0.5476,0.196578,33,2,49,311.08,0.8964,0.0926,0.005885,4.412
380835,520,309,829,246,82,227,332.88,0.9555,0.6640,0.311762,9,60,41,163.08,0.9128,0.2176,0.034497,4.281
380850,520,418,938,225,75,77,23.63,0.8397,0.5615,0.215782,21,19,66,278.77,0.7532,0.1213,0.010185,4.416
380854,520,408,928,244,42,92,14.39,0.9463,0.5705,0.216651,15,37,0,134.54,1.0000,0.1335,0.014247,4.150
380859,520,382,902,253,34,143,358.35,0.9828,0.5992,0.240134,65,19,0,42.40,1.0000,0.1561,0.015897,4.403
380867,520,390,910,206,77,218,324.23,0.8501,0.5895,0.234932,49,12,73,308.01,0.8023,0.1511,0.013970,4.454
380871,520,458,978,225,20,119,0.64,0.9591,0.5286,0.178425,6,7,40,273.95,0.8403,0.0636,0.003439,4.275
380887,520,396,916,228,0,220,330.29,1.0000,0.5820,0.216638,21,39,4,132.53,0.9282,0.1446,0.016192,4.028
380895,520,372,892,197,95,233,316.32,0.8490,0.6097,0.259391,0,44,54,217.44,1.0000,0.1674,0.020676,4.378
380900,520,409,929,233,53,137,357.82,0.8801,0.5705,0.216789,36,30,6,95.43,0.6992,0.1326,0.013168,4.223
380913,520,459,979,177,50,236,311.84,0.9235,0.5308,0.176854,31,0,7,8.16,1.0000,0.0613,0.003067,4.275
380931,520,346,866,240,40,242,327.77,0.9794,0.6301,0.264563,1,45,81,249.16,0.9614,0.1893,0.024772,4.207
380940,520,412,932,222,58,164,345.87,0.8461,0.5660,0.212385,35,15,52,306.31,0.6546,0.1172,0.009469,4.412
380954,520,381,901,210,53,255,317.07,1.0000,0.5988,0.234695,41,13,87,292.99,0.8594,0.1550,0.014474,4.416
380958,520,358,878,236,102,53,39.48,0.8870,0.6162,0.275955,5,53,6,143.09,0.9861,0.1850,0.025915,4.294
380967,520,182,702,232,181,167,35.87,0.5167,0.7853,0.529950,46,90,29,138.09,0.8961,0.3317,0.079817,4.467
380985,520,463,983,205,40,186,333.66,0.8936,0.5330,0.180438,7,6,26,281.99,0.6307,0.0516,0.002500,4.389
380991,520,375,895,228,43,223,329.44,0.9573,0.5987,0.235518,21,27,93,271.76,0.8645,0.1649,0.017335,4.240
381012,520,391,911,243,57,125,4.45,0.9035,0.5888,0.234648,48,13,71,308.12,0.7850,0.1489,0.013712,4.468
381015,520,406,926,235,13,185,341.23,0.9867,0.5762,0.214557,50,18,0,49.97,1.0000,0.1256,0.011108,4.329
381016,520,432,952,184,90,186,326.61,0.6744,0.5546,0.210490,30,18,29,329.42,0.3205,0.1019,0.007974,4.493
381019,520,452,972,205,61,139,351.40,0.7761,0.5268,0.181827,11,9,34,282.72,0.6368,0.0666,0.003820,4.307
381033,520,349,869,235,60,232,328.82,0.9487,0.6283,0.267226,22,51,16,140.32,0.8790,0.1865,0.025756,4.187
381035,520,409,929,217,49,207,330.83,0.9156,0.5735,0.214555,1,23,76,262.09,0.9795,0.1280,0.011410,4.308
381036,520,402,922,198,86,202,326.24,0.7636,0.5789,0.229271,46,20,36,343.80,0.4723,0.1326,0.012086,4.498
381043,520,458,978,161,75,235,304.96,0.8718,0.5344,0.186079,8,10,28,275.88,0.5326,0.0621,0.003525,4.411
381045,520,334,854,254,6,241,331.21,0.9985,0.6432,0.275551,20,28,119,269.46,0.9386,0.1964,0.023110,4.453
381073,520,422,942,205,85,144,352.31,0.6790,0.5595,0.214916,13,23,53,267.31,0.6412,0.1126,0.009554,4.448
381076,520,361,881,220,85,219,328.02,0.8617,0.6215,0.268291,8,48,45,187.71,0.8009,0.1787,0.023549,4.328
381077,520,448,968,236,38,45,26.23,0.9656,0.5436,0.194117,2,15,48,261.99,0.9082,0.0834,0.005679,4.384
381080,520,394,914,253,57,29,31.30,0.9913,0.5912,0.239013,10,36,40,208.97,0.6002,0.1389,0.014794,4.460
381111,520,418,938,242,48,54,25.66,0.9535,0.5640,0.212608,20,15,77,277.07,0.8827,0.1249,0.010261,4.358
381128,520,296,816,252,81,240,330.91,0.9875,0.6801,0.328744,40,63,33,138.64,0.5717,0.2413,0.041159,4.155
381129,520,331,851,250,17,242,330.11,0.9953,0.6388,0.271387,46,16,116,286.35,0.9138,0.1974,0.022123,4.456
381139,520,431,951,197,79,179,334.02,0.7330,0.5547,0.207185,30,18,21,2.68,0.2528,0.0986,0.007628,4.463
381150,520,427,947,195,25,255,313.72,1.0000,0.5593,0.195187,30,5,54,302.10,0.8437,0.0973,0.006509,4.339
381161,520,425,945,233,64,24,33.80,0.9678,0.5578,0.210594,22,24,34,275.76,0.2240,0.1097,0.009393,4.388
381168,520,437,957,241,15,61,21.12,0.9897,0.5459,0.193827,8,11,63,270.84,0.9241,0.0948,0.006498,4.316
381187,520,24,544,245,250,205,112.64,0.8906,0.9651,0.921916,23,129,95,165.47,0.9371,0.4643,0.167082,4.477
381201,520,273,793,251,97,250,328.00,0.9844,0.7019,0.359634,54,67,11,122.09,0.8685,0.2626,0.048227,4.170
381206,520,480,1000,192,47,183,330.84,0.8457,0.5135,0.166600,0,0,0,0.00,0.0000,0.0000,0.000000,4.332
381212,520,466,986,160,79,208,310.65,0.7599,0.5178,0.176203,3,5,33,270.66,0.8767,0.0510,0.002377,4.319
381223,520,451,971,162,74,238,304.77,0.8877,0.5369,0.187525,34,2,2,26.70,0.9210,0.0694,0.003879,4.408
381224,520,426,946,230,23,157,348.76,0.9596,0.5553,0.198729,52,2,25,358.16,0.8681,0.1122,0.008438,4.256
381239,520,416,936,248,15,119,4.53,0.9862,0.5740,0.216335,42,14,35,337.95,0.5682,0.1150,0.009277,4.493
381266,520,124,644,227,212,146,96.90,0.5947,0.8451,0.654939,4,105,82,170.68,0.9852,0.3802,0.107377,4.479
381283,520,380,900,223,103,81,32.08,0.7593,0.5997,0.259849,2,42,53,221.03,0.9196,0.1612,0.019258,4.474
381308,520,331,851,240,81,203,338.41,0.9014,0.6401,0.287246,8,55,45,174.86,0.8752,0.2018,0.029733,4.230
381313,520,476,996,217,49,4,33.47,0.9939,0.5100,0.169597,2,0,9,294.50,1.0000,0.0190,0.000326,4.363
381320,520,361,881,250,49,179,347.02,0.9615,0.6172,0.257786,57,3,102,300.83,0.9664,0.1842,0.018943,4.464
381321,520,429,949,242,11,83,14.97,0.9908,0.5511,0.197445,37,13,30,339.62,0.5280,0.1028,0.007749,4.285
381322,520,398,918,158,99,253,297.46,0.9691,0.5807,0.232848,17,29,66,267.36,0.6692,0.1405,0.013912,4.426
381333,520,398,918,246,38,124,3.64,0.9478,0.5809,0.224377,30,26,64,284.81,0.5834,0.1424,0.013850,4.297
381335,520,386,906,232,70,152,353.60,0.8320,0.5907,0.238058,28,29,67,279.00,0.5799,0.1497,0.015308,4.411
381349,520,445,965,216,2,184,336.95,0.9964,0.5374,0.181053,10,6,54,276.34,0.9162,0.0783,0.004611,4.231
381353,520,454,974,226,45,69,20.40,0.9256,0.5314,0.184780,23,11,7,40.54,0.3824,0.0705,0.004369,4.318
381363,520,394,914,248,7,155,352.89,0.9938,0.5856,0.224784,17,36,28,165.23,0.4517,0.1377,0.014647,4.251
381376,520,286,806,225,132,190,342.85,0.6681,0.6863,0.362296,18,69,1,139.62,0.9975,0.2447,0.043869,4.392
381383,520,458,978,197,29,212,324.20,0.9498,0.5301,0.175041,15,5,23,308.83,0.5978,0.0551,0.002720,4.269
381386,520,462,982,217,34,140,351.99,0.9009,0.5275,0.177917,22,0,14,342.66,1.0000,0.0484,0.002023,4.381
381387,520,461,981,223,55,25,32.26,0.9615,0.5288,0.184933,8,5,27,286.09,0.6794,0.0510,0.002393,4.484
381399,520,387,907,211,109,62,44.04,0.7501,0.5875,0.251360,9,40,43,204.17,0.6791,0.1524,0.017500,4.465
381408,520,460,980,105,99,251,279.09,0.9637,0.5268,0.188914,6,6,39,275.05,0.8498,0.0607,0.003154,4.495
381409,520,410,930,218,83,115,8.95,0.7338,0.5686,0.223321,53,19,6,41.07,0.7522,0.1340,0.012359,4.383
381414,520,440,960,148,97,232,297.73,0.8029,0.5496,0.206716,29,17,18,13.60,0.2584,0.0941,0.007058,4.499
381416,520,405,925,252,7,129,1.79,0.9944,0.5837,0.224360,50,21,4,49.47,0.7749,0.1321,0.012233,4.409
381426,520,316,836,251,88,182,348.54,0.9530,0.6566,0.308692,6,46,115,260.84,0.9457,0.2245,0.032303,4.358
381441,520,25,545,221,253,254,198.93,0.9327,0.9668,0.927775,60,129,26,137.72,0.9646,0.4643,0.167352,4.499
381447,520,351,871,249,26,230,332.67,0.9892,0.6320,0.265948,77,21,37,6.65,0.6829,0.1912,0.022479,4.359
381449,520,454,974,181,61,216,317.44,0.8568,0.5316,0.181202,16,6,34,296.35,0.7022,0.0654,0.003559,4.317
381457,520,455,975,183,65,206,320.66,0.8218,0.5318,0.183053,23,8,1,55.75,0.7842,0.0630,0.003580,4.350
381462,520,442,962,223,69,19,36.14,0.9675,0.5437,0.199939,22,18,1,98.53,0.8770,0.0835,0.006054,4.459
381475,520,345,865,226,83,213,331.56,0.8665,0.6250,0.271615,15,43,87,259.27,0.7638,0.1935,0.025173,4.278
381477,520,372,892,237,29,222,331.89,0.9802,0.6068,0.241599,3,48,26,156.49,0.9697,0.1703,0.022077,4.046
381517,520,439,959,238,31,77,17.46,0.9644,0.5486,0.196962,15,17,42,277.15,0.5537,0.0917,0.006696,4.356
381523,520,395,915,223,3,240,324.38,0.9985,0.5879,0.220466,5,33,57,248.15,0.7771,0.1381,0.014153,4.216
381533,520,351,871,235,83,188,342.15,0.8518,0.6266,0.274821,40,48,20,122.47,0.5558,0.1917,0.026155,4.265
381535,520,422,942,213,65,162,344.66,0.7980,0.5559,0.205375,13,23,54,267.54,0.6537,0.1134,0.009647,4.281
381536,520,456,976,223,56,27,32.17,0.9571,0.5299,0.185982,9,4,43,280.20,0.8912,0.0628,0.003193,4.436
381586,520,398,918,227,10,222,329.55,0.9934,0.5835,0.218243,38,32,13,92.30,0.4995,0.1417,0.014742,4.143
381593,520,457,977,234,29,50,24.22,0.9742,0.5349,0.186046,17,6,25,309.55,0.5842,0.0605,0.003196,4.437
381596,520,479,999,150,67,238,301.22,0.8995,0.5123,0.166717,1,0,1,328.36,1.0000,0.0103,0.000086,4.327
381600,520,353,873,241,35,229,331.10,0.9791,0.6208,0.255628,27,47,32,151.30,0.4474,0.1804,0.023703,4.147
381616,520,444,964,228,51,63,23.23,0.9221,0.5393,0.192234,12,13,46,276.58,0.7152,0.0843,0.005632,4.354
381618,520,212,732,231,172,166,25.35,0.5374,0.7645,0.492487,47,85,19,134.87,0.9269,0.3150,0.071482,4.466
381619,520,402,922,237,58,132,0.93,0.8781,0.5806,0.226996,44,22,20,25.80,0.4035,0.1274,0.011599,4.497
381621,520,362,882,193,89,250,311.31,0.9546,0.6077,0.253854,71,14,52,344.31,0.7372,0.1770,0.019018,4.403
381625,520,338,858,239,69,222,332.42,0.9311,0.6367,0.278835,14,57,21,146.20,0.9392,0.2040,0.030736,4.073
381634,520,352,872,244,90,73,29.37,0.9256,0.6152,0.270296,29,47,59,238.49,0.3456,0.1933,0.026099,4.209
381638,520,369,889,248,44,179,346.42,0.9503,0.6103,0.250157,45,22,88,293.76,0.7678,0.1735,0.018363,4.391
381641,520,474,994,220,29,100,7.17,0.9328,0.5161,0.170171,1,5,0,136.39,1.0000,0.0307,0.001150,4.304
381666,520,261,781,199,155,207,321.16,0.4772,0.7062,0.400905,48,70,29,132.30,0.6706,0.2690,0.050973,4.466
381676,520,459,979,212,15,182,336.57,0.9706,0.5316,0.177183,8,14,16,219.86,0.2084,0.0649,0.004031,4.205
381677,520,416,936,234,18,173,344.57,0.9769,0.5692,0.209450,59,2,13,16.58,0.9415,0.1237,0.010024,4.322
381687,520,431,951,225,66,74,22.47,0.8670,0.5502,0.204011,30,5,54,302.10,0.8437,0.0973,0.006509,4.495
381689,520,65,585,251,219,252,325.09,0.9502,0.9158,0.782013,29,120,13,141.30,0.9904,0.4223,0.137227,4.444
381693,520,378,898,252,37,135,0.93,0.9744,0.5959,0.237714,37,28,70,290.05,0.5899,0.1590,0.016660,4.316
381708,520,400,920,193,110,144,354.71,0.5008,0.5824,0.245043,32,35,20,117.62,0.3433,0.1448,0.015596,4.498
381732,520,38,558,243,243,211,107.17,0.6332,0.9486,0.878592,36,129,23,141.47,0.9816,0.4545,0.161368,4.393
381737,520,432,952,207,41,208,327.90,0.9238,0.5514,0.194072,9,26,31,219.19,0.4745,0.1041,0.008958,4.140
381761,520,432,952,234,54,34,30.45,0.9549,0.5507,0.202493,20,25,10,123.97,0.4608,0.1020,0.008659,4.304
381794,520,401,921,241,65,59,27.20,0.9333,0.5778,0.228004,34,22,71,289.77,0.6905,0.1444,0.013688,4.365
381796,520,429,949,214,0,214,328.36,1.0000,0.5528,0.191533,39,0,47,320.33,1.0000,0.0976,0.006366,4.285
381807,520,466,986,216,39,112,2.70,0.8845,0.5178,0.172223,24,0,13,347.64,1.0000,0.0512,0.002233,4.254
381824,520,467,987,140,73,247,295.42,0.9401,0.5158,0.170560,6,4,10,301.87,0.3456,0.0375,0.001475,4.285
381842,520,440,960,220,74,52,31.35,0.8776,0.5470,0.203637,21,22,8,112.08,0.4563,0.0943,0.007508,4.410
381864,520,466,986,205,26,172,337.88,0.9258,0.5167,0.166985,1,8,28,259.68,0.8652,0.0521,0.002639,4.122
381868,520,259,779,200,145,246,308.20,0.8414,0.7066,0.391846,14,77,19,143.96,0.9773,0.2728,0.054479,4.229
381875,520,428,948,240,27,100,10.09,0.9655,0.5562,0.202325,27,22,20,43.05,0.1144,0.1040,0.008573,4.308
381880,520,358,878,237,38,240,327.54,0.9789,0.6226,0.256846,24,14,120,272.66,0.9723,0.1806,0.018642,4.470
381883,520,452,972,202,73,130,356.28,0.7153,0.5322,0.189353,30,8,3,38.64,0.7049,0.0740,0.004563,4.387
381896,520,419,939,207,35,230,322.37,0.9607,0.5634,0.201824,44,8,36,337.81,0.7017,0.1103,0.008366,4.315
381898,520,415,935,218,56,190,336.12,0.8741,0.5707,0.214537,30,16,62,292.33,0.7206,0.1210,0.009944,4.413
381904,520,318,838,233,102,216,332.81,0.8672,0.6621,0.317865,51,55,25,115.38,0.5213,0.2250,0.035064,4.325
381915,520,330,850,244,87,184,346.09,0.8958,0.6445,0.295130,58,49,14,94.70,0.6965,0.2142,0.031279,4.246
381918,520,387,907,252,51,81,19.49,0.9804,0.5906,0.236608,41,33,28,53.84,0.1653,0.1519,0.016430,4.314
381928,520,455,975,134,83,250,291.62,0.9531,0.5261,0.181569,17,5,21,317.77,0.5727,0.0562,0.002819,4.384
381965,520,355,875,252,10,204,339.77,0.9953,0.6180,0.252755,70,22,34,7.87,0.6299,0.1779,0.019916,4.330
381978,520,343,863,215,105,188,337.54,0.7004,0.6252,0.281829,27,49,39,163.80,0.4120,0.1890,0.025761,4.380
381986,520,407,927,235,36,165,347.66,0.9389,0.5747,0.216434,35,30,19,86.28,0.2845,0.1340,0.013329,4.207
382020,520,469,989,176,15,246,310.43,0.9883,0.5184,0.162265,17,1,9,346.85,0.7634,0.0416,0.001606,4.113
382021,520,341,861,208,114,185,336.97,0.6272,0.6285,0.289489,79,30,16,36.68,0.7290,0.2044,0.026285,4.450
382022,520,135,655,246,184,251,324.00,0.9613,0.8376,0.608402,15,93,140,242.35,0.8662,0.3744,0.098232,4.442
382026,520,440,960,241,40,3,31.50,0.9974,0.5528,0.202283,45,1,15,6.36,0.9202,0.0928,0.006142,4.494
382039,520,334,854,135,140,251,279.30,0.9171,0.6352,0.308715,38,53,8,126.42,0.8728,0.2037,0.029758,4.498
382045,520,334,854,217,99,224,325.35,0.8394,0.6384,0.290590,68,36,43,6.34,0.3952,0.2037,0.026653,4.443
382072,520,426,946,189,85,195,325.41,0.7306,0.5598,0.212572,9,32,6,141.08,0.9236,0.1149,0.011042,4.301
382073,520,398,918,240,68,45,30.99,0.9366,0.5774,0.228522,31,29,43,290.79,0.2576,0.1363,0.013445,4.390
382092,520,465,985,232,17,10,29.25,0.9911,0.5227,0.175817,7,8,21,278.16,0.4429,0.0531,0.002730,4.283
382107,520,458,978,220,1,159,345.50,0.9978,0.5310,0.177431,9,14,9,144.91,0.2458,0.0634,0.003919,4.218
382120,520,459,979,238,1,31,26.45,0.9995,0.5329,0.183011,14,7,31,293.73,0.6356,0.0632,0.003442,4.360
382124,520,403,923,255,27,86,16.18,1.0000,0.5838,0.227195,47,21,20,23.17,0.4628,0.1302,0.011913,4.477
382127,520,407,927,249,33,83,16.88,0.9700,0.5736,0.218556,8,27,70,263.31,0.8440,0.1345,0.012776,4.278
382143,520,427,947,239,40,92,13.62,0.9421,0.5591,0.206442,4,25,34,228.41,0.7015,0.0999,0.008365,4.394
382184,520,381,901,220,76,194,335.76,0.8292,0.5966,0.242817,43,34,31,39.27,0.1498,0.1581,0.017566,4.334
382187,520,248,768,238,127,236,327.91,0.9054,0.7172,0.394140,72,54,101,300.22,0.4705,0.2801,0.049557,4.461
382191,520,475,995,225,38,67,20.05,0.9413,0.5239,0.178019,10,0,16,315.67,1.0000,0.0335,0.001019,4.469
382204,520,432,952,209,85,72,28.62,0.7590,0.5454,0.205223,0,30,13,155.54,1.0000,0.1050,0.009576,4.284
382210,520,368,888,235,6,247,325.64,0.9980,0.6141,0.245103,25,10,114,274.29,0.9755,0.1692,0.016386,4.445
382233,520,421,941,227,72,73,24.32,0.8605,0.5608,0.214494,12,26,37,243.51,0.4358,0.1090,0.009505,4.445
382234,520,357,877,229,47,251,322.99,0.9846,0.6220,0.256583,68,26,39,2.78,0.5508,0.1827,0.021144,4.309
382252,520,455,975,172,78,208,315.41,0.7725,0.5333,0.187744,1,8,38,263.35,0.9349,0.0598,0.003200,4.469
382276,520,450,970,224,21,148,350.33,0.9554,0.5387,0.185244,17,11,16,331.98,0.2134,0.0662,0.003959,4.360
382303,520,381,901,255,13,154,354.64,1.0000,0.6002,0.238846,14,42,47,210.92,0.5729,0.1628,0.019544,4.153
382320,520,357,877,247,89,41,36.58,0.9520,0.6157,0.270823,68,30,12,44.31,0.7038,0.1834,0.021842,4.466
382324,520,438,958,244,25,25,28.40,0.9868,0.5520,0.200020,13,22,7,133.57,0.5746,0.0871,0.006747,4.406
382326,520,407,927,245,49,63,23.73,0.9523,0.5720,0.219714,5,37,17,152.48,0.9271,0.1316,0.013958,4.217
382330,520,259,779,219,158,132,44.04,0.4986,0.7108,0.411812,1,76,30,149.47,0.9976,0.2680,0.052688,4.497
382336,520,375,895,236,49,192,339.93,0.9295,0.5982,0.238380,63,21,31,8.03,0.5963,0.1620,0.016922,4.309
382364,520,440,960,231,36,115,4.08,0.9268,0.5469,0.194914,33,14,20,0.45,0.4111,0.0943,0.006880,4.306
382386,520,438,958,234,51,12,32.56,0.9876,0.5468,0.198897,36,7,21,353.22,0.6415,0.0876,0.005812,4.460
382395,520,291,811,235,99,254,322.60,0.9946,0.6829,0.337437,4,69,15,144.89,0.9923,0.2420,0.043164,4.159
382411,520,339,859,226,107,180,344.70,0.7341,0.6414,0.299816,20,57,8,139.29,0.9650,0.2048,0.030924,4.323
382415,520,415,935,255,11,24,27.94,1.0000,0.5711,0.215692,38,21,18,30.49,0.3437,0.1155,0.009921,4.434
382428,520,411,931,211,53,207,329.18,0.8967,0.5664,0.209020,46,5,53,321.36,0.8142,0.1212,0.009465,4.356
382448,520,388,908,243,20,170,347.48,0.9794,0.5856,0.224604,14,33,71,262.41,0.7204,0.1531,0.016359,4.138
382461,520,315,835,255,62,224,335.67,1.0000,0.6589,0.300902,17,54,72,233.12,0.6638,0.2151,0.032252,4.266
382463,520,455,975,233,14,49,23.43,0.9899,0.5269,0.178626,3,15,0,136.69,1.0000,0.0586,0.003610,4.265
382476,520,407,927,254,1,45,24.71,0.9996,0.5686,0.212858,15,36,17,146.04,0.6867,0.1333,0.014037,4.105
382500,520,372,892,223,61,234,325.22,0.9366,0.6107,0.249681,14,45,32,163.18,0.6967,0.1662,0.020743,4.236
382546,520,469,989,230,15,71,17.47,0.9842,0.5243,0.176226,6,2,18,295.33,0.7282,0.0359,0.001258,4.413
382554,520,432,952,153,99,213,303.58,0.7037,0.5452,0.205004,4,15,65,266.06,0.9310,0.1014,0.007491,4.436
382559,520,455,975,222,23,130,356.21,0.9457,0.5278,0.177567,26,4,15,350.56,0.6478,0.0636,0.003410,4.261
382572,520,407,927,226,4,210,332.32,0.9965,0.5726,0.209112,52,16,28,1.97,0.5914,0.1325,0.011846,4.190
382581,520,435,955,243,17,75,17.64,0.9866,0.5531,0.199670,31,8,31,327.52,0.6235,0.0861,0.005639,4.487
382592,520,422,942,239,8,130,359.17,0.9899,0.5578,0.201393,25,8,71,285.60,0.8925,0.1130,0.008353,4.308
382599,520,359,879,232,29,255,323.07,1.0000,0.6208,0.252569,5,35,101,262.61,0.9479,0.1835,0.021738,4.218
382607,520,448,968,227,55,26,31.99,0.9627,0.5369,0.191407,20,9,45,292.29,0.7267,0.0836,0.005336,4.363
382619,520,390,910,243,50,149,355.34,0.9165,0.5918,0.235090,44,24,60,307.90,0.5653,0.1517,0.015150,4.376
382634,520,413,933,249,17,100,10.82,0.9860,0.5712,0.214643,50,16,4,40.66,0.7992,0.1228,0.010576,4.369
382636,520,452,972,206,15,203,329.12,0.9772,0.5342,0.177772,16,9,28,298.93,0.5186,0.0671,0.003894,4.226
382641,520,363,883,253,32,164,351.65,0.9838,0.6067,0.245995,24,32,87,271.88,0.7568,0.1713,0.019153,4.280
382670,520,347,867,234,67,235,327.75,0.9419,0.6345,0.275073,20,53,13,140.34,0.9285,0.1917,0.027239,4.209
382671,520,329,849,247,42,248,328.00,0.9830,0.6470,0.282102,24,56,47,172.92,0.5480,0.2124,0.032277,4.036
382687,520,428,948,225,64,111,7.84,0.8282,0.5570,0.208247,27,20,33,308.69,0.3025,0.1047,0.008431,4.420
382711,520,476,996,202,58,116,0.38,0.7773,0.5089,0.168457,3,0,6,311.99,1.0000,0.0187,0.000325,4.341
382754,520,367,887,196,84,252,312.19,0.9745,0.6068,0.251058,11,37,84,261.09,0.8284,0.1736,0.020343,4.280
382764,520,384,904,228,95,43,40.01,0.8960,0.5904,0.248555,7,33,75,259.68,0.8471,0.1536,0.016408,4.496
382783,520,403,923,232,31,183,341.32,0.9547,0.5756,0.215574,53,15,0,43.64,1.0000,0.1261,0.010987,4.355
382797,520,432,952,242,17,87,13.99,0.9843,0.5535,0.199696,31,15,35,319.40,0.4820,0.1003,0.007543,4.339
382800,520,480,1000,189,39,195,326.39,0.8907,0.5102,0.162115,0,0,0,0.00,0.0000,0.0000,0.000000,4.242
382829,520,237,757,226,137,253,317.98,0.9792,0.7271,0.411533,68,55,123,288.93,0.5963,0.2941,0.053913,4.442
382839,520,459,979,229,5,115,2.35,0.9915,0.5314,0.180073,18,5,20,322.48,0.5634,0.0569,0.002877,4.351
382840,520,354,874,236,89,145,359.89,0.8065,0.6178,0.270247,18,49,6,138.43,0.9615,0.1763,0.023383,4.364
382853,520,454,974,225,17,133,355.59,0.9654,0.5329,0.181046,2,18,15,180.92,0.7723,0.0704,0.004800,4.216
382863,520,413,933,215,72,177,340.06,0.7986,0.5746,0.222582,42,17,43,325.87,0.5553,0.1246,0.010676,4.492
382893,520,461,981,193,9,226,319.83,0.9903,0.5272,0.170253,24,0,16,341.83,1.0000,0.0525,0.002316,4.210
382899,520,373,893,242,16,195,340.03,0.9880,0.5955,0.231910,59,28,11,47.60,0.6621,0.1632,0.017846,4.155
382912,520,304,824,202,138,195,330.50,0.5226,0.6696,0.346747,8,65,31,151.64,0.9654,0.2317,0.039310,4.442
382923,520,394,914,215,59,227,324.86,0.9210,0.5913,0.231230,29,24,64,285.15,0.6178,0.1371,0.012846,4.475
382931,520,392,912,243,46,163,350.44,0.9301,0.5949,0.236561,9,33,69,258.63,0.7742,0.1492,0.015754,4.358
382941,520,432,952,234,47,68,21.52,0.9356,0.5490,0.199459,45,6,18,6.04,0.7442,0.1014,0.007319,4.352
382961,520,362,882,191,115,197,324.38,0.6093,0.6128,0.273701,53,37,35,26.82,0.2250,0.1805,0.022014,4.495
382962,520,414,934,210,31,232,322.75,0.9698,0.5679,0.205097,23,30,16,129.99,0.3857,0.1205,0.011481,4.149
382964,520,404,924,245,11,156,352.03,0.9894,0.5809,0.220554,5,33,46,232.19,0.7507,0.1308,0.013172,4.283
382968,520,425,945,208,25,228,323.25,0.9750,0.5590,0.197084,31,22,12,68.92,0.3616,0.1067,0.008917,4.194
382974,520,464,984,211,65,57,27.47,0.8622,0.5193,0.179272,1,10,5,162.36,0.8446,0.0458,0.002345,4.380
383001,520,359,879,252,35,196,342.15,0.9811,0.6215,0.258864,15,49,35,163.38,0.7191,0.1809,0.024194,4.163
383011,520,458,978,157,68,246,301.98,0.9376,0.5296,0.179566,0,15,11,176.98,1.0000,0.0594,0.003658,4.278
383023,520,392,912,192,99,194,326.53,0.6750,0.5851,0.240264,49,25,49,327.02,0.4700,0.1538,0.015700,4.418
383046,520,475,995,224,28,93,10.27,0.9458,0.5218,0.174709,0,2,12,259.14,1.0000,0.0252,0.000700,4.432
383058,520,363,883,197,82,252,312.64,0.9755,0.6057,0.249343,66,26,12,39.37,0.7102,0.1719,0.019238,4.323
383079,520,461,981,235,12,19,28.27,0.9940,0.5281,0.179754,21,0,20,330.03,1.0000,0.0499,0.002100,4.410
383083,520,344,864,240,22,248,326.51,0.9925,0.6269,0.258790,13,53,25,149.97,0.9068,0.1907,0.027019,4.009
383084,520,451,971,183,69,212,318.79,0.8245,0.5407,0.190781,14,14,4,108.65,0.4872,0.0662,0.004162,4.446
383085,520,474,994,192,29,206,324.36,0.9402,0.5172,0.165430,1,3,13,264.20,0.7170,0.0303,0.001006,4.224
383094,520,320,840,248,40,247,328.46,0.9844,0.6470,0.281923,85,26,29,20.82,0.7025,0.2121,0.027591,4.278
383103,520,402,922,213,68,208,329.36,0.8632,0.5844,0.228364,23,30,30,196.45,0.1344,0.1250,0.012044,4.487
383108,520,397,917,249,53,24,31.37,0.9797,0.5795,0.227555,50,22,21,23.15,0.4792,0.1375,0.013062,4.401
383110,520,465,985,218,45,106,6.03,0.8722,0.5243,0.178253,5,9,0,124.72,1.0000,0.0455,0.002276,4.366
383112,520,350,870,251,21,229,333.35,0.9923,0.6333,0.267058,55,25,86,302.93,0.7150,0.1895,0.021794,4.416
383119,520,372,892,243,58,166,350.09,0.9068,0.6052,0.248370,25,38,70,265.81,0.5346,0.1722,0.020350,4.241
383132,520,477,997,218,40,30,29.08,0.9558,0.5060,0.165194,4,0,6,318.71,1.0000,0.0204,0.000390,4.271
383133,520,473,993,195,48,187,330.49,0.8531,0.5221,0.173055,14,0,1,18.32,1.0000,0.0314,0.000956,4.377
383136,520,454,974,199,20,211,325.11,0.9695,0.5291,0.173473,15,15,11,107.24,0.1358,0.0714,0.004674,4.087
383141,520,374,894,239,67,157,353.00,0.8693,0.6022,0.248023,0,26,100,262.98,1.0003,0.1613,0.016588,4.476
383174,520,472,992,227,20,86,12.60,0.9703,0.5228,0.175060,16,0,0,29.23,1.0000,0.0339,0.001102,4.404
383178,520,385,905,236,78,82,23.07,0.8763,0.5866,0.238938,5,41,45,205.83,0.8133,0.1550,0.018075,4.244
383187,520,450,970,236,28,54,23.31,0.9755,0.5392,0.189329,14,0,50,285.94,1.0000,0.0664,0.003236,4.496
383197,520,378,898,239,85,96,19.91,0.8673,0.6038,0.256952,25,37,57,260.29,0.3989,0.1605,0.018252,4.497
383198,520,390,910,225,1,236,325.78,0.9995,0.5881,0.220877,26,13,99,277.28,0.9427,0.1534,0.014082,4.227
383202,520,417,937,250,37,22,29.69,0.9835,0.5704,0.217087,58,0,30,355.53,1.0000,0.1244,0.009934,4.456
383203,520,446,966,185,70,202,322.30,0.7978,0.5381,0.189601,9,8,54,274.38,0.9003,0.0810,0.004981,4.358
383228,520,460,980,210,48,163,342.66,0.8483,0.5350,0.184620,28,0,19,342.10,1.0000,0.0604,0.002939,4.432
383256,520,381,901,244,19,197,339.95,0.9863,0.6012,0.237331,49,34,11,75.67,0.6220,0.1614,0.018213,4.212
383263,520,426,946,185,89,194,324.11,0.7040,0.5592,0.213553,39,18,13,34.31,0.4659,0.1093,0.008931,4.472
383266,520,409,929,236,67,70,24.44,0.9007,0.5718,0.222924,15,21,75,271.31,0.8576,0.1299,0.011458,4.441
383272,520,376,896,233,56,194,338.75,0.9110,0.5992,0.240497,60,11,57,330.61,0.7556,0.1559,0.014955,4.472
383273,520,469,989,229,29,25,28.62,0.9782,0.5220,0.176099,15,0,9,341.64,1.0000,0.0362,0.001213,4.415
383281,520,468,988,216,62,10,35.76,0.9823,0.5215,0.180686,4,6,12,265.21,0.3163,0.0414,0.001826,4.451
383289,520,388,908,162,117,211,304.81,0.6279,0.5884,0.251075,22,38,46,230.78,0.3390,0.1549,0.017540,4.458
383310,520,391,911,249,40,120,5.61,0.9536,0.5867,0.230169,20,39,39,195.71,0.3676,0.1532,0.017462,4.153
383339,520,477,997,177,61,189,323.86,0.7910,0.5062,0.163599,7,0,1,9.43,1.0000,0.0219,0.000474,4.232
383348,520,353,873,242,95,71,31.58,0.9070,0.6184,0.275197,14,46,60,230.12,0.6443,0.1822,0.023735,4.410
383359,520,480,1000,165,78,195,316.53,0.7274,0.5142,0.173891,0,0,0,0.00,0.0000,0.0000,0.000000,4.478
383377,520,386,906,171,94,254,302.56,0.9862,0.5891,0.238196,15,19,96,270.20,0.9429,0.1504,0.014117,4.495
383387,520,356,876,235,62,209,334.97,0.9203,0.6161,0.257135,63,20,63,327.67,0.6717,0.1766,0.019161,4.441
383402,520,455,975,213,58,104,7.79,0.8143,0.5258,0.181741,20,4,25,318.12,0.6790,0.0600,0.003058,4.368
383442,520,439,959,206,37,213,326.33,0.9388,0.5506,0.192509,43,0,32,340.60,1.0000,0.0945,0.006180,4.317
383454,520,408,928,229,10,199,335.94,0.9903,0.5723,0.210012,10,36,14,146.73,0.8646,0.1299,0.013579,4.090
383457,520,304,824,245,112,146,6.23,0.8315,0.6662,0.330790,35,62,31,141.22,0.6476,0.2340,0.039014,4.278
383461,520,412,932,213,67,184,336.89,0.8204,0.5694,0.216232,20,30,5,127.70,0.7833,0.1157,0.010882,4.373
383468,520,385,905,254,50,74,21.45,0.9938,0.5926,0.238502,22,33,62,266.71,0.5258,0.1509,0.016060,4.367
383475,520,407,927,209,6,246,319.55,0.9967,0.5694,0.203412,20,24,60,274.84,0.6314,0.1256,0.011282,4.135
383483,520,429,949,233,57,31,31.47,0.9581,0.5512,0.203519,14,23,30,242.30,0.2878,0.0984,0.007999,4.371
383486,520,416,936,250,38,20,29.98,0.9854,0.5709,0.217644,48,15,24,5.53,0.5759,0.1222,0.010361,4.434
383490,520,443,963,206,42,188,333.34,0.8915,0.5374,0.184105,3,16,43,260.68,0.8242,0.0820,0.005643,4.207
383495,520,471,991,176,28,241,311.23,0.9700,0.5190,0.164125,7,4,15,297.77,0.4950,0.0406,0.001665,4.144
383512,520,352,872,229,78,207,334.18,0.8727,0.6208,0.266141,29,33,97,274.30,0.7799,0.1870,0.022119,4.384
383514,520,432,952,203,66,175,337.06,0.7876,0.5464,0.196899,25,14,54,291.13,0.7017,0.1049,0.007871,4.266
383522,520,426,946,239,24,111,6.08,0.9674,0.5560,0.201549,19,27,16,137.33,0.3461,0.1083,0.009597,4.221
383530,520,407,927,251,39,1,31.31,0.9993,0.5729,0.219662,18,17,78,274.66,0.8843,0.1278,0.010795,4.436
383547,520,408,928,252,16,63,21.40,0.9916,0.5698,0.214287,17,33,40,227.64,0.3743,0.1337,0.013600,4.155
383558,520,471,991,174,29,241,310.61,0.9682,0.5164,0.162292,9,5,2,69.35,0.4151,0.0401,0.001710,4.105
383571,520,327,847,180,127,239,304.27,0.7884,0.6454,0.311145,24,56,40,159.97,0.6034,0.2100,0.031756,4.417
383597,520,459,979,167,61,239,307.33,0.9125,0.5292,0.177857,7,13,11,173.31,0.2289,0.0600,0.003572,4.253
383601,520,416,936,233,25,182,341.76,0.9669,0.5744,0.213991,47,1,52,323.74,0.9312,0.1171,0.008741,4.494
383607,520,423,943,196,18,253,314.52,0.9912,0.5568,0.192616,18,7,74,278.09,0.9415,0.1086,0.007749,4.201
383614,520,349,869,231,79,213,332.93,0.8863,0.6285,0.273873,19,47,67,242.21,0.5774,0.1918,0.025766,4.275
383623,520,452,972,197,20,213,324.04,0.9700,0.5271,0.171764,10,15,9,140.27,0.2671,0.0667,0.004259,4.087
383639,520,74,594,227,229,225,128.53,0.0846,0.9060,0.778057,27,119,27,142.88,0.9785,0.4194,0.135053,4.475
383655,520,440,960,217,61,150,350.00,0.8122,0.5534,0.202935,26,19,18,27.66,0.1537,0.0948,0.007290,4.415
383679,520,467,987,232,4,28,26.84,0.9977,0.5203,0.173296,5,4,9,294.97,0.3055,0.0360,0.001388,4.345
383682,520,385,905,249,37,124,4.07,0.9544,0.5863,0.229216,73,0,12,20.28,1.0000,0.1531,0.014433,4.333
383687,520,395,915,195,73,243,314.61,0.9269,0.5857,0.228395,15,9,100,270.93,0.9786,0.1425,0.012169,4.478
383688,520,461,981,177,62,218,315.55,0.8557,0.5280,0.178553,22,1,2,21.09,0.8868,0.0465,0.001967,4.398
383701,520,385,905,252,3,142,357.62,0.9976,0.5876,0.227172,30,29,60,282.85,0.4933,0.1462,0.014810,4.277
383706,520,311,831,244,100,178,349.58,0.8687,0.6587,0.315646,17,56,66,217.85,0.6622,0.2178,0.033407,4.384
383725,520,399,919,152,112,234,296.14,0.7776,0.5826,0.242043,9,39,9,143.29,0.9392,0.1386,0.015288,4.473
383731,520,398,918,252,41,49,26.16,0.9868,0.5790,0.225068,5,36,53,237.20,0.7786,0.1441,0.015510,4.199
383741,520,472,992,218,52,31,30.88,0.9464,0.5162,0.174630,11,0,2,5.57,1.0000,0.0278,0.000755,4.426
383756,520,387,907,207,58,244,318.54,0.9481,0.5898,0.228248,51,22,40,343.68,0.4887,0.1464,0.014309,4.327
383763,520,467,987,226,18,95,9.26,0.9704,0.5224,0.174304,5,3,23,283.82,0.7488,0.0407,0.001592,4.348
383771,520,446,966,231,15,114,3.33,0.9763,0.5375,0.185484,33,7,10,15.45,0.6283,0.0789,0.004973,4.284
383792,520,445,965,211,26,196,332.33,0.9527,0.5424,0.185753,25,15,1,79.13,0.8533,0.0800,0.005505,4.247
383793,520,427,947,226,29,171,343.52,0.9452,0.5570,0.199904,23,6,60,289.13,0.8753,0.0962,0.006386,4.432
383811,520,280,800,229,137,156,6.94,0.6266,0.6885,0.369517,36,68,3,133.47,0.9843,0.2506,0.045158,4.409
383837,520,446,966,156,82,233,302.80,0.8464,0.5361,0.189861,7,17,26,246.12,0.4240,0.0760,0.005206,4.345
383838,520,454,974,170,67,223,311.58,0.8498,0.5272,0.178889,24,10,11,15.50,0.3678,0.0710,0.004355,4.211
383847,520,14,534,243,253,234,129.79,0.8094,0.9784,0.952455,46,134,3,139.18,0.9978,0.4731,0.176370,4.428
383848,520,458,978,232,9,97,9.14,0.9881,0.5330,0.182173,3,14,21,233.90,0.5795,0.0632,0.003876,4.309
383866,520,380,900,211,92,190,334.84,0.7426,0.6006,0.252227,31,36,53,271.40,0.2948,0.1604,0.018101,4.438
383868,520,355,875,226,61,247,322.88,0.9669,0.6244,0.262237,32,46,41,170.80,0.2350,0.1843,0.024211,4.207
383870,520,448,968,227,47,76,18.50,0.9159,0.5363,0.188886,29,12,17,1.65,0.3991,0.0836,0.005647,4.293
383874,520,431,951,217,69,105,10.07,0.7883,0.5459,0.200303,26,6,60,292.75,0.8649,0.0996,0.006761,4.410
383896,520,468,988,209,31,156,344.28,0.9021,0.5179,0.169378,9,1,24,298.82,0.8721,0.0403,0.001457,4.263
383906,520,442,962,181,38,255,309.45,1.0000,0.5444,0.184310,32,5,17,355.11,0.6669,0.0759,0.004561,4.294
383914,520,76,596,252,215,246,331.47,0.9617,0.9060,0.759511,18,120,44,146.66,0.9838,0.4227,0.137428,4.319
383925,520,467,987,230,29,0,30.80,1.0000,0.5231,0.177048,7,5,14,295.39,0.3949,0.0427,0.001854,4.379
383960,520,342,862,244,91,146,1.36,0.8610,0.6345,0.287936,22,52,2,135.87,0.9865,0.1882,0.026309,4.429
383978,520,376,896,249,43,153,354.79,0.9509,0.6002,0.241708,53,15,67,315.43,0.7424,0.1559,0.015039,4.485
383992,520,400,920,247,42,97,13.12,0.9490,0.5777,0.222966,8,13,101,267.49,0.9777,0.1449,0.012790,4.347
383993,520,468,988,233,11,10,28.97,0.9946,0.5232,0.175881,3,6,7,215.90,0.2404,0.0385,0.001649,4.373
384000,520,342,862,233,60,236,327.32,0.9505,0.6276,0.266139,6,52,50,190.50,0.8681,0.1933,0.027249,4.092
384011,520,329,849,229,107,179,346.03,0.7503,0.6455,0.304303,61,44,48,3.06,0.2053,0.2136,0.030069,4.425
384023,520,350,870,244,38,228,332.03,0.9775,0.6269,0.262236,67,35,9,55.86,0.7406,0.1918,0.024152,4.211
384029,520,433,953,234,32,111,5.73,0.9438,0.5495,0.196762,31,14,44,308.15,0.6022,0.1043,0.007873,4.264
384038,520,471,991,219,48,57,24.06,0.9197,0.5176,0.174720,16,2,12,337.69,0.6692,0.0440,0.001801,4.338
384043,520,428,948,243,12,114,5.27,0.9875,0.5615,0.205359,25,21,32,301.12,0.2513,0.1043,0.008473,4.367
384045,520,461,981,217,60,62,24.78,0.8802,0.5260,0.183338,5,11,2,132.93,0.7087,0.0508,0.002760,4.423
384065,520,441,961,159,98,199,310.37,0.6464,0.5415,0.202303,22,17,23,320.65,0.1831,0.0874,0.006333,4.479
384077,520,449,969,219,69,26,35.52,0.9476,0.5364,0.193935,13,11,31,285.54,0.5204,0.0700,0.004238,4.497
384078,520,416,936,236,60,107,10.40,0.8790,0.5728,0.221291,13,34,8,139.80,0.8785,0.1239,0.012471,4.343
384079,520,470,990,177,66,201,320.00,0.8004,0.5202,0.174617,5,6,2,118.00,0.4246,0.0387,0.001669,4.347
384082,520,444,964,229,7,124,359.27,0.9878,0.5350,0.182681,4,22,20,186.02,0.6510,0.0848,0.006501,4.118
384088,520,380,900,232,37,216,332.23,0.9644,0.5978,0.234394,46,31,39,345.87,0.2481,0.1577,0.017073,4.240
384100,520,439,959,194,63,207,324.01,0.8436,0.5477,0.195308,13,8,56,278.18,0.8807,0.0859,0.005447,4.424
384106,520,452,972,178,68,216,316.06,0.8335,0.5349,0.185581,13,3,48,284.03,0.9182,0.0691,0.003641,4.392
384112,520,418,938,219,11,211,330.36,0.9892,0.5620,0.200048,11,1,89,270.69,0.9972,0.1154,0.008141,4.301
384129,520,379,899,232,20,236,327.38,0.9900,0.6042,0.237147,14,41,49,220.09,0.5699,0.1608,0.019009,4.161
384138,520,299,819,236,113,200,339.90,0.8277,0.6747,0.338156,25,64,5,137.67,0.9807,0.2309,0.038843,4.369
384143,520,453,973,177,17,255,308.83,1.0000,0.5288,0.169689,31,6,0,43.50,1.0000,0.0712,0.004216,4.052
384148,520,464,984,226,28,33,27.29,0.9763,0.5157,0.171120,11,8,5,72.91,0.2130,0.0503,0.002558,4.207
384181,520,408,928,248,36,69,20.93,0.9694,0.5705,0.216514,28,30,41,276.62,0.2130,0.1348,0.013355,4.207
384184,520,471,991,229,0,98,8.07,1.0000,0.5250,0.175428,3,2,24,277.63,0.8744,0.0367,0.001287,4.395
384225,520,473,993,207,69,54,29.59,0.8486,0.5162,0.177902,3,1,21,281.75,0.9048,0.0317,0.000952,4.473
384234,520,385,905,211,84,183,337.19,0.7569,0.5860,0.236103,63,5,50,339.32,0.8151,0.1509,0.013958,4.473
384239,520,419,939,187,75,221,317.37,0.8359,0.5603,0.208186,0,27,45,240.71,1.0000,0.1101,0.009733,4.322
384243,520,406,926,245,17,158,351.51,0.9829,0.5832,0.222853,38,29,12,82.09,0.4919,0.1335,0.013174,4.319
384257,520,364,884,226,38,254,321.73,0.9960,0.6141,0.247129,26,38,66,265.39,0.4815,0.1700,0.019991,4.245
384261,520,296,816,242,136,52,54.54,0.9003,0.6850,0.367362,5,69,15,144.73,0.9904,0.2423,0.043228,4.477
384279,520,341,861,221,97,196,335.97,0.7717,0.6263,0.279091,78,21,54,348.48,0.6839,0.2002,0.024226,4.434
384306,520,420,940,212,5,231,323.71,0.9963,0.5627,0.198771,13,19,55,271.69,0.7193,0.1051,0.008271,4.269
384318,520,294,814,228,108,238,324.49,0.9071,0.6754,0.333941,50,47,97,283.48,0.5406,0.2369,0.035742,4.478
384331,520,296,816,233,108,234,327.20,0.8999,0.6803,0.339914,4,59,98,246.65,0.9090,0.2438,0.040354,4.315
384332,520,399,919,251,40,90,15.57,0.9738,0.5830,0.227686,26,8,93,279.34,0.9546,0.1403,0.011835,4.491
384345,520,452,972,227,29,79,15.54,0.9552,0.5252,0.177770,5,16,25,242.74,0.4999,0.0716,0.004730,4.162
384355,520,437,957,207,79,127,0.07,0.7050,0.5479,0.203917,24,14,38,301.21,0.5301,0.0915,0.006482,4.496
384359,520,329,849,254,1,246,330.10,0.9998,0.6457,0.277495,15,58,46,171.01,0.7753,0.2145,0.033248,3.934
384360,520,318,838,244,98,194,343.32,0.8955,0.6630,0.318662,58,50,9,97.79,0.8006,0.2164,0.032005,4.496
384371,520,453,973,186,82,164,336.35,0.6645,0.5334,0.191554,25,4,29,321.31,0.7206,0.0692,0.003822,4.488
384373,520,451,971,226,47,106,7.59,0.8872,0.5417,0.192452,18,14,9,73.20,0.2148,0.0715,0.004624,4.439
384389,520,424,944,173,85,232,308.95,0.8412,0.5618,0.212082,7,21,54,263.82,0.7770,0.1052,0.008478,4.482
384393,520,418,938,244,37,74,19.37,0.9624,0.5637,0.210541,51,9,11,22.13,0.7785,0.1155,0.009235,4.398
384399,520,339,859,243,22,254,325.88,0.9969,0.6362,0.267870,71,34,39,12.43,0.4564,0.2031,0.026303,4.166
384406,520,399,919,224,79,125,4.46,0.7688,0.5770,0.229224,32,5,94,284.17,0.9627,0.1443,0.012237,4.486
384422,520,431,951,234,54,43,28.81,0.9419,0.5515,0.203083,44,5,10,17.35,0.8031,0.0957,0.006660,4.467
384432,520,436,956,224,64,75,21.63,0.8675,0.5463,0.200248,34,11,9,26.77,0.5562,0.0871,0.005992,4.469
384467,520,365,885,225,56,235,325.58,0.9469,0.6106,0.248362,9,29,98,265.50,0.9244,0.1685,0.018185,4.376
384470,520,478,998,189,70,151,342.37,0.7091,0.5150,0.174351,6,1,0,47.34,1.0000,0.0238,0.000604,4.433
384475,520,472,992,227,40,5,31.69,0.9943,0.5236,0.178624,7,3,1,60.52,0.5214,0.0321,0.001125,4.472
384480,520,471,991,190,71,154,341.46,0.7106,0.5195,0.177883,0,8,10,208.03,1.0000,0.0416,0.001956,4.386
384504,520,403,923,249,31,104,10.26,0.9676,0.5775,0.221227,45,10,60,313.55,0.7742,0.1312,0.011013,4.445
384509,520,415,935,241,47,89,15.58,0.9332,0.5672,0.214583,35,7,69,297.44,0.8674,0.1214,0.009390,4.455
384514,520,350,870,217,114,158,354.38,0.6241,0.6302,0.292569,44,48,4,114.82,0.8958,0.1936,0.026581,4.473
384520,520,445,965,239,17,13,29.05,0.9919,0.5379,0.187840,24,11,20,339.06,0.3715,0.0760,0.004841,4.337
384528,520,411,931,245,51,41,28.74,0.9614,0.5710,0.219437,0,20,74,262.19,1.0000,0.1189,0.009946,4.495
384558,520,417,937,230,44,165,346.81,0.9085,0.5701,0.213437,46,20,8,44.56,0.6356,0.1239,0.010988,4.320
384574,520,261,781,236,120,247,324.05,0.9535,0.7095,0.379832,31,71,68,188.89,0.5383,0.2724,0.052149,4.208
384580,520,245,765,250,139,175,0.19,0.8611,0.7281,0.418870,12,78,58,167.18,0.9222,0.2844,0.058322,4.328
384588,520,456,976,226,24,122,359.93,0.9495,0.5332,0.182299,4,12,30,261.70,0.6454,0.0644,0.003825,4.316
384590,520,382,902,244,22,188,342.47,0.9812,0.5972,0.234409,31,11,103,280.09,0.9470,0.1607,0.015099,4.369
384600,520,336,856,253,7,242,330.77,0.9983,0.6423,0.274486,79,25,41,5.11,0.6391,0.2024,0.025179,4.316
384605,520,446,966,236,29,55,23.15,0.9739,0.5398,0.189906,25,12,18,350.77,0.3348,0.0784,0.005133,4.351
384621,520,357,877,242,88,116,12.96,0.8618,0.6179,0.271207,25,40,77,265.53,0.5868,0.1828,0.022600,4.424
384641,520,458,978,234,2,39,25.05,0.9987,0.5252,0.176855,1,14,24,237.84,0.8095,0.0631,0.003865,4.212
384642,520,471,991,219,52,15,33.03,0.9780,0.5173,0.175532,16,1,16,328.05,0.7863,0.0433,0.001693,4.363
384656,520,350,870,232,90,186,342.49,0.8203,0.6293,0.280158,37,50,0,123.90,1.0000,0.1925,0.026745,4.302
384689,520,251,771,229,133,250,320.22,0.9577,0.7225,0.403368,48,67,75,225.77,0.2414,0.2746,0.051506,4.466
384701,520,480,1000,219,10,123,357.68,0.9768,0.5148,0.167098,0,0,0,0.00,0.0000,0.0000,0.000000,4.342
384704,520,436,956,244,4,38,25.64,0.9980,0.5471,0.194634,21,13,45,290.94,0.6429,0.0914,0.006367,4.340
384714,520,346,866,235,100,128,9.92,0.7788,0.6261,0.283377,63,39,5,70.75,0.8328,0.1942,0.025189,4.434
384717,520,478,998,182,60,186,326.56,0.7938,0.5112,0.167233,1,2,3,240.75,0.2913,0.0220,0.000564,4.296
384722,520,306,826,230,97,243,324.04,0.9399,0.6662,0.318455,27,62,25,142.65,0.8503,0.2277,0.037483,4.212
384729,520,391,911,184,94,235,311.32,0.8445,0.5918,0.241948,66,15,11,28.39,0.8206,0.1539,0.015243,4.475
384749,520,457,977,169,70,223,311.01,0.8407,0.5295,0.181438,12,0,47,284.95,1.0000,0.0614,0.002834,4.380
384750,520,430,950,234,56,7,33.72,0.9923,0.5511,0.203392,15,11,59,278.21,0.8491,0.0953,0.006566,4.480
384761,520,416,936,207,56,216,325.55,0.8990,0.5682,0.210534,56,0,27,357.63,1.0000,0.1188,0.009200,4.401
384770,520,396,916,233,78,51,32.28,0.9054,0.5764,0.230143,56,6,56,328.12,0.8061,0.1425,0.012566,4.478
384783,520,469,989,211,35,155,345.25,0.8906,0.5236,0.174197,6,6,10,284.80,0.1949,0.0426,0.001909,4.319
384795,520,418,938,251,6,1,29.37,0.9994,0.5607,0.206454,45,18,5,45.92,0.7162,0.1177,0.010015,4.273
384796,520,162,682,251,165,247,328.39,0.9794,0.8052,0.541368,44,95,50,146.25,0.7851,0.3504,0.089499,4.239
384797,520,368,888,233,47,224,330.41,0.9569,0.6104,0.247410,73,4,42,353.70,0.8580,0.1665,0.016707,4.458
384799,520,430,950,175,68,240,309.25,0.9094,0.5490,0.195403,3,9,76,266.29,0.9755,0.1042,0.007365,4.278
384808,520,406,926,244,65,10,34.69,0.9910,0.5799,0.230390,31,27,49,291.24,0.3870,0.1349,0.012969,4.453
384810,520,423,943,239,18,131,359.08,0.9761,0.5606,0.204252,9,1,84,270.19,0.9970,0.1073,0.007198,4.445
384811,520,383,903,246,8,197,340.33,0.9950,0.6025,0.238009,40,35,6,99.54,0.7543,0.1514,0.016664,4.320
384815,520,399,919,229,59,155,350.85,0.8564,0.5756,0.221552,46,24,37,344.24,0.3895,0.1411,0.013677,4.264
384844,520,336,856,254,95,37,38.35,0.9929,0.6362,0.293923,22,52,40,165.38,0.5706,0.1959,0.027797,4.421
384847,520,418,938,232,72,25,35.54,0.9624,0.5649,0.218637,53,7,32,351.79,0.7522,0.1238,0.010132,4.467
384852,520,330,850,207,103,238,317.87,0.8757,0.6385,0.291403,76,24,71,331.68,0.6766,0.2102,0.026449,4.466
384855,520,445,965,202,84,89,20.28,0.6917,0.5351,0.196204,9,18,30,255.85,0.4213,0.0820,0.005844,4.409
384857,520,293,813,249,126,61,45.94,0.9363,0.6785,0.354014,5,67,52,171.09,0.9538,0.2439,0.042943,4.347
384868,520,358,878,241,57,205,337.51,0.9349,0.6201,0.260376,51,40,2,92.11,0.9285,0.1789,0.022258,4.295
384877,520,443,963,233,45,7,32.05,0.9928,0.5398,0.192188,19,16,20,317.68,0.1273,0.0807,0.005595,4.356
384888,520,428,948,211,7,229,323.92,0.9945,0.5598,0.196599,41,11,4,36.66,0.7644,0.0980,0.007196,4.311
384915,520,430,950,242,26,40,26.27,0.9835,0.5494,0.197727,35,12,41,318.92,0.6225,0.1045,0.007804,4.286
384946,520,470,990,186,17,228,317.31,0.9804,0.5193,0.164427,16,0,22,317.96,1.0000,0.0442,0.001681,4.149
384947,520,435,955,234,50,28,30.72,0.9661,0.5468,0.198606,24,9,48,296.39,0.7422,0.0906,0.006030,4.437
384963,520,440,960,247,3,45,24.49,0.9985,0.5540,0.200323,44,2,22,355.94,0.8379,0.0948,0.006369,4.441
384965,520,475,995,173,50,235,310.81,0.9203,0.5240,0.171645,10,1,4,354.00,0.6756,0.0308,0.000950,4.350
384966,520,449,969,234,33,83,15.35,0.9535,0.5427,0.192078,15,11,22,300.48,0.3304,0.0667,0.003988,4.484
384969,520,382,902,238,67,162,350.98,0.8666,0.6025,0.248030,15,40,56,239.31,0.5718,0.1622,0.019046,4.316
384970,520,396,916,193,91,196,326.37,0.7171,0.5751,0.228065,64,8,23,10.73,0.8063,0.1441,0.013257,4.396
384974,520,209,729,255,132,251,328.51,1.0000,0.7563,0.447300,52,80,41,137.39,0.6053,0.3059,0.066273,4.277
384997,520,458,978,171,44,254,306.44,0.9943,0.5329,0.176158,28,3,4,21.24,0.7821,0.0613,0.003208,4.250
385007,520,456,976,230,16,81,14.41,0.9805,0.5266,0.177907,6,6,39,275.05,0.8498,0.0607,0.003154,4.288
385014,520,445,965,229,1,128,357.77,0.9982,0.5352,0.182411,35,5,16,0.51,0.6952,0.0807,0.005033,4.223
385034,520,442,962,198,17,226,321.14,0.9819,0.5377,0.178993,0,13,54,261.90,1.0000,0.0836,0.005541,4.123
385041,520,411,931,224,86,51,35.23,0.8726,0.5707,0.227445,28,30,12,114.14,0.4810,0.1245,0.012020,4.473
385044,520,317,837,254,100,121,15.16,0.9821,0.6563,0.315690,11,61,31,152.38,0.9382,0.2188,0.035074,4.298
385069,520,397,917,228,69,151,352.98,0.8208,0.5820,0.229872,51,15,56,322.62,0.6902,0.1443,0.013311,4.421
385085,520,412,932,188,70,237,314.00,0.8996,0.5676,0.211872,9,28,55,257.56,0.6849,0.1247,0.011644,4.248
385095,520,436,956,200,29,237,318.94,0.9719,0.5542,0.192741,19,21,14,120.68,0.2108,0.0911,0.007065,4.254
385102,520,432,952,220,77,18,38.76,0.9635,0.5481,0.205696,6,23,44,254.51,0.6731,0.1018,0.008333,4.383
385112,520,402,922,253,43,28,29.64,0.9923,0.5806,0.226980,6,36,25,165.31,0.8226,0.1310,0.013706,4.348
385123,520,433,953,207,83,113,8.14,0.6899,0.5489,0.206462,14,20,47,271.39,0.5878,0.1015,0.007989,4.423
385132,520,435,955,231,17,150,351.12,0.9722,0.5521,0.195947,6,5,70,269.53,0.9784,0.0926,0.005894,4.400
385149,520,390,910,229,6,232,327.64,0.9969,0.5931,0.226169,38,7,90,290.27,0.9284,0.1483,0.013022,4.382
385159,520,425,945,228,36,152,350.38,0.9207,0.5553,0.200255,44,16,16,21.67,0.5397,0.1145,0.009435,4.211
385168,520,437,957,227,56,84,17.15,0.8844,0.5458,0.198021,30,14,11,31.35,0.3993,0.0871,0.006143,4.418
385173,520,426,946,233,64,16,34.64,0.9804,0.5574,0.210309,45,13,15,18.99,0.6161,0.1108,0.008803,4.427
385184,520,431,951,203,80,138,353.86,0.6907,0.5466,0.202707,43,3,31,342.55,0.7974,0.0986,0.006777,4.451
385194,520,407,927,226,74,121,5.59,0.7947,0.5732,0.224494,47,20,23,14.09,0.4657,0.1291,0.011666,4.451
385200,520,411,931,248,13,99,10.86,0.9895,0.5678,0.211487,46,16,8,36.13,0.6680,0.1162,0.009690,4.381
385221,520,374,894,246,75,96,18.10,0.9241,0.6045,0.254728,25,33,76,272.02,0.6429,0.1643,0.018161,4.471
385230,520,435,955,199,6,244,317.38,0.9961,0.5513,0.188055,2,22,36,240.38,0.7986,0.0915,0.007141,4.166
385237,520,358,878,255,73,88,20.97,1.0000,0.6177,0.267333,13,52,9,141.78,0.9629,0.1846,0.025612,4.197
385248,520,343,863,252,14,220,335.73,0.9948,0.6279,0.261801,1,52,52,194.80,0.9765,0.1926,0.027102,4.044
385264,520,419,939,243,40,57,24.04,0.9640,0.5608,0.208711,15,8,76,274.87,0.9504,0.1101,0.007970,4.463
385269,520,388,908,251,17,155,353.64,0.9859,0.5937,0.232802,68,7,28,6.43,0.8207,0.1532,0.014650,4.374
385279,520,401,921,250,1,135,359.43,0.9991,0.5806,0.220985,45,17,60,311.84,0.6788,0.1408,0.012851,4.312
385283,520,400,920,252,40,72,20.78,0.9833,0.5816,0.226846,53,5,58,323.80,0.8275,0.1374,0.011710,4.486
385286,520,464,984,233,10,39,25.31,0.9938,0.5248,0.176904,12,6,23,298.88,0.5479,0.0542,0.002703,4.305
385292,520,231,751,241,163,26,73.53,0.9628,0.7363,0.449720,50,78,18,131.31,0.8875,0.2944,0.061704,4.474
385294,520,426,946,201,74,189,331.69,0.7805,0.5603,0.209909,6,30,22,168.42,0.7252,0.1108,0.010252,4.314
385327,520,392,912,229,26,220,330.50,0.9789,0.5902,0.225666,45,27,52,316.09,0.4409,0.1540,0.015897,4.183
385335,520,423,943,201,61,214,324.24,0.8743,0.5617,0.206116,27,21,34,305.30,0.2922,0.1075,0.008848,4.352
385346,520,366,886,245,2,210,336.68,0.9989,0.6070,0.241121,11,30,101,266.02,0.9211,0.1748,0.019392,4.195
385347,520,360,880,189,99,252,308.65,0.9639,0.6178,0.267716,6,50,11,144.69,0.9769,0.1754,0.023440,4.326
385352,520,381,901,237,39,205,336.34,0.9590,0.6011,0.238661,22,35,66,265.30,0.5519,0.1591,0.017659,4.266
385364,520,364,884,231,56,213,332.81,0.9295,0.6066,0.246238,60,25,48,342.16,0.5259,0.1708,0.018694,4.312
385371,520,441,961,196,19,231,319.38,0.9810,0.5389,0.179725,21,13,39,295.12,0.5697,0.0870,0.005938,4.107
385377,520,464,984,213,45,126,357.10,0.8509,0.5215,0.175316,5,5,25,278.30,0.6854,0.0469,0.002110,4.324
385399,520,365,885,215,61,250,319.28,0.9753,0.6092,0.246885,5,42,58,231.73,0.8173,0.1654,0.019936,4.245
385401,520,428,948,234,44,106,8.51,0.9155,0.5553,0.203374,4,17,56,264.46,0.8849,0.0963,0.007122,4.436
385405,520,374,894,229,79,163,349.54,0.8025,0.6002,0.248969,17,42,43,198.89,0.4909,0.1624,0.019494,4.302
385422,520,354,874,254,41,186,345.54,0.9925,0.6231,0.262053,25,41,70,261.51,0.5131,0.1803,0.022347,4.313
385430,520,430,950,241,23,43,25.49,0.9854,0.5463,0.194914,28,17,38,307.11,0.4593,0.1022,0.007877,4.232
385435,520,421,941,250,13,12,28.96,0.9953,0.5604,0.206421,31,21,31,326.40,0.2692,0.1108,0.009266,4.327
385441,520,438,958,207,46,197,330.95,0.8940,0.5477,0.192525,6,1,71,269.82,0.9959,0.0876,0.005153,4.397
385488,520,470,990,215,63,40,31.55,0.9122,0.5226,0.181578,4,9,1,131.22,0.8309,0.0449,0.002234,4.433
385490,520,310,830,251,49,250,328.42,0.9872,0.6589,0.296109,25,59,29,146.27,0.7794,0.2174,0.034232,4.109
385493,520,436,956,217,67,134,357.13,0.7862,0.5532,0.204896,13,20,38,266.80,0.4604,0.0945,0.007258,4.452
385533,520,478,998,227,13,15,28.64,0.9926,0.5109,0.166562,6,0,9,318.71,1.0000,0.0249,0.000584,4.281
385535,520,456,976,233,6,56,21.47,0.9953,0.5260,0.177426,21,9,8,25.50,0.3519,0.0643,0.003724,4.233
385537,520,396,916,225,92,3,44.34,0.9936,0.5784,0.236710,6,37,29,172.59,0.8032,0.1356,0.014505,4.445
385552,520,433,953,219,66,112,6.79,0.8005,0.5482,0.201288,43,7,8,22.78,0.7700,0.0964,0.006832,4.422
385556,520,313,833,196,119,255,308.24,1.0000,0.6603,0.321502,35,57,51,175.34,0.3267,0.2241,0.035225,4.359
385566,520,432,952,239,21,105,7.96,0.9737,0.5531,0.199102,4,25,31,218.84,0.6925,0.0983,0.008200,4.280
385605,520,454,974,204,81,56,33.27,0.8018,0.5278,0.190098,16,12,23,300.57,0.3203,0.0702,0.004350,4.418
385619,520,444,964,184,45,240,313.28,0.9422,0.5408,0.183595,2,19,34,245.08,0.7767,0.0823,0.005941,4.176
385621,520,425,945,234,35,138,356.43,0.9326,0.5605,0.205324,12,26,42,252.83,0.4923,0.1119,0.009841,4.267
385641,520,91,611,234,217,241,316.18,0.5351,0.8907,0.734694,16,115,32,144.74,0.9877,0.4042,0.124754,4.490
385646,520,378,898,243,78,68,27.64,0.9298,0.5973,0.249240,46,29,56,312.12,0.4437,0.1621,0.017451,4.436
385658,520,464,984,221,48,40,28.39,0.9389,0.5195,0.176420,3,1,44,270.96,0.9883,0.0525,0.002229,4.335
385662,520,380,900,227,56,218,330.43,0.9297,0.6029,0.242235,42,36,22,87.36,0.3233,0.1595,0.018119,4.290
385663,520,407,927,239,62,25,33.02,0.9712,0.5676,0.218694,32,30,31,345.53,0.0377,0.1344,0.013346,4.242
385666,520,470,990,224,49,7,32.95,0.9909,0.5245,0.180621,6,2,28,285.06,0.8609,0.0428,0.001660,4.464
385679,520,356,876,231,23,255,322.89,1.0000,0.6170,0.248240,29,12,120,275.38,0.9706,0.1822,0.018801,4.335
385701,520,466,986,230,12,47,23.63,0.9911,0.5197,0.172942,23,0,4,9.55,1.0000,0.0464,0.001910,4.295
385721,520,416,936,210,13,243,320.42,0.9925,0.5701,0.204624,10,27,48,254.83,0.5995,0.1174,0.010618,4.200
385723,520,473,993,215,57,46,28.70,0.9073,0.5167,0.175731,10,1,1,24.13,0.7514,0.0294,0.000884,4.436
385736,520,421,941,249,5,35,26.28,0.9979,0.5578,0.203733,30,1,74,291.23,0.9830,0.1129,0.007921,4.381
385738,520,343,863,186,122,212,315.66,0.6417,0.6273,0.291124,36,48,34,141.05,0.3027,0.1914,0.026044,4.486
385749,520,278,798,229,134,165,359.59,0.6418,0.6859,0.364268,11,61,100,247.57,0.8187,0.2528,0.043285,4.441
385750,520,466,986,226,18,88,11.68,0.9725,0.5205,0.173088,10,1,34,290.39,0.9339,0.0491,0.002017,4.289
385762,520,455,975,185,41,224,317.45,0.9290,0.5265,0.172832,6,6,36,275.87,0.8134,0.0582,0.002963,4.207
385776,520,298,818,244,97,205,339.42,0.9132,0.6669,0.321929,66,37,95,304.55,0.6242,0.2331,0.033077,4.477
385777,520,414,934,206,52,219,324.55,0.9123,0.5652,0.206940,7,16,76,267.82,0.9388,0.1173,0.009375,4.327
385791,520,408,928,179,74,251,307.74,0.9674,0.5704,0.214471,43,24,11,54.07,0.5259,0.1282,0.011911,4.272
385793,520,400,920,254,6,89,14.38,0.9963,0.5766,0.219261,53,17,44,338.32,0.6107,0.1432,0.013397,4.247
385800,520,449,969,242,6,11,28.76,0.9975,0.5416,0.190351,1,15,35,253.36,0.8665,0.0723,0.004694,4.394
385861,520,443,963,158,95,201,309.75,0.6673,0.5362,0.196711,11,17,36,268.98,0.5012,0.0846,0.005994,4.406
385862,520,388,908,251,54,71,22.60,0.9766,0.5892,0.236061,45,29,32,6.68,0.2506,0.1487,0.015410,4.373
385902,520,413,933,208,46,223,324.19,0.9334,0.5668,0.206934,28,27,20,100.65,0.1743,0.1181,0.010813,4.225
385922,520,441,961,143,104,202,300.37,0.6275,0.5354,0.200047,31,8,34,322.93,0.6468,0.0879,0.005805,4.481
385936,520,431,951,226,42,136,355.90,0.8944,0.5484,0.196050,23,22,12,103.12,0.3034,0.0973,0.007825,4.255
385941,520,410,930,220,84,81,24.64,0.7865,0.5652,0.221528,39,27,7,78.15,0.6379,0.1289,0.012306,4.358
385947,520,441,961,149,103,195,305.62,0.5989,0.5359,0.200305,32,14,25,343.51,0.4203,0.0948,0.006914,4.398
385948,520,460,980,236,21,36,26.47,0.9866,0.5342,0.184998,10,13,1,118.66,0.8252,0.0595,0.003546,4.389
385978,520,430,950,197,64,206,325.21,0.8425,0.5529,0.199949,11,4,78,272.16,0.9823,0.1045,0.007080,4.379
385996,520,344,864,252,25,221,335.52,0.9890,0.6315,0.266144,23,51,21,142.47,0.7959,0.1880,0.026039,4.158
386037,520,431,951,238,9,115,4.03,0.9888,0.5508,0.196135,31,2,58,301.55,0.9330,0.0981,0.006402,4.364
386038,520,432,952,169,88,210,312.77,0.7388,0.5452,0.200684,32,15,39,315.34,0.5297,0.1041,0.007952,4.326
386055,520,391,911,221,32,231,325.80,0.9731,0.5862,0.221769,25,38,10,130.21,0.7272,0.1454,0.016148,4.108
386057,520,473,993,227,23,56,21.91,0.9762,0.5182,0.172321,5,1,7,317.53,0.6519,0.0261,0.000693,4.386
386065,520,448,968,166,68,250,304.19,0.9625,0.5450,0.191439,20,16,25,304.83,0.2436,0.0839,0.005895,4.320
386080,520,409,929,186,71,242,312.15,0.9193,0.5696,0.213574,23,23,70,277.67,0.7216,0.1348,0.012371,4.226
386084,520,470,990,220,48,59,23.52,0.9191,0.5199,0.176480,12,1,20,311.73,0.8230,0.0408,0.001504,4.397
386087,520,430,950,225,45,148,351.53,0.8849,0.5536,0.200251,19,18,52,280.38,0.6392,0.1050,0.008190,4.301
386103,520,173,693,245,174,208,349.06,0.7704,0.7993,0.542404,1,97,18,144.30,0.9991,0.3394,0.085991,4.356
386113,520,375,895,247,8,195,341.08,0.9950,0.6033,0.238912,38,27,69,292.40,0.5945,0.1572,0.016256,4.361
386118,520,401,921,243,8,165,348.83,0.9922,0.5804,0.219482,24,31,55,270.35,0.4401,0.1423,0.014500,4.178
386135,520,464,984,181,66,184,326.75,0.7666,0.5152,0.171821,18,4,13,341.20,0.5438,0.0516,0.002445,4.230
386137,520,380,900,251,1,179,346.32,0.9993,0.6014,0.237890,52,32,3,72.49,0.8542,0.1598,0.017698,4.253
386159,520,440,960,171,82,223,310.69,0.8097,0.5482,0.200210,34,15,1,59.82,0.8594,0.0928,0.006840,4.402
386164,520,407,927,248,9,96,11.67,0.9930,0.5662,0.209999,55,8,33,352.44,0.7447,0.1294,0.010958,4.265
386174,520,351,871,221,97,196,335.97,0.7717,0.6263,0.279091,45,40,55,299.92,0.2274,0.1865,0.023513,4.477
386175,520,448,968,229,4,146,351.78,0.9930,0.5433,0.188230,21,15,22,321.51,0.2232,0.0814,0.005590,4.285
386189,520,424,944,223,46,166,344.88,0.8875,0.5589,0.203976,11,22,56,266.99,0.7191,0.1115,0.009304,4.283
386198,520,375,895,224,100,101,21.84,0.7354,0.6006,0.259036,16,44,2,136.98,0.9835,0.1577,0.019158,4.469
386227,520,278,798,236,108,235,327.81,0.9092,0.6852,0.345583,40,66,18,133.29,0.8542,0.2483,0.043911,4.212
386230,520,452,972,176,28,254,308.50,0.9951,0.5307,0.172173,10,18,6,134.89,0.5333,0.0736,0.005103,4.032
386237,520,425,945,192,85,187,329.34,0.7154,0.5596,0.212927,0,17,74,262.96,1.0003,0.1130,0.008952,4.460
386262,520,441,961,197,33,227,320.39,0.9562,0.5435,0.185056,24,18,19,6.80,0.1320,0.0905,0.006738,4.143
386263,520,423,943,205,86,153,348.13,0.6833,0.5647,0.219365,10,30,13,147.17,0.7369,0.1105,0.010221,4.473
386271,520,464,984,207,72,0,40.24,1.0000,0.5162,0.179024,15,6,7,10.92,0.3182,0.0505,0.002472,4.365
386302,520,348,868,229,91,190,340.26,0.8095,0.6277,0.278602,62,36,10,62.21,0.7063,0.1860,0.023079,4.497
386305,520,403,923,234,56,146,354.99,0.8761,0.5784,0.223990,44,23,20,28.75,0.3884,0.1296,0.011988,4.420
386309,520,424,944,217,4,221,327.37,0.9966,0.5639,0.200612,17,29,19,149.02,0.3812,0.1134,0.010449,4.146
386313,520,411,931,202,71,212,324.86,0.8443,0.5725,0.218181,20,29,29,196.25,0.1858,0.1193,0.011161,4.385
386328,520,286,806,253,90,230,333.89,0.9894,0.6857,0.339110,11,45,135,263.93,0.9431,0.2449,0.036969,4.474
386333,520,475,995,146,76,240,298.46,0.8940,0.5209,0.175714,11,1,8,336.75,0.7125,0.0337,0.001104,4.417
386378,520,171,691,217,190,206,341.58,0.2987,0.8011,0.560355,8,97,15,143.36,0.9933,0.3403,0.086351,4.476
386385,520,431,951,236,37,64,21.58,0.9585,0.5455,0.195293,40,6,32,338.48,0.7172,0.0982,0.006857,4.314
386408,520,469,989,194,74,135,351.85,0.6886,0.5216,0.181179,7,6,10,297.70,0.1944,0.0436,0.001973,4.448
386414,520,402,922,250,45,52,25.94,0.9777,0.5779,0.224523,58,8,23,7.86,0.7746,0.1316,0.011352,4.475
386427,520,344,864,211,90,242,318.87,0.9189,0.6288,0.275736,17,35,104,266.90,0.8848,0.1913,0.023206,4.450
386430,520,445,965,166,79,221,309.62,0.8076,0.5357,0.189201,11,14,43,274.59,0.6680,0.0831,0.005596,4.302
386435,520,448,968,234,46,29,30.00,0.9655,0.5436,0.195382,32,6,26,337.56,0.6565,0.0816,0.005119,4.452
386439,520,416,936,250,29,36,27.30,0.9845,0.5672,0.213338,30,4,75,289.98,0.9401,0.1179,0.008708,4.486
386450,520,407,927,209,66,191,333.41,0.8268,0.5655,0.212152,30,19,71,286.87,0.7431,0.1346,0.011967,4.231
386454,520,449,969,204,68,156,344.70,0.7590,0.5407,0.193738,8,15,21,244.46,0.2989,0.0694,0.004474,4.474
386459,520,452,972,213,30,164,342.59,0.9179,0.5292,0.177573,24,8,7,25.25,0.4657,0.0661,0.003832,4.227
386460,520,419,939,235,20,157,349.79,0.9709,0.5640,0.205998,48,3,33,344.83,0.8112,0.1092,0.008034,4.411
386461,520,434,954,224,16,165,344.71,0.9712,0.5453,0.189371,46,3,11,14.59,0.8632,0.0969,0.006702,4.222
386464,520,422,942,213,21,222,326.04,0.9793,0.5617,0.199584,14,24,52,266.88,0.6021,0.1149,0.009945,4.164
386479,520,467,987,190,65,162,337.84,0.7472,0.5161,0.173379,0,8,14,228.79,1.0000,0.0432,0.002054,4.291
386485,520,461,981,208,6,197,331.28,0.9901,0.5316,0.175734,14,1,27,305.75,0.8772,0.0476,0.001942,4.346
386487,520,63,583,246,234,146,101.52,0.8420,0.9156,0.805146,74,116,32,132.37,0.8878,0.4326,0.140506,4.489
386511,520,417,937,222,27,214,330.30,0.9710,0.5742,0.211708,12,8,87,270.98,0.9742,0.1221,0.009399,4.406
386527,520,404,924,202,83,202,327.65,0.7823,0.5810,0.230089,38,24,41,320.36,0.3625,0.1317,0.012255,4.499
386532,520,456,976,215,9,166,342.16,0.9800,0.5267,0.173980,23,6,8,12.81,0.5072,0.0610,0.003300,4.202
386534,520,449,969,183,5,255,310.69,1.0000,0.5351,0.173969,12,15,6,122.71,0.3820,0.0674,0.004330,4.122
386539,520,344,864,236,30,255,324.00,1.0000,0.6278,0.259839,56,10,103,298.84,0.9074,0.1896,0.020371,4.403
386554,520,430,950,231,57,85,17.34,0.8915,0.5548,0.205740,1,29,7,148.52,0.9868,0.1010,0.009005,4.334
386565,520,338,858,230,70,246,323.97,0.9628,0.6380,0.278593,60,29,77,312.00,0.6189,0.1962,0.023753,4.455
386577,520,419,939,249,11,16,28.60,0.9959,0.5579,0.204202,1,30,36,213.62,0.9299,0.1141,0.010623,4.193
386580,520,476,996,218,25,111,2.45,0.9369,0.5135,0.167510,2,2,1,107.87,0.2671,0.0224,0.000585,4.300
386585,520,466,986,203,79,22,40.99,0.9273,0.5197,0.183485,9,2,36,285.90,0.9020,0.0522,0.002289,4.465
386595,520,345,865,237,58,227,330.60,0.9487,0.6269,0.265793,8,52,52,194.97,0.8171,0.1949,0.027554,4.072
386598,520,442,962,195,19,239,317.28,0.9841,0.5438,0.183013,3,20,16,177.01,0.7158,0.0770,0.005571,4.193
386601,520,386,906,238,82,45,34.46,0.9252,0.5902,0.244042,9,30,80,263.70,0.8694,0.1517,0.015657,4.478
386604,520,447,967,237,28,75,17.73,0.9690,0.5447,0.193462,21,16,5,87.39,0.4883,0.0784,0.005410,4.394
386605,520,343,863,235,69,229,329.53,0.9337,0.6343,0.275780,38,44,58,266.65,0.2269,0.1916,0.025189,4.333
386612,520,376,896,227,91,119,10.52,0.7527,0.5967,0.251475,4,46,21,152.40,0.9651,0.1626,0.020339,4.286
386617,520,390,910,218,22,248,321.26,0.9886,0.5898,0.222585,9,29,82,264.46,0.8794,0.1513,0.015459,4.164
386621,520,449,969,234,27,58,22.13,0.9743,0.5351,0.185849,20,9,31,305.11,0.5662,0.0733,0.004430,4.333
386629,520,476,996,158,51,243,304.19,0.9391,0.5104,0.161084,1,0,8,284.42,1.0000,0.0165,0.000240,4.202
386666,520,375,895,247,22,186,343.69,0.9825,0.6018,0.238964,56,21,58,325.40,0.6201,0.1631,0.016827,4.324
386679,520,393,913,240,72,73,24.73,0.9127,0.5855,0.236442,43,25,42,328.67,0.3793,0.1412,0.013761,4.492
386718,520,326,846,253,65,204,340.77,0.9859,0.6471,0.290261,39,35,105,279.46,0.7518,0.2074,0.026532,4.446
386720,520,418,938,233,61,63,25.19,0.9118,0.5586,0.210230,6,31,28,184.47,0.6915,0.1161,0.011025,4.264
386731,520,470,990,174,39,242,310.06,0.9523,0.5231,0.168614,0,2,35,264.08,0.9817,0.0428,0.001648,4.233
386755,520,351,871,243,107,27,45.02,0.9621,0.6341,0.296522,1,52,56,203.20,0.9741,0.1946,0.027478,4.473
386767,520,416,936,250,39,14,30.56,0.9904,0.5712,0.218104,19,20,67,276.01,0.7662,0.1226,0.010440,4.436
386787,520,446,966,240,0,83,14.41,1.0000,0.5445,0.191531,10,21,7,138.72,0.6052,0.0822,0.006162,4.301
386812,520,426,946,251,3,30,26.94,0.9988,0.5613,0.206718,21,15,58,283.41,0.7382,0.1062,0.008065,4.421
386819,520,441,961,177,71,225,313.22,0.8487,0.5437,0.192908,28,16,28,326.65,0.3492,0.0947,0.007013,4.261
386838,520,453,973,237,14,35,26.29,0.9922,0.5340,0.184432,14,5,45,285.83,0.8442,0.0708,0.003914,4.348
386848,520,419,939,229,19,175,342.84,0.9721,0.5610,0.202216,45,12,0,44.31,1.0000,0.1061,0.008209,4.333
386873,520,405,925,213,27,250,319.50,0.9842,0.5849,0.218340,41,4,68,305.04,0.9018,0.1252,0.009756,4.491
386890,520,412,932,206,76,185,334.67,0.7765,0.5686,0.217953,16,18,70,273.88,0.8439,0.1195,0.009849,4.477
386895,520,364,884,230,47,225,329.42,0.9549,0.6059,0.242947,22,30,96,271.14,0.8518,0.1748,0.019435,4.219
386925,520,467,987,197,77,87,18.29,0.7037,0.5152,0.178681,10,2,12,321.62,0.6264,0.0371,0.001345,4.454
386930,520,463,983,225,27,111,3.87,0.9422,0.5287,0.179419,7,10,2,122.63,0.6073,0.0503,0.002666,4.356
386938,520,454,974,238,0,49,23.17,1.0000,0.5345,0.184022,35,0,3,20.42,1.0000,0.0677,0.003640,4.363
386940,520,377,897,227,2,242,324.89,0.9991,0.5960,0.227874,0,47,18,151.05,1.0000,0.1639,0.020766,3.927
386945,520,424,944,228,59,127,1.25,0.8473,0.5628,0.211569,16,28,7,133.28,0.7104,0.1069,0.009560,4.392
386975,520,430,950,148,91,251,295.34,0.9518,0.5549,0.207432,29,17,39,308.04,0.4744,0.1040,0.008086,4.432
386993,520,327,847,248,38,252,327.36,0.9912,0.6494,0.283738,70,20,92,313.22,0.7789,0.2104,0.025752,4.406
387006,520,336,856,231,82,221,330.61,0.8952,0.6364,0.282463,66,36,47,356.88,0.3811,0.2021,0.026254,4.360
387014,520,406,926,214,63,202,331.43,0.8667,0.5773,0.221174,49,0,69,312.73,1.0000,0.1342,0.010827,4.458
387019,520,464,984,183,20,233,315.24,0.9781,0.5196,0.164520,26,0,5,9.00,1.0000,0.0518,0.002306,4.101
387034,520,363,883,248,78,84,22.90,0.9459,0.6093,0.260487,53,31,53,326.82,0.4053,0.1744,0.019940,4.439
387044,520,452,972,207,77,81,21.82,0.7554,0.5319,0.191694,12,11,36,281.30,0.6124,0.0726,0.004449,4.439
387062,520,343,863,245,65,195,341.59,0.9318,0.6285,0.271362,30,20,122,274.85,0.9470,0.1946,0.021814,4.475
387087,520,460,980,227,31,83,14.38,0.9484,0.5271,0.179383,10,7,30,285.58,0.6383,0.0590,0.003102,4.320
387090,520,419,939,173,84,228,310.00,0.8261,0.5575,0.208271,39,4,50,316.68,0.8292,0.1058,0.007485,4.493
387093,520,397,917,249,7,148,355.25,0.9939,0.5847,0.224333,49,20,49,327.33,0.5646,0.1444,0.013751,4.303
387097,520,370,890,214,62,248,319.43,0.9659,0.6071,0.245205,9,41,64,244.14,0.7291,0.1678,0.020140,4.209
387104,520,471,991,219,58,11,34.59,0.9828,0.5231,0.181130,2,2,29,271.74,0.9427,0.0395,0.001450,4.492
387114,520,447,967,188,68,206,322.20,0.8179,0.5431,0.192831,37,2,7,15.47,0.8694,0.0764,0.004521,4.454
387117,520,407,927,202,81,189,332.06,0.7576,0.5708,0.221172,55,17,4,39.81,0.8282,0.1339,0.012220,4.358
387119,520,445,965,184,82,181,328.65,0.6977,0.5396,0.195624,33,9,8,24.80,0.5956,0.0819,0.005363,4.437
387120,520,179,699,223,173,253,312.32,0.9554,0.7910,0.526678,23,94,15,141.72,0.9816,0.3333,0.082217,4.362
387125,520,429,949,245,22,14,29.25,0.9900,0.5525,0.200215,48,1,10,14.91,0.9512,0.0977,0.006721,4.411
387126,520,392,912,209,62,242,319.44,0.9392,0.5949,0.234130,31,38,27,134.29,0.2510,0.1545,0.017566,4.205
387133,520,396,916,249,38,118,6.14,0.9547,0.5850,0.228375,4,16,99,265.71,0.9743,0.1445,0.012971,4.421
387139,520,356,876,254,83,3,38.25,0.9978,0.6192,0.272675,39,42,51,270.76,0.1471,0.1834,0.023263,4.404
387153,520,429,949,240,24,91,12.84,0.9728,0.5527,0.199372,37,16,1,58.01,0.8705,0.0996,0.007661,4.325
387156,520,408,928,248,34,55,24.13,0.9756,0.5674,0.213799,0,31,51,241.03,1.0000,0.1257,0.012189,4.242
387160,520,438,958,224,65,80,20.06,0.8572,0.5484,0.202098,25,17,5,78.08,0.5344,0.0855,0.006185,4.487
387179,520,372,892,233,98,72,32.74,0.8466,0.6072,0.265296,17,46,35,166.18,0.6130,0.1720,0.021944,4.383
387210,520,403,923,242,14,159,350.53,0.9851,0.5770,0.216977,51,11,33,350.09,0.6766,0.1254,0.010531,4.411
387212,520,433,953,147,103,216,299.36,0.7033,0.5476,0.208616,4,26,24,187.20,0.7187,0.0981,0.008305,4.436
387240,520,336,856,246,57,223,333.80,0.9585,0.6391,0.278497,84,19,22,22.65,0.8049,0.1988,0.024088,4.434
387246,520,473,993,227,20,94,9.86,0.9675,0.5249,0.176422,7,3,6,334.39,0.3314,0.0342,0.001234,4.419
387270,520,472,992,197,49,173,335.61,0.8310,0.5179,0.170858,2,2,8,280.91,0.5251,0.0260,0.000739,4.353
387274,520,474,994,171,74,194,319.49,0.7470,0.5166,0.174515,9,0,5,342.32,1.0000,0.0268,0.000690,4.429
387282,520,447,967,236,32,73,18.55,0.9624,0.5442,0.193501,34,2,26,339.26,0.7994,0.0780,0.004581,4.461
387303,520,219,739,220,158,226,323.59,0.6831,0.7450,0.451615,47,78,40,139.92,0.6379,0.2957,0.062062,4.476
387317,520,295,815,243,91,248,326.49,0.9722,0.6815,0.333166,49,40,120,281.98,0.7502,0.2414,0.035265,4.494
387320,520,365,885,249,55,160,353.17,0.9464,0.6113,0.254135,52,31,37,1.03,0.3077,0.1654,0.018437,4.444
387335,520,460,980,192,76,146,346.19,0.6826,0.5258,0.184523,21,5,12,352.44,0.5207,0.0574,0.002945,4.430
387355,520,468,988,229,10,62,19.75,0.9907,0.5192,0.172259,7,3,14,303.00,0.5545,0.0376,0.001420,4.322
387360,520,399,919,217,44,217,328.17,0.9391,0.5765,0.215649,17,6,102,271.94,0.9852,0.1432,0.012086,4.279
387379,520,23,543,250,248,219,103.85,0.7660,0.9687,0.925735,23,132,4,141.58,0.9978,0.4602,0.166928,4.498
387382,520,330,850,247,97,105,20.22,0.9076,0.6362,0.293466,76,22,79,325.64,0.7211,0.2129,0.026750,4.475
387384,520,355,875,246,4,235,330.84,0.9987,0.6248,0.256808,21,12,125,270.87,0.9824,0.1836,0.019029,4.445
387394,520,470,990,210,59,90,13.47,0.8162,0.5172,0.175701,6,5,7,308.87,0.1336,0.0390,0.001626,4.372
387399,520,396,916,244,50,100,12.61,0.9271,0.5780,0.224377,45,24,28,7.63,0.3500,0.1359,0.012951,4.359
387400,520,400,920,210,33,251,318.41,0.9829,0.5834,0.217561,34,18,72,291.23,0.7504,0.1383,0.012406,4.287
387405,520,390,910,232,45,195,338.02,0.9340,0.5900,0.229754,69,10,6,29.26,0.9097,0.1536,0.014957,4.307
387414,520,480,1000,211,56,73,19.75,0.8564,0.5120,0.171606,0,0,0,0.00,0.0000,0.0000,0.000000,4.432
387416,520,399,919,226,5,214,331.30,0.9960,0.5754,0.211348,34,21,70,290.72,0.6971,0.1417,0.013186,4.136
387428,520,397,917,252,50,11,31.96,0.9926,0.5827,0.230045,37,30,15,85.35,0.4092,0.1355,0.013564,4.406
387429,520,443,963,241,7,31,26.73,0.9966,0.5407,0.189551,21,3,49,294.70,0.8911,0.0782,0.004463,4.398
387440,520,358,878,235,43,231,329.17,0.9683,0.6159,0.251620,80,7,27,12.33,0.8756,0.1791,0.019369,4.348
387443,520,336,856,237,62,238,327.82,0.9538,0.6371,0.276253,23,33,112,270.06,0.8927,0.1990,0.024396,4.385
387453,520,434,954,243,11,91,12.65,0.9903,0.5550,0.200528,34,4,47,313.46,0.8222,0.0955,0.006322,4.448
387457,520,334,854,254,30,229,334.02,0.9957,0.6416,0.276597,84,20,33,12.99,0.7425,0.2028,0.024952,4.357
387474,520,370,890,249,75,99,17.30,0.9447,0.6108,0.260761,25,40,54,247.45,0.3582,0.1672,0.019905,4.445
387483,520,405,925,244,12,166,348.78,0.9888,0.5836,0.222524,2,25,71,261.00,0.9510,0.1278,0.011630,4.422
387484,520,430,950,182,49,253,309.72,0.9883,0.5518,0.192345,33,17,30,333.83,0.3877,0.1044,0.008180,4.165
387490,520,274,794,250,109,211,339.58,0.9559,0.6953,0.359672,53,62,13,119.32,0.8092,0.2464,0.042312,4.438
387523,520,333,853,243,54,244,327.91,0.9705,0.6449,0.282274,42,50,20,121.77,0.5789,0.1998,0.028239,4.247
387544,520,406,926,186,99,195,323.72,0.6652,0.5771,0.233040,26,33,3,121.28,0.8663,0.1298,0.013139,4.483
387558,520,415,935,181,81,231,312.37,0.8514,0.5665,0.214791,56,3,26,0.18,0.8496,0.1223,0.009806,4.427
387572,520,470,990,213,54,87,14.13,0.8466,0.5171,0.174750,8,0,26,295.61,1.0000,0.0382,0.001262,4.384
387594,520,454,974,200,42,190,331.05,0.8855,0.5281,0.176548,28,9,4,39.55,0.6132,0.0730,0.004511,4.156
387625,520,398,918,251,44,44,27.38,0.9833,0.5784,0.224961,49,5,71,310.55,0.8811,0.1417,0.012165,4.423
387636,520,454,974,199,64,170,337.60,0.7794,0.5346,0.187129,2,8,47,266.05,0.9362,0.0689,0.003918,4.398
387641,520,393,913,224,14,237,325.26,0.9926,0.5895,0.222780,57,16,13,27.29,0.7169,0.1377,0.012696,4.351
387686,520,423,943,177,79,230,311.39,0.8487,0.5576,0.206531,47,0,47,328.36,1.0000,0.1119,0.008097,4.416
387709,520,386,906,214,91,151,352.39,0.6915,0.5859,0.240147,17,39,43,210.64,0.4502,0.1532,0.017446,4.302
387716,520,466,986,206,30,171,338.51,0.9123,0.5199,0.169927,2,9,27,260.19,0.7499,0.0544,0.002874,4.159
387728,520,460,980,238,0,48,23.38,1.0000,0.5344,0.183939,7,8,30,276.90,0.6407,0.0586,0.003126,4.403
387738,520,275,795,238,109,250,324.17,0.9739,0.6981,0.360187,13,69,29,148.55,0.9578,0.2464,0.044303,4.350
387746,520,461,981,209,47,153,345.93,0.8414,0.5273,0.178904,3,12,13,202.92,0.4809,0.0550,0.003114,4.310
387754,520,464,984,101,98,245,278.36,0.9223,0.5163,0.180941,23,0,12,348.24,1.0000,0.0492,0.002087,4.434
387755,520,419,939,224,78,8,39.49,0.9855,0.5566,0.213163,31,24,9,85.03,0.4857,0.1111,0.009643,4.412
387767,520,385,905,222,32,240,323.94,0.9782,0.5944,0.228560,36,5,95,287.05,0.9582,0.1499,0.013098,4.415
387773,520,422,942,215,68,155,348.12,0.7870,0.5595,0.209501,38,7,54,311.25,0.7938,0.1116,0.008304,4.451
387779,520,410,930,216,73,170,342.97,0.7884,0.5740,0.222685,38,29,17,74.08,0.3487,0.1346,0.013313,4.307
387781,520,434,954,242,7,96,10.83,0.9933,0.5533,0.198771,13,26,18,156.43,0.4059,0.1014,0.008680,4.239
387789,520,446,966,209,71,116,4.13,0.7467,0.5370,0.193249,7,17,34,259.90,0.5506,0.0806,0.005615,4.374
387794,520,437,957,232,23,135,356.53,0.9592,0.5498,0.195208,15,16,40,278.89,0.5422,0.0881,0.006253,4.359
387815,520,424,944,247,0,60,21.25,1.0000,0.5553,0.201040,8,28,20,165.16,0.6096,0.1051,0.009326,4.232
387825,520,450,970,199,8,232,320.07,0.9930,0.5419,0.181436,1,13,36,257.33,0.8915,0.0684,0.004217,4.269
387826,520,359,879,251,48,188,344.50,0.9711,0.6227,0.262573,8,27,113,265.79,0.9549,0.1821,0.020276,4.448
387833,520,429,949,240,24,76,17.45,0.9768,0.5494,0.197037,2,27,16,162.23,0.9244,0.0973,0.008341,4.234
387834,520,417,937,252,33,31,28.33,0.9890,0.5730,0.218858,44,19,29,355.75,0.4492,0.1244,0.010900,4.415
387840,520,397,917,228,67,146,354.72,0.8246,0.5779,0.225862,5,15,97,266.25,0.9740,0.1409,0.012369,4.423
387878,520,366,886,246,80,72,26.99,0.9418,0.6059,0.258013,60,30,18,42.15,0.5470,0.1704,0.019330,4.443
387879,520,405,925,239,5,175,344.96,0.9949,0.5769,0.215574,29,17,75,285.24,0.7982,0.1342,0.011701,4.304
387883,520,422,942,176,85,217,313.84,0.7814,0.5552,0.207377,23,8,71,283.56,0.9009,0.1110,0.008107,4.429
387890,520,442,962,194,15,236,317.73,0.9871,0.5385,0.178686,11,6,58,276.23,0.9281,0.0833,0.005069,4.153
387894,520,421,941,241,2,114,4.70,0.9977,0.5553,0.199624,21,26,26,196.60,0.1019,0.1105,0.009728,4.179
387909,520,429,949,185,44,247,312.08,0.9607,0.5474,0.188322,5,16,60,266.35,0.9001,0.0987,0.007290,4.160
387911,520,399,919,253,34,65,22.07,0.9898,0.5792,0.224121,59,14,32,359.32,0.6766,0.1442,0.013483,4.318
387916,520,387,907,249,50,91,16.09,0.9590,0.5859,0.231798,40,1,96,290.52,0.9902,0.1519,0.013173,4.461
387919,520,413,933,220,81,119,6.91,0.7475,0.5707,0.224348,8,32,31,191.52,0.6118,0.1215,0.011835,4.437
387927,520,429,949,206,33,212,326.64,0.9469,0.5477,0.189648,17,25,12,134.03,0.4283,0.0999,0.008410,4.103
387935,520,404,924,254,1,115,6.40,0.9993,0.5822,0.223341,56,15,7,33.30,0.7947,0.1331,0.011979,4.410
387937,520,432,952,232,52,66,22.72,0.9242,0.5487,0.200081,11,25,23,184.26,0.3756,0.0989,0.008282,4.291
387940,520,418,938,204,54,221,323.42,0.9088,0.5650,0.206978,39,11,61,305.86,0.7718,0.1243,0.010076,4.278
387941,520,462,982,177,61,223,314.34,0.8706,0.5308,0.180133,11,6,14,313.41,0.3451,0.0488,0.002331,4.398
387942,520,458,978,229,40,17,30.71,0.9814,0.5282,0.182191,11,9,23,288.97,0.4261,0.0596,0.003284,4.358
387943,520,446,966,233,44,68,21.06,0.9399,0.5447,0.195454,25,6,35,312.21,0.7031,0.0768,0.004583,4.497
387947,520,389,909,222,63,208,331.88,0.8928,0.5944,0.236409,17,37,55,247.45,0.5132,0.1539,0.017181,4.263
387948,520,418,938,245,10,101,9.73,0.9910,0.5615,0.205726,27,11,73,285.99,0.8618,0.1212,0.009534,4.295
387959,520,310,830,254,112,39,43.61,0.9913,0.6615,0.328090,42,56,34,134.63,0.4061,0.2212,0.034360,4.482
387973,520,468,988,215,11,146,348.73,0.9720,0.5169,0.167642,7,7,7,0.00,0.0000,0.0450,0.002125,4.175
387978,520,408,928,206,79,189,333.32,0.7741,0.5746,0.223897,17,26,67,270.10,0.7127,0.1342,0.012632,4.373
387987,520,380,900,217,50,245,321.24,0.9590,0.6001,0.236274,12,19,108,268.12,0.9652,0.1642,0.016265,4.320
388007,520,379,899,199,105,182,334.33,0.6304,0.5988,0.256241,3,44,20,152.83,0.9715,0.1551,0.018711,4.457
388014,520,211,731,201,174,236,304.30,0.6439,0.7619,0.487460,20,87,8,141.20,0.9890,0.3081,0.069824,4.485
388061,520,439,959,211,30,208,329.04,0.9536,0.5521,0.193335,43,0,15,4.06,1.0000,0.0871,0.005482,4.386
388066,520,372,892,230,45,233,327.45,0.9638,0.6099,0.245853,14,45,36,171.32,0.6605,0.1676,0.020974,4.168
388075,520,472,992,230,3,21,27.66,0.9983,0.5153,0.169453,3,2,18,281.41,0.7739,0.0326,0.001064,4.298
388080,520,354,874,238,102,38,42.31,0.9302,0.6183,0.278227,42,42,45,286.05,0.0475,0.1838,0.023376,4.473
388081,520,347,867,228,76,222,329.52,0.9016,0.6256,0.269390,82,15,30,13.01,0.7925,0.1919,0.022295,4.418
388088,520,409,929,153,101,240,297.56,0.8400,0.5683,0.223711,41,16,56,310.59,0.6675,0.1303,0.011276,4.467
388125,520,344,864,250,54,207,338.99,0.9703,0.6348,0.274705,5,53,28,154.94,0.9603,0.1887,0.026622,4.238
388135,520,439,959,190,77,191,327.32,0.7534,0.5478,0.200179,18,22,6,120.57,0.5623,0.0910,0.007156,4.377
388150,520,413,933,253,19,10,29.34,0.9940,0.5684,0.213741,46,9,44,330.09,0.7180,0.1199,0.009581,4.427
388168,520,460,980,224,41,93,11.46,0.9098,0.5296,0.182262,32,1,3,21.20,0.9356,0.0640,0.003354,4.353
388180,520,473,993,210,60,98,10.25,0.8033,0.5204,0.178175,5,4,4,17.62,0.0691,0.0340,0.001279,4.450
388183,520,406,926,207,56,228,322.44,0.9194,0.5765,0.216969,22,33,10,130.33,0.6509,0.1274,0.012802,4.251
388187,520,454,974,120,90,255,285.16,1.0000,0.5276,0.185250,23,6,21,331.77,0.5608,0.0658,0.003666,4.384
388218,520,402,922,227,55,172,344.21,0.8759,0.5763,0.220444,33,20,57,296.84,0.6091,0.1276,0.011191,4.420
388223,520,460,980,192,77,153,343.04,0.6863,0.5305,0.188157,7,14,16,216.57,0.2536,0.0641,0.003966,4.413
388232,520,398,918,230,82,48,34.28,0.9012,0.5757,0.230738,50,20,28,4.65,0.4935,0.1359,0.012624,4.483
388237,520,452,972,193,80,133,353.62,0.6543,0.5276,0.187699,22,11,8,36.58,0.3337,0.0695,0.004275,4.380
388273,520,466,986,234,10,5,29.27,0.9957,0.5250,0.177237,10,7,0,96.55,1.0000,0.0454,0.002165,4.356
388295,520,353,873,253,85,2,38.87,0.9984,0.6198,0.273876,19,38,87,265.07,0.7528,0.1825,0.022127,4.490
388326,520,289,809,244,127,109,30.13,0.8530,0.6798,0.355187,10,64,57,182.08,0.8682,0.2370,0.040265,4.489
388340,520,421,941,231,68,29,34.10,0.9553,0.5586,0.212148,39,20,14,38.29,0.4272,0.1138,0.009634,4.396
388346,520,439,959,230,61,16,34.18,0.9795,0.5483,0.202008,7,17,48,266.46,0.7562,0.0910,0.006594,4.453
388351,520,388,908,228,6,234,326.94,0.9969,0.5928,0.225671,5,35,63,250.37,0.8017,0.1482,0.015931,4.181
388376,520,436,956,192,4,254,313.38,0.9978,0.5481,0.184503,41,2,15,4.38,0.8441,0.0864,0.005494,4.226
388397,520,339,859,246,24,253,326.76,0.9941,0.6412,0.273408,54,43,34,61.07,0.2197,0.1969,0.026276,4.240
388405,520,472,992,202,62,128,355.54,0.7613,0.5179,0.175623,4,3,7,297.61,0.3190,0.0312,0.001063,4.419
388433,520,436,956,236,49,48,27.00,0.9486,0.5518,0.202460,19,14,46,286.21,0.6417,0.0921,0.006498,4.469
388439,520,437,957,235,46,42,27.80,0.9550,0.5468,0.197865,33,6,43,315.48,0.7584,0.0939,0.006280,4.404
388440,520,447,967,209,17,196,331.80,0.9714,0.5355,0.179438,11,18,14,159.53,0.2396,0.0765,0.005355,4.145
388452,520,352,872,237,0,252,325.04,1.0000,0.6201,0.250354,1,51,47,186.40,0.9788,0.1871,0.025792,3.963
388458,520,364,884,223,70,212,331.00,0.8861,0.6052,0.248239,59,26,40,354.65,0.4781,0.1673,0.018219,4.372
388475,520,38,558,251,249,33,109.08,0.9973,0.9450,0.883712,60,124,66,145.71,0.7890,0.4540,0.157688,4.496
388492,520,405,925,232,2,198,336.89,0.9981,0.5758,0.212792,29,26,47,289.45,0.3815,0.1291,0.012052,4.235
388508,520,399,919,211,30,248,319.38,0.9802,0.5813,0.215565,52,21,21,21.46,0.5205,0.1390,0.013206,4.202
388509,520,449,969,204,35,208,327.13,0.9360,0.5425,0.185953,10,17,0,125.20,1.0000,0.0694,0.004654,4.317
388533,520,387,907,223,9,246,323.01,0.9961,0.5934,0.225393,22,30,69,271.46,0.6345,0.1489,0.015287,4.218
388535,520,328,848,253,76,192,344.83,0.9814,0.6514,0.298605,27,56,22,140.80,0.8067,0.2072,0.031192,4.294
388540,520,351,871,244,5,247,327.69,0.9986,0.6295,0.260598,18,49,59,222.00,0.5753,0.1927,0.026409,4.065
388543,520,418,938,233,59,55,26.96,0.9233,0.5555,0.207304,1,27,63,256.53,0.9545,0.1247,0.011491,4.184
388547,520,382,902,200,77,242,316.16,0.9216,0.5968,0.239993,46,25,60,310.18,0.5502,0.1564,0.016024,4.392
388549,520,438,958,216,32,181,338.02,0.9296,0.5453,0.189704,16,0,65,280.93,1.0000,0.0857,0.004918,4.365
388567,520,465,985,204,66,116,2.14,0.7510,0.5218,0.179968,4,6,29,272.46,0.7550,0.0510,0.002448,4.385
388618,520,359,879,255,34,188,345.02,1.0000,0.6225,0.260384,72,15,55,342.26,0.7325,0.1818,0.019954,4.437
388622,520,433,953,177,90,191,321.92,0.6767,0.5474,0.204220,29,16,41,306.45,0.5232,0.1033,0.007919,4.389
388636,520,429,949,222,4,188,337.28,0.9943,0.5515,0.192497,29,12,49,301.52,0.6878,0.1021,0.007459,4.220
388643,520,440,960,230,63,26,33.47,0.9622,0.5509,0.204555,2,17,52,261.53,0.9173,0.0913,0.006617,4.496
388650,520,379,899,248,76,31,34.74,0.9666,0.6006,0.252277,1,34,86,259.18,0.9797,0.1641,0.018223,4.431
388654,520,442,962,185,7,251,312.05,0.9956,0.5350,0.174324,6,14,41,267.05,0.7278,0.0781,0.005129,4.069
388660,520,425,945,225,28,172,342.95,0.9469,0.5552,0.198192,43,12,24,358.56,0.5889,0.1086,0.008426,4.248
388684,520,274,794,231,125,233,326.56,0.8705,0.7028,0.375412,4,70,39,155.94,0.9814,0.2499,0.045524,4.453
388692,520,386,906,215,60,227,324.84,0.9191,0.5922,0.232268,4,0,116,265.54,1.0000,0.1511,0.012866,4.490
388697,520,414,934,213,83,131,0.29,0.7106,0.5652,0.219735,7,33,1,138.94,0.9893,0.1163,0.011350,4.397
388703,520,1,521,255,255,255,0.00,0.0000,1.0000,1.000000,0,139,16,143.23,1.0000,0.4809,0.185018,4.468
388706,520,429,949,191,76,190,328.02,0.7566,0.5475,0.199644,24,22,16,91.79,0.1743,0.0994,0.008054,4.300
388708,520,423,943,238,50,90,15.30,0.9202,0.5637,0.211997,15,25,35,249.09,0.3357,0.1071,0.009181,4.427
388714,520,399,919,227,83,96,18.53,0.7966,0.5796,0.233646,25,30,59,274.26,0.4955,0.1434,0.014510,4.397
388715,520,417,937,236,42,146,354.45,0.9194,0.5718,0.215671,49,18,6,41.52,0.7246,0.1249,0.010988,4.356
388740,520,346,866,252,14,218,336.23,0.9946,0.6268,0.260747,64,34,43,1.12,0.3892,0.1930,0.024086,4.194
388752,520,369,889,237,3,242,327.22,0.9989,0.6135,0.244831,45,25,82,295.27,0.7030,0.1728,0.018624,4.296
388770,520,473,993,182,7,244,312.69,0.9946,0.5241,0.166298,5,4,5,325.89,0.1034,0.0344,0.001301,4.216
388776,520,418,938,250,2,77,17.23,0.9987,0.5649,0.209069,24,30,0,119.71,1.0000,0.1184,0.011227,4.231
388804,520,428,948,244,20,92,12.81,0.9810,0.5598,0.205095,38,14,9,33.12,0.5686,0.0990,0.007459,4.440
388809,520,476,996,199,47,159,341.03,0.8255,0.5119,0.166802,1,1,4,280.91,0.5250,0.0184,0.000369,4.304
388818,520,441,961,156,90,216,305.59,0.7497,0.5356,0.193386,13,17,45,273.82,0.6197,0.0925,0.006759,4.288
388826,520,427,947,189,73,218,318.95,0.8355,0.5588,0.206471,11,26,10,142.70,0.6563,0.0981,0.008318,4.398
388829,520,455,975,172,51,240,309.33,0.9274,0.5276,0.174304,2,16,4,148.06,0.9180,0.0617,0.003922,4.160
388837,520,441,961,214,68,93,14.65,0.7941,0.5358,0.192231,31,11,19,355.97,0.4649,0.0854,0.005777,4.343
388847,520,450,970,238,18,73,17.79,0.9838,0.5425,0.190941,25,0,43,307.05,1.0000,0.0724,0.003811,4.478
388851,520,48,568,239,236,237,354.69,0.0831,0.9367,0.844561,22,127,18,142.40,0.9884,0.4441,0.153924,4.387
388852,520,336,856,248,4,247,328.58,0.9990,0.6363,0.267616,81,13,54,348.83,0.7742,0.1971,0.023038,4.349
388854,520,354,874,226,55,242,324.17,0.9559,0.6162,0.253141,64,32,29,26.29,0.4518,0.1840,0.022119,4.203
388870,520,419,939,248,24,47,25.04,0.9864,0.5619,0.208186,3,17,67,264.66,0.9317,0.1069,0.008254,4.432
388873,520,370,890,198,87,251,312.84,0.9660,0.6127,0.257884,33,39,52,265.40,0.2333,0.1698,0.020223,4.384
388890,520,391,911,203,54,251,315.99,0.9788,0.5856,0.223014,0,3,116,264.13,0.9976,0.1524,0.013259,4.316
388919,520,434,954,173,92,193,319.39,0.6678,0.5462,0.203897,7,24,37,243.48,0.5756,0.1006,0.008320,4.354
388924,520,439,959,221,30,175,341.08,0.9378,0.5502,0.193983,14,21,24,225.96,0.1956,0.0903,0.006956,4.284
388932,520,479,999,189,71,140,347.51,0.6928,0.5111,0.172203,2,0,1,344.76,1.0000,0.0130,0.000151,4.431
388934,520,462,982,228,42,5,31.92,0.9943,0.5271,0.181638,10,6,19,297.98,0.4651,0.0502,0.002418,4.419
388955,520,376,896,237,89,42,37.20,0.9252,0.5976,0.253194,32,40,13,123.31,0.6275,0.1583,0.018537,4.424
388960,520,441,961,191,95,120,5.04,0.5611,0.5437,0.206184,13,20,38,266.80,0.4604,0.0945,0.007258,4.474
388965,520,445,965,236,24,63,20.75,0.9779,0.5387,0.188482,15,13,31,286.98,0.4569,0.0758,0.004883,4.345
388981,520,474,994,165,51,241,306.88,0.9309,0.5184,0.167185,11,0,15,319.89,1.0000,0.0340,0.001056,4.254
389004,520,444,964,187,62,215,319.61,0.8570,0.5412,0.189176,1,13,48,262.06,0.9521,0.0785,0.005077,4.343
389005,520,453,973,217,15,156,345.92,0.9654,0.5268,0.174961,20,0,52,292.83,1.0000,0.0748,0.003967,4.169
389014,520,415,935,232,33,180,342.25,0.9489,0.5749,0.215416,16,9,86,273.52,0.9618,0.1246,0.009774,4.440
389020,520,337,857,247,29,246,328.51,0.9901,0.6399,0.273096,80,17,62,341.69,0.7403,0.2035,0.024544,4.334
389022,520,425,945,203,18,245,318.11,0.9883,0.5614,0.197233,6,16,68,267.32,0.9223,0.1077,0.008266,4.243
389034,520,358,878,227,44,254,321.88,0.9959,0.6190,0.252902,10,49,22,149.93,0.9232,0.1753,0.023190,4.139
389041,520,456,976,173,37,254,307.33,0.9947,0.5311,0.173639,27,3,8,7.99,0.7189,0.0609,0.003157,4.207
389056,520,397,917,174,92,236,307.65,0.8453,0.5764,0.227098,20,31,54,263.85,0.4729,0.1385,0.013950,4.333
389074,520,379,899,243,16,202,338.37,0.9894,0.6014,0.236926,15,43,26,154.70,0.7022,0.1583,0.019038,4.156
389100,520,347,867,243,14,247,327.44,0.9960,0.6294,0.260869,40,46,29,124.08,0.3231,0.1877,0.024938,4.148
389109,520,233,753,245,157,130,37.81,0.7898,0.7422,0.451405,6,81,54,161.91,0.9717,0.2920,0.061896,4.481
389110,520,476,996,165,64,216,311.78,0.8376,0.5110,0.166248,4,0,11,304.75,1.0000,0.0232,0.000500,4.282
389120,520,423,943,218,31,200,333.02,0.9509,0.5599,0.200578,32,18,31,329.17,0.3616,0.1055,0.008386,4.292
389124,520,330,850,251,32,238,331.23,0.9878,0.6427,0.277184,74,12,92,316.92,0.8392,0.2091,0.024917,4.367
389128,520,464,984,187,85,104,10.53,0.6025,0.5151,0.180628,4,7,18,267.01,0.4707,0.0466,0.002214,4.417
389130,520,438,958,228,56,70,21.95,0.9036,0.5450,0.197674,9,23,20,178.70,0.4126,0.0909,0.007214,4.329
389134,520,385,905,252,20,149,355.76,0.9828,0.5941,0.233692,21,15,94,274.58,0.9375,0.1458,0.013092,4.497
389135,520,398,918,249,22,112,7.20,0.9791,0.5760,0.218870,1,38,32,179.41,0.9686,0.1377,0.014969,4.138
389136,520,440,960,237,44,18,30.99,0.9825,0.5477,0.198528,44,2,11,12.55,0.8855,0.0912,0.006031,4.436
389143,520,447,967,241,3,45,24.24,0.9983,0.5411,0.189588,1,22,10,157.72,0.9598,0.0797,0.006022,4.277
389156,520,346,866,254,73,154,357.70,0.9866,0.6342,0.281724,19,53,14,141.19,0.9266,0.1914,0.027163,4.299
389176,520,375,895,229,5,240,325.81,0.9978,0.5986,0.230602,3,20,104,264.96,0.9703,0.1568,0.015190,4.304
389177,520,473,993,211,52,115,1.89,0.8232,0.5196,0.175450,3,1,25,278.79,0.9384,0.0347,0.001112,4.411
389183,520,311,831,241,102,175,350.31,0.8365,0.6554,0.313013,10,60,51,177.72,0.8600,0.2214,0.035351,4.253
389185,520,386,906,212,106,93,28.57,0.6636,0.5892,0.250975,5,44,7,143.80,0.9777,0.1536,0.018489,4.394
389186,520,288,808,241,105,213,336.22,0.9005,0.6769,0.336105,54,56,46,116.52,0.1457,0.2365,0.038099,4.383
389199,520,442,962,199,14,227,321.20,0.9861,0.5393,0.180039,26,11,17,354.89,0.3795,0.0775,0.004995,4.183
389213,520,352,872,242,83,141,1.69,0.8588,0.6192,0.269898,6,42,93,258.38,0.9012,0.1930,0.024848,4.274
389214,520,446,966,182,65,224,315.51,0.8660,0.5434,0.191086,11,17,25,255.78,0.2864,0.0783,0.005422,4.350
389219,520,427,947,242,27,103,9.38,0.9669,0.5611,0.206437,18,4,74,278.75,0.9653,0.1045,0.007098,4.491
389220,520,367,887,224,54,236,325.10,0.9498,0.6081,0.245439,33,33,79,279.56,0.6155,0.1735,0.019755,4.235
389239,520,455,975,211,49,147,348.79,0.8356,0.5298,0.181543,8,14,12,172.87,0.2119,0.0635,0.003922,4.294
389240,520,368,888,214,71,245,319.83,0.9492,0.6134,0.253969,32,32,81,278.98,0.6497,0.1721,0.019341,4.384
389258,520,323,843,221,117,180,344.41,0.6724,0.6501,0.313919,16,58,13,142.18,0.9552,0.2070,0.031652,4.457
389265,520,459,979,175,26,253,308.46,0.9905,0.5274,0.169455,19,0,36,305.13,1.0000,0.0584,0.002658,4.168
389280,520,388,908,251,48,92,15.75,0.9717,0.5886,0.233994,1,21,98,263.99,0.9885,0.1499,0.014245,4.420
389281,520,385,905,255,40,87,16.84,1.0000,0.5904,0.234695,7,28,84,264.18,0.9021,0.1503,0.015157,4.369
389283,520,175,695,221,184,225,323.03,0.5275,0.7994,0.550901,44,93,4,135.78,0.9912,0.3383,0.083727,4.493
389284,520,311,831,241,114,136,11.17,0.7946,0.6599,0.325157,48,55,10,117.95,0.8146,0.2197,0.033827,4.475
389288,520,457,977,232,31,53,23.60,0.9692,0.5322,0.183959,11,13,14,229.10,0.0670,0.0642,0.003907,4.340
389298,520,467,987,181,22,238,313.50,0.9777,0.5215,0.165717,4,6,8,243.12,0.1777,0.0399,0.001736,4.170
389306,520,364,884,242,48,189,342.20,0.9392,0.6068,0.246683,74,13,27,12.50,0.7854,0.1718,0.018231,4.348
389322,520,471,991,194,60,161,339.29,0.7731,0.5167,0.172759,11,3,14,318.33,0.5671,0.0416,0.001680,4.310
389334,520,447,967,173,60,238,309.57,0.9106,0.5359,0.182898,9,19,29,249.31,0.4024,0.0840,0.006125,4.150
389347,520,386,906,242,18,175,345.74,0.9823,0.5856,0.224081,50,25,36,352.78,0.4032,0.1489,0.015008,4.216
389357,520,477,997,182,44,200,322.73,0.8765,0.5056,0.159179,1,0,10,281.20,1.0000,0.0178,0.000284,4.160
389360,520,332,852,234,67,240,326.51,0.9472,0.6377,0.278004,23,55,21,142.54,0.8575,0.2014,0.029686,4.116
389362,520,172,692,217,182,241,311.27,0.7159,0.7977,0.545590,20,90,99,207.85,0.8121,0.3423,0.083615,4.458
389365,520,336,856,255,46,213,338.37,1.0000,0.6418,0.280214,41,46,51,248.21,0.1022,0.1966,0.026644,4.308
389371,520,326,846,200,119,230,316.29,0.7814,0.6499,0.311872,34,54,33,143.29,0.4733,0.2081,0.030882,4.474
389373,520,278,798,255,78,254,328.20,1.0000,0.6904,0.338674,79,38,89,319.46,0.5916,0.2494,0.037699,4.432
389436,520,429,949,225,1,173,342.35,0.9984,0.5481,0.190490,18,26,8,128.72,0.5827,0.1028,0.008849,4.087
389441,520,454,974,183,97,90,25.86,0.5449,0.5259,0.193562,12,15,26,272.02,0.3207,0.0748,0.004944,4.433
389443,520,455,975,218,23,159,345.32,0.9452,0.5330,0.180239,9,12,6,128.09,0.2891,0.0578,0.003342,4.316
389448,520,453,973,196,74,136,351.93,0.6952,0.5255,0.184126,12,15,18,248.31,0.1263,0.0711,0.004635,4.285
389454,520,370,890,245,32,192,341.69,0.9704,0.6050,0.242544,31,43,13,127.74,0.6889,0.1666,0.020481,4.151
389469,520,470,990,189,73,156,340.40,0.7017,0.5214,0.179857,11,2,24,301.83,0.7863,0.0447,0.001805,4.437
389472,520,341,861,240,82,189,343.03,0.8822,0.6342,0.282367,44,49,19,117.25,0.5807,0.1986,0.027791,4.273
389491,520,413,933,231,45,166,346.75,0.9086,0.5731,0.216216,14,29,36,229.39,0.3891,0.1181,0.010994,4.365
389508,520,326,846,221,114,195,337.19,0.7191,0.6519,0.313488,13,54,69,226.67,0.7304,0.2118,0.031534,4.458
389519,520,469,989,191,19,216,321.62,0.9717,0.5187,0.165015,11,5,6,5.85,0.2597,0.0435,0.001928,4.141
389520,520,478,998,144,72,237,298.76,0.8871,0.5104,0.166787,2,1,3,309.84,0.4147,0.0195,0.000412,4.300
389534,520,479,999,201,56,129,354.12,0.7821,0.5099,0.168328,1,0,0,29.23,1.0000,0.0090,0.000065,4.361
389539,520,467,987,216,42,122,359.06,0.8702,0.5235,0.176625,15,1,15,328.03,0.7787,0.0415,0.001578,4.394
389547,520,318,838,245,84,225,333.20,0.9488,0.6634,0.311921,32,58,28,141.12,0.6638,0.2183,0.034169,4.300
389553,520,470,990,225,14,88,11.36,0.9790,0.5172,0.170291,11,4,4,19.77,0.3422,0.0403,0.001668,4.264
389555,520,444,964,222,41,131,356.82,0.8876,0.5380,0.187568,17,17,5,108.67,0.4945,0.0767,0.005310,4.295
389560,520,434,954,161,83,236,303.90,0.8595,0.5463,0.198202,11,14,64,272.15,0.8854,0.1027,0.007553,4.313
389581,520,360,880,251,50,172,349.44,0.9665,0.6166,0.257723,29,30,97,275.48,0.8071,0.1808,0.020527,4.363
389616,520,378,898,246,80,31,35.81,0.9638,0.6016,0.254324,40,33,56,297.41,0.3607,0.1638,0.018244,4.459
389625,520,403,923,212,89,156,349.18,0.6978,0.5818,0.235441,6,35,39,207.90,0.7209,0.1335,0.013872,4.469
389636,520,289,809,249,115,144,8.65,0.8765,0.6766,0.344178,19,66,32,149.37,0.9034,0.2388,0.041390,4.313
389643,520,394,914,185,93,230,313.02,0.8236,0.5883,0.238571,42,30,11,77.19,0.5540,0.1413,0.014450,4.477
389645,520,431,951,230,14,145,352.49,0.9766,0.5470,0.191843,14,18,53,273.76,0.6978,0.1019,0.007830,4.182
389648,520,395,915,225,31,231,326.81,0.9762,0.5926,0.227593,1,30,74,258.28,0.9706,0.1424,0.014293,4.318
389649,520,451,971,221,60,83,17.68,0.8574,0.5378,0.192310,25,7,22,333.82,0.5455,0.0710,0.004166,4.473
389656,520,452,972,228,19,88,12.00,0.9723,0.5251,0.176672,16,1,53,286.37,0.9735,0.0735,0.003889,4.206
389663,520,414,934,247,45,49,26.48,0.9667,0.5714,0.218762,59,2,14,15.52,0.9378,0.1239,0.010051,4.476
389666,520,438,958,167,86,220,309.52,0.7840,0.5465,0.200390,6,25,11,150.67,0.7725,0.0923,0.007581,4.348
389668,520,402,922,234,32,191,339.47,0.9594,0.5841,0.222898,2,22,78,263.23,0.9644,0.1285,0.011367,4.447
389670,520,429,949,173,72,242,307.85,0.9131,0.5525,0.199305,23,1,74,284.20,0.9876,0.1050,0.006983,4.375
389683,520,443,963,195,18,239,317.29,0.9852,0.5434,0.182682,11,10,49,276.82,0.8136,0.0808,0.005100,4.223
389694,520,436,956,197,27,239,317.70,0.9749,0.5500,0.188877,20,21,1,111.95,0.8964,0.0891,0.006872,4.200
389696,520,408,928,199,106,92,29.81,0.5880,0.5683,0.232246,6,33,48,236.84,0.7201,0.1325,0.013398,4.452
389702,520,338,858,230,69,253,322.35,0.9909,0.6418,0.281732,2,52,71,230.14,0.9407,0.2034,0.029237,4.187
389703,520,270,790,240,109,249,325.03,0.9705,0.7004,0.363043,29,65,78,224.19,0.5305,0.2576,0.045917,4.306
389713,520,375,895,229,18,237,326.44,0.9909,0.5991,0.232074,36,22,83,287.33,0.7630,0.1581,0.015734,4.291
389714,520,320,840,244,58,242,328.59,0.9665,0.6481,0.286727,8,35,124,264.75,0.9460,0.2107,0.027087,4.368
389721,520,384,904,244,50,127,3.20,0.9179,0.5858,0.230499,58,13,52,333.64,0.7147,0.1512,0.014354,4.359
389722,520,409,929,239,17,146,354.10,0.9781,0.5662,0.208301,53,17,25,8.87,0.5859,0.1349,0.012281,4.147
389723,520,458,978,200,36,203,327.37,0.9232,0.5327,0.178546,18,7,16,333.49,0.4044,0.0593,0.003180,4.298
389739,520,418,938,192,103,117,10.96,0.5237,0.5586,0.221928,28,21,55,289.78,0.5795,0.1224,0.010590,4.488
389771,520,425,945,220,60,150,350.66,0.8239,0.5579,0.206518,47,6,39,336.94,0.7564,0.1147,0.008812,4.362
389776,520,434,954,193,100,90,27.51,0.5836,0.5473,0.211916,6,21,53,262.54,0.7879,0.1038,0.008320,4.491
389804,520,471,991,226,27,53,22.93,0.9709,0.5175,0.172126,0,8,14,228.79,1.0000,0.0432,0.002054,4.267
389813,520,394,914,222,3,251,321.71,0.9988,0.5945,0.225619,44,22,43,328.62,0.4595,0.1370,0.012838,4.386
389821,520,391,911,233,88,64,31.76,0.8722,0.5914,0.246761,20,38,48,234.01,0.3986,0.1546,0.017483,4.398
389843,520,356,876,229,36,251,323.15,0.9854,0.6159,0.248871,72,8,60,337.30,0.8028,0.1779,0.018778,4.345
389850,520,423,943,214,67,167,343.18,0.7992,0.5623,0.211026,26,20,42,295.00,0.4416,0.1088,0.008871,4.434
389855,520,452,972,220,55,83,16.65,0.8692,0.5309,0.185752,32,6,5,26.27,0.7093,0.0742,0.004483,4.327
389867,520,432,952,218,39,179,339.25,0.9103,0.5518,0.196135,6,22,46,257.90,0.7002,0.1007,0.008098,4.237
389871,520,377,897,228,59,202,335.17,0.9044,0.5975,0.238886,1,46,20,152.64,0.9919,0.1612,0.020109,4.121
389877,520,471,991,224,44,44,26.93,0.9462,0.5229,0.178333,7,2,24,291.57,0.8044,0.0409,0.001545,4.430
389893,520,452,972,194,28,218,321.85,0.9563,0.5291,0.173633,3,18,2,141.44,0.9479,0.0675,0.004563,4.099
389895,520,439,959,232,55,50,27.44,0.9328,0.5491,0.201215,44,3,14,9.04,0.8307,0.0936,0.006324,4.460
389899,520,479,999,120,96,217,288.65,0.7426,0.5060,0.173684,2,0,2,328.36,1.0000,0.0139,0.000173,4.458
389926,520,453,973,147,95,218,300.49,0.7403,0.5345,0.194497,13,17,5,123.14,0.5091,0.0731,0.004974,4.447
389928,520,425,945,221,38,188,337.26,0.9269,0.5618,0.203916,20,29,7,127.81,0.6774,0.1131,0.010428,4.202
389943,520,478,998,221,33,33,27.70,0.9671,0.5079,0.165724,5,1,4,334.75,0.5642,0.0245,0.000627,4.261
389948,520,395,915,214,37,254,318.73,0.9955,0.5942,0.227768,27,34,29,154.19,0.1621,0.1397,0.014658,4.296
389975,520,466,986,111,94,251,281.92,0.9631,0.5227,0.183495,3,6,28,269.47,0.7781,0.0494,0.002334,4.462
389990,520,477,997,219,8,123,357.63,0.9812,0.5144,0.166664,2,1,0,82.32,1.0000,0.0176,0.000346,4.303
389996,520,468,988,159,57,244,303.91,0.9382,0.5184,0.168294,10,2,14,316.63,0.6580,0.0380,0.001397,4.247
390002,520,462,982,233,3,95,9.78,0.9961,0.5333,0.182181,18,5,12,346.11,0.4714,0.0535,0.002637,4.411
390009,520,429,949,217,76,79,22.82,0.8029,0.5484,0.204875,33,17,12,38.11,0.3958,0.0979,0.007508,4.432
390052,520,480,1000,165,76,190,318.27,0.7216,0.5079,0.168868,0,0,0,0.00,0.0000,0.0000,0.000000,4.377
390055,520,404,924,179,76,255,306.76,1.0000,0.5760,0.219734,8,32,47,239.42,0.6499,0.1299,0.012898,4.288
390057,520,435,955,213,17,200,331.74,0.9754,0.5454,0.187193,39,3,18,358.57,0.7867,0.0852,0.005402,4.281
390060,520,386,906,213,62,233,322.73,0.9225,0.5949,0.234764,10,30,80,264.17,0.8580,0.1521,0.015722,4.333
390061,520,398,918,253,19,98,12.02,0.9868,0.5796,0.222340,50,17,41,339.19,0.5833,0.1364,0.012392,4.365
390073,520,452,972,203,66,146,348.40,0.7558,0.5319,0.186702,7,8,40,274.80,0.8004,0.0663,0.003720,4.406
390107,520,247,767,254,129,172,359.76,0.9674,0.7159,0.397528,11,73,91,223.02,0.8542,0.2830,0.055913,4.225
390109,520,386,906,245,8,178,345.41,0.9935,0.5906,0.228037,34,32,39,298.48,0.1307,0.1453,0.015196,4.265
390113,520,354,874,246,1,225,333.20,0.9996,0.6179,0.250538,29,36,79,273.30,0.6067,0.1772,0.020874,4.240
390119,520,456,976,224,42,106,6.73,0.8975,0.5340,0.185466,8,3,45,278.46,0.9328,0.0620,0.003062,4.438
390155,520,411,931,252,22,33,27.31,0.9902,0.5684,0.213828,8,30,42,235.39,0.6128,0.1210,0.011473,4.292
390179,520,392,912,253,7,153,354.47,0.9948,0.5947,0.233381,31,36,42,253.06,0.1365,0.1546,0.017202,4.217
390183,520,478,998,179,31,224,315.93,0.9499,0.5106,0.159466,5,0,5,328.36,1.0000,0.0213,0.000432,4.153
390189,520,336,856,231,69,247,324.01,0.9672,0.6394,0.279628,31,39,99,272.74,0.7253,0.2036,0.026431,4.313
390191,520,379,899,232,94,50,37.63,0.8893,0.5966,0.253943,39,32,59,294.68,0.4134,0.1622,0.017801,4.483
390207,520,422,942,181,89,203,319.55,0.7254,0.5589,0.212813,42,14,18,13.13,0.5416,0.1080,0.008501,4.492
390223,520,330,850,250,46,217,336.21,0.9749,0.6352,0.272908,56,1,125,291.71,0.9942,0.2083,0.023431,4.397
390240,520,442,962,188,26,246,313.67,0.9780,0.5411,0.180852,25,10,28,320.76,0.5092,0.0794,0.005076,4.192
390243,520,418,938,194,80,198,326.31,0.7666,0.5622,0.212853,15,33,5,135.71,0.9000,0.1214,0.012002,4.239
390251,520,465,985,146,67,251,297.41,0.9703,0.5190,0.170905,21,1,3,15.37,0.8454,0.0453,0.001877,4.258
390255,520,478,998,203,20,169,338.24,0.9417,0.5086,0.160634,4,1,7,310.77,0.6480,0.0247,0.000629,4.160
390266,520,397,917,224,50,190,337.59,0.9028,0.5764,0.218486,26,35,22,136.25,0.3364,0.1396,0.014796,4.144
390272,520,464,984,201,42,174,336.33,0.8641,0.5200,0.171313,7,3,27,286.95,0.7832,0.0454,0.001894,4.265
390276,520,377,897,249,17,169,348.99,0.9861,0.5959,0.234086,30,11,101,279.87,0.9455,0.1573,0.014549,4.401
390288,520,471,991,192,66,159,339.72,0.7431,0.5191,0.176077,11,4,8,341.71,0.3668,0.0418,0.001755,4.368
390291,520,441,961,207,82,103,12.96,0.7016,0.5445,0.202813,36,8,26,343.96,0.6253,0.0914,0.006234,4.496
390316,520,392,912,251,29,135,0.35,0.9696,0.5901,0.231408,30,15,94,280.98,0.9037,0.1534,0.014258,4.379
390329,520,389,909,253,2,154,354.10,0.9985,0.5942,0.232627,11,43,10,142.81,0.9400,0.1531,0.018208,4.144
390342,520,391,911,231,48,188,339.90,0.9190,0.5864,0.227363,53,5,72,313.46,0.8785,0.1492,0.013334,4.379
390356,520,444,964,185,44,235,314.75,0.9380,0.5375,0.181150,18,17,24,291.46,0.1853,0.0838,0.005954,4.131
390375,520,368,888,251,19,183,345.35,0.9869,0.6070,0.243973,75,9,4,30.19,0.9455,0.1655,0.017003,4.387
390382,520,448,968,242,11,11,28.93,0.9954,0.5427,0.191442,1,17,37,251.74,0.8709,0.0785,0.005409,4.357
390393,520,480,1000,222,18,80,13.86,0.9722,0.5102,0.165442,0,0,0,0.00,0.0000,0.0000,0.000000,4.309
390412,520,420,940,241,46,62,23.42,0.9511,0.5615,0.210059,46,10,12,20.64,0.7051,0.1074,0.008246,4.465
390419,520,386,906,198,90,208,324.19,0.7672,0.5882,0.238736,53,9,72,312.88,0.8245,0.1533,0.014202,4.497
390439,520,425,945,217,33,196,333.89,0.9418,0.5566,0.198272,13,30,20,156.86,0.5027,0.1140,0.010646,4.094
390443,520,414,934,228,7,206,333.84,0.9938,0.5742,0.211047,8,4,91,268.67,0.9911,0.1205,0.008937,4.429
390459,520,438,958,182,81,203,320.41,0.7577,0.5486,0.201428,1,12,60,264.01,0.9696,0.0887,0.005956,4.493
390466,520,413,933,227,50,171,344.34,0.8893,0.5718,0.215550,29,27,32,303.71,0.1077,0.1236,0.011494,4.318
390502,520,461,981,198,60,170,337.17,0.7915,0.5285,0.181415,3,5,26,271.29,0.7730,0.0457,0.002025,4.448
390503,520,430,950,194,18,253,313.98,0.9911,0.5536,0.189951,28,16,30,321.65,0.3759,0.0957,0.007112,4.201
390505,520,444,964,174,75,213,314.99,0.7996,0.5356,0.188358,13,15,29,276.72,0.3773,0.0772,0.005159,4.321
390531,520,467,987,197,44,190,330.18,0.8747,0.5243,0.173911,13,4,8,348.49,0.4111,0.0439,0.001899,4.314
390532,520,452,972,221,9,153,347.77,0.9811,0.5317,0.178700,6,5,49,273.17,0.9348,0.0683,0.003690,4.260
390545,520,295,815,248,86,238,330.43,0.9704,0.6778,0.327878,72,46,52,4.29,0.2901,0.2356,0.035798,4.404
390553,520,450,970,220,14,166,343.42,0.9727,0.5375,0.182854,18,10,16,335.70,0.2697,0.0653,0.003831,4.326
390569,520,379,899,254,47,121,6.59,0.9906,0.6013,0.244880,35,38,37,174.06,0.0478,0.1620,0.018771,4.288
390576,520,439,959,244,7,35,26.22,0.9967,0.5475,0.195099,3,24,28,211.24,0.7398,0.0934,0.007564,4.258
390578,520,460,980,193,0,232,318.51,1.0000,0.5302,0.171651,18,4,27,310.81,0.6990,0.0588,0.002946,4.186
390585,520,408,928,196,90,182,332.74,0.6908,0.5704,0.224270,11,33,47,239.23,0.5775,0.1342,0.013640,4.310
390590,520,376,896,212,70,237,321.23,0.9174,0.6038,0.244935,27,38,41,216.29,0.1979,0.1563,0.017793,4.351
390596,520,458,978,173,89,166,330.41,0.6014,0.5257,0.187832,28,1,14,352.11,0.8266,0.0604,0.003003,4.487
390598,520,470,990,205,56,143,349.30,0.7957,0.5233,0.177927,17,0,7,351.00,1.0000,0.0382,0.001345,4.439
390628,520,361,881,252,85,34,36.24,0.9820,0.6192,0.273114,60,35,24,44.36,0.4353,0.1829,0.022288,4.470
390639,520,382,902,205,77,235,319.40,0.8965,0.5993,0.242866,67,17,7,33.44,0.8509,0.1582,0.016097,4.431
390651,520,428,948,249,25,7,29.86,0.9953,0.5619,0.208540,6,28,20,166.89,0.6979,0.1039,0.009197,4.367
390657,520,0,520,255,255,255,0.00,0.0000,1.0000,1.000000,36,137,33,142.58,0.9734,0.4813,0.183755,4.492
390665,520,319,839,249,104,98,25.19,0.9322,0.6483,0.309254,22,59,31,149.29,0.8035,0.2163,0.033973,4.278
390668,520,469,989,228,5,95,9.10,0.9925,0.5232,0.174317,9,0,28,295.63,1.0000,0.0408,0.001419,4.363
390671,520,452,972,192,28,218,321.28,0.9554,0.5257,0.171004,10,9,42,278.15,0.7607,0.0721,0.004271,4.072
390673,520,430,950,213,51,170,341.15,0.8521,0.5466,0.194182,6,28,22,172.91,0.6743,0.1046,0.009271,4.120
390695,520,462,982,201,45,189,331.64,0.8755,0.5314,0.179702,24,1,14,346.57,0.8054,0.0538,0.002476,4.377
390702,520,386,906,245,8,185,343.41,0.9940,0.5942,0.230921,48,18,58,316.85,0.6529,0.1455,0.013665,4.412
390713,520,467,987,110,92,255,281.57,1.0000,0.5219,0.181888,16,1,14,332.36,0.7748,0.0424,0.001636,4.491
390714,520,363,883,245,75,106,14.40,0.9088,0.6050,0.254885,59,22,58,328.52,0.6128,0.1696,0.018092,4.478
390733,520,384,904,234,56,172,345.94,0.8911,0.5898,0.233021,42,27,59,304.10,0.5028,0.1545,0.015919,4.293
390758,520,209,729,189,176,241,293.35,0.6917,0.7569,0.482203,22,88,3,140.36,0.9957,0.3118,0.071563,4.378
390776,520,399,919,252,21,87,15.27,0.9850,0.5756,0.219236,43,9,77,300.53,0.8585,0.1428,0.012448,4.311
390777,520,445,965,214,71,73,23.58,0.8199,0.5351,0.192860,27,14,13,24.36,0.3148,0.0835,0.005762,4.355
390799,520,460,980,210,60,122,359.77,0.7904,0.5282,0.183407,6,14,8,152.81,0.3988,0.0608,0.003703,4.346
390834,520,423,943,230,71,0,37.57,1.0000,0.5590,0.213324,40,11,42,325.05,0.6604,0.1113,0.008577,4.495
390840,520,408,928,231,5,193,338.03,0.9948,0.5715,0.209504,36,25,36,326.39,0.2668,0.1288,0.011977,4.187
390845,520,313,833,232,102,211,334.18,0.8506,0.6579,0.313639,51,52,21,110.54,0.5681,0.2154,0.032139,4.427
390850,520,424,944,246,10,70,19.00,0.9936,0.5568,0.202556,32,9,59,299.55,0.7979,0.1103,0.008182,4.341
390858,520,415,935,242,34,135,358.96,0.9488,0.5746,0.217738,32,24,37,312.10,0.2809,0.1220,0.010939,4.394
390869,520,449,969,228,14,145,352.06,0.9752,0.5431,0.188552,21,5,35,305.75,0.7366,0.0699,0.003893,4.426
390889,520,469,989,208,52,129,355.40,0.8129,0.5191,0.174530,13,1,15,323.50,0.7770,0.0391,0.001418,4.367
390895,520,388,908,176,112,193,319.01,0.5743,0.5855,0.246695,10,41,24,156.11,0.8131,0.1489,0.017163,4.418
390900,520,434,954,222,30,164,344.81,0.9327,0.5463,0.191410,16,20,48,274.35,0.5791,0.1037,0.008238,4.145
390912,520,363,883,236,44,214,333.72,0.9565,0.6075,0.244919,4,42,63,238.52,0.8435,0.1682,0.020405,4.189
390920,520,463,983,203,1,209,326.79,0.9986,0.5299,0.173235,12,5,16,313.73,0.4618,0.0484,0.002241,4.273
390926,520,347,867,251,95,27,39.94,0.9746,0.6302,0.287762,43,45,34,115.99,0.1940,0.1893,0.025059,4.500
390938,520,462,982,221,49,85,15.04,0.8870,0.5279,0.182273,27,0,7,4.41,1.0000,0.0541,0.002484,4.426
390945,520,476,996,211,20,132,352.94,0.9392,0.5054,0.160175,2,1,12,284.08,0.7969,0.0246,0.000612,4.153
390964,520,419,939,232,57,97,13.14,0.8825,0.5596,0.209481,20,26,20,145.02,0.1996,0.1075,0.009380,4.370
390969,520,356,876,245,70,163,352.40,0.9062,0.6185,0.264402,39,44,12,117.27,0.6852,0.1773,0.022592,4.331
390971,520,452,972,199,34,209,325.49,0.9355,0.5340,0.178913,3,11,36,264.05,0.8044,0.0658,0.003861,4.250
390978,520,346,866,254,69,160,355.21,0.9877,0.6326,0.278685,59,39,18,65.81,0.5411,0.1898,0.024246,4.427
390991,520,415,935,202,46,236,319.36,0.9450,0.5665,0.205682,20,25,47,272.67,0.4465,0.1182,0.010492,4.227
390993,520,441,961,238,16,10,29.20,0.9924,0.5353,0.185730,16,8,60,280.19,0.8837,0.0925,0.006100,4.202
390998,520,391,911,241,9,194,340.04,0.9932,0.5916,0.227942,30,35,29,140.45,0.1468,0.1455,0.015668,4.233
391012,520,409,929,223,70,134,358.85,0.7954,0.5675,0.217920,13,31,44,241.78,0.4962,0.1277,0.012473,4.289
391014,520,446,966,206,83,74,27.02,0.7472,0.5374,0.198048,23,13,24,323.51,0.3447,0.0804,0.005360,4.481
391017,520,423,943,197,66,208,324.58,0.8412,0.5564,0.203223,1,32,21,165.86,0.9700,0.1142,0.010936,4.156
391026,520,343,863,251,20,230,333.11,0.9929,0.6337,0.267258,46,12,116,286.85,0.9361,0.1935,0.021047,4.465
391028,520,474,994,196,55,163,338.97,0.7967,0.5161,0.171142,5,2,17,292.39,0.7182,0.0343,0.001162,4.322
391032,520,345,865,215,80,247,319.30,0.9545,0.6260,0.269015,74,15,57,341.82,0.7400,0.1868,0.020931,4.498
391034,520,170,690,246,187,34,84.42,0.9585,0.7951,0.552510,17,95,62,159.60,0.9385,0.3433,0.086510,4.414
391036,520,456,976,229,18,108,5.19,0.9699,0.5324,0.181763,29,3,6,15.27,0.7602,0.0636,0.003395,4.341
391039,520,319,839,220,136,62,58.92,0.7774,0.6535,0.331737,24,61,5,137.57,0.9784,0.2202,0.035425,4.469
391046,520,409,929,241,10,155,351.51,0.9889,0.5723,0.212876,58,10,12,22.97,0.8114,0.1312,0.011433,4.279
391093,520,378,898,249,29,172,348.32,0.9721,0.6013,0.240004,40,25,75,293.19,0.6659,0.1606,0.016544,4.358
391094,520,446,966,183,90,161,337.06,0.6089,0.5398,0.199541,22,15,26,312.90,0.3056,0.0844,0.005868,4.467
391109,520,357,877,212,88,223,324.36,0.8483,0.6155,0.263059,72,25,28,18.99,0.6238,0.1848,0.021570,4.374
391110,520,353,873,254,51,158,354.58,0.9900,0.6169,0.259106,28,32,88,274.79,0.7317,0.1752,0.019844,4.426
391116,520,410,930,229,8,197,336.47,0.9919,0.5708,0.208655,37,24,33,338.24,0.2698,0.1264,0.011564,4.201
391132,520,301,821,210,129,216,324.51,0.6950,0.6728,0.343613,16,65,31,149.86,0.9239,0.2341,0.039895,4.379
391148,520,401,921,193,85,212,321.42,0.7872,0.5762,0.225892,41,17,63,304.79,0.6984,0.1375,0.012312,4.428
391154,520,442,962,225,34,134,355.93,0.9173,0.5407,0.188755,22,0,59,290.88,1.0000,0.0847,0.004863,4.352
391166,520,435,955,212,57,164,343.22,0.8236,0.5470,0.196058,22,16,27,309.04,0.2924,0.0870,0.006203,4.378
391172,520,330,850,227,90,219,330.05,0.8675,0.6386,0.287598,1,55,60,204.81,0.9764,0.2064,0.030649,4.186
391179,520,300,820,242,109,171,353.32,0.8243,0.6656,0.327575,24,52,102,260.97,0.7149,0.2342,0.036093,4.386
391184,520,375,895,216,56,238,322.47,0.9421,0.5980,0.236022,27,23,93,277.00,0.8557,0.1618,0.016360,4.310
391198,520,416,936,232,74,53,30.76,0.9030,0.5698,0.223133,21,29,26,170.25,0.1786,0.1189,0.011127,4.468
391200,520,406,926,217,5,249,320.91,0.9977,0.5849,0.217018,11,34,24,163.04,0.6203,0.1266,0.012811,4.251
391203,520,474,994,215,35,135,353.41,0.8922,0.5220,0.174008,0,3,17,259.28,1.0000,0.0313,0.001056,4.388
391211,520,413,933,235,63,73,22.68,0.9015,0.5662,0.217013,37,19,41,320.15,0.4741,0.1198,0.010192,4.436
391217,520,390,910,231,32,211,333.28,0.9679,0.5905,0.227277,52,12,70,312.85,0.7881,0.1531,0.014353,4.309
391229,520,384,904,239,82,53,32.65,0.9148,0.5929,0.246454,25,40,8,130.78,0.8190,0.1514,0.017418,4.397
391244,520,282,802,248,116,178,352.84,0.8807,0.6883,0.356644,21,63,87,237.49,0.6743,0.2531,0.044024,4.325
391279,520,333,853,222,117,161,354.84,0.6474,0.6440,0.308274,40,52,23,127.58,0.5580,0.2046,0.029689,4.496
391297,520,356,876,228,47,244,324.33,0.9678,0.6154,0.250609,51,41,14,89.02,0.6149,0.1831,0.023214,4.106
391310,520,395,915,248,38,145,356.96,0.9509,0.5922,0.233904,58,12,42,344.64,0.7064,0.1443,0.013298,4.485
391338,520,418,938,247,29,47,25.34,0.9817,0.5620,0.208617,45,11,37,338.01,0.6537,0.1166,0.009309,4.361
391347,520,349,869,250,19,221,335.07,0.9920,0.6261,0.260133,72,5,80,323.00,0.8814,0.1898,0.020656,4.389
391354,520,370,890,203,82,245,316.10,0.9343,0.6092,0.253250,2,35,86,259.08,0.9602,0.1670,0.018867,4.403
391356,520,413,933,247,46,18,31.06,0.9858,0.5698,0.217754,58,4,9,21.75,0.9159,0.1232,0.010063,4.458
391357,520,479,999,189,39,189,328.15,0.8807,0.5060,0.159455,0,0,7,264.05,1.0000,0.0135,0.000153,4.176
391363,520,346,866,255,66,145,0.34,1.0000,0.6261,0.272043,0,52,55,201.02,1.0000,0.1938,0.027317,4.165
391365,520,373,893,248,74,63,28.08,0.9602,0.6014,0.252163,40,36,17,97.76,0.4469,0.1560,0.017534,4.474
391380,520,376,896,231,56,195,337.96,0.9081,0.5963,0.237600,70,9,36,359.34,0.7885,0.1624,0.016251,4.341
391391,520,388,908,189,99,208,320.41,0.7164,0.5889,0.242977,65,14,27,9.45,0.7230,0.1543,0.015172,4.495
391399,520,324,844,254,86,151,0.41,0.9833,0.6473,0.299641,45,53,14,119.86,0.7318,0.2110,0.031358,4.298
391406,520,471,991,232,7,43,24.38,0.9953,0.5224,0.174853,18,1,1,26.08,0.8893,0.0400,0.001525,4.364
391416,520,330,850,243,87,181,346.92,0.8851,0.6415,0.292101,32,57,27,140.34,0.6616,0.2148,0.033124,4.116
391420,520,292,812,215,127,227,322.63,0.7812,0.6816,0.351733,34,58,80,247.40,0.4373,0.2409,0.039452,4.491
391430,520,395,915,247,26,158,352.13,0.9719,0.5900,0.229849,51,24,2,57.26,0.8585,0.1397,0.013616,4.399
391431,520,320,840,249,57,229,332.97,0.9737,0.6477,0.287261,60,40,55,335.87,0.2975,0.2056,0.027542,4.349
391478,520,411,931,250,36,11,30.47,0.9927,0.5694,0.216136,52,11,25,3.19,0.6843,0.1240,0.010397,4.406
391487,520,427,947,240,44,54,25.08,0.9570,0.5569,0.205963,5,25,39,241.49,0.6723,0.1034,0.008740,4.358
391496,520,421,941,230,4,172,343.83,0.9944,0.5578,0.198912,47,3,37,338.98,0.8119,0.1095,0.008031,4.289
391497,520,319,839,251,35,247,329.16,0.9881,0.6498,0.284297,25,33,130,270.05,0.9288,0.2212,0.029059,4.228
391510,520,421,941,194,87,180,332.75,0.6944,0.5618,0.215825,19,28,25,172.47,0.2078,0.1140,0.010391,4.402
391518,520,436,956,203,12,232,321.11,0.9901,0.5495,0.187873,2,9,66,265.73,0.9681,0.0913,0.006016,4.247
391519,520,453,973,225,26,122,359.83,0.9424,0.5321,0.181542,6,18,19,202.22,0.4138,0.0747,0.005183,4.196
391538,520,456,976,200,0,215,324.48,1.0000,0.5288,0.171874,2,2,51,267.68,0.9871,0.0615,0.002953,4.190
391541,520,372,892,229,60,212,332.58,0.9176,0.6059,0.246456,43,39,16,99.63,0.5215,0.1678,0.020021,4.234
391542,520,408,928,245,42,63,22.89,0.9608,0.5671,0.214307,38,25,24,23.82,0.2330,0.1266,0.011733,4.281
391544,520,310,830,231,112,176,348.65,0.7438,0.6551,0.317141,51,53,11,112.04,0.7782,0.2170,0.032742,4.437
391548,520,425,945,224,6,203,333.67,0.9938,0.5648,0.202918,6,32,10,146.69,0.9198,0.1141,0.010936,4.151
391556,520,409,929,243,34,117,5.26,0.9521,0.5705,0.214864,35,21,57,299.08,0.5900,0.1320,0.011891,4.280
391586,520,474,994,213,20,159,344.04,0.9479,0.5222,0.171520,8,2,4,354.20,0.4591,0.0315,0.001038,4.340
391594,520,430,950,229,59,55,26.89,0.9165,0.5476,0.200647,50,0,4,22.84,1.0000,0.0992,0.006870,4.407
391602,520,478,998,198,24,183,332.58,0.9348,0.5096,0.160797,6,0,3,344.76,1.0000,0.0216,0.000453,4.178
391607,520,402,922,194,88,208,322.85,0.7664,0.5794,0.230042,7,35,20,156.72,0.8292,0.1267,0.012977,4.447
391612,520,343,863,229,75,223,329.53,0.9068,0.6268,0.270201,39,35,92,281.71,0.6678,0.1950,0.024060,4.324
391640,520,287,807,248,97,245,328.52,0.9729,0.6945,0.351010,1,63,71,209.00,0.9811,0.2380,0.040162,4.448
391654,520,408,928,245,42,70,21.06,0.9578,0.5682,0.215140,39,5,74,299.20,0.9071,0.1296,0.010343,4.394
391667,520,320,840,225,85,247,321.97,0.9588,0.6466,0.292219,40,30,117,279.61,0.8478,0.2118,0.026639,4.465
391669,520,480,1000,203,56,132,353.34,0.7874,0.5149,0.171928,0,0,0,0.00,0.0000,0.0000,0.000000,4.439
391673,520,418,938,226,63,102,11.44,0.8419,0.5552,0.206858,51,10,22,6.60,0.6996,0.1198,0.009789,4.296
391682,520,472,992,227,4,76,15.19,0.9951,0.5162,0.169425,6,3,5,337.49,0.2655,0.0326,0.001148,4.290
391694,520,420,940,240,50,21,31.45,0.9794,0.5586,0.208639,19,24,43,271.66,0.4094,0.1123,0.009661,4.335
391695,520,472,992,189,69,168,335.29,0.7376,0.5226,0.179037,7,2,5,340.38,0.4466,0.0308,0.000995,4.491
391701,520,297,817,243,85,249,326.34,0.9768,0.6754,0.323937,10,53,111,257.83,0.8855,0.2395,0.037582,4.270
391706,520,470,990,206,33,167,339.85,0.8978,0.5193,0.170016,12,3,1,44.41,0.6505,0.0376,0.001455,4.276
391712,520,282,802,247,99,228,333.01,0.9566,0.6859,0.343019,58,60,15,111.78,0.7553,0.2459,0.041658,4.288
391717,520,372,892,245,40,197,340.41,0.9613,0.6117,0.249643,16,26,101,268.99,0.9218,0.1691,0.017884,4.414
391723,520,393,913,238,19,189,340.82,0.9818,0.5856,0.223199,46,7,74,305.50,0.8669,0.1420,0.012273,4.387
391725,520,353,873,231,61,225,329.59,0.9352,0.6181,0.257650,61,33,6,60.38,0.7780,0.1769,0.020931,4.337
391739,520,378,898,219,63,219,328.00,0.9059,0.5962,0.237316,46,34,33,23.91,0.1783,0.1627,0.018347,4.204
391740,520,303,823,239,89,246,325.97,0.9629,0.6719,0.321516,29,49,101,265.60,0.6780,0.2283,0.033973,4.424
391774,520,460,980,223,35,127,358.11,0.9102,0.5346,0.184250,4,12,29,260.91,0.6277,0.0638,0.003774,4.356
391779,520,456,976,226,46,71,19.90,0.9214,0.5325,0.185805,22,6,21,329.58,0.5531,0.0645,0.003550,4.403
391783,520,442,962,233,44,11,31.65,0.9890,0.5392,0.191523,30,5,31,326.28,0.7082,0.0796,0.004835,4.405
391786,520,382,902,187,108,206,319.62,0.6699,0.6000,0.257471,0,42,48,209.30,1.0000,0.1577,0.018692,4.476
391837,520,376,896,236,52,186,341.81,0.9178,0.5972,0.238368,70,14,10,28.47,0.8590,0.1609,0.016383,4.344
391852,520,386,906,244,32,156,352.34,0.9581,0.5859,0.226696,62,19,11,32.54,0.7495,0.1518,0.015142,4.248
391905,520,441,961,241,12,10,29.03,0.9949,0.5407,0.189890,37,10,0,47.04,1.0000,0.0884,0.006105,4.276
391935,520,434,954,200,83,138,353.57,0.6665,0.5458,0.203026,27,5,59,294.95,0.8754,0.0983,0.006573,4.473
391961,520,427,947,226,5,194,336.57,0.9942,0.5628,0.201749,51,0,0,29.23,1.0000,0.1005,0.007039,4.414
391980,520,404,924,205,77,205,327.76,0.8153,0.5798,0.226963,34,25,49,300.18,0.4270,0.1336,0.012571,4.426
391985,520,441,961,238,14,84,14.32,0.9864,0.5436,0.191346,40,8,0,41.42,1.0000,0.0906,0.006249,4.291
392007,520,351,871,251,25,221,335.30,0.9887,0.6297,0.264281,48,34,77,296.37,0.5484,0.1900,0.023083,4.300
392036,520,462,982,235,15,66,19.36,0.9871,0.5340,0.184003,2,10,24,254.59,0.6892,0.0547,0.002959,4.419
392048,520,290,810,240,87,255,324.06,1.0000,0.6768,0.325640,78,48,3,70.59,0.9207,0.2394,0.037404,4.298
392067,520,438,958,196,59,210,323.89,0.8646,0.5489,0.195184,42,8,0,40.35,1.0000,0.0943,0.006660,4.327
392089,520,393,913,226,73,164,347.88,0.8118,0.5885,0.236166,41,30,27,35.76,0.1925,0.1439,0.014791,4.417
392094,520,405,925,221,22,231,325.88,0.9843,0.5823,0.217177,57,5,34,351.77,0.7984,0.1302,0.010940,4.384
392106,520,281,801,231,146,60,62.22,0.8317,0.6894,0.378751,18,68,61,182.05,0.7604,0.2542,0.045996,4.466
392153,520,457,977,186,73,175,331.65,0.7277,0.5268,0.183007,0,0,55,264.05,1.0000,0.0606,0.002758,4.417
392162,520,469,989,166,79,204,314.15,0.7514,0.5233,0.180594,9,3,6,344.98,0.3865,0.0363,0.001364,4.489
392165,520,412,932,216,18,229,325.13,0.9862,0.5710,0.206907,25,18,66,283.65,0.7410,0.1230,0.010326,4.259
392184,520,311,831,251,95,174,352.18,0.9423,0.6619,0.317527,64,49,27,76.04,0.4447,0.2243,0.033658,4.393
392194,520,391,911,212,55,243,320.24,0.9480,0.5944,0.232022,59,14,45,342.33,0.6872,0.1503,0.014335,4.384
392227,520,413,933,252,20,32,27.34,0.9915,0.5677,0.213038,39,12,55,310.22,0.7243,0.1206,0.009702,4.406
392231,520,340,860,237,83,211,335.19,0.8961,0.6416,0.288967,48,47,16,107.28,0.6218,0.1966,0.026988,4.403
392247,520,447,967,225,67,5,36.66,0.9922,0.5447,0.200356,0,22,17,176.86,1.0000,0.0811,0.006143,4.459
392255,520,421,941,237,52,56,25.61,0.9402,0.5573,0.207492,10,19,57,268.81,0.7838,0.1050,0.008256,4.420
392263,520,478,998,107,97,231,281.66,0.8281,0.5072,0.174443,3,0,15,291.58,1.0000,0.0243,0.000538,4.441
392264,520,444,964,177,70,225,313.28,0.8514,0.5425,0.191646,5,20,28,232.69,0.5637,0.0835,0.006164,4.303
392266,520,402,922,225,67,171,344.64,0.8343,0.5835,0.229646,2,32,50,239.25,0.8676,0.1289,0.012762,4.456
392270,520,400,920,195,69,244,314.59,0.9353,0.5821,0.223912,6,25,85,264.87,0.9227,0.1444,0.013898,4.287
392277,520,434,954,186,86,182,328.99,0.6860,0.5492,0.204733,32,17,27,340.09,0.3496,0.1016,0.007871,4.402
392280,520,435,955,218,30,183,337.90,0.9396,0.5491,0.192552,6,23,27,214.67,0.5396,0.0919,0.007306,4.233
392285,520,422,942,229,10,171,343.95,0.9857,0.5566,0.198181,44,7,40,332.57,0.7337,0.1113,0.008407,4.249
392294,520,463,983,200,27,203,327.44,0.9477,0.5280,0.173768,11,5,19,303.85,0.5217,0.0489,0.002267,4.281
392297,520,476,996,180,85,122,357.39,0.5731,0.5098,0.176068,6,0,3,344.76,1.0000,0.0216,0.000453,4.481
392302,520,397,917,235,27,177,343.73,0.9632,0.5763,0.216232,22,38,3,130.62,0.9357,0.1420,0.015633,4.056
392304,520,475,995,178,12,245,311.27,0.9908,0.5198,0.163215,5,2,6,319.46,0.4307,0.0289,0.000888,4.190
392316,520,351,871,237,43,241,327.27,0.9750,0.6259,0.260857,1,33,114,262.93,0.9913,0.1925,0.023089,4.253
392352,520,373,893,218,96,141,359.34,0.6823,0.5962,0.251964,8,37,64,250.13,0.7427,0.1558,0.017448,4.477
392364,520,354,874,244,9,229,331.80,0.9965,0.6182,0.250885,62,19,77,316.00,0.7384,0.1838,0.020258,4.283
392377,520,466,986,211,60,74,20.24,0.8421,0.5165,0.175774,11,2,36,289.48,0.8902,0.0540,0.002419,4.307
392401,520,377,897,243,74,104,14.74,0.8973,0.5997,0.249549,58,28,11,48.38,0.6545,0.1615,0.017543,4.435
392404,520,357,877,240,45,229,330.85,0.9685,0.6244,0.260619,58,28,67,317.97,0.5703,0.1844,0.021354,4.353
392408,520,315,835,218,130,148,7.08,0.5610,0.6572,0.330106,9,60,53,181.40,0.8669,0.2219,0.035467,4.447
392415,520,247,767,235,155,115,47.14,0.6914,0.7215,0.423447,66,70,10,113.50,0.8739,0.2837,0.055605,4.483
392417,520,470,990,210,68,13,37.58,0.9711,0.5171,0.178673,6,5,9,297.68,0.2234,0.0397,0.001670,4.426
392439,520,420,940,234,62,63,25.41,0.9120,0.5616,0.212996,8,21,61,266.01,0.8298,0.1121,0.009248,4.439
392440,520,369,889,244,78,125,7.56,0.8856,0.6118,0.261657,64,26,31,13.60,0.5267,0.1727,0.019279,4.499
392445,520,465,985,210,56,94,11.21,0.8219,0.5151,0.173404,9,1,41,283.46,0.9638,0.0547,0.002399,4.264
392490,520,423,943,193,56,239,315.75,0.9251,0.5626,0.203991,3,27,35,222.75,0.7799,0.1057,0.009245,4.287
392505,520,425,945,189,58,235,315.39,0.9115,0.5552,0.198443,26,3,69,288.99,0.9483,0.1051,0.007144,4.348
392512,520,403,923,201,40,255,315.01,1.0000,0.5760,0.211565,4,23,73,263.53,0.9259,0.1263,0.011196,4.274
392514,520,413,933,255,9,34,26.69,1.0000,0.5714,0.215747,34,25,7,83.14,0.5933,0.1171,0.010507,4.392
392521,520,370,890,239,96,27,41.64,0.9586,0.6102,0.267986,6,47,43,185.37,0.8504,0.1739,0.022461,4.388
392525,520,395,915,224,59,206,332.97,0.9025,0.5930,0.234338,20,38,19,143.01,0.5858,0.1433,0.015819,4.320
392556,520,433,953,209,93,17,46.47,0.9438,0.5523,0.214266,14,27,14,144.33,0.5015,0.1039,0.009089,4.472
392562,520,235,755,242,146,202,344.73,0.8053,0.7396,0.437014,7,84,5,142.41,0.9938,0.2944,0.063965,4.273
392579,520,422,942,158,87,250,299.59,0.9457,0.5597,0.209879,4,12,76,266.64,0.9643,0.1091,0.008105,4.473
392587,520,468,988,173,48,228,312.51,0.9129,0.5164,0.166005,2,1,29,272.74,0.9705,0.0369,0.001233,4.216
392623,520,291,811,254,116,121,20.05,0.9797,0.6800,0.349453,43,61,31,133.84,0.5391,0.2369,0.039499,4.463
392624,520,456,976,215,30,166,342.44,0.9225,0.5341,0.181311,14,11,1,98.17,0.7899,0.0585,0.003349,4.336
392637,520,319,839,188,117,254,305.75,0.9811,0.6466,0.305703,68,43,40,26.94,0.3082,0.2184,0.031100,4.386
392638,520,477,997,226,25,27,27.98,0.9810,0.5138,0.169461,3,0,3,328.36,1.0000,0.0167,0.000259,4.367
392644,520,439,959,212,81,86,21.21,0.7514,0.5476,0.205560,20,22,13,118.23,0.2702,0.0945,0.007516,4.443
392645,520,477,997,180,86,112,4.32,0.5642,0.5078,0.175301,3,0,12,296.66,1.0000,0.0224,0.000459,4.465
392651,520,446,966,188,15,253,312.38,0.9911,0.5433,0.181261,16,17,10,114.47,0.2377,0.0770,0.005330,4.180
392660,520,404,924,209,77,202,329.93,0.8165,0.5844,0.231291,36,28,27,26.43,0.1380,0.1324,0.012847,4.476
392662,520,368,888,229,45,240,325.54,0.9679,0.6130,0.248284,67,14,53,340.34,0.7274,0.1699,0.017646,4.409
392671,520,474,994,213,23,144,349.21,0.9331,0.5159,0.167749,3,1,19,283.53,0.8818,0.0303,0.000881,4.280
392676,520,466,986,154,94,188,312.06,0.6167,0.5209,0.185068,26,0,7,3.35,1.0000,0.0524,0.002350,4.490
392678,520,432,952,213,62,149,349.47,0.7977,0.5467,0.197635,43,8,17,8.34,0.6851,0.1002,0.007278,4.323
392681,520,362,882,215,95,195,334.37,0.7563,0.6137,0.265735,9,50,21,149.20,0.9404,0.1782,0.023933,4.271
392685,520,392,912,225,16,241,324.58,0.9922,0.5946,0.227313,58,14,53,332.65,0.7046,0.1531,0.014708,4.286
392686,520,477,997,154,61,241,302.54,0.9209,0.5132,0.165588,6,0,6,328.36,1.0000,0.0233,0.000519,4.267
392689,520,441,961,238,30,2,30.64,0.9983,0.5407,0.191134,0,22,43,247.75,1.0000,0.0949,0.007482,4.195
392693,520,369,889,204,92,223,321.63,0.8239,0.6090,0.258208,0,48,39,176.13,1.0000,0.1734,0.022603,4.245
392729,520,449,969,219,23,174,340.80,0.9534,0.5429,0.187313,12,18,5,128.11,0.5557,0.0749,0.005217,4.298
392741,520,445,965,206,61,158,344.01,0.7910,0.5373,0.189299,26,14,1,72.67,0.8431,0.0791,0.005359,4.323
392745,520,430,950,208,70,149,348.89,0.7557,0.5468,0.199622,26,15,47,296.37,0.6133,0.1021,0.007665,4.329
392748,520,436,956,229,36,132,357.58,0.9196,0.5489,0.195885,3,23,22,190.83,0.7374,0.0878,0.006900,4.321
392751,520,386,906,234,86,30,38.57,0.9485,0.5870,0.242446,38,32,40,317.65,0.1633,0.1504,0.015983,4.432
392762,520,475,995,214,48,101,7.70,0.8547,0.5174,0.173521,14,1,1,25.24,0.8368,0.0344,0.001173,4.368
392777,520,361,881,197,91,249,312.69,0.9476,0.6151,0.261932,7,42,78,252.89,0.8173,0.1804,0.022510,4.302
392810,520,458,978,195,74,143,348.30,0.6976,0.5268,0.184845,24,4,21,333.48,0.6585,0.0633,0.003352,4.402
392818,520,415,935,240,32,127,1.21,0.9503,0.5668,0.210938,47,13,21,8.48,0.6112,0.1162,0.009464,4.388
392829,520,378,898,251,43,133,1.79,0.9653,0.5967,0.239339,25,38,56,256.66,0.3826,0.1627,0.018784,4.207
392839,520,247,767,209,145,255,309.79,1.0000,0.7219,0.410269,90,58,22,66.18,0.6749,0.2839,0.052580,4.487
392844,520,447,967,178,46,251,309.08,0.9780,0.5419,0.183849,1,9,57,264.63,0.9601,0.0803,0.004972,4.254
392859,520,271,791,189,150,247,301.60,0.8234,0.7049,0.393472,25,72,41,151.98,0.8310,0.2637,0.050013,4.434
392868,520,408,928,247,44,72,20.86,0.9580,0.5739,0.220469,5,33,42,222.88,0.7452,0.1285,0.012871,4.302
392892,520,332,852,254,94,54,35.02,0.9923,0.6363,0.293461,48,46,29,102.27,0.3139,0.1963,0.026711,4.477
392918,520,414,934,234,30,171,345.39,0.9536,0.5727,0.213641,14,33,11,141.03,0.7730,0.1218,0.012052,4.249
392920,520,451,971,211,67,118,2.85,0.7683,0.5365,0.191734,3,18,14,175.53,0.6780,0.0708,0.004837,4.408
392951,520,480,1000,213,53,56,25.03,0.8985,0.5100,0.169803,0,0,0,0.00,0.0000,0.0000,0.000000,4.396
392953,520,404,924,203,77,207,326.51,0.8164,0.5779,0.225109,21,33,30,177.48,0.2503,0.1321,0.013409,4.339
392962,520,382,902,254,37,122,5.52,0.9913,0.5956,0.238028,44,12,85,296.78,0.8556,0.1557,0.014543,4.463
392964,520,426,946,205,55,213,325.81,0.8934,0.5620,0.205174,23,21,41,287.09,0.4087,0.1073,0.008786,4.341
392974,520,221,741,194,175,209,310.19,0.3351,0.7453,0.467330,9,85,40,151.00,0.9790,0.3026,0.067080,4.419
392984,520,445,965,201,33,214,324.75,0.9452,0.5405,0.183620,3,19,34,246.87,0.7135,0.0829,0.006006,4.171
392987,520,416,936,218,23,220,327.80,0.9777,0.5697,0.206877,3,34,18,157.09,0.9379,0.1209,0.012070,4.138
392988,520,479,999,220,4,115,0.61,0.9909,0.5125,0.165429,1,0,6,289.16,1.0000,0.0150,0.000196,4.292
392996,520,316,836,246,115,64,40.75,0.9161,0.6552,0.322275,66,49,14,82.34,0.7106,0.2250,0.033867,4.439
392999,520,418,938,245,28,50,24.60,0.9812,0.5576,0.204768,9,24,56,263.13,0.7282,0.1152,0.009968,4.248
393000,520,411,931,255,8,40,25.78,1.0000,0.5717,0.215907,30,5,77,288.83,0.9326,0.1215,0.009204,4.491
393006,520,367,887,204,91,229,319.99,0.8500,0.6114,0.259781,36,39,48,270.72,0.1549,0.1707,0.020395,4.401
393019,520,404,924,196,76,232,317.41,0.8776,0.5826,0.227321,33,27,27,17.86,0.1039,0.1262,0.011863,4.483
393020,520,391,911,198,77,241,315.78,0.9154,0.5932,0.236657,6,38,55,236.46,0.7641,0.1518,0.017007,4.278
393024,520,477,997,169,85,155,333.87,0.5877,0.5073,0.172996,1,1,6,278.68,0.6638,0.0197,0.000413,4.423
393031,520,359,879,248,59,173,348.92,0.9411,0.6182,0.261047,65,31,17,42.45,0.6027,0.1809,0.021444,4.354
393036,520,413,933,219,7,228,326.16,0.9951,0.5730,0.208156,27,13,73,285.38,0.8404,0.1239,0.010019,4.301
393053,520,472,992,197,18,208,325.35,0.9707,0.5227,0.168587,13,0,2,8.59,1.0000,0.0305,0.000900,4.294
393054,520,459,979,213,44,153,346.82,0.8613,0.5324,0.182497,9,8,29,282.11,0.5965,0.0595,0.003204,4.370
393056,520,366,886,254,41,157,354.37,0.9909,0.6102,0.250946,45,39,24,88.66,0.3258,0.1719,0.020749,4.254
393063,520,401,921,197,64,249,314.31,0.9642,0.5838,0.223780,26,22,76,279.91,0.7627,0.1412,0.013152,4.335
393084,520,387,907,149,113,242,293.35,0.8291,0.5870,0.246106,8,38,58,242.05,0.7205,0.1545,0.017433,4.391
393089,520,473,993,192,13,212,322.97,0.9804,0.5155,0.162493,0,1,26,264.16,0.9853,0.0320,0.000963,4.170
393095,520,223,743,246,158,164,15.30,0.7712,0.7544,0.467291,11,81,81,194.89,0.8919,0.3031,0.065498,4.479
393096,520,432,952,233,5,150,351.35,0.9924,0.5532,0.196371,21,2,74,282.01,0.9783,0.1044,0.006972,4.324
393110,520,327,847,255,69,189,345.88,1.0000,0.6467,0.291937,92,20,6,33.06,0.9319,0.2149,0.027892,4.390
393116,520,395,915,217,58,220,327.24,0.9148,0.5891,0.229472,52,21,29,5.21,0.4950,0.1415,0.013552,4.398
393130,520,447,967,201,79,134,355.12,0.6864,0.5402,0.197326,24,12,33,309.02,0.5148,0.0846,0.005670,4.443
393132,520,476,996,223,20,55,21.70,0.9786,0.5083,0.164669,0,2,5,242.21,1.0000,0.0215,0.000544,4.247
393133,520,223,743,230,154,217,332.96,0.7312,0.7453,0.449455,6,84,50,157.33,0.9788,0.3010,0.066094,4.302
393134,520,389,909,232,36,201,336.23,0.9562,0.5882,0.226372,69,6,2,30.54,0.9668,0.1487,0.014001,4.318
393161,520,390,910,226,80,154,352.53,0.7806,0.5925,0.242416,14,38,38,195.40,0.5140,0.1461,0.016195,4.418
393187,520,392,912,206,82,209,326.76,0.8127,0.5901,0.237615,18,22,93,271.45,0.9111,0.1536,0.014926,4.430
393205,520,436,956,246,16,34,26.75,0.9925,0.5538,0.200825,25,15,21,342.57,0.2603,0.0857,0.006025,4.477
393207,520,283,803,187,149,231,304.87,0.6700,0.6921,0.378296,28,70,9,138.17,0.9712,0.2532,0.046468,4.440
393213,520,369,889,244,84,81,25.19,0.9197,0.6087,0.261710,51,36,21,65.59,0.4070,0.1712,0.020198,4.440
393245,520,469,989,141,85,232,296.89,0.8347,0.5216,0.179860,6,0,31,285.38,1.0000,0.0403,0.001376,4.474
393247,520,188,708,223,176,230,322.01,0.6437,0.7867,0.524527,20,85,110,228.92,0.7950,0.3329,0.077711,4.499
393251,520,475,995,156,79,212,308.01,0.7710,0.5154,0.174139,3,2,11,287.93,0.6036,0.0287,0.000869,4.406
393256,520,388,908,244,25,168,348.39,0.9726,0.5883,0.227587,36,37,16,111.03,0.4846,0.1540,0.017356,4.121
393260,520,234,754,212,160,221,321.41,0.5992,0.7375,0.443600,0,78,80,197.76,1.0000,0.2908,0.060277,4.476
393271,520,464,984,130,82,254,289.79,0.9902,0.5239,0.179360,0,2,44,264.19,0.9881,0.0519,0.002252,4.389
393279,520,367,887,246,65,137,1.49,0.9135,0.6056,0.251828,38,8,110,283.49,0.9589,0.1738,0.017115,4.497
393282,520,461,981,179,16,249,310.66,0.9885,0.5261,0.167949,16,3,13,335.51,0.5930,0.0468,0.002044,4.188
393295,520,457,977,224,27,128,357.52,0.9371,0.5327,0.181924,11,10,28,283.74,0.5023,0.0645,0.003721,4.317
393302,520,465,985,231,3,43,24.18,0.9979,0.5193,0.172316,10,6,7,359.84,0.1677,0.0454,0.002101,4.267
393305,520,249,769,195,164,203,319.28,0.3739,0.7194,0.424653,42,77,3,133.15,0.9873,0.2843,0.058064,4.392
393308,520,457,977,199,67,151,345.23,0.7460,0.5284,0.183926,9,3,47,279.06,0.9355,0.0648,0.003284,4.390
393317,520,433,953,222,73,39,34.11,0.9158,0.5481,0.204438,28,21,20,27.62,0.1452,0.1027,0.008337,4.361
393351,520,474,994,212,20,149,347.15,0.9431,0.5152,0.166696,9,0,11,323.52,1.0000,0.0297,0.000822,4.264
393359,520,387,907,233,88,6,41.63,0.9908,0.5870,0.243191,35,34,36,308.29,0.0393,0.1505,0.016288,4.423
393370,520,453,973,209,71,103,10.21,0.7542,0.5330,0.190432,33,4,5,22.03,0.7842,0.0722,0.004212,4.435
393382,520,353,873,246,40,215,335.78,0.9711,0.6236,0.260197,29,22,112,275.46,0.9214,0.1840,0.020048,4.428
393384,520,380,900,246,2,203,338.71,0.9988,0.6048,0.239512,21,35,64,263.44,0.5429,0.1570,0.017316,4.301
393416,520,479,999,200,37,167,338.29,0.8725,0.5107,0.163944,1,0,6,289.16,1.0000,0.0150,0.000196,4.262
393419,520,463,983,197,50,186,331.39,0.8476,0.5266,0.176984,7,1,39,281.07,0.9657,0.0510,0.002134,4.354
393421,520,468,988,207,68,89,15.60,0.7748,0.5217,0.181231,4,9,0,128.45,1.0000,0.0445,0.002212,4.429
393424,520,256,776,247,131,189,350.16,0.8597,0.7152,0.396834,30,69,73,204.31,0.5297,0.2679,0.050131,4.462
393426,520,395,915,241,17,187,342.04,0.9851,0.5896,0.226926,56,3,61,324.18,0.8775,0.1430,0.012429,4.436
393435,520,432,952,244,17,38,26.13,0.9913,0.5502,0.197774,26,22,20,48.33,0.0970,0.1028,0.008439,4.240
393436,520,466,986,226,31,75,16.90,0.9521,0.5233,0.176596,15,5,8,357.77,0.3822,0.0485,0.002276,4.335
393447,520,424,944,192,90,167,337.67,0.6466,0.5565,0.213103,7,29,23,172.94,0.6435,0.1086,0.009857,4.395
393455,520,415,935,250,24,88,14.92,0.9807,0.5727,0.216855,42,21,27,1.86,0.3747,0.1245,0.011078,4.369
393459,520,418,938,199,29,250,315.79,0.9790,0.5631,0.199244,28,10,68,289.49,0.8431,0.1156,0.008813,4.238
393477,520,389,909,195,92,219,319.69,0.7922,0.5935,0.243721,2,41,40,192.27,0.9305,0.1514,0.017519,4.350
393479,520,408,928,248,2,128,1.33,0.9981,0.5743,0.215619,48,13,45,331.16,0.6629,0.1292,0.011058,4.350
393484,520,423,943,244,1,102,9.03,0.9990,0.5578,0.202175,18,21,49,276.02,0.5574,0.1084,0.008867,4.284
393487,520,441,961,211,72,103,10.76,0.7574,0.5379,0.194651,32,12,10,26.91,0.4882,0.0860,0.005920,4.375
393496,520,435,955,192,41,239,315.98,0.9516,0.5496,0.190257,19,16,44,285.01,0.5755,0.0945,0.006909,4.222
393507,520,435,955,220,48,147,350.92,0.8618,0.5459,0.194386,30,3,44,311.49,0.8417,0.0855,0.005230,4.425
393514,520,407,927,237,64,8,35.00,0.9913,0.5650,0.216920,42,5,71,303.91,0.8925,0.1308,0.010558,4.408
393520,520,333,853,231,59,255,322.38,1.0000,0.6364,0.273391,68,18,86,315.39,0.7779,0.1997,0.023336,4.410
393566,520,397,917,225,90,71,30.47,0.8206,0.5810,0.237774,26,33,41,251.98,0.2009,0.1411,0.014674,4.450
393568,520,465,985,183,86,125,356.67,0.5805,0.5174,0.182049,3,10,20,251.29,0.5397,0.0534,0.002869,4.389
393569,520,347,867,238,42,245,326.59,0.9782,0.6298,0.264282,76,20,43,358.78,0.6839,0.1901,0.022115,4.358
393573,520,359,879,223,59,254,320.56,0.9953,0.6230,0.259736,20,46,53,217.49,0.4849,0.1813,0.023597,4.209
393576,520,0,520,255,255,255,0.00,0.0000,1.0000,1.000000,44,137,13,140.03,0.9913,0.4825,0.184552,4.477
393583,520,443,963,216,24,175,339.76,0.9479,0.5381,0.183497,32,7,15,2.37,0.5966,0.0787,0.004936,4.250
393586,520,432,952,189,44,240,314.79,0.9462,0.5477,0.189127,16,23,21,175.78,0.1750,0.0961,0.007771,4.139
393603,520,457,977,190,36,225,318.82,0.9444,0.5321,0.176465,13,7,23,300.00,0.5027,0.0573,0.002994,4.273
393621,520,471,991,112,95,241,282.99,0.8855,0.5165,0.179796,9,2,14,313.46,0.6561,0.0369,0.001332,4.477
393623,520,432,952,230,60,42,30.13,0.9329,0.5491,0.202248,49,0,22,358.81,1.0000,0.1020,0.007110,4.417
393624,520,281,801,232,145,36,65.43,0.9167,0.6869,0.375362,14,72,6,141.47,0.9883,0.2542,0.047411,4.367
393633,520,367,887,186,94,254,307.69,0.9879,0.6081,0.256011,77,6,34,4.17,0.8537,0.1738,0.018238,4.484
393634,520,434,954,218,22,187,336.66,0.9620,0.5481,0.190694,43,3,28,346.71,0.7961,0.0971,0.006626,4.251
393636,520,436,956,204,60,195,330.66,0.8431,0.5534,0.200110,14,11,56,277.94,0.8341,0.0915,0.006182,4.452
393642,520,386,906,255,54,42,28.99,1.0000,0.5937,0.240693,34,31,46,293.41,0.2629,0.1463,0.015173,4.460
393644,520,452,972,227,26,116,2.37,0.9467,0.5340,0.183335,1,15,35,253.36,0.8665,0.0723,0.004694,4.266
393665,520,444,964,225,40,116,2.96,0.9013,0.5378,0.187888,3,12,52,265.77,0.9151,0.0818,0.005302,4.302
393678,520,373,893,236,83,112,12.74,0.8314,0.5997,0.251921,38,31,64,291.50,0.4851,0.1621,0.017622,4.465
393684,520,452,972,195,78,128,356.40,0.6684,0.5261,0.186111,14,15,5,112.98,0.4389,0.0689,0.004460,4.336
393685,520,410,930,219,47,199,333.61,0.9129,0.5706,0.212189,51,7,52,327.07,0.7811,0.1317,0.011038,4.296
393707,520,396,916,254,23,96,12.92,0.9933,0.5824,0.225319,4,27,82,262.94,0.9381,0.1446,0.014188,4.289
393718,520,364,884,220,109,90,31.23,0.7106,0.6066,0.268933,6,47,40,178.67,0.8651,0.1726,0.022249,4.414
393728,520,464,984,175,72,187,323.39,0.7418,0.5154,0.173376,15,1,31,302.80,0.9013,0.0517,0.002222,4.277
393731,520,67,587,251,225,211,50.21,0.7270,0.9153,0.790637,27,118,76,158.05,0.9252,0.4246,0.137111,4.493
393748,520,291,811,237,133,102,37.41,0.7683,0.6787,0.357414,8,67,49,166.85,0.9321,0.2436,0.042875,4.387
393763,520,448,968,237,20,56,22.34,0.9845,0.5383,0.187936,37,2,7,15.47,0.8694,0.0764,0.004521,4.364
393768,520,162,682,214,195,199,3.19,0.1843,0.8069,0.574504,4,101,12,143.26,0.9970,0.3532,0.093593,4.349
393778,520,375,895,227,91,114,12.86,0.7568,0.5953,0.250305,21,34,77,267.92,0.6812,0.1648,0.018392,4.391
393784,520,389,909,225,11,231,326.91,0.9937,0.5863,0.220187,50,30,20,47.21,0.4088,0.1548,0.016572,4.059
393797,520,391,911,230,23,214,332.26,0.9806,0.5870,0.222934,0,8,108,264.21,0.9921,0.1456,0.012563,4.363
393815,520,431,951,178,76,222,313.96,0.8270,0.5492,0.199087,47,3,1,30.61,0.9652,0.0967,0.006718,4.392
393816,520,273,793,244,109,240,328.69,0.9520,0.7011,0.364640,58,65,38,120.51,0.3998,0.2646,0.048201,4.222
393824,520,367,887,250,12,204,339.35,0.9940,0.6146,0.249498,3,38,75,253.46,0.8971,0.1653,0.019135,4.332
393828,520,417,937,222,16,207,332.13,0.9834,0.5659,0.204075,44,9,52,319.53,0.7510,0.1221,0.009788,4.250
393830,520,398,918,183,86,237,311.21,0.8703,0.5805,0.228382,4,19,93,265.45,0.9620,0.1415,0.012818,4.432
393835,520,322,842,217,103,235,322.01,0.8790,0.6507,0.304520,36,53,52,191.52,0.2390,0.2131,0.031691,4.340
393847,520,407,927,222,90,52,36.58,0.8575,0.5731,0.230924,10,34,39,213.37,0.5742,0.1323,0.013550,4.421
393863,520,359,879,233,36,244,325.68,0.9806,0.6176,0.251195,59,35,33,24.86,0.3338,0.1838,0.022418,4.159
393864,520,341,861,251,58,180,347.30,0.9661,0.6261,0.268339,70,34,22,39.06,0.5627,0.1968,0.025043,4.242
393875,520,404,924,252,14,116,6.09,0.9891,0.5810,0.222741,19,22,75,273.92,0.8119,0.1346,0.012202,4.385
393878,520,323,843,219,97,238,322.07,0.9035,0.6470,0.297842,52,45,66,299.50,0.2817,0.2133,0.030002,4.348
393895,520,441,961,189,78,179,331.24,0.7203,0.5406,0.195237,13,20,20,196.26,0.1816,0.0853,0.006364,4.351
393905,520,368,888,227,44,245,323.90,0.9710,0.6126,0.247270,32,45,6,126.22,0.8695,0.1729,0.021970,4.130
393909,520,439,959,206,63,174,338.21,0.8024,0.5477,0.197347,19,18,34,285.82,0.3697,0.0922,0.006865,4.350
393913,520,421,941,237,26,142,355.28,0.9591,0.5637,0.206994,47,4,34,342.85,0.7876,0.1092,0.008068,4.426
393914,520,441,961,196,65,189,330.10,0.8017,0.5416,0.191921,22,5,52,292.96,0.8540,0.0856,0.005270,4.377
393923,520,438,958,178,76,223,313.71,0.8300,0.5499,0.199625,18,22,13,127.52,0.2832,0.0926,0.007315,4.355
393931,520,362,882,213,63,250,318.67,0.9743,0.6079,0.246050,45,42,13,103.42,0.6368,0.1782,0.022429,4.087
393933,520,398,918,251,34,80,17.99,0.9770,0.5776,0.222361,19,17,84,274.44,0.9044,0.1353,0.011794,4.408
393938,520,437,957,224,19,170,343.19,0.9663,0.5488,0.192179,15,5,65,278.48,0.9445,0.0927,0.005917,4.331
393941,520,359,879,245,32,223,333.49,0.9815,0.6228,0.257762,53,33,56,322.12,0.3925,0.1804,0.021302,4.316
393956,520,358,878,249,6,216,336.06,0.9974,0.6186,0.252310,22,50,20,142.45,0.8122,0.1839,0.025022,4.030
393962,520,408,928,255,10,51,23.92,1.0000,0.5732,0.217200,33,30,0,104.26,1.0000,0.1280,0.012519,4.274
393988,520,405,925,205,61,225,322.50,0.9015,0.5756,0.217545,17,2,94,273.50,0.9933,0.1275,0.009707,4.481
394014,520,480,1000,194,6,204,325.64,0.9893,0.5114,0.159609,0,0,0,0.00,0.0000,0.0000,0.000000,4.192
394027,520,378,898,254,21,146,357.10,0.9918,0.5972,0.236861,41,18,89,290.97,0.8201,0.1636,0.016253,4.330
394031,520,378,898,239,30,211,335.16,0.9760,0.6039,0.239852,27,13,101,277.54,0.9440,0.1568,0.014604,4.487
394039,520,411,931,254,27,31,27.90,0.9963,0.5744,0.219574,49,12,30,353.35,0.6432,0.1217,0.010097,4.486
394042,520,319,839,219,123,148,4.05,0.5951,0.6456,0.313660,68,45,11,72.95,0.7467,0.2173,0.031300,4.473
394055,520,458,978,168,77,213,312.61,0.7881,0.5297,0.184375,17,6,20,319.15,0.5067,0.0578,0.002999,4.422
394057,520,376,896,231,99,52,39.13,0.8758,0.6027,0.261632,18,43,31,161.24,0.5639,0.1615,0.019552,4.481
394060,520,445,965,219,67,79,20.54,0.8371,0.5409,0.196414,9,20,5,136.76,0.6945,0.0782,0.005693,4.424
394091,520,209,729,254,149,199,350.74,0.9732,0.7601,0.466917,69,77,51,122.20,0.3299,0.3140,0.068120,4.376
394093,520,335,855,233,100,183,344.72,0.7995,0.6432,0.298593,25,50,64,234.74,0.4625,0.2023,0.028579,4.436
394094,520,404,924,251,46,37,28.77,0.9842,0.5791,0.226005,31,30,27,91.61,0.0666,0.1318,0.012990,4.382
394116,520,450,970,225,19,157,347.54,0.9634,0.5442,0.189103,22,12,3,67.79,0.5913,0.0702,0.004401,4.395
394122,520,444,964,238,13,59,21.33,0.9907,0.5387,0.187840,23,9,32,310.42,0.5825,0.0775,0.004818,4.339
394135,520,396,916,201,65,233,319.19,0.9039,0.5789,0.220828,13,39,4,138.40,0.9612,0.1397,0.015453,4.138
394161,520,475,995,158,87,194,312.95,0.6774,0.5179,0.179812,0,3,22,261.71,1.0000,0.0346,0.001230,4.486
394175,520,466,986,214,61,55,27.11,0.8829,0.5202,0.179119,11,1,37,289.67,0.9435,0.0527,0.002264,4.384
394212,520,424,944,149,97,243,296.15,0.8704,0.5593,0.214101,50,9,2,34.94,0.9137,0.1118,0.008780,4.493
394213,520,448,968,213,68,109,7.46,0.7751,0.5384,0.193868,21,16,4,89.47,0.5603,0.0782,0.005388,4.403
394235,520,453,973,218,6,155,346.37,0.9861,0.5261,0.174047,1,15,34,252.35,0.8582,0.0716,0.004636,4.101
394239,520,235,755,224,158,206,336.90,0.6051,0.7411,0.447586,14,81,49,156.95,0.9413,0.2922,0.061997,4.443
394252,520,380,900,222,63,216,329.63,0.9058,0.5993,0.240446,17,24,99,270.01,0.9221,0.1636,0.016732,4.352
394258,520,451,971,171,82,210,314.13,0.7632,0.5389,0.193465,34,3,9,11.15,0.7847,0.0732,0.004250,4.488
394262,520,409,929,226,54,154,350.17,0.8622,0.5652,0.211428,61,1,36,351.31,0.9275,0.1348,0.011414,4.257
394276,520,446,966,233,30,73,18.12,0.9629,0.5370,0.187363,9,5,59,274.30,0.9512,0.0814,0.004824,4.330
394279,520,442,962,207,35,196,331.26,0.9247,0.5398,0.184549,2,21,5,147.92,0.9512,0.0762,0.005602,4.218
394296,520,419,939,231,14,164,346.60,0.9796,0.5578,0.199862,45,10,27,353.51,0.6496,0.1104,0.008542,4.268
394299,520,453,973,182,80,178,329.05,0.6958,0.5319,0.188980,32,3,3,25.50,0.8538,0.0680,0.003788,4.443
394302,520,431,951,200,87,123,2.53,0.6410,0.5463,0.205276,15,10,66,276.71,0.9020,0.1012,0.007120,4.469
394330,520,459,979,230,35,40,26.77,0.9673,0.5287,0.181813,9,9,18,283.70,0.3052,0.0554,0.002971,4.376
394331,520,400,920,234,61,137,358.80,0.8603,0.5795,0.226389,0,13,99,264.13,0.9837,0.1385,0.011886,4.466
394333,520,465,985,162,82,198,314.01,0.7168,0.5181,0.177939,8,1,36,284.97,0.9511,0.0491,0.002007,4.383
394345,520,348,868,245,6,252,326.82,0.9985,0.6349,0.265738,48,23,95,293.30,0.7840,0.1857,0.020674,4.468
394354,520,445,965,238,30,35,27.33,0.9789,0.5423,0.192303,7,10,51,271.67,0.8799,0.0800,0.005012,4.405
394365,520,427,947,249,26,16,29.35,0.9891,0.5626,0.209196,7,28,20,166.05,0.6517,0.1045,0.009262,4.374
394407,520,410,930,222,55,181,339.99,0.8736,0.5719,0.216005,37,18,63,299.50,0.6863,0.1338,0.011848,4.301
394412,520,448,968,187,79,173,332.86,0.6992,0.5355,0.191753,4,22,7,148.21,0.8753,0.0811,0.006149,4.306
394414,520,459,979,191,25,223,319.81,0.9654,0.5265,0.171008,14,6,28,298.09,0.6287,0.0592,0.003075,4.164
394416,520,478,998,196,78,55,32.91,0.7850,0.5087,0.174623,1,0,9,282.67,1.0000,0.0172,0.000262,4.469
394425,520,477,997,191,26,202,325.18,0.9434,0.5111,0.160810,3,1,2,344.98,0.3863,0.0205,0.000455,4.178
394438,520,419,939,244,1,121,2.88,0.9989,0.5635,0.206387,2,24,57,257.38,0.9047,0.1124,0.009615,4.301
394440,520,398,918,215,64,206,330.53,0.8735,0.5824,0.225721,51,19,26,8.15,0.5259,0.1351,0.012442,4.416
394441,520,353,873,223,58,248,321.94,0.9702,0.6179,0.254934,4,34,104,262.87,0.9605,0.1842,0.021692,4.253
394464,520,336,856,198,115,225,317.37,0.7603,0.6375,0.297046,20,52,52,195.34,0.5504,0.1996,0.028525,4.420
394469,520,395,915,217,5,250,320.70,0.9978,0.5857,0.217643,50,21,22,19.09,0.4898,0.1358,0.012725,4.267
394478,520,404,924,215,94,100,19.49,0.6953,0.5757,0.233748,26,34,10,124.87,0.6332,0.1339,0.013856,4.444
394479,520,474,994,206,12,180,335.60,0.9730,0.5184,0.166821,4,3,0,99.32,1.0000,0.0281,0.000909,4.259
394491,520,401,921,233,82,48,34.11,0.9082,0.5812,0.235745,33,25,63,290.00,0.5808,0.1426,0.013775,4.481
394504,520,455,975,204,23,197,330.19,0.9553,0.5292,0.174833,8,5,43,277.94,0.8794,0.0640,0.003346,4.215
394505,520,458,978,125,92,246,287.62,0.9140,0.5278,0.186678,16,4,34,298.40,0.7717,0.0615,0.003125,4.455
394512,520,456,976,176,89,163,333.13,0.6008,0.5286,0.190203,13,10,17,304.15,0.2368,0.0606,0.003431,4.496
394513,520,473,993,211,52,123,358.56,0.8210,0.5225,0.177372,3,1,15,287.83,0.8227,0.0277,0.000756,4.480
394521,520,375,895,245,77,21,36.31,0.9782,0.5955,0.247777,68,15,29,8.87,0.7228,0.1623,0.016595,4.471
394528,520,410,930,223,67,152,351.22,0.8115,0.5713,0.219717,17,17,78,273.90,0.8906,0.1271,0.010701,4.443
394536,520,374,894,220,100,136,3.40,0.6796,0.6039,0.261098,10,45,32,164.88,0.7966,0.1646,0.020455,4.416
394540,520,448,968,171,68,240,307.93,0.9083,0.5434,0.190842,13,13,40,279.42,0.6216,0.0802,0.005266,4.358
394548,520,445,965,207,71,132,356.25,0.7400,0.5392,0.194399,32,1,41,317.85,0.9120,0.0828,0.004889,4.453
394562,520,443,963,128,102,232,288.62,0.7986,0.5373,0.199179,14,18,18,196.60,0.1016,0.0802,0.005696,4.474
394581,520,357,877,255,28,187,345.19,1.0000,0.6195,0.256818,83,4,29,10.67,0.9203,0.1838,0.020149,4.374
394584,520,464,984,176,16,243,311.06,0.9864,0.5160,0.160727,9,3,33,286.96,0.8346,0.0519,0.002330,4.027
394586,520,479,999,172,59,203,318.03,0.8249,0.5059,0.162114,0,0,4,264.05,1.0000,0.0106,0.000088,4.235
394605,520,339,859,243,48,238,329.36,0.9724,0.6371,0.273444,30,52,27,141.46,0.5896,0.1972,0.028111,4.141
394617,520,451,971,220,4,176,340.28,0.9928,0.5407,0.184395,22,10,20,332.94,0.3814,0.0716,0.004382,4.310
394633,520,362,882,223,87,179,342.43,0.7765,0.6074,0.257613,15,49,27,152.52,0.8140,0.1785,0.023772,4.170
394652,520,438,958,193,72,198,326.16,0.7927,0.5505,0.200508,10,2,72,272.84,0.9891,0.0931,0.005758,4.493
394658,520,440,960,243,29,18,29.41,0.9857,0.5513,0.199805,18,21,3,117.02,0.7284,0.0876,0.006715,4.405
394670,520,431,951,148,93,243,296.39,0.8789,0.5515,0.205958,2,29,0,141.03,1.0000,0.1002,0.008916,4.344
394682,520,467,987,180,42,226,315.42,0.9272,0.5209,0.168513,10,2,25,298.25,0.7997,0.0445,0.001781,4.220
394683,520,348,868,222,82,230,325.57,0.8955,0.6277,0.272793,42,45,28,116.43,0.3201,0.1865,0.024529,4.331
394709,520,442,962,220,67,48,30.50,0.8972,0.5378,0.194459,29,10,6,34.70,0.5458,0.0768,0.004915,4.452
394712,520,401,921,202,46,253,315.54,0.9897,0.5798,0.216039,4,39,3,142.33,0.9827,0.1354,0.014834,4.103
394714,520,428,948,251,15,12,29.04,0.9945,0.5630,0.208812,9,28,14,150.53,0.6804,0.1039,0.009203,4.372
394720,520,399,919,237,18,185,341.72,0.9816,0.5812,0.219428,15,35,36,199.77,0.4351,0.1365,0.014309,4.190
394756,520,347,867,255,76,111,13.83,1.0000,0.6259,0.275801,1,49,69,232.44,0.9649,0.1925,0.026326,4.269
394767,520,454,974,209,59,135,353.88,0.7920,0.5303,0.184347,30,2,20,344.06,0.7790,0.0682,0.003700,4.364
394783,520,361,881,247,49,200,340.18,0.9524,0.6223,0.261440,54,40,3,86.90,0.8960,0.1831,0.023085,4.261
394785,520,439,959,203,2,234,320.71,0.9984,0.5490,0.186821,21,6,58,287.73,0.8729,0.0920,0.005952,4.233
394791,520,444,964,238,13,33,26.59,0.9931,0.5358,0.185781,34,1,35,327.05,0.8811,0.0817,0.004832,4.300
394792,520,406,926,199,83,206,325.38,0.7870,0.5788,0.227863,17,29,48,259.28,0.4568,0.1270,0.012113,4.474
394796,520,314,834,202,124,219,320.26,0.7072,0.6551,0.320875,46,50,65,273.12,0.2080,0.2195,0.032437,4.499
394797,520,447,967,212,65,130,357.44,0.7779,0.5403,0.193916,30,10,8,27.52,0.5213,0.0789,0.005107,4.426
394799,520,385,905,238,40,184,342.58,0.9451,0.5919,0.231583,3,32,72,257.31,0.9086,0.1466,0.015202,4.319
394802,520,391,911,225,95,81,28.62,0.7952,0.5903,0.247886,34,38,4,115.89,0.8478,0.1529,0.017351,4.423
394803,520,381,901,184,89,251,308.13,0.9590,0.5963,0.243010,2,31,93,261.96,0.9730,0.1646,0.017831,4.320
394808,520,380,900,233,23,227,329.74,0.9859,0.6008,0.234850,60,19,37,355.58,0.6035,0.1555,0.015601,4.342
394809,520,343,863,253,24,216,336.98,0.9901,0.6300,0.264971,88,4,13,23.58,0.9674,0.1919,0.021910,4.380
394811,520,357,877,205,95,234,318.76,0.8660,0.6216,0.271055,3,38,92,259.30,0.9499,0.1808,0.021782,4.473
394831,520,475,995,226,42,24,30.21,0.9695,0.5238,0.178935,3,5,3,144.86,0.2656,0.0342,0.001345,4.459
394833,520,340,860,251,30,229,333.36,0.9871,0.6363,0.270980,66,40,8,67.15,0.7736,0.2017,0.026935,4.172
394835,520,441,961,185,6,254,311.44,0.9965,0.5375,0.176014,42,6,4,28.78,0.8461,0.0921,0.006313,4.014
394842,520,397,917,243,14,152,352.93,0.9850,0.5759,0.216390,34,32,20,99.80,0.2845,0.1385,0.014236,4.147
394851,520,388,908,196,93,212,322.09,0.7657,0.5920,0.243192,20,40,5,134.28,0.9247,0.1473,0.016772,4.391
394854,520,374,894,253,42,132,2.39,0.9819,0.5996,0.242081,33,6,106,281.30,0.9706,0.1617,0.014941,4.498
394857,520,400,920,210,58,225,324.00,0.9138,0.5810,0.221658,56,15,40,346.18,0.6486,0.1435,0.013357,4.288
394858,520,387,907,252,49,72,21.74,0.9825,0.5875,0.233636,66,1,39,351.61,0.9361,0.1469,0.013266,4.483
394860,520,461,981,236,9,64,19.74,0.9928,0.5343,0.184016,6,12,2,130.71,0.7152,0.0541,0.003060,4.410
394863,520,465,985,188,64,171,333.73,0.7609,0.5165,0.172999,6,9,17,265.60,0.3225,0.0524,0.002746,4.228
394866,520,385,905,212,63,226,324.20,0.9079,0.5894,0.230449,43,34,4,92.21,0.8240,0.1522,0.016665,4.207
394869,520,454,974,185,61,202,322.62,0.8273,0.5278,0.179173,7,19,4,138.25,0.7846,0.0737,0.005197,4.152
394870,520,385,905,251,47,104,11.81,0.9688,0.5907,0.235453,11,19,95,268.40,0.9510,0.1471,0.013630,4.486
394903,520,384,904,225,55,197,335.82,0.9011,0.5861,0.227735,20,22,87,273.29,0.8774,0.1481,0.014106,4.332
394911,520,347,867,255,1,226,334.90,1.0000,0.6348,0.267760,4,37,104,261.98,0.9583,0.1910,0.023483,4.324
394915,520,477,997,219,5,114,0.80,0.9884,0.5103,0.163861,2,1,0,82.32,1.0000,0.0176,0.000346,4.248
394923,520,455,975,155,77,236,302.39,0.8716,0.5302,0.183328,16,7,25,305.74,0.5410,0.0614,0.003323,4.376
394934,520,410,930,201,33,255,315.18,1.0000,0.5723,0.207267,49,14,40,338.86,0.6293,0.1295,0.011203,4.203
394935,520,313,833,251,109,84,31.92,0.9574,0.6568,0.320898,71,46,12,70.66,0.7394,0.2245,0.033203,4.458
394942,520,432,952,243,14,80,16.08,0.9888,0.5533,0.199514,48,5,13,14.59,0.8116,0.1044,0.007661,4.327
394945,520,386,906,206,104,130,5.30,0.5858,0.5862,0.246359,32,35,35,196.88,0.0470,0.1497,0.016305,4.470
394961,520,410,930,237,68,64,26.42,0.9109,0.5739,0.225120,0,25,73,260.16,1.0000,0.1289,0.011762,4.455
394964,520,270,790,214,138,236,318.40,0.8079,0.7046,0.385304,35,67,66,192.99,0.4239,0.2613,0.047648,4.458
394968,520,406,926,250,23,119,5.13,0.9779,0.5805,0.222723,28,29,32,271.15,0.0643,0.1278,0.012299,4.378
394996,520,432,952,126,107,237,286.09,0.8198,0.5488,0.210651,22,24,0,113.80,1.0000,0.0991,0.008238,4.476
395008,520,477,997,190,32,198,325.93,0.9195,0.5096,0.160589,4,1,7,310.77,0.6480,0.0247,0.000629,4.159
395024,520,419,939,206,67,194,331.57,0.8233,0.5633,0.210330,14,23,48,267.08,0.5605,0.1094,0.009195,4.398
395030,520,478,998,192,4,207,324.31,0.9931,0.5096,0.157999,9,0,0,29.23,1.0000,0.0242,0.000581,4.112
395033,520,477,997,171,88,140,343.42,0.5431,0.5082,0.175319,1,1,2,284.11,0.2654,0.0171,0.000325,4.477
395036,520,467,987,169,84,184,321.44,0.6717,0.5221,0.182373,5,2,31,280.25,0.9038,0.0442,0.001746,4.491
395047,520,473,993,231,12,39,25.31,0.9922,0.5210,0.174014,9,0,15,315.11,1.0000,0.0318,0.000926,4.399
395053,520,437,957,171,71,248,306.00,0.9477,0.5535,0.199424,22,8,48,293.97,0.7663,0.0867,0.005576,4.488
395063,520,415,935,235,17,165,347.22,0.9775,0.5669,0.207826,22,24,53,277.93,0.5302,0.1217,0.010809,4.240
395071,520,372,892,254,38,164,352.05,0.9913,0.6115,0.251409,47,33,59,308.16,0.4023,0.1742,0.020078,4.301
395077,520,472,992,232,7,52,22.41,0.9947,0.5235,0.175588,4,2,11,295.56,0.5929,0.0299,0.000934,4.429
395079,520,478,998,228,12,42,24.61,0.9913,0.5148,0.169271,0,0,14,264.05,1.0000,0.0188,0.000317,4.358
395081,520,351,871,251,70,172,350.58,0.9586,0.6330,0.278714,19,47,59,228.50,0.5404,0.1871,0.024871,4.390
395089,520,478,998,155,91,171,319.38,0.5713,0.5065,0.173916,5,0,9,314.44,1.0000,0.0236,0.000520,4.432
395109,520,439,959,210,52,177,338.03,0.8509,0.5458,0.193340,42,3,27,347.14,0.7927,0.0947,0.006366,4.317
395112,520,408,928,246,2,119,3.89,0.9980,0.5672,0.209716,51,10,43,336.60,0.7121,0.1294,0.010954,4.261
395114,520,424,944,200,22,244,317.48,0.9838,0.5570,0.193864,25,26,5,111.59,0.6781,0.1088,0.009564,4.094
395129,520,414,934,238,22,158,350.16,0.9702,0.5710,0.212226,12,29,45,248.59,0.5233,0.1220,0.011463,4.266
395138,520,9,529,255,253,225,103.70,1.0000,0.9864,0.969470,4,136,17,143.19,0.9983,0.4715,0.176738,4.496
395145,520,304,824,247,101,181,349.24,0.8984,0.6661,0.324206,9,59,77,227.77,0.8248,0.2308,0.037216,4.291
395151,520,463,983,167,56,240,307.44,0.9223,0.5250,0.173358,11,4,25,297.29,0.6816,0.0501,0.002282,4.272
395159,520,469,989,221,21,108,3.91,0.9540,0.5170,0.169939,14,1,6,351.62,0.7332,0.0365,0.001282,4.289
395191,520,480,1000,128,93,216,292.97,0.7419,0.5079,0.173757,0,0,0,0.00,0.0000,0.0000,0.000000,4.475
395198,520,441,961,220,66,31,33.88,0.9389,0.5350,0.192136,20,17,31,293.33,0.3365,0.0892,0.006485,4.287
395211,520,478,998,219,22,97,7.65,0.9528,0.5099,0.164996,2,0,14,286.01,1.0000,0.0222,0.000446,4.262
395215,520,470,990,230,21,51,23.20,0.9817,0.5231,0.176014,14,1,19,317.97,0.8087,0.0424,0.001621,4.378
395272,520,410,930,245,17,137,358.20,0.9818,0.5746,0.216229,26,25,62,281.03,0.5960,0.1347,0.012626,4.251
395276,520,367,887,254,72,44,31.66,0.9945,0.6086,0.258911,11,45,39,179.32,0.7158,0.1675,0.020943,4.354
395295,520,295,815,241,85,254,324.60,0.9957,0.6755,0.323559,26,47,125,267.18,0.8550,0.2444,0.037331,4.278
395332,520,465,985,203,24,191,331.61,0.9468,0.5239,0.171133,4,6,28,272.54,0.7361,0.0503,0.002399,4.220
395335,520,466,986,158,85,201,311.09,0.7108,0.5194,0.179837,8,8,4,107.87,0.2674,0.0472,0.002341,4.391
395337,520,434,954,190,91,149,346.02,0.6031,0.5466,0.206007,33,7,53,305.92,0.7953,0.1035,0.007324,4.466
395343,520,471,991,140,78,242,295.69,0.9028,0.5183,0.174351,11,3,16,313.58,0.6026,0.0426,0.001737,4.336
395349,520,405,925,208,35,255,316.99,1.0000,0.5843,0.218336,18,8,93,273.74,0.9710,0.1339,0.010925,4.404
395371,520,343,863,246,24,237,330.36,0.9909,0.6305,0.263634,8,15,133,266.18,0.9876,0.1922,0.020865,4.426
395388,520,445,965,237,30,44,25.69,0.9764,0.5411,0.191182,0,22,10,158.92,1.0000,0.0790,0.005957,4.310
395389,520,477,997,177,85,134,348.88,0.5731,0.5098,0.175666,2,1,7,291.58,0.6583,0.0219,0.000500,4.469
395408,520,402,922,222,0,228,326.92,1.0000,0.5769,0.211333,54,14,0,41.93,1.0000,0.1265,0.010985,4.285
395414,520,458,978,196,67,159,341.03,0.7476,0.5271,0.182550,17,11,2,83.68,0.6458,0.0619,0.003629,4.336
395415,520,414,934,223,65,162,347.27,0.8254,0.5736,0.220796,3,33,9,147.65,0.9671,0.1157,0.011267,4.420
395420,520,446,966,219,27,169,342.42,0.9397,0.5418,0.187109,20,7,42,295.89,0.7441,0.0777,0.004679,4.336
395428,520,400,920,239,70,4,36.38,0.9956,0.5753,0.227430,13,39,5,138.91,0.9518,0.1398,0.015475,4.237
395458,520,474,994,177,27,242,311.34,0.9724,0.5209,0.165428,2,3,15,272.68,0.6692,0.0326,0.001125,4.214
395464,520,425,945,214,13,222,326.34,0.9887,0.5612,0.198600,18,6,78,277.21,0.9581,0.1122,0.008089,4.280
395480,520,354,874,187,105,242,309.59,0.8666,0.6175,0.270796,2,51,39,171.36,0.9693,0.1842,0.025269,4.262
395486,520,318,838,231,93,234,326.85,0.9099,0.6572,0.307603,96,21,0,35.90,1.0000,0.2242,0.030236,4.457
395491,520,199,719,234,163,230,328.55,0.8162,0.7732,0.494014,11,90,49,154.02,0.9712,0.3220,0.076049,4.316
395493,520,278,798,252,121,129,18.12,0.9345,0.6868,0.359582,51,64,18,123.48,0.7553,0.2512,0.044142,4.351
395518,520,374,894,237,47,194,339.54,0.9369,0.5998,0.239354,34,32,58,286.04,0.4081,0.1561,0.016786,4.333
395526,520,377,897,239,56,172,347.10,0.9037,0.5989,0.241606,71,13,12,26.29,0.8582,0.1621,0.016542,4.382
395532,520,433,953,237,20,104,7.95,0.9739,0.5484,0.195075,13,26,2,131.79,0.9253,0.0977,0.008287,4.205
395549,520,421,941,218,42,190,335.94,0.9135,0.5600,0.202813,8,30,1,137.55,0.9851,0.1070,0.009823,4.226
395578,520,346,866,238,73,208,336.17,0.9050,0.6309,0.274989,18,48,64,234.66,0.5878,0.1925,0.026126,4.269
395582,520,452,972,185,68,187,327.10,0.7707,0.5260,0.180377,23,4,27,320.78,0.7021,0.0652,0.003481,4.308
395591,520,434,954,224,55,125,0.79,0.8477,0.5508,0.200630,35,14,30,336.72,0.4860,0.1015,0.007652,4.347
395597,520,457,977,209,45,152,346.20,0.8479,0.5252,0.177012,17,9,8,27.71,0.2476,0.0595,0.003321,4.257
395613,520,450,970,236,34,50,24.75,0.9690,0.5418,0.192104,0,17,15,186.08,1.0000,0.0661,0.004354,4.454
395615,520,405,925,216,51,222,326.54,0.9304,0.5831,0.222425,57,8,26,3.28,0.7614,0.1306,0.011182,4.453
395624,520,467,987,223,10,123,358.50,0.9794,0.5230,0.173378,6,0,25,291.26,1.0000,0.0353,0.001089,4.372
395632,520,460,980,227,31,89,12.33,0.9449,0.5285,0.180350,17,4,23,314.89,0.6519,0.0552,0.002679,4.373
395633,520,473,993,214,38,129,355.62,0.8787,0.5195,0.172697,4,3,10,291.17,0.4444,0.0325,0.001129,4.356
395637,520,437,957,211,8,215,327.33,0.9914,0.5498,0.189309,24,0,61,292.08,1.0000,0.0893,0.005311,4.327
395642,520,472,992,222,33,104,6.33,0.9221,0.5235,0.176195,1,2,11,269.23,0.7287,0.0261,0.000740,4.458
395655,520,329,849,248,109,7,46.53,0.9932,0.6452,0.309123,53,48,48,17.54,0.0585,0.2138,0.030842,4.442
395656,520,454,974,213,72,9,38.81,0.9799,0.5279,0.188030,16,9,36,291.52,0.6392,0.0725,0.004329,4.381
395659,520,447,967,214,51,150,348.54,0.8377,0.5385,0.188681,32,12,5,41.98,0.6041,0.0848,0.005810,4.277
395660,520,465,985,149,90,203,305.84,0.6925,0.5174,0.180141,13,4,24,303.56,0.6641,0.0514,0.002384,4.393
395667,520,441,961,219,17,167,342.90,0.9654,0.5370,0.182534,32,13,5,45.16,0.5967,0.0867,0.006059,4.148
395678,520,472,992,206,46,157,343.65,0.8413,0.5229,0.175122,2,1,20,277.25,0.9221,0.0297,0.000851,4.427
395681,520,391,911,225,57,194,336.75,0.8921,0.5860,0.228312,61,13,44,345.01,0.7072,0.1523,0.014619,4.307
395682,520,379,899,244,56,149,355.98,0.9093,0.5984,0.242345,35,30,69,286.36,0.5562,0.1604,0.017155,4.353
395722,520,433,953,229,23,140,354.20,0.9556,0.5458,0.191671,0,1,86,264.11,0.9985,0.1048,0.006935,4.245
395727,520,368,888,241,88,89,23.43,0.8875,0.6099,0.264045,3,47,39,177.18,0.9373,0.1711,0.021988,4.362
395737,520,352,872,198,128,118,28.51,0.4565,0.6165,0.287535,53,43,14,90.22,0.6380,0.1912,0.025164,4.491
395749,520,436,956,226,17,164,345.50,0.9705,0.5489,0.192526,21,21,3,109.25,0.7239,0.0906,0.007023,4.253
395752,520,254,774,246,146,99,45.29,0.8471,0.7160,0.410541,0,73,73,194.77,1.0000,0.2713,0.052459,4.495
395764,520,445,965,218,70,75,22.74,0.8326,0.5418,0.197962,28,13,7,43.38,0.4610,0.0813,0.005501,4.468
395770,520,461,981,182,31,238,313.59,0.9642,0.5272,0.170992,6,6,21,280.76,0.5357,0.0477,0.002231,4.231
395771,520,386,906,200,79,236,317.51,0.8929,0.5949,0.239288,17,34,58,257.20,0.5447,0.1474,0.015687,4.404
395775,520,336,856,235,59,248,324.97,0.9743,0.6380,0.275698,47,49,12,112.21,0.7284,0.2008,0.028275,4.161
395783,520,314,834,237,122,105,29.85,0.7961,0.6594,0.329461,41,59,1,126.49,0.9877,0.2248,0.036015,4.412
395785,520,330,850,224,126,94,38.78,0.6860,0.6446,0.315793,37,55,27,135.19,0.5602,0.2122,0.032048,4.458
395808,520,321,841,248,45,246,328.67,0.9808,0.6490,0.284899,32,28,122,274.72,0.9091,0.2077,0.025426,4.440
395812,520,395,915,219,36,242,322.68,0.9738,0.5927,0.227347,43,5,82,298.68,0.9230,0.1437,0.012314,4.451
395813,520,473,993,171,26,247,308.51,0.9760,0.5158,0.161130,4,4,5,285.76,0.0838,0.0333,0.001236,4.121
395830,520,360,880,235,41,243,326.34,0.9767,0.6228,0.257216,51,23,82,301.87,0.7207,0.1773,0.019258,4.436
395853,520,345,865,238,100,120,14.01,0.8075,0.6289,0.286503,50,44,20,95.68,0.4979,0.1911,0.025300,4.469
395857,520,378,898,249,18,179,346.07,0.9864,0.6010,0.238304,47,32,27,39.22,0.2599,0.1571,0.017166,4.292
395859,520,452,972,192,64,185,330.14,0.7913,0.5314,0.183776,31,6,2,36.19,0.8042,0.0717,0.004260,4.308
395861,520,454,974,188,95,70,36.03,0.6443,0.5260,0.193195,3,11,39,264.86,0.8413,0.0681,0.004052,4.499
395868,520,473,993,226,28,25,28.51,0.9781,0.5151,0.170724,2,2,23,273.69,0.8972,0.0348,0.001182,4.313
395871,520,425,945,204,35,234,320.62,0.9624,0.5614,0.199816,16,15,66,275.83,0.8466,0.1099,0.008451,4.274
395878,520,445,965,208,57,172,339.29,0.8236,0.5441,0.193167,5,7,60,269.44,0.9565,0.0831,0.005104,4.413
395893,520,418,938,210,66,184,336.00,0.8166,0.5632,0.210607,25,6,76,284.16,0.9320,0.1161,0.008587,4.448
395913,520,383,903,253,58,74,22.45,0.9872,0.5970,0.244068,5,39,42,203.54,0.7987,0.1471,0.016504,4.422
395914,520,332,852,247,42,243,329.14,0.9814,0.6437,0.279040,4,29,125,264.60,0.9649,0.1995,0.023850,4.456
395915,520,359,879,208,107,201,329.90,0.7071,0.6247,0.281439,0,49,43,182.14,1.0000,0.1784,0.023709,4.497
395923,520,396,916,239,7,180,343.52,0.9932,0.5799,0.218010,3,2,109,265.36,0.9979,0.1420,0.011668,4.346
395943,520,429,949,225,60,107,8.81,0.8435,0.5517,0.203035,25,17,42,296.52,0.5112,0.1013,0.007747,4.382
395949,520,374,894,229,88,138,1.38,0.7660,0.6020,0.254750,22,41,45,212.48,0.3572,0.1633,0.019459,4.388
395978,520,463,983,128,86,252,288.83,0.9702,0.5262,0.182728,7,2,40,279.77,0.9398,0.0542,0.002418,4.440
395982,520,469,989,211,51,128,356.41,0.8240,0.5235,0.177773,2,1,28,273.13,0.9676,0.0360,0.001184,4.450
395985,520,460,980,225,4,121,359.47,0.9920,0.5250,0.174776,0,17,2,146.64,1.0000,0.0623,0.004053,4.158
395993,520,476,996,171,60,209,315.98,0.8356,0.5100,0.164941,2,2,4,284.11,0.2654,0.0240,0.000651,4.244
395998,520,433,953,235,44,56,24.42,0.9505,0.5470,0.197522,42,9,8,25.40,0.7206,0.0976,0.007052,4.339
395999,520,211,731,181,185,211,278.59,0.2715,0.7568,0.492246,16,86,56,159.60,0.9296,0.3114,0.070510,4.500
396005,520,271,791,219,129,249,317.18,0.9387,0.7023,0.376015,63,58,77,296.78,0.2194,0.2650,0.046187,4.429
396007,520,444,964,242,2,29,26.85,0.9990,0.5416,0.190128,31,6,30,329.26,0.6740,0.0822,0.005153,4.354
396011,520,311,831,255,56,237,332.36,1.0000,0.6621,0.302059,12,60,47,170.78,0.8481,0.2205,0.035150,4.135
396016,520,462,982,221,58,35,31.28,0.9371,0.5285,0.185223,12,5,22,302.13,0.5795,0.0514,0.002446,4.485
396020,520,418,938,250,5,47,24.31,0.9977,0.5611,0.206415,36,23,10,64.96,0.4804,0.1154,0.010098,4.267
396038,520,390,910,243,53,141,358.34,0.9081,0.5910,0.235272,21,39,37,186.88,0.3478,0.1530,0.017440,4.230
396054,520,479,999,93,97,244,276.08,0.9269,0.5073,0.174076,0,0,2,264.05,1.0000,0.0079,0.000044,4.478
396063,520,343,863,239,37,250,325.74,0.9841,0.6323,0.265786,14,49,52,203.09,0.6522,0.1873,0.025378,4.189
396066,520,463,983,226,47,11,32.27,0.9869,0.5270,0.182288,23,0,17,338.48,1.0000,0.0514,0.002227,4.448
396123,520,389,909,249,36,133,1.01,0.9556,0.5888,0.230984,46,8,82,300.81,0.8823,0.1511,0.013637,4.415
396134,520,370,890,226,59,224,328.58,0.9307,0.6074,0.246808,14,48,7,140.47,0.9618,0.1710,0.022225,4.109
396151,520,471,991,225,39,27,29.41,0.9648,0.5197,0.175406,1,8,6,177.76,0.7246,0.0412,0.001933,4.340
396156,520,413,933,216,17,223,326.58,0.9853,0.5664,0.203296,23,29,4,121.12,0.7830,0.1152,0.010696,4.173
396157,520,446,966,220,41,151,349.10,0.8871,0.5426,0.190384,35,5,24,344.93,0.6995,0.0839,0.005319,4.345
396169,520,363,883,243,33,206,337.41,0.9731,0.6095,0.246016,47,39,13,92.33,0.6096,0.1723,0.020845,4.178
396173,520,403,923,252,21,116,6.33,0.9819,0.5830,0.224964,42,25,19,40.22,0.3484,0.1308,0.012346,4.410
396180,520,433,953,201,37,223,322.41,0.9464,0.5493,0.190700,41,4,44,324.82,0.8023,0.1045,0.007402,4.193
396182,520,335,855,202,126,171,344.01,0.5072,0.6359,0.304199,15,57,5,140.26,0.9819,0.2023,0.030387,4.406
396184,520,445,965,230,51,3,33.32,0.9964,0.5384,0.192002,30,9,18,354.78,0.5081,0.0801,0.005151,4.388
396186,520,452,972,174,84,188,322.09,0.6906,0.5318,0.189711,32,6,0,42.73,1.0000,0.0728,0.004374,4.409
396205,520,410,930,229,24,192,337.93,0.9696,0.5721,0.211197,9,33,35,202.73,0.5854,0.1268,0.012671,4.168
396220,520,25,545,236,253,213,126.18,0.8968,0.9665,0.928872,14,133,7,142.27,0.9964,0.4622,0.168830,4.473
396226,520,362,882,227,20,251,322.82,0.9920,0.6064,0.237985,14,4,128,268.21,0.9959,0.1773,0.017386,4.274
396233,520,387,907,251,55,81,19.93,0.9736,0.5917,0.238393,54,20,39,347.70,0.5463,0.1473,0.014312,4.484
396243,520,478,998,211,41,105,4.72,0.8689,0.5070,0.164570,2,1,1,18.81,0.2281,0.0183,0.000368,4.260
396259,520,471,991,211,33,141,350.16,0.8920,0.5157,0.168620,15,0,20,319.28,1.0000,0.0417,0.001521,4.243
396261,520,315,835,229,91,246,323.16,0.9548,0.6591,0.307960,55,41,90,294.34,0.5496,0.2233,0.031363,4.400
396275,520,474,994,226,31,29,28.22,0.9737,0.5170,0.172403,11,1,11,327.90,0.7386,0.0349,0.001170,4.346
396277,520,408,928,230,74,92,18.06,0.8367,0.5727,0.224960,2,30,62,253.86,0.9008,0.1322,0.012892,4.372
396295,520,385,905,221,51,219,328.64,0.9324,0.5895,0.228565,53,29,4,63.27,0.8007,0.1544,0.016445,4.192
396304,520,412,932,215,20,234,323.68,0.9856,0.5735,0.208899,46,9,39,336.18,0.7000,0.1169,0.009228,4.371
396336,520,426,946,232,46,129,359.97,0.8976,0.5602,0.206977,31,5,63,297.19,0.8833,0.1074,0.007587,4.462
396359,520,362,882,246,66,149,357.24,0.9131,0.6109,0.256624,42,25,93,288.30,0.7684,0.1798,0.019778,4.394
396363,520,426,946,242,23,104,8.83,0.9732,0.5598,0.204928,29,24,19,67.08,0.1650,0.1110,0.009615,4.276
396377,520,284,804,212,131,234,318.83,0.8056,0.6885,0.361714,67,55,56,12.33,0.1251,0.2525,0.042113,4.470
396378,520,403,923,244,50,96,13.95,0.9292,0.5770,0.223622,2,35,26,171.03,0.9384,0.1261,0.012895,4.350
396379,520,401,921,232,18,206,334.80,0.9846,0.5840,0.220473,31,4,95,283.20,0.9722,0.1434,0.012043,4.359
396387,520,434,954,179,82,207,318.03,0.7622,0.5483,0.201243,9,11,63,271.70,0.9180,0.0954,0.006563,4.442
396390,520,455,975,199,74,122,359.67,0.6995,0.5252,0.184467,11,6,35,285.88,0.7361,0.0615,0.003227,4.405
396398,520,421,941,200,56,224,321.44,0.9052,0.5624,0.204911,7,17,70,267.68,0.9171,0.1123,0.008882,4.329
396399,520,420,940,215,74,138,355.92,0.7554,0.5594,0.211819,33,15,42,313.29,0.5630,0.1073,0.008322,4.489
396403,520,388,908,242,29,178,345.03,0.9672,0.5909,0.229734,30,25,71,283.54,0.6628,0.1462,0.014262,4.353
396409,520,309,829,235,78,253,323.44,0.9911,0.6583,0.302050,25,31,134,270.12,0.9415,0.2227,0.029077,4.452
396414,520,422,942,236,16,140,355.44,0.9772,0.5575,0.201000,47,8,28,352.73,0.7030,0.1118,0.008619,4.282
396415,520,387,907,207,100,157,348.92,0.6306,0.5912,0.248158,33,39,1,118.27,0.9627,0.1545,0.017766,4.400
396420,520,414,934,232,56,122,3.57,0.8701,0.5659,0.213922,57,4,17,12.56,0.8656,0.1228,0.009973,4.401
396465,520,461,981,174,34,250,308.55,0.9760,0.5272,0.170457,1,6,34,264.39,0.9199,0.0522,0.002522,4.197
396479,520,420,940,245,39,5,31.19,0.9961,0.5605,0.208780,28,24,2,100.01,0.8399,0.1061,0.009045,4.383
396490,520,453,973,187,68,188,327.45,0.7756,0.5298,0.183313,30,7,3,35.80,0.7215,0.0722,0.004346,4.293
396498,520,431,951,224,73,52,30.95,0.8886,0.5533,0.208630,13,24,38,254.95,0.4242,0.1047,0.008787,4.399
396500,520,479,999,209,65,43,31.54,0.8907,0.5136,0.175126,0,0,3,264.05,1.0000,0.0094,0.000066,4.497
396501,520,426,946,239,1,131,358.70,0.9987,0.5568,0.200143,45,10,34,342.19,0.6625,0.1137,0.008905,4.247
396514,520,468,988,225,27,65,19.56,0.9646,0.5172,0.171759,18,0,13,338.08,1.0000,0.0421,0.001577,4.300
396522,520,292,812,255,75,243,330.89,1.0000,0.6809,0.327662,75,38,90,315.29,0.5914,0.2440,0.036204,4.381
396523,520,396,916,230,82,57,32.00,0.8805,0.5767,0.231558,54,19,27,7.98,0.5554,0.1407,0.013293,4.449
396531,520,370,890,217,78,214,328.68,0.8595,0.6055,0.250575,15,47,17,144.64,0.8968,0.1696,0.021750,4.189
396535,520,341,861,205,126,129,17.54,0.4924,0.6253,0.294874,23,51,64,230.21,0.5058,0.2042,0.029199,4.355
396551,520,479,999,181,78,147,342.19,0.6435,0.5110,0.173805,1,0,0,29.23,1.0000,0.0090,0.000065,4.470
396556,520,368,888,243,51,191,341.91,0.9369,0.6117,0.251869,48,9,99,294.52,0.9164,0.1733,0.017246,4.489
396560,520,412,932,207,1,246,319.07,0.9994,0.5651,0.199427,53,11,19,13.07,0.7097,0.1240,0.010434,4.127
396564,520,468,988,153,71,235,302.51,0.8792,0.5187,0.172773,17,1,5,1.34,0.7696,0.0401,0.001519,4.324
396565,520,365,885,236,63,202,337.26,0.9118,0.6148,0.256548,62,29,0,57.47,1.0000,0.1691,0.019030,4.441
396594,520,332,852,240,61,235,329.30,0.9552,0.6393,0.278635,87,16,24,19.98,0.8342,0.2022,0.024631,4.403
396637,520,359,879,242,38,219,333.82,0.9723,0.6178,0.253808,64,5,84,314.89,0.9011,0.1789,0.018388,4.442
396638,520,378,898,219,34,254,320.05,0.9958,0.6008,0.233618,4,1,120,265.45,0.9991,0.1582,0.014034,4.429
396639,520,416,936,194,70,227,318.34,0.8724,0.5692,0.213970,38,22,27,359.23,0.2955,0.1207,0.010651,4.352
396649,520,398,918,231,66,133,0.34,0.8356,0.5774,0.225816,26,24,71,279.90,0.6970,0.1404,0.013278,4.359
396665,520,357,877,235,35,241,326.85,0.9810,0.6184,0.252176,36,28,95,281.73,0.7716,0.1810,0.020317,4.297
396670,520,374,894,214,52,243,320.86,0.9518,0.5953,0.232250,65,12,38,354.85,0.7336,0.1561,0.015269,4.324
396672,520,469,989,219,34,101,7.03,0.9147,0.5171,0.171463,4,6,18,271.64,0.5037,0.0442,0.001997,4.259
396678,520,401,921,248,43,73,20.54,0.9625,0.5754,0.221688,5,36,51,233.83,0.7771,0.1428,0.015330,4.159
396681,520,372,892,240,90,83,26.12,0.8884,0.6097,0.264651,60,33,1,65.68,0.9464,0.1746,0.020507,4.463
396685,520,383,903,253,64,29,32.42,0.9906,0.5975,0.246418,5,42,36,179.65,0.8596,0.1542,0.018155,4.349
396689,520,348,868,251,16,227,333.82,0.9944,0.6308,0.264290,77,2,71,332.28,0.9225,0.1901,0.020764,4.441
396691,520,382,902,226,53,219,329.92,0.9349,0.5995,0.238317,22,15,107,273.22,0.9586,0.1631,0.015737,4.386
396699,520,414,934,242,26,125,1.95,0.9652,0.5674,0.211000,38,16,53,309.22,0.6449,0.1238,0.010397,4.321
396704,520,404,924,171,93,241,305.33,0.8702,0.5777,0.228381,11,35,24,161.61,0.6460,0.1298,0.013391,4.391
396707,520,272,792,248,109,222,335.33,0.9532,0.6976,0.361703,0,64,95,238.09,1.0000,0.2555,0.044928,4.337
396715,520,357,877,227,52,251,322.41,0.9837,0.6220,0.257541,50,25,82,300.23,0.6980,0.1792,0.019826,4.404
396721,520,405,925,207,46,245,318.66,0.9576,0.5814,0.218136,39,15,61,304.55,0.7164,0.1299,0.011099,4.389
396724,520,391,911,242,10,187,342.21,0.9920,0.5899,0.226853,4,31,81,260.96,0.9267,0.1530,0.015998,4.195
396727,520,366,886,231,30,247,324.58,0.9856,0.6137,0.246352,30,44,24,136.68,0.4685,0.1711,0.021433,4.149
396728,520,460,980,220,33,145,350.85,0.9117,0.5350,0.183502,14,0,39,293.99,1.0000,0.0553,0.002398,4.456
396737,520,380,900,218,43,248,320.96,0.9717,0.5994,0.234124,32,41,18,126.56,0.5202,0.1623,0.019366,4.096
396746,520,477,997,164,55,228,309.17,0.8920,0.5095,0.162271,7,0,5,336.40,1.0000,0.0242,0.000561,4.198
396747,520,457,977,196,50,188,330.47,0.8495,0.5261,0.176495,10,5,32,287.15,0.7379,0.0563,0.002774,4.292
396748,520,433,953,128,100,248,287.06,0.9180,0.5465,0.204806,40,15,7,38.91,0.6264,0.1038,0.008082,4.387
396773,520,413,933,234,72,28,35.02,0.9587,0.5689,0.222140,37,25,12,67.57,0.4452,0.1220,0.011152,4.450
396774,520,429,949,241,14,75,17.32,0.9887,0.5481,0.195262,34,17,24,353.90,0.3559,0.1032,0.008070,4.224
396783,520,451,971,145,86,244,296.12,0.9000,0.5378,0.192071,14,16,4,116.15,0.5449,0.0711,0.004727,4.423
396787,520,409,929,190,90,203,322.92,0.7363,0.5734,0.225725,4,22,80,264.50,0.9327,0.1317,0.011787,4.462
396822,520,408,928,232,73,20,36.38,0.9713,0.5659,0.219743,53,8,47,333.97,0.7559,0.1331,0.011359,4.396
396827,520,387,907,217,36,246,321.27,0.9752,0.5924,0.226692,29,37,27,139.43,0.2473,0.1497,0.016635,4.152
396855,520,457,977,176,69,217,315.04,0.8316,0.5338,0.184971,11,12,3,113.16,0.5245,0.0586,0.003407,4.400
396865,520,466,986,154,72,235,302.76,0.8772,0.5213,0.175033,11,6,23,295.94,0.5490,0.0533,0.002633,4.276
396875,520,411,931,248,49,24,30.84,0.9797,0.5743,0.222226,8,34,2,139.17,0.9791,0.1203,0.012000,4.391
396887,520,404,924,250,22,106,9.27,0.9804,0.5764,0.219420,31,25,49,294.07,0.4269,0.1302,0.012083,4.340
396901,520,435,955,224,26,175,341.75,0.9522,0.5541,0.196838,44,0,11,10.51,1.0000,0.0880,0.005597,4.440
396915,520,448,968,219,71,14,37.51,0.9739,0.5382,0.196008,20,17,16,39.35,0.0763,0.0827,0.005870,4.403
396932,520,438,958,211,53,171,340.34,0.8422,0.5452,0.193375,5,14,51,266.95,0.8665,0.0860,0.005853,4.357
396943,520,26,546,249,251,191,109.33,0.9189,0.9676,0.928960,33,130,72,152.35,0.9372,0.4638,0.167558,4.500
396950,520,338,858,251,22,240,330.78,0.9932,0.6406,0.273774,46,50,14,115.08,0.6976,0.2029,0.028938,4.102
396951,520,470,990,218,37,115,1.76,0.8951,0.5215,0.174689,20,1,2,20.11,0.8650,0.0434,0.001748,4.342
396969,520,348,868,244,43,234,330.57,0.9755,0.6333,0.269042,63,37,24,47.00,0.4579,0.1923,0.024460,4.285
396991,520,480,1000,218,2,129,355.15,0.9949,0.5133,0.165364,0,0,0,0.00,0.0000,0.0000,0.000000,4.307
397003,520,393,913,236,56,159,350.81,0.8873,0.5876,0.231673,6,37,30,175.06,0.7946,0.1360,0.014555,4.363
397008,520,456,976,209,9,193,332.64,0.9845,0.5315,0.176030,28,1,0,31.89,1.0000,0.0559,0.002686,4.290
397009,520,425,945,205,85,151,348.94,0.6856,0.5624,0.217124,1,32,9,149.34,0.9881,0.1113,0.010592,4.409
397012,520,363,883,253,70,69,25.79,0.9870,0.6075,0.256962,15,47,13,142.41,0.9218,0.1689,0.021636,4.285
397022,520,386,906,245,65,77,22.33,0.9383,0.5883,0.237322,52,22,50,329.79,0.5463,0.1533,0.015343,4.397
397058,520,338,858,253,99,71,32.41,0.9822,0.6435,0.302647,34,54,13,131.57,0.8382,0.2042,0.030074,4.404
397066,520,399,919,199,80,211,323.94,0.8105,0.5780,0.225841,58,18,4,39.87,0.8407,0.1413,0.013411,4.350
397083,520,398,918,207,45,243,319.14,0.9571,0.5792,0.216149,36,17,69,295.31,0.7410,0.1362,0.012056,4.289
397086,520,307,827,209,140,153,7.11,0.4519,0.6663,0.346128,6,62,63,196.78,0.8984,0.2321,0.038427,4.480
397112,520,284,804,254,79,252,328.43,0.9966,0.6885,0.336939,86,45,27,43.76,0.5775,0.2486,0.039346,4.331
397115,520,311,831,181,141,216,308.14,0.5758,0.6611,0.338318,13,63,11,142.49,0.9722,0.2230,0.036646,4.482
397153,520,406,926,209,47,244,319.41,0.9564,0.5845,0.221217,62,0,22,7.00,1.0000,0.1302,0.010822,4.459
397172,520,454,974,122,96,242,286.31,0.8798,0.5285,0.189138,5,12,39,267.39,0.7584,0.0716,0.004417,4.395
397176,520,365,885,241,20,228,331.36,0.9905,0.6146,0.248053,3,41,66,243.13,0.8704,0.1670,0.019985,4.259
397195,520,453,973,224,50,61,23.45,0.9193,0.5301,0.184682,16,0,53,286.85,1.0000,0.0717,0.003672,4.373
397198,520,150,670,240,198,140,75.09,0.6725,0.8254,0.608083,60,97,40,135.88,0.7616,0.3648,0.096630,4.488
397210,520,423,943,191,69,220,319.26,0.8542,0.5585,0.205012,49,11,7,29.58,0.7798,0.1135,0.009078,4.317
397223,520,426,946,244,47,5,32.14,0.9959,0.5639,0.212805,0,30,33,204.11,1.0000,0.1121,0.010383,4.352
397229,520,377,897,249,52,142,359.04,0.9459,0.6021,0.245521,39,34,44,307.63,0.1803,0.1586,0.017572,4.373
397235,520,437,957,242,28,0,30.55,1.0000,0.5481,0.197112,25,4,59,292.91,0.9007,0.0945,0.006093,4.405
397244,520,426,946,171,88,223,310.09,0.7931,0.5570,0.209658,37,7,59,306.15,0.8188,0.1145,0.008611,4.430
397248,520,410,930,191,79,220,318.76,0.8269,0.5706,0.218369,40,3,75,300.07,0.9407,0.1297,0.010243,4.455
397249,520,456,976,232,25,22,28.68,0.9837,0.5263,0.179121,0,11,30,253.29,0.9999,0.0590,0.003331,4.296
397256,520,430,950,196,70,188,330.41,0.7829,0.5468,0.197485,12,19,50,270.37,0.6701,0.1002,0.007742,4.286
397258,520,442,962,103,104,253,277.40,0.9806,0.5365,0.198754,8,14,45,270.42,0.7416,0.0827,0.005551,4.478
397265,520,342,862,235,55,243,326.20,0.9635,0.6317,0.268680,11,55,0,139.87,1.0000,0.1933,0.028034,4.084
397276,520,317,837,246,63,254,326.22,0.9966,0.6629,0.303063,19,61,2,138.71,0.9929,0.2175,0.034802,4.163
397285,520,443,963,223,57,79,18.74,0.8772,0.5379,0.191814,21,10,41,296.17,0.6628,0.0831,0.005366,4.368
397290,520,221,741,227,152,240,321.48,0.8522,0.7485,0.450800,49,80,25,133.85,0.8423,0.3009,0.064603,4.370
397293,520,469,989,187,73,164,336.33,0.7096,0.5223,0.180117,9,2,25,295.86,0.8037,0.0435,0.001717,4.450
397355,520,343,863,243,46,222,333.31,0.9656,0.6259,0.262855,1,32,112,262.98,0.9910,0.1881,0.022092,4.340
397361,520,414,934,224,75,115,8.05,0.7865,0.5689,0.221198,31,28,16,95.78,0.3195,0.1231,0.011592,4.403
397363,520,404,924,229,15,209,333.30,0.9874,0.5796,0.216057,12,33,30,183.46,0.5050,0.1262,0.012596,4.250
397370,520,446,966,219,27,168,342.74,0.9391,0.5413,0.186735,29,2,46,308.70,0.8911,0.0841,0.005019,4.303
397378,520,292,812,229,124,184,346.08,0.7091,0.6753,0.345361,51,56,68,267.38,0.1632,0.2425,0.039495,4.418
397382,520,442,962,209,22,202,330.16,0.9646,0.5412,0.183954,18,14,23,304.74,0.2581,0.0765,0.005045,4.250
397386,520,335,855,243,43,243,328.22,0.9789,0.6374,0.272562,87,13,33,11.12,0.8213,0.2015,0.024242,4.345
397389,520,163,683,253,170,229,337.92,0.9770,0.8093,0.552912,23,97,47,149.80,0.9480,0.3479,0.089364,4.326
397407,520,409,929,246,0,127,1.26,1.0000,0.5694,0.211286,15,24,69,269.91,0.7792,0.1302,0.011844,4.225
397410,520,441,961,217,7,186,336.64,0.9885,0.5415,0.184512,5,13,59,267.66,0.9167,0.0920,0.006358,4.161
397417,520,434,954,178,55,249,309.06,0.9647,0.5475,0.190378,2,27,26,191.35,0.8614,0.1008,0.008713,4.094
397421,520,299,819,211,129,202,330.93,0.6360,0.6673,0.338151,3,60,75,221.55,0.9365,0.2312,0.037589,4.432
397424,520,458,978,196,36,209,324.61,0.9278,0.5301,0.176026,19,2,31,309.19,0.8244,0.0586,0.002808,4.280
397432,520,388,908,218,79,181,339.79,0.7905,0.5900,0.238357,43,34,10,88.70,0.6271,0.1530,0.016796,4.317
397443,520,464,984,233,15,13,28.93,0.9922,0.5244,0.176975,13,0,39,292.33,1.0000,0.0543,0.002320,4.338
397464,520,402,922,221,41,216,329.48,0.9479,0.5808,0.219181,23,3,93,277.76,0.9850,0.1321,0.010375,4.458
397469,520,250,770,241,131,213,337.49,0.8684,0.7167,0.397397,28,71,69,191.16,0.5886,0.2714,0.051828,4.394
397472,520,327,847,250,74,210,338.57,0.9673,0.6532,0.298777,70,39,16,54.99,0.6409,0.2068,0.027907,4.477
397478,520,457,977,173,60,227,312.10,0.8803,0.5269,0.176629,26,2,23,332.93,0.7733,0.0633,0.003249,4.256
397504,520,365,885,245,12,206,337.74,0.9933,0.6065,0.241347,35,4,114,280.83,0.9837,0.1724,0.016590,4.375
397523,520,329,849,247,110,55,40.80,0.9333,0.6478,0.312050,15,57,29,151.13,0.8927,0.2060,0.031164,4.461
397526,520,347,867,246,49,212,336.64,0.9587,0.6271,0.265459,34,48,48,196.19,0.2056,0.1948,0.026673,4.114
397529,520,439,959,227,62,45,29.94,0.9212,0.5456,0.199684,13,1,73,275.20,0.9934,0.0949,0.005883,4.468
397550,520,430,950,238,21,114,4.76,0.9714,0.5538,0.199316,14,0,74,275.95,1.0000,0.0955,0.005877,4.462
397551,520,469,989,172,34,245,308.99,0.9632,0.5197,0.165081,0,7,10,215.99,1.0000,0.0391,0.001739,4.157
397553,520,462,982,230,36,34,27.97,0.9681,0.5288,0.182033,1,8,29,260.27,0.8767,0.0527,0.002688,4.404
397554,520,398,918,244,64,44,30.32,0.9523,0.5809,0.230851,64,9,9,25.93,0.8805,0.1422,0.013053,4.454
397581,520,472,992,227,19,90,11.19,0.9708,0.5235,0.175377,0,3,18,259.92,1.0000,0.0320,0.001088,4.412
397591,520,387,907,183,98,223,313.66,0.7757,0.5885,0.241313,13,41,34,174.45,0.6238,0.1535,0.017869,4.292
397625,520,421,941,190,42,250,312.95,0.9750,0.5562,0.195064,8,28,40,237.61,0.5871,0.1141,0.010353,4.061
397638,520,382,902,223,22,244,323.38,0.9886,0.5951,0.227956,64,11,58,333.08,0.7630,0.1640,0.016350,4.189
397653,520,402,922,220,56,193,335.73,0.8828,0.5759,0.218965,22,21,69,278.03,0.7459,0.1289,0.011365,4.383
397657,520,416,936,221,87,41,38.25,0.8917,0.5657,0.223511,21,30,26,166.08,0.2071,0.1218,0.011625,4.438
397671,520,454,974,193,86,115,5.32,0.6180,0.5303,0.192325,10,15,10,144.94,0.2341,0.0669,0.004281,4.464
397681,520,441,961,239,15,76,16.88,0.9869,0.5443,0.192175,3,18,42,257.46,0.7914,0.0859,0.006191,4.310
397693,520,462,982,233,23,37,26.35,0.9836,0.5287,0.180731,5,8,14,259.32,0.2897,0.0480,0.002376,4.405
397695,520,467,987,232,14,19,28.33,0.9924,0.5222,0.175200,6,2,26,286.69,0.8383,0.0413,0.001567,4.367
397703,520,447,967,180,60,228,314.15,0.8866,0.5381,0.185375,14,13,38,281.80,0.5828,0.0796,0.005211,4.263
397707,520,342,862,240,68,208,336.59,0.9178,0.6295,0.272163,9,50,62,221.92,0.7745,0.1940,0.026870,4.191
397722,520,463,983,216,17,172,340.61,0.9647,0.5340,0.179807,5,3,36,276.71,0.9098,0.0509,0.002248,4.398
397724,520,473,993,213,21,155,345.39,0.9432,0.5205,0.170513,5,0,19,295.44,1.0000,0.0296,0.000793,4.341
397726,520,337,857,217,93,244,320.06,0.9329,0.6426,0.291137,36,52,23,132.49,0.5909,0.2010,0.028929,4.322
397742,520,419,939,217,84,76,26.59,0.7853,0.5589,0.216165,1,32,16,157.27,0.9791,0.1128,0.010768,4.380
397761,520,398,918,195,96,184,331.66,0.6665,0.5792,0.234299,38,24,57,301.55,0.5356,0.1417,0.013608,4.470
397781,520,373,893,227,70,191,338.51,0.8591,0.6001,0.244752,8,34,75,259.40,0.8261,0.1566,0.017036,4.397
397785,520,293,813,214,130,226,322.41,0.7629,0.6850,0.357537,33,64,51,165.08,0.4833,0.2448,0.042290,4.416
397795,520,416,936,195,65,240,315.72,0.9213,0.5749,0.216753,38,12,55,308.97,0.7247,0.1191,0.009509,4.483
397804,520,467,987,214,53,101,8.42,0.8372,0.5219,0.177843,15,1,0,35.83,1.0000,0.0354,0.001233,4.447
397806,520,412,932,203,11,254,316.24,0.9957,0.5671,0.200932,26,17,68,284.58,0.7648,0.1241,0.010378,4.156
397832,520,324,844,249,67,210,338.17,0.9633,0.6450,0.288102,49,33,102,288.53,0.7192,0.2106,0.027000,4.391
397837,520,426,946,245,35,13,30.30,0.9903,0.5584,0.206471,32,3,66,297.13,0.9300,0.1091,0.007656,4.448
397838,520,419,939,215,64,169,342.57,0.8137,0.5618,0.209806,30,11,63,293.98,0.7972,0.1142,0.008742,4.423
397844,520,447,967,243,9,16,28.50,0.9962,0.5446,0.192910,5,14,44,266.12,0.7975,0.0798,0.005282,4.394
397855,520,434,954,231,6,146,352.24,0.9902,0.5477,0.191974,28,20,13,62.62,0.2813,0.0982,0.007763,4.189
397880,520,474,994,161,67,229,307.02,0.8642,0.5194,0.172491,0,5,8,222.41,1.0000,0.0328,0.001261,4.340
397887,520,431,951,224,70,27,35.29,0.9506,0.5473,0.203095,36,5,44,318.67,0.7835,0.0978,0.006655,4.467
397888,520,399,919,216,24,236,323.44,0.9826,0.5781,0.213103,40,27,30,3.51,0.2180,0.1362,0.013288,4.157
397894,520,383,903,228,5,247,324.01,0.9981,0.6020,0.233202,0,25,92,262.64,1.0001,0.1498,0.014679,4.379
397903,520,432,952,246,11,26,27.60,0.9954,0.5520,0.199103,11,16,57,271.83,0.8108,0.0994,0.007371,4.342
397927,520,432,952,196,71,197,327.47,0.7986,0.5534,0.202750,2,26,22,180.71,0.8732,0.0962,0.008096,4.351
397964,520,462,982,235,27,0,30.57,1.0000,0.5328,0.184492,0,13,6,162.80,1.0000,0.0526,0.003010,4.424
397966,520,464,984,223,30,83,13.80,0.9452,0.5183,0.172438,3,9,13,230.17,0.4148,0.0481,0.002438,4.242
397990,520,380,900,223,67,201,334.24,0.8735,0.5958,0.239216,72,5,6,26.78,0.9522,0.1551,0.014997,4.450
397996,520,443,963,235,16,74,17.12,0.9845,0.5358,0.185303,4,16,39,260.21,0.7349,0.0796,0.005429,4.245
398013,520,433,953,224,56,131,358.55,0.8438,0.5538,0.203169,36,7,47,315.11,0.7597,0.1030,0.007323,4.417
398014,520,478,998,66,102,253,268.02,0.9914,0.5090,0.177519,1,1,14,273.55,0.9013,0.0244,0.000599,4.497
398026,520,466,986,170,49,241,308.59,0.9327,0.5238,0.170943,4,2,36,275.23,0.9478,0.0477,0.001966,4.252
398041,520,377,897,225,77,185,340.24,0.8244,0.6013,0.248204,45,35,13,85.13,0.5620,0.1588,0.017891,4.392
398043,520,473,993,222,38,71,18.53,0.9335,0.5185,0.173735,2,2,8,280.91,0.5251,0.0260,0.000739,4.410
398050,520,321,841,246,40,251,327.11,0.9880,0.6463,0.280782,45,44,71,284.88,0.3542,0.2061,0.028142,4.233
398051,520,438,958,209,60,178,337.60,0.8242,0.5520,0.200034,36,7,14,8.25,0.6474,0.0852,0.005588,4.498
398060,520,276,796,254,94,237,332.24,0.9953,0.6957,0.351935,11,46,142,264.05,0.9350,0.2549,0.039779,4.477
398067,520,480,1000,190,70,139,348.18,0.6994,0.5110,0.171932,0,0,0,0.00,0.0000,0.0000,0.000000,4.439
398078,520,322,842,247,44,247,328.21,0.9814,0.6474,0.282938,63,38,65,324.24,0.4158,0.2106,0.028247,4.255
398082,520,471,991,152,91,194,309.63,0.6534,0.5169,0.180531,15,3,2,30.65,0.6131,0.0415,0.001711,4.458
398083,520,437,957,239,16,98,10.06,0.9823,0.5496,0.196064,5,4,72,268.58,0.9854,0.0930,0.005869,4.404
398103,520,333,853,190,116,247,308.21,0.8914,0.6427,0.301541,21,56,11,139.55,0.9472,0.2022,0.030118,4.388
398119,520,452,972,159,86,217,307.11,0.7680,0.5337,0.190368,26,12,0,68.56,1.0000,0.0747,0.004826,4.384
398120,520,438,958,218,37,175,340.46,0.9126,0.5484,0.193261,10,9,62,273.35,0.9226,0.0918,0.006077,4.338
398125,520,402,922,234,31,178,343.27,0.9546,0.5767,0.216896,4,27,68,260.33,0.8938,0.1307,0.012270,4.286
398132,520,391,911,219,20,248,321.52,0.9901,0.5908,0.223397,4,22,98,265.07,0.9588,0.1530,0.014814,4.218
398137,520,463,983,231,31,13,30.06,0.9875,0.5267,0.180010,13,6,15,319.12,0.3852,0.0512,0.002503,4.381
398148,520,392,912,178,92,246,306.86,0.9110,0.5889,0.237738,68,6,33,0.54,0.8221,0.1539,0.014692,4.448
398150,520,454,974,209,59,137,353.05,0.7925,0.5311,0.184915,22,12,14,5.95,0.2566,0.0732,0.004652,4.298
398172,520,352,872,239,4,241,327.90,0.9986,0.6165,0.247911,16,48,57,219.27,0.6053,0.1876,0.025194,3.962
398187,520,399,919,221,21,235,324.95,0.9864,0.5848,0.219088,14,25,79,268.77,0.8569,0.1417,0.013531,4.236
398188,520,334,854,238,91,186,344.16,0.8529,0.6404,0.292071,62,41,14,70.37,0.6503,0.1987,0.026418,4.476
398206,520,410,930,187,72,245,311.72,0.9339,0.5745,0.217931,21,29,54,269.00,0.4814,0.1340,0.013045,4.250
398212,520,187,707,244,170,203,351.05,0.7511,0.7883,0.522962,46,88,68,161.81,0.5259,0.3342,0.079774,4.415
398215,520,347,867,254,72,156,356.89,0.9869,0.6339,0.281093,0,44,89,253.68,0.9999,0.1928,0.025225,4.401
398219,520,378,898,249,36,173,348.21,0.9620,0.6050,0.244219,49,31,26,36.17,0.3055,0.1572,0.017076,4.386
398257,520,447,967,200,32,222,322.46,0.9549,0.5441,0.185880,4,10,49,267.98,0.9051,0.0759,0.004646,4.316
398258,520,468,988,191,37,208,323.42,0.9196,0.5215,0.169551,3,3,29,273.94,0.8894,0.0431,0.001732,4.244
398261,520,409,929,209,54,210,327.78,0.8962,0.5658,0.208487,30,11,78,286.98,0.8735,0.1299,0.010654,4.262
398270,520,441,961,193,69,179,332.54,0.7640,0.5354,0.188499,25,15,21,342.57,0.2603,0.0857,0.006025,4.257
398272,520,470,990,229,4,68,17.83,0.9959,0.5189,0.171652,5,4,19,283.95,0.6069,0.0407,0.001661,4.291
398281,520,312,832,232,93,238,326.05,0.9252,0.6611,0.311597,60,50,6,95.55,0.8619,0.2187,0.032551,4.380
398291,520,365,885,241,32,216,334.34,0.9770,0.6114,0.246945,39,25,84,288.62,0.7263,0.1676,0.017667,4.388
398293,520,380,900,242,72,105,13.88,0.8919,0.5959,0.245350,51,27,44,338.59,0.4085,0.1583,0.016696,4.428
398310,520,388,908,223,67,182,340.32,0.8429,0.5855,0.230820,13,40,21,151.05,0.7623,0.1461,0.016572,4.218
398312,520,387,907,250,56,100,14.03,0.9602,0.5946,0.240759,17,40,22,149.33,0.6456,0.1486,0.016946,4.343
398315,520,402,922,233,22,199,336.92,0.9781,0.5829,0.220237,15,28,54,262.84,0.5712,0.1272,0.011984,4.360
398318,520,458,978,214,15,164,342.60,0.9650,0.5251,0.173204,17,6,19,321.55,0.4907,0.0574,0.002964,4.214
398338,520,377,897,209,68,244,318.76,0.9437,0.6021,0.242228,8,44,14,146.20,0.9478,0.1559,0.018846,4.245
398343,520,478,998,200,31,165,338.85,0.8936,0.5058,0.159779,0,2,6,247.65,1.0000,0.0221,0.000566,4.149
398345,520,422,942,247,18,43,25.41,0.9908,0.5573,0.203848,36,20,7,58.95,0.5631,0.1078,0.008908,4.309
398349,520,479,999,211,11,150,346.41,0.9695,0.5109,0.162925,2,0,0,29.23,1.0000,0.0120,0.000129,4.248
398360,520,352,872,253,69,128,6.41,0.9758,0.6197,0.267009,85,15,8,30.06,0.9160,0.1942,0.022908,4.348
398372,520,427,947,211,47,204,330.05,0.9077,0.5598,0.202435,38,13,8,33.01,0.6014,0.0970,0.007175,4.415
398380,520,343,863,237,68,218,333.00,0.9247,0.6301,0.272033,2,40,92,257.90,0.9616,0.1855,0.023031,4.410
398393,520,409,929,215,86,129,2.36,0.7058,0.5722,0.226898,10,37,0,137.52,1.0000,0.1309,0.013876,4.335
398409,520,441,961,208,78,109,8.95,0.7175,0.5423,0.199649,32,4,48,310.00,0.8311,0.0933,0.006073,4.452
398422,520,455,975,214,47,127,357.10,0.8462,0.5254,0.178638,16,10,15,332.03,0.2208,0.0627,0.003617,4.264
398429,520,415,935,251,30,17,29.55,0.9886,0.5687,0.214820,33,5,76,292.23,0.9236,0.1239,0.009537,4.448
398430,520,431,951,234,54,17,32.63,0.9812,0.5496,0.201743,31,17,19,10.09,0.2950,0.0971,0.007393,4.386
398431,520,473,993,211,38,148,347.84,0.8757,0.5220,0.173755,0,0,28,264.05,1.0000,0.0308,0.000838,4.401
398462,520,322,842,240,119,50,46.83,0.8997,0.6508,0.319520,21,58,14,140.66,0.9390,0.2094,0.032171,4.497
398465,520,383,903,218,83,191,336.38,0.7965,0.6001,0.248556,32,37,18,120.90,0.4382,0.1502,0.016739,4.473
398486,520,352,872,248,45,195,341.74,0.9565,0.6189,0.257765,85,13,4,31.43,0.9529,0.1917,0.022282,4.258
398508,520,461,981,213,44,143,350.48,0.8565,0.5278,0.179330,0,11,4,158.14,1.0000,0.0469,0.002481,4.370
398525,520,476,996,222,20,49,23.17,0.9800,0.5053,0.162545,2,1,6,294.08,0.6164,0.0213,0.000478,4.211
398532,520,330,850,193,135,159,352.81,0.3799,0.6375,0.311697,3,59,35,158.57,0.9775,0.2106,0.032685,4.374
398559,520,406,926,206,53,239,319.58,0.9398,0.5804,0.219016,56,0,51,332.61,1.0000,0.1321,0.010799,4.425
398564,520,11,531,255,253,222,104.09,1.0000,0.9855,0.967847,19,136,16,142.47,0.9915,0.4732,0.177834,4.467
398568,520,313,833,252,47,249,328.88,0.9902,0.6588,0.295710,94,10,45,2.67,0.8408,0.2183,0.027866,4.440
398575,520,433,953,152,97,230,299.74,0.7929,0.5527,0.209382,23,19,42,289.83,0.4684,0.1034,0.008151,4.461
398585,520,449,969,198,38,212,324.36,0.9282,0.5369,0.181471,16,12,26,296.25,0.3852,0.0718,0.004477,4.249
398588,520,418,938,238,21,121,2.38,0.9706,0.5561,0.200971,33,6,70,295.04,0.8901,0.1186,0.008958,4.257
398589,520,270,790,231,140,164,3.19,0.6376,0.6995,0.384274,19,71,55,168.74,0.8066,0.2622,0.049206,4.378
398609,520,428,948,204,45,220,323.86,0.9278,0.5573,0.198832,28,4,63,294.10,0.9087,0.1022,0.006926,4.371
398612,520,412,932,252,24,70,20.08,0.9848,0.5735,0.217946,43,21,23,14.49,0.3908,0.1247,0.011118,4.384
398613,520,415,935,248,7,97,11.31,0.9945,0.5661,0.209750,38,24,20,36.59,0.2829,0.1230,0.011159,4.247
398614,520,383,903,243,11,200,338.88,0.9929,0.5991,0.234672,60,4,58,329.85,0.8439,0.1493,0.013531,4.481
398621,520,442,962,239,9,12,28.78,0.9960,0.5358,0.185760,25,12,30,316.11,0.4766,0.0840,0.005634,4.238
398647,520,460,980,141,90,230,296.48,0.8120,0.5281,0.186883,11,7,35,284.72,0.7063,0.0634,0.003444,4.432
398648,520,341,861,244,53,211,336.49,0.9503,0.6258,0.264854,20,7,143,269.14,0.9938,0.2049,0.022837,4.323
398651,520,218,738,237,151,221,333.79,0.8263,0.7502,0.453600,48,80,24,134.17,0.8591,0.3001,0.064315,4.405
398667,520,470,990,130,84,245,290.79,0.9157,0.5189,0.176789,1,3,23,267.04,0.9044,0.0365,0.001334,4.418
398700,520,476,996,177,39,222,315.57,0.9273,0.5108,0.160732,6,1,1,22.40,0.6057,0.0243,0.000626,4.162
398717,520,444,964,242,8,15,28.54,0.9966,0.5422,0.190889,25,16,5,72.85,0.5212,0.0832,0.005882,4.311
398718,520,457,977,139,84,245,294.04,0.9120,0.5288,0.184222,26,3,22,334.83,0.7214,0.0648,0.003427,4.384
398720,520,388,908,203,67,248,316.15,0.9597,0.5949,0.234896,47,30,12,65.87,0.5569,0.1486,0.015595,4.343
398721,520,316,836,215,110,238,320.16,0.8797,0.6601,0.317735,60,50,10,94.61,0.7839,0.2191,0.032639,4.450
398737,520,479,999,228,10,43,24.32,0.9927,0.5144,0.168885,0,0,8,264.05,1.0000,0.0143,0.000175,4.362
398749,520,476,996,101,95,246,278.86,0.9324,0.5115,0.176044,4,1,2,354.20,0.4589,0.0220,0.000519,4.474
398772,520,464,984,212,13,169,340.50,0.9702,0.5235,0.171517,14,8,10,355.94,0.1987,0.0548,0.002889,4.188
398805,520,414,934,240,44,113,6.94,0.9259,0.5693,0.215221,24,31,18,131.22,0.3483,0.1248,0.012178,4.265
398810,520,341,861,233,107,101,24.89,0.7881,0.6268,0.287812,25,36,110,270.22,0.8594,0.2041,0.025941,4.448
398814,520,294,814,255,63,252,328.79,1.0000,0.6764,0.318463,87,29,81,331.97,0.6732,0.2430,0.034993,4.335
398829,520,379,899,253,16,159,352.78,0.9880,0.5990,0.237600,28,41,30,148.93,0.3132,0.1619,0.019265,4.152
398830,520,446,966,196,87,124,1.04,0.6252,0.5400,0.200091,26,15,7,57.54,0.4234,0.0828,0.005766,4.485
398854,520,378,898,237,8,218,332.88,0.9955,0.5984,0.232429,49,31,31,19.14,0.2710,0.1588,0.017319,4.195
398856,520,337,857,255,97,38,38.70,1.0000,0.6408,0.299528,42,51,6,120.47,0.8739,0.2010,0.028730,4.440
398857,520,453,973,210,21,178,337.29,0.9518,0.5275,0.174545,7,16,12,165.67,0.3458,0.0678,0.004423,4.126
398859,520,319,839,230,87,230,327.76,0.9017,0.6460,0.293547,23,54,83,249.02,0.6072,0.2248,0.034449,4.068
398860,520,208,728,216,173,209,331.80,0.4631,0.7641,0.490904,23,88,27,143.99,0.9625,0.3142,0.072405,4.419
398867,520,370,890,254,11,179,347.02,0.9935,0.6090,0.245684,35,41,38,164.13,0.1036,0.1710,0.020831,4.174
398869,520,238,758,246,133,210,340.53,0.8993,0.7258,0.410234,58,72,35,126.14,0.5415,0.2850,0.056556,4.319
398872,520,448,968,240,10,51,23.19,0.9939,0.5412,0.189847,7,8,57,271.66,0.9297,0.0828,0.005142,4.350
398877,520,396,916,232,28,190,339.24,0.9641,0.5781,0.217067,24,28,68,275.28,0.6307,0.1448,0.014420,4.146
398885,520,442,962,204,31,205,327.97,0.9427,0.5383,0.182270,16,15,33,284.65,0.4378,0.0821,0.005616,4.176
398888,520,429,949,245,12,41,25.44,0.9942,0.5512,0.198390,2,23,41,245.93,0.8146,0.0974,0.007858,4.293
398896,520,375,895,192,81,249,311.81,0.9526,0.5953,0.239320,12,45,16,145.65,0.9150,0.1613,0.019923,4.138
398902,520,464,984,189,49,196,325.95,0.8586,0.5186,0.170024,12,8,4,74.23,0.3079,0.0509,0.002606,4.182
398903,520,432,952,227,32,155,348.99,0.9314,0.5525,0.197332,13,10,68,274.47,0.9222,0.1020,0.007200,4.324
398906,520,455,975,227,33,76,16.87,0.9484,0.5267,0.179433,11,1,49,281.88,0.9761,0.0646,0.003146,4.317
398911,520,471,991,203,62,137,351.84,0.7664,0.5234,0.179499,13,0,15,324.27,1.0000,0.0364,0.001201,4.482
398914,520,366,886,229,92,133,4.54,0.7562,0.6059,0.260083,19,35,83,266.52,0.7460,0.1714,0.019650,4.452
398917,520,415,935,213,26,229,324.30,0.9761,0.5686,0.205440,11,4,91,270.24,0.9895,0.1220,0.009132,4.320
398920,520,326,846,251,52,236,331.69,0.9841,0.6520,0.290244,21,52,71,238.23,0.5790,0.2102,0.030702,4.216
398926,520,358,878,249,60,168,350.83,0.9459,0.6187,0.262019,60,30,40,359.38,0.4157,0.1769,0.020425,4.430
398930,520,418,938,197,40,240,317.20,0.9566,0.5577,0.196806,3,33,14,152.55,0.9503,0.1166,0.011387,4.020
398932,520,428,948,251,2,55,22.66,0.9990,0.5636,0.208322,38,12,25,351.01,0.5402,0.1005,0.007453,4.496
398949,520,453,973,230,39,28,29.25,0.9663,0.5302,0.183609,5,10,42,269.55,0.8334,0.0702,0.004165,4.313
398956,520,426,946,195,27,251,314.52,0.9821,0.5567,0.193524,4,16,74,265.91,0.9462,0.1134,0.008907,4.134
398966,520,271,791,209,145,202,330.44,0.5531,0.6953,0.380715,35,67,67,195.60,0.4226,0.2618,0.047767,4.406
398983,520,433,953,233,37,110,6.29,0.9298,0.5500,0.197756,6,26,14,155.38,0.7367,0.0960,0.008092,4.265
399003,520,441,961,213,72,81,20.65,0.7963,0.5362,0.193773,23,0,60,291.48,1.0000,0.0870,0.005084,4.425
399011,520,464,984,199,4,210,325.46,0.9941,0.5242,0.168838,15,8,0,83.02,1.0000,0.0527,0.002752,4.148
399013,520,302,822,244,77,254,325.52,0.9962,0.6720,0.316991,70,44,67,330.80,0.3658,0.2349,0.035088,4.313
399019,520,453,973,173,77,210,315.30,0.7830,0.5347,0.188460,10,18,1,127.58,0.9146,0.0724,0.004993,4.336
399028,520,369,889,198,106,196,328.01,0.6658,0.6062,0.263007,55,28,59,322.28,0.5105,0.1747,0.019586,4.498
399032,520,385,905,223,57,205,332.99,0.9038,0.5889,0.230243,13,41,11,142.30,0.9118,0.1474,0.016955,4.186
399033,520,380,900,246,69,93,17.99,0.9303,0.5974,0.246427,32,26,81,282.41,0.7199,0.1594,0.016399,4.464
399038,520,380,900,254,28,146,357.32,0.9915,0.5997,0.239803,67,18,9,32.61,0.8193,0.1599,0.016458,4.361
399046,520,391,911,248,61,34,31.38,0.9700,0.5851,0.234129,66,0,54,337.66,1.0000,0.1543,0.014248,4.422
399068,520,440,960,243,7,89,13.15,0.9939,0.5537,0.199313,39,7,22,354.56,0.6678,0.0932,0.006413,4.419
399076,520,378,898,231,16,238,326.70,0.9927,0.6028,0.235350,50,24,56,319.88,0.5438,0.1576,0.016170,4.312
399077,520,458,978,172,52,238,309.72,0.9207,0.5268,0.174005,15,7,22,307.83,0.4863,0.0587,0.003114,4.217
399111,520,466,986,212,46,124,357.77,0.8449,0.5196,0.174086,6,10,14,244.94,0.2295,0.0534,0.002875,4.238
399125,520,474,994,177,5,254,309.19,0.9969,0.5250,0.166124,4,1,13,296.75,0.7750,0.0278,0.000766,4.257
399146,520,470,990,216,38,129,356.07,0.8835,0.5234,0.175726,2,4,15,267.77,0.6105,0.0354,0.001342,4.396
399153,520,448,968,230,27,122,0.84,0.9475,0.5426,0.190149,4,22,7,148.21,0.8753,0.0811,0.006149,4.277
399157,520,465,985,190,81,118,1.35,0.6325,0.5184,0.181416,6,9,22,270.81,0.4577,0.0549,0.002920,4.373
399158,520,459,979,230,30,75,17.22,0.9587,0.5311,0.182625,2,10,33,261.97,0.8282,0.0607,0.003398,4.356
399163,520,407,927,162,98,232,303.19,0.8028,0.5678,0.222433,43,19,51,317.08,0.5803,0.1347,0.012184,4.381
399168,520,247,767,230,129,248,321.39,0.9471,0.7161,0.393025,26,78,34,146.35,0.9118,0.2826,0.057837,4.108
399188,520,371,891,235,71,180,344.25,0.8640,0.6094,0.254666,27,44,42,186.73,0.2882,0.1746,0.022015,4.231
399193,520,397,917,245,67,12,34.90,0.9894,0.5840,0.234567,46,25,32,358.54,0.3469,0.1411,0.013805,4.460
399212,520,476,996,227,10,3,29.41,0.9970,0.5097,0.165575,3,1,5,310.43,0.5673,0.0222,0.000520,4.267
399213,520,421,941,232,49,123,2.45,0.8900,0.5604,0.207854,18,30,2,128.78,0.9266,0.1136,0.010615,4.254
399224,520,455,975,228,4,121,0.05,0.9927,0.5312,0.179642,22,7,13,354.93,0.4417,0.0632,0.003516,4.291
399264,520,354,874,238,100,84,29.08,0.8675,0.6209,0.279344,34,48,3,125.78,0.9423,0.1838,0.024605,4.414
399285,520,360,880,236,85,160,353.06,0.8222,0.6183,0.268706,42,44,26,113.53,0.3476,0.1831,0.023682,4.325
399310,520,416,936,206,57,219,324.45,0.9007,0.5695,0.211643,48,8,42,334.55,0.7320,0.1209,0.009693,4.383
399313,520,480,1000,215,48,40,28.36,0.9320,0.5073,0.167167,0,0,0,0.00,0.0000,0.0000,0.000000,4.343
399360,520,425,945,246,14,70,19.14,0.9908,0.5577,0.203526,54,0,24,359.87,1.0000,0.1133,0.008504,4.334
399389,520,478,998,220,43,45,26.47,0.9430,0.5139,0.171356,0,1,13,263.17,1.0005,0.0222,0.000508,4.383
399390,520,100,620,228,217,233,315.47,0.3225,0.8821,0.720031,2,115,49,149.47,0.9979,0.4047,0.124956,4.401
399407,520,258,778,156,164,252,278.89,0.9152,0.7064,0.406465,6,75,28,148.15,0.9862,0.2653,0.051545,4.495
399453,520,437,957,248,5,12,28.69,0.9981,0.5544,0.200952,10,18,35,264.03,0.4861,0.0857,0.006185,4.467
399464,520,395,915,254,32,103,11.28,0.9925,0.5878,0.230868,3,15,100,265.34,0.9780,0.1440,0.012810,4.472
399470,520,476,996,139,83,219,298.92,0.7839,0.5055,0.167901,4,1,2,354.20,0.4589,0.0220,0.000519,4.313
399487,520,362,882,196,118,158,348.43,0.4906,0.6072,0.271626,45,44,12,107.44,0.6812,0.1838,0.023858,4.355
399492,520,477,997,173,3,249,309.09,0.9978,0.5138,0.157898,2,0,9,294.50,1.0000,0.0190,0.000326,4.131
399507,520,424,944,221,64,132,358.45,0.8085,0.5565,0.207074,49,4,24,358.32,0.7983,0.1085,0.008059,4.428
399508,520,387,907,222,3,242,323.69,0.9985,0.5877,0.220077,44,13,75,301.72,0.8061,0.1468,0.013314,4.266
399514,520,391,911,229,93,17,43.05,0.9687,0.5875,0.245299,23,28,80,273.62,0.7499,0.1550,0.015918,4.480
399520,520,279,799,251,118,156,4.08,0.9034,0.6883,0.358693,69,55,48,48.03,0.1838,0.2523,0.042111,4.437
399525,520,358,878,244,41,211,336.38,0.9663,0.6182,0.255251,4,48,55,210.96,0.8813,0.1821,0.024154,4.116
399527,520,456,976,194,24,224,320.43,0.9690,0.5319,0.175059,9,13,10,153.04,0.1683,0.0613,0.003678,4.193
399528,520,260,780,254,138,99,39.18,0.9793,0.7128,0.401516,44,72,32,137.06,0.6912,0.2728,0.052744,4.395
399547,520,415,935,245,3,123,2.45,0.9969,0.5666,0.209111,16,25,57,269.05,0.6258,0.1226,0.011008,4.247
399561,520,447,967,241,3,1,29.27,0.9992,0.5385,0.187715,3,3,68,267.24,0.9895,0.0849,0.005018,4.321
399566,520,376,896,210,75,232,321.74,0.8935,0.6026,0.245617,18,31,82,268.29,0.7859,0.1604,0.017177,4.401
399568,520,222,742,238,162,147,31.59,0.6796,0.7472,0.461264,35,80,70,176.91,0.5750,0.3037,0.065366,4.432
399569,520,270,790,187,148,246,301.34,0.8133,0.6982,0.383987,71,61,19,95.75,0.7024,0.2647,0.047242,4.463
399572,520,421,941,238,27,137,357.20,0.9580,0.5641,0.207703,41,19,0,61.81,1.0000,0.1120,0.009372,4.340
399577,520,378,898,219,24,255,319.97,1.0000,0.5975,0.229353,46,36,16,83.40,0.4967,0.1633,0.018801,4.060
399615,520,472,992,161,76,217,309.02,0.8001,0.5216,0.177563,11,1,7,340.52,0.7049,0.0332,0.001082,4.455
399641,520,467,987,176,50,230,312.90,0.9128,0.5243,0.172255,3,6,10,247.61,0.3194,0.0396,0.001715,4.298
399658,520,442,962,212,28,190,334.30,0.9436,0.5413,0.185474,41,2,4,23.04,0.9264,0.0835,0.005237,4.263
399659,520,479,999,213,16,139,350.78,0.9554,0.5111,0.163832,0,0,3,264.05,1.0000,0.0094,0.000066,4.271
399660,520,439,959,200,18,232,320.25,0.9835,0.5461,0.185398,25,4,58,293.52,0.8965,0.0934,0.005990,4.204
399663,520,436,956,177,92,182,325.22,0.6393,0.5453,0.203798,24,14,40,299.27,0.5560,0.0929,0.006615,4.483
399675,520,382,902,236,36,210,334.75,0.9656,0.6007,0.237505,59,13,63,324.47,0.7508,0.1605,0.015767,4.372
399685,520,389,909,198,90,210,323.56,0.7735,0.5894,0.239726,6,42,17,149.75,0.9441,0.1488,0.017350,4.302
399714,520,452,972,204,43,177,336.21,0.8697,0.5279,0.177414,2,20,1,141.43,0.9815,0.0723,0.005154,4.123
399715,520,411,931,116,114,253,279.51,0.9722,0.5666,0.228389,9,35,4,140.02,0.9597,0.1244,0.012689,4.441
399716,520,377,897,246,48,147,356.49,0.9278,0.5953,0.238166,45,6,96,293.80,0.9393,0.1632,0.015327,4.411
399722,520,446,966,201,66,168,339.02,0.7736,0.5392,0.191429,9,16,28,260.72,0.4006,0.0760,0.005125,4.380
399723,520,469,989,177,17,240,311.98,0.9843,0.5152,0.160403,2,3,30,270.41,0.9235,0.0429,0.001718,4.068
399725,520,423,943,195,61,219,321.09,0.8775,0.5555,0.200555,6,30,4,141.53,0.9531,0.1065,0.009760,4.193
399740,520,459,979,234,16,47,24.01,0.9888,0.5294,0.180714,10,11,11,196.97,0.0297,0.0578,0.003280,4.330
399743,520,401,921,226,85,72,28.39,0.8349,0.5758,0.231363,9,28,77,264.37,0.8638,0.1440,0.014243,4.380
399745,520,305,825,229,101,240,324.44,0.9233,0.6682,0.322586,66,45,57,344.06,0.2683,0.2267,0.033305,4.473
399763,520,414,934,222,71,132,359.63,0.7885,0.5661,0.217045,41,14,43,324.80,0.6121,0.1180,0.009600,4.481
399771,520,480,1000,221,41,30,29.22,0.9565,0.5130,0.170545,0,0,0,0.00,0.0000,0.0000,0.000000,4.411
399775,520,442,962,180,92,160,336.47,0.5872,0.5381,0.198968,3,23,3,143.14,0.9578,0.0824,0.006387,4.415
399780,520,449,969,240,12,26,27.55,0.9943,0.5393,0.188662,22,12,13,12.49,0.2563,0.0729,0.004626,4.369
399799,520,381,901,252,66,76,23.13,0.9795,0.6027,0.251172,0,43,53,217.79,1.0000,0.1636,0.019847,4.312
399805,520,254,774,241,134,219,335.22,0.8821,0.7245,0.408676,8,75,59,171.49,0.9394,0.2739,0.053993,4.411
399808,520,435,955,212,13,207,329.62,0.9839,0.5472,0.187920,45,1,15,6.36,0.9202,0.0928,0.006142,4.238
399809,520,459,979,201,45,186,332.55,0.8707,0.5295,0.178413,4,11,33,265.17,0.7131,0.0643,0.003749,4.250
399810,520,464,984,146,75,238,298.95,0.8857,0.5178,0.173164,10,8,10,325.89,0.1036,0.0510,0.002601,4.243
399831,520,428,948,211,77,145,352.25,0.7342,0.5591,0.212031,18,22,39,272.95,0.3844,0.1039,0.008489,4.480
399861,520,396,916,220,93,61,35.28,0.8181,0.5753,0.233837,7,32,63,255.55,0.7692,0.1407,0.014370,4.409
399863,520,414,934,253,14,4,29.46,0.9976,0.5668,0.212093,50,9,34,347.06,0.7058,0.1215,0.009891,4.376
399870,520,466,986,225,42,54,24.25,0.9436,0.5247,0.179327,12,6,1,75.17,0.6822,0.0452,0.002106,4.401
399900,520,465,985,220,33,103,6.36,0.9187,0.5192,0.172853,11,2,35,290.29,0.8831,0.0531,0.002359,4.256
399905,520,366,886,233,4,250,324.53,0.9987,0.6125,0.243150,37,43,17,120.08,0.5560,0.1730,0.021615,4.093
399917,520,436,956,163,82,238,304.31,0.8724,0.5490,0.199947,27,6,52,299.24,0.8190,0.0931,0.006112,4.454
399923,520,447,967,217,24,177,339.40,0.9503,0.5412,0.185816,16,17,23,277.64,0.1660,0.0814,0.005729,4.231
399930,520,466,986,197,2,208,325.44,0.9968,0.5187,0.164695,4,11,3,140.10,0.6467,0.0503,0.002717,4.073
399945,520,416,936,180,78,240,310.15,0.8971,0.5680,0.214442,37,7,62,304.02,0.8328,0.1173,0.008931,4.487
399951,520,468,988,219,54,31,31.24,0.9462,0.5202,0.178000,6,0,29,287.15,1.0000,0.0385,0.001274,4.447
399958,520,328,848,234,67,255,322.97,1.0000,0.6477,0.287290,60,7,122,294.74,0.9556,0.2144,0.025178,4.487
399968,520,476,996,225,11,67,18.00,0.9878,0.5118,0.166550,0,1,9,261.82,1.0000,0.0198,0.000414,4.295
399969,520,438,958,209,65,169,340.95,0.7960,0.5524,0.202025,18,14,48,283.79,0.6705,0.0928,0.006561,4.456
399977,520,350,870,231,74,228,328.71,0.9194,0.6320,0.274902,22,37,98,268.28,0.8115,0.1922,0.023754,4.405
399979,520,480,1000,191,78,88,17.59,0.6731,0.5064,0.172314,0,0,0,0.00,0.0000,0.0000,0.000000,4.446
399982,520,463,983,229,18,90,11.42,0.9743,0.5273,0.178318,12,8,8,18.07,0.1323,0.0522,0.002694,4.333
399983,520,460,980,233,11,52,22.62,0.9920,0.5265,0.178141,1,12,24,245.05,0.7934,0.0583,0.003353,4.276
399986,520,454,974,198,78,117,2.95,0.6772,0.5273,0.187407,31,5,18,351.65,0.6585,0.0746,0.004436,4.361
399996,520,471,991,133,79,253,291.34,0.9816,0.5218,0.176703,8,4,13,306.87,0.4445,0.0407,0.001675,4.387
400007,520,353,873,237,26,243,326.92,0.9888,0.6196,0.252170,41,35,77,287.28,0.5438,0.1843,0.022093,4.191
400012,520,124,644,226,205,215,347.21,0.2790,0.8469,0.647382,35,108,16,140.32,0.9824,0.3845,0.111195,4.326
400016,520,358,878,242,96,27,41.27,0.9625,0.6155,0.273252,35,38,73,277.84,0.4876,0.1825,0.022245,4.474
400019,520,398,918,227,1,215,331.29,0.9992,0.5771,0.212614,52,2,72,313.04,0.9412,0.1443,0.012414,4.208
400021,520,2,522,255,255,255,0.00,0.0000,1.0000,1.000000,2,138,45,146.36,0.9989,0.4802,0.183785,4.491
400028,520,426,946,225,73,62,28.10,0.8711,0.5565,0.211231,50,9,6,28.83,0.8300,0.1126,0.008867,4.438
400042,520,404,924,252,18,105,9.69,0.9860,0.5790,0.221516,56,16,2,40.69,0.9006,0.1338,0.012159,4.368
400057,520,425,945,219,5,207,331.39,0.9946,0.5581,0.196759,22,21,41,284.74,0.4120,0.1063,0.008670,4.206
400075,520,472,992,212,66,31,34.33,0.9276,0.5195,0.179948,3,4,4,196.65,0.0904,0.0317,0.001150,4.496
400092,520,204,724,249,158,187,359.38,0.8203,0.7656,0.481836,36,85,20,139.13,0.9498,0.3087,0.069224,4.461
400105,520,370,890,244,24,218,334.49,0.9865,0.6149,0.249513,68,22,20,25.46,0.6780,0.1701,0.018535,4.370
400123,520,386,906,221,96,89,25.69,0.7487,0.5865,0.244615,58,22,32,4.55,0.5346,0.1550,0.015778,4.479
400131,520,438,958,190,70,204,323.38,0.8092,0.5472,0.196885,8,23,14,156.29,0.5439,0.0883,0.006961,4.334
400145,520,327,847,250,86,185,347.09,0.9465,0.6539,0.304854,28,54,40,159.15,0.4854,0.2059,0.030383,4.415
400159,520,463,983,208,3,189,333.50,0.9941,0.5257,0.171512,10,6,7,359.84,0.1677,0.0454,0.002101,4.252
400164,520,436,956,227,33,159,347.70,0.9302,0.5549,0.199245,8,18,48,266.58,0.7219,0.0938,0.006976,4.375
400166,520,398,918,187,74,249,310.71,0.9557,0.5799,0.223029,2,40,31,173.09,0.9493,0.1444,0.016293,4.118
400171,520,451,971,242,7,1,29.41,0.9992,0.5415,0.190349,19,13,16,346.89,0.1702,0.0725,0.004637,4.399
400196,520,460,980,199,44,189,331.06,0.8758,0.5271,0.176194,23,6,0,52.60,1.0000,0.0586,0.003124,4.258
400220,520,451,971,199,66,174,336.20,0.7780,0.5390,0.190963,12,15,7,124.42,0.3251,0.0677,0.004351,4.433
400262,520,353,873,224,106,131,8.66,0.6868,0.6184,0.277963,12,49,35,164.56,0.7892,0.1796,0.023960,4.434
400265,520,410,930,186,80,221,316.73,0.8207,0.5652,0.213980,47,17,41,335.58,0.5666,0.1314,0.011654,4.282
400286,520,421,941,242,19,102,9.30,0.9795,0.5578,0.203056,2,27,40,234.12,0.8387,0.1080,0.009499,4.253
400297,520,441,961,178,65,232,312.26,0.8829,0.5436,0.190727,1,6,70,265.07,0.9835,0.0909,0.005788,4.315
400303,520,448,968,220,61,88,15.86,0.8443,0.5381,0.192603,1,11,53,263.79,0.9626,0.0795,0.005028,4.409
400304,520,300,820,230,100,244,323.69,0.9425,0.6708,0.324710,24,50,100,261.94,0.7127,0.2273,0.033953,4.463
400310,520,441,961,120,100,254,283.62,0.9876,0.5441,0.202627,2,24,30,217.58,0.8165,0.0937,0.007599,4.386
400318,520,383,903,231,17,232,328.09,0.9910,0.5989,0.232185,36,35,5,107.52,0.7856,0.1465,0.015881,4.283
400332,520,430,950,229,10,153,349.59,0.9835,0.5477,0.191778,36,0,52,312.62,1.0000,0.0969,0.006230,4.300
400336,520,401,921,197,66,246,314.89,0.9480,0.5835,0.224219,11,10,100,268.97,0.9804,0.1414,0.012082,4.417
400340,520,455,975,207,37,176,337.28,0.8945,0.5287,0.177252,19,8,17,333.49,0.3842,0.0629,0.003526,4.246
400344,520,417,937,242,32,129,0.89,0.9532,0.5714,0.214985,4,10,89,266.36,0.9806,0.1231,0.009641,4.443
400347,520,347,867,215,92,225,324.61,0.8519,0.6265,0.275393,2,51,51,194.82,0.9515,0.1892,0.026194,4.271
400351,520,375,895,244,50,173,347.62,0.9287,0.6040,0.245345,54,29,0,66.12,1.0000,0.1554,0.016631,4.433
400353,520,301,821,238,94,243,326.38,0.9495,0.6745,0.326559,2,63,55,180.89,0.9745,0.2308,0.038436,4.258
400365,520,424,944,233,50,114,6.06,0.8930,0.5602,0.208227,4,20,67,264.20,0.9095,0.1136,0.009313,4.354
400374,520,430,950,204,77,151,347.65,0.7176,0.5497,0.203814,1,16,59,262.48,0.9677,0.0953,0.006928,4.459
400394,520,361,881,250,3,212,337.27,0.9987,0.6176,0.251458,56,31,50,336.17,0.4021,0.1773,0.020511,4.275
400435,520,410,930,218,53,195,334.56,0.8899,0.5711,0.213940,29,30,12,111.42,0.4801,0.1255,0.012163,4.246
400451,520,419,939,189,57,248,312.50,0.9603,0.5646,0.205235,34,2,65,300.22,0.9465,0.1094,0.007652,4.427
400466,520,432,952,208,61,177,337.69,0.8173,0.5507,0.199237,46,4,5,24.67,0.8928,0.0971,0.006787,4.389
400471,520,405,925,252,37,33,28.41,0.9887,0.5752,0.221321,26,31,24,136.74,0.1817,0.1284,0.012655,4.330
400478,520,457,977,217,64,1,36.87,0.9981,0.5255,0.184232,3,12,21,244.45,0.5604,0.0584,0.003364,4.389
400482,520,422,942,225,67,104,11.24,0.8244,0.5582,0.210240,54,1,10,17.32,0.9659,0.1107,0.008280,4.465
400486,520,409,929,239,55,74,21.22,0.9246,0.5667,0.215807,53,15,20,15.28,0.6386,0.1301,0.011492,4.323
400492,520,455,975,213,49,143,350.80,0.8388,0.5318,0.183282,12,3,41,286.67,0.8819,0.0614,0.003034,4.399
400501,520,447,967,224,58,70,22.09,0.8897,0.5391,0.193183,8,20,5,138.56,0.7256,0.0775,0.005629,4.372
400504,520,476,996,220,28,66,18.91,0.9574,0.5074,0.164422,0,2,11,258.21,1.0000,0.0247,0.000676,4.231
400521,520,383,903,240,13,203,337.42,0.9911,0.5957,0.231278,48,30,1,75.93,0.9402,0.1485,0.015592,4.288
400529,520,400,920,217,6,248,321.12,0.9972,0.5843,0.216613,23,14,93,276.27,0.9331,0.1447,0.012865,4.241
400533,520,430,950,242,35,40,27.01,0.9746,0.5538,0.202359,13,21,35,261.17,0.3973,0.0951,0.007432,4.394
400538,520,336,856,249,82,167,352.93,0.9287,0.6400,0.289675,11,46,89,255.88,0.8065,0.2018,0.027463,4.385
400550,520,365,885,239,56,185,342.95,0.9144,0.6052,0.246847,14,8,121,268.61,0.9902,0.1705,0.016474,4.466
400554,520,413,933,239,20,150,352.88,0.9735,0.5688,0.210562,23,29,5,121.48,0.7354,0.1154,0.010718,4.291
400571,520,426,946,242,20,123,2.37,0.9756,0.5645,0.208109,43,10,28,349.72,0.6360,0.1073,0.008146,4.439
400611,520,444,964,178,45,245,310.39,0.9513,0.5359,0.179353,1,11,53,263.79,0.9626,0.0795,0.005028,4.168
400615,520,444,964,237,22,77,16.74,0.9773,0.5426,0.191174,22,9,31,309.64,0.5683,0.0756,0.004649,4.413
400623,520,418,938,144,107,223,295.72,0.7279,0.5567,0.217725,28,25,30,312.00,0.1180,0.1165,0.010359,4.436
400632,520,443,963,182,37,250,310.81,0.9756,0.5409,0.181714,25,6,35,312.21,0.7031,0.0768,0.004583,4.245
400644,520,417,937,213,75,158,347.00,0.7590,0.5656,0.216490,12,26,52,261.66,0.6131,0.1188,0.010648,4.394
400649,520,399,919,239,4,188,341.23,0.9965,0.5836,0.220714,3,34,52,238.69,0.8339,0.1366,0.014113,4.222
400656,520,469,989,204,78,1,42.65,0.9966,0.5192,0.182905,22,0,4,8.54,1.0000,0.0447,0.001794,4.497
400659,520,349,869,220,112,151,358.62,0.6439,0.6288,0.290404,33,50,6,128.64,0.9074,0.1897,0.026176,4.469
400660,520,358,878,242,75,158,354.04,0.8766,0.6163,0.263810,26,46,35,159.23,0.4068,0.1775,0.022949,4.302
400665,520,455,975,229,37,15,30.54,0.9842,0.5261,0.180186,13,0,48,285.77,1.0000,0.0634,0.002990,4.344
400670,520,428,948,207,49,210,327.28,0.9063,0.5584,0.201170,8,19,54,266.64,0.7825,0.1012,0.007837,4.343
400671,520,358,878,215,85,236,321.84,0.9026,0.6245,0.270019,29,40,70,267.46,0.4771,0.1805,0.022209,4.432
400693,520,479,999,205,67,10,38.05,0.9750,0.5061,0.170176,1,0,2,311.99,1.0000,0.0114,0.000108,4.394
400724,520,420,940,243,26,106,8.47,0.9690,0.5635,0.208374,44,13,13,22.55,0.6198,0.1085,0.008525,4.415
400731,520,422,942,202,6,254,316.02,0.9970,0.5645,0.198441,15,28,14,142.67,0.5117,0.1076,0.009638,4.166
400735,520,465,985,215,26,130,354.81,0.9246,0.5151,0.168000,18,5,10,354.10,0.4584,0.0528,0.002591,4.145
400745,520,37,557,251,237,238,12.43,0.5842,0.9504,0.872511,5,122,129,201.93,0.9752,0.4531,0.155355,4.492
400747,520,403,923,229,41,190,338.69,0.9337,0.5793,0.219642,43,0,74,304.13,1.0000,0.1295,0.010080,4.488
400751,520,461,981,199,18,210,325.38,0.9727,0.5277,0.172296,9,6,27,286.86,0.6305,0.0540,0.002675,4.220
400824,520,421,941,233,30,144,353.94,0.9443,0.5584,0.202687,31,19,32,323.99,0.3380,0.1068,0.008614,4.311
400851,520,452,972,200,38,196,329.31,0.9074,0.5293,0.176529,16,13,13,17.69,0.0788,0.0684,0.004271,4.174
400852,520,325,845,249,67,219,335.66,0.9679,0.6499,0.292715,0,49,88,249.10,1.0000,0.2060,0.029010,4.338
400859,520,289,809,231,109,242,324.25,0.9291,0.6834,0.343390,39,60,53,171.69,0.2996,0.2371,0.039200,4.410
400861,520,301,821,241,106,194,343.13,0.8618,0.6692,0.329064,56,53,50,67.59,0.0543,0.2317,0.036173,4.399
400864,520,428,948,204,67,197,330.02,0.8255,0.5618,0.208846,4,20,54,261.79,0.8552,0.1012,0.007924,4.469
400868,520,411,931,215,58,201,331.99,0.8802,0.5737,0.216923,3,18,76,264.82,0.9454,0.1188,0.009737,4.468
400876,520,429,949,209,20,211,327.78,0.9738,0.5466,0.187607,33,18,23,358.10,0.3095,0.1034,0.008178,4.084
400880,520,419,939,233,31,153,350.96,0.9435,0.5628,0.206064,5,0,89,267.23,1.0000,0.1108,0.007535,4.451
400885,520,431,951,217,27,198,333.32,0.9572,0.5550,0.196150,31,16,27,337.13,0.3672,0.0982,0.007410,4.288
400888,520,349,869,219,110,174,345.72,0.6738,0.6329,0.292699,29,48,55,223.14,0.3227,0.1941,0.026509,4.479
400891,520,372,892,235,36,222,331.42,0.9714,0.6064,0.242005,73,5,42,353.91,0.8399,0.1674,0.016924,4.363
400902,520,443,963,191,11,242,315.61,0.9918,0.5376,0.177279,19,16,14,55.93,0.0972,0.0786,0.005407,4.102
400921,520,386,906,254,47,30,29.84,0.9960,0.5855,0.232014,48,19,65,310.77,0.6802,0.1524,0.014758,4.355
400923,520,430,950,166,86,228,307.20,0.8170,0.5510,0.203646,49,1,2,26.78,0.9803,0.0981,0.006792,4.466
400926,520,441,961,224,60,32,32.15,0.9457,0.5363,0.191861,41,1,17,0.28,0.8930,0.0854,0.005337,4.371
400934,520,444,964,223,15,168,343.52,0.9733,0.5446,0.188593,20,12,39,294.15,0.5952,0.0840,0.005581,4.293
400938,520,459,979,232,20,55,22.28,0.9827,0.5275,0.179350,9,9,17,284.01,0.2758,0.0550,0.002939,4.332
400941,520,427,947,206,36,225,323.30,0.9538,0.5586,0.198216,15,18,47,275.45,0.6089,0.0977,0.007394,4.325
400950,520,329,849,229,78,252,322.08,0.9854,0.6484,0.291371,12,59,20,146.02,0.9569,0.2100,0.032565,4.135
400953,520,377,897,206,85,218,324.00,0.8295,0.5994,0.246824,63,23,22,23.74,0.6045,0.1628,0.017276,4.412
400956,520,412,932,235,59,109,9.37,0.8772,0.5704,0.218972,47,15,22,8.81,0.5688,0.1197,0.010040,4.480
400974,520,358,878,232,49,244,325.30,0.9682,0.6233,0.258864,48,39,31,63.53,0.2016,0.1776,0.021784,4.303
401008,520,467,987,173,32,248,308.73,0.9687,0.5227,0.166954,8,5,15,299.13,0.4236,0.0441,0.001947,4.176
401020,520,480,1000,150,59,244,300.75,0.9370,0.5085,0.161440,0,0,0,0.00,0.0000,0.0000,0.000000,4.229
401021,520,475,995,172,42,238,310.19,0.9414,0.5187,0.166005,3,2,4,309.32,0.2710,0.0254,0.000715,4.259
401025,520,475,995,224,27,65,19.48,0.9637,0.5151,0.170156,8,1,9,324.46,0.7050,0.0307,0.000931,4.323
401048,520,367,887,250,40,180,346.43,0.9642,0.6122,0.251402,48,37,17,81.19,0.4904,0.1689,0.019920,4.311
401053,520,443,963,151,85,244,298.43,0.9010,0.5433,0.196082,20,15,30,298.65,0.3743,0.0843,0.005841,4.407
401059,520,229,749,247,159,4,70.16,0.9963,0.7356,0.445817,6,82,47,156.16,0.9791,0.2934,0.062783,4.396
401084,520,396,916,228,73,120,6.17,0.8060,0.5753,0.226178,36,32,23,86.84,0.2147,0.1416,0.014700,4.269
401118,520,9,529,248,253,252,183.03,0.5125,0.9884,0.972351,12,136,17,142.88,0.9950,0.4723,0.177262,4.499
401166,520,415,935,211,63,198,331.78,0.8531,0.5699,0.214831,0,3,97,264.16,0.9964,0.1237,0.009281,4.467
401173,520,375,895,239,55,179,344.80,0.9115,0.6015,0.243407,46,24,70,303.18,0.6405,0.1621,0.016763,4.395
401183,520,453,973,225,41,63,21.61,0.9383,0.5253,0.179551,7,18,16,181.72,0.3710,0.0743,0.005152,4.162
401222,520,436,956,189,62,216,319.98,0.8614,0.5450,0.192232,33,11,7,32.48,0.5747,0.0851,0.005781,4.343
401226,520,397,917,232,21,193,338.34,0.9768,0.5772,0.215451,24,1,103,276.37,0.9964,0.1444,0.011951,4.285
401235,520,464,984,210,32,148,347.35,0.8961,0.5164,0.168750,7,3,33,282.73,0.8550,0.0501,0.002201,4.191
401268,520,437,957,233,14,149,351.82,0.9790,0.5548,0.198106,21,17,20,334.66,0.1171,0.0851,0.006108,4.422
401269,520,329,849,219,90,252,318.83,0.9804,0.6470,0.294024,72,29,68,331.09,0.5954,0.2091,0.026740,4.483
401270,520,428,948,219,38,186,337.35,0.9218,0.5570,0.199938,5,1,80,267.95,0.9974,0.0993,0.006331,4.437
401279,520,420,940,224,72,86,19.43,0.8285,0.5577,0.211565,26,27,10,111.61,0.4875,0.1136,0.010254,4.341
401286,520,467,987,193,49,181,331.78,0.8368,0.5157,0.168719,14,1,15,325.81,0.7776,0.0403,0.001496,4.247
401288,520,445,965,226,42,113,4.44,0.8987,0.5401,0.190197,14,18,20,229.38,0.1184,0.0809,0.005765,4.307
401313,520,475,995,211,33,150,346.93,0.8952,0.5199,0.171409,6,3,4,354.40,0.2345,0.0322,0.001126,4.331
401315,520,470,990,184,84,132,352.25,0.6012,0.5185,0.181984,4,8,5,153.48,0.3073,0.0438,0.002104,4.452
401335,520,248,768,205,156,227,315.07,0.6444,0.7242,0.423029,32,72,81,214.40,0.5308,0.2821,0.055357,4.490
401340,520,435,955,160,79,248,301.56,0.9383,0.5492,0.198433,25,13,40,302.10,0.5794,0.0922,0.006477,4.399
401349,520,463,983,231,12,80,14.68,0.9865,0.5274,0.178341,17,3,5,9.55,0.5772,0.0452,0.001953,4.395
401359,520,467,987,218,52,47,27.45,0.9210,0.5178,0.175693,7,2,29,286.91,0.8600,0.0446,0.001773,4.359
401361,520,228,748,222,159,202,338.79,0.5643,0.7391,0.445914,27,76,86,213.44,0.6434,0.2946,0.060735,4.478
401384,520,366,886,249,83,1,38.80,0.9991,0.6098,0.263319,3,48,29,159.90,0.9639,0.1711,0.022219,4.338
401400,520,314,834,255,111,61,38.88,1.0000,0.6635,0.329692,22,60,45,164.79,0.6699,0.2237,0.035916,4.419
401416,520,477,997,188,30,210,322.13,0.9399,0.5138,0.162745,0,1,13,263.17,1.0005,0.0222,0.000508,4.212
401420,520,310,830,232,128,95,38.33,0.7433,0.6605,0.334228,32,60,19,136.99,0.8470,0.2232,0.035857,4.475
401432,520,471,991,175,47,229,312.96,0.9178,0.5194,0.168051,15,1,20,318.36,0.8150,0.0442,0.001738,4.215
401442,520,455,975,190,5,231,317.87,0.9950,0.5254,0.168266,15,4,34,296.49,0.7745,0.0604,0.003039,4.115
401443,520,388,908,159,108,237,299.30,0.8054,0.5852,0.242107,37,32,30,43.11,0.0896,0.1451,0.015201,4.480
401450,520,420,940,244,13,91,12.84,0.9888,0.5575,0.202797,26,5,75,285.77,0.9370,0.1147,0.008361,4.332
401464,520,393,913,250,20,147,356.01,0.9815,0.5893,0.229344,25,28,65,276.58,0.5917,0.1432,0.014188,4.352
401528,520,365,885,219,53,245,321.70,0.9589,0.6055,0.242008,12,45,47,200.79,0.6579,0.1714,0.021601,4.078
401554,520,12,532,238,255,255,196.87,1.0000,0.9855,0.969166,31,135,40,144.04,0.9760,0.4742,0.177717,4.476
401560,520,453,973,179,71,206,318.99,0.7980,0.5329,0.185475,19,0,45,296.70,1.0000,0.0666,0.003279,4.420
401561,520,349,869,204,100,239,316.79,0.8811,0.6306,0.281850,27,44,74,261.09,0.5098,0.1927,0.025287,4.408
401564,520,478,998,212,44,90,11.25,0.8742,0.5069,0.165390,1,1,11,275.11,0.8474,0.0225,0.000523,4.263
401585,520,134,654,241,189,247,322.93,0.8985,0.8404,0.618125,47,98,88,179.18,0.5393,0.3729,0.100439,4.441
401587,520,374,894,222,80,176,342.82,0.7915,0.5954,0.244038,19,33,81,267.64,0.7475,0.1648,0.018202,4.311
401592,520,460,980,136,84,251,292.04,0.9604,0.5307,0.185399,8,9,22,278.65,0.4224,0.0566,0.003049,4.437
401598,520,441,961,181,37,249,310.73,0.9711,0.5385,0.179875,27,18,16,32.78,0.2094,0.0931,0.007031,4.031
401600,520,416,936,235,11,183,341.79,0.9886,0.5746,0.213233,1,13,86,264.55,0.9763,0.1216,0.009661,4.412
401602,520,343,863,237,61,235,328.56,0.9523,0.6343,0.273427,43,45,27,113.50,0.3408,0.1874,0.024695,4.330
401605,520,312,832,251,79,208,339.54,0.9714,0.6589,0.306583,55,50,43,76.37,0.1241,0.2198,0.032679,4.313
401623,520,378,898,239,90,16,40.84,0.9794,0.6010,0.257035,34,40,20,122.47,0.4386,0.1616,0.019082,4.445
401625,520,466,986,199,46,180,333.86,0.8549,0.5231,0.173932,18,0,22,321.63,1.0000,0.0468,0.001865,4.318
401661,520,462,982,215,49,129,356.71,0.8417,0.5298,0.182311,3,11,7,165.21,0.5107,0.0506,0.002740,4.405
401666,520,435,955,244,11,58,21.88,0.9935,0.5509,0.197814,12,15,46,274.65,0.6801,0.0883,0.006170,4.412
401669,520,455,975,207,38,184,334.80,0.9007,0.5341,0.181143,14,8,14,326.38,0.2640,0.0562,0.002987,4.362
401673,520,373,893,217,97,150,354.77,0.6783,0.5994,0.255052,1,47,0,142.18,1.0000,0.1616,0.020394,4.333
401688,520,405,925,236,16,179,343.22,0.9823,0.5756,0.214610,41,25,2,74.24,0.8555,0.1260,0.011711,4.288
401690,520,432,952,203,7,240,319.32,0.9952,0.5548,0.191414,24,7,57,291.59,0.8381,0.0958,0.006416,4.279
401694,520,403,923,244,0,158,351.07,1.0000,0.5777,0.217050,18,36,2,132.74,0.9621,0.1325,0.013947,4.176
401702,520,316,836,208,124,210,326.20,0.6761,0.6582,0.324797,34,55,67,234.34,0.3466,0.2247,0.034776,4.421
401721,520,407,927,226,1,206,333.36,0.9990,0.5694,0.206492,31,1,90,285.35,0.9911,0.1337,0.010512,4.239
401731,520,475,995,231,5,71,17.19,0.9949,0.5240,0.175555,1,3,15,265.40,0.7735,0.0314,0.001061,4.417
401746,520,13,533,245,255,229,124.23,1.0000,0.9833,0.965894,4,136,33,144.66,0.9980,0.4726,0.177432,4.467
401753,520,477,997,165,62,223,310.21,0.8617,0.5143,0.167730,6,1,0,47.34,1.0000,0.0238,0.000604,4.303
401758,520,436,956,225,38,152,349.78,0.9085,0.5507,0.196634,44,1,10,12.93,0.9373,0.0894,0.005792,4.421
401770,520,401,921,217,53,213,329.16,0.9149,0.5804,0.221041,63,6,11,22.15,0.8963,0.1369,0.012114,4.364
401775,520,394,914,231,59,176,344.03,0.8792,0.5889,0.232541,1,36,53,234.55,0.9400,0.1423,0.015252,4.330
401778,520,468,988,184,1,236,315.08,0.9991,0.5189,0.162694,3,6,7,215.90,0.2404,0.0385,0.001649,4.118
401792,520,384,904,162,113,221,303.10,0.6999,0.5869,0.247124,34,37,9,114.79,0.6790,0.1507,0.016829,4.446
401816,520,470,990,217,39,103,6.38,0.8922,0.5169,0.171846,2,5,13,259.21,0.5151,0.0372,0.001505,4.307
401818,520,438,958,244,20,50,24.04,0.9879,0.5524,0.199672,12,11,57,275.53,0.8611,0.0910,0.006129,4.448
401826,520,458,978,223,56,61,24.48,0.9043,0.5336,0.188560,22,2,30,315.73,0.8106,0.0618,0.003077,4.495
401829,520,375,895,249,70,82,21.94,0.9567,0.6020,0.251327,70,16,18,22.67,0.7776,0.1648,0.017166,4.486
401845,520,396,916,226,64,156,350.16,0.8328,0.5753,0.222384,28,34,38,237.16,0.1302,0.1443,0.015309,4.171
401863,520,179,699,241,167,229,332.46,0.8638,0.7889,0.519970,40,91,21,138.65,0.9512,0.3307,0.079872,4.389
401866,520,387,907,239,73,85,21.02,0.8933,0.5869,0.237748,24,31,67,272.43,0.5834,0.1512,0.015794,4.373
401867,520,354,874,252,78,80,24.29,0.9766,0.6161,0.267269,7,49,32,161.65,0.9035,0.1769,0.023460,4.319
401868,520,461,981,191,68,169,335.55,0.7472,0.5252,0.180767,9,11,1,116.40,0.7883,0.0540,0.002996,4.354
401871,520,412,932,216,24,226,325.81,0.9784,0.5708,0.207452,26,6,75,285.52,0.9259,0.1160,0.008578,4.395
401886,520,451,971,193,75,171,335.64,0.7256,0.5385,0.193114,10,17,14,166.71,0.2308,0.0732,0.004971,4.423
401892,520,453,973,212,0,184,335.94,1.0000,0.5294,0.174599,4,12,43,266.33,0.8411,0.0742,0.004631,4.111
401900,520,365,885,231,42,229,328.69,0.9654,0.6072,0.243044,72,15,30,9.40,0.7429,0.1708,0.018133,4.301
401903,520,465,985,165,39,254,304.82,0.9946,0.5209,0.166068,6,11,4,135.17,0.4535,0.0523,0.002868,4.087
401908,520,438,958,233,44,70,20.47,0.9384,0.5451,0.195703,7,14,58,269.16,0.8861,0.0941,0.006647,4.337
401921,520,477,997,228,15,4,29.57,0.9961,0.5132,0.168474,3,0,11,298.58,1.0000,0.0218,0.000435,4.332
401925,520,478,998,191,44,181,331.18,0.8518,0.5080,0.162155,1,1,15,273.08,0.9139,0.0250,0.000626,4.191
401927,520,438,958,238,25,93,12.00,0.9689,0.5494,0.196659,4,26,4,143.20,0.9510,0.0926,0.007733,4.272
401936,520,411,931,244,15,124,2.22,0.9840,0.5675,0.210333,38,10,60,305.71,0.7808,0.1207,0.009554,4.371
401937,520,388,908,253,47,72,21.57,0.9883,0.5881,0.233872,0,32,81,258.55,1.0000,0.1538,0.016270,4.284
401950,520,469,989,226,7,105,5.36,0.9879,0.5224,0.173435,14,4,2,40.05,0.5422,0.0429,0.001846,4.310
401964,520,364,884,229,87,157,352.91,0.7759,0.6078,0.259112,5,39,73,252.30,0.8386,0.1673,0.019642,4.439
401980,520,424,944,238,44,96,12.56,0.9296,0.5607,0.208262,19,24,46,272.58,0.4563,0.1142,0.009889,4.312
401982,520,438,958,210,39,195,332.35,0.9159,0.5469,0.190948,22,12,47,292.11,0.6813,0.0923,0.006388,4.273
401996,520,459,979,228,46,26,30.48,0.9664,0.5311,0.185255,0,13,28,246.60,1.0000,0.0622,0.003717,4.380
402009,520,405,925,223,56,186,338.68,0.8795,0.5772,0.220639,5,37,17,152.48,0.9271,0.1316,0.013958,4.231
402013,520,419,939,225,40,166,345.16,0.9100,0.5586,0.202809,36,0,63,304.26,1.0000,0.1075,0.007340,4.409
402020,520,419,939,239,47,73,20.39,0.9399,0.5600,0.208680,4,11,76,266.77,0.9675,0.1076,0.007869,4.470
402023,520,444,964,179,76,212,316.99,0.7981,0.5435,0.195071,21,10,41,296.17,0.6628,0.0831,0.005366,4.426
402024,520,455,975,156,79,227,304.45,0.8279,0.5270,0.182064,27,5,2,35.09,0.7735,0.0632,0.003460,4.341
402027,520,467,987,218,51,68,21.08,0.8963,0.5201,0.176930,8,6,9,315.46,0.1675,0.0442,0.002016,4.363
402028,520,21,541,239,255,182,118.24,1.0000,0.9662,0.932480,36,131,50,145.44,0.9596,0.4638,0.168373,4.499
402029,520,374,894,234,15,226,330.23,0.9919,0.5996,0.233277,52,28,29,17.34,0.3659,0.1558,0.016494,4.260
402033,520,392,912,168,107,237,303.13,0.8113,0.5939,0.249551,10,43,22,152.36,0.8694,0.1550,0.018501,4.373
402036,520,435,955,239,20,77,16.83,0.9811,0.5461,0.193901,35,11,15,11.42,0.5248,0.0903,0.006312,4.331
402058,520,475,995,168,67,214,313.15,0.8242,0.5174,0.171950,12,1,4,358.26,0.7084,0.0331,0.001086,4.345
402073,520,171,691,226,178,247,315.37,0.8556,0.8016,0.547258,20,95,58,156.51,0.9320,0.3429,0.086383,4.379
402085,520,392,912,252,20,136,359.88,0.9824,0.5892,0.229769,12,41,21,151.19,0.8109,0.1489,0.017181,4.164
402089,520,311,831,226,106,228,326.86,0.8640,0.6639,0.320802,41,59,0,126.36,1.0000,0.2247,0.035993,4.312
402091,520,441,961,214,33,172,340.32,0.9157,0.5370,0.183647,18,8,57,283.66,0.8512,0.0912,0.005977,4.174
402097,520,426,946,180,89,205,318.53,0.7305,0.5587,0.212568,28,25,9,98.95,0.4881,0.1101,0.009619,4.404
402118,520,453,973,181,25,242,312.56,0.9758,0.5262,0.169309,31,7,5,28.77,0.6679,0.0743,0.004543,4.021
402125,520,318,838,201,127,215,321.06,0.6711,0.6571,0.325036,39,57,3,127.19,0.9618,0.2169,0.033641,4.484
402140,520,443,963,197,50,201,326.90,0.8746,0.5363,0.183702,32,3,39,319.40,0.8110,0.0846,0.005187,4.235
402150,520,475,995,223,28,110,3.93,0.9364,0.5248,0.176470,8,1,3,357.19,0.6318,0.0279,0.000799,4.458
402153,520,422,942,181,91,203,319.41,0.7174,0.5620,0.216187,17,24,40,265.58,0.3843,0.1088,0.009256,4.492
402163,520,468,988,193,76,123,358.10,0.6700,0.5179,0.179381,4,6,17,271.16,0.4751,0.0437,0.001965,4.414
402170,520,418,938,203,31,232,320.89,0.9667,0.5562,0.195043,26,21,52,288.02,0.5512,0.1180,0.010039,4.081
402175,520,13,533,236,254,251,184.93,0.8525,0.9802,0.956809,37,131,97,164.52,0.8646,0.4746,0.174883,4.477
402179,520,458,978,228,2,108,4.52,0.9966,0.5263,0.176230,18,2,36,301.83,0.8631,0.0613,0.002994,4.269
402196,520,370,890,248,82,32,36.03,0.9639,0.6078,0.260987,24,46,7,134.30,0.9165,0.1700,0.021635,4.341
402206,520,457,977,198,5,216,323.66,0.9935,0.5271,0.170738,2,15,7,158.28,0.8150,0.0599,0.003699,4.111
402223,520,372,892,224,43,246,322.93,0.9711,0.6077,0.242310,44,11,95,292.63,0.8971,0.1655,0.016010,4.428
402226,520,397,917,205,103,109,17.78,0.5974,0.5766,0.237856,36,34,8,104.92,0.6717,0.1441,0.015367,4.404
402237,520,452,972,197,62,180,333.40,0.7975,0.5346,0.186125,20,11,13,4.35,0.2425,0.0685,0.004171,4.359
402256,520,413,933,251,20,63,21.52,0.9885,0.5689,0.213721,6,25,55,258.92,0.7692,0.1154,0.010098,4.388
402257,520,444,964,145,90,237,296.77,0.8477,0.5384,0.194466,14,20,15,149.74,0.2168,0.0844,0.006282,4.344
402260,520,459,979,171,70,224,311.46,0.8447,0.5331,0.184209,31,2,0,33.79,1.0000,0.0633,0.003348,4.390
402265,520,368,888,179,117,205,315.36,0.6140,0.6053,0.267148,18,45,35,167.10,0.5675,0.1693,0.021266,4.450
402280,520,451,971,176,45,253,308.11,0.9887,0.5400,0.181996,13,9,31,288.67,0.5759,0.0662,0.003799,4.312
402282,520,419,939,246,29,27,28.47,0.9841,0.5582,0.205542,26,17,53,291.06,0.6364,0.1106,0.008775,4.348
402293,520,413,933,251,32,29,28.49,0.9858,0.5702,0.216347,32,17,60,295.45,0.6861,0.1233,0.010342,4.414
402299,520,411,931,221,65,152,350.55,0.8118,0.5656,0.214222,24,30,25,150.01,0.1613,0.1241,0.011929,4.267
402303,520,330,850,212,135,5,69.56,0.9844,0.6365,0.313378,38,52,52,196.24,0.1910,0.2117,0.031159,4.477
402327,520,423,943,241,41,75,19.25,0.9521,0.5602,0.207980,26,13,61,289.37,0.7690,0.1107,0.008444,4.414
402343,520,463,983,166,61,236,307.65,0.9006,0.5253,0.175013,25,1,9,359.10,0.8203,0.0537,0.002481,4.287
402345,520,456,976,156,71,248,300.98,0.9467,0.5338,0.183521,15,10,15,326.20,0.2057,0.0617,0.003531,4.362
402353,520,266,786,246,139,127,27.39,0.8433,0.7084,0.395930,35,71,37,145.08,0.7157,0.2646,0.049972,4.461
402367,520,372,892,244,52,186,343.67,0.9331,0.6117,0.252373,63,26,12,40.64,0.6864,0.1664,0.018223,4.432
402379,520,407,927,244,51,49,27.20,0.9547,0.5698,0.218259,32,7,84,287.38,0.9259,0.1343,0.010991,4.398
402382,520,456,976,205,46,168,339.52,0.8500,0.5269,0.177623,14,12,14,325.83,0.0829,0.0645,0.003880,4.225
402385,520,409,929,250,42,7,31.29,0.9952,0.5729,0.219989,6,11,93,267.14,0.9788,0.1307,0.010683,4.449
402387,520,429,949,233,53,6,33.32,0.9934,0.5463,0.198861,44,3,23,355.04,0.8026,0.0967,0.006625,4.395
402394,520,162,682,200,200,212,286.04,0.1427,0.8096,0.583413,17,98,62,158.29,0.9460,0.3532,0.092019,4.460
402406,520,444,964,219,54,117,2.90,0.8384,0.5375,0.189853,24,0,53,297.37,1.0000,0.0807,0.004512,4.400
402407,520,472,992,226,30,10,30.24,0.9895,0.5154,0.171221,2,1,16,280.21,0.8731,0.0270,0.000720,4.362
402439,520,353,873,237,56,223,331.63,0.9477,0.6229,0.261632,53,37,16,72.19,0.5405,0.1756,0.021175,4.378
402457,520,475,995,179,34,232,313.97,0.9522,0.5190,0.165550,0,1,23,264.09,0.9821,0.0295,0.000836,4.240
402462,520,479,999,183,72,152,340.04,0.6868,0.5081,0.169704,1,0,6,289.16,1.0000,0.0150,0.000196,4.377
402466,520,409,929,206,64,215,325.38,0.8759,0.5734,0.216966,2,30,63,254.42,0.9055,0.1331,0.013003,4.237
402467,520,454,974,219,65,9,36.35,0.9844,0.5308,0.188630,3,5,54,268.22,0.9670,0.0714,0.003942,4.424
402470,520,458,978,186,74,182,329.09,0.7380,0.5322,0.187154,25,0,24,329.85,1.0000,0.0582,0.002727,4.498
402477,520,352,872,246,58,180,346.20,0.9320,0.6170,0.259173,47,44,25,100.38,0.3736,0.1885,0.024759,4.136
402478,520,411,931,249,39,52,25.27,0.9743,0.5720,0.218423,50,9,35,345.67,0.7071,0.1220,0.009949,4.477
402491,520,413,933,245,36,76,18.79,0.9642,0.5656,0.211995,20,24,57,274.95,0.5963,0.1232,0.010974,4.297
402495,520,430,950,206,35,220,324.56,0.9508,0.5544,0.194930,12,20,46,268.43,0.6008,0.0994,0.007757,4.241
402505,520,447,967,160,75,245,302.55,0.9233,0.5414,0.190988,29,10,27,331.23,0.5230,0.0843,0.005575,4.336
402508,520,388,908,223,57,203,333.56,0.9009,0.5878,0.229283,1,30,84,260.60,0.9812,0.1524,0.015750,4.248
402520,520,454,974,181,16,251,310.81,0.9892,0.5310,0.171604,8,1,53,276.26,0.9864,0.0667,0.003304,4.157
402536,520,397,917,224,77,134,0.14,0.7752,0.5776,0.228788,21,23,76,274.97,0.7900,0.1391,0.012940,4.429
402558,520,268,788,249,101,250,327.43,0.9807,0.7038,0.363518,74,49,88,312.64,0.4453,0.2633,0.043571,4.419
402562,520,416,936,199,64,227,320.13,0.8918,0.5705,0.213564,11,31,31,195.45,0.4880,0.1200,0.011500,4.286
402566,520,392,912,229,4,229,328.35,0.9978,0.5907,0.224044,39,33,14,92.34,0.4872,0.1459,0.015508,4.183
402568,520,333,853,232,65,244,325.06,0.9584,0.6354,0.274703,44,49,29,119.93,0.3628,0.2007,0.028208,4.152
402588,520,442,962,177,44,252,308.66,0.9835,0.5398,0.181776,10,8,55,275.21,0.8981,0.0827,0.005140,4.203
402590,520,255,775,243,118,253,324.58,0.9896,0.7197,0.391056,55,70,18,124.00,0.7960,0.2735,0.052362,4.309
402602,520,471,991,171,67,206,316.38,0.8047,0.5159,0.171294,5,0,34,280.50,1.0000,0.0420,0.001478,4.299
402610,520,429,949,201,54,212,324.94,0.8889,0.5539,0.198110,18,23,33,263.92,0.2597,0.1031,0.008512,4.240
402625,520,476,996,193,48,181,331.78,0.8403,0.5148,0.167892,0,1,16,263.65,1.0015,0.0242,0.000591,4.307
402640,520,410,930,228,19,200,335.46,0.9798,0.5733,0.211324,17,12,85,273.93,0.9441,0.1278,0.010379,4.328
402646,520,372,892,225,68,210,332.12,0.8909,0.6054,0.247972,54,21,74,310.17,0.7028,0.1717,0.018151,4.372
402652,520,334,854,214,92,241,319.95,0.9156,0.6350,0.283029,46,37,88,288.09,0.5954,0.2029,0.026085,4.377
402658,520,335,855,228,87,231,326.92,0.9007,0.6435,0.290820,4,46,91,254.36,0.9092,0.2013,0.027350,4.406
402660,520,359,879,203,97,230,319.05,0.8407,0.6191,0.269604,6,38,94,260.76,0.9186,0.1838,0.022330,4.419
402672,520,97,617,194,225,254,246.63,0.9221,0.8796,0.724745,18,112,76,161.32,0.9498,0.4032,0.122382,4.494
402683,520,443,963,228,55,63,23.90,0.9138,0.5429,0.195881,25,15,16,12.25,0.2324,0.0839,0.005858,4.402
402699,520,476,996,209,29,135,351.71,0.9021,0.5068,0.161856,0,0,21,264.05,1.0000,0.0245,0.000541,4.192
402703,520,415,935,221,28,211,330.83,0.9670,0.5709,0.209081,2,21,70,262.70,0.9555,0.1178,0.009914,4.324
402706,520,257,777,238,142,138,22.81,0.7225,0.7053,0.393604,66,64,23,106.43,0.6485,0.2676,0.048869,4.487
402710,520,422,942,237,53,39,29.40,0.9498,0.5563,0.207004,9,11,72,270.57,0.9459,0.1056,0.007653,4.458
402724,520,288,808,250,119,120,21.44,0.9127,0.6782,0.348767,38,58,75,244.98,0.3495,0.2407,0.039461,4.457
402730,520,443,963,223,27,144,351.65,0.9362,0.5374,0.184881,35,5,0,38.74,1.0000,0.0763,0.004659,4.297
402738,520,471,991,223,46,37,28.69,0.9465,0.5217,0.177783,8,3,25,291.47,0.7483,0.0450,0.001869,4.391
402741,520,335,855,242,54,240,328.61,0.9675,0.6406,0.278095,35,41,87,274.78,0.5857,0.2009,0.026312,4.299
402756,520,247,767,224,148,191,344.98,0.5949,0.7154,0.407903,44,69,87,240.67,0.3661,0.2835,0.054797,4.369
402766,520,441,961,230,44,43,27.26,0.9528,0.5351,0.188018,8,11,56,271.69,0.8914,0.0873,0.005765,4.268
402790,520,449,969,239,10,20,28.13,0.9953,0.5364,0.186217,36,1,2,25.13,0.9604,0.0713,0.004012,4.373
402794,520,407,927,220,10,219,328.59,0.9918,0.5690,0.205494,56,6,36,348.85,0.7793,0.1304,0.010985,4.189
402799,520,363,883,252,54,133,2.83,0.9702,0.6062,0.250307,2,27,106,263.81,0.9803,0.1713,0.018372,4.392
402800,520,396,916,246,57,13,33.02,0.9894,0.5764,0.225516,47,24,18,35.45,0.4417,0.1360,0.013014,4.372
402803,520,387,907,235,89,6,41.69,0.9913,0.5921,0.248230,30,33,57,277.29,0.3953,0.1540,0.016591,4.479
402829,520,399,919,141,108,254,289.58,0.9817,0.5787,0.235434,23,31,51,266.81,0.3964,0.1388,0.014011,4.459
402831,520,427,947,183,76,222,315.69,0.8317,0.5564,0.205111,12,21,48,267.51,0.6154,0.1033,0.008279,4.377
402833,520,380,900,219,74,199,333.83,0.8421,0.5954,0.240833,56,25,36,358.68,0.4627,0.1587,0.016635,4.365
402841,520,430,950,247,6,27,27.34,0.9975,0.5531,0.199872,46,8,3,32.94,0.8719,0.1026,0.007612,4.337
402846,520,209,729,249,152,200,349.38,0.8711,0.7591,0.467686,37,80,91,216.71,0.5248,0.3140,0.068857,4.356
402847,520,366,886,230,62,210,333.41,0.9127,0.6082,0.249238,51,9,94,299.04,0.8999,0.1719,0.017074,4.461
402862,520,406,926,229,25,202,335.18,0.9725,0.5784,0.216201,32,4,84,287.97,0.9552,0.1308,0.010340,4.412
402877,520,444,964,183,81,181,328.28,0.7003,0.5366,0.192896,14,4,52,282.81,0.9119,0.0759,0.004281,4.475
402880,520,319,839,253,42,234,332.62,0.9919,0.6483,0.284822,78,18,93,318.60,0.7936,0.2224,0.028428,4.269
402891,520,383,903,242,57,161,351.50,0.9021,0.6003,0.243798,37,35,27,95.60,0.1688,0.1522,0.016745,4.402
402893,520,436,956,238,41,18,30.61,0.9832,0.5477,0.198100,21,4,56,289.69,0.9000,0.0868,0.005318,4.485
402917,520,403,923,158,102,243,298.79,0.8599,0.5780,0.232431,4,36,18,154.89,0.9313,0.1280,0.013312,4.461
402944,520,376,896,222,43,242,323.34,0.9674,0.6016,0.236702,8,2,119,266.82,0.9980,0.1594,0.014268,4.461
402959,520,467,987,152,74,230,302.87,0.8520,0.5172,0.172865,7,0,33,286.18,1.0000,0.0431,0.001550,4.323
402970,520,443,963,152,82,241,299.73,0.8877,0.5376,0.190611,10,14,41,273.21,0.6514,0.0808,0.005387,4.344
402977,520,436,956,203,55,197,329.78,0.8605,0.5482,0.194619,38,9,5,31.88,0.7280,0.0897,0.006185,4.354
402979,520,435,955,238,40,6,31.37,0.9946,0.5466,0.197111,30,2,47,309.10,0.8937,0.0864,0.005247,4.473
402981,520,463,983,190,65,192,327.20,0.7986,0.5337,0.185350,15,7,6,28.96,0.2844,0.0524,0.002667,4.469
402997,520,331,851,251,35,238,331.22,0.9860,0.6440,0.278874,14,41,104,263.50,0.8766,0.2038,0.026786,4.283
403003,520,372,892,209,91,215,325.69,0.8103,0.6101,0.259454,24,32,89,271.83,0.7723,0.1733,0.019484,4.454
403007,520,416,936,229,47,164,347.03,0.8971,0.5698,0.213741,26,20,61,285.32,0.6632,0.1233,0.010568,4.354
403013,520,468,988,181,78,157,337.43,0.6598,0.5159,0.177082,0,0,37,264.05,1.0000,0.0397,0.001336,4.423
403030,520,211,731,242,156,204,345.57,0.7817,0.7589,0.470158,36,84,62,161.61,0.6515,0.3141,0.070633,4.312
403032,520,299,819,255,68,238,332.13,1.0000,0.6718,0.315704,25,52,91,257.73,0.6325,0.2260,0.034178,4.344
403041,520,413,933,212,7,241,321.41,0.9959,0.5707,0.205018,45,5,58,316.10,0.8356,0.1235,0.009720,4.270
403048,520,424,944,227,66,92,16.04,0.8476,0.5578,0.210028,14,30,0,131.95,1.0000,0.1103,0.010219,4.318
403051,520,402,922,232,43,176,343.70,0.9228,0.5786,0.220209,45,12,56,316.49,0.7289,0.1305,0.011064,4.425
403090,520,245,765,253,143,148,17.77,0.9344,0.7313,0.426684,23,79,4,139.73,0.9923,0.2813,0.057827,4.421
403098,520,437,957,225,2,177,341.17,0.9969,0.5505,0.192279,25,16,30,313.01,0.3589,0.0920,0.006710,4.272
403117,520,343,863,231,72,228,328.73,0.9224,0.6300,0.272274,47,46,14,107.40,0.6564,0.1922,0.025901,4.246
403118,520,419,939,224,39,165,345.21,0.9102,0.5556,0.200175,31,1,67,296.06,0.9761,0.1061,0.007183,4.375
403121,520,468,988,200,48,177,335.14,0.8452,0.5247,0.175694,2,1,31,272.02,0.9755,0.0387,0.001335,4.396
403158,520,390,910,237,84,56,32.57,0.9019,0.5922,0.246337,19,39,20,145.21,0.6126,0.1461,0.016399,4.463
403159,520,374,894,242,60,157,353.08,0.8952,0.6012,0.245463,18,44,5,137.01,0.9540,0.1593,0.019409,4.257
403163,520,390,910,201,73,241,316.91,0.9217,0.5930,0.235349,62,14,41,349.65,0.6946,0.1539,0.014985,4.391
403164,520,473,993,160,58,240,305.00,0.9199,0.5172,0.167915,4,4,4,0.00,0.0000,0.0329,0.001214,4.255
403165,520,420,940,170,81,244,305.62,0.9104,0.5615,0.209632,14,18,61,273.12,0.7871,0.1092,0.008629,4.428
403182,520,361,881,242,19,240,328.78,0.9931,0.6240,0.256370,61,14,76,316.52,0.7843,0.1752,0.018281,4.487
403185,520,23,543,252,248,231,95.96,0.7183,0.9740,0.936000,7,133,36,145.05,0.9962,0.4633,0.169469,4.493
403190,520,445,965,175,61,243,309.06,0.9309,0.5439,0.189233,16,6,53,283.90,0.8691,0.0821,0.004974,4.352
403194,520,419,939,173,78,238,308.23,0.8838,0.5568,0.205068,24,12,67,284.88,0.8310,0.1131,0.008624,4.351
403195,520,351,871,203,112,208,325.29,0.6977,0.6296,0.288403,27,50,40,164.74,0.4239,0.1925,0.026673,4.414
403196,520,411,931,182,77,237,311.58,0.8856,0.5672,0.213682,33,27,3,95.85,0.8071,0.1203,0.011138,4.313
403203,520,378,898,204,103,178,337.93,0.6457,0.6009,0.257538,9,43,41,189.55,0.7248,0.1611,0.019458,4.428
403210,520,289,809,248,101,199,342.77,0.9310,0.6756,0.333902,58,54,51,59.42,0.0610,0.2371,0.037769,4.374
403227,520,403,923,211,38,236,321.97,0.9632,0.5761,0.212931,23,25,62,277.30,0.6151,0.1320,0.012252,4.224
403230,520,468,988,221,46,10,32.35,0.9869,0.5159,0.173508,14,1,15,325.81,0.7776,0.0403,0.001496,4.340
403231,520,38,558,224,254,170,124.45,0.9700,0.9487,0.896327,39,129,10,140.21,0.9929,0.4547,0.161532,4.474
403240,520,460,980,222,15,142,351.78,0.9677,0.5301,0.178269,7,10,29,273.27,0.5703,0.0620,0.003510,4.266
403243,520,443,963,200,22,225,321.87,0.9749,0.5420,0.182911,10,17,29,260.82,0.3873,0.0797,0.005541,4.193
403246,520,406,926,242,13,170,347.17,0.9874,0.5818,0.220705,12,34,21,155.81,0.6335,0.1262,0.012763,4.313
403250,520,401,921,229,62,150,352.93,0.8448,0.5763,0.223079,24,33,42,248.73,0.2454,0.1399,0.014490,4.234
403267,520,284,804,220,134,210,331.19,0.6991,0.6920,0.369205,34,67,38,146.78,0.6504,0.2512,0.044942,4.415
403283,520,402,922,221,73,166,345.83,0.7982,0.5807,0.228927,9,27,67,263.31,0.8076,0.1322,0.012471,4.465
403292,520,324,844,255,91,147,2.91,1.0000,0.6538,0.308521,19,57,19,143.41,0.9187,0.2057,0.031116,4.420
403301,520,334,854,255,45,209,339.42,1.0000,0.6390,0.277436,28,50,60,228.65,0.3833,0.2020,0.028542,4.169
403313,520,417,937,222,29,200,334.03,0.9589,0.5661,0.205808,8,12,84,268.65,0.9652,0.1213,0.009546,4.296
403329,520,433,953,212,53,174,339.60,0.8480,0.5486,0.196014,26,9,52,296.46,0.7674,0.0964,0.006629,4.344
403351,520,410,930,206,83,169,341.08,0.7215,0.5695,0.221747,59,9,8,26.56,0.8639,0.1314,0.011429,4.424
403401,520,457,977,184,52,213,319.57,0.8789,0.5252,0.174517,5,10,26,266.56,0.5589,0.0585,0.003239,4.217
403424,520,464,984,226,0,100,6.90,1.0000,0.5193,0.170917,1,8,20,250.92,0.7556,0.0471,0.002306,4.224
403427,520,423,943,197,27,248,315.71,0.9797,0.5574,0.194329,28,24,11,92.92,0.3984,0.1078,0.009243,4.124
403439,520,400,920,236,14,191,339.77,0.9870,0.5816,0.219114,31,28,54,287.50,0.4341,0.1406,0.013881,4.213
403449,520,477,997,152,52,246,301.54,0.9518,0.5059,0.157856,2,1,6,294.08,0.6164,0.0213,0.000478,4.118
403453,520,431,951,208,43,202,329.81,0.9114,0.5505,0.194038,29,14,48,301.18,0.6407,0.1046,0.007887,4.216
403457,520,479,999,202,66,100,9.34,0.7530,0.5129,0.173751,0,0,8,264.05,1.0000,0.0143,0.000175,4.459
403472,520,423,943,239,52,22,31.66,0.9773,0.5583,0.208679,12,14,73,271.80,0.9193,0.1132,0.008732,4.404
403475,520,372,892,229,30,244,324.77,0.9840,0.6082,0.241205,5,4,125,265.67,0.9967,0.1692,0.015996,4.412
403483,520,421,941,227,38,173,343.33,0.9243,0.5647,0.207369,32,4,70,294.55,0.9231,0.1147,0.008361,4.410
403506,520,322,842,253,60,213,338.13,0.9881,0.6478,0.289216,12,33,124,266.00,0.9459,0.2081,0.026209,4.451
403507,520,378,898,254,22,151,355.57,0.9918,0.5994,0.238826,33,11,100,282.30,0.9358,0.1589,0.014827,4.455
403524,520,375,895,216,71,222,326.23,0.8901,0.6011,0.243813,47,36,17,80.03,0.4758,0.1649,0.019066,4.254
403526,520,459,979,220,20,149,349.06,0.9534,0.5309,0.178884,13,12,0,106.70,1.0000,0.0595,0.003485,4.279
403534,520,426,946,211,84,124,3.55,0.6983,0.5608,0.216469,45,14,23,4.27,0.5663,0.1149,0.009339,4.491
403535,520,315,835,231,99,219,331.23,0.8679,0.6565,0.310293,36,54,61,224.08,0.2727,0.2202,0.033502,4.315
403543,520,438,958,241,24,66,20.32,0.9799,0.5498,0.197507,26,15,30,316.74,0.3933,0.0911,0.006550,4.377
403564,520,273,793,251,106,218,337.36,0.9702,0.6961,0.358820,13,74,5,141.53,0.9910,0.2609,0.049939,4.091
403565,520,429,949,200,14,233,320.06,0.9881,0.5457,0.184782,7,28,13,150.96,0.7775,0.1025,0.009047,3.976
403577,520,364,884,227,28,248,323.41,0.9863,0.6069,0.239410,16,45,32,162.12,0.6466,0.1672,0.020911,4.081
403579,520,318,838,240,88,221,333.07,0.9202,0.6577,0.307277,89,30,18,33.30,0.7723,0.2242,0.030964,4.413
403581,520,343,863,243,67,210,336.73,0.9329,0.6348,0.277250,48,46,0,107.11,1.0000,0.1917,0.025824,4.316
403589,520,300,820,232,136,66,53.97,0.8138,0.6715,0.351598,13,66,10,142.29,0.9773,0.2334,0.040038,4.460
403602,520,445,965,225,1,155,347.93,0.9981,0.5388,0.183985,27,5,43,307.31,0.7875,0.0837,0.005160,4.242
403608,520,461,981,227,43,35,28.64,0.9558,0.5274,0.181829,21,2,5,9.80,0.7273,0.0484,0.002138,4.446
403625,520,472,992,231,3,11,28.59,0.9984,0.5170,0.170813,5,2,9,307.01,0.5365,0.0302,0.000954,4.334
403638,520,361,881,224,68,238,324.36,0.9328,0.6213,0.261567,75,17,22,20.10,0.7726,0.1774,0.019549,4.480
403639,520,433,953,153,93,237,299.39,0.8401,0.5526,0.207157,29,21,11,72.22,0.3623,0.1014,0.008217,4.417
403650,520,405,925,237,40,158,350.52,0.9300,0.5775,0.219937,45,20,36,342.44,0.4638,0.1310,0.011856,4.364
403660,520,418,938,213,80,119,5.44,0.7238,0.5570,0.212176,57,2,24,2.82,0.8929,0.1224,0.009794,4.385
403668,520,465,985,224,14,92,9.83,0.9773,0.5161,0.169369,0,3,44,264.08,0.9817,0.0541,0.002470,4.181
403680,520,448,968,229,35,115,3.66,0.9255,0.5423,0.191008,28,8,29,325.62,0.5939,0.0806,0.005093,4.375
403692,520,456,976,198,59,168,337.87,0.7924,0.5264,0.179626,10,4,39,283.82,0.8492,0.0599,0.002978,4.334
403702,520,429,949,235,43,95,12.42,0.9264,0.5537,0.202192,38,8,41,324.00,0.7074,0.1032,0.007459,4.389
403728,520,397,917,254,8,114,6.87,0.9943,0.5833,0.224631,45,11,64,310.31,0.7802,0.1358,0.011675,4.453
403751,520,436,956,226,30,162,346.40,0.9381,0.5530,0.197086,9,23,3,135.75,0.8915,0.0864,0.006774,4.352
403752,520,457,977,194,68,162,339.25,0.7430,0.5265,0.182139,19,7,14,344.16,0.3957,0.0597,0.003221,4.362
403781,520,469,989,159,65,234,305.39,0.8862,0.5184,0.170926,12,1,19,313.43,0.8135,0.0402,0.001469,4.292
403788,520,285,805,239,133,134,20.13,0.7496,0.6890,0.368495,11,68,55,173.35,0.8903,0.2498,0.044810,4.414
403796,520,440,960,242,3,62,20.51,0.9980,0.5455,0.192936,12,23,0,128.96,1.0000,0.0877,0.006909,4.269
403803,520,220,740,216,158,241,315.35,0.8024,0.7475,0.454045,44,79,44,144.07,0.6361,0.2977,0.063091,4.457
403817,520,399,919,178,82,253,306.35,0.9800,0.5805,0.225921,4,38,36,189.28,0.8466,0.1407,0.015393,4.219
403847,520,452,972,208,2,197,331.28,0.9966,0.5308,0.174866,0,1,61,264.15,0.9970,0.0701,0.003586,4.196
403873,520,382,902,242,56,165,350.09,0.9066,0.6013,0.244253,48,34,3,83.69,0.8661,0.1589,0.017791,4.341
403888,520,398,918,192,88,206,322.77,0.7566,0.5752,0.226434,20,35,32,180.48,0.3105,0.1381,0.014550,4.282
403898,520,380,900,225,11,250,322.61,0.9958,0.6002,0.231512,8,7,115,266.98,0.9920,0.1583,0.014413,4.370
403899,520,429,949,207,27,223,324.18,0.9685,0.5544,0.193788,27,3,65,292.17,0.9362,0.1018,0.006798,4.292
403909,520,341,861,238,91,165,352.26,0.8265,0.6314,0.283786,22,48,67,242.32,0.5263,0.1964,0.026896,4.341
403919,520,309,829,243,73,245,327.49,0.9658,0.6609,0.304149,44,53,55,212.63,0.1162,0.2213,0.033575,4.238
403926,520,364,884,227,83,182,342.16,0.8081,0.6103,0.258972,13,46,36,170.06,0.7045,0.1705,0.021668,4.311
403944,520,391,911,246,5,183,344.17,0.9962,0.5945,0.231235,15,16,102,270.10,0.9623,0.1535,0.014313,4.373
403948,520,423,943,230,3,167,345.33,0.9955,0.5550,0.196809,24,26,20,122.40,0.1542,0.1112,0.009835,4.125
403955,520,419,939,197,35,248,315.54,0.9703,0.5612,0.198511,15,30,4,133.56,0.8875,0.1118,0.010388,4.115
403995,520,369,889,252,62,136,2.56,0.9671,0.6138,0.259217,28,43,37,167.91,0.2781,0.1704,0.021082,4.350
404001,520,304,824,245,77,246,327.70,0.9692,0.6685,0.313767,36,51,86,265.39,0.4842,0.2266,0.034145,4.323
404012,520,410,930,237,53,124,3.37,0.8927,0.5736,0.220090,42,19,45,322.84,0.5296,0.1294,0.011475,4.393
404013,520,314,834,229,123,145,7.82,0.6697,0.6594,0.328705,40,56,45,154.51,0.2746,0.2228,0.034689,4.472
404044,520,378,898,224,53,230,326.59,0.9450,0.6033,0.241089,37,29,62,292.81,0.4986,0.1550,0.016198,4.397
404045,520,476,996,183,1,228,316.63,0.9988,0.5104,0.156917,1,1,11,275.11,0.8474,0.0225,0.000523,4.095
404059,520,429,949,234,33,108,6.86,0.9423,0.5491,0.196659,1,1,84,264.83,0.9983,0.1025,0.006682,4.352
404076,520,478,998,162,75,203,313.22,0.7611,0.5112,0.170261,0,1,8,261.19,1.0000,0.0192,0.000392,4.371
404081,520,354,874,250,75,142,1.58,0.9388,0.6248,0.273124,57,35,43,356.14,0.3028,0.1844,0.022464,4.459
404084,520,430,950,236,39,80,17.08,0.9460,0.5497,0.198662,9,20,53,266.54,0.7399,0.1032,0.008154,4.276
404088,520,418,938,209,51,210,327.81,0.9038,0.5634,0.205780,38,13,51,312.16,0.6823,0.1175,0.009390,4.307
404097,520,423,943,238,50,45,27.80,0.9509,0.5564,0.206510,28,18,49,295.86,0.5717,0.1117,0.009012,4.347
404105,520,313,833,254,91,157,358.83,0.9822,0.6555,0.309906,56,51,5,102.90,0.8842,0.2164,0.032194,4.379
404113,520,341,861,240,34,240,328.26,0.9834,0.6258,0.259633,55,9,117,292.95,0.9418,0.2033,0.022920,4.246
404119,520,412,932,253,15,53,23.60,0.9931,0.5703,0.214851,38,21,27,357.02,0.3201,0.1186,0.010276,4.394
404135,520,446,966,209,50,174,338.70,0.8515,0.5407,0.188946,15,18,9,123.21,0.3171,0.0783,0.005539,4.302
404141,520,350,870,238,108,87,31.07,0.8483,0.6339,0.295932,7,55,6,142.56,0.9823,0.1927,0.027906,4.440
404157,520,446,966,205,63,163,341.94,0.7869,0.5402,0.191804,2,22,19,182.74,0.8283,0.0831,0.006337,4.292
404160,520,402,922,228,30,204,334.41,0.9647,0.5799,0.217847,33,24,44,304.15,0.3830,0.1271,0.011585,4.349
404166,520,409,929,220,58,174,341.89,0.8513,0.5673,0.213001,0,32,50,237.67,1.0000,0.1280,0.012632,4.199
404167,520,429,949,181,91,179,328.15,0.6437,0.5478,0.205617,49,2,0,31.24,1.0000,0.0992,0.006965,4.487
404177,520,377,897,224,23,244,323.61,0.9881,0.5971,0.229939,27,34,62,271.65,0.4657,0.1574,0.017248,4.163
404183,520,464,984,211,64,47,30.16,0.8859,0.5168,0.177233,10,7,22,291.68,0.4852,0.0540,0.002744,4.308
404195,520,444,964,225,50,88,14.56,0.8910,0.5374,0.189961,29,8,15,0.62,0.5215,0.0758,0.004694,4.387
404201,520,467,987,224,46,13,32.02,0.9840,0.5222,0.178332,17,0,11,340.63,1.0000,0.0398,0.001434,4.439
404218,520,412,932,204,44,234,320.43,0.9475,0.5669,0.205809,39,22,2,69.44,0.8319,0.1159,0.010096,4.257
404230,520,468,988,206,53,138,351.33,0.8062,0.5201,0.175051,0,8,3,158.75,1.0000,0.0391,0.001802,4.344
404262,520,479,999,204,72,3,40.36,0.9910,0.5106,0.174808,1,0,1,328.36,1.0000,0.0103,0.000086,4.488
404263,520,448,968,192,75,184,330.45,0.7489,0.5442,0.197008,35,3,25,342.38,0.7663,0.0810,0.004927,4.497
404266,520,364,884,227,48,234,326.43,0.9585,0.6075,0.243876,76,6,34,3.69,0.8500,0.1716,0.017825,4.333
404269,520,362,882,206,124,73,51.17,0.6697,0.6103,0.280199,33,47,13,128.45,0.7406,0.1810,0.023854,4.471
404289,520,430,950,228,62,72,22.44,0.8876,0.5513,0.204099,0,29,15,159.46,1.0000,0.1022,0.009132,4.297
404290,520,321,841,252,107,44,41.27,0.9755,0.6506,0.313960,13,53,72,233.39,0.7287,0.2105,0.030995,4.494
404293,520,447,967,206,72,130,357.09,0.7322,0.5379,0.193703,0,17,45,256.24,0.9999,0.0839,0.005903,4.359
404294,520,359,879,240,26,231,330.40,0.9867,0.6167,0.250363,10,7,128,266.98,0.9937,0.1783,0.017748,4.434
404305,520,459,979,229,39,71,19.26,0.9418,0.5336,0.185669,9,14,0,122.47,1.0000,0.0609,0.003721,4.387
404312,520,441,961,202,72,156,344.43,0.7381,0.5421,0.195934,13,16,41,275.24,0.5773,0.0873,0.006162,4.379
404326,520,387,907,221,85,149,354.14,0.7407,0.5884,0.240414,30,21,87,281.20,0.8231,0.1544,0.015004,4.468
404336,520,396,916,221,13,235,324.99,0.9925,0.5827,0.216603,30,30,40,284.87,0.1887,0.1363,0.013578,4.193
404352,520,410,930,233,15,177,343.12,0.9817,0.5685,0.208424,54,11,19,13.50,0.7179,0.1260,0.010708,4.257
404364,520,331,851,190,117,242,309.28,0.8458,0.6412,0.300813,22,53,31,151.28,0.6901,0.1964,0.028156,4.489
404368,520,419,939,212,15,224,325.33,0.9868,0.5596,0.197225,27,14,58,291.66,0.7289,0.1107,0.008526,4.224
404388,520,304,824,255,95,182,350.09,1.0000,0.6718,0.328250,51,57,27,118.43,0.5077,0.2313,0.037092,4.343
404419,520,397,917,255,8,105,9.80,1.0000,0.5829,0.224574,9,31,65,259.00,0.7555,0.1406,0.014196,4.277
404422,520,456,976,229,5,98,8.22,0.9925,0.5261,0.176514,13,11,14,314.60,0.1124,0.0615,0.003566,4.229
404424,520,349,869,243,29,243,328.29,0.9885,0.6310,0.264072,55,43,5,90.51,0.8518,0.1928,0.025510,4.159
404430,520,400,920,166,107,224,305.27,0.7380,0.5826,0.240047,39,31,18,79.23,0.3499,0.1413,0.014550,4.493
404431,520,418,938,219,4,206,331.66,0.9955,0.5572,0.196054,27,8,75,286.00,0.9014,0.1196,0.009147,4.160
404434,520,442,962,225,33,139,354.09,0.9207,0.5421,0.189620,22,15,1,87.77,0.8518,0.0763,0.005144,4.345
404455,520,477,997,225,2,38,24.88,0.9985,0.5055,0.161938,3,0,13,294.85,1.0000,0.0230,0.000484,4.198
404460,520,428,948,198,51,235,318.32,0.9319,0.5631,0.203730,14,21,41,267.97,0.4815,0.0996,0.007898,4.382
404461,520,374,894,230,55,203,335.35,0.9180,0.5982,0.238697,75,3,7,25.37,0.9707,0.1600,0.015766,4.390
404464,520,396,916,220,63,183,339.05,0.8482,0.5768,0.221918,30,21,77,283.93,0.7599,0.1441,0.013481,4.283
404476,520,413,933,236,70,62,27.40,0.9079,0.5739,0.225640,0,35,2,143.83,1.0000,0.1196,0.012064,4.441
404494,520,423,943,224,12,190,337.23,0.9847,0.5581,0.198304,37,18,32,337.33,0.4153,0.1130,0.009303,4.187
404529,520,434,954,221,47,153,348.93,0.8706,0.5497,0.197076,26,2,65,291.38,0.9572,0.0991,0.006447,4.377
404538,520,147,667,247,195,169,47.89,0.7282,0.8334,0.616706,5,104,4,142.49,0.9968,0.3632,0.099412,4.462
404544,520,451,971,221,37,148,350.21,0.9015,0.5406,0.188359,7,18,2,134.38,0.8855,0.0704,0.004822,4.348
404545,520,459,979,207,24,195,331.55,0.9535,0.5337,0.178608,8,8,27,280.27,0.5681,0.0574,0.003044,4.310
404546,520,433,953,198,3,244,317.14,0.9980,0.5490,0.186040,5,27,25,187.22,0.6745,0.1021,0.008863,4.010
404548,520,413,933,232,33,179,342.55,0.9483,0.5744,0.215009,19,12,76,277.28,0.9075,0.1185,0.009232,4.474
404551,520,453,973,121,102,227,286.37,0.7771,0.5265,0.191135,0,13,35,254.55,0.9999,0.0669,0.004092,4.458
404554,520,279,799,236,108,238,326.93,0.9206,0.6869,0.347332,0,58,107,251.13,1.0000,0.2471,0.040874,4.372
404566,520,471,991,158,65,236,304.61,0.8940,0.5188,0.171063,11,2,24,301.83,0.7863,0.0447,0.001805,4.267
404582,520,430,950,240,8,104,7.99,0.9913,0.5515,0.197017,22,25,3,116.07,0.7817,0.1025,0.008724,4.206
404602,520,415,935,253,21,36,26.85,0.9925,0.5704,0.215501,29,22,53,291.43,0.5369,0.1241,0.010921,4.358
404642,520,315,835,253,44,250,328.89,0.9935,0.6595,0.295892,55,50,41,82.29,0.1549,0.2192,0.032536,4.191
404643,520,344,864,240,44,234,329.63,0.9722,0.6270,0.262698,65,27,58,334.79,0.5584,0.1881,0.022133,4.335
404646,520,353,873,200,91,254,312.51,0.9905,0.6228,0.269185,9,52,7,142.33,0.9746,0.1829,0.025293,4.239
404649,520,441,961,185,81,173,332.15,0.6857,0.5352,0.192176,45,0,19,359.82,1.0000,0.0925,0.006050,4.321
404660,520,401,921,204,64,232,320.35,0.9072,0.5818,0.223319,19,23,75,273.44,0.8009,0.1366,0.012592,4.367
404671,520,331,851,253,12,235,332.37,0.9967,0.6386,0.271469,51,40,60,309.23,0.2982,0.1964,0.025477,4.259
404677,520,410,930,229,38,184,340.42,0.9358,0.5742,0.215076,44,21,28,1.04,0.4020,0.1280,0.011557,4.306
404681,520,421,941,169,80,247,304.75,0.9313,0.5613,0.208883,3,31,9,148.28,0.9605,0.1091,0.010190,4.301
404702,520,401,921,215,80,168,343.94,0.7583,0.5799,0.230136,49,19,44,334.00,0.5541,0.1398,0.013006,4.446
404704,520,410,930,190,90,198,324.59,0.7210,0.5704,0.223379,30,29,18,103.48,0.2759,0.1252,0.011984,4.410
404705,520,382,902,255,44,120,6.82,1.0000,0.6010,0.244211,3,33,81,259.40,0.9365,0.1575,0.017010,4.391
404712,520,433,953,241,26,54,23.41,0.9805,0.5488,0.197093,1,24,36,233.17,0.8941,0.0964,0.007871,4.270
404722,520,476,996,217,1,124,356.69,0.9974,0.5090,0.162312,1,2,5,262.03,0.4486,0.0231,0.000608,4.195
404723,520,412,932,246,42,20,30.43,0.9838,0.5651,0.213028,14,33,21,154.84,0.5477,0.1242,0.012352,4.218
404725,520,471,991,216,8,155,345.92,0.9808,0.5226,0.171416,8,1,22,298.84,0.8587,0.0379,0.001313,4.315
404749,520,402,922,236,70,73,24.16,0.8950,0.5756,0.226973,5,35,37,201.34,0.7629,0.1321,0.013678,4.350
404769,520,396,916,224,63,181,340.77,0.8556,0.5827,0.227409,7,18,90,267.00,0.9555,0.1375,0.012159,4.463
404776,520,442,962,188,91,136,352.78,0.5797,0.5380,0.199526,20,17,0,101.89,1.0000,0.0785,0.005496,4.496
404790,520,476,996,224,33,34,27.57,0.9685,0.5143,0.170533,2,0,17,282.31,1.0000,0.0243,0.000534,4.364
404792,520,477,997,227,3,49,22.66,0.9975,0.5114,0.166207,0,0,20,264.05,1.0000,0.0236,0.000505,4.281
404794,520,378,898,223,39,236,325.05,0.9686,0.5967,0.231973,63,11,54,335.92,0.7534,0.1595,0.015626,4.297
404806,520,385,905,241,24,180,344.14,0.9746,0.5881,0.226524,20,6,108,272.72,0.9859,0.1535,0.013616,4.347
404821,520,344,864,253,29,207,339.33,0.9889,0.6267,0.262697,71,23,53,345.04,0.6281,0.1894,0.022096,4.337
404829,520,466,986,203,60,142,349.52,0.7763,0.5234,0.178832,8,1,33,287.26,0.9378,0.0464,0.001831,4.415
404833,520,414,934,251,21,71,19.59,0.9867,0.5705,0.215042,7,20,69,266.48,0.8949,0.1172,0.009751,4.436
404835,520,459,979,202,38,188,332.22,0.8986,0.5276,0.175755,14,4,32,296.46,0.7581,0.0579,0.002845,4.272
404838,520,399,919,207,73,207,327.82,0.8358,0.5795,0.225372,60,1,47,339.49,0.9232,0.1387,0.011878,4.450
404849,520,422,942,213,54,191,334.43,0.8713,0.5608,0.205481,8,20,56,266.09,0.7923,0.1052,0.008374,4.377
404855,520,303,823,246,73,249,327.26,0.9796,0.6682,0.312001,30,41,122,270.73,0.8526,0.2305,0.032669,4.379
404903,520,361,881,255,21,191,343.98,1.0000,0.6192,0.255614,38,15,109,282.91,0.9218,0.1793,0.018578,4.456
404909,520,420,940,186,79,210,319.86,0.7905,0.5564,0.206854,34,5,57,304.76,0.8502,0.1057,0.007441,4.472
404915,520,471,991,221,52,30,30.99,0.9513,0.5222,0.179246,19,1,0,34.03,1.0000,0.0411,0.001602,4.443
404916,520,479,999,172,77,176,325.97,0.6883,0.5110,0.172140,0,0,2,264.05,1.0000,0.0079,0.000044,4.439
404925,520,363,883,252,57,144,359.31,0.9689,0.6124,0.256388,22,46,21,143.12,0.7055,0.1709,0.021786,4.268
404927,520,442,962,218,22,166,343.04,0.9510,0.5362,0.182348,29,6,36,317.62,0.7121,0.0830,0.005189,4.210
404948,520,388,908,230,4,223,330.03,0.9975,0.5884,0.222401,53,1,82,307.97,0.9782,0.1548,0.013879,4.264
404953,520,366,886,237,91,107,16.98,0.8305,0.6109,0.265511,11,45,41,184.36,0.7036,0.1683,0.021079,4.439
404961,520,285,805,253,122,134,16.18,0.9504,0.6913,0.365260,50,62,42,133.24,0.3237,0.2489,0.042905,4.470
404963,520,366,886,244,22,211,336.26,0.9865,0.6101,0.245131,11,27,101,266.74,0.9325,0.1687,0.017945,4.344
404967,520,422,942,211,54,194,332.96,0.8723,0.5592,0.203843,42,18,5,48.66,0.6897,0.1126,0.009359,4.276
404970,520,432,952,205,54,197,330.37,0.8669,0.5507,0.196505,41,0,39,330.49,1.0000,0.0951,0.006180,4.388
404979,520,452,972,158,66,245,302.69,0.9342,0.5277,0.177586,11,14,15,219.81,0.0922,0.0668,0.004197,4.199
404993,520,359,879,230,98,152,357.15,0.7502,0.6228,0.278278,16,48,36,165.93,0.6677,0.1784,0.023514,4.466
404994,520,246,766,236,130,250,322.80,0.9664,0.7268,0.407021,31,73,59,169.06,0.6040,0.2753,0.053720,4.406
404996,520,177,697,249,165,242,329.68,0.9636,0.8005,0.534626,19,94,20,143.03,0.9796,0.3326,0.081940,4.431
404998,520,465,985,221,47,9,32.59,0.9880,0.5167,0.174276,4,8,20,264.53,0.4990,0.0499,0.002500,4.272
404999,520,247,767,238,153,126,38.38,0.7117,0.7239,0.424681,12,77,63,174.10,0.9054,0.2828,0.057445,4.418
405018,520,437,957,233,1,150,351.29,0.9985,0.5524,0.195503,7,22,31,236.48,0.5115,0.0917,0.007179,4.294
405028,520,467,987,199,51,161,340.44,0.8135,0.5165,0.170848,13,1,20,314.00,0.8199,0.0419,0.001578,4.282
405036,520,480,1000,181,39,213,319.06,0.9151,0.5100,0.160801,0,0,0,0.00,0.0000,0.0000,0.000000,4.216
405043,520,457,977,227,30,102,7.66,0.9407,0.5315,0.182216,4,15,17,208.86,0.4752,0.0647,0.004079,4.294
405069,520,443,963,197,77,150,346.01,0.6963,0.5374,0.193818,12,21,7,134.77,0.5582,0.0835,0.006298,4.331
405070,520,460,980,174,55,238,310.19,0.9164,0.5325,0.179050,23,2,20,333.38,0.7525,0.0572,0.002761,4.341
405074,520,333,853,234,100,169,350.82,0.7849,0.6388,0.294738,37,52,22,130.84,0.6017,0.2017,0.029072,4.360
405078,520,426,946,232,49,123,2.45,0.8900,0.5604,0.207854,47,3,43,332.26,0.8233,0.1132,0.008440,4.412
405089,520,441,961,191,41,232,317.31,0.9430,0.5424,0.184898,0,24,11,158.32,1.0000,0.0854,0.006774,4.137
405096,520,401,921,236,47,149,353.71,0.9070,0.5764,0.220388,45,18,54,316.95,0.6234,0.1380,0.012569,4.321
405099,520,471,991,134,85,242,292.55,0.8922,0.5222,0.179761,8,5,8,326.22,0.2125,0.0413,0.001777,4.438
405104,520,357,877,232,79,186,341.85,0.8424,0.6159,0.262955,65,29,32,16.07,0.4883,0.1805,0.021070,4.403
405110,520,303,823,246,91,222,334.41,0.9486,0.6713,0.323516,53,55,46,117.43,0.1322,0.2326,0.036865,4.300
405117,520,433,953,222,61,119,3.59,0.8237,0.5507,0.202016,2,11,71,265.40,0.9671,0.1003,0.007071,4.416
405134,520,324,844,251,27,247,329.19,0.9920,0.6467,0.280115,47,3,136,283.04,0.9904,0.2134,0.024470,4.433
405143,520,340,860,233,62,249,324.19,0.9766,0.6378,0.276107,38,51,31,135.04,0.3974,0.2015,0.028786,4.139
405149,520,432,952,199,39,232,319.63,0.9512,0.5540,0.194209,46,8,13,16.79,0.7340,0.1048,0.007837,4.222
405152,520,404,924,228,23,208,333.33,0.9773,0.5796,0.216634,49,19,19,21.57,0.5301,0.1294,0.011658,4.324
405154,520,432,952,244,3,9,28.79,0.9988,0.5452,0.193215,12,20,50,269.22,0.6559,0.1025,0.008087,4.187
405157,520,479,999,220,33,74,16.80,0.9401,0.5118,0.168005,0,0,7,264.05,1.0000,0.0135,0.000153,4.347
405165,520,443,963,222,28,152,348.72,0.9336,0.5395,0.186297,25,15,17,5.69,0.2331,0.0842,0.005888,4.228
405176,520,288,808,241,88,253,324.78,0.9914,0.6781,0.327744,81,41,61,349.81,0.4494,0.2425,0.036723,4.356
405179,520,448,968,228,57,33,31.27,0.9496,0.5413,0.195329,4,20,7,149.21,0.8251,0.0752,0.005414,4.427
405205,520,415,935,223,16,203,333.43,0.9825,0.5652,0.203728,2,33,36,204.09,0.8879,0.1239,0.012279,4.074
405225,520,402,922,244,47,107,9.90,0.9300,0.5776,0.223310,44,21,26,6.53,0.4005,0.1273,0.011465,4.447
405252,520,349,869,239,67,214,334.61,0.9248,0.6302,0.272227,31,51,21,136.12,0.6689,0.1935,0.027130,4.178
405259,520,397,917,225,53,186,339.13,0.8921,0.5783,0.221014,1,35,60,245.19,0.9354,0.1442,0.015347,4.147
405260,520,219,739,254,159,79,58.15,0.9800,0.7499,0.464343,11,83,57,162.76,0.9468,0.3006,0.065528,4.452
405262,520,394,914,243,73,34,33.90,0.9575,0.5878,0.239385,27,36,4,123.57,0.8565,0.1400,0.015035,4.450
405280,520,444,964,184,42,244,312.51,0.9522,0.5420,0.183790,23,7,45,298.32,0.7618,0.0836,0.005236,4.233
405281,520,366,886,238,22,231,329.95,0.9890,0.6119,0.245232,34,43,19,125.93,0.5222,0.1705,0.021148,4.150
405292,520,378,898,206,105,156,350.10,0.6007,0.5975,0.256270,36,39,8,114.46,0.7293,0.1586,0.018436,4.475
405295,520,448,968,178,77,210,317.13,0.7878,0.5420,0.194269,15,9,51,281.86,0.8098,0.0842,0.005359,4.412
405312,520,410,930,216,57,196,333.75,0.8766,0.5716,0.215128,19,16,77,275.94,0.8808,0.1257,0.010448,4.386
405322,520,388,908,231,81,108,13.35,0.8085,0.5871,0.239592,56,22,20,25.18,0.5597,0.1477,0.014652,4.479
405324,520,419,939,246,11,85,14.82,0.9917,0.5599,0.204916,8,20,57,266.24,0.8033,0.1061,0.008473,4.360
405327,520,384,904,248,46,118,6.61,0.9449,0.5880,0.232219,53,25,7,51.01,0.7053,0.1460,0.014676,4.364
405333,520,379,899,219,84,191,336.71,0.7962,0.6030,0.251644,0,46,23,155.71,1.0000,0.1615,0.020158,4.300
405335,520,436,956,231,15,157,348.82,0.9768,0.5547,0.197677,16,10,58,280.05,0.8455,0.0935,0.006327,4.397
405354,520,350,870,247,93,117,14.31,0.8986,0.6336,0.288904,6,52,33,160.65,0.9319,0.1870,0.026044,4.457
405356,520,426,946,191,101,124,4.82,0.5286,0.5557,0.218404,27,26,22,95.42,0.0983,0.1150,0.010297,4.451
405363,520,384,904,220,72,188,337.65,0.8298,0.5888,0.234834,9,19,96,267.53,0.9563,0.1475,0.013683,4.473
405369,520,345,865,244,5,246,327.91,0.9986,0.6288,0.259983,37,50,10,125.63,0.8131,0.1936,0.026964,4.028
405371,520,441,961,165,77,230,307.31,0.8473,0.5384,0.190209,9,24,16,159.27,0.5026,0.0924,0.007487,4.178
405382,520,465,985,225,34,58,22.22,0.9558,0.5199,0.174599,24,1,12,350.91,0.8065,0.0531,0.002425,4.284
405383,520,447,967,241,0,13,28.41,1.0000,0.5382,0.187333,7,18,36,259.31,0.5729,0.0843,0.006051,4.234
405386,520,378,898,218,92,159,349.90,0.7111,0.5972,0.250651,47,31,43,335.80,0.2865,0.1608,0.017588,4.448
405387,520,409,929,197,49,246,315.58,0.9567,0.5686,0.207221,16,18,81,272.49,0.9024,0.1315,0.011368,4.191
405399,520,368,888,251,80,27,35.98,0.9784,0.6108,0.263292,1,38,81,255.24,0.9690,0.1698,0.019866,4.484
405406,520,342,862,250,29,218,335.85,0.9848,0.6275,0.262678,86,6,25,15.53,0.9154,0.1912,0.021792,4.355
405424,520,420,940,226,62,108,8.88,0.8400,0.5559,0.206994,26,9,70,286.76,0.8726,0.1143,0.008572,4.388
405428,520,442,962,206,67,139,352.32,0.7557,0.5354,0.190022,22,1,53,294.29,0.9648,0.0799,0.004493,4.405
405429,520,427,947,243,0,101,9.18,1.0000,0.5552,0.199977,7,22,40,253.87,0.6033,0.0971,0.007722,4.331
405431,520,421,941,218,51,185,337.59,0.8816,0.5637,0.207781,25,9,65,287.88,0.8507,0.1079,0.007837,4.457
405436,520,365,885,242,10,221,333.28,0.9953,0.6097,0.243177,2,40,69,246.80,0.9071,0.1659,0.019601,4.212
405455,520,442,962,225,30,149,350.50,0.9318,0.5449,0.191087,18,10,39,292.22,0.6467,0.0784,0.004922,4.390
405467,520,419,939,234,38,135,357.64,0.9245,0.5611,0.206309,23,15,64,283.63,0.7771,0.1138,0.008940,4.349
405471,520,448,968,190,75,185,329.41,0.7475,0.5416,0.194835,36,0,29,337.00,1.0000,0.0797,0.004638,4.481
405474,520,458,978,214,69,1,38.47,0.9978,0.5257,0.185570,15,9,20,308.75,0.3603,0.0618,0.003474,4.405
405483,520,356,876,198,102,233,316.15,0.8358,0.6215,0.273929,33,47,14,128.78,0.7189,0.1811,0.023880,4.385
405508,520,429,949,219,75,41,34.44,0.9023,0.5452,0.202548,33,18,5,61.67,0.6104,0.0986,0.007669,4.379
405515,520,333,853,229,65,255,321.74,1.0000,0.6381,0.276607,33,20,127,275.70,0.9483,0.2033,0.023558,4.440
405523,520,348,868,247,32,227,332.96,0.9836,0.6288,0.263562,15,18,129,268.10,0.9790,0.1925,0.021190,4.405
405540,520,422,942,246,24,73,18.82,0.9811,0.5614,0.207307,22,27,13,124.64,0.4016,0.1102,0.009835,4.300
405542,520,460,980,186,69,196,324.51,0.7882,0.5345,0.186822,18,6,24,313.76,0.5716,0.0611,0.003248,4.448
405548,520,467,987,214,26,137,352.04,0.9230,0.5161,0.168435,3,8,1,134.27,0.8424,0.0415,0.001952,4.205
405550,520,443,963,182,68,221,316.10,0.8503,0.5445,0.193009,11,3,60,276.63,0.9664,0.0806,0.004625,4.449
405558,520,330,850,245,28,246,328.07,0.9901,0.6361,0.268996,77,10,94,317.97,0.8590,0.2145,0.026032,4.196
405560,520,161,681,232,198,66,94.18,0.8415,0.8059,0.579387,9,100,29,145.49,0.9910,0.3521,0.092607,4.413
405566,520,429,949,211,79,111,8.72,0.7237,0.5496,0.205907,28,23,1,97.94,0.9114,0.1032,0.008619,4.366
405593,520,354,874,250,46,188,344.23,0.9651,0.6196,0.259121,55,33,39,1.86,0.3083,0.1753,0.020465,4.387
405603,520,376,896,244,2,198,339.59,0.9987,0.5982,0.233568,1,33,89,260.24,0.9827,0.1647,0.018153,4.161
405622,520,342,862,238,93,146,0.58,0.8113,0.6269,0.280839,56,42,22,75.24,0.4567,0.1939,0.025547,4.379
405625,520,476,996,227,0,11,28.45,1.0000,0.5076,0.163580,1,2,7,266.83,0.5685,0.0241,0.000652,4.217
405632,520,280,800,240,108,232,329.89,0.9256,0.6895,0.350789,10,63,80,224.95,0.8284,0.2453,0.041985,4.357
405648,520,347,867,253,65,159,355.02,0.9774,0.6267,0.271698,9,26,120,266.15,0.9627,0.1896,0.021528,4.498
405681,520,465,985,223,41,43,26.72,0.9510,0.5184,0.174511,17,3,25,312.57,0.7274,0.0542,0.002545,4.273
405682,520,438,958,240,11,102,8.73,0.9883,0.5515,0.197272,6,17,42,263.36,0.6994,0.0855,0.006068,4.410
405683,520,405,925,254,7,89,14.41,0.9958,0.5768,0.219478,51,17,11,31.85,0.6663,0.1276,0.011290,4.397
405711,520,434,954,242,5,102,8.85,0.9949,0.5544,0.199485,9,4,79,270.66,0.9852,0.1046,0.007094,4.370
405720,520,431,951,205,44,212,326.24,0.9197,0.5527,0.195358,12,9,67,274.08,0.9307,0.0987,0.006787,4.321
405727,520,366,886,231,83,165,349.66,0.8026,0.6093,0.258946,17,45,41,183.19,0.5490,0.1710,0.021560,4.317
405728,520,382,902,246,68,87,19.80,0.9353,0.5951,0.244185,59,24,29,12.74,0.5145,0.1594,0.016719,4.409
405729,520,431,951,244,2,18,28.10,0.9991,0.5453,0.193237,49,5,3,29.25,0.9129,0.1043,0.007682,4.217
405730,520,455,975,167,66,228,309.43,0.8642,0.5257,0.177141,2,13,19,228.44,0.6561,0.0590,0.003478,4.247
405734,520,452,972,182,69,193,324.07,0.7763,0.5263,0.180528,4,5,55,269.41,0.9642,0.0733,0.004102,4.261
405748,520,476,996,139,94,197,301.87,0.6473,0.5082,0.175258,7,0,6,332.05,1.0000,0.0247,0.000583,4.453
405760,520,469,989,210,65,75,20.99,0.8209,0.5206,0.179925,7,3,13,305.08,0.5306,0.0371,0.001394,4.474
405777,520,479,999,226,11,59,20.37,0.9894,0.5125,0.167268,1,0,3,302.89,1.0000,0.0124,0.000130,4.334
405781,520,363,883,253,35,157,353.93,0.9831,0.6051,0.245226,48,25,78,300.30,0.6767,0.1731,0.018737,4.295
405807,520,471,991,231,4,16,28.22,0.9978,0.5175,0.171163,7,4,20,291.21,0.6098,0.0433,0.001825,4.267
405816,520,375,895,211,68,242,319.80,0.9367,0.6037,0.243956,41,37,32,73.46,0.1127,0.1640,0.018989,4.261
405837,520,373,893,196,114,169,340.57,0.5384,0.6043,0.266363,5,46,25,155.99,0.9430,0.1640,0.020564,4.483
405841,520,434,954,238,42,57,24.05,0.9564,0.5518,0.201317,19,0,71,281.65,1.0000,0.0959,0.005934,4.493
405844,520,385,905,199,90,210,323.90,0.7755,0.5909,0.241090,5,21,100,265.60,0.9619,0.1542,0.014886,4.486
405859,520,417,937,232,35,177,343.20,0.9426,0.5744,0.215350,2,22,73,262.69,0.9588,0.1231,0.010677,4.373
405864,520,418,938,221,51,173,342.23,0.8740,0.5626,0.207593,16,18,70,273.88,0.8439,0.1195,0.009849,4.304
405866,520,455,975,173,70,222,312.66,0.8404,0.5344,0.185394,11,11,22,283.37,0.3359,0.0631,0.003684,4.385
405883,520,411,931,212,11,236,322.52,0.9928,0.5676,0.202944,29,27,26,48.55,0.0421,0.1212,0.011197,4.133
405885,520,392,912,220,96,106,17.63,0.7110,0.5888,0.246243,28,35,44,254.85,0.2059,0.1500,0.016308,4.468
405888,520,376,896,223,37,236,325.07,0.9710,0.5956,0.230694,8,36,71,255.93,0.7866,0.1585,0.017682,4.147
405914,520,416,936,187,88,202,322.22,0.7356,0.5654,0.218097,25,29,31,229.20,0.0861,0.1245,0.011843,4.335
405940,520,382,902,220,39,246,321.99,0.9733,0.5989,0.233225,50,1,94,299.40,0.9866,0.1631,0.015080,4.352
405963,520,461,981,184,5,243,313.50,0.9961,0.5259,0.167711,19,3,10,351.26,0.6114,0.0496,0.002255,4.166
405982,520,374,894,245,74,79,23.49,0.9326,0.5982,0.248778,25,41,20,138.50,0.5525,0.1567,0.018430,4.366
405984,520,273,793,251,95,250,328.02,0.9845,0.6996,0.355984,29,60,105,257.84,0.6494,0.2607,0.045126,4.268
405993,520,465,985,160,72,229,306.21,0.8534,0.5243,0.177660,20,2,12,345.78,0.7043,0.0494,0.002187,4.362
405998,520,447,967,230,10,125,359.19,0.9834,0.5381,0.185237,38,0,13,3.18,1.0000,0.0764,0.004412,4.323
406009,520,470,990,171,60,220,313.14,0.8627,0.5184,0.170578,3,6,3,144.61,0.3700,0.0370,0.001562,4.278
406013,520,409,929,206,66,213,325.90,0.8665,0.5741,0.218241,15,34,16,145.17,0.6519,0.1266,0.012830,4.269
406017,520,399,919,227,65,166,346.81,0.8410,0.5826,0.228672,31,33,33,196.96,0.0320,0.1423,0.014888,4.295
406036,520,413,933,152,98,245,296.78,0.8840,0.5659,0.220035,47,13,39,337.82,0.6340,0.1240,0.010388,4.472
406045,520,454,974,191,91,83,26.41,0.6270,0.5264,0.191847,16,13,13,17.69,0.0788,0.0684,0.004271,4.456
406046,520,452,972,216,48,118,1.21,0.8501,0.5268,0.180233,11,9,33,283.17,0.6208,0.0658,0.003763,4.282
406067,520,410,930,216,81,134,359.13,0.7306,0.5687,0.222073,24,24,62,279.41,0.6227,0.1307,0.011952,4.392
406083,520,434,954,202,82,146,350.02,0.6844,0.5510,0.206683,32,10,51,305.10,0.7348,0.1046,0.007632,4.454
406085,520,465,985,183,29,226,316.70,0.9575,0.5177,0.164382,13,1,37,293.14,0.9374,0.0546,0.002408,4.091
406088,520,408,928,227,78,86,21.16,0.8235,0.5708,0.224542,17,12,90,273.12,0.9542,0.1340,0.011202,4.486
406100,520,463,983,215,49,137,353.58,0.8423,0.5330,0.184522,9,10,0,113.08,1.0000,0.0514,0.002752,4.446
406102,520,397,917,245,58,31,31.37,0.9677,0.5762,0.225409,37,16,69,296.82,0.7524,0.1359,0.011936,4.447
406104,520,431,951,242,23,49,24.34,0.9848,0.5491,0.197152,22,17,45,288.78,0.5561,0.1002,0.007609,4.290
406120,520,441,961,236,31,68,19.91,0.9662,0.5428,0.192334,31,15,10,38.11,0.4206,0.0904,0.006549,4.285
406132,520,366,886,234,96,69,32.92,0.8590,0.6055,0.262906,12,47,31,160.33,0.7941,0.1717,0.022100,4.340
406140,520,419,939,221,21,201,333.49,0.9733,0.5618,0.201279,11,16,69,270.87,0.8951,0.1116,0.008714,4.280
406155,520,475,995,226,31,61,21.15,0.9604,0.5207,0.174885,7,1,1,22.94,0.6526,0.0257,0.000691,4.436
406158,520,387,907,229,26,214,332.02,0.9764,0.5863,0.222543,41,11,88,292.97,0.8814,0.1539,0.014153,4.248
406163,520,469,989,227,27,82,14.39,0.9578,0.5249,0.177269,19,1,0,34.03,1.0000,0.0411,0.001602,4.404
406165,520,373,893,213,70,222,325.39,0.8873,0.5953,0.238022,72,8,27,9.69,0.8291,0.1625,0.016308,4.344
406169,520,331,851,254,17,236,332.35,0.9962,0.6420,0.275311,56,37,68,311.41,0.4347,0.2005,0.025813,4.291
406184,520,427,947,216,60,172,341.60,0.8325,0.5611,0.208114,31,22,3,85.27,0.7564,0.1048,0.008717,4.396
406202,520,248,768,253,136,146,15.65,0.9369,0.7182,0.405691,35,69,84,228.62,0.4767,0.2762,0.052535,4.444
406233,520,284,804,210,143,189,338.91,0.5162,0.6870,0.370219,45,60,80,255.79,0.3065,0.2547,0.043687,4.485
406241,520,375,895,232,7,229,329.06,0.9964,0.5965,0.229674,25,15,105,275.25,0.9485,0.1627,0.015682,4.258
406242,520,443,963,219,47,142,352.47,0.8609,0.5411,0.190486,39,2,7,16.46,0.8839,0.0803,0.004902,4.380
406249,520,402,922,239,45,159,350.85,0.9224,0.5849,0.227337,33,29,16,92.98,0.3447,0.1281,0.012395,4.445
406255,520,86,606,235,223,234,328.28,0.3149,0.9026,0.763783,34,117,20,141.18,0.9813,0.4142,0.131127,4.493
406272,520,465,985,173,47,238,310.28,0.9315,0.5240,0.170912,25,0,17,341.45,1.0000,0.0545,0.002472,4.210
406311,520,400,920,237,43,167,347.71,0.9269,0.5835,0.225252,50,0,71,312.28,1.0000,0.1378,0.011331,4.488
406321,520,439,959,192,56,222,319.57,0.8934,0.5482,0.193101,1,17,52,260.39,0.9526,0.0907,0.006552,4.299
406333,520,281,801,232,136,156,7.01,0.6569,0.6908,0.371665,3,69,50,166.97,0.9772,0.2495,0.045057,4.436
406355,520,303,823,248,121,9,51.13,0.9913,0.6651,0.336540,21,59,66,211.56,0.6053,0.2289,0.036806,4.453
406369,520,474,994,220,20,114,1.48,0.9539,0.5166,0.169335,2,4,0,126.59,1.0000,0.0288,0.000997,4.301
406373,520,333,853,245,61,216,335.46,0.9489,0.6364,0.277107,54,22,105,294.57,0.8205,0.2020,0.023780,4.434
406385,520,454,974,231,27,70,18.60,0.9675,0.5308,0.182180,5,16,30,253.52,0.5671,0.0744,0.004966,4.224
406393,520,447,967,242,13,38,25.89,0.9934,0.5448,0.193085,5,18,23,223.67,0.4991,0.0757,0.005267,4.398
406402,520,409,929,230,73,91,18.21,0.8406,0.5713,0.223462,14,7,96,271.03,0.9818,0.1342,0.010898,4.491
406406,520,435,955,183,67,230,314.24,0.8764,0.5516,0.197958,35,12,3,45.01,0.7291,0.0891,0.006269,4.407
406407,520,457,977,184,21,246,312.64,0.9831,0.5328,0.173816,8,3,47,277.64,0.9415,0.0640,0.003220,4.206
406428,520,352,872,252,71,138,2.88,0.9629,0.6229,0.270403,73,30,5,46.96,0.8389,0.1917,0.023562,4.356
406441,520,466,986,123,103,207,289.56,0.6642,0.5154,0.184163,4,3,40,273.17,0.9443,0.0537,0.002441,4.465
406447,520,248,768,213,141,254,312.26,0.9829,0.7187,0.403526,14,73,81,208.57,0.8181,0.2783,0.054523,4.339
406456,520,456,976,187,36,233,316.05,0.9521,0.5337,0.177110,16,9,18,318.63,0.3239,0.0619,0.003492,4.246
406461,520,406,926,235,78,28,36.47,0.9575,0.5782,0.231978,8,26,73,264.41,0.8655,0.1350,0.012714,4.496
406465,520,336,856,227,75,253,321.40,0.9900,0.6429,0.284569,52,47,33,90.72,0.2546,0.2049,0.028729,4.250
406469,520,385,905,224,88,135,1.76,0.7379,0.5924,0.245784,26,39,17,133.62,0.5593,0.1506,0.017111,4.407
406481,520,463,983,217,5,168,341.99,0.9894,0.5307,0.176898,3,10,9,186.64,0.4220,0.0490,0.002562,4.317
406497,520,458,978,137,91,231,294.54,0.8154,0.5261,0.185701,11,10,17,291.01,0.2325,0.0588,0.003287,4.423
406500,520,473,993,209,17,174,338.22,0.9597,0.5218,0.170143,4,3,5,309.09,0.2017,0.0303,0.001019,4.315
406504,520,415,935,219,67,162,346.39,0.8075,0.5687,0.216853,28,13,72,286.78,0.8304,0.1239,0.010026,4.446
406506,520,382,902,224,78,188,338.97,0.8236,0.6023,0.249292,12,43,32,166.74,0.7086,0.1588,0.019101,4.331
406508,520,159,679,220,192,237,312.66,0.6129,0.8205,0.590298,11,100,24,144.38,0.9901,0.3518,0.092510,4.493
406509,520,452,972,190,11,234,317.12,0.9900,0.5292,0.171284,5,8,41,271.21,0.8533,0.0656,0.003660,4.124
406512,520,352,872,234,91,165,351.31,0.8016,0.6247,0.276938,3,54,35,162.23,0.9685,0.1935,0.027789,4.203
406524,520,439,959,195,81,171,336.54,0.7043,0.5499,0.204288,26,18,13,53.46,0.2454,0.0910,0.006813,4.476
406525,520,308,828,205,126,238,315.24,0.8262,0.6731,0.340750,9,65,28,149.66,0.9662,0.2314,0.039223,4.379
406555,520,330,850,214,122,146,3.88,0.5641,0.6358,0.302923,53,47,35,84.45,0.2209,0.2067,0.029113,4.461
406562,520,433,953,225,19,162,345.93,0.9647,0.5466,0.190846,38,13,8,33.01,0.6014,0.0970,0.007175,4.212
406563,520,465,985,193,53,188,329.55,0.8351,0.5237,0.175161,10,2,34,289.28,0.8811,0.0514,0.002234,4.311
406603,520,452,972,223,17,142,352.05,0.9638,0.5327,0.180445,19,11,21,319.46,0.3302,0.0704,0.004319,4.242
406632,520,417,937,235,31,167,346.89,0.9511,0.5731,0.214351,49,16,1,45.95,0.9164,0.1204,0.010258,4.387
406633,520,412,932,219,49,188,336.89,0.8933,0.5656,0.208898,26,17,65,285.67,0.7421,0.1212,0.010021,4.313
406636,520,466,986,222,52,14,33.00,0.9808,0.5233,0.180200,6,8,21,274.01,0.4604,0.0522,0.002665,4.371
406650,520,455,975,212,22,178,337.81,0.9510,0.5316,0.177874,24,1,29,320.86,0.8623,0.0619,0.003046,4.296
406651,520,367,887,225,71,221,329.02,0.9035,0.6150,0.257367,8,38,76,256.29,0.8079,0.1681,0.019595,4.416
406662,520,255,775,168,164,252,285.07,0.8985,0.7168,0.419036,11,78,4,141.76,0.9938,0.2742,0.055285,4.455
406682,520,343,863,187,117,226,312.31,0.7401,0.6275,0.287792,24,47,56,225.24,0.4204,0.1883,0.025127,4.496
406715,520,375,895,249,70,33,33.15,0.9713,0.5960,0.246334,55,28,3,59.79,0.8352,0.1553,0.016494,4.457
406734,520,476,996,200,74,60,29.31,0.7949,0.5108,0.175052,3,0,12,296.66,1.0000,0.0224,0.000459,4.460
406749,520,384,904,235,28,194,338.81,0.9687,0.5859,0.223905,4,29,80,261.78,0.9296,0.1472,0.014836,4.225
406751,520,2,522,255,255,255,0.00,0.0000,1.0000,1.000000,18,139,12,142.32,0.9942,0.4827,0.186196,4.445
406758,520,459,979,185,23,244,313.32,0.9800,0.5334,0.174599,14,8,17,314.30,0.3310,0.0574,0.003075,4.232
406784,520,260,780,240,128,207,339.45,0.8473,0.7077,0.384708,30,74,1,136.86,0.9970,0.2671,0.051756,4.272
406786,520,458,978,187,77,166,335.65,0.6947,0.5288,0.186271,15,12,3,95.01,0.5343,0.0623,0.003711,4.399
406796,520,428,948,248,9,89,13.80,0.9934,0.5646,0.208767,26,21,7,90.63,0.4951,0.0969,0.007713,4.484
406807,520,346,866,242,61,209,336.68,0.9339,0.6273,0.268210,49,17,105,291.78,0.8699,0.1894,0.020738,4.498
406809,520,469,989,205,32,170,338.59,0.9026,0.5186,0.169165,8,4,5,359.83,0.2296,0.0376,0.001494,4.256
406810,520,38,558,253,242,168,100.76,0.9427,0.9453,0.872148,81,120,61,135.87,0.6427,0.4539,0.155189,4.494
406819,520,456,976,144,86,241,296.27,0.8805,0.5341,0.189359,12,6,36,287.10,0.7417,0.0631,0.003358,4.486
406825,520,445,965,241,10,39,25.58,0.9948,0.5420,0.190677,19,1,54,289.70,0.9706,0.0776,0.004265,4.435
406838,520,433,953,211,89,3,45.58,0.9904,0.5489,0.210024,45,8,19,6.10,0.6970,0.1046,0.007787,4.500
406865,520,478,998,179,67,175,329.17,0.7418,0.5077,0.166944,6,0,2,353.79,1.0000,0.0210,0.000431,4.302
406871,520,397,917,234,52,167,347.41,0.8977,0.5842,0.227412,63,0,42,346.38,1.0000,0.1409,0.012241,4.457
406900,520,466,986,206,22,179,335.95,0.9456,0.5210,0.169523,15,5,11,342.08,0.4092,0.0495,0.002343,4.194
406912,520,353,873,251,83,95,20.52,0.9607,0.6229,0.275254,1,46,66,233.79,0.9602,0.1813,0.023537,4.423
406915,520,429,949,219,15,185,337.45,0.9761,0.5465,0.189069,25,22,6,99.25,0.5587,0.0982,0.007937,4.126
406920,520,472,992,232,14,48,23.60,0.9898,0.5247,0.176864,3,1,11,293.54,0.7498,0.0254,0.000652,4.479
406922,520,479,999,128,92,218,292.84,0.7547,0.5076,0.173054,0,0,3,264.05,1.0000,0.0094,0.000066,4.455
406936,520,245,765,220,143,254,314.84,0.9858,0.7308,0.420175,26,72,83,216.21,0.6317,0.2803,0.054786,4.487
406952,520,322,842,249,73,218,336.02,0.9662,0.6549,0.299697,86,27,9,36.85,0.8571,0.2123,0.027823,4.493
406963,520,253,773,254,111,248,329.22,0.9960,0.7230,0.392197,50,70,42,137.07,0.4570,0.2733,0.052255,4.324
406975,520,340,860,237,90,184,344.56,0.8455,0.6366,0.287802,60,39,56,333.53,0.3217,0.2038,0.026973,4.389
406986,520,369,889,254,20,176,348.00,0.9927,0.6097,0.247092,3,50,1,141.99,0.9965,0.1731,0.023027,4.068
406989,520,455,975,186,49,216,319.51,0.8951,0.5281,0.175949,24,2,20,335.07,0.7558,0.0587,0.002881,4.273
406992,520,462,982,221,52,62,23.35,0.9081,0.5260,0.181786,6,5,27,280.57,0.7037,0.0492,0.002264,4.435
407003,520,422,942,219,81,67,28.89,0.8243,0.5567,0.213526,53,5,7,23.87,0.8918,0.1134,0.008809,4.481
407011,520,365,885,233,32,241,326.40,0.9827,0.6137,0.247100,58,19,69,318.08,0.7040,0.1710,0.017951,4.372
407019,520,437,957,230,26,133,356.93,0.9492,0.5462,0.192581,3,12,63,266.07,0.9470,0.0933,0.006411,4.300
407024,520,387,907,248,30,147,355.95,0.9653,0.5891,0.229950,22,37,39,206.42,0.2864,0.1485,0.016402,4.216
407028,520,453,973,235,5,30,26.66,0.9972,0.5272,0.178677,31,7,4,32.00,0.6973,0.0741,0.004521,4.194
407036,520,433,953,217,64,126,0.11,0.7963,0.5469,0.199272,17,25,7,128.68,0.6076,0.0988,0.008298,4.276
407056,520,396,916,215,41,225,325.63,0.9513,0.5767,0.214712,44,27,29,11.51,0.2752,0.1415,0.014081,4.131
407057,520,230,750,227,143,246,320.04,0.9147,0.7351,0.426311,12,81,14,143.11,0.9850,0.2857,0.059945,4.332
407060,520,431,951,205,74,149,348.49,0.7312,0.5466,0.200486,5,0,79,268.07,1.0000,0.0964,0.005967,4.476
407086,520,470,990,219,30,119,359.95,0.9199,0.5208,0.173231,17,2,4,10.62,0.6740,0.0423,0.001714,4.317
407089,520,436,956,217,16,199,333.03,0.9785,0.5517,0.192481,18,21,14,126.61,0.2176,0.0902,0.006966,4.257
407092,520,384,904,251,42,112,8.72,0.9684,0.5896,0.233386,68,2,21,11.74,0.9409,0.1457,0.013267,4.479
407101,520,443,963,223,8,159,346.28,0.9847,0.5384,0.183674,1,11,58,264.17,0.9528,0.0848,0.005512,4.209
407111,520,362,882,219,77,217,328.40,0.8726,0.6093,0.253796,18,47,50,204.40,0.5342,0.1819,0.023918,4.110
407118,520,341,861,169,123,253,297.59,0.9510,0.6348,0.296930,12,55,26,150.44,0.9225,0.1974,0.028850,4.400
407119,520,462,982,216,1,175,339.59,0.9979,0.5319,0.177181,20,5,5,21.49,0.5210,0.0538,0.002682,4.312
407133,520,396,916,187,98,195,324.18,0.6717,0.5769,0.232414,43,28,20,49.05,0.3303,0.1396,0.013947,4.416
407154,520,476,996,201,75,38,36.53,0.8696,0.5113,0.175916,1,2,1,144.61,0.3698,0.0208,0.000521,4.472
407165,520,407,927,243,7,139,356.97,0.9923,0.5691,0.210740,25,2,88,280.84,0.9859,0.1261,0.009546,4.379
407169,520,454,974,112,109,218,281.47,0.7184,0.5257,0.194436,1,14,40,258.40,0.9138,0.0737,0.004737,4.466
407172,520,328,848,254,42,236,332.36,0.9960,0.6513,0.287860,94,10,9,27.77,0.9484,0.2100,0.026169,4.436
407186,520,392,912,178,102,222,311.53,0.7534,0.5877,0.242424,32,33,44,280.72,0.1967,0.1483,0.015766,4.446
407189,520,352,872,235,14,250,324.96,0.9955,0.6178,0.248809,43,45,36,117.58,0.1558,0.1900,0.025177,3.975
407195,520,356,876,195,98,241,313.36,0.8832,0.6167,0.266894,8,30,110,265.28,0.9429,0.1841,0.021058,4.460
407197,520,393,913,230,34,210,333.31,0.9635,0.5890,0.226227,49,14,60,317.06,0.7223,0.1427,0.012934,4.389
407198,520,477,997,181,21,227,316.03,0.9728,0.5117,0.159073,2,1,12,284.08,0.7969,0.0246,0.000612,4.131
407200,520,459,979,206,42,182,335.17,0.8832,0.5338,0.181571,9,14,6,132.90,0.3811,0.0626,0.003853,4.300
407201,520,447,967,228,49,60,23.77,0.9290,0.5372,0.190197,0,10,54,262.94,1.0003,0.0781,0.004834,4.380
407246,520,357,877,242,48,209,336.51,0.9536,0.6177,0.255975,67,17,70,325.49,0.7362,0.1844,0.020365,4.348
407272,520,430,950,133,99,243,289.72,0.8727,0.5456,0.203811,23,8,64,286.44,0.8669,0.1033,0.007260,4.433
407274,520,367,887,155,117,250,293.70,0.9050,0.6066,0.265933,29,45,29,144.53,0.4116,0.1747,0.022266,4.372
407276,520,480,1000,212,34,123,357.21,0.8898,0.5106,0.165735,0,0,0,0.00,0.0000,0.0000,0.000000,4.315
407280,520,447,967,219,37,154,347.64,0.8997,0.5395,0.187188,24,15,17,4.02,0.2126,0.0830,0.005763,4.253
407281,520,480,1000,162,22,253,304.67,0.9909,0.5066,0.153477,0,0,0,0.00,0.0000,0.0000,0.000000,4.070
407293,520,401,921,244,50,110,9.17,0.9225,0.5806,0.226434,68,0,9,21.44,1.0000,0.1409,0.012489,4.424
407298,520,438,958,195,58,217,321.71,0.8811,0.5512,0.196394,3,25,4,144.29,0.9594,0.0888,0.007234,4.305
407313,520,398,918,195,61,254,312.78,0.9935,0.5819,0.220966,40,29,27,30.24,0.1882,0.1401,0.014090,4.228
407323,520,396,916,205,102,117,12.39,0.5935,0.5771,0.237681,2,34,63,249.82,0.8937,0.1441,0.015158,4.415
407324,520,453,973,192,36,219,320.88,0.9381,0.5308,0.175841,7,19,7,144.09,0.6228,0.0745,0.005262,4.087
407332,520,461,981,206,18,193,331.85,0.9658,0.5284,0.174067,6,0,41,278.69,1.0000,0.0499,0.001988,4.310
407334,520,273,793,244,105,255,324.69,1.0000,0.7044,0.365586,64,63,10,108.38,0.8472,0.2609,0.046670,4.299
407337,520,454,974,227,44,3,32.37,0.9964,0.5265,0.181417,24,2,35,312.80,0.8398,0.0681,0.003590,4.318
407350,520,436,956,217,10,206,331.16,0.9886,0.5548,0.194273,39,5,16,4.10,0.7297,0.0878,0.005774,4.380
407373,520,439,959,219,53,153,348.79,0.8457,0.5509,0.199086,16,21,7,124.81,0.4983,0.0867,0.006618,4.399
407385,520,161,681,189,196,251,278.92,0.8521,0.8066,0.572632,28,96,50,150.44,0.9169,0.3467,0.088426,4.498
407390,520,341,861,243,19,249,326.99,0.9944,0.6319,0.263627,21,37,102,267.90,0.8422,0.1957,0.024417,4.214
407391,520,420,940,220,15,196,334.59,0.9804,0.5550,0.195452,20,25,24,182.12,0.1081,0.1061,0.009099,4.153
407395,520,409,929,240,44,107,9.04,0.9282,0.5676,0.213914,3,28,61,256.14,0.8719,0.1266,0.011867,4.266
407400,520,392,912,213,79,193,334.11,0.7997,0.5881,0.235903,5,27,82,263.43,0.9264,0.1451,0.014252,4.450
407404,520,383,903,253,11,161,352.10,0.9922,0.5988,0.236987,52,27,7,56.52,0.7009,0.1487,0.015294,4.395
407406,520,81,601,252,217,203,43.03,0.8030,0.8962,0.746341,14,118,15,142.74,0.9922,0.4125,0.130842,4.404
407419,520,455,975,192,30,217,321.50,0.9499,0.5259,0.171463,3,14,9,166.58,0.6056,0.0586,0.003531,4.137
407423,520,393,913,225,90,106,16.04,0.7557,0.5883,0.243630,1,36,53,234.55,0.9400,0.1423,0.015252,4.500
407424,520,386,906,254,47,42,28.10,0.9957,0.5864,0.232748,44,24,56,311.49,0.5316,0.1490,0.014743,4.367
407436,520,433,953,238,14,98,9.85,0.9843,0.5470,0.193763,7,28,1,137.77,0.9837,0.1001,0.008778,4.147
407449,520,349,869,255,22,213,338.16,1.0000,0.6313,0.266413,46,41,50,310.10,0.1474,0.1878,0.023970,4.278
407456,520,432,952,195,39,236,317.57,0.9533,0.5507,0.191107,3,26,17,165.26,0.8549,0.0951,0.007986,4.158
407459,520,390,910,242,71,53,29.88,0.9383,0.5854,0.236440,53,7,73,312.51,0.8523,0.1522,0.013900,4.483
407464,520,192,712,224,169,239,318.91,0.7782,0.7775,0.504562,46,86,55,149.81,0.5974,0.3240,0.075120,4.432
407468,520,450,970,236,24,89,12.99,0.9699,0.5439,0.192106,15,14,10,95.54,0.1442,0.0688,0.004376,4.452
407469,520,422,942,247,25,78,17.58,0.9796,0.5648,0.210230,7,10,77,268.87,0.9649,0.1092,0.007980,4.488
407472,520,421,941,236,14,145,353.75,0.9807,0.5590,0.201943,33,20,20,19.05,0.2589,0.1068,0.008742,4.289
407491,520,462,982,236,2,71,17.57,0.9982,0.5340,0.183344,22,2,13,346.74,0.7232,0.0526,0.002431,4.451
407551,520,477,997,185,49,200,323.55,0.8623,0.5148,0.166824,0,0,13,264.05,1.0000,0.0181,0.000291,4.311
407581,520,444,964,197,1,240,317.77,0.9992,0.5436,0.181848,24,3,44,303.04,0.8558,0.0772,0.004412,4.261
407595,520,477,997,212,48,68,20.12,0.8913,0.5053,0.165307,2,0,17,282.31,1.0000,0.0243,0.000534,4.261
407598,520,451,971,200,23,228,321.13,0.9751,0.5447,0.184952,4,17,12,168.67,0.5818,0.0682,0.004532,4.308
407600,520,460,980,233,32,46,25.33,0.9711,0.5339,0.185570,32,0,3,19.16,1.0000,0.0620,0.003137,4.433
407617,520,446,966,235,22,60,21.33,0.9806,0.5354,0.185654,31,13,1,58.82,0.8417,0.0842,0.005814,4.222
407630,520,340,860,253,86,133,7.19,0.9685,0.6398,0.292350,4,56,40,166.58,0.9538,0.2022,0.030072,4.276
407637,520,407,927,230,68,124,4.04,0.8274,0.5746,0.224152,18,21,77,273.35,0.8451,0.1340,0.012007,4.421
407647,520,480,1000,187,22,217,320.19,0.9654,0.5139,0.161497,0,0,0,0.00,0.0000,0.0000,0.000000,4.230
407650,520,473,993,212,60,86,15.58,0.8247,0.5211,0.179030,5,1,21,290.34,0.8711,0.0340,0.001081,4.484
407654,520,353,873,243,91,99,20.62,0.8856,0.6196,0.274408,36,45,24,127.56,0.4332,0.1795,0.023178,4.433
407656,520,378,898,227,37,231,327.26,0.9703,0.5989,0.234259,33,6,101,282.67,0.9646,0.1552,0.013931,4.446
407658,520,419,939,207,82,142,353.33,0.6979,0.5577,0.212549,46,9,29,350.66,0.6780,0.1117,0.008650,4.477
407659,520,384,904,248,21,159,351.89,0.9798,0.5907,0.229994,68,8,5,29.02,0.9257,0.1491,0.014138,4.365
407660,520,370,890,245,60,171,348.98,0.9196,0.6127,0.255876,70,23,3,41.79,0.8982,0.1731,0.019217,4.419
407675,520,375,895,248,76,7,36.89,0.9939,0.5996,0.251441,15,39,60,247.36,0.5916,0.1618,0.018788,4.382
407677,520,472,992,218,31,116,0.94,0.9154,0.5183,0.171489,3,3,12,280.87,0.5285,0.0322,0.001110,4.334
407678,520,453,973,181,9,247,311.74,0.9936,0.5256,0.167356,26,5,14,354.53,0.5980,0.0653,0.003599,4.055
407712,520,441,961,216,47,157,346.28,0.8607,0.5423,0.190686,41,4,11,13.18,0.7972,0.0885,0.005825,4.311
407721,520,370,890,235,91,119,11.58,0.8036,0.6105,0.264790,23,45,32,156.91,0.4818,0.1713,0.021632,4.395
407722,520,439,959,189,16,255,312.22,1.0000,0.5469,0.184106,11,5,65,274.68,0.9587,0.0897,0.005613,4.210
407733,520,259,779,212,152,188,342.67,0.4738,0.7072,0.400856,26,71,76,205.28,0.6170,0.2737,0.052477,4.400
407748,520,421,941,244,41,49,25.95,0.9665,0.5625,0.210442,8,25,51,258.63,0.6841,0.1133,0.009859,4.351
407782,520,474,994,154,70,231,303.80,0.8649,0.5153,0.170203,1,4,3,174.84,0.5100,0.0289,0.000999,4.318
407785,520,420,940,222,84,10,41.48,0.9797,0.5613,0.218947,12,28,28,195.64,0.3971,0.1103,0.009925,4.488
407796,520,388,908,253,56,41,29.44,0.9911,0.5912,0.238748,20,40,12,137.63,0.8013,0.1483,0.016928,4.314
407800,520,460,980,159,93,189,314.31,0.6308,0.5263,0.188744,15,10,13,341.75,0.1676,0.0610,0.003477,4.464
407818,520,309,829,249,95,182,348.71,0.9267,0.6619,0.317045,24,61,7,138.00,0.9701,0.2204,0.035469,4.294
407824,520,346,866,254,31,209,339.04,0.9944,0.6304,0.266576,9,43,82,254.76,0.8056,0.1871,0.023949,4.281
407834,520,415,935,249,18,107,8.64,0.9843,0.5733,0.216374,45,18,28,357.98,0.4809,0.1238,0.010744,4.385
407850,520,386,906,193,81,234,315.66,0.8746,0.5858,0.231640,61,20,10,34.94,0.7438,0.1514,0.015145,4.323
407893,520,441,961,204,33,207,327.42,0.9398,0.5407,0.184319,13,15,47,275.90,0.6819,0.0898,0.006324,4.160
407895,520,422,942,221,15,208,331.62,0.9846,0.5645,0.202702,15,25,41,259.50,0.4225,0.1105,0.009569,4.242
407931,520,413,933,254,9,21,28.15,0.9969,0.5685,0.213242,57,0,8,19.68,1.0000,0.1156,0.008875,4.471
407942,520,361,881,238,10,240,327.89,0.9964,0.6151,0.246882,73,19,36,4.90,0.6866,0.1801,0.020098,4.235
407948,520,281,801,244,102,236,329.87,0.9497,0.6896,0.347944,13,69,34,151.35,0.9465,0.2475,0.044571,4.208
407966,520,480,1000,208,26,152,345.27,0.9169,0.5114,0.164179,0,0,0,0.00,0.0000,0.0000,0.000000,4.284
407976,520,280,800,253,94,220,336.87,0.9867,0.6850,0.340583,2,65,79,218.34,0.9633,0.2491,0.043578,4.174
407979,520,452,972,229,21,103,7.08,0.9647,0.5319,0.181765,16,14,10,84.54,0.1523,0.0697,0.004462,4.256
408011,520,407,927,233,47,149,353.07,0.8995,0.5707,0.215295,24,12,81,280.26,0.9029,0.1286,0.010512,4.384
408023,520,469,989,208,52,141,350.55,0.8153,0.5242,0.177911,11,0,17,316.12,1.0000,0.0352,0.001116,4.459
408025,520,368,888,250,47,154,354.87,0.9567,0.6050,0.246935,78,1,30,6.92,0.9693,0.1700,0.017354,4.409
408042,520,479,999,203,67,61,26.60,0.8246,0.5071,0.170499,1,0,5,292.48,1.0000,0.0142,0.000174,4.395
408057,520,352,872,205,130,81,52.84,0.6255,0.6224,0.295401,14,54,5,140.33,0.9799,0.1915,0.027426,4.461
408070,520,451,971,232,1,121,0.74,0.9984,0.5388,0.185610,13,14,14,196.99,0.0265,0.0682,0.004313,4.338
408075,520,452,972,198,69,155,343.41,0.7394,0.5310,0.186303,8,4,52,275.45,0.9452,0.0712,0.003864,4.387
408080,520,477,997,217,1,138,351.77,0.9973,0.5149,0.166109,0,2,11,258.21,1.0000,0.0247,0.000676,4.265
408084,520,454,974,220,25,148,349.53,0.9384,0.5324,0.180516,14,8,34,290.06,0.6467,0.0673,0.003825,4.283
408087,520,426,946,243,20,116,4.87,0.9770,0.5643,0.208193,27,2,75,287.50,0.9718,0.1119,0.007844,4.464
408098,520,262,782,241,118,234,329.56,0.9286,0.7065,0.376004,19,71,37,151.28,0.9080,0.2569,0.047783,4.357
408128,520,446,966,219,47,140,353.22,0.8604,0.5402,0.189890,19,3,57,287.08,0.9316,0.0842,0.004990,4.362
408129,520,416,936,232,73,36,34.13,0.9395,0.5669,0.220512,20,30,32,211.26,0.2104,0.1234,0.011815,4.376
408130,520,478,998,218,33,84,13.08,0.9285,0.5099,0.166359,1,0,7,286.54,1.0000,0.0158,0.000218,4.308
408132,520,416,936,223,7,211,331.34,0.9936,0.5684,0.205455,18,4,85,275.82,0.9794,0.1185,0.008713,4.351
408140,520,431,951,229,0,160,347.24,1.0000,0.5490,0.191989,37,15,22,0.75,0.4454,0.1030,0.007929,4.177
408145,520,475,995,177,6,244,311.27,0.9952,0.5160,0.160100,4,2,13,292.44,0.6438,0.0309,0.000983,4.121
408148,520,306,826,219,129,191,339.66,0.6434,0.6730,0.345238,44,61,6,125.99,0.9268,0.2342,0.038861,4.448
408149,520,419,939,204,67,186,333.57,0.8041,0.5553,0.203987,37,5,54,310.64,0.8300,0.1074,0.007682,4.403
408150,520,471,991,206,33,170,338.87,0.9006,0.5210,0.171139,1,1,35,267.63,0.9874,0.0413,0.001495,4.294
408155,520,389,909,193,83,231,316.29,0.8586,0.5862,0.232947,56,10,58,326.18,0.7657,0.1482,0.013634,4.446
408161,520,464,984,184,41,224,317.15,0.9285,0.5249,0.171593,15,3,15,327.47,0.6065,0.0465,0.002012,4.260
408166,520,470,990,203,40,174,336.86,0.8747,0.5222,0.172720,6,0,33,283.77,1.0000,0.0421,0.001485,4.326
408169,520,456,976,177,84,176,327.83,0.6625,0.5291,0.188235,3,13,7,159.60,0.6104,0.0555,0.003225,4.476
408171,520,478,998,210,49,83,14.49,0.8606,0.5054,0.165251,4,1,6,314.84,0.6159,0.0242,0.000607,4.253
408174,520,415,935,235,28,165,347.44,0.9569,0.5708,0.212122,35,11,64,299.23,0.7925,0.1215,0.009669,4.393
408177,520,190,710,247,170,165,23.41,0.7842,0.7798,0.512423,42,88,20,137.49,0.9444,0.3218,0.075220,4.491
408201,520,441,961,159,97,195,311.77,0.6338,0.5372,0.198610,21,19,30,292.56,0.2617,0.0943,0.007189,4.347
408232,520,447,967,236,36,38,27.36,0.9705,0.5417,0.192378,18,18,21,285.79,0.0810,0.0849,0.006154,4.316
408248,520,429,949,233,4,140,354.60,0.9937,0.5487,0.193069,36,17,12,35.58,0.4464,0.1024,0.008026,4.189
408268,520,444,964,171,60,245,307.41,0.9407,0.5389,0.184830,26,4,41,308.29,0.8025,0.0791,0.004666,4.296
408269,520,404,924,214,52,226,324.96,0.9316,0.5833,0.222450,14,32,37,217.75,0.4248,0.1274,0.012599,4.352
408271,520,279,799,229,114,242,323.46,0.9221,0.6879,0.351053,48,63,36,132.13,0.4493,0.2486,0.043107,4.307
408280,520,319,839,253,62,209,339.27,0.9872,0.6472,0.289345,95,2,58,351.76,0.9388,0.2203,0.027822,4.361
408291,520,408,928,233,60,131,0.78,0.8600,0.5745,0.221969,62,1,21,8.59,0.9567,0.1311,0.011002,4.458
408294,520,390,910,236,84,30,37.78,0.9523,0.5880,0.242702,41,31,47,312.47,0.2913,0.1550,0.016566,4.397
408312,520,361,881,244,43,211,336.39,0.9638,0.6193,0.256670,72,25,22,26.34,0.6619,0.1833,0.021311,4.300
408333,520,255,775,234,129,239,325.54,0.9028,0.7166,0.394268,33,68,88,235.74,0.5180,0.2743,0.051620,4.372
408337,520,362,882,234,14,240,326.95,0.9944,0.6089,0.241003,52,31,58,318.52,0.4416,0.1758,0.020156,4.148
408340,520,387,907,203,51,255,315.23,1.0000,0.5865,0.222856,33,15,86,285.81,0.8601,0.1472,0.013368,4.306
408345,520,271,791,240,143,51,59.23,0.8964,0.6954,0.384117,20,70,65,185.77,0.7308,0.2631,0.049105,4.380
408357,520,467,987,217,45,83,14.73,0.8915,0.5160,0.172556,10,2,14,316.63,0.6580,0.0380,0.001397,4.330
408365,520,380,900,221,63,220,328.27,0.9106,0.6001,0.240966,73,6,11,23.72,0.9296,0.1591,0.015711,4.428
408388,520,120,640,242,195,255,318.84,1.0000,0.8572,0.651284,35,101,100,193.72,0.6917,0.3816,0.105843,4.500
408405,520,366,886,220,97,162,349.80,0.7049,0.6091,0.263758,56,34,7,67.84,0.7458,0.1714,0.020003,4.482
408407,520,318,838,246,105,157,359.68,0.8575,0.6609,0.321332,42,53,54,203.23,0.1420,0.2190,0.033047,4.471
408436,520,357,877,237,43,237,328.21,0.9730,0.6233,0.258493,50,41,16,89.82,0.5629,0.1821,0.023014,4.225
408441,520,403,923,242,55,87,17.37,0.9208,0.5751,0.223010,12,36,7,140.20,0.9205,0.1297,0.013552,4.296
408444,520,433,953,218,76,70,26.25,0.8265,0.5485,0.205190,2,29,14,156.27,0.9497,0.1031,0.009233,4.308
408449,520,382,902,242,39,189,342.00,0.9552,0.6014,0.240054,21,38,58,253.36,0.4659,0.1611,0.018511,4.234
408452,520,434,954,235,11,140,355.13,0.9844,0.5542,0.197980,37,4,41,323.35,0.7916,0.0957,0.006403,4.397
408464,520,465,985,127,83,246,289.72,0.9257,0.5150,0.173522,9,7,11,308.88,0.1798,0.0482,0.002342,4.270
408476,520,474,994,207,49,136,352.05,0.8220,0.5174,0.172417,5,3,1,77.32,0.4618,0.0297,0.000996,4.361
408507,520,292,812,252,70,250,328.50,0.9899,0.6759,0.319808,71,38,93,309.85,0.6037,0.2404,0.035162,4.342
408520,520,396,916,245,31,128,1.71,0.9594,0.5766,0.219543,8,23,81,266.33,0.9134,0.1367,0.012584,4.307
408527,520,478,998,198,47,160,340.38,0.8246,0.5106,0.165787,1,2,4,255.89,0.3738,0.0225,0.000586,4.266
408529,520,459,979,183,26,237,314.22,0.9716,0.5255,0.169217,4,13,12,187.84,0.4188,0.0579,0.003402,4.105
408554,520,441,961,214,52,159,345.30,0.8405,0.5437,0.192576,13,23,15,150.14,0.3578,0.0919,0.007328,4.231
408565,520,361,881,223,50,255,320.55,1.0000,0.6171,0.251912,78,20,0,38.91,1.0000,0.1844,0.021203,4.240
408576,520,444,964,228,36,106,6.84,0.9243,0.5381,0.187992,2,1,65,266.49,0.9966,0.0769,0.004162,4.394
408578,520,410,930,210,75,178,338.37,0.7772,0.5703,0.219501,15,30,45,249.63,0.4566,0.1266,0.012195,4.333
408596,520,382,902,216,74,210,329.60,0.8583,0.5969,0.241516,22,32,78,270.32,0.6996,0.1615,0.017536,4.316
408607,520,460,980,189,34,225,318.58,0.9483,0.5293,0.174005,14,10,15,319.46,0.1928,0.0607,0.003449,4.191
408610,520,420,940,224,45,168,344.42,0.8944,0.5610,0.205537,27,22,27,326.01,0.1442,0.1066,0.008860,4.341
408615,520,403,923,240,8,166,347.89,0.9914,0.5750,0.214552,39,11,71,299.44,0.8187,0.1336,0.011256,4.319
408618,520,236,756,245,140,214,339.11,0.8912,0.7380,0.430259,1,81,58,166.07,0.9947,0.2922,0.061965,4.289
408628,520,464,984,231,11,21,27.98,0.9940,0.5193,0.172855,12,8,12,326.15,0.1889,0.0535,0.002784,4.222
408637,520,374,894,216,75,205,331.10,0.8448,0.5951,0.240409,48,33,19,63.58,0.4119,0.1589,0.017632,4.294
408650,520,212,732,230,158,240,322.44,0.8508,0.7634,0.475693,54,83,12,130.07,0.9380,0.3129,0.069972,4.382
408658,520,330,850,220,130,28,61.72,0.9150,0.6387,0.312668,18,54,67,225.18,0.6325,0.2126,0.031720,4.438
408672,520,399,919,251,4,128,1.88,0.9967,0.5808,0.221582,7,3,109,266.96,0.9962,0.1449,0.012143,4.370
408681,520,399,919,227,85,56,33.36,0.8701,0.5753,0.231161,25,25,71,278.24,0.6907,0.1416,0.013568,4.423
408724,520,471,991,208,25,163,341.55,0.9267,0.5168,0.167517,2,6,4,165.27,0.4303,0.0363,0.001519,4.222
408736,520,443,963,216,17,175,339.69,0.9659,0.5357,0.180973,7,21,21,195.55,0.4359,0.0843,0.006356,4.098
408741,520,476,996,225,8,22,27.66,0.9950,0.5056,0.162421,3,1,0,66.15,1.0000,0.0193,0.000411,4.214
408756,520,431,951,190,91,147,347.12,0.6002,0.5458,0.205374,36,1,59,306.81,0.9609,0.1049,0.007126,4.470
408767,520,467,987,195,17,207,325.07,0.9713,0.5182,0.165096,4,3,22,280.65,0.7517,0.0390,0.001489,4.178
408775,520,387,907,240,48,155,352.56,0.9159,0.5872,0.230088,13,32,76,263.83,0.7853,0.1545,0.016403,4.218
408776,520,256,776,233,145,177,356.79,0.6528,0.7162,0.407507,20,77,12,141.42,0.9778,0.2740,0.054828,4.364
408783,520,467,987,172,13,250,308.46,0.9908,0.5155,0.159615,8,2,14,309.94,0.6550,0.0359,0.001268,4.089
408787,520,456,976,183,21,246,312.35,0.9829,0.5313,0.172585,21,2,33,310.26,0.8337,0.0626,0.003127,4.190
408790,520,425,945,241,31,111,6.79,0.9565,0.5632,0.208317,51,7,7,25.45,0.8505,0.1120,0.008712,4.400
408791,520,248,768,246,120,232,331.73,0.9492,0.7156,0.388544,1,78,49,160.07,0.9955,0.2793,0.056767,4.107
408792,520,390,910,240,21,188,341.57,0.9801,0.5894,0.226954,27,38,29,149.99,0.2684,0.1516,0.017079,4.129
408796,520,352,872,217,87,220,326.80,0.8532,0.6200,0.267373,80,20,29,15.92,0.7351,0.1934,0.022948,4.351
408799,520,407,927,156,106,221,301.74,0.7207,0.5670,0.225967,44,14,57,314.01,0.7054,0.1325,0.011450,4.491
408808,520,292,812,251,106,186,348.83,0.9423,0.6815,0.343654,36,60,68,221.03,0.3443,0.2415,0.040240,4.362
408851,520,397,917,190,98,186,328.89,0.6503,0.5762,0.232289,51,21,21,21.34,0.5082,0.1373,0.012944,4.485
408881,520,434,954,147,97,229,297.89,0.7878,0.5462,0.204097,9,2,78,271.00,0.9923,0.1004,0.006515,4.496
408889,520,476,996,183,48,194,324.68,0.8518,0.5063,0.160776,0,0,21,264.05,1.0000,0.0245,0.000541,4.170
408896,520,438,958,183,78,216,317.17,0.8079,0.5548,0.204750,17,17,42,280.75,0.5377,0.0934,0.006872,4.479
408900,520,415,935,237,24,151,352.25,0.9642,0.5667,0.208952,2,10,85,265.33,0.9807,0.1167,0.008858,4.400
408916,520,273,793,250,113,216,338.05,0.9591,0.7033,0.370948,7,70,56,172.95,0.9371,0.2559,0.047108,4.335
408949,520,368,888,202,87,236,317.71,0.8837,0.6078,0.254304,38,34,69,286.71,0.4898,0.1728,0.019858,4.356
408965,520,345,865,193,108,243,311.22,0.8760,0.6307,0.285346,0,50,56,207.54,1.0000,0.1878,0.025666,4.432
408970,520,284,804,228,137,151,10.29,0.6181,0.6855,0.366217,25,64,66,199.87,0.5728,0.2465,0.042666,4.492
408996,520,429,949,243,12,60,21.37,0.9925,0.5493,0.196473,20,17,50,283.37,0.6268,0.1022,0.007799,4.264
408998,520,463,983,198,35,204,326.54,0.9255,0.5294,0.175691,3,4,39,270.62,0.9356,0.0540,0.002527,4.297
409009,520,387,907,206,64,233,320.69,0.9112,0.5857,0.226734,14,33,63,259.20,0.6469,0.1467,0.015399,4.231
409016,520,430,950,200,55,211,324.90,0.8830,0.5524,0.197165,38,14,9,33.12,0.5686,0.0990,0.007459,4.302
409036,520,419,939,241,29,107,8.02,0.9612,0.5611,0.206443,38,7,47,317.65,0.7590,0.1061,0.007693,4.445
409037,520,460,980,217,56,102,8.95,0.8351,0.5309,0.185419,6,9,23,271.29,0.4824,0.0555,0.002959,4.445
409045,520,418,938,225,76,9,38.73,0.9847,0.5559,0.211989,23,30,19,134.41,0.3047,0.1213,0.011577,4.255
409049,520,470,990,203,68,97,11.40,0.7509,0.5164,0.176959,4,7,6,174.71,0.1967,0.0417,0.001909,4.372
409068,520,389,909,166,119,202,309.24,0.5718,0.5917,0.255654,26,41,5,129.30,0.8922,0.1550,0.018164,4.484
409084,520,425,945,199,75,187,331.73,0.7688,0.5571,0.207637,27,16,54,292.68,0.6617,0.1107,0.008699,4.389
409087,520,418,938,221,84,61,31.84,0.8400,0.5636,0.220522,39,16,51,312.48,0.6300,0.1237,0.010410,4.478
409102,520,281,801,249,132,16,55.35,0.9850,0.6863,0.366826,5,70,16,144.93,0.9905,0.2459,0.044498,4.411
409108,520,218,738,243,147,212,340.09,0.8521,0.7468,0.446777,19,77,104,233.60,0.7755,0.3050,0.064454,4.340
409130,520,473,993,216,59,20,34.06,0.9643,0.5186,0.177799,4,0,20,289.88,1.0000,0.0291,0.000763,4.487
409153,520,422,942,243,39,58,23.70,0.9650,0.5603,0.208146,14,13,72,273.73,0.9114,0.1117,0.008490,4.413
409154,520,426,946,197,21,248,315.81,0.9857,0.5551,0.191854,11,23,52,264.88,0.6592,0.1106,0.009318,4.077
409156,520,431,951,209,61,172,339.71,0.8127,0.5498,0.198734,41,14,1,48.77,0.8855,0.1024,0.007878,4.298
409174,520,371,891,240,47,208,336.31,0.9520,0.6129,0.251152,10,34,88,263.20,0.8760,0.1695,0.019131,4.356
409178,520,466,986,208,1,177,336.98,0.9976,0.5178,0.166081,11,1,36,290.49,0.9394,0.0518,0.002202,4.139
409194,520,381,901,209,86,202,329.90,0.7884,0.5958,0.244769,5,32,82,261.10,0.9130,0.1568,0.016744,4.416
409207,520,386,906,213,79,202,331.15,0.8198,0.5932,0.240043,13,26,83,267.81,0.8771,0.1475,0.014488,4.498
409217,520,330,850,239,62,235,329.05,0.9531,0.6385,0.277967,5,54,70,225.82,0.8768,0.2099,0.031126,4.043
409218,520,341,861,252,44,208,339.01,0.9827,0.6325,0.270541,45,7,123,284.74,0.9697,0.1971,0.021399,4.489
409219,520,342,862,240,32,250,326.01,0.9876,0.6318,0.264630,43,8,119,284.42,0.9635,0.1906,0.020191,4.482
409221,520,411,931,240,58,7,33.80,0.9932,0.5651,0.215700,45,18,4,47.66,0.7493,0.1175,0.009993,4.429
409229,520,390,910,189,95,213,319.09,0.7495,0.5857,0.238084,48,32,4,78.06,0.8141,0.1539,0.016702,4.319
409259,520,398,918,241,21,158,350.77,0.9745,0.5765,0.217089,44,27,6,69.38,0.6952,0.1359,0.013325,4.218
409260,520,468,988,220,26,109,3.63,0.9378,0.5174,0.170612,8,3,8,326.85,0.4111,0.0361,0.001343,4.297
409264,520,433,953,223,37,168,343.93,0.9163,0.5540,0.198408,3,25,34,227.22,0.7597,0.0993,0.008301,4.261
409274,520,381,901,255,66,41,31.02,1.0000,0.6042,0.253202,2,46,14,148.09,0.9886,0.1604,0.019985,4.332
409293,520,315,835,247,97,177,350.35,0.8993,0.6591,0.315008,20,61,23,144.73,0.9139,0.2205,0.035479,4.270
409300,520,443,963,187,13,254,311.92,0.9955,0.5422,0.180096,35,4,7,17.77,0.7763,0.0763,0.004596,4.215
409304,520,419,939,244,46,38,28.58,0.9642,0.5649,0.213305,7,32,0,138.05,1.0000,0.1128,0.010782,4.332
409307,520,471,991,204,62,118,0.53,0.7667,0.5178,0.175927,4,7,0,124.19,1.0000,0.0395,0.001778,4.363
409309,520,386,906,172,96,250,303.46,0.9380,0.5903,0.240390,68,13,5,31.98,0.9047,0.1547,0.015280,4.448
409334,520,11,531,248,252,254,228.82,0.6335,0.9867,0.967329,23,133,87,159.22,0.9532,0.4747,0.176446,4.493
409336,520,461,981,208,32,175,337.80,0.9122,0.5270,0.175402,18,2,13,339.34,0.6915,0.0470,0.002011,4.334
409340,520,429,949,227,59,101,11.30,0.8580,0.5528,0.204012,11,26,0,132.42,1.0000,0.0960,0.008099,4.372
409352,520,458,978,180,87,154,339.14,0.6029,0.5269,0.188540,0,12,22,237.20,1.0000,0.0564,0.003209,4.483
409374,520,369,889,222,97,146,357.98,0.7031,0.6060,0.261566,0,33,97,261.09,1.0000,0.1728,0.019506,4.483
409379,520,443,963,164,66,253,303.11,0.9844,0.5426,0.188813,7,19,27,238.59,0.4474,0.0817,0.005900,4.272
409385,520,439,959,238,13,92,11.76,0.9864,0.5452,0.192409,15,17,36,277.42,0.4534,0.0876,0.006298,4.306
409389,520,400,920,247,44,104,11.01,0.9440,0.5807,0.225784,40,24,55,306.32,0.5175,0.1429,0.013802,4.322
409395,520,456,976,209,44,172,339.23,0.8694,0.5349,0.183373,1,15,10,171.63,0.8843,0.0599,0.003700,4.346
409406,520,400,920,245,32,135,359.42,0.9573,0.5795,0.221981,5,39,19,153.60,0.9298,0.1387,0.015303,4.165
409415,520,391,911,243,79,19,37.13,0.9793,0.5941,0.246969,6,42,5,142.50,0.9735,0.1469,0.017055,4.429
409424,520,427,947,237,49,89,15.40,0.9209,0.5607,0.209255,15,23,39,263.40,0.4092,0.1041,0.008608,4.424
409439,520,272,792,240,128,186,349.11,0.7885,0.6988,0.375111,30,72,3,136.83,0.9903,0.2605,0.049172,4.287
409440,520,306,826,255,59,241,331.39,1.0000,0.6666,0.307419,69,20,114,302.19,0.8440,0.2294,0.029805,4.479
409442,520,445,965,231,28,121,1.44,0.9466,0.5447,0.192028,12,18,6,129.58,0.4958,0.0751,0.005239,4.381
409458,520,395,915,250,43,103,11.63,0.9633,0.5858,0.230346,36,25,56,298.34,0.5072,0.1407,0.013559,4.411
409481,520,423,943,235,58,87,17.18,0.8976,0.5640,0.213794,35,22,1,78.89,0.9076,0.1099,0.009334,4.446
409498,520,402,922,241,68,7,35.64,0.9929,0.5771,0.228536,30,32,17,114.68,0.3675,0.1334,0.013495,4.387
409514,520,479,999,181,37,214,318.85,0.9224,0.5094,0.160032,0,0,4,264.05,1.0000,0.0106,0.000088,4.193
409515,520,380,900,230,65,199,336.67,0.8909,0.6046,0.247296,7,44,15,147.26,0.9514,0.1557,0.018810,4.321
409538,520,477,997,193,74,109,5.12,0.6805,0.5101,0.173409,0,1,4,253.83,0.9999,0.0166,0.000305,4.441
409579,520,406,926,214,36,241,321.63,0.9709,0.5837,0.219107,13,26,67,266.83,0.7625,0.1318,0.012295,4.320
409588,520,348,868,244,8,240,329.25,0.9975,0.6253,0.257009,27,41,76,265.92,0.5488,0.1860,0.023406,4.182
409589,520,427,947,216,68,158,347.21,0.7923,0.5626,0.212040,28,23,9,90.41,0.4535,0.1048,0.008794,4.457
409616,520,389,909,236,79,76,25.35,0.8841,0.5868,0.239496,37,37,0,109.77,1.0000,0.1527,0.017165,4.310
409623,520,446,966,193,17,235,317.66,0.9845,0.5366,0.177379,19,15,11,67.03,0.1730,0.0754,0.005043,4.131
409637,520,443,963,232,21,106,6.52,0.9671,0.5390,0.187358,12,19,26,248.84,0.2729,0.0845,0.006185,4.225
409643,520,319,839,235,120,56,46.91,0.8638,0.6451,0.313833,29,58,42,158.27,0.5243,0.2200,0.034544,4.303
409652,520,421,941,219,75,98,14.78,0.7821,0.5551,0.209765,29,16,46,301.52,0.5798,0.1068,0.008291,4.456
409655,520,319,839,248,60,224,334.03,0.9669,0.6453,0.285729,88,10,68,341.33,0.8126,0.2166,0.027095,4.355
409657,520,188,708,238,164,255,319.96,1.0000,0.7915,0.519495,46,89,52,147.19,0.6671,0.3328,0.079733,4.390
409667,520,372,892,235,99,38,41.59,0.9247,0.6084,0.267286,1,42,66,240.57,0.9506,0.1692,0.020556,4.497
409669,520,261,781,163,165,242,282.25,0.7469,0.7091,0.411072,34,74,13,137.18,0.9554,0.2702,0.052665,4.491
409673,520,357,877,228,74,214,331.79,0.8914,0.6188,0.262489,14,38,86,262.24,0.8016,0.1792,0.021514,4.370
409674,520,441,961,221,61,91,14.80,0.8436,0.5407,0.194676,10,23,5,136.81,0.7763,0.0875,0.006883,4.301
409677,520,469,989,171,42,241,309.23,0.9449,0.5198,0.166656,5,4,21,282.66,0.6516,0.0419,0.001732,4.188
409683,520,444,964,224,8,153,348.44,0.9845,0.5374,0.183235,19,0,54,290.18,1.0000,0.0759,0.004048,4.315
409699,520,312,832,234,88,234,327.77,0.9178,0.6558,0.304147,50,40,92,289.13,0.5815,0.2171,0.029684,4.444
409718,520,368,888,238,20,225,331.39,0.9892,0.6074,0.241164,47,40,6,97.35,0.8005,0.1741,0.021351,4.081
409720,520,416,936,249,15,105,9.17,0.9876,0.5720,0.215049,11,21,66,268.63,0.8339,0.1184,0.010008,4.417
409737,520,381,901,236,38,202,336.92,0.9577,0.5970,0.234861,60,2,79,315.14,0.9476,0.1646,0.015687,4.337
409751,520,468,988,222,46,8,32.47,0.9896,0.5179,0.175039,0,9,5,168.49,1.0000,0.0424,0.002063,4.322
409754,520,457,977,215,44,145,350.22,0.8621,0.5325,0.182951,29,0,9,1.92,1.0000,0.0583,0.002810,4.411
409757,520,411,931,207,79,173,339.54,0.7466,0.5678,0.218764,59,1,18,10.49,0.9568,0.1236,0.009954,4.483
409759,520,431,951,216,66,134,356.77,0.7867,0.5503,0.202189,8,27,9,144.88,0.8128,0.0991,0.008552,4.307
409761,520,480,1000,169,6,254,306.85,0.9961,0.5132,0.157218,0,0,0,0.00,0.0000,0.0000,0.000000,4.144
409765,520,407,927,230,40,163,347.31,0.9184,0.5665,0.209877,38,10,69,299.81,0.8229,0.1291,0.010588,4.289
409769,520,361,881,247,89,36,37.39,0.9547,0.6153,0.270496,36,40,67,276.38,0.3928,0.1843,0.022979,4.392
409772,520,411,931,233,57,113,7.28,0.8741,0.5659,0.214451,46,5,56,318.76,0.8260,0.1236,0.009750,4.426
409773,520,410,930,237,46,114,6.30,0.9139,0.5651,0.211765,20,22,69,275.51,0.7501,0.1294,0.011522,4.255
409787,520,405,925,225,2,218,330.07,0.9985,0.5757,0.211153,59,7,7,26.16,0.8932,0.1288,0.010973,4.283
409852,520,363,883,213,91,210,328.55,0.8052,0.6132,0.262832,5,46,33,167.06,0.9108,0.1664,0.020960,4.409
409865,520,384,904,219,28,248,321.44,0.9842,0.5936,0.226699,17,13,104,271.17,0.9697,0.1535,0.014064,4.319
409866,520,477,997,205,8,175,336.83,0.9798,0.5125,0.162500,3,1,5,310.43,0.5673,0.0222,0.000520,4.206
409868,520,463,983,126,90,246,288.31,0.9163,0.5254,0.184016,25,0,12,351.05,1.0000,0.0524,0.002333,4.472
409878,520,340,860,247,31,243,329.19,0.9884,0.6386,0.272281,18,52,61,218.00,0.6029,0.2031,0.029214,4.068
409883,520,453,973,165,84,203,313.56,0.7272,0.5288,0.186525,6,17,8,149.68,0.5424,0.0686,0.004571,4.334
409884,520,450,970,222,23,147,350.27,0.9471,0.5350,0.182516,12,18,1,123.75,0.8966,0.0739,0.005130,4.218
409894,520,445,965,163,83,221,308.06,0.7948,0.5374,0.191941,10,15,32,269.95,0.4763,0.0767,0.005104,4.391
409909,520,363,883,230,65,216,331.74,0.9154,0.6144,0.255638,24,44,21,141.20,0.6214,0.1658,0.020496,4.336
409919,520,382,902,198,102,199,326.93,0.6928,0.6012,0.256334,1,41,59,233.39,0.9519,0.1614,0.019080,4.434
409924,520,343,863,245,3,240,329.48,0.9991,0.6262,0.257718,0,47,68,234.24,1.0000,0.1854,0.024503,4.130
409937,520,392,912,248,9,158,351.99,0.9922,0.5873,0.226238,39,34,6,99.23,0.7440,0.1473,0.015886,4.193
409940,520,355,875,245,87,121,11.06,0.8839,0.6233,0.276125,23,40,81,264.95,0.6443,0.1847,0.022937,4.471
409951,520,435,955,209,16,224,324.55,0.9850,0.5547,0.193096,34,5,32,330.67,0.7232,0.0865,0.005530,4.378
409979,520,431,951,224,38,163,345.84,0.9119,0.5540,0.198804,31,20,7,70.10,0.5173,0.1008,0.008070,4.285
409985,520,442,962,190,57,214,321.01,0.8721,0.5402,0.187298,20,16,19,334.69,0.1207,0.0814,0.005663,4.263
409990,520,378,898,213,109,117,16.52,0.6168,0.6019,0.263697,25,44,8,132.99,0.8766,0.1643,0.020255,4.465
409996,520,322,842,231,78,247,323.81,0.9649,0.6482,0.291553,79,32,39,12.86,0.5517,0.2134,0.028420,4.355
410005,520,377,897,233,74,150,355.03,0.8229,0.5960,0.244259,62,19,45,346.16,0.6268,0.1629,0.016795,4.405
410010,520,426,946,215,80,104,12.92,0.7414,0.5560,0.211862,9,16,70,269.41,0.9116,0.1116,0.008708,4.460
410016,520,465,985,194,74,139,349.90,0.6914,0.5233,0.182327,1,5,38,265.49,0.9464,0.0535,0.002549,4.421
410023,520,299,819,238,89,245,325.95,0.9585,0.6697,0.319168,87,28,67,343.38,0.6539,0.2335,0.032623,4.468
410024,520,375,895,250,38,165,350.94,0.9613,0.6043,0.244302,6,45,34,169.88,0.8765,0.1637,0.020309,4.186
410044,520,296,816,255,118,103,28.30,1.0000,0.6809,0.351994,9,69,11,143.18,0.9846,0.2429,0.043383,4.305
410057,520,471,991,150,65,252,298.75,0.9778,0.5226,0.172932,0,2,32,264.00,1.0040,0.0400,0.001477,4.331
410125,520,467,987,210,40,147,348.05,0.8656,0.5210,0.173280,7,2,21,295.01,0.7666,0.0388,0.001427,4.342
410127,520,412,932,205,25,245,318.55,0.9823,0.5671,0.202686,24,8,77,282.39,0.9199,0.1189,0.009036,4.280
410142,520,445,965,233,41,9,31.40,0.9911,0.5369,0.189323,0,7,63,263.99,1.0038,0.0832,0.005108,4.343
410144,520,368,888,218,72,226,325.71,0.8990,0.6079,0.250331,70,16,28,11.48,0.7252,0.1674,0.017567,4.445
410158,520,327,847,243,117,22,49.57,0.9706,0.6504,0.318381,27,55,52,186.69,0.4425,0.2130,0.032132,4.485
410166,520,407,927,226,68,136,358.38,0.8122,0.5715,0.220832,25,32,7,122.87,0.6971,0.1265,0.012550,4.330
410178,520,395,915,255,44,59,24.49,1.0000,0.5883,0.233809,27,31,43,270.23,0.2381,0.1376,0.013874,4.443
410181,520,453,973,222,62,21,34.29,0.9656,0.5338,0.190317,25,4,30,319.85,0.7282,0.0698,0.003873,4.461
410182,520,339,859,211,103,225,322.92,0.8216,0.6362,0.289872,14,56,2,139.68,0.9925,0.1981,0.029260,4.288
410186,520,480,1000,171,77,184,322.65,0.7074,0.5144,0.174274,0,0,0,0.00,0.0000,0.0000,0.000000,4.485
410213,520,347,867,253,40,202,340.80,0.9876,0.6289,0.266678,76,22,32,12.71,0.6760,0.1890,0.022148,4.389
410242,520,400,920,241,66,10,35.05,0.9902,0.5751,0.226224,37,18,69,296.02,0.7259,0.1391,0.012556,4.416
410252,520,161,681,235,194,117,82.16,0.6938,0.8065,0.575315,20,95,89,186.89,0.8524,0.3534,0.090540,4.449
410273,520,453,973,189,9,235,316.63,0.9919,0.5280,0.170137,1,15,36,254.28,0.8750,0.0730,0.004754,4.020
410281,520,304,824,192,130,255,305.16,1.0000,0.6747,0.343923,6,65,12,144.04,0.9877,0.2282,0.038457,4.453
410295,520,388,908,224,61,200,334.74,0.8888,0.5912,0.233572,3,20,96,264.90,0.9639,0.1466,0.013641,4.456
410302,520,414,934,252,2,97,11.68,0.9986,0.5734,0.216056,39,23,22,23.31,0.2947,0.1227,0.011021,4.360
410305,520,442,962,188,40,238,315.08,0.9506,0.5418,0.183832,0,22,8,155.19,1.0000,0.0786,0.005913,4.182
410306,520,404,924,239,30,175,345.29,0.9612,0.5842,0.223774,19,12,89,274.60,0.9466,0.1341,0.011226,4.472
410359,520,466,986,231,18,2,29.86,0.9981,0.5206,0.174290,3,10,5,154.78,0.5304,0.0477,0.002474,4.274
410367,520,451,971,169,60,246,306.56,0.9454,0.5370,0.183213,9,5,53,275.93,0.9305,0.0748,0.004236,4.300
410374,520,419,939,237,6,157,350.00,0.9924,0.5645,0.205721,23,26,12,118.57,0.4024,0.1081,0.009475,4.300
410386,520,459,979,220,51,86,14.86,0.8773,0.5279,0.182578,4,2,52,270.68,0.9830,0.0643,0.003171,4.374
410401,520,309,829,255,52,240,331.63,1.0000,0.6612,0.300104,77,39,21,45.05,0.6089,0.2193,0.030832,4.331
410403,520,447,967,213,61,133,355.89,0.7953,0.5390,0.191793,20,9,38,297.67,0.6547,0.0781,0.004840,4.409
410411,520,479,999,134,96,197,298.88,0.6383,0.5062,0.174654,0,0,3,264.05,1.0000,0.0094,0.000066,4.487
410452,520,411,931,238,0,171,345.87,1.0000,0.5720,0.211204,5,32,40,220.86,0.7333,0.1244,0.012184,4.200
410462,520,429,949,241,23,85,14.79,0.9766,0.5530,0.199728,0,1,84,264.11,0.9984,0.1019,0.006617,4.411
410476,520,362,882,202,101,200,328.08,0.7105,0.6060,0.260355,72,20,37,3.72,0.6663,0.1799,0.020118,4.426
410485,520,456,976,216,65,26,34.67,0.9469,0.5257,0.184566,3,2,47,270.01,0.9806,0.0579,0.002680,4.453
410501,520,398,918,249,53,30,30.67,0.9762,0.5798,0.227833,57,10,33,354.72,0.7244,0.1357,0.011969,4.483
410525,520,409,929,206,56,221,323.95,0.9065,0.5700,0.211723,19,34,22,149.79,0.4322,0.1309,0.013404,4.128
410535,520,408,928,253,26,16,29.34,0.9932,0.5711,0.216626,14,24,70,269.16,0.8010,0.1306,0.011888,4.308
410547,520,391,911,185,104,205,319.43,0.6778,0.5899,0.246237,16,38,45,220.90,0.4747,0.1506,0.016858,4.431
410572,520,391,911,198,97,191,330.01,0.6893,0.5890,0.243182,10,39,42,204.67,0.6389,0.1492,0.016827,4.387
410579,520,443,963,204,71,136,353.66,0.7323,0.5355,0.191234,23,8,38,304.00,0.6768,0.0798,0.004958,4.389
410581,520,351,871,226,82,216,330.66,0.8748,0.6256,0.271634,16,52,38,164.62,0.7220,0.1922,0.027060,4.174
410602,520,415,935,231,22,190,338.95,0.9735,0.5740,0.212831,9,32,19,156.35,0.7024,0.1178,0.011381,4.282
410603,520,452,972,84,106,253,271.55,0.9867,0.5273,0.192839,1,17,9,163.08,0.9241,0.0650,0.004271,4.475
410608,520,422,942,245,14,102,9.53,0.9872,0.5626,0.206893,15,3,78,275.28,0.9824,0.1058,0.007167,4.494
410613,520,460,980,179,37,244,311.20,0.9589,0.5311,0.174395,19,0,34,307.31,1.0000,0.0567,0.002540,4.271
410639,520,330,850,234,71,233,328.22,0.9345,0.6370,0.278845,21,27,131,269.31,0.9557,0.2104,0.025818,4.337
410645,520,338,858,229,86,217,331.22,0.8758,0.6357,0.283256,10,41,97,261.14,0.8810,0.1955,0.025133,4.436
410651,520,315,835,225,128,119,26.19,0.6541,0.6553,0.327799,44,57,6,123.38,0.9059,0.2216,0.034748,4.458
410652,520,354,874,238,6,248,326.11,0.9982,0.6200,0.250873,45,17,100,290.47,0.8621,0.1790,0.018789,4.374
410679,520,353,873,246,5,226,332.96,0.9980,0.6192,0.251954,22,36,93,268.57,0.7846,0.1850,0.022225,4.181
410680,520,389,909,254,34,97,13.27,0.9928,0.5873,0.230817,43,0,91,295.26,1.0000,0.1487,0.012689,4.479
410689,520,373,893,226,10,246,323.73,0.9959,0.5987,0.230419,41,20,86,291.56,0.7868,0.1635,0.016436,4.221
410696,520,422,942,221,44,186,337.94,0.9087,0.5645,0.207211,34,21,3,74.64,0.7533,0.1065,0.008830,4.372
410706,520,444,964,186,55,221,318.01,0.8888,0.5371,0.183932,17,15,33,287.29,0.4337,0.0831,0.005706,4.199
410709,520,402,922,233,44,179,343.03,0.9245,0.5826,0.223824,51,8,48,330.99,0.7553,0.1301,0.010910,4.496
410716,520,247,767,200,155,231,310.85,0.6705,0.7185,0.414922,50,67,90,256.12,0.3220,0.2840,0.054305,4.457
410717,520,218,738,228,160,199,344.15,0.5976,0.7472,0.457606,11,83,38,150.29,0.9740,0.2958,0.063973,4.454
410725,520,22,542,255,248,216,96.92,1.0000,0.9725,0.933531,1,133,30,144.52,0.9995,0.4621,0.168745,4.496
410753,520,259,779,202,143,253,307.63,0.9542,0.7090,0.392940,14,76,26,146.10,0.9706,0.2703,0.053366,4.285
410757,520,357,877,221,106,146,359.94,0.6682,0.6186,0.277577,42,43,31,111.60,0.2210,0.1816,0.023189,4.476
410761,520,334,854,238,61,235,328.81,0.9533,0.6360,0.275153,23,52,36,157.78,0.5876,0.1951,0.027654,4.187
410763,520,338,858,252,71,179,348.53,0.9698,0.6388,0.284598,38,48,60,253.23,0.2262,0.2039,0.028522,4.261
410765,520,402,922,208,52,237,320.63,0.9404,0.5813,0.219820,22,29,38,254.89,0.2353,0.1251,0.011892,4.360
410766,520,269,789,201,145,236,311.59,0.7514,0.7023,0.387252,27,71,15,139.77,0.9549,0.2566,0.047738,4.474
410778,520,452,972,230,38,37,27.67,0.9643,0.5303,0.183458,6,12,38,269.02,0.7151,0.0716,0.004416,4.290
410782,520,433,953,179,70,237,311.09,0.8950,0.5546,0.200794,12,27,0,132.05,1.0000,0.0997,0.008620,4.278
410785,520,327,847,230,98,204,335.87,0.8304,0.6457,0.299202,56,49,7,99.42,0.8338,0.2109,0.030528,4.336
410801,520,352,872,247,34,216,335.71,0.9784,0.6230,0.258791,76,23,30,15.76,0.6706,0.1899,0.022433,4.263
410833,520,389,909,249,65,23,33.41,0.9796,0.5903,0.239857,1,45,1,142.57,0.9968,0.1547,0.018853,4.210
410838,520,447,967,235,10,87,12.87,0.9891,0.5370,0.185705,4,3,64,268.65,0.9861,0.0805,0.004611,4.316
410839,520,426,946,213,43,199,332.01,0.9142,0.5573,0.199995,21,23,32,274.94,0.2094,0.1052,0.008765,4.254
410844,520,349,869,251,40,210,338.21,0.9783,0.6297,0.266832,30,47,40,167.05,0.3012,0.1853,0.024622,4.246
410864,520,381,901,248,70,47,30.84,0.9654,0.5952,0.245455,34,17,98,282.56,0.8885,0.1646,0.016228,4.461
410867,520,411,931,231,41,168,345.95,0.9206,0.5714,0.214047,17,6,83,275.23,0.9687,0.1177,0.008739,4.495
410871,520,457,977,218,28,141,351.61,0.9238,0.5267,0.176615,7,7,30,278.58,0.6701,0.0565,0.002909,4.283
410887,520,367,887,247,50,181,345.79,0.9427,0.6133,0.253947,36,41,36,145.25,0.1146,0.1712,0.020883,4.288
410904,520,363,883,238,6,239,328.12,0.9978,0.6137,0.245421,42,31,67,295.82,0.5109,0.1689,0.018775,4.295
410906,520,374,894,232,76,149,355.45,0.8127,0.5962,0.244973,12,46,5,140.34,0.9717,0.1630,0.020430,4.188
410910,520,364,884,236,100,16,44.62,0.9757,0.6105,0.269875,19,42,60,244.04,0.5213,0.1727,0.021205,4.492
410916,520,437,957,243,1,96,10.80,0.9991,0.5541,0.199243,6,8,66,269.51,0.9588,0.0923,0.006057,4.446
410925,520,395,915,241,36,183,343.47,0.9561,0.5948,0.233844,10,35,49,236.38,0.6248,0.1408,0.014883,4.375
410950,520,410,930,240,58,44,29.28,0.9430,0.5672,0.217365,9,5,94,268.86,0.9893,0.1264,0.009747,4.475
410954,520,366,886,231,10,249,324.26,0.9965,0.6094,0.240479,40,5,104,287.09,0.9652,0.1657,0.015591,4.429
410963,520,404,924,251,13,125,3.03,0.9893,0.5815,0.222813,19,9,90,274.83,0.9612,0.1318,0.010719,4.493
410973,520,399,919,233,74,99,15.62,0.8422,0.5799,0.231249,19,38,26,155.30,0.4792,0.1446,0.015992,4.262
410977,520,468,988,219,36,106,5.30,0.9051,0.5199,0.173650,4,5,23,275.27,0.6701,0.0446,0.001962,4.304
410998,520,465,985,200,68,112,3.61,0.7311,0.5156,0.175854,6,7,20,277.57,0.4690,0.0494,0.002412,4.309
411012,520,420,940,199,15,255,314.94,1.0000,0.5624,0.197052,9,19,64,268.24,0.8590,0.1112,0.008939,4.192
411023,520,474,994,185,10,231,316.41,0.9897,0.5183,0.163022,10,0,12,323.79,1.0000,0.0313,0.000911,4.184
411033,520,418,938,231,22,162,347.36,0.9642,0.5593,0.201742,6,25,61,261.27,0.8245,0.1204,0.010708,4.147
411034,520,434,954,221,64,123,2.18,0.8094,0.5533,0.204715,49,1,15,8.89,0.9364,0.1011,0.007093,4.461
411063,520,431,951,233,48,65,22.46,0.9345,0.5473,0.198222,23,25,1,113.75,0.9196,0.1031,0.008796,4.222
411088,520,395,915,223,59,208,332.14,0.9037,0.5925,0.233722,50,19,46,332.47,0.5697,0.1425,0.013412,4.474
411098,520,398,918,238,54,141,357.45,0.8920,0.5823,0.227416,62,5,24,7.13,0.8385,0.1368,0.011988,4.475
411106,520,458,978,211,34,166,341.51,0.9021,0.5287,0.177483,16,10,17,321.55,0.2609,0.0635,0.003677,4.238
411110,520,420,940,244,30,57,23.17,0.9770,0.5573,0.204605,29,22,22,18.10,0.1368,0.1070,0.008930,4.320
411111,520,459,979,232,31,32,27.81,0.9758,0.5299,0.182432,23,5,7,13.45,0.5605,0.0586,0.003061,4.380
411126,520,470,990,177,57,219,315.56,0.8724,0.5236,0.173889,4,3,26,278.48,0.8219,0.0418,0.001655,4.334
411169,520,476,996,161,93,150,333.14,0.5025,0.5072,0.176086,8,0,0,29.23,1.0000,0.0228,0.000516,4.476
411178,520,397,917,253,46,28,29.97,0.9921,0.5826,0.229242,33,33,11,108.86,0.5636,0.1383,0.014352,4.339
411200,520,467,987,221,34,95,9.59,0.9227,0.5195,0.173451,2,2,35,270.23,0.9651,0.0448,0.001777,4.316
411202,520,424,944,225,21,189,337.80,0.9706,0.5619,0.202205,37,19,9,49.15,0.5103,0.1075,0.008788,4.290
411203,520,440,960,247,3,28,27.12,0.9987,0.5526,0.199267,5,8,63,268.90,0.9570,0.0882,0.005648,4.479
411205,520,362,882,231,87,152,355.49,0.7839,0.6092,0.260749,31,42,57,256.28,0.2972,0.1793,0.022426,4.291
411207,520,362,882,214,88,201,331.83,0.7924,0.6057,0.254945,13,34,94,265.08,0.8753,0.1768,0.020377,4.333
411215,520,410,930,250,3,101,10.23,0.9977,0.5705,0.213323,12,37,10,142.20,0.8964,0.1335,0.014232,4.100
411228,520,379,899,182,109,212,315.35,0.6861,0.5986,0.256367,9,42,38,183.93,0.7250,0.1566,0.018539,4.470
411248,520,470,990,210,4,177,337.50,0.9909,0.5223,0.169650,6,4,18,289.23,0.5725,0.0412,0.001692,4.249
411265,520,420,940,209,97,7,49.19,0.9754,0.5587,0.221221,17,30,11,136.50,0.6183,0.1145,0.010719,4.467
411282,520,2,522,255,255,255,0.00,0.0000,1.0000,1.000000,43,136,67,148.45,0.9267,0.4848,0.185264,4.463
411303,520,380,900,235,44,207,335.36,0.9501,0.6016,0.239712,43,37,8,97.53,0.7135,0.1610,0.018543,4.227
411308,520,193,713,255,167,144,35.34,1.0000,0.7787,0.509135,39,88,43,145.32,0.8284,0.3237,0.075850,4.443
411320,520,471,991,144,74,241,297.79,0.9032,0.5166,0.171779,14,3,13,330.23,0.5734,0.0444,0.001876,4.275
411324,520,441,961,200,13,221,322.92,0.9855,0.5362,0.177894,17,22,5,122.49,0.6244,0.0899,0.007039,3.995
411337,520,415,935,200,37,248,316.32,0.9690,0.5671,0.203813,6,31,36,212.94,0.6730,0.1197,0.011460,4.130
411339,520,425,945,218,14,216,328.83,0.9870,0.5643,0.201796,3,25,53,255.03,0.8358,0.1121,0.009716,4.217
411362,520,464,984,142,82,238,296.61,0.8721,0.5231,0.179586,18,1,27,313.44,0.8638,0.0524,0.002295,4.390
411367,520,361,881,229,92,164,350.61,0.7695,0.6173,0.269951,60,26,68,319.68,0.6085,0.1845,0.021169,4.496
411374,520,421,941,243,27,79,17.05,0.9741,0.5575,0.204065,22,22,50,280.95,0.5246,0.1149,0.009747,4.252
411376,520,355,875,248,62,161,353.10,0.9347,0.6156,0.259782,22,19,119,271.42,0.9617,0.1839,0.019681,4.446
411392,520,460,980,220,13,141,351.63,0.9707,0.5251,0.174292,19,2,27,314.49,0.7949,0.0558,0.002610,4.263
411401,520,338,858,174,124,249,300.16,0.8837,0.6394,0.302538,9,58,7,142.38,0.9802,0.2039,0.030994,4.353
411404,520,387,907,219,38,231,325.24,0.9640,0.5859,0.222179,58,19,29,6.78,0.5897,0.1487,0.014541,4.217
411406,520,478,998,164,47,235,308.07,0.9245,0.5082,0.159244,0,2,4,233.51,1.0000,0.0210,0.000522,4.142
411409,520,396,916,232,79,96,17.87,0.8326,0.5834,0.235951,8,31,69,259.93,0.8043,0.1435,0.014612,4.426
411459,520,358,878,255,6,199,341.70,1.0000,0.6201,0.255172,59,28,55,332.07,0.5012,0.1785,0.020363,4.337
411479,520,403,923,185,85,231,313.44,0.8464,0.5775,0.225818,46,21,15,34.49,0.5018,0.1273,0.011517,4.484
411496,520,432,952,129,105,240,287.37,0.8415,0.5502,0.210613,16,23,26,225.89,0.1834,0.0981,0.007975,4.495
411511,520,358,878,207,86,239,318.59,0.9045,0.6158,0.261544,53,26,80,303.95,0.6732,0.1833,0.020749,4.404
411527,520,444,964,240,10,11,28.89,0.9956,0.5381,0.187699,10,10,53,274.75,0.8615,0.0840,0.005386,4.292
411533,520,465,985,145,90,211,302.06,0.7260,0.5183,0.180355,9,7,3,89.97,0.3406,0.0455,0.002166,4.416
411559,520,391,911,236,19,205,336.00,0.9848,0.5910,0.227092,66,4,45,346.22,0.8360,0.1532,0.014347,4.306
411567,520,409,929,254,11,35,26.59,0.9963,0.5697,0.214354,1,37,12,149.90,0.9903,0.1286,0.013561,4.159
411576,520,480,1000,127,82,238,291.03,0.8786,0.5063,0.167196,0,0,0,0.00,0.0000,0.0000,0.000000,4.344
411582,520,446,966,192,57,207,323.55,0.8591,0.5385,0.186392,16,17,20,271.04,0.0884,0.0802,0.005616,4.250
411583,520,430,950,240,3,102,8.50,0.9967,0.5499,0.195530,43,10,3,36.40,0.8274,0.0999,0.007373,4.280
411586,520,423,943,243,44,38,28.33,0.9657,0.5614,0.209994,0,28,42,233.37,1.0000,0.1110,0.009976,4.335
411653,520,370,890,255,41,150,356.80,1.0000,0.6094,0.250515,65,22,23,21.37,0.6300,0.1651,0.017597,4.446
411664,520,296,816,226,134,164,359.49,0.6162,0.6813,0.359012,39,61,63,203.12,0.2874,0.2443,0.041276,4.481
411677,520,464,984,225,21,80,14.41,0.9689,0.5176,0.171259,6,7,12,274.01,0.2208,0.0458,0.002172,4.241
411682,520,454,974,161,62,253,302.44,0.9854,0.5343,0.181146,36,0,4,18.36,1.0000,0.0699,0.003839,4.293
411696,520,464,984,221,52,0,34.12,1.0000,0.5208,0.178308,12,6,14,318.18,0.3537,0.0498,0.002401,4.357
411712,520,346,866,250,10,226,333.84,0.9965,0.6272,0.260352,71,22,64,333.71,0.6680,0.1941,0.022838,4.261
411726,520,442,962,161,82,233,304.66,0.8474,0.5425,0.194953,27,13,1,66.57,0.8337,0.0784,0.005231,4.435
411741,520,443,963,219,39,145,350.90,0.8892,0.5367,0.185579,18,19,5,112.21,0.5444,0.0827,0.006053,4.203
411752,520,451,971,193,36,227,319.20,0.9483,0.5386,0.181467,9,10,39,276.43,0.7118,0.0707,0.004216,4.269
411761,520,410,930,242,47,73,20.60,0.9445,0.5660,0.213946,52,3,54,326.45,0.8568,0.1302,0.010616,4.354
411770,520,441,961,195,94,70,34.59,0.6781,0.5357,0.200514,0,26,9,153.39,1.0000,0.0912,0.007585,4.350
411778,520,453,973,186,51,210,321.03,0.8774,0.5253,0.174612,10,12,29,276.60,0.4790,0.0683,0.004162,4.147
411783,520,398,918,240,59,124,4.55,0.8861,0.5845,0.231115,56,17,31,0.60,0.6060,0.1425,0.013407,4.434
411786,520,420,940,224,5,194,336.10,0.9939,0.5590,0.198534,3,1,86,266.14,0.9981,0.1066,0.007129,4.350
411796,520,352,872,212,83,243,319.26,0.9310,0.6222,0.266562,65,12,91,311.03,0.8458,0.1930,0.021422,4.432
411824,520,461,981,211,29,181,336.70,0.9317,0.5345,0.180660,15,4,26,305.58,0.6889,0.0547,0.002630,4.383
411843,520,180,700,235,163,253,319.44,0.9775,0.7851,0.509497,73,80,68,132.15,0.1446,0.3316,0.075711,4.451
411861,520,416,936,212,53,204,330.30,0.8933,0.5662,0.209049,38,17,40,323.93,0.5144,0.1168,0.009662,4.342
411869,520,374,894,154,113,249,294.26,0.8977,0.5974,0.255198,33,39,34,150.15,0.1314,0.1617,0.018898,4.430
411876,520,456,976,175,45,241,310.34,0.9403,0.5280,0.173425,2,14,19,222.59,0.6708,0.0614,0.003740,4.158
411896,520,412,932,245,45,86,16.70,0.9454,0.5732,0.219645,42,21,0,65.13,1.0000,0.1180,0.010286,4.473
411909,520,424,944,196,46,245,315.62,0.9537,0.5641,0.202837,32,22,1,85.53,0.9081,0.1058,0.008831,4.298
411923,520,292,812,213,126,238,318.37,0.8467,0.6833,0.352422,10,67,4,141.66,0.9914,0.2355,0.040874,4.428
411924,520,370,890,254,4,183,345.84,0.9977,0.6097,0.245801,13,42,66,246.77,0.6676,0.1737,0.021347,4.146
411941,520,237,757,227,141,240,322.16,0.8734,0.7284,0.416734,40,75,65,173.45,0.4528,0.2889,0.058647,4.296
411945,520,247,767,240,134,203,341.82,0.8212,0.7160,0.398894,57,66,84,264.06,0.2231,0.2839,0.054063,4.314
411958,520,393,913,251,40,133,1.59,0.9662,0.5949,0.237238,38,31,11,90.40,0.5466,0.1387,0.014162,4.477
411978,520,410,930,184,75,235,312.86,0.8815,0.5661,0.212217,2,32,48,236.10,0.8690,0.1276,0.012593,4.189
411998,520,313,833,246,70,242,328.99,0.9671,0.6611,0.303867,70,46,17,68.64,0.6460,0.2236,0.032967,4.265
412003,520,475,995,221,31,110,3.77,0.9236,0.5223,0.174806,8,2,4,354.20,0.4591,0.0315,0.001038,4.405
412006,520,452,972,156,94,192,311.73,0.6341,0.5260,0.188796,0,3,54,264.19,0.9878,0.0653,0.003314,4.479
412019,520,444,964,219,59,124,0.68,0.8195,0.5447,0.196457,4,19,23,215.99,0.5812,0.0777,0.005534,4.438
412030,520,452,972,209,69,88,16.52,0.7797,0.5265,0.185184,1,18,22,212.80,0.8575,0.0724,0.004970,4.278
412035,520,426,946,228,25,168,344.84,0.9561,0.5576,0.200191,39,18,2,58.28,0.8073,0.1071,0.008684,4.263
412037,520,470,990,175,9,253,308.77,0.9942,0.5219,0.164021,0,2,37,264.12,0.9835,0.0447,0.001770,4.134
412075,520,420,940,218,32,197,333.86,0.9461,0.5585,0.199719,11,7,79,271.60,0.9706,0.1099,0.007876,4.315
412091,520,467,987,208,30,161,342.30,0.9073,0.5181,0.169138,17,1,9,346.85,0.7634,0.0416,0.001606,4.246
412097,520,352,872,249,67,160,354.04,0.9388,0.6216,0.266954,41,49,4,119.48,0.9061,0.1936,0.026768,4.129
412101,520,356,876,212,114,145,0.90,0.5836,0.6180,0.280778,0,50,47,188.41,1.0000,0.1834,0.024863,4.418
412107,520,437,957,216,51,156,346.84,0.8465,0.5450,0.193692,29,2,49,306.06,0.9048,0.0867,0.005264,4.410
412114,520,456,976,202,56,166,339.67,0.8075,0.5293,0.181400,2,11,27,255.71,0.7261,0.0587,0.003314,4.340
412120,520,419,939,209,57,191,333.34,0.8544,0.5566,0.202451,15,27,17,148.92,0.4050,0.1054,0.009259,4.260
412140,520,428,948,219,43,188,336.81,0.9101,0.5613,0.204210,29,13,48,301.78,0.6602,0.1029,0.007625,4.411
412150,520,470,990,197,6,211,324.65,0.9912,0.5218,0.167054,15,1,17,323.91,0.7924,0.0426,0.001638,4.203
412161,520,452,972,225,20,122,359.57,0.9587,0.5296,0.179158,13,1,56,281.06,0.9824,0.0741,0.003928,4.249
412192,520,312,832,250,52,245,329.32,0.9828,0.6559,0.293755,28,59,43,159.64,0.5521,0.2230,0.035491,4.021
412201,520,423,943,244,41,15,30.78,0.9881,0.5600,0.208569,10,30,7,140.90,0.8785,0.1093,0.010084,4.303
412202,520,478,998,177,62,198,321.07,0.8069,0.5135,0.168707,1,0,16,275.06,1.0000,0.0220,0.000439,4.336
412206,520,463,983,186,17,236,315.47,0.9838,0.5260,0.168974,12,4,14,320.54,0.4917,0.0451,0.001967,4.214
412217,520,399,919,255,8,93,13.39,1.0000,0.5799,0.222278,19,15,91,273.77,0.9371,0.1407,0.012354,4.367
412224,520,412,932,240,58,60,25.66,0.9323,0.5691,0.218809,11,32,25,169.44,0.5557,0.1207,0.011743,4.354
412229,520,466,986,174,21,251,308.69,0.9840,0.5220,0.165009,14,4,10,341.54,0.4535,0.0457,0.002021,4.133
412239,520,447,967,219,7,173,340.96,0.9869,0.5378,0.182316,22,6,44,298.19,0.7793,0.0800,0.004827,4.237
412251,520,294,814,239,114,199,341.27,0.8442,0.6803,0.345113,30,65,28,142.69,0.8175,0.2400,0.041403,4.323
412253,520,382,902,214,87,201,331.82,0.7956,0.6043,0.253315,25,39,39,196.04,0.2483,0.1567,0.018042,4.458
412268,520,362,882,206,78,248,316.51,0.9554,0.6111,0.253493,71,22,42,357.93,0.6305,0.1828,0.020808,4.286
412275,520,367,887,233,37,236,327.53,0.9762,0.6126,0.247054,31,20,100,279.25,0.8874,0.1684,0.017117,4.426
412312,520,398,918,238,60,111,9.19,0.8827,0.5777,0.225596,44,7,71,305.43,0.8589,0.1361,0.011424,4.487
412328,520,477,997,86,96,254,273.83,0.9938,0.5098,0.174992,3,0,8,305.48,1.0000,0.0200,0.000369,4.467
412333,520,349,869,233,102,131,8.77,0.7586,0.6267,0.284677,53,41,37,39.25,0.1752,0.1913,0.024764,4.476
412334,520,373,893,250,23,173,348.11,0.9807,0.6015,0.239573,52,3,85,305.20,0.9474,0.1582,0.014511,4.489
412342,520,363,883,161,113,255,295.99,1.0000,0.6093,0.266074,6,46,52,209.74,0.8164,0.1749,0.022405,4.365
412349,520,465,985,225,21,86,12.39,0.9665,0.5190,0.172186,19,4,15,337.54,0.5725,0.0537,0.002598,4.224
412353,520,454,974,198,5,222,322.19,0.9943,0.5317,0.173899,18,8,35,297.40,0.6490,0.0720,0.004236,4.128
412403,520,411,931,191,92,187,328.93,0.6830,0.5686,0.223198,20,32,18,140.97,0.4357,0.1244,0.012254,4.388
412424,520,458,978,125,88,251,287.63,0.9607,0.5255,0.183042,13,2,38,291.37,0.8938,0.0576,0.002689,4.423
412457,520,437,957,223,27,168,343.70,0.9447,0.5489,0.193015,17,13,43,285.22,0.6350,0.0860,0.005814,4.354
412463,520,326,846,177,127,244,301.85,0.8249,0.6451,0.310579,8,54,61,210.13,0.8183,0.2058,0.030267,4.492
412468,520,444,964,239,34,3,30.92,0.9974,0.5450,0.195047,4,6,63,268.31,0.9708,0.0843,0.005149,4.443
412470,520,438,958,186,76,207,320.89,0.7920,0.5505,0.201142,36,14,5,44.06,0.6433,0.0949,0.007002,4.406
412474,520,364,884,230,56,217,331.47,0.9327,0.6074,0.246635,40,38,44,300.83,0.1017,0.1703,0.020192,4.226
412479,520,384,904,218,34,239,323.14,0.9739,0.5879,0.222835,69,5,25,9.33,0.8670,0.1523,0.014442,4.234
412492,520,368,888,231,33,238,326.60,0.9800,0.6086,0.242521,24,47,1,132.80,0.9889,0.1725,0.022294,4.046
412495,520,382,902,227,45,223,329.18,0.9534,0.5982,0.235377,48,17,79,302.35,0.7760,0.1614,0.015938,4.328
412496,520,424,944,227,54,132,358.58,0.8592,0.5581,0.206379,56,0,11,16.25,1.0000,0.1139,0.008651,4.371
412522,520,425,945,221,6,208,331.63,0.9939,0.5626,0.200588,27,13,60,291.11,0.7588,0.1109,0.008471,4.286
412524,520,466,986,204,36,178,335.82,0.8954,0.5238,0.173154,6,1,41,278.07,0.9746,0.0521,0.002205,4.275
412529,520,460,980,224,6,140,352.73,0.9876,0.5310,0.178737,6,9,27,272.38,0.5737,0.0578,0.003132,4.305
412544,520,429,949,234,46,66,21.96,0.9390,0.5479,0.198428,35,1,57,307.20,0.9581,0.1015,0.006745,4.378
412546,520,431,951,234,27,133,357.77,0.9525,0.5546,0.199727,44,10,7,28.63,0.7423,0.1026,0.007680,4.330
412551,520,456,976,213,55,134,354.83,0.8158,0.5334,0.186020,18,2,34,303.93,0.8493,0.0597,0.002875,4.464
412559,520,365,885,246,42,191,342.38,0.9564,0.6114,0.250135,62,9,74,319.19,0.8222,0.1703,0.017140,4.470
412571,520,396,916,250,1,136,359.11,0.9991,0.5810,0.221268,58,8,48,337.45,0.7672,0.1432,0.012867,4.315
412575,520,367,887,254,38,153,355.51,0.9910,0.6070,0.247605,55,10,90,304.03,0.8739,0.1745,0.017676,4.398
412583,520,469,989,225,0,115,1.47,1.0000,0.5220,0.172482,1,5,13,251.47,0.6602,0.0361,0.001440,4.325
412589,520,422,942,226,17,191,337.45,0.9787,0.5637,0.203338,8,28,26,186.76,0.5486,0.1072,0.009567,4.253
412592,520,451,971,202,31,219,323.78,0.9553,0.5448,0.186527,12,4,44,284.12,0.8751,0.0662,0.003468,4.424
412594,520,378,898,237,21,218,332.89,0.9865,0.6014,0.236056,48,34,27,47.76,0.2625,0.1635,0.018516,4.175
412625,520,450,970,195,0,238,317.69,1.0000,0.5384,0.177766,3,4,54,268.46,0.9737,0.0696,0.003725,4.239
412629,520,452,972,223,55,70,21.46,0.8947,0.5342,0.188653,14,9,40,285.33,0.6998,0.0737,0.004419,4.385
412642,520,480,1000,217,42,72,18.25,0.9134,0.5113,0.168781,0,0,0,0.00,0.0000,0.0000,0.000000,4.376
412643,520,464,984,195,7,207,325.13,0.9885,0.5156,0.162607,1,13,4,152.64,0.9340,0.0529,0.003031,4.009
412653,520,472,992,172,43,237,310.37,0.9380,0.5186,0.166137,8,2,8,327.25,0.5375,0.0332,0.001126,4.228
412654,520,433,953,185,105,105,20.48,0.4888,0.5482,0.214387,17,27,6,130.07,0.7075,0.1045,0.009162,4.469
412659,520,440,960,238,14,105,7.53,0.9835,0.5489,0.195144,18,11,51,284.72,0.7554,0.0901,0.006069,4.372
412661,520,463,983,196,16,223,321.32,0.9815,0.5317,0.174356,1,11,8,176.80,0.8079,0.0492,0.002633,4.263
412684,520,454,974,210,60,127,357.61,0.7901,0.5300,0.184679,6,18,5,141.80,0.7234,0.0705,0.004823,4.281
412687,520,298,818,250,104,173,353.54,0.9189,0.6719,0.332447,10,56,91,246.82,0.8078,0.2314,0.036480,4.422
412692,520,281,801,239,102,242,326.79,0.9434,0.6855,0.342665,59,52,81,294.70,0.3351,0.2475,0.039799,4.373
412694,520,440,960,233,17,126,359.61,0.9731,0.5464,0.192339,2,11,58,265.26,0.9469,0.0855,0.005577,4.360
412715,520,382,902,242,65,142,358.92,0.8862,0.6000,0.246139,15,36,68,258.65,0.6596,0.1592,0.017806,4.367
412721,520,423,943,247,12,52,23.41,0.9938,0.5567,0.202886,39,0,61,308.80,1.0000,0.1101,0.007683,4.384
412724,520,409,929,213,43,220,326.34,0.9405,0.5711,0.210432,28,6,88,282.68,0.9530,0.1337,0.010817,4.282
412752,520,367,887,215,72,243,320.56,0.9410,0.6146,0.255546,18,39,71,258.62,0.6263,0.1712,0.020345,4.344
412759,520,403,923,213,25,244,320.85,0.9838,0.5794,0.213749,40,11,69,301.67,0.8082,0.1330,0.011202,4.310
412767,520,468,988,125,89,244,288.37,0.9038,0.5210,0.180362,18,0,15,334.00,1.0000,0.0430,0.001631,4.462
412798,520,332,852,252,70,190,344.94,0.9737,0.6429,0.287967,56,43,40,33.22,0.1734,0.2014,0.027218,4.377
412810,520,401,921,156,108,240,297.52,0.8243,0.5840,0.240845,1,37,42,208.42,0.9512,0.1390,0.014967,4.477
412842,520,424,944,158,102,215,304.81,0.7044,0.5580,0.216785,0,29,28,191.59,1.0000,0.1067,0.009625,4.474
412852,520,460,980,218,49,105,6.90,0.8593,0.5273,0.181245,25,1,19,338.25,0.8145,0.0576,0.002754,4.383
412865,520,420,940,216,87,38,39.46,0.8882,0.5564,0.215576,15,28,34,228.71,0.3354,0.1149,0.010475,4.391
412872,520,300,820,221,133,143,12.86,0.5748,0.6656,0.341323,0,62,58,187.65,1.0000,0.2282,0.037506,4.472
412876,520,478,998,215,9,122,357.17,0.9764,0.5060,0.160501,1,1,13,274.04,0.8863,0.0237,0.000572,4.162
412877,520,411,931,233,25,183,341.47,0.9673,0.5749,0.214406,23,10,79,280.41,0.9149,0.1228,0.009637,4.434
412888,520,371,891,243,78,120,9.38,0.8807,0.6085,0.258626,43,34,51,308.38,0.2856,0.1669,0.018967,4.475
412907,520,465,985,189,72,148,343.88,0.6961,0.5162,0.175932,11,6,13,317.00,0.3198,0.0484,0.002305,4.320
412910,520,361,881,228,98,160,352.99,0.7441,0.6226,0.277698,4,49,40,175.62,0.9242,0.1786,0.023755,4.443
412929,520,382,902,239,5,221,332.60,0.9974,0.6034,0.236825,53,27,39,351.51,0.4023,0.1591,0.016873,4.289
412930,520,456,976,174,31,254,307.82,0.9949,0.5292,0.171352,9,11,21,274.75,0.3270,0.0611,0.003516,4.136
412931,520,368,888,248,35,180,345.87,0.9647,0.6059,0.244571,74,1,54,343.12,0.9434,0.1720,0.017441,4.368
412944,520,432,952,244,4,39,25.47,0.9980,0.5472,0.194699,50,3,9,18.81,0.9007,0.1047,0.007631,4.246
412950,520,425,945,228,4,183,340.14,0.9948,0.5599,0.200024,44,9,31,345.40,0.6689,0.1090,0.008299,4.289
412951,520,425,945,201,56,213,324.63,0.8855,0.5563,0.200516,32,13,52,302.99,0.6913,0.1099,0.008429,4.288
412966,520,470,990,143,88,215,300.64,0.7503,0.5154,0.177256,18,1,6,358.65,0.7751,0.0419,0.001635,4.401
412981,520,391,911,249,24,155,353.41,0.9762,0.5919,0.231630,12,42,7,140.85,0.9501,0.1497,0.017494,4.173
412985,520,228,748,248,134,228,334.05,0.9502,0.7384,0.426104,93,60,27,63.56,0.6187,0.2940,0.056383,4.475
412989,520,400,920,235,70,106,12.31,0.8522,0.5808,0.230860,5,33,61,251.59,0.7957,0.1410,0.014568,4.350
413001,520,352,872,249,39,198,341.01,0.9672,0.6190,0.256712,47,41,56,302.97,0.2257,0.1919,0.024757,4.103
413013,520,479,999,195,71,100,9.43,0.7071,0.5067,0.170305,0,1,0,142.50,1.0000,0.0135,0.000217,4.387
413020,520,288,808,246,85,255,325.65,1.0000,0.6838,0.333124,38,63,8,131.51,0.9369,0.2360,0.039845,4.264
413030,520,427,947,208,18,226,323.79,0.9831,0.5550,0.193354,5,28,10,148.80,0.8962,0.1007,0.008847,4.135
413037,520,432,952,167,83,230,307.43,0.8338,0.5495,0.201158,33,18,25,350.30,0.3193,0.1042,0.008262,4.311
413043,520,476,996,205,54,106,4.84,0.8042,0.5070,0.166602,1,0,10,281.20,1.0000,0.0178,0.000284,4.308
413065,520,345,865,243,75,193,342.11,0.9116,0.6336,0.279400,64,31,55,338.24,0.4771,0.1923,0.023459,4.484
413070,520,457,977,237,4,19,28.00,0.9980,0.5307,0.181417,21,6,19,332.17,0.5234,0.0623,0.003367,4.336
413083,520,474,994,143,77,239,297.44,0.8874,0.5178,0.173796,1,0,23,271.09,1.0000,0.0276,0.000683,4.416
413088,520,479,999,225,9,42,24.35,0.9930,0.5076,0.163730,1,0,3,302.89,1.0000,0.0124,0.000130,4.263
413099,520,460,980,207,62,127,357.19,0.7746,0.5267,0.182451,7,11,15,246.61,0.2103,0.0568,0.003190,4.370
413110,520,417,937,222,79,115,8.60,0.7648,0.5704,0.223618,9,33,29,180.89,0.6096,0.1243,0.012345,4.389
413113,520,467,987,151,74,230,302.50,0.8520,0.5159,0.171904,17,2,2,23.87,0.7306,0.0416,0.001670,4.295
413114,520,435,955,238,37,23,29.64,0.9777,0.5454,0.195654,17,24,0,122.76,1.0000,0.0945,0.007724,4.256
413129,520,450,970,241,13,17,28.55,0.9942,0.5412,0.190325,24,1,43,305.09,0.9360,0.0728,0.003903,4.458
413132,520,387,907,164,107,231,302.80,0.7751,0.5850,0.241778,15,42,13,142.31,0.8859,0.1521,0.017865,4.299
413156,520,457,977,199,7,214,324.42,0.9907,0.5278,0.171508,12,10,10,17.55,0.0591,0.0571,0.003172,4.166
413159,520,411,931,251,16,88,14.66,0.9890,0.5722,0.215881,23,20,66,280.31,0.7253,0.1250,0.010758,4.376
413163,520,241,761,255,127,209,343.03,1.0000,0.7286,0.410449,14,70,94,231.97,0.8049,0.2763,0.052816,4.478
413173,520,413,933,242,37,117,5.30,0.9443,0.5701,0.214880,41,2,68,305.51,0.9448,0.1227,0.009322,4.465
413175,520,478,998,214,49,53,25.19,0.9141,0.5077,0.167523,6,1,1,22.40,0.6057,0.0243,0.000626,4.297
413178,520,378,898,217,70,212,329.33,0.8742,0.5954,0.238875,22,18,98,274.07,0.9294,0.1557,0.014849,4.455
413202,520,455,975,177,82,182,325.56,0.6878,0.5296,0.187602,22,6,13,352.82,0.4889,0.0612,0.003299,4.458
413220,520,393,913,225,30,221,329.26,0.9723,0.5854,0.221589,40,1,84,295.78,0.9848,0.1375,0.011129,4.443
413245,520,450,970,233,20,97,9.71,0.9721,0.5382,0.186901,17,6,32,300.39,0.6772,0.0650,0.003537,4.425
413251,520,451,971,192,4,243,315.73,0.9971,0.5386,0.177657,27,2,24,332.79,0.7791,0.0654,0.003424,4.261
413280,520,461,981,192,72,159,340.05,0.7174,0.5266,0.183460,9,7,9,325.93,0.1163,0.0475,0.002298,4.464
413286,520,422,942,238,37,103,9.51,0.9417,0.5580,0.204827,31,3,64,297.24,0.9260,0.1057,0.007266,4.450
413291,520,471,991,187,5,228,317.72,0.9945,0.5180,0.162761,16,2,7,354.13,0.6460,0.0421,0.001689,4.116
413299,520,445,965,225,18,152,349.16,0.9648,0.5415,0.187098,26,12,2,61.48,0.7162,0.0752,0.004870,4.321
413301,520,435,955,219,24,188,336.64,0.9590,0.5513,0.193465,0,18,48,256.81,0.9999,0.0888,0.006460,4.312
413307,520,425,945,236,52,78,19.32,0.9212,0.5589,0.208420,47,6,26,354.80,0.7439,0.1082,0.008093,4.448
413312,520,438,958,203,92,74,31.06,0.7054,0.5465,0.208472,2,25,22,183.80,0.8580,0.0932,0.007661,4.483
413317,520,460,980,234,13,67,18.91,0.9886,0.5315,0.181887,20,8,15,344.28,0.3754,0.0633,0.003569,4.329
413319,520,340,860,241,59,231,330.56,0.9551,0.6369,0.276009,24,39,100,268.50,0.7906,0.2000,0.025652,4.309
413326,520,445,965,239,6,77,16.27,0.9948,0.5424,0.190201,20,16,6,89.50,0.4183,0.0776,0.005325,4.342
413333,520,408,928,253,28,40,26.67,0.9921,0.5734,0.218701,4,35,29,177.52,0.8495,0.1282,0.013165,4.254
413339,520,450,970,187,46,230,316.45,0.9276,0.5380,0.182332,28,2,35,318.81,0.8314,0.0739,0.004117,4.293
413345,520,444,964,234,21,102,8.21,0.9699,0.5420,0.189911,14,0,58,281.71,1.0000,0.0755,0.003988,4.444
413353,520,333,853,245,107,62,38.17,0.9173,0.6404,0.302787,41,52,7,122.55,0.8662,0.2032,0.029427,4.442
413372,520,218,738,240,143,251,323.33,0.9720,0.7542,0.451370,36,82,5,136.67,0.9871,0.2975,0.064204,4.390
413391,520,364,884,245,87,68,29.96,0.9356,0.6123,0.266494,0,50,19,150.67,1.0000,0.1746,0.023281,4.319
413401,520,299,819,244,91,224,333.29,0.9408,0.6692,0.320997,51,59,6,118.24,0.8984,0.2346,0.038449,4.194
413424,520,353,873,234,53,228,329.62,0.9530,0.6188,0.256426,4,53,6,143.36,0.9888,0.1846,0.025851,4.040
413425,520,459,979,223,37,97,9.43,0.9164,0.5260,0.178769,22,4,27,318.89,0.7008,0.0638,0.003366,4.287
413450,520,437,957,234,34,98,10.42,0.9440,0.5468,0.195214,36,8,19,358.41,0.6116,0.0885,0.005958,4.382
413455,520,391,911,215,81,184,337.91,0.7806,0.5891,0.237946,18,24,85,271.49,0.8665,0.1484,0.014377,4.473
413473,520,405,925,251,13,134,0.15,0.9892,0.5846,0.225219,52,9,47,333.03,0.7401,0.1325,0.011308,4.489
413481,520,480,1000,132,81,237,293.19,0.8726,0.5093,0.169048,0,0,0,0.00,0.0000,0.0000,0.000000,4.381
413489,520,424,944,244,46,28,30.04,0.9732,0.5641,0.212744,25,25,6,108.99,0.6116,0.1062,0.009151,4.442
413494,520,416,936,247,45,38,28.48,0.9699,0.5703,0.217944,5,30,45,238.50,0.7270,0.1213,0.011502,4.357
413524,520,407,927,211,33,228,323.95,0.9645,0.5676,0.205399,40,27,11,70.61,0.5145,0.1310,0.012592,4.080
413529,520,440,960,191,61,215,320.91,0.8641,0.5464,0.193215,3,26,11,153.29,0.9155,0.0935,0.007823,4.206
413535,520,443,963,200,41,213,324.62,0.9237,0.5429,0.186710,18,12,34,293.91,0.5278,0.0785,0.005070,4.298
413560,520,462,982,186,48,219,318.78,0.9035,0.5295,0.176688,7,9,8,165.18,0.0914,0.0500,0.002581,4.311
413561,520,429,949,194,39,233,317.99,0.9496,0.5467,0.188050,35,18,16,27.12,0.3614,0.1040,0.008274,4.085
413563,520,452,972,183,8,254,310.86,0.9955,0.5348,0.173978,11,1,51,280.89,0.9792,0.0668,0.003319,4.201
413567,520,446,966,216,47,155,347.00,0.8593,0.5413,0.190009,40,1,8,13.84,0.9303,0.0808,0.004904,4.371
413572,520,429,949,230,18,153,349.95,0.9697,0.5518,0.195583,37,12,27,345.33,0.5376,0.0997,0.007354,4.282
413582,520,378,898,232,6,229,329.06,0.9969,0.5963,0.229457,67,7,45,347.41,0.7960,0.1583,0.015349,4.276
413583,520,427,947,240,10,141,355.79,0.9880,0.5645,0.206686,2,23,48,253.20,0.8526,0.1025,0.008391,4.396
413584,520,199,719,233,160,244,322.10,0.8919,0.7727,0.489983,14,82,99,219.56,0.8500,0.3160,0.070285,4.489
413589,520,383,903,232,94,39,39.95,0.9181,0.5956,0.253105,13,42,10,141.80,0.9255,0.1506,0.017633,4.482
413591,520,330,850,213,97,235,320.99,0.8805,0.6365,0.286953,26,59,5,136.32,0.9734,0.2145,0.033584,4.031
413592,520,434,954,240,12,76,16.86,0.9901,0.5456,0.193133,8,18,51,267.11,0.7600,0.0964,0.007232,4.248
413595,520,446,966,233,43,53,24.95,0.9517,0.5417,0.193115,27,3,38,313.46,0.8126,0.0764,0.004381,4.471
413637,520,456,976,228,13,115,2.37,0.9777,0.5311,0.180225,11,2,47,282.37,0.9472,0.0645,0.003198,4.328
413663,520,418,938,200,52,230,320.06,0.9240,0.5634,0.204501,52,11,5,32.15,0.8396,0.1190,0.009805,4.256
413673,520,390,910,246,28,157,352.30,0.9677,0.5884,0.228610,56,23,33,2.40,0.4975,0.1537,0.015635,4.245
413685,520,431,951,245,15,10,29.16,0.9939,0.5501,0.197796,10,28,11,145.05,0.7247,0.1038,0.009192,4.186
413691,520,440,960,214,57,154,347.43,0.8200,0.5458,0.195577,29,13,27,331.56,0.4359,0.0896,0.006282,4.363
413692,520,415,935,230,46,166,346.55,0.9036,0.5719,0.215329,25,31,10,122.59,0.5760,0.1240,0.012086,4.274
413709,520,299,819,234,110,203,337.95,0.8285,0.6686,0.329583,45,59,8,124.13,0.8859,0.2290,0.037033,4.361
413710,520,400,920,252,5,113,6.82,0.9962,0.5783,0.219999,60,14,10,28.57,0.7987,0.1401,0.012968,4.288
413711,520,459,979,210,77,18,39.89,0.9526,0.5295,0.190553,11,12,8,118.50,0.1611,0.0600,0.003516,4.495
413728,520,283,803,247,130,108,31.93,0.8805,0.6895,0.368249,34,66,25,139.22,0.8228,0.2452,0.043066,4.494
413739,520,469,989,205,32,167,339.56,0.8998,0.5169,0.168042,3,3,20,277.24,0.7430,0.0366,0.001350,4.246
413742,520,241,761,244,148,159,12.76,0.7591,0.7310,0.429184,13,79,19,144.03,0.9805,0.2795,0.057243,4.468
413746,520,379,899,240,7,209,335.84,0.9957,0.5981,0.232836,52,31,12,60.95,0.5944,0.1586,0.017367,4.198
413758,520,448,968,161,95,194,313.33,0.6418,0.5356,0.196571,21,9,38,299.56,0.6533,0.0792,0.004948,4.487
413772,520,384,904,253,57,15,32.64,0.9915,0.5905,0.238471,7,43,6,142.57,0.9692,0.1509,0.017860,4.251
413778,520,295,815,244,87,249,326.57,0.9770,0.6792,0.328915,32,39,134,271.56,0.8932,0.2409,0.034792,4.469
413782,520,415,935,243,22,142,356.33,0.9730,0.5741,0.215848,31,2,82,288.29,0.9756,0.1249,0.009439,4.473
413783,520,374,894,232,55,207,334.71,0.9260,0.6040,0.243957,27,20,95,277.44,0.8866,0.1591,0.015595,4.481
413796,520,474,994,220,14,120,359.07,0.9687,0.5168,0.168884,12,1,0,37.89,1.0000,0.0314,0.000999,4.292
413801,520,377,897,228,89,138,1.38,0.7577,0.6017,0.254762,5,47,1,141.29,0.9958,0.1633,0.020674,4.312
413805,520,284,804,255,76,253,328.46,1.0000,0.6879,0.335237,50,62,50,144.99,0.2161,0.2514,0.043536,4.119
413815,520,478,998,183,55,195,324.21,0.8298,0.5136,0.167411,4,1,7,310.77,0.6480,0.0247,0.000629,4.294
413825,520,418,938,196,27,254,314.16,0.9953,0.5609,0.196767,2,6,91,265.34,0.9904,0.1198,0.008984,4.184
413831,520,419,939,224,12,193,336.39,0.9854,0.5599,0.199630,32,16,43,309.82,0.5495,0.1085,0.008521,4.266
413838,520,376,896,249,17,179,346.05,0.9873,0.6007,0.237986,26,43,2,129.60,0.9641,0.1610,0.019517,4.143
413841,520,450,970,223,47,124,0.16,0.8711,0.5417,0.191789,7,2,57,273.49,0.9814,0.0724,0.003840,4.491
413848,520,409,929,174,100,210,313.53,0.7003,0.5714,0.227669,27,30,26,137.83,0.1020,0.1273,0.012361,4.453
413862,520,278,798,231,126,211,334.64,0.7988,0.6935,0.366157,12,72,12,142.86,0.9810,0.2542,0.047392,4.273
413875,520,421,941,217,43,192,335.10,0.9115,0.5601,0.202875,38,18,33,336.85,0.4318,0.1150,0.009545,4.247
413893,520,470,990,216,56,39,30.14,0.9235,0.5169,0.175763,0,8,3,158.75,1.0000,0.0391,0.001802,4.358
413900,520,383,903,231,9,233,327.88,0.9956,0.5979,0.230700,7,19,100,266.61,0.9641,0.1517,0.014309,4.365
413911,520,420,940,129,105,248,286.47,0.9105,0.5566,0.215473,39,19,12,39.97,0.4719,0.1112,0.009237,4.482
413918,520,404,924,251,34,67,21.46,0.9798,0.5754,0.220622,8,37,18,151.90,0.8650,0.1332,0.014184,4.216
413919,520,391,911,152,109,247,294.56,0.8818,0.5865,0.243281,5,36,67,251.97,0.8184,0.1541,0.016992,4.378
413923,520,455,975,228,21,89,11.77,0.9682,0.5261,0.177545,14,11,15,317.66,0.1502,0.0628,0.003672,4.240
413929,520,473,993,230,12,17,28.43,0.9935,0.5172,0.171295,4,1,12,298.51,0.7581,0.0273,0.000741,4.361
413930,520,395,915,249,8,155,353.10,0.9932,0.5878,0.226834,20,25,77,273.05,0.7854,0.1435,0.013797,4.339
413933,520,442,962,183,37,246,311.95,0.9618,0.5389,0.180453,23,7,37,305.74,0.6936,0.0774,0.004677,4.215
413947,520,389,909,255,48,7,31.86,1.0000,0.5873,0.233931,49,29,1,72.06,0.9361,0.1476,0.015340,4.345
413948,520,344,864,243,50,218,334.36,0.9582,0.6260,0.264007,1,32,113,263.04,0.9911,0.1893,0.022316,4.342
413955,520,475,995,151,75,228,302.81,0.8416,0.5156,0.172133,5,0,13,305.60,1.0000,0.0258,0.000613,4.389
413958,520,417,937,168,83,250,303.51,0.9509,0.5664,0.214140,34,19,47,307.18,0.5296,0.1196,0.010111,4.394
413964,520,320,840,229,86,236,325.87,0.9193,0.6469,0.293718,81,23,63,342.21,0.6829,0.2133,0.027213,4.452
413970,520,372,892,229,71,193,338.42,0.8651,0.6056,0.250172,45,18,94,292.46,0.8314,0.1738,0.017987,4.415
413997,520,391,911,245,57,110,10.13,0.9217,0.5882,0.234678,8,13,105,267.28,0.9800,0.1504,0.013593,4.477
414013,520,467,987,222,48,8,32.79,0.9894,0.5196,0.176638,7,7,6,106.79,0.0578,0.0446,0.002103,4.350
414019,520,410,930,172,98,212,312.32,0.7144,0.5667,0.222602,19,33,30,179.53,0.3009,0.1306,0.013199,4.313
414034,520,439,959,228,52,98,11.53,0.8839,0.5475,0.198346,8,25,8,143.80,0.7785,0.0928,0.007644,4.308
414042,520,462,982,161,74,234,305.28,0.8695,0.5323,0.184157,8,7,13,293.01,0.2418,0.0480,0.002326,4.475
414044,520,285,805,253,116,150,6.70,0.9469,0.6864,0.355785,27,67,59,178.43,0.5920,0.2540,0.045629,4.243
414045,520,355,875,202,114,175,339.68,0.5770,0.6154,0.276878,13,51,6,140.74,0.9732,0.1808,0.024663,4.378
414056,520,450,970,189,19,250,313.23,0.9871,0.5435,0.181879,14,14,24,283.96,0.2814,0.0732,0.004734,4.236
414058,520,459,979,193,73,167,337.15,0.7273,0.5338,0.188941,0,16,13,181.55,1.0000,0.0627,0.003996,4.425
414060,520,46,566,222,244,220,142.94,0.5597,0.9354,0.853977,24,126,25,142.89,0.9846,0.4417,0.151855,4.478
414072,520,397,917,252,8,102,10.32,0.9943,0.5759,0.218321,36,15,79,291.27,0.8177,0.1430,0.012812,4.272
414074,520,334,854,251,0,242,330.35,1.0000,0.6376,0.269231,34,46,61,254.31,0.2892,0.1953,0.026309,4.183
414081,520,433,953,192,66,216,320.77,0.8536,0.5539,0.200621,25,3,65,289.92,0.9403,0.0994,0.006534,4.433
414090,520,385,905,240,69,125,5.49,0.8708,0.5945,0.242652,59,18,39,351.35,0.6154,0.1530,0.015090,4.496
414108,520,332,852,249,84,155,357.66,0.9212,0.6377,0.288501,48,45,48,325.74,0.0567,0.1999,0.027186,4.386
414111,520,349,869,241,74,199,339.68,0.9078,0.6322,0.277246,7,32,116,264.79,0.9463,0.1949,0.023390,4.459
414119,520,355,875,240,53,215,334.46,0.9485,0.6211,0.259805,56,33,40,0.02,0.3211,0.1772,0.020818,4.375
414121,520,366,886,238,8,227,330.92,0.9963,0.6060,0.238996,16,25,107,268.93,0.9381,0.1745,0.018668,4.209
414132,520,392,912,255,28,113,8.04,1.0000,0.5908,0.232865,7,44,0,139.97,1.0000,0.1535,0.018465,4.132
414136,520,447,967,143,97,229,296.25,0.7883,0.5417,0.200463,26,14,17,3.04,0.2833,0.0834,0.005742,4.493
414138,520,301,821,252,84,207,340.26,0.9768,0.6653,0.315441,74,23,108,307.70,0.8003,0.2345,0.031515,4.483
414163,520,401,921,224,92,69,31.95,0.8137,0.5819,0.239338,23,37,11,132.51,0.7056,0.1408,0.015294,4.431
414166,520,394,914,243,42,148,355.20,0.9344,0.5860,0.228519,0,37,53,231.76,1.0000,0.1449,0.015801,4.233
414191,520,436,956,222,23,174,341.53,0.9567,0.5485,0.192009,25,12,37,306.08,0.5676,0.0883,0.006032,4.319
414199,520,259,779,234,140,178,354.70,0.6820,0.7085,0.394650,35,73,39,146.17,0.7217,0.2716,0.052687,4.330
414211,520,425,945,245,34,5,30.71,0.9962,0.5576,0.205710,41,13,32,341.52,0.5690,0.1102,0.008636,4.361
414214,520,330,850,238,95,161,354.47,0.8145,0.6352,0.289375,61,44,38,40.30,0.2386,0.2101,0.029335,4.278
414232,520,406,926,218,37,219,327.96,0.9552,0.5753,0.213452,3,6,101,265.59,0.9922,0.1346,0.010891,4.327
414235,520,464,984,187,66,179,330.53,0.7654,0.5219,0.177173,0,10,10,194.77,1.0000,0.0465,0.002390,4.336
414240,520,426,946,212,79,138,355.99,0.7256,0.5606,0.214261,18,25,26,207.05,0.1564,0.1052,0.008984,4.480
414245,520,322,842,241,90,196,341.34,0.8880,0.6488,0.300013,19,55,43,168.47,0.6663,0.2052,0.030451,4.351
414257,520,416,936,168,88,247,303.57,0.9203,0.5711,0.220202,46,9,50,323.69,0.7428,0.1240,0.010066,4.498
414260,520,470,990,176,1,252,309.36,0.9993,0.5207,0.162810,6,4,4,18.05,0.1290,0.0351,0.001343,4.145
414265,520,432,952,197,53,217,322.45,0.8964,0.5499,0.194278,2,30,1,141.94,0.9912,0.1037,0.009436,4.110
414276,520,253,773,252,125,213,340.44,0.9686,0.7228,0.401694,14,77,2,141.02,0.9966,0.2714,0.054053,4.341
414283,520,434,954,226,61,106,9.52,0.8445,0.5543,0.205496,9,25,32,228.37,0.4712,0.1018,0.008576,4.362
414286,520,476,996,221,16,90,10.17,0.9719,0.5099,0.164836,5,0,11,309.75,1.0000,0.0246,0.000564,4.249
414303,520,130,650,248,199,178,44.39,0.7363,0.8455,0.640192,40,104,33,141.71,0.9394,0.3749,0.104612,4.464
414309,520,338,858,253,91,111,16.73,0.9725,0.6401,0.295159,14,53,59,209.43,0.6914,0.2035,0.029552,4.339
414314,520,345,865,215,90,235,321.91,0.8929,0.6301,0.277593,38,48,23,126.79,0.4999,0.1904,0.025878,4.317
414346,520,467,987,230,3,32,26.15,0.9981,0.5161,0.169955,1,8,10,210.68,0.6865,0.0427,0.002020,4.228
414350,520,423,943,240,49,68,22.15,0.9413,0.5627,0.211425,18,24,40,267.84,0.3712,0.1096,0.009350,4.405
414375,520,405,925,201,88,185,333.29,0.7190,0.5767,0.229013,18,26,61,270.65,0.6367,0.1297,0.012043,4.497
414378,520,400,920,255,5,83,16.15,1.0000,0.5772,0.219969,34,15,75,291.02,0.8032,0.1366,0.011897,4.362
414379,520,366,886,238,92,83,26.72,0.8745,0.6090,0.264589,59,31,29,24.66,0.4077,0.1736,0.019986,4.495
414389,520,446,966,232,43,83,16.15,0.9289,0.5449,0.195111,11,19,5,131.95,0.6092,0.0768,0.005478,4.418
414392,520,398,918,254,31,40,26.90,0.9960,0.5769,0.222078,12,2,108,269.02,0.9968,0.1447,0.012042,4.385
414395,520,479,999,219,43,22,30.71,0.9687,0.5098,0.168484,0,0,4,264.05,1.0000,0.0106,0.000088,4.362
414398,520,432,952,196,59,206,325.01,0.8560,0.5462,0.193215,25,0,73,286.89,1.0000,0.1045,0.006877,4.276
414415,520,359,879,211,117,139,5.82,0.5634,0.6199,0.284373,17,50,19,144.66,0.8877,0.1810,0.024473,4.490
414416,520,434,954,203,85,119,4.80,0.6627,0.5469,0.205273,51,1,5,22.56,0.9741,0.1031,0.007366,4.450
414424,520,406,926,204,46,255,315.66,1.0000,0.5845,0.220129,21,35,1,128.80,0.9729,0.1313,0.013637,4.245
414444,520,470,990,206,72,28,37.14,0.9199,0.5156,0.178426,12,0,19,314.81,1.0000,0.0375,0.001252,4.457
414467,520,458,978,194,1,231,319.00,0.9990,0.5312,0.172621,17,9,16,330.83,0.2969,0.0622,0.003520,4.160
414475,520,448,968,226,50,77,18.52,0.9054,0.5370,0.189886,15,18,3,117.98,0.6771,0.0769,0.005407,4.329
414477,520,370,890,251,62,133,3.46,0.9577,0.6109,0.256514,6,48,0,140.66,1.0000,0.1670,0.021525,4.285
414499,520,379,899,221,42,247,321.97,0.9712,0.6030,0.237455,59,28,3,55.68,0.8438,0.1621,0.017670,4.248
414500,520,448,968,182,55,237,312.92,0.9171,0.5435,0.187929,7,13,47,270.02,0.8040,0.0817,0.005382,4.296
414504,520,454,974,170,77,210,314.17,0.7804,0.5304,0.185078,9,17,17,196.06,0.2405,0.0735,0.004994,4.275
414520,520,448,968,233,6,124,0.02,0.9908,0.5430,0.189121,16,14,25,292.17,0.3003,0.0755,0.004944,4.352
414527,520,465,985,157,82,207,309.36,0.7432,0.5176,0.177083,13,4,15,321.10,0.5174,0.0466,0.002069,4.361
414542,520,351,871,227,82,224,328.64,0.8928,0.6319,0.277495,18,31,113,268.36,0.9221,0.1936,0.023007,4.486
414552,520,263,783,248,109,239,330.11,0.9678,0.7065,0.371283,67,62,10,103.66,0.8446,0.2616,0.046605,4.361
414562,520,454,974,224,55,16,33.29,0.9780,0.5303,0.186199,12,3,47,283.17,0.9185,0.0672,0.003485,4.416
414563,520,441,961,220,16,163,344.39,0.9674,0.5365,0.182331,22,19,15,75.06,0.1379,0.0893,0.006708,4.097
414617,520,317,837,237,73,253,324.06,0.9917,0.6565,0.298638,24,44,110,266.76,0.8166,0.2214,0.031212,4.293
414623,520,357,877,204,89,244,316.24,0.9231,0.6188,0.265151,33,46,24,133.38,0.4793,0.1799,0.023432,4.292
414658,520,344,864,190,114,225,314.22,0.7484,0.6255,0.284189,17,48,61,228.51,0.5970,0.1903,0.025699,4.415
414661,520,305,825,250,81,220,335.83,0.9709,0.6656,0.313791,82,36,44,10.75,0.5143,0.2278,0.032377,4.416
414675,520,250,770,246,137,186,352.66,0.8267,0.7229,0.410318,27,75,38,148.54,0.8633,0.2738,0.054049,4.424
414680,520,475,995,226,15,71,17.07,0.9823,0.5158,0.169682,12,0,12,328.36,1.0000,0.0337,0.001047,4.304
414683,520,410,930,197,68,219,321.46,0.8618,0.5660,0.211205,12,6,93,270.40,0.9845,0.1278,0.009987,4.354
414717,520,407,927,196,92,173,336.57,0.6609,0.5688,0.224087,35,30,1,100.05,0.9399,0.1306,0.012881,4.359
414728,520,437,957,175,79,225,311.91,0.8278,0.5511,0.201430,41,5,10,16.10,0.7771,0.0899,0.006020,4.488
414729,520,465,985,228,15,52,22.50,0.9872,0.5169,0.170865,4,10,12,216.08,0.3225,0.0509,0.002694,4.191
414738,520,409,929,237,8,171,345.73,0.9910,0.5716,0.211214,56,13,19,15.93,0.7035,0.1327,0.011758,4.230
414748,520,445,965,195,32,226,320.09,0.9562,0.5389,0.181276,13,12,41,280.28,0.6567,0.0791,0.005086,4.198
414757,520,390,910,252,38,123,4.94,0.9751,0.5925,0.235153,14,33,66,260.62,0.6749,0.1490,0.015744,4.337
414763,520,234,754,207,156,251,308.07,0.9069,0.7386,0.440080,56,76,15,126.27,0.8749,0.2927,0.060440,4.438
414769,520,471,991,146,75,238,298.95,0.8857,0.5178,0.173164,9,3,21,298.94,0.6860,0.0434,0.001773,4.310
414771,520,388,908,237,22,197,338.40,0.9797,0.5891,0.226124,59,15,44,343.74,0.6707,0.1511,0.014534,4.279
414772,520,431,951,224,13,176,341.30,0.9797,0.5503,0.192723,13,18,54,272.57,0.7219,0.1021,0.007845,4.196
414778,520,399,919,212,32,249,319.39,0.9790,0.5846,0.218714,42,22,53,312.40,0.5391,0.1402,0.013231,4.250
414786,520,330,850,254,87,108,17.01,0.9869,0.6361,0.289734,0,38,119,262.07,1.0000,0.2086,0.027179,4.402
414797,520,305,825,240,85,244,326.81,0.9577,0.6677,0.315563,24,58,71,225.79,0.5552,0.2299,0.036751,4.214
414798,520,442,962,153,86,235,300.76,0.8462,0.5400,0.194264,2,22,3,144.43,0.9687,0.0787,0.005933,4.367
414800,520,473,993,215,21,155,345.88,0.9458,0.5244,0.173523,8,0,14,314.33,1.0000,0.0301,0.000833,4.397
414805,520,366,886,238,70,162,351.22,0.8620,0.6055,0.251690,37,44,2,118.88,0.9412,0.1740,0.021991,4.191
414810,520,392,912,254,29,111,8.58,0.9923,0.5886,0.231010,18,39,39,195.59,0.4196,0.1519,0.017261,4.178
414811,520,425,945,242,14,114,5.17,0.9847,0.5599,0.204095,14,22,51,269.33,0.6142,0.1093,0.009062,4.302
414813,520,436,956,246,3,48,23.88,0.9984,0.5522,0.198749,29,11,37,314.35,0.5970,0.0918,0.006341,4.415
414843,520,423,943,222,14,205,332.66,0.9852,0.5641,0.202538,37,15,41,321.28,0.5637,0.1124,0.008951,4.284
414861,520,352,872,221,79,231,325.08,0.9008,0.6234,0.267356,74,20,59,340.55,0.6884,0.1939,0.022721,4.364
414884,520,423,943,214,13,224,325.85,0.9891,0.5626,0.199678,4,26,42,242.76,0.7335,0.1075,0.009317,4.209
414888,520,432,952,221,19,190,336.53,0.9719,0.5544,0.195580,16,14,61,277.36,0.8190,0.1031,0.007611,4.263
414904,520,414,934,187,69,248,311.25,0.9530,0.5735,0.215994,11,19,70,269.61,0.8773,0.1184,0.009790,4.449
414914,520,451,971,195,66,180,332.81,0.7803,0.5357,0.187954,14,8,40,286.25,0.7231,0.0719,0.004202,4.390
414915,520,335,855,233,61,247,324.67,0.9698,0.6357,0.273788,85,10,44,359.52,0.8152,0.1984,0.023306,4.417
414941,520,284,804,253,131,49,50.00,0.9783,0.6925,0.373401,0,68,67,193.10,1.0000,0.2521,0.045393,4.439
414961,520,368,888,251,12,199,340.89,0.9938,0.6137,0.248990,81,0,8,24.19,1.0000,0.1713,0.017672,4.418
414962,520,280,800,255,111,181,352.42,1.0000,0.6930,0.359681,12,71,1,140.93,0.9980,0.2498,0.045866,4.273
414976,520,416,936,213,38,228,324.41,0.9577,0.5736,0.211357,6,12,86,267.43,0.9709,0.1228,0.009735,4.375
414977,520,474,994,231,2,11,28.55,0.9989,0.5168,0.170596,5,2,11,302.17,0.5902,0.0311,0.000998,4.326
414979,520,436,956,174,74,239,308.68,0.8957,0.5539,0.201290,13,15,41,276.66,0.5965,0.0851,0.005873,4.498
414980,520,464,984,207,13,171,338.60,0.9674,0.5151,0.164956,24,0,4,10.50,1.0000,0.0480,0.002030,4.131
414989,520,377,897,249,37,162,351.64,0.9572,0.6006,0.240749,22,37,66,262.45,0.5364,0.1645,0.018870,4.222
414993,520,345,865,184,112,250,305.80,0.9242,0.6306,0.286814,17,54,18,143.86,0.9207,0.1944,0.028011,4.318
414997,520,326,846,253,63,210,339.01,0.9873,0.6485,0.290940,77,21,81,325.05,0.7371,0.2148,0.027084,4.423
415002,520,466,986,185,27,226,317.33,0.9621,0.5200,0.165904,6,9,4,131.34,0.3443,0.0478,0.002429,4.118
415012,520,272,792,217,158,62,76.06,0.7834,0.6963,0.395548,29,71,42,151.56,0.7454,0.2625,0.049347,4.485
415014,520,228,748,244,138,235,330.25,0.9358,0.7429,0.434103,4,82,10,143.39,0.9954,0.2872,0.060821,4.368
415028,520,387,907,149,112,254,291.80,0.9792,0.5941,0.251336,12,40,43,204.88,0.5969,0.1537,0.017701,4.451
415033,520,413,933,235,47,133,359.17,0.9023,0.5682,0.213916,52,7,22,5.18,0.7590,0.1178,0.009401,4.443
415038,520,410,930,218,64,181,339.20,0.8372,0.5732,0.219106,58,0,45,339.74,1.0000,0.1322,0.010891,4.419
415046,520,14,534,243,252,245,152.61,0.5923,0.9795,0.952678,32,134,21,141.81,0.9859,0.4696,0.174107,4.474
415059,520,73,593,245,224,205,64.55,0.5470,0.9053,0.771323,21,119,47,147.21,0.9779,0.4204,0.135577,4.426
415076,520,448,968,241,2,13,28.48,0.9991,0.5386,0.187767,16,8,50,284.20,0.8105,0.0825,0.005141,4.312
415111,520,445,965,240,11,20,28.18,0.9950,0.5387,0.188185,9,13,45,272.72,0.7413,0.0814,0.005354,4.303
415113,520,478,998,190,12,205,324.22,0.9785,0.5065,0.156194,1,2,5,262.03,0.4486,0.0231,0.000608,4.074
415118,520,406,926,224,24,217,330.04,0.9778,0.5786,0.215127,11,35,22,157.52,0.6739,0.1292,0.013311,4.188
415133,520,393,913,225,33,221,329.25,0.9682,0.5868,0.223181,35,23,67,292.14,0.6432,0.1440,0.013754,4.285
415136,520,266,786,224,142,198,339.52,0.6469,0.7067,0.392721,3,73,44,158.48,0.9854,0.2613,0.049661,4.442
415143,520,385,905,210,48,252,317.87,0.9856,0.5929,0.228455,27,20,90,278.44,0.8646,0.1534,0.014715,4.303
415150,520,434,954,242,7,71,18.29,0.9948,0.5479,0.194875,42,9,17,8.75,0.6528,0.0999,0.007282,4.275
415181,520,434,954,222,58,120,2.77,0.8332,0.5480,0.199143,30,1,62,298.04,0.9709,0.0994,0.006455,4.413
415183,520,476,996,165,80,178,322.17,0.6687,0.5063,0.169519,1,2,7,266.83,0.5685,0.0241,0.000652,4.334
415187,520,470,990,221,51,52,26.03,0.9221,0.5236,0.179904,1,7,10,220.32,0.6598,0.0401,0.001803,4.438
415196,520,352,872,186,105,250,307.40,0.9348,0.6218,0.274451,20,52,13,140.24,0.9237,0.1883,0.026337,4.250
415236,520,306,826,245,93,221,334.47,0.9417,0.6716,0.324643,23,62,38,154.07,0.7485,0.2286,0.037672,4.273
415256,520,331,851,249,28,237,331.02,0.9894,0.6371,0.270877,77,2,81,325.83,0.9390,0.1977,0.022155,4.447
415269,520,463,983,211,53,138,352.57,0.8183,0.5294,0.182323,23,2,2,25.17,0.8318,0.0504,0.002300,4.442
415278,520,468,988,204,59,127,356.08,0.7780,0.5179,0.174997,5,6,4,128.02,0.1652,0.0394,0.001713,4.351
415289,520,353,873,239,5,241,327.90,0.9983,0.6167,0.248128,59,9,88,308.39,0.8718,0.1779,0.018298,4.365
415334,520,457,977,209,40,171,339.47,0.8822,0.5315,0.180153,27,0,28,326.98,1.0000,0.0638,0.003169,4.329
415335,520,400,920,247,57,75,21.71,0.9530,0.5844,0.232119,15,37,29,167.89,0.5219,0.1399,0.015134,4.331
415342,520,429,949,236,46,15,31.54,0.9854,0.5470,0.198245,33,2,55,306.12,0.9202,0.0980,0.006426,4.399
415357,520,397,917,202,65,235,318.99,0.9088,0.5819,0.223368,46,24,33,354.24,0.3716,0.1393,0.013440,4.309
415361,520,337,857,248,32,244,329.18,0.9883,0.6414,0.275241,47,43,69,290.43,0.3439,0.2044,0.027618,4.190
415375,520,448,968,210,23,203,330.14,0.9639,0.5440,0.186283,30,6,29,329.28,0.6639,0.0801,0.004950,4.300
415381,520,407,927,231,31,184,340.79,0.9541,0.5743,0.214323,60,7,24,7.09,0.7965,0.1349,0.011787,4.278
415401,520,371,891,240,3,222,332.58,0.9985,0.6055,0.238672,66,21,46,348.86,0.6196,0.1737,0.018920,4.188
415409,520,478,998,222,34,7,30.93,0.9917,0.5092,0.166918,1,2,5,262.03,0.4486,0.0231,0.000608,4.286
415417,520,459,979,235,14,50,23.31,0.9903,0.5313,0.182097,26,5,10,5.87,0.5987,0.0640,0.003501,4.338
415420,520,415,935,252,23,40,26.33,0.9890,0.5693,0.214652,15,30,20,154.19,0.4456,0.1153,0.010806,4.352
415423,520,420,940,217,57,164,344.54,0.8360,0.5560,0.203606,37,12,42,320.69,0.6344,0.1081,0.008235,4.355
415428,520,422,942,197,13,254,314.64,0.9956,0.5579,0.193153,14,27,19,156.52,0.3932,0.1053,0.009242,4.104
415439,520,437,957,245,1,47,23.96,0.9995,0.5495,0.196430,11,18,41,268.80,0.5695,0.0904,0.006638,4.351
415448,520,347,867,222,78,237,323.83,0.9206,0.6277,0.270948,77,9,67,335.22,0.8073,0.1931,0.021786,4.471
415483,520,442,962,205,43,190,332.46,0.8896,0.5376,0.184265,18,18,11,107.70,0.2284,0.0816,0.005854,4.194
415511,520,451,971,241,4,64,19.97,0.9972,0.5439,0.191612,2,15,22,229.65,0.6986,0.0653,0.004125,4.464
415512,520,415,935,233,56,125,2.61,0.8724,0.5688,0.216356,15,14,76,273.57,0.9147,0.1185,0.009374,4.486
415520,520,298,818,238,126,92,37.66,0.8034,0.6655,0.338742,56,57,16,110.57,0.7159,0.2349,0.038044,4.415
415522,520,435,955,227,52,107,7.98,0.8742,0.5481,0.198512,22,5,55,291.10,0.8709,0.0885,0.005549,4.474
415532,520,414,934,248,30,78,18.00,0.9743,0.5691,0.214386,58,0,11,16.98,1.0000,0.1184,0.009239,4.463
415533,520,411,931,225,38,192,337.09,0.9365,0.5714,0.212020,37,7,63,303.34,0.8374,0.1182,0.009042,4.438
415553,520,467,987,220,12,135,353.69,0.9727,0.5222,0.172305,4,5,14,275.50,0.4276,0.0397,0.001661,4.303
415561,520,347,867,230,92,185,342.46,0.8037,0.6283,0.279824,43,46,4,113.68,0.8871,0.1865,0.024764,4.412
415564,520,465,985,218,7,133,353.85,0.9827,0.5162,0.167534,20,0,15,337.46,1.0000,0.0459,0.001832,4.197
415565,520,397,917,222,16,234,325.46,0.9904,0.5844,0.218429,14,38,12,142.19,0.8617,0.1382,0.015061,4.126
415568,520,391,911,203,55,253,315.52,0.9889,0.5880,0.225222,63,12,19,17.36,0.7706,0.1455,0.013669,4.323
415598,520,443,963,241,20,33,27.00,0.9890,0.5443,0.193143,38,4,6,21.06,0.8202,0.0816,0.005121,4.411
415614,520,429,949,218,50,166,343.79,0.8630,0.5528,0.199421,34,18,23,359.58,0.3251,0.1049,0.008346,4.275
415636,520,480,1000,212,23,140,350.38,0.9308,0.5121,0.165056,0,0,0,0.00,0.0000,0.0000,0.000000,4.301
415645,520,390,910,240,31,176,345.23,0.9609,0.5870,0.226428,39,34,1,100.95,0.9506,0.1466,0.015776,4.203
415655,520,324,844,247,46,244,328.89,0.9789,0.6465,0.282626,47,52,11,116.00,0.7743,0.2097,0.030845,4.114
415656,520,219,739,246,144,212,340.78,0.8884,0.7455,0.442950,34,79,75,187.62,0.5617,0.3020,0.064398,4.309
415661,520,420,940,236,30,144,354.56,0.9489,0.5643,0.207780,48,9,7,27.35,0.7980,0.1088,0.008392,4.415
415662,520,398,918,222,62,193,336.35,0.8710,0.5847,0.228274,26,35,4,123.88,0.8508,0.1360,0.014304,4.327
415668,520,465,985,226,11,75,15.65,0.9866,0.5155,0.169190,5,4,34,276.49,0.8644,0.0514,0.002346,4.187
415675,520,384,904,249,60,29,31.86,0.9745,0.5858,0.234637,31,28,68,283.31,0.5893,0.1511,0.015391,4.353
415696,520,448,968,235,8,105,6.88,0.9896,0.5413,0.188589,35,4,8,15.54,0.7657,0.0766,0.004617,4.368
415706,520,474,994,216,42,111,3.37,0.8744,0.5197,0.174050,2,3,16,272.65,0.6973,0.0331,0.001154,4.380
415728,520,431,951,227,51,115,4.79,0.8727,0.5497,0.199391,43,2,35,337.24,0.8323,0.0993,0.006784,4.392
415731,520,438,958,202,48,210,325.88,0.9027,0.5492,0.193253,39,2,35,332.90,0.8270,0.0920,0.005962,4.347
415761,520,455,975,221,61,39,31.13,0.9259,0.5321,0.188588,9,8,27,282.99,0.5580,0.0582,0.003109,4.492
415791,520,450,970,204,55,179,335.73,0.8317,0.5391,0.188263,6,12,39,269.14,0.7308,0.0724,0.004481,4.373
415802,520,188,708,230,184,158,50.96,0.4998,0.7871,0.535739,13,91,74,173.40,0.9279,0.3331,0.080618,4.484
415805,520,451,971,227,55,25,32.13,0.9645,0.5368,0.191363,5,9,40,270.43,0.8256,0.0667,0.003808,4.486
415807,520,425,945,207,31,226,323.40,0.9640,0.5584,0.197382,41,0,59,312.31,1.0000,0.1114,0.007872,4.275
415826,520,358,878,234,73,191,340.43,0.8708,0.6152,0.260217,38,44,11,118.64,0.7110,0.1761,0.022376,4.286
415834,520,434,954,230,17,142,353.56,0.9705,0.5466,0.191797,41,6,35,335.46,0.7297,0.1016,0.007231,4.225
415839,520,358,878,253,56,161,353.71,0.9799,0.6200,0.262876,47,40,37,44.61,0.1096,0.1810,0.022555,4.312
415844,520,275,795,244,129,158,5.15,0.7906,0.6963,0.374048,55,64,12,118.96,0.8331,0.2544,0.045055,4.461
415852,520,431,951,237,25,100,9.55,0.9659,0.5492,0.196231,50,0,24,356.96,1.0000,0.1048,0.007442,4.287
415856,520,341,861,245,88,142,2.67,0.8747,0.6310,0.283480,5,42,101,259.89,0.9359,0.2003,0.026276,4.372
415857,520,414,934,187,91,201,322.40,0.7207,0.5693,0.222652,17,28,38,246.65,0.3312,0.1184,0.010896,4.477
415870,520,432,952,192,16,255,313.05,1.0000,0.5516,0.187983,21,23,10,115.80,0.4013,0.0974,0.007941,4.107
415883,520,291,811,244,91,239,329.10,0.9549,0.6777,0.329498,18,56,94,251.47,0.7243,0.2362,0.037649,4.330
415884,520,412,932,215,18,233,323.93,0.9871,0.5722,0.207649,8,20,68,267.12,0.8827,0.1167,0.009692,4.316
415898,520,336,856,243,61,221,333.63,0.9465,0.6359,0.276154,72,21,77,324.05,0.7214,0.2032,0.024500,4.378
415899,520,319,839,230,90,233,326.89,0.9075,0.6514,0.300207,69,43,48,6.91,0.3016,0.2227,0.032065,4.267
415905,520,375,895,209,77,228,322.42,0.8794,0.6006,0.244662,29,29,81,278.05,0.7017,0.1629,0.017340,4.376
415921,520,417,937,152,101,244,296.47,0.8697,0.5702,0.225145,13,29,42,244.62,0.4709,0.1208,0.011314,4.487
415925,520,348,868,232,49,248,324.38,0.9748,0.6260,0.261321,51,39,44,351.51,0.1697,0.1862,0.023367,4.243
415939,520,396,916,220,5,232,325.48,0.9969,0.5772,0.211525,28,24,71,282.00,0.6857,0.1422,0.013550,4.115
415948,520,456,976,189,66,191,327.17,0.7918,0.5325,0.184782,7,11,11,196.40,0.1469,0.0554,0.003087,4.423
415969,520,480,1000,225,31,2,30.93,0.9977,0.5136,0.169948,0,0,0,0.00,0.0000,0.0000,0.000000,4.399
415977,520,411,931,239,29,151,352.82,0.9565,0.5726,0.214669,25,29,26,153.24,0.0999,0.1225,0.011600,4.297
415983,520,423,943,242,36,96,12.31,0.9528,0.5637,0.209868,21,5,76,280.63,0.9532,0.1110,0.007897,4.488
415986,520,461,981,234,8,49,23.25,0.9945,0.5276,0.178910,15,6,14,330.51,0.3884,0.0529,0.002635,4.349
415997,520,352,872,246,58,179,346.51,0.9315,0.6165,0.258767,76,6,65,335.99,0.8343,0.1874,0.020486,4.381
416016,520,46,566,194,249,248,194.86,0.8311,0.9352,0.859964,1,127,20,143.67,0.9995,0.4414,0.152350,4.497
416030,520,426,946,246,12,89,13.65,0.9906,0.5610,0.205805,44,12,33,343.19,0.6149,0.1142,0.009083,4.330
416059,520,387,907,223,69,194,336.44,0.8563,0.5939,0.238415,43,19,74,299.48,0.7342,0.1530,0.014738,4.455
416106,520,391,911,216,48,233,323.83,0.9487,0.5885,0.225980,22,38,31,165.25,0.3451,0.1483,0.016557,4.147
416111,520,474,994,216,56,63,23.56,0.8863,0.5200,0.177887,3,2,19,280.70,0.7939,0.0332,0.001098,4.460
416126,520,410,930,174,92,231,308.82,0.8202,0.5728,0.224232,25,19,75,280.56,0.7970,0.1337,0.011804,4.437
416130,520,454,974,209,78,64,29.10,0.8035,0.5337,0.193765,4,17,14,178.30,0.5525,0.0688,0.004584,4.466
416135,520,443,963,184,65,210,319.86,0.8327,0.5362,0.186253,6,13,42,268.35,0.7586,0.0768,0.004937,4.300
416140,520,426,946,238,53,20,32.05,0.9793,0.5570,0.207771,34,23,16,53.69,0.2973,0.1140,0.009903,4.303
416145,520,458,978,226,20,123,359.41,0.9597,0.5320,0.181019,2,14,1,140.71,0.9651,0.0554,0.003292,4.335
416153,520,450,970,198,30,216,323.44,0.9521,0.5353,0.178938,13,12,28,285.01,0.4341,0.0702,0.004323,4.214
416158,520,454,974,179,40,246,310.67,0.9577,0.5348,0.177561,0,11,47,261.53,1.0000,0.0729,0.004445,4.180
416159,520,382,902,188,104,211,318.67,0.7090,0.5975,0.252962,27,40,27,144.66,0.3537,0.1570,0.018297,4.436
416165,520,376,896,228,99,42,41.78,0.8954,0.5966,0.255874,50,33,14,67.56,0.5446,0.1608,0.017976,4.500
416168,520,412,932,213,59,206,329.99,0.8827,0.5743,0.217323,54,2,39,342.88,0.8597,0.1230,0.009743,4.475
416172,520,372,892,228,29,246,324.09,0.9852,0.6075,0.240288,47,1,100,294.44,0.9897,0.1659,0.015462,4.434
416186,520,450,970,135,89,253,290.71,0.9770,0.5392,0.193874,24,13,1,73.91,0.8313,0.0743,0.004843,4.447
416194,520,428,948,200,6,252,315.92,0.9968,0.5596,0.194394,24,5,66,287.65,0.9140,0.1023,0.006961,4.291
416206,520,335,855,244,54,231,331.29,0.9633,0.6383,0.276438,39,53,8,125.47,0.8672,0.2046,0.029950,4.083
416214,520,455,975,179,88,151,340.41,0.5884,0.5255,0.187987,16,8,19,316.63,0.3880,0.0604,0.003308,4.464
416231,520,445,965,176,48,248,309.01,0.9627,0.5379,0.181222,32,7,19,352.66,0.5993,0.0802,0.005061,4.199
416237,520,203,723,250,151,231,334.28,0.9609,0.7714,0.482289,46,85,4,133.55,0.9866,0.3132,0.070864,4.404
416239,520,433,953,192,83,177,333.14,0.7006,0.5512,0.205688,23,18,40,292.52,0.4616,0.0999,0.007680,4.433
416243,520,421,941,221,25,197,334.59,0.9640,0.5608,0.201010,32,9,58,300.23,0.7925,0.1093,0.008080,4.322
416281,520,464,984,207,46,144,348.72,0.8354,0.5185,0.172351,4,3,37,274.07,0.9300,0.0509,0.002245,4.256
416293,520,365,885,240,47,206,336.85,0.9505,0.6118,0.250174,20,8,121,271.02,0.9875,0.1738,0.017027,4.478
416294,520,358,878,226,104,139,4.14,0.7043,0.6209,0.279358,1,49,36,169.32,0.9846,0.1761,0.023303,4.493
416298,520,399,919,235,80,35,35.96,0.9421,0.5812,0.235238,43,30,1,84.59,0.9415,0.1412,0.014444,4.426
416310,520,478,998,133,73,251,292.34,0.9688,0.5115,0.167166,2,0,9,294.50,1.0000,0.0190,0.000326,4.315
416314,520,379,899,244,79,40,34.29,0.9464,0.5972,0.249815,39,26,79,289.97,0.6822,0.1649,0.017346,4.452
416316,520,355,875,203,88,247,315.27,0.9408,0.6181,0.263927,1,51,30,159.35,0.9901,0.1810,0.024677,4.204
416317,520,378,898,194,80,254,311.40,0.9914,0.6006,0.243635,28,37,49,255.75,0.2621,0.1582,0.017917,4.323
416322,520,474,994,195,32,195,328.22,0.9197,0.5162,0.165769,1,4,10,251.74,0.6008,0.0319,0.001152,4.218
416327,520,471,991,216,15,147,348.69,0.9626,0.5204,0.170496,14,2,18,318.85,0.7168,0.0444,0.001805,4.256
416341,520,462,982,230,11,105,6.15,0.9835,0.5316,0.180852,9,8,17,289.12,0.3164,0.0528,0.002722,4.379
416346,520,391,911,205,96,165,343.70,0.6547,0.5851,0.240632,19,40,16,141.28,0.7264,0.1484,0.016934,4.342
416347,520,424,944,239,7,132,358.49,0.9911,0.5584,0.201718,18,1,79,277.82,0.9930,0.1067,0.007148,4.405
416359,520,340,860,251,38,236,331.69,0.9847,0.6441,0.279546,69,35,7,55.59,0.7835,0.1950,0.024828,4.404
416369,520,397,917,252,23,103,10.53,0.9809,0.5801,0.222912,63,13,5,32.52,0.8854,0.1441,0.013557,4.294
416394,520,405,925,253,29,58,23.31,0.9907,0.5758,0.220706,32,21,53,297.22,0.5524,0.1254,0.011005,4.437
416448,520,360,880,246,60,174,348.21,0.9275,0.6159,0.258837,36,35,79,281.17,0.5774,0.1809,0.021416,4.324
416449,520,329,849,249,40,251,327.79,0.9885,0.6513,0.286252,13,52,79,243.34,0.7367,0.2121,0.031059,4.148
416466,520,441,961,182,97,135,353.02,0.5196,0.5388,0.202450,34,12,7,34.71,0.5756,0.0884,0.006184,4.493
416469,520,407,927,246,13,134,359.26,0.9871,0.5745,0.216053,11,32,42,231.22,0.5412,0.1284,0.012713,4.242
416470,520,294,814,198,129,253,308.14,0.9619,0.6787,0.347989,14,68,15,143.23,0.9719,0.2411,0.042619,4.297
416482,520,422,942,237,55,75,20.78,0.9198,0.5629,0.212480,5,21,56,262.45,0.8397,0.1058,0.008541,4.484
416483,520,436,956,247,6,19,28.17,0.9976,0.5527,0.199550,18,16,43,283.61,0.5668,0.0929,0.006736,4.398
416500,520,461,981,188,45,222,318.72,0.9179,0.5326,0.178434,8,8,15,284.18,0.2594,0.0511,0.002598,4.343
416520,520,380,900,238,86,103,17.36,0.8500,0.6049,0.258149,22,40,49,231.04,0.3737,0.1623,0.019098,4.460
416530,520,466,986,173,54,229,311.97,0.8998,0.5226,0.171806,17,3,8,354.74,0.5741,0.0462,0.002018,4.264
416536,520,392,912,250,51,100,13.42,0.9619,0.5906,0.236153,18,40,2,134.51,0.9740,0.1455,0.016505,4.303
416571,520,465,985,128,92,232,290.64,0.8226,0.5190,0.180696,15,4,23,310.07,0.6499,0.0529,0.002503,4.394
416577,520,459,979,238,7,4,29.22,0.9969,0.5329,0.183412,17,7,26,306.87,0.5583,0.0631,0.003457,4.366
416599,520,378,898,212,68,228,323.56,0.9017,0.5956,0.237345,9,37,71,255.38,0.7666,0.1616,0.018360,4.203
416602,520,458,978,172,33,254,307.17,0.9949,0.5273,0.170149,1,3,46,266.12,0.9792,0.0571,0.002688,4.178
416622,520,438,958,211,52,188,334.78,0.8687,0.5539,0.199378,9,8,65,272.22,0.9447,0.0930,0.006134,4.443
416631,520,446,966,199,84,110,8.68,0.6543,0.5357,0.196104,25,9,25,327.14,0.5047,0.0761,0.004723,4.497
416640,520,432,952,225,2,173,342.36,0.9967,0.5483,0.190707,11,22,34,251.51,0.4194,0.0958,0.007604,4.179
416643,520,459,979,188,61,197,325.08,0.8197,0.5293,0.180615,14,1,46,287.89,0.9635,0.0642,0.003123,4.341
416650,520,468,988,214,58,63,23.89,0.8764,0.5182,0.176836,3,6,0,126.59,1.0000,0.0358,0.001496,4.405
416651,520,144,664,253,186,202,3.12,0.8847,0.8310,0.602666,5,102,25,144.90,0.9956,0.3578,0.096048,4.469
416652,520,434,954,127,105,238,286.83,0.8294,0.5467,0.207880,31,16,27,337.13,0.3672,0.0982,0.007410,4.492
416665,520,469,989,225,41,39,27.59,0.9551,0.5221,0.177428,19,1,1,26.26,0.8988,0.0415,0.001624,4.405
416674,520,332,852,226,85,236,325.05,0.9164,0.6411,0.287239,26,52,34,152.65,0.5507,0.1963,0.027910,4.329
416753,520,425,945,186,80,211,319.52,0.7901,0.5584,0.208807,52,3,11,17.07,0.8982,0.1094,0.008195,4.447
416754,520,441,961,206,61,164,341.75,0.7969,0.5404,0.191416,37,5,29,339.12,0.7221,0.0898,0.005906,4.318
416781,520,362,882,217,115,79,39.89,0.7031,0.6106,0.275798,2,50,18,149.42,0.9891,0.1751,0.023377,4.440
416782,520,455,975,138,81,252,292.97,0.9710,0.5293,0.183164,13,13,7,107.78,0.2465,0.0638,0.003888,4.327
416784,520,370,890,244,1,224,332.99,0.9996,0.6136,0.246396,68,20,28,13.51,0.6587,0.1690,0.018133,4.350
416786,520,442,962,141,98,226,295.77,0.7707,0.5389,0.198891,15,17,27,275.38,0.2696,0.0825,0.005816,4.459
416790,520,283,803,231,118,229,327.98,0.8627,0.6896,0.356049,19,65,69,203.30,0.6923,0.2485,0.043485,4.343
416793,520,407,927,225,26,203,333.94,0.9686,0.5721,0.210606,58,9,13,21.10,0.8156,0.1302,0.011241,4.255
416796,520,453,973,234,23,6,29.88,0.9946,0.5291,0.181215,32,1,29,332.23,0.8565,0.0745,0.004175,4.268
416797,520,429,949,227,6,160,346.85,0.9897,0.5463,0.190019,37,17,4,53.96,0.6880,0.1023,0.008030,4.136
416803,520,370,890,239,36,216,333.89,0.9711,0.6097,0.245731,39,43,8,115.55,0.7675,0.1737,0.021766,4.121
416816,520,465,985,213,39,138,352.05,0.8733,0.5220,0.174345,3,11,16,230.79,0.4868,0.0538,0.002961,4.236
416819,520,237,757,159,180,215,260.61,0.3855,0.7277,0.449191,16,82,3,141.05,0.9955,0.2893,0.061511,4.477
416831,520,14,534,241,251,250,189.83,0.5271,0.9771,0.945969,23,133,57,148.20,0.9778,0.4683,0.172519,4.476
416855,520,371,891,243,56,177,346.39,0.9168,0.6086,0.250604,24,16,111,273.65,0.9568,0.1709,0.017124,4.478
416866,520,414,934,251,9,59,22.01,0.9955,0.5655,0.210241,0,24,62,257.73,1.0000,0.1157,0.010010,4.337
416869,520,429,949,153,89,239,299.58,0.8611,0.5478,0.201493,11,26,6,137.97,0.8015,0.0972,0.008231,4.319
416874,520,319,839,232,86,239,325.92,0.9330,0.6534,0.300456,72,42,17,58.12,0.6393,0.2171,0.030743,4.340
416877,520,335,855,240,35,253,325.33,0.9934,0.6352,0.268218,60,36,57,331.26,0.3808,0.1976,0.025179,4.233
416897,520,406,926,242,21,164,349.11,0.9762,0.5812,0.220971,53,7,46,334.98,0.7677,0.1313,0.011062,4.438
416901,520,402,922,226,6,222,329.32,0.9959,0.5809,0.215753,34,20,59,297.00,0.6259,0.1304,0.011562,4.317
416916,520,375,895,249,43,146,357.09,0.9504,0.5975,0.239462,3,34,81,258.81,0.9335,0.1601,0.017574,4.284
416938,520,408,928,192,90,200,324.65,0.7309,0.5745,0.226902,50,18,21,16.22,0.5484,0.1299,0.011650,4.492
416942,520,422,942,229,71,45,31.97,0.9166,0.5596,0.213568,16,25,33,245.84,0.2852,0.1068,0.009152,4.456
416952,520,320,840,252,15,254,327.90,0.9973,0.6499,0.281959,24,39,108,268.71,0.8384,0.2079,0.027278,4.296
416966,520,470,990,213,8,164,342.29,0.9807,0.5215,0.170024,3,6,10,247.61,0.3194,0.0396,0.001715,4.255
416980,520,451,971,193,62,196,326.97,0.8210,0.5378,0.187697,16,8,32,296.01,0.6130,0.0678,0.003881,4.412
416999,520,399,919,194,78,228,317.68,0.8575,0.5793,0.225208,24,16,90,277.19,0.9085,0.1447,0.013029,4.366
417004,520,335,855,251,42,229,333.38,0.9829,0.6418,0.278254,33,52,11,130.90,0.8531,0.1967,0.028034,4.207
417025,520,401,921,196,85,215,321.56,0.8017,0.5826,0.231404,36,25,49,304.20,0.4290,0.1360,0.012921,4.472
417027,520,395,915,242,5,193,340.52,0.9962,0.5922,0.228391,66,4,10,22.39,0.9369,0.1411,0.012672,4.442
417038,520,438,958,242,2,72,17.86,0.9985,0.5470,0.193920,32,14,21,355.80,0.3989,0.0931,0.006753,4.298
417044,520,476,996,189,75,127,354.69,0.6635,0.5112,0.173849,3,2,3,326.14,0.1845,0.0248,0.000694,4.416
417052,520,366,886,225,72,219,329.56,0.8982,0.6148,0.257589,3,32,95,262.24,0.9626,0.1695,0.018785,4.472
417077,520,475,995,226,15,69,17.68,0.9828,0.5154,0.169430,7,3,3,19.26,0.2828,0.0329,0.001169,4.288
417081,520,445,965,197,65,189,330.41,0.8034,0.5432,0.193267,6,1,66,270.63,0.9948,0.0811,0.004537,4.461
417092,520,334,854,255,70,163,354.47,1.0000,0.6365,0.282881,48,49,19,110.62,0.5768,0.2029,0.028720,4.229
417104,520,464,984,167,52,244,306.83,0.9423,0.5248,0.172038,10,8,4,89.26,0.2801,0.0490,0.002470,4.232
417115,520,466,986,220,34,106,5.31,0.9139,0.5207,0.174029,11,3,27,296.62,0.7598,0.0491,0.002154,4.296
417122,520,272,792,213,157,134,43.30,0.4450,0.7017,0.399827,23,73,27,144.69,0.9322,0.2632,0.050262,4.487
417123,520,479,999,221,37,67,19.61,0.9379,0.5150,0.171033,1,0,6,289.16,1.0000,0.0150,0.000196,4.403
417131,520,368,888,238,68,180,344.82,0.8801,0.6116,0.256095,60,27,47,344.44,0.4876,0.1741,0.019499,4.404
417134,520,475,995,224,8,106,4.69,0.9852,0.5187,0.170644,8,1,17,306.50,0.8059,0.0347,0.001138,4.315
417180,520,435,955,243,22,13,29.32,0.9904,0.5482,0.196610,28,16,2,72.66,0.7622,0.0865,0.006219,4.387
417185,520,376,896,254,59,72,23.19,0.9936,0.5995,0.246703,16,41,45,209.09,0.5055,0.1597,0.018854,4.309
417193,520,404,924,218,54,210,330.25,0.9097,0.5810,0.221990,14,28,58,263.55,0.6329,0.1296,0.012293,4.366
417225,520,309,829,245,68,239,329.50,0.9623,0.6559,0.297814,53,43,79,295.34,0.4382,0.2176,0.030492,4.321
417226,520,448,968,226,55,41,29.41,0.9330,0.5361,0.190641,39,3,0,33.85,1.0000,0.0803,0.004965,4.378
417290,520,409,929,174,100,214,312.35,0.7183,0.5740,0.229688,5,38,3,141.83,0.9806,0.1324,0.014250,4.353
417295,520,332,852,212,103,229,322.08,0.8417,0.6400,0.293562,32,53,28,140.50,0.5638,0.2021,0.029371,4.329
417307,520,475,995,202,52,147,346.62,0.8050,0.5158,0.171211,4,0,23,286.41,1.0000,0.0314,0.000877,4.348
417314,520,457,977,234,11,74,16.81,0.9895,0.5323,0.182293,11,11,0,109.77,1.0000,0.0554,0.003105,4.374
417320,520,440,960,244,16,5,29.50,0.9964,0.5481,0.196181,24,13,31,311.20,0.4582,0.0853,0.005810,4.411
417323,520,358,878,248,88,71,29.33,0.9523,0.6195,0.273941,24,44,64,249.66,0.4640,0.1840,0.023656,4.398
417340,520,464,984,192,84,89,19.61,0.6481,0.5178,0.182701,4,7,17,265.94,0.4427,0.0461,0.002182,4.459
417343,520,343,863,228,89,208,333.75,0.8473,0.6328,0.281950,35,34,98,278.01,0.7381,0.1949,0.023831,4.496
417354,520,415,935,237,29,143,355.06,0.9526,0.5654,0.208695,34,23,32,332.80,0.2547,0.1197,0.010572,4.271
417374,520,245,765,238,148,186,353.34,0.7092,0.7318,0.429042,3,80,1,142.30,0.9987,0.2793,0.057586,4.453
417395,520,474,994,224,30,88,12.19,0.9435,0.5216,0.174832,2,3,2,145.00,0.2071,0.0264,0.000824,4.424
417419,520,423,943,228,55,139,356.22,0.8596,0.5635,0.210931,6,21,64,264.82,0.8735,0.1138,0.009452,4.389
417422,520,382,902,232,20,224,330.23,0.9873,0.5961,0.230405,19,43,10,138.20,0.8926,0.1572,0.018881,4.071
417426,520,232,752,239,162,105,56.50,0.7482,0.7394,0.452134,31,81,29,142.76,0.9177,0.2941,0.062647,4.458
417427,520,476,996,196,78,31,39.93,0.8783,0.5060,0.172854,1,1,6,278.68,0.6638,0.0197,0.000413,4.421
417445,520,458,978,174,86,179,325.34,0.6552,0.5295,0.189099,10,9,23,285.57,0.4305,0.0588,0.003218,4.493
417448,520,450,970,223,31,139,353.56,0.9231,0.5372,0.185347,34,2,9,9.56,0.8273,0.0713,0.004033,4.356
417457,520,260,780,252,115,221,336.99,0.9771,0.7116,0.381801,52,64,77,250.64,0.2063,0.2703,0.049326,4.347
417461,520,400,920,223,9,227,327.38,0.9941,0.5797,0.214317,46,12,66,309.70,0.7766,0.1403,0.012372,4.238
417466,520,418,938,247,14,45,24.87,0.9931,0.5564,0.202813,18,2,88,275.39,0.9908,0.1200,0.008765,4.302
417500,520,435,955,214,1,213,328.61,0.9989,0.5523,0.191241,10,1,73,272.76,0.9948,0.0929,0.005672,4.333
417517,520,468,988,204,55,146,347.75,0.7984,0.5219,0.176471,8,3,21,295.92,0.6891,0.0424,0.001709,4.380
417523,520,468,988,218,46,65,21.24,0.9131,0.5152,0.172437,12,4,2,43.60,0.4872,0.0406,0.001694,4.303
417531,520,381,901,197,71,255,312.65,1.0000,0.5955,0.235980,14,18,103,269.34,0.9594,0.1572,0.015051,4.396
417534,520,422,942,246,32,48,25.35,0.9781,0.5614,0.208428,37,0,63,305.31,1.0000,0.1090,0.007522,4.493
417542,520,321,841,238,65,248,325.63,0.9745,0.6477,0.287375,7,43,111,261.62,0.9366,0.2134,0.029204,4.260
417550,520,405,925,238,36,159,350.26,0.9416,0.5776,0.219451,38,27,6,81.57,0.6733,0.1274,0.012091,4.340
417558,520,424,944,218,60,152,349.41,0.8194,0.5551,0.204065,30,3,67,294.37,0.9360,0.1076,0.007464,4.421
417577,520,378,898,235,79,127,5.52,0.8228,0.5973,0.247893,1,45,20,153.11,0.9913,0.1578,0.019336,4.296
417580,520,480,1000,183,57,194,324.46,0.8210,0.5149,0.168899,0,0,0,0.00,0.0000,0.0000,0.000000,4.378
417588,520,401,921,217,95,91,24.33,0.7217,0.5786,0.236937,23,35,42,234.36,0.2672,0.1448,0.015514,4.380
417589,520,326,846,250,70,210,338.47,0.9683,0.6494,0.293605,37,53,54,200.97,0.2210,0.2148,0.032058,4.187
417601,520,350,870,248,25,233,331.74,0.9901,0.6317,0.265379,45,45,33,107.62,0.2126,0.1912,0.025445,4.180
417602,520,477,997,204,45,144,347.89,0.8323,0.5120,0.167298,5,0,2,349.81,1.0000,0.0195,0.000367,4.314
417665,520,406,926,209,33,253,317.72,0.9911,0.5833,0.217366,56,6,40,344.15,0.7806,0.1324,0.011243,4.366
417670,520,315,835,237,75,253,324.02,0.9916,0.6584,0.301309,81,17,89,323.00,0.7906,0.2235,0.028717,4.463
417676,520,455,975,159,77,233,304.47,0.8584,0.5329,0.185624,23,5,1,42.83,0.7994,0.0568,0.002929,4.452
417681,520,443,963,195,3,238,317.66,0.9976,0.5391,0.178417,5,15,44,265.08,0.7824,0.0820,0.005557,4.111
417692,520,391,911,229,22,228,328.55,0.9858,0.5941,0.228357,3,7,110,265.36,0.9926,0.1488,0.012970,4.420
417710,520,387,907,220,73,187,338.02,0.8251,0.5894,0.235708,33,28,70,285.18,0.6006,0.1547,0.015960,4.332
417716,520,414,934,124,111,250,283.19,0.9303,0.5651,0.225556,13,31,30,190.95,0.4267,0.1206,0.011592,4.474
417741,520,459,979,213,72,25,37.00,0.9401,0.5286,0.188534,14,11,3,93.79,0.5040,0.0591,0.003393,4.468
417744,520,426,946,199,65,212,324.09,0.8562,0.5612,0.206777,36,19,25,357.20,0.3353,0.1106,0.009110,4.344
417760,520,466,986,193,85,71,29.50,0.6942,0.5172,0.182911,7,6,28,281.06,0.6679,0.0530,0.002593,4.429
417769,520,410,930,254,2,20,28.03,0.9993,0.5670,0.211686,40,26,32,351.70,0.2488,0.1347,0.012942,4.158
417782,520,417,937,255,1,56,22.64,1.0000,0.5720,0.215711,57,3,20,8.28,0.8758,0.1224,0.009856,4.439
417790,520,282,802,247,98,233,331.55,0.9609,0.6874,0.343953,43,55,101,270.71,0.5289,0.2534,0.041854,4.289
417815,520,467,987,220,36,101,7.37,0.9104,0.5204,0.174196,2,9,4,154.70,0.6559,0.0440,0.002170,4.297
417816,520,349,869,246,69,195,341.96,0.9353,0.6339,0.277922,26,53,6,135.02,0.9528,0.1944,0.027789,4.216
417818,520,416,936,244,48,61,24.06,0.9523,0.5689,0.216873,20,22,53,277.44,0.5773,0.1154,0.009796,4.463
417819,520,433,953,191,22,247,314.37,0.9834,0.5451,0.183669,22,5,63,286.83,0.9091,0.0969,0.006380,4.145
417820,520,352,872,215,76,241,320.90,0.9303,0.6174,0.259686,72,10,81,322.11,0.8267,0.1947,0.021891,4.308
417865,520,331,851,235,118,42,48.95,0.9061,0.6403,0.307889,4,55,48,180.92,0.9327,0.2018,0.029715,4.490
417867,520,390,910,239,72,104,13.93,0.8741,0.5900,0.239880,42,32,10,84.85,0.6028,0.1464,0.015472,4.428
417880,520,340,860,224,93,226,327.06,0.8712,0.6419,0.291690,24,54,3,135.63,0.9802,0.1962,0.028390,4.359
417906,520,461,981,208,43,169,339.93,0.8676,0.5307,0.180043,4,7,18,267.01,0.4707,0.0466,0.002214,4.406
417928,520,418,938,250,14,43,25.33,0.9937,0.5626,0.208162,18,5,83,276.14,0.9720,0.1172,0.008616,4.404
417936,520,455,975,181,18,251,310.78,0.9875,0.5316,0.172224,28,3,0,37.44,1.0000,0.0602,0.003120,4.183
417940,520,411,931,247,28,111,7.52,0.9689,0.5740,0.217558,20,21,60,277.48,0.6743,0.1190,0.010113,4.451
417974,520,468,988,218,5,132,354.16,0.9874,0.5153,0.166825,7,5,13,297.14,0.3646,0.0423,0.001828,4.184
418006,520,478,998,100,97,241,278.48,0.8985,0.5100,0.176090,3,0,4,321.50,1.0000,0.0174,0.000281,4.497
418015,520,452,972,208,40,172,338.88,0.8814,0.5302,0.179081,28,10,3,46.79,0.6569,0.0746,0.004706,4.188
418050,520,409,929,246,47,60,24.25,0.9583,0.5721,0.219556,48,15,38,340.87,0.5980,0.1282,0.011101,4.412
418051,520,365,885,254,38,168,350.82,0.9915,0.6132,0.252877,70,15,30,8.55,0.7318,0.1667,0.017377,4.495
418063,520,436,956,232,32,126,0.08,0.9371,0.5504,0.196981,7,22,27,221.50,0.4775,0.0897,0.006981,4.334
418068,520,443,963,201,67,175,336.48,0.7800,0.5441,0.195287,15,17,18,229.05,0.0580,0.0785,0.005461,4.423
418082,520,479,999,78,98,251,271.48,0.9791,0.5057,0.173193,1,0,5,292.48,1.0000,0.0142,0.000174,4.448
418091,520,362,882,237,18,230,329.96,0.9912,0.6083,0.241530,0,42,83,252.59,0.9999,0.1821,0.022803,4.004
418106,520,453,973,221,61,13,34.95,0.9798,0.5304,0.187414,30,7,4,32.29,0.6817,0.0724,0.004368,4.367
418107,520,403,923,206,69,221,323.63,0.8766,0.5825,0.226002,39,26,12,67.19,0.4702,0.1273,0.011967,4.454
418118,520,348,868,223,119,71,44.29,0.7579,0.6261,0.293388,7,52,43,175.95,0.8763,0.1908,0.026755,4.474
418120,520,370,890,221,48,248,321.63,0.9716,0.6074,0.242654,25,44,21,140.16,0.6043,0.1665,0.020621,4.144
418126,520,432,952,213,64,160,345.36,0.7993,0.5539,0.203532,19,14,52,283.68,0.7082,0.0971,0.007004,4.448
418147,520,448,968,153,82,241,300.09,0.8876,0.5389,0.191581,9,17,36,265.28,0.5358,0.0833,0.005863,4.324
418149,520,452,972,162,83,214,309.43,0.7669,0.5309,0.187236,6,15,22,241.29,0.4003,0.0684,0.004383,4.362
418174,520,424,944,201,15,246,317.39,0.9907,0.5581,0.194145,26,24,30,300.59,0.1355,0.1118,0.009666,4.092
418197,520,454,974,178,36,245,310.72,0.9612,0.5299,0.173203,4,19,12,163.43,0.6580,0.0737,0.005181,4.045
418225,520,403,923,227,10,219,330.29,0.9930,0.5814,0.216649,31,3,86,286.49,0.9696,0.1310,0.010283,4.423
418236,520,397,917,254,8,108,8.74,0.9945,0.5816,0.223309,1,31,67,254.85,0.9548,0.1387,0.013916,4.276
418241,520,333,853,230,62,253,322.51,0.9914,0.6358,0.273623,25,45,79,260.39,0.5723,0.1977,0.026479,4.232
418250,520,474,994,180,49,213,318.42,0.8849,0.5162,0.167052,9,2,9,327.35,0.5690,0.0347,0.001212,4.238
418251,520,478,998,172,44,225,313.08,0.9174,0.5091,0.160092,0,2,9,255.69,0.9999,0.0237,0.000631,4.149
418256,520,417,937,233,40,166,347.02,0.9259,0.5736,0.215972,1,35,0,141.96,1.0000,0.1198,0.012085,4.284
418267,520,475,995,212,8,172,339.54,0.9820,0.5240,0.171515,1,3,20,266.78,0.8729,0.0344,0.001221,4.325
418273,520,345,865,253,22,209,338.76,0.9893,0.6254,0.260632,53,21,97,297.15,0.8021,0.1912,0.021563,4.341
418279,520,452,972,179,12,250,310.50,0.9919,0.5259,0.167498,25,1,41,308.44,0.9264,0.0724,0.003885,4.036
418305,520,463,983,190,15,231,317.77,0.9849,0.5278,0.170597,17,4,2,36.61,0.6175,0.0466,0.002104,4.234
418350,520,472,992,219,12,123,357.73,0.9723,0.5153,0.167557,5,3,13,294.04,0.5317,0.0349,0.001264,4.244
418368,520,480,1000,185,59,170,333.04,0.7739,0.5051,0.163459,0,0,0,0.00,0.0000,0.0000,0.000000,4.269
418398,520,356,876,236,14,247,325.85,0.9953,0.6173,0.248649,51,37,27,56.84,0.2933,0.1752,0.021061,4.203
418400,520,361,881,222,69,246,321.87,0.9588,0.6245,0.264416,27,33,94,273.17,0.7744,0.1825,0.021288,4.411
418401,520,343,863,252,30,208,338.86,0.9837,0.6258,0.261813,19,22,124,269.50,0.9637,0.1929,0.021673,4.350
418403,520,374,894,229,55,208,333.68,0.9223,0.5994,0.239469,39,34,43,310.03,0.1660,0.1581,0.017498,4.289
418415,520,363,883,188,98,248,309.29,0.9258,0.6122,0.262049,3,39,76,253.03,0.8979,0.1689,0.019921,4.463
418424,520,386,906,199,63,251,314.50,0.9759,0.5874,0.226635,63,5,49,340.26,0.8143,0.1503,0.013872,4.331
418428,520,431,951,198,1,245,316.94,0.9993,0.5494,0.186215,30,12,51,301.41,0.7028,0.1050,0.007780,4.088
418438,520,421,941,195,87,172,336.39,0.6793,0.5591,0.213986,6,32,9,145.80,0.9270,0.1139,0.010914,4.334
418439,520,414,934,223,0,215,330.33,1.0000,0.5697,0.205966,10,26,55,261.21,0.6812,0.1200,0.010791,4.211
418443,520,209,729,252,140,236,332.60,0.9815,0.7576,0.455101,31,86,11,139.25,0.9797,0.3089,0.069708,4.219
418449,520,480,1000,187,64,171,333.40,0.7593,0.5148,0.171733,0,0,0,0.00,0.0000,0.0000,0.000000,4.435
418453,520,364,884,220,88,187,338.60,0.7780,0.6078,0.257851,18,46,25,149.93,0.7157,0.1695,0.021527,4.304
418462,520,363,883,228,30,245,324.30,0.9841,0.6072,0.240174,24,34,75,270.21,0.6321,0.1652,0.018462,4.238
418478,520,441,961,188,22,249,313.11,0.9838,0.5421,0.181059,6,26,0,137.14,1.0000,0.0930,0.007775,3.999
418479,520,458,978,154,65,253,299.90,0.9848,0.5285,0.177428,27,0,12,353.65,1.0000,0.0558,0.002596,4.324
418484,520,408,928,250,27,86,15.68,0.9776,0.5735,0.217834,10,16,87,268.90,0.9512,0.1319,0.011232,4.374
418485,520,331,851,248,85,161,355.29,0.9124,0.6394,0.290298,19,50,73,243.54,0.6149,0.2046,0.029006,4.307
418491,520,329,849,249,61,232,332.22,0.9744,0.6525,0.293063,42,49,60,259.38,0.1826,0.2103,0.030151,4.280
418494,520,470,990,226,30,19,29.43,0.9790,0.5158,0.171472,7,5,12,299.22,0.3332,0.0419,0.001803,4.275
418495,520,391,911,216,91,145,355.80,0.6947,0.5869,0.241276,63,19,1,42.24,0.9524,0.1523,0.015249,4.464
418497,520,372,892,253,76,55,30.35,0.9883,0.6122,0.263309,32,43,10,125.55,0.7506,0.1671,0.020567,4.440
418504,520,477,997,162,44,248,304.85,0.9644,0.5146,0.162607,3,1,8,299.53,0.6793,0.0239,0.000586,4.203
418508,520,416,936,202,89,155,346.66,0.6619,0.5652,0.220696,39,17,50,313.09,0.6035,0.1247,0.010626,4.465
418516,520,447,967,131,95,252,288.52,0.9634,0.5441,0.200378,25,13,28,319.43,0.4188,0.0849,0.005784,4.488
418540,520,477,997,184,17,216,319.63,0.9737,0.5062,0.155504,0,0,13,264.05,1.0000,0.0181,0.000291,4.086
418565,520,378,898,234,10,226,330.23,0.9948,0.5986,0.232031,61,4,70,321.55,0.8794,0.1605,0.015213,4.325
418586,520,306,826,230,136,48,58.83,0.8685,0.6668,0.346470,36,62,28,138.70,0.6831,0.2340,0.039041,4.453
418588,520,468,988,225,0,99,7.09,1.0000,0.5169,0.169112,0,2,33,264.03,1.0045,0.0409,0.001532,4.252
418591,520,384,904,251,49,78,20.03,0.9754,0.5865,0.232595,25,32,59,271.27,0.4700,0.1485,0.015554,4.311
418598,520,395,915,254,39,75,20.02,0.9941,0.5856,0.230336,59,11,31,359.24,0.7217,0.1400,0.012682,4.472
418611,520,468,988,168,79,194,317.97,0.7230,0.5194,0.178127,2,8,11,221.61,0.4961,0.0440,0.002107,4.378
418615,520,436,956,205,66,183,334.87,0.8042,0.5542,0.202963,12,25,5,135.15,0.7922,0.0947,0.007844,4.373
418617,520,441,961,243,1,24,27.45,0.9995,0.5433,0.191458,4,23,15,164.49,0.7409,0.0861,0.006731,4.256
418625,520,466,986,222,41,34,28.52,0.9553,0.5154,0.172337,6,4,26,283.01,0.7305,0.0462,0.002001,4.276
418626,520,361,881,253,49,176,348.58,0.9830,0.6214,0.262173,7,49,29,157.82,0.9183,0.1760,0.023304,4.259
418635,520,459,979,204,81,31,40.07,0.8924,0.5251,0.188232,22,0,38,307.69,1.0000,0.0639,0.003105,4.486
418641,520,385,905,186,116,148,351.24,0.4382,0.5855,0.250691,46,33,12,77.54,0.5741,0.1548,0.016952,4.491
418649,520,358,878,253,75,89,20.93,0.9823,0.6162,0.266396,47,33,66,302.21,0.4698,0.1787,0.020854,4.465
418651,520,366,886,212,74,246,318.91,0.9509,0.6142,0.255501,13,44,57,229.03,0.6439,0.1740,0.021822,4.254
418661,520,410,930,225,13,211,331.82,0.9887,0.5732,0.210010,17,8,88,273.97,0.9666,0.1266,0.009974,4.335
418663,520,26,546,252,246,231,88.72,0.6824,0.9694,0.923768,11,133,29,144.01,0.9946,0.4631,0.169342,4.439
418690,520,352,872,236,84,164,351.36,0.8274,0.6187,0.268566,47,12,116,287.53,0.9344,0.1947,0.021282,4.469
418699,520,199,719,220,187,77,92.36,0.7677,0.7679,0.512933,20,87,81,186.17,0.8250,0.3246,0.075589,4.482
418716,520,386,906,249,62,49,28.95,0.9723,0.5893,0.238103,0,44,21,154.95,1.0000,0.1541,0.018554,4.203
418751,520,468,988,193,49,193,328.06,0.8577,0.5234,0.173859,5,1,29,282.89,0.9375,0.0401,0.001427,4.353
418754,520,417,937,232,47,154,351.12,0.8989,0.5709,0.215247,31,8,73,290.89,0.8805,0.1219,0.009460,4.461
418755,520,378,898,250,0,185,344.42,1.0000,0.6023,0.238301,37,14,91,287.75,0.8758,0.1559,0.014627,4.461
418760,520,467,987,212,67,30,34.79,0.9294,0.5207,0.181075,17,2,5,5.13,0.6650,0.0427,0.001736,4.466
418777,520,472,992,228,27,19,29.16,0.9809,0.5185,0.173279,5,3,11,297.43,0.4736,0.0340,0.001216,4.360
418840,520,440,960,245,3,6,28.97,0.9988,0.5473,0.194943,2,4,73,265.97,0.9893,0.0924,0.005807,4.389
418869,520,449,969,241,16,0,29.83,1.0000,0.5415,0.190748,9,10,32,277.85,0.5974,0.0655,0.003794,4.475
418886,520,411,931,219,5,231,325.46,0.9967,0.5748,0.209403,20,23,60,275.77,0.6455,0.1234,0.010877,4.261
418888,520,454,974,193,91,81,27.48,0.6419,0.5293,0.194154,18,14,1,96.50,0.8362,0.0694,0.004449,4.484
418901,520,327,847,202,111,241,314.71,0.8710,0.6459,0.302774,2,57,49,179.75,0.9698,0.2083,0.031608,4.323
418904,520,416,936,214,14,232,323.94,0.9901,0.5687,0.204384,16,30,29,190.15,0.3161,0.1192,0.011274,4.152
418905,520,410,930,254,5,46,24.65,0.9979,0.5695,0.213805,32,27,33,320.62,0.1431,0.1274,0.012008,4.254
418928,520,395,915,245,45,144,357.12,0.9312,0.5903,0.233061,43,13,74,301.30,0.8034,0.1444,0.012959,4.496
418953,520,466,986,227,23,89,11.76,0.9631,0.5248,0.176678,6,6,31,277.36,0.7366,0.0543,0.002679,4.303
418985,520,14,534,241,251,253,211.04,0.6539,0.9781,0.947866,42,134,14,140.22,0.9903,0.4721,0.175735,4.421
419006,520,366,886,236,78,162,351.50,0.8374,0.6107,0.258930,33,42,45,220.02,0.1471,0.1749,0.021687,4.309
419019,520,379,899,247,6,186,343.55,0.9958,0.5981,0.234528,25,5,113,274.79,0.9871,0.1632,0.015074,4.372
419042,520,391,911,216,20,249,320.56,0.9899,0.5866,0.219407,6,27,82,263.92,0.9155,0.1455,0.014317,4.189
419051,520,377,897,187,100,231,312.84,0.8137,0.6023,0.254496,0,45,16,150.37,1.0000,0.1565,0.019141,4.404
419079,520,429,949,193,38,236,317.03,0.9541,0.5469,0.187812,4,12,70,266.82,0.9557,0.1019,0.007309,4.150
419083,520,402,922,224,11,218,329.81,0.9916,0.5756,0.211510,25,31,20,131.26,0.2861,0.1263,0.012371,4.193
419103,520,415,935,195,67,234,317.05,0.8965,0.5725,0.215582,39,22,17,37.12,0.3601,0.1190,0.010457,4.393
419106,520,251,771,250,145,96,45.01,0.9060,0.7193,0.414221,9,78,6,142.29,0.9911,0.2740,0.055198,4.413
419128,520,438,958,221,63,102,10.75,0.8250,0.5457,0.198890,19,21,17,128.96,0.1191,0.0920,0.007152,4.355
419131,520,475,995,186,66,185,328.14,0.7754,0.5239,0.178397,8,2,2,21.00,0.4727,0.0306,0.000994,4.479
419132,520,431,951,242,15,81,15.72,0.9873,0.5516,0.198164,11,3,79,272.10,0.9873,0.1044,0.007007,4.353
419148,520,443,963,216,23,178,338.84,0.9524,0.5395,0.184284,22,14,24,319.46,0.3027,0.0813,0.005506,4.221
419171,520,477,997,197,72,99,10.56,0.7105,0.5113,0.174078,2,1,9,287.91,0.7237,0.0230,0.000543,4.433
419173,520,389,909,233,33,203,335.90,0.9635,0.5897,0.227258,48,30,0,76.87,1.0000,0.1483,0.015570,4.228
419178,520,469,989,191,62,168,335.78,0.7692,0.5176,0.173503,0,3,32,263.54,1.0011,0.0425,0.001694,4.324
419180,520,448,968,175,84,192,321.11,0.7038,0.5357,0.192614,13,11,40,281.68,0.6636,0.0764,0.004781,4.429
419185,520,315,835,224,129,144,10.38,0.6116,0.6626,0.335634,16,60,51,176.78,0.7518,0.2233,0.035807,4.494
419187,520,442,962,158,92,211,307.42,0.7220,0.5379,0.196270,40,3,0,33.64,1.0000,0.0822,0.005163,4.464
419191,520,478,998,216,45,60,22.52,0.9182,0.5094,0.168045,5,0,2,349.81,1.0000,0.0195,0.000367,4.329
419201,520,469,989,224,30,56,22.30,0.9632,0.5152,0.170642,3,5,17,270.21,0.5587,0.0402,0.001684,4.269
419217,520,385,905,218,27,251,320.55,0.9858,0.5938,0.226563,36,24,71,290.96,0.6579,0.1505,0.014833,4.266
419224,520,441,961,240,17,54,22.82,0.9886,0.5434,0.191959,38,9,1,41.78,0.8942,0.0888,0.006097,4.313
419228,520,401,921,255,25,89,15.20,1.0000,0.5837,0.226803,27,36,14,127.41,0.5562,0.1416,0.015265,4.241
419241,520,419,939,213,8,218,327.09,0.9923,0.5555,0.193838,16,19,60,274.56,0.7404,0.1117,0.009021,4.131
419250,520,422,942,212,11,219,326.57,0.9895,0.5551,0.193529,40,15,33,338.98,0.5209,0.1125,0.009026,4.126
419251,520,469,989,204,46,162,341.32,0.8417,0.5218,0.174020,3,5,19,270.85,0.6132,0.0413,0.001749,4.329
419253,520,377,897,254,34,153,355.34,0.9912,0.6050,0.245184,44,35,35,18.05,0.1303,0.1634,0.018589,4.304
419259,520,398,918,251,0,130,1.17,1.0000,0.5807,0.221245,38,16,75,294.79,0.7827,0.1429,0.012907,4.312
419265,520,406,926,191,69,247,312.70,0.9487,0.5785,0.220491,35,17,64,296.90,0.7105,0.1305,0.011284,4.414
419271,520,477,997,172,93,109,7.94,0.4854,0.5067,0.177046,8,0,2,359.68,1.0000,0.0239,0.000560,4.491
419278,520,446,966,238,32,9,30.37,0.9924,0.5419,0.192332,7,2,62,272.29,0.9860,0.0784,0.004364,4.458
419280,520,391,911,250,53,80,19.89,0.9683,0.5879,0.234529,57,17,42,345.02,0.6255,0.1492,0.014380,4.419
419283,520,392,912,249,20,154,353.62,0.9813,0.5902,0.229766,1,17,101,264.39,0.9768,0.1473,0.013468,4.408
419292,520,392,912,171,99,249,302.93,0.9233,0.5930,0.244216,43,27,56,308.34,0.4750,0.1538,0.015830,4.469
419294,520,445,965,199,8,229,320.77,0.9925,0.5395,0.179745,15,16,16,197.00,0.0247,0.0754,0.005095,4.170
419299,520,471,991,173,29,246,309.24,0.9716,0.5194,0.164177,9,6,8,337.40,0.1569,0.0448,0.002059,4.114
419301,520,439,959,167,82,236,306.18,0.8636,0.5527,0.203068,27,14,34,312.88,0.4814,0.0926,0.006626,4.469
419305,520,450,970,161,89,215,308.05,0.7508,0.5396,0.196287,10,16,23,252.67,0.2757,0.0742,0.004970,4.480
419306,520,407,927,207,85,166,342.80,0.7115,0.5724,0.225174,49,17,35,347.62,0.5557,0.1317,0.011753,4.456
419314,520,364,884,231,16,246,324.89,0.9938,0.6085,0.240157,77,2,36,1.16,0.9290,0.1708,0.017488,4.299
419316,520,343,863,246,9,236,330.61,0.9971,0.6263,0.258473,74,25,10,37.24,0.7968,0.1852,0.021733,4.300
419339,520,447,967,224,2,164,344.87,0.9963,0.5416,0.185737,16,16,23,284.83,0.1923,0.0791,0.005426,4.253
419349,520,432,952,221,60,121,2.44,0.8231,0.5485,0.199869,8,13,63,270.18,0.9102,0.0981,0.006983,4.385
419365,520,399,919,176,90,238,308.13,0.8620,0.5775,0.227162,12,19,91,269.08,0.9416,0.1427,0.012992,4.400
419379,520,391,911,237,71,129,3.72,0.8485,0.5924,0.240989,27,25,78,278.92,0.7366,0.1500,0.014783,4.492
419385,520,221,741,240,149,220,335.32,0.8525,0.7500,0.451894,2,83,69,176.09,0.9866,0.3030,0.066288,4.316
419400,520,446,966,238,1,70,18.01,0.9992,0.5379,0.186443,15,20,8,126.94,0.4295,0.0834,0.006194,4.208
419416,520,448,968,177,84,187,323.66,0.6923,0.5356,0.192767,19,0,60,286.69,1.0000,0.0826,0.004647,4.442
419424,520,381,901,248,36,160,352.03,0.9571,0.5973,0.237596,61,9,68,322.59,0.8048,0.1637,0.016050,4.354
419443,520,366,886,245,17,210,336.73,0.9905,0.6099,0.244696,31,37,64,273.10,0.4239,0.1700,0.019846,4.219
419458,520,476,996,179,17,229,315.05,0.9799,0.5087,0.156429,2,2,5,283.18,0.3513,0.0245,0.000673,4.074
419463,520,466,986,114,92,244,283.94,0.9085,0.5155,0.177630,6,6,25,279.35,0.6253,0.0501,0.002391,4.345
419465,520,299,819,236,108,198,340.33,0.8326,0.6663,0.326376,95,30,1,40.85,0.9798,0.2345,0.033640,4.500
419475,520,402,922,176,90,243,307.02,0.8919,0.5812,0.230142,4,34,40,213.46,0.7940,0.1300,0.013230,4.431
419478,520,454,974,218,69,16,36.85,0.9698,0.5339,0.192016,12,18,1,123.75,0.8966,0.0739,0.005130,4.390
419486,520,414,934,201,93,159,344.91,0.6452,0.5715,0.227511,3,35,15,152.53,0.9559,0.1235,0.012559,4.436
419489,520,419,939,201,76,186,332.74,0.7673,0.5611,0.211332,41,13,20,6.49,0.5461,0.1053,0.008098,4.498
419493,520,429,949,228,39,130,358.29,0.9085,0.5480,0.195595,17,24,12,132.90,0.3947,0.0970,0.007990,4.235
419497,520,399,919,233,63,127,2.68,0.8519,0.5760,0.224138,61,14,7,31.56,0.8405,0.1417,0.013217,4.336
419499,520,392,912,243,40,164,349.87,0.9431,0.5916,0.232558,65,5,31,0.69,0.8309,0.1457,0.013315,4.463
419505,520,393,913,251,13,139,358.57,0.9892,0.5864,0.226647,43,25,36,342.66,0.3314,0.1383,0.013363,4.366
419510,520,389,909,248,13,164,350.22,0.9891,0.5907,0.229280,14,11,102,270.08,0.9767,0.1468,0.012919,4.439
419539,520,459,979,224,41,104,7.38,0.9018,0.5327,0.184354,2,3,51,267.51,0.9804,0.0635,0.003170,4.408
419543,520,474,994,206,35,172,338.26,0.8955,0.5233,0.173045,2,3,11,272.10,0.5411,0.0306,0.001022,4.372
419550,520,465,985,220,38,80,15.28,0.9216,0.5162,0.171837,3,11,4,148.20,0.6467,0.0497,0.002675,4.211
419560,520,452,972,178,3,254,309.50,0.9981,0.5261,0.166868,24,8,24,327.19,0.5208,0.0724,0.004338,3.991
419563,520,397,917,251,9,134,0.07,0.9926,0.5838,0.224294,7,14,95,267.29,0.9723,0.1378,0.011854,4.435
419583,520,394,914,252,26,128,2.67,0.9766,0.5885,0.229963,50,13,55,322.74,0.7126,0.1393,0.012419,4.485
419590,520,463,983,224,21,133,355.50,0.9541,0.5322,0.180798,18,6,6,20.37,0.4084,0.0537,0.002720,4.378
419593,520,479,999,225,5,28,26.72,0.9967,0.5053,0.162029,1,0,6,289.16,1.0000,0.0150,0.000196,4.224
419606,520,472,992,204,65,102,8.50,0.7620,0.5160,0.175794,8,1,14,312.20,0.7710,0.0331,0.001050,4.423
419610,520,350,870,250,17,232,332.42,0.9943,0.6324,0.265542,45,26,102,287.64,0.7939,0.1940,0.022560,4.349
419612,520,428,948,218,48,175,340.71,0.8785,0.5559,0.201168,31,7,56,301.12,0.8144,0.1034,0.007288,4.384
419619,520,359,879,249,85,61,31.18,0.9614,0.6161,0.269770,30,47,13,131.60,0.7720,0.1785,0.023381,4.358
419623,520,319,839,179,132,235,303.76,0.7457,0.6514,0.320848,31,58,20,137.58,0.8170,0.2161,0.033678,4.432
419625,520,408,928,233,69,49,30.49,0.9173,0.5653,0.218046,24,16,73,281.35,0.8237,0.1256,0.010458,4.434
419640,520,469,989,217,58,2,35.40,0.9965,0.5188,0.177848,0,9,5,168.49,1.0000,0.0424,0.002063,4.376
419641,520,437,957,235,44,67,21.48,0.9435,0.5486,0.198719,26,17,2,81.88,0.7685,0.0861,0.006249,4.422
419643,520,448,968,208,34,188,333.85,0.9196,0.5359,0.181868,0,15,45,258.17,1.0000,0.0794,0.005311,4.192
419666,520,422,942,238,55,48,27.95,0.9421,0.5609,0.211261,37,17,26,352.23,0.4048,0.1084,0.008688,4.452
419668,520,404,924,227,41,202,334.77,0.9415,0.5826,0.221835,60,6,23,7.81,0.8150,0.1334,0.011529,4.418
419674,520,471,991,198,80,72,26.70,0.7301,0.5182,0.182129,2,6,17,259.67,0.5996,0.0417,0.001836,4.478
419690,520,329,849,255,86,149,1.35,1.0000,0.6484,0.300889,47,43,83,286.20,0.4800,0.2138,0.029566,4.410
419707,520,480,1000,158,64,221,308.05,0.8485,0.5050,0.161570,0,0,0,0.00,0.0000,0.0000,0.000000,4.231
419712,520,426,946,239,52,53,26.38,0.9447,0.5609,0.210670,24,7,74,283.70,0.9189,0.1141,0.008405,4.463
419717,520,409,929,245,50,19,31.53,0.9838,0.5687,0.217442,2,25,74,261.56,0.9566,0.1308,0.012025,4.312
419735,520,416,936,253,2,66,20.30,0.9990,0.5694,0.213232,47,10,42,333.59,0.6968,0.1217,0.009887,4.395
419768,520,415,935,196,66,230,318.38,0.8905,0.5701,0.213467,54,1,28,355.40,0.9187,0.1163,0.008900,4.473
419780,520,466,986,155,64,244,302.04,0.9313,0.5206,0.171674,5,0,42,276.18,1.0000,0.0500,0.001994,4.263
419794,520,407,927,223,14,208,332.11,0.9864,0.5679,0.205585,35,6,75,294.46,0.9033,0.1265,0.009956,4.263
419800,520,459,979,224,42,80,16.20,0.9186,0.5272,0.180852,24,4,24,327.71,0.6802,0.0648,0.003470,4.317
419801,520,412,932,237,3,169,346.28,0.9965,0.5697,0.209372,19,14,79,276.11,0.9051,0.1249,0.010170,4.311
419814,520,364,884,203,95,220,322.03,0.8025,0.6100,0.260497,18,46,29,155.03,0.6559,0.1706,0.021712,4.330
419815,520,420,940,243,7,121,2.85,0.9924,0.5627,0.205905,31,9,65,294.70,0.8310,0.1148,0.008683,4.361
419821,520,289,809,220,130,191,340.17,0.6456,0.6762,0.349442,5,67,52,171.09,0.9538,0.2439,0.042943,4.298
419834,520,411,931,218,67,166,344.63,0.8087,0.5688,0.216752,30,4,80,287.77,0.9511,0.1238,0.009420,4.489
419850,520,433,953,197,30,235,318.56,0.9680,0.5482,0.187985,4,22,50,258.05,0.8004,0.1026,0.008299,4.082
419858,520,353,873,248,92,57,34.12,0.9516,0.6231,0.279095,19,50,1,136.56,0.9934,0.1796,0.024218,4.434
419876,520,427,947,195,31,248,315.08,0.9747,0.5560,0.193608,26,20,12,74.42,0.2868,0.0956,0.007465,4.239
419882,520,464,984,185,74,163,336.08,0.6990,0.5198,0.178576,0,6,38,262.52,1.0001,0.0547,0.002702,4.337
419905,520,453,973,192,44,213,322.24,0.9086,0.5317,0.178134,24,2,35,312.80,0.8398,0.0681,0.003590,4.257
419911,520,381,901,212,60,244,319.87,0.9495,0.5993,0.237622,9,45,30,161.92,0.8382,0.1635,0.020285,4.092
419920,520,447,967,208,38,192,332.68,0.9123,0.5408,0.186039,13,15,27,276.19,0.3330,0.0761,0.005063,4.287
419927,520,242,762,242,139,213,338.45,0.8628,0.7317,0.421487,51,72,45,138.85,0.4395,0.2811,0.055279,4.478
419934,520,346,866,223,104,175,345.68,0.7173,0.6299,0.286859,49,42,45,350.06,0.0980,0.1918,0.024984,4.492
419937,520,432,952,190,27,248,313.78,0.9782,0.5463,0.185096,36,15,0,59.25,1.0000,0.0958,0.007168,4.112
419958,520,380,900,232,39,220,331.20,0.9642,0.6014,0.237767,65,18,29,9.46,0.6617,0.1605,0.016453,4.330
419963,520,377,897,202,82,232,319.00,0.8747,0.5988,0.244188,18,40,45,214.13,0.4433,0.1578,0.018356,4.304
419964,520,381,901,230,72,185,341.34,0.8532,0.6043,0.249630,0,46,18,151.43,1.0000,0.1604,0.019976,4.282
419976,520,428,948,199,52,224,321.26,0.9133,0.5574,0.199815,15,6,72,276.21,0.9542,0.1025,0.006997,4.383
419981,520,375,895,231,89,111,14.11,0.7892,0.5986,0.252841,1,44,37,178.81,0.9762,0.1596,0.019413,4.363
419986,520,478,998,193,73,123,357.47,0.6849,0.5137,0.175343,4,1,6,314.84,0.6159,0.0242,0.000607,4.453
419996,520,284,804,245,102,239,329.30,0.9566,0.6927,0.351497,23,65,66,197.40,0.6208,0.2487,0.043559,4.291
420026,520,346,866,252,24,227,334.05,0.9906,0.6348,0.268979,20,33,103,268.88,0.8764,0.1874,0.022156,4.421
420034,520,443,963,239,3,55,22.00,0.9980,0.5381,0.186950,20,13,37,294.66,0.5436,0.0845,0.005701,4.254
420036,520,466,986,228,31,40,26.31,0.9714,0.5222,0.176301,7,9,10,226.66,0.0897,0.0506,0.002625,4.300
420049,520,404,924,232,0,204,335.29,1.0000,0.5790,0.215181,42,26,11,62.72,0.5231,0.1314,0.012552,4.239
420050,520,366,886,243,45,189,342.35,0.9462,0.6067,0.246086,31,12,112,277.99,0.9579,0.1733,0.017240,4.403
420063,520,371,891,242,28,206,337.15,0.9783,0.6056,0.241669,13,34,84,263.92,0.8286,0.1669,0.018696,4.246
420077,520,346,866,246,29,239,329.88,0.9884,0.6335,0.267064,41,44,56,273.98,0.1831,0.1934,0.025583,4.195
420091,520,327,847,253,4,253,328.36,0.9992,0.6491,0.280644,29,30,120,273.05,0.9056,0.2065,0.025457,4.382
420092,520,433,953,241,33,13,30.16,0.9896,0.5489,0.198209,35,10,43,317.11,0.6777,0.1028,0.007489,4.318
420098,520,392,912,214,82,193,334.46,0.7927,0.5935,0.241829,39,31,35,346.57,0.1398,0.1468,0.015327,4.467
420099,520,358,878,247,6,231,331.99,0.9979,0.6243,0.256769,62,13,84,312.50,0.8178,0.1827,0.019522,4.413
420100,520,475,995,221,43,53,24.49,0.9374,0.5170,0.173597,5,0,22,291.44,1.0000,0.0318,0.000902,4.393
420115,520,270,790,224,128,234,323.65,0.8499,0.6989,0.372277,60,62,30,111.82,0.5019,0.2562,0.044997,4.445
420116,520,458,978,218,69,0,38.15,1.0000,0.5334,0.191642,14,11,19,301.61,0.2547,0.0644,0.003797,4.492
420117,520,461,981,186,39,227,317.09,0.9383,0.5291,0.174375,1,11,3,150.71,0.9277,0.0475,0.002524,4.272
420135,520,364,884,208,90,220,323.89,0.8262,0.6103,0.258911,28,43,34,157.78,0.3087,0.1693,0.020901,4.357
420137,520,65,585,251,222,253,323.99,0.9622,0.9226,0.798444,9,122,0,142.08,1.0000,0.4246,0.139765,4.471
420139,520,331,851,248,68,204,339.69,0.9539,0.6410,0.284534,9,57,16,145.24,0.9703,0.2015,0.030216,4.170
420150,520,407,927,232,41,160,348.80,0.9182,0.5695,0.212826,4,5,101,266.05,0.9932,0.1339,0.010738,4.327
420172,520,477,997,215,53,47,27.61,0.9144,0.5127,0.172010,1,1,12,274.56,0.8685,0.0231,0.000547,4.392
420185,520,390,910,237,79,92,19.77,0.8671,0.5917,0.243722,33,25,76,285.29,0.6909,0.1537,0.015404,4.491
420188,520,359,879,248,2,218,335.34,0.9991,0.6173,0.250650,69,18,54,341.41,0.6873,0.1791,0.019643,4.317
420193,520,284,804,244,106,222,334.14,0.9315,0.6874,0.348176,100,33,35,21.86,0.6979,0.2540,0.039188,4.464
420208,520,389,909,235,62,145,356.10,0.8621,0.5853,0.231546,57,22,26,14.80,0.5361,0.1512,0.015184,4.319
420214,520,260,780,226,129,246,320.58,0.9271,0.7097,0.385247,3,75,37,152.90,0.9902,0.2664,0.051849,4.273
420222,520,422,942,194,39,250,314.18,0.9760,0.5605,0.198238,3,29,31,202.02,0.8014,0.1097,0.009970,4.139
420245,520,392,912,241,77,9,37.54,0.9903,0.5875,0.240314,2,40,39,192.23,0.9274,0.1477,0.016769,4.348
420253,520,401,921,215,72,185,337.26,0.8115,0.5788,0.225867,49,23,39,343.55,0.4478,0.1446,0.014123,4.302
420255,520,480,1000,222,4,93,8.83,0.9929,0.5097,0.164095,0,0,0,0.00,0.0000,0.0000,0.000000,4.282
420277,520,358,878,168,117,254,298.13,0.9767,0.6234,0.282034,37,47,2,121.78,0.9519,0.1832,0.024307,4.468
420279,520,381,901,250,58,107,11.93,0.9570,0.5980,0.244151,45,36,23,76.39,0.3174,0.1636,0.018815,4.274
420297,520,299,819,255,88,189,347.02,1.0000,0.6664,0.319168,8,42,132,263.81,0.9549,0.2343,0.033733,4.409
420301,520,425,945,230,35,144,353.52,0.9255,0.5551,0.200415,7,23,56,262.41,0.7764,0.1117,0.009434,4.213
420306,520,236,756,195,174,191,332.27,0.2089,0.7370,0.456362,32,81,30,142.78,0.9095,0.2947,0.062855,4.487
420307,520,319,839,226,107,193,339.20,0.7618,0.6473,0.305365,0,40,121,261.82,1.0000,0.2152,0.028978,4.500
420310,520,455,975,201,68,141,350.22,0.7392,0.5286,0.184767,6,5,39,275.92,0.8714,0.0587,0.002937,4.435
420316,520,354,874,225,75,215,330.68,0.8850,0.6155,0.259482,22,29,104,271.01,0.8914,0.1816,0.020487,4.391
420326,520,386,906,229,46,197,336.72,0.9290,0.5864,0.226458,50,29,12,58.09,0.5735,0.1508,0.015835,4.199
420338,520,363,883,238,36,226,331.13,0.9752,0.6142,0.249326,50,14,86,301.19,0.8302,0.1672,0.016641,4.492
420341,520,446,966,157,72,254,300.10,0.9910,0.5415,0.189589,35,5,6,21.95,0.7587,0.0778,0.004791,4.373
420371,520,333,853,207,104,242,316.75,0.8970,0.6425,0.295781,42,48,33,125.72,0.2720,0.1967,0.027159,4.481
420404,520,475,995,218,32,120,359.50,0.9108,0.5203,0.172971,2,3,3,196.47,0.1299,0.0269,0.000846,4.385
420412,520,424,944,220,14,205,332.16,0.9846,0.5605,0.199398,1,29,25,182.11,0.9473,0.1060,0.009553,4.188
420416,520,382,902,224,27,252,321.81,0.9887,0.6045,0.236616,55,26,33,5.39,0.4317,0.1578,0.016609,4.303
420421,520,400,920,240,73,34,34.05,0.9540,0.5820,0.234090,32,32,15,108.45,0.4254,0.1351,0.013746,4.457
420425,520,455,975,215,6,170,340.89,0.9870,0.5282,0.174819,5,1,49,273.25,0.9880,0.0597,0.002757,4.261
420435,520,474,994,168,69,209,314.33,0.8039,0.5162,0.171854,0,5,10,233.51,1.0000,0.0336,0.001304,4.324
420456,520,442,962,229,27,128,358.53,0.9452,0.5428,0.190032,22,17,8,82.03,0.3503,0.0827,0.005890,4.295
420472,520,319,839,205,114,240,315.80,0.8646,0.6541,0.313062,17,63,1,139.31,0.9969,0.2235,0.036762,4.185
420500,520,440,960,237,15,128,359.63,0.9796,0.5546,0.199078,37,5,33,333.23,0.7353,0.0920,0.006117,4.439
420505,520,406,926,209,26,250,318.48,0.9842,0.5779,0.211979,6,24,75,264.50,0.9002,0.1315,0.011999,4.226
420515,520,464,984,210,14,173,338.77,0.9678,0.5222,0.170350,8,7,12,294.97,0.2079,0.0476,0.002301,4.213
420519,520,453,973,210,48,156,345.15,0.8424,0.5314,0.182180,3,4,58,268.03,0.9783,0.0742,0.004116,4.290
420523,520,413,933,235,2,169,345.83,0.9975,0.5656,0.205731,2,18,76,264.18,0.9490,0.1183,0.009672,4.286
420526,520,344,864,236,42,247,325.66,0.9782,0.6278,0.262067,60,3,103,302.55,0.9657,0.1898,0.020051,4.455
420534,520,320,840,220,86,255,318.60,1.0000,0.6457,0.290930,96,3,20,20.37,0.9737,0.2108,0.026029,4.484
420559,520,367,887,232,0,244,325.63,1.0000,0.6058,0.236899,62,13,73,319.50,0.7835,0.1734,0.017931,4.223
420561,520,479,999,221,29,53,22.82,0.9641,0.5079,0.165107,1,0,6,289.16,1.0000,0.0150,0.000196,4.285
420570,520,406,926,196,79,217,321.26,0.8254,0.5760,0.223389,10,31,44,238.46,0.5731,0.1261,0.012263,4.391
420577,520,409,929,238,13,170,346.30,0.9856,0.5741,0.213703,46,18,38,339.29,0.5248,0.1299,0.011535,4.285
420578,520,462,982,205,20,193,331.59,0.9604,0.5273,0.173317,1,14,1,142.94,0.9764,0.0546,0.003227,4.196
420590,520,293,813,246,99,220,335.16,0.9434,0.6802,0.336865,38,64,5,131.41,0.9630,0.2390,0.040897,4.256
420593,520,345,865,247,42,217,335.50,0.9706,0.6276,0.264429,44,8,121,284.54,0.9646,0.1943,0.020896,4.435
420597,520,400,920,217,36,233,324.27,0.9671,0.5829,0.218987,24,29,52,273.26,0.4255,0.1351,0.013208,4.256
420599,520,362,882,253,73,56,29.51,0.9888,0.6090,0.259368,67,28,13,40.86,0.6919,0.1778,0.020530,4.386
420620,520,480,1000,219,40,73,17.83,0.9214,0.5141,0.170613,0,0,0,0.00,0.0000,0.0000,0.000000,4.412
420633,520,366,886,255,7,170,349.78,1.0000,0.6060,0.243178,46,39,26,82.67,0.2852,0.1737,0.021065,4.125
420636,520,361,881,229,85,182,342.83,0.8090,0.6161,0.265348,82,6,29,10.90,0.8883,0.1833,0.020131,4.497
420637,520,457,977,190,10,239,316.00,0.9919,0.5332,0.173976,13,10,9,39.95,0.0990,0.0577,0.003224,4.208
420642,520,472,992,208,13,176,337.33,0.9702,0.5200,0.168344,7,3,6,334.39,0.3314,0.0342,0.001234,4.262
420648,520,460,980,165,83,206,312.80,0.7412,0.5293,0.186428,29,0,16,348.63,1.0000,0.0608,0.002987,4.462
420658,520,450,970,240,16,24,27.96,0.9921,0.5403,0.189652,20,14,2,87.76,0.7102,0.0719,0.004672,4.383
420673,520,404,924,220,94,63,35.04,0.8099,0.5772,0.235823,11,35,36,199.02,0.5541,0.1344,0.014005,4.466
420675,520,445,965,165,77,226,308.24,0.8314,0.5353,0.187987,21,17,12,73.14,0.1913,0.0826,0.005869,4.260
420676,520,459,979,227,20,118,1.38,0.9616,0.5323,0.181420,10,9,26,284.05,0.4976,0.0605,0.003345,4.338
420678,520,441,961,199,1,234,319.66,0.9991,0.5421,0.181059,19,14,40,289.33,0.5642,0.0876,0.006057,4.122
420681,520,350,870,243,17,243,328.33,0.9945,0.6273,0.259294,65,36,1,65.49,0.9532,0.1898,0.023879,4.186
420688,520,386,906,220,92,126,6.31,0.7057,0.5884,0.243786,32,29,63,285.03,0.5197,0.1504,0.015447,4.489
420691,520,319,839,237,91,215,334.11,0.8955,0.6533,0.303954,100,6,20,21.72,0.9568,0.2223,0.028906,4.486
420699,520,386,906,246,12,166,349.20,0.9895,0.5875,0.226122,27,20,84,279.75,0.8325,0.1468,0.013734,4.332
420716,520,376,896,226,82,164,348.69,0.7830,0.5992,0.248861,63,24,16,33.13,0.6497,0.1633,0.017476,4.429
420742,520,407,927,247,40,58,23.98,0.9671,0.5692,0.216008,17,24,65,271.60,0.7161,0.1278,0.011540,4.322
420753,520,470,990,219,5,134,353.68,0.9878,0.5181,0.168924,12,4,2,43.60,0.4872,0.0406,0.001694,4.235
420755,520,441,961,236,28,66,20.23,0.9715,0.5410,0.190599,32,13,12,23.86,0.4449,0.0884,0.006215,4.280
420759,520,383,903,229,15,242,325.32,0.9935,0.6020,0.234128,48,32,1,80.55,0.9467,0.1535,0.016637,4.264
420762,520,453,973,142,105,186,303.88,0.5410,0.5261,0.193993,22,10,21,329.76,0.3947,0.0721,0.004418,4.484
420772,520,477,997,164,36,248,305.84,0.9672,0.5119,0.159322,2,0,15,284.68,1.0000,0.0229,0.000474,4.147
420775,520,352,872,222,57,252,320.80,0.9864,0.6184,0.254861,43,41,57,290.19,0.2352,0.1880,0.023949,4.123
420778,520,385,905,185,103,200,321.25,0.6628,0.5853,0.241859,40,32,32,18.00,0.1233,0.1495,0.015885,4.430
420795,520,455,975,228,40,3,31.81,0.9966,0.5256,0.180211,1,5,44,265.58,0.9611,0.0592,0.002968,4.346
420798,520,458,978,167,47,253,305.27,0.9883,0.5286,0.173410,17,2,39,297.28,0.8851,0.0626,0.003091,4.208
420802,520,473,993,214,42,119,359.82,0.8659,0.5185,0.172864,4,2,7,305.39,0.4605,0.0281,0.000846,4.383
420803,520,386,906,245,42,144,356.94,0.9376,0.5883,0.230853,31,17,84,284.15,0.8401,0.1458,0.013323,4.435
420839,520,465,985,179,20,236,313.40,0.9791,0.5158,0.161412,11,2,25,300.53,0.7963,0.0454,0.001848,4.078
420842,520,419,939,223,77,77,24.11,0.8272,0.5604,0.215341,36,20,20,19.49,0.3118,0.1110,0.009259,4.478
420852,520,423,943,198,27,249,315.77,0.9804,0.5598,0.196306,48,6,30,349.81,0.7484,0.1118,0.008525,4.209
420855,520,470,990,228,27,12,29.81,0.9881,0.5182,0.173074,0,6,16,246.21,1.0000,0.0391,0.001677,4.317
420856,520,440,960,203,15,227,322.26,0.9858,0.5464,0.185859,37,7,25,346.63,0.6567,0.0910,0.006155,4.200
420869,520,418,938,172,103,186,320.68,0.5862,0.5597,0.220171,2,34,10,148.81,0.9783,0.1186,0.011788,4.373
420876,520,439,959,229,34,126,359.62,0.9259,0.5455,0.193113,2,15,52,262.90,0.9252,0.0870,0.006024,4.339
420902,520,464,984,200,4,199,328.62,0.9926,0.5180,0.164915,21,1,14,341.79,0.7925,0.0493,0.002129,4.123
420906,520,458,978,218,44,124,358.87,0.8678,0.5297,0.181645,26,1,12,353.66,0.8184,0.0563,0.002679,4.397
420910,520,336,856,250,57,215,336.85,0.9728,0.6414,0.281596,73,29,33,16.51,0.5591,0.1951,0.024052,4.478
420911,520,398,918,223,88,109,13.84,0.7452,0.5827,0.237740,3,40,17,151.97,0.9676,0.1408,0.015773,4.375
420915,520,428,948,168,93,223,308.35,0.7767,0.5608,0.214819,5,26,36,231.38,0.6673,0.1045,0.008984,4.490
420932,520,377,897,243,4,195,340.19,0.9972,0.5950,0.230847,17,25,98,269.83,0.9149,0.1643,0.016962,4.194
420951,520,421,941,200,40,237,318.72,0.9551,0.5601,0.199129,17,5,76,277.09,0.9636,0.1075,0.007495,4.333
420957,520,340,860,249,61,210,338.05,0.9647,0.6400,0.281334,59,31,80,308.35,0.6100,0.2007,0.024890,4.424
420959,520,471,991,209,71,30,36.19,0.9200,0.5201,0.181578,16,0,20,321.21,1.0000,0.0430,0.001607,4.487
420961,520,407,927,246,24,105,9.13,0.9749,0.5686,0.212695,13,25,70,267.81,0.8023,0.1322,0.012230,4.221
420969,520,337,857,213,111,207,329.47,0.7282,0.6414,0.300216,36,50,36,144.75,0.3157,0.1981,0.027836,4.499
420971,520,450,970,190,54,213,321.37,0.8785,0.5366,0.183910,18,13,13,18.06,0.1300,0.0704,0.004455,4.295
420980,520,424,944,247,13,55,22.80,0.9930,0.5573,0.203414,5,0,90,267.16,1.0000,0.1122,0.007704,4.392
420984,520,434,954,233,58,1,34.53,0.9988,0.5508,0.203550,27,19,32,311.98,0.3139,0.1019,0.008031,4.369
420987,520,432,952,232,35,129,359.19,0.9288,0.5532,0.199458,23,23,22,106.57,0.0246,0.1029,0.008529,4.262
420990,520,445,965,223,14,165,344.45,0.9746,0.5428,0.187212,27,13,6,48.75,0.4798,0.0796,0.005340,4.286
421024,520,457,977,193,60,193,327.93,0.8213,0.5338,0.184210,7,6,37,277.54,0.8078,0.0598,0.003090,4.412
421025,520,419,939,184,95,180,328.94,0.6331,0.5593,0.216712,19,28,24,165.97,0.2190,0.1137,0.010349,4.420
421062,520,362,882,161,135,176,313.02,0.3194,0.6067,0.280399,18,49,22,146.35,0.8297,0.1788,0.023831,4.475
421084,520,441,961,145,81,254,295.08,0.9895,0.5390,0.190604,18,11,49,285.63,0.7361,0.0883,0.005897,4.304
421090,520,419,939,229,8,170,344.24,0.9883,0.5556,0.197367,27,8,67,289.50,0.8663,0.1108,0.008119,4.256
421094,520,450,970,223,54,80,17.86,0.8841,0.5352,0.189082,1,16,19,209.56,0.8369,0.0658,0.004240,4.408
421110,520,380,900,242,50,182,344.37,0.9305,0.6047,0.245389,14,39,53,235.80,0.5734,0.1570,0.018014,4.343
421112,520,405,925,210,25,254,317.90,0.9957,0.5824,0.215544,44,15,53,317.42,0.6657,0.1310,0.011342,4.329
421113,520,457,977,224,11,123,358.73,0.9781,0.5253,0.175194,11,11,18,284.51,0.2267,0.0613,0.003542,4.206
421125,520,375,895,228,51,212,332.31,0.9333,0.5971,0.236175,7,13,110,266.70,0.9831,0.1569,0.014587,4.431
421144,520,392,912,214,55,229,324.16,0.9301,0.5877,0.226876,71,1,18,15.25,0.9766,0.1507,0.014052,4.323
421161,520,478,998,170,79,167,328.69,0.6527,0.5057,0.169291,7,0,2,357.01,1.0000,0.0225,0.000496,4.343
421171,520,453,973,166,90,185,319.32,0.6408,0.5282,0.189229,19,14,6,80.52,0.3706,0.0718,0.004657,4.377
421191,520,468,988,137,90,225,295.77,0.7896,0.5196,0.180670,15,2,4,8.26,0.6349,0.0397,0.001538,4.476
421253,520,430,950,188,67,217,319.18,0.8487,0.5496,0.197167,8,24,27,211.02,0.4623,0.0959,0.007840,4.273
421260,520,396,916,196,108,132,3.39,0.5167,0.5788,0.241283,0,39,34,182.25,1.0000,0.1414,0.015665,4.436
421261,520,420,940,191,83,189,328.28,0.7266,0.5564,0.209384,51,9,2,34.72,0.9180,0.1138,0.009037,4.394
421264,520,465,985,197,19,202,326.93,0.9646,0.5187,0.166020,23,2,7,4.50,0.7382,0.0521,0.002409,4.122
421279,520,464,984,187,85,108,8.03,0.6004,0.5164,0.181460,11,5,12,322.32,0.3646,0.0457,0.002062,4.446
421284,520,118,638,252,193,233,338.58,0.9530,0.8552,0.647201,54,103,16,135.24,0.9650,0.3773,0.105219,4.492
421304,520,420,940,234,40,132,358.83,0.9191,0.5612,0.206789,10,8,81,270.58,0.9710,0.1132,0.008322,4.403
421315,520,459,979,227,44,72,19.39,0.9268,0.5332,0.186030,11,10,18,289.89,0.2614,0.0592,0.003319,4.427
421320,520,381,901,242,75,89,20.26,0.9044,0.5956,0.246338,40,16,93,289.12,0.8576,0.1641,0.016120,4.482
421339,520,469,989,211,54,95,10.59,0.8308,0.5153,0.173158,12,3,1,44.41,0.6505,0.0376,0.001455,4.337
421345,520,357,877,239,28,235,329.22,0.9860,0.6183,0.251821,37,30,85,284.07,0.6813,0.1762,0.019777,4.326
421350,520,431,951,241,21,61,21.42,0.9842,0.5478,0.195774,39,17,0,59.87,1.0000,0.1046,0.008323,4.214
421351,520,294,814,238,133,72,48.84,0.8294,0.6754,0.354226,29,63,50,166.61,0.5463,0.2388,0.040464,4.468
421352,520,46,566,252,232,230,24.44,0.7347,0.9376,0.841225,48,124,30,140.26,0.9626,0.4431,0.151369,4.426
421355,520,375,895,193,114,164,342.31,0.5142,0.5979,0.260537,16,42,48,214.85,0.5251,0.1643,0.019794,4.449
421358,520,411,931,214,45,218,327.10,0.9351,0.5727,0.212369,27,19,56,289.47,0.6279,0.1181,0.009843,4.384
421397,520,425,945,209,17,226,324.06,0.9845,0.5565,0.194491,29,24,11,89.19,0.4037,0.1090,0.009387,4.117
421400,520,463,983,199,45,187,331.67,0.8693,0.5266,0.176085,10,4,19,302.79,0.5832,0.0456,0.001984,4.349
421412,520,400,920,232,81,9,39.44,0.9868,0.5756,0.230633,22,14,91,275.96,0.9315,0.1415,0.012399,4.497
421424,520,292,812,223,123,212,331.29,0.7591,0.6778,0.346091,15,63,74,216.47,0.7506,0.2433,0.041508,4.328
421429,520,319,839,255,105,32,42.02,1.0000,0.6520,0.314709,42,54,47,159.42,0.1895,0.2192,0.033358,4.375
421435,520,390,910,249,39,118,6.21,0.9543,0.5856,0.229023,41,6,93,291.76,0.9390,0.1545,0.013920,4.365
421455,520,421,941,227,15,191,337.68,0.9821,0.5650,0.204367,16,30,2,131.14,0.9389,0.1121,0.010431,4.209
421456,520,403,923,191,79,236,314.65,0.8846,0.5818,0.227256,20,24,64,274.62,0.6751,0.1291,0.011721,4.492
421464,520,454,974,200,32,207,326.32,0.9391,0.5333,0.178191,20,15,4,88.13,0.5357,0.0747,0.004991,4.150
421465,520,395,915,211,45,250,318.65,0.9775,0.5909,0.226295,14,37,15,144.66,0.7839,0.1355,0.014509,4.283
421467,520,407,927,247,7,103,9.30,0.9940,0.5655,0.209089,12,12,89,270.31,0.9640,0.1297,0.010623,4.274
421468,520,390,910,238,14,194,339.40,0.9883,0.5870,0.223892,34,33,45,288.51,0.2088,0.1509,0.016173,4.139
421474,520,393,913,243,53,135,0.47,0.9078,0.5889,0.233534,6,40,18,151.49,0.9281,0.1423,0.015999,4.296
421476,520,440,960,213,51,169,341.50,0.8510,0.5460,0.193805,39,8,15,9.59,0.6511,0.0924,0.006396,4.323
421489,520,433,953,218,39,183,338.01,0.9143,0.5541,0.197777,22,10,54,289.25,0.7774,0.0952,0.006540,4.382
421509,520,375,895,210,92,183,337.22,0.7236,0.5955,0.247766,61,18,52,336.74,0.6549,0.1633,0.016728,4.462
421537,520,247,767,254,118,215,339.78,0.9905,0.7161,0.389368,34,72,84,220.93,0.5071,0.2847,0.056147,4.139
421543,520,382,902,224,57,220,329.12,0.9263,0.5999,0.239431,52,32,14,61.27,0.5526,0.1614,0.017949,4.260
421551,520,315,835,250,50,254,327.28,0.9970,0.6605,0.297638,21,61,2,138.05,0.9923,0.2184,0.035012,4.089
421576,520,427,947,185,71,232,314.17,0.8769,0.5606,0.206480,28,15,47,299.71,0.6115,0.1045,0.007938,4.427
421582,520,464,984,215,63,9,36.16,0.9833,0.5206,0.180243,4,3,37,274.07,0.9300,0.0509,0.002245,4.407
421583,520,480,1000,186,65,158,338.12,0.7340,0.5071,0.166898,0,0,0,0.00,0.0000,0.0000,0.000000,4.338
421587,520,436,956,196,47,230,319.06,0.9312,0.5531,0.194834,7,19,46,263.55,0.7039,0.0939,0.007081,4.289
421589,520,446,966,146,88,243,296.38,0.8892,0.5412,0.195616,16,17,30,280.05,0.3284,0.0849,0.006048,4.382
421595,520,440,960,189,81,181,330.50,0.7119,0.5459,0.200412,27,17,15,31.51,0.2365,0.0905,0.006684,4.418
421604,520,478,998,229,7,10,28.81,0.9963,0.5136,0.168349,2,1,2,326.51,0.3040,0.0189,0.000390,4.333
421610,520,364,884,207,68,255,315.69,1.0000,0.6071,0.246211,14,8,121,268.61,0.9902,0.1705,0.016474,4.456
421613,520,456,976,167,49,248,306.17,0.9620,0.5257,0.171901,17,10,14,343.68,0.2228,0.0634,0.003680,4.134
421614,520,380,900,254,68,2,35.17,0.9986,0.6024,0.252131,61,27,9,46.36,0.7138,0.1644,0.017958,4.446
421616,520,432,952,198,94,94,21.80,0.6230,0.5458,0.208211,4,30,0,139.69,1.0000,0.1046,0.009543,4.337
421639,520,60,580,255,227,217,40.70,1.0000,0.9255,0.812089,2,123,20,143.71,0.9989,0.4281,0.142287,4.483
421645,520,349,869,246,45,216,335.55,0.9659,0.6270,0.264305,65,27,64,328.38,0.5850,0.1917,0.022780,4.319
421655,520,356,876,234,47,237,327.45,0.9670,0.6206,0.256423,34,29,98,279.25,0.7904,0.1841,0.021006,4.315
421693,520,468,988,200,56,162,340.55,0.7995,0.5236,0.177182,7,3,16,299.42,0.5992,0.0386,0.001477,4.413
421713,520,426,946,246,37,48,25.80,0.9728,0.5641,0.211329,27,19,41,299.38,0.4506,0.1071,0.008589,4.460
421729,520,372,892,211,78,230,322.46,0.8849,0.6062,0.250125,75,2,47,349.90,0.9089,0.1713,0.017448,4.450
421740,520,314,834,239,107,172,351.81,0.8065,0.6583,0.318473,10,62,40,160.20,0.9180,0.2243,0.036628,4.253
421749,520,414,934,234,17,175,343.96,0.9789,0.5699,0.209913,32,6,70,293.98,0.8923,0.1173,0.008795,4.421
421750,520,472,992,177,6,246,310.84,0.9954,0.5178,0.161322,3,1,18,284.50,0.8686,0.0296,0.000847,4.156
421752,520,377,897,242,81,86,22.68,0.9032,0.6022,0.254371,36,38,38,196.98,0.0289,0.1634,0.019012,4.410
421756,520,370,890,252,16,183,345.53,0.9898,0.6081,0.244883,41,31,65,295.48,0.4925,0.1663,0.018330,4.316
421761,520,402,922,228,54,171,344.75,0.8803,0.5768,0.220752,36,10,75,294.48,0.8533,0.1325,0.011002,4.438
421770,520,473,993,229,17,55,21.92,0.9849,0.5201,0.173378,5,1,16,297.00,0.8102,0.0308,0.000914,4.387
421772,520,421,941,203,72,182,334.72,0.7782,0.5572,0.207104,2,11,77,265.36,0.9729,0.1077,0.007880,4.442
421775,520,441,961,180,95,150,342.26,0.5482,0.5385,0.200909,35,10,20,357.12,0.5470,0.0904,0.006250,4.461
421782,520,458,978,143,98,204,301.26,0.6629,0.5253,0.189349,0,16,16,194.77,1.0000,0.0638,0.004080,4.426
421787,520,421,941,206,23,229,322.50,0.9775,0.5556,0.193935,25,20,47,289.78,0.5116,0.1111,0.009122,4.126
421795,520,253,773,240,136,207,340.20,0.8303,0.7212,0.406407,2,76,20,145.92,0.9966,0.2667,0.052321,4.461
421814,520,388,908,251,56,89,17.66,0.9709,0.5941,0.240624,17,31,70,266.22,0.6895,0.1489,0.015413,4.443
421828,520,305,825,193,127,252,306.69,0.9423,0.6686,0.335451,3,66,14,145.02,0.9937,0.2311,0.039473,4.308
421832,520,428,948,216,45,197,333.39,0.9107,0.5627,0.205091,41,7,34,336.96,0.7044,0.1025,0.007389,4.445
421842,520,384,904,233,55,172,345.66,0.8912,0.5872,0.230373,61,18,30,6.05,0.6295,0.1531,0.015186,4.301
421867,520,456,976,224,57,35,31.00,0.9413,0.5335,0.188977,14,7,28,296.67,0.5902,0.0612,0.003292,4.484
421869,520,397,917,175,101,215,312.37,0.7204,0.5776,0.233284,6,39,20,154.27,0.9074,0.1394,0.015402,4.331
421870,520,419,939,250,20,36,26.74,0.9908,0.5637,0.209554,49,9,2,35.19,0.9091,0.1098,0.008528,4.435
421914,520,453,973,159,78,222,306.84,0.8116,0.5256,0.180942,15,12,29,290.23,0.4467,0.0725,0.004532,4.235
421929,520,414,934,230,1,188,339.17,0.9988,0.5660,0.204782,32,26,30,338.30,0.1292,0.1236,0.011396,4.150
421934,520,385,905,205,88,200,329.25,0.7665,0.5912,0.241303,14,37,48,231.26,0.5342,0.1481,0.016298,4.394
421947,520,417,937,254,2,67,20.13,0.9990,0.5717,0.215233,15,28,40,247.39,0.4000,0.1181,0.010852,4.359
421951,520,460,980,224,20,123,359.01,0.9573,0.5280,0.177804,15,12,11,39.33,0.0910,0.0645,0.003887,4.227
421962,520,480,1000,197,21,183,332.30,0.9437,0.5065,0.158273,0,0,0,0.00,0.0000,0.0000,0.000000,4.165
421963,520,338,858,248,17,249,328.11,0.9956,0.6400,0.271998,44,32,98,285.94,0.7199,0.1995,0.024503,4.322
421969,520,429,949,198,18,247,316.34,0.9882,0.5549,0.191552,31,0,66,296.97,1.0000,0.1036,0.006847,4.249
421970,520,400,920,250,45,25,30.22,0.9814,0.5756,0.222746,16,18,86,271.92,0.9198,0.1373,0.012146,4.389
421992,520,273,793,251,111,202,343.22,0.9549,0.6955,0.361452,67,58,46,74.85,0.1996,0.2570,0.044167,4.369
422009,520,386,906,249,3,161,351.20,0.9975,0.5894,0.227815,54,3,77,311.43,0.9286,0.1535,0.013853,4.351
422016,520,471,991,210,48,137,352.32,0.8330,0.5227,0.176239,12,2,12,327.57,0.6381,0.0392,0.001481,4.395
422018,520,382,902,220,107,42,46.73,0.8637,0.5964,0.259005,9,45,17,147.61,0.9332,0.1603,0.019752,4.430
422023,520,385,905,234,55,170,346.56,0.8921,0.5880,0.231299,38,33,43,307.61,0.1836,0.1543,0.016742,4.215
422025,520,325,845,227,89,246,322.65,0.9541,0.6537,0.301314,40,52,41,147.16,0.2400,0.2093,0.030672,4.355
422041,520,431,951,226,64,51,28.95,0.9065,0.5464,0.200773,43,8,4,31.54,0.8242,0.0971,0.006961,4.403
422046,520,408,928,186,71,241,312.37,0.9146,0.5688,0.212975,57,3,37,347.73,0.8365,0.1293,0.010687,4.333
422058,520,469,989,178,13,246,311.04,0.9902,0.5210,0.164077,3,5,25,271.32,0.7528,0.0450,0.001981,4.118
422061,520,436,956,235,46,39,28.37,0.9564,0.5465,0.197658,9,14,57,271.12,0.8583,0.0943,0.006675,4.370
422088,520,382,902,241,13,203,337.64,0.9914,0.5975,0.233034,28,40,23,136.78,0.4187,0.1568,0.018263,4.146
422110,520,341,861,224,116,109,25.10,0.6887,0.6294,0.294444,3,55,47,179.20,0.9516,0.2011,0.029568,4.329
422141,520,260,780,215,156,157,17.76,0.4294,0.7085,0.406597,44,71,38,139.96,0.5885,0.2708,0.051818,4.484
422152,520,13,533,246,255,205,115.90,1.0000,0.9777,0.955206,17,134,66,150.99,0.9824,0.4721,0.175619,4.455
422158,520,392,912,237,9,208,335.42,0.9939,0.5924,0.227568,55,19,52,330.82,0.6191,0.1544,0.015260,4.253
422159,520,390,910,228,61,179,342.38,0.8693,0.5869,0.230887,18,41,25,152.26,0.5963,0.1532,0.017846,4.140
422181,520,362,882,213,116,102,29.38,0.6262,0.6108,0.275982,37,46,7,121.61,0.8289,0.1807,0.023626,4.428
422184,520,391,911,215,85,172,342.73,0.7456,0.5883,0.239247,62,8,52,336.85,0.7803,0.1533,0.014459,4.487
422189,520,420,940,233,48,104,9.51,0.9038,0.5558,0.204400,36,4,61,304.47,0.8849,0.1109,0.007989,4.387
422199,520,378,898,249,67,61,27.18,0.9675,0.5956,0.244945,44,38,4,99.16,0.8484,0.1645,0.019305,4.256
422201,520,436,956,207,21,218,325.47,0.9751,0.5484,0.188656,6,4,70,269.66,0.9827,0.0910,0.005677,4.286
422213,520,352,872,184,122,201,318.81,0.5794,0.6189,0.283273,39,48,33,133.16,0.2907,0.1938,0.026550,4.354
422216,520,413,933,252,30,46,25.76,0.9877,0.5728,0.218250,44,18,21,13.92,0.4728,0.1196,0.010223,4.454
422233,520,434,954,246,17,43,25.33,0.9913,0.5549,0.201717,39,9,39,327.70,0.6784,0.1050,0.007732,4.360
422234,520,327,847,253,67,204,340.83,0.9857,0.6488,0.292598,23,51,80,251.16,0.5900,0.2141,0.031289,4.215
422238,520,411,931,251,13,94,12.77,0.9909,0.5728,0.216089,16,33,7,136.04,0.8408,0.1224,0.012132,4.283
422285,520,471,991,219,50,34,29.95,0.9424,0.5167,0.174594,5,5,2,108.21,0.3529,0.0360,0.001452,4.365
422295,520,424,944,239,45,97,12.46,0.9288,0.5636,0.210938,34,20,36,322.32,0.3803,0.1150,0.009678,4.372
422297,520,426,946,229,45,150,351.73,0.8957,0.5620,0.207395,12,30,7,139.07,0.8481,0.1104,0.010220,4.274
422300,520,445,965,180,43,250,310.01,0.9740,0.5418,0.183341,2,4,61,266.59,0.9833,0.0771,0.004366,4.292
422319,520,284,804,254,119,139,12.88,0.9726,0.6894,0.361317,33,60,82,244.62,0.4661,0.2472,0.041641,4.488
422347,520,399,919,184,98,204,319.80,0.6970,0.5779,0.232864,6,33,60,251.51,0.7674,0.1407,0.014526,4.384
422369,520,461,981,167,80,204,314.46,0.7483,0.5262,0.183132,7,1,42,279.44,0.9731,0.0540,0.002340,4.454
422376,520,473,993,214,37,137,352.55,0.8828,0.5222,0.174278,5,3,13,294.04,0.5317,0.0349,0.001264,4.375
422384,520,373,893,240,23,211,335.36,0.9840,0.6031,0.238441,24,43,23,143.11,0.5566,0.1630,0.019838,4.130
422393,520,338,858,254,35,215,337.52,0.9948,0.6355,0.271825,8,37,107,263.44,0.9318,0.1955,0.024361,4.328
422394,520,444,964,203,41,195,330.43,0.9004,0.5358,0.182244,26,9,21,339.24,0.4739,0.0755,0.004692,4.246
422418,520,465,985,185,60,188,326.92,0.8010,0.5174,0.171782,1,7,26,260.30,0.8562,0.0484,0.002330,4.238
422425,520,463,983,208,48,169,340.06,0.8502,0.5345,0.183904,26,0,6,6.05,1.0000,0.0521,0.002328,4.470
422440,520,338,858,216,130,59,57.02,0.7742,0.6353,0.308819,9,57,14,144.48,0.9726,0.2012,0.030159,4.476
422442,520,331,851,250,2,242,330.13,0.9995,0.6362,0.267813,54,4,115,293.47,0.9714,0.1958,0.021089,4.471
422444,520,458,978,205,12,206,328.07,0.9829,0.5337,0.177002,10,6,33,285.20,0.7168,0.0591,0.003046,4.279
422456,520,391,911,230,71,144,356.39,0.8186,0.5850,0.233458,32,33,39,278.04,0.1122,0.1459,0.015413,4.333
422465,520,410,930,255,16,35,26.80,1.0000,0.5731,0.217558,26,4,92,280.17,0.9755,0.1346,0.010791,4.401
422480,520,474,994,226,29,39,26.27,0.9733,0.5168,0.171969,1,1,23,270.14,0.9662,0.0307,0.000900,4.361
422486,520,438,958,209,45,200,330.64,0.9043,0.5523,0.196042,21,18,23,311.92,0.1412,0.0887,0.006539,4.352
422508,520,432,952,201,90,109,11.67,0.6352,0.5482,0.208358,28,10,56,296.06,0.7737,0.1039,0.007495,4.494
422522,520,338,858,245,94,135,6.76,0.8660,0.6366,0.291702,0,42,103,258.82,1.0000,0.2007,0.026350,4.475
422523,520,334,854,241,69,225,332.11,0.9374,0.6417,0.283959,36,50,28,134.74,0.4526,0.1959,0.027401,4.315
422525,520,363,883,235,26,237,327.83,0.9868,0.6120,0.245179,61,20,50,339.31,0.6191,0.1652,0.017228,4.391
422534,520,393,913,247,68,66,26.07,0.9548,0.5935,0.243052,27,34,39,239.22,0.1581,0.1438,0.015235,4.492
422538,520,391,911,247,20,154,353.23,0.9800,0.5862,0.226109,13,28,81,266.84,0.8537,0.1498,0.015101,4.241
422553,520,432,952,240,12,90,12.62,0.9885,0.5487,0.195297,35,3,47,315.01,0.8478,0.0955,0.006277,4.359
422571,520,431,951,234,8,140,354.88,0.9881,0.5516,0.195625,3,19,56,262.13,0.8989,0.1001,0.007706,4.257
422576,520,476,996,208,60,37,31.69,0.9122,0.5051,0.167775,3,1,10,295.26,0.7289,0.0249,0.000630,4.301
422577,520,423,943,247,36,19,29.90,0.9855,0.5634,0.210865,33,22,13,60.23,0.3561,0.1095,0.009262,4.402
422581,520,353,873,243,30,222,333.28,0.9821,0.6178,0.252601,45,38,49,313.24,0.1890,0.1784,0.021659,4.223
422592,520,412,932,242,20,134,358.71,0.9752,0.5684,0.211020,40,3,69,303.64,0.9263,0.1234,0.009459,4.390
422594,520,424,944,230,49,122,2.45,0.8848,0.5562,0.204276,43,11,36,337.07,0.6402,0.1126,0.008804,4.324
422603,520,372,892,237,11,235,328.80,0.9955,0.6101,0.242447,22,46,34,160.77,0.5040,0.1745,0.022400,4.039
422609,520,341,861,211,90,250,316.92,0.9640,0.6341,0.280648,37,39,95,277.40,0.6580,0.2047,0.026705,4.311
422624,520,477,997,176,30,234,312.73,0.9611,0.5138,0.161002,3,1,0,66.15,1.0000,0.0193,0.000411,4.186
422628,520,459,979,209,63,114,3.55,0.7786,0.5268,0.183274,16,8,11,354.37,0.2571,0.0573,0.003080,4.395
422633,520,468,988,221,22,112,2.50,0.9501,0.5187,0.171185,14,0,24,311.09,1.0000,0.0431,0.001593,4.287
422641,520,478,998,182,66,168,332.84,0.7379,0.5072,0.166700,2,2,1,107.87,0.2671,0.0224,0.000585,4.284
422648,520,387,907,214,44,244,320.80,0.9632,0.5906,0.226310,25,20,88,277.32,0.8664,0.1495,0.014115,4.310
422666,520,339,859,253,5,246,329.88,0.9989,0.6446,0.276481,26,15,136,271.72,0.9792,0.2049,0.023387,4.449
422667,520,416,936,168,92,238,304.99,0.8526,0.5701,0.221527,17,32,18,145.90,0.4982,0.1222,0.011958,4.382
422674,520,316,836,249,57,242,329.77,0.9783,0.6557,0.294797,6,36,130,264.32,0.9519,0.2193,0.029120,4.358
422675,520,424,944,182,81,220,315.53,0.8099,0.5601,0.209983,21,16,56,283.47,0.7035,0.1063,0.008155,4.470
422676,520,423,943,172,89,225,309.86,0.7996,0.5613,0.213524,25,24,15,102.43,0.2522,0.1054,0.008944,4.471
422689,520,408,928,167,104,217,307.97,0.7125,0.5739,0.231264,4,35,37,201.14,0.8067,0.1316,0.013614,4.421
422695,520,387,907,253,3,139,358.74,0.9977,0.5885,0.228155,52,15,59,320.93,0.7056,0.1482,0.013876,4.355
422704,520,461,981,204,46,171,338.23,0.8515,0.5268,0.177336,9,8,20,286.77,0.3987,0.0543,0.002822,4.304
422706,520,411,931,229,66,114,7.59,0.8342,0.5675,0.217721,46,15,37,340.06,0.5819,0.1243,0.010561,4.421
422714,520,426,946,222,1,200,333.98,0.9988,0.5583,0.197238,42,6,38,332.73,0.7421,0.1051,0.007625,4.290
422743,520,408,928,236,4,171,345.47,0.9953,0.5689,0.208629,32,26,50,294.16,0.4193,0.1343,0.012762,4.121
422750,520,474,994,193,62,169,336.04,0.7741,0.5215,0.176489,0,5,10,233.51,1.0000,0.0336,0.001304,4.415
422752,520,411,931,230,72,74,24.09,0.8681,0.5667,0.219550,3,34,21,161.96,0.9226,0.1218,0.012175,4.335
422756,520,385,905,217,54,225,325.99,0.9298,0.5891,0.228283,15,24,86,269.62,0.8901,0.1477,0.014266,4.330
422758,520,287,807,231,113,237,325.58,0.9034,0.6864,0.349156,23,64,46,162.09,0.7047,0.2377,0.040461,4.412
422762,520,476,996,218,24,88,10.89,0.9508,0.5062,0.162659,2,2,4,284.11,0.2654,0.0240,0.000651,4.199
422773,520,474,994,162,40,255,303.66,1.0000,0.5183,0.164195,8,2,12,314.58,0.6180,0.0349,0.001216,4.182
422780,520,430,950,236,38,82,16.35,0.9469,0.5495,0.198314,20,23,28,260.67,0.1365,0.1024,0.008453,4.248
422783,520,397,917,213,60,219,326.38,0.9033,0.5836,0.224942,13,21,81,269.66,0.9001,0.1352,0.012159,4.423
422800,520,407,927,225,41,191,337.41,0.9284,0.5726,0.213575,25,33,8,124.53,0.6821,0.1297,0.013119,4.176
422835,520,480,1000,223,2,76,14.64,0.9972,0.5072,0.162560,0,0,0,0.00,0.0000,0.0000,0.000000,4.251
422844,520,470,990,167,56,230,309.66,0.8946,0.5165,0.167578,3,0,33,275.27,1.0000,0.0390,0.001292,4.242
422849,520,385,905,223,41,228,326.96,0.9602,0.5923,0.228775,5,29,79,262.11,0.9135,0.1466,0.014754,4.305
422850,520,411,931,220,39,208,331.35,0.9430,0.5727,0.212230,20,25,45,272.10,0.4160,0.1169,0.010334,4.346
422858,520,431,951,221,66,108,8.81,0.8101,0.5507,0.203538,28,22,12,79.93,0.3322,0.1029,0.008473,4.336
422877,520,321,841,233,97,213,333.71,0.8667,0.6537,0.306794,39,52,51,190.48,0.1759,0.2122,0.031263,4.391
422914,520,408,928,241,10,156,351.20,0.9890,0.5728,0.213213,10,5,99,268.87,0.9904,0.1340,0.010738,4.334
422918,520,356,876,239,34,236,328.96,0.9816,0.6215,0.255536,58,26,62,323.04,0.5702,0.1774,0.019862,4.373
422926,520,360,880,240,58,204,337.57,0.9306,0.6186,0.259138,52,38,35,32.27,0.2018,0.1816,0.022377,4.271
422928,520,425,945,199,3,253,315.47,0.9984,0.5582,0.193006,26,24,27,314.68,0.0760,0.1105,0.009520,4.083
422935,520,453,973,167,72,225,309.65,0.8405,0.5307,0.182872,7,11,39,272.00,0.7262,0.0711,0.004310,4.288
422936,520,464,984,208,24,170,339.28,0.9349,0.5202,0.169676,2,10,10,195.33,0.5529,0.0484,0.002519,4.183
422937,520,298,818,219,113,243,319.95,0.9116,0.6731,0.333429,32,59,58,192.63,0.3874,0.2312,0.037404,4.387
422938,520,394,914,236,67,131,2.20,0.8505,0.5870,0.234888,17,37,28,163.47,0.4778,0.1408,0.015261,4.365
422950,520,433,953,245,2,78,16.47,0.9985,0.5545,0.200095,45,8,18,7.84,0.6999,0.1043,0.007753,4.330
422957,520,472,992,210,67,12,37.39,0.9737,0.5158,0.177448,11,2,0,49.03,1.0000,0.0332,0.001146,4.447
422966,520,432,952,213,79,108,10.48,0.7336,0.5522,0.208230,4,24,34,232.18,0.6917,0.0971,0.007945,4.456
422981,520,407,927,238,51,105,10.21,0.9082,0.5683,0.215678,18,23,69,273.07,0.7573,0.1300,0.011710,4.305
422986,520,441,961,178,85,197,320.57,0.7186,0.5448,0.199942,20,18,30,291.58,0.2893,0.0910,0.006751,4.404
422989,520,371,891,247,62,159,353.58,0.9266,0.6130,0.257258,65,25,9,41.10,0.7506,0.1678,0.018390,4.493
422992,520,336,856,231,76,244,324.59,0.9543,0.6442,0.286917,19,56,18,142.97,0.9184,0.2022,0.030104,4.206
422993,520,434,954,202,57,192,331.00,0.8433,0.5452,0.192904,33,6,50,308.79,0.7973,0.0995,0.006839,4.274
422995,520,398,918,202,111,46,52.45,0.7895,0.5752,0.241245,18,32,59,262.37,0.5520,0.1433,0.014773,4.496
423012,520,428,948,238,44,78,18.43,0.9406,0.5567,0.205318,36,10,43,318.54,0.6787,0.1043,0.007666,4.428
423019,520,470,990,208,24,170,339.28,0.9349,0.5202,0.169676,4,3,24,279.52,0.7884,0.0404,0.001569,4.260
423020,520,367,887,217,79,223,326.10,0.8775,0.6121,0.256733,35,41,43,219.82,0.0952,0.1730,0.021176,4.310
423024,520,382,902,230,95,57,36.39,0.8636,0.5954,0.253055,35,35,58,283.15,0.3572,0.1646,0.018649,4.415
423028,520,428,948,232,19,166,346.28,0.9720,0.5621,0.203776,12,0,81,272.73,1.0000,0.1035,0.006722,4.474
423031,520,443,963,214,44,165,342.89,0.8727,0.5403,0.188164,30,10,6,34.14,0.5639,0.0784,0.005063,4.325
423034,520,356,876,248,81,127,7.90,0.9155,0.6231,0.273769,66,32,10,50.58,0.7177,0.1837,0.022134,4.488
423036,520,384,904,248,17,161,351.20,0.9848,0.5904,0.229339,38,31,39,322.07,0.1731,0.1473,0.015385,4.272
423051,520,352,872,230,67,228,328.51,0.9285,0.6236,0.264411,10,50,55,207.11,0.7502,0.1905,0.026215,4.125
423052,520,457,977,210,52,152,346.83,0.8257,0.5329,0.184268,1,7,35,263.62,0.9271,0.0552,0.002797,4.437
423066,520,424,944,237,45,106,9.05,0.9198,0.5620,0.209250,26,24,28,308.03,0.0956,0.1109,0.009567,4.352
423068,520,460,980,191,76,164,337.84,0.7048,0.5329,0.189271,13,11,19,295.83,0.2524,0.0635,0.003719,4.454
423114,520,342,862,232,50,254,323.02,0.9961,0.6309,0.265951,39,18,115,281.68,0.9175,0.1911,0.021017,4.449
423125,520,394,914,238,24,191,340.31,0.9758,0.5883,0.225949,48,25,4,60.47,0.7710,0.1372,0.013325,4.358
423138,520,362,882,238,17,229,330.43,0.9919,0.6092,0.242379,43,25,91,289.84,0.7556,0.1789,0.019642,4.198
423153,520,339,859,243,101,135,8.11,0.8355,0.6430,0.301142,1,53,56,201.01,0.9755,0.1979,0.028380,4.480
423155,520,357,877,216,106,177,342.82,0.6773,0.6232,0.280832,3,52,9,144.67,0.9902,0.1811,0.024950,4.414
423168,520,406,926,226,17,222,329.30,0.9878,0.5833,0.218460,4,32,50,240.87,0.7846,0.1299,0.012891,4.269
423176,520,476,996,222,38,41,26.74,0.9563,0.5140,0.170787,8,0,2,359.68,1.0000,0.0239,0.000560,4.367
423177,520,374,894,220,107,20,50.25,0.9446,0.5951,0.257839,30,40,32,150.78,0.2264,0.1612,0.018979,4.463
423188,520,419,939,243,44,63,23.01,0.9559,0.5643,0.212183,4,15,76,266.13,0.9536,0.1139,0.008892,4.452
423209,520,477,997,178,48,214,317.56,0.8886,0.5129,0.164350,7,0,0,29.23,1.0000,0.0213,0.000452,4.249
423225,520,355,875,243,91,109,16.67,0.8731,0.6219,0.276440,17,51,19,144.58,0.8961,0.1844,0.025338,4.333
423241,520,457,977,169,60,235,308.93,0.8987,0.5277,0.176657,6,8,33,274.07,0.7139,0.0599,0.003222,4.259
423278,520,467,987,142,90,212,300.52,0.7303,0.5154,0.178168,9,4,3,36.35,0.3052,0.0379,0.001515,4.429
423297,520,373,893,241,36,196,339.73,0.9626,0.6017,0.239510,73,2,37,358.09,0.9167,0.1623,0.015937,4.391
423302,520,220,740,237,167,105,61.47,0.7278,0.7473,0.466639,8,84,45,153.98,0.9764,0.3001,0.065814,4.461
423305,520,459,979,207,61,130,355.75,0.7787,0.5267,0.182167,7,6,32,279.37,0.7351,0.0559,0.002797,4.397
423314,520,342,862,252,70,149,358.79,0.9636,0.6257,0.272491,9,42,88,257.94,0.8431,0.1895,0.024184,4.347
423324,520,388,908,223,32,238,324.65,0.9777,0.5946,0.228962,53,24,25,18.77,0.4610,0.1478,0.014804,4.305
423327,520,361,881,239,36,234,329.43,0.9792,0.6211,0.255557,1,51,1,142.56,0.9974,0.1759,0.023762,4.142
423341,520,467,987,205,28,172,337.90,0.9188,0.5176,0.167902,16,0,22,317.96,1.0000,0.0442,0.001681,4.216
423344,520,324,844,241,79,215,334.98,0.9225,0.6460,0.292017,34,50,58,230.26,0.2659,0.2053,0.029267,4.315
423346,520,389,909,213,59,236,322.07,0.9320,0.5943,0.233320,69,1,20,12.67,0.9711,0.1466,0.013376,4.470
423379,520,314,834,252,108,109,22.27,0.9556,0.6617,0.325279,46,55,31,125.41,0.4163,0.2211,0.034121,4.461
423420,520,466,986,169,74,196,318.10,0.7505,0.5150,0.173190,16,7,3,53.67,0.4634,0.0526,0.002687,4.236
423426,520,384,904,230,95,13,43.96,0.9771,0.5922,0.250392,17,42,14,141.61,0.8506,0.1534,0.018068,4.413
423431,520,328,848,241,74,235,329.48,0.9445,0.6524,0.295991,53,39,79,298.29,0.4933,0.2084,0.027725,4.452
423470,520,323,843,197,130,198,326.28,0.5570,0.6491,0.319138,27,57,19,139.47,0.8618,0.2100,0.032062,4.498
423475,520,283,803,243,133,111,32.44,0.8254,0.6895,0.369801,4,72,20,146.04,0.9921,0.2532,0.047108,4.323
423494,520,467,987,125,95,231,289.02,0.8121,0.5204,0.183137,21,1,2,20.62,0.8764,0.0449,0.001855,4.496
423498,520,466,986,231,4,23,27.48,0.9977,0.5178,0.171407,8,1,41,281.76,0.9672,0.0539,0.002334,4.231
423506,520,465,985,230,27,34,27.10,0.9789,0.5238,0.177254,9,8,21,286.13,0.4241,0.0548,0.002859,4.299
423520,520,344,864,254,29,217,336.97,0.9950,0.6342,0.269626,33,48,48,196.12,0.2237,0.1939,0.026506,4.178
423529,520,412,932,193,73,224,318.66,0.8565,0.5690,0.214857,13,32,8,139.40,0.8463,0.1175,0.011361,4.316
423539,520,429,949,165,79,245,303.88,0.9184,0.5531,0.201844,4,27,6,145.37,0.9424,0.0962,0.008228,4.325
423545,520,470,990,188,52,193,326.48,0.8414,0.5176,0.169990,2,4,19,269.16,0.7194,0.0376,0.001467,4.274
423549,520,324,844,253,85,169,353.36,0.9720,0.6511,0.302475,5,59,13,144.90,0.9865,0.2069,0.031891,4.304
423558,520,473,993,228,33,30,28.28,0.9719,0.5224,0.176784,1,5,0,136.39,1.0000,0.0307,0.001150,4.434
423560,520,479,999,211,25,142,349.49,0.9222,0.5120,0.164994,0,0,5,264.05,1.0000,0.0116,0.000110,4.290
423563,520,447,967,229,56,32,31.22,0.9530,0.5423,0.195936,23,8,38,304.00,0.6768,0.0798,0.004958,4.475
423566,520,414,934,251,13,86,15.13,0.9915,0.5711,0.214726,34,6,71,295.55,0.8916,0.1209,0.009253,4.468
423568,520,436,956,196,78,171,336.76,0.7197,0.5474,0.201264,8,22,20,184.06,0.4229,0.0874,0.006759,4.427
423569,520,411,931,204,22,246,318.10,0.9853,0.5651,0.200666,53,10,17,15.22,0.7356,0.1222,0.010146,4.168
423573,520,480,1000,225,8,72,16.36,0.9903,0.5120,0.166520,0,0,0,0.00,0.0000,0.0000,0.000000,4.330
423584,520,462,982,218,49,109,5.31,0.8566,0.5285,0.182087,11,1,38,288.88,0.9474,0.0536,0.002328,4.435
423586,520,448,968,239,17,58,21.82,0.9878,0.5418,0.190604,1,19,28,229.78,0.8618,0.0781,0.005560,4.331
423589,520,39,559,228,249,194,124.78,0.8046,0.9453,0.881400,15,130,10,142.35,0.9946,0.4525,0.160881,4.417
423594,520,429,949,160,99,200,310.38,0.6472,0.5452,0.205679,24,18,33,302.05,0.3487,0.0968,0.007366,4.457
423599,520,338,858,196,109,248,310.99,0.9193,0.6395,0.294513,51,43,52,322.51,0.1576,0.1999,0.026795,4.486
423638,520,475,995,196,35,197,327.91,0.9139,0.5211,0.169707,0,5,3,171.05,1.0000,0.0307,0.001151,4.295
423648,520,471,991,225,34,24,29.24,0.9708,0.5163,0.172204,5,5,13,282.92,0.3740,0.0403,0.001699,4.298
423652,520,416,936,237,29,164,348.22,0.9570,0.5746,0.215666,18,30,33,214.99,0.2667,0.1223,0.011669,4.308
423669,520,377,897,246,65,106,12.79,0.9244,0.5964,0.244173,13,38,57,244.12,0.6112,0.1560,0.017671,4.347
423670,520,392,912,162,114,220,303.14,0.6908,0.5882,0.248836,42,34,19,82.53,0.3758,0.1534,0.016833,4.471
423672,520,394,914,227,2,240,325.34,0.9991,0.5946,0.226679,16,38,13,141.37,0.8103,0.1395,0.015254,4.240
423678,520,377,897,244,38,182,344.48,0.9560,0.6009,0.239998,58,11,63,323.73,0.7716,0.1565,0.014979,4.463
423694,520,421,941,225,24,177,341.35,0.9590,0.5562,0.198377,34,6,65,299.02,0.8680,0.1147,0.008520,4.244
423701,520,463,983,226,28,99,8.43,0.9457,0.5276,0.179029,1,6,25,261.73,0.8618,0.0454,0.002069,4.399
423729,520,424,944,234,49,99,11.57,0.9069,0.5572,0.205929,47,8,28,352.73,0.7030,0.1118,0.008619,4.366
423742,520,469,989,215,62,61,25.50,0.8721,0.5242,0.182317,14,4,2,40.05,0.5422,0.0429,0.001846,4.481
423748,520,476,996,172,55,208,316.86,0.8501,0.5054,0.160581,3,0,2,338.03,1.0000,0.0160,0.000237,4.192
423755,520,312,832,250,100,167,355.39,0.9193,0.6641,0.322314,36,53,74,254.18,0.3693,0.2243,0.034156,4.424
423772,520,363,883,209,79,232,321.30,0.8873,0.6056,0.249751,63,28,27,22.96,0.5046,0.1736,0.019666,4.303
423781,520,479,999,226,9,62,19.46,0.9909,0.5126,0.167148,0,0,1,264.05,1.0000,0.0060,0.000022,4.341
423782,520,362,882,208,94,212,326.23,0.7892,0.6111,0.261704,6,50,35,165.27,0.9126,0.1809,0.024412,4.189
423788,520,426,946,234,34,137,356.72,0.9351,0.5596,0.204456,26,0,80,284.88,1.0000,0.1143,0.007988,4.388
423792,520,466,986,231,11,36,25.82,0.9931,0.5204,0.173587,6,8,7,165.18,0.1052,0.0464,0.002277,4.277
423796,520,413,933,238,55,81,18.97,0.9167,0.5660,0.215068,57,3,15,14.28,0.9000,0.1210,0.009696,4.440
423800,520,462,982,205,16,196,330.75,0.9714,0.5279,0.173372,18,3,14,337.40,0.6214,0.0498,0.002254,4.275
423803,520,478,998,200,59,131,353.33,0.7687,0.5121,0.170479,5,0,11,309.75,1.0000,0.0246,0.000564,4.360
423806,520,330,850,251,10,238,331.25,0.9973,0.6366,0.269025,43,48,67,272.85,0.2666,0.2123,0.030327,3.972
423837,520,351,871,253,21,212,337.98,0.9903,0.6268,0.261757,88,2,13,22.96,0.9828,0.1902,0.021476,4.362
423839,520,380,900,197,94,218,320.58,0.7859,0.5986,0.249390,21,43,34,165.83,0.4594,0.1643,0.020026,4.275
423865,520,219,739,224,158,234,322.05,0.7695,0.7534,0.462427,2,87,3,142.66,0.9982,0.3038,0.068356,4.330
423890,520,447,967,211,59,155,346.40,0.8067,0.5428,0.193455,21,1,50,295.07,0.9602,0.0757,0.004114,4.499
423892,520,370,890,201,87,241,316.15,0.9063,0.6098,0.255861,58,31,11,54.78,0.6535,0.1681,0.019038,4.430
423898,520,424,944,205,78,163,342.88,0.7303,0.5582,0.210741,33,22,13,60.23,0.3561,0.1095,0.009262,4.400
423906,520,442,962,199,14,223,322.16,0.9848,0.5362,0.177855,7,13,39,269.61,0.6900,0.0751,0.004795,4.158
423908,520,473,993,227,13,93,9.89,0.9807,0.5224,0.174120,7,2,2,20.55,0.4264,0.0295,0.000930,4.401
423909,520,392,912,255,46,54,25.77,1.0000,0.5890,0.234841,42,18,79,296.22,0.7728,0.1548,0.014894,4.389
423949,520,318,838,251,106,102,24.35,0.9492,0.6555,0.317798,64,50,12,88.09,0.7516,0.2247,0.033978,4.380
423952,520,387,907,236,30,191,339.91,0.9649,0.5869,0.225258,65,10,32,1.35,0.7631,0.1514,0.014454,4.271
423961,520,458,978,233,32,2,30.89,0.9980,0.5311,0.183642,15,2,43,290.80,0.9137,0.0642,0.003194,4.392
423964,520,421,941,242,47,29,30.06,0.9705,0.5608,0.210023,33,22,11,65.53,0.4134,0.1091,0.009213,4.391
423966,520,361,881,240,67,186,343.29,0.8956,0.6171,0.260876,64,26,46,349.32,0.5290,0.1785,0.020262,4.425
423976,520,445,965,201,83,103,12.48,0.6724,0.5355,0.195852,2,14,44,261.67,0.8909,0.0777,0.005088,4.463
423984,520,335,855,242,56,239,328.84,0.9650,0.6414,0.279403,13,30,119,266.74,0.9464,0.1968,0.023459,4.484
423991,520,478,998,213,54,49,27.26,0.9063,0.5100,0.170087,0,0,9,264.05,1.0000,0.0151,0.000197,4.384
423992,520,310,830,236,116,164,356.58,0.7527,0.6646,0.330064,7,63,24,148.39,0.9758,0.2231,0.036660,4.386
423994,520,425,945,190,44,248,313.32,0.9656,0.5559,0.195270,26,13,57,291.42,0.7397,0.1070,0.008029,4.227
424001,520,368,888,241,76,147,358.12,0.8644,0.6114,0.259792,22,35,77,267.87,0.6613,0.1680,0.019084,4.484
424024,520,406,926,218,53,217,328.36,0.9220,0.5847,0.224635,10,30,47,246.66,0.5891,0.1251,0.011983,4.431
424030,520,344,864,248,78,147,359.73,0.9164,0.6262,0.275150,29,51,22,138.54,0.6770,0.1922,0.026867,4.230
424033,520,369,889,215,80,219,326.61,0.8624,0.6077,0.253007,42,33,64,295.80,0.4494,0.1713,0.019501,4.360
424045,520,461,981,197,46,197,328.10,0.8800,0.5304,0.178572,2,4,30,269.25,0.9007,0.0453,0.001935,4.401
424054,520,478,998,196,57,145,346.08,0.7739,0.5089,0.167082,1,0,9,282.67,1.0000,0.0172,0.000262,4.319
424060,520,331,851,248,100,113,17.93,0.9066,0.6441,0.302662,54,46,31,82.86,0.2922,0.2041,0.028372,4.500
424061,520,440,960,206,73,150,348.23,0.7390,0.5475,0.200909,11,6,68,273.76,0.9580,0.0948,0.006187,4.466
424080,520,368,888,230,92,146,358.75,0.7632,0.6120,0.265551,8,41,73,251.43,0.7813,0.1740,0.021184,4.433
424088,520,413,933,247,35,88,15.34,0.9636,0.5715,0.216843,51,15,3,40.22,0.8439,0.1228,0.010521,4.409
424099,520,444,964,196,85,139,352.28,0.6436,0.5426,0.200985,10,19,26,242.54,0.3272,0.0832,0.006048,4.478
424105,520,450,970,200,39,207,326.24,0.9204,0.5374,0.182371,3,10,42,266.20,0.8787,0.0687,0.004036,4.300
424115,520,441,961,181,33,252,310.22,0.9853,0.5389,0.179408,5,3,69,269.02,0.9877,0.0875,0.005270,4.151
424117,520,390,910,253,35,100,12.30,0.9855,0.5865,0.230085,59,19,12,31.95,0.7112,0.1462,0.014222,4.361
424138,520,231,751,255,122,239,332.17,1.0000,0.7351,0.414137,13,76,79,199.86,0.8486,0.2866,0.058187,4.290
424142,520,415,935,238,25,155,351.19,0.9640,0.5708,0.212420,37,10,57,306.76,0.7662,0.1166,0.009058,4.443
424150,520,452,972,175,36,248,309.19,0.9670,0.5280,0.171539,13,8,39,285.08,0.7175,0.0702,0.004057,4.098
424153,520,424,944,237,22,144,354.49,0.9674,0.5630,0.205950,0,29,42,230.78,1.0000,0.1140,0.010458,4.233
424187,520,459,979,184,68,199,322.94,0.7962,0.5321,0.184494,11,14,9,132.81,0.2029,0.0650,0.004049,4.339
424207,520,441,961,224,19,148,350.28,0.9606,0.5380,0.184538,25,20,4,93.46,0.6451,0.0926,0.007158,4.103
424212,520,460,980,142,84,245,295.13,0.9111,0.5322,0.186841,24,1,20,334.89,0.8149,0.0566,0.002664,4.497
424215,520,438,958,194,68,196,327.19,0.8030,0.5461,0.195906,36,10,13,15.27,0.5729,0.0898,0.006213,4.375
424224,520,444,964,172,94,184,322.13,0.6263,0.5428,0.202376,17,19,15,128.99,0.1269,0.0843,0.006194,4.491
424232,520,471,991,223,44,2,32.57,0.9974,0.5181,0.174965,8,1,19,303.20,0.8279,0.0359,0.001204,4.394
424242,520,469,989,197,58,170,336.82,0.7965,0.5247,0.178004,3,8,11,226.94,0.3646,0.0450,0.002172,4.370
424259,520,388,908,220,36,241,323.17,0.9736,0.5937,0.228303,8,36,55,242.23,0.7021,0.1467,0.015891,4.224
424263,520,369,889,227,95,142,0.58,0.7365,0.6099,0.264707,11,49,14,144.49,0.9485,0.1742,0.022994,4.311
424267,520,418,938,249,7,79,16.73,0.9954,0.5642,0.208598,4,32,28,182.12,0.8092,0.1182,0.011426,4.210
424272,520,442,962,231,53,7,33.34,0.9919,0.5423,0.195535,34,1,38,323.57,0.8948,0.0838,0.005018,4.463
424275,520,380,900,191,106,204,322.15,0.6772,0.6008,0.257452,45,36,8,91.12,0.7085,0.1608,0.018372,4.497
424298,520,375,895,253,15,170,349.47,0.9897,0.6036,0.241301,26,39,45,228.15,0.2543,0.1603,0.018601,4.246
424319,520,357,877,249,23,217,335.85,0.9887,0.6230,0.257654,75,5,60,339.18,0.8417,0.1813,0.019309,4.439
424320,520,466,986,171,39,243,308.92,0.9527,0.5195,0.165809,21,2,10,352.78,0.7107,0.0501,0.002248,4.130
424324,520,438,958,233,13,150,351.48,0.9807,0.5549,0.198164,31,9,32,325.79,0.6048,0.0883,0.005910,4.439
424339,520,406,926,239,61,97,14.57,0.8929,0.5769,0.225544,39,28,23,45.64,0.2267,0.1350,0.013237,4.357
424353,520,372,892,252,27,171,349.20,0.9778,0.6058,0.244230,54,29,54,326.97,0.4543,0.1722,0.019294,4.246
424374,520,406,926,217,20,238,323.27,0.9872,0.5799,0.214271,11,10,92,269.69,0.9745,0.1306,0.010609,4.360
424400,520,332,852,247,99,113,17.56,0.8968,0.6409,0.298932,24,51,64,230.98,0.4865,0.2047,0.029319,4.399
424409,520,374,894,230,89,119,10.41,0.7757,0.5991,0.253023,14,46,2,138.36,0.9871,0.1635,0.020517,4.297
424416,520,369,889,235,52,217,332.71,0.9457,0.6129,0.251305,78,3,6,26.30,0.9749,0.1668,0.016983,4.498
424417,520,441,961,169,70,231,309.11,0.8673,0.5357,0.185856,22,7,53,291.33,0.8204,0.0897,0.005796,4.227
424443,520,341,861,243,58,214,335.49,0.9444,0.6294,0.269387,69,33,47,356.46,0.4545,0.2007,0.025583,4.226
424462,520,331,851,247,80,190,344.30,0.9305,0.6443,0.292322,48,47,5,108.13,0.8652,0.1952,0.026724,4.462
424468,520,381,901,217,70,220,327.08,0.8900,0.6004,0.243013,14,42,46,207.90,0.5710,0.1623,0.019465,4.218
424476,520,397,917,251,43,16,30.82,0.9889,0.5759,0.222781,31,36,11,118.99,0.6156,0.1449,0.015772,4.147
424486,520,474,994,225,39,51,24.63,0.9512,0.5221,0.177005,12,1,5,352.32,0.7077,0.0336,0.001108,4.442
424488,520,340,860,249,101,76,31.76,0.9475,0.6401,0.299721,0,58,5,143.82,1.0000,0.2010,0.030369,4.351
424492,520,419,939,209,51,206,328.92,0.8973,0.5607,0.203811,4,26,46,248.31,0.7519,0.1102,0.009618,4.257
424515,520,438,958,243,14,43,25.09,0.9926,0.5477,0.195466,29,6,45,307.85,0.7742,0.0897,0.005809,4.398
424546,520,445,965,235,42,26,29.87,0.9715,0.5426,0.193958,30,4,33,323.66,0.7514,0.0791,0.004727,4.458
424551,520,268,788,248,111,211,339.14,0.9391,0.6950,0.360311,38,69,37,143.40,0.6418,0.2600,0.048018,4.186
424557,520,352,872,249,60,173,349.19,0.9478,0.6209,0.263918,15,40,88,261.80,0.7898,0.1865,0.023236,4.286
424564,520,445,965,225,66,13,35.84,0.9806,0.5438,0.199358,8,21,6,140.54,0.7123,0.0806,0.006011,4.452
424587,520,357,877,227,84,196,337.29,0.8311,0.6186,0.266594,62,28,47,346.95,0.4842,0.1793,0.020600,4.484
424593,520,438,958,231,55,51,27.19,0.9305,0.5472,0.199633,12,4,69,274.80,0.9708,0.0937,0.005946,4.462
424612,520,388,908,247,31,158,352.28,0.9640,0.5921,0.232261,33,36,27,122.59,0.1899,0.1507,0.016642,4.235
424615,520,426,946,247,18,76,17.77,0.9871,0.5620,0.207321,20,28,10,128.66,0.5445,0.1107,0.010011,4.288
424657,520,408,928,254,14,11,29.07,0.9967,0.5692,0.214129,23,15,81,278.66,0.8843,0.1319,0.011178,4.317
424658,520,419,939,201,56,213,324.63,0.8855,0.5563,0.200516,10,29,15,150.60,0.6581,0.1078,0.009777,4.191
424666,520,441,961,200,92,35,44.82,0.8485,0.5362,0.200569,24,17,33,303.61,0.3763,0.0946,0.007049,4.392
424667,520,442,962,206,24,207,328.02,0.9621,0.5400,0.182820,17,10,37,291.74,0.6242,0.0759,0.004698,4.256
424669,520,304,824,247,89,218,335.82,0.9510,0.6685,0.319836,14,63,55,179.70,0.8050,0.2341,0.039240,4.144
424677,520,417,937,251,21,72,19.33,0.9866,0.5707,0.215171,34,21,49,303.81,0.5096,0.1250,0.010982,4.348
424683,520,424,944,193,50,242,315.29,0.9402,0.5600,0.200308,41,15,8,36.29,0.6172,0.1057,0.008307,4.293
424691,520,426,946,238,27,119,3.34,0.9591,0.5577,0.202961,8,20,66,267.04,0.8723,0.1147,0.009452,4.255
424711,520,424,944,219,54,168,343.52,0.8546,0.5589,0.205279,28,6,70,289.75,0.9027,0.1125,0.008193,4.387
424720,520,452,972,229,3,123,359.53,0.9947,0.5338,0.181561,10,8,44,278.32,0.8054,0.0720,0.004200,4.272
424725,520,363,883,252,60,131,4.11,0.9683,0.6104,0.255693,27,40,59,257.77,0.3794,0.1716,0.020663,4.326
424728,520,355,875,242,40,228,331.57,0.9744,0.6244,0.259991,65,26,34,9.04,0.5297,0.1754,0.019783,4.442
424733,520,403,923,240,32,159,350.54,0.9534,0.5794,0.220646,55,9,32,354.15,0.7294,0.1302,0.011120,4.428
424735,520,441,961,192,18,246,314.93,0.9871,0.5445,0.182942,11,13,48,274.93,0.7525,0.0853,0.005724,4.180
424748,520,415,935,237,26,153,351.66,0.9605,0.5683,0.210462,10,30,41,235.07,0.5475,0.1215,0.011531,4.233
424765,520,420,940,220,49,171,342.57,0.8757,0.5582,0.203549,49,5,19,6.31,0.7891,0.1081,0.008086,4.365
424779,520,454,974,212,50,138,352.56,0.8312,0.5286,0.181155,7,19,7,144.09,0.6228,0.0745,0.005262,4.183
424786,520,439,959,196,48,219,321.77,0.9117,0.5456,0.189657,14,0,69,277.45,1.0000,0.0890,0.005230,4.339
424789,520,395,915,239,38,171,346.72,0.9437,0.5862,0.226802,0,34,53,237.97,1.0000,0.1359,0.014010,4.324
424791,520,391,911,245,49,139,359.11,0.9220,0.5911,0.234765,17,23,93,270.64,0.9103,0.1548,0.015222,4.366
424796,520,401,921,254,22,69,20.36,0.9948,0.5768,0.220781,2,28,77,260.69,0.9569,0.1409,0.013791,4.245
424797,520,358,878,246,60,186,344.40,0.9343,0.6215,0.263728,30,36,81,274.23,0.6176,0.1797,0.021318,4.399
424810,520,416,936,250,27,67,20.88,0.9813,0.5700,0.215168,21,15,76,278.15,0.8713,0.1246,0.010228,4.403
424818,520,406,926,246,28,142,357.12,0.9660,0.5823,0.223797,20,25,68,273.62,0.7031,0.1349,0.012613,4.373
424834,520,318,838,247,114,74,37.36,0.9183,0.6565,0.323062,2,63,23,148.90,0.9934,0.2216,0.036296,4.323
424842,520,368,888,248,53,162,352.18,0.9408,0.6088,0.251146,53,25,69,311.52,0.6209,0.1729,0.018819,4.376
424843,520,453,973,209,30,176,337.72,0.9213,0.5284,0.176206,24,4,27,322.62,0.7037,0.0666,0.003602,4.220
424853,520,160,680,247,188,162,44.88,0.7471,0.8165,0.583510,12,100,28,145.05,0.9883,0.3524,0.092760,4.438
424854,520,413,933,210,36,238,321.27,0.9670,0.5749,0.211382,33,16,62,296.07,0.7147,0.1246,0.010417,4.326
424864,520,452,972,197,88,61,35.11,0.7376,0.5273,0.191885,15,1,55,284.00,0.9781,0.0747,0.003991,4.480
424866,520,407,927,232,9,194,338.00,0.9912,0.5748,0.212489,56,14,5,34.62,0.8390,0.1313,0.011659,4.257
424886,520,412,932,238,9,155,350.88,0.9889,0.5662,0.207421,13,7,89,271.39,0.9778,0.1242,0.009587,4.320
424892,520,390,910,247,2,179,345.49,0.9985,0.5938,0.230755,70,3,21,12.95,0.9244,0.1513,0.014216,4.372
424911,520,407,927,152,104,237,297.18,0.8138,0.5701,0.226906,22,20,76,277.19,0.8150,0.1340,0.011926,4.472
424915,520,467,987,215,20,149,347.88,0.9471,0.5211,0.171197,4,5,23,275.27,0.6701,0.0446,0.001962,4.257
424916,520,479,999,177,43,220,315.92,0.9136,0.5120,0.162433,0,0,1,264.05,1.0000,0.0060,0.000022,4.247
424920,520,225,745,207,174,185,356.05,0.2686,0.7475,0.470410,19,81,80,193.40,0.7984,0.3047,0.066022,4.485
424924,520,446,966,227,42,90,13.05,0.9159,0.5356,0.187279,8,14,45,270.42,0.7416,0.0827,0.005551,4.271
424943,520,352,872,207,84,253,315.34,0.9849,0.6231,0.266993,30,33,102,274.51,0.8054,0.1929,0.023229,4.329
424961,520,227,747,238,146,232,329.27,0.8880,0.7474,0.445629,26,79,51,156.91,0.8153,0.2900,0.060504,4.485
424986,520,362,882,248,21,207,338.18,0.9880,0.6148,0.250009,56,15,84,307.24,0.8061,0.1753,0.018226,4.397
424995,520,476,996,193,22,201,326.06,0.9544,0.5121,0.161299,5,0,1,3.86,1.0000,0.0188,0.000345,4.197
425038,520,353,873,230,64,229,328.28,0.9342,0.6215,0.261493,37,42,38,151.45,0.0992,0.1758,0.021892,4.333
425040,520,365,885,232,39,233,327.98,0.9720,0.6099,0.244925,59,24,55,331.83,0.5674,0.1712,0.018590,4.300
425041,520,433,953,218,13,198,333.55,0.9831,0.5521,0.192728,15,21,45,271.01,0.5309,0.1031,0.008273,4.165
425057,520,405,925,229,48,188,339.41,0.9153,0.5828,0.224053,1,31,52,243.10,0.9216,0.1269,0.012343,4.396
425084,520,407,927,254,22,3,29.88,0.9982,0.5713,0.216551,29,21,60,288.93,0.6272,0.1275,0.011238,4.353
425092,520,435,955,208,28,208,328.26,0.9557,0.5459,0.187964,17,6,59,282.48,0.8985,0.0892,0.005652,4.276
425102,520,426,946,221,12,197,334.56,0.9853,0.5568,0.196687,29,9,58,296.48,0.7983,0.1055,0.007621,4.281
425109,520,434,954,162,75,250,302.25,0.9572,0.5482,0.196161,26,13,46,298.59,0.6440,0.0977,0.007047,4.315
425123,520,39,559,220,246,241,182.89,0.5362,0.9451,0.874773,35,128,7,140.51,0.9952,0.4501,0.158104,4.444
425127,520,358,878,215,84,235,322.14,0.8998,0.6226,0.267876,6,28,114,265.09,0.9560,0.1845,0.020840,4.487
425134,520,400,920,175,87,249,305.70,0.9401,0.5802,0.227705,7,32,57,251.28,0.7286,0.1361,0.013735,4.357
425150,520,388,908,156,110,245,296.27,0.8599,0.5912,0.248125,31,33,52,278.90,0.3223,0.1518,0.016269,4.499
425153,520,447,967,193,77,165,338.15,0.7067,0.5381,0.193634,16,18,17,164.58,0.0559,0.0815,0.005832,4.364
425154,520,246,766,252,143,138,23.41,0.9236,0.7272,0.421781,57,72,12,123.00,0.8779,0.2809,0.055311,4.480
425155,520,363,883,253,41,154,355.14,0.9821,0.6071,0.248051,64,25,10,40.64,0.7290,0.1661,0.018073,4.378
425161,520,425,945,172,111,147,343.84,0.4080,0.5561,0.222470,9,32,2,138.10,0.9734,0.1142,0.010954,4.470
425179,520,283,803,228,112,253,320.24,0.9857,0.6900,0.351759,86,45,46,19.07,0.4348,0.2533,0.040527,4.438
425183,520,389,909,170,113,214,308.71,0.6667,0.5920,0.252119,22,41,17,139.35,0.6708,0.1539,0.017969,4.445
425189,520,436,956,186,59,239,313.50,0.9191,0.5548,0.198001,5,24,26,204.27,0.6081,0.0937,0.007601,4.306
425190,520,388,908,204,83,218,323.42,0.8309,0.5938,0.240874,54,26,23,27.09,0.4560,0.1530,0.015850,4.417
425196,520,390,910,249,58,58,26.35,0.9700,0.5867,0.234749,41,28,52,308.26,0.4110,0.1509,0.015499,4.347
425199,520,429,949,210,43,201,330.64,0.9127,0.5533,0.196484,12,26,0,131.38,1.0000,0.0966,0.008169,4.237
425212,520,307,827,241,91,226,331.91,0.9295,0.6656,0.316764,0,51,111,256.58,0.9999,0.2316,0.035151,4.307
425263,520,453,973,180,93,138,349.25,0.5402,0.5298,0.193682,24,6,31,315.67,0.6656,0.0728,0.004234,4.493
425274,520,473,993,198,55,157,341.80,0.7944,0.5164,0.171743,7,1,3,354.07,0.6042,0.0267,0.000735,4.371
425277,520,442,962,225,0,160,346.33,1.0000,0.5411,0.185483,30,12,15,9.98,0.4165,0.0844,0.005735,4.225
425319,520,446,966,216,69,75,22.37,0.8287,0.5368,0.193656,14,14,38,280.39,0.5607,0.0816,0.005474,4.392
425329,520,411,931,214,14,234,323.47,0.9906,0.5702,0.205527,46,14,31,349.77,0.5828,0.1198,0.009939,4.263
425334,520,365,885,163,131,187,310.11,0.4160,0.6053,0.276073,12,48,29,156.76,0.8326,0.1744,0.022807,4.479
425349,520,480,1000,204,58,121,358.59,0.7818,0.5145,0.172460,0,0,0,0.00,0.0000,0.0000,0.000000,4.449
425353,520,390,910,234,48,181,342.76,0.9186,0.5881,0.229453,48,29,5,69.38,0.7569,0.1466,0.015181,4.287
425361,520,449,969,186,63,216,318.98,0.8555,0.5414,0.189532,17,14,19,311.87,0.1592,0.0737,0.004803,4.371
425369,520,477,997,213,35,105,4.51,0.8957,0.5068,0.163706,0,0,12,264.05,1.0000,0.0173,0.000265,4.252
425373,520,371,891,213,77,233,322.30,0.8978,0.6101,0.253388,23,39,62,257.47,0.4709,0.1679,0.019809,4.346
425375,520,422,942,197,68,211,323.67,0.8425,0.5606,0.207092,25,6,72,285.74,0.9193,0.1115,0.008048,4.429
425389,520,431,951,230,60,1,35.08,0.9987,0.5468,0.200598,35,19,10,49.69,0.4579,0.1047,0.008450,4.287
425402,520,150,670,241,192,188,23.75,0.6024,0.8254,0.600323,52,98,44,140.77,0.7986,0.3634,0.096470,4.440
425408,520,372,892,229,50,225,329.15,0.9495,0.6062,0.243778,63,9,76,318.66,0.8277,0.1737,0.017741,4.337
425421,520,473,993,179,51,223,315.48,0.8986,0.5241,0.172802,7,3,2,40.96,0.3407,0.0325,0.001147,4.356
425429,520,461,981,222,46,77,17.56,0.9070,0.5256,0.180221,0,10,23,245.99,1.0000,0.0524,0.002789,4.361
425435,520,468,988,202,50,160,341.62,0.8217,0.5205,0.173778,12,1,9,336.01,0.7273,0.0353,0.001196,4.371
425441,520,330,850,253,94,82,27.67,0.9822,0.6382,0.295007,15,58,47,172.73,0.7690,0.2148,0.033328,4.140
425444,520,471,991,177,76,180,326.46,0.7104,0.5196,0.178124,1,0,37,267.48,1.0000,0.0408,0.001400,4.438
425451,520,419,939,249,3,44,24.75,0.9986,0.5582,0.203904,35,13,48,310.84,0.6593,0.1109,0.008586,4.334
425457,520,351,871,222,97,202,334.12,0.7910,0.6309,0.283453,21,42,87,263.30,0.7010,0.1938,0.025034,4.444
425485,520,398,918,192,97,185,330.10,0.6570,0.5769,0.232599,30,20,76,284.68,0.7650,0.1413,0.012981,4.487
425486,520,473,993,225,27,58,21.55,0.9680,0.5161,0.170998,1,1,17,272.22,0.9336,0.0263,0.000686,4.360
425488,520,414,934,246,26,108,8.25,0.9715,0.5702,0.214178,29,6,79,286.80,0.9294,0.1239,0.009560,4.436
425491,520,412,932,213,33,226,324.96,0.9641,0.5696,0.207268,37,23,31,344.19,0.2787,0.1232,0.011051,4.214
425501,520,426,946,214,56,177,339.22,0.8468,0.5565,0.203010,11,22,50,265.55,0.6453,0.1066,0.008752,4.306
425514,520,398,918,252,8,106,9.08,0.9941,0.5769,0.219134,61,13,10,27.69,0.8170,0.1408,0.013020,4.271
425522,520,406,926,206,49,242,319.00,0.9496,0.5796,0.217309,47,20,11,39.02,0.5876,0.1261,0.011289,4.361
425526,520,395,915,254,46,84,18.21,0.9932,0.5916,0.236686,39,22,64,299.39,0.6301,0.1444,0.013753,4.497
425529,520,435,955,199,10,240,318.23,0.9929,0.5488,0.186520,27,15,34,312.15,0.4544,0.0946,0.006902,4.157
425542,520,333,853,245,71,204,339.05,0.9358,0.6387,0.282815,7,54,47,180.33,0.8760,0.1990,0.028886,4.219
425547,520,367,887,244,24,210,336.53,0.9845,0.6102,0.245425,60,15,75,316.20,0.7719,0.1738,0.018104,4.338
425548,520,376,896,237,49,186,341.96,0.9262,0.5969,0.237492,49,12,80,303.86,0.8290,0.1576,0.014951,4.426
425554,520,388,908,239,79,16,37.72,0.9810,0.5864,0.239832,0,43,22,156.61,1.0000,0.1509,0.017856,4.271
425564,520,349,869,217,86,245,320.12,0.9428,0.6346,0.280016,4,55,10,144.51,0.9883,0.1921,0.027800,4.242
425569,520,458,978,235,0,27,26.90,1.0000,0.5259,0.177445,12,14,0,115.19,1.0000,0.0633,0.003922,4.218
425575,520,314,834,248,109,110,22.06,0.9045,0.6567,0.320226,50,45,87,287.05,0.4839,0.2246,0.032430,4.491
425580,520,438,958,223,48,150,350.53,0.8710,0.5529,0.200064,13,0,74,275.09,1.0000,0.0947,0.005799,4.481
425584,520,477,997,211,39,125,356.57,0.8681,0.5127,0.167829,1,0,17,274.34,1.0000,0.0228,0.000469,4.316
425592,520,471,991,139,80,245,294.57,0.9183,0.5227,0.178189,16,1,2,17.61,0.8087,0.0376,0.001363,4.443
425599,520,411,931,223,17,215,330.31,0.9850,0.5733,0.209975,58,0,11,16.98,1.0000,0.1184,0.009239,4.389
425600,520,352,872,234,60,222,331.15,0.9372,0.6204,0.260006,72,11,76,325.31,0.8060,0.1916,0.021391,4.342
425612,520,387,907,236,8,211,334.41,0.9947,0.5922,0.227124,20,29,75,270.71,0.7239,0.1504,0.015354,4.240
425624,520,407,927,251,20,40,26.14,0.9907,0.5662,0.211665,51,14,31,354.63,0.6215,0.1287,0.011169,4.278
425635,520,459,979,187,87,124,358.73,0.5898,0.5252,0.188379,5,13,11,178.63,0.3489,0.0584,0.003443,4.460
425636,520,260,780,214,137,243,316.28,0.8648,0.7066,0.386597,88,50,64,356.74,0.3821,0.2736,0.047263,4.489
425637,520,418,938,232,46,122,2.54,0.8989,0.5578,0.205178,44,9,50,321.45,0.7416,0.1206,0.009612,4.281
425639,520,343,863,232,43,255,322.90,1.0000,0.6274,0.261059,44,25,98,288.36,0.7873,0.1871,0.021125,4.373
425640,520,248,768,215,153,206,331.68,0.5663,0.7203,0.416869,53,74,20,128.09,0.8171,0.2844,0.057049,4.361
425670,520,320,840,251,105,62,36.88,0.9642,0.6476,0.309635,12,60,24,147.89,0.9502,0.2142,0.033757,4.294
425675,520,418,938,217,52,172,341.57,0.8603,0.5557,0.201885,57,8,0,35.38,1.0000,0.1245,0.010437,4.168
425681,520,459,979,181,41,232,314.35,0.9384,0.5266,0.172369,10,10,22,282.94,0.3731,0.0603,0.003395,4.165
425696,520,472,992,187,67,174,332.33,0.7524,0.5202,0.176365,7,2,14,306.01,0.6549,0.0348,0.001203,4.421
425704,520,451,971,235,23,85,14.10,0.9720,0.5405,0.189340,21,10,22,323.88,0.3999,0.0713,0.004345,4.404
425710,520,470,990,227,2,96,8.51,0.9968,0.5207,0.172217,14,1,22,312.92,0.8351,0.0442,0.001730,4.296
425716,520,393,913,244,67,70,24.70,0.9375,0.5872,0.236929,21,26,75,273.45,0.7473,0.1444,0.014062,4.479
425721,520,465,985,220,4,123,357.75,0.9906,0.5155,0.167352,6,0,40,279.22,1.0000,0.0489,0.001919,4.186
425745,520,395,915,247,13,156,352.47,0.9882,0.5852,0.224657,41,27,33,351.64,0.2437,0.1388,0.013651,4.315
425748,520,479,999,177,52,207,318.93,0.8607,0.5096,0.163092,2,0,2,328.36,1.0000,0.0139,0.000173,4.247
425796,520,455,975,214,31,170,340.92,0.9206,0.5348,0.181807,19,11,4,67.28,0.4612,0.0648,0.003866,4.303
425805,520,310,830,229,102,217,331.28,0.8505,0.6566,0.311726,31,55,69,235.36,0.4074,0.2238,0.034532,4.279
425813,520,383,903,229,42,219,330.71,0.9565,0.5972,0.234309,2,31,79,259.56,0.9550,0.1502,0.015573,4.336
425816,520,450,970,227,17,137,354.62,0.9675,0.5385,0.185407,7,19,1,133.65,0.9518,0.0730,0.005131,4.270
425845,520,417,937,239,64,10,34.76,0.9898,0.5690,0.220426,21,27,48,270.70,0.4231,0.1248,0.011567,4.392
425852,520,442,962,239,20,55,22.69,0.9855,0.5424,0.191302,15,17,14,135.03,0.1051,0.0772,0.005342,4.360
425853,520,417,937,224,55,166,345.51,0.8625,0.5679,0.213353,3,14,82,265.62,0.9670,0.1191,0.009426,4.432
425871,520,455,975,231,39,50,25.10,0.9577,0.5344,0.186733,19,0,40,301.11,1.0000,0.0619,0.002917,4.474
425915,520,477,997,178,42,214,317.77,0.9064,0.5081,0.159771,1,1,15,273.08,0.9139,0.0250,0.000626,4.144
425921,520,480,1000,168,86,155,333.46,0.5792,0.5075,0.173479,0,0,0,0.00,0.0000,0.0000,0.000000,4.470
425924,520,429,949,236,55,11,33.20,0.9888,0.5544,0.205926,25,20,24,332.81,0.1360,0.0982,0.007729,4.433
425936,520,446,966,214,56,139,353.16,0.8161,0.5382,0.189909,35,5,26,341.44,0.7044,0.0849,0.005405,4.330
425940,520,469,989,220,17,131,355.22,0.9602,0.5220,0.172578,6,0,35,282.31,1.0000,0.0439,0.001601,4.313
425948,520,444,964,237,25,59,21.92,0.9783,0.5407,0.190188,35,3,28,337.70,0.7720,0.0825,0.005063,4.362
425956,520,363,883,232,32,237,327.08,0.9809,0.6092,0.243057,69,19,21,21.59,0.7148,0.1677,0.017853,4.319
425961,520,330,850,244,52,234,330.55,0.9672,0.6388,0.276324,80,31,35,17.39,0.5839,0.2122,0.028071,4.180
425968,520,460,980,197,46,192,329.57,0.8713,0.5271,0.176318,19,7,12,353.02,0.3793,0.0590,0.003170,4.257
425985,520,297,817,248,87,235,331.23,0.9686,0.6771,0.327737,47,63,9,125.15,0.8916,0.2435,0.041790,4.115
425992,520,466,986,186,48,201,323.60,0.8686,0.5163,0.167714,12,5,11,331.14,0.3573,0.0463,0.002109,4.178
426027,520,418,938,198,105,43,50.61,0.7946,0.5571,0.222851,4,34,14,151.34,0.9394,0.1205,0.012015,4.400
426047,520,396,916,219,66,192,335.93,0.8513,0.5830,0.227645,9,21,87,267.41,0.9339,0.1401,0.012824,4.419
426057,520,429,949,160,93,217,306.59,0.7456,0.5463,0.203125,17,7,69,278.62,0.9300,0.1019,0.007008,4.440
426059,520,385,905,218,82,177,341.44,0.7738,0.5918,0.241165,57,24,3,50.43,0.8362,0.1503,0.015298,4.459
426088,520,459,979,204,65,143,349.85,0.7603,0.5312,0.186031,13,4,36,291.03,0.8007,0.0600,0.002998,4.454
426092,520,409,929,255,6,27,27.46,1.0000,0.5703,0.214733,38,27,8,79.25,0.5968,0.1277,0.012135,4.261
426094,520,461,981,226,32,112,4.00,0.9293,0.5336,0.183744,6,8,8,196.65,0.0905,0.0468,0.002299,4.469
426095,520,417,937,205,20,255,316.46,1.0000,0.5734,0.207010,35,24,20,40.88,0.2348,0.1189,0.010611,4.240
426110,520,353,873,235,22,247,325.58,0.9915,0.6177,0.249539,13,6,128,267.86,0.9941,0.1786,0.017742,4.422
426131,520,325,845,224,106,206,333.54,0.7877,0.6491,0.306136,30,53,46,172.83,0.3772,0.2062,0.030194,4.441
426133,520,240,760,246,132,213,339.18,0.9080,0.7254,0.409018,86,60,29,69.27,0.5637,0.2839,0.052991,4.457
426135,520,466,986,187,40,210,321.64,0.9110,0.5183,0.167369,14,7,8,8.22,0.2373,0.0520,0.002629,4.130
426177,520,373,893,249,13,176,346.88,0.9905,0.5983,0.235655,58,23,48,339.50,0.5485,0.1639,0.017258,4.247
426215,520,366,886,232,70,196,338.22,0.8798,0.6113,0.255242,31,43,8,126.23,0.8062,0.1659,0.020366,4.338
426239,520,361,881,206,81,251,315.67,0.9719,0.6167,0.259731,72,23,11,34.95,0.7880,0.1781,0.020149,4.415
426240,520,424,944,181,73,241,310.63,0.9097,0.5640,0.209406,53,1,4,24.31,0.9790,0.1073,0.007875,4.482
426262,520,477,997,163,74,207,312.59,0.7774,0.5141,0.171898,1,0,18,273.67,1.0000,0.0236,0.000501,4.394
426274,520,391,911,255,46,17,31.01,1.0000,0.5862,0.232583,6,41,40,192.24,0.7927,0.1530,0.017777,4.169
426279,520,444,964,194,38,220,321.16,0.9359,0.5361,0.180244,24,2,53,296.43,0.9298,0.0840,0.004947,4.190
426284,520,401,921,242,7,169,347.40,0.9931,0.5802,0.218969,52,3,69,314.88,0.9090,0.1426,0.012249,4.321
426304,520,337,857,235,66,248,324.86,0.9732,0.6437,0.283383,68,17,93,311.59,0.8069,0.2047,0.024203,4.493
426315,520,369,889,227,33,250,322.92,0.9832,0.6105,0.243229,48,37,25,68.79,0.3041,0.1707,0.020218,4.176
426318,520,475,995,139,76,253,293.75,0.9821,0.5242,0.177497,5,1,22,289.23,0.8816,0.0347,0.001119,4.450
426319,520,400,920,248,31,134,0.24,0.9630,0.5847,0.226611,18,27,75,270.44,0.7667,0.1445,0.014204,4.308
426324,520,374,894,239,30,208,335.95,0.9748,0.6021,0.238362,1,9,116,264.55,0.9921,0.1588,0.014626,4.462
426339,520,366,886,251,18,181,345.91,0.9875,0.6058,0.242814,20,6,123,270.88,0.9911,0.1749,0.017089,4.365
426342,520,389,909,174,102,236,306.44,0.8216,0.5921,0.245581,30,39,14,125.72,0.5958,0.1535,0.017587,4.373
426357,520,433,953,230,60,36,31.28,0.9444,0.5486,0.201850,34,9,37,323.27,0.6530,0.0958,0.006691,4.443
426373,520,469,989,149,63,255,298.05,1.0000,0.5218,0.171648,4,2,23,282.29,0.8328,0.0370,0.001311,4.320
426377,520,26,546,251,242,255,315.67,1.0000,0.9672,0.912337,29,130,80,156.19,0.9376,0.4646,0.168049,4.413
426380,520,396,916,216,86,139,357.73,0.7121,0.5774,0.231208,23,31,52,267.39,0.4101,0.1395,0.014100,4.387
426387,520,304,824,214,114,252,315.82,0.9701,0.6734,0.333604,11,65,27,148.73,0.9605,0.2317,0.039307,4.295
426391,520,461,981,215,47,128,356.93,0.8488,0.5277,0.180410,7,2,35,282.59,0.9110,0.0496,0.002099,4.423
426397,520,462,982,213,43,140,351.54,0.8592,0.5257,0.177697,14,5,3,39.72,0.4341,0.0457,0.002085,4.372
426400,520,454,974,151,100,186,310.17,0.5732,0.5270,0.192393,7,16,11,160.13,0.3654,0.0675,0.004399,4.456
426422,520,452,972,204,44,181,334.95,0.8717,0.5310,0.179769,34,4,4,24.97,0.8175,0.0737,0.004357,4.227
426426,520,430,950,238,32,82,16.01,0.9607,0.5502,0.198226,41,8,29,344.89,0.6678,0.1013,0.007339,4.329
426459,520,440,960,238,37,71,19.76,0.9572,0.5508,0.199584,18,2,66,282.08,0.9727,0.0918,0.005653,4.485
426460,520,375,895,245,2,202,338.75,0.9988,0.6024,0.237233,44,35,21,78.14,0.3485,0.1591,0.017917,4.229
426464,520,136,656,248,202,90,86.66,0.8710,0.8355,0.629374,9,104,38,147.31,0.9901,0.3669,0.100982,4.500
426470,520,480,1000,173,75,171,328.34,0.6877,0.5066,0.168578,0,0,0,0.00,0.0000,0.0000,0.000000,4.372
426472,520,236,756,249,140,208,343.14,0.9164,0.7410,0.434524,8,76,78,198.06,0.9075,0.2851,0.057703,4.499
426483,520,429,949,191,43,243,314.73,0.9522,0.5526,0.192765,0,24,40,239.61,1.0000,0.0983,0.008064,4.181
426511,520,450,970,240,18,11,29.24,0.9916,0.5403,0.189854,1,5,51,265.51,0.9720,0.0666,0.003540,4.480
426513,520,476,996,194,62,138,348.93,0.7449,0.5076,0.167513,6,0,3,344.76,1.0000,0.0216,0.000453,4.311
426518,520,467,987,229,8,73,16.49,0.9912,0.5208,0.173157,2,4,15,267.77,0.6105,0.0354,0.001342,4.346
426550,520,447,967,163,74,239,304.91,0.8927,0.5390,0.189166,26,6,34,315.21,0.6946,0.0774,0.004654,4.376
426564,520,374,894,230,25,237,326.65,0.9861,0.6030,0.236351,63,4,60,330.59,0.8493,0.1565,0.014700,4.426
426570,520,386,906,245,51,142,358.22,0.9191,0.5937,0.237364,58,21,16,29.70,0.6327,0.1486,0.014734,4.439
426577,520,449,969,232,5,135,356.08,0.9919,0.5449,0.190166,26,7,21,338.19,0.5463,0.0719,0.004257,4.426
426582,520,354,874,245,58,181,345.66,0.9266,0.6157,0.257779,87,0,1,28.66,1.0000,0.1846,0.020288,4.379
426595,520,467,987,201,5,198,329.16,0.9908,0.5194,0.166051,2,5,12,257.04,0.4864,0.0367,0.001480,4.197
426605,520,433,953,171,97,184,321.46,0.6090,0.5466,0.206689,21,23,2,114.07,0.8280,0.0957,0.007766,4.444
426606,520,470,990,174,46,228,312.92,0.9182,0.5163,0.165551,2,6,19,261.96,0.6476,0.0428,0.001902,4.153
426614,520,422,942,206,61,194,331.56,0.8418,0.5571,0.203562,26,11,68,286.99,0.8393,0.1148,0.008763,4.315
426624,520,419,939,204,1,241,319.40,0.9993,0.5561,0.192116,43,16,12,30.00,0.5672,0.1118,0.009108,4.096
426631,520,259,779,223,160,47,77.06,0.8574,0.7072,0.410366,45,73,15,132.00,0.9057,0.2743,0.053574,4.445
426652,520,449,969,188,66,207,321.99,0.8267,0.5415,0.190941,3,16,31,250.48,0.6845,0.0735,0.004888,4.390
426655,520,418,938,143,120,179,301.71,0.4167,0.5551,0.225274,18,29,41,251.26,0.3480,0.1235,0.011674,4.463
426686,520,367,887,241,28,210,335.87,0.9791,0.6061,0.241873,12,43,50,215.23,0.6399,0.1666,0.020361,4.148
426700,520,413,933,207,2,249,318.41,0.9989,0.5677,0.201501,60,0,7,21.48,1.0000,0.1222,0.009762,4.208
426703,520,409,929,218,86,110,12.16,0.7260,0.5714,0.226891,16,32,30,185.74,0.3592,0.1255,0.012369,4.440
426707,520,337,857,236,92,193,341.17,0.8508,0.6418,0.293399,25,51,45,177.23,0.4492,0.1963,0.027637,4.423
426709,520,387,907,235,9,205,335.74,0.9932,0.5869,0.222681,55,8,61,322.89,0.7964,0.1466,0.013229,4.313
426718,520,395,915,228,55,186,339.93,0.8935,0.5853,0.227741,68,2,17,15.64,0.9521,0.1447,0.013131,4.399
426727,520,421,941,188,104,121,7.80,0.4973,0.5557,0.219739,12,29,22,165.55,0.4735,0.1110,0.010148,4.485
426731,520,470,990,160,72,221,308.07,0.8249,0.5179,0.173294,2,4,22,269.50,0.7899,0.0395,0.001577,4.329
426742,520,425,945,234,56,76,20.43,0.9104,0.5580,0.208456,27,8,66,289.99,0.8614,0.1098,0.008000,4.456
426750,520,426,946,202,11,246,317.70,0.9934,0.5588,0.194513,21,25,34,266.09,0.2167,0.1114,0.009702,4.096
426759,520,479,999,212,52,55,25.10,0.9005,0.5068,0.167313,0,0,8,264.05,1.0000,0.0143,0.000175,4.331
426761,520,391,911,201,74,239,317.34,0.9122,0.5927,0.235485,8,21,99,266.76,0.9558,0.1542,0.014887,4.400
426765,520,440,960,219,64,118,3.89,0.8044,0.5479,0.200373,23,18,5,90.10,0.5371,0.0855,0.006257,4.450
426767,520,356,876,254,80,22,36.30,0.9944,0.6162,0.268697,52,38,19,73.72,0.4718,0.1774,0.021634,4.449
426779,520,333,853,254,64,187,346.04,0.9910,0.6396,0.283288,6,55,48,180.68,0.8978,0.2024,0.029844,4.174
426794,520,200,720,202,176,241,302.64,0.7016,0.7696,0.499584,38,89,18,138.57,0.9599,0.3228,0.076003,4.362
426805,520,440,960,217,2,204,331.69,0.9976,0.5519,0.191570,24,0,60,292.68,1.0000,0.0882,0.005204,4.376
426817,520,23,543,230,251,243,170.99,0.6466,0.9656,0.922878,11,129,101,170.26,0.9725,0.4644,0.167105,4.481
426821,520,281,801,232,146,20,67.58,0.9623,0.6882,0.377663,5,70,40,156.53,0.9756,0.2504,0.045656,4.471
426830,520,369,889,242,71,155,354.74,0.8810,0.6109,0.257533,40,37,52,293.66,0.2367,0.1716,0.020222,4.379
426850,520,431,951,188,60,227,316.92,0.8904,0.5495,0.194704,29,20,22,3.70,0.1841,0.1022,0.008195,4.205
426855,520,402,922,210,99,106,18.05,0.6433,0.5770,0.236679,17,36,14,141.04,0.7110,0.1338,0.014126,4.471
426858,520,467,987,151,64,246,300.29,0.9420,0.5172,0.169003,0,0,41,264.05,1.0000,0.0440,0.001601,4.244
426871,520,416,936,214,24,228,324.82,0.9785,0.5688,0.205528,32,1,75,292.72,0.9826,0.1165,0.008368,4.378
426876,520,459,979,165,89,194,315.84,0.6749,0.5308,0.190399,12,12,13,286.15,0.0337,0.0624,0.003702,4.477
426906,520,464,984,220,44,51,25.12,0.9359,0.5155,0.172587,0,9,23,248.79,1.0000,0.0502,0.002572,4.234
426916,520,216,736,231,151,248,320.42,0.9316,0.7555,0.459009,58,78,8,125.30,0.9374,0.3001,0.063658,4.478
426928,520,443,963,241,15,31,27.03,0.9925,0.5426,0.191448,33,9,2,42.43,0.7846,0.0804,0.005231,4.372
426930,520,469,989,199,3,202,327.55,0.9947,0.5181,0.164733,15,2,10,341.18,0.6461,0.0420,0.001669,4.156
426932,520,423,943,223,45,179,340.63,0.9023,0.5649,0.208219,10,24,46,259.11,0.5923,0.1081,0.009150,4.365
426945,520,321,841,241,61,245,327.12,0.9671,0.6474,0.286334,45,54,9,120.26,0.8320,0.2135,0.032159,4.094
426978,520,404,924,204,64,223,322.65,0.8896,0.5756,0.218335,10,24,70,266.43,0.8453,0.1284,0.011599,4.356
426984,520,373,893,217,101,125,9.10,0.6609,0.5971,0.255419,3,46,6,143.97,0.9884,0.1597,0.019864,4.372
426993,520,323,843,226,88,240,323.93,0.9289,0.6472,0.294415,19,54,62,215.15,0.5994,0.2103,0.031245,4.239
426996,520,384,904,246,73,21,35.34,0.9793,0.5928,0.244154,21,41,1,132.32,0.9850,0.1507,0.017475,4.359
427011,520,350,870,228,79,228,327.85,0.9069,0.6325,0.276896,10,40,96,261.46,0.8814,0.1921,0.024265,4.402
427046,520,291,811,239,125,166,358.52,0.7561,0.6848,0.357736,53,61,7,118.06,0.8890,0.2428,0.041097,4.476
427049,520,353,873,246,39,218,335.00,0.9735,0.6248,0.261088,49,37,45,338.81,0.1953,0.1790,0.021656,4.341
427059,520,430,950,190,65,220,319.11,0.8637,0.5526,0.198963,28,20,4,84.44,0.6571,0.0963,0.007560,4.325
427099,520,258,778,250,143,58,54.98,0.9416,0.7108,0.402772,59,66,52,129.25,0.1960,0.2724,0.050741,4.494
427108,520,341,861,234,64,234,328.03,0.9446,0.6313,0.271021,31,54,8,132.63,0.9201,0.2014,0.029471,4.039
427111,520,346,866,242,29,238,329.21,0.9870,0.6259,0.259318,6,44,89,255.76,0.8767,0.1948,0.025612,4.091
427117,520,454,974,171,48,252,306.65,0.9826,0.5342,0.178009,14,8,32,291.58,0.6180,0.0658,0.003713,4.245
427125,520,394,914,239,16,189,341.02,0.9857,0.5866,0.223984,22,29,64,272.12,0.5927,0.1423,0.014194,4.268
427148,520,444,964,216,33,168,342.11,0.9159,0.5386,0.185161,33,7,20,351.68,0.6116,0.0822,0.005258,4.256
427162,520,424,944,247,15,79,16.80,0.9894,0.5617,0.206839,29,5,64,294.32,0.8920,0.1059,0.007399,4.475
427168,520,461,981,199,58,178,334.64,0.8111,0.5327,0.183843,18,6,9,2.29,0.3963,0.0547,0.002786,4.430
427174,520,472,992,216,52,88,13.77,0.8606,0.5213,0.177620,5,2,10,304.41,0.5645,0.0307,0.000976,4.465
427222,520,319,839,210,114,215,325.41,0.7415,0.6464,0.306440,82,35,38,17.89,0.5413,0.2241,0.031361,4.381
427224,520,426,946,226,68,78,21.58,0.8588,0.5552,0.208558,31,19,39,310.83,0.4300,0.1107,0.009036,4.380
427230,520,423,943,223,22,198,334.80,0.9715,0.5639,0.203414,16,29,1,129.79,0.9655,0.1088,0.009911,4.230
427232,520,437,957,244,15,28,27.49,0.9931,0.5488,0.196621,7,24,26,205.37,0.5033,0.0949,0.007730,4.272
427235,520,438,958,237,3,131,358.36,0.9959,0.5531,0.197115,31,14,16,12.64,0.3779,0.0900,0.006428,4.379
427238,520,463,983,231,25,93,11.07,0.9617,0.5349,0.184775,2,11,17,231.70,0.6126,0.0534,0.002927,4.436
427257,520,470,990,174,27,243,310.23,0.9726,0.5172,0.162545,1,4,21,264.50,0.8528,0.0378,0.001474,4.129
427268,520,466,986,229,29,10,30.12,0.9901,0.5213,0.175617,3,9,19,253.76,0.5238,0.0507,0.002617,4.288
427275,520,13,533,233,255,237,150.86,1.0000,0.9756,0.949575,2,134,41,145.95,0.9989,0.4666,0.172224,4.498
427276,520,317,837,253,109,64,37.62,0.9800,0.6574,0.321934,67,47,30,61.04,0.3982,0.2240,0.033202,4.470
427289,520,390,910,235,73,112,10.51,0.8424,0.5858,0.236000,34,14,88,286.24,0.8739,0.1492,0.013587,4.498
427295,520,325,845,218,90,252,318.54,0.9800,0.6456,0.292477,81,23,61,344.06,0.6799,0.2122,0.026993,4.448
427313,520,374,894,239,81,83,23.60,0.8890,0.5961,0.248632,40,37,19,99.98,0.4074,0.1592,0.018213,4.378
427314,520,444,964,176,73,213,315.85,0.8079,0.5359,0.188003,20,17,19,337.95,0.0853,0.0837,0.005966,4.253
427332,520,322,842,242,84,216,335.02,0.9255,0.6536,0.301784,55,50,2,103.17,0.9496,0.2120,0.030979,4.344
427337,520,407,927,233,57,113,7.28,0.8741,0.5659,0.214451,0,12,92,264.11,0.9825,0.1277,0.010356,4.382
427338,520,445,965,210,5,199,331.25,0.9923,0.5364,0.179358,7,9,52,272.03,0.8967,0.0793,0.004885,4.179
427351,520,458,978,167,49,253,305.16,0.9880,0.5302,0.175046,8,11,25,272.85,0.4417,0.0624,0.003611,4.198
427355,520,355,875,219,75,233,324.09,0.9081,0.6172,0.259773,41,34,70,290.52,0.4940,0.1767,0.020577,4.389
427386,520,388,908,243,52,137,359.67,0.9102,0.5888,0.233200,27,38,2,124.94,0.9388,0.1459,0.016236,4.276
427392,520,357,877,224,63,249,321.85,0.9734,0.6243,0.262439,30,38,73,271.91,0.5194,0.1782,0.021432,4.374
427404,520,391,911,164,102,250,299.76,0.9277,0.5902,0.242977,37,32,35,341.06,0.0925,0.1470,0.015477,4.474
427418,520,292,812,203,134,220,319.52,0.6789,0.6752,0.349150,44,62,31,133.26,0.5474,0.2409,0.040796,4.396
427424,520,366,886,249,5,193,342.04,0.9970,0.6054,0.241018,27,36,68,270.10,0.5122,0.1669,0.019121,4.210
427431,520,437,957,236,6,130,358.57,0.9916,0.5513,0.195779,9,4,64,273.38,0.9700,0.0856,0.005150,4.457
427432,520,354,874,230,47,245,324.60,0.9696,0.6194,0.254509,9,17,125,266.62,0.9822,0.1834,0.019395,4.388
427436,520,387,907,245,44,133,0.81,0.9329,0.5856,0.229106,69,5,18,16.44,0.8983,0.1504,0.014176,4.349
427439,520,401,921,184,77,252,308.90,0.9745,0.5816,0.225273,48,16,58,317.30,0.6832,0.1424,0.013045,4.366
427444,520,461,981,214,1,174,339.39,0.9978,0.5275,0.173761,8,3,31,286.32,0.8221,0.0494,0.002157,4.290
427470,520,429,949,229,58,69,22.68,0.9026,0.5488,0.201167,33,15,34,325.17,0.4811,0.1025,0.007805,4.345
427472,520,358,878,251,4,213,337.24,0.9983,0.6202,0.254034,29,47,26,140.94,0.5124,0.1802,0.023688,4.126
427483,520,467,987,215,54,79,17.46,0.8639,0.5192,0.176524,8,4,8,326.51,0.3043,0.0388,0.001560,4.393
427490,520,241,761,208,155,233,314.57,0.7100,0.7285,0.427366,2,79,27,147.69,0.9962,0.2782,0.056838,4.468
427494,520,441,961,208,79,80,22.98,0.7544,0.5363,0.195832,45,1,17,3.44,0.9126,0.0934,0.006202,4.374
427501,520,352,872,236,39,237,327.99,0.9762,0.6194,0.254009,26,42,76,263.77,0.5521,0.1880,0.023973,4.110
427519,520,473,993,135,77,252,292.42,0.9738,0.5202,0.174869,2,5,2,144.33,0.5013,0.0327,0.001258,4.387
427522,520,305,825,238,110,200,340.28,0.8469,0.6732,0.335015,58,55,18,104.66,0.6626,0.2317,0.036756,4.438
427525,520,389,909,254,38,77,19.40,0.9940,0.5854,0.229966,0,33,69,253.44,0.9999,0.1453,0.015173,4.296
427538,520,468,988,202,51,156,343.13,0.8147,0.5193,0.173265,14,2,11,335.76,0.6435,0.0411,0.001610,4.326
427540,520,442,962,214,68,119,3.17,0.7739,0.5435,0.197646,22,13,21,330.29,0.2881,0.0779,0.005126,4.492
427541,520,355,875,221,57,254,320.09,0.9952,0.6183,0.254561,64,2,85,314.61,0.9546,0.1772,0.017894,4.486
427544,520,430,950,226,53,100,10.64,0.8736,0.5450,0.196378,37,13,10,28.71,0.5537,0.0958,0.007031,4.320
427545,520,467,987,142,84,234,297.05,0.8468,0.5229,0.180321,20,1,3,14.58,0.8330,0.0437,0.001770,4.449
427555,520,346,866,233,59,244,325.41,0.9606,0.6321,0.269856,60,35,53,337.76,0.3737,0.1934,0.024199,4.311
427559,520,228,748,198,162,243,304.16,0.7643,0.7368,0.443179,3,79,72,184.57,0.9734,0.2911,0.060789,4.452
427560,520,444,964,221,29,163,344.87,0.9335,0.5434,0.188977,27,13,21,344.95,0.3557,0.0842,0.005750,4.287
427576,520,415,935,251,33,17,29.78,0.9885,0.5701,0.216411,1,34,21,163.12,0.9755,0.1208,0.012046,4.294
427578,520,305,825,152,153,231,282.58,0.6597,0.6663,0.352270,29,64,21,140.03,0.8882,0.2349,0.039820,4.479
427617,520,443,963,201,67,159,342.55,0.7588,0.5358,0.189369,31,8,29,330.90,0.6087,0.0850,0.005537,4.310
427640,520,394,914,252,14,150,355.32,0.9890,0.5929,0.232151,45,17,65,308.01,0.7086,0.1448,0.013405,4.450
427646,520,417,937,201,62,229,320.29,0.9024,0.5731,0.215214,15,31,27,176.38,0.3841,0.1207,0.011606,4.305
427649,520,387,907,237,36,187,341.39,0.9532,0.5895,0.228570,57,13,59,326.06,0.7356,0.1541,0.014736,4.303
427670,520,467,987,173,56,223,313.30,0.8820,0.5197,0.170412,11,2,8,337.84,0.5780,0.0365,0.001321,4.295
427672,520,390,910,251,21,147,356.23,0.9809,0.5916,0.231557,16,43,4,137.54,0.9650,0.1547,0.018466,4.112
427679,520,369,889,225,58,227,327.55,0.9348,0.6069,0.245819,63,3,81,316.10,0.9280,0.1727,0.017161,4.405
427687,520,330,850,246,1,254,326.62,0.9998,0.6372,0.267731,91,11,35,10.14,0.8478,0.2091,0.025852,4.189
427702,520,430,950,236,25,115,4.27,0.9614,0.5515,0.197690,13,4,71,275.17,0.9716,0.0969,0.006273,4.402
427708,520,380,900,253,42,136,1.07,0.9817,0.6010,0.243197,71,7,26,9.93,0.8413,0.1590,0.015664,4.465
427752,520,410,930,153,99,251,295.98,0.9428,0.5734,0.226611,55,9,41,342.65,0.7353,0.1345,0.011678,4.485
427777,520,477,997,157,68,224,306.64,0.8446,0.5110,0.166847,3,0,9,302.89,1.0000,0.0206,0.000391,4.303
427808,520,224,744,247,159,135,35.99,0.8148,0.7500,0.463221,10,85,29,146.67,0.9841,0.3009,0.066500,4.405
427814,520,364,884,248,34,190,342.95,0.9697,0.6105,0.248214,25,35,71,269.67,0.5726,0.1651,0.018636,4.345
427831,520,382,902,249,71,30,33.75,0.9713,0.5969,0.247434,3,45,7,144.47,0.9872,0.1563,0.019114,4.304
427847,520,405,925,229,13,203,334.87,0.9881,0.5754,0.212602,34,7,80,290.88,0.9094,0.1320,0.010712,4.325
427848,520,389,909,228,62,174,344.10,0.8608,0.5853,0.229978,52,27,12,50.30,0.5879,0.1494,0.015406,4.281
427851,520,251,771,254,139,103,38.12,0.9785,0.7153,0.405183,35,73,20,138.10,0.9155,0.2682,0.051728,4.475
427852,520,358,878,222,70,233,325.03,0.9202,0.6168,0.257951,46,31,69,300.15,0.5277,0.1752,0.019905,4.405
427862,520,437,957,193,56,219,320.65,0.8883,0.5476,0.192817,2,24,11,156.16,0.9292,0.0867,0.006903,4.267
427868,520,428,948,238,6,141,355.32,0.9921,0.5596,0.202336,15,2,74,276.48,0.9856,0.0992,0.006394,4.475
427869,520,440,960,227,5,172,343.15,0.9923,0.5522,0.194207,10,13,51,273.34,0.8020,0.0873,0.005914,4.368
427884,520,456,976,176,56,225,313.79,0.8879,0.5258,0.174957,6,13,0,128.18,1.0000,0.0560,0.003266,4.223
427901,520,411,931,252,7,40,25.66,0.9971,0.5651,0.210044,0,31,35,206.89,1.0000,0.1162,0.011013,4.262
427911,520,295,815,254,90,215,338.51,0.9927,0.6794,0.332925,75,45,68,335.72,0.3820,0.2448,0.037901,4.356
427915,520,340,860,234,65,251,323.93,0.9839,0.6433,0.282404,15,33,117,266.85,0.9304,0.2008,0.024735,4.448
427924,520,446,966,226,60,36,31.38,0.9397,0.5406,0.195307,31,3,37,320.34,0.8021,0.0816,0.004900,4.468
427933,520,442,962,230,52,0,33.69,1.0000,0.5392,0.192820,13,16,34,274.90,0.4565,0.0825,0.005716,4.358
427942,520,361,881,224,116,5,54.79,0.9877,0.6173,0.283514,3,53,11,145.27,0.9899,0.1849,0.025896,4.394
427956,520,374,894,251,38,144,357.85,0.9664,0.5977,0.239126,14,16,111,268.96,0.9724,0.1650,0.016115,4.373
427962,520,470,990,195,16,206,325.34,0.9728,0.5171,0.164306,8,3,19,298.61,0.6553,0.0412,0.001638,4.150
427963,520,380,900,254,50,109,10.85,0.9911,0.6001,0.244598,49,27,45,333.66,0.4007,0.1558,0.016264,4.446
427984,520,341,861,234,83,189,341.55,0.8481,0.6254,0.273556,60,33,75,312.23,0.5524,0.2023,0.025564,4.282
427985,520,371,891,210,81,235,320.75,0.8972,0.6115,0.255863,41,41,19,108.59,0.4688,0.1717,0.021043,4.305
427998,520,452,972,189,56,208,322.36,0.8609,0.5333,0.182026,21,9,29,310.27,0.5393,0.0732,0.004435,4.262
428009,520,457,977,200,29,205,326.89,0.9446,0.5303,0.175676,8,5,38,279.98,0.8317,0.0595,0.003001,4.258
428014,520,293,813,239,136,9,60.44,0.9877,0.6783,0.359814,5,69,16,145.00,0.9901,0.2424,0.043257,4.394
428019,520,470,990,190,49,190,328.05,0.8484,0.5163,0.168630,7,2,16,302.30,0.6909,0.0359,0.001260,4.265
428028,520,407,927,251,32,23,29.16,0.9863,0.5699,0.216078,52,17,2,44.04,0.8738,0.1279,0.011355,4.337
428031,520,404,924,225,33,216,330.52,0.9650,0.5835,0.220555,30,16,69,289.02,0.7686,0.1276,0.010763,4.453
428047,520,449,969,199,52,193,329.83,0.8563,0.5362,0.184501,11,14,23,269.95,0.2823,0.0702,0.004471,4.305
428053,520,446,966,135,87,252,291.13,0.9678,0.5352,0.189955,27,6,28,325.85,0.6453,0.0751,0.004471,4.405
428065,520,449,969,235,25,63,20.75,0.9760,0.5371,0.187195,11,12,36,278.03,0.5992,0.0737,0.004615,4.343
428071,520,453,973,231,24,52,23.22,0.9783,0.5266,0.178932,5,0,56,271.62,1.0000,0.0660,0.003178,4.305
428072,520,318,838,249,61,237,330.97,0.9763,0.6556,0.295945,53,52,46,99.20,0.0892,0.2241,0.034101,4.113
428094,520,445,965,211,7,199,331.50,0.9896,0.5387,0.181265,33,9,5,33.28,0.6582,0.0812,0.005297,4.182
428105,520,401,921,254,7,93,13.25,0.9956,0.5776,0.220169,9,37,39,201.76,0.6427,0.1411,0.015276,4.139
428128,520,457,977,228,2,122,359.66,0.9963,0.5311,0.179454,4,4,44,271.61,0.9449,0.0597,0.002945,4.334
428145,520,354,874,254,24,196,342.43,0.9937,0.6208,0.257130,8,39,89,259.86,0.8750,0.1822,0.022238,4.252
428156,520,387,907,248,13,160,351.44,0.9889,0.5889,0.227858,64,11,23,12.28,0.7695,0.1474,0.013914,4.347
428189,520,97,617,247,211,216,8.48,0.6347,0.8819,0.713216,3,114,62,154.24,0.9953,0.4040,0.124012,4.386
428195,520,397,917,222,80,139,358.02,0.7581,0.5797,0.231334,4,21,92,265.14,0.9550,0.1438,0.013347,4.441
428200,520,425,945,243,8,94,11.62,0.9927,0.5551,0.200399,17,24,45,268.68,0.4634,0.1120,0.009619,4.200
428227,520,237,757,228,144,232,325.32,0.8163,0.7310,0.422682,49,73,71,189.49,0.2702,0.2913,0.058728,4.347
428234,520,302,822,246,84,226,333.17,0.9542,0.6656,0.314272,25,61,45,162.50,0.6271,0.2285,0.037335,4.171
428252,520,306,826,235,103,223,331.18,0.8905,0.6702,0.326926,28,53,97,260.85,0.6363,0.2350,0.036560,4.355
428262,520,359,879,200,101,228,318.32,0.8172,0.6195,0.271894,3,49,33,164.26,0.9588,0.1758,0.023257,4.394
428263,520,249,769,201,164,176,356.84,0.2756,0.7156,0.421038,4,80,18,144.87,0.9943,0.2809,0.058066,4.359
428267,520,374,894,238,26,211,334.91,0.9800,0.6006,0.236219,48,32,27,38.07,0.2731,0.1585,0.017406,4.246
428272,520,369,889,241,31,208,336.41,0.9749,0.6062,0.242377,47,34,55,312.04,0.3427,0.1741,0.020243,4.162
428279,520,450,970,221,17,164,344.33,0.9662,0.5393,0.184559,13,11,27,287.82,0.4424,0.0675,0.004040,4.340
428299,520,417,937,226,26,189,338.08,0.9618,0.5656,0.205842,39,21,12,46.99,0.4593,0.1155,0.009943,4.268
428343,520,457,977,149,92,213,303.01,0.7280,0.5280,0.188483,8,5,41,278.72,0.8622,0.0621,0.003202,4.483
428345,520,477,997,175,65,187,323.65,0.7699,0.5064,0.164835,4,0,4,328.36,1.0000,0.0191,0.000346,4.267
428348,520,469,989,200,4,197,329.16,0.9923,0.5166,0.163992,1,4,28,265.84,0.9175,0.0427,0.001771,4.133
428354,520,406,926,242,51,103,11.45,0.9190,0.5756,0.222274,16,20,75,272.46,0.8580,0.1286,0.011184,4.450
428364,520,304,824,254,63,241,331.16,0.9961,0.6679,0.309798,94,21,53,358.30,0.7417,0.2316,0.031734,4.402
428379,520,337,857,242,59,234,330.05,0.9584,0.6405,0.279484,79,21,52,351.17,0.6865,0.2012,0.024468,4.425
428384,520,391,911,246,62,78,21.56,0.9442,0.5875,0.235915,55,17,49,334.19,0.6382,0.1495,0.014350,4.443
428387,520,368,888,177,117,215,311.08,0.6645,0.6086,0.269766,4,43,66,240.38,0.8482,0.1733,0.021468,4.474
428388,520,454,974,180,26,251,310.33,0.9816,0.5331,0.174081,14,4,42,288.41,0.8468,0.0661,0.003474,4.191
428408,520,389,909,248,26,144,356.77,0.9714,0.5863,0.227123,7,2,110,266.92,0.9976,0.1453,0.012143,4.459
428416,520,376,896,216,83,193,335.09,0.7950,0.5980,0.246377,52,30,34,7.86,0.3232,0.1620,0.017742,4.375
428424,520,398,918,249,27,132,0.90,0.9706,0.5842,0.225930,45,28,18,51.16,0.3926,0.1420,0.014321,4.290
428440,520,429,949,165,81,239,304.92,0.8803,0.5510,0.201167,3,24,37,237.90,0.7550,0.0982,0.008062,4.326
428449,520,361,881,228,51,243,324.51,0.9628,0.6173,0.253349,2,12,128,264.76,0.9912,0.1798,0.018342,4.439
428461,520,352,872,237,27,236,328.52,0.9864,0.6152,0.248471,70,32,22,35.75,0.5765,0.1927,0.023932,4.037
428464,520,369,889,200,106,191,330.84,0.6553,0.6064,0.263504,47,38,34,45.34,0.1484,0.1747,0.021061,4.412
428470,520,471,991,148,88,211,303.70,0.7335,0.5186,0.179788,7,0,35,284.60,1.0000,0.0449,0.001665,4.448
428472,520,382,902,211,92,195,333.00,0.7550,0.6033,0.254451,16,43,41,188.95,0.5385,0.1642,0.019979,4.351
428478,520,477,997,191,83,51,37.10,0.7687,0.5071,0.175036,4,0,3,335.23,1.0000,0.0185,0.000324,4.472
428483,520,418,938,224,77,6,39.34,0.9891,0.5552,0.211709,53,0,49,331.89,1.0000,0.1248,0.009788,4.377
428491,520,390,910,251,48,103,12.24,0.9688,0.5912,0.236060,59,11,51,335.46,0.7392,0.1501,0.014083,4.464
428504,520,461,981,231,38,17,30.44,0.9823,0.5310,0.184187,9,11,1,116.40,0.7883,0.0540,0.002996,4.419
428510,520,360,880,251,45,180,346.79,0.9696,0.6170,0.256846,34,38,77,276.56,0.5328,0.1847,0.022621,4.225
428514,520,445,965,223,68,37,33.13,0.9273,0.5437,0.199585,18,19,5,112.21,0.5444,0.0827,0.006053,4.453
428518,520,451,971,229,12,139,354.25,0.9793,0.5420,0.187879,20,0,43,299.88,1.0000,0.0659,0.003231,4.469
428541,520,422,942,231,65,31,33.13,0.9527,0.5554,0.208714,0,33,3,144.73,1.0000,0.1130,0.010942,4.245
428572,520,468,988,164,70,216,310.95,0.8181,0.5170,0.172314,3,8,6,170.84,0.3668,0.0432,0.002062,4.270
428575,520,400,920,229,17,203,334.88,0.9837,0.5764,0.213733,37,16,71,295.75,0.7636,0.1378,0.012188,4.241
428578,520,386,906,239,70,103,13.93,0.8775,0.5876,0.237134,6,29,80,262.77,0.9047,0.1480,0.014965,4.420
428581,520,370,890,246,25,196,340.72,0.9809,0.6063,0.242768,5,24,109,265.25,0.9626,0.1707,0.017895,4.312
428595,520,337,857,192,116,243,309.94,0.8588,0.6426,0.301691,15,56,10,141.56,0.9635,0.1993,0.029517,4.423
428597,520,464,984,150,66,247,299.58,0.9457,0.5192,0.170962,5,11,5,144.49,0.4274,0.0518,0.002826,4.183
428600,520,428,948,221,6,198,334.28,0.9927,0.5562,0.195820,44,10,6,30.42,0.7605,0.1024,0.007658,4.263
428601,520,380,900,231,28,235,327.34,0.9833,0.6045,0.238200,18,45,7,138.03,0.9408,0.1629,0.020207,4.105
428618,520,317,837,233,95,223,330.58,0.8885,0.6565,0.308380,42,56,17,126.40,0.7259,0.2178,0.033610,4.286
428627,520,361,881,254,71,112,12.54,0.9886,0.6191,0.267507,18,51,19,144.09,0.8870,0.1849,0.025432,4.209
428647,520,465,985,225,41,10,31.51,0.9884,0.5203,0.176182,6,8,17,271.87,0.3489,0.0502,0.002529,4.306
428672,520,429,949,192,80,184,330.45,0.7289,0.5509,0.204059,19,6,69,280.84,0.9311,0.1022,0.006983,4.458
428675,520,469,989,124,82,253,287.88,0.9820,0.5168,0.174113,6,4,15,292.63,0.4972,0.0396,0.001600,4.343
428685,520,192,712,254,155,214,344.02,0.9830,0.7767,0.493709,32,86,63,162.58,0.7270,0.3190,0.073213,4.413
428690,520,431,951,195,87,142,350.76,0.6327,0.5452,0.203731,32,6,51,306.65,0.8040,0.0989,0.006764,4.470
428697,520,421,941,230,61,116,6.19,0.8515,0.5649,0.214242,21,23,48,278.07,0.4856,0.1149,0.009856,4.415
428703,520,335,855,249,28,240,330.33,0.9899,0.6390,0.272645,77,24,55,347.52,0.6448,0.2030,0.025071,4.298
428705,520,453,973,182,32,240,313.11,0.9642,0.5294,0.172705,21,3,43,299.41,0.8579,0.0726,0.003990,4.125
428708,520,332,852,247,80,176,349.08,0.9189,0.6380,0.286491,65,30,76,317.51,0.6051,0.2048,0.025743,4.443
428735,520,426,946,194,46,240,316.17,0.9451,0.5570,0.197159,26,20,47,291.64,0.5095,0.1122,0.009252,4.171
428737,520,425,945,191,51,244,314.23,0.9462,0.5593,0.199769,30,21,27,338.94,0.2093,0.1078,0.008915,4.239
428779,520,434,954,243,2,94,11.45,0.9981,0.5538,0.199097,28,12,43,305.24,0.6341,0.0962,0.006843,4.382
428798,520,448,968,229,33,105,7.12,0.9348,0.5381,0.187685,1,22,20,187.00,0.9113,0.0828,0.006307,4.221
428801,520,402,922,185,94,209,318.87,0.7323,0.5760,0.229242,15,36,7,137.97,0.8969,0.1314,0.013786,4.378
428831,520,421,941,244,27,68,20.21,0.9777,0.5576,0.204378,10,11,71,271.40,0.9396,0.1050,0.007588,4.417
428833,520,290,810,248,90,238,330.42,0.9699,0.6822,0.334445,86,38,45,12.56,0.5182,0.2390,0.035544,4.494
428837,520,415,935,239,38,140,356.90,0.9347,0.5728,0.216335,23,6,84,279.73,0.9569,0.1239,0.009525,4.474
428845,520,480,1000,206,49,109,3.03,0.8235,0.5051,0.164248,0,0,0,0.00,0.0000,0.0000,0.000000,4.285
428856,520,436,956,225,45,137,355.52,0.8824,0.5490,0.196931,3,16,57,264.18,0.9074,0.0945,0.006853,4.343
428869,520,478,998,193,21,194,328.00,0.9508,0.5067,0.157705,2,2,4,284.11,0.2654,0.0240,0.000651,4.101
428889,520,456,976,173,59,228,311.93,0.8851,0.5267,0.176145,3,1,54,268.99,0.9935,0.0639,0.003074,4.261
428899,520,454,974,194,20,219,321.70,0.9727,0.5265,0.170857,6,9,43,271.87,0.8384,0.0700,0.004085,4.084
428912,520,464,984,233,0,25,27.11,1.0000,0.5214,0.173970,20,1,17,333.78,0.7973,0.0492,0.002109,4.298
428918,520,334,854,251,81,169,352.54,0.9509,0.6431,0.292619,7,45,93,256.78,0.8765,0.2013,0.027121,4.443
428925,520,478,998,192,58,164,337.47,0.7805,0.5127,0.169146,5,0,0,29.23,1.0000,0.0182,0.000323,4.355
428935,520,330,850,226,97,200,336.05,0.8025,0.6361,0.288904,76,28,65,337.30,0.6113,0.2126,0.027489,4.374
428958,520,408,928,171,103,204,313.70,0.6583,0.5690,0.227188,14,34,16,146.18,0.6770,0.1260,0.012748,4.417
428972,520,409,929,204,43,241,318.83,0.9564,0.5715,0.209176,15,27,56,265.18,0.6046,0.1261,0.011709,4.200
428978,520,465,985,228,26,17,29.28,0.9826,0.5180,0.172762,22,3,4,18.73,0.6902,0.0519,0.002445,4.248
429052,520,407,927,239,59,46,29.05,0.9390,0.5664,0.216791,53,17,3,42.07,0.8429,0.1299,0.011645,4.328
429068,520,386,906,221,81,161,348.51,0.7657,0.5881,0.238325,47,26,46,328.53,0.4163,0.1512,0.015404,4.408
429085,520,466,986,185,39,218,319.00,0.9251,0.5204,0.168286,12,3,19,310.50,0.6528,0.0451,0.001903,4.206
429089,520,302,822,237,83,251,324.32,0.9826,0.6653,0.311584,60,53,0,101.24,1.0000,0.2265,0.035069,4.250
429113,520,389,909,246,3,183,344.15,0.9977,0.5941,0.230801,34,36,29,120.29,0.1423,0.1524,0.016905,4.197
429134,520,424,944,164,84,242,303.62,0.8913,0.5563,0.206445,9,1,88,269.68,0.9974,0.1129,0.007843,4.433
429154,520,402,922,220,26,235,324.66,0.9814,0.5849,0.219547,44,10,64,309.47,0.7926,0.1331,0.011228,4.402
429161,520,412,932,221,29,204,332.68,0.9607,0.5668,0.206128,45,9,53,319.71,0.7556,0.1245,0.010104,4.261
429164,520,425,945,197,41,244,316.27,0.9589,0.5615,0.199893,30,6,64,295.12,0.8727,0.1085,0.007764,4.326
429169,520,413,933,223,40,199,334.60,0.9356,0.5731,0.213315,53,2,31,351.33,0.8604,0.1169,0.008994,4.463
429176,520,82,602,238,220,241,321.38,0.5333,0.9012,0.757148,8,118,16,143.15,0.9956,0.4118,0.130453,4.473
429195,520,369,889,252,74,89,20.67,0.9742,0.6133,0.263178,8,48,31,160.86,0.8848,0.1735,0.022644,4.311
429199,520,424,944,209,66,185,335.38,0.8161,0.5621,0.209565,17,21,55,274.41,0.6445,0.1124,0.009313,4.376
429201,520,449,969,191,22,242,315.46,0.9813,0.5408,0.180623,4,15,18,215.13,0.4814,0.0651,0.004111,4.262
429203,520,449,969,225,35,125,359.25,0.9148,0.5378,0.186930,7,16,13,172.09,0.3294,0.0681,0.004448,4.351
429212,520,221,741,167,179,247,276.18,0.8065,0.7470,0.471705,9,85,43,152.48,0.9765,0.3033,0.067292,4.448
429213,520,480,1000,227,4,39,24.84,0.9971,0.5104,0.165672,0,0,0,0.00,0.0000,0.0000,0.000000,4.313
429240,520,423,943,221,2,201,333.47,0.9976,0.5572,0.196350,24,21,42,288.95,0.4218,0.1090,0.008977,4.177
429242,520,454,974,182,29,244,312.32,0.9717,0.5313,0.173566,23,4,34,311.14,0.7594,0.0698,0.003845,4.152
429250,520,444,964,217,27,167,342.56,0.9357,0.5369,0.183280,20,5,53,289.66,0.8674,0.0844,0.005143,4.230
429259,520,470,990,176,38,236,312.02,0.9479,0.5203,0.166734,9,1,28,294.14,0.9032,0.0433,0.001636,4.197
429271,520,436,956,238,21,92,12.11,0.9756,0.5476,0.194894,26,0,57,297.05,1.0000,0.0874,0.005150,4.440
429290,520,372,892,241,66,160,352.27,0.8836,0.6061,0.251383,30,40,50,248.70,0.2375,0.1689,0.020239,4.291
429295,520,460,980,164,77,227,307.64,0.8350,0.5348,0.187469,12,13,13,196.99,0.0275,0.0647,0.003951,4.402
429299,520,464,984,198,16,198,328.31,0.9692,0.5167,0.164553,22,3,10,356.29,0.6518,0.0538,0.002576,4.081
429306,520,170,690,242,185,150,52.83,0.6786,0.8012,0.557789,22,95,50,151.73,0.9411,0.3415,0.085849,4.474
429324,520,295,815,236,108,222,331.83,0.8887,0.6782,0.338342,45,61,16,126.65,0.7874,0.2361,0.039327,4.347
429327,520,470,990,147,78,230,300.53,0.8425,0.5165,0.173653,15,0,14,330.38,1.0000,0.0384,0.001333,4.357
429339,520,467,987,226,28,86,12.99,0.9523,0.5242,0.176740,16,2,12,337.69,0.6692,0.0440,0.001801,4.377
429352,520,435,955,239,38,2,31.39,0.9982,0.5473,0.197446,30,10,27,333.13,0.5304,0.0858,0.005723,4.441
429354,520,476,996,197,79,41,37.75,0.8387,0.5103,0.176243,0,0,17,264.05,1.0000,0.0212,0.000405,4.489
429359,520,396,916,237,67,89,18.26,0.8838,0.5773,0.227432,29,34,19,123.46,0.3597,0.1386,0.014523,4.300
429372,520,431,951,242,20,83,15.35,0.9815,0.5536,0.200055,33,14,38,318.98,0.5460,0.1030,0.007774,4.328
429376,520,476,996,220,31,57,21.87,0.9572,0.5075,0.164937,0,0,12,264.05,1.0000,0.0173,0.000265,4.276
429385,520,378,898,255,58,71,23.35,1.0000,0.6005,0.247448,2,44,34,172.55,0.9581,0.1588,0.019297,4.292
429388,520,404,924,238,56,138,358.72,0.8865,0.5829,0.228435,47,22,23,18.08,0.4277,0.1331,0.012401,4.462
429398,520,410,930,201,68,221,322.16,0.8718,0.5736,0.217738,39,13,59,306.72,0.7334,0.1253,0.010350,4.436
429400,520,368,888,219,77,212,329.86,0.8618,0.6063,0.251233,72,18,18,24.35,0.7695,0.1717,0.018542,4.395
429401,520,348,868,233,79,215,332.88,0.8942,0.6329,0.278243,36,48,15,126.37,0.6892,0.1871,0.025234,4.363
429406,520,349,869,187,120,213,316.03,0.6570,0.6254,0.288027,5,54,16,146.63,0.9805,0.1898,0.027079,4.385
429421,520,440,960,222,53,134,356.66,0.8477,0.5485,0.197996,10,2,72,272.84,0.9891,0.0931,0.005758,4.448
429423,520,412,932,232,60,117,5.99,0.8605,0.5680,0.216747,1,28,49,244.98,0.9112,0.1162,0.010587,4.403
429426,520,381,901,232,77,155,353.19,0.8132,0.5997,0.248328,33,39,28,131.09,0.2371,0.1597,0.018582,4.350
429427,520,406,926,253,36,56,24.29,0.9906,0.5790,0.224337,0,38,4,144.84,1.0000,0.1303,0.013949,4.290
429437,520,477,997,143,99,170,311.67,0.5010,0.5056,0.176660,0,1,7,260.32,1.0000,0.0186,0.000370,4.500
429441,520,362,882,244,85,69,29.14,0.9317,0.6080,0.261630,54,32,55,325.32,0.4071,0.1791,0.020932,4.393
429459,520,278,798,253,110,177,353.46,0.9611,0.6868,0.352118,60,57,53,75.30,0.0629,0.2484,0.041440,4.398
429469,520,460,980,184,67,192,325.15,0.7837,0.5263,0.180117,16,3,39,294.77,0.8479,0.0635,0.003218,4.324
429473,520,346,866,248,88,108,16.74,0.9209,0.6266,0.280219,54,44,6,93.70,0.8305,0.1943,0.025988,4.346
429476,520,418,938,249,16,37,26.37,0.9929,0.5605,0.206476,39,12,57,308.59,0.7362,0.1222,0.009897,4.282
429493,520,329,849,249,105,79,32.20,0.9432,0.6465,0.308106,6,48,99,256.42,0.9007,0.2143,0.030533,4.447
429505,520,377,897,247,43,154,354.06,0.9411,0.5968,0.238383,2,39,68,247.29,0.9047,0.1622,0.018812,4.191
429511,520,442,962,214,65,113,5.29,0.7871,0.5381,0.192713,31,2,37,320.63,0.8379,0.0799,0.004683,4.439
429517,520,384,904,247,20,158,351.98,0.9804,0.5880,0.227464,39,20,77,293.44,0.7443,0.1523,0.014675,4.290
429525,520,447,967,236,4,93,10.89,0.9954,0.5393,0.187132,35,2,26,340.49,0.8018,0.0798,0.004754,4.331
429528,520,471,991,135,89,232,293.92,0.8264,0.5213,0.181219,4,2,31,277.44,0.9193,0.0433,0.001681,4.474
429559,520,468,988,205,45,159,342.62,0.8445,0.5213,0.173611,0,5,20,256.03,0.9999,0.0387,0.001590,4.334
429561,520,459,979,196,60,186,331.08,0.8126,0.5344,0.185143,8,7,34,279.43,0.7216,0.0603,0.003191,4.421
429613,520,384,904,207,74,223,323.25,0.8712,0.5909,0.234923,30,30,55,282.44,0.4156,0.1451,0.014804,4.397
429617,520,460,980,195,43,211,323.68,0.9107,0.5345,0.180346,18,8,14,342.96,0.3299,0.0606,0.003340,4.318
429624,520,477,997,180,52,195,323.31,0.8372,0.5057,0.161007,3,1,2,344.98,0.3863,0.0205,0.000455,4.182
429629,520,211,731,248,148,233,332.61,0.9512,0.7644,0.470216,39,82,57,156.36,0.6171,0.3077,0.067611,4.423
429638,520,397,917,252,50,18,31.47,0.9882,0.5830,0.230240,36,31,7,97.68,0.6716,0.1355,0.013704,4.399
429642,520,435,955,190,85,169,335.78,0.6697,0.5468,0.203101,2,25,17,168.05,0.8959,0.0914,0.007486,4.403
429663,520,389,909,243,13,190,341.61,0.9902,0.5940,0.230633,16,20,90,271.05,0.9211,0.1454,0.013486,4.420
429680,520,402,922,228,77,125,4.79,0.7914,0.5817,0.232850,19,33,32,190.28,0.2905,0.1314,0.013304,4.468
429684,520,401,921,207,46,245,318.66,0.9576,0.5814,0.218136,16,34,43,231.49,0.4303,0.1376,0.014286,4.171
429690,520,440,960,241,27,12,29.74,0.9907,0.5459,0.195146,20,15,35,293.64,0.4617,0.0872,0.006117,4.368
429692,520,399,919,195,78,225,318.79,0.8492,0.5787,0.224884,26,35,16,129.46,0.4873,0.1381,0.014591,4.256
429696,520,435,955,231,43,116,4.29,0.9068,0.5517,0.199805,12,10,53,276.97,0.8411,0.0854,0.005523,4.499
429711,520,309,829,209,136,146,10.69,0.4697,0.6559,0.332404,31,61,0,133.40,1.0000,0.2238,0.036287,4.432
429723,520,475,995,223,5,124,358.03,0.9893,0.5223,0.172545,11,0,8,336.02,1.0000,0.0307,0.000887,4.373
429741,520,410,930,228,77,85,21.34,0.8317,0.5712,0.224603,38,22,42,319.43,0.4199,0.1279,0.011531,4.463
429760,520,425,945,233,44,133,358.55,0.9056,0.5622,0.208214,36,6,60,304.58,0.8418,0.1127,0.008316,4.428
429762,520,11,531,254,253,237,103.87,0.8929,0.9890,0.974360,6,137,13,142.87,0.9976,0.4748,0.179583,4.462
429770,520,412,932,243,20,123,2.55,0.9764,0.5665,0.209884,46,17,19,17.46,0.5279,0.1206,0.010288,4.311
429778,520,409,929,225,42,192,337.13,0.9269,0.5738,0.214717,33,31,10,103.83,0.5635,0.1324,0.013252,4.185
429803,520,48,568,244,237,209,95.45,0.5648,0.9351,0.844053,47,123,57,145.92,0.9036,0.4431,0.150651,4.456
429810,520,472,992,198,34,188,331.09,0.9069,0.5180,0.167824,7,2,11,312.87,0.5942,0.0334,0.001128,4.260
429820,520,467,987,220,43,100,8.46,0.8885,0.5250,0.178661,3,7,8,210.91,0.2917,0.0414,0.001888,4.407
429856,520,319,839,254,46,232,333.33,0.9957,0.6510,0.288542,43,47,76,276.98,0.3767,0.2151,0.030684,4.196
429860,520,359,879,229,50,239,325.71,0.9616,0.6155,0.251735,66,17,60,333.05,0.7051,0.1759,0.018856,4.382
429867,520,394,914,243,26,173,346.69,0.9714,0.5891,0.228137,22,36,6,130.61,0.8395,0.1361,0.014454,4.315
429899,520,471,991,213,27,141,350.40,0.9182,0.5164,0.168554,4,7,10,241.77,0.2397,0.0431,0.001997,4.203
429904,520,458,978,163,88,199,313.49,0.6947,0.5297,0.188902,16,9,21,310.32,0.3862,0.0633,0.003597,4.457
429906,520,429,949,239,32,84,15.49,0.9610,0.5527,0.200271,37,11,29,340.84,0.5713,0.0991,0.007214,4.374
429927,520,415,935,207,58,212,326.61,0.8867,0.5673,0.210468,44,13,46,325.21,0.6572,0.1232,0.010206,4.326
429931,520,471,991,220,34,88,12.00,0.9260,0.5156,0.170669,5,2,20,288.93,0.7688,0.0361,0.001262,4.305
429932,520,387,907,202,83,224,321.09,0.8445,0.5947,0.241263,22,40,29,156.52,0.4200,0.1538,0.017768,4.298
429971,520,456,976,229,43,26,30.05,0.9678,0.5309,0.184633,10,11,8,121.62,0.1255,0.0569,0.003214,4.409
429991,520,389,909,221,23,242,323.33,0.9868,0.5906,0.223979,19,4,110,272.03,0.9916,0.1537,0.013510,4.314
429995,520,412,932,157,95,243,299.47,0.8747,0.5652,0.218238,11,31,22,162.73,0.5645,0.1166,0.011090,4.391
429997,520,332,852,242,62,222,333.13,0.9448,0.6356,0.275992,87,15,5,31.61,0.9432,0.1983,0.023792,4.418
430009,520,418,938,215,43,198,332.83,0.9158,0.5602,0.202542,28,28,6,109.11,0.6612,0.1177,0.010905,4.146
430011,520,476,996,182,80,123,356.00,0.6105,0.5053,0.171139,0,1,10,262.28,1.0000,0.0204,0.000436,4.385
430022,520,136,656,228,195,240,317.00,0.6811,0.8363,0.618161,41,101,34,141.61,0.9281,0.3657,0.098939,4.486
430027,520,458,978,151,64,255,298.63,1.0000,0.5254,0.174664,17,8,14,339.56,0.3121,0.0594,0.003246,4.219
430038,520,461,981,229,28,76,16.64,0.9610,0.5282,0.180133,11,1,28,298.39,0.8951,0.0452,0.001767,4.446
430071,520,451,971,197,35,226,320.60,0.9513,0.5438,0.185649,23,7,19,337.15,0.4989,0.0669,0.003812,4.379
430099,520,455,975,213,34,161,343.68,0.9020,0.5298,0.178657,9,5,43,279.47,0.8687,0.0648,0.003410,4.281
430106,520,399,919,168,104,221,307.36,0.7332,0.5778,0.234465,10,35,40,212.78,0.5885,0.1358,0.014197,4.431
430109,520,353,873,242,38,229,331.33,0.9768,0.6240,0.259234,26,48,26,144.17,0.5843,0.1812,0.024080,4.174
430112,520,390,910,249,56,101,13.58,0.9528,0.5929,0.239111,40,34,24,80.30,0.2404,0.1521,0.016611,4.340
430126,520,422,942,223,9,196,335.31,0.9893,0.5592,0.198713,8,6,85,269.14,0.9834,0.1148,0.008377,4.260
430133,520,431,951,147,94,235,297.28,0.8265,0.5457,0.202068,44,6,20,1.94,0.7322,0.1001,0.007163,4.410
430155,520,403,923,240,22,163,349.02,0.9729,0.5772,0.217465,29,33,12,118.16,0.5384,0.1342,0.013755,4.195
430158,520,359,879,252,11,204,339.78,0.9948,0.6181,0.252977,32,15,116,277.51,0.9509,0.1825,0.019096,4.385
430160,520,452,972,219,55,91,13.48,0.8560,0.5308,0.185503,2,19,11,163.40,0.8530,0.0719,0.005028,4.280
430166,520,422,942,191,52,241,314.86,0.9342,0.5577,0.198845,37,21,1,71.93,0.9004,0.1104,0.009319,4.195
430172,520,480,1000,169,46,232,310.41,0.9231,0.5121,0.162160,0,0,0,0.00,0.0000,0.0000,0.000000,4.243
430191,520,441,961,200,25,225,321.83,0.9701,0.5432,0.184125,2,5,68,266.13,0.9839,0.0874,0.005388,4.227
430225,520,240,760,250,125,231,333.35,0.9689,0.7284,0.407632,23,78,21,142.64,0.9558,0.2794,0.056849,4.283
430231,520,437,957,242,20,41,25.71,0.9884,0.5471,0.195411,35,3,39,323.29,0.8086,0.0894,0.005690,4.407
430240,520,311,831,245,117,45,46.01,0.9271,0.6551,0.323275,23,58,41,160.26,0.6501,0.2163,0.033682,4.461
430268,520,459,979,211,62,129,357.24,0.7858,0.5348,0.188813,12,4,40,286.48,0.8429,0.0625,0.003182,4.490
430270,520,453,973,212,59,128,357.52,0.7990,0.5331,0.186858,1,17,21,213.44,0.8472,0.0693,0.004615,4.337
430298,520,461,981,229,14,105,6.09,0.9780,0.5303,0.179949,6,1,34,282.02,0.9540,0.0454,0.001759,4.443
430309,520,466,986,227,8,99,7.66,0.9873,0.5229,0.174083,13,6,5,30.87,0.2821,0.0476,0.002268,4.287
430310,520,474,994,202,60,140,350.09,0.7730,0.5207,0.176837,1,2,16,269.50,0.8603,0.0289,0.000873,4.459
430312,520,443,963,192,47,219,320.62,0.9108,0.5384,0.183554,30,0,44,312.70,1.0000,0.0805,0.004579,4.279
430317,520,416,936,246,34,73,19.54,0.9689,0.5660,0.212214,19,16,72,276.95,0.8524,0.1203,0.009769,4.387
430350,520,441,961,206,86,22,43.35,0.9253,0.5359,0.198374,26,18,19,10.00,0.1728,0.0928,0.006993,4.358
430351,520,452,972,213,61,117,2.70,0.7966,0.5331,0.187703,20,6,40,298.29,0.7522,0.0743,0.004322,4.376
430367,520,341,861,216,128,8,63.64,0.9765,0.6280,0.300568,3,55,40,167.86,0.9633,0.1985,0.029048,4.435
430374,520,382,902,229,66,183,341.51,0.8635,0.5954,0.239759,1,47,20,152.20,0.9925,0.1647,0.020899,4.087
430394,520,371,891,229,64,213,332.32,0.9113,0.6100,0.251313,71,19,17,26.05,0.7599,0.1708,0.018460,4.401
430409,520,327,847,254,101,42,39.39,0.9921,0.6450,0.305488,17,60,14,142.21,0.9539,0.2144,0.033825,4.241
430435,520,428,948,228,48,135,357.12,0.8808,0.5562,0.203599,46,4,14,11.18,0.8153,0.0992,0.006995,4.450
430445,520,478,998,139,81,226,297.83,0.8188,0.5080,0.168650,1,0,9,282.67,1.0000,0.0172,0.000262,4.350
430452,520,345,865,245,37,234,330.81,0.9811,0.6319,0.266790,88,2,6,26.59,0.9873,0.1893,0.021316,4.442
430456,520,469,989,161,63,230,307.12,0.8753,0.5155,0.168459,4,4,26,276.64,0.7746,0.0442,0.001872,4.211
430461,520,363,883,230,42,231,327.96,0.9661,0.6068,0.242508,68,25,16,33.41,0.6849,0.1745,0.019618,4.202
430480,520,426,946,243,38,14,30.55,0.9889,0.5560,0.204761,9,23,49,261.55,0.6570,0.1072,0.008926,4.323
430497,520,389,909,223,14,237,325.02,0.9925,0.5878,0.221187,45,5,86,298.45,0.9297,0.1509,0.013383,4.279
430498,520,341,861,236,72,212,334.47,0.9083,0.6288,0.272236,83,23,2,38.49,0.9564,0.1993,0.024565,4.322
430505,520,477,997,200,42,155,342.58,0.8421,0.5076,0.163038,8,0,4,344.76,1.0000,0.0250,0.000604,4.210
430508,520,409,929,231,12,184,340.59,0.9861,0.5678,0.207153,19,9,85,275.83,0.9523,0.1255,0.009896,4.293
430529,520,438,958,206,35,208,327.68,0.9378,0.5460,0.188798,10,20,34,256.94,0.4507,0.0900,0.006803,4.204
430567,520,457,977,209,71,76,22.17,0.7951,0.5264,0.185858,7,13,0,125.65,1.0000,0.0568,0.003330,4.423
430570,520,361,881,242,98,2,43.90,0.9976,0.6177,0.276201,35,47,21,129.27,0.5465,0.1841,0.024445,4.382
430577,520,454,974,227,33,80,15.56,0.9458,0.5275,0.180007,21,0,51,294.88,1.0000,0.0749,0.003984,4.261
430602,520,387,907,235,88,23,39.99,0.9640,0.5912,0.247064,34,37,6,114.57,0.7705,0.1502,0.016764,4.449
430626,520,404,924,230,1,209,333.53,0.9992,0.5787,0.214507,35,12,68,296.56,0.8003,0.1266,0.010376,4.381
430628,520,462,982,231,31,5,30.62,0.9950,0.5264,0.179829,2,7,23,262.03,0.7123,0.0475,0.002267,4.397
430633,520,432,952,202,26,235,319.99,0.9754,0.5546,0.192951,5,14,68,267.18,0.9384,0.1035,0.007636,4.215
430639,520,444,964,238,26,56,22.78,0.9784,0.5428,0.192047,8,17,34,261.91,0.5238,0.0813,0.005680,4.347
430645,520,432,952,234,50,78,18.87,0.9213,0.5532,0.203267,20,19,48,281.86,0.5645,0.1048,0.008279,4.346
430648,520,469,989,230,18,22,28.19,0.9891,0.5193,0.173166,3,1,32,274.97,0.9695,0.0406,0.001453,4.337
430656,520,416,936,236,44,126,1.64,0.9135,0.5656,0.211436,30,29,8,106.43,0.5969,0.1231,0.011723,4.236
430672,520,439,959,242,26,21,28.90,0.9858,0.5480,0.196736,45,0,0,29.23,1.0000,0.0874,0.005580,4.439
430691,520,476,996,205,20,169,338.77,0.9439,0.5124,0.163461,2,1,5,297.38,0.5651,0.0207,0.000456,4.231
430693,520,416,936,254,18,60,22.29,0.9953,0.5742,0.218335,25,28,37,270.50,0.1929,0.1245,0.011707,4.349
430696,520,467,987,162,73,222,308.47,0.8259,0.5227,0.177210,11,5,8,345.13,0.2827,0.0442,0.001972,4.372
430726,520,468,988,176,82,164,332.48,0.6416,0.5178,0.179462,7,7,5,107.20,0.1280,0.0443,0.002081,4.406
430753,520,436,956,237,28,88,13.70,0.9643,0.5475,0.195428,0,26,2,144.69,1.0000,0.0897,0.007431,4.273
430775,520,469,989,202,46,166,339.37,0.8419,0.5204,0.172656,8,0,33,288.41,1.0000,0.0441,0.001614,4.314
430783,520,400,920,238,56,128,2.39,0.8869,0.5794,0.225670,59,10,44,342.81,0.7389,0.1450,0.013289,4.356
430786,520,398,918,233,83,20,39.01,0.9693,0.5805,0.235636,49,25,24,22.81,0.3983,0.1430,0.014143,4.453
430791,520,385,905,237,23,192,339.79,0.9768,0.5866,0.224260,24,26,81,275.37,0.7711,0.1525,0.015270,4.202
430798,520,308,828,241,95,220,333.73,0.9195,0.6673,0.320550,81,43,18,51.65,0.6689,0.2344,0.035210,4.349
430805,520,460,980,188,20,236,315.99,0.9805,0.5302,0.172491,18,4,35,301.12,0.7755,0.0644,0.003368,4.169
430809,520,440,960,223,58,125,0.95,0.8349,0.5517,0.201973,42,7,10,19.11,0.7387,0.0950,0.006662,4.447
430816,520,409,929,223,57,166,345.36,0.8537,0.5678,0.213699,63,3,16,15.45,0.9199,0.1344,0.011595,4.281
430819,520,312,832,249,87,208,339.32,0.9556,0.6642,0.315131,3,53,93,249.14,0.9213,0.2224,0.033557,4.370
430821,520,379,899,211,80,214,326.86,0.8419,0.5984,0.244430,34,40,30,132.95,0.2124,0.1643,0.019514,4.236
430823,520,397,917,238,51,128,1.89,0.8999,0.5753,0.221064,31,19,71,287.95,0.7396,0.1357,0.012120,4.364
430824,520,435,955,245,17,32,27.06,0.9919,0.5518,0.199212,37,8,28,341.64,0.6395,0.0940,0.006509,4.410
430827,520,475,995,230,15,56,21.63,0.9871,0.5217,0.174532,3,3,1,108.44,0.4204,0.0273,0.000867,4.414
430831,520,471,991,209,4,182,335.77,0.9914,0.5234,0.170217,13,3,6,356.83,0.4854,0.0406,0.001639,4.265
430840,520,334,854,192,107,255,308.20,1.0000,0.6360,0.289427,41,52,9,122.83,0.8301,0.2034,0.029471,4.271
430851,520,480,1000,221,18,69,17.33,0.9756,0.5057,0.162372,0,0,0,0.00,0.0000,0.0000,0.000000,4.247
430876,520,407,927,220,79,109,11.02,0.7609,0.5650,0.219142,53,16,20,16.40,0.6216,0.1317,0.011781,4.356
430879,520,398,918,248,25,140,358.03,0.9728,0.5844,0.225486,58,18,8,35.31,0.7655,0.1420,0.013498,4.338
430884,520,479,999,226,19,25,27.83,0.9871,0.5112,0.167076,1,0,1,328.36,1.0000,0.0103,0.000086,4.334
430890,520,439,959,244,25,2,30.19,0.9985,0.5511,0.199362,23,6,58,290.20,0.8647,0.0942,0.006179,4.439
430901,520,330,850,244,92,164,354.16,0.8677,0.6424,0.295706,65,42,27,53.62,0.4235,0.2080,0.028590,4.399
430910,520,450,970,237,24,29,27.76,0.9852,0.5370,0.187498,8,15,22,248.55,0.3175,0.0699,0.004512,4.357
430912,520,413,933,251,21,19,28.80,0.9914,0.5651,0.210963,36,5,68,299.63,0.8924,0.1192,0.009010,4.422
430923,520,454,974,137,82,254,292.20,0.9897,0.5315,0.185087,13,16,13,145.22,0.1259,0.0727,0.004852,4.286
430933,520,425,945,234,35,132,358.52,0.9325,0.5582,0.203634,17,29,12,136.99,0.5582,0.1117,0.010244,4.210
430937,520,448,968,229,53,9,33.28,0.9893,0.5383,0.192269,4,15,47,264.39,0.8434,0.0838,0.005727,4.347
430943,520,416,936,169,82,255,302.97,1.0000,0.5704,0.216901,41,16,34,338.90,0.5110,0.1163,0.009576,4.480
430955,520,452,972,198,90,20,46.98,0.9152,0.5283,0.193705,15,14,9,98.04,0.1850,0.0685,0.004354,4.484
430960,520,414,934,247,29,72,19.50,0.9763,0.5655,0.211243,13,29,33,215.58,0.3952,0.1160,0.010741,4.301
430964,520,370,890,245,19,214,335.71,0.9897,0.6128,0.247363,9,36,82,260.42,0.8445,0.1684,0.019289,4.292
430969,520,436,956,198,56,211,324.29,0.8777,0.5500,0.195388,10,22,23,202.52,0.3327,0.0898,0.007002,4.305
430975,520,413,933,246,46,73,20.74,0.9524,0.5734,0.220313,21,27,39,263.85,0.2812,0.1193,0.010898,4.439
430980,520,450,970,187,6,253,312.20,0.9964,0.5397,0.177881,4,0,59,269.68,1.0000,0.0689,0.003415,4.266
430992,520,477,997,194,39,186,330.53,0.8817,0.5128,0.164672,4,1,5,320.09,0.5789,0.0237,0.000585,4.244
430996,520,447,967,226,4,149,350.14,0.9924,0.5386,0.184282,6,11,45,270.25,0.8307,0.0754,0.004675,4.285
431000,520,347,867,244,97,73,31.55,0.9164,0.6251,0.282666,43,48,14,116.79,0.6803,0.1938,0.026592,4.343
431005,520,453,973,192,65,176,333.24,0.7720,0.5272,0.181232,26,8,4,37.62,0.5927,0.0681,0.004021,4.280
431009,520,312,832,252,103,132,11.14,0.9427,0.6601,0.320651,56,52,13,103.44,0.7355,0.2201,0.033258,4.452
431022,520,400,920,228,16,219,330.52,0.9885,0.5846,0.219815,51,21,17,29.08,0.5423,0.1362,0.012807,4.296
431032,520,422,942,216,22,209,330.10,0.9728,0.5583,0.197784,29,13,53,297.99,0.7023,0.1070,0.008061,4.268
431046,520,421,941,230,54,118,4.51,0.8712,0.5590,0.207722,28,23,30,316.31,0.1735,0.1115,0.009534,4.329
431061,520,475,995,218,55,41,29.46,0.9227,0.5201,0.178005,3,2,19,280.70,0.7939,0.0332,0.001098,4.462
431077,520,331,851,248,104,23,43.62,0.9748,0.6379,0.299222,42,50,31,126.89,0.3482,0.2022,0.028724,4.436
431078,520,398,918,195,97,191,328.88,0.6818,0.5845,0.239144,23,37,6,130.17,0.8443,0.1400,0.015184,4.436
431080,520,378,898,244,49,169,348.86,0.9286,0.6015,0.242974,33,39,9,119.49,0.7094,0.1556,0.017941,4.312
431103,520,445,965,170,58,252,305.78,0.9801,0.5416,0.186011,34,8,6,27.95,0.6682,0.0814,0.005269,4.270
431113,520,477,997,203,49,141,349.05,0.8145,0.5121,0.168183,0,1,7,260.32,1.0000,0.0186,0.000370,4.332
431118,520,396,916,207,90,157,347.38,0.6770,0.5756,0.230139,25,23,77,278.30,0.7656,0.1433,0.013552,4.408
431129,520,377,897,228,68,191,338.71,0.8669,0.5998,0.243923,21,40,40,195.73,0.3588,0.1573,0.018302,4.303
431134,520,257,777,190,155,234,304.06,0.6802,0.7093,0.403307,14,77,0,140.73,1.0000,0.2712,0.054009,4.358
431143,520,346,866,246,37,227,332.74,0.9791,0.6293,0.264650,64,37,25,44.51,0.4528,0.1941,0.024834,4.205
431183,520,48,568,255,238,166,96.46,1.0000,0.9375,0.851632,27,123,84,160.84,0.9230,0.4428,0.150384,4.500
431228,520,334,854,252,64,191,344.37,0.9755,0.6380,0.281271,40,49,33,131.90,0.3035,0.1978,0.027575,4.270
431229,520,476,996,212,31,126,355.88,0.9007,0.5100,0.164857,4,2,0,82.32,1.0000,0.0247,0.000692,4.238
431233,520,411,931,224,47,183,339.68,0.9029,0.5703,0.213017,10,33,10,143.59,0.8739,0.1194,0.011741,4.260
431234,520,295,815,245,108,191,345.56,0.8848,0.6770,0.339019,93,36,28,30.15,0.6707,0.2439,0.036731,4.485
431238,520,390,910,194,66,254,312.24,0.9930,0.5852,0.225227,44,22,61,307.99,0.6066,0.1487,0.014463,4.270
431257,520,388,908,219,64,202,332.82,0.8742,0.5867,0.229933,33,31,53,287.23,0.3633,0.1493,0.015603,4.267
431264,520,453,973,196,58,190,329.81,0.8265,0.5348,0.184812,27,10,0,59.94,1.0000,0.0723,0.004501,4.308
431269,520,338,858,255,25,233,333.27,1.0000,0.6441,0.278417,64,40,8,69.60,0.7705,0.1985,0.026252,4.307
431272,520,477,997,207,58,75,19.08,0.8346,0.5067,0.168018,1,1,0,109.77,1.0000,0.0157,0.000282,4.336
431278,520,399,919,185,105,182,328.44,0.5904,0.5789,0.237959,37,29,45,307.02,0.2951,0.1442,0.014615,4.457
431286,520,395,915,243,70,83,21.29,0.9197,0.5907,0.240628,11,38,38,195.26,0.6005,0.1447,0.015973,4.405
431345,520,452,972,232,26,65,20.05,0.9719,0.5315,0.182793,17,11,16,331.98,0.2134,0.0662,0.003959,4.314
431357,520,352,872,173,115,252,300.77,0.9417,0.6241,0.281743,29,39,86,271.17,0.6392,0.1904,0.023840,4.493
431375,520,451,971,232,13,116,2.75,0.9803,0.5397,0.187076,26,9,3,45.76,0.6342,0.0698,0.004216,4.373
431384,520,385,905,231,10,227,329.29,0.9945,0.5939,0.227546,31,19,86,282.95,0.8315,0.1510,0.014289,4.317
431391,520,442,962,199,69,169,338.14,0.7595,0.5398,0.192647,18,9,43,290.34,0.7140,0.0799,0.004984,4.413
431396,520,473,993,209,50,124,357.49,0.8227,0.5172,0.172940,5,2,12,300.16,0.6146,0.0316,0.001022,4.369
431403,520,404,924,252,37,85,16.89,0.9812,0.5822,0.226781,29,31,3,113.26,0.8370,0.1269,0.012478,4.430
431429,520,288,808,250,108,175,353.31,0.9155,0.6784,0.341472,4,67,41,159.10,0.9759,0.2401,0.042000,4.255
431438,520,480,1000,158,57,234,305.67,0.8987,0.5082,0.161364,0,0,0,0.00,0.0000,0.0000,0.000000,4.227
431439,520,384,904,209,53,247,318.57,0.9628,0.5911,0.228186,56,23,34,0.51,0.4980,0.1540,0.015692,4.235
431454,520,475,995,211,63,50,29.06,0.8806,0.5159,0.176365,7,0,20,300.89,1.0000,0.0327,0.000957,4.442
431464,520,389,909,215,105,50,44.77,0.8178,0.5854,0.247827,47,30,33,7.49,0.2590,0.1543,0.016427,4.483
431469,520,456,976,220,43,122,359.97,0.8770,0.5321,0.183511,11,3,38,287.03,0.8655,0.0579,0.002762,4.426
431471,520,457,977,198,19,218,323.07,0.9751,0.5322,0.175351,1,12,18,226.81,0.7820,0.0553,0.003131,4.241
431481,520,378,898,244,45,178,345.88,0.9413,0.6030,0.243273,47,28,59,311.13,0.4912,0.1632,0.017507,4.344
431495,520,444,964,180,70,222,315.06,0.8456,0.5446,0.193586,19,15,26,300.79,0.2935,0.0811,0.005547,4.385
431500,520,422,942,226,60,131,359.40,0.8373,0.5614,0.210418,0,17,72,262.79,1.0002,0.1107,0.008687,4.437
431505,520,463,983,224,10,126,357.65,0.9799,0.5262,0.175735,9,5,27,288.66,0.6722,0.0518,0.002457,4.303
431521,520,357,877,242,37,230,331.09,0.9781,0.6242,0.259163,36,45,35,142.31,0.2202,0.1826,0.023732,4.193
431528,520,260,780,253,135,117,29.96,0.9634,0.7094,0.394979,25,73,53,162.91,0.7427,0.2704,0.052286,4.350
431529,520,368,888,247,25,194,341.49,0.9810,0.6070,0.243676,9,42,67,245.58,0.7412,0.1728,0.021191,4.125
431540,520,335,855,250,3,254,327.49,0.9994,0.6444,0.275478,85,14,50,354.88,0.7770,0.2044,0.024760,4.354
431551,520,410,930,229,3,197,336.46,0.9969,0.5698,0.207570,13,25,70,267.81,0.8023,0.1322,0.012230,4.139
431574,520,466,986,200,17,192,330.53,0.9641,0.5165,0.164879,12,4,14,320.54,0.4917,0.0451,0.001967,4.135
431581,520,469,989,217,2,155,346.09,0.9951,0.5232,0.171641,13,1,18,317.54,0.8021,0.0407,0.001510,4.303
431583,520,381,901,236,10,225,330.94,0.9949,0.6015,0.234889,32,39,35,160.40,0.1335,0.1611,0.018794,4.141
431587,520,208,728,232,167,195,351.63,0.5852,0.7648,0.487349,47,83,52,147.52,0.5716,0.3144,0.070386,4.464
431588,520,278,798,254,126,70,42.82,0.9865,0.6874,0.364379,28,67,60,180.18,0.5689,0.2549,0.045873,4.322
431592,520,460,980,207,52,163,342.01,0.8280,0.5329,0.183678,3,10,28,261.82,0.6876,0.0581,0.003203,4.392
431603,520,397,917,230,69,124,4.19,0.8244,0.5757,0.225372,20,36,16,139.52,0.6005,0.1363,0.014479,4.271
431613,520,386,906,233,86,29,38.81,0.9493,0.5851,0.240708,24,39,22,141.59,0.4739,0.1502,0.017031,4.337
431617,520,208,728,246,168,59,70.81,0.9033,0.7555,0.479162,31,87,3,138.47,0.9945,0.3118,0.071140,4.368
431624,520,409,929,174,83,243,307.02,0.9027,0.5687,0.216569,38,28,25,37.34,0.1861,0.1343,0.013128,4.223
431629,520,301,821,227,126,171,352.89,0.6627,0.6708,0.341949,49,58,16,120.31,0.7349,0.2305,0.037165,4.497
431642,520,445,965,217,65,95,13.50,0.8123,0.5385,0.193610,31,10,10,21.41,0.5144,0.0809,0.005303,4.405
431651,520,374,894,237,92,15,41.79,0.9793,0.6003,0.256963,21,43,23,146.15,0.6147,0.1610,0.019490,4.417
431661,520,301,821,244,101,192,344.28,0.8884,0.6661,0.323489,86,39,1,52.73,0.9649,0.2330,0.034320,4.429
431662,520,410,930,250,17,88,14.59,0.9877,0.5704,0.214331,7,26,72,263.69,0.8739,0.1335,0.012518,4.228
431691,520,445,965,223,44,138,354.65,0.8805,0.5448,0.193269,9,22,9,144.14,0.5977,0.0848,0.006516,4.304
431693,520,392,912,244,21,171,347.41,0.9789,0.5884,0.227129,32,36,5,116.28,0.7979,0.1450,0.015798,4.212
431705,520,378,898,234,74,163,350.28,0.8351,0.6031,0.250370,50,33,23,51.38,0.3510,0.1627,0.018278,4.399
431730,520,353,873,243,38,223,333.04,0.9748,0.6220,0.257715,10,48,42,180.45,0.7684,0.1781,0.023455,4.189
431733,520,448,968,239,15,18,28.53,0.9929,0.5375,0.187394,4,21,3,141.85,0.9346,0.0771,0.005687,4.263
431744,520,410,930,214,11,233,323.72,0.9926,0.5688,0.204207,7,24,70,264.55,0.8729,0.1270,0.011406,4.140
431753,520,382,902,157,111,253,295.16,0.9603,0.6000,0.256289,43,33,47,316.19,0.2576,0.1623,0.018066,4.500
431756,520,412,932,230,55,141,355.90,0.8659,0.5681,0.214812,35,13,64,298.54,0.7667,0.1242,0.010154,4.402
431762,520,328,848,225,89,237,324.40,0.9155,0.6450,0.292687,5,58,46,172.92,0.9354,0.2114,0.032555,4.151
431779,520,434,954,222,63,94,14.11,0.8370,0.5455,0.198954,46,0,29,347.18,1.0000,0.0989,0.006696,4.391
431782,520,479,999,164,75,201,314.58,0.7566,0.5126,0.171425,2,0,3,318.71,1.0000,0.0147,0.000195,4.411
431810,520,446,966,203,67,168,339.66,0.7743,0.5438,0.195398,29,12,20,351.10,0.4099,0.0847,0.005747,4.402
431818,520,321,841,243,88,205,338.78,0.9146,0.6541,0.304446,39,54,27,132.37,0.5219,0.2107,0.031488,4.350
431825,520,346,866,213,96,230,322.42,0.8607,0.6320,0.282267,7,54,1,141.07,0.9967,0.1886,0.026856,4.323
431849,520,465,985,190,34,216,321.10,0.9380,0.5240,0.170505,8,5,26,286.81,0.6625,0.0503,0.002347,4.212
431852,520,272,792,252,120,165,0.50,0.9235,0.6960,0.368479,9,74,21,145.43,0.9831,0.2615,0.050096,4.181
431856,520,399,919,252,34,51,25.12,0.9869,0.5753,0.220822,11,4,101,269.17,0.9925,0.1362,0.010975,4.442
431862,520,434,954,228,25,159,347.71,0.9529,0.5532,0.196952,46,4,4,26.36,0.9042,0.0969,0.006765,4.350
431873,520,311,831,221,114,203,333.90,0.7423,0.6557,0.317204,44,54,37,132.78,0.3017,0.2178,0.033073,4.420
431875,520,432,952,216,44,173,340.74,0.8848,0.5482,0.194197,44,2,27,348.71,0.8307,0.0970,0.006581,4.316
431880,520,415,935,220,31,207,331.63,0.9582,0.5679,0.207029,4,5,94,266.33,0.9918,0.1239,0.009424,4.325
431882,520,341,861,205,97,236,318.11,0.8721,0.6257,0.275860,61,40,47,357.58,0.2676,0.2035,0.027150,4.224
431883,520,358,878,245,21,227,332.50,0.9906,0.6214,0.254978,22,48,23,144.72,0.7127,0.1779,0.023463,4.151
431884,520,386,906,217,35,245,321.51,0.9757,0.5912,0.225483,1,8,114,264.56,0.9927,0.1549,0.013949,4.308
431885,520,476,996,224,22,14,29.26,0.9854,0.5075,0.164557,4,0,0,29.23,1.0000,0.0164,0.000258,4.269
431892,520,182,702,200,186,237,297.36,0.5989,0.7877,0.535117,15,93,48,152.22,0.9649,0.3326,0.081433,4.452
431900,520,333,853,247,87,159,356.11,0.8991,0.6393,0.290968,57,43,13,83.70,0.6707,0.1965,0.026268,4.471
431913,520,400,920,240,51,144,356.55,0.9056,0.5849,0.229096,5,38,40,200.85,0.7919,0.1430,0.015716,4.247
431915,520,464,984,188,8,231,317.28,0.9919,0.5228,0.166359,5,4,30,278.08,0.8137,0.0482,0.002128,4.151
431916,520,444,964,216,12,190,335.27,0.9814,0.5432,0.185819,26,6,37,311.53,0.7197,0.0795,0.004835,4.301
431929,520,389,909,228,83,115,10.43,0.7804,0.5863,0.239209,66,14,5,32.92,0.8921,0.1517,0.014835,4.461
431934,520,430,950,245,7,51,23.35,0.9962,0.5513,0.198070,22,23,21,128.69,0.0538,0.1015,0.008375,4.250
431966,520,340,860,249,16,243,329.67,0.9956,0.6375,0.269844,57,39,52,336.91,0.2739,0.1977,0.025689,4.226
431970,520,403,923,214,74,183,337.72,0.7992,0.5784,0.226146,19,30,51,262.49,0.4571,0.1331,0.013060,4.379
431982,520,388,908,250,38,114,7.61,0.9621,0.5858,0.229287,22,28,79,272.88,0.7505,0.1533,0.015655,4.254
431989,520,336,856,241,46,249,326.35,0.9807,0.6398,0.274969,83,13,54,350.00,0.7790,0.2012,0.023935,4.395
432006,520,459,979,222,20,138,353.29,0.9544,0.5299,0.178675,26,3,22,334.83,0.7214,0.0648,0.003427,4.280
432008,520,444,964,214,71,83,19.62,0.7996,0.5372,0.194295,9,8,56,273.94,0.9111,0.0831,0.005172,4.428
432012,520,476,996,125,86,242,289.11,0.8956,0.5142,0.174262,0,3,3,194.77,1.0000,0.0242,0.000717,4.422
432017,520,321,841,248,52,237,330.76,0.9734,0.6475,0.285298,64,35,67,323.62,0.4794,0.2069,0.026974,4.356
432018,520,445,965,198,12,234,319.31,0.9899,0.5427,0.182108,10,18,14,162.64,0.2718,0.0758,0.005288,4.198
432023,520,416,936,235,10,181,342.36,0.9893,0.5734,0.212183,22,27,30,234.23,0.1218,0.1158,0.010482,4.335
432025,520,404,924,255,1,101,10.83,1.0000,0.5805,0.222251,32,19,60,294.31,0.6537,0.1270,0.010991,4.464
432056,520,385,905,221,78,165,346.62,0.7805,0.5861,0.235398,36,20,74,291.64,0.7326,0.1459,0.013698,4.481
432058,520,370,890,238,14,227,330.91,0.9933,0.6072,0.240400,21,6,118,271.91,0.9893,0.1683,0.015976,4.402
432063,520,362,882,238,85,126,7.59,0.8306,0.6098,0.261834,21,27,108,270.73,0.9170,0.1819,0.020259,4.438
432074,520,328,848,252,59,222,335.47,0.9847,0.6503,0.291004,8,25,139,265.73,0.9769,0.2130,0.026107,4.481
432075,520,281,801,231,118,222,330.33,0.8518,0.6859,0.352217,19,52,121,262.58,0.8599,0.2491,0.039747,4.482
432098,520,38,558,247,248,137,109.14,0.9462,0.9482,0.887156,29,128,46,145.56,0.9720,0.4516,0.158962,4.485
432101,520,473,993,173,11,250,308.78,0.9923,0.5165,0.160266,12,0,7,341.40,1.0000,0.0315,0.000935,4.128
432107,520,346,866,246,3,240,329.70,0.9991,0.6279,0.259521,15,52,38,165.01,0.7444,0.1918,0.026974,4.021
432116,520,373,893,246,75,61,28.81,0.9511,0.5985,0.249652,8,44,10,144.02,0.9588,0.1553,0.018748,4.359
432121,520,427,947,223,39,170,343.34,0.9118,0.5562,0.200438,5,27,25,187.22,0.6745,0.1021,0.008863,4.255
432122,520,348,868,245,47,226,332.77,0.9684,0.6324,0.269394,41,44,51,267.09,0.1149,0.1910,0.025118,4.252
432142,520,348,868,228,97,177,345.48,0.7677,0.6283,0.282200,25,53,10,136.70,0.9264,0.1942,0.027747,4.273
432147,520,457,977,186,84,140,348.40,0.6162,0.5251,0.186746,2,14,18,217.73,0.6659,0.0610,0.003706,4.408
432148,520,476,996,123,99,207,290.71,0.6793,0.5073,0.176395,2,1,4,302.09,0.5000,0.0201,0.000434,4.489
432155,520,445,965,219,6,180,338.87,0.9897,0.5415,0.184880,36,4,0,36.40,1.0000,0.0763,0.004620,4.300
432165,520,308,828,247,78,243,328.93,0.9702,0.6709,0.316967,71,49,30,61.24,0.4308,0.2348,0.036301,4.252
432170,520,388,908,252,39,121,5.67,0.9751,0.5924,0.235305,7,36,58,245.32,0.7365,0.1483,0.016123,4.315
432171,520,375,895,248,11,190,342.68,0.9930,0.6030,0.239168,6,41,61,238.85,0.7865,0.1647,0.019614,4.154
432172,520,465,985,199,55,157,342.09,0.7962,0.5182,0.173107,11,5,23,297.92,0.5979,0.0511,0.002416,4.256
432177,520,471,991,179,42,230,314.17,0.9327,0.5226,0.169539,7,3,10,312.98,0.4530,0.0358,0.001322,4.278
432214,520,430,950,185,56,241,312.89,0.9293,0.5521,0.194946,1,20,51,257.50,0.9384,0.0968,0.007457,4.263
432223,520,458,978,207,61,129,356.18,0.7785,0.5263,0.181900,13,2,42,288.38,0.9166,0.0613,0.002961,4.379
432226,520,398,918,235,44,176,344.43,0.9261,0.5847,0.226009,49,16,50,326.43,0.6403,0.1385,0.012539,4.413
432228,520,403,923,161,98,246,299.97,0.8933,0.5771,0.229666,6,31,47,240.28,0.7046,0.1260,0.012239,4.493
432233,520,442,962,237,34,11,30.43,0.9905,0.5410,0.191760,11,6,53,277.77,0.9040,0.0780,0.004584,4.429
432246,520,362,882,175,112,240,304.51,0.8242,0.6130,0.269941,21,49,30,152.57,0.6412,0.1824,0.024497,4.295
432260,520,392,912,246,23,165,349.68,0.9766,0.5901,0.229255,66,7,20,14.39,0.8447,0.1465,0.013609,4.390
432269,520,361,881,177,116,236,305.61,0.7908,0.6198,0.278945,9,51,9,143.01,0.9700,0.1797,0.024454,4.418
432273,520,382,902,246,82,3,38.71,0.9971,0.6030,0.256373,49,35,9,80.11,0.6817,0.1637,0.018748,4.456
432279,520,357,877,229,67,217,331.21,0.9115,0.6152,0.256844,80,2,32,6.25,0.9437,0.1761,0.018535,4.477
432285,520,404,924,232,6,200,336.36,0.9946,0.5777,0.214589,45,0,69,309.12,1.0000,0.1276,0.009876,4.419
432299,520,343,863,249,61,200,340.91,0.9598,0.6347,0.276505,10,47,68,238.36,0.7442,0.1887,0.025148,4.345
432306,520,370,890,223,88,182,341.35,0.7784,0.6102,0.260470,42,35,62,294.89,0.3950,0.1747,0.020421,4.409
432351,520,442,962,186,1,254,311.77,0.9994,0.5380,0.176177,8,12,49,271.92,0.8242,0.0823,0.005363,4.085
432365,520,369,889,188,104,230,313.09,0.7999,0.6093,0.263061,13,48,12,142.84,0.9412,0.1712,0.022259,4.332
432381,520,473,993,227,8,67,18.08,0.9915,0.5154,0.169128,0,1,21,264.02,1.0043,0.0279,0.000758,4.317
432383,520,412,932,244,34,119,4.74,0.9533,0.5731,0.217124,5,33,18,156.66,0.8779,0.1187,0.011636,4.334
432394,520,333,853,231,64,250,323.41,0.9794,0.6370,0.275601,21,51,64,228.82,0.5451,0.2031,0.028971,4.123
432457,520,408,928,210,92,106,15.21,0.6702,0.5656,0.223986,52,13,38,344.55,0.6565,0.1324,0.011580,4.449
432492,520,363,883,254,65,78,22.48,0.9928,0.6059,0.254051,67,20,37,0.93,0.6351,0.1702,0.018274,4.453
432496,520,383,903,237,48,189,341.04,0.9308,0.5978,0.237954,6,41,43,200.57,0.7829,0.1544,0.017989,4.235
432501,520,460,980,150,97,196,307.04,0.6322,0.5265,0.190193,8,14,1,126.12,0.8701,0.0604,0.003679,4.475
432508,520,398,918,209,53,237,320.88,0.9396,0.5837,0.222177,1,32,70,255.37,0.9595,0.1440,0.014816,4.199
432524,520,419,939,249,6,50,23.72,0.9971,0.5595,0.205039,8,30,28,187.35,0.5842,0.1141,0.010640,4.206
432535,520,457,977,231,6,84,13.20,0.9928,0.5270,0.177623,22,5,13,350.98,0.5403,0.0591,0.003082,4.288
432544,520,434,954,233,30,107,6.84,0.9482,0.5452,0.193167,33,11,46,310.67,0.6805,0.1035,0.007600,4.222
432564,520,369,889,231,97,124,10.41,0.7604,0.6137,0.269961,42,41,19,106.27,0.4694,0.1729,0.021251,4.491
432565,520,38,558,253,237,229,48.50,0.7581,0.9494,0.871087,23,127,76,155.73,0.9571,0.4527,0.158820,4.411
432574,520,466,986,214,59,49,28.36,0.8971,0.5172,0.176483,2,10,19,244.44,0.6208,0.0521,0.002770,4.292
432584,520,407,927,245,24,128,1.39,0.9716,0.5737,0.216276,26,31,37,253.09,0.1519,0.1336,0.013331,4.204
432590,520,416,936,221,80,120,6.39,0.7548,0.5714,0.224680,22,28,41,265.17,0.2910,0.1240,0.011612,4.458
432596,520,447,967,233,27,108,6.31,0.9549,0.5441,0.191932,27,1,43,309.28,0.9304,0.0769,0.004292,4.456
432599,520,378,898,243,35,187,342.73,0.9620,0.6001,0.238477,4,3,123,265.40,0.9975,0.1648,0.015208,4.424
432601,520,433,953,193,88,154,344.06,0.6362,0.5488,0.206515,23,22,4,106.34,0.6711,0.0955,0.007648,4.450
432603,520,343,863,253,77,135,4.96,0.9723,0.6301,0.279431,9,47,70,240.37,0.7643,0.1897,0.025332,4.373
432615,520,401,921,192,76,240,314.20,0.9075,0.5825,0.226678,21,28,69,272.23,0.6673,0.1434,0.014196,4.310
432630,520,358,878,252,34,197,341.86,0.9813,0.6215,0.258740,6,25,111,265.45,0.9606,0.1754,0.018815,4.487
432642,520,407,927,202,41,251,316.11,0.9810,0.5750,0.211090,18,29,56,265.71,0.5432,0.1333,0.012928,4.149
432645,520,428,948,217,34,208,330.59,0.9504,0.5647,0.204520,25,22,21,39.37,0.0657,0.1021,0.008346,4.362
432661,520,330,850,242,66,230,331.04,0.9473,0.6437,0.284895,51,18,124,287.16,0.9107,0.2147,0.025916,4.411
432682,520,343,863,207,95,237,318.62,0.8832,0.6264,0.275657,4,54,31,157.53,0.9654,0.1926,0.027630,4.195
432686,520,451,971,210,10,209,328.60,0.9877,0.5443,0.185242,29,9,4,38.75,0.6298,0.0745,0.004654,4.304
432689,520,261,781,243,114,238,328.95,0.9444,0.7056,0.372647,24,56,133,263.89,0.8554,0.2723,0.047157,4.350
432694,520,366,886,234,69,184,342.56,0.8710,0.6076,0.252120,48,37,31,50.13,0.1996,0.1724,0.020505,4.285
432708,520,362,882,230,75,186,341.14,0.8468,0.6080,0.254028,37,44,32,132.44,0.2402,0.1796,0.022989,4.165
432711,520,432,952,230,52,77,19.17,0.9094,0.5467,0.198177,20,0,75,281.12,1.0000,0.1019,0.006567,4.387
432715,520,464,984,164,61,234,307.41,0.8930,0.5208,0.171712,18,4,0,51.24,1.0000,0.0472,0.002155,4.251
432721,520,466,986,159,90,184,316.42,0.6283,0.5180,0.181446,15,5,4,29.01,0.4138,0.0472,0.002189,4.435
432722,520,299,819,253,111,102,26.10,0.9731,0.6664,0.332141,50,52,67,278.88,0.1955,0.2300,0.035393,4.475
432732,520,430,950,240,36,60,22.76,0.9656,0.5526,0.201166,6,6,73,269.06,0.9771,0.0979,0.006500,4.445
432735,520,446,966,217,19,175,339.96,0.9620,0.5382,0.183150,26,12,2,61.48,0.7162,0.0752,0.004870,4.249
432737,520,367,887,240,63,170,348.37,0.8883,0.6058,0.249855,30,45,15,131.22,0.6903,0.1724,0.021872,4.172
432739,520,417,937,217,42,212,329.50,0.9376,0.5719,0.211632,11,19,67,269.70,0.8597,0.1153,0.009421,4.403
432745,520,389,909,218,97,129,5.83,0.6783,0.5936,0.250420,0,45,5,144.66,1.0000,0.1548,0.018876,4.362
432747,520,479,999,188,86,34,44.36,0.8293,0.5051,0.174641,1,0,0,29.23,1.0000,0.0090,0.000065,4.487
432778,520,404,924,213,57,216,327.22,0.9049,0.5790,0.220322,24,27,50,276.70,0.4271,0.1287,0.012083,4.354
432786,520,380,900,194,92,230,316.29,0.8373,0.5992,0.248380,8,43,32,168.29,0.8152,0.1572,0.018836,4.335
432819,520,424,944,210,19,226,324.31,0.9825,0.5588,0.196603,2,10,77,265.45,0.9755,0.1063,0.007657,4.277
432823,520,460,980,221,47,102,8.32,0.8766,0.5306,0.183671,7,13,6,140.29,0.3874,0.0585,0.003462,4.371
432828,520,375,895,246,67,96,16.61,0.9294,0.5960,0.244550,11,37,70,255.91,0.7303,0.1616,0.018364,4.309
432854,520,403,923,239,39,151,353.23,0.9341,0.5778,0.220392,33,21,62,293.31,0.6364,0.1336,0.012075,4.356
432864,520,467,987,207,66,88,15.54,0.7838,0.5190,0.178686,0,3,28,263.07,1.0004,0.0392,0.001490,4.441
432866,520,435,955,243,9,73,17.90,0.9934,0.5508,0.197345,5,15,56,266.65,0.8884,0.0928,0.006594,4.371
432901,520,325,845,251,19,254,327.67,0.9972,0.6491,0.281337,60,6,119,295.88,0.9583,0.2101,0.024228,4.464
432906,520,451,971,204,24,214,325.66,0.9661,0.5415,0.183475,14,8,37,288.04,0.6866,0.0695,0.004006,4.323
432917,520,296,816,240,96,247,325.85,0.9655,0.6823,0.336087,65,49,62,332.84,0.2261,0.2373,0.036683,4.454
432936,520,352,872,250,46,185,345.11,0.9642,0.6182,0.257840,11,50,52,200.01,0.7311,0.1894,0.026002,4.050
432947,520,321,841,215,105,240,319.88,0.8973,0.6538,0.308430,13,56,51,184.12,0.7616,0.2091,0.031528,4.396
432954,520,449,969,206,47,183,334.91,0.8679,0.5381,0.185757,26,6,26,327.53,0.6245,0.0726,0.004245,4.346
432959,520,429,949,236,32,88,13.88,0.9557,0.5474,0.195736,16,23,35,260.93,0.3259,0.1025,0.008443,4.205
432962,520,401,921,253,30,70,20.53,0.9894,0.5780,0.222571,23,15,84,277.96,0.8974,0.1354,0.011638,4.422
432983,520,313,833,249,73,221,335.19,0.9678,0.6565,0.301282,94,22,27,21.44,0.8008,0.2247,0.030330,4.373
432994,520,390,910,254,10,138,359.36,0.9926,0.5915,0.231266,16,15,102,270.69,0.9635,0.1528,0.014110,4.387
432999,520,469,989,175,74,189,322.64,0.7385,0.5194,0.176867,9,3,9,326.97,0.4508,0.0375,0.001429,4.411
433006,520,450,970,197,57,199,327.38,0.8489,0.5413,0.189217,1,15,28,243.60,0.8234,0.0678,0.004319,4.404
433030,520,424,944,177,62,254,307.32,0.9927,0.5570,0.199489,51,5,22,3.24,0.7912,0.1132,0.008704,4.250
433041,520,332,852,246,87,168,352.44,0.8959,0.6411,0.292394,5,48,78,245.08,0.8497,0.1970,0.026961,4.449
433048,520,471,991,188,51,202,323.87,0.8629,0.5229,0.173247,0,7,22,252.79,0.9999,0.0449,0.002099,4.285
433056,520,424,944,222,67,113,7.04,0.8069,0.5552,0.207387,9,23,53,263.26,0.7047,0.1103,0.009279,4.342
433057,520,371,891,238,34,214,334.16,0.9719,0.6057,0.241790,8,21,111,266.50,0.9677,0.1695,0.017355,4.332
433084,520,423,943,174,88,218,312.53,0.7747,0.5575,0.210409,8,13,71,269.51,0.9372,0.1070,0.007944,4.494
433086,520,459,979,202,60,162,341.30,0.7898,0.5312,0.183988,16,0,38,298.22,1.0000,0.0566,0.002501,4.457
433093,520,319,839,250,33,248,328.72,0.9891,0.6479,0.281920,52,50,39,98.81,0.1787,0.2151,0.031578,4.069
433097,520,441,961,205,43,187,333.37,0.8852,0.5357,0.182967,26,16,27,323.46,0.3185,0.0917,0.006693,4.109
433131,520,413,933,216,49,211,329.46,0.9197,0.5744,0.215008,41,24,5,67.08,0.7002,0.1241,0.011357,4.319
433141,520,390,910,247,15,174,347.06,0.9878,0.5939,0.231751,15,24,87,269.58,0.8940,0.1488,0.014429,4.373
433147,520,428,948,197,63,222,320.84,0.8813,0.5628,0.207007,0,28,1,143.46,1.0000,0.0959,0.008327,4.406
433151,520,407,927,231,32,173,344.13,0.9459,0.5689,0.210418,29,10,78,286.27,0.8866,0.1276,0.010283,4.320
433167,520,359,879,254,81,52,32.07,0.9937,0.6195,0.272072,52,37,43,352.96,0.2132,0.1821,0.022277,4.456
433173,520,425,945,251,19,13,29.16,0.9926,0.5642,0.210078,38,10,48,315.93,0.7129,0.1109,0.008426,4.451
433176,520,418,938,245,3,104,8.59,0.9972,0.5608,0.204805,26,3,84,282.82,0.9736,0.1231,0.009248,4.301
433178,520,423,943,239,43,62,22.95,0.9533,0.5553,0.204295,19,21,53,277.17,0.6014,0.1123,0.009318,4.287
433180,520,440,960,206,28,221,324.39,0.9649,0.5517,0.191746,26,15,33,311.30,0.4372,0.0928,0.006711,4.263
433182,520,443,963,179,86,178,327.81,0.6617,0.5364,0.194548,11,19,16,169.62,0.2459,0.0798,0.005743,4.387
433183,520,399,919,233,34,194,338.41,0.9564,0.5849,0.223654,30,29,58,283.28,0.4696,0.1447,0.014602,4.236
433193,520,391,911,233,51,181,342.61,0.9093,0.5885,0.230302,4,33,68,255.27,0.8593,0.1462,0.015308,4.292
433223,520,447,967,228,16,133,356.18,0.9706,0.5386,0.185608,8,20,2,134.12,0.9030,0.0768,0.005563,4.240
433226,520,440,960,241,24,34,27.09,0.9858,0.5459,0.194729,18,19,35,280.22,0.3700,0.0942,0.007157,4.282
433229,520,417,937,196,69,220,320.84,0.8603,0.5662,0.211607,56,7,9,23.64,0.8620,0.1228,0.010126,4.351
433232,520,385,905,213,31,252,319.01,0.9874,0.5881,0.221562,58,20,14,30.98,0.6668,0.1464,0.014317,4.222
433249,520,420,940,234,33,146,353.59,0.9387,0.5627,0.206584,19,26,23,167.28,0.1702,0.1076,0.009391,4.320
433260,520,400,920,214,56,220,326.45,0.9149,0.5824,0.222937,26,9,91,279.72,0.9452,0.1389,0.011703,4.423
433284,520,402,922,251,51,3,32.57,0.9979,0.5812,0.228871,21,33,12,133.17,0.6074,0.1269,0.012737,4.445
433285,520,435,955,217,51,160,345.66,0.8520,0.5488,0.196598,10,0,70,273.57,1.0000,0.0874,0.005067,4.478
433286,520,476,996,213,55,60,24.19,0.8870,0.5126,0.172072,2,0,8,296.85,1.0000,0.0183,0.000304,4.415
433294,520,355,875,239,25,246,326.71,0.9905,0.6247,0.257024,61,9,90,308.87,0.8752,0.1830,0.019258,4.433
433299,520,284,804,238,141,64,55.82,0.8499,0.6898,0.375995,6,72,14,144.17,0.9900,0.2529,0.047050,4.389
433317,520,350,870,225,81,230,326.44,0.9022,0.6313,0.276077,28,48,51,207.77,0.3244,0.1915,0.025997,4.291
433320,520,468,988,207,0,181,335.54,1.0000,0.5181,0.166037,6,1,27,287.50,0.9150,0.0395,0.001396,4.203
433332,520,436,956,228,54,110,7.24,0.8692,0.5527,0.202609,25,17,22,340.86,0.2057,0.0905,0.006655,4.459
433352,520,272,792,251,93,255,326.80,1.0000,0.7003,0.355606,6,73,36,152.52,0.9790,0.2600,0.049310,4.084
433356,520,419,939,222,70,110,8.88,0.7989,0.5577,0.210382,11,10,79,271.18,0.9584,0.1139,0.008527,4.449
433358,520,315,835,217,105,238,321.08,0.8906,0.6554,0.310295,43,52,59,241.55,0.1536,0.2193,0.032853,4.349
433366,520,374,894,254,44,117,7.66,0.9911,0.5982,0.241602,60,3,71,320.16,0.9049,0.1585,0.014808,4.499
433374,520,442,962,201,2,222,323.01,0.9978,0.5363,0.177366,7,15,44,267.91,0.7317,0.0833,0.005686,4.083
433375,520,362,882,235,81,158,353.15,0.8231,0.6109,0.260184,72,18,35,5.09,0.6951,0.1764,0.019319,4.475
433395,520,364,884,237,97,45,39.29,0.9133,0.6094,0.267463,12,48,11,142.81,0.9489,0.1707,0.022161,4.399
433402,520,385,905,233,37,208,334.57,0.9602,0.5947,0.232035,3,22,92,264.52,0.9541,0.1452,0.013658,4.430
433418,520,437,957,199,80,157,343.77,0.6969,0.5481,0.203155,4,21,42,253.84,0.7305,0.0941,0.007293,4.419
433419,520,396,916,224,13,222,328.82,0.9907,0.5788,0.214114,61,8,28,3.09,0.7772,0.1395,0.012498,4.226
433420,520,231,751,185,171,238,293.65,0.6670,0.7406,0.456131,18,82,37,148.97,0.9524,0.2939,0.062965,4.480
433481,520,340,860,252,46,220,335.88,0.9851,0.6404,0.278199,73,30,31,20.46,0.5546,0.1964,0.024442,4.409
433503,520,420,940,224,53,157,348.56,0.8617,0.5620,0.208304,9,29,31,204.06,0.5181,0.1129,0.010357,4.280
433513,520,366,886,247,46,174,347.80,0.9425,0.6074,0.247874,72,11,27,10.88,0.7966,0.1655,0.016964,4.448
433535,520,434,954,182,85,200,321.14,0.7334,0.5525,0.206133,43,7,22,358.42,0.6987,0.1005,0.007236,4.475
433536,520,417,937,215,82,132,0.04,0.7225,0.5676,0.221498,2,30,48,240.60,0.8563,0.1218,0.011548,4.411
433568,520,476,996,205,29,152,344.58,0.9001,0.5072,0.161270,0,3,0,142.50,1.0000,0.0226,0.000651,4.171
433571,520,436,956,214,41,194,333.71,0.9147,0.5546,0.197792,27,6,45,304.94,0.7770,0.0870,0.005527,4.463
433582,520,431,951,199,67,189,331.04,0.8003,0.5488,0.198322,45,8,0,38.99,1.0000,0.1001,0.007316,4.332
433584,520,480,1000,222,25,25,28.22,0.9800,0.5051,0.162979,0,0,0,0.00,0.0000,0.0000,0.000000,4.260
433601,520,295,815,254,73,254,328.01,0.9969,0.6842,0.329946,37,46,115,272.75,0.7337,0.2390,0.035850,4.426
433622,520,335,855,240,57,246,326.69,0.9702,0.6433,0.281079,2,56,39,165.68,0.9783,0.2013,0.029876,4.145
433642,520,366,886,202,75,253,314.35,0.9858,0.6055,0.246819,7,0,129,266.11,1.0000,0.1724,0.016300,4.477
433649,520,394,914,231,31,212,333.02,0.9699,0.5906,0.227249,15,39,3,136.67,0.9662,0.1406,0.015591,4.227
433660,520,464,984,174,79,177,326.33,0.6843,0.5176,0.177660,9,5,17,300.10,0.4754,0.0460,0.002071,4.372
433664,520,457,977,228,29,107,5.96,0.9429,0.5345,0.184371,19,7,8,13.96,0.3723,0.0578,0.003080,4.415
433672,520,278,798,231,116,233,326.73,0.8827,0.6887,0.353648,44,66,3,128.22,0.9733,0.2500,0.044384,4.277
433686,520,399,919,222,74,147,353.74,0.7826,0.5754,0.225361,63,2,28,1.76,0.9046,0.1369,0.011842,4.453
433704,520,469,989,207,49,131,354.06,0.8212,0.5153,0.171029,11,1,17,314.64,0.7971,0.0379,0.001333,4.306
433711,520,350,870,244,105,19,44.94,0.9771,0.6323,0.293863,17,49,61,225.80,0.6034,0.1933,0.026526,4.493
433728,520,467,987,200,43,175,335.74,0.8601,0.5195,0.171041,13,4,9,343.05,0.4229,0.0442,0.001921,4.257
433741,520,432,952,221,14,193,335.67,0.9814,0.5548,0.195389,40,10,24,353.94,0.6050,0.1003,0.007342,4.279
433751,520,443,963,234,17,94,10.72,0.9785,0.5385,0.187046,3,16,40,259.15,0.7889,0.0797,0.005431,4.276
433760,520,271,791,247,138,69,50.41,0.9046,0.6980,0.383836,41,69,6,131.62,0.9622,0.2576,0.047407,4.454
433771,520,308,828,255,98,176,352.66,1.0000,0.6732,0.331331,40,60,26,133.78,0.6375,0.2303,0.037573,4.354
433800,520,423,943,230,25,158,348.48,0.9552,0.5566,0.199897,15,28,19,153.54,0.3988,0.1090,0.009791,4.180
433801,520,455,975,226,45,41,27.76,0.9485,0.5274,0.182085,2,12,21,240.89,0.6571,0.0576,0.003300,4.354
433802,520,352,872,196,96,252,311.28,0.9688,0.6228,0.271308,85,15,11,28.42,0.9002,0.1946,0.022974,4.403
433817,520,450,970,226,33,125,359.33,0.9230,0.5387,0.187399,15,14,25,287.90,0.3019,0.0746,0.004858,4.328
433819,520,431,951,202,57,198,329.18,0.8547,0.5490,0.195618,8,17,57,268.41,0.8383,0.0996,0.007479,4.273
433821,520,467,987,169,71,213,313.47,0.8091,0.5231,0.177464,6,6,6,0.00,0.0000,0.0412,0.001821,4.389
433831,520,390,910,255,21,116,6.77,1.0000,0.5891,0.230610,5,29,86,263.09,0.9312,0.1538,0.015828,4.263
433832,520,461,981,165,58,249,304.79,0.9624,0.5321,0.178656,4,6,21,272.44,0.5830,0.0458,0.002102,4.389
433843,520,370,890,244,91,10,40.97,0.9894,0.6113,0.267404,2,43,63,235.69,0.9148,0.1705,0.020994,4.471
433857,520,407,927,217,78,141,355.67,0.7482,0.5692,0.221258,40,24,36,336.08,0.3261,0.1319,0.012318,4.353
433861,520,246,766,242,142,190,350.51,0.7796,0.7276,0.419432,7,76,70,185.54,0.9314,0.2813,0.056560,4.405
433863,520,461,981,191,29,230,318.07,0.9637,0.5339,0.176697,15,1,25,310.49,0.8577,0.0474,0.001935,4.365
433867,520,419,939,243,21,103,9.21,0.9772,0.5608,0.205737,13,8,77,273.16,0.9585,0.1100,0.007950,4.413
433878,520,381,901,240,77,127,5.98,0.8577,0.6040,0.253683,13,38,65,252.51,0.6609,0.1615,0.018534,4.431
433879,520,198,718,213,168,243,311.28,0.7826,0.7652,0.486231,45,76,113,253.76,0.5038,0.3196,0.069188,4.499
433881,520,311,831,220,111,228,324.77,0.8405,0.6627,0.321877,1,59,54,185.50,0.9842,0.2168,0.034006,4.427
433898,520,430,950,204,68,175,337.42,0.7828,0.5503,0.200686,33,18,17,23.73,0.3168,0.1014,0.007965,4.325
433900,520,319,839,243,107,124,14.86,0.8345,0.6488,0.310282,69,33,86,313.61,0.6240,0.2233,0.030249,4.490
433919,520,433,953,214,41,191,334.59,0.9111,0.5528,0.196458,41,0,41,328.36,1.0000,0.0965,0.006316,4.376
433921,520,448,968,240,27,9,29.94,0.9928,0.5437,0.193322,16,8,51,283.75,0.8190,0.0834,0.005228,4.406
433928,520,416,936,250,24,40,26.34,0.9878,0.5655,0.211341,47,18,12,33.06,0.5929,0.1224,0.010636,4.310
433953,520,421,941,212,81,119,5.49,0.7158,0.5566,0.212160,23,21,46,285.16,0.4837,0.1106,0.009157,4.432
433961,520,431,951,217,53,161,345.41,0.8463,0.5510,0.198734,17,3,69,279.66,0.9680,0.0961,0.006139,4.431
433965,520,411,931,232,12,187,339.97,0.9871,0.5714,0.210094,29,27,3,104.98,0.8015,0.1155,0.010517,4.298
433968,520,427,947,247,24,8,29.75,0.9945,0.5573,0.204486,17,17,49,279.20,0.6348,0.0987,0.007418,4.432
433986,520,448,968,219,56,117,3.15,0.8317,0.5394,0.191753,38,0,9,9.63,1.0000,0.0753,0.004319,4.451
433987,520,399,919,213,18,243,321.14,0.9894,0.5764,0.210517,50,25,2,60.53,0.8602,0.1402,0.013778,4.085
434000,520,454,974,173,80,194,319.90,0.7243,0.5281,0.185176,6,5,52,272.50,0.9458,0.0715,0.003952,4.359
434016,520,354,874,247,88,64,31.28,0.9470,0.6167,0.271271,50,31,75,301.52,0.5750,0.1847,0.021661,4.483
434018,520,465,985,217,33,119,359.74,0.9055,0.5185,0.171739,3,4,34,271.54,0.9065,0.0496,0.002217,4.247
434023,520,432,952,214,31,189,335.12,0.9369,0.5458,0.189524,21,4,71,282.65,0.9515,0.1036,0.007012,4.201
434026,520,407,927,189,78,231,315.28,0.8640,0.5741,0.220382,21,10,89,276.30,0.9499,0.1333,0.010977,4.434
434037,520,343,863,209,95,237,319.27,0.8862,0.6293,0.278556,44,44,39,106.94,0.0829,0.1892,0.024833,4.391
434039,520,461,981,230,33,5,30.83,0.9949,0.5254,0.179247,15,3,25,308.20,0.7290,0.0519,0.002369,4.378
434051,520,370,890,219,80,209,330.75,0.8478,0.6080,0.254029,41,38,34,75.23,0.0857,0.1674,0.019731,4.360
434085,520,432,952,195,56,212,323.11,0.8761,0.5458,0.191854,1,6,80,264.92,0.9879,0.1040,0.007158,4.231
434105,520,380,900,240,45,186,342.56,0.9396,0.5997,0.239501,8,13,113,266.92,0.9837,0.1615,0.015316,4.432
434108,520,411,931,204,21,248,317.68,0.9868,0.5664,0.201526,3,34,22,163.81,0.9173,0.1221,0.012213,4.043
434129,520,478,998,172,64,200,318.62,0.8007,0.5095,0.166086,0,1,9,261.82,1.0000,0.0198,0.000414,4.286
434137,520,480,1000,222,27,62,20.20,0.9636,0.5104,0.166640,0,0,0,0.00,0.0000,0.0000,0.000000,4.333
434156,520,381,901,247,66,97,16.19,0.9361,0.5972,0.245370,6,44,26,158.25,0.9121,0.1578,0.019146,4.272
434164,520,162,682,249,187,129,63.75,0.8149,0.8094,0.572673,56,93,53,142.49,0.6041,0.3520,0.089263,4.471
434166,520,455,975,161,58,251,303.11,0.9739,0.5284,0.175687,3,2,50,269.48,0.9838,0.0612,0.002930,4.264
434167,520,451,971,204,43,197,330.13,0.8987,0.5403,0.185982,32,2,21,344.89,0.7878,0.0721,0.004047,4.366
434179,520,348,868,250,13,227,333.60,0.9955,0.6284,0.261610,58,32,64,319.91,0.4884,0.1902,0.023028,4.267
434185,520,442,962,184,88,167,334.52,0.6355,0.5411,0.199611,26,13,22,338.89,0.3513,0.0833,0.005654,4.485
434188,520,441,961,240,14,67,19.45,0.9895,0.5445,0.192479,31,1,47,310.77,0.9374,0.0863,0.005183,4.394
434189,520,442,962,197,61,197,327.93,0.8322,0.5440,0.192406,9,14,39,271.58,0.6348,0.0786,0.005186,4.393
434199,520,398,918,254,19,92,13.93,0.9936,0.5802,0.223130,5,39,30,171.63,0.8602,0.1420,0.015770,4.153
434230,520,392,912,213,77,195,333.41,0.8102,0.5868,0.233960,38,34,20,94.05,0.3298,0.1487,0.016067,4.298
434240,520,438,958,242,33,28,28.65,0.9790,0.5518,0.200522,31,12,25,340.26,0.4669,0.0897,0.006245,4.454
434261,520,389,909,221,40,233,325.24,0.9640,0.5918,0.227751,39,34,8,98.47,0.6766,0.1476,0.015929,4.213
434270,520,464,984,183,59,204,321.46,0.8363,0.5239,0.175561,6,3,28,283.47,0.8092,0.0452,0.001877,4.348
434284,520,457,977,229,17,105,6.20,0.9725,0.5312,0.180818,13,9,25,293.66,0.4649,0.0625,0.003511,4.313
434292,520,440,960,224,67,65,25.64,0.8763,0.5479,0.202459,37,7,28,341.30,0.6652,0.0925,0.006292,4.485
434301,520,454,974,198,62,174,335.79,0.7902,0.5329,0.185087,27,7,7,21.88,0.5582,0.0686,0.004003,4.353
434304,520,473,993,180,0,246,311.77,1.0000,0.5212,0.163582,11,2,0,49.03,1.0000,0.0332,0.001146,4.176
434316,520,443,963,226,56,60,24.88,0.9113,0.5394,0.193262,18,16,23,298.00,0.1920,0.0810,0.005610,4.374
434317,520,387,907,148,110,249,292.51,0.9038,0.5856,0.242873,28,35,47,261.08,0.2475,0.1516,0.016541,4.401
434325,520,306,826,251,91,196,343.91,0.9605,0.6664,0.319799,97,20,44,7.13,0.7716,0.2334,0.032240,4.497
434332,520,471,991,187,52,206,322.41,0.8669,0.5250,0.174784,5,3,22,284.57,0.7312,0.0400,0.001553,4.360
434333,520,470,990,210,67,22,36.22,0.9489,0.5163,0.177762,9,4,7,340.33,0.3006,0.0394,0.001603,4.414
434341,520,293,813,214,118,255,314.75,1.0000,0.6815,0.344743,43,62,22,130.49,0.7126,0.2384,0.040167,4.378
434345,520,439,959,215,7,208,330.14,0.9919,0.5519,0.191553,38,8,4,32.44,0.7721,0.0878,0.005946,4.318
434347,520,363,883,249,85,37,36.00,0.9653,0.6138,0.267737,20,48,3,136.18,0.9764,0.1736,0.022691,4.371
434353,520,472,992,217,37,127,356.98,0.8897,0.5240,0.176096,7,3,6,334.39,0.3314,0.0342,0.001234,4.413
434364,520,354,874,244,23,231,331.32,0.9899,0.6228,0.256183,70,27,18,33.35,0.6620,0.1823,0.021298,4.294
434372,520,412,932,215,0,239,322.65,1.0000,0.5729,0.206811,3,30,41,228.40,0.8082,0.1179,0.011079,4.205
434377,520,475,995,221,41,83,14.69,0.9123,0.5211,0.175852,7,2,5,340.38,0.4466,0.0308,0.000995,4.429
434383,520,411,931,228,76,80,22.93,0.8426,0.5689,0.222448,28,28,8,108.90,0.5790,0.1181,0.010949,4.470
434384,520,416,936,253,14,70,19.69,0.9925,0.5725,0.216427,18,20,70,274.65,0.8029,0.1248,0.010711,4.388
434385,520,402,922,242,12,170,347.15,0.9884,0.5816,0.220456,33,30,2,103.66,0.8825,0.1283,0.012563,4.323
434387,520,412,932,233,2,177,343.01,0.9975,0.5658,0.205442,21,14,77,278.21,0.8850,0.1242,0.010093,4.251
434390,520,373,893,223,2,250,322.18,0.9992,0.5952,0.226357,39,39,1,109.70,0.9597,0.1609,0.018846,4.014
434407,520,478,998,189,84,76,26.60,0.6652,0.5096,0.176829,4,1,6,314.84,0.6159,0.0242,0.000607,4.482
434428,520,478,998,220,37,65,20.15,0.9382,0.5125,0.169231,0,3,3,194.77,1.0000,0.0242,0.000717,4.323
434478,520,444,964,238,19,34,26.72,0.9889,0.5376,0.187617,12,7,52,278.80,0.8753,0.0794,0.004780,4.338
434484,520,455,975,164,88,194,315.50,0.6784,0.5278,0.187677,8,14,0,124.81,1.0000,0.0601,0.003657,4.430
434491,520,404,924,208,37,244,319.36,0.9691,0.5767,0.212664,4,16,88,265.86,0.9654,0.1303,0.011009,4.305
434500,520,444,964,225,8,161,346.10,0.9858,0.5433,0.187571,11,19,14,156.92,0.2805,0.0791,0.005686,4.266
434512,520,396,916,203,62,230,320.63,0.9064,0.5769,0.218565,55,1,58,325.85,0.9402,0.1365,0.011395,4.374
434521,520,437,957,229,36,136,356.16,0.9197,0.5505,0.197002,43,0,23,352.45,1.0000,0.0901,0.005755,4.430
434523,520,380,900,236,53,186,341.84,0.9156,0.5980,0.239270,21,7,114,272.36,0.9858,0.1636,0.015262,4.432
434531,520,374,894,238,30,206,336.25,0.9733,0.5992,0.235647,20,36,68,262.78,0.5895,0.1620,0.018278,4.184
434533,520,373,893,245,50,167,349.76,0.9276,0.6032,0.244869,75,4,0,30.98,1.0000,0.1600,0.015830,4.479
434534,520,397,917,247,27,120,4.51,0.9693,0.5763,0.219175,23,20,81,277.09,0.8409,0.1401,0.012765,4.289
434537,520,434,954,224,43,140,354.07,0.8867,0.5468,0.194711,45,8,8,24.37,0.7712,0.1018,0.007492,4.256
434538,520,427,947,239,22,126,0.91,0.9693,0.5602,0.204341,4,17,64,265.26,0.9170,0.1043,0.007968,4.388
434546,520,398,918,241,37,153,352.89,0.9428,0.5813,0.223269,16,38,13,141.37,0.8103,0.1395,0.015254,4.188
434553,520,443,963,220,40,155,347.66,0.8924,0.5438,0.191023,17,18,9,113.34,0.3079,0.0802,0.005715,4.326
434576,520,448,968,224,4,157,347.10,0.9923,0.5385,0.183711,12,21,2,128.71,0.8651,0.0824,0.006189,4.159
434586,520,449,969,212,61,150,348.74,0.7991,0.5443,0.195387,20,15,0,95.53,1.0000,0.0737,0.004904,4.469
434592,520,460,980,204,36,183,334.27,0.9016,0.5268,0.175200,17,4,31,303.56,0.7413,0.0603,0.003049,4.245
434594,520,436,956,228,56,95,13.24,0.8754,0.5504,0.201514,31,15,23,348.92,0.3651,0.0945,0.006948,4.417
434611,520,312,832,224,118,178,346.54,0.6831,0.6553,0.320205,10,62,40,160.20,0.9180,0.2243,0.036628,4.273
434619,520,372,892,240,54,200,338.64,0.9339,0.6133,0.253366,55,22,63,319.44,0.6304,0.1665,0.017450,4.498
434621,520,411,931,227,38,190,338.16,0.9376,0.5739,0.214374,32,21,38,313.15,0.3705,0.1156,0.009834,4.418
434625,520,446,966,195,73,181,332.52,0.7563,0.5447,0.197049,7,20,5,140.31,0.7626,0.0768,0.005564,4.446
434626,520,407,927,199,68,226,320.23,0.8806,0.5739,0.217688,58,4,37,348.75,0.8170,0.1325,0.011201,4.374
434633,520,451,971,232,30,86,13.90,0.9555,0.5376,0.187593,13,14,18,274.34,0.1264,0.0696,0.004433,4.365
434635,520,449,969,203,67,164,341.18,0.7692,0.5417,0.193930,8,16,5,136.16,0.5578,0.0666,0.004332,4.490
434640,520,322,842,242,97,163,354.84,0.8412,0.6453,0.300738,18,45,95,261.39,0.7712,0.2070,0.028314,4.479
434648,520,272,792,240,115,234,329.26,0.9254,0.7006,0.367295,65,60,39,96.36,0.3215,0.2582,0.045021,4.392
434659,520,463,983,223,44,107,6.39,0.8880,0.5338,0.185536,24,2,0,36.15,1.0000,0.0514,0.002376,4.497
434671,520,380,900,245,20,194,341.00,0.9852,0.6017,0.238110,39,32,60,294.11,0.4247,0.1628,0.017906,4.243
434677,520,475,995,228,18,45,24.28,0.9855,0.5170,0.171190,2,0,28,274.02,1.0000,0.0332,0.000967,4.340
434690,520,362,882,248,16,201,339.73,0.9907,0.6101,0.245473,59,14,81,311.68,0.8021,0.1762,0.018381,4.321
434698,520,391,911,248,12,172,347.82,0.9907,0.5942,0.232013,28,38,22,134.24,0.3909,0.1504,0.016910,4.215
434700,520,444,964,203,51,191,331.60,0.8624,0.5409,0.188276,8,7,59,272.67,0.9388,0.0840,0.005193,4.317
434704,520,381,901,241,51,168,348.62,0.9173,0.5969,0.238986,7,45,14,146.43,0.9575,0.1589,0.019536,4.156
434705,520,477,997,171,11,251,307.99,0.9925,0.5144,0.158631,0,1,6,259.05,1.0000,0.0179,0.000349,4.144
434717,520,480,1000,220,38,4,31.68,0.9948,0.5075,0.166134,0,0,0,0.00,0.0000,0.0000,0.000000,4.323
434724,520,475,995,197,18,211,324.57,0.9725,0.5249,0.170077,0,2,12,259.14,1.0000,0.0252,0.000700,4.341
434747,520,478,998,207,35,135,351.52,0.8743,0.5064,0.162189,1,1,3,282.35,0.4200,0.0178,0.000347,4.215
434761,520,444,964,197,65,177,334.48,0.7825,0.5362,0.188269,20,6,50,290.93,0.8275,0.0831,0.005093,4.325
434771,520,462,982,214,68,18,36.69,0.9625,0.5250,0.184765,0,11,17,224.87,1.0000,0.0516,0.002798,4.446
434778,520,404,924,244,28,149,354.45,0.9643,0.5812,0.222368,41,23,31,351.65,0.3274,0.1289,0.011832,4.405
434779,520,363,883,243,11,226,332.29,0.9954,0.6148,0.247879,20,20,110,271.25,0.9508,0.1724,0.017747,4.397
434782,520,393,913,254,29,121,5.38,0.9918,0.5915,0.233337,31,33,6,113.20,0.7281,0.1353,0.013922,4.433
434796,520,459,979,212,70,41,33.34,0.8945,0.5254,0.185398,13,7,20,304.86,0.4410,0.0557,0.002880,4.452
434811,520,397,917,195,63,247,314.22,0.9539,0.5783,0.218738,51,21,40,343.23,0.5086,0.1445,0.013934,4.203
434818,520,449,969,211,30,184,335.81,0.9314,0.5368,0.182403,7,17,16,188.05,0.3356,0.0717,0.004835,4.238
434826,520,435,955,222,18,188,337.34,0.9735,0.5548,0.195955,4,25,9,149.92,0.8932,0.0906,0.007408,4.284
434839,520,410,930,216,27,218,327.77,0.9699,0.5664,0.204469,14,35,19,149.94,0.6421,0.1300,0.013424,4.012
434848,520,375,895,229,59,198,336.61,0.9010,0.5969,0.238656,49,20,66,310.84,0.6722,0.1562,0.015467,4.409
434849,520,421,941,222,16,190,336.76,0.9777,0.5554,0.196203,10,3,80,271.27,0.9886,0.1051,0.007088,4.313
434850,520,479,999,220,33,59,21.50,0.9518,0.5090,0.166218,0,0,4,264.05,1.0000,0.0106,0.000088,4.317
434856,520,434,954,214,78,101,13.64,0.7480,0.5507,0.206868,43,3,38,333.73,0.8078,0.1026,0.007187,4.492
434857,520,279,799,241,134,101,37.91,0.8066,0.6863,0.366931,68,59,1,99.53,0.9813,0.2536,0.043592,4.455
434863,520,467,987,189,75,143,346.55,0.6760,0.5180,0.178357,9,4,13,311.67,0.4496,0.0417,0.001740,4.414
434865,520,401,921,206,103,108,18.47,0.6046,0.5779,0.239069,44,28,30,10.82,0.2554,0.1442,0.014598,4.475
434868,520,268,788,245,126,185,350.62,0.8387,0.7024,0.378395,36,71,14,135.95,0.9375,0.2615,0.049131,4.321
434869,520,458,978,204,31,187,333.05,0.9227,0.5264,0.174071,19,1,29,312.55,0.8755,0.0551,0.002489,4.269
434875,520,306,826,252,104,155,1.49,0.9387,0.6687,0.329657,68,51,13,83.91,0.7446,0.2329,0.036258,4.401
434891,520,383,903,220,59,234,324.46,0.9364,0.6042,0.242861,30,37,6,120.95,0.7833,0.1462,0.016123,4.429
434900,520,311,831,202,130,197,329.25,0.5697,0.6550,0.325542,15,60,26,148.21,0.9273,0.2156,0.034077,4.467
434905,520,390,910,248,62,81,20.78,0.9537,0.5920,0.239992,60,19,11,32.89,0.7324,0.1480,0.014507,4.496
434909,520,461,981,210,72,51,31.37,0.8582,0.5254,0.185777,5,10,17,252.73,0.3495,0.0537,0.002898,4.457
434922,520,391,911,218,40,243,322.14,0.9694,0.5940,0.228961,28,12,92,280.52,0.9242,0.1453,0.012825,4.440
434934,520,374,894,225,103,43,43.72,0.8797,0.5981,0.258850,0,46,16,150.04,1.0000,0.1600,0.019913,4.418
434940,520,445,965,233,48,21,31.31,0.9764,0.5427,0.194948,29,10,18,354.68,0.4628,0.0803,0.005220,4.436
434943,520,473,993,207,9,174,337.66,0.9781,0.5159,0.165189,3,3,2,107.35,0.1548,0.0277,0.000889,4.229
434956,520,458,978,204,80,63,30.34,0.7814,0.5274,0.189356,4,13,17,224.48,0.4378,0.0598,0.003541,4.471
434969,520,467,987,226,24,96,9.24,0.9569,0.5249,0.176694,3,1,33,274.53,0.9722,0.0415,0.001509,4.401
434973,520,395,915,206,85,194,331.64,0.7642,0.5853,0.235156,17,29,66,267.36,0.6692,0.1405,0.013912,4.462
434976,520,403,923,219,43,214,329.48,0.9400,0.5773,0.216450,41,7,65,306.30,0.8393,0.1259,0.010051,4.437
434998,520,373,893,232,9,227,329.53,0.9952,0.5955,0.228998,18,42,46,209.49,0.4687,0.1644,0.019817,3.996
435010,520,398,918,223,79,147,354.62,0.7687,0.5832,0.233889,27,32,34,223.81,0.0972,0.1360,0.013815,4.449
435015,520,387,907,236,2,214,333.65,0.9987,0.5930,0.227341,54,21,35,355.21,0.5186,0.1473,0.014421,4.305
435017,520,442,962,230,1,143,352.93,0.9983,0.5433,0.188307,14,12,44,280.92,0.6884,0.0823,0.005381,4.303
435023,520,449,969,222,52,109,6.38,0.8582,0.5389,0.190923,1,14,37,256.59,0.8914,0.0714,0.004541,4.417
435026,520,373,893,218,100,132,5.14,0.6681,0.5993,0.256879,33,38,48,264.15,0.1869,0.1650,0.019229,4.433
435031,520,376,896,232,94,63,34.16,0.8569,0.5981,0.255229,8,46,24,153.77,0.9113,0.1648,0.020715,4.316
435034,520,379,899,246,29,173,347.39,0.9695,0.5961,0.234919,73,5,18,17.58,0.9131,0.1594,0.015689,4.337
435039,520,480,1000,220,14,114,1.25,0.9695,0.5146,0.167473,0,0,0,0.00,0.0000,0.0000,0.000000,4.349
435041,520,406,926,216,59,204,331.39,0.8846,0.5782,0.220886,57,1,40,344.08,0.9156,0.1284,0.010449,4.481
435045,520,409,929,244,47,55,25.36,0.9565,0.5674,0.215454,13,23,70,269.02,0.8234,0.1278,0.011405,4.323
435046,520,347,867,244,66,200,339.87,0.9298,0.6302,0.273026,37,41,66,276.19,0.3639,0.1872,0.023725,4.381
435051,520,475,995,198,51,170,336.96,0.8219,0.5197,0.172775,1,4,6,227.69,0.5074,0.0302,0.001064,4.363
435053,520,470,990,220,46,51,25.43,0.9319,0.5171,0.174113,16,1,18,324.09,0.7990,0.0443,0.001756,4.330
435063,520,387,907,227,80,141,358.23,0.7777,0.5892,0.239938,44,27,43,328.67,0.3507,0.1476,0.014938,4.465
435085,520,360,880,242,50,214,335.19,0.9543,0.6219,0.260163,0,36,93,259.35,1.0000,0.1757,0.020519,4.398
435089,520,365,885,248,75,88,20.96,0.9443,0.6066,0.256966,6,48,24,153.47,0.9449,0.1709,0.022185,4.252
435130,520,410,930,210,33,231,322.96,0.9662,0.5681,0.205607,32,31,3,107.53,0.8363,0.1301,0.012936,4.061
435139,520,304,824,241,90,243,327.26,0.9536,0.6743,0.324866,10,65,20,145.77,0.9736,0.2302,0.038955,4.214
435140,520,399,919,227,0,224,329.08,1.0000,0.5829,0.217151,3,17,94,265.23,0.9697,0.1391,0.012283,4.289
435152,520,343,863,179,113,250,303.77,0.9188,0.6263,0.282966,22,44,73,255.96,0.5665,0.1888,0.024529,4.468
435153,520,423,943,209,16,234,322.18,0.9880,0.5622,0.198682,1,25,57,255.53,0.9421,0.1144,0.009971,4.147
435161,520,345,865,211,102,212,327.08,0.7711,0.6272,0.281067,55,42,24,74.74,0.4079,0.1930,0.025342,4.394
435165,520,356,876,233,48,235,327.68,0.9638,0.6182,0.254381,30,4,122,276.12,0.9902,0.1788,0.017679,4.497
435185,520,479,999,201,66,88,14.83,0.7633,0.5078,0.170205,2,0,2,328.36,1.0000,0.0139,0.000173,4.389
435187,520,312,832,239,114,141,8.36,0.7748,0.6583,0.323111,1,62,21,148.39,0.9968,0.2174,0.035057,4.387
435189,520,382,902,251,30,170,349.36,0.9721,0.6046,0.243435,23,20,97,274.44,0.9124,0.1583,0.015455,4.483
435193,520,443,963,237,3,102,8.05,0.9964,0.5436,0.190322,33,9,4,36.26,0.6909,0.0809,0.005275,4.348
435194,520,465,985,207,41,151,345.87,0.8574,0.5180,0.170878,11,8,16,301.81,0.2888,0.0541,0.002822,4.182
435201,520,434,954,243,0,89,12.94,1.0000,0.5522,0.197794,24,24,17,107.51,0.1881,0.1049,0.008879,4.209
435203,520,470,990,161,83,197,313.78,0.7084,0.5176,0.177955,14,0,12,332.61,1.0000,0.0362,0.001199,4.452
435209,520,418,938,217,71,130,359.43,0.7716,0.5564,0.208722,19,17,72,276.56,0.8424,0.1220,0.010072,4.307
435223,520,431,951,187,70,210,320.64,0.8206,0.5466,0.195995,22,2,70,284.61,0.9719,0.1005,0.006562,4.349
435231,520,449,969,202,44,207,326.75,0.9088,0.5442,0.188647,1,9,44,263.67,0.9492,0.0671,0.003836,4.433
435243,520,434,954,199,78,170,338.14,0.7252,0.5518,0.204949,10,7,75,271.55,0.9673,0.1042,0.007244,4.454
435246,520,469,989,212,60,95,11.83,0.8128,0.5234,0.180573,1,7,0,138.18,1.0000,0.0364,0.001584,4.470
435256,520,421,941,208,45,213,326.79,0.9220,0.5592,0.200926,44,3,44,328.17,0.8252,0.1084,0.007825,4.339
435259,520,323,843,211,109,230,321.14,0.8317,0.6483,0.305008,63,45,36,47.72,0.2765,0.2148,0.030610,4.404
435269,520,457,977,189,47,213,321.27,0.8976,0.5290,0.176573,18,10,14,347.64,0.2430,0.0645,0.003774,4.213
435301,520,246,766,249,138,183,355.29,0.8591,0.7278,0.417381,63,71,22,117.79,0.7214,0.2847,0.056212,4.400
435309,520,480,1000,203,42,145,347.09,0.8417,0.5082,0.163988,0,0,0,0.00,0.0000,0.0000,0.000000,4.280
435317,520,400,920,228,77,126,4.36,0.7912,0.5820,0.233107,52,21,22,19.49,0.5145,0.1393,0.013244,4.476
435319,520,335,855,231,85,222,330.31,0.8919,0.6405,0.287621,4,55,36,162.35,0.9585,0.1975,0.028854,4.282
435331,520,473,993,231,2,0,29.31,1.0000,0.5164,0.170355,1,3,20,266.78,0.8729,0.0344,0.001221,4.302
435334,520,372,892,240,10,223,332.34,0.9952,0.6073,0.240729,13,20,110,268.29,0.9632,0.1687,0.017115,4.332
435365,520,454,974,210,43,168,340.80,0.8706,0.5338,0.182587,2,9,44,265.37,0.9171,0.0679,0.003901,4.315
435377,520,428,948,185,72,235,313.38,0.8869,0.5640,0.209482,8,29,4,139.79,0.9374,0.1044,0.009391,4.369
435380,520,330,850,233,88,202,337.09,0.8570,0.6363,0.285698,33,52,51,191.81,0.2797,0.2073,0.030183,4.187
435392,520,409,929,210,77,179,338.09,0.7719,0.5732,0.222660,43,23,32,351.65,0.3558,0.1322,0.012307,4.376
435420,520,174,694,219,182,243,311.80,0.7520,0.8007,0.549876,51,93,24,135.61,0.9175,0.3439,0.085982,4.411
435433,520,311,831,220,132,138,15.81,0.5736,0.6608,0.335550,39,59,16,130.67,0.8093,0.2247,0.035966,4.485
435439,520,385,905,252,12,148,355.90,0.9906,0.5916,0.231001,0,14,105,264.14,0.9843,0.1482,0.013339,4.436
435440,520,454,974,157,86,222,305.12,0.7880,0.5349,0.190981,11,7,37,283.65,0.7328,0.0650,0.003567,4.499
435448,520,367,887,197,85,247,313.57,0.9390,0.6058,0.250839,7,43,66,241.83,0.7795,0.1744,0.021662,4.198
435449,520,447,967,206,76,110,7.60,0.7178,0.5363,0.194185,11,13,47,275.08,0.7400,0.0844,0.005642,4.389
435464,520,430,950,193,1,251,314.31,0.9994,0.5464,0.183255,34,15,30,335.23,0.4511,0.1019,0.007755,4.039
435467,520,355,875,246,15,232,331.53,0.9946,0.6248,0.257636,49,41,0,97.80,1.0000,0.1787,0.022389,4.250
435471,520,441,961,164,69,243,304.86,0.9204,0.5375,0.186204,16,11,51,282.01,0.7691,0.0883,0.005885,4.227
435476,520,431,951,189,90,161,339.38,0.6260,0.5490,0.207057,41,11,22,359.87,0.5906,0.1028,0.007688,4.456
435506,520,385,905,240,57,143,357.39,0.8903,0.5894,0.234377,43,32,20,68.55,0.3401,0.1497,0.015972,4.311
435516,520,418,938,206,30,233,321.47,0.9701,0.5615,0.199353,47,15,4,40.59,0.7828,0.1155,0.009548,4.187
435521,520,400,920,209,41,247,318.87,0.9668,0.5829,0.218583,33,17,76,288.88,0.7889,0.1395,0.012460,4.300
435581,520,417,937,209,61,206,328.84,0.8704,0.5695,0.213509,48,15,8,33.74,0.7019,0.1181,0.009877,4.401
435585,520,444,964,215,68,86,17.70,0.8080,0.5360,0.192556,5,7,56,269.91,0.9469,0.0786,0.004697,4.435
435588,520,415,935,206,68,198,330.31,0.8284,0.5668,0.213351,14,25,60,267.51,0.6867,0.1238,0.011148,4.307
435590,520,414,934,222,60,170,343.86,0.8458,0.5708,0.216660,56,1,37,346.50,0.9141,0.1248,0.009962,4.447
435592,520,471,991,207,20,169,339.29,0.9460,0.5162,0.166324,3,4,23,273.76,0.7533,0.0412,0.001680,4.186
435602,520,445,965,239,12,78,16.18,0.9896,0.5439,0.191670,21,3,52,292.64,0.9052,0.0811,0.004725,4.416
435623,520,345,865,237,68,217,333.28,0.9234,0.6295,0.271511,69,10,86,316.95,0.8437,0.1936,0.021543,4.494
435641,520,404,924,196,60,254,313.12,0.9937,0.5825,0.221245,13,1,101,270.23,0.9979,0.1338,0.010468,4.486
435663,520,374,894,238,32,198,338.43,0.9669,0.5954,0.232902,49,21,63,312.90,0.6391,0.1556,0.015482,4.320
435668,520,379,899,187,107,201,321.48,0.6528,0.5954,0.252983,49,34,19,65.45,0.4251,0.1629,0.018441,4.427
435685,520,474,994,219,22,118,359.90,0.9458,0.5167,0.169445,5,0,16,300.12,1.0000,0.0276,0.000697,4.329
435686,520,476,996,172,55,208,316.86,0.8501,0.5054,0.160581,3,1,0,66.15,1.0000,0.0193,0.000411,4.177
435718,520,367,887,248,74,98,17.37,0.9380,0.6076,0.257392,12,47,6,140.82,0.9682,0.1666,0.021243,4.315
435723,520,426,946,236,47,96,12.65,0.9185,0.5589,0.207135,28,16,57,292.40,0.6859,0.1143,0.009129,4.349
435726,520,468,988,197,21,209,325.07,0.9652,0.5245,0.170118,12,4,1,55.14,0.6432,0.0402,0.001672,4.260
435744,520,418,938,214,59,173,340.67,0.8321,0.5571,0.204434,27,28,32,274.58,0.0856,0.1241,0.011678,4.125
435754,520,426,946,223,63,142,354.74,0.8197,0.5630,0.211985,0,31,29,188.74,1.0000,0.1134,0.010686,4.317
435760,520,460,980,183,9,252,311.26,0.9944,0.5332,0.172920,4,14,12,181.47,0.4594,0.0604,0.003664,4.154
435772,520,463,983,199,11,211,325.17,0.9846,0.5265,0.170863,13,0,39,292.33,1.0000,0.0543,0.002320,4.221
435784,520,337,857,233,111,124,15.31,0.7442,0.6389,0.301503,2,54,52,190.72,0.9589,0.1996,0.028990,4.450
435787,520,210,730,240,168,127,50.43,0.7097,0.7575,0.480648,43,85,34,140.18,0.8451,0.3145,0.071259,4.376
435806,520,433,953,234,2,141,354.44,0.9969,0.5508,0.194619,40,4,38,330.40,0.7820,0.0987,0.006780,4.308
435807,520,400,920,233,20,192,338.84,0.9785,0.5782,0.216325,43,30,6,80.15,0.7165,0.1419,0.014553,4.126
435822,520,476,996,208,62,59,25.98,0.8582,0.5102,0.171732,3,0,3,328.36,1.0000,0.0167,0.000259,4.412
435825,520,430,950,216,51,163,344.35,0.8521,0.5484,0.196132,31,0,67,296.37,1.0000,0.1048,0.006966,4.321
435826,520,353,873,220,90,203,333.03,0.8088,0.6188,0.268418,56,37,33,32.24,0.2754,0.1841,0.022738,4.378
435828,520,334,854,251,95,116,15.60,0.9426,0.6430,0.299579,2,58,27,152.67,0.9894,0.2049,0.031180,4.306
435858,520,376,896,232,17,225,330.00,0.9899,0.5959,0.229955,45,17,82,297.94,0.7925,0.1602,0.015680,4.262
435860,520,259,779,251,121,197,346.16,0.9416,0.7082,0.382179,24,63,110,254.93,0.7184,0.2704,0.048748,4.377
435871,520,271,791,245,136,100,38.94,0.8472,0.6958,0.379436,25,60,110,257.75,0.7171,0.2626,0.045640,4.490
435875,520,468,988,156,77,225,305.13,0.8252,0.5225,0.178124,13,4,3,30.80,0.4413,0.0421,0.001790,4.405
435892,520,417,937,192,74,219,319.62,0.8392,0.5652,0.212198,51,16,5,38.72,0.7818,0.1248,0.010855,4.309
435907,520,395,915,235,85,1,40.79,0.9986,0.5864,0.241643,24,38,3,128.60,0.9251,0.1435,0.015870,4.428
435935,520,160,680,253,179,198,2.31,0.8932,0.8155,0.572020,50,94,52,144.94,0.6875,0.3511,0.089312,4.465
435944,520,464,984,138,82,245,293.95,0.9155,0.5246,0.180305,2,10,24,254.59,0.6892,0.0547,0.002959,4.349
435965,520,396,916,233,74,79,22.99,0.8692,0.5756,0.227886,39,28,30,6.32,0.1820,0.1373,0.013556,4.372
435971,520,479,999,175,79,161,333.34,0.6489,0.5101,0.172803,1,0,3,302.89,1.0000,0.0124,0.000130,4.444
435983,520,244,764,242,154,100,51.41,0.7938,0.7262,0.429109,8,77,63,174.46,0.9384,0.2820,0.057180,4.470
435985,520,476,996,198,27,187,331.40,0.9291,0.5136,0.163793,1,2,7,266.83,0.5685,0.0241,0.000652,4.221
435988,520,474,994,204,4,196,330.50,0.9927,0.5232,0.169117,1,4,6,227.69,0.5074,0.0302,0.001064,4.291
435995,520,452,972,219,14,147,349.38,0.9680,0.5261,0.174833,32,5,5,23.97,0.7387,0.0723,0.004266,4.143
436017,520,430,950,217,72,111,8.06,0.7732,0.5513,0.205365,25,23,22,48.53,0.0466,0.1050,0.008774,4.345
436019,520,465,985,187,79,151,342.47,0.6602,0.5241,0.183926,22,2,10,354.33,0.7207,0.0516,0.002359,4.468
436034,520,366,886,238,59,195,339.74,0.9159,0.6111,0.252480,68,20,34,5.52,0.6444,0.1710,0.018449,4.419
436050,520,476,996,220,33,29,28.38,0.9680,0.5054,0.163948,2,1,6,294.08,0.6164,0.0213,0.000478,4.238
436052,520,407,927,214,2,232,324.00,0.9986,0.5663,0.201678,45,16,51,320.48,0.6376,0.1327,0.011675,4.081
436060,520,453,973,207,44,175,337.70,0.8691,0.5329,0.181639,29,2,22,339.12,0.7785,0.0675,0.003626,4.320
436061,520,470,990,228,20,68,18.44,0.9771,0.5211,0.174146,1,2,25,268.48,0.9450,0.0352,0.001200,4.378
436073,520,470,990,219,54,14,33.51,0.9791,0.5192,0.177328,14,5,0,67.46,1.0000,0.0446,0.002019,4.370
436081,520,441,961,147,86,242,297.20,0.8863,0.5385,0.192696,9,22,18,172.43,0.4013,0.0873,0.006755,4.276
436099,520,404,924,218,25,236,323.93,0.9822,0.5818,0.216589,63,2,3,27.26,0.9765,0.1308,0.011069,4.365
436101,520,447,967,214,38,168,341.72,0.8957,0.5378,0.185118,30,7,27,332.76,0.6191,0.0807,0.005071,4.269
436104,520,449,969,228,47,71,20.20,0.9228,0.5374,0.189848,32,1,18,349.51,0.8421,0.0689,0.003725,4.464
436110,520,379,899,208,98,182,337.27,0.6906,0.6009,0.255244,1,42,48,209.57,0.9604,0.1581,0.018757,4.439
436124,520,464,984,178,86,148,341.40,0.5916,0.5193,0.182599,14,0,29,304.42,1.0000,0.0468,0.001821,4.489
436129,520,373,893,251,30,157,353.36,0.9697,0.5990,0.238756,46,28,56,312.64,0.4621,0.1599,0.016969,4.312
436135,520,352,872,223,89,206,332.93,0.8280,0.6238,0.272911,1,53,28,156.05,0.9923,0.1874,0.026364,4.229
436137,520,415,935,227,50,173,343.69,0.8911,0.5728,0.216318,1,12,88,264.62,0.9796,0.1228,0.009739,4.458
436140,520,453,973,182,57,212,319.01,0.8601,0.5261,0.176260,2,5,51,267.04,0.9670,0.0674,0.003604,4.221
436143,520,438,958,238,43,27,29.84,0.9716,0.5496,0.199873,4,21,31,235.58,0.6502,0.0871,0.006610,4.414
436150,520,426,946,232,63,36,31.84,0.9452,0.5556,0.208412,37,6,50,313.81,0.7924,0.1054,0.007539,4.491
436173,520,362,882,208,87,224,322.85,0.8455,0.6088,0.256097,65,30,24,31.00,0.5251,0.1803,0.021185,4.300
436203,520,449,969,235,0,119,1.94,1.0000,0.5441,0.189972,11,15,1,120.54,0.8562,0.0652,0.004150,4.432
436228,520,452,972,207,80,57,32.37,0.8120,0.5319,0.193003,8,18,6,139.61,0.5885,0.0722,0.004974,4.420
436230,520,463,983,228,24,101,7.79,0.9575,0.5305,0.180897,1,5,29,264.68,0.9063,0.0459,0.002037,4.437
436247,520,475,995,212,48,132,354.76,0.8373,0.5244,0.177792,0,6,0,142.50,1.0000,0.0324,0.001302,4.440
436249,520,469,989,210,41,146,348.46,0.8615,0.5213,0.173651,0,0,40,264.05,1.0000,0.0429,0.001532,4.340
436268,520,410,930,205,31,247,318.01,0.9769,0.5712,0.206761,60,0,24,3.67,1.0000,0.1264,0.010268,4.260
436286,520,400,920,198,104,146,353.19,0.5589,0.5797,0.239833,34,35,9,111.13,0.6520,0.1448,0.015619,4.417
436294,520,468,988,199,2,206,326.50,0.9967,0.5208,0.166435,0,5,22,257.75,1.0000,0.0400,0.001665,4.189
436301,520,440,960,227,2,160,346.81,0.9965,0.5454,0.189151,36,1,38,325.97,0.8924,0.0872,0.005368,4.319
436304,520,299,819,248,104,181,349.84,0.9043,0.6719,0.331962,1,67,11,144.56,0.9981,0.2338,0.040447,4.223
436328,520,112,632,246,209,196,40.31,0.6414,0.8703,0.691805,10,113,5,142.28,0.9965,0.3946,0.118852,4.393
436335,520,172,692,253,178,159,34.77,0.9221,0.8021,0.552288,56,92,22,132.96,0.9072,0.3439,0.085528,4.444
436338,520,13,533,239,255,224,129.59,1.0000,0.9768,0.952522,39,132,69,150.15,0.9271,0.4712,0.173628,4.483
436350,520,420,940,216,53,174,340.67,0.8571,0.5558,0.202034,31,8,62,296.79,0.8298,0.1105,0.008128,4.336
436364,520,408,928,250,37,11,30.56,0.9927,0.5700,0.216750,45,8,57,316.37,0.7865,0.1264,0.010270,4.426
436373,520,467,987,212,5,160,343.29,0.9869,0.5167,0.166459,0,5,22,257.75,1.0000,0.0400,0.001665,4.190
436375,520,425,945,229,58,103,10.65,0.8655,0.5563,0.206662,26,25,16,102.41,0.2448,0.1094,0.009523,4.312
436394,520,393,913,205,78,226,321.69,0.8663,0.5944,0.239205,5,34,62,250.98,0.7987,0.1446,0.015240,4.433
436396,520,449,969,203,38,202,328.46,0.9193,0.5385,0.183488,35,2,0,32.93,1.0000,0.0707,0.004008,4.323
436397,520,315,835,254,87,192,345.71,0.9891,0.6649,0.316962,5,53,91,248.56,0.8780,0.2214,0.033336,4.403
436407,520,466,986,214,24,144,349.48,0.9312,0.5183,0.169654,8,7,11,297.64,0.1729,0.0473,0.002277,4.202
436415,520,456,976,162,79,224,307.40,0.8175,0.5325,0.186558,20,6,10,0.89,0.4420,0.0575,0.003009,4.463
436416,520,392,912,224,55,213,331.01,0.9209,0.5939,0.233860,48,27,28,16.64,0.3331,0.1471,0.014962,4.370
436430,520,446,966,203,20,218,324.41,0.9751,0.5412,0.182605,25,16,5,72.85,0.5212,0.0832,0.005882,4.162
436434,520,468,988,167,73,214,312.31,0.8041,0.5236,0.178364,14,2,7,350.02,0.6150,0.0396,0.001521,4.432
436439,520,444,964,241,18,19,28.60,0.9913,0.5428,0.191838,6,13,51,268.78,0.8615,0.0847,0.005656,4.345
436443,520,315,835,250,76,217,336.60,0.9704,0.6589,0.305056,59,34,95,299.28,0.6591,0.2182,0.029001,4.494
436447,520,294,814,197,131,251,307.93,0.9265,0.6799,0.350687,7,63,71,209.77,0.8767,0.2396,0.040549,4.425
436467,520,478,998,199,75,13,41.19,0.9573,0.5059,0.172053,1,2,4,255.89,0.3738,0.0225,0.000586,4.390
436469,520,457,977,218,14,162,344.20,0.9701,0.5315,0.178306,2,11,23,249.76,0.6721,0.0564,0.003141,4.296
436473,520,419,939,183,83,216,316.84,0.7919,0.5615,0.212127,32,20,31,329.36,0.3060,0.1098,0.009063,4.438
436474,520,408,928,249,34,61,22.81,0.9747,0.5703,0.216243,10,6,94,269.29,0.9864,0.1281,0.010029,4.435
436476,520,432,952,183,77,207,319.79,0.7848,0.5473,0.198812,33,10,42,315.28,0.6684,0.0992,0.007076,4.359
436483,520,337,857,188,130,194,323.45,0.5117,0.6360,0.305525,14,57,24,147.92,0.9278,0.2045,0.030854,4.397
436489,520,417,937,253,1,91,13.56,0.9994,0.5739,0.216634,0,33,24,171.08,1.0000,0.1179,0.011536,4.333
436490,520,386,906,221,60,200,333.93,0.8851,0.5852,0.227762,3,30,80,260.80,0.9419,0.1492,0.015270,4.256
436515,520,295,815,194,136,239,308.93,0.7861,0.6785,0.353103,3,66,63,189.61,0.9586,0.2444,0.042745,4.346
436516,520,447,967,213,78,1,41.35,0.9974,0.5359,0.195995,11,15,28,270.23,0.3789,0.0751,0.004966,4.475
436521,520,457,977,236,20,30,27.34,0.9881,0.5334,0.184302,11,2,38,287.96,0.9034,0.0558,0.002545,4.459
436552,520,466,986,223,34,87,12.76,0.9321,0.5215,0.175229,21,3,5,13.38,0.6557,0.0507,0.002355,4.302
436553,520,449,969,198,24,223,321.78,0.9697,0.5379,0.179884,36,1,12,4.30,0.8853,0.0741,0.004234,4.239
436559,520,431,951,229,48,117,4.05,0.8866,0.5518,0.200591,28,10,57,295.43,0.7801,0.1048,0.007594,4.351
436568,520,392,912,222,11,249,322.10,0.9955,0.5944,0.226106,35,34,38,297.30,0.0735,0.1513,0.016413,4.157
436573,520,466,986,203,39,171,337.83,0.8748,0.5198,0.170898,7,0,39,281.84,1.0000,0.0488,0.001916,4.255
436579,520,335,855,246,104,36,42.28,0.9499,0.6351,0.296240,21,49,72,245.68,0.5737,0.2020,0.028238,4.425
436585,520,363,883,239,37,213,334.67,0.9683,0.6084,0.244808,33,36,66,277.74,0.4475,0.1706,0.019784,4.225
436594,520,383,903,237,24,212,334.42,0.9820,0.5987,0.234140,55,19,39,348.21,0.5717,0.1474,0.014246,4.423
436606,520,454,974,231,10,99,8.34,0.9861,0.5317,0.181099,0,4,60,264.18,0.9866,0.0744,0.004130,4.269
436607,520,420,940,219,52,178,340.11,0.8719,0.5625,0.207327,6,30,26,180.68,0.6849,0.1123,0.010418,4.259
436618,520,451,971,219,45,135,354.95,0.8664,0.5366,0.186886,33,5,8,16.34,0.7086,0.0748,0.004495,4.347
436656,520,406,926,209,61,215,326.31,0.8879,0.5753,0.218009,4,32,57,249.03,0.8041,0.1348,0.013542,4.218
436669,520,438,958,228,10,171,343.72,0.9853,0.5546,0.196540,4,26,14,157.52,0.8403,0.0948,0.007963,4.253
436670,520,370,890,241,30,207,336.67,0.9757,0.6052,0.241372,11,41,70,250.75,0.7204,0.1728,0.020991,4.104
436677,520,347,867,247,13,244,329.01,0.9964,0.6341,0.265966,20,33,109,268.80,0.8965,0.1940,0.023404,4.304
436683,520,429,949,218,53,157,347.09,0.8457,0.5509,0.198883,38,12,24,353.25,0.5376,0.1001,0.007410,4.335
436698,520,422,942,218,85,73,28.10,0.7944,0.5616,0.218859,11,29,23,169.97,0.4940,0.1108,0.010117,4.472
436705,520,457,977,185,57,215,319.17,0.8695,0.5330,0.181481,5,13,4,140.73,0.6048,0.0563,0.003289,4.344
436707,520,396,916,253,33,77,18.91,0.9885,0.5807,0.225099,37,27,41,316.14,0.2871,0.1373,0.013373,4.341
436709,520,326,846,227,85,252,321.32,0.9838,0.6529,0.298581,45,39,93,284.66,0.6111,0.2105,0.027992,4.469
436712,520,477,997,163,23,250,305.55,0.9806,0.5055,0.153021,3,0,9,302.89,1.0000,0.0206,0.000391,4.029
436717,520,355,875,176,118,232,305.81,0.7598,0.6197,0.280137,26,49,24,142.33,0.6434,0.1840,0.024821,4.412
436724,520,430,950,219,32,176,340.31,0.9300,0.5480,0.192301,28,2,68,291.95,0.9600,0.1049,0.007076,4.245
436727,520,464,984,165,92,167,326.18,0.5696,0.5199,0.184445,0,13,5,158.86,1.0000,0.0523,0.002988,4.424
436735,520,320,840,220,93,242,321.48,0.9267,0.6457,0.294569,42,46,69,276.08,0.3162,0.2071,0.028759,4.375
436739,520,478,998,213,56,53,26.55,0.8959,0.5126,0.172340,2,2,1,107.87,0.2671,0.0224,0.000585,4.395
436765,520,396,916,251,43,81,18.52,0.9756,0.5830,0.228347,29,31,38,272.76,0.1396,0.1370,0.013811,4.362
436775,520,327,847,237,93,195,340.79,0.8585,0.6456,0.297759,63,45,1,84.23,0.9701,0.2089,0.029358,4.382
436782,520,425,945,222,48,164,345.39,0.8773,0.5576,0.203263,47,8,5,29.37,0.8362,0.1050,0.007891,4.375
436789,520,404,924,211,43,241,320.72,0.9603,0.5828,0.219293,25,10,86,280.11,0.9298,0.1330,0.010956,4.418
436811,520,433,953,224,63,91,15.52,0.8474,0.5486,0.201603,41,7,32,339.88,0.6983,0.1014,0.007277,4.393
436812,520,354,874,235,15,252,324.52,0.9954,0.6194,0.250346,7,48,40,176.68,0.8523,0.1763,0.023122,4.107
436838,520,185,705,247,158,246,327.25,0.9487,0.7870,0.508835,7,92,46,152.32,0.9850,0.3274,0.078964,4.333
436842,520,340,860,212,105,230,321.69,0.8423,0.6435,0.298149,45,48,32,116.73,0.2821,0.1996,0.027761,4.477
436848,520,372,892,246,22,207,337.75,0.9864,0.6114,0.246747,76,14,12,27.09,0.8721,0.1740,0.018774,4.315
436850,520,417,937,230,4,188,339.18,0.9954,0.5666,0.205434,22,26,45,273.94,0.3828,0.1211,0.010988,4.188
436855,520,468,988,218,53,64,22.75,0.8968,0.5212,0.178244,1,9,0,139.16,1.0000,0.0416,0.002018,4.388
436868,520,342,862,248,13,235,331.28,0.9959,0.6299,0.262455,45,25,99,288.85,0.7893,0.1893,0.021540,4.368
436871,520,382,902,232,93,67,32.58,0.8553,0.5972,0.253925,31,32,71,279.28,0.5638,0.1627,0.017792,4.483
436907,520,403,923,226,19,217,330.54,0.9844,0.5805,0.216467,62,1,17,12.91,0.9652,0.1300,0.010865,4.378
436916,520,100,620,237,221,162,94.74,0.6326,0.8796,0.723268,35,113,39,143.94,0.9532,0.4033,0.123136,4.466
436917,520,421,941,226,77,50,32.52,0.8927,0.5619,0.217095,27,26,12,104.79,0.3991,0.1123,0.009984,4.453
436918,520,374,894,245,10,189,342.31,0.9929,0.5966,0.233068,65,19,11,32.09,0.7735,0.1578,0.016139,4.280
436949,520,418,938,217,84,77,26.19,0.7828,0.5591,0.216306,22,10,81,278.99,0.9259,0.1243,0.009817,4.452
436950,520,343,863,218,109,169,347.72,0.6634,0.6277,0.287092,9,49,51,199.93,0.7673,0.1850,0.024936,4.498
436951,520,339,859,240,94,160,355.19,0.8298,0.6367,0.290715,50,47,7,105.03,0.8190,0.1978,0.027265,4.410
436974,520,466,986,202,61,142,349.34,0.7702,0.5227,0.178490,6,7,24,277.18,0.5667,0.0517,0.002566,4.347
436978,520,408,928,234,13,176,343.62,0.9847,0.5694,0.209177,33,29,30,0.63,0.0685,0.1325,0.012958,4.117
436988,520,461,981,230,16,86,12.79,0.9793,0.5278,0.178685,9,6,19,294.21,0.4659,0.0493,0.002353,4.368
436996,520,449,969,219,47,132,356.25,0.8594,0.5370,0.187615,32,1,19,347.76,0.8411,0.0693,0.003759,4.420
437003,520,330,850,216,122,153,359.66,0.5812,0.6411,0.308197,49,51,18,112.18,0.6212,0.2097,0.030643,4.442
437026,520,480,1000,190,58,164,336.84,0.7772,0.5092,0.166552,0,0,0,0.00,0.0000,0.0000,0.000000,4.331
437027,520,444,964,199,21,230,320.41,0.9786,0.5438,0.183932,39,2,18,357.72,0.8219,0.0835,0.005185,4.239
437031,520,170,690,242,180,174,25.04,0.6726,0.7969,0.545775,13,97,13,142.72,0.9893,0.3410,0.086637,4.360
437077,520,396,916,243,50,110,9.03,0.9202,0.5787,0.224650,12,27,78,266.59,0.8525,0.1441,0.014120,4.283
437091,520,410,930,206,65,201,329.40,0.8437,0.5654,0.211212,62,3,25,5.03,0.8794,0.1348,0.011596,4.241
437096,520,401,921,226,88,35,39.25,0.9202,0.5757,0.232722,57,19,14,29.74,0.6686,0.1428,0.013674,4.440
437115,520,350,870,239,85,176,347.61,0.8558,0.6301,0.279851,5,48,67,233.06,0.8481,0.1895,0.025513,4.368
437134,520,451,971,225,18,150,349.82,0.9644,0.5405,0.186449,21,2,38,304.77,0.8672,0.0665,0.003428,4.426
437138,520,458,978,185,11,239,314.59,0.9907,0.5254,0.167868,16,11,12,4.69,0.1407,0.0637,0.003761,4.053
437145,520,360,880,245,12,235,330.61,0.9959,0.6244,0.256765,2,47,59,220.91,0.9336,0.1805,0.023616,4.167
437153,520,463,983,194,67,172,335.37,0.7616,0.5307,0.184638,8,0,44,280.71,1.0000,0.0548,0.002335,4.483
437174,520,388,908,250,46,108,10.27,0.9611,0.5891,0.233642,20,19,92,273.46,0.9153,0.1487,0.013871,4.441
437182,520,393,913,253,28,127,3.24,0.9838,0.5910,0.232491,60,16,19,19.77,0.6938,0.1449,0.013784,4.429
437190,520,341,861,241,95,126,10.31,0.8344,0.6284,0.283945,86,13,45,359.74,0.7923,0.2035,0.024561,4.479
437198,520,386,906,239,31,181,343.52,0.9618,0.5876,0.226699,10,43,19,149.36,0.8969,0.1543,0.018392,4.046
437227,520,453,973,212,72,80,20.99,0.7945,0.5341,0.192133,1,10,45,263.26,0.9503,0.0699,0.004130,4.473
437252,520,403,923,240,59,107,10.80,0.8934,0.5795,0.227179,27,26,48,284.67,0.4008,0.1277,0.011852,4.481
437257,520,467,987,218,2,139,351.67,0.9949,0.5176,0.168155,7,5,6,345.09,0.1200,0.0396,0.001669,4.222
437303,520,368,888,242,56,188,342.72,0.9233,0.6121,0.253394,38,20,98,284.95,0.8503,0.1729,0.017942,4.465
437306,520,445,965,237,28,68,19.75,0.9715,0.5434,0.192556,9,4,63,273.61,0.9684,0.0844,0.005038,4.407
437307,520,422,942,246,3,84,14.88,0.9977,0.5581,0.203016,36,15,46,313.60,0.6049,0.1142,0.009140,4.278
437333,520,430,950,195,36,236,317.65,0.9584,0.5489,0.189214,28,19,27,330.08,0.2451,0.1007,0.007918,4.130
437338,520,397,917,219,85,127,3.89,0.7262,0.5770,0.230917,33,29,40,301.42,0.2110,0.1369,0.013553,4.420
437360,520,431,951,241,41,25,29.83,0.9761,0.5543,0.203602,45,6,13,14.22,0.7669,0.0999,0.007173,4.436
437365,520,414,934,236,8,173,344.91,0.9909,0.5707,0.210266,14,26,46,260.14,0.5029,0.1157,0.010294,4.317
437367,520,463,983,207,47,164,341.48,0.8463,0.5292,0.179808,0,6,35,261.94,1.0000,0.0521,0.002516,4.376
437376,520,249,769,217,160,154,25.62,0.4384,0.7185,0.422278,18,77,47,156.51,0.9053,0.2793,0.056414,4.438
437382,520,413,933,227,77,63,28.88,0.8669,0.5654,0.220003,27,17,64,287.23,0.7301,0.1213,0.010041,4.497
437389,520,433,953,225,56,118,3.86,0.8497,0.5512,0.201466,27,6,61,293.37,0.8669,0.1018,0.007002,4.412
437418,520,382,902,195,97,210,322.17,0.7428,0.5954,0.248059,73,8,22,15.12,0.8560,0.1633,0.016483,4.483
437419,520,339,859,234,69,237,327.23,0.9417,0.6376,0.278655,86,16,34,10.92,0.7876,0.2026,0.024648,4.403
437423,520,335,855,221,98,210,331.08,0.8078,0.6351,0.287626,6,56,34,158.82,0.9464,0.2010,0.029824,4.230
437424,520,405,925,250,52,55,26.18,0.9762,0.5834,0.230594,7,35,39,208.26,0.6838,0.1340,0.013937,4.389
437435,520,432,952,236,48,24,30.91,0.9737,0.5490,0.200159,12,17,52,272.39,0.7254,0.0975,0.007270,4.368
437475,520,476,996,192,69,122,356.95,0.7011,0.5061,0.168696,0,1,17,263.76,1.0019,0.0249,0.000622,4.320
437492,520,291,811,247,101,208,339.39,0.9345,0.6783,0.336383,12,66,31,150.56,0.9500,0.2362,0.040734,4.258
437508,520,467,987,212,19,168,340.88,0.9538,0.5248,0.172922,4,6,2,127.44,0.4462,0.0377,0.001604,4.320
437514,520,312,832,255,101,127,13.07,1.0000,0.6610,0.321030,40,58,11,128.25,0.8641,0.2217,0.035013,4.364
437528,520,312,832,243,69,255,325.18,1.0000,0.6637,0.305335,33,38,115,273.52,0.8208,0.2189,0.029472,4.471
437530,520,342,862,249,70,171,350.49,0.9408,0.6290,0.274635,36,43,61,267.83,0.2880,0.1887,0.024397,4.364
437532,520,466,986,195,14,209,324.57,0.9781,0.5187,0.165213,4,10,1,132.57,0.8668,0.0473,0.002451,4.103
437541,520,456,976,237,20,5,29.74,0.9958,0.5343,0.185191,8,14,12,172.87,0.2119,0.0635,0.003922,4.362
437554,520,397,917,229,70,138,358.46,0.8167,0.5798,0.228760,47,13,65,311.24,0.7595,0.1422,0.012739,4.443
437561,520,434,954,231,62,23,33.60,0.9687,0.5517,0.204990,16,17,47,278.10,0.6170,0.0963,0.007163,4.461
437563,520,347,867,250,0,231,332.65,1.0000,0.6287,0.260966,65,17,80,316.84,0.7685,0.1886,0.021040,4.377
437573,520,414,934,249,36,38,27.55,0.9778,0.5688,0.215451,30,21,44,300.79,0.4468,0.1168,0.009942,4.428
437582,520,278,798,243,135,78,46.98,0.8575,0.6875,0.369354,57,61,47,120.60,0.1992,0.2544,0.044126,4.455
437607,520,412,932,223,9,208,332.11,0.9914,0.5668,0.204398,12,5,85,271.56,0.9825,0.1157,0.008425,4.354
437619,520,471,991,176,78,174,328.30,0.6851,0.5174,0.177360,13,0,21,313.63,1.0000,0.0399,0.001397,4.424
437629,520,349,869,238,76,192,341.24,0.8821,0.6257,0.271545,57,37,41,6.00,0.2638,0.1883,0.023532,4.373
437636,520,451,971,218,49,131,356.59,0.8498,0.5363,0.187432,27,4,20,340.73,0.6724,0.0673,0.003704,4.421
437672,520,478,998,207,67,19,36.89,0.9538,0.5103,0.173290,3,1,1,20.04,0.3720,0.0199,0.000433,4.427
437675,520,361,881,215,98,190,336.37,0.7327,0.6155,0.269020,60,34,10,60.18,0.6911,0.1781,0.021268,4.476
437681,520,407,927,239,59,82,19.35,0.9101,0.5718,0.220910,4,37,6,144.17,0.9744,0.1290,0.013620,4.258
437699,520,427,947,198,33,249,315.65,0.9737,0.5626,0.199345,35,18,3,62.53,0.7322,0.1011,0.007966,4.302
437700,520,435,955,146,93,238,296.51,0.8463,0.5452,0.201129,15,24,0,125.82,1.0000,0.0928,0.007548,4.364
437706,520,366,886,254,33,175,348.56,0.9922,0.6140,0.252572,20,36,72,264.19,0.6283,0.1651,0.018783,4.399
437727,520,212,732,234,171,135,50.78,0.6199,0.7580,0.483693,0,90,11,143.70,1.0000,0.3144,0.073362,4.326
437738,520,457,977,223,28,124,358.81,0.9328,0.5297,0.179764,14,13,2,105.41,0.6721,0.0633,0.003856,4.266
437752,520,449,969,195,7,235,318.31,0.9940,0.5375,0.177537,20,7,31,306.93,0.6294,0.0696,0.003996,4.214
437765,520,433,953,202,13,234,320.37,0.9896,0.5496,0.187866,22,20,39,287.43,0.4013,0.1028,0.008174,4.089
437767,520,413,933,235,43,141,356.05,0.9136,0.5685,0.213160,20,32,17,139.47,0.4601,0.1242,0.012222,4.229
437783,520,294,814,246,88,237,330.17,0.9616,0.6762,0.326893,45,62,6,125.79,0.9284,0.2383,0.040162,4.180
437799,520,465,985,162,66,228,307.68,0.8628,0.5187,0.171799,1,6,34,264.39,0.9199,0.0522,0.002522,4.223
437805,520,433,953,243,22,23,28.43,0.9889,0.5486,0.196938,10,27,25,185.77,0.4529,0.1050,0.009186,4.172
437809,520,478,998,155,56,240,303.46,0.9224,0.5084,0.160887,3,0,3,328.36,1.0000,0.0167,0.000259,4.196
437830,520,445,965,200,74,150,346.60,0.7181,0.5384,0.193807,34,10,1,46.95,0.8583,0.0835,0.005594,4.385
437853,520,328,848,254,44,227,334.55,0.9954,0.6469,0.284214,4,52,77,238.13,0.8846,0.2080,0.030175,4.169
437855,520,433,953,193,34,244,315.33,0.9675,0.5511,0.190145,18,21,40,275.67,0.4193,0.1021,0.008181,4.128
437857,520,474,994,210,27,168,340.47,0.9262,0.5242,0.173148,6,0,17,302.34,1.0000,0.0295,0.000792,4.393
437863,520,468,988,182,73,180,328.38,0.7313,0.5233,0.180067,16,3,4,14.91,0.5655,0.0435,0.001841,4.438
437871,520,409,929,230,71,75,23.51,0.8687,0.5657,0.218403,8,36,1,138.92,0.9908,0.1267,0.013155,4.250
437901,520,437,957,211,38,198,331.76,0.9237,0.5499,0.193144,14,3,65,278.04,0.9680,0.0888,0.005401,4.389
437904,520,381,901,213,75,214,327.54,0.8586,0.5957,0.240352,25,41,28,149.57,0.3980,0.1588,0.018763,4.222
437907,520,272,792,210,154,163,8.18,0.3936,0.7000,0.394584,1,72,61,178.06,0.9908,0.2631,0.049779,4.456
437908,520,479,999,210,53,103,6.90,0.8239,0.5147,0.172294,1,0,4,296.85,1.0000,0.0133,0.000152,4.432
437918,520,385,905,252,47,106,11.28,0.9757,0.5932,0.237727,31,32,50,281.20,0.3095,0.1480,0.015546,4.390
437921,520,371,891,243,31,209,336.61,0.9766,0.6104,0.246411,18,47,3,137.00,0.9776,0.1691,0.021681,4.135
437927,520,463,983,231,28,52,23.53,0.9731,0.5284,0.180704,2,11,2,143.51,0.8970,0.0481,0.002566,4.389
437934,520,430,950,189,49,242,314.16,0.9399,0.5531,0.194275,0,9,75,264.05,1.0048,0.1012,0.007033,4.283
437935,520,415,935,195,66,237,316.38,0.9086,0.5737,0.216143,23,30,29,185.90,0.1367,0.1246,0.011994,4.293
437956,520,410,930,248,43,60,23.87,0.9673,0.5734,0.220140,16,17,83,272.51,0.9158,0.1321,0.011355,4.403
437957,520,441,961,204,74,146,349.53,0.7259,0.5435,0.198122,20,11,49,288.56,0.7264,0.0903,0.006098,4.423
437965,520,319,839,245,80,203,339.64,0.9297,0.6473,0.294644,43,51,67,264.00,0.2404,0.2205,0.032864,4.159
437976,520,463,983,199,25,206,326.37,0.9548,0.5274,0.172953,7,2,33,283.91,0.8961,0.0478,0.001984,4.289
437984,520,460,980,229,23,110,4.71,0.9584,0.5348,0.183995,25,2,14,349.11,0.7467,0.0576,0.002818,4.430
437987,520,308,828,243,85,241,328.36,0.9541,0.6706,0.319051,44,47,91,278.27,0.5130,0.2266,0.033238,4.434
438016,520,465,985,146,83,224,300.72,0.8038,0.5180,0.176796,15,6,13,334.61,0.3722,0.0525,0.002609,4.311
438028,520,419,939,246,25,46,25.22,0.9850,0.5580,0.204889,45,11,11,23.32,0.6863,0.1068,0.008215,4.378
438035,520,413,933,225,55,157,348.92,0.8582,0.5655,0.211768,52,8,19,10.28,0.7511,0.1182,0.009509,4.399
438036,520,370,890,225,20,254,321.69,0.9963,0.6054,0.236658,61,5,76,317.46,0.8808,0.1665,0.016226,4.328
438037,520,181,701,248,168,193,359.20,0.7905,0.7858,0.518140,4,91,71,170.90,0.9803,0.3305,0.079625,4.383
438043,520,341,861,249,33,227,333.41,0.9837,0.6328,0.267766,19,41,99,264.92,0.8150,0.2011,0.026250,4.167
438062,520,389,909,235,14,207,335.23,0.9896,0.5891,0.224840,48,31,20,53.64,0.3855,0.1542,0.016589,4.127
438063,520,333,853,249,66,206,339.29,0.9615,0.6420,0.284954,36,51,20,130.43,0.6338,0.1973,0.027932,4.298
438066,520,444,964,233,34,82,15.65,0.9507,0.5409,0.190800,1,9,55,264.56,0.9568,0.0781,0.004776,4.396
438085,520,476,996,210,45,121,358.44,0.8440,0.5137,0.169612,3,1,9,297.22,0.7058,0.0244,0.000608,4.339
438101,520,429,949,237,42,60,23.25,0.9537,0.5502,0.199899,20,23,17,129.19,0.1753,0.0983,0.008020,4.307
438103,520,50,570,241,244,149,110.02,0.8823,0.9351,0.855724,22,125,58,149.49,0.9736,0.4422,0.151426,4.497
438104,520,412,932,246,15,127,1.59,0.9849,0.5725,0.214702,58,4,17,13.00,0.8709,0.1250,0.010270,4.392
438105,520,353,873,250,83,58,31.36,0.9686,0.6151,0.268194,23,50,4,135.35,0.9674,0.1822,0.024721,4.258
438124,520,379,899,243,82,66,29.20,0.9303,0.6019,0.254858,0,44,25,159.31,1.0000,0.1552,0.018715,4.437
438130,520,449,969,225,6,162,345.77,0.9893,0.5434,0.187491,24,6,26,323.66,0.6159,0.0698,0.003990,4.399
438131,520,436,956,235,49,25,30.95,0.9715,0.5478,0.199321,16,9,55,281.57,0.8359,0.0889,0.005814,4.467
438139,520,324,844,246,52,239,329.81,0.9714,0.6453,0.282836,69,36,54,347.01,0.4240,0.2099,0.027935,4.271
438148,520,163,683,231,177,251,316.71,0.9344,0.8069,0.553992,19,98,12,141.99,0.9878,0.3457,0.089000,4.345
438156,520,450,970,236,33,26,28.89,0.9767,0.5390,0.189984,8,10,42,274.29,0.7698,0.0725,0.004359,4.415
438164,520,362,882,228,30,251,322.97,0.9860,0.6116,0.243898,0,2,133,264.10,0.9988,0.1778,0.017367,4.363
438166,520,472,992,192,26,212,322.83,0.9542,0.5202,0.167002,0,0,29,264.05,1.0000,0.0317,0.000887,4.264
438189,520,418,938,239,54,37,29.90,0.9546,0.5610,0.211259,38,8,60,306.28,0.8072,0.1182,0.009120,4.419
438190,520,376,896,249,50,126,4.38,0.9483,0.5952,0.239307,70,7,39,355.58,0.8067,0.1617,0.016007,4.383
438219,520,360,880,204,92,241,316.80,0.9034,0.6207,0.268439,14,50,31,157.05,0.8025,0.1825,0.024734,4.261
438229,520,474,994,199,70,116,1.84,0.7180,0.5177,0.177853,3,3,6,284.11,0.2655,0.0296,0.000976,4.470
438230,520,331,851,229,100,195,338.91,0.8004,0.6425,0.297147,6,50,69,232.43,0.8353,0.1972,0.027495,4.480
438231,520,458,978,181,25,242,312.56,0.9758,0.5262,0.169309,18,3,32,305.28,0.7892,0.0602,0.002980,4.139
438232,520,455,975,188,31,236,315.78,0.9642,0.5350,0.177287,19,6,19,327.15,0.5058,0.0597,0.003157,4.276
438245,520,295,815,241,111,198,342.00,0.8618,0.6784,0.341494,30,67,7,136.58,0.9713,0.2440,0.043055,4.207
438252,520,478,998,219,35,91,10.86,0.9187,0.5149,0.170201,5,0,3,340.52,1.0000,0.0201,0.000388,4.370
438270,520,441,961,200,84,123,1.72,0.6556,0.5417,0.200519,46,3,2,28.78,0.9413,0.0949,0.006505,4.434
438280,520,421,941,217,48,177,339.81,0.8786,0.5551,0.200422,0,31,13,154.76,1.0000,0.1082,0.010090,4.167
438289,520,469,989,173,23,253,307.95,0.9907,0.5231,0.165897,2,1,36,270.53,0.9838,0.0434,0.001620,4.182
438297,520,423,943,203,78,176,337.09,0.7454,0.5614,0.212816,32,25,9,86.31,0.5054,0.1149,0.010221,4.364
438298,520,464,984,223,50,30,30.60,0.9541,0.5245,0.180657,7,4,28,284.53,0.7490,0.0485,0.002158,4.422
438302,520,385,905,252,38,117,6.92,0.9757,0.5907,0.233696,53,24,33,1.26,0.4483,0.1505,0.015201,4.351
438310,520,383,903,230,44,211,333.06,0.9476,0.5952,0.233300,34,6,98,284.33,0.9588,0.1525,0.013521,4.460
438318,520,355,875,242,13,234,330.17,0.9951,0.6186,0.251084,44,16,100,289.88,0.8725,0.1766,0.018261,4.411
438343,520,465,985,119,86,252,285.75,0.9729,0.5173,0.176055,7,10,9,174.67,0.1220,0.0525,0.002820,4.280
438350,520,434,954,193,50,235,316.90,0.9304,0.5545,0.196182,0,28,25,185.18,1.0000,0.1023,0.009007,4.172
438358,520,458,978,213,73,28,36.83,0.9305,0.5302,0.189974,5,16,0,133.43,1.0000,0.0629,0.004028,4.442
438367,520,454,974,194,12,224,320.56,0.9866,0.5280,0.171156,25,10,15,359.06,0.3870,0.0736,0.004583,4.052
438376,520,470,990,113,94,242,283.43,0.8927,0.5164,0.179265,8,1,24,296.27,0.8770,0.0393,0.001393,4.461
438379,520,385,905,233,66,165,348.68,0.8557,0.5939,0.239394,21,34,60,263.06,0.5066,0.1514,0.016297,4.365
438384,520,456,976,188,60,193,326.33,0.8146,0.5256,0.177747,22,7,8,15.95,0.4435,0.0617,0.003401,4.265
438413,520,454,974,184,91,122,0.48,0.5537,0.5264,0.190791,15,10,24,299.46,0.4090,0.0658,0.003846,4.472
438427,520,455,975,183,54,219,317.62,0.8850,0.5300,0.178213,23,4,5,18.39,0.6341,0.0559,0.002800,4.322
438440,520,398,918,235,78,29,36.34,0.9555,0.5782,0.232026,40,26,35,340.55,0.2693,0.1359,0.013113,4.469
438446,520,458,978,202,5,213,325.49,0.9934,0.5319,0.174710,18,9,4,56.55,0.4291,0.0595,0.003328,4.214
438464,520,372,892,245,28,212,336.26,0.9818,0.6146,0.249995,51,1,102,296.65,0.9895,0.1738,0.016849,4.488
438517,520,464,984,214,66,9,37.01,0.9821,0.5222,0.182147,15,5,12,337.80,0.4217,0.0499,0.002367,4.433
438532,520,397,917,248,42,97,13.24,0.9533,0.5797,0.224790,36,21,67,294.49,0.6713,0.1414,0.013166,4.350
438536,520,343,863,235,61,230,329.32,0.9454,0.6279,0.267153,70,28,29,20.53,0.5628,0.1866,0.022215,4.392
438541,520,447,967,238,18,46,24.50,0.9883,0.5385,0.188103,1,11,58,264.17,0.9528,0.0848,0.005512,4.289
438548,520,476,996,188,63,160,337.90,0.7489,0.5092,0.167860,6,0,5,332.72,1.0000,0.0228,0.000497,4.314
438552,520,395,915,193,72,255,311.39,1.0000,0.5908,0.231933,15,37,13,142.12,0.8075,0.1356,0.014537,4.369
438553,520,397,917,255,3,77,17.71,1.0000,0.5757,0.218648,56,3,62,323.40,0.8808,0.1438,0.012538,4.296
438560,520,413,933,205,88,156,346.98,0.6779,0.5690,0.223607,12,26,54,262.63,0.6366,0.1203,0.010832,4.498
438573,520,398,918,229,74,138,359.01,0.8042,0.5844,0.233932,48,24,16,39.14,0.4839,0.1371,0.013191,4.493
438577,520,452,972,233,26,38,26.39,0.9804,0.5301,0.182055,14,11,26,291.72,0.4187,0.0679,0.004073,4.292
438586,520,472,992,215,23,141,350.74,0.9357,0.5185,0.169854,4,4,5,285.76,0.0838,0.0333,0.001236,4.291
438588,520,330,850,240,110,72,37.01,0.8703,0.6381,0.301479,24,53,53,195.48,0.4738,0.2054,0.029973,4.395
438598,520,424,944,215,39,199,332.54,0.9274,0.5582,0.200238,31,17,49,301.62,0.5900,0.1133,0.009140,4.231
438601,520,393,913,240,3,194,339.79,0.9976,0.5886,0.224884,64,9,1,33.68,0.9746,0.1409,0.012877,4.372
438606,520,445,965,177,93,174,328.55,0.6105,0.5426,0.202329,9,22,0,131.88,1.0000,0.0827,0.006319,4.480
438616,520,441,961,217,47,157,346.53,0.8631,0.5441,0.192214,31,0,54,305.27,1.0000,0.0911,0.005577,4.358
438648,520,441,961,206,82,92,18.34,0.7117,0.5398,0.199312,7,17,49,266.63,0.7690,0.0918,0.006678,4.399
438672,520,261,781,252,115,209,341.21,0.9691,0.7060,0.375631,83,56,36,56.97,0.4323,0.2710,0.047949,4.345
438679,520,425,945,188,61,242,313.33,0.9301,0.5620,0.204408,39,16,31,341.95,0.4771,0.1117,0.009009,4.311
438687,520,429,949,188,88,165,336.97,0.6415,0.5462,0.203888,1,15,61,263.14,0.9704,0.0954,0.006850,4.466
438690,520,478,998,207,42,123,356.69,0.8473,0.5063,0.163536,2,2,0,109.77,1.0000,0.0218,0.000563,4.223
438692,520,416,936,231,44,154,350.73,0.9050,0.5669,0.211262,53,1,45,335.70,0.9134,0.1234,0.009682,4.378
438697,520,180,700,247,171,176,14.89,0.7628,0.7850,0.520366,20,87,96,208.32,0.8004,0.3314,0.078093,4.453
438729,520,338,858,251,61,201,341.07,0.9726,0.6387,0.280669,52,42,48,341.55,0.1481,0.1968,0.025994,4.351
438758,520,470,990,227,3,74,15.78,0.9964,0.5156,0.168934,2,6,13,251.34,0.5032,0.0398,0.001722,4.233
438762,520,423,943,194,39,253,313.54,0.9899,0.5630,0.200135,23,6,76,282.26,0.9383,0.1142,0.008342,4.287
438781,520,439,959,224,47,137,355.45,0.8732,0.5486,0.196891,12,9,59,275.87,0.8952,0.0899,0.005893,4.417
438797,520,352,872,216,98,186,338.28,0.7266,0.6151,0.268814,65,29,51,344.30,0.5004,0.1881,0.022417,4.402
438817,520,454,974,220,53,74,19.54,0.8872,0.5271,0.182589,8,14,34,268.75,0.5670,0.0744,0.004812,4.243
438825,520,473,993,199,77,76,23.72,0.7348,0.5163,0.179736,1,5,6,209.42,0.5531,0.0332,0.001281,4.480
438826,520,421,941,235,45,117,4.80,0.9106,0.5613,0.208263,14,30,14,144.13,0.6021,0.1130,0.010536,4.266
438836,520,310,830,255,72,201,342.33,1.0000,0.6553,0.301150,32,51,79,257.94,0.4641,0.2189,0.032391,4.262
438842,520,453,973,237,13,22,28.02,0.9935,0.5329,0.183536,10,11,34,277.98,0.5981,0.0696,0.004194,4.309
438845,520,411,931,187,67,242,312.70,0.9241,0.5667,0.209910,6,33,29,181.87,0.7257,0.1228,0.012151,4.182
438846,520,410,930,252,18,20,28.57,0.9931,0.5663,0.211823,39,27,16,63.37,0.3694,0.1306,0.012527,4.187
438864,520,303,823,246,103,179,350.03,0.8830,0.6665,0.325508,50,48,80,285.71,0.3844,0.2272,0.033712,4.486
438873,520,452,972,219,50,93,11.92,0.8697,0.5267,0.181342,9,16,13,166.72,0.2414,0.0696,0.004577,4.239
438876,520,330,850,227,69,251,322.03,0.9816,0.6358,0.275542,59,49,7,95.03,0.8362,0.2147,0.031418,3.998
438881,520,461,981,192,23,226,319.40,0.9714,0.5298,0.173117,7,10,12,234.42,0.1393,0.0535,0.002888,4.219
438885,520,373,893,243,81,15,37.97,0.9842,0.5964,0.249773,23,37,56,256.28,0.4161,0.1584,0.017908,4.414
438893,520,473,993,213,59,91,13.44,0.8243,0.5232,0.180318,6,4,1,86.94,0.5425,0.0339,0.001277,4.492
438909,520,449,969,226,6,160,346.63,0.9894,0.5443,0.188398,14,0,55,283.17,1.0000,0.0720,0.003692,4.440
438914,520,452,972,218,57,88,14.88,0.8505,0.5301,0.185388,25,1,43,306.51,0.9342,0.0742,0.004028,4.357
438928,520,329,849,213,114,205,330.24,0.7097,0.6453,0.305901,3,51,87,247.49,0.9115,0.2119,0.030750,4.407
438943,520,306,826,252,86,207,340.33,0.9763,0.6676,0.318590,60,47,65,316.50,0.2585,0.2274,0.033754,4.401
438946,520,382,902,243,66,136,1.44,0.8915,0.6007,0.247318,1,36,73,253.30,0.9582,0.1574,0.017491,4.405
438952,520,413,933,214,23,224,325.79,0.9779,0.5656,0.202928,19,32,16,139.81,0.5037,0.1232,0.012089,4.074
438959,520,298,818,209,116,254,313.44,0.9878,0.6712,0.332030,64,51,40,61.96,0.2345,0.2328,0.036109,4.437
438961,520,381,901,247,71,64,27.19,0.9552,0.5964,0.246542,21,42,41,191.74,0.3923,0.1639,0.019754,4.251
438996,520,408,928,173,96,219,311.02,0.7533,0.5694,0.223652,13,33,31,187.12,0.4678,0.1271,0.012722,4.363
439003,520,384,904,207,87,187,334.52,0.7432,0.5858,0.236714,61,20,23,18.43,0.6211,0.1541,0.015544,4.374
439033,520,427,947,249,7,42,25.23,0.9969,0.5588,0.204625,3,5,80,266.38,0.9883,0.1038,0.007070,4.462
439035,520,450,970,213,57,146,350.24,0.8127,0.5404,0.191500,7,15,21,240.60,0.3383,0.0687,0.004409,4.439
439062,520,373,893,253,50,130,3.66,0.9805,0.6042,0.247791,34,39,0,116.83,1.0000,0.1554,0.017911,4.385
439064,520,452,972,203,84,1,45.17,0.9962,0.5266,0.190414,8,15,13,175.53,0.2402,0.0663,0.004223,4.434
439065,520,480,1000,208,16,164,341.10,0.9569,0.5139,0.164630,0,0,0,0.00,0.0000,0.0000,0.000000,4.293
439073,520,390,910,178,93,251,305.70,0.9536,0.5941,0.242594,34,31,51,290.33,0.3347,0.1492,0.015591,4.461
439080,520,451,971,241,3,9,28.77,0.9987,0.5387,0.187890,18,10,17,330.80,0.2859,0.0657,0.003862,4.417
439095,520,408,928,206,99,110,15.40,0.6176,0.5716,0.231732,33,28,34,320.62,0.1400,0.1315,0.012693,4.494
439096,520,432,952,216,64,139,354.45,0.7947,0.5501,0.201321,20,21,23,264.47,0.0552,0.0951,0.007469,4.373
439100,520,347,867,234,47,252,323.99,0.9890,0.6308,0.265561,48,22,102,291.02,0.8209,0.1914,0.021615,4.406
439109,520,385,905,252,2,142,357.61,0.9984,0.5874,0.226954,39,20,71,296.36,0.7085,0.1468,0.013866,4.337
439116,520,330,850,246,85,165,353.35,0.8965,0.6375,0.288095,84,23,50,356.77,0.6843,0.2128,0.027282,4.375
439119,520,433,953,203,82,132,357.23,0.6785,0.5471,0.203989,0,27,25,188.16,1.0000,0.0992,0.008540,4.339
439137,520,384,904,244,20,168,348.29,0.9797,0.5866,0.225638,18,41,16,142.21,0.7723,0.1510,0.017518,4.082
439140,520,455,975,205,45,180,335.56,0.8686,0.5330,0.181531,7,3,39,279.47,0.9068,0.0554,0.002568,4.404
439164,520,345,865,247,23,241,329.66,0.9922,0.6345,0.267407,19,15,131,269.45,0.9819,0.1939,0.021186,4.459
439173,520,388,908,167,102,242,302.44,0.8555,0.5878,0.241294,12,32,69,261.41,0.7382,0.1479,0.015408,4.454
439175,520,339,859,252,12,241,330.78,0.9969,0.6407,0.273124,9,35,117,264.78,0.9359,0.2027,0.025443,4.283
439177,520,353,873,223,101,163,350.78,0.7097,0.6203,0.276419,19,45,52,217.56,0.4953,0.1772,0.022631,4.494
439182,520,365,885,240,65,170,348.49,0.8848,0.6077,0.252111,41,42,8,110.95,0.7562,0.1729,0.021449,4.228
439183,520,472,992,229,4,68,17.83,0.9959,0.5189,0.171652,0,1,22,264.06,0.9808,0.0287,0.000796,4.364
439185,520,403,923,235,29,178,343.47,0.9598,0.5777,0.217581,7,7,96,267.65,0.9872,0.1306,0.010416,4.429
439205,520,480,1000,203,36,153,343.91,0.8695,0.5080,0.162602,0,0,0,0.00,0.0000,0.0000,0.000000,4.252
439206,520,363,883,247,47,178,346.61,0.9428,0.6099,0.250247,10,18,117,267.14,0.9761,0.1740,0.017814,4.428
439208,520,378,898,244,82,2,38.95,0.9979,0.5992,0.252753,13,34,78,262.78,0.7845,0.1613,0.017796,4.466
439214,520,412,932,239,56,102,12.05,0.9008,0.5736,0.221415,12,28,46,252.65,0.5336,0.1199,0.011059,4.445
439226,520,425,945,219,40,183,338.28,0.9132,0.5565,0.199989,11,4,83,271.34,0.9857,0.1111,0.007825,4.323
439228,520,444,964,213,15,193,333.67,0.9759,0.5403,0.183402,23,11,33,307.57,0.5404,0.0816,0.005313,4.220
439249,520,385,905,224,76,158,349.98,0.7901,0.5858,0.234872,19,41,16,141.38,0.7514,0.1517,0.017617,4.213
439255,520,378,898,177,100,252,304.35,0.9583,0.6041,0.254903,4,42,49,212.86,0.8513,0.1598,0.019034,4.417
439265,520,306,826,249,111,155,2.45,0.8821,0.6740,0.338781,23,59,64,207.52,0.5630,0.2288,0.036801,4.479
439272,520,379,899,252,59,100,14.63,0.9744,0.6010,0.247470,28,38,53,258.32,0.3068,0.1633,0.018901,4.317
439278,520,447,967,187,41,242,313.86,0.9528,0.5442,0.185627,1,23,5,148.35,0.9808,0.0816,0.006302,4.185
439285,520,432,952,205,83,133,357.43,0.6815,0.5523,0.208610,12,24,19,166.31,0.3520,0.0953,0.007784,4.475
439304,520,375,895,224,45,238,324.75,0.9633,0.6033,0.238993,28,39,33,160.87,0.2232,0.1568,0.018077,4.245
439306,520,447,967,222,59,79,19.04,0.8690,0.5379,0.192247,27,8,26,329.30,0.5610,0.0776,0.004813,4.420
439339,520,199,719,238,152,254,321.15,0.9912,0.7689,0.477910,96,68,37,67.64,0.5164,0.3195,0.067549,4.491
439352,520,473,993,227,0,108,4.29,1.0000,0.5238,0.174165,0,0,32,264.05,1.0000,0.0346,0.001043,4.392
439356,520,375,895,251,61,87,18.99,0.9704,0.5980,0.245384,26,36,59,265.51,0.4182,0.1598,0.017971,4.346
439367,520,416,936,189,76,225,316.93,0.8468,0.5673,0.214251,44,18,7,43.18,0.6500,0.1163,0.009835,4.416
439379,520,401,921,231,60,157,350.66,0.8606,0.5810,0.226577,25,25,70,278.40,0.6815,0.1407,0.013441,4.360
439384,520,466,986,222,24,106,4.98,0.9478,0.5196,0.172262,7,10,5,131.47,0.2943,0.0513,0.002732,4.215
439398,520,394,914,249,60,90,17.74,0.9561,0.5939,0.241131,35,34,7,107.18,0.7039,0.1427,0.015167,4.467
439402,520,452,972,230,40,19,30.49,0.9791,0.5304,0.183906,18,8,33,299.37,0.6238,0.0706,0.004121,4.322
439409,520,386,906,229,56,181,341.80,0.8875,0.5853,0.228251,28,40,5,126.38,0.8664,0.1535,0.017754,4.107
439411,520,466,986,226,14,76,15.45,0.9825,0.5165,0.170075,19,2,14,338.85,0.7040,0.0488,0.002136,4.221
439414,520,454,974,170,39,254,306.35,0.9946,0.5280,0.171536,17,6,40,293.16,0.7604,0.0711,0.004026,4.101
439415,520,396,916,237,18,187,341.15,0.9820,0.5823,0.220279,29,27,55,284.96,0.4699,0.1368,0.013209,4.276
439420,520,413,933,234,49,126,1.70,0.8948,0.5653,0.211984,17,20,61,274.79,0.7266,0.1154,0.009564,4.398
439426,520,479,999,188,86,43,41.81,0.7875,0.5060,0.175230,0,0,6,264.05,1.0000,0.0126,0.000131,4.493
439428,520,465,985,191,18,218,321.13,0.9747,0.5199,0.165724,11,3,21,304.43,0.6827,0.0453,0.001904,4.156
439429,520,458,978,182,78,187,325.79,0.7265,0.5344,0.189829,14,10,19,304.51,0.2928,0.0624,0.003575,4.477
439431,520,459,979,169,82,194,318.15,0.7111,0.5253,0.183655,21,2,24,322.78,0.7723,0.0566,0.002688,4.435
439443,520,429,949,222,67,93,15.33,0.8259,0.5497,0.203368,25,11,49,296.05,0.7118,0.0957,0.006678,4.470
439447,520,409,929,171,93,226,308.78,0.7922,0.5668,0.219783,18,29,52,263.77,0.4929,0.1304,0.012552,4.313
439452,520,465,985,186,6,236,315.60,0.9945,0.5233,0.166267,10,8,17,294.47,0.3151,0.0537,0.002787,4.097
439483,520,445,965,160,78,239,303.46,0.8849,0.5404,0.191548,5,21,24,210.63,0.5510,0.0843,0.006345,4.287
439486,520,421,941,209,70,174,339.34,0.7858,0.5606,0.209936,9,27,35,229.14,0.5129,0.1090,0.009633,4.359
439518,520,452,972,171,98,137,347.57,0.4717,0.5251,0.192004,0,12,36,256.57,0.9999,0.0655,0.003903,4.490
439524,520,466,986,163,101,127,353.41,0.3999,0.5155,0.186271,19,6,3,40.25,0.5388,0.0541,0.002753,4.479
439526,520,411,931,203,69,208,326.37,0.8421,0.5692,0.215085,6,18,79,266.68,0.9400,0.1238,0.010358,4.392
439527,520,288,808,214,120,250,315.86,0.9483,0.6816,0.346325,47,60,34,130.19,0.4398,0.2380,0.039515,4.427
439542,520,378,898,247,22,174,347.17,0.9801,0.5959,0.234072,39,18,90,288.86,0.8299,0.1624,0.016021,4.303
439557,520,442,962,229,13,141,353.60,0.9775,0.5431,0.188718,29,3,34,321.15,0.7883,0.0765,0.004419,4.387
439566,520,434,954,225,5,170,343.28,0.9917,0.5473,0.190210,26,23,10,96.74,0.4066,0.1027,0.008543,4.103
439571,520,377,897,221,88,158,350.60,0.7370,0.5961,0.248225,42,36,2,99.29,0.9131,0.1561,0.017584,4.413
439575,520,468,988,181,24,241,312.80,0.9766,0.5249,0.168290,6,1,30,284.93,0.9345,0.0419,0.001542,4.235
439593,520,418,938,207,98,19,49.01,0.9302,0.5575,0.220498,18,30,36,230.46,0.2924,0.1237,0.011845,4.374
439606,520,261,781,221,133,247,318.18,0.9212,0.7106,0.388640,25,75,38,149.18,0.8811,0.2730,0.053786,4.226
439626,520,447,967,210,14,197,331.79,0.9780,0.5371,0.180490,31,1,41,316.58,0.9140,0.0812,0.004731,4.211
439629,520,435,955,223,2,188,337.52,0.9972,0.5530,0.193647,11,22,14,152.30,0.4001,0.0874,0.006767,4.292
439635,520,478,998,208,59,72,20.55,0.8401,0.5092,0.170080,4,0,7,315.09,1.0000,0.0210,0.000412,4.366
439639,520,450,970,226,36,111,4.67,0.9179,0.5356,0.185810,31,2,22,341.86,0.7852,0.0709,0.003927,4.373
439643,520,333,853,251,70,181,347.60,0.9620,0.6369,0.282290,42,45,53,269.17,0.1266,0.1957,0.026260,4.357
439655,520,443,963,190,28,241,315.29,0.9729,0.5409,0.181298,11,14,38,274.87,0.5907,0.0793,0.005251,4.186
439658,520,450,970,230,46,37,28.71,0.9529,0.5361,0.189135,12,13,15,264.44,0.0714,0.0653,0.004005,4.428
439663,520,351,871,254,4,226,334.69,0.9987,0.6335,0.266519,14,43,85,258.11,0.7626,0.1914,0.024769,4.233
439665,520,438,958,192,48,233,317.15,0.9308,0.5498,0.192049,23,13,38,300.08,0.5549,0.0885,0.006100,4.315
439669,520,362,882,243,93,2,42.16,0.9977,0.6121,0.268909,41,37,63,290.07,0.3743,0.1791,0.021534,4.458
439674,520,478,998,225,14,18,28.38,0.9915,0.5070,0.163682,1,2,4,255.89,0.3738,0.0225,0.000586,4.224
439686,520,469,989,194,47,186,330.50,0.8535,0.5189,0.170492,11,0,24,304.96,1.0000,0.0398,0.001371,4.292
439709,520,391,911,247,62,77,21.91,0.9503,0.5893,0.237586,37,30,48,301.81,0.3144,0.1483,0.015353,4.401
439717,520,463,983,207,58,136,352.86,0.7908,0.5260,0.180712,13,6,12,331.23,0.3233,0.0500,0.002424,4.401
439720,520,454,974,190,76,153,342.29,0.6858,0.5257,0.184175,26,8,1,50.77,0.8054,0.0673,0.003955,4.340
439724,520,375,895,247,37,176,346.90,0.9590,0.6031,0.242351,36,32,53,292.17,0.3415,0.1550,0.016651,4.386
439731,520,472,992,195,43,185,331.12,0.8672,0.5168,0.168343,6,3,8,313.81,0.3807,0.0339,0.001214,4.263
439734,520,389,909,255,56,5,33.01,1.0000,0.5934,0.241031,45,23,61,308.87,0.5907,0.1519,0.015076,4.472
439736,520,257,777,254,104,248,329.26,0.9961,0.7139,0.377515,32,73,11,137.46,0.9641,0.2656,0.050962,4.234
439751,520,458,978,227,34,102,7.96,0.9299,0.5337,0.184371,2,8,32,264.30,0.8448,0.0558,0.002908,4.430
439764,520,469,989,170,77,200,317.06,0.7507,0.5234,0.180248,9,1,27,295.23,0.8961,0.0425,0.001589,4.463
439779,520,365,885,233,21,236,327.61,0.9896,0.6062,0.239186,63,19,56,334.40,0.6600,0.1707,0.018082,4.248
439782,520,417,937,219,61,174,341.74,0.8395,0.5684,0.214558,28,27,28,325.66,0.0274,0.1209,0.011146,4.327
439785,520,343,863,195,109,235,313.91,0.8257,0.6297,0.285386,27,52,1,132.82,0.9908,0.1912,0.026911,4.361
439786,520,321,841,223,105,219,328.75,0.8237,0.6531,0.309075,45,46,74,281.55,0.3603,0.2131,0.030063,4.485
439794,520,175,695,216,182,240,310.99,0.6984,0.7962,0.543466,51,91,20,134.60,0.9305,0.3371,0.082363,4.484
439796,520,306,826,246,107,185,348.10,0.8854,0.6746,0.336138,55,51,69,294.81,0.2269,0.2337,0.036095,4.485
439797,520,428,948,236,44,103,9.87,0.9216,0.5585,0.206166,41,8,22,357.34,0.6592,0.0983,0.007031,4.492
439801,520,211,731,236,150,243,324.24,0.9077,0.7574,0.461183,38,81,61,161.81,0.5896,0.3052,0.066336,4.394
439812,520,432,952,230,64,13,35.07,0.9832,0.5514,0.205218,16,25,4,128.12,0.7704,0.0974,0.008142,4.390
439819,520,368,888,226,104,73,35.39,0.7870,0.6050,0.265529,3,46,39,178.95,0.9322,0.1678,0.021197,4.432
439845,520,442,962,229,10,144,352.54,0.9829,0.5437,0.188915,13,10,45,280.73,0.7471,0.0787,0.004921,4.350
439855,520,427,947,168,86,234,306.56,0.8454,0.5582,0.209215,1,25,38,234.54,0.8986,0.1005,0.008416,4.437
439863,520,436,956,174,77,232,310.03,0.8594,0.5523,0.201334,18,20,28,273.82,0.2044,0.0929,0.007127,4.400
439869,520,439,959,241,4,79,15.83,0.9966,0.5466,0.193555,8,12,56,271.24,0.8821,0.0891,0.006001,4.349
439885,520,459,979,231,12,102,7.38,0.9829,0.5330,0.182142,20,7,7,20.34,0.4054,0.0587,0.003160,4.367
439914,520,474,994,231,16,61,20.44,0.9855,0.5249,0.176995,2,3,5,258.70,0.2475,0.0279,0.000890,4.461
439920,520,466,986,204,1,189,332.45,0.9979,0.5179,0.165352,5,3,37,276.31,0.9167,0.0518,0.002310,4.117
439932,520,479,999,217,45,0,33.11,1.0000,0.5064,0.166311,3,0,0,29.23,1.0000,0.0143,0.000194,4.310
439962,520,397,917,252,49,5,32.17,0.9966,0.5818,0.229067,9,40,17,149.00,0.8965,0.1434,0.016161,4.218
439997,520,480,1000,227,1,59,20.06,0.9990,0.5123,0.166713,0,0,0,0.00,0.0000,0.0000,0.000000,4.334
440012,520,421,941,220,18,196,334.60,0.9756,0.5559,0.196361,18,29,14,137.66,0.4825,0.1129,0.010390,4.079
440018,520,72,592,242,233,126,104.36,0.8526,0.9060,0.786622,23,118,77,159.05,0.9405,0.4239,0.136743,4.480
440020,520,14,534,246,252,225,117.24,0.8789,0.9761,0.946498,38,133,26,141.58,0.9790,0.4683,0.172610,4.476
440027,520,425,945,217,51,176,340.21,0.8681,0.5570,0.202562,41,9,44,324.21,0.7092,0.1115,0.008487,4.318
440034,520,414,934,253,24,47,25.21,0.9917,0.5725,0.217449,17,32,19,147.69,0.4768,0.1225,0.011992,4.314
440053,520,347,867,234,98,153,357.59,0.7760,0.6297,0.285303,19,49,48,192.45,0.5392,0.1878,0.025484,4.442
440067,520,409,929,231,58,125,2.47,0.8603,0.5668,0.214985,37,20,48,310.68,0.5233,0.1262,0.011071,4.339
440068,520,381,901,244,15,197,339.92,0.9898,0.6002,0.236090,63,15,44,347.10,0.6882,0.1586,0.015804,4.348
440069,520,456,976,217,54,100,9.45,0.8437,0.5284,0.183126,9,1,44,281.71,0.9712,0.0577,0.002616,4.431
440076,520,351,871,244,29,242,328.74,0.9885,0.6320,0.265254,20,29,114,269.54,0.9259,0.1921,0.022422,4.353
440082,520,382,902,254,45,105,11.66,0.9917,0.5956,0.239712,51,2,91,301.47,0.9708,0.1622,0.015026,4.455
440103,520,447,967,232,34,70,19.28,0.9561,0.5365,0.187451,30,10,14,8.63,0.4750,0.0805,0.005248,4.298
440132,520,443,963,206,19,208,327.78,0.9725,0.5389,0.181435,8,22,0,133.11,1.0000,0.0821,0.006254,4.114
440137,520,461,981,207,68,102,9.67,0.7599,0.5253,0.183611,12,8,5,65.03,0.2328,0.0512,0.002628,4.439
440147,520,397,917,234,81,46,34.20,0.9157,0.5816,0.235775,34,34,18,108.28,0.3763,0.1436,0.015278,4.378
440167,520,449,969,208,28,193,332.38,0.9422,0.5360,0.180927,15,12,20,301.67,0.2464,0.0679,0.004150,4.265
440195,520,432,952,203,11,236,320.19,0.9918,0.5524,0.189937,13,12,66,274.27,0.8983,0.1028,0.007418,4.179
440198,520,453,973,230,44,14,31.49,0.9849,0.5331,0.186591,35,2,4,21.40,0.8934,0.0718,0.004096,4.374
440212,520,411,931,254,4,42,25.31,0.9984,0.5689,0.213287,14,32,1,133.66,0.9796,0.1168,0.011285,4.296
440227,520,476,996,113,93,241,283.72,0.8877,0.5137,0.176899,2,1,12,284.08,0.7969,0.0246,0.000612,4.483
440228,520,478,998,164,15,254,305.23,0.9955,0.5080,0.153906,5,0,1,3.86,1.0000,0.0188,0.000345,4.050
440229,520,236,756,249,151,160,14.24,0.8260,0.7438,0.448135,15,82,2,141.06,0.9970,0.2890,0.061403,4.471
440237,520,414,934,250,28,3,30.29,0.9980,0.5652,0.211648,30,21,44,300.79,0.4468,0.1168,0.009942,4.365
440244,520,453,973,179,56,221,315.75,0.8810,0.5272,0.176336,25,4,37,310.98,0.7786,0.0747,0.004271,4.170
440247,520,431,951,245,16,10,29.20,0.9934,0.5504,0.198085,19,25,16,135.35,0.2803,0.1026,0.008711,4.226
440252,520,399,919,209,59,224,323.96,0.9088,0.5795,0.220668,14,38,13,142.92,0.8467,0.1383,0.015086,4.159
440264,520,392,912,238,31,191,340.39,0.9652,0.5911,0.229216,72,3,15,19.03,0.9491,0.1544,0.014776,4.310
440266,520,401,921,240,71,72,24.82,0.9143,0.5842,0.235028,4,40,24,159.84,0.9285,0.1430,0.016093,4.313
440278,520,441,961,110,109,237,279.50,0.8371,0.5387,0.203662,14,22,20,177.82,0.2098,0.0914,0.007177,4.436
440280,520,434,954,227,23,160,347.11,0.9569,0.5509,0.194845,40,8,35,334.43,0.6827,0.1028,0.007462,4.261
440287,520,422,942,203,20,240,319.20,0.9849,0.5580,0.194897,16,29,25,173.11,0.3172,0.1147,0.010591,4.042
440291,520,337,857,224,92,217,329.76,0.8510,0.6354,0.285134,3,41,100,259.55,0.9583,0.1962,0.025252,4.454
440323,520,299,819,234,109,203,337.89,0.8304,0.6671,0.327438,45,56,46,147.52,0.2020,0.2275,0.035834,4.397
440338,520,403,923,208,73,205,328.73,0.8331,0.5799,0.225845,5,37,8,144.92,0.9632,0.1298,0.013729,4.328
440389,520,334,854,238,53,252,324.88,0.9892,0.6413,0.277541,30,28,116,274.38,0.8997,0.1991,0.023674,4.446
440395,520,402,922,233,39,178,343.21,0.9356,0.5790,0.219918,54,7,37,346.21,0.7575,0.1281,0.010699,4.447
440397,520,317,837,252,45,252,328.22,0.9915,0.6597,0.296035,7,51,95,253.03,0.8628,0.2194,0.032389,4.200
440413,520,421,941,228,65,112,8.08,0.8349,0.5640,0.214472,6,26,51,255.12,0.7258,0.1148,0.010165,4.396
440414,520,341,861,241,67,206,337.40,0.9199,0.6292,0.271741,83,6,63,341.90,0.8414,0.2004,0.023284,4.390
440441,520,63,583,227,232,248,272.05,0.5686,0.9207,0.808212,36,122,25,141.55,0.9763,0.4317,0.143638,4.432
440445,520,404,924,250,10,139,358.33,0.9915,0.5838,0.224087,45,19,30,354.54,0.4627,0.1264,0.011174,4.480
440451,520,410,930,233,56,117,5.64,0.8750,0.5662,0.214393,36,14,68,296.99,0.7741,0.1307,0.011065,4.330
440454,520,359,879,254,80,11,37.12,0.9946,0.6158,0.268359,62,33,4,60.98,0.8313,0.1783,0.021208,4.471
440472,520,406,926,232,24,194,338.08,0.9726,0.5788,0.217068,2,16,85,264.80,0.9663,0.1255,0.010393,4.422
440510,520,328,848,251,27,248,328.96,0.9922,0.6474,0.280734,22,47,96,262.16,0.7236,0.2150,0.030480,4.110
440533,520,267,787,239,133,187,349.26,0.7684,0.7063,0.387159,3,74,26,147.96,0.9933,0.2608,0.049913,4.375
440538,520,354,874,236,19,254,324.30,0.9967,0.6235,0.254569,27,30,95,274.34,0.8090,0.1772,0.019877,4.359
440551,520,397,917,210,78,184,336.31,0.7774,0.5771,0.226130,14,38,3,137.03,0.9658,0.1367,0.014861,4.257
440553,520,403,923,234,67,111,9.70,0.8512,0.5771,0.226573,15,24,73,269.93,0.8155,0.1341,0.012358,4.435
440560,520,364,884,197,100,219,319.93,0.7730,0.6083,0.261004,36,39,49,271.99,0.1697,0.1712,0.020478,4.413
440564,520,412,932,237,58,80,19.69,0.9092,0.5665,0.216129,39,17,46,317.49,0.5700,0.1220,0.010295,4.414
440566,520,453,973,209,73,71,24.78,0.8002,0.5280,0.187776,1,18,22,212.80,0.8575,0.0724,0.004970,4.326
440582,520,397,917,220,4,240,323.64,0.9979,0.5829,0.215959,46,19,47,325.98,0.5592,0.1367,0.012519,4.254
440603,520,235,755,238,147,203,342.95,0.7652,0.7365,0.433583,55,77,9,126.83,0.9336,0.2945,0.061396,4.341
440607,520,379,899,255,48,107,11.42,1.0000,0.6001,0.244391,35,18,95,283.94,0.8653,0.1635,0.016161,4.450
440626,520,451,971,195,48,218,321.73,0.9091,0.5433,0.187795,37,1,3,22.77,0.9547,0.0735,0.004217,4.386
440640,520,338,858,234,100,180,346.21,0.8005,0.6434,0.299045,2,56,34,159.79,0.9827,0.1997,0.029566,4.387
440661,520,283,803,250,106,198,344.03,0.9440,0.6851,0.347121,13,45,140,264.53,0.9326,0.2511,0.038555,4.484
440671,520,363,883,228,34,243,324.72,0.9800,0.6075,0.241114,35,33,70,283.42,0.5229,0.1681,0.018872,4.227
440683,520,428,948,234,2,158,348.99,0.9972,0.5583,0.200074,14,21,34,262.30,0.3620,0.0953,0.007452,4.353
440684,520,409,929,211,86,135,358.50,0.6912,0.5675,0.222558,13,29,62,262.89,0.6818,0.1348,0.013120,4.318
440688,520,377,897,185,93,241,310.33,0.8809,0.5959,0.244947,7,45,36,173.54,0.8406,0.1648,0.020492,4.184
440689,520,472,992,213,4,159,343.85,0.9896,0.5179,0.167385,2,1,13,283.01,0.8184,0.0252,0.000637,4.293
440696,520,416,936,252,12,57,22.60,0.9943,0.5680,0.212576,28,10,69,289.03,0.8483,0.1167,0.008936,4.455
440704,520,307,827,250,72,237,331.20,0.9792,0.6664,0.310760,32,42,122,271.37,0.8354,0.2338,0.033680,4.311
440722,520,480,1000,170,43,230,311.32,0.9273,0.5095,0.159879,0,0,0,0.00,0.0000,0.0000,0.000000,4.198
440725,520,425,945,231,3,167,345.56,0.9957,0.5570,0.198469,32,2,65,298.05,0.9490,0.1067,0.007322,4.335
440731,520,333,853,147,136,248,285.81,0.8577,0.6351,0.305883,20,54,45,173.50,0.6136,0.2031,0.029764,4.462
440748,520,380,900,231,34,231,328.25,0.9759,0.6043,0.239050,62,9,58,331.42,0.7806,0.1582,0.015251,4.430
440752,520,467,987,166,33,251,305.96,0.9807,0.5158,0.161604,7,5,13,297.14,0.3646,0.0423,0.001828,4.083
440757,520,461,981,212,68,67,24.90,0.8353,0.5265,0.185389,22,3,1,34.98,0.8382,0.0509,0.002379,4.494
440762,520,428,948,175,66,252,306.84,0.9777,0.5567,0.200394,35,18,3,62.53,0.7322,0.1011,0.007966,4.320
440768,520,322,842,246,96,166,354.35,0.8803,0.6517,0.307147,29,57,15,136.78,0.8872,0.2107,0.032219,4.344
440769,520,385,905,222,10,244,323.21,0.9954,0.5904,0.222805,18,13,102,271.92,0.9659,0.1514,0.013757,4.279
440777,520,438,958,207,40,210,327.37,0.9290,0.5521,0.194380,14,22,16,152.23,0.2717,0.0901,0.007046,4.284
440789,520,306,826,239,108,189,344.74,0.8333,0.6668,0.327525,33,60,30,141.88,0.6545,0.2259,0.036487,4.365
440798,520,466,986,150,79,230,301.54,0.8399,0.5217,0.177895,16,4,23,312.51,0.6507,0.0540,0.002589,4.334
440810,520,338,858,248,97,113,17.08,0.9090,0.6398,0.297013,9,48,80,248.14,0.7884,0.1997,0.027510,4.477
440814,520,436,956,212,24,207,329.59,0.9658,0.5506,0.191574,32,0,48,311.47,1.0000,0.0870,0.005205,4.376
440827,520,422,942,164,86,245,302.79,0.9074,0.5616,0.211411,52,0,31,349.87,1.0000,0.1121,0.008291,4.485
440835,520,446,966,191,74,188,328.73,0.7596,0.5437,0.196062,27,4,43,307.81,0.8126,0.0821,0.004943,4.479
440840,520,310,830,230,90,241,324.75,0.9358,0.6563,0.304883,86,30,11,38.29,0.8210,0.2174,0.029315,4.474
440863,520,468,988,178,56,216,316.70,0.8692,0.5218,0.172523,15,4,2,38.70,0.5683,0.0441,0.001928,4.285
440882,520,402,922,221,14,231,325.92,0.9911,0.5800,0.214579,35,25,33,333.33,0.2231,0.1261,0.011624,4.293
440892,520,468,988,230,20,26,27.81,0.9871,0.5202,0.174009,16,1,18,324.09,0.7990,0.0443,0.001756,4.328
440903,520,322,842,214,106,239,319.77,0.8889,0.6533,0.308377,12,56,44,170.97,0.8218,0.2061,0.030882,4.431
440907,520,472,992,218,49,91,12.41,0.8723,0.5234,0.178599,1,3,4,222.28,0.3978,0.0261,0.000803,4.500
440916,520,432,952,227,59,81,18.74,0.8803,0.5481,0.200557,25,2,70,287.74,0.9674,0.1037,0.006923,4.402
440931,520,463,983,231,25,84,14.07,0.9652,0.5327,0.183273,5,5,23,279.03,0.6440,0.0456,0.002027,4.484
440944,520,408,928,199,60,226,320.52,0.8988,0.5659,0.208663,10,25,72,266.03,0.8498,0.1326,0.012276,4.153
440968,520,401,921,228,23,207,333.59,0.9769,0.5790,0.216143,19,37,18,142.99,0.6011,0.1392,0.015052,4.091
440981,520,451,971,211,7,195,332.60,0.9887,0.5360,0.179431,30,0,22,339.82,1.0000,0.0653,0.003340,4.301
440990,520,442,962,206,74,131,356.96,0.7240,0.5409,0.196601,4,5,62,268.59,0.9745,0.0814,0.004821,4.498
441006,520,470,990,193,26,206,324.68,0.9488,0.5174,0.165341,10,0,26,300.19,1.0000,0.0402,0.001391,4.190
441011,520,321,841,226,90,236,324.93,0.9123,0.6471,0.295392,78,26,61,342.49,0.6340,0.2109,0.026956,4.488
441016,520,430,950,217,74,111,8.49,0.7659,0.5537,0.207993,2,26,31,213.02,0.8356,0.1001,0.008506,4.410
441037,520,414,934,249,2,118,4.70,0.9982,0.5730,0.214947,25,10,79,282.19,0.9064,0.1246,0.009882,4.424
441043,520,2,522,255,255,255,0.00,0.0000,1.0000,1.000000,56,136,29,139.30,0.9679,0.4848,0.185372,4.461
441049,520,309,829,235,94,224,330.85,0.8993,0.6589,0.310517,30,58,32,145.65,0.6307,0.2179,0.034063,4.289
441072,520,447,967,229,40,103,8.44,0.9167,0.5417,0.191578,3,19,32,243.26,0.7009,0.0817,0.005894,4.322
441075,520,412,932,246,40,43,27.05,0.9709,0.5654,0.212883,52,2,34,346.89,0.8543,0.1163,0.008891,4.464
441090,520,461,981,225,7,130,356.39,0.9860,0.5291,0.177740,15,7,0,77.39,1.0000,0.0505,0.002535,4.335
441105,520,441,961,232,47,13,31.94,0.9863,0.5395,0.192209,12,22,6,134.22,0.6422,0.0861,0.006651,4.275
441111,520,442,962,240,29,17,29.50,0.9858,0.5449,0.194478,28,13,12,24.10,0.3672,0.0825,0.005613,4.396
441128,520,448,968,182,71,212,318.34,0.8172,0.5416,0.192061,26,2,46,304.65,0.8980,0.0799,0.004603,4.433
441131,520,462,982,228,33,61,21.48,0.9588,0.5260,0.179216,11,6,9,340.44,0.2273,0.0470,0.002211,4.390
441149,520,446,966,241,11,11,28.93,0.9953,0.5405,0.189677,34,8,4,33.51,0.7212,0.0809,0.005226,4.340
441159,520,476,996,148,90,190,309.07,0.6403,0.5073,0.173264,0,1,11,262.64,1.0001,0.0210,0.000459,4.425
441190,520,370,890,240,11,233,329.95,0.9957,0.6141,0.246506,6,45,53,214.73,0.8094,0.1722,0.021724,4.134
441194,520,430,950,215,6,210,329.62,0.9933,0.5531,0.192326,42,0,36,334.86,1.0000,0.0950,0.006197,4.312
441213,520,410,930,251,3,74,18.15,0.9982,0.5667,0.210725,62,1,21,8.59,0.9567,0.1311,0.011002,4.274
441232,520,278,798,254,115,148,7.50,0.9722,0.6858,0.354735,26,69,9,138.74,0.9721,0.2488,0.044954,4.262
441235,520,389,909,217,83,177,341.21,0.7673,0.5914,0.241146,4,32,80,260.20,0.9204,0.1545,0.016379,4.386
441239,520,461,981,177,36,242,311.07,0.9582,0.5257,0.170206,1,11,21,241.70,0.7743,0.0544,0.002999,4.155
441267,520,436,956,222,7,178,340.19,0.9886,0.5463,0.188984,41,3,26,347.60,0.7892,0.0923,0.006112,4.259
441301,520,466,986,216,56,57,25.44,0.8957,0.5191,0.177252,24,1,0,32.63,1.0000,0.0490,0.002159,4.357
441308,520,384,904,252,57,13,32.81,0.9909,0.5884,0.236544,38,35,13,101.62,0.5405,0.1500,0.016432,4.313
441312,520,401,921,255,15,96,12.71,1.0000,0.5821,0.224500,48,25,23,25.48,0.3913,0.1411,0.013856,4.299
441314,520,397,917,233,35,181,342.22,0.9465,0.5784,0.218647,41,18,60,306.60,0.6632,0.1367,0.012303,4.312
441324,520,417,937,230,33,186,339.99,0.9499,0.5745,0.214585,43,0,66,309.24,1.0000,0.1214,0.009070,4.479
441340,520,452,972,224,30,122,359.84,0.9288,0.5320,0.181837,6,7,44,273.14,0.8784,0.0672,0.003725,4.315
441350,520,453,973,157,60,251,301.66,0.9731,0.5251,0.173653,8,17,20,220.49,0.2998,0.0739,0.005030,4.064
441443,520,374,894,221,74,197,335.03,0.8432,0.5976,0.243031,37,39,15,113.04,0.5431,0.1607,0.018788,4.260
441444,520,380,900,230,48,213,332.54,0.9424,0.5990,0.237435,67,7,40,352.61,0.7973,0.1558,0.014986,4.423
441461,520,398,918,176,93,230,309.70,0.8146,0.5762,0.227727,2,17,97,264.79,0.9733,0.1425,0.012768,4.425
441468,520,417,937,251,20,24,28.27,0.9917,0.5650,0.210792,1,32,43,225.51,0.9333,0.1241,0.012138,4.197
441479,520,331,851,213,96,244,318.68,0.9259,0.6409,0.290451,4,51,73,235.16,0.8829,0.2022,0.028744,4.324
441482,520,414,934,196,70,218,321.34,0.8528,0.5659,0.211795,23,19,65,281.16,0.7302,0.1221,0.010295,4.342
441491,520,404,924,253,38,32,28.64,0.9924,0.5778,0.223769,14,27,63,266.11,0.6974,0.1312,0.012361,4.390
441501,520,436,956,194,40,231,318.44,0.9454,0.5458,0.187579,29,3,51,303.98,0.8808,0.0902,0.005654,4.269
441504,520,368,888,198,94,239,315.19,0.8823,0.6137,0.262444,30,43,31,146.73,0.3151,0.1700,0.021027,4.399
441520,520,378,898,219,92,152,353.40,0.7079,0.5960,0.249835,10,40,54,232.19,0.6756,0.1588,0.018484,4.378
441537,520,414,934,243,49,37,29.14,0.9602,0.5650,0.213883,44,6,59,314.08,0.8240,0.1240,0.009815,4.412
441551,520,377,897,253,8,168,349.98,0.9946,0.6013,0.238870,52,17,76,307.92,0.7595,0.1646,0.016528,4.342
441564,520,433,953,219,74,82,21.17,0.8108,0.5501,0.205693,4,27,31,210.36,0.7160,0.1042,0.009086,4.327
441622,520,436,956,168,82,229,308.13,0.8324,0.5486,0.200172,36,11,22,354.52,0.5363,0.0944,0.006724,4.410
441626,520,418,938,208,58,200,330.32,0.8657,0.5613,0.206080,40,4,66,305.33,0.8966,0.1217,0.009313,4.317
441640,520,469,989,175,77,184,324.22,0.7128,0.5204,0.178835,7,4,15,297.77,0.4950,0.0406,0.001665,4.429
441651,520,379,899,216,92,164,347.09,0.7099,0.5961,0.249356,0,34,82,257.73,1.0000,0.1598,0.017531,4.433
441669,520,319,839,212,135,105,41.98,0.5562,0.6471,0.323466,51,55,24,115.26,0.5416,0.2248,0.035021,4.393
441688,520,397,917,254,12,108,8.84,0.9929,0.5824,0.224202,6,18,96,266.41,0.9644,0.1446,0.013158,4.342
441705,520,351,871,243,99,70,33.18,0.9082,0.6258,0.284236,0,51,45,182.51,1.0000,0.1859,0.025570,4.423
441717,520,449,969,224,52,84,16.20,0.8873,0.5362,0.189461,27,6,5,26.15,0.6275,0.0661,0.003743,4.456
441734,520,422,942,184,65,244,311.43,0.9342,0.5618,0.205036,25,25,10,108.52,0.4454,0.1070,0.009239,4.305
441735,520,472,992,186,31,225,317.77,0.9534,0.5228,0.168566,2,0,24,276.32,1.0000,0.0298,0.000788,4.303
441745,520,345,865,212,94,228,322.74,0.8542,0.6266,0.276055,13,41,86,259.63,0.7924,0.1865,0.023432,4.440
441776,520,476,996,185,50,194,325.27,0.8469,0.5115,0.164919,0,1,12,262.93,1.0003,0.0216,0.000482,4.257
441791,520,480,1000,205,68,51,30.27,0.8538,0.5107,0.173546,0,0,0,0.00,0.0000,0.0000,0.000000,4.471
441795,520,411,931,228,53,147,353.09,0.8677,0.5651,0.211495,49,13,22,7.86,0.6285,0.1202,0.009988,4.359
441796,520,458,978,233,27,2,30.46,0.9981,0.5286,0.181150,19,0,39,302.08,1.0000,0.0610,0.002849,4.374
441800,520,382,902,234,33,220,331.68,0.9734,0.6019,0.237501,6,21,104,265.95,0.9642,0.1597,0.015744,4.373
441807,520,450,970,228,15,147,351.42,0.9733,0.5442,0.189450,22,5,29,315.29,0.6795,0.0670,0.003678,4.461
441811,520,258,778,235,143,151,14.51,0.6702,0.7067,0.395436,48,69,58,161.42,0.2862,0.2735,0.051900,4.371
441822,520,443,963,232,45,33,29.26,0.9580,0.5391,0.191454,28,5,37,315.23,0.7469,0.0806,0.004890,4.399
441825,520,380,900,230,58,202,335.67,0.9104,0.6001,0.241159,27,27,83,277.08,0.7529,0.1589,0.016414,4.384
441834,520,371,891,231,58,209,333.92,0.9210,0.6059,0.246210,9,20,114,266.81,0.9711,0.1724,0.017732,4.373
441843,520,244,764,240,137,215,336.72,0.8568,0.7264,0.413250,10,75,76,196.53,0.8841,0.2813,0.056182,4.363
441859,520,477,997,217,43,80,15.56,0.9011,0.5138,0.170612,1,1,7,277.79,0.7136,0.0203,0.000435,4.374
441877,520,301,821,235,117,183,347.30,0.7708,0.6721,0.338060,41,61,23,132.09,0.6975,0.2337,0.038707,4.375
441892,520,376,896,252,68,58,28.10,0.9836,0.6021,0.251388,19,40,41,199.58,0.4087,0.1565,0.018161,4.422
441900,520,401,921,211,58,217,326.38,0.9015,0.5772,0.218866,22,22,82,275.39,0.8360,0.1441,0.013535,4.232
441912,520,379,899,225,70,202,334.51,0.8725,0.6028,0.246544,66,14,45,348.01,0.7146,0.1636,0.016620,4.451
441923,520,413,933,224,24,203,333.69,0.9712,0.5696,0.208148,34,13,64,297.37,0.7684,0.1230,0.009981,4.304
441944,520,423,943,207,30,233,321.74,0.9705,0.5632,0.200789,53,6,1,33.00,0.9657,0.1136,0.008895,4.258
441946,520,415,935,235,45,135,358.30,0.9078,0.5675,0.212912,8,29,40,234.11,0.5946,0.1170,0.010835,4.322
441950,520,369,889,245,35,194,341.18,0.9671,0.6075,0.245127,22,6,117,272.52,0.9884,0.1675,0.015851,4.482
441959,520,453,973,204,77,81,21.66,0.7434,0.5264,0.187413,0,12,44,260.16,1.0000,0.0721,0.004448,4.360
441971,520,447,967,230,13,130,357.54,0.9781,0.5407,0.187255,22,15,5,77.64,0.4794,0.0773,0.005232,4.296
441982,520,465,985,107,101,231,280.74,0.8195,0.5151,0.182022,20,3,8,359.79,0.6234,0.0503,0.002314,4.435
441983,520,467,987,178,84,157,336.62,0.6203,0.5204,0.182411,11,4,13,319.89,0.4637,0.0437,0.001870,4.481
442008,520,400,920,238,6,185,341.86,0.9944,0.5805,0.218131,9,30,72,262.19,0.8215,0.1441,0.014544,4.154
442031,520,446,966,205,63,166,340.82,0.7902,0.5417,0.192893,30,7,33,322.97,0.6632,0.0842,0.005378,4.386
442068,520,445,965,221,17,165,344.01,0.9665,0.5398,0.184922,23,4,44,300.96,0.8276,0.0777,0.004509,4.310
442069,520,463,983,200,19,214,324.62,0.9735,0.5327,0.176019,16,5,5,20.46,0.4180,0.0487,0.002297,4.322
442086,520,402,922,255,10,80,17.11,1.0000,0.5776,0.220601,53,18,17,23.99,0.6094,0.1343,0.012301,4.343
442104,520,356,876,194,98,250,310.89,0.9478,0.6215,0.271078,4,48,51,201.90,0.8859,0.1801,0.023786,4.351
442116,520,465,985,172,68,213,314.76,0.8208,0.5238,0.177099,12,1,32,296.04,0.9165,0.0494,0.002042,4.364
442141,520,308,828,241,86,236,329.14,0.9423,0.6656,0.314150,44,48,97,277.19,0.5519,0.2337,0.035124,4.278
442147,520,423,943,211,66,180,337.65,0.8125,0.5627,0.210426,45,6,37,337.33,0.7467,0.1099,0.008218,4.473
442150,520,382,902,250,16,166,350.07,0.9873,0.5962,0.234512,13,41,55,233.29,0.6174,0.1637,0.019472,4.095
442153,520,388,908,227,2,230,327.65,0.9989,0.5875,0.220899,70,2,27,6.53,0.9300,0.1520,0.014249,4.216
442191,520,412,932,179,85,232,311.09,0.8455,0.5700,0.219078,6,35,3,141.14,0.9751,0.1228,0.012473,4.307
442227,520,385,905,190,79,252,310.66,0.9749,0.5923,0.235684,55,19,44,340.87,0.5864,0.1499,0.014599,4.422
442234,520,410,930,231,13,180,341.76,0.9841,0.5658,0.205748,44,25,7,62.05,0.6482,0.1314,0.012461,4.094
442266,520,469,989,209,46,145,348.85,0.8405,0.5227,0.175558,11,5,7,354.46,0.2680,0.0439,0.001950,4.342
442274,520,460,980,228,44,67,21.02,0.9330,0.5343,0.187035,6,5,41,275.30,0.8885,0.0605,0.003073,4.466
442275,520,353,873,248,34,201,339.89,0.9737,0.6163,0.253207,49,32,73,300.97,0.5454,0.1840,0.021671,4.231
442278,520,447,967,183,51,234,314.10,0.9209,0.5391,0.183766,5,20,14,166.65,0.5894,0.0778,0.005643,4.201
442288,520,463,983,209,68,96,12.71,0.7728,0.5273,0.185363,19,5,10,356.08,0.4778,0.0541,0.002689,4.467
442289,520,430,950,237,18,115,4.13,0.9756,0.5511,0.196781,20,21,34,280.39,0.2960,0.1003,0.008005,4.254
442291,520,455,975,220,34,143,351.61,0.9079,0.5346,0.183454,27,4,12,359.54,0.6569,0.0641,0.003464,4.367
442337,520,479,999,205,35,160,341.97,0.8824,0.5148,0.167213,1,0,0,29.23,1.0000,0.0090,0.000065,4.339
442353,520,379,899,253,21,165,351.06,0.9848,0.6030,0.241391,52,18,73,309.60,0.7346,0.1634,0.016438,4.386
442359,520,472,992,229,14,74,16.41,0.9843,0.5225,0.174695,3,3,2,107.35,0.1548,0.0277,0.000889,4.415
442372,520,405,925,213,8,250,319.68,0.9963,0.5796,0.212238,28,6,84,284.01,0.9446,0.1288,0.010172,4.358
442384,520,345,865,247,10,244,329.01,0.9973,0.6335,0.265258,70,28,43,359.56,0.5359,0.1914,0.023072,4.314
442386,520,369,889,227,65,214,331.51,0.9073,0.6082,0.249688,22,45,10,136.54,0.8864,0.1657,0.020692,4.239
442401,520,409,929,208,69,199,330.59,0.8315,0.5718,0.217915,35,26,35,326.25,0.2211,0.1294,0.012175,4.309
442403,520,170,690,243,183,170,32.48,0.6878,0.8033,0.558256,31,96,26,142.10,0.9576,0.3439,0.087313,4.430
442406,520,386,906,247,64,24,33.20,0.9774,0.5854,0.235104,12,21,98,268.35,0.9466,0.1546,0.014962,4.389
442437,520,375,895,255,4,162,352.10,1.0000,0.6019,0.239591,15,8,114,269.55,0.9877,0.1610,0.014900,4.462
442443,520,411,931,246,0,114,5.46,1.0000,0.5652,0.208112,39,14,45,319.52,0.6215,0.1162,0.009349,4.349
442446,520,342,862,228,83,224,328.92,0.8930,0.6346,0.280645,6,54,31,156.99,0.9472,0.1933,0.027759,4.252
442453,520,429,949,241,5,79,15.86,0.9958,0.5469,0.193772,29,16,39,308.82,0.4988,0.1021,0.007783,4.219
442455,520,431,951,208,88,52,37.16,0.8131,0.5452,0.206394,33,11,40,317.32,0.6316,0.0993,0.007159,4.486
442468,520,427,947,236,25,129,359.45,0.9598,0.5563,0.201162,39,11,27,347.43,0.5797,0.1014,0.007499,4.368
442500,520,441,961,232,45,68,21.12,0.9364,0.5434,0.194530,23,19,6,93.42,0.4956,0.0882,0.006611,4.319
442505,520,449,969,192,49,224,319.30,0.9143,0.5437,0.187863,27,11,2,55.67,0.7186,0.0747,0.004768,4.343
442515,520,370,890,227,70,210,332.67,0.8907,0.6107,0.253667,15,46,10,141.02,0.9360,0.1651,0.020774,4.291
442569,520,428,948,228,51,126,0.76,0.8721,0.5553,0.203708,43,4,22,356.32,0.7731,0.0959,0.006584,4.484
442592,520,448,968,189,56,223,318.40,0.8928,0.5442,0.189762,35,0,39,323.87,1.0000,0.0845,0.005039,4.356
442597,520,461,981,222,55,19,33.05,0.9719,0.5264,0.183117,3,7,31,268.14,0.8045,0.0538,0.002702,4.423
442603,520,363,883,240,34,219,333.35,0.9754,0.6123,0.247866,36,22,97,283.16,0.8370,0.1728,0.018119,4.373
442613,520,306,826,234,128,139,14.31,0.7029,0.6739,0.347972,22,65,10,139.85,0.9684,0.2333,0.039729,4.435
442623,520,466,986,206,3,181,335.28,0.9930,0.5169,0.165252,24,2,9,359.78,0.7417,0.0543,0.002574,4.094
442636,520,447,967,240,4,36,25.84,0.9979,0.5383,0.187429,27,11,6,39.95,0.4947,0.0757,0.004855,4.328
442646,520,374,894,226,10,251,322.64,0.9964,0.6025,0.233531,9,44,35,172.55,0.7796,0.1619,0.019807,4.062
442657,520,399,919,232,75,119,7.61,0.8173,0.5847,0.235227,6,31,60,254.27,0.7734,0.1352,0.013449,4.495
442667,520,374,894,230,79,153,353.76,0.7981,0.5978,0.247175,23,31,80,271.83,0.7181,0.1617,0.017412,4.408
442672,520,409,929,205,57,228,321.85,0.9152,0.5741,0.215085,16,36,11,139.64,0.8086,0.1327,0.013960,4.145
442682,520,420,940,197,42,239,317.37,0.9523,0.5582,0.197597,25,17,54,289.08,0.6492,0.1104,0.008739,4.215
442684,520,298,818,255,73,221,336.62,1.0000,0.6666,0.312487,5,64,28,150.70,0.9803,0.2268,0.037827,4.127
442692,520,416,936,194,63,241,315.28,0.9267,0.5722,0.213765,52,10,21,8.75,0.7102,0.1214,0.010014,4.395
442693,520,371,891,200,87,240,316.07,0.9002,0.6077,0.253883,2,48,17,149.37,0.9882,0.1679,0.021672,4.240
442713,520,433,953,244,28,36,27.12,0.9831,0.5541,0.201945,49,4,8,20.78,0.8799,0.1039,0.007574,4.376
442725,520,457,977,185,22,246,312.90,0.9821,0.5348,0.175431,11,9,27,286.26,0.5122,0.0619,0.003456,4.217
442735,520,359,879,221,72,242,322.47,0.9415,0.6232,0.264196,0,38,92,258.23,1.0000,0.1797,0.021588,4.389
442740,520,358,878,254,64,150,358.22,0.9881,0.6242,0.269431,14,50,23,148.88,0.8859,0.1805,0.024363,4.296
442745,520,475,995,205,61,108,5.13,0.7770,0.5151,0.174015,8,2,0,56.89,1.0000,0.0297,0.000950,4.397
442756,520,378,898,231,63,181,342.55,0.8743,0.5950,0.238827,16,41,48,218.49,0.5158,0.1612,0.019094,4.180
442768,520,456,976,194,89,70,31.95,0.6886,0.5254,0.190580,10,14,10,145.05,0.1879,0.0645,0.004005,4.455
442775,520,464,984,188,62,184,329.18,0.7906,0.5220,0.175987,11,6,19,301.61,0.4657,0.0511,0.002484,4.306
442781,520,326,846,254,67,198,342.82,0.9920,0.6475,0.291656,10,55,60,205.98,0.7866,0.2091,0.031230,4.206
442784,520,416,936,199,37,249,315.83,0.9728,0.5663,0.203062,47,11,45,330.03,0.6928,0.1248,0.010332,4.194
442792,520,297,817,230,118,217,331.77,0.8306,0.6820,0.347916,10,68,19,145.15,0.9777,0.2405,0.042456,4.304
442811,520,425,945,229,60,120,4.31,0.8494,0.5633,0.212486,10,28,30,204.92,0.4643,0.1100,0.009887,4.383
442818,520,413,933,251,25,68,20.57,0.9836,0.5714,0.216255,25,27,30,258.37,0.0757,0.1186,0.010843,4.376
442825,520,478,998,189,34,196,326.17,0.9092,0.5076,0.159499,3,0,12,296.66,1.0000,0.0224,0.000459,4.152
442854,520,313,833,213,110,236,320.04,0.8649,0.6561,0.313556,33,52,76,254.78,0.4245,0.2205,0.033010,4.380
442861,520,431,951,244,23,59,22.21,0.9839,0.5546,0.201651,6,6,74,268.95,0.9780,0.0992,0.006633,4.444
442867,520,381,901,254,63,17,33.40,0.9954,0.5980,0.246700,5,45,24,155.52,0.9418,0.1603,0.019749,4.254
442871,520,459,979,218,45,112,3.66,0.8686,0.5262,0.179546,0,17,7,158.96,1.0000,0.0637,0.004162,4.238
442903,520,421,941,239,50,45,27.81,0.9520,0.5584,0.208246,43,10,42,328.95,0.6857,0.1148,0.008979,4.379
442905,520,450,970,208,32,198,330.97,0.9364,0.5412,0.185221,15,7,33,294.12,0.6603,0.0656,0.003633,4.386
442920,520,373,893,235,89,73,29.21,0.8764,0.5977,0.252908,5,43,42,192.35,0.8409,0.1600,0.019271,4.373
442933,520,474,994,155,58,255,300.40,1.0000,0.5241,0.172151,7,2,7,327.13,0.4990,0.0317,0.001039,4.353
442938,520,434,954,202,5,234,320.43,0.9960,0.5479,0.186073,27,8,52,298.32,0.7825,0.0961,0.006546,4.175
442939,520,420,940,200,57,218,322.97,0.8915,0.5590,0.202692,47,11,25,359.43,0.6454,0.1146,0.009140,4.273
442952,520,472,992,204,61,137,351.99,0.7728,0.5241,0.179830,11,2,3,11.12,0.5497,0.0344,0.001211,4.488
442956,520,408,928,215,56,192,334.69,0.8710,0.5666,0.210833,53,14,23,9.35,0.6446,0.1295,0.011329,4.253
442994,520,366,886,236,96,90,25.41,0.8453,0.6125,0.269396,40,42,20,113.06,0.4593,0.1737,0.021576,4.462
443002,520,374,894,227,54,219,330.18,0.9345,0.6019,0.240860,6,11,114,266.27,0.9878,0.1600,0.014928,4.480
443015,520,267,787,225,143,194,342.42,0.6358,0.7083,0.395492,22,71,50,161.83,0.7885,0.2616,0.049071,4.497
443019,520,371,891,179,101,249,305.57,0.9246,0.6060,0.257312,35,43,31,135.29,0.2534,0.1744,0.021840,4.278
443020,520,384,904,233,68,143,357.07,0.8378,0.5868,0.234438,6,39,44,209.42,0.7619,0.1485,0.016715,4.263
443025,520,450,970,201,24,214,324.85,0.9646,0.5363,0.179275,8,9,36,276.40,0.7021,0.0657,0.003744,4.266
443026,520,308,828,212,139,143,15.98,0.4818,0.6651,0.344470,25,63,35,150.05,0.7657,0.2322,0.038829,4.441
443049,520,452,972,193,28,221,320.82,0.9586,0.5297,0.173899,33,1,18,350.68,0.8472,0.0707,0.003888,4.155
443056,520,479,999,200,67,104,7.30,0.7393,0.5117,0.172951,0,0,8,264.05,1.0000,0.0143,0.000175,4.443
443069,520,465,985,212,24,152,346.22,0.9305,0.5183,0.169196,14,4,9,346.07,0.4426,0.0454,0.001999,4.215
443085,520,392,912,247,47,131,2.07,0.9352,0.5908,0.234492,54,15,55,326.73,0.6901,0.1487,0.014019,4.444
443087,520,420,940,240,17,116,4.27,0.9793,0.5572,0.201904,13,20,58,270.86,0.7401,0.1099,0.008913,4.276
443089,520,458,978,211,61,107,6.67,0.7955,0.5261,0.182502,26,4,16,348.12,0.6502,0.0640,0.003439,4.351
443126,520,420,940,169,72,254,304.06,0.9912,0.5570,0.202261,1,4,84,264.88,0.9929,0.1068,0.007333,4.400
443137,520,449,969,159,83,225,305.58,0.8096,0.5352,0.189942,20,9,23,318.86,0.4445,0.0688,0.004060,4.438
443144,520,470,990,205,48,161,342.02,0.8357,0.5248,0.176683,20,1,0,33.69,1.0000,0.0426,0.001705,4.384
443146,520,398,918,175,93,235,308.14,0.8385,0.5785,0.229415,15,29,62,264.63,0.6530,0.1360,0.013280,4.416
443176,520,409,929,220,40,201,333.28,0.9337,0.5689,0.209525,20,0,94,275.69,1.0000,0.1274,0.009568,4.357
443208,520,473,993,187,36,217,319.92,0.9326,0.5210,0.168377,5,1,12,304.06,0.7521,0.0285,0.000805,4.298
443213,520,420,940,200,38,236,319.00,0.9574,0.5581,0.197233,17,7,74,277.21,0.9451,0.1078,0.007655,4.288
443214,520,312,832,245,79,231,331.53,0.9550,0.6615,0.307767,33,58,29,141.02,0.6328,0.2192,0.034381,4.240
443217,520,376,896,211,74,222,324.72,0.8754,0.5964,0.240221,9,41,42,198.07,0.6929,0.1551,0.018110,4.261
443234,520,477,997,139,82,232,296.56,0.8428,0.5146,0.173499,0,2,11,258.21,1.0000,0.0247,0.000676,4.410
443239,520,382,902,242,78,83,22.98,0.9088,0.5979,0.249537,39,36,36,17.44,0.0432,0.1604,0.018205,4.392
443248,520,448,968,224,15,152,348.87,0.9707,0.5386,0.184586,17,11,35,292.12,0.5712,0.0763,0.004799,4.281
443260,520,408,928,212,95,78,30.26,0.7255,0.5675,0.227337,28,27,40,287.78,0.2525,0.1265,0.011839,4.485
443264,520,375,895,233,94,40,39.65,0.9179,0.5975,0.254851,21,32,82,269.73,0.7445,0.1646,0.018016,4.482
443265,520,473,993,227,11,80,14.16,0.9861,0.5187,0.171523,7,0,13,313.25,1.0000,0.0283,0.000742,4.366
443297,520,386,906,242,10,192,340.82,0.9925,0.5926,0.229031,29,8,99,280.02,0.9583,0.1507,0.013357,4.404
443308,520,436,956,240,2,89,12.63,0.9980,0.5463,0.192933,44,4,0,34.20,1.0000,0.0919,0.006224,4.321
443317,520,456,976,233,25,6,30.03,0.9945,0.5278,0.180352,4,10,28,264.71,0.6385,0.0589,0.003267,4.324
443324,520,433,953,245,1,64,20.17,0.9994,0.5518,0.198079,22,5,68,284.59,0.9279,0.1025,0.006965,4.355
443331,520,469,989,218,53,29,31.41,0.9501,0.5170,0.175430,8,6,11,304.74,0.2352,0.0449,0.002060,4.330
443345,520,426,946,232,28,163,347.40,0.9523,0.5641,0.206335,4,29,20,166.56,0.8266,0.1059,0.009550,4.305
443357,520,444,964,197,46,213,323.67,0.9077,0.5414,0.186300,26,9,36,311.12,0.6310,0.0839,0.005424,4.264
443364,520,187,707,246,156,254,324.01,0.9931,0.7860,0.505273,57,88,0,129.29,1.0000,0.3304,0.078492,4.321
443372,520,373,893,231,88,105,16.46,0.7984,0.5957,0.249910,46,29,50,319.82,0.3857,0.1585,0.016899,4.483
443380,520,367,887,209,81,228,322.28,0.8711,0.6054,0.250432,55,34,3,72.56,0.8661,0.1693,0.019630,4.315
443405,520,352,872,234,68,209,334.78,0.9074,0.6199,0.262327,60,28,72,315.97,0.6034,0.1908,0.022591,4.303
443446,520,341,861,247,90,122,11.56,0.8981,0.6310,0.284948,32,54,11,132.62,0.8819,0.2024,0.029695,4.203
443447,520,368,888,229,86,166,349.07,0.7862,0.6102,0.260692,52,34,25,47.49,0.3385,0.1686,0.019444,4.474
443457,520,476,996,213,44,110,3.41,0.8599,0.5149,0.170757,2,0,6,302.89,1.0000,0.0170,0.000261,4.392
443458,520,439,959,229,43,125,0.61,0.8994,0.5508,0.198693,38,3,38,328.11,0.8044,0.0938,0.006172,4.427
443487,520,371,891,227,11,255,322.02,1.0000,0.6073,0.237925,8,47,37,172.05,0.8353,0.1722,0.022181,3.989
443493,520,480,1000,164,80,192,316.90,0.7087,0.5138,0.174364,0,0,0,0.00,0.0000,0.0000,0.000000,4.487
443498,520,452,972,175,76,199,319.33,0.7569,0.5287,0.184074,29,0,34,322.07,1.0000,0.0710,0.003767,4.353
443503,520,353,873,254,68,110,12.77,0.9892,0.6156,0.263344,7,52,14,145.45,0.9724,0.1831,0.025328,4.160
443507,520,454,974,153,100,181,313.08,0.5542,0.5265,0.192233,19,8,30,305.07,0.5830,0.0697,0.004059,4.481
443517,520,459,979,220,52,77,18.31,0.8859,0.5268,0.182101,31,0,13,356.44,1.0000,0.0632,0.003204,4.362
443520,520,466,986,128,99,213,292.09,0.7068,0.5170,0.183169,7,4,32,282.07,0.8050,0.0515,0.002363,4.453
443530,520,306,826,244,97,207,338.75,0.9161,0.6678,0.322902,6,67,9,143.31,0.9894,0.2349,0.040726,4.110
443535,520,471,991,229,5,72,16.68,0.9945,0.5199,0.172374,11,2,21,306.15,0.7535,0.0428,0.001687,4.302
443541,520,468,988,162,55,240,305.87,0.9232,0.5170,0.167056,5,4,21,282.66,0.6516,0.0419,0.001732,4.196
443578,520,459,979,218,43,113,3.07,0.8751,0.5250,0.178280,27,0,17,344.24,1.0000,0.0578,0.002735,4.329
443593,520,396,916,221,66,188,337.76,0.8496,0.5842,0.229017,60,7,41,346.46,0.7778,0.1420,0.012729,4.448
443617,520,397,917,241,61,72,22.91,0.9244,0.5757,0.225094,57,17,22,15.60,0.6346,0.1414,0.013288,4.347
443641,520,309,829,243,110,139,8.71,0.8177,0.6577,0.320734,50,54,24,115.42,0.5302,0.2207,0.033824,4.423
443649,520,432,952,208,56,179,336.89,0.8364,0.5470,0.194949,37,13,20,3.10,0.4949,0.0986,0.007317,4.274
443655,520,380,900,242,69,114,9.99,0.8888,0.5950,0.243515,21,16,106,272.70,0.9559,0.1624,0.015705,4.467
443665,520,355,875,231,83,196,338.36,0.8461,0.6239,0.271634,9,50,1,140.26,0.9957,0.1752,0.023414,4.381
443689,520,313,833,247,82,209,338.35,0.9460,0.6559,0.304151,6,57,63,207.10,0.8733,0.2159,0.033237,4.255
443700,520,362,882,208,90,213,326.00,0.8048,0.6061,0.255280,37,30,85,284.07,0.6813,0.1762,0.019777,4.375
443717,520,380,900,232,93,88,25.12,0.8261,0.6008,0.256918,27,40,27,144.66,0.3537,0.1570,0.018297,4.494
443723,520,422,942,243,2,126,1.10,0.9978,0.5633,0.206078,26,26,9,108.69,0.5031,0.1106,0.009781,4.284
443732,520,330,850,255,37,221,336.23,1.0000,0.6416,0.278069,59,43,52,344.05,0.2182,0.2101,0.029056,4.150
443743,520,428,948,185,69,237,313.10,0.8993,0.5621,0.206860,23,25,0,113.70,1.0000,0.1029,0.008774,4.370
443747,520,430,950,192,37,238,316.32,0.9574,0.5463,0.187040,5,27,19,166.93,0.7356,0.1000,0.008631,4.043
443749,520,430,950,244,3,10,28.73,0.9988,0.5452,0.193237,17,21,29,264.05,0.2201,0.0950,0.007442,4.234
443761,520,456,976,230,35,53,23.89,0.9616,0.5302,0.182851,18,5,18,327.25,0.5369,0.0559,0.002808,4.409
443775,520,351,871,250,57,184,345.79,0.9606,0.6254,0.267142,28,49,34,152.49,0.4475,0.1881,0.025589,4.196
443776,520,148,668,250,180,236,333.77,0.9522,0.8279,0.590243,68,95,29,128.79,0.8123,0.3631,0.095019,4.415
443777,520,422,942,210,44,213,327.35,0.9266,0.5619,0.203090,54,0,18,7.26,1.0000,0.1113,0.008281,4.343
443810,520,297,817,231,116,210,334.63,0.8180,0.6768,0.341349,64,57,15,99.72,0.7392,0.2443,0.040508,4.324
443812,520,381,901,240,85,39,36.31,0.9395,0.5973,0.251718,29,39,40,203.88,0.1658,0.1604,0.018654,4.395
443821,520,464,984,217,61,43,30.32,0.9106,0.5246,0.182662,13,6,1,71.06,0.6901,0.0463,0.002180,4.459
443823,520,420,940,238,46,74,19.89,0.9395,0.5574,0.206287,45,9,33,343.43,0.6789,0.1118,0.008632,4.371
443831,520,374,894,251,15,172,348.48,0.9891,0.6007,0.238329,8,42,43,197.89,0.7324,0.1584,0.018819,4.190
443842,520,334,854,255,27,228,334.47,1.0000,0.6417,0.276486,15,49,68,236.79,0.6642,0.1966,0.027154,4.232
443846,520,435,955,240,17,85,14.37,0.9837,0.5489,0.195854,20,11,43,292.17,0.6653,0.0853,0.005625,4.420
443848,520,301,821,241,124,83,39.69,0.8447,0.6651,0.337433,10,55,98,251.86,0.8284,0.2339,0.036785,4.464
443856,520,466,986,123,83,254,287.28,0.9907,0.5183,0.175530,18,2,13,339.34,0.6915,0.0470,0.002011,4.336
443860,520,326,846,244,76,226,332.62,0.9477,0.6540,0.298957,0,46,101,256.48,0.9999,0.2091,0.028934,4.421
443861,520,447,967,191,6,245,315.00,0.9958,0.5391,0.178005,22,15,23,322.17,0.2510,0.0830,0.005741,4.090
443884,520,445,965,182,25,251,310.93,0.9818,0.5357,0.176064,27,10,21,341.98,0.4524,0.0787,0.005043,4.107
443909,520,433,953,192,29,246,314.73,0.9752,0.5487,0.187403,9,9,70,271.23,0.9513,0.1004,0.006956,4.168
443911,520,452,972,230,43,43,27.12,0.9543,0.5344,0.187282,7,11,34,271.93,0.6438,0.0674,0.004000,4.394
443913,520,402,922,213,17,242,321.37,0.9899,0.5753,0.209597,25,3,90,280.10,0.9808,0.1299,0.010099,4.319
443939,520,399,919,214,27,246,320.63,0.9830,0.5834,0.217357,37,29,35,334.98,0.1645,0.1393,0.013934,4.182
443940,520,394,914,243,51,132,1.35,0.9126,0.5863,0.230915,58,19,6,38.86,0.7910,0.1433,0.013786,4.404
443941,520,452,972,225,48,69,20.76,0.9169,0.5317,0.185539,21,2,39,303.77,0.8734,0.0674,0.003493,4.403
443942,520,343,863,252,48,194,342.98,0.9792,0.6276,0.267077,84,5,30,10.44,0.9053,0.1872,0.020874,4.474
443956,520,479,999,177,77,167,331.52,0.6760,0.5135,0.174461,3,0,0,29.23,1.0000,0.0143,0.000194,4.472
443972,520,424,944,155,91,243,299.29,0.8827,0.5565,0.209221,21,18,61,280.59,0.7211,0.1146,0.009289,4.372
443986,520,372,892,254,31,177,347.92,0.9924,0.6140,0.252286,10,22,108,267.11,0.9601,0.1680,0.017209,4.498
444020,520,344,864,243,7,253,326.15,0.9983,0.6323,0.263012,48,43,34,82.25,0.1751,0.1894,0.024717,4.189
444022,520,351,871,250,94,5,41.44,0.9956,0.6263,0.283437,21,47,64,239.41,0.5246,0.1910,0.025625,4.409
444032,520,405,925,252,44,37,28.54,0.9881,0.5798,0.226341,1,20,84,263.59,0.9839,0.1309,0.011468,4.496
444060,520,391,911,240,77,91,19.87,0.8883,0.5946,0.245914,16,39,32,171.66,0.5135,0.1479,0.016654,4.440
444069,520,303,823,250,99,189,346.74,0.9400,0.6717,0.329247,37,57,70,237.67,0.3271,0.2344,0.037617,4.328
444071,520,465,985,151,64,248,299.91,0.9531,0.5190,0.170237,6,5,21,283.76,0.5833,0.0453,0.002014,4.234
444080,520,396,916,212,75,182,337.52,0.7891,0.5757,0.224086,25,38,1,126.86,0.9730,0.1440,0.015951,4.156
444087,520,456,976,234,9,57,21.40,0.9931,0.5289,0.179864,8,5,37,280.43,0.8203,0.0586,0.002937,4.342
444091,520,480,1000,222,7,92,9.28,0.9879,0.5102,0.164570,0,0,0,0.00,0.0000,0.0000,0.000000,4.291
444093,520,319,839,228,101,207,334.32,0.8220,0.6484,0.303085,35,52,69,249.09,0.3411,0.2178,0.032429,4.284
444094,520,426,946,213,73,144,352.68,0.7556,0.5571,0.209270,17,12,67,277.71,0.8757,0.1068,0.007873,4.480
444095,520,476,996,204,43,136,350.87,0.8369,0.5067,0.163448,0,3,2,174.96,1.0000,0.0237,0.000695,4.210
444098,520,338,858,229,67,255,321.69,1.0000,0.6399,0.278944,39,40,90,278.99,0.5995,0.2044,0.026870,4.279
444104,520,454,974,194,71,157,341.47,0.7238,0.5277,0.184118,2,14,40,260.12,0.8579,0.0745,0.004802,4.272
444126,520,354,874,245,96,26,41.03,0.9678,0.6208,0.278560,19,49,18,143.03,0.8662,0.1785,0.023787,4.453
444128,520,463,983,208,47,154,345.31,0.8399,0.5259,0.177781,9,3,30,289.33,0.8028,0.0495,0.002169,4.366
444132,520,427,947,213,24,222,326.02,0.9752,0.5628,0.200753,15,8,69,276.51,0.9307,0.1017,0.007049,4.395
444142,520,470,990,203,31,185,333.38,0.9193,0.5234,0.171812,9,5,10,320.54,0.2894,0.0430,0.001885,4.275
444153,520,434,954,241,12,103,8.57,0.9875,0.5541,0.199463,18,22,26,248.34,0.1365,0.0971,0.007770,4.318
444155,520,459,979,234,31,0,30.92,1.0000,0.5326,0.184756,3,4,47,269.35,0.9614,0.0619,0.003114,4.420
444190,520,465,985,226,30,25,28.70,0.9758,0.5162,0.171704,8,11,0,118.96,1.0000,0.0528,0.002910,4.190
444200,520,359,879,234,14,250,324.73,0.9954,0.6160,0.247111,60,10,88,309.05,0.8608,0.1803,0.018824,4.317
444202,520,471,991,193,59,173,334.54,0.7905,0.5205,0.174841,16,1,16,328.05,0.7863,0.0433,0.001693,4.350
444207,520,376,896,225,53,218,329.93,0.9325,0.5972,0.236180,52,18,69,312.35,0.7153,0.1601,0.015924,4.341
444215,520,294,814,209,140,179,344.89,0.4942,0.6757,0.355675,25,68,8,138.78,0.9750,0.2448,0.043583,4.335
444218,520,350,870,219,99,197,335.04,0.7606,0.6266,0.280169,20,52,38,162.81,0.6325,0.1941,0.027446,4.263
444220,520,425,945,235,54,105,10.17,0.8928,0.5649,0.213234,38,18,12,37.49,0.4666,0.1076,0.008713,4.483
444221,520,350,870,229,100,175,346.92,0.7626,0.6333,0.288698,15,50,42,175.54,0.6811,0.1866,0.025498,4.486
444229,520,412,932,219,66,163,345.95,0.8116,0.5681,0.216032,58,1,12,16.62,0.9686,0.1199,0.009480,4.473
444238,520,400,920,237,67,81,20.99,0.8927,0.5757,0.226160,52,24,21,27.22,0.4750,0.1449,0.014376,4.290
444250,520,441,961,190,54,220,319.54,0.8928,0.5418,0.187541,38,8,10,19.28,0.6694,0.0892,0.006077,4.236
444254,520,394,914,213,73,202,331.14,0.8370,0.5862,0.231774,7,31,66,258.16,0.7976,0.1405,0.014184,4.390
444284,520,324,844,253,91,155,359.42,0.9657,0.6531,0.307346,7,56,51,184.66,0.8763,0.2073,0.031124,4.405
444291,520,414,934,207,43,238,320.34,0.9552,0.5741,0.211679,41,21,5,58.04,0.6837,0.1173,0.010188,4.348
444327,520,454,974,167,98,154,334.18,0.4976,0.5270,0.192848,21,13,3,76.38,0.5957,0.0711,0.004539,4.453
444331,520,477,997,105,91,252,280.37,0.9757,0.5131,0.175132,4,1,3,337.70,0.4942,0.0226,0.000541,4.454
444335,520,399,919,208,40,246,318.85,0.9668,0.5800,0.215830,31,33,25,118.93,0.1755,0.1394,0.014492,4.122
444342,520,316,836,246,64,246,328.07,0.9717,0.6586,0.299162,43,37,109,280.88,0.7394,0.2190,0.029408,4.397
444371,520,454,974,224,48,77,18.04,0.9060,0.5313,0.184998,30,6,12,6.40,0.6103,0.0728,0.004329,4.325
444395,520,409,929,204,3,254,316.57,0.9985,0.5671,0.200598,2,12,95,265.10,0.9820,0.1327,0.011020,4.107
444425,520,424,944,196,75,192,329.05,0.7738,0.5553,0.205752,10,24,54,263.34,0.6887,0.1141,0.009841,4.274
444434,520,354,874,237,95,104,19.43,0.8288,0.6158,0.271913,42,44,13,112.51,0.6576,0.1806,0.023227,4.396
444444,520,471,991,201,63,143,348.83,0.7606,0.5236,0.179576,14,0,10,337.18,1.0000,0.0353,0.001153,4.488
444445,520,407,927,233,74,17,36.85,0.9768,0.5689,0.222646,13,36,11,142.13,0.8607,0.1309,0.013714,4.279
444451,520,431,951,228,17,165,345.65,0.9724,0.5533,0.196142,43,6,31,343.36,0.7273,0.1030,0.007428,4.286
444461,520,470,990,219,1,144,350.18,0.9975,0.5217,0.170979,14,3,8,348.18,0.5202,0.0425,0.001760,4.269
444462,520,473,993,207,46,154,345.00,0.8412,0.5233,0.175546,4,0,16,295.55,1.0000,0.0263,0.000632,4.455
444475,520,325,845,251,40,247,329.14,0.9868,0.6521,0.287452,85,19,57,349.52,0.7309,0.2129,0.026927,4.387
444480,520,319,839,254,37,245,330.27,0.9965,0.6545,0.289896,100,10,17,24.31,0.9409,0.2246,0.029674,4.266
444485,520,407,927,167,108,196,313.78,0.5947,0.5682,0.229267,17,36,5,135.15,0.9130,0.1323,0.013918,4.369
444490,520,421,941,240,54,38,29.72,0.9540,0.5631,0.213068,8,30,24,173.00,0.6177,0.1126,0.010461,4.351
444509,520,383,903,236,58,176,345.19,0.8947,0.5970,0.239964,7,41,33,174.07,0.8043,0.1505,0.017408,4.302
444517,520,467,987,233,11,20,28.11,0.9942,0.5236,0.176167,15,1,2,16.84,0.7923,0.0362,0.001277,4.411
444532,520,474,994,209,40,140,350.39,0.8607,0.5159,0.169686,9,0,16,313.22,1.0000,0.0324,0.000955,4.311
444537,520,435,955,234,24,113,4.57,0.9615,0.5464,0.193410,38,9,14,12.45,0.6187,0.0919,0.006392,4.316
444546,520,416,936,241,19,133,358.82,0.9760,0.5657,0.208632,39,23,9,60.67,0.5380,0.1195,0.010639,4.265
444549,520,424,944,197,64,216,322.41,0.8653,0.5597,0.204965,50,4,29,352.17,0.7965,0.1126,0.008538,4.356
444560,520,208,728,245,168,115,54.85,0.7918,0.7615,0.486577,11,87,55,158.98,0.9590,0.3134,0.071631,4.412
444566,520,448,968,190,20,239,315.88,0.9821,0.5360,0.176808,17,13,38,287.71,0.5661,0.0822,0.005470,4.089
444574,520,472,992,153,62,246,301.13,0.9437,0.5175,0.168718,1,3,17,266.16,0.8235,0.0325,0.001120,4.278
444582,520,441,961,222,61,65,24.22,0.8850,0.5374,0.192514,11,3,64,275.44,0.9733,0.0853,0.005064,4.404
444587,520,428,948,242,40,20,30.25,0.9825,0.5555,0.204487,46,4,26,352.90,0.7834,0.1034,0.007424,4.432
444601,520,476,996,179,42,210,319.13,0.8998,0.5066,0.158940,3,2,0,94.54,1.0000,0.0233,0.000628,4.127
444610,520,319,839,255,76,191,345.61,1.0000,0.6544,0.301937,23,58,40,158.85,0.6595,0.2160,0.033614,4.209
444634,520,362,882,237,88,105,16.99,0.8377,0.6063,0.260068,66,26,30,15.83,0.5489,0.1760,0.019909,4.435
444638,520,362,882,242,92,37,38.57,0.9441,0.6104,0.266682,20,43,62,245.37,0.5181,0.1775,0.022242,4.384
444645,520,354,874,237,45,231,329.64,0.9675,0.6205,0.256534,14,43,67,246.65,0.6566,0.1777,0.022263,4.242
444647,520,348,868,250,23,230,332.89,0.9912,0.6328,0.266531,2,51,51,194.82,0.9515,0.1892,0.026194,4.154
444675,520,391,911,232,37,208,334.33,0.9592,0.5929,0.230356,26,40,13,131.78,0.6819,0.1530,0.017662,4.143
444676,520,448,968,226,44,106,7.26,0.8963,0.5394,0.190135,8,6,54,274.10,0.9296,0.0769,0.004482,4.408
444680,520,410,930,234,18,179,342.79,0.9784,0.5723,0.211826,48,14,40,337.73,0.6244,0.1278,0.010957,4.295
444681,520,453,973,226,31,111,4.30,0.9326,0.5328,0.182992,11,1,56,278.70,0.9851,0.0724,0.003784,4.332
444691,520,349,869,184,113,242,307.46,0.8460,0.6269,0.284121,26,49,35,156.25,0.4738,0.1870,0.025375,4.433
444693,520,477,997,192,32,190,328.79,0.9100,0.5075,0.159588,8,0,2,359.68,1.0000,0.0239,0.000560,4.145
444696,520,256,776,248,117,240,329.81,0.9673,0.7182,0.389727,73,59,65,350.58,0.1489,0.2739,0.049261,4.430
444717,520,473,993,221,24,114,1.86,0.9438,0.5202,0.172430,2,0,29,273.54,1.0000,0.0341,0.001016,4.360
444723,520,459,979,215,10,170,340.92,0.9789,0.5291,0.175688,12,2,45,284.92,0.9352,0.0633,0.003110,4.249
444726,520,384,904,217,20,247,321.24,0.9896,0.5867,0.219694,13,5,109,269.26,0.9919,0.1498,0.012981,4.282
444727,520,465,985,226,35,70,18.87,0.9469,0.5246,0.178159,5,4,36,275.78,0.8840,0.0531,0.002465,4.349
444730,520,425,945,245,21,90,13.60,0.9808,0.5617,0.206905,54,0,22,2.33,1.0000,0.1126,0.008423,4.397
444731,520,478,998,200,70,80,19.56,0.7572,0.5092,0.172409,2,0,7,299.60,1.0000,0.0177,0.000282,4.423
444736,520,404,924,245,54,81,19.36,0.9403,0.5790,0.226483,47,17,41,335.58,0.5666,0.1314,0.011654,4.484
444738,520,375,895,237,9,227,330.69,0.9957,0.6044,0.237487,11,38,65,251.21,0.6949,0.1606,0.018389,4.204
444740,520,425,945,235,0,164,347.33,1.0000,0.5627,0.203455,27,24,6,100.27,0.5981,0.1057,0.008994,4.296
444758,520,405,925,247,25,124,3.09,0.9721,0.5767,0.219281,46,17,47,326.17,0.5968,0.1333,0.011870,4.352
444765,520,417,937,214,14,232,323.94,0.9901,0.5687,0.204384,49,16,22,11.15,0.5709,0.1250,0.010816,4.183
444768,520,449,969,220,62,83,17.99,0.8485,0.5380,0.192880,18,7,38,295.67,0.7108,0.0724,0.004205,4.481
444769,520,209,729,231,173,140,50.80,0.5724,0.7598,0.487711,21,87,31,145.54,0.9615,0.3107,0.070745,4.453
444779,520,462,982,212,56,130,356.34,0.8093,0.5309,0.184394,10,8,2,97.09,0.5286,0.0484,0.002426,4.471
444782,520,372,892,219,54,245,321.67,0.9586,0.6063,0.242929,39,31,69,290.75,0.5326,0.1669,0.018410,4.282
444812,520,222,742,255,135,228,336.30,1.0000,0.7498,0.441919,31,74,97,234.81,0.5990,0.2964,0.060517,4.451
444813,520,441,961,134,95,243,290.81,0.8798,0.5396,0.197237,17,22,22,196.54,0.1146,0.0946,0.007509,4.299
444818,520,464,984,224,26,81,14.29,0.9571,0.5179,0.171830,4,12,7,158.66,0.4641,0.0539,0.003041,4.182
444835,520,279,799,250,92,242,329.87,0.9795,0.6899,0.343918,26,66,50,164.69,0.6492,0.2470,0.043462,4.215
444837,520,417,937,199,36,249,315.85,0.9730,0.5657,0.202449,54,7,27,359.40,0.7603,0.1237,0.010155,4.197
444839,520,348,868,249,56,195,342.23,0.9590,0.6282,0.269114,73,6,81,323.02,0.8690,0.1933,0.021410,4.469
444844,520,443,963,190,32,240,315.42,0.9664,0.5420,0.182727,2,20,34,242.31,0.7817,0.0849,0.006287,4.135
444860,520,381,901,237,62,172,346.95,0.8840,0.6004,0.244312,34,37,35,156.81,0.0583,0.1573,0.017846,4.338
444874,520,313,833,214,113,240,319.08,0.8844,0.6645,0.323991,21,62,3,138.40,0.9891,0.2219,0.036111,4.343
444885,520,390,910,243,59,130,2.85,0.9003,0.5922,0.237975,54,13,62,320.64,0.7450,0.1511,0.014200,4.486
444896,520,307,827,223,140,69,58.63,0.7613,0.6668,0.348758,13,65,11,142.50,0.9742,0.2300,0.038902,4.485
444898,520,397,917,135,118,232,287.55,0.7582,0.5756,0.239337,17,37,7,136.61,0.8887,0.1359,0.014576,4.481
444903,520,452,972,206,49,167,340.22,0.8404,0.5306,0.181105,32,6,4,29.31,0.7357,0.0739,0.004461,4.243
444904,520,433,953,213,20,210,329.08,0.9751,0.5530,0.193017,22,20,33,290.92,0.2944,0.0993,0.007807,4.204
444908,520,316,836,164,140,248,292.19,0.8419,0.6595,0.334259,30,61,0,133.90,1.0000,0.2231,0.036134,4.461
444925,520,475,995,194,29,205,325.20,0.9403,0.5199,0.167574,7,2,2,20.55,0.4264,0.0295,0.000930,4.272
444946,520,429,949,243,29,39,26.69,0.9813,0.5527,0.200833,30,13,41,310.25,0.5931,0.0991,0.007240,4.382
444950,520,464,984,219,36,104,6.07,0.9063,0.5193,0.173239,8,7,26,282.77,0.5818,0.0547,0.002782,4.229
444952,520,425,945,236,60,35,31.31,0.9528,0.5604,0.211891,23,26,22,137.84,0.1129,0.1109,0.009789,4.380
444957,520,387,907,216,72,207,330.50,0.8570,0.5929,0.237406,59,18,17,24.42,0.6718,0.1456,0.014030,4.489
444960,520,454,974,233,3,60,20.35,0.9975,0.5259,0.177181,14,5,45,285.83,0.8442,0.0708,0.003914,4.214
444964,520,352,872,231,84,183,342.93,0.8221,0.6187,0.267509,37,49,22,128.66,0.5469,0.1923,0.026478,4.152
445010,520,412,932,249,9,89,13.91,0.9936,0.5667,0.210600,17,29,28,189.47,0.2674,0.1165,0.010817,4.285
445017,520,426,946,232,56,116,5.85,0.8724,0.5640,0.212480,19,25,40,267.09,0.3459,0.1130,0.009869,4.384
445024,520,396,916,246,56,68,23.45,0.9521,0.5804,0.228420,48,27,4,65.40,0.7809,0.1418,0.014211,4.336
445039,520,417,937,222,25,202,333.47,0.9676,0.5657,0.204915,13,1,89,271.89,0.9968,0.1166,0.008285,4.374
445064,520,318,838,242,92,215,335.48,0.9195,0.6625,0.314404,34,60,11,133.49,0.9146,0.2235,0.035959,4.239
445065,520,441,961,134,103,225,291.89,0.7540,0.5399,0.202050,11,7,66,273.95,0.9462,0.0940,0.006164,4.488
445091,520,388,908,236,38,190,340.31,0.9500,0.5903,0.229396,43,30,36,349.48,0.2176,0.1499,0.015696,4.253
445097,520,373,893,239,10,213,334.59,0.9941,0.5993,0.233747,45,36,1,94.45,0.9560,0.1598,0.018219,4.159
445108,520,393,913,224,76,158,349.98,0.7901,0.5858,0.234872,19,36,20,145.63,0.5296,0.1366,0.014507,4.416
445116,520,430,950,199,50,214,323.90,0.9009,0.5486,0.192800,10,20,42,264.13,0.5748,0.0952,0.007320,4.236
445120,520,465,985,157,54,255,301.32,1.0000,0.5229,0.170269,1,12,8,172.74,0.8400,0.0516,0.002869,4.166
445148,520,433,953,217,73,118,5.12,0.7660,0.5547,0.208272,1,23,45,249.38,0.8978,0.0996,0.008087,4.446
445156,520,442,962,211,23,198,331.77,0.9611,0.5425,0.185410,14,18,23,254.14,0.1751,0.0822,0.005878,4.213
445158,520,358,878,242,66,182,345.01,0.9039,0.6177,0.261540,36,46,13,124.01,0.7023,0.1805,0.023581,4.234
445159,520,419,939,240,27,126,1.30,0.9608,0.5641,0.208187,13,13,68,273.59,0.9000,0.1066,0.007907,4.459
445163,520,444,964,228,43,110,6.00,0.9020,0.5439,0.193504,9,3,61,274.35,0.9733,0.0803,0.004601,4.460
445164,520,344,864,233,44,255,323.13,1.0000,0.6296,0.263473,23,48,44,182.52,0.4435,0.1852,0.024778,4.192
445173,520,400,920,248,20,118,5.02,0.9804,0.5751,0.217683,3,40,5,143.85,0.9849,0.1387,0.015478,4.088
445188,520,447,967,239,6,32,26.50,0.9969,0.5363,0.185886,14,18,27,265.90,0.2621,0.0840,0.006051,4.208
445192,520,438,958,236,6,121,1.59,0.9917,0.5481,0.193467,11,22,28,233.09,0.3404,0.0927,0.007288,4.250
445193,520,306,826,253,103,144,6.15,0.9573,0.6653,0.326000,13,59,80,232.94,0.7663,0.2338,0.037925,4.276
445206,520,438,958,239,2,115,4.03,0.9975,0.5514,0.196352,41,6,14,10.36,0.7265,0.0926,0.006334,4.373
445237,520,448,968,189,39,235,316.09,0.9495,0.5403,0.182693,3,17,40,257.64,0.7786,0.0821,0.005734,4.175
445248,520,389,909,234,4,208,334.72,0.9970,0.5859,0.221360,21,39,26,152.15,0.4595,0.1491,0.016850,4.059
445250,520,13,533,255,254,193,106.96,1.0000,0.9805,0.959943,58,131,62,144.61,0.8690,0.4741,0.174794,4.493
445255,520,431,951,220,23,186,337.46,0.9610,0.5516,0.193760,35,3,57,306.57,0.8946,0.1043,0.007179,4.263
445259,520,272,792,206,146,211,324.01,0.5781,0.6977,0.383837,3,75,4,142.74,0.9962,0.2620,0.050601,4.312
445277,520,428,948,251,16,1,29.72,0.9994,0.5630,0.208857,8,27,27,195.39,0.5204,0.1047,0.009146,4.377
445286,520,472,992,180,62,203,320.63,0.8213,0.5217,0.174615,6,2,8,316.91,0.5139,0.0310,0.000997,4.405
445288,520,454,974,223,54,21,32.59,0.9693,0.5276,0.183832,19,12,0,87.51,1.0000,0.0658,0.004014,4.329
445293,520,431,951,240,27,72,18.80,0.9739,0.5500,0.197803,44,7,14,13.17,0.7300,0.0998,0.007192,4.333
445298,520,469,989,147,70,247,298.17,0.9421,0.5203,0.172990,7,5,14,295.39,0.3949,0.0427,0.001854,4.300
445311,520,479,999,220,22,81,13.51,0.9617,0.5077,0.163862,0,0,1,264.05,1.0000,0.0060,0.000022,4.275
445315,520,402,922,225,28,211,331.82,0.9697,0.5780,0.215436,7,35,25,166.29,0.7650,0.1282,0.013174,4.202
445317,520,399,919,201,63,243,316.88,0.9383,0.5843,0.224450,50,20,30,0.46,0.4941,0.1366,0.012723,4.376
445318,520,475,995,202,10,193,330.79,0.9805,0.5189,0.166258,4,5,1,118.05,0.5965,0.0345,0.001365,4.210
445326,520,466,986,185,77,164,335.77,0.6866,0.5246,0.183038,21,1,7,359.47,0.7976,0.0467,0.001965,4.485
445336,520,419,939,242,40,27,29.47,0.9742,0.5558,0.204773,26,14,57,290.88,0.7239,0.1087,0.008291,4.371
445367,520,463,983,197,33,210,324.67,0.9377,0.5308,0.176128,9,8,10,308.73,0.0887,0.0501,0.002537,4.304
445374,520,311,831,254,112,68,37.60,0.9890,0.6642,0.330798,26,60,10,137.63,0.9507,0.2183,0.034731,4.494
445384,520,464,984,219,32,112,2.71,0.9155,0.5195,0.172655,0,10,22,244.02,1.0000,0.0518,0.002750,4.221
445401,520,360,880,218,77,232,324.01,0.9015,0.6172,0.260413,15,44,63,240.47,0.6232,0.1785,0.022617,4.275
445402,520,465,985,131,87,245,290.71,0.9105,0.5247,0.182341,0,6,29,260.04,1.0000,0.0473,0.002189,4.452
445403,520,448,968,232,29,97,10.10,0.9528,0.5399,0.189006,25,9,33,313.14,0.5974,0.0806,0.005119,4.336
445409,520,424,944,233,58,90,15.94,0.8893,0.5608,0.210909,21,15,58,283.41,0.7382,0.1062,0.008065,4.493
445418,520,362,882,226,37,255,321.53,1.0000,0.6144,0.247140,38,47,6,121.24,0.8568,0.1847,0.024582,3.984
445421,520,475,995,209,59,103,7.72,0.7995,0.5189,0.176648,5,1,20,291.52,0.8600,0.0333,0.001045,4.440
445440,520,357,877,242,13,238,329.25,0.9955,0.6213,0.253409,79,4,35,3.59,0.8913,0.1767,0.018707,4.416
445448,520,425,945,239,52,13,32.48,0.9878,0.5579,0.208390,10,22,59,266.59,0.7677,0.1136,0.009541,4.340
445449,520,316,836,222,108,227,325.83,0.8468,0.6605,0.318026,22,61,2,137.70,0.9920,0.2189,0.035123,4.323
445455,520,460,980,214,50,139,352.65,0.8366,0.5328,0.184438,18,7,11,355.69,0.3521,0.0574,0.003047,4.419
445470,520,441,961,223,18,150,349.37,0.9624,0.5366,0.183252,32,14,21,355.80,0.3989,0.0931,0.006753,4.110
445479,520,399,919,205,38,254,316.35,0.9952,0.5804,0.215227,62,13,15,22.50,0.7788,0.1438,0.013466,4.179
445517,520,373,893,182,96,242,308.74,0.8789,0.5971,0.247224,51,20,67,312.28,0.6783,0.1600,0.016094,4.497
445548,520,460,980,179,45,234,313.13,0.9319,0.5281,0.174020,19,0,32,309.62,1.0000,0.0551,0.002427,4.273
445553,520,455,975,234,14,49,23.48,0.9902,0.5291,0.180314,14,6,30,295.99,0.6571,0.0605,0.003174,4.331
445560,520,475,995,171,42,236,310.32,0.9384,0.5155,0.163709,13,1,0,37.12,1.0000,0.0327,0.001073,4.184
445565,520,374,894,250,16,173,347.99,0.9880,0.5995,0.237151,29,37,46,251.61,0.2108,0.1575,0.017816,4.234
445576,520,361,881,231,34,251,323.65,0.9858,0.6183,0.251003,39,8,116,282.58,0.9651,0.1825,0.018659,4.384
445593,520,347,867,234,103,118,15.50,0.7742,0.6262,0.285036,21,53,8,138.27,0.9535,0.1917,0.027231,4.338
445603,520,367,887,236,66,178,344.91,0.8771,0.6052,0.249464,52,26,63,314.97,0.5646,0.1690,0.018278,4.386
445611,520,358,878,252,1,215,336.94,0.9996,0.6227,0.256267,0,43,78,248.92,1.0000,0.1808,0.022777,4.208
445618,520,478,998,203,46,147,346.54,0.8281,0.5124,0.167591,4,1,4,327.25,0.5374,0.0231,0.000563,4.303
445620,520,454,974,212,70,58,28.55,0.8502,0.5276,0.186852,21,9,24,319.43,0.4658,0.0705,0.004208,4.369
445649,520,435,955,227,63,67,24.20,0.8897,0.5496,0.202940,30,16,20,1.03,0.3058,0.0940,0.006971,4.440
445672,520,428,948,225,35,166,345.01,0.9245,0.5556,0.199654,11,6,74,272.58,0.9685,0.1022,0.006958,4.383
445674,520,456,976,231,36,29,28.77,0.9701,0.5305,0.183424,20,7,5,32.41,0.4467,0.0581,0.003117,4.395
445680,520,480,1000,216,37,73,17.16,0.9242,0.5058,0.164057,0,0,0,0.00,0.0000,0.0000,0.000000,4.281
445682,520,473,993,148,75,237,299.87,0.8806,0.5194,0.174428,3,2,9,290.63,0.5403,0.0278,0.000825,4.416
445702,520,478,998,202,28,164,339.68,0.9074,0.5074,0.160694,2,0,12,289.00,1.0000,0.0208,0.000394,4.181
445718,520,422,942,220,71,113,7.46,0.7863,0.5561,0.209168,6,4,85,268.06,0.9903,0.1110,0.007814,4.483
445725,520,339,859,200,107,244,313.58,0.8951,0.6389,0.293275,11,54,35,160.13,0.8731,0.1960,0.028307,4.384
445737,520,175,695,193,192,247,285.43,0.7534,0.7991,0.557518,55,92,31,135.04,0.8454,0.3442,0.085652,4.478
445753,520,460,980,147,87,231,299.12,0.8239,0.5311,0.187892,1,17,8,160.09,0.9326,0.0648,0.004249,4.385
445762,520,469,989,199,62,139,349.90,0.7575,0.5171,0.174533,18,0,14,336.01,1.0000,0.0425,0.001603,4.351
445765,520,456,976,180,62,214,317.59,0.8481,0.5296,0.180047,12,8,21,297.31,0.4172,0.0574,0.003060,4.336
445769,520,479,999,169,69,205,315.80,0.7937,0.5147,0.170999,1,0,3,302.89,1.0000,0.0124,0.000130,4.408
445780,520,374,894,234,27,225,330.45,0.9819,0.6026,0.237151,6,5,121,266.10,0.9954,0.1644,0.015276,4.399
445786,520,380,900,247,31,169,348.86,0.9664,0.5970,0.236220,56,10,73,314.73,0.8145,0.1601,0.015390,4.377
445789,520,432,952,187,77,196,324.61,0.7608,0.5462,0.198594,10,26,21,171.58,0.4603,0.1005,0.008574,4.244
445793,520,440,960,238,18,113,4.98,0.9766,0.5525,0.198052,7,22,27,221.50,0.4775,0.0897,0.006981,4.353
445802,520,475,995,212,11,156,344.65,0.9714,0.5160,0.166390,1,5,1,143.60,0.8737,0.0311,0.001172,4.229
445804,520,410,930,238,14,169,346.61,0.9843,0.5738,0.213588,58,14,2,37.76,0.9200,0.1348,0.012182,4.239
445814,520,396,916,226,68,165,347.13,0.8280,0.5835,0.230221,15,27,71,268.01,0.7646,0.1389,0.013403,4.420
445827,520,438,958,247,6,0,29.43,1.0000,0.5521,0.199080,3,19,41,255.12,0.7733,0.0877,0.006452,4.412
445845,520,407,927,249,26,84,16.11,0.9785,0.5706,0.215222,6,1,98,267.17,0.9984,0.1258,0.009422,4.463
445853,520,473,993,172,35,248,308.33,0.9673,0.5230,0.167509,9,2,6,341.63,0.5156,0.0335,0.001146,4.253
445856,520,340,860,251,63,203,340.55,0.9729,0.6414,0.283792,10,46,88,255.12,0.8125,0.2007,0.027230,4.322
445866,520,478,998,192,83,27,43.63,0.8778,0.5065,0.174739,5,0,8,317.19,1.0000,0.0230,0.000498,4.450
445868,520,376,896,252,49,122,6.13,0.9727,0.5991,0.243008,4,43,33,171.59,0.9105,0.1559,0.018633,4.269
445874,520,288,808,238,116,194,343.20,0.8203,0.6797,0.345653,31,63,46,159.05,0.5414,0.2387,0.040435,4.375
445889,520,344,864,225,69,250,321.73,0.9767,0.6320,0.271679,54,26,84,302.73,0.6943,0.1881,0.021632,4.491
445907,520,441,961,224,34,141,353.21,0.9158,0.5416,0.189171,21,16,27,305.01,0.2884,0.0859,0.006091,4.264
445915,520,368,888,251,57,152,356.39,0.9604,0.6135,0.257059,32,39,62,270.45,0.3703,0.1748,0.021059,4.321
445918,520,319,839,236,66,249,324.88,0.9770,0.6460,0.285712,23,55,70,230.91,0.5533,0.2197,0.033566,4.017
445929,520,408,928,239,18,149,353.16,0.9767,0.5677,0.209564,30,21,56,292.28,0.5857,0.1254,0.010979,4.257
445944,520,347,867,249,19,236,331.26,0.9937,0.6337,0.266646,65,36,12,57.33,0.6811,0.1911,0.024123,4.272
445954,520,273,793,204,141,234,314.27,0.7548,0.6970,0.378285,13,64,103,246.88,0.8057,0.2643,0.047314,4.401
445961,520,465,985,221,12,128,356.36,0.9736,0.5214,0.171963,15,1,22,315.02,0.8320,0.0454,0.001812,4.284
445979,520,296,816,196,133,249,307.70,0.8938,0.6811,0.353511,29,64,30,144.35,0.7869,0.2365,0.040216,4.473
445985,520,257,777,236,139,180,353.75,0.7075,0.7102,0.395955,55,68,26,123.97,0.6507,0.2684,0.050210,4.450
445989,520,336,856,234,93,202,337.54,0.8549,0.6443,0.295878,2,42,106,259.94,0.9757,0.2044,0.027093,4.487
446023,520,445,965,218,59,118,2.96,0.8181,0.5408,0.193438,14,14,37,280.64,0.5444,0.0809,0.005410,4.393
446029,520,400,920,217,36,226,325.96,0.9619,0.5779,0.215065,0,20,88,263.29,1.0006,0.1353,0.012048,4.272
446047,520,364,884,195,100,231,315.77,0.8254,0.6131,0.264871,12,40,70,252.68,0.7060,0.1704,0.020378,4.474
446052,520,429,949,125,108,232,285.98,0.7880,0.5460,0.209110,7,19,58,266.22,0.8397,0.1043,0.008164,4.455
446058,520,312,832,249,117,34,47.05,0.9576,0.6609,0.329809,35,59,1,130.62,0.9911,0.2200,0.034874,4.475
446074,520,430,950,201,76,168,339.48,0.7351,0.5514,0.204153,6,22,49,259.70,0.7334,0.1030,0.008342,4.356
446093,520,392,912,240,72,81,22.20,0.9040,0.5869,0.237572,59,19,34,359.40,0.5949,0.1524,0.015112,4.417
446094,520,409,929,178,80,239,309.54,0.8877,0.5670,0.214351,35,13,67,296.78,0.7831,0.1271,0.010504,4.369
446095,520,451,971,197,19,228,320.36,0.9799,0.5382,0.179391,22,11,20,333.34,0.3455,0.0735,0.004604,4.201
446100,520,446,966,164,71,247,303.88,0.9406,0.5433,0.191149,30,4,28,330.93,0.7243,0.0760,0.004467,4.427
446103,520,435,955,230,23,147,352.05,0.9576,0.5508,0.195452,14,0,72,276.52,1.0000,0.0929,0.005612,4.414
446110,520,330,850,222,99,206,332.76,0.7961,0.6359,0.289115,23,56,31,149.64,0.7296,0.2069,0.031093,4.182
446117,520,446,966,164,87,208,311.40,0.7313,0.5355,0.192636,15,11,46,282.54,0.7236,0.0830,0.005381,4.381
446125,520,474,994,204,75,12,40.60,0.9652,0.5152,0.178982,2,2,17,276.15,0.7993,0.0308,0.000968,4.493
446134,520,322,842,234,125,8,56.37,0.9864,0.6498,0.321798,10,60,0,140.49,1.0000,0.2105,0.032961,4.482
446137,520,362,882,252,22,188,344.19,0.9853,0.6123,0.249035,44,6,112,287.31,0.9641,0.1812,0.018355,4.375
446142,520,466,986,176,11,246,310.49,0.9917,0.5174,0.161242,1,9,13,221.24,0.7209,0.0462,0.002309,4.038
446151,520,347,867,243,5,250,326.81,0.9987,0.6299,0.260681,80,16,30,12.81,0.7733,0.1887,0.021701,4.333
446154,520,403,923,237,67,79,21.65,0.8950,0.5753,0.225864,38,27,10,76.74,0.5309,0.1280,0.012179,4.437
446170,520,39,559,246,241,219,96.40,0.5567,0.9490,0.876182,6,127,72,155.04,0.9919,0.4493,0.156846,4.478
446183,520,324,844,249,93,170,353.04,0.9185,0.6544,0.308738,27,46,93,265.17,0.6577,0.2127,0.029772,4.497
446187,520,397,917,252,15,112,7.39,0.9884,0.5801,0.222106,37,19,63,299.02,0.6710,0.1356,0.012180,4.376
446204,520,437,957,204,68,176,337.06,0.7843,0.5509,0.201080,37,5,35,330.51,0.7431,0.0932,0.006233,4.465
446210,520,425,945,241,38,60,23.01,0.9637,0.5559,0.204166,3,21,62,262.13,0.9158,0.1103,0.009034,4.305
446221,520,381,901,229,23,234,327.12,0.9866,0.5985,0.232137,39,20,81,291.70,0.7662,0.1561,0.015257,4.323
446228,520,404,924,210,78,196,332.18,0.8020,0.5837,0.231378,21,34,29,168.72,0.2853,0.1347,0.013922,4.402
446235,520,354,874,180,116,226,309.42,0.7337,0.6171,0.276857,21,44,63,245.30,0.5087,0.1816,0.023196,4.466
446251,520,380,900,238,35,195,339.31,0.9606,0.5952,0.233222,36,0,110,282.94,1.0000,0.1644,0.015008,4.357
446260,520,249,769,224,156,147,27.57,0.5325,0.7168,0.417325,41,70,85,232.07,0.3981,0.2834,0.055074,4.448
446279,520,432,952,213,66,151,349.02,0.7854,0.5519,0.202791,20,22,34,276.73,0.2753,0.1028,0.008380,4.330
446282,520,301,821,242,101,197,341.91,0.8822,0.6652,0.322185,64,49,51,9.37,0.1682,0.2313,0.035257,4.365
446283,520,13,533,245,253,245,145.47,0.6814,0.9835,0.962554,38,134,43,143.77,0.9641,0.4732,0.176360,4.473
446306,520,318,838,253,71,212,338.63,0.9870,0.6565,0.301457,87,29,17,33.45,0.7767,0.2185,0.029458,4.423
446325,520,454,974,226,0,129,356.80,1.0000,0.5292,0.177565,35,1,18,352.90,0.8578,0.0743,0.004228,4.196
446326,520,404,924,235,7,198,337.59,0.9941,0.5823,0.218941,23,20,72,278.92,0.7761,0.1308,0.011503,4.373
446330,520,457,977,141,75,253,294.55,0.9822,0.5252,0.177868,4,9,30,267.45,0.6960,0.0582,0.003149,4.287
446335,520,283,803,249,125,119,24.37,0.8988,0.6863,0.361418,44,58,85,262.96,0.3671,0.2512,0.042174,4.464
446336,520,406,926,242,36,141,357.04,0.9448,0.5779,0.220653,9,30,49,248.42,0.6278,0.1259,0.012083,4.360
446347,520,447,967,187,33,248,312.79,0.9701,0.5446,0.184310,9,22,1,132.92,0.9589,0.0830,0.006341,4.159
446364,520,452,972,194,34,214,322.77,0.9380,0.5292,0.174700,5,7,48,270.97,0.9168,0.0703,0.003976,4.163
446365,520,385,905,245,61,87,18.53,0.9331,0.5863,0.234414,19,27,77,271.19,0.7737,0.1471,0.014581,4.404
446393,520,476,996,34,105,255,262.55,1.0000,0.5054,0.176621,7,0,1,9.43,1.0000,0.0219,0.000474,4.490
446398,520,419,939,205,34,232,321.38,0.9629,0.5610,0.199511,3,3,84,266.24,0.9939,0.1065,0.007245,4.359
446401,520,434,954,121,105,253,283.12,0.9733,0.5534,0.212595,30,22,5,85.15,0.6323,0.1040,0.008608,4.481
446411,520,377,897,230,38,224,329.71,0.9666,0.6000,0.235935,6,38,64,247.44,0.7831,0.1579,0.017950,4.208
446419,520,424,944,196,77,193,328.69,0.7689,0.5584,0.208953,51,5,10,19.69,0.8553,0.1099,0.008344,4.438
446443,520,409,929,213,39,228,324.39,0.9561,0.5742,0.212005,38,20,53,307.33,0.5720,0.1309,0.011694,4.247
446449,520,429,949,203,47,212,325.64,0.9098,0.5515,0.194847,44,4,27,349.56,0.7748,0.1000,0.007015,4.294
446474,520,190,710,239,159,242,325.55,0.8986,0.7771,0.495594,18,86,70,173.01,0.8752,0.3165,0.072261,4.463
446475,520,396,916,220,66,185,338.47,0.8424,0.5808,0.226171,62,9,7,27.71,0.8863,0.1375,0.012350,4.429
446499,520,329,849,253,87,164,355.43,0.9698,0.6515,0.303826,29,58,15,137.01,0.8952,0.2140,0.033217,4.252
446507,520,477,997,199,18,183,332.85,0.9545,0.5091,0.159955,0,2,9,255.69,0.9999,0.0237,0.000631,4.147
446508,520,440,960,180,74,224,314.29,0.8402,0.5510,0.199837,2,22,37,242.19,0.8001,0.0921,0.007203,4.368
446513,520,432,952,221,30,181,339.25,0.9420,0.5535,0.196393,41,11,17,10.46,0.5982,0.1011,0.007513,4.284
446531,520,423,943,196,49,240,316.65,0.9411,0.5623,0.202250,2,30,19,164.12,0.9332,0.1077,0.009884,4.212
446537,520,446,966,205,56,184,334.40,0.8381,0.5446,0.192701,2,19,38,250.63,0.7988,0.0849,0.006186,4.320
446538,520,282,802,223,116,254,318.15,0.9913,0.6897,0.353361,60,54,81,294.05,0.3092,0.2536,0.041931,4.388
446541,520,393,913,208,68,222,323.98,0.8840,0.5853,0.228198,61,13,9,28.67,0.8269,0.1406,0.012998,4.416
446563,520,393,913,216,46,236,323.15,0.9547,0.5893,0.226110,29,7,92,282.09,0.9517,0.1408,0.011858,4.464
446572,520,318,838,254,30,253,328.51,0.9969,0.6569,0.290943,21,34,133,268.35,0.9395,0.2245,0.029967,4.264
446582,520,372,892,251,13,186,344.45,0.9920,0.6071,0.243456,33,0,119,278.73,1.0000,0.1738,0.016552,4.409
446584,520,459,979,232,40,12,31.09,0.9881,0.5343,0.187030,24,5,14,351.42,0.5720,0.0623,0.003345,4.443
446613,520,339,859,242,45,242,328.20,0.9764,0.6362,0.271675,8,34,118,264.75,0.9417,0.2016,0.025035,4.287
446617,520,303,823,251,111,117,19.90,0.9336,0.6664,0.331656,7,62,45,166.68,0.9312,0.2251,0.036797,4.397
446632,520,425,945,206,82,155,347.01,0.7064,0.5616,0.215248,20,28,16,135.50,0.3630,0.1120,0.010166,4.409
446634,520,376,896,241,70,139,0.43,0.8729,0.6021,0.249482,40,29,70,293.11,0.5703,0.1645,0.017720,4.422
446635,520,436,956,221,47,149,350.37,0.8686,0.5479,0.195776,31,15,18,7.81,0.3484,0.0926,0.006767,4.330
446650,520,475,995,215,61,13,35.34,0.9768,0.5185,0.178161,5,4,4,17.62,0.0691,0.0340,0.001279,4.449
446655,520,444,964,213,78,16,40.08,0.9610,0.5364,0.196347,0,7,60,263.91,1.0030,0.0796,0.004782,4.497
446657,520,445,965,239,18,58,21.87,0.9869,0.5421,0.190921,1,18,31,240.55,0.8487,0.0771,0.005380,4.350
446674,520,470,990,221,26,109,3.82,0.9394,0.5194,0.172177,16,0,16,328.36,1.0000,0.0408,0.001476,4.316
446681,520,476,996,220,2,117,359.84,0.9953,0.5128,0.165461,0,0,19,264.05,1.0000,0.0228,0.000470,4.269
446694,520,237,757,179,178,176,84.56,0.0189,0.7253,0.445591,9,83,20,144.57,0.9880,0.2926,0.062948,4.388
446705,520,434,954,225,68,14,36.24,0.9785,0.5462,0.201763,27,22,7,91.71,0.5169,0.1007,0.008222,4.324
446708,520,460,980,168,52,247,306.53,0.9557,0.5288,0.174969,7,12,26,267.08,0.4642,0.0643,0.003827,4.179
446709,520,446,966,166,72,243,305.28,0.9167,0.5438,0.192134,42,0,1,26.91,1.0000,0.0813,0.004945,4.407
446723,520,272,792,234,127,207,337.39,0.8035,0.6975,0.371782,52,64,47,136.58,0.2719,0.2582,0.046020,4.393
446733,520,377,897,253,70,28,33.63,0.9900,0.6034,0.253504,32,39,39,196.57,0.1091,0.1627,0.019046,4.396
446738,520,396,916,174,91,245,305.77,0.9029,0.5816,0.230740,54,8,57,325.33,0.7845,0.1418,0.012534,4.489
446744,520,466,986,207,76,45,34.57,0.8596,0.5246,0.186259,4,12,8,164.90,0.4357,0.0542,0.003063,4.452
446753,520,385,905,177,98,238,307.62,0.8452,0.5909,0.242562,15,32,68,263.20,0.6872,0.1486,0.015519,4.465
446756,520,250,770,239,123,249,324.33,0.9658,0.7193,0.393582,47,69,57,160.24,0.3067,0.2723,0.051559,4.368
446759,520,472,992,150,66,248,299.40,0.9516,0.5201,0.171581,3,3,13,280.38,0.5604,0.0327,0.001135,4.333
446770,520,466,986,214,44,110,3.60,0.8626,0.5169,0.172257,3,1,38,272.66,0.9818,0.0463,0.001810,4.290
446782,520,478,998,125,86,233,290.39,0.8447,0.5063,0.168986,4,0,7,315.09,1.0000,0.0210,0.000412,4.344
446788,520,466,986,190,72,149,343.75,0.6998,0.5183,0.177534,19,1,20,326.30,0.8106,0.0494,0.002107,4.367
446793,520,14,534,252,253,200,108.49,0.9482,0.9771,0.951164,12,135,62,149.95,0.9897,0.4740,0.177531,4.400
446801,520,390,910,207,61,239,319.62,0.9277,0.5887,0.228365,29,38,17,127.89,0.5043,0.1501,0.016879,4.162
446804,520,412,932,244,3,142,356.12,0.9968,0.5715,0.212545,16,9,84,273.87,0.9585,0.1220,0.009456,4.416
446829,520,411,931,200,39,245,316.93,0.9639,0.5658,0.203245,48,3,45,331.17,0.8291,0.1164,0.008831,4.305
446837,520,414,934,217,37,218,327.96,0.9535,0.5729,0.211389,20,25,49,273.09,0.4759,0.1196,0.010657,4.309
446845,520,418,938,224,72,87,19.04,0.8269,0.5580,0.211728,15,33,16,145.31,0.6221,0.1235,0.012266,4.203
446851,520,370,890,222,72,217,329.29,0.8891,0.6087,0.251762,45,19,92,293.00,0.8142,0.1730,0.017963,4.440
446857,520,421,941,238,7,138,356.32,0.9908,0.5586,0.201672,13,27,38,243.43,0.4240,0.1129,0.010093,4.188
446870,520,388,908,207,83,205,328.31,0.8012,0.5905,0.238614,51,14,67,313.65,0.7546,0.1514,0.014232,4.493
446881,520,124,644,207,207,248,285.16,0.7290,0.8461,0.646681,11,110,3,142.07,0.9978,0.3845,0.112291,4.293
446885,520,464,984,227,36,25,29.32,0.9699,0.5218,0.176658,23,3,8,3.79,0.6675,0.0546,0.002648,4.305
446889,520,452,972,180,83,165,333.66,0.6474,0.5261,0.186076,19,12,8,51.90,0.2574,0.0680,0.004189,4.357
446897,520,423,943,189,86,188,327.86,0.7076,0.5571,0.211065,16,19,53,275.27,0.6607,0.1055,0.008329,4.476
446900,520,291,811,229,105,249,321.90,0.9638,0.6791,0.336026,73,53,9,82.38,0.8260,0.2449,0.039825,4.298
446909,520,413,933,192,63,241,314.68,0.9257,0.5692,0.211136,10,28,40,239.96,0.5273,0.1151,0.010482,4.318
446911,520,432,952,232,46,81,17.18,0.9236,0.5466,0.197069,4,24,46,252.12,0.7537,0.1048,0.008763,4.205
446925,520,412,932,172,86,243,306.03,0.8968,0.5702,0.218979,23,28,24,151.25,0.1354,0.1171,0.010786,4.425
446945,520,424,944,231,49,127,0.77,0.8865,0.5598,0.207207,30,21,38,307.96,0.3637,0.1132,0.009523,4.321
446950,520,386,906,252,47,101,12.90,0.9767,0.5920,0.236717,63,18,2,40.15,0.9205,0.1509,0.014939,4.415
446957,520,469,989,209,62,94,12.24,0.7973,0.5196,0.178110,15,2,13,332.68,0.6692,0.0432,0.001740,4.409
446959,520,447,967,190,18,242,315.24,0.9855,0.5379,0.177919,5,0,64,270.02,1.0000,0.0760,0.004024,4.219
446963,520,321,841,253,45,239,331.43,0.9924,0.6530,0.289945,92,13,34,11.84,0.8373,0.2127,0.026790,4.427
446964,520,459,979,136,99,217,295.03,0.7235,0.5285,0.191677,15,12,3,95.01,0.5343,0.0623,0.003711,4.500
446972,520,384,904,238,1,208,335.63,0.9993,0.5927,0.227558,9,40,30,168.36,0.7504,0.1470,0.016693,4.162
446984,520,461,981,188,65,188,327.83,0.7877,0.5279,0.181042,11,4,28,294.06,0.7224,0.0521,0.002418,4.408
446988,520,476,996,165,25,252,305.71,0.9862,0.5112,0.157236,0,3,0,142.50,1.0000,0.0226,0.000651,4.091
446994,520,427,947,249,3,35,26.22,0.9987,0.5574,0.203299,37,8,42,321.50,0.7119,0.1023,0.007342,4.417
446998,520,386,906,235,69,148,355.68,0.8436,0.5934,0.240594,8,29,84,264.21,0.8921,0.1530,0.015703,4.423
447001,520,468,988,194,80,95,14.85,0.6660,0.5165,0.180346,15,0,18,322.73,1.0000,0.0406,0.001452,4.477
447005,520,395,915,227,1,229,327.89,0.9994,0.5866,0.220121,38,30,38,326.13,0.1842,0.1444,0.014806,4.168
447009,520,463,983,215,17,171,340.67,0.9634,0.5315,0.177906,23,1,8,359.16,0.8091,0.0501,0.002214,4.365
447014,520,423,943,199,56,216,323.23,0.8889,0.5551,0.199299,11,28,32,214.72,0.4390,0.1115,0.010059,4.151
447015,520,470,990,228,16,57,21.28,0.9852,0.5179,0.171629,0,3,27,262.92,1.0002,0.0384,0.001442,4.308
447018,520,414,934,186,76,241,312.04,0.9084,0.5747,0.219599,35,24,13,65.71,0.3900,0.1171,0.010397,4.464
447023,520,470,990,147,86,220,301.54,0.7781,0.5208,0.180262,3,6,5,174.74,0.2472,0.0377,0.001606,4.462
447032,520,466,986,201,78,52,33.63,0.8133,0.5173,0.181162,16,2,18,323.52,0.7198,0.0468,0.001973,4.448
447039,520,218,738,236,165,123,51.34,0.6745,0.7452,0.461751,40,81,29,139.48,0.8755,0.2988,0.064245,4.479
447047,520,404,924,180,102,202,318.48,0.6656,0.5779,0.234712,18,35,11,137.37,0.7405,0.1308,0.013548,4.480
447050,520,435,955,246,10,51,23.50,0.9948,0.5540,0.200525,30,13,15,12.77,0.3889,0.0863,0.005984,4.475
447067,520,383,903,237,16,222,331.90,0.9912,0.6026,0.236518,32,30,54,286.48,0.3964,0.1465,0.015020,4.407
447087,520,314,834,230,93,238,325.48,0.9227,0.6581,0.308268,58,50,13,96.90,0.7239,0.2169,0.032099,4.364
447099,520,390,910,241,10,191,340.87,0.9922,0.5902,0.226825,5,38,48,222.25,0.7902,0.1471,0.016318,4.174
447105,520,455,975,205,66,136,353.26,0.7557,0.5312,0.186552,4,3,43,272.36,0.9551,0.0566,0.002653,4.493
447124,520,477,997,190,48,180,331.19,0.8345,0.5090,0.163579,1,0,17,274.34,1.0000,0.0228,0.000469,4.232
447127,520,444,964,213,46,168,341.67,0.8667,0.5415,0.189295,24,13,16,1.46,0.2720,0.0784,0.005195,4.335
447151,520,371,891,236,45,211,334.53,0.9527,0.6064,0.244155,39,29,73,290.59,0.5970,0.1657,0.017911,4.331
447162,520,441,961,223,66,8,36.36,0.9872,0.5397,0.196046,29,16,17,14.29,0.2858,0.0916,0.006723,4.338
447199,520,356,876,252,25,199,341.20,0.9847,0.6190,0.255176,17,47,35,164.82,0.6332,0.1752,0.022735,4.196
447201,520,388,908,216,58,228,324.90,0.9255,0.5928,0.232284,62,18,23,16.66,0.6595,0.1528,0.015188,4.330
447205,520,329,849,231,93,220,330.90,0.8762,0.6492,0.299872,50,49,31,105.33,0.3162,0.2077,0.029737,4.388
447213,520,373,893,229,49,209,333.37,0.9352,0.5955,0.234606,58,10,63,323.80,0.7816,0.1555,0.014756,4.395
447215,520,448,968,215,18,186,336.18,0.9679,0.5405,0.184271,6,5,58,271.33,0.9614,0.0781,0.004527,4.296
447218,520,450,970,184,61,218,317.89,0.8641,0.5377,0.185910,19,10,26,308.95,0.4553,0.0710,0.004301,4.344
447260,520,352,872,246,44,203,339.03,0.9600,0.6190,0.257090,23,43,73,258.30,0.5562,0.1866,0.023909,4.155
447279,520,400,920,200,59,240,317.45,0.9289,0.5768,0.217000,24,35,37,209.94,0.2068,0.1433,0.015298,4.089
447284,520,307,827,239,80,255,323.96,1.0000,0.6678,0.313104,13,46,122,263.22,0.9156,0.2336,0.034445,4.300
447291,520,361,881,247,75,134,4.08,0.9111,0.6167,0.265308,37,40,64,277.76,0.3528,0.1833,0.022810,4.331
447298,520,384,904,255,17,120,5.37,1.0000,0.5891,0.230207,21,29,70,271.43,0.6658,0.1466,0.014803,4.324
447311,520,364,884,228,25,252,322.80,0.9895,0.6104,0.242198,55,33,13,61.03,0.5985,0.1682,0.019291,4.217
447320,520,471,991,213,2,171,340.06,0.9954,0.5240,0.171321,17,1,8,349.89,0.7627,0.0413,0.001584,4.290
447357,520,466,986,203,71,85,17.83,0.7551,0.5172,0.178609,4,1,44,272.98,0.9857,0.0534,0.002294,4.372
447359,520,399,919,254,40,2,31.29,0.9987,0.5798,0.225966,8,40,19,151.53,0.8930,0.1434,0.016162,4.171
447373,520,478,998,173,54,213,315.92,0.8653,0.5098,0.163277,5,0,7,320.34,1.0000,0.0225,0.000476,4.225
447374,520,382,902,254,20,163,351.84,0.9922,0.6038,0.242190,66,18,6,35.41,0.8515,0.1575,0.016042,4.424
447386,520,377,897,208,89,207,327.92,0.7900,0.6012,0.250613,6,45,22,153.04,0.9383,0.1602,0.019733,4.311
447394,520,49,569,249,234,221,63.49,0.5788,0.9365,0.842064,52,121,80,154.95,0.7415,0.4440,0.149835,4.464
447400,520,472,992,220,23,108,3.83,0.9470,0.5157,0.169138,13,0,10,335.10,1.0000,0.0340,0.001075,4.291
447401,520,431,951,210,83,107,11.66,0.7062,0.5523,0.209518,26,22,14,84.38,0.2506,0.1011,0.008251,4.455
447402,520,445,965,215,66,120,2.59,0.7842,0.5434,0.197019,24,2,53,296.43,0.9298,0.0840,0.004947,4.496
447414,520,317,837,237,89,226,330.82,0.9138,0.6570,0.306427,70,44,17,64.37,0.6369,0.2187,0.031441,4.377
447444,520,457,977,213,70,12,37.97,0.9744,0.5254,0.185554,20,6,16,338.36,0.4809,0.0597,0.003164,4.431
447447,520,361,881,228,111,29,49.24,0.9295,0.6157,0.279541,25,45,52,222.24,0.3631,0.1809,0.023313,4.495
447450,520,475,995,128,82,252,289.38,0.9725,0.5200,0.176519,0,4,17,256.05,0.9999,0.0342,0.001273,4.418
447455,520,430,950,214,69,135,356.29,0.7701,0.5505,0.203039,25,18,34,303.67,0.3675,0.0985,0.007548,4.397
447464,520,463,983,235,23,36,26.57,0.9845,0.5329,0.184055,18,3,14,337.40,0.6214,0.0498,0.002254,4.479
447467,520,463,983,219,44,127,357.93,0.8700,0.5327,0.183963,7,3,38,279.96,0.8996,0.0545,0.002502,4.456
447487,520,442,962,200,36,207,326.28,0.9285,0.5355,0.180478,40,2,3,24.96,0.9329,0.0813,0.005012,4.190
447489,520,314,834,248,70,233,331.74,0.9698,0.6590,0.302228,70,41,36,30.37,0.3728,0.2156,0.030155,4.394
447491,520,365,885,243,0,221,333.50,1.0000,0.6097,0.242781,14,34,88,264.94,0.8421,0.1712,0.019419,4.218
447493,520,368,888,236,100,4,45.41,0.9939,0.6102,0.269588,8,45,49,205.50,0.7562,0.1709,0.021501,4.470
447501,520,399,919,251,9,134,0.07,0.9926,0.5838,0.224294,1,0,109,264.48,1.0000,0.1389,0.011105,4.489
447514,520,418,938,248,12,85,15.07,0.9915,0.5643,0.208789,59,1,6,22.97,0.9810,0.1210,0.009648,4.339
447516,520,442,962,126,97,245,287.24,0.8974,0.5367,0.195773,24,11,30,314.35,0.5019,0.0810,0.005273,4.447
447524,520,421,941,204,27,238,319.82,0.9764,0.5607,0.197959,2,8,80,265.54,0.9823,0.1074,0.007657,4.301
447547,520,386,906,238,16,201,337.51,0.9877,0.5915,0.227676,25,2,108,275.91,0.9938,0.1532,0.013327,4.385
447563,520,474,994,230,0,69,17.49,1.0000,0.5203,0.172557,4,0,19,291.17,1.0000,0.0284,0.000728,4.387
447565,520,353,873,247,4,221,334.38,0.9983,0.6177,0.250845,22,25,107,271.71,0.9198,0.1779,0.019273,4.343
447589,520,477,997,115,84,255,284.36,1.0000,0.5130,0.172051,0,2,7,251.28,1.0000,0.0226,0.000588,4.389
447594,520,470,990,131,88,236,291.90,0.8520,0.5186,0.178608,11,1,19,311.06,0.8164,0.0391,0.001399,4.448
447622,520,432,952,217,71,118,4.74,0.7734,0.5522,0.205686,30,19,11,56.91,0.3613,0.0980,0.007660,4.434
447627,520,429,949,200,74,172,337.51,0.7470,0.5493,0.201572,9,25,22,180.35,0.4562,0.0974,0.008112,4.329
447633,520,404,924,251,37,67,21.72,0.9796,0.5770,0.222413,47,2,70,309.91,0.9423,0.1341,0.010900,4.473
447639,520,151,671,228,185,248,314.90,0.8584,0.8186,0.579700,4,100,18,143.97,0.9967,0.3502,0.091834,4.440
447640,520,392,912,225,79,161,349.33,0.7864,0.5924,0.241751,35,36,17,111.12,0.4402,0.1502,0.016596,4.381
447641,520,446,966,216,73,28,36.57,0.9351,0.5358,0.194503,19,15,31,294.44,0.3927,0.0838,0.005790,4.383
447642,520,463,983,219,58,43,29.62,0.9170,0.5253,0.182632,1,10,24,251.14,0.7921,0.0539,0.002895,4.398
447643,520,455,975,213,38,154,346.21,0.8833,0.5287,0.178677,14,2,44,288.56,0.9223,0.0641,0.003186,4.300
447656,520,406,926,215,68,203,331.41,0.8572,0.5846,0.228951,21,33,7,130.10,0.7590,0.1261,0.012625,4.454
447662,520,476,996,206,24,158,342.67,0.9243,0.5098,0.162458,3,0,12,296.66,1.0000,0.0224,0.000459,4.211
447675,520,467,987,141,88,220,298.74,0.7722,0.5169,0.178097,2,8,8,195.47,0.4786,0.0429,0.002041,4.383
447696,520,474,994,202,3,199,329.16,0.9946,0.5214,0.167471,0,1,20,263.97,1.0037,0.0271,0.000722,4.287
447700,520,393,913,239,63,124,4.88,0.8735,0.5863,0.233640,5,31,66,256.90,0.8361,0.1396,0.014055,4.428
447702,520,472,992,192,20,211,323.16,0.9667,0.5170,0.164115,3,3,9,282.35,0.4202,0.0309,0.001042,4.195
447713,520,444,964,199,32,222,322.19,0.9544,0.5425,0.184507,4,15,47,264.39,0.8434,0.0838,0.005727,4.208
447740,520,457,977,165,83,201,314.25,0.7248,0.5259,0.184036,10,3,37,286.01,0.8641,0.0561,0.002632,4.447
447759,520,383,903,231,35,225,329.71,0.9717,0.6008,0.236297,46,29,15,59.55,0.4701,0.1453,0.014941,4.409
447760,520,244,764,251,136,201,346.43,0.9325,0.7341,0.423371,13,75,69,185.18,0.8662,0.2789,0.055471,4.488
447765,520,476,996,208,46,125,356.46,0.8346,0.5122,0.168468,0,1,12,262.93,1.0003,0.0216,0.000482,4.328
447778,520,452,972,209,74,58,29.83,0.8314,0.5272,0.187606,8,9,38,275.97,0.7327,0.0673,0.003869,4.411
447787,520,407,927,227,84,30,38.64,0.9386,0.5714,0.227680,14,32,44,239.51,0.4762,0.1311,0.013082,4.402
447788,520,479,999,226,26,28,27.91,0.9797,0.5143,0.169943,0,0,4,264.05,1.0000,0.0106,0.000088,4.391
447797,520,458,978,136,90,235,293.65,0.8392,0.5266,0.185447,8,10,26,275.84,0.4892,0.0609,0.003433,4.406
447809,520,477,997,221,33,66,19.48,0.9478,0.5123,0.168559,2,2,5,283.18,0.3513,0.0245,0.000673,4.313
447823,520,444,964,226,50,74,19.52,0.9087,0.5364,0.189472,11,17,21,237.64,0.2105,0.0765,0.005262,4.333
447834,520,354,874,216,70,248,319.72,0.9640,0.6176,0.257583,1,14,129,264.48,0.9898,0.1829,0.019053,4.454
447843,520,403,923,226,75,123,4.92,0.7907,0.5750,0.226336,6,33,40,218.01,0.7021,0.1279,0.012796,4.401
447849,520,446,966,222,47,129,358.04,0.8676,0.5416,0.191502,0,4,62,264.19,0.9875,0.0768,0.004346,4.444
447862,520,271,791,242,114,224,333.06,0.9189,0.6968,0.362961,23,73,28,145.09,0.9291,0.2634,0.050309,4.117
447876,520,348,868,250,25,224,334.34,0.9889,0.6297,0.264042,69,16,70,327.14,0.7479,0.1868,0.020782,4.437
447902,520,416,936,219,14,225,326.86,0.9895,0.5723,0.208126,4,25,67,261.44,0.8994,0.1249,0.011263,4.213
447915,520,470,990,230,14,61,20.27,0.9873,0.5222,0.174770,6,3,26,284.89,0.7811,0.0438,0.001784,4.341
447920,520,358,878,222,60,251,320.95,0.9817,0.6201,0.257283,57,37,29,42.67,0.3274,0.1844,0.022818,4.220
447924,520,346,866,246,31,237,330.34,0.9867,0.6330,0.266901,60,25,78,312.35,0.6745,0.1902,0.022061,4.398
447929,520,376,896,251,63,84,20.22,0.9710,0.5993,0.247079,51,31,27,31.78,0.3221,0.1605,0.017630,4.393
447930,520,330,850,210,98,247,316.86,0.9387,0.6413,0.291538,26,45,94,265.49,0.6819,0.2103,0.029044,4.321
447935,520,398,918,242,33,161,350.36,0.9547,0.5847,0.225413,23,30,61,271.82,0.5367,0.1432,0.014476,4.272
447940,520,455,975,223,38,98,9.16,0.9127,0.5269,0.179588,2,14,2,143.31,0.9369,0.0557,0.003314,4.306
447948,520,448,968,229,31,118,2.31,0.9359,0.5411,0.189489,31,2,30,329.49,0.8052,0.0752,0.004285,4.412
447960,520,409,929,209,82,162,344.84,0.7243,0.5697,0.222005,27,17,76,282.96,0.8144,0.1332,0.011557,4.419
447975,520,378,898,211,64,238,320.89,0.9248,0.5970,0.236904,65,23,12,35.71,0.7249,0.1646,0.017633,4.242
447977,520,427,947,171,90,224,309.62,0.7917,0.5608,0.213528,15,22,44,268.90,0.5011,0.1048,0.008572,4.499
447980,520,392,912,237,86,17,39.77,0.9771,0.5919,0.247036,10,40,25,158.47,0.7783,0.1458,0.016522,4.465
447982,520,441,961,239,8,29,27.00,0.9960,0.5365,0.186164,42,0,33,338.38,1.0000,0.0932,0.006021,4.216
447983,520,340,860,240,59,243,327.38,0.9633,0.6429,0.281268,53,47,28,92.58,0.3601,0.2049,0.028738,4.207
447995,520,433,953,192,61,223,319.13,0.8830,0.5537,0.198730,49,0,18,4.13,1.0000,0.1005,0.006968,4.366
448002,520,446,966,217,43,150,348.83,0.8726,0.5378,0.186839,31,11,8,30.20,0.5199,0.0822,0.005482,4.269
448011,520,461,981,185,6,250,312.27,0.9961,0.5339,0.173478,6,11,8,160.07,0.2447,0.0536,0.002956,4.220
448026,520,411,931,185,80,232,313.57,0.8608,0.5716,0.218788,12,28,50,256.77,0.5767,0.1226,0.011389,4.378
448028,520,281,801,183,151,218,305.89,0.5464,0.6853,0.372628,0,66,82,220.61,1.0000,0.2535,0.045054,4.446
448031,520,464,984,179,68,199,321.20,0.7906,0.5244,0.178426,11,7,1,88.15,0.7017,0.0466,0.002253,4.372
448037,520,480,1000,220,37,53,23.64,0.9482,0.5106,0.167985,0,0,0,0.00,0.0000,0.0000,0.000000,4.360
448046,520,430,950,226,17,161,346.45,0.9698,0.5474,0.191455,33,0,64,300.39,1.0000,0.1042,0.006935,4.241
448053,520,474,994,227,22,59,21.04,0.9766,0.5182,0.172234,0,2,24,263.44,1.0009,0.0333,0.001094,4.350
448076,520,457,977,234,15,7,29.35,0.9939,0.5263,0.178526,0,10,40,260.31,1.0000,0.0647,0.003703,4.255
448088,520,447,967,224,25,156,347.77,0.9466,0.5440,0.189455,6,14,44,267.56,0.7706,0.0805,0.005346,4.326
448090,520,441,961,217,74,46,33.06,0.8857,0.5406,0.198490,5,21,36,247.91,0.6345,0.0907,0.006959,4.363
448132,520,360,880,235,72,208,335.39,0.9004,0.6249,0.268535,66,30,20,36.44,0.5780,0.1812,0.021375,4.463
448133,520,420,940,239,51,53,26.23,0.9462,0.5601,0.209787,13,11,77,272.64,0.9438,0.1140,0.008607,4.433
448144,520,425,945,195,75,197,327.08,0.7835,0.5567,0.206670,22,24,31,272.61,0.1639,0.1082,0.009228,4.334
448165,520,266,786,227,125,249,320.29,0.9525,0.7062,0.378393,12,67,79,216.29,0.8184,0.2578,0.046568,4.436
448186,520,376,896,189,104,213,318.44,0.7196,0.6000,0.255246,36,38,29,117.72,0.1786,0.1602,0.018500,4.456
448189,520,422,942,214,24,216,327.78,0.9724,0.5603,0.199093,41,9,40,329.00,0.6888,0.1089,0.008201,4.280
448194,520,434,954,224,70,50,30.67,0.8970,0.5493,0.204606,32,16,21,359.79,0.3421,0.0971,0.007318,4.442
448197,520,456,976,205,60,154,345.22,0.7888,0.5326,0.185459,0,15,12,181.12,1.0000,0.0597,0.003682,4.386
448211,520,469,989,196,12,215,323.33,0.9840,0.5245,0.169066,1,2,27,268.22,0.9536,0.0368,0.001290,4.271
448238,520,443,963,194,72,180,332.54,0.7563,0.5413,0.194009,38,0,23,347.57,1.0000,0.0803,0.004740,4.458
448257,520,397,917,248,23,120,4.49,0.9762,0.5767,0.219288,47,23,29,4.40,0.3971,0.1372,0.013059,4.270
448272,520,330,850,229,87,217,331.22,0.8738,0.6369,0.284864,64,26,93,306.88,0.7309,0.2101,0.026192,4.395
448292,520,467,987,197,58,166,338.26,0.7916,0.5225,0.176514,2,8,3,149.76,0.6634,0.0412,0.001931,4.362
448302,520,374,894,233,10,228,329.52,0.9949,0.5981,0.231447,63,17,35,359.44,0.6548,0.1573,0.015792,4.278
448332,520,469,989,183,39,222,317.40,0.9300,0.5203,0.167935,2,9,5,161.54,0.6052,0.0443,0.002192,4.176
448333,520,140,660,248,183,252,324.59,0.9735,0.8383,0.608531,2,102,47,150.95,0.9970,0.3606,0.097204,4.474
448336,520,325,845,250,70,209,338.76,0.9678,0.6489,0.293108,85,27,11,35.96,0.8340,0.2105,0.027396,4.433
448341,520,425,945,202,61,202,327.95,0.8506,0.5554,0.201600,47,6,36,340.69,0.7506,0.1130,0.008621,4.292
448352,520,369,889,237,14,232,329.50,0.9938,0.6087,0.241475,52,20,76,307.17,0.7254,0.1688,0.017522,4.317
448372,520,350,870,222,81,231,325.32,0.8991,0.6272,0.271860,34,49,9,127.75,0.8413,0.1877,0.025564,4.259
448384,520,413,933,233,12,183,341.34,0.9867,0.5710,0.210083,10,31,20,158.68,0.6254,0.1154,0.010950,4.267
448390,520,472,992,187,3,235,316.13,0.9972,0.5234,0.166294,8,1,1,23.39,0.6912,0.0269,0.000755,4.261
448392,520,471,991,214,32,143,350.12,0.9024,0.5218,0.173147,8,4,10,316.25,0.3625,0.0395,0.001604,4.324
448401,520,468,988,185,42,212,320.46,0.9071,0.5179,0.167250,0,5,17,252.37,0.9999,0.0370,0.001490,4.219
448404,520,479,999,211,62,20,35.07,0.9586,0.5121,0.173470,1,0,1,328.36,1.0000,0.0103,0.000086,4.462
448428,520,440,960,225,39,142,353.34,0.9023,0.5469,0.194142,16,20,35,271.89,0.3668,0.0949,0.007318,4.259
448434,520,430,950,240,31,24,28.96,0.9806,0.5463,0.195745,0,30,12,154.26,1.0000,0.1047,0.009550,4.127
448436,520,395,915,237,13,205,336.21,0.9907,0.5913,0.227030,44,22,44,327.02,0.4675,0.1376,0.012912,4.403
448442,520,363,883,253,67,77,23.06,0.9858,0.6058,0.254364,47,21,87,296.31,0.7704,0.1735,0.018288,4.457
448450,520,210,730,240,170,106,62.34,0.7536,0.7577,0.483174,31,86,29,142.76,0.9326,0.3108,0.070353,4.430
448475,520,351,871,252,26,213,337.54,0.9868,0.6271,0.262416,80,16,27,15.77,0.7852,0.1879,0.021555,4.366
448496,520,390,910,157,102,254,296.48,0.9828,0.5852,0.238267,18,40,20,146.02,0.6610,0.1487,0.016966,4.305
448511,520,476,996,189,53,183,329.89,0.8207,0.5137,0.167854,1,0,7,286.54,1.0000,0.0158,0.000218,4.338
448527,520,479,999,210,58,24,33.58,0.9505,0.5058,0.167961,0,0,4,264.05,1.0000,0.0106,0.000088,4.352
448555,520,466,986,222,22,98,7.78,0.9561,0.5164,0.169880,12,8,6,52.63,0.1789,0.0515,0.002650,4.176
448556,520,436,956,216,79,66,28.62,0.8210,0.5482,0.205866,0,25,29,208.70,1.0000,0.0950,0.007839,4.424
448561,520,431,951,238,4,105,7.24,0.9952,0.5467,0.192871,11,27,0,133.03,1.0000,0.0991,0.008550,4.148
448582,520,319,839,249,35,255,326.94,1.0000,0.6517,0.285647,73,7,109,308.28,0.9262,0.2196,0.026727,4.375
448587,520,434,954,202,32,221,323.26,0.9551,0.5468,0.188117,22,8,64,285.31,0.8717,0.1023,0.007144,4.167
448595,520,401,921,236,45,166,347.89,0.9194,0.5824,0.224657,63,5,33,357.18,0.8194,0.1422,0.012753,4.377
448617,520,377,897,223,58,224,327.80,0.9285,0.6016,0.240981,52,30,25,33.46,0.3646,0.1591,0.017289,4.324
448633,520,404,924,221,5,231,325.96,0.9968,0.5782,0.212524,25,21,62,283.03,0.6620,0.1252,0.010908,4.310
448638,520,386,906,221,85,162,348.52,0.7524,0.5937,0.244800,42,35,7,95.12,0.7243,0.1540,0.017097,4.394
448642,520,372,892,246,65,150,356.79,0.9143,0.6103,0.255786,8,38,80,257.89,0.8324,0.1715,0.020169,4.358
448655,520,439,959,241,8,71,18.24,0.9939,0.5460,0.193327,25,16,26,323.11,0.2949,0.0900,0.006519,4.305
448658,520,330,850,245,81,188,344.54,0.9137,0.6411,0.289311,73,36,20,43.34,0.6035,0.2059,0.027289,4.390
448667,520,274,794,248,103,239,330.12,0.9687,0.6986,0.358915,18,71,4,140.28,0.9910,0.2519,0.046437,4.240
448686,520,424,944,239,24,136,357.61,0.9653,0.5645,0.207847,6,18,65,266.48,0.8991,0.1085,0.008529,4.405
448692,520,465,985,158,56,247,303.05,0.9533,0.5188,0.168133,8,5,19,293.28,0.5235,0.0461,0.002072,4.189
448695,520,418,938,213,43,203,330.89,0.9194,0.5598,0.201877,36,0,74,297.46,1.0000,0.1194,0.008695,4.291
448700,520,465,985,151,80,222,303.52,0.8045,0.5180,0.175910,0,4,35,263.27,1.0006,0.0476,0.002082,4.338
448707,520,444,964,243,2,15,28.34,0.9991,0.5430,0.191361,32,10,16,4.45,0.5045,0.0842,0.005616,4.340
448709,520,447,967,212,38,170,340.55,0.8937,0.5352,0.182878,35,3,11,7.95,0.7819,0.0756,0.004467,4.276
448722,520,469,989,202,36,180,334.65,0.8948,0.5213,0.171155,3,6,18,266.31,0.5499,0.0432,0.001933,4.258
448723,520,446,966,227,3,139,353.66,0.9942,0.5360,0.182629,34,7,8,20.68,0.6610,0.0801,0.005096,4.222
448727,520,425,945,207,28,235,321.30,0.9745,0.5638,0.200958,28,10,64,291.46,0.8212,0.1115,0.008341,4.302
448745,520,356,876,238,36,234,329.19,0.9787,0.6193,0.253821,22,19,113,272.04,0.9541,0.1761,0.018285,4.449
448750,520,404,924,239,59,103,12.12,0.8931,0.5765,0.224610,18,22,70,273.58,0.7787,0.1289,0.011446,4.469
448752,520,409,929,255,4,59,22.09,1.0000,0.5730,0.216665,16,36,1,133.89,0.9839,0.1310,0.013741,4.184
448784,520,450,970,232,32,73,18.20,0.9582,0.5359,0.186729,0,14,33,251.06,1.0000,0.0678,0.004239,4.365
448792,520,347,867,248,32,220,334.91,0.9820,0.6263,0.261599,35,32,95,279.34,0.7375,0.1879,0.022165,4.318
448802,520,340,860,244,107,8,46.42,0.9909,0.6352,0.297691,41,50,9,121.03,0.8101,0.1972,0.027723,4.473
448830,520,462,982,193,72,159,340.37,0.7197,0.5283,0.184770,9,7,19,291.05,0.4164,0.0516,0.002571,4.466
448843,520,441,961,200,88,89,21.83,0.6667,0.5380,0.199819,20,16,43,287.27,0.5576,0.0947,0.006937,4.388
448857,520,471,991,215,59,65,23.49,0.8727,0.5215,0.179591,3,4,16,274.59,0.5800,0.0370,0.001436,4.464
448859,520,359,879,255,32,178,347.86,1.0000,0.6168,0.255109,68,26,27,20.74,0.5810,0.1788,0.020470,4.330
448886,520,458,978,206,80,47,35.57,0.8416,0.5288,0.190665,3,13,19,231.56,0.5480,0.0598,0.003542,4.495
448887,520,447,967,239,2,47,23.71,0.9988,0.5368,0.186027,12,21,0,126.92,1.0000,0.0819,0.006145,4.204
448897,520,446,966,221,60,84,17.30,0.8560,0.5381,0.192466,2,19,32,241.40,0.7698,0.0810,0.005829,4.343
448903,520,239,759,235,162,29,75.09,0.9456,0.7263,0.435936,25,79,19,141.68,0.9594,0.2834,0.058454,4.481
448906,520,420,940,224,47,163,346.17,0.8845,0.5600,0.205272,48,6,31,348.40,0.7488,0.1123,0.008577,4.358
448911,520,472,992,199,68,120,359.49,0.7267,0.5166,0.176343,2,4,11,263.84,0.4831,0.0335,0.001239,4.417
448918,520,350,870,236,46,244,326.30,0.9733,0.6280,0.263210,82,7,49,352.95,0.8306,0.1917,0.021678,4.370
448931,520,450,970,186,62,215,319.29,0.8560,0.5396,0.187919,8,12,39,272.54,0.6885,0.0738,0.004610,4.357
448935,520,380,900,217,53,237,323.05,0.9462,0.5966,0.234143,47,34,13,77.66,0.5612,0.1589,0.017775,4.192
448944,520,395,915,251,52,62,24.60,0.9792,0.5863,0.233166,47,24,30,3.46,0.3769,0.1397,0.013514,4.458
448975,520,389,909,212,48,240,321.11,0.9530,0.5870,0.224040,2,4,112,264.93,0.9962,0.1482,0.012695,4.371
448982,520,386,906,176,116,181,324.11,0.5021,0.5869,0.250579,10,41,25,157.57,0.7996,0.1491,0.017205,4.473
449000,520,419,939,226,51,142,354.34,0.8668,0.5576,0.204921,19,5,78,278.25,0.9623,0.1117,0.007970,4.397
449003,520,426,946,170,90,223,309.49,0.7867,0.5587,0.211868,40,9,51,315.79,0.7462,0.1149,0.008856,4.449
449014,520,415,935,229,28,188,339.11,0.9602,0.5714,0.211220,18,30,21,151.80,0.3514,0.1177,0.011113,4.274
449024,520,433,953,228,23,160,347.34,0.9581,0.5529,0.196476,12,25,32,233.03,0.3773,0.1035,0.008777,4.193
449035,520,409,929,176,91,227,310.66,0.8060,0.5710,0.222591,2,13,92,265.08,0.9786,0.1300,0.010734,4.488
449049,520,452,972,190,92,78,29.78,0.6334,0.5254,0.191531,20,11,10,26.09,0.2521,0.0676,0.004100,4.465
449056,520,350,870,251,53,190,344.06,0.9706,0.6271,0.267764,53,31,73,306.35,0.5612,0.1872,0.022179,4.402
449068,520,319,839,245,71,233,331.00,0.9580,0.6549,0.298049,18,41,118,265.90,0.8948,0.2199,0.030223,4.339
449078,520,458,978,186,78,159,338.35,0.6752,0.5250,0.183925,14,8,14,326.38,0.2640,0.0562,0.002987,4.415
449079,520,265,785,237,119,253,322.72,0.9877,0.7128,0.382920,50,67,32,130.18,0.5643,0.2618,0.047966,4.419
449087,520,385,905,251,52,85,18.36,0.9729,0.5901,0.236247,21,29,74,271.53,0.7045,0.1502,0.015325,4.382
449091,520,429,949,221,8,184,338.20,0.9878,0.5481,0.190090,25,11,54,292.82,0.7516,0.1000,0.007124,4.203
449092,520,406,926,212,50,222,325.47,0.9279,0.5757,0.215541,19,35,7,133.84,0.8336,0.1308,0.013558,4.178
449095,520,450,970,210,24,189,334.05,0.9514,0.5353,0.180311,3,0,60,268.22,1.0000,0.0694,0.003456,4.308
449104,520,453,973,164,63,246,304.72,0.9426,0.5332,0.181019,23,13,3,69.96,0.6119,0.0736,0.004766,4.218
449111,520,367,887,245,50,181,345.35,0.9354,0.6097,0.250330,48,7,102,293.61,0.9382,0.1750,0.017397,4.456
449116,520,385,905,209,80,200,330.57,0.8026,0.5869,0.234646,0,27,88,261.77,1.0000,0.1494,0.014883,4.387
449134,520,400,920,202,53,251,315.75,0.9789,0.5833,0.220692,13,35,47,234.77,0.5398,0.1411,0.014928,4.169
449136,520,438,958,236,41,49,25.73,0.9598,0.5460,0.196437,17,16,43,281.83,0.5728,0.0920,0.006642,4.351
449139,520,469,989,218,15,148,348.82,0.9647,0.5249,0.173877,5,5,3,107.55,0.1960,0.0364,0.001474,4.349
449160,520,420,940,195,81,188,330.05,0.7402,0.5592,0.211193,27,21,42,295.90,0.4183,0.1121,0.009365,4.400
449162,520,326,846,238,96,191,342.68,0.8527,0.6493,0.303070,41,55,21,127.92,0.6407,0.2144,0.032579,4.276
449174,520,85,605,242,219,232,342.66,0.5057,0.8997,0.753671,6,119,2,142.32,0.9988,0.4142,0.132362,4.407
449180,520,294,814,245,86,242,328.61,0.9616,0.6754,0.324814,59,54,65,305.88,0.1442,0.2441,0.039498,4.188
449184,520,244,764,222,154,213,331.31,0.6459,0.7337,0.434462,3,79,52,161.74,0.9856,0.2840,0.058590,4.461
449190,520,403,923,236,30,170,346.15,0.9557,0.5760,0.216666,60,5,13,18.84,0.8853,0.1296,0.010984,4.373
449192,520,449,969,191,80,157,341.14,0.6749,0.5350,0.192495,11,14,22,268.51,0.2572,0.0697,0.004431,4.455
449224,520,378,898,254,63,79,21.87,0.9928,0.6042,0.251940,49,32,31,22.81,0.2560,0.1612,0.017850,4.450
449231,520,384,904,255,22,118,6.18,1.0000,0.5900,0.231456,54,4,75,312.53,0.9043,0.1526,0.013792,4.412
449235,520,371,891,245,72,126,6.35,0.9005,0.6073,0.255568,30,45,12,130.04,0.7579,0.1719,0.021793,4.256
449251,520,453,973,225,52,37,29.68,0.9415,0.5309,0.185999,9,2,56,276.11,0.9757,0.0727,0.003870,4.381
449253,520,432,952,247,7,30,26.99,0.9970,0.5536,0.200235,44,5,19,2.80,0.7585,0.0983,0.006911,4.397
449258,520,400,920,234,39,172,345.31,0.9336,0.5778,0.219248,23,23,80,276.07,0.8042,0.1447,0.013741,4.224
449262,520,383,903,228,1,250,323.37,0.9996,0.6035,0.234201,2,11,110,264.95,0.9885,0.1525,0.013779,4.456
449265,520,381,901,232,53,204,335.54,0.9266,0.6007,0.240642,49,22,62,313.43,0.6172,0.1566,0.015746,4.421
449266,520,73,593,188,238,252,216.73,0.8080,0.9056,0.788672,12,119,67,154.62,0.9815,0.4228,0.136765,4.491
449280,520,461,981,203,26,193,331.04,0.9430,0.5261,0.172874,8,7,13,293.01,0.2418,0.0480,0.002326,4.259
449284,520,366,886,244,91,17,40.49,0.9812,0.6116,0.267589,8,46,31,162.81,0.8637,0.1668,0.021045,4.470
449298,520,284,804,240,112,216,335.13,0.8936,0.6869,0.350738,66,58,35,91.02,0.3752,0.2529,0.043058,4.306
449310,520,378,898,182,98,245,307.85,0.8965,0.6023,0.252738,26,40,37,179.92,0.2528,0.1597,0.018707,4.406
449318,520,417,937,207,27,245,319.04,0.9807,0.5711,0.206435,10,27,56,260.36,0.6837,0.1233,0.011339,4.181
449322,520,454,974,227,25,98,8.75,0.9550,0.5280,0.179109,31,7,1,42.35,0.8579,0.0733,0.004455,4.207
449340,520,210,730,224,170,189,355.80,0.4647,0.7594,0.482721,9,87,52,157.10,0.9700,0.3122,0.071221,4.395
449343,520,331,851,220,89,241,321.89,0.9254,0.6401,0.287131,36,37,98,277.37,0.7041,0.2022,0.025800,4.448
449346,520,364,884,214,63,245,320.09,0.9530,0.6058,0.244455,60,27,26,22.94,0.4917,0.1661,0.018192,4.318
449352,520,14,534,244,250,251,208.78,0.3925,0.9777,0.945691,27,134,15,141.85,0.9913,0.4681,0.173170,4.462
449364,520,464,984,219,59,11,34.80,0.9826,0.5242,0.182148,8,6,29,283.12,0.6734,0.0545,0.002706,4.405
449373,520,396,916,147,118,218,295.26,0.6625,0.5782,0.242219,29,34,32,169.64,0.0931,0.1427,0.015095,4.489
449384,520,402,922,211,78,194,333.15,0.8000,0.5842,0.231946,4,35,39,207.20,0.8034,0.1326,0.013743,4.423
449394,520,466,986,179,64,193,323.20,0.7908,0.5155,0.171019,14,9,0,91.64,1.0000,0.0539,0.002887,4.179
449401,520,410,930,228,0,205,334.09,1.0000,0.5723,0.209043,29,5,87,284.03,0.9567,0.1324,0.010578,4.276
449403,520,400,920,245,31,132,0.37,0.9592,0.5780,0.220617,43,22,47,321.03,0.4885,0.1378,0.012927,4.301
449413,520,179,699,246,183,34,82.24,0.9579,0.7862,0.535774,4,95,19,144.30,0.9962,0.3331,0.082569,4.419
449422,520,413,933,236,31,167,347.11,0.9525,0.5750,0.216058,42,19,11,39.78,0.5328,0.1158,0.009822,4.447
449424,520,316,836,226,128,122,24.33,0.6564,0.6575,0.330144,15,62,17,143.77,0.9581,0.2209,0.035871,4.427
449425,520,409,929,210,31,232,322.75,0.9698,0.5679,0.205097,35,9,75,293.73,0.8667,0.1301,0.010607,4.209
449427,520,450,970,189,66,201,324.07,0.8136,0.5390,0.189337,7,11,39,272.00,0.7262,0.0711,0.004310,4.407
449440,520,429,949,201,22,229,321.18,0.9773,0.5468,0.186501,12,21,49,267.77,0.6290,0.1040,0.008362,4.052
449441,520,357,877,228,63,238,325.51,0.9438,0.6232,0.262243,42,29,80,291.19,0.6448,0.1750,0.019501,4.493
449463,520,408,928,180,83,230,312.10,0.8421,0.5671,0.216039,50,17,29,359.46,0.5538,0.1309,0.011678,4.313
449475,520,284,804,218,154,67,71.56,0.7613,0.6894,0.384236,3,72,30,150.05,0.9915,0.2546,0.047476,4.455
449476,520,218,738,230,153,227,328.09,0.7841,0.7478,0.451530,68,69,88,282.47,0.1977,0.3048,0.061897,4.482
449491,520,224,744,237,152,213,337.88,0.7824,0.7486,0.452669,58,78,34,129.39,0.6319,0.3031,0.064637,4.385
449493,520,469,989,164,72,222,309.29,0.8295,0.5242,0.178019,14,2,16,323.02,0.6947,0.0433,0.001742,4.407
449510,520,470,990,137,86,233,295.01,0.8383,0.5195,0.178572,8,0,34,287.55,1.0000,0.0450,0.001671,4.424
449515,520,463,983,208,9,198,331.00,0.9856,0.5330,0.176845,21,1,23,324.80,0.8279,0.0538,0.002430,4.327
449516,520,393,913,209,54,239,320.38,0.9405,0.5859,0.224273,62,7,15,18.53,0.8527,0.1367,0.012108,4.416
449519,520,455,975,225,19,116,1.67,0.9621,0.5271,0.177370,29,1,2,23.57,0.9360,0.0583,0.002873,4.300
449520,520,459,979,166,60,247,305.39,0.9504,0.5337,0.180547,0,6,46,263.44,1.0009,0.0624,0.003275,4.328
449527,520,410,930,237,70,20,35.33,0.9756,0.5720,0.224385,2,28,65,257.22,0.9230,0.1295,0.012250,4.408
449529,520,367,887,202,84,240,316.88,0.9062,0.6067,0.251898,25,24,103,273.98,0.9010,0.1734,0.018391,4.414
449538,520,441,961,222,34,153,348.59,0.9152,0.5431,0.189761,21,20,5,105.58,0.5682,0.0884,0.006707,4.228
449553,520,478,998,215,7,142,350.03,0.9814,0.5141,0.165545,0,2,7,251.28,1.0000,0.0226,0.000588,4.261
449558,520,431,951,154,93,232,300.77,0.8135,0.5499,0.205252,9,27,5,139.40,0.8911,0.0989,0.008529,4.361
449565,520,407,927,196,55,249,314.41,0.9675,0.5742,0.213090,60,5,10,21.86,0.9029,0.1290,0.010913,4.319
449570,520,304,824,248,107,169,355.23,0.8856,0.6714,0.333393,28,62,27,143.19,0.8138,0.2287,0.037711,4.371
449574,520,403,923,230,61,151,352.70,0.8514,0.5776,0.223975,36,24,34,332.29,0.2697,0.1255,0.011439,4.459
449578,520,480,1000,212,36,111,2.05,0.8863,0.5075,0.164089,0,0,0,0.00,0.0000,0.0000,0.000000,4.282
449595,520,440,960,243,12,79,16.29,0.9906,0.5526,0.198856,12,23,11,142.41,0.4896,0.0901,0.007151,4.354
449607,520,476,996,175,68,192,321.93,0.7697,0.5135,0.170551,0,1,8,261.19,1.0000,0.0192,0.000392,4.377
449625,520,460,980,181,59,214,318.06,0.8579,0.5280,0.178079,5,14,4,141.02,0.6556,0.0588,0.003551,4.259
449632,520,359,879,248,18,221,334.62,0.9922,0.6222,0.256126,14,42,68,249.32,0.6606,0.1755,0.021665,4.272
449634,520,364,884,230,54,231,327.86,0.9505,0.6147,0.252332,48,33,48,326.47,0.2957,0.1693,0.019295,4.363
449645,520,480,1000,217,50,11,33.10,0.9837,0.5112,0.170597,0,0,0,0.00,0.0000,0.0000,0.000000,4.412
449672,520,364,884,242,1,228,331.59,0.9996,0.6126,0.245033,10,36,81,260.59,0.8270,0.1679,0.019203,4.263
449673,520,390,910,216,88,161,347.93,0.7220,0.5891,0.241537,46,31,16,65.20,0.4552,0.1504,0.015983,4.418
449680,520,368,888,231,8,252,323.62,0.9974,0.6113,0.241932,54,9,83,307.06,0.8626,0.1651,0.016042,4.420
449692,520,410,930,243,37,114,6.49,0.9467,0.5712,0.215960,33,2,83,289.70,0.9748,0.1285,0.009913,4.439
449695,520,371,891,231,89,142,0.19,0.7756,0.6082,0.260893,4,48,19,150.04,0.9735,0.1691,0.021866,4.326
449705,520,416,936,254,13,63,21.41,0.9952,0.5733,0.217214,5,32,26,175.80,0.7763,0.1180,0.011398,4.352
449714,520,441,961,161,82,227,306.00,0.8212,0.5378,0.191582,27,18,7,71.68,0.4590,0.0909,0.006810,4.252
449722,520,419,939,210,19,227,324.07,0.9828,0.5595,0.197153,39,9,49,316.46,0.7353,0.1119,0.008485,4.226
449729,520,409,929,214,40,218,327.15,0.9452,0.5695,0.208777,32,28,36,307.69,0.1659,0.1313,0.012650,4.131
449737,520,407,927,187,66,252,310.57,0.9790,0.5735,0.214905,5,36,26,167.93,0.8486,0.1308,0.013685,4.160
449750,520,373,893,252,64,53,28.47,0.9848,0.5976,0.246229,45,35,12,85.92,0.5891,0.1587,0.017865,4.365
449753,520,348,868,245,56,210,337.04,0.9466,0.6291,0.268969,3,50,53,201.53,0.9197,0.1872,0.025575,4.221
449779,520,454,974,160,91,193,313.69,0.6565,0.5267,0.188066,27,10,10,20.65,0.4380,0.0749,0.004720,4.351
449782,520,345,865,234,50,241,326.48,0.9665,0.6252,0.261269,13,35,108,265.56,0.9110,0.1939,0.023702,4.223
449801,520,313,833,252,88,188,346.67,0.9667,0.6609,0.313088,17,59,60,197.37,0.6845,0.2243,0.035732,4.235
449824,520,431,951,198,83,157,343.74,0.6802,0.5507,0.206283,28,20,14,58.41,0.2546,0.0985,0.007789,4.435
449844,520,453,973,226,48,28,30.53,0.9610,0.5287,0.183694,33,4,0,37.60,1.0000,0.0709,0.004102,4.319
449856,520,374,894,217,57,234,323.69,0.9365,0.5977,0.236204,50,34,17,66.74,0.4788,0.1639,0.018627,4.170
449859,520,397,917,248,57,65,24.47,0.9628,0.5848,0.232679,15,33,47,243.57,0.4812,0.1363,0.013945,4.421
449865,520,452,972,210,3,186,334.87,0.9941,0.5276,0.173141,36,0,7,11.90,1.0000,0.0708,0.003905,4.140
449884,520,477,997,209,16,147,347.02,0.9521,0.5069,0.160347,5,0,4,333.70,1.0000,0.0207,0.000410,4.173
449889,520,460,980,223,30,113,2.96,0.9293,0.5268,0.178115,13,10,16,307.46,0.2097,0.0601,0.003401,4.272
449895,520,422,942,250,3,71,18.85,0.9982,0.5640,0.208477,51,3,26,356.57,0.8275,0.1119,0.008436,4.423
449899,520,394,914,241,2,189,341.38,0.9983,0.5876,0.224213,27,34,37,225.63,0.1368,0.1429,0.015106,4.212
449911,520,385,905,208,66,234,320.95,0.9115,0.5915,0.232485,50,9,75,308.24,0.8399,0.1513,0.013815,4.427
449912,520,346,866,243,19,243,328.32,0.9937,0.6278,0.259943,53,44,0,96.98,1.0000,0.1923,0.025583,4.101
449913,520,464,984,215,11,156,345.39,0.9736,0.5218,0.170891,11,6,17,305.43,0.4194,0.0501,0.002419,4.214
449923,520,367,887,234,25,238,327.37,0.9875,0.6106,0.243633,16,47,25,150.75,0.7822,0.1718,0.022133,4.071
449934,520,441,961,142,101,224,295.96,0.7516,0.5440,0.204400,29,16,24,342.30,0.3151,0.0942,0.006978,4.465
449935,520,452,972,127,100,229,289.05,0.7878,0.5301,0.192833,28,5,25,332.89,0.6637,0.0731,0.004256,4.476
449951,520,456,976,230,15,80,14.69,0.9821,0.5261,0.177468,19,1,30,311.26,0.8825,0.0558,0.002539,4.330
449963,520,377,897,244,39,171,347.85,0.9494,0.5962,0.236276,2,41,59,233.91,0.9096,0.1618,0.019144,4.140
449966,520,434,954,223,51,144,352.93,0.8590,0.5527,0.200718,1,8,77,264.87,0.9821,0.1029,0.007159,4.386
449968,520,478,998,136,83,225,296.53,0.8098,0.5068,0.168571,5,1,0,51.16,1.0000,0.0224,0.000540,4.325
449969,520,388,908,229,94,40,40.12,0.9081,0.5904,0.248193,22,38,30,161.96,0.3561,0.1480,0.016505,4.484
449970,520,434,954,230,36,124,0.65,0.9225,0.5480,0.195429,14,0,77,275.16,1.0000,0.0995,0.006291,4.360
449971,520,461,981,186,64,197,324.35,0.8073,0.5293,0.181384,10,6,21,295.28,0.5098,0.0513,0.002489,4.408
449981,520,457,977,209,74,65,27.38,0.8126,0.5283,0.188368,9,10,17,277.84,0.2417,0.0571,0.003156,4.484
449986,520,410,930,193,65,242,314.65,0.9286,0.5734,0.215301,7,15,88,267.50,0.9626,0.1302,0.010913,4.355
449988,520,472,992,231,12,53,22.30,0.9906,0.5226,0.175120,8,1,12,316.60,0.7455,0.0321,0.000999,4.414
449996,520,418,938,230,18,169,344.88,0.9730,0.5595,0.201229,6,14,82,267.37,0.9603,0.1207,0.009619,4.214
450000,520,397,917,253,28,69,20.65,0.9896,0.5770,0.221466,31,13,86,284.55,0.8852,0.1424,0.012510,4.343
450002,520,479,999,227,1,65,18.40,0.9989,0.5134,0.167372,0,0,6,264.05,1.0000,0.0126,0.000131,4.336
450007,520,407,927,233,36,166,346.89,0.9359,0.5713,0.213414,55,16,18,20.13,0.6539,0.1349,0.012266,4.230
450019,520,14,534,252,255,195,110.11,0.9999,0.9806,0.961558,45,133,50,144.11,0.9435,0.4732,0.175626,4.483
450027,520,428,948,228,19,171,343.82,0.9701,0.5570,0.199027,4,25,35,231.16,0.7044,0.1005,0.008424,4.262
450031,520,422,942,151,92,248,296.78,0.9208,0.5574,0.210111,41,4,55,314.56,0.8492,0.1132,0.008341,4.458
450092,520,460,980,227,39,91,12.37,0.9232,0.5338,0.185401,14,4,36,292.85,0.7962,0.0610,0.003076,4.435
450103,520,430,950,231,52,63,23.53,0.9253,0.5462,0.198068,42,8,18,5.78,0.6728,0.0987,0.007097,4.345
450117,520,389,909,250,33,135,0.36,0.9621,0.5899,0.231645,67,3,35,356.88,0.8725,0.1494,0.013800,4.415
450129,520,358,878,246,4,227,332.72,0.9985,0.6196,0.252287,5,37,96,261.22,0.9363,0.1830,0.021998,4.199
450149,520,453,973,227,7,122,359.58,0.9871,0.5302,0.178908,12,8,40,282.90,0.7373,0.0702,0.004050,4.235
450153,520,418,938,248,20,19,28.74,0.9914,0.5584,0.205074,18,27,38,253.83,0.3124,0.1164,0.010524,4.214
450159,520,442,962,202,73,155,344.93,0.7329,0.5429,0.196900,15,19,21,229.36,0.1145,0.0847,0.006214,4.392
450166,520,437,957,221,37,166,344.10,0.9110,0.5492,0.194509,1,23,20,183.55,0.9217,0.0858,0.006697,4.313
450170,520,370,890,235,20,242,326.71,0.9917,0.6136,0.245758,39,38,40,308.30,0.0364,0.1674,0.019708,4.243
450176,520,456,976,228,23,101,7.73,0.9598,0.5301,0.180493,4,0,50,271.57,1.0000,0.0580,0.002561,4.385
450195,520,439,959,232,38,105,8.00,0.9273,0.5471,0.195649,43,2,24,352.07,0.8297,0.0937,0.006230,4.369
450205,520,431,951,234,11,132,357.61,0.9838,0.5491,0.194007,34,11,42,316.48,0.6495,0.1021,0.007466,4.246
450218,520,294,814,242,113,188,346.53,0.8445,0.6785,0.343209,9,68,26,148.03,0.9736,0.2414,0.042667,4.243
450228,520,241,761,246,153,86,54.68,0.8629,0.7277,0.430497,13,79,30,147.36,0.9725,0.2810,0.057710,4.461
450231,520,296,816,248,100,217,336.67,0.9517,0.6830,0.340833,40,61,49,158.87,0.3314,0.2395,0.040103,4.338
450233,520,480,1000,171,10,250,308.20,0.9930,0.5132,0.157780,0,0,0,0.00,0.0000,0.0000,0.000000,4.156
450238,520,431,951,245,23,20,28.81,0.9888,0.5531,0.200793,36,17,1,62.26,0.8738,0.1001,0.007782,4.340
450239,520,402,922,242,69,43,31.54,0.9424,0.5821,0.233112,7,33,42,224.31,0.6709,0.1294,0.013000,4.494
450254,520,479,999,178,3,239,312.68,0.9973,0.5124,0.157632,0,1,1,194.77,1.0000,0.0143,0.000239,4.133
450261,520,470,990,214,63,42,31.11,0.9055,0.5209,0.180208,18,2,7,357.64,0.6750,0.0448,0.001874,4.438
450262,520,380,900,212,64,234,322.15,0.9195,0.5958,0.236061,0,45,28,162.26,1.0000,0.1595,0.019605,4.110
450273,520,1,521,255,255,255,0.00,0.0000,1.0000,1.000000,47,137,30,140.89,0.9722,0.4845,0.185887,4.451
450276,520,375,895,229,27,228,328.53,0.9810,0.5959,0.230457,58,28,22,32.37,0.4895,0.1636,0.017881,4.132
450283,520,320,840,215,129,129,20.14,0.5542,0.6453,0.317344,37,55,18,130.97,0.7322,0.2105,0.031693,4.497
450286,520,387,907,233,33,199,337.00,0.9612,0.5873,0.225376,22,21,85,275.29,0.8620,0.1455,0.013627,4.328
450297,520,436,956,237,35,79,17.10,0.9555,0.5491,0.197743,34,14,10,32.36,0.4875,0.0929,0.006761,4.365
450304,520,441,961,196,91,95,19.66,0.6245,0.5376,0.200459,12,23,4,132.69,0.7856,0.0886,0.006997,4.394
450312,520,458,978,216,9,169,341.47,0.9811,0.5302,0.176612,0,11,25,246.79,1.0000,0.0558,0.003095,4.268
450314,520,444,964,179,71,220,315.17,0.8365,0.5429,0.192585,38,4,10,13.23,0.7787,0.0826,0.005209,4.394
450333,520,373,893,235,44,210,334.55,0.9524,0.6034,0.241193,6,22,102,265.84,0.9596,0.1588,0.015717,4.431
450338,520,376,896,246,47,148,356.09,0.9297,0.5950,0.237673,30,36,50,266.50,0.2607,0.1577,0.017680,4.250
450349,520,461,981,231,29,13,29.88,0.9876,0.5257,0.178998,2,10,14,223.21,0.5695,0.0498,0.002617,4.352
450355,520,399,919,251,42,29,29.42,0.9852,0.5759,0.222575,34,31,18,96.72,0.3231,0.1352,0.013637,4.283
450359,520,430,950,226,11,166,344.80,0.9820,0.5484,0.191639,5,9,75,267.78,0.9705,0.1041,0.007356,4.213
450364,520,316,836,245,120,10,51.29,0.9891,0.6585,0.328703,43,54,57,216.11,0.1461,0.2241,0.034473,4.483
450369,520,384,904,227,78,145,356.24,0.7858,0.5882,0.238265,59,12,50,336.54,0.7247,0.1507,0.014232,4.488
450372,520,418,938,218,87,8,43.25,0.9807,0.5584,0.217418,25,29,13,120.32,0.4357,0.1188,0.011145,4.374
450410,520,394,914,253,43,87,16.94,0.9865,0.5882,0.233022,10,36,46,226.60,0.6198,0.1421,0.015235,4.339
450422,520,384,904,182,87,255,306.81,1.0000,0.5940,0.239822,59,15,43,344.97,0.6689,0.1506,0.014460,4.496
450430,520,450,970,195,29,232,318.72,0.9667,0.5421,0.183085,15,15,3,108.97,0.6060,0.0693,0.004498,4.277
450432,520,432,952,158,101,211,306.00,0.6887,0.5535,0.212800,22,24,12,116.16,0.3539,0.1016,0.008504,4.492
450433,520,446,966,239,15,19,28.44,0.9928,0.5376,0.187427,21,14,30,303.38,0.4051,0.0832,0.005672,4.265
450451,520,457,977,215,15,172,340.34,0.9687,0.5315,0.177696,0,16,4,152.01,1.0000,0.0601,0.003793,4.233
450460,520,363,883,207,79,249,316.53,0.9611,0.6144,0.256984,12,47,30,158.87,0.8052,0.1714,0.022048,4.261
450472,520,391,911,214,56,234,322.90,0.9352,0.5920,0.230669,30,9,94,281.99,0.9412,0.1464,0.012795,4.470
450484,520,350,870,220,111,160,353.39,0.6555,0.6304,0.291246,18,53,11,140.56,0.9463,0.1905,0.026989,4.432
450514,520,202,722,240,152,255,321.59,1.0000,0.7719,0.482034,36,85,7,137.32,0.9841,0.3077,0.068872,4.476
450541,520,365,885,253,70,63,27.30,0.9880,0.6067,0.256254,8,37,86,260.36,0.8712,0.1743,0.020465,4.346
450552,520,443,963,229,56,45,28.73,0.9311,0.5435,0.196787,31,5,33,324.94,0.7223,0.0823,0.005097,4.479
450565,520,386,906,241,76,78,24.11,0.9100,0.5928,0.244229,25,26,82,276.06,0.7709,0.1543,0.015546,4.489
450574,520,408,928,202,31,250,316.56,0.9782,0.5688,0.204402,30,14,73,288.10,0.8166,0.1285,0.010711,4.190
450578,520,456,976,216,62,56,27.07,0.8832,0.5254,0.183322,17,9,1,76.82,0.7679,0.0575,0.003167,4.388
450633,520,407,927,221,0,219,328.85,1.0000,0.5688,0.204889,60,3,23,6.27,0.8777,0.1298,0.010878,4.187
450643,520,376,896,238,52,188,341.67,0.9235,0.6019,0.242668,20,30,86,270.21,0.8066,0.1632,0.017491,4.336
450655,520,382,902,238,28,214,334.15,0.9789,0.6032,0.238655,68,12,26,10.86,0.7689,0.1578,0.015667,4.396
450669,520,475,995,223,18,120,359.81,0.9617,0.5241,0.174794,5,3,12,295.63,0.5034,0.0345,0.001239,4.387
450682,520,353,873,245,8,224,333.22,0.9967,0.6166,0.249709,33,46,22,131.92,0.5223,0.1794,0.023352,4.086
450683,520,181,701,253,180,11,78.93,0.9931,0.7879,0.535517,4,94,1,142.27,0.9990,0.3284,0.080331,4.493
450708,520,463,983,207,39,172,338.59,0.8830,0.5277,0.176970,25,0,13,349.05,1.0000,0.0528,0.002358,4.335
450720,520,451,971,226,38,107,6.31,0.9138,0.5356,0.186193,27,5,13,358.62,0.6099,0.0664,0.003706,4.398
450755,520,400,920,252,35,63,22.58,0.9852,0.5774,0.222601,44,3,80,301.02,0.9462,0.1408,0.011798,4.411
450776,520,343,863,238,73,206,336.77,0.9023,0.6298,0.274011,7,46,71,242.28,0.7969,0.1867,0.024540,4.347
450786,520,445,965,202,62,167,339.53,0.7886,0.5360,0.187937,4,20,18,185.24,0.6108,0.0784,0.005698,4.272
450820,520,446,966,195,6,238,317.64,0.9952,0.5397,0.179069,5,13,52,267.62,0.8826,0.0850,0.005680,4.114
450821,520,405,925,252,47,12,31.53,0.9920,0.5805,0.227587,42,25,28,7.81,0.2871,0.1336,0.012714,4.426
450831,520,455,975,191,43,209,323.03,0.9037,0.5263,0.174090,3,4,43,269.95,0.9507,0.0579,0.002806,4.244
450833,520,424,944,218,2,215,329.11,0.9981,0.5611,0.198573,12,21,52,268.38,0.6683,0.1064,0.008624,4.240
450837,520,473,993,213,16,164,342.36,0.9615,0.5235,0.171993,2,1,22,276.02,0.9385,0.0312,0.000925,4.359
450841,520,384,904,223,61,204,333.30,0.8930,0.5918,0.233874,17,34,68,262.61,0.6441,0.1549,0.016805,4.249
450844,520,407,927,203,70,201,328.45,0.8231,0.5660,0.212956,20,33,38,223.91,0.2844,0.1348,0.013763,4.124
450847,520,360,880,243,67,172,348.62,0.9014,0.6158,0.260506,45,43,12,105.59,0.6713,0.1809,0.023122,4.246
450866,520,353,873,243,74,160,353.41,0.8858,0.6178,0.264933,17,37,87,264.60,0.7830,0.1790,0.021303,4.417
450883,520,364,884,220,62,244,321.98,0.9528,0.6136,0.251945,56,29,39,356.82,0.3930,0.1680,0.018661,4.398
450903,520,464,984,206,66,113,3.95,0.7581,0.5244,0.182126,5,4,38,275.11,0.9005,0.0549,0.002590,4.414
450919,520,365,885,177,108,240,305.88,0.8351,0.6086,0.263641,63,30,10,49.31,0.7027,0.1743,0.020074,4.476
450920,520,395,915,247,10,159,351.50,0.9912,0.5859,0.224978,58,4,48,337.17,0.8223,0.1387,0.011999,4.435
450935,520,424,944,208,14,228,323.34,0.9881,0.5554,0.193273,38,18,21,10.66,0.3859,0.1101,0.008989,4.124
450937,520,358,878,242,63,183,344.55,0.9073,0.6155,0.258541,86,0,15,20.84,1.0000,0.1841,0.020133,4.399
450958,520,362,882,188,97,241,311.01,0.8766,0.6058,0.255925,46,37,53,309.94,0.2605,0.1791,0.021610,4.272
450972,520,458,978,229,45,52,25.32,0.9444,0.5349,0.187857,20,2,30,312.24,0.8146,0.0591,0.002859,4.500
450981,520,468,988,219,32,114,1.96,0.9148,0.5202,0.173106,8,5,2,76.35,0.3943,0.0391,0.001646,4.320
451000,520,449,969,208,46,182,335.77,0.8734,0.5403,0.187433,8,18,4,135.73,0.7097,0.0717,0.004930,4.322
451029,520,315,835,247,72,228,332.80,0.9627,0.6562,0.300132,12,37,125,265.34,0.9361,0.2171,0.028818,4.442
451039,520,452,972,205,73,97,12.99,0.7375,0.5266,0.186094,9,9,35,278.54,0.6725,0.0658,0.003748,4.393
451041,520,410,930,252,34,29,28.66,0.9891,0.5734,0.219319,51,15,35,348.72,0.6087,0.1320,0.011669,4.367
451053,520,419,939,230,68,14,35.88,0.9811,0.5559,0.209918,11,29,17,153.31,0.5857,0.1089,0.009903,4.339
451057,520,347,867,160,124,253,293.76,0.9495,0.6271,0.289807,10,51,46,183.44,0.7870,0.1896,0.026293,4.454
451065,520,328,848,252,9,249,329.00,0.9980,0.6455,0.277334,86,0,74,335.69,1.0000,0.2089,0.024732,4.380
451069,520,452,972,215,49,135,354.36,0.8420,0.5322,0.183953,15,15,12,107.04,0.0993,0.0717,0.004698,4.277
451075,520,454,974,198,64,172,336.56,0.7803,0.5340,0.186528,28,5,11,5.16,0.6254,0.0674,0.003796,4.397
451085,520,352,872,254,74,107,14.79,0.9888,0.6209,0.270335,13,50,54,205.24,0.6849,0.1911,0.026330,4.197
451087,520,474,994,209,37,143,349.12,0.8730,0.5152,0.168638,9,2,9,327.35,0.5690,0.0347,0.001212,4.269
451089,520,466,986,167,59,231,309.23,0.8893,0.5204,0.171137,15,5,3,38.15,0.4620,0.0468,0.002167,4.239
451091,520,474,994,208,43,152,345.85,0.8529,0.5218,0.174068,7,1,3,354.07,0.6042,0.0267,0.000735,4.416
451098,520,404,924,220,47,214,329.72,0.9330,0.5817,0.221059,2,21,82,263.80,0.9678,0.1310,0.011583,4.401
451110,520,448,968,224,57,82,17.76,0.8760,0.5405,0.193855,13,15,37,277.01,0.5315,0.0822,0.005608,4.385
451114,520,336,856,212,105,225,323.18,0.8193,0.6406,0.295380,24,51,44,175.01,0.4773,0.1953,0.027436,4.460
451115,520,301,821,229,100,240,324.47,0.9241,0.6669,0.320656,6,48,111,259.38,0.9345,0.2255,0.033001,4.466
451124,520,465,985,223,10,115,1.35,0.9801,0.5201,0.171456,22,0,9,353.33,1.0000,0.0465,0.001903,4.267
451140,520,458,978,202,20,200,328.84,0.9635,0.5266,0.172288,4,8,29,269.00,0.6994,0.0554,0.002882,4.203
451155,520,161,681,220,184,249,309.52,0.8426,0.8086,0.563367,20,95,86,183.03,0.8600,0.3522,0.090046,4.380
451157,520,396,916,251,42,78,19.27,0.9765,0.5818,0.227188,4,16,95,265.77,0.9715,0.1393,0.012225,4.455
451160,520,473,993,188,69,166,335.74,0.7325,0.5198,0.177023,11,0,1,15.48,1.0000,0.0273,0.000734,4.475
451163,520,350,870,216,89,237,321.73,0.9036,0.6316,0.278598,34,48,45,180.24,0.2138,0.1935,0.026434,4.299
451165,520,475,995,229,12,64,19.27,0.9885,0.5200,0.172941,7,1,17,303.24,0.8102,0.0336,0.001074,4.365
451168,520,299,819,246,77,238,329.95,0.9640,0.6653,0.310763,85,29,61,348.01,0.6262,0.2283,0.031472,4.428
451170,520,411,931,210,78,174,340.01,0.7601,0.5719,0.222084,25,23,54,283.57,0.5426,0.1229,0.010858,4.471
451189,520,323,843,230,91,230,327.71,0.8969,0.6509,0.300205,58,44,46,8.75,0.1697,0.2088,0.028982,4.434
451205,520,334,854,242,83,192,342.57,0.8967,0.6402,0.288723,19,54,38,161.29,0.6907,0.2002,0.029166,4.279
451206,520,317,837,251,71,228,333.76,0.9806,0.6619,0.306201,44,53,61,245.25,0.1604,0.2240,0.034186,4.231
451212,520,427,947,197,15,255,314.41,1.0000,0.5592,0.194334,10,25,20,170.43,0.4403,0.0972,0.008103,4.205
451218,520,478,998,213,27,135,352.57,0.9174,0.5137,0.166816,0,2,2,194.77,1.0000,0.0198,0.000478,4.295
451232,520,477,997,221,21,70,17.20,0.9699,0.5071,0.163534,3,2,1,74.90,0.3058,0.0238,0.000650,4.216
451243,520,462,982,222,41,111,4.39,0.8930,0.5309,0.182658,13,4,24,303.56,0.6641,0.0514,0.002384,4.441
451253,520,438,958,245,9,68,19.41,0.9942,0.5541,0.200287,5,14,51,266.95,0.8665,0.0860,0.005853,4.481
451257,520,393,913,242,0,193,340.49,1.0000,0.5913,0.227306,47,22,33,353.07,0.4263,0.1368,0.012880,4.410
451317,520,464,984,186,41,217,319.50,0.9189,0.5226,0.170360,14,6,8,0.77,0.2924,0.0497,0.002412,4.204
451351,520,437,957,238,32,64,21.24,0.9680,0.5468,0.195836,25,6,54,295.19,0.8356,0.0925,0.006033,4.387
451386,520,1,521,255,255,255,0.00,0.0000,1.0000,1.000000,17,139,22,142.99,0.9924,0.4831,0.186415,4.441
451389,520,461,981,230,12,93,10.29,0.9838,0.5284,0.178792,17,3,12,340.88,0.5955,0.0477,0.002109,4.391
451414,520,341,861,225,72,249,321.88,0.9717,0.6341,0.274838,54,46,27,87.57,0.3742,0.2031,0.028174,4.155
451423,520,375,895,233,8,228,329.53,0.9959,0.5978,0.231013,1,47,9,145.82,0.9958,0.1628,0.020591,3.981
451424,520,454,974,226,33,108,5.54,0.9280,0.5329,0.183420,9,17,8,141.55,0.4221,0.0708,0.004765,4.262
451425,520,417,937,243,21,121,3.25,0.9750,0.5662,0.209748,29,16,62,291.09,0.7231,0.1199,0.009796,4.344
451428,520,432,952,222,74,59,29.30,0.8664,0.5517,0.207455,32,13,41,313.70,0.5957,0.1018,0.007550,4.474
451432,520,429,949,144,91,250,294.06,0.9422,0.5496,0.203136,9,16,60,269.89,0.8598,0.1011,0.007549,4.399
451434,520,272,792,235,142,139,22.14,0.6878,0.7014,0.388744,28,70,41,151.49,0.7571,0.2584,0.047871,4.483
451443,520,385,905,233,25,205,335.32,0.9763,0.5875,0.224294,43,6,86,296.53,0.9207,0.1492,0.013157,4.343
451460,520,448,968,198,31,224,321.43,0.9577,0.5418,0.183691,10,14,36,273.03,0.5695,0.0772,0.005060,4.244
451464,520,458,978,219,34,126,357.58,0.9049,0.5257,0.177130,2,15,21,225.72,0.6945,0.0649,0.004087,4.199
451470,520,450,970,207,11,217,325.78,0.9880,0.5449,0.185164,13,17,9,129.60,0.3001,0.0741,0.005062,4.271
451474,520,438,958,185,73,212,319.26,0.8143,0.5486,0.198340,9,25,0,133.81,1.0000,0.0917,0.007533,4.316
451480,520,420,940,188,59,241,313.66,0.9277,0.5593,0.201713,22,12,65,283.47,0.8291,0.1091,0.008151,4.329
451494,520,401,921,242,31,162,349.98,0.9588,0.5842,0.224690,40,4,80,297.17,0.9359,0.1363,0.011172,4.490
451507,520,476,996,229,5,23,27.48,0.9971,0.5137,0.168315,1,2,0,126.59,1.0000,0.0203,0.000499,4.323
451521,520,73,593,246,221,243,329.74,0.7765,0.9119,0.777774,34,118,40,144.16,0.9598,0.4195,0.134496,4.487
451541,520,465,985,131,90,228,292.82,0.8060,0.5154,0.177390,23,0,6,2.76,1.0000,0.0471,0.001953,4.377
451545,520,465,985,164,72,212,311.81,0.7998,0.5165,0.172814,15,4,16,324.51,0.5478,0.0493,0.002258,4.264
451550,520,441,961,175,71,230,311.32,0.8640,0.5446,0.193345,34,7,24,344.62,0.6314,0.0856,0.005580,4.378
451555,520,208,728,251,157,158,19.21,0.8706,0.7574,0.470942,53,72,113,264.47,0.4505,0.3141,0.065837,4.497
451562,520,426,946,209,71,161,344.35,0.7658,0.5553,0.206370,9,22,57,265.40,0.7615,0.1113,0.009273,4.325
451575,520,363,883,242,65,165,350.66,0.8933,0.6091,0.253775,67,24,22,25.15,0.6297,0.1721,0.019047,4.400
451577,520,438,958,224,47,142,353.61,0.8741,0.5506,0.198359,39,4,14,6.67,0.7662,0.0856,0.005499,4.475
451587,520,430,950,240,22,76,17.33,0.9794,0.5487,0.196242,11,0,76,273.01,1.0000,0.0960,0.005929,4.403
451611,520,444,964,198,9,227,320.96,0.9911,0.5365,0.177488,18,6,46,290.55,0.8068,0.0773,0.004561,4.169
451629,520,459,979,210,25,184,335.52,0.9448,0.5327,0.178597,16,10,10,18.38,0.1733,0.0611,0.003492,4.274
451636,520,394,914,220,15,243,322.92,0.9925,0.5874,0.220304,54,17,33,355.79,0.5909,0.1397,0.012951,4.294
451655,520,412,932,246,24,116,5.52,0.9734,0.5718,0.215105,17,30,16,142.71,0.4817,0.1156,0.010851,4.357
451661,520,465,985,223,34,68,19.13,0.9466,0.5174,0.172522,17,7,2,58.16,0.5864,0.0535,0.002755,4.218
451698,520,449,969,238,11,42,24.97,0.9937,0.5361,0.185870,3,19,13,168.44,0.7258,0.0732,0.005141,4.278
451715,520,449,969,184,48,233,314.76,0.9262,0.5373,0.181886,19,12,7,58.52,0.2955,0.0677,0.004167,4.281
451716,520,474,994,167,26,255,305.68,1.0000,0.5174,0.161750,3,0,28,278.14,1.0000,0.0344,0.001032,4.149
451717,520,425,945,235,29,130,359.09,0.9493,0.5564,0.201556,11,31,2,136.36,0.9656,0.1120,0.010555,4.154
451735,520,183,703,233,171,231,327.56,0.7567,0.7882,0.522203,11,92,41,149.79,0.9800,0.3270,0.078852,4.441
451747,520,478,998,121,82,252,286.98,0.9743,0.5129,0.171275,3,1,6,305.83,0.6115,0.0228,0.000542,4.378
451748,520,381,901,251,23,156,353.47,0.9791,0.5959,0.235258,73,0,35,359.50,1.0000,0.1595,0.015381,4.363
451749,520,377,897,185,85,255,307.96,1.0000,0.5953,0.240321,39,23,80,290.95,0.7257,0.1603,0.016233,4.383
451755,520,414,934,247,10,127,1.64,0.9906,0.5734,0.215270,57,0,25,0.66,1.0000,0.1202,0.009402,4.466
451775,520,13,533,235,255,254,193.19,1.0000,0.9827,0.963373,32,134,46,144.96,0.9713,0.4719,0.175538,4.493
451778,520,320,840,240,56,251,325.55,0.9860,0.6459,0.283212,72,16,98,312.00,0.8259,0.2146,0.026303,4.367
451786,520,431,951,178,62,244,309.73,0.9353,0.5501,0.194428,6,27,27,195.24,0.6113,0.1035,0.009017,4.142
451792,520,456,976,183,7,248,312.12,0.9951,0.5292,0.169977,23,4,11,356.92,0.6050,0.0577,0.002932,4.156
451793,520,361,881,228,103,118,14.91,0.7313,0.6163,0.275049,3,51,3,142.68,0.9918,0.1769,0.023935,4.396
451798,520,423,943,212,80,121,4.28,0.7194,0.5559,0.211170,4,21,62,262.94,0.8964,0.1108,0.009099,4.419
451858,520,464,984,194,34,207,324.60,0.9290,0.5241,0.171200,6,8,17,271.87,0.3489,0.0502,0.002529,4.211
451861,520,413,933,245,13,122,3.00,0.9869,0.5683,0.211089,61,0,9,19.80,1.0000,0.1248,0.010120,4.343
451886,520,375,895,245,51,147,356.50,0.9194,0.5956,0.238899,43,8,96,291.89,0.9252,0.1625,0.015318,4.423
451898,520,366,886,194,89,246,312.55,0.9264,0.6061,0.252690,17,47,15,142.41,0.8943,0.1702,0.021866,4.212
451899,520,325,845,236,104,163,354.61,0.7821,0.6455,0.303804,26,53,67,232.80,0.4745,0.2136,0.031710,4.330
451925,520,375,895,240,87,20,39.47,0.9744,0.5989,0.253953,11,37,71,256.43,0.7373,0.1624,0.018491,4.438
451926,520,366,886,225,68,222,328.77,0.9107,0.6126,0.254179,63,26,24,24.83,0.5508,0.1689,0.018617,4.433
451943,520,355,875,251,34,190,343.60,0.9739,0.6160,0.253743,75,12,55,343.99,0.7694,0.1845,0.020349,4.318
451976,520,358,878,232,67,222,330.62,0.9234,0.6232,0.264465,6,47,57,218.29,0.8220,0.1807,0.023670,4.269
451977,520,396,916,211,89,152,350.77,0.6898,0.5785,0.232626,59,14,33,357.92,0.6762,0.1446,0.013538,4.448
451986,520,441,961,144,86,249,294.92,0.9389,0.5409,0.194245,24,14,37,302.26,0.5166,0.0909,0.006418,4.329
451988,520,412,932,251,29,5,30.23,0.9967,0.5678,0.214026,51,10,28,357.18,0.6916,0.1220,0.010048,4.397
452000,520,456,976,120,100,235,285.54,0.8278,0.5281,0.191053,14,10,19,304.51,0.2928,0.0624,0.003575,4.499
452002,520,431,951,232,2,146,352.39,0.9968,0.5489,0.192775,8,11,67,270.39,0.9371,0.0992,0.006962,4.262
452018,520,309,829,240,88,224,332.20,0.9241,0.6594,0.308891,39,57,6,127.67,0.9242,0.2172,0.033707,4.287
452024,520,301,821,249,73,240,330.20,0.9765,0.6675,0.311989,66,52,13,88.65,0.7478,0.2329,0.036434,4.188
452039,520,440,960,234,54,26,31.63,0.9681,0.5501,0.202084,10,18,35,264.03,0.4861,0.0857,0.006185,4.487
452050,520,392,912,238,19,194,339.43,0.9830,0.5883,0.225408,23,35,57,261.88,0.4382,0.1535,0.016796,4.123
452056,520,447,967,197,78,146,347.99,0.6875,0.5370,0.193961,6,20,12,158.09,0.5659,0.0779,0.005656,4.383
452058,520,422,942,149,98,243,295.99,0.8683,0.5610,0.215961,22,23,41,280.52,0.3708,0.1111,0.009434,4.475
452077,520,453,973,219,61,66,23.77,0.8760,0.5317,0.187935,22,1,37,308.08,0.9152,0.0651,0.003259,4.468
452112,520,426,946,232,58,97,13.29,0.8798,0.5605,0.210479,42,17,17,21.11,0.4851,0.1132,0.009337,4.390
452155,520,310,830,253,87,180,349.61,0.9746,0.6580,0.309975,61,50,19,89.88,0.6058,0.2216,0.033204,4.326
452158,520,380,900,237,32,217,333.15,0.9750,0.6049,0.240500,30,19,98,279.19,0.8910,0.1636,0.016235,4.386
452165,520,470,990,118,89,247,285.52,0.9308,0.5167,0.177114,5,4,19,283.95,0.6069,0.0407,0.001661,4.396
452170,520,355,875,235,42,239,327.26,0.9739,0.6206,0.255526,8,33,100,264.12,0.9160,0.1790,0.020593,4.328
452182,520,421,941,245,7,81,15.76,0.9947,0.5561,0.201620,13,10,73,273.51,0.9386,0.1078,0.007836,4.351
452224,520,377,897,253,52,91,16.71,0.9850,0.5953,0.240976,31,28,74,281.90,0.6442,0.1562,0.016162,4.398
452247,520,390,910,228,87,99,18.49,0.7902,0.5876,0.242139,32,31,52,285.37,0.3520,0.1477,0.015350,4.470
452248,520,380,900,215,71,215,327.89,0.8742,0.5951,0.238618,64,15,44,347.88,0.6926,0.1605,0.016137,4.364
452256,520,227,747,236,155,195,348.86,0.6861,0.7459,0.452175,6,83,17,144.28,0.9925,0.2917,0.062654,4.458
452257,520,280,800,186,142,254,300.59,0.9673,0.6899,0.369412,2,68,61,183.27,0.9769,0.2500,0.044839,4.422
452259,520,449,969,211,12,193,333.15,0.9803,0.5358,0.179642,6,13,26,260.61,0.4788,0.0657,0.004011,4.252
452267,520,460,980,235,24,36,26.64,0.9835,0.5333,0.184460,23,3,10,357.75,0.6644,0.0553,0.002692,4.450
452281,520,460,980,214,64,97,12.06,0.8032,0.5322,0.188284,5,14,5,144.15,0.5886,0.0591,0.003573,4.448
452301,520,454,974,209,78,9,41.25,0.9755,0.5287,0.190261,4,10,40,267.77,0.8362,0.0678,0.003961,4.453
452302,520,361,881,242,80,141,1.22,0.8640,0.6156,0.265407,53,39,17,77.19,0.5320,0.1810,0.022485,4.351
452305,520,418,938,230,17,177,342.45,0.9769,0.5634,0.204009,51,13,9,29.02,0.7437,0.1207,0.010115,4.225
452328,520,331,851,213,116,178,342.52,0.6269,0.6359,0.298530,42,45,69,278.02,0.3279,0.2044,0.027986,4.469
452333,520,294,814,225,140,106,42.41,0.6419,0.6756,0.358063,34,65,33,143.33,0.6847,0.2435,0.042304,4.421
452343,520,412,932,250,29,21,29.13,0.9859,0.5663,0.212606,8,20,69,267.16,0.8874,0.1178,0.009815,4.390
452346,520,351,871,245,93,98,21.67,0.9012,0.6257,0.281261,40,42,67,279.72,0.3501,0.1934,0.025123,4.410
452359,520,404,924,244,17,163,349.77,0.9829,0.5834,0.222816,18,12,87,274.27,0.9454,0.1309,0.010796,4.487
452370,520,414,934,250,1,102,9.87,0.9992,0.5703,0.213086,28,28,21,107.41,0.1684,0.1211,0.011315,4.291
452373,520,465,985,177,20,249,310.01,0.9845,0.5243,0.166879,3,7,30,268.02,0.7867,0.0531,0.002650,4.119
452380,520,410,930,234,8,186,340.69,0.9917,0.5738,0.212141,61,6,6,26.65,0.9180,0.1317,0.011357,4.272
452382,520,382,902,216,75,219,326.99,0.8754,0.6035,0.247475,35,36,38,264.50,0.0389,0.1568,0.017590,4.401
452391,520,400,920,236,36,180,343.23,0.9480,0.5839,0.223928,49,24,32,0.07,0.4034,0.1436,0.014106,4.273
452394,520,411,931,151,104,234,297.32,0.7965,0.5668,0.224206,6,29,52,250.97,0.7248,0.1237,0.011653,4.448
452420,520,445,965,212,28,193,333.44,0.9462,0.5432,0.186799,24,0,50,299.65,1.0000,0.0776,0.004245,4.365
452424,520,457,977,219,2,160,344.95,0.9956,0.5297,0.176440,1,16,5,152.80,0.9510,0.0612,0.003880,4.203
452426,520,440,960,244,5,31,26.73,0.9977,0.5467,0.194441,8,8,63,271.68,0.9436,0.0901,0.005841,4.377
452434,520,430,950,226,5,179,340.83,0.9927,0.5541,0.195346,21,13,51,287.65,0.7055,0.0964,0.006863,4.315
452435,520,390,910,204,83,206,327.03,0.7972,0.5864,0.234817,44,18,71,302.62,0.7295,0.1501,0.014230,4.434
452447,520,361,881,254,71,109,13.58,0.9889,0.6183,0.266850,44,38,61,295.61,0.3337,0.1837,0.022586,4.365
452462,520,403,923,214,35,240,321.87,0.9715,0.5825,0.217914,51,13,45,334.45,0.6727,0.1344,0.011812,4.334
452467,520,351,871,215,113,165,349.62,0.6255,0.6283,0.289758,6,49,67,231.49,0.8308,0.1929,0.026405,4.447
452481,520,377,897,188,99,231,313.31,0.8175,0.6021,0.253855,57,29,23,33.02,0.4571,0.1644,0.018106,4.462
452494,520,179,699,214,181,229,315.20,0.5587,0.7873,0.530016,28,92,38,146.07,0.9374,0.3311,0.080408,4.448
452496,520,313,833,240,74,254,324.57,0.9960,0.6628,0.305810,30,57,53,183.65,0.4103,0.2215,0.034592,4.206
452498,520,384,904,237,6,202,336.98,0.9955,0.5882,0.224019,17,33,63,261.83,0.6018,0.1484,0.015657,4.173
452525,520,450,970,231,46,60,23.47,0.9393,0.5408,0.192722,3,9,44,267.02,0.9016,0.0687,0.003966,4.498
452527,520,474,994,183,2,239,314.12,0.9982,0.5202,0.163439,1,1,26,269.35,0.9746,0.0332,0.001027,4.183
452548,520,389,909,249,52,90,16.65,0.9588,0.5872,0.233374,28,30,69,277.86,0.5870,0.1537,0.016051,4.290
452552,520,405,925,201,59,242,317.27,0.9369,0.5799,0.219577,7,24,71,264.67,0.8775,0.1280,0.011533,4.381
452565,520,438,958,232,30,121,1.73,0.9431,0.5477,0.194678,27,16,20,355.60,0.2533,0.0900,0.006541,4.327
452598,520,468,988,197,46,179,333.60,0.8502,0.5189,0.170807,1,0,36,267.63,1.0000,0.0398,0.001338,4.301
452599,520,433,953,222,43,150,350.02,0.8847,0.5473,0.194619,32,4,58,302.01,0.8803,0.1024,0.006994,4.292
452602,520,479,999,215,6,132,353.51,0.9836,0.5094,0.162457,2,0,2,328.36,1.0000,0.0139,0.000173,4.235
452614,520,337,857,217,95,239,321.27,0.9072,0.6421,0.291698,27,52,54,202.26,0.3968,0.2045,0.029552,4.295
452622,520,424,944,246,36,1,31.11,0.9992,0.5607,0.208603,36,16,27,346.79,0.4238,0.1054,0.008248,4.440
452657,520,300,820,251,64,248,328.78,0.9864,0.6680,0.309562,89,5,95,324.97,0.9057,0.2339,0.030589,4.462
452691,520,425,945,239,18,120,2.79,0.9767,0.5568,0.201426,5,24,52,257.64,0.7740,0.1099,0.009334,4.237
452708,520,419,939,243,16,88,13.75,0.9858,0.5555,0.201333,21,22,46,279.84,0.4743,0.1111,0.009305,4.238
452714,520,188,708,246,165,214,342.92,0.8487,0.7851,0.513600,37,89,71,167.90,0.6464,0.3335,0.079927,4.338
452729,520,298,818,248,117,89,33.51,0.9173,0.6654,0.334033,0,64,48,169.69,1.0000,0.2310,0.038800,4.325
452735,520,385,905,239,27,186,341.99,0.9704,0.5886,0.226827,56,4,71,316.81,0.8887,0.1524,0.013826,4.337
452736,520,99,619,235,225,112,104.20,0.8048,0.8781,0.726832,16,114,55,150.68,0.9781,0.4044,0.124201,4.459
452737,520,429,949,242,19,24,28.14,0.9906,0.5455,0.194124,27,18,23,344.40,0.2151,0.0955,0.007275,4.262
452741,520,279,799,197,143,229,312.20,0.6927,0.6901,0.371731,34,65,54,168.97,0.4620,0.2496,0.043869,4.493
452748,520,344,864,206,102,225,321.24,0.8128,0.6276,0.280622,61,40,12,70.97,0.6828,0.1944,0.025363,4.387
452779,520,456,976,207,75,61,29.17,0.8137,0.5253,0.186367,1,6,44,265.17,0.9533,0.0612,0.003185,4.444
452780,520,451,971,158,73,250,301.09,0.9587,0.5405,0.189367,6,17,15,181.85,0.3998,0.0706,0.004741,4.373
452788,520,380,900,239,73,133,2.80,0.8562,0.5996,0.248122,3,27,97,263.75,0.9660,0.1609,0.016662,4.472
452790,520,320,840,253,27,239,331.44,0.9926,0.6450,0.279016,62,21,103,301.63,0.8115,0.2095,0.025398,4.364
452797,520,392,912,190,80,248,311.47,0.9458,0.5905,0.234628,36,25,72,289.97,0.6516,0.1534,0.015382,4.353
452800,520,466,986,156,74,225,305.45,0.8330,0.5184,0.174022,15,6,5,28.82,0.3432,0.0498,0.002428,4.273
452805,520,465,985,191,7,227,319.06,0.9924,0.5243,0.167758,5,0,41,276.63,1.0000,0.0490,0.001923,4.194
452813,520,431,951,128,100,251,286.72,0.9494,0.5490,0.206683,22,14,54,286.97,0.7124,0.1018,0.007510,4.463
452846,520,473,993,207,41,161,342.33,0.8649,0.5231,0.174266,2,5,4,174.77,0.3329,0.0335,0.001302,4.371
452872,520,361,881,247,24,215,335.92,0.9869,0.6186,0.253368,44,10,110,287.49,0.9390,0.1822,0.018783,4.410
452874,520,435,955,229,23,157,348.53,0.9584,0.5534,0.197079,26,11,39,306.45,0.6150,0.0892,0.006055,4.408
452886,520,413,933,235,26,165,347.39,0.9610,0.5699,0.211205,9,22,70,266.89,0.8700,0.1235,0.010740,4.300
452898,520,355,875,253,60,151,357.35,0.9781,0.6193,0.263522,14,31,99,266.82,0.9017,0.1759,0.019741,4.496
452899,520,424,944,249,4,0,29.36,1.0000,0.5560,0.202303,48,8,23,1.55,0.7121,0.1117,0.008640,4.303
452908,520,476,996,176,79,163,332.86,0.6552,0.5127,0.174676,1,2,0,126.59,1.0000,0.0203,0.000499,4.449
452914,520,373,893,161,114,238,298.81,0.7989,0.5990,0.257849,3,40,65,243.66,0.8665,0.1633,0.019185,4.450
452917,520,373,893,217,110,82,35.69,0.7015,0.6021,0.265149,11,46,9,142.37,0.9534,0.1632,0.020448,4.474
452927,520,403,923,206,64,225,322.71,0.8962,0.5801,0.222265,51,13,42,338.18,0.6624,0.1327,0.011589,4.421
452938,520,360,880,234,93,156,355.39,0.7897,0.6238,0.277240,9,47,58,221.38,0.7524,0.1823,0.023965,4.424
452939,520,469,989,185,26,232,315.94,0.9686,0.5245,0.168805,5,6,14,276.05,0.3529,0.0432,0.001942,4.212
452946,520,476,996,94,95,252,276.34,0.9789,0.5116,0.175917,4,0,11,304.75,1.0000,0.0232,0.000500,4.474
452951,520,175,695,248,188,81,79.03,0.8816,0.8032,0.565190,24,97,7,140.84,0.9920,0.3433,0.087586,4.471
452958,520,419,939,201,73,185,333.05,0.7761,0.5568,0.206871,39,16,32,339.84,0.4830,0.1122,0.009063,4.349
452982,520,457,977,197,59,176,334.73,0.8014,0.5291,0.181345,6,15,4,138.57,0.6539,0.0622,0.003891,4.293
452990,520,477,997,168,70,198,317.38,0.7708,0.5095,0.167833,1,1,2,284.11,0.2654,0.0171,0.000325,4.328
452998,520,464,984,132,95,215,294.48,0.7286,0.5152,0.179963,10,8,4,89.26,0.2801,0.0490,0.002470,4.383
453028,520,319,839,193,127,217,316.63,0.6637,0.6481,0.315268,4,44,118,261.43,0.9664,0.2222,0.031350,4.490
453055,520,464,984,98,100,247,276.91,0.9379,0.5196,0.184258,24,2,2,25.35,0.8442,0.0520,0.002420,4.469
453061,520,428,948,217,30,206,331.13,0.9569,0.5614,0.201387,12,16,55,272.98,0.7756,0.0982,0.007245,4.391
453101,520,384,904,252,3,145,356.69,0.9976,0.5888,0.228085,54,11,65,318.51,0.7787,0.1512,0.014054,4.341
453115,520,303,823,223,101,255,318.76,1.0000,0.6689,0.322170,66,50,2,88.47,0.9515,0.2264,0.034440,4.408
453116,520,421,941,248,19,24,28.19,0.9917,0.5583,0.204918,6,29,30,199.09,0.6420,0.1109,0.010111,4.241
453128,520,339,859,249,56,223,334.50,0.9714,0.6435,0.282988,64,38,45,2.28,0.3263,0.2026,0.026658,4.344
453130,520,280,800,188,144,242,303.73,0.7837,0.6890,0.370491,42,66,39,141.73,0.5123,0.2537,0.045351,4.410
453136,520,389,909,182,109,192,322.59,0.5980,0.5873,0.246891,5,37,55,238.04,0.7861,0.1484,0.016312,4.477
453168,520,441,961,219,70,80,20.90,0.8265,0.5447,0.200221,5,22,19,181.01,0.5919,0.0851,0.006531,4.426
453183,520,338,858,248,18,242,329.67,0.9946,0.6356,0.268028,58,28,86,304.80,0.6799,0.1987,0.024020,4.297
453194,520,478,998,205,66,47,30.86,0.8692,0.5076,0.170830,0,1,8,261.19,1.0000,0.0192,0.000392,4.382
453207,520,334,854,247,54,222,334.28,0.9626,0.6380,0.276894,57,35,79,305.27,0.5494,0.2050,0.026365,4.281
453209,520,417,937,243,24,140,357.05,0.9696,0.5740,0.216047,43,21,17,31.17,0.4334,0.1229,0.010905,4.368
453220,520,387,907,243,69,98,15.98,0.9071,0.5928,0.241960,11,43,12,143.85,0.9320,0.1534,0.018254,4.278
453221,520,423,943,241,31,104,9.15,0.9582,0.5612,0.206835,22,21,47,282.99,0.5021,0.1104,0.009121,4.344
453232,520,441,961,126,99,245,286.87,0.8941,0.5403,0.199516,33,13,25,344.49,0.4601,0.0944,0.006814,4.392
453233,520,200,720,235,155,254,319.75,0.9898,0.7707,0.482621,1,91,48,154.14,0.9976,0.3234,0.077017,4.193
453243,520,419,939,193,79,194,327.31,0.7584,0.5569,0.208259,42,10,43,326.51,0.6884,0.1138,0.008838,4.389
453247,520,420,940,192,40,248,314.01,0.9671,0.5563,0.195026,14,28,31,212.70,0.3401,0.1128,0.010228,4.068
453259,520,388,908,242,26,177,345.27,0.9716,0.5892,0.227935,20,32,67,267.24,0.6135,0.1508,0.015869,4.219
453268,520,262,782,251,108,244,329.52,0.9832,0.7124,0.377686,5,71,59,176.13,0.9537,0.2599,0.048543,4.340
453299,520,319,839,205,111,243,315.26,0.8898,0.6512,0.308203,48,53,47,140.47,0.1054,0.2220,0.033798,4.275
453309,520,332,852,254,46,216,337.36,0.9946,0.6417,0.279859,70,32,43,2.91,0.4746,0.1989,0.025097,4.392
453311,520,307,827,239,88,249,325.23,0.9745,0.6726,0.321721,7,66,23,147.40,0.9801,0.2334,0.040033,4.129
453312,520,454,974,226,41,67,20.48,0.9363,0.5280,0.181627,10,12,24,275.87,0.3659,0.0655,0.003934,4.295
453339,520,400,920,165,105,226,304.69,0.7540,0.5792,0.235939,10,32,62,256.99,0.7079,0.1413,0.014453,4.436
453368,520,385,905,242,13,194,340.29,0.9904,0.5943,0.230632,0,17,102,263.99,1.0040,0.1482,0.013601,4.412
453380,520,389,909,218,45,238,323.22,0.9593,0.5933,0.229572,55,10,57,326.14,0.7620,0.1457,0.013248,4.420
453426,520,370,890,245,12,219,334.44,0.9946,0.6142,0.247929,34,38,51,271.35,0.2225,0.1675,0.019653,4.277
453449,520,387,907,255,8,136,0.12,1.0000,0.5924,0.232149,48,29,2,72.58,0.8814,0.1462,0.015116,4.333
453486,520,353,873,244,57,187,343.53,0.9253,0.6160,0.257502,18,27,104,269.55,0.9178,0.1755,0.019118,4.449
453498,520,455,975,190,38,220,320.00,0.9334,0.5295,0.175021,4,16,8,155.62,0.6266,0.0644,0.004139,4.156
453511,520,367,887,224,64,219,329.34,0.9118,0.6053,0.246308,25,36,71,268.55,0.5628,0.1677,0.019233,4.280
453522,520,476,996,204,64,67,23.50,0.8223,0.5063,0.169116,1,1,2,284.11,0.2654,0.0171,0.000325,4.354
453533,520,442,962,224,50,94,12.21,0.8824,0.5369,0.189394,34,4,26,339.80,0.7312,0.0815,0.005015,4.351
453574,520,384,904,251,50,106,11.46,0.9675,0.5934,0.238346,34,37,8,114.71,0.7080,0.1505,0.016808,4.316
453588,520,422,942,237,47,73,20.24,0.9367,0.5559,0.205218,44,6,39,333.75,0.7496,0.1093,0.008123,4.391
453601,520,388,908,242,46,154,353.20,0.9248,0.5892,0.231675,6,32,70,258.25,0.8373,0.1461,0.015139,4.324
453614,520,425,945,241,13,117,3.98,0.9853,0.5585,0.202763,36,21,16,39.20,0.3375,0.1121,0.009489,4.249
453618,520,354,874,238,83,150,357.26,0.8331,0.6154,0.265685,46,43,13,103.61,0.6484,0.1823,0.023377,4.302
453622,520,407,927,228,77,73,25.66,0.8525,0.5689,0.222855,15,35,4,135.89,0.9354,0.1276,0.013124,4.323
453624,520,394,914,227,70,162,348.64,0.8223,0.5860,0.233224,42,15,73,300.29,0.7782,0.1447,0.013150,4.485
453628,520,352,872,241,1,244,327.69,0.9997,0.6216,0.252569,18,43,82,259.05,0.6927,0.1907,0.024654,4.053
453646,520,460,980,167,82,204,314.27,0.7403,0.5292,0.186105,17,3,28,308.30,0.7566,0.0562,0.002681,4.482
453647,520,406,926,247,56,66,24.02,0.9579,0.5821,0.229993,1,34,50,234.08,0.9348,0.1344,0.013807,4.388
453679,520,290,810,224,114,234,324.18,0.8733,0.6763,0.338242,33,65,5,134.43,0.9733,0.2389,0.041148,4.259
453682,520,431,951,203,1,231,321.41,0.9991,0.5464,0.184895,41,4,32,339.26,0.7689,0.0969,0.006626,4.148
453696,520,384,904,229,51,194,337.67,0.9145,0.5883,0.229232,63,11,36,355.57,0.7381,0.1500,0.014237,4.347
453723,520,118,638,232,203,242,317.41,0.6839,0.8584,0.662791,56,105,7,134.28,0.9855,0.3844,0.109590,4.466
453731,520,342,862,235,57,236,327.85,0.9559,0.6285,0.266470,77,15,42,358.62,0.7463,0.1855,0.020869,4.466
453766,520,399,919,184,93,216,316.46,0.7614,0.5775,0.229779,12,26,77,267.04,0.8543,0.1408,0.013527,4.404
453769,520,430,950,239,0,98,9.57,1.0000,0.5460,0.192358,15,26,4,130.70,0.8118,0.0996,0.008491,4.144
453771,520,359,879,247,92,8,41.04,0.9923,0.6181,0.274493,2,38,95,259.58,0.9687,0.1834,0.022252,4.491
453787,520,445,965,240,1,27,27.04,0.9995,0.5370,0.186295,33,5,17,356.28,0.6762,0.0776,0.004724,4.318
453789,520,461,981,212,56,115,2.62,0.8119,0.5254,0.180655,12,6,11,331.80,0.2869,0.0486,0.002326,4.408
453807,520,171,691,241,179,186,11.25,0.6371,0.7972,0.544878,24,97,11,141.20,0.9876,0.3436,0.087674,4.321
453813,520,430,950,215,45,184,337.01,0.8923,0.5532,0.197867,44,3,26,350.57,0.7998,0.0980,0.006753,4.368
453817,520,424,944,212,20,218,326.78,0.9785,0.5568,0.195613,9,29,19,159.88,0.6159,0.1084,0.009838,4.105
453821,520,356,876,254,28,198,341.94,0.9938,0.6233,0.259820,73,16,51,347.06,0.7206,0.1827,0.020263,4.409
453826,520,391,911,216,51,230,324.52,0.9404,0.5886,0.226817,63,8,33,358.19,0.7779,0.1455,0.013404,4.366
453828,520,444,964,226,16,136,354.73,0.9688,0.5358,0.183197,9,11,44,274.59,0.7628,0.0767,0.004793,4.256
453830,520,423,943,222,21,190,336.79,0.9688,0.5569,0.197861,22,28,2,120.75,0.8813,0.1110,0.010055,4.127
453832,520,358,878,237,43,229,330.14,0.9685,0.6180,0.253920,16,49,38,168.44,0.6692,0.1823,0.024466,4.081
453870,520,425,945,249,8,3,29.32,0.9980,0.5569,0.203237,10,30,18,155.48,0.6293,0.1117,0.010367,4.195
453871,520,374,894,242,17,195,340.04,0.9870,0.5958,0.232213,14,42,48,213.86,0.5755,0.1633,0.019626,4.053
453880,520,431,951,206,21,217,325.46,0.9741,0.5460,0.186697,34,16,5,52.63,0.6134,0.0958,0.007217,4.137
453881,520,278,798,215,151,114,50.83,0.5283,0.6866,0.377967,3,68,64,188.07,0.9620,0.2515,0.045236,4.494
453890,520,353,873,242,22,235,329.92,0.9908,0.6215,0.254520,72,18,44,354.47,0.6895,0.1799,0.019924,4.355
453909,520,371,891,255,35,151,356.20,1.0000,0.6066,0.247000,12,41,67,248.82,0.6886,0.1711,0.020692,4.201
453910,520,458,978,226,8,135,354.90,0.9846,0.5334,0.180945,3,15,16,201.45,0.5661,0.0635,0.003984,4.278
453923,520,333,853,240,113,54,43.24,0.8914,0.6409,0.306047,26,55,3,134.86,0.9792,0.2008,0.029585,4.474
453925,520,480,1000,209,37,136,351.73,0.8712,0.5120,0.166583,0,0,0,0.00,0.0000,0.0000,0.000000,4.332
453929,520,319,839,216,106,222,325.45,0.8136,0.6461,0.301826,24,59,21,142.12,0.8856,0.2153,0.033762,4.200
453953,520,374,894,251,55,107,11.68,0.9658,0.5975,0.243067,46,34,38,356.61,0.1803,0.1646,0.018649,4.269
453963,520,415,935,222,71,133,359.20,0.7886,0.5665,0.217320,47,11,43,332.40,0.6845,0.1236,0.010182,4.442
453976,520,459,979,196,29,217,322.65,0.9542,0.5322,0.176258,2,10,29,259.68,0.7679,0.0579,0.003187,4.254
454014,520,453,973,193,78,144,347.71,0.6736,0.5294,0.188015,29,7,7,22.28,0.5947,0.0716,0.004285,4.385
454016,520,425,945,201,78,176,336.45,0.7405,0.5582,0.210026,34,13,54,304.18,0.7046,0.1142,0.008943,4.411
454028,520,418,938,159,105,204,307.70,0.6393,0.5575,0.218342,17,27,44,260.61,0.4166,0.1191,0.010849,4.410
454034,520,397,917,185,84,231,313.52,0.8485,0.5762,0.224255,7,29,73,262.00,0.8616,0.1417,0.014049,4.282
454038,520,34,554,237,244,245,207.14,0.2368,0.9559,0.892982,23,129,36,144.31,0.9840,0.4524,0.160094,4.488
454040,520,444,964,242,15,12,29.03,0.9935,0.5437,0.192489,30,7,15,0.18,0.5705,0.0755,0.004625,4.439
454070,520,416,936,175,90,228,310.14,0.8123,0.5689,0.220285,29,20,56,291.59,0.6055,0.1222,0.010470,4.470
454081,520,426,946,202,77,175,337.11,0.7451,0.5580,0.209612,5,22,62,263.09,0.8733,0.1136,0.009538,4.360
454095,520,476,996,221,38,61,21.56,0.9409,0.5146,0.170980,3,1,8,299.53,0.6793,0.0239,0.000586,4.368
454102,520,387,907,180,110,190,322.41,0.5808,0.5854,0.245738,5,44,6,143.34,0.9789,0.1535,0.018467,4.319
454103,520,239,759,251,123,239,331.02,0.9798,0.7308,0.409096,14,69,103,241.68,0.8038,0.2791,0.053286,4.445
454117,520,375,895,255,28,151,355.94,1.0000,0.6036,0.243285,49,24,58,316.48,0.5562,0.1574,0.016118,4.436
454126,520,221,741,249,136,239,330.50,0.9679,0.7483,0.439823,4,84,47,155.62,0.9874,0.2998,0.065714,4.233
454147,520,369,889,207,103,180,338.11,0.6608,0.6063,0.262628,28,37,72,270.73,0.5356,0.1733,0.020378,4.442
454167,520,342,862,246,73,172,349.71,0.9154,0.6271,0.273395,72,23,48,351.61,0.6257,0.1889,0.022041,4.489
454174,520,432,952,241,32,33,27.86,0.9786,0.5495,0.198470,29,1,67,293.90,0.9775,0.1036,0.006882,4.368
454177,520,408,928,230,23,189,339.01,0.9708,0.5719,0.211126,56,7,24,4.83,0.7763,0.1266,0.010588,4.310
454201,520,365,885,251,57,131,3.64,0.9603,0.6060,0.250776,0,31,97,261.66,1.0000,0.1683,0.018429,4.395
454242,520,319,839,252,100,103,22.11,0.9615,0.6487,0.307924,61,49,9,91.56,0.7981,0.2176,0.032085,4.360
454255,520,412,932,222,33,197,334.87,0.9483,0.5662,0.206509,32,17,53,300.05,0.6277,0.1176,0.009650,4.300
454256,520,418,938,225,77,17,38.36,0.9701,0.5575,0.213585,39,17,43,321.28,0.5443,0.1201,0.010067,4.388
454267,520,200,720,249,168,127,47.52,0.8350,0.7691,0.496796,15,87,75,178.39,0.8950,0.3209,0.074256,4.401
454276,520,474,994,214,55,100,9.14,0.8312,0.5235,0.179510,4,3,9,292.78,0.4078,0.0321,0.001107,4.491
454279,520,475,995,202,34,182,334.02,0.9043,0.5214,0.170799,1,2,22,268.88,0.9274,0.0329,0.001078,4.323
454280,520,413,933,231,32,183,341.10,0.9514,0.5742,0.214436,39,13,51,313.49,0.6826,0.1189,0.009582,4.438
454295,520,357,877,247,26,220,334.67,0.9864,0.6222,0.256833,27,43,64,255.58,0.4196,0.1832,0.023309,4.185
454312,520,403,923,253,12,104,9.94,0.9916,0.5793,0.221488,42,14,55,313.35,0.6931,0.1279,0.010822,4.464
454335,520,436,956,193,65,205,324.22,0.8315,0.5469,0.195273,43,2,2,27.44,0.9515,0.0871,0.005615,4.410
454342,520,442,962,184,85,172,332.25,0.6621,0.5391,0.196672,24,14,21,337.97,0.2794,0.0824,0.005624,4.435
454343,520,464,984,221,11,124,357.76,0.9760,0.5195,0.170694,16,5,11,345.00,0.4275,0.0507,0.002429,4.209
454352,520,424,944,243,37,34,28.20,0.9744,0.5566,0.204967,10,0,86,270.58,1.0000,0.1093,0.007364,4.445
454354,520,475,995,168,73,203,315.71,0.7730,0.5171,0.174026,10,1,5,347.61,0.6796,0.0312,0.000972,4.395
454356,520,338,858,201,102,252,312.43,0.9681,0.6381,0.289496,39,42,80,278.10,0.4904,0.2013,0.026664,4.428
454362,520,14,534,228,255,254,193.99,1.0000,0.9770,0.951689,50,129,99,165.06,0.7393,0.4735,0.172788,4.496
454374,520,330,850,252,5,246,329.67,0.9988,0.6428,0.274609,35,24,125,276.54,0.9243,0.2076,0.024911,4.333
454384,520,389,909,236,26,200,337.37,0.9748,0.5904,0.227446,63,15,16,23.12,0.7538,0.1487,0.014360,4.311
454419,520,400,920,227,88,61,32.93,0.8532,0.5802,0.236499,18,36,37,200.26,0.3688,0.1419,0.015239,4.392
454422,520,375,895,227,84,160,350.79,0.7760,0.6017,0.252121,41,30,60,299.46,0.4593,0.1605,0.017262,4.492
454425,520,438,958,238,31,95,11.74,0.9573,0.5527,0.199865,24,15,29,312.98,0.3679,0.0882,0.006246,4.442
454434,520,470,990,200,34,185,332.55,0.9054,0.5196,0.169280,7,3,15,301.13,0.5774,0.0380,0.001448,4.262
454441,520,444,964,185,40,240,313.75,0.9516,0.5388,0.181243,42,0,13,6.29,1.0000,0.0844,0.005214,4.188
454483,520,462,982,219,49,103,7.86,0.8637,0.5287,0.182385,8,6,24,286.14,0.5811,0.0513,0.002478,4.428
454485,520,80,600,251,220,188,67.95,0.7653,0.8977,0.753276,32,117,0,140.07,1.0000,0.4126,0.130292,4.455
454506,520,470,990,169,70,208,314.89,0.7984,0.5182,0.173703,2,7,0,133.66,1.0000,0.0375,0.001649,4.331
454525,520,320,840,243,81,212,336.41,0.9276,0.6498,0.296957,60,47,10,88.90,0.7662,0.2109,0.030157,4.328
454527,520,164,684,248,185,140,56.56,0.7873,0.8062,0.565498,24,96,35,145.55,0.9614,0.3427,0.086809,4.499
454535,520,426,946,244,38,0,31.41,1.0000,0.5577,0.206228,44,15,18,15.62,0.5466,0.1132,0.009209,4.328
454537,520,397,917,249,7,130,0.96,0.9938,0.5780,0.219069,28,29,59,279.99,0.4906,0.1436,0.014413,4.177
454547,520,391,911,244,27,176,346.02,0.9715,0.5929,0.231547,30,38,30,145.01,0.2066,0.1546,0.017560,4.167
454554,520,375,895,228,38,234,326.78,0.9714,0.6032,0.238231,62,10,53,336.00,0.7603,0.1560,0.014984,4.435
454573,520,416,936,225,40,181,340.40,0.9217,0.5664,0.208638,28,29,14,111.63,0.3968,0.1221,0.011573,4.201
454584,520,444,964,173,61,241,308.85,0.9218,0.5394,0.185734,40,1,12,7.43,0.9088,0.0818,0.004994,4.287
454588,520,346,866,253,55,194,343.39,0.9851,0.6341,0.275134,52,36,65,308.69,0.4173,0.1911,0.023735,4.409
454596,520,403,923,216,9,249,320.64,0.9959,0.5840,0.216358,51,5,56,323.64,0.8218,0.1323,0.010980,4.368
454600,520,423,943,195,19,253,314.24,0.9911,0.5555,0.191610,43,9,42,328.98,0.7031,0.1135,0.008762,4.112
454612,520,373,893,215,64,231,323.74,0.9182,0.5985,0.238853,8,45,6,142.20,0.9704,0.1582,0.019415,4.161
454618,520,374,894,181,90,253,306.61,0.9772,0.5952,0.242287,32,30,69,282.61,0.5665,0.1574,0.016653,4.385
454639,520,453,973,178,67,213,316.92,0.8286,0.5315,0.182844,6,8,47,272.00,0.8872,0.0719,0.004176,4.298
454644,520,451,971,241,6,40,25.27,0.9968,0.5413,0.189876,23,5,38,306.01,0.7588,0.0746,0.004307,4.417
454645,520,458,978,205,59,140,350.79,0.7838,0.5251,0.180026,24,6,15,349.92,0.5282,0.0647,0.003590,4.292
454661,520,346,866,244,84,153,357.44,0.8749,0.6282,0.278767,14,47,63,232.97,0.6589,0.1871,0.024852,4.392
454668,520,322,842,236,68,245,325.79,0.9631,0.6451,0.285621,69,38,51,353.74,0.3833,0.2127,0.028906,4.253
454676,520,346,866,249,101,17,43.00,0.9836,0.6349,0.294909,9,54,30,155.17,0.9230,0.1940,0.027900,4.428
454677,520,474,994,229,5,67,18.16,0.9949,0.5189,0.171748,0,2,16,261.55,1.0000,0.0276,0.000808,4.364
454680,520,377,897,232,51,210,333.86,0.9367,0.6028,0.241791,36,11,102,283.96,0.9329,0.1644,0.015737,4.439
454700,520,390,910,224,74,163,347.84,0.8012,0.5857,0.233916,63,2,53,336.42,0.8881,0.1497,0.013574,4.466
454713,520,391,911,245,40,149,355.16,0.9425,0.5891,0.231033,45,0,87,298.83,1.0000,0.1468,0.012460,4.499
454729,520,421,941,247,20,66,20.52,0.9867,0.5609,0.206714,38,9,47,317.18,0.7237,0.1088,0.008127,4.416
454745,520,322,842,248,60,226,333.51,0.9679,0.6465,0.286821,5,26,140,265.07,0.9774,0.2149,0.026643,4.395
454751,520,407,927,232,72,56,29.49,0.8991,0.5677,0.220790,46,21,3,54.96,0.7912,0.1251,0.011238,4.422
454755,520,73,593,206,238,225,169.05,0.4481,0.9096,0.797063,11,122,1,142.04,0.9994,0.4249,0.139918,4.460
454760,520,462,982,234,12,79,15.34,0.9878,0.5336,0.183230,15,7,11,347.04,0.2859,0.0540,0.002777,4.419
454767,520,478,998,158,78,201,311.88,0.7405,0.5085,0.169356,5,0,11,309.75,1.0000,0.0246,0.000564,4.338
454775,520,480,1000,134,84,233,294.17,0.8444,0.5128,0.172922,0,0,0,0.00,0.0000,0.0000,0.000000,4.458
454794,520,413,933,248,31,73,19.46,0.9744,0.5686,0.214210,4,31,41,226.09,0.7695,0.1214,0.011658,4.285
454797,520,443,963,199,85,125,0.65,0.6472,0.5422,0.201216,10,19,26,242.54,0.3272,0.0832,0.006048,4.482
454798,520,412,932,217,58,184,337.78,0.8572,0.5674,0.212407,29,7,76,287.80,0.9093,0.1217,0.009350,4.421
454811,520,460,980,180,31,246,311.25,0.9699,0.5310,0.173381,1,14,7,162.42,0.9016,0.0564,0.003359,4.186
454813,520,472,992,230,4,83,13.33,0.9951,0.5242,0.175374,3,5,2,133.60,0.4000,0.0338,0.001323,4.391
454821,520,471,991,155,68,243,301.88,0.9214,0.5244,0.175743,4,8,2,133.14,0.5928,0.0428,0.002039,4.338
454836,520,358,878,248,37,199,340.48,0.9692,0.6167,0.254063,13,0,134,267.57,1.0000,0.1825,0.018066,4.467
454856,520,322,842,239,91,206,337.51,0.8909,0.6518,0.302917,10,51,87,249.73,0.7968,0.2140,0.031201,4.346
454858,520,39,559,252,239,207,88.53,0.7788,0.9467,0.869341,0,131,12,143.09,1.0000,0.4542,0.162584,4.325
454871,520,419,939,225,25,176,341.67,0.9562,0.5561,0.198400,11,26,32,225.75,0.4161,0.1057,0.009142,4.200
454877,520,376,896,249,64,120,8.03,0.9415,0.6050,0.251660,61,24,27,16.89,0.5416,0.1623,0.017246,4.486
454884,520,462,982,218,45,113,3.27,0.8681,0.5266,0.179770,3,2,40,271.57,0.9691,0.0506,0.002160,4.405
454892,520,449,969,230,1,129,357.63,0.9982,0.5376,0.184326,25,1,43,306.51,0.9342,0.0742,0.004028,4.337
454896,520,399,919,216,59,211,329.40,0.8965,0.5825,0.224320,44,25,35,347.14,0.3358,0.1393,0.013521,4.319
454897,520,391,911,235,72,135,1.12,0.8344,0.5919,0.240490,26,24,81,277.97,0.7776,0.1501,0.014669,4.492
454904,520,445,965,233,43,73,19.44,0.9381,0.5449,0.195355,16,12,36,288.06,0.5643,0.0780,0.005005,4.461
454914,520,338,858,250,9,246,329.23,0.9978,0.6400,0.271762,36,51,38,148.34,0.3095,0.2018,0.028826,4.082
454919,520,478,998,213,48,92,11.17,0.8608,0.5128,0.170352,6,0,1,6.99,1.0000,0.0204,0.000409,4.371
454920,520,413,933,183,77,237,311.92,0.8862,0.5687,0.214904,31,24,33,318.65,0.2151,0.1188,0.010544,4.375
454926,520,437,957,194,37,235,317.57,0.9553,0.5471,0.187920,1,15,55,262.30,0.9629,0.0892,0.006239,4.231
454933,520,450,970,221,32,142,352.10,0.9164,0.5350,0.183607,31,3,25,337.13,0.7518,0.0742,0.004267,4.305
454934,520,420,940,238,36,99,10.79,0.9455,0.5564,0.203429,9,10,75,270.40,0.9566,0.1078,0.007831,4.382
454955,520,342,862,237,91,174,348.44,0.8299,0.6335,0.285453,46,45,10,107.67,0.7359,0.1877,0.024796,4.485
454963,520,438,958,174,73,236,309.44,0.8838,0.5503,0.198207,11,25,8,139.97,0.6872,0.0947,0.007839,4.291
454966,520,388,908,252,40,100,12.57,0.9781,0.5873,0.231368,3,3,113,265.28,0.9971,0.1491,0.012766,4.483
454980,520,384,904,247,36,142,357.66,0.9529,0.5881,0.229923,50,25,29,10.11,0.3944,0.1462,0.014622,4.332
455002,520,437,957,221,16,187,337.37,0.9761,0.5517,0.193330,26,18,19,10.00,0.1728,0.0928,0.006993,4.270
455003,520,433,953,244,16,41,25.57,0.9917,0.5502,0.197673,26,2,70,288.80,0.9660,0.1048,0.007052,4.341
455008,520,470,990,202,44,175,336.31,0.8600,0.5239,0.174550,5,0,36,279.25,1.0000,0.0439,0.001596,4.352
455009,520,366,886,213,72,234,322.20,0.9069,0.6053,0.247231,8,25,110,266.07,0.9570,0.1749,0.018725,4.325
455032,520,257,777,219,163,17,83.20,0.9588,0.7073,0.412965,29,75,14,139.27,0.9623,0.2710,0.053249,4.484
455040,520,409,929,225,33,196,335.90,0.9508,0.5710,0.210833,56,1,41,342.24,0.9137,0.1270,0.010227,4.331
455076,520,425,945,204,12,247,317.99,0.9932,0.5631,0.198173,44,7,29,347.79,0.7073,0.1053,0.007762,4.296
455081,520,335,855,237,55,254,324.16,0.9962,0.6424,0.278951,72,19,79,322.81,0.7471,0.2022,0.024081,4.440
455085,520,468,988,210,63,69,22.77,0.8397,0.5170,0.176886,11,3,1,46.39,0.6267,0.0364,0.001385,4.415
455105,520,434,954,155,82,254,298.41,0.9890,0.5522,0.201592,30,10,51,302.33,0.7370,0.1020,0.007321,4.389
455131,520,427,947,208,29,224,324.18,0.9664,0.5577,0.196723,0,26,38,230.57,1.0000,0.1028,0.008787,4.197
455145,520,356,876,216,67,249,319.59,0.9695,0.6154,0.254546,82,13,3,32.24,0.9592,0.1849,0.020886,4.296
455167,520,469,989,210,12,174,338.45,0.9730,0.5223,0.170228,3,3,29,273.94,0.8894,0.0431,0.001732,4.257
455172,520,454,974,232,14,71,17.62,0.9861,0.5282,0.179279,6,19,5,141.92,0.7657,0.0733,0.005154,4.157
455190,520,246,766,207,149,255,308.28,1.0000,0.7272,0.419810,17,78,24,144.75,0.9677,0.2778,0.056337,4.418
455199,520,286,806,244,119,190,346.98,0.8544,0.6917,0.361470,4,67,40,158.23,0.9769,0.2398,0.041931,4.476
455202,520,261,781,248,127,180,354.00,0.8625,0.7066,0.384331,58,64,60,156.67,0.0793,0.2684,0.048925,4.390
455214,520,462,982,219,0,160,344.93,1.0000,0.5293,0.176006,7,10,5,131.47,0.2943,0.0513,0.002732,4.286
455230,520,387,907,201,86,205,326.29,0.7782,0.5853,0.234824,22,28,70,273.19,0.6679,0.1450,0.014432,4.421
455234,520,431,951,196,41,226,320.19,0.9383,0.5458,0.188141,9,24,33,236.62,0.4716,0.0995,0.008211,4.091
455237,520,413,933,163,92,242,302.31,0.8753,0.5669,0.218520,13,26,57,264.75,0.6558,0.1232,0.011197,4.388
455240,520,256,776,237,145,165,6.06,0.6821,0.7175,0.409741,8,75,62,175.34,0.9337,0.2750,0.054313,4.407
455252,520,443,963,182,87,166,334.14,0.6335,0.5360,0.195159,17,15,36,285.82,0.4864,0.0850,0.005882,4.387
455263,520,319,839,253,64,218,336.83,0.9887,0.6537,0.296145,73,35,62,339.16,0.4921,0.2182,0.029665,4.345
455286,520,430,950,237,38,87,14.84,0.9456,0.5526,0.200820,22,13,54,287.59,0.7291,0.1000,0.007248,4.381
455313,520,475,995,178,70,185,325.24,0.7491,0.5161,0.173492,7,3,7,326.70,0.3632,0.0346,0.001256,4.360
455321,520,433,953,211,56,178,338.06,0.8414,0.5517,0.198937,26,6,59,293.33,0.8599,0.0986,0.006656,4.394
455354,520,463,983,231,28,55,22.79,0.9720,0.5288,0.180983,1,12,5,158.05,0.8980,0.0507,0.002803,4.374
455364,520,478,998,147,76,228,301.19,0.8392,0.5120,0.169737,4,0,11,304.75,1.0000,0.0232,0.000500,4.351
455370,520,432,952,236,48,38,28.83,0.9550,0.5500,0.200899,46,2,31,345.24,0.8361,0.1028,0.007233,4.384
455392,520,472,992,207,54,136,352.48,0.8046,0.5220,0.176834,4,2,7,305.39,0.4605,0.0281,0.000846,4.461
455396,520,445,965,210,50,169,340.66,0.8477,0.5398,0.188495,2,20,20,195.02,0.7771,0.0778,0.005637,4.287
455399,520,470,990,217,30,115,1.06,0.9172,0.5154,0.169206,18,2,5,6.44,0.6817,0.0441,0.001830,4.229
455419,520,292,812,217,128,216,327.43,0.7221,0.6803,0.351494,16,67,31,149.37,0.9326,0.2409,0.042232,4.353
455443,520,440,960,225,44,152,350.07,0.8897,0.5546,0.200785,3,25,10,152.52,0.9132,0.0902,0.007365,4.372
455445,520,415,935,229,10,195,337.03,0.9896,0.5700,0.208179,5,20,72,265.30,0.9182,0.1194,0.010004,4.303
455446,520,420,940,245,25,67,20.41,0.9807,0.5587,0.205165,24,24,26,286.06,0.0462,0.1080,0.009220,4.309
455486,520,480,1000,194,8,200,326.70,0.9846,0.5089,0.158148,0,0,0,0.00,0.0000,0.0000,0.000000,4.163
455500,520,464,984,181,63,191,324.55,0.7922,0.5162,0.171416,18,5,9,358.52,0.4543,0.0525,0.002569,4.212
455504,520,456,976,171,72,213,314.12,0.8071,0.5273,0.180976,19,8,3,53.17,0.5221,0.0583,0.003187,4.343
455518,520,464,984,213,53,95,10.72,0.8402,0.5182,0.175210,0,10,13,211.58,1.0000,0.0476,0.002461,4.293
455521,520,344,864,239,46,234,329.39,0.9696,0.6265,0.262479,77,5,60,340.47,0.8445,0.1854,0.020128,4.456
455527,520,360,880,242,5,244,327.91,0.9985,0.6240,0.255202,26,49,15,136.75,0.8219,0.1823,0.024507,4.096
455557,520,234,754,233,153,208,339.10,0.7164,0.7433,0.446619,62,74,35,123.34,0.5509,0.2948,0.060430,4.497
455594,520,420,940,225,44,159,347.65,0.8934,0.5578,0.203147,28,10,61,293.07,0.8041,0.1086,0.008009,4.364
455607,520,466,986,207,62,106,6.59,0.7803,0.5194,0.177534,1,4,34,266.09,0.9452,0.0477,0.002088,4.368
455610,520,349,869,240,101,115,16.75,0.8277,0.6324,0.290733,21,51,37,161.60,0.6006,0.1911,0.026606,4.448
455613,520,432,952,224,43,147,351.55,0.8885,0.5498,0.196842,16,16,51,278.32,0.6851,0.0975,0.007197,4.316
455617,520,319,839,244,72,234,330.50,0.9548,0.6548,0.298110,56,22,121,290.67,0.8679,0.2217,0.027950,4.466
455623,520,418,938,231,10,178,342.32,0.9875,0.5641,0.204231,10,22,61,266.86,0.7891,0.1154,0.009752,4.255
455629,520,368,888,229,100,89,27.27,0.7951,0.6064,0.264962,23,41,52,236.41,0.3808,0.1676,0.020159,4.489
455645,520,330,850,254,30,225,334.99,0.9955,0.6392,0.274389,35,34,112,276.21,0.8219,0.2093,0.026711,4.229
455662,520,378,898,234,41,205,335.65,0.9525,0.5969,0.234888,19,25,91,271.35,0.8811,0.1575,0.015890,4.324
455668,520,462,982,176,61,228,312.79,0.8817,0.5332,0.181700,12,1,37,291.41,0.9403,0.0536,0.002334,4.427
455716,520,368,888,254,34,165,351.60,0.9916,0.6100,0.249350,13,39,78,258.58,0.7493,0.1744,0.020866,4.224
455721,520,359,879,206,109,189,334.09,0.6547,0.6190,0.277348,18,49,27,150.94,0.7492,0.1800,0.024043,4.421
455726,520,419,939,215,41,204,331.14,0.9283,0.5626,0.203947,3,25,46,249.16,0.7904,0.1069,0.009118,4.296
455738,520,427,947,225,63,111,7.68,0.8314,0.5559,0.207129,42,9,17,8.75,0.6528,0.0999,0.007282,4.489
455745,520,309,829,252,96,155,0.03,0.9465,0.6578,0.314309,45,48,82,278.62,0.4175,0.2235,0.032809,4.399
455752,520,364,884,248,34,182,345.26,0.9668,0.6064,0.244812,82,0,6,25.48,1.0000,0.1734,0.018073,4.331
455762,520,453,973,179,28,249,310.41,0.9757,0.5307,0.172548,3,13,36,261.33,0.7736,0.0700,0.004346,4.095
455782,520,447,967,222,32,145,351.27,0.9190,0.5383,0.186095,15,5,54,282.67,0.8988,0.0805,0.004764,4.311
455794,520,455,975,151,79,234,301.10,0.8577,0.5263,0.181121,20,5,15,340.61,0.5251,0.0572,0.002918,4.368
455799,520,352,872,245,79,130,5.93,0.8903,0.6163,0.266193,0,49,63,223.03,1.0000,0.1885,0.025554,4.185
455811,520,476,996,225,28,44,25.10,0.9724,0.5147,0.170228,3,1,4,316.91,0.5138,0.0217,0.000498,4.361
455819,520,422,942,199,73,193,329.71,0.7885,0.5582,0.207591,13,29,21,161.14,0.4559,0.1113,0.010184,4.280
455823,520,475,995,209,27,169,339.89,0.9255,0.5229,0.172059,7,0,13,313.25,1.0000,0.0283,0.000742,4.376
455828,520,467,987,228,31,9,30.39,0.9908,0.5202,0.174967,4,3,16,284.81,0.6209,0.0354,0.001283,4.387
455844,520,454,974,235,18,22,28.24,0.9901,0.5300,0.181559,23,11,20,336.32,0.3583,0.0748,0.004720,4.232
455849,520,476,996,200,55,125,355.50,0.7831,0.5054,0.164944,2,2,0,109.77,1.0000,0.0218,0.000563,4.251
455856,520,401,921,238,22,179,343.74,0.9750,0.5812,0.220086,12,10,95,269.89,0.9758,0.1351,0.011214,4.412
455887,520,400,920,219,34,228,326.00,0.9676,0.5817,0.218077,45,9,66,309.30,0.8111,0.1352,0.011467,4.361
455901,520,403,923,240,70,59,28.22,0.9273,0.5812,0.232245,26,33,0,120.53,1.0000,0.1293,0.013073,4.475
455911,520,384,904,255,44,74,20.84,1.0000,0.5905,0.235595,54,23,16,33.92,0.5661,0.1452,0.014346,4.438
455930,520,399,919,245,33,138,358.46,0.9555,0.5811,0.223385,50,15,58,319.70,0.6991,0.1441,0.013253,4.322
455944,520,304,824,241,128,44,52.13,0.9175,0.6679,0.343237,29,63,25,141.65,0.8406,0.2322,0.038863,4.425
455971,520,433,953,182,68,227,314.59,0.8657,0.5490,0.196264,21,17,47,286.10,0.5853,0.1008,0.007656,4.271
455975,520,366,886,228,22,253,322.61,0.9928,0.6102,0.241619,34,32,72,282.66,0.5599,0.1664,0.018410,4.263
455978,520,280,800,234,136,138,19.11,0.6885,0.6883,0.369380,29,66,56,173.62,0.5560,0.2507,0.044430,4.441
455993,520,452,972,210,74,65,27.38,0.8161,0.5302,0.189831,29,3,26,332.60,0.7493,0.0715,0.004010,4.441
456024,520,479,999,202,5,185,333.07,0.9883,0.5125,0.161698,3,0,0,29.23,1.0000,0.0143,0.000194,4.218
456027,520,295,815,234,126,173,353.74,0.7195,0.6817,0.354335,15,68,30,148.83,0.9444,0.2438,0.043294,4.334
456033,520,408,928,192,49,252,312.85,0.9835,0.5658,0.204326,39,28,23,45.64,0.2267,0.1350,0.013237,4.022
456047,520,478,998,142,87,217,299.95,0.7623,0.5141,0.175772,6,0,5,332.72,1.0000,0.0228,0.000497,4.471
456064,520,466,986,224,7,98,7.49,0.9879,0.5161,0.168839,6,11,3,131.81,0.5487,0.0520,0.002846,4.141
456096,520,317,837,245,88,204,339.62,0.9254,0.6568,0.307543,1,54,80,237.36,0.9687,0.2152,0.032238,4.348
456108,520,402,922,171,88,249,304.22,0.9377,0.5765,0.224775,44,24,21,29.04,0.3648,0.1321,0.012429,4.401
456117,520,433,953,244,30,27,28.53,0.9826,0.5544,0.202443,45,1,29,346.59,0.8864,0.0984,0.006684,4.454
456126,520,356,876,246,20,218,334.93,0.9900,0.6173,0.251581,55,37,26,52.37,0.3496,0.1807,0.022100,4.183
456131,520,464,984,181,85,142,345.70,0.5970,0.5196,0.182751,0,10,13,211.58,1.0000,0.0476,0.002461,4.437
456133,520,333,853,243,76,205,338.40,0.9232,0.6408,0.286341,54,41,47,349.07,0.1796,0.1964,0.025754,4.440
456135,520,334,854,249,25,249,328.31,0.9928,0.6440,0.276775,49,47,31,101.84,0.2872,0.2009,0.027849,4.198
456140,520,399,919,121,118,250,280.48,0.9275,0.5764,0.239234,2,38,44,211.07,0.9081,0.1437,0.015809,4.395
456147,520,417,937,246,28,85,15.63,0.9735,0.5654,0.210827,19,10,81,276.55,0.9375,0.1218,0.009496,4.384
456163,520,417,937,243,56,68,23.32,0.9386,0.5745,0.223037,5,33,15,152.40,0.9061,0.1179,0.011544,4.436
456165,520,333,853,255,58,195,343.63,1.0000,0.6404,0.282296,91,9,13,25.40,0.9403,0.2028,0.024490,4.461
456185,520,474,994,215,17,141,350.57,0.9549,0.5163,0.167735,3,3,11,281.35,0.4948,0.0318,0.001086,4.262
456199,520,469,989,207,70,41,33.62,0.8836,0.5159,0.178080,7,2,20,296.29,0.7529,0.0382,0.001391,4.438
456203,520,370,890,227,75,192,338.33,0.8477,0.6060,0.251712,65,15,62,330.42,0.7318,0.1729,0.018134,4.428
456228,520,476,996,189,84,52,37.49,0.7547,0.5054,0.174091,4,1,6,314.84,0.6159,0.0242,0.000607,4.428
456233,520,335,855,231,113,110,23.17,0.7457,0.6355,0.299274,0,53,65,218.22,1.0000,0.2023,0.029277,4.406
456245,520,405,925,236,25,181,342.74,0.9692,0.5795,0.218672,25,32,30,176.15,0.1359,0.1325,0.013334,4.242
456249,520,391,911,198,70,252,313.65,0.9796,0.5936,0.234156,13,20,97,269.01,0.9461,0.1522,0.014488,4.406
456259,520,341,861,247,38,232,331.75,0.9805,0.6346,0.269895,21,54,42,167.10,0.6131,0.2025,0.029648,4.016
456260,520,426,946,243,20,93,12.37,0.9803,0.5579,0.203487,41,13,28,349.13,0.5542,0.1084,0.008432,4.338
456266,520,341,861,222,70,246,321.84,0.9585,0.6255,0.265657,84,8,53,350.74,0.8220,0.1987,0.023158,4.315
456295,520,418,938,205,62,206,327.66,0.8609,0.5639,0.208824,9,26,51,258.05,0.6565,0.1164,0.010358,4.288
456319,520,437,957,182,53,246,311.02,0.9517,0.5491,0.191461,34,13,14,18.02,0.4644,0.0920,0.006597,4.266
456328,520,480,1000,180,17,233,314.42,0.9818,0.5138,0.159885,0,0,0,0.00,0.0000,0.0000,0.000000,4.198
456355,520,423,943,236,27,143,354.78,0.9557,0.5626,0.206029,41,15,25,357.38,0.5001,0.1105,0.008833,4.352
456357,520,437,957,187,64,222,317.68,0.8681,0.5484,0.195067,11,13,48,274.93,0.7525,0.0853,0.005724,4.398
456358,520,369,889,240,47,206,336.85,0.9505,0.6118,0.250174,55,7,90,304.45,0.9037,0.1718,0.017024,4.479
456368,520,349,869,200,101,246,313.60,0.9179,0.6312,0.282417,11,50,44,180.84,0.7622,0.1859,0.025341,4.412
456383,520,418,938,223,51,160,347.15,0.8673,0.5599,0.205962,32,16,61,295.39,0.7093,0.1225,0.010146,4.256
456391,520,409,929,248,14,99,10.89,0.9886,0.5681,0.211749,61,3,19,11.40,0.8988,0.1308,0.011044,4.288
456404,520,408,928,193,75,216,320.72,0.8296,0.5659,0.213288,37,27,16,68.72,0.3494,0.1279,0.012146,4.237
456444,520,389,909,211,84,184,336.81,0.7588,0.5865,0.236521,24,22,83,276.80,0.8274,0.1467,0.013925,4.482
456445,520,476,996,115,97,223,285.56,0.7751,0.5079,0.175217,3,1,9,297.22,0.7058,0.0244,0.000608,4.450
456450,520,293,813,250,126,51,47.93,0.9510,0.6791,0.354878,53,59,37,120.81,0.3443,0.2416,0.040184,4.489
456460,520,329,849,255,16,243,330.97,1.0000,0.6480,0.281048,63,14,106,302.15,0.8752,0.2064,0.024115,4.467
456467,520,375,895,253,37,131,2.41,0.9826,0.5965,0.238481,61,18,45,345.01,0.6370,0.1595,0.016143,4.361
456473,520,465,985,204,39,173,337.45,0.8788,0.5228,0.173075,1,2,40,266.77,0.9811,0.0487,0.002031,4.287
456477,520,375,895,212,53,247,319.38,0.9638,0.5958,0.232604,60,25,10,42.58,0.6982,0.1587,0.016780,4.232
456479,520,372,892,254,39,157,354.28,0.9910,0.6091,0.249597,5,21,111,265.54,0.9708,0.1684,0.017162,4.461
456480,520,397,917,233,61,135,359.36,0.8570,0.5769,0.224132,24,18,87,277.32,0.8828,0.1442,0.013149,4.341
456518,520,470,990,228,3,76,15.27,0.9964,0.5181,0.170839,1,6,13,244.21,0.6650,0.0387,0.001658,4.275
456536,520,389,909,243,11,187,342.43,0.9915,0.5920,0.228850,0,32,72,255.65,0.9999,0.1453,0.015008,4.289
456544,520,477,997,192,13,202,325.58,0.9756,0.5080,0.157602,1,2,4,255.89,0.3738,0.0225,0.000586,4.104
456558,520,419,939,197,28,246,316.13,0.9776,0.5562,0.193561,50,2,32,347.60,0.8488,0.1113,0.008259,4.181
456569,520,463,983,193,12,227,319.57,0.9874,0.5287,0.171479,9,7,10,315.38,0.1477,0.0478,0.002320,4.233
456577,520,344,864,231,77,225,329.50,0.9102,0.6333,0.277352,6,35,109,263.58,0.9494,0.1926,0.023447,4.457
456580,520,470,990,228,16,51,22.79,0.9864,0.5171,0.171066,6,6,2,108.44,0.4206,0.0397,0.001734,4.273
456608,520,392,912,255,57,6,33.10,1.0000,0.5943,0.242032,8,27,90,265.38,0.9182,0.1550,0.015736,4.443
456623,520,306,826,255,109,108,23.10,1.0000,0.6680,0.332833,69,50,30,66.97,0.4222,0.2345,0.036403,4.431
456626,520,385,905,219,50,224,326.83,0.9380,0.5887,0.227252,7,23,97,266.07,0.9489,0.1548,0.015209,4.252
456662,520,479,999,229,9,25,27.38,0.9947,0.5148,0.169266,1,0,1,328.36,1.0000,0.0103,0.000086,4.378
456671,520,416,936,249,27,92,13.78,0.9757,0.5727,0.216999,14,10,84,272.39,0.9594,0.1220,0.009505,4.487
456672,520,476,996,220,11,91,9.45,0.9805,0.5066,0.162130,3,0,5,316.23,1.0000,0.0181,0.000303,4.217
456675,520,341,861,202,102,236,316.75,0.8582,0.6289,0.281167,60,27,90,304.78,0.7096,0.2032,0.024828,4.426
456721,520,397,917,246,25,149,354.75,0.9715,0.5839,0.224614,39,5,87,292.75,0.9397,0.1440,0.012280,4.409
456732,520,368,888,248,85,43,35.07,0.9589,0.6124,0.266312,47,37,34,37.34,0.1541,0.1720,0.020430,4.491
456748,520,467,987,226,41,10,31.49,0.9887,0.5224,0.177794,5,8,4,136.74,0.3152,0.0444,0.002147,4.368
456752,520,414,934,237,30,160,349.52,0.9537,0.5732,0.214741,19,28,46,263.41,0.4063,0.1245,0.011662,4.293
456753,520,392,912,234,89,50,35.74,0.8997,0.5929,0.248703,3,36,63,247.74,0.8558,0.1502,0.016399,4.499
456758,520,457,977,207,32,178,336.59,0.9137,0.5269,0.175148,21,5,25,319.64,0.6360,0.0633,0.003382,4.218
456760,520,435,955,203,68,178,336.04,0.7853,0.5503,0.200469,15,18,43,275.60,0.5505,0.0947,0.007086,4.388
456766,520,476,996,220,15,110,2.74,0.9678,0.5135,0.166857,0,0,19,264.05,1.0000,0.0228,0.000470,4.297
456769,520,378,898,226,74,183,341.06,0.8329,0.5986,0.244876,65,15,38,355.91,0.6944,0.1597,0.016056,4.464
456787,520,358,878,220,79,227,325.87,0.8913,0.6193,0.263556,21,44,52,222.64,0.4417,0.1753,0.022087,4.350
456792,520,404,924,218,75,160,347.54,0.7761,0.5751,0.224779,8,29,55,255.21,0.7000,0.1269,0.012061,4.428
456794,520,398,918,249,24,117,5.67,0.9759,0.5782,0.220809,15,32,53,254.61,0.5366,0.1373,0.013916,4.237
456797,520,462,982,209,25,176,337.67,0.9374,0.5260,0.173873,0,7,24,255.01,0.9999,0.0462,0.002179,4.290
456799,520,470,990,185,65,188,326.82,0.7837,0.5230,0.177271,11,2,20,307.74,0.7416,0.0422,0.001651,4.400
456801,520,410,930,206,33,247,318.24,0.9750,0.5738,0.209266,6,32,53,246.45,0.7320,0.1328,0.013287,4.097
456808,520,302,822,237,92,249,324.60,0.9727,0.6742,0.325006,77,42,44,16.63,0.3956,0.2315,0.034158,4.456
456821,520,447,967,193,5,242,316.21,0.9963,0.5396,0.178582,2,13,54,264.26,0.9257,0.0849,0.005671,4.106
456842,520,328,848,247,110,33,44.77,0.9565,0.6461,0.310390,14,58,6,140.88,0.9801,0.2055,0.031325,4.431
456862,520,466,986,185,6,235,315.54,0.9943,0.5208,0.164439,1,5,35,265.35,0.9362,0.0508,0.002363,4.095
456864,520,470,990,192,76,134,352.09,0.6720,0.5206,0.180982,10,1,27,297.45,0.8918,0.0435,0.001654,4.472
456883,520,453,973,206,18,189,332.99,0.9634,0.5258,0.172305,3,17,20,211.46,0.6172,0.0703,0.004707,4.064
456886,520,417,937,220,55,175,341.44,0.8616,0.5652,0.210455,12,15,74,271.41,0.9166,0.1160,0.009142,4.404
456907,520,399,919,219,87,124,5.81,0.7190,0.5788,0.233340,58,11,43,343.26,0.7214,0.1436,0.013134,4.488
456908,520,474,994,232,12,31,26.71,0.9929,0.5224,0.175208,4,1,14,295.12,0.7909,0.0284,0.000792,4.434
456909,520,455,975,226,50,43,28.11,0.9389,0.5318,0.186272,20,0,35,307.81,1.0000,0.0588,0.002701,4.483
456914,520,330,850,157,136,242,290.96,0.7881,0.6407,0.311871,56,48,38,73.14,0.1942,0.2140,0.030946,4.470
456925,520,373,893,219,31,253,320.31,0.9919,0.5986,0.231339,60,24,2,49.29,0.8862,0.1556,0.016185,4.251
456935,520,418,938,200,36,235,319.27,0.9598,0.5562,0.195408,9,12,80,269.56,0.9572,0.1168,0.009001,4.159
456972,520,461,981,210,61,126,358.18,0.7865,0.5307,0.185477,1,13,0,140.24,1.0000,0.0516,0.002943,4.448
456977,520,468,988,212,61,90,14.13,0.8156,0.5232,0.180751,10,4,11,322.70,0.4105,0.0419,0.001755,4.458
456991,520,356,876,242,81,149,358.20,0.8635,0.6196,0.269350,64,31,20,39.07,0.5517,0.1798,0.021206,4.485
456994,520,441,961,201,87,110,10.02,0.6485,0.5437,0.203615,17,23,10,128.78,0.4286,0.0938,0.007539,4.408
456996,520,335,855,248,74,189,344.54,0.9410,0.6393,0.285312,55,36,77,303.70,0.5201,0.2030,0.026098,4.406
457021,520,476,996,223,31,52,23.39,0.9628,0.5131,0.169187,3,0,5,316.23,1.0000,0.0181,0.000303,4.357
457022,520,429,949,153,81,253,298.01,0.9791,0.5476,0.197492,30,22,3,87.83,0.7542,0.1036,0.008564,4.226
457045,520,353,873,239,49,227,331.10,0.9619,0.6239,0.260961,12,25,111,267.29,0.9523,0.1776,0.019210,4.493
457051,520,448,968,240,4,16,28.30,0.9982,0.5370,0.186529,31,10,4,40.16,0.6488,0.0794,0.005172,4.287
457067,520,231,751,200,172,184,350.26,0.2271,0.7352,0.452457,27,81,30,144.26,0.9315,0.2924,0.062114,4.482
457078,520,212,732,240,160,190,355.54,0.6975,0.7589,0.473865,43,85,35,140.53,0.8360,0.3146,0.071317,4.318
457082,520,416,936,230,51,151,351.96,0.8809,0.5689,0.214278,5,7,88,267.12,0.9853,0.1185,0.008887,4.488
457101,520,478,998,181,78,149,341.20,0.6465,0.5119,0.174438,2,2,2,0.00,0.0000,0.0229,0.000607,4.435
457103,520,445,965,226,55,44,28.77,0.9296,0.5364,0.190858,10,22,2,132.67,0.9068,0.0838,0.006427,4.268
457115,520,426,946,245,40,36,28.22,0.9720,0.5627,0.210609,41,14,19,10.26,0.5253,0.1067,0.008326,4.468
457126,520,311,831,246,96,179,349.23,0.8938,0.6570,0.312161,1,61,56,185.75,0.9851,0.2243,0.036293,4.197
457130,520,437,957,207,62,181,336.06,0.8180,0.5522,0.200488,16,20,27,261.56,0.2055,0.0907,0.006896,4.403
457134,520,478,998,217,47,23,31.26,0.9642,0.5091,0.168492,0,2,8,253.83,0.9999,0.0231,0.000609,4.317
457150,520,372,892,252,73,33,33.64,0.9845,0.6050,0.255739,31,44,10,127.58,0.7751,0.1694,0.021146,4.297
457153,520,291,811,196,134,240,309.88,0.8024,0.6777,0.350780,5,59,93,243.52,0.8863,0.2404,0.039503,4.478
457157,520,397,917,222,70,168,345.14,0.8129,0.5800,0.227394,23,38,7,131.27,0.8341,0.1433,0.015837,4.213
457158,520,368,888,218,73,222,326.77,0.8894,0.6064,0.249464,4,49,10,145.02,0.9843,0.1711,0.022443,4.134
457185,520,432,952,169,88,210,312.77,0.7388,0.5452,0.200684,12,7,67,274.59,0.9450,0.0958,0.006353,4.448
457186,520,413,933,232,35,162,347.92,0.9349,0.5670,0.209693,12,0,90,271.19,1.0000,0.1161,0.008163,4.465
457194,520,471,991,214,39,132,354.55,0.8750,0.5214,0.174155,0,5,20,256.03,0.9999,0.0387,0.001590,4.345
457200,520,402,922,207,44,250,317.60,0.9769,0.5839,0.219705,7,38,12,146.39,0.9366,0.1348,0.014579,4.176
457207,520,470,990,212,53,100,8.50,0.8323,0.5177,0.174657,4,1,27,281.17,0.9365,0.0374,0.001266,4.382
457216,520,418,938,238,47,73,20.32,0.9384,0.5580,0.206944,7,34,16,151.70,0.8646,0.1224,0.012266,4.127
457235,520,413,933,238,50,129,1.43,0.9024,0.5749,0.220464,26,29,1,115.16,0.9364,0.1176,0.011005,4.433
457245,520,477,997,207,55,83,15.21,0.8312,0.5054,0.166246,1,2,2,196.09,0.2306,0.0214,0.000543,4.278
457254,520,456,976,208,1,197,331.28,0.9983,0.5306,0.174649,23,2,32,314.82,0.8220,0.0645,0.003299,4.215
457267,520,445,965,235,30,49,24.57,0.9739,0.5374,0.188156,9,13,42,272.88,0.6990,0.0789,0.005131,4.320
457277,520,470,990,179,34,237,312.84,0.9573,0.5233,0.168432,15,3,11,339.19,0.5621,0.0448,0.001909,4.208
457287,520,457,977,225,48,40,28.41,0.9432,0.5277,0.182775,13,10,24,292.51,0.4095,0.0639,0.003686,4.336
457299,520,38,558,247,252,35,111.20,0.9972,0.9486,0.895169,41,127,64,148.83,0.9190,0.4549,0.160197,4.497
457313,520,394,914,238,37,191,340.47,0.9549,0.5940,0.232647,7,33,61,252.95,0.7518,0.1419,0.014697,4.369
457330,520,366,886,245,16,214,335.70,0.9918,0.6121,0.246411,19,23,101,271.08,0.9245,0.1654,0.016907,4.430
457335,520,472,992,214,9,155,345.45,0.9773,0.5189,0.168604,4,0,27,282.63,1.0000,0.0347,0.001049,4.282
457339,520,338,858,249,44,226,333.68,0.9741,0.6376,0.274351,1,56,44,173.03,0.9868,0.2027,0.030165,4.046
457363,520,471,991,140,82,239,295.69,0.8781,0.5217,0.178421,7,2,18,299.10,0.7235,0.0370,0.001323,4.451
457373,520,373,893,246,69,83,21.27,0.9377,0.5954,0.244769,51,24,51,327.16,0.5120,0.1561,0.015962,4.469
457385,520,423,943,201,53,226,321.31,0.9164,0.5629,0.204563,25,19,51,288.84,0.5803,0.1120,0.009114,4.306
457388,520,313,833,215,105,250,317.28,0.9590,0.6601,0.314538,34,57,33,143.33,0.5346,0.2176,0.033761,4.352
457401,520,433,953,214,73,120,3.65,0.7548,0.5499,0.204196,15,27,2,130.06,0.9196,0.1022,0.008898,4.316
457432,520,352,872,225,110,86,33.18,0.7465,0.6157,0.278337,72,23,59,339.42,0.6451,0.1944,0.023065,4.494
457447,520,444,964,213,67,125,0.14,0.7734,0.5426,0.196434,5,10,55,268.97,0.9219,0.0826,0.005252,4.460
457460,520,271,791,230,152,10,72.35,0.9818,0.6976,0.393035,20,68,81,219.36,0.7031,0.2645,0.048768,4.486
457465,520,405,925,220,65,181,339.78,0.8393,0.5777,0.223347,8,25,70,264.59,0.8567,0.1297,0.011890,4.417
457473,520,414,934,244,37,108,8.67,0.9499,0.5715,0.216423,23,24,48,280.09,0.4553,0.1190,0.010488,4.405
457474,520,402,922,238,40,169,347.19,0.9367,0.5845,0.225623,2,29,68,257.58,0.9306,0.1348,0.013089,4.369
457498,520,457,977,212,63,120,1.50,0.7857,0.5345,0.189104,23,2,29,318.77,0.8027,0.0625,0.003143,4.499
457504,520,431,951,222,46,156,348.06,0.8781,0.5522,0.198864,9,20,48,265.33,0.6770,0.0991,0.007718,4.312
457505,520,478,998,174,34,230,312.91,0.9487,0.5095,0.158569,3,0,9,302.89,1.0000,0.0206,0.000391,4.139
457519,520,417,937,233,9,178,342.77,0.9894,0.5677,0.207362,2,6,93,265.30,0.9909,0.1226,0.009334,4.338
457527,520,389,909,241,32,177,345.17,0.9607,0.5898,0.229112,50,28,6,62.68,0.7240,0.1476,0.015219,4.280
457528,520,446,966,191,35,238,316.08,0.9603,0.5436,0.184528,8,12,49,271.92,0.8242,0.0823,0.005363,4.236
457535,520,377,897,246,26,185,343.81,0.9769,0.6008,0.238376,20,41,47,218.23,0.4136,0.1630,0.019398,4.155
457539,520,415,935,197,71,216,322.17,0.8464,0.5673,0.213361,19,29,41,253.44,0.3291,0.1243,0.011772,4.263
457542,520,378,898,247,50,151,355.46,0.9335,0.6002,0.242930,61,22,32,6.31,0.5616,0.1604,0.016703,4.392
457544,520,425,945,219,13,207,331.39,0.9860,0.5598,0.198552,37,12,38,325.99,0.6049,0.1056,0.007962,4.288
457550,520,411,931,211,78,159,346.31,0.7427,0.5664,0.218029,7,24,62,263.15,0.8243,0.1194,0.010462,4.433
457576,520,371,891,226,77,191,338.46,0.8377,0.6061,0.252404,22,26,98,272.26,0.8864,0.1692,0.017911,4.453
457581,520,472,992,201,33,187,332.23,0.9126,0.5221,0.170949,1,1,18,271.82,0.9413,0.0270,0.000718,4.356
457599,520,431,951,203,77,158,344.30,0.7224,0.5512,0.204747,14,16,58,274.73,0.7838,0.1023,0.007694,4.415
457607,520,292,812,250,111,171,355.50,0.9071,0.6812,0.346361,41,61,50,160.01,0.3081,0.2407,0.040391,4.385
457611,520,320,840,204,115,231,317.90,0.8066,0.6490,0.308696,32,48,81,263.57,0.4961,0.2120,0.030150,4.475
457627,520,392,912,186,86,242,311.06,0.8994,0.5882,0.235064,26,37,22,137.55,0.3899,0.1456,0.016007,4.319
457633,520,364,884,227,84,169,347.16,0.7859,0.6056,0.255385,60,26,40,355.52,0.4866,0.1690,0.018528,4.456
457638,520,445,965,215,51,144,351.05,0.8374,0.5377,0.188307,40,1,0,30.68,1.0000,0.0787,0.004729,4.354
457668,520,334,854,240,62,242,327.59,0.9598,0.6446,0.283839,34,45,66,262.84,0.3474,0.1954,0.026101,4.387
457670,520,338,858,251,60,202,340.76,0.9731,0.6384,0.280084,81,25,23,25.52,0.7226,0.2012,0.025067,4.397
457677,520,443,963,217,43,153,347.76,0.8742,0.5392,0.187818,36,6,6,24.03,0.7434,0.0814,0.005185,4.309
457684,520,401,921,250,33,97,12.74,0.9673,0.5787,0.222784,19,12,94,273.75,0.9561,0.1405,0.012095,4.393
457687,520,346,866,237,114,4,50.78,0.9938,0.6349,0.300507,0,54,40,169.62,1.0000,0.1941,0.027914,4.499
457699,520,319,839,194,130,198,324.73,0.5483,0.6453,0.315128,19,61,17,142.56,0.9406,0.2191,0.035163,4.287
457723,520,419,939,200,62,211,324.75,0.8638,0.5590,0.204294,32,21,15,49.76,0.2921,0.1063,0.008779,4.326
457725,520,332,852,251,71,186,346.04,0.9637,0.6402,0.285641,12,54,51,188.23,0.7579,0.2022,0.029554,4.219
457737,520,348,868,241,29,244,327.60,0.9882,0.6282,0.261139,70,17,64,332.76,0.7232,0.1857,0.020733,4.399
457740,520,369,889,255,68,71,24.95,1.0000,0.6097,0.258528,30,43,38,169.21,0.2310,0.1724,0.021437,4.319
457747,520,431,951,181,48,252,309.68,0.9829,0.5487,0.189669,37,14,2,50.53,0.7928,0.0959,0.007118,4.196
457759,520,439,959,241,32,59,22.70,0.9721,0.5524,0.200529,17,11,54,282.18,0.7900,0.0920,0.006248,4.454
457774,520,452,972,211,37,159,343.94,0.8860,0.5268,0.176774,12,15,1,117.97,0.8496,0.0661,0.004220,4.182
457777,520,438,958,203,15,235,320.39,0.9882,0.5526,0.190380,26,13,36,308.61,0.5311,0.0907,0.006348,4.266
457790,520,309,829,249,103,140,7.27,0.8949,0.6574,0.317368,30,60,2,133.99,0.9875,0.2200,0.035120,4.316
457793,520,355,875,235,6,250,324.99,0.9981,0.6163,0.246970,76,13,33,6.94,0.7767,0.1779,0.019344,4.283
457799,520,318,838,245,119,82,37.14,0.8887,0.6627,0.332182,21,61,34,151.61,0.8152,0.2233,0.036123,4.438
457818,520,397,917,213,80,181,338.37,0.7729,0.5830,0.232216,35,30,27,53.01,0.1066,0.1363,0.013650,4.434
457829,520,313,833,249,69,230,332.75,0.9727,0.6580,0.301121,78,40,20,47.06,0.6268,0.2230,0.031880,4.288
457845,520,399,919,248,53,68,23.11,0.9624,0.5819,0.229235,16,36,42,219.40,0.4399,0.1430,0.015390,4.270
457865,520,320,840,249,84,184,347.06,0.9383,0.6494,0.299441,46,50,30,117.66,0.3539,0.2060,0.029558,4.392
457890,520,341,861,162,128,237,296.31,0.7621,0.6263,0.292342,28,53,32,148.10,0.5625,0.2003,0.028973,4.335
457902,520,476,996,184,43,202,322.82,0.8852,0.5096,0.161837,4,0,13,300.75,1.0000,0.0244,0.000549,4.191
457930,520,458,978,194,36,207,324.57,0.9234,0.5252,0.172377,17,10,17,326.41,0.2727,0.0646,0.003767,4.136
457934,520,458,978,227,17,115,2.32,0.9689,0.5302,0.179724,23,1,29,319.28,0.8645,0.0605,0.002926,4.340
457937,520,427,947,230,6,167,345.36,0.9912,0.5556,0.197460,48,4,4,26.54,0.9129,0.1010,0.007241,4.323
457940,520,437,957,242,25,16,29.29,0.9875,0.5473,0.196133,34,10,33,329.05,0.6010,0.0949,0.006670,4.343
458002,520,382,902,232,76,159,351.52,0.8190,0.6002,0.248305,7,47,7,142.97,0.9737,0.1648,0.020935,4.205
458025,520,395,915,225,33,226,328.01,0.9712,0.5901,0.225886,39,9,78,296.16,0.8696,0.1384,0.011768,4.466
458036,520,476,996,178,52,212,317.92,0.8723,0.5150,0.166755,2,1,4,302.09,0.5000,0.0201,0.000434,4.298
458042,520,290,810,206,133,226,318.80,0.7291,0.6802,0.353889,24,67,0,137.56,1.0000,0.2402,0.042084,4.386
458045,520,278,798,250,87,254,326.87,0.9964,0.6915,0.342988,12,64,86,231.63,0.8048,0.2525,0.044166,4.173
458047,520,311,831,250,61,241,330.23,0.9813,0.6597,0.300153,62,43,66,320.45,0.3392,0.2210,0.031453,4.299
458053,520,414,934,239,49,111,7.99,0.9125,0.5703,0.216982,21,32,11,131.67,0.6096,0.1237,0.012166,4.295
458059,520,13,533,254,249,226,96.86,0.8846,0.9766,0.943135,28,136,12,141.63,0.9934,0.4747,0.178810,4.340
458075,520,440,960,179,86,200,319.92,0.7251,0.5496,0.204104,10,23,21,183.48,0.3658,0.0919,0.007314,4.434
458077,520,376,896,245,30,185,343.66,0.9708,0.6005,0.238470,48,33,23,54.76,0.3296,0.1599,0.017780,4.256
458081,520,470,990,231,9,55,21.69,0.9928,0.5222,0.174632,17,1,12,339.07,0.7700,0.0428,0.001674,4.347
458089,520,439,959,218,54,156,347.51,0.8417,0.5513,0.199464,13,9,56,277.74,0.8682,0.0875,0.005664,4.482
458095,520,397,917,239,52,129,1.80,0.9000,0.5783,0.223948,2,4,106,265.03,0.9956,0.1392,0.011402,4.462
458098,520,387,907,229,4,234,327.18,0.9980,0.5942,0.226878,3,44,0,141.42,1.0000,0.1518,0.018206,4.059
458108,520,420,940,234,4,158,349.01,0.9944,0.5587,0.200508,44,10,19,7.28,0.6461,0.1056,0.007997,4.319
458112,520,467,987,218,37,106,5.21,0.8995,0.5185,0.172717,1,10,1,143.11,0.9615,0.0444,0.002257,4.262
458113,520,419,939,198,71,208,324.77,0.8280,0.5636,0.210678,12,25,46,259.57,0.5467,0.1119,0.009706,4.366
458128,520,463,983,152,75,246,299.58,0.9295,0.5321,0.183617,11,3,26,297.75,0.7483,0.0484,0.002109,4.483
458135,520,457,977,204,40,182,334.61,0.8867,0.5288,0.177343,4,11,18,244.33,0.4314,0.0555,0.003088,4.282
458139,520,440,960,193,66,205,324.19,0.8284,0.5480,0.196431,25,18,16,36.50,0.1690,0.0907,0.006767,4.341
458154,520,354,874,215,87,223,325.32,0.8567,0.6187,0.265930,23,29,104,271.53,0.8864,0.1823,0.020603,4.475
458165,520,476,996,186,39,204,322.97,0.9033,0.5115,0.162512,3,2,2,18.05,0.1289,0.0243,0.000672,4.194
458170,520,397,917,243,4,166,348.48,0.9961,0.5801,0.218979,44,7,74,303.61,0.8702,0.1390,0.011819,4.351
458173,520,444,964,225,59,48,28.62,0.9172,0.5388,0.193517,39,1,25,346.14,0.8670,0.0848,0.005233,4.409
458181,520,0,520,255,255,255,0.00,0.0000,1.0000,1.000000,56,136,8,137.95,0.9933,0.4837,0.184660,4.475
458182,520,322,842,255,25,246,330.29,1.0000,0.6524,0.286122,81,10,77,330.76,0.8167,0.2085,0.025025,4.480
458184,520,468,988,208,25,166,340.57,0.9287,0.5184,0.168605,11,6,0,85.94,1.0000,0.0439,0.002014,4.203
458192,520,356,876,244,56,189,342.88,0.9280,0.6162,0.257386,61,9,87,310.49,0.8660,0.1801,0.018757,4.471
458194,520,348,868,252,52,197,342.22,0.9793,0.6317,0.271859,35,30,101,279.09,0.7935,0.1900,0.022254,4.455
458196,520,458,978,236,24,5,30.00,0.9956,0.5338,0.185003,11,0,44,285.38,1.0000,0.0574,0.002530,4.474
458197,520,399,919,217,43,220,327.40,0.9444,0.5779,0.216489,40,0,87,294.54,1.0000,0.1399,0.011392,4.341
458209,520,421,941,188,67,228,316.34,0.8758,0.5575,0.203083,31,18,46,303.55,0.5376,0.1131,0.009212,4.274
458212,520,433,953,166,71,250,303.95,0.9604,0.5485,0.195162,30,18,30,326.60,0.3329,0.1024,0.008024,4.225
458222,520,466,986,219,42,109,4.71,0.8832,0.5250,0.178227,12,8,9,0.30,0.1350,0.0525,0.002716,4.329
458224,520,426,946,233,56,104,10.53,0.8824,0.5625,0.211544,33,8,62,299.13,0.8254,0.1131,0.008448,4.475
458225,520,463,983,237,12,35,26.20,0.9934,0.5335,0.183921,16,2,26,310.02,0.7926,0.0515,0.002282,4.474
458236,520,369,889,199,94,225,319.25,0.8187,0.6059,0.255851,68,24,17,31.11,0.6837,0.1729,0.019229,4.418
458261,520,372,892,251,23,182,345.69,0.9828,0.6077,0.245028,65,5,74,321.84,0.8701,0.1720,0.017269,4.386
458268,520,453,973,212,74,16,38.89,0.9623,0.5289,0.189344,16,13,10,67.19,0.1370,0.0675,0.004199,4.416
458283,520,444,964,210,19,205,329.62,0.9728,0.5439,0.185772,2,18,40,254.45,0.8195,0.0838,0.005987,4.211
458288,520,430,950,182,50,251,310.10,0.9772,0.5508,0.191923,31,10,41,313.30,0.6587,0.0956,0.006685,4.268
458300,520,281,801,245,120,165,359.07,0.8220,0.6852,0.355647,3,63,93,238.24,0.9337,0.2518,0.043644,4.332
458317,520,386,906,253,52,84,18.81,0.9861,0.5939,0.239824,62,11,49,340.05,0.7425,0.1546,0.014854,4.469
458336,520,377,897,243,76,69,26.88,0.9297,0.5951,0.246565,72,5,35,0.35,0.8485,0.1623,0.016078,4.488
458338,520,377,897,246,79,0,38.14,1.0000,0.5992,0.251881,7,39,69,250.67,0.7830,0.1649,0.019258,4.359
458348,520,438,958,247,7,37,25.99,0.9969,0.5541,0.200633,0,15,61,262.19,1.0000,0.0947,0.006785,4.414
458362,520,366,886,252,47,152,355.91,0.9724,0.6081,0.249989,36,26,88,284.22,0.7496,0.1702,0.018184,4.400
458389,520,396,916,246,22,144,356.26,0.9757,0.5809,0.221836,14,19,84,270.64,0.9170,0.1355,0.011991,4.385
458397,520,369,889,209,89,212,326.66,0.8071,0.6056,0.254552,18,47,3,137.00,0.9776,0.1691,0.021681,4.249
458407,520,476,996,208,10,166,340.41,0.9738,0.5134,0.163823,5,0,1,3.86,1.0000,0.0188,0.000345,4.247
458409,520,451,971,212,30,185,335.77,0.9336,0.5392,0.184305,13,15,15,196.84,0.0529,0.0709,0.004617,4.290
458415,520,435,955,213,32,194,333.42,0.9378,0.5476,0.190763,27,8,39,309.90,0.6848,0.0856,0.005532,4.336
458435,520,445,965,221,58,116,4.20,0.8316,0.5448,0.196618,24,13,10,35.88,0.3078,0.0766,0.005040,4.481
458437,520,464,984,210,56,108,5.23,0.8097,0.5192,0.176150,15,7,6,28.96,0.2844,0.0524,0.002667,4.294
458440,520,381,901,242,6,202,338.11,0.9961,0.5975,0.232748,15,31,84,266.63,0.8319,0.1607,0.017215,4.207
458441,520,409,929,200,55,230,319.98,0.9178,0.5659,0.207264,19,24,63,273.62,0.6740,0.1275,0.011506,4.183
458444,520,473,993,216,14,153,346.66,0.9664,0.5231,0.172153,4,1,16,292.19,0.8206,0.0295,0.000849,4.369
458468,520,466,986,217,55,17,33.50,0.9726,0.5163,0.175271,17,1,22,319.06,0.8269,0.0479,0.001988,4.333
458499,520,408,928,206,95,112,12.57,0.6332,0.5655,0.224780,16,26,64,268.97,0.6933,0.1309,0.012191,4.418
458504,520,464,984,210,26,153,345.43,0.9207,0.5158,0.167426,14,0,38,294.88,1.0000,0.0544,0.002333,4.155
458506,520,381,901,198,71,253,313.38,0.9859,0.5954,0.236053,4,17,106,265.54,0.9766,0.1553,0.014672,4.423
458543,520,360,880,248,8,219,335.10,0.9967,0.6190,0.252477,83,0,17,18.91,1.0000,0.1774,0.018798,4.397
458547,520,354,874,247,56,180,346.33,0.9394,0.6172,0.259009,16,50,31,156.15,0.7581,0.1834,0.024902,4.126
458568,520,344,864,249,28,226,333.64,0.9871,0.6302,0.264643,19,17,126,269.72,0.9759,0.1891,0.020456,4.466
458583,520,478,998,183,60,184,327.55,0.7912,0.5115,0.167610,0,0,11,264.05,1.0000,0.0166,0.000242,4.331
458609,520,414,934,222,17,216,329.81,0.9850,0.5721,0.208907,55,9,6,28.74,0.8621,0.1227,0.010209,4.300
458610,520,283,803,241,136,91,43.31,0.8167,0.6883,0.370670,8,67,64,189.57,0.8931,0.2494,0.044359,4.458
458613,520,432,952,221,49,155,348.33,0.8652,0.5522,0.199378,38,12,28,344.65,0.5509,0.1018,0.007589,4.330
458632,520,245,765,255,124,216,340.09,1.0000,0.7270,0.406359,58,67,76,248.34,0.1408,0.2837,0.054356,4.373
458648,520,418,938,248,25,37,26.83,0.9868,0.5614,0.207889,9,27,58,260.46,0.7215,0.1244,0.011474,4.195
458667,520,478,998,164,61,223,309.94,0.8642,0.5117,0.165584,5,0,7,320.34,1.0000,0.0225,0.000476,4.271
458677,520,396,916,250,8,135,359.56,0.9931,0.5819,0.222505,50,24,21,27.52,0.4491,0.1416,0.013856,4.267
458689,520,272,792,242,105,245,326.77,0.9566,0.6956,0.355753,80,50,60,358.10,0.3153,0.2598,0.043131,4.357
458712,520,434,954,223,0,188,337.51,1.0000,0.5525,0.193213,3,26,32,217.19,0.7670,0.1012,0.008624,4.149
458736,520,365,885,245,87,48,34.83,0.9408,0.6100,0.264455,24,41,53,240.20,0.3693,0.1688,0.020370,4.469
458743,520,37,557,254,249,12,108.23,0.9994,0.9474,0.888496,16,129,34,144.51,0.9905,0.4509,0.159255,4.485
458755,520,447,967,224,66,26,34.44,0.9551,0.5425,0.198210,35,6,21,351.24,0.6629,0.0843,0.005418,4.479
458758,520,413,933,204,76,192,331.63,0.7862,0.5693,0.218137,19,24,51,273.39,0.5284,0.1178,0.010307,4.446
458759,520,302,822,253,61,249,329.03,0.9932,0.6697,0.310626,54,35,110,289.44,0.7301,0.2275,0.031121,4.446
458760,520,465,985,209,67,51,29.89,0.8659,0.5171,0.178109,5,10,6,151.49,0.3180,0.0498,0.002625,4.335
458761,520,443,963,225,10,160,346.44,0.9822,0.5432,0.187654,14,13,36,282.47,0.5507,0.0782,0.005086,4.314
458778,520,435,955,246,11,20,28.24,0.9955,0.5517,0.198863,23,4,59,290.48,0.9065,0.0922,0.005848,4.456
458780,520,450,970,181,49,239,312.44,0.9319,0.5385,0.182534,12,11,37,280.97,0.6280,0.0733,0.004511,4.266
458782,520,402,922,214,21,250,319.83,0.9891,0.5844,0.217365,39,26,14,63.23,0.4155,0.1277,0.012019,4.311
458796,520,427,947,199,35,242,317.42,0.9667,0.5596,0.197565,18,19,38,280.00,0.4243,0.0961,0.007343,4.317
458807,520,471,991,220,49,26,31.10,0.9598,0.5172,0.174895,3,2,27,276.13,0.9066,0.0390,0.001419,4.374
458810,520,460,980,234,5,64,19.44,0.9957,0.5291,0.179743,10,6,33,285.20,0.7168,0.0591,0.003046,4.331
458814,520,352,872,238,56,210,335.37,0.9367,0.6169,0.256613,64,33,46,354.09,0.4115,0.1921,0.023751,4.157
458823,520,358,878,255,71,92,19.35,1.0000,0.6164,0.265428,51,40,12,87.59,0.6545,0.1801,0.022480,4.352
458834,520,477,997,191,76,95,13.03,0.6730,0.5052,0.170732,5,1,0,51.16,1.0000,0.0224,0.000540,4.367
458837,520,470,990,141,86,233,296.56,0.8371,0.5240,0.182016,15,1,17,323.91,0.7924,0.0426,0.001638,4.493
458838,520,414,934,242,55,6,33.28,0.9946,0.5663,0.216261,39,13,56,309.08,0.7152,0.1228,0.010047,4.434
458845,520,377,897,232,22,224,330.23,0.9856,0.5967,0.231140,58,19,57,328.61,0.6500,0.1626,0.016608,4.221
458851,520,478,998,197,53,143,346.90,0.7894,0.5057,0.164015,4,0,2,344.76,1.0000,0.0178,0.000302,4.255
458866,520,435,955,237,38,74,18.91,0.9527,0.5499,0.198884,34,7,36,324.94,0.6929,0.0921,0.006195,4.429
458868,520,377,897,220,59,224,326.99,0.9228,0.5975,0.237275,62,24,2,47.95,0.8935,0.1593,0.016819,4.299
458874,520,448,968,194,52,216,321.85,0.8940,0.5435,0.188847,18,7,51,287.01,0.8245,0.0837,0.005196,4.327
458878,520,371,891,250,39,168,350.04,0.9616,0.6062,0.246055,75,13,30,9.70,0.7802,0.1748,0.018777,4.305
458896,520,429,949,193,49,228,318.61,0.9217,0.5483,0.191369,10,13,64,271.72,0.9009,0.1003,0.007225,4.218
458898,520,437,957,239,15,89,12.92,0.9849,0.5471,0.194169,22,2,57,291.25,0.9458,0.0858,0.005094,4.432
458904,520,278,798,241,108,236,328.99,0.9355,0.6931,0.354843,34,62,81,239.73,0.4511,0.2531,0.043793,4.316
458909,520,416,936,223,43,182,339.65,0.9109,0.5652,0.207956,17,29,43,252.96,0.3931,0.1240,0.011723,4.179
458922,520,373,893,213,59,241,320.87,0.9395,0.5979,0.236267,28,5,110,277.14,0.9833,0.1615,0.014811,4.417
458925,520,380,900,185,112,207,318.04,0.6551,0.6049,0.264085,8,45,24,154.34,0.9031,0.1614,0.019943,4.491
458930,520,417,937,231,49,146,353.83,0.8877,0.5671,0.212637,12,30,26,177.75,0.4590,0.1155,0.010813,4.319
458935,520,478,998,163,59,224,309.49,0.8719,0.5089,0.162970,2,0,5,306.92,1.0000,0.0163,0.000239,4.239
458948,520,379,899,236,43,202,336.97,0.9492,0.5999,0.238276,17,8,110,270.83,0.9848,0.1564,0.014185,4.491
458959,520,367,887,238,85,140,1.69,0.8272,0.6143,0.265704,18,47,1,136.32,0.9924,0.1688,0.021638,4.407
458960,520,479,999,199,1,192,330.28,0.9978,0.5107,0.159714,0,0,4,264.05,1.0000,0.0106,0.000088,4.187
458962,520,380,900,213,93,175,341.51,0.7131,0.5978,0.250719,23,42,15,137.22,0.7235,0.1574,0.018725,4.376
458968,520,360,880,247,41,196,341.16,0.9616,0.6153,0.253487,79,6,48,352.00,0.8360,0.1840,0.020062,4.332
458992,520,261,781,220,134,240,319.86,0.8645,0.7072,0.385585,11,68,99,238.95,0.8319,0.2727,0.051060,4.310
458998,520,367,887,221,100,157,352.95,0.6956,0.6132,0.269230,37,42,19,119.14,0.4897,0.1704,0.020963,4.499
459005,520,461,981,216,65,39,32.24,0.9140,0.5268,0.185285,15,5,17,321.29,0.4996,0.0520,0.002506,4.481
459008,520,473,993,176,76,181,325.72,0.7113,0.5187,0.177363,9,3,1,51.64,0.5771,0.0343,0.001254,4.436
459010,520,399,919,235,78,49,32.66,0.9138,0.5799,0.233357,47,26,8,59.04,0.6412,0.1385,0.013607,4.455
459019,520,474,994,197,48,184,332.02,0.8511,0.5237,0.174466,8,0,11,320.72,1.0000,0.0285,0.000758,4.422
459031,520,469,989,227,20,84,13.27,0.9710,0.5224,0.174742,14,2,8,345.79,0.6207,0.0400,0.001543,4.360
459034,520,409,929,228,20,197,336.28,0.9773,0.5718,0.210281,16,5,94,272.62,0.9843,0.1304,0.010268,4.319
459038,520,54,574,249,227,249,325.87,0.8328,0.9301,0.819180,32,121,62,150.31,0.9401,0.4324,0.143290,4.497
459051,520,327,847,220,118,174,347.33,0.6507,0.6479,0.312304,15,58,5,140.34,0.9827,0.2057,0.031385,4.452
459053,520,465,985,205,67,86,16.46,0.7762,0.5160,0.176675,12,4,23,302.41,0.6504,0.0498,0.002269,4.337
459064,520,465,985,222,29,104,6.03,0.9342,0.5214,0.174105,20,3,12,347.12,0.6312,0.0517,0.002404,4.276
459076,520,477,997,201,19,182,333.70,0.9523,0.5125,0.162625,2,2,4,284.11,0.2654,0.0240,0.000651,4.198
459126,520,469,989,228,22,50,23.39,0.9799,0.5191,0.173011,13,3,9,341.04,0.5124,0.0417,0.001704,4.313
459131,520,220,740,225,174,119,67.90,0.5858,0.7503,0.476130,35,84,10,137.83,0.9774,0.3040,0.067197,4.489
459193,520,444,964,236,35,30,28.54,0.9737,0.5404,0.191319,8,19,9,146.68,0.5088,0.0757,0.005371,4.358
459197,520,452,972,168,67,236,307.87,0.8919,0.5348,0.183960,11,11,36,279.42,0.6214,0.0718,0.004379,4.302
459205,520,439,959,240,21,86,14.26,0.9784,0.5504,0.197368,30,3,51,305.26,0.8786,0.0916,0.005802,4.433
459209,520,426,946,239,13,119,2.97,0.9841,0.5551,0.199737,21,21,47,281.19,0.5075,0.1095,0.009010,4.232
459232,520,366,886,246,42,194,341.52,0.9580,0.6130,0.251469,66,21,40,356.77,0.6136,0.1710,0.018480,4.402
459234,520,308,828,222,106,253,318.68,0.9847,0.6731,0.329312,14,63,37,155.71,0.9003,0.2281,0.037818,4.319
459241,520,472,992,212,59,72,20.84,0.8518,0.5170,0.175952,3,1,17,285.54,0.8543,0.0289,0.000815,4.447
459242,520,320,840,247,59,234,331.24,0.9678,0.6489,0.288455,39,33,112,279.02,0.8077,0.2107,0.026888,4.402
459243,520,400,920,228,85,83,24.38,0.8226,0.5813,0.236182,21,34,48,251.02,0.3684,0.1437,0.015168,4.391
459253,520,477,997,202,32,158,341.78,0.8870,0.5063,0.160602,3,0,8,305.48,1.0000,0.0200,0.000369,4.181
459259,520,377,897,214,92,177,340.91,0.7242,0.5988,0.251267,32,35,60,277.51,0.3947,0.1630,0.018354,4.407
459268,520,479,999,200,56,139,349.60,0.7828,0.5124,0.169737,0,0,8,264.05,1.0000,0.0143,0.000175,4.379
459275,520,328,848,225,107,205,334.26,0.7878,0.6516,0.309327,32,53,54,199.67,0.3104,0.2109,0.031195,4.425
459296,520,438,958,233,36,124,1.22,0.9286,0.5539,0.200436,24,7,54,293.39,0.8199,0.0929,0.006125,4.462
459311,520,464,984,208,66,86,16.52,0.7904,0.5204,0.179804,15,6,3,47.37,0.4442,0.0492,0.002384,4.387
459316,520,404,924,245,35,121,4.29,0.9525,0.5763,0.219984,1,37,6,145.73,0.9935,0.1276,0.013427,4.257
459327,520,423,943,186,67,229,315.45,0.8764,0.5553,0.201117,23,21,47,284.81,0.4977,0.1113,0.009237,4.239
459345,520,376,896,230,52,204,335.03,0.9253,0.5965,0.236411,33,39,9,119.49,0.7094,0.1556,0.017941,4.216
459351,520,421,941,179,71,245,309.24,0.9319,0.5620,0.206836,37,8,48,315.15,0.7469,0.1067,0.007804,4.443
459353,520,478,998,210,59,31,32.62,0.9320,0.5074,0.169309,1,2,4,255.89,0.3738,0.0225,0.000586,4.335
459375,520,449,969,167,55,255,304.43,1.0000,0.5373,0.181685,3,8,51,267.47,0.9393,0.0736,0.004320,4.265
459376,520,474,994,162,56,245,304.76,0.9436,0.5224,0.171029,1,5,4,179.92,0.5753,0.0323,0.001238,4.314
459379,520,247,767,188,181,49,106.31,0.8269,0.7164,0.439614,15,80,27,145.88,0.9718,0.2845,0.059178,4.485
459405,520,383,903,248,26,182,345.11,0.9776,0.6031,0.240759,7,23,95,266.07,0.9460,0.1524,0.014841,4.484
459408,520,418,938,232,58,104,10.68,0.8740,0.5623,0.211843,42,19,10,41.73,0.5519,0.1156,0.009800,4.379
459409,520,311,831,220,126,169,351.94,0.6105,0.6600,0.330038,0,61,43,166.36,1.0000,0.2191,0.035117,4.465
459416,520,441,961,187,6,255,311.79,1.0000,0.5415,0.179162,14,21,22,207.05,0.1776,0.0895,0.006876,4.029
459423,520,373,893,235,69,160,351.19,0.8501,0.5983,0.244593,33,18,95,282.38,0.8734,0.1615,0.015821,4.476
459428,520,438,958,199,30,237,318.65,0.9702,0.5531,0.191866,30,15,25,340.24,0.3671,0.0939,0.006879,4.252
459444,520,452,972,234,17,8,29.38,0.9931,0.5270,0.179140,21,11,16,348.05,0.2832,0.0707,0.004362,4.215
459451,520,457,977,214,64,67,23.93,0.8527,0.5255,0.183706,14,11,2,96.15,0.6292,0.0588,0.003371,4.379
459482,520,364,884,245,18,208,337.25,0.9895,0.6090,0.244022,40,34,64,291.56,0.4344,0.1714,0.019653,4.221
459493,520,479,999,181,65,172,330.98,0.7475,0.5066,0.165842,0,0,4,264.05,1.0000,0.0106,0.000088,4.309
459500,520,351,871,239,101,102,22.33,0.8398,0.6277,0.286202,39,47,15,121.47,0.6572,0.1868,0.024988,4.483
459505,520,438,958,208,18,218,325.75,0.9799,0.5492,0.189064,36,12,18,5.92,0.5075,0.0946,0.006817,4.208
459542,520,434,954,229,14,145,352.28,0.9759,0.5451,0.190192,10,0,78,271.88,1.0000,0.0981,0.006145,4.278
459572,520,461,981,196,20,222,321.52,0.9751,0.5322,0.175116,9,5,17,300.10,0.4754,0.0460,0.002071,4.323
459573,520,434,954,244,22,57,22.62,0.9852,0.5540,0.201058,36,12,30,337.75,0.5448,0.0996,0.007318,4.380
459574,520,408,928,191,99,177,333.18,0.6225,0.5746,0.231757,27,29,43,277.81,0.2685,0.1323,0.012861,4.482
459599,520,407,927,226,64,148,353.19,0.8282,0.5719,0.219762,35,25,47,304.22,0.4032,0.1336,0.012578,4.311
459630,520,382,902,252,55,111,10.46,0.9729,0.6005,0.245791,55,23,45,340.55,0.5185,0.1573,0.016146,4.472
459632,520,459,979,226,39,71,19.00,0.9374,0.5274,0.180776,16,7,22,310.91,0.4892,0.0598,0.003201,4.338
459647,520,414,934,236,21,169,346.28,0.9725,0.5720,0.212367,25,30,0,118.17,1.0000,0.1193,0.011352,4.276
459670,520,476,996,179,12,230,314.89,0.9868,0.5081,0.155610,1,0,7,286.54,1.0000,0.0158,0.000218,4.094
459678,520,400,920,244,3,166,348.68,0.9971,0.5819,0.220546,46,23,31,358.15,0.3878,0.1364,0.012926,4.299
459684,520,406,926,255,42,0,31.58,1.0000,0.5830,0.229198,25,30,28,169.54,0.1024,0.1261,0.012190,4.489
459701,520,476,996,213,43,80,15.09,0.8920,0.5056,0.164555,3,0,16,290.10,1.0000,0.0250,0.000568,4.243
459719,520,396,916,231,7,199,336.40,0.9935,0.5755,0.212671,65,2,15,16.57,0.9508,0.1375,0.012019,4.235
459720,520,429,949,167,68,253,303.93,0.9839,0.5489,0.194422,16,19,43,275.76,0.5226,0.0977,0.007503,4.251
459723,520,399,919,229,67,151,353.01,0.8302,0.5817,0.229093,61,11,16,19.69,0.7887,0.1394,0.012690,4.452
459732,520,301,821,230,109,221,330.32,0.8561,0.6703,0.329828,56,53,53,17.37,0.0328,0.2329,0.036440,4.394
459746,520,478,998,221,37,13,30.84,0.9844,0.5092,0.167271,4,0,7,315.09,1.0000,0.0210,0.000412,4.310
459747,520,426,946,241,50,53,26.13,0.9500,0.5634,0.212423,11,27,30,210.95,0.4146,0.1077,0.009487,4.411
459748,520,364,884,169,119,228,303.46,0.7266,0.6108,0.272305,14,47,16,144.51,0.9122,0.1689,0.021637,4.499
459752,520,347,867,246,95,82,27.99,0.9275,0.6272,0.283896,10,55,0,140.12,1.0000,0.1930,0.027968,4.282
459770,520,428,948,196,72,200,326.51,0.8022,0.5565,0.205421,41,7,35,335.56,0.7079,0.1031,0.007448,4.446
459779,520,396,916,246,48,106,10.61,0.9354,0.5820,0.227507,7,26,75,264.10,0.8822,0.1365,0.012919,4.411
459796,520,360,880,214,90,228,323.51,0.8644,0.6242,0.272116,31,36,86,274.96,0.6538,0.1848,0.022249,4.458
459805,520,427,947,202,23,244,318.00,0.9832,0.5606,0.197026,39,14,12,26.21,0.5420,0.1014,0.007720,4.280
459810,520,444,964,204,86,59,34.31,0.7778,0.5360,0.198107,4,6,63,268.31,0.9708,0.0843,0.005149,4.499
459844,520,392,912,220,57,211,330.50,0.9076,0.5875,0.228472,59,7,52,334.32,0.7877,0.1465,0.013298,4.399
459846,520,466,986,207,19,171,338.65,0.9504,0.5170,0.166735,11,2,31,293.87,0.8515,0.0498,0.002135,4.157
459875,520,431,951,193,42,237,316.69,0.9481,0.5502,0.191092,38,8,41,324.00,0.7074,0.1032,0.007459,4.196
459881,520,457,977,216,58,110,5.78,0.8193,0.5334,0.187533,17,11,3,79.91,0.5282,0.0622,0.003651,4.427
459887,520,436,956,189,38,252,312.37,0.9849,0.5539,0.192345,25,18,7,78.58,0.4400,0.0884,0.006546,4.286
459910,520,441,961,171,85,199,317.13,0.7160,0.5360,0.192793,4,22,37,245.16,0.6906,0.0934,0.007332,4.235
459928,520,248,768,255,103,251,328.73,1.0000,0.7159,0.379283,3,80,40,153.02,0.9913,0.2843,0.059096,3.935
459929,520,480,1000,200,34,169,337.58,0.8861,0.5099,0.162899,0,0,0,0.00,0.0000,0.0000,0.000000,4.258
459935,520,473,993,199,26,200,327.99,0.9466,0.5237,0.170528,0,4,13,250.09,1.0000,0.0321,0.001159,4.311
459943,520,460,980,175,37,252,308.33,0.9846,0.5322,0.174662,13,10,0,99.53,1.0000,0.0550,0.003027,4.237
459963,520,280,800,246,113,202,342.02,0.9069,0.6907,0.356700,18,64,80,225.19,0.7134,0.2508,0.043744,4.338
459972,520,422,942,196,25,249,315.26,0.9820,0.5558,0.192720,16,30,0,129.96,1.0000,0.1117,0.010387,4.019
459979,520,208,728,218,166,227,321.41,0.6443,0.7592,0.477249,28,88,13,140.34,0.9792,0.3146,0.072551,4.302
460010,520,468,988,148,91,207,304.19,0.7053,0.5208,0.182834,8,4,18,297.45,0.5643,0.0431,0.001821,4.493
460023,520,446,966,219,9,179,339.18,0.9846,0.5416,0.185125,0,18,30,236.52,1.0000,0.0758,0.005263,4.255
460071,520,445,965,223,12,152,348.60,0.9763,0.5358,0.182205,30,10,2,48.00,0.7470,0.0774,0.004975,4.224
460085,520,434,954,216,28,186,336.49,0.9448,0.5462,0.189769,0,29,14,157.87,1.0000,0.1020,0.009104,4.057
460091,520,344,864,236,60,229,329.83,0.9469,0.6281,0.267243,38,19,116,280.67,0.9176,0.1926,0.021387,4.444
460092,520,432,952,223,49,136,355.77,0.8638,0.5478,0.196648,29,16,33,318.00,0.4217,0.0985,0.007416,4.296
460101,520,424,944,202,8,249,317.07,0.9955,0.5607,0.195713,24,16,62,285.00,0.7417,0.1146,0.009126,4.156
460104,520,456,976,203,61,161,342.02,0.7874,0.5335,0.186091,18,6,13,343.93,0.4215,0.0560,0.002879,4.465
460114,520,282,802,250,91,236,331.47,0.9771,0.6854,0.338650,55,61,16,116.45,0.7488,0.2457,0.041871,4.230
460115,520,439,959,221,14,192,335.95,0.9811,0.5542,0.194944,37,8,25,347.16,0.6300,0.0926,0.006372,4.345
460118,520,408,928,222,26,206,332.40,0.9681,0.5686,0.207270,1,11,91,264.67,0.9829,0.1255,0.010010,4.287
460156,520,310,830,239,92,217,334.05,0.9074,0.6588,0.310173,74,43,17,58.14,0.6508,0.2226,0.032243,4.379
460163,520,390,910,185,103,200,321.25,0.6628,0.5853,0.241859,50,28,35,359.38,0.3391,0.1549,0.016300,4.402
460173,520,325,845,250,109,20,45.36,0.9804,0.6490,0.313150,13,56,46,174.26,0.7894,0.2071,0.031110,4.477
460191,520,347,867,240,48,234,329.62,0.9682,0.6294,0.265824,5,24,121,265.25,0.9712,0.1863,0.020658,4.470
460193,520,325,845,244,78,209,337.49,0.9313,0.6466,0.292881,16,46,91,258.61,0.7618,0.2053,0.028193,4.385
460197,520,305,825,254,103,152,2.92,0.9774,0.6696,0.330415,10,61,66,204.89,0.8219,0.2314,0.037952,4.325
460210,520,319,839,255,30,236,332.57,1.0000,0.6477,0.282479,60,5,130,292.31,0.9737,0.2225,0.026809,4.329
460214,520,333,853,227,84,231,326.69,0.9027,0.6384,0.284432,30,50,47,184.12,0.3163,0.1973,0.027624,4.308
460230,520,438,958,228,62,56,27.22,0.9080,0.5488,0.202276,30,16,11,40.42,0.3720,0.0913,0.006708,4.449
460238,520,393,913,245,67,54,28.80,0.9525,0.5870,0.236965,0,39,22,159.80,1.0000,0.1373,0.015089,4.409
460241,520,371,891,227,56,230,327.33,0.9436,0.6106,0.248747,4,45,59,226.21,0.8638,0.1749,0.022182,4.139
460261,520,328,848,248,71,212,337.44,0.9579,0.6480,0.292194,54,44,68,303.07,0.3206,0.2143,0.030030,4.276
460273,520,432,952,204,49,207,327.25,0.8974,0.5513,0.195408,0,28,2,144.44,1.0000,0.0961,0.008349,4.206
460286,520,459,979,166,88,187,318.76,0.6574,0.5261,0.186751,13,9,14,319.51,0.2014,0.0573,0.003126,4.456
460296,520,340,860,235,100,162,354.13,0.7841,0.6376,0.293877,8,47,87,253.08,0.8286,0.2020,0.027726,4.424
460302,520,407,927,188,97,186,328.09,0.6502,0.5716,0.227871,30,27,49,289.06,0.3884,0.1338,0.012816,4.424
460307,520,443,963,178,77,201,319.78,0.7620,0.5359,0.189908,23,18,0,96.89,1.0000,0.0844,0.006148,4.273
460308,520,337,857,242,53,239,328.86,0.9678,0.6393,0.276581,21,20,132,269.83,0.9722,0.2020,0.023255,4.458
460313,520,251,771,254,142,83,46.99,0.9815,0.7177,0.410443,3,76,54,165.61,0.9820,0.2745,0.054543,4.404
460335,520,327,847,242,113,100,27.77,0.8601,0.6511,0.316104,3,56,61,204.91,0.9330,0.2107,0.031845,4.473
460357,520,7,527,250,253,250,145.54,0.4861,0.9895,0.974766,1,137,16,143.22,0.9996,0.4744,0.179344,4.468
460372,520,341,861,238,90,162,353.35,0.8259,0.6289,0.281008,64,42,17,67.41,0.6023,0.2046,0.027865,4.251
460373,520,315,835,239,124,35,52.07,0.9354,0.6569,0.328901,20,56,76,236.22,0.6320,0.2248,0.034987,4.458
460374,520,426,946,221,80,52,33.15,0.8706,0.5568,0.213599,41,17,14,28.37,0.4980,0.1108,0.009041,4.465
460383,520,419,939,197,70,213,323.04,0.8417,0.5641,0.210562,37,13,48,313.70,0.6603,0.1138,0.008946,4.420
460393,520,332,852,219,86,242,321.45,0.9310,0.6356,0.281282,27,28,118,272.63,0.9164,0.1994,0.023714,4.494
460396,520,418,938,214,42,197,332.85,0.9157,0.5571,0.199854,47,18,4,46.02,0.7642,0.1210,0.010458,4.133
460400,520,440,960,232,56,46,28.52,0.9343,0.5496,0.201844,6,15,52,267.48,0.8479,0.0896,0.006283,4.475
460411,520,300,820,255,112,79,34.39,1.0000,0.6674,0.334162,9,59,70,216.54,0.8257,0.2268,0.036280,4.452
460414,520,480,1000,170,86,149,337.52,0.5706,0.5075,0.173726,0,0,0,0.00,0.0000,0.0000,0.000000,4.475
460417,520,418,938,229,67,77,21.88,0.8719,0.5596,0.212110,29,17,60,291.55,0.6921,0.1199,0.009883,4.377
460432,520,362,882,237,24,234,329.00,0.9880,0.6128,0.246009,52,38,8,83.08,0.7384,0.1757,0.021339,4.149
460436,520,451,971,221,19,166,343.72,0.9621,0.5409,0.185936,4,13,31,260.27,0.6501,0.0672,0.004126,4.359
460453,520,433,953,215,37,187,336.01,0.9195,0.5497,0.193603,23,19,38,292.38,0.4065,0.1009,0.007878,4.209
460475,520,464,984,223,32,71,17.98,0.9488,0.5168,0.171787,1,5,31,264.98,0.9180,0.0475,0.002139,4.254
460481,520,469,989,208,43,139,350.70,0.8469,0.5157,0.170039,5,3,28,280.59,0.8271,0.0443,0.001812,4.247
460484,520,363,883,236,50,206,335.93,0.9402,0.6067,0.245730,77,4,8,25.32,0.9627,0.1658,0.016824,4.425
460488,520,414,934,227,52,161,347.82,0.8755,0.5685,0.213627,26,11,74,284.61,0.8712,0.1212,0.009533,4.428
460495,520,268,788,239,134,175,356.07,0.7427,0.7036,0.384984,3,66,93,234.33,0.9410,0.2609,0.047059,4.482
460509,520,480,1000,112,91,244,283.42,0.9119,0.5119,0.174582,0,0,0,0.00,0.0000,0.0000,0.000000,4.492
460512,520,407,927,199,60,236,318.06,0.9172,0.5732,0.214314,40,0,81,297.48,1.0000,0.1329,0.010452,4.372
460523,520,434,954,229,53,76,19.57,0.9059,0.5454,0.197289,8,23,46,258.60,0.6421,0.1044,0.008616,4.219
460528,520,370,890,254,8,183,345.87,0.9954,0.6104,0.246669,57,6,85,308.82,0.8993,0.1690,0.016561,4.457
460533,520,269,789,252,137,11,57.19,0.9915,0.7000,0.386139,15,75,1,140.62,0.9981,0.2646,0.051357,4.303
460542,520,439,959,240,11,102,8.73,0.9883,0.5515,0.197272,18,23,0,119.63,1.0000,0.0925,0.007414,4.307
460543,520,357,877,242,99,32,41.63,0.9521,0.6203,0.279083,11,50,20,147.83,0.9309,0.1787,0.024028,4.445
460550,520,352,872,182,134,162,343.28,0.3337,0.6228,0.296047,0,55,7,144.57,1.0000,0.1905,0.027476,4.467
460551,520,407,927,231,61,114,7.14,0.8558,0.5662,0.215442,30,17,70,288.17,0.7622,0.1302,0.011191,4.338
460565,520,362,882,237,75,167,349.59,0.8520,0.6112,0.258295,50,33,64,308.32,0.4547,0.1812,0.021360,4.320
460572,520,278,798,252,108,199,344.34,0.9644,0.6915,0.355470,11,70,9,142.48,0.9828,0.2467,0.044710,4.281
460591,520,301,821,253,72,233,332.94,0.9908,0.6690,0.314036,60,27,121,292.44,0.8256,0.2330,0.031250,4.480
460596,520,426,946,224,80,47,34.27,0.8914,0.5618,0.217925,26,27,8,111.55,0.5609,0.1132,0.010210,4.450
460631,520,465,985,165,78,206,313.28,0.7607,0.5219,0.179051,22,1,21,329.86,0.8165,0.0541,0.002464,4.366
460636,520,411,931,184,76,243,310.94,0.9175,0.5734,0.218312,16,12,82,273.74,0.9404,0.1234,0.009822,4.485
460652,520,433,953,241,25,46,25.04,0.9831,0.5474,0.195967,10,12,68,271.54,0.9244,0.1031,0.007448,4.282
460676,520,425,945,244,18,85,14.87,0.9845,0.5575,0.203250,2,11,80,265.33,0.9753,0.1115,0.008314,4.343
460689,520,400,920,240,44,145,355.73,0.9230,0.5804,0.223741,37,20,67,296.19,0.6846,0.1407,0.012989,4.346
460726,520,400,920,244,51,120,5.77,0.9171,0.5843,0.229601,55,7,57,326.31,0.7964,0.1425,0.012597,4.467
460727,520,462,982,210,5,185,335.16,0.9901,0.5274,0.173151,9,2,37,285.21,0.9087,0.0531,0.002351,4.263
460730,520,399,919,253,0,104,9.63,1.0000,0.5769,0.218858,36,31,22,82.13,0.2264,0.1386,0.014130,4.192
460731,520,452,972,233,7,73,16.87,0.9931,0.5291,0.179598,9,1,57,276.08,0.9884,0.0721,0.003752,4.271
460733,520,442,962,191,4,244,315.24,0.9971,0.5378,0.176962,5,16,41,262.85,0.7274,0.0818,0.005629,4.080
460744,520,422,942,197,79,187,331.09,0.7498,0.5591,0.210517,7,3,87,268.53,0.9928,0.1130,0.007983,4.493
460745,520,362,882,209,82,237,319.89,0.9028,0.6125,0.257059,23,41,70,259.53,0.5387,0.1789,0.022101,4.259
460748,520,310,830,247,91,186,346.42,0.9167,0.6553,0.308044,43,57,2,123.78,0.9691,0.2203,0.034442,4.240
460754,520,461,981,214,52,139,352.81,0.8297,0.5345,0.186185,4,12,8,164.90,0.4357,0.0542,0.003063,4.451
460770,520,454,974,216,8,175,339.63,0.9843,0.5334,0.178701,16,7,37,292.79,0.7057,0.0695,0.003957,4.239
460775,520,443,963,201,60,183,333.59,0.8160,0.5411,0.190699,25,9,35,310.49,0.6196,0.0819,0.005234,4.358
460801,520,442,962,126,107,222,287.82,0.7313,0.5374,0.202247,5,23,8,148.11,0.8357,0.0849,0.006626,4.455
460802,520,403,923,214,37,233,323.48,0.9640,0.5784,0.215044,42,18,53,313.97,0.6124,0.1329,0.011819,4.287
460810,520,72,592,244,225,215,49.74,0.4623,0.9096,0.779905,50,115,81,158.17,0.7025,0.4247,0.135332,4.478
460819,520,99,619,248,221,60,99.20,0.9475,0.8766,0.719970,37,113,20,140.60,0.9784,0.4021,0.122536,4.463
460824,520,273,793,235,132,194,344.25,0.7553,0.7018,0.380618,30,71,17,139.15,0.9403,0.2584,0.048228,4.384
460829,520,7,527,254,249,254,325.64,0.8906,0.9853,0.959781,10,136,27,143.77,0.9955,0.4727,0.177512,4.438
460830,520,467,987,137,92,218,296.72,0.7512,0.5176,0.180347,8,3,9,322.17,0.4372,0.0365,0.001365,4.485
460839,520,467,987,125,99,216,290.26,0.7240,0.5161,0.182414,14,3,14,327.41,0.5865,0.0449,0.001902,4.478
460843,520,424,944,238,32,110,6.73,0.9503,0.5573,0.203391,22,15,56,285.45,0.7144,0.1054,0.007977,4.371
460846,520,439,959,243,34,19,29.74,0.9844,0.5539,0.202492,43,5,4,27.41,0.8703,0.0924,0.006310,4.484
460848,520,429,949,232,52,50,26.94,0.9377,0.5465,0.198451,26,22,6,96.03,0.5621,0.0993,0.008066,4.279
460864,520,410,930,224,74,118,6.54,0.7883,0.5686,0.220554,53,0,61,321.91,1.0000,0.1341,0.010939,4.440
460867,520,392,912,253,13,136,359.87,0.9899,0.5894,0.229517,56,15,58,325.87,0.7056,0.1542,0.014880,4.308
460876,520,469,989,231,19,42,25.09,0.9860,0.5234,0.176249,5,5,3,107.55,0.1960,0.0364,0.001474,4.395
460878,520,409,929,233,15,176,343.41,0.9815,0.5680,0.208027,4,37,27,168.93,0.8871,0.1340,0.014280,4.014
460910,520,476,996,203,69,50,30.95,0.8491,0.5081,0.171852,2,0,12,289.00,1.0000,0.0208,0.000394,4.402
460920,520,24,544,250,244,240,56.31,0.3951,0.9658,0.913169,18,131,67,151.73,0.9788,0.4628,0.167657,4.425
460943,520,350,870,247,93,80,28.04,0.9372,0.6258,0.281853,2,46,79,247.14,0.9255,0.1909,0.025313,4.406
460948,520,285,805,254,130,22,52.82,0.9910,0.6908,0.370972,22,63,89,240.08,0.6645,0.2548,0.044467,4.456
460967,520,449,969,235,2,109,5.37,0.9973,0.5413,0.188128,2,3,57,266.98,0.9852,0.0705,0.003734,4.432
460974,520,441,961,171,90,186,321.18,0.6514,0.5358,0.195163,19,17,32,289.27,0.3571,0.0888,0.006436,4.344
460975,520,326,846,255,100,60,35.41,1.0000,0.6470,0.307041,37,55,35,142.08,0.4231,0.2141,0.032470,4.329
460976,520,384,904,254,24,123,4.52,0.9920,0.5902,0.231578,32,33,44,280.72,0.1967,0.1483,0.015766,4.282
460989,520,462,982,178,56,223,314.93,0.8847,0.5272,0.176221,0,1,42,264.20,0.9937,0.0475,0.001889,4.360
460995,520,441,961,220,6,167,343.03,0.9882,0.5362,0.181384,3,14,60,265.35,0.9293,0.0936,0.006596,4.088
460999,520,398,918,252,36,70,20.93,0.9840,0.5790,0.224031,29,35,25,133.02,0.2369,0.1432,0.015334,4.194
461008,520,435,955,231,63,24,33.68,0.9666,0.5528,0.206128,10,22,23,202.52,0.3327,0.0898,0.007002,4.493
461016,520,477,997,228,8,45,23.81,0.9940,0.5142,0.168601,0,2,8,253.83,0.9999,0.0231,0.000609,4.319
461021,520,416,936,181,75,242,310.26,0.9121,0.5672,0.212676,32,23,36,315.25,0.2918,0.1191,0.010473,4.344
461026,520,414,934,219,3,227,326.42,0.9978,0.5715,0.206734,8,11,83,268.85,0.9671,0.1186,0.009154,4.340
461037,520,365,885,253,25,177,347.59,0.9855,0.6098,0.247557,72,10,40,356.48,0.7809,0.1692,0.017482,4.409
461047,520,388,908,202,65,249,315.72,0.9653,0.5922,0.231781,60,14,33,358.62,0.6823,0.1465,0.013847,4.413
461048,520,467,987,202,73,85,18.35,0.7434,0.5181,0.179795,14,1,8,343.91,0.7374,0.0373,0.001326,4.477
461057,520,307,827,240,105,204,339.07,0.8767,0.6709,0.329905,62,47,67,317.55,0.2837,0.2310,0.034625,4.489
461060,520,330,850,244,73,207,337.97,0.9321,0.6405,0.285060,73,31,50,353.50,0.5191,0.2050,0.026269,4.393
461063,520,450,970,216,20,181,337.91,0.9616,0.5401,0.184377,4,1,59,269.58,0.9942,0.0707,0.003633,4.370
461064,520,459,979,215,39,153,347.10,0.8835,0.5327,0.182004,5,12,14,215.12,0.3099,0.0570,0.003269,4.355
461086,520,459,979,228,15,112,3.49,0.9743,0.5307,0.180084,15,3,32,299.55,0.7964,0.0568,0.002710,4.365
461096,520,418,938,209,5,232,322.71,0.9962,0.5583,0.194919,34,26,16,72.53,0.3123,0.1215,0.011163,4.004
461135,520,480,1000,197,77,50,34.17,0.8098,0.5083,0.174103,0,0,0,0.00,0.0000,0.0000,0.000000,4.482
461143,520,432,952,192,58,226,318.49,0.8966,0.5530,0.197249,4,26,31,214.57,0.7039,0.1013,0.008635,4.217
461146,520,462,982,225,18,130,356.66,0.9631,0.5320,0.180546,11,1,36,290.49,0.9394,0.0518,0.002202,4.416
461151,520,410,930,247,44,46,26.95,0.9678,0.5704,0.217763,41,17,51,314.92,0.6139,0.1283,0.011114,4.381
461172,520,426,946,184,84,204,320.67,0.7523,0.5565,0.208918,5,27,33,218.23,0.6665,0.1058,0.009259,4.369
461191,520,463,983,228,12,117,1.64,0.9793,0.5316,0.180442,11,3,33,290.83,0.8213,0.0536,0.002461,4.393
461198,520,465,985,199,81,28,41.37,0.8929,0.5158,0.181128,10,7,1,92.94,0.6964,0.0457,0.002187,4.429
461214,520,381,901,247,29,175,347.01,0.9710,0.5989,0.237513,5,21,107,265.57,0.9679,0.1632,0.016300,4.337
461217,520,435,955,176,59,250,308.01,0.9681,0.5492,0.192610,46,0,11,11.67,1.0000,0.0922,0.006051,4.328
461280,520,408,928,244,49,69,22.10,0.9465,0.5709,0.218628,57,0,36,348.13,1.0000,0.1251,0.009974,4.479
461301,520,464,984,184,29,231,315.82,0.9623,0.5234,0.168398,13,1,28,302.48,0.8880,0.0473,0.001911,4.207
461302,520,137,657,242,191,229,335.50,0.7767,0.8384,0.617972,5,103,76,166.91,0.9828,0.3718,0.102541,4.379
461326,520,466,986,215,63,54,27.90,0.8821,0.5243,0.182709,8,5,19,293.28,0.5235,0.0461,0.002072,4.469
461328,520,397,917,251,38,81,18.04,0.9763,0.5800,0.224932,1,32,67,253.93,0.9525,0.1414,0.014446,4.266
461332,520,404,924,225,72,160,349.07,0.8079,0.5838,0.231828,10,37,7,141.52,0.9371,0.1320,0.014030,4.402
461333,520,439,959,172,74,233,309.36,0.8686,0.5464,0.195522,7,9,59,271.03,0.9294,0.0866,0.005563,4.419
461340,520,383,903,207,59,255,316.05,1.0000,0.5989,0.236149,23,31,67,271.35,0.5925,0.1504,0.015673,4.357
461353,520,468,988,218,43,89,12.35,0.8935,0.5179,0.173570,6,3,13,299.87,0.5296,0.0360,0.001329,4.356
461355,520,413,933,227,37,189,338.44,0.9391,0.5727,0.213307,2,25,58,256.88,0.9045,0.1157,0.010136,4.379
461360,520,347,867,233,59,239,326.60,0.9544,0.6287,0.266859,81,18,25,18.95,0.7804,0.1919,0.022524,4.369
461363,520,344,864,231,63,236,326.78,0.9447,0.6268,0.266024,51,37,56,317.01,0.3109,0.1869,0.023125,4.322
461368,520,465,985,189,5,228,318.28,0.9946,0.5213,0.165302,3,7,20,263.89,0.5744,0.0467,0.002218,4.123
461370,520,343,863,240,42,243,327.52,0.9783,0.6318,0.266549,65,19,81,315.93,0.7530,0.1919,0.021838,4.406
461374,520,453,973,180,87,164,334.25,0.6241,0.5319,0.192012,3,17,12,170.32,0.6722,0.0674,0.004468,4.443
461376,520,358,878,245,67,166,351.12,0.9108,0.6168,0.261831,52,37,46,342.28,0.2299,0.1834,0.022505,4.301
461401,520,429,949,200,20,240,318.40,0.9843,0.5531,0.190725,14,2,76,275.12,0.9879,0.1010,0.006585,4.254
461405,520,454,974,187,90,134,353.42,0.5797,0.5340,0.195998,25,12,3,59.90,0.6215,0.0741,0.004762,4.492
461432,520,362,882,255,62,84,20.33,1.0000,0.6062,0.253490,66,25,43,354.80,0.5538,0.1789,0.020281,4.318
461456,520,435,955,236,20,109,6.09,0.9721,0.5478,0.194404,25,15,27,320.73,0.3420,0.0884,0.006275,4.343
461461,520,473,993,162,61,231,307.40,0.8827,0.5155,0.167890,9,0,5,342.32,1.0000,0.0268,0.000690,4.298
461487,520,321,841,216,114,203,332.13,0.7166,0.6486,0.309470,14,60,22,146.31,0.9462,0.2145,0.033829,4.288
461501,520,416,936,229,2,192,337.82,0.9978,0.5666,0.205099,39,4,70,301.77,0.9114,0.1242,0.009604,4.280
461512,520,417,937,255,4,3,29.19,1.0000,0.5690,0.213573,31,0,80,289.59,1.0000,0.1200,0.008705,4.490
461519,520,470,990,232,6,39,25.12,0.9961,0.5217,0.174357,2,5,17,264.35,0.6262,0.0391,0.001619,4.346
461524,520,399,919,254,34,32,28.29,0.9962,0.5777,0.223230,33,30,41,297.31,0.2051,0.1400,0.014120,4.261
461525,520,416,936,218,43,202,332.49,0.9250,0.5679,0.208997,1,11,85,264.68,0.9800,0.1175,0.009016,4.389
461549,520,437,957,211,4,211,328.35,0.9953,0.5462,0.186409,32,17,5,59.76,0.5959,0.0949,0.007190,4.134
461551,520,332,852,208,122,167,348.07,0.5510,0.6350,0.301205,13,57,12,142.78,0.9631,0.2023,0.030382,4.369
461556,520,454,974,177,68,212,316.79,0.8220,0.5305,0.182358,6,16,17,203.41,0.3590,0.0687,0.004498,4.264
461579,520,480,1000,183,20,217,319.05,0.9683,0.5064,0.155786,0,0,0,0.00,0.0000,0.0000,0.000000,4.116
461591,520,430,950,232,7,142,353.79,0.9889,0.5482,0.192637,21,9,59,285.98,0.8328,0.0976,0.006706,4.279
461599,520,343,863,245,4,241,329.25,0.9988,0.6270,0.258531,47,27,89,293.46,0.7161,0.1852,0.021095,4.340
461617,520,471,991,224,16,94,9.22,0.9730,0.5173,0.170288,16,2,14,332.48,0.6842,0.0448,0.001853,4.248
461619,520,415,935,217,35,221,327.21,0.9596,0.5739,0.211763,1,35,9,148.30,0.9907,0.1213,0.012282,4.203
461626,520,353,873,253,54,154,355.89,0.9797,0.6157,0.258575,11,48,33,162.79,0.8139,0.1752,0.022948,4.230
461642,520,417,937,203,43,239,319.01,0.9539,0.5684,0.206578,9,34,20,156.27,0.7394,0.1244,0.012526,4.104
461671,520,439,959,207,49,190,333.04,0.8739,0.5456,0.191817,32,16,5,55.87,0.5919,0.0928,0.006887,4.251
461681,520,432,952,215,82,2,42.36,0.9948,0.5453,0.204884,26,19,30,312.99,0.2758,0.0997,0.007791,4.410
461696,520,402,922,210,77,200,330.88,0.8141,0.5848,0.231814,16,35,28,168.20,0.4529,0.1339,0.013960,4.406
461700,520,361,881,231,43,241,325.82,0.9718,0.6158,0.250699,13,50,9,141.71,0.9589,0.1777,0.023864,4.071
461707,520,466,986,199,85,7,45.85,0.9717,0.5212,0.186564,3,9,19,253.76,0.5238,0.0507,0.002617,4.496
461714,520,330,850,207,99,248,315.59,0.9417,0.6392,0.289677,78,35,9,48.03,0.7848,0.2112,0.028417,4.332
461719,520,446,966,181,83,181,327.48,0.6875,0.5365,0.193476,9,8,55,274.16,0.9059,0.0820,0.005076,4.421
461750,520,405,925,247,20,126,2.24,0.9793,0.5757,0.217843,11,4,100,269.26,0.9922,0.1347,0.010780,4.407
461757,520,443,963,192,31,231,318.07,0.9613,0.5374,0.179574,24,1,54,296.19,0.9642,0.0834,0.004822,4.188
461790,520,408,928,228,17,198,335.99,0.9818,0.5715,0.209747,8,7,93,268.35,0.9852,0.1269,0.009938,4.334
461795,520,440,960,220,42,157,347.05,0.8869,0.5461,0.193084,38,8,6,27.77,0.7235,0.0883,0.005990,4.342
461816,520,1,521,255,255,255,0.00,0.0000,1.0000,1.000000,7,138,70,152.04,0.9934,0.4847,0.186635,4.437
461820,520,313,833,249,49,251,327.73,0.9881,0.6562,0.293043,81,15,91,321.94,0.8088,0.2232,0.028465,4.372
461827,520,446,966,239,13,15,28.70,0.9940,0.5368,0.186764,17,15,29,289.73,0.3560,0.0807,0.005495,4.266
461863,520,468,988,214,13,146,348.52,0.9660,0.5154,0.166617,6,3,11,304.13,0.4751,0.0351,0.001280,4.224
461883,520,385,905,253,57,12,32.84,0.9919,0.5904,0.238391,44,25,51,316.50,0.4677,0.1478,0.014698,4.458
461890,520,418,938,220,22,199,333.78,0.9700,0.5591,0.199153,42,21,27,1.86,0.3747,0.1245,0.011078,4.079
461894,520,455,975,236,14,59,21.23,0.9894,0.5347,0.184659,26,3,14,351.75,0.6978,0.0612,0.003165,4.414
461898,520,272,792,249,137,65,50.44,0.9283,0.6987,0.384156,0,68,90,227.68,1.0000,0.2645,0.048722,4.398
461909,520,464,984,175,29,248,309.41,0.9732,0.5242,0.167709,7,4,30,283.24,0.7779,0.0500,0.002257,4.166
461947,520,424,944,235,57,38,30.27,0.9478,0.5558,0.207315,19,15,64,279.27,0.8049,0.1103,0.008502,4.398
461952,520,431,951,195,19,252,314.45,0.9884,0.5547,0.190975,7,26,34,227.94,0.5702,0.1045,0.008994,4.085
461967,520,400,920,239,72,0,37.08,1.0000,0.5775,0.229886,41,19,67,301.36,0.6949,0.1441,0.013424,4.413
461984,520,473,993,222,26,100,7.30,0.9447,0.5187,0.171912,7,1,11,315.32,0.7319,0.0304,0.000910,4.359
461994,520,398,918,207,67,220,324.25,0.8806,0.5813,0.224487,46,21,46,327.16,0.5130,0.1398,0.013145,4.347
461996,520,435,955,212,37,198,332.03,0.9276,0.5511,0.193995,32,3,40,318.29,0.8161,0.0854,0.005254,4.416
462007,520,417,937,244,17,120,3.61,0.9816,0.5667,0.209934,0,34,22,165.47,1.0000,0.1206,0.012019,4.191
462010,520,399,919,240,46,142,356.89,0.9177,0.5805,0.224354,45,26,25,22.87,0.3199,0.1393,0.013669,4.309
462013,520,444,964,180,59,236,312.32,0.9060,0.5435,0.188884,27,12,22,340.50,0.3966,0.0827,0.005539,4.301
462015,520,218,738,223,173,138,56.35,0.4986,0.7498,0.474115,43,83,3,134.17,0.9902,0.3047,0.067065,4.477
462018,520,475,995,168,74,208,314.22,0.7837,0.5220,0.177773,8,3,3,19.66,0.3303,0.0340,0.001233,4.446
462028,520,433,953,198,24,240,317.80,0.9795,0.5512,0.189518,3,16,62,264.68,0.9238,0.0996,0.007377,4.174
462034,520,468,988,191,65,171,334.73,0.7622,0.5227,0.177988,4,7,11,248.87,0.2669,0.0435,0.002019,4.383
462042,520,422,942,205,48,212,326.19,0.9096,0.5556,0.198483,8,29,32,207.78,0.5571,0.1128,0.010346,4.118
462050,520,450,970,217,35,169,342.08,0.9121,0.5421,0.188207,11,15,23,263.90,0.2644,0.0725,0.004746,4.351
462051,520,271,791,252,111,219,337.49,0.9768,0.7050,0.371816,34,57,113,264.95,0.6675,0.2619,0.044584,4.460
462054,520,457,977,179,41,234,313.28,0.9403,0.5252,0.171112,23,8,7,25.36,0.4432,0.0647,0.003712,4.117
462056,520,443,963,220,62,84,17.61,0.8470,0.5383,0.193036,35,7,0,42.76,1.0000,0.0799,0.005093,4.411
462081,520,399,919,235,49,158,350.52,0.9027,0.5798,0.223303,16,34,49,245.31,0.4787,0.1410,0.014759,4.220
462089,520,392,912,246,26,163,350.37,0.9719,0.5903,0.229792,9,31,76,262.39,0.8415,0.1503,0.015598,4.265
462095,520,332,852,221,80,250,320.29,0.9726,0.6370,0.280134,34,50,42,162.64,0.2751,0.1984,0.027884,4.239
462096,520,375,895,221,37,253,320.72,0.9918,0.6047,0.237891,32,32,64,281.53,0.4852,0.1583,0.017102,4.290
462098,520,458,978,234,2,41,24.67,0.9987,0.5254,0.176991,8,12,10,164.48,0.1557,0.0582,0.003365,4.254
462126,520,293,813,250,109,162,359.07,0.9030,0.6750,0.338729,0,61,87,234.43,1.0000,0.2410,0.040254,4.307
462133,520,383,903,241,7,206,336.84,0.9956,0.5982,0.233119,24,39,23,142.96,0.4535,0.1504,0.017071,4.221
462151,520,39,559,243,239,245,314.78,0.2758,0.9498,0.873804,58,123,84,155.22,0.6808,0.4542,0.157050,4.462
462153,520,444,964,235,27,89,13.06,0.9636,0.5431,0.191704,27,7,36,313.92,0.6840,0.0819,0.005124,4.385
462165,520,399,919,232,17,197,337.21,0.9833,0.5783,0.215906,58,14,20,16.04,0.6999,0.1383,0.012643,4.245
462166,520,321,841,238,86,211,335.52,0.8983,0.6467,0.295384,13,45,105,261.50,0.8714,0.2142,0.029821,4.327
462176,520,470,990,227,22,89,11.70,0.9652,0.5244,0.176289,11,3,3,20.71,0.4435,0.0372,0.001429,4.400
462178,520,333,853,243,80,189,343.67,0.9026,0.6371,0.284690,20,55,38,159.93,0.6872,0.2040,0.030209,4.173
462183,520,404,924,214,62,206,330.25,0.8767,0.5788,0.221996,26,28,40,277.05,0.2398,0.1270,0.012033,4.385
462195,520,472,992,193,27,205,324.94,0.9451,0.5172,0.165307,13,0,5,351.12,1.0000,0.0319,0.000965,4.225
462212,520,422,942,247,18,51,23.87,0.9901,0.5582,0.204494,11,30,6,139.15,0.8854,0.1096,0.010128,4.233
462219,520,305,825,248,69,250,327.55,0.9837,0.6685,0.311176,32,40,125,271.81,0.8594,0.2329,0.033052,4.349
462220,520,336,856,246,77,184,345.89,0.9207,0.6366,0.283643,50,44,51,321.41,0.1221,0.2009,0.027185,4.323
462234,520,441,961,168,61,248,305.76,0.9551,0.5383,0.184403,4,23,21,186.35,0.6694,0.0881,0.006927,4.118
462239,520,430,950,196,26,240,317.22,0.9765,0.5488,0.187673,13,12,61,275.24,0.8695,0.0974,0.006854,4.180
462252,520,76,596,222,239,145,117.19,0.7689,0.9053,0.793069,7,120,56,150.59,0.9923,0.4231,0.137630,4.493
462260,520,455,975,155,68,252,300.16,0.9764,0.5324,0.181314,14,12,2,101.08,0.6509,0.0610,0.003607,4.315
462271,520,429,949,210,10,211,328.08,0.9882,0.5457,0.186239,19,25,13,129.94,0.3699,0.1018,0.008628,4.029
462281,520,319,839,217,116,205,331.74,0.7220,0.6543,0.316520,41,56,46,155.47,0.2508,0.2240,0.034970,4.314
462282,520,327,847,232,74,253,322.75,0.9909,0.6497,0.291474,33,43,88,271.42,0.5888,0.2050,0.027556,4.403
462292,520,354,874,252,18,207,339.03,0.9913,0.6213,0.256364,39,7,115,282.94,0.9682,0.1804,0.018210,4.491
462293,520,429,949,221,36,171,342.46,0.9177,0.5512,0.195766,16,12,61,278.29,0.8437,0.0997,0.007100,4.304
462297,520,430,950,217,54,154,348.00,0.8377,0.5485,0.197255,33,18,19,15.16,0.3067,0.1020,0.008030,4.261
462301,520,418,938,187,92,191,325.87,0.6858,0.5650,0.219819,23,19,66,280.90,0.7390,0.1230,0.010412,4.466
462313,520,386,906,236,32,186,341.38,0.9590,0.5851,0.224139,37,9,92,288.32,0.9189,0.1515,0.013614,4.309
462318,520,470,990,190,56,186,329.22,0.8171,0.5202,0.173222,10,3,2,34.33,0.4620,0.0358,0.001340,4.348
462320,520,260,780,242,118,231,330.82,0.9285,0.7063,0.376059,98,47,27,41.42,0.6465,0.2736,0.047092,4.388
462339,520,433,953,244,16,15,28.86,0.9931,0.5484,0.196417,39,11,21,0.11,0.5690,0.0990,0.007249,4.304
462352,520,408,928,205,88,169,341.13,0.6975,0.5749,0.228249,27,26,56,282.69,0.5069,0.1333,0.012573,4.447
462353,520,377,897,245,59,142,358.89,0.9123,0.6001,0.244966,16,19,103,270.12,0.9523,0.1597,0.015551,4.500
462365,520,301,821,249,114,133,13.54,0.8855,0.6719,0.338708,15,61,70,213.45,0.7362,0.2349,0.038811,4.377
462376,520,433,953,205,41,207,327.62,0.9202,0.5473,0.190718,39,13,16,14.69,0.5313,0.1006,0.007567,4.182
462385,520,443,963,200,83,132,356.67,0.6630,0.5435,0.201336,7,21,11,152.26,0.5783,0.0811,0.006056,4.484
462386,520,334,854,243,62,225,332.58,0.9487,0.6390,0.279389,44,32,97,286.20,0.7141,0.1986,0.024315,4.432
462391,520,369,889,243,75,146,358.77,0.8795,0.6135,0.261652,59,26,55,331.93,0.5347,0.1748,0.019445,4.488
462397,520,478,998,220,38,20,30.25,0.9738,0.5081,0.166551,1,0,16,275.06,1.0000,0.0220,0.000439,4.293
462408,520,450,970,171,81,211,313.94,0.7701,0.5382,0.192468,24,9,22,332.03,0.4626,0.0733,0.004475,4.451
462458,520,445,965,188,70,199,324.23,0.7945,0.5408,0.191965,25,12,9,33.79,0.3637,0.0757,0.004894,4.408
462461,520,455,975,232,31,13,30.05,0.9877,0.5288,0.181679,20,8,3,50.90,0.5399,0.0596,0.003290,4.348
462471,520,407,927,214,54,198,332.59,0.8843,0.5667,0.210138,15,12,91,271.76,0.9606,0.1340,0.011198,4.251
462473,520,235,755,242,163,10,73.97,0.9887,0.7372,0.450959,32,81,1,137.28,0.9976,0.2918,0.061939,4.475
462488,520,426,946,225,10,192,336.90,0.9879,0.5607,0.200329,39,1,59,310.01,0.9578,0.1095,0.007689,4.339
462491,520,380,900,240,6,212,335.07,0.9965,0.5998,0.234119,55,24,44,342.48,0.4959,0.1587,0.016474,4.274
462497,520,458,978,195,12,223,321.08,0.9865,0.5289,0.171943,24,2,14,347.59,0.7396,0.0560,0.002693,4.212
462516,520,471,991,170,25,253,307.01,0.9906,0.5195,0.163339,11,5,6,5.85,0.2597,0.0435,0.001928,4.108
462526,520,389,909,222,74,171,344.29,0.8039,0.5859,0.233698,28,35,38,225.62,0.1337,0.1471,0.015889,4.306
462538,520,433,953,198,2,246,316.71,0.9987,0.5505,0.187045,2,8,74,265.68,0.9786,0.0996,0.006809,4.173
462540,520,262,782,254,117,208,342.27,0.9887,0.7115,0.383503,57,65,33,120.56,0.4881,0.2625,0.047602,4.442
462542,520,144,664,249,186,210,354.22,0.7987,0.8291,0.599124,0,102,19,144.32,1.0000,0.3565,0.095493,4.462
462545,520,464,984,218,52,13,33.26,0.9807,0.5152,0.173931,23,2,0,36.62,1.0000,0.0498,0.002256,4.285
462578,520,436,956,208,73,150,348.78,0.7448,0.5509,0.203790,40,8,15,10.24,0.6621,0.0941,0.006593,4.484
462585,520,470,990,228,13,70,17.48,0.9860,0.5193,0.172270,3,4,22,273.94,0.7316,0.0405,0.001641,4.304
462587,520,381,901,250,40,157,353.55,0.9595,0.6020,0.242793,5,6,120,265.81,0.9945,0.1635,0.015184,4.492
462616,520,433,953,194,79,177,333.76,0.7223,0.5488,0.202371,24,13,51,292.04,0.6953,0.0995,0.007211,4.411
462628,520,336,856,247,97,108,19.02,0.9041,0.6369,0.294094,28,54,12,135.69,0.8992,0.1997,0.029117,4.349
462632,520,464,984,127,84,249,289.17,0.9466,0.5193,0.176920,7,9,14,265.76,0.2058,0.0520,0.002722,4.304
462643,520,432,952,211,67,159,345.40,0.7832,0.5532,0.203685,30,17,33,319.94,0.3996,0.1018,0.007867,4.384
462656,520,475,995,218,52,12,33.35,0.9822,0.5151,0.173906,14,1,1,25.24,0.8368,0.0344,0.001173,4.375
462663,520,425,945,211,36,216,326.91,0.9486,0.5607,0.200705,27,25,7,103.08,0.5677,0.1086,0.009436,4.218
462678,520,394,914,242,73,52,30.55,0.9368,0.5875,0.238935,8,37,37,195.15,0.6787,0.1397,0.015083,4.440
462684,520,280,800,235,134,148,11.72,0.6925,0.6889,0.368527,9,68,42,158.57,0.9450,0.2450,0.043593,4.472
462686,520,478,998,221,37,58,22.31,0.9455,0.5135,0.170035,1,1,7,277.79,0.7136,0.0203,0.000435,4.363
462691,520,426,946,194,93,147,348.83,0.6035,0.5553,0.214062,3,21,59,261.44,0.9030,0.1074,0.008714,4.497
462709,520,418,938,242,16,122,2.57,0.9816,0.5630,0.206563,59,1,13,15.94,0.9682,0.1224,0.009807,4.290
462716,520,446,966,217,66,91,15.38,0.8142,0.5386,0.194059,33,8,13,9.96,0.5828,0.0815,0.005261,4.416
462731,520,415,935,230,36,171,344.62,0.9335,0.5681,0.210277,48,11,33,347.21,0.6590,0.1199,0.009776,4.354
462733,520,457,977,229,42,11,31.48,0.9882,0.5294,0.183411,18,9,9,19.10,0.2646,0.0610,0.003437,4.368
462734,520,406,926,233,9,202,336.07,0.9925,0.5814,0.217860,40,23,34,340.90,0.3344,0.1287,0.011794,4.335
462745,520,464,984,190,41,209,322.78,0.9087,0.5232,0.171379,14,1,34,297.74,0.9209,0.0531,0.002306,4.232
462768,520,449,969,192,1,250,314.25,0.9994,0.5440,0.181316,32,1,27,335.06,0.8499,0.0733,0.004080,4.277
462777,520,445,965,242,7,41,25.16,0.9963,0.5437,0.191927,14,7,53,280.87,0.8664,0.0820,0.005023,4.397
462788,520,414,934,244,54,23,31.74,0.9783,0.5702,0.219367,50,13,26,1.54,0.6316,0.1234,0.010406,4.459
462792,520,430,950,228,29,143,353.17,0.9386,0.5477,0.193587,12,12,65,273.58,0.9001,0.1010,0.007227,4.256
462793,520,460,980,226,53,1,33.98,0.9987,0.5320,0.187200,4,16,10,163.12,0.5773,0.0649,0.004183,4.378
462798,520,382,902,254,64,56,27.84,0.9946,0.6018,0.250268,39,31,58,296.42,0.4197,0.1591,0.017168,4.470
462825,520,466,986,207,50,130,354.56,0.8176,0.5158,0.171605,7,10,4,127.57,0.3749,0.0509,0.002710,4.204
462844,520,358,878,247,54,184,345.02,0.9423,0.6176,0.258763,56,23,75,310.97,0.6831,0.1786,0.019616,4.435
462863,520,402,922,205,54,243,318.34,0.9454,0.5826,0.220901,34,30,11,97.71,0.5193,0.1310,0.012928,4.305
462868,520,249,769,209,168,116,72.63,0.5038,0.7173,0.428227,11,80,24,145.54,0.9819,0.2831,0.058742,4.398
462871,520,458,978,191,61,185,329.83,0.8000,0.5265,0.179181,29,0,20,341.74,1.0000,0.0626,0.003118,4.315
462875,520,375,895,206,86,224,322.25,0.8442,0.6045,0.251608,0,47,2,143.28,1.0000,0.1615,0.020373,4.286
462876,520,304,824,238,84,247,325.54,0.9673,0.6654,0.312355,70,35,91,310.93,0.6268,0.2320,0.032596,4.387
462886,520,432,952,196,79,171,336.80,0.7154,0.5488,0.202696,44,5,9,18.89,0.8120,0.0955,0.006638,4.462
462891,520,415,935,244,11,146,354.98,0.9886,0.5747,0.215511,27,18,63,287.08,0.7075,0.1222,0.010245,4.407
462892,520,381,901,252,20,167,350.25,0.9843,0.6017,0.239893,15,27,88,268.52,0.8799,0.1560,0.015899,4.399
462908,520,450,970,208,49,178,337.09,0.8580,0.5403,0.188229,27,8,19,345.98,0.5070,0.0743,0.004537,4.368
462910,520,475,995,188,40,205,323.28,0.9034,0.5163,0.166182,5,3,10,299.48,0.4423,0.0336,0.001193,4.223
462920,520,445,965,195,33,233,318.41,0.9608,0.5449,0.185745,41,0,13,5.56,1.0000,0.0824,0.005006,4.286
462932,520,475,995,222,10,108,3.67,0.9803,0.5157,0.168321,2,3,19,272.35,0.7741,0.0349,0.001250,4.260
462953,520,336,856,234,97,179,346.30,0.8057,0.6388,0.292990,6,50,80,244.50,0.8370,0.2047,0.028990,4.342
462956,520,448,968,230,42,68,20.60,0.9394,0.5371,0.188992,15,15,32,282.31,0.4240,0.0807,0.005475,4.308
462994,520,335,855,246,39,247,328.02,0.9843,0.6431,0.277621,87,10,18,22.22,0.9095,0.1954,0.022873,4.496
463005,520,378,898,215,67,227,324.70,0.9059,0.5987,0.240093,67,16,33,3.93,0.6955,0.1630,0.016739,4.347
463026,520,408,928,148,107,238,294.81,0.8136,0.5719,0.229844,45,23,27,8.44,0.3710,0.1334,0.012499,4.478
463042,520,257,777,228,133,223,328.95,0.8110,0.7071,0.385985,29,69,80,218.41,0.5590,0.2709,0.050964,4.318
463046,520,475,995,177,23,241,311.65,0.9773,0.5183,0.163118,11,0,7,339.18,1.0000,0.0302,0.000865,4.190
463053,520,457,977,184,25,242,313.42,0.9763,0.5309,0.172976,10,6,36,283.50,0.7566,0.0614,0.003221,4.190
463073,520,384,904,218,18,249,321.07,0.9915,0.5893,0.221796,14,11,102,270.08,0.9767,0.1468,0.012919,4.320
463074,520,376,896,204,103,171,341.25,0.6297,0.5976,0.254798,36,38,32,122.19,0.1164,0.1612,0.018656,4.440
463076,520,444,964,176,46,255,307.66,1.0000,0.5425,0.184049,11,16,30,268.26,0.4031,0.0786,0.005355,4.228
463088,520,448,968,209,28,195,332.08,0.9450,0.5391,0.183280,0,9,53,263.13,1.0004,0.0753,0.004524,4.278
463108,520,379,899,242,18,205,337.36,0.9880,0.6018,0.237206,53,21,60,320.14,0.6251,0.1596,0.016195,4.339
463109,520,304,824,206,117,249,313.54,0.9317,0.6658,0.326851,21,53,95,256.32,0.7002,0.2298,0.035317,4.417
463121,520,320,840,253,107,23,43.94,0.9854,0.6511,0.314633,38,55,35,140.80,0.4109,0.2150,0.032657,4.411
463123,520,316,836,252,106,108,22.02,0.9568,0.6585,0.320895,5,54,84,242.37,0.8696,0.2191,0.033105,4.463
463132,520,450,970,176,80,203,318.23,0.7541,0.5384,0.192802,4,19,8,152.18,0.7530,0.0726,0.005091,4.407
463134,520,443,963,201,34,215,324.48,0.9440,0.5418,0.184696,2,13,48,263.44,0.9171,0.0792,0.005141,4.256
463139,520,434,954,245,5,68,19.28,0.9967,0.5533,0.199419,46,5,9,19.54,0.8282,0.0995,0.007092,4.369
463142,520,427,947,231,4,163,346.80,0.9940,0.5552,0.197229,46,8,10,21.43,0.7588,0.1041,0.007765,4.280
463154,520,354,874,232,50,236,327.18,0.9615,0.6185,0.254955,4,48,40,177.27,0.9183,0.1752,0.022928,4.182
463159,520,401,921,238,77,8,37.86,0.9905,0.5818,0.235055,18,36,39,209.18,0.3729,0.1428,0.015368,4.361
463174,520,416,936,247,32,91,14.19,0.9672,0.5707,0.215660,37,19,38,325.08,0.4441,0.1181,0.009990,4.428
463180,520,317,837,227,120,164,355.30,0.6742,0.6577,0.324463,2,63,10,144.41,0.9958,0.2198,0.035897,4.359
463182,520,479,999,217,43,77,16.64,0.9046,0.5131,0.170179,0,0,1,264.05,1.0000,0.0060,0.000022,4.402
463183,520,473,993,222,16,106,4.60,0.9682,0.5167,0.169435,6,3,3,18.81,0.2282,0.0318,0.001104,4.294
463192,520,357,877,243,74,170,349.81,0.8920,0.6220,0.268575,43,44,25,110.83,0.3699,0.1840,0.023852,4.314
463196,520,336,856,227,114,155,358.65,0.6857,0.6442,0.307343,33,53,27,138.71,0.5682,0.2027,0.029486,4.496
463207,520,442,962,239,12,49,23.65,0.9927,0.5393,0.188387,24,3,49,298.89,0.8829,0.0818,0.004811,4.349
463218,520,323,843,239,98,189,343.84,0.8522,0.6527,0.307628,22,57,20,142.56,0.8928,0.2074,0.031472,4.390
463220,520,468,988,213,8,161,343.24,0.9802,0.5199,0.168953,2,7,1,138.22,0.8688,0.0378,0.001671,4.237
463222,520,471,991,230,4,59,20.42,0.9965,0.5195,0.172286,17,2,0,40.73,1.0000,0.0409,0.001626,4.306
463227,520,441,961,187,3,252,312.44,0.9982,0.5382,0.176594,29,7,47,305.58,0.7660,0.0929,0.006184,4.033
463233,520,469,989,201,77,55,32.22,0.8058,0.5163,0.180031,21,0,7,357.18,1.0000,0.0442,0.001748,4.445
463247,520,341,861,239,71,202,338.18,0.9036,0.6274,0.271242,40,40,81,281.08,0.5188,0.1981,0.025627,4.248
463250,520,411,931,240,37,126,1.85,0.9393,0.5691,0.213579,57,6,6,26.36,0.9039,0.1231,0.010134,4.383
463293,520,441,961,198,49,207,325.52,0.8899,0.5413,0.187090,2,1,72,266.06,0.9973,0.0863,0.005024,4.309
463302,520,475,995,216,58,36,31.20,0.9285,0.5187,0.177549,7,3,3,19.26,0.2828,0.0329,0.001169,4.447
463335,520,454,974,216,73,1,39.41,0.9978,0.5347,0.193687,21,12,15,357.29,0.2389,0.0724,0.004569,4.466
463339,520,351,871,250,29,216,336.35,0.9843,0.6263,0.261638,5,52,45,180.13,0.9066,0.1909,0.026776,4.059
463341,520,459,979,234,13,74,16.89,0.9875,0.5328,0.182778,2,3,49,267.71,0.9783,0.0613,0.002998,4.392
463359,520,418,938,177,64,254,307.19,0.9925,0.5590,0.201705,49,10,21,6.98,0.6862,0.1156,0.009243,4.249
463363,520,452,972,220,13,144,350.60,0.9709,0.5264,0.175197,2,11,40,263.26,0.8860,0.0682,0.004054,4.166
463366,520,464,984,190,71,145,345.48,0.7002,0.5151,0.174996,7,10,15,258.44,0.2178,0.0546,0.002967,4.248
463383,520,58,578,241,233,231,34.30,0.2112,0.9298,0.827484,13,124,11,142.51,0.9937,0.4323,0.145244,4.494
463395,520,308,828,255,54,255,328.16,1.0000,0.6720,0.311214,27,51,99,262.54,0.6705,0.2307,0.035014,4.249
463403,520,351,871,240,2,252,325.71,0.9995,0.6256,0.255996,46,39,69,293.55,0.4041,0.1934,0.024615,4.101
463427,520,454,974,226,22,112,3.42,0.9566,0.5290,0.179152,20,3,41,299.60,0.8483,0.0697,0.003740,4.264
463440,520,290,810,240,135,21,58.87,0.9694,0.6782,0.359100,27,66,36,149.12,0.7693,0.2434,0.042567,4.420
463443,520,478,998,195,42,171,335.60,0.8503,0.5074,0.162000,0,1,13,263.17,1.0005,0.0222,0.000508,4.197
463449,520,341,861,234,87,184,343.56,0.8338,0.6279,0.277720,12,47,83,252.41,0.7619,0.2001,0.027356,4.237
463454,520,401,921,244,31,131,0.52,0.9579,0.5757,0.218551,38,21,66,297.46,0.6614,0.1429,0.013418,4.235
463462,520,479,999,171,49,218,314.23,0.8902,0.5060,0.159175,0,0,4,264.05,1.0000,0.0106,0.000088,4.176
463463,520,372,892,228,77,196,337.36,0.8523,0.6120,0.257896,24,44,42,187.72,0.3546,0.1725,0.021627,4.299
463473,520,390,910,233,32,203,335.89,0.9651,0.5892,0.226711,27,29,71,277.40,0.6261,0.1522,0.015666,4.214
463476,520,476,996,204,51,136,351.46,0.8081,0.5136,0.169847,0,2,11,258.21,1.0000,0.0247,0.000676,4.338
463493,520,461,981,224,18,117,1.08,0.9632,0.5251,0.175670,13,2,32,296.80,0.8511,0.0526,0.002333,4.312
463501,520,407,927,245,44,41,27.84,0.9663,0.5658,0.213774,2,12,91,265.15,0.9800,0.1273,0.010311,4.374
463513,520,335,855,246,31,252,326.95,0.9911,0.6430,0.276039,33,47,60,247.00,0.2911,0.1968,0.026825,4.244
463525,520,453,973,213,34,165,342.35,0.9050,0.5319,0.180091,28,9,1,51.28,0.8184,0.0722,0.004445,4.226
463529,520,355,875,238,24,239,328.07,0.9894,0.6179,0.250650,64,33,10,54.05,0.7074,0.1825,0.021998,4.176
463530,520,348,868,237,65,217,333.26,0.9282,0.6268,0.267975,53,36,56,321.35,0.3376,0.1872,0.023042,4.353
463537,520,480,1000,188,16,215,321.05,0.9758,0.5119,0.159697,0,0,0,0.00,0.0000,0.0000,0.000000,4.194
463549,520,459,979,226,28,110,4.47,0.9414,0.5309,0.181279,11,12,10,128.82,0.0776,0.0606,0.003560,4.318
463569,520,408,928,209,22,238,321.20,0.9835,0.5671,0.203040,40,12,64,304.61,0.7731,0.1297,0.010843,4.159
463595,520,451,971,206,54,176,337.29,0.8347,0.5400,0.188967,20,4,37,302.64,0.7870,0.0683,0.003691,4.451
463604,520,399,919,212,88,148,352.79,0.6941,0.5771,0.231166,18,33,52,254.94,0.4685,0.1413,0.014642,4.350
463608,520,366,886,248,46,165,350.85,0.9451,0.6052,0.246303,65,21,51,341.94,0.6248,0.1744,0.018993,4.295
463615,520,399,919,254,33,64,22.29,0.9949,0.5806,0.225325,58,7,46,339.43,0.7770,0.1409,0.012489,4.406
463633,520,421,941,237,5,144,354.13,0.9932,0.5587,0.201298,17,24,41,266.38,0.4006,0.1094,0.009325,4.236
463640,520,457,977,221,29,139,353.03,0.9257,0.5322,0.181175,24,5,7,14.16,0.5795,0.0601,0.003181,4.347
463654,520,474,994,183,27,235,314.65,0.9687,0.5242,0.168505,11,1,11,327.90,0.7386,0.0349,0.001170,4.270
463656,520,377,897,200,71,250,314.63,0.9677,0.5961,0.236893,12,43,26,156.42,0.7770,0.1569,0.018804,4.170
463657,520,429,949,220,74,61,28.70,0.8570,0.5482,0.204527,8,22,47,260.89,0.6624,0.1026,0.008306,4.365
463676,520,380,900,225,78,180,342.05,0.8134,0.6000,0.247540,34,23,90,283.09,0.8006,0.1649,0.016910,4.447
463689,520,13,533,251,249,238,98.28,0.5854,0.9775,0.944338,57,131,51,142.14,0.9084,0.4719,0.173409,4.451
463707,520,464,984,171,39,238,310.01,0.9470,0.5151,0.162829,7,2,39,280.28,0.9349,0.0532,0.002351,4.065
463721,520,469,989,180,59,202,321.04,0.8289,0.5177,0.170967,6,5,8,301.68,0.1805,0.0393,0.001648,4.278
463737,520,403,923,174,97,228,308.98,0.7929,0.5784,0.231502,15,33,31,186.55,0.4071,0.1283,0.012882,4.477
463766,520,136,656,249,198,144,67.74,0.7891,0.8364,0.625432,14,102,89,179.54,0.9291,0.3745,0.103169,4.410
463768,520,333,853,246,48,228,332.50,0.9692,0.6359,0.273111,42,34,97,283.69,0.7001,0.2005,0.024993,4.309
463769,520,478,998,195,63,137,349.77,0.7425,0.5102,0.169650,3,0,14,293.16,1.0000,0.0236,0.000511,4.349
463786,520,455,975,172,42,251,307.44,0.9789,0.5302,0.173924,13,0,46,287.05,1.0000,0.0613,0.002828,4.239
463805,520,352,872,213,113,149,358.33,0.5961,0.6192,0.281282,37,48,39,150.23,0.2186,0.1939,0.026537,4.328
463817,520,367,887,214,64,247,319.60,0.9609,0.6081,0.246801,5,31,93,263.11,0.9407,0.1658,0.018024,4.363
463830,520,440,960,199,6,246,316.94,0.9962,0.5529,0.189277,2,8,69,265.80,0.9747,0.0934,0.006162,4.260
463831,520,285,805,245,132,122,26.27,0.8405,0.6931,0.373228,28,68,25,142.28,0.8916,0.2484,0.044512,4.478
463832,520,424,944,199,35,237,318.55,0.9627,0.5556,0.194601,34,23,4,79.93,0.7142,0.1115,0.009617,4.103
463836,520,426,946,225,62,132,359.04,0.8277,0.5619,0.211214,5,31,26,178.30,0.7554,0.1148,0.010868,4.291
463849,520,14,534,251,252,226,108.80,0.8878,0.9808,0.956212,13,134,53,147.78,0.9906,0.4694,0.173920,4.494
463850,520,476,996,190,62,159,338.90,0.7555,0.5109,0.168972,3,2,2,18.05,0.1289,0.0243,0.000672,4.321
463851,520,479,999,223,20,37,25.86,0.9834,0.5061,0.163247,0,0,5,264.05,1.0000,0.0116,0.000110,4.256
463854,520,453,973,124,101,231,287.35,0.7987,0.5306,0.193617,15,12,28,291.01,0.4270,0.0719,0.004483,4.471
463858,520,390,910,204,88,203,327.91,0.7724,0.5914,0.241302,49,18,68,309.95,0.7106,0.1547,0.015030,4.480
463861,520,436,956,193,88,157,342.58,0.6410,0.5502,0.207527,11,23,23,195.82,0.3210,0.0932,0.007458,4.482
463862,520,417,937,241,52,75,20.61,0.9330,0.5683,0.216680,20,30,11,131.59,0.5690,0.1168,0.011014,4.371
463877,520,405,925,231,48,183,341.42,0.9143,0.5837,0.225244,42,26,18,47.41,0.3598,0.1329,0.012748,4.387
463940,520,419,939,234,7,164,347.18,0.9907,0.5621,0.203276,5,6,83,267.49,0.9853,0.1104,0.007870,4.377
463947,520,365,885,226,59,227,327.80,0.9344,0.6094,0.248450,37,8,109,283.07,0.9591,0.1715,0.016711,4.474
463952,520,412,932,253,6,70,19.43,0.9968,0.5708,0.214589,15,24,53,268.34,0.6012,0.1163,0.010118,4.401
463983,520,464,984,217,40,118,0.65,0.8810,0.5226,0.175798,3,12,1,137.49,0.9361,0.0512,0.002845,4.273
463993,520,380,900,255,0,165,351.16,1.0000,0.6025,0.239802,23,43,32,159.01,0.4346,0.1649,0.020141,4.132
463994,520,476,996,222,8,96,7.90,0.9856,0.5115,0.165505,0,1,3,247.65,1.0000,0.0159,0.000283,4.286
464001,520,434,954,207,22,223,324.23,0.9762,0.5524,0.191688,21,9,58,286.44,0.8260,0.0966,0.006603,4.270
464006,520,373,893,205,91,209,326.24,0.7822,0.6006,0.250663,28,43,3,128.05,0.9384,0.1627,0.019812,4.307
464014,520,477,997,213,22,128,354.94,0.9353,0.5085,0.162809,3,1,8,299.53,0.6793,0.0239,0.000586,4.207
464016,520,422,942,200,30,246,316.91,0.9760,0.5619,0.198632,4,30,3,142.19,0.9702,0.1052,0.009609,4.171
464031,520,330,850,248,65,214,336.77,0.9607,0.6437,0.285951,26,8,146,271.01,0.9918,0.2134,0.024684,4.498
464066,520,425,945,236,55,37,30.09,0.9514,0.5558,0.207020,33,22,11,65.53,0.4134,0.1091,0.009213,4.341
464069,520,430,950,186,70,220,317.58,0.8459,0.5521,0.199879,5,0,81,267.88,1.0000,0.0992,0.006263,4.441
464083,520,475,995,196,25,200,327.16,0.9472,0.5179,0.166028,5,3,2,54.77,0.2372,0.0302,0.001018,4.234
464093,520,383,903,241,56,157,352.59,0.8999,0.5960,0.239665,65,14,8,30.28,0.8517,0.1501,0.014556,4.487
464098,520,310,830,242,104,187,345.95,0.8596,0.6649,0.323684,48,50,68,279.50,0.2363,0.2231,0.033269,4.488
464149,520,439,959,217,60,133,356.68,0.8098,0.5453,0.196793,12,6,63,275.85,0.9412,0.0896,0.005673,4.433
464161,520,449,969,186,77,190,326.25,0.7443,0.5410,0.194659,20,12,23,316.58,0.3387,0.0745,0.004735,4.470
464176,520,344,864,253,67,151,357.97,0.9760,0.6254,0.271347,80,1,69,335.52,0.9547,0.1940,0.021571,4.490
464184,520,424,944,239,12,126,0.59,0.9851,0.5572,0.201232,52,2,20,4.76,0.8843,0.1104,0.008241,4.314
464187,520,330,850,252,96,106,19.84,0.9608,0.6438,0.301051,29,57,2,133.61,0.9856,0.2093,0.031918,4.285
464195,520,413,933,239,40,137,358.05,0.9297,0.5728,0.216776,2,7,92,265.30,0.9890,0.1225,0.009375,4.493
464199,520,472,992,223,46,13,32.05,0.9837,0.5201,0.176738,2,3,6,264.98,0.3127,0.0283,0.000912,4.454
464200,520,474,994,197,35,196,328.48,0.9136,0.5221,0.170596,0,4,14,251.96,1.0000,0.0326,0.001185,4.310
464215,520,437,957,209,71,145,350.98,0.7519,0.5480,0.201082,24,21,2,101.57,0.8079,0.0936,0.007349,4.378
464216,520,199,719,241,170,163,25.41,0.6893,0.7717,0.500965,25,88,37,146.73,0.9407,0.3164,0.073194,4.472
464228,520,339,859,252,45,213,337.69,0.9837,0.6359,0.273795,44,50,1,116.85,0.9753,0.1994,0.028189,4.141
464245,520,424,944,192,44,248,313.89,0.9659,0.5589,0.197864,15,15,68,274.57,0.8682,0.1113,0.008605,4.229
464246,520,369,889,254,16,170,349.69,0.9925,0.6058,0.243472,80,2,18,18.18,0.9701,0.1724,0.017929,4.320
464266,520,184,704,203,182,247,299.16,0.7719,0.7863,0.528680,10,95,1,141.81,0.9990,0.3329,0.082508,4.367
464268,520,341,861,250,94,70,31.28,0.9613,0.6310,0.287749,52,45,21,93.56,0.4908,0.1966,0.026610,4.409
464279,520,221,741,237,169,91,68.01,0.7661,0.7495,0.471378,46,82,14,133.90,0.9448,0.3041,0.066470,4.477
464280,520,352,872,255,51,167,351.89,1.0000,0.6225,0.264212,30,46,59,243.68,0.3267,0.1911,0.025457,4.164
464298,520,391,911,232,92,14,42.54,0.9774,0.5912,0.248446,22,41,21,143.07,0.5834,0.1548,0.018105,4.382
464307,520,259,779,243,147,74,55.36,0.8579,0.7100,0.404191,48,70,38,136.42,0.5324,0.2708,0.051485,4.475
464328,520,419,939,153,90,253,296.92,0.9746,0.5607,0.211766,22,26,16,125.77,0.2800,0.1081,0.009468,4.402
464337,520,388,908,244,64,103,13.47,0.9139,0.5909,0.238824,48,28,33,3.34,0.3112,0.1511,0.015688,4.397
464338,520,362,882,251,69,103,15.02,0.9621,0.6092,0.257482,3,51,39,171.14,0.9534,0.1846,0.025334,4.082
464348,520,392,912,219,44,230,325.41,0.9544,0.5887,0.225767,64,6,41,349.25,0.8009,0.1491,0.013805,4.322
464349,520,446,966,240,17,29,27.39,0.9912,0.5409,0.190182,25,6,35,312.21,0.7031,0.0768,0.004583,4.400
464351,520,335,855,249,99,65,34.24,0.9514,0.6356,0.294483,57,44,21,80.47,0.4992,0.2004,0.027254,4.459
464355,520,399,919,187,115,144,354.49,0.4428,0.5834,0.248411,11,40,18,148.91,0.8567,0.1445,0.016323,4.499
464371,520,367,887,238,42,219,332.89,0.9645,0.6129,0.249503,14,44,39,180.81,0.6200,0.1656,0.020411,4.254
464383,520,332,852,249,51,218,335.76,0.9700,0.6371,0.275724,25,41,89,267.01,0.6827,0.1953,0.025137,4.335
464386,520,446,966,180,64,220,315.92,0.8572,0.5363,0.185385,22,16,15,29.16,0.1462,0.0822,0.005757,4.222
464398,520,442,962,182,44,243,312.06,0.9470,0.5395,0.182186,11,7,51,277.93,0.8767,0.0776,0.004621,4.251
464419,520,397,917,218,90,104,16.32,0.7175,0.5757,0.232195,7,39,22,156.37,0.8715,0.1404,0.015541,4.306
464427,520,471,991,205,22,174,337.21,0.9408,0.5161,0.166110,3,6,9,240.75,0.2915,0.0392,0.001693,4.181
464435,520,346,866,236,77,210,335.13,0.8963,0.6328,0.277963,46,40,63,295.70,0.3241,0.1921,0.024573,4.398
464452,520,377,897,242,46,181,344.55,0.9378,0.6015,0.241705,63,16,34,0.27,0.6702,0.1555,0.015430,4.458
464457,520,379,899,238,88,64,31.57,0.8975,0.6004,0.255297,1,43,40,187.57,0.9704,0.1575,0.018873,4.433
464468,520,470,990,191,10,220,320.72,0.9874,0.5193,0.164622,7,0,27,291.89,1.0000,0.0379,0.001243,4.188
464470,520,430,950,229,66,2,36.34,0.9972,0.5513,0.205617,0,20,51,256.39,0.9999,0.0961,0.007393,4.454
464485,520,341,861,227,94,186,341.37,0.7850,0.6266,0.278837,4,56,12,145.07,0.9880,0.1959,0.028806,4.173
464486,520,384,904,244,33,168,348.59,0.9594,0.5917,0.231511,61,12,32,359.69,0.7177,0.1456,0.013595,4.427
464492,520,409,929,216,92,78,28.83,0.7533,0.5695,0.228056,20,22,74,274.87,0.7941,0.1343,0.012169,4.473
464509,520,373,893,239,29,208,335.94,0.9760,0.6017,0.237864,58,28,14,44.79,0.6017,0.1620,0.017619,4.257
464510,520,423,943,248,0,66,19.87,1.0000,0.5583,0.203534,22,27,6,120.65,0.6567,0.1088,0.009676,4.249
464513,520,475,995,177,42,232,313.09,0.9348,0.5212,0.168303,0,1,23,264.09,0.9821,0.0295,0.000836,4.294
464519,520,403,923,229,32,196,336.87,0.9571,0.5778,0.216791,22,18,80,277.15,0.8600,0.1348,0.011823,4.315
464527,520,406,926,207,79,190,333.29,0.7786,0.5768,0.225769,42,24,35,342.72,0.3380,0.1342,0.012669,4.400
464537,520,441,961,232,46,5,32.35,0.9946,0.5384,0.191238,29,14,14,19.82,0.3483,0.0865,0.006070,4.302
464539,520,308,828,253,117,26,47.29,0.9838,0.6671,0.336831,2,62,69,207.56,0.9619,0.2340,0.038876,4.352
464540,520,385,905,251,54,51,27.31,0.9813,0.5865,0.233902,10,19,97,267.89,0.9558,0.1492,0.013932,4.441
464542,520,434,954,158,82,246,300.92,0.9199,0.5492,0.199579,50,1,16,8.15,0.9366,0.1035,0.007373,4.350
464551,520,455,975,232,6,102,7.36,0.9916,0.5338,0.182484,1,0,55,265.75,1.0000,0.0614,0.002823,4.401
464578,520,480,1000,167,41,233,309.77,0.9355,0.5061,0.156854,0,0,0,0.00,0.0000,0.0000,0.000000,4.137
464595,520,431,951,220,36,178,340.01,0.9217,0.5532,0.196941,44,8,16,10.76,0.6983,0.1018,0.007466,4.297
464598,520,386,906,248,52,116,7.88,0.9424,0.5917,0.236768,43,5,92,294.00,0.9440,0.1550,0.013948,4.484
464606,520,470,990,139,80,243,294.90,0.9056,0.5210,0.176974,15,2,16,325.45,0.6977,0.0445,0.001824,4.380
464636,520,460,980,229,17,93,10.35,0.9752,0.5278,0.178522,14,10,21,300.39,0.3410,0.0633,0.003646,4.260
464649,520,462,982,222,34,127,357.84,0.9113,0.5320,0.182086,15,4,14,330.17,0.5190,0.0484,0.002201,4.446
464676,520,448,968,227,39,121,1.39,0.9076,0.5428,0.191652,5,7,57,269.79,0.9495,0.0797,0.004796,4.410
464679,520,351,871,251,86,103,18.37,0.9552,0.6283,0.281474,4,50,58,212.51,0.8889,0.1901,0.026124,4.354
464683,520,400,920,248,26,115,6.26,0.9724,0.5763,0.219365,66,3,25,7.10,0.8959,0.1435,0.012938,4.280
464697,520,398,918,216,39,226,325.67,0.9564,0.5779,0.215430,39,16,67,300.23,0.7383,0.1367,0.012072,4.276
464735,520,416,936,249,32,86,15.92,0.9705,0.5737,0.218482,23,29,13,125.58,0.4479,0.1169,0.010899,4.409
464741,520,39,559,221,246,239,177.06,0.5228,0.9452,0.875150,27,129,29,143.05,0.9817,0.4526,0.160216,4.401
464752,520,452,972,120,97,244,285.17,0.8948,0.5301,0.190738,33,2,23,342.76,0.7929,0.0748,0.004287,4.435
464754,520,435,955,197,63,210,324.09,0.8545,0.5545,0.200800,22,12,42,295.59,0.6281,0.0884,0.006007,4.478
464759,520,441,961,205,18,217,325.21,0.9784,0.5432,0.184233,7,12,54,270.37,0.8800,0.0864,0.005744,4.202
464765,520,475,995,229,11,27,27.19,0.9934,0.5154,0.169795,0,2,26,263.65,1.0015,0.0348,0.001180,4.295
464773,520,433,953,240,24,72,18.60,0.9778,0.5487,0.196497,15,9,64,277.55,0.9012,0.0975,0.006671,4.350
464792,520,385,905,232,11,224,330.25,0.9937,0.5939,0.227795,63,14,31,3.22,0.7022,0.1517,0.014699,4.294
464804,520,391,911,226,60,189,338.61,0.8797,0.5876,0.230770,58,6,57,328.98,0.8090,0.1469,0.013253,4.439
464819,520,460,980,221,57,47,28.45,0.9157,0.5287,0.185063,21,7,15,345.28,0.4372,0.0626,0.003459,4.397
464820,520,397,917,249,47,86,17.29,0.9618,0.5826,0.228482,38,30,9,88.60,0.5963,0.1357,0.013604,4.378
464824,520,459,979,224,34,124,359.35,0.9160,0.5349,0.184493,9,13,15,229.34,0.1439,0.0630,0.003804,4.358
464827,520,369,889,231,28,249,324.15,0.9875,0.6144,0.246613,27,3,118,275.20,0.9927,0.1699,0.016060,4.490
464877,520,408,928,207,47,232,321.67,0.9420,0.5723,0.211263,58,11,20,13.72,0.7436,0.1343,0.011895,4.221
464879,520,460,980,234,15,68,18.71,0.9864,0.5322,0.182546,15,3,32,299.55,0.7964,0.0568,0.002710,4.412
464901,520,288,808,239,93,247,325.63,0.9656,0.6772,0.328971,56,52,76,291.65,0.2870,0.2413,0.038185,4.297
464911,520,359,879,239,48,220,332.89,0.9582,0.6189,0.256347,43,42,28,104.41,0.2698,0.1790,0.022534,4.224
464914,520,476,996,202,30,162,340.38,0.8980,0.5073,0.160957,3,2,2,18.05,0.1289,0.0243,0.000672,4.163
464924,520,417,937,244,53,46,28.09,0.9556,0.5711,0.219800,52,11,21,9.50,0.6936,0.1227,0.010237,4.479
464929,520,420,940,245,11,102,9.44,0.9901,0.5619,0.206146,12,26,34,234.82,0.4047,0.1073,0.009324,4.318
464938,520,218,738,233,168,120,57.13,0.6491,0.7472,0.466868,23,85,23,143.08,0.9631,0.3035,0.067408,4.402
464944,520,455,975,218,37,125,357.95,0.8923,0.5252,0.177117,18,5,33,302.31,0.7218,0.0649,0.003470,4.248
464945,520,363,883,230,75,187,340.80,0.8483,0.6085,0.254455,47,32,59,308.85,0.4202,0.1719,0.019532,4.379
464948,520,458,978,194,77,143,348.38,0.6805,0.5292,0.187619,13,13,3,108.84,0.5534,0.0626,0.003800,4.417
464976,520,457,977,192,21,225,319.67,0.9741,0.5282,0.171805,8,11,16,259.70,0.2049,0.0580,0.003284,4.163
464988,520,319,839,247,87,192,344.04,0.9268,0.6532,0.303992,37,56,40,148.80,0.3736,0.2187,0.033748,4.227
465013,520,476,996,196,57,153,342.86,0.7800,0.5129,0.169637,0,0,12,264.05,1.0000,0.0173,0.000265,4.370
465028,520,377,897,225,73,193,337.41,0.8492,0.6010,0.246252,53,30,37,0.23,0.3382,0.1647,0.018191,4.344
465066,520,431,951,230,62,30,32.68,0.9550,0.5501,0.203649,32,18,1,72.85,0.8801,0.0963,0.007419,4.417
465069,520,372,892,251,50,152,355.91,0.9632,0.6082,0.250609,0,35,86,258.26,1.0000,0.1662,0.018738,4.373
465070,520,400,920,238,55,117,6.33,0.8925,0.5750,0.221970,24,32,47,262.60,0.3190,0.1399,0.014324,4.228
465076,520,473,993,226,30,25,28.70,0.9758,0.5162,0.171704,13,0,5,351.12,1.0000,0.0319,0.000965,4.350
465077,520,397,917,186,94,211,318.63,0.7409,0.5787,0.231487,28,33,27,140.45,0.1536,0.1371,0.014137,4.389
465094,520,439,959,191,56,221,319.52,0.8905,0.5459,0.191265,40,5,14,8.54,0.7447,0.0891,0.005914,4.315
465095,520,454,974,203,76,102,11.10,0.7123,0.5285,0.188267,23,6,32,312.40,0.6747,0.0721,0.004167,4.399
465112,520,422,942,207,86,119,5.87,0.6743,0.5552,0.212549,16,27,22,164.80,0.2910,0.1077,0.009519,4.411
465149,520,303,823,248,81,242,329.41,0.9729,0.6749,0.322548,74,43,37,31.63,0.3882,0.2268,0.033173,4.479
465158,520,421,941,210,69,172,340.32,0.7888,0.5601,0.209384,1,31,26,179.84,0.9550,0.1127,0.010610,4.280
465159,520,267,787,246,133,158,6.92,0.8053,0.7062,0.388391,0,74,24,147.66,1.0000,0.2598,0.049633,4.400
465161,520,451,971,181,62,224,315.35,0.8731,0.5386,0.186519,7,11,41,271.92,0.7561,0.0727,0.004446,4.344
465179,520,406,926,244,6,155,352.07,0.9939,0.5775,0.217332,2,16,87,264.82,0.9681,0.1280,0.010715,4.403
465181,520,467,987,204,35,165,340.01,0.8850,0.5157,0.167581,14,2,2,23.05,0.6624,0.0376,0.001412,4.232
465189,520,406,926,208,86,167,342.77,0.7119,0.5759,0.228574,28,32,14,119.22,0.4613,0.1307,0.013116,4.414
465194,520,378,898,224,7,249,322.61,0.9972,0.5970,0.228410,48,29,47,328.52,0.3687,0.1597,0.017124,4.148
465207,520,353,873,243,35,214,335.32,0.9741,0.6151,0.251147,41,13,107,285.87,0.9212,0.1779,0.018208,4.415
465222,520,421,941,241,49,12,32.05,0.9895,0.5595,0.209273,26,20,40,296.66,0.4122,0.1075,0.008731,4.415
465224,520,391,911,181,107,200,319.19,0.6372,0.5868,0.245102,52,29,17,47.80,0.4869,0.1549,0.016494,4.438
465228,520,474,994,193,54,185,330.49,0.8263,0.5227,0.174802,9,2,5,348.60,0.5006,0.0331,0.001125,4.397
465243,520,453,973,194,65,181,332.14,0.7839,0.5335,0.185877,26,6,17,347.68,0.5628,0.0683,0.003904,4.376
465252,520,473,993,183,43,214,319.30,0.9064,0.5169,0.166513,5,0,13,305.60,1.0000,0.0258,0.000613,4.278
465253,520,381,901,211,97,167,344.82,0.6751,0.5970,0.251902,20,40,38,187.53,0.3892,0.1558,0.018062,4.436
465263,520,446,966,214,12,189,335.05,0.9802,0.5389,0.182354,15,15,22,284.78,0.1983,0.0754,0.005011,4.224
465265,520,402,922,233,6,202,336.06,0.9949,0.5808,0.217209,13,35,18,149.41,0.6887,0.1291,0.013313,4.220
465270,520,464,984,211,65,83,17.84,0.8092,0.5242,0.182563,7,7,18,282.60,0.4009,0.0493,0.002408,4.438
465278,520,396,916,224,33,216,330.27,0.9643,0.5817,0.218952,23,33,46,255.24,0.3130,0.1413,0.014671,4.159
465293,520,458,978,188,38,221,319.17,0.9336,0.5270,0.172994,17,9,20,316.56,0.3719,0.0639,0.003651,4.156
465299,520,416,936,218,21,216,328.81,0.9786,0.5663,0.204018,39,20,28,353.42,0.3622,0.1183,0.010155,4.223
465300,520,386,906,196,76,241,315.22,0.9150,0.5891,0.232568,51,30,5,67.31,0.7695,0.1537,0.016434,4.253
465303,520,418,938,140,97,250,291.69,0.9362,0.5551,0.210269,21,5,81,279.09,0.9629,0.1172,0.008620,4.440
465304,520,461,981,213,41,145,349.57,0.8680,0.5265,0.177787,5,2,36,277.61,0.9372,0.0486,0.002030,4.378
465306,520,461,981,186,40,221,318.52,0.9276,0.5251,0.171784,18,6,7,13.88,0.3989,0.0541,0.002742,4.205
465309,520,392,912,228,71,166,347.47,0.8263,0.5906,0.237562,10,22,92,267.53,0.9371,0.1483,0.014110,4.485
465310,520,477,997,156,86,191,313.11,0.6700,0.5116,0.174857,3,0,11,298.58,1.0000,0.0218,0.000435,4.458
465312,520,356,876,238,36,230,330.15,0.9770,0.6167,0.251547,66,29,26,26.15,0.5298,0.1806,0.021117,4.240
465323,520,439,959,237,39,80,17.18,0.9475,0.5517,0.200379,21,19,29,293.61,0.2410,0.0938,0.007139,4.382
465330,520,388,908,147,117,233,292.97,0.7605,0.5863,0.248088,10,43,14,145.50,0.9294,0.1533,0.018239,4.368
465339,520,472,992,225,11,108,4.24,0.9803,0.5221,0.173324,5,2,17,292.39,0.7182,0.0343,0.001162,4.365
465345,520,408,928,230,61,132,359.93,0.8472,0.5702,0.218292,40,14,66,302.67,0.7579,0.1342,0.011586,4.356
465348,520,449,969,231,47,49,26.38,0.9454,0.5401,0.192467,7,13,34,268.60,0.6058,0.0715,0.004485,4.450
465363,520,440,960,169,79,234,307.64,0.8615,0.5496,0.199682,26,3,57,295.80,0.9126,0.0921,0.005802,4.474
465390,520,479,999,182,68,170,332.10,0.7328,0.5109,0.169829,0,0,8,264.05,1.0000,0.0143,0.000175,4.381
465391,520,423,943,227,40,153,349.98,0.9071,0.5562,0.201511,24,23,41,285.60,0.3626,0.1131,0.009671,4.215
465393,520,464,984,200,54,155,343.09,0.7998,0.5180,0.172861,3,6,26,269.29,0.7386,0.0480,0.002242,4.266
465406,520,402,922,209,55,223,324.30,0.9156,0.5754,0.216172,30,4,85,285.80,0.9601,0.1298,0.010187,4.422
465426,520,406,926,247,16,128,1.46,0.9843,0.5752,0.217067,13,35,13,143.76,0.8024,0.1280,0.013166,4.228
465428,520,401,921,222,94,58,36.44,0.8331,0.5800,0.238430,23,36,18,137.37,0.5000,0.1391,0.014876,4.446
465437,520,375,895,234,75,160,351.50,0.8307,0.6030,0.250654,55,31,8,61.21,0.7026,0.1628,0.018098,4.415
465439,520,360,880,239,81,166,350.98,0.8528,0.6211,0.269916,35,37,71,279.07,0.4793,0.1786,0.021354,4.484
465457,520,241,761,247,125,236,330.78,0.9574,0.7267,0.404999,41,75,21,135.90,0.8908,0.2787,0.055576,4.310
465467,520,436,956,232,11,155,349.62,0.9837,0.5548,0.197646,34,12,14,15.64,0.4885,0.0902,0.006348,4.395
465498,520,474,994,223,28,90,11.19,0.9460,0.5190,0.172594,4,4,1,108.75,0.5206,0.0316,0.001148,4.352
465507,520,425,945,232,2,167,345.77,0.9972,0.5587,0.199921,22,14,62,283.69,0.7809,0.1092,0.008324,4.285
465510,520,401,921,224,34,215,330.52,0.9620,0.5816,0.219000,16,9,94,272.26,0.9721,0.1350,0.011136,4.400
465512,520,425,945,177,97,186,323.41,0.6268,0.5560,0.214426,34,21,15,45.71,0.3234,0.1090,0.009109,4.474
465518,520,427,947,174,72,252,306.08,0.9752,0.5620,0.206624,44,6,31,344.43,0.7316,0.1048,0.007647,4.452
465523,520,412,932,211,24,239,321.47,0.9823,0.5719,0.207360,3,34,29,180.18,0.8784,0.1245,0.012521,4.116
465539,520,364,884,254,78,13,36.56,0.9947,0.6135,0.265523,22,40,69,259.53,0.5479,0.1748,0.021177,4.433
465547,520,367,887,255,65,80,21.96,1.0000,0.6082,0.256235,30,32,77,277.53,0.6264,0.1668,0.018448,4.474
465558,520,303,823,230,121,172,352.02,0.7031,0.6668,0.334785,19,54,93,253.45,0.7105,0.2302,0.035669,4.492
465581,520,445,965,195,79,164,339.35,0.7010,0.5436,0.198760,32,10,14,10.23,0.5078,0.0836,0.005559,4.477
465592,520,340,860,253,87,119,12.79,0.9712,0.6370,0.290343,82,28,0,44.03,1.0000,0.2049,0.026246,4.464
465608,520,462,982,212,54,137,353.30,0.8171,0.5318,0.184438,4,8,24,267.44,0.5947,0.0522,0.002654,4.452
465626,520,422,942,240,30,94,12.26,0.9619,0.5560,0.202652,33,25,0,92.78,1.0000,0.1145,0.010186,4.198
465647,520,417,937,246,40,86,16.29,0.9553,0.5719,0.217858,9,29,37,226.79,0.5445,0.1158,0.010703,4.413
465662,520,384,904,237,1,205,336.18,0.9993,0.5891,0.224368,23,27,77,274.41,0.7354,0.1499,0.015018,4.220
465663,520,132,652,242,193,236,330.36,0.8359,0.8453,0.630745,38,101,76,164.11,0.7326,0.3738,0.102408,4.467
465664,520,469,989,158,52,249,302.92,0.9657,0.5168,0.165651,7,2,21,295.01,0.7666,0.0388,0.001427,4.193
465667,520,453,973,157,69,244,302.28,0.9253,0.5291,0.179564,24,6,25,325.50,0.6060,0.0692,0.003946,4.255
465677,520,415,935,204,48,237,319.63,0.9441,0.5719,0.210673,49,9,36,343.32,0.7042,0.1206,0.009758,4.362
465684,520,372,892,186,96,254,307.50,0.9874,0.6110,0.259614,59,28,42,352.62,0.4465,0.1721,0.019276,4.469
465690,520,456,976,223,33,124,359.09,0.9171,0.5323,0.182336,30,0,8,5.04,1.0000,0.0598,0.002936,4.389
465708,520,465,985,120,98,229,286.66,0.7986,0.5194,0.183853,4,0,47,272.39,1.0000,0.0545,0.002310,4.471
465710,520,410,930,215,40,216,327.93,0.9440,0.5699,0.209246,6,30,59,254.93,0.7707,0.1317,0.012830,4.126
465717,520,473,993,196,14,202,326.69,0.9749,0.5154,0.163158,3,3,12,280.87,0.5285,0.0322,0.001110,4.171
465723,520,391,911,225,9,230,327.15,0.9947,0.5853,0.219184,58,8,54,331.62,0.7790,0.1470,0.013397,4.246
465730,520,456,976,152,74,246,299.69,0.9308,0.5308,0.182271,5,9,34,270.46,0.7338,0.0619,0.003431,4.347
465743,520,407,927,214,50,207,330.02,0.9088,0.5691,0.210844,36,15,66,297.76,0.7499,0.1303,0.011101,4.269
465759,520,346,866,234,83,200,337.85,0.8651,0.6309,0.278516,20,42,88,262.95,0.7197,0.1941,0.025091,4.375
465777,520,412,932,223,7,216,330.07,0.9942,0.5717,0.208001,10,2,89,270.07,0.9947,0.1162,0.008291,4.426
465781,520,295,815,216,118,243,318.61,0.9000,0.6769,0.340283,52,48,100,284.16,0.5471,0.2436,0.037640,4.453
465790,520,402,922,255,37,12,30.44,1.0000,0.5804,0.226135,3,37,5,144.06,0.9819,0.1284,0.013534,4.346
465794,520,293,813,253,109,150,4.92,0.9525,0.6758,0.340251,32,63,36,147.02,0.6364,0.2364,0.039894,4.341
465801,520,431,951,219,60,140,354.32,0.8169,0.5518,0.201877,3,6,75,266.58,0.9833,0.0986,0.006576,4.452
465810,520,369,889,224,56,241,323.87,0.9522,0.6131,0.250286,77,8,18,19.77,0.8931,0.1712,0.017954,4.419
465817,520,252,772,249,141,142,20.02,0.8569,0.7202,0.411451,23,77,4,139.58,0.9917,0.2745,0.054985,4.395
465836,520,63,583,247,236,113,104.17,0.9164,0.9162,0.809582,6,125,15,143.09,0.9971,0.4350,0.147398,4.355
465837,520,459,979,199,88,9,47.03,0.9631,0.5262,0.191432,16,10,18,317.55,0.2824,0.0639,0.003709,4.495
465839,520,363,883,251,77,21,35.91,0.9818,0.6069,0.258747,61,28,36,5.66,0.4576,0.1730,0.019501,4.442
465851,520,459,979,234,24,35,26.79,0.9834,0.5311,0.182702,24,2,12,352.28,0.7385,0.0553,0.002642,4.420
465882,520,462,982,211,47,156,345.37,0.8481,0.5325,0.182844,14,6,11,340.62,0.3243,0.0507,0.002478,4.437
465885,520,345,865,254,8,218,336.64,0.9971,0.6293,0.263098,85,1,27,12.16,0.9801,0.1852,0.020325,4.452
465887,520,395,915,238,24,188,341.16,0.9748,0.5866,0.224642,19,35,47,242.03,0.3989,0.1446,0.015457,4.196
465898,520,444,964,215,73,45,33.11,0.8853,0.5354,0.194040,28,14,1,67.96,0.8441,0.0819,0.005632,4.387
465899,520,352,872,251,71,149,358.71,0.9525,0.6249,0.271890,17,51,26,149.77,0.8244,0.1859,0.025613,4.257
465903,520,403,923,234,57,142,356.54,0.8723,0.5777,0.223745,21,33,20,142.68,0.4014,0.1288,0.012976,4.347
465958,520,468,988,199,26,196,329.10,0.9426,0.5209,0.168682,5,4,20,283.29,0.6298,0.0413,0.001696,4.230
465972,520,341,861,240,107,64,38.15,0.8823,0.6322,0.294137,45,47,29,113.44,0.3280,0.1959,0.026796,4.481
465974,520,479,999,173,24,233,312.20,0.9704,0.5054,0.154217,3,0,0,29.23,1.0000,0.0143,0.000194,4.069
465987,520,308,828,251,72,235,331.95,0.9826,0.6669,0.311450,27,64,6,137.08,0.9748,0.2321,0.039128,4.055
465998,520,336,856,255,59,197,343.07,1.0000,0.6422,0.284225,60,39,55,335.48,0.3151,0.2033,0.026876,4.348
466014,520,374,894,247,48,161,352.03,0.9366,0.6029,0.244645,48,34,30,36.54,0.2263,0.1644,0.018662,4.291
466020,520,392,912,192,80,243,313.24,0.9175,0.5896,0.234160,22,37,35,185.53,0.2897,0.1468,0.016150,4.296
466024,520,422,942,240,51,12,32.37,0.9892,0.5591,0.209228,49,7,2,33.01,0.9221,0.1070,0.008094,4.462
466037,520,310,830,252,107,89,29.47,0.9688,0.6562,0.319354,41,58,1,125.92,0.9868,0.2216,0.034997,4.346
466047,520,432,952,206,51,199,330.08,0.8809,0.5511,0.196149,0,25,35,226.52,1.0000,0.0981,0.008166,4.232
466051,520,426,946,221,5,210,331.11,0.9951,0.5637,0.201362,42,9,37,334.20,0.6783,0.1087,0.008213,4.318
466052,520,278,798,249,121,142,11.53,0.8699,0.6856,0.357704,6,66,69,200.25,0.9067,0.2480,0.043646,4.354
466070,520,383,903,234,0,227,330.01,1.0000,0.5974,0.230411,45,31,21,56.60,0.3337,0.1501,0.015921,4.254
466074,520,428,948,239,16,139,356.37,0.9793,0.5631,0.205885,23,9,59,288.41,0.8232,0.0996,0.006933,4.495
466075,520,460,980,213,41,158,344.93,0.8752,0.5327,0.182029,7,2,50,275.59,0.9710,0.0645,0.003189,4.362
466106,520,452,972,230,13,82,13.96,0.9844,0.5260,0.177230,0,2,63,264.19,0.9942,0.0746,0.004023,4.206
466111,520,351,871,243,57,214,335.48,0.9458,0.6287,0.268388,58,21,89,305.05,0.7672,0.1905,0.021572,4.449
466119,520,457,977,169,88,183,321.55,0.6488,0.5279,0.188342,5,13,15,213.25,0.3407,0.0598,0.003546,4.451
466121,520,356,876,219,89,203,332.71,0.8088,0.6159,0.265186,35,23,107,279.88,0.8765,0.1846,0.020316,4.482
466125,520,385,905,241,4,184,342.79,0.9965,0.5853,0.222514,50,8,76,307.80,0.8552,0.1512,0.013736,4.276
466126,520,471,991,149,84,216,303.55,0.7680,0.5170,0.176884,4,7,3,136.54,0.3865,0.0406,0.001843,4.376
466161,520,469,989,224,24,101,7.14,0.9524,0.5222,0.174429,17,1,14,334.41,0.7777,0.0437,0.001726,4.339
466177,520,465,985,213,62,84,16.93,0.8244,0.5248,0.182339,18,4,4,21.76,0.5466,0.0486,0.002242,4.447
466193,520,477,997,203,64,86,15.47,0.7809,0.5085,0.170373,7,0,5,336.40,1.0000,0.0242,0.000561,4.359
466194,520,386,906,198,106,154,348.79,0.5593,0.5864,0.246484,19,41,9,137.24,0.8842,0.1505,0.017440,4.396
466199,520,269,789,254,129,127,22.38,0.9767,0.7028,0.383067,13,74,31,148.57,0.9641,0.2640,0.050818,4.296
466202,520,390,910,221,12,249,321.86,0.9950,0.5929,0.224767,57,13,51,333.74,0.7094,0.1488,0.013968,4.295
466205,520,422,942,225,12,192,336.91,0.9855,0.5611,0.200788,29,15,49,299.74,0.6306,0.1072,0.008246,4.306
466224,520,455,975,139,93,228,295.52,0.7949,0.5294,0.189192,19,5,28,310.61,0.6671,0.0627,0.003308,4.487
466234,520,472,992,183,25,227,316.55,0.9661,0.5166,0.163098,2,1,15,281.08,0.8567,0.0264,0.000691,4.204
466239,520,376,896,254,46,121,6.51,0.9907,0.6007,0.244089,4,46,14,147.37,0.9773,0.1612,0.020114,4.194
466240,520,430,950,187,64,220,318.20,0.8634,0.5469,0.194001,20,17,53,282.38,0.6613,0.1047,0.008066,4.202
466250,520,430,950,234,0,139,355.07,1.0000,0.5495,0.193595,6,10,74,268.43,0.9633,0.1049,0.007502,4.236
466263,520,321,841,204,125,196,330.59,0.5970,0.6478,0.314914,35,55,39,149.98,0.3951,0.2137,0.032361,4.431
466265,520,437,957,157,91,226,303.53,0.7911,0.5458,0.201417,35,14,10,31.92,0.5045,0.0944,0.006934,4.416
466269,520,414,934,252,22,35,27.03,0.9901,0.5686,0.213944,45,6,51,322.01,0.7915,0.1192,0.009272,4.453
466273,520,381,901,227,97,94,23.97,0.7745,0.5994,0.256910,7,46,14,146.26,0.9603,0.1624,0.020308,4.365
466279,520,407,927,241,38,126,2.10,0.9388,0.5716,0.215966,51,19,24,12.13,0.5302,0.1344,0.012356,4.265
466288,520,437,957,242,10,68,19.20,0.9929,0.5480,0.195151,28,17,9,56.85,0.3864,0.0903,0.006675,4.326
466296,520,343,863,245,90,115,14.18,0.8850,0.6256,0.279657,20,50,30,152.71,0.6837,0.1851,0.025236,4.382
466300,520,391,911,202,63,246,316.49,0.9518,0.5881,0.227668,48,19,68,308.59,0.6975,0.1548,0.015115,4.264
466317,520,344,864,249,95,68,32.17,0.9537,0.6304,0.287448,22,49,45,183.21,0.4799,0.1882,0.025566,4.466
466319,520,401,921,222,8,228,326.90,0.9948,0.5784,0.213069,43,30,10,76.11,0.5876,0.1426,0.014641,4.070
466342,520,409,929,247,6,122,3.17,0.9943,0.5710,0.213130,16,34,36,204.80,0.3901,0.1341,0.013815,4.123
466350,520,440,960,227,36,151,350.50,0.9184,0.5529,0.198297,35,10,14,12.26,0.5535,0.0884,0.006062,4.429
466366,520,387,907,215,34,248,320.35,0.9775,0.5896,0.223703,7,30,83,263.18,0.9005,0.1538,0.015982,4.148
466370,520,401,921,244,63,12,34.19,0.9894,0.5780,0.228180,51,16,48,331.01,0.6362,0.1406,0.012879,4.424
466377,520,395,915,242,60,120,6.47,0.8961,0.5880,0.234682,30,31,46,281.11,0.2696,0.1421,0.014532,4.411
466384,520,412,932,175,78,251,306.12,0.9643,0.5698,0.215285,16,20,62,273.67,0.7476,0.1156,0.009582,4.452
466390,520,349,869,190,116,221,315.21,0.7202,0.6266,0.286593,3,52,42,174.87,0.9509,0.1891,0.026424,4.404
466395,520,449,969,216,24,184,337.05,0.9536,0.5433,0.187152,21,1,42,301.61,0.9381,0.0681,0.003483,4.434
466396,520,445,965,236,32,34,27.64,0.9761,0.5391,0.189846,3,20,30,235.05,0.7000,0.0832,0.006134,4.273
466450,520,414,934,217,9,224,326.62,0.9929,0.5670,0.203310,9,31,32,199.35,0.5533,0.1194,0.011423,4.124
466452,520,358,878,238,102,76,32.64,0.8671,0.6226,0.282046,18,49,31,155.78,0.6936,0.1811,0.024241,4.473
466500,520,406,926,216,64,202,331.99,0.8680,0.5817,0.225321,17,26,58,269.17,0.6133,0.1265,0.011634,4.467
466504,520,361,881,248,22,221,334.63,0.9898,0.6233,0.257538,52,38,24,65.93,0.3621,0.1784,0.021823,4.282
466507,520,422,942,198,79,181,333.60,0.7392,0.5574,0.209355,41,16,31,344.86,0.4955,0.1149,0.009410,4.366
466510,520,441,961,211,41,176,338.41,0.8880,0.5386,0.185715,17,13,42,285.68,0.6220,0.0852,0.005742,4.229
466514,520,249,769,228,128,255,318.78,1.0000,0.7158,0.391539,107,44,17,41.71,0.7954,0.2830,0.049681,4.430
466518,520,434,954,209,76,136,355.69,0.7270,0.5507,0.205038,11,25,34,238.14,0.4272,0.1040,0.008819,4.336
466520,520,440,960,204,21,231,321.52,0.9804,0.5530,0.191449,1,5,68,265.17,0.9855,0.0868,0.005323,4.364
466535,520,400,920,226,43,199,335.37,0.9331,0.5803,0.220225,68,3,3,28.05,0.9714,0.1433,0.013009,4.289
466539,520,307,827,245,82,234,330.73,0.9566,0.6664,0.313902,43,52,86,271.50,0.4257,0.2349,0.036414,4.211
466540,520,470,990,232,9,22,27.80,0.9951,0.5211,0.174122,3,1,35,273.73,0.9767,0.0434,0.001624,4.341
466555,520,328,848,245,79,211,337.17,0.9380,0.6504,0.297104,4,58,29,153.67,0.9763,0.2059,0.031405,4.264
466563,520,412,932,251,20,45,25.28,0.9903,0.5667,0.212027,25,24,42,285.69,0.3550,0.1171,0.010271,4.347
466564,520,424,944,212,21,227,324.57,0.9811,0.5636,0.200814,22,21,43,284.12,0.4435,0.1076,0.008813,4.265
466603,520,422,942,213,45,202,331.16,0.9129,0.5605,0.202892,45,14,22,6.32,0.5675,0.1145,0.009300,4.265
466649,520,366,886,235,48,210,334.57,0.9459,0.6060,0.244319,46,26,69,302.92,0.6041,0.1650,0.017493,4.361
466654,520,413,933,245,26,114,6.12,0.9696,0.5699,0.213696,1,35,5,145.36,0.9930,0.1206,0.012194,4.240
466656,520,409,929,194,58,239,315.96,0.9232,0.5659,0.207287,13,31,41,234.63,0.4725,0.1260,0.012256,4.133
466661,520,400,920,232,79,60,30.24,0.8852,0.5769,0.230769,35,32,25,87.57,0.1615,0.1411,0.014605,4.346
466673,520,461,981,176,65,221,314.27,0.8539,0.5321,0.182321,11,0,36,291.49,1.0000,0.0496,0.001985,4.469
466684,520,381,901,226,27,236,325.90,0.9829,0.5962,0.230110,8,39,62,244.94,0.7365,0.1602,0.018504,4.089
466689,520,459,979,216,49,135,354.59,0.8446,0.5341,0.185472,0,3,51,264.17,0.9863,0.0618,0.003041,4.439
466704,520,417,937,203,38,248,317.11,0.9693,0.5724,0.208616,41,0,67,306.64,1.0000,0.1192,0.008767,4.401
466708,520,414,934,195,57,248,314.26,0.9617,0.5736,0.213069,46,13,28,354.56,0.5982,0.1170,0.009526,4.419
466736,520,369,889,230,85,162,350.83,0.7900,0.6089,0.259312,32,35,72,277.46,0.5302,0.1716,0.019770,4.433
466745,520,202,722,243,157,213,340.91,0.8306,0.7657,0.479747,46,82,57,152.78,0.5224,0.3120,0.069106,4.448
466747,520,385,905,236,43,185,341.88,0.9365,0.5906,0.230662,14,33,73,262.97,0.7381,0.1549,0.016620,4.213
466760,520,441,961,218,47,153,348.21,0.8631,0.5441,0.192408,17,13,48,283.13,0.6953,0.0900,0.006204,4.313
466766,520,348,868,229,59,255,321.88,1.0000,0.6332,0.270081,84,13,2,32.68,0.9730,0.1892,0.021774,4.460
466776,520,473,993,154,79,220,305.27,0.8000,0.5189,0.176298,12,0,8,338.25,1.0000,0.0319,0.000957,4.441
466783,520,448,968,234,1,102,7.54,0.9987,0.5369,0.184765,26,11,20,343.88,0.3990,0.0787,0.005095,4.261
466797,520,353,873,242,95,55,35.92,0.9148,0.6163,0.273406,23,47,47,195.60,0.4167,0.1833,0.024203,4.358
466800,520,418,938,197,89,169,338.51,0.6695,0.5638,0.218812,51,14,11,27.58,0.7060,0.1226,0.010422,4.449
466805,520,424,944,224,64,137,357.06,0.8185,0.5639,0.213228,0,28,32,207.73,1.0000,0.1054,0.009347,4.435
466818,520,423,943,226,74,11,37.94,0.9824,0.5553,0.210932,38,11,51,312.78,0.7154,0.1146,0.008905,4.430
466833,520,400,920,245,57,73,22.17,0.9441,0.5801,0.228232,44,25,41,332.55,0.3776,0.1422,0.013909,4.354
466844,520,282,802,230,116,229,327.68,0.8630,0.6851,0.349729,75,42,90,314.36,0.5447,0.2516,0.038901,4.496
466853,520,259,779,255,105,237,332.58,1.0000,0.7107,0.374804,12,75,49,160.33,0.9330,0.2715,0.053318,4.112
466862,520,245,765,237,137,241,325.73,0.9122,0.7349,0.422486,54,71,57,149.90,0.2569,0.2841,0.055861,4.463
466872,520,390,910,207,73,219,324.37,0.8642,0.5871,0.231466,10,39,47,219.24,0.6481,0.1518,0.017207,4.188
466887,520,406,926,230,31,200,335.99,0.9624,0.5815,0.219757,25,32,28,160.21,0.1564,0.1318,0.013235,4.266
466890,520,284,804,235,121,217,333.49,0.8551,0.6939,0.363488,74,56,8,86.46,0.8555,0.2540,0.043019,4.445
466898,520,425,945,237,41,113,6.20,0.9267,0.5614,0.207858,15,22,47,269.82,0.5458,0.1070,0.008806,4.385
466901,520,457,977,203,0,211,326.29,1.0000,0.5311,0.174015,1,17,5,151.90,0.9582,0.0639,0.004183,4.134
466903,520,452,972,202,79,93,16.44,0.7059,0.5286,0.189408,36,2,1,29.73,0.9480,0.0729,0.004207,4.417
466904,520,13,533,251,248,247,39.48,0.2631,0.9780,0.943595,80,127,61,137.40,0.7116,0.4742,0.172208,4.471
466926,520,411,931,225,22,194,336.40,0.9710,0.5652,0.204789,38,10,55,309.58,0.7543,0.1164,0.009050,4.315
466928,520,444,964,156,82,232,303.02,0.8418,0.5353,0.189291,35,8,10,18.24,0.6289,0.0840,0.005530,4.309
466943,520,433,953,234,46,89,14.70,0.9214,0.5524,0.201707,20,17,47,284.44,0.5899,0.0998,0.007548,4.374
466960,520,332,852,215,91,241,320.31,0.9178,0.6352,0.282818,10,49,81,248.00,0.7785,0.2037,0.028551,4.237
467000,520,404,924,246,4,158,351.53,0.9962,0.5824,0.221516,21,29,53,268.64,0.4681,0.1333,0.012952,4.313
467007,520,344,864,250,95,18,40.92,0.9833,0.6280,0.285554,62,38,25,48.96,0.4314,0.1933,0.024807,4.486
467046,520,431,951,199,34,229,320.45,0.9572,0.5488,0.189449,8,22,36,249.81,0.5268,0.0952,0.007528,4.162
467070,520,341,861,252,54,191,344.02,0.9775,0.6301,0.270986,61,33,62,325.79,0.4686,0.1955,0.024277,4.321
467084,520,457,977,233,28,47,24.76,0.9758,0.5320,0.183625,15,10,0,92.53,1.0000,0.0571,0.003186,4.393
467085,520,424,944,248,5,40,25.47,0.9977,0.5561,0.202218,14,22,48,268.66,0.5733,0.1070,0.008806,4.289
467090,520,443,963,228,54,64,23.44,0.9148,0.5422,0.195054,33,11,1,50.40,0.8478,0.0836,0.005649,4.404
467093,520,440,960,208,41,202,329.82,0.9169,0.5491,0.192620,14,16,49,276.01,0.6799,0.0943,0.006857,4.267
467105,520,479,999,181,58,187,325.94,0.8015,0.5080,0.164390,2,0,2,328.36,1.0000,0.0139,0.000173,4.273
467111,520,421,941,179,63,253,308.08,0.9857,0.5600,0.202314,23,18,49,287.51,0.5825,0.1063,0.008365,4.323
467136,520,465,985,223,28,86,12.60,0.9483,0.5180,0.171931,10,0,32,293.42,1.0000,0.0451,0.001688,4.294
467137,520,479,999,161,92,151,332.50,0.5121,0.5059,0.174665,0,0,2,264.05,1.0000,0.0079,0.000044,4.489
467152,520,459,979,173,77,206,316.43,0.7711,0.5319,0.186491,4,11,23,256.91,0.5254,0.0580,0.003270,4.439
467155,520,476,996,193,83,33,42.16,0.8527,0.5087,0.176356,8,0,2,359.68,1.0000,0.0239,0.000560,4.477
467159,520,449,969,207,25,207,328.28,0.9606,0.5422,0.184676,26,1,41,309.86,0.9243,0.0738,0.004014,4.345
467163,520,405,925,206,29,253,317.01,0.9911,0.5767,0.210940,1,10,98,264.66,0.9870,0.1339,0.011053,4.274
467166,520,436,956,211,34,207,329.29,0.9438,0.5535,0.194999,17,14,43,284.18,0.6141,0.0879,0.006077,4.369
467172,520,364,884,251,36,186,344.78,0.9727,0.6150,0.253195,0,34,96,260.63,1.0000,0.1740,0.019884,4.339
467181,520,373,893,218,68,219,327.66,0.8940,0.5994,0.241562,32,38,31,141.15,0.1652,0.1568,0.017922,4.293
467186,520,410,930,239,38,139,357.24,0.9347,0.5724,0.216041,33,16,68,292.84,0.7541,0.1301,0.011113,4.353
467190,520,62,582,253,232,196,81.17,0.8145,0.9288,0.825823,14,124,25,143.63,0.9922,0.4333,0.145782,4.473
467196,520,416,936,246,50,62,24.15,0.9567,0.5747,0.222253,47,18,10,36.36,0.6234,0.1220,0.010590,4.493
467208,520,389,909,233,76,113,10.42,0.8250,0.5859,0.236876,55,12,66,318.55,0.7715,0.1548,0.014686,4.435
467223,520,461,981,208,12,200,330.45,0.9817,0.5350,0.178450,2,7,22,261.24,0.6916,0.0469,0.002228,4.374
467237,520,291,811,245,93,234,330.72,0.9542,0.6788,0.331843,5,66,57,179.57,0.9424,0.2424,0.042239,4.140
467253,520,370,890,232,7,250,324.29,0.9977,0.6114,0.242123,73,5,49,347.29,0.8346,0.1709,0.017470,4.330
467254,520,416,936,245,3,127,1.15,0.9969,0.5680,0.210133,2,23,69,261.64,0.9508,0.1212,0.010553,4.296
467280,520,479,999,130,90,219,293.93,0.7647,0.5070,0.171726,0,1,1,194.77,1.0000,0.0143,0.000239,4.413
467288,520,448,968,236,33,4,30.81,0.9963,0.5381,0.189326,40,1,1,28.15,0.9745,0.0790,0.004751,4.371
467289,520,379,899,253,9,168,349.99,0.9939,0.6015,0.239087,3,19,105,265.04,0.9730,0.1566,0.015049,4.444
467293,520,443,963,212,14,188,334.83,0.9752,0.5350,0.179441,4,17,31,249.73,0.6273,0.0767,0.005256,4.152
467304,520,471,991,130,89,242,290.47,0.8868,0.5244,0.183013,6,6,11,284.44,0.2328,0.0430,0.001931,4.487
467310,520,325,845,246,46,249,327.52,0.9820,0.6481,0.283892,97,5,8,26.97,0.9747,0.2130,0.026679,4.354
467327,520,467,987,201,15,194,330.24,0.9705,0.5190,0.166560,9,6,1,89.80,0.6601,0.0423,0.001905,4.172
467329,520,433,953,231,56,42,29.36,0.9366,0.5472,0.199874,34,7,46,313.46,0.7550,0.0992,0.006893,4.392
467378,520,452,972,160,75,227,306.37,0.8388,0.5267,0.180523,10,7,49,277.37,0.8708,0.0749,0.004382,4.239
467393,520,388,908,239,8,203,337.18,0.9944,0.5929,0.228391,52,3,79,308.56,0.9356,0.1521,0.013598,4.377
467398,520,349,869,211,103,215,326.07,0.7784,0.6304,0.284573,46,41,56,299.95,0.2239,0.1908,0.024522,4.490
467404,520,344,864,246,51,219,334.81,0.9607,0.6325,0.270779,64,34,39,9.59,0.3881,0.1915,0.023807,4.346
467408,520,409,929,213,94,80,28.91,0.7274,0.5679,0.227329,3,36,7,145.49,0.9778,0.1253,0.012964,4.405
467413,520,397,917,225,26,215,330.79,0.9747,0.5798,0.216550,10,36,33,185.07,0.6147,0.1358,0.014360,4.142
467417,520,455,975,224,8,137,353.79,0.9836,0.5302,0.178298,2,10,26,257.03,0.7203,0.0559,0.003046,4.304
467449,520,446,966,238,4,50,23.10,0.9974,0.5355,0.184976,31,1,34,324.45,0.8794,0.0761,0.004285,4.329
467470,520,452,972,112,105,230,281.74,0.7978,0.5266,0.192606,11,8,40,281.28,0.7461,0.0693,0.003980,4.494
467476,520,446,966,185,46,234,314.91,0.9325,0.5381,0.182100,7,21,4,139.00,0.8500,0.0794,0.005903,4.152
467485,520,441,961,188,15,247,313.64,0.9895,0.5381,0.177496,37,8,27,343.43,0.6360,0.0935,0.006462,4.029
467488,520,332,852,255,90,120,13.27,1.0000,0.6446,0.299318,30,51,56,214.40,0.3316,0.2044,0.029291,4.406
467493,520,408,928,192,87,193,327.15,0.7228,0.5660,0.218745,19,16,82,275.03,0.9033,0.1314,0.011182,4.393
467500,520,438,958,181,49,253,309.43,0.9882,0.5503,0.191132,1,20,46,254.67,0.9138,0.0927,0.007040,4.227
467547,520,459,979,186,65,190,326.51,0.7891,0.5259,0.179388,6,14,6,144.37,0.4803,0.0602,0.003659,4.275
467557,520,473,993,228,21,42,25.10,0.9830,0.5177,0.172005,5,0,12,307.62,1.0000,0.0252,0.000588,4.388
467577,520,397,917,153,101,250,295.83,0.9283,0.5760,0.229819,21,28,68,272.22,0.6571,0.1425,0.014072,4.367
467582,520,426,946,202,39,234,319.99,0.9549,0.5604,0.199497,17,27,11,134.58,0.5251,0.1055,0.009272,4.209
467583,520,426,946,244,38,33,28.45,0.9741,0.5592,0.207326,27,3,72,288.60,0.9529,0.1097,0.007660,4.463
467590,520,473,993,221,8,122,358.40,0.9823,0.5181,0.169536,7,1,3,354.07,0.6042,0.0267,0.000735,4.327
467595,520,436,956,244,0,24,27.43,1.0000,0.5452,0.193026,47,0,0,29.23,1.0000,0.0918,0.006044,4.336
467620,520,396,916,243,59,90,17.06,0.9210,0.5812,0.229241,54,9,56,326.15,0.7697,0.1422,0.012653,4.457
467625,520,477,997,201,37,166,338.90,0.8732,0.5119,0.164957,2,1,6,294.08,0.6164,0.0213,0.000478,4.258
467635,520,467,987,213,32,152,346.70,0.9038,0.5242,0.174485,3,6,10,247.61,0.3194,0.0396,0.001715,4.341
467637,520,466,986,205,30,171,338.24,0.9108,0.5181,0.168500,22,2,3,19.77,0.7794,0.0492,0.002206,4.185
467646,520,309,829,249,110,106,24.11,0.9209,0.6591,0.323353,44,55,40,137.43,0.2729,0.2217,0.034210,4.434
467651,520,434,954,222,72,70,25.20,0.8501,0.5509,0.206091,20,18,44,284.34,0.5292,0.0997,0.007632,4.444
467674,520,468,988,232,6,17,28.21,0.9968,0.5201,0.173297,0,9,12,212.47,1.0000,0.0448,0.002219,4.276
467676,520,357,877,239,22,243,327.40,0.9915,0.6217,0.253983,59,5,94,305.79,0.9308,0.1804,0.018466,4.440
467682,520,479,999,166,53,229,309.74,0.8998,0.5113,0.163111,0,1,1,194.77,1.0000,0.0143,0.000239,4.242
467691,520,385,905,237,60,153,353.43,0.8767,0.5903,0.235391,54,23,29,9.06,0.4788,0.1488,0.014859,4.400
467692,520,391,911,146,123,219,293.05,0.6522,0.5881,0.253913,13,43,15,144.72,0.8976,0.1548,0.018477,4.438
467700,520,470,990,198,5,207,325.96,0.9920,0.5204,0.166210,4,1,33,277.46,0.9645,0.0426,0.001573,4.192
467716,520,480,1000,165,89,149,335.47,0.5376,0.5052,0.173149,0,0,0,0.00,0.0000,0.0000,0.000000,4.463
467733,520,473,993,215,58,22,33.62,0.9597,0.5156,0.175336,3,0,17,288.71,1.0000,0.0257,0.000598,4.453
467741,520,396,916,223,62,178,341.47,0.8520,0.5785,0.223500,13,40,2,137.64,0.9816,0.1427,0.016075,4.139
467758,520,418,938,147,95,253,294.08,0.9721,0.5618,0.214793,24,12,69,284.13,0.8433,0.1152,0.008868,4.498
467807,520,306,826,242,76,255,324.80,1.0000,0.6685,0.312686,87,35,7,44.84,0.8471,0.2277,0.032440,4.399
467811,520,455,975,169,77,205,315.20,0.7646,0.5254,0.181514,10,4,35,286.31,0.8092,0.0565,0.002727,4.391
467813,520,441,961,191,18,238,316.41,0.9842,0.5361,0.176834,34,4,38,322.96,0.7786,0.0887,0.005669,4.075
467815,520,470,990,200,82,9,44.19,0.9668,0.5183,0.183357,0,9,2,151.47,1.0000,0.0413,0.001997,4.488
467834,520,417,937,240,47,96,13.14,0.9271,0.5668,0.214060,26,23,43,289.69,0.3896,0.1163,0.010068,4.396
467837,520,170,690,212,192,196,3.94,0.1857,0.7971,0.556823,49,94,0,134.02,1.0000,0.3442,0.086581,4.443
467838,520,438,958,244,15,2,29.64,0.9985,0.5477,0.195826,9,22,15,159.47,0.4475,0.0864,0.006664,4.338
467852,520,465,985,211,16,170,339.97,0.9622,0.5230,0.171240,5,8,14,259.32,0.2897,0.0480,0.002376,4.224
467866,520,421,941,214,9,216,327.84,0.9911,0.5561,0.194515,25,27,9,114.32,0.5240,0.1123,0.010103,4.068
467875,520,428,948,234,35,133,358.17,0.9324,0.5586,0.203909,19,21,30,274.85,0.2204,0.0973,0.007685,4.402
467887,520,371,891,202,88,238,317.15,0.8914,0.6105,0.257104,62,21,56,333.59,0.6286,0.1719,0.018461,4.486
467898,520,477,997,184,25,217,319.26,0.9579,0.5101,0.158967,1,2,0,126.59,1.0000,0.0203,0.000499,4.138
467901,520,427,947,245,1,118,4.03,0.9990,0.5646,0.207456,34,19,1,71.85,0.8874,0.1014,0.008081,4.433
467908,520,366,886,238,89,93,22.11,0.8606,0.6067,0.261152,23,38,69,263.39,0.5474,0.1700,0.019980,4.446
467912,520,320,840,250,85,167,353.46,0.9359,0.6452,0.296142,11,34,128,265.63,0.9491,0.2145,0.027735,4.453
467919,520,366,886,240,61,175,346.59,0.8970,0.6063,0.249608,1,20,117,264.35,0.9791,0.1734,0.017910,4.412
467922,520,13,533,238,253,246,166.39,0.7039,0.9779,0.950811,38,133,66,149.17,0.9376,0.4735,0.175798,4.432
467930,520,474,994,226,21,92,10.46,0.9652,0.5226,0.174806,8,1,4,348.48,0.6374,0.0284,0.000821,4.423
467935,520,447,967,218,22,168,342.41,0.9520,0.5373,0.183088,6,6,57,271.22,0.9515,0.0787,0.004643,4.266
467938,520,429,949,201,76,155,344.90,0.7176,0.5451,0.199547,0,25,40,237.20,1.0000,0.1011,0.008484,4.267
467949,520,392,912,235,9,217,332.67,0.9945,0.5943,0.228700,4,7,112,265.69,0.9926,0.1522,0.013475,4.391
467979,520,479,999,188,70,137,348.52,0.6925,0.5067,0.168794,0,0,2,264.05,1.0000,0.0079,0.000044,4.372
467988,520,171,691,207,187,235,303.87,0.5741,0.7958,0.548044,74,87,33,121.14,0.6755,0.3447,0.083820,4.469
467998,520,445,965,218,23,180,338.73,0.9557,0.5444,0.188159,11,20,1,128.26,0.9300,0.0786,0.005736,4.273
468002,520,372,892,240,95,56,35.83,0.9033,0.6129,0.269982,16,44,48,207.81,0.5460,0.1705,0.021248,4.491
468003,520,332,852,240,52,240,328.15,0.9679,0.6359,0.272751,52,35,87,295.66,0.6046,0.2048,0.026203,4.235
468015,520,338,858,217,101,216,327.80,0.8057,0.6367,0.290187,1,51,65,222.60,0.9701,0.1963,0.027556,4.386
468016,520,452,972,150,101,185,309.77,0.5624,0.5271,0.192946,0,15,37,253.26,0.9999,0.0730,0.004752,4.437
468042,520,469,989,209,66,56,28.06,0.8567,0.5165,0.177395,18,0,11,342.41,1.0000,0.0412,0.001528,4.413
468067,520,429,949,237,42,73,19.63,0.9460,0.5523,0.201447,16,13,61,277.84,0.8316,0.1013,0.007349,4.385
468076,520,459,979,229,33,49,24.60,0.9657,0.5264,0.179705,23,0,28,321.11,1.0000,0.0577,0.002660,4.362
468083,520,442,962,237,21,86,13.91,0.9763,0.5441,0.192159,13,18,25,256.84,0.2363,0.0823,0.005884,4.333
468088,520,475,995,213,62,6,36.30,0.9882,0.5154,0.176070,5,0,21,292.70,1.0000,0.0311,0.000864,4.445
468096,520,350,870,253,8,226,334.49,0.9974,0.6323,0.265505,27,49,51,203.13,0.3568,0.1939,0.026686,4.114
468099,520,395,915,201,58,250,315.50,0.9725,0.5851,0.223472,10,22,89,267.59,0.9308,0.1447,0.013595,4.300
468102,520,459,979,177,68,218,315.19,0.8381,0.5348,0.185443,3,0,50,269.82,1.0000,0.0571,0.002496,4.485
468134,520,361,881,225,65,242,323.72,0.9475,0.6228,0.262010,44,42,40,67.64,0.0426,0.1840,0.023446,4.248
468157,520,357,877,245,28,228,332.26,0.9862,0.6243,0.258474,80,14,15,25.14,0.8708,0.1831,0.020543,4.373
468166,520,477,997,223,26,76,15.84,0.9587,0.5147,0.169514,1,1,15,273.08,0.9139,0.0250,0.000626,4.336
468167,520,371,891,249,69,124,7.26,0.9368,0.6110,0.258546,20,34,87,268.13,0.7767,0.1734,0.019808,4.420
468172,520,257,777,255,132,131,21.77,1.0000,0.7104,0.394042,30,74,10,138.16,0.9712,0.2678,0.051953,4.355
468185,520,348,868,242,31,240,328.74,0.9862,0.6280,0.261512,26,43,69,258.64,0.4806,0.1858,0.023770,4.223
468193,520,465,985,193,83,90,18.70,0.6552,0.5182,0.182639,7,11,3,127.36,0.5224,0.0529,0.002911,4.397
468198,520,362,882,204,109,185,335.11,0.6363,0.6142,0.272789,7,42,79,253.43,0.8221,0.1812,0.022655,4.443
468204,520,364,884,243,46,196,340.34,0.9490,0.6110,0.249972,72,4,49,346.51,0.8497,0.1678,0.016865,4.486
468206,520,355,875,196,102,229,316.52,0.8124,0.6162,0.268968,16,52,1,138.22,0.9950,0.1849,0.025682,4.215
468212,520,247,767,247,148,59,58.42,0.9121,0.7161,0.412724,22,78,49,156.76,0.8665,0.2846,0.058409,4.268
468221,520,474,994,204,16,183,334.20,0.9635,0.5176,0.166288,10,2,6,344.91,0.5358,0.0346,0.001211,4.223
468224,520,457,977,180,40,236,313.17,0.9452,0.5277,0.172781,17,0,38,299.86,1.0000,0.0577,0.002591,4.236
468234,520,473,993,196,30,204,326.03,0.9378,0.5232,0.170256,6,3,5,337.49,0.2655,0.0326,0.001148,4.306
468251,520,358,878,251,14,208,338.54,0.9935,0.6191,0.253806,73,4,70,330.33,0.8731,0.1832,0.019457,4.374
468253,520,409,929,250,33,56,23.91,0.9779,0.5712,0.217009,10,25,72,266.03,0.8498,0.1326,0.012276,4.288
468254,520,247,767,255,142,51,54.51,1.0000,0.7158,0.408480,35,73,54,160.26,0.5708,0.2757,0.053886,4.413
468257,520,450,970,240,21,48,24.34,0.9861,0.5440,0.192783,20,12,1,81.40,0.8158,0.0672,0.004139,4.484
468263,520,468,988,208,64,103,8.51,0.7780,0.5226,0.180582,11,2,12,324.67,0.6318,0.0381,0.001411,4.485
468269,520,366,886,203,92,230,319.34,0.8507,0.6120,0.260654,55,35,11,68.32,0.6536,0.1728,0.020385,4.414
468271,520,384,904,247,14,176,346.47,0.9890,0.5946,0.232261,70,1,20,13.05,0.9724,0.1489,0.013745,4.428
468287,520,436,956,218,21,195,334.39,0.9684,0.5526,0.193842,29,3,49,305.63,0.8710,0.0884,0.005481,4.395
468304,520,420,940,227,19,176,342.07,0.9708,0.5577,0.199339,13,27,26,190.01,0.3464,0.1072,0.009440,4.195
468308,520,295,815,248,104,208,339.81,0.9398,0.6839,0.344139,24,63,68,206.67,0.5827,0.2438,0.041664,4.300
468330,520,461,981,229,36,21,29.81,0.9766,0.5258,0.179769,18,1,23,319.37,0.8325,0.0498,0.002122,4.408
468338,520,313,833,246,117,69,40.23,0.9103,0.6592,0.327481,15,63,18,144.08,0.9583,0.2245,0.037001,4.339
468359,520,385,905,226,63,196,336.50,0.8821,0.5942,0.237117,59,13,42,345.72,0.6964,0.1474,0.013850,4.497
468378,520,298,818,218,115,231,323.00,0.8418,0.6679,0.329380,31,61,15,136.54,0.9039,0.2253,0.036632,4.379
468383,520,336,856,238,107,109,21.39,0.8124,0.6368,0.297994,50,48,16,105.66,0.6337,0.2018,0.028295,4.445
468386,520,432,952,152,96,231,299.71,0.8005,0.5518,0.208109,17,24,23,185.70,0.1621,0.1004,0.008343,4.424
468393,520,412,932,204,86,163,343.25,0.6934,0.5676,0.221391,31,25,20,61.84,0.1729,0.1163,0.010371,4.495
468396,520,410,930,230,18,191,338.41,0.9793,0.5714,0.210199,43,18,49,319.58,0.5837,0.1316,0.011680,4.219
468397,520,373,893,236,42,209,335.05,0.9559,0.6034,0.240950,2,24,104,264.17,0.9624,0.1633,0.016655,4.365
468405,520,396,916,254,41,16,30.57,0.9962,0.5808,0.226979,54,17,40,344.93,0.6035,0.1429,0.013385,4.370
468423,520,443,963,162,70,244,303.90,0.9242,0.5369,0.185939,21,15,6,78.52,0.4085,0.0764,0.005142,4.279
468431,520,319,839,208,108,243,316.54,0.8992,0.6505,0.306074,69,43,41,24.32,0.3141,0.2203,0.031532,4.367
468445,520,198,718,249,156,206,346.86,0.8821,0.7688,0.483751,11,85,85,194.88,0.9015,0.3178,0.072237,4.367
468456,520,435,955,244,14,5,29.42,0.9964,0.5475,0.195616,14,20,18,172.88,0.1641,0.0854,0.006373,4.357
468457,520,389,909,194,69,253,312.29,0.9858,0.5875,0.228186,17,37,49,236.64,0.4684,0.1503,0.016640,4.174
468460,520,268,788,210,133,245,314.49,0.8794,0.6956,0.370703,18,74,2,140.16,0.9959,0.2621,0.050303,4.194
468467,520,257,777,247,144,17,61.70,0.9830,0.7059,0.397639,54,66,68,208.75,0.1313,0.2736,0.050980,4.433
468470,520,423,943,197,33,251,314.94,0.9816,0.5627,0.199245,27,16,59,290.03,0.7052,0.1150,0.009194,4.211
468471,520,301,821,249,78,234,331.73,0.9734,0.6687,0.315319,39,49,100,272.30,0.5934,0.2344,0.035479,4.274
468477,520,465,985,211,22,154,345.25,0.9367,0.5165,0.167581,12,5,14,319.45,0.4191,0.0475,0.002184,4.169
468483,520,268,788,240,139,113,35.33,0.7762,0.6966,0.381852,61,64,13,112.78,0.8103,0.2608,0.046880,4.458
468490,520,374,894,249,60,116,8.93,0.9453,0.6002,0.246358,61,17,52,336.64,0.6691,0.1619,0.016411,4.463
468518,520,438,958,235,47,36,29.03,0.9564,0.5470,0.198257,30,11,31,325.40,0.5396,0.0895,0.006143,4.422
468527,520,444,964,195,7,232,318.99,0.9936,0.5350,0.175818,16,6,48,286.42,0.8328,0.0772,0.004538,4.141
468533,520,443,963,239,10,60,21.03,0.9930,0.5403,0.188974,15,5,50,284.57,0.8744,0.0765,0.004404,4.393
468546,520,403,923,238,30,169,346.90,0.9579,0.5793,0.219733,46,3,63,313.63,0.8979,0.1271,0.010049,4.492
468556,520,477,997,177,28,228,314.46,0.9598,0.5092,0.157801,0,1,4,253.83,0.9999,0.0166,0.000305,4.131
468557,520,475,995,207,50,149,347.06,0.8238,0.5242,0.177186,1,0,26,269.98,1.0000,0.0302,0.000810,4.471
468562,520,476,996,196,80,4,44.53,0.9831,0.5077,0.174838,1,0,12,278.75,1.0000,0.0192,0.000330,4.467
468566,520,448,968,232,10,130,357.87,0.9843,0.5440,0.189876,28,10,16,359.77,0.4417,0.0782,0.005014,4.360
468598,520,396,916,204,79,209,326.18,0.8175,0.5832,0.230344,19,38,25,153.26,0.4943,0.1443,0.015948,4.251
468601,520,347,867,234,56,242,326.17,0.9610,0.6301,0.267340,16,43,77,255.53,0.6841,0.1859,0.023736,4.304
468618,520,396,916,235,65,111,9.51,0.8601,0.5769,0.225934,60,6,31,357.92,0.7963,0.1363,0.011900,4.458
468625,520,405,925,247,35,134,0.27,0.9545,0.5846,0.227008,18,29,49,261.70,0.4538,0.1284,0.012290,4.447
468645,520,218,738,229,167,149,36.83,0.5464,0.7468,0.464670,19,84,34,147.23,0.9582,0.3004,0.065943,4.439
468694,520,447,967,222,0,176,340.74,1.0000,0.5437,0.186667,17,9,48,285.96,0.7678,0.0832,0.005279,4.281
468711,520,425,945,239,10,121,2.22,0.9878,0.5551,0.199515,41,16,17,18.77,0.4903,0.1097,0.008825,4.242
468716,520,431,951,222,11,180,339.62,0.9829,0.5483,0.190667,16,19,50,275.51,0.6226,0.1030,0.008062,4.145
468725,520,479,999,184,52,189,326.42,0.8292,0.5082,0.163218,0,1,1,194.77,1.0000,0.0143,0.000239,4.244
468729,520,375,895,250,40,159,352.91,0.9597,0.6028,0.243482,58,9,75,315.25,0.8294,0.1643,0.016030,4.445
468731,520,354,874,224,77,219,329.25,0.8866,0.6185,0.262717,0,51,13,147.18,1.0000,0.1771,0.023966,4.228
468739,520,398,918,224,51,194,336.40,0.9052,0.5794,0.221124,10,31,62,258.26,0.7136,0.1386,0.013922,4.241
468761,520,300,820,253,64,252,328.32,0.9934,0.6739,0.315806,105,1,35,12.25,0.9871,0.2336,0.031469,4.490
468770,520,438,958,230,36,129,358.86,0.9219,0.5498,0.196726,5,23,32,231.89,0.6200,0.0938,0.007493,4.291
468781,520,475,995,214,38,123,357.93,0.8795,0.5172,0.171148,9,2,2,21.40,0.5126,0.0318,0.001059,4.331
468786,520,422,942,232,67,55,28.58,0.9079,0.5619,0.214489,51,8,5,29.23,0.8624,0.1130,0.008886,4.492
468791,520,453,973,126,96,240,288.04,0.8623,0.5307,0.190924,12,13,19,277.46,0.1889,0.0669,0.004130,4.451
468792,520,403,923,230,4,209,333.53,0.9968,0.5792,0.215159,2,37,18,155.30,0.9698,0.1304,0.013797,4.156
468800,520,472,992,226,11,92,10.01,0.9834,0.5195,0.171837,9,1,4,351.47,0.6575,0.0296,0.000886,4.360
468816,520,472,992,143,67,251,296.39,0.9707,0.5154,0.168191,6,1,7,323.06,0.6585,0.0273,0.000758,4.299
468821,520,436,956,239,32,67,20.50,0.9677,0.5494,0.197923,6,21,35,247.90,0.5841,0.0907,0.006964,4.352
468834,520,395,915,221,60,201,333.64,0.8867,0.5858,0.228231,30,32,41,275.22,0.1711,0.1421,0.014691,4.301
468837,520,314,834,220,103,249,319.23,0.9575,0.6636,0.317573,41,55,31,133.04,0.4487,0.2165,0.033027,4.427
468853,520,223,743,232,173,61,79.57,0.8407,0.7485,0.473817,5,86,22,145.25,0.9936,0.3024,0.067455,4.460
468855,520,442,962,227,43,117,3.21,0.8966,0.5441,0.193458,22,3,46,298.41,0.8725,0.0765,0.004330,4.481
468858,520,463,983,228,42,5,31.92,0.9943,0.5271,0.181638,19,2,18,329.89,0.7280,0.0506,0.002256,4.433
468883,520,439,959,231,51,91,14.32,0.9006,0.5509,0.201148,29,9,43,308.42,0.6959,0.0928,0.006310,4.460
468901,520,422,942,243,2,130,359.79,0.9978,0.5648,0.207131,34,18,37,321.10,0.4423,0.1114,0.009063,4.354
468909,520,407,927,246,28,118,5.06,0.9669,0.5740,0.217348,31,13,77,287.80,0.8449,0.1325,0.011150,4.372
468937,520,464,984,224,19,112,2.92,0.9617,0.5237,0.174857,4,5,32,273.43,0.8360,0.0511,0.002386,4.292
468940,520,448,968,215,10,192,334.45,0.9847,0.5421,0.184722,25,4,39,308.81,0.7918,0.0762,0.004400,4.315
468954,520,308,828,247,119,126,18.47,0.8626,0.6749,0.344771,8,65,42,160.61,0.9417,0.2346,0.039992,4.387
468962,520,383,903,235,36,208,335.04,0.9635,0.5977,0.234807,10,43,10,143.24,0.9455,0.1527,0.018141,4.180
468978,520,377,897,231,90,125,8.08,0.7760,0.6040,0.257846,51,33,21,54.35,0.3979,0.1637,0.018457,4.497
468989,520,382,902,242,29,202,338.23,0.9757,0.6037,0.240232,61,18,54,334.59,0.6612,0.1645,0.016912,4.338
469006,520,398,918,199,82,202,326.67,0.7795,0.5750,0.224425,40,23,48,314.28,0.4677,0.1363,0.012773,4.372
469025,520,379,899,254,47,108,10.88,0.9914,0.5977,0.241902,73,7,5,28.53,0.9426,0.1592,0.015796,4.436
469035,520,344,864,253,94,13,40.66,0.9898,0.6319,0.289206,22,48,58,225.28,0.4789,0.1912,0.025899,4.469
469058,520,449,969,188,15,251,312.80,0.9905,0.5416,0.179993,9,18,13,159.66,0.3262,0.0748,0.005197,4.167
469068,520,421,941,200,1,248,316.82,0.9994,0.5552,0.190799,17,7,75,276.95,0.9477,0.1090,0.007791,4.167
469080,520,432,952,240,33,16,29.93,0.9866,0.5469,0.196537,52,1,3,25.56,0.9804,0.1049,0.007585,4.281
469083,520,367,887,248,85,14,38.64,0.9873,0.6108,0.264885,15,42,64,245.92,0.6211,0.1732,0.021276,4.418
469089,520,408,928,171,97,219,310.09,0.7484,0.5684,0.223225,16,36,6,136.56,0.9039,0.1318,0.013850,4.279
469123,520,398,918,245,45,106,10.17,0.9365,0.5779,0.223332,32,11,83,286.94,0.8872,0.1376,0.011709,4.429
469124,520,430,950,206,72,151,347.70,0.7439,0.5467,0.199929,8,1,76,270.68,0.9961,0.0956,0.005951,4.467
469162,520,467,987,211,28,146,348.17,0.9122,0.5153,0.167570,4,2,26,280.24,0.8725,0.0392,0.001438,4.230
469175,520,464,984,210,67,28,35.28,0.9320,0.5167,0.178021,18,2,27,312.58,0.7966,0.0546,0.002512,4.342
469182,520,432,952,191,75,190,328.03,0.7604,0.5462,0.198276,16,20,44,274.17,0.5205,0.1008,0.007923,4.286
469183,520,445,965,239,26,44,25.44,0.9816,0.5434,0.192747,7,9,55,271.59,0.9127,0.0823,0.005164,4.400
469188,520,409,929,215,67,184,337.45,0.8252,0.5728,0.219242,61,0,13,16.04,1.0000,0.1256,0.010213,4.471
469190,520,411,931,236,54,101,11.76,0.8982,0.5658,0.214138,2,21,73,263.06,0.9595,0.1210,0.010302,4.380
469195,520,408,928,237,44,135,358.62,0.9152,0.5707,0.215582,11,29,62,261.32,0.7122,0.1338,0.012976,4.217
469203,520,464,984,190,91,21,49.23,0.8943,0.5164,0.184851,9,4,31,287.15,0.7710,0.0525,0.002438,4.479
469206,520,248,768,228,137,230,326.26,0.8210,0.7175,0.401001,91,56,44,39.68,0.4009,0.2850,0.052346,4.407
469218,520,474,994,167,75,204,314.88,0.7676,0.5191,0.176081,3,4,6,260.13,0.1870,0.0326,0.001193,4.416
469229,520,423,943,232,12,171,344.65,0.9843,0.5628,0.203618,32,22,17,47.80,0.2484,0.1092,0.009214,4.283
469235,520,446,966,167,65,250,304.75,0.9644,0.5430,0.188988,31,7,14,3.91,0.5845,0.0768,0.004750,4.365
469237,520,307,827,248,61,255,326.49,1.0000,0.6653,0.305167,62,8,136,291.50,0.9636,0.2343,0.029754,4.453
469261,520,366,886,253,54,126,5.39,0.9800,0.6059,0.250309,24,27,97,273.26,0.8643,0.1713,0.018410,4.390
469274,520,460,980,193,74,150,344.45,0.6993,0.5266,0.184387,20,0,37,305.66,1.0000,0.0605,0.002823,4.437
469278,520,433,953,228,54,96,12.56,0.8800,0.5488,0.199797,8,25,24,190.50,0.4835,0.0975,0.008128,4.297
469286,520,397,917,243,65,17,34.24,0.9836,0.5782,0.228791,19,23,81,272.88,0.8444,0.1428,0.013453,4.394
469341,520,398,918,237,16,186,341.42,0.9843,0.5812,0.219232,3,30,66,256.56,0.8894,0.1361,0.013412,4.246
469343,520,333,853,255,69,166,353.36,1.0000,0.6367,0.282728,85,22,20,26.15,0.7973,0.2045,0.025559,4.404
469345,520,377,897,179,93,255,305.22,1.0000,0.5984,0.246331,59,28,11,47.60,0.6621,0.1632,0.017846,4.368
469357,520,476,996,188,73,125,355.08,0.6698,0.5058,0.169387,1,0,9,282.67,1.0000,0.0172,0.000262,4.365
469365,520,352,872,190,100,251,309.11,0.9531,0.6199,0.270274,4,53,17,147.57,0.9827,0.1861,0.026124,4.207
469387,520,364,884,231,69,196,337.94,0.8796,0.6086,0.252332,31,30,88,278.18,0.7320,0.1734,0.019244,4.366
469399,520,374,894,226,90,141,359.80,0.7442,0.6007,0.254066,19,42,38,181.37,0.4557,0.1614,0.019343,4.385
469400,520,478,998,176,63,187,324.08,0.7785,0.5056,0.163741,1,0,16,275.06,1.0000,0.0220,0.000439,4.238
469404,520,406,926,237,24,184,342.08,0.9727,0.5826,0.221214,3,19,80,264.73,0.9481,0.1253,0.010642,4.472
469411,520,437,957,241,26,47,24.91,0.9819,0.5480,0.196482,20,16,41,288.28,0.5295,0.0933,0.006794,4.340
469412,520,472,992,209,45,137,351.85,0.8414,0.5183,0.172404,5,4,5,325.89,0.1034,0.0344,0.001301,4.335
469425,520,451,971,231,36,95,11.21,0.9357,0.5411,0.190799,15,11,33,289.09,0.5461,0.0731,0.004507,4.418
469440,520,394,914,234,50,182,342.51,0.9147,0.5901,0.231538,11,30,72,263.32,0.7954,0.1450,0.014675,4.353
469450,520,58,578,251,233,180,91.53,0.8080,0.9252,0.820832,1,125,0,142.45,1.0000,0.4338,0.146730,4.427
469453,520,442,962,231,47,60,23.61,0.9374,0.5416,0.193512,10,22,2,132.67,0.9068,0.0838,0.006427,4.316
469461,520,463,983,191,69,174,333.69,0.7515,0.5292,0.183901,17,3,26,311.08,0.7374,0.0549,0.002589,4.448
469466,520,430,950,202,42,214,324.90,0.9245,0.5477,0.190692,40,14,2,47.49,0.8124,0.1009,0.007696,4.172
469477,520,342,862,239,46,246,326.56,0.9759,0.6344,0.269611,39,26,101,283.31,0.8096,0.1866,0.021097,4.495
469525,520,257,777,234,143,175,357.67,0.6666,0.7131,0.402345,64,66,24,111.59,0.6470,0.2713,0.050524,4.500
469541,520,355,875,233,12,254,323.64,0.9966,0.6169,0.247447,12,43,69,247.44,0.7001,0.1783,0.022355,4.111
469560,520,354,874,248,50,200,340.42,0.9573,0.6248,0.264109,33,48,2,126.51,0.9634,0.1828,0.024416,4.221
469563,520,381,901,221,56,228,326.27,0.9347,0.5993,0.238040,13,40,48,220.20,0.5828,0.1567,0.018165,4.226
469567,520,478,998,136,95,201,299.20,0.6613,0.5094,0.176359,0,1,5,257.10,0.9999,0.0173,0.000327,4.498
469601,520,476,996,179,89,97,15.91,0.5511,0.5068,0.175929,2,1,6,294.08,0.6164,0.0213,0.000478,4.476
469602,520,459,979,234,16,9,29.27,0.9923,0.5267,0.178859,7,11,16,252.40,0.2348,0.0572,0.003219,4.300
469609,520,344,864,246,73,168,351.10,0.9130,0.6254,0.271882,45,45,43,106.61,0.0314,0.1946,0.026091,4.230
469625,520,320,840,251,69,207,339.55,0.9732,0.6487,0.292736,94,10,11,26.87,0.9445,0.2102,0.026214,4.497
469641,520,436,956,181,82,206,319.07,0.7616,0.5505,0.203156,16,21,14,136.81,0.2417,0.0884,0.006782,4.458
469648,520,257,777,252,127,180,354.96,0.9276,0.7125,0.391723,54,65,76,248.47,0.1783,0.2744,0.050866,4.379
469670,520,425,945,250,25,8,29.80,0.9948,0.5641,0.210405,7,30,0,137.53,1.0000,0.1063,0.009737,4.359
469674,520,443,963,224,57,61,24.71,0.9041,0.5366,0.191132,19,1,58,287.38,0.9766,0.0820,0.004656,4.412
469691,520,317,837,241,106,182,347.92,0.8392,0.6640,0.323889,5,60,39,161.59,0.9571,0.2158,0.034103,4.446
469700,520,414,934,216,57,200,332.56,0.8831,0.5740,0.216974,32,29,2,103.49,0.8764,0.1244,0.011902,4.313
469710,520,371,891,249,30,181,345.68,0.9730,0.6060,0.244078,78,3,38,0.05,0.9023,0.1747,0.018250,4.309
469712,520,454,974,200,87,20,45.15,0.9215,0.5268,0.191482,24,7,12,1.87,0.4752,0.0656,0.003727,4.495
469718,520,461,981,235,22,20,28.70,0.9872,0.5314,0.182897,12,6,8,354.78,0.2375,0.0476,0.002260,4.457
469724,520,233,753,246,159,69,63.24,0.8878,0.7377,0.448212,33,81,22,140.18,0.9397,0.2941,0.062659,4.422
469754,520,447,967,180,93,153,340.28,0.5662,0.5365,0.198331,6,13,50,268.78,0.8534,0.0838,0.005568,4.469
469759,520,459,979,234,8,20,28.01,0.9959,0.5251,0.177198,15,0,41,293.90,1.0000,0.0583,0.002617,4.318
469764,520,366,886,209,75,238,319.93,0.9140,0.6052,0.247621,49,38,20,78.96,0.4311,0.1735,0.020898,4.198
469783,520,452,972,222,57,49,27.96,0.9151,0.5310,0.186803,23,8,30,313.98,0.5882,0.0745,0.004496,4.345
469799,520,386,906,238,37,188,341.34,0.9532,0.5924,0.231340,53,15,59,321.96,0.7064,0.1498,0.014144,4.386
469806,520,476,996,216,34,84,12.91,0.9220,0.5064,0.163856,4,0,0,29.23,1.0000,0.0164,0.000258,4.255
469809,520,464,984,224,45,35,28.92,0.9502,0.5227,0.178482,19,2,23,320.65,0.7649,0.0533,0.002437,4.357
469839,520,429,949,237,3,129,359.03,0.9959,0.5524,0.196578,41,11,13,18.80,0.6196,0.1000,0.007399,4.296
469859,520,442,962,196,73,175,335.05,0.7473,0.5430,0.195976,7,4,63,271.69,0.9736,0.0830,0.004909,4.480
469860,520,38,558,218,247,246,194.12,0.6314,0.9475,0.880799,28,128,11,141.45,0.9932,0.4484,0.157087,4.495
469872,520,423,943,232,25,160,348.29,0.9582,0.5614,0.203920,42,12,40,330.22,0.6359,0.1147,0.009084,4.298
469873,520,272,792,242,107,246,326.46,0.9599,0.6989,0.360488,34,67,54,166.41,0.4943,0.2560,0.046206,4.267
469914,520,397,917,240,10,180,343.76,0.9907,0.5824,0.220407,64,9,14,21.25,0.8457,0.1430,0.013173,4.280
469915,520,385,905,255,33,111,8.96,1.0000,0.5924,0.234991,5,28,83,263.14,0.9267,0.1484,0.014872,4.393
469920,520,418,938,213,46,194,333.47,0.8991,0.5563,0.199973,36,27,1,90.78,0.9312,0.1238,0.011612,4.057
469923,520,360,880,233,48,244,325.55,0.9698,0.6243,0.259716,44,39,41,351.44,0.0737,0.1762,0.021466,4.334
469925,520,458,978,154,83,224,303.87,0.8044,0.5280,0.184388,8,7,33,279.81,0.7061,0.0595,0.003134,4.411
469931,520,480,1000,177,54,201,320.52,0.8408,0.5071,0.162036,0,0,0,0.00,0.0000,0.0000,0.000000,4.241
469936,520,410,930,204,68,208,326.69,0.8467,0.5698,0.215274,3,20,79,264.44,0.9427,0.1261,0.010841,4.360
469973,520,326,846,237,66,254,323.97,0.9960,0.6509,0.290591,37,36,103,277.94,0.7409,0.2057,0.026343,4.461
469977,520,278,798,182,146,246,299.40,0.8125,0.6889,0.371569,56,62,31,118.03,0.4876,0.2522,0.043849,4.492
470012,520,466,986,223,43,45,26.54,0.9462,0.5201,0.176080,2,1,39,269.81,0.9870,0.0463,0.001811,4.364
470026,520,476,996,212,5,153,345.57,0.9861,0.5130,0.164078,2,1,9,287.91,0.7237,0.0230,0.000543,4.236
470032,520,298,818,242,128,39,52.71,0.9328,0.6691,0.344648,18,60,71,218.42,0.6775,0.2334,0.038151,4.477
470037,520,389,909,228,91,55,35.63,0.8674,0.5856,0.242547,37,26,64,294.23,0.5675,0.1500,0.015023,4.499
470040,520,463,983,229,32,65,20.32,0.9594,0.5282,0.180757,3,8,15,248.87,0.4429,0.0466,0.002275,4.414
470045,520,100,620,248,215,155,82.10,0.7600,0.8755,0.709252,38,106,113,204.71,0.6772,0.4039,0.119119,4.489
470050,520,335,855,250,90,125,10.72,0.9288,0.6371,0.291202,26,47,76,256.76,0.5268,0.2017,0.027743,4.389
470072,520,347,867,253,59,171,350.63,0.9805,0.6265,0.269542,15,24,120,268.10,0.9604,0.1887,0.021107,4.494
470077,520,390,910,219,93,120,9.45,0.6998,0.5864,0.242471,27,34,43,254.86,0.2103,0.1458,0.015515,4.464
470079,520,406,926,178,92,236,309.11,0.8484,0.5816,0.231762,10,36,15,147.72,0.8502,0.1302,0.013607,4.430
470089,520,336,856,231,73,241,325.39,0.9452,0.6392,0.281071,31,52,31,144.33,0.5067,0.1989,0.028462,4.220
470094,520,424,944,251,16,27,27.75,0.9936,0.5640,0.209627,29,25,11,93.98,0.4205,0.1116,0.009806,4.341
470109,520,381,901,240,36,194,340.06,0.9605,0.5988,0.236850,22,37,61,259.45,0.4844,0.1610,0.018306,4.200
470118,520,461,981,196,64,174,335.22,0.7795,0.5317,0.184602,4,9,11,219.06,0.2878,0.0482,0.002453,4.473
470134,520,327,847,205,109,241,315.95,0.8798,0.6468,0.302685,8,61,4,141.88,0.9899,0.2139,0.033977,4.200
470146,520,366,886,253,67,90,19.16,0.9832,0.6081,0.256387,19,48,10,139.14,0.9282,0.1739,0.022742,4.212
470153,520,352,872,173,124,225,305.07,0.6948,0.6231,0.287362,8,47,68,237.51,0.7800,0.1881,0.025019,4.497
470163,520,370,890,228,71,203,335.03,0.8789,0.6094,0.253146,23,46,3,133.70,0.9666,0.1688,0.021427,4.244
470179,520,433,953,199,27,229,320.57,0.9692,0.5454,0.185847,3,21,55,260.25,0.8803,0.1038,0.008315,4.044
470184,520,412,932,202,78,186,333.08,0.7622,0.5652,0.215522,20,31,18,140.70,0.4051,0.1214,0.011723,4.302
470199,520,478,998,170,16,251,307.61,0.9885,0.5143,0.158825,5,0,10,311.99,1.0000,0.0241,0.000542,4.132
470204,520,369,889,248,41,189,343.38,0.9594,0.6135,0.252197,14,44,42,189.32,0.6044,0.1668,0.020618,4.279
470207,520,353,873,238,30,236,328.75,0.9844,0.6180,0.251645,35,36,81,279.07,0.5876,0.1839,0.022131,4.182
470210,520,418,938,247,18,26,27.91,0.9920,0.5560,0.202850,35,24,9,73.55,0.5126,0.1163,0.010304,4.193
470233,520,383,903,190,86,246,311.47,0.9268,0.5966,0.242576,34,34,42,285.29,0.1417,0.1521,0.016513,4.399
470235,520,341,861,240,83,166,351.41,0.8557,0.6252,0.274678,19,28,125,268.79,0.9494,0.2033,0.024495,4.358
470244,520,472,992,226,24,84,13.39,0.9621,0.5219,0.174650,6,2,6,326.97,0.4507,0.0301,0.000953,4.409
470265,520,471,991,182,51,212,319.24,0.8782,0.5204,0.170674,2,9,1,139.37,0.9226,0.0430,0.002105,4.235
470268,520,362,882,231,108,16,48.70,0.9699,0.6150,0.277541,0,53,9,145.39,1.0000,0.1836,0.025658,4.329
470271,520,302,822,238,104,208,337.03,0.8740,0.6684,0.326343,48,50,75,280.11,0.3140,0.2272,0.034175,4.471
470287,520,397,917,243,13,168,347.98,0.9876,0.5828,0.221729,42,4,83,297.47,0.9397,0.1424,0.012036,4.380
470290,520,420,940,246,30,38,26.99,0.9818,0.5594,0.206649,10,4,82,270.87,0.9860,0.1092,0.007605,4.455
470291,520,409,929,254,0,58,22.13,1.0000,0.5700,0.213802,41,12,63,306.43,0.7671,0.1302,0.010933,4.329
470293,520,361,881,231,43,249,323.99,0.9785,0.6214,0.255585,7,51,20,148.87,0.9596,0.1807,0.024632,4.095
470295,520,366,886,247,31,193,341.84,0.9737,0.6088,0.246076,22,15,116,272.09,0.9690,0.1750,0.017731,4.371
470311,520,405,925,215,22,244,321.39,0.9869,0.5817,0.215545,15,0,100,271.46,1.0000,0.1324,0.010216,4.410
470315,520,437,957,245,2,14,28.43,0.9992,0.5473,0.194912,26,17,26,326.41,0.2723,0.0934,0.006951,4.300
470323,520,461,981,157,78,234,303.42,0.8604,0.5325,0.185578,8,5,27,286.09,0.6794,0.0510,0.002393,4.496
470330,520,379,899,237,14,213,334.14,0.9912,0.5964,0.231255,11,15,111,267.92,0.9774,0.1623,0.015604,4.287
470331,520,314,834,248,75,232,332.00,0.9687,0.6630,0.308176,43,56,34,133.14,0.3978,0.2221,0.034574,4.235
470333,520,476,996,213,32,109,2.71,0.9043,0.5063,0.162857,2,2,2,0.00,0.0000,0.0229,0.000607,4.206
470339,520,357,877,244,54,203,338.73,0.9426,0.6220,0.261862,31,48,21,134.92,0.6076,0.1839,0.024593,4.181
470347,520,337,857,229,87,217,331.22,0.8738,0.6369,0.284864,22,40,101,267.04,0.8078,0.2021,0.026276,4.390
470353,520,376,896,228,14,244,324.64,0.9942,0.6015,0.233420,4,39,63,243.73,0.8305,0.1593,0.018356,4.146
470388,520,321,841,251,108,7,45.69,0.9939,0.6487,0.312530,6,56,51,184.74,0.8944,0.2070,0.031059,4.472
470420,520,469,989,224,17,90,10.66,0.9723,0.5165,0.169892,1,4,28,265.84,0.9175,0.0427,0.001771,4.247
470439,520,348,868,242,57,217,334.43,0.9471,0.6287,0.268161,80,18,9,31.33,0.8822,0.1870,0.021581,4.445
470444,520,439,959,224,51,127,359.59,0.8603,0.5480,0.197499,30,13,26,336.22,0.4356,0.0905,0.006385,4.389
470460,520,430,950,214,77,104,11.98,0.7487,0.5502,0.206057,11,25,25,195.71,0.3668,0.0997,0.008366,4.387
470468,520,461,981,209,57,136,353.26,0.7992,0.5287,0.182613,12,7,8,3.60,0.1784,0.0499,0.002477,4.433
470478,520,433,953,243,25,1,30.27,0.9992,0.5490,0.197556,37,15,22,0.75,0.4454,0.1030,0.007929,4.273
470483,520,299,819,205,132,219,320.99,0.6860,0.6735,0.345973,6,65,41,159.98,0.9587,0.2338,0.039792,4.410
470502,520,422,942,183,70,240,311.71,0.9099,0.5626,0.207399,41,16,15,23.64,0.5052,0.1091,0.008766,4.380
470503,520,470,990,111,97,237,282.61,0.8574,0.5159,0.180429,9,2,18,305.65,0.7184,0.0391,0.001452,4.479
470520,520,238,758,175,168,240,288.18,0.7042,0.7256,0.434103,13,79,28,146.63,0.9744,0.2807,0.057611,4.499
470522,520,410,930,143,118,208,295.06,0.6018,0.5677,0.233506,24,34,14,130.59,0.5383,0.1329,0.013699,4.451
470555,520,420,940,180,60,250,309.19,0.9681,0.5559,0.198380,35,19,17,27.41,0.3343,0.1065,0.008636,4.236
470602,520,261,781,215,146,208,330.24,0.6111,0.7073,0.395602,29,67,84,229.75,0.5603,0.2670,0.049154,4.494
470607,520,346,866,246,41,229,332.25,0.9763,0.6325,0.268388,61,25,79,312.63,0.6797,0.1925,0.022520,4.390
470628,520,37,557,251,239,210,88.20,0.7348,0.9465,0.868959,12,125,100,171.88,0.9665,0.4515,0.156648,4.447
470630,520,459,979,134,96,232,292.27,0.8092,0.5324,0.192602,0,16,19,208.36,1.0000,0.0650,0.004176,4.478
470641,520,350,870,239,85,166,351.40,0.8456,0.6259,0.276037,70,32,12,46.26,0.7100,0.1910,0.023619,4.429
470670,520,473,993,215,60,53,27.47,0.8906,0.5208,0.179383,1,3,17,266.16,0.8235,0.0325,0.001120,4.487
470671,520,466,986,174,95,119,1.46,0.4839,0.5170,0.185161,7,8,15,276.80,0.2688,0.0502,0.002533,4.476
470703,520,475,995,182,44,217,318.19,0.9082,0.5184,0.167574,7,2,12,310.38,0.6152,0.0339,0.001151,4.254
470714,520,390,910,197,84,222,319.96,0.8279,0.5873,0.234862,21,39,39,195.77,0.3425,0.1538,0.017569,4.216
470717,520,242,762,238,136,232,329.24,0.8980,0.7300,0.416136,59,72,13,121.47,0.8608,0.2829,0.055936,4.400
470722,520,384,904,234,39,198,337.57,0.9510,0.5917,0.230234,60,11,51,336.33,0.7414,0.1520,0.014392,4.352
470731,520,352,872,254,64,130,5.22,0.9882,0.6174,0.263529,53,12,108,294.42,0.9083,0.1928,0.021025,4.414
470732,520,411,931,247,35,79,18.02,0.9666,0.5697,0.215442,10,33,1,137.04,0.9867,0.1178,0.011544,4.313
470733,520,467,987,233,6,4,29.19,0.9971,0.5218,0.174658,9,2,24,297.04,0.7931,0.0428,0.001674,4.348
470737,520,223,743,219,157,236,318.85,0.7692,0.7466,0.452312,17,83,37,148.97,0.9579,0.2970,0.064390,4.391
470755,520,100,620,240,210,234,332.75,0.6239,0.8787,0.705597,40,111,16,139.57,0.9818,0.3964,0.118570,4.482
470763,520,432,952,146,94,243,295.49,0.8772,0.5509,0.205875,31,11,49,304.96,0.7043,0.1031,0.007524,4.448
470764,520,444,964,224,57,51,27.47,0.9161,0.5352,0.190153,4,17,29,245.97,0.6063,0.0755,0.005154,4.354
470767,520,408,928,210,34,239,321.08,0.9704,0.5746,0.210795,29,32,11,115.97,0.5495,0.1311,0.013184,4.128
470790,520,384,904,234,41,200,337.03,0.9487,0.5940,0.232511,12,28,85,266.54,0.8795,0.1535,0.015645,4.304
470795,520,289,809,247,123,105,29.86,0.8955,0.6768,0.349629,45,63,21,128.98,0.7282,0.2431,0.041670,4.359
470802,520,323,843,228,105,201,336.61,0.7981,0.6511,0.308163,10,57,45,171.73,0.8607,0.2091,0.031801,4.378
470804,520,408,928,175,107,176,326.44,0.5336,0.5658,0.227648,19,34,1,130.15,0.9745,0.1266,0.012847,4.418
470812,520,278,798,226,125,215,331.24,0.7835,0.6868,0.357441,85,48,11,60.60,0.7863,0.2514,0.040696,4.492
470828,520,463,983,195,25,223,320.94,0.9668,0.5332,0.176266,7,7,26,279.87,0.5937,0.0538,0.002717,4.292
470831,520,418,938,216,92,36,41.87,0.8888,0.5641,0.223829,15,32,17,146.96,0.5687,0.1206,0.011750,4.434
470833,520,454,974,184,56,218,318.11,0.8781,0.5327,0.180819,15,12,28,291.01,0.4270,0.0719,0.004483,4.236
470838,520,398,918,236,76,23,36.50,0.9685,0.5773,0.230667,37,25,59,297.89,0.5373,0.1441,0.014044,4.382
470886,520,434,954,229,34,139,355.00,0.9257,0.5505,0.196690,17,13,57,280.06,0.7876,0.0982,0.007024,4.326
470894,520,456,976,189,42,219,319.86,0.9214,0.5298,0.175906,17,11,1,86.98,0.7975,0.0616,0.003607,4.214
470899,520,354,874,225,68,232,326.14,0.9258,0.6190,0.259701,78,13,33,7.79,0.7852,0.1821,0.020176,4.413
470903,520,374,894,221,61,230,325.69,0.9290,0.6048,0.244249,14,42,40,189.01,0.5783,0.1596,0.019024,4.263
470916,520,354,874,241,13,242,328.11,0.9958,0.6223,0.254022,17,0,131,269.10,1.0000,0.1798,0.017577,4.499
470919,520,460,980,203,65,151,346.22,0.7635,0.5331,0.187134,10,12,2,116.57,0.6500,0.0574,0.003319,4.447
470921,520,424,944,253,4,0,29.36,1.0000,0.5646,0.209733,45,11,17,12.67,0.6434,0.1083,0.008378,4.449
470936,520,477,997,79,102,244,271.08,0.9403,0.5079,0.176959,4,0,13,300.75,1.0000,0.0244,0.000549,4.490
470939,520,466,986,191,6,218,321.24,0.9919,0.5168,0.162701,10,8,6,71.35,0.1327,0.0497,0.002513,4.050
470943,520,435,955,222,24,184,338.54,0.9595,0.5545,0.196460,14,21,33,260.90,0.3441,0.0947,0.007395,4.294
470947,520,459,979,182,60,217,317.55,0.8629,0.5328,0.181877,26,1,16,345.42,0.8146,0.0579,0.002788,4.393
470954,520,420,940,225,12,184,339.18,0.9837,0.5565,0.197337,31,20,28,336.62,0.2614,0.1072,0.008755,4.210
470955,520,452,972,155,80,230,303.31,0.8377,0.5295,0.184195,0,6,53,263.82,1.0023,0.0699,0.003873,4.347
470957,520,400,920,226,39,201,334.79,0.9435,0.5790,0.218393,30,1,95,282.84,0.9931,0.1391,0.011239,4.383
470975,520,196,716,254,156,217,342.65,0.9847,0.7797,0.498598,8,89,54,157.69,0.9740,0.3193,0.074624,4.402
470984,520,349,869,251,67,161,354.10,0.9569,0.6256,0.271001,4,34,106,263.04,0.9622,0.1864,0.022103,4.452
471000,520,372,892,252,17,186,344.69,0.9893,0.6099,0.246449,72,21,8,35.30,0.8368,0.1745,0.019318,4.277
471028,520,469,989,177,46,232,312.93,0.9259,0.5242,0.171283,3,8,0,130.75,1.0000,0.0411,0.001930,4.261
471032,520,387,907,233,26,210,334.01,0.9770,0.5909,0.227182,67,6,22,12.13,0.8544,0.1481,0.013817,4.343
471052,520,440,960,169,86,219,310.55,0.7811,0.5484,0.202058,14,20,32,263.66,0.3366,0.0916,0.006979,4.424
471057,520,407,927,240,20,145,354.71,0.9739,0.5687,0.210731,5,17,84,266.28,0.9553,0.1275,0.010732,4.293
471093,520,452,972,194,35,217,321.98,0.9393,0.5320,0.176827,30,6,1,40.43,0.8616,0.0698,0.004085,4.194
471102,520,473,993,205,36,171,338.32,0.8891,0.5215,0.171832,10,1,1,24.13,0.7514,0.0294,0.000884,4.360
471114,520,407,927,224,14,206,332.88,0.9862,0.5684,0.206200,38,22,38,326.74,0.3777,0.1257,0.011259,4.182
471134,520,468,988,150,85,212,304.77,0.7486,0.5169,0.177349,9,2,14,313.46,0.6561,0.0369,0.001332,4.429
471145,520,359,879,204,95,236,317.90,0.8739,0.6215,0.270793,43,38,55,297.84,0.2604,0.1791,0.021757,4.471
471194,520,387,907,237,59,160,350.88,0.8829,0.5924,0.236734,6,24,88,265.29,0.9331,0.1457,0.013965,4.483
471195,520,469,989,166,30,253,305.66,0.9902,0.5160,0.161281,10,4,6,354.33,0.3105,0.0400,0.001645,4.091
471219,520,395,915,254,46,51,26.35,0.9953,0.5866,0.232676,47,23,33,354.18,0.4046,0.1388,0.013270,4.468
471242,520,392,912,251,11,145,356.64,0.9911,0.5883,0.227964,45,21,69,303.89,0.6769,0.1546,0.015239,4.261
471250,520,410,930,243,18,147,354.61,0.9794,0.5748,0.215971,40,24,30,355.29,0.2864,0.1293,0.011982,4.291
471255,520,468,988,225,6,97,7.97,0.9900,0.5177,0.170037,3,4,13,274.25,0.4868,0.0355,0.001352,4.285
471261,520,370,890,190,114,193,325.66,0.5961,0.6075,0.268331,7,49,14,145.82,0.9672,0.1727,0.022734,4.377
471265,520,454,974,237,10,47,23.90,0.9937,0.5343,0.184301,18,15,1,100.23,0.8463,0.0718,0.004724,4.281
471273,520,429,949,213,5,215,327.85,0.9948,0.5528,0.191630,19,22,39,275.37,0.3754,0.1048,0.008587,4.124
471291,520,411,931,241,55,82,18.89,0.9223,0.5721,0.220456,31,26,29,341.18,0.1053,0.1220,0.011188,4.420
471329,520,464,984,209,38,161,342.76,0.8799,0.5247,0.175169,10,5,14,310.99,0.4045,0.0455,0.002048,4.326
471332,520,189,709,225,175,200,347.18,0.4786,0.7750,0.508388,0,91,4,142.92,1.0000,0.3175,0.074906,4.470
471339,520,455,975,210,70,77,21.53,0.8001,0.5271,0.186200,20,9,6,38.71,0.3723,0.0625,0.003573,4.409
471341,520,446,966,238,12,80,15.47,0.9890,0.5422,0.190225,12,17,33,269.66,0.4308,0.0834,0.005889,4.298
471346,520,304,824,200,123,248,310.92,0.9050,0.6676,0.332235,20,64,11,140.63,0.9664,0.2291,0.038395,4.324
471352,520,426,946,238,9,130,359.01,0.9883,0.5560,0.199874,42,10,29,346.85,0.6309,0.1060,0.007981,4.310
471355,520,434,954,238,0,106,6.80,1.0000,0.5462,0.192210,9,15,57,270.57,0.8475,0.0962,0.006951,4.253
471370,520,405,925,245,5,150,353.82,0.9950,0.5772,0.217263,47,23,12,44.72,0.5490,0.1325,0.012438,4.280
471373,520,468,988,208,43,146,348.06,0.8495,0.5189,0.172151,3,0,39,272.77,1.0000,0.0449,0.001658,4.300
471384,520,433,953,229,63,0,35.82,1.0000,0.5479,0.202159,37,13,15,16.33,0.5070,0.0971,0.007157,4.412
471387,520,434,954,177,84,216,314.57,0.7817,0.5544,0.206465,10,24,38,249.84,0.4948,0.1029,0.008577,4.378
471393,520,409,929,238,47,116,5.84,0.9131,0.5684,0.214742,42,10,62,308.77,0.7859,0.1283,0.010572,4.371
471394,520,430,950,243,10,42,25.12,0.9949,0.5466,0.194424,38,9,38,327.67,0.6700,0.1027,0.007474,4.253
471409,520,402,922,231,14,208,334.03,0.9887,0.5824,0.218597,36,20,53,304.27,0.5710,0.1283,0.011324,4.380
471414,520,384,904,243,3,195,340.18,0.9979,0.5948,0.230630,3,27,85,262.80,0.9552,0.1474,0.014590,4.345
471416,520,419,939,212,56,182,337.02,0.8493,0.5557,0.202049,21,2,80,279.95,0.9839,0.1120,0.007820,4.359
471426,520,328,848,255,82,153,359.30,1.0000,0.6452,0.295979,54,41,68,305.75,0.3677,0.2071,0.027875,4.443
471431,520,375,895,235,4,222,331.44,0.9978,0.5966,0.230256,5,2,117,265.89,0.9981,0.1551,0.013599,4.407
471443,520,464,984,205,15,192,331.87,0.9714,0.5250,0.171285,11,0,36,291.49,1.0000,0.0496,0.001985,4.257
471456,520,345,865,240,40,241,328.00,0.9790,0.6294,0.263964,69,2,91,314.82,0.9598,0.1916,0.020641,4.444
471459,520,282,802,250,123,131,17.79,0.8961,0.6875,0.361315,24,61,83,237.75,0.6097,0.2459,0.041560,4.492
471466,520,474,994,149,72,236,300.76,0.8818,0.5157,0.170807,3,4,5,244.30,0.1285,0.0322,0.001171,4.315
471477,520,394,914,229,16,226,329.05,0.9902,0.5910,0.225220,4,25,80,263.49,0.9371,0.1381,0.013002,4.368
471484,520,442,962,180,62,230,313.56,0.8862,0.5418,0.188627,9,5,62,273.59,0.9586,0.0848,0.005144,4.327
471499,520,443,963,220,65,87,17.08,0.8335,0.5422,0.196869,10,16,39,270.11,0.5843,0.0837,0.005816,4.423
471501,520,370,890,247,17,211,336.91,0.9912,0.6142,0.248813,28,26,96,276.30,0.8415,0.1713,0.018301,4.375
471506,520,472,992,201,40,181,334.08,0.8806,0.5228,0.172731,4,2,16,288.65,0.7102,0.0325,0.001066,4.362
471512,520,22,542,251,247,220,100.12,0.7658,0.9676,0.921984,20,133,26,143.22,0.9893,0.4641,0.169976,4.419
471513,520,454,974,196,44,208,324.75,0.9039,0.5347,0.180928,10,10,32,279.98,0.5865,0.0663,0.003859,4.288
471537,520,466,986,205,31,169,338.90,0.9053,0.5174,0.168257,22,4,4,22.74,0.6356,0.0541,0.002662,4.144
471540,520,440,960,236,44,26,30.12,0.9716,0.5461,0.197120,33,11,20,355.82,0.4949,0.0888,0.006132,4.402
471541,520,435,955,219,57,138,354.81,0.8263,0.5481,0.198237,30,14,21,352.54,0.3690,0.0903,0.006443,4.398
471543,520,465,985,191,90,3,50.45,0.9835,0.5156,0.183970,10,3,28,293.35,0.7750,0.0489,0.002135,4.488
471570,520,370,890,246,53,164,351.11,0.9281,0.6059,0.248226,1,42,61,234.34,0.9533,0.1658,0.019992,4.261
471601,520,399,919,252,41,60,23.83,0.9853,0.5804,0.226113,35,21,68,292.79,0.6804,0.1410,0.013110,4.375
471630,520,380,900,229,40,231,327.73,0.9678,0.6040,0.239475,52,18,71,310.94,0.7251,0.1617,0.016177,4.374
471639,520,431,951,210,62,176,338.63,0.8171,0.5547,0.202835,7,11,69,269.41,0.9466,0.1009,0.007141,4.425
471641,520,14,534,250,252,210,109.60,0.9504,0.9755,0.945981,22,136,33,143.80,0.9873,0.4749,0.178879,4.352
471655,520,430,950,157,101,201,308.31,0.6410,0.5457,0.206930,30,21,2,85.79,0.8170,0.1009,0.008168,4.417
471670,520,429,949,172,64,249,306.64,0.9592,0.5479,0.192777,4,28,0,139.36,1.0000,0.0981,0.008563,4.146
471673,520,325,845,248,93,153,359.58,0.8980,0.6464,0.300881,29,37,115,271.71,0.8517,0.2141,0.028220,4.486
471675,520,402,922,234,9,193,338.74,0.9916,0.5779,0.215408,37,17,64,299.32,0.7080,0.1330,0.011644,4.306
471692,520,457,977,222,51,66,21.99,0.9074,0.5278,0.182933,12,8,19,300.50,0.3698,0.0564,0.002988,4.396
471698,520,419,939,250,9,23,27.92,0.9966,0.5600,0.205849,38,3,57,309.93,0.8888,0.1088,0.007726,4.432
471742,520,326,846,250,90,154,359.09,0.9253,0.6463,0.299726,28,49,81,258.57,0.5349,0.2121,0.030375,4.351
471768,520,359,879,172,116,251,300.40,0.9242,0.6241,0.282268,25,49,22,141.60,0.6987,0.1829,0.024612,4.453
471777,520,414,934,254,30,8,30.11,0.9965,0.5747,0.220207,41,22,18,32.57,0.3780,0.1222,0.010890,4.438
471780,520,413,933,248,31,71,19.99,0.9749,0.5683,0.213949,54,9,11,22.68,0.8033,0.1216,0.010039,4.396
471789,520,429,949,234,38,104,8.66,0.9317,0.5508,0.198812,46,8,7,26.10,0.7949,0.1035,0.007699,4.312
471803,520,412,932,197,39,251,314.79,0.9808,0.5660,0.202878,2,33,22,165.80,0.9407,0.1183,0.011585,4.106
471810,520,398,918,232,83,16,39.50,0.9757,0.5785,0.233826,7,31,70,259.68,0.8277,0.1440,0.014673,4.389
471815,520,479,999,194,20,191,329.14,0.9516,0.5060,0.157329,0,1,1,194.77,1.0000,0.0143,0.000239,4.127
471820,520,431,951,217,72,117,5.37,0.7701,0.5531,0.206732,2,29,16,159.62,0.9404,0.1036,0.009290,4.330
471838,520,409,929,232,0,193,338.24,1.0000,0.5724,0.210088,54,2,50,331.83,0.8763,0.1299,0.010581,4.293
471840,520,413,933,253,24,63,21.86,0.9904,0.5745,0.218986,1,23,73,261.66,0.9772,0.1248,0.011002,4.409
471849,520,478,998,207,40,129,354.15,0.8545,0.5072,0.163702,7,0,4,341.66,1.0000,0.0236,0.000539,4.228
471857,520,342,862,253,36,200,341.28,0.9876,0.6259,0.263179,61,37,7,67.83,0.7720,0.1864,0.023307,4.272
471859,520,464,984,178,85,159,335.71,0.6190,0.5230,0.184664,3,6,31,269.55,0.8297,0.0516,0.002485,4.471
471866,520,388,908,239,63,143,357.75,0.8719,0.5929,0.238919,39,36,3,104.32,0.8708,0.1525,0.016997,4.312
471880,520,467,987,187,44,205,322.89,0.8901,0.5175,0.167753,11,5,7,354.46,0.2680,0.0439,0.001950,4.192
471892,520,396,916,232,59,160,349.75,0.8684,0.5832,0.228245,53,12,56,324.99,0.7330,0.1438,0.013054,4.413
471898,520,446,966,192,63,198,326.02,0.8206,0.5385,0.188402,12,4,59,277.67,0.9494,0.0818,0.004807,4.350
471902,520,375,895,226,0,244,324.22,1.0000,0.5954,0.227027,31,19,96,280.37,0.8787,0.1622,0.016015,4.196
471929,520,427,947,231,68,36,32.97,0.9411,0.5591,0.212535,8,26,31,218.17,0.5120,0.1035,0.008893,4.458
471936,520,29,549,239,245,238,141.26,0.3085,0.9577,0.898284,11,130,33,144.59,0.9940,0.4535,0.161455,4.485
471937,520,441,961,205,38,193,331.57,0.9095,0.5361,0.182175,25,1,62,292.28,0.9752,0.0931,0.005762,4.164
471942,520,375,895,246,47,161,351.77,0.9332,0.6004,0.242023,69,1,49,344.14,0.9366,0.1586,0.015089,4.487
471979,520,429,949,160,83,236,303.54,0.8593,0.5450,0.197167,8,26,23,181.59,0.5176,0.1001,0.008522,4.223
471986,520,325,845,210,103,243,317.56,0.9088,0.6458,0.298746,75,36,28,32.77,0.5295,0.2110,0.028417,4.447
472000,520,479,999,209,63,23,35.05,0.9482,0.5095,0.171745,1,0,3,302.89,1.0000,0.0124,0.000130,4.423
472012,520,345,865,195,113,220,317.90,0.7341,0.6273,0.285807,30,51,15,134.22,0.8027,0.1917,0.026781,4.374
472019,520,402,922,246,19,155,352.69,0.9807,0.5844,0.224285,24,30,39,258.35,0.2156,0.1300,0.012692,4.375
472022,520,358,878,246,42,208,337.64,0.9653,0.6206,0.258059,2,46,69,237.95,0.9220,0.1837,0.023964,4.165
472037,520,389,909,173,100,240,305.42,0.8499,0.5904,0.242904,48,28,20,42.54,0.3936,0.1470,0.015095,4.500
472041,520,369,889,224,103,101,23.07,0.7294,0.6054,0.264898,24,46,22,142.25,0.6486,0.1725,0.022061,4.370
472052,520,468,988,226,34,61,21.44,0.9549,0.5225,0.176526,12,2,13,324.90,0.6509,0.0396,0.001506,4.398
472069,520,304,824,244,106,182,348.69,0.8640,0.6688,0.329213,25,62,45,161.60,0.6436,0.2317,0.038413,4.289
472077,520,405,925,220,63,182,339.38,0.8467,0.5763,0.221503,17,34,31,181.74,0.3732,0.1326,0.013621,4.268
472109,520,239,759,243,127,244,326.99,0.9447,0.7283,0.407672,53,72,13,126.11,0.8821,0.2774,0.054206,4.392
472111,520,374,894,253,61,72,23.45,0.9872,0.5993,0.246916,38,22,83,289.22,0.7572,0.1603,0.016104,4.492
472122,520,423,943,198,47,232,319.15,0.9354,0.5578,0.198665,20,28,0,123.14,1.0000,0.1088,0.009792,4.159
472128,520,446,966,203,63,176,336.62,0.7991,0.5436,0.193880,42,0,13,6.29,1.0000,0.0844,0.005214,4.417
472136,520,301,821,240,89,239,328.05,0.9400,0.6692,0.319044,104,7,33,14.49,0.9279,0.2348,0.032053,4.498
472157,520,417,937,158,94,250,298.69,0.9375,0.5703,0.221769,35,25,2,86.49,0.8543,0.1175,0.010570,4.487
472158,520,449,969,225,50,85,15.64,0.8942,0.5367,0.189474,24,3,39,307.83,0.8250,0.0731,0.004058,4.430
472177,520,315,835,234,84,241,325.99,0.9429,0.6554,0.301862,25,32,130,270.20,0.9321,0.2194,0.028512,4.482
472180,520,447,967,241,4,6,29.00,0.9983,0.5388,0.188042,18,10,44,288.97,0.7037,0.0824,0.005275,4.306
472187,520,343,863,242,48,229,331.32,0.9667,0.6297,0.266511,10,51,38,167.77,0.8368,0.1866,0.025720,4.180
472205,520,392,912,196,75,249,313.44,0.9583,0.5939,0.236087,63,10,29,3.87,0.7588,0.1462,0.013627,4.496
472242,520,390,910,239,39,177,344.90,0.9446,0.5897,0.229791,52,16,56,323.58,0.6771,0.1474,0.013863,4.381
472261,520,370,890,235,84,137,2.22,0.8104,0.6068,0.258117,22,42,56,240.46,0.4349,0.1721,0.021120,4.332
472278,520,441,961,189,73,184,329.43,0.7514,0.5368,0.190460,28,15,26,332.27,0.3549,0.0917,0.006631,4.246
472280,520,323,843,242,60,248,326.67,0.9766,0.6502,0.288889,6,58,24,149.78,0.9725,0.2054,0.031306,4.168
472289,520,477,997,221,36,38,27.09,0.9604,0.5102,0.167766,6,0,3,344.76,1.0000,0.0216,0.000453,4.316
472312,520,415,935,221,17,221,328.32,0.9861,0.5738,0.209958,9,23,66,265.99,0.8369,0.1218,0.010642,4.287
472314,520,428,948,198,59,222,321.28,0.8921,0.5605,0.204091,5,26,14,156.47,0.7877,0.0954,0.008027,4.379
472320,520,438,958,238,36,54,24.12,0.9663,0.5476,0.197085,29,4,49,305.19,0.8428,0.0899,0.005698,4.436
472324,520,480,1000,194,76,94,13.97,0.6860,0.5102,0.174482,0,0,0,0.00,0.0000,0.0000,0.000000,4.490
472325,520,445,965,186,71,208,320.83,0.8110,0.5449,0.195009,10,20,19,188.08,0.2861,0.0828,0.006118,4.366
472334,520,432,952,228,60,82,18.65,0.8793,0.5512,0.203377,30,10,47,305.69,0.7076,0.0987,0.006984,4.446
472354,520,428,948,245,30,80,17.15,0.9713,0.5633,0.209237,6,27,26,191.07,0.6155,0.1031,0.008971,4.396
472365,520,384,904,243,2,185,342.94,0.9984,0.5892,0.226040,13,17,101,269.16,0.9617,0.1526,0.014259,4.296
472368,520,431,951,235,43,53,25.02,0.9538,0.5458,0.196501,0,2,83,264.15,0.9967,0.1019,0.006679,4.349
472370,520,465,985,223,39,50,24.80,0.9498,0.5178,0.173721,9,6,13,305.61,0.3043,0.0466,0.002174,4.288
472397,520,446,966,203,8,217,324.74,0.9906,0.5372,0.178817,20,7,45,293.64,0.7693,0.0802,0.004901,4.168
472441,520,447,967,231,47,6,32.46,0.9934,0.5372,0.190381,19,17,24,298.05,0.1865,0.0847,0.006053,4.288
472480,520,371,891,238,70,180,344.93,0.8762,0.6136,0.258555,49,32,53,319.82,0.3679,0.1710,0.019431,4.444
472486,520,394,914,214,45,243,321.01,0.9611,0.5905,0.226458,17,39,9,138.27,0.8813,0.1427,0.015899,4.195
472487,520,421,941,233,4,156,349.43,0.9941,0.5558,0.198137,4,32,8,146.36,0.9559,0.1127,0.010763,4.084
472495,520,455,975,232,16,89,12.06,0.9798,0.5327,0.182507,25,3,0,39.11,1.0000,0.0552,0.002718,4.410
472498,520,403,923,232,16,207,334.53,0.9869,0.5841,0.220340,59,2,25,2.84,0.8980,0.1271,0.010436,4.473
472513,520,471,991,224,44,32,29.30,0.9538,0.5217,0.177558,7,4,4,18.44,0.1816,0.0362,0.001408,4.427
472521,520,442,962,234,38,72,19.25,0.9500,0.5434,0.193496,23,14,2,77.99,0.7220,0.0755,0.005006,4.427
472533,520,429,949,227,5,169,344.05,0.9921,0.5506,0.193067,40,8,34,335.87,0.6786,0.1022,0.007403,4.234
472563,520,478,998,203,52,131,353.36,0.8013,0.5105,0.167932,3,1,4,316.91,0.5138,0.0217,0.000498,4.316
472564,520,394,914,225,31,230,327.05,0.9758,0.5920,0.227030,56,12,36,350.61,0.6906,0.1375,0.012312,4.446
472568,520,459,979,154,64,255,299.62,1.0000,0.5292,0.177571,9,3,44,280.42,0.9207,0.0618,0.003050,4.290
472589,520,409,929,235,36,147,353.60,0.9330,0.5666,0.210335,60,6,3,29.85,0.9382,0.1290,0.010977,4.269
472645,520,302,822,230,133,89,44.48,0.7300,0.6660,0.343216,21,65,0,138.21,1.0000,0.2320,0.039399,4.398
472653,520,385,905,228,94,33,41.51,0.9256,0.5881,0.246119,39,32,42,315.73,0.1962,0.1525,0.016315,4.465
472666,520,429,949,153,103,212,303.07,0.6840,0.5518,0.212266,13,25,23,182.91,0.3086,0.1002,0.008427,4.489
472687,520,2,522,255,255,255,0.00,0.0000,1.0000,1.000000,5,136,96,163.84,0.9908,0.4844,0.184843,4.471
472688,520,419,939,238,26,129,359.87,0.9602,0.5607,0.205040,9,17,65,269.23,0.8818,0.1081,0.008406,4.367
472693,520,347,867,220,76,245,321.35,0.9506,0.6278,0.269790,80,19,9,31.97,0.8770,0.1883,0.021912,4.447
472701,520,429,949,240,40,37,28.01,0.9686,0.5524,0.201797,13,10,63,275.55,0.9001,0.0964,0.006615,4.448
472702,520,355,875,239,17,238,328.56,0.9934,0.6169,0.249274,16,36,93,265.40,0.8397,0.1818,0.021621,4.179
472709,520,409,929,238,59,70,23.00,0.9187,0.5676,0.217504,21,5,89,276.99,0.9741,0.1274,0.009892,4.466
472721,520,337,857,254,59,190,344.93,0.9917,0.6370,0.279198,29,52,50,188.72,0.3598,0.2040,0.029474,4.142
472729,520,442,962,157,72,254,300.10,0.9910,0.5415,0.189589,4,4,65,268.41,0.9822,0.0834,0.004943,4.361
472738,520,397,917,244,47,130,1.90,0.9243,0.5846,0.228811,3,38,32,178.89,0.9031,0.1386,0.015098,4.283
472748,520,272,792,206,137,240,313.82,0.8179,0.6952,0.373054,19,73,5,140.35,0.9893,0.2592,0.049143,4.267
472763,520,257,777,245,116,244,327.76,0.9524,0.7146,0.384372,13,64,115,252.80,0.8383,0.2734,0.049899,4.348
472764,520,410,930,240,42,134,359.41,0.9270,0.5749,0.219056,49,21,2,53.30,0.8478,0.1300,0.011938,4.344
472778,520,426,946,224,67,101,12.33,0.8237,0.5555,0.208038,5,31,23,169.75,0.7850,0.1138,0.010741,4.248
472803,520,284,804,228,129,190,343.47,0.7002,0.6851,0.359141,48,56,89,272.66,0.3916,0.2518,0.041779,4.458
472809,520,384,904,208,68,229,322.15,0.8983,0.5900,0.232030,57,20,26,12.34,0.5699,0.1476,0.014449,4.376
472815,520,480,1000,170,50,225,312.15,0.9010,0.5111,0.162644,0,0,0,0.00,0.0000,0.0000,0.000000,4.253
472846,520,477,997,166,78,193,317.56,0.7224,0.5143,0.174069,5,1,1,21.77,0.5474,0.0229,0.000562,4.432
472853,520,387,907,218,75,183,338.91,0.8067,0.5862,0.233586,48,26,48,326.92,0.4377,0.1538,0.015806,4.309
472861,520,471,991,225,41,58,23.04,0.9424,0.5245,0.179018,8,6,10,309.09,0.2018,0.0445,0.002038,4.401
472886,520,460,980,146,84,240,297.46,0.8783,0.5326,0.187431,7,4,41,277.80,0.8966,0.0593,0.002921,4.487
472912,520,437,957,195,32,240,316.83,0.9680,0.5500,0.189278,40,4,10,14.32,0.7959,0.0864,0.005599,4.304
472923,520,412,932,254,10,15,28.67,0.9967,0.5684,0.213263,46,1,58,317.79,0.9481,0.1202,0.009081,4.456
472962,520,460,980,133,93,236,291.81,0.8391,0.5293,0.188713,23,7,7,21.03,0.4759,0.0627,0.003495,4.462
472966,520,467,987,219,42,95,10.10,0.8934,0.5208,0.175448,16,1,0,35.30,1.0000,0.0368,0.001319,4.393
472968,520,480,1000,151,86,198,308.73,0.6913,0.5097,0.173126,0,0,0,0.00,0.0000,0.0000,0.000000,4.463
472973,520,457,977,205,13,206,328.06,0.9814,0.5340,0.177251,4,8,33,269.45,0.7721,0.0583,0.003093,4.280
472978,520,362,882,248,42,171,348.80,0.9500,0.6054,0.245559,16,22,119,268.70,0.9630,0.1848,0.020157,4.213
472979,520,439,959,235,34,100,9.87,0.9447,0.5494,0.197294,18,9,58,282.81,0.8440,0.0937,0.006294,4.393
472983,520,375,895,239,46,187,342.05,0.9367,0.5990,0.238955,53,14,73,311.41,0.7784,0.1596,0.015521,4.410
472988,520,431,951,173,71,244,307.50,0.9248,0.5529,0.199231,18,19,40,279.79,0.4582,0.0974,0.007475,4.336
472989,520,397,917,211,34,241,320.88,0.9721,0.5778,0.213456,33,29,52,290.87,0.3865,0.1438,0.014500,4.085
473006,520,307,827,251,64,255,327.16,1.0000,0.6725,0.313989,68,33,92,309.11,0.6532,0.2264,0.030895,4.500
473035,520,415,935,253,25,35,27.22,0.9925,0.5718,0.217030,14,9,85,272.37,0.9648,0.1220,0.009446,4.492
473038,520,432,952,213,74,113,6.91,0.7500,0.5471,0.202382,45,7,1,35.70,0.9431,0.0988,0.007121,4.418
473049,520,353,873,202,87,247,315.02,0.9409,0.6154,0.260896,81,4,36,3.59,0.8952,0.1816,0.019638,4.464
473053,520,228,748,249,126,244,328.87,0.9732,0.7351,0.415954,67,56,120,288.38,0.5719,0.2928,0.053777,4.490
473066,520,454,974,212,75,6,40.09,0.9852,0.5300,0.190447,23,3,33,312.98,0.7878,0.0672,0.003571,4.488
473069,520,315,835,244,70,248,327.04,0.9761,0.6617,0.303933,71,37,66,332.62,0.4705,0.2211,0.030562,4.393
473073,520,198,718,184,189,224,278.82,0.4050,0.7742,0.519671,33,90,14,139.44,0.9757,0.3235,0.076671,4.497
473096,520,417,937,255,16,38,26.37,1.0000,0.5733,0.217744,2,28,55,251.61,0.8736,0.1212,0.011192,4.375
473102,520,420,940,172,82,238,307.51,0.8758,0.5608,0.209790,35,12,54,305.92,0.7201,0.1141,0.008866,4.413
473113,520,465,985,182,78,154,339.18,0.6571,0.5160,0.177283,15,4,6,5.78,0.4481,0.0455,0.002016,4.370
473129,520,422,942,247,20,82,16.16,0.9843,0.5638,0.208872,28,18,52,293.91,0.6036,0.1140,0.009274,4.367
473144,520,403,923,235,77,58,30.19,0.9017,0.5797,0.232784,33,31,6,104.85,0.7047,0.1318,0.013165,4.477
473150,520,320,840,254,105,14,43.84,0.9929,0.6495,0.312091,1,55,74,228.63,0.9726,0.2143,0.032331,4.398
473169,520,454,974,204,51,168,339.38,0.8306,0.5293,0.180341,17,14,19,311.87,0.1592,0.0737,0.004803,4.203
473193,520,399,919,216,96,76,31.37,0.7473,0.5755,0.234887,33,25,65,289.16,0.5995,0.1442,0.014002,4.451
473206,520,476,996,220,12,107,3.73,0.9752,0.5117,0.165428,4,0,5,323.04,1.0000,0.0198,0.000368,4.277
473208,520,362,882,221,37,254,320.50,0.9958,0.6055,0.238530,81,6,21,17.47,0.9148,0.1790,0.019340,4.161
473228,520,472,992,218,17,142,350.92,0.9584,0.5227,0.172618,3,1,21,281.75,0.9048,0.0317,0.000952,4.369
473239,520,399,919,199,78,213,323.42,0.8220,0.5767,0.223965,23,26,73,275.38,0.7116,0.1440,0.014019,4.279
473242,520,299,819,229,123,172,352.18,0.6893,0.6688,0.338046,57,56,0,108.64,1.0000,0.2316,0.036982,4.461
473243,520,376,896,240,61,159,352.03,0.8859,0.5992,0.243689,40,39,14,106.77,0.5699,0.1639,0.019339,4.236
473254,520,464,984,229,4,44,23.92,0.9970,0.5153,0.169297,4,12,7,158.66,0.4641,0.0539,0.003041,4.134
473255,520,331,851,250,70,193,343.55,0.9598,0.6408,0.285577,71,34,0,57.33,1.0000,0.1956,0.024838,4.484
473261,520,472,992,190,64,164,337.02,0.7540,0.5160,0.172958,5,0,18,296.92,1.0000,0.0289,0.000759,4.392
473280,520,458,978,183,53,214,318.96,0.8773,0.5253,0.174697,9,8,32,280.90,0.6494,0.0616,0.003360,4.211
473286,520,446,966,200,84,111,8.30,0.6579,0.5377,0.197696,37,6,11,13.71,0.7021,0.0844,0.005478,4.465
473291,520,348,868,233,59,245,325.17,0.9637,0.6327,0.270465,34,14,125,277.13,0.9629,0.1949,0.021347,4.492
473304,520,446,966,223,32,135,355.04,0.9196,0.5360,0.184729,29,4,33,322.16,0.7507,0.0776,0.004579,4.301
473328,520,442,962,237,11,98,9.60,0.9875,0.5442,0.191289,16,16,15,106.61,0.0304,0.0760,0.005152,4.375
473332,520,341,861,252,69,155,356.57,0.9648,0.6270,0.273216,59,20,103,299.56,0.8231,0.2041,0.024094,4.362
473333,520,444,964,214,21,191,334.50,0.9633,0.5428,0.185963,2,11,54,265.10,0.9374,0.0812,0.005186,4.276
473338,520,417,937,226,42,186,339.16,0.9228,0.5722,0.213724,7,16,75,267.86,0.9364,0.1161,0.009237,4.452
473340,520,402,922,231,26,198,336.75,0.9705,0.5801,0.218076,51,15,40,341.25,0.6218,0.1345,0.011988,4.325
473342,520,340,860,245,77,203,339.53,0.9316,0.6441,0.290349,43,46,59,274.74,0.1905,0.2025,0.027833,4.373
473343,520,450,970,213,37,178,338.24,0.9068,0.5408,0.186858,16,8,36,292.57,0.6660,0.0706,0.004112,4.377
473351,520,437,957,222,3,178,340.16,0.9950,0.5455,0.188116,22,15,43,292.09,0.5736,0.0947,0.006866,4.187
473365,520,442,962,200,84,106,11.05,0.6611,0.5362,0.196625,20,12,39,294.15,0.5952,0.0840,0.005581,4.437
473367,520,453,973,235,21,56,22.28,0.9827,0.5344,0.184872,14,5,47,284.74,0.8597,0.0726,0.004071,4.344
473385,520,410,930,193,79,220,319.43,0.8296,0.5735,0.220980,20,34,9,133.26,0.7339,0.1287,0.013125,4.293
473388,520,429,949,189,76,201,323.75,0.7803,0.5512,0.202061,31,18,6,63.45,0.5448,0.0960,0.007371,4.394
473398,520,471,991,225,37,8,31.15,0.9909,0.5174,0.173511,6,1,29,285.74,0.9285,0.0411,0.001491,4.341
473400,520,463,983,215,56,98,10.29,0.8328,0.5259,0.181597,3,5,32,270.77,0.8664,0.0502,0.002322,4.426
473404,520,431,951,208,36,205,329.02,0.9338,0.5480,0.190814,8,26,28,204.92,0.4998,0.1022,0.008742,4.099
473416,520,411,931,232,66,85,19.07,0.8726,0.5658,0.217110,5,32,36,208.64,0.7279,0.1223,0.011926,4.313
473430,520,355,875,252,27,201,340.69,0.9834,0.6208,0.256997,28,13,120,274.77,0.9694,0.1824,0.018907,4.455
473442,520,469,989,219,58,10,34.66,0.9843,0.5231,0.181107,13,3,8,345.55,0.5016,0.0414,0.001682,4.472
473451,520,421,941,201,14,244,317.84,0.9910,0.5562,0.192648,37,6,58,307.19,0.8305,0.1123,0.008291,4.163
473456,520,420,940,184,75,231,313.82,0.8655,0.5631,0.209931,23,24,27,271.12,0.0725,0.1074,0.009146,4.395
473465,520,452,972,198,87,68,31.60,0.7189,0.5286,0.192414,17,6,39,293.93,0.7511,0.0703,0.003959,4.493
473469,520,425,945,225,15,193,336.64,0.9817,0.5625,0.202020,0,32,21,166.45,1.0000,0.1137,0.010871,4.140
473470,520,362,882,249,8,194,341.78,0.9953,0.6065,0.242117,68,5,79,320.82,0.8821,0.1817,0.019022,4.232
473473,520,415,935,252,18,82,16.56,0.9883,0.5737,0.217410,32,28,4,100.27,0.7609,0.1220,0.011464,4.351
473482,520,443,963,229,37,107,6.72,0.9230,0.5410,0.190456,1,23,7,151.48,0.9750,0.0820,0.006346,4.268
473497,520,430,950,241,19,80,16.09,0.9827,0.5505,0.197491,43,8,0,39.87,1.0000,0.0962,0.006873,4.352
473515,520,365,885,246,34,192,341.95,0.9686,0.6078,0.245458,60,27,25,24.75,0.4983,0.1658,0.018148,4.336
473526,520,479,999,219,15,94,8.38,0.9711,0.5065,0.162125,0,0,5,264.05,1.0000,0.0116,0.000110,4.233
473535,520,353,873,254,33,192,343.66,0.9932,0.6222,0.259677,59,34,6,64.75,0.7777,0.1760,0.020871,4.370
473539,520,352,872,241,78,157,354.52,0.8647,0.6175,0.265868,21,21,122,270.53,0.9613,0.1899,0.021008,4.448
473541,520,421,941,247,25,60,22.27,0.9831,0.5619,0.207992,53,6,6,26.03,0.8863,0.1146,0.009004,4.372
473547,520,374,894,252,68,76,23.48,0.9793,0.6047,0.253551,46,35,1,90.64,0.9543,0.1585,0.017852,4.474
473551,520,319,839,170,130,247,297.60,0.8454,0.6451,0.312269,18,63,8,140.52,0.9759,0.2245,0.037010,4.164
473559,520,448,968,224,63,29,33.30,0.9503,0.5393,0.194938,20,5,47,293.51,0.8296,0.0786,0.004625,4.484
473565,520,410,930,249,42,30,29.30,0.9784,0.5718,0.218930,14,32,32,195.61,0.4119,0.1251,0.012306,4.316
473572,520,405,925,206,51,246,318.03,0.9585,0.5841,0.221449,47,19,23,12.36,0.4854,0.1272,0.011320,4.427
473574,520,467,987,138,80,240,295.05,0.8884,0.5172,0.174319,3,4,12,273.92,0.4527,0.0351,0.001327,4.370
473615,520,413,933,220,37,207,331.62,0.9462,0.5710,0.210460,0,14,87,263.93,1.0032,0.1239,0.010021,4.339
473617,520,479,999,115,96,227,285.34,0.7983,0.5092,0.175563,2,0,3,318.71,1.0000,0.0147,0.000195,4.494
473620,520,410,930,184,77,233,313.20,0.8698,0.5671,0.213823,36,28,3,91.87,0.8191,0.1268,0.012122,4.247
473626,520,38,558,248,235,248,325.75,0.6370,0.9464,0.861508,10,124,113,183.95,0.9634,0.4529,0.156713,4.410
473636,520,348,868,235,63,230,329.31,0.9428,0.6295,0.269328,83,16,3,33.59,0.9555,0.1903,0.022165,4.425
473666,520,376,896,229,95,101,20.24,0.7782,0.6013,0.257846,39,39,18,108.57,0.4632,0.1635,0.019261,4.445
473680,520,473,993,174,40,243,309.80,0.9516,0.5247,0.169882,5,2,5,326.77,0.3882,0.0284,0.000866,4.323
473690,520,408,928,254,0,17,28.21,1.0000,0.5665,0.211152,25,23,57,282.75,0.5778,0.1253,0.011149,4.271
473693,520,400,920,220,88,125,5.76,0.7192,0.5823,0.236781,18,29,69,268.67,0.6880,0.1437,0.014369,4.455
473698,520,417,937,231,32,170,345.06,0.9444,0.5674,0.209270,6,17,80,266.89,0.9461,0.1232,0.010187,4.308
473706,520,480,1000,219,35,88,11.96,0.9212,0.5142,0.169693,0,0,0,0.00,0.0000,0.0000,0.000000,4.394
473724,520,304,824,222,113,227,325.71,0.8374,0.6681,0.328876,0,48,120,259.56,1.0000,0.2328,0.034697,4.473
473730,520,450,970,225,3,160,346.36,0.9945,0.5417,0.186134,18,13,12,31.24,0.1371,0.0701,0.004430,4.338
473736,520,478,998,221,21,72,16.56,0.9690,0.5075,0.163791,1,0,7,286.54,1.0000,0.0158,0.000218,4.257
473767,520,473,993,209,34,149,346.82,0.8869,0.5162,0.168715,6,0,24,292.42,1.0000,0.0345,0.001047,4.285
473775,520,356,876,243,6,242,328.58,0.9981,0.6245,0.255985,32,45,35,151.57,0.2744,0.1791,0.023052,4.189
473784,520,444,964,230,26,103,7.52,0.9547,0.5360,0.185440,14,19,14,145.02,0.2015,0.0814,0.005908,4.211
473786,520,471,991,200,53,152,344.18,0.8009,0.5156,0.170945,14,3,13,330.23,0.5734,0.0444,0.001876,4.259
473797,520,444,964,235,33,19,29.68,0.9818,0.5365,0.188001,11,6,56,276.82,0.9194,0.0811,0.004869,4.338
473798,520,409,929,212,75,176,339.70,0.7792,0.5726,0.221658,16,36,8,137.74,0.8695,0.1322,0.013894,4.252
473800,520,338,858,241,108,98,26.60,0.8579,0.6410,0.303106,25,51,60,222.57,0.4474,0.2031,0.029005,4.469
473802,520,341,861,241,14,247,326.99,0.9958,0.6259,0.257330,28,37,103,271.67,0.7932,0.2009,0.025492,4.071
473805,520,384,904,198,63,251,314.21,0.9757,0.5859,0.225271,48,26,34,356.77,0.3546,0.1471,0.014827,4.246
473815,520,479,999,217,1,116,359.57,0.9974,0.5060,0.160369,0,1,0,142.50,1.0000,0.0135,0.000217,4.189
473820,520,473,993,177,14,245,310.95,0.9890,0.5188,0.162548,1,5,0,136.39,1.0000,0.0307,0.001150,4.155
473862,520,475,995,214,52,98,9.49,0.8435,0.5201,0.176364,6,1,7,323.06,0.6585,0.0273,0.000758,4.460
473866,520,314,834,205,114,243,315.00,0.8850,0.6559,0.314860,18,62,2,139.14,0.9934,0.2205,0.035781,4.253
473907,520,367,887,233,39,225,330.18,0.9681,0.6063,0.242135,48,35,49,324.03,0.2649,0.1746,0.020522,4.142
473926,520,356,876,225,83,202,334.72,0.8403,0.6173,0.264605,38,46,21,123.66,0.5085,0.1838,0.024202,4.240
473930,520,451,971,230,16,138,354.89,0.9724,0.5446,0.190314,30,3,16,352.67,0.7314,0.0685,0.003786,4.468
473932,520,414,934,253,24,50,24.64,0.9915,0.5728,0.217700,39,20,24,6.38,0.3527,0.1168,0.009976,4.463
473936,520,449,969,242,13,30,27.11,0.9938,0.5441,0.192623,13,14,10,118.75,0.1434,0.0669,0.004216,4.475
473946,520,452,972,189,70,186,328.77,0.7671,0.5342,0.187457,6,2,54,273.02,0.9802,0.0682,0.003485,4.440
473955,520,471,991,229,22,11,29.49,0.9896,0.5181,0.172590,1,5,20,261.18,0.8053,0.0398,0.001655,4.309
473960,520,388,908,207,76,217,324.85,0.8519,0.5893,0.234457,5,34,69,255.35,0.8378,0.1502,0.016059,4.306
473971,520,441,961,239,30,39,26.68,0.9786,0.5448,0.194291,22,1,61,289.33,0.9769,0.0886,0.005292,4.418
473977,520,401,921,254,4,84,15.75,0.9977,0.5751,0.218016,56,21,12,35.52,0.6617,0.1441,0.014038,4.185
473984,520,406,926,236,52,145,355.46,0.8925,0.5785,0.223361,60,10,9,26.32,0.8506,0.1348,0.011976,4.411
473992,520,258,778,252,139,101,39.21,0.9409,0.7120,0.401032,9,75,32,149.46,0.9758,0.2667,0.051943,4.424
474001,520,463,983,230,31,71,18.54,0.9590,0.5308,0.182609,2,1,41,269.39,0.9886,0.0484,0.001947,4.478
474018,520,350,870,245,98,80,29.63,0.9206,0.6293,0.287301,57,42,10,82.98,0.7289,0.1934,0.025478,4.469
474033,520,319,839,238,60,255,324.10,1.0000,0.6484,0.286313,94,19,32,16.09,0.8024,0.2224,0.029501,4.230
474037,520,415,935,239,12,148,353.36,0.9853,0.5658,0.207549,44,0,67,309.51,1.0000,0.1240,0.009408,4.335
474046,520,330,850,228,109,157,356.58,0.7095,0.6383,0.298679,34,56,0,129.78,1.0000,0.2093,0.031684,4.269
474048,520,304,824,236,109,202,338.87,0.8404,0.6696,0.330368,65,47,65,326.42,0.2803,0.2339,0.035386,4.455
474062,520,444,964,216,16,180,338.18,0.9703,0.5382,0.182671,34,1,35,327.05,0.8811,0.0817,0.004832,4.243
474064,520,368,888,229,10,251,323.35,0.9966,0.6075,0.238424,33,27,85,281.89,0.7321,0.1662,0.017630,4.265
474072,520,444,964,219,70,45,32.07,0.8984,0.5392,0.196324,6,19,12,159.89,0.5260,0.0751,0.005310,4.454
474080,520,305,825,228,137,104,40.58,0.6764,0.6735,0.353869,17,66,1,139.60,0.9973,0.2339,0.040176,4.479
474086,520,423,943,234,59,56,26.72,0.9241,0.5576,0.209089,7,30,23,170.57,0.6694,0.1117,0.010355,4.293
474089,520,445,965,228,45,93,12.46,0.9076,0.5406,0.191639,12,0,65,276.80,1.0000,0.0824,0.004598,4.426
474101,520,406,926,220,55,198,334.22,0.8928,0.5779,0.220275,6,37,7,143.73,0.9591,0.1302,0.013771,4.238
474110,520,322,842,247,45,254,326.64,0.9969,0.6526,0.288095,41,30,114,280.79,0.8306,0.2094,0.026148,4.440
474120,520,399,919,205,110,34,53.69,0.8529,0.5770,0.242484,1,41,19,154.32,0.9888,0.1438,0.016393,4.405
474122,520,439,959,244,0,90,12.76,1.0000,0.5546,0.199747,2,18,45,257.86,0.8649,0.0876,0.006349,4.432
474145,520,396,916,177,89,237,308.82,0.8595,0.5766,0.226070,3,39,10,146.89,0.9781,0.1360,0.014922,4.252
474163,520,458,978,209,40,175,338.18,0.8866,0.5337,0.181701,20,8,10,8.58,0.3493,0.0617,0.003443,4.335
474167,520,437,957,214,73,105,10.52,0.7629,0.5453,0.200835,2,25,4,145.31,0.9728,0.0882,0.007169,4.388
474171,520,460,980,204,69,133,354.75,0.7395,0.5318,0.187891,22,2,27,319.92,0.7914,0.0598,0.002931,4.494
474174,520,433,953,204,49,207,327.25,0.8974,0.5513,0.195408,32,14,37,318.61,0.5326,0.1010,0.007548,4.264
474201,520,449,969,214,41,164,343.13,0.8821,0.5377,0.185646,22,2,43,301.57,0.8929,0.0721,0.003884,4.373
474206,520,454,974,233,20,78,15.90,0.9772,0.5336,0.183771,18,12,19,321.53,0.2445,0.0705,0.004386,4.298
474213,520,279,799,228,119,242,322.94,0.9159,0.6941,0.361002,22,69,21,142.95,0.9407,0.2483,0.044808,4.335
474218,520,392,912,184,86,242,310.38,0.8979,0.5855,0.232576,50,26,41,342.63,0.4040,0.1532,0.015771,4.296
474241,520,433,953,147,100,225,298.12,0.7591,0.5485,0.207538,44,5,27,350.00,0.7510,0.1015,0.007232,4.500
474242,520,439,959,210,16,217,326.54,0.9828,0.5514,0.190839,33,10,26,340.44,0.5479,0.0898,0.006150,4.289
474248,520,361,881,242,38,226,332.06,0.9755,0.6221,0.257573,55,39,20,69.97,0.4741,0.1844,0.023138,4.205
474268,520,406,926,240,37,144,355.68,0.9394,0.5757,0.218651,44,13,59,312.59,0.7309,0.1327,0.011391,4.376
474286,520,411,931,223,54,176,341.85,0.8730,0.5702,0.214633,13,24,64,268.03,0.7548,0.1244,0.011089,4.332
474288,520,433,953,196,13,244,316.51,0.9912,0.5478,0.185567,17,24,21,167.18,0.1808,0.0997,0.008266,4.043
474292,520,464,984,221,45,65,21.29,0.9210,0.5205,0.176333,21,3,15,340.99,0.6552,0.0542,0.002591,4.304
474294,520,478,998,181,37,212,319.37,0.9193,0.5079,0.159016,6,1,0,47.34,1.0000,0.0238,0.000604,4.130
474309,520,370,890,200,97,220,320.88,0.7914,0.6086,0.259974,58,30,23,34.91,0.4591,0.1682,0.018901,4.499
474311,520,478,998,226,12,44,24.09,0.9907,0.5107,0.166165,5,0,3,340.52,1.0000,0.0201,0.000388,4.290
474326,520,436,956,205,55,197,330.36,0.8638,0.5516,0.197446,26,12,30,318.47,0.4809,0.0853,0.005763,4.437
474342,520,401,921,244,17,149,354.14,0.9816,0.5774,0.218072,14,37,28,165.94,0.5608,0.1390,0.015003,4.124
474352,520,319,839,248,69,212,337.40,0.9585,0.6462,0.289691,54,30,109,291.24,0.7694,0.2179,0.028169,4.346
474354,520,430,950,238,43,2,31.98,0.9981,0.5485,0.199125,12,5,73,273.70,0.9703,0.1001,0.006677,4.396
474372,520,343,863,251,43,201,340.68,0.9756,0.6264,0.264573,40,47,20,121.25,0.5397,0.1887,0.025346,4.175
474388,520,345,865,243,69,200,339.72,0.9228,0.6313,0.274839,19,50,52,201.03,0.5474,0.1928,0.026675,4.237
474397,520,419,939,195,78,202,325.42,0.7857,0.5636,0.213166,24,22,33,292.74,0.2430,0.1061,0.008778,4.477
474400,520,431,951,201,56,205,326.85,0.8698,0.5509,0.196553,28,14,47,300.39,0.6318,0.1027,0.007662,4.276
474410,520,416,936,246,14,107,8.07,0.9872,0.5661,0.209719,2,6,94,265.27,0.9911,0.1241,0.009512,4.364
474415,520,436,956,236,45,62,23.04,0.9464,0.5506,0.200606,32,15,1,63.25,0.8561,0.0898,0.006510,4.435
474430,520,446,966,229,39,80,16.38,0.9351,0.5354,0.186912,1,9,53,264.46,0.9532,0.0760,0.004588,4.340
474431,520,407,927,252,3,84,15.51,0.9981,0.5707,0.214044,45,21,37,340.94,0.4470,0.1334,0.012279,4.240
474438,520,405,925,246,56,80,20.02,0.9453,0.5825,0.230038,2,37,29,174.11,0.9401,0.1338,0.014247,4.359
474444,520,352,872,236,102,45,41.27,0.9076,0.6154,0.275279,42,42,66,283.45,0.3325,0.1947,0.025415,4.313
474446,520,480,1000,221,31,27,28.48,0.9718,0.5062,0.164340,0,0,0,0.00,0.0000,0.0000,0.000000,4.287
474451,520,454,974,225,0,147,350.52,1.0000,0.5349,0.181168,18,5,42,294.08,0.8006,0.0720,0.004043,4.277
474463,520,440,960,233,32,112,5.22,0.9418,0.5478,0.195295,5,10,59,268.70,0.9358,0.0869,0.005651,4.408
474494,520,387,907,231,13,223,330.25,0.9922,0.5918,0.226070,59,6,53,333.37,0.8013,0.1461,0.013172,4.370
474500,520,456,976,170,81,202,316.14,0.7408,0.5306,0.186960,11,3,43,283.90,0.9016,0.0624,0.003107,4.462
474522,520,362,882,246,54,168,349.85,0.9289,0.6084,0.250615,73,3,64,334.68,0.8833,0.1781,0.018520,4.387
474534,520,405,925,243,19,151,353.35,0.9783,0.5768,0.217580,42,3,77,300.84,0.9425,0.1347,0.010932,4.391
474556,520,350,870,240,43,243,327.51,0.9774,0.6323,0.267267,11,42,91,259.53,0.8384,0.1928,0.024823,4.240
474566,520,465,985,206,68,101,9.97,0.7574,0.5231,0.181978,19,5,11,352.17,0.4822,0.0544,0.002712,4.401
474567,520,452,972,229,23,88,12.36,0.9655,0.5287,0.179783,0,19,2,146.04,1.0000,0.0681,0.004701,4.201
474570,520,464,984,157,96,167,321.79,0.5293,0.5162,0.183245,8,8,0,109.77,1.0000,0.0459,0.002253,4.464
474579,520,440,960,205,14,233,321.38,0.9889,0.5541,0.191781,37,2,42,322.63,0.8551,0.0933,0.006040,4.314
474583,520,200,720,245,175,13,79.29,0.9873,0.7668,0.501037,8,90,10,142.87,0.9926,0.3158,0.073856,4.449
474609,520,450,970,240,23,45,25.07,0.9847,0.5444,0.193309,3,16,28,245.10,0.6562,0.0717,0.004738,4.445
474620,520,441,961,227,32,122,0.55,0.9285,0.5390,0.187719,1,10,61,264.54,0.9617,0.0864,0.005604,4.275
474632,520,442,962,233,39,46,26.06,0.9614,0.5381,0.189750,24,13,6,55.08,0.4306,0.0756,0.004952,4.363
474634,520,413,933,243,56,16,32.74,0.9857,0.5696,0.219238,10,32,26,173.23,0.5777,0.1205,0.011721,4.362
474643,520,397,917,250,45,39,28.33,0.9802,0.5766,0.223509,37,34,2,104.27,0.9030,0.1443,0.015418,4.181
474653,520,430,950,242,13,82,15.34,0.9891,0.5513,0.197777,8,10,66,270.75,0.9399,0.0966,0.006620,4.376
474661,520,358,878,252,40,198,341.68,0.9810,0.6250,0.262935,28,48,9,132.62,0.8793,0.1796,0.023805,4.240
474678,520,470,990,202,78,39,37.33,0.8625,0.5176,0.181539,3,6,1,130.56,0.7107,0.0362,0.001518,4.494
474685,520,441,961,204,60,177,336.50,0.8123,0.5428,0.192453,37,7,7,23.68,0.7151,0.0851,0.005607,4.360
474695,520,449,969,224,31,137,354.49,0.9248,0.5383,0.186361,9,17,8,141.55,0.4221,0.0708,0.004765,4.316
474699,520,422,942,206,100,17,50.48,0.9360,0.5592,0.222786,14,31,2,133.78,0.9549,0.1139,0.010777,4.488
474708,520,434,954,155,96,224,302.40,0.7667,0.5502,0.207165,38,15,20,7.30,0.4589,0.1039,0.008043,4.431
474733,520,415,935,201,65,220,322.52,0.8770,0.5698,0.213670,34,2,76,293.94,0.9656,0.1215,0.009053,4.465
474736,520,477,997,215,56,18,33.69,0.9691,0.5133,0.173216,1,0,9,282.67,1.0000,0.0172,0.000262,4.441
474741,520,461,981,195,53,192,328.93,0.8453,0.5297,0.179557,4,9,10,208.18,0.2765,0.0479,0.002431,4.378
474749,520,375,895,249,3,190,342.84,0.9981,0.6035,0.239259,15,43,39,183.03,0.5748,0.1628,0.019757,4.147
474786,520,425,945,251,21,0,30.02,1.0000,0.5645,0.210493,29,23,4,92.79,0.6991,0.1050,0.008828,4.428
474787,520,383,903,248,46,140,359.10,0.9419,0.5952,0.238073,20,29,71,270.57,0.6859,0.1468,0.014823,4.444
474796,520,270,790,211,131,250,313.72,0.9343,0.6962,0.369847,38,70,31,140.07,0.7440,0.2620,0.048912,4.245
474844,520,462,982,202,40,190,331.62,0.8949,0.5302,0.177937,17,4,16,329.95,0.5636,0.0516,0.002434,4.347
474848,520,469,989,215,11,154,346.04,0.9732,0.5208,0.170219,4,8,5,153.48,0.3073,0.0438,0.002104,4.227
474850,520,255,775,249,145,79,51.06,0.9108,0.7154,0.409578,7,77,22,145.73,0.9879,0.2716,0.054106,4.415
474855,520,363,883,227,60,218,330.42,0.9225,0.6062,0.246269,63,29,23,31.26,0.5240,0.1745,0.019975,4.234
474870,520,426,946,242,30,99,10.88,0.9627,0.5614,0.207100,0,27,48,244.64,1.0000,0.1122,0.009972,4.287
474872,520,457,977,211,58,135,354.25,0.8005,0.5330,0.186265,15,10,8,44.35,0.1749,0.0594,0.003362,4.428
474914,520,315,835,221,123,178,346.42,0.6460,0.6596,0.327543,16,59,53,182.31,0.7285,0.2209,0.034950,4.444
474931,520,453,973,233,2,65,18.98,0.9982,0.5265,0.177518,18,6,31,303.62,0.6643,0.0654,0.003578,4.247
474932,520,385,905,245,4,174,346.53,0.9966,0.5879,0.225585,56,4,63,322.55,0.8611,0.1457,0.012866,4.384
474935,520,439,959,241,20,97,10.83,0.9782,0.5548,0.200675,0,18,48,256.81,0.9999,0.0888,0.006460,4.440
474956,520,426,946,225,10,191,337.18,0.9877,0.5601,0.199887,20,14,65,280.49,0.8178,0.1104,0.008444,4.276
474965,520,324,844,249,108,33,43.73,0.9597,0.6463,0.309779,0,60,7,144.24,1.0000,0.2083,0.032469,4.363
474979,520,388,908,218,59,225,326.19,0.9217,0.5949,0.234716,31,38,20,125.95,0.4129,0.1527,0.017280,4.232
474986,520,436,956,216,52,171,341.64,0.8569,0.5534,0.199974,31,7,37,319.15,0.6950,0.0882,0.005769,4.482
474995,520,444,964,215,55,149,349.43,0.8261,0.5435,0.193517,16,18,17,164.58,0.0559,0.0815,0.005832,4.362
475028,520,403,923,250,35,111,8.39,0.9635,0.5833,0.226773,8,29,54,254.46,0.6915,0.1261,0.011966,4.467
475032,520,357,877,206,109,199,329.93,0.6862,0.6241,0.281841,10,49,40,174.33,0.7961,0.1807,0.024143,4.476
475042,520,460,980,192,17,228,319.01,0.9815,0.5292,0.172102,1,7,35,263.62,0.9271,0.0552,0.002797,4.207
475047,520,334,854,243,82,183,345.84,0.8939,0.6365,0.285110,19,52,46,179.78,0.5963,0.1966,0.027916,4.301
475091,520,466,986,155,92,184,314.22,0.6131,0.5161,0.180841,12,7,12,326.33,0.2457,0.0513,0.002567,4.391
475100,520,344,864,237,83,193,340.96,0.8696,0.6323,0.280439,14,46,73,247.44,0.6887,0.1906,0.025283,4.389
475111,520,449,969,240,21,45,24.95,0.9865,0.5437,0.192544,13,6,44,284.16,0.8191,0.0708,0.003977,4.494
475113,520,444,964,189,4,250,313.40,0.9975,0.5398,0.178090,37,5,12,10.27,0.7265,0.0830,0.005285,4.126
475122,520,477,997,207,52,111,2.78,0.8141,0.5105,0.168713,1,1,13,274.04,0.8863,0.0237,0.000572,4.325
475133,520,458,978,221,52,73,19.79,0.8937,0.5279,0.183118,22,0,36,309.82,1.0000,0.0623,0.002980,4.400
475137,520,399,919,242,69,41,31.91,0.9458,0.5820,0.232968,8,30,66,259.77,0.7877,0.1384,0.013734,4.440
475165,520,239,759,253,112,253,327.57,0.9922,0.7257,0.395654,89,52,63,0.90,0.3626,0.2790,0.049390,4.484
475178,520,350,870,226,78,238,324.69,0.9282,0.6346,0.277926,74,29,19,33.95,0.6674,0.1936,0.023818,4.442
475198,520,448,968,207,71,129,357.63,0.7393,0.5381,0.193589,5,20,23,211.42,0.5297,0.0811,0.005944,4.354
475208,520,427,947,242,49,0,32.77,1.0000,0.5612,0.210772,34,19,6,61.18,0.5792,0.1025,0.008190,4.481
475219,520,317,837,236,78,246,325.38,0.9640,0.6553,0.299378,13,30,141,266.43,0.9667,0.2247,0.029370,4.402
475232,520,450,970,183,69,211,319.06,0.8218,0.5400,0.190278,17,6,34,298.34,0.7001,0.0664,0.003649,4.479
475237,520,477,997,219,27,75,15.80,0.9526,0.5066,0.163546,0,0,18,264.05,1.0000,0.0220,0.000437,4.234
475239,520,455,975,150,73,249,298.54,0.9519,0.5297,0.180889,12,7,35,286.61,0.6995,0.0643,0.003515,4.315
475261,520,359,879,243,97,49,37.85,0.9218,0.6204,0.278289,0,51,5,144.20,1.0000,0.1761,0.023785,4.449
475280,520,336,856,235,77,222,331.40,0.9126,0.6380,0.282463,70,31,40,6.85,0.4903,0.1958,0.024354,4.471
475314,520,401,921,233,49,159,349.73,0.8982,0.5765,0.220263,48,23,26,12.88,0.4122,0.1378,0.013158,4.279
475317,520,294,814,241,137,27,59.06,0.9588,0.6838,0.366739,4,69,25,148.26,0.9893,0.2434,0.043521,4.456
475347,520,198,718,225,181,122,74.03,0.5843,0.7665,0.504618,10,88,78,181.36,0.9320,0.3243,0.075937,4.404
475351,520,466,986,147,86,216,302.42,0.7613,0.5177,0.178168,0,11,2,149.68,1.0000,0.0463,0.002437,4.351
475352,520,427,947,250,3,17,28.27,0.9989,0.5585,0.204333,31,17,36,316.81,0.4423,0.1048,0.008196,4.370
475360,520,188,708,239,171,226,333.45,0.8126,0.7931,0.529690,15,94,37,147.61,0.9768,0.3339,0.082402,4.378
475363,520,55,575,221,236,255,254.32,1.0000,0.9274,0.825825,28,123,35,143.87,0.9761,0.4336,0.145336,4.484
475370,520,479,999,188,72,131,351.79,0.6781,0.5068,0.169664,2,0,1,344.76,1.0000,0.0130,0.000151,4.380
475373,520,353,873,230,70,213,332.60,0.9016,0.6174,0.260098,44,38,58,297.79,0.2983,0.1819,0.022272,4.291
475378,520,476,996,204,71,51,31.26,0.8440,0.5128,0.175850,3,2,1,74.90,0.3058,0.0238,0.000650,4.459
475391,520,352,872,248,86,73,28.22,0.9515,0.6172,0.270964,6,47,65,232.53,0.8202,0.1855,0.024533,4.306
475410,520,408,928,237,61,53,27.86,0.9282,0.5651,0.216022,5,38,12,147.46,0.9550,0.1339,0.014450,4.128
475417,520,423,943,216,58,174,340.83,0.8413,0.5602,0.206833,47,13,8,30.89,0.7164,0.1130,0.009098,4.346
475418,520,431,951,232,12,132,357.23,0.9811,0.5452,0.190877,13,14,56,275.21,0.8035,0.0959,0.006851,4.237
475427,520,283,803,253,111,189,348.72,0.9682,0.6930,0.359286,22,65,77,219.45,0.6472,0.2538,0.044868,4.314
475431,520,464,984,219,27,118,0.15,0.9301,0.5190,0.171545,19,6,1,53.71,0.7448,0.0534,0.002709,4.203
475437,520,355,875,243,26,226,332.29,0.9865,0.6188,0.252873,40,16,104,285.55,0.8960,0.1766,0.018211,4.440
475441,520,464,984,196,12,211,324.34,0.9825,0.5215,0.167035,0,10,21,241.81,1.0000,0.0513,0.002712,4.117
475454,520,467,987,226,0,110,3.41,1.0000,0.5224,0.172974,1,3,29,267.02,0.9414,0.0410,0.001603,4.321
475456,520,303,823,246,121,107,28.11,0.8839,0.6722,0.343320,7,64,14,144.44,0.9843,0.2251,0.037435,4.498
475463,520,362,882,225,107,58,41.80,0.8259,0.6063,0.268309,40,43,28,117.33,0.2883,0.1786,0.022627,4.383
475471,520,435,955,203,39,222,323.18,0.9425,0.5531,0.194232,37,2,33,333.10,0.8195,0.0872,0.005466,4.403
475474,520,323,843,247,46,252,327.07,0.9908,0.6518,0.287592,74,9,99,313.48,0.8846,0.2131,0.025522,4.470
475478,520,403,923,184,98,201,320.81,0.6864,0.5761,0.231438,21,34,29,168.72,0.2853,0.1347,0.013922,4.403
475497,520,409,929,207,60,213,326.30,0.8835,0.5698,0.213030,47,15,39,338.19,0.5962,0.1271,0.010925,4.317
475512,520,75,595,252,218,246,331.93,0.9568,0.9124,0.774930,53,116,40,140.39,0.9166,0.4208,0.134004,4.483
475518,520,441,961,226,30,132,356.64,0.9315,0.5397,0.187660,13,19,32,264.85,0.3656,0.0884,0.006556,4.202
475529,520,403,923,191,74,241,313.77,0.9139,0.5795,0.223259,44,26,9,62.22,0.5928,0.1340,0.012940,4.342
475542,520,443,963,234,35,87,14.22,0.9473,0.5447,0.193857,0,22,25,206.15,1.0000,0.0843,0.006440,4.321
475553,520,462,982,168,54,246,306.62,0.9498,0.5298,0.176177,5,9,7,165.22,0.2233,0.0478,0.002430,4.314
475558,520,376,896,226,45,231,326.94,0.9593,0.6018,0.238173,1,45,30,164.76,0.9843,0.1605,0.019769,4.130
475559,520,314,834,232,94,226,329.40,0.8907,0.6554,0.306544,51,42,88,290.14,0.5267,0.2195,0.030643,4.421
475563,520,413,933,237,63,44,30.22,0.9368,0.5662,0.217445,2,14,84,265.03,0.9708,0.1211,0.009670,4.482
475566,520,416,936,177,79,243,308.40,0.9102,0.5675,0.214109,12,15,79,270.87,0.9322,0.1218,0.009843,4.413
475572,520,450,970,171,76,220,311.98,0.8153,0.5377,0.189949,9,13,36,272.86,0.6035,0.0743,0.004733,4.384
475578,520,425,945,227,67,108,9.89,0.8282,0.5631,0.214306,1,31,3,144.31,0.9923,0.1068,0.009930,4.410
475602,520,276,796,234,121,234,327.31,0.8882,0.7011,0.371097,18,69,42,156.14,0.8771,0.2511,0.045518,4.409
475621,520,377,897,241,70,142,359.29,0.8730,0.6031,0.250371,9,37,74,256.84,0.7861,0.1641,0.018755,4.369
475636,520,466,986,211,62,92,13.37,0.8062,0.5229,0.180691,20,3,6,7.88,0.6291,0.0496,0.002270,4.413
475639,520,459,979,198,12,224,321.66,0.9873,0.5348,0.176521,13,11,22,291.87,0.3293,0.0649,0.003828,4.208
475640,520,297,817,241,109,207,338.49,0.8843,0.6796,0.341455,49,51,94,279.66,0.4785,0.2433,0.038287,4.434
475655,520,442,962,235,9,100,8.59,0.9889,0.5401,0.187808,18,19,10,113.29,0.2958,0.0839,0.006163,4.234
475668,520,231,751,234,153,190,350.95,0.6589,0.7376,0.439944,37,77,58,161.48,0.5693,0.2910,0.060064,4.451
475671,520,38,558,249,240,216,89.85,0.6454,0.9486,0.874182,14,129,32,144.35,0.9922,0.4505,0.158975,4.422
475683,520,462,982,168,81,198,316.56,0.7265,0.5250,0.182877,14,0,29,304.42,1.0000,0.0468,0.001821,4.494
475695,520,342,862,245,7,250,327.25,0.9982,0.6337,0.264694,12,20,126,267.25,0.9762,0.1897,0.020847,4.442
475698,520,448,968,194,77,169,336.85,0.7158,0.5418,0.196432,6,18,21,214.84,0.4232,0.0756,0.005255,4.460
475732,520,416,936,231,49,149,352.76,0.8886,0.5683,0.213583,49,16,0,47.57,1.0000,0.1202,0.010237,4.376
475751,520,424,944,228,68,77,22.04,0.8666,0.5588,0.211668,48,3,42,334.31,0.8218,0.1144,0.008608,4.465
475765,520,346,866,253,21,217,336.72,0.9911,0.6297,0.264320,72,32,3,51.64,0.8802,0.1936,0.024175,4.238
475772,520,450,970,239,31,32,27.90,0.9789,0.5447,0.194383,34,4,4,24.97,0.8175,0.0737,0.004357,4.496
475773,520,348,868,253,5,228,334.01,0.9984,0.6330,0.265959,87,5,23,17.05,0.9352,0.1922,0.021970,4.390
475776,520,471,991,218,52,67,21.59,0.8951,0.5208,0.177692,2,3,25,271.34,0.8800,0.0390,0.001482,4.423
475786,520,393,913,218,7,255,319.86,1.0000,0.5916,0.222793,9,38,13,146.06,0.9106,0.1359,0.014733,4.214
475798,520,479,999,188,81,101,10.95,0.6300,0.5094,0.175174,0,0,8,264.05,1.0000,0.0143,0.000175,4.488
475814,520,471,991,186,35,214,320.41,0.9305,0.5164,0.164976,12,3,4,10.85,0.4583,0.0387,0.001521,4.173
475848,520,183,703,243,174,191,2.86,0.6886,0.7909,0.530901,42,92,16,137.42,0.9647,0.3347,0.081837,4.406
475855,520,465,985,196,77,100,11.38,0.6827,0.5170,0.179654,21,3,7,4.92,0.6411,0.0514,0.002399,4.383
475856,520,479,999,211,36,124,356.74,0.8797,0.5103,0.165682,0,1,0,142.50,1.0000,0.0135,0.000217,4.295
475864,520,455,975,233,23,0,30.29,1.0000,0.5267,0.179396,17,0,35,302.90,1.0000,0.0551,0.002405,4.377
475865,520,399,919,228,37,198,336.10,0.9476,0.5797,0.218969,2,40,6,144.85,0.9892,0.1384,0.015436,4.110
475874,520,471,991,229,35,1,31.34,0.9989,0.5244,0.178653,3,0,33,275.27,1.0000,0.0390,0.001292,4.458
475895,520,367,887,220,71,226,326.29,0.9040,0.6101,0.252151,20,11,119,271.09,0.9817,0.1737,0.017199,4.496
475909,520,382,902,221,44,236,324.48,0.9610,0.5963,0.232317,11,44,21,150.42,0.8771,0.1585,0.019266,4.076
475931,520,407,927,198,96,148,350.16,0.6038,0.5669,0.225112,34,17,70,292.57,0.7510,0.1348,0.011832,4.449
475950,520,471,991,214,23,158,344.67,0.9393,0.5248,0.173799,10,0,27,298.95,1.0000,0.0410,0.001437,4.351
475953,520,478,998,102,94,240,279.80,0.8939,0.5051,0.171210,7,0,1,9.43,1.0000,0.0219,0.000474,4.383
475975,520,435,955,217,43,178,339.38,0.8953,0.5520,0.196961,31,13,13,20.45,0.4177,0.0871,0.006083,4.404
476001,520,390,910,243,30,172,347.07,0.9646,0.5903,0.229649,32,28,68,284.54,0.5854,0.1521,0.015549,4.266
476003,520,411,931,227,74,100,14.58,0.8148,0.5690,0.221512,12,19,75,270.04,0.8944,0.1242,0.010518,4.486
476005,520,421,941,245,19,63,21.08,0.9873,0.5559,0.202406,16,22,56,272.21,0.6530,0.1147,0.009695,4.228
476019,520,303,823,249,115,98,29.23,0.9306,0.6654,0.332861,61,52,38,78.59,0.2510,0.2311,0.035881,4.458
476026,520,467,987,220,9,136,353.28,0.9793,0.5219,0.171912,19,1,0,34.03,1.0000,0.0411,0.001602,4.300
476042,520,362,882,177,129,172,330.05,0.3845,0.6103,0.280269,0,53,14,147.25,1.0000,0.1843,0.025778,4.358
476047,520,419,939,224,28,191,337.04,0.9569,0.5639,0.204419,0,31,31,194.77,1.0000,0.1143,0.010788,4.185
476048,520,464,984,165,90,174,323.17,0.6033,0.5203,0.183685,4,8,9,211.36,0.2362,0.0452,0.002192,4.477
476051,520,321,841,249,94,154,359.53,0.9082,0.6497,0.304813,20,52,65,227.48,0.5748,0.2062,0.029862,4.443
476060,520,446,966,218,75,31,36.50,0.9281,0.5425,0.200390,9,21,5,137.31,0.7324,0.0810,0.006054,4.467
476064,520,455,975,229,31,67,19.65,0.9601,0.5280,0.180462,9,6,41,279.51,0.8269,0.0649,0.003484,4.309
476078,520,435,955,208,72,158,345.35,0.7561,0.5533,0.205152,11,25,2,133.49,0.9313,0.0934,0.007708,4.421
476083,520,444,964,223,50,121,1.62,0.8620,0.5431,0.193523,29,10,11,17.78,0.4696,0.0781,0.005025,4.426
476106,520,464,984,181,34,233,314.34,0.9539,0.5230,0.168521,13,6,20,306.73,0.4905,0.0535,0.002663,4.149
476110,520,381,901,246,33,184,344.22,0.9670,0.6032,0.241444,73,6,23,13.33,0.8771,0.1616,0.016088,4.410
476114,520,441,961,235,2,107,6.04,0.9973,0.5406,0.187702,38,7,2,35.60,0.8586,0.0857,0.005685,4.269
476115,520,408,928,247,13,107,8.19,0.9886,0.5679,0.211270,1,34,46,226.55,0.9389,0.1319,0.013477,4.116
476121,520,334,854,209,103,236,319.09,0.8689,0.6400,0.293134,6,55,44,173.49,0.9114,0.2009,0.029528,4.315
476122,520,457,977,188,79,166,336.09,0.6876,0.5333,0.190379,1,17,2,144.92,0.9780,0.0631,0.004117,4.442
476125,520,392,912,230,31,208,333.83,0.9670,0.5864,0.223596,20,17,97,273.18,0.9384,0.1516,0.014126,4.267
476132,520,179,699,222,177,234,319.07,0.6761,0.7894,0.529152,52,87,61,151.37,0.4873,0.3327,0.078832,4.495
476136,520,349,869,234,59,244,325.66,0.9611,0.6337,0.271544,90,1,8,25.42,0.9933,0.1934,0.022133,4.458
476143,520,424,944,148,101,230,297.39,0.7823,0.5551,0.213166,40,13,35,334.99,0.5777,0.1102,0.008604,4.491
476158,520,368,888,222,58,235,324.76,0.9412,0.6073,0.245559,67,19,41,355.16,0.6496,0.1703,0.018193,4.334
476159,520,457,977,219,33,127,357.15,0.9082,0.5255,0.176826,19,3,32,307.14,0.7872,0.0614,0.003079,4.273
476179,520,371,891,229,106,30,46.65,0.9302,0.6089,0.270624,32,45,7,126.46,0.8479,0.1730,0.021992,4.454
476184,520,475,995,218,31,118,0.19,0.9148,0.5190,0.171960,14,0,2,9.92,1.0000,0.0319,0.000978,4.354
476192,520,434,954,164,83,235,305.21,0.8555,0.5494,0.200777,46,4,14,11.18,0.8153,0.0992,0.006995,4.400
476209,520,437,957,189,34,253,312.27,0.9901,0.5525,0.190559,23,20,4,99.73,0.6386,0.0903,0.006912,4.227
476217,520,432,952,217,35,178,339.24,0.9197,0.5470,0.191704,7,25,25,195.38,0.5248,0.0974,0.008106,4.160
476223,520,380,900,205,111,131,7.37,0.5515,0.5974,0.259884,21,44,11,137.42,0.8722,0.1619,0.019849,4.436
476226,520,467,987,169,84,187,320.37,0.6807,0.5239,0.183644,2,8,9,205.24,0.4783,0.0433,0.002063,4.488
476239,520,433,953,224,33,158,347.33,0.9243,0.5487,0.194062,21,13,55,285.80,0.7426,0.1000,0.007231,4.265
476256,520,374,894,253,47,121,6.44,0.9817,0.5994,0.242997,70,14,24,14.93,0.7650,0.1637,0.016823,4.385
476274,520,374,894,225,18,254,321.71,0.9963,0.6048,0.235981,62,0,66,325.42,1.0000,0.1551,0.014176,4.456
476293,520,372,892,203,81,242,316.87,0.9200,0.6059,0.249936,3,49,7,144.18,0.9895,0.1703,0.022312,4.148
476296,520,477,997,110,90,242,283.10,0.9024,0.5065,0.170377,0,0,17,264.05,1.0000,0.0212,0.000405,4.372
476297,520,463,983,228,30,102,7.82,0.9423,0.5336,0.183847,14,6,10,346.42,0.3111,0.0504,0.002455,4.458
476310,520,257,777,231,130,221,330.80,0.8284,0.7050,0.381765,31,71,67,186.78,0.5411,0.2720,0.052028,4.232
476326,520,364,884,251,61,121,7.58,0.9601,0.6064,0.252307,48,16,92,296.25,0.8363,0.1730,0.017717,4.464
476345,520,296,816,219,127,213,329.42,0.7285,0.6797,0.350445,21,63,60,188.71,0.6503,0.2388,0.040405,4.429
476358,520,100,620,237,212,238,324.77,0.5670,0.8815,0.712651,62,107,68,147.36,0.5823,0.4030,0.119566,4.498
476370,520,334,854,231,101,170,349.75,0.7649,0.6359,0.292010,70,35,40,11.63,0.4311,0.2038,0.026575,4.466
476374,520,378,898,235,5,220,331.93,0.9971,0.5955,0.229407,70,5,43,351.06,0.8301,0.1615,0.015853,4.243
476377,520,419,939,232,56,106,9.64,0.8781,0.5611,0.210277,40,4,53,315.15,0.8417,0.1099,0.007950,4.491
476411,520,346,866,255,68,154,357.39,1.0000,0.6312,0.277308,12,53,34,159.35,0.8545,0.1927,0.027398,4.229
476424,520,341,861,251,17,221,335.28,0.9933,0.6274,0.261338,38,1,137,277.95,0.9978,0.2044,0.022398,4.300
476467,520,362,882,253,36,175,348.44,0.9844,0.6135,0.252430,77,18,9,31.56,0.8708,0.1807,0.020304,4.302
476470,520,465,985,216,42,114,2.19,0.8729,0.5207,0.174722,12,6,7,5.98,0.2297,0.0473,0.002238,4.302
476503,520,420,940,247,28,52,24.26,0.9817,0.5621,0.208562,30,21,39,306.52,0.3781,0.1138,0.009588,4.339
476549,520,367,887,241,16,228,331.36,0.9929,0.6136,0.246756,64,26,37,3.56,0.5185,0.1747,0.019625,4.262
476557,520,386,906,254,21,123,4.40,0.9921,0.5892,0.230409,6,31,79,261.52,0.8930,0.1519,0.015831,4.260
476561,520,416,936,214,76,153,349.45,0.7536,0.5663,0.217671,48,7,43,333.35,0.7513,0.1203,0.009548,4.495
476565,520,378,898,218,47,239,322.95,0.9575,0.5954,0.231724,57,25,22,26.74,0.5136,0.1558,0.016232,4.254
476601,520,418,938,242,42,81,17.64,0.9487,0.5641,0.211306,30,10,72,289.77,0.8563,0.1221,0.009610,4.384
476605,520,319,839,226,85,251,321.28,0.9784,0.6508,0.296327,50,41,94,287.97,0.5842,0.2209,0.030721,4.290
476615,520,413,933,237,62,90,17.00,0.8911,0.5724,0.221910,17,26,55,268.55,0.5765,0.1242,0.011338,4.433
476624,520,373,893,205,75,234,319.74,0.8951,0.5963,0.239533,22,38,61,257.47,0.4796,0.1637,0.018937,4.200
476652,520,417,937,245,18,108,7.74,0.9819,0.5654,0.209312,28,14,63,290.36,0.7621,0.1164,0.009198,4.380
476670,520,430,950,246,11,38,25.93,0.9949,0.5529,0.199757,31,15,40,312.16,0.5382,0.1034,0.007862,4.316
476688,520,376,896,181,97,240,308.74,0.8632,0.5959,0.246652,4,42,56,227.75,0.8482,0.1638,0.019672,4.258
476702,520,452,972,152,85,228,301.96,0.8156,0.5316,0.187742,13,14,6,113.75,0.3405,0.0659,0.004128,4.392
476712,520,445,965,214,67,116,4.33,0.7786,0.5413,0.195737,12,7,55,277.81,0.8949,0.0825,0.005059,4.463
476713,520,359,879,225,52,249,322.35,0.9757,0.6173,0.253052,40,33,78,287.29,0.5813,0.1796,0.020889,4.275
476756,520,422,942,242,44,16,31.08,0.9864,0.5580,0.207194,42,10,44,325.34,0.6936,0.1144,0.008912,4.366
476760,520,462,982,218,33,148,349.33,0.9086,0.5325,0.181337,9,0,39,285.59,1.0000,0.0506,0.002046,4.445
476764,520,422,942,208,87,128,1.61,0.6734,0.5614,0.217868,21,22,49,279.45,0.5172,0.1132,0.009550,4.498
476774,520,476,996,173,17,239,311.02,0.9836,0.5081,0.155181,0,3,0,142.50,1.0000,0.0226,0.000651,4.051
476778,520,422,942,204,30,237,320.01,0.9719,0.5612,0.198820,41,14,35,336.58,0.5618,0.1134,0.009069,4.212
476791,520,406,926,250,26,106,9.46,0.9753,0.5779,0.221070,19,31,31,196.03,0.2505,0.1251,0.012173,4.360
476798,520,356,876,253,82,63,29.86,0.9869,0.6201,0.272796,48,41,0,99.33,1.0000,0.1774,0.022143,4.474
476874,520,421,941,208,61,198,330.91,0.8531,0.5629,0.208265,35,21,10,58.32,0.4595,0.1093,0.009156,4.366
476875,520,392,912,253,44,72,21.24,0.9885,0.5861,0.231556,41,33,25,66.80,0.2188,0.1510,0.016293,4.247
476877,520,374,894,244,65,136,1.50,0.8994,0.6016,0.247944,12,41,56,234.49,0.6434,0.1638,0.019495,4.287
476882,520,387,907,201,62,254,314.47,0.9938,0.5918,0.230199,47,28,31,9.12,0.2967,0.1489,0.015338,4.288
476889,520,394,914,180,96,240,308.48,0.8643,0.5931,0.243611,0,41,17,152.85,1.0000,0.1429,0.016263,4.431
476912,520,344,864,235,88,175,347.26,0.8251,0.6267,0.277394,35,46,36,147.37,0.2404,0.1850,0.024387,4.401
476919,520,397,917,205,74,211,326.01,0.8388,0.5800,0.225815,21,6,96,275.35,0.9768,0.1378,0.011341,4.496
476925,520,373,893,228,30,228,328.27,0.9774,0.5953,0.230264,63,1,70,323.31,0.9580,0.1612,0.015208,4.298
476962,520,452,972,152,71,251,299.06,0.9676,0.5314,0.181472,20,3,40,300.51,0.8417,0.0689,0.003671,4.313
476970,520,479,999,146,92,186,308.97,0.6128,0.5057,0.173109,2,0,1,344.76,1.0000,0.0130,0.000151,4.449
476972,520,478,998,170,30,244,308.72,0.9683,0.5136,0.160071,3,0,6,311.99,1.0000,0.0187,0.000325,4.174
476976,520,418,938,181,88,208,318.06,0.7456,0.5606,0.213583,20,30,35,230.08,0.2354,0.1247,0.011986,4.252
476990,520,370,890,255,37,168,350.99,1.0000,0.6146,0.254138,0,28,101,262.70,1.0001,0.1665,0.017700,4.492
476994,520,472,992,173,31,241,310.25,0.9648,0.5159,0.162160,0,6,0,142.50,1.0000,0.0324,0.001302,4.135
477027,520,472,992,161,52,244,304.90,0.9423,0.5163,0.165653,5,0,23,290.24,1.0000,0.0326,0.000941,4.233
477034,520,455,975,214,41,141,351.29,0.8691,0.5266,0.178075,20,3,22,323.88,0.7010,0.0562,0.002718,4.326
477035,520,476,996,194,36,183,331.45,0.8880,0.5089,0.161517,5,0,1,3.86,1.0000,0.0188,0.000345,4.201
477046,520,395,915,250,47,125,4.63,0.9571,0.5947,0.238412,15,38,13,142.17,0.8297,0.1389,0.015168,4.426
477047,520,394,914,203,78,226,321.07,0.8632,0.5913,0.236378,0,42,4,144.45,1.0000,0.1442,0.016646,4.297
477057,520,470,990,203,46,165,340.00,0.8428,0.5216,0.173691,20,0,9,350.35,1.0000,0.0434,0.001685,4.328
477073,520,374,894,239,31,202,337.56,0.9710,0.5991,0.235978,24,21,99,274.57,0.9089,0.1630,0.016313,4.313
477077,520,456,976,229,34,66,20.22,0.9551,0.5295,0.181984,8,12,22,266.61,0.3472,0.0629,0.003725,4.318
477108,520,399,919,214,97,92,24.66,0.6973,0.5770,0.236204,47,23,40,338.82,0.4371,0.1420,0.013704,4.493
477120,520,471,991,211,42,147,348.39,0.8606,0.5243,0.176136,17,1,13,336.69,0.7736,0.0432,0.001700,4.374
477126,520,466,986,227,37,1,31.61,0.9989,0.5214,0.176592,2,9,16,240.04,0.5757,0.0484,0.002457,4.320
477131,520,374,894,194,116,155,349.18,0.4874,0.5994,0.263280,2,47,3,143.03,0.9935,0.1624,0.020524,4.442
477132,520,410,930,243,60,35,31.16,0.9597,0.5743,0.224111,9,21,77,267.50,0.9066,0.1288,0.011302,4.472
477154,520,381,901,247,15,183,344.46,0.9889,0.5984,0.235380,13,43,33,168.40,0.6730,0.1596,0.019231,4.122
477164,520,382,902,224,37,246,323.02,0.9770,0.6045,0.238264,58,26,2,54.10,0.8787,0.1560,0.016428,4.339
477168,520,460,980,223,60,33,32.01,0.9424,0.5344,0.190322,14,11,19,301.61,0.2547,0.0644,0.003797,4.467
477170,520,368,888,207,80,236,319.63,0.8989,0.6065,0.250604,71,11,40,356.14,0.7674,0.1681,0.017324,4.465
477182,520,400,920,179,112,168,332.94,0.4873,0.5768,0.240001,25,32,53,269.21,0.3920,0.1444,0.014967,4.464
477211,520,421,941,237,58,59,25.84,0.9281,0.5630,0.213495,24,25,32,278.77,0.1543,0.1132,0.009937,4.396
477217,520,478,998,221,27,40,25.74,0.9730,0.5052,0.163120,5,1,0,51.16,1.0000,0.0224,0.000540,4.217
477222,520,469,989,202,17,192,331.07,0.9652,0.5201,0.167651,6,4,7,315.70,0.2288,0.0363,0.001409,4.234
477234,520,438,958,195,46,232,318.32,0.9353,0.5523,0.193837,46,0,15,6.19,1.0000,0.0933,0.006154,4.342
477235,520,377,897,247,10,192,341.91,0.9936,0.6020,0.238002,30,41,19,130.48,0.5124,0.1606,0.019089,4.169
477244,520,428,948,239,29,107,7.72,0.9587,0.5570,0.202942,10,22,38,256.04,0.4992,0.0976,0.007783,4.377
477252,520,367,887,228,64,221,329.86,0.9209,0.6132,0.253835,41,32,63,295.72,0.4560,0.1671,0.018633,4.427
477253,520,409,929,242,47,95,13.71,0.9317,0.5706,0.217398,59,10,1,35.24,0.9663,0.1314,0.011492,4.348
477256,520,451,971,211,60,136,354.05,0.7939,0.5354,0.188604,2,7,53,266.39,0.9580,0.0732,0.004219,4.401
477259,520,393,913,218,53,221,327.30,0.9275,0.5873,0.226742,2,35,50,232.45,0.8866,0.1379,0.014452,4.294
477276,520,425,945,150,97,243,296.53,0.8703,0.5604,0.215046,12,30,2,135.13,0.9583,0.1094,0.010111,4.409
477280,520,399,919,204,72,220,323.21,0.8641,0.5820,0.226410,46,22,44,330.13,0.4782,0.1406,0.013366,4.362
477286,520,477,997,179,70,169,331.42,0.7170,0.5080,0.168299,6,1,2,3.56,0.5657,0.0248,0.000648,4.310
477290,520,435,955,236,27,92,12.20,0.9636,0.5459,0.193926,32,9,27,336.43,0.5731,0.0871,0.005816,4.370
477304,520,379,899,254,65,43,30.53,0.9950,0.6015,0.250295,24,34,69,269.41,0.5717,0.1603,0.017679,4.437
477329,520,365,885,227,82,181,342.46,0.8095,0.6086,0.257041,44,34,54,306.86,0.3237,0.1698,0.019459,4.420
477332,520,338,858,247,99,128,11.22,0.8826,0.6449,0.302594,48,47,43,95.30,0.0637,0.2035,0.028358,4.500
477338,520,445,965,163,91,203,311.94,0.6959,0.5373,0.195811,1,14,51,262.09,0.9570,0.0833,0.005595,4.421
477340,520,408,928,230,51,150,352.32,0.8805,0.5684,0.213954,33,10,74,291.93,0.8565,0.1277,0.010348,4.374
477348,520,436,956,239,33,81,16.51,0.9605,0.5526,0.200358,18,18,23,285.36,0.1323,0.0857,0.006231,4.452
477353,520,377,897,238,51,187,341.95,0.9247,0.6006,0.241355,17,44,18,144.44,0.8206,0.1607,0.019641,4.184
477356,520,441,961,183,68,215,318.02,0.8354,0.5417,0.191090,26,13,26,326.80,0.3985,0.0851,0.005821,4.319
477375,520,403,923,194,89,214,320.97,0.7821,0.5846,0.234704,25,32,31,185.95,0.1300,0.1329,0.013386,4.492
477402,520,327,847,252,42,246,329.58,0.9899,0.6542,0.290082,77,29,47,358.99,0.5713,0.2074,0.026620,4.439
477413,520,298,818,231,130,123,24.86,0.6951,0.6688,0.343865,2,67,11,144.39,0.9962,0.2341,0.040512,4.352
477419,520,448,968,227,54,4,33.90,0.9948,0.5350,0.189809,21,15,27,306.87,0.3197,0.0838,0.005802,4.297
477425,520,412,932,220,51,188,337.18,0.8896,0.5689,0.212164,30,19,54,294.99,0.6021,0.1198,0.010081,4.364
477470,520,437,957,225,25,162,346.05,0.9501,0.5488,0.193141,33,4,43,316.12,0.8032,0.0908,0.005846,4.354
477517,520,13,533,251,255,206,111.35,1.0000,0.9824,0.964856,22,136,29,143.36,0.9880,0.4745,0.178669,4.438
477522,520,1,521,255,255,255,0.00,0.0000,1.0000,1.000000,7,136,90,160.56,0.9887,0.4830,0.183908,4.489
477524,520,385,905,217,42,242,322.08,0.9658,0.5927,0.228204,10,25,84,266.70,0.9031,0.1451,0.013998,4.347
477526,520,414,934,227,68,120,5.14,0.8180,0.5678,0.218239,25,25,38,284.13,0.2658,0.1173,0.010419,4.440
477550,520,424,944,247,11,70,19.11,0.9931,0.5591,0.204593,49,7,13,16.89,0.7792,0.1093,0.008341,4.364
477551,520,448,968,141,85,248,294.14,0.9325,0.5351,0.189371,38,1,26,343.62,0.8633,0.0835,0.005084,4.346
477566,520,467,987,193,79,116,2.64,0.6540,0.5198,0.181921,6,7,0,114.52,1.0000,0.0415,0.001907,4.468
477585,520,355,875,253,77,115,12.36,0.9755,0.6243,0.274317,36,47,19,126.92,0.5835,0.1846,0.024551,4.350
477596,520,302,822,254,102,154,1.88,0.9779,0.6688,0.329099,15,63,29,149.38,0.9290,0.2265,0.037451,4.335
477603,520,387,907,243,67,97,15.98,0.9096,0.5905,0.239353,37,33,34,0.56,0.0629,0.1492,0.015965,4.386
477606,520,469,989,144,69,253,296.19,0.9840,0.5209,0.172775,14,3,7,353.19,0.5131,0.0422,0.001738,4.306
477615,520,447,967,214,70,96,13.83,0.7832,0.5390,0.195233,27,12,6,44.19,0.4851,0.0776,0.005091,4.451
477622,520,398,918,196,97,180,333.75,0.6541,0.5802,0.235819,25,36,11,129.03,0.6577,0.1393,0.014926,4.402
477659,520,448,968,171,48,255,306.05,1.0000,0.5369,0.179926,24,14,15,12.32,0.2399,0.0802,0.005428,4.148
477667,520,396,916,207,94,143,355.11,0.6438,0.5760,0.232558,17,36,24,155.13,0.5046,0.1364,0.014468,4.383
477673,520,425,945,225,57,135,357.30,0.8437,0.5582,0.206857,26,11,65,288.31,0.8216,0.1117,0.008406,4.398
477686,520,460,980,233,25,44,25.16,0.9801,0.5303,0.182039,18,8,13,348.07,0.3191,0.0602,0.003313,4.352
477687,520,472,992,169,58,228,310.66,0.8859,0.5198,0.170634,0,2,18,262.27,1.0000,0.0289,0.000871,4.337
477688,520,364,884,214,79,231,323.05,0.8899,0.6126,0.256594,61,30,12,48.91,0.6550,0.1711,0.019473,4.413
477690,520,400,920,244,31,141,357.19,0.9580,0.5793,0.221394,54,0,70,316.32,1.0000,0.1438,0.012266,4.359
477692,520,248,768,165,170,231,280.44,0.6005,0.7166,0.425179,36,76,28,140.41,0.8735,0.2799,0.056276,4.471
477702,520,348,868,235,65,222,331.40,0.9310,0.6264,0.267192,71,30,16,39.17,0.6710,0.1894,0.023058,4.342
477712,520,417,937,252,31,4,30.43,0.9974,0.5708,0.216879,5,35,16,152.45,0.9176,0.1247,0.012717,4.255
477718,520,355,875,175,115,240,304.03,0.8174,0.6183,0.276672,7,49,32,161.65,0.9035,0.1769,0.023460,4.447
477722,520,274,794,253,132,67,46.58,0.9733,0.6960,0.377935,7,67,73,205.52,0.8914,0.2534,0.045403,4.486
477723,520,269,789,246,143,15,61.61,0.9846,0.7024,0.392750,16,73,12,142.14,0.9770,0.2588,0.049016,4.471
477727,520,465,985,214,62,35,32.41,0.9242,0.5190,0.178652,1,11,16,223.58,0.7639,0.0521,0.002832,4.328
477741,520,461,981,235,9,52,22.66,0.9937,0.5304,0.181087,11,3,33,290.83,0.8213,0.0536,0.002461,4.405
477744,520,410,930,220,45,203,332.73,0.9243,0.5734,0.214065,62,2,13,17.57,0.9496,0.1303,0.010968,4.331
477755,520,159,679,250,184,198,4.83,0.7952,0.8221,0.586840,8,100,37,147.54,0.9903,0.3530,0.092991,4.454
477770,520,271,791,234,124,217,333.24,0.8441,0.6973,0.369195,5,72,30,149.74,0.9858,0.2550,0.047605,4.295
477772,520,443,963,231,42,79,17.25,0.9324,0.5413,0.192124,13,3,60,278.73,0.9606,0.0821,0.004769,4.421
477774,520,479,999,210,12,145,347.89,0.9651,0.5068,0.160112,2,0,2,328.36,1.0000,0.0139,0.000173,4.188
477780,520,174,694,245,168,243,327.56,0.9291,0.8018,0.538905,35,89,81,182.26,0.6343,0.3363,0.080959,4.497
477796,520,281,801,168,161,203,292.47,0.3511,0.6853,0.381263,30,68,44,154.10,0.6612,0.2537,0.045920,4.496
477798,520,418,938,172,105,173,326.44,0.5275,0.5565,0.218918,40,23,0,73.45,1.0000,0.1194,0.010640,4.435
477826,520,465,985,197,86,15,45.93,0.9387,0.5196,0.185623,1,11,11,195.03,0.7676,0.0501,0.002699,4.471
477832,520,9,529,247,255,233,123.27,1.0000,0.9862,0.971772,15,136,33,144.21,0.9924,0.4738,0.178189,4.478
477843,520,419,939,213,46,198,332.30,0.9047,0.5587,0.201794,0,32,4,145.67,1.0000,0.1098,0.010417,4.168
477847,520,433,953,218,42,177,339.93,0.8992,0.5526,0.197380,22,25,7,117.07,0.5687,0.1033,0.008812,4.206
477889,520,463,983,227,30,93,10.85,0.9451,0.5290,0.180526,0,9,17,234.63,1.0000,0.0470,0.002358,4.403
477932,520,385,905,210,50,247,318.92,0.9640,0.5905,0.226999,16,24,89,270.05,0.8961,0.1516,0.014846,4.272
477953,520,310,830,244,88,211,337.15,0.9277,0.6588,0.309184,90,29,8,38.05,0.8732,0.2234,0.030703,4.451
477976,520,418,938,217,81,95,17.55,0.7572,0.5587,0.214652,36,21,33,334.03,0.3372,0.1183,0.010212,4.395
478000,520,403,923,241,7,168,347.49,0.9928,0.5777,0.216830,49,13,38,341.47,0.6407,0.1270,0.010808,4.388
478007,520,456,976,133,90,241,291.57,0.8764,0.5284,0.186497,28,0,23,335.62,1.0000,0.0625,0.003088,4.455
478013,520,160,680,221,190,236,314.70,0.6171,0.8168,0.582558,32,98,7,139.53,0.9909,0.3495,0.090575,4.500
478024,520,440,960,165,75,251,303.07,0.9651,0.5529,0.199970,27,8,48,301.37,0.7559,0.0927,0.006201,4.448
478042,520,325,845,250,57,226,333.96,0.9768,0.6477,0.287443,84,24,44,3.49,0.6760,0.2118,0.027202,4.371
478046,520,465,985,233,10,14,28.64,0.9950,0.5231,0.175756,0,10,17,229.81,1.0000,0.0493,0.002575,4.294
478080,520,210,730,242,155,205,344.76,0.7892,0.7574,0.467297,49,70,125,266.44,0.5662,0.3145,0.065137,4.493
478083,520,471,991,193,49,191,328.66,0.8541,0.5221,0.172973,7,6,6,17.47,0.0472,0.0422,0.001886,4.297
478092,520,443,963,200,62,184,332.98,0.8093,0.5420,0.191870,31,5,24,339.44,0.6752,0.0773,0.004658,4.425
478102,520,356,876,252,83,10,38.04,0.9922,0.6156,0.269074,37,39,58,279.23,0.2911,0.1771,0.021498,4.463
478124,520,476,996,161,62,228,307.65,0.8727,0.5127,0.166244,1,0,7,286.54,1.0000,0.0158,0.000218,4.306
478135,520,368,888,255,7,181,346.63,1.0000,0.6111,0.247517,5,41,64,242.01,0.8126,0.1663,0.019882,4.257
478139,520,306,826,215,112,245,318.12,0.9186,0.6674,0.326294,58,41,99,293.89,0.6059,0.2340,0.033863,4.487
478153,520,366,886,224,72,219,329.29,0.8964,0.6132,0.255987,40,37,55,291.72,0.2770,0.1732,0.020501,4.340
478154,520,419,939,231,38,151,351.47,0.9208,0.5618,0.206123,17,10,75,276.31,0.9276,0.1130,0.008442,4.383
478160,520,334,854,232,64,250,323.67,0.9797,0.6386,0.277270,22,44,90,263.01,0.6995,0.2021,0.027100,4.245
478165,520,426,946,231,51,116,5.09,0.8838,0.5578,0.206204,33,6,58,302.50,0.8380,0.1066,0.007591,4.449
478171,520,270,790,206,146,212,323.52,0.5845,0.6981,0.384340,10,74,26,146.96,0.9778,0.2624,0.050365,4.328
478178,520,388,908,241,69,100,15.06,0.8931,0.5895,0.238803,26,37,33,170.60,0.2131,0.1492,0.016525,4.341
478193,520,411,931,235,20,163,347.89,0.9721,0.5668,0.208098,11,9,87,270.31,0.9726,0.1228,0.009546,4.334
478201,520,436,956,214,37,197,332.84,0.9290,0.5540,0.196526,12,24,5,134.52,0.7607,0.0917,0.007424,4.293
478212,520,477,997,196,62,140,348.62,0.7509,0.5121,0.170763,4,0,9,309.30,1.0000,0.0221,0.000455,4.375
478214,520,391,911,253,49,33,29.70,0.9919,0.5851,0.231928,4,35,70,254.29,0.8607,0.1533,0.016700,4.227
478249,520,363,883,204,75,255,314.50,1.0000,0.6099,0.250909,58,33,15,54.93,0.5766,0.1733,0.020219,4.285
478252,520,358,878,244,50,208,337.28,0.9524,0.6220,0.260713,12,49,38,169.87,0.7643,0.1806,0.024146,4.191
478277,520,436,956,190,74,208,322.05,0.8067,0.5547,0.204001,12,22,2,129.76,0.8832,0.0852,0.006564,4.491
478286,520,447,967,237,19,77,16.57,0.9812,0.5415,0.190093,7,20,22,208.00,0.4135,0.0820,0.006034,4.285
478301,520,352,872,229,109,47,44.87,0.8752,0.6152,0.278031,11,53,5,141.18,0.9811,0.1869,0.026282,4.300
478304,520,435,955,198,48,218,322.61,0.9119,0.5482,0.191832,19,4,59,285.64,0.9205,0.0880,0.005410,4.364
478305,520,404,924,240,72,11,36.32,0.9884,0.5797,0.231873,4,36,13,149.46,0.9540,0.1269,0.013166,4.462
478311,520,431,951,213,74,134,357.24,0.7476,0.5544,0.207671,9,22,38,254.45,0.5234,0.0970,0.007718,4.464
478319,520,396,916,169,96,236,305.31,0.8326,0.5762,0.228574,52,19,44,337.59,0.5700,0.1447,0.013778,4.368
478321,520,443,963,229,23,115,2.94,0.9573,0.5365,0.185115,4,19,17,184.79,0.5888,0.0753,0.005320,4.250
478336,520,401,921,246,42,105,10.37,0.9445,0.5777,0.222721,51,12,62,317.82,0.7566,0.1449,0.013146,4.319
478343,520,400,920,251,41,69,21.59,0.9787,0.5796,0.225284,24,27,61,276.63,0.5683,0.1367,0.013149,4.359
478344,520,319,839,247,78,201,340.68,0.9412,0.6475,0.294429,77,9,103,313.46,0.8915,0.2219,0.027526,4.443
478402,520,424,944,229,74,8,37.88,0.9880,0.5609,0.215759,26,25,6,106.26,0.6125,0.1073,0.009280,4.483
478405,520,435,955,228,51,117,4.20,0.8748,0.5523,0.201488,12,16,42,273.62,0.6046,0.0873,0.006159,4.478
478412,520,469,989,208,72,33,36.01,0.9074,0.5197,0.181567,11,2,15,317.28,0.6750,0.0395,0.001491,4.497
478422,520,374,894,189,90,241,311.98,0.8899,0.5971,0.244830,70,15,22,17.75,0.7634,0.1644,0.017019,4.399
478435,520,448,968,225,65,14,35.52,0.9792,0.5427,0.198226,25,9,34,311.78,0.6086,0.0813,0.005176,4.499
478449,520,418,938,233,65,56,27.89,0.9121,0.5618,0.213927,16,23,57,271.23,0.6514,0.1179,0.010183,4.385
478457,520,338,858,223,78,251,320.68,0.9788,0.6386,0.281037,10,55,19,146.61,0.9575,0.1953,0.028438,4.220
478472,520,443,963,231,38,83,15.49,0.9385,0.5395,0.190027,0,20,23,206.80,1.0000,0.0777,0.005621,4.315
478506,520,411,931,216,16,231,324.67,0.9886,0.5719,0.207411,3,33,25,171.95,0.8907,0.1198,0.011772,4.167
478507,520,236,756,250,158,26,67.49,0.9749,0.7382,0.448549,6,83,33,148.76,0.9882,0.2939,0.063348,4.398
478515,520,341,861,251,78,129,7.06,0.9487,0.6257,0.275463,21,40,102,266.62,0.8224,0.2026,0.026362,4.262
478516,520,425,945,187,89,194,324.88,0.7076,0.5621,0.216058,13,30,23,165.67,0.4592,0.1150,0.010759,4.379
478546,520,426,946,240,7,118,3.32,0.9917,0.5555,0.199885,27,5,66,290.97,0.9050,0.1057,0.007349,4.357
478551,520,441,961,227,47,73,19.48,0.9189,0.5357,0.188478,31,0,49,309.38,1.0000,0.0864,0.005131,4.326
478557,520,423,943,238,51,17,32.03,0.9833,0.5552,0.205885,9,21,55,265.94,0.7509,0.1072,0.008702,4.359
478561,520,395,915,249,55,75,21.53,0.9642,0.5867,0.233836,35,28,51,297.09,0.3920,0.1430,0.014269,4.416
478586,520,429,949,207,40,204,329.00,0.9211,0.5480,0.191445,14,25,13,142.45,0.4574,0.0978,0.008177,4.150
478595,520,319,839,254,98,118,15.84,0.9832,0.6528,0.311175,44,55,47,153.58,0.1833,0.2240,0.034730,4.263
478602,520,478,998,186,50,188,327.40,0.8364,0.5091,0.163526,3,1,5,310.43,0.5673,0.0222,0.000520,4.227
478631,520,391,911,237,56,161,350.34,0.8912,0.5903,0.234090,11,36,51,238.09,0.6159,0.1454,0.015718,4.323
478632,520,407,927,242,63,11,34.35,0.9897,0.5740,0.224597,36,22,46,309.92,0.4578,0.1276,0.011462,4.468
478645,520,382,902,225,31,239,324.93,0.9799,0.5983,0.232218,4,45,28,160.85,0.9413,0.1610,0.019863,4.040
478652,520,455,975,187,47,212,320.93,0.8940,0.5250,0.173526,9,9,20,283.08,0.3610,0.0564,0.003040,4.214
478658,520,364,884,237,36,224,331.39,0.9737,0.6111,0.246508,56,32,34,14.38,0.3373,0.1727,0.019894,4.242
478664,520,478,998,226,5,27,26.89,0.9968,0.5074,0.163594,2,0,13,287.44,1.0000,0.0215,0.000420,4.236
478668,520,472,992,224,49,14,32.41,0.9822,0.5247,0.180784,0,6,2,156.67,1.0000,0.0333,0.001346,4.495
478682,520,469,989,200,74,99,11.59,0.7125,0.5195,0.180797,6,3,16,295.00,0.6019,0.0375,0.001413,4.489
478706,520,420,940,242,21,107,7.75,0.9758,0.5599,0.204784,7,30,13,149.88,0.8337,0.1088,0.010027,4.244
478707,520,323,843,247,111,48,42.67,0.9366,0.6487,0.313595,44,50,55,243.23,0.1058,0.2127,0.030925,4.493
478733,520,445,965,233,45,18,31.20,0.9809,0.5402,0.192472,23,10,33,308.35,0.5674,0.0798,0.005091,4.401
478736,520,410,930,249,34,56,23.95,0.9760,0.5697,0.215729,24,10,86,279.30,0.9332,0.1321,0.010831,4.368
478751,520,374,894,235,2,227,330.24,0.9990,0.5996,0.232543,1,6,119,264.52,0.9951,0.1604,0.014685,4.368
478763,520,466,986,163,63,228,308.27,0.8707,0.5166,0.169437,8,8,21,282.21,0.4314,0.0539,0.002794,4.156
478765,520,464,984,196,78,96,13.85,0.6822,0.5173,0.180309,2,2,42,268.90,0.9785,0.0517,0.002235,4.409
478777,520,450,970,213,56,141,352.12,0.8141,0.5372,0.188998,22,9,6,36.13,0.4191,0.0651,0.003791,4.443
478803,520,477,997,218,48,22,31.54,0.9664,0.5120,0.170799,0,0,15,264.05,1.0000,0.0196,0.000345,4.386
478807,520,458,978,207,13,200,330.19,0.9797,0.5334,0.177254,0,11,34,256.52,0.9999,0.0618,0.003548,4.244
478823,520,411,931,235,6,182,342.04,0.9936,0.5731,0.211727,58,0,12,15.96,1.0000,0.1186,0.009262,4.416
478835,520,392,912,254,26,107,9.69,0.9926,0.5863,0.228749,35,24,69,290.64,0.6444,0.1477,0.014403,4.328
478843,520,401,921,249,43,86,16.87,0.9628,0.5799,0.225429,40,16,71,299.00,0.7590,0.1416,0.012766,4.388
478848,520,395,915,236,43,185,341.88,0.9365,0.5906,0.230662,6,31,63,256.06,0.7943,0.1376,0.013775,4.401
478856,520,342,862,241,84,163,352.90,0.8583,0.6269,0.276886,30,31,107,274.67,0.8478,0.1943,0.023174,4.467
478878,520,429,949,207,74,142,352.14,0.7320,0.5470,0.201180,24,3,70,286.41,0.9545,0.1040,0.007015,4.406
478880,520,354,874,249,35,211,337.46,0.9769,0.6242,0.260481,73,23,7,37.68,0.8411,0.1795,0.020448,4.407
478885,520,337,857,255,93,77,28.89,1.0000,0.6396,0.296280,11,50,77,243.65,0.7561,0.2041,0.028880,4.390
478905,520,470,990,217,37,121,359.26,0.8908,0.5217,0.174578,3,4,19,274.39,0.6609,0.0387,0.001532,4.358
478919,520,364,884,243,54,179,345.67,0.9223,0.6080,0.249507,55,28,46,340.77,0.4295,0.1675,0.018401,4.379
478921,520,365,885,174,115,234,304.98,0.7783,0.6131,0.272011,23,45,38,171.56,0.4219,0.1734,0.021988,4.473
478924,520,416,936,220,29,208,331.36,0.9627,0.5676,0.206507,26,24,41,288.78,0.3364,0.1175,0.010330,4.252
478944,520,468,988,190,9,226,319.00,0.9900,0.5222,0.166349,16,1,12,337.05,0.7653,0.0415,0.001584,4.194
478952,520,402,922,247,52,34,30.00,0.9691,0.5753,0.223491,49,20,22,17.06,0.4951,0.1322,0.012113,4.403
478957,520,374,894,231,0,233,327.90,1.0000,0.5962,0.228746,14,20,104,269.02,0.9546,0.1615,0.015930,4.228
478968,520,419,939,210,24,223,325.00,0.9744,0.5583,0.196845,19,2,83,277.38,0.9877,0.1141,0.008064,4.251
478969,520,477,997,186,76,136,349.23,0.6553,0.5113,0.173871,4,1,6,314.84,0.6159,0.0242,0.000607,4.424
478971,520,330,850,205,126,169,346.60,0.5189,0.6392,0.307668,37,54,3,127.05,0.9572,0.2056,0.030382,4.450
478976,520,382,902,203,100,180,336.48,0.6611,0.5955,0.251077,33,39,14,120.61,0.5790,0.1564,0.018061,4.424
478988,520,479,999,222,34,62,20.87,0.9498,0.5143,0.170242,0,1,0,142.50,1.0000,0.0135,0.000217,4.386
478991,520,365,885,237,78,159,352.88,0.8411,0.6112,0.259593,10,48,7,141.96,0.9682,0.1694,0.021937,4.304
479021,520,334,854,251,17,234,332.17,0.9946,0.6354,0.268538,83,24,10,34.53,0.8520,0.2017,0.025145,4.239
479025,520,292,812,220,138,163,0.30,0.5513,0.6803,0.360387,5,68,3,142.29,0.9943,0.2376,0.041729,4.474
479030,520,338,858,247,49,227,332.98,0.9684,0.6377,0.275198,76,13,72,330.89,0.7840,0.1980,0.022924,4.459
479034,520,430,950,233,55,62,24.39,0.9240,0.5527,0.204068,3,11,67,266.27,0.9585,0.0962,0.006639,4.486
479036,520,447,967,143,83,253,294.31,0.9788,0.5388,0.191180,8,20,0,131.66,1.0000,0.0763,0.005519,4.344
479043,520,437,957,239,43,37,28.35,0.9643,0.5524,0.202153,10,13,56,272.72,0.8506,0.0921,0.006379,4.472
479048,520,425,945,233,7,170,345.13,0.9909,0.5632,0.203807,31,5,68,294.29,0.9025,0.1126,0.008172,4.363
479070,520,398,918,239,14,177,344.45,0.9859,0.5798,0.218421,43,6,75,302.28,0.8891,0.1375,0.011519,4.363
479076,520,376,896,250,0,184,344.69,1.0000,0.6018,0.237880,9,37,70,254.83,0.7602,0.1608,0.018233,4.219
479079,520,443,963,227,58,14,33.91,0.9817,0.5392,0.193916,6,18,37,258.43,0.6179,0.0844,0.006049,4.352
479080,520,348,868,246,99,20,42.49,0.9777,0.6267,0.285702,18,53,7,139.34,0.9651,0.1900,0.026901,4.365
479089,520,409,929,208,48,221,324.66,0.9265,0.5668,0.207461,50,14,30,355.41,0.6130,0.1265,0.010860,4.230
479094,520,416,936,223,35,198,334.85,0.9459,0.5696,0.209696,0,35,4,145.21,1.0000,0.1199,0.012108,4.181
479140,520,350,870,244,66,197,340.77,0.9273,0.6287,0.271637,42,47,34,124.92,0.2339,0.1941,0.026408,4.209
479142,520,330,850,194,114,236,312.74,0.8182,0.6373,0.295610,60,32,90,303.27,0.6545,0.2118,0.027319,4.470
479150,520,414,934,229,10,202,335.13,0.9908,0.5742,0.211420,22,31,8,127.22,0.6663,0.1210,0.011681,4.238
479163,520,479,999,148,81,214,304.02,0.7698,0.5095,0.170362,0,0,8,264.05,1.0000,0.0143,0.000175,4.392
479181,520,463,983,237,0,23,27.43,1.0000,0.5300,0.180697,5,11,2,132.93,0.7087,0.0508,0.002760,4.373
479188,520,422,942,181,91,193,322.79,0.6851,0.5559,0.211572,20,25,21,151.19,0.1470,0.1050,0.008981,4.435
479240,520,392,912,239,23,188,341.37,0.9769,0.5882,0.225973,57,20,35,357.00,0.5622,0.1509,0.014916,4.251
479242,520,416,936,253,29,42,26.41,0.9920,0.5741,0.219323,3,15,83,265.49,0.9651,0.1219,0.009855,4.500
479247,520,454,974,224,51,0,33.80,1.0000,0.5260,0.182178,14,9,30,291.81,0.5556,0.0664,0.003825,4.314
479254,520,1,521,255,255,255,0.00,0.0000,1.0000,1.000000,37,138,15,140.98,0.9909,0.4836,0.186040,4.448
479257,520,434,954,233,52,22,31.81,0.9741,0.5461,0.198406,21,4,69,283.43,0.9465,0.1012,0.006759,4.376
479263,520,368,888,234,35,238,327.31,0.9794,0.6147,0.248700,21,43,55,233.97,0.4529,0.1739,0.021629,4.170
479265,520,476,996,191,73,119,359.06,0.6777,0.5087,0.171750,2,1,4,302.09,0.5000,0.0201,0.000434,4.397
479270,520,293,813,193,137,246,306.49,0.8447,0.6833,0.358832,1,69,3,142.90,0.9985,0.2402,0.042691,4.411
479299,520,352,872,248,9,219,335.10,0.9963,0.6191,0.252694,46,8,117,286.97,0.9574,0.1915,0.020388,4.300
479308,520,441,961,239,0,60,20.69,1.0000,0.5381,0.186803,24,10,40,302.44,0.6487,0.0858,0.005645,4.256
479329,520,443,963,227,9,134,355.47,0.9833,0.5352,0.182503,17,4,57,284.19,0.9205,0.0839,0.005014,4.226
479356,520,370,890,250,32,174,348.01,0.9693,0.6054,0.244164,9,44,58,228.94,0.7328,0.1730,0.021648,4.106
479360,520,471,991,170,48,234,310.18,0.9221,0.5170,0.166013,7,4,12,303.80,0.4126,0.0393,0.001585,4.187
479365,520,406,926,245,48,113,8.07,0.9279,0.5820,0.227220,9,33,40,219.96,0.5979,0.1293,0.012989,4.401
479369,520,391,911,227,40,212,332.05,0.9522,0.5881,0.226044,45,26,49,320.47,0.4327,0.1501,0.015185,4.235
479374,520,434,954,206,22,218,325.20,0.9731,0.5470,0.187594,51,2,5,23.47,0.9519,0.1046,0.007583,4.126
479376,520,460,980,217,67,9,37.02,0.9832,0.5293,0.187883,9,10,31,278.03,0.5789,0.0648,0.003741,4.426
479377,520,467,987,214,40,130,355.38,0.8714,0.5213,0.174278,14,0,21,315.67,1.0000,0.0411,0.001475,4.357
479389,520,412,932,222,37,192,336.33,0.9347,0.5654,0.206609,12,33,18,151.30,0.6589,0.1222,0.012095,4.133
479408,520,365,885,231,54,213,332.80,0.9331,0.6051,0.244338,23,20,110,272.75,0.9436,0.1743,0.018082,4.323
479422,520,443,963,235,22,98,9.77,0.9700,0.5433,0.191209,23,16,16,18.30,0.1627,0.0837,0.005902,4.315
479431,520,422,942,214,71,142,353.54,0.7651,0.5556,0.207578,4,27,41,238.30,0.7367,0.1097,0.009697,4.315
479433,520,440,960,238,33,48,25.17,0.9723,0.5452,0.194815,1,27,7,149.32,0.9840,0.0946,0.008056,4.217
479434,520,344,864,233,93,178,346.04,0.8071,0.6313,0.283692,33,46,61,252.46,0.3018,0.1945,0.026142,4.383
479456,520,442,962,213,6,198,332.29,0.9912,0.5414,0.183558,12,16,22,258.35,0.2097,0.0752,0.005067,4.241
479462,520,431,951,228,29,140,354.21,0.9382,0.5464,0.192689,24,24,7,108.81,0.5452,0.1026,0.008628,4.139
479465,520,462,982,209,9,194,332.36,0.9848,0.5321,0.176478,2,6,32,266.84,0.8785,0.0515,0.002474,4.316
479468,520,380,900,242,84,24,38.01,0.9702,0.5988,0.252870,10,46,0,139.16,1.0000,0.1616,0.020184,4.315
479480,520,450,970,174,63,238,309.71,0.9071,0.5404,0.187276,13,2,49,284.06,0.9465,0.0682,0.003507,4.434
479484,520,186,706,249,161,227,336.41,0.9390,0.7866,0.511775,58,88,35,133.46,0.7367,0.3344,0.080002,4.321
479494,520,381,901,231,67,177,344.07,0.8590,0.5969,0.241802,57,3,79,312.67,0.9299,0.1604,0.014996,4.490
479504,520,432,952,207,12,222,324.54,0.9883,0.5488,0.188041,3,18,56,262.82,0.9039,0.0978,0.007374,4.149
479514,520,469,989,205,73,45,33.66,0.8605,0.5167,0.179358,12,1,25,304.24,0.8685,0.0440,0.001701,4.436
479516,520,422,942,175,69,250,307.04,0.9627,0.5583,0.202731,14,28,5,134.33,0.8323,0.1051,0.009348,4.258
479521,520,471,991,216,61,5,35.92,0.9909,0.5202,0.179499,10,3,7,341.62,0.4282,0.0378,0.001450,4.461
479533,520,341,861,254,88,9,39.16,0.9941,0.6256,0.280736,3,44,91,255.47,0.9329,0.1956,0.025759,4.366
479549,520,370,890,238,94,78,29.12,0.8818,0.6110,0.267355,35,42,17,122.18,0.5468,0.1680,0.020537,4.499
479562,520,365,885,251,58,130,4.09,0.9600,0.6065,0.251505,19,37,75,263.26,0.6606,0.1696,0.019695,4.326
479569,520,418,938,227,53,139,355.83,0.8628,0.5599,0.207439,21,31,20,142.40,0.3410,0.1228,0.011899,4.159
479581,520,419,939,244,3,103,8.77,0.9971,0.5585,0.202809,42,12,25,355.57,0.5800,0.1072,0.008254,4.340
479610,520,448,968,198,40,208,325.39,0.9171,0.5353,0.180791,15,16,33,279.79,0.4194,0.0835,0.005819,4.135
479613,520,432,952,154,94,226,301.87,0.7819,0.5471,0.203667,22,17,51,286.01,0.6286,0.1049,0.008105,4.366
479625,520,436,956,230,39,136,356.54,0.9130,0.5542,0.200544,32,12,12,20.94,0.4674,0.0865,0.005966,4.477
479629,520,419,939,246,18,66,20.35,0.9881,0.5582,0.204223,5,22,57,261.87,0.8388,0.1091,0.009014,4.308
479648,520,356,876,216,77,235,322.66,0.9081,0.6160,0.259067,10,23,113,266.86,0.9625,0.1760,0.018694,4.499
479649,520,379,899,231,26,224,329.98,0.9813,0.5963,0.231120,25,35,68,269.10,0.5411,0.1628,0.018260,4.118
479655,520,456,976,227,41,34,28.55,0.9592,0.5258,0.180352,6,12,26,263.97,0.4921,0.0635,0.003762,4.285
479675,520,417,937,241,31,145,355.28,0.9542,0.5750,0.217282,21,29,21,144.88,0.2574,0.1172,0.010923,4.387
479702,520,375,895,239,69,154,354.28,0.8651,0.6030,0.249430,14,45,14,143.45,0.9113,0.1618,0.020018,4.276
479704,520,316,836,254,96,149,2.82,0.9800,0.6591,0.316098,33,57,27,139.54,0.6476,0.2155,0.033286,4.396
479727,520,265,785,253,100,245,329.82,0.9919,0.7057,0.365923,87,49,16,57.91,0.7264,0.2575,0.042605,4.491
479735,520,373,893,198,90,231,317.52,0.8514,0.6028,0.250889,37,32,54,293.79,0.3540,0.1567,0.016927,4.496
479739,520,469,989,178,49,227,314.29,0.9108,0.5241,0.172087,7,3,23,290.55,0.7260,0.0427,0.001722,4.294
479757,520,345,865,237,66,217,333.26,0.9266,0.6276,0.269133,20,34,101,268.54,0.8626,0.1874,0.022322,4.413
479758,520,312,832,255,32,250,329.38,1.0000,0.6574,0.291983,70,35,68,329.24,0.5057,0.2167,0.029217,4.317
479772,520,410,930,214,7,236,323.05,0.9955,0.5702,0.205062,38,17,64,300.53,0.7070,0.1343,0.011832,4.125
479779,520,376,896,211,77,221,324.92,0.8664,0.5992,0.243788,21,37,65,260.90,0.5395,0.1631,0.018641,4.280
479795,520,292,812,219,137,181,346.90,0.5807,0.6837,0.362892,9,69,16,144.36,0.9824,0.2434,0.043516,4.415
479815,520,418,938,248,35,2,30.93,0.9986,0.5644,0.211665,50,6,39,339.92,0.7640,0.1203,0.009549,4.394
479818,520,13,533,236,254,242,156.75,0.8001,0.9773,0.951268,47,134,3,139.04,0.9978,0.4735,0.176605,4.419
479822,520,269,789,228,128,216,331.63,0.7929,0.6951,0.368920,79,57,7,82.37,0.8757,0.2636,0.046040,4.362
479827,520,476,996,185,2,223,318.37,0.9974,0.5098,0.156867,0,3,3,194.77,1.0000,0.0242,0.000717,4.079
479830,520,385,905,250,62,40,30.58,0.9774,0.5905,0.239260,62,16,24,13.55,0.6842,0.1501,0.014608,4.477
479841,520,417,937,229,18,199,335.96,0.9813,0.5743,0.212167,3,8,92,265.81,0.9867,0.1242,0.009656,4.395
479850,520,342,862,224,94,200,335.36,0.8019,0.6288,0.280249,10,53,25,150.95,0.9313,0.1896,0.026808,4.300
479874,520,441,961,166,80,227,308.07,0.8283,0.5416,0.193910,35,7,33,330.60,0.6780,0.0919,0.006191,4.341
479878,520,295,815,250,84,242,329.90,0.9801,0.6811,0.330782,16,67,46,161.84,0.8611,0.2448,0.043215,4.085
479887,520,454,974,219,5,167,342.78,0.9898,0.5341,0.179611,5,14,27,255.56,0.5288,0.0678,0.004255,4.232
479897,520,421,941,232,34,153,350.85,0.9342,0.5623,0.206026,4,21,58,262.07,0.8752,0.1071,0.008676,4.363
479906,520,444,964,217,76,36,35.95,0.9109,0.5423,0.200504,11,18,26,252.23,0.3002,0.0813,0.005783,4.491
479909,520,425,945,195,61,232,317.80,0.9044,0.5650,0.207671,32,12,54,301.91,0.7228,0.1100,0.008364,4.415
479935,520,409,929,216,74,156,348.53,0.7697,0.5687,0.218990,50,15,31,354.34,0.5949,0.1285,0.011188,4.396
479953,520,367,887,218,97,163,348.78,0.6959,0.6063,0.261012,20,30,96,270.01,0.8651,0.1736,0.019217,4.493
479954,520,398,918,201,47,249,316.10,0.9709,0.5757,0.212916,17,27,71,269.55,0.7408,0.1401,0.013579,4.135
479955,520,369,889,220,56,249,320.98,0.9736,0.6123,0.248855,3,12,123,265.10,0.9900,0.1728,0.017122,4.452
479957,520,468,988,234,7,8,28.96,0.9966,0.5244,0.176651,0,8,4,165.38,1.0000,0.0395,0.001824,4.373
479968,520,452,972,172,29,255,307.09,1.0000,0.5262,0.168702,25,10,14,3.21,0.3847,0.0733,0.004555,4.009
480006,520,212,732,235,170,126,54.93,0.6528,0.7552,0.479198,38,84,55,154.07,0.6742,0.3131,0.070283,4.400
480009,520,321,841,232,116,131,13.45,0.7189,0.6476,0.312877,22,57,1,136.75,0.9950,0.2051,0.030989,4.481
480019,520,351,871,234,75,209,334.87,0.8941,0.6269,0.271305,81,19,12,30.04,0.8580,0.1908,0.022419,4.437
480020,520,468,988,204,55,144,348.55,0.7974,0.5210,0.175854,8,3,22,294.71,0.7049,0.0430,0.001747,4.365
480024,520,479,999,164,79,196,315.73,0.7252,0.5150,0.174708,2,0,2,328.36,1.0000,0.0139,0.000173,4.479
480038,520,459,979,147,76,245,297.90,0.9224,0.5265,0.179647,7,10,27,273.00,0.5283,0.0607,0.003414,4.299
480043,520,454,974,206,14,194,331.57,0.9749,0.5278,0.173329,15,15,2,109.23,0.7132,0.0690,0.004476,4.100
480045,520,299,819,255,71,222,336.31,1.0000,0.6653,0.310435,0,29,152,264.04,1.0047,0.2342,0.031454,4.425
480053,520,361,881,254,54,157,355.09,0.9897,0.6187,0.261470,7,40,81,256.20,0.8412,0.1774,0.021567,4.352
480059,520,471,991,231,4,4,29.11,0.9980,0.5170,0.170876,1,4,18,263.12,0.7985,0.0359,0.001370,4.300
480061,520,464,984,175,9,248,309.80,0.9935,0.5172,0.160876,25,1,3,18.00,0.8881,0.0517,0.002350,4.028
480072,520,460,980,211,63,110,5.71,0.7865,0.5292,0.185320,23,4,26,322.39,0.6936,0.0646,0.003436,4.404
480076,520,432,952,180,61,244,310.42,0.9366,0.5519,0.195734,4,23,46,253.86,0.7573,0.1021,0.008358,4.211
480083,520,413,933,209,48,223,324.43,0.9303,0.5699,0.209988,12,21,68,269.39,0.8384,0.1210,0.010318,4.310
480090,520,367,887,217,77,224,325.86,0.8837,0.6105,0.254432,8,45,38,177.63,0.8008,0.1660,0.020682,4.307
480102,520,477,997,182,63,180,328.50,0.7715,0.5108,0.167967,1,0,9,282.67,1.0000,0.0172,0.000262,4.337
480124,520,368,888,255,50,139,0.97,1.0000,0.6111,0.254089,50,29,58,316.21,0.4713,0.1688,0.018624,4.431
480133,520,353,873,197,109,208,323.01,0.6947,0.6163,0.273629,11,49,39,172.09,0.7802,0.1806,0.024142,4.365
480138,520,380,900,214,73,221,325.89,0.8805,0.5994,0.242835,54,17,69,314.56,0.7274,0.1618,0.016149,4.427
480140,520,480,1000,218,50,17,32.49,0.9747,0.5135,0.172297,0,0,0,0.00,0.0000,0.0000,0.000000,4.446
480149,520,335,855,248,89,136,5.80,0.9031,0.6356,0.288819,51,47,26,98.77,0.3981,0.2020,0.028115,4.337
480164,520,351,871,241,54,233,330.07,0.9621,0.6345,0.272250,42,48,4,117.28,0.8986,0.1915,0.026149,4.232
480174,520,351,871,230,69,242,324.95,0.9493,0.6345,0.274923,81,21,21,24.42,0.7756,0.1950,0.023401,4.427
480179,520,473,993,200,61,154,343.87,0.7743,0.5247,0.179518,3,3,16,278.98,0.6465,0.0343,0.001219,4.481
480181,520,442,962,192,31,235,317.15,0.9647,0.5406,0.181860,26,10,25,329.35,0.4802,0.0791,0.005069,4.210
480182,520,386,906,239,46,167,348.28,0.9239,0.5892,0.230977,39,3,94,290.19,0.9704,0.1502,0.013046,4.457
480189,520,469,989,193,51,184,330.82,0.8348,0.5193,0.171674,15,3,9,346.34,0.5454,0.0441,0.001864,4.274
480196,520,450,970,195,30,232,318.70,0.9650,0.5426,0.183583,23,12,1,72.49,0.8190,0.0709,0.004473,4.288
480202,520,186,706,252,166,190,1.52,0.8734,0.7859,0.516878,61,86,19,128.04,0.8782,0.3285,0.076946,4.466
480215,520,224,744,255,144,185,357.30,1.0000,0.7475,0.447120,32,83,29,142.46,0.9204,0.3012,0.065821,4.292
480230,520,397,917,245,41,114,7.10,0.9420,0.5776,0.222166,23,36,16,135.38,0.5499,0.1386,0.014813,4.199
480237,520,464,984,168,73,203,315.71,0.7730,0.5171,0.174026,11,7,4,66.44,0.2706,0.0476,0.002319,4.282
480244,520,314,834,249,61,250,327.87,0.9845,0.6637,0.303822,12,61,22,146.70,0.9575,0.2172,0.034734,4.176
480255,520,415,935,200,60,235,318.59,0.9164,0.5740,0.215107,14,6,88,272.24,0.9790,0.1222,0.009281,4.472
480263,520,446,966,214,55,138,353.46,0.8192,0.5369,0.188658,13,19,15,155.77,0.2027,0.0809,0.005858,4.273
480283,520,317,837,214,107,246,317.84,0.9288,0.6591,0.314668,8,50,103,256.92,0.8855,0.2238,0.033119,4.387
480285,520,454,974,218,54,89,13.97,0.8587,0.5274,0.182676,18,15,9,84.53,0.2317,0.0738,0.004900,4.238
480300,520,419,939,246,3,87,13.99,0.9976,0.5587,0.203496,30,5,70,292.16,0.9116,0.1136,0.008268,4.351
480304,520,389,909,208,52,244,319.00,0.9512,0.5865,0.223992,68,0,33,358.67,1.0000,0.1476,0.013390,4.322
480305,520,423,943,240,52,14,32.37,0.9871,0.5600,0.210162,41,19,14,33.75,0.4689,0.1148,0.009689,4.359
480324,520,259,779,248,139,119,31.46,0.8762,0.7096,0.397563,33,68,78,218.64,0.4814,0.2689,0.050075,4.472
480327,520,429,949,146,91,243,295.95,0.8832,0.5460,0.200643,41,5,27,346.92,0.7366,0.0959,0.006592,4.429
480329,520,412,932,248,41,37,28.19,0.9739,0.5696,0.216795,28,27,12,105.08,0.4208,0.1161,0.010573,4.405
480331,520,399,919,252,36,38,27.59,0.9883,0.5751,0.221009,47,29,2,74.19,0.8816,0.1447,0.014875,4.177
480357,520,423,943,238,6,140,355.65,0.9921,0.5592,0.202040,0,28,33,210.84,1.0000,0.1059,0.009403,4.243
480360,520,461,981,220,22,150,348.77,0.9479,0.5321,0.179940,11,7,5,53.78,0.2029,0.0480,0.002341,4.393
480386,520,180,700,248,168,200,353.93,0.8086,0.7882,0.521338,17,91,59,159.29,0.9332,0.3292,0.079168,4.423
480397,520,399,919,235,0,202,336.51,1.0000,0.5834,0.219292,14,39,21,150.83,0.7120,0.1434,0.015985,4.081
480398,520,430,950,206,64,172,338.96,0.7964,0.5477,0.197691,18,21,32,272.41,0.2703,0.0974,0.007692,4.293
480404,520,199,719,248,172,48,73.96,0.9345,0.7657,0.496773,60,84,25,128.67,0.8069,0.3221,0.073714,4.420
480407,520,406,926,211,49,226,324.20,0.9342,0.5760,0.215384,13,37,1,136.35,0.9882,0.1325,0.014109,4.140
480408,520,471,991,231,4,54,21.75,0.9968,0.5209,0.173452,3,6,1,130.56,0.7107,0.0362,0.001518,4.337
480413,520,420,940,223,28,187,337.95,0.9533,0.5597,0.201088,30,17,47,301.64,0.5694,0.1106,0.008822,4.269
480415,520,422,942,246,7,76,17.28,0.9951,0.5573,0.202701,23,28,11,122.47,0.4861,0.1136,0.010368,4.186
480421,520,454,974,148,96,208,303.06,0.6904,0.5303,0.192160,1,17,14,181.21,0.8830,0.0665,0.004390,4.452
480448,520,403,923,198,81,207,324.79,0.7944,0.5752,0.223971,28,31,13,116.73,0.4703,0.1276,0.012559,4.379
480460,520,462,982,221,44,98,9.50,0.8894,0.5271,0.180580,23,3,1,34.55,0.8509,0.0524,0.002495,4.392
480468,520,460,980,232,24,66,19.62,0.9745,0.5308,0.182055,28,2,3,22.16,0.8550,0.0590,0.002969,4.381
480476,520,410,930,209,77,169,341.59,0.7535,0.5665,0.217296,55,1,54,329.17,0.9315,0.1335,0.011004,4.382
480505,520,479,999,223,0,100,6.40,1.0000,0.5129,0.166109,0,0,7,264.05,1.0000,0.0135,0.000153,4.309
480510,520,424,944,203,87,136,356.22,0.6568,0.5560,0.212923,22,29,6,123.73,0.6985,0.1147,0.010624,4.337
480529,520,382,902,197,90,232,316.92,0.8544,0.6020,0.250101,5,41,47,211.06,0.8118,0.1560,0.018233,4.398
480553,520,352,872,252,56,162,353.18,0.9709,0.6185,0.261358,69,31,16,41.50,0.6497,0.1878,0.022828,4.275
480566,520,425,945,154,91,254,296.97,0.9866,0.5642,0.215081,35,21,10,58.32,0.4595,0.1093,0.009156,4.481
480574,520,442,962,198,80,145,349.03,0.6801,0.5410,0.197892,15,19,13,135.22,0.2119,0.0820,0.005964,4.430
480580,520,302,822,230,135,97,42.25,0.7101,0.6712,0.350162,21,62,58,186.44,0.6449,0.2347,0.039100,4.491
480587,520,387,907,180,99,224,312.12,0.7741,0.5868,0.240096,41,33,0,95.71,1.0000,0.1462,0.015592,4.423
480594,520,462,982,179,63,217,316.42,0.8518,0.5314,0.181495,1,10,11,201.57,0.7401,0.0478,0.002477,4.411
480600,520,434,954,199,11,238,318.67,0.9918,0.5474,0.185561,37,15,24,355.22,0.4497,0.1037,0.008010,4.061
480604,520,426,946,240,31,88,14.26,0.9623,0.5551,0.202131,6,24,50,257.46,0.7281,0.1088,0.009222,4.257
480611,520,309,829,197,134,211,320.16,0.6082,0.6632,0.336246,15,61,44,164.65,0.8273,0.2238,0.036207,4.480
480613,520,399,919,170,100,225,307.75,0.7669,0.5762,0.230972,22,34,30,172.08,0.2521,0.1358,0.014083,4.384
480622,520,416,936,239,58,88,17.21,0.9069,0.5721,0.220846,32,24,32,326.21,0.2087,0.1195,0.010646,4.466
480626,520,364,884,254,55,133,3.25,0.9893,0.6108,0.255002,1,42,70,244.51,0.9510,0.1721,0.021045,4.293
480628,520,451,971,238,0,66,19.07,1.0000,0.5370,0.185738,15,11,29,292.08,0.4761,0.0705,0.004296,4.342
480642,520,461,981,226,24,122,359.93,0.9495,0.5332,0.182299,5,7,24,273.71,0.5892,0.0508,0.002502,4.425
480647,520,460,980,234,4,47,23.53,0.9973,0.5265,0.177877,15,4,37,293.82,0.8009,0.0628,0.003220,4.282
480669,520,417,937,248,19,108,8.22,0.9825,0.5719,0.215084,33,22,34,323.69,0.2969,0.1171,0.010127,4.409
480672,520,444,964,188,54,216,319.96,0.8828,0.5356,0.182889,30,10,2,48.00,0.7470,0.0774,0.004975,4.236
480675,520,371,891,253,22,171,349.29,0.9852,0.6060,0.244002,19,38,72,261.10,0.6268,0.1698,0.019925,4.205
480676,520,476,996,219,33,87,12.13,0.9279,0.5127,0.168385,8,0,3,351.24,1.0000,0.0245,0.000582,4.317
480714,520,219,739,212,164,228,317.53,0.6388,0.7489,0.461502,3,82,62,169.10,0.9828,0.2973,0.064014,4.486
480725,520,422,942,229,12,172,343.67,0.9830,0.5575,0.199022,9,21,62,266.91,0.8247,0.1135,0.009422,4.191
480736,520,411,931,153,99,247,296.65,0.8999,0.5703,0.224115,11,31,19,155.62,0.6107,0.1157,0.010981,4.495
480737,520,467,987,214,52,98,9.49,0.8435,0.5201,0.176364,2,0,35,271.22,1.0000,0.0399,0.001342,4.409
480740,520,288,808,229,111,231,326.80,0.8760,0.6772,0.337984,74,47,44,26.40,0.3106,0.2381,0.036709,4.475
480752,520,444,964,229,25,115,3.04,0.9524,0.5373,0.185940,26,12,14,10.61,0.3417,0.0784,0.005143,4.279
480754,520,453,973,211,56,120,0.30,0.8075,0.5252,0.180356,6,16,9,154.20,0.4652,0.0662,0.004290,4.243
480768,520,474,994,229,18,48,23.66,0.9853,0.5195,0.173070,8,0,21,302.26,1.0000,0.0345,0.001058,4.369
480775,520,173,693,239,188,148,59.50,0.6368,0.8038,0.564568,7,98,23,144.60,0.9935,0.3443,0.088420,4.440
480776,520,384,904,250,61,22,32.77,0.9816,0.5884,0.237230,63,14,14,24.52,0.7827,0.1469,0.014027,4.486
480782,520,443,963,190,56,214,321.04,0.8749,0.5392,0.186319,38,3,11,10.10,0.8050,0.0811,0.005014,4.296
480783,520,352,872,240,58,205,337.28,0.9316,0.6192,0.259620,2,54,18,148.41,0.9914,0.1891,0.026948,4.024
480784,520,449,969,192,36,233,317.49,0.9542,0.5417,0.183528,35,1,18,352.90,0.8578,0.0743,0.004228,4.306
480794,520,327,847,241,71,233,330.01,0.9435,0.6484,0.290930,51,36,90,292.95,0.6133,0.2081,0.027037,4.426
480797,520,351,871,253,17,225,334.74,0.9941,0.6334,0.267230,26,17,124,272.90,0.9660,0.1906,0.020756,4.483
480800,520,409,929,201,78,201,327.72,0.7942,0.5724,0.220849,56,13,0,40.01,1.0000,0.1290,0.011287,4.419
480820,520,338,858,200,111,228,317.58,0.7918,0.6353,0.292508,51,47,17,101.78,0.6023,0.2003,0.027773,4.404
480841,520,258,778,252,126,173,358.11,0.9213,0.7084,0.386371,40,73,15,134.67,0.9261,0.2708,0.052506,4.257
480844,520,386,906,214,39,246,320.45,0.9706,0.5891,0.224029,34,22,78,287.12,0.7388,0.1510,0.014639,4.239
480845,520,424,944,203,2,248,317.60,0.9989,0.5603,0.195188,14,7,81,273.31,0.9673,0.1143,0.008393,4.199
480856,520,471,991,215,4,147,348.29,0.9893,0.5158,0.166429,1,1,33,267.94,0.9855,0.0394,0.001380,4.212
480886,520,204,724,234,162,216,336.03,0.7297,0.7653,0.482925,39,84,37,142.88,0.8426,0.3094,0.069053,4.476
480896,520,391,911,247,42,137,359.67,0.9409,0.5896,0.232396,7,29,86,263.97,0.9114,0.1546,0.015957,4.282
480897,520,341,861,242,43,230,331.08,0.9724,0.6273,0.263210,11,12,142,266.62,0.9915,0.2035,0.022869,4.298
480904,520,461,981,178,19,254,309.28,0.9953,0.5301,0.170874,24,0,12,349.67,1.0000,0.0508,0.002208,4.231
480908,520,364,884,238,30,226,331.14,0.9812,0.6115,0.245994,50,36,26,56.81,0.2993,0.1710,0.020145,4.220
480920,520,456,976,229,15,101,7.51,0.9770,0.5294,0.179422,7,0,48,277.16,1.0000,0.0583,0.002586,4.363
480953,520,420,940,242,7,122,2.34,0.9921,0.5609,0.204377,33,18,39,315.80,0.4608,0.1112,0.009025,4.310
480976,520,353,873,191,110,222,315.93,0.7465,0.6181,0.275031,23,48,8,136.01,0.9246,0.1761,0.023135,4.444
480977,520,419,939,245,5,112,6.07,0.9951,0.5635,0.206943,31,19,39,310.83,0.4300,0.1107,0.009036,4.352
480993,520,385,905,243,76,25,35.79,0.9712,0.5907,0.242970,12,29,82,265.89,0.8597,0.1526,0.015660,4.462
480994,520,327,847,255,86,149,1.35,1.0000,0.6484,0.300889,35,52,57,217.96,0.2546,0.2115,0.031086,4.327
480995,520,255,775,232,131,241,324.14,0.9067,0.7182,0.397410,65,64,43,105.65,0.2978,0.2704,0.049651,4.490
480998,520,404,924,192,75,238,314.73,0.8998,0.5799,0.224128,10,33,39,217.42,0.5632,0.1293,0.012987,4.352
481013,520,372,892,239,21,222,332.36,0.9881,0.6075,0.241638,37,42,7,117.08,0.7873,0.1685,0.020646,4.128
481023,520,468,988,225,41,31,29.05,0.9590,0.5214,0.176952,6,1,31,284.15,0.9401,0.0428,0.001594,4.399
481030,520,427,947,239,46,60,23.84,0.9497,0.5571,0.206342,9,25,23,185.23,0.4483,0.0977,0.008152,4.408
481031,520,448,968,211,45,178,337.84,0.8772,0.5426,0.189421,31,7,31,327.61,0.6514,0.0845,0.005422,4.320
481054,520,412,932,250,25,44,25.72,0.9866,0.5663,0.212048,32,5,73,292.71,0.9168,0.1193,0.008967,4.444
481064,520,473,993,159,50,255,302.21,1.0000,0.5219,0.168726,3,3,14,279.91,0.5906,0.0332,0.001162,4.275
481065,520,449,969,209,57,166,341.69,0.8188,0.5427,0.192368,11,15,20,254.17,0.1938,0.0712,0.004633,4.436
481080,520,370,890,201,102,215,322.53,0.7573,0.6146,0.268279,47,40,11,95.69,0.6698,0.1748,0.021461,4.454
481083,520,379,899,213,76,212,328.11,0.8515,0.5956,0.240703,13,27,96,267.53,0.9156,0.1638,0.017139,4.330
481094,520,402,922,250,18,132,0.75,0.9835,0.5832,0.224261,41,27,8,72.57,0.6121,0.1319,0.012729,4.372
481104,520,424,944,200,27,242,317.85,0.9774,0.5573,0.194756,43,13,19,10.04,0.5723,0.1084,0.008485,4.185
481113,520,412,932,239,30,155,351.55,0.9552,0.5748,0.216489,18,23,53,273.47,0.5797,0.1161,0.009984,4.443
481138,520,316,836,238,104,197,341.01,0.8507,0.6631,0.321115,57,52,9,102.52,0.8101,0.2208,0.033456,4.447
481153,520,466,986,229,19,26,27.73,0.9877,0.5177,0.172014,23,1,15,342.93,0.8016,0.0527,0.002384,4.238
481158,520,474,994,224,36,17,30.29,0.9802,0.5150,0.171524,13,0,7,343.50,1.0000,0.0327,0.001009,4.343
481161,520,337,857,243,106,72,35.13,0.8976,0.6367,0.298336,36,53,13,129.30,0.8061,0.2026,0.029503,4.381
481169,520,472,992,169,52,232,310.09,0.9090,0.5173,0.167180,4,4,2,107.87,0.2672,0.0320,0.001170,4.244
481175,520,460,980,171,78,207,315.31,0.7686,0.5311,0.186126,10,1,44,283.22,0.9684,0.0586,0.002681,4.482
481180,520,470,990,223,0,122,358.62,1.0000,0.5204,0.170958,4,2,31,277.44,0.9193,0.0433,0.001681,4.275
481188,520,402,922,212,5,255,318.38,1.0000,0.5814,0.213274,38,22,47,312.46,0.4733,0.1309,0.011912,4.252
481196,520,409,929,225,12,203,333.91,0.9880,0.5679,0.205848,47,19,38,340.94,0.5110,0.1333,0.012101,4.120
481229,520,455,975,158,61,251,301.92,0.9727,0.5275,0.175721,26,5,8,12.05,0.6072,0.0634,0.003457,4.222
481242,520,459,979,214,25,167,341.78,0.9376,0.5304,0.177837,9,10,24,279.01,0.4306,0.0606,0.003411,4.266
481244,520,438,958,163,92,216,308.23,0.7460,0.5478,0.203993,15,19,34,271.80,0.3766,0.0911,0.006828,4.470
481252,520,459,979,233,3,83,13.67,0.9966,0.5303,0.180164,12,13,6,114.30,0.3073,0.0626,0.003792,4.279
481266,520,386,906,245,64,74,23.04,0.9408,0.5868,0.235770,30,14,96,280.65,0.9167,0.1545,0.014346,4.441
481324,520,460,980,173,69,216,314.26,0.8266,0.5287,0.180993,2,9,40,264.92,0.8971,0.0643,0.003615,4.308
481344,520,430,950,215,82,66,29.66,0.8094,0.5507,0.208774,1,28,0,141.72,1.0000,0.0963,0.008369,4.433
481398,520,476,996,218,42,12,31.67,0.9841,0.5065,0.165906,0,0,10,264.05,1.0000,0.0158,0.000219,4.299
481414,520,427,947,141,97,254,291.48,0.9854,0.5595,0.213678,13,27,3,133.28,0.9008,0.1010,0.008760,4.487
481419,520,436,956,226,68,3,36.97,0.9953,0.5478,0.203124,23,13,45,294.32,0.6380,0.0936,0.006595,4.473
481429,520,369,889,243,60,171,348.54,0.9075,0.6091,0.252297,61,12,75,317.41,0.7990,0.1723,0.017632,4.470
481430,520,407,927,209,35,228,323.39,0.9601,0.5653,0.203606,31,7,84,286.48,0.9284,0.1332,0.010833,4.169
481461,520,248,768,250,113,251,327.27,0.9835,0.7215,0.391018,1,55,153,261.56,0.9951,0.2844,0.050384,4.393
481462,520,480,1000,200,13,188,331.67,0.9713,0.5126,0.161999,0,0,0,0.00,0.0000,0.0000,0.000000,4.240
481470,520,373,893,244,67,108,12.14,0.9079,0.5951,0.243334,71,9,27,9.67,0.8129,0.1613,0.016143,4.435
481488,520,353,873,215,116,115,21.52,0.6124,0.6170,0.281776,29,49,2,130.41,0.9738,0.1828,0.024622,4.446
481503,520,333,853,247,18,249,327.89,0.9952,0.6386,0.270492,60,30,75,313.16,0.5938,0.1966,0.023973,4.333
481506,520,477,997,116,89,247,284.82,0.9323,0.5148,0.175728,5,0,8,317.19,1.0000,0.0230,0.000498,4.470
481519,520,439,959,214,8,206,330.40,0.9903,0.5490,0.189282,12,19,38,267.29,0.4899,0.0913,0.006838,4.210
481536,520,352,872,228,78,215,331.51,0.8853,0.6237,0.268513,71,27,29,19.54,0.5847,0.1867,0.022124,4.416
481550,520,319,839,241,83,212,335.94,0.9164,0.6487,0.296434,8,56,72,225.82,0.8276,0.2182,0.033477,4.150
481569,520,388,908,251,2,164,350.69,0.9985,0.5945,0.232365,68,7,4,29.34,0.9382,0.1479,0.013899,4.419
481598,520,366,886,208,81,234,320.40,0.8910,0.6078,0.252368,10,42,56,230.75,0.6940,0.1661,0.020059,4.316
481615,520,420,940,228,30,178,341.86,0.9492,0.5650,0.206395,37,20,6,59.29,0.6103,0.1091,0.009068,4.341
481668,520,410,930,229,61,123,3.26,0.8454,0.5652,0.214283,1,32,48,235.30,0.9277,0.1271,0.012528,4.227
481672,520,430,950,226,24,169,344.05,0.9565,0.5539,0.196892,11,27,19,160.90,0.4857,0.1034,0.009020,4.183
481683,520,439,959,200,49,216,323.68,0.9080,0.5508,0.194355,36,0,49,315.21,1.0000,0.0942,0.005969,4.366
481688,520,477,997,198,24,178,334.10,0.9299,0.5064,0.158752,3,0,14,293.16,1.0000,0.0236,0.000511,4.133
481706,520,393,913,245,44,154,353.71,0.9353,0.5936,0.235502,46,28,12,61.05,0.5392,0.1423,0.014380,4.435
481717,520,272,792,252,110,206,341.94,0.9688,0.6974,0.363064,98,43,2,50.12,0.9492,0.2630,0.043292,4.428
481739,520,467,987,223,37,92,11.26,0.9200,0.5246,0.177866,6,3,23,287.31,0.7350,0.0417,0.001657,4.411
481760,520,318,838,198,141,158,359.60,0.3733,0.6560,0.335252,33,60,23,137.96,0.7722,0.2245,0.036168,4.471
481764,520,332,852,250,88,155,358.40,0.9278,0.6442,0.296732,49,47,43,84.59,0.0674,0.2046,0.028604,4.411
481796,520,438,958,194,28,244,315.74,0.9757,0.5497,0.188329,9,11,56,272.71,0.8820,0.0880,0.005829,4.269
481808,520,352,872,238,96,94,23.88,0.8517,0.6168,0.273539,33,41,77,272.28,0.5067,0.1914,0.024450,4.346
481809,520,433,953,232,2,147,352.07,0.9968,0.5493,0.193087,3,3,78,266.56,0.9926,0.0982,0.006345,4.314
481814,520,362,882,251,45,165,351.42,0.9665,0.6102,0.251060,53,18,90,300.97,0.8035,0.1803,0.019277,4.346
481843,520,468,988,220,46,57,23.78,0.9258,0.5179,0.174677,17,0,17,328.36,1.0000,0.0426,0.001597,4.354
481844,520,412,932,238,17,163,348.49,0.9792,0.5717,0.212254,47,16,31,352.08,0.5496,0.1248,0.010739,4.318
481851,520,362,882,237,44,210,335.03,0.9546,0.6069,0.244618,14,37,91,263.73,0.8400,0.1813,0.021717,4.108
481860,520,367,887,241,76,136,2.42,0.8638,0.6075,0.256502,20,36,74,264.75,0.6471,0.1668,0.019048,4.439
481868,520,480,1000,187,51,191,326.78,0.8398,0.5137,0.166955,0,0,0,0.00,0.0000,0.0000,0.000000,4.339
481882,520,473,993,208,56,129,355.82,0.7990,0.5230,0.178254,7,1,18,301.62,0.8218,0.0342,0.001106,4.466
481883,520,407,927,216,33,216,328.24,0.9583,0.5678,0.206466,44,8,62,311.36,0.8080,0.1290,0.010570,4.234
481892,520,414,934,185,85,218,316.86,0.7945,0.5685,0.218743,5,26,56,257.36,0.7946,0.1182,0.010565,4.437
481898,520,477,997,219,45,55,24.15,0.9286,0.5148,0.172153,4,1,4,327.25,0.5374,0.0231,0.000563,4.394
481908,520,463,983,212,22,173,339.34,0.9479,0.5287,0.175902,11,5,22,299.23,0.5800,0.0505,0.002376,4.313
481909,520,440,960,220,52,154,348.61,0.8522,0.5524,0.200072,1,20,44,253.19,0.9022,0.0911,0.006886,4.396
481911,520,390,910,234,70,127,3.84,0.8355,0.5852,0.234079,64,15,12,27.45,0.7973,0.1500,0.014584,4.399
481922,520,391,911,226,71,168,346.24,0.8220,0.5881,0.235048,69,5,31,2.92,0.8469,0.1543,0.014729,4.404
481929,520,359,879,234,14,255,323.65,1.0000,0.6197,0.250289,77,13,26,14.50,0.8042,0.1779,0.019405,4.327
481935,520,455,975,231,27,44,25.24,0.9769,0.5269,0.179577,19,5,21,322.79,0.5816,0.0586,0.003011,4.331
481936,520,376,896,203,74,245,316.52,0.9407,0.6000,0.241881,13,13,111,268.77,0.9795,0.1608,0.015210,4.476
481951,520,451,971,205,46,184,334.31,0.8710,0.5361,0.183957,21,1,41,302.54,0.9345,0.0672,0.003412,4.380
481952,520,469,989,139,87,232,295.81,0.8301,0.5225,0.181316,9,3,19,301.86,0.6535,0.0422,0.001702,4.474
481981,520,442,962,192,14,247,314.76,0.9907,0.5442,0.182373,8,14,40,270.07,0.6682,0.0787,0.005189,4.211
481983,520,351,871,215,90,231,322.99,0.8773,0.6275,0.275306,2,55,16,147.25,0.9926,0.1923,0.027826,4.180
481996,520,419,939,184,49,254,310.11,0.9941,0.5556,0.195437,9,27,28,200.22,0.4795,0.1056,0.009258,4.142
482009,520,271,791,220,152,115,49.30,0.5616,0.6954,0.389116,39,71,21,136.06,0.8746,0.2643,0.049918,4.395
482038,520,396,916,212,78,175,340.22,0.7671,0.5758,0.225430,66,0,37,353.39,1.0000,0.1449,0.012920,4.377
482045,520,413,933,237,54,98,12.95,0.9029,0.5669,0.215278,51,14,6,34.47,0.7800,0.1217,0.010311,4.398
482055,520,327,847,246,66,235,330.75,0.9638,0.6534,0.294902,9,53,68,225.85,0.7943,0.2068,0.030215,4.300
482065,520,397,917,253,5,122,4.13,0.9962,0.5831,0.224000,63,2,23,7.36,0.9193,0.1352,0.011622,4.446
482074,520,394,914,240,7,200,338.19,0.9950,0.5928,0.228503,41,26,31,357.49,0.2574,0.1356,0.013092,4.414
482103,520,407,927,243,44,80,18.25,0.9472,0.5672,0.214386,34,16,71,292.49,0.7697,0.1341,0.011656,4.288
482109,520,476,996,201,71,52,31.04,0.8323,0.5073,0.171740,2,0,15,284.68,1.0000,0.0229,0.000474,4.393
482115,520,372,892,238,8,238,328.35,0.9970,0.6134,0.245265,55,20,67,316.48,0.6800,0.1662,0.017179,4.395
482118,520,422,942,244,27,97,11.60,0.9703,0.5636,0.208834,23,26,27,219.70,0.0629,0.1127,0.010001,4.314
482119,520,338,858,228,101,184,342.99,0.7695,0.6372,0.292643,60,42,40,25.97,0.2298,0.2044,0.027699,4.410
482124,520,475,995,208,26,161,342.22,0.9219,0.5161,0.167240,1,0,27,269.66,1.0000,0.0311,0.000856,4.272
482145,520,473,993,168,39,251,306.34,0.9795,0.5224,0.167416,4,2,6,309.84,0.4148,0.0276,0.000824,4.278
482161,520,455,975,214,24,167,341.76,0.9407,0.5299,0.177417,15,11,4,85.45,0.4127,0.0604,0.003497,4.251
482173,520,261,781,253,108,241,330.92,0.9908,0.7137,0.379613,55,62,82,269.59,0.2418,0.2701,0.048666,4.354
482190,520,346,866,198,107,233,315.74,0.8245,0.6293,0.284055,24,51,14,138.22,0.8830,0.1874,0.025935,4.399
482195,520,260,780,240,149,86,53.79,0.8067,0.7113,0.406944,18,75,12,141.78,0.9774,0.2664,0.051871,4.486
482232,520,229,749,254,157,18,66.15,0.9894,0.7416,0.452313,10,82,45,154.42,0.9675,0.2937,0.062883,4.450
482236,520,447,967,234,37,6,31.12,0.9942,0.5363,0.188319,13,9,51,279.30,0.8277,0.0825,0.005199,4.317
482245,520,470,990,164,48,245,305.89,0.9493,0.5179,0.165996,2,0,36,270.91,1.0000,0.0409,0.001403,4.202
482278,520,394,914,236,7,201,337.02,0.9945,0.5859,0.222047,9,35,49,235.61,0.6501,0.1404,0.014818,4.197
482284,520,420,940,219,0,207,331.40,1.0000,0.5571,0.195673,32,19,30,332.09,0.3225,0.1072,0.008666,4.188
482299,520,419,939,208,16,227,323.57,0.9857,0.5552,0.193284,15,29,13,141.35,0.5718,0.1104,0.010093,4.048
482314,520,441,961,237,22,47,24.49,0.9842,0.5379,0.187868,38,5,35,331.77,0.7452,0.0949,0.006420,4.216
482339,520,237,757,251,146,113,38.20,0.9111,0.7257,0.422620,29,66,127,259.89,0.7461,0.2943,0.056897,4.421
482341,520,456,976,154,75,242,301.05,0.9058,0.5312,0.183133,7,5,43,276.36,0.8910,0.0632,0.003281,4.376
482342,520,363,883,251,41,175,348.17,0.9694,0.6123,0.251936,59,28,42,352.62,0.4465,0.1721,0.019276,4.358
482353,520,441,961,179,72,216,316.16,0.8223,0.5412,0.191773,6,23,18,172.48,0.5755,0.0883,0.006952,4.245
482354,520,477,997,209,64,23,35.32,0.9474,0.5107,0.172863,0,2,11,258.21,1.0000,0.0247,0.000676,4.398
482357,520,381,901,218,102,124,10.16,0.6643,0.6001,0.258656,13,40,53,232.14,0.6029,0.1595,0.018601,4.499
482366,520,466,986,224,27,68,18.57,0.9621,0.5157,0.170513,10,4,30,290.06,0.7520,0.0526,0.002451,4.204
482373,520,460,980,230,7,92,10.47,0.9905,0.5270,0.177507,1,15,9,167.74,0.8948,0.0596,0.003678,4.238
482377,520,479,999,198,6,185,331.99,0.9851,0.5053,0.156406,2,0,3,318.71,1.0000,0.0147,0.000195,4.112
482381,520,366,886,254,22,173,348.91,0.9925,0.6089,0.246653,73,17,3,35.69,0.9331,0.1701,0.018242,4.347
482383,520,445,965,212,39,170,340.57,0.8903,0.5358,0.183526,37,1,32,334.33,0.8704,0.0850,0.005194,4.231
482417,520,417,937,243,14,142,356.13,0.9846,0.5718,0.213250,38,21,35,333.28,0.3734,0.1221,0.010698,4.337
482440,520,460,980,220,13,155,346.93,0.9724,0.5316,0.178726,26,5,4,26.87,0.6698,0.0622,0.003370,4.286
482442,520,442,962,239,20,14,29.13,0.9899,0.5389,0.188861,37,6,12,11.70,0.6964,0.0847,0.005502,4.304
482453,520,473,993,199,16,195,329.41,0.9678,0.5164,0.164546,2,3,11,272.10,0.5411,0.0306,0.001022,4.205
482457,520,401,921,245,16,153,353.06,0.9837,0.5807,0.220863,52,15,48,332.09,0.6557,0.1408,0.012852,4.310
482458,520,423,943,211,79,148,351.18,0.7283,0.5629,0.215810,32,21,33,323.70,0.3034,0.1130,0.009532,4.465
482463,520,400,920,226,21,209,332.58,0.9793,0.5759,0.213110,38,0,90,291.48,1.0000,0.1409,0.011503,4.278
482474,520,436,956,228,58,74,21.02,0.8942,0.5477,0.200173,41,5,21,356.85,0.7359,0.0933,0.006342,4.440
482488,520,300,820,234,113,192,342.56,0.7938,0.6681,0.331107,39,62,1,129.37,0.9910,0.2329,0.038787,4.292
482497,520,361,881,246,94,6,41.87,0.9939,0.6191,0.276146,8,49,32,161.34,0.8880,0.1772,0.023524,4.436
482516,520,386,906,255,52,37,29.51,1.0000,0.5917,0.238533,13,41,2,137.86,0.9829,0.1461,0.016758,4.322
482524,520,378,898,228,26,240,325.47,0.9857,0.6021,0.235264,50,18,67,311.73,0.7051,0.1554,0.015160,4.378
482527,520,378,898,225,12,246,323.48,0.9950,0.5974,0.229265,54,30,10,57.98,0.6481,0.1592,0.017348,4.147
482530,520,371,891,243,73,136,2.34,0.8822,0.6079,0.256004,19,47,26,150.01,0.7000,0.1736,0.022460,4.223
482534,520,400,920,241,54,99,13.08,0.9124,0.5750,0.222432,34,34,19,108.18,0.3485,0.1438,0.015312,4.171
482539,520,465,985,219,26,120,359.36,0.9329,0.5192,0.171575,0,0,49,264.05,1.0000,0.0532,0.002217,4.243
482548,520,427,947,248,15,10,29.16,0.9942,0.5565,0.203237,44,0,39,333.53,1.0000,0.1007,0.006820,4.457
482553,520,399,919,207,48,242,319.30,0.9518,0.5805,0.217918,47,16,51,322.95,0.6414,0.1359,0.012140,4.312
482561,520,407,927,190,109,114,16.52,0.4849,0.5660,0.231007,5,38,6,143.58,0.9702,0.1329,0.014316,4.369
482581,520,444,964,180,61,228,314.09,0.8841,0.5392,0.186433,14,12,43,281.26,0.6754,0.0815,0.005307,4.275
482590,520,399,919,239,73,15,36.33,0.9832,0.5791,0.231535,57,14,39,348.10,0.6681,0.1435,0.013305,4.447
482600,520,377,897,231,13,233,327.87,0.9936,0.5986,0.231624,14,39,61,247.71,0.6170,0.1620,0.018812,4.093
482602,520,412,932,212,24,229,324.06,0.9783,0.5661,0.203094,14,26,57,265.74,0.6412,0.1238,0.011275,4.130
482605,520,439,959,244,5,83,15.01,0.9960,0.5540,0.199696,36,10,13,15.27,0.5729,0.0898,0.006213,4.442
482607,520,390,910,182,93,241,309.28,0.8782,0.5920,0.241255,20,41,0,132.70,1.0000,0.1498,0.017346,4.325
482618,520,381,901,197,92,223,319.24,0.8120,0.5989,0.248536,9,42,42,195.11,0.7066,0.1583,0.018811,4.338
482654,520,395,915,215,30,254,319.10,0.9957,0.5925,0.225332,43,11,73,302.36,0.8207,0.1411,0.012340,4.417
482735,520,434,954,215,19,206,330.64,0.9757,0.5536,0.193712,0,3,79,264.19,0.9944,0.0977,0.006296,4.329
482751,520,453,973,164,82,216,309.81,0.7787,0.5336,0.188856,7,4,49,275.04,0.9403,0.0672,0.003537,4.461
482753,520,469,989,199,80,37,38.98,0.8580,0.5150,0.180150,3,1,31,275.43,0.9665,0.0397,0.001400,4.478
482762,520,475,995,176,31,245,310.29,0.9685,0.5240,0.168036,6,3,4,354.40,0.2345,0.0322,0.001126,4.265
482769,520,361,881,237,40,229,330.15,0.9718,0.6164,0.251819,59,29,52,336.35,0.4680,0.1788,0.020566,4.277
482785,520,423,943,234,47,123,2.62,0.9010,0.5628,0.209585,25,21,46,289.04,0.4775,0.1126,0.009403,4.370
482788,520,386,906,206,58,246,317.81,0.9558,0.5897,0.228033,62,12,42,347.93,0.7221,0.1520,0.014544,4.308
482790,520,434,954,220,1,196,334.57,0.9987,0.5520,0.192252,14,21,35,263.50,0.3797,0.0959,0.007510,4.212
482820,520,467,987,216,12,139,351.39,0.9696,0.5159,0.167284,3,4,18,274.49,0.6351,0.0381,0.001499,4.219
482821,520,290,810,248,108,193,345.57,0.9159,0.6826,0.345346,64,57,0,101.73,1.0000,0.2429,0.040163,4.385
482828,520,398,918,244,36,145,356.09,0.9485,0.5834,0.225424,20,38,25,152.08,0.4710,0.1449,0.016051,4.170
482843,520,372,892,240,88,112,14.39,0.8506,0.6134,0.266775,7,41,72,250.26,0.7933,0.1729,0.020988,4.462
482846,520,389,909,208,79,215,325.66,0.8411,0.5931,0.239099,3,40,41,197.59,0.8850,0.1490,0.016970,4.317
482847,520,380,900,226,79,180,342.38,0.8136,0.6029,0.250584,7,42,40,189.55,0.7738,0.1566,0.018542,4.385
482848,520,419,939,227,43,148,351.87,0.8961,0.5560,0.201995,18,11,66,279.31,0.8728,0.1051,0.007613,4.374
482864,520,448,968,240,18,8,29.43,0.9938,0.5402,0.189788,12,12,41,278.65,0.6661,0.0783,0.005012,4.359
482866,520,480,1000,175,19,237,312.02,0.9804,0.5101,0.156951,0,0,0,0.00,0.0000,0.0000,0.000000,4.139
482871,520,480,1000,166,23,246,307.29,0.9788,0.5061,0.153744,0,0,0,0.00,0.0000,0.0000,0.000000,4.075
482875,520,391,911,235,64,152,353.69,0.8591,0.5900,0.235988,62,2,59,330.64,0.8990,0.1518,0.013835,4.480
482886,520,408,928,198,102,128,4.09,0.5569,0.5696,0.230686,18,32,42,240.48,0.3628,0.1325,0.013287,4.435
482889,520,313,833,162,143,237,291.83,0.7302,0.6572,0.334406,26,58,58,195.45,0.4916,0.2244,0.035511,4.495
482912,520,444,964,214,64,108,7.30,0.7935,0.5354,0.190480,15,19,12,132.04,0.2438,0.0817,0.005938,4.299
482917,520,476,996,182,31,211,320.07,0.9354,0.5051,0.156295,4,0,8,311.99,1.0000,0.0216,0.000433,4.090
482922,520,302,822,250,91,213,338.16,0.9644,0.6730,0.326132,33,51,94,265.21,0.5769,0.2304,0.034990,4.426
482954,520,405,925,222,64,177,341.63,0.8421,0.5781,0.223731,51,18,13,30.49,0.6280,0.1297,0.011656,4.440
482962,520,349,869,235,90,182,344.78,0.8308,0.6324,0.283545,12,47,75,246.71,0.7292,0.1942,0.026191,4.378
482965,520,472,992,197,14,199,327.77,0.9737,0.5150,0.163096,5,4,0,101.83,1.0000,0.0323,0.001191,4.163
482967,520,447,967,153,78,250,298.87,0.9546,0.5409,0.191235,18,11,45,287.64,0.6946,0.0849,0.005574,4.341
482981,520,317,837,248,81,221,335.05,0.9610,0.6628,0.310646,35,53,72,250.51,0.3651,0.2224,0.033713,4.308
482982,520,282,802,203,133,243,312.19,0.8447,0.6859,0.359435,27,59,92,251.13,0.6009,0.2474,0.041335,4.483
482994,520,63,583,224,233,233,196.99,0.1564,0.9152,0.800080,43,120,1,138.67,0.9991,0.4264,0.139482,4.486
482999,520,478,998,110,87,248,282.99,0.9460,0.5068,0.169083,4,1,3,337.70,0.4942,0.0226,0.000541,4.335
483001,520,359,879,254,69,115,11.17,0.9885,0.6178,0.265684,54,39,18,74.23,0.5136,0.1826,0.022791,4.337
483003,520,350,870,255,87,14,38.53,1.0000,0.6263,0.281117,41,46,44,169.84,0.0734,0.1936,0.026072,4.353
483007,520,403,923,238,61,106,11.19,0.8833,0.5773,0.225583,49,18,24,9.75,0.5268,0.1291,0.011516,4.480
483011,520,428,948,240,33,116,5.05,0.9498,0.5637,0.208771,20,24,11,122.59,0.3976,0.0995,0.008261,4.442
483015,520,479,999,189,68,151,342.22,0.7182,0.5124,0.171890,0,0,3,264.05,1.0000,0.0094,0.000066,4.432
483048,520,384,904,254,7,140,358.68,0.9948,0.5916,0.231199,47,21,62,311.33,0.6312,0.1519,0.014885,4.334
483051,520,342,862,249,86,136,5.40,0.9176,0.6336,0.285761,42,48,16,118.52,0.6386,0.1930,0.026435,4.393
483069,520,354,874,212,122,83,43.63,0.6533,0.6169,0.285425,34,48,6,126.40,0.8857,0.1841,0.024671,4.492
483091,520,458,978,153,99,185,311.78,0.5766,0.5270,0.191992,5,14,18,225.52,0.3916,0.0634,0.003900,4.490
483098,520,455,975,202,76,103,10.44,0.7076,0.5270,0.187067,24,5,0,47.28,1.0000,0.0580,0.003028,4.471
483102,520,354,874,250,62,165,352.16,0.9518,0.6210,0.264891,58,33,32,22.33,0.3530,0.1774,0.020916,4.440
483164,520,453,973,187,81,161,338.00,0.6664,0.5320,0.190243,19,9,20,323.59,0.3880,0.0662,0.003843,4.462
483197,520,473,993,176,6,245,310.76,0.9953,0.5153,0.159539,1,3,5,238.36,0.4381,0.0266,0.000825,4.123
483201,520,452,972,189,92,103,14.57,0.5759,0.5300,0.194539,4,17,28,243.73,0.5966,0.0750,0.005105,4.438
483209,520,433,953,240,1,105,7.47,0.9989,0.5503,0.195702,8,24,27,211.02,0.4623,0.0959,0.007840,4.248
483226,520,427,947,239,44,85,16.32,0.9379,0.5602,0.208112,50,3,3,27.24,0.9436,0.1035,0.007499,4.489
483232,520,446,966,229,40,85,14.81,0.9289,0.5371,0.188344,21,6,41,299.10,0.7584,0.0763,0.004498,4.373
483239,520,413,933,252,15,51,23.96,0.9931,0.5680,0.212799,21,19,65,278.99,0.7442,0.1203,0.010068,4.375
483244,520,424,944,207,44,215,326.00,0.9260,0.5582,0.199749,48,12,7,30.93,0.7568,0.1131,0.009068,4.228
483250,520,466,986,177,32,242,311.20,0.9648,0.5234,0.167919,13,5,23,303.45,0.5966,0.0530,0.002560,4.146
483262,520,372,892,230,30,243,325.24,0.9840,0.6092,0.242250,67,24,3,44.22,0.8811,0.1689,0.018533,4.264
483276,520,476,996,216,18,116,359.86,0.9542,0.5084,0.162950,6,0,7,324.68,1.0000,0.0239,0.000541,4.213
483279,520,416,936,233,51,152,352.27,0.8894,0.5749,0.219611,37,20,43,316.85,0.4719,0.1230,0.010681,4.443
483285,520,480,1000,205,36,148,346.23,0.8705,0.5093,0.163811,0,0,0,0.00,0.0000,0.0000,0.000000,4.276
483288,520,317,837,225,91,249,321.26,0.9662,0.6551,0.303312,86,30,2,43.14,0.9470,0.2164,0.029117,4.466
483294,520,408,928,246,43,31,29.28,0.9709,0.5664,0.214230,2,29,57,251.78,0.8803,0.1255,0.011870,4.271
483322,520,335,855,244,44,248,327.30,0.9805,0.6430,0.278145,93,3,11,24.85,0.9803,0.2025,0.024169,4.424
483327,520,352,872,231,56,232,327.85,0.9497,0.6185,0.256458,28,45,58,242.20,0.3494,0.1861,0.024291,4.125
483343,520,420,940,239,55,33,30.70,0.9606,0.5616,0.211961,15,19,55,273.91,0.6954,0.1065,0.008431,4.483
483344,520,428,948,243,26,84,15.49,0.9741,0.5581,0.204370,12,5,75,273.30,0.9730,0.1026,0.006947,4.467
483345,520,425,945,247,36,40,27.19,0.9763,0.5648,0.211927,9,23,56,264.19,0.7389,0.1128,0.009563,4.397
483358,520,306,826,231,117,183,346.12,0.7425,0.6661,0.331326,28,60,42,157.39,0.5796,0.2259,0.036456,4.411
483394,520,411,931,237,31,152,352.15,0.9495,0.5701,0.212545,1,31,48,237.56,0.9228,0.1242,0.011998,4.235
483412,520,423,943,239,55,55,26.37,0.9389,0.5638,0.213622,21,29,9,127.23,0.5936,0.1143,0.010579,4.352
483429,520,389,909,188,81,252,309.88,0.9736,0.5920,0.236055,61,4,58,330.65,0.8441,0.1512,0.013846,4.480
483432,520,465,985,222,49,25,31.20,0.9631,0.5212,0.177992,3,1,39,272.34,0.9832,0.0473,0.001875,4.395
483448,520,448,968,230,4,140,353.98,0.9931,0.5427,0.188062,27,9,34,315.61,0.6117,0.0839,0.005439,4.294
483494,520,475,995,153,65,242,301.66,0.9205,0.5174,0.169641,0,4,4,194.77,1.0000,0.0280,0.000956,4.310
483534,520,437,957,226,27,159,347.30,0.9451,0.5501,0.194585,13,5,65,276.53,0.9520,0.0911,0.005757,4.387
483556,520,366,886,234,36,234,328.25,0.9767,0.6125,0.246972,52,9,92,300.78,0.8931,0.1712,0.016982,4.434
483557,520,472,992,221,13,112,2.13,0.9729,0.5157,0.168325,10,0,10,328.36,1.0000,0.0304,0.000865,4.292
483570,520,452,972,156,81,233,302.92,0.8488,0.5346,0.188364,18,13,7,72.95,0.2880,0.0687,0.004318,4.388
483582,520,385,905,238,61,144,356.99,0.8741,0.5896,0.235312,16,6,109,270.57,0.9888,0.1524,0.013444,4.497
483597,520,390,910,231,31,217,331.73,0.9725,0.5938,0.229812,58,0,64,323.78,1.0000,0.1459,0.012698,4.463
483614,520,341,861,228,52,253,322.21,0.9917,0.6250,0.260440,52,45,11,97.51,0.7207,0.1950,0.026310,4.068
483615,520,468,988,232,0,62,19.63,1.0000,0.5234,0.175067,1,1,29,268.68,0.9803,0.0358,0.001169,4.399
483631,520,415,935,244,49,66,22.90,0.9482,0.5704,0.218265,44,11,51,320.17,0.7170,0.1239,0.010139,4.461
483641,520,221,741,239,153,211,339.87,0.7897,0.7522,0.458382,4,85,26,146.44,0.9941,0.2993,0.065971,4.384
483652,520,373,893,244,69,117,9.14,0.9006,0.5996,0.247769,57,13,73,315.21,0.7857,0.1649,0.016388,4.485
483655,520,385,905,249,27,148,355.72,0.9712,0.5902,0.230652,17,26,82,270.18,0.8419,0.1487,0.014671,4.340
483659,520,446,966,225,24,144,352.00,0.9480,0.5400,0.186771,39,4,11,12.04,0.7809,0.0847,0.005424,4.272
483665,520,396,916,218,76,159,348.03,0.7716,0.5759,0.225798,55,8,48,334.79,0.7617,0.1375,0.011994,4.449
483682,520,445,965,185,70,201,322.60,0.7954,0.5374,0.189129,22,12,26,315.93,0.4028,0.0782,0.005081,4.341
483687,520,397,917,251,47,25,30.45,0.9847,0.5790,0.226161,30,33,29,137.83,0.0952,0.1398,0.014524,4.280
483702,520,422,942,223,21,196,335.35,0.9723,0.5624,0.202123,22,6,69,283.89,0.9192,0.1050,0.007305,4.400
483704,520,410,930,208,77,173,339.74,0.7568,0.5668,0.217367,47,20,25,9.36,0.4610,0.1298,0.011749,4.330
483707,520,458,978,180,41,236,313.13,0.9432,0.5284,0.173464,9,4,40,281.64,0.8673,0.0600,0.002981,4.218
483748,520,444,964,185,28,253,311.30,0.9904,0.5434,0.182377,14,8,50,281.52,0.8260,0.0807,0.004973,4.227
483749,520,425,945,226,52,136,356.66,0.8627,0.5560,0.204050,26,19,46,293.38,0.5178,0.1093,0.008826,4.319
483751,520,419,939,198,31,252,315.05,0.9862,0.5641,0.200154,1,1,91,264.72,0.9986,0.1128,0.007834,4.325
483752,520,463,983,221,35,136,354.39,0.9056,0.5342,0.183544,5,7,17,271.69,0.4068,0.0470,0.002247,4.470
483753,520,464,984,178,81,156,336.92,0.6348,0.5152,0.177514,22,4,4,22.74,0.6356,0.0541,0.002662,4.320
483755,520,224,744,253,146,178,1.43,0.9230,0.7458,0.446574,4,75,107,236.05,0.9380,0.2976,0.061192,4.466
483790,520,454,974,214,72,56,29.75,0.8558,0.5336,0.192188,21,8,27,314.29,0.5444,0.0702,0.004122,4.475
483854,520,335,855,226,84,230,326.68,0.8991,0.6363,0.282247,58,32,78,308.25,0.5839,0.1997,0.024827,4.440
483878,520,363,883,248,28,203,339.29,0.9808,0.6149,0.251019,56,31,15,52.10,0.5599,0.1655,0.018553,4.391
483888,520,466,986,201,32,184,333.13,0.9123,0.5197,0.169131,6,7,22,277.43,0.5198,0.0505,0.002486,4.175
483892,520,467,987,178,72,186,324.84,0.7432,0.5194,0.176460,12,1,21,310.10,0.8325,0.0414,0.001540,4.394
483893,520,442,962,189,44,231,316.87,0.9345,0.5405,0.183910,21,14,32,300.73,0.4392,0.0844,0.005778,4.194
483896,520,399,919,205,33,251,317.10,0.9823,0.5753,0.210335,63,5,24,7.63,0.8433,0.1389,0.012314,4.178
483899,520,391,911,247,38,146,356.44,0.9495,0.5907,0.232391,7,41,33,174.07,0.8043,0.1505,0.017408,4.189
483908,520,349,869,249,13,232,332.20,0.9958,0.6298,0.262568,47,24,102,289.74,0.8061,0.1931,0.022169,4.331
483930,520,465,985,210,57,115,2.37,0.8028,0.5226,0.178680,7,8,15,276.80,0.2688,0.0502,0.002533,4.353
483948,520,465,985,177,90,136,348.71,0.5449,0.5191,0.184382,19,3,13,342.31,0.6248,0.0507,0.002326,4.479
483950,520,387,907,253,31,126,3.71,0.9836,0.5919,0.233726,4,42,17,150.64,0.9632,0.1480,0.017221,4.221
483954,520,420,940,242,41,68,21.30,0.9568,0.5610,0.208838,37,19,9,49.15,0.5103,0.1075,0.008788,4.403
483956,520,460,980,221,59,37,31.10,0.9320,0.5297,0.186363,11,5,30,290.76,0.7058,0.0557,0.002734,4.482
483976,520,341,861,245,84,143,1.59,0.8811,0.6264,0.277394,50,43,52,318.67,0.1520,0.1987,0.026538,4.278
483987,520,332,852,247,63,217,335.68,0.9581,0.6420,0.283419,27,53,37,155.69,0.5161,0.2011,0.029127,4.214
483995,520,391,911,226,20,236,325.94,0.9887,0.5938,0.227275,59,7,53,333.39,0.7895,0.1471,0.013389,4.374
483996,520,412,932,197,90,176,335.55,0.6795,0.5688,0.223188,18,30,20,149.06,0.3703,0.1174,0.011076,4.473
483999,520,373,893,199,99,211,323.23,0.7476,0.6048,0.257703,0,44,43,192.41,1.0000,0.1618,0.019757,4.411
484013,520,476,996,205,43,139,349.95,0.8400,0.5100,0.165731,8,0,0,29.23,1.0000,0.0228,0.000516,4.271
484029,520,432,952,197,96,103,17.36,0.5949,0.5499,0.212170,4,23,49,256.12,0.7833,0.1044,0.008603,4.474
484044,520,422,942,178,67,252,307.72,0.9776,0.5619,0.205084,44,12,14,19.18,0.6301,0.1072,0.008302,4.375
484050,520,434,954,160,77,247,301.96,0.9336,0.5457,0.194972,14,24,18,157.78,0.3068,0.0963,0.007903,4.231
484098,520,468,988,164,45,252,304.63,0.9833,0.5219,0.167982,4,3,28,277.53,0.8506,0.0433,0.001748,4.212
484163,520,396,916,158,101,242,299.14,0.8546,0.5755,0.229875,53,16,34,352.69,0.6027,0.1367,0.012431,4.483
484171,520,461,981,173,76,200,318.27,0.7576,0.5264,0.182242,20,1,24,321.46,0.8360,0.0531,0.002364,4.435
484173,520,464,984,192,38,208,323.69,0.9175,0.5238,0.171483,15,3,20,316.45,0.6699,0.0490,0.002172,4.245
484178,520,410,930,197,95,157,344.83,0.6184,0.5676,0.224906,25,33,5,123.42,0.7907,0.1292,0.013053,4.360
484183,520,459,979,196,1,231,319.54,0.9991,0.5346,0.175285,24,1,19,336.70,0.8120,0.0561,0.002629,4.281
484199,520,393,913,238,35,177,344.57,0.9512,0.5856,0.225565,55,18,19,21.00,0.6159,0.1385,0.012920,4.380
484228,520,381,901,208,73,234,320.71,0.9004,0.5987,0.241171,34,24,87,283.53,0.7729,0.1635,0.016814,4.358
484254,520,357,877,246,54,184,344.79,0.9364,0.6158,0.256950,7,47,52,207.30,0.7973,0.1784,0.023260,4.190
484266,520,467,987,207,32,168,339.77,0.9040,0.5212,0.171277,9,1,19,306.03,0.8235,0.0370,0.001268,4.316
484305,520,480,1000,169,73,193,319.10,0.7465,0.5116,0.170513,0,0,0,0.00,0.0000,0.0000,0.000000,4.410
484334,520,340,860,252,90,118,13.72,0.9571,0.6388,0.293191,48,44,56,300.31,0.1756,0.2009,0.027153,4.448
484345,520,402,922,195,69,244,314.59,0.9353,0.5821,0.223912,25,22,61,282.55,0.6367,0.1264,0.011174,4.478
484367,520,442,962,169,82,211,313.08,0.7647,0.5368,0.191735,2,19,24,217.54,0.7560,0.0768,0.005446,4.360
484370,520,303,823,254,82,215,338.27,0.9932,0.6706,0.320148,63,51,2,94.03,0.9528,0.2250,0.034289,4.391
484371,520,444,964,193,8,244,315.75,0.9944,0.5419,0.180442,20,16,24,307.41,0.2223,0.0835,0.005853,4.126
484413,520,287,807,247,129,101,34.48,0.8830,0.6864,0.364171,43,64,23,131.76,0.7245,0.2449,0.042422,4.481
484415,520,478,998,219,3,122,357.87,0.9927,0.5128,0.165329,0,2,11,258.21,1.0000,0.0247,0.000676,4.249
484418,520,467,987,145,74,247,297.06,0.9380,0.5231,0.176329,1,4,28,265.84,0.9175,0.0427,0.001771,4.372
484433,520,351,871,240,90,154,357.08,0.8343,0.6292,0.281735,15,38,101,264.82,0.8697,0.1940,0.024272,4.466
484434,520,479,999,208,31,147,347.17,0.8955,0.5115,0.164986,1,0,4,296.85,1.0000,0.0133,0.000152,4.287
484442,520,421,941,198,99,111,13.88,0.5773,0.5590,0.220788,2,32,7,146.88,0.9798,0.1114,0.010612,4.468
484445,520,370,890,236,10,244,326.53,0.9965,0.6144,0.245842,32,21,96,280.63,0.8588,0.1662,0.016879,4.424
484450,520,460,980,151,70,248,299.37,0.9479,0.5262,0.177372,5,4,39,274.79,0.9077,0.0558,0.002656,4.318
484451,520,258,778,208,159,181,350.09,0.3766,0.7145,0.415434,5,76,47,159.03,0.9765,0.2728,0.054061,4.473
484455,520,447,967,208,21,203,329.63,0.9667,0.5397,0.182600,31,0,39,319.02,1.0000,0.0780,0.004378,4.277
484458,520,439,959,191,36,247,314.06,0.9664,0.5516,0.190548,3,15,59,264.87,0.9205,0.0945,0.006767,4.237
484460,520,457,977,183,42,230,315.38,0.9344,0.5288,0.174375,0,15,3,150.08,1.0000,0.0570,0.003482,4.195
484462,520,438,958,231,59,27,32.48,0.9627,0.5489,0.201990,1,20,46,254.67,0.9138,0.0927,0.007040,4.418
484463,520,444,964,221,67,49,30.23,0.8969,0.5399,0.196108,8,21,20,189.42,0.3922,0.0846,0.006384,4.365
484465,520,408,928,205,84,161,344.26,0.7023,0.5654,0.218948,10,24,73,266.65,0.8632,0.1314,0.011988,4.339
484467,520,349,869,236,44,249,325.19,0.9797,0.6303,0.264762,85,12,23,18.81,0.8647,0.1936,0.022564,4.338
484468,520,278,798,254,85,249,329.12,0.9964,0.6927,0.344102,2,70,42,158.60,0.9895,0.2502,0.045602,4.122
484475,520,387,907,208,54,246,318.49,0.9581,0.5896,0.227037,23,22,83,276.01,0.8348,0.1459,0.013805,4.342
484493,520,446,966,229,46,80,17.22,0.9185,0.5404,0.191941,12,12,48,276.97,0.7574,0.0841,0.005545,4.356
484500,520,469,989,189,80,125,356.84,0.6362,0.5178,0.180384,1,9,9,195.09,0.7205,0.0447,0.002215,4.412
484526,520,399,919,237,64,114,8.50,0.8677,0.5805,0.228892,14,17,93,270.28,0.9478,0.1430,0.012845,4.438
484528,520,464,984,175,36,236,311.79,0.9515,0.5175,0.164328,7,1,38,281.67,0.9628,0.0501,0.002068,4.116
484544,520,344,864,254,48,201,341.44,0.9933,0.6348,0.274051,34,49,25,134.54,0.5116,0.1903,0.026069,4.260
484558,520,467,987,204,0,196,330.51,1.0000,0.5223,0.168248,7,4,6,337.45,0.2157,0.0370,0.001452,4.242
484572,520,452,972,195,83,117,3.65,0.6412,0.5296,0.190747,36,0,3,20.80,1.0000,0.0697,0.003817,4.473
484575,520,392,912,244,10,171,347.26,0.9911,0.5856,0.223937,59,18,39,351.35,0.6154,0.1530,0.015090,4.209
484576,520,11,531,255,252,235,98.63,1.0000,0.9870,0.968792,11,136,43,145.81,0.9938,0.4743,0.178531,4.458
484580,520,471,991,214,60,67,22.98,0.8638,0.5210,0.179355,7,2,16,302.30,0.6909,0.0359,0.001260,4.474
484586,520,467,987,198,18,205,326.42,0.9692,0.5223,0.168479,4,4,18,279.73,0.6018,0.0392,0.001563,4.237
484610,520,394,914,185,89,236,311.88,0.8612,0.5867,0.235161,35,33,26,93.92,0.1532,0.1441,0.015196,4.374
484614,520,430,950,184,73,222,316.22,0.8411,0.5541,0.202305,16,6,72,277.09,0.9509,0.1032,0.007083,4.420
484618,520,398,918,192,74,246,312.94,0.9398,0.5847,0.227590,4,18,90,265.58,0.9617,0.1361,0.011965,4.480
484622,520,409,929,239,60,14,33.73,0.9860,0.5652,0.216174,38,19,59,303.00,0.6402,0.1336,0.011936,4.298
484631,520,436,956,210,45,201,330.63,0.9072,0.5547,0.197974,16,14,51,279.95,0.7189,0.0936,0.006632,4.379
484644,520,375,895,250,74,10,36.14,0.9920,0.6012,0.252470,6,34,82,260.41,0.8917,0.1622,0.017919,4.453
484651,520,414,934,249,3,93,12.55,0.9977,0.5664,0.209988,15,2,89,273.10,0.9928,0.1192,0.008662,4.432
484667,520,309,829,160,143,248,289.42,0.8404,0.6619,0.338956,6,63,33,154.16,0.9679,0.2248,0.037034,4.469
484679,520,374,894,239,54,172,347.00,0.9084,0.5973,0.239705,31,27,76,282.08,0.6739,0.1558,0.015969,4.392
484686,520,449,969,233,39,43,26.68,0.9627,0.5378,0.189522,23,0,40,307.13,1.0000,0.0670,0.003354,4.489
484690,520,389,909,224,52,208,332.38,0.9207,0.5885,0.228597,57,18,33,358.83,0.5964,0.1467,0.014124,4.345
484697,520,394,914,238,51,170,347.29,0.9117,0.5923,0.234500,23,29,64,273.25,0.5836,0.1431,0.014310,4.424
484705,520,379,899,228,82,161,350.40,0.7873,0.6013,0.251043,2,40,62,239.81,0.9025,0.1608,0.018782,4.377
484712,520,409,929,221,65,152,350.55,0.8118,0.5656,0.214222,49,5,62,316.90,0.8465,0.1336,0.011094,4.325
484719,520,386,906,222,89,132,3.00,0.7243,0.5894,0.243427,9,41,22,153.95,0.8590,0.1479,0.017018,4.378
484729,520,393,913,225,55,205,333.50,0.9118,0.5907,0.231501,20,35,40,220.88,0.3167,0.1416,0.015039,4.328
484730,520,430,950,211,56,167,341.84,0.8277,0.5458,0.194694,39,0,45,322.22,1.0000,0.0960,0.006209,4.353
484735,520,347,867,243,28,243,328.29,0.9891,0.6306,0.263590,50,35,63,307.98,0.4120,0.1850,0.022391,4.332
484754,520,319,839,231,102,193,340.38,0.8029,0.6475,0.303442,85,26,59,349.21,0.6586,0.2229,0.029861,4.426
484767,520,388,908,248,20,162,350.95,0.9814,0.5917,0.230688,0,44,20,154.01,1.0000,0.1539,0.018518,4.097
484785,520,406,926,233,51,165,347.80,0.8965,0.5807,0.224107,7,22,77,266.01,0.9116,0.1299,0.011547,4.454
484812,520,479,999,140,89,211,300.03,0.7297,0.5105,0.174236,1,0,0,29.23,1.0000,0.0090,0.000065,4.479
484820,520,350,870,236,58,235,328.34,0.9548,0.6303,0.268596,81,9,52,350.04,0.8065,0.1927,0.021929,4.429
484822,520,369,889,232,23,249,324.43,0.9908,0.6143,0.246105,35,24,93,282.80,0.8032,0.1708,0.018009,4.354
484824,520,338,858,246,42,236,330.56,0.9783,0.6375,0.273078,48,26,100,290.64,0.7778,0.1954,0.022873,4.433
484825,520,477,997,220,38,73,17.68,0.9284,0.5147,0.170856,5,0,11,309.75,1.0000,0.0246,0.000564,4.368
484831,520,398,918,217,9,247,321.32,0.9958,0.5841,0.216645,43,23,46,322.19,0.4589,0.1393,0.013237,4.217
484837,520,376,896,198,72,252,313.54,0.9791,0.5957,0.236700,58,15,56,329.69,0.7013,0.1563,0.015268,4.393
484841,520,446,966,163,63,254,302.82,0.9924,0.5389,0.184978,25,9,23,331.80,0.4828,0.0751,0.004639,4.301
484868,520,467,987,222,46,3,32.84,0.9960,0.5177,0.174929,15,0,24,313.03,1.0000,0.0443,0.001675,4.353
484911,520,437,957,189,51,232,316.39,0.9211,0.5467,0.190139,33,0,46,314.48,1.0000,0.0868,0.005206,4.350
484912,520,429,949,152,93,237,299.00,0.8400,0.5514,0.206188,9,20,46,264.64,0.6502,0.0975,0.007556,4.451
484939,520,356,876,213,103,187,337.16,0.6988,0.6186,0.274363,29,48,27,142.10,0.5169,0.1837,0.024542,4.351
484944,520,319,839,245,90,174,350.26,0.8885,0.6455,0.297837,95,21,2,35.11,0.9741,0.2222,0.029740,4.362
484959,520,381,901,242,46,172,347.34,0.9325,0.5971,0.238129,21,0,118,272.16,1.0000,0.1627,0.014673,4.455
484984,520,464,984,214,28,134,353.21,0.9156,0.5157,0.168503,13,1,27,303.73,0.8807,0.0465,0.001864,4.213
485007,520,387,907,242,47,156,352.59,0.9231,0.5907,0.233137,34,25,75,286.66,0.6799,0.1539,0.015433,4.327
485025,520,236,756,237,139,241,325.67,0.9102,0.7383,0.428225,40,78,52,152.73,0.5878,0.2941,0.061476,4.290
485027,520,439,959,209,35,211,327.69,0.9438,0.5532,0.194625,5,25,9,148.78,0.8612,0.0912,0.007472,4.256
485041,520,450,970,189,24,249,313.35,0.9819,0.5444,0.183129,17,2,51,288.38,0.9401,0.0741,0.004016,4.316
485052,520,422,942,243,37,12,30.59,0.9906,0.5554,0.204078,33,22,25,0.76,0.2119,0.1132,0.009674,4.258
485055,520,454,974,219,61,74,21.02,0.8627,0.5332,0.188945,7,16,19,220.17,0.3196,0.0703,0.004628,4.374
485057,520,284,804,239,110,226,331.46,0.9098,0.6876,0.349959,89,42,40,23.82,0.5138,0.2506,0.039333,4.477
485058,520,344,864,236,56,243,326.43,0.9632,0.6340,0.271347,29,26,114,274.47,0.9077,0.1927,0.022148,4.454
485073,520,429,949,219,2,192,335.43,0.9971,0.5479,0.189116,39,15,10,33.01,0.5528,0.1028,0.007950,4.126
485080,520,409,929,254,7,34,26.61,0.9974,0.5689,0.213421,11,11,89,269.90,0.9688,0.1279,0.010317,4.367
485083,520,426,946,231,23,170,344.88,0.9645,0.5636,0.205068,5,1,86,267.45,0.9978,0.1078,0.007258,4.455
485095,520,344,864,230,60,253,322.56,0.9915,0.6342,0.271488,17,52,14,142.05,0.9303,0.1870,0.026068,4.226
485099,520,474,994,141,81,236,296.73,0.8641,0.5188,0.176038,10,3,0,62.51,1.0000,0.0350,0.001297,4.406
485108,520,460,980,219,59,73,20.96,0.8698,0.5308,0.186716,6,11,24,265.39,0.4641,0.0602,0.003440,4.430
485117,520,447,967,176,81,210,316.11,0.7717,0.5446,0.197690,16,19,3,117.63,0.6955,0.0804,0.005825,4.437
485142,520,391,911,235,14,206,335.49,0.9895,0.5885,0.224352,29,16,94,280.02,0.9009,0.1538,0.014399,4.260
485167,520,392,912,252,45,78,19.65,0.9817,0.5858,0.231259,12,20,96,268.62,0.9468,0.1505,0.014229,4.379
485175,520,453,973,235,21,12,29.34,0.9898,0.5306,0.182283,3,15,33,255.46,0.7112,0.0724,0.004708,4.246
485184,520,384,904,227,69,171,345.27,0.8344,0.5891,0.235299,54,22,34,357.93,0.4980,0.1488,0.014737,4.407
485219,520,469,989,180,24,240,312.73,0.9759,0.5225,0.166489,3,7,11,239.89,0.3499,0.0425,0.001955,4.167
485224,520,417,937,242,55,48,27.98,0.9472,0.5690,0.218263,26,29,19,121.51,0.2520,0.1213,0.011454,4.365
485228,520,470,990,227,33,15,30.12,0.9841,0.5194,0.174560,11,1,17,314.64,0.7971,0.0379,0.001333,4.375
485243,520,445,965,181,57,231,313.91,0.9008,0.5390,0.185206,6,19,29,242.39,0.5139,0.0820,0.005931,4.205
485246,520,407,927,252,9,50,23.95,0.9960,0.5665,0.211249,64,1,0,29.83,1.0000,0.1313,0.011119,4.274
485253,520,471,991,172,75,198,318.57,0.7549,0.5222,0.178810,9,0,30,293.44,1.0000,0.0424,0.001518,4.441
485258,520,445,965,220,5,172,341.49,0.9906,0.5387,0.183052,1,2,64,265.38,0.9936,0.0766,0.004200,4.300
485259,520,380,900,241,33,189,341.67,0.9640,0.5965,0.234656,55,7,73,314.25,0.8495,0.1555,0.014453,4.416
485261,520,385,905,224,98,75,32.18,0.7874,0.5922,0.250931,0,42,40,189.91,1.0000,0.1538,0.018090,4.420
485266,520,455,975,176,66,220,314.46,0.8485,0.5325,0.182948,2,2,51,267.68,0.9871,0.0615,0.002953,4.399
485269,520,467,987,158,68,229,305.87,0.8618,0.5165,0.170610,0,6,13,237.70,1.0000,0.0377,0.001593,4.276
485274,520,405,925,236,75,20,36.58,0.9738,0.5759,0.229186,24,34,14,130.59,0.5383,0.1329,0.013699,4.383
485296,520,458,978,208,66,109,6.18,0.7663,0.5268,0.184126,4,8,37,269.55,0.8331,0.0614,0.003330,4.390
485323,520,169,689,240,185,175,30.29,0.6271,0.8054,0.563199,2,97,32,146.99,0.9977,0.3411,0.086662,4.487
485370,520,422,942,174,75,249,306.45,0.9514,0.5632,0.208711,7,27,42,243.57,0.6264,0.1119,0.009962,4.315
485393,520,402,922,240,26,166,348.17,0.9667,0.5800,0.220203,30,27,46,290.58,0.3454,0.1320,0.012571,4.318
485397,520,382,902,252,35,140,359.18,0.9747,0.5966,0.237945,41,30,57,301.76,0.4276,0.1585,0.016954,4.301
485400,520,454,974,212,54,136,353.70,0.8169,0.5314,0.184152,31,1,21,343.11,0.8367,0.0685,0.003672,4.363
485404,520,416,936,208,64,202,329.70,0.8523,0.5683,0.213428,37,2,72,299.08,0.9567,0.1210,0.009046,4.461
485405,520,460,980,224,12,140,352.84,0.9759,0.5324,0.180064,15,7,30,296.96,0.6190,0.0635,0.003473,4.302
485415,520,465,985,198,71,134,353.00,0.7138,0.5241,0.182353,12,5,22,302.13,0.5795,0.0514,0.002446,4.430
485420,520,375,895,236,80,123,7.53,0.8287,0.5991,0.250031,0,37,68,248.69,1.0000,0.1557,0.017404,4.451
485433,520,448,968,234,43,44,26.99,0.9575,0.5427,0.194051,16,12,39,286.42,0.6083,0.0801,0.005196,4.422
485434,520,431,951,227,66,74,22.57,0.8728,0.5541,0.207245,33,16,18,12.41,0.3575,0.0975,0.007376,4.483
485438,520,385,905,244,53,120,5.97,0.9146,0.5859,0.231386,51,27,26,22.68,0.3822,0.1511,0.015623,4.288
485440,520,445,965,156,76,243,301.45,0.9098,0.5359,0.187082,26,2,48,302.94,0.9069,0.0817,0.004764,4.329
485442,520,440,960,182,53,245,311.24,0.9473,0.5483,0.190849,16,5,61,280.94,0.9264,0.0890,0.005556,4.335
485447,520,460,980,170,79,205,315.42,0.7578,0.5297,0.185466,4,7,36,270.60,0.8400,0.0586,0.003051,4.438
485466,520,475,995,214,43,116,1.10,0.8633,0.5182,0.172873,10,1,6,342.32,0.6865,0.0317,0.000994,4.371
485467,520,368,888,242,81,119,10.22,0.8697,0.6100,0.260971,24,43,48,216.27,0.3461,0.1722,0.021353,4.358
485471,520,351,871,237,64,218,332.98,0.9309,0.6265,0.267359,79,23,24,22.84,0.7225,0.1944,0.023413,4.323
485472,520,423,943,229,46,132,358.27,0.8896,0.5555,0.202807,1,14,75,264.26,0.9646,0.1094,0.008285,4.337
485475,520,346,866,243,54,221,333.60,0.9554,0.6305,0.269163,19,38,100,266.44,0.8402,0.1949,0.024446,4.287
485483,520,389,909,241,1,195,339.73,0.9992,0.5907,0.226656,13,10,104,269.50,0.9810,0.1479,0.013020,4.390
485485,520,344,864,252,47,204,340.15,0.9816,0.6321,0.270914,77,27,5,41.77,0.8685,0.1939,0.023729,4.353
485486,520,374,894,247,22,187,343.41,0.9827,0.6024,0.239391,17,33,78,265.95,0.7444,0.1609,0.017569,4.283
485494,520,432,952,159,89,233,303.06,0.8297,0.5504,0.203993,11,23,28,226.26,0.3490,0.0954,0.007678,4.404
485497,520,330,850,249,97,87,26.92,0.9450,0.6361,0.293805,50,48,36,99.60,0.2035,0.2062,0.029194,4.341
485507,520,480,1000,121,88,239,287.72,0.8765,0.5108,0.172762,0,0,0,0.00,0.0000,0.0000,0.000000,4.455
485509,520,464,984,185,68,169,333.53,0.7362,0.5152,0.173145,16,7,2,61.16,0.5716,0.0523,0.002665,4.237
485522,520,436,956,202,27,231,320.91,0.9716,0.5520,0.191116,9,19,43,264.97,0.6202,0.0929,0.006982,4.231
485526,520,396,916,247,42,107,9.83,0.9456,0.5802,0.224951,43,25,47,320.16,0.4263,0.1440,0.014141,4.287
485531,520,343,863,243,104,15,45.05,0.9822,0.6289,0.289929,17,50,48,189.86,0.6019,0.1900,0.026137,4.465
485546,520,346,866,245,27,231,331.54,0.9876,0.6259,0.259688,6,54,25,151.73,0.9624,0.1918,0.027471,3.997
485547,520,394,914,206,53,248,317.52,0.9661,0.5872,0.224469,1,28,80,260.73,0.9795,0.1435,0.014161,4.278
485548,520,358,878,223,49,255,320.57,1.0000,0.6164,0.251066,29,44,42,185.82,0.2468,0.1762,0.022297,4.164
485554,520,451,971,215,16,179,338.23,0.9692,0.5358,0.180746,14,15,17,264.45,0.0665,0.0724,0.004755,4.214
485557,520,387,907,237,84,14,39.43,0.9820,0.5891,0.243799,0,44,9,146.65,1.0000,0.1519,0.018210,4.307
485561,520,363,883,243,4,215,334.98,0.9979,0.6067,0.240508,36,36,68,281.93,0.4566,0.1749,0.020541,4.118
485570,520,369,889,222,65,226,326.93,0.9177,0.6074,0.248033,54,25,59,321.57,0.5576,0.1675,0.017954,4.386
485582,520,464,984,224,24,98,8.22,0.9536,0.5214,0.173852,13,6,11,336.52,0.3051,0.0497,0.002400,4.272
485617,520,432,952,239,21,91,12.56,0.9766,0.5495,0.196456,4,11,66,267.15,0.9528,0.0957,0.006585,4.356
485620,520,358,878,247,31,217,335.44,0.9815,0.6223,0.257669,4,21,120,265.17,0.9768,0.1801,0.019180,4.447
485630,520,429,949,238,40,40,27.46,0.9663,0.5485,0.198512,6,28,10,147.85,0.8718,0.1013,0.008911,4.218
485640,520,355,875,242,32,229,331.33,0.9822,0.6213,0.255702,8,41,78,254.34,0.8058,0.1780,0.021874,4.253
485649,520,480,1000,208,54,98,8.85,0.8189,0.5103,0.169323,0,0,0,0.00,0.0000,0.0000,0.000000,4.386
485659,520,389,909,198,75,237,316.85,0.9003,0.5880,0.231537,14,7,110,269.53,0.9884,0.1538,0.013710,4.419
485678,520,431,951,196,87,154,344.95,0.6507,0.5521,0.208869,43,11,5,33.95,0.7582,0.1018,0.007640,4.491
485684,520,479,999,177,70,182,325.91,0.7411,0.5127,0.171060,3,0,0,29.23,1.0000,0.0143,0.000194,4.404
485688,520,407,927,229,75,82,21.99,0.8453,0.5699,0.223021,42,20,40,330.38,0.4679,0.1284,0.011458,4.442
485697,520,471,991,216,57,32,31.76,0.9386,0.5173,0.176320,2,2,35,270.23,0.9651,0.0448,0.001777,4.371
485707,520,422,942,229,49,127,0.39,0.8809,0.5560,0.203897,16,27,33,232.74,0.2919,0.1123,0.010038,4.229
485727,520,447,967,224,67,8,36.53,0.9874,0.5429,0.198819,22,17,1,95.18,0.8695,0.0810,0.005737,4.464
485742,520,456,976,236,25,22,28.70,0.9848,0.5349,0.185893,27,1,9,1.45,0.8358,0.0570,0.002745,4.472
485746,520,469,989,170,15,254,307.02,0.9955,0.5168,0.160442,3,7,4,153.40,0.3794,0.0400,0.001801,4.063
485793,520,374,894,251,71,63,27.48,0.9766,0.6039,0.253781,21,39,44,217.35,0.3553,0.1562,0.017923,4.472
485801,520,475,995,223,9,128,356.72,0.9811,0.5247,0.174446,7,0,16,307.47,1.0000,0.0301,0.000826,4.416
485803,520,169,689,241,171,253,321.50,0.9799,0.8073,0.549198,10,89,110,222.02,0.9055,0.3429,0.083347,4.494
485812,520,410,930,132,108,249,286.85,0.9153,0.5659,0.224699,49,21,20,23.25,0.4896,0.1336,0.012399,4.402
485815,520,476,996,126,92,224,291.04,0.7844,0.5103,0.174716,5,0,11,309.75,1.0000,0.0246,0.000564,4.444
485822,520,410,930,196,68,220,320.88,0.8629,0.5651,0.210387,53,19,2,46.45,0.8699,0.1333,0.012271,4.181
485876,520,478,998,218,39,50,24.60,0.9444,0.5074,0.165894,0,0,15,264.05,1.0000,0.0196,0.000345,4.288
485878,520,376,896,253,65,3,34.63,0.9978,0.5975,0.246735,14,44,29,159.07,0.7093,0.1620,0.019834,4.249
485882,520,409,929,233,61,104,11.27,0.8691,0.5671,0.216635,3,35,22,162.52,0.9253,0.1253,0.012793,4.246
485887,520,394,914,219,69,204,332.25,0.8651,0.5929,0.236781,35,32,12,100.90,0.5207,0.1379,0.014169,4.469
485894,520,461,981,184,34,230,315.92,0.9517,0.5253,0.170488,6,10,12,226.20,0.1863,0.0526,0.002823,4.174
485903,520,435,955,197,44,230,319.43,0.9380,0.5525,0.193863,30,17,15,28.95,0.2965,0.0945,0.007114,4.270
485921,520,405,925,235,39,179,343.37,0.9395,0.5832,0.223707,16,36,1,133.89,0.9839,0.1310,0.013741,4.294
485931,520,0,520,255,255,255,0.00,0.0000,1.0000,1.000000,38,138,0,140.22,1.0000,0.4834,0.185883,4.451
485935,520,422,942,241,6,137,357.21,0.9929,0.5641,0.206404,22,8,68,283.68,0.8920,0.1067,0.007616,4.450
485936,520,480,1000,227,2,56,20.89,0.9982,0.5121,0.166628,0,0,0,0.00,0.0000,0.0000,0.000000,4.333
485975,520,401,921,242,7,161,349.82,0.9927,0.5764,0.216056,4,14,98,265.86,0.9778,0.1404,0.012216,4.276
485978,520,448,968,235,37,25,29.42,0.9737,0.5392,0.190587,38,0,18,355.18,1.0000,0.0781,0.004558,4.410
485985,520,414,934,249,33,20,29.53,0.9853,0.5660,0.212816,33,23,44,305.22,0.4055,0.1248,0.011180,4.296
486003,520,441,961,194,97,49,44.94,0.7611,0.5363,0.202422,0,24,11,158.32,1.0000,0.0854,0.006774,4.446
486017,520,307,827,224,112,226,326.72,0.8404,0.6688,0.329284,54,52,48,84.59,0.0623,0.2259,0.034537,4.487
486025,520,453,973,201,61,160,341.82,0.7822,0.5295,0.182949,6,0,60,271.97,1.0000,0.0717,0.003649,4.342
486027,520,345,865,226,99,178,344.70,0.7531,0.6284,0.283090,24,51,39,163.45,0.5163,0.1935,0.027082,4.321
486048,520,454,974,216,15,170,341.21,0.9687,0.5323,0.178452,22,13,8,50.75,0.3159,0.0736,0.004760,4.172
486050,520,414,934,218,46,194,334.80,0.9074,0.5651,0.207567,20,28,35,245.15,0.2296,0.1191,0.011006,4.222
486070,520,306,826,255,78,210,339.86,1.0000,0.6656,0.313651,79,26,94,317.93,0.7325,0.2343,0.032094,4.430
486080,520,466,986,194,78,119,0.96,0.6628,0.5211,0.182517,3,7,23,265.98,0.6449,0.0484,0.002332,4.443
486082,520,446,966,233,31,70,19.09,0.9625,0.5369,0.187489,22,12,28,311.93,0.4352,0.0793,0.005174,4.304
486091,520,434,954,191,69,210,322.00,0.8287,0.5516,0.199871,47,0,17,4.11,1.0000,0.0960,0.006449,4.426
486098,520,376,896,249,28,162,351.34,0.9715,0.5964,0.235823,60,24,35,2.53,0.5172,0.1633,0.017354,4.244
486101,520,419,939,202,55,219,323.34,0.9006,0.5612,0.204050,39,20,5,58.04,0.6665,0.1120,0.009427,4.275
486103,520,459,979,230,36,11,30.73,0.9889,0.5274,0.181119,23,3,18,337.70,0.6859,0.0584,0.002910,4.368
486119,520,471,991,224,12,120,359.82,0.9763,0.5244,0.174691,15,0,19,320.98,1.0000,0.0411,0.001486,4.364
486124,520,388,908,242,75,86,21.29,0.9076,0.5950,0.245845,16,38,49,232.08,0.4980,0.1527,0.017181,4.404
486131,520,447,967,231,45,22,30.80,0.9745,0.5363,0.189267,13,12,36,281.90,0.5813,0.0753,0.004759,4.369
486141,520,398,918,213,85,153,350.28,0.7148,0.5765,0.229451,68,0,12,19.08,1.0000,0.1414,0.012557,4.467
486146,520,438,958,229,63,28,33.23,0.9575,0.5491,0.202998,22,15,40,294.20,0.5340,0.0926,0.006654,4.466
486171,520,468,988,213,16,157,344.64,0.9591,0.5198,0.169534,3,0,31,276.32,1.0000,0.0371,0.001183,4.289
486175,520,435,955,240,19,68,19.41,0.9845,0.5462,0.194117,34,12,7,34.71,0.5756,0.0884,0.006184,4.345
486177,520,396,916,181,106,183,326.13,0.5784,0.5757,0.235517,43,28,8,71.84,0.6306,0.1372,0.013617,4.488
486180,520,453,973,217,8,163,343.58,0.9825,0.5287,0.175721,23,2,34,312.38,0.8355,0.0660,0.003411,4.226
486189,520,385,905,245,20,173,347.01,0.9812,0.5909,0.229331,33,36,22,118.08,0.3096,0.1493,0.016430,4.205
486194,520,468,988,197,66,140,349.32,0.7365,0.5186,0.176620,12,1,24,305.62,0.8600,0.0433,0.001658,4.387
486206,520,444,964,231,42,68,20.67,0.9408,0.5392,0.190652,9,20,7,140.22,0.5934,0.0787,0.005737,4.318
486218,520,278,798,246,95,241,329.07,0.9633,0.6867,0.341307,58,53,89,289.18,0.3945,0.2539,0.041670,4.269
486222,520,346,866,242,42,231,330.83,0.9739,0.6274,0.263055,53,17,101,296.34,0.8501,0.1902,0.020974,4.411
486223,520,340,860,207,111,219,323.03,0.7621,0.6396,0.297501,57,45,7,90.61,0.8144,0.2011,0.027620,4.477
486234,520,478,998,175,53,206,318.50,0.8539,0.5066,0.161175,3,0,7,308.47,1.0000,0.0194,0.000347,4.194
486249,520,388,908,251,48,93,15.44,0.9715,0.5888,0.234170,67,5,42,350.09,0.8224,0.1547,0.014692,4.393
486272,520,462,982,229,5,107,5.12,0.9919,0.5288,0.178310,2,4,30,269.25,0.9007,0.0453,0.001935,4.396
486278,520,382,902,238,78,119,9.08,0.8471,0.5991,0.249608,64,22,10,36.63,0.7505,0.1606,0.016859,4.481
486307,520,394,914,243,50,138,359.16,0.9149,0.5877,0.231741,23,32,53,265.74,0.4132,0.1428,0.014722,4.353
486313,520,359,879,232,38,243,325.65,0.9780,0.6162,0.250155,12,26,108,267.21,0.9452,0.1757,0.018995,4.350
486321,520,420,940,200,67,205,326.37,0.8360,0.5603,0.207031,6,23,58,262.15,0.8172,0.1129,0.009569,4.315
486322,520,384,904,221,81,166,346.49,0.7714,0.5903,0.240125,20,29,77,270.75,0.7419,0.1523,0.015632,4.420
486341,520,436,956,240,40,55,24.39,0.9621,0.5544,0.203220,11,23,5,135.36,0.7511,0.0881,0.006949,4.446
486342,520,421,941,214,8,228,324.91,0.9939,0.5645,0.200733,38,11,46,317.75,0.6829,0.1109,0.008487,4.287
486363,520,470,990,208,63,83,17.06,0.8061,0.5161,0.175917,8,2,19,300.97,0.7349,0.0386,0.001421,4.394
486367,520,273,793,243,111,228,332.02,0.9322,0.6960,0.360274,96,41,21,39.88,0.7196,0.2574,0.041272,4.495
486369,520,391,911,226,24,234,326.39,0.9849,0.5937,0.227648,48,19,64,311.54,0.6743,0.1516,0.014643,4.295
486395,520,466,986,197,33,191,329.93,0.9132,0.5176,0.167213,19,4,7,5.80,0.5375,0.0509,0.002406,4.145
486451,520,393,913,242,1,195,339.95,0.9993,0.5926,0.228421,10,38,28,166.68,0.6998,0.1403,0.015345,4.261
486464,520,464,984,214,8,161,343.49,0.9807,0.5218,0.170454,20,4,7,7.04,0.5574,0.0522,0.002509,4.198
486466,520,348,868,231,101,149,359.41,0.7471,0.6278,0.284687,12,43,84,256.84,0.7805,0.1898,0.024459,4.495
486471,520,470,990,196,74,109,5.73,0.6912,0.5154,0.177393,3,5,6,224.94,0.1843,0.0354,0.001410,4.423
486484,520,400,920,213,90,141,356.83,0.6845,0.5789,0.233836,43,27,18,50.17,0.3701,0.1367,0.013412,4.476
486491,520,204,724,255,153,192,356.01,1.0000,0.7661,0.478507,66,80,8,120.90,0.9286,0.3136,0.069131,4.436
486495,520,426,946,222,53,160,347.01,0.8584,0.5597,0.206163,43,16,18,16.97,0.5130,0.1133,0.009279,4.321
486501,520,311,831,253,77,207,340.25,0.9852,0.6597,0.306985,70,34,74,323.47,0.5506,0.2184,0.029407,4.496
486505,520,433,953,231,35,128,359.35,0.9269,0.5508,0.197524,20,11,61,283.13,0.8261,0.1016,0.007250,4.324
486533,520,389,909,246,70,41,32.00,0.9575,0.5908,0.241366,24,40,6,131.05,0.8758,0.1503,0.017249,4.333
486534,520,444,964,219,64,82,18.71,0.8409,0.5381,0.193386,27,9,24,333.71,0.5102,0.0783,0.004944,4.430
486552,520,324,844,240,68,235,329.26,0.9475,0.6452,0.286602,30,28,122,273.71,0.9160,0.2062,0.025115,4.481
486572,520,1,521,255,255,255,0.00,0.0000,1.0000,1.000000,49,137,26,140.22,0.9767,0.4850,0.186182,4.446
486580,520,37,557,201,254,233,168.87,0.8604,0.9475,0.891829,23,130,0,141.36,1.0000,0.4535,0.161468,4.454
486647,520,450,970,240,4,16,28.30,0.9982,0.5370,0.186529,6,10,35,271.31,0.7034,0.0654,0.003771,4.399
486650,520,454,974,228,33,64,20.63,0.9571,0.5265,0.179548,7,4,53,273.92,0.9537,0.0715,0.003890,4.260
486665,520,401,921,217,32,226,326.00,0.9680,0.5759,0.212778,19,36,36,195.77,0.3426,0.1421,0.015275,4.026
486672,520,408,928,213,67,180,338.25,0.8140,0.5672,0.214578,50,19,4,45.69,0.7811,0.1282,0.011527,4.300
486677,520,467,987,164,66,225,309.08,0.8552,0.5191,0.172259,12,0,23,308.50,1.0000,0.0401,0.001400,4.324
486697,520,466,986,189,81,118,1.10,0.6288,0.5167,0.180133,15,3,15,327.47,0.6065,0.0465,0.002012,4.425
486698,520,357,877,233,8,253,323.87,0.9976,0.6154,0.245916,80,7,43,357.31,0.8321,0.1847,0.020321,4.208
486703,520,415,935,236,34,149,353.05,0.9402,0.5684,0.211498,8,24,67,264.79,0.8464,0.1245,0.011101,4.280
486713,520,385,905,212,71,219,325.90,0.8772,0.5928,0.236198,16,19,94,270.90,0.9358,0.1485,0.013840,4.483
486725,520,345,865,236,54,243,326.45,0.9652,0.6326,0.269447,37,43,66,272.35,0.3410,0.1926,0.025144,4.251
486732,520,425,945,181,76,235,311.79,0.8779,0.5631,0.209917,22,17,59,283.04,0.7108,0.1118,0.008872,4.415
486745,520,369,889,231,46,236,326.97,0.9654,0.6142,0.250014,25,46,8,133.87,0.8971,0.1708,0.021781,4.180
486755,520,389,909,223,74,179,341.66,0.8178,0.5915,0.238425,51,13,69,312.41,0.7743,0.1518,0.014214,4.492
486757,520,319,839,250,35,252,327.82,0.9915,0.6514,0.285573,96,20,14,29.08,0.8900,0.2245,0.030192,4.185
486773,520,348,868,243,59,216,334.96,0.9448,0.6314,0.271433,50,44,2,100.92,0.9375,0.1887,0.024839,4.295
486786,520,380,900,245,23,194,341.03,0.9821,0.6026,0.239234,21,42,19,142.15,0.6701,0.1568,0.018623,4.215
486799,520,398,918,232,60,151,353.06,0.8605,0.5803,0.226247,22,21,82,275.76,0.8450,0.1422,0.013160,4.374
486809,520,438,958,224,45,147,351.66,0.8820,0.5512,0.198333,7,25,11,149.45,0.7277,0.0929,0.007646,4.308
486844,520,401,921,229,86,53,34.37,0.8820,0.5799,0.235734,6,39,32,175.92,0.8128,0.1432,0.015940,4.333
486867,520,448,968,231,54,0,33.98,1.0000,0.5430,0.196303,1,11,50,263.47,0.9586,0.0765,0.004761,4.498
486883,520,417,937,226,75,105,12.62,0.8023,0.5697,0.222235,20,31,17,139.07,0.4298,0.1212,0.011691,4.413
486890,520,424,944,191,36,253,312.78,0.9900,0.5566,0.194312,39,3,56,311.81,0.8827,0.1095,0.007820,4.225
486896,520,457,977,181,29,240,312.90,0.9687,0.5263,0.169949,12,5,34,289.62,0.7506,0.0595,0.003022,4.148
486922,520,402,922,233,51,166,347.47,0.8971,0.5812,0.224472,2,36,21,160.28,0.9588,0.1279,0.013287,4.337
486929,520,446,966,233,27,107,6.66,0.9551,0.5438,0.191721,35,6,5,26.41,0.7505,0.0794,0.004986,4.396
486951,520,450,970,226,61,14,34.58,0.9806,0.5403,0.195408,12,17,10,136.86,0.2786,0.0735,0.005010,4.461
486983,520,471,991,162,86,189,316.48,0.6690,0.5185,0.180118,18,1,0,34.41,1.0000,0.0396,0.001503,4.468
486989,520,425,945,240,14,130,359.49,0.9829,0.5612,0.204543,0,32,3,144.86,1.0000,0.1096,0.010396,4.215
486994,520,375,895,207,95,189,333.98,0.7169,0.5983,0.251256,17,42,43,198.89,0.4909,0.1624,0.019494,4.335
487014,520,469,989,208,11,171,338.85,0.9731,0.5165,0.165917,9,6,8,337.40,0.1569,0.0448,0.002059,4.148
487024,520,395,915,246,68,43,31.24,0.9582,0.5888,0.239049,23,38,5,130.42,0.8836,0.1430,0.015793,4.393
487056,520,480,1000,177,21,231,313.92,0.9746,0.5087,0.156540,0,0,0,0.00,0.0000,0.0000,0.000000,4.131
487062,520,414,934,229,11,203,334.87,0.9900,0.5750,0.212117,11,28,40,241.22,0.5001,0.1157,0.010548,4.329
487075,520,334,854,245,66,206,338.35,0.9398,0.6351,0.277681,30,48,58,233.44,0.3245,0.1964,0.026953,4.258
487076,520,409,929,222,68,143,354.66,0.8008,0.5669,0.216495,23,21,74,278.02,0.7801,0.1347,0.012129,4.289
487082,520,455,975,207,4,196,331.29,0.9931,0.5287,0.173398,5,13,2,135.02,0.8016,0.0557,0.003245,4.196
487087,520,448,968,241,11,44,24.71,0.9940,0.5428,0.191254,11,18,11,144.75,0.3123,0.0756,0.005279,4.364
487093,520,458,978,196,63,169,337.01,0.7759,0.5278,0.181570,0,16,0,142.50,1.0000,0.0589,0.003706,4.312
487111,520,448,968,210,15,194,332.62,0.9749,0.5354,0.179404,19,7,41,295.00,0.7376,0.0758,0.004505,4.209
487123,520,451,971,215,33,178,338.70,0.9225,0.5422,0.187514,16,13,24,296.38,0.3094,0.0728,0.004640,4.347
487166,520,329,849,252,43,234,332.39,0.9879,0.6471,0.283668,80,16,73,332.91,0.7651,0.2092,0.025573,4.415
487180,520,427,947,239,51,49,27.12,0.9485,0.5596,0.209434,36,17,21,6.70,0.3791,0.1050,0.008302,4.450
487188,520,377,897,241,42,191,341.25,0.9499,0.6023,0.241212,55,28,6,56.56,0.7441,0.1557,0.016560,4.375
487194,520,266,786,236,121,243,325.19,0.9331,0.7088,0.379807,10,75,12,143.12,0.9857,0.2642,0.051230,4.246
487209,520,442,962,224,12,161,345.92,0.9783,0.5422,0.186861,27,10,31,319.74,0.5529,0.0837,0.005490,4.268
487219,520,456,976,234,30,35,27.27,0.9771,0.5339,0.185455,15,11,15,326.07,0.1632,0.0637,0.003754,4.380
487247,520,405,925,241,36,147,354.83,0.9438,0.5783,0.220723,10,7,97,268.95,0.9856,0.1334,0.010795,4.453
487258,520,429,949,209,60,179,337.27,0.8256,0.5526,0.200437,6,29,7,144.35,0.9200,0.1039,0.009328,4.221
487267,520,420,940,228,42,155,349.62,0.9043,0.5603,0.205192,44,9,36,337.96,0.6825,0.1116,0.008583,4.356
487273,520,204,724,235,159,232,328.06,0.8377,0.7676,0.482862,40,85,8,136.15,0.9791,0.3099,0.069654,4.453
487286,520,464,984,182,81,153,339.89,0.6395,0.5200,0.181312,1,0,46,266.40,1.0000,0.0506,0.002037,4.445
487293,520,465,985,173,57,223,313.24,0.8792,0.5207,0.171391,6,7,26,276.85,0.6102,0.0530,0.002652,4.205
487295,520,373,893,229,54,205,334.52,0.9208,0.5969,0.237066,20,16,102,272.67,0.9520,0.1565,0.014785,4.431
487298,520,459,979,232,11,64,19.49,0.9903,0.5262,0.177684,14,7,30,294.65,0.6210,0.0625,0.003391,4.265
487301,520,298,818,230,104,227,328.44,0.8763,0.6663,0.322717,41,58,37,139.71,0.4053,0.2273,0.036310,4.318
487303,520,451,971,182,63,221,316.37,0.8640,0.5389,0.187217,18,11,29,300.39,0.4741,0.0735,0.004567,4.347
487349,520,415,935,229,73,105,12.56,0.8204,0.5728,0.224458,30,26,29,334.50,0.0926,0.1209,0.011035,4.497
487352,520,468,988,211,17,162,342.52,0.9560,0.5189,0.168607,9,0,31,292.42,1.0000,0.0433,0.001570,4.239
487367,520,426,946,181,80,217,316.06,0.8024,0.5552,0.205719,30,14,55,297.50,0.6995,0.1115,0.008659,4.359
487389,520,246,766,218,159,193,343.73,0.4939,0.7308,0.435532,23,80,1,139.42,0.9981,0.2845,0.059215,4.446
487402,520,469,989,161,54,241,305.39,0.9282,0.5155,0.165669,8,5,9,318.70,0.2449,0.0417,0.001799,4.164
487413,520,410,930,249,43,18,30.68,0.9866,0.5718,0.219148,59,5,25,4.27,0.8209,0.1307,0.011087,4.406
487416,520,431,951,244,9,62,20.85,0.9944,0.5511,0.197798,7,18,56,266.71,0.8334,0.1002,0.007633,4.300
487426,520,364,884,226,28,248,323.17,0.9860,0.6052,0.237788,5,15,116,265.79,0.9837,0.1669,0.016347,4.338
487430,520,406,926,235,29,174,344.68,0.9581,0.5756,0.215998,56,4,45,338.48,0.8156,0.1329,0.011172,4.348
487457,520,358,878,255,15,191,343.91,1.0000,0.6176,0.253667,59,34,35,17.18,0.3396,0.1822,0.021953,4.220
487478,520,479,999,202,68,70,23.39,0.7944,0.5081,0.171351,1,0,0,29.23,1.0000,0.0090,0.000065,4.421
487483,520,424,944,233,68,18,35.32,0.9766,0.5619,0.215045,47,14,0,45.95,1.0000,0.1130,0.009185,4.478
487484,520,428,948,192,36,252,313.27,0.9853,0.5573,0.194977,42,8,10,20.45,0.7172,0.0965,0.006879,4.307
487485,520,326,846,239,62,250,325.45,0.9819,0.6482,0.287006,20,50,85,254.01,0.6622,0.2134,0.030857,4.168
487503,520,475,995,204,25,186,333.34,0.9403,0.5229,0.170797,1,0,30,268.84,1.0000,0.0339,0.001002,4.329
487514,520,403,923,245,55,69,22.98,0.9473,0.5777,0.225779,38,27,3,84.73,0.8133,0.1268,0.012025,4.446
487529,520,366,886,203,119,135,8.10,0.5049,0.6107,0.276410,3,50,3,142.69,0.9915,0.1733,0.023070,4.467
487536,520,462,982,201,11,213,325.20,0.9857,0.5314,0.174627,1,5,28,264.48,0.8995,0.0452,0.001988,4.321
487547,520,467,987,213,62,81,18.13,0.8293,0.5241,0.181878,3,9,2,139.32,0.7297,0.0443,0.002191,4.443
487548,520,355,875,244,18,229,331.80,0.9925,0.6201,0.253258,25,50,9,135.59,0.9169,0.1841,0.025075,4.039
487555,520,407,927,227,29,191,337.78,0.9579,0.5699,0.209738,21,35,16,137.84,0.5548,0.1339,0.013989,4.059
487595,520,403,923,201,58,246,316.40,0.9539,0.5820,0.220989,27,9,81,283.55,0.9141,0.1277,0.010224,4.500
487602,520,468,988,127,92,229,290.69,0.8080,0.5154,0.178234,1,8,10,210.68,0.6865,0.0427,0.002020,4.387
487613,520,310,830,238,88,232,329.41,0.9261,0.6608,0.309852,46,57,3,121.20,0.9486,0.2232,0.035136,4.227
487615,520,452,972,170,75,208,314.89,0.7816,0.5262,0.181331,26,8,10,13.86,0.4783,0.0698,0.004152,4.272
487622,520,432,952,231,57,18,33.17,0.9779,0.5464,0.199618,24,18,31,305.16,0.3137,0.0957,0.007257,4.360
487625,520,431,951,202,26,234,320.22,0.9749,0.5539,0.192375,47,2,16,7.07,0.8754,0.0987,0.006853,4.263
487640,520,461,981,202,8,209,326.50,0.9887,0.5296,0.173355,11,8,12,317.93,0.1746,0.0526,0.002714,4.237
487661,520,294,814,243,93,239,328.82,0.9508,0.6785,0.331179,63,47,82,304.30,0.4129,0.2409,0.036990,4.382
487701,520,409,929,243,3,135,358.19,0.9966,0.5668,0.208724,19,9,90,274.83,0.9612,0.1318,0.010719,4.261
487710,520,330,850,248,87,155,357.87,0.9072,0.6395,0.291425,47,52,34,120.83,0.3053,0.2139,0.031758,4.176
487726,520,352,872,252,46,173,349.17,0.9752,0.6162,0.256700,1,51,55,203.34,0.9732,0.1908,0.026498,4.009
487733,520,444,964,178,50,242,310.81,0.9364,0.5373,0.181579,4,6,61,268.51,0.9680,0.0819,0.004929,4.216
487784,520,450,970,216,47,150,348.80,0.8564,0.5390,0.188363,32,0,24,339.28,1.0000,0.0698,0.003731,4.436
487791,520,419,939,240,5,142,355.38,0.9939,0.5639,0.205900,39,17,20,12.02,0.4262,0.1093,0.008828,4.350
487794,520,456,976,207,12,200,330.19,0.9814,0.5332,0.177005,13,13,0,109.77,1.0000,0.0618,0.003734,4.225
487796,520,432,952,224,72,58,29.02,0.8772,0.5528,0.207902,3,26,24,187.43,0.7866,0.0976,0.008241,4.428
487812,520,413,933,243,53,19,32.01,0.9827,0.5671,0.216513,11,7,89,270.26,0.9802,0.1230,0.009443,4.484
487813,520,468,988,162,66,231,307.01,0.8735,0.5212,0.173480,15,1,7,349.55,0.7444,0.0382,0.001386,4.349
487819,520,347,867,248,52,215,336.33,0.9640,0.6343,0.273218,13,53,4,140.27,0.9836,0.1875,0.026404,4.230
487826,520,458,978,210,14,179,336.95,0.9703,0.5258,0.172725,11,10,27,284.19,0.4818,0.0639,0.003674,4.150
487827,520,194,714,229,183,127,71.49,0.5954,0.7766,0.520587,23,91,13,141.41,0.9830,0.3230,0.076931,4.495
487839,520,451,971,221,0,180,339.32,1.0000,0.5441,0.186699,22,7,30,312.53,0.6190,0.0714,0.004163,4.370
487851,520,476,996,220,17,82,12.87,0.9719,0.5061,0.162284,4,0,2,344.76,1.0000,0.0178,0.000302,4.220
487854,520,339,859,241,53,243,327.67,0.9695,0.6402,0.277207,12,30,120,266.45,0.9492,0.1976,0.023626,4.444
487865,520,476,996,165,55,231,308.83,0.8985,0.5135,0.165020,1,1,2,284.11,0.2654,0.0171,0.000325,4.273
487866,520,108,628,247,202,237,333.98,0.8756,0.8699,0.681308,2,109,65,157.16,0.9959,0.3880,0.113313,4.478
487882,520,223,743,253,133,231,334.50,0.9863,0.7452,0.434297,89,60,81,337.07,0.3131,0.3045,0.059498,4.423
487890,520,453,973,227,23,94,10.03,0.9612,0.5261,0.177547,12,12,35,280.20,0.5728,0.0738,0.004624,4.166
487909,520,405,925,252,41,53,25.36,0.9863,0.5795,0.225421,25,31,39,255.70,0.1956,0.1337,0.013331,4.349
487913,520,441,961,218,73,70,25.38,0.8345,0.5446,0.201152,44,2,7,18.55,0.9136,0.0903,0.005943,4.489
487920,520,367,887,253,21,178,347.23,0.9859,0.6090,0.246368,48,39,20,84.92,0.4358,0.1748,0.021300,4.157
487921,520,341,861,195,106,239,313.15,0.8560,0.6275,0.281432,32,43,77,268.79,0.4955,0.1958,0.025706,4.378
487924,520,437,957,208,42,201,330.10,0.9128,0.5491,0.192848,20,23,2,116.27,0.8305,0.0948,0.007659,4.212
487926,520,423,943,225,1,193,336.60,0.9988,0.5595,0.198820,46,9,21,4.16,0.6802,0.1086,0.008305,4.268
487934,520,374,894,231,82,153,354.37,0.7960,0.6032,0.253260,44,34,37,358.35,0.1509,0.1616,0.018131,4.451
487942,520,447,967,213,35,183,336.67,0.9182,0.5426,0.187693,32,11,8,29.90,0.5378,0.0837,0.005640,4.272
487947,520,337,857,238,91,181,346.01,0.8455,0.6382,0.289982,56,44,26,77.00,0.3868,0.2001,0.027168,4.406
487948,520,401,921,205,41,254,316.28,0.9951,0.5821,0.217223,37,23,55,302.23,0.5342,0.1370,0.012820,4.254
487949,520,402,922,237,27,167,347.23,0.9619,0.5752,0.215814,11,37,2,138.06,0.9797,0.1317,0.013986,4.154
487964,520,463,983,148,71,250,297.88,0.9607,0.5255,0.177047,2,8,28,262.78,0.7859,0.0529,0.002704,4.308
487966,520,382,902,242,48,165,349.67,0.9246,0.5953,0.237108,55,29,15,48.10,0.5534,0.1593,0.017256,4.269
487973,520,359,879,248,92,62,32.90,0.9504,0.6237,0.279618,36,46,0,121.67,1.0000,0.1789,0.023290,4.497
487994,520,242,762,234,140,221,332.13,0.8283,0.7264,0.414709,51,72,40,135.46,0.5089,0.2799,0.054916,4.429
488031,520,445,965,208,51,180,336.48,0.8542,0.5431,0.190748,36,4,14,4.26,0.7423,0.0801,0.004937,4.382
488036,520,431,951,182,57,238,312.60,0.9161,0.5461,0.190454,14,18,49,273.96,0.6469,0.0985,0.007477,4.183
488043,520,402,922,219,45,218,328.42,0.9404,0.5812,0.220009,59,2,41,344.77,0.8724,0.1343,0.011335,4.402
488047,520,443,963,195,44,216,322.34,0.9160,0.5388,0.183629,14,8,54,280.00,0.8587,0.0847,0.005334,4.222
488061,520,453,973,202,39,189,331.92,0.8967,0.5289,0.176836,4,12,40,265.83,0.8059,0.0717,0.004419,4.168
488063,520,325,845,254,104,17,43.30,0.9929,0.6481,0.310154,39,54,32,136.08,0.4299,0.2119,0.031739,4.406
488067,520,462,982,214,11,175,339.15,0.9777,0.5302,0.176329,18,6,7,13.88,0.3989,0.0541,0.002742,4.291
488070,520,432,952,201,25,235,319.74,0.9765,0.5526,0.191125,5,28,16,158.23,0.8075,0.1022,0.009001,4.087
488071,520,434,954,210,39,200,330.93,0.9222,0.5500,0.193248,22,23,2,111.80,0.8267,0.0968,0.007878,4.203
488086,520,203,723,252,144,250,327.78,0.9854,0.7710,0.475463,39,83,65,164.87,0.5768,0.3135,0.069993,4.379
488097,520,356,876,252,43,177,347.84,0.9765,0.6163,0.256009,25,42,63,254.34,0.4416,0.1783,0.022214,4.238
488104,520,377,897,242,60,147,356.61,0.8927,0.5972,0.242186,67,12,29,6.87,0.7547,0.1567,0.015451,4.464
488117,520,460,980,211,56,144,350.44,0.8102,0.5348,0.186930,10,13,13,196.66,0.0888,0.0630,0.003814,4.403
488120,520,314,834,242,100,185,346.33,0.8632,0.6584,0.314971,8,60,51,177.97,0.8894,0.2208,0.035222,4.283
488136,520,308,828,244,86,242,328.35,0.9580,0.6738,0.323020,29,63,34,147.20,0.7116,0.2341,0.039316,4.176
488142,520,369,889,224,100,124,10.35,0.7074,0.6067,0.264192,15,46,16,144.09,0.8962,0.1660,0.020929,4.430
488155,520,400,920,229,84,78,25.95,0.8394,0.5808,0.235514,43,23,49,318.11,0.4861,0.1410,0.013482,4.498
488156,520,181,701,239,167,237,327.56,0.8649,0.7900,0.521041,43,89,34,140.47,0.8744,0.3275,0.077736,4.470
488157,520,443,963,230,47,24,30.86,0.9705,0.5359,0.189250,36,5,6,22.20,0.7705,0.0797,0.004968,4.353
488159,520,361,881,214,80,234,322.24,0.8993,0.6157,0.259757,36,15,115,280.16,0.9401,0.1848,0.019544,4.454
488168,520,322,842,247,51,238,330.29,0.9723,0.6457,0.283177,96,1,40,5.76,0.9783,0.2144,0.026621,4.348
488177,520,340,860,217,126,112,29.64,0.6093,0.6380,0.308452,41,52,20,125.17,0.6141,0.2049,0.029779,4.493
488180,520,415,935,240,11,161,349.45,0.9879,0.5733,0.213409,33,20,39,314.63,0.4120,0.1153,0.009701,4.412
488190,520,354,874,235,79,179,345.08,0.8464,0.6176,0.265115,1,27,114,263.77,0.9917,0.1809,0.020051,4.498
488228,520,430,950,225,68,43,31.80,0.9167,0.5481,0.203190,36,19,2,66.00,0.8057,0.1046,0.008452,4.332
488229,520,380,900,186,100,226,313.80,0.7880,0.5977,0.250454,5,45,24,155.52,0.9418,0.1603,0.019749,4.308
488231,520,342,862,230,59,246,324.18,0.9656,0.6285,0.266070,3,48,61,222.68,0.9060,0.1851,0.024701,4.231
488236,520,413,933,225,23,194,336.40,0.9692,0.5655,0.205179,7,15,83,267.73,0.9558,0.1240,0.010113,4.245
488257,520,416,936,143,103,249,291.92,0.9160,0.5678,0.223796,22,28,33,243.51,0.1641,0.1199,0.011109,4.480
488264,520,407,927,249,1,102,9.73,0.9992,0.5682,0.211243,25,6,86,280.80,0.9559,0.1283,0.010088,4.348
488272,520,475,995,223,47,2,33.03,0.9973,0.5206,0.177282,2,5,7,229.49,0.3462,0.0347,0.001368,4.425
488286,520,476,996,185,27,213,320.53,0.9496,0.5096,0.159036,2,1,8,289.57,0.6935,0.0224,0.000521,4.138
488298,520,348,868,251,44,212,337.72,0.9785,0.6330,0.270672,29,45,65,254.50,0.3961,0.1909,0.025196,4.265
488306,520,398,918,174,89,241,306.85,0.8800,0.5756,0.224950,17,29,70,267.95,0.7096,0.1440,0.014400,4.269
488311,520,343,863,247,54,210,337.48,0.9563,0.6312,0.270687,42,27,99,285.84,0.7796,0.1893,0.021769,4.468
488357,520,405,925,252,12,121,4.45,0.9906,0.5821,0.223425,52,15,21,13.21,0.6242,0.1285,0.011260,4.463
488365,520,480,1000,220,33,31,28.04,0.9672,0.5056,0.164050,0,0,0,0.00,0.0000,0.0000,0.000000,4.281
488370,520,291,811,239,134,76,47.93,0.8285,0.6793,0.359253,23,65,56,176.84,0.6548,0.2445,0.042481,4.425
488382,520,460,980,146,82,236,298.47,0.8609,0.5262,0.182019,16,8,12,347.44,0.2671,0.0576,0.003104,4.369
488386,520,453,973,187,73,170,333.92,0.7201,0.5255,0.182336,12,14,10,129.11,0.1517,0.0661,0.004142,4.291
488392,520,480,1000,219,22,99,6.92,0.9520,0.5104,0.165374,0,0,0,0.00,0.0000,0.0000,0.000000,4.307
488404,520,325,845,243,67,232,330.77,0.9507,0.6475,0.288979,34,30,119,275.78,0.8821,0.2090,0.026004,4.460
488420,520,430,950,213,28,207,329.84,0.9586,0.5541,0.194837,25,13,51,293.51,0.6928,0.1006,0.007335,4.270
488430,520,375,895,239,79,120,9.01,0.8513,0.6024,0.253017,12,33,84,264.01,0.8449,0.1640,0.018059,4.452
488439,520,457,977,189,25,236,316.19,0.9738,0.5338,0.175715,4,13,9,167.47,0.4623,0.0570,0.003334,4.232
488461,520,451,971,239,18,39,25.86,0.9894,0.5399,0.189332,10,10,33,279.70,0.6041,0.0670,0.003914,4.439
488472,520,346,866,245,10,241,329.24,0.9970,0.6280,0.259833,9,6,139,266.31,0.9958,0.1936,0.020522,4.393
488491,520,396,916,239,66,76,22.52,0.9085,0.5775,0.227721,51,24,21,27.36,0.4622,0.1433,0.014113,4.332
488501,520,445,965,209,83,15,42.54,0.9565,0.5363,0.197785,20,7,49,290.98,0.8001,0.0838,0.005224,4.487
488502,520,444,964,241,8,14,28.61,0.9965,0.5400,0.189096,3,16,36,256.26,0.7407,0.0768,0.005173,4.334
488513,520,402,922,242,13,157,351.14,0.9861,0.5758,0.216026,40,24,37,333.50,0.3349,0.1323,0.012380,4.265
488534,520,473,993,197,51,169,337.01,0.8189,0.5174,0.171043,12,0,12,328.36,1.0000,0.0337,0.001047,4.330
488546,520,445,965,228,11,145,352.01,0.9807,0.5423,0.187805,3,21,11,158.56,0.8247,0.0784,0.005798,4.262
488549,520,463,983,161,83,212,309.55,0.7588,0.5281,0.185177,13,7,0,84.64,1.0000,0.0483,0.002375,4.490
488605,520,325,845,254,85,156,358.38,0.9839,0.6479,0.299715,11,56,64,212.18,0.7741,0.2146,0.032695,4.229
488623,520,437,957,200,90,118,6.31,0.6266,0.5493,0.209015,1,25,23,187.64,0.9263,0.0929,0.007635,4.494
488637,520,385,905,235,5,205,335.73,0.9962,0.5861,0.221813,60,20,31,5.57,0.5874,0.1548,0.015600,4.143
488642,520,460,980,197,80,107,8.71,0.6671,0.5252,0.186710,11,13,13,196.82,0.0571,0.0638,0.003881,4.393
488654,520,472,992,207,59,108,5.15,0.7904,0.5167,0.174782,10,1,8,334.06,0.7048,0.0325,0.001038,4.404
488656,520,437,957,208,66,170,340.34,0.7916,0.5523,0.202106,21,17,36,292.15,0.4256,0.0931,0.006877,4.432
488676,520,467,987,228,21,23,28.24,0.9861,0.5161,0.170952,8,3,11,315.15,0.4863,0.0373,0.001409,4.298
488693,520,426,946,233,28,147,352.85,0.9497,0.5588,0.202636,5,13,75,267.19,0.9565,0.1100,0.008281,4.335
488702,520,387,907,227,64,190,338.66,0.8732,0.5936,0.237178,4,39,40,197.75,0.8413,0.1457,0.016300,4.332
488709,520,468,988,216,50,70,20.08,0.8917,0.5155,0.173249,7,2,16,302.30,0.6909,0.0359,0.001260,4.355
488713,520,435,955,220,43,162,345.38,0.8870,0.5492,0.195545,21,17,24,310.57,0.1952,0.0868,0.006263,4.364
488727,520,479,999,191,58,164,337.16,0.7788,0.5109,0.167844,0,0,7,264.05,1.0000,0.0135,0.000153,4.344
488730,520,439,959,188,93,148,346.19,0.5836,0.5464,0.206596,24,20,18,48.31,0.1028,0.0949,0.007382,4.472
488745,520,319,839,223,87,255,319.41,1.0000,0.6513,0.297262,43,57,13,125.29,0.8043,0.2214,0.034689,4.100
488759,520,335,855,240,48,244,327.24,0.9738,0.6359,0.271734,88,11,20,21.29,0.8974,0.1988,0.023649,4.368
488773,520,38,558,247,249,98,109.95,0.9751,0.9455,0.884079,6,129,63,151.39,0.9939,0.4540,0.160974,4.427
488774,520,390,910,218,32,243,322.26,0.9781,0.5899,0.224115,31,31,64,281.26,0.5042,0.1549,0.016414,4.127
488775,520,454,974,199,66,153,344.32,0.7519,0.5282,0.183403,33,4,7,16.85,0.7542,0.0727,0.004256,4.302
488792,520,282,802,252,96,230,333.71,0.9838,0.6911,0.347772,36,68,29,140.08,0.7679,0.2538,0.045979,4.144
488794,520,373,893,247,14,180,345.31,0.9894,0.5966,0.233868,42,25,74,295.88,0.6563,0.1621,0.016819,4.248
488795,520,368,888,207,87,226,321.97,0.8506,0.6086,0.255743,51,35,31,34.50,0.2476,0.1714,0.020049,4.365
488808,520,315,835,214,106,244,318.43,0.9172,0.6564,0.311373,66,43,51,356.80,0.2776,0.2194,0.031251,4.448
488812,520,392,912,225,97,35,42.76,0.9106,0.5877,0.246808,40,33,23,76.41,0.2534,0.1492,0.016007,4.497
488828,520,383,903,251,58,87,18.55,0.9711,0.5954,0.242270,61,20,25,15.42,0.6116,0.1547,0.015628,4.453
488837,520,302,822,252,118,27,47.75,0.9760,0.6672,0.337347,6,65,37,156.39,0.9656,0.2327,0.039527,4.327
488838,520,342,862,254,48,190,344.57,0.9924,0.6292,0.269058,13,51,35,162.11,0.7994,0.1867,0.025745,4.212
488841,520,419,939,219,4,204,332.18,0.9954,0.5559,0.195088,43,14,28,352.15,0.5499,0.1134,0.009116,4.146
488859,520,462,982,196,19,220,322.02,0.9756,0.5303,0.173704,23,0,4,9.55,1.0000,0.0464,0.001910,4.309
488881,520,434,954,155,96,219,303.54,0.7430,0.5466,0.204491,28,20,26,335.23,0.2017,0.1026,0.008218,4.371
488896,520,480,1000,179,71,163,333.82,0.7012,0.5060,0.167358,0,0,0,0.00,0.0000,0.0000,0.000000,4.347
488905,520,472,992,170,86,164,329.99,0.6066,0.5152,0.178830,7,2,2,20.55,0.4264,0.0295,0.000930,4.493
488924,520,429,949,226,55,103,9.77,0.8651,0.5477,0.198831,15,26,4,130.70,0.8118,0.0996,0.008491,4.254
488934,520,470,990,162,80,209,311.07,0.7605,0.5228,0.180228,4,5,17,275.88,0.5193,0.0412,0.001748,4.449
488937,520,373,893,228,27,233,327.09,0.9825,0.5975,0.231634,50,33,22,53.74,0.3690,0.1625,0.018238,4.127
488957,520,290,810,237,123,182,349.32,0.7681,0.6844,0.355502,16,68,2,140.18,0.9952,0.2406,0.042486,4.384
488988,520,463,983,174,74,201,318.48,0.7690,0.5259,0.181143,11,8,3,87.25,0.3968,0.0496,0.002514,4.402
488992,520,392,912,221,38,230,325.99,0.9646,0.5886,0.224737,42,30,30,18.49,0.1899,0.1463,0.015146,4.217
489026,520,436,956,193,53,226,318.97,0.9092,0.5501,0.193760,42,0,32,339.60,1.0000,0.0926,0.005966,4.356
489031,520,397,917,220,95,28,43.88,0.9234,0.5753,0.234863,12,28,70,265.06,0.7835,0.1387,0.013508,4.485
489055,520,425,945,217,86,25,41.26,0.9344,0.5558,0.214799,5,29,21,168.42,0.7615,0.1068,0.009651,4.439
489058,520,416,936,231,18,183,340.93,0.9776,0.5688,0.208432,7,32,12,147.90,0.8845,0.1150,0.011047,4.233
489099,520,417,937,219,13,215,329.33,0.9881,0.5651,0.202564,44,15,26,358.20,0.5342,0.1159,0.009518,4.244
489101,520,446,966,230,48,45,27.41,0.9453,0.5385,0.191293,31,13,2,55.77,0.7538,0.0845,0.005836,4.321
489125,520,434,954,187,99,127,0.86,0.5224,0.5470,0.210222,11,28,0,133.58,1.0000,0.1022,0.009016,4.409
489134,520,461,981,206,25,193,331.85,0.9484,0.5310,0.176693,2,10,7,172.39,0.5962,0.0474,0.002453,4.322
489139,520,399,919,252,53,2,32.86,0.9986,0.5848,0.232497,36,30,27,48.25,0.1201,0.1375,0.013828,4.426
489140,520,424,944,174,89,224,310.87,0.7968,0.5632,0.215260,36,23,0,81.08,1.0000,0.1135,0.009879,4.430
489148,520,476,996,176,84,141,344.23,0.5857,0.5096,0.174951,0,2,2,194.77,1.0000,0.0198,0.000478,4.456
489164,520,273,793,219,141,212,330.00,0.6759,0.7046,0.388647,25,70,51,162.85,0.7171,0.2599,0.048258,4.464
489172,520,447,967,149,82,243,298.27,0.9000,0.5357,0.188954,3,8,56,267.27,0.9523,0.0789,0.004785,4.362
489175,520,385,905,227,47,202,334.81,0.9289,0.5865,0.226306,45,0,87,298.83,1.0000,0.1468,0.012460,4.424
489185,520,459,979,189,63,193,326.60,0.8059,0.5304,0.182255,23,5,2,37.32,0.7099,0.0571,0.002951,4.386
489195,520,298,818,235,128,124,23.15,0.7330,0.6714,0.345582,25,61,60,192.92,0.5463,0.2343,0.038703,4.460
489221,520,404,924,249,16,143,356.99,0.9854,0.5846,0.224970,55,5,48,334.66,0.8023,0.1340,0.011343,4.483
489223,520,432,952,238,15,94,11.19,0.9836,0.5462,0.193302,19,12,57,283.00,0.7872,0.0983,0.006968,4.271
489230,520,370,890,235,76,172,347.38,0.8440,0.6110,0.258123,19,40,59,247.55,0.5099,0.1663,0.019717,4.420
489270,520,341,861,224,113,136,8.39,0.6642,0.6316,0.294373,6,55,48,180.68,0.8978,0.2024,0.029844,4.313
489273,520,431,951,215,73,128,0.22,0.7574,0.5545,0.207729,33,12,39,318.28,0.6012,0.1003,0.007328,4.496
489281,520,453,973,186,66,193,325.53,0.7919,0.5290,0.181871,25,5,30,319.43,0.6920,0.0717,0.004090,4.287
489287,520,444,964,185,87,165,335.77,0.6388,0.5400,0.198486,19,14,30,297.36,0.4029,0.0811,0.005463,4.480
489308,520,408,928,220,90,30,41.59,0.9208,0.5676,0.226242,23,23,68,278.00,0.7032,0.1329,0.012123,4.447
489311,520,391,911,251,56,76,21.51,0.9749,0.5917,0.238630,57,22,4,46.02,0.8113,0.1466,0.014526,4.473
489330,520,396,916,240,44,138,358.15,0.9222,0.5777,0.221647,2,35,48,228.68,0.8891,0.1366,0.014283,4.226
489333,520,345,865,175,115,255,300.96,1.0000,0.6285,0.285958,0,44,90,254.08,0.9999,0.1937,0.025394,4.456
489348,520,433,953,128,100,250,286.83,0.9384,0.5482,0.206054,17,10,68,278.07,0.8994,0.1050,0.007536,4.450
489355,520,430,950,174,68,239,309.14,0.9047,0.5468,0.193657,44,9,11,20.59,0.7103,0.1020,0.007551,4.234
489367,520,409,929,218,52,194,334.85,0.8912,0.5697,0.212587,39,29,6,85.64,0.6965,0.1339,0.013233,4.153
489373,520,353,873,206,112,174,341.51,0.6002,0.6172,0.277677,8,51,33,160.91,0.8994,0.1843,0.025290,4.352
489389,520,373,893,216,56,246,320.60,0.9604,0.6038,0.240829,34,38,33,139.43,0.1111,0.1595,0.018361,4.254
489390,520,348,868,250,17,225,334.09,0.9936,0.6280,0.261643,56,20,88,304.08,0.7745,0.1853,0.020457,4.423
489392,520,413,933,248,41,56,24.58,0.9689,0.5716,0.218314,16,26,50,265.53,0.5246,0.1198,0.010792,4.414
489413,520,396,916,252,18,115,6.53,0.9853,0.5818,0.223695,25,35,4,125.23,0.8582,0.1351,0.014175,4.265
489417,520,421,941,237,60,2,34.62,0.9978,0.5608,0.212438,41,17,7,43.11,0.6224,0.1093,0.008877,4.457
489423,520,409,929,211,66,195,332.72,0.8386,0.5712,0.216874,5,10,95,266.63,0.9828,0.1317,0.010755,4.393
489426,520,451,971,225,33,141,353.39,0.9210,0.5430,0.190210,36,1,0,30.97,1.0000,0.0708,0.003968,4.451
489443,520,458,978,218,60,88,15.45,0.8410,0.5332,0.188442,17,11,6,64.36,0.3005,0.0631,0.003717,4.439
489444,520,296,816,247,90,234,331.24,0.9632,0.6784,0.330297,13,46,124,263.39,0.9192,0.2357,0.034946,4.477
489446,520,257,777,254,115,200,345.11,0.9864,0.7050,0.375053,81,49,89,319.41,0.4651,0.2736,0.046674,4.397
489456,520,5,525,248,253,249,151.89,0.5610,0.9874,0.970464,38,135,20,141.12,0.9860,0.4744,0.177898,4.478
489480,520,466,986,182,22,230,315.61,0.9732,0.5163,0.162333,9,1,36,286.90,0.9467,0.0500,0.002072,4.078
489500,520,455,975,230,33,3,30.97,0.9969,0.5254,0.179203,22,3,24,324.23,0.7216,0.0601,0.003017,4.323
489502,520,464,984,155,68,242,302.08,0.9163,0.5236,0.175140,23,0,3,13.56,1.0000,0.0460,0.001888,4.339
489506,520,391,911,236,76,88,20.46,0.8701,0.5854,0.237093,10,29,81,264.82,0.8689,0.1507,0.015373,4.392
489520,520,456,976,222,56,17,33.47,0.9750,0.5273,0.184011,4,0,50,271.57,1.0000,0.0580,0.002561,4.452
489521,520,379,899,239,5,217,333.58,0.9972,0.6008,0.234718,69,14,17,22.17,0.8003,0.1600,0.016200,4.301
489527,520,467,987,226,22,61,20.42,0.9753,0.5164,0.170824,1,7,17,249.18,0.7202,0.0432,0.001989,4.248
489544,520,406,926,227,66,165,347.24,0.8371,0.5832,0.229465,2,37,23,162.39,0.9574,0.1318,0.013978,4.368
489549,520,454,974,210,60,126,358.04,0.7901,0.5297,0.184419,16,11,26,298.23,0.4174,0.0698,0.004241,4.322
489551,520,242,762,237,142,223,332.49,0.8546,0.7348,0.426801,44,74,52,151.75,0.4710,0.2840,0.056808,4.464
489572,520,462,982,208,1,191,332.93,0.9981,0.5266,0.171953,0,9,18,237.77,1.0000,0.0475,0.002390,4.237
489595,520,405,925,230,5,203,335.09,0.9955,0.5757,0.212460,56,12,16,19.24,0.7370,0.1305,0.011412,4.274
489614,520,337,857,188,115,252,306.46,0.9503,0.6419,0.299818,29,52,27,142.37,0.6051,0.1965,0.027963,4.487
489627,520,424,944,215,71,141,354.21,0.7678,0.5570,0.208789,21,26,18,133.87,0.2330,0.1078,0.009419,4.355
489630,520,340,860,213,120,161,353.02,0.5793,0.6361,0.301540,58,45,21,81.43,0.5116,0.2044,0.028305,4.489
489635,520,361,881,220,64,246,321.46,0.9596,0.6168,0.255382,48,6,108,291.50,0.9549,0.1812,0.018413,4.464
489647,520,478,998,194,24,190,329.41,0.9385,0.5070,0.158420,7,0,0,29.23,1.0000,0.0213,0.000452,4.131
489648,520,344,864,240,12,249,326.33,0.9965,0.6252,0.256304,23,21,123,271.29,0.9592,0.1924,0.021484,4.285
489656,520,474,994,161,59,237,305.90,0.9068,0.5171,0.168200,2,2,23,273.69,0.8972,0.0348,0.001182,4.263
489683,520,335,855,226,124,6,58.26,0.9864,0.6354,0.305995,4,56,44,172.51,0.9458,0.2036,0.030359,4.430
489696,520,325,845,249,56,236,331.22,0.9763,0.6513,0.290271,45,46,71,281.72,0.3280,0.2113,0.029668,4.271
489703,520,427,947,249,7,77,17.29,0.9955,0.5638,0.208311,40,10,26,350.02,0.6085,0.1012,0.007428,4.498
489739,520,466,986,167,78,202,315.21,0.7500,0.5219,0.179294,12,7,17,307.28,0.3689,0.0533,0.002706,4.350
489774,520,63,583,239,228,228,17.37,0.2336,0.9156,0.794393,54,114,107,185.40,0.5543,0.4324,0.138799,4.472
489790,520,403,923,217,55,213,329.15,0.9105,0.5820,0.222903,48,20,11,38.46,0.5994,0.1278,0.011529,4.435
489804,520,358,878,189,98,255,308.10,1.0000,0.6185,0.267750,63,34,0,64.91,1.0000,0.1818,0.022010,4.413
489806,520,464,984,203,78,39,37.22,0.8652,0.5195,0.182938,16,0,28,309.39,1.0000,0.0484,0.001940,4.485
489813,520,392,912,220,95,108,16.27,0.7109,0.5877,0.244851,9,43,14,145.94,0.9367,0.1529,0.018175,4.325
489820,520,459,979,204,36,189,332.47,0.9092,0.5305,0.177752,5,4,47,272.62,0.9473,0.0636,0.003243,4.278
489830,520,372,892,243,50,189,342.48,0.9372,0.6100,0.250130,71,22,13,32.48,0.7681,0.1747,0.019427,4.323
489846,520,464,984,203,69,103,8.77,0.7414,0.5195,0.179341,24,0,2,18.68,1.0000,0.0473,0.001986,4.412
489847,520,234,754,241,156,143,29.14,0.7421,0.7380,0.444631,40,79,5,134.69,0.9826,0.2898,0.060539,4.475
489870,520,475,995,154,62,242,302.26,0.9241,0.5152,0.167265,2,0,20,279.36,1.0000,0.0265,0.000634,4.291
489874,520,422,942,236,52,70,21.77,0.9279,0.5574,0.207342,19,22,41,275.77,0.4097,0.1060,0.008723,4.382
489878,520,387,907,177,98,234,308.56,0.8229,0.5881,0.240237,17,34,60,258.64,0.5649,0.1488,0.015894,4.405
489885,520,427,947,237,47,90,14.82,0.9246,0.5594,0.207789,32,17,28,337.06,0.3586,0.1020,0.007918,4.451
489889,520,477,997,192,32,189,329.09,0.9087,0.5068,0.159152,3,0,12,296.66,1.0000,0.0224,0.000459,4.145
489890,520,278,798,233,133,154,7.13,0.6747,0.6861,0.364340,66,57,51,55.80,0.1276,0.2547,0.043236,4.444
489903,520,466,986,214,62,67,23.44,0.8582,0.5232,0.181491,17,6,10,355.06,0.3779,0.0538,0.002713,4.391
489924,520,477,997,228,6,6,29.04,0.9968,0.5110,0.166404,5,0,0,29.23,1.0000,0.0182,0.000323,4.300
489928,520,441,961,228,50,48,27.01,0.9375,0.5364,0.189915,39,6,13,10.98,0.7122,0.0886,0.005907,4.291
489934,520,379,899,199,101,200,326.96,0.7027,0.6016,0.256210,0,47,17,150.36,1.0000,0.1637,0.020734,4.329
489942,520,448,968,210,21,205,329.61,0.9691,0.5446,0.186478,2,2,66,266.40,0.9933,0.0799,0.004496,4.339
489953,520,435,955,209,57,172,339.57,0.8258,0.5458,0.194622,14,24,6,132.34,0.6696,0.0933,0.007598,4.247
489971,520,475,995,201,27,185,332.82,0.9300,0.5177,0.167060,2,0,21,278.52,1.0000,0.0273,0.000670,4.284
490009,520,386,906,246,11,165,349.48,0.9903,0.5869,0.225521,37,28,51,301.28,0.3932,0.1453,0.014628,4.263
490022,520,382,902,213,63,238,321.48,0.9284,0.5993,0.238760,42,20,77,296.51,0.7394,0.1560,0.015284,4.423
490024,520,419,939,218,66,146,352.29,0.7965,0.5587,0.208795,10,27,37,236.38,0.4969,0.1106,0.009819,4.326
490025,520,348,868,251,15,220,335.52,0.9942,0.6263,0.260214,2,12,137,264.69,0.9925,0.1931,0.020818,4.380
490027,520,378,898,241,66,138,0.33,0.8786,0.5977,0.244352,20,43,3,134.64,0.9653,0.1569,0.018830,4.277
490036,520,451,971,237,33,6,30.66,0.9947,0.5403,0.191086,26,4,21,337.02,0.6705,0.0662,0.003606,4.497
490072,520,410,930,233,1,185,340.70,0.9989,0.5700,0.208509,60,9,2,33.15,0.9458,0.1324,0.011606,4.196
490084,520,424,944,203,92,118,7.55,0.6300,0.5575,0.216607,23,21,51,283.54,0.5504,0.1143,0.009575,4.475
490085,520,421,941,241,46,4,32.15,0.9965,0.5570,0.206669,5,13,73,267.27,0.9532,0.1076,0.008011,4.424
490096,520,392,912,236,34,201,337.16,0.9635,0.5944,0.231967,24,17,96,275.85,0.9217,0.1533,0.014395,4.379
490112,520,445,965,241,17,19,28.55,0.9919,0.5424,0.191521,22,17,4,90.65,0.5835,0.0817,0.005802,4.328
490115,520,350,870,237,36,251,325.06,0.9867,0.6292,0.262338,45,2,120,286.00,0.9901,0.1893,0.019573,4.489
490117,520,389,909,241,58,147,356.24,0.8916,0.5936,0.238365,72,3,12,21.42,0.9568,0.1539,0.014696,4.457
490120,520,412,932,212,66,190,334.60,0.8315,0.5700,0.216132,6,27,50,252.63,0.7139,0.1168,0.010528,4.397
490126,520,462,982,215,38,139,352.10,0.8819,0.5256,0.176998,15,8,2,72.56,0.5740,0.0534,0.002796,4.300
490128,520,281,801,245,111,209,339.01,0.9137,0.6895,0.353874,39,60,71,231.80,0.3140,0.2452,0.041179,4.429
490143,520,478,998,216,31,110,2.83,0.9137,0.5122,0.167072,2,1,5,297.38,0.5651,0.0207,0.000456,4.302
490145,520,434,954,206,53,193,331.85,0.8646,0.5491,0.195202,39,13,17,12.25,0.5272,0.1009,0.007597,4.257
490146,520,450,970,219,30,165,343.76,0.9284,0.5411,0.187077,2,13,34,258.03,0.8006,0.0678,0.004162,4.377
490168,520,458,978,208,36,170,339.45,0.8933,0.5265,0.175760,14,2,40,291.47,0.9016,0.0604,0.002900,4.268
490200,520,427,947,241,47,24,30.69,0.9765,0.5585,0.208031,9,19,48,266.58,0.6898,0.0967,0.007372,4.498
490201,520,364,884,243,89,13,40.31,0.9858,0.6068,0.262317,18,48,7,138.60,0.9523,0.1730,0.022578,4.303
490217,520,455,975,208,3,201,330.20,0.9953,0.5337,0.176941,15,6,20,313.16,0.4970,0.0556,0.002823,4.296
490219,520,398,918,231,83,20,39.22,0.9674,0.5768,0.232288,41,29,30,12.96,0.1924,0.1424,0.014439,4.381
490230,520,420,940,232,13,156,349.33,0.9807,0.5557,0.198468,49,0,42,335.11,1.0000,0.1123,0.008202,4.269
490234,520,411,931,215,17,225,325.84,0.9857,0.5661,0.202863,48,14,17,17.54,0.6196,0.1184,0.009830,4.226
490243,520,441,961,215,26,180,338.01,0.9445,0.5400,0.184834,5,7,65,268.91,0.9655,0.0889,0.005658,4.219
490257,520,404,924,249,35,103,10.85,0.9617,0.5792,0.223246,44,18,37,338.33,0.5054,0.1262,0.011017,4.478
490269,520,441,961,232,10,121,0.95,0.9846,0.5407,0.187564,9,23,23,195.64,0.3942,0.0920,0.007327,4.144
490270,520,467,987,217,0,151,347.37,1.0000,0.5208,0.169885,14,3,12,333.26,0.5609,0.0440,0.001850,4.241
490286,520,429,949,206,49,207,327.82,0.9001,0.5547,0.198253,39,2,41,326.00,0.8486,0.0960,0.006349,4.406
490291,520,473,993,183,29,227,316.46,0.9584,0.5185,0.164933,5,1,10,308.43,0.7176,0.0275,0.000759,4.234
490311,520,466,986,226,22,78,15.24,0.9687,0.5197,0.172955,7,10,0,119.83,1.0000,0.0497,0.002623,4.237
490313,520,441,961,232,49,58,24.48,0.9368,0.5450,0.196609,13,14,45,277.22,0.6731,0.0862,0.005891,4.412
490325,520,382,902,233,0,227,329.77,1.0000,0.5957,0.228723,13,39,54,236.89,0.6010,0.1571,0.018029,4.097
490326,520,435,955,214,50,177,339.06,0.8659,0.5513,0.197539,0,23,22,191.08,1.0000,0.0859,0.006707,4.365
490354,520,319,839,249,74,203,340.40,0.9572,0.6479,0.293521,18,22,143,268.11,0.9776,0.2180,0.026854,4.470
490362,520,373,893,240,55,173,346.95,0.9091,0.6004,0.242777,44,26,70,299.87,0.6119,0.1632,0.017165,4.359
490373,520,343,863,255,88,32,37.05,1.0000,0.6284,0.283473,3,52,46,182.35,0.9426,0.1907,0.026725,4.346
490377,520,346,866,245,71,186,344.66,0.9207,0.6297,0.274671,57,38,44,358.50,0.2524,0.1919,0.024380,4.365
490386,520,419,939,248,24,33,27.36,0.9879,0.5607,0.207232,6,20,63,265.29,0.8757,0.1107,0.008979,4.361
490404,520,443,963,239,9,57,21.73,0.9939,0.5396,0.188448,33,8,6,28.02,0.6530,0.0797,0.005102,4.327
490414,520,480,1000,219,16,108,3.32,0.9649,0.5111,0.165160,0,0,0,0.00,0.0000,0.0000,0.000000,4.303
490424,520,434,954,187,100,125,2.70,0.5158,0.5481,0.211612,5,28,14,154.53,0.8406,0.1016,0.008944,4.438
490428,520,448,968,186,77,183,328.70,0.7278,0.5368,0.191671,1,19,32,239.60,0.8568,0.0804,0.005765,4.334
490433,520,423,943,231,66,22,34.57,0.9692,0.5559,0.209462,22,11,64,284.24,0.8347,0.1066,0.007801,4.489
490444,520,472,992,222,40,53,24.12,0.9446,0.5169,0.173070,6,0,24,292.42,1.0000,0.0345,0.001047,4.370
490450,520,356,876,246,69,157,354.66,0.9121,0.6169,0.262865,17,50,7,139.38,0.9604,0.1793,0.024156,4.219
490452,520,422,942,226,21,191,337.48,0.9721,0.5649,0.204692,45,11,22,3.27,0.6300,0.1099,0.008552,4.350
490456,520,462,982,230,28,57,22.23,0.9705,0.5270,0.179519,26,0,2,19.76,1.0000,0.0507,0.002240,4.394
490469,520,461,981,224,9,137,353.81,0.9817,0.5304,0.178515,3,3,33,272.75,0.9218,0.0464,0.001943,4.399
490473,520,396,916,244,56,108,10.57,0.9174,0.5849,0.231474,68,1,6,24.39,0.9872,0.1416,0.012640,4.494
490476,520,311,831,228,97,240,324.25,0.9249,0.6615,0.313366,33,60,2,132.37,0.9852,0.2220,0.035594,4.245
490493,520,384,904,223,87,136,0.88,0.7355,0.5897,0.242843,42,25,61,303.79,0.5557,0.1518,0.015244,4.488
490529,520,367,887,253,69,75,23.98,0.9860,0.6074,0.256505,21,45,12,138.12,0.8709,0.1654,0.020627,4.340
490539,520,339,859,212,101,230,321.88,0.8499,0.6376,0.290191,85,23,8,34.63,0.8838,0.2042,0.025619,4.499
490541,520,361,881,241,30,235,329.68,0.9852,0.6226,0.256302,9,29,107,265.72,0.9399,0.1790,0.019982,4.377
490553,520,449,969,182,70,210,318.95,0.8150,0.5390,0.189797,1,2,59,265.58,0.9923,0.0703,0.003656,4.469
490565,520,350,870,254,0,229,333.98,1.0000,0.6346,0.267312,65,22,77,318.16,0.7065,0.1928,0.022336,4.387
490578,520,406,926,233,55,153,352.18,0.8786,0.5786,0.223587,32,31,5,107.21,0.7449,0.1305,0.012980,4.344
490581,520,452,972,229,39,50,25.03,0.9558,0.5303,0.183423,14,3,47,286.00,0.9079,0.0690,0.003637,4.352
490589,520,348,868,235,74,221,331.68,0.9159,0.6343,0.277827,66,31,45,355.86,0.4594,0.1909,0.023278,4.474
490592,520,392,912,254,16,120,5.19,0.9924,0.5868,0.228012,0,38,62,242.01,1.0000,0.1540,0.017339,4.129
490597,520,431,951,142,102,224,295.75,0.7486,0.5458,0.206354,10,20,50,266.97,0.6861,0.1013,0.007951,4.424
490626,520,266,786,245,125,202,342.83,0.8815,0.7078,0.383464,25,67,82,224.75,0.6189,0.2640,0.048300,4.410
490644,520,412,932,228,1,203,334.62,0.9990,0.5712,0.208301,22,31,11,128.98,0.5711,0.1215,0.011747,4.183
490659,520,413,933,253,6,22,27.96,0.9979,0.5658,0.210746,18,30,26,171.82,0.2810,0.1194,0.011317,4.252
490683,520,465,985,195,68,153,343.26,0.7343,0.5237,0.180380,6,9,21,270.20,0.4321,0.0544,0.002882,4.356
490689,520,424,944,250,15,41,25.71,0.9933,0.5627,0.208294,45,13,27,355.44,0.5884,0.1148,0.009249,4.359
490696,520,470,990,226,43,10,31.76,0.9885,0.5239,0.179213,7,1,25,292.38,0.8916,0.0390,0.001371,4.462
490705,520,439,959,214,9,214,328.34,0.9907,0.5547,0.193487,22,19,28,299.95,0.2216,0.0944,0.007202,4.257
490720,520,368,888,240,16,219,333.32,0.9914,0.6061,0.240132,6,48,6,142.89,0.9793,0.1678,0.021657,4.049
490724,520,470,990,217,35,122,358.73,0.8976,0.5208,0.173614,2,0,37,270.62,1.0000,0.0419,0.001465,4.345
490726,520,432,952,237,21,114,4.60,0.9705,0.5517,0.197589,28,18,25,337.75,0.2507,0.0976,0.007497,4.306
490731,520,415,935,222,63,159,347.99,0.8261,0.5685,0.215902,18,30,37,234.61,0.3026,0.1242,0.011907,4.295
490736,520,478,998,104,93,247,280.11,0.9382,0.5112,0.174866,1,1,11,275.11,0.8474,0.0225,0.000523,4.451
490745,520,379,899,194,112,172,337.76,0.5499,0.5992,0.260375,19,42,37,178.09,0.4620,0.1610,0.019279,4.480
490746,520,392,912,211,83,194,333.21,0.7837,0.5905,0.239323,3,24,93,264.18,0.9492,0.1502,0.014628,4.477
490758,520,365,885,242,48,193,341.02,0.9421,0.6089,0.248444,12,48,6,140.89,0.9700,0.1701,0.022051,4.142
490768,520,209,729,233,177,10,85.34,0.9842,0.7561,0.487916,29,87,31,143.85,0.9374,0.3136,0.071763,4.418
490772,520,459,979,211,43,158,344.49,0.8638,0.5304,0.180475,16,11,0,93.22,1.0000,0.0603,0.003495,4.308
490797,520,469,989,172,29,252,307.70,0.9857,0.5234,0.166785,1,0,35,267.80,1.0000,0.0388,0.001278,4.228
490810,520,469,989,207,49,136,352.05,0.8220,0.5174,0.172417,3,7,14,253.44,0.4220,0.0437,0.002030,4.275
490811,520,374,894,243,28,185,343.19,0.9719,0.5959,0.233911,29,15,99,279.04,0.9229,0.1585,0.015036,4.365
490821,520,327,847,227,89,241,323.93,0.9332,0.6505,0.298285,27,46,86,263.44,0.6022,0.2070,0.028588,4.432
490836,520,455,975,223,51,83,16.30,0.8887,0.5331,0.186829,7,7,35,277.07,0.7522,0.0602,0.003185,4.453
490845,520,23,543,226,252,255,205.11,1.0000,0.9687,0.930087,4,132,64,151.30,0.9962,0.4637,0.168977,4.476
490852,520,390,910,214,68,213,328.20,0.8753,0.5891,0.232364,40,6,91,291.74,0.9364,0.1509,0.013367,4.456
490863,520,409,929,239,53,100,12.36,0.9090,0.5705,0.218202,32,30,12,102.91,0.4826,0.1289,0.012622,4.283
490898,520,421,941,178,85,223,312.99,0.8068,0.5621,0.212906,32,18,35,320.37,0.4088,0.1076,0.008611,4.486
490910,520,426,946,204,9,248,317.80,0.9950,0.5633,0.198117,32,5,61,299.62,0.8727,0.1067,0.007526,4.313
490917,520,389,909,244,11,181,344.35,0.9911,0.5907,0.228118,6,9,109,266.50,0.9888,0.1508,0.013381,4.388
490929,520,451,971,233,39,52,24.70,0.9585,0.5388,0.190257,12,12,24,283.21,0.3496,0.0671,0.004071,4.443
490956,520,425,945,159,100,228,302.54,0.7761,0.5647,0.220871,23,28,6,120.27,0.6716,0.1126,0.010258,4.495
490975,520,334,854,251,62,197,342.27,0.9709,0.6375,0.279889,30,52,20,136.80,0.7220,0.1958,0.027824,4.239
490993,520,466,986,199,79,91,17.15,0.6966,0.5228,0.184913,17,2,23,316.62,0.7657,0.0508,0.002245,4.496
490995,520,366,886,246,2,206,337.93,0.9989,0.6065,0.240956,8,15,115,266.76,0.9815,0.1667,0.016309,4.388
491002,520,459,979,166,60,246,305.59,0.9452,0.5328,0.179932,19,0,36,305.13,1.0000,0.0584,0.002658,4.366
491007,520,477,997,167,17,248,307.31,0.9865,0.5073,0.153945,0,2,8,253.83,0.9999,0.0231,0.000609,4.030
491041,520,457,977,220,57,37,30.70,0.9323,0.5257,0.182781,23,2,28,320.18,0.7967,0.0618,0.003094,4.384
491044,520,400,920,252,43,18,30.64,0.9888,0.5780,0.224706,0,26,82,261.31,1.0000,0.1406,0.013479,4.328
491049,520,455,975,230,37,60,22.30,0.9544,0.5325,0.184754,7,4,40,278.21,0.8890,0.0584,0.002852,4.442
491058,520,461,981,237,16,12,29.06,0.9922,0.5333,0.184049,4,7,27,270.63,0.6858,0.0519,0.002569,4.452
491085,520,394,914,233,19,207,334.77,0.9842,0.5867,0.222971,53,17,27,5.32,0.5826,0.1356,0.012370,4.377
491086,520,457,977,164,54,252,304.13,0.9812,0.5295,0.175597,14,7,33,292.03,0.6633,0.0646,0.003551,4.213
491095,520,478,998,155,94,159,324.78,0.5097,0.5054,0.174778,4,1,5,320.09,0.5789,0.0237,0.000585,4.444
491100,520,462,982,173,42,248,308.36,0.9650,0.5290,0.173183,2,7,20,259.22,0.6494,0.0457,0.002154,4.279
491103,520,464,984,211,16,172,339.34,0.9631,0.5241,0.172002,8,9,11,262.80,0.0865,0.0518,0.002712,4.212
491105,520,394,914,218,39,236,323.78,0.9658,0.5883,0.224146,45,8,72,305.57,0.8479,0.1397,0.011995,4.422
491107,520,415,935,217,83,127,3.05,0.7259,0.5707,0.224728,6,27,59,258.53,0.7896,0.1238,0.011383,4.476
491109,520,453,973,171,42,252,306.93,0.9838,0.5297,0.173429,2,0,61,266.79,1.0000,0.0699,0.003498,4.176
491110,520,441,961,174,94,170,329.01,0.5866,0.5378,0.199073,0,23,23,194.77,1.0000,0.0863,0.006746,4.389
491117,520,340,860,231,102,171,349.45,0.7636,0.6377,0.294343,3,41,108,260.88,0.9680,0.2043,0.026878,4.479
491121,520,361,881,251,56,169,350.69,0.9638,0.6196,0.262055,43,39,51,300.21,0.1897,0.1796,0.022037,4.332
491125,520,342,862,250,41,216,336.43,0.9751,0.6318,0.268709,74,12,66,334.00,0.7802,0.1892,0.021124,4.481
491129,520,443,963,227,30,133,356.50,0.9333,0.5421,0.189557,10,21,3,133.03,0.8326,0.0812,0.006074,4.272
491130,520,431,951,174,65,252,306.59,0.9780,0.5542,0.198083,9,21,50,264.69,0.6906,0.1031,0.008247,4.259
491137,520,416,936,226,11,197,335.77,0.9881,0.5658,0.204418,43,19,19,20.74,0.4484,0.1193,0.010264,4.222
491150,520,399,919,241,32,148,354.33,0.9525,0.5767,0.218751,40,17,65,302.26,0.7115,0.1378,0.012337,4.311
491154,520,398,918,246,52,100,13.08,0.9360,0.5835,0.229723,60,15,17,21.46,0.7216,0.1429,0.013429,4.410
491157,520,479,999,227,10,32,26.34,0.9935,0.5112,0.166552,2,0,1,344.76,1.0000,0.0130,0.000151,4.318
491187,520,350,870,244,87,159,355.48,0.8729,0.6341,0.285557,31,49,41,165.14,0.3162,0.1926,0.026480,4.388
491188,520,431,951,237,47,42,27.96,0.9555,0.5517,0.202079,21,15,45,289.11,0.6012,0.0952,0.006905,4.430
491191,520,467,987,199,75,94,14.28,0.7099,0.5177,0.179843,8,0,24,298.10,1.0000,0.0366,0.001176,4.491
491198,520,413,933,253,7,46,24.67,0.9971,0.5678,0.212357,53,5,18,10.04,0.8160,0.1160,0.009092,4.440
491200,520,458,978,209,40,172,339.14,0.8832,0.5320,0.180536,0,13,26,243.08,1.0000,0.0610,0.003624,4.299
491220,520,478,998,203,67,78,19.79,0.7836,0.5104,0.172630,4,0,10,306.92,1.0000,0.0227,0.000477,4.410
491231,520,378,898,255,60,23,32.36,1.0000,0.5975,0.245573,49,34,9,77.37,0.6736,0.1611,0.018168,4.336
491254,520,373,893,208,92,194,332.37,0.7440,0.5981,0.249609,10,32,80,263.02,0.8481,0.1569,0.016766,4.487
491280,520,426,946,191,60,233,316.39,0.9050,0.5586,0.201925,7,31,17,155.29,0.7821,0.1130,0.010656,4.153
491289,520,442,962,174,50,253,307.27,0.9879,0.5410,0.183725,8,21,6,140.54,0.7123,0.0806,0.006011,4.173
491291,520,434,954,243,16,8,29.32,0.9941,0.5460,0.194463,32,17,26,343.32,0.3413,0.1012,0.007826,4.228
491296,520,7,527,255,249,254,330.95,1.0000,0.9862,0.961673,36,135,1,140.37,0.9994,0.4731,0.177045,4.456
491301,520,424,944,246,16,99,10.70,0.9858,0.5644,0.208677,35,22,13,55.45,0.3815,0.1123,0.009602,4.340
491328,520,13,533,252,248,236,91.55,0.6477,0.9755,0.938866,69,128,65,142.57,0.7616,0.4711,0.170847,4.478
491331,520,479,999,210,65,18,36.19,0.9607,0.5136,0.175282,2,0,0,29.23,1.0000,0.0120,0.000129,4.494
491340,520,190,710,248,164,201,351.79,0.8248,0.7808,0.507265,21,90,22,143.15,0.9728,0.3198,0.075294,4.448
491349,520,475,995,222,4,130,355.70,0.9910,0.5224,0.172308,2,3,0,120.96,1.0000,0.0255,0.000780,4.378
491366,520,278,798,253,114,173,355.83,0.9555,0.6912,0.359374,56,63,17,117.39,0.7470,0.2529,0.044362,4.338
491368,520,453,973,207,45,165,341.07,0.8543,0.5282,0.178608,11,17,14,163.27,0.1986,0.0739,0.005037,4.154
491371,520,399,919,237,74,39,33.59,0.9402,0.5779,0.230516,2,28,81,261.41,0.9631,0.1450,0.014374,4.358
491376,520,479,999,225,1,57,20.44,0.9990,0.5077,0.163276,0,0,5,264.05,1.0000,0.0116,0.000110,4.256
491381,520,63,583,244,237,120,105.71,0.8978,0.9166,0.811583,8,118,112,188.53,0.9650,0.4336,0.141777,4.493
491387,520,400,920,251,51,25,30.95,0.9841,0.5820,0.229507,16,37,15,142.96,0.7364,0.1366,0.014677,4.322
491390,520,414,934,248,29,76,18.49,0.9760,0.5682,0.213606,44,1,64,311.38,0.9623,0.1223,0.009274,4.447
491393,520,478,998,213,33,108,3.17,0.9012,0.5066,0.163190,0,1,16,263.65,1.0015,0.0242,0.000591,4.214
491416,520,63,583,234,240,146,111.61,0.8175,0.9186,0.818882,14,123,56,149.76,0.9855,0.4339,0.145442,4.446
491417,520,353,873,243,50,203,338.43,0.9475,0.6174,0.256506,24,34,92,270.78,0.7762,0.1807,0.021109,4.310
491426,520,430,950,230,60,73,21.84,0.8958,0.5534,0.205386,21,25,14,124.50,0.3198,0.1039,0.008864,4.339
491436,520,466,986,175,72,201,318.96,0.7773,0.5247,0.179668,8,0,44,280.71,1.0000,0.0548,0.002335,4.388
491451,520,399,919,113,119,255,277.25,1.0000,0.5760,0.239237,32,34,26,118.91,0.1715,0.1436,0.015257,4.432
491478,520,470,990,146,74,239,298.88,0.8926,0.5173,0.172408,2,6,13,251.34,0.5032,0.0398,0.001722,4.300
491489,520,361,881,253,75,101,16.95,0.9794,0.6187,0.268579,36,36,78,280.51,0.5561,0.1824,0.021868,4.433
491492,520,357,877,255,51,155,355.75,1.0000,0.6177,0.259978,30,39,77,271.31,0.5492,0.1838,0.022628,4.268
491501,520,302,822,238,93,235,328.55,0.9280,0.6685,0.320064,21,54,88,251.53,0.6603,0.2274,0.035022,4.353
491504,520,415,935,231,74,32,35.11,0.9460,0.5659,0.219937,1,24,71,260.86,0.9744,0.1250,0.011146,4.415
491512,520,439,959,232,22,136,356.15,0.9615,0.5498,0.195101,27,2,60,295.48,0.9446,0.0949,0.006027,4.375
491517,520,389,909,233,78,128,4.58,0.8129,0.5928,0.243337,0,36,62,245.01,1.0000,0.1482,0.016095,4.438
491522,520,467,987,221,55,9,34.02,0.9869,0.5240,0.181270,7,5,11,301.75,0.3005,0.0415,0.001779,4.466
491529,520,388,908,218,58,217,328.31,0.9116,0.5888,0.229434,5,2,114,265.99,0.9980,0.1505,0.012905,4.442
491534,520,475,995,169,57,235,309.12,0.9031,0.5246,0.173602,3,4,4,196.65,0.0904,0.0317,0.001150,4.372
491536,520,435,955,192,40,236,316.69,0.9501,0.5465,0.187815,39,8,17,5.46,0.6453,0.0930,0.006455,4.212
491543,520,465,985,221,29,111,3.26,0.9295,0.5216,0.174012,21,0,15,339.11,1.0000,0.0474,0.001939,4.313
491544,520,473,993,222,47,49,26.16,0.9344,0.5218,0.177871,9,1,7,334.94,0.6855,0.0310,0.000951,4.472
491560,520,321,841,255,72,194,344.47,1.0000,0.6519,0.297931,48,48,47,106.50,0.0148,0.2078,0.029475,4.378
491563,520,422,942,247,12,46,24.60,0.9942,0.5560,0.202380,5,11,79,267.31,0.9686,0.1119,0.008361,4.324
491619,520,447,967,158,75,244,302.05,0.9172,0.5380,0.188333,31,9,24,341.10,0.5463,0.0841,0.005527,4.292
491620,520,439,959,227,61,81,19.12,0.8752,0.5501,0.202652,19,19,16,106.97,0.0866,0.0866,0.006416,4.478
491622,520,477,997,162,31,253,304.40,0.9902,0.5108,0.157538,3,1,4,316.91,0.5138,0.0217,0.000498,4.110
491624,520,236,756,250,149,160,13.28,0.8456,0.7414,0.443595,18,81,43,152.32,0.9357,0.2918,0.061876,4.412
491639,520,351,871,238,58,222,332.14,0.9452,0.6256,0.264798,84,6,31,9.85,0.8885,0.1883,0.021143,4.425
491666,520,355,875,224,73,233,325.52,0.9183,0.6230,0.264976,38,44,13,118.94,0.6645,0.1764,0.022425,4.349
491677,520,475,995,163,65,227,308.35,0.8628,0.5181,0.171138,6,1,20,295.26,0.8507,0.0344,0.001109,4.327
491680,520,337,857,250,83,155,357.73,0.9331,0.6382,0.288803,23,47,73,251.89,0.5465,0.1979,0.026961,4.402
491683,520,355,875,254,35,186,345.40,0.9927,0.6201,0.258215,19,9,127,269.99,0.9886,0.1826,0.018660,4.489
491687,520,465,985,214,31,138,351.88,0.9050,0.5190,0.171135,6,3,29,282.80,0.8225,0.0460,0.001925,4.259
491691,520,387,907,247,60,86,18.85,0.9458,0.5891,0.236812,60,6,58,329.81,0.8118,0.1514,0.013965,4.484
491702,520,418,938,238,54,15,32.67,0.9852,0.5577,0.208532,7,9,89,268.02,0.9794,0.1234,0.009617,4.337
491707,520,352,872,243,25,226,332.29,0.9872,0.6185,0.252438,42,47,30,121.57,0.3132,0.1930,0.026190,3.970
491709,520,458,978,235,21,43,25.16,0.9852,0.5328,0.183761,9,10,23,279.06,0.4063,0.0600,0.003370,4.380
491718,520,452,972,161,67,247,303.21,0.9444,0.5346,0.183073,25,2,40,308.89,0.8687,0.0734,0.004033,4.314
491726,520,376,896,230,15,234,327.39,0.9925,0.5980,0.231076,38,36,27,96.94,0.1876,0.1561,0.017530,4.162
491735,520,383,903,206,68,243,318.13,0.9376,0.5968,0.237287,30,34,37,240.20,0.0881,0.1457,0.015536,4.384
491737,520,378,898,248,17,189,343.01,0.9883,0.6039,0.240347,7,41,55,229.84,0.7571,0.1613,0.019068,4.204
491742,520,432,952,244,7,67,19.53,0.9953,0.5514,0.197938,10,14,58,271.96,0.8552,0.0959,0.006841,4.362
491747,520,477,997,209,10,151,345.56,0.9708,0.5073,0.160090,2,0,8,296.85,1.0000,0.0183,0.000304,4.176
491755,520,328,848,238,99,177,348.37,0.8240,0.6472,0.302778,37,56,0,127.67,1.0000,0.2117,0.032216,4.291
491757,520,438,958,214,35,185,336.33,0.9217,0.5456,0.190032,1,24,8,152.37,0.9750,0.0854,0.006772,4.228
491793,520,346,866,219,82,238,322.60,0.9179,0.6282,0.272695,23,45,74,255.93,0.5575,0.1929,0.025532,4.272
491798,520,332,852,248,36,243,329.39,0.9857,0.6425,0.276922,89,7,34,9.32,0.8835,0.2012,0.023917,4.423
491801,520,1,521,255,255,255,0.00,0.0000,1.0000,1.000000,3,138,59,149.17,0.9978,0.4823,0.185113,4.466
491839,520,460,980,206,57,159,343.42,0.8053,0.5338,0.185533,9,6,39,280.34,0.8041,0.0631,0.003348,4.415
491845,520,452,972,207,22,192,332.40,0.9562,0.5310,0.176470,33,0,15,355.05,1.0000,0.0676,0.003579,4.227
491888,520,435,955,162,88,232,304.54,0.8284,0.5519,0.204875,6,23,23,195.37,0.5338,0.0902,0.007133,4.461
491901,520,477,997,204,47,140,349.56,0.8234,0.5118,0.167659,0,2,5,242.21,1.0000,0.0215,0.000544,4.306
491902,520,438,958,221,48,155,348.27,0.8685,0.5514,0.198551,42,4,17,3.72,0.7771,0.0922,0.006196,4.423
491905,520,399,919,246,42,111,8.35,0.9426,0.5793,0.223999,2,41,22,157.22,0.9723,0.1449,0.016566,4.116
491917,520,426,946,243,43,2,31.85,0.9983,0.5589,0.207902,28,25,6,100.70,0.6162,0.1095,0.009553,4.331
491924,520,453,973,194,71,156,341.89,0.7225,0.5272,0.183778,7,0,61,272.88,1.0000,0.0737,0.003821,4.344
491933,520,355,875,204,99,230,319.28,0.8384,0.6234,0.274756,0,53,10,145.72,1.0000,0.1838,0.025680,4.291
491961,520,285,805,242,103,236,329.31,0.9412,0.6879,0.346363,17,65,64,193.08,0.7362,0.2454,0.042697,4.276
492002,520,401,921,191,91,211,320.70,0.7601,0.5812,0.232629,46,26,20,37.45,0.3819,0.1394,0.013702,4.437
492025,520,441,961,216,77,37,36.14,0.9047,0.5419,0.200427,32,14,8,39.49,0.4931,0.0894,0.006387,4.441
492038,520,476,996,192,40,193,327.85,0.8871,0.5147,0.165759,6,1,0,47.34,1.0000,0.0238,0.000604,4.264
492039,520,410,930,191,83,212,320.82,0.7905,0.5705,0.220176,27,28,48,280.84,0.3644,0.1327,0.012769,4.304
492041,520,404,924,245,29,150,354.36,0.9638,0.5840,0.224965,35,25,32,337.46,0.2125,0.1257,0.011569,4.466
492045,520,354,874,244,27,224,333.01,0.9856,0.6197,0.254017,57,37,23,55.50,0.4203,0.1829,0.022549,4.190
492087,520,467,987,203,19,182,334.24,0.9539,0.5162,0.165416,2,2,25,272.98,0.9163,0.0363,0.001265,4.202
492107,520,451,971,176,48,252,308.18,0.9827,0.5414,0.183731,34,4,4,24.97,0.8175,0.0737,0.004357,4.300
492140,520,379,899,196,106,184,332.27,0.6222,0.5972,0.255059,3,37,76,254.84,0.9048,0.1635,0.018642,4.444
492147,520,381,901,232,25,226,329.74,0.9834,0.5990,0.233446,10,9,111,267.83,0.9877,0.1553,0.014075,4.424
492152,520,403,923,218,48,210,330.27,0.9233,0.5764,0.216746,17,34,25,159.94,0.4341,0.1305,0.013334,4.212
492156,520,409,929,212,2,247,320.12,0.9990,0.5744,0.207577,45,22,22,20.32,0.4046,0.1296,0.011897,4.161
492173,520,260,780,219,159,97,65.85,0.6322,0.7058,0.407210,11,76,35,150.42,0.9680,0.2712,0.053612,4.413
492198,520,362,882,233,2,244,325.86,0.9992,0.6078,0.239012,76,9,51,347.91,0.7962,0.1818,0.019711,4.146
492202,520,364,884,238,42,206,336.33,0.9560,0.6052,0.242921,19,20,109,270.87,0.9515,0.1705,0.017428,4.344
492205,520,442,962,173,50,248,307.99,0.9617,0.5351,0.179436,33,9,9,22.14,0.5829,0.0821,0.005385,4.143
492209,520,434,954,244,14,61,21.28,0.9912,0.5520,0.198876,8,16,57,269.04,0.8491,0.0976,0.007176,4.353
492215,520,427,947,243,2,107,7.30,0.9979,0.5573,0.201630,29,17,38,309.34,0.4614,0.1034,0.008021,4.337
492225,520,347,867,221,73,244,321.96,0.9486,0.6255,0.266708,62,38,15,62.34,0.6148,0.1914,0.024450,4.254
492231,520,419,939,204,64,199,329.42,0.8388,0.5599,0.206294,38,8,45,319.48,0.7299,0.1060,0.007752,4.438
492255,520,436,956,205,1,230,322.17,0.9991,0.5491,0.187158,2,13,56,264.45,0.9315,0.0870,0.005862,4.245
492267,520,338,858,248,47,238,330.53,0.9762,0.6450,0.281655,16,49,79,249.10,0.6872,0.2044,0.028712,4.214
492268,520,378,898,247,69,91,18.74,0.9383,0.5989,0.247891,39,36,24,95.74,0.2615,0.1564,0.017591,4.407
492284,520,418,938,239,33,120,3.50,0.9475,0.5629,0.207977,34,25,14,71.62,0.3594,0.1185,0.010671,4.252
492290,520,388,908,250,34,124,4.05,0.9615,0.5867,0.229268,66,1,40,350.61,0.9352,0.1474,0.013334,4.409
492293,520,417,937,230,74,54,30.55,0.8966,0.5661,0.219897,13,26,49,261.04,0.5592,0.1172,0.010461,4.464
492297,520,320,840,249,22,255,327.01,1.0000,0.6471,0.279365,24,52,74,244.30,0.5417,0.2136,0.031445,4.044
492303,520,363,883,214,71,242,320.55,0.9369,0.6113,0.252152,15,45,35,168.68,0.6432,0.1677,0.020996,4.256
492312,520,446,966,233,39,40,27.27,0.9639,0.5375,0.189310,40,1,10,10.58,0.9190,0.0813,0.004948,4.355
492313,520,296,816,254,99,184,349.54,0.9851,0.6761,0.334583,25,64,50,167.17,0.6377,0.2400,0.041036,4.225
492321,520,308,828,248,74,237,330.71,0.9713,0.6650,0.309712,22,34,136,268.58,0.9417,0.2286,0.030920,4.445
492338,520,380,900,253,68,30,33.01,0.9902,0.6015,0.251143,42,34,49,308.69,0.2578,0.1646,0.018581,4.391
492341,520,418,938,208,66,183,335.76,0.8105,0.5593,0.207271,47,19,6,44.80,0.7004,0.1232,0.010833,4.229
492349,520,404,924,242,58,92,16.15,0.9148,0.5788,0.226793,38,25,22,33.37,0.2488,0.1260,0.011653,4.490
492352,520,423,943,90,118,252,270.54,0.9746,0.5554,0.221579,16,29,21,156.69,0.3698,0.1133,0.010430,4.494
492357,520,398,918,251,40,83,17.65,0.9755,0.5815,0.226550,13,31,67,262.42,0.7139,0.1441,0.014707,4.274
492364,520,324,844,254,24,251,328.97,0.9969,0.6536,0.286922,44,51,46,154.49,0.1164,0.2118,0.031004,4.159
492371,520,470,990,232,7,42,24.58,0.9953,0.5223,0.174781,17,2,10,345.54,0.6682,0.0445,0.001845,4.336
492379,520,385,905,210,46,250,318.36,0.9771,0.5900,0.225594,61,12,32,359.69,0.7177,0.1456,0.013595,4.334
492381,520,320,840,254,22,241,331.20,0.9964,0.6465,0.279987,65,11,113,300.99,0.9117,0.2142,0.025555,4.368
492383,520,474,994,221,47,55,24.55,0.9272,0.5205,0.176837,1,3,19,266.63,0.8591,0.0338,0.001186,4.432
492396,520,465,985,222,43,59,22.87,0.9333,0.5200,0.175759,14,7,6,30.12,0.2546,0.0513,0.002585,4.293
492420,520,460,980,210,74,36,35.86,0.8991,0.5265,0.187289,20,7,4,38.66,0.4865,0.0578,0.003095,4.469
492426,520,377,897,199,80,239,316.41,0.9036,0.5968,0.241127,70,14,4,33.28,0.9201,0.1600,0.016252,4.394
492432,520,471,991,137,87,232,295.03,0.8308,0.5203,0.179610,6,4,24,284.32,0.6957,0.0448,0.001915,4.423
492436,520,397,917,246,20,150,354.29,0.9789,0.5826,0.222985,55,7,48,334.74,0.7750,0.1363,0.011777,4.419
492439,520,342,862,244,45,219,334.31,0.9659,0.6252,0.262272,18,5,134,269.15,0.9949,0.1890,0.019582,4.488
492456,520,355,875,240,18,240,328.32,0.9933,0.6203,0.252519,44,38,56,299.55,0.2740,0.1808,0.022072,4.197
492464,520,398,918,234,22,190,339.65,0.9756,0.5796,0.217867,12,32,58,255.92,0.6390,0.1392,0.014166,4.175
492465,520,403,923,243,2,171,346.97,0.9981,0.5821,0.220416,47,21,30,358.94,0.4407,0.1336,0.012345,4.337
492469,520,458,978,189,8,241,315.30,0.9938,0.5329,0.173447,27,2,9,3.29,0.7697,0.0591,0.002962,4.219
492484,520,340,860,253,65,192,344.33,0.9834,0.6411,0.284723,4,29,129,264.64,0.9675,0.2047,0.024893,4.469
492508,520,435,955,194,67,203,325.07,0.8220,0.5494,0.197969,1,25,3,145.08,0.9879,0.0873,0.007083,4.344
492509,520,480,1000,191,18,202,325.26,0.9643,0.5078,0.157748,0,0,0,0.00,0.0000,0.0000,0.000000,4.155
492523,520,442,962,173,79,207,315.99,0.7667,0.5354,0.189821,33,8,8,22.55,0.6196,0.0802,0.005146,4.349
492541,520,471,991,225,21,75,16.04,0.9709,0.5165,0.170547,15,0,23,314.52,1.0000,0.0436,0.001634,4.271
492548,520,477,997,176,82,145,341.77,0.6040,0.5082,0.173102,2,0,12,289.00,1.0000,0.0208,0.000394,4.427
492569,520,398,918,254,45,40,28.20,0.9958,0.5849,0.231046,26,22,73,280.60,0.7393,0.1383,0.012744,4.479
492578,520,384,904,252,62,16,33.39,0.9883,0.5930,0.241817,5,31,82,261.62,0.9164,0.1544,0.016213,4.407
492581,520,381,901,250,68,20,34.21,0.9832,0.5951,0.245123,45,31,41,337.12,0.2528,0.1572,0.016980,4.406
492601,520,396,916,255,31,3,30.45,1.0000,0.5771,0.222504,52,2,66,317.12,0.9261,0.1389,0.011669,4.419
492610,520,399,919,212,42,234,322.64,0.9561,0.5787,0.215954,62,15,4,35.42,0.8846,0.1446,0.013747,4.172
492612,520,409,929,212,36,231,323.45,0.9627,0.5730,0.210302,44,18,40,333.25,0.5234,0.1278,0.011213,4.252
492613,520,364,884,252,72,57,29.09,0.9835,0.6061,0.256291,8,44,50,210.90,0.7474,0.1682,0.020832,4.324
492620,520,445,965,220,68,46,31.26,0.9006,0.5388,0.195497,22,14,5,71.53,0.4653,0.0750,0.004956,4.467
492632,520,355,875,242,12,234,330.17,0.9956,0.6184,0.250835,59,25,63,323.30,0.5935,0.1779,0.019841,4.307
492635,520,451,971,224,12,165,344.66,0.9790,0.5442,0.188295,6,11,41,270.30,0.7785,0.0720,0.004381,4.382
492639,520,413,933,208,19,247,318.97,0.9888,0.5715,0.205928,61,0,6,22.69,1.0000,0.1243,0.010054,4.262
492650,520,459,979,226,45,72,19.45,0.9227,0.5319,0.185162,14,10,14,326.09,0.1691,0.0603,0.003422,4.402
492667,520,312,832,239,118,130,15.48,0.7755,0.6617,0.329219,8,59,62,201.00,0.8486,0.2224,0.035272,4.447
492669,520,420,940,188,71,227,316.38,0.8637,0.5613,0.207451,42,15,16,19.41,0.5312,0.1092,0.008714,4.385
492671,520,409,929,247,39,90,15.06,0.9567,0.5742,0.219669,9,18,84,268.18,0.9403,0.1312,0.011307,4.399
492675,520,447,967,239,9,17,28.38,0.9959,0.5360,0.185899,2,13,50,263.77,0.9241,0.0811,0.005310,4.265
492686,520,371,891,192,103,224,316.37,0.7788,0.6092,0.262898,53,36,12,73.30,0.6287,0.1724,0.020453,4.441
492694,520,421,941,211,29,221,325.71,0.9658,0.5607,0.199500,53,4,4,26.92,0.9303,0.1115,0.008526,4.263
492695,520,476,996,197,22,193,329.40,0.9496,0.5136,0.162961,3,2,1,74.90,0.3058,0.0238,0.000650,4.205
492701,520,432,952,242,28,33,27.55,0.9828,0.5497,0.198210,36,9,35,329.05,0.6456,0.0977,0.006918,4.361
492703,520,354,874,217,71,249,319.73,0.9687,0.6208,0.260995,27,46,34,155.85,0.3983,0.1779,0.023024,4.259
492710,520,476,996,176,75,176,327.58,0.7040,0.5143,0.173980,5,1,4,334.75,0.5642,0.0245,0.000627,4.424
492729,520,433,953,244,11,44,24.82,0.9944,0.5492,0.196578,45,8,17,9.59,0.7034,0.1040,0.007721,4.272
492740,520,320,840,224,94,245,321.86,0.9443,0.6548,0.304471,11,48,98,257.53,0.8431,0.2149,0.030667,4.394
492756,520,433,953,230,48,98,11.28,0.9003,0.5482,0.198216,32,13,37,318.97,0.5566,0.0993,0.007285,4.333
492759,520,470,990,187,73,156,339.72,0.6970,0.5181,0.177317,0,6,10,224.61,1.0000,0.0364,0.001522,4.412
492765,520,396,916,252,39,50,25.76,0.9868,0.5779,0.223805,20,11,96,274.17,0.9606,0.1426,0.012325,4.393
492767,520,408,928,211,17,234,322.69,0.9875,0.5659,0.201922,17,23,68,272.24,0.7584,0.1284,0.011493,4.097
492775,520,440,960,232,57,29,31.79,0.9607,0.5491,0.201738,5,26,12,152.79,0.8281,0.0949,0.007976,4.342
492778,520,465,985,208,60,118,1.09,0.7856,0.5230,0.179518,9,11,1,116.40,0.7883,0.0540,0.002996,4.331
492795,520,442,962,222,60,57,26.43,0.8989,0.5351,0.190594,22,7,44,297.55,0.7561,0.0816,0.005044,4.371
492797,520,364,884,238,96,19,42.65,0.9728,0.6081,0.265929,18,45,21,146.17,0.7640,0.1653,0.020594,4.475
492815,520,462,982,187,47,217,319.62,0.9033,0.5288,0.176089,10,1,39,286.46,0.9542,0.0537,0.002327,4.321
492817,520,401,921,220,62,182,339.35,0.8497,0.5753,0.220406,60,14,2,37.18,0.9273,0.1388,0.012793,4.306
492824,520,289,809,230,139,89,48.57,0.7234,0.6776,0.360117,12,69,21,145.38,0.9723,0.2448,0.043884,4.368
492827,520,265,785,250,135,149,13.30,0.8666,0.7129,0.398246,6,71,69,191.52,0.9263,0.2643,0.049746,4.494
492836,520,445,965,230,36,82,15.51,0.9421,0.5359,0.186969,7,19,19,195.66,0.3856,0.0781,0.005579,4.264
492856,520,367,887,240,50,193,340.60,0.9352,0.6067,0.246596,6,49,14,146.15,0.9718,0.1724,0.022670,4.081
492864,520,441,961,182,49,242,312.08,0.9377,0.5425,0.185536,29,7,49,303.87,0.7786,0.0946,0.006349,4.180
492869,520,387,907,220,60,205,332.20,0.8912,0.5864,0.228573,6,23,94,265.66,0.9468,0.1508,0.014596,4.313
492894,520,375,895,211,88,199,331.55,0.7791,0.5999,0.249536,6,32,81,261.35,0.8967,0.1563,0.016657,4.494
492895,520,402,922,251,0,121,4.02,1.0000,0.5777,0.218933,35,28,9,89.43,0.5600,0.1265,0.012076,4.332
492903,520,448,968,205,7,220,324.53,0.9926,0.5427,0.183002,7,21,17,173.68,0.4678,0.0829,0.006220,4.145
492906,520,465,985,203,77,6,42.00,0.9805,0.5160,0.180195,11,9,8,50.48,0.0786,0.0535,0.002841,4.356
492910,520,428,948,250,1,36,26.03,0.9996,0.5592,0.204768,7,27,15,155.32,0.7029,0.1000,0.008635,4.345
492911,520,418,938,229,70,81,21.15,0.8590,0.5638,0.216352,22,29,9,125.25,0.5842,0.1152,0.010690,4.389
492926,520,407,927,244,57,10,33.28,0.9915,0.5723,0.221847,59,4,13,17.89,0.8983,0.1262,0.010459,4.496
492930,520,452,972,235,7,9,28.89,0.9966,0.5266,0.178371,21,4,31,311.30,0.7366,0.0651,0.003452,4.272
492931,520,319,839,231,111,173,349.90,0.7419,0.6523,0.313772,3,57,67,214.17,0.9323,0.2171,0.033507,4.356
492936,520,387,907,215,56,223,325.94,0.9208,0.5861,0.226051,46,29,32,7.55,0.2642,0.1501,0.015639,4.206
492937,520,333,853,250,9,247,329.01,0.9979,0.6406,0.272378,75,33,1,52.35,0.9549,0.2008,0.025860,4.250
492939,520,469,989,209,39,141,349.96,0.8648,0.5156,0.169317,3,4,12,273.92,0.4527,0.0351,0.001327,4.273
492943,520,249,769,215,143,246,315.14,0.8839,0.7203,0.407469,65,66,51,110.68,0.1971,0.2784,0.052593,4.459
492945,520,350,870,218,79,243,321.17,0.9390,0.6266,0.269703,10,19,130,266.64,0.9808,0.1932,0.021418,4.476
492970,520,382,902,236,16,221,331.91,0.9908,0.6002,0.234266,61,26,22,28.08,0.5456,0.1648,0.017890,4.187
492971,520,439,959,184,74,214,318.31,0.8156,0.5497,0.199441,43,3,19,0.40,0.8054,0.0933,0.006258,4.434
492985,520,410,930,210,5,246,319.81,0.9973,0.5709,0.204658,14,5,91,271.88,0.9844,0.1250,0.009572,4.275
492987,520,390,910,255,41,73,20.80,1.0000,0.5885,0.233307,69,5,3,29.13,0.9569,0.1478,0.013806,4.440
492999,520,470,990,218,38,118,0.69,0.8905,0.5232,0.176022,8,7,3,98.62,0.3312,0.0445,0.002102,4.338
493001,520,248,768,243,153,15,67.88,0.9829,0.7179,0.418741,24,74,66,180.79,0.7018,0.2780,0.054849,4.471
493030,520,441,961,199,10,223,322.18,0.9893,0.5353,0.176886,0,24,20,180.89,1.0000,0.0881,0.007037,3.978
493031,520,431,951,233,3,147,352.29,0.9954,0.5515,0.194983,12,15,58,273.30,0.8214,0.0991,0.007253,4.279
493040,520,398,918,172,83,255,303.87,1.0000,0.5756,0.221777,19,30,60,266.83,0.5681,0.1395,0.013932,4.251
493051,520,383,903,226,25,248,323.19,0.9881,0.6041,0.236435,39,33,20,85.88,0.3207,0.1472,0.015696,4.360
493055,520,309,829,245,65,244,328.30,0.9655,0.6565,0.297274,23,51,89,256.70,0.6465,0.2207,0.032709,4.199
493067,520,374,894,249,53,121,6.40,0.9477,0.5959,0.240699,30,42,21,132.78,0.4880,0.1642,0.019861,4.161
493086,520,409,929,214,58,195,333.51,0.8681,0.5684,0.212645,32,22,61,291.80,0.6130,0.1336,0.012178,4.224
493087,520,2,522,255,255,255,0.00,0.0000,1.0000,1.000000,21,139,27,143.19,0.9895,0.4840,0.187030,4.430
493090,520,384,904,248,4,161,351.02,0.9966,0.5876,0.226199,53,24,31,5.60,0.4476,0.1498,0.015092,4.243
493101,520,454,974,136,79,255,292.07,1.0000,0.5269,0.180462,37,0,5,16.59,1.0000,0.0722,0.004043,4.264
493134,520,394,914,228,13,234,326.92,0.9933,0.5941,0.227247,9,28,73,263.78,0.8440,0.1401,0.013695,4.353
493135,520,401,921,203,52,251,316.06,0.9793,0.5841,0.221190,7,38,19,153.13,0.8873,0.1363,0.014784,4.186
493136,520,453,973,199,82,86,20.83,0.6927,0.5261,0.188505,11,0,54,279.92,1.0000,0.0683,0.003375,4.468
493143,520,394,914,254,10,131,1.56,0.9926,0.5890,0.229303,33,28,45,297.40,0.3095,0.1371,0.013433,4.403
493155,520,472,992,166,56,238,307.54,0.9145,0.5219,0.171091,6,1,10,313.49,0.7164,0.0288,0.000823,4.350
493157,520,386,906,216,102,94,25.96,0.6943,0.5890,0.249120,28,38,21,133.11,0.4143,0.1501,0.016872,4.473
493179,520,355,875,233,37,248,324.77,0.9813,0.6209,0.254265,51,37,44,347.25,0.2078,0.1812,0.022088,4.221
493196,520,321,841,250,87,169,352.94,0.9351,0.6483,0.300081,76,28,68,334.44,0.6203,0.2143,0.027846,4.497
493198,520,399,919,182,99,217,314.86,0.7442,0.5849,0.238794,35,32,31,39.39,0.0516,0.1431,0.014893,4.450
493200,520,421,941,243,18,85,14.76,0.9840,0.5555,0.201466,23,18,58,283.96,0.6801,0.1138,0.009202,4.248
493211,520,394,914,219,31,238,323.66,0.9771,0.5874,0.222152,8,36,34,188.63,0.6742,0.1353,0.014288,4.233
493215,520,291,811,224,140,115,37.34,0.6170,0.6761,0.358432,48,61,42,135.97,0.3208,0.2441,0.041330,4.472
493226,520,293,813,240,135,46,55.67,0.9094,0.6796,0.360531,9,67,26,148.21,0.9723,0.2379,0.041468,4.488
493227,520,451,971,194,41,223,320.35,0.9330,0.5403,0.183844,17,0,51,289.44,1.0000,0.0705,0.003582,4.364
493249,520,395,915,210,65,231,322.30,0.9103,0.5915,0.232535,10,37,34,185.35,0.6289,0.1393,0.015031,4.345
493252,520,437,957,173,90,198,317.86,0.6936,0.5460,0.202747,20,7,60,285.15,0.8732,0.0946,0.006269,4.492
493270,520,391,911,220,14,247,322.04,0.9937,0.5901,0.222472,13,29,81,266.34,0.8465,0.1521,0.015583,4.155
493274,520,410,930,195,66,231,317.83,0.8917,0.5693,0.212694,2,33,50,237.07,0.8737,0.1319,0.013308,4.149
493286,520,323,843,253,69,198,342.67,0.9841,0.6476,0.292193,11,36,118,265.10,0.9308,0.2066,0.026407,4.479
493291,520,391,911,245,36,151,354.31,0.9509,0.5877,0.229119,54,22,29,7.73,0.4973,0.1469,0.014469,4.329
493294,520,396,916,234,12,195,338.20,0.9891,0.5797,0.216983,25,17,86,278.58,0.8805,0.1424,0.012794,4.252
493305,520,421,941,246,25,17,29.20,0.9879,0.5559,0.203321,12,16,66,271.91,0.8715,0.1090,0.008420,4.336
493306,520,257,777,222,136,227,325.03,0.7798,0.7065,0.386855,11,65,103,245.38,0.8274,0.2667,0.048308,4.444
493323,520,354,874,232,16,253,323.60,0.9948,0.6153,0.246206,73,23,9,36.21,0.8164,0.1798,0.020492,4.202
493338,520,406,926,225,82,112,11.10,0.7690,0.5788,0.232145,19,32,36,219.02,0.2841,0.1302,0.012988,4.479
493347,520,332,852,254,71,176,349.95,0.9890,0.6410,0.287152,6,54,49,184.41,0.8872,0.1995,0.028987,4.268
493354,520,424,944,235,12,163,347.77,0.9846,0.5646,0.205724,51,1,29,351.83,0.9070,0.1105,0.008143,4.398
493360,520,407,927,243,55,9,33.06,0.9922,0.5684,0.218102,15,8,92,272.05,0.9747,0.1306,0.010479,4.433
493361,520,462,982,195,1,222,321.40,0.9988,0.5257,0.168993,6,10,4,133.60,0.4003,0.0500,0.002646,4.160
493370,520,413,933,202,58,231,320.22,0.9153,0.5724,0.213537,56,1,26,359.26,0.9292,0.1197,0.009372,4.439
493377,520,428,948,231,30,156,349.50,0.9437,0.5598,0.203206,38,8,36,330.43,0.6803,0.1000,0.007132,4.432
493402,520,435,955,244,10,5,29.27,0.9964,0.5466,0.194647,34,10,33,329.05,0.6010,0.0949,0.006670,4.317
493405,520,458,978,181,45,228,315.14,0.9236,0.5263,0.173031,10,13,10,145.18,0.1412,0.0621,0.003743,4.150
493406,520,480,1000,152,62,243,301.38,0.9289,0.5135,0.165921,0,0,0,0.00,0.0000,0.0000,0.000000,4.318
493428,520,342,862,251,78,152,358.42,0.9479,0.6333,0.282283,43,44,43,145.52,0.0202,0.1896,0.024894,4.437
493434,520,419,939,247,17,32,27.10,0.9922,0.5561,0.202829,47,4,37,339.12,0.7908,0.1108,0.008248,4.341
493438,520,329,849,254,30,236,332.36,0.9961,0.6460,0.280587,49,25,118,286.31,0.8539,0.2142,0.026562,4.318
493448,520,458,978,234,4,56,21.47,0.9969,0.5277,0.178680,25,3,20,337.01,0.7074,0.0623,0.003223,4.297
493455,520,465,985,207,16,182,335.29,0.9650,0.5226,0.170154,5,7,28,273.64,0.6741,0.0534,0.002681,4.179
493505,520,445,965,211,25,195,332.61,0.9543,0.5414,0.184864,4,16,42,261.74,0.7744,0.0819,0.005635,4.221
493506,520,373,893,254,15,152,355.10,0.9921,0.5979,0.236831,14,12,110,269.30,0.9799,0.1588,0.014820,4.425
493532,520,237,757,227,156,178,359.21,0.5496,0.7303,0.433238,51,74,41,136.68,0.5255,0.2863,0.057614,4.490
493538,520,377,897,228,46,220,330.20,0.9501,0.5986,0.236177,69,6,39,354.72,0.8162,0.1585,0.015422,4.374
493566,520,464,984,224,35,81,15.07,0.9357,0.5228,0.176462,20,4,3,28.17,0.6269,0.0509,0.002422,4.320
493579,520,321,841,255,11,248,329.86,1.0000,0.6504,0.282798,88,23,31,17.54,0.7412,0.2144,0.027868,4.274
493588,520,310,830,241,85,220,333.60,0.9251,0.6553,0.303677,56,30,109,292.74,0.7661,0.2203,0.028734,4.492
493594,520,462,982,221,55,36,30.47,0.9371,0.5256,0.182346,26,0,4,12.23,1.0000,0.0514,0.002284,4.444
493632,520,410,930,229,3,189,338.66,0.9965,0.5651,0.203999,16,30,55,261.20,0.5515,0.1338,0.013145,4.022
493638,520,325,845,255,64,210,339.49,1.0000,0.6528,0.295832,40,55,7,125.76,0.8938,0.2118,0.031988,4.218
493641,520,413,933,238,34,139,356.83,0.9423,0.5682,0.211884,59,0,20,7.66,1.0000,0.1229,0.009805,4.379
493642,520,420,940,196,101,98,23.11,0.5764,0.5559,0.219266,6,28,42,239.54,0.6665,0.1142,0.010363,4.461
493654,520,396,916,216,73,183,338.26,0.8075,0.5806,0.227850,38,31,14,87.72,0.4567,0.1392,0.014238,4.325
493660,520,330,850,251,60,214,337.40,0.9772,0.6448,0.285991,4,32,128,264.34,0.9609,0.2087,0.026171,4.411
493675,520,368,888,248,63,135,2.35,0.9310,0.6069,0.252641,54,31,48,336.92,0.3761,0.1733,0.019777,4.337
493678,520,435,955,208,66,163,342.96,0.7833,0.5487,0.199527,39,7,17,4.34,0.6713,0.0914,0.006238,4.437
493686,520,380,900,182,110,204,317.93,0.6441,0.5957,0.254574,32,37,53,270.81,0.2758,0.1640,0.018872,4.422
493689,520,465,985,231,12,15,28.62,0.9937,0.5193,0.172895,13,5,9,345.79,0.3444,0.0467,0.002138,4.275
493697,520,327,847,187,124,242,307.07,0.8259,0.6499,0.313915,2,56,60,202.81,0.9555,0.2099,0.031673,4.456
493699,520,402,922,208,52,236,320.87,0.9391,0.5806,0.219237,16,35,18,146.51,0.6120,0.1309,0.013559,4.236
493701,520,380,900,232,32,228,329.23,0.9771,0.6031,0.237928,14,35,77,262.33,0.7558,0.1635,0.018312,4.215
493719,520,470,990,212,67,16,36.81,0.9661,0.5198,0.180512,8,6,10,309.09,0.2018,0.0445,0.002038,4.430
493728,520,434,954,222,74,35,35.18,0.9251,0.5490,0.205511,44,6,19,3.64,0.7343,0.0998,0.007128,4.473
493729,520,466,986,187,51,202,323.55,0.8618,0.5212,0.171981,13,6,12,331.23,0.3233,0.0500,0.002424,4.234
493755,520,467,987,226,5,98,7.75,0.9918,0.5198,0.171620,2,7,5,170.89,0.4718,0.0393,0.001758,4.282
493769,520,463,983,206,17,197,330.74,0.9703,0.5307,0.175559,0,2,39,264.15,0.9850,0.0467,0.001899,4.346
493770,520,359,879,245,69,172,349.20,0.9123,0.6213,0.266503,37,45,25,126.34,0.4048,0.1807,0.023403,4.312
493772,520,417,937,252,21,72,19.40,0.9870,0.5728,0.217034,32,26,11,88.30,0.4513,0.1179,0.010700,4.399
493878,520,362,882,220,52,252,320.40,0.9866,0.6115,0.247018,44,39,39,17.61,0.0679,0.1754,0.021330,4.164
493913,520,413,933,224,3,213,331.08,0.9974,0.5707,0.207189,36,25,7,78.06,0.6033,0.1198,0.010857,4.226
493921,520,368,888,226,50,235,325.91,0.9559,0.6078,0.244503,49,11,91,298.48,0.8767,0.1678,0.016477,4.430
493927,520,356,876,244,77,152,356.93,0.8854,0.6197,0.268109,62,35,15,55.35,0.6066,0.1844,0.022608,4.381
493974,520,361,881,214,79,243,320.01,0.9357,0.6206,0.263609,51,31,62,312.70,0.4727,0.1769,0.020316,4.460
493983,520,367,887,231,71,189,340.24,0.8644,0.6070,0.251721,51,35,8,77.29,0.7140,0.1665,0.019235,4.358
494001,520,438,958,244,15,33,26.81,0.9928,0.5492,0.196881,9,16,53,270.01,0.7952,0.0945,0.006857,4.342
494008,520,441,961,194,62,203,325.19,0.8376,0.5440,0.192279,22,14,39,296.10,0.5443,0.0900,0.006311,4.302
494023,520,425,945,242,20,121,3.04,0.9758,0.5639,0.207613,23,27,17,125.73,0.2721,0.1121,0.010065,4.289
494028,520,441,961,237,24,4,30.06,0.9966,0.5359,0.186698,14,18,37,273.15,0.4617,0.0898,0.006595,4.182
494029,520,429,949,239,40,58,23.62,0.9599,0.5527,0.201771,25,18,41,296.18,0.4743,0.1027,0.007994,4.341
494041,520,403,923,219,83,142,356.49,0.7367,0.5796,0.232019,25,34,13,128.13,0.5559,0.1336,0.013798,4.421
494044,520,411,931,249,35,26,29.09,0.9804,0.5674,0.214200,45,19,4,49.85,0.7469,0.1194,0.010325,4.380
494045,520,390,910,248,25,152,354.19,0.9736,0.5891,0.229221,17,10,104,271.41,0.9770,0.1502,0.013356,4.407
494048,520,364,884,233,45,221,331.18,0.9573,0.6073,0.244234,6,46,42,185.19,0.8445,0.1702,0.021598,4.110
494073,520,385,905,228,67,172,345.05,0.8444,0.5892,0.234894,12,33,70,260.78,0.7393,0.1513,0.016080,4.311
494079,520,371,891,244,83,104,16.74,0.8952,0.6121,0.264222,15,46,44,189.51,0.6035,0.1745,0.022373,4.342
494088,520,336,856,228,81,233,326.48,0.9123,0.6378,0.282642,52,41,57,315.14,0.2521,0.1985,0.026114,4.370
494111,520,466,986,155,57,248,301.80,0.9579,0.5167,0.166726,7,5,23,286.00,0.6153,0.0475,0.002156,4.155
494124,520,455,975,232,18,48,23.81,0.9862,0.5259,0.178049,5,2,51,272.39,0.9791,0.0640,0.003147,4.291
494128,520,426,946,207,54,209,327.49,0.8916,0.5618,0.205090,23,26,23,145.31,0.0923,0.1112,0.009828,4.264
494130,520,441,961,214,74,87,18.77,0.7822,0.5419,0.198842,20,9,53,287.60,0.7945,0.0907,0.006011,4.443
494144,520,432,952,224,48,141,354.04,0.8706,0.5510,0.198869,36,0,56,309.38,1.0000,0.1006,0.006606,4.396
494148,520,302,822,249,120,33,48.42,0.9594,0.6659,0.336856,26,62,36,150.74,0.7184,0.2296,0.037921,4.400
494151,520,458,978,220,39,110,4.22,0.8952,0.5252,0.177951,18,1,39,299.71,0.9331,0.0618,0.002968,4.304
494152,520,384,904,233,73,149,355.31,0.8253,0.5945,0.242614,68,10,22,14.39,0.8079,0.1545,0.015042,4.499
494161,520,454,974,213,60,120,1.26,0.7992,0.5331,0.187362,13,15,7,119.30,0.3176,0.0685,0.004426,4.361
494170,520,454,974,210,51,149,347.90,0.8273,0.5306,0.182414,3,13,41,263.32,0.8385,0.0738,0.004673,4.251
494175,520,401,921,244,42,123,3.93,0.9362,0.5790,0.223224,40,6,85,294.34,0.9228,0.1441,0.012373,4.381
494217,520,402,922,251,42,74,20.37,0.9774,0.5811,0.226632,43,23,37,338.79,0.3845,0.1345,0.012600,4.419
494218,520,371,891,252,58,122,7.03,0.9701,0.6060,0.251302,42,35,50,305.79,0.2506,0.1677,0.019246,4.351
494222,520,424,944,203,26,245,318.00,0.9808,0.5642,0.200295,29,0,77,289.04,1.0000,0.1139,0.007970,4.318
494227,520,391,911,233,25,204,335.59,0.9759,0.5869,0.223812,35,23,70,290.79,0.6667,0.1466,0.014123,4.270
494250,520,429,949,193,60,211,322.66,0.8602,0.5458,0.192738,2,29,12,153.41,0.9579,0.1026,0.009181,4.102
494260,520,287,807,255,96,210,340.55,1.0000,0.6856,0.342819,23,65,56,176.84,0.6548,0.2445,0.042481,4.248
494279,520,369,889,239,86,109,15.02,0.8497,0.6082,0.261134,39,43,6,115.42,0.8193,0.1735,0.021722,4.338
494291,520,420,940,211,4,236,322.31,0.9973,0.5645,0.199937,27,12,63,290.03,0.7927,0.1122,0.008548,4.269
494293,520,334,854,237,55,246,325.98,0.9693,0.6370,0.273932,11,38,106,263.89,0.9097,0.1977,0.024978,4.320
494298,520,379,899,207,69,239,319.33,0.9216,0.5964,0.237552,39,0,107,285.98,1.0000,0.1637,0.014928,4.429
494303,520,443,963,139,94,233,294.47,0.8174,0.5351,0.193776,0,7,64,264.01,1.0041,0.0844,0.005221,4.415
494312,520,420,940,179,70,248,308.67,0.9501,0.5633,0.207422,11,2,87,270.91,0.9939,0.1139,0.008026,4.436
494319,520,478,998,199,44,154,342.74,0.8320,0.5068,0.162785,2,1,10,286.50,0.7500,0.0235,0.000565,4.208
494346,520,476,996,168,19,247,307.78,0.9841,0.5085,0.155068,5,0,2,349.81,1.0000,0.0195,0.000367,4.072
494360,520,384,904,254,24,114,7.38,0.9923,0.5875,0.229427,16,0,113,270.35,1.0000,0.1521,0.013023,4.434
494388,520,476,996,189,69,152,341.86,0.7149,0.5142,0.173436,0,1,15,263.52,1.0011,0.0235,0.000562,4.419
494403,520,237,757,233,139,238,325.24,0.8824,0.7316,0.419636,24,79,63,170.26,0.7701,0.2930,0.061448,4.214
494406,520,350,870,229,82,214,332.10,0.8777,0.6292,0.275499,21,46,63,240.35,0.5150,0.1875,0.024722,4.356
494432,520,417,937,197,55,248,314.92,0.9630,0.5749,0.213813,3,25,58,257.72,0.8718,0.1163,0.010200,4.382
494458,520,450,970,236,9,82,14.54,0.9910,0.5378,0.186406,11,15,22,261.49,0.2407,0.0721,0.004707,4.321
494486,520,464,984,177,52,221,315.30,0.8908,0.5204,0.170246,14,6,13,330.82,0.3570,0.0514,0.002527,4.193
494493,520,397,917,245,57,55,26.81,0.9543,0.5775,0.226180,27,37,12,127.45,0.6323,0.1443,0.015827,4.196
494498,520,389,909,217,38,243,321.92,0.9712,0.5912,0.226110,66,11,23,13.05,0.7811,0.1516,0.014597,4.274
494538,520,445,965,231,4,139,354.52,0.9933,0.5443,0.189428,41,1,0,30.62,1.0000,0.0808,0.004932,4.359
494548,520,426,946,195,98,132,359.32,0.5661,0.5594,0.220050,15,27,35,238.47,0.3399,0.1126,0.010067,4.496
494557,520,453,973,234,26,59,21.80,0.9753,0.5348,0.185501,25,5,30,319.43,0.6920,0.0717,0.004090,4.354
494562,520,388,908,197,98,192,329.25,0.6854,0.5896,0.244128,6,43,23,155.26,0.9212,0.1536,0.018283,4.308
494563,520,392,912,223,49,220,328.91,0.9396,0.5921,0.230541,73,1,14,19.19,0.9831,0.1545,0.014701,4.336
494569,520,369,889,155,127,223,295.75,0.6644,0.6082,0.274751,7,47,44,187.64,0.8195,0.1746,0.022600,4.473
494589,520,466,986,164,66,221,310.04,0.8445,0.5159,0.170101,6,8,3,123.76,0.3902,0.0451,0.002190,4.217
494601,520,327,847,245,66,230,331.78,0.9570,0.6487,0.290249,61,34,81,308.76,0.5782,0.2099,0.027303,4.401
494608,520,435,955,173,81,225,311.02,0.8215,0.5510,0.202061,28,12,31,321.12,0.5025,0.0885,0.006088,4.494
494623,520,432,952,232,36,117,3.54,0.9282,0.5496,0.197049,45,9,5,30.77,0.8057,0.1026,0.007643,4.286
494624,520,461,981,177,17,252,309.44,0.9883,0.5261,0.167772,16,7,10,356.60,0.2998,0.0548,0.002840,4.121
494626,520,470,990,215,61,34,32.33,0.9292,0.5198,0.179025,8,6,7,345.10,0.1024,0.0435,0.001972,4.407
494642,520,247,767,225,164,39,79.63,0.8933,0.7181,0.427067,15,77,48,157.89,0.9237,0.2787,0.056225,4.491
494679,520,383,903,250,1,175,347.26,0.9993,0.5975,0.234442,63,14,39,352.88,0.6983,0.1549,0.015175,4.364
494691,520,452,972,152,77,244,299.74,0.9143,0.5331,0.185151,25,6,14,354.63,0.5389,0.0657,0.003687,4.380
494693,520,304,824,245,96,206,339.30,0.9219,0.6677,0.322372,79,42,7,58.41,0.8184,0.2275,0.033338,4.468
494696,520,414,934,215,72,159,346.88,0.7766,0.5659,0.215872,27,29,10,114.06,0.5270,0.1202,0.011337,4.335
494725,520,415,935,233,6,181,341.88,0.9931,0.5688,0.207929,1,29,54,248.51,0.9219,0.1227,0.011515,4.193
494754,520,365,885,252,5,190,343.49,0.9971,0.6096,0.245251,9,49,19,148.06,0.9435,0.1743,0.023016,4.044
494769,520,386,906,219,97,101,20.42,0.7101,0.5874,0.245513,4,35,69,253.75,0.8554,0.1525,0.016575,4.439
494779,520,471,991,149,57,255,298.52,1.0000,0.5154,0.165361,1,6,20,257.99,0.7788,0.0423,0.001872,4.152
494790,520,374,894,171,102,255,301.37,1.0000,0.6022,0.253811,4,43,43,194.92,0.8690,0.1600,0.019279,4.385
494801,520,429,949,208,31,209,327.98,0.9500,0.5480,0.189952,37,2,52,313.16,0.9014,0.1014,0.006847,4.221
494803,520,424,944,189,46,253,311.89,0.9889,0.5599,0.198658,22,13,66,282.71,0.8237,0.1116,0.008517,4.249
494831,520,452,972,220,33,141,352.27,0.9109,0.5332,0.182290,31,3,20,345.99,0.7407,0.0718,0.004070,4.296
494840,520,442,962,238,8,79,15.64,0.9927,0.5411,0.189186,8,4,60,273.32,0.9659,0.0802,0.004647,4.377
494845,520,420,940,230,46,129,359.58,0.8924,0.5563,0.203648,9,2,85,270.00,0.9942,0.1100,0.007573,4.406
494857,520,474,994,202,49,169,338.42,0.8348,0.5245,0.176197,3,1,22,280.95,0.9146,0.0324,0.000990,4.436
494881,520,436,956,191,43,238,315.86,0.9465,0.5485,0.189785,6,23,11,152.09,0.7024,0.0863,0.006756,4.225
494883,520,461,981,228,18,102,7.13,0.9703,0.5285,0.178888,25,2,1,30.38,0.8998,0.0533,0.002523,4.358
494890,520,392,912,245,51,123,4.87,0.9214,0.5872,0.232135,27,27,75,278.29,0.6878,0.1513,0.015248,4.324
494892,520,288,808,247,90,232,331.80,0.9618,0.6772,0.329154,52,34,129,283.76,0.8239,0.2430,0.034590,4.482
494898,520,414,934,211,41,224,324.82,0.9471,0.5692,0.208185,45,10,46,326.66,0.7087,0.1208,0.009723,4.323
494899,520,344,864,242,66,197,340.29,0.9169,0.6252,0.268078,11,36,99,263.98,0.8976,0.1858,0.022336,4.397
494912,520,408,928,188,69,248,311.56,0.9533,0.5749,0.217260,40,23,26,7.96,0.3000,0.1255,0.011385,4.354
494929,520,471,991,109,101,229,281.65,0.8051,0.5152,0.182153,10,5,10,326.51,0.3043,0.0440,0.001950,4.469
494941,520,459,979,223,43,101,8.56,0.8952,0.5312,0.183580,25,0,26,326.91,1.0000,0.0594,0.002813,4.423
494948,520,365,885,244,33,204,338.18,0.9730,0.6102,0.246835,49,23,80,300.98,0.7119,0.1728,0.018450,4.337
494962,520,343,863,251,64,175,349.20,0.9624,0.6288,0.272744,55,40,40,18.52,0.1943,0.1925,0.024831,4.313
494992,520,268,788,241,122,208,338.90,0.8684,0.6998,0.371762,69,55,70,324.08,0.2142,0.2610,0.044398,4.468
494993,520,374,894,243,8,207,337.03,0.9953,0.6026,0.237364,39,14,96,287.67,0.8878,0.1638,0.015899,4.361
495018,520,459,979,231,19,97,9.37,0.9722,0.5337,0.183207,28,1,1,27.38,0.9493,0.0562,0.002708,4.424
495023,520,450,970,228,45,71,19.92,0.9272,0.5358,0.188286,18,1,47,293.05,0.9580,0.0693,0.003555,4.449
495030,520,480,1000,223,12,73,15.98,0.9846,0.5089,0.164348,0,0,0,0.00,0.0000,0.0000,0.000000,4.287
495033,520,314,834,222,96,255,318.71,1.0000,0.6609,0.311171,25,60,32,148.38,0.7535,0.2215,0.035426,4.228
495035,520,399,919,208,53,232,321.81,0.9320,0.5785,0.217840,34,34,13,108.74,0.5205,0.1426,0.015132,4.112
495039,520,420,940,202,0,245,318.00,1.0000,0.5558,0.191507,17,8,75,276.74,0.9409,0.1104,0.008008,4.163
495081,520,442,962,198,90,85,24.81,0.6585,0.5369,0.199758,29,12,18,358.02,0.4015,0.0839,0.005679,4.486
495082,520,344,864,245,61,200,339.98,0.9376,0.6276,0.269231,4,53,24,151.91,0.9749,0.1874,0.026379,4.180
495106,520,444,964,223,11,169,343.17,0.9810,0.5442,0.187945,31,12,8,33.33,0.5025,0.0840,0.005718,4.270
495124,520,303,823,233,105,217,332.53,0.8658,0.6668,0.324387,33,46,113,270.50,0.7486,0.2343,0.034694,4.420
495129,520,477,997,206,19,159,342.25,0.9428,0.5083,0.160929,4,1,3,337.70,0.4942,0.0226,0.000541,4.173
495131,520,477,997,136,78,238,294.92,0.8824,0.5102,0.168561,5,0,8,317.19,1.0000,0.0230,0.000498,4.328
495138,520,449,969,198,80,134,354.50,0.6716,0.5365,0.194661,8,19,3,134.82,0.8216,0.0742,0.005239,4.429
495141,520,221,741,242,151,212,340.22,0.8320,0.7528,0.457659,22,81,61,166.47,0.8289,0.2982,0.063921,4.456
495145,520,426,946,224,49,166,345.24,0.8807,0.5630,0.207996,15,13,73,274.35,0.9098,0.1135,0.008704,4.395
495149,520,466,986,202,41,176,335.95,0.8720,0.5223,0.172789,11,7,3,75.78,0.3682,0.0473,0.002297,4.260
495158,520,447,967,178,70,217,315.67,0.8302,0.5380,0.188561,9,19,27,243.49,0.3729,0.0830,0.006029,4.258
495167,520,390,910,247,39,146,356.49,0.9475,0.5912,0.233039,45,30,29,23.19,0.2378,0.1500,0.015752,4.305
495171,520,450,970,212,40,172,339.94,0.8889,0.5376,0.184954,20,13,4,76.50,0.5007,0.0702,0.004453,4.315
495174,520,464,984,172,51,226,312.52,0.9011,0.5159,0.166302,10,8,17,294.47,0.3151,0.0537,0.002787,4.098
495188,520,469,989,141,87,220,298.90,0.7753,0.5152,0.176466,14,0,11,334.85,1.0000,0.0358,0.001175,4.425
495193,520,437,957,220,58,135,356.33,0.8254,0.5497,0.199935,17,13,45,284.34,0.6601,0.0876,0.005965,4.466
495195,520,401,921,247,36,108,9.02,0.9561,0.5770,0.221221,7,35,46,227.76,0.6985,0.1377,0.014444,4.209
495200,520,433,953,243,0,47,23.83,1.0000,0.5450,0.192634,32,19,23,359.19,0.2664,0.1042,0.008347,4.158
495213,520,465,985,220,39,89,12.15,0.9104,0.5191,0.173906,10,2,28,294.85,0.8291,0.0466,0.001918,4.313
495214,520,39,559,255,232,249,334.89,1.0000,0.9468,0.858134,32,128,11,141.05,0.9928,0.4494,0.157690,4.373
495220,520,412,932,213,68,176,339.69,0.8049,0.5662,0.214170,30,24,41,299.94,0.3358,0.1218,0.010894,4.338
495237,520,451,971,190,21,249,313.68,0.9850,0.5448,0.183243,18,15,12,67.26,0.1271,0.0746,0.004968,4.243
495241,520,445,965,201,23,215,324.60,0.9672,0.5366,0.179383,26,6,39,309.30,0.7356,0.0810,0.004964,4.173
495242,520,467,987,226,37,43,26.28,0.9601,0.5219,0.176692,12,1,14,323.26,0.7680,0.0375,0.001316,4.418
495254,520,307,827,204,119,251,312.12,0.9480,0.6678,0.329971,22,50,105,262.10,0.7642,0.2306,0.034715,4.485
495273,520,299,819,237,95,241,326.61,0.9408,0.6730,0.325421,41,60,36,139.24,0.4587,0.2333,0.038304,4.251
495293,520,348,868,235,73,210,334.81,0.9015,0.6270,0.270829,56,36,45,350.81,0.2817,0.1861,0.022920,4.400
495326,520,315,835,254,91,180,350.20,0.9860,0.6644,0.318515,76,41,25,44.72,0.5423,0.2227,0.031928,4.498
495357,520,469,989,187,20,229,317.32,0.9767,0.5228,0.167236,13,1,23,309.23,0.8475,0.0438,0.001691,4.203
495368,520,362,882,229,77,184,341.66,0.8352,0.6076,0.254289,7,36,93,261.87,0.9120,0.1782,0.020971,4.288
495371,520,358,878,239,17,248,326.31,0.9946,0.6239,0.255316,49,26,81,299.37,0.6810,0.1788,0.019859,4.370
495404,520,455,975,227,34,66,20.07,0.9528,0.5254,0.178712,29,4,2,31.48,0.8278,0.0645,0.003525,4.273
495411,520,417,937,252,19,22,28.43,0.9925,0.5667,0.212229,20,33,4,129.80,0.8759,0.1248,0.012452,4.199
495412,520,354,874,254,70,126,7.41,0.9875,0.6219,0.269610,24,36,90,269.69,0.7428,0.1834,0.021940,4.443
495415,520,469,989,212,55,105,6.72,0.8211,0.5211,0.177517,0,3,24,262.29,1.0000,0.0361,0.001311,4.434
495426,520,442,962,215,65,101,10.69,0.7989,0.5363,0.191696,9,19,5,136.12,0.6553,0.0754,0.005348,4.367
495435,520,431,951,242,32,4,30.63,0.9968,0.5502,0.199225,4,26,35,227.48,0.7141,0.1033,0.008859,4.234
495437,520,423,943,235,35,121,2.58,0.9356,0.5563,0.202477,8,28,41,239.78,0.5933,0.1147,0.010422,4.179
495451,520,423,943,197,25,253,314.68,0.9909,0.5608,0.196588,16,19,59,274.67,0.7297,0.1108,0.008916,4.185
495454,520,360,880,233,12,255,323.42,1.0000,0.6176,0.248090,70,22,32,10.53,0.6341,0.1773,0.019804,4.270
495488,520,449,969,220,48,122,0.43,0.8599,0.5360,0.187372,35,1,7,12.77,0.9104,0.0708,0.003944,4.400
495493,520,345,865,224,76,237,324.44,0.9241,0.6287,0.271326,39,44,44,196.77,0.0683,0.1859,0.024145,4.334
495499,520,318,838,210,111,241,317.55,0.8857,0.6566,0.314227,49,53,42,123.76,0.1741,0.2213,0.033663,4.353
495503,520,390,910,244,26,161,350.58,0.9696,0.5855,0.225483,40,27,49,310.58,0.3954,0.1455,0.014568,4.267
495518,520,336,856,246,32,252,326.94,0.9911,0.6434,0.276569,26,53,26,143.96,0.6934,0.1975,0.028403,4.165
495520,520,437,957,220,64,104,9.96,0.8165,0.5455,0.198844,28,8,43,307.34,0.7177,0.0899,0.005950,4.448
495529,520,368,888,255,23,168,350.61,1.0000,0.6089,0.247035,3,38,75,253.46,0.8971,0.1653,0.019135,4.296
495532,520,295,815,215,144,128,33.26,0.5108,0.6751,0.359537,2,66,49,168.67,0.9827,0.2387,0.041309,4.485
495570,520,408,928,209,47,230,322.70,0.9412,0.5742,0.213033,56,3,45,338.39,0.8374,0.1317,0.010955,4.315
495585,520,412,932,227,40,187,339.08,0.9303,0.5733,0.214389,39,11,50,315.01,0.7092,0.1153,0.009010,4.480
495587,520,443,963,193,67,198,326.26,0.8091,0.5446,0.194305,25,10,36,308.64,0.6053,0.0842,0.005511,4.401
495589,520,455,975,191,19,233,317.54,0.9809,0.5323,0.174267,11,7,36,284.18,0.7197,0.0642,0.003505,4.192
495594,520,391,911,231,81,120,8.23,0.7987,0.5905,0.242326,31,35,25,125.49,0.2221,0.1452,0.015636,4.454
495601,520,396,916,231,17,203,335.36,0.9845,0.5801,0.217043,7,35,57,246.05,0.7301,0.1447,0.015426,4.082
495609,520,377,897,250,61,108,11.98,0.9553,0.6009,0.247477,70,9,36,359.34,0.7885,0.1624,0.016251,4.490
495622,520,162,682,207,201,194,71.88,0.0960,0.8123,0.589339,17,99,49,151.08,0.9665,0.3534,0.092642,4.482
495637,520,378,898,229,85,145,357.74,0.7747,0.6005,0.252019,7,38,62,246.09,0.7551,0.1569,0.017791,4.455
495642,520,416,936,248,45,2,31.96,0.9985,0.5706,0.218412,49,18,5,43.05,0.7502,0.1247,0.010966,4.403
495657,520,352,872,238,71,200,338.54,0.8979,0.6246,0.268564,60,29,74,314.18,0.6014,0.1940,0.023339,4.344
495658,520,358,878,236,91,155,355.95,0.8061,0.6241,0.276843,12,52,8,141.78,0.9680,0.1841,0.025516,4.328
495666,520,415,935,236,57,100,12.54,0.8915,0.5681,0.216823,33,23,25,5.18,0.1873,0.1155,0.010063,4.442
495671,520,381,901,234,87,99,18.93,0.8278,0.5982,0.252125,14,39,54,237.68,0.5784,0.1575,0.018107,4.436
495697,520,474,994,185,8,232,316.20,0.9919,0.5187,0.163154,0,2,15,261.10,1.0000,0.0270,0.000779,4.198
495706,520,462,982,217,63,40,31.49,0.9155,0.5265,0.184625,18,3,11,346.15,0.6018,0.0486,0.002179,4.497
495707,520,99,619,240,213,223,353.37,0.4613,0.8814,0.714422,10,116,7,142.42,0.9954,0.4048,0.125701,4.351
495716,520,407,927,213,83,140,355.98,0.7136,0.5685,0.222282,16,31,37,225.34,0.3598,0.1257,0.012237,4.375
495719,520,413,933,219,61,186,337.75,0.8560,0.5747,0.219450,12,17,77,270.54,0.9149,0.1228,0.010148,4.480
495721,520,403,923,254,11,82,16.50,0.9943,0.5761,0.219232,47,13,55,319.46,0.7102,0.1343,0.011681,4.365
495724,520,401,921,203,50,253,315.69,0.9894,0.5841,0.220710,58,19,11,33.28,0.7144,0.1441,0.013896,4.237
495742,520,335,855,224,114,142,5.30,0.6603,0.6352,0.298371,4,56,20,148.50,0.9831,0.1971,0.029045,4.407
495744,520,386,906,252,46,109,10.20,0.9754,0.5933,0.237572,43,28,38,339.48,0.2768,0.1460,0.014841,4.435
495767,520,432,952,226,66,41,31.72,0.9246,0.5476,0.202281,29,3,60,297.47,0.9170,0.0989,0.006526,4.463
495768,520,295,815,239,131,95,39.06,0.7995,0.6767,0.354121,13,64,63,193.05,0.8004,0.2405,0.041111,4.436
495780,520,445,965,242,1,30,26.69,0.9995,0.5415,0.189961,15,20,13,136.82,0.2500,0.0846,0.006309,4.261
495786,520,478,998,217,49,21,31.87,0.9673,0.5107,0.170051,3,1,2,344.98,0.3863,0.0205,0.000455,4.361
495807,520,435,955,229,1,162,346.62,0.9984,0.5501,0.192911,38,3,34,333.03,0.7927,0.0912,0.005927,4.343
495808,520,437,957,233,48,80,17.86,0.9220,0.5500,0.200198,26,11,39,306.45,0.6150,0.0892,0.006055,4.463
495811,520,284,804,251,129,94,36.87,0.9371,0.6914,0.370209,13,72,15,143.33,0.9777,0.2548,0.047546,4.308
495847,520,461,981,148,79,244,298.09,0.9115,0.5310,0.184197,13,1,37,293.14,0.9374,0.0546,0.002408,4.469
495856,520,373,893,215,81,200,332.41,0.8143,0.5977,0.245040,19,31,77,268.66,0.7319,0.1563,0.016542,4.434
495857,520,423,943,231,28,163,347.18,0.9510,0.5621,0.204666,34,6,57,304.42,0.8312,0.1070,0.007658,4.417
495894,520,378,898,233,25,230,329.01,0.9850,0.6034,0.237346,16,5,113,270.19,0.9918,0.1572,0.014108,4.482
495905,520,439,959,202,29,222,323.06,0.9618,0.5460,0.187109,6,2,68,270.18,0.9906,0.0853,0.004995,4.312
495910,520,409,929,246,1,135,358.70,0.9990,0.5725,0.213672,48,22,10,44.55,0.6039,0.1317,0.012242,4.236
495911,520,329,849,244,83,204,339.18,0.9230,0.6495,0.297820,53,50,20,103.57,0.5690,0.2117,0.030886,4.300
495913,520,449,969,216,48,151,348.49,0.8535,0.5402,0.189495,15,15,15,0.00,0.0000,0.0726,0.004777,4.372
495928,520,437,957,243,0,48,23.63,1.0000,0.5451,0.192716,12,25,5,135.15,0.7922,0.0947,0.007844,4.196
495950,520,462,982,218,43,136,354.21,0.8709,0.5336,0.184132,3,9,6,165.27,0.4305,0.0456,0.002279,4.479
495954,520,91,611,224,219,250,292.93,0.7291,0.8893,0.734124,5,116,21,143.83,0.9970,0.4050,0.125766,4.461
495955,520,392,912,246,1,177,345.85,0.9992,0.5907,0.227921,52,24,36,353.95,0.4435,0.1501,0.015108,4.269
495963,520,473,993,206,31,174,337.57,0.9116,0.5222,0.171598,5,1,6,321.90,0.6247,0.0256,0.000671,4.373
495964,520,419,939,168,86,233,306.79,0.8406,0.5574,0.208642,42,15,20,10.09,0.5135,0.1104,0.008845,4.395
495967,520,431,951,223,10,188,337.55,0.9865,0.5546,0.195384,37,4,47,317.15,0.8178,0.1002,0.006854,4.316
495971,520,109,629,228,220,149,102.58,0.6328,0.8657,0.698509,30,111,35,143.93,0.9649,0.3946,0.117658,4.465
495988,520,444,964,234,15,96,9.97,0.9811,0.5384,0.186817,23,17,0,93.76,1.0000,0.0819,0.005831,4.242
496001,520,377,897,250,41,155,354.23,0.9589,0.6017,0.242798,18,17,103,271.36,0.9546,0.1579,0.015087,4.499
496006,520,437,957,247,6,4,29.19,0.9977,0.5522,0.199168,15,3,68,278.05,0.9708,0.0932,0.005840,4.462
496013,520,466,986,202,78,29,39.55,0.9001,0.5168,0.180961,5,10,6,151.49,0.3180,0.0498,0.002625,4.389
496027,520,469,989,223,20,102,6.40,0.9608,0.5189,0.171504,0,7,0,142.50,1.0000,0.0353,0.001520,4.299
496068,520,366,886,236,16,240,327.41,0.9937,0.6129,0.244973,20,39,66,257.33,0.5534,0.1687,0.019930,4.218
496088,520,365,885,226,107,70,37.84,0.7912,0.6096,0.271288,4,47,36,171.23,0.9255,0.1704,0.021861,4.471
496113,520,458,978,201,86,19,44.65,0.9284,0.5269,0.191221,11,15,0,119.81,1.0000,0.0650,0.004128,4.456
496114,520,437,957,229,67,11,35.95,0.9850,0.5527,0.206994,20,21,19,128.71,0.0570,0.0936,0.007321,4.483
496128,520,364,884,250,15,190,343.14,0.9907,0.6077,0.243867,55,36,2,77.60,0.9146,0.1741,0.020785,4.152
496131,520,343,863,234,73,220,331.69,0.9143,0.6311,0.274273,66,33,15,47.75,0.6346,0.1866,0.022806,4.454
496149,520,374,894,213,77,217,326.64,0.8607,0.5998,0.244655,48,30,50,323.23,0.3748,0.1635,0.017873,4.341
496155,520,370,890,230,4,255,322.76,1.0000,0.6111,0.241321,34,39,57,272.06,0.2930,0.1736,0.020865,4.111
496157,520,422,942,234,61,49,28.78,0.9269,0.5588,0.210547,31,4,70,293.50,0.9250,0.1135,0.008203,4.476
496183,520,391,911,245,62,100,14.32,0.9237,0.5902,0.237811,29,31,58,278.87,0.4428,0.1487,0.015466,4.396
496200,520,453,973,209,31,171,339.31,0.9134,0.5260,0.174777,0,18,20,203.34,1.0000,0.0708,0.004831,4.099
496208,520,380,900,250,66,56,28.17,0.9743,0.5959,0.245095,13,40,53,232.14,0.6029,0.1595,0.018601,4.302
496209,520,453,973,233,8,60,20.53,0.9934,0.5270,0.178267,1,14,38,257.25,0.8995,0.0722,0.004604,4.180
496234,520,376,896,230,82,139,0.04,0.7862,0.5962,0.247243,36,37,26,111.99,0.2266,0.1564,0.017728,4.389
496240,520,374,894,254,9,164,351.37,0.9939,0.6017,0.239501,43,7,96,292.04,0.9334,0.1616,0.015101,4.447
496248,520,386,906,254,5,139,358.96,0.9963,0.5909,0.230471,34,0,99,284.82,1.0000,0.1476,0.012409,4.494
496250,520,344,864,229,74,229,327.91,0.9179,0.6294,0.272150,79,24,5,38.38,0.8914,0.1930,0.023268,4.397
496274,520,442,962,133,98,236,290.89,0.8274,0.5381,0.197779,17,16,19,300.91,0.0878,0.0783,0.005368,4.475
496292,520,381,901,232,59,202,336.19,0.9121,0.6044,0.245506,22,31,84,271.06,0.7611,0.1648,0.017906,4.352
496293,520,455,975,230,24,85,13.56,0.9657,0.5305,0.181351,3,10,24,258.09,0.6134,0.0556,0.003024,4.363
496296,520,313,833,222,122,177,347.11,0.6540,0.6589,0.326249,27,59,9,136.73,0.9501,0.2155,0.033806,4.490
496303,520,285,805,207,133,241,314.42,0.8378,0.6897,0.363924,65,56,60,349.20,0.1026,0.2542,0.042785,4.461
496313,520,380,900,245,25,191,341.88,0.9790,0.6017,0.238725,61,0,69,322.56,1.0000,0.1557,0.014219,4.496
496316,520,445,965,189,86,150,344.44,0.6282,0.5375,0.196779,5,17,41,261.38,0.7152,0.0841,0.005932,4.412
496318,520,456,976,175,39,253,308.05,0.9894,0.5344,0.176577,22,1,35,310.27,0.9048,0.0635,0.003136,4.264
496327,520,464,984,184,8,238,314.56,0.9930,0.5222,0.165383,1,12,10,183.58,0.8093,0.0522,0.002913,4.071
496328,520,374,894,206,78,232,320.43,0.8851,0.5999,0.243983,61,21,35,0.66,0.5768,0.1598,0.016499,4.421
496338,520,424,944,207,72,178,337.37,0.7803,0.5616,0.211164,12,29,27,185.93,0.4250,0.1128,0.010360,4.327
496345,520,439,959,221,22,176,340.67,0.9590,0.5474,0.190830,24,20,5,95.53,0.5768,0.0917,0.007055,4.221
496355,520,421,941,246,34,39,27.16,0.9779,0.5616,0.208869,17,21,49,274.51,0.5668,0.1076,0.008772,4.405
496366,520,470,990,224,37,20,30.08,0.9758,0.5158,0.172238,0,5,21,256.95,0.9999,0.0393,0.001627,4.305
496372,520,400,920,154,105,249,295.71,0.9106,0.5831,0.238128,13,34,44,230.97,0.5146,0.1364,0.014114,4.494
496373,520,454,974,161,60,246,303.96,0.9451,0.5260,0.174631,1,18,6,153.47,0.9571,0.0670,0.004522,4.120
496396,520,372,892,192,91,251,310.60,0.9610,0.6097,0.256547,30,33,77,276.76,0.6147,0.1692,0.018995,4.443
496406,520,377,897,243,60,146,357.17,0.8987,0.5987,0.243649,56,26,41,349.92,0.4551,0.1627,0.017397,4.357
496410,520,420,940,237,49,89,15.40,0.9209,0.5607,0.209255,33,22,17,45.54,0.2644,0.1105,0.009377,4.366
496415,520,469,989,204,78,26,39.84,0.9155,0.5202,0.183628,15,4,4,20.94,0.4672,0.0448,0.001972,4.495
496427,520,450,970,237,15,55,22.32,0.9893,0.5366,0.186253,28,10,4,42.95,0.6024,0.0748,0.004728,4.317
496438,520,418,938,216,80,126,2.68,0.7339,0.5646,0.218449,52,11,26,1.62,0.6830,0.1244,0.010441,4.441
496451,520,441,961,209,32,193,332.65,0.9322,0.5398,0.184406,7,25,1,136.79,0.9779,0.0907,0.007426,4.082
496485,520,450,970,242,3,41,25.02,0.9984,0.5429,0.191059,22,8,17,341.78,0.4256,0.0666,0.003847,4.477
496487,520,416,936,203,1,255,316.12,1.0000,0.5659,0.199398,5,16,81,266.50,0.9545,0.1222,0.009969,4.159
496493,520,443,963,189,11,245,314.40,0.9923,0.5369,0.176520,17,7,43,290.24,0.7629,0.0754,0.004455,4.160
496498,520,346,866,240,43,234,329.64,0.9732,0.6264,0.261962,87,5,28,13.11,0.9204,0.1934,0.022190,4.321
496510,520,397,917,215,64,195,333.84,0.8531,0.5759,0.220561,20,16,90,274.39,0.9257,0.1416,0.012574,4.324
496514,520,384,904,222,16,245,322.95,0.9925,0.5925,0.224949,63,12,20,16.16,0.7649,0.1457,0.013704,4.316
496529,520,368,888,207,102,192,332.98,0.6966,0.6106,0.265755,4,45,40,182.92,0.8973,0.1653,0.020557,4.475
496535,520,395,915,239,26,196,339.16,0.9754,0.5936,0.230779,38,32,3,97.77,0.8484,0.1401,0.014517,4.352
496546,520,378,898,229,11,240,325.79,0.9952,0.5997,0.231910,20,39,48,229.88,0.4045,0.1575,0.018131,4.138
496547,520,363,883,253,78,2,37.24,0.9985,0.6113,0.263394,44,39,12,98.92,0.6285,0.1683,0.020131,4.469
496549,520,447,967,228,59,9,34.44,0.9883,0.5421,0.196445,33,3,35,325.47,0.7925,0.0834,0.005099,4.473
496580,520,427,947,227,47,149,351.75,0.8842,0.5593,0.205365,38,7,40,325.33,0.7224,0.1011,0.007173,4.467
496583,520,334,854,212,106,214,326.68,0.7678,0.6359,0.291618,20,48,79,252.80,0.6293,0.2033,0.028270,4.365
496590,520,445,965,233,12,121,1.18,0.9821,0.5432,0.189701,15,14,27,286.75,0.3472,0.0756,0.004948,4.362
496595,520,404,924,246,35,113,7.14,0.9554,0.5759,0.219906,1,33,47,231.12,0.9336,0.1295,0.012993,4.285
496601,520,381,901,226,35,240,324.90,0.9768,0.6025,0.236643,77,0,23,12.47,1.0000,0.1647,0.016399,4.317
496621,520,341,861,247,20,241,329.67,0.9936,0.6337,0.266283,23,45,80,259.31,0.6050,0.1973,0.026380,4.141
496623,520,405,925,240,31,151,353.10,0.9537,0.5755,0.217427,9,36,30,176.13,0.6684,0.1341,0.014135,4.170
496641,520,478,998,225,7,83,12.78,0.9901,0.5142,0.167869,2,1,1,18.81,0.2281,0.0183,0.000368,4.326
496646,520,400,920,237,20,182,342.61,0.9781,0.5802,0.218852,21,36,17,139.23,0.5578,0.1373,0.014616,4.161
496658,520,479,999,189,56,170,334.30,0.7907,0.5088,0.165510,2,0,3,318.71,1.0000,0.0147,0.000195,4.293
496671,520,474,994,211,53,99,8.76,0.8303,0.5154,0.172983,4,1,21,286.30,0.8849,0.0328,0.001017,4.371
496681,520,429,949,215,36,194,333.96,0.9297,0.5534,0.196060,0,28,10,153.25,1.0000,0.0978,0.008524,4.204
496682,520,432,952,190,81,182,330.48,0.7162,0.5480,0.202108,37,14,9,33.53,0.5534,0.0974,0.007272,4.402
496711,520,370,890,231,18,249,324.22,0.9933,0.6112,0.242635,18,47,16,142.41,0.8761,0.1709,0.021990,4.065
496729,520,359,879,239,47,225,331.61,0.9629,0.6214,0.258227,64,15,71,322.41,0.7581,0.1775,0.018867,4.476
496732,520,465,985,147,78,239,298.77,0.8848,0.5241,0.178841,14,5,19,313.46,0.5292,0.0519,0.002489,4.360
496747,520,451,971,185,33,251,311.59,0.9808,0.5441,0.183681,15,0,54,284.97,1.0000,0.0718,0.003679,4.353
496749,520,362,882,222,108,72,38.10,0.7634,0.6050,0.267249,10,51,30,156.64,0.8905,0.1841,0.025258,4.215
496770,520,413,933,232,28,184,340.98,0.9612,0.5748,0.214497,51,9,10,23.43,0.7881,0.1153,0.009212,4.467
496784,520,425,945,236,58,31,31.58,0.9604,0.5582,0.209610,20,23,39,275.18,0.3494,0.1081,0.009080,4.394
496786,520,344,864,244,67,189,343.28,0.9201,0.6256,0.269245,20,43,83,260.64,0.6755,0.1926,0.025009,4.256
496791,520,370,890,245,90,0,41.14,1.0000,0.6115,0.267280,46,39,15,93.38,0.5552,0.1713,0.020664,4.490
496796,520,459,979,217,14,161,344.28,0.9691,0.5291,0.176414,23,4,18,338.17,0.6319,0.0605,0.003127,4.262
496806,520,443,963,208,84,19,42.62,0.9414,0.5362,0.197997,25,15,4,70.72,0.5744,0.0807,0.005571,4.463
496809,520,457,977,219,37,142,351.88,0.8952,0.5341,0.183387,21,4,30,312.63,0.7277,0.0644,0.003400,4.371
496828,520,432,952,238,19,91,12.33,0.9788,0.5467,0.194015,31,12,37,317.53,0.5776,0.0962,0.006878,4.290
496840,520,450,970,231,39,83,15.60,0.9362,0.5401,0.190675,17,12,17,326.16,0.1921,0.0686,0.004226,4.438
496847,520,464,984,215,18,143,349.90,0.9521,0.5175,0.168653,23,1,9,356.50,0.8057,0.0505,0.002236,4.186
496850,520,392,912,216,72,208,330.20,0.8591,0.5935,0.237897,72,1,24,10.01,0.9692,0.1545,0.014656,4.453
496860,520,374,894,180,107,218,312.89,0.7200,0.5962,0.252814,59,27,26,22.89,0.4805,0.1643,0.017884,4.461
496881,520,400,920,253,37,60,23.50,0.9902,0.5801,0.225358,59,15,12,27.41,0.7577,0.1399,0.012982,4.372
496890,520,424,944,249,8,36,26.23,0.9966,0.5585,0.204445,6,32,9,145.80,0.9270,0.1139,0.010914,4.177
496891,520,477,997,193,9,205,325.08,0.9843,0.5110,0.159422,2,2,0,109.77,1.0000,0.0218,0.000563,4.142
496893,520,415,935,252,11,30,27.22,0.9959,0.5651,0.210323,49,2,54,323.78,0.8909,0.1235,0.009628,4.366
496894,520,381,901,232,14,226,329.76,0.9922,0.5958,0.229634,16,36,65,257.78,0.6181,0.1574,0.017535,4.141
496898,520,476,996,168,34,246,307.56,0.9634,0.5146,0.161235,2,0,4,311.99,1.0000,0.0155,0.000217,4.206
496912,520,442,962,221,6,167,343.27,0.9885,0.5382,0.182949,19,15,22,310.52,0.2068,0.0793,0.005380,4.206
496922,520,473,993,230,31,13,30.07,0.9873,0.5246,0.178351,7,2,7,327.13,0.4990,0.0317,0.001039,4.474
496933,520,303,823,241,96,222,333.13,0.9217,0.6696,0.323429,1,64,40,160.57,0.9932,0.2287,0.038263,4.231
496939,520,270,790,222,150,151,18.44,0.5217,0.7030,0.395783,11,75,9,142.48,0.9852,0.2642,0.051228,4.404
496952,520,434,954,244,4,84,14.68,0.9968,0.5540,0.199635,41,7,27,347.80,0.6872,0.0989,0.007026,4.378
496954,520,366,886,228,27,248,323.66,0.9872,0.6082,0.240574,74,15,12,27.62,0.8559,0.1709,0.018243,4.258
496957,520,387,907,254,45,55,25.43,0.9951,0.5864,0.232272,34,32,48,289.80,0.2733,0.1499,0.015865,4.286
496967,520,460,980,213,45,137,352.81,0.8513,0.5260,0.178314,15,10,0,92.53,1.0000,0.0571,0.003186,4.293
496968,520,259,779,240,142,143,19.63,0.7366,0.7095,0.398568,14,73,53,165.44,0.8955,0.2666,0.051153,4.435
496992,520,428,948,209,20,234,322.15,0.9841,0.5634,0.199980,26,20,27,321.48,0.1949,0.1007,0.007991,4.311
496997,520,344,864,163,127,244,295.78,0.8184,0.6299,0.294970,0,56,1,142.78,1.0000,0.1934,0.028304,4.406
497006,520,439,959,232,49,102,10.22,0.8998,0.5540,0.203147,28,15,28,326.74,0.3792,0.0926,0.006724,4.463
497014,520,408,928,245,5,121,3.14,0.9949,0.5664,0.209049,32,30,16,101.12,0.3585,0.1297,0.012730,4.130
497019,520,333,853,227,96,213,331.93,0.8402,0.6431,0.295029,56,45,25,81.63,0.4161,0.2025,0.027878,4.430
497025,520,37,557,201,253,255,199.23,1.0000,0.9523,0.898865,38,129,20,140.97,0.9844,0.4549,0.161625,4.484
497026,520,385,905,248,14,161,351.15,0.9880,0.5896,0.228471,45,24,52,317.26,0.4989,0.1478,0.014591,4.311
497034,520,413,933,218,49,205,331.65,0.9144,0.5740,0.215120,30,11,69,290.88,0.8299,0.1202,0.009450,4.460
497036,520,382,902,245,75,74,25.23,0.9364,0.5985,0.249423,32,38,46,255.67,0.1691,0.1630,0.018905,4.345
497046,520,342,862,218,80,250,319.45,0.9713,0.6325,0.275466,81,18,35,8.98,0.7427,0.1947,0.023036,4.456
497067,520,475,995,221,18,120,359.41,0.9595,0.5201,0.171635,2,1,14,282.01,0.8384,0.0258,0.000663,4.375
497077,520,423,943,244,41,67,21.69,0.9595,0.5650,0.212276,32,11,61,297.55,0.7817,0.1148,0.008834,4.458
497086,520,451,971,181,33,250,310.64,0.9763,0.5371,0.178146,6,9,41,272.08,0.8147,0.0683,0.003942,4.229
497088,520,426,946,245,18,95,11.91,0.9835,0.5619,0.206748,14,30,16,147.20,0.5537,0.1135,0.010593,4.237
497091,520,336,856,253,81,158,356.95,0.9714,0.6424,0.292394,13,44,93,259.47,0.8177,0.2006,0.026771,4.460
497126,520,370,890,216,71,238,322.09,0.9236,0.6117,0.252803,10,32,96,264.85,0.9043,0.1731,0.019420,4.362
497135,520,478,998,104,94,241,280.40,0.8973,0.5076,0.172989,2,0,10,292.48,1.0000,0.0196,0.000348,4.429
497138,520,364,884,210,117,90,37.03,0.6240,0.6056,0.271643,30,45,4,127.75,0.9219,0.1709,0.021615,4.491
497146,520,443,963,230,55,31,31.18,0.9562,0.5433,0.196573,31,9,11,16.13,0.5325,0.0794,0.005109,4.474
497148,520,466,986,157,94,176,318.03,0.5746,0.5176,0.183087,14,2,32,298.72,0.8473,0.0536,0.002411,4.447
497161,520,454,974,208,54,158,344.18,0.8188,0.5340,0.185189,9,14,25,265.00,0.3633,0.0697,0.004423,4.321
497165,520,417,937,246,40,98,12.49,0.9506,0.5747,0.219957,17,31,10,136.15,0.6771,0.1174,0.011210,4.410
497167,520,437,957,244,21,50,24.10,0.9871,0.5527,0.200032,3,16,53,263.58,0.8995,0.0907,0.006469,4.428
497168,520,438,958,203,86,110,10.00,0.6616,0.5456,0.204798,16,23,1,123.62,0.9267,0.0910,0.007251,4.451
497180,520,340,860,249,92,120,13.07,0.9184,0.6366,0.291533,13,45,95,259.34,0.8233,0.2050,0.027884,4.385
497198,520,460,980,189,67,177,331.91,0.7611,0.5252,0.180089,19,8,10,7.28,0.3255,0.0604,0.003340,4.314
497203,520,467,987,194,61,156,341.29,0.7638,0.5152,0.172088,3,8,8,195.79,0.3349,0.0439,0.002106,4.262
497206,520,384,904,244,51,146,356.64,0.9160,0.5933,0.236793,66,14,20,18.34,0.7603,0.1544,0.015230,4.397
497230,520,387,907,205,77,221,323.09,0.8560,0.5899,0.235089,60,21,21,22.42,0.6091,0.1535,0.015513,4.352
497245,520,262,782,251,130,154,8.77,0.8874,0.7072,0.388104,25,71,31,146.00,0.8956,0.2581,0.048119,4.465
497250,520,408,928,185,81,222,316.05,0.8198,0.5658,0.214741,58,8,6,27.95,0.8867,0.1277,0.010865,4.350
497268,520,448,968,238,7,62,20.35,0.9948,0.5378,0.186802,8,19,20,203.04,0.3378,0.0792,0.005679,4.253
497271,520,454,974,214,57,109,5.69,0.8173,0.5282,0.183289,11,10,41,279.06,0.7164,0.0738,0.004483,4.282
497274,520,314,834,252,96,170,354.07,0.9522,0.6633,0.319666,8,52,95,252.48,0.8472,0.2225,0.033336,4.436
497275,520,381,901,243,27,200,338.98,0.9781,0.6036,0.240117,56,26,33,6.04,0.4424,0.1595,0.016895,4.337
497278,520,278,798,158,156,250,283.53,0.8674,0.6892,0.379477,19,70,42,155.39,0.8746,0.2548,0.046857,4.434
497279,520,333,853,254,97,22,40.72,0.9933,0.6382,0.296816,40,51,0,121.83,1.0000,0.1984,0.028187,4.436
497282,520,437,957,188,53,236,315.07,0.9229,0.5500,0.192949,8,3,66,272.24,0.9813,0.0857,0.005101,4.409
497283,520,479,999,153,94,165,320.67,0.5275,0.5059,0.174949,0,0,2,264.05,1.0000,0.0079,0.000044,4.495
497290,520,403,923,254,22,99,11.97,0.9931,0.5828,0.225492,18,34,17,142.90,0.5594,0.1289,0.013131,4.364
497297,520,463,983,227,32,74,17.42,0.9518,0.5257,0.178612,23,0,2,18.08,1.0000,0.0456,0.001866,4.408
497328,520,391,911,230,64,172,345.38,0.8587,0.5898,0.234710,16,42,10,140.04,0.9074,0.1522,0.017879,4.194
497341,520,393,913,255,39,103,11.91,1.0000,0.5935,0.236940,29,31,48,278.55,0.3046,0.1423,0.014546,4.446
497346,520,434,954,244,0,22,27.65,1.0000,0.5451,0.192945,6,28,12,150.46,0.8384,0.1017,0.008957,4.121
497358,520,450,970,204,39,196,330.43,0.9093,0.5369,0.182758,18,12,4,78.22,0.4636,0.0657,0.004003,4.310
497370,520,477,997,219,36,57,22.35,0.9460,0.5085,0.166199,2,2,5,283.18,0.3513,0.0245,0.000673,4.267
497377,520,450,970,177,61,235,311.48,0.8991,0.5403,0.186837,18,12,23,308.87,0.3272,0.0723,0.004534,4.343
497384,520,431,951,230,0,164,346.22,1.0000,0.5529,0.195061,28,7,58,296.02,0.8317,0.1015,0.007043,4.296
497420,520,364,884,224,53,233,325.85,0.9482,0.6053,0.242789,23,42,45,208.43,0.3456,0.1670,0.020275,4.166
497421,520,423,943,241,20,107,7.55,0.9766,0.5575,0.202659,0,28,48,242.81,1.0000,0.1150,0.010438,4.180
497425,520,356,876,192,96,254,309.51,0.9883,0.6189,0.267289,28,47,15,134.34,0.7546,0.1772,0.023143,4.338
497430,520,439,959,243,6,41,25.16,0.9969,0.5457,0.193485,2,0,76,265.84,1.0000,0.0902,0.005347,4.399
497434,520,371,891,249,57,161,352.96,0.9456,0.6133,0.256425,70,18,40,357.92,0.6797,0.1743,0.018881,4.449
497435,520,385,905,254,2,142,357.97,0.9985,0.5915,0.230709,56,11,53,330.76,0.7389,0.1459,0.013373,4.430
497436,520,399,919,244,20,157,351.68,0.9782,0.5816,0.221710,2,5,105,265.06,0.9944,0.1389,0.011413,4.424
497455,520,353,873,238,30,233,329.45,0.9835,0.6160,0.249915,35,0,123,279.08,1.0000,0.1812,0.017873,4.419
497476,520,458,978,232,32,27,28.64,0.9758,0.5301,0.182711,11,8,32,285.08,0.6326,0.0632,0.003491,4.350
497481,520,389,909,255,33,91,15.12,1.0000,0.5875,0.231068,61,16,21,17.32,0.6903,0.1473,0.014170,4.380
497508,520,236,756,227,152,212,334.12,0.6881,0.7356,0.435423,42,76,42,144.07,0.6388,0.2863,0.058281,4.483
497518,520,402,922,218,19,234,324.45,0.9872,0.5784,0.213138,32,28,36,307.69,0.1659,0.1313,0.012650,4.200
497551,520,409,929,238,25,158,350.23,0.9646,0.5721,0.213441,58,6,23,6.75,0.8051,0.1292,0.010918,4.325
497581,520,408,928,178,94,220,312.94,0.7686,0.5735,0.226385,11,35,7,140.74,0.9199,0.1259,0.012885,4.395
497600,520,477,997,117,97,224,286.26,0.7781,0.5106,0.177129,3,2,1,74.90,0.3058,0.0238,0.000650,4.484
497639,520,268,788,231,137,169,358.61,0.6525,0.6956,0.377468,58,60,76,279.33,0.1877,0.2644,0.046530,4.428
497656,520,430,950,187,102,115,11.09,0.5048,0.5485,0.213067,11,26,22,174.99,0.4145,0.1015,0.008678,4.483
497693,520,442,962,187,49,231,316.10,0.9225,0.5412,0.185322,37,4,13,7.01,0.7541,0.0816,0.005093,4.271
497694,520,471,991,200,20,191,330.80,0.9556,0.5169,0.165431,1,8,6,177.76,0.7246,0.0412,0.001933,4.148
497710,520,355,875,244,51,199,339.81,0.9444,0.6177,0.257273,22,12,125,271.30,0.9816,0.1842,0.019140,4.444
497730,520,433,953,211,41,189,334.39,0.9038,0.5462,0.191110,48,4,4,26.54,0.9129,0.1010,0.007241,4.212
497737,520,412,932,235,49,141,356.46,0.8973,0.5727,0.217848,60,1,10,19.23,0.9754,0.1240,0.010045,4.461
497743,520,377,897,255,51,89,17.37,1.0000,0.5981,0.243526,1,10,118,264.54,0.9915,0.1627,0.015314,4.494
497747,520,419,939,203,8,245,318.20,0.9952,0.5590,0.194644,29,6,71,290.32,0.9036,0.1148,0.008464,4.185
497756,520,375,895,234,47,209,334.60,0.9454,0.6029,0.241315,67,13,29,7.35,0.7424,0.1578,0.015700,4.434
497776,520,445,965,199,0,228,321.06,1.0000,0.5371,0.177452,11,3,59,276.95,0.9644,0.0794,0.004520,4.172
497777,520,457,977,229,27,68,19.01,0.9666,0.5262,0.178622,9,3,45,279.95,0.9260,0.0628,0.003127,4.303
497786,520,439,959,208,13,225,324.07,0.9882,0.5529,0.191359,23,4,61,289.38,0.9145,0.0943,0.006059,4.305
497788,520,330,850,255,95,37,38.26,1.0000,0.6380,0.295815,60,43,36,43.40,0.2527,0.2056,0.028159,4.425
497789,520,479,999,211,45,88,12.03,0.8705,0.5052,0.164326,0,0,8,264.05,1.0000,0.0143,0.000175,4.272
497833,520,469,989,196,61,160,340.33,0.7721,0.5207,0.176131,11,3,0,59.40,1.0000,0.0361,0.001363,4.403
497843,520,282,802,255,125,110,28.33,1.0000,0.6938,0.370562,28,69,17,139.71,0.9398,0.2506,0.045434,4.407
497852,520,468,988,189,64,175,332.61,0.7691,0.5205,0.175822,8,4,15,302.47,0.4954,0.0416,0.001729,4.365
497855,520,403,923,255,43,7,31.30,1.0000,0.5839,0.230069,18,33,14,139.26,0.6047,0.1251,0.012480,4.483
497856,520,387,907,182,89,250,307.67,0.9494,0.5929,0.239927,48,32,9,73.53,0.6544,0.1546,0.016812,4.339
497887,520,457,977,195,9,227,320.15,0.9908,0.5314,0.173451,7,8,38,275.22,0.7721,0.0646,0.003588,4.170
497888,520,470,990,220,23,120,359.42,0.9439,0.5199,0.171871,3,4,21,274.11,0.7090,0.0399,0.001603,4.300
497894,520,471,991,197,60,155,342.53,0.7727,0.5188,0.174704,17,1,10,344.10,0.7649,0.0420,0.001628,4.352
497919,520,456,976,183,50,229,315.32,0.9146,0.5342,0.180068,10,12,8,128.54,0.1699,0.0592,0.003450,4.304
497926,520,324,844,239,75,237,328.45,0.9407,0.6514,0.294998,46,40,84,287.23,0.5278,0.2065,0.027385,4.458
497956,520,469,989,229,4,56,21.12,0.9965,0.5169,0.170334,3,5,14,268.25,0.4683,0.0387,0.001596,4.270
497967,520,362,882,252,17,179,346.68,0.9885,0.6064,0.243545,48,3,107,292.22,0.9757,0.1774,0.017550,4.346
497977,520,400,920,241,61,107,11.21,0.8960,0.5833,0.231030,38,30,37,330.23,0.1723,0.1439,0.014742,4.341
497984,520,468,988,136,75,251,293.15,0.9669,0.5176,0.172314,0,7,4,169.40,1.0000,0.0368,0.001607,4.308
497991,520,363,883,248,83,22,37.46,0.9781,0.6086,0.262043,46,39,21,88.99,0.4024,0.1725,0.020861,4.404
498022,520,421,941,223,74,109,10.28,0.7901,0.5641,0.216922,24,27,12,118.03,0.4237,0.1119,0.010046,4.445
498040,520,383,903,210,60,253,317.28,0.9891,0.6029,0.240268,12,30,80,265.17,0.8420,0.1530,0.015858,4.407
498042,520,471,991,221,44,35,28.76,0.9491,0.5158,0.172976,3,4,12,273.92,0.4527,0.0351,0.001327,4.344
498064,520,448,968,219,65,95,13.75,0.8192,0.5423,0.196694,18,3,57,285.84,0.9349,0.0832,0.004891,4.494
498065,520,419,939,245,0,89,13.18,1.0000,0.5564,0.201372,20,25,26,211.08,0.1078,0.1069,0.009186,4.247
498091,520,432,952,239,22,104,8.34,0.9722,0.5532,0.199273,12,24,25,202.52,0.3105,0.0975,0.008016,4.297
498122,520,478,998,221,37,53,23.69,0.9493,0.5127,0.169551,0,0,15,264.05,1.0000,0.0196,0.000345,4.361
498134,520,195,715,232,182,130,67.12,0.6098,0.7785,0.522249,13,92,14,142.87,0.9878,0.3239,0.077712,4.481
498136,520,421,941,227,29,177,341.90,0.9497,0.5621,0.203866,11,24,54,264.28,0.6725,0.1147,0.009907,4.238
498139,520,396,916,190,62,254,311.26,0.9932,0.5755,0.215493,37,9,79,293.75,0.8776,0.1369,0.011532,4.315
498149,520,474,994,202,22,195,330.21,0.9548,0.5239,0.170724,13,0,7,343.50,1.0000,0.0327,0.001009,4.327
498151,520,455,975,167,50,255,304.72,1.0000,0.5329,0.177173,12,3,39,288.02,0.8671,0.0596,0.002898,4.295
498157,520,301,821,246,121,103,29.85,0.8883,0.6714,0.342497,27,63,10,137.70,0.9563,0.2290,0.038098,4.455
498168,520,381,901,232,67,174,345.35,0.8586,0.5972,0.242288,53,33,10,67.04,0.6563,0.1647,0.018666,4.257
498178,520,368,888,239,18,222,332.36,0.9903,0.6067,0.240600,60,26,49,341.04,0.5125,0.1732,0.019213,4.199
498182,520,163,683,222,196,167,70.13,0.3783,0.8078,0.578003,31,96,62,156.81,0.8443,0.3508,0.090045,4.484
498184,520,452,972,223,35,112,3.68,0.9142,0.5293,0.180626,1,15,38,255.87,0.8916,0.0745,0.004880,4.202
498235,520,316,836,244,59,253,326.02,0.9931,0.6560,0.294555,101,0,14,23.51,1.0000,0.2194,0.027989,4.418
498249,520,376,896,226,63,204,334.11,0.8943,0.5988,0.240857,7,44,31,165.46,0.8614,0.1598,0.019454,4.188
498250,520,414,934,241,48,98,12.69,0.9259,0.5701,0.216998,8,20,72,267.23,0.9001,0.1209,0.010198,4.435
498261,520,476,996,134,75,247,293.09,0.9395,0.5117,0.168159,0,2,1,165.38,1.0000,0.0192,0.000456,4.324
498301,520,400,920,250,19,122,4.01,0.9827,0.5801,0.221984,54,19,17,25.50,0.6059,0.1379,0.012906,4.324
498312,520,412,932,244,37,81,17.33,0.9596,0.5651,0.211537,37,25,9,72.71,0.5365,0.1215,0.011083,4.282
498329,520,382,902,220,57,225,326.76,0.9279,0.5965,0.235802,44,36,23,79.41,0.3107,0.1623,0.018591,4.167
498331,520,423,943,218,29,200,333.02,0.9553,0.5589,0.199565,4,13,75,266.51,0.9595,0.1094,0.008216,4.287
498350,520,387,907,251,57,15,32.70,0.9891,0.5865,0.234736,57,22,20,25.18,0.5709,0.1495,0.014943,4.384
498359,520,373,893,237,57,174,346.03,0.8979,0.5970,0.239896,6,24,103,265.56,0.9552,0.1636,0.016711,4.346
498361,520,403,923,206,29,254,316.80,0.9955,0.5775,0.211579,61,1,33,354.57,0.9312,0.1334,0.011238,4.272
498376,520,432,952,210,28,215,326.97,0.9626,0.5543,0.194404,44,9,7,27.28,0.7580,0.1011,0.007463,4.253
498382,520,417,937,252,19,51,24.14,0.9907,0.5691,0.214040,2,33,12,151.04,0.9723,0.1157,0.011271,4.309
498390,520,362,882,253,44,152,355.94,0.9816,0.6081,0.249545,40,36,71,286.90,0.4763,0.1811,0.021678,4.179
498398,520,339,859,228,99,188,341.23,0.7822,0.6362,0.290507,1,49,82,245.54,0.9627,0.2017,0.028121,4.359
498407,520,455,975,180,27,243,312.00,0.9735,0.5264,0.169593,21,2,22,326.15,0.7591,0.0554,0.002608,4.174
498430,520,432,952,231,60,44,29.70,0.9304,0.5513,0.204054,33,14,36,322.00,0.5262,0.1018,0.007648,4.407
498441,520,441,961,236,9,95,10.39,0.9897,0.5409,0.188576,7,24,5,141.04,0.8772,0.0885,0.007094,4.179
498446,520,344,864,254,0,224,335.17,1.0000,0.6316,0.264559,22,53,14,139.70,0.9120,0.1930,0.027484,4.060
498463,520,396,916,251,4,115,6.01,0.9968,0.5766,0.218375,21,27,72,272.96,0.7083,0.1438,0.014111,4.186
498475,520,449,969,224,39,138,354.55,0.8994,0.5433,0.191360,8,19,6,139.98,0.6312,0.0749,0.005305,4.364
498485,520,477,997,178,15,230,314.55,0.9830,0.5074,0.155209,0,1,14,263.36,1.0007,0.0229,0.000534,4.061
498490,520,409,929,181,76,246,309.30,0.9331,0.5715,0.216473,21,15,79,277.46,0.8864,0.1280,0.010655,4.393
498511,520,395,915,221,46,218,328.93,0.9407,0.5853,0.223903,48,12,58,318.05,0.7390,0.1369,0.011969,4.420
498514,520,354,874,245,66,178,347.01,0.9189,0.6212,0.265263,35,46,19,127.42,0.5724,0.1806,0.023583,4.284
498532,520,460,980,212,60,123,359.77,0.7959,0.5323,0.186611,3,12,14,210.18,0.4847,0.0553,0.003140,4.453
498540,520,446,966,187,55,228,316.59,0.9036,0.5440,0.188998,31,0,37,321.20,1.0000,0.0764,0.004249,4.406
498548,520,457,977,219,20,157,346.16,0.9543,0.5328,0.179972,19,3,36,302.72,0.8167,0.0644,0.003310,4.314
498552,520,414,934,242,59,33,31.31,0.9621,0.5712,0.221183,10,29,48,250.45,0.5960,0.1229,0.011566,4.405
498553,520,469,989,227,25,23,28.53,0.9820,0.5157,0.170910,8,5,7,337.42,0.1817,0.0410,0.001755,4.268
498575,520,161,681,251,171,221,341.83,0.9347,0.8056,0.548574,48,96,42,141.54,0.8327,0.3543,0.091610,4.227
498580,520,478,998,176,24,229,314.02,0.9680,0.5066,0.155416,0,0,18,264.05,1.0000,0.0220,0.000437,4.073
498586,520,470,990,223,39,51,24.55,0.9491,0.5180,0.173808,17,0,13,336.27,1.0000,0.0407,0.001482,4.347
498590,520,432,952,229,51,115,5.13,0.8785,0.5536,0.202663,9,24,42,254.09,0.5661,0.1048,0.008785,4.298
498592,520,464,984,110,94,246,282.02,0.9241,0.5173,0.179738,9,7,14,298.55,0.2753,0.0493,0.002417,4.383
498597,520,284,804,218,121,245,318.55,0.9137,0.6855,0.351742,29,67,45,156.17,0.6523,0.2502,0.044648,4.245
498604,520,398,918,187,96,200,322.48,0.6970,0.5765,0.231018,11,16,94,268.89,0.9595,0.1412,0.012498,4.496
498613,520,317,837,232,81,255,322.09,1.0000,0.6581,0.302628,4,57,63,206.83,0.9136,0.2153,0.033108,4.243
498653,520,376,896,213,53,254,318.09,0.9950,0.6027,0.238498,10,35,76,259.90,0.7993,0.1609,0.017883,4.250
498678,520,429,949,186,84,186,327.51,0.7052,0.5485,0.203262,1,28,23,178.78,0.9478,0.1021,0.008988,4.293
498704,520,411,931,204,10,253,316.72,0.9951,0.5677,0.201479,36,24,4,78.69,0.7301,0.1167,0.010371,4.166
498707,520,452,972,216,19,169,341.56,0.9583,0.5330,0.179316,10,16,8,137.64,0.3514,0.0689,0.004526,4.206
498708,520,412,932,237,15,170,346.11,0.9826,0.5727,0.212514,53,9,27,359.70,0.7215,0.1242,0.010315,4.352
498714,520,453,973,172,67,229,310.83,0.8668,0.5348,0.184429,33,3,7,14.96,0.7923,0.0709,0.004039,4.338
498736,520,439,959,194,9,250,314.72,0.9947,0.5488,0.185682,2,19,51,259.55,0.9007,0.0950,0.007176,4.122
498760,520,75,595,252,217,242,336.26,0.9394,0.9088,0.767329,4,119,27,144.52,0.9975,0.4155,0.132980,4.467
498774,520,471,991,123,95,227,288.76,0.7932,0.5151,0.179412,9,1,17,309.45,0.8023,0.0358,0.001203,4.480
498778,520,432,952,245,21,37,26.52,0.9889,0.5535,0.200859,7,17,60,267.61,0.8721,0.1019,0.007723,4.346
498793,520,380,900,243,21,205,337.60,0.9857,0.6045,0.240018,34,24,80,285.56,0.7281,0.1566,0.015725,4.413
498796,520,446,966,228,51,58,24.64,0.9270,0.5386,0.191700,25,6,40,306.64,0.7443,0.0804,0.004901,4.402
498814,520,478,998,193,29,195,327.67,0.9276,0.5111,0.161579,8,0,0,29.23,1.0000,0.0228,0.000516,4.188
498824,520,455,975,235,23,36,26.57,0.9845,0.5329,0.184055,17,5,19,322.14,0.5437,0.0552,0.002747,4.437
498831,520,420,940,195,61,222,320.31,0.8840,0.5577,0.202149,14,30,9,138.67,0.7416,0.1120,0.010416,4.174
498847,520,391,911,248,50,118,6.98,0.9429,0.5908,0.235491,22,39,39,195.84,0.3180,0.1545,0.017680,4.218
498864,520,10,530,253,254,219,108.54,0.9724,0.9852,0.968809,34,133,77,153.60,0.9311,0.4747,0.176502,4.498
498883,520,388,908,247,23,149,354.89,0.9754,0.5852,0.225602,51,21,42,339.92,0.5173,0.1455,0.014074,4.301
498900,520,22,542,246,249,212,111.06,0.8433,0.9655,0.920978,39,131,34,142.34,0.9670,0.4628,0.167788,4.458
498924,520,355,875,238,9,250,325.67,0.9974,0.6219,0.252772,78,19,3,36.13,0.9391,0.1833,0.020923,4.269
498927,520,398,918,246,66,7,34.95,0.9939,0.5848,0.235080,3,37,37,194.91,0.8718,0.1375,0.014760,4.402
498934,520,419,939,208,12,230,322.88,0.9904,0.5565,0.193879,50,6,2,31.83,0.9315,0.1076,0.008129,4.195
498939,520,379,899,227,39,237,325.81,0.9715,0.6041,0.238986,8,46,17,147.77,0.9452,0.1633,0.020460,4.101
498942,520,472,992,233,9,8,29.03,0.9956,0.5227,0.175397,8,0,13,316.36,1.0000,0.0295,0.000807,4.436
498944,520,453,973,199,65,166,339.12,0.7704,0.5336,0.186777,1,14,30,249.63,0.8311,0.0666,0.004142,4.373
498948,520,439,959,224,9,172,342.48,0.9853,0.5473,0.190238,22,6,56,290.06,0.8573,0.0911,0.005863,4.300
498958,520,440,960,244,20,46,24.85,0.9884,0.5519,0.199342,18,15,46,283.63,0.6271,0.0931,0.006675,4.400
498971,520,346,866,248,30,221,334.65,0.9840,0.6261,0.261085,88,2,27,13.38,0.9664,0.1930,0.021976,4.322
498973,520,442,962,237,20,81,15.41,0.9790,0.5427,0.191021,19,13,36,293.27,0.5306,0.0828,0.005537,4.340
498978,520,261,781,223,137,224,326.56,0.7614,0.7081,0.389626,31,73,41,149.39,0.7561,0.2699,0.052163,4.303
498987,520,371,891,245,52,173,347.93,0.9267,0.6073,0.248887,27,42,36,167.85,0.2843,0.1662,0.020163,4.260
498991,520,389,909,239,21,192,340.23,0.9806,0.5897,0.226958,52,18,59,320.48,0.6631,0.1525,0.014785,4.275
498994,520,407,927,231,73,61,28.38,0.8879,0.5677,0.220938,53,18,8,36.85,0.7211,0.1325,0.012071,4.365
499005,520,371,891,232,58,218,331.71,0.9332,0.6130,0.252463,11,24,110,267.13,0.9554,0.1743,0.018501,4.415
499020,520,456,976,200,67,145,348.08,0.7434,0.5274,0.183399,21,1,28,317.35,0.8625,0.0570,0.002650,4.433
499044,520,391,911,239,72,106,13.17,0.8723,0.5905,0.240291,23,41,13,135.68,0.7477,0.1538,0.017971,4.271
499047,520,249,769,223,157,140,35.01,0.5249,0.7158,0.416970,29,79,1,137.86,0.9977,0.2836,0.058552,4.302
499061,520,397,917,224,88,67,31.16,0.8274,0.5757,0.232345,3,21,92,264.69,0.9571,0.1434,0.013283,4.462
499065,520,450,970,192,39,229,318.36,0.9439,0.5404,0.183160,25,1,39,310.47,0.9177,0.0708,0.003749,4.338
499075,520,464,984,205,25,174,337.24,0.9309,0.5174,0.167324,25,2,0,35.72,1.0000,0.0530,0.002501,4.139
499077,520,325,845,254,22,242,330.98,0.9965,0.6471,0.280586,36,56,27,136.59,0.5904,0.2146,0.032825,3.991
499104,520,434,954,162,77,251,301.87,0.9635,0.5516,0.199546,32,2,55,304.94,0.9220,0.0966,0.006264,4.435
499126,520,408,928,248,40,3,31.35,0.9978,0.5674,0.214842,29,12,76,286.52,0.8581,0.1279,0.010459,4.380
499129,520,265,785,237,121,250,323.48,0.9701,0.7141,0.385834,37,72,4,134.21,0.9825,0.2647,0.050367,4.342
499130,520,277,797,242,121,203,341.14,0.8647,0.6974,0.368662,0,73,10,144.19,1.0000,0.2547,0.047868,4.278
499139,520,453,973,224,52,15,32.83,0.9802,0.5275,0.183406,9,14,27,267.19,0.4077,0.0708,0.004513,4.282
499140,520,71,591,252,218,227,0.10,0.7923,0.9058,0.763853,18,118,77,159.49,0.9583,0.4230,0.136207,4.371
499147,520,479,999,216,49,2,33.67,0.9968,0.5079,0.168025,0,0,6,264.05,1.0000,0.0126,0.000131,4.349
499155,520,361,881,252,25,201,340.67,0.9851,0.6201,0.256111,66,3,86,315.39,0.9359,0.1825,0.018954,4.439
499187,520,271,791,163,158,245,285.55,0.7891,0.6952,0.388325,34,70,43,150.32,0.6407,0.2622,0.048947,4.430
499196,520,365,885,247,36,182,345.09,0.9628,0.6055,0.244165,20,39,72,260.68,0.6075,0.1731,0.020676,4.162
499210,520,473,993,171,26,255,306.88,1.0000,0.5233,0.166175,4,3,13,287.55,0.5397,0.0338,0.001200,4.222
499217,520,466,986,184,12,238,314.52,0.9895,0.5231,0.166275,8,6,27,284.24,0.6385,0.0532,0.002610,4.111
499239,520,299,819,207,125,224,320.56,0.7456,0.6660,0.333157,56,55,19,107.56,0.6414,0.2295,0.036202,4.445
499241,520,419,939,250,16,33,26.98,0.9932,0.5623,0.208081,49,5,30,350.33,0.7725,0.1124,0.008554,4.408
499243,520,384,904,225,24,227,327.81,0.9822,0.5871,0.222092,33,38,2,117.17,0.9219,0.1516,0.017139,4.053
499253,520,330,850,220,95,222,326.99,0.8476,0.6362,0.286759,12,57,34,156.64,0.8931,0.2062,0.031198,4.147
499272,520,432,952,218,73,102,12.42,0.7807,0.5518,0.206322,39,5,43,323.42,0.7784,0.1019,0.007144,4.486
499276,520,378,898,249,30,173,348.05,0.9709,0.6022,0.240887,60,13,59,328.79,0.7389,0.1594,0.015644,4.431
499301,520,430,950,210,28,214,327.22,0.9619,0.5536,0.193891,20,2,74,281.05,0.9796,0.1035,0.006865,4.289
499306,520,427,947,224,8,202,333.93,0.9916,0.5646,0.202877,2,20,51,258.60,0.8940,0.0974,0.007522,4.396
499310,520,329,849,217,111,205,331.65,0.7364,0.6461,0.305301,10,54,64,216.63,0.7802,0.2080,0.030729,4.401
499316,520,419,939,209,35,215,326.64,0.9480,0.5560,0.196656,35,15,44,314.27,0.5856,0.1114,0.008809,4.194
499340,520,378,898,248,72,7,36.02,0.9941,0.5951,0.246100,42,35,37,358.74,0.1052,0.1617,0.018279,4.337
499347,520,423,943,240,53,15,32.45,0.9860,0.5608,0.211092,16,19,62,274.34,0.7611,0.1135,0.009237,4.408
499350,520,344,864,227,65,247,323.06,0.9664,0.6294,0.268290,5,24,123,265.25,0.9724,0.1890,0.021154,4.473
499357,520,421,941,233,11,163,347.32,0.9850,0.5605,0.202102,52,3,12,15.85,0.8921,0.1096,0.008219,4.330
499380,520,408,928,237,52,105,10.19,0.9032,0.5671,0.214835,4,34,41,216.28,0.7943,0.1305,0.013299,4.184
499390,520,396,916,161,113,219,303.11,0.6880,0.5845,0.245021,22,38,2,130.22,0.9571,0.1418,0.015612,4.496
499421,520,403,923,210,66,215,326.52,0.8773,0.5818,0.225062,18,31,49,256.71,0.4415,0.1338,0.013303,4.345
499434,520,374,894,184,87,255,307.46,1.0000,0.5966,0.242275,12,39,62,247.37,0.6604,0.1618,0.018769,4.250
499443,520,339,859,248,8,254,327.05,0.9983,0.6418,0.272888,60,36,56,332.87,0.3742,0.1971,0.025080,4.301
499444,520,363,883,226,28,248,323.17,0.9860,0.6052,0.237788,20,42,46,210.52,0.4195,0.1656,0.020018,4.110
499447,520,455,975,189,60,202,323.95,0.8352,0.5332,0.183162,5,2,44,274.42,0.9665,0.0564,0.002575,4.435
499452,520,400,920,225,31,218,330.01,0.9692,0.5839,0.220518,14,33,46,240.37,0.4968,0.1352,0.013783,4.241
499458,520,404,924,208,55,236,320.79,0.9341,0.5830,0.222001,16,34,13,140.89,0.7023,0.1266,0.012832,4.329
499463,520,332,852,217,88,245,320.03,0.9415,0.6370,0.283254,45,43,60,289.80,0.2407,0.1970,0.026119,4.378
499473,520,420,940,170,90,223,309.49,0.7867,0.5587,0.211868,25,16,52,290.86,0.6473,0.1068,0.008252,4.495
499486,520,454,974,199,35,205,326.55,0.9277,0.5318,0.177537,24,9,5,39.08,0.4971,0.0675,0.004005,4.213
499492,520,346,866,239,55,225,331.60,0.9530,0.6268,0.265220,10,23,124,266.59,0.9710,0.1905,0.021324,4.420
499496,520,238,758,251,123,232,333.27,0.9758,0.7273,0.405039,8,75,66,180.92,0.9258,0.2765,0.054769,4.343
499507,520,475,995,223,45,8,32.28,0.9899,0.5191,0.175851,2,2,8,280.91,0.5251,0.0260,0.000739,4.451
499516,520,454,974,208,74,72,24.67,0.7906,0.5277,0.187775,35,2,8,12.27,0.8436,0.0729,0.004183,4.388
499527,520,388,908,231,80,134,2.03,0.7962,0.5937,0.244502,17,36,49,240.09,0.4635,0.1474,0.016026,4.460
499528,520,333,853,254,66,186,346.45,0.9907,0.6409,0.285157,31,55,4,132.13,0.9628,0.2042,0.030324,4.173
499532,520,368,888,233,3,240,326.75,0.9988,0.6052,0.236825,34,39,56,271.51,0.2798,0.1730,0.020766,4.053
499535,520,347,867,221,85,235,323.87,0.9065,0.6329,0.278692,45,40,64,293.10,0.3354,0.1916,0.024456,4.415
499549,520,309,829,223,95,248,320.77,0.9580,0.6565,0.306515,15,62,10,141.75,0.9720,0.2201,0.035686,4.161
499587,520,425,945,249,24,52,24.08,0.9860,0.5646,0.210446,33,2,71,295.60,0.9591,0.1145,0.008217,4.474
499589,520,423,943,218,29,194,334.70,0.9507,0.5552,0.196815,1,31,30,191.71,0.9444,0.1144,0.010801,4.059
499592,520,425,945,248,5,94,12.17,0.9961,0.5649,0.208767,0,16,69,262.77,1.0002,0.1054,0.008002,4.461
499607,520,355,875,240,65,204,337.70,0.9184,0.6245,0.266683,25,41,76,264.09,0.5701,0.1847,0.023143,4.330
499610,520,347,867,232,62,245,324.87,0.9625,0.6335,0.271959,68,26,60,335.33,0.5928,0.1926,0.022941,4.414
499643,520,453,973,226,26,107,5.43,0.9478,0.5290,0.179719,15,12,24,294.98,0.3418,0.0698,0.004304,4.230
499669,520,473,993,217,45,104,6.64,0.8709,0.5217,0.176305,0,2,25,263.55,1.0011,0.0340,0.001136,4.426
499675,520,440,960,218,56,150,349.87,0.8314,0.5504,0.199382,17,11,56,281.45,0.8078,0.0939,0.006440,4.419
499676,520,471,991,202,71,108,6.64,0.7263,0.5218,0.181477,5,4,14,287.97,0.4751,0.0381,0.001508,4.494
499686,520,433,953,232,63,3,35.42,0.9962,0.5540,0.207204,36,10,43,318.54,0.6787,0.1043,0.007666,4.460
499690,520,416,936,228,8,203,334.63,0.9925,0.5726,0.209820,20,31,27,170.28,0.2481,0.1243,0.012078,4.185
499691,520,422,942,229,17,170,344.33,0.9744,0.5578,0.199639,4,14,77,266.30,0.9587,0.1135,0.008756,4.249
499705,520,309,829,249,90,187,346.46,0.9360,0.6578,0.310429,4,64,14,145.00,0.9909,0.2243,0.037242,4.131
499707,520,442,962,204,84,79,25.19,0.7222,0.5364,0.197445,4,21,6,146.83,0.8777,0.0779,0.005753,4.438
499709,520,472,992,220,8,125,357.13,0.9816,0.5172,0.168726,10,0,5,344.76,1.0000,0.0280,0.000755,4.309
499718,520,364,884,247,33,190,342.72,0.9701,0.6081,0.245828,21,12,112,272.31,0.9740,0.1656,0.015921,4.488
499758,520,432,952,236,45,85,16.14,0.9305,0.5548,0.203686,37,8,40,323.87,0.7001,0.1009,0.007202,4.435
499767,520,279,799,220,128,233,322.49,0.8315,0.6930,0.365387,51,65,11,123.29,0.8658,0.2535,0.045085,4.369
499777,520,455,975,222,46,104,7.59,0.8810,0.5324,0.184857,4,12,18,237.43,0.4388,0.0578,0.003324,4.404
499781,520,445,965,237,30,69,19.63,0.9682,0.5446,0.193660,33,1,29,333.51,0.8573,0.0762,0.004338,4.484
499783,520,431,951,244,9,19,28.24,0.9962,0.5469,0.194790,2,10,72,265.52,0.9712,0.1001,0.006978,4.296
499784,520,375,895,238,2,219,332.86,0.9989,0.5998,0.233378,34,1,110,281.45,0.9954,0.1632,0.014875,4.368
499804,520,466,986,207,71,32,35.97,0.9101,0.5164,0.178784,14,6,0,74.52,1.0000,0.0471,0.002236,4.380
499805,520,452,972,121,89,254,285.75,0.9898,0.5260,0.183651,19,9,28,306.82,0.5208,0.0703,0.004177,4.313
499814,520,346,866,189,121,213,316.84,0.6567,0.6298,0.292985,44,48,13,115.25,0.7003,0.1947,0.026784,4.467
499841,520,14,534,249,252,240,118.11,0.7288,0.9832,0.960518,11,131,113,178.34,0.9675,0.4749,0.174952,4.492
499843,520,455,975,201,1,212,325.50,0.9986,0.5285,0.171945,17,8,20,317.51,0.4139,0.0619,0.003434,4.154
499850,520,277,797,216,143,203,333.28,0.6084,0.7005,0.385570,11,70,50,164.98,0.9168,0.2547,0.046816,4.499
499864,520,393,913,212,43,252,318.52,0.9863,0.5928,0.227548,61,12,10,26.88,0.8276,0.1395,0.012771,4.422
499867,520,441,961,216,66,112,6.27,0.7906,0.5426,0.196676,37,11,0,48.97,1.0000,0.0901,0.006327,4.379
499878,520,330,850,234,107,147,2.44,0.7514,0.6411,0.301169,26,48,88,261.35,0.6173,0.2133,0.030380,4.369
499885,520,463,983,173,45,249,308.02,0.9685,0.5321,0.176014,2,2,41,269.07,0.9771,0.0507,0.002164,4.333
499886,520,386,906,246,41,147,356.07,0.9420,0.5908,0.232886,2,42,22,156.49,0.9746,0.1483,0.017267,4.205
499887,520,437,957,182,50,252,309.89,0.9826,0.5517,0.192555,11,24,11,144.22,0.5544,0.0924,0.007486,4.219
499902,520,452,972,216,65,44,31.08,0.9016,0.5273,0.185639,35,3,3,25.89,0.8783,0.0734,0.004291,4.340
499909,520,437,957,244,6,21,27.95,0.9974,0.5463,0.194210,19,12,42,290.21,0.6353,0.0852,0.005686,4.386
499923,520,342,862,253,90,83,26.26,0.9822,0.6331,0.288230,48,45,10,104.41,0.7374,0.1900,0.025271,4.493
499930,520,469,989,226,43,9,31.83,0.9896,0.5238,0.179191,14,2,2,23.05,0.6624,0.0376,0.001412,4.458
499937,520,316,836,235,78,255,322.97,1.0000,0.6596,0.303332,15,59,61,199.44,0.7226,0.2240,0.035663,4.125
499938,520,464,984,202,69,116,2.29,0.7321,0.5218,0.180757,6,10,11,212.35,0.1715,0.0523,0.002800,4.370
499949,520,184,704,250,159,240,330.81,0.9689,0.7898,0.514135,16,89,79,181.19,0.8855,0.3292,0.078191,4.401
499955,520,443,963,142,95,237,294.80,0.8364,0.5433,0.200497,14,17,27,271.26,0.2795,0.0816,0.005734,4.495
499956,520,146,666,245,187,213,350.17,0.7310,0.8276,0.597587,0,104,9,143.22,1.0000,0.3627,0.099199,4.340
499960,520,366,886,242,70,164,351.39,0.8867,0.6135,0.259409,16,40,66,252.27,0.6147,0.1693,0.020210,4.407
499981,520,364,884,215,103,154,353.43,0.6500,0.6073,0.264826,45,41,9,102.16,0.7246,0.1748,0.021635,4.395
499982,520,477,997,206,6,176,336.78,0.9851,0.5145,0.163887,3,1,9,297.22,0.7058,0.0244,0.000608,4.226
499988,520,399,919,231,19,202,335.63,0.9819,0.5800,0.217216,59,13,14,23.22,0.7639,0.1375,0.012495,4.276
499990,520,403,923,248,11,131,0.54,0.9900,0.5771,0.218380,16,33,40,226.33,0.4000,0.1331,0.013510,4.226
499991,520,355,875,225,95,179,343.62,0.7600,0.6216,0.274489,19,50,20,144.25,0.8559,0.1822,0.024701,4.344
499997,520,462,982,191,47,212,322.14,0.8975,0.5316,0.178643,0,11,16,220.59,1.0000,0.0512,0.002767,4.333
500020,520,151,671,242,176,253,321.62,0.9791,0.8181,0.570211,35,97,45,146.58,0.9030,0.3517,0.090958,4.400
500034,520,400,920,200,66,237,317.88,0.9118,0.5813,0.222916,28,34,9,120.98,0.6503,0.1357,0.014106,4.257
500035,520,418,938,203,99,73,35.17,0.6895,0.5583,0.221031,17,27,41,256.89,0.3739,0.1173,0.010631,4.470
500054,520,334,854,254,83,153,359.24,0.9842,0.6446,0.295606,14,44,96,260.61,0.8249,0.2036,0.027391,4.466
500068,520,391,911,205,54,254,315.89,0.9945,0.5910,0.227747,48,19,66,310.02,0.6861,0.1532,0.014875,4.281
500081,520,407,927,248,38,1,31.27,0.9993,0.5661,0.213485,42,12,64,306.83,0.7710,0.1325,0.011254,4.302
500087,520,354,874,231,101,111,17.87,0.7652,0.6163,0.274466,20,51,12,139.75,0.9253,0.1848,0.025428,4.302
500098,520,334,854,227,68,252,321.82,0.9861,0.6356,0.274955,61,17,103,301.57,0.8451,0.2034,0.023723,4.408
500100,520,298,818,250,86,211,338.61,0.9646,0.6663,0.316857,43,52,82,270.49,0.3880,0.2322,0.035787,4.276
500112,520,330,850,251,50,222,335.17,0.9806,0.6423,0.280675,95,1,12,24.03,0.9933,0.2057,0.024816,4.420
500122,520,465,985,208,41,153,345.41,0.8609,0.5208,0.172978,0,12,4,156.52,1.0000,0.0494,0.002717,4.230
500125,520,333,853,249,42,234,331.72,0.9791,0.6414,0.277392,28,18,132,272.82,0.9683,0.2039,0.023453,4.457
500133,520,472,992,183,49,211,319.89,0.8830,0.5195,0.169683,4,3,11,289.83,0.4779,0.0329,0.001151,4.295
500136,520,325,845,245,78,213,336.56,0.9404,0.6504,0.296682,3,53,71,228.63,0.9179,0.2068,0.030203,4.323
500147,520,74,594,224,228,238,268.49,0.2606,0.9054,0.775070,4,122,16,143.29,0.9979,0.4247,0.139817,4.347
500148,520,453,973,160,96,177,318.97,0.5712,0.5258,0.190143,31,2,28,332.34,0.7986,0.0741,0.004186,4.432
500154,520,319,839,236,106,162,355.44,0.7763,0.6481,0.307521,54,45,78,295.50,0.4016,0.2229,0.032111,4.354
500157,520,470,990,175,10,254,308.56,0.9955,0.5230,0.164877,3,1,33,274.53,0.9722,0.0415,0.001509,4.172
500167,520,367,887,212,89,211,327.94,0.8115,0.6096,0.258467,25,36,72,268.75,0.5730,0.1685,0.019362,4.447
500168,520,353,873,233,43,242,326.07,0.9734,0.6199,0.254646,62,30,47,348.09,0.4497,0.1832,0.021580,4.256
500171,520,476,996,169,40,234,310.23,0.9395,0.5093,0.158940,0,2,9,255.69,0.9999,0.0237,0.000631,4.127
500177,520,433,953,188,58,226,317.26,0.8931,0.5468,0.192097,0,27,16,163.89,1.0000,0.0961,0.008212,4.159
500186,520,369,889,246,16,209,337.20,0.9913,0.6109,0.245700,52,25,66,312.72,0.6007,0.1692,0.018187,4.337
500188,520,437,957,228,22,163,346.36,0.9613,0.5539,0.197149,29,15,25,337.90,0.3552,0.0925,0.006731,4.357
500201,520,418,938,186,100,151,344.91,0.5414,0.5567,0.217891,9,33,20,157.24,0.7132,0.1212,0.011963,4.323
500228,520,374,894,247,77,15,36.69,0.9864,0.5991,0.251198,8,40,51,224.89,0.7182,0.1562,0.018081,4.424
500237,520,410,930,232,36,163,347.63,0.9328,0.5680,0.210647,36,15,70,295.55,0.7724,0.1341,0.011589,4.232
500252,520,419,939,210,54,206,329.18,0.8908,0.5649,0.207981,36,19,6,57.50,0.5975,0.1054,0.008540,4.407
500258,520,402,922,250,17,112,7.16,0.9855,0.5765,0.218983,32,25,43,301.56,0.3451,0.1276,0.011768,4.355
500291,520,433,953,240,40,8,31.21,0.9932,0.5508,0.200637,9,3,75,271.39,0.9868,0.0979,0.006312,4.451
500292,520,424,944,166,92,224,307.44,0.7829,0.5573,0.211437,38,17,23,2.32,0.4100,0.1087,0.008749,4.450
500303,520,479,999,167,7,250,307.06,0.9949,0.5065,0.152703,0,0,6,264.05,1.0000,0.0126,0.000131,4.043
500307,520,453,973,208,14,186,334.37,0.9722,0.5264,0.172712,25,6,25,327.48,0.6109,0.0706,0.004071,4.119
500308,520,403,923,198,91,190,330.38,0.7117,0.5793,0.232071,4,38,6,144.09,0.9760,0.1324,0.014251,4.390
500313,520,399,919,244,61,84,19.41,0.9297,0.5838,0.232140,6,27,81,263.81,0.9131,0.1445,0.014166,4.397
500317,520,450,970,200,67,173,336.90,0.7749,0.5413,0.193126,22,10,12,8.85,0.3208,0.0687,0.004142,4.491
500318,520,275,795,253,88,253,327.86,0.9932,0.6966,0.349567,98,36,31,27.34,0.6825,0.2540,0.039578,4.461
500324,520,464,984,182,30,232,314.97,0.9608,0.5216,0.167010,8,9,10,246.26,0.0546,0.0515,0.002689,4.119
500341,520,427,947,235,50,86,16.34,0.9167,0.5569,0.206183,14,21,45,269.45,0.5437,0.1024,0.008191,4.402
500343,520,390,910,254,5,129,2.09,0.9963,0.5874,0.227680,70,6,4,28.80,0.9479,0.1513,0.014413,4.311
500355,520,459,979,187,55,212,320.68,0.8706,0.5320,0.180520,5,11,31,266.78,0.6410,0.0637,0.003705,4.292
500368,520,437,957,235,50,26,30.97,0.9698,0.5487,0.200211,0,24,21,184.21,1.0000,0.0885,0.007074,4.384
500370,520,431,951,242,20,63,20.93,0.9852,0.5499,0.197398,20,14,58,282.77,0.7596,0.1035,0.007683,4.289
500378,520,450,970,164,86,211,310.69,0.7462,0.5360,0.192519,3,9,44,267.02,0.9016,0.0687,0.003966,4.494
500421,520,338,858,253,40,229,333.82,0.9913,0.6443,0.280605,62,39,38,22.11,0.2963,0.1993,0.026152,4.341
500426,520,421,941,238,35,128,0.67,0.9401,0.5647,0.209408,24,25,34,279.84,0.1942,0.1142,0.010049,4.320
500431,520,439,959,176,62,245,308.88,0.9397,0.5480,0.192688,45,1,0,30.40,1.0000,0.0891,0.005797,4.349
500435,520,427,947,227,24,186,339.17,0.9652,0.5650,0.205319,26,14,40,303.22,0.5560,0.0952,0.006869,4.490
500445,520,407,927,205,70,199,329.68,0.8225,0.5680,0.214847,39,22,37,330.96,0.3751,0.1266,0.011388,4.314
500447,520,399,919,162,96,247,300.43,0.9060,0.5758,0.227629,13,30,62,261.73,0.6735,0.1374,0.013619,4.364
500453,520,472,992,223,11,124,358.17,0.9774,0.5236,0.173853,6,4,2,74.90,0.3060,0.0343,0.001299,4.364
500464,520,397,917,214,96,123,8.02,0.6609,0.5836,0.240940,19,36,39,209.87,0.3470,0.1434,0.015466,4.444
500481,520,437,957,195,79,167,338.09,0.7060,0.5451,0.199857,31,11,33,323.85,0.5633,0.0921,0.006405,4.430
500487,520,368,888,244,61,166,350.49,0.9100,0.6096,0.253268,30,38,65,270.25,0.4321,0.1725,0.020438,4.305
500489,520,338,858,254,81,145,1.97,0.9845,0.6395,0.290034,24,50,55,211.41,0.4401,0.1970,0.027511,4.387
500503,520,422,942,229,7,175,342.73,0.9903,0.5581,0.199078,40,17,13,31.01,0.4952,0.1089,0.008811,4.235
500507,520,309,829,235,76,254,323.25,0.9955,0.6569,0.299891,58,41,74,306.94,0.4267,0.2158,0.029799,4.385
500520,520,401,921,239,63,110,10.14,0.8806,0.5822,0.230346,50,9,63,316.49,0.7945,0.1407,0.012324,4.498
500545,520,457,977,234,21,47,24.29,0.9841,0.5311,0.182372,7,6,38,277.20,0.8206,0.0607,0.003153,4.372
500548,520,457,977,236,6,71,17.71,0.9947,0.5349,0.184213,8,9,25,278.41,0.4943,0.0583,0.003172,4.405
500568,520,344,864,202,98,241,315.74,0.8925,0.6262,0.276440,87,10,14,24.81,0.9238,0.1947,0.022754,4.487
500569,520,426,946,248,3,83,15.38,0.9979,0.5621,0.206497,23,19,45,288.26,0.5109,0.1055,0.008374,4.394
500571,520,364,884,232,48,231,328.41,0.9601,0.6139,0.250417,62,14,71,320.82,0.7677,0.1729,0.017933,4.422
500582,520,361,881,244,57,190,342.61,0.9274,0.6175,0.258801,65,30,10,47.88,0.7149,0.1778,0.020744,4.365
500590,520,414,934,253,10,59,22.16,0.9953,0.5700,0.214193,46,18,26,3.40,0.4905,0.1247,0.010881,4.339
500591,520,324,844,237,116,93,32.25,0.8169,0.6466,0.312883,45,52,23,120.43,0.5341,0.2094,0.030757,4.494
500607,520,425,945,223,41,182,339.62,0.9164,0.5639,0.206537,5,28,38,229.45,0.6925,0.1114,0.010027,4.274
500614,520,366,886,243,4,221,333.50,0.9981,0.6104,0.243649,55,35,17,61.61,0.5190,0.1737,0.020549,4.162
500617,520,467,987,226,1,94,9.01,0.9984,0.5178,0.170015,2,7,6,183.03,0.4445,0.0397,0.001780,4.249
500619,520,439,959,199,57,214,323.74,0.8823,0.5546,0.199250,19,14,45,286.68,0.6296,0.0913,0.006420,4.418
500631,520,343,863,207,112,193,332.85,0.6570,0.6275,0.287055,47,45,5,106.57,0.8555,0.1882,0.024921,4.499
500646,520,421,941,194,90,158,342.66,0.6356,0.5554,0.212518,11,31,4,137.82,0.9321,0.1124,0.010599,4.332
500650,520,424,944,229,46,136,356.81,0.8896,0.5570,0.203924,53,4,12,17.04,0.8736,0.1131,0.008704,4.325
500651,520,447,967,228,49,72,20.17,0.9173,0.5392,0.191614,14,20,5,126.30,0.5964,0.0818,0.006046,4.311
500659,520,443,963,243,6,1,29.38,0.9993,0.5434,0.191906,31,13,2,55.77,0.7538,0.0845,0.005836,4.332
500661,520,466,986,218,58,8,34.87,0.9870,0.5210,0.179517,3,12,5,151.88,0.6408,0.0524,0.002933,4.336
500662,520,364,884,230,25,250,323.72,0.9895,0.6123,0.244227,41,41,2,109.65,0.9278,0.1692,0.020617,4.167
500666,520,417,937,250,8,94,12.50,0.9942,0.5697,0.213094,43,10,45,325.42,0.7005,0.1168,0.009202,4.444
500670,520,444,964,201,67,164,340.58,0.7647,0.5383,0.191140,5,20,18,184.71,0.5391,0.0791,0.005762,4.324
500699,520,409,929,242,12,146,354.60,0.9867,0.5709,0.212187,17,21,72,273.08,0.8183,0.1281,0.011233,4.282
500705,520,397,917,225,44,205,333.45,0.9356,0.5827,0.222191,24,20,80,278.11,0.8275,0.1399,0.012736,4.339
500726,520,458,978,197,34,212,324.14,0.9376,0.5328,0.177695,15,4,35,295.57,0.7836,0.0612,0.003097,4.288
500736,520,421,941,210,61,191,333.65,0.8442,0.5621,0.208027,41,11,33,339.22,0.6167,0.1077,0.008206,4.433
500757,520,413,933,196,54,250,314.23,0.9727,0.5742,0.212775,11,32,35,207.67,0.5064,0.1248,0.012255,4.221
500765,520,366,886,222,68,219,328.77,0.9007,0.6059,0.247804,49,10,95,296.85,0.8969,0.1711,0.016963,4.447
500769,520,442,962,221,16,162,344.95,0.9680,0.5379,0.183539,2,1,69,266.23,0.9970,0.0822,0.004642,4.274
500770,520,281,801,251,96,238,331.20,0.9818,0.6939,0.350508,28,67,55,170.77,0.5949,0.2530,0.045369,4.200
500775,520,257,777,246,125,197,345.27,0.8792,0.7071,0.382938,49,70,41,137.39,0.4800,0.2723,0.051933,4.247
500776,520,398,918,242,46,121,4.63,0.9234,0.5771,0.222149,59,5,50,336.13,0.8098,0.1430,0.012688,4.341
500778,520,299,819,244,93,223,333.61,0.9389,0.6711,0.323921,31,52,89,260.99,0.5514,0.2280,0.034684,4.415
500784,520,399,919,186,72,250,310.31,0.9631,0.5770,0.219769,41,9,79,297.57,0.8695,0.1421,0.012313,4.329
500793,520,458,978,157,92,198,310.61,0.6676,0.5277,0.189002,4,14,21,237.02,0.4985,0.0639,0.003940,4.431
500801,520,420,940,228,4,178,341.59,0.9944,0.5572,0.197978,27,19,44,296.77,0.4912,0.1091,0.008806,4.217
500809,520,365,885,234,44,224,330.66,0.9618,0.6103,0.246782,11,39,79,257.99,0.7820,0.1744,0.020866,4.188
500820,520,417,937,230,50,154,350.84,0.8852,0.5694,0.214400,6,30,49,245.62,0.7084,0.1244,0.011890,4.272
500822,520,331,851,224,79,246,322.12,0.9562,0.6378,0.280950,27,48,62,238.93,0.4055,0.1965,0.026946,4.301
500829,520,424,944,217,13,213,329.34,0.9871,0.5602,0.198458,22,23,32,279.76,0.2037,0.1061,0.008876,4.220
500831,520,346,866,240,70,205,337.51,0.9123,0.6297,0.273161,39,47,45,178.70,0.1141,0.1950,0.026538,4.222
500832,520,464,984,220,39,85,13.61,0.9141,0.5181,0.173252,12,5,17,311.31,0.4828,0.0488,0.002272,4.271
500835,520,421,941,231,17,158,348.54,0.9733,0.5557,0.198613,40,21,0,68.29,1.0000,0.1148,0.009875,4.152
500836,520,333,853,196,123,202,324.23,0.6073,0.6366,0.301670,35,51,42,159.65,0.2792,0.2023,0.028921,4.456
500878,520,419,939,240,46,43,27.66,0.9591,0.5571,0.206570,53,1,14,12.29,0.9525,0.1094,0.008104,4.416
500887,520,458,978,214,69,15,37.30,0.9690,0.5262,0.185893,5,14,13,187.64,0.3696,0.0615,0.003754,4.388
500890,520,477,997,174,0,245,310.26,1.0000,0.5109,0.155922,3,1,4,316.91,0.5138,0.0217,0.000498,4.078
500919,520,332,852,249,13,253,327.47,0.9971,0.6437,0.275224,14,51,70,235.00,0.6975,0.2035,0.029031,4.115
500929,520,375,895,237,81,121,8.71,0.8343,0.6015,0.252728,13,42,40,189.11,0.6055,0.1591,0.018946,4.391
500930,520,292,812,244,89,247,327.04,0.9696,0.6802,0.330958,74,48,32,52.16,0.4203,0.2373,0.036742,4.392
500939,520,465,985,201,16,202,328.04,0.9728,0.5248,0.170542,0,13,6,162.80,1.0000,0.0526,0.003010,4.160
500942,520,449,969,198,8,231,320.03,0.9928,0.5394,0.179505,18,7,33,300.38,0.6547,0.0687,0.003904,4.258
500960,520,27,547,233,251,237,152.38,0.6621,0.9662,0.924319,16,133,11,142.36,0.9943,0.4626,0.169087,4.447
500969,520,415,935,204,73,200,329.04,0.8136,0.5704,0.217743,38,25,14,60.87,0.4003,0.1238,0.011391,4.361
500984,520,430,950,222,33,177,340.76,0.9325,0.5547,0.197941,5,14,62,267.25,0.9211,0.0970,0.006941,4.354
500985,520,410,930,155,102,233,299.52,0.7961,0.5671,0.223547,18,33,20,147.74,0.4636,0.1265,0.012668,4.365
500999,520,480,1000,164,26,254,304.98,0.9952,0.5122,0.157877,0,0,0,0.00,0.0000,0.0000,0.000000,4.158
501007,520,430,950,205,15,233,321.38,0.9879,0.5544,0.192057,22,24,19,125.07,0.1353,0.1035,0.008709,4.123
501024,520,371,891,208,76,250,316.74,0.9685,0.6132,0.254824,52,34,26,44.89,0.3237,0.1689,0.019488,4.387
501028,520,373,893,235,57,196,338.67,0.9150,0.6047,0.245766,24,25,93,274.32,0.8592,0.1631,0.016797,4.428
501057,520,388,908,235,10,213,333.68,0.9935,0.5920,0.226861,19,32,64,265.46,0.5936,0.1478,0.015416,4.232
501059,520,411,931,250,41,42,27.39,0.9800,0.5742,0.220807,6,25,65,262.35,0.8546,0.1240,0.011156,4.428
501065,520,473,993,172,48,234,310.81,0.9228,0.5199,0.168260,9,0,4,347.45,1.0000,0.0263,0.000669,4.308
501076,520,454,974,166,71,227,308.91,0.8496,0.5296,0.181602,23,11,1,68.30,0.8077,0.0689,0.004237,4.270
501078,520,74,594,246,222,217,31.66,0.5466,0.9054,0.768459,27,115,89,168.38,0.8871,0.4189,0.132152,4.493
501087,520,476,996,198,17,191,330.26,0.9623,0.5122,0.161700,4,1,5,320.09,0.5789,0.0237,0.000585,4.185
501100,520,471,991,228,31,26,28.67,0.9753,0.5210,0.175515,1,6,15,249.90,0.6923,0.0397,0.001712,4.361
501105,520,412,932,221,16,219,328.82,0.9866,0.5721,0.208595,26,1,81,284.29,0.9896,0.1169,0.008354,4.431
501141,520,372,892,230,18,247,324.43,0.9928,0.6080,0.239734,6,24,110,265.57,0.9622,0.1724,0.018176,4.250
501143,520,374,894,224,68,202,334.22,0.8750,0.5991,0.242481,29,12,105,278.15,0.9510,0.1625,0.015440,4.469
501146,520,360,880,219,80,226,325.83,0.8856,0.6183,0.262903,57,30,56,328.32,0.4636,0.1799,0.020840,4.417
501148,520,431,951,228,63,52,28.47,0.9108,0.5494,0.202998,49,5,0,34.33,1.0000,0.1037,0.007616,4.391
501151,520,421,941,249,0,14,28.40,1.0000,0.5556,0.201751,8,24,45,255.90,0.6247,0.1063,0.008943,4.271
501165,520,401,921,179,80,255,306.44,1.0000,0.5809,0.225418,15,33,52,251.22,0.5253,0.1394,0.014371,4.279
501166,520,401,921,221,79,141,356.75,0.7587,0.5774,0.228896,17,21,87,271.66,0.9012,0.1443,0.013435,4.397
501168,520,394,914,247,28,155,353.13,0.9684,0.5895,0.229746,37,23,53,303.89,0.5141,0.1356,0.012632,4.467
501172,520,339,859,245,65,215,335.78,0.9469,0.6392,0.281022,49,23,112,288.37,0.8475,0.2047,0.024356,4.452
501204,520,439,959,174,66,241,308.84,0.9162,0.5462,0.192468,17,2,62,282.68,0.9680,0.0862,0.005104,4.400
501205,520,414,934,208,30,242,319.93,0.9763,0.5717,0.207510,3,22,69,262.81,0.9340,0.1195,0.010228,4.276
501236,520,353,873,238,67,191,341.21,0.8948,0.6161,0.259558,21,42,73,258.05,0.5876,0.1827,0.022963,4.243
501243,520,444,964,181,55,230,314.24,0.9035,0.5364,0.182704,19,19,4,108.99,0.6127,0.0835,0.006130,4.146
501255,520,443,963,199,1,235,319.43,0.9992,0.5429,0.181636,16,9,50,283.61,0.7928,0.0841,0.005358,4.184
501260,520,414,934,249,8,87,14.47,0.9944,0.5660,0.210051,45,18,6,44.18,0.6868,0.1178,0.010037,4.331
501275,520,415,935,193,92,177,333.73,0.6620,0.5663,0.221675,39,24,14,54.27,0.4092,0.1229,0.011164,4.442
501283,520,370,890,249,43,179,346.60,0.9568,0.6116,0.251254,63,28,30,17.70,0.4898,0.1744,0.019812,4.315
501318,520,464,984,206,45,153,345.05,0.8419,0.5201,0.173006,8,9,0,113.45,1.0000,0.0483,0.002470,4.250
501326,520,416,936,219,62,167,344.25,0.8283,0.5659,0.212977,51,14,9,30.29,0.7307,0.1223,0.010377,4.356
501362,520,452,972,182,61,211,319.11,0.8456,0.5294,0.179869,14,5,48,284.22,0.8671,0.0736,0.004153,4.245
501377,520,332,852,229,108,151,359.64,0.7153,0.6361,0.296199,27,45,84,263.87,0.5920,0.2028,0.027498,4.467
501389,520,468,988,176,7,249,309.91,0.9950,0.5193,0.162226,10,5,8,340.32,0.2585,0.0433,0.001906,4.089
501406,520,364,884,232,76,174,345.91,0.8340,0.6068,0.253833,74,4,52,345.13,0.8537,0.1737,0.017908,4.474
501407,520,412,932,255,23,7,29.71,1.0000,0.5739,0.218920,40,25,0,78.62,1.0000,0.1242,0.011464,4.375
501409,520,408,928,201,79,201,327.70,0.7909,0.5736,0.222281,19,20,77,274.53,0.8461,0.1328,0.011745,4.410
501415,520,453,973,191,97,13,53.37,0.9345,0.5287,0.196565,12,17,12,144.98,0.2166,0.0741,0.005056,4.478
501422,520,462,982,157,61,254,301.02,0.9927,0.5289,0.176617,4,9,9,195.96,0.2734,0.0476,0.002409,4.324
501433,520,38,558,238,248,175,114.54,0.8534,0.9471,0.884072,11,129,32,144.49,0.9940,0.4501,0.158753,4.475
501439,520,199,719,226,179,133,65.60,0.5440,0.7655,0.501038,14,90,42,150.25,0.9706,0.3210,0.075725,4.383
501460,520,454,974,233,10,44,24.33,0.9934,0.5253,0.177257,12,13,25,279.58,0.3453,0.0698,0.004362,4.180
501461,520,407,927,233,53,134,358.93,0.8800,0.5694,0.215940,27,4,84,283.51,0.9636,0.1254,0.009599,4.462
501463,520,470,990,178,25,245,311.03,0.9770,0.5242,0.167538,8,0,26,295.61,1.0000,0.0382,0.001262,4.244
501480,520,447,967,171,74,224,311.15,0.8339,0.5381,0.189381,18,7,51,287.01,0.8245,0.0837,0.005196,4.337
501495,520,422,942,188,78,206,321.80,0.7853,0.5555,0.205976,7,29,17,157.27,0.7260,0.1067,0.009643,4.292
501496,520,458,978,202,26,197,329.64,0.9460,0.5269,0.173284,9,11,25,276.09,0.4272,0.0632,0.003676,4.160
501503,520,393,913,201,69,244,316.39,0.9384,0.5910,0.232068,11,27,79,266.12,0.8655,0.1446,0.014194,4.394
501517,520,462,982,218,61,45,29.83,0.9077,0.5268,0.184349,22,3,5,14.16,0.6732,0.0522,0.002467,4.467
501523,520,333,853,252,39,228,333.84,0.9870,0.6414,0.277511,79,16,66,337.61,0.7526,0.2028,0.024264,4.410
501529,520,402,922,245,26,137,358.49,0.9681,0.5777,0.219607,64,1,15,15.70,0.9723,0.1341,0.011464,4.386
501531,520,418,938,240,45,62,23.24,0.9514,0.5588,0.207531,36,15,59,302.24,0.7057,0.1242,0.010325,4.269
501545,520,383,903,243,27,192,341.18,0.9755,0.5992,0.236474,23,9,105,274.68,0.9727,0.1546,0.013974,4.478
501553,520,422,942,225,23,185,338.97,0.9649,0.5603,0.201257,7,26,48,253.63,0.6728,0.1132,0.009973,4.189
501576,520,445,965,239,9,79,15.78,0.9921,0.5435,0.191139,29,2,47,307.80,0.8959,0.0850,0.005099,4.376
501583,520,453,973,201,52,169,338.20,0.8226,0.5254,0.177399,9,10,37,276.84,0.6816,0.0692,0.004087,4.204
501605,520,477,997,206,58,104,6.57,0.7937,0.5124,0.171496,3,0,12,296.66,1.0000,0.0224,0.000459,4.390
501611,520,443,963,209,41,183,335.67,0.8929,0.5390,0.185621,30,8,9,19.00,0.5591,0.0756,0.004694,4.308
501614,520,445,965,219,14,167,342.86,0.9723,0.5361,0.181666,23,2,52,295.82,0.9285,0.0818,0.004735,4.232
501629,520,387,907,222,99,73,33.49,0.7775,0.5901,0.249367,14,42,8,140.28,0.9356,0.1508,0.017668,4.424
501631,520,449,969,224,58,63,24.30,0.8993,0.5379,0.192350,26,7,17,348.82,0.5217,0.0702,0.004121,4.478
501632,520,432,952,179,62,243,310.26,0.9308,0.5507,0.195009,5,29,1,139.62,0.9876,0.1021,0.009132,4.143
501642,520,444,964,227,48,95,11.97,0.8951,0.5414,0.192738,9,20,23,216.84,0.3328,0.0838,0.006202,4.319
501650,520,359,879,242,56,203,338.30,0.9363,0.6200,0.260203,44,31,78,293.07,0.6009,0.1797,0.020655,4.390
501671,520,448,968,203,77,124,0.23,0.6995,0.5371,0.194614,20,15,22,316.25,0.2141,0.0803,0.005483,4.409
501673,520,26,546,227,254,228,146.24,0.8745,0.9657,0.928152,37,131,49,145.10,0.9586,0.4640,0.168470,4.477
501674,520,387,907,217,65,205,331.38,0.8730,0.5861,0.229422,44,22,59,309.64,0.5912,0.1472,0.014251,4.349
501685,520,456,976,199,22,211,325.09,0.9655,0.5298,0.174208,17,1,35,302.01,0.9178,0.0572,0.002622,4.261
501686,520,324,844,236,98,185,344.57,0.8259,0.6460,0.300735,16,47,92,258.14,0.7630,0.2089,0.029157,4.431
501691,520,449,969,187,31,248,312.84,0.9728,0.5435,0.183233,11,6,44,281.21,0.8364,0.0691,0.003832,4.333
501717,520,367,887,247,30,190,342.67,0.9740,0.6068,0.244236,40,25,83,289.94,0.7178,0.1678,0.017709,4.346
501725,520,456,976,222,31,132,355.85,0.9208,0.5323,0.181781,16,10,11,7.25,0.1727,0.0614,0.003514,4.331
501743,520,445,965,213,66,110,6.62,0.7819,0.5364,0.191707,10,21,0,129.77,1.0000,0.0805,0.006008,4.316
501751,520,431,951,220,49,154,348.44,0.8621,0.5499,0.197478,21,15,53,285.33,0.6903,0.1017,0.007581,4.298
501762,520,401,921,215,59,204,331.12,0.8827,0.5765,0.219367,50,26,4,60.26,0.7810,0.1427,0.014258,4.192
501767,520,425,945,125,107,246,284.79,0.8915,0.5550,0.215288,24,23,41,285.60,0.3626,0.1131,0.009671,4.446
501783,520,333,853,218,87,246,320.12,0.9479,0.6379,0.283774,35,48,56,235.54,0.2279,0.1993,0.027567,4.303
501787,520,249,769,251,136,150,13.27,0.8847,0.7164,0.403223,13,65,123,254.91,0.8629,0.2827,0.052959,4.402
501799,520,424,944,214,48,199,332.29,0.9022,0.5626,0.205357,16,3,78,276.09,0.9811,0.1065,0.007253,4.460
501804,520,374,894,219,29,255,319.91,1.0000,0.5993,0.231608,53,12,76,309.84,0.8091,0.1600,0.015417,4.305
501811,520,431,951,234,8,142,354.22,0.9882,0.5524,0.196221,29,0,61,297.90,1.0000,0.0955,0.005981,4.398
501815,520,310,830,223,96,245,321.49,0.9421,0.6559,0.306481,35,52,77,257.89,0.4095,0.2226,0.033490,4.270
501816,520,478,998,209,13,161,342.29,0.9652,0.5133,0.164186,0,1,11,262.64,1.0001,0.0210,0.000459,4.245
501822,520,452,972,125,89,249,287.73,0.9423,0.5254,0.183440,19,7,26,311.92,0.5617,0.0654,0.003650,4.351
501836,520,354,874,249,77,123,8.88,0.9306,0.6192,0.268809,29,43,49,226.29,0.2517,0.1763,0.022107,4.421
501848,520,432,952,239,42,62,22.83,0.9549,0.5546,0.203577,41,10,14,15.36,0.6334,0.0987,0.007203,4.433
501872,520,426,946,241,18,121,2.80,0.9781,0.5612,0.205171,36,3,62,304.07,0.9113,0.1106,0.007880,4.409
501877,520,425,945,165,85,238,304.71,0.8668,0.5559,0.206699,25,9,69,286.13,0.8718,0.1121,0.008317,4.402
501890,520,460,980,135,90,237,292.94,0.8509,0.5272,0.185776,8,4,38,280.92,0.8596,0.0574,0.002784,4.467
501897,520,477,997,226,12,10,29.00,0.9933,0.5082,0.164566,4,0,4,328.36,1.0000,0.0191,0.000346,4.262
501914,520,453,973,228,8,100,7.47,0.9876,0.5253,0.175907,7,12,28,268.37,0.5074,0.0655,0.003919,4.190
501917,520,476,996,163,72,210,311.96,0.7934,0.5136,0.170751,3,1,8,299.53,0.6793,0.0239,0.000586,4.364
501927,520,465,985,224,37,76,16.97,0.9348,0.5229,0.176950,5,6,19,276.83,0.5027,0.0457,0.002095,4.356
501935,520,347,867,253,76,135,4.82,0.9727,0.6290,0.278042,3,45,79,248.65,0.8966,0.1884,0.024605,4.397
501941,520,472,992,221,43,76,17.40,0.9140,0.5210,0.176244,6,0,16,304.05,1.0000,0.0289,0.000761,4.457
501965,520,428,948,198,28,252,315.11,0.9864,0.5627,0.198660,30,15,36,315.73,0.4898,0.0996,0.007451,4.328
501972,520,437,957,201,51,217,323.67,0.9058,0.5548,0.197966,10,24,12,147.65,0.5563,0.0920,0.007443,4.317
501977,520,344,864,250,18,228,333.37,0.9934,0.6301,0.263612,58,38,17,65.69,0.5516,0.1857,0.023263,4.281
501995,520,385,905,215,57,229,324.39,0.9276,0.5910,0.230324,17,33,64,262.27,0.6120,0.1491,0.015770,4.262
502002,520,368,888,252,23,175,347.93,0.9822,0.6063,0.244068,36,3,112,282.10,0.9862,0.1698,0.016100,4.449
502039,520,408,928,240,61,10,34.14,0.9903,0.5680,0.218879,43,6,67,307.24,0.8595,0.1296,0.010491,4.445
502044,520,434,954,223,58,114,5.37,0.8389,0.5480,0.199316,15,12,64,276.52,0.8725,0.1021,0.007346,4.348
502047,520,448,968,237,36,5,31.02,0.9955,0.5420,0.192805,20,18,14,84.57,0.1319,0.0845,0.006130,4.326
502055,520,441,961,225,53,98,11.26,0.8725,0.5425,0.194383,37,6,35,330.50,0.7186,0.0948,0.006450,4.329
502077,520,464,984,227,41,17,30.87,0.9805,0.5247,0.179602,16,3,20,318.87,0.6717,0.0501,0.002258,4.394
502110,520,378,898,230,86,128,5.64,0.7780,0.5977,0.250397,39,37,33,84.59,0.0807,0.1620,0.018643,4.376
502115,520,415,935,246,50,9,32.24,0.9930,0.5704,0.218973,0,30,54,246.17,1.0000,0.1250,0.011948,4.342
502119,520,464,984,212,58,95,11.45,0.8198,0.5213,0.178517,4,12,0,132.22,1.0000,0.0518,0.002887,4.321
502136,520,443,963,219,53,122,0.76,0.8401,0.5383,0.190139,13,13,34,280.95,0.5237,0.0760,0.004889,4.375
502142,520,393,913,223,27,235,325.40,0.9814,0.5904,0.224722,40,23,60,302.87,0.5807,0.1445,0.013902,4.299
502162,520,401,921,159,100,245,299.11,0.8805,0.5773,0.230781,64,0,45,344.22,1.0000,0.1447,0.012796,4.471
502166,520,357,877,236,6,251,325.00,0.9982,0.6187,0.249307,29,19,115,275.46,0.9409,0.1836,0.019647,4.298
502185,520,463,983,238,13,7,29.26,0.9944,0.5344,0.184837,6,7,22,277.43,0.5198,0.0505,0.002486,4.474
502197,520,373,893,236,62,167,348.42,0.8770,0.5964,0.240710,51,30,43,342.34,0.3418,0.1643,0.018068,4.271
502209,520,412,932,245,6,137,357.97,0.9938,0.5722,0.213522,4,19,75,265.14,0.9353,0.1201,0.009995,4.392
502214,520,440,960,239,5,110,5.77,0.9941,0.5505,0.195883,15,5,60,280.21,0.9272,0.0870,0.005363,4.441
502223,520,419,939,223,82,53,33.42,0.8705,0.5634,0.219822,26,27,3,111.56,0.8003,0.1122,0.010101,4.490
502231,520,474,994,177,19,249,310.02,0.9855,0.5240,0.166534,1,3,15,265.40,0.7735,0.0314,0.001061,4.241
502235,520,453,973,228,49,31,30.20,0.9568,0.5339,0.187925,14,15,14,145.46,0.0405,0.0714,0.004667,4.352
502238,520,478,998,193,36,194,327.89,0.9033,0.5144,0.164959,6,0,8,321.50,1.0000,0.0244,0.000563,4.251
502239,520,415,935,245,48,61,24.10,0.9535,0.5710,0.218667,43,19,24,7.51,0.4319,0.1209,0.010454,4.444
502241,520,322,842,234,99,202,337.78,0.8457,0.6523,0.306827,37,53,40,149.97,0.3123,0.2094,0.030927,4.409
502258,520,371,891,170,118,222,305.61,0.6939,0.6063,0.267773,29,46,13,132.04,0.7657,0.1745,0.022442,4.387
502260,520,409,929,238,18,153,351.66,0.9763,0.5675,0.209127,17,16,80,273.89,0.9061,0.1277,0.010689,4.270
502264,520,462,982,173,48,244,308.93,0.9452,0.5300,0.175306,12,4,26,298.54,0.6932,0.0517,0.002396,4.300
502275,520,478,998,220,39,1,32.04,0.9987,0.5081,0.166716,2,0,4,311.99,1.0000,0.0155,0.000217,4.316
502278,520,372,892,246,38,187,343.45,0.9607,0.6072,0.245701,73,17,6,33.39,0.8905,0.1705,0.018308,4.329
502302,520,387,907,221,33,236,324.61,0.9747,0.5903,0.225181,6,39,43,206.61,0.7621,0.1480,0.016641,4.129
502307,520,418,938,154,92,241,299.15,0.8670,0.5553,0.208754,56,2,25,0.95,0.8856,0.1207,0.009545,4.346
502311,520,464,984,209,25,171,339.23,0.9336,0.5231,0.171930,1,7,26,260.30,0.8562,0.0484,0.002330,4.241
502317,520,407,927,227,11,193,337.11,0.9876,0.5652,0.204231,20,20,73,275.97,0.8090,0.1294,0.011300,4.147
502339,520,431,951,228,47,118,3.40,0.8866,0.5494,0.198378,3,14,63,265.48,0.9371,0.0968,0.006923,4.363
502346,520,278,798,233,127,190,344.83,0.7436,0.6887,0.362222,4,68,61,183.15,0.9536,0.2505,0.044968,4.341
502349,520,440,960,204,62,181,335.18,0.8119,0.5471,0.196207,28,11,41,307.86,0.6361,0.0931,0.006463,4.360
502375,520,440,960,244,19,3,29.77,0.9978,0.5490,0.197089,8,25,16,159.00,0.5767,0.0948,0.007843,4.272
502409,520,479,999,215,3,130,354.16,0.9916,0.5079,0.161264,2,0,3,318.71,1.0000,0.0147,0.000195,4.209
502422,520,414,934,225,22,203,333.93,0.9750,0.5707,0.208956,24,10,72,283.64,0.8806,0.1157,0.008791,4.405
502423,520,457,977,221,56,66,22.84,0.8932,0.5305,0.185965,8,15,1,127.64,0.8904,0.0629,0.003955,4.373
502427,520,314,834,213,114,231,321.28,0.8309,0.6594,0.319517,13,52,93,253.04,0.7839,0.2224,0.033317,4.435
502434,520,413,933,254,10,21,28.18,0.9966,0.5687,0.213459,15,24,63,269.69,0.7185,0.1247,0.011137,4.309
502436,520,472,992,232,16,13,28.98,0.9914,0.5225,0.175586,3,3,16,278.98,0.6465,0.0343,0.001219,4.404
502439,520,441,961,200,2,230,320.84,0.9982,0.5408,0.180376,21,20,16,95.47,0.1169,0.0911,0.006972,4.044
502452,520,465,985,205,73,34,36.38,0.8965,0.5155,0.178619,4,9,19,258.54,0.4579,0.0516,0.002682,4.340
502463,520,465,985,145,88,221,300.19,0.7762,0.5224,0.182199,16,3,12,338.51,0.5837,0.0464,0.002018,4.464
502477,520,422,942,237,54,72,21.54,0.9243,0.5615,0.211139,21,27,0,120.36,1.0000,0.1067,0.009433,4.394
502481,520,400,920,170,90,254,302.67,0.9873,0.5820,0.230146,49,23,17,33.99,0.4921,0.1369,0.013063,4.442
502482,520,417,937,221,87,42,38.03,0.8887,0.5658,0.223582,0,33,33,194.77,1.0000,0.1215,0.011975,4.414
502517,520,400,920,249,39,83,17.38,0.9647,0.5768,0.222189,60,13,4,34.02,0.8879,0.1378,0.012574,4.350
502547,520,396,916,227,60,160,348.64,0.8508,0.5750,0.221033,29,28,55,283.62,0.4528,0.1392,0.013675,4.256
502574,520,459,979,199,47,192,330.15,0.8708,0.5314,0.179826,10,7,31,284.99,0.6545,0.0597,0.003154,4.324
502580,520,391,911,218,29,241,322.75,0.9802,0.5871,0.221370,59,8,48,338.30,0.7692,0.1451,0.013170,4.296
502582,520,444,964,202,81,107,9.85,0.6823,0.5354,0.195049,25,11,33,311.95,0.5439,0.0840,0.005558,4.411
502583,520,437,957,245,5,56,22.20,0.9971,0.5515,0.198101,28,19,8,71.39,0.4371,0.0947,0.007302,4.330
502591,520,476,996,192,54,163,337.73,0.7936,0.5080,0.164908,1,1,15,273.08,0.9139,0.0250,0.000626,4.245
502593,520,455,975,229,36,82,15.40,0.9405,0.5339,0.185319,15,3,36,295.65,0.8290,0.0600,0.002941,4.445
502596,520,465,985,153,87,200,308.92,0.6952,0.5154,0.177593,9,7,21,289.17,0.4657,0.0526,0.002642,4.323
502602,520,415,935,238,58,61,25.34,0.9282,0.5653,0.215433,29,27,16,99.08,0.2940,0.1181,0.010825,4.364
502609,520,433,953,218,2,196,334.08,0.9972,0.5485,0.189367,36,12,25,348.35,0.5195,0.0973,0.007082,4.193
502611,520,374,894,207,67,240,319.17,0.9270,0.5951,0.235726,13,9,114,268.72,0.9872,0.1609,0.014957,4.399
502615,520,448,968,230,12,120,0.97,0.9804,0.5367,0.184449,21,14,24,315.55,0.2953,0.0802,0.005395,4.232
502624,520,476,996,148,57,255,298.19,1.0000,0.5141,0.164424,0,2,6,247.65,1.0000,0.0221,0.000566,4.241
502626,520,466,986,225,35,27,28.93,0.9686,0.5171,0.172916,13,4,20,309.95,0.6032,0.0491,0.002229,4.268
502642,520,375,895,226,39,236,325.80,0.9703,0.6017,0.236782,22,42,20,142.10,0.6297,0.1577,0.018770,4.170
502652,520,426,946,238,59,30,31.85,0.9634,0.5630,0.214020,51,7,17,11.94,0.7707,0.1143,0.008964,4.478
502653,520,406,926,247,50,96,14.28,0.9448,0.5830,0.229033,19,35,19,144.29,0.5221,0.1332,0.013875,4.368
502659,520,395,915,216,26,254,319.41,0.9959,0.5925,0.224954,52,13,57,322.97,0.7233,0.1441,0.013134,4.355
502664,520,391,911,232,87,37,37.95,0.9280,0.5853,0.241086,6,41,41,195.01,0.7886,0.1535,0.017846,4.290
502670,520,446,966,202,71,146,348.63,0.7328,0.5362,0.191402,25,14,3,69.10,0.6391,0.0783,0.005273,4.367
502675,520,355,875,227,103,144,1.50,0.7142,0.6226,0.280474,18,48,43,181.17,0.5677,0.1820,0.024168,4.456
502676,520,374,894,232,32,222,330.71,0.9743,0.5992,0.234653,34,27,74,285.81,0.6455,0.1570,0.016183,4.301
502679,520,297,817,203,130,248,311.23,0.8993,0.6835,0.354400,69,55,13,89.90,0.7683,0.2450,0.040268,4.480
502683,520,306,826,242,95,214,335.87,0.9160,0.6657,0.319193,15,60,66,207.77,0.7278,0.2297,0.037265,4.231
502692,520,390,910,245,12,181,344.58,0.9906,0.5929,0.230148,30,4,99,281.26,0.9773,0.1476,0.012637,4.473
502706,520,466,986,164,41,250,305.22,0.9744,0.5171,0.163812,4,9,16,250.86,0.3879,0.0502,0.002586,4.066
502715,520,364,884,240,92,60,33.83,0.9045,0.6091,0.265088,34,39,55,270.88,0.2664,0.1724,0.020669,4.459
502724,520,470,990,171,33,250,307.68,0.9762,0.5222,0.166486,9,5,11,315.96,0.3170,0.0434,0.001908,4.171
502725,520,344,864,245,33,234,330.82,0.9841,0.6301,0.264436,73,5,77,325.59,0.8727,0.1893,0.020610,4.453
502731,520,443,963,161,81,228,305.88,0.8280,0.5372,0.190639,20,10,39,295.97,0.6421,0.0805,0.005123,4.365
502738,520,312,832,227,105,229,326.89,0.8716,0.6645,0.320931,38,54,53,191.34,0.2180,0.2181,0.033074,4.465
502739,520,384,904,231,40,205,334.92,0.9508,0.5909,0.229169,42,32,34,4.81,0.1536,0.1528,0.016408,4.204
502744,520,470,990,170,31,249,307.65,0.9725,0.5187,0.163664,10,0,25,301.48,1.0000,0.0395,0.001347,4.161
502748,520,478,998,219,34,83,13.67,0.9283,0.5123,0.168313,4,1,5,320.09,0.5789,0.0237,0.000585,4.316
502758,520,358,878,237,105,34,44.26,0.9367,0.6211,0.282260,10,47,59,223.77,0.7324,0.1832,0.024132,4.482
502778,520,445,965,199,55,190,330.73,0.8411,0.5370,0.185939,20,6,50,290.93,0.8275,0.0831,0.005093,4.283
502787,520,432,952,218,24,194,334.68,0.9618,0.5531,0.194560,21,1,74,282.24,0.9890,0.1030,0.006755,4.309
502813,520,441,961,216,76,66,27.66,0.8288,0.5441,0.201636,44,4,11,14.70,0.8203,0.0944,0.006466,4.456
502826,520,370,890,223,99,133,5.25,0.7007,0.6063,0.263074,21,39,66,258.29,0.5387,0.1693,0.020037,4.470
502831,520,388,908,200,62,250,315.05,0.9710,0.5872,0.226281,7,44,9,143.95,0.9657,0.1547,0.018662,4.024
502832,520,456,976,201,9,206,327.01,0.9862,0.5259,0.170709,15,11,17,314.39,0.2102,0.0645,0.003814,4.101
502838,520,418,938,238,51,69,22.03,0.9340,0.5604,0.209777,17,14,79,274.56,0.9155,0.1234,0.009977,4.331
502857,520,461,981,197,69,148,346.10,0.7299,0.5260,0.182664,15,2,17,323.29,0.7079,0.0450,0.001855,4.487
502861,520,368,888,237,61,197,338.95,0.9120,0.6121,0.253760,4,50,12,145.71,0.9838,0.1748,0.023335,4.142
502867,520,371,891,237,65,179,344.76,0.8833,0.6065,0.250426,50,17,85,301.04,0.7979,0.1699,0.017349,4.461
502874,520,412,932,209,40,225,324.05,0.9484,0.5660,0.205110,0,6,94,264.21,0.9921,0.1230,0.009383,4.296
502876,520,467,987,230,16,13,28.98,0.9911,0.5182,0.172257,5,4,10,293.02,0.3437,0.0364,0.001410,4.323
502878,520,457,977,193,67,181,331.82,0.7750,0.5341,0.186895,10,13,7,128.59,0.2638,0.0612,0.003677,4.413
502906,520,430,950,227,65,17,35.11,0.9754,0.5468,0.201548,45,5,14,11.60,0.7841,0.0987,0.006982,4.414
502907,520,431,951,178,72,230,312.26,0.8636,0.5501,0.198138,37,4,45,319.12,0.8085,0.0986,0.006697,4.377
502908,520,393,913,254,26,122,4.92,0.9919,0.5906,0.232184,20,27,71,272.09,0.7085,0.1421,0.013875,4.418
502909,520,361,881,230,35,253,322.96,0.9926,0.6185,0.251192,0,22,119,263.97,1.0037,0.1787,0.019056,4.362
502919,520,419,939,212,54,199,331.75,0.8823,0.5639,0.207609,11,30,14,147.57,0.6834,0.1112,0.010314,4.271
502941,520,368,888,186,99,247,308.72,0.9143,0.6104,0.260790,14,47,27,154.05,0.7974,0.1714,0.022054,4.313
502979,520,431,951,208,62,170,340.17,0.8048,0.5480,0.197594,6,20,47,261.41,0.7298,0.0965,0.007442,4.310
502981,520,469,989,181,59,207,319.96,0.8414,0.5229,0.174579,10,3,2,34.33,0.4620,0.0358,0.001340,4.374
502987,520,425,945,204,45,228,321.86,0.9385,0.5631,0.203173,5,17,72,266.30,0.9333,0.1135,0.009010,4.290
502999,520,411,931,212,73,179,338.52,0.7907,0.5717,0.220188,57,5,12,19.07,0.8763,0.1229,0.010051,4.499
503006,520,360,880,238,73,177,346.13,0.8694,0.6153,0.261193,64,27,44,352.94,0.5083,0.1794,0.020559,4.410
503010,520,386,906,238,47,177,344.91,0.9257,0.5928,0.233874,36,30,46,301.39,0.2853,0.1460,0.015009,4.367
503014,520,394,914,204,54,252,316.05,0.9840,0.5879,0.225055,9,23,84,266.89,0.9175,0.1405,0.013109,4.358
503016,520,344,864,232,100,166,351.63,0.7689,0.6344,0.290258,16,48,67,238.06,0.6375,0.1934,0.026292,4.460
503018,520,397,917,213,88,145,354.49,0.6956,0.5775,0.231720,47,28,10,62.22,0.5966,0.1435,0.014568,4.363
503022,520,348,868,246,25,236,330.59,0.9901,0.6302,0.263471,45,44,20,106.51,0.4891,0.1851,0.024098,4.231
503041,520,333,853,236,55,247,325.51,0.9720,0.6360,0.272831,7,56,34,158.57,0.9369,0.2013,0.029889,4.041
503060,520,334,854,246,100,98,23.82,0.9054,0.6373,0.295921,8,47,83,250.91,0.8124,0.1988,0.027090,4.487
503073,520,339,859,232,106,159,355.91,0.7463,0.6407,0.299695,51,49,3,106.99,0.9221,0.2044,0.029070,4.423
503075,520,380,900,250,10,182,345.34,0.9934,0.6026,0.239218,20,40,46,219.14,0.3993,0.1595,0.018635,4.214
503077,520,479,999,107,94,236,281.86,0.8628,0.5058,0.171869,0,0,4,264.05,1.0000,0.0106,0.000088,4.430
503078,520,407,927,239,2,160,349.44,0.9976,0.5691,0.209353,51,14,40,341.02,0.6394,0.1330,0.011712,4.203
503080,520,309,829,244,64,249,326.88,0.9799,0.6572,0.297421,70,45,29,53.07,0.4331,0.2233,0.032677,4.202
503092,520,440,960,234,56,5,33.85,0.9944,0.5511,0.203348,21,20,4,105.98,0.6341,0.0881,0.006685,4.469
503101,520,282,802,238,132,140,16.00,0.7327,0.6873,0.365755,16,64,77,219.80,0.7422,0.2484,0.043126,4.464
503102,520,436,956,232,39,103,8.80,0.9257,0.5471,0.195891,13,10,56,277.29,0.8560,0.0891,0.005881,4.400
503104,520,439,959,216,8,198,333.04,0.9891,0.5474,0.188520,9,23,23,195.64,0.3942,0.0920,0.007327,4.161
503105,520,477,997,173,55,216,315.10,0.8691,0.5132,0.165755,6,0,6,328.36,1.0000,0.0233,0.000519,4.271
503114,520,409,929,248,27,76,18.35,0.9783,0.5674,0.212657,4,15,88,265.98,0.9681,0.1287,0.010720,4.326
503118,520,409,929,132,116,237,286.28,0.7977,0.5723,0.235104,16,36,3,134.92,0.9521,0.1313,0.013785,4.470
503125,520,313,833,253,89,174,351.96,0.9718,0.6578,0.310866,1,62,29,152.75,0.9954,0.2190,0.035403,4.225
503131,520,315,835,255,107,73,34.36,1.0000,0.6589,0.322598,9,59,44,168.01,0.8950,0.2152,0.033677,4.453
503180,520,436,956,229,13,161,347.07,0.9796,0.5522,0.195218,8,23,9,145.57,0.6716,0.0871,0.006841,4.314
503189,520,361,881,247,47,197,340.99,0.9534,0.6194,0.258415,38,24,100,283.37,0.8259,0.1812,0.019854,4.415
503190,520,467,987,189,49,201,324.50,0.8684,0.5221,0.172339,20,0,3,10.81,1.0000,0.0412,0.001553,4.313
503208,520,198,718,255,148,221,340.09,1.0000,0.7685,0.476627,13,77,126,247.77,0.8526,0.3184,0.068993,4.426
503216,520,305,825,177,140,245,298.75,0.8095,0.6710,0.346960,2,60,81,229.61,0.9541,0.2346,0.038385,4.491
503237,520,324,844,241,59,245,327.15,0.9674,0.6458,0.284239,85,26,35,14.66,0.6771,0.2137,0.027917,4.290
503248,520,445,965,212,1,202,330.96,0.9986,0.5412,0.182851,16,9,44,286.52,0.7337,0.0788,0.004874,4.243
503257,520,359,879,237,34,235,328.73,0.9804,0.6174,0.251494,4,31,108,263.84,0.9641,0.1824,0.020883,4.253
503260,520,433,953,241,27,13,29.67,0.9898,0.5460,0.195171,10,26,21,171.58,0.4603,0.1005,0.008574,4.186
503261,520,456,976,224,48,58,24.00,0.9267,0.5279,0.182695,24,3,11,356.44,0.6762,0.0571,0.002835,4.404
503264,520,478,998,120,94,227,287.76,0.7983,0.5103,0.175443,0,1,3,247.65,1.0000,0.0159,0.000283,4.484
503275,520,443,963,236,25,34,27.07,0.9833,0.5357,0.186469,13,0,60,279.69,1.0000,0.0770,0.004118,4.370
503278,520,415,935,235,32,168,346.60,0.9493,0.5740,0.215252,57,0,29,355.98,1.0000,0.1218,0.009587,4.452
503298,520,377,897,225,31,244,323.79,0.9819,0.6019,0.235214,45,37,4,95.29,0.8440,0.1630,0.018898,4.140
503308,520,450,970,203,44,191,331.60,0.8849,0.5354,0.182613,14,15,5,112.98,0.4389,0.0689,0.004460,4.271
503327,520,440,960,131,95,254,288.27,0.9871,0.5458,0.201652,5,17,44,262.74,0.7550,0.0864,0.006150,4.482
503329,520,443,963,140,88,253,292.60,0.9768,0.5430,0.196467,34,4,22,346.75,0.7230,0.0796,0.004849,4.494
503330,520,414,934,183,85,230,312.99,0.8402,0.5740,0.222784,17,30,34,219.10,0.3000,0.1220,0.011632,4.426
503331,520,417,937,221,8,218,329.09,0.9934,0.5697,0.206100,20,30,22,150.47,0.2888,0.1196,0.011352,4.174
503357,520,452,972,192,83,138,351.23,0.6394,0.5325,0.192295,11,0,59,277.86,1.0000,0.0742,0.003869,4.498
503365,520,472,992,205,56,132,353.84,0.7921,0.5186,0.174755,1,3,12,263.36,0.6872,0.0298,0.000981,4.409
503370,520,472,992,223,32,72,17.66,0.9481,0.5170,0.171917,3,1,19,283.53,0.8818,0.0303,0.000881,4.361
503376,520,466,986,196,61,165,338.43,0.7780,0.5234,0.177916,18,4,8,359.69,0.5172,0.0499,0.002330,4.355
503380,520,465,985,223,11,117,0.66,0.9779,0.5210,0.172144,7,8,19,278.11,0.3892,0.0520,0.002658,4.219
503393,520,401,921,148,113,230,294.87,0.7511,0.5774,0.238194,48,27,6,62.94,0.7111,0.1421,0.014255,4.485
503397,520,441,961,211,67,127,358.82,0.7673,0.5397,0.193977,20,18,22,307.95,0.1121,0.0873,0.006393,4.326
503431,520,366,886,244,2,211,336.21,0.9989,0.6058,0.239827,0,2,126,264.10,0.9987,0.1669,0.015496,4.425
503438,520,306,826,218,131,168,353.41,0.5740,0.6661,0.339669,22,64,27,145.76,0.8961,0.2323,0.039164,4.370
503453,520,467,987,207,51,132,353.84,0.8142,0.5175,0.173011,8,2,19,300.97,0.7349,0.0386,0.001421,4.337
503460,520,464,984,193,49,189,329.27,0.8505,0.5208,0.172098,6,8,10,244.30,0.1287,0.0474,0.002343,4.243
503473,520,295,815,252,124,31,49.77,0.9743,0.6775,0.352128,31,64,53,169.91,0.5057,0.2443,0.042150,4.364
503498,520,237,757,240,158,46,68.95,0.9123,0.7255,0.431785,14,78,65,175.43,0.8855,0.2874,0.059235,4.411
503499,520,2,522,255,255,255,0.00,0.0000,1.0000,1.000000,56,136,11,138.07,0.9908,0.4838,0.184726,4.473
503520,520,417,937,230,54,136,357.68,0.8682,0.5653,0.212417,32,19,52,299.46,0.5805,0.1206,0.010208,4.359
503531,520,410,930,224,48,178,341.27,0.8948,0.5684,0.211780,29,5,81,286.22,0.9446,0.1250,0.009638,4.389
503558,520,399,919,203,44,247,317.18,0.9639,0.5753,0.212148,1,14,100,264.54,0.9816,0.1417,0.012405,4.201
503560,520,454,974,221,59,67,23.11,0.8844,0.5337,0.189080,23,3,34,311.76,0.7945,0.0679,0.003628,4.458
503567,520,457,977,224,54,39,29.65,0.9352,0.5309,0.186349,11,11,22,283.37,0.3359,0.0631,0.003684,4.403
503573,520,435,955,242,30,47,25.25,0.9783,0.5519,0.200144,12,12,53,275.87,0.8134,0.0887,0.005981,4.468
503579,520,440,960,197,34,232,319.18,0.9590,0.5479,0.188421,40,1,36,332.79,0.8842,0.0929,0.006003,4.257
503580,520,373,893,241,64,150,355.69,0.8825,0.6002,0.245726,42,33,54,303.48,0.3388,0.1650,0.018463,4.319
503581,520,466,986,228,6,96,8.78,0.9909,0.5237,0.174717,21,2,12,347.53,0.7131,0.0508,0.002294,4.297
503588,520,424,944,218,78,93,17.65,0.7747,0.5559,0.211469,2,12,78,265.25,0.9710,0.1105,0.008258,4.488
503590,520,469,989,214,23,138,351.57,0.9337,0.5152,0.167463,4,0,34,277.77,1.0000,0.0410,0.001413,4.230
503594,520,447,967,241,3,68,18.89,0.9978,0.5444,0.191866,2,21,4,146.21,0.9588,0.0760,0.005580,4.352
503599,520,451,971,236,8,109,5.69,0.9897,0.5446,0.191138,10,5,48,278.86,0.8969,0.0703,0.003865,4.477
503602,520,397,917,197,71,232,317.97,0.8857,0.5784,0.222043,24,25,72,277.09,0.7069,0.1417,0.013573,4.279
503604,520,426,946,196,36,243,316.34,0.9649,0.5561,0.194700,42,3,45,325.01,0.8295,0.1056,0.007469,4.258
503617,520,333,853,248,91,145,2.50,0.8995,0.6410,0.294861,38,45,65,269.20,0.3026,0.1983,0.026704,4.496
503624,520,421,941,249,27,21,28.98,0.9870,0.5633,0.209814,13,12,75,272.74,0.9330,0.1130,0.008565,4.436
503630,520,404,924,195,69,235,316.71,0.8977,0.5754,0.218578,25,22,65,281.50,0.6758,0.1299,0.011621,4.359
503634,520,437,957,246,4,22,27.81,0.9983,0.5503,0.197412,2,17,50,260.95,0.9074,0.0895,0.006441,4.384
503635,520,347,867,249,16,224,334.11,0.9938,0.6254,0.258952,71,26,53,345.88,0.5861,0.1942,0.023356,4.212
503636,520,480,1000,225,21,31,27.05,0.9841,0.5102,0.166457,0,0,0,0.00,0.0000,0.0000,0.000000,4.329
503652,520,366,886,242,25,210,336.08,0.9827,0.6069,0.242286,7,5,127,266.19,0.9958,0.1739,0.016859,4.372
503660,520,360,880,232,62,220,331.17,0.9290,0.6175,0.257708,61,31,22,37.50,0.4957,0.1751,0.020301,4.377
503662,520,472,992,220,49,3,33.41,0.9956,0.5162,0.174215,3,4,11,273.42,0.4168,0.0346,0.001304,4.370
503680,520,358,878,231,40,243,325.39,0.9758,0.6156,0.249799,48,22,94,293.96,0.7891,0.1831,0.020104,4.277
503688,520,418,938,209,23,227,323.77,0.9775,0.5592,0.197160,32,3,72,293.76,0.9447,0.1157,0.008401,4.232
503690,520,466,986,211,22,163,342.27,0.9409,0.5212,0.170693,9,4,24,293.29,0.6727,0.0476,0.002109,4.235
503695,520,397,917,239,62,103,12.57,0.8867,0.5794,0.227784,9,26,75,265.21,0.8673,0.1374,0.013048,4.406
503696,520,449,969,207,17,214,326.50,0.9792,0.5443,0.185232,19,12,25,308.32,0.3711,0.0743,0.004716,4.299
503698,520,317,837,252,58,246,329.52,0.9895,0.6639,0.303783,75,30,73,329.19,0.6102,0.2189,0.029056,4.475
503727,520,449,969,209,64,142,351.48,0.7766,0.5386,0.191772,4,2,58,269.61,0.9878,0.0714,0.003747,4.498
503741,520,316,836,228,94,251,321.52,0.9773,0.6645,0.314664,27,52,74,246.75,0.4939,0.2154,0.031833,4.456
503745,520,146,666,247,183,242,329.09,0.9403,0.8329,0.600534,64,96,1,128.71,0.9959,0.3610,0.094578,4.500
503747,520,432,952,229,52,104,9.42,0.8820,0.5511,0.201163,40,4,45,322.65,0.8063,0.1036,0.007275,4.385
503754,520,442,962,201,87,75,28.33,0.7096,0.5351,0.197438,29,5,40,313.35,0.7661,0.0842,0.005230,4.480
503756,520,333,853,240,38,251,325.74,0.9871,0.6352,0.268791,23,54,35,154.94,0.6386,0.2014,0.029417,4.014
503788,520,466,986,200,55,166,339.06,0.8071,0.5248,0.177668,10,7,11,318.33,0.1912,0.0491,0.002407,4.344
503789,520,434,954,218,28,194,334.69,0.9530,0.5547,0.196333,15,10,67,276.46,0.9067,0.1023,0.007239,4.304
503791,520,281,801,242,102,249,325.76,0.9733,0.6940,0.352219,68,56,51,43.88,0.1464,0.2546,0.042964,4.327
503808,520,434,954,211,45,184,335.95,0.8849,0.5460,0.191884,16,5,71,277.60,0.9565,0.1006,0.006736,4.263
503825,520,399,919,229,58,160,348.98,0.8625,0.5769,0.222248,45,14,69,306.13,0.7678,0.1440,0.013017,4.320
503850,520,467,987,196,85,21,44.86,0.9117,0.5165,0.182888,7,2,29,286.91,0.8600,0.0446,0.001773,4.498
503851,520,480,1000,216,15,125,356.45,0.9616,0.5108,0.164238,0,0,0,0.00,0.0000,0.0000,0.000000,4.285
503861,520,436,956,232,55,51,27.20,0.9320,0.5493,0.201302,4,21,30,232.74,0.6450,0.0866,0.006559,4.443
503877,520,435,955,232,36,129,359.25,0.9260,0.5537,0.200055,16,8,56,281.66,0.8578,0.0884,0.005693,4.490
503885,520,435,955,203,79,145,350.35,0.7003,0.5480,0.203347,26,15,31,314.78,0.4080,0.0916,0.006602,4.476
503889,520,445,965,205,69,152,346.71,0.7540,0.5417,0.195043,28,2,46,307.37,0.8934,0.0827,0.004876,4.465
503891,520,452,972,181,29,243,312.24,0.9709,0.5289,0.171746,20,14,5,79.39,0.4440,0.0727,0.004738,4.051
503896,520,352,872,209,91,229,321.62,0.8582,0.6187,0.266962,15,40,93,262.81,0.8229,0.1911,0.024093,4.278
503912,520,427,947,196,31,247,315.58,0.9743,0.5568,0.194325,32,17,22,358.20,0.3175,0.0996,0.007659,4.237
503914,520,411,931,219,46,200,333.32,0.9167,0.5705,0.211864,37,3,65,303.13,0.9192,0.1150,0.008401,4.484
503917,520,459,979,230,43,21,30.66,0.9759,0.5326,0.186079,3,14,9,166.58,0.6056,0.0586,0.003531,4.410
503935,520,319,839,203,110,244,314.38,0.8951,0.6476,0.303812,41,27,130,278.56,0.9046,0.2230,0.028669,4.497
503944,520,419,939,227,60,120,3.96,0.8428,0.5595,0.209214,34,20,34,326.67,0.3572,0.1139,0.009559,4.352
503962,520,375,895,226,13,246,323.72,0.9947,0.5993,0.231127,6,33,79,260.30,0.8831,0.1568,0.016908,4.202
503964,520,133,653,236,202,167,67.70,0.5376,0.8362,0.628651,33,104,21,141.09,0.9734,0.3708,0.102777,4.442
503971,520,384,904,223,17,233,325.93,0.9897,0.5857,0.219743,24,20,85,277.13,0.8571,0.1453,0.013503,4.248
503978,520,474,994,216,42,110,3.77,0.8749,0.5193,0.173831,11,0,3,358.00,1.0000,0.0283,0.000777,4.408
503980,520,198,718,244,157,213,341.30,0.8421,0.7670,0.481531,79,78,39,107.37,0.5104,0.3248,0.072576,4.336
503981,520,441,961,232,43,10,31.61,0.9898,0.5363,0.189085,44,5,0,35.48,1.0000,0.0935,0.006441,4.236
503983,520,468,988,217,6,143,350.14,0.9848,0.5183,0.168676,5,5,19,280.54,0.5502,0.0432,0.001878,4.215
503986,520,402,922,210,30,243,320.23,0.9775,0.5758,0.211030,54,4,51,330.89,0.8247,0.1330,0.011102,4.272
503989,520,428,948,234,62,2,35.17,0.9976,0.5569,0.209451,21,25,13,123.43,0.3522,0.1036,0.008837,4.410
503999,520,392,912,249,11,160,351.61,0.9910,0.5905,0.229206,12,42,6,140.37,0.9568,0.1496,0.017472,4.138
504000,520,442,962,231,3,131,357.19,0.9949,0.5409,0.186957,17,13,36,288.86,0.5357,0.0809,0.005344,4.282
504001,520,375,895,221,82,187,338.63,0.8006,0.6017,0.249968,47,36,9,86.62,0.6849,0.1636,0.018859,4.356
504003,520,453,973,219,47,104,7.22,0.8696,0.5273,0.180951,19,11,15,347.55,0.2348,0.0680,0.004123,4.267
504004,520,343,863,185,112,246,307.06,0.8828,0.6292,0.285571,19,53,4,138.04,0.9786,0.1902,0.026933,4.362
504015,520,449,969,212,8,193,333.41,0.9870,0.5368,0.180231,22,5,40,302.36,0.7755,0.0749,0.004323,4.238
504021,520,435,955,178,79,221,314.00,0.8151,0.5524,0.202783,39,8,12,15.68,0.6664,0.0915,0.006316,4.489
504040,520,456,976,182,10,253,310.76,0.9939,0.5328,0.172551,23,5,16,343.96,0.5685,0.0616,0.003281,4.177
504074,520,415,935,224,63,150,351.87,0.8261,0.5681,0.216068,36,25,12,70.12,0.4363,0.1207,0.010969,4.364
504080,520,473,993,157,68,234,304.42,0.8808,0.5193,0.172434,4,0,18,292.55,1.0000,0.0277,0.000695,4.388
504085,520,434,954,242,33,50,24.89,0.9742,0.5538,0.201986,6,9,74,268.57,0.9669,0.1035,0.007285,4.399
504099,520,408,928,240,17,158,350.48,0.9799,0.5734,0.213979,2,34,43,220.36,0.8877,0.1307,0.013313,4.169
504104,520,434,954,200,57,209,325.41,0.8735,0.5529,0.198107,5,16,57,266.16,0.8857,0.0958,0.006982,4.354
504130,520,389,909,248,38,129,2.29,0.9506,0.5865,0.229311,61,12,47,341.46,0.7245,0.1527,0.014604,4.323
504135,520,439,959,208,12,215,326.54,0.9866,0.5454,0.185811,1,25,4,146.32,0.9863,0.0876,0.007105,4.129
504147,520,449,969,238,14,38,25.81,0.9921,0.5365,0.186345,5,3,55,271.22,0.9754,0.0704,0.003732,4.399
504155,520,368,888,199,94,226,318.97,0.8230,0.6065,0.256398,48,27,68,305.58,0.5818,0.1689,0.018296,4.486
504161,520,424,944,205,19,233,321.34,0.9838,0.5556,0.193298,54,0,10,16.56,1.0000,0.1093,0.008063,4.190
504168,520,386,906,243,72,26,34.76,0.9705,0.5861,0.237673,47,14,73,305.63,0.7836,0.1505,0.013995,4.495
504180,520,447,967,203,49,187,332.83,0.8622,0.5368,0.184828,29,3,40,314.18,0.8208,0.0808,0.004796,4.286
504183,520,450,970,232,13,129,358.28,0.9795,0.5443,0.190316,7,17,6,141.67,0.5808,0.0688,0.004592,4.402
504195,520,463,983,221,17,154,347.56,0.9636,0.5342,0.181087,5,5,34,275.37,0.8362,0.0536,0.002563,4.396
504196,520,432,952,163,76,247,303.09,0.9351,0.5482,0.196713,41,7,36,334.20,0.7114,0.1036,0.007508,4.290
504210,520,457,977,214,18,165,342.32,0.9574,0.5266,0.174477,16,12,7,74.54,0.2446,0.0644,0.003885,4.166
504213,520,458,978,196,71,160,340.86,0.7323,0.5326,0.187820,15,8,23,304.54,0.4630,0.0613,0.003371,4.456
504225,520,443,963,173,59,240,309.19,0.9197,0.5365,0.183043,6,9,56,270.36,0.9251,0.0827,0.005196,4.222
504230,520,409,929,131,119,230,285.70,0.7461,0.5725,0.237318,19,35,24,153.55,0.4270,0.1346,0.014064,4.485
504243,520,432,952,188,88,165,336.97,0.6415,0.5462,0.203888,41,4,43,325.88,0.7988,0.1038,0.007327,4.429
504253,520,454,974,193,77,149,345.21,0.6840,0.5302,0.188168,9,12,34,274.42,0.5887,0.0709,0.004365,4.381
504254,520,441,961,194,22,229,319.26,0.9754,0.5351,0.177018,0,19,43,252.45,0.9999,0.0872,0.006401,4.025
504263,520,476,996,144,71,235,299.25,0.8801,0.5073,0.164342,0,2,11,258.21,1.0000,0.0247,0.000676,4.230
504266,520,479,999,215,8,137,351.79,0.9786,0.5121,0.164293,2,0,3,318.71,1.0000,0.0147,0.000195,4.269
504277,520,464,984,193,38,201,325.89,0.9076,0.5205,0.169423,19,2,9,352.35,0.6884,0.0469,0.002016,4.218
504282,520,430,950,216,79,59,30.97,0.8391,0.5472,0.205091,37,10,32,335.24,0.6101,0.0991,0.007147,4.464
504283,520,431,951,208,26,219,325.44,0.9679,0.5528,0.192650,42,4,32,340.36,0.7717,0.0988,0.006834,4.269
504294,520,371,891,253,44,154,355.29,0.9816,0.6089,0.250206,76,5,24,13.03,0.8993,0.1676,0.017113,4.473
504301,520,437,957,236,47,37,28.86,0.9568,0.5491,0.200026,42,2,18,0.37,0.8385,0.0893,0.005794,4.481
504306,520,441,961,221,60,103,9.81,0.8337,0.5429,0.195857,20,1,64,285.47,0.9823,0.0899,0.005406,4.437
504311,520,392,912,231,50,190,339.34,0.9164,0.5889,0.229905,27,15,92,279.19,0.9089,0.1482,0.013473,4.410
504323,520,423,943,229,41,150,351.52,0.9075,0.5593,0.204487,36,13,40,321.52,0.5956,0.1069,0.008162,4.376
504324,520,428,948,216,53,185,337.09,0.8714,0.5618,0.206501,2,17,57,262.63,0.9352,0.0960,0.007092,4.493
504333,520,477,997,219,48,8,32.90,0.9887,0.5134,0.171942,1,0,17,274.34,1.0000,0.0228,0.000469,4.398
504337,520,467,987,181,3,246,312.02,0.9978,0.5234,0.165438,8,6,3,83.96,0.2877,0.0420,0.001885,4.152
504339,520,447,967,237,4,66,19.12,0.9968,0.5357,0.184880,11,3,63,275.72,0.9717,0.0841,0.004951,4.274
504341,520,349,869,239,24,250,325.83,0.9917,0.6272,0.259087,48,32,88,292.71,0.6516,0.1948,0.023660,4.196
504355,520,329,849,237,88,215,334.06,0.8980,0.6496,0.298927,12,60,5,141.25,0.9856,0.2116,0.033207,4.193
504366,520,452,972,198,76,135,353.30,0.6913,0.5312,0.189257,8,3,50,276.53,0.9523,0.0672,0.003470,4.475
504367,520,475,995,188,18,230,317.40,0.9803,0.5246,0.168385,0,0,24,264.05,1.0000,0.0271,0.000659,4.311
504370,520,480,1000,193,27,196,327.40,0.9350,0.5108,0.161085,0,0,0,0.00,0.0000,0.0000,0.000000,4.222
504390,520,422,942,238,34,120,3.39,0.9436,0.5614,0.206804,22,12,62,284.62,0.8081,0.1060,0.007813,4.442
504411,520,401,921,254,41,16,30.57,0.9962,0.5808,0.226979,58,1,51,334.25,0.9261,0.1372,0.011604,4.496
504419,520,321,841,227,119,134,12.42,0.6699,0.6460,0.312480,6,58,42,166.85,0.9328,0.2103,0.032319,4.403
504424,520,387,907,254,45,100,13.25,0.9921,0.5944,0.238714,14,42,6,139.34,0.9511,0.1505,0.017624,4.269
504442,520,469,989,228,22,20,28.66,0.9855,0.5164,0.171213,12,1,22,308.54,0.8419,0.0420,0.001578,4.289
504447,520,389,909,250,26,144,357.15,0.9733,0.5902,0.230799,36,35,29,99.34,0.1215,0.1517,0.016658,4.213
504450,520,407,927,167,97,235,304.63,0.8235,0.5745,0.227635,37,19,61,300.30,0.6561,0.1339,0.011960,4.481
504454,520,438,958,229,38,135,356.63,0.9137,0.5513,0.197963,35,10,17,4.61,0.5462,0.0893,0.006149,4.416
504465,520,349,869,250,92,47,36.12,0.9663,0.6257,0.281869,45,47,12,112.32,0.7107,0.1926,0.026175,4.357
504480,520,419,939,191,40,255,312.25,1.0000,0.5607,0.198151,9,15,66,270.01,0.9020,0.1054,0.007930,4.284
504487,520,437,957,239,11,114,4.59,0.9869,0.5530,0.198082,16,21,17,151.08,0.1661,0.0893,0.006870,4.362
504494,520,428,948,194,68,210,323.01,0.8358,0.5552,0.202581,48,4,15,10.80,0.8230,0.1035,0.007498,4.393
504504,520,387,907,248,5,168,348.93,0.9959,0.5910,0.228955,42,33,10,87.94,0.6134,0.1490,0.016019,4.225
504505,520,292,812,250,129,16,53.74,0.9855,0.6825,0.360650,7,66,48,166.69,0.9397,0.2396,0.041548,4.486
504523,520,466,986,141,70,252,295.24,0.9764,0.5177,0.170714,0,11,21,238.24,1.0000,0.0535,0.002935,4.170
504551,520,359,879,243,96,14,42.39,0.9841,0.6168,0.274553,41,43,17,112.73,0.5482,0.1772,0.022396,4.483
504585,520,268,788,251,124,157,5.28,0.8949,0.6982,0.373617,36,68,48,155.27,0.5253,0.2584,0.047226,4.357
504597,520,471,991,182,53,210,319.70,0.8679,0.5207,0.171457,7,1,28,289.31,0.9144,0.0413,0.001507,4.300
504623,520,182,702,248,175,151,38.96,0.7968,0.7876,0.528528,46,86,86,195.58,0.4348,0.3349,0.079080,4.482
504624,520,476,996,189,33,198,325.62,0.9155,0.5084,0.159853,3,1,8,299.53,0.6793,0.0239,0.000586,4.148
504625,520,430,950,228,53,103,9.78,0.8770,0.5498,0.200223,43,5,26,350.56,0.7459,0.0991,0.006968,4.392
504632,520,362,882,236,60,200,337.79,0.9154,0.6111,0.252374,64,29,43,356.04,0.4731,0.1828,0.021433,4.233
504647,520,467,987,209,65,86,16.38,0.7974,0.5211,0.180100,0,8,8,194.77,1.0000,0.0409,0.001912,4.433
504663,520,418,938,225,66,118,5.30,0.8180,0.5613,0.212146,42,20,6,52.03,0.6530,0.1169,0.010058,4.365
504664,520,476,996,186,80,120,358.89,0.6236,0.5108,0.175340,7,0,0,29.23,1.0000,0.0213,0.000452,4.466
504683,520,444,964,239,18,46,24.54,0.9886,0.5406,0.189839,29,9,15,2.42,0.4883,0.0776,0.004911,4.368
504685,520,239,759,246,134,223,335.30,0.9280,0.7333,0.419730,13,77,48,158.22,0.9364,0.2782,0.056065,4.429
504688,520,468,988,167,27,253,306.05,0.9905,0.5160,0.160919,4,4,15,281.00,0.5194,0.0376,0.001471,4.098
504696,520,406,926,225,20,211,331.82,0.9809,0.5751,0.212134,6,26,68,262.32,0.8662,0.1292,0.011948,4.232
504703,520,456,976,228,45,49,26.02,0.9454,0.5324,0.185954,1,15,4,150.82,0.9535,0.0582,0.003569,4.405
504706,520,454,974,219,34,132,355.36,0.9045,0.5280,0.178726,19,9,23,315.88,0.4388,0.0676,0.003957,4.239
504714,520,396,916,211,37,247,319.48,0.9723,0.5839,0.218892,5,32,62,253.60,0.8044,0.1391,0.014130,4.193
504728,520,425,945,235,65,24,33.91,0.9691,0.5628,0.215118,8,28,21,168.19,0.5966,0.1054,0.009362,4.466
504730,520,367,887,249,81,39,34.68,0.9666,0.6090,0.261745,4,46,40,180.92,0.9049,0.1686,0.021329,4.371
504731,520,381,901,180,102,242,307.35,0.8651,0.6038,0.256175,6,44,17,149.09,0.9525,0.1557,0.018805,4.450
504742,520,461,981,181,66,205,320.22,0.8140,0.5292,0.181291,2,12,4,150.82,0.8177,0.0512,0.002846,4.377
504755,520,434,954,225,40,142,353.39,0.8992,0.5476,0.194808,17,14,62,278.16,0.8183,0.1049,0.007810,4.235
504757,520,349,869,238,47,241,327.47,0.9719,0.6300,0.265636,58,15,95,303.23,0.8408,0.1889,0.020675,4.466
504772,520,408,928,230,24,189,339.02,0.9690,0.5723,0.211531,45,13,54,318.10,0.7037,0.1304,0.011121,4.279
504778,520,290,810,231,118,208,335.48,0.8073,0.6790,0.345019,15,66,32,150.49,0.9308,0.2374,0.041021,4.340
504779,520,124,644,218,211,203,71.31,0.1319,0.8489,0.658060,15,109,30,144.73,0.9874,0.3836,0.111321,4.389
504795,520,463,983,231,0,96,9.06,1.0000,0.5287,0.178365,7,10,6,136.99,0.2304,0.0516,0.002754,4.329
504804,520,428,948,215,37,200,332.26,0.9335,0.5577,0.199425,2,2,83,265.59,0.9962,0.1031,0.006808,4.391
504808,520,421,941,224,52,159,347.80,0.8661,0.5621,0.208090,14,7,77,274.07,0.9610,0.1093,0.007811,4.464
504822,520,454,974,202,86,9,45.53,0.9667,0.5282,0.192339,31,6,6,23.18,0.6741,0.0728,0.004348,4.459
504823,520,338,858,247,72,191,343.57,0.9368,0.6365,0.281735,83,15,49,354.95,0.7628,0.2008,0.024027,4.481
504826,520,321,841,254,20,243,330.75,0.9965,0.6472,0.280454,43,31,110,282.67,0.7957,0.2087,0.026193,4.337
504853,520,445,965,205,39,193,331.57,0.9064,0.5367,0.182823,17,11,39,289.38,0.6270,0.0792,0.005050,4.229
504858,520,359,879,252,84,17,37.82,0.9861,0.6171,0.270801,44,40,49,305.42,0.1463,0.1824,0.022748,4.410
504860,520,431,951,158,78,254,299.86,0.9899,0.5504,0.198740,8,24,28,215.83,0.4677,0.0964,0.007887,4.297
504869,520,438,958,240,34,34,27.88,0.9759,0.5486,0.197881,18,1,63,283.69,0.9834,0.0867,0.005092,4.499
504874,520,223,743,219,167,187,353.81,0.4304,0.7465,0.462865,4,85,34,149.02,0.9925,0.3005,0.066380,4.407
504888,520,362,882,254,54,124,6.22,0.9898,0.6072,0.251680,20,33,92,268.84,0.8222,0.1760,0.020090,4.304
504904,520,377,897,235,61,175,345.42,0.8837,0.5974,0.240976,75,3,13,21.25,0.9596,0.1609,0.015903,4.415
504906,520,410,930,244,49,81,18.62,0.9396,0.5730,0.220272,20,33,17,139.80,0.4900,0.1272,0.012769,4.306
504912,520,407,927,232,58,142,356.21,0.8633,0.5749,0.221377,56,10,17,16.30,0.7590,0.1282,0.010984,4.450
504946,520,432,952,241,18,62,21.01,0.9869,0.5470,0.194846,7,25,27,204.88,0.5236,0.0982,0.008195,4.207
504961,520,471,991,205,71,74,22.79,0.7849,0.5185,0.179822,4,8,1,129.43,0.7822,0.0424,0.002017,4.418
504963,520,387,907,225,43,214,331.02,0.9465,0.5877,0.225927,54,23,34,358.91,0.4788,0.1506,0.015127,4.237
504967,520,382,902,223,84,182,341.11,0.7915,0.6050,0.254083,19,43,19,143.88,0.7353,0.1588,0.019132,4.399
504972,520,393,913,248,35,130,1.78,0.9561,0.5852,0.227737,48,9,68,310.91,0.8154,0.1417,0.012412,4.450
504980,520,366,886,251,49,155,354.85,0.9638,0.6087,0.250758,13,29,98,266.99,0.9118,0.1701,0.018460,4.393
504981,520,333,853,229,121,74,43.22,0.7761,0.6396,0.308296,9,56,43,169.96,0.8766,0.2048,0.030607,4.445
504995,520,452,972,190,23,231,317.66,0.9740,0.5305,0.173308,9,18,0,128.21,1.0000,0.0714,0.004907,4.067
505000,520,469,989,89,98,255,274.29,1.0000,0.5166,0.180785,3,4,25,273.37,0.7941,0.0426,0.001764,4.458
505006,520,446,966,237,27,3,30.34,0.9974,0.5371,0.187982,13,18,12,140.41,0.2371,0.0774,0.005447,4.292
505017,520,451,971,182,38,248,311.20,0.9667,0.5398,0.181097,8,16,25,251.68,0.3712,0.0738,0.004924,4.208
505038,520,313,833,248,101,169,354.29,0.8955,0.6630,0.321313,21,60,29,148.00,0.8554,0.2187,0.034797,4.379
505042,520,408,928,252,32,0,30.73,1.0000,0.5712,0.217322,43,10,66,307.02,0.8022,0.1334,0.011241,4.365
505077,520,365,885,254,51,133,2.90,0.9898,0.6078,0.251355,61,28,10,47.15,0.6937,0.1666,0.018447,4.403
505092,520,404,924,255,26,61,22.55,1.0000,0.5792,0.223395,15,16,86,271.74,0.9341,0.1335,0.011440,4.450
505103,520,473,993,230,13,11,28.98,0.9931,0.5172,0.171381,4,3,13,287.55,0.5397,0.0338,0.001200,4.324
505129,520,343,863,243,26,244,328.07,0.9904,0.6306,0.263279,69,11,82,319.26,0.8229,0.1910,0.021139,4.404
505136,520,413,933,241,55,38,29.87,0.9547,0.5660,0.215764,42,11,55,314.12,0.7380,0.1237,0.010075,4.424
505144,520,440,960,224,59,95,13.23,0.8545,0.5455,0.198041,15,18,33,274.41,0.3760,0.0881,0.006440,4.395
505145,520,419,939,230,68,46,31.00,0.9189,0.5581,0.211574,13,18,61,272.18,0.7994,0.1085,0.008551,4.467
505146,520,455,975,200,35,199,328.48,0.9208,0.5294,0.176067,9,5,32,285.11,0.7455,0.0554,0.002709,4.289
505153,520,472,992,183,51,206,321.18,0.8664,0.5176,0.168924,0,3,6,233.51,1.0000,0.0257,0.000783,4.311
505163,520,323,843,225,96,228,326.73,0.8758,0.6485,0.299767,26,46,88,263.31,0.6288,0.2080,0.028781,4.440
505169,520,419,939,233,40,140,355.80,0.9172,0.5623,0.207376,12,11,70,273.03,0.9278,0.1051,0.007597,4.469
505171,520,412,932,255,7,4,29.23,1.0000,0.5696,0.214246,19,12,80,276.37,0.9224,0.1232,0.009805,4.418
505174,520,384,904,251,54,41,29.16,0.9831,0.5855,0.233113,42,31,29,30.22,0.1802,0.1484,0.015610,4.315
505183,520,337,857,243,57,225,332.57,0.9548,0.6351,0.274200,36,52,22,131.97,0.6110,0.2008,0.028889,4.110
505188,520,389,909,245,0,174,346.49,1.0000,0.5871,0.224717,13,26,81,267.76,0.8678,0.1454,0.014184,4.280
505198,520,476,996,209,44,125,356.51,0.8444,0.5125,0.168396,2,1,12,284.08,0.7969,0.0246,0.000612,4.315
505207,520,419,939,197,66,220,321.26,0.8693,0.5645,0.209355,14,28,33,222.65,0.3544,0.1138,0.010336,4.298
505224,520,468,988,208,53,124,357.59,0.8095,0.5181,0.174135,1,2,34,267.37,0.9725,0.0429,0.001653,4.339
505227,520,447,967,192,80,156,341.94,0.6761,0.5361,0.193456,32,10,11,18.83,0.5234,0.0827,0.005484,4.388
505228,520,430,950,189,96,132,356.98,0.5516,0.5466,0.208519,12,22,44,264.26,0.5465,0.1028,0.008338,4.431
505240,520,390,910,226,0,236,326.02,1.0000,0.5896,0.222272,19,42,11,138.44,0.8690,0.1541,0.018185,3.993
505241,520,475,995,217,9,145,349.51,0.9779,0.5200,0.169939,7,1,8,323.86,0.6844,0.0291,0.000844,4.326
505290,520,436,956,199,29,235,319.13,0.9702,0.5510,0.190206,2,8,62,265.96,0.9671,0.0850,0.005343,4.340
505307,520,458,978,235,5,37,25.55,0.9970,0.5278,0.179075,8,13,2,125.86,0.7041,0.0582,0.003439,4.287
505322,520,474,994,214,4,167,341.56,0.9906,0.5242,0.171753,9,3,0,66.15,1.0000,0.0339,0.001232,4.328
505331,520,368,888,189,117,186,328.37,0.5513,0.6082,0.270876,7,46,51,207.56,0.7900,0.1747,0.022381,4.433
505339,520,398,918,213,46,234,322.83,0.9505,0.5829,0.220425,2,20,88,264.28,0.9578,0.1362,0.012177,4.349
505351,520,397,917,248,32,117,5.93,0.9626,0.5796,0.222773,54,18,40,345.28,0.5857,0.1445,0.013702,4.282
505353,520,271,791,243,118,224,333.45,0.9219,0.7042,0.373957,6,65,89,232.19,0.8904,0.2560,0.045403,4.444
505356,520,334,854,244,43,243,328.45,0.9793,0.6391,0.274347,50,38,68,301.56,0.4105,0.1951,0.024817,4.335
505357,520,222,742,195,171,237,300.90,0.6599,0.7499,0.468425,10,83,67,173.13,0.9354,0.3037,0.066560,4.448
505367,520,300,820,216,118,236,320.63,0.8577,0.6728,0.336134,29,58,72,230.89,0.4703,0.2331,0.037551,4.410
505368,520,429,949,186,99,128,359.87,0.5185,0.5458,0.209227,16,20,46,274.30,0.5505,0.1022,0.008077,4.463
505381,520,334,854,250,33,237,331.24,0.9867,0.6408,0.275292,57,41,55,330.65,0.2596,0.2039,0.027316,4.207
505403,520,455,975,179,54,221,315.85,0.8865,0.5253,0.174436,25,2,14,349.11,0.7467,0.0576,0.002818,4.249
505405,520,425,945,236,61,23,33.18,0.9724,0.5606,0.212353,29,19,46,299.02,0.5157,0.1127,0.009242,4.428
505418,520,407,927,208,26,239,320.67,0.9793,0.5677,0.203824,49,18,20,17.89,0.5415,0.1279,0.011362,4.137
505425,520,410,930,251,24,51,24.37,0.9869,0.5687,0.214052,2,29,61,254.36,0.9002,0.1287,0.012285,4.239
505435,520,429,949,195,45,232,318.35,0.9373,0.5516,0.193065,39,8,23,353.37,0.6428,0.0952,0.006669,4.289
505459,520,333,853,244,43,250,326.85,0.9846,0.6438,0.278657,2,38,110,261.77,0.9805,0.1991,0.025247,4.368
505486,520,381,901,233,9,233,328.34,0.9958,0.6014,0.234047,21,28,87,271.75,0.8227,0.1606,0.016780,4.253
505489,520,381,901,244,80,32,35.80,0.9600,0.5979,0.250780,26,42,2,128.99,0.9606,0.1578,0.018799,4.372
505490,520,343,863,202,119,177,339.18,0.5565,0.6253,0.289259,20,44,81,258.83,0.6551,0.1937,0.025441,4.497
505508,520,476,996,188,80,93,15.26,0.6435,0.5056,0.172206,5,0,3,340.52,1.0000,0.0201,0.000388,4.410
505511,520,456,976,235,15,10,29.15,0.9926,0.5286,0.180290,24,3,24,327.86,0.7259,0.0629,0.003253,4.324
505523,520,479,999,219,20,109,3.13,0.9539,0.5128,0.166671,0,0,5,264.05,1.0000,0.0116,0.000110,4.324
505550,520,385,905,253,15,137,359.60,0.9882,0.5902,0.230341,70,1,29,4.15,0.9580,0.1516,0.014127,4.372
505551,520,453,973,169,94,174,324.87,0.5882,0.5329,0.194973,9,16,18,217.19,0.2229,0.0713,0.004723,4.477
505558,520,377,897,232,37,214,332.74,0.9632,0.5966,0.233366,5,14,113,265.89,0.9840,0.1615,0.015385,4.334
505573,520,438,958,176,77,220,313.70,0.8162,0.5462,0.197061,42,5,15,8.12,0.7568,0.0932,0.006354,4.384
505587,520,381,901,227,1,252,322.71,0.9996,0.6033,0.233831,7,3,118,266.54,0.9970,0.1584,0.014182,4.422
505606,520,451,971,236,36,15,30.34,0.9863,0.5402,0.191323,29,1,32,324.25,0.8716,0.0715,0.003872,4.480
505629,520,412,932,237,53,118,5.57,0.8945,0.5717,0.218618,48,19,1,51.92,0.9061,0.1241,0.010964,4.406
505635,520,392,912,221,43,226,326.92,0.9539,0.5887,0.225931,73,0,10,21.70,1.0000,0.1527,0.014386,4.286
505637,520,343,863,245,20,237,330.14,0.9927,0.6276,0.260301,11,34,107,265.16,0.9183,0.1899,0.022766,4.264
505644,520,381,901,239,5,213,334.59,0.9970,0.5984,0.232662,32,35,58,277.35,0.3693,0.1617,0.018146,4.148
505668,520,392,912,229,93,21,42.65,0.9596,0.5877,0.245436,26,38,13,130.32,0.6378,0.1467,0.016349,4.453
505675,520,408,928,251,19,65,20.99,0.9890,0.5689,0.213603,35,8,80,291.61,0.8963,0.1344,0.011102,4.314
505680,520,321,841,250,57,222,335.00,0.9754,0.6454,0.285272,76,35,17,43.22,0.6691,0.2086,0.027793,4.310
505695,520,445,965,236,33,52,24.20,0.9696,0.5415,0.191717,6,21,5,142.09,0.8383,0.0790,0.005860,4.327
505706,520,436,956,240,39,60,23.06,0.9614,0.5544,0.203058,33,13,15,14.51,0.4423,0.0907,0.006457,4.482
505713,520,474,994,204,50,144,348.20,0.8145,0.5163,0.171342,0,0,31,264.05,1.0000,0.0336,0.000989,4.341
505714,520,478,998,145,68,243,298.41,0.9225,0.5117,0.166253,6,0,4,338.03,1.0000,0.0222,0.000475,4.284
505718,520,459,979,216,22,162,343.84,0.9468,0.5303,0.177838,2,11,23,249.76,0.6721,0.0564,0.003141,4.287
505748,520,431,951,226,16,161,346.43,0.9719,0.5471,0.191152,42,7,28,347.25,0.6947,0.1012,0.007281,4.210
505761,520,408,928,249,15,82,16.14,0.9897,0.5665,0.210942,4,13,89,266.15,0.9740,0.1271,0.010348,4.324
505776,520,419,939,250,6,22,27.92,0.9977,0.5593,0.205159,54,0,7,19.93,1.0000,0.1087,0.007998,4.399
505795,520,36,556,245,245,212,107.18,0.6842,0.9553,0.894710,3,129,61,150.91,0.9971,0.4533,0.160561,4.487
505796,520,467,987,204,16,191,331.89,0.9681,0.5228,0.169715,15,2,6,356.82,0.6285,0.0405,0.001581,4.260
505804,520,318,838,251,89,196,343.79,0.9614,0.6641,0.316425,29,56,58,201.78,0.4069,0.2200,0.033949,4.365
505808,520,451,971,233,28,91,12.21,0.9586,0.5399,0.189125,24,8,17,346.26,0.4544,0.0693,0.004084,4.421
505812,520,457,977,177,40,242,310.93,0.9513,0.5283,0.172765,12,12,15,285.64,0.0988,0.0631,0.003756,4.144
505815,520,312,832,232,129,40,55.67,0.9020,0.6556,0.330120,4,62,15,145.48,0.9898,0.2174,0.035054,4.469
505816,520,424,944,166,92,222,307.93,0.7740,0.5559,0.210358,16,29,20,153.61,0.3869,0.1130,0.010394,4.311
505825,520,319,839,245,104,123,14.57,0.8594,0.6474,0.307461,1,63,13,145.36,0.9977,0.2198,0.035904,4.161
505826,520,474,994,225,17,109,4.10,0.9681,0.5241,0.175154,0,0,29,264.05,1.0000,0.0317,0.000887,4.425
505830,520,388,908,244,34,156,352.41,0.9543,0.5868,0.227807,48,23,47,328.54,0.4899,0.1472,0.014465,4.309
505841,520,237,757,239,140,205,341.26,0.8037,0.7260,0.415167,86,58,67,358.31,0.2712,0.2896,0.054100,4.468
505850,520,465,985,214,55,65,22.59,0.8810,0.5154,0.174126,20,4,8,2.77,0.5554,0.0526,0.002531,4.267
505859,520,407,927,217,81,136,358.43,0.7348,0.5712,0.224164,32,30,6,104.66,0.6916,0.1278,0.012488,4.387
505869,520,362,882,252,78,22,35.98,0.9842,0.6100,0.262057,5,39,90,259.01,0.9145,0.1821,0.022214,4.321
505876,520,466,986,158,76,225,305.98,0.8282,0.5238,0.178748,22,1,15,341.32,0.7979,0.0512,0.002268,4.376
505878,520,385,905,218,31,238,323.41,0.9767,0.5857,0.220605,39,36,13,101.94,0.5560,0.1540,0.017222,4.026
505884,520,407,927,220,56,182,339.18,0.8673,0.5698,0.214237,20,32,28,171.95,0.2657,0.1276,0.012656,4.217
505885,520,469,989,137,89,226,295.77,0.7970,0.5187,0.179542,3,0,31,276.32,1.0000,0.0371,0.001183,4.485
505902,520,425,945,226,7,181,340.26,0.9902,0.5556,0.196595,45,8,23,359.15,0.6905,0.1060,0.007935,4.256
505903,520,411,931,192,63,246,313.54,0.9480,0.5731,0.214165,36,15,58,302.95,0.6989,0.1233,0.010222,4.387
505907,520,441,961,227,52,43,28.45,0.9367,0.5356,0.189642,23,13,43,295.78,0.6158,0.0920,0.006444,4.246
505913,520,424,944,196,63,220,321.06,0.8757,0.5598,0.204595,19,17,59,279.43,0.7312,0.1091,0.008551,4.348
505920,520,454,974,208,75,52,32.13,0.8431,0.5259,0.186922,3,19,11,161.86,0.7603,0.0727,0.005092,4.300
505932,520,474,994,191,14,217,321.42,0.9808,0.5179,0.164017,2,2,10,279.71,0.6029,0.0269,0.000782,4.214
505949,520,410,930,255,4,54,23.14,1.0000,0.5724,0.216170,10,12,89,269.29,0.9675,0.1287,0.010487,4.400
505964,520,358,878,251,8,205,339.29,0.9962,0.6163,0.250940,54,38,32,41.47,0.2532,0.1834,0.022749,4.137
505967,520,397,917,250,52,64,24.08,0.9737,0.5845,0.231537,4,39,24,160.84,0.9215,0.1396,0.015427,4.303
505981,520,470,990,219,44,92,11.48,0.8898,0.5215,0.176367,7,5,2,85.13,0.3753,0.0381,0.001581,4.389
506006,520,386,906,174,99,236,306.83,0.8289,0.5872,0.239791,7,40,38,189.31,0.7545,0.1493,0.017026,4.324
506014,520,442,962,231,46,66,21.78,0.9345,0.5418,0.193393,31,6,28,332.53,0.6619,0.0811,0.005054,4.421
506015,520,350,870,220,68,255,319.28,1.0000,0.6268,0.265717,37,26,107,280.53,0.8466,0.1912,0.021936,4.389
506021,520,405,925,251,45,41,28.01,0.9837,0.5788,0.225498,16,22,75,271.60,0.8401,0.1325,0.011919,4.449
506024,520,434,954,228,63,30,32.97,0.9525,0.5473,0.201456,5,16,60,266.35,0.9001,0.0987,0.007290,4.389
506025,520,369,889,249,67,124,6.99,0.9383,0.6090,0.256126,64,24,37,1.82,0.5512,0.1711,0.018770,4.451
506045,520,337,857,209,125,155,357.49,0.5249,0.6375,0.305907,11,56,31,154.53,0.9123,0.2017,0.029983,4.450
506054,520,415,935,215,14,228,325.14,0.9894,0.5675,0.203646,10,35,0,137.00,1.0000,0.1242,0.012666,4.048
506060,520,478,998,215,53,8,34.00,0.9869,0.5099,0.170133,2,1,10,286.50,0.7500,0.0235,0.000565,4.353
506068,520,427,947,244,28,48,24.97,0.9811,0.5553,0.202805,24,13,51,292.04,0.6953,0.0995,0.007211,4.419
506075,520,380,900,253,40,123,5.23,0.9827,0.5956,0.238339,61,21,34,2.24,0.5769,0.1594,0.016441,4.340
506078,520,446,966,151,86,235,300.01,0.8461,0.5375,0.192333,12,17,35,270.59,0.4685,0.0847,0.006004,4.327
506089,520,351,871,244,81,177,348.11,0.8959,0.6344,0.282952,25,52,28,146.51,0.6568,0.1941,0.027464,4.298
506095,520,2,522,255,255,255,0.00,0.0000,1.0000,1.000000,4,136,92,161.70,0.9933,0.4832,0.184060,4.486
506123,520,454,974,170,64,232,309.67,0.8820,0.5309,0.180398,4,8,51,268.82,0.9305,0.0744,0.004385,4.236
506126,520,428,948,251,1,29,27.01,0.9996,0.5609,0.206234,28,19,19,18.49,0.1890,0.0976,0.007597,4.449
506164,520,419,939,242,48,16,31.59,0.9860,0.5609,0.210319,12,28,19,158.06,0.4862,0.1070,0.009557,4.371
506191,520,431,951,221,43,169,343.29,0.8948,0.5546,0.199669,13,24,29,228.13,0.3080,0.1000,0.008275,4.284
506199,520,462,982,164,84,205,312.57,0.7331,0.5288,0.186416,10,7,18,296.56,0.3894,0.0520,0.002602,4.494
506206,520,405,925,241,51,129,2.06,0.9078,0.5814,0.226566,50,16,40,340.41,0.5981,0.1343,0.012020,4.459
506219,520,473,993,204,34,169,338.67,0.8927,0.5173,0.168480,3,4,7,266.51,0.2430,0.0330,0.001215,4.266
506230,520,437,957,238,9,112,5.04,0.9890,0.5499,0.195456,1,24,10,155.55,0.9691,0.0858,0.006816,4.320
506235,520,384,904,255,50,4,32.27,1.0000,0.5886,0.235538,15,20,95,270.10,0.9369,0.1508,0.014280,4.442
506237,520,458,978,207,53,149,347.25,0.8135,0.5269,0.179836,6,13,21,250.50,0.3783,0.0631,0.003807,4.271
506255,520,417,937,230,40,170,345.05,0.9225,0.5699,0.212456,36,10,64,300.68,0.8031,0.1216,0.009623,4.402
506261,520,429,949,236,2,116,3.18,0.9972,0.5456,0.191404,22,23,12,112.49,0.3277,0.0989,0.008099,4.155
506267,520,420,940,209,73,167,342.13,0.7656,0.5606,0.211124,19,11,70,279.12,0.8884,0.1103,0.008200,4.487
506268,520,406,926,145,104,254,291.77,0.9826,0.5756,0.230760,6,33,37,208.66,0.6973,0.1263,0.012599,4.485
506269,520,246,766,232,136,252,320.52,0.9749,0.7325,0.417940,26,73,83,214.12,0.6375,0.2834,0.056090,4.411
506277,520,422,942,242,27,83,15.75,0.9722,0.5563,0.202890,21,6,70,282.48,0.9267,0.1052,0.007319,4.412
506290,520,427,947,247,12,58,22.09,0.9934,0.5575,0.203462,23,24,17,114.20,0.1889,0.1039,0.008759,4.314
506295,520,462,982,178,62,217,316.14,0.8539,0.5288,0.179210,15,6,11,344.21,0.3443,0.0518,0.002560,4.361
506304,520,362,882,190,97,246,310.53,0.9128,0.6120,0.261513,30,39,78,271.43,0.5588,0.1846,0.022770,4.281
506305,520,453,973,186,57,212,320.29,0.8637,0.5324,0.181201,12,1,53,281.21,0.9802,0.0698,0.003569,4.316
506306,520,445,965,220,68,63,26.44,0.8668,0.5411,0.197113,6,19,18,189.40,0.4446,0.0770,0.005481,4.454
506329,520,454,974,197,91,3,49.45,0.9856,0.5277,0.193609,23,10,20,335.73,0.3935,0.0729,0.004498,4.470
506330,520,404,924,248,39,103,11.03,0.9537,0.5794,0.223903,12,27,65,264.92,0.7457,0.1318,0.012436,4.387
506334,520,422,942,187,95,180,330.17,0.6402,0.5637,0.220457,2,31,10,149.99,0.9714,0.1087,0.010148,4.497
506344,520,395,915,188,90,230,314.34,0.8341,0.5880,0.237179,31,34,10,115.39,0.6105,0.1388,0.014573,4.447
506351,520,423,943,183,60,246,310.97,0.9475,0.5569,0.199538,38,20,17,30.04,0.3694,0.1131,0.009529,4.192
506357,520,380,900,247,79,34,35.08,0.9604,0.6024,0.254850,41,29,69,294.88,0.5606,0.1649,0.017798,4.496
506358,520,478,998,63,104,247,266.94,0.9677,0.5061,0.176718,0,3,4,211.91,1.0000,0.0247,0.000739,4.468
506367,520,347,867,239,91,169,350.90,0.8371,0.6347,0.287002,11,48,65,232.49,0.7273,0.1902,0.025666,4.454
506373,520,414,934,205,24,246,318.34,0.9836,0.5675,0.202879,9,32,36,210.52,0.5726,0.1243,0.012184,4.067
506374,520,406,926,218,68,177,340.72,0.8192,0.5753,0.222162,21,31,35,224.45,0.2196,0.1284,0.012607,4.347
506375,520,376,896,255,6,154,354.53,1.0000,0.5989,0.237270,48,22,63,311.39,0.6231,0.1559,0.015611,4.378
506378,520,434,954,239,23,101,9.39,0.9712,0.5528,0.199063,49,1,8,17.91,0.9609,0.0994,0.006923,4.375
506380,520,424,944,239,36,98,11.26,0.9475,0.5581,0.204975,17,23,47,271.24,0.5073,0.1109,0.009372,4.295
506386,520,290,810,254,114,119,20.22,0.9806,0.6764,0.344406,71,49,54,3.96,0.2410,0.2420,0.038027,4.481
506389,520,302,822,249,114,138,11.19,0.8813,0.6733,0.340123,34,60,42,153.11,0.4748,0.2297,0.037389,4.464
506391,520,446,966,188,24,241,314.80,0.9778,0.5360,0.176968,13,11,48,279.02,0.7638,0.0831,0.005383,4.098
506404,520,143,663,219,210,117,103.66,0.6830,0.8271,0.624382,11,104,7,142.34,0.9942,0.3643,0.099867,4.500
506405,520,378,898,252,43,133,1.96,0.9733,0.5986,0.241202,3,45,9,145.38,0.9859,0.1566,0.019158,4.211
506431,520,423,943,246,36,48,25.70,0.9739,0.5636,0.210715,9,20,64,267.68,0.8500,0.1133,0.009285,4.398
506439,520,362,882,244,40,190,342.18,0.9566,0.6061,0.244715,30,29,93,277.10,0.7832,0.1755,0.019450,4.244
506498,520,435,955,224,28,158,347.19,0.9389,0.5462,0.191490,31,8,36,320.16,0.6626,0.0892,0.005924,4.318
506499,520,385,905,241,27,183,343.31,0.9710,0.5907,0.229066,59,18,23,15.75,0.6328,0.1471,0.014244,4.344
506510,520,2,522,255,255,255,0.00,0.0000,1.0000,1.000000,43,135,81,153.66,0.8901,0.4847,0.184349,4.480
506512,520,37,557,243,244,207,108.55,0.6885,0.9498,0.882612,10,127,91,164.58,0.9784,0.4548,0.159979,4.441
506513,520,461,981,206,65,120,0.55,0.7603,0.5257,0.182606,19,2,20,325.96,0.7423,0.0516,0.002324,4.445
506535,520,446,966,184,37,246,312.24,0.9621,0.5405,0.181684,24,9,36,307.36,0.6299,0.0813,0.005170,4.199
506538,520,435,955,197,27,238,317.93,0.9743,0.5492,0.188287,24,13,45,296.01,0.6363,0.0947,0.006715,4.201
506561,520,397,917,240,18,168,347.41,0.9799,0.5783,0.217881,46,22,38,340.86,0.4390,0.1375,0.012947,4.256
506566,520,409,929,238,12,158,349.97,0.9856,0.5682,0.209118,34,12,68,295.45,0.8023,0.1254,0.010204,4.304
506578,520,410,930,200,48,248,316.01,0.9661,0.5741,0.211720,40,13,59,307.92,0.7327,0.1267,0.010548,4.323
506606,520,431,951,243,11,33,26.63,0.9948,0.5460,0.194073,42,4,37,333.88,0.7818,0.1016,0.007127,4.272
506620,520,433,953,212,69,150,349.45,0.7713,0.5531,0.204574,8,21,46,261.91,0.6594,0.0994,0.007852,4.400
506624,520,477,997,174,60,203,318.67,0.8230,0.5101,0.165432,0,2,8,253.83,0.9999,0.0231,0.000609,4.257
506637,520,457,977,232,33,48,24.95,0.9683,0.5326,0.184600,26,5,12,0.12,0.5963,0.0646,0.003547,4.381
506641,520,421,941,232,45,130,359.52,0.9004,0.5599,0.206472,17,1,82,276.18,0.9943,0.1099,0.007500,4.460
506648,520,478,998,187,15,209,322.30,0.9741,0.5052,0.155113,5,0,7,320.34,1.0000,0.0225,0.000476,4.064
506668,520,465,985,190,28,212,322.23,0.9483,0.5177,0.165326,17,5,9,356.56,0.4331,0.0512,0.002475,4.103
506673,520,436,956,239,21,111,5.94,0.9727,0.5549,0.200380,43,4,19,1.19,0.7781,0.0948,0.006475,4.433
506676,520,410,930,166,106,203,311.25,0.6358,0.5674,0.227274,32,23,56,293.66,0.5466,0.1318,0.012054,4.468
506679,520,310,830,201,122,228,317.03,0.7633,0.6552,0.319391,29,58,29,143.96,0.6933,0.2165,0.033759,4.410
506690,520,437,957,197,24,242,317.08,0.9802,0.5513,0.189359,9,22,24,208.16,0.3733,0.0896,0.006978,4.201
506698,520,406,926,247,28,132,0.59,0.9669,0.5807,0.222740,17,34,30,177.43,0.3804,0.1322,0.013569,4.290
506706,520,388,908,234,86,83,24.83,0.8557,0.5935,0.247754,13,36,63,254.08,0.6504,0.1544,0.017061,4.440
506712,520,424,944,212,5,221,326.10,0.9953,0.5553,0.193281,33,25,0,92.78,1.0000,0.1145,0.010186,4.042
506725,520,412,932,215,34,215,328.23,0.9548,0.5658,0.204995,38,24,8,68.17,0.5687,0.1203,0.010829,4.192
506727,520,362,882,224,60,228,327.01,0.9316,0.6076,0.246826,62,1,93,308.96,0.9826,0.1808,0.018363,4.342
506733,520,426,946,191,58,236,315.76,0.9148,0.5590,0.201599,17,19,55,276.29,0.6748,0.1080,0.008607,4.293
506742,520,466,986,224,39,24,29.83,0.9692,0.5174,0.173671,2,4,35,268.79,0.9321,0.0495,0.002211,4.284
506750,520,399,919,240,55,105,10.98,0.9039,0.5755,0.222807,27,37,15,129.05,0.5520,0.1449,0.015906,4.139
506781,520,401,921,213,104,6,51.66,0.9802,0.5777,0.240621,43,31,7,82.16,0.6901,0.1447,0.015090,4.465
506782,520,458,978,209,10,197,331.53,0.9841,0.5343,0.178057,7,14,12,175.83,0.2585,0.0628,0.003858,4.234
506793,520,380,900,199,90,220,320.89,0.8082,0.5971,0.246231,39,26,76,291.15,0.6613,0.1622,0.016919,4.427
506819,520,430,950,233,41,99,10.56,0.9248,0.5494,0.198134,31,21,14,56.24,0.3004,0.1047,0.008594,4.235
506822,520,398,918,211,11,248,319.59,0.9945,0.5753,0.208673,44,26,19,42.03,0.3693,0.1361,0.013213,4.092
506826,520,476,996,90,96,248,275.19,0.9552,0.5069,0.173160,5,0,1,3.86,1.0000,0.0188,0.000345,4.433
506832,520,435,955,188,77,199,324.00,0.7700,0.5497,0.201239,8,14,49,270.45,0.7941,0.0862,0.005874,4.497
506870,520,477,997,199,74,70,25.28,0.7615,0.5108,0.174838,3,1,2,344.98,0.3863,0.0205,0.000455,4.456
506873,520,377,897,255,15,164,351.65,1.0000,0.6049,0.242856,32,35,57,277.24,0.3563,0.1611,0.018045,4.304
506887,520,438,958,244,1,88,13.40,0.9991,0.5543,0.199628,38,2,41,324.86,0.8494,0.0943,0.006156,4.445
506892,520,380,900,227,60,200,335.51,0.8973,0.5955,0.237352,24,38,60,259.15,0.4405,0.1645,0.019066,4.161
506923,520,479,999,188,33,209,322.34,0.9303,0.5148,0.163840,0,0,4,264.05,1.0000,0.0106,0.000088,4.269
506932,520,391,911,214,83,176,340.72,0.7564,0.5860,0.236193,42,23,66,301.39,0.6282,0.1517,0.014984,4.404
506935,520,384,904,235,43,180,343.17,0.9312,0.5861,0.226880,59,18,19,21.64,0.6561,0.1460,0.014096,4.320
506938,520,426,946,236,54,85,17.33,0.9109,0.5620,0.211302,26,15,55,291.36,0.6905,0.1086,0.008371,4.477
506940,520,395,915,224,68,180,341.30,0.8399,0.5872,0.232792,43,29,12,70.14,0.5232,0.1404,0.014189,4.406
506949,520,396,916,243,16,154,352.34,0.9827,0.5772,0.217616,1,23,85,263.01,0.9841,0.1380,0.012750,4.265
506950,520,403,923,213,26,248,319.95,0.9844,0.5829,0.216641,23,31,42,256.45,0.2682,0.1335,0.013293,4.213
506972,520,423,943,244,47,18,31.24,0.9847,0.5643,0.213132,48,10,8,26.96,0.7690,0.1104,0.008631,4.488
507003,520,477,997,220,45,23,30.87,0.9668,0.5136,0.171570,4,0,2,344.76,1.0000,0.0178,0.000302,4.405
507015,520,365,885,255,15,184,345.86,1.0000,0.6141,0.250659,11,43,56,228.64,0.6787,0.1695,0.020843,4.244
507021,520,466,986,167,72,216,311.88,0.8133,0.5238,0.178089,15,1,27,307.74,0.8737,0.0488,0.002024,4.384
507026,520,454,974,214,24,160,344.03,0.9370,0.5262,0.174898,26,2,31,320.88,0.8110,0.0681,0.003620,4.194
507045,520,410,930,253,24,18,29.06,0.9932,0.5704,0.215834,40,21,41,325.17,0.4424,0.1281,0.011476,4.324
507064,520,431,951,214,87,41,39.03,0.8726,0.5531,0.212749,16,24,28,229.95,0.2147,0.1017,0.008473,4.494
507065,520,437,957,229,1,159,347.56,0.9983,0.5487,0.191857,42,0,23,351.53,1.0000,0.0881,0.005542,4.355
507069,520,394,914,252,6,144,357.05,0.9952,0.5889,0.228429,30,36,1,118.76,0.9577,0.1424,0.015400,4.257
507093,520,453,973,210,62,109,5.79,0.7876,0.5259,0.182533,27,1,34,318.96,0.8865,0.0698,0.003702,4.330
507097,520,381,901,216,81,201,332.38,0.8192,0.5999,0.247028,13,45,20,148.22,0.8719,0.1625,0.020128,4.236
507099,520,412,932,227,51,158,348.81,0.8765,0.5663,0.211698,33,14,56,300.89,0.7034,0.1161,0.009229,4.418
507104,520,456,976,204,25,194,331.03,0.9476,0.5281,0.174296,16,8,15,330.85,0.3117,0.0587,0.003183,4.217
507113,520,414,934,245,24,112,6.69,0.9730,0.5686,0.212390,54,0,32,350.29,1.0000,0.1168,0.008887,4.456
507115,520,418,938,179,108,148,345.68,0.4590,0.5602,0.224480,25,26,43,280.81,0.3317,0.1226,0.011199,4.485
507118,520,382,902,241,32,204,337.49,0.9720,0.6043,0.240964,63,12,52,337.93,0.7385,0.1594,0.015678,4.430
507125,520,442,962,206,2,218,325.31,0.9978,0.5420,0.182291,14,2,61,279.77,0.9727,0.0824,0.004737,4.244
507131,520,464,984,138,79,241,295.01,0.8959,0.5166,0.173462,23,0,9,354.73,1.0000,0.0481,0.002019,4.296
507147,520,426,946,222,46,168,343.97,0.8869,0.5581,0.203132,16,22,49,271.67,0.5621,0.1092,0.009057,4.286
507163,520,323,843,252,27,255,327.65,1.0000,0.6538,0.287023,44,40,94,282.95,0.6105,0.2125,0.028612,4.287
507164,520,447,967,201,2,221,323.26,0.9977,0.5355,0.176831,9,14,40,271.65,0.6507,0.0794,0.005253,4.105
507169,520,440,960,234,57,13,33.49,0.9858,0.5523,0.204508,18,19,32,280.23,0.3114,0.0925,0.006986,4.466
507180,520,479,999,185,69,149,341.86,0.7020,0.5059,0.167419,1,0,2,311.99,1.0000,0.0114,0.000108,4.339
507181,520,433,953,187,49,247,312.47,0.9590,0.5541,0.194779,48,2,15,9.11,0.8859,0.1005,0.007064,4.290
507183,520,410,930,233,49,137,357.49,0.8915,0.5674,0.213293,35,7,80,291.83,0.9071,0.1332,0.010885,4.324
507190,520,472,992,179,60,212,317.89,0.8485,0.5245,0.175700,2,1,18,278.63,0.9008,0.0283,0.000783,4.444
507193,520,415,935,238,59,97,14.15,0.8947,0.5731,0.221712,24,24,46,282.36,0.4209,0.1186,0.010447,4.495
507197,520,373,893,253,43,131,2.79,0.9817,0.5999,0.242527,48,32,22,52.95,0.3477,0.1571,0.017194,4.353
507203,520,433,953,230,64,30,33.11,0.9541,0.5523,0.205864,11,9,70,272.72,0.9441,0.1016,0.007087,4.482
507209,520,463,983,198,68,146,347.17,0.7349,0.5255,0.182171,0,4,33,263.03,1.0003,0.0458,0.001966,4.468
507211,520,339,859,243,72,202,339.20,0.9228,0.6352,0.279565,63,15,102,303.77,0.8560,0.2033,0.023578,4.479
507213,520,414,934,194,66,239,315.60,0.9158,0.5737,0.215990,48,14,21,10.15,0.6019,0.1196,0.009967,4.436
507227,520,405,925,218,40,224,326.68,0.9545,0.5805,0.218069,2,35,26,171.03,0.9384,0.1261,0.012895,4.262
507229,520,354,874,248,11,218,335.35,0.9954,0.6189,0.252609,4,39,86,257.52,0.9155,0.1780,0.021486,4.233
507253,520,471,991,209,2,180,336.35,0.9955,0.5217,0.168961,4,3,26,278.48,0.8219,0.0418,0.001655,4.239
507269,520,377,897,241,18,206,336.87,0.9878,0.6005,0.235926,40,37,26,94.64,0.2322,0.1609,0.018489,4.175
507293,520,393,913,214,38,254,318.71,0.9955,0.5947,0.228399,59,12,14,22.38,0.7767,0.1361,0.012246,4.473
507298,520,450,970,215,59,118,2.37,0.8091,0.5351,0.188854,18,11,21,315.50,0.3225,0.0693,0.004221,4.405
507315,520,475,995,209,22,171,339.20,0.9432,0.5219,0.170716,7,1,2,6.35,0.6054,0.0262,0.000713,4.352
507319,520,410,930,228,61,146,354.12,0.8430,0.5718,0.219094,3,36,9,146.89,0.9743,0.1257,0.013008,4.271
507325,520,339,859,252,24,243,330.31,0.9929,0.6449,0.278229,71,33,16,43.65,0.6557,0.1954,0.024649,4.397
507331,520,351,871,243,80,175,348.51,0.8884,0.6307,0.278901,33,42,77,271.11,0.4968,0.1939,0.025150,4.377
507356,520,479,999,211,21,137,351.16,0.9359,0.5080,0.161937,1,0,5,292.48,1.0000,0.0142,0.000174,4.224
507373,520,445,965,177,53,240,310.80,0.9262,0.5367,0.181855,23,15,3,79.86,0.6387,0.0780,0.005304,4.192
507374,520,444,964,189,88,141,349.57,0.6055,0.5368,0.197228,21,16,12,60.62,0.1830,0.0802,0.005566,4.449
507383,520,381,901,234,45,214,333.25,0.9529,0.6047,0.242268,21,29,81,271.48,0.7664,0.1568,0.016322,4.407
507390,520,386,906,252,6,137,359.25,0.9952,0.5863,0.226354,67,0,41,350.09,1.0000,0.1490,0.013536,4.350
507394,520,455,975,182,10,252,310.97,0.9937,0.5319,0.171915,7,6,40,276.56,0.8436,0.0624,0.003286,4.165
507399,520,441,961,235,14,109,5.70,0.9813,0.5439,0.190835,38,3,39,326.95,0.8079,0.0944,0.006237,4.282
507402,520,462,982,202,28,202,328.25,0.9456,0.5313,0.176531,1,11,13,207.30,0.7595,0.0508,0.002748,4.295
507407,520,290,810,254,70,255,327.80,1.0000,0.6822,0.326741,98,27,22,27.98,0.8118,0.2386,0.034389,4.464
507433,520,387,907,206,80,215,325.01,0.8345,0.5912,0.237671,57,22,19,26.80,0.5795,0.1493,0.014908,4.432
507435,520,432,952,235,54,48,27.76,0.9398,0.5540,0.205170,40,11,21,1.06,0.5800,0.1007,0.007447,4.442
507436,520,269,789,243,107,250,325.67,0.9771,0.7026,0.364745,16,69,68,193.17,0.7796,0.2598,0.047835,4.239
507439,520,432,952,181,72,220,315.79,0.8354,0.5470,0.196268,6,11,71,268.49,0.9545,0.1027,0.007329,4.296
507485,520,383,903,250,68,17,34.46,0.9862,0.5950,0.245023,40,28,56,302.56,0.4529,0.1521,0.015672,4.492
507491,520,434,954,194,45,236,317.12,0.9420,0.5531,0.194036,18,26,7,127.93,0.6233,0.1026,0.008827,4.148
507519,520,411,931,242,48,75,20.14,0.9416,0.5671,0.215025,1,20,75,262.94,0.9797,0.1206,0.010147,4.406
507533,520,384,904,193,104,182,331.88,0.6173,0.5885,0.246168,13,43,3,138.69,0.9779,0.1530,0.018198,4.343
507561,520,470,990,199,1,201,327.82,0.9982,0.5170,0.163826,8,3,25,291.47,0.7483,0.0450,0.001869,4.122
507580,520,466,986,206,68,77,20.71,0.7926,0.5171,0.177940,6,9,21,270.20,0.4321,0.0544,0.002882,4.310
507585,520,467,987,218,21,137,352.78,0.9461,0.5219,0.172504,19,0,0,29.23,1.0000,0.0384,0.001385,4.330
507588,520,355,875,232,24,250,324.20,0.9904,0.6154,0.247136,37,43,27,124.96,0.3208,0.1752,0.022002,4.127
507596,520,473,993,189,38,212,321.75,0.9213,0.5218,0.169599,8,1,6,336.12,0.6615,0.0293,0.000865,4.317
507612,520,474,994,219,4,147,349.22,0.9905,0.5238,0.172560,9,1,9,327.80,0.7097,0.0318,0.000995,4.364
507636,520,453,973,204,45,185,333.71,0.8741,0.5342,0.182188,28,8,8,21.61,0.5335,0.0722,0.004381,4.270
507647,520,477,997,202,66,90,14.03,0.7639,0.5101,0.171932,0,0,20,264.05,1.0000,0.0236,0.000505,4.394
507652,520,331,851,247,54,221,334.54,0.9621,0.6374,0.276359,24,54,23,143.14,0.8014,0.1990,0.028943,4.134
507657,520,437,957,221,40,166,344.19,0.9017,0.5511,0.196454,15,1,66,279.23,0.9888,0.0876,0.005166,4.468
507679,520,467,987,189,63,178,331.55,0.7779,0.5211,0.175897,4,3,30,276.65,0.8746,0.0449,0.001847,4.357
507687,520,461,981,182,68,205,320.47,0.8085,0.5331,0.184883,4,8,23,266.90,0.5717,0.0516,0.002613,4.464
507701,520,434,954,224,59,112,6.49,0.8400,0.5503,0.201477,25,21,9,91.70,0.4019,0.0962,0.007627,4.364
507703,520,415,935,238,67,11,35.37,0.9882,0.5703,0.222188,41,20,36,336.30,0.4305,0.1249,0.010992,4.463
507729,520,450,970,201,57,179,334.89,0.8195,0.5358,0.186002,1,18,25,224.33,0.8552,0.0738,0.005092,4.284
507740,520,379,899,250,64,75,22.98,0.9678,0.5967,0.245023,53,26,53,327.11,0.4973,0.1641,0.017528,4.369
507743,520,418,938,234,49,116,5.38,0.8977,0.5620,0.209530,30,27,4,102.31,0.7474,0.1169,0.010687,4.277
507747,520,473,993,231,5,19,27.96,0.9973,0.5178,0.171476,2,1,18,278.63,0.9008,0.0283,0.000783,4.361
507764,520,391,911,186,98,212,318.03,0.7311,0.5856,0.239290,52,28,17,44.99,0.4902,0.1526,0.016011,4.382
507767,520,437,957,218,21,189,336.08,0.9653,0.5489,0.191182,44,0,7,16.29,1.0000,0.0870,0.005509,4.345
507778,520,249,769,193,167,181,344.33,0.2111,0.7154,0.423116,18,78,1,140.26,0.9982,0.2759,0.055794,4.472
507785,520,435,955,188,59,235,315.04,0.9087,0.5546,0.198186,2,2,73,266.01,0.9948,0.0892,0.005373,4.482
507795,520,480,1000,176,74,179,326.50,0.7155,0.5147,0.173835,0,0,0,0.00,0.0000,0.0000,0.000000,4.477
507797,520,384,904,219,65,207,331.35,0.8806,0.5906,0.233478,31,35,41,258.37,0.1282,0.1513,0.016534,4.261
507801,520,435,955,202,65,190,331.64,0.8141,0.5521,0.200566,6,24,11,151.34,0.7381,0.0892,0.007161,4.383
507815,520,284,804,238,137,118,31.62,0.7588,0.6910,0.373789,47,64,43,139.71,0.3684,0.2526,0.044455,4.487
507820,520,430,950,220,52,139,354.21,0.8460,0.5458,0.195382,10,25,28,211.89,0.4075,0.1004,0.008436,4.199
507837,520,474,994,185,79,146,344.21,0.6478,0.5185,0.179830,5,4,0,101.83,1.0000,0.0323,0.001191,4.490
507853,520,399,919,248,47,83,18.11,0.9575,0.5800,0.226175,26,35,25,142.24,0.2728,0.1405,0.014918,4.254
507856,520,464,984,171,67,217,313.44,0.8342,0.5241,0.176829,13,7,1,79.19,0.7128,0.0486,0.002397,4.329
507863,520,410,930,254,2,80,16.79,0.9989,0.5739,0.216972,8,18,80,267.79,0.9349,0.1260,0.010634,4.403
507880,520,387,907,230,19,221,330.50,0.9868,0.5903,0.225117,62,19,13,30.42,0.7266,0.1522,0.015191,4.220
507896,520,467,987,215,49,104,6.79,0.8516,0.5211,0.176456,5,6,0,115.32,1.0000,0.0379,0.001625,4.387
507903,520,411,931,241,30,133,359.25,0.9557,0.5699,0.213260,50,14,13,24.62,0.6739,0.1211,0.010214,4.372
507920,520,468,988,223,32,65,19.85,0.9530,0.5157,0.171054,7,1,30,287.49,0.9273,0.0429,0.001606,4.283
507924,520,396,916,194,85,216,320.59,0.8014,0.5803,0.229255,20,37,32,173.63,0.3593,0.1442,0.015761,4.247
507945,520,419,939,234,53,76,19.95,0.9167,0.5553,0.205635,15,21,58,272.07,0.7018,0.1135,0.009433,4.301
507965,520,459,979,187,38,230,316.70,0.9447,0.5325,0.176655,7,8,34,276.08,0.7105,0.0615,0.003343,4.249
507969,520,365,885,234,15,238,327.41,0.9936,0.6078,0.240097,22,35,77,267.87,0.6613,0.1680,0.019084,4.199
507983,520,341,861,235,71,225,330.58,0.9259,0.6337,0.276074,82,22,5,36.17,0.9108,0.1962,0.023789,4.419
507985,520,414,934,245,52,24,31.31,0.9779,0.5706,0.219379,16,33,17,145.51,0.5748,0.1244,0.012383,4.318
508003,520,470,990,220,43,86,13.73,0.9013,0.5212,0.176179,8,5,11,309.36,0.3073,0.0424,0.001843,4.363
508007,520,303,823,204,119,251,312.12,0.9480,0.6678,0.329971,1,64,34,155.45,0.9948,0.2271,0.037886,4.323
508008,520,423,943,248,2,70,18.91,0.9988,0.5594,0.204457,11,31,4,137.82,0.9321,0.1124,0.010599,4.199
508022,520,366,886,249,69,108,13.06,0.9431,0.6066,0.254821,10,29,96,265.79,0.9171,0.1667,0.017877,4.491
508041,520,416,936,252,21,7,29.61,0.9957,0.5668,0.212509,34,4,70,296.64,0.9196,0.1173,0.008691,4.473
508044,520,389,909,252,35,119,6.06,0.9760,0.5897,0.232330,66,7,29,4.28,0.8094,0.1492,0.013991,4.412
508052,520,389,909,221,102,41,44.38,0.8749,0.5895,0.250374,34,35,41,278.07,0.1079,0.1543,0.017022,4.482
508064,520,375,895,220,110,54,45.30,0.8164,0.6029,0.266361,14,46,3,138.73,0.9808,0.1637,0.020539,4.485
508081,520,467,987,206,45,157,343.61,0.8449,0.5221,0.174350,5,3,21,285.36,0.7129,0.0394,0.001515,4.355
508083,520,429,949,239,33,70,19.75,0.9651,0.5505,0.198839,14,22,44,267.28,0.5150,0.1041,0.008490,4.254
508105,520,391,911,239,7,196,339.04,0.9945,0.5886,0.224911,45,12,83,298.65,0.8465,0.1549,0.014454,4.265
508106,520,402,922,250,25,125,3.27,0.9748,0.5831,0.225035,15,23,73,270.46,0.8257,0.1319,0.011953,4.439
508113,520,480,1000,185,32,215,319.92,0.9392,0.5138,0.162549,0,0,0,0.00,0.0000,0.0000,0.000000,4.251
508120,520,431,951,177,80,221,313.56,0.8116,0.5523,0.203058,29,18,20,6.86,0.2323,0.0970,0.007444,4.405
508133,520,473,993,180,17,241,312.64,0.9850,0.5208,0.164562,2,3,15,272.68,0.6692,0.0326,0.001125,4.197
508134,520,469,989,161,67,225,307.94,0.8513,0.5161,0.170283,7,1,20,298.63,0.8439,0.0355,0.001174,4.305
508135,520,407,927,233,51,135,358.38,0.8857,0.5682,0.214434,51,10,48,330.98,0.7275,0.1325,0.011344,4.311
508136,520,424,944,199,54,223,321.46,0.9070,0.5583,0.201097,26,9,69,287.19,0.8676,0.1132,0.008446,4.296
508160,520,467,987,218,51,88,13.86,0.8694,0.5244,0.179802,5,7,0,119.34,1.0000,0.0405,0.001842,4.433
508165,520,411,931,213,66,189,335.21,0.8320,0.5711,0.217187,17,13,77,275.18,0.9147,0.1196,0.009428,4.496
508172,520,373,893,206,76,235,319.75,0.8987,0.5997,0.242904,61,4,70,321.55,0.8794,0.1605,0.015213,4.492
508181,520,449,969,239,17,75,17.26,0.9850,0.5447,0.192629,1,8,52,264.72,0.9567,0.0732,0.004280,4.470
508182,520,455,975,218,34,145,350.43,0.9042,0.5317,0.180963,17,1,35,302.01,0.9178,0.0572,0.002622,4.389
508195,520,443,963,211,66,129,357.79,0.7711,0.5393,0.193325,13,20,11,138.81,0.3489,0.0825,0.006100,4.337
508198,520,373,893,253,69,5,35.24,0.9964,0.6015,0.251535,39,38,12,106.93,0.6096,0.1596,0.018441,4.406
508207,520,454,974,200,40,191,330.76,0.8936,0.5273,0.175603,18,3,45,293.24,0.8794,0.0711,0.003832,4.191
508216,520,438,958,225,3,176,341.47,0.9953,0.5501,0.192099,19,18,26,290.47,0.2033,0.0880,0.006456,4.288
508218,520,309,829,237,108,172,351.47,0.7897,0.6566,0.317107,21,51,86,253.96,0.6531,0.2174,0.031988,4.478
508223,520,372,892,245,60,165,350.98,0.9168,0.6101,0.253639,28,27,96,275.98,0.8335,0.1732,0.018752,4.416
508231,520,322,842,238,91,201,338.89,0.8772,0.6476,0.298789,6,58,52,183.15,0.9039,0.2140,0.033126,4.196
508232,520,471,991,173,15,253,308.10,0.9910,0.5204,0.163186,7,3,13,305.08,0.5306,0.0371,0.001394,4.148
508245,520,369,889,212,104,156,351.72,0.6325,0.6050,0.262999,44,37,44,326.01,0.1438,0.1722,0.020405,4.446
508261,520,436,956,232,58,12,33.83,0.9862,0.5492,0.202115,11,18,36,266.64,0.4859,0.0870,0.006311,4.477
508271,520,352,872,236,81,164,351.04,0.8333,0.6151,0.264008,27,48,52,210.93,0.3478,0.1913,0.025948,4.135
508274,520,237,757,252,142,153,14.32,0.9017,0.7294,0.423441,48,76,21,132.35,0.8559,0.2869,0.058513,4.363
508286,520,324,844,223,89,248,321.01,0.9606,0.6490,0.296119,54,51,6,105.51,0.8621,0.2141,0.031651,4.239
508294,520,382,902,228,27,239,325.69,0.9845,0.6017,0.235122,19,25,89,271.49,0.8722,0.1553,0.015549,4.350
508300,520,374,894,216,50,243,321.43,0.9558,0.5971,0.233531,42,36,22,87.36,0.3233,0.1595,0.018119,4.162
508308,520,456,976,223,23,132,355.71,0.9471,0.5306,0.179694,3,8,34,267.18,0.8280,0.0582,0.003085,4.327
508315,520,378,898,234,65,172,346.41,0.8678,0.5979,0.242543,47,3,96,295.84,0.9664,0.1630,0.015140,4.491
508317,520,382,902,242,65,137,0.77,0.8862,0.5982,0.244671,20,38,62,256.08,0.5201,0.1631,0.018827,4.281
508380,520,425,945,243,44,13,31.29,0.9894,0.5599,0.208885,21,24,36,273.33,0.2695,0.1098,0.009401,4.358
508384,520,465,985,220,22,116,0.84,0.9477,0.5181,0.170530,4,1,36,275.99,0.9730,0.0453,0.001749,4.262
508389,520,400,920,177,96,232,309.26,0.8176,0.5835,0.235398,61,15,6,33.53,0.8458,0.1429,0.013471,4.497
508398,520,359,879,231,37,245,324.96,0.9794,0.6154,0.249070,63,30,31,18.97,0.4566,0.1788,0.020844,4.222
508403,520,432,952,200,95,66,36.37,0.7126,0.5451,0.208590,21,20,36,286.03,0.3523,0.1000,0.007871,4.468
508414,520,478,998,210,40,131,354.07,0.8616,0.5139,0.168602,1,0,17,274.34,1.0000,0.0228,0.000469,4.331
508429,520,469,989,230,22,27,27.81,0.9852,0.5211,0.174790,23,0,0,29.23,1.0000,0.0449,0.001822,4.338
508439,520,456,976,232,20,91,11.59,0.9728,0.5345,0.184145,16,7,20,315.18,0.4529,0.0588,0.003126,4.407
508448,520,470,990,188,46,204,323.42,0.8828,0.5201,0.170064,17,0,4,2.41,1.0000,0.0370,0.001280,4.291
508451,520,465,985,184,25,233,315.44,0.9707,0.5232,0.167700,2,8,14,238.91,0.5365,0.0452,0.002183,4.172
508462,520,413,933,222,10,220,328.83,0.9923,0.5732,0.209163,17,11,78,275.44,0.9309,0.1179,0.009085,4.386
508470,520,348,868,250,4,234,331.95,0.9988,0.6313,0.263544,78,9,58,343.04,0.8011,0.1896,0.021208,4.403
508487,520,396,916,232,84,6,40.52,0.9908,0.5796,0.235125,30,31,40,280.05,0.1703,0.1389,0.014092,4.449
508489,520,432,952,209,31,203,329.86,0.9450,0.5457,0.188491,11,19,50,269.21,0.6844,0.0996,0.007671,4.135
508490,520,388,908,255,44,71,21.62,1.0000,0.5900,0.235201,27,23,84,278.66,0.8028,0.1521,0.014858,4.397
508498,520,357,877,233,84,179,344.92,0.8270,0.6202,0.269215,42,45,5,113.78,0.8563,0.1826,0.023800,4.325
508506,520,309,829,248,73,227,333.32,0.9663,0.6582,0.302705,16,57,71,224.54,0.6963,0.2233,0.034912,4.154
508517,520,434,954,243,23,73,18.51,0.9806,0.5548,0.201519,16,26,4,129.18,0.7954,0.1003,0.008577,4.294
508539,520,409,929,239,66,53,28.85,0.9299,0.5742,0.225074,12,36,25,161.76,0.6288,0.1338,0.014101,4.291
508550,520,466,986,202,46,156,342.92,0.8322,0.5150,0.169128,19,1,19,328.11,0.8050,0.0488,0.002072,4.208
508557,520,451,971,187,56,228,316.54,0.9012,0.5449,0.189958,5,19,5,143.74,0.8167,0.0726,0.005090,4.356
508569,520,180,700,233,172,228,329.24,0.7547,0.7890,0.524314,21,92,38,147.37,0.9596,0.3288,0.079533,4.434
508577,520,417,937,160,89,255,299.14,1.0000,0.5691,0.218386,21,29,35,240.86,0.2105,0.1227,0.011595,4.357
508590,520,359,879,254,72,104,15.48,0.9894,0.6181,0.267086,50,26,84,298.87,0.6970,0.1827,0.020570,4.493
508591,520,283,803,247,103,230,332.46,0.9573,0.6922,0.351904,22,68,41,154.52,0.8245,0.2490,0.044647,4.246
508612,520,372,892,249,57,141,359.80,0.9430,0.6056,0.249924,62,29,11,47.29,0.6813,0.1705,0.019272,4.330
508614,520,469,989,219,40,85,13.60,0.9090,0.5168,0.172362,3,4,20,274.26,0.6855,0.0393,0.001567,4.312
508617,520,454,974,204,78,82,21.55,0.7375,0.5281,0.188974,0,7,55,263.72,1.0018,0.0739,0.004278,4.403
508618,520,442,962,202,29,217,324.31,0.9575,0.5424,0.184468,7,21,18,178.69,0.4562,0.0832,0.006252,4.168
508629,520,296,816,251,118,121,20.64,0.9269,0.6784,0.348496,48,52,94,277.68,0.4722,0.2449,0.038924,4.481
508630,520,371,891,238,4,240,327.90,0.9985,0.6141,0.245579,3,24,108,264.59,0.9643,0.1687,0.017552,4.376
508632,520,427,947,216,37,205,331.14,0.9400,0.5626,0.203320,39,1,45,322.04,0.9172,0.0975,0.006426,4.489
508640,520,363,883,201,91,236,317.15,0.8762,0.6117,0.259571,16,31,95,267.62,0.8788,0.1725,0.019162,4.476
508656,520,392,912,234,41,191,339.60,0.9420,0.5889,0.228426,57,3,71,317.75,0.9084,0.1531,0.013900,4.357
508660,520,398,918,237,75,60,29.12,0.9117,0.5813,0.233660,28,32,39,261.65,0.1525,0.1392,0.014264,4.414
508679,520,247,767,233,149,159,12.02,0.6287,0.7180,0.413237,11,78,36,150.45,0.9697,0.2783,0.056471,4.351
508685,520,411,931,252,8,54,23.11,0.9963,0.5668,0.211392,34,11,63,298.69,0.7891,0.1192,0.009383,4.402
508691,520,421,941,222,22,195,335.38,0.9693,0.5603,0.200459,36,0,66,302.27,1.0000,0.1106,0.007684,4.342
508699,520,392,912,205,69,236,319.48,0.9089,0.5912,0.232931,4,22,93,264.98,0.9532,0.1469,0.013898,4.428
508724,520,368,888,231,10,252,323.61,0.9968,0.6116,0.242366,24,43,53,232.41,0.3777,0.1747,0.021789,4.073
508729,520,304,824,241,99,221,333.48,0.9184,0.6729,0.328474,49,52,68,276.43,0.2102,0.2296,0.035263,4.439
508739,520,400,920,228,21,209,333.07,0.9803,0.5795,0.216363,26,29,58,277.06,0.4900,0.1410,0.014038,4.159
508750,520,309,829,183,130,250,302.56,0.8953,0.6613,0.329351,6,64,5,142.51,0.9893,0.2240,0.037163,4.352
508752,520,450,970,233,38,13,30.76,0.9874,0.5351,0.187420,25,7,7,21.46,0.5187,0.0656,0.003740,4.418
508756,520,433,953,227,52,104,9.12,0.8763,0.5472,0.197891,5,19,53,263.42,0.8333,0.0986,0.007550,4.307
508759,520,447,967,197,88,101,14.96,0.6342,0.5360,0.197911,3,22,13,162.02,0.8181,0.0819,0.006222,4.409
508763,520,449,969,191,26,238,316.28,0.9741,0.5391,0.179895,4,13,37,263.73,0.7457,0.0715,0.004472,4.220
508773,520,311,831,194,121,247,309.10,0.8884,0.6561,0.318603,31,60,2,133.47,0.9868,0.2206,0.035273,4.323
508774,520,413,933,253,25,49,24.89,0.9916,0.5731,0.218034,51,16,5,38.72,0.7818,0.1248,0.010855,4.405
508784,520,300,820,251,103,179,351.22,0.9386,0.6745,0.334674,35,60,29,139.69,0.6433,0.2271,0.036777,4.433
508801,520,464,984,141,91,218,298.62,0.7537,0.5205,0.182070,20,3,14,341.61,0.6406,0.0524,0.002456,4.424
508813,520,455,975,235,22,24,28.25,0.9869,0.5316,0.183051,17,3,38,297.34,0.8371,0.0638,0.003242,4.377
508825,520,436,956,202,29,225,322.32,0.9642,0.5483,0.188732,14,18,43,273.94,0.5611,0.0939,0.007004,4.188
508828,520,414,934,202,13,253,316.18,0.9934,0.5651,0.199378,1,17,76,263.76,0.9804,0.1159,0.009291,4.206
508838,520,362,882,240,47,206,336.85,0.9505,0.6118,0.250174,11,47,53,210.64,0.7027,0.1803,0.023611,4.078
508844,520,401,921,253,47,25,30.42,0.9921,0.5831,0.229896,30,31,39,279.58,0.1528,0.1384,0.014025,4.372
508846,520,432,952,244,20,32,27.20,0.9898,0.5506,0.198412,12,26,16,152.33,0.4744,0.1002,0.008543,4.243
508848,520,453,973,147,92,213,302.14,0.7278,0.5256,0.186617,3,18,20,205.65,0.6362,0.0730,0.005025,4.300
508849,520,410,930,242,32,118,4.63,0.9545,0.5678,0.212216,18,23,70,273.00,0.7667,0.1310,0.011835,4.241
508868,520,476,996,170,90,136,345.92,0.5197,0.5084,0.176370,4,0,8,311.99,1.0000,0.0216,0.000433,4.488
508871,520,357,877,239,42,225,331.61,0.9688,0.6184,0.254456,12,51,16,144.97,0.9442,0.1817,0.024831,4.069
508893,520,435,955,218,32,174,340.68,0.9269,0.5451,0.189968,28,9,38,312.25,0.6521,0.0879,0.005822,4.299
508894,520,403,923,217,20,241,322.58,0.9881,0.5822,0.216049,21,30,50,265.01,0.4166,0.1339,0.013182,4.211
508902,520,355,875,253,11,204,339.99,0.9950,0.6200,0.254850,6,42,72,248.51,0.8103,0.1754,0.021624,4.256
508924,520,452,972,162,74,227,307.20,0.8416,0.5280,0.181256,12,16,9,132.05,0.2734,0.0707,0.004685,4.229
508928,520,454,974,184,81,167,334.27,0.6708,0.5304,0.188665,28,2,21,339.45,0.7729,0.0654,0.003445,4.466
508934,520,467,987,226,43,29,29.64,0.9609,0.5248,0.179881,0,10,5,165.38,1.0000,0.0448,0.002280,4.397
508945,520,331,851,253,93,105,19.48,0.9742,0.6413,0.297346,2,54,48,182.83,0.9643,0.1978,0.028645,4.417
508946,520,415,935,215,48,208,330.02,0.9165,0.5700,0.211171,41,17,28,352.41,0.4596,0.1154,0.009562,4.385
508949,520,376,896,237,28,207,335.74,0.9756,0.5971,0.233428,53,9,74,311.57,0.8319,0.1551,0.014467,4.396
508950,520,445,965,242,4,39,25.41,0.9979,0.5429,0.191140,11,18,11,144.75,0.3123,0.0756,0.005279,4.362
508954,520,443,963,216,68,91,15.72,0.8040,0.5391,0.194909,1,11,51,263.59,0.9600,0.0775,0.004848,4.465
508965,520,333,853,240,92,169,351.25,0.8419,0.6376,0.290469,15,40,104,264.27,0.8706,0.2018,0.026185,4.469
508967,520,242,762,252,131,196,348.24,0.9450,0.7252,0.409162,16,78,24,144.93,0.9701,0.2775,0.056247,4.322
508986,520,440,960,220,58,132,357.52,0.8252,0.5486,0.199102,19,20,22,264.47,0.0568,0.0912,0.006967,4.373
509001,520,373,893,229,8,241,325.57,0.9966,0.5999,0.231849,73,4,11,22.80,0.9496,0.1570,0.015277,4.318
509027,520,446,966,198,9,236,318.87,0.9928,0.5437,0.182588,25,8,29,319.76,0.5820,0.0765,0.004691,4.253
509031,520,478,998,199,63,105,5.76,0.7526,0.5052,0.167190,1,0,8,284.42,1.0000,0.0165,0.000240,4.323
509033,520,14,534,243,252,245,152.61,0.5923,0.9795,0.952678,2,135,68,152.12,0.9980,0.4741,0.177574,4.406
509036,520,469,989,213,55,92,12.29,0.8368,0.5194,0.176536,12,0,23,308.50,1.0000,0.0401,0.001400,4.407
509042,520,321,841,251,68,207,339.52,0.9734,0.6478,0.291516,42,38,103,280.75,0.6987,0.2143,0.028577,4.346
509046,520,449,969,184,49,237,313.80,0.9303,0.5414,0.185025,0,12,38,257.72,1.0000,0.0671,0.004029,4.350
509058,520,451,971,202,23,212,325.64,0.9656,0.5361,0.179246,16,6,34,296.35,0.7022,0.0654,0.003559,4.280
509061,520,401,921,207,64,224,323.26,0.8955,0.5810,0.223157,20,15,93,274.10,0.9384,0.1438,0.012806,4.349
509063,520,440,960,145,89,251,294.54,0.9542,0.5484,0.201296,25,14,32,311.25,0.4475,0.0890,0.006250,4.467
509064,520,372,892,241,35,219,333.58,0.9750,0.6146,0.250201,27,45,29,147.21,0.4450,0.1732,0.021984,4.170
509073,520,406,926,219,83,132,1.10,0.7339,0.5759,0.229148,29,30,21,112.86,0.2128,0.1277,0.012439,4.471
509076,520,420,940,249,3,48,24.01,0.9986,0.5586,0.204219,15,6,80,274.37,0.9686,0.1124,0.008109,4.375
509097,520,458,978,195,18,221,321.51,0.9774,0.5291,0.172567,17,6,26,308.00,0.5987,0.0611,0.003240,4.180
509101,520,454,974,210,61,117,2.09,0.7879,0.5275,0.183257,30,1,18,347.05,0.8324,0.0654,0.003414,4.367
509113,520,433,953,212,11,210,328.85,0.9873,0.5487,0.188916,30,22,10,76.79,0.4163,0.1050,0.008718,4.069
509119,520,364,884,245,32,203,338.66,0.9745,0.6110,0.247604,65,22,29,12.80,0.6024,0.1668,0.017865,4.385
509125,520,401,921,206,84,178,337.52,0.7334,0.5753,0.226786,15,31,66,263.64,0.6762,0.1444,0.014748,4.275
509139,520,468,988,147,67,247,298.46,0.9451,0.5166,0.169330,15,0,22,316.05,1.0000,0.0430,0.001595,4.251
509142,520,261,781,244,145,51,59.15,0.9110,0.7052,0.397255,45,72,24,133.62,0.8006,0.2722,0.052585,4.360
509168,520,457,977,231,42,35,28.52,0.9603,0.5349,0.187692,3,12,26,254.73,0.6321,0.0611,0.003569,4.437
509170,520,272,792,199,150,225,313.47,0.6381,0.7043,0.393917,31,69,65,186.44,0.5221,0.2648,0.049290,4.471
509198,520,110,630,251,203,220,355.14,0.8140,0.8702,0.683898,7,112,20,143.70,0.9955,0.3917,0.116835,4.399
509202,520,465,985,200,76,98,12.69,0.7047,0.5220,0.183320,0,8,19,244.47,1.0000,0.0456,0.002207,4.469
509208,520,409,929,180,99,199,319.76,0.6678,0.5711,0.227515,0,29,69,256.69,0.9999,0.1348,0.013083,4.399
509224,520,461,981,210,49,143,350.06,0.8314,0.5262,0.178836,16,3,13,335.51,0.5930,0.0468,0.002044,4.397
509248,520,320,840,243,65,246,327.33,0.9703,0.6545,0.294917,92,17,1,34.13,0.9871,0.2110,0.026788,4.492
509257,520,386,906,223,80,154,351.80,0.7698,0.5873,0.237608,59,13,45,342.15,0.7012,0.1490,0.014073,4.489
509262,520,414,934,213,31,233,323.30,0.9718,0.5737,0.210112,0,25,69,259.23,1.0000,0.1248,0.011249,4.247
509267,520,364,884,250,36,179,346.62,0.9650,0.6097,0.248437,47,32,56,312.12,0.3904,0.1701,0.019229,4.311
509269,520,336,856,205,99,247,315.18,0.9327,0.6358,0.286195,25,46,76,257.41,0.5432,0.1983,0.026824,4.376
509270,520,433,953,230,35,134,357.02,0.9246,0.5511,0.197491,24,21,33,295.69,0.2685,0.1037,0.008403,4.238
509281,520,364,884,210,87,216,325.81,0.8268,0.6069,0.254776,66,24,17,31.39,0.6662,0.1691,0.018522,4.448
509288,520,461,981,146,82,235,298.66,0.8559,0.5254,0.181440,10,0,42,285.16,1.0000,0.0545,0.002317,4.424
509289,520,161,681,249,190,26,85.20,0.9763,0.8051,0.570433,6,101,19,143.93,0.9951,0.3540,0.093927,4.311
509292,520,397,917,204,46,250,316.74,0.9760,0.5805,0.216950,34,16,81,288.24,0.8230,0.1443,0.013047,4.234
509301,520,455,975,200,13,206,326.72,0.9799,0.5251,0.170252,26,2,2,25.68,0.8658,0.0553,0.002674,4.181
509312,520,363,883,237,59,198,338.60,0.9171,0.6109,0.252124,73,10,38,359.17,0.7863,0.1704,0.017737,4.460
509317,520,255,775,250,136,177,358.20,0.8698,0.7236,0.411093,6,76,53,164.25,0.9647,0.2748,0.054644,4.406
509327,520,270,790,190,156,207,314.29,0.4446,0.6984,0.392296,18,74,27,145.88,0.9543,0.2648,0.051051,4.377
509331,520,421,941,174,75,243,307.72,0.9146,0.5583,0.205026,26,24,19,88.80,0.1363,0.1076,0.009199,4.308
509343,520,252,772,221,134,252,316.66,0.9663,0.7151,0.394519,61,64,67,248.00,0.0468,0.2743,0.050641,4.417
509364,520,367,887,239,22,231,330.18,0.9893,0.6136,0.246968,54,16,78,308.77,0.7767,0.1680,0.017050,4.429
509365,520,418,938,125,105,251,284.71,0.9468,0.5553,0.214278,7,22,69,265.51,0.8817,0.1215,0.010486,4.369
509377,520,401,921,248,46,90,15.86,0.9548,0.5808,0.226521,61,0,44,342.99,1.0000,0.1378,0.011741,4.479
509401,520,475,995,231,13,31,26.73,0.9922,0.5205,0.173788,7,4,1,78.54,0.5590,0.0350,0.001342,4.359
509407,520,219,739,245,141,227,333.70,0.9241,0.7456,0.440104,52,79,5,129.07,0.9705,0.2982,0.063329,4.325
509418,520,465,985,158,70,229,305.68,0.8575,0.5190,0.173071,15,6,6,19.61,0.3247,0.0502,0.002450,4.253
509419,520,387,907,195,89,214,321.32,0.7839,0.5860,0.236032,53,7,72,313.17,0.8486,0.1513,0.013768,4.486
509426,520,354,874,242,99,49,38.63,0.9159,0.6216,0.280257,28,46,40,171.49,0.3194,0.1807,0.023540,4.491
509465,520,333,853,242,34,249,326.68,0.9867,0.6354,0.268635,52,10,119,290.19,0.9429,0.2027,0.022790,4.377
509472,520,403,923,255,19,97,12.56,1.0000,0.5834,0.225926,40,26,17,53.65,0.3545,0.1298,0.012304,4.429
509480,520,462,982,213,42,142,350.73,0.8634,0.5259,0.177574,3,9,15,241.10,0.4483,0.0489,0.002492,4.335
509481,520,406,926,253,20,111,8.02,0.9855,0.5833,0.225343,18,31,48,255.52,0.4295,0.1332,0.013219,4.355
509483,520,452,972,233,2,75,16.10,0.9979,0.5284,0.178782,12,1,56,279.87,0.9838,0.0732,0.003854,4.248
509496,520,465,985,227,27,56,22.22,0.9704,0.5200,0.174032,18,2,13,339.34,0.6915,0.0470,0.002011,4.307
509516,520,439,959,232,43,115,4.83,0.9096,0.5534,0.201243,25,9,47,298.65,0.7323,0.0909,0.006073,4.481
509523,520,455,975,224,36,113,3.57,0.9128,0.5322,0.183040,9,14,7,136.09,0.3277,0.0629,0.003875,4.326
509527,520,310,830,234,93,238,326.61,0.9278,0.6642,0.314964,7,63,20,146.59,0.9796,0.2224,0.036505,4.219
509528,520,385,905,225,79,150,353.83,0.7777,0.5879,0.238040,14,41,25,155.30,0.6956,0.1510,0.017494,4.268
509536,520,392,912,240,42,173,346.44,0.9378,0.5913,0.232013,10,16,102,267.98,0.9696,0.1511,0.013943,4.410
509565,520,453,973,189,97,54,44.27,0.7196,0.5288,0.196361,5,18,14,172.90,0.5147,0.0722,0.004966,4.482
509569,520,438,958,201,13,235,319.87,0.9897,0.5487,0.187051,5,21,39,252.10,0.6628,0.0926,0.007150,4.148
509572,520,427,947,211,78,134,357.44,0.7248,0.5560,0.210210,1,28,8,150.04,0.9840,0.0980,0.008545,4.445
509582,520,341,861,229,99,168,349.82,0.7557,0.6289,0.284112,18,54,34,156.32,0.7535,0.1985,0.028823,4.239
509593,520,414,934,227,76,106,12.54,0.8022,0.5730,0.225430,22,30,11,127.80,0.5452,0.1185,0.011233,4.498
509610,520,479,999,219,38,1,31.94,0.9987,0.5053,0.164512,0,1,0,142.50,1.0000,0.0135,0.000217,4.272
509614,520,433,953,156,83,249,299.54,0.9414,0.5506,0.200943,11,24,25,202.00,0.3442,0.0969,0.007946,4.331
509615,520,461,981,231,28,35,27.04,0.9780,0.5265,0.179438,24,1,8,0.43,0.8170,0.0517,0.002335,4.384
509621,520,419,939,251,18,20,28.56,0.9929,0.5642,0.209961,45,13,17,15.14,0.6040,0.1114,0.008863,4.416
509642,520,395,915,244,57,116,7.85,0.9128,0.5880,0.234236,50,24,22,25.24,0.4409,0.1419,0.013894,4.449
509664,520,138,658,174,218,231,217.71,0.4541,0.8387,0.649098,22,106,26,143.46,0.9792,0.3746,0.105528,4.495
509672,520,412,932,186,66,246,311.56,0.9439,0.5673,0.209904,51,10,12,21.73,0.7543,0.1171,0.009476,4.370
509680,520,431,951,237,46,34,29.22,0.9601,0.5502,0.200772,12,10,69,273.45,0.9308,0.1025,0.007249,4.380
509685,520,425,945,221,50,170,343.19,0.8740,0.5603,0.205580,35,17,35,326.97,0.4520,0.1097,0.008796,4.347
509689,520,391,911,221,54,218,328.88,0.9253,0.5912,0.230746,29,11,95,280.66,0.9349,0.1488,0.013267,4.437
509700,520,470,990,192,12,217,321.72,0.9839,0.5191,0.164807,15,0,19,320.98,1.0000,0.0411,0.001486,4.172
509714,520,400,920,247,9,156,352.41,0.9919,0.5844,0.223732,39,7,77,297.12,0.8894,0.1351,0.011191,4.473
509728,520,409,929,237,38,142,355.81,0.9311,0.5696,0.213468,1,38,2,143.18,0.9953,0.1304,0.013970,4.119
509738,520,465,985,190,72,159,339.38,0.7128,0.5233,0.180866,6,6,18,281.86,0.4582,0.0461,0.002126,4.429
509744,520,454,974,173,47,242,309.41,0.9381,0.5275,0.173289,12,5,47,281.94,0.8742,0.0709,0.003919,4.141
509745,520,432,952,175,60,249,307.85,0.9619,0.5480,0.191860,17,9,62,280.22,0.8770,0.0970,0.006623,4.271
509765,520,389,909,255,45,57,25.03,1.0000,0.5887,0.234360,25,34,52,263.59,0.3584,0.1491,0.015986,4.309
509778,520,330,850,244,66,218,334.72,0.9444,0.6400,0.281943,66,14,105,304.71,0.8689,0.2099,0.024923,4.430
509781,520,433,953,230,62,37,31.51,0.9414,0.5507,0.204047,47,3,20,1.99,0.8234,0.1015,0.007201,4.441
509786,520,400,920,251,46,14,31.30,0.9904,0.5779,0.224986,39,18,68,298.86,0.7171,0.1407,0.012813,4.378
509795,520,388,908,225,94,89,24.96,0.7773,0.5903,0.247367,10,35,65,254.87,0.7181,0.1518,0.016482,4.473
509796,520,422,942,236,53,82,18.18,0.9156,0.5605,0.209914,47,6,39,336.94,0.7564,0.1147,0.008812,4.419
509817,520,432,952,202,63,193,330.68,0.8262,0.5518,0.199636,18,15,57,280.07,0.7494,0.1026,0.007656,4.330
509826,520,447,967,238,14,17,28.57,0.9933,0.5350,0.185350,25,13,9,39.33,0.3493,0.0777,0.005143,4.268
509853,520,478,998,177,11,236,312.95,0.9894,0.5099,0.156436,3,2,2,18.05,0.1289,0.0243,0.000672,4.074
509865,520,391,911,236,70,115,8.93,0.8508,0.5852,0.234539,9,42,8,142.70,0.9534,0.1486,0.017315,4.227
509878,520,457,977,161,81,216,308.75,0.7805,0.5280,0.184204,17,3,39,296.46,0.8443,0.0646,0.003308,4.393
509889,520,372,892,254,60,106,13.00,0.9904,0.6072,0.253468,70,21,19,25.69,0.7140,0.1723,0.018856,4.407
509900,520,399,919,222,57,195,335.66,0.8872,0.5814,0.223983,64,0,28,1.57,1.0000,0.1367,0.011740,4.438
509908,520,393,913,255,39,69,21.64,1.0000,0.5866,0.231445,20,37,13,137.30,0.7026,0.1389,0.015009,4.329
509910,520,454,974,193,27,227,319.38,0.9655,0.5339,0.176688,0,12,42,259.48,1.0000,0.0704,0.004301,4.175
509911,520,364,884,242,10,221,333.28,0.9953,0.6097,0.243177,32,25,95,279.68,0.8205,0.1718,0.018285,4.293
509939,520,453,973,176,88,163,333.10,0.6065,0.5269,0.188550,30,2,32,325.41,0.8133,0.0749,0.004238,4.398
509946,520,386,906,232,89,43,37.45,0.9116,0.5886,0.244778,21,33,68,267.32,0.6028,0.1548,0.016644,4.423
509957,520,445,965,232,4,116,2.52,0.9938,0.5377,0.185066,28,8,31,322.30,0.6124,0.0817,0.005195,4.259
509980,520,418,938,243,4,109,6.70,0.9959,0.5583,0.202490,31,20,51,297.81,0.5512,0.1207,0.010306,4.187
509989,520,465,985,204,76,30,38.36,0.9037,0.5176,0.181021,16,2,22,316.16,0.7574,0.0490,0.002115,4.433
510016,520,398,918,216,17,244,321.68,0.9908,0.5819,0.215334,51,17,45,334.80,0.6054,0.1403,0.012943,4.216
510027,520,345,865,242,16,244,327.88,0.9949,0.6260,0.257822,86,5,30,11.13,0.9114,0.1917,0.021811,4.287
510030,520,478,998,195,26,184,331.45,0.9262,0.5057,0.158033,1,1,15,273.08,0.9139,0.0250,0.000626,4.109
510039,520,455,975,205,45,167,339.84,0.8524,0.5256,0.176479,3,4,49,269.08,0.9656,0.0641,0.003279,4.251
510043,520,421,941,183,84,209,318.79,0.7662,0.5583,0.210125,42,8,37,334.12,0.6979,0.1074,0.007995,4.485
510058,520,391,911,238,23,197,338.63,0.9790,0.5913,0.228240,51,25,44,337.86,0.4486,0.1542,0.015810,4.228
510062,520,469,989,201,76,57,31.13,0.8021,0.5151,0.178838,6,8,2,121.14,0.5310,0.0447,0.002168,4.387
510063,520,408,928,171,95,219,310.33,0.7548,0.5651,0.219575,14,26,61,266.69,0.6866,0.1271,0.011690,4.370
510066,520,350,870,228,117,48,48.75,0.8637,0.6277,0.294324,5,52,52,194.90,0.8843,0.1939,0.027361,4.451
510070,520,458,978,219,17,151,348.09,0.9609,0.5289,0.176978,21,7,18,335.30,0.4662,0.0638,0.003551,4.239
510082,520,379,899,176,102,241,306.08,0.8545,0.5981,0.250843,44,38,0,100.33,1.0000,0.1639,0.019217,4.346
510108,520,365,885,252,29,169,349.84,0.9773,0.6057,0.244422,23,32,90,271.14,0.7890,0.1736,0.019533,4.234
510115,520,358,878,244,12,233,330.86,0.9957,0.6213,0.253821,25,29,97,273.23,0.8436,0.1759,0.019484,4.373
510119,520,357,877,252,49,183,346.24,0.9766,0.6228,0.263143,42,32,82,288.81,0.6210,0.1829,0.021344,4.389
510131,520,406,926,253,1,104,9.66,0.9993,0.5771,0.219076,12,28,59,262.11,0.6745,0.1293,0.012244,4.323
510137,520,465,985,213,6,171,340.09,0.9865,0.5249,0.172189,13,3,22,308.02,0.6949,0.0479,0.002086,4.266
510141,520,410,930,255,0,56,22.61,1.0000,0.5718,0.215494,39,28,15,70.39,0.4022,0.1329,0.012964,4.217
510142,520,215,735,255,134,243,331.03,1.0000,0.7554,0.447837,28,76,97,230.12,0.6485,0.3010,0.062786,4.414
510171,520,477,997,219,4,117,359.69,0.9905,0.5112,0.164339,1,1,7,277.79,0.7136,0.0203,0.000435,4.250
510173,520,400,920,216,58,203,331.68,0.8855,0.5767,0.219389,24,27,63,276.50,0.5908,0.1383,0.013369,4.251
510176,520,460,980,221,50,103,8.32,0.8661,0.5334,0.186352,9,7,35,281.00,0.7242,0.0618,0.003314,4.433
510180,520,469,989,227,14,75,15.88,0.9832,0.5184,0.171559,11,1,16,316.57,0.7875,0.0374,0.001303,4.319
510182,520,402,922,232,32,194,338.15,0.9590,0.5821,0.220866,60,4,11,20.22,0.9132,0.1280,0.010718,4.461
510183,520,474,994,224,13,92,9.79,0.9791,0.5158,0.169107,1,1,23,270.14,0.9662,0.0307,0.000900,4.305
510189,520,406,926,251,47,0,32.24,1.0000,0.5782,0.225459,31,27,47,292.42,0.3591,0.1337,0.012804,4.386
510213,520,388,908,228,65,170,345.64,0.8480,0.5863,0.231794,61,17,32,2.40,0.6431,0.1523,0.014974,4.337
510241,520,448,968,195,19,235,318.19,0.9825,0.5405,0.180675,1,23,3,145.44,0.9856,0.0811,0.006258,4.100
510242,520,406,926,221,7,227,326.90,0.9952,0.5758,0.210724,21,23,69,275.85,0.7286,0.1322,0.012018,4.204
510250,520,419,939,155,93,239,299.77,0.8522,0.5565,0.210295,16,26,25,188.39,0.2333,0.1060,0.009191,4.398
510259,520,429,949,229,40,129,358.92,0.9079,0.5502,0.197634,23,19,38,292.38,0.4065,0.1009,0.007878,4.279
510272,520,478,998,185,11,216,319.99,0.9839,0.5062,0.155129,4,1,5,320.09,0.5789,0.0237,0.000585,4.055
510280,520,455,975,228,8,115,2.24,0.9862,0.5300,0.179083,1,4,45,265.90,0.9705,0.0582,0.002827,4.336
510294,520,313,833,252,46,244,330.03,0.9895,0.6550,0.291841,40,26,131,278.01,0.9147,0.2220,0.028285,4.367
510298,520,367,887,215,83,216,327.44,0.8480,0.6095,0.255933,74,16,21,20.29,0.7831,0.1738,0.018808,4.446
510328,520,446,966,235,33,5,30.76,0.9954,0.5360,0.187640,18,19,4,112.13,0.6128,0.0825,0.006031,4.241
510346,520,386,906,229,51,192,338.26,0.9123,0.5872,0.228340,47,5,81,302.78,0.9151,0.1485,0.013070,4.413
510367,520,447,967,179,91,163,334.49,0.5972,0.5364,0.197114,29,2,47,307.80,0.8959,0.0850,0.005099,4.485
510372,520,283,803,250,86,245,329.12,0.9810,0.6850,0.335749,46,34,141,278.35,0.8851,0.2508,0.036478,4.461
510379,520,390,910,193,68,253,312.05,0.9859,0.5850,0.225647,57,24,26,17.66,0.5033,0.1549,0.015978,4.178
510387,520,480,1000,205,35,157,343.00,0.8801,0.5132,0.166176,0,0,0,0.00,0.0000,0.0000,0.000000,4.324
510397,520,468,988,224,13,109,3.77,0.9757,0.5209,0.172420,8,0,34,287.55,1.0000,0.0450,0.001671,4.305
510422,520,403,923,252,47,33,29.46,0.9882,0.5816,0.228420,0,37,15,153.10,1.0000,0.1288,0.013576,4.379
510448,520,425,945,241,2,127,0.41,0.9976,0.5596,0.202798,10,31,7,141.02,0.8915,0.1124,0.010598,4.172
510450,520,324,844,244,98,175,350.54,0.8683,0.6547,0.310664,36,57,4,129.59,0.9569,0.2145,0.033100,4.340
510467,520,310,830,230,125,117,25.48,0.7056,0.6567,0.327769,46,56,10,121.07,0.8289,0.2208,0.034311,4.481
510475,520,392,912,185,94,229,313.19,0.8165,0.5891,0.239778,27,38,11,127.97,0.6795,0.1472,0.016434,4.362
510480,520,330,850,240,108,117,18.19,0.8151,0.6436,0.305375,11,59,37,158.81,0.9028,0.2135,0.033325,4.265
510484,520,431,951,222,40,163,345.42,0.9017,0.5515,0.196940,10,14,60,271.76,0.8695,0.0979,0.007048,4.329
510491,520,431,951,238,4,118,2.91,0.9949,0.5508,0.195752,23,6,62,288.11,0.8853,0.0983,0.006602,4.342
510493,520,352,872,165,121,237,299.29,0.7782,0.6159,0.277887,40,48,11,120.51,0.7527,0.1903,0.025892,4.320
510495,520,478,998,186,83,100,12.03,0.6119,0.5090,0.175473,6,0,1,6.99,1.0000,0.0204,0.000409,4.473
510500,520,345,865,221,76,241,322.60,0.9355,0.6266,0.268938,32,48,48,196.06,0.2423,0.1931,0.026343,4.178
510504,520,448,968,169,58,249,306.07,0.9625,0.5376,0.183014,22,5,44,298.82,0.8035,0.0782,0.004610,4.267
510525,520,354,874,247,1,225,333.41,0.9996,0.6197,0.252352,66,24,43,354.23,0.5696,0.1772,0.019861,4.328
510532,520,478,998,158,45,244,304.33,0.9474,0.5061,0.156781,4,1,2,354.20,0.4589,0.0220,0.000519,4.093
510558,520,442,962,227,60,10,34.62,0.9867,0.5411,0.195874,21,7,47,293.77,0.7819,0.0831,0.005166,4.457
510565,520,442,962,240,1,48,23.52,0.9994,0.5389,0.187637,4,21,13,162.51,0.7104,0.0796,0.005912,4.250
510570,520,400,920,252,27,91,14.41,0.9811,0.5787,0.222383,2,29,77,260.17,0.9551,0.1433,0.014274,4.238
510574,520,413,933,214,65,185,336.79,0.8306,0.5695,0.215816,2,30,52,245.72,0.8608,0.1245,0.011893,4.295
510592,520,376,896,253,38,129,3.13,0.9826,0.5964,0.238575,17,40,41,199.20,0.4610,0.1553,0.017968,4.246
510625,520,343,863,236,51,247,325.56,0.9726,0.6332,0.269184,27,48,49,199.64,0.3421,0.1899,0.025686,4.217
510641,520,398,918,244,53,83,18.53,0.9345,0.5766,0.224072,33,12,81,288.40,0.8665,0.1377,0.011803,4.435
510660,520,459,979,180,45,232,313.90,0.9293,0.5280,0.174073,14,11,1,98.17,0.7899,0.0585,0.003349,4.200
510661,520,279,799,219,118,252,317.21,0.9719,0.6863,0.350467,2,71,45,160.59,0.9888,0.2545,0.047086,4.125
510670,520,469,989,188,28,224,318.66,0.9593,0.5237,0.169050,5,2,26,283.59,0.8529,0.0403,0.001503,4.253
510671,520,342,862,231,71,227,329.00,0.9225,0.6284,0.270438,47,37,65,299.63,0.3949,0.1872,0.023091,4.384
510683,520,440,960,229,7,164,346.07,0.9892,0.5524,0.194931,29,14,20,354.52,0.3484,0.0885,0.006258,4.354
510687,520,472,992,222,42,54,24.12,0.9399,0.5185,0.174546,5,2,4,337.56,0.3453,0.0279,0.000845,4.416
510688,520,313,833,236,98,208,336.25,0.8705,0.6571,0.311247,45,42,99,281.79,0.6219,0.2222,0.031146,4.452
510697,520,402,922,241,21,172,346.46,0.9770,0.5831,0.222188,11,33,29,180.14,0.5439,0.1253,0.012475,4.357
510708,520,344,864,249,58,191,343.48,0.9565,0.6277,0.269306,31,43,70,265.12,0.4335,0.1901,0.024612,4.280
510724,520,341,861,210,100,220,324.22,0.8046,0.6274,0.279849,81,4,75,332.10,0.8840,0.2026,0.023444,4.491
510732,520,414,934,183,93,206,319.10,0.7226,0.5698,0.223532,23,27,42,272.35,0.3106,0.1228,0.011332,4.460
510738,520,430,950,199,32,238,318.39,0.9680,0.5548,0.193497,14,25,26,203.12,0.2691,0.1021,0.008632,4.153
510743,520,311,831,234,88,233,328.04,0.9147,0.6552,0.303573,23,43,115,266.99,0.8530,0.2236,0.031475,4.340
510745,520,273,793,236,127,210,336.81,0.8286,0.7017,0.376669,53,66,33,126.62,0.5161,0.2617,0.047631,4.370
510747,520,462,982,182,30,237,313.84,0.9650,0.5258,0.169892,14,3,29,300.86,0.7721,0.0535,0.002472,4.191
510757,520,418,938,238,33,120,3.33,0.9458,0.5609,0.206241,15,19,71,272.50,0.8500,0.1218,0.010222,4.255
510760,520,425,945,156,107,201,306.68,0.6138,0.5558,0.218007,1,29,33,207.91,0.9278,0.1095,0.009949,4.471
510763,520,377,897,253,37,152,355.59,0.9826,0.6041,0.244763,55,14,70,315.33,0.7655,0.1603,0.015686,4.487
510765,520,344,864,255,88,3,39.39,1.0000,0.6273,0.282496,34,38,86,276.19,0.6140,0.1920,0.023981,4.494
510771,520,268,788,223,126,253,317.74,0.9806,0.7049,0.377030,51,65,53,148.98,0.2264,0.2622,0.047414,4.384
510786,520,342,862,247,70,170,350.40,0.9245,0.6250,0.270599,56,23,91,301.86,0.7574,0.1923,0.022089,4.447
510790,520,399,919,200,56,243,316.86,0.9422,0.5765,0.215802,7,38,36,189.04,0.7332,0.1420,0.015587,4.053
510811,520,474,994,194,2,213,323.34,0.9970,0.5172,0.163184,6,0,19,299.15,1.0000,0.0308,0.000857,4.192
510837,520,200,720,243,161,201,349.12,0.7646,0.7686,0.487634,65,83,3,123.00,0.9766,0.3215,0.073168,4.365
510846,520,352,872,220,94,195,335.92,0.7758,0.6200,0.271632,53,41,12,86.40,0.6679,0.1855,0.023694,4.364
510850,520,476,996,209,26,150,346.21,0.9177,0.5124,0.164983,4,0,7,315.09,1.0000,0.0210,0.000412,4.265
510863,520,459,979,230,5,87,12.06,0.9935,0.5253,0.176227,11,3,41,285.08,0.8882,0.0606,0.002964,4.271
510871,520,391,911,208,76,209,327.49,0.8341,0.5858,0.231840,41,33,22,75.26,0.2844,0.1502,0.016171,4.259
510872,520,382,902,255,13,165,351.32,1.0000,0.6049,0.242681,11,45,30,161.14,0.7924,0.1643,0.020416,4.156
510885,520,456,976,219,27,139,352.50,0.9287,0.5273,0.177105,14,9,24,298.02,0.4437,0.0629,0.003547,4.241
510897,520,355,875,230,63,233,327.27,0.9403,0.6232,0.262635,49,42,3,98.75,0.9014,0.1819,0.023155,4.274
510912,520,425,945,231,52,119,4.07,0.8797,0.5596,0.207797,19,17,62,278.71,0.7600,0.1119,0.008871,4.379
510920,520,384,904,247,18,159,351.63,0.9829,0.5878,0.227133,62,10,36,354.55,0.7463,0.1469,0.013688,4.351
510925,520,314,834,226,109,208,333.53,0.7976,0.6576,0.316621,15,60,53,180.71,0.7610,0.2238,0.035902,4.268
510941,520,313,833,200,113,255,310.36,1.0000,0.6555,0.313106,26,44,112,267.79,0.8122,0.2245,0.031907,4.433
510947,520,307,827,253,105,140,8.34,0.9566,0.6670,0.328824,27,60,45,162.46,0.5716,0.2263,0.036541,4.377
510953,520,477,997,156,47,251,302.19,0.9779,0.5116,0.160665,0,3,3,194.77,1.0000,0.0242,0.000717,4.154
510954,520,423,943,224,21,187,338.13,0.9689,0.5589,0.199740,5,7,84,267.36,0.9833,0.1131,0.008242,4.288
510963,520,395,915,223,75,171,344.62,0.8038,0.5888,0.236627,14,39,14,143.67,0.8479,0.1418,0.015761,4.359
510977,520,426,946,242,45,33,29.24,0.9654,0.5597,0.208672,31,7,61,297.76,0.8400,0.1082,0.007802,4.475
510982,520,475,995,230,6,21,27.77,0.9966,0.5160,0.170105,6,0,17,302.34,1.0000,0.0295,0.000792,4.333
510984,520,447,967,230,48,36,29.19,0.9505,0.5376,0.190673,19,17,14,78.13,0.1052,0.0810,0.005711,4.320
510986,520,371,891,246,52,167,350.07,0.9298,0.6065,0.248420,37,35,61,286.28,0.3891,0.1686,0.019323,4.305
511004,520,428,948,238,54,45,28.41,0.9453,0.5597,0.210081,25,22,12,93.37,0.3110,0.0994,0.008070,4.479
511011,520,416,936,233,53,132,359.67,0.8800,0.5687,0.215387,27,28,20,113.41,0.1962,0.1198,0.011140,4.341
511026,520,377,897,236,30,219,332.41,0.9775,0.6035,0.238786,52,30,30,19.64,0.3302,0.1606,0.017524,4.277
511031,520,404,924,234,53,154,351.92,0.8874,0.5792,0.223746,31,23,55,292.65,0.5373,0.1299,0.011799,4.430
511041,520,358,878,217,77,243,320.95,0.9395,0.6229,0.265323,26,47,20,139.02,0.6779,0.1767,0.023031,4.318
511042,520,479,999,200,68,101,9.00,0.7371,0.5121,0.173552,0,0,7,264.05,1.0000,0.0135,0.000153,4.457
511043,520,441,961,186,45,234,315.24,0.9350,0.5389,0.182576,22,19,7,96.08,0.4373,0.0874,0.006517,4.115
511044,520,458,978,229,2,104,6.08,0.9968,0.5272,0.177039,21,4,24,321.89,0.6710,0.0608,0.003122,4.274
511046,520,430,950,203,87,112,9.24,0.6559,0.5477,0.206847,20,19,34,286.34,0.3422,0.0955,0.007300,4.483
511047,520,437,957,115,103,254,281.39,0.9879,0.5452,0.205006,1,22,33,232.46,0.8824,0.0891,0.006900,4.482
511052,520,409,929,185,75,241,311.79,0.9091,0.5721,0.216983,9,17,82,268.49,0.9404,0.1271,0.010681,4.400
511056,520,437,957,206,6,232,321.93,0.9952,0.5533,0.190800,33,3,42,317.46,0.8251,0.0884,0.005557,4.334
511060,520,401,921,236,74,26,35.65,0.9638,0.5750,0.228081,51,20,40,342.82,0.5282,0.1427,0.013574,4.374
511063,520,401,921,253,7,108,8.57,0.9950,0.5793,0.221210,37,11,77,294.25,0.8487,0.1370,0.011685,4.397
511095,520,423,943,197,73,197,327.77,0.7937,0.5574,0.206682,20,25,23,169.39,0.1171,0.1057,0.009058,4.346
511122,520,420,940,173,71,251,306.04,0.9682,0.5587,0.203564,35,22,11,60.59,0.4353,0.1118,0.009553,4.258
511130,520,445,965,237,40,5,31.46,0.9954,0.5445,0.195363,20,15,11,60.58,0.1897,0.0765,0.005145,4.449
511138,520,479,999,182,63,186,326.50,0.7831,0.5146,0.170466,1,0,2,311.99,1.0000,0.0114,0.000108,4.400
511152,520,385,905,207,98,170,342.23,0.6617,0.5936,0.249048,17,41,10,139.21,0.8904,0.1494,0.017269,4.446
511159,520,400,920,216,75,172,342.34,0.7843,0.5773,0.226118,49,16,50,326.43,0.6403,0.1385,0.012539,4.415
511194,520,404,924,210,79,190,334.22,0.7859,0.5816,0.230132,2,38,11,148.30,0.9832,0.1323,0.014232,4.361
511220,520,417,937,210,20,244,320.13,0.9875,0.5728,0.207354,46,5,57,317.93,0.8301,0.1244,0.009849,4.300
511240,520,466,986,180,69,186,325.65,0.7579,0.5186,0.175059,19,1,19,328.11,0.8050,0.0488,0.002072,4.322
511248,520,432,952,230,64,11,35.22,0.9859,0.5513,0.205169,33,12,42,314.57,0.6277,0.1022,0.007535,4.435
511257,520,471,991,126,86,250,288.40,0.9532,0.5224,0.179931,0,9,9,194.77,1.0000,0.0438,0.002151,4.409
511258,520,363,883,249,37,189,343.51,0.9662,0.6133,0.251402,72,19,20,23.08,0.7438,0.1735,0.018942,4.372
511263,520,300,820,234,123,164,357.88,0.7175,0.6732,0.343410,5,64,36,156.26,0.9710,0.2287,0.038263,4.457
511285,520,400,920,237,0,188,340.76,1.0000,0.5790,0.216383,66,6,1,31.65,0.9800,0.1419,0.012909,4.234
511310,520,444,964,227,59,41,30.18,0.9315,0.5420,0.196218,21,12,22,323.16,0.3291,0.0751,0.004803,4.493
511317,520,387,907,228,51,202,335.09,0.9219,0.5911,0.231284,7,29,85,263.87,0.9090,0.1536,0.015797,4.275
511329,520,418,938,169,106,181,321.03,0.5447,0.5586,0.220800,26,29,6,115.80,0.6785,0.1185,0.011115,4.431
511339,520,330,850,233,92,200,337.90,0.8474,0.6404,0.291505,7,61,4,142.08,0.9901,0.2136,0.033913,4.070
511344,520,458,978,194,75,148,345.78,0.6951,0.5287,0.186413,2,11,28,256.78,0.7405,0.0593,0.003361,4.430
511364,520,433,953,211,75,122,2.52,0.7360,0.5478,0.202883,36,3,56,308.47,0.8885,0.1049,0.007258,4.417
511373,520,440,960,228,18,150,350.49,0.9674,0.5464,0.191314,33,14,2,55.77,0.7686,0.0895,0.006418,4.277
511379,520,370,890,233,22,248,324.89,0.9913,0.6150,0.246772,8,48,8,143.01,0.9702,0.1688,0.021830,4.132
511381,520,392,912,250,53,98,14.31,0.9619,0.5917,0.237556,50,20,48,329.87,0.5625,0.1454,0.013919,4.499
511391,520,431,951,225,69,17,36.20,0.9729,0.5475,0.203070,25,19,25,326.13,0.1833,0.0963,0.007426,4.407
511394,520,422,942,239,21,139,356.51,0.9710,0.5646,0.207543,35,15,35,327.13,0.5019,0.1059,0.008204,4.425
511398,520,365,885,229,32,248,323.85,0.9839,0.6119,0.244706,62,25,30,13.37,0.5257,0.1669,0.018133,4.325
511410,520,413,933,235,67,31,33.39,0.9561,0.5654,0.217785,55,5,28,357.83,0.7974,0.1236,0.010047,4.460
511422,520,378,898,204,97,190,332.59,0.7028,0.5973,0.251060,62,17,54,335.43,0.6780,0.1649,0.016915,4.499
511428,520,439,959,238,39,25,29.63,0.9749,0.5467,0.197016,26,6,45,303.46,0.7786,0.0857,0.005393,4.459
511429,520,421,941,190,68,231,316.18,0.8824,0.5638,0.208521,7,30,11,147.44,0.8673,0.1084,0.009978,4.310
511439,520,466,986,186,89,100,14.71,0.5805,0.5190,0.185055,10,9,9,17.37,0.0320,0.0529,0.002796,4.452
511443,520,439,959,199,63,190,330.72,0.8152,0.5450,0.194165,32,2,46,312.57,0.8844,0.0885,0.005478,4.401
511449,520,448,968,242,7,32,26.61,0.9966,0.5429,0.191369,24,13,20,341.15,0.3023,0.0799,0.005326,4.363
511452,520,430,950,180,99,152,341.66,0.5280,0.5466,0.208951,39,13,18,9.80,0.5242,0.1013,0.007629,4.493
511461,520,429,949,188,65,217,319.27,0.8543,0.5474,0.194830,14,3,74,275.45,0.9801,0.0999,0.006529,4.331
511479,520,341,861,248,20,237,330.81,0.9932,0.6328,0.265742,55,45,21,87.31,0.5003,0.2004,0.027432,4.078
511482,520,392,912,241,54,155,353.14,0.9039,0.5935,0.237087,66,12,14,23.41,0.8256,0.1507,0.014531,4.449
511492,520,362,882,241,38,211,335.66,0.9676,0.6113,0.247930,47,6,108,290.77,0.9560,0.1800,0.018173,4.370
511518,520,427,947,197,50,233,318.54,0.9302,0.5592,0.200362,10,25,19,166.37,0.4534,0.0969,0.008068,4.312
511544,520,379,899,242,31,192,341.01,0.9692,0.5990,0.236660,54,25,39,350.86,0.4507,0.1566,0.016261,4.326
511559,520,353,873,244,59,194,341.47,0.9290,0.6211,0.262590,27,27,103,274.44,0.8734,0.1801,0.019961,4.468
511563,520,414,934,250,0,84,15.22,1.0000,0.5659,0.209677,52,14,7,32.85,0.7709,0.1238,0.010596,4.285
511582,520,369,889,216,102,170,345.60,0.6789,0.6138,0.270059,45,40,16,97.80,0.5383,0.1730,0.021129,4.500
511603,520,407,927,193,104,127,4.48,0.5222,0.5652,0.227719,4,23,78,264.03,0.9356,0.1316,0.011886,4.488
511622,520,465,985,218,29,131,355.25,0.9197,0.5229,0.174254,7,11,9,165.04,0.1703,0.0547,0.003042,4.228
511626,520,431,951,235,51,49,27.06,0.9438,0.5515,0.202547,22,14,51,288.40,0.6836,0.0992,0.007237,4.412
511629,520,455,975,205,70,115,3.60,0.7378,0.5282,0.185993,5,13,21,246.54,0.4279,0.0624,0.003742,4.391
511631,520,417,937,199,79,195,329.00,0.7723,0.5669,0.216758,43,21,19,25.87,0.4131,0.1234,0.010970,4.375
511639,520,401,921,244,25,157,351.80,0.9706,0.5834,0.223659,4,14,94,265.95,0.9753,0.1350,0.011479,4.451
511642,520,398,918,231,23,199,336.46,0.9755,0.5795,0.217279,62,7,37,352.50,0.7841,0.1441,0.013098,4.236
511654,520,446,966,233,41,39,27.70,0.9616,0.5388,0.190591,7,9,54,271.73,0.9077,0.0813,0.005069,4.369
511674,520,422,942,248,6,93,12.51,0.9954,0.5649,0.208806,35,18,37,323.14,0.4474,0.1128,0.009235,4.369
511687,520,233,753,248,153,147,23.94,0.8333,0.7426,0.448479,35,80,12,137.56,0.9678,0.2908,0.061210,4.482
511705,520,410,930,197,110,50,52.16,0.7565,0.5659,0.232541,2,30,64,254.95,0.9101,0.1339,0.013115,4.477
511714,520,473,993,218,9,142,350.76,0.9783,0.5206,0.170563,1,3,11,262.31,0.6564,0.0293,0.000957,4.328
511718,520,420,940,227,22,171,343.63,0.9629,0.5561,0.198476,45,9,35,340.50,0.6839,0.1129,0.008747,4.230
511739,520,424,944,243,21,106,8.22,0.9767,0.5617,0.206350,16,4,83,274.77,0.9802,0.1144,0.008215,4.404
511751,520,459,979,235,26,40,26.08,0.9808,0.5345,0.185573,14,10,14,326.09,0.1691,0.0603,0.003422,4.410
511769,520,458,978,217,43,143,351.38,0.8699,0.5347,0.184651,12,9,21,294.70,0.3770,0.0594,0.003277,4.404
511772,520,447,967,214,3,194,333.63,0.9953,0.5401,0.182585,9,12,51,272.88,0.8302,0.0848,0.005600,4.183
511805,520,413,933,242,25,131,359.89,0.9667,0.5691,0.212145,29,12,68,289.92,0.8157,0.1194,0.009415,4.412
511822,520,366,886,234,66,201,337.11,0.9003,0.6135,0.256085,13,44,53,220.18,0.6319,0.1717,0.021439,4.285
511828,520,146,666,250,175,253,325.36,0.9853,0.8255,0.580774,16,102,48,150.21,0.9733,0.3631,0.098259,4.255
511836,520,334,854,250,89,144,2.90,0.9250,0.6416,0.294856,29,52,25,140.78,0.6410,0.1960,0.027873,4.428
511847,520,401,921,217,64,195,334.40,0.8575,0.5793,0.223608,6,40,2,140.93,0.9876,0.1395,0.015606,4.170
511861,520,352,872,249,84,112,14.40,0.9306,0.6244,0.276535,4,52,31,158.87,0.9600,0.1858,0.025806,4.308
511869,520,368,888,206,97,199,329.91,0.7336,0.6051,0.257963,1,41,74,248.85,0.9544,0.1722,0.020866,4.346
511880,520,298,818,234,110,198,339.88,0.8156,0.6662,0.327238,61,55,6,101.98,0.8801,0.2340,0.037377,4.317
511881,520,463,983,225,45,73,19.04,0.9199,0.5301,0.183682,15,3,14,330.12,0.5945,0.0460,0.001984,4.495
511886,520,425,945,199,64,217,322.75,0.8702,0.5635,0.208202,37,19,2,64.23,0.8075,0.1061,0.008635,4.404
511897,520,339,859,238,93,168,351.30,0.8253,0.6352,0.288357,13,56,5,140.78,0.9823,0.1980,0.029248,4.270
511907,520,408,928,239,57,103,11.83,0.8978,0.5747,0.222594,52,9,44,336.35,0.7321,0.1306,0.011074,4.463
511917,520,352,872,234,22,246,325.57,0.9912,0.6152,0.247225,85,12,5,30.46,0.9459,0.1908,0.022055,4.125
511945,520,456,976,211,69,83,18.85,0.7954,0.5291,0.187319,0,15,4,152.91,1.0000,0.0573,0.003504,4.436
511955,520,375,895,233,66,171,346.57,0.8612,0.5966,0.241630,73,7,10,24.89,0.9243,0.1599,0.015906,4.425
511956,520,478,998,163,59,221,310.21,0.8647,0.5064,0.161357,0,1,15,263.52,1.0011,0.0235,0.000562,4.180
511974,520,38,558,253,249,9,108.55,0.9996,0.9464,0.886546,48,126,66,148.39,0.8801,0.4548,0.159429,4.472
511985,520,314,834,246,63,246,328.08,0.9719,0.6578,0.298044,32,34,122,273.51,0.8799,0.2180,0.028561,4.430
512005,520,398,918,243,42,127,2.38,0.9336,0.5783,0.222462,37,17,75,293.41,0.7731,0.1432,0.013022,4.323
512015,520,366,886,228,15,249,323.53,0.9943,0.6054,0.236775,32,39,59,269.00,0.3332,0.1730,0.020738,4.054
512023,520,423,943,242,42,1,31.82,0.9991,0.5561,0.205388,24,6,69,285.98,0.9118,0.1070,0.007541,4.438
512067,520,466,986,192,83,94,16.36,0.6447,0.5175,0.182028,10,2,32,290.98,0.8651,0.0497,0.002122,4.452
512091,520,372,892,222,47,251,321.24,0.9833,0.6106,0.245297,69,5,67,329.67,0.8488,0.1741,0.017792,4.356
512099,520,432,952,173,84,223,311.24,0.8056,0.5538,0.205534,13,16,53,274.28,0.7402,0.0970,0.007132,4.473
512103,520,479,999,199,66,95,11.25,0.7478,0.5059,0.168667,0,0,6,264.05,1.0000,0.0126,0.000131,4.362
512105,520,232,752,227,147,245,320.08,0.9014,0.7417,0.437923,31,78,35,145.21,0.8739,0.2851,0.058612,4.492
512106,520,396,916,245,0,160,350.66,1.0000,0.5805,0.219538,49,25,1,63.06,0.9202,0.1383,0.013505,4.244
512111,520,478,998,213,14,127,355.04,0.9612,0.5052,0.159949,4,0,1,359.68,1.0000,0.0171,0.000280,4.176
512119,520,479,999,187,32,210,321.80,0.9339,0.5133,0.162524,1,0,6,289.16,1.0000,0.0150,0.000196,4.234
512122,520,370,890,228,72,210,332.95,0.8886,0.6144,0.257842,34,39,49,264.16,0.1835,0.1692,0.020128,4.390
512135,520,398,918,180,81,250,307.72,0.9554,0.5795,0.224911,4,38,25,163.63,0.9082,0.1366,0.014822,4.241
512145,520,452,972,172,40,252,307.32,0.9842,0.5298,0.173173,11,0,54,279.92,1.0000,0.0683,0.003375,4.181
512148,520,448,968,212,52,158,345.14,0.8349,0.5395,0.189239,31,6,17,355.00,0.6200,0.0761,0.004621,4.380
512165,520,266,786,202,150,229,313.63,0.6782,0.7097,0.400271,17,74,19,143.51,0.9680,0.2633,0.050635,4.474
512167,520,477,997,196,61,148,345.14,0.7606,0.5147,0.172131,4,2,0,82.32,1.0000,0.0247,0.000692,4.382
512183,520,447,967,236,18,61,20.91,0.9853,0.5362,0.186056,20,13,25,310.48,0.3420,0.0775,0.005068,4.287
512191,520,479,999,162,46,240,306.40,0.9339,0.5089,0.159273,0,0,6,264.05,1.0000,0.0126,0.000131,4.174
512197,520,380,900,232,53,194,338.45,0.9157,0.5951,0.235997,27,41,34,162.59,0.2801,0.1624,0.019343,4.124
512212,520,466,986,185,1,235,315.59,0.9990,0.5197,0.163354,5,10,3,134.93,0.5348,0.0488,0.002559,4.059
512222,520,268,788,233,130,213,334.71,0.8110,0.7039,0.380950,49,63,67,217.04,0.1692,0.2601,0.046132,4.483
512233,520,352,872,174,126,207,310.56,0.5769,0.6178,0.284259,28,45,63,250.69,0.3922,0.1890,0.024825,4.467
512235,520,335,855,246,2,251,327.27,0.9995,0.6353,0.266041,56,43,33,59.14,0.2527,0.1992,0.026784,4.116
512255,520,468,988,224,34,60,21.59,0.9534,0.5181,0.173204,7,2,29,286.91,0.8600,0.0446,0.001773,4.311
512266,520,464,984,200,31,189,331.36,0.9204,0.5205,0.169353,2,1,41,269.39,0.9886,0.0484,0.001947,4.223
512296,520,458,978,225,57,10,34.13,0.9865,0.5341,0.189585,6,15,5,141.25,0.5859,0.0625,0.003913,4.444
512299,520,457,977,203,70,133,354.64,0.7324,0.5312,0.187722,11,6,31,288.56,0.6822,0.0585,0.003003,4.485
512321,520,454,974,94,112,228,273.20,0.8063,0.5256,0.195688,12,16,10,135.28,0.2363,0.0710,0.004707,4.491
512327,520,412,932,242,58,36,30.68,0.9578,0.5705,0.220340,18,27,49,266.06,0.4726,0.1231,0.011342,4.407
512332,520,478,998,149,83,212,304.63,0.7553,0.5124,0.173299,0,1,11,262.64,1.0001,0.0210,0.000459,4.425
512337,520,447,967,184,20,255,310.77,1.0000,0.5405,0.179117,3,11,56,266.33,0.9351,0.0840,0.005442,4.133
512403,520,370,890,250,34,175,347.76,0.9667,0.6068,0.245665,61,32,5,59.28,0.7991,0.1745,0.020362,4.202
512434,520,453,973,212,76,45,34.23,0.8729,0.5339,0.193577,11,16,9,136.78,0.2907,0.0699,0.004614,4.460
512438,520,426,946,242,24,89,13.72,0.9749,0.5564,0.202551,12,21,51,268.20,0.6555,0.1056,0.008535,4.315
512451,520,399,919,236,11,187,340.88,0.9895,0.5787,0.216629,49,13,56,320.74,0.7165,0.1383,0.012264,4.282
512472,520,445,965,196,67,188,330.42,0.7932,0.5432,0.193825,17,16,15,67.65,0.0392,0.0769,0.005242,4.414
512504,520,477,997,198,36,172,336.07,0.8788,0.5092,0.162479,6,0,3,344.76,1.0000,0.0216,0.000453,4.211
512508,520,453,973,215,66,68,24.11,0.8481,0.5300,0.187633,5,13,30,261.91,0.5915,0.0674,0.004138,4.389
512510,520,394,914,217,41,239,322.79,0.9648,0.5900,0.225716,12,37,24,158.52,0.6671,0.1367,0.014672,4.263
512520,520,465,985,205,75,18,39.81,0.9480,0.5173,0.180571,7,6,29,280.62,0.6856,0.0537,0.002641,4.380
512526,520,373,893,216,99,136,2.29,0.6601,0.5959,0.253023,19,39,59,249.91,0.5090,0.1634,0.019052,4.388
512532,520,432,952,193,64,205,324.24,0.8346,0.5458,0.194135,4,26,27,199.12,0.7034,0.0994,0.008437,4.178
512554,520,403,923,162,93,252,299.89,0.9610,0.5751,0.225387,17,21,76,272.70,0.8471,0.1322,0.011772,4.458
512558,520,365,885,220,80,213,329.84,0.8592,0.6120,0.257591,6,41,65,243.63,0.7916,0.1674,0.020061,4.390
512574,520,446,966,241,23,2,30.09,0.9984,0.5439,0.193214,22,13,33,303.32,0.4841,0.0841,0.005682,4.368
512594,520,447,967,228,0,150,350.20,1.0000,0.5422,0.186988,38,0,31,336.64,1.0000,0.0845,0.005111,4.300
512604,520,478,998,176,64,193,322.15,0.7878,0.5108,0.167483,4,0,13,300.75,1.0000,0.0244,0.000549,4.302
512611,520,363,883,215,83,217,327.14,0.8505,0.6101,0.256452,54,27,53,328.40,0.4836,0.1676,0.018253,4.490
512629,520,199,719,243,173,120,57.62,0.7553,0.7704,0.502999,17,85,89,200.97,0.8322,0.3210,0.073371,4.482
512631,520,462,982,227,9,123,359.28,0.9835,0.5310,0.179592,19,6,2,47.01,0.6200,0.0537,0.002731,4.354
512639,520,463,983,225,4,125,358.07,0.9919,0.5265,0.175778,8,10,9,165.18,0.0808,0.0534,0.002884,4.269
512640,520,305,825,198,130,235,312.74,0.7795,0.6698,0.339701,3,65,32,153.24,0.9866,0.2306,0.039041,4.377
512644,520,454,974,224,25,116,1.76,0.9449,0.5275,0.178063,14,5,49,283.72,0.8741,0.0746,0.004236,4.205
512668,520,433,953,208,68,160,344.25,0.7731,0.5495,0.200842,37,4,46,318.12,0.8131,0.0994,0.006775,4.418
512689,520,409,929,247,39,67,21.67,0.9653,0.5699,0.216340,2,37,17,154.14,0.9720,0.1302,0.013765,4.177
512697,520,426,946,208,71,181,336.57,0.7910,0.5638,0.212545,45,8,40,333.73,0.7179,0.1144,0.008848,4.461
512706,520,381,901,254,6,172,348.99,0.9962,0.6048,0.241832,46,34,18,73.57,0.4267,0.1585,0.017686,4.312
512708,520,467,987,196,1,210,324.66,0.9984,0.5182,0.164123,3,3,30,273.63,0.8989,0.0439,0.001782,4.135
512710,520,269,789,234,149,47,65.54,0.8880,0.6986,0.391948,0,70,78,207.74,1.0000,0.2640,0.049301,4.451
512728,520,479,999,190,57,167,335.71,0.7847,0.5098,0.166650,1,0,3,302.89,1.0000,0.0124,0.000130,4.322
512734,520,467,987,153,77,224,304.21,0.8209,0.5178,0.174623,17,0,16,330.24,1.0000,0.0421,0.001566,4.356
512735,520,385,905,232,63,169,346.85,0.8644,0.5910,0.235781,4,41,24,158.93,0.9348,0.1463,0.016776,4.280
512785,520,474,994,207,0,181,335.54,1.0000,0.5181,0.166037,0,0,31,264.05,1.0000,0.0336,0.000989,4.237
512792,520,370,890,245,56,178,346.52,0.9262,0.6127,0.254583,5,41,74,250.69,0.8381,0.1737,0.021124,4.282
512805,520,478,998,217,48,58,23.67,0.9151,0.5137,0.171737,2,1,7,291.58,0.6583,0.0219,0.000500,4.391
512807,520,458,978,208,63,130,356.24,0.7739,0.5308,0.185787,5,13,13,195.79,0.3331,0.0590,0.003492,4.408
512820,520,249,769,253,114,230,334.29,0.9878,0.7161,0.386331,30,71,82,217.91,0.5594,0.2785,0.053915,4.199
512828,520,335,855,205,103,249,314.39,0.9440,0.6429,0.295204,15,57,19,144.88,0.9405,0.2040,0.030747,4.275
512829,520,460,980,184,60,206,321.19,0.8387,0.5280,0.178795,12,14,3,116.41,0.5836,0.0642,0.003988,4.238
512834,520,386,906,225,75,156,350.92,0.7951,0.5855,0.234425,30,12,97,280.73,0.9313,0.1533,0.014020,4.443
512836,520,449,969,223,18,151,349.03,0.9625,0.5371,0.183576,7,10,36,273.28,0.6981,0.0669,0.003896,4.334
512843,520,405,925,233,55,147,354.34,0.8763,0.5761,0.221654,47,21,6,49.20,0.6935,0.1273,0.011539,4.414
512854,520,370,890,235,13,239,327.42,0.9948,0.6098,0.241846,6,35,88,261.12,0.9101,0.1705,0.019452,4.202
512855,520,319,839,231,125,60,49.39,0.8318,0.6483,0.319848,13,51,95,254.83,0.7956,0.2212,0.032793,4.467
512860,520,448,968,206,55,174,337.99,0.8286,0.5398,0.189121,16,3,56,283.88,0.9385,0.0802,0.004608,4.379
512873,520,401,921,236,43,154,351.78,0.9190,0.5757,0.218967,43,27,27,19.09,0.2645,0.1393,0.013766,4.218
512878,520,407,927,244,30,110,7.52,0.9624,0.5685,0.212908,28,32,29,153.28,0.0930,0.1349,0.013686,4.128
512901,520,444,964,230,52,45,28.04,0.9389,0.5418,0.194714,39,4,3,27.92,0.8813,0.0828,0.005248,4.429
512930,520,456,976,144,93,215,300.20,0.7331,0.5252,0.186645,31,0,14,354.62,1.0000,0.0635,0.003231,4.446
512940,520,431,951,219,46,170,342.55,0.8819,0.5536,0.199187,33,18,19,15.16,0.3067,0.1020,0.008030,4.294
512975,520,352,872,248,83,87,23.08,0.9417,0.6158,0.268344,58,38,36,25.49,0.2702,0.1904,0.024132,4.294
512977,520,325,845,222,132,52,58.11,0.8242,0.6474,0.322822,23,58,34,151.82,0.7266,0.2143,0.033237,4.479
512986,520,456,976,230,22,88,12.44,0.9684,0.5304,0.181044,5,12,26,260.86,0.5279,0.0627,0.003698,4.303
512992,520,379,899,223,89,145,357.10,0.7319,0.5957,0.248794,38,31,65,291.05,0.4953,0.1629,0.017737,4.411
512997,520,386,906,231,20,225,329.75,0.9873,0.5950,0.229280,10,40,47,215.97,0.6568,0.1549,0.017873,4.115
513009,520,389,909,169,106,235,304.13,0.8026,0.5920,0.247417,40,34,25,77.80,0.2179,0.1524,0.016654,4.462
513010,520,460,980,209,37,167,340.72,0.8887,0.5273,0.176706,9,15,5,131.99,0.4883,0.0648,0.004107,4.190
513012,520,268,788,253,105,214,339.16,0.9833,0.6959,0.358437,56,67,16,120.75,0.7954,0.2650,0.048924,4.129
513015,520,349,869,238,60,224,331.62,0.9444,0.6284,0.267933,48,46,14,105.69,0.6571,0.1934,0.026141,4.176
513017,520,411,931,211,37,225,324.63,0.9553,0.5676,0.206102,10,7,90,269.63,0.9818,0.1238,0.009546,4.301
513022,520,457,977,222,57,4,34.73,0.9940,0.5279,0.184673,27,5,5,23.04,0.6621,0.0641,0.003525,4.384
513035,520,455,975,189,71,174,333.05,0.7397,0.5284,0.183827,2,14,15,201.07,0.6599,0.0598,0.003615,4.361
513046,520,441,961,106,108,245,277.92,0.9047,0.5399,0.203813,1,26,15,162.46,0.9622,0.0933,0.007797,4.391
513047,520,334,854,235,55,255,323.45,1.0000,0.6398,0.276169,59,33,67,317.90,0.4963,0.1955,0.024228,4.394
513050,520,410,930,138,104,253,289.35,0.9682,0.5677,0.223956,7,31,49,244.27,0.6826,0.1278,0.012468,4.386
513058,520,379,899,245,44,160,351.75,0.9371,0.5961,0.237551,28,5,107,277.78,0.9813,0.1574,0.014169,4.481
513062,520,472,992,231,18,38,25.80,0.9875,0.5227,0.175646,4,1,16,292.19,0.8206,0.0295,0.000849,4.438
513066,520,348,868,247,2,242,329.47,0.9994,0.6309,0.262313,38,18,114,281.26,0.9178,0.1889,0.020595,4.424
513073,520,368,888,225,38,254,321.48,0.9960,0.6125,0.245516,66,25,16,33.83,0.6676,0.1707,0.018911,4.288
513115,520,353,873,198,108,221,319.16,0.7606,0.6235,0.279525,3,52,1,142.03,0.9968,0.1802,0.024774,4.407
513126,520,477,997,180,39,217,317.73,0.9210,0.5115,0.161653,3,1,10,295.26,0.7289,0.0249,0.000630,4.180
513127,520,450,970,231,4,116,2.34,0.9936,0.5356,0.183397,16,10,35,291.16,0.5996,0.0735,0.004486,4.284
513133,520,249,769,240,156,45,67.89,0.9147,0.7212,0.424940,27,76,52,159.15,0.7558,0.2808,0.056496,4.460
513140,520,465,985,170,63,214,314.13,0.8380,0.5156,0.169570,13,6,15,319.12,0.3852,0.0512,0.002503,4.182
513143,520,444,964,183,55,232,314.39,0.9085,0.5410,0.186270,24,13,24,326.66,0.3536,0.0816,0.005480,4.259
513147,520,386,906,228,53,190,338.66,0.9032,0.5858,0.227604,32,22,77,285.46,0.7393,0.1479,0.014167,4.326
513164,520,247,767,253,144,57,54.93,0.9742,0.7170,0.411275,35,76,31,141.97,0.8564,0.2798,0.056250,4.341
513171,520,355,875,246,86,96,20.59,0.9165,0.6178,0.270961,7,52,16,146.39,0.9696,0.1835,0.025385,4.258
513176,520,380,900,252,68,28,33.29,0.9855,0.5994,0.249171,4,46,10,145.34,0.9815,0.1606,0.020016,4.273
513192,520,188,708,244,165,220,338.54,0.8538,0.7850,0.513125,36,86,75,176.81,0.6094,0.3250,0.075384,4.491
513195,520,400,920,212,86,152,350.60,0.7062,0.5759,0.229217,31,35,24,124.13,0.2457,0.1449,0.015593,4.257
513207,520,412,932,215,11,226,325.63,0.9915,0.5654,0.201795,21,29,39,254.28,0.2661,0.1248,0.011846,4.071
513233,520,368,888,246,2,210,336.90,0.9990,0.6089,0.242925,78,8,2,31.07,0.9728,0.1710,0.017980,4.309
513244,520,475,995,232,13,18,28.39,0.9931,0.5219,0.174905,1,3,19,266.63,0.8591,0.0338,0.001186,4.394
513251,520,433,953,133,110,218,290.72,0.6943,0.5475,0.212002,24,24,11,108.32,0.3871,0.1034,0.008716,4.462
513255,520,300,820,233,107,212,334.26,0.8510,0.6671,0.325947,60,43,86,300.56,0.4945,0.2308,0.033603,4.497
513276,520,455,975,176,82,180,325.91,0.6809,0.5269,0.185611,10,11,7,118.11,0.1765,0.0566,0.003192,4.429
513298,520,419,939,201,25,239,318.82,0.9785,0.5557,0.193463,17,16,63,276.93,0.8009,0.1094,0.008486,4.163
513306,520,474,994,210,68,1,38.59,0.9976,0.5167,0.178404,5,1,16,297.00,0.8102,0.0308,0.000914,4.486
513307,520,440,960,228,7,171,343.69,0.9896,0.5540,0.195889,1,24,18,173.99,0.9397,0.0881,0.007034,4.311
513325,520,480,1000,224,26,39,25.95,0.9762,0.5110,0.167354,0,0,0,0.00,0.0000,0.0000,0.000000,4.347
513327,520,479,999,161,27,254,304.03,0.9952,0.5083,0.155173,1,0,6,289.16,1.0000,0.0150,0.000196,4.087
513332,520,443,963,218,13,181,338.36,0.9778,0.5418,0.185318,3,19,27,230.27,0.6773,0.0789,0.005642,4.229
513334,520,467,987,227,28,70,18.31,0.9621,0.5228,0.176065,3,9,0,132.12,1.0000,0.0436,0.002147,4.335
513342,520,396,916,235,37,176,344.24,0.9421,0.5806,0.221227,31,14,80,286.37,0.8494,0.1371,0.011845,4.386
513348,520,231,751,255,129,236,333.27,1.0000,0.7441,0.430192,16,80,43,152.99,0.9424,0.2879,0.060216,4.357
513351,520,445,965,202,14,222,323.21,0.9850,0.5406,0.181463,12,8,50,278.95,0.8441,0.0791,0.004821,4.222
513354,520,441,961,237,7,88,12.72,0.9927,0.5408,0.188643,37,3,37,328.10,0.8008,0.0914,0.005921,4.268
513360,520,444,964,170,65,240,307.82,0.9121,0.5386,0.186186,18,13,25,302.94,0.3346,0.0753,0.004866,4.305
513371,520,471,991,205,57,129,355.22,0.7881,0.5184,0.174925,16,2,2,23.61,0.7093,0.0402,0.001580,4.361
513378,520,445,965,226,60,56,26.78,0.9080,0.5428,0.196888,31,10,16,3.41,0.4894,0.0826,0.005458,4.452
513383,520,387,907,243,59,110,10.12,0.9078,0.5861,0.233116,5,37,64,248.36,0.8044,0.1546,0.017255,4.210
513384,520,280,800,255,113,161,1.31,1.0000,0.6886,0.356466,9,69,41,157.16,0.9504,0.2482,0.044742,4.290
513385,520,431,951,212,58,158,345.47,0.8148,0.5451,0.194940,21,25,0,117.41,1.0000,0.1009,0.008547,4.184
513403,520,386,906,217,105,15,50.49,0.9570,0.5864,0.248916,39,36,13,101.94,0.5560,0.1540,0.017222,4.447
513447,520,446,966,197,44,209,324.77,0.9066,0.5371,0.182767,15,13,37,284.14,0.5606,0.0797,0.005230,4.215
513455,520,453,973,187,85,140,348.91,0.6140,0.5283,0.189567,14,16,2,115.33,0.7342,0.0706,0.004683,4.381
513462,520,384,904,252,56,30,31.05,0.9872,0.5884,0.236212,6,37,56,240.14,0.7598,0.1494,0.016473,4.306
513464,520,371,891,221,41,251,321.09,0.9837,0.6054,0.239251,32,38,52,266.54,0.2513,0.1662,0.019412,4.167
513489,520,161,681,248,191,100,77.26,0.8491,0.8122,0.581401,4,99,50,152.67,0.9926,0.3514,0.091794,4.453
513501,520,378,898,247,73,31,34.13,0.9663,0.5953,0.246416,37,19,90,286.86,0.8269,0.1616,0.015972,4.493
513523,520,388,908,221,16,247,322.27,0.9927,0.5923,0.224602,38,27,53,302.43,0.4374,0.1455,0.014530,4.255
513538,520,357,877,182,125,187,323.92,0.4900,0.6152,0.282010,14,52,4,139.85,0.9820,0.1844,0.025580,4.393
513540,520,384,904,253,50,48,27.39,0.9909,0.5871,0.233810,17,1,113,270.79,0.9983,0.1538,0.013330,4.481
513552,520,401,921,236,47,148,354.06,0.9067,0.5760,0.220070,18,12,98,272.55,0.9641,0.1450,0.012733,4.305
513563,520,454,974,228,8,115,2.24,0.9862,0.5300,0.179083,9,13,32,272.36,0.5304,0.0716,0.004502,4.203
513575,520,480,1000,193,54,159,339.52,0.7909,0.5076,0.164807,0,0,0,0.00,0.0000,0.0000,0.000000,4.296
513579,520,479,999,152,49,253,300.40,0.9883,0.5098,0.159642,0,1,1,194.77,1.0000,0.0143,0.000239,4.173
513586,520,404,924,238,41,152,352.78,0.9276,0.5775,0.220330,48,10,57,319.22,0.7599,0.1337,0.011409,4.402
513591,520,399,919,240,5,170,346.65,0.9948,0.5764,0.215392,62,10,15,20.39,0.8147,0.1401,0.012759,4.229
513597,520,71,591,232,225,240,306.83,0.3677,0.9064,0.772976,40,115,89,166.64,0.7721,0.4229,0.134333,4.465
513598,520,449,969,216,58,121,1.18,0.8146,0.5370,0.190079,9,11,32,276.19,0.5740,0.0675,0.004017,4.445
513599,520,377,897,233,86,127,6.58,0.7963,0.6027,0.255142,49,33,20,59.74,0.3989,0.1606,0.017913,4.493
513618,520,448,968,165,62,251,304.12,0.9722,0.5379,0.184102,35,3,19,352.72,0.7631,0.0783,0.004695,4.280
513624,520,459,979,199,31,206,326.32,0.9397,0.5303,0.175800,30,1,7,9.12,0.8746,0.0616,0.003131,4.250
513634,520,359,879,244,67,168,350.21,0.9052,0.6159,0.260776,51,40,23,77.75,0.3905,0.1821,0.022833,4.267
513635,520,438,958,230,10,158,348.21,0.9845,0.5520,0.195115,1,26,5,147.28,0.9859,0.0910,0.007562,4.258
513652,520,326,846,252,42,236,331.92,0.9883,0.6478,0.284106,64,44,23,66.28,0.4932,0.2106,0.029533,4.201
513677,520,428,948,221,36,190,336.65,0.9339,0.5618,0.203540,40,8,32,338.88,0.6711,0.1011,0.007291,4.425
513682,520,466,986,188,82,123,358.21,0.6209,0.5184,0.181576,23,0,15,342.23,1.0000,0.0504,0.002167,4.439
513694,520,427,947,252,6,19,28.22,0.9979,0.5635,0.208765,10,16,61,270.69,0.8567,0.1027,0.007720,4.483
513705,520,471,991,197,39,190,330.20,0.8916,0.5207,0.170408,5,0,28,285.12,1.0000,0.0366,0.001161,4.308
513707,520,446,966,196,53,204,325.70,0.8699,0.5393,0.186432,26,14,9,43.55,0.3594,0.0811,0.005534,4.257
513710,520,412,932,220,51,185,338.11,0.8858,0.5673,0.210884,44,18,8,41.39,0.6261,0.1165,0.009857,4.358
513718,520,442,962,189,39,229,317.49,0.9424,0.5355,0.179283,27,6,41,308.79,0.7496,0.0838,0.005234,4.151
513719,520,441,961,221,22,171,342.20,0.9567,0.5446,0.188887,3,22,23,199.53,0.7117,0.0854,0.006550,4.224
513740,520,465,985,220,46,84,14.86,0.8945,0.5231,0.178124,21,1,11,348.65,0.7903,0.0481,0.002053,4.383
513760,520,416,936,231,69,92,17.04,0.8533,0.5687,0.220207,4,32,24,170.92,0.8424,0.1168,0.011247,4.412
513762,520,460,980,209,25,180,336.45,0.9405,0.5284,0.175480,9,12,23,271.65,0.3541,0.0642,0.003829,4.189
513776,520,463,983,193,4,231,318.70,0.9961,0.5302,0.171953,14,1,24,309.88,0.8527,0.0455,0.001810,4.284
513778,520,374,894,231,44,212,333.04,0.9496,0.5976,0.235463,61,22,30,9.58,0.5646,0.1597,0.016598,4.286
513783,520,471,991,199,31,196,329.07,0.9279,0.5234,0.171094,10,4,12,319.12,0.4332,0.0423,0.001779,4.270
513786,520,386,906,217,99,91,26.04,0.7136,0.5850,0.244330,17,40,29,161.51,0.5414,0.1506,0.017254,4.376
513796,520,354,874,252,6,216,336.71,0.9976,0.6241,0.257868,59,35,13,60.89,0.6287,0.1793,0.021610,4.299
513800,520,464,984,193,83,102,11.89,0.6399,0.5215,0.184850,19,5,0,54.96,1.0000,0.0509,0.002470,4.476
513802,520,466,986,157,49,255,301.63,1.0000,0.5184,0.165852,5,11,0,128.15,1.0000,0.0502,0.002716,4.095
513805,520,446,966,235,30,67,20.03,0.9673,0.5401,0.189991,11,13,43,275.67,0.6863,0.0811,0.005334,4.337
513813,520,392,912,228,38,209,333.09,0.9543,0.5869,0.224861,0,42,19,154.17,1.0000,0.1468,0.017029,4.101
513815,520,401,921,238,65,104,12.56,0.8770,0.5807,0.229603,8,26,82,265.28,0.9011,0.1442,0.013995,4.369
513840,520,353,873,216,78,233,323.15,0.9002,0.6158,0.259327,63,26,48,345.49,0.5277,0.1777,0.020091,4.413
513846,520,445,965,178,44,247,310.00,0.9601,0.5369,0.179827,3,19,28,233.41,0.6816,0.0795,0.005689,4.127
513847,520,475,995,167,79,194,317.57,0.7220,0.5179,0.177033,0,5,3,171.05,1.0000,0.0307,0.001151,4.438
513848,520,426,946,246,6,70,18.87,0.9961,0.5560,0.201688,1,3,87,264.83,0.9951,0.1096,0.007596,4.370
513852,520,351,871,254,25,217,336.95,0.9950,0.6328,0.267791,2,22,130,264.58,0.9806,0.1945,0.021982,4.415
513858,520,396,916,250,10,133,0.24,0.9915,0.5816,0.222381,10,13,99,268.42,0.9742,0.1431,0.012531,4.356
513868,520,332,852,252,18,237,331.69,0.9947,0.6394,0.272456,21,49,62,230.39,0.5247,0.1959,0.027038,4.186
513869,520,388,908,226,73,164,347.88,0.8118,0.5885,0.236166,51,24,43,339.26,0.4630,0.1517,0.015316,4.381
513874,520,315,835,253,57,238,331.66,0.9920,0.6600,0.299850,98,10,28,17.22,0.9042,0.2221,0.028981,4.430
513877,520,397,917,221,19,236,324.73,0.9884,0.5850,0.218962,32,30,50,287.90,0.3421,0.1439,0.014659,4.160
513885,520,316,836,238,103,183,346.38,0.8252,0.6554,0.312991,10,57,75,228.92,0.7998,0.2237,0.034986,4.271
513892,520,402,922,245,18,145,355.64,0.9807,0.5780,0.218927,16,13,83,273.39,0.9378,0.1260,0.010225,4.465
513898,520,466,986,149,89,208,304.72,0.7174,0.5193,0.180888,23,2,8,1.36,0.7342,0.0524,0.002431,4.404
513899,520,475,995,231,6,48,23.23,0.9956,0.5206,0.173357,11,1,11,327.90,0.7386,0.0349,0.001170,4.365
513901,520,299,819,206,120,247,313.76,0.9096,0.6695,0.332713,14,66,15,143.27,0.9697,0.2342,0.040241,4.241
513904,520,348,868,197,116,212,321.18,0.6875,0.6306,0.291157,10,51,49,190.30,0.7728,0.1909,0.026538,4.457
513906,520,341,861,241,44,236,329.39,0.9738,0.6300,0.265610,7,11,144,265.71,0.9932,0.2043,0.022979,4.325
513947,520,357,877,237,34,244,326.64,0.9836,0.6234,0.256828,36,9,116,280.55,0.9654,0.1804,0.018313,4.491
513954,520,437,957,242,26,15,29.44,0.9884,0.5477,0.196540,15,5,66,278.16,0.9474,0.0938,0.006034,4.400
513965,520,387,907,237,68,120,6.80,0.8568,0.5864,0.234978,54,24,23,23.06,0.4846,0.1489,0.014995,4.385
513978,520,357,877,247,74,134,3.93,0.9123,0.6156,0.263962,4,42,78,251.62,0.8733,0.1793,0.022317,4.341
513984,520,410,930,249,42,54,25.16,0.9734,0.5741,0.220656,24,23,59,280.90,0.6055,0.1260,0.011227,4.421
513986,520,350,870,248,6,240,330.14,0.9983,0.6320,0.263810,30,43,78,266.99,0.5228,0.1950,0.025537,4.154
513989,520,453,973,182,18,243,312.76,0.9849,0.5260,0.168499,31,3,19,347.90,0.7396,0.0714,0.004035,4.044
513998,520,341,861,232,76,211,333.76,0.8909,0.6257,0.270303,38,19,120,279.84,0.9271,0.1975,0.022338,4.428
514019,520,261,781,246,115,240,329.23,0.9590,0.7125,0.381480,61,68,1,116.22,0.9859,0.2718,0.051285,4.260
514026,520,403,923,221,12,235,325.00,0.9931,0.5825,0.216354,61,7,0,33.92,1.0000,0.1319,0.011442,4.335
514035,520,467,987,177,79,170,330.29,0.6727,0.5181,0.178425,20,1,5,5.39,0.8010,0.0445,0.001814,4.409
514043,520,391,911,243,67,85,20.06,0.9198,0.5880,0.237281,31,28,69,283.06,0.5989,0.1519,0.015515,4.385
514070,520,354,874,197,89,254,311.71,0.9904,0.6160,0.261719,21,43,68,252.91,0.5444,0.1819,0.023044,4.268
514081,520,358,878,232,83,185,342.42,0.8320,0.6201,0.268476,34,43,37,155.98,0.1735,0.1755,0.022014,4.422
514086,520,373,893,207,66,244,318.26,0.9437,0.5971,0.236950,61,19,52,336.85,0.6404,0.1648,0.017059,4.279
514091,520,405,925,244,63,68,24.52,0.9405,0.5829,0.232088,14,34,40,219.56,0.4631,0.1348,0.013906,4.414
514101,520,384,904,213,59,228,324.05,0.9202,0.5887,0.228774,43,32,19,70.66,0.3640,0.1494,0.015937,4.228
514103,520,409,929,254,8,5,29.20,0.9974,0.5677,0.212593,37,8,76,295.46,0.8777,0.1325,0.010888,4.313
514110,520,443,963,238,28,10,29.96,0.9917,0.5400,0.190329,0,22,12,163.10,1.0000,0.0796,0.006003,4.291
514141,520,478,998,193,38,181,331.78,0.8764,0.5071,0.160615,1,1,11,275.11,0.8474,0.0225,0.000523,4.169
514146,520,405,925,214,26,243,321.31,0.9828,0.5807,0.215079,54,1,46,335.58,0.9158,0.1260,0.010034,4.416
514152,520,407,927,211,22,232,323.11,0.9817,0.5659,0.202508,14,34,40,219.56,0.4631,0.1348,0.013906,3.951
514154,520,338,858,247,50,232,331.74,0.9701,0.6414,0.278845,53,47,22,96.21,0.4921,0.2036,0.028479,4.190
514167,520,425,945,245,14,80,16.28,0.9895,0.5575,0.203092,25,26,22,118.47,0.0977,0.1129,0.010034,4.216
514195,520,434,954,93,113,252,272.55,0.9741,0.5467,0.211648,19,24,26,223.92,0.1197,0.1033,0.008663,4.460
514197,520,476,996,120,97,219,288.14,0.7496,0.5095,0.176567,5,0,6,324.01,1.0000,0.0219,0.000454,4.491
514213,520,438,958,221,42,155,347.98,0.8881,0.5470,0.193971,24,7,51,295.36,0.8011,0.0901,0.005852,4.368
514220,520,424,944,183,73,226,314.86,0.8512,0.5556,0.203244,10,32,0,136.07,1.0000,0.1144,0.010975,4.153
514222,520,406,926,213,30,237,322.38,0.9754,0.5762,0.211910,53,15,29,0.22,0.6181,0.1331,0.011874,4.233
514223,520,466,986,149,84,225,301.55,0.8052,0.5240,0.181668,10,7,1,92.94,0.6964,0.0457,0.002187,4.439
514234,520,433,953,201,67,181,334.36,0.7896,0.5475,0.197698,37,13,28,343.77,0.5172,0.1019,0.007651,4.297
514235,520,382,902,247,30,170,348.53,0.9682,0.5970,0.236083,22,41,29,155.53,0.4454,0.1570,0.018451,4.179
514269,520,290,810,244,104,206,339.42,0.9082,0.6767,0.335926,75,46,52,6.14,0.3176,0.2401,0.036979,4.437
514278,520,449,969,238,19,19,28.63,0.9902,0.5367,0.186932,16,5,37,294.69,0.7651,0.0658,0.003523,4.427
514289,520,407,927,197,79,205,325.13,0.7937,0.5699,0.218715,36,28,15,79.08,0.3783,0.1290,0.012401,4.306
514304,520,427,947,242,35,77,18.16,0.9621,0.5590,0.206185,6,21,50,261.45,0.7544,0.1013,0.008053,4.413
514311,520,461,981,215,28,151,347.40,0.9212,0.5254,0.175143,0,9,13,217.78,1.0000,0.0452,0.002244,4.309
514337,520,452,972,225,36,87,13.22,0.9303,0.5268,0.179602,22,11,12,13.41,0.2888,0.0706,0.004365,4.223
514347,520,438,958,190,77,187,328.70,0.7440,0.5454,0.198442,27,15,21,348.13,0.2915,0.0882,0.006288,4.414
514372,520,463,983,215,20,163,343.23,0.9519,0.5282,0.175941,2,10,20,247.11,0.6329,0.0526,0.002805,4.279
514373,520,471,991,229,11,23,27.72,0.9937,0.5151,0.169623,8,2,17,304.19,0.7052,0.0375,0.001355,4.277
514407,520,427,947,206,6,241,319.88,0.9961,0.5604,0.196047,40,14,9,32.42,0.5979,0.1024,0.007850,4.253
514408,520,408,928,254,10,9,29.04,0.9968,0.5682,0.213115,37,24,41,318.06,0.3575,0.1304,0.012067,4.239
514416,520,456,976,184,48,228,315.95,0.9181,0.5333,0.179069,7,15,10,157.48,0.3416,0.0647,0.004087,4.235
514438,520,425,945,221,53,157,347.83,0.8536,0.5564,0.203551,48,8,5,29.33,0.8434,0.1070,0.008131,4.362
514458,520,301,821,253,97,170,354.41,0.9662,0.6662,0.323375,77,42,45,14.80,0.3934,0.2318,0.034234,4.433
514478,520,409,929,202,85,180,335.47,0.7227,0.5714,0.223505,25,15,78,281.19,0.8580,0.1303,0.010983,4.485
514481,520,302,822,241,125,73,43.56,0.8575,0.6655,0.338518,54,57,5,113.05,0.9039,0.2316,0.037215,4.455
514487,520,350,870,206,106,213,324.86,0.7474,0.6268,0.282354,18,44,75,254.31,0.6392,0.1881,0.024379,4.468
514516,520,392,912,229,28,212,332.53,0.9728,0.5858,0.222445,16,38,46,223.97,0.4802,0.1511,0.016936,4.070
514530,520,386,906,215,25,254,319.17,0.9958,0.5905,0.223000,31,27,69,283.84,0.6130,0.1497,0.015048,4.197
514565,520,421,941,246,29,69,20.23,0.9764,0.5629,0.209047,43,15,3,44.96,0.7842,0.1082,0.008619,4.419
514582,520,393,913,233,44,189,340.00,0.9325,0.5878,0.228018,12,21,85,268.93,0.9182,0.1392,0.012703,4.434
514589,520,257,777,250,104,244,329.27,0.9794,0.7057,0.367589,52,54,117,278.46,0.6077,0.2712,0.046526,4.326
514591,520,341,861,181,114,247,305.03,0.8845,0.6284,0.285743,27,36,107,271.35,0.8325,0.2022,0.025562,4.443
514592,520,472,992,191,28,214,322.00,0.9509,0.5209,0.167634,4,3,3,17.77,0.0899,0.0294,0.000975,4.269
514598,520,317,837,251,98,150,2.25,0.9285,0.6570,0.314497,18,54,73,235.07,0.6486,0.2161,0.032478,4.419
514619,520,381,901,243,22,202,338.40,0.9840,0.6030,0.238958,13,16,109,268.71,0.9720,0.1618,0.015602,4.405
514623,520,436,956,230,58,7,34.28,0.9913,0.5450,0.198674,11,23,2,132.09,0.9095,0.0874,0.006883,4.372
514624,520,455,975,232,34,37,27.26,0.9708,0.5320,0.184365,26,4,14,353.08,0.6461,0.0633,0.003382,4.390
514648,520,465,985,223,4,118,0.13,0.9916,0.5198,0.170855,12,7,17,307.28,0.3689,0.0533,0.002706,4.190
514656,520,478,998,183,66,173,331.32,0.7482,0.5118,0.169822,0,1,5,257.10,0.9999,0.0173,0.000327,4.368
514705,520,422,942,206,49,217,325.13,0.9162,0.5615,0.203300,21,23,44,278.18,0.4255,0.1121,0.009541,4.254
514708,520,413,933,227,9,202,334.66,0.9912,0.5703,0.207931,3,33,17,156.49,0.9362,0.1174,0.011475,4.196
514725,520,447,967,178,69,218,315.47,0.8360,0.5375,0.187842,10,12,43,275.25,0.7173,0.0784,0.005019,4.323
514729,520,479,999,161,35,253,303.95,0.9899,0.5117,0.158716,0,0,1,264.05,1.0000,0.0060,0.000022,4.172
514730,520,301,821,227,120,200,337.51,0.7511,0.6727,0.339359,10,64,46,165.55,0.9076,0.2330,0.039284,4.361
514736,520,37,557,232,241,253,255.53,0.7685,0.9475,0.871579,44,126,13,139.52,0.9892,0.4468,0.154857,4.499
514737,520,365,885,222,63,232,325.42,0.9298,0.6095,0.249129,21,46,6,136.05,0.9422,0.1679,0.021265,4.197
514751,520,279,799,255,104,208,341.64,1.0000,0.6949,0.357177,24,68,43,155.67,0.7725,0.2504,0.045027,4.285
514752,520,418,938,226,6,193,336.85,0.9929,0.5624,0.201518,30,8,69,291.78,0.8661,0.1164,0.008794,4.278
514776,520,268,788,246,139,64,52.48,0.9012,0.6978,0.384310,46,66,58,168.06,0.2644,0.2628,0.047827,4.440
514780,520,452,972,222,59,9,34.77,0.9866,0.5301,0.186800,15,14,9,98.04,0.1850,0.0685,0.004354,4.357
514783,520,375,895,225,49,225,328.14,0.9470,0.5988,0.236427,17,2,114,270.64,0.9967,0.1562,0.013774,4.491
514796,520,397,917,235,8,187,340.63,0.9920,0.5762,0.214265,52,7,64,317.91,0.8199,0.1427,0.012523,4.227
514801,520,360,880,252,13,198,341.37,0.9933,0.6152,0.250639,22,49,0,134.45,1.0000,0.1778,0.023671,4.081
514805,520,387,907,214,58,235,322.61,0.9332,0.5943,0.233223,22,21,89,274.70,0.8814,0.1500,0.014281,4.406
514806,520,444,964,203,60,180,335.19,0.8149,0.5428,0.192254,25,1,53,298.19,0.9612,0.0836,0.004854,4.416
514809,520,407,927,190,50,255,311.60,1.0000,0.5661,0.204495,42,21,44,323.88,0.4792,0.1326,0.012105,4.098
514819,520,342,862,238,58,222,332.14,0.9452,0.6256,0.264798,35,39,77,276.68,0.5158,0.1880,0.023441,4.286
514838,520,396,916,204,87,188,333.16,0.7376,0.5816,0.232863,60,15,1,39.28,0.9562,0.1401,0.013047,4.487
514840,520,476,996,226,10,51,22.40,0.9915,0.5111,0.166278,2,1,3,309.84,0.4147,0.0195,0.000412,4.290
514847,520,317,837,248,55,247,328.37,0.9769,0.6558,0.294071,60,46,63,320.33,0.2568,0.2239,0.032736,4.159
514874,520,368,888,200,82,249,314.24,0.9559,0.6078,0.251548,69,9,60,335.18,0.7910,0.1729,0.017870,4.443
514882,520,478,998,160,62,231,306.63,0.8805,0.5138,0.166890,6,1,0,47.34,1.0000,0.0238,0.000604,4.286
514890,520,348,868,235,111,46,44.94,0.8970,0.6285,0.292310,32,50,9,130.22,0.8684,0.1892,0.026080,4.499
514918,520,440,960,237,38,90,13.86,0.9440,0.5533,0.201321,36,8,25,345.88,0.6221,0.0909,0.006190,4.473
514952,520,319,839,220,93,243,321.22,0.9313,0.6464,0.295172,26,12,152,270.40,0.9892,0.2249,0.027493,4.454
514971,520,347,867,233,66,235,327.51,0.9420,0.6320,0.272206,87,8,14,24.16,0.9362,0.1931,0.022320,4.455
514989,520,366,886,230,10,253,323.16,0.9968,0.6107,0.241342,76,13,16,23.46,0.8556,0.1735,0.018620,4.246
514995,520,447,967,195,60,194,328.24,0.8263,0.5377,0.187304,24,12,23,329.66,0.3733,0.0792,0.005190,4.300
514996,520,464,984,205,18,184,334.18,0.9596,0.5208,0.168744,10,8,12,308.39,0.1640,0.0517,0.002647,4.155
514997,520,23,543,251,243,251,325.68,0.6607,0.9681,0.915757,32,131,17,141.47,0.9888,0.4595,0.165795,4.475
515004,520,463,983,233,8,96,9.60,0.9898,0.5346,0.183449,1,12,13,200.89,0.7814,0.0532,0.002984,4.406
515018,520,406,926,235,18,181,342.43,0.9795,0.5753,0.214338,6,13,91,267.09,0.9728,0.1307,0.010818,4.346
515023,520,396,916,172,98,232,307.12,0.8084,0.5803,0.233328,8,32,63,256.22,0.7505,0.1412,0.014435,4.397
515031,520,462,982,229,39,33,28.48,0.9638,0.5285,0.182218,11,8,0,98.00,1.0000,0.0486,0.002448,4.428
515037,520,346,866,254,53,185,346.21,0.9917,0.6301,0.271232,11,53,41,170.05,0.8229,0.1946,0.027773,4.130
515042,520,359,879,254,80,33,35.05,0.9942,0.6168,0.269216,46,41,29,88.03,0.2425,0.1800,0.022555,4.400
515044,520,420,940,222,8,199,334.25,0.9907,0.5590,0.198292,18,21,52,275.87,0.5974,0.1107,0.009128,4.199
515049,520,385,905,174,94,246,305.23,0.9055,0.5868,0.236585,38,36,2,106.25,0.9109,0.1512,0.016782,4.291
515051,520,439,959,209,48,199,330.92,0.8943,0.5539,0.197947,12,20,35,262.29,0.4258,0.0919,0.006998,4.350
515064,520,363,883,220,68,226,326.33,0.9095,0.6071,0.248429,48,13,94,295.98,0.8700,0.1716,0.017244,4.438
515067,520,462,982,127,90,246,288.67,0.9156,0.5264,0.184780,7,5,28,282.82,0.7064,0.0508,0.002375,4.483
515068,520,434,954,241,15,75,17.36,0.9878,0.5483,0.195538,34,18,7,54.84,0.5360,0.1005,0.007881,4.242
515079,520,441,961,191,90,137,352.90,0.5975,0.5415,0.201964,41,4,28,344.99,0.7633,0.0949,0.006422,4.466
515080,520,476,996,187,74,144,345.30,0.6766,0.5137,0.174775,2,0,7,299.60,1.0000,0.0177,0.000282,4.470
515084,520,389,909,232,43,201,336.29,0.9432,0.5921,0.231032,63,5,55,334.78,0.8217,0.1541,0.014413,4.363
515100,520,356,876,246,11,233,331.30,0.9963,0.6247,0.257183,42,41,50,290.42,0.1392,0.1833,0.023084,4.203
515102,520,412,932,205,58,220,323.88,0.8989,0.5694,0.211743,35,26,8,83.07,0.5708,0.1211,0.011137,4.281
515107,520,365,885,243,45,199,339.47,0.9526,0.6120,0.250580,31,43,16,128.99,0.6174,0.1671,0.020564,4.260
515125,520,424,944,230,19,174,343.37,0.9726,0.5624,0.203475,38,17,26,353.64,0.4174,0.1099,0.008876,4.305
515131,520,364,884,215,93,187,337.31,0.7443,0.6067,0.258656,48,36,33,34.40,0.1833,0.1704,0.020000,4.409
515140,520,422,942,230,8,167,345.38,0.9883,0.5560,0.197895,52,1,15,10.56,0.9465,0.1075,0.007864,4.284
515142,520,410,930,230,78,9,38.80,0.9864,0.5679,0.222943,20,19,76,275.89,0.8412,0.1306,0.011362,4.448
515143,520,335,855,247,86,156,357.14,0.8991,0.6369,0.288331,7,42,100,260.29,0.9137,0.2000,0.026210,4.439
515156,520,431,951,227,44,134,356.98,0.8905,0.5510,0.198562,35,5,48,313.47,0.8037,0.0993,0.006793,4.377
515161,520,476,996,222,25,56,21.73,0.9701,0.5085,0.165132,3,0,1,353.79,1.0000,0.0152,0.000216,4.284
515182,520,407,927,218,35,208,330.85,0.9493,0.5670,0.206638,43,23,31,354.55,0.3519,0.1318,0.012254,4.122
515191,520,398,918,228,69,147,354.54,0.8189,0.5804,0.228594,63,6,20,12.74,0.8440,0.1389,0.012377,4.466
515215,520,418,938,248,14,11,29.06,0.9947,0.5563,0.202983,33,16,59,297.89,0.6931,0.1220,0.010097,4.210
515233,520,416,936,254,16,13,29.03,0.9967,0.5697,0.214743,24,31,5,122.52,0.7643,0.1222,0.011851,4.280
515248,520,188,708,235,184,132,66.56,0.6336,0.7869,0.536107,3,94,37,148.73,0.9955,0.3318,0.081580,4.454
515262,520,341,861,176,135,184,320.83,0.3983,0.6272,0.300193,51,48,24,102.15,0.4548,0.2044,0.028837,4.442
515266,520,362,882,223,65,234,325.15,0.9306,0.6143,0.254112,64,32,28,28.12,0.4590,0.1838,0.022070,4.220
515267,520,477,997,197,39,176,334.52,0.8712,0.5119,0.164577,6,0,9,318.71,1.0000,0.0249,0.000584,4.242
515270,520,416,936,245,12,120,3.63,0.9881,0.5675,0.210349,36,18,39,321.71,0.4729,0.1153,0.009542,4.373
515280,520,343,863,239,29,245,326.92,0.9879,0.6255,0.258247,24,9,127,272.10,0.9859,0.1857,0.019217,4.453
515295,520,453,973,220,55,56,25.65,0.9071,0.5259,0.182362,12,10,29,285.85,0.5160,0.0659,0.003839,4.316
515300,520,466,986,221,7,136,353.46,0.9842,0.5235,0.173043,7,10,7,145.07,0.1809,0.0519,0.002776,4.226
515324,520,289,809,207,131,221,321.20,0.7075,0.6752,0.347196,71,53,4,86.41,0.9155,0.2416,0.038947,4.466
515326,520,420,940,205,55,206,327.75,0.8805,0.5574,0.201695,25,2,79,283.92,0.9787,0.1146,0.008146,4.329
515328,520,459,979,218,29,148,349.19,0.9221,0.5303,0.179247,16,4,34,298.40,0.7717,0.0615,0.003125,4.315
515330,520,441,961,212,12,197,332.30,0.9821,0.5403,0.182933,31,0,56,303.74,1.0000,0.0931,0.005769,4.177
515340,520,413,933,223,10,209,331.85,0.9906,0.5677,0.205109,19,32,6,131.39,0.8019,0.1212,0.011846,4.125
515342,520,397,917,197,101,152,348.57,0.5790,0.5754,0.234462,16,36,40,211.98,0.4301,0.1420,0.015251,4.360
515344,520,364,884,246,32,199,339.97,0.9738,0.6106,0.247525,28,23,97,277.02,0.8690,0.1671,0.017227,4.426
515349,520,399,919,204,60,240,318.56,0.9303,0.5839,0.223619,62,1,48,340.08,0.9264,0.1434,0.012594,4.371
515356,520,399,919,243,63,44,30.14,0.9491,0.5780,0.227949,51,12,51,327.80,0.7107,0.1369,0.012059,4.479
515369,520,426,946,247,27,23,28.78,0.9863,0.5591,0.206235,45,2,48,325.31,0.8724,0.1117,0.008148,4.407
515387,520,430,950,155,81,249,299.42,0.9436,0.5466,0.196933,6,27,25,186.98,0.6215,0.1027,0.008927,4.190
515391,520,422,942,202,49,230,320.72,0.9317,0.5642,0.204680,26,26,5,109.15,0.6780,0.1098,0.009694,4.266
515419,520,285,805,251,84,253,327.40,0.9931,0.6893,0.339445,57,60,41,115.37,0.2818,0.2497,0.042617,4.205
515422,520,421,941,194,65,226,318.82,0.8819,0.5631,0.207423,52,0,30,351.06,1.0000,0.1116,0.008239,4.420
515441,520,239,759,243,132,240,328.20,0.9392,0.7342,0.418506,9,77,55,165.16,0.9455,0.2794,0.056414,4.403
515459,520,439,959,221,75,57,30.20,0.8666,0.5508,0.207023,32,17,3,64.85,0.7104,0.0945,0.007146,4.498
515478,520,479,999,226,7,41,24.52,0.9947,0.5092,0.164837,0,1,0,142.50,1.0000,0.0135,0.000217,4.278
515488,520,414,934,241,56,67,23.50,0.9319,0.5703,0.219376,4,35,15,151.92,0.9404,0.1240,0.012623,4.302
515503,520,436,956,176,61,245,308.94,0.9405,0.5470,0.191610,1,10,62,264.57,0.9630,0.0876,0.005713,4.337
515516,520,439,959,229,6,161,346.99,0.9904,0.5507,0.193642,36,0,42,321.88,1.0000,0.0885,0.005423,4.396
515524,520,388,908,229,65,171,345.54,0.8520,0.5885,0.233815,39,33,23,80.28,0.2461,0.1480,0.015809,4.313
515552,520,433,953,246,0,16,28.22,1.0000,0.5492,0.196338,4,28,15,157.22,0.8663,0.1013,0.008908,4.182
515561,520,414,934,241,43,94,13.50,0.9384,0.5655,0.212399,52,7,16,13.82,0.7829,0.1160,0.009196,4.433
515569,520,332,852,229,93,211,333.13,0.8491,0.6411,0.291921,47,49,12,112.21,0.7284,0.2008,0.028275,4.368
515580,520,432,952,238,43,36,28.51,0.9639,0.5502,0.200355,30,0,61,299.04,1.0000,0.0969,0.006130,4.460
515581,520,449,969,225,18,150,349.82,0.9644,0.5405,0.186449,21,7,33,306.51,0.6529,0.0721,0.004212,4.362
515599,520,474,994,157,85,200,310.95,0.7066,0.5174,0.178358,7,0,23,296.68,1.0000,0.0348,0.001070,4.471
515600,520,378,898,253,53,102,13.34,0.9831,0.5986,0.243918,27,40,21,136.24,0.4761,0.1554,0.018047,4.319
515616,520,465,985,212,53,113,3.06,0.8233,0.5218,0.177378,4,10,2,135.76,0.7114,0.0476,0.002473,4.333
515628,520,379,899,229,101,53,39.93,0.8640,0.6026,0.262250,6,46,16,147.85,0.9616,0.1623,0.020300,4.442
515644,520,383,903,223,64,215,330.17,0.9039,0.6012,0.242633,45,25,54,314.61,0.4975,0.1510,0.015195,4.489
515650,520,446,966,203,14,215,325.21,0.9828,0.5371,0.179187,21,7,44,295.96,0.7585,0.0805,0.004932,4.172
515652,520,388,908,166,108,236,302.37,0.8020,0.5926,0.248886,1,43,29,165.51,0.9825,0.1534,0.018228,4.381
515657,520,308,828,247,113,133,13.00,0.8601,0.6671,0.332808,16,65,30,149.24,0.9279,0.2339,0.039843,4.261
515662,520,427,947,240,15,117,3.87,0.9821,0.5570,0.201545,30,4,58,299.62,0.8845,0.0997,0.006684,4.438
515665,520,422,942,198,19,249,315.90,0.9879,0.5569,0.193125,50,5,25,358.21,0.7805,0.1123,0.008570,4.151
515667,520,448,968,237,36,18,30.07,0.9834,0.5424,0.193132,36,4,4,25.26,0.8375,0.0774,0.004707,4.444
515676,520,341,861,214,97,214,327.52,0.8023,0.6254,0.277023,79,24,21,26.54,0.7334,0.1953,0.023699,4.437
515681,520,477,997,149,60,247,299.76,0.9511,0.5110,0.163370,9,0,0,29.23,1.0000,0.0242,0.000581,4.218
515688,520,402,922,226,8,227,328.11,0.9951,0.5847,0.218908,42,23,34,344.53,0.3552,0.1316,0.012206,4.323
515693,520,377,897,234,32,225,330.44,0.9768,0.6047,0.239643,61,5,62,327.39,0.8366,0.1552,0.014486,4.492
515698,520,444,964,226,59,38,30.79,0.9363,0.5398,0.194394,15,15,27,283.55,0.3193,0.0778,0.005223,4.426
515705,520,426,946,159,98,221,304.45,0.7474,0.5563,0.213272,4,29,30,198.70,0.7450,0.1098,0.009982,4.389
515707,520,413,933,223,19,216,330.06,0.9831,0.5745,0.211139,2,2,96,265.21,0.9973,0.1220,0.009008,4.426
515717,520,477,997,170,71,186,321.87,0.7379,0.5057,0.165987,5,0,10,311.99,1.0000,0.0241,0.000542,4.273
515723,520,451,971,219,63,92,14.56,0.8294,0.5393,0.193903,29,8,5,32.02,0.6114,0.0730,0.004459,4.479
515737,520,470,990,226,18,99,7.86,0.9693,0.5235,0.175051,7,4,19,292.31,0.5889,0.0427,0.001790,4.345
515740,520,425,945,222,39,174,341.82,0.9131,0.5565,0.200391,25,3,73,286.12,0.9586,0.1086,0.007528,4.352
515743,520,461,981,187,78,160,338.27,0.6793,0.5271,0.185531,1,13,10,178.97,0.8385,0.0547,0.003162,4.430
515768,520,344,864,254,68,168,352.41,0.9886,0.6348,0.280356,16,44,80,255.97,0.7005,0.1910,0.024906,4.410
515780,520,349,869,228,89,208,333.75,0.8473,0.6328,0.281950,48,46,19,104.92,0.5411,0.1942,0.026294,4.351
515781,520,366,886,255,61,85,19.88,1.0000,0.6055,0.252570,73,3,53,343.51,0.8736,0.1712,0.017389,4.490
515804,520,410,930,222,30,213,330.55,0.9657,0.5748,0.212645,1,35,25,169.34,0.9716,0.1253,0.012786,4.183
515838,520,316,836,231,110,203,337.02,0.8100,0.6641,0.324548,30,50,92,263.44,0.5954,0.2242,0.033298,4.496
515861,520,442,962,219,5,174,340.65,0.9906,0.5379,0.182270,33,1,41,319.10,0.9102,0.0844,0.005052,4.219
515863,520,479,999,194,32,182,331.76,0.9012,0.5058,0.158815,1,0,6,289.16,1.0000,0.0150,0.000196,4.160
515873,520,419,939,239,59,1,34.40,0.9990,0.5638,0.214841,41,20,0,64.22,1.0000,0.1142,0.009718,4.435
515887,520,434,954,223,75,49,32.32,0.8906,0.5536,0.209445,20,25,7,122.06,0.5784,0.1014,0.008593,4.428
515897,520,451,971,195,46,221,321.02,0.9190,0.5440,0.187780,1,19,3,146.43,0.9783,0.0691,0.004788,4.340
515902,520,474,994,191,33,210,322.96,0.9336,0.5206,0.168187,2,1,19,277.92,0.9122,0.0290,0.000816,4.294
515907,520,432,952,222,40,154,348.48,0.8964,0.5471,0.193828,20,26,9,125.06,0.5240,0.1047,0.009072,4.128
515916,520,477,997,211,16,153,345.47,0.9559,0.5139,0.165217,2,0,14,286.01,1.0000,0.0222,0.000446,4.266
515921,520,409,929,243,53,38,29.55,0.9571,0.5683,0.217442,55,12,25,5.77,0.6897,0.1312,0.011455,4.352
515953,520,419,939,235,62,10,34.59,0.9889,0.5591,0.211324,54,3,16,11.74,0.8798,0.1148,0.008869,4.439
515965,520,356,876,233,82,173,346.99,0.8235,0.6150,0.263779,83,5,27,12.69,0.9119,0.1841,0.020270,4.465
515969,520,417,937,247,42,74,20.09,0.9585,0.5729,0.219280,9,22,70,266.89,0.8700,0.1235,0.010740,4.433
515981,520,355,875,230,48,241,325.51,0.9659,0.6172,0.252901,19,42,73,256.50,0.6158,0.1816,0.022753,4.163
516007,520,479,999,165,52,225,310.39,0.8940,0.5055,0.158923,2,0,0,29.23,1.0000,0.0120,0.000129,4.168
516009,520,388,908,248,71,29,33.93,0.9704,0.5949,0.245551,47,32,4,79.81,0.8135,0.1525,0.016462,4.447
516010,520,180,700,218,176,246,311.39,0.8130,0.7884,0.526106,33,92,34,143.62,0.9290,0.3324,0.080928,4.400
516012,520,429,949,190,73,200,324.50,0.7896,0.5483,0.198837,14,0,74,275.95,1.0000,0.0955,0.005877,4.453
516014,520,316,836,237,94,218,333.22,0.8980,0.6587,0.310743,38,44,97,274.98,0.6200,0.2189,0.030764,4.467
516017,520,425,945,206,74,172,339.37,0.7613,0.5593,0.209998,8,22,52,263.11,0.7226,0.1065,0.008733,4.427
516022,520,434,954,226,56,99,11.46,0.8656,0.5475,0.199007,26,10,54,294.67,0.7649,0.0997,0.007030,4.366
516035,520,410,930,224,35,203,333.72,0.9511,0.5745,0.213635,48,18,18,21.69,0.5416,0.1256,0.011048,4.319
516055,520,399,919,206,33,255,316.51,1.0000,0.5802,0.214311,68,0,17,14.69,1.0000,0.1425,0.012696,4.216
516065,520,399,919,215,102,18,49.23,0.9451,0.5779,0.239957,27,36,0,122.50,1.0000,0.1394,0.014948,4.464
516066,520,431,951,237,23,102,8.77,0.9691,0.5489,0.195798,13,23,39,259.48,0.4446,0.1027,0.008448,4.205
516068,520,9,529,252,251,249,84.56,0.2749,0.9864,0.965294,34,134,60,147.83,0.9569,0.4745,0.177158,4.470
516069,520,385,905,239,67,113,9.63,0.8736,0.5870,0.235604,12,38,50,231.02,0.6005,0.1513,0.016946,4.266
516079,520,361,881,238,21,248,326.06,0.9927,0.6232,0.254934,48,6,107,291.86,0.9536,0.1800,0.018202,4.471
516083,520,423,943,239,3,147,353.54,0.9962,0.5635,0.205256,5,24,52,257.64,0.7740,0.1099,0.009334,4.302
516096,520,365,885,225,36,250,322.39,0.9813,0.6085,0.241736,70,17,37,1.12,0.6946,0.1718,0.018368,4.267
516100,520,402,922,225,23,215,330.79,0.9787,0.5787,0.215290,18,7,91,274.21,0.9724,0.1301,0.010358,4.395
516114,520,396,916,251,20,115,6.46,0.9825,0.5803,0.222510,51,12,54,324.84,0.7230,0.1390,0.012332,4.372
516118,520,429,949,186,85,190,326.04,0.7114,0.5523,0.206550,25,12,53,292.88,0.7273,0.1007,0.007267,4.480
516120,520,410,930,202,34,251,316.28,0.9819,0.5711,0.206672,24,34,6,126.37,0.7794,0.1315,0.013514,4.041
516161,520,478,998,216,8,131,354.13,0.9792,0.5115,0.164138,5,0,6,324.01,1.0000,0.0219,0.000454,4.244
516202,520,450,970,152,77,252,298.28,0.9720,0.5400,0.190117,20,8,31,306.04,0.5970,0.0715,0.004213,4.429
516203,520,281,801,215,134,223,323.73,0.7348,0.6919,0.368263,38,68,27,138.01,0.7734,0.2547,0.046253,4.345
516212,520,49,569,255,241,123,102.57,1.0000,0.9371,0.856016,37,126,2,139.94,0.9985,0.4440,0.153188,4.459
516215,520,444,964,222,44,141,353.32,0.8785,0.5441,0.192566,20,17,22,311.91,0.1453,0.0849,0.006076,4.326
516216,520,373,893,248,70,83,21.57,0.9497,0.6003,0.249647,6,34,84,260.85,0.8998,0.1641,0.018228,4.392
516219,520,424,944,199,18,246,316.83,0.9880,0.5557,0.192300,4,24,50,255.38,0.7856,0.1077,0.009093,4.100
516221,520,359,879,219,71,249,320.28,0.9695,0.6239,0.264079,62,31,15,46.78,0.6089,0.1754,0.020387,4.462
516226,520,311,831,178,137,230,303.36,0.6923,0.6573,0.330698,42,56,41,143.10,0.2975,0.2232,0.034806,4.489
516238,520,423,943,201,39,233,319.95,0.9533,0.5580,0.197533,44,6,47,324.83,0.7767,0.1146,0.008710,4.216
516250,520,444,964,232,13,107,5.86,0.9813,0.5368,0.185082,8,19,29,246.92,0.4345,0.0834,0.006061,4.193
516257,520,398,918,176,94,227,310.34,0.7980,0.5756,0.227823,57,7,41,344.03,0.7695,0.1361,0.011820,4.494
516273,520,437,957,243,36,8,30.74,0.9937,0.5547,0.203374,37,12,10,26.44,0.5719,0.0940,0.006782,4.462
516274,520,424,944,242,39,33,28.55,0.9719,0.5556,0.204415,21,27,20,141.11,0.2157,0.1112,0.009938,4.245
516293,520,444,964,201,67,163,340.97,0.7635,0.5378,0.190780,15,20,13,136.82,0.2500,0.0846,0.006309,4.276
516299,520,455,975,156,74,243,301.65,0.9129,0.5333,0.184369,26,0,31,321.62,1.0000,0.0643,0.003186,4.407
516302,520,399,919,200,92,184,333.42,0.6974,0.5806,0.233959,8,38,21,155.19,0.8446,0.1373,0.014919,4.374
516313,520,400,920,242,21,164,349.11,0.9762,0.5812,0.220971,19,10,94,273.99,0.9634,0.1382,0.011636,4.396
516346,520,401,921,240,63,100,13.93,0.8934,0.5815,0.230035,57,17,28,6.08,0.6167,0.1433,0.013547,4.407
516352,520,409,929,239,60,16,33.57,0.9837,0.5652,0.216231,51,20,0,52.46,1.0000,0.1312,0.012042,4.291
516355,520,454,974,195,32,214,323.08,0.9436,0.5298,0.174917,26,5,26,327.65,0.6618,0.0707,0.004028,4.163
516364,520,415,935,248,22,97,11.84,0.9803,0.5700,0.213969,41,17,46,320.50,0.5749,0.1249,0.010696,4.349
516391,520,452,972,190,64,182,330.50,0.7828,0.5263,0.179928,5,3,53,271.63,0.9724,0.0681,0.003544,4.294
516393,520,451,971,231,45,13,31.68,0.9862,0.5358,0.188978,27,9,4,40.45,0.5962,0.0715,0.004372,4.395
516424,520,431,951,174,90,201,317.31,0.7050,0.5493,0.205289,1,14,68,263.98,0.9757,0.1012,0.007378,4.449
516436,520,319,839,255,51,223,335.83,1.0000,0.6505,0.289586,27,52,75,247.88,0.5002,0.2160,0.031969,4.143
516439,520,473,993,180,70,186,325.63,0.7540,0.5199,0.176300,3,0,18,287.41,1.0000,0.0264,0.000630,4.470
516447,520,426,946,169,89,224,308.96,0.7932,0.5566,0.209623,26,15,56,290.82,0.6992,0.1095,0.008468,4.440
516449,520,436,956,224,44,149,350.89,0.8860,0.5514,0.198212,7,12,60,269.90,0.9119,0.0926,0.006343,4.405
516451,520,405,925,198,68,240,316.48,0.9202,0.5825,0.224326,16,27,59,267.11,0.6263,0.1291,0.012097,4.418
516455,520,400,920,246,48,110,9.25,0.9338,0.5831,0.228359,28,35,27,141.62,0.2073,0.1429,0.015281,4.264
516464,520,367,887,232,53,212,333.32,0.9352,0.6055,0.244580,19,28,94,270.22,0.8750,0.1668,0.017770,4.347
516467,520,352,872,235,57,225,330.62,0.9459,0.6215,0.260272,32,11,125,276.27,0.9738,0.1905,0.020270,4.415
516478,520,419,939,250,21,20,28.71,0.9911,0.5630,0.209145,44,11,20,6.35,0.6234,0.1074,0.008254,4.449
516482,520,311,831,246,115,78,36.62,0.9058,0.6571,0.324074,48,55,30,121.56,0.4279,0.2229,0.034545,4.425
516495,520,428,948,243,6,108,7.08,0.9939,0.5584,0.202710,31,19,3,74.45,0.7245,0.0976,0.007637,4.385
516504,520,400,920,205,58,238,319.38,0.9292,0.5822,0.221799,52,5,67,315.99,0.8617,0.1430,0.012439,4.353
516507,520,432,952,212,74,119,3.92,0.7442,0.5473,0.202287,12,21,47,267.22,0.6015,0.1025,0.008197,4.335
516512,520,480,1000,113,87,245,284.32,0.9232,0.5068,0.169193,0,0,0,0.00,0.0000,0.0000,0.000000,4.384
516521,520,399,919,228,59,162,348.10,0.8582,0.5768,0.222332,30,33,32,174.00,0.0530,0.1409,0.014680,4.210
516537,520,460,980,229,41,35,28.38,0.9602,0.5301,0.183682,22,2,32,313.16,0.8242,0.0632,0.003183,4.394
516546,520,390,910,241,53,150,354.80,0.9046,0.5907,0.234521,21,40,6,133.86,0.9017,0.1481,0.016901,4.253
516556,520,378,898,226,54,219,329.92,0.9332,0.6003,0.239239,54,27,43,344.52,0.4268,0.1624,0.017426,4.290
516594,520,445,965,220,22,169,342.58,0.9547,0.5417,0.186565,11,13,38,276.32,0.6108,0.0772,0.004989,4.302
516616,520,444,964,209,35,189,333.82,0.9190,0.5389,0.184335,23,16,11,57.10,0.2449,0.0822,0.005769,4.202
516626,520,465,985,189,46,208,322.63,0.8912,0.5246,0.173283,15,5,11,342.08,0.4092,0.0495,0.002343,4.266
516641,520,448,968,218,38,155,347.10,0.8947,0.5387,0.186606,13,18,15,158.86,0.1631,0.0783,0.005527,4.261
516643,520,331,851,236,70,227,330.31,0.9313,0.6356,0.277617,74,31,39,10.16,0.5251,0.2025,0.025825,4.321
516663,520,462,982,221,49,87,14.30,0.8847,0.5283,0.182595,0,7,24,255.01,0.9999,0.0462,0.002179,4.458
516664,520,411,931,196,73,214,322.34,0.8343,0.5667,0.213573,42,3,67,306.92,0.9176,0.1245,0.009627,4.420
516670,520,392,912,221,37,235,324.80,0.9693,0.5915,0.226956,41,5,86,294.96,0.9348,0.1454,0.012519,4.430
516674,520,397,917,249,46,61,24.02,0.9709,0.5777,0.224342,54,14,47,335.27,0.6741,0.1423,0.013037,4.352
516679,520,447,967,180,76,207,318.77,0.7847,0.5415,0.193782,43,0,6,17.47,1.0000,0.0847,0.005268,4.411
516689,520,408,928,234,54,121,4.07,0.8821,0.5677,0.215142,11,12,89,269.79,0.9658,0.1292,0.010553,4.379
516692,520,359,879,235,30,244,326.20,0.9859,0.6184,0.251249,78,10,23,16.42,0.8527,0.1764,0.018989,4.367
516696,520,438,958,224,8,186,338.35,0.9890,0.5549,0.195687,33,5,35,325.15,0.7365,0.0867,0.005533,4.424
516704,520,442,962,208,14,211,327.55,0.9827,0.5430,0.184291,11,17,22,243.84,0.2282,0.0769,0.005300,4.237
516711,520,280,800,240,120,198,342.52,0.8374,0.6907,0.360378,30,69,28,142.72,0.8624,0.2533,0.046160,4.268
516713,520,342,862,253,23,209,338.76,0.9893,0.6257,0.261022,46,43,28,98.19,0.2900,0.1853,0.023925,4.207
516740,520,390,910,246,69,30,33.48,0.9677,0.5889,0.239462,43,30,32,8.38,0.2032,0.1483,0.015465,4.422
516753,520,418,938,184,54,251,310.51,0.9763,0.5571,0.197947,45,18,12,33.74,0.5671,0.1190,0.010171,4.121
516770,520,321,841,239,94,202,338.95,0.8809,0.6535,0.306230,20,55,45,171.91,0.6303,0.2064,0.030704,4.414
516812,520,403,923,229,86,31,38.93,0.9381,0.5779,0.234153,1,35,35,194.82,0.9525,0.1293,0.013298,4.489
516818,520,418,938,219,69,130,359.55,0.7853,0.5576,0.209304,33,25,8,84.61,0.5483,0.1160,0.010362,4.296
516819,520,373,893,244,27,195,340.57,0.9771,0.6027,0.239602,41,6,98,289.82,0.9481,0.1605,0.014835,4.467
516832,520,315,835,193,124,245,308.79,0.8615,0.6589,0.323461,27,60,4,135.86,0.9788,0.2183,0.034734,4.407
516833,520,327,847,222,131,48,58.36,0.8400,0.6450,0.319777,1,60,29,153.52,0.9948,0.2120,0.033267,4.441
516835,520,430,950,168,84,232,307.23,0.8407,0.5537,0.204923,49,1,7,19.25,0.9643,0.0992,0.006901,4.480
516837,520,324,844,253,49,232,333.11,0.9914,0.6511,0.289086,90,2,66,343.41,0.9287,0.2137,0.026108,4.455
516841,520,320,840,233,101,185,344.01,0.8008,0.6455,0.301362,10,61,0,140.56,1.0000,0.2140,0.034019,4.182
516876,520,479,999,217,21,117,359.82,0.9462,0.5119,0.165749,0,0,2,264.05,1.0000,0.0079,0.000044,4.311
516890,520,394,914,239,62,130,2.49,0.8741,0.5873,0.234107,40,24,48,313.76,0.4469,0.1384,0.013178,4.497
516895,520,362,882,247,51,175,347.69,0.9397,0.6112,0.252401,23,49,20,141.73,0.7733,0.1812,0.024292,4.070
516905,520,429,949,235,47,39,28.50,0.9551,0.5473,0.198448,25,8,55,293.63,0.8060,0.0965,0.006562,4.393
516906,520,467,987,179,23,234,313.79,0.9736,0.5153,0.161381,2,2,28,272.03,0.9373,0.0387,0.001402,4.112
516912,520,438,958,205,47,212,326.20,0.9121,0.5549,0.197674,38,9,18,3.66,0.6074,0.0931,0.006512,4.383
516914,520,463,983,229,32,46,25.18,0.9685,0.5255,0.178913,0,13,8,171.24,1.0000,0.0532,0.003054,4.315
516916,520,420,940,235,60,5,34.53,0.9944,0.5569,0.209079,42,19,2,56.78,0.8203,0.1141,0.009624,4.345
516937,520,428,948,219,9,204,332.18,0.9898,0.5569,0.196174,20,23,10,119.32,0.4049,0.0965,0.007834,4.257
516949,520,356,876,244,38,220,334.03,0.9741,0.6220,0.257895,60,25,67,320.71,0.6171,0.1821,0.020613,4.360
516966,520,416,936,229,4,194,337.28,0.9957,0.5682,0.206425,8,33,29,181.23,0.6455,0.1238,0.012280,4.117
516971,520,411,931,217,74,166,344.83,0.7830,0.5750,0.224046,10,32,25,170.12,0.5880,0.1202,0.011677,4.443
516974,520,408,928,247,32,75,18.90,0.9718,0.5674,0.213187,39,8,70,300.78,0.8501,0.1290,0.010472,4.352
516996,520,333,853,232,72,246,324.45,0.9633,0.6431,0.284466,23,41,94,266.40,0.7408,0.1985,0.025761,4.415
517010,520,326,846,240,92,187,344.38,0.8654,0.6454,0.297701,18,59,2,138.78,0.9924,0.2101,0.032608,4.209
517019,520,443,963,206,50,185,334.31,0.8611,0.5417,0.189077,2,22,5,147.53,0.9568,0.0792,0.005977,4.271
517063,520,447,967,184,74,196,323.65,0.7676,0.5377,0.190747,34,4,26,339.80,0.7312,0.0815,0.005015,4.376
517081,520,360,880,253,45,178,347.82,0.9838,0.6198,0.259772,82,6,32,8.20,0.8782,0.1842,0.020287,4.407
517086,520,449,969,240,15,21,28.24,0.9929,0.5398,0.189244,27,9,15,359.88,0.4558,0.0746,0.004629,4.379
517087,520,463,983,195,67,170,336.44,0.7604,0.5312,0.185203,20,3,12,347.12,0.6312,0.0517,0.002404,4.488
517095,520,376,896,247,51,153,354.85,0.9332,0.6017,0.244450,75,7,4,29.29,0.9495,0.1636,0.016568,4.423
517122,520,161,681,227,181,243,317.25,0.7948,0.8071,0.558506,38,89,114,232.55,0.6067,0.3537,0.087714,4.419
517127,520,405,925,225,10,227,327.86,0.9938,0.5834,0.217730,64,1,18,12.69,0.9668,0.1348,0.011556,4.349
517142,520,369,889,231,30,239,326.39,0.9830,0.6081,0.241519,25,47,7,133.94,0.9177,0.1740,0.022550,4.018
517146,520,359,879,234,105,61,38.84,0.8564,0.6185,0.279352,37,46,25,127.53,0.4246,0.1838,0.024175,4.440
517155,520,476,996,91,101,237,274.91,0.8838,0.5076,0.176453,8,0,4,344.76,1.0000,0.0250,0.000604,4.475
517158,520,446,966,202,40,203,327.89,0.9139,0.5387,0.183877,2,2,67,266.34,0.9935,0.0812,0.004615,4.282
517171,520,267,787,251,109,246,328.96,0.9838,0.7148,0.381029,12,71,49,162.96,0.9162,0.2580,0.048062,4.395
517172,520,387,907,238,70,127,4.53,0.8565,0.5925,0.240927,4,37,64,247.77,0.8292,0.1542,0.017190,4.330
517179,520,371,891,238,88,111,14.60,0.8374,0.6096,0.263072,5,44,61,232.21,0.8285,0.1734,0.021704,4.366
517180,520,415,935,245,7,141,356.70,0.9928,0.5739,0.214909,11,28,47,252.66,0.5655,0.1200,0.011068,4.338
517183,520,434,954,233,57,31,31.47,0.9581,0.5512,0.203519,14,1,76,275.27,0.9939,0.0996,0.006368,4.498
517184,520,477,997,222,15,82,13.03,0.9770,0.5097,0.164832,4,2,0,82.32,1.0000,0.0247,0.000692,4.238
517186,520,425,945,237,26,124,1.39,0.9593,0.5570,0.202017,52,2,0,31.02,1.0000,0.1057,0.007736,4.365
517188,520,391,911,216,30,243,321.77,0.9795,0.5857,0.220005,60,15,36,354.97,0.6668,0.1491,0.014298,4.199
517199,520,370,890,228,64,212,332.34,0.9081,0.6078,0.249166,20,27,98,270.87,0.8911,0.1698,0.018143,4.390
517200,520,408,928,228,76,75,24.70,0.8512,0.5680,0.221736,47,9,52,322.83,0.7518,0.1271,0.010477,4.493
517228,520,412,932,193,66,242,314.60,0.9278,0.5745,0.216459,57,1,20,7.13,0.9467,0.1198,0.009422,4.484
517229,520,461,981,179,30,249,310.35,0.9731,0.5316,0.173528,19,3,2,29.54,0.7067,0.0469,0.002080,4.292
517235,520,218,738,250,162,67,64.15,0.9288,0.7491,0.465725,2,86,10,143.50,0.9979,0.3008,0.066901,4.412
517253,520,433,953,222,39,165,344.73,0.9061,0.5518,0.196997,22,21,38,285.75,0.3617,0.1045,0.008468,4.224
517264,520,375,895,226,60,218,330.16,0.9210,0.6045,0.244647,59,24,34,3.64,0.5080,0.1611,0.016987,4.399
517270,520,289,809,250,98,203,341.71,0.9539,0.6768,0.333740,22,48,116,264.71,0.8371,0.2358,0.035452,4.491
517272,520,475,995,225,42,11,31.57,0.9872,0.5211,0.176905,6,1,10,313.49,0.7164,0.0288,0.000823,4.465
517274,520,353,873,227,51,247,323.33,0.9695,0.6185,0.254161,10,14,123,267.07,0.9851,0.1775,0.018085,4.467
517287,520,465,985,190,35,209,322.89,0.9260,0.5193,0.167541,18,5,13,342.43,0.4799,0.0539,0.002662,4.131
517290,520,468,988,201,34,177,335.29,0.8968,0.5165,0.167378,4,5,10,272.60,0.2849,0.0380,0.001563,4.216
517293,520,421,941,222,41,170,343.15,0.9038,0.5556,0.200202,33,18,35,322.63,0.4143,0.1089,0.008773,4.257
517317,520,459,979,189,74,161,338.31,0.7045,0.5253,0.182911,6,3,43,275.99,0.9388,0.0584,0.002782,4.413
517329,520,303,823,177,139,244,299.20,0.8019,0.6684,0.343442,20,63,49,168.40,0.7257,0.2340,0.039253,4.408
517342,520,407,927,218,31,211,330.06,0.9596,0.5669,0.205907,10,19,84,268.46,0.9327,0.1334,0.011703,4.147
517347,520,358,878,225,93,180,343.06,0.7667,0.6192,0.271338,53,39,22,71.05,0.4175,0.1820,0.022659,4.423
517357,520,478,998,192,36,189,329.06,0.8946,0.5093,0.161440,4,0,8,311.99,1.0000,0.0216,0.000433,4.192
517360,520,436,956,216,27,185,336.78,0.9466,0.5452,0.188878,35,10,28,339.48,0.5752,0.0939,0.006583,4.222
517374,520,369,889,235,13,239,327.42,0.9948,0.6098,0.241846,51,34,30,33.67,0.2655,0.1686,0.019417,4.204
517400,520,350,870,253,29,205,339.86,0.9886,0.6256,0.261725,62,35,45,356.37,0.3571,0.1928,0.024158,4.204
517402,520,346,866,204,107,228,319.35,0.8106,0.6343,0.289555,2,52,39,170.08,0.9714,0.1876,0.026153,4.459
517415,520,445,965,173,66,240,308.73,0.9115,0.5439,0.190727,24,14,25,323.49,0.3355,0.0841,0.005785,4.315
517417,520,375,895,197,84,235,316.53,0.8781,0.5961,0.242104,45,25,63,306.36,0.5736,0.1572,0.016121,4.418
517430,520,396,916,189,104,172,334.97,0.5770,0.5778,0.236992,11,38,3,138.81,0.9721,0.1352,0.014639,4.440
517433,520,446,966,221,56,122,1.51,0.8360,0.5449,0.196082,30,4,33,323.66,0.7514,0.0791,0.004727,4.497
517441,520,454,974,232,13,78,15.46,0.9860,0.5294,0.179968,17,14,9,80.55,0.2019,0.0705,0.004530,4.217
517453,520,444,964,183,20,252,311.10,0.9865,0.5362,0.175969,36,0,20,350.01,1.0000,0.0752,0.004256,4.165
517460,520,419,939,213,9,229,324.42,0.9932,0.5637,0.200006,14,29,11,140.34,0.6512,0.1093,0.009962,4.169
517466,520,450,970,216,44,164,343.74,0.8763,0.5435,0.190829,34,0,9,6.59,1.0000,0.0675,0.003599,4.493
517471,520,470,990,227,31,28,28.37,0.9744,0.5190,0.173977,1,5,11,245.50,0.6251,0.0352,0.001392,4.358
517506,520,405,925,224,44,209,332.10,0.9385,0.5835,0.222544,47,22,12,42.12,0.5546,0.1304,0.012048,4.392
517516,520,476,996,205,55,119,359.29,0.7956,0.5125,0.170455,1,0,8,284.42,1.0000,0.0165,0.000240,4.388
517536,520,359,879,230,50,244,324.79,0.9659,0.6206,0.256381,71,28,0,49.36,1.0000,0.1835,0.021703,4.273
517543,520,373,893,252,67,12,34.53,0.9913,0.5977,0.247399,56,28,19,38.55,0.5034,0.1596,0.017184,4.427
517545,520,341,861,243,98,78,30.34,0.9070,0.6255,0.283432,42,46,64,274.59,0.2574,0.2042,0.028164,4.266
517565,520,309,829,245,75,229,332.05,0.9544,0.6564,0.301045,35,59,5,131.33,0.9560,0.2204,0.034961,4.132
517573,520,382,902,239,6,221,332.60,0.9969,0.6036,0.237042,9,27,90,265.79,0.9146,0.1554,0.015800,4.362
517582,520,430,950,236,32,86,14.52,0.9565,0.5469,0.195409,36,9,43,318.78,0.6976,0.1029,0.007449,4.272
517590,520,321,841,251,73,198,342.36,0.9684,0.6478,0.293547,24,42,108,267.51,0.8188,0.2148,0.029327,4.331
517615,520,390,910,205,51,255,315.78,1.0000,0.5895,0.225683,26,32,59,272.72,0.4615,0.1493,0.015684,4.197
517617,520,443,963,208,65,148,348.83,0.7738,0.5406,0.193307,5,17,33,254.74,0.6051,0.0786,0.005429,4.389
517618,520,457,977,215,24,160,344.28,0.9384,0.5281,0.176408,16,3,30,303.77,0.7767,0.0564,0.002690,4.297
517621,520,291,811,242,86,253,325.08,0.9917,0.6775,0.326271,59,48,85,296.48,0.4220,0.2403,0.036996,4.325
517625,520,374,894,223,63,213,330.73,0.9028,0.5991,0.240493,48,14,84,300.43,0.8257,0.1624,0.015826,4.413
517626,520,364,884,248,59,164,351.88,0.9377,0.6143,0.257680,34,42,24,127.95,0.3845,0.1685,0.020619,4.357
517637,520,421,941,177,74,242,309.02,0.9117,0.5604,0.206563,24,25,19,115.09,0.1548,0.1082,0.009365,4.322
517641,520,14,534,238,255,228,133.73,1.0000,0.9771,0.952982,12,135,67,151.40,0.9884,0.4749,0.178106,4.397
517660,520,448,968,224,60,73,21.48,0.8806,0.5417,0.195628,35,3,16,358.32,0.7663,0.0772,0.004599,4.499
517668,520,258,778,242,123,232,330.53,0.9276,0.7145,0.388716,48,72,26,132.15,0.7440,0.2748,0.053376,4.244
517673,520,356,876,240,61,200,338.79,0.9212,0.6189,0.260357,61,10,89,309.29,0.8626,0.1829,0.019305,4.478
517685,520,290,810,251,77,254,327.25,0.9966,0.6830,0.329755,106,16,19,25.37,0.9170,0.2432,0.034823,4.477
517700,520,416,936,246,6,138,357.84,0.9940,0.5746,0.215615,19,24,56,273.68,0.5934,0.1216,0.010772,4.371
517704,520,454,974,134,88,243,291.95,0.8932,0.5278,0.185188,15,11,26,294.97,0.4174,0.0688,0.004155,4.343
517709,520,376,896,255,46,103,12.51,1.0000,0.5978,0.241970,38,28,69,291.72,0.5795,0.1593,0.016722,4.376
517715,520,375,895,252,67,47,30.20,0.9849,0.5999,0.249186,7,44,21,152.14,0.9260,0.1569,0.019006,4.336
517721,520,408,928,236,32,161,349.04,0.9482,0.5726,0.214421,24,15,78,280.29,0.8637,0.1294,0.010859,4.345
517732,520,359,879,247,2,221,334.38,0.9992,0.6173,0.250411,22,45,57,232.81,0.4553,0.1816,0.023427,4.091
517733,520,461,981,205,61,144,349.31,0.7785,0.5290,0.183323,2,12,11,188.71,0.6200,0.0534,0.003000,4.402
517738,520,460,980,222,56,37,30.46,0.9355,0.5287,0.184942,3,13,7,159.60,0.6104,0.0555,0.003225,4.414
517743,520,463,983,188,58,199,324.56,0.8338,0.5275,0.178424,17,3,9,350.80,0.5778,0.0466,0.002040,4.389
517749,520,302,822,250,73,249,328.24,0.9825,0.6746,0.319314,45,57,47,149.79,0.2097,0.2309,0.036893,4.250
517756,520,479,999,206,0,168,339.20,1.0000,0.5084,0.159511,0,0,1,264.05,1.0000,0.0060,0.000022,4.188
517764,520,430,950,219,5,191,335.71,0.9927,0.5479,0.189326,2,28,10,151.53,0.9609,0.0990,0.008653,4.080
517769,520,357,877,214,122,53,54.02,0.7925,0.6158,0.284742,9,50,38,169.32,0.8441,0.1829,0.024791,4.476
517777,520,337,857,241,53,246,326.97,0.9712,0.6422,0.279034,38,37,96,279.18,0.6798,0.2020,0.025797,4.341
517783,520,46,566,249,241,148,104.10,0.9086,0.9353,0.851892,42,124,57,146.78,0.9241,0.4444,0.152024,4.464
517786,520,334,854,237,74,229,330.02,0.9298,0.6423,0.285617,47,40,76,291.03,0.4565,0.2017,0.026437,4.391
517792,520,448,968,241,16,8,29.33,0.9939,0.5417,0.190923,13,20,3,126.55,0.7478,0.0806,0.005924,4.308
517796,520,392,912,243,47,158,352.13,0.9260,0.5934,0.235595,63,10,27,6.37,0.7632,0.1455,0.013532,4.495
517805,520,466,986,207,71,46,32.61,0.8668,0.5178,0.179713,14,6,2,59.19,0.5284,0.0477,0.002280,4.394
517812,520,455,975,211,40,160,343.69,0.8760,0.5293,0.179067,11,4,33,289.64,0.7812,0.0558,0.002678,4.348
517839,520,440,960,239,0,123,1.33,1.0000,0.5537,0.197840,16,20,31,268.76,0.2884,0.0927,0.007094,4.341
517851,520,438,958,203,49,204,327.81,0.8910,0.5476,0.192545,18,11,52,284.29,0.7648,0.0910,0.006159,4.319
517864,520,441,961,218,39,146,350.31,0.8872,0.5352,0.184342,17,20,9,120.94,0.3702,0.0854,0.006392,4.156
517888,520,80,600,246,218,216,22.63,0.5703,0.8962,0.746944,3,117,10,142.97,0.9984,0.4075,0.127633,4.486
517891,520,308,828,244,78,247,327.19,0.9717,0.6685,0.313999,59,49,61,320.64,0.1838,0.2292,0.034634,4.301
517895,520,465,985,161,87,185,317.31,0.6496,0.5162,0.178970,2,9,17,243.58,0.5884,0.0489,0.002487,4.362
517903,520,392,912,245,67,75,23.29,0.9389,0.5900,0.239381,63,20,3,41.31,0.8817,0.1543,0.015638,4.409
517911,520,477,997,226,6,48,22.95,0.9950,0.5098,0.165153,2,1,5,297.38,0.5651,0.0207,0.000456,4.264
517918,520,393,913,215,53,233,323.48,0.9398,0.5905,0.228784,26,20,76,280.81,0.7862,0.1375,0.012417,4.466
517947,520,225,745,244,140,241,328.13,0.9419,0.7492,0.443422,7,84,61,166.19,0.9640,0.3044,0.067224,4.209
517950,520,375,895,221,16,254,320.75,0.9962,0.5976,0.229005,21,4,112,272.80,0.9913,0.1579,0.014160,4.349
517951,520,382,902,218,58,228,325.44,0.9278,0.5960,0.235350,13,16,106,268.91,0.9695,0.1578,0.014966,4.392
517960,520,405,925,190,79,239,313.60,0.8973,0.5826,0.227722,36,29,21,70.50,0.2306,0.1331,0.013080,4.403
517967,520,434,954,141,94,246,293.14,0.9021,0.5478,0.203219,30,13,42,309.13,0.6032,0.0998,0.007311,4.418
518000,520,439,959,236,32,100,9.86,0.9507,0.5504,0.197891,18,15,44,284.40,0.6012,0.0916,0.006521,4.386
518021,520,377,897,254,11,152,355.03,0.9922,0.5970,0.235808,45,33,21,66.07,0.3410,0.1552,0.016998,4.266
518035,520,358,878,213,82,237,321.10,0.9073,0.6185,0.262968,61,35,19,51.43,0.5255,0.1834,0.022413,4.322
518037,520,384,904,221,21,241,323.57,0.9881,0.5892,0.222615,4,41,19,152.96,0.9539,0.1450,0.016586,4.094
518044,520,386,906,237,61,145,356.42,0.8712,0.5881,0.233893,46,24,55,315.42,0.5267,0.1511,0.015100,4.361
518055,520,389,909,234,77,127,4.99,0.8209,0.5931,0.243353,23,40,30,157.72,0.3849,0.1549,0.017934,4.318
518059,520,293,813,250,122,118,23.56,0.9149,0.6826,0.355540,14,64,58,183.52,0.8016,0.2386,0.040655,4.473
518070,520,454,974,200,13,208,326.20,0.9807,0.5265,0.171230,19,1,47,294.49,0.9563,0.0704,0.003654,4.123
518095,520,479,999,161,59,230,307.43,0.8852,0.5111,0.164188,1,0,3,302.89,1.0000,0.0124,0.000130,4.273
518106,520,409,929,214,26,231,324.08,0.9775,0.5718,0.208064,41,27,7,73.85,0.6467,0.1317,0.012707,4.115
518113,520,385,905,244,11,178,345.22,0.9908,0.5892,0.226900,21,14,102,273.48,0.9568,0.1546,0.014327,4.305
518122,520,352,872,228,112,68,40.68,0.8006,0.6211,0.285022,32,48,31,143.13,0.4032,0.1871,0.025199,4.455
518124,520,390,910,214,90,154,350.81,0.6987,0.5857,0.239436,40,35,4,100.20,0.8271,0.1511,0.016620,4.345
518129,520,24,544,245,248,228,113.81,0.6497,0.9668,0.921487,7,133,27,143.96,0.9967,0.4625,0.168986,4.436
518144,520,455,975,181,50,228,314.94,0.9117,0.5303,0.177075,16,1,43,293.09,0.9511,0.0632,0.003063,4.279
518145,520,357,877,229,61,228,328.30,0.9362,0.6166,0.255993,70,15,65,331.90,0.7463,0.1841,0.020256,4.355
518148,520,374,894,237,84,102,17.16,0.8474,0.6003,0.253074,21,39,43,213.32,0.3502,0.1557,0.017848,4.467
518158,520,432,952,190,76,192,327.00,0.7595,0.5471,0.199232,6,25,33,227.85,0.5973,0.1005,0.008437,4.265
518165,520,466,986,228,29,19,29.33,0.9799,0.5195,0.174227,9,11,4,119.47,0.3954,0.0549,0.003062,4.226
518209,520,397,917,216,44,228,325.12,0.9500,0.5823,0.220037,54,18,29,3.38,0.5717,0.1397,0.013057,4.282
518215,520,430,950,225,14,179,340.66,0.9794,0.5541,0.195789,15,23,28,236.02,0.2346,0.0982,0.007982,4.239
518219,520,404,924,206,31,251,317.40,0.9827,0.5760,0.210684,24,14,76,281.16,0.8624,0.1257,0.010300,4.323
518224,520,453,973,152,87,218,303.89,0.7670,0.5271,0.185541,12,5,44,283.40,0.8505,0.0681,0.003685,4.387
518225,520,447,967,216,39,156,346.30,0.8875,0.5361,0.184526,20,17,16,39.35,0.0763,0.0827,0.005870,4.198
518227,520,281,801,247,123,157,4.29,0.8345,0.6904,0.363771,16,60,98,248.83,0.7604,0.2499,0.042235,4.486
518276,520,396,916,194,62,247,313.97,0.9541,0.5759,0.216312,27,25,68,280.94,0.6506,0.1407,0.013456,4.197
518292,520,279,799,229,123,224,328.96,0.8400,0.6922,0.362076,42,61,67,219.38,0.2529,0.2484,0.042349,4.462
518303,520,423,943,234,1,156,349.60,0.9986,0.5571,0.199174,34,13,46,311.36,0.6426,0.1081,0.008252,4.278
518312,520,477,997,157,74,210,309.46,0.7834,0.5080,0.167194,2,1,8,289.57,0.6935,0.0224,0.000521,4.299
518316,520,291,811,190,139,242,305.75,0.7973,0.6814,0.358237,12,67,16,143.93,0.9746,0.2372,0.041297,4.472
518322,520,388,908,243,48,139,358.66,0.9196,0.5866,0.230359,56,16,43,342.47,0.6391,0.1465,0.013859,4.390
518324,520,431,951,237,36,77,17.81,0.9547,0.5493,0.198053,42,8,20,2.00,0.6692,0.0994,0.007165,4.339
518342,520,450,970,200,27,224,322.05,0.9660,0.5433,0.184467,2,16,34,252.32,0.7767,0.0747,0.004990,4.264
518348,520,455,975,230,26,60,21.27,0.9723,0.5265,0.178910,14,9,4,73.55,0.3593,0.0551,0.002975,4.321
518374,520,431,951,212,24,207,329.59,0.9658,0.5506,0.191574,31,19,1,78.35,0.8883,0.0972,0.007593,4.195
518402,520,470,990,140,76,248,294.91,0.9434,0.5208,0.175217,8,3,7,332.74,0.3846,0.0357,0.001321,4.388
518418,520,290,810,193,135,250,305.88,0.8997,0.6820,0.355681,63,58,4,103.79,0.9248,0.2448,0.040917,4.462
518425,520,348,868,255,74,133,5.58,1.0000,0.6299,0.278545,61,37,1,72.04,0.9563,0.1857,0.023176,4.490
518444,520,454,974,182,74,184,326.94,0.7360,0.5271,0.183046,18,15,8,87.80,0.2757,0.0736,0.004878,4.247
518470,520,409,929,224,32,192,336.78,0.9489,0.5663,0.206885,32,24,44,301.79,0.3815,0.1259,0.011422,4.182
518475,520,247,767,240,155,87,57.64,0.8022,0.7235,0.426584,18,79,29,146.13,0.9602,0.2822,0.058090,4.409
518480,520,352,872,243,68,179,346.33,0.9054,0.6200,0.264466,38,27,106,281.17,0.8299,0.1927,0.022365,4.346
518487,520,401,921,247,55,44,28.78,0.9669,0.5786,0.226919,1,19,92,264.06,0.9663,0.1389,0.012448,4.434
518495,520,463,983,230,26,67,19.31,0.9696,0.5276,0.179700,4,0,42,274.05,1.0000,0.0491,0.001930,4.423
518499,520,399,919,215,101,63,38.74,0.7748,0.5801,0.241155,16,35,45,233.02,0.4518,0.1416,0.015016,4.478
518511,520,475,995,228,9,60,20.18,0.9916,0.5165,0.170186,4,0,17,294.00,1.0000,0.0270,0.000663,4.346
518515,520,449,969,236,18,64,20.12,0.9847,0.5367,0.186389,32,4,7,16.35,0.7425,0.0710,0.004093,4.370
518521,520,425,945,220,1,208,331.38,0.9989,0.5598,0.197937,40,16,28,350.15,0.4729,0.1120,0.009056,4.198
518527,520,385,905,251,36,123,4.66,0.9681,0.5894,0.232046,4,5,111,265.72,0.9946,0.1487,0.012819,4.490
518542,520,424,944,201,13,253,315.91,0.9933,0.5634,0.197987,9,11,78,269.91,0.9578,0.1129,0.008474,4.241
518546,520,376,896,233,16,229,329.27,0.9916,0.6001,0.233539,4,12,113,265.60,0.9872,0.1588,0.014809,4.375
518551,520,333,853,227,104,180,344.66,0.7485,0.6383,0.295290,3,54,41,170.51,0.9590,0.1954,0.028177,4.417
518561,520,444,964,222,58,101,10.43,0.8452,0.5422,0.194979,16,9,48,284.52,0.7740,0.0823,0.005189,4.439
518564,520,370,890,232,51,226,329.64,0.9520,0.6127,0.250169,64,25,11,39.70,0.7150,0.1662,0.018096,4.408
518566,520,333,853,238,68,237,328.26,0.9473,0.6432,0.284283,31,45,71,262.12,0.4302,0.1962,0.026229,4.385
518581,520,386,906,165,114,214,306.12,0.6588,0.5879,0.248894,12,38,44,215.18,0.5764,0.1480,0.016462,4.497
518592,520,161,681,248,173,241,329.86,0.9522,0.8140,0.561961,54,94,7,132.76,0.9789,0.3478,0.088048,4.433
518609,520,313,833,251,111,56,40.47,0.9632,0.6562,0.321669,27,60,29,145.06,0.7637,0.2219,0.035533,4.345
518613,520,470,990,160,87,194,313.84,0.6791,0.5206,0.181857,5,6,16,276.66,0.4167,0.0441,0.001999,4.459
518614,520,316,836,222,126,148,5.94,0.6058,0.6554,0.325914,23,60,3,137.37,0.9868,0.2160,0.034203,4.464
518630,520,413,933,220,39,197,334.40,0.9319,0.5659,0.207002,11,31,25,171.81,0.5287,0.1176,0.011213,4.199
518638,520,444,964,211,55,156,345.78,0.8208,0.5394,0.189837,10,8,48,277.08,0.8466,0.0757,0.004516,4.399
518645,520,335,855,237,55,244,326.45,0.9656,0.6356,0.272710,57,9,115,295.01,0.9366,0.2037,0.023031,4.419
518648,520,424,944,249,24,20,28.88,0.9891,0.5620,0.208472,42,10,34,338.68,0.6467,0.1085,0.008249,4.437
518650,520,432,952,221,6,184,338.19,0.9908,0.5477,0.189655,33,11,40,317.32,0.6316,0.0993,0.007159,4.193
518676,520,464,984,189,18,222,319.59,0.9765,0.5197,0.165268,4,9,22,262.80,0.5282,0.0532,0.002791,4.078
518678,520,388,908,245,18,175,346.39,0.9839,0.5913,0.229434,11,26,85,266.84,0.8963,0.1487,0.014657,4.322
518680,520,38,558,251,243,177,102.01,0.8938,0.9476,0.877854,9,126,86,162.06,0.9821,0.4500,0.156510,4.493
518694,520,466,986,198,46,171,336.53,0.8407,0.5160,0.169018,8,8,4,107.87,0.2674,0.0472,0.002341,4.184
518712,520,391,911,235,70,138,359.67,0.8384,0.5908,0.238803,45,27,50,318.73,0.4219,0.1528,0.015721,4.394
518717,520,303,823,246,105,176,351.52,0.8756,0.6681,0.328334,13,65,5,141.23,0.9878,0.2294,0.038770,4.262
518720,520,389,909,240,8,198,338.73,0.9941,0.5918,0.227791,19,38,37,191.38,0.3788,0.1486,0.016582,4.172
518731,520,333,853,247,18,251,327.45,0.9954,0.6399,0.271747,26,21,129,272.01,0.9610,0.2022,0.023408,4.383
518746,520,434,954,181,48,252,309.68,0.9829,0.5487,0.189669,4,27,11,151.58,0.8978,0.0972,0.008338,4.108
518748,520,451,971,216,50,143,351.60,0.8430,0.5383,0.188657,0,17,14,181.95,1.0000,0.0658,0.004326,4.393
518750,520,466,986,224,16,116,1.37,0.9681,0.5241,0.174816,9,8,7,69.58,0.0627,0.0491,0.002471,4.285
518755,520,470,990,214,8,158,344.46,0.9802,0.5202,0.169408,0,7,6,186.38,1.0000,0.0376,0.001651,4.248
518763,520,298,818,249,115,132,14.34,0.8855,0.6732,0.340701,34,61,18,135.63,0.8521,0.2277,0.037212,4.480
518766,520,425,945,171,81,234,308.16,0.8581,0.5551,0.204840,12,1,83,272.27,0.9962,0.1077,0.007244,4.452
518767,520,478,998,194,80,35,40.14,0.8525,0.5058,0.173298,4,0,11,304.75,1.0000,0.0232,0.000500,4.422
518770,520,396,916,253,7,105,9.50,0.9951,0.5785,0.220582,4,32,68,256.23,0.8647,0.1435,0.014761,4.178
518775,520,471,991,199,33,195,329.34,0.9205,0.5238,0.171717,19,1,6,0.13,0.7846,0.0434,0.001733,4.286
518780,520,464,984,190,86,81,24.91,0.6479,0.5158,0.181985,5,1,41,276.08,0.9784,0.0512,0.002141,4.449
518785,520,448,968,232,40,54,24.30,0.9549,0.5377,0.189428,1,3,62,265.43,0.9895,0.0758,0.004193,4.418
518806,520,478,998,227,4,44,23.82,0.9969,0.5110,0.166025,0,1,17,263.76,1.0019,0.0249,0.000622,4.267
518810,520,199,719,207,171,245,306.31,0.7812,0.7660,0.489842,22,88,60,160.83,0.8829,0.3209,0.074760,4.327
518812,520,298,818,252,110,115,20.46,0.9504,0.6661,0.330883,46,52,79,273.89,0.3420,0.2330,0.036013,4.428
518871,520,436,956,196,77,176,334.77,0.7330,0.5487,0.201797,25,15,35,305.93,0.4636,0.0927,0.006697,4.441
518885,520,463,983,225,10,125,358.20,0.9805,0.5279,0.177081,11,7,16,305.07,0.3393,0.0519,0.002605,4.317
518910,520,476,996,161,54,229,308.00,0.8959,0.5050,0.158732,6,0,5,332.72,1.0000,0.0228,0.000497,4.134
518916,520,353,873,252,3,202,340.27,0.9985,0.6156,0.250282,32,14,113,278.19,0.9498,0.1775,0.018133,4.407
518944,520,355,875,240,73,177,346.60,0.8805,0.6188,0.264675,26,32,91,273.12,0.7701,0.1767,0.020079,4.490
518946,520,471,991,152,71,243,300.56,0.9174,0.5243,0.176533,12,3,7,348.06,0.4711,0.0399,0.001586,4.391
518956,520,411,931,248,27,66,21.00,0.9805,0.5657,0.211373,8,23,62,264.69,0.8180,0.1176,0.010122,4.347
518966,520,410,930,242,16,128,0.58,0.9813,0.5650,0.208096,57,12,15,20.78,0.7527,0.1323,0.011674,4.185
518976,520,420,940,231,4,181,341.41,0.9951,0.5645,0.204147,37,6,50,313.81,0.7924,0.1054,0.007539,4.417
518985,520,466,986,172,91,142,343.10,0.5309,0.5159,0.182069,8,2,31,287.65,0.8699,0.0471,0.001940,4.468
518997,520,468,988,226,17,96,8.87,0.9721,0.5223,0.174170,1,6,9,224.36,0.6237,0.0371,0.001564,4.347
518998,520,434,954,182,62,235,313.02,0.8994,0.5486,0.193895,4,25,27,203.43,0.6863,0.0964,0.008002,4.205
519002,520,407,927,251,30,14,29.77,0.9909,0.5685,0.214732,35,19,60,298.31,0.6499,0.1306,0.011493,4.305
519006,520,429,949,233,0,144,353.22,1.0000,0.5496,0.193402,15,19,44,274.10,0.5481,0.0977,0.007491,4.234
519010,520,459,979,190,88,106,11.00,0.5985,0.5257,0.189688,9,13,16,240.41,0.1635,0.0633,0.003833,4.452
519012,520,462,982,185,46,224,317.29,0.9168,0.5302,0.176513,13,7,16,314.52,0.3510,0.0538,0.002749,4.294
519020,520,403,923,254,32,34,27.87,0.9961,0.5769,0.222232,34,25,35,323.01,0.2389,0.1258,0.011567,4.422
519050,520,373,893,188,91,251,309.28,0.9592,0.6044,0.251395,27,42,32,154.95,0.3279,0.1648,0.019932,4.310
519052,520,449,969,230,52,26,31.39,0.9660,0.5402,0.193565,31,6,4,29.42,0.7212,0.0722,0.004304,4.485
519062,520,352,872,244,8,225,332.75,0.9967,0.6155,0.248459,75,13,57,342.30,0.7618,0.1866,0.020793,4.216
519068,520,409,929,252,22,4,29.84,0.9975,0.5671,0.212818,53,10,40,342.20,0.7122,0.1314,0.011273,4.289
519071,520,412,932,202,41,239,318.79,0.9565,0.5655,0.203760,47,11,27,355.97,0.6454,0.1154,0.009229,4.284
519076,520,196,716,253,147,253,327.09,0.9900,0.7788,0.488441,53,75,113,260.88,0.4381,0.3222,0.069811,4.494
519086,520,480,1000,150,76,225,302.97,0.8273,0.5133,0.170895,0,0,0,0.00,0.0000,0.0000,0.000000,4.418
519099,520,421,941,218,87,12,42.95,0.9717,0.5585,0.217508,36,22,10,60.62,0.4746,0.1130,0.009708,4.480
519106,520,364,884,164,113,255,297.13,1.0000,0.6126,0.269229,47,39,24,82.70,0.3358,0.1744,0.021214,4.483
519118,520,436,956,226,40,147,351.84,0.9027,0.5516,0.197956,23,17,34,299.44,0.3915,0.0941,0.006986,4.351
519128,520,444,964,239,9,44,24.55,0.9948,0.5380,0.187313,8,6,57,273.40,0.9408,0.0801,0.004773,4.333
519130,520,474,994,205,37,171,338.34,0.8855,0.5221,0.172446,8,0,18,307.00,1.0000,0.0325,0.000953,4.366
519144,520,331,851,245,88,172,350.81,0.8894,0.6422,0.293734,5,55,26,152.37,0.9692,0.1952,0.028391,4.385
519147,520,445,965,216,68,78,20.97,0.8258,0.5362,0.192857,29,12,4,48.80,0.6056,0.0800,0.005330,4.389
519148,520,475,995,181,27,233,314.52,0.9667,0.5194,0.164920,12,0,9,335.46,1.0000,0.0323,0.000979,4.216
519149,520,386,906,237,70,110,11.02,0.8600,0.5856,0.235136,18,25,81,271.33,0.8354,0.1462,0.014179,4.443
519159,520,356,876,241,21,234,329.93,0.9910,0.6188,0.251804,18,39,78,261.53,0.6848,0.1768,0.021296,4.233
519169,520,223,743,249,162,40,68.74,0.9512,0.7457,0.461361,22,79,83,201.83,0.7369,0.3006,0.063868,4.491
519212,520,408,928,250,2,91,13.24,0.9986,0.5678,0.211264,4,15,92,265.91,0.9715,0.1339,0.011401,4.255
519219,520,471,991,130,96,217,293.02,0.7359,0.5164,0.181213,3,6,7,215.90,0.2404,0.0385,0.001649,4.477
519221,520,452,972,175,79,188,322.74,0.7145,0.5258,0.183378,12,5,43,283.92,0.8418,0.0672,0.003611,4.353
519225,520,430,950,234,32,103,8.53,0.9465,0.5471,0.195078,30,15,40,310.26,0.5364,0.1021,0.007709,4.247
519238,520,440,960,234,15,144,353.69,0.9776,0.5549,0.198507,6,21,26,221.30,0.5058,0.0859,0.006496,4.399
519241,520,400,920,213,95,119,9.69,0.6616,0.5791,0.236646,37,24,61,297.35,0.5733,0.1435,0.013835,4.490
519246,520,308,828,247,118,113,24.14,0.8846,0.6701,0.339262,19,64,6,139.88,0.9818,0.2282,0.038183,4.414
519250,520,464,984,221,4,136,353.41,0.9908,0.5228,0.172392,23,3,3,23.93,0.7356,0.0530,0.002539,4.233
519252,520,472,992,227,12,77,15.17,0.9854,0.5183,0.171326,1,3,12,263.36,0.6872,0.0298,0.000981,4.341
519263,520,475,995,169,68,209,314.76,0.8079,0.5164,0.171736,2,3,6,264.98,0.3127,0.0283,0.000912,4.355
519287,520,446,966,238,36,25,29.31,0.9753,0.5449,0.195124,18,15,24,299.75,0.2474,0.0792,0.005362,4.428
519293,520,467,987,214,56,73,19.98,0.8647,0.5179,0.176080,0,3,33,263.62,1.0014,0.0434,0.001749,4.369
519296,520,460,980,194,12,223,320.81,0.9863,0.5272,0.170615,5,13,5,144.26,0.5367,0.0566,0.003311,4.138
519302,520,365,885,249,66,128,5.40,0.9380,0.6093,0.255980,47,36,26,63.79,0.2704,0.1670,0.019407,4.408
519324,520,415,935,198,58,233,318.56,0.9150,0.5676,0.209165,31,18,57,295.30,0.6464,0.1214,0.010193,4.306
519329,520,457,977,228,38,49,25.11,0.9571,0.5274,0.181049,5,14,11,172.99,0.3936,0.0609,0.003705,4.302
519349,520,474,994,211,1,169,340.17,0.9975,0.5188,0.167374,11,0,7,339.18,1.0000,0.0302,0.000865,4.274
519351,520,402,922,251,8,129,1.64,0.9934,0.5819,0.222715,39,19,54,308.42,0.5998,0.1311,0.011635,4.425
519366,520,410,930,255,4,26,27.51,1.0000,0.5699,0.214253,33,27,25,39.30,0.1163,0.1254,0.011774,4.278
519367,520,439,959,209,60,177,337.94,0.8227,0.5515,0.199634,3,8,67,266.76,0.9700,0.0916,0.005982,4.459
519372,520,405,925,240,70,4,36.31,0.9957,0.5773,0.229176,7,31,50,245.64,0.6876,0.1284,0.012554,4.463
519374,520,383,903,245,15,190,342.06,0.9891,0.5982,0.234750,52,22,51,328.53,0.5522,0.1539,0.015430,4.352
519380,520,354,874,228,63,234,326.50,0.9392,0.6206,0.259917,0,53,15,147.69,1.0000,0.1844,0.025806,4.088
519390,520,463,983,235,11,42,24.85,0.9932,0.5297,0.180719,18,7,3,48.65,0.5048,0.0550,0.002871,4.364
519393,520,425,945,244,34,33,28.07,0.9781,0.5569,0.204904,8,31,10,145.34,0.8771,0.1119,0.010535,4.211
519395,520,447,967,176,42,255,307.83,1.0000,0.5396,0.181069,32,3,37,321.70,0.8014,0.0832,0.005058,4.197
519400,520,300,820,236,91,246,325.11,0.9602,0.6696,0.319711,12,61,65,203.11,0.7894,0.2314,0.037971,4.203
519417,520,475,995,168,60,230,309.73,0.8849,0.5221,0.172705,7,0,19,302.43,1.0000,0.0320,0.000922,4.373
519424,520,422,942,219,31,200,333.28,0.9519,0.5616,0.202124,32,23,4,84.86,0.7080,0.1088,0.009287,4.253
519425,520,459,979,227,47,27,30.51,0.9637,0.5299,0.184460,18,5,27,309.87,0.6549,0.0608,0.003163,4.410
519440,520,29,549,235,246,244,184.08,0.3465,0.9585,0.901050,3,131,0,142.38,1.0000,0.4541,0.162513,4.475
519447,520,465,985,186,72,168,334.34,0.7189,0.5215,0.179024,2,4,33,268.98,0.9214,0.0478,0.002095,4.396
519451,520,429,949,226,34,149,350.87,0.9217,0.5489,0.194854,25,2,65,290.26,0.9588,0.0980,0.006317,4.348
519452,520,475,995,192,61,175,333.55,0.7849,0.5222,0.176407,4,2,10,297.38,0.5652,0.0295,0.000911,4.447
519455,520,290,810,253,111,168,357.45,0.9553,0.6849,0.350817,36,65,32,141.39,0.6721,0.2446,0.042598,4.329
519470,520,389,909,252,47,72,21.51,0.9827,0.5861,0.232000,49,28,1,69.77,0.9322,0.1452,0.014858,4.348
519475,520,187,707,239,171,212,342.56,0.7211,0.7876,0.522316,9,92,45,151.67,0.9813,0.3275,0.079015,4.436
519476,520,405,925,233,46,166,347.25,0.9104,0.5775,0.220336,56,9,15,18.17,0.7862,0.1265,0.010708,4.453
519479,520,325,845,249,71,220,335.44,0.9676,0.6541,0.298165,55,48,22,94.67,0.5076,0.2089,0.029841,4.361
519485,520,453,973,208,15,186,334.37,0.9700,0.5266,0.172988,7,11,39,272.00,0.7262,0.0711,0.004310,4.106
519497,520,430,950,195,74,188,330.07,0.7668,0.5500,0.201320,26,6,58,293.93,0.8547,0.0976,0.006554,4.444
519502,520,289,809,245,127,99,34.49,0.8645,0.6794,0.354949,8,59,95,245.71,0.8426,0.2426,0.040056,4.497
519525,520,453,973,236,11,62,20.34,0.9915,0.5344,0.184232,12,8,34,286.00,0.6568,0.0655,0.003673,4.364
519532,520,418,938,238,35,99,10.71,0.9477,0.5558,0.202832,2,33,33,194.89,0.8959,0.1225,0.012104,4.071
519541,520,434,954,235,3,131,357.98,0.9956,0.5490,0.193690,32,2,60,301.31,0.9371,0.1015,0.006768,4.293
519556,520,394,914,246,4,177,345.87,0.9968,0.5913,0.228572,38,31,8,92.46,0.6412,0.1382,0.014096,4.346
519558,520,425,945,247,20,74,18.42,0.9855,0.5623,0.207724,21,14,60,283.25,0.7706,0.1064,0.007997,4.444
519564,520,340,860,238,50,255,324.25,1.0000,0.6414,0.276808,89,14,18,23.88,0.8882,0.2034,0.024820,4.368
519568,520,412,932,252,33,52,24.84,0.9869,0.5749,0.220348,39,21,20,23.23,0.3428,0.1176,0.010182,4.492
519569,520,462,982,232,29,11,30.02,0.9898,0.5277,0.180618,21,4,4,22.51,0.6150,0.0527,0.002551,4.389
519589,520,420,940,219,83,29,39.33,0.9282,0.5553,0.213378,20,25,41,270.27,0.3514,0.1144,0.010041,4.387
519612,520,450,970,218,29,174,340.64,0.9357,0.5436,0.188425,20,5,34,305.03,0.7288,0.0679,0.003728,4.438
519618,520,354,874,246,34,214,336.00,0.9771,0.6200,0.255950,7,42,81,254.43,0.8321,0.1828,0.022951,4.194
519630,520,452,972,205,14,204,328.59,0.9789,0.5328,0.176547,12,13,15,264.44,0.0714,0.0653,0.004005,4.195
519633,520,341,861,190,116,233,311.73,0.7886,0.6338,0.293220,23,40,101,267.54,0.7986,0.2027,0.026392,4.493
519636,520,388,908,216,60,214,328.56,0.8993,0.5853,0.226877,52,21,54,325.08,0.5874,0.1540,0.015328,4.238
519657,520,369,889,202,89,233,318.38,0.8674,0.6085,0.255859,45,31,56,309.14,0.4043,0.1652,0.018234,4.482
519676,520,363,883,231,34,245,324.99,0.9819,0.6140,0.247279,64,24,16,32.92,0.6590,0.1652,0.017808,4.384
519682,520,442,962,191,84,160,340.09,0.6602,0.5424,0.199566,12,18,16,172.76,0.1763,0.0779,0.005482,4.498
519709,520,418,938,215,88,43,38.84,0.8672,0.5566,0.216033,32,17,51,301.58,0.6092,0.1161,0.009470,4.473
519739,520,384,904,251,41,131,2.32,0.9660,0.5948,0.237373,25,31,58,272.64,0.4699,0.1452,0.014921,4.427
519758,520,233,753,251,152,108,44.31,0.9065,0.7363,0.440511,20,79,69,179.18,0.8036,0.2939,0.061701,4.391
519762,520,457,977,195,34,218,322.03,0.9434,0.5338,0.178097,19,9,12,359.82,0.2895,0.0631,0.003604,4.255
519768,520,475,995,192,56,175,333.50,0.8020,0.5169,0.171316,7,0,22,298.02,1.0000,0.0341,0.001031,4.337
519784,520,408,928,235,35,153,351.54,0.9370,0.5687,0.211671,1,34,33,191.91,0.9522,0.1252,0.012603,4.180
519793,520,433,953,221,71,77,22.40,0.8362,0.5491,0.204170,36,3,50,313.47,0.8609,0.0996,0.006705,4.482
519802,520,337,857,253,37,218,336.55,0.9900,0.6363,0.272710,8,44,94,258.07,0.8736,0.1998,0.026610,4.212
519803,520,433,953,219,0,196,334.32,1.0000,0.5500,0.190479,12,8,71,273.53,0.9488,0.1020,0.007067,4.214
519806,520,378,898,223,65,212,331.01,0.8969,0.6003,0.242242,74,0,20,14.05,1.0000,0.1570,0.015066,4.491
519817,520,397,917,241,47,127,2.42,0.9177,0.5778,0.222693,28,17,82,282.10,0.8442,0.1406,0.012569,4.358
519823,520,362,882,246,75,113,11.91,0.9115,0.6087,0.258205,8,40,83,257.37,0.8385,0.1794,0.021936,4.284
519830,520,463,983,232,24,7,29.90,0.9935,0.5253,0.178275,14,3,16,322.32,0.6138,0.0458,0.001959,4.393
519843,520,454,974,224,11,129,356.62,0.9778,0.5276,0.176743,4,18,8,153.14,0.7125,0.0698,0.004759,4.141
519851,520,232,752,230,152,210,336.56,0.7031,0.7385,0.439342,10,83,17,143.84,0.9875,0.2925,0.062913,4.334
519867,520,357,877,236,43,238,327.73,0.9729,0.6222,0.257362,79,13,0,34.55,1.0000,0.1779,0.019504,4.422
519885,520,479,999,225,15,59,20.48,0.9848,0.5115,0.166679,1,0,0,29.23,1.0000,0.0090,0.000065,4.328
519907,520,404,924,219,18,240,323.32,0.9897,0.5842,0.217860,18,17,76,274.99,0.8741,0.1256,0.010512,4.427
519913,520,466,986,176,77,181,325.69,0.7067,0.5201,0.178752,9,8,5,94.11,0.1852,0.0485,0.002427,4.363
519915,520,421,941,225,62,131,359.44,0.8278,0.5615,0.210941,10,18,63,269.55,0.8514,0.1087,0.008560,4.456
519924,520,384,904,252,29,127,3.12,0.9762,0.5894,0.231101,31,37,26,131.13,0.2477,0.1513,0.016890,4.202
519941,520,436,956,244,25,33,27.36,0.9860,0.5526,0.200417,28,13,21,347.13,0.3702,0.0856,0.005889,4.481
519955,520,294,814,209,121,253,313.22,0.9743,0.6786,0.343230,20,68,24,144.69,0.9382,0.2445,0.043488,4.206
519974,520,397,917,209,55,234,321.55,0.9322,0.5831,0.222299,43,3,84,298.05,0.9540,0.1438,0.012188,4.379
519979,520,410,930,235,50,132,359.79,0.8941,0.5701,0.216123,4,4,98,266.18,0.9941,0.1284,0.009944,4.440
520001,520,441,961,174,93,183,323.47,0.6318,0.5433,0.202472,15,23,12,137.38,0.3925,0.0926,0.007409,4.398
520003,520,368,888,217,69,237,322.67,0.9225,0.6106,0.251243,11,46,46,195.12,0.6973,0.1737,0.022223,4.171
520021,520,411,931,254,8,30,27.16,0.9971,0.5688,0.213421,33,18,47,306.10,0.5497,0.1163,0.009612,4.419
520028,520,387,907,215,13,255,319.08,1.0000,0.5878,0.219568,58,19,43,345.23,0.6004,0.1546,0.015398,4.122
520034,520,435,955,248,1,0,29.27,1.0000,0.5532,0.199818,19,16,44,285.01,0.5755,0.0945,0.006909,4.390
520047,520,421,941,226,25,176,341.91,0.9573,0.5580,0.200012,53,3,13,15.02,0.8914,0.1120,0.008512,4.273
520051,520,436,956,201,31,225,322.02,0.9601,0.5476,0.188354,32,13,15,13.98,0.4250,0.0892,0.006295,4.234
520056,520,397,917,255,26,14,29.48,1.0000,0.5752,0.220344,26,15,89,279.14,0.9026,0.1438,0.012825,4.303
520065,520,392,912,224,41,218,329.73,0.9527,0.5873,0.224974,13,9,107,269.28,0.9844,0.1510,0.013424,4.336
520075,520,442,962,182,39,251,310.53,0.9797,0.5430,0.183622,37,0,32,334.28,1.0000,0.0833,0.004977,4.249
520082,520,358,878,240,10,249,326.34,0.9971,0.6248,0.255846,1,6,134,264.42,0.9963,0.1832,0.018577,4.460
520083,520,271,791,250,124,152,7.64,0.8770,0.6951,0.370092,70,54,79,313.07,0.3048,0.2643,0.045050,4.420
520084,520,384,904,252,3,145,356.69,0.9976,0.5888,0.228085,6,13,108,266.42,0.9829,0.1537,0.014092,4.339
520108,520,331,851,255,61,197,343.14,1.0000,0.6438,0.286320,9,43,94,259.02,0.8679,0.1975,0.025938,4.429
520110,520,442,962,171,68,230,310.18,0.8681,0.5354,0.185061,36,1,23,345.88,0.8562,0.0783,0.004587,4.306
520112,520,458,978,152,81,239,300.24,0.8784,0.5345,0.187926,3,10,34,264.68,0.7905,0.0622,0.003519,4.446
520129,520,395,915,248,28,157,352.70,0.9697,0.5923,0.232247,18,30,63,266.60,0.6144,0.1412,0.014160,4.399
520142,520,476,996,193,70,121,357.91,0.6992,0.5088,0.171000,1,0,17,274.34,1.0000,0.0228,0.000469,4.379
520150,520,395,915,254,11,124,3.79,0.9924,0.5869,0.227691,42,6,79,299.13,0.9033,0.1402,0.011870,4.488
520152,520,453,973,149,101,188,308.21,0.5755,0.5277,0.193281,3,14,37,260.38,0.7743,0.0729,0.004670,4.450
520166,520,463,983,170,70,223,311.36,0.8413,0.5309,0.182549,8,8,2,108.75,0.5208,0.0466,0.002297,4.447
520173,520,478,998,211,2,153,345.29,0.9941,0.5104,0.161945,6,0,3,344.76,1.0000,0.0216,0.000453,4.201
520180,520,455,975,214,42,146,349.50,0.8672,0.5296,0.180297,13,11,10,48.38,0.0691,0.0602,0.003468,4.307
520186,520,464,984,187,37,221,318.90,0.9355,0.5247,0.171097,5,9,22,266.81,0.4871,0.0541,0.002856,4.183
520188,520,479,999,215,40,75,16.73,0.9116,0.5063,0.164752,0,0,8,264.05,1.0000,0.0143,0.000175,4.280
520191,520,451,971,226,8,155,348.25,0.9856,0.5423,0.187117,6,1,60,271.81,0.9930,0.0735,0.003866,4.402
520204,520,427,947,164,89,235,304.52,0.8415,0.5582,0.210359,27,19,37,303.81,0.3924,0.1047,0.008323,4.464
520234,520,478,998,178,76,157,336.20,0.6633,0.5082,0.170694,3,2,0,94.54,1.0000,0.0233,0.000628,4.359
520242,520,459,979,191,46,209,322.97,0.8949,0.5286,0.176353,6,13,16,224.56,0.2902,0.0610,0.003640,4.220
520244,520,465,985,194,49,189,329.57,0.8518,0.5225,0.173417,7,10,5,131.47,0.2943,0.0513,0.002732,4.237
520268,520,425,945,238,49,80,18.43,0.9295,0.5608,0.209561,21,11,71,280.74,0.8817,0.1131,0.008537,4.434
520273,520,422,942,184,59,248,310.90,0.9583,0.5591,0.200966,10,9,74,271.37,0.9564,0.1058,0.007543,4.361
520283,520,375,895,228,8,243,324.88,0.9966,0.5996,0.231410,49,33,14,69.36,0.5385,0.1594,0.017725,4.155
520290,520,437,957,199,30,228,320.76,0.9634,0.5460,0.186737,18,17,40,283.23,0.5006,0.0929,0.006827,4.166
520303,520,397,917,246,55,46,28.40,0.9625,0.5768,0.225259,37,7,87,290.62,0.9229,0.1436,0.012334,4.416
520309,520,352,872,254,10,200,341.25,0.9953,0.6195,0.254615,54,32,68,310.95,0.5099,0.1871,0.022347,4.210
520317,520,423,943,151,104,218,300.55,0.7105,0.5554,0.215421,3,29,33,208.89,0.7985,0.1106,0.010078,4.418
520328,520,479,999,223,3,95,8.25,0.9947,0.5122,0.165821,0,1,1,194.77,1.0000,0.0143,0.000239,4.296
520338,520,168,688,237,177,251,319.87,0.9491,0.8135,0.564150,5,97,39,148.77,0.9929,0.3427,0.087278,4.474
520348,520,474,994,227,12,101,7.08,0.9808,0.5244,0.175363,0,2,20,262.78,1.0002,0.0303,0.000939,4.424
520356,520,369,889,233,71,183,342.74,0.8618,0.6074,0.252516,19,19,111,270.81,0.9574,0.1717,0.017518,4.481
520362,520,384,904,253,28,130,2.27,0.9837,0.5920,0.233285,38,21,76,292.44,0.7281,0.1518,0.014702,4.378
520370,520,237,757,240,145,184,354.26,0.7359,0.7282,0.422389,13,81,39,150.96,0.9642,0.2896,0.061167,4.249
520374,520,367,887,213,103,165,347.22,0.6529,0.6086,0.265651,19,46,27,151.63,0.6618,0.1706,0.021715,4.401
520381,520,458,978,217,62,91,14.53,0.8273,0.5341,0.189548,13,11,18,297.73,0.2253,0.0630,0.003686,4.462
520382,520,471,991,179,29,239,312.53,0.9676,0.5223,0.166955,1,2,27,268.22,0.9536,0.0368,0.001290,4.230
520389,520,374,894,230,91,106,16.81,0.7848,0.5984,0.253484,10,46,3,140.31,0.9841,0.1620,0.020250,4.320
520400,520,448,968,210,51,164,342.43,0.8390,0.5380,0.187518,2,19,33,243.33,0.7729,0.0816,0.005884,4.250
520402,520,426,946,243,23,111,6.66,0.9730,0.5638,0.208185,40,16,14,26.06,0.4997,0.1072,0.008535,4.411
520414,520,458,978,216,68,39,33.03,0.9105,0.5304,0.188821,4,9,37,268.52,0.8146,0.0634,0.003547,4.460
520418,520,433,953,194,75,182,331.85,0.7486,0.5462,0.198804,20,23,18,132.78,0.1480,0.0986,0.008052,4.286
520420,520,417,937,234,61,102,12.16,0.8738,0.5685,0.217922,7,30,40,229.54,0.6375,0.1194,0.011269,4.373
520432,520,460,980,233,25,61,21.14,0.9754,0.5325,0.183589,4,7,32,270.79,0.7798,0.0554,0.002820,4.422
520445,520,421,941,237,34,109,7.05,0.9446,0.5560,0.202558,38,16,34,334.23,0.4886,0.1117,0.008982,4.282
520447,520,440,960,226,0,179,340.80,1.0000,0.5531,0.194260,25,7,50,297.47,0.7922,0.0904,0.005889,4.370
520454,520,467,987,168,60,222,311.62,0.8661,0.5156,0.168313,1,2,33,267.48,0.9706,0.0420,0.001597,4.231
520461,520,362,882,255,10,169,350.10,1.0000,0.6060,0.243452,38,42,44,229.08,0.0654,0.1792,0.022498,4.048
520476,520,479,999,191,17,199,326.08,0.9645,0.5053,0.156024,2,0,2,328.36,1.0000,0.0139,0.000173,4.106
520501,520,382,902,238,14,218,333.11,0.9921,0.6014,0.235560,35,0,109,282.52,1.0000,0.1620,0.014614,4.419
520516,520,448,968,202,11,224,322.74,0.9890,0.5414,0.181794,18,13,33,293.34,0.4846,0.0799,0.005263,4.194
520556,520,467,987,182,12,242,313.07,0.9903,0.5234,0.166200,14,1,21,314.53,0.8261,0.0436,0.001692,4.182
520564,520,449,969,199,64,175,335.79,0.7866,0.5373,0.189058,12,17,8,131.57,0.3566,0.0730,0.004966,4.349
520565,520,386,906,252,54,20,31.83,0.9877,0.5862,0.233880,42,28,43,324.30,0.3156,0.1471,0.014972,4.369
520575,520,364,884,238,46,214,334.21,0.9556,0.6123,0.249889,44,11,101,290.37,0.9132,0.1724,0.017144,4.466
520579,520,432,952,237,39,33,28.52,0.9689,0.5452,0.195686,41,4,31,340.65,0.7671,0.0964,0.006573,4.343
520581,520,433,953,214,56,166,343.00,0.8337,0.5507,0.198799,13,22,32,251.68,0.3418,0.0961,0.007636,4.317
520583,520,399,919,242,53,124,4.22,0.9064,0.5833,0.228819,22,20,78,276.82,0.8290,0.1361,0.012209,4.482
520599,520,336,856,245,39,238,329.86,0.9809,0.6355,0.270394,63,11,99,305.65,0.8806,0.1967,0.021970,4.452
520601,520,450,970,239,0,76,16.37,1.0000,0.5409,0.188758,23,12,11,25.07,0.2907,0.0736,0.004693,4.365
520613,520,479,999,219,36,47,25.02,0.9534,0.5071,0.165297,1,0,3,302.89,1.0000,0.0124,0.000130,4.295
520619,520,466,986,207,65,82,17.88,0.7973,0.5164,0.176574,17,4,10,349.35,0.5066,0.0493,0.002279,4.334
520624,520,375,895,223,100,92,26.00,0.7475,0.5969,0.255774,31,41,14,126.29,0.6273,0.1606,0.019089,4.426
520626,520,284,804,227,140,138,21.41,0.6131,0.6861,0.369240,4,71,11,143.89,0.9935,0.2487,0.045563,4.387
520627,520,455,975,188,13,244,314.32,0.9904,0.5350,0.175121,24,4,1,37.96,0.8339,0.0561,0.002832,4.261
520632,520,356,876,232,40,253,323.38,0.9926,0.6243,0.257676,37,38,62,281.32,0.3559,0.1769,0.021273,4.317
520658,520,418,938,239,7,146,353.92,0.9913,0.5639,0.205811,23,26,47,276.43,0.4061,0.1233,0.011262,4.176
520671,520,419,939,209,91,78,28.57,0.7235,0.5559,0.215896,13,30,8,138.91,0.7978,0.1112,0.010316,4.408
520695,520,384,904,242,51,153,353.84,0.9129,0.5923,0.235479,49,31,15,61.41,0.5031,0.1546,0.016675,4.282
520712,520,8,528,254,252,234,101.66,0.8914,0.9858,0.966323,11,136,21,143.21,0.9953,0.4724,0.177328,4.471
520716,520,213,733,249,151,203,347.48,0.8832,0.7584,0.465870,16,86,0,140.84,1.0000,0.3030,0.067655,4.385
520745,520,399,919,249,46,53,25.82,0.9732,0.5766,0.223544,47,23,29,4.40,0.3971,0.1372,0.013059,4.338
520748,520,434,954,242,17,36,26.40,0.9910,0.5457,0.194090,13,18,48,272.64,0.6454,0.0970,0.007316,4.259
520749,520,396,916,224,52,198,335.24,0.9078,0.5825,0.223829,27,21,79,280.57,0.7898,0.1433,0.013338,4.323
520760,520,452,972,211,50,138,352.32,0.8287,0.5267,0.179673,25,4,35,313.30,0.7648,0.0732,0.004149,4.242
520775,520,406,926,247,14,130,0.76,0.9865,0.5754,0.217034,28,12,77,285.18,0.8671,0.1279,0.010456,4.417
520790,520,437,957,234,31,114,4.61,0.9453,0.5499,0.196903,28,14,18,1.25,0.3235,0.0864,0.006047,4.405
520811,520,346,866,224,86,215,330.38,0.8595,0.6266,0.274113,61,35,41,4.91,0.3408,0.1897,0.023544,4.407
520813,520,450,970,234,8,97,9.41,0.9900,0.5370,0.185323,38,0,3,21.48,1.0000,0.0737,0.004187,4.343
520819,520,387,907,214,38,253,318.92,0.9912,0.5939,0.227760,20,16,98,273.20,0.9448,0.1515,0.014011,4.339
520826,520,472,992,201,28,191,331.06,0.9332,0.5221,0.170114,0,0,23,264.05,1.0000,0.0262,0.000619,4.348
520836,520,376,896,241,83,68,28.92,0.9177,0.5998,0.253078,40,35,29,72.24,0.1445,0.1563,0.017419,4.495
520837,520,452,972,182,82,176,329.82,0.6818,0.5337,0.191155,6,14,31,262.69,0.5624,0.0710,0.004517,4.423
520848,520,394,914,245,47,133,1.03,0.9264,0.5876,0.231423,5,38,19,154.22,0.9226,0.1354,0.014654,4.353
520861,520,453,973,202,16,211,325.95,0.9777,0.5330,0.176321,17,10,24,306.28,0.4129,0.0678,0.004022,4.189
520894,520,393,913,252,31,125,3.88,0.9761,0.5896,0.231597,40,18,68,300.00,0.7160,0.1420,0.013011,4.469
520897,520,373,893,231,37,216,331.98,0.9636,0.5960,0.232725,43,4,98,291.69,0.9624,0.1610,0.014823,4.362
520899,520,452,972,231,9,104,6.60,0.9869,0.5329,0.181868,3,18,20,205.65,0.6362,0.0730,0.005025,4.214
520905,520,445,965,241,11,17,28.47,0.9952,0.5408,0.189840,4,2,68,268.28,0.9923,0.0839,0.004865,4.371
520907,520,398,918,255,29,37,27.23,1.0000,0.5778,0.222761,42,29,3,82.16,0.8316,0.1375,0.013776,4.277
520908,520,450,970,237,9,66,19.29,0.9928,0.5368,0.185965,23,7,15,349.56,0.4685,0.0652,0.003686,4.395
520928,520,439,959,220,0,199,333.76,1.0000,0.5537,0.193415,8,16,54,269.00,0.8224,0.0948,0.006885,4.279
520944,520,351,871,252,36,205,339.72,0.9827,0.6267,0.263683,56,21,89,303.34,0.7688,0.1876,0.020984,4.419
520945,520,330,850,229,96,199,337.26,0.8177,0.6389,0.291495,12,45,100,260.22,0.8582,0.2092,0.028749,4.337
520963,520,288,808,253,98,210,340.15,0.9830,0.6849,0.342741,24,66,8,138.89,0.9736,0.2375,0.041080,4.312
520978,520,428,948,246,34,13,30.20,0.9906,0.5600,0.207695,47,3,25,354.71,0.8123,0.1035,0.007398,4.490
520980,520,395,915,249,41,117,6.69,0.9538,0.5864,0.230135,57,10,39,347.01,0.7264,0.1385,0.012336,4.494
520983,520,395,915,239,11,205,336.66,0.9926,0.5946,0.230007,66,1,22,9.41,0.9627,0.1404,0.012381,4.489
520990,520,449,969,178,49,248,309.57,0.9625,0.5416,0.184398,20,11,15,350.86,0.2547,0.0692,0.004226,4.323
520996,520,450,970,187,60,211,320.77,0.8535,0.5362,0.185010,31,4,13,1.64,0.6992,0.0710,0.004072,4.346
520997,520,375,895,255,52,79,20.39,1.0000,0.5970,0.242842,63,0,72,322.04,1.0000,0.1619,0.015248,4.488
521064,520,431,951,241,31,51,24.46,0.9757,0.5508,0.199231,19,21,37,277.67,0.3587,0.1011,0.008083,4.291
521068,520,431,951,244,19,10,29.35,0.9928,0.5492,0.197243,24,2,68,287.63,0.9657,0.1003,0.006550,4.372
521109,520,363,883,231,80,167,348.59,0.8108,0.6066,0.255188,47,35,51,317.56,0.2805,0.1743,0.020455,4.332
521114,520,412,932,198,68,217,322.31,0.8584,0.5662,0.211513,56,1,18,8.98,0.9492,0.1170,0.009063,4.428
521119,520,407,927,154,113,205,303.17,0.6070,0.5676,0.230883,0,37,20,158.91,1.0000,0.1300,0.013736,4.407
521124,520,445,965,192,54,207,323.62,0.8681,0.5356,0.183513,2,17,33,248.71,0.7668,0.0765,0.005236,4.228
521133,520,379,899,250,67,74,23.79,0.9676,0.5995,0.248362,30,29,79,279.28,0.6794,0.1619,0.017192,4.440
521140,520,359,879,242,28,226,332.06,0.9845,0.6178,0.252016,11,18,123,267.19,0.9786,0.1826,0.019337,4.356
521143,520,246,766,253,150,84,51.50,0.9617,0.7315,0.433382,19,79,33,147.50,0.9499,0.2833,0.058400,4.459
521147,520,346,866,193,117,219,317.02,0.7116,0.6310,0.291755,8,53,18,146.96,0.9637,0.1876,0.026414,4.472
521152,520,397,917,255,27,8,29.90,1.0000,0.5755,0.220653,28,14,88,281.21,0.8973,0.1431,0.012655,4.320
521184,520,381,901,226,54,225,328.36,0.9401,0.6041,0.242456,74,0,23,11.37,1.0000,0.1578,0.015180,4.487
521186,520,398,918,254,27,49,25.06,0.9957,0.5760,0.220803,25,31,50,270.07,0.3620,0.1398,0.014169,4.220
521188,520,316,836,245,108,157,0.10,0.8413,0.6637,0.325748,13,62,12,142.75,0.9702,0.2196,0.035572,4.391
521210,520,392,912,225,27,234,326.12,0.9818,0.5931,0.227342,57,18,42,345.34,0.6089,0.1508,0.014698,4.287
521225,520,460,980,234,13,33,26.49,0.9925,0.5272,0.178933,23,3,11,354.99,0.6646,0.0556,0.002715,4.343
521229,520,378,898,253,15,159,352.76,0.9889,0.5988,0.237310,63,21,31,8.03,0.5963,0.1620,0.016922,4.293
521242,520,284,804,177,147,253,295.45,0.9304,0.6899,0.373064,29,68,8,137.33,0.9704,0.2469,0.044129,4.495
521256,520,246,766,214,158,202,334.20,0.5110,0.7276,0.430152,23,76,63,173.66,0.7539,0.2829,0.057097,4.483
521280,520,363,883,219,86,201,333.34,0.8127,0.6109,0.259347,33,38,54,270.85,0.2710,0.1682,0.019759,4.435
521282,520,421,941,226,16,187,338.58,0.9789,0.5611,0.201298,12,3,82,272.25,0.9881,0.1090,0.007524,4.369
521283,520,357,877,251,20,205,339.35,0.9894,0.6189,0.254206,0,8,134,264.18,0.9951,0.1845,0.018947,4.412
521290,520,398,918,219,11,234,324.74,0.9934,0.5781,0.212420,26,18,83,279.80,0.8514,0.1415,0.012767,4.181
521298,520,191,711,247,178,34,79.08,0.9593,0.7766,0.517327,8,91,37,148.74,0.9868,0.3224,0.076670,4.479
521307,520,368,888,231,33,246,324.77,0.9830,0.6143,0.247328,5,40,71,249.83,0.8280,0.1685,0.020047,4.245
521310,520,470,990,219,41,97,9.23,0.8949,0.5206,0.175116,5,5,15,282.12,0.4382,0.0412,0.001753,4.350
521316,520,443,963,234,38,36,27.89,0.9674,0.5386,0.190092,40,0,17,358.59,1.0000,0.0817,0.004917,4.372
521322,520,307,827,181,136,241,302.43,0.7851,0.6650,0.337833,15,59,79,232.31,0.7349,0.2338,0.037938,4.410
521345,520,387,907,192,76,250,311.92,0.9626,0.5900,0.232786,29,31,65,278.44,0.5253,0.1538,0.016228,4.270
521354,520,367,887,255,69,68,25.91,1.0000,0.6102,0.259373,42,39,20,100.43,0.4150,0.1674,0.019938,4.424
521360,520,257,777,223,129,248,318.92,0.9366,0.7069,0.381673,15,75,13,142.53,0.9773,0.2655,0.051626,4.248
521370,520,418,938,227,79,24,37.95,0.9561,0.5642,0.219916,14,25,60,267.51,0.6867,0.1238,0.011148,4.414
521380,520,207,727,238,155,248,323.02,0.9424,0.7714,0.483987,8,86,47,154.48,0.9768,0.3074,0.069121,4.483
521400,520,423,943,156,91,241,300.04,0.8693,0.5561,0.209013,25,26,13,111.99,0.3644,0.1104,0.009745,4.335
521402,520,381,901,240,62,161,351.40,0.8846,0.6010,0.245467,54,15,70,314.22,0.7549,0.1599,0.015682,4.498
521412,520,460,980,233,33,3,30.92,0.9971,0.5317,0.184211,7,0,46,278.04,1.0000,0.0561,0.002424,4.468
521416,520,440,960,211,22,204,330.14,0.9671,0.5461,0.187844,18,19,18,145.47,0.0355,0.0862,0.006380,4.219
521446,520,457,977,193,28,216,322.07,0.9539,0.5258,0.171273,13,12,4,103.20,0.4263,0.0606,0.003573,4.130
521449,520,471,991,217,34,120,359.43,0.9017,0.5194,0.172543,2,0,30,273.09,1.0000,0.0351,0.001066,4.358
521458,520,259,779,208,161,163,15.63,0.3410,0.7127,0.415450,16,75,47,157.88,0.9105,0.2720,0.053473,4.498
521461,520,396,916,153,105,249,295.33,0.9107,0.5820,0.237151,41,27,44,320.36,0.3430,0.1440,0.014372,4.461
521462,520,351,871,252,11,230,333.32,0.9966,0.6335,0.266511,74,28,8,41.93,0.8032,0.1902,0.023041,4.333
521471,520,478,998,175,43,227,313.60,0.9242,0.5146,0.163888,2,2,1,107.87,0.2671,0.0224,0.000585,4.228
521472,520,38,558,232,249,190,120.95,0.8316,0.9477,0.886247,59,126,14,136.75,0.9836,0.4535,0.158827,4.483
521477,520,416,936,240,63,49,29.15,0.9374,0.5726,0.223052,0,26,65,257.38,1.0000,0.1235,0.011204,4.461
521482,520,464,984,193,86,55,36.88,0.7515,0.5162,0.182706,15,3,17,322.65,0.6317,0.0474,0.002072,4.469
521522,520,408,928,228,10,196,336.52,0.9895,0.5687,0.206992,43,1,73,304.52,0.9750,0.1297,0.010164,4.272
521528,520,377,897,233,47,204,335.73,0.9396,0.5982,0.237189,66,13,43,350.02,0.7257,0.1615,0.016207,4.338
521533,520,277,797,251,93,248,328.56,0.9852,0.6961,0.351179,38,68,25,137.23,0.8044,0.2544,0.046164,4.172
521534,520,400,920,230,31,196,337.10,0.9600,0.5792,0.217911,52,4,68,315.43,0.8841,0.1428,0.012343,4.297
521536,520,456,976,189,23,235,316.45,0.9761,0.5321,0.174311,5,8,34,271.75,0.7563,0.0599,0.003214,4.215
521539,520,474,994,226,11,76,15.33,0.9865,0.5157,0.169328,3,4,2,127.75,0.2841,0.0309,0.001106,4.292
521540,520,455,975,192,14,229,318.80,0.9856,0.5292,0.171791,0,15,17,204.21,1.0000,0.0615,0.003821,4.121
521545,520,417,937,222,51,180,340.21,0.8840,0.5681,0.211949,6,7,92,267.41,0.9863,0.1245,0.009633,4.393
521547,520,400,920,231,76,119,7.64,0.8098,0.5840,0.234925,33,24,64,290.31,0.6060,0.1413,0.013468,4.489
521556,520,266,786,249,102,255,326.12,1.0000,0.7080,0.368650,24,50,138,266.07,0.8896,0.2636,0.043101,4.497
521568,520,441,961,212,5,205,330.16,0.9934,0.5441,0.185155,12,18,40,270.14,0.5386,0.0903,0.006640,4.152
521575,520,335,855,229,83,228,328.08,0.9023,0.6386,0.284482,17,57,0,138.36,1.0000,0.2026,0.030453,4.157
521584,520,426,946,194,42,249,314.30,0.9710,0.5615,0.199661,22,1,79,281.36,0.9909,0.1103,0.007568,4.337
521597,520,347,867,241,76,199,339.75,0.9061,0.6343,0.279959,31,46,52,224.64,0.2545,0.1882,0.024932,4.403
521598,520,370,890,201,96,222,320.70,0.8046,0.6098,0.260585,36,34,70,283.74,0.5055,0.1715,0.019613,4.462
521604,520,435,955,233,11,141,354.39,0.9834,0.5506,0.194890,11,20,37,262.26,0.4782,0.0925,0.007050,4.293
521656,520,361,881,231,106,61,39.63,0.8430,0.6150,0.276365,4,50,38,170.57,0.9352,0.1812,0.024468,4.383
521676,520,456,976,228,11,117,1.62,0.9811,0.5313,0.180206,1,0,54,265.81,1.0000,0.0602,0.002728,4.366
521684,520,289,809,254,86,224,335.77,0.9941,0.6796,0.331112,0,70,8,143.96,1.0000,0.2439,0.043977,4.055
521692,520,325,845,226,86,242,323.47,0.9380,0.6461,0.292371,64,36,63,328.18,0.4387,0.2067,0.027107,4.440
521695,520,396,916,213,33,241,321.42,0.9741,0.5806,0.215866,10,20,89,268.04,0.9392,0.1411,0.012860,4.229
521696,520,356,876,234,42,240,326.79,0.9738,0.6196,0.254421,9,47,44,187.49,0.7675,0.1754,0.022729,4.186
521705,520,400,920,173,93,239,306.50,0.8592,0.5788,0.229456,1,40,25,162.68,0.9820,0.1420,0.015942,4.238
521712,520,469,989,203,47,166,339.68,0.8403,0.5230,0.174847,2,0,39,270.08,1.0000,0.0439,0.001594,4.358
521743,520,440,960,242,21,59,21.97,0.9850,0.5497,0.197327,13,22,23,204.69,0.2317,0.0919,0.007212,4.323
521765,520,418,938,202,71,195,330.02,0.8050,0.5619,0.210049,57,1,9,19.35,0.9732,0.1171,0.009114,4.399
521766,520,385,905,186,96,231,312.86,0.8222,0.5948,0.245753,6,36,59,245.76,0.7636,0.1485,0.016162,4.470
521800,520,362,882,234,35,233,328.49,0.9773,0.6113,0.245802,9,39,90,260.46,0.8694,0.1835,0.022472,4.082
521801,520,448,968,205,33,207,327.69,0.9407,0.5425,0.185737,11,8,53,276.82,0.8770,0.0814,0.005018,4.285
521803,520,476,996,200,34,163,339.58,0.8800,0.5065,0.160697,1,1,0,109.77,1.0000,0.0157,0.000282,4.190
521812,520,312,832,250,79,204,340.51,0.9626,0.6552,0.302786,77,35,40,13.92,0.4941,0.2158,0.029333,4.447
521828,520,442,962,162,79,230,306.01,0.8416,0.5372,0.189871,9,13,48,272.50,0.7805,0.0840,0.005593,4.315
521837,520,474,994,192,69,152,342.82,0.7218,0.5193,0.177313,6,4,3,53.30,0.1761,0.0347,0.001321,4.429
521840,520,421,941,223,73,104,12.21,0.7978,0.5615,0.214551,4,29,35,216.09,0.7435,0.1122,0.010258,4.390
521844,520,348,868,230,78,223,329.78,0.9035,0.6316,0.276018,8,49,56,211.59,0.7867,0.1872,0.025337,4.327
521851,520,380,900,238,25,205,336.49,0.9791,0.5966,0.232830,60,16,61,326.89,0.7098,0.1645,0.016683,4.241
521853,520,373,893,232,88,104,16.97,0.8061,0.5972,0.251375,38,25,81,288.70,0.7102,0.1637,0.017014,4.497
521856,520,422,942,237,15,146,353.65,0.9798,0.5617,0.204246,39,17,17,20.66,0.4396,0.1084,0.008728,4.329
521869,520,470,990,120,89,251,285.76,0.9620,0.5223,0.181025,2,6,7,210.30,0.3817,0.0374,0.001585,4.479
521884,520,351,871,252,40,216,336.86,0.9847,0.6349,0.271741,23,39,92,267.42,0.7419,0.1918,0.024058,4.344
521891,520,402,922,249,46,72,21.21,0.9672,0.5793,0.225652,40,18,57,307.68,0.6414,0.1330,0.011792,4.461
521896,520,400,920,194,72,245,313.90,0.9372,0.5846,0.226978,47,5,72,308.06,0.8878,0.1394,0.011808,4.481
521900,520,319,839,237,105,157,357.79,0.7821,0.6464,0.305446,24,37,126,269.09,0.9092,0.2233,0.030235,4.430
521913,520,469,989,202,77,49,34.13,0.8295,0.5173,0.180881,10,2,20,305.17,0.7434,0.0412,0.001585,4.476
521929,520,433,953,221,40,161,345.85,0.8982,0.5486,0.194654,37,10,34,332.01,0.6216,0.1002,0.007259,4.273
521942,520,409,929,218,72,154,349.67,0.7812,0.5689,0.218755,46,12,58,315.88,0.7390,0.1337,0.011493,4.370
521943,520,474,994,214,63,7,36.39,0.9865,0.5186,0.178690,8,2,5,344.94,0.4746,0.0320,0.001060,4.479
521952,520,399,919,195,68,243,314.88,0.9315,0.5803,0.222087,36,32,5,101.06,0.7594,0.1380,0.014191,4.239
521966,520,383,903,240,54,175,346.26,0.9129,0.6006,0.242617,31,37,12,120.75,0.6055,0.1481,0.016410,4.406
521970,520,344,864,203,101,239,316.38,0.8779,0.6307,0.282371,30,41,77,269.12,0.5302,0.1890,0.023976,4.493
521974,520,429,949,223,19,175,341.42,0.9672,0.5496,0.192514,26,21,2,96.22,0.8113,0.0959,0.007603,4.210
522004,520,297,817,248,97,217,336.58,0.9529,0.6792,0.335184,95,36,2,45.02,0.9524,0.2444,0.036994,4.428
522008,520,420,940,236,21,145,353.92,0.9684,0.5611,0.204166,11,28,37,233.38,0.4752,0.1140,0.010352,4.211
522022,520,426,946,199,48,229,320.13,0.9299,0.5579,0.199147,51,7,15,14.81,0.7815,0.1138,0.008904,4.230
522035,520,436,956,199,67,188,331.37,0.7984,0.5482,0.197889,41,1,31,340.01,0.8753,0.0917,0.005921,4.433
522036,520,448,968,221,55,111,5.81,0.8441,0.5403,0.192548,23,14,12,32.84,0.2382,0.0780,0.005228,4.392
522038,520,467,987,182,45,219,317.65,0.9090,0.5207,0.169375,9,5,10,320.54,0.2894,0.0430,0.001885,4.228
522039,520,430,950,235,47,32,29.68,0.9613,0.5467,0.198026,20,9,63,283.14,0.8641,0.1008,0.007030,4.349
522047,520,471,991,173,57,225,312.76,0.8837,0.5223,0.172477,9,1,21,302.94,0.8441,0.0383,0.001339,4.333
522050,520,429,949,239,35,17,30.04,0.9851,0.5460,0.195966,38,16,14,26.26,0.4683,0.1040,0.008144,4.230
522051,520,452,972,206,80,30,39.62,0.9021,0.5272,0.189550,2,20,4,146.49,0.9536,0.0730,0.005220,4.338
522062,520,471,991,172,73,200,318.09,0.7681,0.5209,0.177068,8,4,3,39.44,0.2652,0.0368,0.001450,4.413
522068,520,464,984,195,1,219,322.13,0.9987,0.5234,0.167399,6,4,36,277.93,0.8673,0.0540,0.002529,4.139
522084,520,369,889,247,72,113,11.51,0.9221,0.6073,0.256044,34,29,83,282.26,0.6905,0.1693,0.018433,4.472
522092,520,344,864,222,76,242,322.63,0.9401,0.6288,0.271112,2,46,73,242.17,0.9209,0.1865,0.024478,4.312
522098,520,446,966,206,33,207,327.96,0.9416,0.5442,0.187164,23,15,19,347.26,0.2066,0.0825,0.005708,4.257
522111,520,472,992,210,41,136,352.21,0.8584,0.5167,0.170673,9,0,7,334.37,1.0000,0.0278,0.000734,4.350
522120,520,314,834,251,105,138,8.93,0.9221,0.6630,0.324505,49,55,12,116.92,0.7782,0.2209,0.034119,4.452
522124,520,478,998,185,23,216,319.84,0.9618,0.5101,0.158863,0,1,12,262.93,1.0003,0.0216,0.000482,4.137
522139,520,434,954,165,86,223,308.01,0.7953,0.5460,0.199832,41,13,6,36.15,0.6856,0.1017,0.007725,4.328
522147,520,387,907,217,11,250,320.66,0.9952,0.5868,0.218951,29,29,61,281.18,0.5092,0.1460,0.014768,4.153
522156,520,426,946,221,62,155,349.16,0.8234,0.5639,0.211864,48,10,24,1.26,0.6729,0.1147,0.009115,4.430
522162,520,443,963,234,15,85,13.57,0.9831,0.5357,0.184931,23,10,37,303.61,0.6161,0.0825,0.005328,4.246
522180,520,399,919,210,54,223,324.60,0.9189,0.5762,0.216695,34,31,25,84.56,0.1422,0.1372,0.013903,4.173
522187,520,249,769,247,143,133,26.31,0.8450,0.7187,0.411151,64,71,5,116.10,0.9371,0.2842,0.056074,4.347
522203,520,436,956,208,39,201,330.11,0.9210,0.5472,0.190799,20,20,17,106.95,0.0839,0.0904,0.006895,4.232
522217,520,470,990,201,0,196,329.71,1.0000,0.5169,0.164049,8,5,10,313.39,0.2766,0.0421,0.001821,4.131
522220,520,460,980,175,75,200,319.09,0.7635,0.5280,0.183173,1,17,5,151.90,0.9582,0.0639,0.004183,4.303
522230,520,470,990,186,18,224,318.25,0.9769,0.5164,0.162549,13,3,12,330.36,0.5502,0.0429,0.001772,4.105
522245,520,459,979,217,20,153,347.01,0.9507,0.5269,0.175544,4,11,17,240.16,0.4142,0.0551,0.003056,4.251
522247,520,448,968,178,61,229,313.21,0.8851,0.5370,0.184606,2,24,3,144.19,0.9740,0.0849,0.006727,4.136
522254,520,431,951,243,3,79,16.01,0.9976,0.5507,0.196878,25,21,33,299.57,0.2697,0.1048,0.008528,4.218
522262,520,356,876,251,12,203,339.83,0.9941,0.6159,0.250873,62,16,75,317.78,0.7616,0.1784,0.019028,4.359
522264,520,280,800,247,130,83,41.87,0.8944,0.6852,0.363668,34,67,2,133.99,0.9899,0.2459,0.043587,4.420
522267,520,381,901,197,82,239,315.66,0.8991,0.5963,0.241381,67,13,37,357.68,0.7306,0.1608,0.016149,4.405
522273,520,389,909,216,94,145,356.40,0.6820,0.5913,0.246508,26,34,51,264.68,0.3336,0.1494,0.016026,4.491
522277,520,456,976,209,30,176,337.72,0.9213,0.5284,0.176206,14,6,28,298.09,0.6287,0.0592,0.003075,4.262
522305,520,451,971,158,74,252,300.62,0.9735,0.5435,0.191953,35,1,9,8.81,0.8956,0.0713,0.003988,4.482
522318,520,425,945,251,6,38,25.92,0.9975,0.5626,0.207832,0,20,64,260.64,1.0000,0.1083,0.008704,4.392
522329,520,382,902,160,111,244,297.85,0.8493,0.5967,0.253743,2,47,18,150.36,0.9866,0.1646,0.020895,4.284
522342,520,468,988,185,20,228,316.98,0.9758,0.5187,0.164173,16,2,13,335.02,0.6764,0.0444,0.001826,4.133
522344,520,399,919,255,18,101,11.31,1.0000,0.5841,0.226360,36,33,7,102.82,0.6940,0.1411,0.014781,4.266
522350,520,480,1000,215,37,106,4.67,0.8925,0.5125,0.168133,0,0,0,0.00,0.0000,0.0000,0.000000,4.363
522355,520,418,938,238,19,140,355.92,0.9736,0.5624,0.205395,10,29,42,240.84,0.5480,0.1192,0.011104,4.180
522358,520,351,871,214,96,223,324.76,0.8349,0.6292,0.279913,38,43,58,270.25,0.2366,0.1888,0.024453,4.431
522377,520,464,984,201,42,174,336.33,0.8641,0.5200,0.171313,13,6,11,336.52,0.3051,0.0497,0.002400,4.224
522383,520,228,748,231,152,221,331.30,0.7695,0.7445,0.446674,45,78,37,139.68,0.6989,0.2937,0.061401,4.458
522388,520,339,859,199,106,249,312.10,0.9353,0.6394,0.292908,21,54,11,139.30,0.9405,0.1954,0.028218,4.384
522391,520,361,881,234,101,105,20.82,0.7963,0.6199,0.278224,22,47,34,159.66,0.5260,0.1777,0.023190,4.485
522424,520,415,935,209,44,229,323.00,0.9455,0.5714,0.210156,56,1,17,10.17,0.9519,0.1167,0.009031,4.407
522426,520,261,781,223,141,221,327.72,0.7288,0.7139,0.399597,0,73,73,194.77,1.0000,0.2713,0.052459,4.388
522439,520,445,965,213,56,153,347.48,0.8201,0.5426,0.192766,20,5,51,290.86,0.8554,0.0824,0.004963,4.417
522440,520,416,936,220,2,218,328.85,0.9983,0.5667,0.203233,34,4,69,297.21,0.9166,0.1163,0.008566,4.324
522444,520,478,998,212,58,16,34.52,0.9703,0.5093,0.170630,3,0,4,321.50,1.0000,0.0174,0.000281,4.388
522448,520,330,850,215,99,225,324.40,0.8390,0.6361,0.288087,49,17,125,285.76,0.9222,0.2126,0.025345,4.487
522453,520,391,911,254,53,42,28.86,0.9956,0.5909,0.237879,26,30,68,275.66,0.5902,0.1512,0.015655,4.385
522460,520,389,909,209,89,175,339.96,0.7164,0.5856,0.237971,30,30,64,280.98,0.5233,0.1516,0.015747,4.380
522461,520,437,957,238,16,106,7.26,0.9806,0.5498,0.195915,36,10,26,344.93,0.5741,0.0945,0.006668,4.340
522474,520,248,768,219,169,42,85.18,0.8717,0.7220,0.436047,14,80,4,141.40,0.9938,0.2819,0.058392,4.484
522476,520,390,910,239,17,189,341.03,0.9846,0.5869,0.224287,26,21,86,278.17,0.8411,0.1498,0.014278,4.267
522486,520,417,937,246,41,38,28.01,0.9711,0.5656,0.213222,14,18,70,272.25,0.8614,0.1182,0.009681,4.410
522488,520,464,984,194,83,84,22.01,0.6712,0.5184,0.182977,15,2,26,307.95,0.7948,0.0503,0.002196,4.464
522500,520,441,961,197,67,187,331.07,0.7930,0.5443,0.194741,5,23,20,181.58,0.6119,0.0884,0.006955,4.297
522511,520,407,927,216,91,71,31.21,0.7750,0.5667,0.225383,34,30,14,95.76,0.4255,0.1316,0.013004,4.371
522515,520,366,886,251,76,5,36.78,0.9960,0.6053,0.256926,18,47,23,147.59,0.7723,0.1723,0.022234,4.249
522526,520,332,852,209,125,166,349.86,0.5407,0.6416,0.309773,25,56,7,136.61,0.9578,0.2040,0.030503,4.469
522538,520,363,883,212,82,232,322.09,0.8872,0.6137,0.258595,35,44,5,121.73,0.8668,0.1724,0.021696,4.304
522546,520,479,999,165,23,254,305.36,0.9953,0.5123,0.157686,2,0,3,318.71,1.0000,0.0147,0.000195,4.138
522549,520,398,918,190,112,129,6.27,0.4634,0.5765,0.241218,29,34,36,223.79,0.0929,0.1443,0.015326,4.458
522563,520,457,977,173,45,242,309.50,0.9411,0.5259,0.171727,17,2,39,297.28,0.8851,0.0626,0.003091,4.176
522589,520,379,899,247,51,150,355.86,0.9327,0.6005,0.243471,8,40,64,245.34,0.7456,0.1645,0.019393,4.229
522595,520,441,961,184,61,222,316.87,0.8734,0.5406,0.188029,30,2,51,305.67,0.9110,0.0900,0.005585,4.282
522596,520,319,839,250,54,238,330.97,0.9808,0.6528,0.291383,8,58,62,203.15,0.8422,0.2192,0.034254,4.052
522604,520,391,911,207,60,238,319.89,0.9276,0.5871,0.226718,55,19,35,354.64,0.5643,0.1456,0.013994,4.324
522617,520,464,984,232,0,70,17.40,1.0000,0.5248,0.176011,17,5,5,20.73,0.4455,0.0499,0.002387,4.314
522621,520,333,853,234,68,244,325.52,0.9587,0.6412,0.281607,39,46,69,270.74,0.3323,0.2043,0.028149,4.243
522622,520,388,908,218,55,217,328.34,0.9179,0.5863,0.226496,37,34,38,317.71,0.0826,0.1535,0.016773,4.141
522655,520,442,962,198,50,209,324.96,0.8907,0.5434,0.188920,36,8,6,27.84,0.6970,0.0848,0.005619,4.296
522656,520,321,841,254,80,180,349.26,0.9881,0.6519,0.301067,40,50,54,224.05,0.1474,0.2085,0.029986,4.389
522661,520,414,934,211,43,226,324.30,0.9455,0.5719,0.210695,39,2,65,305.48,0.9403,0.1167,0.008564,4.451
522663,520,414,934,193,87,190,328.59,0.7169,0.5658,0.218729,40,21,21,19.85,0.3531,0.1194,0.010416,4.448
522672,520,388,908,249,32,151,354.94,0.9636,0.5935,0.234105,16,41,24,152.40,0.6607,0.1518,0.017619,4.202
522676,520,470,990,199,65,130,354.28,0.7413,0.5167,0.175363,8,4,6,345.04,0.2484,0.0380,0.001516,4.375
522683,520,435,955,245,1,22,27.69,0.9996,0.5475,0.194957,23,16,37,297.72,0.4655,0.0937,0.006863,4.308
522695,520,308,828,182,137,248,301.14,0.8532,0.6722,0.346140,16,63,53,175.89,0.7784,0.2340,0.039221,4.440
522702,520,425,945,239,54,1,33.56,0.9990,0.5593,0.209945,22,26,4,118.19,0.7380,0.1056,0.009181,4.392
522732,520,342,862,244,4,241,329.03,0.9988,0.6253,0.256737,87,9,3,30.45,0.9690,0.1925,0.022285,4.243
522751,520,384,904,246,15,160,351.06,0.9860,0.5855,0.224759,27,32,56,273.72,0.4154,0.1481,0.015515,4.194
522753,520,356,876,235,90,142,1.17,0.7976,0.6164,0.269302,35,40,62,273.69,0.3388,0.1802,0.022227,4.421
522756,520,435,955,242,1,87,13.46,0.9991,0.5499,0.195905,33,14,6,44.39,0.5675,0.0904,0.006506,4.352
522758,520,417,937,245,46,49,26.56,0.9613,0.5680,0.215917,38,24,2,77.18,0.8475,0.1192,0.010698,4.381
522773,520,302,822,251,103,169,355.24,0.9306,0.6706,0.330773,53,56,30,114.11,0.4325,0.2311,0.036790,4.387
522776,520,409,929,234,62,107,10.43,0.8674,0.5709,0.220022,46,1,71,308.54,0.9709,0.1323,0.010575,4.458
522777,520,461,981,232,25,52,23.34,0.9776,0.5291,0.181021,1,7,26,260.30,0.8562,0.0484,0.002330,4.415
522789,520,477,997,221,26,71,17.25,0.9595,0.5095,0.165686,2,0,9,294.50,1.0000,0.0190,0.000326,4.286
522805,520,352,872,233,34,253,323.69,0.9929,0.6231,0.255619,12,18,130,267.19,0.9813,0.1927,0.021223,4.291
522813,520,315,835,255,109,62,37.93,1.0000,0.6606,0.325485,4,59,51,179.94,0.9424,0.2164,0.033926,4.474
522825,520,387,907,237,32,200,337.65,0.9670,0.5947,0.232105,46,26,42,334.29,0.3783,0.1477,0.014869,4.349
522830,520,447,967,221,48,134,356.01,0.8615,0.5424,0.192098,20,1,59,288.05,0.9767,0.0842,0.004862,4.413
522869,520,349,869,230,74,232,327.39,0.9238,0.6329,0.275490,69,31,15,42.52,0.6636,0.1876,0.022799,4.471
522870,520,469,989,223,10,117,0.64,0.9799,0.5208,0.171921,19,1,4,8.63,0.8014,0.0426,0.001689,4.293
522885,520,334,854,252,87,134,6.83,0.9537,0.6395,0.292364,27,53,43,167.23,0.4590,0.2031,0.029535,4.305
522895,520,424,944,225,63,126,1.58,0.8251,0.5607,0.210715,8,31,15,151.28,0.7850,0.1130,0.010660,4.298
522903,520,412,932,255,10,26,27.70,1.0000,0.5711,0.215555,23,10,78,280.71,0.9112,0.1216,0.009493,4.464
522906,520,461,981,225,32,93,10.73,0.9368,0.5260,0.178337,26,0,1,24.21,1.0000,0.0504,0.002218,4.373
522908,520,330,850,222,91,229,325.65,0.8802,0.6381,0.286708,31,56,35,148.22,0.5312,0.2128,0.032409,4.086
522924,520,474,994,219,47,89,13.02,0.8835,0.5231,0.178170,0,2,18,262.27,1.0000,0.0289,0.000871,4.485
522930,520,185,705,246,160,255,323.50,1.0000,0.7937,0.519562,31,83,117,240.96,0.6751,0.3350,0.077618,4.463
522945,520,397,917,245,10,154,352.64,0.9903,0.5798,0.219660,56,2,62,323.48,0.9099,0.1427,0.012321,4.327
522988,520,478,998,201,77,7,42.21,0.9763,0.5123,0.177426,5,0,11,309.75,1.0000,0.0246,0.000564,4.498
522989,520,374,894,243,40,185,343.42,0.9527,0.6017,0.240781,58,14,63,323.48,0.7390,0.1599,0.015726,4.424
522998,520,332,852,237,102,138,6.04,0.7849,0.6354,0.293449,7,47,85,251.69,0.8344,0.2001,0.027339,4.441
523000,520,428,948,226,35,163,346.22,0.9246,0.5560,0.200178,43,0,37,334.74,1.0000,0.0976,0.006472,4.430
523001,520,257,777,238,117,246,325.05,0.9522,0.7072,0.375556,34,70,55,164.80,0.5345,0.2659,0.049961,4.257
523016,520,388,908,190,98,204,322.19,0.7081,0.5863,0.240433,13,26,87,267.85,0.8931,0.1518,0.015124,4.460
523027,520,387,907,251,1,147,355.85,0.9992,0.5872,0.226411,41,27,61,301.07,0.5212,0.1546,0.015922,4.193
523031,520,441,961,175,47,254,307.51,0.9941,0.5409,0.183036,13,10,60,276.26,0.8834,0.0932,0.006289,4.140
523035,520,392,912,232,83,104,15.63,0.8152,0.5905,0.243446,51,28,11,55.34,0.6014,0.1499,0.015586,4.474
523043,520,409,929,177,96,210,315.21,0.7181,0.5688,0.223669,52,10,41,340.00,0.7105,0.1301,0.011073,4.481
523046,520,394,914,195,82,235,316.00,0.8792,0.5906,0.236361,61,15,16,22.86,0.7377,0.1447,0.013713,4.495
523049,520,346,866,248,45,217,335.75,0.9682,0.6311,0.268460,81,16,16,25.50,0.8537,0.1877,0.021576,4.449
523091,520,406,926,228,37,197,336.39,0.9468,0.5791,0.218509,10,31,48,245.57,0.5991,0.1286,0.012578,4.291
523098,520,474,994,179,82,153,338.83,0.6262,0.5168,0.179194,9,1,14,315.32,0.7692,0.0342,0.001115,4.484
523104,520,370,890,240,20,230,330.65,0.9906,0.6142,0.247415,54,33,3,71.80,0.8603,0.1653,0.018787,4.324
523123,520,435,955,235,47,43,27.74,0.9531,0.5477,0.198727,7,10,59,270.71,0.9222,0.0882,0.005780,4.459
523135,520,370,890,222,76,207,332.21,0.8605,0.6071,0.252056,7,22,113,266.06,0.9681,0.1733,0.018111,4.435
523156,520,464,984,203,74,72,24.53,0.7716,0.5185,0.180640,2,12,14,208.30,0.6105,0.0545,0.003075,4.346
523158,520,392,912,231,73,146,356.06,0.8168,0.5898,0.238320,22,34,51,257.14,0.3866,0.1462,0.015536,4.399
523159,520,248,768,244,128,229,332.24,0.9304,0.7236,0.403308,76,64,16,94.69,0.7729,0.2789,0.052408,4.426
523166,520,474,994,194,34,196,327.63,0.9138,0.5163,0.166005,2,1,14,282.01,0.8384,0.0258,0.000663,4.264
523169,520,405,925,246,8,161,350.66,0.9927,0.5845,0.223430,4,33,48,235.25,0.7891,0.1315,0.013269,4.322
523178,520,350,870,229,77,222,329.79,0.9017,0.6283,0.272420,40,27,106,282.58,0.8212,0.1947,0.022755,4.432
523188,520,438,958,170,90,213,312.12,0.7447,0.5518,0.206632,0,23,32,225.21,1.0000,0.0907,0.007170,4.489
523204,520,437,957,187,49,247,312.47,0.9590,0.5541,0.194779,27,16,25,333.07,0.3009,0.0920,0.006738,4.314
523215,520,449,969,216,55,131,356.73,0.8237,0.5378,0.189724,8,11,42,273.41,0.7515,0.0743,0.004581,4.392
523217,520,342,862,216,86,237,321.84,0.9068,0.6278,0.273707,7,41,91,258.79,0.8856,0.1889,0.023862,4.383
523237,520,455,975,233,7,73,16.87,0.9931,0.5291,0.179598,5,14,14,195.71,0.3647,0.0618,0.003780,4.269
523253,520,268,788,220,147,176,354.18,0.5282,0.7026,0.392192,15,69,76,207.75,0.7844,0.2633,0.048794,4.476
523270,520,466,986,218,50,50,26.31,0.9218,0.5164,0.174195,9,4,32,286.43,0.7832,0.0533,0.002492,4.271
523294,520,468,988,154,70,241,301.74,0.9085,0.5239,0.176016,12,4,3,31.68,0.4094,0.0410,0.001716,4.370
523341,520,450,970,185,66,206,321.28,0.8207,0.5361,0.186682,32,6,2,35.76,0.8160,0.0734,0.004418,4.349
523344,520,384,904,237,78,75,25.44,0.8914,0.5872,0.239643,24,39,30,157.56,0.3379,0.1525,0.017389,4.298
523346,520,326,846,251,75,203,340.91,0.9701,0.6523,0.298563,16,52,79,244.68,0.6916,0.2132,0.031305,4.287
523357,520,314,834,243,70,252,325.85,0.9891,0.6626,0.304658,96,17,30,17.37,0.8355,0.2241,0.029819,4.443
523369,520,476,996,184,69,156,338.46,0.7092,0.5078,0.168483,6,1,1,22.40,0.6057,0.0243,0.000626,4.316
523378,520,381,901,212,77,227,323.58,0.8818,0.6046,0.248526,34,24,85,284.08,0.7605,0.1615,0.016492,4.490
523393,520,469,989,175,7,252,309.00,0.9954,0.5205,0.162951,6,5,12,291.60,0.3328,0.0409,0.001738,4.116
523397,520,332,852,252,86,144,2.75,0.9536,0.6415,0.293679,37,43,82,274.85,0.5087,0.2036,0.027302,4.446
523414,520,359,879,245,97,27,41.23,0.9660,0.6223,0.280442,14,50,17,144.83,0.9244,0.1793,0.024150,4.456
523424,520,457,977,234,11,83,14.05,0.9883,0.5342,0.183594,10,6,32,285.81,0.7027,0.0584,0.002991,4.408
523467,520,444,964,192,22,244,315.30,0.9823,0.5441,0.183133,16,12,38,286.94,0.5940,0.0794,0.005130,4.229
523514,520,463,983,161,54,254,302.79,0.9935,0.5273,0.173717,5,11,5,144.49,0.4274,0.0518,0.002826,4.235
523518,520,260,780,251,105,248,328.45,0.9847,0.7107,0.373923,46,54,123,274.20,0.6720,0.2714,0.046491,4.393
523538,520,446,966,232,33,69,19.48,0.9585,0.5357,0.186762,27,12,21,343.77,0.3881,0.0823,0.005501,4.266
523552,520,415,935,200,41,245,316.88,0.9611,0.5670,0.204593,5,31,34,205.64,0.7157,0.1183,0.011277,4.155
523558,520,24,544,237,249,253,219.62,0.6860,0.9701,0.928473,8,131,77,156.02,0.9890,0.4637,0.168193,4.484
523569,520,309,829,255,25,252,328.96,1.0000,0.6563,0.289867,95,15,26,19.47,0.8652,0.2191,0.028495,4.330
523579,520,400,920,174,118,153,341.79,0.3833,0.5755,0.242563,29,35,17,123.85,0.4369,0.1411,0.015037,4.498
523584,520,409,929,213,80,143,354.10,0.7275,0.5656,0.218688,60,6,7,25.54,0.9083,0.1297,0.011064,4.400
523589,520,471,991,176,80,178,326.72,0.6853,0.5227,0.181829,13,4,11,334.27,0.4505,0.0450,0.001966,4.461
523601,520,411,931,242,58,33,31.14,0.9624,0.5703,0.220165,1,26,66,258.42,0.9639,0.1249,0.011385,4.401
523603,520,271,791,248,127,156,6.23,0.8407,0.6983,0.375382,59,64,34,116.62,0.4541,0.2618,0.047121,4.380
523604,520,432,952,221,73,66,26.80,0.8523,0.5496,0.205332,38,15,16,18.35,0.4721,0.1026,0.007912,4.409
523605,520,311,831,237,113,162,357.12,0.7663,0.6606,0.324259,64,50,13,87.73,0.7327,0.2248,0.034003,4.455
523611,520,443,963,239,9,9,28.98,0.9960,0.5357,0.185692,5,21,22,200.52,0.5476,0.0834,0.006265,4.189
523618,520,333,853,238,72,219,333.00,0.9214,0.6361,0.279289,2,51,74,235.66,0.9354,0.2023,0.028748,4.182
523623,520,466,986,195,76,116,2.31,0.6763,0.5189,0.180337,18,2,14,336.83,0.6971,0.0474,0.002037,4.426
523636,520,477,997,189,85,54,37.24,0.7435,0.5074,0.175838,1,2,6,265.10,0.5131,0.0236,0.000630,4.461
523644,520,393,913,219,63,208,331.06,0.8872,0.5893,0.231713,40,20,64,301.64,0.6606,0.1420,0.013216,4.456
523649,520,296,816,234,139,31,61.88,0.9357,0.6775,0.360590,2,68,35,154.28,0.9913,0.2415,0.042683,4.430
523653,520,419,939,233,5,173,344.22,0.9937,0.5643,0.204522,55,2,0,30.84,1.0000,0.1123,0.008558,4.346
523656,520,257,777,241,124,232,330.21,0.9221,0.7146,0.389445,10,75,36,151.35,0.9682,0.2677,0.052238,4.298
523659,520,445,965,212,15,196,332.58,0.9767,0.5404,0.183263,29,9,23,339.95,0.5208,0.0807,0.005185,4.227
523692,520,278,798,253,98,223,336.07,0.9871,0.6914,0.349486,85,45,35,34.96,0.4883,0.2486,0.039297,4.474
523714,520,428,948,225,26,183,339.59,0.9576,0.5603,0.201678,31,21,15,52.24,0.2767,0.1050,0.008622,4.293
523718,520,362,882,214,92,199,332.55,0.7740,0.6100,0.260758,39,44,0,116.25,1.0000,0.1757,0.022327,4.297
523728,520,369,889,239,37,215,334.15,0.9693,0.6096,0.245829,51,31,41,348.32,0.3108,0.1656,0.018439,4.322
523741,520,418,938,161,111,182,315.47,0.5052,0.5586,0.223239,21,31,18,138.59,0.3880,0.1222,0.011831,4.419
523746,520,454,974,228,25,101,7.84,0.9552,0.5309,0.181317,23,0,40,307.13,1.0000,0.0670,0.003354,4.336
523755,520,432,952,222,45,163,345.61,0.8860,0.5549,0.200532,5,23,38,245.51,0.6563,0.0973,0.007850,4.331
523757,520,434,954,153,98,216,303.04,0.7216,0.5455,0.204659,24,3,70,286.41,0.9545,0.1040,0.007015,4.467
523776,520,426,946,245,30,4,30.43,0.9970,0.5556,0.203533,8,8,83,269.16,0.9761,0.1147,0.008498,4.334
523780,520,430,950,221,61,124,1.34,0.8190,0.5505,0.201674,16,2,71,278.27,0.9819,0.0962,0.006085,4.487
523785,520,413,933,226,56,152,351.03,0.8550,0.5660,0.212667,20,31,27,170.28,0.2481,0.1243,0.012078,4.231
523790,520,284,804,251,96,230,333.45,0.9786,0.6895,0.345909,60,57,46,94.53,0.1622,0.2460,0.040842,4.358
523792,520,460,980,198,8,225,321.45,0.9917,0.5347,0.176173,8,12,19,260.81,0.2711,0.0615,0.003616,4.218
523798,520,307,827,250,122,36,48.67,0.9584,0.6711,0.343735,16,60,72,219.64,0.7148,0.2332,0.038096,4.469
523807,520,297,817,226,145,4,70.09,0.9914,0.6773,0.364304,16,66,50,167.67,0.8295,0.2428,0.042367,4.485
523823,520,478,998,188,87,28,46.27,0.8575,0.5063,0.175933,0,1,3,247.65,1.0000,0.0159,0.000283,4.493
523844,520,468,988,171,59,219,313.45,0.8632,0.5166,0.169012,6,5,11,293.15,0.2982,0.0405,0.001714,4.235
523851,520,472,992,218,42,114,2.58,0.8781,0.5246,0.177788,7,2,3,3.45,0.4120,0.0299,0.000952,4.471
523859,520,432,952,216,63,138,354.74,0.7978,0.5486,0.199912,29,23,0,96.39,1.0000,0.1042,0.008740,4.255
523862,520,383,903,254,33,133,1.71,0.9913,0.5972,0.238556,53,12,67,315.93,0.7760,0.1522,0.014252,4.491
523864,520,410,930,183,111,140,354.59,0.4433,0.5685,0.233308,0,38,18,155.64,1.0000,0.1328,0.014298,4.406
523869,520,439,959,237,43,16,31.04,0.9849,0.5469,0.197729,23,14,36,301.12,0.5022,0.0891,0.006236,4.405
523871,520,359,879,242,94,69,31.86,0.9092,0.6166,0.273154,27,44,45,200.60,0.2838,0.1759,0.022238,4.473
523872,520,473,993,192,58,171,334.92,0.7896,0.5166,0.171745,12,0,9,335.46,1.0000,0.0323,0.000979,4.350
523888,520,339,859,245,84,189,344.39,0.9118,0.6450,0.294301,35,50,54,215.98,0.2248,0.2042,0.029048,4.356
523897,520,432,952,229,63,9,35.20,0.9881,0.5482,0.202356,25,15,50,292.76,0.6461,0.1034,0.007786,4.367
523900,520,374,894,218,51,246,321.25,0.9627,0.6032,0.239288,71,9,15,21.62,0.8747,0.1584,0.015697,4.403
523909,520,384,904,219,91,149,354.64,0.7095,0.5934,0.247144,30,36,35,184.51,0.0999,0.1506,0.016591,4.462
523910,520,450,970,218,29,168,342.53,0.9317,0.5403,0.186137,18,5,43,293.33,0.8082,0.0729,0.004116,4.364
523911,520,371,891,243,4,226,332.29,0.9983,0.6136,0.246354,62,17,59,330.51,0.6937,0.1680,0.017409,4.396
523912,520,386,906,186,84,243,310.99,0.9082,0.5863,0.232518,31,16,91,282.35,0.8811,0.1522,0.014172,4.403
523922,520,422,942,244,10,98,10.55,0.9910,0.5586,0.203354,33,22,16,49.79,0.2839,0.1103,0.009346,4.269
523931,520,384,904,221,41,233,325.23,0.9627,0.5924,0.228433,3,4,116,265.23,0.9963,0.1547,0.013670,4.373
523939,520,445,965,197,60,198,327.64,0.8375,0.5436,0.191809,10,7,53,276.18,0.8982,0.0790,0.004735,4.418
523940,520,398,918,235,76,60,29.39,0.9024,0.5787,0.231603,34,32,17,101.61,0.3690,0.1378,0.014136,4.391
523946,520,352,872,211,90,233,321.21,0.8789,0.6229,0.270460,73,30,15,39.37,0.6986,0.1930,0.023797,4.342
523997,520,458,978,229,39,17,30.59,0.9815,0.5275,0.181525,20,8,11,3.32,0.3502,0.0620,0.003466,4.330
524013,520,475,995,221,44,43,27.10,0.9437,0.5166,0.173507,6,2,11,307.90,0.5912,0.0323,0.001063,4.377
524020,520,372,892,246,60,152,355.65,0.9194,0.6066,0.250948,68,3,71,326.18,0.8981,0.1734,0.017492,4.459
524036,520,221,741,253,129,246,329.45,0.9911,0.7463,0.432394,70,65,101,289.73,0.3509,0.3038,0.060222,4.377
524049,520,375,895,244,45,181,344.97,0.9430,0.6045,0.244492,65,17,38,356.77,0.6664,0.1624,0.016648,4.419
524060,520,354,874,245,69,169,350.23,0.9105,0.6200,0.265364,5,35,99,262.39,0.9450,0.1814,0.021350,4.420
524077,520,351,871,241,36,239,328.72,0.9819,0.6278,0.261972,55,27,85,302.83,0.6874,0.1920,0.022520,4.302
524079,520,267,787,212,139,238,316.80,0.8142,0.7051,0.386364,28,72,36,147.52,0.8405,0.2639,0.050088,4.360
524124,520,436,956,226,13,167,344.51,0.9788,0.5494,0.192493,22,10,46,294.12,0.7105,0.0882,0.005849,4.342
524125,520,415,935,161,104,217,305.31,0.7087,0.5666,0.224879,0,31,41,223.03,1.0000,0.1194,0.011400,4.477
524134,520,397,917,201,55,243,317.19,0.9432,0.5772,0.216224,40,30,32,4.88,0.1600,0.1444,0.014840,4.106
524155,520,416,936,198,61,233,318.45,0.9090,0.5704,0.212279,41,16,39,330.31,0.5431,0.1190,0.009885,4.380
524165,520,311,831,254,112,0,46.97,1.0000,0.6600,0.326625,23,54,80,246.34,0.5922,0.2228,0.033995,4.484
524169,520,479,999,182,79,134,349.49,0.6248,0.5082,0.172597,1,0,5,292.48,1.0000,0.0142,0.000174,4.436
524181,520,384,904,245,65,81,21.10,0.9353,0.5890,0.237905,57,18,39,349.62,0.6027,0.1493,0.014491,4.464
524202,520,418,938,230,59,89,16.16,0.8793,0.5557,0.206751,19,32,2,129.20,0.9365,0.1205,0.011758,4.157
524208,520,443,963,213,71,105,9.91,0.7668,0.5409,0.196748,18,10,41,290.84,0.6705,0.0800,0.005058,4.482
524211,520,464,984,222,18,106,4.68,0.9635,0.5173,0.170055,5,1,37,277.93,0.9699,0.0473,0.001875,4.242
524214,520,416,936,231,49,160,348.94,0.8938,0.5732,0.217264,31,24,31,326.14,0.1858,0.1179,0.010435,4.422
524223,520,351,871,207,90,252,315.22,0.9760,0.6298,0.276074,21,50,54,207.25,0.5034,0.1948,0.027069,4.231
524248,520,24,544,255,254,103,108.82,1.0000,0.9655,0.931236,16,133,37,144.79,0.9908,0.4644,0.170181,4.457
524263,520,409,929,192,76,227,317.40,0.8558,0.5732,0.219226,0,25,75,260.56,1.0000,0.1309,0.012032,4.340
524279,520,443,963,235,36,49,25.14,0.9660,0.5408,0.191488,24,7,36,308.66,0.6836,0.0779,0.004735,4.412
524308,520,407,927,224,75,131,1.10,0.7819,0.5741,0.225207,3,37,10,147.35,0.9746,0.1292,0.013644,4.324
524322,520,387,907,253,54,54,26.73,0.9901,0.5909,0.237910,11,42,27,159.30,0.7685,0.1535,0.018061,4.230
524369,520,446,966,204,6,223,323.54,0.9939,0.5430,0.182971,8,19,11,152.30,0.4525,0.0762,0.005415,4.204
524371,520,361,881,240,6,236,329.27,0.9977,0.6152,0.247144,41,39,58,288.81,0.2818,0.1812,0.022279,4.111
524381,520,198,718,243,179,52,79.66,0.9099,0.7747,0.515449,46,88,12,134.96,0.9653,0.3235,0.075866,4.492
524386,520,392,912,249,61,20,33.00,0.9833,0.5863,0.235313,54,8,66,318.12,0.8130,0.1488,0.013514,4.492
524387,520,318,838,245,87,217,335.56,0.9402,0.6624,0.312414,17,58,62,204.23,0.6731,0.2221,0.034929,4.267
524394,520,437,957,208,9,224,324.33,0.9917,0.5513,0.189890,5,22,22,195.30,0.5712,0.0863,0.006640,4.235
524402,520,453,973,173,40,252,307.62,0.9842,0.5312,0.174309,10,15,23,259.66,0.2837,0.0718,0.004680,4.102
524413,520,409,929,223,52,178,341.13,0.8811,0.5696,0.213607,38,8,70,299.74,0.8520,0.1277,0.010280,4.373
524418,520,433,953,184,93,164,336.18,0.6021,0.5477,0.207006,45,6,22,359.42,0.7357,0.1028,0.007462,4.473
524424,520,328,848,230,105,198,338.36,0.8020,0.6527,0.310056,12,59,28,150.64,0.9340,0.2115,0.032898,4.343
524430,520,377,897,249,71,34,33.21,0.9709,0.5971,0.247652,53,27,32,8.00,0.3908,0.1563,0.016451,4.479
524455,520,313,833,233,93,234,327.42,0.9128,0.6603,0.310951,9,62,26,149.26,0.9637,0.2206,0.035778,4.208
524467,520,225,745,245,163,110,53.04,0.8033,0.7503,0.467349,43,82,28,138.01,0.8716,0.3038,0.066318,4.448
524470,520,418,938,224,29,183,339.38,0.9496,0.5598,0.201474,18,10,78,276.44,0.9328,0.1174,0.008957,4.265
524493,520,433,953,205,76,143,351.42,0.7181,0.5466,0.201331,34,11,46,312.13,0.6807,0.1050,0.007767,4.351
524494,520,441,961,165,87,217,309.39,0.7675,0.5432,0.198261,22,15,39,294.97,0.5201,0.0919,0.006587,4.387
524505,520,408,928,216,79,139,356.49,0.7400,0.5679,0.220572,13,11,93,270.52,0.9700,0.1342,0.011151,4.425
524513,520,367,887,215,71,243,320.59,0.9416,0.6136,0.254264,24,32,86,271.91,0.7489,0.1704,0.018990,4.410
524527,520,407,927,224,62,154,350.27,0.8316,0.5688,0.216281,44,22,23,17.30,0.3855,0.1283,0.011712,4.315
524531,520,294,814,234,95,252,322.94,0.9845,0.6752,0.327072,53,40,119,284.85,0.7328,0.2444,0.036063,4.381
524532,520,434,954,226,44,148,351.70,0.8906,0.5548,0.201109,40,4,39,329.22,0.7852,0.0994,0.006845,4.417
524541,520,346,866,244,47,230,331.54,0.9698,0.6331,0.269821,37,48,38,147.41,0.2315,0.1935,0.026471,4.182
524542,520,371,891,217,53,251,319.81,0.9816,0.6067,0.242648,0,48,26,157.47,1.0000,0.1692,0.021884,4.071
524554,520,298,818,254,82,217,337.69,0.9934,0.6716,0.321182,16,53,97,255.04,0.7666,0.2294,0.035192,4.357
524560,520,429,949,231,62,13,34.59,0.9840,0.5512,0.204662,18,14,52,282.32,0.7146,0.0962,0.006906,4.475
524561,520,208,728,252,152,195,353.15,0.9140,0.7613,0.470944,16,87,18,143.19,0.9809,0.3077,0.069699,4.352
524562,520,354,874,218,68,253,319.19,0.9893,0.6223,0.261333,41,40,55,287.58,0.2263,0.1821,0.022648,4.285
524588,520,430,950,190,72,201,324.22,0.7954,0.5477,0.198003,13,1,75,274.69,0.9941,0.0975,0.006152,4.417
524601,520,378,898,244,17,188,342.42,0.9866,0.5958,0.232680,51,20,64,314.63,0.6612,0.1577,0.015744,4.300
524604,520,455,975,171,93,159,333.05,0.5544,0.5261,0.189908,3,7,44,268.23,0.9215,0.0648,0.003531,4.482
524606,520,471,991,89,99,255,274.12,1.0000,0.5185,0.182668,17,1,14,334.41,0.7777,0.0437,0.001726,4.498
524612,520,331,851,198,126,185,333.54,0.5283,0.6367,0.304314,44,51,8,118.38,0.8286,0.2032,0.029206,4.473
524613,520,396,916,197,51,254,313.77,0.9943,0.5765,0.213950,32,34,23,116.27,0.2441,0.1427,0.015130,4.053
524625,520,441,961,168,66,243,306.44,0.9245,0.5395,0.186930,34,14,14,20.68,0.4415,0.0939,0.006859,4.167
524632,520,414,934,203,46,234,320.11,0.9433,0.5666,0.205926,36,5,73,296.77,0.9092,0.1245,0.009647,4.291
524650,520,469,989,230,18,46,24.15,0.9860,0.5214,0.174559,16,1,1,25.69,0.8663,0.0372,0.001341,4.374
524653,520,363,883,235,24,231,329.25,0.9867,0.6073,0.240876,25,27,97,273.88,0.8581,0.1720,0.018535,4.244
524689,520,393,913,236,27,190,340.16,0.9694,0.5851,0.223373,5,21,90,265.56,0.9502,0.1418,0.013067,4.335
524691,520,456,976,195,37,213,323.26,0.9298,0.5319,0.177309,11,12,14,264.43,0.0741,0.0619,0.003658,4.236
524696,520,423,943,219,52,176,340.76,0.8696,0.5614,0.206530,6,30,7,144.25,0.9276,0.1071,0.009826,4.288
524724,520,440,960,196,45,234,318.16,0.9406,0.5547,0.195545,2,26,0,140.75,1.0000,0.0905,0.007517,4.269
524734,520,465,985,210,50,131,354.87,0.8251,0.5219,0.176238,27,0,1,24.48,1.0000,0.0522,0.002352,4.321
524742,520,463,983,206,62,135,353.47,0.7734,0.5280,0.183184,9,8,5,94.11,0.1852,0.0485,0.002427,4.448
524750,520,462,982,230,10,82,13.85,0.9881,0.5253,0.176523,19,2,24,319.01,0.7725,0.0539,0.002478,4.317
524757,520,421,941,199,40,234,319.14,0.9515,0.5562,0.196017,36,16,27,346.79,0.4238,0.1054,0.008248,4.224
524765,520,473,993,169,59,223,311.79,0.8718,0.5168,0.168915,2,0,28,274.02,1.0000,0.0332,0.000967,4.295
524778,520,447,967,219,60,115,4.54,0.8191,0.5427,0.195321,37,1,20,351.71,0.8640,0.0788,0.004656,4.488
524799,520,370,890,251,8,191,343.03,0.9954,0.6087,0.244478,44,27,71,298.77,0.6047,0.1660,0.017743,4.347
524802,520,444,964,194,53,205,324.82,0.8694,0.5366,0.184248,20,15,14,31.22,0.1278,0.0774,0.005221,4.242
524850,520,329,849,236,84,219,332.55,0.9027,0.6456,0.292904,65,35,71,320.76,0.5072,0.2109,0.027809,4.407
524879,520,441,961,200,95,36,46.13,0.8402,0.5415,0.205930,22,22,3,109.28,0.7389,0.0943,0.007510,4.450
524910,520,433,953,234,56,20,32.68,0.9768,0.5516,0.203744,19,23,11,123.54,0.3749,0.0958,0.007754,4.394
524911,520,299,819,236,94,240,326.62,0.9366,0.6696,0.321318,38,54,74,254.40,0.3439,0.2287,0.035447,4.346
524915,520,398,918,249,51,8,32.35,0.9941,0.5773,0.225285,6,18,96,266.41,0.9644,0.1446,0.013158,4.359
524923,520,417,937,253,15,41,25.80,0.9938,0.5691,0.213882,46,7,49,324.88,0.7688,0.1207,0.009546,4.432
524935,520,430,950,233,32,117,3.45,0.9405,0.5494,0.196440,34,11,37,322.90,0.6091,0.0989,0.007130,4.314
524945,520,401,921,235,4,201,336.78,0.9967,0.5835,0.219688,6,2,107,266.67,0.9975,0.1404,0.011436,4.390
524947,520,462,982,223,8,130,356.00,0.9831,0.5253,0.174760,21,2,15,340.26,0.7217,0.0520,0.002374,4.291
524965,520,318,838,255,52,243,330.92,1.0000,0.6631,0.301902,56,39,85,298.76,0.5386,0.2165,0.029477,4.428
524972,520,443,963,212,38,176,338.62,0.8997,0.5385,0.185200,13,16,27,272.10,0.3110,0.0784,0.005353,4.249
524979,520,478,998,199,10,189,331.11,0.9779,0.5107,0.160351,2,0,7,299.60,1.0000,0.0177,0.000282,4.183
524987,520,365,885,238,97,61,35.38,0.8863,0.6129,0.270664,2,48,22,153.05,0.9842,0.1690,0.021846,4.463
524989,520,388,908,253,33,109,9.32,0.9847,0.5879,0.230782,59,9,60,327.19,0.7835,0.1541,0.014516,4.352
525007,520,401,921,252,51,16,31.76,0.9888,0.5836,0.231042,15,36,30,173.11,0.4875,0.1372,0.014570,4.353
525010,520,325,845,223,101,217,329.42,0.8270,0.6462,0.300070,49,45,62,295.34,0.2339,0.2077,0.028775,4.444
525012,520,438,958,202,8,240,319.04,0.9945,0.5533,0.190231,25,16,28,317.51,0.3266,0.0910,0.006611,4.244
525015,520,408,928,246,44,55,25.06,0.9624,0.5694,0.216735,63,0,26,3.17,1.0000,0.1338,0.011315,4.350
525017,520,326,846,208,108,243,316.54,0.8992,0.6505,0.306074,43,47,74,276.78,0.3556,0.2138,0.030410,4.428
525021,520,466,986,110,101,231,281.87,0.8149,0.5177,0.183915,6,8,12,260.64,0.1905,0.0481,0.002389,4.465
525026,520,386,906,217,60,218,327.75,0.9075,0.5895,0.230474,68,13,5,31.98,0.9047,0.1547,0.015280,4.297
525028,520,427,947,240,8,128,0.02,0.9903,0.5591,0.202607,28,18,29,323.44,0.3031,0.0994,0.007682,4.379
525036,520,408,928,246,2,130,0.33,0.9980,0.5709,0.212514,13,36,7,139.50,0.9136,0.1302,0.013626,4.126
525051,520,382,902,227,36,229,327.75,0.9703,0.5971,0.232521,52,30,6,64.84,0.7409,0.1554,0.016719,4.235
525074,520,445,965,169,86,202,315.30,0.7194,0.5367,0.193557,16,16,17,286.18,0.0293,0.0766,0.005212,4.411
525076,520,402,922,200,90,197,328.56,0.7393,0.5847,0.236244,2,39,5,144.39,0.9892,0.1348,0.014748,4.421
525087,520,354,874,222,72,234,324.74,0.9187,0.6194,0.261069,7,27,115,265.51,0.9582,0.1843,0.020667,4.402
525089,520,404,924,226,31,216,330.77,0.9687,0.5843,0.221090,17,31,47,252.63,0.4366,0.1319,0.013043,4.300
525090,520,395,915,233,17,212,333.47,0.9874,0.5893,0.224807,31,34,18,117.24,0.3792,0.1404,0.014790,4.241
525122,520,322,842,246,97,169,353.28,0.8814,0.6542,0.310097,45,50,43,136.67,0.1243,0.2088,0.030135,4.494
525137,520,465,985,175,85,168,330.34,0.6330,0.5232,0.184392,11,8,8,17.85,0.1009,0.0512,0.002623,4.454
525139,520,456,976,154,82,227,303.33,0.8196,0.5288,0.184511,4,4,47,271.01,0.9546,0.0628,0.003179,4.410
525159,520,457,977,191,2,234,317.48,0.9981,0.5289,0.170617,21,4,12,350.57,0.5790,0.0552,0.002728,4.184
525165,520,480,1000,203,34,161,341.07,0.8834,0.5110,0.164158,0,0,0,0.00,0.0000,0.0000,0.000000,4.283
525184,520,478,998,169,58,217,313.33,0.8604,0.5110,0.164718,0,0,15,264.05,1.0000,0.0196,0.000345,4.265
525193,520,475,995,190,57,178,331.85,0.8003,0.5163,0.170893,5,1,22,289.23,0.8816,0.0347,0.001119,4.321
525198,520,424,944,211,20,227,324.32,0.9820,0.5615,0.198972,50,1,32,347.31,0.9005,0.1099,0.008042,4.289
525201,520,362,882,243,64,173,348.10,0.9050,0.6135,0.257416,2,48,43,183.77,0.9546,0.1757,0.023011,4.211
525209,520,449,969,225,19,153,348.85,0.9626,0.5423,0.187759,0,3,54,264.19,0.9878,0.0653,0.003314,4.460
525211,520,389,909,230,41,197,336.91,0.9411,0.5850,0.224427,17,15,99,271.53,0.9577,0.1494,0.013616,4.314
525214,520,444,964,191,27,234,317.17,0.9700,0.5362,0.178021,17,14,35,287.97,0.4944,0.0822,0.005546,4.105
525215,520,465,985,222,14,103,5.60,0.9733,0.5151,0.168257,5,12,3,136.96,0.6409,0.0535,0.003018,4.117
525241,520,418,938,213,51,191,334.40,0.8801,0.5583,0.202775,51,11,30,354.61,0.6746,0.1241,0.010370,4.187
525243,520,310,830,203,123,228,317.76,0.7651,0.6596,0.324650,48,55,19,118.89,0.6478,0.2208,0.034078,4.456
525246,520,446,966,222,58,87,15.89,0.8608,0.5387,0.192465,9,3,57,275.47,0.9662,0.0757,0.004186,4.475
525248,520,400,920,215,58,212,328.86,0.8989,0.5806,0.222287,42,30,7,81.26,0.6779,0.1407,0.014362,4.231
525253,520,416,936,223,63,155,349.73,0.8261,0.5685,0.216120,48,10,29,353.03,0.6721,0.1167,0.009343,4.484
525254,520,358,878,225,90,196,336.92,0.8077,0.6230,0.273076,61,35,3,66.74,0.8716,0.1812,0.022009,4.487
525266,520,462,982,210,57,142,351.07,0.8035,0.5331,0.185831,3,12,6,156.70,0.5955,0.0527,0.002954,4.453
525271,520,461,981,220,50,89,13.58,0.8768,0.5277,0.182207,10,5,19,300.51,0.5211,0.0479,0.002201,4.448
525275,520,31,551,244,244,224,106.88,0.5239,0.9555,0.893164,34,128,55,147.06,0.9555,0.4543,0.160536,4.480
525276,520,363,883,243,53,189,342.56,0.9317,0.6121,0.252780,74,8,46,351.21,0.8019,0.1742,0.018270,4.435
525277,520,455,975,221,19,145,350.62,0.9567,0.5307,0.178848,16,8,13,341.22,0.2799,0.0579,0.003129,4.307
525291,520,404,924,238,23,179,343.75,0.9735,0.5815,0.220476,57,6,22,7.49,0.8034,0.1268,0.010582,4.465
525294,520,425,945,249,2,79,16.58,0.9987,0.5632,0.207513,9,27,31,213.95,0.4873,0.1070,0.009408,4.335
525297,520,380,900,233,71,170,347.25,0.8466,0.6012,0.247351,45,33,24,58.27,0.2791,0.1560,0.017116,4.430
525310,520,421,941,236,48,86,16.18,0.9232,0.5573,0.206218,35,1,64,302.24,0.9697,0.1084,0.007492,4.457
525319,520,459,979,215,22,163,343.27,0.9460,0.5289,0.176676,5,14,0,131.71,1.0000,0.0577,0.003463,4.240
525321,520,377,897,204,67,254,315.10,0.9936,0.6009,0.240089,50,32,5,73.82,0.7807,0.1570,0.017222,4.315
525336,520,257,777,251,137,136,21.41,0.9041,0.7144,0.401809,28,75,1,137.63,0.9973,0.2695,0.052810,4.395
525338,520,472,992,204,57,139,350.75,0.7882,0.5207,0.176297,7,3,8,320.95,0.3948,0.0350,0.001278,4.413
525346,520,398,918,213,74,197,332.73,0.8235,0.5844,0.230769,53,19,20,20.32,0.5714,0.1368,0.012732,4.476
525348,520,466,986,216,40,123,358.51,0.8771,0.5225,0.175490,26,0,9,358.57,1.0000,0.0531,0.002394,4.304
525351,520,474,994,189,62,174,332.95,0.7749,0.5176,0.173216,2,3,15,272.68,0.6692,0.0326,0.001125,4.366
525353,520,369,889,245,83,82,24.63,0.9255,0.6094,0.262114,16,42,64,246.66,0.6026,0.1737,0.021362,4.374
525362,520,270,790,179,168,159,61.86,0.1058,0.6957,0.400924,20,73,34,148.75,0.9238,0.2634,0.050291,4.496
525370,520,394,914,236,50,166,348.11,0.9070,0.5860,0.228701,18,19,83,273.33,0.8925,0.1369,0.012188,4.482
525375,520,466,986,220,43,65,20.93,0.9241,0.5169,0.173277,13,2,24,306.42,0.7811,0.0468,0.001949,4.298
525377,520,427,947,240,38,102,10.21,0.9434,0.5624,0.208740,33,15,30,333.30,0.4425,0.1004,0.007588,4.493
525427,520,446,966,175,81,199,319.01,0.7372,0.5358,0.191233,14,7,52,281.27,0.8591,0.0810,0.004932,4.391
525433,520,459,979,218,28,148,349.16,0.9255,0.5299,0.178765,30,2,1,30.00,0.9276,0.0618,0.003217,4.299
525437,520,360,880,247,30,211,336.98,0.9806,0.6184,0.254089,54,24,77,307.39,0.6813,0.1789,0.019734,4.361
525462,520,465,985,156,59,251,301.41,0.9736,0.5228,0.171613,19,1,13,340.51,0.7820,0.0460,0.001892,4.271
525471,520,391,911,189,101,197,324.13,0.6693,0.5857,0.241585,62,20,5,39.68,0.8300,0.1526,0.015356,4.462
525477,520,479,999,156,94,157,326.41,0.5050,0.5057,0.175083,0,0,6,264.05,1.0000,0.0126,0.000131,4.490
525500,520,458,978,230,38,70,19.53,0.9460,0.5348,0.186544,11,8,31,285.65,0.6163,0.0625,0.003437,4.427
525534,520,430,950,243,2,80,15.69,0.9984,0.5507,0.196807,6,10,68,268.91,0.9531,0.0977,0.006731,4.350
525538,520,407,927,207,91,129,1.90,0.6512,0.5662,0.223345,49,11,49,327.81,0.7135,0.1308,0.011141,4.471
525555,520,445,965,121,99,250,284.54,0.9438,0.5398,0.198904,3,21,5,146.52,0.9258,0.0769,0.005666,4.471
525557,520,476,996,218,32,89,11.17,0.9275,0.5105,0.166623,5,0,5,328.36,1.0000,0.0213,0.000432,4.295
525559,520,414,934,204,55,227,321.87,0.9167,0.5701,0.211174,25,13,74,283.05,0.8559,0.1230,0.009889,4.361
525570,520,436,956,240,23,77,17.09,0.9779,0.5493,0.196772,9,19,31,253.63,0.4333,0.0851,0.006227,4.389
525596,520,341,861,218,113,168,348.94,0.6472,0.6339,0.295448,10,52,69,229.87,0.7717,0.2046,0.029500,4.345
525602,520,231,751,227,154,211,334.84,0.6743,0.7390,0.441467,12,83,21,144.45,0.9835,0.2933,0.063186,4.342
525611,520,406,926,228,27,213,332.03,0.9741,0.5842,0.220844,54,10,22,8.34,0.7219,0.1256,0.010594,4.470
525615,520,208,728,229,160,219,331.75,0.7089,0.7566,0.469155,60,80,22,126.37,0.8080,0.3093,0.067558,4.416
525629,520,359,879,248,65,162,352.98,0.9328,0.6187,0.263489,66,18,69,325.38,0.7214,0.1832,0.020207,4.465
525647,520,334,854,236,50,255,323.77,1.0000,0.6381,0.273365,74,20,72,329.36,0.7188,0.2020,0.024242,4.356
525650,520,37,557,246,252,9,111.52,0.9995,0.9472,0.892339,37,129,15,140.73,0.9893,0.4543,0.161277,4.460
525662,520,385,905,251,59,32,31.27,0.9826,0.5891,0.237451,34,36,3,112.88,0.8702,0.1468,0.016084,4.350
525664,520,474,994,178,19,247,310.74,0.9849,0.5237,0.166471,11,0,1,15.48,1.0000,0.0273,0.000734,4.267
525665,520,326,846,253,25,248,329.41,0.9935,0.6502,0.283583,52,17,123,288.21,0.9122,0.2136,0.025610,4.412
525666,520,449,969,205,36,206,327.93,0.9320,0.5435,0.186990,10,15,9,140.27,0.2671,0.0667,0.004259,4.368
525702,520,386,906,215,58,228,324.62,0.9244,0.5911,0.230765,53,13,62,319.66,0.7448,0.1495,0.013926,4.392
525715,520,366,886,248,82,84,23.82,0.9444,0.6141,0.266345,22,47,18,140.99,0.7888,0.1736,0.022472,4.365
525716,520,420,940,205,85,139,354.80,0.6753,0.5575,0.213421,38,17,29,345.71,0.4310,0.1112,0.009017,4.463
525723,520,420,940,210,49,200,330.91,0.8946,0.5570,0.200704,47,3,39,336.66,0.8148,0.1107,0.008160,4.311
525736,520,374,894,210,66,247,318.42,0.9583,0.6038,0.243151,68,8,35,358.97,0.7938,0.1568,0.015242,4.493
525746,520,468,988,204,24,182,334.52,0.9398,0.5199,0.168700,13,5,4,30.57,0.3527,0.0449,0.002029,4.203
525751,520,471,991,201,66,138,351.32,0.7458,0.5249,0.181508,9,3,13,313.88,0.5377,0.0391,0.001523,4.493
525752,520,382,902,202,97,200,328.13,0.7261,0.5998,0.252776,62,23,30,11.07,0.5576,0.1633,0.017308,4.498
525761,520,409,929,249,38,52,25.17,0.9744,0.5714,0.217775,25,22,63,282.02,0.6567,0.1281,0.011393,4.362
525770,520,419,939,173,72,254,305.35,0.9913,0.5623,0.206754,1,27,38,228.66,0.9125,0.1062,0.009302,4.330
525778,520,346,866,226,64,251,321.89,0.9821,0.6297,0.268026,41,29,95,285.42,0.7421,0.1878,0.021763,4.432
525808,520,330,850,249,12,253,327.47,0.9974,0.6435,0.274975,28,56,29,144.76,0.6705,0.2093,0.031638,3.981
525819,520,291,811,197,136,234,311.74,0.7535,0.6792,0.354199,30,63,61,190.37,0.4730,0.2437,0.041678,4.409
525844,520,475,995,169,80,189,319.95,0.7052,0.5191,0.178474,11,2,3,11.12,0.5497,0.0344,0.001211,4.461
525855,520,444,964,229,53,24,31.85,0.9683,0.5390,0.192731,16,9,50,283.61,0.7928,0.0841,0.005358,4.385
525861,520,462,982,155,78,236,302.28,0.8695,0.5315,0.184739,13,9,5,72.55,0.2664,0.0544,0.002919,4.436
525876,520,390,910,254,43,78,19.59,0.9938,0.5885,0.233524,25,30,70,274.52,0.6183,0.1520,0.015774,4.311
525879,520,359,879,241,62,203,338.17,0.9244,0.6231,0.264606,58,31,38,3.53,0.3755,0.1751,0.020196,4.482
525888,520,363,883,148,122,245,290.44,0.8397,0.6055,0.268074,1,47,33,167.05,0.9844,0.1682,0.021492,4.449
525891,520,400,920,230,77,96,17.20,0.8246,0.5773,0.229780,19,33,56,259.90,0.4965,0.1446,0.015116,4.297
525914,520,458,978,229,22,81,14.62,0.9700,0.5266,0.178289,2,10,33,261.97,0.8282,0.0607,0.003398,4.275
525915,520,419,939,243,48,38,28.84,0.9611,0.5643,0.213119,46,12,12,23.14,0.6710,0.1103,0.008704,4.482
525920,520,384,904,247,39,153,354.20,0.9486,0.5940,0.235284,30,34,41,261.66,0.1462,0.1476,0.015802,4.336
525930,520,400,920,232,63,131,0.94,0.8480,0.5755,0.223523,50,16,57,320.45,0.6795,0.1449,0.013442,4.311
525938,520,434,954,191,60,223,318.86,0.8845,0.5512,0.196371,30,7,57,299.17,0.8217,0.1030,0.007234,4.305
525940,520,450,970,186,54,228,316.32,0.9052,0.5415,0.186801,32,5,14,1.85,0.6684,0.0748,0.004474,4.347
525944,520,455,975,179,63,216,316.68,0.8493,0.5307,0.180977,6,13,17,231.89,0.3057,0.0614,0.003670,4.304
525951,520,447,967,172,73,229,310.37,0.8549,0.5421,0.191937,29,3,42,312.10,0.8324,0.0824,0.004935,4.404
525955,520,433,953,199,77,178,335.01,0.7435,0.5547,0.206659,37,18,3,59.17,0.7420,0.1042,0.008326,4.400
525961,520,428,948,244,42,41,27.59,0.9678,0.5624,0.210526,26,20,28,317.61,0.2119,0.1011,0.008038,4.489
525969,520,471,991,214,5,150,347.06,0.9866,0.5155,0.166091,6,2,30,283.57,0.8812,0.0444,0.001759,4.175
526021,520,399,919,244,32,130,0.91,0.9560,0.5758,0.218811,53,20,6,42.72,0.7457,0.1358,0.012705,4.287
526026,520,447,967,149,91,229,299.70,0.8037,0.5384,0.195291,41,2,8,15.63,0.8882,0.0845,0.005324,4.434
526027,520,15,535,242,250,248,179.61,0.4063,0.9750,0.940255,0,134,23,143.82,1.0000,0.4648,0.171113,4.479
526037,520,382,902,251,24,154,354.11,0.9776,0.5954,0.234991,21,33,77,268.71,0.6908,0.1624,0.017829,4.202
526041,520,438,958,171,67,247,306.51,0.9452,0.5481,0.193883,33,3,41,318.52,0.8200,0.0877,0.005486,4.395
526050,520,442,962,211,35,186,335.25,0.9184,0.5407,0.185982,20,15,30,298.65,0.3743,0.0843,0.005841,4.226
526070,520,469,989,186,79,149,343.08,0.6547,0.5216,0.182024,1,6,10,230.80,0.6337,0.0375,0.001586,4.498
526073,520,209,729,206,170,229,311.93,0.5970,0.7553,0.475290,29,85,38,146.50,0.9102,0.3081,0.068979,4.415
526077,520,272,792,231,132,195,342.39,0.7266,0.6966,0.374336,17,72,35,150.27,0.9330,0.2592,0.048751,4.297
526080,520,409,929,235,54,118,5.36,0.8861,0.5687,0.216115,8,29,65,260.36,0.7873,0.1349,0.013119,4.216
526085,520,479,999,150,61,246,300.20,0.9449,0.5125,0.164757,2,0,0,29.23,1.0000,0.0120,0.000129,4.284
526086,520,435,955,142,98,239,293.95,0.8419,0.5501,0.207182,14,21,31,257.29,0.3084,0.0937,0.007286,4.489
526090,520,477,997,205,44,134,351.97,0.8351,0.5086,0.165038,6,1,0,47.34,1.0000,0.0238,0.000604,4.249
526110,520,225,745,215,166,207,331.99,0.4935,0.7474,0.462255,24,83,21,142.42,0.9608,0.2968,0.064346,4.480
526111,520,439,959,188,72,207,321.76,0.8077,0.5485,0.198324,11,22,19,175.39,0.3166,0.0890,0.006920,4.363
526122,520,419,939,237,52,53,26.33,0.9422,0.5569,0.207207,46,11,23,2.20,0.6381,0.1121,0.008821,4.373
526133,520,330,850,232,65,250,323.65,0.9796,0.6394,0.278408,77,13,84,323.55,0.8083,0.2087,0.025059,4.375
526136,520,476,996,209,4,166,340.62,0.9893,0.5139,0.163975,8,0,2,359.68,1.0000,0.0239,0.000560,4.232
526141,520,477,997,196,64,121,357.59,0.7357,0.5066,0.167849,1,1,7,277.79,0.7136,0.0203,0.000435,4.319
526170,520,402,922,248,47,59,24.57,0.9670,0.5761,0.223088,45,4,70,307.65,0.9020,0.1332,0.010870,4.486
526171,520,465,985,225,36,46,25.47,0.9593,0.5195,0.174694,2,6,23,264.70,0.7377,0.0451,0.002050,4.317
526190,520,382,902,213,60,247,319.45,0.9619,0.6031,0.240950,14,5,118,268.91,0.9934,0.1634,0.015098,4.469
526195,520,380,900,237,32,209,335.23,0.9713,0.6000,0.236438,36,37,39,264.50,0.0382,0.1610,0.018447,4.185
526212,520,110,630,252,202,216,359.77,0.8318,0.8678,0.678958,54,107,47,141.42,0.8379,0.3937,0.115046,4.417
526240,520,414,934,249,3,92,12.85,0.9978,0.5662,0.209812,25,19,56,286.64,0.6345,0.1160,0.009579,4.361
526243,520,454,974,207,57,142,350.30,0.7964,0.5276,0.181467,26,7,5,29.67,0.5792,0.0665,0.003826,4.300
526249,520,375,895,241,17,206,336.87,0.9887,0.6002,0.235608,46,28,51,318.74,0.4152,0.1569,0.016504,4.295
526250,520,452,972,234,9,63,19.85,0.9925,0.5299,0.180498,26,11,7,36.85,0.4452,0.0746,0.004743,4.211
526260,520,361,881,249,18,219,335.34,0.9921,0.6228,0.256900,57,3,102,300.83,0.9664,0.1842,0.018943,4.451
526290,520,346,866,215,82,247,319.21,0.9534,0.6282,0.271987,54,42,21,80.40,0.4688,0.1910,0.024944,4.296
526312,520,444,964,226,60,21,33.65,0.9693,0.5396,0.194574,3,0,68,267.34,1.0000,0.0799,0.004367,4.499
526320,520,358,878,202,101,222,320.78,0.7933,0.6186,0.271392,12,51,9,142.09,0.9626,0.1808,0.024654,4.305
526324,520,406,926,196,82,214,321.99,0.8079,0.5779,0.226268,6,38,13,147.70,0.9416,0.1345,0.014539,4.281
526327,520,412,932,186,67,253,309.99,0.9853,0.5740,0.215462,15,30,22,159.92,0.4133,0.1159,0.010880,4.360
526329,520,411,931,233,62,106,10.67,0.8649,0.5687,0.218124,25,27,23,128.89,0.1006,0.1159,0.010524,4.430
526336,520,387,907,248,38,132,1.28,0.9505,0.5875,0.230121,5,22,93,265.41,0.9510,0.1473,0.013963,4.379
526344,520,388,908,228,60,179,342.34,0.8720,0.5859,0.229829,27,22,82,279.47,0.7996,0.1482,0.014160,4.361
526360,520,436,956,221,35,175,341.17,0.9237,0.5528,0.196718,21,18,21,325.88,0.1001,0.0879,0.006462,4.370
526382,520,467,987,188,63,184,329.17,0.7871,0.5231,0.177085,6,5,19,285.04,0.5361,0.0442,0.001943,4.372
526423,520,368,888,232,82,160,351.77,0.8059,0.6077,0.257311,24,28,97,272.94,0.8574,0.1732,0.018877,4.462
526435,520,476,996,217,52,8,33.71,0.9876,0.5130,0.172278,3,0,8,305.48,1.0000,0.0200,0.000369,4.413
526440,520,393,913,245,23,163,350.09,0.9755,0.5872,0.226729,17,10,100,271.91,0.9737,0.1447,0.012563,4.423
526449,520,389,909,215,81,188,336.48,0.7883,0.5912,0.239648,1,31,82,259.76,0.9788,0.1527,0.015955,4.392
526459,520,439,959,195,62,212,322.94,0.8592,0.5517,0.198023,2,20,38,248.52,0.7977,0.0875,0.006531,4.387
526473,520,272,792,246,107,237,330.13,0.9579,0.6997,0.362251,28,55,116,263.74,0.7476,0.2560,0.042400,4.462
526474,520,462,982,188,55,201,324.05,0.8479,0.5259,0.176422,26,0,3,15.80,1.0000,0.0511,0.002262,4.332
526475,520,427,947,227,60,116,5.54,0.8445,0.5582,0.208263,32,19,5,67.78,0.6101,0.0994,0.007838,4.465
526487,520,363,883,255,32,155,354.82,1.0000,0.6068,0.246632,19,11,114,271.17,0.9797,0.1661,0.015926,4.499
526490,520,297,817,244,84,253,325.64,0.9921,0.6784,0.326681,24,59,88,246.31,0.6221,0.2432,0.040265,4.173
526520,520,413,933,233,57,121,4.24,0.8707,0.5684,0.216333,21,19,68,278.34,0.7707,0.1232,0.010425,4.408
526522,520,479,999,212,57,57,25.54,0.8848,0.5122,0.172211,0,0,3,264.05,1.0000,0.0094,0.000066,4.438
526524,520,418,938,207,86,127,1.66,0.6738,0.5579,0.214553,13,31,37,221.71,0.4432,0.1239,0.011991,4.268
526540,520,463,983,161,77,220,308.18,0.8075,0.5253,0.180527,4,7,23,269.86,0.5983,0.0493,0.002396,4.400
526548,520,400,920,255,23,87,15.67,1.0000,0.5825,0.225647,26,36,3,124.59,0.8968,0.1389,0.014879,4.249
526563,520,345,865,248,15,228,332.92,0.9945,0.6259,0.259026,31,36,87,274.91,0.6620,0.1857,0.022411,4.268
526567,520,454,974,171,66,221,312.50,0.8479,0.5260,0.177757,5,7,44,271.55,0.8932,0.0664,0.003661,4.244
526572,520,465,985,222,49,15,32.38,0.9799,0.5207,0.177635,15,0,26,310.20,1.0000,0.0457,0.001762,4.398
526573,520,375,895,219,43,252,320.33,0.9872,0.6040,0.238180,7,37,64,249.54,0.7622,0.1554,0.017384,4.277
526596,520,466,986,229,9,59,20.52,0.9920,0.5185,0.171722,3,7,25,266.86,0.6886,0.0496,0.002415,4.230
526607,520,476,996,201,68,97,11.10,0.7441,0.5127,0.174168,3,0,10,300.63,1.0000,0.0212,0.000413,4.447
526635,520,476,996,221,36,16,30.43,0.9805,0.5087,0.166741,7,0,4,341.66,1.0000,0.0236,0.000539,4.289
526644,520,390,910,236,26,199,337.65,0.9745,0.5898,0.226980,32,37,4,117.57,0.8439,0.1479,0.016390,4.172
526664,520,98,618,249,204,244,329.84,0.9380,0.8789,0.698582,57,107,59,144.78,0.7048,0.3978,0.117007,4.482
526682,520,416,936,204,59,219,323.83,0.8934,0.5680,0.210814,48,2,54,322.84,0.8919,0.1217,0.009382,4.392
526683,520,430,950,186,73,205,321.62,0.7967,0.5454,0.196132,31,21,1,84.78,0.9021,0.1020,0.008299,4.222
526687,520,161,681,208,190,245,299.69,0.7189,0.8077,0.568295,12,97,78,172.53,0.9437,0.3539,0.091772,4.361
526691,520,476,996,187,70,142,345.82,0.6943,0.5073,0.168996,4,0,8,311.99,1.0000,0.0216,0.000433,4.342
526697,520,406,926,239,71,5,36.54,0.9945,0.5765,0.228713,10,27,65,263.51,0.7743,0.1308,0.012300,4.474
526700,520,442,962,212,64,141,352.65,0.7843,0.5436,0.195891,32,6,18,353.94,0.6317,0.0781,0.004810,4.486
526711,520,474,994,118,88,247,285.68,0.9320,0.5150,0.175461,5,1,10,308.43,0.7176,0.0275,0.000759,4.442
526723,520,410,930,233,78,19,37.70,0.9725,0.5739,0.228224,10,35,29,175.17,0.6228,0.1310,0.013553,4.378
526737,520,391,911,241,48,158,351.77,0.9193,0.5903,0.232864,7,25,91,265.56,0.9319,0.1516,0.014957,4.355
526740,520,467,987,228,22,66,19.15,0.9748,0.5215,0.174641,8,4,5,359.83,0.2296,0.0376,0.001494,4.362
526744,520,396,916,249,44,58,24.49,0.9721,0.5759,0.222502,27,32,44,267.02,0.2417,0.1408,0.014479,4.226
526750,520,372,892,255,34,151,356.16,1.0000,0.6062,0.246420,28,24,101,276.11,0.8792,0.1734,0.018396,4.334
526752,520,467,987,148,84,221,302.02,0.7884,0.5196,0.178573,8,5,4,43.47,0.1798,0.0399,0.001689,4.422
526783,520,451,971,224,33,141,353.17,0.9190,0.5410,0.188607,10,9,34,280.77,0.6456,0.0658,0.003754,4.439
526802,520,430,950,233,36,121,2.29,0.9292,0.5529,0.199688,40,5,31,339.74,0.7389,0.0961,0.006587,4.413
526807,520,457,977,186,12,243,313.98,0.9909,0.5307,0.171743,15,11,5,81.18,0.3330,0.0607,0.003519,4.143
526819,520,374,894,216,59,232,323.87,0.9295,0.5963,0.235550,40,38,16,103.98,0.5026,0.1614,0.018748,4.154
526837,520,429,949,239,34,23,29.34,0.9785,0.5457,0.195599,15,1,72,277.24,0.9919,0.0952,0.005911,4.393
526858,520,475,995,227,16,83,13.39,0.9782,0.5208,0.173289,1,4,14,259.58,0.7007,0.0338,0.001250,4.357
526864,520,314,834,231,99,232,327.32,0.8976,0.6638,0.317409,12,61,40,160.47,0.8918,0.2215,0.035687,4.288
526880,520,375,895,245,72,96,17.43,0.9193,0.5994,0.248950,66,21,21,23.07,0.6654,0.1649,0.017489,4.430
526884,520,442,962,140,91,241,294.03,0.8712,0.5376,0.194085,27,15,5,62.04,0.5321,0.0836,0.005856,4.370
526886,520,369,889,234,13,241,326.73,0.9949,0.6094,0.241337,49,36,28,53.01,0.2556,0.1702,0.019986,4.163
526888,520,416,936,247,35,50,25.24,0.9751,0.5653,0.212101,2,36,0,141.48,1.0000,0.1237,0.012746,4.177
526915,520,339,859,245,98,118,15.01,0.8723,0.6373,0.294589,14,45,90,258.22,0.7834,0.2010,0.027082,4.470
526916,520,469,989,231,8,28,26.97,0.9953,0.5191,0.172495,8,1,19,303.20,0.8279,0.0359,0.001204,4.345
526917,520,124,644,223,219,53,108.08,0.8893,0.8460,0.666087,38,106,46,145.52,0.9181,0.3826,0.109170,4.499
526922,520,464,984,197,24,204,326.36,0.9542,0.5221,0.168849,0,3,40,263.98,1.0038,0.0500,0.002183,4.194
526944,520,472,992,179,61,207,319.21,0.8333,0.5219,0.174273,2,2,15,277.10,0.7504,0.0296,0.000908,4.405
526955,520,378,898,247,2,184,344.08,0.9985,0.5964,0.232815,19,38,53,243.79,0.4591,0.1568,0.017817,4.170
526971,520,475,995,201,33,190,331.35,0.9164,0.5241,0.172248,5,0,25,288.03,1.0000,0.0342,0.001025,4.356
526975,520,458,978,231,21,82,14.47,0.9730,0.5307,0.181375,5,7,41,272.00,0.8694,0.0637,0.003443,4.329
526981,520,376,896,219,75,209,330.76,0.8602,0.6023,0.246977,16,44,7,139.00,0.9442,0.1584,0.019268,4.287
526984,520,454,974,196,85,107,10.21,0.6388,0.5312,0.192961,13,15,19,264.30,0.1330,0.0724,0.004742,4.438
526986,520,322,842,253,96,127,11.63,0.9651,0.6507,0.307840,23,56,32,150.60,0.7157,0.2071,0.031147,4.410
526992,520,475,995,207,61,116,1.92,0.7796,0.5215,0.178660,0,5,7,214.81,1.0000,0.0324,0.001239,4.463
527015,520,135,655,250,202,109,82.36,0.8632,0.8402,0.636709,30,104,30,143.08,0.9625,0.3707,0.102700,4.497
527020,520,473,993,161,67,228,307.25,0.8606,0.5185,0.171934,0,2,19,262.55,1.0001,0.0296,0.000904,4.360
527027,520,414,934,231,75,28,35.97,0.9540,0.5668,0.221078,4,28,46,244.03,0.7567,0.1157,0.010535,4.478
527036,520,441,961,223,58,61,24.87,0.8998,0.5356,0.190537,11,18,45,269.71,0.6302,0.0933,0.006932,4.225
527037,520,346,866,236,88,178,346.38,0.8348,0.6297,0.280293,1,55,22,150.67,0.9951,0.1930,0.027966,4.236
527046,520,437,957,244,0,24,27.43,1.0000,0.5452,0.193026,0,11,60,263.21,1.0005,0.0863,0.005655,4.367
527051,520,370,890,248,30,197,340.94,0.9769,0.6124,0.249194,63,24,48,344.74,0.5604,0.1742,0.019236,4.321
527052,520,464,984,159,92,181,317.31,0.6069,0.5196,0.183621,9,8,3,100.80,0.3806,0.0478,0.002383,4.460
527054,520,400,920,245,34,124,3.22,0.9541,0.5767,0.220151,48,2,73,308.89,0.9476,0.1387,0.011529,4.391
527064,520,438,958,106,108,253,277.54,0.9784,0.5467,0.208805,3,26,3,143.04,0.9675,0.0918,0.007647,4.489
527091,520,399,919,206,68,215,325.30,0.8658,0.5775,0.221641,59,6,48,338.14,0.7940,0.1429,0.012736,4.330
527099,520,449,969,232,16,98,9.05,0.9779,0.5351,0.184113,24,8,8,20.79,0.4521,0.0664,0.003854,4.347
527101,520,462,982,217,51,110,4.98,0.8463,0.5286,0.182476,3,4,35,271.35,0.9135,0.0504,0.002275,4.447
527110,520,469,989,214,47,111,3.53,0.8512,0.5197,0.174793,0,5,24,259.08,1.0000,0.0413,0.001745,4.344
527115,520,376,896,218,63,225,326.13,0.9142,0.5984,0.238987,32,39,34,154.30,0.1452,0.1608,0.018736,4.204
527133,520,350,870,215,83,244,319.90,0.9383,0.6274,0.271669,63,29,68,322.35,0.5716,0.1945,0.023530,4.375
527148,520,414,934,167,94,240,303.94,0.8596,0.5735,0.225127,33,27,9,91.31,0.5382,0.1214,0.011269,4.490
527175,520,330,850,244,66,217,335.00,0.9436,0.6395,0.281421,26,39,109,269.70,0.8296,0.2101,0.027746,4.263
527180,520,390,910,210,44,253,317.75,0.9905,0.5910,0.225965,42,20,66,302.76,0.6733,0.1463,0.013859,4.321
527187,520,357,877,251,50,173,349.13,0.9667,0.6170,0.258109,81,2,24,13.64,0.9612,0.1761,0.018590,4.492
527201,520,426,946,194,60,235,316.82,0.9112,0.5647,0.207005,6,30,25,177.36,0.6938,0.1119,0.010374,4.257
527206,520,421,941,235,21,144,354.05,0.9673,0.5587,0.202151,29,3,70,291.67,0.9450,0.1097,0.007685,4.371
527226,520,447,967,181,49,241,311.99,0.9349,0.5401,0.183723,15,0,65,279.87,1.0000,0.0848,0.004832,4.263
527229,520,419,939,245,30,3,30.49,0.9977,0.5555,0.203511,2,0,88,265.39,1.0000,0.1076,0.007174,4.434
527238,520,479,999,169,33,245,308.11,0.9643,0.5146,0.161161,0,0,7,264.05,1.0000,0.0135,0.000153,4.210
527243,520,454,974,206,82,40,38.22,0.8621,0.5310,0.193117,20,5,41,298.17,0.7873,0.0734,0.004174,4.488
527246,520,260,780,249,142,89,46.02,0.9013,0.7111,0.402098,66,67,3,110.69,0.9556,0.2743,0.051792,4.441
527251,520,337,857,242,43,244,327.75,0.9788,0.6364,0.271393,57,43,24,74.07,0.4267,0.1983,0.026636,4.194
527269,520,385,905,247,34,154,353.66,0.9581,0.5918,0.232546,53,19,56,324.33,0.6336,0.1536,0.015082,4.341
527271,520,321,841,247,50,243,329.10,0.9755,0.6483,0.285293,23,56,54,190.12,0.5355,0.2147,0.032767,4.051
527285,520,420,940,248,33,15,29.96,0.9894,0.5637,0.210823,52,6,6,25.95,0.8813,0.1125,0.008736,4.441
527289,520,464,984,215,21,139,351.38,0.9420,0.5168,0.168499,3,8,24,263.81,0.6438,0.0513,0.002590,4.155
527290,520,430,950,176,72,234,310.65,0.8781,0.5503,0.198062,3,11,66,266.28,0.9569,0.0950,0.006520,4.389
527296,520,386,906,213,86,184,337.51,0.7573,0.5924,0.242643,13,38,40,202.38,0.5407,0.1465,0.016249,4.417
527305,520,429,949,245,5,53,22.86,0.9972,0.5511,0.197816,14,16,55,275.16,0.7515,0.0996,0.007398,4.318
527312,520,372,892,233,18,245,325.58,0.9930,0.6117,0.243513,41,40,12,107.12,0.6355,0.1676,0.020156,4.184
527315,520,467,987,209,47,139,351.22,0.8347,0.5208,0.174546,6,5,8,301.68,0.1805,0.0393,0.001648,4.348
527328,520,446,966,207,53,169,339.93,0.8311,0.5370,0.186782,30,11,6,37.26,0.5491,0.0801,0.005286,4.283
527330,520,389,909,213,69,217,326.78,0.8793,0.5910,0.234140,38,23,72,293.33,0.6755,0.1518,0.014927,4.376
527365,520,435,955,245,5,44,24.66,0.9975,0.5501,0.197064,8,18,36,261.12,0.5463,0.0850,0.006116,4.403
527414,520,444,964,215,13,189,335.30,0.9790,0.5410,0.184113,20,0,56,290.22,1.0000,0.0792,0.004342,4.308
527433,520,400,920,253,13,90,14.18,0.9918,0.5761,0.219124,61,9,31,359.73,0.7588,0.1417,0.012866,4.281
527438,520,448,968,225,1,152,348.90,0.9980,0.5374,0.182990,16,15,35,283.90,0.4740,0.0834,0.005731,4.181
527442,520,456,976,208,35,176,337.52,0.9030,0.5293,0.177486,27,2,21,337.97,0.7694,0.0638,0.003306,4.268
527453,520,261,781,238,140,170,0.81,0.7098,0.7113,0.398378,12,75,30,148.11,0.9700,0.2670,0.052038,4.394
527462,520,348,868,250,40,221,335.14,0.9767,0.6342,0.270651,7,33,106,264.19,0.9296,0.1853,0.021733,4.470
527479,520,473,993,226,30,40,26.16,0.9716,0.5174,0.172534,2,1,26,273.98,0.9603,0.0344,0.001092,4.356
527482,520,316,836,235,100,208,336.02,0.8625,0.6582,0.313329,3,62,13,145.07,0.9928,0.2169,0.034935,4.278
527492,520,452,972,210,3,182,336.02,0.9937,0.5251,0.171463,20,10,10,19.22,0.2789,0.0656,0.003877,4.111
527508,520,387,907,237,73,109,11.96,0.8564,0.5887,0.238767,35,15,89,286.53,0.8658,0.1527,0.014202,4.498
527521,520,411,931,224,39,183,339.52,0.9244,0.5650,0.207197,30,24,32,317.63,0.1927,0.1172,0.010336,4.263
527531,520,306,826,236,82,255,323.13,1.0000,0.6653,0.310897,5,20,159,265.05,0.9891,0.2342,0.030355,4.491
527542,520,441,961,188,23,246,313.73,0.9814,0.5398,0.179592,3,24,16,166.41,0.8254,0.0887,0.007100,4.021
527550,520,461,981,191,61,192,327.59,0.8132,0.5309,0.182211,13,2,26,303.69,0.7998,0.0481,0.002036,4.463
527556,520,273,793,213,130,255,313.26,1.0000,0.6999,0.373325,60,63,14,112.83,0.7901,0.2568,0.045474,4.434
527565,520,358,878,246,63,171,349.37,0.9237,0.6171,0.260912,3,52,9,144.67,0.9902,0.1811,0.024950,4.148
527576,520,406,926,249,1,140,357.67,0.9991,0.5804,0.220584,6,5,99,267.06,0.9921,0.1320,0.010480,4.474
527580,520,459,979,192,66,181,331.50,0.7770,0.5313,0.184406,13,11,1,101.96,0.7874,0.0575,0.003271,4.400
527605,520,418,938,238,7,132,358.30,0.9908,0.5563,0.199982,8,14,83,268.44,0.9570,0.1229,0.009902,4.173
527610,520,307,827,255,80,213,339.04,1.0000,0.6692,0.318046,101,19,8,31.14,0.9359,0.2337,0.032505,4.461
527614,520,460,980,210,60,119,1.07,0.7910,0.5271,0.182675,10,8,20,290.84,0.3951,0.0551,0.002887,4.399
527622,520,448,968,198,69,179,334.15,0.7734,0.5436,0.195184,37,1,23,346.99,0.8602,0.0802,0.004769,4.477
527641,520,314,834,240,81,240,327.88,0.9463,0.6610,0.307039,57,36,101,294.38,0.6712,0.2246,0.030712,4.424
527653,520,374,894,242,52,170,348.23,0.9185,0.6004,0.242386,26,9,110,275.59,0.9733,0.1636,0.015407,4.470
527659,520,465,985,230,0,31,26.19,1.0000,0.5153,0.169250,6,10,11,212.35,0.1715,0.0523,0.002800,4.152
527673,520,384,904,255,52,29,30.57,1.0000,0.5911,0.238085,71,4,4,27.82,0.9641,0.1514,0.014354,4.477
527685,520,412,932,250,2,82,15.84,0.9987,0.5659,0.209803,55,10,11,23.68,0.7977,0.1249,0.010536,4.292
527705,520,413,933,251,13,80,16.83,0.9920,0.5698,0.213800,28,28,11,108.61,0.4739,0.1187,0.011016,4.323
527724,520,362,882,228,66,208,333.49,0.8979,0.6073,0.249468,56,28,68,314.82,0.5736,0.1821,0.020887,4.225
527746,520,473,993,199,56,152,344.07,0.7886,0.5167,0.172393,3,3,6,284.11,0.2655,0.0296,0.000976,4.363
527776,520,270,790,248,111,228,333.46,0.9584,0.7034,0.369293,46,59,93,267.34,0.4158,0.2607,0.044990,4.414
527782,520,397,917,179,82,248,307.73,0.9392,0.5779,0.223964,3,40,10,146.68,0.9796,0.1395,0.015588,4.177
527783,520,360,880,223,103,154,355.54,0.6948,0.6198,0.277238,5,42,84,254.97,0.8787,0.1847,0.023282,4.465
527789,520,323,843,245,117,21,49.26,0.9744,0.6537,0.321922,17,60,14,142.21,0.9539,0.2144,0.033825,4.437
527812,520,473,993,230,1,84,12.91,0.9987,0.5237,0.174878,7,1,16,304.96,0.7986,0.0331,0.001043,4.406
527819,520,478,998,158,42,255,302.32,1.0000,0.5142,0.161455,1,2,3,240.75,0.2913,0.0220,0.000564,4.182
527823,520,306,826,234,98,240,325.98,0.9320,0.6717,0.325212,22,61,45,163.78,0.6857,0.2270,0.036974,4.314
527824,520,421,941,240,45,33,29.24,0.9640,0.5555,0.205151,9,29,23,171.55,0.5630,0.1097,0.009986,4.253
527826,520,307,827,229,122,177,349.31,0.7012,0.6690,0.337535,50,58,31,122.35,0.4477,0.2341,0.038031,4.402
527831,520,371,891,222,105,106,21.37,0.7025,0.6066,0.266756,21,42,58,242.94,0.4689,0.1727,0.021208,4.448
527846,520,410,930,237,68,67,25.57,0.9077,0.5743,0.225471,0,28,65,255.85,0.9999,0.1286,0.012121,4.434
527854,520,349,869,223,70,247,321.87,0.9630,0.6277,0.267857,7,28,115,265.38,0.9557,0.1861,0.021133,4.468
527856,520,391,911,206,68,234,320.30,0.9055,0.5903,0.231982,26,24,78,278.52,0.7548,0.1471,0.014229,4.390
527859,520,417,937,248,40,38,27.93,0.9738,0.5691,0.216176,15,28,42,251.22,0.4236,0.1193,0.010992,4.364
527893,520,352,872,250,79,99,18.19,0.9511,0.6172,0.268202,68,1,95,312.14,0.9819,0.1929,0.020770,4.496
527923,520,336,856,253,59,197,342.63,0.9852,0.6386,0.280451,91,8,13,25.10,0.9458,0.2020,0.024273,4.449
527930,520,442,962,185,30,250,311.88,0.9770,0.5417,0.181461,22,11,37,300.84,0.5919,0.0830,0.005435,4.175
527954,520,476,996,227,24,16,29.22,0.9838,0.5149,0.170245,6,0,3,344.76,1.0000,0.0216,0.000453,4.365
527957,520,467,987,229,34,21,29.60,0.9769,0.5245,0.178592,5,6,3,121.28,0.2735,0.0391,0.001691,4.422
527966,520,472,992,216,44,104,6.35,0.8717,0.5189,0.174023,1,2,17,269.43,0.8762,0.0295,0.000903,4.401
527967,520,401,921,203,82,192,331.34,0.7631,0.5754,0.225385,10,38,39,198.48,0.6273,0.1447,0.015972,4.174
527971,520,419,939,204,36,229,321.79,0.9564,0.5582,0.197580,48,10,11,22.60,0.7349,0.1110,0.008697,4.218
527974,520,405,925,249,2,129,1.18,0.9982,0.5766,0.217717,30,32,13,113.88,0.4867,0.1325,0.013381,4.224
527991,520,378,898,224,73,199,335.21,0.8573,0.6026,0.247382,15,42,45,205.09,0.5436,0.1623,0.019469,4.281
528000,520,397,917,186,78,247,310.55,0.9394,0.5817,0.226042,26,28,65,277.77,0.5849,0.1440,0.014317,4.292
528010,520,405,925,216,11,237,323.30,0.9934,0.5752,0.209547,55,7,43,340.06,0.7665,0.1333,0.011387,4.228
528041,520,288,808,251,103,183,349.65,0.9422,0.6762,0.336316,84,43,39,26.60,0.4678,0.2437,0.037593,4.410
528050,520,480,1000,214,27,125,356.49,0.9196,0.5115,0.165631,0,0,0,0.00,0.0000,0.0000,0.000000,4.313
528062,520,469,989,208,64,73,21.39,0.8218,0.5151,0.175600,16,1,1,25.69,0.8663,0.0372,0.001341,4.394
528065,520,399,919,209,97,138,359.06,0.6349,0.5821,0.239416,13,40,16,145.86,0.8508,0.1450,0.016405,4.358
528101,520,441,961,243,12,3,29.46,0.9978,0.5448,0.193277,19,2,60,285.93,0.9597,0.0859,0.005081,4.417
528108,520,364,884,242,51,182,344.40,0.9285,0.6054,0.246253,8,17,118,266.57,0.9797,0.1733,0.017604,4.382
528119,520,318,838,254,53,247,329.76,0.9965,0.6645,0.303355,49,31,116,285.45,0.8023,0.2212,0.028938,4.476
528136,520,448,968,226,58,19,33.47,0.9734,0.5374,0.192447,36,0,29,337.00,1.0000,0.0797,0.004638,4.437
528139,520,379,899,225,2,252,322.22,0.9993,0.6001,0.230814,69,8,36,358.46,0.7959,0.1593,0.015665,4.276
528140,520,338,858,244,111,35,45.36,0.9472,0.6427,0.307263,14,57,8,141.36,0.9727,0.2022,0.030370,4.445
528168,520,376,896,232,69,175,345.11,0.8543,0.5997,0.245098,2,44,47,202.17,0.9317,0.1644,0.020194,4.204
528180,520,293,813,223,112,248,319.96,0.9489,0.6801,0.340553,30,53,97,262.09,0.6162,0.2361,0.036851,4.497
528221,520,370,890,216,104,159,351.32,0.6569,0.6124,0.270047,6,46,46,194.96,0.8273,0.1719,0.021899,4.451
528234,520,433,953,211,45,195,332.63,0.9001,0.5527,0.196678,22,21,22,325.67,0.0319,0.0967,0.007648,4.279
528237,520,460,980,184,34,234,315.00,0.9559,0.5286,0.172761,6,15,6,144.27,0.5303,0.0628,0.003935,4.130
528246,520,473,993,228,24,50,23.54,0.9774,0.5199,0.173805,6,3,1,67.51,0.4917,0.0309,0.001060,4.383
528274,520,476,996,229,11,13,28.74,0.9941,0.5146,0.169295,1,0,9,282.67,1.0000,0.0172,0.000262,4.363
528285,520,458,978,216,0,167,342.02,1.0000,0.5272,0.173913,22,4,18,336.22,0.6239,0.0591,0.003011,4.224
528298,520,459,979,224,33,103,7.03,0.9265,0.5273,0.179170,19,8,21,321.32,0.4449,0.0647,0.003663,4.271
528302,520,468,988,186,44,206,322.31,0.8911,0.5166,0.166981,0,1,30,264.20,0.9885,0.0355,0.001154,4.242
528309,520,418,938,222,69,127,1.44,0.7954,0.5620,0.213206,24,4,86,280.31,0.9715,0.1250,0.009529,4.422
528318,520,420,940,236,29,138,356.55,0.9508,0.5614,0.205496,9,30,15,150.99,0.7213,0.1104,0.010211,4.243
528340,520,50,570,212,247,222,154.28,0.6464,0.9352,0.857916,11,124,90,165.32,0.9744,0.4450,0.152239,4.489
528344,520,292,812,234,123,178,350.46,0.7369,0.6785,0.348749,25,65,50,166.08,0.6528,0.2432,0.042174,4.326
528351,520,320,840,250,18,252,327.89,0.9958,0.6458,0.277878,58,41,71,309.47,0.4015,0.2140,0.029404,4.129
528368,520,258,778,236,122,246,324.27,0.9474,0.7120,0.384077,73,53,88,309.75,0.3929,0.2709,0.046673,4.490
528370,520,410,930,218,80,131,0.76,0.7415,0.5698,0.222838,6,22,79,265.54,0.9220,0.1316,0.011770,4.417
528374,520,454,974,180,3,251,310.69,0.9980,0.5264,0.167345,0,9,47,262.44,1.0001,0.0692,0.004006,4.024
528381,520,399,919,248,51,41,28.75,0.9719,0.5771,0.224877,20,37,29,163.15,0.3892,0.1431,0.015605,4.190
528390,520,480,1000,192,76,103,8.78,0.6699,0.5093,0.173563,0,0,0,0.00,0.0000,0.0000,0.000000,4.471
528391,520,425,945,252,10,18,28.43,0.9965,0.5642,0.209600,35,17,35,326.97,0.4520,0.1097,0.008796,4.415
528392,520,247,767,240,142,175,358.87,0.7301,0.7194,0.409686,36,66,104,255.15,0.5565,0.2804,0.052708,4.476
528394,520,454,974,220,22,154,347.43,0.9490,0.5340,0.181251,27,1,35,317.77,0.8922,0.0706,0.003761,4.301
528401,520,288,808,225,133,164,358.84,0.6120,0.6781,0.354649,52,61,30,122.37,0.5028,0.2449,0.041613,4.417
528429,520,465,985,204,14,186,333.32,0.9700,0.5190,0.166986,22,3,8,2.55,0.6534,0.0532,0.002533,4.131
528434,520,433,953,215,26,190,335.06,0.9518,0.5459,0.189058,42,9,22,359.07,0.6447,0.1016,0.007456,4.161
528450,520,389,909,217,22,247,321.23,0.9881,0.5873,0.220429,63,14,28,7.20,0.7077,0.1506,0.014548,4.190
528452,520,408,928,213,10,240,321.87,0.9941,0.5722,0.206564,57,13,14,22.94,0.7472,0.1334,0.011896,4.145
528478,520,404,924,253,38,67,21.93,0.9894,0.5817,0.226778,29,31,3,113.26,0.8370,0.1269,0.012478,4.430
528479,520,477,997,198,11,185,331.99,0.9736,0.5065,0.157497,5,0,0,29.23,1.0000,0.0182,0.000323,4.123
528481,520,366,886,210,82,230,322.02,0.8774,0.6094,0.254510,64,25,32,10.81,0.5399,0.1711,0.018897,4.420
528500,520,450,970,218,41,161,345.15,0.8884,0.5436,0.190669,23,9,10,15.50,0.3817,0.0675,0.003995,4.457
528502,520,464,984,230,26,19,29.08,0.9825,0.5223,0.176118,13,6,7,7.98,0.2600,0.0483,0.002312,4.323
528512,520,474,994,197,22,205,326.11,0.9599,0.5220,0.168536,1,5,4,179.92,0.5753,0.0323,0.001238,4.265
528515,520,423,943,233,36,142,354.89,0.9284,0.5607,0.205413,17,17,65,276.03,0.8059,0.1133,0.009017,4.328
528523,520,338,858,249,19,244,329.44,0.9946,0.6389,0.271401,42,17,118,283.05,0.9222,0.1966,0.022011,4.463
528548,520,436,956,210,66,164,343.14,0.7893,0.5527,0.202805,10,16,49,271.06,0.7304,0.0915,0.006568,4.469
528550,520,380,900,235,20,229,329.73,0.9893,0.6047,0.238222,35,24,78,287.21,0.7111,0.1558,0.015606,4.393
528557,520,464,984,113,92,245,283.50,0.9165,0.5155,0.177572,9,7,23,287.58,0.5113,0.0537,0.002719,4.317
528570,520,433,953,229,27,156,348.96,0.9484,0.5545,0.198449,33,1,61,302.08,0.9670,0.1025,0.006820,4.373
528574,520,396,916,237,22,179,343.51,0.9743,0.5793,0.218359,23,9,94,276.79,0.9586,0.1401,0.011856,4.338
528575,520,329,849,237,114,107,25.13,0.8003,0.6461,0.311034,25,54,62,217.92,0.4771,0.2134,0.031927,4.407
528579,520,409,929,210,31,239,321.12,0.9741,0.5731,0.209154,23,31,31,196.38,0.1531,0.1283,0.012610,4.139
528587,520,439,959,238,43,16,31.03,0.9852,0.5490,0.199456,2,12,62,265.11,0.9502,0.0915,0.006236,4.436
528589,520,398,918,243,30,138,357.95,0.9585,0.5758,0.218215,32,2,96,283.96,0.9857,0.1436,0.011950,4.330
528630,520,374,894,239,68,140,359.43,0.8637,0.5967,0.243814,3,36,73,254.32,0.8959,0.1582,0.017620,4.345
528639,520,432,952,188,47,246,313.06,0.9557,0.5533,0.193794,27,8,60,293.18,0.8296,0.1037,0.007329,4.253
528642,520,413,933,203,27,250,316.89,0.9819,0.5686,0.203841,33,25,21,48.03,0.1823,0.1191,0.010728,4.180
528658,520,374,894,216,94,175,342.52,0.7195,0.6040,0.257015,5,46,21,152.03,0.9561,0.1630,0.020403,4.361
528663,520,349,869,250,56,196,342.16,0.9655,0.6305,0.271410,13,49,63,227.68,0.6911,0.1928,0.026410,4.206
528678,520,403,923,241,46,135,359.53,0.9195,0.5799,0.224072,40,21,50,312.92,0.5277,0.1335,0.012178,4.408
528705,520,473,993,186,51,196,324.97,0.8486,0.5154,0.167937,8,2,4,354.20,0.4591,0.0315,0.001038,4.270
528707,520,450,970,205,21,218,324.94,0.9743,0.5450,0.185792,5,18,19,201.57,0.4767,0.0740,0.005119,4.278
528710,520,364,884,239,57,198,339.05,0.9247,0.6128,0.253570,14,37,78,260.93,0.7490,0.1695,0.019665,4.358
528725,520,425,945,227,26,182,340.36,0.9591,0.5635,0.204497,0,17,70,262.61,1.0001,0.1085,0.008430,4.356
528729,520,400,920,198,88,200,326.86,0.7507,0.5806,0.231568,31,25,59,288.87,0.5449,0.1373,0.013023,4.468
528730,520,362,882,209,93,210,327.22,0.7886,0.6100,0.260388,65,29,37,7.23,0.4787,0.1822,0.021363,4.349
528749,520,476,996,208,22,147,346.91,0.9298,0.5072,0.160925,0,0,19,264.05,1.0000,0.0228,0.000470,4.179
528770,520,307,827,212,119,234,319.71,0.8341,0.6679,0.331326,25,57,82,244.46,0.5774,0.2339,0.037420,4.362
528783,520,360,880,236,58,215,333.52,0.9356,0.6180,0.257679,36,39,68,277.97,0.4166,0.1824,0.022434,4.248
528788,520,369,889,231,33,237,326.84,0.9796,0.6080,0.241935,23,45,22,143.13,0.6434,0.1685,0.021168,4.102
528790,520,443,963,226,22,144,352.16,0.9547,0.5412,0.187589,8,20,16,171.02,0.3972,0.0804,0.005893,4.251
528793,520,443,963,217,48,155,347.30,0.8584,0.5440,0.192345,21,6,47,294.38,0.8032,0.0814,0.004949,4.410
528799,520,299,819,225,117,212,331.90,0.7862,0.6707,0.334855,20,60,56,186.22,0.6467,0.2270,0.036658,4.441
528803,520,341,861,217,119,133,11.76,0.5973,0.6306,0.296408,42,44,70,279.84,0.3515,0.2024,0.027358,4.478
528822,520,407,927,221,61,176,341.59,0.8472,0.5729,0.218466,2,2,104,265.04,0.9977,0.1340,0.010557,4.433
528840,520,426,946,235,31,135,357.46,0.9444,0.5592,0.203944,34,13,43,314.62,0.6169,0.1060,0.008024,4.377
528845,520,443,963,181,74,211,318.10,0.8038,0.5432,0.194256,20,12,25,311.75,0.3754,0.0754,0.004819,4.456
528854,520,422,942,160,81,253,300.41,0.9791,0.5561,0.204506,28,18,47,297.31,0.5491,0.1102,0.008847,4.325
528856,520,420,940,219,65,140,354.85,0.8004,0.5570,0.207365,27,4,68,290.26,0.9277,0.1065,0.007372,4.486
528906,520,472,992,176,25,246,310.23,0.9773,0.5220,0.165801,3,1,19,283.53,0.8818,0.0303,0.000881,4.241
528919,520,455,975,216,0,164,342.95,1.0000,0.5255,0.172817,30,1,12,358.48,0.8450,0.0631,0.003243,4.185
528924,520,272,792,255,131,62,46.94,1.0000,0.6968,0.378436,72,60,3,95.92,0.9477,0.2617,0.046161,4.455
528936,520,473,993,171,74,201,317.35,0.7661,0.5214,0.177735,13,1,0,37.12,1.0000,0.0327,0.001073,4.459
528939,520,376,896,225,38,240,324.62,0.9733,0.6023,0.236873,14,43,36,175.09,0.6215,0.1612,0.019484,4.129
528952,520,376,896,246,34,166,349.66,0.9595,0.5951,0.234933,13,35,69,258.93,0.7032,0.1563,0.017172,4.242
528991,520,421,941,209,89,102,16.09,0.6825,0.5582,0.216614,10,20,64,268.42,0.8392,0.1138,0.009350,4.492
529011,520,386,906,192,115,141,358.63,0.4637,0.5893,0.253923,0,44,11,147.64,1.0000,0.1522,0.018254,4.453
529016,520,423,943,205,30,239,319.82,0.9735,0.5644,0.201414,19,1,84,277.26,0.9941,0.1142,0.008002,4.335
529019,520,476,996,212,1,158,343.89,0.9972,0.5147,0.164897,2,1,1,18.81,0.2281,0.0183,0.000368,4.267
529043,520,353,873,253,18,192,343.25,0.9896,0.6151,0.251244,67,5,81,318.86,0.8890,0.1815,0.018961,4.368
529047,520,432,952,157,91,229,302.87,0.8048,0.5481,0.203078,40,2,39,329.32,0.8405,0.0964,0.006411,4.486
529058,520,13,533,251,250,224,105.21,0.7940,0.9756,0.942625,9,134,40,145.51,0.9950,0.4672,0.172607,4.459
529068,520,409,929,247,32,100,11.35,0.9648,0.5728,0.217308,29,20,68,286.37,0.7112,0.1326,0.011789,4.326
529082,520,454,974,193,81,138,351.18,0.6530,0.5312,0.190589,37,0,14,0.68,1.0000,0.0748,0.004251,4.435
529086,520,472,992,229,16,2,29.76,0.9980,0.5156,0.170360,5,2,11,302.17,0.5902,0.0311,0.000998,4.321
529090,520,361,881,211,77,246,318.50,0.9486,0.6159,0.258121,20,40,83,263.36,0.6947,0.1846,0.022907,4.226
529096,520,459,979,200,48,188,331.65,0.8623,0.5314,0.180259,20,1,31,311.73,0.8862,0.0578,0.002694,4.370
529126,520,388,908,213,80,193,334.12,0.7965,0.5894,0.237356,53,2,81,308.39,0.9571,0.1547,0.013945,4.494
529135,520,432,952,240,33,10,30.37,0.9918,0.5467,0.196382,42,5,34,337.83,0.7523,0.1013,0.007163,4.310
529156,520,350,870,241,35,240,328.49,0.9830,0.6280,0.261968,68,13,75,322.92,0.7882,0.1855,0.020249,4.441
529178,520,419,939,210,2,238,321.61,0.9987,0.5640,0.199200,43,14,1,47.04,0.8958,0.1060,0.008299,4.274
529205,520,371,891,244,61,160,352.54,0.9075,0.6070,0.251118,80,6,5,28.23,0.9588,0.1741,0.018470,4.398
529225,520,399,919,218,36,231,325.00,0.9662,0.5831,0.219388,10,22,82,267.68,0.9126,0.1368,0.012475,4.312
529256,520,438,958,192,67,203,324.43,0.8192,0.5462,0.195340,7,9,64,270.39,0.9449,0.0922,0.006107,4.373
529318,520,462,982,192,65,185,330.14,0.7879,0.5326,0.184914,16,5,19,319.36,0.5381,0.0541,0.002657,4.461
529320,520,397,917,252,9,99,11.26,0.9937,0.5753,0.217954,17,18,91,271.96,0.9298,0.1439,0.013070,4.248
529331,520,451,971,166,82,216,310.58,0.7797,0.5363,0.191001,13,13,23,283.86,0.2903,0.0696,0.004353,4.434
529347,520,411,931,222,28,207,332.13,0.9653,0.5701,0.208674,12,32,19,153.75,0.6105,0.1193,0.011582,4.201
529353,520,471,991,180,39,233,313.88,0.9435,0.5246,0.170386,17,1,14,334.41,0.7777,0.0437,0.001726,4.261
529355,520,404,924,240,57,127,3.21,0.8904,0.5837,0.229869,25,32,29,167.52,0.1449,0.1321,0.013284,4.422
529386,520,396,916,239,64,93,16.48,0.8931,0.5789,0.228109,18,36,21,148.40,0.5321,0.1362,0.014445,4.315
529396,520,301,821,241,99,220,333.79,0.9169,0.6724,0.327942,70,47,35,48.46,0.3489,0.2296,0.034566,4.469
529412,520,426,946,231,66,78,21.44,0.8786,0.5625,0.214383,40,15,30,344.97,0.5054,0.1110,0.008866,4.491
529414,520,386,906,249,61,26,32.38,0.9765,0.5866,0.235553,28,29,63,279.51,0.5369,0.1466,0.014845,4.404
529443,520,450,970,242,4,4,29.12,0.9983,0.5409,0.189763,23,11,2,64.24,0.6868,0.0692,0.004259,4.419
529449,520,403,923,239,45,148,354.56,0.9189,0.5803,0.223687,41,15,59,308.48,0.7029,0.1311,0.011289,4.466
529456,520,468,988,197,17,210,324.84,0.9738,0.5239,0.169260,8,2,25,293.30,0.8090,0.0425,0.001652,4.245
529461,520,433,953,185,62,230,315.15,0.8897,0.5492,0.194738,35,10,31,333.97,0.5927,0.0954,0.006734,4.314
529479,520,382,902,249,49,145,357.80,0.9476,0.6010,0.243841,38,37,13,106.68,0.5682,0.1557,0.017643,4.344
529480,520,288,808,251,71,252,327.78,0.9904,0.6764,0.320468,34,46,114,271.06,0.7478,0.2360,0.035088,4.354
529486,520,442,962,207,15,213,326.77,0.9817,0.5430,0.184130,6,15,45,266.69,0.7689,0.0835,0.005698,4.204
529490,520,335,855,232,95,193,340.24,0.8232,0.6393,0.291929,48,39,76,293.25,0.4696,0.2005,0.026012,4.498
529496,520,452,972,218,68,46,31.32,0.8966,0.5350,0.192395,9,16,24,252.19,0.3222,0.0740,0.004946,4.412
529502,520,437,957,224,20,170,343.20,0.9641,0.5491,0.192525,14,4,64,278.09,0.9556,0.0892,0.005503,4.370
529518,520,325,845,249,45,245,329.12,0.9809,0.6500,0.286120,39,45,77,274.43,0.4280,0.2069,0.028439,4.285
529519,520,379,899,212,66,233,322.34,0.9144,0.5970,0.237784,11,44,13,144.35,0.9324,0.1569,0.019015,4.170
529522,520,439,959,241,27,1,30.43,0.9992,0.5456,0.194902,35,5,37,325.33,0.7491,0.0912,0.005995,4.374
529530,520,411,931,242,1,152,352.53,0.9989,0.5712,0.211692,5,29,49,246.80,0.7369,0.1211,0.011327,4.267
529549,520,356,876,193,94,252,310.46,0.9687,0.6159,0.263721,64,32,28,28.12,0.4590,0.1838,0.022070,4.353
529557,520,433,953,235,49,19,31.62,0.9798,0.5475,0.199089,41,13,1,46.83,0.8891,0.1007,0.007615,4.323
529563,520,458,978,231,22,89,12.23,0.9690,0.5327,0.182870,9,9,19,283.39,0.3336,0.0559,0.003005,4.393
529567,520,410,930,248,25,96,12.31,0.9767,0.5708,0.214998,57,15,4,36.68,0.8572,0.1346,0.012204,4.260
529584,520,421,941,187,57,248,311.90,0.9599,0.5616,0.202695,50,4,11,17.20,0.8625,0.1066,0.007892,4.365
529585,520,441,961,211,3,201,330.97,0.9956,0.5391,0.181331,13,2,70,275.82,0.9848,0.0926,0.005711,4.152
529591,520,422,942,218,73,127,1.29,0.7677,0.5595,0.212052,16,29,18,148.46,0.4260,0.1124,0.010325,4.344
529604,520,477,997,90,96,247,275.23,0.9492,0.5060,0.172541,4,0,4,328.36,1.0000,0.0191,0.000346,4.420
529613,520,433,953,231,51,69,21.61,0.9216,0.5464,0.197892,29,16,38,310.12,0.4864,0.1014,0.007718,4.295
529625,520,418,938,241,19,118,3.84,0.9768,0.5605,0.204778,40,17,32,341.86,0.4676,0.1156,0.009564,4.277
529641,520,386,906,249,67,19,34.16,0.9839,0.5921,0.242046,32,37,11,118.70,0.6290,0.1489,0.016544,4.389
529645,520,463,983,228,5,118,1.12,0.9911,0.5304,0.179134,12,7,9,350.97,0.1885,0.0503,0.002498,4.365
529654,520,470,990,226,10,91,10.32,0.9851,0.5190,0.171440,6,5,1,100.25,0.5962,0.0367,0.001495,4.300
529662,520,357,877,226,74,223,328.72,0.9033,0.6209,0.263962,11,51,1,139.78,0.9956,0.1794,0.024409,4.219
529664,520,433,953,232,6,143,353.44,0.9904,0.5484,0.192722,35,14,17,11.83,0.4435,0.0963,0.007119,4.249
529670,520,412,932,228,16,192,337.64,0.9814,0.5677,0.206729,42,15,33,341.79,0.5363,0.1157,0.009438,4.319
529702,520,425,945,228,45,148,352.21,0.8925,0.5593,0.205116,9,10,74,270.52,0.9548,0.1066,0.007695,4.422
529704,520,460,980,226,45,74,18.80,0.9208,0.5323,0.185428,21,6,21,327.27,0.5459,0.0632,0.003438,4.406
529717,520,390,910,236,34,198,337.99,0.9619,0.5927,0.230569,21,39,8,134.30,0.8522,0.1452,0.016280,4.233
529732,520,348,868,240,108,42,43.65,0.9231,0.6316,0.294205,20,48,66,239.28,0.5579,0.1947,0.026559,4.496
529736,520,393,913,216,64,214,328.53,0.8902,0.5890,0.231228,30,16,84,283.56,0.8541,0.1433,0.012867,4.473
529756,520,354,874,235,87,159,353.49,0.8113,0.6187,0.269844,36,45,10,122.37,0.7543,0.1771,0.022737,4.397
529803,520,359,879,232,65,216,332.26,0.9188,0.6178,0.258967,28,41,71,265.20,0.4891,0.1831,0.022876,4.240
529812,520,464,984,218,8,150,348.04,0.9812,0.5241,0.172836,2,8,16,246.38,0.5666,0.0461,0.002240,4.266
529819,520,408,928,152,94,254,295.85,0.9857,0.5666,0.218367,18,34,13,138.61,0.6599,0.1280,0.013017,4.259
529836,520,369,889,210,89,223,323.70,0.8418,0.6138,0.261757,1,47,30,162.71,0.9866,0.1673,0.021331,4.371
529837,520,282,802,217,132,221,325.40,0.7366,0.6898,0.364761,36,66,43,150.31,0.5423,0.2506,0.044458,4.391
529860,520,449,969,235,29,59,22.10,0.9719,0.5383,0.188598,4,9,46,268.59,0.8977,0.0713,0.004184,4.403
529863,520,443,963,229,47,54,25.11,0.9394,0.5367,0.189603,28,14,0,70.87,1.0000,0.0816,0.005610,4.309
529876,520,328,848,251,76,189,345.34,0.9631,0.6465,0.293554,74,25,77,325.36,0.6814,0.2121,0.026871,4.469
529879,520,427,947,246,36,9,30.64,0.9934,0.5610,0.208778,8,27,17,158.74,0.6248,0.1011,0.008759,4.404
529894,520,450,970,217,34,162,344.35,0.9103,0.5379,0.185068,12,16,11,139.43,0.2033,0.0713,0.004729,4.295
529921,520,454,974,158,71,240,303.25,0.9020,0.5295,0.180673,25,7,23,331.56,0.5545,0.0714,0.004205,4.256
529949,520,441,961,230,36,114,4.27,0.9251,0.5446,0.193026,22,19,0,102.38,1.0000,0.0857,0.006363,4.312
529962,520,326,846,225,90,250,321.05,0.9716,0.6545,0.302239,51,51,31,108.16,0.3447,0.2146,0.031704,4.311
529970,520,409,929,205,67,205,327.89,0.8446,0.5684,0.214030,16,25,69,270.06,0.7557,0.1331,0.012350,4.235
529982,520,356,876,238,41,224,331.62,0.9687,0.6155,0.251475,54,0,103,298.57,1.0000,0.1783,0.017636,4.457
529995,520,341,861,211,88,244,318.47,0.9308,0.6276,0.273615,76,27,46,358.54,0.5922,0.2018,0.025178,4.305
529998,520,477,997,202,65,106,6.27,0.7529,0.5135,0.173798,2,0,13,287.44,1.0000,0.0215,0.000420,4.439
530019,520,344,864,235,76,203,336.97,0.8850,0.6263,0.271454,19,44,81,258.20,0.6679,0.1932,0.025338,4.267
530051,520,430,950,237,51,14,32.31,0.9863,0.5530,0.204071,10,13,59,272.34,0.8726,0.0951,0.006681,4.482
530055,520,13,533,246,251,249,170.45,0.3607,0.9811,0.954266,26,134,49,146.09,0.9780,0.4709,0.174908,4.465
530057,520,361,881,248,62,178,347.47,0.9417,0.6230,0.266192,82,6,34,6.38,0.8720,0.1848,0.020399,4.491
530096,520,272,792,238,129,193,345.25,0.7859,0.7005,0.377301,27,69,59,175.37,0.6195,0.2604,0.048048,4.358
530101,520,290,810,237,125,154,4.73,0.7318,0.6777,0.350073,21,67,17,141.99,0.9507,0.2405,0.042141,4.342
530116,520,477,997,186,55,184,328.60,0.8118,0.5112,0.166336,1,2,4,255.89,0.3738,0.0225,0.000586,4.277
530117,520,396,916,199,99,172,338.58,0.6343,0.5840,0.240459,22,32,57,266.35,0.4760,0.1447,0.014990,4.469
530127,520,333,853,248,52,232,331.98,0.9714,0.6444,0.282416,77,22,52,350.16,0.6662,0.1987,0.023998,4.492
530128,520,478,998,141,93,199,302.56,0.6609,0.5102,0.176152,6,1,1,22.40,0.6057,0.0243,0.000626,4.467
530148,520,414,934,237,58,96,14.24,0.8950,0.5700,0.218782,33,23,24,11.80,0.1862,0.1152,0.010021,4.478
530154,520,467,987,179,13,248,310.91,0.9907,0.5243,0.166499,3,5,19,270.85,0.6132,0.0413,0.001749,4.184
530167,520,359,879,244,31,219,334.26,0.9807,0.6182,0.253305,54,9,95,300.96,0.8985,0.1773,0.018059,4.456
530169,520,454,974,224,54,33,30.79,0.9471,0.5304,0.185982,6,13,31,265.07,0.5766,0.0688,0.004255,4.350
530170,520,26,546,253,247,217,97.76,0.8501,0.9686,0.924143,50,131,1,138.29,0.9992,0.4649,0.169123,4.446
530172,520,342,862,253,90,24,38.66,0.9876,0.6269,0.282644,1,46,83,249.38,0.9633,0.1937,0.025848,4.386
530183,520,423,943,239,31,107,7.84,0.9547,0.5579,0.203954,36,18,21,9.22,0.3544,0.1070,0.008619,4.332
530189,520,404,924,234,8,189,339.84,0.9920,0.5755,0.213430,21,5,94,275.87,0.9790,0.1340,0.010761,4.336
530193,520,407,927,253,0,39,25.63,1.0000,0.5657,0.210329,15,27,64,267.16,0.6947,0.1327,0.012555,4.162
530198,520,446,966,213,6,198,332.29,0.9912,0.5414,0.183558,0,17,35,247.64,1.0000,0.0764,0.005222,4.229
530204,520,396,916,204,59,233,320.27,0.9186,0.5779,0.218501,52,16,38,345.51,0.6039,0.1368,0.012407,4.302
530206,520,433,953,191,6,255,312.88,1.0000,0.5478,0.184279,38,12,30,340.72,0.5601,0.1028,0.007688,4.061
530214,520,454,974,219,61,25,33.68,0.9550,0.5270,0.184704,6,0,60,271.97,1.0000,0.0717,0.003649,4.375
530222,520,407,927,254,25,14,29.42,0.9966,0.5727,0.218016,34,8,78,291.56,0.8917,0.1309,0.010638,4.420
530230,520,421,941,210,20,223,325.03,0.9800,0.5569,0.195316,7,29,32,207.28,0.5974,0.1123,0.010281,4.070
530235,520,477,997,203,70,18,38.34,0.9499,0.5066,0.171226,7,0,4,341.66,1.0000,0.0236,0.000539,4.377
530239,520,409,929,253,15,40,25.96,0.9939,0.5690,0.213813,7,36,16,150.68,0.8922,0.1290,0.013443,4.158
530242,520,436,956,221,6,190,336.48,0.9916,0.5512,0.192225,18,21,17,137.85,0.1304,0.0911,0.007054,4.246
530243,520,457,977,233,2,58,20.83,0.9984,0.5254,0.176757,1,14,18,215.69,0.8102,0.0602,0.003642,4.227
530251,520,362,882,247,3,208,337.64,0.9984,0.6097,0.243965,46,43,16,102.98,0.5754,0.1827,0.023460,4.002
530257,520,447,967,183,53,237,313.32,0.9217,0.5432,0.187290,3,21,15,170.21,0.7586,0.0795,0.005902,4.245
530281,520,446,966,241,11,39,25.61,0.9943,0.5423,0.190900,36,6,14,6.86,0.6772,0.0835,0.005371,4.351
530289,520,415,935,215,79,139,356.25,0.7365,0.5662,0.219053,12,31,19,154.62,0.5805,0.1162,0.011051,4.407
530295,520,417,937,232,40,163,347.77,0.9224,0.5703,0.213205,23,14,69,282.36,0.8261,0.1173,0.009259,4.442
530299,520,476,996,169,43,233,310.32,0.9315,0.5106,0.160468,3,1,2,344.98,0.3863,0.0205,0.000455,4.171
530306,520,428,948,206,47,211,326.75,0.9117,0.5559,0.198598,38,12,12,21.95,0.5657,0.0962,0.007016,4.360
530325,520,402,922,240,30,157,351.12,0.9569,0.5776,0.218912,7,32,46,236.68,0.6757,0.1288,0.012754,4.285
530327,520,368,888,234,31,231,328.99,0.9803,0.6082,0.242445,26,0,119,274.64,1.0000,0.1678,0.015514,4.464
530330,520,466,986,188,53,193,326.46,0.8381,0.5185,0.170893,21,1,7,359.47,0.7976,0.0467,0.001965,4.251
530334,520,441,961,149,93,227,299.79,0.7889,0.5402,0.197646,13,14,47,276.85,0.6994,0.0878,0.006049,4.418
530335,520,401,921,197,84,214,322.24,0.8035,0.5821,0.230674,19,30,65,268.03,0.6241,0.1435,0.014486,4.352
530356,520,441,961,229,13,128,358.03,0.9775,0.5379,0.185073,13,23,13,144.53,0.4075,0.0913,0.007274,4.104
530358,520,404,924,195,72,237,316.08,0.9017,0.5801,0.223525,59,7,23,7.83,0.7947,0.1325,0.011438,4.452
530390,520,410,930,228,50,168,345.58,0.8891,0.5721,0.216050,18,22,72,273.40,0.7967,0.1308,0.011702,4.312
530410,520,443,963,213,75,75,23.95,0.7992,0.5389,0.196886,11,18,22,233.58,0.2316,0.0794,0.005617,4.439
530423,520,410,930,191,99,160,341.59,0.5822,0.5664,0.225395,23,33,27,158.30,0.2365,0.1326,0.013490,4.338
530427,520,389,909,198,83,224,319.79,0.8381,0.5888,0.235755,19,14,103,272.23,0.9623,0.1546,0.014317,4.443
530436,520,432,952,192,82,183,330.83,0.7184,0.5531,0.206614,42,9,10,21.82,0.6971,0.0980,0.007096,4.494
530443,520,282,802,252,127,72,43.03,0.9608,0.6862,0.363452,52,63,16,121.46,0.7738,0.2488,0.043225,4.435
530455,520,435,955,227,40,149,351.37,0.9056,0.5544,0.200211,20,20,9,108.24,0.3629,0.0883,0.006688,4.414
530472,520,373,893,233,74,161,350.80,0.8300,0.6005,0.247971,17,42,48,215.41,0.5002,0.1649,0.019884,4.264
530485,520,357,877,254,28,194,343.03,0.9935,0.6212,0.257998,64,23,56,335.66,0.6065,0.1786,0.019884,4.407
530497,520,413,933,241,44,124,3.23,0.9253,0.5747,0.219606,24,21,60,282.36,0.6474,0.1225,0.010567,4.451
530517,520,408,928,244,1,140,356.73,0.9989,0.5703,0.211516,37,24,46,310.48,0.4168,0.1332,0.012439,4.188
530518,520,415,935,235,73,41,33.06,0.9337,0.5730,0.225904,28,29,21,113.39,0.1912,0.1239,0.011798,4.465
530528,520,452,972,225,56,14,33.62,0.9812,0.5332,0.188704,25,2,33,316.76,0.8246,0.0681,0.003599,4.454
530532,520,414,934,212,51,214,327.55,0.9141,0.5711,0.212217,50,12,30,354.25,0.6502,0.1236,0.010349,4.345
530552,520,13,533,255,249,232,90.75,1.0000,0.9793,0.948379,51,132,46,142.36,0.9348,0.4717,0.174030,4.456
530561,520,396,916,218,79,169,344.32,0.7725,0.5841,0.233641,0,33,60,247.40,1.0000,0.1380,0.014139,4.422
530562,520,419,939,199,35,238,318.33,0.9635,0.5564,0.195187,39,17,31,342.52,0.4525,0.1136,0.009312,4.134
530606,520,344,864,244,3,245,328.14,0.9991,0.6278,0.258936,26,40,87,268.20,0.6650,0.1917,0.024252,4.161
530614,520,378,898,203,98,195,330.32,0.7099,0.6000,0.253735,51,33,1,77.96,0.9488,0.1604,0.017938,4.471
530621,520,442,962,238,32,5,30.62,0.9957,0.5418,0.192244,13,18,26,259.68,0.2571,0.0828,0.005927,4.331
530637,520,318,838,240,122,69,43.44,0.8589,0.6581,0.328767,1,59,69,213.29,0.9782,0.2241,0.035639,4.423
530641,520,445,965,167,95,184,319.74,0.6129,0.5376,0.198614,7,22,2,136.67,0.9373,0.0819,0.006234,4.421
530643,520,396,916,235,49,155,351.54,0.9013,0.5784,0.222282,2,15,99,264.92,0.9785,0.1422,0.012553,4.353
530649,520,444,964,203,26,214,325.37,0.9616,0.5406,0.182921,3,18,36,252.13,0.7300,0.0817,0.005793,4.175
530658,520,381,901,227,91,122,9.11,0.7508,0.5976,0.252207,33,40,19,124.00,0.4687,0.1604,0.018879,4.387
530710,520,385,905,244,50,133,1.09,0.9173,0.5878,0.232110,52,17,63,317.18,0.6981,0.1539,0.014899,4.347
530719,520,367,887,253,57,127,5.34,0.9792,0.6086,0.253447,60,18,64,324.15,0.6965,0.1693,0.017636,4.487
530720,520,464,984,176,37,235,312.28,0.9487,0.5188,0.165524,5,10,3,134.93,0.5348,0.0488,0.002559,4.101
530721,520,364,884,229,57,229,328.08,0.9432,0.6140,0.252437,65,24,31,11.75,0.5667,0.1709,0.018762,4.398
530724,520,321,841,251,20,253,327.89,0.9953,0.6487,0.281044,83,15,65,340.95,0.7671,0.2090,0.025626,4.377
530750,520,433,953,237,45,71,20.58,0.9418,0.5541,0.203394,43,10,16,12.40,0.6461,0.1029,0.007682,4.393
530758,520,398,918,222,59,191,336.92,0.8760,0.5809,0.224214,30,3,93,283.19,0.9781,0.1387,0.011314,4.472
530771,520,343,863,254,57,170,351.05,0.9901,0.6263,0.269028,22,43,72,256.82,0.5616,0.1853,0.023661,4.331
530777,520,378,898,208,77,225,322.92,0.8708,0.5971,0.241555,61,15,58,330.55,0.7136,0.1630,0.016394,4.391
530780,520,423,943,232,18,164,346.88,0.9734,0.5609,0.202716,37,22,12,54.12,0.4320,0.1149,0.009937,4.216
530781,520,418,938,237,20,147,353.44,0.9714,0.5636,0.206145,11,26,53,261.16,0.6419,0.1190,0.010669,4.222
530783,520,348,868,222,87,224,327.14,0.8736,0.6300,0.277298,68,25,63,332.20,0.6177,0.1928,0.022832,4.494
530794,520,477,997,208,63,56,27.23,0.8619,0.5110,0.172527,2,0,14,286.01,1.0000,0.0222,0.000446,4.411
530799,520,219,739,236,148,225,331.43,0.8440,0.7452,0.444507,2,86,41,151.98,0.9954,0.3049,0.068283,4.181
530829,520,384,904,220,76,182,339.86,0.8076,0.5902,0.237641,33,35,36,228.93,0.0362,0.1511,0.016528,4.324
530874,520,369,889,232,75,174,345.84,0.8367,0.6057,0.252466,47,38,33,50.76,0.1603,0.1743,0.021004,4.260
530876,520,426,946,245,32,23,29.16,0.9817,0.5573,0.205109,15,22,54,270.93,0.6401,0.1124,0.009417,4.294
530884,520,340,860,214,93,243,319.40,0.9245,0.6377,0.285975,3,47,82,248.46,0.9025,0.1965,0.026614,4.385
530902,520,461,981,199,62,167,338.63,0.7826,0.5308,0.183792,6,10,15,250.83,0.2541,0.0538,0.002903,4.419
530905,520,415,935,245,16,134,359.15,0.9831,0.5733,0.215077,33,25,24,26.48,0.1482,0.1200,0.010846,4.357
530909,520,283,803,252,128,50,48.64,0.9688,0.6857,0.363672,11,65,68,200.62,0.8291,0.2455,0.042689,4.463
530919,520,387,907,219,37,242,322.67,0.9727,0.5933,0.227960,57,18,36,354.13,0.5984,0.1480,0.014300,4.323
530921,520,419,939,249,10,28,27.38,0.9960,0.5583,0.204443,49,4,18,7.02,0.8148,0.1064,0.007836,4.399
530931,520,412,932,249,26,93,13.41,0.9767,0.5726,0.216724,56,3,30,355.21,0.8407,0.1239,0.009998,4.446
530937,520,391,911,204,67,244,317.36,0.9415,0.5935,0.233848,19,20,95,272.28,0.9230,0.1532,0.014649,4.391
530939,520,438,958,224,6,172,342.45,0.9900,0.5466,0.189587,16,24,5,127.73,0.6887,0.0947,0.007744,4.149
530952,520,387,907,235,76,122,7.03,0.8307,0.5922,0.242391,35,37,2,112.81,0.9149,0.1507,0.016849,4.374
530961,520,443,963,186,81,176,331.33,0.6945,0.5384,0.194599,21,14,15,8.81,0.1727,0.0766,0.005080,4.441
530967,520,247,767,249,112,245,328.66,0.9753,0.7154,0.383231,37,73,67,181.90,0.4648,0.2816,0.055635,4.101
530973,520,434,954,245,18,21,28.43,0.9919,0.5514,0.199028,35,14,31,334.64,0.4935,0.1020,0.007704,4.316
530979,520,238,758,247,140,176,359.27,0.8144,0.7260,0.416674,50,72,42,137.66,0.4891,0.2795,0.054799,4.453
530985,520,429,949,191,56,232,316.80,0.9117,0.5541,0.197322,15,7,69,276.76,0.9386,0.1003,0.006832,4.352
530987,520,465,985,209,51,131,354.72,0.8190,0.5209,0.175639,9,11,3,118.11,0.4970,0.0546,0.003040,4.254
531012,520,405,925,245,24,157,351.98,0.9730,0.5849,0.225033,58,10,4,31.81,0.8974,0.1298,0.011255,4.490
531013,520,380,900,234,50,209,334.62,0.9402,0.6050,0.243797,57,25,37,357.58,0.4735,0.1607,0.016988,4.386
531014,520,259,779,251,133,146,14.20,0.8907,0.7100,0.393624,52,65,62,179.68,0.1492,0.2664,0.048584,4.500
531026,520,462,982,224,40,87,13.51,0.9176,0.5274,0.180558,1,10,21,245.53,0.7673,0.0522,0.002777,4.369
531029,520,447,967,204,59,179,335.80,0.8186,0.5429,0.192218,14,7,48,282.98,0.8265,0.0771,0.004587,4.437
531036,520,422,942,184,57,247,311.21,0.9544,0.5564,0.198330,29,24,10,90.41,0.4384,0.1088,0.009364,4.183
531080,520,378,898,252,62,53,28.14,0.9849,0.5957,0.244014,23,38,54,250.88,0.3928,0.1600,0.018347,4.302
531092,520,461,981,208,52,144,349.38,0.8166,0.5255,0.178816,3,0,42,271.79,1.0000,0.0481,0.001865,4.412
531103,520,307,827,215,137,154,5.64,0.5110,0.6686,0.346731,7,65,12,143.86,0.9857,0.2284,0.038521,4.482
531109,520,384,904,233,84,105,15.57,0.8183,0.5938,0.246870,11,35,63,254.17,0.6871,0.1507,0.016320,4.476
531121,520,372,892,222,40,255,320.49,1.0000,0.6094,0.242692,33,2,113,279.94,0.9922,0.1673,0.015589,4.462
531123,520,429,949,186,85,188,326.76,0.7061,0.5511,0.205682,37,2,53,312.32,0.9055,0.1023,0.006938,4.491
531139,520,455,975,196,40,208,324.82,0.9153,0.5319,0.178090,1,15,3,148.00,0.9637,0.0579,0.003547,4.260
531140,520,458,978,199,56,179,334.28,0.8193,0.5313,0.182269,6,13,5,140.58,0.4856,0.0574,0.003375,4.352
531144,520,411,931,238,61,51,28.33,0.9313,0.5669,0.217568,42,17,24,3.40,0.4641,0.1155,0.009592,4.490
531148,520,426,946,197,78,190,330.04,0.7603,0.5595,0.210383,9,28,28,195.43,0.5005,0.1086,0.009724,4.360
531152,520,344,864,241,86,163,353.13,0.8548,0.6293,0.280036,13,51,35,162.11,0.7994,0.1867,0.025745,4.357
531160,520,420,940,242,36,79,17.66,0.9597,0.5600,0.207069,30,23,26,350.56,0.1432,0.1122,0.009634,4.311
531163,520,410,930,254,20,4,29.72,0.9976,0.5707,0.215838,32,19,58,295.46,0.6366,0.1253,0.010783,4.374
531171,520,384,904,242,65,114,9.37,0.8935,0.5910,0.238759,7,30,76,262.00,0.8717,0.1470,0.014954,4.446
531183,520,386,906,254,47,59,24.78,0.9949,0.5883,0.234234,42,33,24,66.64,0.2488,0.1520,0.016459,4.277
531186,520,418,938,130,104,250,286.81,0.9329,0.5574,0.215483,53,1,41,339.75,0.9085,0.1209,0.009388,4.470
531192,520,476,996,182,49,203,321.75,0.8658,0.5120,0.164548,2,2,4,284.11,0.2654,0.0240,0.000651,4.236
531201,520,455,975,230,36,67,20.21,0.9519,0.5330,0.184930,5,10,23,264.22,0.4919,0.0567,0.003112,4.423
531206,520,442,962,225,46,110,5.80,0.8852,0.5402,0.190901,20,10,32,302.91,0.5514,0.0757,0.004701,4.404
531217,520,440,960,191,39,244,314.63,0.9595,0.5508,0.190603,14,16,48,276.14,0.6670,0.0935,0.006773,4.238
531235,520,478,998,170,76,179,324.08,0.6978,0.5083,0.169706,4,1,4,327.25,0.5374,0.0231,0.000563,4.345
531240,520,356,876,230,93,169,348.89,0.7781,0.6225,0.275187,6,48,46,190.19,0.8473,0.1784,0.023498,4.424
531243,520,401,921,233,68,108,10.91,0.8470,0.5754,0.225435,8,11,97,267.84,0.9792,0.1371,0.011539,4.476
531258,520,376,896,230,11,245,324.90,0.9958,0.6050,0.236573,12,24,99,267.77,0.9374,0.1611,0.016322,4.321
531259,520,427,947,233,39,129,359.64,0.9198,0.5575,0.203626,42,13,5,37.73,0.7236,0.1033,0.007911,4.380
531263,520,403,923,228,53,171,344.71,0.8832,0.5760,0.219831,1,32,49,236.93,0.9267,0.1278,0.012612,4.310
531266,520,209,729,220,172,185,0.55,0.4024,0.7576,0.482246,34,87,5,137.92,0.9901,0.3133,0.071672,4.374
531281,520,440,960,200,71,171,337.77,0.7571,0.5450,0.197279,41,6,21,357.61,0.7095,0.0949,0.006559,4.372
531290,520,379,899,253,56,107,12.05,0.9819,0.6022,0.247761,67,19,7,35.27,0.8356,0.1612,0.016746,4.461
531300,520,408,928,247,37,64,22.24,0.9689,0.5683,0.214710,19,11,86,275.32,0.9447,0.1292,0.010496,4.376
531307,520,453,973,163,68,233,306.74,0.8774,0.5266,0.178046,0,8,48,262.95,1.0003,0.0683,0.003870,4.233
531312,520,440,960,198,66,189,330.72,0.8018,0.5460,0.195780,26,6,47,301.75,0.7914,0.0874,0.005551,4.424
531316,520,434,954,239,29,77,17.40,0.9685,0.5497,0.197685,32,9,52,304.68,0.7577,0.1041,0.007504,4.307
531320,520,400,920,225,13,226,328.09,0.9916,0.5833,0.217887,26,6,93,279.62,0.9653,0.1381,0.011401,4.363
531321,520,446,966,172,85,204,316.00,0.7332,0.5407,0.196281,21,5,52,291.61,0.8576,0.0844,0.005159,4.465
531322,520,360,880,239,35,228,330.88,0.9776,0.6167,0.251569,38,1,123,280.84,0.9965,0.1850,0.018638,4.394
531326,520,369,889,223,82,193,337.11,0.8185,0.6081,0.255750,42,30,77,291.82,0.6097,0.1745,0.019566,4.395
531347,520,399,919,194,78,230,317.17,0.8649,0.5807,0.226325,33,16,80,287.67,0.8214,0.1421,0.012731,4.405
531351,520,338,858,248,32,235,331.26,0.9862,0.6356,0.269906,12,46,81,252.34,0.7543,0.1957,0.026261,4.195
531352,520,454,974,199,67,145,347.80,0.7409,0.5256,0.182026,6,3,52,273.23,0.9667,0.0678,0.003518,4.336
531357,520,375,895,240,50,181,344.22,0.9260,0.6005,0.241456,39,20,81,291.70,0.7662,0.1561,0.015257,4.466
531370,520,437,957,209,58,172,339.61,0.8225,0.5468,0.195620,23,21,9,99.99,0.3930,0.0940,0.007382,4.280
531372,520,303,823,212,128,213,326.58,0.6890,0.6721,0.342409,8,65,4,141.95,0.9912,0.2279,0.038408,4.439
531376,520,438,958,191,1,254,313.14,0.9994,0.5459,0.182551,21,21,12,107.90,0.2758,0.0926,0.007223,4.064
531394,520,432,952,234,44,73,19.64,0.9377,0.5476,0.197779,5,28,22,173.57,0.7258,0.1041,0.009207,4.185
531405,520,374,894,234,75,157,352.65,0.8288,0.6017,0.249616,16,43,23,150.14,0.7258,0.1580,0.018997,4.342
531413,520,477,997,216,17,132,353.99,0.9555,0.5143,0.166683,8,0,3,351.24,1.0000,0.0245,0.000582,4.284
531416,520,440,960,240,17,86,14.06,0.9835,0.5491,0.196014,7,14,57,269.19,0.8802,0.0931,0.006546,4.351
531424,520,385,905,224,43,224,328.19,0.9547,0.5925,0.229591,30,24,77,282.51,0.7238,0.1497,0.014651,4.325
531426,520,362,882,243,93,6,41.93,0.9932,0.6122,0.268997,29,49,14,133.87,0.8001,0.1843,0.024895,4.259
531427,520,474,994,223,45,38,28.34,0.9475,0.5210,0.177075,5,0,13,305.60,1.0000,0.0258,0.000613,4.486
531435,520,382,902,247,9,195,341.09,0.9944,0.6035,0.239129,23,37,55,255.12,0.4052,0.1578,0.017811,4.264
531442,520,450,970,140,83,253,293.26,0.9791,0.5354,0.188538,23,12,14,7.38,0.2785,0.0745,0.004768,4.355
531461,520,456,976,211,34,174,338.93,0.9093,0.5331,0.180511,0,14,8,168.35,1.0000,0.0558,0.003316,4.323
531467,520,429,949,216,60,137,354.83,0.8076,0.5451,0.196391,12,12,67,273.25,0.9094,0.1032,0.007463,4.288
531495,520,435,955,189,41,247,313.34,0.9623,0.5515,0.191213,27,13,39,307.01,0.5686,0.0939,0.006674,4.256
531498,520,376,896,230,25,235,327.11,0.9855,0.6016,0.235188,70,13,10,27.83,0.8670,0.1597,0.016121,4.313
531501,520,469,989,202,61,130,354.52,0.7656,0.5176,0.175077,13,2,15,322.73,0.6801,0.0417,0.001635,4.359
531524,520,362,882,227,51,239,325.20,0.9589,0.6129,0.249328,77,2,61,339.52,0.9113,0.1834,0.019584,4.302
531533,520,386,906,190,91,222,317.12,0.7999,0.5869,0.237044,68,4,36,356.72,0.8509,0.1531,0.014434,4.455
531536,520,447,967,229,22,137,355.19,0.9579,0.5442,0.190408,10,15,32,269.95,0.4763,0.0767,0.005104,4.363
531551,520,379,899,232,33,221,330.95,0.9726,0.5990,0.234665,5,47,8,144.05,0.9801,0.1642,0.020827,4.019
531552,520,390,910,195,78,244,314.09,0.9271,0.5922,0.235837,70,2,28,5.52,0.9274,0.1523,0.014296,4.446
531570,520,382,902,236,30,207,335.51,0.9724,0.5961,0.232692,19,43,18,143.05,0.7562,0.1586,0.019098,4.091
531577,520,302,822,249,108,152,3.12,0.8864,0.6685,0.331348,28,57,65,217.75,0.4522,0.2258,0.035547,4.458
531595,520,408,928,221,54,191,336.57,0.8874,0.5748,0.217744,38,5,74,298.21,0.9088,0.1282,0.010150,4.451
531599,520,418,938,165,91,227,306.45,0.7986,0.5566,0.210281,47,12,28,354.86,0.6265,0.1173,0.009512,4.374
531608,520,389,909,220,69,196,334.99,0.8525,0.5900,0.234596,67,1,38,353.27,0.9393,0.1486,0.013551,4.478
531611,520,388,908,195,84,233,316.38,0.8673,0.5918,0.238272,18,34,54,254.70,0.4868,0.1453,0.015389,4.409
531613,520,471,991,197,40,186,331.40,0.8821,0.5188,0.169348,9,3,18,303.48,0.6361,0.0416,0.001669,4.245
531617,520,451,971,179,63,228,313.66,0.8785,0.5398,0.187412,4,12,34,263.99,0.7136,0.0671,0.004042,4.393
531622,520,407,927,249,31,52,24.57,0.9798,0.5677,0.213713,54,8,42,340.42,0.7480,0.1320,0.011252,4.305
531625,520,396,916,252,40,58,24.18,0.9857,0.5795,0.225222,3,3,106,265.45,0.9966,0.1386,0.011250,4.493
531633,520,249,769,234,129,251,321.88,0.9714,0.7231,0.401598,5,78,39,152.83,0.9846,0.2776,0.056273,4.249
531635,520,411,931,239,40,114,6.09,0.9329,0.5650,0.210864,8,26,57,260.39,0.7382,0.1206,0.010858,4.286
531654,520,440,960,167,75,245,304.94,0.9242,0.5505,0.198408,14,17,36,275.18,0.4628,0.0868,0.006216,4.419
531655,520,429,949,223,25,164,344.94,0.9482,0.5460,0.190661,33,10,46,311.04,0.6989,0.1021,0.007377,4.194
531664,520,401,921,189,72,244,312.58,0.9296,0.5766,0.219863,55,0,58,325.92,1.0000,0.1354,0.011178,4.411
531666,520,415,935,210,32,236,321.80,0.9710,0.5714,0.207926,43,2,61,312.37,0.9237,0.1191,0.008940,4.376
531672,520,418,938,243,40,36,28.20,0.9708,0.5586,0.207031,33,25,5,88.04,0.6803,0.1154,0.010296,4.263
531676,520,397,917,235,71,106,12.50,0.8507,0.5819,0.232122,66,1,31,359.89,0.9466,0.1434,0.012791,4.493
531687,520,419,939,240,46,25,30.45,0.9748,0.5557,0.205527,4,6,81,266.97,0.9853,0.1072,0.007501,4.444
531689,520,294,814,236,107,231,329.01,0.9072,0.6816,0.341200,40,58,78,251.68,0.3471,0.2439,0.040272,4.334
531693,520,466,986,224,33,51,23.90,0.9607,0.5162,0.171769,6,6,30,277.68,0.7196,0.0535,0.002627,4.214
531701,520,469,989,174,77,182,324.54,0.7063,0.5177,0.176849,0,4,23,260.38,1.0000,0.0380,0.001487,4.406
531750,520,431,951,230,17,157,348.63,0.9723,0.5533,0.196610,2,10,75,265.48,0.9739,0.1038,0.007379,4.298
531756,520,467,987,203,43,169,338.56,0.8580,0.5215,0.172908,16,3,6,2.52,0.5521,0.0443,0.001884,4.296
531759,520,476,996,159,55,240,304.87,0.9233,0.5128,0.163951,1,2,3,240.75,0.2913,0.0220,0.000564,4.231
531773,520,411,931,245,27,117,5.18,0.9676,0.5713,0.214841,13,15,75,271.99,0.9150,0.1177,0.009352,4.462
531777,520,399,919,222,29,218,329.27,0.9703,0.5777,0.214726,57,11,38,348.51,0.7117,0.1392,0.012493,4.236
531780,520,464,984,190,92,18,50.23,0.9093,0.5180,0.186468,2,8,25,260.94,0.7313,0.0510,0.002567,4.498
531782,520,429,949,242,30,10,30.09,0.9923,0.5494,0.198311,48,5,2,30.96,0.9311,0.1020,0.007414,4.325
531786,520,337,857,249,100,75,31.74,0.9485,0.6385,0.297653,7,54,54,194.94,0.8501,0.2020,0.029497,4.373
531798,520,436,956,212,17,210,328.83,0.9793,0.5503,0.190531,23,17,30,305.11,0.3216,0.0919,0.006768,4.237
531826,520,413,933,163,92,241,302.51,0.8687,0.5662,0.217921,49,10,39,339.52,0.6944,0.1235,0.010166,4.453
531835,520,373,893,254,47,112,9.57,0.9911,0.5988,0.242774,47,27,53,318.15,0.4563,0.1573,0.016453,4.406
531846,520,413,933,225,77,100,15.08,0.7974,0.5691,0.222380,22,28,30,219.95,0.1278,0.1185,0.010948,4.469
531852,520,411,931,228,60,148,353.28,0.8468,0.5717,0.218665,36,24,25,13.18,0.2153,0.1218,0.010986,4.405
531866,520,434,954,204,63,176,336.92,0.8011,0.5454,0.195288,35,1,58,306.45,0.9600,0.1024,0.006846,4.315
531875,520,375,895,248,62,126,5.47,0.9333,0.6030,0.249114,68,20,5,37.73,0.8644,0.1645,0.017404,4.438
531893,520,441,961,192,92,115,7.30,0.5822,0.5385,0.201002,4,9,67,267.49,0.9629,0.0938,0.006264,4.461
531897,520,394,914,240,44,165,349.06,0.9295,0.5888,0.230463,2,40,28,167.26,0.9566,0.1434,0.016143,4.240
531898,520,256,776,237,131,234,328.20,0.8987,0.7213,0.401796,13,77,19,144.12,0.9791,0.2726,0.054401,4.327
531905,520,309,829,242,79,229,331.30,0.9414,0.6555,0.301290,90,7,77,336.15,0.8493,0.2241,0.028618,4.468
531909,520,439,959,210,21,218,326.26,0.9762,0.5536,0.193019,20,18,29,292.49,0.2686,0.0905,0.006700,4.286
531919,520,442,962,238,21,20,28.65,0.9887,0.5374,0.187673,18,5,52,287.55,0.8706,0.0813,0.004851,4.333
531929,520,439,959,228,62,14,34.67,0.9813,0.5453,0.199738,4,23,18,174.33,0.6999,0.0870,0.006823,4.395
531934,520,360,880,211,85,232,321.68,0.8820,0.6159,0.261737,50,41,12,91.94,0.6609,0.1815,0.022906,4.276
531940,520,471,991,215,34,135,353.36,0.8958,0.5214,0.173428,8,2,18,302.53,0.7204,0.0380,0.001387,4.348
531943,520,477,997,93,97,248,275.90,0.9519,0.5110,0.176532,3,1,6,305.83,0.6115,0.0228,0.000542,4.482
531952,520,248,768,230,156,109,52.81,0.6577,0.7158,0.417060,11,79,10,142.63,0.9865,0.2782,0.056848,4.371
531954,520,312,832,248,79,213,337.33,0.9561,0.6564,0.303554,38,42,108,275.50,0.7150,0.2242,0.031506,4.338
531958,520,433,953,187,83,185,328.27,0.7089,0.5480,0.202554,25,3,62,291.55,0.9317,0.0961,0.006196,4.494
531959,520,415,935,254,3,77,17.62,0.9983,0.5736,0.216756,14,25,61,267.67,0.6978,0.1247,0.011255,4.355
531966,520,378,898,236,85,96,19.72,0.8479,0.5984,0.251773,42,33,52,305.72,0.3148,0.1638,0.018279,4.420
531984,520,439,959,234,37,112,5.74,0.9310,0.5526,0.199884,23,17,30,305.11,0.3216,0.0919,0.006768,4.402
531986,520,430,950,223,73,40,33.84,0.9152,0.5501,0.206089,36,11,28,341.34,0.5584,0.0970,0.006983,4.494
531989,520,291,811,238,94,252,324.08,0.9858,0.6799,0.332131,28,47,115,267.59,0.7929,0.2355,0.035175,4.486
531999,520,437,957,191,58,219,319.96,0.8811,0.5463,0.192183,13,10,61,276.01,0.8893,0.0943,0.006395,4.294
532000,520,394,914,222,20,244,323.15,0.9898,0.5928,0.225637,68,2,18,14.69,0.9494,0.1449,0.013163,4.364
532001,520,479,999,136,90,214,297.46,0.7399,0.5099,0.174017,0,0,6,264.05,1.0000,0.0126,0.000131,4.469
532009,520,422,942,214,61,182,337.69,0.8382,0.5639,0.210131,18,26,20,152.41,0.2394,0.1058,0.009179,4.396
532021,520,439,959,220,47,159,346.58,0.8719,0.5507,0.197543,18,16,36,286.44,0.4580,0.0880,0.006265,4.400
532042,520,457,977,149,74,252,297.56,0.9738,0.5324,0.183156,27,3,0,37.95,1.0000,0.0585,0.002982,4.401
532048,520,289,809,255,119,61,41.95,1.0000,0.6763,0.347939,12,69,8,142.12,0.9837,0.2434,0.043518,4.255
532053,520,477,997,216,47,54,24.63,0.9206,0.5102,0.169009,3,0,7,308.47,1.0000,0.0194,0.000347,4.350
532056,520,284,804,254,81,250,328.90,0.9965,0.6892,0.338607,7,57,111,254.83,0.9005,0.2494,0.041189,4.262
532058,520,432,952,235,18,115,3.79,0.9740,0.5470,0.193357,31,18,8,58.06,0.4641,0.0964,0.007415,4.239
532076,520,468,988,211,55,122,359.33,0.8106,0.5250,0.179887,6,6,12,284.08,0.2693,0.0434,0.001955,4.425
532081,520,464,984,217,35,122,358.73,0.8976,0.5208,0.173614,15,7,13,335.60,0.3142,0.0547,0.002826,4.233
532083,520,0,520,255,255,255,0.00,0.0000,1.0000,1.000000,5,136,92,161.66,0.9916,0.4833,0.184124,4.485
532106,520,404,924,209,43,245,319.27,0.9627,0.5826,0.218773,21,10,87,276.73,0.9456,0.1307,0.010646,4.432
532109,520,443,963,224,2,166,344.25,0.9964,0.5426,0.186465,24,15,0,84.24,1.0000,0.0785,0.005359,4.272
532114,520,403,923,222,22,232,325.89,0.9849,0.5847,0.219318,13,18,83,270.39,0.9237,0.1320,0.011426,4.384
532122,520,400,920,247,32,135,359.78,0.9600,0.5835,0.225598,25,17,84,279.04,0.8710,0.1401,0.012476,4.411
532134,520,452,972,221,58,77,19.48,0.8719,0.5345,0.189367,20,0,44,299.01,1.0000,0.0668,0.003306,4.490
532139,520,459,979,178,86,160,335.28,0.6156,0.5252,0.186598,19,1,35,305.40,0.9126,0.0596,0.002815,4.480
532151,520,352,872,227,63,233,326.49,0.9369,0.6183,0.257713,70,26,40,2.47,0.5657,0.1867,0.021943,4.277
532152,520,358,878,224,101,165,350.12,0.7177,0.6227,0.278735,6,47,64,231.01,0.8206,0.1848,0.024418,4.417
532159,520,210,730,199,182,196,331.63,0.1836,0.7612,0.495839,34,87,11,138.56,0.9786,0.3136,0.071804,4.481
532186,520,392,912,206,62,236,320.02,0.9200,0.5859,0.226248,29,21,79,282.40,0.7784,0.1451,0.013620,4.342
532206,520,399,919,234,60,140,357.57,0.8635,0.5797,0.226205,11,36,48,232.06,0.6024,0.1436,0.015462,4.219
532216,520,363,883,211,88,210,327.95,0.8091,0.6062,0.254832,75,4,46,351.13,0.8593,0.1727,0.017802,4.496
532220,520,386,906,248,17,157,352.43,0.9845,0.5886,0.227951,58,20,39,351.47,0.5749,0.1544,0.015465,4.246
532223,520,460,980,196,69,165,338.75,0.7473,0.5327,0.187103,11,8,21,293.59,0.4178,0.0565,0.002990,4.475
532228,520,273,793,240,117,232,329.89,0.9211,0.7025,0.370763,88,49,39,35.23,0.4546,0.2632,0.044181,4.468
532269,520,354,874,229,63,238,325.77,0.9448,0.6248,0.263883,18,43,61,242.16,0.5502,0.1757,0.021932,4.364
532270,520,425,945,245,23,59,22.27,0.9843,0.5567,0.203445,15,20,58,272.90,0.7156,0.1113,0.009073,4.290
532275,520,289,809,228,121,212,333.02,0.7948,0.6815,0.349241,13,68,13,142.94,0.9756,0.2406,0.042487,4.317
532279,520,368,888,236,54,204,336.54,0.9311,0.6085,0.248335,69,16,37,0.09,0.7023,0.1685,0.017696,4.407
532285,520,457,977,217,2,159,344.80,0.9953,0.5253,0.173008,7,9,36,274.48,0.7193,0.0650,0.003679,4.154
532286,520,464,984,203,78,47,35.04,0.8370,0.5203,0.183526,11,4,27,295.08,0.7093,0.0514,0.002371,4.459
532297,520,308,828,232,113,207,335.96,0.8212,0.6721,0.334732,13,50,113,260.52,0.8808,0.2344,0.035588,4.495
532320,520,447,967,221,1,177,340.21,0.9983,0.5426,0.185707,25,13,7,48.39,0.4069,0.0772,0.005099,4.278
532324,520,445,965,217,68,70,23.99,0.8447,0.5365,0.193306,25,11,16,357.22,0.3574,0.0758,0.004835,4.437
532334,520,408,928,235,39,149,353.06,0.9258,0.5692,0.212861,4,31,50,243.03,0.7800,0.1270,0.012360,4.215
532339,520,435,955,219,20,186,337.19,0.9666,0.5486,0.191079,10,9,58,274.14,0.9043,0.0875,0.005654,4.332
532342,520,199,719,250,171,104,59.93,0.8793,0.7724,0.504516,54,86,1,130.12,0.9955,0.3218,0.074419,4.457
532363,520,403,923,248,29,110,8.05,0.9685,0.5761,0.219645,46,12,54,319.43,0.7190,0.1306,0.011102,4.413
532364,520,463,983,183,67,203,321.44,0.8079,0.5321,0.183946,0,0,48,264.05,1.0000,0.0520,0.002134,4.487
532382,520,352,872,210,98,211,327.14,0.7782,0.6192,0.271418,9,51,55,204.40,0.7798,0.1934,0.027014,4.173
532390,520,337,857,231,93,194,339.48,0.8236,0.6355,0.287150,10,55,29,153.47,0.9245,0.1974,0.028855,4.276
532400,520,450,970,229,47,83,16.34,0.9133,0.5418,0.193185,6,13,32,265.62,0.5951,0.0694,0.004308,4.478
532432,520,428,948,215,46,194,334.01,0.9024,0.5598,0.202983,1,10,71,264.71,0.9727,0.0982,0.006784,4.455
532433,520,363,883,243,69,150,356.58,0.8887,0.6087,0.255160,49,17,90,297.77,0.8181,0.1735,0.017921,4.493
532437,520,480,1000,220,6,94,8.22,0.9887,0.5063,0.161567,0,0,0,0.00,0.0000,0.0000,0.000000,4.231
532438,520,351,871,254,86,69,29.29,0.9929,0.6277,0.281596,52,42,28,75.63,0.3065,0.1900,0.024699,4.439
532451,520,355,875,247,16,219,334.89,0.9928,0.6187,0.252623,15,50,7,140.24,0.9642,0.1783,0.023980,4.091
532461,520,464,984,181,3,243,312.67,0.9976,0.5207,0.163611,4,6,23,272.64,0.6310,0.0470,0.002179,4.094
532484,520,348,868,250,43,205,339.37,0.9713,0.6267,0.264627,25,13,126,272.48,0.9778,0.1884,0.020007,4.494
532520,520,454,974,230,0,98,8.23,1.0000,0.5271,0.177078,12,14,28,276.60,0.3886,0.0736,0.004761,4.147
532526,520,362,882,231,90,132,4.89,0.7734,0.6062,0.259698,57,33,52,334.67,0.3840,0.1841,0.022056,4.298
532529,520,397,917,228,14,211,332.54,0.9885,0.5789,0.215137,29,33,23,125.54,0.2328,0.1368,0.014108,4.136
532549,520,391,911,243,62,130,3.19,0.8971,0.5949,0.241148,1,32,81,259.02,0.9769,0.1542,0.016335,4.389
532558,520,325,845,252,25,250,328.75,0.9934,0.6498,0.282959,56,37,88,298.34,0.5843,0.2146,0.028685,4.232
532559,520,335,855,254,74,161,355.32,0.9869,0.6378,0.285450,8,48,78,246.22,0.7974,0.1980,0.027154,4.348
532560,520,403,923,220,45,214,329.73,0.9371,0.5803,0.219496,16,24,72,270.69,0.7954,0.1337,0.012312,4.325
532580,520,379,899,254,10,156,353.79,0.9930,0.5985,0.236918,1,41,64,239.94,0.9488,0.1648,0.019624,4.121
532588,520,299,819,255,112,63,38.77,1.0000,0.6653,0.332106,36,59,44,155.03,0.4026,0.2286,0.036848,4.400
532591,520,341,861,255,18,217,337.13,1.0000,0.6326,0.267057,30,9,136,273.75,0.9859,0.2025,0.022488,4.374
532603,520,442,962,237,6,77,16.06,0.9945,0.5382,0.186738,22,12,29,310.18,0.4511,0.0799,0.005222,4.287
532632,520,476,996,204,73,29,37.49,0.9115,0.5133,0.176933,3,1,2,344.98,0.3863,0.0205,0.000455,4.498
532642,520,418,938,238,6,146,353.70,0.9922,0.5617,0.203858,33,14,56,300.89,0.7034,0.1161,0.009229,4.286
532654,520,375,895,239,45,186,342.33,0.9380,0.5978,0.237756,3,41,62,238.56,0.8700,0.1642,0.019529,4.139
532655,520,406,926,207,61,227,322.57,0.9075,0.5802,0.221506,32,8,83,287.56,0.9137,0.1342,0.011053,4.447
532656,520,473,993,142,74,253,295.00,0.9825,0.5250,0.177403,5,0,24,289.10,1.0000,0.0334,0.000982,4.460
532667,520,437,957,185,52,245,312.19,0.9484,0.5519,0.193639,45,0,7,16.73,1.0000,0.0891,0.005733,4.372
532671,520,464,984,170,72,207,315.39,0.7894,0.5215,0.176867,2,1,43,269.00,0.9900,0.0505,0.002090,4.355
532677,520,454,974,203,14,202,328.59,0.9773,0.5278,0.172767,35,0,19,350.52,1.0000,0.0729,0.004044,4.122
532678,520,435,955,198,18,245,316.78,0.9876,0.5533,0.190324,9,10,57,272.96,0.8974,0.0874,0.005705,4.314
532683,520,450,970,172,69,230,310.45,0.8666,0.5380,0.187409,3,16,15,189.51,0.5999,0.0657,0.004244,4.377
532706,520,469,989,227,18,50,23.09,0.9841,0.5154,0.169967,7,5,5,17.88,0.1060,0.0392,0.001647,4.259
532707,520,479,999,102,93,246,279.54,0.9333,0.5086,0.173068,0,0,4,264.05,1.0000,0.0106,0.000088,4.454
532718,520,431,951,187,66,227,316.32,0.8750,0.5542,0.200085,11,13,67,272.13,0.9081,0.1042,0.007642,4.339
532720,520,441,961,235,21,98,9.72,0.9718,0.5430,0.190835,7,15,53,268.62,0.8406,0.0912,0.006438,4.267
532723,520,345,865,255,90,30,37.82,1.0000,0.6309,0.286696,3,45,86,252.62,0.9159,0.1940,0.025679,4.449
532733,520,417,937,196,49,253,313.77,0.9890,0.5727,0.210255,18,21,68,274.36,0.7725,0.1248,0.010822,4.279
532737,520,469,989,215,4,161,343.69,0.9903,0.5229,0.171095,6,0,26,290.16,1.0000,0.0361,0.001133,4.324
532738,520,454,974,206,40,184,334.54,0.8925,0.5336,0.181021,25,11,1,63.53,0.8120,0.0716,0.004482,4.240
532756,520,346,866,248,8,231,332.21,0.9973,0.6264,0.259027,87,11,0,32.82,1.0000,0.1938,0.022659,4.253
532764,520,381,901,240,19,206,336.65,0.9866,0.5989,0.234501,70,13,27,11.01,0.7647,0.1634,0.016693,4.266
532765,520,463,983,190,57,200,324.93,0.8416,0.5304,0.180450,4,11,15,229.19,0.3819,0.0543,0.002996,4.348
532777,520,374,894,246,74,42,32.68,0.9552,0.5953,0.246609,48,36,3,88.27,0.8768,0.1641,0.018968,4.301
532795,520,381,901,249,51,140,359.65,0.9465,0.6006,0.244042,35,39,12,116.58,0.6255,0.1581,0.018349,4.302
532796,520,237,757,206,165,192,339.14,0.3602,0.7292,0.438387,29,78,70,180.92,0.6478,0.2945,0.061519,4.379
532816,520,374,894,236,45,205,336.16,0.9480,0.6028,0.241201,54,30,6,62.17,0.7470,0.1586,0.017261,4.329
532821,520,331,851,201,105,241,314.87,0.8798,0.6352,0.288727,53,46,31,85.75,0.2875,0.2028,0.028098,4.337
532822,520,467,987,179,68,194,322.74,0.7787,0.5210,0.176142,3,6,17,265.43,0.5226,0.0427,0.001901,4.357
532836,520,430,950,224,66,73,22.76,0.8657,0.5481,0.202274,33,17,6,55.26,0.5612,0.0966,0.007374,4.397
532841,520,335,855,196,113,231,315.00,0.7951,0.6352,0.293166,1,51,65,222.60,0.9701,0.1963,0.027556,4.425
532844,520,311,831,243,102,170,352.88,0.8463,0.6566,0.314625,32,60,11,134.71,0.9240,0.2222,0.035629,4.258
532850,520,363,883,250,12,195,341.75,0.9932,0.6097,0.245304,32,7,111,279.31,0.9728,0.1682,0.016067,4.470
532853,520,350,870,252,17,220,335.74,0.9934,0.6286,0.262669,46,12,115,287.14,0.9342,0.1923,0.020816,4.415
532861,520,466,986,224,39,63,21.30,0.9411,0.5218,0.176600,0,5,38,263.08,1.0004,0.0526,0.002485,4.317
532865,520,145,665,239,203,105,89.47,0.7745,0.8296,0.620839,13,104,8,142.27,0.9933,0.3646,0.100033,4.471
532867,520,367,887,233,68,196,338.43,0.8868,0.6110,0.254460,42,24,89,290.00,0.7580,0.1741,0.018668,4.434
532900,520,459,979,170,75,217,312.47,0.8086,0.5328,0.185888,11,13,5,118.79,0.3801,0.0615,0.003700,4.393
532907,520,452,972,188,83,153,342.25,0.6455,0.5327,0.191792,0,14,41,257.21,0.9999,0.0738,0.004741,4.417
532908,520,326,846,202,125,203,326.49,0.6197,0.6486,0.315368,3,54,74,230.96,0.9190,0.2118,0.031519,4.482
532909,520,474,994,228,20,44,24.62,0.9836,0.5176,0.171791,11,1,1,24.44,0.7759,0.0306,0.000951,4.353
532911,520,229,749,250,149,148,20.85,0.8654,0.7381,0.439596,19,81,14,142.03,0.9774,0.2876,0.060548,4.429
532917,520,388,908,216,105,55,43.17,0.8025,0.5876,0.249801,40,36,2,102.79,0.9119,0.1536,0.017173,4.463
532923,520,477,997,170,79,179,323.95,0.6834,0.5128,0.173937,1,2,0,126.59,1.0000,0.0203,0.000499,4.435
532924,520,461,981,218,64,6,36.41,0.9892,0.5276,0.185879,8,9,5,117.94,0.2290,0.0499,0.002580,4.486
532927,520,425,945,198,16,248,316.15,0.9900,0.5552,0.191551,51,8,6,27.81,0.8493,0.1132,0.008907,4.101
532957,520,474,994,198,38,180,333.53,0.8818,0.5154,0.166891,4,2,2,18.81,0.2281,0.0257,0.000736,4.275
532973,520,422,942,241,1,141,355.83,0.9988,0.5647,0.206488,26,25,27,308.25,0.0479,0.1131,0.009940,4.279
532993,520,391,911,215,71,212,328.75,0.8679,0.5932,0.237090,67,7,17,17.83,0.8666,0.1480,0.013859,4.496
532994,520,279,799,202,136,243,311.36,0.8358,0.6902,0.366368,18,60,101,251.23,0.7484,0.2529,0.042997,4.477
532998,520,377,897,216,70,218,327.35,0.8843,0.5975,0.240432,60,24,10,40.96,0.7040,0.1568,0.016360,4.377
533010,520,416,936,206,8,250,317.90,0.9959,0.5681,0.201993,50,10,13,20.09,0.7366,0.1153,0.009244,4.253
533016,520,373,893,229,65,191,338.89,0.8770,0.5986,0.242027,39,40,6,111.04,0.7945,0.1645,0.019621,4.195
533026,520,343,863,222,97,194,337.02,0.7701,0.6269,0.279761,59,39,21,61.99,0.4794,0.1904,0.024351,4.435
533032,520,478,998,226,27,0,30.69,1.0000,0.5135,0.169555,2,0,6,302.89,1.0000,0.0170,0.000261,4.368
533070,520,357,877,194,116,193,327.45,0.5973,0.6165,0.278115,46,42,30,91.81,0.2336,0.1830,0.023305,4.476
533071,520,392,912,253,33,98,12.78,0.9859,0.5851,0.228559,4,40,38,189.51,0.8596,0.1481,0.016833,4.168
533097,520,433,953,175,107,137,352.28,0.4281,0.5482,0.214365,2,29,14,156.27,0.9497,0.1031,0.009233,4.463
533105,520,405,925,226,30,205,333.66,0.9637,0.5769,0.215075,15,34,24,159.55,0.5024,0.1289,0.013115,4.200
533126,520,188,708,241,174,197,356.76,0.6702,0.7906,0.530058,21,93,51,152.91,0.9378,0.3348,0.082268,4.385
533127,520,475,995,223,13,126,357.52,0.9730,0.5249,0.174849,4,1,16,292.19,0.8206,0.0295,0.000849,4.422
533135,520,401,921,231,80,51,32.92,0.8988,0.5752,0.229681,4,30,66,257.21,0.8645,0.1365,0.013476,4.406
533140,520,444,964,233,41,19,30.58,0.9802,0.5373,0.189596,26,15,1,76.48,0.8535,0.0813,0.005635,4.307
533181,520,407,927,251,22,30,27.69,0.9902,0.5661,0.211805,32,1,87,287.34,0.9895,0.1310,0.010169,4.351
533192,520,480,1000,157,88,180,317.13,0.6227,0.5093,0.174435,0,0,0,0.00,0.0000,0.0000,0.000000,4.489
533244,520,297,817,237,133,87,43.85,0.7913,0.6760,0.354702,8,66,39,157.20,0.9521,0.2371,0.040944,4.450
533248,520,418,938,212,24,218,326.76,0.9725,0.5582,0.197143,51,12,26,1.55,0.6580,0.1239,0.010414,4.091
533261,520,358,878,250,23,206,338.89,0.9869,0.6185,0.253962,51,25,78,303.41,0.6751,0.1772,0.019492,4.374
533262,520,468,988,160,83,206,310.76,0.7376,0.5225,0.181170,18,1,5,2.79,0.7805,0.0415,0.001613,4.479
533282,520,272,792,254,126,134,17.76,0.9732,0.6995,0.377168,44,69,11,130.53,0.9198,0.2603,0.048158,4.352
533283,520,469,989,183,53,205,321.39,0.8579,0.5187,0.170225,0,4,31,262.72,1.0001,0.0441,0.001857,4.247
533290,520,452,972,208,57,142,350.56,0.7987,0.5294,0.182913,24,4,28,321.05,0.7117,0.0672,0.003649,4.341
533311,520,199,719,245,168,163,23.43,0.7539,0.7727,0.500641,0,91,2,142.71,1.0000,0.3174,0.074862,4.410
533326,520,423,943,208,88,131,0.29,0.6694,0.5640,0.220300,6,31,25,174.79,0.7171,0.1150,0.010888,4.439
533370,520,384,904,247,69,40,31.94,0.9623,0.5916,0.241870,34,33,40,291.98,0.1269,0.1485,0.015810,4.435
533386,520,469,989,170,65,222,311.97,0.8529,0.5241,0.176014,11,4,9,335.87,0.3845,0.0421,0.001777,4.365
533399,520,211,731,250,166,100,57.64,0.8877,0.7615,0.485190,22,82,89,206.33,0.7521,0.3130,0.069261,4.488
533401,520,218,738,246,154,185,358.38,0.7830,0.7534,0.462090,47,81,16,133.47,0.9284,0.3017,0.065265,4.443
533439,520,397,917,255,34,47,25.97,1.0000,0.5811,0.226131,52,11,55,324.99,0.7409,0.1402,0.012453,4.421
533444,520,471,991,227,26,30,27.62,0.9797,0.5166,0.171664,9,4,16,304.68,0.5204,0.0431,0.001823,4.277
533451,520,461,981,216,39,144,350.55,0.8819,0.5304,0.180660,21,1,3,15.37,0.8454,0.0453,0.001877,4.446
533495,520,426,946,215,83,116,7.99,0.7208,0.5637,0.218968,30,24,25,6.60,0.1122,0.1142,0.009995,4.483
533507,520,380,900,241,22,202,337.95,0.9831,0.5994,0.235418,52,32,6,69.75,0.7526,0.1602,0.017763,4.212
533514,520,458,978,197,21,219,322.52,0.9719,0.5320,0.175227,14,12,3,99.61,0.5294,0.0613,0.003629,4.200
533537,520,260,780,213,138,246,314.87,0.8873,0.7088,0.389780,27,65,95,245.11,0.6197,0.2667,0.048396,4.469
533539,520,192,712,249,168,161,24.87,0.8303,0.7772,0.507204,53,86,31,134.69,0.8037,0.3238,0.075112,4.454
533542,520,378,898,238,74,145,358.04,0.8485,0.6031,0.251219,46,30,57,310.47,0.4349,0.1649,0.018048,4.427
533543,520,432,952,244,7,59,21.51,0.9958,0.5502,0.197043,0,29,13,156.39,1.0000,0.1017,0.009077,4.182
533544,520,477,997,211,59,40,30.67,0.9105,0.5102,0.171324,4,2,0,82.32,1.0000,0.0247,0.000692,4.366
533564,520,272,792,238,136,144,15.57,0.7218,0.6957,0.378014,15,70,56,171.91,0.8515,0.2579,0.047672,4.382
533565,520,430,950,218,35,175,340.42,0.9187,0.5472,0.192050,9,21,42,260.79,0.5842,0.0971,0.007615,4.201
533566,520,453,973,176,78,193,321.50,0.7336,0.5290,0.185302,24,10,5,43.74,0.4858,0.0694,0.004223,4.340
533570,520,397,917,240,69,18,35.12,0.9804,0.5766,0.228284,25,22,76,278.98,0.7694,0.1403,0.013023,4.416
533571,520,342,862,252,21,216,336.75,0.9907,0.6273,0.261929,42,18,108,285.50,0.8890,0.1859,0.020075,4.451
533574,520,443,963,205,21,213,326.21,0.9714,0.5413,0.183214,8,6,54,274.10,0.9296,0.0769,0.004482,4.281
533576,520,327,847,238,94,192,342.19,0.8577,0.6471,0.299909,31,46,82,265.53,0.5279,0.2067,0.028544,4.455
533597,520,385,905,251,22,144,357.21,0.9795,0.5908,0.231002,64,1,51,338.86,0.9307,0.1494,0.013509,4.425
533601,520,352,872,231,43,242,325.59,0.9723,0.6165,0.251298,9,53,6,142.03,0.9790,0.1863,0.026173,3.955
533602,520,451,971,225,43,105,7.37,0.8975,0.5364,0.187580,34,4,4,24.97,0.8175,0.0737,0.004357,4.371
533612,520,321,841,246,41,249,327.55,0.9836,0.6454,0.280211,5,9,148,265.22,0.9951,0.2082,0.023655,4.483
533620,520,426,946,189,75,215,319.67,0.8214,0.5591,0.207585,40,6,54,313.82,0.8073,0.1134,0.008478,4.405
533651,520,378,898,237,20,222,331.89,0.9883,0.6037,0.237815,62,22,11,36.25,0.7214,0.1570,0.016223,4.346
533662,520,478,998,155,49,253,301.37,0.9882,0.5138,0.162575,3,1,9,297.22,0.7058,0.0244,0.000608,4.200
533666,520,316,836,242,63,255,325.03,1.0000,0.6571,0.296548,102,5,2,29.56,0.9863,0.2241,0.029382,4.366
533667,520,325,845,242,79,228,331.57,0.9404,0.6549,0.300733,16,41,109,264.69,0.8775,0.2096,0.028000,4.497
533680,520,433,953,232,62,5,35.09,0.9938,0.5530,0.206150,24,20,19,34.31,0.0893,0.0953,0.007415,4.461
533686,520,363,883,236,2,240,327.45,0.9992,0.6102,0.241702,16,32,94,267.22,0.8691,0.1736,0.019512,4.196
533698,520,457,977,229,41,60,22.71,0.9459,0.5331,0.185731,4,7,39,270.38,0.8714,0.0611,0.003242,4.428
533711,520,431,951,162,74,251,302.15,0.9656,0.5478,0.195444,39,15,13,26.16,0.5128,0.1035,0.008021,4.230
533712,520,391,911,244,68,86,19.99,0.9241,0.5911,0.240425,9,29,83,264.56,0.8831,0.1524,0.015612,4.426
533714,520,409,929,217,60,185,337.50,0.8527,0.5698,0.214884,37,10,67,299.93,0.8156,0.1258,0.010157,4.403
533722,520,280,800,225,135,196,340.08,0.6752,0.6942,0.373228,5,63,95,240.41,0.8966,0.2537,0.044133,4.496
533726,520,447,967,205,6,218,325.03,0.9933,0.5410,0.181732,16,14,27,290.38,0.3447,0.0765,0.005034,4.211
533736,520,432,952,151,92,243,297.66,0.8806,0.5534,0.207048,17,8,69,278.35,0.9211,0.1033,0.007225,4.492
533744,520,406,926,222,25,223,328.04,0.9782,0.5795,0.215548,58,3,38,347.40,0.8390,0.1318,0.011048,4.350
533755,520,424,944,241,30,91,13.35,0.9641,0.5574,0.203880,4,31,5,143.90,0.9639,0.1088,0.010167,4.220
533767,520,403,923,235,8,198,337.60,0.9932,0.5825,0.219158,38,16,59,304.37,0.6887,0.1285,0.010984,4.414
533773,520,409,929,235,76,3,38.19,0.9960,0.5747,0.228406,18,30,41,246.94,0.3475,0.1263,0.012172,4.478
533790,520,417,937,195,55,240,316.14,0.9299,0.5656,0.206271,33,22,42,308.68,0.4024,0.1214,0.010643,4.226
533814,520,476,996,196,54,148,344.67,0.7870,0.5073,0.165140,0,1,17,263.76,1.0019,0.0249,0.000622,4.250
533819,520,378,898,250,69,47,30.61,0.9750,0.5980,0.247890,52,32,24,42.60,0.3612,0.1635,0.018291,4.362
533823,520,398,918,252,42,11,31.03,0.9929,0.5771,0.223793,43,13,69,304.31,0.7816,0.1398,0.012311,4.394
533838,520,381,901,246,17,184,343.98,0.9868,0.5975,0.234576,34,7,106,281.89,0.9644,0.1636,0.015326,4.356
533854,520,358,878,239,96,81,28.73,0.8817,0.6161,0.273135,18,50,10,139.93,0.9412,0.1801,0.024316,4.348
533864,520,429,949,230,47,100,10.43,0.9016,0.5479,0.197790,17,4,73,278.14,0.9659,0.1024,0.006870,4.357
533866,520,447,967,236,23,41,25.71,0.9840,0.5355,0.186090,20,11,31,303.10,0.5082,0.0769,0.004870,4.303
533875,520,430,950,189,52,232,316.35,0.9189,0.5476,0.191023,30,9,49,304.39,0.7403,0.0989,0.006932,4.234
533892,520,225,745,232,158,196,347.51,0.6350,0.7471,0.455967,38,81,33,141.66,0.8581,0.2983,0.064065,4.436
533900,520,399,919,254,32,14,29.91,0.9965,0.5758,0.221394,1,37,52,230.65,0.9447,0.1447,0.015774,4.126
533905,520,419,939,251,5,10,28.82,0.9982,0.5608,0.206434,1,7,83,264.86,0.9869,0.1095,0.007829,4.434
533915,520,453,973,188,53,212,321.05,0.8774,0.5318,0.179924,20,12,6,60.45,0.3600,0.0686,0.004248,4.238
533921,520,448,968,202,16,215,324.93,0.9796,0.5359,0.178352,9,6,59,273.98,0.9421,0.0830,0.005041,4.149
533924,520,459,979,147,80,239,298.53,0.8808,0.5270,0.181726,11,10,9,68.55,0.0501,0.0559,0.003080,4.366
533931,520,449,969,180,70,215,316.89,0.8265,0.5395,0.189910,12,13,19,277.46,0.1889,0.0669,0.004130,4.432
533937,520,474,994,186,5,231,316.74,0.9948,0.5188,0.163185,1,4,0,134.81,1.0000,0.0275,0.000933,4.186
533965,520,387,907,243,78,1,38.10,0.9989,0.5923,0.245089,36,33,39,307.94,0.1151,0.1502,0.016093,4.465
533982,520,434,954,237,6,121,1.77,0.9920,0.5501,0.195184,14,21,42,268.42,0.4975,0.1003,0.007968,4.230
533991,520,477,997,193,52,169,335.83,0.8089,0.5112,0.166597,1,1,13,274.04,0.8863,0.0237,0.000572,4.283
534000,520,359,879,246,8,222,333.92,0.9967,0.6172,0.250434,54,25,82,304.14,0.6956,0.1847,0.020888,4.238
534006,520,211,731,242,148,245,325.90,0.9359,0.7624,0.466515,13,87,55,158.75,0.9503,0.3138,0.071775,4.242
534013,520,399,919,230,24,206,334.34,0.9762,0.5823,0.219351,61,15,15,24.05,0.7461,0.1445,0.013684,4.229
534036,520,424,944,229,22,176,342.57,0.9667,0.5625,0.203691,7,23,49,259.38,0.7001,0.1061,0.008797,4.315
534037,520,477,997,217,36,71,17.82,0.9305,0.5068,0.164710,0,1,16,263.65,1.0015,0.0242,0.000591,4.244
534053,520,375,895,250,44,154,354.71,0.9578,0.6031,0.244619,45,23,66,305.09,0.6277,0.1557,0.015641,4.488
534059,520,343,863,238,41,242,327.29,0.9777,0.6272,0.261764,35,47,41,163.23,0.2050,0.1898,0.025504,4.129
534070,520,409,929,216,82,123,4.54,0.7264,0.5663,0.220658,6,25,72,263.65,0.8908,0.1307,0.012018,4.364
534079,520,407,927,254,10,16,28.60,0.9967,0.5684,0.213292,35,23,48,305.02,0.4577,0.1298,0.011835,4.258
534081,520,368,888,238,89,103,18.16,0.8458,0.6089,0.263041,1,48,28,159.35,0.9889,0.1701,0.022041,4.345
534113,520,340,860,255,59,196,343.37,1.0000,0.6417,0.283768,60,41,10,76.04,0.7279,0.1952,0.025686,4.410
534126,520,444,964,163,85,223,307.35,0.7972,0.5419,0.196118,30,11,3,47.54,0.6779,0.0794,0.005220,4.457
534176,520,462,982,182,23,247,311.81,0.9810,0.5313,0.172744,18,3,6,5.44,0.5922,0.0469,0.002069,4.278
534177,520,468,988,205,2,189,332.72,0.9958,0.5200,0.166987,0,9,7,181.61,1.0000,0.0431,0.002107,4.164
534190,520,407,927,250,10,96,11.95,0.9927,0.5706,0.213892,4,33,42,222.20,0.7868,0.1280,0.012806,4.202
534200,520,367,887,224,53,239,324.40,0.9541,0.6094,0.246276,32,7,110,279.53,0.9719,0.1669,0.015848,4.499
534216,520,237,757,223,170,52,82.93,0.8432,0.7299,0.446870,35,81,7,137.08,0.9819,0.2938,0.062573,4.414
534225,520,451,971,140,92,236,294.70,0.8384,0.5352,0.192859,11,15,21,258.35,0.2171,0.0716,0.004669,4.442
534226,520,292,812,229,136,125,27.47,0.6641,0.6777,0.357491,41,63,33,137.75,0.5606,0.2420,0.041362,4.460
534243,520,434,954,209,85,91,20.12,0.7147,0.5493,0.208098,9,22,40,256.81,0.5497,0.0983,0.007851,4.461
534249,520,384,904,255,43,78,19.67,1.0000,0.5905,0.235416,10,28,84,265.54,0.8868,0.1515,0.015350,4.367
534250,520,462,982,224,36,97,9.49,0.9213,0.5274,0.179749,10,9,12,301.06,0.1140,0.0539,0.002864,4.346
534256,520,14,534,253,249,232,95.96,0.7762,0.9775,0.944604,36,130,107,172.71,0.8429,0.4744,0.174011,4.440
534259,520,392,912,226,41,224,328.70,0.9594,0.5947,0.231388,45,11,82,299.35,0.8528,0.1528,0.014065,4.392
534268,520,449,969,224,53,88,14.89,0.8799,0.5380,0.191008,11,10,38,280.01,0.6742,0.0714,0.004282,4.440
534289,520,298,818,236,130,82,44.16,0.7963,0.6682,0.344098,13,63,50,171.58,0.8463,0.2319,0.038707,4.443
534290,520,426,946,183,69,242,311.32,0.9203,0.5631,0.207353,4,24,53,257.23,0.8111,0.1101,0.009361,4.335
534326,520,444,964,217,53,130,357.14,0.8333,0.5375,0.189120,11,21,1,129.33,0.9397,0.0814,0.006097,4.263
534337,520,476,996,213,3,139,350.54,0.9912,0.5078,0.160777,1,0,17,274.34,1.0000,0.0228,0.000469,4.176
534352,520,425,945,246,27,12,29.71,0.9916,0.5565,0.204068,39,6,47,319.09,0.7768,0.1062,0.007669,4.406
534364,520,312,832,251,81,196,343.35,0.9647,0.6550,0.303827,39,59,15,130.42,0.8253,0.2245,0.035937,4.117
534382,520,449,969,218,34,158,345.93,0.9098,0.5378,0.185205,13,3,46,285.14,0.9076,0.0671,0.003479,4.398
534390,520,355,875,253,14,205,339.75,0.9936,0.6211,0.256078,24,29,97,272.61,0.8504,0.1752,0.019359,4.413
534409,520,465,985,149,69,250,298.41,0.9620,0.5243,0.175482,22,1,14,343.45,0.7966,0.0508,0.002240,4.316
534414,520,475,995,174,53,226,313.06,0.8968,0.5207,0.170368,5,3,1,77.32,0.4618,0.0297,0.000996,4.321
534427,520,437,957,186,60,233,314.85,0.9013,0.5510,0.195552,9,12,55,272.37,0.8647,0.0887,0.005968,4.387
534475,520,466,986,208,69,47,31.67,0.8703,0.5172,0.178736,2,6,33,266.92,0.8870,0.0523,0.002529,4.354
534488,520,400,920,240,55,105,10.98,0.9039,0.5755,0.222807,48,23,26,12.88,0.4122,0.1378,0.013158,4.319
534494,520,427,947,201,7,249,316.82,0.9960,0.5589,0.194106,46,6,8,22.17,0.8180,0.1008,0.007287,4.261
534499,520,427,947,226,30,182,340.17,0.9491,0.5634,0.204773,4,12,71,266.79,0.9573,0.1031,0.007436,4.436
534513,520,441,961,155,88,234,301.46,0.8364,0.5447,0.198889,6,13,59,268.62,0.9084,0.0926,0.006423,4.411
534531,520,358,878,236,37,242,326.84,0.9802,0.6218,0.255693,68,1,82,319.28,0.9710,0.1808,0.018600,4.456
534545,520,415,935,224,79,86,21.27,0.8084,0.5666,0.221137,33,27,21,66.98,0.1852,0.1242,0.011614,4.401
534585,520,425,945,240,23,123,2.14,0.9687,0.5615,0.205713,40,6,53,314.68,0.8029,0.1126,0.008385,4.380
534597,520,443,963,240,23,3,30.03,0.9976,0.5418,0.191480,14,20,7,128.63,0.4878,0.0823,0.006090,4.305
534598,520,391,911,241,29,172,346.62,0.9642,0.5861,0.225611,7,9,105,267.06,0.9871,0.1455,0.012604,4.402
534625,520,390,910,252,36,127,3.50,0.9751,0.5927,0.234931,16,24,86,270.20,0.8842,0.1482,0.014352,4.428
534640,520,432,952,180,70,224,314.55,0.8511,0.5461,0.194665,12,24,25,202.52,0.3105,0.0975,0.008016,4.217
534645,520,354,874,231,61,230,328.31,0.9409,0.6212,0.260419,27,43,63,254.53,0.4100,0.1826,0.023196,4.241
534646,520,480,1000,193,82,16,44.76,0.9319,0.5060,0.174113,0,0,0,0.00,0.0000,0.0000,0.000000,4.482
534652,520,375,895,156,110,252,295.11,0.9444,0.5964,0.252481,17,35,67,261.00,0.6274,0.1568,0.017264,4.497
534681,520,415,935,200,25,254,315.28,0.9954,0.5664,0.201318,54,7,12,19.79,0.8245,0.1192,0.009629,4.215
534685,520,309,829,252,74,216,337.32,0.9816,0.6598,0.305539,15,59,44,166.66,0.8025,0.2171,0.034112,4.227
534692,520,444,964,197,76,156,343.23,0.7080,0.5388,0.194412,4,20,17,180.51,0.6206,0.0780,0.005666,4.391
534711,520,387,907,215,73,195,333.95,0.8271,0.5854,0.231543,64,19,3,39.82,0.8920,0.1546,0.015625,4.290
534718,520,465,985,225,36,16,30.38,0.9819,0.5171,0.173096,3,10,10,195.60,0.4151,0.0493,0.002583,4.243
534721,520,465,985,215,17,142,350.22,0.9550,0.5167,0.168034,15,2,30,302.87,0.8280,0.0532,0.002387,4.162
534724,520,456,976,169,76,210,313.88,0.7832,0.5276,0.182579,5,5,44,272.79,0.9209,0.0625,0.003226,4.370
534735,520,402,922,218,68,188,336.99,0.8363,0.5811,0.226727,15,34,26,165.01,0.4768,0.1295,0.013202,4.378
534738,520,410,930,244,52,31,30.46,0.9682,0.5690,0.217914,6,35,24,164.69,0.8144,0.1274,0.013067,4.248
534740,520,472,992,188,56,195,325.80,0.8320,0.5228,0.174613,0,0,31,264.05,1.0000,0.0336,0.000989,4.405
534744,520,396,916,235,67,97,15.17,0.8664,0.5753,0.225425,61,11,30,1.86,0.7337,0.1436,0.013253,4.354
534746,520,395,915,238,17,199,338.05,0.9863,0.5906,0.227044,12,29,67,263.61,0.7457,0.1385,0.013621,4.355
534760,520,388,908,222,4,240,324.13,0.9980,0.5864,0.219099,4,23,96,264.87,0.9537,0.1524,0.014830,4.151
534775,520,376,896,195,107,182,332.80,0.6082,0.5965,0.254962,21,44,11,137.42,0.8722,0.1619,0.019849,4.366
534778,520,361,881,223,82,218,329.22,0.8724,0.6220,0.267866,0,53,14,147.25,1.0000,0.1843,0.025778,4.195
534783,520,401,921,236,77,27,36.27,0.9609,0.5788,0.232228,53,24,0,57.64,1.0000,0.1428,0.014103,4.403
534789,520,387,907,235,43,195,338.71,0.9425,0.5941,0.233328,36,36,9,109.12,0.6650,0.1499,0.016566,4.256
534793,520,398,918,215,14,251,319.93,0.9937,0.5849,0.217281,7,9,99,267.38,0.9848,0.1371,0.011413,4.352
534802,520,344,864,249,85,136,5.23,0.9188,0.6324,0.284175,41,45,42,153.42,0.0717,0.1900,0.025153,4.447
534803,520,362,882,222,112,35,50.14,0.8934,0.6080,0.272416,21,47,35,162.38,0.5383,0.1774,0.023137,4.408
534810,520,334,854,229,70,247,323.47,0.9660,0.6371,0.277559,27,35,105,271.79,0.8288,0.1980,0.024549,4.394
534823,520,441,961,155,96,211,305.49,0.7061,0.5409,0.200379,5,20,32,243.61,0.5958,0.0857,0.006368,4.442
534839,520,292,812,254,119,105,27.93,0.9854,0.6813,0.352876,60,58,6,107.22,0.8890,0.2414,0.040000,4.476
534847,520,408,928,180,77,239,310.46,0.8938,0.5660,0.212439,53,8,49,331.90,0.7609,0.1344,0.011524,4.266
534855,520,365,885,230,53,232,327.62,0.9528,0.6146,0.251978,63,19,46,345.76,0.6338,0.1652,0.017199,4.494
534869,520,466,986,190,80,132,353.28,0.6436,0.5222,0.183520,16,2,26,310.02,0.7926,0.0515,0.002282,4.467
534873,520,361,881,231,61,234,327.30,0.9452,0.6238,0.262693,75,22,22,23.70,0.7183,0.1844,0.021278,4.387
534896,520,352,872,231,35,246,324.75,0.9814,0.6152,0.248472,57,28,74,311.28,0.6125,0.1878,0.021948,4.148
534907,520,442,962,200,50,203,327.21,0.8823,0.5427,0.188741,31,4,29,330.86,0.7320,0.0782,0.004669,4.367
534929,520,189,709,249,161,202,350.54,0.8544,0.7767,0.498959,41,87,15,136.93,0.9614,0.3175,0.073221,4.455
534951,520,423,943,227,74,55,30.35,0.8876,0.5606,0.215070,1,33,9,148.96,0.9891,0.1146,0.011138,4.336
534964,520,425,945,224,39,172,342.95,0.9153,0.5591,0.202794,1,22,64,260.39,0.9676,0.1134,0.009504,4.248
534970,520,378,898,178,105,227,309.83,0.7695,0.5960,0.251149,10,41,45,207.07,0.6634,0.1570,0.018398,4.403
534985,520,330,850,239,89,189,343.20,0.8667,0.6409,0.291723,45,45,72,283.24,0.3517,0.2093,0.029025,4.324
535020,520,341,861,255,50,182,347.21,1.0000,0.6285,0.269220,11,58,2,140.63,0.9937,0.2040,0.031015,3.940
535039,520,319,839,191,149,91,74.31,0.5415,0.6474,0.333276,17,62,6,140.30,0.9815,0.2205,0.035774,4.468
535061,520,426,946,209,34,223,324.63,0.9575,0.5611,0.200289,45,12,6,33.12,0.7443,0.1073,0.008341,4.290
535062,520,463,983,178,25,254,309.16,0.9952,0.5323,0.173169,7,4,26,285.93,0.7182,0.0471,0.002066,4.286
535082,520,445,965,243,4,4,29.12,0.9984,0.5431,0.191538,5,17,34,255.93,0.6188,0.0793,0.005486,4.353
535095,520,428,948,245,26,68,20.21,0.9794,0.5593,0.205721,37,11,39,324.73,0.6330,0.1046,0.007792,4.425
535097,520,456,976,144,88,234,297.23,0.8365,0.5315,0.188494,4,16,9,159.24,0.5995,0.0647,0.004161,4.403
535099,520,475,995,220,45,41,27.69,0.9424,0.5151,0.172552,10,0,0,29.23,1.0000,0.0255,0.000645,4.394
535100,520,319,839,236,97,186,344.10,0.8296,0.6451,0.299299,81,33,46,5.09,0.5441,0.2212,0.030346,4.347
535107,520,467,987,150,81,218,303.90,0.7857,0.5151,0.174312,1,0,38,267.33,1.0000,0.0419,0.001464,4.359
535122,520,467,987,218,53,1,34.39,0.9984,0.5157,0.174564,18,1,10,345.98,0.7714,0.0434,0.001722,4.342
535123,520,466,986,145,72,244,297.81,0.9224,0.5178,0.171863,10,8,16,296.10,0.2865,0.0533,0.002756,4.205
535133,520,337,857,253,53,211,338.56,0.9882,0.6416,0.281352,19,44,93,262.09,0.7534,0.2031,0.027300,4.287
535148,520,334,854,250,22,237,331.25,0.9927,0.6369,0.270153,55,41,50,340.01,0.2074,0.1990,0.026284,4.197
535158,520,270,790,253,100,234,332.86,0.9897,0.6997,0.359403,59,49,107,288.36,0.5707,0.2586,0.041879,4.456
535173,520,411,931,189,73,233,315.10,0.8802,0.5695,0.214682,6,21,68,265.25,0.8920,0.1178,0.009923,4.417
535178,520,418,938,208,34,225,323.87,0.9586,0.5609,0.199920,23,16,68,281.84,0.7946,0.1195,0.009701,4.186
535191,520,432,952,234,47,42,27.93,0.9527,0.5455,0.196957,13,22,46,266.62,0.5594,0.1049,0.008566,4.217
535195,520,378,898,250,37,150,355.66,0.9597,0.5975,0.238526,38,10,94,288.26,0.9145,0.1561,0.014373,4.482
535200,520,472,992,172,12,250,308.47,0.9916,0.5152,0.159366,2,2,14,277.60,0.7241,0.0290,0.000880,4.115
535211,520,313,833,252,53,239,331.19,0.9884,0.6562,0.294767,18,24,141,268.09,0.9734,0.2179,0.027047,4.475
535230,520,357,877,227,74,212,332.10,0.8858,0.6160,0.259842,79,12,33,7.85,0.7987,0.1833,0.020353,4.404
535231,520,473,993,214,20,153,346.28,0.9470,0.5211,0.170987,1,1,20,271.09,0.9535,0.0285,0.000787,4.351
535232,520,431,951,235,44,70,20.61,0.9414,0.5491,0.199088,48,3,12,14.13,0.8692,0.1012,0.007202,4.355
535242,520,384,904,204,66,234,319.79,0.9071,0.5852,0.226759,21,5,109,273.18,0.9880,0.1546,0.013720,4.343
535251,520,396,916,251,41,88,16.26,0.9741,0.5831,0.228033,19,32,58,262.99,0.5265,0.1433,0.014769,4.293
535265,520,422,942,225,49,145,352.87,0.8712,0.5553,0.202511,26,17,56,289.52,0.6654,0.1131,0.009060,4.275
535269,520,14,534,250,249,233,103.88,0.6410,0.9751,0.939587,82,128,0,130.23,1.0000,0.4731,0.172318,4.451
535272,520,440,960,197,74,180,333.55,0.7546,0.5487,0.200648,43,2,22,355.05,0.8331,0.0928,0.006150,4.464
535280,520,291,811,230,132,141,14.66,0.6558,0.6759,0.352508,1,65,70,203.53,0.9829,0.2440,0.042290,4.361
535290,520,329,849,247,66,232,331.75,0.9659,0.6532,0.294996,82,30,14,37.43,0.7692,0.2099,0.027544,4.449
535291,520,346,866,233,74,219,331.71,0.9093,0.6299,0.273381,5,54,1,141.57,0.9969,0.1879,0.026727,4.215
535296,520,143,663,234,185,248,318.63,0.8876,0.8250,0.589686,41,98,44,144.53,0.8798,0.3575,0.093883,4.446
535310,520,292,812,252,104,183,350.01,0.9543,0.6791,0.340180,65,55,34,85.11,0.3633,0.2432,0.039718,4.349
535319,520,464,984,136,87,227,295.52,0.8074,0.5150,0.175968,19,4,13,343.46,0.5569,0.0529,0.002544,4.301
535321,520,443,963,164,83,229,306.55,0.8282,0.5448,0.197367,9,18,20,213.00,0.2752,0.0772,0.005412,4.464
535370,520,359,879,237,52,222,331.89,0.9524,0.6194,0.257371,42,19,102,287.07,0.8611,0.1803,0.019173,4.444
535385,520,467,987,152,67,248,299.99,0.9506,0.5238,0.174673,0,4,27,261.83,1.0000,0.0409,0.001660,4.349
535388,520,464,984,195,39,187,330.52,0.8845,0.5152,0.166427,15,2,21,315.66,0.7484,0.0472,0.001991,4.163
535395,520,461,981,227,49,2,33.19,0.9975,0.5305,0.185348,5,10,17,252.73,0.3495,0.0537,0.002898,4.449
535404,520,460,980,222,38,120,0.72,0.8994,0.5319,0.182745,9,1,43,282.27,0.9689,0.0567,0.002542,4.430
535417,520,224,744,242,158,151,24.85,0.7362,0.7454,0.455675,16,82,59,164.64,0.9054,0.2990,0.064602,4.412
535423,520,352,872,181,129,189,321.98,0.4742,0.6230,0.291991,16,53,9,140.74,0.9598,0.1893,0.026760,4.455
535433,520,346,866,252,32,217,336.55,0.9853,0.6317,0.267414,18,39,96,265.14,0.8197,0.1928,0.024240,4.275
535461,520,444,964,198,57,198,327.98,0.8484,0.5423,0.190109,28,2,44,309.21,0.8834,0.0809,0.004722,4.388
535467,520,420,940,182,58,254,309.08,0.9933,0.5602,0.201279,41,13,37,333.22,0.5946,0.1129,0.008929,4.264
535471,520,426,946,244,10,92,12.43,0.9914,0.5571,0.202263,33,9,61,299.44,0.8064,0.1134,0.008556,4.308
535480,520,477,997,207,51,113,1.79,0.8168,0.5103,0.168275,0,2,11,258.21,1.0000,0.0247,0.000676,4.307
535483,520,455,975,231,26,36,26.70,0.9800,0.5257,0.178582,2,5,47,267.29,0.9596,0.0631,0.003267,4.291
535485,520,439,959,203,31,223,323.05,0.9594,0.5494,0.190059,26,5,54,296.95,0.8532,0.0922,0.005945,4.291
535538,520,430,950,242,15,69,19.12,0.9890,0.5494,0.196520,17,18,42,279.24,0.5175,0.0956,0.007189,4.311
535540,520,376,896,254,13,161,352.32,0.9923,0.6012,0.239355,29,22,91,279.17,0.8418,0.1596,0.015903,4.391
535545,520,402,922,253,43,35,28.73,0.9921,0.5811,0.227355,42,25,28,7.81,0.2871,0.1336,0.012714,4.423
535560,520,386,906,250,65,10,34.39,0.9924,0.5918,0.241301,17,43,1,135.76,0.9905,0.1548,0.018491,4.253
535563,520,443,963,234,37,56,23.55,0.9605,0.5402,0.191042,9,20,0,130.24,1.0000,0.0770,0.005584,4.337
535582,520,348,868,225,73,240,324.03,0.9370,0.6291,0.270660,86,5,24,16.03,0.9298,0.1902,0.021533,4.483
535611,520,438,958,216,13,204,331.43,0.9842,0.5524,0.192486,40,2,25,347.62,0.8168,0.0884,0.005648,4.358
535616,520,407,927,251,15,74,18.53,0.9911,0.5692,0.213490,27,29,30,228.96,0.0413,0.1260,0.012055,4.246
535617,520,466,986,209,70,72,23.48,0.8076,0.5243,0.184058,3,5,33,270.66,0.8767,0.0510,0.002377,4.469
535619,520,464,984,218,50,76,18.15,0.8880,0.5207,0.177110,0,6,32,261.14,1.0000,0.0496,0.002345,4.339
535635,520,406,926,251,20,124,3.56,0.9820,0.5831,0.224684,35,30,8,96.70,0.6209,0.1317,0.013034,4.358
535641,520,465,985,197,75,112,4.61,0.6889,0.5196,0.180742,14,7,16,318.88,0.3592,0.0548,0.002827,4.368
535646,520,291,811,242,95,232,330.47,0.9392,0.6754,0.328903,5,62,83,229.57,0.9003,0.2428,0.041018,4.163
535653,520,476,996,170,51,224,312.34,0.8963,0.5112,0.162964,3,0,16,290.10,1.0000,0.0250,0.000568,4.211
535655,520,320,840,250,92,167,354.29,0.9288,0.6536,0.307714,36,47,84,269.70,0.4963,0.2145,0.030481,4.445
535676,520,454,974,189,39,227,317.97,0.9398,0.5339,0.178172,14,8,36,288.68,0.6737,0.0687,0.003944,4.230
535680,520,416,936,198,88,180,334.20,0.6999,0.5694,0.222820,20,29,38,248.82,0.2698,0.1234,0.011674,4.424
535688,520,454,974,200,82,104,11.46,0.6719,0.5325,0.193153,11,13,32,276.77,0.5048,0.0731,0.004633,4.451
535689,520,356,876,253,47,175,348.80,0.9831,0.6196,0.260142,67,2,85,316.75,0.9523,0.1825,0.018927,4.500
535692,520,433,953,243,19,3,29.78,0.9977,0.5468,0.195305,21,4,69,283.43,0.9465,0.1012,0.006759,4.322
535693,520,410,930,225,69,129,1.20,0.8055,0.5682,0.218514,20,16,79,276.36,0.8844,0.1288,0.010838,4.414
535712,520,399,919,214,80,162,346.10,0.7476,0.5754,0.226442,0,38,42,205.29,1.0000,0.1418,0.015533,4.218
535739,520,265,785,237,118,252,323.03,0.9821,0.7107,0.379917,64,63,22,107.77,0.6571,0.2623,0.047030,4.431
535753,520,257,777,245,136,145,15.55,0.7979,0.7062,0.390677,64,64,41,108.10,0.3305,0.2688,0.049169,4.444
535761,520,305,825,234,94,240,326.06,0.9343,0.6666,0.317913,61,40,95,298.75,0.5910,0.2324,0.033359,4.414
535774,520,171,691,242,165,250,323.46,0.9579,0.7957,0.526912,40,88,92,202.65,0.5353,0.3403,0.082030,4.370
535775,520,357,877,254,12,198,341.79,0.9942,0.6188,0.254144,13,15,121,268.04,0.9812,0.1770,0.018075,4.468
535777,520,334,854,236,54,252,324.38,0.9889,0.6387,0.275019,67,15,93,311.10,0.8240,0.2010,0.023254,4.437
535778,520,376,896,178,100,245,306.18,0.8897,0.6003,0.251725,3,40,54,228.34,0.8714,0.1560,0.018032,4.435
535806,520,465,985,209,28,157,343.86,0.9138,0.5169,0.168223,0,7,30,259.22,1.0000,0.0503,0.002457,4.160
535814,520,450,970,158,75,251,300.71,0.9648,0.5440,0.192667,20,12,4,70.20,0.4864,0.0680,0.004204,4.477
535816,520,441,961,203,66,157,343.87,0.7652,0.5371,0.190292,39,9,13,15.10,0.6366,0.0934,0.006558,4.249
535834,520,468,988,96,96,255,276.61,1.0000,0.5178,0.180719,4,8,3,138.04,0.4618,0.0431,0.002060,4.432
535853,520,419,939,251,8,31,26.98,0.9969,0.5624,0.207856,33,19,41,312.34,0.4604,0.1144,0.009492,4.334
535859,520,364,884,253,32,172,349.22,0.9845,0.6102,0.248977,37,32,78,284.66,0.6028,0.1743,0.019764,4.286
535872,520,470,990,119,89,249,285.64,0.9457,0.5195,0.179059,11,4,6,357.44,0.3394,0.0410,0.001711,4.430
535877,520,452,972,180,58,225,314.98,0.8851,0.5338,0.181667,25,6,30,319.01,0.6575,0.0735,0.004307,4.266
535883,520,407,927,176,94,213,314.11,0.7366,0.5662,0.220404,19,31,46,254.48,0.3873,0.1327,0.013156,4.282
535913,520,435,955,240,30,63,21.46,0.9727,0.5499,0.198160,0,12,59,262.88,1.0002,0.0869,0.005787,4.448
535916,520,410,930,249,24,92,13.61,0.9794,0.5716,0.215693,41,7,74,300.70,0.8753,0.1347,0.011178,4.343
535933,520,424,944,237,12,145,353.92,0.9842,0.5605,0.203149,52,1,19,5.43,0.9340,0.1087,0.007989,4.365
535936,520,434,954,220,69,86,18.38,0.8228,0.5466,0.201463,48,0,8,16.57,1.0000,0.0957,0.006460,4.454
535952,520,426,946,199,35,239,318.10,0.9643,0.5572,0.195777,10,19,65,269.00,0.8559,0.1127,0.009119,4.157
535971,520,397,917,226,63,164,347.15,0.8421,0.5779,0.224066,61,7,19,13.67,0.8227,0.1355,0.011912,4.427
535983,520,373,893,237,17,225,331.16,0.9910,0.6048,0.238444,49,9,84,302.24,0.8734,0.1586,0.014885,4.445
535988,520,282,802,249,130,62,47.61,0.9337,0.6856,0.364558,33,64,59,182.47,0.4380,0.2478,0.043058,4.455
535998,520,337,857,234,83,218,332.30,0.8944,0.6407,0.287433,34,52,7,129.15,0.9022,0.1971,0.028114,4.320
536013,520,383,903,221,32,255,320.36,1.0000,0.6039,0.236272,47,6,84,301.01,0.9100,0.1526,0.013747,4.491
536026,520,408,928,223,60,166,345.52,0.8445,0.5706,0.216753,43,26,0,75.77,1.0000,0.1310,0.012524,4.266
536036,520,368,888,238,35,219,332.88,0.9730,0.6093,0.244964,20,38,66,258.93,0.5578,0.1659,0.019282,4.257
536081,520,198,718,190,178,249,291.72,0.8073,0.7661,0.496274,20,90,18,142.59,0.9766,0.3191,0.075044,4.369
536087,520,321,841,243,100,147,2.50,0.8354,0.6454,0.302785,36,57,5,129.77,0.9462,0.2146,0.033122,4.244
536091,520,373,893,247,51,142,358.60,0.9321,0.5975,0.240981,2,26,100,263.72,0.9779,0.1621,0.016717,4.361
536093,520,387,907,221,38,230,325.99,0.9646,0.5886,0.224737,51,14,67,313.65,0.7546,0.1514,0.014232,4.277
536096,520,269,789,224,143,162,4.58,0.5625,0.6951,0.381026,22,72,22,143.23,0.9458,0.2587,0.048631,4.370
536098,520,444,964,206,10,215,326.02,0.9884,0.5414,0.182471,37,2,24,345.91,0.8063,0.0824,0.005027,4.225
536107,520,454,974,212,73,62,28.12,0.8332,0.5321,0.191123,23,6,23,327.39,0.5807,0.0668,0.003743,4.487
536111,520,232,752,249,145,190,353.28,0.8588,0.7427,0.441107,20,81,44,152.52,0.9217,0.2927,0.062152,4.379
536115,520,466,986,196,85,69,30.31,0.7136,0.5220,0.186643,13,9,6,63.44,0.2060,0.0547,0.002941,4.470
536125,520,404,924,249,31,103,10.58,0.9678,0.5772,0.221025,43,22,31,353.13,0.3750,0.1297,0.011864,4.381
536129,520,370,890,228,65,216,331.22,0.9120,0.6111,0.252348,41,31,67,294.41,0.5116,0.1677,0.018566,4.410
536131,520,400,920,237,47,161,349.85,0.9140,0.5834,0.226137,27,1,100,279.14,0.9952,0.1429,0.011748,4.472
536134,520,398,918,232,66,138,358.58,0.8393,0.5811,0.228900,33,15,80,287.97,0.8318,0.1406,0.012442,4.467
536142,520,464,984,148,103,164,316.92,0.4548,0.5166,0.186772,1,10,24,251.14,0.7921,0.0539,0.002895,4.476
536148,520,376,896,241,46,177,345.55,0.9335,0.5976,0.238321,30,19,93,280.32,0.8707,0.1579,0.015320,4.414
536151,520,444,964,234,37,59,22.79,0.9590,0.5406,0.191344,12,18,21,229.78,0.1873,0.0798,0.005649,4.337
536154,520,433,953,199,72,188,331.38,0.7815,0.5540,0.204093,49,1,7,19.25,0.9643,0.0992,0.006901,4.466
536159,520,414,934,231,22,179,342.14,0.9695,0.5679,0.208202,42,16,31,346.21,0.5046,0.1165,0.009618,4.331
536167,520,456,976,183,11,246,312.50,0.9921,0.5283,0.169616,15,10,12,352.35,0.1541,0.0606,0.003452,4.109
536178,520,348,868,233,71,216,332.54,0.9100,0.6251,0.267904,42,43,43,197.08,0.0130,0.1858,0.023944,4.299
536182,520,465,985,212,17,159,343.75,0.9559,0.5192,0.169034,6,9,11,232.94,0.1562,0.0501,0.002583,4.166
536198,520,398,918,240,26,176,345.13,0.9695,0.5849,0.224017,35,13,82,289.61,0.8548,0.1424,0.012544,4.381
536218,520,476,996,217,32,84,12.85,0.9297,0.5072,0.164274,3,0,7,308.47,1.0000,0.0194,0.000347,4.256
536223,520,443,963,185,23,247,312.67,0.9814,0.5360,0.176436,19,16,17,355.44,0.0750,0.0796,0.005495,4.080
536225,520,372,892,241,21,221,333.06,0.9885,0.6105,0.244604,40,19,92,288.74,0.8264,0.1671,0.016895,4.404
536227,520,413,933,173,88,232,308.64,0.8341,0.5662,0.216906,10,32,16,150.52,0.7284,0.1175,0.011349,4.351
536230,520,347,867,254,21,209,338.96,0.9946,0.6270,0.262140,0,54,23,151.92,1.0000,0.1894,0.027001,4.054
536242,520,306,826,236,107,214,334.48,0.8721,0.6726,0.332056,70,47,49,13.31,0.2565,0.2339,0.035570,4.465
536244,520,369,889,238,36,225,331.38,0.9747,0.6135,0.248778,26,33,84,272.88,0.7053,0.1722,0.019473,4.301
536257,520,364,884,213,86,220,325.59,0.8469,0.6126,0.259708,60,32,1,63.82,0.9438,0.1723,0.019960,4.427
536259,520,466,986,170,76,199,317.43,0.7518,0.5213,0.178394,15,0,30,305.06,1.0000,0.0487,0.001953,4.396
536260,520,215,735,251,153,185,359.25,0.8672,0.7582,0.467969,35,84,17,138.81,0.9592,0.3046,0.067382,4.413
536278,520,306,826,212,126,212,327.02,0.6913,0.6681,0.336736,15,64,21,145.16,0.9549,0.2284,0.038223,4.384
536291,520,350,870,233,114,41,47.66,0.9043,0.6299,0.295210,1,54,34,161.54,0.9902,0.1925,0.027602,4.448
536299,520,427,947,241,0,131,359.06,1.0000,0.5606,0.203427,17,26,7,129.84,0.6365,0.1017,0.008733,4.315
536348,520,431,951,193,51,227,318.79,0.9155,0.5492,0.192525,17,24,28,233.32,0.1903,0.1025,0.008563,4.141
536351,520,296,816,241,90,254,324.49,0.9956,0.6810,0.331712,28,55,96,258.55,0.6212,0.2396,0.038236,4.326
536358,520,222,742,252,136,238,331.81,0.9830,0.7520,0.444792,42,68,123,263.50,0.6118,0.3032,0.060563,4.475
536369,520,479,999,216,33,100,6.81,0.9124,0.5101,0.166093,0,0,7,264.05,1.0000,0.0135,0.000153,4.309
536372,520,480,1000,228,11,29,26.88,0.9932,0.5134,0.168250,0,0,0,0.00,0.0000,0.0000,0.000000,4.365
536377,520,451,971,188,18,251,312.75,0.9881,0.5425,0.180902,20,5,32,307.37,0.7095,0.0665,0.003616,4.307
536412,520,384,904,242,25,188,342.07,0.9762,0.5945,0.232064,25,31,67,273.54,0.5749,0.1520,0.015918,4.279
536414,520,240,760,228,143,238,323.15,0.8595,0.7322,0.423135,41,74,51,152.69,0.5213,0.2817,0.056078,4.460
536425,520,385,905,237,83,61,30.97,0.9011,0.5915,0.245310,31,38,22,127.60,0.3635,0.1532,0.017354,4.384
536427,520,399,919,225,46,190,337.78,0.9150,0.5753,0.216817,19,14,91,273.94,0.9418,0.1393,0.012078,4.298
536430,520,406,926,239,48,132,0.37,0.9099,0.5763,0.221337,37,3,83,293.15,0.9584,0.1346,0.010830,4.461
536431,520,433,953,211,4,220,326.10,0.9961,0.5526,0.191050,30,3,60,298.64,0.9151,0.1002,0.006674,4.253
536440,520,408,928,213,96,58,38.27,0.7939,0.5677,0.228196,35,30,6,97.74,0.6970,0.1314,0.012990,4.416
536442,520,408,928,236,63,64,25.38,0.9132,0.5667,0.217611,52,20,0,51.59,1.0000,0.1330,0.012305,4.295
536449,520,422,942,240,56,19,32.57,0.9810,0.5636,0.214039,23,20,49,285.36,0.5438,0.1106,0.009042,4.472
536450,520,480,1000,206,19,170,338.70,0.9488,0.5145,0.164919,0,0,0,0.00,0.0000,0.0000,0.000000,4.298
536461,520,451,971,213,61,139,353.41,0.7966,0.5414,0.193500,18,13,4,84.82,0.4822,0.0679,0.004252,4.488
536472,520,479,999,169,13,251,307.36,0.9909,0.5119,0.156887,0,0,5,264.05,1.0000,0.0116,0.000110,4.129
536480,520,444,964,221,37,144,351.62,0.9002,0.5388,0.187115,6,8,58,270.46,0.9395,0.0832,0.005178,4.297
536481,520,409,929,207,52,224,323.54,0.9213,0.5704,0.211050,26,12,82,281.70,0.8979,0.1316,0.010917,4.285
536487,520,133,653,253,190,193,15.52,0.8851,0.8364,0.615616,67,99,13,129.01,0.9487,0.3733,0.101459,4.395
536502,520,448,968,148,82,249,296.85,0.9429,0.5396,0.191702,11,11,44,277.36,0.7369,0.0781,0.004923,4.401
536515,520,471,991,169,54,230,310.44,0.9003,0.5175,0.167873,15,1,16,325.92,0.7855,0.0420,0.001607,4.222
536529,520,458,978,224,0,129,356.39,1.0000,0.5251,0.174350,6,15,9,155.85,0.4181,0.0636,0.004001,4.155
536532,520,352,872,196,127,142,5.51,0.4243,0.6190,0.288688,5,50,62,220.67,0.8621,0.1927,0.026611,4.421
536535,520,313,833,252,57,235,332.16,0.9875,0.6565,0.296229,86,23,59,349.10,0.6949,0.2208,0.029073,4.379
536569,520,253,773,251,120,230,333.86,0.9751,0.7218,0.396579,61,67,16,115.83,0.7847,0.2700,0.050438,4.446
536572,520,475,995,201,77,54,32.56,0.8092,0.5161,0.179936,3,3,17,278.53,0.6723,0.0348,0.001250,4.487
536581,520,328,848,254,1,252,328.79,0.9998,0.6497,0.281239,85,18,62,344.97,0.7429,0.2144,0.027120,4.295
536589,520,466,986,187,45,203,323.42,0.8832,0.5169,0.167548,8,1,34,286.47,0.9426,0.0473,0.001888,4.193
536591,520,338,858,253,96,87,26.63,0.9805,0.6418,0.299399,23,56,7,137.58,0.9621,0.2028,0.030258,4.353
536599,520,369,889,234,89,126,7.85,0.7965,0.6081,0.261463,6,30,102,264.39,0.9355,0.1741,0.019264,4.497
536611,520,480,1000,180,73,158,336.37,0.6847,0.5076,0.169383,0,0,0,0.00,0.0000,0.0000,0.000000,4.388
536617,520,457,977,236,20,46,24.53,0.9860,0.5349,0.185337,10,9,24,285.03,0.4537,0.0593,0.003258,4.419
536634,520,480,1000,184,37,214,319.76,0.9240,0.5144,0.163698,0,0,0,0.00,0.0000,0.0000,0.000000,4.274
536641,520,474,994,188,30,219,319.84,0.9501,0.5208,0.167358,7,2,2,20.55,0.4264,0.0295,0.000930,4.268
536660,520,423,943,243,44,25,30.17,0.9767,0.5605,0.209296,19,29,9,130.89,0.6179,0.1126,0.010369,4.295
536679,520,330,850,254,31,225,334.99,0.9955,0.6396,0.274903,96,5,32,12.66,0.9318,0.2149,0.027001,4.219
536684,520,366,886,195,116,167,341.65,0.5181,0.6057,0.268842,22,47,11,137.46,0.8943,0.1725,0.022277,4.411
536689,520,330,850,232,87,222,330.59,0.8906,0.6444,0.292484,73,29,61,339.09,0.5744,0.2068,0.026323,4.487
536707,520,439,959,229,57,76,20.25,0.8966,0.5491,0.201089,18,21,21,196.77,0.0670,0.0925,0.007191,4.390
536709,520,22,542,235,251,249,187.90,0.6292,0.9717,0.934956,3,133,37,145.35,0.9984,0.4630,0.169272,4.492
536712,520,439,959,236,42,49,25.85,0.9583,0.5467,0.197137,16,11,54,280.92,0.7980,0.0911,0.006158,4.401
536715,520,319,839,237,116,88,34.29,0.8205,0.6457,0.312026,17,60,48,171.27,0.7496,0.2226,0.035641,4.227
536719,520,419,939,235,39,127,0.73,0.9243,0.5607,0.206485,24,2,73,285.37,0.9731,0.1062,0.007186,4.485
536723,520,474,994,233,12,6,29.28,0.9947,0.5233,0.176029,7,0,16,307.47,1.0000,0.0301,0.000826,4.447
536725,520,421,941,205,66,201,329.10,0.8389,0.5648,0.210944,12,29,3,135.42,0.9301,0.1065,0.009634,4.376
536727,520,445,965,241,12,12,28.90,0.9948,0.5408,0.189937,36,0,22,346.93,1.0000,0.0761,0.004331,4.416
536728,520,403,923,250,53,39,29.35,0.9795,0.5825,0.230203,6,33,50,240.20,0.7252,0.1337,0.013567,4.408
536732,520,271,791,251,99,249,328.24,0.9848,0.7038,0.362751,87,49,3,63.75,0.9227,0.2563,0.042297,4.472
536748,520,426,946,236,16,141,355.11,0.9772,0.5579,0.201296,31,21,34,318.28,0.3103,0.1123,0.009431,4.228
536755,520,461,981,227,37,58,22.66,0.9524,0.5259,0.179624,16,4,24,310.87,0.6636,0.0546,0.002629,4.363
536765,520,407,927,214,84,140,356.40,0.7131,0.5716,0.225324,33,27,39,307.31,0.2417,0.1314,0.012537,4.403
536775,520,469,989,179,34,234,313.51,0.9543,0.5207,0.166693,14,2,11,335.76,0.6435,0.0411,0.001610,4.199
536794,520,416,936,207,35,237,320.73,0.9662,0.5687,0.205836,46,14,25,1.06,0.5757,0.1174,0.009652,4.289
536802,520,431,951,217,61,153,348.85,0.8141,0.5547,0.203914,50,0,15,8.70,1.0000,0.1018,0.007127,4.445
536805,520,464,984,207,61,110,4.61,0.7819,0.5195,0.177308,10,6,25,291.07,0.5894,0.0536,0.002650,4.317
536810,520,330,850,229,96,194,339.07,0.8069,0.6364,0.289211,11,49,93,255.01,0.8144,0.2134,0.030579,4.210
536818,520,436,956,230,58,90,15.63,0.8809,0.5549,0.205902,17,20,29,270.25,0.2354,0.0925,0.007082,4.483
536831,520,365,885,229,74,188,340.16,0.8495,0.6062,0.251889,9,17,116,266.94,0.9780,0.1709,0.017198,4.493
536847,520,434,954,223,72,58,29.03,0.8747,0.5509,0.206308,0,18,63,261.35,1.0000,0.1030,0.007914,4.426
536848,520,460,980,229,35,24,29.34,0.9725,0.5253,0.179290,30,0,11,359.08,1.0000,0.0607,0.003002,4.326
536850,520,389,909,254,40,101,12.49,0.9923,0.5915,0.235317,9,23,94,266.88,0.9396,0.1521,0.014789,4.404
536856,520,368,888,242,21,220,333.53,0.9886,0.6116,0.245838,9,48,33,163.46,0.8538,0.1745,0.022817,4.063
536862,520,392,912,224,13,240,324.58,0.9937,0.5915,0.224286,33,28,67,286.09,0.5725,0.1523,0.015591,4.182
536864,520,382,902,245,78,37,34.49,0.9533,0.5977,0.249981,9,25,100,266.45,0.9424,0.1630,0.016733,4.495
536865,520,426,946,224,78,1,39.99,0.9981,0.5564,0.213009,39,14,34,335.41,0.5429,0.1097,0.008610,4.487
536869,520,441,961,155,100,203,306.94,0.6534,0.5427,0.203951,21,19,26,298.13,0.1763,0.0924,0.006998,4.455
536876,520,424,944,248,22,65,20.95,0.9855,0.5636,0.209155,29,6,65,293.42,0.8796,0.1083,0.007731,4.489
536895,520,410,930,239,59,83,19.03,0.9092,0.5720,0.221063,5,0,105,266.33,1.0000,0.1347,0.010521,4.479
536896,520,366,886,239,36,222,332.36,0.9740,0.6134,0.248892,29,44,29,144.58,0.3875,0.1716,0.021512,4.180
536899,520,449,969,155,82,243,300.43,0.8998,0.5430,0.194745,13,9,41,283.17,0.7191,0.0736,0.004410,4.498
536913,520,464,984,115,103,218,284.55,0.7316,0.5159,0.184070,5,9,4,138.25,0.3808,0.0468,0.002364,4.470
536920,520,402,922,230,20,202,335.40,0.9801,0.5785,0.215902,15,19,80,271.63,0.8975,0.1315,0.011464,4.326
536952,520,421,941,239,38,111,6.97,0.9384,0.5629,0.208878,37,16,30,340.99,0.4524,0.1082,0.008577,4.419
536973,520,397,917,254,42,32,29.04,0.9961,0.5823,0.228348,0,41,1,143.00,1.0000,0.1402,0.015880,4.225
536974,520,405,925,248,54,79,20.18,0.9572,0.5846,0.231628,18,30,52,261.76,0.4846,0.1331,0.013050,4.467
537022,520,466,986,172,60,216,314.49,0.8535,0.5168,0.169612,7,9,20,274.04,0.3843,0.0547,0.002910,4.151
537023,520,461,981,189,33,226,318.36,0.9515,0.5296,0.173989,20,3,3,23.26,0.6798,0.0486,0.002204,4.291
537025,520,419,939,228,39,149,351.54,0.9109,0.5557,0.201177,31,18,39,311.58,0.4545,0.1086,0.008704,4.279
537031,520,361,881,221,61,248,321.34,0.9688,0.6172,0.254889,3,49,33,164.26,0.9588,0.1758,0.023257,4.162
537033,520,372,892,231,99,70,33.92,0.8342,0.6050,0.263575,33,39,46,252.39,0.1529,0.1668,0.019716,4.498
537040,520,352,872,211,83,249,317.52,0.9612,0.6249,0.268765,84,0,54,348.93,1.0000,0.1927,0.021515,4.457
537041,520,375,895,180,99,244,307.25,0.8855,0.6006,0.251593,13,42,37,180.34,0.6219,0.1579,0.018750,4.387
537058,520,392,912,246,33,149,355.04,0.9578,0.5873,0.228538,9,43,22,152.81,0.8845,0.1546,0.018437,4.070
537069,520,456,976,221,22,150,349.00,0.9493,0.5341,0.181505,20,5,28,312.72,0.6675,0.0639,0.003411,4.334
537072,520,418,938,199,96,114,10.79,0.5943,0.5563,0.217245,22,27,46,271.89,0.3833,0.1243,0.011517,4.344
537075,520,326,846,253,46,229,333.84,0.9911,0.6475,0.284969,3,54,70,225.24,0.9221,0.2094,0.030997,4.136
537079,520,392,912,222,72,189,337.87,0.8369,0.5927,0.238407,60,17,39,351.73,0.6377,0.1533,0.015082,4.431
537080,520,366,886,226,18,253,322.16,0.9932,0.6057,0.236954,51,37,5,84.23,0.8155,0.1712,0.020380,4.077
537082,520,442,962,177,55,240,310.69,0.9244,0.5385,0.183717,1,20,24,211.65,0.8756,0.0788,0.005727,4.194
537088,520,395,915,238,55,168,348.14,0.9008,0.5944,0.237396,37,30,32,358.87,0.1163,0.1406,0.014262,4.472
537092,520,345,865,248,40,212,337.01,0.9713,0.6254,0.262306,51,16,105,293.46,0.8740,0.1908,0.020943,4.402
537115,520,419,939,225,28,188,338.15,0.9561,0.5640,0.204714,1,8,86,264.80,0.9861,0.1149,0.008519,4.353
537121,520,448,968,232,33,98,10.05,0.9431,0.5422,0.191284,20,13,30,301.90,0.4332,0.0801,0.005303,4.363
537128,520,461,981,200,32,195,329.63,0.9246,0.5250,0.172543,13,5,26,299.44,0.6435,0.0548,0.002687,4.224
537130,520,391,911,213,103,92,27.49,0.6784,0.5853,0.246214,24,37,37,196.07,0.2373,0.1491,0.016509,4.454
537141,520,419,939,158,94,232,302.19,0.8117,0.5564,0.211011,15,13,71,274.72,0.9012,0.1113,0.008443,4.466
537150,520,381,901,235,18,223,331.19,0.9895,0.6002,0.234251,27,28,79,277.11,0.7100,0.1572,0.016280,4.289
537208,520,478,998,161,82,193,315.13,0.6999,0.5133,0.174626,6,0,4,338.03,1.0000,0.0222,0.000475,4.450
537221,520,433,953,243,6,80,15.81,0.9952,0.5515,0.197676,10,7,71,272.20,0.9608,0.0993,0.006714,4.367
537253,520,403,923,221,66,187,338.09,0.8481,0.5836,0.228587,47,24,0,64.85,1.0000,0.1327,0.012577,4.452
537254,520,330,850,241,62,234,329.79,0.9543,0.6412,0.280892,49,11,126,286.13,0.9523,0.2084,0.023986,4.472
537255,520,385,905,210,38,253,317.89,0.9909,0.5875,0.221814,24,38,27,150.61,0.3543,0.1485,0.016595,4.082
537265,520,221,741,248,141,233,332.40,0.9542,0.7524,0.448916,65,74,26,118.74,0.6824,0.2962,0.060959,4.496
537272,520,472,992,197,30,203,326.58,0.9374,0.5242,0.171123,0,6,4,174.96,1.0000,0.0341,0.001390,4.303
537277,520,330,850,231,84,229,328.35,0.9061,0.6434,0.289890,77,28,65,338.09,0.6148,0.2144,0.027902,4.363
537280,520,478,998,189,36,196,326.15,0.9025,0.5088,0.160676,6,1,1,22.40,0.6057,0.0243,0.000626,4.161
537314,520,446,966,191,27,240,315.81,0.9739,0.5412,0.181528,10,16,29,264.70,0.3997,0.0773,0.005238,4.191
537315,520,374,894,255,59,49,28.47,1.0000,0.5985,0.246134,22,37,64,261.40,0.5158,0.1630,0.018638,4.314
537322,520,407,927,232,2,186,340.20,0.9977,0.5688,0.207472,54,8,37,346.45,0.7420,0.1294,0.010916,4.227
537323,520,334,854,243,53,232,330.80,0.9642,0.6365,0.274299,10,40,107,263.00,0.9143,0.2031,0.026435,4.243
537327,520,457,977,218,20,150,348.25,0.9512,0.5274,0.176102,12,9,22,293.50,0.4007,0.0599,0.003315,4.241
537345,520,348,868,243,4,249,327.03,0.9989,0.6290,0.259838,6,44,83,253.15,0.8499,0.1897,0.024645,4.151
537346,520,399,919,241,42,144,356.15,0.9297,0.5806,0.223735,25,16,87,278.60,0.8923,0.1420,0.012653,4.369
537357,520,407,927,250,39,27,29.35,0.9822,0.5718,0.218578,16,34,26,164.00,0.4486,0.1301,0.013288,4.244
537358,520,480,1000,151,58,242,301.56,0.9290,0.5069,0.160166,0,0,0,0.00,0.0000,0.0000,0.000000,4.203
537359,520,475,995,196,6,217,322.87,0.9922,0.5246,0.168774,3,2,4,309.32,0.2710,0.0254,0.000715,4.314
537362,520,316,836,240,118,97,31.32,0.8365,0.6556,0.323479,60,49,46,35.72,0.1364,0.2243,0.033546,4.470
537367,520,448,968,207,1,209,327.84,0.9987,0.5370,0.178925,5,20,19,189.97,0.5316,0.0795,0.005796,4.103
537370,520,329,849,244,88,185,345.81,0.8957,0.6462,0.297182,52,51,21,107.10,0.5571,0.2136,0.031519,4.259
537372,520,464,984,181,23,230,315.30,0.9714,0.5150,0.161509,0,13,0,142.50,1.0000,0.0508,0.002878,4.000
537375,520,462,982,204,29,195,330.74,0.9374,0.5306,0.176581,15,1,26,309.09,0.8659,0.0481,0.001979,4.359
537377,520,437,957,212,49,178,338.18,0.8661,0.5475,0.194102,6,20,42,258.49,0.6683,0.0928,0.007062,4.278
537397,520,431,951,239,10,102,8.55,0.9890,0.5492,0.195304,3,20,58,261.90,0.9034,0.1042,0.008251,4.211
537398,520,468,988,213,7,153,345.84,0.9813,0.5155,0.166003,10,2,16,312.31,0.6885,0.0390,0.001454,4.198
537416,520,383,903,208,71,241,319.07,0.9285,0.6014,0.242688,23,34,50,257.67,0.3592,0.1464,0.015565,4.464
537432,520,417,937,222,62,172,343.26,0.8420,0.5737,0.219558,9,23,64,265.75,0.8212,0.1199,0.010410,4.462
537442,520,444,964,203,71,161,342.60,0.7504,0.5450,0.197781,20,15,30,298.65,0.3743,0.0843,0.005841,4.437
537444,520,345,865,250,6,236,331.49,0.9982,0.6329,0.265135,78,25,11,35.63,0.8101,0.1932,0.023394,4.294
537468,520,375,895,183,92,251,307.51,0.9563,0.5992,0.246874,52,26,42,343.32,0.4257,0.1568,0.016361,4.474
537472,520,465,985,192,42,193,327.83,0.8802,0.5161,0.167142,15,4,25,307.00,0.6763,0.0541,0.002586,4.129
537478,520,249,769,218,168,5,86.92,0.9879,0.7171,0.429232,19,79,27,145.24,0.9602,0.2822,0.058093,4.434
537480,520,441,961,202,81,132,356.77,0.6796,0.5439,0.201092,25,10,45,299.68,0.6959,0.0908,0.006132,4.473
537491,520,322,842,233,80,235,327.33,0.9247,0.6458,0.290614,91,19,1,35.18,0.9856,0.2110,0.026925,4.428
537509,520,457,977,215,11,177,338.80,0.9788,0.5333,0.178630,26,1,15,347.41,0.8147,0.0574,0.002758,4.334
537515,520,432,952,238,4,128,359.57,0.9947,0.5542,0.198257,24,25,1,111.72,0.9188,0.1041,0.008916,4.214
537549,520,408,928,239,43,108,8.45,0.9280,0.5652,0.211644,22,19,71,278.66,0.7878,0.1271,0.010912,4.295
537554,520,478,998,222,34,12,30.55,0.9862,0.5093,0.167030,0,3,2,174.96,1.0000,0.0237,0.000695,4.281
537561,520,452,972,211,66,99,11.19,0.7839,0.5294,0.186484,14,10,29,291.07,0.5080,0.0677,0.003992,4.380
537564,520,472,992,223,42,50,25.20,0.9443,0.5200,0.175770,0,6,3,165.38,1.0000,0.0337,0.001368,4.395
537589,520,412,932,232,49,146,354.04,0.8904,0.5690,0.214306,39,18,45,318.39,0.5407,0.1232,0.010534,4.366
537623,520,446,966,233,46,9,32.06,0.9908,0.5406,0.193004,27,8,27,327.35,0.5704,0.0781,0.004858,4.430
537639,520,415,935,254,12,62,21.60,0.9953,0.5729,0.216854,41,19,16,28.68,0.4437,0.1153,0.009746,4.466
537649,520,475,995,173,29,248,308.82,0.9729,0.5212,0.165411,5,0,21,292.70,1.0000,0.0311,0.000864,4.235
537680,520,387,907,201,72,245,316.02,0.9410,0.5949,0.236462,36,35,35,17.25,0.0147,0.1539,0.016985,4.277
537682,520,408,928,249,44,17,30.88,0.9875,0.5725,0.219852,9,27,63,262.28,0.7704,0.1286,0.012008,4.352
537694,520,427,947,186,49,253,310.90,0.9884,0.5577,0.197286,26,24,0,105.54,1.0000,0.1034,0.008729,4.211
537699,520,411,931,243,27,112,6.53,0.9661,0.5657,0.210117,2,10,84,265.35,0.9801,0.1154,0.008700,4.431
537701,520,396,916,218,83,137,358.56,0.7310,0.5760,0.229004,17,37,11,138.95,0.8124,0.1365,0.014664,4.315
537710,520,353,873,243,80,147,359.04,0.8720,0.6195,0.269016,28,46,21,137.45,0.6042,0.1751,0.022550,4.397
537714,520,435,955,164,87,225,307.03,0.8004,0.5477,0.201457,17,21,24,240.39,0.1229,0.0928,0.007214,4.395
537721,520,435,955,205,45,203,328.69,0.9034,0.5474,0.191695,17,2,62,282.68,0.9680,0.0862,0.005104,4.386
537734,520,389,909,240,80,1,38.88,0.9988,0.5891,0.242679,67,14,6,31.90,0.8833,0.1540,0.015207,4.488
537753,520,476,996,205,39,148,346.35,0.8589,0.5113,0.165704,5,0,7,320.34,1.0000,0.0225,0.000476,4.273
537758,520,376,896,225,29,247,323.13,0.9847,0.6032,0.236039,15,44,0,136.72,1.0000,0.1570,0.019029,4.144
537768,520,478,998,223,28,51,23.36,0.9682,0.5113,0.167603,4,0,11,304.75,1.0000,0.0232,0.000500,4.309
537772,520,378,898,247,0,187,343.23,1.0000,0.5976,0.233653,35,7,103,283.44,0.9587,0.1608,0.014885,4.372
537783,520,388,908,195,99,196,326.95,0.6884,0.5905,0.245126,33,37,19,118.94,0.4081,0.1515,0.016935,4.409
537794,520,388,908,218,99,92,25.57,0.7174,0.5869,0.246041,47,31,6,75.39,0.7345,0.1502,0.015975,4.487
537818,520,378,898,242,9,210,336.03,0.9949,0.6027,0.237287,29,43,7,128.19,0.8469,0.1641,0.020043,4.102
537822,520,362,882,237,41,223,331.64,0.9673,0.6131,0.249208,78,13,19,21.23,0.8467,0.1785,0.019548,4.302
537838,520,478,998,159,39,250,303.74,0.9752,0.5087,0.157246,4,0,10,306.92,1.0000,0.0227,0.000477,4.106
537852,520,302,822,252,78,223,335.43,0.9833,0.6675,0.314749,5,43,128,262.79,0.9678,0.2311,0.033183,4.385
537855,520,306,826,246,79,239,329.69,0.9643,0.6678,0.314195,71,46,51,6.16,0.2799,0.2338,0.035327,4.268
537858,520,480,1000,156,58,233,305.12,0.8939,0.5056,0.159778,0,0,0,0.00,0.0000,0.0000,0.000000,4.196
537863,520,341,861,248,73,169,351.19,0.9292,0.6293,0.275893,87,1,52,352.24,0.9605,0.1991,0.022962,4.467
537881,520,371,891,229,83,164,349.56,0.7912,0.6055,0.255274,20,33,82,268.41,0.7452,0.1663,0.018455,4.459
537887,520,361,881,241,52,207,336.87,0.9447,0.6175,0.256646,49,24,85,298.14,0.7262,0.1789,0.019621,4.404
537922,520,406,926,197,66,244,315.34,0.9386,0.5819,0.222997,28,11,84,283.03,0.9052,0.1346,0.011263,4.456
537941,520,445,965,212,18,189,334.55,0.9674,0.5368,0.181059,8,21,21,195.66,0.3885,0.0850,0.006421,4.095
537962,520,423,943,237,53,43,28.65,0.9467,0.5566,0.207283,48,0,35,341.77,1.0000,0.1061,0.007498,4.475
537967,520,466,986,222,48,10,32.64,0.9869,0.5196,0.176682,14,4,14,327.16,0.5090,0.0473,0.002119,4.349
537968,520,477,997,190,85,1,48.36,0.9945,0.5051,0.174481,7,0,4,341.66,1.0000,0.0236,0.000539,4.442
537976,520,430,950,235,21,120,2.19,0.9677,0.5496,0.195576,34,16,20,5.88,0.3728,0.0997,0.007612,4.263
537989,520,360,880,206,99,215,324.44,0.7781,0.6172,0.269533,48,39,32,59.81,0.1855,0.1779,0.021837,4.448
537991,520,380,900,237,15,219,332.64,0.9914,0.6004,0.234634,6,35,73,256.78,0.8378,0.1567,0.017217,4.235
538006,520,355,875,196,104,226,317.21,0.7926,0.6174,0.271285,37,47,12,123.47,0.7329,0.1845,0.024529,4.311
538062,520,423,943,199,65,217,322.72,0.8676,0.5645,0.209340,17,17,60,276.96,0.7585,0.1084,0.008463,4.436
538085,520,271,791,215,147,189,342.14,0.5267,0.7012,0.389900,31,71,40,149.12,0.7370,0.2630,0.049508,4.421
538123,520,480,1000,207,67,1,38.62,0.9974,0.5096,0.172842,0,0,0,0.00,0.0000,0.0000,0.000000,4.457
538130,520,378,898,238,90,20,40.59,0.9721,0.5994,0.255430,9,44,28,159.84,0.8418,0.1596,0.019432,4.399
538131,520,435,955,215,36,185,336.60,0.9203,0.5480,0.192138,26,6,54,296.50,0.8328,0.0937,0.006162,4.311
538146,520,398,918,242,65,35,32.11,0.9572,0.5773,0.227825,17,19,87,272.19,0.9129,0.1408,0.012730,4.429
538148,520,459,979,214,6,172,340.03,0.9870,0.5274,0.174072,12,1,44,286.22,0.9632,0.0603,0.002817,4.242
538155,520,468,988,211,68,1,38.49,0.9976,0.5186,0.179877,14,3,8,348.18,0.5202,0.0425,0.001760,4.441
538158,520,428,948,205,11,237,320.49,0.9922,0.5566,0.193346,3,28,17,162.06,0.8867,0.1013,0.008903,4.131
538177,520,279,799,221,133,197,337.78,0.6595,0.6856,0.361801,30,69,1,135.98,0.9962,0.2502,0.045343,4.319
538183,520,397,917,155,106,242,297.12,0.8432,0.5807,0.236876,18,39,4,135.02,0.9436,0.1426,0.015884,4.354
538204,520,433,953,203,45,207,327.02,0.9072,0.5466,0.190800,0,24,36,231.93,1.0000,0.0958,0.007806,4.166
538207,520,436,956,182,47,252,310.02,0.9832,0.5494,0.190074,28,10,36,314.29,0.6088,0.0881,0.005914,4.294
538213,520,386,906,214,85,183,338.15,0.7619,0.5921,0.242140,39,32,45,309.01,0.2368,0.1540,0.016538,4.391
538223,520,211,731,247,139,249,326.51,0.9681,0.7556,0.450810,71,57,139,286.89,0.6575,0.3147,0.061298,4.500
538226,520,479,999,134,75,246,293.25,0.9332,0.5107,0.167543,1,0,0,29.23,1.0000,0.0090,0.000065,4.345
538238,520,442,962,176,55,242,309.94,0.9322,0.5387,0.183742,15,16,35,279.59,0.4570,0.0847,0.005935,4.179
538259,520,445,965,184,70,211,319.35,0.8198,0.5427,0.192750,10,3,59,275.92,0.9672,0.0787,0.004454,4.458
538267,520,443,963,219,57,105,8.20,0.8355,0.5366,0.190088,14,15,37,279.01,0.5223,0.0830,0.005686,4.311
538272,520,302,822,235,134,45,56.71,0.8957,0.6701,0.349043,7,64,45,164.86,0.9392,0.2319,0.039013,4.483
538278,520,398,918,192,102,168,338.10,0.5871,0.5768,0.235377,23,31,46,262.58,0.3258,0.1357,0.013594,4.488
538289,520,386,906,244,65,103,13.62,0.9130,0.5919,0.239962,15,39,28,162.16,0.5819,0.1460,0.016364,4.369
538295,520,452,972,142,78,251,294.88,0.9638,0.5287,0.181647,4,2,55,270.11,0.9857,0.0678,0.003450,4.334
538296,520,443,963,198,40,213,324.07,0.9244,0.5389,0.183291,33,4,29,333.70,0.7375,0.0814,0.004989,4.242
538308,520,387,907,199,84,215,322.62,0.8101,0.5857,0.233905,67,6,33,359.97,0.8184,0.1518,0.014335,4.413
538365,520,347,867,246,5,241,329.47,0.9985,0.6289,0.260552,68,33,24,35.39,0.5279,0.1917,0.023828,4.206
538368,520,314,834,205,129,197,330.65,0.5879,0.6570,0.327121,41,55,48,163.17,0.2138,0.2217,0.034171,4.480
538371,520,305,825,234,100,237,326.77,0.9195,0.6725,0.327234,28,59,64,209.04,0.4654,0.2315,0.037448,4.314
538377,520,440,960,231,5,144,352.88,0.9918,0.5466,0.191140,40,2,35,334.02,0.8280,0.0938,0.006159,4.294
538401,520,402,922,247,39,101,11.56,0.9529,0.5768,0.221682,11,31,42,234.93,0.5337,0.1254,0.012182,4.369
538412,520,396,916,216,33,229,325.00,0.9680,0.5768,0.213458,30,14,85,283.77,0.8766,0.1416,0.012459,4.218
538428,520,388,908,222,78,176,342.69,0.7980,0.5930,0.241152,30,37,28,138.76,0.2165,0.1510,0.016830,4.357
538444,520,441,961,230,47,28,30.32,0.9641,0.5361,0.189429,24,4,60,291.12,0.9076,0.0943,0.006073,4.270
538456,520,417,937,188,59,255,310.61,1.0000,0.5707,0.210404,35,12,57,303.61,0.7395,0.1166,0.009157,4.402
538461,520,409,929,172,87,235,307.69,0.8502,0.5656,0.215859,3,37,24,163.60,0.9304,0.1325,0.014084,4.149
538472,520,424,944,220,55,155,348.43,0.8431,0.5554,0.203170,43,15,19,12.96,0.5295,0.1118,0.009023,4.289
538474,520,440,960,234,35,92,12.55,0.9447,0.5459,0.194703,26,15,34,309.75,0.4515,0.0933,0.006768,4.311
538483,520,384,904,226,80,140,358.45,0.7736,0.5870,0.238020,29,32,56,277.21,0.4023,0.1499,0.015797,4.377
538487,520,408,928,246,19,113,6.30,0.9808,0.5692,0.212543,43,19,36,339.10,0.4697,0.1260,0.011068,4.299
538492,520,469,989,188,47,200,324.52,0.8719,0.5180,0.168960,1,8,11,217.36,0.6906,0.0430,0.002043,4.207
538502,520,296,816,237,137,24,60.55,0.9591,0.6777,0.359643,4,67,38,156.58,0.9788,0.2393,0.041799,4.462
538505,520,349,869,250,24,217,336.08,0.9883,0.6252,0.259902,49,22,96,294.02,0.7955,0.1864,0.020713,4.383
538526,520,400,920,178,91,239,308.52,0.8670,0.5823,0.231799,13,40,11,142.27,0.9044,0.1441,0.016273,4.252
538549,520,338,858,184,122,231,308.91,0.7513,0.6359,0.298796,21,53,41,166.52,0.6030,0.1989,0.028656,4.434
538563,520,429,949,225,34,156,348.27,0.9223,0.5502,0.195545,5,22,47,257.38,0.7399,0.1009,0.008113,4.225
538566,520,466,986,200,28,187,331.95,0.9279,0.5177,0.166996,12,5,14,319.45,0.4191,0.0475,0.002184,4.158
538580,520,432,952,227,10,165,345.33,0.9839,0.5496,0.192673,27,15,35,310.64,0.4680,0.0951,0.006960,4.260
538590,520,397,917,250,47,42,28.07,0.9796,0.5782,0.225278,52,20,25,11.99,0.5201,0.1383,0.013007,4.369
538609,520,437,957,235,37,102,9.42,0.9369,0.5517,0.199477,23,17,29,306.97,0.3033,0.0913,0.006718,4.399
538610,520,445,965,240,25,24,28.49,0.9858,0.5435,0.192898,13,11,44,280.28,0.7163,0.0796,0.005067,4.411
538637,520,397,917,252,2,120,4.54,0.9984,0.5798,0.220986,7,36,46,224.66,0.7065,0.1407,0.015041,4.166
538644,520,477,997,227,21,0,30.22,1.0000,0.5130,0.168702,5,0,2,349.81,1.0000,0.0195,0.000367,4.342
538663,520,434,954,241,34,1,31.01,0.9992,0.5491,0.198504,0,14,66,263.00,1.0003,0.0983,0.007074,4.354
538672,520,451,971,220,53,120,1.76,0.8436,0.5396,0.191205,8,7,49,274.86,0.8907,0.0735,0.004253,4.446
538679,520,479,999,188,33,198,325.32,0.9147,0.5067,0.158578,0,0,7,264.05,1.0000,0.0135,0.000153,4.159
538690,520,430,950,229,14,154,349.33,0.9768,0.5491,0.193080,42,13,12,24.26,0.6033,0.1047,0.008067,4.186
538700,520,408,928,223,23,213,330.81,0.9769,0.5738,0.211072,49,9,53,323.98,0.7567,0.1312,0.011055,4.276
538701,520,161,681,229,188,195,6.64,0.4159,0.8057,0.565656,44,95,41,142.60,0.8605,0.3487,0.088797,4.436
538710,520,407,927,248,43,38,28.25,0.9735,0.5710,0.218277,53,15,27,3.55,0.6193,0.1324,0.011778,4.343
538726,520,480,1000,179,21,232,314.29,0.9755,0.5127,0.159473,0,0,0,0.00,0.0000,0.0000,0.000000,4.189
538736,520,306,826,241,129,24,55.32,0.9645,0.6686,0.344700,39,61,24,134.17,0.6996,0.2323,0.038347,4.468
538750,520,387,907,218,67,202,332.56,0.8643,0.5880,0.231861,10,40,42,201.34,0.6517,0.1524,0.017492,4.176
538764,520,452,972,236,14,60,20.98,0.9892,0.5349,0.184764,12,15,8,126.57,0.2754,0.0680,0.004373,4.318
538766,520,436,956,222,62,98,12.33,0.8355,0.5455,0.198593,4,16,48,263.72,0.8430,0.0869,0.006098,4.431
538767,520,269,789,201,144,242,309.96,0.8058,0.7036,0.387756,48,69,13,128.16,0.8845,0.2637,0.049136,4.416
538799,520,398,918,250,31,93,13.84,0.9710,0.5768,0.220979,21,33,40,234.45,0.2803,0.1365,0.014003,4.234
538804,520,399,919,209,64,216,325.98,0.8826,0.5789,0.221818,34,35,10,111.12,0.6228,0.1450,0.015641,4.141
538818,520,341,861,243,74,182,345.67,0.9019,0.6273,0.273326,44,30,100,286.15,0.7504,0.1978,0.023841,4.379
538837,520,350,870,252,4,219,335.96,0.9985,0.6256,0.259000,81,0,68,336.79,1.0000,0.1946,0.021670,4.311
538861,520,411,931,203,20,253,316.36,0.9913,0.5686,0.202902,5,7,92,266.89,0.9870,0.1240,0.009568,4.246
538874,520,346,866,236,57,239,327.37,0.9592,0.6321,0.269936,10,49,66,231.50,0.7526,0.1936,0.026544,4.180
538894,520,475,995,228,31,33,27.60,0.9736,0.5215,0.175867,4,3,9,292.78,0.4078,0.0321,0.001107,4.420
538896,520,259,779,251,142,25,58.93,0.9761,0.7083,0.399283,30,71,53,162.76,0.6310,0.2662,0.050394,4.475
538907,520,447,967,213,65,111,5.99,0.7849,0.5356,0.190767,36,2,15,0.10,0.8132,0.0768,0.004530,4.415
538913,520,352,872,215,117,121,18.30,0.6008,0.6205,0.285521,36,47,47,196.37,0.1570,0.1931,0.026133,4.407
538923,520,453,973,184,13,243,313.41,0.9899,0.5277,0.169504,15,9,30,294.26,0.5532,0.0674,0.003907,4.072
538933,520,420,940,242,34,75,18.66,0.9645,0.5581,0.205327,19,29,17,140.36,0.3849,0.1144,0.010576,4.215
538942,520,478,998,210,59,79,17.98,0.8332,0.5145,0.173964,2,0,16,283.45,1.0000,0.0236,0.000503,4.435
538959,520,368,888,253,73,29,34.10,0.9896,0.6067,0.257401,16,48,0,137.17,1.0000,0.1711,0.022240,4.255
539012,520,337,857,235,79,218,332.54,0.9033,0.6378,0.283185,63,35,60,330.82,0.4321,0.2015,0.025852,4.393
539023,520,349,869,236,84,184,343.88,0.8500,0.6275,0.276368,49,46,4,105.28,0.8868,0.1934,0.026158,4.285
539031,520,455,975,225,42,83,15.27,0.9178,0.5299,0.182908,6,8,27,274.57,0.6004,0.0557,0.002915,4.402
539045,520,341,861,255,69,142,1.71,1.0000,0.6278,0.274727,65,34,52,345.08,0.4212,0.1985,0.025159,4.321
539049,520,468,988,208,8,170,339.14,0.9797,0.5152,0.164880,4,4,19,279.32,0.6268,0.0397,0.001597,4.165
539050,520,457,977,181,25,247,311.48,0.9785,0.5306,0.172355,4,12,27,258.97,0.5917,0.0625,0.003679,4.142
539060,520,478,998,223,22,45,24.31,0.9790,0.5078,0.164541,4,1,6,314.84,0.6159,0.0242,0.000607,4.239
539068,520,470,990,220,32,108,4.41,0.9193,0.5202,0.173340,7,3,11,310.01,0.4797,0.0362,0.001345,4.350
539071,520,374,894,232,30,224,330.21,0.9775,0.5996,0.234687,6,43,31,167.12,0.8732,0.1560,0.018653,4.147
539098,520,384,904,251,61,32,31.59,0.9822,0.5909,0.239546,12,39,36,185.52,0.5979,0.1474,0.016565,4.350
539102,520,386,906,239,43,167,348.16,0.9307,0.5872,0.228715,64,18,5,36.83,0.8564,0.1533,0.015337,4.266
539103,520,305,825,247,68,253,326.62,0.9932,0.6680,0.310029,55,57,6,111.91,0.8857,0.2328,0.037516,4.114
539119,520,396,916,253,14,92,13.63,0.9909,0.5768,0.219732,33,0,95,285.38,1.0000,0.1412,0.011495,4.386
539123,520,372,892,228,41,235,326.51,0.9686,0.6055,0.240803,72,17,18,23.62,0.7802,0.1703,0.018225,4.262
539128,520,375,895,238,86,70,29.20,0.8985,0.5985,0.252779,54,32,15,57.12,0.5451,0.1646,0.018519,4.419
539132,520,456,976,235,13,64,19.81,0.9893,0.5331,0.183234,15,4,28,302.98,0.7127,0.0561,0.002722,4.424
539137,520,446,966,200,69,171,337.70,0.7646,0.5426,0.194776,27,6,30,322.63,0.6619,0.0763,0.004570,4.486
539140,520,432,952,212,6,209,329.12,0.9928,0.5470,0.187328,45,2,33,341.73,0.8340,0.1020,0.007112,4.155
539163,520,433,953,177,85,206,317.35,0.7454,0.5491,0.203013,1,1,84,264.83,0.9983,0.1025,0.006682,4.464
539165,520,419,939,247,37,15,30.33,0.9890,0.5638,0.211353,26,15,53,292.48,0.6726,0.1069,0.008183,4.492
539176,520,461,981,227,40,46,26.01,0.9546,0.5263,0.180486,14,4,14,327.16,0.5090,0.0473,0.002119,4.422
539179,520,425,945,202,36,232,320.53,0.9580,0.5572,0.196461,42,15,1,49.83,0.8879,0.1060,0.008362,4.223
539184,520,465,985,164,37,255,304.40,1.0000,0.5191,0.164363,20,2,13,343.23,0.7073,0.0498,0.002212,4.106
539196,520,392,912,240,57,136,359.92,0.8897,0.5868,0.232322,42,22,61,305.37,0.6059,0.1460,0.014030,4.409
539199,520,452,972,222,37,121,0.27,0.9024,0.5316,0.182359,8,2,58,274.37,0.9805,0.0743,0.004005,4.303
539206,520,397,917,218,27,228,325.81,0.9764,0.5768,0.212928,23,36,25,148.76,0.3521,0.1410,0.015141,4.036
539223,520,452,972,233,2,78,15.19,0.9979,0.5290,0.179202,32,2,10,5.93,0.8055,0.0680,0.003725,4.266
539238,520,377,897,220,63,229,325.64,0.9230,0.6043,0.244298,74,3,12,21.80,0.9602,0.1585,0.015478,4.495
539242,520,384,904,249,36,136,0.01,0.9556,0.5898,0.231825,59,16,44,343.97,0.6558,0.1525,0.014824,4.348
539272,520,442,962,211,82,39,37.91,0.8792,0.5400,0.200322,9,17,36,265.28,0.5358,0.0833,0.005863,4.481
539274,520,423,943,248,9,11,28.88,0.9966,0.5552,0.201796,51,1,23,359.53,0.9191,0.1080,0.007875,4.351
539275,520,373,893,219,23,253,320.41,0.9921,0.5956,0.227667,36,39,27,119.30,0.2433,0.1625,0.019052,4.021
539332,520,464,984,151,78,232,301.63,0.8510,0.5232,0.178546,5,7,28,273.64,0.6741,0.0534,0.002681,4.338
539335,520,330,850,243,18,254,325.90,0.9969,0.6352,0.266458,63,19,108,300.60,0.8415,0.2136,0.026053,4.161
539350,520,372,892,203,95,223,321.15,0.8150,0.6118,0.262100,21,48,5,136.27,0.9586,0.1744,0.022842,4.285
539351,520,422,942,197,44,245,315.96,0.9554,0.5642,0.202657,5,26,43,245.48,0.6982,0.1087,0.009454,4.250
539359,520,421,941,235,62,59,26.53,0.9180,0.5630,0.214262,35,22,8,66.90,0.5297,0.1112,0.009487,4.442
539385,520,413,933,238,9,171,345.96,0.9902,0.5738,0.213158,30,21,48,297.37,0.4971,0.1195,0.010258,4.367
539399,520,431,951,190,33,244,314.51,0.9680,0.5458,0.185678,34,13,38,321.02,0.5724,0.1027,0.007679,4.086
539422,520,399,919,215,100,45,43.58,0.8428,0.5763,0.237531,24,33,43,251.43,0.2583,0.1404,0.014563,4.454
539431,520,363,883,241,8,231,330.65,0.9968,0.6140,0.246468,29,43,19,133.41,0.5677,0.1660,0.020359,4.214
539450,520,353,873,235,34,244,326.17,0.9829,0.6200,0.253404,53,38,5,83.17,0.8231,0.1767,0.021541,4.241
539451,520,386,906,193,81,246,312.80,0.9340,0.5944,0.238773,32,23,82,283.52,0.7611,0.1547,0.015290,4.423
539456,520,198,718,193,180,240,294.34,0.6651,0.7690,0.502712,35,87,40,145.42,0.8749,0.3178,0.073267,4.484
539458,520,412,932,222,0,212,330.85,1.0000,0.5659,0.202854,28,14,62,290.85,0.7553,0.1155,0.009087,4.279
539461,520,440,960,192,73,191,328.07,0.7717,0.5458,0.197346,14,22,4,128.19,0.7192,0.0872,0.006759,4.358
539492,520,447,967,217,49,140,352.90,0.8482,0.5381,0.188442,3,22,7,149.57,0.9101,0.0804,0.006085,4.251
539501,520,424,944,219,25,201,332.99,0.9648,0.5597,0.199747,26,6,68,288.56,0.9010,0.1081,0.007672,4.330
539547,520,172,692,253,164,222,340.88,0.9718,0.7952,0.527096,31,87,106,224.04,0.6699,0.3403,0.081479,4.389
539559,520,462,982,199,0,221,322.73,1.0000,0.5316,0.173642,18,7,0,68.07,1.0000,0.0540,0.002806,4.235
539560,520,23,543,240,252,226,127.37,0.8030,0.9712,0.936368,19,132,57,148.59,0.9826,0.4643,0.169357,4.497
539569,520,422,942,220,56,171,342.83,0.8540,0.5640,0.209866,8,29,20,163.35,0.6386,0.1081,0.009808,4.345
539587,520,474,994,142,81,236,297.10,0.8639,0.5199,0.176919,1,2,13,269.50,0.7910,0.0272,0.000789,4.468
539619,520,399,919,226,50,185,339.62,0.9011,0.5772,0.219552,36,6,87,289.93,0.9344,0.1413,0.011934,4.352
539622,520,466,986,179,48,219,316.60,0.8990,0.5184,0.168132,3,10,16,238.12,0.4744,0.0516,0.002738,4.136
539631,520,212,732,254,144,230,335.69,0.9921,0.7642,0.467329,76,72,73,0.25,0.0361,0.3146,0.066523,4.440
539632,520,203,723,246,149,237,330.33,0.9451,0.7654,0.472041,57,76,84,225.61,0.2153,0.3121,0.066787,4.470
539639,520,403,923,224,3,233,326.22,0.9983,0.5845,0.217979,24,19,69,281.15,0.7576,0.1268,0.010896,4.401
539641,520,460,980,219,8,151,347.95,0.9818,0.5266,0.174706,29,3,1,32.73,0.9056,0.0622,0.003286,4.217
539642,520,480,1000,71,99,255,269.61,1.0000,0.5074,0.174824,0,0,0,0.00,0.0000,0.0000,0.000000,4.496
539648,520,442,962,203,43,193,331.01,0.8911,0.5359,0.182764,1,23,9,154.82,0.9683,0.0825,0.006389,4.128
539650,520,469,989,203,56,142,349.17,0.7908,0.5192,0.174798,3,3,27,274.60,0.8672,0.0415,0.001636,4.354
539655,520,224,744,238,171,6,80.09,0.9919,0.7490,0.473182,17,86,16,142.71,0.9797,0.3044,0.068119,4.429
539665,520,434,954,222,25,176,340.95,0.9528,0.5504,0.193619,1,25,42,241.68,0.8953,0.1030,0.008688,4.151
539666,520,426,946,225,58,137,356.63,0.8408,0.5599,0.208424,22,22,36,283.73,0.3035,0.1058,0.008718,4.401
539676,520,403,923,248,41,82,17.77,0.9594,0.5758,0.221551,49,10,53,323.89,0.7436,0.1324,0.011272,4.432
539684,520,459,979,145,92,224,298.92,0.7777,0.5315,0.190560,1,17,8,160.09,0.9326,0.0648,0.004249,4.434
539718,520,21,541,252,247,213,100.29,0.8367,0.9666,0.920214,30,132,0,140.82,1.0000,0.4616,0.167779,4.455
539757,520,382,902,196,77,254,312.21,0.9920,0.5999,0.242004,43,17,83,295.59,0.7999,0.1586,0.015390,4.466
539759,520,390,910,238,27,198,338.39,0.9741,0.5933,0.230411,57,21,34,359.45,0.5436,0.1522,0.015218,4.300
539760,520,389,909,204,82,214,324.62,0.8224,0.5901,0.237286,11,26,84,266.81,0.8927,0.1476,0.014499,4.454
539766,520,418,938,214,80,126,2.27,0.7264,0.5611,0.215420,32,18,48,303.45,0.5596,0.1158,0.009531,4.459
539780,520,329,849,243,112,84,33.55,0.8810,0.6482,0.312860,39,50,65,256.26,0.2603,0.2131,0.030941,4.483
539785,520,452,972,185,77,165,335.35,0.6884,0.5251,0.183400,1,7,46,264.82,0.9505,0.0652,0.003556,4.358
539793,520,404,924,216,30,238,322.91,0.9770,0.5819,0.217025,62,0,15,14.42,1.0000,0.1283,0.010588,4.407
539818,520,474,994,222,43,22,30.66,0.9703,0.5161,0.173180,11,0,13,323.96,1.0000,0.0330,0.001002,4.376
539854,520,414,934,235,67,30,33.54,0.9580,0.5653,0.217733,35,21,30,340.81,0.2994,0.1156,0.009874,4.472
539870,520,427,947,225,20,182,339.82,0.9695,0.5576,0.198878,20,19,37,285.18,0.3967,0.0973,0.007480,4.330
539871,520,478,998,218,25,113,1.71,0.9362,0.5142,0.167955,6,0,0,29.23,1.0000,0.0198,0.000387,4.326
539877,520,449,969,195,39,228,319.46,0.9444,0.5444,0.186560,29,8,7,25.10,0.5664,0.0735,0.004503,4.340
539894,520,378,898,235,75,138,0.35,0.8287,0.5963,0.245321,27,40,35,169.07,0.2467,0.1597,0.018719,4.298
539910,520,171,691,253,178,128,54.30,0.9187,0.7951,0.542842,31,94,5,139.27,0.9928,0.3355,0.083074,4.455
539924,520,436,956,226,44,130,358.25,0.8880,0.5475,0.195845,42,5,17,4.66,0.7500,0.0938,0.006413,4.358
539932,520,350,870,243,103,30,43.17,0.9568,0.6280,0.288520,44,46,30,113.91,0.2913,0.1921,0.025832,4.464
539938,520,401,921,231,58,156,350.87,0.8658,0.5788,0.224181,51,4,69,313.85,0.8891,0.1420,0.012204,4.408
539940,520,14,534,246,254,207,115.39,0.9801,0.9759,0.949815,47,132,56,145.16,0.9279,0.4716,0.173917,4.465
539952,520,433,953,246,16,5,29.50,0.9965,0.5524,0.199779,37,14,29,342.15,0.4973,0.1041,0.007961,4.309
539953,520,372,892,233,49,226,329.90,0.9557,0.6130,0.250137,50,16,83,302.30,0.7999,0.1667,0.016733,4.498
539954,520,386,906,253,39,105,11.02,0.9845,0.5899,0.233573,3,43,5,143.69,0.9871,0.1491,0.017580,4.196
539961,520,477,997,192,58,155,340.92,0.7705,0.5078,0.166008,0,1,9,261.82,1.0000,0.0198,0.000414,4.285
539967,520,404,924,198,60,245,315.68,0.9474,0.5785,0.218314,2,33,49,235.44,0.8747,0.1312,0.013223,4.244
539973,520,476,996,205,68,15,37.86,0.9621,0.5076,0.171501,4,0,3,335.23,1.0000,0.0185,0.000324,4.402
539976,520,454,974,218,40,127,357.40,0.8814,0.5279,0.179578,7,18,0,131.53,1.0000,0.0699,0.004778,4.191
539989,520,470,990,228,19,27,27.58,0.9874,0.5156,0.170419,7,4,11,306.46,0.3830,0.0389,0.001562,4.275
539997,520,435,955,218,27,183,337.88,0.9475,0.5477,0.191105,10,22,29,235.21,0.3831,0.0926,0.007270,4.210
540004,520,464,984,212,45,120,359.28,0.8494,0.5173,0.172322,3,8,12,234.23,0.3826,0.0453,0.002196,4.259
540006,520,424,944,184,87,207,319.57,0.7504,0.5628,0.215128,7,32,10,145.94,0.9054,0.1146,0.011001,4.346
540020,520,418,938,214,89,31,41.88,0.9051,0.5554,0.215421,57,3,6,24.07,0.9442,0.1192,0.009483,4.462
540022,520,449,969,231,38,64,21.36,0.9512,0.5358,0.187483,23,10,20,335.73,0.3935,0.0729,0.004498,4.358
540029,520,363,883,238,6,228,330.68,0.9972,0.6063,0.239116,10,15,115,267.39,0.9803,0.1674,0.016438,4.352
540030,520,408,928,226,64,132,359.49,0.8247,0.5658,0.215041,35,23,54,299.79,0.5238,0.1338,0.012365,4.250
540036,520,362,882,251,79,0,37.73,1.0000,0.6086,0.261047,3,52,17,148.05,0.9862,0.1823,0.025157,4.139
540038,520,442,962,201,78,137,353.47,0.6927,0.5399,0.196743,10,18,15,169.52,0.2554,0.0761,0.005316,4.461
540040,520,441,961,232,39,54,24.18,0.9565,0.5370,0.188762,5,7,65,268.91,0.9655,0.0889,0.005658,4.290
540048,520,368,888,229,86,164,349.88,0.7842,0.6093,0.259964,15,39,68,254.61,0.6474,0.1674,0.019699,4.447
540069,520,392,912,218,72,202,332.59,0.8512,0.5933,0.238065,12,39,34,179.41,0.6107,0.1466,0.016446,4.335
540072,520,356,876,247,14,220,334.64,0.9940,0.6189,0.252586,60,7,89,308.87,0.8946,0.1787,0.018340,4.428
540073,520,450,970,232,26,115,3.63,0.9541,0.5438,0.191354,0,19,17,186.60,1.0000,0.0724,0.005062,4.383
540087,520,477,997,184,48,193,325.29,0.8509,0.5073,0.161559,5,0,5,328.36,1.0000,0.0213,0.000432,4.195
540090,520,405,925,223,59,179,341.03,0.8620,0.5762,0.220730,33,32,6,107.14,0.7161,0.1346,0.013695,4.250
540096,520,456,976,171,38,255,306.49,1.0000,0.5298,0.172649,1,12,20,234.36,0.7836,0.0562,0.003199,4.185
540108,520,463,983,180,72,200,321.07,0.7800,0.5316,0.185093,9,5,31,285.75,0.7318,0.0547,0.002655,4.465
540109,520,461,981,176,76,197,320.33,0.7525,0.5289,0.184312,10,8,0,101.83,1.0000,0.0477,0.002382,4.473
540113,520,480,1000,185,78,134,350.29,0.6398,0.5117,0.174858,0,0,0,0.00,0.0000,0.0000,0.000000,4.497
540115,520,461,981,175,35,246,309.65,0.9630,0.5256,0.169708,10,2,29,293.82,0.8386,0.0474,0.001967,4.228
540118,520,428,948,239,7,135,357.50,0.9911,0.5595,0.202551,45,5,16,8.41,0.7748,0.0993,0.007039,4.428
540119,520,480,1000,154,61,236,303.56,0.9004,0.5088,0.162641,0,0,0,0.00,0.0000,0.0000,0.000000,4.253
540141,520,475,995,219,45,80,16.06,0.8997,0.5194,0.175186,11,2,2,22.11,0.5791,0.0340,0.001190,4.399
540144,520,443,963,214,71,79,21.24,0.8073,0.5363,0.193695,10,22,6,137.65,0.6897,0.0848,0.006515,4.312
540155,520,477,997,185,29,215,319.99,0.9468,0.5121,0.161006,2,1,1,18.81,0.2281,0.0183,0.000368,4.189
540197,520,403,923,226,13,222,329.31,0.9911,0.5823,0.217329,55,2,44,338.47,0.8657,0.1280,0.010376,4.428
540201,520,411,931,246,53,10,32.60,0.9921,0.5729,0.221644,14,28,43,251.24,0.4570,0.1192,0.010983,4.454
540202,520,341,861,244,83,158,355.36,0.8788,0.6289,0.278912,76,27,40,6.27,0.5944,0.1995,0.024738,4.401
540204,520,469,989,213,34,136,352.52,0.8916,0.5179,0.170701,14,0,23,312.57,1.0000,0.0424,0.001552,4.281
540206,520,418,938,227,76,62,28.90,0.8706,0.5640,0.218503,43,14,38,334.50,0.5897,0.1183,0.009677,4.499
540212,520,470,990,213,1,158,344.14,0.9973,0.5167,0.166388,14,1,10,337.86,0.7458,0.0381,0.001370,4.212
540215,520,440,960,241,7,96,10.70,0.9931,0.5512,0.197006,39,2,34,334.14,0.8243,0.0914,0.005903,4.418
540217,520,352,872,218,74,236,323.06,0.9162,0.6165,0.258610,25,18,123,272.46,0.9639,0.1898,0.020692,4.366
540219,520,458,978,200,39,196,329.31,0.9043,0.5299,0.177177,8,12,2,123.73,0.6682,0.0558,0.003189,4.271
540221,520,419,939,201,15,247,317.18,0.9909,0.5590,0.194761,23,26,28,236.85,0.0749,0.1131,0.010048,4.076
540224,520,454,974,210,75,3,40.59,0.9920,0.5261,0.187427,0,10,43,261.16,1.0000,0.0673,0.003915,4.404
540243,520,398,918,211,75,199,331.49,0.8202,0.5835,0.230064,37,29,44,308.57,0.2816,0.1437,0.014539,4.339
540245,520,213,733,252,144,227,336.23,0.9745,0.7601,0.461903,34,82,40,146.19,0.8442,0.3008,0.065277,4.441
540255,520,463,983,210,28,172,339.21,0.9259,0.5270,0.175129,12,6,19,305.19,0.4674,0.0521,0.002554,4.284
540258,520,342,862,253,18,226,334.50,0.9937,0.6343,0.268095,64,17,89,310.70,0.7980,0.1947,0.022123,4.410
540274,520,447,967,205,67,155,345.32,0.7643,0.5408,0.193620,35,0,29,335.84,1.0000,0.0779,0.004461,4.473
540276,520,329,849,250,37,247,328.93,0.9868,0.6490,0.283655,28,54,39,157.40,0.4955,0.2056,0.030316,4.154
540277,520,478,998,142,58,255,296.14,1.0000,0.5077,0.159970,7,0,4,341.66,1.0000,0.0236,0.000539,4.155
540279,520,424,944,220,71,111,8.33,0.7876,0.5555,0.208723,17,25,32,245.25,0.2488,0.1071,0.009187,4.371
540295,520,414,934,229,77,69,27.00,0.8632,0.5701,0.223982,30,22,51,294.29,0.5125,0.1237,0.010889,4.500
540306,520,369,889,253,20,180,346.64,0.9864,0.6096,0.246817,63,29,3,53.87,0.8555,0.1712,0.019422,4.276
540329,520,333,853,243,71,208,337.38,0.9291,0.6374,0.281180,6,56,3,141.95,0.9912,0.1955,0.028735,4.206
540345,520,355,875,213,72,250,318.35,0.9718,0.6165,0.256846,8,10,129,266.37,0.9916,0.1816,0.018535,4.477
540346,520,471,991,213,1,172,339.75,0.9977,0.5244,0.171487,19,1,0,34.03,1.0000,0.0411,0.001602,4.292
540360,520,437,957,206,73,155,346.10,0.7437,0.5497,0.202554,35,10,17,4.61,0.5462,0.0893,0.006149,4.498
540379,520,456,976,203,27,195,330.47,0.9421,0.5278,0.174224,23,3,18,337.70,0.6859,0.0584,0.002910,4.238
540389,520,466,986,149,57,255,298.52,1.0000,0.5154,0.165361,14,1,28,304.48,0.8846,0.0483,0.001989,4.142
540394,520,415,935,232,71,61,27.89,0.8939,0.5672,0.220021,15,32,18,148.61,0.5471,0.1209,0.011782,4.371
540397,520,420,940,221,34,193,335.77,0.9415,0.5625,0.203688,51,5,2,30.75,0.9395,0.1082,0.008169,4.361
540401,520,412,932,234,42,153,351.64,0.9169,0.5709,0.214512,39,13,54,310.76,0.7025,0.1212,0.009856,4.419
540407,520,415,935,219,38,214,329.51,0.9498,0.5743,0.213035,48,13,16,18.05,0.6439,0.1166,0.009537,4.418
540411,520,433,953,226,20,155,348.44,0.9617,0.5455,0.190383,10,14,65,271.24,0.8980,0.1031,0.007602,4.173
540414,520,270,790,213,139,227,321.05,0.7370,0.7005,0.381586,41,70,10,132.50,0.9410,0.2612,0.048735,4.371
540430,520,458,978,223,23,134,355.00,0.9471,0.5314,0.180247,27,2,14,351.93,0.7604,0.0608,0.003082,4.338
540432,520,454,974,221,11,140,352.16,0.9759,0.5261,0.175076,15,12,13,355.57,0.0861,0.0652,0.003936,4.173
540452,520,427,947,208,18,235,321.67,0.9862,0.5618,0.198425,15,24,25,204.69,0.2169,0.0996,0.008250,4.265
540486,520,379,899,241,66,148,356.61,0.8795,0.6013,0.247384,71,13,12,26.29,0.8582,0.1621,0.016542,4.469
540489,520,456,976,203,21,198,329.65,0.9603,0.5273,0.173119,20,6,15,341.63,0.4714,0.0593,0.003135,4.199
540493,520,431,951,242,36,19,29.93,0.9839,0.5530,0.201894,33,17,24,352.23,0.3416,0.1017,0.007902,4.350
540503,520,364,884,230,66,212,332.87,0.9078,0.6130,0.254753,16,43,47,208.20,0.5328,0.1669,0.020431,4.327
540505,520,364,884,225,52,234,325.88,0.9515,0.6069,0.244062,27,46,23,140.16,0.5781,0.1748,0.022488,4.057
540532,520,420,940,207,58,197,330.93,0.8583,0.5577,0.203246,24,23,26,301.02,0.0720,0.1054,0.008816,4.306
540548,520,437,957,227,51,115,4.79,0.8727,0.5497,0.199391,27,17,2,79.13,0.7708,0.0874,0.006383,4.423
540552,520,356,876,251,50,186,345.16,0.9701,0.6231,0.263389,32,38,79,274.45,0.5642,0.1845,0.022578,4.318
540567,520,373,893,209,85,217,325.24,0.8327,0.6034,0.250637,42,35,30,57.61,0.1471,0.1591,0.017881,4.429
540576,520,294,814,242,91,240,328.30,0.9478,0.6752,0.326532,65,49,66,324.43,0.2562,0.2392,0.037139,4.321
540591,520,389,909,248,42,117,6.62,0.9469,0.5851,0.229002,24,38,30,158.99,0.3121,0.1495,0.016741,4.180
540600,520,396,916,215,50,214,328.38,0.9203,0.5754,0.215854,27,19,77,281.90,0.7986,0.1376,0.012345,4.264
540625,520,477,997,207,51,119,359.24,0.8149,0.5124,0.169671,0,1,3,247.65,1.0000,0.0159,0.000283,4.369
540642,520,434,954,244,3,80,15.83,0.9977,0.5530,0.198809,8,12,70,269.84,0.9398,0.1042,0.007567,4.322
540645,520,452,972,170,75,219,311.96,0.8147,0.5343,0.186935,30,2,20,344.06,0.7790,0.0682,0.003700,4.412
540648,520,451,971,209,38,187,334.43,0.9074,0.5395,0.185314,4,12,42,266.18,0.8306,0.0733,0.004559,4.313
540662,520,352,872,241,88,125,9.09,0.8472,0.6187,0.271639,54,41,38,33.23,0.1794,0.1929,0.025101,4.283
540664,520,454,974,197,79,130,356.10,0.6711,0.5318,0.190757,7,10,39,273.05,0.7451,0.0692,0.004087,4.451
540702,520,432,952,245,18,17,28.80,0.9921,0.5512,0.198891,38,3,45,320.52,0.8331,0.0988,0.006667,4.392
540712,520,457,977,216,35,150,348.23,0.8983,0.5307,0.180054,7,1,46,277.57,0.9803,0.0581,0.002641,4.370
540715,520,468,988,213,18,165,342.07,0.9563,0.5247,0.172976,16,1,14,332.36,0.7748,0.0424,0.001636,4.318
540720,520,392,912,219,100,71,34.93,0.7674,0.5863,0.246317,36,35,17,105.65,0.4235,0.1485,0.016176,4.478
540727,520,437,957,167,74,247,304.62,0.9378,0.5509,0.198290,44,1,17,2.69,0.9080,0.0914,0.005977,4.436
540730,520,373,893,254,36,150,356.37,0.9911,0.6048,0.245382,64,14,45,346.49,0.7068,0.1598,0.015937,4.480
540756,520,367,887,228,21,251,323.05,0.9916,0.6084,0.239976,41,10,103,287.53,0.9303,0.1702,0.016677,4.349
540757,520,408,928,217,88,113,11.16,0.7116,0.5734,0.229257,35,29,3,96.69,0.8253,0.1282,0.012427,4.473
540761,520,436,956,240,40,32,28.80,0.9699,0.5520,0.201505,29,17,11,47.45,0.3472,0.0921,0.006863,4.423
540763,520,423,943,234,14,150,351.71,0.9798,0.5572,0.200115,13,10,71,273.88,0.9326,0.1055,0.007575,4.344
540766,520,407,927,226,18,207,333.11,0.9825,0.5737,0.211088,42,24,27,8.68,0.3080,0.1310,0.012247,4.194
540767,520,381,901,225,15,254,321.73,0.9963,0.6041,0.235071,30,28,84,278.98,0.7300,0.1645,0.017466,4.225
540796,520,463,983,223,45,104,7.64,0.8868,0.5336,0.185669,8,5,28,285.41,0.6957,0.0517,0.002440,4.494
540810,520,462,982,236,5,23,27.59,0.9974,0.5289,0.180065,20,6,1,51.78,0.7552,0.0547,0.002812,4.356
540823,520,293,813,249,76,253,327.01,0.9931,0.6783,0.324032,89,23,83,331.82,0.7360,0.2402,0.033615,4.473
540832,520,333,853,225,114,146,3.20,0.6677,0.6381,0.301197,42,52,14,122.49,0.7318,0.2050,0.029799,4.401
540863,520,426,946,196,59,223,320.42,0.8920,0.5580,0.201929,25,18,51,289.76,0.5993,0.1099,0.008783,4.286
540865,520,385,905,217,23,249,320.78,0.9879,0.5892,0.222060,16,1,108,270.90,0.9981,0.1458,0.012145,4.378
540869,520,348,868,243,102,20,43.93,0.9749,0.6260,0.286110,34,47,39,157.62,0.2406,0.1882,0.025196,4.470
540870,520,479,999,189,85,34,43.63,0.8337,0.5051,0.174330,2,0,1,344.76,1.0000,0.0130,0.000151,4.473
540896,520,320,840,241,60,255,324.83,1.0000,0.6532,0.291550,40,52,44,155.77,0.2057,0.2103,0.030889,4.222
540906,520,440,960,214,68,145,351.92,0.7775,0.5534,0.204769,8,21,37,254.35,0.5406,0.0932,0.007215,4.453
540931,520,413,933,240,31,149,353.76,0.9533,0.5747,0.216783,44,19,8,43.78,0.6195,0.1185,0.010188,4.432
540937,520,330,850,234,115,97,30.23,0.7927,0.6409,0.306195,69,42,18,60.32,0.6069,0.2124,0.029650,4.472
540947,520,395,915,224,43,219,329.46,0.9502,0.5892,0.226918,33,25,54,294.62,0.4866,0.1358,0.012849,4.406
540967,520,466,986,181,17,234,314.49,0.9824,0.5163,0.161663,6,4,34,278.79,0.8458,0.0523,0.002410,4.039
540974,520,480,1000,206,49,132,353.41,0.8189,0.5138,0.169865,0,0,0,0.00,0.0000,0.0000,0.000000,4.397
540990,520,424,944,187,55,248,312.00,0.9609,0.5599,0.200756,26,26,13,108.24,0.3643,0.1114,0.009875,4.188
540991,520,446,966,225,57,74,20.63,0.8892,0.5408,0.194310,16,19,1,116.88,0.8860,0.0799,0.005781,4.380
541000,520,466,986,178,9,245,311.31,0.9931,0.5191,0.162540,28,0,1,24.73,1.0000,0.0540,0.002491,4.049
541010,520,352,872,211,87,242,319.02,0.9218,0.6250,0.270776,56,34,65,315.61,0.4584,0.1921,0.023665,4.355
541011,520,459,979,210,18,177,337.57,0.9594,0.5258,0.173107,3,10,34,264.68,0.7905,0.0622,0.003519,4.169
541014,520,453,973,215,5,175,339.36,0.9897,0.5308,0.176531,4,15,21,230.89,0.5097,0.0664,0.004216,4.178
541016,520,474,994,199,65,140,349.78,0.7458,0.5210,0.178180,0,1,20,263.97,1.0037,0.0271,0.000722,4.499
541024,520,424,944,237,56,0,34.04,1.0000,0.5570,0.208361,18,23,41,271.17,0.4024,0.1077,0.009015,4.378
541026,520,423,943,158,84,250,299.94,0.9489,0.5553,0.205122,2,3,89,265.41,0.9951,0.1131,0.007992,4.399
541030,520,476,996,205,0,169,338.63,1.0000,0.5070,0.158458,6,0,1,6.99,1.0000,0.0204,0.000409,4.135
541042,520,379,899,245,57,151,355.56,0.9151,0.6018,0.245763,19,39,58,248.66,0.5009,0.1627,0.018949,4.290
541046,520,334,854,253,42,219,336.33,0.9899,0.6394,0.276563,87,8,40,3.59,0.8488,0.1996,0.023535,4.441
541047,520,225,745,239,159,181,1.68,0.6730,0.7525,0.464851,56,79,18,128.05,0.8649,0.3024,0.064763,4.486
541051,520,462,982,193,49,205,324.60,0.8805,0.5315,0.179434,17,3,16,329.95,0.6313,0.0494,0.002217,4.394
541054,520,464,984,165,62,226,309.50,0.8691,0.5167,0.169363,6,11,12,209.69,0.2047,0.0549,0.003046,4.135
541082,520,464,984,232,3,5,29.01,0.9985,0.5190,0.172350,22,0,6,1.53,1.0000,0.0455,0.001838,4.289
541090,520,479,999,211,48,92,10.87,0.8553,0.5089,0.167379,3,0,0,29.23,1.0000,0.0143,0.000194,4.331
541111,520,373,893,255,44,120,6.82,1.0000,0.6010,0.244211,21,26,87,272.56,0.8398,0.1565,0.015863,4.467
541119,520,402,922,228,12,212,332.29,0.9905,0.5791,0.215129,57,10,30,358.78,0.7260,0.1344,0.011808,4.290
541131,520,365,885,196,101,228,316.88,0.8101,0.6140,0.266457,30,41,47,232.18,0.2081,0.1703,0.020671,4.478
541147,520,443,963,230,6,142,353.35,0.9898,0.5440,0.189091,7,12,42,270.92,0.7527,0.0755,0.004753,4.367
541167,520,355,875,242,61,188,342.89,0.9134,0.6162,0.258485,42,28,86,289.48,0.6967,0.1784,0.019946,4.410
541177,520,384,904,238,14,201,337.50,0.9895,0.5910,0.227111,15,43,9,140.30,0.9284,0.1548,0.018490,4.046
541194,520,396,916,247,53,65,23.84,0.9590,0.5795,0.227055,53,18,25,9.96,0.5676,0.1365,0.012598,4.426
541225,520,417,937,227,14,195,336.57,0.9844,0.5671,0.205877,0,35,16,155.46,1.0000,0.1222,0.012394,4.101
541247,520,441,961,234,11,110,5.10,0.9850,0.5414,0.188606,30,16,14,28.43,0.3253,0.0920,0.006783,4.202
541255,520,423,943,232,0,172,344.25,1.0000,0.5609,0.201372,16,10,76,275.27,0.9350,0.1135,0.008490,4.298
541256,520,455,975,212,39,166,341.89,0.8866,0.5336,0.182035,15,7,17,319.69,0.3885,0.0563,0.002940,4.383
541283,520,337,857,241,106,84,31.24,0.8766,0.6352,0.296518,19,53,50,187.50,0.5931,0.2014,0.029148,4.378
541291,520,454,974,216,21,163,343.50,0.9502,0.5304,0.177820,10,13,31,274.45,0.4967,0.0717,0.004513,4.179
541292,520,405,925,253,36,5,30.77,0.9968,0.5755,0.221591,64,0,17,13.19,1.0000,0.1333,0.011307,4.430
541293,520,435,955,222,74,55,30.46,0.8755,0.5511,0.207056,0,23,34,230.33,1.0000,0.0918,0.007282,4.488
541314,520,339,859,240,87,192,342.29,0.8799,0.6416,0.291501,59,42,36,40.29,0.2467,0.2017,0.027132,4.427
541316,520,389,909,246,26,157,352.24,0.9709,0.5876,0.227692,62,17,9,32.33,0.7935,0.1484,0.014449,4.309
541317,520,465,985,222,38,72,18.21,0.9326,0.5187,0.173864,3,5,28,271.16,0.8111,0.0471,0.002117,4.295
541323,520,450,970,238,15,62,20.65,0.9887,0.5397,0.188699,29,8,6,28.50,0.5857,0.0732,0.004481,4.381
541335,520,309,829,255,74,214,338.59,1.0000,0.6638,0.310158,56,53,22,103.74,0.5608,0.2242,0.034449,4.265
541350,520,349,869,238,48,247,326.07,0.9742,0.6346,0.270090,59,28,73,314.15,0.6081,0.1900,0.022414,4.420
541351,520,452,972,207,18,188,333.54,0.9635,0.5270,0.173309,7,0,59,273.40,1.0000,0.0712,0.003609,4.165
541378,520,333,853,229,121,42,51.83,0.8866,0.6361,0.305024,32,53,25,138.26,0.6184,0.2015,0.029234,4.481
541390,520,469,989,154,76,225,304.48,0.8275,0.5185,0.174756,14,2,6,354.86,0.6111,0.0392,0.001499,4.364
541402,520,336,856,250,54,211,337.89,0.9718,0.6370,0.276686,75,29,37,11.51,0.5644,0.2000,0.025084,4.351
541410,520,427,947,185,53,251,310.85,0.9767,0.5577,0.198266,19,14,55,282.58,0.7382,0.0998,0.007283,4.334
541425,520,391,911,235,59,152,353.27,0.8729,0.5853,0.230600,59,16,39,350.51,0.6477,0.1500,0.014470,4.352
541445,520,459,979,177,69,212,316.73,0.8188,0.5317,0.183578,0,10,37,259.20,1.0000,0.0621,0.003506,4.365
541448,520,460,980,219,60,6,35.40,0.9901,0.5251,0.183076,3,16,8,157.89,0.7149,0.0636,0.004075,4.310
541460,520,458,978,197,63,173,335.86,0.7834,0.5317,0.184442,20,6,11,356.70,0.4449,0.0578,0.003032,4.421
541467,520,441,961,224,67,15,35.97,0.9764,0.5431,0.198988,11,23,18,166.21,0.3644,0.0914,0.007276,4.347
541492,520,465,985,200,62,131,353.69,0.7567,0.5154,0.173652,1,4,32,266.06,0.9376,0.0460,0.001976,4.303
541494,520,380,900,241,57,156,353.00,0.8971,0.5964,0.240304,67,13,29,7.35,0.7424,0.1578,0.015700,4.419
541507,520,352,872,255,42,176,348.73,1.0000,0.6209,0.260540,59,41,3,81.38,0.9001,0.1929,0.025224,4.128
541515,520,323,843,253,39,233,332.85,0.9918,0.6462,0.282200,15,56,45,171.98,0.7540,0.2075,0.031192,4.092
541516,520,363,883,210,95,210,327.52,0.7847,0.6143,0.265409,38,42,30,122.81,0.2321,0.1741,0.021617,4.404
541524,520,409,929,206,40,233,321.30,0.9545,0.5668,0.205243,25,4,92,279.40,0.9768,0.1337,0.010662,4.208
541526,520,466,986,197,85,11,45.89,0.9553,0.5178,0.183934,23,2,9,358.47,0.7318,0.0527,0.002453,4.460
541534,520,479,999,196,9,193,329.17,0.9806,0.5078,0.157831,0,0,3,264.05,1.0000,0.0094,0.000066,4.151
541558,520,460,980,177,62,214,316.59,0.8457,0.5250,0.176484,0,6,42,263.07,1.0004,0.0585,0.002974,4.275
541562,520,379,899,245,33,176,346.37,0.9631,0.5974,0.236380,32,40,30,139.43,0.2317,0.1624,0.019184,4.139
541567,520,429,949,233,26,124,0.66,0.9540,0.5489,0.195207,37,7,46,317.39,0.7539,0.1037,0.007426,4.270
541572,520,471,991,117,100,225,285.44,0.7755,0.5172,0.183322,12,6,0,81.92,1.0000,0.0449,0.002084,4.480
541575,520,273,793,210,141,221,321.87,0.6791,0.6976,0.379730,12,61,113,253.94,0.8481,0.2633,0.046076,4.473
541588,520,317,837,244,109,138,9.04,0.8294,0.6575,0.320082,3,58,71,219.03,0.9332,0.2226,0.035002,4.354
541589,520,110,630,255,214,14,94.73,1.0000,0.8661,0.693866,9,111,34,145.79,0.9925,0.3899,0.115419,4.497
541610,520,478,998,181,81,126,354.16,0.6031,0.5064,0.172164,4,0,12,302.69,1.0000,0.0238,0.000524,4.397
541619,520,385,905,237,80,62,29.86,0.9049,0.5877,0.240927,1,42,9,146.62,0.9943,0.1453,0.016820,4.354
541657,520,463,983,164,67,231,307.62,0.8719,0.5252,0.176770,21,1,6,2.83,0.8028,0.0463,0.001943,4.366
541663,520,438,958,215,69,132,357.82,0.7726,0.5511,0.203715,41,9,1,40.07,0.9127,0.0942,0.006691,4.475
541682,520,308,828,224,124,194,339.49,0.7018,0.6725,0.341595,6,67,1,141.73,0.9980,0.2342,0.040551,4.325
541714,520,345,865,239,47,237,328.66,0.9703,0.6290,0.265008,12,19,127,267.26,0.9784,0.1898,0.020760,4.452
541736,520,471,991,229,20,56,21.84,0.9812,0.5213,0.174469,3,3,18,278.09,0.6970,0.0354,0.001282,4.377
541758,520,349,869,239,71,213,334.94,0.9171,0.6334,0.276640,56,42,4,87.38,0.8749,0.1914,0.025055,4.352
541764,520,398,918,201,46,254,315.05,0.9947,0.5790,0.215287,31,30,40,289.47,0.1875,0.1373,0.013731,4.163
541769,520,382,902,229,2,237,326.50,0.9991,0.5959,0.228183,39,3,100,287.95,0.9761,0.1576,0.014165,4.335
541782,520,438,958,216,56,161,345.30,0.8339,0.5518,0.200028,1,9,66,264.80,0.9712,0.0906,0.005951,4.469
541785,520,321,841,235,68,249,324.59,0.9764,0.6461,0.286383,62,37,69,318.65,0.4563,0.2094,0.027770,4.325
541788,520,472,992,229,17,1,29.88,0.9990,0.5159,0.170641,9,0,8,331.18,1.0000,0.0283,0.000756,4.347
541806,520,342,862,229,70,235,326.41,0.9321,0.6292,0.270387,42,42,61,284.08,0.2722,0.1918,0.024851,4.280
541828,520,460,980,184,73,193,324.65,0.7640,0.5345,0.188069,19,8,11,1.58,0.3275,0.0607,0.003363,4.461
541838,520,479,999,188,8,211,322.13,0.9870,0.5066,0.155696,0,0,5,264.05,1.0000,0.0116,0.000110,4.105
541844,520,385,905,237,43,172,346.12,0.9297,0.5859,0.227137,41,32,36,349.72,0.1493,0.1523,0.016318,4.179
541846,520,455,975,194,35,216,322.24,0.9380,0.5312,0.176308,0,11,36,257.72,1.0000,0.0634,0.003667,4.217
541855,520,461,981,222,0,147,349.85,1.0000,0.5289,0.176388,23,0,14,344.19,1.0000,0.0500,0.002139,4.342
541863,520,432,952,186,96,149,345.39,0.5611,0.5489,0.209761,26,22,10,91.69,0.3877,0.1001,0.008154,4.467
541864,520,426,946,247,16,20,28.44,0.9933,0.5551,0.201989,1,10,84,264.73,0.9814,0.1148,0.008636,4.298
541865,520,362,882,229,26,251,323.25,0.9889,0.6117,0.243641,60,33,29,29.08,0.3952,0.1797,0.021372,4.114
541866,520,447,967,238,27,44,25.48,0.9802,0.5418,0.191461,19,4,50,290.65,0.8767,0.0787,0.004556,4.426
541871,520,419,939,234,60,80,19.81,0.8977,0.5625,0.213063,42,11,39,331.56,0.6497,0.1127,0.008781,4.475
541900,520,384,904,238,29,198,338.41,0.9713,0.5941,0.231360,71,5,0,31.68,1.0000,0.1519,0.014484,4.363
541904,520,457,977,231,38,50,24.98,0.9593,0.5338,0.186085,11,10,12,308.09,0.0760,0.0569,0.003148,4.442
541911,520,468,988,225,5,120,359.84,0.9901,0.5249,0.174749,6,6,7,285.97,0.0577,0.0415,0.001843,4.335
541914,520,403,923,238,62,103,12.44,0.8830,0.5774,0.226047,40,23,39,328.78,0.3773,0.1312,0.012104,4.445
541927,520,292,812,220,117,237,321.79,0.8745,0.6772,0.340542,75,47,46,21.73,0.3125,0.2403,0.037263,4.475
541941,520,399,919,233,75,100,15.45,0.8395,0.5813,0.232788,41,20,59,306.53,0.6233,0.1394,0.012875,4.498
541945,520,434,954,234,39,109,6.97,0.9270,0.5529,0.200506,23,24,19,116.45,0.1306,0.1045,0.008824,4.259
541953,520,378,898,224,69,199,335.15,0.8674,0.5984,0.242293,20,36,60,258.28,0.5084,0.1562,0.017367,4.339
541957,520,396,916,235,66,127,3.44,0.8504,0.5828,0.230938,8,28,70,262.61,0.8364,0.1369,0.013243,4.442
541962,520,479,999,223,29,42,25.56,0.9705,0.5107,0.167367,1,0,1,328.36,1.0000,0.0103,0.000086,4.340
541969,520,447,967,185,72,201,322.52,0.7886,0.5399,0.191673,4,4,61,268.87,0.9787,0.0785,0.004495,4.435
541971,520,452,972,223,44,79,16.70,0.9123,0.5265,0.180566,7,15,12,169.96,0.3020,0.0652,0.004134,4.259
541975,520,321,841,237,96,199,339.54,0.8613,0.6515,0.304963,21,52,76,244.46,0.6006,0.2134,0.031371,4.362
541979,520,429,949,232,36,110,6.05,0.9305,0.5473,0.195463,14,21,38,266.20,0.4318,0.0977,0.007696,4.254
542003,520,477,997,166,46,235,308.77,0.9271,0.5103,0.160599,1,2,8,267.88,0.6163,0.0246,0.000674,4.156
542012,520,426,946,134,102,253,288.27,0.9704,0.5601,0.216627,3,32,14,153.18,0.9448,0.1134,0.010840,4.382
542020,520,437,957,154,92,237,299.92,0.8426,0.5522,0.206390,3,22,39,246.79,0.7513,0.0940,0.007396,4.467
542021,520,390,910,237,81,90,21.01,0.8676,0.5938,0.246305,19,32,69,266.75,0.6458,0.1518,0.016011,4.489
542025,520,336,856,249,10,243,329.68,0.9974,0.6364,0.268309,35,48,60,246.72,0.2633,0.2013,0.027974,4.082
542051,520,448,968,232,49,28,30.60,0.9649,0.5419,0.194393,22,13,32,304.61,0.4688,0.0835,0.005627,4.393
542057,520,439,959,233,7,133,356.99,0.9891,0.5466,0.191720,14,5,60,279.12,0.9320,0.0862,0.005281,4.373
542064,520,410,930,247,18,122,3.48,0.9820,0.5737,0.216154,48,20,11,38.46,0.5994,0.1278,0.011529,4.326
542075,520,464,984,179,67,200,320.95,0.7965,0.5238,0.177693,15,2,23,312.36,0.7678,0.0484,0.002068,4.373
542079,520,454,974,218,66,16,36.07,0.9711,0.5303,0.188418,32,3,8,11.97,0.7732,0.0694,0.003898,4.424
542086,520,350,870,212,90,234,321.25,0.8845,0.6250,0.272515,37,48,37,144.92,0.2453,0.1932,0.026408,4.221
542087,520,388,908,218,25,251,320.57,0.9873,0.5931,0.225677,16,16,100,270.78,0.9579,0.1515,0.014007,4.307
542093,520,389,909,229,51,202,335.34,0.9235,0.5928,0.232924,63,17,8,33.15,0.8136,0.1502,0.014754,4.369
542097,520,469,989,228,8,98,8.16,0.9878,0.5247,0.175524,3,2,33,273.69,0.9462,0.0440,0.001726,4.360
542128,520,465,985,188,50,199,324.75,0.8601,0.5199,0.170975,0,1,41,264.20,0.9934,0.0464,0.001818,4.264
542153,520,467,987,232,0,56,21.18,1.0000,0.5225,0.174444,1,1,33,267.94,0.9855,0.0394,0.001380,4.368
542169,520,334,854,245,33,254,326.27,0.9969,0.6435,0.276587,87,12,38,6.32,0.8157,0.2022,0.024295,4.396
542184,520,453,973,220,51,75,18.85,0.8913,0.5254,0.180939,6,12,30,266.77,0.5738,0.0659,0.003954,4.280
542187,520,464,984,163,69,224,308.72,0.8436,0.5206,0.174253,4,11,7,161.47,0.4110,0.0515,0.002805,4.247
542200,520,414,934,212,30,230,323.76,0.9708,0.5693,0.206407,35,10,68,297.16,0.8241,0.1241,0.009918,4.279
542202,520,473,993,234,10,3,29.40,0.9974,0.5249,0.177193,1,3,13,264.20,0.7170,0.0303,0.001006,4.454
542227,520,468,988,157,73,224,306.15,0.8320,0.5175,0.173155,0,10,3,155.06,1.0000,0.0441,0.002236,4.272
542254,520,237,757,201,163,223,312.85,0.5629,0.7324,0.439402,42,78,20,135.82,0.9098,0.2890,0.059914,4.453
542273,520,453,973,233,35,22,29.57,0.9771,0.5336,0.185867,2,13,30,254.41,0.7506,0.0650,0.003945,4.372
542281,520,398,918,200,52,247,316.10,0.9605,0.5763,0.214522,42,29,28,23.70,0.2129,0.1431,0.014549,4.098
542302,520,321,841,250,100,108,20.08,0.9342,0.6463,0.305243,32,54,48,175.18,0.3449,0.2115,0.031587,4.354
542312,520,444,964,201,44,207,326.46,0.9076,0.5425,0.187256,23,14,27,315.10,0.3607,0.0839,0.005754,4.255
542334,520,271,791,250,92,255,326.56,1.0000,0.6976,0.352009,33,70,26,140.56,0.8644,0.2580,0.047781,4.111
542339,520,465,985,195,58,168,336.93,0.7906,0.5201,0.174571,7,10,3,124.73,0.4767,0.0506,0.002688,4.262
542346,520,478,998,176,16,231,313.72,0.9818,0.5053,0.153713,1,2,4,255.89,0.3738,0.0225,0.000586,4.027
542347,520,278,798,243,121,181,351.08,0.8221,0.6897,0.360682,51,59,74,262.91,0.2059,0.2539,0.043261,4.404
542355,520,464,984,155,95,180,315.29,0.5813,0.5191,0.184488,0,11,14,210.96,1.0000,0.0503,0.002710,4.449
542357,520,477,997,180,29,218,317.74,0.9483,0.5063,0.156452,5,0,6,324.01,1.0000,0.0219,0.000454,4.092
542362,520,384,904,241,23,193,340.42,0.9796,0.5946,0.231668,15,39,42,206.16,0.5010,0.1516,0.017197,4.192
542372,520,418,938,144,110,218,295.93,0.6902,0.5590,0.221432,32,27,0,99.78,1.0000,0.1185,0.010910,4.456
542378,520,457,977,193,55,202,325.32,0.8559,0.5348,0.183356,18,8,0,73.21,1.0000,0.0562,0.003023,4.401
542381,520,350,870,255,9,215,337.60,1.0000,0.6296,0.263650,16,52,25,149.07,0.8650,0.1886,0.026362,4.107
542387,520,449,969,215,43,167,342.44,0.8801,0.5425,0.189671,13,1,52,282.99,0.9771,0.0696,0.003552,4.475
542396,520,359,879,229,67,221,330.11,0.9173,0.6176,0.258951,11,28,108,266.53,0.9408,0.1790,0.019842,4.424
542409,520,398,918,227,38,195,336.72,0.9418,0.5767,0.216598,54,7,53,328.98,0.7855,0.1378,0.011934,4.305
542417,520,460,980,172,78,205,316.27,0.7635,0.5312,0.186281,26,0,17,342.86,1.0000,0.0562,0.002601,4.492
542422,520,275,795,245,106,241,328.71,0.9576,0.6991,0.360739,31,67,53,166.18,0.5534,0.2539,0.045625,4.295
542427,520,454,974,193,87,102,13.46,0.6202,0.5279,0.191148,28,10,2,50.61,0.7271,0.0743,0.004684,4.410
542430,520,419,939,195,92,151,346.83,0.6177,0.5570,0.214923,45,14,16,18.53,0.5904,0.1127,0.009095,4.483
542431,520,448,968,177,81,207,317.35,0.7635,0.5440,0.197379,11,14,34,274.81,0.5207,0.0765,0.005007,4.497
542474,520,409,929,255,8,39,25.94,1.0000,0.5716,0.215840,38,21,49,310.73,0.5145,0.1301,0.011702,4.308
542481,520,418,938,195,31,248,315.08,0.9747,0.5560,0.193608,2,31,34,204.56,0.8760,0.1167,0.011083,3.988
542482,520,449,969,184,26,253,311.06,0.9905,0.5410,0.180221,27,1,34,318.96,0.8865,0.0698,0.003702,4.287
542485,520,418,938,225,58,136,357.02,0.8406,0.5595,0.208139,59,3,3,27.72,0.9609,0.1230,0.010017,4.301
542486,520,452,972,187,81,163,337.11,0.6700,0.5330,0.190954,15,10,27,295.72,0.4689,0.0674,0.003978,4.464
542492,520,387,907,253,46,68,22.49,0.9888,0.5868,0.232577,35,18,78,289.72,0.7826,0.1453,0.013400,4.457
542498,520,345,865,241,97,109,18.20,0.8494,0.6268,0.283572,38,48,0,121.33,1.0000,0.1871,0.025260,4.432
542500,520,377,897,222,42,247,322.22,0.9717,0.6046,0.239030,69,13,15,23.48,0.8257,0.1584,0.015878,4.387
542501,520,453,973,192,77,142,348.25,0.6736,0.5254,0.184688,34,2,0,33.12,1.0000,0.0689,0.003836,4.359
542528,520,431,951,224,70,5,37.49,0.9916,0.5463,0.202413,14,13,58,276.44,0.8253,0.0968,0.006867,4.439
542532,520,408,928,226,48,179,341.45,0.9001,0.5725,0.215399,48,19,7,42.52,0.6847,0.1252,0.011096,4.344
542542,520,430,950,183,50,247,311.24,0.9579,0.5489,0.190649,33,17,19,11.64,0.3308,0.0999,0.007713,4.170
542565,520,438,958,240,15,77,16.69,0.9871,0.5466,0.194061,31,12,20,354.36,0.4388,0.0876,0.006048,4.354
542567,520,354,874,245,11,236,330.38,0.9964,0.6249,0.257109,43,31,74,293.66,0.5708,0.1753,0.019880,4.395
542590,520,295,815,253,109,152,4.04,0.9526,0.6765,0.340900,64,57,0,101.73,1.0000,0.2429,0.040163,4.335
542595,520,260,780,246,131,188,350.37,0.8453,0.7133,0.394588,19,76,13,141.77,0.9756,0.2703,0.053362,4.301
542597,520,435,955,199,38,224,321.59,0.9442,0.5473,0.189118,5,23,13,157.90,0.7122,0.0861,0.006741,4.214
542599,520,319,839,225,123,141,9.65,0.6393,0.6522,0.320987,16,53,91,252.14,0.7388,0.2247,0.034115,4.410
542622,520,355,875,235,25,251,324.68,0.9906,0.6215,0.253249,56,15,93,302.59,0.8369,0.1840,0.019728,4.349
542623,520,434,954,218,18,190,335.78,0.9718,0.5485,0.190581,1,28,1,142.67,0.9924,0.0965,0.008391,4.120
542632,520,381,901,251,42,131,2.39,0.9657,0.5954,0.238074,69,7,33,1.43,0.8122,0.1571,0.015272,4.413
542635,520,478,998,195,26,196,327.98,0.9395,0.5138,0.163281,6,0,9,318.71,1.0000,0.0249,0.000584,4.216
542638,520,312,832,246,91,191,344.40,0.9144,0.6559,0.308395,50,51,52,247.90,0.0182,0.2203,0.032937,4.321
542653,520,464,984,199,15,207,326.18,0.9765,0.5246,0.169905,6,8,25,274.57,0.5570,0.0545,0.002826,4.163
542666,520,454,974,200,39,202,327.61,0.9132,0.5339,0.179964,17,2,44,293.15,0.9117,0.0672,0.003444,4.303
542680,520,399,919,214,26,243,321.31,0.9828,0.5807,0.215079,38,29,23,55.38,0.2113,0.1362,0.013527,4.173
542683,520,431,951,236,42,59,23.46,0.9531,0.5480,0.198077,6,28,3,140.43,0.9575,0.0999,0.008758,4.222
542694,520,384,904,217,57,229,324.93,0.9298,0.5942,0.233371,58,5,62,324.93,0.8377,0.1496,0.013560,4.458
542696,520,224,744,255,130,237,332.95,1.0000,0.7462,0.433422,13,71,122,250.54,0.8471,0.2985,0.059969,4.396
542724,520,464,984,216,56,73,20.14,0.8701,0.5219,0.179108,15,6,17,320.53,0.4418,0.0542,0.002723,4.346
542732,520,39,559,219,250,216,142.72,0.7559,0.9462,0.883884,11,130,24,143.56,0.9947,0.4527,0.161017,4.426
542733,520,239,759,251,148,92,48.11,0.9233,0.7259,0.424645,53,73,14,126.74,0.8783,0.2806,0.055536,4.497
542735,520,218,738,245,158,145,28.95,0.7949,0.7478,0.459128,6,80,86,203.84,0.9333,0.3014,0.064476,4.447
542741,520,249,769,223,142,225,326.05,0.7514,0.7176,0.404717,70,64,60,56.04,0.0768,0.2814,0.052952,4.417
542757,520,358,878,231,48,239,326.23,0.9652,0.6175,0.253372,35,45,29,134.11,0.3361,0.1799,0.023228,4.143
542762,520,441,961,215,71,73,23.62,0.8234,0.5370,0.194370,22,6,57,289.51,0.8630,0.0921,0.005962,4.367
542767,520,388,908,244,73,22,35.36,0.9768,0.5890,0.240594,54,25,4,53.69,0.7921,0.1472,0.014884,4.479
542770,520,438,958,191,60,224,318.60,0.8867,0.5519,0.196912,13,24,13,144.45,0.4451,0.0942,0.007679,4.281
542774,520,433,953,196,90,134,356.11,0.6140,0.5484,0.207710,19,23,13,125.90,0.3067,0.0962,0.007803,4.458
542786,520,361,881,233,86,167,349.68,0.8088,0.6173,0.267718,40,40,44,285.92,0.0652,0.1757,0.021505,4.443
542789,520,377,897,227,17,246,323.94,0.9928,0.6019,0.233879,25,17,100,275.80,0.9289,0.1590,0.015276,4.349
542794,520,396,916,245,19,137,358.26,0.9790,0.5752,0.216877,21,14,89,275.64,0.9297,0.1383,0.011947,4.308
542795,520,430,950,186,43,246,312.62,0.9571,0.5474,0.188218,40,12,12,22.27,0.5946,0.0996,0.007407,4.150
542802,520,387,907,216,58,224,325.92,0.9196,0.5901,0.230088,27,38,5,125.84,0.8494,0.1463,0.016302,4.224
542809,520,330,850,246,65,216,335.74,0.9523,0.6414,0.283342,76,35,26,33.60,0.5651,0.2103,0.028134,4.266
542810,520,270,790,247,124,186,350.33,0.8675,0.7025,0.377373,61,61,62,286.31,0.0122,0.2639,0.046774,4.416
542818,520,476,996,194,77,100,11.07,0.6749,0.5134,0.176990,5,1,2,359.77,0.5178,0.0235,0.000584,4.487
542825,520,401,921,234,2,201,336.55,0.9983,0.5813,0.217556,35,26,49,301.15,0.4072,0.1371,0.013179,4.235
542827,520,477,997,223,27,1,30.66,0.9988,0.5071,0.164769,0,2,9,255.69,0.9999,0.0237,0.000631,4.242
542845,520,417,937,238,44,126,2.00,0.9182,0.5695,0.214880,38,10,63,303.61,0.7954,0.1234,0.009881,4.423
542848,520,447,967,203,62,177,336.25,0.8038,0.5431,0.193179,22,3,48,296.85,0.8831,0.0784,0.004491,4.463
542851,520,407,927,210,53,210,328.07,0.9002,0.5667,0.209029,41,18,54,311.65,0.6190,0.1322,0.011704,4.198
542852,520,367,887,226,27,249,322.96,0.9870,0.6056,0.237944,71,14,48,348.36,0.7344,0.1750,0.018673,4.193
542872,520,440,960,232,45,104,9.04,0.9093,0.5515,0.200350,4,23,22,190.72,0.6623,0.0885,0.006965,4.395
542874,520,398,918,246,57,38,30.14,0.9636,0.5778,0.226625,66,0,17,13.97,1.0000,0.1379,0.011989,4.462
542897,520,469,989,221,45,51,25.31,0.9352,0.5183,0.174907,0,7,14,234.94,1.0000,0.0407,0.001837,4.339
542901,520,435,955,231,32,121,1.66,0.9361,0.5467,0.194053,11,22,17,164.35,0.3433,0.0883,0.006854,4.293
542926,520,423,943,221,65,133,358.16,0.8053,0.5580,0.208487,17,13,67,277.35,0.8658,0.1084,0.008122,4.447
542931,520,412,932,174,80,255,304.81,1.0000,0.5743,0.219566,47,18,19,19.45,0.5221,0.1241,0.010841,4.431
542946,520,466,986,206,60,123,358.44,0.7794,0.5211,0.177857,24,2,10,357.18,0.7399,0.0546,0.002596,4.332
542948,520,373,893,244,56,142,358.43,0.9086,0.5957,0.240176,63,24,20,27.90,0.6082,0.1641,0.017607,4.292
542963,520,392,912,193,78,240,314.39,0.9057,0.5864,0.230787,5,26,84,264.00,0.9314,0.1450,0.014111,4.380
542966,520,386,906,255,37,110,9.54,1.0000,0.5942,0.237126,48,31,11,68.48,0.5949,0.1524,0.016326,4.329
542967,520,223,743,250,131,248,327.90,0.9768,0.7463,0.433362,59,76,59,144.87,0.2696,0.3040,0.064144,4.235
542971,520,379,899,250,65,73,23.71,0.9684,0.5973,0.245891,69,16,17,23.56,0.7783,0.1626,0.016765,4.432
542977,520,451,971,213,70,95,14.14,0.7808,0.5369,0.193550,7,16,19,220.17,0.3196,0.0703,0.004628,4.458
543005,520,471,991,175,59,210,317.14,0.8438,0.5157,0.168961,2,7,4,160.11,0.5156,0.0390,0.001736,4.232
543007,520,480,1000,166,24,246,307.26,0.9776,0.5066,0.154148,0,0,0,0.00,0.0000,0.0000,0.000000,4.083
543008,520,428,948,212,40,208,329.26,0.9319,0.5594,0.200707,10,6,74,271.87,0.9706,0.1016,0.006891,4.407
543016,520,449,969,175,60,237,310.44,0.9072,0.5380,0.184610,9,14,28,268.01,0.4293,0.0714,0.004560,4.300
543034,520,469,989,208,60,114,2.85,0.7868,0.5216,0.178587,23,0,0,29.23,1.0000,0.0449,0.001822,4.411
543050,520,441,961,227,8,153,349.12,0.9858,0.5433,0.188072,1,2,76,265.03,0.9957,0.0927,0.005716,4.273
543056,520,336,856,246,87,164,353.96,0.8929,0.6395,0.290926,23,53,38,160.11,0.5866,0.1990,0.028682,4.333
543065,520,473,993,230,27,19,29.16,0.9815,0.5228,0.176569,12,2,0,47.16,1.0000,0.0344,0.001216,4.424
543082,520,386,906,230,66,173,345.14,0.8543,0.5922,0.237391,8,34,64,254.30,0.7489,0.1474,0.015658,4.377
543085,520,444,964,241,11,54,22.62,0.9932,0.5439,0.192099,15,19,1,119.13,0.8900,0.0790,0.005695,4.347
543095,520,298,818,246,94,206,339.48,0.9300,0.6667,0.320572,68,49,21,75.05,0.5792,0.2288,0.034798,4.370
543103,520,384,904,224,88,113,12.09,0.7471,0.5856,0.240215,39,27,62,297.46,0.5308,0.1529,0.015630,4.422
543128,520,426,946,249,14,30,27.27,0.9942,0.5594,0.205512,12,9,73,272.95,0.9479,0.1058,0.007545,4.440
543132,520,403,923,247,62,1,34.52,0.9992,0.5826,0.232251,14,33,37,212.82,0.4366,0.1304,0.013146,4.470
543148,520,464,984,215,0,152,346.57,1.0000,0.5173,0.167165,22,0,10,351.05,1.0000,0.0469,0.001925,4.182
543149,520,188,708,246,183,50,80.97,0.9258,0.7871,0.536922,6,95,25,145.22,0.9937,0.3340,0.082930,4.415
543154,520,463,983,218,20,156,346.25,0.9528,0.5304,0.178085,13,1,31,299.01,0.9075,0.0496,0.002062,4.381
543157,520,433,953,227,1,165,345.24,0.9983,0.5477,0.190719,34,19,14,39.20,0.3568,0.1042,0.008376,4.124
543166,520,446,966,235,22,79,15.92,0.9753,0.5388,0.188037,6,11,55,269.68,0.9051,0.0850,0.005539,4.286
543185,520,452,972,197,66,168,337.79,0.7653,0.5324,0.185956,21,4,33,308.81,0.7537,0.0665,0.003561,4.405
543186,520,441,961,173,83,201,317.47,0.7328,0.5371,0.192887,24,13,34,306.81,0.5014,0.0870,0.005975,4.339
543190,520,362,882,185,93,254,307.45,0.9880,0.6054,0.252995,71,22,22,23.33,0.6879,0.1765,0.019716,4.346
543199,520,385,905,243,52,143,357.56,0.9107,0.5910,0.234970,12,24,86,268.02,0.9056,0.1461,0.014032,4.450
543203,520,391,911,202,70,235,318.79,0.9018,0.5870,0.229365,46,3,82,301.72,0.9478,0.1459,0.012552,4.466
543213,520,431,951,212,82,66,29.74,0.7976,0.5452,0.204272,4,27,19,167.76,0.7936,0.0994,0.008567,4.342
543243,520,416,936,199,85,193,329.65,0.7454,0.5738,0.224909,7,35,7,143.25,0.9451,0.1239,0.012625,4.390
543266,520,410,930,196,91,169,338.28,0.6572,0.5653,0.220840,55,6,36,348.03,0.7761,0.1284,0.010700,4.462
543267,520,400,920,247,39,96,13.17,0.9545,0.5756,0.220732,59,15,2,38.45,0.9190,0.1382,0.012760,4.314
543284,520,413,933,204,59,228,321.51,0.9100,0.5743,0.215684,49,13,25,2.53,0.6238,0.1212,0.010111,4.420
543306,520,462,982,207,43,162,342.04,0.8586,0.5250,0.176039,5,10,5,144.61,0.3702,0.0495,0.002603,4.297
543316,520,388,908,219,7,245,322.27,0.9967,0.5856,0.218067,11,29,79,265.09,0.8518,0.1492,0.015143,4.115
543327,520,13,533,255,252,217,103.17,1.0000,0.9819,0.958909,3,136,53,148.01,0.9980,0.4749,0.178839,4.409
543328,520,411,931,216,92,75,30.05,0.7608,0.5690,0.227635,5,33,24,168.48,0.8161,0.1205,0.011859,4.488
543335,520,424,944,218,13,205,331.67,0.9852,0.5566,0.196033,26,19,53,289.44,0.5997,0.1146,0.009424,4.140
543337,520,304,824,251,72,239,330.93,0.9838,0.6693,0.313789,100,12,40,9.27,0.8551,0.2312,0.031259,4.477
543341,520,479,999,207,52,96,9.21,0.8253,0.5058,0.165681,2,0,3,318.71,1.0000,0.0147,0.000195,4.297
543346,520,454,974,147,73,250,297.33,0.9593,0.5269,0.178705,4,20,1,138.66,0.9743,0.0737,0.005283,4.137
543352,520,302,822,230,125,160,359.80,0.6761,0.6694,0.340305,12,64,8,142.05,0.9807,0.2259,0.037623,4.454
543372,520,453,973,194,14,224,320.55,0.9842,0.5285,0.171667,3,9,44,267.02,0.9016,0.0687,0.003966,4.108
543402,520,475,995,172,21,248,308.72,0.9826,0.5162,0.160852,8,1,2,8.52,0.6389,0.0274,0.000777,4.152
543415,520,476,996,179,64,180,327.45,0.7638,0.5071,0.165470,2,2,2,0.00,0.0000,0.0229,0.000607,4.258
543418,520,461,981,232,26,71,18.31,0.9695,0.5326,0.183526,21,2,3,19.27,0.7639,0.0477,0.002094,4.483
543424,520,441,961,199,87,124,1.75,0.6371,0.5449,0.204155,28,17,4,71.68,0.6202,0.0892,0.006566,4.493
543430,520,424,944,250,1,23,27.66,0.9996,0.5583,0.204113,42,15,12,28.08,0.5688,0.1082,0.008605,4.336
543432,520,355,875,196,97,245,312.82,0.9116,0.6193,0.268788,12,49,23,150.01,0.8985,0.1763,0.023366,4.345
543444,520,407,927,224,21,203,333.68,0.9759,0.5685,0.206978,30,30,23,107.37,0.1600,0.1294,0.012664,4.101
543454,520,275,795,252,105,232,333.24,0.9836,0.7035,0.366275,5,63,89,234.87,0.8994,0.2497,0.043083,4.472
543457,520,296,816,247,124,109,28.56,0.8914,0.6793,0.352965,51,58,54,160.73,0.0962,0.2420,0.039962,4.479
543461,520,430,950,112,106,254,279.82,0.9880,0.5484,0.209080,24,22,7,101.91,0.5056,0.0973,0.007834,4.480
543465,520,321,841,244,60,245,327.86,0.9686,0.6515,0.290601,42,34,103,282.41,0.7361,0.2062,0.026155,4.472
543467,520,310,830,251,86,187,346.64,0.9573,0.6565,0.307558,68,44,49,5.61,0.2779,0.2239,0.032522,4.333
543495,520,352,872,241,86,142,1.59,0.8461,0.6215,0.273123,77,26,6,40.11,0.8575,0.1923,0.023300,4.408
543513,520,313,833,239,87,224,331.93,0.9203,0.6566,0.305514,83,33,30,25.67,0.6106,0.2201,0.030207,4.432
543544,520,349,869,223,61,255,320.29,1.0000,0.6253,0.262474,48,40,56,307.30,0.2459,0.1906,0.024315,4.205
543546,520,426,946,222,64,145,353.43,0.8145,0.5634,0.212432,16,22,55,272.18,0.6408,0.1139,0.009598,4.403
543559,520,420,940,224,11,187,338.08,0.9853,0.5561,0.196770,40,15,18,13.88,0.4923,0.1065,0.008365,4.228
543581,520,407,927,162,92,242,301.94,0.8750,0.5657,0.217469,47,2,64,314.03,0.9269,0.1285,0.010180,4.444
543599,520,396,916,240,48,129,1.62,0.9126,0.5772,0.222273,3,21,93,264.71,0.9582,0.1446,0.013459,4.291
543604,520,338,858,236,80,212,334.58,0.8956,0.6372,0.283262,36,45,70,268.38,0.3736,0.1996,0.026940,4.331
543607,520,298,818,232,93,252,322.44,0.9842,0.6698,0.320148,53,55,27,112.18,0.4792,0.2275,0.035684,4.320
543638,520,319,839,252,32,253,328.06,0.9945,0.6543,0.288233,9,61,52,178.09,0.8785,0.2248,0.036433,3.913
543646,520,464,984,163,91,176,321.32,0.6009,0.5204,0.184041,13,8,9,3.98,0.1638,0.0535,0.002790,4.433
543654,520,455,975,214,24,174,339.57,0.9450,0.5338,0.180077,24,4,15,347.37,0.6267,0.0606,0.003155,4.328
543658,520,381,901,195,89,228,317.37,0.8366,0.5951,0.243495,68,17,17,24.23,0.7600,0.1619,0.016705,4.400
543684,520,443,963,188,37,238,315.17,0.9559,0.5400,0.181888,21,11,28,310.12,0.4628,0.0763,0.004826,4.230
543691,520,448,968,231,42,93,12.50,0.9220,0.5445,0.194381,30,11,14,10.92,0.4467,0.0822,0.005471,4.406
543692,520,448,968,238,16,56,22.19,0.9886,0.5391,0.188365,32,1,39,319.98,0.9027,0.0813,0.004753,4.353
543694,520,424,944,238,53,19,32.15,0.9806,0.5570,0.207736,41,5,50,318.73,0.8063,0.1104,0.008103,4.436
543708,520,476,996,165,33,250,305.85,0.9764,0.5134,0.159899,0,0,9,264.05,1.0000,0.0151,0.000197,4.181
543710,520,380,900,254,39,145,358.13,0.9908,0.6045,0.245698,49,32,4,76.36,0.8148,0.1554,0.016948,4.417
543711,520,403,923,217,49,213,329.19,0.9238,0.5774,0.217545,16,36,14,142.02,0.7332,0.1332,0.014036,4.178
543714,520,411,931,236,67,1,36.13,0.9988,0.5661,0.218525,37,21,37,326.76,0.3852,0.1217,0.010633,4.429
543716,520,475,995,189,61,187,328.54,0.8008,0.5244,0.177456,3,4,5,244.30,0.1285,0.0322,0.001171,4.445
543719,520,443,963,216,17,184,337.01,0.9698,0.5409,0.184628,0,14,53,261.27,1.0000,0.0846,0.005711,4.212
543741,520,11,531,255,253,221,104.20,1.0000,0.9853,0.967313,2,134,80,156.75,0.9973,0.4735,0.176415,4.493
543753,520,391,911,248,63,64,25.70,0.9620,0.5901,0.238851,56,22,27,12.59,0.5224,0.1497,0.014938,4.448
543770,520,434,954,210,23,206,329.34,0.9659,0.5460,0.187727,42,4,40,330.33,0.7899,0.1036,0.007323,4.147
543771,520,440,960,227,17,162,346.36,0.9709,0.5499,0.193431,14,13,54,277.35,0.7863,0.0929,0.006475,4.310
543772,520,335,855,246,5,252,327.04,0.9988,0.6365,0.267325,83,19,32,13.19,0.7509,0.1992,0.024093,4.283
543775,520,295,815,245,84,255,325.41,1.0000,0.6812,0.329756,5,50,123,260.36,0.9586,0.2420,0.037433,4.343
543788,520,470,990,187,31,216,320.28,0.9439,0.5173,0.165040,4,5,22,275.43,0.6476,0.0440,0.001923,4.142
543790,520,313,833,255,34,251,329.15,1.0000,0.6589,0.293722,27,60,28,144.40,0.7794,0.2217,0.035485,4.021
543802,520,430,950,233,25,135,356.81,0.9558,0.5526,0.197711,1,27,24,184.69,0.9379,0.0994,0.008562,4.230
543822,520,470,990,233,10,11,28.87,0.9950,0.5230,0.175680,5,1,28,283.66,0.9314,0.0393,0.001378,4.393
543831,520,433,953,210,53,190,333.90,0.8669,0.5542,0.199676,31,17,32,324.47,0.3933,0.1026,0.007965,4.307
543855,520,365,885,248,3,200,339.94,0.9983,0.6070,0.241949,75,2,52,345.54,0.9062,0.1739,0.017875,4.301
543869,520,464,984,183,74,177,329.83,0.7222,0.5245,0.181405,3,9,20,255.73,0.5440,0.0512,0.002652,4.395
543892,520,359,879,247,54,185,344.71,0.9428,0.6181,0.259184,46,9,111,288.71,0.9432,0.1849,0.019239,4.465
543896,520,480,1000,205,38,147,346.68,0.8622,0.5101,0.164740,0,0,0,0.00,0.0000,0.0000,0.000000,4.295
543897,520,272,792,226,132,223,328.19,0.7950,0.7027,0.380007,4,72,45,159.71,0.9785,0.2584,0.048498,4.366
543900,520,442,962,228,17,138,354.49,0.9685,0.5409,0.187327,21,15,26,309.00,0.3004,0.0833,0.005757,4.256
543914,520,425,945,248,17,66,20.45,0.9895,0.5621,0.207543,5,23,54,259.82,0.8018,0.1090,0.009113,4.357
543924,520,479,999,142,75,237,297.68,0.8816,0.5120,0.168975,1,0,1,328.36,1.0000,0.0103,0.000086,4.372
543934,520,351,871,250,46,203,339.96,0.9702,0.6274,0.265930,26,0,137,272.14,1.0000,0.1942,0.020256,4.497
543949,520,456,976,226,43,77,17.55,0.9227,0.5314,0.184352,6,12,5,140.08,0.4331,0.0550,0.003126,4.411
543959,520,396,916,222,21,220,328.80,0.9818,0.5760,0.212355,6,16,91,266.78,0.9648,0.1351,0.011645,4.256
543964,520,410,930,247,15,125,2.41,0.9855,0.5739,0.215999,59,2,27,0.47,0.8922,0.1278,0.010525,4.395
543971,520,410,930,236,3,169,346.06,0.9964,0.5677,0.207655,7,34,45,228.54,0.6880,0.1341,0.013786,4.039
543975,520,466,986,200,12,196,329.42,0.9773,0.5178,0.165296,1,13,4,152.64,0.9340,0.0529,0.003031,4.060
543982,520,423,943,217,5,216,328.60,0.9953,0.5606,0.198203,38,13,34,333.75,0.5597,0.1065,0.008155,4.268
544005,520,359,879,247,61,167,350.80,0.9303,0.6155,0.259048,6,50,38,170.08,0.9004,0.1819,0.024598,4.143
544009,520,479,999,204,29,161,341.23,0.9044,0.5100,0.162914,1,0,1,328.36,1.0000,0.0103,0.000086,4.251
544018,520,356,876,225,80,212,331.57,0.8685,0.6194,0.265005,36,29,93,281.78,0.7496,0.1809,0.020441,4.472
544034,520,445,965,227,35,108,5.86,0.9242,0.5361,0.186185,12,16,26,267.33,0.3016,0.0771,0.005233,4.276
544039,520,462,982,174,58,229,312.08,0.8903,0.5280,0.176828,14,4,16,321.57,0.5410,0.0481,0.002176,4.347
544046,520,448,968,167,78,225,309.11,0.8259,0.5387,0.191012,42,1,3,23.95,0.9669,0.0836,0.005206,4.366
544048,520,475,995,219,52,67,21.66,0.8973,0.5228,0.179239,0,1,29,264.19,0.9878,0.0346,0.001104,4.486
544057,520,317,837,225,123,160,357.93,0.6452,0.6585,0.327136,44,56,19,124.73,0.6760,0.2200,0.034108,4.484
544058,520,433,953,220,79,39,36.04,0.9050,0.5523,0.209566,1,22,46,251.89,0.9049,0.0977,0.007775,4.493
544059,520,458,978,211,10,183,336.01,0.9806,0.5291,0.174870,1,10,37,261.32,0.9216,0.0630,0.003571,4.198
544062,520,454,974,96,107,239,275.08,0.8786,0.5253,0.192335,17,1,53,287.68,0.9719,0.0745,0.003979,4.489
544066,520,269,789,223,138,196,339.69,0.6493,0.6971,0.378521,17,71,57,171.87,0.8274,0.2622,0.049208,4.319
544068,520,373,893,228,17,235,326.67,0.9910,0.5957,0.228954,8,27,91,265.42,0.9205,0.1561,0.015907,4.233
544078,520,357,877,252,76,103,16.36,0.9688,0.6184,0.268471,0,35,103,261.24,1.0000,0.1839,0.021812,4.435
544084,520,407,927,206,82,176,338.21,0.7375,0.5716,0.222928,38,26,31,352.04,0.2168,0.1316,0.012498,4.367
544086,520,389,909,240,66,116,8.48,0.8790,0.5888,0.236857,10,40,39,192.11,0.6587,0.1510,0.017285,4.263
544090,520,420,940,239,0,145,354.13,1.0000,0.5621,0.203982,0,28,47,241.49,1.0000,0.1143,0.010357,4.208
544098,520,282,802,245,125,160,2.97,0.8088,0.6917,0.366204,46,63,36,134.56,0.4647,0.2468,0.042632,4.493
544109,520,410,930,241,61,29,32.26,0.9669,0.5709,0.221302,30,32,17,114.68,0.3675,0.1334,0.013495,4.273
544122,520,429,949,198,90,136,355.54,0.6231,0.5524,0.210974,6,29,7,144.35,0.9200,0.1039,0.009328,4.399
544133,520,368,888,125,135,235,277.23,0.7629,0.6054,0.276855,21,47,26,148.58,0.6574,0.1748,0.022670,4.498
544137,520,317,837,250,56,242,330.01,0.9818,0.6567,0.295661,7,61,32,154.03,0.9595,0.2179,0.034868,4.073
544144,520,480,1000,212,5,144,348.61,0.9854,0.5086,0.161216,0,0,0,0.00,0.0000,0.0000,0.000000,4.224
544151,520,362,882,171,106,254,301.01,0.9820,0.6080,0.261221,62,23,64,325.64,0.6338,0.1801,0.020072,4.441
544165,520,399,919,198,81,209,324.18,0.8000,0.5765,0.224955,4,27,81,262.82,0.9362,0.1436,0.014037,4.294
544188,520,413,933,226,17,203,334.16,0.9825,0.5709,0.208839,5,13,86,266.78,0.9699,0.1237,0.009919,4.320
544209,520,419,939,231,68,1,36.72,0.9986,0.5574,0.211283,25,27,9,114.32,0.5240,0.1123,0.010103,4.347
544212,520,453,973,209,70,102,10.44,0.7590,0.5315,0.188971,7,16,23,241.93,0.3751,0.0721,0.004776,4.363
544213,520,369,889,231,65,199,336.93,0.8931,0.6063,0.248956,51,36,11,77.66,0.6456,0.1694,0.019898,4.277
544240,520,419,939,246,11,82,15.70,0.9920,0.5593,0.204449,16,28,5,131.70,0.7959,0.1065,0.009516,4.275
544244,520,418,938,230,8,169,344.77,0.9886,0.5571,0.198640,40,23,2,70.49,0.8402,0.1197,0.010683,4.097
544248,520,292,812,246,89,235,330.71,0.9600,0.6762,0.327384,71,42,80,317.87,0.4794,0.2394,0.035748,4.401
544249,520,393,913,232,43,196,337.71,0.9390,0.5893,0.228717,21,35,36,201.60,0.2740,0.1405,0.014888,4.295
544257,520,445,965,233,0,126,359.21,1.0000,0.5424,0.188330,0,22,18,180.18,1.0000,0.0814,0.006175,4.243
544262,520,353,873,224,54,251,321.61,0.9829,0.6186,0.254527,55,17,92,301.89,0.8170,0.1838,0.019859,4.359
544289,520,408,928,235,30,156,350.38,0.9498,0.5675,0.209940,63,2,1,29.37,0.9822,0.1304,0.011026,4.260
544298,520,475,995,186,45,216,319.64,0.9063,0.5248,0.172750,7,1,0,44.62,1.0000,0.0252,0.000669,4.396
544300,520,385,905,157,121,207,302.20,0.5847,0.5883,0.253481,11,42,19,149.22,0.8730,0.1514,0.017740,4.480
544301,520,409,929,190,70,231,316.08,0.8782,0.5661,0.210982,5,37,10,146.26,0.9577,0.1302,0.013773,4.092
544307,520,401,921,214,0,248,320.41,1.0000,0.5782,0.210754,37,20,62,299.13,0.6477,0.1365,0.012414,4.178
544315,520,25,545,254,241,249,339.92,0.9340,0.9657,0.908214,5,131,35,145.08,0.9973,0.4564,0.163855,4.481
544334,520,364,884,240,45,211,335.48,0.9571,0.6134,0.251080,4,28,100,264.06,0.9435,0.1669,0.017763,4.443
544345,520,371,891,223,39,250,321.85,0.9806,0.6068,0.240432,4,11,120,265.47,0.9900,0.1678,0.016211,4.386
544347,520,468,988,169,42,247,307.34,0.9607,0.5223,0.168071,9,2,10,324.00,0.5867,0.0352,0.001234,4.256
544360,520,330,850,239,113,33,47.35,0.9414,0.6376,0.302736,21,58,28,147.69,0.8415,0.2118,0.032693,4.266
544361,520,467,987,231,10,43,24.45,0.9932,0.5209,0.173835,3,6,14,261.24,0.4363,0.0413,0.001813,4.320
544372,520,462,982,211,22,177,337.86,0.9493,0.5291,0.175992,12,4,23,302.41,0.6504,0.0498,0.002269,4.324
544375,520,426,946,196,71,209,323.84,0.8273,0.5611,0.208472,42,6,46,323.62,0.7723,0.1105,0.008198,4.441
544391,520,435,955,220,28,174,341.12,0.9413,0.5468,0.191046,14,16,42,276.86,0.5824,0.0888,0.006311,4.281
544392,520,429,949,169,80,227,309.17,0.8297,0.5457,0.197191,38,4,45,320.32,0.8076,0.1003,0.006884,4.346
544398,520,461,981,190,35,222,319.58,0.9431,0.5292,0.174245,9,3,24,295.21,0.7297,0.0452,0.001892,4.321
544405,520,431,951,221,46,165,344.72,0.8820,0.5547,0.200452,12,16,57,272.80,0.7977,0.1000,0.007441,4.360
544412,520,398,918,251,40,52,25.43,0.9823,0.5767,0.222784,37,31,14,90.59,0.4521,0.1380,0.014050,4.259
544413,520,445,965,188,10,249,313.28,0.9936,0.5386,0.177492,28,6,31,322.83,0.6724,0.0783,0.004761,4.154
544446,520,467,987,229,22,39,25.80,0.9829,0.5200,0.173813,9,1,20,304.45,0.8339,0.0376,0.001303,4.363
544466,520,404,924,253,37,35,28.14,0.9922,0.5775,0.223309,12,36,16,147.40,0.7852,0.1314,0.013773,4.286
544468,520,337,857,255,15,230,333.97,1.0000,0.6396,0.273181,91,11,2,31.46,0.9794,0.2031,0.024683,4.327
544472,520,285,805,242,112,219,334.69,0.9114,0.6914,0.355825,31,68,4,135.86,0.9836,0.2476,0.044342,4.302
544483,520,383,903,231,15,230,328.57,0.9920,0.5970,0.230462,18,37,45,227.01,0.4166,0.1487,0.016411,4.223
544492,520,469,989,219,53,3,34.19,0.9953,0.5178,0.176155,5,4,7,301.72,0.2146,0.0352,0.001344,4.405
544502,520,447,967,183,80,188,325.76,0.7222,0.5393,0.194367,13,10,46,280.38,0.7586,0.0796,0.004999,4.443
544511,520,397,917,254,31,29,28.43,0.9963,0.5761,0.221433,41,28,18,58.56,0.3472,0.1363,0.013456,4.277
544531,520,462,982,208,25,186,334.40,0.9443,0.5302,0.176524,9,6,24,289.14,0.5748,0.0521,0.002543,4.311
544542,520,465,985,191,25,217,321.29,0.9605,0.5219,0.167828,6,9,6,145.00,0.2074,0.0484,0.002472,4.151
544547,520,393,913,222,24,240,324.02,0.9857,0.5912,0.224763,61,2,47,340.35,0.8787,0.1419,0.012409,4.403
544569,520,474,994,225,37,5,31.37,0.9942,0.5173,0.173445,13,1,5,354.41,0.7211,0.0348,0.001182,4.366
544587,520,440,960,241,25,11,29.66,0.9915,0.5450,0.194236,37,2,33,333.10,0.8195,0.0872,0.005466,4.403
544590,520,330,850,250,51,225,334.19,0.9770,0.6430,0.281309,78,25,64,339.43,0.6524,0.2111,0.026854,4.311
544592,520,388,908,244,21,177,345.63,0.9801,0.5913,0.229469,53,25,8,49.78,0.6818,0.1461,0.014698,4.320
544599,520,466,986,185,11,229,316.86,0.9882,0.5168,0.162121,13,1,31,299.01,0.9075,0.0496,0.002062,4.074
544601,520,450,970,186,71,206,321.41,0.8058,0.5436,0.194031,21,13,6,64.30,0.3833,0.0719,0.004604,4.469
544625,520,470,990,193,9,219,321.53,0.9886,0.5217,0.166488,10,1,23,302.53,0.8589,0.0406,0.001481,4.205
544631,520,365,885,241,93,55,35.34,0.9115,0.6117,0.268084,16,45,33,164.03,0.6364,0.1675,0.020967,4.482
544648,520,353,873,255,39,178,348.04,1.0000,0.6201,0.259289,50,40,3,93.33,0.8949,0.1776,0.022023,4.294
544655,520,362,882,244,52,186,343.67,0.9331,0.6117,0.252373,45,30,80,293.87,0.6274,0.1805,0.020656,4.279
544662,520,370,890,248,72,121,8.67,0.9266,0.6113,0.259750,5,32,99,263.34,0.9479,0.1746,0.019660,4.447
544669,520,432,952,200,55,214,324.09,0.8889,0.5545,0.198684,32,1,57,303.79,0.9612,0.0970,0.006242,4.422
544675,520,469,989,232,9,3,29.37,0.9973,0.5203,0.173609,13,3,6,356.83,0.4854,0.0406,0.001639,4.330
544689,520,363,883,209,74,243,318.76,0.9354,0.6076,0.249255,48,38,25,73.62,0.3109,0.1733,0.020848,4.224
544695,520,363,883,240,32,215,334.36,0.9760,0.6090,0.244674,77,0,40,356.99,1.0000,0.1706,0.017313,4.378
544738,520,472,992,179,29,240,312.31,0.9683,0.5232,0.167548,0,0,30,264.05,1.0000,0.0327,0.000937,4.271
544741,520,441,961,204,75,131,356.64,0.7132,0.5387,0.195102,19,16,32,291.54,0.3838,0.0866,0.006133,4.366
544754,520,431,951,241,1,109,6.32,0.9989,0.5535,0.198299,36,7,43,319.25,0.7371,0.1000,0.007015,4.355
544755,520,454,974,195,91,82,26.91,0.6484,0.5329,0.196952,7,19,7,144.09,0.6228,0.0745,0.005262,4.469
544757,520,406,926,214,6,255,318.88,1.0000,0.5848,0.216482,40,16,59,306.89,0.6879,0.1312,0.011375,4.342
544761,520,407,927,225,58,160,348.03,0.8511,0.5696,0.215743,25,29,39,267.78,0.2144,0.1282,0.012319,4.264
544762,520,23,543,236,250,238,149.72,0.5904,0.9667,0.923767,43,130,56,145.91,0.9351,0.4638,0.167637,4.474
544775,520,278,798,250,94,235,331.76,0.9763,0.6883,0.343303,54,62,31,120.93,0.4921,0.2501,0.043284,4.216
544782,520,373,893,244,53,150,355.41,0.9123,0.5964,0.239845,25,31,73,273.62,0.6363,0.1570,0.016676,4.347
544800,520,435,955,221,76,24,37.62,0.9504,0.5490,0.206096,7,23,19,175.69,0.5116,0.0893,0.007050,4.489
544803,520,467,987,187,65,185,328.49,0.7804,0.5244,0.178496,2,0,37,270.62,1.0000,0.0419,0.001465,4.440
544809,520,449,969,216,31,180,338.31,0.9317,0.5442,0.188765,24,11,3,57.59,0.6049,0.0708,0.004401,4.389
544814,520,441,961,234,40,65,21.50,0.9506,0.5435,0.193948,11,0,71,274.16,1.0000,0.0894,0.005260,4.415
544816,520,407,927,221,25,213,330.31,0.9729,0.5710,0.208738,9,5,98,268.50,0.9906,0.1321,0.010484,4.278
544834,520,392,912,225,51,204,333.76,0.9194,0.5870,0.227372,50,28,8,60.31,0.6666,0.1479,0.015262,4.250
544854,520,404,924,229,24,197,336.54,0.9718,0.5750,0.213451,28,32,27,139.43,0.1266,0.1342,0.013590,4.143
544867,520,457,977,227,30,84,13.96,0.9501,0.5268,0.179024,24,4,20,335.56,0.6519,0.0628,0.003316,4.296
544884,520,451,971,233,40,10,31.21,0.9902,0.5363,0.188662,14,8,36,288.68,0.6737,0.0687,0.003944,4.424
544893,520,426,946,212,27,213,328.01,0.9642,0.5559,0.195870,50,3,20,4.11,0.8394,0.1077,0.007939,4.244
544897,520,304,824,239,129,53,51.35,0.8864,0.6674,0.343109,47,59,8,122.30,0.8784,0.2308,0.037498,4.493
544899,520,47,567,238,240,206,109.98,0.5773,0.9357,0.849537,38,125,5,139.92,0.9962,0.4411,0.150897,4.478
544905,520,476,996,228,19,4,29.79,0.9960,0.5146,0.169715,1,0,19,273.06,1.0000,0.0243,0.000535,4.348
544920,520,394,914,220,43,231,325.44,0.9575,0.5905,0.227150,32,31,31,17.26,0.0160,0.1371,0.013860,4.340
544927,520,433,953,245,28,1,30.46,0.9992,0.5545,0.202487,27,17,40,302.57,0.4848,0.1023,0.007871,4.363
544930,520,328,848,239,66,242,327.30,0.9562,0.6463,0.286605,91,11,24,18.92,0.8904,0.2063,0.025298,4.470
544936,520,410,930,227,17,206,333.61,0.9838,0.5746,0.211905,38,24,37,328.99,0.3185,0.1296,0.011989,4.225
544958,520,426,946,214,6,227,325.16,0.9953,0.5633,0.199745,12,13,71,272.34,0.9184,0.1093,0.008209,4.290
544963,520,345,865,249,58,201,340.54,0.9612,0.6328,0.273860,49,40,48,329.69,0.1616,0.1879,0.023840,4.386
544964,520,435,955,188,70,211,320.69,0.8244,0.5488,0.197761,34,11,18,2.46,0.5058,0.0897,0.006231,4.406
544973,520,442,962,151,84,244,298.56,0.9028,0.5419,0.194518,35,7,15,5.21,0.6330,0.0837,0.005438,4.411
544977,520,235,755,234,144,244,323.36,0.9158,0.7446,0.439722,48,78,25,133.86,0.8306,0.2938,0.061472,4.393
544979,520,452,972,217,32,150,348.36,0.9108,0.5309,0.179892,21,10,14,356.21,0.3048,0.0681,0.004082,4.251
544983,520,385,905,195,77,242,314.61,0.9180,0.5895,0.233219,6,40,34,178.76,0.8138,0.1472,0.016717,4.245
544986,520,386,906,231,6,216,331.99,0.9959,0.5859,0.220796,49,13,70,309.76,0.7800,0.1496,0.013831,4.242
544987,520,454,974,231,31,64,20.66,0.9635,0.5317,0.183421,15,11,30,291.26,0.4945,0.0711,0.004346,4.295
544989,520,260,780,230,156,82,63.73,0.7497,0.7114,0.412111,0,77,12,144.34,1.0000,0.2690,0.053341,4.472
545018,520,418,938,230,66,64,25.85,0.8946,0.5582,0.210925,41,23,7,60.69,0.6184,0.1222,0.010996,4.278
545021,520,466,986,211,19,156,344.52,0.9475,0.5164,0.167172,6,7,15,276.77,0.3229,0.0470,0.002252,4.156
545027,520,419,939,198,50,234,318.59,0.9324,0.5616,0.202290,11,8,76,271.92,0.9619,0.1075,0.007666,4.375
545039,520,384,904,246,41,140,358.41,0.9412,0.5882,0.230755,53,24,35,357.03,0.4511,0.1513,0.015316,4.298
545053,520,447,967,205,45,195,330.98,0.8909,0.5422,0.187979,3,12,47,265.34,0.8915,0.0770,0.004875,4.337
545062,520,382,902,224,10,251,322.16,0.9962,0.5991,0.230316,33,30,71,283.36,0.5818,0.1600,0.017068,4.180
545069,520,477,997,206,29,154,344.14,0.9031,0.5101,0.163358,1,1,2,284.11,0.2654,0.0171,0.000325,4.240
545071,520,421,941,195,47,239,316.65,0.9427,0.5585,0.198685,7,31,3,140.06,0.9639,0.1101,0.010317,4.123
545084,520,386,906,218,51,226,326.05,0.9376,0.5891,0.227661,62,18,11,31.43,0.7598,0.1502,0.014811,4.284
545090,520,430,950,237,13,109,6.00,0.9838,0.5478,0.193997,47,3,19,3.47,0.8267,0.1012,0.007166,4.268
545091,520,456,976,195,68,173,335.35,0.7613,0.5341,0.187551,9,11,16,267.69,0.1845,0.0588,0.003348,4.453
545117,520,372,892,248,15,200,339.99,0.9913,0.6093,0.244714,69,18,40,357.30,0.6744,0.1724,0.018512,4.302
545120,520,461,981,221,7,147,349.72,0.9846,0.5284,0.176333,5,0,44,275.33,1.0000,0.0521,0.002141,4.341
545123,520,480,1000,218,44,13,31.88,0.9823,0.5081,0.167385,0,0,0,0.00,0.0000,0.0000,0.000000,4.348
545144,520,385,905,226,41,219,329.97,0.9554,0.5914,0.228715,6,44,8,143.87,0.9720,0.1542,0.018575,4.064
545160,520,155,675,241,185,202,358.67,0.6283,0.8150,0.576644,4,97,76,171.07,0.9826,0.3520,0.090966,4.445
545161,520,134,654,222,203,213,344.52,0.2433,0.8378,0.630460,45,103,19,138.16,0.9673,0.3726,0.103051,4.446
545163,520,365,885,200,94,230,318.21,0.8419,0.6105,0.259992,25,33,87,272.06,0.7382,0.1743,0.019824,4.440
545207,520,464,984,162,76,209,311.47,0.7755,0.5170,0.174544,7,9,11,245.02,0.1139,0.0509,0.002647,4.265
545208,520,465,985,211,65,58,27.15,0.8601,0.5194,0.179373,8,1,42,281.19,0.9697,0.0549,0.002405,4.377
545223,520,426,946,226,17,183,339.74,0.9761,0.5591,0.199911,52,7,10,21.75,0.8270,0.1147,0.009041,4.233
545252,520,441,961,237,30,42,26.08,0.9769,0.5409,0.191035,28,16,19,2.85,0.2672,0.0909,0.006645,4.255
545262,520,356,876,222,101,159,352.42,0.6999,0.6171,0.273423,0,49,44,184.16,1.0000,0.1788,0.023784,4.383
545275,520,433,953,218,17,197,333.83,0.9766,0.5526,0.193398,46,1,33,342.48,0.8890,0.1024,0.007124,4.261
545279,520,464,984,195,23,206,325.28,0.9573,0.5196,0.166728,21,4,5,17.35,0.5948,0.0530,0.002572,4.122
545282,520,331,851,230,84,223,329.75,0.8934,0.6383,0.284936,58,35,76,308.44,0.5290,0.2042,0.026235,4.393
545291,520,479,999,186,35,205,322.78,0.9174,0.5096,0.160503,0,0,7,264.05,1.0000,0.0135,0.000153,4.197
545297,520,431,951,196,0,245,316.41,1.0000,0.5460,0.183298,6,29,8,145.37,0.9101,0.1041,0.009349,3.931
545309,520,396,916,242,50,128,2.51,0.9128,0.5822,0.227202,37,5,88,290.58,0.9446,0.1427,0.012064,4.466
545319,520,451,971,148,82,252,296.33,0.9692,0.5422,0.193589,6,16,22,234.59,0.4079,0.0709,0.004672,4.455
545328,520,417,937,231,2,185,340.25,0.9976,0.5664,0.205379,37,22,14,48.81,0.3849,0.1153,0.009989,4.257
545331,520,364,884,253,46,143,359.01,0.9810,0.6060,0.248233,4,35,90,260.72,0.9390,0.1717,0.019659,4.281
545343,520,462,982,225,3,139,353.23,0.9939,0.5320,0.179395,15,4,21,313.53,0.6218,0.0518,0.002425,4.376
545366,520,423,943,246,4,81,15.78,0.9970,0.5576,0.202773,13,31,8,139.17,0.8247,0.1143,0.010830,4.155
545383,520,455,975,177,56,233,312.22,0.9049,0.5337,0.180596,17,3,33,302.29,0.7993,0.0598,0.002941,4.356
545388,520,387,907,207,86,204,328.60,0.7889,0.5939,0.242823,23,32,60,268.80,0.5016,0.1476,0.015414,4.476
545430,520,457,977,222,41,102,7.81,0.8983,0.5281,0.180775,4,2,49,271.31,0.9797,0.0609,0.002910,4.362
545444,520,173,693,246,169,223,338.22,0.8814,0.7964,0.532983,22,94,60,157.93,0.9119,0.3407,0.085019,4.318
545451,520,436,956,220,76,41,34.68,0.9032,0.5484,0.205472,6,25,0,136.79,1.0000,0.0898,0.007340,4.455
545454,520,354,874,222,74,237,323.93,0.9235,0.6234,0.265436,57,37,26,49.63,0.3695,0.1836,0.022677,4.340
545468,520,272,792,229,115,254,320.14,0.9927,0.6964,0.360770,61,48,109,290.08,0.5902,0.2602,0.042101,4.460
545474,520,430,950,200,68,186,332.35,0.7932,0.5498,0.199605,22,15,53,286.73,0.6856,0.1027,0.007693,4.326
545475,520,289,809,164,156,217,290.02,0.5055,0.6767,0.366791,2,69,4,142.94,0.9970,0.2405,0.042777,4.492
545490,520,451,971,237,3,66,19.08,0.9976,0.5355,0.184663,15,12,26,292.79,0.3857,0.0708,0.004391,4.314
545508,520,397,917,200,85,202,326.95,0.7712,0.5806,0.230421,20,39,5,133.84,0.9170,0.1440,0.016107,4.242
545509,520,406,926,172,89,254,303.46,0.9877,0.5831,0.230717,19,36,1,131.39,0.9793,0.1330,0.014024,4.385
545518,520,319,839,234,73,245,325.19,0.9607,0.6466,0.288524,1,46,112,259.18,0.9882,0.2200,0.031301,4.164
545519,520,406,926,252,29,67,21.15,0.9849,0.5750,0.219831,41,19,48,317.53,0.5516,0.1298,0.011506,4.387
545533,520,433,953,230,63,8,35.21,0.9897,0.5502,0.203985,25,16,46,294.53,0.5828,0.1021,0.007745,4.398
545538,520,465,985,91,101,249,274.53,0.9578,0.5183,0.183703,7,7,25,280.20,0.5727,0.0532,0.002673,4.437
545540,520,355,875,172,115,241,302.59,0.8222,0.6154,0.273834,11,50,6,141.35,0.9740,0.1766,0.023654,4.397
545551,520,355,875,229,95,155,355.00,0.7541,0.6180,0.272114,14,38,87,262.45,0.8086,0.1801,0.021676,4.494
545559,520,457,977,163,78,223,308.11,0.8167,0.5317,0.185636,15,3,41,291.52,0.8661,0.0643,0.003268,4.424
545560,520,418,938,246,22,89,14.07,0.9803,0.5639,0.208914,32,6,76,291.00,0.9130,0.1239,0.009591,4.345
545580,520,336,856,250,2,249,328.58,0.9995,0.6408,0.272100,79,6,75,330.84,0.8526,0.2002,0.023008,4.412
545588,520,341,861,254,91,25,38.73,0.9936,0.6301,0.286267,3,57,32,156.94,0.9779,0.2029,0.030498,4.177
545593,520,459,979,230,38,15,30.64,0.9844,0.5289,0.182467,16,1,34,301.32,0.9154,0.0553,0.002474,4.430
545594,520,453,973,233,29,42,25.88,0.9760,0.5319,0.183727,28,4,17,348.79,0.6711,0.0675,0.003742,4.349
545611,520,445,965,232,46,50,26.03,0.9476,0.5415,0.193431,30,7,21,345.14,0.5851,0.0779,0.004822,4.440
545615,520,441,961,235,38,23,29.77,0.9762,0.5397,0.191134,32,4,44,313.78,0.8097,0.0901,0.005758,4.325
545619,520,347,867,215,94,230,323.13,0.8675,0.6322,0.281673,38,50,14,125.40,0.7271,0.1950,0.027250,4.294
545631,520,408,928,179,72,255,307.07,1.0000,0.5713,0.214392,55,10,27,1.63,0.7177,0.1293,0.011086,4.328
545635,520,467,987,227,14,74,16.20,0.9834,0.5182,0.171423,11,1,20,309.39,0.8263,0.0397,0.001434,4.305
545637,520,355,875,235,40,241,326.81,0.9767,0.6209,0.255331,40,13,109,284.58,0.9281,0.1793,0.018430,4.462
545672,520,409,929,207,102,61,41.16,0.7476,0.5683,0.231070,43,26,5,69.51,0.7222,0.1319,0.012634,4.488
545681,520,462,982,233,8,67,18.63,0.9928,0.5282,0.179057,6,5,22,283.17,0.6054,0.0459,0.002052,4.401
545684,520,480,1000,218,34,62,20.57,0.9450,0.5059,0.163999,0,0,0,0.00,0.0000,0.0000,0.000000,4.280
545703,520,355,875,250,24,215,336.58,0.9879,0.6240,0.258867,62,34,0,66.02,1.0000,0.1801,0.021683,4.309
545717,520,443,963,164,91,199,313.59,0.6822,0.5360,0.194989,35,1,34,329.48,0.8764,0.0827,0.004946,4.459
545724,520,433,953,181,84,207,318.64,0.7573,0.5541,0.206704,37,12,31,337.38,0.5581,0.1017,0.007552,4.460
545725,520,372,892,218,92,184,339.35,0.7513,0.6086,0.260224,52,29,58,319.12,0.4769,0.1717,0.019143,4.487
545744,520,463,983,236,0,3,29.04,1.0000,0.5270,0.178427,14,4,25,304.62,0.6769,0.0530,0.002504,4.351
545776,520,379,899,255,57,65,24.71,1.0000,0.5987,0.245716,55,30,4,62.94,0.8086,0.1599,0.017496,4.381
545777,520,467,987,181,76,166,333.44,0.6868,0.5178,0.177471,3,7,1,132.75,0.7838,0.0389,0.001735,4.397
545790,520,349,869,185,113,244,307.39,0.8632,0.6295,0.286569,8,47,72,242.14,0.7842,0.1908,0.025524,4.456
545797,520,444,964,228,33,106,6.60,0.9326,0.5363,0.186252,17,20,3,117.31,0.7125,0.0840,0.006261,4.199
545803,520,444,964,178,83,190,323.04,0.7068,0.5374,0.193703,13,11,41,281.31,0.6773,0.0772,0.004850,4.443
545816,520,442,962,239,1,70,18.10,0.9992,0.5400,0.188179,15,13,39,283.34,0.5913,0.0812,0.005359,4.302
545818,520,422,942,221,0,202,333.20,1.0000,0.5575,0.196388,36,3,58,306.95,0.8967,0.1067,0.007457,4.288
545820,520,433,953,212,73,134,356.85,0.7483,0.5513,0.204855,1,20,49,256.49,0.9295,0.0951,0.007285,4.449
545826,520,426,946,237,38,98,11.17,0.9400,0.5553,0.202757,19,4,78,278.44,0.9695,0.1103,0.007753,4.377
545828,520,477,997,217,49,47,26.89,0.9257,0.5130,0.171562,1,2,4,255.89,0.3738,0.0225,0.000586,4.380
545832,520,421,941,232,62,62,25.64,0.9090,0.5575,0.209518,29,11,61,293.90,0.7881,0.1111,0.008375,4.446
545836,520,423,943,240,10,115,4.39,0.9885,0.5552,0.199834,44,9,24,357.21,0.6611,0.1060,0.007969,4.310
545841,520,407,927,232,72,88,19.26,0.8544,0.5732,0.224980,29,28,44,286.66,0.2963,0.1322,0.012736,4.383
545845,520,387,907,254,54,68,23.51,0.9941,0.5947,0.241302,4,42,5,143.33,0.9821,0.1460,0.016926,4.353
545854,520,354,874,246,89,73,29.05,0.9384,0.6175,0.272219,9,49,41,176.60,0.8126,0.1807,0.024147,4.346
545855,520,473,993,167,65,228,309.50,0.8669,0.5246,0.175983,4,2,17,287.56,0.7302,0.0331,0.001097,4.423
545859,520,415,935,245,13,119,3.98,0.9870,0.5674,0.210356,39,20,36,332.77,0.4148,0.1219,0.010591,4.297
545862,520,357,877,248,90,26,38.91,0.9717,0.6179,0.273467,22,48,16,139.95,0.8433,0.1766,0.023218,4.418
545864,520,427,947,250,11,18,28.45,0.9959,0.5601,0.206107,17,26,15,139.95,0.3744,0.1035,0.008924,4.346
545865,520,392,912,219,40,230,325.46,0.9604,0.5863,0.222929,11,5,109,268.45,0.9925,0.1488,0.012837,4.343
545872,520,391,911,216,24,254,319.43,0.9959,0.5918,0.224098,53,19,50,330.94,0.6025,0.1498,0.014530,4.248
545880,520,340,860,233,74,239,326.40,0.9400,0.6421,0.284555,48,47,10,107.78,0.7529,0.1958,0.026833,4.354
545891,520,380,900,249,57,111,10.31,0.9486,0.5963,0.242171,62,18,50,339.89,0.6531,0.1640,0.016872,4.369
545914,520,407,927,184,103,166,335.85,0.5510,0.5660,0.226452,5,36,20,157.07,0.8973,0.1290,0.013445,4.357
545921,520,420,940,201,59,209,325.67,0.8693,0.5564,0.201505,23,4,76,282.72,0.9574,0.1115,0.007908,4.343
545930,520,402,922,214,65,197,332.95,0.8518,0.5763,0.221100,4,14,89,266.06,0.9716,0.1285,0.010611,4.473
545947,520,451,971,212,9,190,334.25,0.9847,0.5351,0.179123,7,12,38,270.80,0.6920,0.0723,0.004480,4.206
545956,520,363,883,229,57,224,329.37,0.9377,0.6108,0.249684,23,47,20,141.59,0.7295,0.1746,0.022656,4.125
545959,520,338,858,243,51,242,328.40,0.9719,0.6416,0.278359,51,40,62,306.89,0.3191,0.1975,0.025692,4.338
545965,520,464,984,229,4,85,12.55,0.9948,0.5225,0.174037,2,13,0,137.93,1.0000,0.0525,0.003007,4.227
545968,520,341,861,253,71,149,359.09,0.9745,0.6286,0.275625,8,48,86,251.60,0.8220,0.2040,0.028373,4.155
545969,520,25,545,246,251,193,111.79,0.9344,0.9654,0.924376,10,130,86,160.49,0.9824,0.4630,0.167009,4.490
545981,520,430,950,223,72,5,38.11,0.9912,0.5469,0.203363,15,9,63,277.83,0.8960,0.0964,0.006558,4.480
545990,520,423,943,231,37,144,353.83,0.9219,0.5582,0.203285,20,10,72,279.76,0.9010,0.1120,0.008337,4.342
545998,520,39,559,245,241,234,81.80,0.2884,0.9526,0.882638,5,130,28,144.23,0.9975,0.4524,0.160807,4.424
545999,520,430,950,143,90,249,294.00,0.9341,0.5460,0.199915,4,28,23,177.34,0.7726,0.1038,0.009181,4.223
546012,520,477,997,155,94,165,321.79,0.5311,0.5086,0.176912,2,2,5,283.18,0.3513,0.0245,0.000673,4.478
546029,520,392,912,252,2,157,352.99,0.9985,0.5934,0.231767,66,11,7,29.02,0.8864,0.1483,0.014131,4.394
546035,520,386,906,229,96,53,37.93,0.8697,0.5947,0.252835,3,42,36,180.07,0.9178,0.1534,0.018026,4.452
546037,520,472,992,201,59,137,351.00,0.7731,0.5165,0.173535,11,0,8,336.02,1.0000,0.0307,0.000887,4.393
546044,520,466,986,146,100,181,309.09,0.5468,0.5178,0.185619,13,6,11,336.52,0.3051,0.0497,0.002400,4.497
546059,520,479,999,195,45,167,337.00,0.8343,0.5075,0.162706,0,0,1,264.05,1.0000,0.0060,0.000022,4.252
546087,520,450,970,239,17,32,26.94,0.9908,0.5390,0.188592,31,6,13,4.79,0.6214,0.0747,0.004507,4.377
546099,520,434,954,212,79,104,12.24,0.7331,0.5493,0.205907,18,17,50,280.41,0.6396,0.1004,0.007598,4.443
546108,520,381,901,233,96,26,42.57,0.9521,0.5995,0.257668,5,37,75,255.34,0.8569,0.1634,0.018633,4.483
546117,520,433,953,200,59,209,325.37,0.8679,0.5547,0.200124,41,13,10,28.17,0.6128,0.1026,0.007813,4.326
546122,520,397,917,244,2,156,351.71,0.9979,0.5772,0.216801,29,36,1,120.14,0.9592,0.1414,0.015251,4.089
546172,520,354,874,255,28,194,343.24,1.0000,0.6231,0.259890,22,45,53,222.57,0.4324,0.1794,0.023043,4.243
546186,520,359,879,239,30,229,330.64,0.9826,0.6152,0.249391,4,52,16,147.25,0.9825,0.1824,0.025191,3.982
546187,520,414,934,206,31,237,320.53,0.9714,0.5650,0.202179,9,3,88,269.58,0.9921,0.1155,0.008277,4.327
546203,520,452,972,228,41,80,16.50,0.9286,0.5347,0.186619,11,16,10,140.41,0.2556,0.0702,0.004636,4.331
546204,520,447,967,231,31,98,9.76,0.9463,0.5391,0.188537,2,16,46,260.48,0.8895,0.0838,0.005807,4.274
546216,520,407,927,219,5,228,326.17,0.9965,0.5726,0.207722,40,10,68,302.55,0.8151,0.1309,0.010856,4.235
546245,520,411,931,224,61,148,352.45,0.8314,0.5653,0.213254,46,0,64,313.47,1.0000,0.1244,0.009511,4.424
546269,520,459,979,117,93,252,284.00,0.9699,0.5272,0.186385,24,2,30,319.06,0.8075,0.0646,0.003314,4.434
546277,520,385,905,235,42,190,340.15,0.9407,0.5908,0.230386,20,25,80,272.83,0.8099,0.1465,0.014231,4.365
546283,520,454,974,193,88,88,22.08,0.6368,0.5258,0.190232,10,3,51,278.71,0.9460,0.0698,0.003687,4.475
546293,520,414,934,233,23,172,344.72,0.9671,0.5684,0.209178,18,31,25,164.18,0.3213,0.1220,0.011787,4.195
546314,520,419,939,218,22,201,332.74,0.9697,0.5567,0.196986,7,10,75,269.05,0.9621,0.1067,0.007702,4.280
546317,520,439,959,217,39,185,337.15,0.9148,0.5534,0.197078,35,10,19,359.58,0.5460,0.0900,0.006215,4.395
546337,520,410,930,221,17,220,328.57,0.9858,0.5731,0.209426,43,24,2,68.07,0.8486,0.1267,0.011713,4.204
546351,520,407,927,227,10,207,333.34,0.9911,0.5736,0.210555,56,11,15,19.72,0.7584,0.1290,0.011147,4.261
546359,520,408,928,248,20,112,6.97,0.9809,0.5733,0.216301,13,16,87,270.46,0.9431,0.1335,0.011442,4.334
546361,520,475,995,225,2,121,359.42,0.9960,0.5246,0.174342,7,2,12,310.38,0.6152,0.0339,0.001151,4.386
546371,520,357,877,193,97,255,309.53,1.0000,0.6223,0.271078,25,48,4,133.40,0.9567,0.1769,0.023293,4.381
546373,520,397,917,208,63,226,323.06,0.9028,0.5830,0.224576,21,36,25,152.14,0.3935,0.1394,0.014913,4.230
546381,520,439,959,228,37,129,358.52,0.9147,0.5464,0.194049,25,10,44,300.52,0.6869,0.0900,0.006056,4.354
546383,520,410,930,230,73,82,21.55,0.8536,0.5694,0.222001,61,2,16,14.14,0.9367,0.1288,0.010731,4.479
546387,520,439,959,217,51,155,347.45,0.8484,0.5464,0.194883,36,5,35,329.22,0.7412,0.0916,0.006050,4.369
546395,520,435,955,194,62,218,321.01,0.8715,0.5543,0.199780,12,24,13,146.40,0.4717,0.0935,0.007605,4.336
546396,520,358,878,237,18,241,327.41,0.9930,0.6158,0.247906,63,21,60,330.46,0.6467,0.1761,0.019195,4.305
546398,520,468,988,170,66,214,313.93,0.8286,0.5191,0.172984,11,1,19,311.06,0.8164,0.0391,0.001399,4.338
546405,520,426,946,219,33,197,334.12,0.9449,0.5608,0.201813,24,12,68,284.50,0.8372,0.1141,0.008745,4.287
546425,520,378,898,221,40,247,322.00,0.9733,0.6018,0.236072,72,12,13,24.97,0.8647,0.1633,0.016700,4.289
546428,520,400,920,220,25,222,327.79,0.9769,0.5753,0.211870,51,7,64,316.98,0.8209,0.1410,0.012260,4.206
546439,520,331,851,252,21,230,333.33,0.9926,0.6357,0.269481,8,45,95,257.72,0.8735,0.2034,0.027545,4.120
546458,520,362,882,192,99,242,311.99,0.8840,0.6148,0.265419,13,38,84,261.30,0.7989,0.1769,0.021118,4.435
546480,520,465,985,232,10,35,25.98,0.9939,0.5223,0.174974,14,8,5,53.73,0.2781,0.0532,0.002780,4.262
546495,520,445,965,215,8,193,334.17,0.9878,0.5423,0.184732,10,11,45,275.78,0.7619,0.0783,0.004933,4.273
546510,520,400,920,249,44,72,20.99,0.9676,0.5780,0.224125,34,22,68,291.06,0.6679,0.1418,0.013312,4.330
546511,520,471,991,213,39,121,358.57,0.8738,0.5151,0.169800,14,2,8,345.79,0.6207,0.0400,0.001543,4.264
546516,520,452,972,174,32,252,308.20,0.9853,0.5279,0.170608,0,13,36,255.30,0.9999,0.0677,0.004152,4.074
546518,520,470,990,205,48,152,345.30,0.8283,0.5202,0.173621,0,8,8,194.77,1.0000,0.0409,0.001912,4.308
546519,520,455,975,159,77,226,306.02,0.8297,0.5273,0.181702,0,14,17,209.29,1.0000,0.0589,0.003545,4.327
546549,520,404,924,225,38,203,333.98,0.9461,0.5779,0.217080,50,16,33,351.53,0.5785,0.1309,0.011586,4.337
546553,520,294,814,229,117,212,333.25,0.8102,0.6765,0.341361,19,61,72,218.32,0.6671,0.2374,0.039436,4.376
546574,520,344,864,235,88,178,346.12,0.8290,0.6280,0.278586,51,37,65,306.40,0.3992,0.1921,0.024086,4.435
546591,520,449,969,215,53,146,350.43,0.8314,0.5403,0.190709,1,20,4,147.94,0.9768,0.0723,0.005155,4.364
546609,520,398,918,254,19,77,18.16,0.9944,0.5772,0.220762,26,28,54,278.61,0.4538,0.1357,0.013164,4.287
546613,520,363,883,233,67,190,340.28,0.8809,0.6069,0.250583,6,43,57,228.14,0.7972,0.1682,0.020618,4.256
546616,520,476,996,164,75,202,314.29,0.7595,0.5133,0.171897,0,0,17,264.05,1.0000,0.0212,0.000405,4.402
546619,520,445,965,234,23,89,12.68,0.9699,0.5393,0.188296,1,21,30,228.03,0.8782,0.0846,0.006365,4.228
546621,520,370,890,242,4,229,331.35,0.9984,0.6138,0.246241,14,48,15,143.88,0.9236,0.1721,0.022417,4.091
546628,520,347,867,211,105,211,327.37,0.7575,0.6312,0.286568,8,53,33,159.31,0.9137,0.1911,0.027075,4.367
546633,520,418,938,213,18,222,326.06,0.9830,0.5608,0.198547,3,35,18,156.24,0.9440,0.1242,0.012650,3.967
546653,520,477,997,218,36,49,24.47,0.9511,0.5052,0.163916,5,0,0,29.23,1.0000,0.0182,0.000323,4.251
546658,520,467,987,200,33,186,332.25,0.9101,0.5197,0.169141,14,5,1,58.88,0.6822,0.0450,0.002041,4.211
546668,520,480,1000,216,30,105,4.66,0.9195,0.5100,0.165499,0,0,0,0.00,0.0000,0.0000,0.000000,4.310
546669,520,441,961,242,4,12,28.62,0.9983,0.5412,0.189941,6,25,10,149.09,0.7987,0.0920,0.007559,4.169
546670,520,349,869,255,6,221,336.12,1.0000,0.6326,0.266140,64,28,61,330.48,0.5527,0.1900,0.022575,4.356
546678,520,447,967,234,32,56,23.06,0.9680,0.5373,0.188141,29,10,21,345.80,0.4770,0.0815,0.005325,4.304
546680,520,368,888,245,61,159,353.09,0.9136,0.6084,0.252563,29,44,29,144.58,0.3875,0.1716,0.021512,4.231
546684,520,430,950,231,44,96,11.66,0.9148,0.5466,0.196378,44,4,31,343.84,0.7765,0.1019,0.007213,4.306
546710,520,384,904,205,61,247,317.19,0.9584,0.5916,0.230335,59,17,46,341.72,0.6450,0.1549,0.015281,4.294
546711,520,234,754,243,133,252,324.41,0.9824,0.7421,0.428600,33,72,90,230.36,0.5414,0.2874,0.056960,4.475
546713,520,439,959,215,74,104,11.36,0.7638,0.5481,0.203464,2,25,0,140.64,1.0000,0.0873,0.007081,4.440
546718,520,337,857,250,37,238,331.00,0.9844,0.6432,0.278232,77,30,18,35.44,0.6933,0.2009,0.025502,4.347
546767,520,480,1000,223,26,39,25.92,0.9757,0.5089,0.165761,0,0,0,0.00,0.0000,0.0000,0.000000,4.315
546777,520,417,937,180,71,255,307.45,1.0000,0.5715,0.214306,4,27,60,257.43,0.8442,0.1236,0.011359,4.308
546784,520,373,893,251,10,169,349.30,0.9928,0.5983,0.235943,10,22,99,267.36,0.9489,0.1567,0.015391,4.373
546792,520,338,858,237,103,137,6.78,0.7830,0.6366,0.295138,10,46,89,255.53,0.8175,0.2015,0.027396,4.459
546797,520,454,974,137,89,241,293.22,0.8766,0.5310,0.188140,5,12,38,267.20,0.7430,0.0709,0.004351,4.381
546805,520,477,997,171,22,245,309.03,0.9800,0.5123,0.158252,0,2,11,258.21,1.0000,0.0247,0.000676,4.109
546828,520,371,891,203,97,223,321.04,0.8101,0.6147,0.265750,15,39,75,258.47,0.7004,0.1728,0.020605,4.472
546832,520,411,931,249,11,107,8.42,0.9911,0.5716,0.214442,0,31,45,231.54,1.0000,0.1218,0.011694,4.286
546843,520,351,871,236,74,203,337.19,0.8915,0.6259,0.270448,79,8,61,341.14,0.8126,0.1926,0.021731,4.467
546849,520,390,910,197,72,249,313.91,0.9603,0.5920,0.233458,10,31,78,263.28,0.8430,0.1526,0.015945,4.298
546866,520,413,933,230,40,177,342.84,0.9274,0.5735,0.215176,29,17,64,289.62,0.7233,0.1235,0.010323,4.396
546868,520,355,875,252,69,125,7.34,0.9654,0.6169,0.264358,41,42,25,110.99,0.3378,0.1760,0.021975,4.368
546869,520,429,949,197,15,242,317.20,0.9892,0.5483,0.186242,11,8,70,272.93,0.9499,0.1002,0.006870,4.154
546873,520,381,901,232,15,232,328.33,0.9925,0.6001,0.233262,23,7,107,274.50,0.9801,0.1553,0.013956,4.429
546900,520,453,973,168,60,236,308.38,0.9022,0.5271,0.176134,26,5,29,322.71,0.6854,0.0725,0.004169,4.175
546923,520,394,914,218,58,222,326.98,0.9192,0.5920,0.232075,23,35,24,146.81,0.3417,0.1376,0.014501,4.373
546926,520,307,827,191,132,237,308.79,0.7758,0.6663,0.336940,10,66,14,143.80,0.9794,0.2329,0.039925,4.303
546953,520,356,876,233,62,213,333.34,0.9218,0.6150,0.255755,41,35,75,287.89,0.5261,0.1828,0.021815,4.258
546959,520,395,915,228,66,170,345.70,0.8451,0.5873,0.232952,9,27,72,264.25,0.8438,0.1368,0.013097,4.484
546966,520,367,887,234,69,191,340.28,0.8801,0.6111,0.255129,42,41,27,104.43,0.2754,0.1747,0.021573,4.263
546979,520,474,994,207,69,55,29.27,0.8460,0.5164,0.177997,6,2,6,326.97,0.4507,0.0301,0.000953,4.475
546983,520,255,775,245,148,121,36.37,0.8116,0.7226,0.419752,18,77,25,144.93,0.9626,0.2748,0.055063,4.471
546984,520,381,901,228,16,244,324.63,0.9931,0.6019,0.233985,40,29,70,293.11,0.5703,0.1645,0.017720,4.193
546993,520,341,861,210,94,231,321.26,0.8628,0.6255,0.274781,1,51,78,239.60,0.9646,0.2047,0.029240,4.099
547032,520,425,945,235,9,158,349.29,0.9880,0.5617,0.203291,25,2,72,286.82,0.9704,0.1061,0.007180,4.430
547033,520,464,984,223,8,112,2.37,0.9841,0.5186,0.170342,5,6,27,275.70,0.6866,0.0505,0.002416,4.204
547034,520,455,975,200,66,161,341.40,0.7627,0.5339,0.187508,9,9,22,282.45,0.4127,0.0574,0.003114,4.472
547035,520,462,982,207,53,146,348.41,0.8118,0.5255,0.178890,8,9,16,277.34,0.2532,0.0537,0.002844,4.331
547041,520,280,800,255,130,20,52.76,1.0000,0.6923,0.372790,1,67,76,209.93,0.9831,0.2536,0.045423,4.431
547055,520,343,863,243,82,159,354.64,0.8733,0.6264,0.275954,51,28,91,295.93,0.7104,0.1937,0.022897,4.471
547070,520,266,786,250,126,190,349.63,0.9108,0.7117,0.389661,6,72,63,180.56,0.9404,0.2650,0.050321,4.383
547071,520,278,798,137,161,254,271.66,0.9782,0.6857,0.379630,11,71,0,140.92,1.0000,0.2494,0.045774,4.486
547072,520,470,990,181,81,154,339.03,0.6387,0.5189,0.180430,7,4,20,291.21,0.6098,0.0433,0.001825,4.446
547106,520,199,719,180,184,244,281.33,0.7301,0.7681,0.505155,37,86,69,168.08,0.6217,0.3233,0.074783,4.449
547140,520,355,875,248,25,210,337.43,0.9853,0.6178,0.253080,30,48,26,139.95,0.5205,0.1842,0.024645,4.060
547153,520,433,953,243,13,40,25.58,0.9934,0.5471,0.194992,23,9,58,288.92,0.8166,0.0986,0.006830,4.311
547161,520,346,866,212,122,126,17.63,0.5581,0.6267,0.294243,1,53,38,167.64,0.9874,0.1904,0.026925,4.475
547169,520,352,872,238,80,169,349.53,0.8511,0.6195,0.267818,57,31,63,319.91,0.4947,0.1861,0.022088,4.409
547198,520,468,988,197,27,194,329.10,0.9359,0.5165,0.165510,11,5,3,47.04,0.3470,0.0425,0.001863,4.155
547203,520,348,868,220,96,201,333.83,0.7847,0.6259,0.278004,33,50,3,127.98,0.9535,0.1893,0.026111,4.310
547213,520,439,959,219,76,46,33.56,0.8874,0.5470,0.204287,21,21,14,107.60,0.2063,0.0931,0.007275,4.440
547234,520,404,924,244,56,65,24.16,0.9449,0.5760,0.224465,41,21,46,319.39,0.4932,0.1324,0.012050,4.423
547244,520,384,904,238,36,192,340.17,0.9573,0.5940,0.232475,67,12,19,18.43,0.7964,0.1538,0.015035,4.343
547245,520,386,906,213,106,88,31.05,0.6770,0.5897,0.251609,5,38,58,240.19,0.7940,0.1533,0.017239,4.486
547267,520,456,976,97,104,246,275.84,0.9284,0.5259,0.190952,9,13,4,125.90,0.4787,0.0596,0.003547,4.500
547269,520,479,999,199,55,146,346.38,0.7880,0.5128,0.169517,0,1,1,194.77,1.0000,0.0143,0.000239,4.369
547270,520,438,958,225,51,119,2.88,0.8653,0.5471,0.197098,19,18,28,288.88,0.2481,0.0890,0.006549,4.370
547291,520,361,881,248,65,162,352.98,0.9328,0.6187,0.263489,2,32,104,262.75,0.9792,0.1791,0.020453,4.450
547298,520,429,949,233,15,138,355.48,0.9767,0.5504,0.195032,18,10,67,279.33,0.8882,0.1047,0.007509,4.261
547300,520,472,992,174,73,200,318.84,0.7700,0.5238,0.179349,1,3,14,264.87,0.7458,0.0308,0.001033,4.494
547337,520,410,930,202,67,211,325.24,0.8530,0.5674,0.212756,39,9,72,299.37,0.8459,0.1322,0.010946,4.311
547341,520,474,994,172,23,249,308.47,0.9808,0.5179,0.162239,1,2,19,269.24,0.9012,0.0308,0.000969,4.164
547360,520,402,922,240,54,113,7.98,0.9022,0.5769,0.223590,7,36,26,166.92,0.7754,0.1318,0.013814,4.287
547365,520,410,930,240,21,141,356.05,0.9720,0.5674,0.209879,5,36,28,172.51,0.8326,0.1315,0.013778,4.075
547366,520,413,933,166,89,247,302.76,0.9183,0.5700,0.219676,24,25,49,280.21,0.4464,0.1231,0.011112,4.413
547374,520,436,956,148,87,252,295.71,0.9658,0.5496,0.201407,8,11,59,271.32,0.9073,0.0904,0.006067,4.484
547382,520,439,959,187,60,233,315.16,0.9020,0.5525,0.196809,30,13,17,5.22,0.3867,0.0869,0.006044,4.404
547405,520,465,985,156,101,155,327.41,0.4497,0.5183,0.187425,12,9,9,17.79,0.0932,0.0547,0.002933,4.485
547410,520,447,967,213,43,166,342.26,0.8749,0.5382,0.186293,32,6,18,353.94,0.6317,0.0781,0.004810,4.311
547443,520,447,967,181,44,240,312.42,0.9429,0.5354,0.179174,19,3,53,289.33,0.9159,0.0800,0.004606,4.197
547452,520,471,991,179,12,239,312.86,0.9894,0.5160,0.160797,1,9,0,139.16,1.0000,0.0416,0.002018,4.052
547467,520,354,874,189,107,241,310.34,0.8582,0.6226,0.276859,11,49,35,164.90,0.8118,0.1792,0.023890,4.424
547478,520,410,930,251,19,32,27.27,0.9918,0.5652,0.210830,65,0,10,19.96,1.0000,0.1342,0.011459,4.244
547485,520,458,978,233,12,38,25.57,0.9926,0.5252,0.177297,4,2,45,272.30,0.9736,0.0566,0.002587,4.322
547516,520,389,909,188,93,232,313.59,0.8365,0.5937,0.243473,17,29,80,268.68,0.8002,0.1533,0.015770,4.462
547524,520,475,995,215,58,78,18.62,0.8532,0.5230,0.180257,2,5,2,144.33,0.5013,0.0327,0.001258,4.492
547527,520,414,934,254,9,60,21.96,0.9958,0.5720,0.215963,39,3,69,302.64,0.9277,0.1220,0.009262,4.488
547534,520,447,967,180,55,242,311.18,0.9329,0.5446,0.188475,25,10,34,311.19,0.5823,0.0829,0.005393,4.305
547547,520,321,841,255,34,241,331.41,1.0000,0.6524,0.287581,85,6,70,337.96,0.8490,0.2088,0.025040,4.499
547554,520,37,557,244,253,46,112.37,0.9954,0.9487,0.896813,2,131,2,142.51,0.9992,0.4540,0.162492,4.456
547558,520,411,931,214,41,218,327.14,0.9432,0.5701,0.209460,29,26,29,325.82,0.0814,0.1197,0.010887,4.261
547569,520,430,950,219,15,184,337.74,0.9757,0.5459,0.188648,28,13,40,307.77,0.5807,0.0958,0.006879,4.196
547574,520,339,859,226,89,219,329.76,0.8671,0.6358,0.284301,49,42,67,296.49,0.3370,0.2029,0.027141,4.334
547584,520,412,932,173,81,255,304.39,1.0000,0.5743,0.219897,40,16,47,318.12,0.6000,0.1224,0.010270,4.478
547586,520,426,946,223,71,96,15.10,0.8133,0.5570,0.210416,31,14,53,300.30,0.6825,0.1111,0.008624,4.442
547587,520,446,966,217,18,185,336.97,0.9689,0.5437,0.186894,8,5,55,274.23,0.9439,0.0762,0.004360,4.358
547604,520,433,953,187,43,248,312.48,0.9656,0.5506,0.190710,7,24,32,230.41,0.5375,0.0978,0.008027,4.148
547610,520,424,944,213,55,189,335.06,0.8651,0.5605,0.205547,13,27,31,217.92,0.3573,0.1093,0.009683,4.282
547626,520,469,989,201,69,117,1.59,0.7287,0.5204,0.179601,0,8,3,158.75,1.0000,0.0391,0.001802,4.432
547629,520,373,893,236,51,200,337.64,0.9329,0.6040,0.243734,42,32,52,306.80,0.3343,0.1614,0.017732,4.337
547641,520,185,705,253,178,63,73.58,0.9653,0.7861,0.530847,32,89,74,172.85,0.7038,0.3324,0.079459,4.487
547647,520,358,878,239,2,249,326.13,0.9994,0.6218,0.252363,79,5,40,359.16,0.8623,0.1795,0.019243,4.367
547648,520,460,980,207,71,102,10.38,0.7479,0.5291,0.187333,27,2,14,351.93,0.7604,0.0608,0.003082,4.471
547656,520,408,928,185,118,61,58.96,0.6626,0.5656,0.236094,0,34,50,233.37,1.0000,0.1339,0.013743,4.488
547662,520,448,968,222,21,152,348.54,0.9538,0.5366,0.183355,25,9,34,311.78,0.6086,0.0813,0.005176,4.229
547676,520,364,884,207,75,253,315.82,0.9866,0.6128,0.253909,5,41,74,250.69,0.8381,0.1737,0.021124,4.273
547683,520,413,933,241,19,135,358.16,0.9760,0.5664,0.209190,42,20,30,351.98,0.4064,0.1237,0.010863,4.259
547689,520,414,934,251,18,79,17.30,0.9883,0.5710,0.215100,23,14,76,280.24,0.8681,0.1248,0.010180,4.405
547693,520,408,928,255,10,28,27.47,1.0000,0.5712,0.215648,55,1,49,333.60,0.9214,0.1300,0.010558,4.387
547715,520,442,962,209,72,123,1.05,0.7413,0.5407,0.196222,33,5,28,335.39,0.7020,0.0826,0.005158,4.464
547719,520,308,828,250,75,233,332.23,0.9775,0.6669,0.312422,22,47,111,264.64,0.8188,0.2286,0.033511,4.340
547726,520,434,954,227,5,174,342.55,0.9925,0.5533,0.194981,32,8,48,308.48,0.7499,0.0993,0.006942,4.302
547744,520,359,879,242,68,183,344.78,0.9028,0.6201,0.264333,13,38,88,262.20,0.8257,0.1806,0.021763,4.380
547768,520,397,917,251,43,8,31.32,0.9946,0.5756,0.222582,59,1,48,337.77,0.9229,0.1373,0.011651,4.421
547782,520,330,850,240,91,169,351.13,0.8439,0.6363,0.288748,95,3,36,8.88,0.9472,0.2123,0.026258,4.442
547789,520,318,838,225,107,215,330.72,0.8177,0.6568,0.314312,17,52,91,253.59,0.7285,0.2223,0.033303,4.373
547805,520,312,832,244,95,188,345.27,0.8905,0.6563,0.310511,12,57,63,207.97,0.7622,0.2176,0.033631,4.311
547808,520,393,913,222,64,206,332.46,0.8872,0.5941,0.236548,52,21,36,351.46,0.5033,0.1443,0.013939,4.482
547810,520,474,994,177,54,213,317.24,0.8678,0.5160,0.167906,13,0,0,29.23,1.0000,0.0296,0.000856,4.285
547830,520,353,873,242,77,168,350.55,0.8799,0.6226,0.270151,37,34,85,281.80,0.6350,0.1847,0.021932,4.451
547858,520,442,962,230,22,123,0.26,0.9597,0.5409,0.188298,6,19,17,183.45,0.4522,0.0767,0.005449,4.298
547869,520,312,832,249,72,233,331.98,0.9736,0.6624,0.306605,1,61,55,184.01,0.9856,0.2239,0.036196,4.137
547881,520,341,861,254,24,218,336.69,0.9951,0.6330,0.267894,36,19,126,277.57,0.9437,0.2033,0.023471,4.327
547887,520,282,802,251,127,80,40.79,0.9449,0.6857,0.362702,10,71,16,144.10,0.9819,0.2506,0.046082,4.295
547890,520,315,835,217,115,216,327.61,0.7639,0.6583,0.319727,18,61,36,154.56,0.8417,0.2225,0.035933,4.302
547896,520,373,893,227,53,222,329.40,0.9396,0.6031,0.241533,27,23,93,277.00,0.8557,0.1618,0.016360,4.393
547909,520,387,907,238,49,170,347.21,0.9165,0.5908,0.232790,38,35,4,103.96,0.8251,0.1486,0.016229,4.270
547919,520,373,893,218,52,241,322.38,0.9527,0.6003,0.237142,6,44,41,187.29,0.8263,0.1632,0.020001,4.102
547930,520,310,830,243,93,209,337.67,0.9160,0.6622,0.314895,47,42,97,283.89,0.6015,0.2225,0.031233,4.492
547932,520,473,993,116,86,254,284.52,0.9910,0.5163,0.175240,12,1,7,343.01,0.7148,0.0344,0.001152,4.403
547941,520,468,988,183,40,217,318.62,0.9198,0.5171,0.165959,12,5,7,357.70,0.2964,0.0449,0.002021,4.151
547944,520,430,950,228,2,167,344.87,0.9968,0.5509,0.193301,31,4,55,302.99,0.8689,0.0982,0.006540,4.303
547955,520,460,980,209,14,187,334.34,0.9732,0.5288,0.174593,9,9,31,279.69,0.6044,0.0629,0.003524,4.196
547957,520,443,963,228,11,150,350.36,0.9811,0.5446,0.189381,38,0,28,340.55,1.0000,0.0828,0.004960,4.356
547965,520,293,813,244,90,253,325.53,0.9918,0.6850,0.336397,50,55,67,267.37,0.1654,0.2383,0.038157,4.383
547969,520,436,956,230,20,148,351.63,0.9647,0.5502,0.194643,24,17,25,322.15,0.2376,0.0906,0.006653,4.318
547972,520,428,948,210,11,229,323.64,0.9913,0.5589,0.196000,19,2,69,281.93,0.9752,0.0964,0.006115,4.384
547974,520,414,934,212,36,233,322.97,0.9643,0.5745,0.211439,33,9,68,295.27,0.8408,0.1203,0.009361,4.404
547975,520,374,894,240,30,207,336.44,0.9751,0.6034,0.239617,44,35,9,89.99,0.6680,0.1569,0.017573,4.286
547978,520,373,893,250,39,149,356.08,0.9590,0.5982,0.239484,53,5,88,304.14,0.9246,0.1648,0.015701,4.406
547979,520,341,861,221,96,206,332.41,0.8020,0.6301,0.281961,81,19,49,354.86,0.7160,0.2012,0.024371,4.464
547980,520,332,852,220,89,236,323.19,0.9050,0.6369,0.284184,63,39,13,65.21,0.6639,0.1951,0.025370,4.434
547981,520,384,904,241,25,192,340.71,0.9767,0.5948,0.232048,35,23,76,288.40,0.7100,0.1520,0.014919,4.345
547982,520,347,867,247,69,179,347.30,0.9306,0.6280,0.272882,47,31,90,291.46,0.6769,0.1935,0.023225,4.409
548044,520,425,945,242,13,120,3.15,0.9856,0.5615,0.205245,50,10,1,37.62,0.9457,0.1129,0.008975,4.328
548059,520,471,991,227,34,5,30.99,0.9946,0.5197,0.174889,1,1,34,267.78,0.9865,0.0404,0.001436,4.372
548060,520,284,804,255,117,133,15.09,1.0000,0.6863,0.356792,52,61,47,134.43,0.2208,0.2493,0.042728,4.387
548074,520,377,897,221,77,188,338.09,0.8178,0.5962,0.243129,68,11,29,6.90,0.7715,0.1576,0.015572,4.470
548081,520,383,903,220,35,250,321.16,0.9804,0.5998,0.233218,15,4,112,269.88,0.9935,0.1542,0.013581,4.454
548086,520,347,867,242,15,253,325.90,0.9961,0.6321,0.263134,35,33,98,278.44,0.7475,0.1929,0.023268,4.274
548088,520,426,946,204,8,238,320.02,0.9943,0.5551,0.191858,30,21,21,18.42,0.1788,0.1055,0.008665,4.123
548098,520,479,999,214,53,10,33.90,0.9836,0.5079,0.168668,0,0,8,264.05,1.0000,0.0143,0.000175,4.358
548105,520,440,960,194,47,224,319.95,0.9206,0.5453,0.188856,15,18,32,274.03,0.3561,0.0875,0.006384,4.236
548113,520,466,986,212,58,92,12.70,0.8234,0.5205,0.177982,12,3,25,301.31,0.7338,0.0488,0.002135,4.373
548125,520,441,961,196,91,95,19.66,0.6245,0.5376,0.200459,7,5,68,270.66,0.9742,0.0907,0.005710,4.496
548169,520,412,932,249,30,49,25.09,0.9813,0.5668,0.212937,49,12,14,20.44,0.6864,0.1164,0.009477,4.421
548179,520,472,992,193,72,133,352.24,0.6940,0.5163,0.176673,1,3,15,265.40,0.7735,0.0314,0.001061,4.439
548215,520,450,970,242,8,34,26.35,0.9961,0.5433,0.191698,19,6,40,296.59,0.7546,0.0732,0.004219,4.458
548216,520,420,940,227,45,154,349.88,0.8924,0.5600,0.205434,6,16,71,267.29,0.9309,0.1110,0.008642,4.356
548254,520,407,927,190,92,197,324.87,0.7099,0.5728,0.226339,59,9,9,25.52,0.8553,0.1315,0.011451,4.497
548255,520,474,994,227,19,79,14.86,0.9744,0.5209,0.173641,7,3,7,326.70,0.3632,0.0346,0.001256,4.363
548256,520,316,836,236,121,117,23.41,0.7639,0.6588,0.327945,46,56,24,123.65,0.5685,0.2227,0.034751,4.459
548272,520,418,938,180,75,234,311.77,0.8748,0.5597,0.206769,14,26,49,262.30,0.5422,0.1178,0.010539,4.241
548296,520,257,777,248,147,11,63.25,0.9901,0.7130,0.408508,3,76,30,149.20,0.9929,0.2685,0.052817,4.459
548300,520,242,762,254,131,193,350.14,0.9782,0.7269,0.411564,4,79,23,146.20,0.9933,0.2780,0.056794,4.322
548309,520,377,897,221,70,204,332.81,0.8670,0.5972,0.241143,48,29,46,330.41,0.3604,0.1592,0.017044,4.343
548310,520,425,945,214,10,222,326.35,0.9914,0.5605,0.197892,6,23,60,262.69,0.8345,0.1147,0.009777,4.147
548346,520,469,989,195,66,156,341.88,0.7459,0.5227,0.179005,16,3,1,39.04,0.7375,0.0425,0.001775,4.423
548347,520,403,923,255,20,53,23.92,1.0000,0.5760,0.220212,48,20,19,23.34,0.5003,0.1296,0.011758,4.375
548360,520,480,1000,188,50,187,328.34,0.8370,0.5118,0.165619,0,0,0,0.00,0.0000,0.0000,0.000000,4.312
548370,520,422,942,213,2,226,325.16,0.9983,0.5601,0.196825,4,28,33,213.36,0.7302,0.1082,0.009661,4.137
548379,520,470,990,226,18,104,6.09,0.9680,0.5250,0.176037,8,2,27,291.24,0.8307,0.0440,0.001742,4.369
548387,520,479,999,199,74,39,36.09,0.8629,0.5062,0.171882,0,0,6,264.05,1.0000,0.0126,0.000131,4.426
548397,520,362,882,234,41,224,330.67,0.9657,0.6085,0.244627,44,44,10,109.25,0.7264,0.1824,0.023588,4.004
548402,520,37,557,254,235,239,3.08,0.8463,0.9491,0.867201,46,126,58,146.20,0.9132,0.4524,0.158075,4.408
548406,520,477,997,169,85,158,332.37,0.5949,0.5088,0.174016,2,1,12,284.08,0.7969,0.0246,0.000612,4.426
548424,520,453,973,218,63,49,29.28,0.8963,0.5295,0.186847,7,2,52,274.93,0.9746,0.0667,0.003365,4.438
548455,520,455,975,217,49,123,359.53,0.8479,0.5314,0.183809,11,11,11,0.00,0.0000,0.0587,0.003347,4.383
548456,520,460,980,169,66,225,310.83,0.8574,0.5262,0.177685,7,13,15,219.32,0.2248,0.0614,0.003675,4.242
548462,520,456,976,223,56,15,33.62,0.9788,0.5292,0.185536,20,11,0,80.44,1.0000,0.0648,0.003881,4.371
548465,520,440,960,220,29,182,338.69,0.9440,0.5518,0.194742,19,7,56,285.80,0.8541,0.0895,0.005759,4.389
548482,520,375,895,227,51,218,330.45,0.9386,0.5991,0.237629,43,24,74,297.47,0.6689,0.1615,0.016613,4.318
548488,520,441,961,210,47,167,341.25,0.8557,0.5363,0.185268,26,13,29,319.93,0.4384,0.0866,0.005962,4.204
548503,520,465,985,136,93,226,294.64,0.7862,0.5245,0.185540,20,3,11,350.04,0.6278,0.0513,0.002380,4.497
548524,520,378,898,211,92,194,333.37,0.7525,0.6027,0.254000,12,39,62,247.37,0.6604,0.1618,0.018769,4.421
548562,520,447,967,217,43,157,346.36,0.8767,0.5412,0.189162,38,0,22,349.05,1.0000,0.0798,0.004701,4.372
548582,520,422,942,208,41,221,324.77,0.9412,0.5621,0.202181,27,5,71,288.52,0.9225,0.1112,0.007965,4.351
548583,520,170,690,206,201,132,104.64,0.5464,0.7952,0.565614,18,97,8,141.72,0.9917,0.3418,0.086952,4.495
548585,520,427,947,161,94,227,304.48,0.7886,0.5564,0.211290,5,28,12,151.42,0.8709,0.1012,0.008893,4.437
548587,520,403,923,217,35,226,325.97,0.9635,0.5774,0.214468,33,28,18,84.33,0.2717,0.1260,0.011975,4.267
548592,520,344,864,250,47,199,341.09,0.9686,0.6259,0.264837,53,40,45,353.47,0.1776,0.1917,0.024640,4.218
548602,520,477,997,128,95,209,293.74,0.7015,0.5063,0.173771,1,1,7,277.79,0.7136,0.0203,0.000435,4.437
548605,520,480,1000,182,43,203,321.92,0.8856,0.5070,0.159859,0,0,0,0.00,0.0000,0.0000,0.000000,4.197
548618,520,380,900,249,76,29,34.95,0.9704,0.6024,0.254008,36,41,7,117.25,0.7793,0.1644,0.019763,4.358
548621,520,478,998,186,79,116,0.97,0.6283,0.5078,0.172936,6,0,9,318.71,1.0000,0.0249,0.000584,4.407
548622,520,470,990,174,77,191,321.44,0.7299,0.5234,0.180690,16,4,1,46.29,0.7126,0.0449,0.001992,4.437
548630,520,76,596,246,225,195,76.82,0.6207,0.9058,0.773842,3,121,4,142.59,0.9986,0.4207,0.137023,4.405
548632,520,331,851,243,83,190,343.50,0.9006,0.6409,0.289617,25,42,93,266.83,0.7062,0.2013,0.026528,4.438
548641,520,456,976,178,59,228,313.56,0.8879,0.5341,0.181953,10,9,32,281.52,0.6122,0.0644,0.003642,4.324
548648,520,396,916,181,95,219,314.28,0.7644,0.5785,0.231235,14,40,1,136.62,0.9901,0.1431,0.016131,4.253
548677,520,423,943,216,14,212,329.34,0.9854,0.5580,0.196686,8,3,82,269.69,0.9908,0.1067,0.007259,4.308
548698,520,420,940,209,62,193,332.74,0.8427,0.5626,0.208527,28,21,38,302.53,0.3591,0.1109,0.009232,4.365
548700,520,359,879,252,7,207,338.99,0.9968,0.6191,0.253557,56,35,34,22.35,0.2926,0.1796,0.021584,4.241
548704,520,319,839,255,88,153,0.12,1.0000,0.6522,0.305427,54,46,77,295.03,0.3786,0.2246,0.032741,4.296
548705,520,471,991,215,56,42,29.46,0.9153,0.5152,0.174451,0,9,9,194.77,1.0000,0.0438,0.002151,4.304
548708,520,464,984,207,72,7,39.65,0.9814,0.5164,0.179177,28,0,3,17.07,1.0000,0.0546,0.002535,4.362
548725,520,391,911,247,15,169,348.54,0.9873,0.5915,0.229837,29,36,35,186.05,0.1183,0.1496,0.016443,4.212
548730,520,447,967,232,12,114,3.41,0.9821,0.5388,0.186367,15,14,41,281.40,0.5991,0.0846,0.005757,4.239
548733,520,378,898,239,42,200,338.22,0.9531,0.6035,0.241796,56,17,67,318.02,0.7186,0.1634,0.016470,4.390
548741,520,472,992,225,39,50,24.88,0.9519,0.5220,0.176917,4,0,27,282.63,1.0000,0.0347,0.001049,4.445
548751,520,407,927,248,24,96,12.25,0.9780,0.5704,0.214578,6,29,63,258.21,0.8075,0.1323,0.012763,4.216
548752,520,389,909,237,19,200,337.56,0.9840,0.5899,0.226432,58,11,60,326.22,0.7623,0.1543,0.014652,4.276
548770,520,432,952,195,49,223,320.43,0.9151,0.5478,0.191279,37,17,3,56.23,0.7384,0.1021,0.008008,4.159
548775,520,371,891,201,93,226,319.71,0.8286,0.6080,0.257385,57,32,2,66.51,0.8962,0.1675,0.019074,4.450
548776,520,367,887,247,16,199,340.05,0.9902,0.6071,0.242714,45,26,76,297.72,0.6533,0.1694,0.018185,4.293
548785,520,464,984,177,18,242,311.53,0.9840,0.5173,0.161915,0,0,44,264.05,1.0000,0.0474,0.001818,4.090
548789,520,360,880,245,30,227,332.50,0.9844,0.6245,0.258900,44,43,3,108.13,0.9024,0.1787,0.022698,4.249
548799,520,409,929,164,108,204,309.63,0.6302,0.5692,0.229778,52,20,4,46.05,0.7899,0.1337,0.012393,4.484
548817,520,391,911,250,41,122,5.17,0.9597,0.5899,0.233185,6,18,102,266.28,0.9697,0.1523,0.014305,4.404
548821,520,362,882,199,89,240,315.62,0.8964,0.6089,0.255794,29,34,91,274.28,0.7274,0.1833,0.021605,4.271
548822,520,433,953,231,31,123,0.89,0.9384,0.5469,0.194019,30,15,42,307.94,0.5587,0.1034,0.007849,4.218
548823,520,480,1000,164,39,248,305.71,0.9662,0.5139,0.161215,0,0,0,0.00,0.0000,0.0000,0.000000,4.224
548827,520,400,920,242,4,162,349.48,0.9958,0.5763,0.215759,18,32,54,259.12,0.4952,0.1398,0.014279,4.134
548828,520,474,994,203,9,187,332.76,0.9807,0.5165,0.164817,0,0,29,264.05,1.0000,0.0317,0.000887,4.221
548841,520,466,986,168,60,232,309.27,0.8894,0.5237,0.173835,3,12,3,143.80,0.7833,0.0518,0.002889,4.232
548842,520,405,925,215,19,249,320.32,0.9904,0.5846,0.217543,40,11,70,301.07,0.8126,0.1340,0.011327,4.363
548884,520,332,852,220,96,218,328.20,0.8339,0.6352,0.286452,53,32,91,296.27,0.6638,0.2035,0.025453,4.459
548900,520,422,942,223,78,61,29.84,0.8577,0.5590,0.214763,33,23,16,56.33,0.2835,0.1127,0.009736,4.432
548902,520,430,950,219,57,146,351.70,0.8289,0.5514,0.200641,36,15,23,356.72,0.4339,0.1018,0.007786,4.337
548908,520,467,987,200,80,41,37.83,0.8453,0.5172,0.181788,7,2,29,286.91,0.8600,0.0446,0.001773,4.477
548914,520,432,952,239,8,115,4.18,0.9904,0.5527,0.197654,11,6,74,272.58,0.9685,0.1022,0.006958,4.348
548923,520,296,816,226,143,47,64.73,0.8600,0.6750,0.360210,39,64,32,139.05,0.6167,0.2435,0.042023,4.458
548928,520,446,966,226,5,156,347.89,0.9909,0.5421,0.186803,34,9,4,35.78,0.7050,0.0826,0.005443,4.271
548935,520,415,935,245,16,131,0.13,0.9831,0.5722,0.214251,11,31,22,162.73,0.5645,0.1166,0.011090,4.326
548949,520,465,985,199,4,198,328.62,0.9923,0.5155,0.163080,8,5,30,284.14,0.7266,0.0531,0.002539,4.056
548972,520,458,978,235,11,29,27.03,0.9941,0.5285,0.179934,16,4,26,307.86,0.6883,0.0559,0.002716,4.362
548975,520,454,974,226,29,99,8.50,0.9431,0.5281,0.179512,28,9,3,43.43,0.6639,0.0727,0.004489,4.212
548978,520,386,906,236,41,190,340.36,0.9441,0.5920,0.231393,70,2,32,1.43,0.9180,0.1537,0.014500,4.363
548980,520,480,1000,207,65,3,37.87,0.9926,0.5072,0.170548,0,0,0,0.00,0.0000,0.0000,0.000000,4.411
548985,520,371,891,197,96,225,318.43,0.8105,0.6060,0.256735,52,27,60,317.54,0.5265,0.1689,0.018402,4.484
548990,520,399,919,246,22,131,0.50,0.9755,0.5760,0.218087,26,1,99,278.68,0.9953,0.1406,0.011421,4.365
548999,520,466,986,184,87,126,356.63,0.5792,0.5211,0.185145,20,3,14,341.61,0.6406,0.0524,0.002456,4.483
549006,520,435,955,218,22,193,334.95,0.9654,0.5517,0.193318,28,9,44,305.88,0.7046,0.0923,0.006241,4.326
549030,520,437,957,223,6,185,338.39,0.9913,0.5520,0.193235,25,13,35,307.75,0.5166,0.0889,0.006159,4.331
549048,520,273,793,210,144,220,322.08,0.6601,0.7029,0.388166,0,67,91,230.25,1.0000,0.2620,0.047694,4.485
549049,520,362,882,254,17,179,347.09,0.9929,0.6103,0.247299,35,41,65,272.58,0.3635,0.1848,0.023248,4.059
549052,520,355,875,250,31,202,340.03,0.9786,0.6192,0.255715,59,27,65,321.11,0.5750,0.1827,0.020954,4.309
549053,520,383,903,244,5,207,337.24,0.9971,0.6039,0.238497,60,11,54,333.39,0.7481,0.1539,0.014665,4.461
549054,520,440,960,245,9,36,26.16,0.9958,0.5501,0.197388,12,22,23,203.83,0.2640,0.0911,0.007138,4.330
549056,520,421,941,238,34,105,8.59,0.9476,0.5569,0.203443,25,9,67,286.98,0.8615,0.1100,0.008073,4.364
549067,520,478,998,196,77,68,27.26,0.7446,0.5093,0.174627,0,0,20,264.05,1.0000,0.0236,0.000505,4.448
549079,520,477,997,159,51,246,303.90,0.9519,0.5145,0.163929,6,0,5,332.72,1.0000,0.0228,0.000497,4.236
549087,520,400,920,248,5,152,353.79,0.9955,0.5840,0.223354,12,12,96,269.63,0.9717,0.1388,0.011855,4.419
549107,520,368,888,245,45,183,344.59,0.9457,0.6073,0.247113,26,16,110,274.91,0.9509,0.1711,0.017159,4.424
549109,520,388,908,247,33,150,354.91,0.9592,0.5897,0.230672,63,6,53,336.61,0.8052,0.1538,0.014442,4.355
549114,520,400,920,215,47,218,327.35,0.9321,0.5758,0.215441,13,39,15,145.16,0.8491,0.1415,0.015710,4.040
549118,520,452,972,164,63,245,304.93,0.9374,0.5324,0.180407,3,11,38,264.62,0.8303,0.0673,0.003986,4.268
549135,520,433,953,193,37,240,316.15,0.9597,0.5495,0.189532,37,10,27,344.30,0.5865,0.0966,0.006896,4.210
549143,520,462,982,212,49,147,349.04,0.8380,0.5317,0.183025,0,11,21,238.24,1.0000,0.0535,0.002935,4.402
549149,520,390,910,223,50,212,331.03,0.9284,0.5877,0.227249,38,31,44,308.98,0.2412,0.1498,0.015739,4.217
549151,520,466,986,233,7,15,28.44,0.9964,0.5225,0.175133,6,11,7,151.51,0.2773,0.0533,0.002934,4.253
549155,520,421,941,206,32,227,322.87,0.9626,0.5580,0.197027,11,23,52,264.88,0.6592,0.1106,0.009318,4.164
549172,520,72,592,206,234,251,234.49,0.7391,0.9091,0.789316,3,121,45,147.67,0.9975,0.4242,0.138829,4.445
549178,520,350,870,229,59,250,323.00,0.9796,0.6297,0.266903,35,49,18,129.39,0.6492,0.1898,0.025976,4.171
549197,520,354,874,196,107,224,317.56,0.7744,0.6210,0.276341,40,45,0,116.15,1.0000,0.1798,0.023279,4.453
549229,520,445,965,194,31,228,319.35,0.9595,0.5383,0.180522,19,16,11,80.46,0.1860,0.0778,0.005332,4.166
549246,520,441,961,233,47,13,31.92,0.9866,0.5415,0.193888,10,14,55,272.26,0.8298,0.0930,0.006544,4.313
549258,520,450,970,235,28,83,15.07,0.9641,0.5422,0.191203,21,14,2,84.36,0.7141,0.0731,0.004779,4.403
549269,520,389,909,214,33,246,320.55,0.9772,0.5860,0.220395,52,24,25,18.56,0.4487,0.1461,0.014536,4.190
549272,520,329,849,252,89,166,354.72,0.9557,0.6530,0.305966,60,40,70,313.88,0.4127,0.2137,0.029205,4.494
549274,520,410,930,255,9,29,27.33,1.0000,0.5710,0.215480,54,14,14,23.56,0.7058,0.1290,0.011302,4.331
549275,520,408,928,240,25,141,356.18,0.9646,0.5689,0.211468,54,10,30,356.58,0.7092,0.1286,0.010952,4.290
549277,520,384,904,216,20,247,320.99,0.9894,0.5850,0.218166,32,26,68,286.07,0.6146,0.1477,0.014632,4.149
549294,520,330,850,233,91,196,339.24,0.8415,0.6371,0.287938,81,28,39,10.27,0.6171,0.2103,0.027266,4.374
549303,520,398,918,238,72,77,23.41,0.8983,0.5823,0.233508,51,24,0,59.83,1.0000,0.1393,0.013572,4.460
549313,520,353,873,238,56,222,332.14,0.9480,0.6240,0.262821,1,24,118,264.13,0.9729,0.1809,0.019676,4.490
549327,520,338,858,224,96,220,328.82,0.8500,0.6424,0.293823,3,41,107,260.73,0.9671,0.2033,0.026666,4.485
549333,520,454,974,229,2,123,359.51,0.9964,0.5335,0.181344,23,10,9,24.82,0.3607,0.0691,0.004190,4.269
549354,520,378,898,227,71,184,340.86,0.8457,0.5975,0.243005,18,40,53,236.41,0.4888,0.1621,0.019032,4.245
549373,520,377,897,253,52,91,16.71,0.9850,0.5953,0.240976,37,40,0,114.02,1.0000,0.1615,0.019109,4.210
549378,520,421,941,235,12,153,350.92,0.9836,0.5600,0.202280,22,26,10,120.52,0.4750,0.1067,0.009313,4.253
549380,520,455,975,207,68,107,7.34,0.7563,0.5268,0.184633,17,7,18,323.74,0.4244,0.0590,0.003148,4.415
549386,520,438,958,239,30,82,15.96,0.9651,0.5512,0.198917,23,0,64,289.21,1.0000,0.0915,0.005523,4.483
549406,520,460,980,196,9,220,322.11,0.9892,0.5276,0.171000,23,1,25,325.02,0.8383,0.0579,0.002741,4.190
549425,520,362,882,253,77,45,32.55,0.9885,0.6123,0.263834,60,36,1,71.40,0.9542,0.1817,0.022247,4.344
549430,520,445,965,228,30,132,357.06,0.9351,0.5437,0.190913,21,14,30,303.38,0.4051,0.0832,0.005672,4.327
549432,520,472,992,229,16,67,18.60,0.9834,0.5217,0.174368,8,0,13,316.36,1.0000,0.0295,0.000807,4.416
549449,520,464,984,198,78,76,24.07,0.7269,0.5160,0.179783,9,11,1,116.40,0.7883,0.0540,0.002996,4.336
549461,520,432,952,228,63,68,23.93,0.8907,0.5517,0.204692,27,22,14,79.24,0.2592,0.1022,0.008386,4.362
549481,520,448,968,194,41,218,321.61,0.9259,0.5365,0.181187,11,11,42,277.86,0.7104,0.0764,0.004776,4.221
549484,520,368,888,235,5,245,326.09,0.9983,0.6125,0.243658,38,31,75,287.34,0.5880,0.1706,0.019000,4.256
549495,520,418,938,242,52,28,30.89,0.9709,0.5647,0.214204,4,32,39,217.36,0.7761,0.1233,0.012053,4.258
549496,520,442,962,213,78,15,40.19,0.9636,0.5363,0.196318,18,18,11,107.70,0.2284,0.0816,0.005854,4.410
549502,520,397,917,250,38,65,22.25,0.9753,0.5752,0.220955,21,27,66,273.06,0.6484,0.1385,0.013366,4.276
549526,520,367,887,230,50,233,327.41,0.9575,0.6132,0.249898,63,16,57,333.27,0.7023,0.1672,0.017229,4.461
549527,520,473,993,173,51,234,310.98,0.9164,0.5240,0.171933,5,1,5,327.43,0.5950,0.0251,0.000649,4.382
549529,520,390,910,211,60,238,321.01,0.9313,0.5934,0.232554,47,11,74,305.68,0.8190,0.1478,0.013381,4.458
549540,520,434,954,154,86,245,299.21,0.9062,0.5493,0.201184,20,22,24,248.08,0.0662,0.0981,0.007885,4.339
549547,520,396,916,249,12,122,3.64,0.9896,0.5763,0.218114,20,19,81,275.07,0.8705,0.1360,0.012085,4.318
549572,520,453,973,236,6,54,22.15,0.9958,0.5321,0.182327,12,11,28,284.39,0.4678,0.0673,0.004013,4.301
549575,520,468,988,225,43,27,29.94,0.9637,0.5226,0.178173,6,2,29,284.30,0.8714,0.0436,0.001708,4.413
549598,520,437,957,201,30,232,320.36,0.9674,0.5524,0.191739,1,15,51,261.48,0.9551,0.0854,0.005871,4.327
549607,520,476,996,195,77,76,23.59,0.7187,0.5091,0.174335,5,0,11,309.75,1.0000,0.0246,0.000564,4.437
549609,520,293,813,221,121,232,323.50,0.8435,0.6822,0.348747,2,58,100,248.24,0.9511,0.2420,0.039589,4.451
549615,520,415,935,231,53,147,353.75,0.8763,0.5707,0.216445,43,15,38,334.63,0.5690,0.1199,0.009952,4.444
549628,520,381,901,239,29,206,336.47,0.9753,0.6006,0.236885,51,31,3,71.68,0.8479,0.1558,0.016904,4.288
549629,520,400,920,212,104,9,51.69,0.9702,0.5761,0.239195,18,38,16,142.05,0.6954,0.1413,0.015522,4.414
549647,520,327,847,250,64,217,336.40,0.9725,0.6480,0.290036,4,56,49,181.12,0.9347,0.2055,0.030758,4.211
549664,520,395,915,218,64,204,331.95,0.8757,0.5862,0.229340,54,19,15,28.62,0.6258,0.1374,0.012846,4.445
549668,520,444,964,231,51,9,32.87,0.9899,0.5406,0.193793,4,19,21,205.97,0.5737,0.0768,0.005457,4.396
549683,520,475,995,212,28,145,348.77,0.9138,0.5167,0.168742,4,2,19,285.59,0.7674,0.0344,0.001162,4.275
549745,520,348,868,243,61,202,338.92,0.9291,0.6252,0.266593,21,54,1,136.55,0.9943,0.1943,0.027999,4.059
549782,520,377,897,248,46,141,358.76,0.9419,0.5956,0.238369,34,2,108,281.89,0.9901,0.1615,0.014662,4.460
549783,520,332,852,243,61,233,330.53,0.9565,0.6431,0.282781,18,52,55,203.19,0.5931,0.2001,0.028603,4.234
549785,520,433,953,236,50,45,27.78,0.9488,0.5523,0.203067,8,19,52,266.32,0.7588,0.0995,0.007653,4.390
549793,520,377,897,249,11,171,348.31,0.9917,0.5955,0.233227,66,7,58,334.56,0.8040,0.1639,0.016159,4.281
549795,520,459,979,236,10,41,25.04,0.9940,0.5315,0.182133,9,14,12,168.99,0.1723,0.0643,0.003987,4.300
549798,520,322,842,205,111,234,317.71,0.8349,0.6456,0.302898,56,44,51,342.54,0.1682,0.2082,0.028812,4.478
549802,520,420,940,186,67,233,314.48,0.8873,0.5583,0.203377,29,8,63,293.86,0.8399,0.1090,0.007938,4.373
549806,520,365,885,242,55,182,344.54,0.9204,0.6084,0.249900,42,8,106,287.55,0.9465,0.1732,0.017065,4.472
549830,520,431,951,238,30,90,13.31,0.9610,0.5510,0.198471,1,16,60,262.62,0.9689,0.0963,0.007032,4.357
549842,520,412,932,225,61,147,353.07,0.8340,0.5667,0.214542,38,21,32,341.03,0.3485,0.1207,0.010527,4.371
549847,520,300,820,219,117,226,324.87,0.8150,0.6697,0.332753,4,66,23,147.94,0.9886,0.2326,0.039839,4.260
549850,520,464,984,222,42,87,13.49,0.9077,0.5248,0.178763,8,7,18,287.49,0.3936,0.0502,0.002473,4.360
549851,520,478,998,218,2,128,355.51,0.9949,0.5129,0.165099,4,0,2,344.76,1.0000,0.0178,0.000302,4.276
549853,520,385,905,230,95,19,43.44,0.9648,0.5924,0.250572,9,41,20,151.63,0.8798,0.1474,0.016944,4.490
549869,520,470,990,210,40,141,350.26,0.8633,0.5182,0.171446,13,4,6,2.24,0.3955,0.0432,0.001856,4.270
549882,520,437,957,214,12,201,331.73,0.9840,0.5465,0.187783,9,9,58,273.17,0.9115,0.0868,0.005589,4.278
549906,520,418,938,204,54,216,324.73,0.9000,0.5615,0.204353,35,8,63,300.79,0.8264,0.1167,0.008899,4.318
549915,520,428,948,204,0,248,317.87,1.0000,0.5616,0.196163,8,27,21,170.59,0.5674,0.1024,0.008896,4.180
549922,520,469,989,194,19,213,323.22,0.9708,0.5216,0.167407,3,4,22,273.94,0.7316,0.0405,0.001641,4.210
549940,520,452,972,176,83,190,322.25,0.7038,0.5344,0.191354,16,6,37,293.75,0.7346,0.0677,0.003740,4.491
549945,520,458,978,206,55,145,348.68,0.8023,0.5251,0.179006,30,1,1,27.55,0.9555,0.0597,0.003000,4.321
549959,520,472,992,225,15,85,12.42,0.9781,0.5167,0.170079,2,3,13,272.57,0.6085,0.0315,0.001071,4.309
549969,520,300,820,252,63,250,328.55,0.9900,0.6702,0.311555,34,44,115,271.90,0.7690,0.2324,0.033791,4.315
549990,520,410,930,227,42,174,343.12,0.9142,0.5676,0.210454,10,30,59,257.93,0.6926,0.1336,0.013088,4.128
549991,520,413,933,244,4,136,358.07,0.9957,0.5694,0.211008,53,14,1,40.96,0.9398,0.1247,0.010733,4.298
550005,520,408,928,238,48,122,3.78,0.9088,0.5710,0.216993,11,17,81,269.63,0.9312,0.1269,0.010661,4.401
550013,520,471,991,222,39,89,12.42,0.9146,0.5232,0.177046,10,3,7,341.62,0.4282,0.0378,0.001450,4.413
550017,520,463,983,157,64,254,300.79,0.9923,0.5322,0.179910,5,11,12,207.10,0.2687,0.0540,0.002981,4.339
550031,520,470,990,214,9,150,347.11,0.9766,0.5164,0.166959,0,6,11,229.57,1.0000,0.0368,0.001544,4.209
550039,520,470,990,213,51,96,10.00,0.8461,0.5166,0.173607,4,2,24,281.57,0.8471,0.0378,0.001352,4.354
550041,520,459,979,229,8,109,4.51,0.9871,0.5301,0.179387,28,1,10,0.35,0.8388,0.0590,0.002905,4.336
550051,520,393,913,247,37,142,357.71,0.9510,0.5886,0.230536,61,8,34,355.65,0.7691,0.1419,0.012814,4.466
550052,520,311,831,219,106,236,322.25,0.8834,0.6585,0.314259,70,44,25,56.09,0.4954,0.2200,0.031738,4.456
550054,520,478,998,161,75,199,313.97,0.7486,0.5069,0.167335,3,0,7,308.47,1.0000,0.0194,0.000347,4.317
550057,520,466,986,215,64,42,31.33,0.9060,0.5240,0.182835,2,4,35,268.79,0.9321,0.0495,0.002211,4.460
550060,520,430,950,227,11,166,345.03,0.9825,0.5503,0.193261,7,19,48,264.24,0.7297,0.0955,0.007243,4.250
550061,520,377,897,251,71,50,30.39,0.9790,0.6024,0.252495,32,35,50,275.49,0.2587,0.1569,0.017394,4.488
550066,520,368,888,186,103,234,311.39,0.8207,0.6077,0.260810,35,41,35,145.18,0.1401,0.1698,0.020645,4.400
550072,520,416,936,201,41,248,316.49,0.9682,0.5710,0.207822,43,17,25,1.83,0.4770,0.1175,0.009847,4.308
550108,520,318,838,253,45,255,327.77,1.0000,0.6633,0.299824,51,52,31,110.54,0.3587,0.2175,0.032587,4.236
550111,520,420,940,230,38,162,347.57,0.9233,0.5649,0.208206,2,3,89,265.41,0.9951,0.1131,0.007992,4.452
550119,520,468,988,215,58,84,16.30,0.8438,0.5243,0.181157,8,0,33,288.41,1.0000,0.0441,0.001614,4.479
550128,520,402,922,233,24,186,340.58,0.9702,0.5762,0.215248,49,18,11,34.06,0.6316,0.1258,0.011098,4.341
550130,520,366,886,230,90,134,3.80,0.7670,0.6051,0.258591,8,45,42,187.27,0.7764,0.1676,0.020955,4.349
550137,520,477,997,189,59,173,333.27,0.7843,0.5137,0.169654,0,1,4,253.83,0.9999,0.0166,0.000305,4.366
550149,520,296,816,198,138,217,317.81,0.6301,0.6752,0.351934,30,65,41,152.33,0.6429,0.2431,0.042166,4.361
550150,520,469,989,234,4,32,26.30,0.9977,0.5250,0.176867,10,3,8,335.85,0.4462,0.0381,0.001472,4.408
550166,520,359,879,234,84,167,349.71,0.8186,0.6165,0.266257,47,40,21,89.93,0.4181,0.1765,0.021761,4.407
550172,520,407,927,248,34,78,18.30,0.9692,0.5710,0.216541,29,30,38,279.55,0.1560,0.1343,0.013297,4.211
550178,520,477,997,209,24,155,344.45,0.9272,0.5140,0.165773,3,0,2,338.03,1.0000,0.0160,0.000237,4.295
550179,520,455,975,233,6,61,20.19,0.9950,0.5267,0.177939,28,2,17,347.04,0.7670,0.0636,0.003308,4.276
550183,520,476,996,207,64,35,33.24,0.9107,0.5077,0.170558,1,1,6,278.68,0.6638,0.0197,0.000413,4.375
550202,520,462,982,228,24,86,12.97,0.9633,0.5265,0.178221,0,3,37,263.86,1.0026,0.0471,0.001987,4.390
550203,520,478,998,124,84,243,288.92,0.9061,0.5108,0.170966,1,2,7,266.83,0.5685,0.0241,0.000652,4.362
550212,520,432,952,192,31,244,315.12,0.9713,0.5480,0.187194,12,15,59,273.18,0.8305,0.1000,0.007355,4.136
550234,520,373,893,226,50,225,328.39,0.9465,0.6012,0.238885,36,13,93,286.44,0.8941,0.1559,0.014532,4.477
550237,520,278,798,215,123,248,316.50,0.9295,0.6866,0.353916,60,52,90,292.38,0.4132,0.2543,0.041548,4.412
550248,520,447,967,228,14,148,351.07,0.9754,0.5444,0.189490,16,17,3,112.30,0.6514,0.0752,0.005176,4.340
550249,520,416,936,249,5,109,7.64,0.9958,0.5709,0.213560,36,1,73,297.77,0.9788,0.1195,0.008778,4.484
550250,520,307,827,234,125,128,19.31,0.7215,0.6655,0.337206,32,57,66,223.01,0.3840,0.2288,0.036266,4.489
550258,520,437,957,247,10,1,29.50,0.9993,0.5529,0.199970,5,24,15,161.51,0.7081,0.0897,0.007200,4.370
550265,520,280,800,254,124,114,26.20,0.9823,0.6914,0.367041,55,64,13,119.03,0.8189,0.2545,0.045081,4.386
550270,520,161,681,239,178,239,326.47,0.8334,0.8125,0.564248,10,94,96,197.49,0.9241,0.3513,0.089140,4.415
550279,520,327,847,237,69,242,326.76,0.9541,0.6457,0.286740,60,40,70,313.88,0.4127,0.2137,0.029205,4.251
550281,520,322,842,237,72,245,325.98,0.9627,0.6504,0.292342,33,57,4,131.63,0.9638,0.2123,0.032583,4.145
550286,520,384,904,234,86,12,40.50,0.9829,0.5862,0.241775,30,37,5,120.73,0.8168,0.1460,0.016101,4.414
550304,520,414,934,237,69,57,28.51,0.9176,0.5740,0.225593,19,29,37,242.99,0.2768,0.1221,0.011507,4.481
550316,520,422,942,227,11,190,337.94,0.9870,0.5635,0.202905,33,13,50,306.09,0.6751,0.1097,0.008415,4.329
550321,520,443,963,177,47,246,309.78,0.9544,0.5368,0.180349,13,5,51,281.47,0.8939,0.0757,0.004331,4.240
550322,520,416,936,253,13,71,19.40,0.9931,0.5724,0.216292,15,30,31,201.18,0.3430,0.1193,0.011290,4.345
550325,520,476,996,178,60,194,322.69,0.8058,0.5101,0.165929,5,0,3,340.52,1.0000,0.0201,0.000388,4.285
550338,520,439,959,245,7,69,19.08,0.9954,0.5539,0.199976,12,21,14,150.98,0.3312,0.0853,0.006462,4.427
550345,520,396,916,225,81,107,13.07,0.7767,0.5761,0.229565,5,24,85,264.70,0.9307,0.1419,0.013413,4.409
550377,520,409,929,226,13,210,332.32,0.9887,0.5744,0.211122,57,0,38,346.00,1.0000,0.1261,0.010099,4.345
550380,520,387,907,220,90,143,357.53,0.7139,0.5913,0.245134,40,34,6,97.18,0.7457,0.1486,0.016084,4.466
550401,520,445,965,200,25,225,321.83,0.9701,0.5432,0.184125,10,21,11,146.60,0.4661,0.0831,0.006250,4.162
550405,520,432,952,234,22,136,356.56,0.9638,0.5538,0.198468,15,16,56,276.13,0.7516,0.1012,0.007576,4.315
550417,520,467,987,224,42,64,21.38,0.9338,0.5241,0.178762,13,0,14,326.28,1.0000,0.0359,0.001173,4.470
550424,520,210,730,248,163,130,41.96,0.8230,0.7582,0.477649,48,83,17,133.65,0.9272,0.3090,0.068552,4.451
550427,520,431,951,200,37,229,320.67,0.9523,0.5522,0.192612,37,13,16,13.70,0.5022,0.0973,0.007186,4.242
550431,520,434,954,169,82,234,307.35,0.8550,0.5538,0.204108,6,16,60,267.25,0.8906,0.0993,0.007355,4.430
550434,520,400,920,202,75,217,323.33,0.8459,0.5803,0.226000,46,5,79,302.99,0.9111,0.1449,0.012539,4.413
550436,520,418,938,194,69,217,321.02,0.8503,0.5610,0.207367,35,22,43,311.73,0.4203,0.1245,0.011056,4.215
550452,520,431,951,235,34,105,8.14,0.9427,0.5508,0.198292,7,29,2,138.88,0.9708,0.1034,0.009283,4.188
550455,520,413,933,217,10,227,325.90,0.9927,0.5694,0.205170,30,6,71,291.37,0.9009,0.1160,0.008612,4.354
550463,520,358,878,250,51,174,348.65,0.9593,0.6163,0.257509,3,48,59,218.94,0.9072,0.1840,0.024489,4.128
550468,520,342,862,198,109,223,318.47,0.7675,0.6264,0.282719,46,46,31,107.87,0.2696,0.1946,0.026338,4.359
550471,520,453,973,214,40,142,350.86,0.8730,0.5264,0.177691,8,9,43,274.93,0.8019,0.0715,0.004214,4.200
550482,520,388,908,238,15,202,337.24,0.9888,0.5919,0.227859,21,38,44,222.33,0.3464,0.1532,0.017275,4.130
550484,520,351,871,254,59,167,352.13,0.9897,0.6266,0.269922,36,34,97,278.91,0.7261,0.1948,0.023821,4.334
550485,520,410,930,247,5,121,3.48,0.9953,0.5705,0.212667,29,1,87,284.73,0.9908,0.1277,0.009710,4.399
550500,520,366,886,219,45,253,320.07,0.9912,0.6060,0.240306,30,18,108,277.38,0.9273,0.1743,0.017913,4.275
550507,520,391,911,242,72,58,28.91,0.9358,0.5871,0.238207,46,28,34,357.84,0.2885,0.1486,0.015269,4.416
550509,520,434,954,239,1,112,5.00,0.9988,0.5503,0.195455,5,7,76,267.93,0.9779,0.1026,0.007060,4.302
550514,520,379,899,230,16,235,327.15,0.9920,0.5990,0.231942,2,40,66,244.13,0.9033,0.1636,0.019237,4.072
550529,520,398,918,236,2,195,338.62,0.9982,0.5815,0.218193,22,28,64,273.16,0.6051,0.1399,0.013712,4.209
550567,520,387,907,170,124,164,331.00,0.3630,0.5877,0.256423,21,42,7,135.11,0.9048,0.1548,0.018307,4.486
550575,520,417,937,240,41,115,5.98,0.9322,0.5679,0.213521,52,3,31,350.86,0.8244,0.1162,0.008942,4.471
550597,520,466,986,199,59,150,345.05,0.7762,0.5188,0.174739,24,0,8,358.46,1.0000,0.0494,0.002118,4.312
550607,520,341,861,240,14,253,325.46,0.9962,0.6284,0.259338,56,37,69,310.49,0.4430,0.2011,0.025936,4.074
550621,520,363,883,232,22,246,325.10,0.9908,0.6118,0.243859,6,48,7,143.28,0.9784,0.1679,0.021679,4.100
550636,520,340,860,251,71,185,346.36,0.9633,0.6397,0.285217,30,54,15,135.28,0.8476,0.2015,0.029488,4.217
550645,520,443,963,196,60,191,329.49,0.8219,0.5375,0.187307,8,17,28,253.75,0.4206,0.0778,0.005363,4.286
550648,520,349,869,248,21,228,332.93,0.9915,0.6274,0.260973,69,5,84,318.50,0.8953,0.1877,0.020140,4.434
550660,520,480,1000,198,60,122,357.00,0.7582,0.5059,0.166445,0,0,0,0.00,0.0000,0.0000,0.000000,4.329
550666,520,396,916,243,6,164,349.10,0.9940,0.5796,0.218685,24,32,44,258.33,0.2764,0.1382,0.014090,4.192
550669,520,358,878,218,78,235,323.21,0.9094,0.6202,0.263542,26,34,89,272.18,0.7358,0.1792,0.020848,4.426
550695,520,400,920,241,33,154,352.40,0.9515,0.5797,0.221247,1,24,84,262.66,0.9836,0.1389,0.012997,4.306
550712,520,440,960,201,55,202,327.73,0.8669,0.5481,0.194159,43,1,12,9.45,0.9239,0.0878,0.005619,4.390
550721,520,371,891,250,75,102,16.34,0.9513,0.6134,0.263189,3,43,56,224.93,0.8866,0.1665,0.020325,4.453
550723,520,362,882,227,22,255,321.94,1.0000,0.6100,0.241269,28,42,67,261.43,0.4412,0.1831,0.023080,3.986
550724,520,418,938,237,43,86,15.68,0.9359,0.5556,0.204073,5,24,59,260.72,0.8372,0.1157,0.010012,4.234
550726,520,478,998,153,70,228,304.09,0.8535,0.5115,0.167545,3,2,2,18.05,0.1289,0.0243,0.000672,4.293
550738,520,472,992,158,78,216,307.91,0.7888,0.5196,0.176763,10,0,4,349.81,1.0000,0.0276,0.000733,4.470
550754,520,407,927,234,39,165,347.54,0.9298,0.5744,0.216629,42,22,39,332.44,0.4147,0.1319,0.012126,4.292
550768,520,434,954,192,45,235,316.78,0.9395,0.5491,0.190827,18,16,55,279.94,0.7134,0.1027,0.007750,4.170
550774,520,464,984,196,47,186,331.10,0.8563,0.5223,0.173157,7,6,30,280.19,0.7026,0.0544,0.002692,4.235
550777,520,445,965,236,34,58,22.85,0.9659,0.5429,0.192856,2,9,55,265.79,0.9507,0.0789,0.004841,4.428
550787,520,293,813,192,148,194,324.97,0.4161,0.6777,0.362820,33,65,39,148.63,0.6179,0.2443,0.042503,4.463
550795,520,38,558,233,245,222,129.69,0.5506,0.9476,0.879021,40,126,78,154.89,0.8804,0.4545,0.159223,4.440
550802,520,319,839,152,146,237,285.50,0.7309,0.6542,0.333473,6,61,42,164.04,0.9447,0.2204,0.035432,4.489
550813,520,261,781,239,133,203,341.38,0.8148,0.7129,0.394398,50,70,0,125.89,1.0000,0.2675,0.050584,4.418
550814,520,441,961,227,29,118,1.82,0.9380,0.5361,0.185204,29,12,25,336.30,0.4463,0.0868,0.005944,4.204
550835,520,464,984,198,14,200,327.78,0.9745,0.5175,0.164917,10,5,15,308.37,0.4293,0.0460,0.002076,4.127
550855,520,434,954,193,92,139,352.82,0.5960,0.5488,0.208574,4,20,49,259.96,0.8097,0.0969,0.007478,4.499
550873,520,324,844,204,112,241,315.34,0.8729,0.6502,0.307778,20,47,95,260.90,0.7380,0.2132,0.030078,4.468
550875,520,417,937,244,17,139,357.36,0.9812,0.5734,0.215014,11,29,45,247.39,0.5468,0.1215,0.011393,4.317
550876,520,452,972,220,18,138,352.79,0.9576,0.5252,0.174858,6,18,3,137.92,0.8514,0.0700,0.004779,4.105
550901,520,464,984,231,13,1,29.67,0.9991,0.5191,0.172821,7,12,1,125.45,0.8386,0.0546,0.003103,4.196
550917,520,473,993,207,21,172,338.36,0.9448,0.5183,0.167824,1,6,1,143.45,0.9126,0.0340,0.001389,4.239
550930,520,386,906,218,15,245,321.98,0.9925,0.5855,0.218417,19,18,97,272.43,0.9372,0.1525,0.014340,4.172
550936,520,387,907,211,60,229,323.22,0.9176,0.5871,0.227395,19,23,87,272.32,0.8767,0.1493,0.014393,4.308
550938,520,467,987,218,56,11,34.22,0.9829,0.5190,0.177605,4,3,29,277.08,0.8631,0.0441,0.001796,4.394
550971,520,453,973,214,6,174,339.42,0.9873,0.5286,0.174847,12,13,27,279.58,0.3915,0.0709,0.004451,4.129
551004,520,466,986,218,0,146,349.26,1.0000,0.5204,0.169833,13,7,18,309.08,0.3969,0.0547,0.002812,4.163
551015,520,413,933,209,6,243,320.21,0.9965,0.5670,0.201584,8,17,78,268.11,0.9349,0.1219,0.010025,4.191
551031,520,469,989,230,10,32,26.42,0.9938,0.5177,0.171474,8,2,20,299.50,0.7487,0.0392,0.001455,4.304
551042,520,359,879,246,54,199,340.34,0.9450,0.6234,0.263577,75,19,7,33.86,0.8761,0.1776,0.019772,4.494
551048,520,464,984,216,25,133,353.90,0.9298,0.5179,0.169901,0,10,11,200.48,1.0000,0.0468,0.002412,4.196
551050,520,240,760,252,118,249,328.33,0.9881,0.7303,0.404944,52,63,104,271.25,0.4427,0.2836,0.052844,4.424
551061,520,447,967,203,41,195,330.43,0.9004,0.5358,0.182244,32,7,23,343.79,0.6115,0.0819,0.005209,4.207
551062,520,403,923,215,22,246,320.94,0.9875,0.5832,0.216766,2,5,100,265.15,0.9937,0.1315,0.010414,4.416
551071,520,374,894,187,98,230,313.30,0.8137,0.5985,0.250143,59,23,38,355.80,0.5283,0.1609,0.016827,4.491
551076,520,371,891,212,74,239,320.60,0.9215,0.6093,0.251283,32,45,13,128.12,0.7156,0.1738,0.022129,4.177
551080,520,188,708,251,164,214,344.63,0.9249,0.7895,0.519173,17,94,35,146.74,0.9744,0.3340,0.082456,4.297
551096,520,254,774,242,120,247,325.92,0.9598,0.7179,0.390277,17,68,95,236.77,0.7605,0.2717,0.050794,4.368
551111,520,461,981,224,7,142,352.07,0.9857,0.5321,0.179549,16,7,10,356.60,0.2998,0.0548,0.002840,4.344
551119,520,295,815,246,101,223,334.28,0.9459,0.6843,0.342305,91,40,5,49.20,0.8791,0.2445,0.037530,4.482
551135,520,218,738,231,173,88,74.75,0.7456,0.7502,0.475824,25,85,25,143.15,0.9559,0.3045,0.067736,4.466
551136,520,450,970,213,47,161,344.11,0.8567,0.5387,0.187546,9,12,29,274.06,0.4916,0.0676,0.004097,4.391
551137,520,307,827,202,124,241,313.42,0.8455,0.6676,0.333237,50,55,42,124.77,0.2044,0.2282,0.035776,4.468
551138,520,431,951,224,69,9,36.95,0.9856,0.5452,0.201260,25,6,57,293.29,0.8524,0.0954,0.006323,4.461
551143,520,279,799,212,139,205,330.16,0.6117,0.6887,0.368714,23,69,31,146.93,0.8975,0.2504,0.045372,4.390
551152,520,448,968,218,59,110,6.29,0.8221,0.5382,0.191616,6,17,39,261.86,0.6565,0.0833,0.005861,4.325
551160,520,437,957,235,44,88,14.92,0.9287,0.5527,0.201712,27,11,42,305.11,0.6458,0.0926,0.006395,4.463
551170,520,424,944,224,26,192,336.74,0.9616,0.5637,0.203943,8,17,70,268.37,0.9112,0.1129,0.008947,4.308
551180,520,478,998,218,35,91,10.71,0.9167,0.5129,0.168654,2,1,5,297.38,0.5651,0.0207,0.000456,4.334
551187,520,361,881,254,6,198,341.76,0.9971,0.6177,0.252817,37,43,37,145.20,0.1348,0.1784,0.022546,4.174
551189,520,468,988,177,21,246,310.62,0.9822,0.5220,0.165382,4,3,29,277.08,0.8631,0.0441,0.001796,4.158
551252,520,242,762,227,163,107,61.45,0.6381,0.7264,0.435886,5,81,17,144.49,0.9933,0.2845,0.059573,4.434
551254,520,419,939,222,16,204,332.92,0.9824,0.5640,0.202622,39,14,36,332.01,0.5559,0.1108,0.008728,4.302
551259,520,439,959,220,38,178,340.04,0.9159,0.5543,0.198186,31,15,6,50.73,0.5353,0.0894,0.006461,4.396
551267,520,344,864,251,61,174,349.35,0.9633,0.6258,0.269060,23,42,75,260.72,0.5784,0.1853,0.023460,4.343
551268,520,419,939,238,47,76,19.41,0.9363,0.5585,0.207352,10,29,10,143.79,0.7848,0.1067,0.009651,4.314
551289,520,460,980,164,79,218,309.61,0.7954,0.5307,0.185471,20,6,3,39.07,0.5610,0.0554,0.002856,4.455
551297,520,398,918,250,41,90,15.56,0.9676,0.5815,0.226516,24,0,102,276.67,1.0000,0.1419,0.011534,4.494
551303,520,336,856,226,78,249,321.98,0.9707,0.6418,0.284591,32,54,5,131.25,0.9469,0.2018,0.029563,4.205
551308,520,393,913,246,71,60,28.19,0.9526,0.5939,0.244289,7,39,25,161.00,0.8423,0.1413,0.015663,4.482
551314,520,469,989,221,34,93,10.32,0.9241,0.5189,0.173092,18,1,11,343.45,0.7728,0.0438,0.001745,4.311
551320,520,389,909,221,8,240,323.87,0.9959,0.5854,0.218392,57,4,60,325.74,0.8504,0.1451,0.012831,4.272
551339,520,429,949,237,46,50,26.16,0.9530,0.5518,0.201920,47,2,13,11.33,0.8911,0.0979,0.006769,4.438
551353,520,384,904,253,44,79,19.34,0.9875,0.5873,0.232522,38,24,71,293.28,0.6543,0.1528,0.015203,4.333
551407,520,430,950,214,33,188,335.42,0.9305,0.5463,0.190169,0,26,39,232.69,1.0000,0.1034,0.008852,4.081
551418,520,367,887,250,76,53,30.84,0.9721,0.6063,0.257534,6,48,7,143.28,0.9784,0.1679,0.021679,4.290
551445,520,431,951,229,29,154,349.68,0.9426,0.5545,0.198726,32,11,39,316.96,0.6213,0.0972,0.006929,4.369
551473,520,397,917,246,44,96,13.52,0.9442,0.5767,0.222421,17,31,61,263.69,0.5963,0.1416,0.014360,4.233
551478,520,352,872,235,82,175,346.75,0.8366,0.6193,0.267945,74,29,11,41.00,0.7605,0.1924,0.023590,4.321
551483,520,384,904,235,18,214,333.43,0.9876,0.5944,0.229525,41,31,24,56.62,0.2313,0.1455,0.015174,4.289
551486,520,458,978,226,38,69,19.51,0.9412,0.5263,0.179875,5,9,36,270.51,0.7669,0.0634,0.003550,4.293
551500,520,367,887,249,56,159,353.57,0.9457,0.6117,0.254746,5,37,80,257.36,0.8826,0.1677,0.019345,4.395
551505,520,407,927,241,45,90,15.02,0.9365,0.5660,0.213190,26,16,80,281.21,0.8537,0.1350,0.011693,4.266
551526,520,359,879,251,17,204,339.60,0.9913,0.6176,0.252730,79,1,57,343.79,0.9492,0.1844,0.019797,4.337
551531,520,447,967,177,59,236,311.37,0.9052,0.5390,0.185321,39,2,12,7.84,0.8461,0.0816,0.005014,4.277
551532,520,328,848,255,83,172,352.51,1.0000,0.6535,0.304284,57,48,15,93.98,0.6660,0.2103,0.030183,4.418
551540,520,466,986,196,25,207,325.28,0.9539,0.5229,0.169377,0,8,19,244.47,1.0000,0.0456,0.002207,4.202
551543,520,466,986,172,9,251,308.31,0.9938,0.5155,0.159319,0,4,42,263.80,1.0022,0.0542,0.002540,3.984
551552,520,474,994,221,31,94,9.70,0.9322,0.5175,0.171630,6,2,5,334.52,0.4173,0.0296,0.000931,4.352
551586,520,315,835,245,92,198,341.79,0.9148,0.6588,0.311468,13,46,113,262.25,0.8947,0.2245,0.032316,4.391
551613,520,477,997,223,1,92,9.23,0.9983,0.5109,0.164852,2,1,12,284.08,0.7969,0.0246,0.000612,4.245
551633,520,324,844,254,90,156,359.07,0.9825,0.6539,0.307867,32,47,85,266.16,0.5381,0.2123,0.029959,4.476
551654,520,458,978,227,16,124,359.11,0.9700,0.5331,0.181595,6,2,43,276.59,0.9580,0.0563,0.002565,4.406
551662,520,406,926,243,29,149,354.29,0.9613,0.5796,0.221066,48,4,62,316.11,0.8676,0.1308,0.010631,4.471
551687,520,408,928,226,83,37,37.22,0.9191,0.5687,0.224915,34,25,36,320.13,0.2523,0.1263,0.011627,4.461
551732,520,408,928,254,0,63,21.01,1.0000,0.5707,0.214335,24,35,4,126.54,0.8661,0.1343,0.014050,4.127
551751,520,72,592,255,216,252,328.54,1.0000,0.9134,0.774010,29,119,16,141.51,0.9875,0.4191,0.134917,4.456
551770,520,422,942,237,24,125,0.96,0.9634,0.5565,0.201416,5,25,44,249.15,0.7025,0.1066,0.009093,4.255
551830,520,317,837,225,113,193,339.32,0.7395,0.6552,0.316701,25,55,65,222.07,0.4956,0.2180,0.033206,4.407
551851,520,314,834,250,98,156,359.58,0.9160,0.6574,0.314627,10,52,89,249.89,0.8024,0.2184,0.032416,4.424
551854,520,405,925,233,24,186,340.58,0.9702,0.5762,0.215248,41,18,47,319.02,0.5631,0.1274,0.011093,4.342
551861,520,361,881,183,105,254,305.47,0.9843,0.6208,0.273268,24,48,28,148.18,0.5875,0.1804,0.023919,4.373
551864,520,477,997,196,79,27,41.16,0.8934,0.5072,0.174088,1,1,1,0.00,0.0000,0.0164,0.000304,4.455
551866,520,346,866,219,79,251,319.53,0.9772,0.6336,0.276188,6,38,102,262.00,0.9369,0.1919,0.023841,4.417
551874,520,478,998,171,75,174,326.38,0.6916,0.5053,0.167471,3,0,5,316.23,1.0000,0.0181,0.000303,4.323
551900,520,399,919,226,59,179,341.80,0.8696,0.5815,0.225538,1,34,63,249.18,0.9396,0.1436,0.015093,4.233
551913,520,436,956,182,50,250,310.31,0.9721,0.5500,0.191294,23,21,4,103.20,0.6550,0.0929,0.007273,4.213
551921,520,434,954,195,30,238,317.32,0.9695,0.5474,0.187051,43,5,34,338.94,0.7552,0.1032,0.007377,4.131
551929,520,374,894,248,48,141,358.90,0.9408,0.5969,0.239968,9,46,6,141.86,0.9707,0.1620,0.020251,4.128
551933,520,261,781,235,128,221,332.17,0.8569,0.7072,0.383230,8,76,26,146.98,0.9836,0.2689,0.052949,4.208
551942,520,433,953,205,27,215,325.65,0.9616,0.5452,0.186711,1,12,68,264.38,0.9633,0.0977,0.006867,4.163
551960,520,402,922,243,45,133,0.52,0.9264,0.5824,0.226281,5,36,32,183.08,0.8018,0.1331,0.013982,4.318
551969,520,462,982,200,9,213,324.94,0.9880,0.5292,0.172806,7,9,5,127.85,0.2409,0.0490,0.002515,4.243
551970,520,429,949,207,88,72,29.92,0.7413,0.5465,0.207148,20,20,38,282.72,0.3917,0.1002,0.007890,4.442
551973,520,374,894,226,86,150,355.05,0.7582,0.5986,0.250288,51,29,42,343.92,0.3565,0.1616,0.017498,4.449
551975,520,428,948,241,31,93,12.78,0.9617,0.5583,0.204744,2,16,64,263.97,0.9502,0.1011,0.007536,4.428
551978,520,419,939,245,29,70,19.89,0.9754,0.5609,0.207369,25,5,72,286.01,0.9312,0.1102,0.007831,4.450
551990,520,471,991,199,61,151,344.78,0.7695,0.5215,0.177158,4,5,5,196.76,0.0694,0.0361,0.001453,4.415
551991,520,381,901,255,38,122,5.73,1.0000,0.5981,0.240551,13,45,7,140.64,0.9565,0.1603,0.019776,4.164
551999,520,460,980,228,6,112,3.24,0.9897,0.5285,0.177970,12,11,8,92.35,0.1263,0.0587,0.003350,4.273
552006,520,333,853,250,69,192,343.82,0.9596,0.6394,0.283891,53,46,20,94.63,0.5271,0.2004,0.027614,4.302
552015,520,383,903,218,26,255,319.70,1.0000,0.5965,0.228661,20,34,55,258.28,0.4643,0.1473,0.015686,4.242
552022,520,454,974,233,9,62,20.04,0.9924,0.5276,0.178699,12,14,28,276.60,0.3886,0.0736,0.004761,4.176
552024,520,384,904,210,62,238,320.67,0.9271,0.5936,0.233216,3,21,99,264.81,0.9640,0.1521,0.014564,4.387
552036,520,443,963,198,37,211,324.64,0.9294,0.5355,0.180337,38,2,5,20.08,0.8993,0.0778,0.004665,4.214
552054,520,387,907,250,41,122,5.17,0.9597,0.5899,0.233185,27,10,101,277.91,0.9569,0.1535,0.013896,4.432
552076,520,432,952,211,78,106,10.87,0.7313,0.5467,0.203405,47,2,12,12.72,0.8968,0.0976,0.006744,4.466
552080,520,479,999,212,31,128,355.13,0.9005,0.5109,0.165379,0,0,2,264.05,1.0000,0.0079,0.000044,4.304
552089,520,405,925,229,45,182,341.17,0.9170,0.5775,0.219148,6,3,102,266.92,0.9957,0.1341,0.010631,4.439
552090,520,337,857,250,92,123,11.97,0.9281,0.6391,0.294116,52,45,34,78.96,0.2158,0.1997,0.027224,4.456
552099,520,386,906,222,0,251,321.73,1.0000,0.5939,0.224967,69,2,36,356.78,0.9070,0.1531,0.014362,4.272
552100,520,454,974,209,58,144,350.10,0.7986,0.5331,0.185972,5,18,7,148.50,0.6806,0.0703,0.004802,4.306
552107,520,311,831,206,125,217,322.63,0.7032,0.6610,0.328000,0,62,9,144.61,1.0000,0.2156,0.034648,4.466
552113,520,284,804,240,107,227,331.42,0.9182,0.6854,0.345891,75,47,78,323.39,0.4099,0.2545,0.040791,4.360
552118,520,343,863,234,68,230,329.02,0.9349,0.6323,0.273423,37,50,1,124.05,0.9805,0.1926,0.026767,4.213
552119,520,303,823,245,108,161,358.29,0.8438,0.6651,0.327136,76,44,43,21.87,0.3656,0.2340,0.035125,4.430
552148,520,375,895,230,77,165,348.83,0.8141,0.6004,0.248499,44,29,60,305.05,0.4787,0.1620,0.017405,4.428
552155,520,319,839,223,91,242,322.45,0.9316,0.6476,0.295828,88,30,25,27.83,0.7091,0.2235,0.030738,4.283
552159,520,408,928,244,17,115,5.26,0.9819,0.5651,0.208752,21,9,90,276.23,0.9565,0.1334,0.010929,4.247
552164,520,409,929,199,63,225,320.67,0.8899,0.5681,0.211349,20,34,23,150.43,0.3919,0.1319,0.013546,4.113
552169,520,411,931,241,52,58,25.24,0.9443,0.5656,0.214655,19,28,33,232.78,0.2252,0.1174,0.010787,4.354
552171,520,432,952,208,46,192,332.70,0.8879,0.5463,0.191716,18,23,21,169.32,0.1242,0.0978,0.007955,4.171
552181,520,301,821,229,100,248,322.35,0.9605,0.6718,0.325516,46,60,16,125.05,0.7698,0.2339,0.038499,4.243
552193,520,449,969,236,27,73,18.16,0.9705,0.5418,0.191010,18,12,25,304.79,0.3678,0.0733,0.004617,4.413
552206,520,423,943,207,93,81,28.15,0.6998,0.5563,0.216902,6,31,13,150.23,0.8792,0.1115,0.010477,4.413
552209,520,456,976,206,7,195,331.30,0.9876,0.5269,0.172159,31,0,0,29.23,1.0000,0.0592,0.002914,4.199
552229,520,407,927,219,6,230,325.70,0.9960,0.5742,0.209056,18,21,71,274.02,0.7997,0.1278,0.011198,4.233
552232,520,459,979,189,71,182,330.15,0.7551,0.5331,0.187041,28,4,0,40.32,1.0000,0.0622,0.003338,4.444
552236,520,476,996,220,31,58,21.58,0.9565,0.5076,0.165038,0,0,13,264.05,1.0000,0.0181,0.000291,4.276
552272,520,435,955,150,90,240,298.12,0.8650,0.5466,0.200878,42,3,19,359.56,0.8003,0.0913,0.006045,4.476
552286,520,454,974,202,2,214,325.25,0.9974,0.5320,0.174568,7,15,30,261.46,0.5018,0.0734,0.004805,4.098
552321,520,348,868,234,70,224,330.60,0.9245,0.6305,0.272570,21,53,3,136.86,0.9821,0.1911,0.027121,4.183
552332,520,468,988,142,80,240,296.52,0.8872,0.5219,0.177795,5,3,17,289.05,0.6311,0.0370,0.001379,4.434
552336,520,290,810,234,104,234,327.56,0.9054,0.6762,0.333357,3,68,44,161.43,0.9807,0.2442,0.043353,4.107
552339,520,428,948,249,19,8,29.46,0.9948,0.5598,0.206267,19,13,55,283.20,0.7541,0.0981,0.007021,4.494
552344,520,393,913,245,13,169,348.10,0.9884,0.5872,0.225681,55,7,59,324.61,0.8018,0.1440,0.012801,4.390
552358,520,449,969,228,18,135,355.55,0.9662,0.5400,0.186787,30,5,8,14.73,0.6685,0.0698,0.004021,4.383
552360,520,431,951,231,30,143,353.86,0.9409,0.5541,0.199035,7,29,6,142.49,0.9169,0.1042,0.009370,4.195
552363,520,371,891,249,86,14,38.81,0.9876,0.6139,0.268304,38,42,10,115.84,0.7097,0.1699,0.020899,4.490
552366,520,470,990,180,73,186,325.54,0.7419,0.5238,0.180148,17,0,13,336.27,1.0000,0.0407,0.001482,4.470
552375,520,434,954,236,50,45,27.78,0.9488,0.5523,0.203067,17,25,22,170.04,0.2006,0.1028,0.008723,4.309
552382,520,387,907,219,37,234,324.53,0.9676,0.5875,0.223258,48,23,57,316.46,0.5640,0.1534,0.015366,4.180
552392,520,465,985,179,39,230,314.28,0.9393,0.5205,0.167490,22,3,2,29.12,0.7636,0.0512,0.002401,4.150
552395,520,350,870,235,87,195,339.94,0.8565,0.6348,0.284212,54,43,8,90.98,0.7762,0.1918,0.025296,4.439
552396,520,477,997,228,7,52,22.16,0.9942,0.5149,0.168969,0,0,10,264.05,1.0000,0.0158,0.000219,4.360
552412,520,231,751,248,135,219,337.59,0.9350,0.7359,0.424012,29,78,69,179.25,0.6518,0.2941,0.061394,4.255
552418,520,399,919,247,0,150,354.14,1.0000,0.5802,0.219796,58,14,4,35.37,0.8707,0.1351,0.012225,4.336
552464,520,457,977,184,67,201,322.37,0.8042,0.5323,0.184229,15,2,41,292.32,0.9033,0.0623,0.003051,4.415
552488,520,9,529,249,252,246,128.56,0.5283,0.9850,0.964143,27,135,1,141.20,0.9994,0.4708,0.175624,4.495
552528,520,394,914,217,18,253,319.96,0.9921,0.5908,0.222781,18,21,83,272.70,0.8785,0.1404,0.012894,4.337
552539,520,426,946,208,85,124,3.18,0.6821,0.5571,0.213642,29,22,17,57.32,0.2023,0.1054,0.008755,4.487
552550,520,460,980,144,77,250,295.86,0.9564,0.5287,0.181393,4,6,35,271.76,0.8490,0.0557,0.002774,4.385
552565,520,384,904,232,85,66,30.24,0.8717,0.5857,0.240490,49,28,26,25.64,0.3404,0.1502,0.015581,4.429
552567,520,467,987,232,18,23,28.10,0.9894,0.5236,0.176534,13,2,14,325.11,0.6681,0.0412,0.001607,4.390
552568,520,436,956,240,25,79,16.62,0.9746,0.5504,0.197883,17,21,6,121.14,0.5414,0.0874,0.006686,4.373
552571,520,416,936,222,33,197,334.87,0.9483,0.5662,0.206509,52,5,33,348.97,0.7830,0.1197,0.009485,4.312
552585,520,310,830,171,136,255,295.28,1.0000,0.6630,0.334863,5,64,9,143.58,0.9901,0.2241,0.037186,4.414
552604,520,478,998,199,74,82,19.85,0.7334,0.5133,0.176508,0,1,7,260.32,1.0000,0.0186,0.000370,4.497
552609,520,480,1000,194,19,204,325.56,0.9647,0.5149,0.162963,0,0,0,0.00,0.0000,0.0000,0.000000,4.259
552617,520,403,923,228,61,166,346.81,0.8557,0.5805,0.225872,18,21,74,273.69,0.8242,0.1308,0.011593,4.479
552627,520,396,916,213,71,187,335.97,0.8131,0.5754,0.222425,42,28,20,50.81,0.3177,0.1382,0.013733,4.274
552641,520,458,978,212,24,174,339.06,0.9426,0.5301,0.177085,8,15,6,137.88,0.4528,0.0643,0.004064,4.200
552643,520,425,945,151,90,250,296.72,0.9424,0.5559,0.207939,52,1,10,16.58,0.9617,0.1063,0.007738,4.467
552659,520,459,979,231,9,85,12.98,0.9892,0.5279,0.178432,3,0,56,268.77,1.0000,0.0643,0.003049,4.306
552667,520,448,968,197,68,169,337.48,0.7591,0.5353,0.188708,28,14,9,40.51,0.3976,0.0838,0.005807,4.277
552674,520,286,806,254,74,255,327.77,1.0000,0.6857,0.331913,64,43,96,299.87,0.5621,0.2430,0.036623,4.409
552690,520,460,980,172,60,230,311.06,0.8866,0.5279,0.177164,0,12,28,248.96,1.0000,0.0599,0.003468,4.249
552691,520,370,890,247,84,28,37.13,0.9687,0.6083,0.262020,4,38,84,257.56,0.9120,0.1736,0.020520,4.425
552710,520,416,936,227,52,169,345.09,0.8818,0.5723,0.216540,34,26,20,58.63,0.2146,0.1225,0.011294,4.349
552711,520,404,924,216,40,228,325.17,0.9566,0.5798,0.217200,57,11,9,26.95,0.8208,0.1298,0.011291,4.360
552743,520,375,895,255,36,117,7.22,1.0000,0.5956,0.238098,44,31,46,321.92,0.2938,0.1583,0.017127,4.292
552748,520,379,899,207,71,240,319.02,0.9238,0.5992,0.240647,53,9,80,307.91,0.8538,0.1607,0.015315,4.450
552749,520,449,969,198,5,238,318.45,0.9961,0.5445,0.182889,9,14,32,270.16,0.5109,0.0738,0.004764,4.253
552777,520,285,805,244,105,225,333.17,0.9360,0.6876,0.347750,34,66,50,160.77,0.5071,0.2514,0.044667,4.202
552801,520,333,853,253,31,229,333.80,0.9915,0.6403,0.275229,62,32,66,322.73,0.5129,0.1974,0.024506,4.365
552808,520,387,907,198,66,253,313.63,0.9868,0.5903,0.229953,27,37,16,129.71,0.5256,0.1451,0.015935,4.246
552809,520,362,882,247,56,174,348.23,0.9366,0.6145,0.256617,78,10,37,2.79,0.8045,0.1807,0.019706,4.399
552816,520,401,921,188,74,243,312.36,0.9219,0.5767,0.220610,67,4,15,18.22,0.9200,0.1442,0.013148,4.285
552826,520,459,979,225,52,27,31.37,0.9605,0.5301,0.185455,0,4,43,263.84,1.0025,0.0552,0.002612,4.475
552863,520,359,879,250,33,194,342.25,0.9740,0.6158,0.253100,17,48,31,157.07,0.6960,0.1772,0.023319,4.134
552885,520,364,884,228,65,216,331.22,0.9120,0.6111,0.252348,77,11,14,24.20,0.8876,0.1733,0.018491,4.414
552889,520,453,973,155,94,197,309.69,0.6528,0.5280,0.190057,23,6,23,327.39,0.5807,0.0668,0.003743,4.467
552903,520,467,987,175,43,239,310.86,0.9415,0.5248,0.170746,2,5,9,246.05,0.4024,0.0355,0.001412,4.294
552909,520,395,915,250,14,142,357.45,0.9879,0.5858,0.225946,7,37,47,223.98,0.7165,0.1444,0.015735,4.198
552911,520,315,835,255,100,113,18.42,1.0000,0.6561,0.315700,40,56,27,132.34,0.5496,0.2178,0.033585,4.375
552938,520,449,969,234,25,79,16.01,0.9698,0.5379,0.187553,33,3,13,2.24,0.7585,0.0726,0.004176,4.385
552948,520,405,925,212,90,136,359.11,0.6782,0.5754,0.230890,7,32,51,244.77,0.6957,0.1320,0.013171,4.446
552949,520,427,947,158,96,228,302.76,0.7868,0.5567,0.212367,12,24,34,244.76,0.3950,0.1018,0.008469,4.487
552952,520,302,822,245,87,234,330.72,0.9556,0.6718,0.321720,45,56,49,157.26,0.1709,0.2286,0.036079,4.318
552960,520,470,990,173,57,227,312.28,0.8881,0.5239,0.173575,0,5,28,260.92,1.0000,0.0442,0.001924,4.306
552966,520,469,989,188,4,234,316.63,0.9962,0.5244,0.167200,18,1,6,358.65,0.7751,0.0419,0.001635,4.206
552968,520,448,968,195,59,204,325.28,0.8504,0.5432,0.190912,4,10,56,267.80,0.9335,0.0830,0.005284,4.358
552974,520,416,936,236,29,167,347.06,0.9567,0.5741,0.215046,34,23,23,18.62,0.2053,0.1161,0.010148,4.407
552987,520,372,892,238,60,188,341.91,0.9065,0.6083,0.250425,39,35,53,294.24,0.2861,0.1659,0.018904,4.360
553002,520,437,957,187,61,227,316.57,0.8871,0.5490,0.194495,8,23,22,190.03,0.4396,0.0910,0.007223,4.273
553005,520,388,908,221,71,191,336.91,0.8405,0.5910,0.236424,63,18,3,39.12,0.8929,0.1510,0.014961,4.409
553006,520,391,911,215,94,135,1.27,0.6732,0.5861,0.242039,8,33,73,259.56,0.8193,0.1522,0.016203,4.411
553012,520,398,918,246,52,65,23.66,0.9548,0.5767,0.224339,56,15,42,343.53,0.6527,0.1445,0.013497,4.321
553017,520,279,799,208,132,241,314.95,0.8426,0.6891,0.362644,53,58,74,271.30,0.2023,0.2530,0.042774,4.448
553034,520,237,757,246,130,221,335.88,0.9271,0.7258,0.407809,38,80,1,135.19,0.9969,0.2917,0.061514,4.105
553040,520,205,725,249,163,177,9.01,0.8036,0.7720,0.495107,32,87,21,140.62,0.9567,0.3136,0.071774,4.476
553046,520,306,826,250,73,240,330.44,0.9802,0.6691,0.313832,88,36,13,42.36,0.7811,0.2321,0.033658,4.349
553049,520,366,886,249,80,42,33.93,0.9666,0.6080,0.260477,3,50,5,143.39,0.9908,0.1736,0.023114,4.246
553060,520,384,904,243,46,141,357.82,0.9244,0.5859,0.229350,47,15,70,307.29,0.7590,0.1491,0.013882,4.373
553068,520,416,936,197,59,232,318.47,0.9103,0.5662,0.208259,12,1,95,270.45,0.9976,0.1246,0.009260,4.358
553074,520,387,907,211,75,207,329.01,0.8383,0.5882,0.233879,61,21,3,43.44,0.8662,0.1521,0.015352,4.344
553091,520,437,957,172,83,217,312.51,0.7842,0.5467,0.199677,20,20,11,107.94,0.2853,0.0887,0.006732,4.401
553095,520,340,860,244,92,164,354.16,0.8677,0.6424,0.295706,47,48,40,113.01,0.1287,0.2042,0.028714,4.392
553100,520,416,936,210,26,241,320.73,0.9808,0.5725,0.207931,6,12,81,267.70,0.9656,0.1164,0.008957,4.375
553103,520,362,882,248,37,183,345.04,0.9628,0.6084,0.247017,38,33,80,284.55,0.6034,0.1792,0.020789,4.196
553121,520,353,873,249,11,222,334.59,0.9958,0.6231,0.256561,73,20,31,11.52,0.6844,0.1798,0.020159,4.370
553138,520,465,985,232,8,55,21.72,0.9937,0.5241,0.176084,23,2,13,348.36,0.7310,0.0541,0.002547,4.303
553139,520,377,897,223,64,208,332.15,0.8925,0.5970,0.239111,37,3,107,284.19,0.9827,0.1643,0.015199,4.434
553169,520,367,887,247,38,191,342.52,0.9635,0.6111,0.249251,30,42,38,172.47,0.2091,0.1694,0.020719,4.232
553170,520,438,958,217,27,198,333.32,0.9572,0.5550,0.196150,36,5,31,334.81,0.7250,0.0892,0.005826,4.409
553173,520,373,893,237,35,198,338.23,0.9612,0.5950,0.232866,39,4,104,286.47,0.9727,0.1636,0.015176,4.340
553182,520,332,852,252,27,230,333.34,0.9894,0.6376,0.271956,82,9,61,343.07,0.8085,0.1995,0.023264,4.394
553187,520,477,997,183,37,206,321.56,0.9108,0.5066,0.158480,0,1,11,262.64,1.0001,0.0210,0.000459,4.132
553188,520,368,888,242,87,72,28.83,0.9168,0.6074,0.261646,23,44,22,143.12,0.6193,0.1653,0.020414,4.426
553214,520,357,877,243,65,179,346.17,0.9082,0.6172,0.260929,71,17,43,354.63,0.6973,0.1762,0.019151,4.496
553219,520,401,921,238,6,183,342.43,0.9942,0.5794,0.217293,44,8,78,301.13,0.8720,0.1442,0.012592,4.270
553225,520,448,968,230,43,69,20.42,0.9365,0.5380,0.189834,22,8,38,302.18,0.6776,0.0786,0.004842,4.373
553240,520,367,887,216,108,119,15.15,0.6370,0.6055,0.266580,11,46,45,192.44,0.7004,0.1733,0.022145,4.388
553251,520,393,913,243,38,152,353.67,0.9438,0.5853,0.227111,5,29,70,260.08,0.8746,0.1380,0.013531,4.362
553252,520,463,983,232,5,70,17.58,0.9951,0.5259,0.177096,20,4,6,11.70,0.5629,0.0519,0.002487,4.327
553257,520,381,901,208,81,225,322.78,0.8619,0.6019,0.247326,35,39,18,117.81,0.4671,0.1592,0.018520,4.339
553263,520,408,928,251,11,55,22.94,0.9948,0.5654,0.210281,42,2,78,300.49,0.9615,0.1347,0.010857,4.277
553264,520,389,909,225,56,210,332.10,0.9164,0.5946,0.234914,38,34,14,98.28,0.4977,0.1474,0.015879,4.325
553269,520,446,966,204,77,114,5.48,0.7043,0.5354,0.193620,28,12,2,57.49,0.7300,0.0781,0.005142,4.418
553276,520,479,999,214,30,111,1.99,0.9127,0.5079,0.163748,0,0,2,264.05,1.0000,0.0079,0.000044,4.271
553290,520,447,967,194,66,196,327.22,0.8095,0.5438,0.193528,24,14,17,359.42,0.2439,0.0808,0.005488,4.389
553304,520,425,945,202,73,180,335.14,0.7689,0.5556,0.206187,14,25,48,263.59,0.5383,0.1145,0.010020,4.268
553316,520,397,917,246,28,146,355.82,0.9663,0.5839,0.225020,56,18,12,31.10,0.6938,0.1388,0.013000,4.365
553317,520,377,897,219,50,245,321.76,0.9598,0.6034,0.239358,40,38,17,103.72,0.4757,0.1616,0.018778,4.207
553322,520,336,856,245,56,229,332.02,0.9608,0.6402,0.279008,88,15,17,24.85,0.8827,0.2020,0.024572,4.412
553331,520,477,997,182,55,198,323.00,0.8352,0.5140,0.167559,1,1,10,275.68,0.8223,0.0220,0.000501,4.308
553336,520,302,822,204,127,230,317.17,0.7682,0.6690,0.337304,43,61,16,128.39,0.8017,0.2344,0.038884,4.357
553341,520,464,984,214,60,50,28.31,0.8934,0.5184,0.177606,0,10,16,225.87,1.0000,0.0488,0.002545,4.332
553353,520,467,987,221,35,79,15.42,0.9324,0.5161,0.171414,10,1,19,308.62,0.8198,0.0380,0.001333,4.313
553364,520,373,893,184,90,251,308.04,0.9583,0.5977,0.244685,12,43,37,178.32,0.6678,0.1606,0.019394,4.247
553368,520,371,891,202,87,246,315.26,0.9348,0.6147,0.260281,41,38,27,94.63,0.2272,0.1652,0.019368,4.473
553382,520,423,943,232,67,41,31.77,0.9330,0.5604,0.213332,41,7,50,318.34,0.7727,0.1131,0.008537,4.499
553397,520,321,841,254,22,250,329.19,0.9968,0.6524,0.285499,55,38,76,303.23,0.4839,0.2066,0.027203,4.346
553430,520,346,866,255,19,217,337.14,1.0000,0.6328,0.267388,63,33,45,355.11,0.4005,0.1901,0.023341,4.328
553435,520,377,897,238,27,212,334.66,0.9793,0.6015,0.237173,39,3,102,287.26,0.9778,0.1601,0.014557,4.448
553446,520,452,972,191,64,187,329.16,0.7935,0.5310,0.183325,26,3,34,316.61,0.7905,0.0721,0.004003,4.321
553465,520,377,897,233,0,227,329.77,1.0000,0.5957,0.228723,9,17,109,267.21,0.9738,0.1614,0.015630,4.247
553468,520,386,906,245,44,135,0.12,0.9328,0.5863,0.229664,46,27,51,319.09,0.4349,0.1547,0.016038,4.235
553486,520,373,893,249,48,131,2.50,0.9485,0.5954,0.238958,8,1,122,266.69,0.9991,0.1630,0.014783,4.460
553496,520,456,976,155,82,222,304.84,0.7993,0.5262,0.182775,14,6,33,293.22,0.6961,0.0627,0.003334,4.364
553500,520,388,908,213,50,241,321.10,0.9518,0.5908,0.227800,20,39,23,148.15,0.5325,0.1475,0.016616,4.170
553509,520,314,834,207,133,180,341.69,0.5223,0.6598,0.333371,45,57,20,124.67,0.6651,0.2242,0.035346,4.492
553530,520,322,842,225,92,242,323.00,0.9331,0.6519,0.300746,17,56,55,192.81,0.6617,0.2124,0.032232,4.265
553549,520,406,926,229,9,216,331.51,0.9936,0.5829,0.218138,45,5,70,307.45,0.8840,0.1344,0.011087,4.389
553558,520,459,979,210,55,146,349.33,0.8120,0.5329,0.185115,18,6,23,315.60,0.5570,0.0605,0.003207,4.419
553564,520,373,893,223,76,187,338.96,0.8247,0.5978,0.244470,53,21,56,324.10,0.6018,0.1569,0.015788,4.476
553569,520,374,894,232,11,234,327.87,0.9949,0.6007,0.233382,7,34,84,261.28,0.8882,0.1645,0.018292,4.150
553577,520,362,882,238,34,219,332.88,0.9742,0.6088,0.244384,82,8,5,29.01,0.9504,0.1805,0.019788,4.218
553578,520,465,985,230,14,20,28.21,0.9921,0.5179,0.171906,19,0,19,328.36,1.0000,0.0465,0.001855,4.279
553603,520,311,831,224,100,237,323.78,0.9039,0.6578,0.310779,16,60,52,178.64,0.7464,0.2237,0.035897,4.200
553613,520,283,803,237,103,252,323.54,0.9844,0.6898,0.347354,19,57,111,257.94,0.7907,0.2529,0.042122,4.313
553648,520,306,826,253,117,2,48.89,0.9984,0.6664,0.336129,27,56,82,247.56,0.5460,0.2321,0.036704,4.453
553653,520,397,917,235,77,66,27.95,0.8947,0.5808,0.233662,21,37,0,129.75,1.0000,0.1375,0.014825,4.376
553662,520,385,905,230,64,179,343.00,0.8665,0.5932,0.237470,64,5,52,338.23,0.8186,0.1542,0.014466,4.459
553669,520,377,897,235,25,223,331.18,0.9836,0.6024,0.236878,58,14,64,322.66,0.7426,0.1607,0.015839,4.357
553672,520,350,870,255,91,33,37.71,1.0000,0.6324,0.288555,8,53,15,145.50,0.9687,0.1871,0.026322,4.436
553679,520,438,958,201,60,194,330.08,0.8359,0.5477,0.195460,13,17,48,273.75,0.6615,0.0948,0.006998,4.306
553688,520,353,873,230,110,14,49.94,0.9730,0.6167,0.280092,19,47,54,216.29,0.5199,0.1844,0.024377,4.438
553695,520,396,916,243,43,142,357.29,0.9313,0.5843,0.227386,22,35,30,168.78,0.2781,0.1388,0.014663,4.290
553727,520,46,566,218,244,230,162.28,0.5078,0.9352,0.853193,1,127,9,142.92,0.9995,0.4408,0.152043,4.470
553732,520,476,996,210,41,123,357.29,0.8585,0.5114,0.167199,2,0,15,284.68,1.0000,0.0229,0.000474,4.303
553736,520,296,816,230,131,172,354.52,0.6694,0.6843,0.360362,4,69,25,148.26,0.9893,0.2434,0.043521,4.388
553751,520,414,934,208,47,232,321.94,0.9428,0.5740,0.212709,55,1,31,352.54,0.9170,0.1197,0.009330,4.428
553753,520,208,728,254,159,120,42.91,0.9673,0.7563,0.472258,12,88,46,152.88,0.9690,0.3147,0.072546,4.262
553770,520,302,822,249,80,231,332.53,0.9717,0.6690,0.316494,86,36,42,14.58,0.5486,0.2344,0.034076,4.359
553777,520,397,917,221,41,219,328.71,0.9508,0.5828,0.220747,20,35,23,149.85,0.4209,0.1350,0.014126,4.222
553799,520,406,926,188,99,188,327.26,0.6468,0.5760,0.232471,12,35,10,142.12,0.8740,0.1269,0.013021,4.482
553807,520,391,911,244,28,176,346.04,0.9700,0.5933,0.232014,6,1,115,266.31,0.9990,0.1514,0.012981,4.478
553810,520,397,917,240,62,78,21.21,0.9139,0.5758,0.225238,65,8,3,30.94,0.9421,0.1422,0.013043,4.366
553833,520,471,991,221,46,80,16.41,0.9014,0.5242,0.179080,15,0,20,319.28,1.0000,0.0417,0.001521,4.446
553839,520,436,956,217,53,160,345.76,0.8455,0.5505,0.198383,44,0,4,21.30,1.0000,0.0863,0.005443,4.480
553880,520,314,834,254,111,59,39.45,0.9899,0.6616,0.327588,1,62,44,166.48,0.9910,0.2231,0.036334,4.374
553881,520,330,850,250,66,208,338.95,0.9682,0.6448,0.287776,27,29,122,272.10,0.9216,0.2058,0.025167,4.494
553906,520,420,940,245,31,8,30.27,0.9941,0.5562,0.204135,15,25,46,263.82,0.4948,0.1138,0.009940,4.240
553909,520,479,999,229,2,26,26.98,0.9988,0.5132,0.167791,0,1,0,142.50,1.0000,0.0135,0.000217,4.337
553911,520,459,979,182,80,170,332.23,0.6777,0.5274,0.185859,14,11,16,311.81,0.1761,0.0631,0.003701,4.392
553930,520,355,875,254,75,108,14.61,0.9885,0.6222,0.271892,57,37,19,61.81,0.4985,0.1820,0.022401,4.446
553937,520,458,978,226,21,119,0.87,0.9578,0.5310,0.180398,18,7,18,326.92,0.4338,0.0601,0.003242,4.327
553939,520,381,901,244,34,175,346.48,0.9600,0.5955,0.234754,70,11,22,15.52,0.8078,0.1598,0.015996,4.315
553943,520,421,941,220,52,173,342.01,0.8685,0.5616,0.206911,20,21,46,279.57,0.4992,0.1079,0.008823,4.368
553976,520,406,926,163,102,237,301.92,0.8208,0.5794,0.234041,26,32,24,137.90,0.2097,0.1313,0.013186,4.495
553982,520,447,967,205,33,198,330.16,0.9305,0.5364,0.181460,35,6,13,8.22,0.6696,0.0814,0.005167,4.196
553992,520,418,938,206,84,149,350.03,0.6914,0.5618,0.216343,43,12,48,321.87,0.6838,0.1215,0.009900,4.446
554001,520,429,949,223,55,134,357.07,0.8441,0.5522,0.201442,15,9,70,276.01,0.9266,0.1043,0.007391,4.381
554007,520,406,926,251,39,69,21.40,0.9789,0.5784,0.223936,41,15,59,308.48,0.7029,0.1311,0.011289,4.470
554011,520,428,948,212,18,219,326.54,0.9816,0.5569,0.195461,45,7,5,28.20,0.8350,0.0996,0.007209,4.291
554020,520,339,859,240,50,246,326.76,0.9731,0.6385,0.274629,9,53,60,210.60,0.7921,0.2024,0.029304,4.093
554026,520,420,940,195,42,247,315.02,0.9629,0.5614,0.199748,25,11,65,287.18,0.8259,0.1106,0.008277,4.286
554051,520,471,991,206,70,57,28.93,0.8354,0.5161,0.177997,3,2,22,278.76,0.8465,0.0352,0.001207,4.452
554058,520,473,993,226,43,24,30.35,0.9693,0.5245,0.179653,1,3,19,266.63,0.8591,0.0338,0.001186,4.487
554089,520,468,988,221,49,43,27.90,0.9347,0.5207,0.177459,8,4,21,293.59,0.6247,0.0448,0.001926,4.380
554107,520,392,912,254,16,135,0.43,0.9920,0.5917,0.231943,28,22,83,280.11,0.8000,0.1501,0.014452,4.374
554114,520,291,811,224,112,244,321.37,0.9264,0.6791,0.339690,66,55,31,85.69,0.4224,0.2438,0.039896,4.335
554115,520,377,897,248,9,176,346.63,0.9932,0.5956,0.232897,22,42,22,144.16,0.5888,0.1582,0.018844,4.109
554116,520,347,867,238,104,72,34.73,0.8664,0.6251,0.285485,5,51,45,181.92,0.8999,0.1876,0.025893,4.421
554148,520,423,943,210,68,172,340.27,0.7922,0.5590,0.208165,27,26,7,106.18,0.5847,0.1113,0.009871,4.312
554159,520,368,888,255,70,6,35.26,1.0000,0.6065,0.256572,9,40,68,249.57,0.7431,0.1678,0.019929,4.384
554162,520,373,893,244,17,197,339.94,0.9881,0.6006,0.236683,46,12,83,299.55,0.8448,0.1563,0.014683,4.432
554174,520,347,867,250,73,160,354.78,0.9433,0.6293,0.276304,8,53,7,142.61,0.9773,0.1861,0.026131,4.286
554181,520,468,988,183,73,169,332.90,0.7105,0.5185,0.176983,13,0,17,320.47,1.0000,0.0375,0.001260,4.428
554198,520,478,998,170,56,211,315.33,0.8528,0.5057,0.160785,8,0,1,11.38,1.0000,0.0234,0.000538,4.171
554222,520,410,930,234,71,75,23.67,0.8824,0.5733,0.225099,1,37,13,150.73,0.9896,0.1288,0.013586,4.326
554231,520,391,911,228,79,152,353.70,0.7900,0.5939,0.243555,25,33,54,267.49,0.3944,0.1477,0.015607,4.474
554242,520,432,952,242,27,58,22.60,0.9790,0.5519,0.199700,37,12,29,341.22,0.5471,0.1007,0.007450,4.346
554244,520,405,925,234,55,141,356.73,0.8778,0.5756,0.221508,26,23,57,284.18,0.5732,0.1262,0.011278,4.431
554250,520,312,832,247,115,63,40.88,0.9247,0.6568,0.323976,10,57,63,207.66,0.7986,0.2170,0.033495,4.479
554256,520,469,989,212,62,57,26.71,0.8722,0.5177,0.177401,18,1,5,2.79,0.7805,0.0415,0.001613,4.406
554265,520,387,907,245,68,11,35.16,0.9902,0.5850,0.235743,8,42,12,145.27,0.9470,0.1487,0.017340,4.243
554285,520,364,884,244,83,85,23.60,0.9158,0.6081,0.260787,20,34,83,267.84,0.7443,0.1696,0.019172,4.493
554301,520,445,965,172,85,206,315.40,0.7398,0.5421,0.197247,12,16,36,273.09,0.5050,0.0830,0.005761,4.434
554309,520,11,531,253,250,254,317.75,0.7596,0.9866,0.964097,8,135,67,151.57,0.9924,0.4745,0.177840,4.451
554325,520,426,946,201,73,189,331.68,0.7840,0.5591,0.208584,29,17,47,299.91,0.5696,0.1094,0.008674,4.407
554342,520,418,938,201,94,120,6.71,0.6110,0.5581,0.217808,8,10,87,268.62,0.9741,0.1225,0.009568,4.496
554344,520,452,972,178,54,233,312.64,0.9099,0.5333,0.179875,21,12,11,26.05,0.2431,0.0711,0.004466,4.221
554367,520,465,985,229,25,16,29.30,0.9842,0.5196,0.173937,1,12,2,146.28,0.9575,0.0497,0.002738,4.246
554375,520,367,887,196,110,187,331.00,0.6119,0.6056,0.264768,16,41,64,248.61,0.6011,0.1708,0.020661,4.455
554384,520,408,928,245,51,15,32.01,0.9877,0.5694,0.218181,14,8,89,271.89,0.9732,0.1260,0.009882,4.478
554392,520,419,939,191,39,252,312.91,0.9849,0.5575,0.195569,45,6,30,346.92,0.7349,0.1062,0.007820,4.247
554399,520,477,997,196,81,1,45.23,0.9955,0.5092,0.176247,7,0,0,29.23,1.0000,0.0213,0.000452,4.484
554403,520,332,852,251,74,172,350.88,0.9565,0.6369,0.283886,31,37,103,273.50,0.7702,0.2031,0.025936,4.397
554410,520,427,947,219,71,129,0.29,0.7782,0.5596,0.211539,23,25,3,113.90,0.7795,0.1035,0.008840,4.445
554424,520,437,957,239,7,116,3.82,0.9915,0.5528,0.197669,6,24,15,160.30,0.6530,0.0903,0.007265,4.325
554435,520,433,953,229,44,132,358.12,0.8957,0.5541,0.201281,2,21,52,258.05,0.8936,0.1006,0.007971,4.335
554454,520,39,559,227,251,181,123.53,0.8831,0.9462,0.886611,14,130,0,141.91,1.0000,0.4520,0.160579,4.448
554466,520,415,935,246,41,57,24.27,0.9654,0.5676,0.214776,5,33,3,141.62,0.9736,0.1156,0.011265,4.322
554474,520,467,987,233,2,10,28.63,0.9990,0.5211,0.173921,2,1,31,272.02,0.9755,0.0387,0.001335,4.362
554490,520,202,722,246,146,250,325.68,0.9705,0.7665,0.470547,21,85,41,149.71,0.9392,0.3058,0.068163,4.405
554496,520,374,894,218,78,207,331.07,0.8460,0.6029,0.248612,39,39,2,109.64,0.9215,0.1611,0.018868,4.336
554515,520,477,997,182,0,229,316.12,1.0000,0.5094,0.156034,1,0,11,279.92,1.0000,0.0185,0.000306,4.096
554520,520,319,839,147,158,177,261.44,0.1705,0.6476,0.338308,11,63,28,149.76,0.9535,0.2250,0.037098,4.458
554525,520,469,989,122,84,250,287.30,0.9566,0.5152,0.173801,0,4,29,262.33,1.0001,0.0425,0.001755,4.324
554526,520,446,966,222,64,52,28.70,0.8976,0.5388,0.194470,2,20,12,164.29,0.8618,0.0751,0.005397,4.413
554551,520,470,990,172,37,247,308.46,0.9626,0.5233,0.168100,13,3,14,324.54,0.5792,0.0437,0.001824,4.208
554580,520,369,889,249,73,89,20.29,0.9517,0.6065,0.256295,57,27,47,341.11,0.4671,0.1692,0.018591,4.466
554588,520,460,980,203,22,201,328.83,0.9602,0.5298,0.174892,15,6,32,296.20,0.6809,0.0629,0.003361,4.215
554605,520,428,948,244,11,98,10.58,0.9901,0.5588,0.203577,23,20,35,292.72,0.3306,0.1014,0.008038,4.369
554608,520,379,899,231,49,212,333.06,0.9409,0.6008,0.239415,12,18,103,268.50,0.9627,0.1562,0.014899,4.459
554619,520,283,803,246,107,217,336.35,0.9358,0.6893,0.351206,22,53,116,262.40,0.8106,0.2481,0.039775,4.469
554620,520,411,931,253,21,44,25.58,0.9920,0.5711,0.216046,48,2,55,321.99,0.8956,0.1225,0.009477,4.473
554635,520,328,848,250,54,239,330.73,0.9811,0.6534,0.291973,17,47,95,259.52,0.7703,0.2118,0.029783,4.286
554641,520,352,872,214,93,207,329.84,0.7930,0.6158,0.266316,17,50,50,195.27,0.5963,0.1909,0.026306,4.145
554659,520,356,876,206,106,204,328.04,0.7151,0.6218,0.277910,30,48,28,142.02,0.4838,0.1847,0.024737,4.388
554668,520,389,909,249,49,97,14.06,0.9570,0.5865,0.232029,21,36,47,241.16,0.3600,0.1489,0.016264,4.256
554678,520,157,677,243,181,225,337.35,0.8142,0.8174,0.575401,20,99,27,144.06,0.9779,0.3506,0.091512,4.419
554690,520,299,819,253,67,237,331.91,0.9916,0.6671,0.310144,7,41,131,263.76,0.9593,0.2308,0.032695,4.355
554692,520,457,977,226,54,1,34.16,0.9986,0.5329,0.188121,21,8,13,355.44,0.3787,0.0639,0.003622,4.441
554704,520,441,961,212,8,204,330.42,0.9894,0.5440,0.185324,10,3,65,274.26,0.9767,0.0858,0.005113,4.270
554719,520,372,892,232,65,207,334.81,0.9064,0.6125,0.254439,53,35,3,77.76,0.8719,0.1687,0.019656,4.371
554737,520,446,966,194,83,152,344.78,0.6615,0.5419,0.199244,7,21,4,139.00,0.8500,0.0794,0.005903,4.459
554742,520,200,720,250,145,252,326.43,0.9841,0.7710,0.476052,30,89,38,145.87,0.9207,0.3218,0.075604,4.188
554765,520,350,870,245,25,233,331.07,0.9893,0.6265,0.259938,42,38,70,287.99,0.4335,0.1873,0.023206,4.234
554772,520,386,906,235,47,175,344.85,0.9183,0.5863,0.227932,44,23,55,312.91,0.5412,0.1463,0.014241,4.326
554785,520,461,981,188,71,187,328.08,0.7639,0.5345,0.187871,4,11,12,205.14,0.3481,0.0531,0.002917,4.495
554793,520,448,968,220,54,126,359.48,0.8389,0.5426,0.193629,10,17,28,259.22,0.3680,0.0791,0.005493,4.390
554798,520,392,912,248,11,155,352.94,0.9904,0.5864,0.225658,53,23,35,356.03,0.4707,0.1494,0.014911,4.247
554804,520,439,959,194,74,187,330.08,0.7628,0.5479,0.199563,26,16,12,42.75,0.2765,0.0862,0.006168,4.443
554822,520,306,826,222,112,232,324.18,0.8622,0.6693,0.329459,1,56,95,246.95,0.9715,0.2320,0.036608,4.381
554826,520,452,972,215,44,143,350.96,0.8614,0.5316,0.182340,12,15,12,145.20,0.1306,0.0691,0.004464,4.266
554861,520,434,954,169,94,203,314.19,0.6889,0.5503,0.207530,38,13,28,345.21,0.5265,0.1035,0.007838,4.453
554868,520,390,910,253,48,66,23.21,0.9890,0.5879,0.233936,62,10,34,357.01,0.7474,0.1461,0.013569,4.467
554887,520,335,855,177,125,241,302.89,0.8046,0.6395,0.303656,8,57,7,142.60,0.9808,0.2001,0.029931,4.425
554894,520,418,938,229,72,0,37.91,1.0000,0.5582,0.212956,12,26,52,261.66,0.6131,0.1188,0.010648,4.336
554912,520,463,983,194,61,186,330.46,0.8062,0.5321,0.183536,23,0,4,9.55,1.0000,0.0464,0.001910,4.499
554926,520,447,967,214,32,175,339.36,0.9215,0.5381,0.184266,18,15,14,39.34,0.0816,0.0752,0.005020,4.258
554936,520,442,962,233,28,109,6.02,0.9523,0.5449,0.192613,4,16,45,262.88,0.8121,0.0843,0.005858,4.343
554960,520,425,945,250,19,6,29.57,0.9961,0.5619,0.208066,32,22,32,326.38,0.2632,0.1148,0.009852,4.312
554961,520,397,917,252,42,41,27.69,0.9877,0.5789,0.225152,2,33,58,246.97,0.8792,0.1374,0.014060,4.295
554972,520,411,931,206,69,203,328.77,0.8362,0.5709,0.216916,48,13,19,12.71,0.6281,0.1174,0.009633,4.476
555024,520,467,987,218,31,128,356.45,0.9129,0.5228,0.174464,17,3,2,29.98,0.6627,0.0441,0.001887,4.326
555039,520,461,981,215,34,163,343.52,0.9072,0.5346,0.182378,11,8,17,299.62,0.3162,0.0546,0.002853,4.397
555044,520,403,923,238,20,187,341.40,0.9800,0.5848,0.222682,24,33,3,124.18,0.8781,0.1279,0.012885,4.336
555046,520,391,911,230,35,218,331.23,0.9670,0.5945,0.230895,14,7,107,269.81,0.9873,0.1495,0.013068,4.454
555051,520,368,888,238,15,225,331.40,0.9925,0.6061,0.239578,43,9,102,289.52,0.9309,0.1705,0.016683,4.343
555061,520,424,944,234,62,52,28.28,0.9227,0.5601,0.211886,49,5,25,357.43,0.7758,0.1103,0.008318,4.491
555096,520,250,770,248,110,254,325.95,0.9956,0.7162,0.382665,56,68,40,127.47,0.4163,0.2721,0.051282,4.272
555105,520,431,951,199,90,121,4.36,0.6220,0.5486,0.208367,6,22,40,252.42,0.6352,0.0965,0.007657,4.481
555114,520,408,928,251,33,63,22.36,0.9807,0.5743,0.219595,8,26,66,263.21,0.8232,0.1283,0.011837,4.360
555115,520,413,933,194,65,235,316.60,0.9018,0.5697,0.212494,30,17,59,293.39,0.6817,0.1201,0.009927,4.380
555121,520,332,852,251,67,183,346.79,0.9640,0.6351,0.279457,73,29,34,15.09,0.5558,0.1954,0.024109,4.446
555125,520,346,866,199,105,241,314.16,0.8767,0.6326,0.285972,48,46,13,105.81,0.6797,0.1933,0.026115,4.414
555133,520,436,956,232,51,45,27.89,0.9428,0.5450,0.197159,33,12,5,41.09,0.6188,0.0864,0.005973,4.416
555141,520,450,970,198,28,222,321.97,0.9617,0.5388,0.181118,0,12,37,257.17,0.9999,0.0663,0.003965,4.283
555143,520,451,971,223,40,139,354.03,0.8939,0.5425,0.190723,10,11,36,277.59,0.6319,0.0710,0.004312,4.432
555148,520,459,979,226,39,57,23.12,0.9482,0.5250,0.179181,11,2,47,282.37,0.9472,0.0645,0.003198,4.308
555158,520,387,907,216,33,253,319.52,0.9916,0.5946,0.227804,40,28,58,300.96,0.4738,0.1535,0.015871,4.217
555160,520,410,930,235,70,35,33.43,0.9473,0.5690,0.221669,4,30,63,255.79,0.8453,0.1340,0.013132,4.303
555172,520,304,824,245,108,165,356.50,0.8472,0.6666,0.328570,24,59,55,185.51,0.5543,0.2252,0.035978,4.403
555174,520,162,682,238,185,183,20.97,0.5743,0.8055,0.562954,21,92,111,220.39,0.8083,0.3549,0.089610,4.390
555180,520,319,839,255,91,137,6.84,1.0000,0.6506,0.305517,67,48,0,84.53,1.0000,0.2224,0.033073,4.280
555203,520,424,944,189,98,151,345.71,0.5639,0.5577,0.217899,24,26,14,116.06,0.3331,0.1096,0.009647,4.491
555204,520,429,949,174,58,255,306.43,1.0000,0.5498,0.192455,31,10,45,309.07,0.6916,0.0985,0.006979,4.255
555216,520,441,961,218,55,124,359.98,0.8300,0.5390,0.190955,8,26,3,138.12,0.9349,0.0948,0.007970,4.157
555227,520,357,877,251,67,145,359.72,0.9547,0.6196,0.265712,18,47,55,218.40,0.5462,0.1844,0.024374,4.245
555243,520,343,863,246,12,240,329.69,0.9964,0.6295,0.261500,77,21,30,14.64,0.7014,0.1890,0.022081,4.322
555255,520,401,921,215,102,34,46.92,0.8837,0.5788,0.240675,7,35,56,244.89,0.7262,0.1440,0.015327,4.450
555262,520,437,957,212,44,186,335.59,0.8924,0.5483,0.193457,38,0,40,326.20,1.0000,0.0905,0.005653,4.375
555266,520,412,932,253,19,7,29.51,0.9958,0.5683,0.213675,43,7,50,320.62,0.7723,0.1164,0.008959,4.472
555299,520,479,999,208,61,24,34.43,0.9461,0.5052,0.168156,1,0,3,302.89,1.0000,0.0124,0.000130,4.352
555308,520,384,904,251,51,70,22.46,0.9773,0.5867,0.233227,63,6,50,339.40,0.8019,0.1520,0.014175,4.413
555317,520,448,968,195,80,144,348.61,0.6699,0.5356,0.193547,14,21,1,124.39,0.9189,0.0837,0.006319,4.324
555319,520,437,957,227,64,51,28.95,0.9083,0.5484,0.202395,37,11,11,22.12,0.5808,0.0926,0.006569,4.462
555328,520,240,760,252,144,144,20.54,0.9144,0.7306,0.426583,21,78,34,147.65,0.9368,0.2807,0.057235,4.444
555331,520,405,925,243,39,138,358.41,0.9399,0.5804,0.223439,27,30,36,264.30,0.1323,0.1313,0.012889,4.348
555339,520,464,984,231,24,4,30.11,0.9962,0.5230,0.176540,9,5,15,303.96,0.4256,0.0451,0.002011,4.356
555359,520,379,899,255,1,167,350.59,1.0000,0.6035,0.240753,49,20,76,304.19,0.7272,0.1645,0.016751,4.356
555371,520,269,789,223,126,249,318.84,0.9468,0.7025,0.374507,27,73,16,140.15,0.9555,0.2635,0.050353,4.230
555384,520,390,910,246,54,104,11.97,0.9329,0.5861,0.232340,28,39,11,127.48,0.6898,0.1512,0.017221,4.200
555396,520,439,959,197,12,245,316.57,0.9922,0.5501,0.187273,42,2,2,27.38,0.9490,0.0850,0.005401,4.283
555409,520,317,837,224,102,232,325.13,0.8811,0.6576,0.311781,20,52,81,248.57,0.6395,0.2162,0.031986,4.413
555429,520,441,961,227,47,71,20.12,0.9209,0.5353,0.188217,38,6,26,345.59,0.6925,0.0916,0.006170,4.241
555449,520,426,946,199,5,255,315.04,1.0000,0.5603,0.194721,9,15,74,269.45,0.9305,0.1143,0.008941,4.152
555454,520,446,966,213,42,162,343.58,0.8748,0.5355,0.184129,21,5,49,293.57,0.8391,0.0816,0.004897,4.265
555476,520,464,984,194,74,137,350.87,0.6899,0.5224,0.181747,2,4,40,268.29,0.9514,0.0541,0.002529,4.412
555484,520,425,945,250,11,48,24.31,0.9950,0.5624,0.207804,49,5,32,347.62,0.7726,0.1134,0.008659,4.395
555505,520,461,981,218,15,166,342.95,0.9690,0.5339,0.180027,10,8,0,101.83,1.0000,0.0477,0.002382,4.391
555512,520,467,987,189,42,207,322.99,0.9016,0.5208,0.169812,14,1,20,316.22,0.8173,0.0430,0.001656,4.255
555522,520,378,898,254,62,41,30.36,0.9952,0.5985,0.246799,52,34,1,78.58,0.9513,0.1644,0.018764,4.316
555534,520,437,957,228,38,139,355.00,0.9118,0.5509,0.197471,38,3,30,338.43,0.7838,0.0889,0.005710,4.442
555546,520,478,998,212,61,44,30.16,0.8998,0.5149,0.175188,5,0,4,333.70,1.0000,0.0207,0.000410,4.467
555549,520,444,964,179,86,185,325.11,0.6808,0.5404,0.197432,9,6,59,273.98,0.9421,0.0830,0.005041,4.495
555560,520,383,903,249,53,135,1.54,0.9456,0.6004,0.244386,4,35,71,254.81,0.8660,0.1542,0.016827,4.405
555584,520,478,998,180,21,224,316.45,0.9706,0.5076,0.156226,4,0,0,29.23,1.0000,0.0164,0.000258,4.103
555607,520,450,970,239,2,33,26.21,0.9989,0.5355,0.185073,17,9,33,296.11,0.5957,0.0713,0.004244,4.334
555609,520,461,981,237,9,0,29.56,1.0000,0.5311,0.182032,14,1,28,304.48,0.8846,0.0483,0.001989,4.463
555611,520,302,822,214,116,246,317.23,0.9196,0.6728,0.334421,1,67,3,142.93,0.9984,0.2331,0.040272,4.258
555618,520,461,981,184,4,252,311.60,0.9975,0.5337,0.173066,15,5,21,312.37,0.5662,0.0540,0.002643,4.237
555636,520,480,1000,175,53,209,317.69,0.8606,0.5089,0.162647,0,0,0,0.00,0.0000,0.0000,0.000000,4.253
555641,520,444,964,198,54,196,328.61,0.8540,0.5382,0.186313,12,13,43,277.15,0.6749,0.0818,0.005404,4.265
555653,520,399,919,250,29,120,5.09,0.9693,0.5831,0.225623,14,5,105,270.10,0.9904,0.1446,0.012217,4.430
555671,520,429,949,242,18,90,13.10,0.9827,0.5545,0.200514,5,24,32,227.66,0.6302,0.0966,0.007898,4.327
555688,520,460,980,176,56,227,313.31,0.8921,0.5274,0.176055,21,0,36,308.28,1.0000,0.0609,0.002868,4.276
555696,520,367,887,252,78,54,31.03,0.9822,0.6125,0.264141,31,46,2,126.99,0.9616,0.1747,0.022496,4.333
555715,520,445,965,224,14,154,348.20,0.9732,0.5393,0.184971,0,21,8,156.21,1.0000,0.0756,0.005538,4.231
555733,520,296,816,247,88,244,328.60,0.9697,0.6819,0.332879,29,59,77,236.87,0.4980,0.2390,0.039248,4.290
555735,520,387,907,236,41,190,340.36,0.9441,0.5920,0.231393,57,19,32,1.20,0.5788,0.1480,0.014400,4.369
555737,520,411,931,241,38,133,359.68,0.9383,0.5741,0.217836,1,31,47,235.93,0.9238,0.1235,0.011916,4.326
555760,520,327,847,246,57,243,328.83,0.9694,0.6513,0.289929,90,7,60,348.23,0.8425,0.2141,0.026522,4.442
555767,520,430,950,155,88,237,300.85,0.8522,0.5471,0.200628,6,18,53,265.31,0.8233,0.0969,0.007283,4.375
555780,520,22,542,255,244,230,74.10,1.0000,0.9674,0.916750,59,128,44,140.26,0.9185,0.4624,0.165495,4.486
555782,520,354,874,207,105,199,330.29,0.7055,0.6190,0.274936,16,46,47,198.28,0.5707,0.1763,0.022693,4.470
555790,520,479,999,191,20,210,323.13,0.9656,0.5145,0.162313,2,0,0,29.23,1.0000,0.0120,0.000129,4.235
555795,520,453,973,236,6,32,26.43,0.9967,0.5298,0.180707,16,7,43,288.63,0.7675,0.0744,0.004365,4.244
555828,520,348,868,247,72,183,346.16,0.9310,0.6328,0.278308,35,48,19,129.09,0.6094,0.1868,0.025182,4.367
555837,520,463,983,207,56,147,348.23,0.8022,0.5288,0.182024,13,6,10,342.55,0.2891,0.0493,0.002377,4.430
555848,520,386,906,215,58,219,326.96,0.9105,0.5851,0.225896,11,21,93,268.13,0.9403,0.1481,0.013977,4.312
555872,520,394,914,237,29,197,338.45,0.9701,0.5917,0.229173,44,28,17,55.13,0.4022,0.1404,0.014065,4.358
555876,520,457,977,224,50,25,31.33,0.9642,0.5262,0.182015,29,1,7,8.27,0.8664,0.0598,0.002983,4.379
555880,520,409,929,221,57,182,339.47,0.8668,0.5724,0.216781,43,24,0,70.86,1.0000,0.1263,0.011669,4.326
555895,520,390,910,224,47,222,328.67,0.9463,0.5937,0.231565,48,23,43,334.84,0.4628,0.1450,0.014157,4.389
555916,520,472,992,206,23,173,337.80,0.9379,0.5178,0.167538,2,3,17,272.58,0.7242,0.0337,0.001185,4.250
555942,520,355,875,254,25,197,342.17,0.9938,0.6217,0.258007,28,9,124,274.43,0.9815,0.1843,0.018974,4.466
555969,520,477,997,223,24,13,29.50,0.9862,0.5061,0.163731,7,0,1,9.43,1.0000,0.0219,0.000474,4.235
555973,520,462,982,228,16,106,5.64,0.9734,0.5291,0.179081,7,0,38,282.48,1.0000,0.0478,0.001851,4.418
555984,520,272,792,250,107,224,335.19,0.9677,0.6989,0.362239,41,68,14,132.48,0.9034,0.2551,0.046373,4.278
555990,520,315,835,241,87,220,333.62,0.9240,0.6576,0.306871,43,45,94,278.71,0.5620,0.2232,0.031984,4.353
555991,520,447,967,195,74,173,335.51,0.7376,0.5416,0.195184,0,17,39,251.97,1.0000,0.0792,0.005473,4.420
556011,520,395,915,245,43,149,355.32,0.9363,0.5909,0.233134,38,24,56,302.32,0.5259,0.1410,0.013509,4.458
556030,520,392,912,222,10,239,324.33,0.9949,0.5867,0.219808,42,34,23,75.30,0.2779,0.1544,0.016982,4.028
556034,520,442,962,189,32,241,314.92,0.9669,0.5412,0.182040,34,2,36,325.71,0.8298,0.0841,0.005109,4.211
556039,520,458,978,232,24,6,29.97,0.9944,0.5252,0.178253,4,10,28,264.71,0.6385,0.0589,0.003267,4.285
556047,520,448,968,227,38,128,358.75,0.9095,0.5447,0.192784,11,19,7,135.26,0.5018,0.0773,0.005522,4.373
556053,520,413,933,240,9,155,351.29,0.9896,0.5702,0.210903,5,30,46,240.23,0.7297,0.1220,0.011580,4.237
556058,520,442,962,210,58,160,344.19,0.8118,0.5424,0.192679,14,3,54,282.35,0.9393,0.0762,0.004248,4.474
556064,520,342,862,230,97,166,350.68,0.7645,0.6268,0.281280,14,53,31,155.15,0.8481,0.1926,0.027384,4.281
556078,520,385,905,215,59,222,326.15,0.9132,0.5880,0.228509,56,0,75,314.71,1.0000,0.1519,0.013489,4.387
556082,520,426,946,218,34,190,335.87,0.9350,0.5553,0.197695,50,10,7,28.43,0.8023,0.1141,0.009106,4.191
556084,520,409,929,237,23,169,346.53,0.9699,0.5746,0.214849,15,3,97,271.73,0.9921,0.1316,0.010297,4.392
556086,520,305,825,248,96,196,343.49,0.9315,0.6677,0.323106,14,49,110,260.73,0.8661,0.2294,0.034156,4.434
556089,520,302,822,254,87,208,340.55,0.9919,0.6725,0.324444,24,63,3,137.49,0.9882,0.2268,0.037557,4.277
556097,520,386,906,243,45,141,357.76,0.9267,0.5853,0.228578,8,30,77,262.71,0.8651,0.1483,0.015159,4.275
556099,520,468,988,228,1,98,7.95,0.9984,0.5231,0.174005,0,3,34,263.69,1.0016,0.0443,0.001806,4.324
556103,520,479,999,170,74,185,322.06,0.7223,0.5092,0.169474,0,0,8,264.05,1.0000,0.0143,0.000175,4.374
556112,520,456,976,224,47,87,14.38,0.8980,0.5327,0.185712,24,3,25,326.16,0.7324,0.0634,0.003295,4.423
556138,520,473,993,163,70,216,310.58,0.8177,0.5155,0.171254,0,4,9,238.40,1.0000,0.0303,0.001066,4.333
556140,520,458,978,173,32,254,307.50,0.9949,0.5282,0.170738,16,4,35,297.43,0.7805,0.0622,0.003183,4.151
556145,520,356,876,216,68,251,319.10,0.9788,0.6178,0.257000,72,0,71,329.03,1.0000,0.1785,0.018329,4.493
556146,520,459,979,178,65,211,317.57,0.8296,0.5277,0.179498,7,10,19,268.30,0.3311,0.0564,0.003093,4.323
556162,520,469,989,201,59,140,349.72,0.7744,0.5178,0.174408,5,2,30,280.85,0.8952,0.0434,0.001694,4.341
556172,520,396,916,238,25,174,345.27,0.9687,0.5797,0.219314,20,23,78,273.93,0.8152,0.1404,0.013115,4.267
556173,520,416,936,248,2,120,3.90,0.9982,0.5716,0.213595,36,14,58,303.37,0.7145,0.1218,0.009947,4.397
556182,520,397,917,140,115,237,289.87,0.7938,0.5781,0.239512,10,39,8,142.20,0.9385,0.1389,0.015330,4.431
556191,520,468,988,205,58,139,351.11,0.7870,0.5236,0.178714,8,0,25,296.83,1.0000,0.0374,0.001218,4.465
556198,520,444,964,209,62,148,348.83,0.7870,0.5391,0.191408,15,4,59,280.97,0.9370,0.0843,0.005041,4.386
556207,520,454,974,192,69,180,331.86,0.7641,0.5343,0.187595,21,9,15,348.70,0.3505,0.0665,0.003893,4.409
556274,520,399,919,242,8,161,349.83,0.9917,0.5766,0.216273,27,33,44,262.41,0.2316,0.1435,0.015025,4.095
556278,520,451,971,236,4,89,12.18,0.9956,0.5383,0.186442,18,6,31,303.62,0.6643,0.0654,0.003578,4.413
556295,520,439,959,206,38,204,328.74,0.9253,0.5451,0.188696,43,5,8,20.19,0.8138,0.0933,0.006398,4.232
556296,520,473,993,212,28,146,348.42,0.9141,0.5172,0.169052,8,2,10,320.09,0.5791,0.0341,0.001170,4.281
556303,520,321,841,251,30,244,329.85,0.9901,0.6458,0.279725,77,29,62,341.29,0.5941,0.2144,0.028045,4.225
556308,520,383,903,245,68,97,16.35,0.9214,0.5954,0.244131,20,37,38,200.55,0.3338,0.1467,0.016118,4.449
556315,520,379,899,239,84,74,27.38,0.8993,0.5983,0.251888,10,31,88,264.59,0.8851,0.1625,0.017490,4.473
556352,520,475,995,205,3,190,332.43,0.9939,0.5208,0.167639,9,0,17,311.40,1.0000,0.0330,0.000986,4.269
556356,520,479,999,219,3,117,359.67,0.9928,0.5109,0.164122,1,0,3,302.89,1.0000,0.0124,0.000130,4.271
556358,520,289,809,254,83,236,332.45,0.9954,0.6830,0.333164,26,47,125,267.18,0.8550,0.2444,0.037331,4.387
556360,520,308,828,202,124,245,312.35,0.8781,0.6700,0.335654,65,52,7,91.75,0.8531,0.2309,0.035952,4.487
556366,520,259,779,217,137,250,315.42,0.9378,0.7142,0.395464,11,69,84,220.13,0.8402,0.2666,0.049672,4.469
556376,520,449,969,236,17,69,18.70,0.9848,0.5372,0.186666,19,7,38,297.50,0.7086,0.0734,0.004303,4.358
556382,520,478,998,225,18,11,29.24,0.9890,0.5080,0.164672,0,1,4,253.83,0.9999,0.0166,0.000305,4.267
556412,520,400,920,228,82,115,10.19,0.7826,0.5850,0.237690,44,28,32,2.72,0.2573,0.1449,0.014703,4.446
556413,520,426,946,215,52,184,337.12,0.8710,0.5586,0.203659,10,6,83,270.54,0.9798,0.1132,0.008193,4.359
556419,520,313,833,245,84,213,336.69,0.9376,0.6569,0.305600,7,63,21,147.01,0.9788,0.2226,0.036542,4.109
556457,520,355,875,202,113,180,336.98,0.5957,0.6159,0.276635,8,50,5,141.92,0.9804,0.1754,0.023437,4.448
556463,520,125,645,245,200,190,32.67,0.6634,0.8478,0.644401,29,105,41,145.80,0.9540,0.3752,0.105240,4.473
556465,520,387,907,244,22,169,348.03,0.9772,0.5877,0.226747,30,37,32,154.26,0.1515,0.1523,0.017034,4.128
556471,520,435,955,227,58,86,16.77,0.8768,0.5482,0.200317,28,14,15,15.03,0.3236,0.0854,0.005955,4.474
556477,520,409,929,247,22,86,15.09,0.9815,0.5653,0.210234,9,30,53,252.75,0.6590,0.1286,0.012436,4.168
556489,520,400,920,225,53,182,340.39,0.8874,0.5762,0.219336,59,11,28,3.30,0.7256,0.1389,0.012531,4.307
556493,520,426,946,137,105,242,290.23,0.8505,0.5597,0.218322,9,30,12,146.83,0.7926,0.1097,0.010131,4.462
556498,520,332,852,246,33,243,328.95,0.9869,0.6377,0.271545,13,23,128,267.27,0.9712,0.1969,0.022567,4.431
556499,520,432,952,228,37,148,351.79,0.9165,0.5541,0.199580,15,7,65,277.89,0.9247,0.0957,0.006351,4.429
556507,520,404,924,224,69,153,351.26,0.8089,0.5757,0.224059,10,34,27,171.60,0.6178,0.1271,0.012877,4.359
556512,520,345,865,251,30,214,337.09,0.9834,0.6274,0.262960,6,53,22,149.93,0.9661,0.1877,0.026427,4.095
556521,520,360,880,215,121,73,46.54,0.7103,0.6179,0.286049,22,51,3,135.89,0.9784,0.1849,0.025447,4.454
556530,520,368,888,238,82,140,1.19,0.8331,0.6106,0.261080,49,38,17,82.27,0.5047,0.1729,0.020797,4.394
556540,520,420,940,213,68,155,347.60,0.7815,0.5560,0.206491,48,0,42,334.20,1.0000,0.1104,0.007956,4.426
556566,520,387,907,253,41,95,14.33,0.9856,0.5887,0.232984,14,41,18,146.83,0.8186,0.1492,0.017229,4.209
556568,520,365,885,237,50,213,334.26,0.9477,0.6126,0.250925,55,34,6,70.10,0.7706,0.1697,0.019695,4.318
556580,520,412,932,230,78,7,38.93,0.9893,0.5679,0.222900,16,29,38,239.60,0.3567,0.1205,0.011288,4.453
556582,520,427,947,206,70,176,337.72,0.7818,0.5566,0.206386,27,20,18,36.50,0.1592,0.0984,0.007770,4.438
556594,520,362,882,233,11,248,324.94,0.9963,0.6123,0.243427,10,12,128,266.91,0.9889,0.1827,0.018858,4.261
556619,520,469,989,234,0,19,27.81,1.0000,0.5232,0.175426,17,0,14,334.20,1.0000,0.0411,0.001509,4.376
556626,520,410,930,228,71,100,14.04,0.8275,0.5673,0.219233,45,1,71,307.62,0.9716,0.1307,0.010346,4.462
556629,520,449,969,229,49,66,22.09,0.9251,0.5401,0.192509,6,13,34,266.53,0.6310,0.0708,0.004420,4.456
556643,520,308,828,247,81,231,332.04,0.9629,0.6668,0.314313,77,32,78,326.64,0.6102,0.2287,0.031610,4.464
556669,520,365,885,204,86,242,316.91,0.9157,0.6135,0.259051,6,43,55,224.29,0.7968,0.1671,0.020422,4.389
556688,520,248,768,233,141,210,336.75,0.7682,0.7219,0.410284,28,79,10,139.31,0.9782,0.2838,0.058606,4.238
556704,520,473,993,228,21,9,29.57,0.9913,0.5155,0.170530,13,0,12,330.53,1.0000,0.0349,0.001121,4.314
556708,520,446,966,224,21,141,352.72,0.9545,0.5356,0.183094,27,11,17,356.61,0.3964,0.0789,0.005129,4.228
556709,520,407,927,237,56,99,12.88,0.8974,0.5689,0.217368,10,7,94,269.23,0.9842,0.1293,0.010246,4.438
556710,520,468,988,158,64,239,304.07,0.9080,0.5202,0.171684,11,0,17,316.12,1.0000,0.0352,0.001116,4.337
556715,520,410,930,253,19,4,29.68,0.9976,0.5682,0.213610,41,2,75,301.24,0.9579,0.1300,0.010229,4.377
556716,520,299,819,247,70,254,326.37,0.9965,0.6703,0.313129,58,50,62,314.48,0.1727,0.2311,0.035286,4.258
556723,520,233,753,221,156,225,324.67,0.6886,0.7418,0.445865,0,82,22,146.11,1.0000,0.2875,0.060922,4.470
556724,520,473,993,215,22,155,345.90,0.9427,0.5248,0.173898,4,0,25,284.41,1.0000,0.0330,0.000960,4.394
556725,520,352,872,209,85,240,319.00,0.9124,0.6182,0.263451,54,32,73,307.11,0.5473,0.1905,0.022984,4.295
556736,520,312,832,222,117,207,332.77,0.7522,0.6640,0.327590,23,60,35,152.01,0.7498,0.2212,0.035351,4.424
556748,520,457,977,225,33,100,8.29,0.9300,0.5285,0.180182,20,8,19,329.85,0.4237,0.0650,0.003694,4.287
556756,520,478,998,217,16,128,355.61,0.9597,0.5144,0.166833,0,1,15,263.52,1.0011,0.0235,0.000562,4.288
556762,520,289,809,212,126,239,317.69,0.8508,0.6825,0.351520,12,67,14,143.39,0.9761,0.2370,0.041240,4.401
556772,520,416,936,193,72,234,316.18,0.8885,0.5750,0.219139,8,34,21,158.77,0.7571,0.1242,0.012498,4.306
556773,520,437,957,229,48,96,11.87,0.8994,0.5457,0.196193,11,5,65,274.68,0.9587,0.0897,0.005613,4.427
556776,520,470,990,156,73,230,304.44,0.8545,0.5211,0.175467,5,1,28,283.66,0.9314,0.0393,0.001378,4.388
556777,520,288,808,248,123,99,32.32,0.9062,0.6772,0.350262,20,64,51,170.37,0.7268,0.2380,0.040544,4.421
556797,520,449,969,216,43,153,347.52,0.8719,0.5374,0.186289,24,3,38,308.88,0.8185,0.0723,0.003993,4.376
556821,520,477,997,213,35,116,0.21,0.8902,0.5106,0.166116,0,1,16,263.65,1.0015,0.0242,0.000591,4.272
556857,520,451,971,232,9,116,2.65,0.9863,0.5388,0.186151,18,11,20,318.61,0.3026,0.0689,0.004185,4.358
556868,520,386,906,217,10,255,319.60,1.0000,0.5905,0.221907,38,36,23,100.43,0.2835,0.1550,0.017357,4.037
556870,520,450,970,215,64,104,9.20,0.7997,0.5361,0.191157,9,4,53,276.35,0.9433,0.0730,0.004019,4.464
556877,520,451,971,216,53,144,351.44,0.8332,0.5413,0.191611,17,12,29,296.02,0.4438,0.0744,0.004708,4.416
556884,520,261,781,251,105,243,329.81,0.9830,0.7079,0.370861,98,42,36,28.07,0.6029,0.2657,0.043804,4.487
556900,520,340,860,251,15,245,329.66,0.9963,0.6421,0.274465,86,6,50,354.07,0.8528,0.1999,0.023393,4.421
556910,520,388,908,246,1,175,346.42,0.9992,0.5897,0.227129,56,22,29,8.84,0.5182,0.1504,0.015034,4.261
556913,520,459,979,227,3,116,1.58,0.9945,0.5272,0.176598,13,10,25,291.56,0.4312,0.0644,0.003728,4.217
556921,520,408,928,200,40,250,315.81,0.9766,0.5704,0.207005,46,21,13,38.46,0.5325,0.1269,0.011463,4.181
556938,520,431,951,235,11,137,356.13,0.9843,0.5530,0.197107,22,21,33,287.90,0.2695,0.1017,0.008167,4.248
556949,520,364,884,253,28,182,346.20,0.9858,0.6133,0.250940,17,46,30,157.16,0.6665,0.1704,0.021668,4.199
556953,520,413,933,252,22,35,27.03,0.9901,0.5686,0.213944,52,9,25,1.96,0.7178,0.1215,0.009957,4.402
556960,520,391,911,254,58,41,29.73,0.9954,0.5949,0.242608,41,29,53,306.37,0.4025,0.1537,0.016072,4.429
556963,520,443,963,209,79,71,26.77,0.7806,0.5363,0.196044,22,14,7,63.38,0.3579,0.0755,0.005000,4.474
556967,520,479,999,169,46,235,309.73,0.9279,0.5147,0.163880,0,0,4,264.05,1.0000,0.0106,0.000088,4.270
556970,520,468,988,150,85,221,302.68,0.7855,0.5237,0.182018,0,8,10,208.03,1.0000,0.0416,0.001956,4.466
556977,520,463,983,203,9,207,327.28,0.9870,0.5302,0.173987,19,5,11,352.17,0.4822,0.0544,0.002712,4.249
556982,520,290,810,199,128,255,308.20,1.0000,0.6794,0.348012,1,57,102,249.86,0.9756,0.2404,0.038918,4.476
556995,520,431,951,245,17,48,24.34,0.9906,0.5533,0.200303,12,25,12,144.26,0.5356,0.0962,0.007999,4.316
557000,520,434,954,222,34,168,343.61,0.9233,0.5504,0.195033,3,10,68,266.42,0.9638,0.0958,0.006537,4.334
557003,520,441,961,185,90,151,342.98,0.5954,0.5381,0.198623,38,2,33,334.27,0.8206,0.0890,0.005654,4.467
557012,520,429,949,183,59,240,312.35,0.9220,0.5511,0.194875,19,17,42,284.53,0.5261,0.0952,0.007065,4.291
557053,520,463,983,228,43,54,24.51,0.9453,0.5316,0.184910,7,3,36,281.00,0.8836,0.0527,0.002377,4.485
557060,520,426,946,200,29,243,317.59,0.9755,0.5590,0.196307,16,26,23,174.20,0.2479,0.1052,0.009108,4.167
557064,520,452,972,180,77,195,322.40,0.7482,0.5349,0.189523,23,4,30,316.32,0.7274,0.0671,0.003627,4.466
557071,520,410,930,248,46,15,31.29,0.9888,0.5717,0.219485,6,29,66,259.41,0.8306,0.1349,0.013107,4.270
557076,520,0,520,255,255,255,0.00,0.0000,1.0000,1.000000,32,137,48,145.20,0.9720,0.4819,0.184110,4.485
557089,520,254,774,242,138,182,354.00,0.7729,0.7175,0.404339,8,68,102,240.78,0.8671,0.2741,0.051449,4.478
557102,520,410,930,230,74,59,29.21,0.8866,0.5667,0.220392,36,31,3,99.47,0.8401,0.1349,0.013616,4.250
557104,520,438,958,221,40,157,347.21,0.8957,0.5467,0.193266,24,17,24,326.25,0.2210,0.0901,0.006610,4.297
557106,520,357,877,239,25,239,328.30,0.9890,0.6199,0.252807,29,17,118,275.24,0.9533,0.1849,0.019700,4.344
557107,520,445,965,241,4,29,26.90,0.9981,0.5399,0.188797,2,19,37,249.43,0.7923,0.0842,0.006122,4.255
557111,520,439,959,225,39,141,353.69,0.9021,0.5465,0.193843,36,10,3,39.68,0.7569,0.0874,0.005988,4.355
557131,520,414,934,229,14,192,337.87,0.9845,0.5691,0.207805,30,15,60,293.92,0.7211,0.1175,0.009439,4.337
557144,520,200,720,248,159,204,348.41,0.8514,0.7723,0.491145,75,79,30,113.36,0.6524,0.3218,0.071816,4.442
557165,520,431,951,184,82,200,322.04,0.7481,0.5511,0.203962,39,13,3,43.92,0.7622,0.0976,0.007258,4.435
557189,520,173,693,255,181,83,71.05,1.0000,0.7970,0.549347,9,94,77,174.23,0.9540,0.3433,0.085989,4.407
557193,520,330,850,163,141,209,298.60,0.5086,0.6382,0.314398,31,58,2,132.82,0.9849,0.2140,0.033217,4.379
557197,520,360,880,241,83,161,353.56,0.8586,0.6249,0.274634,7,51,2,141.23,0.9925,0.1782,0.024171,4.377
557201,520,427,947,228,32,174,343.12,0.9421,0.5638,0.205857,37,10,37,327.58,0.6402,0.1020,0.007440,4.454
557213,520,404,924,229,59,168,346.25,0.8661,0.5814,0.226157,37,17,66,298.12,0.7209,0.1348,0.011876,4.463
557215,520,475,995,185,1,234,315.82,0.9990,0.5188,0.162778,10,0,0,29.23,1.0000,0.0255,0.000645,4.201
557246,520,445,965,232,39,83,15.71,0.9379,0.5421,0.192344,6,20,14,165.12,0.5285,0.0784,0.005707,4.350
557256,520,425,945,231,50,129,0.12,0.8833,0.5613,0.208580,35,20,5,65.13,0.6389,0.1060,0.008686,4.406
557274,520,27,547,242,252,202,116.82,0.9279,0.9664,0.927623,23,132,34,143.95,0.9853,0.4620,0.167995,4.485
557284,520,296,816,227,144,84,55.09,0.7204,0.6826,0.369196,24,68,9,139.29,0.9730,0.2444,0.043480,4.484
557287,520,445,965,197,20,226,320.83,0.9775,0.5370,0.178632,9,19,18,188.03,0.2984,0.0791,0.005675,4.107
557291,520,445,965,236,31,51,24.25,0.9726,0.5403,0.190551,12,16,38,273.37,0.5399,0.0844,0.005887,4.304
557292,520,405,925,201,83,203,327.00,0.7828,0.5800,0.229174,26,29,43,274.76,0.2742,0.1313,0.012727,4.451
557296,520,421,941,174,86,221,311.93,0.7927,0.5567,0.208755,10,19,61,268.96,0.8250,0.1088,0.008672,4.410
557300,520,374,894,253,28,160,352.76,0.9840,0.6033,0.242547,49,33,19,61.67,0.4204,0.1603,0.017878,4.310
557303,520,351,871,255,84,80,25.72,1.0000,0.6287,0.281834,0,36,110,261.73,1.0000,0.1940,0.023874,4.492
557336,520,478,998,210,65,9,37.09,0.9806,0.5132,0.175043,1,2,0,126.59,1.0000,0.0203,0.000499,4.456
557342,520,384,904,234,62,169,347.26,0.8729,0.5937,0.238050,36,28,55,296.19,0.4405,0.1467,0.014814,4.444
557355,520,443,963,164,74,234,306.34,0.8701,0.5363,0.187312,7,20,27,233.03,0.4556,0.0843,0.006246,4.219
557356,520,37,557,218,255,190,132.09,1.0000,0.9508,0.901423,19,130,24,143.13,0.9898,0.4539,0.161690,4.494
557378,520,472,992,214,41,127,356.61,0.8679,0.5208,0.174167,0,0,24,264.05,1.0000,0.0271,0.000659,4.425
557380,520,408,928,212,6,246,320.31,0.9969,0.5744,0.207830,11,6,98,269.36,0.9875,0.1342,0.010832,4.238
557407,520,238,758,248,130,228,333.92,0.9519,0.7319,0.415255,44,74,51,150.62,0.4807,0.2837,0.056719,4.360
557421,520,411,931,196,66,224,319.91,0.8772,0.5658,0.210154,8,23,60,264.31,0.7991,0.1157,0.009906,4.343
557422,520,365,885,225,93,162,350.57,0.7431,0.6113,0.264472,37,42,9,117.29,0.7360,0.1688,0.020690,4.449
557423,520,406,926,199,79,213,323.39,0.8191,0.5780,0.225396,13,32,39,224.17,0.4660,0.1278,0.012650,4.396
557439,520,356,876,229,72,211,332.93,0.8924,0.6166,0.259982,71,12,62,335.07,0.7702,0.1809,0.019505,4.460
557474,520,423,943,214,36,212,328.74,0.9472,0.5632,0.203134,6,17,69,266.97,0.9197,0.1107,0.008692,4.313
557478,520,422,942,207,27,225,323.69,0.9698,0.5559,0.194873,24,23,41,285.60,0.3626,0.1131,0.009671,4.104
557482,520,450,970,223,26,142,352.31,0.9389,0.5360,0.183824,31,1,13,357.62,0.8480,0.0652,0.003421,4.377
557484,520,422,942,232,8,167,345.83,0.9890,0.5599,0.201223,9,6,82,270.07,0.9803,0.1113,0.007975,4.333
557492,520,182,702,253,164,209,348.33,0.9501,0.7901,0.520392,10,90,76,176.80,0.9407,0.3300,0.078983,4.422
557516,520,478,998,209,64,21,35.61,0.9527,0.5106,0.172786,2,0,10,292.48,1.0000,0.0196,0.000348,4.425
557523,520,467,987,221,37,75,17.00,0.9307,0.5165,0.172060,6,5,4,70.64,0.1035,0.0378,0.001560,4.307
557533,520,391,911,251,2,150,354.94,0.9984,0.5886,0.227582,38,31,42,313.17,0.2136,0.1488,0.015592,4.232
557578,520,424,944,203,54,218,323.92,0.9024,0.5613,0.203985,31,20,42,306.07,0.4448,0.1146,0.009588,4.262
557587,520,290,810,248,118,150,6.48,0.8560,0.6816,0.351182,1,69,27,149.64,0.9971,0.2431,0.043416,4.295
557609,520,431,951,228,0,174,342.74,1.0000,0.5542,0.195527,43,8,19,4.66,0.6797,0.1009,0.007344,4.282
557633,520,441,961,139,109,200,297.34,0.5947,0.5397,0.205965,24,19,19,17.89,0.1071,0.0928,0.007070,4.485
557641,520,443,963,205,50,177,336.60,0.8475,0.5352,0.184366,39,3,8,15.99,0.8360,0.0823,0.005141,4.250
557646,520,464,984,227,27,39,26.12,0.9763,0.5179,0.172642,25,0,7,2.24,1.0000,0.0507,0.002220,4.263
557664,520,420,940,202,77,175,337.11,0.7451,0.5580,0.209612,7,21,57,264.52,0.8095,0.1079,0.008769,4.418
557669,520,467,987,192,75,139,349.44,0.6808,0.5213,0.181043,3,3,22,276.43,0.7852,0.0379,0.001424,4.493
557691,520,478,998,171,17,240,310.20,0.9839,0.5059,0.153510,1,0,8,284.42,1.0000,0.0165,0.000240,4.051
557692,520,440,960,226,43,133,357.06,0.8911,0.5479,0.195927,6,24,8,146.46,0.8232,0.0886,0.007095,4.307
557716,520,412,932,243,34,127,1.86,0.9508,0.5738,0.217343,7,23,69,264.98,0.8749,0.1237,0.010876,4.392
557717,520,466,986,198,17,202,327.22,0.9695,0.5198,0.166727,11,5,26,294.49,0.6477,0.0529,0.002543,4.125
557726,520,347,867,239,101,104,21.49,0.8363,0.6281,0.286604,11,54,16,145.00,0.9574,0.1917,0.027468,4.345
557757,520,357,877,246,7,219,334.66,0.9969,0.6152,0.248623,58,34,36,14.25,0.3257,0.1810,0.021711,4.164
557771,520,322,842,230,116,151,2.08,0.6988,0.6508,0.315504,38,51,62,244.30,0.2416,0.2135,0.031275,4.497
557784,520,2,522,255,255,255,0.00,0.0000,1.0000,1.000000,10,138,63,149.91,0.9919,0.4837,0.185995,4.449
557789,520,458,978,184,25,237,314.53,0.9733,0.5266,0.170012,3,14,0,136.16,1.0000,0.0560,0.003334,4.125
557791,520,407,927,252,23,2,30.01,0.9987,0.5674,0.213164,13,1,97,270.73,0.9976,0.1280,0.009703,4.408
557827,520,414,934,251,17,57,22.74,0.9912,0.5671,0.212092,39,6,62,306.50,0.8454,0.1189,0.009094,4.435
557847,520,438,958,236,36,84,15.52,0.9497,0.5487,0.197379,1,11,66,264.49,0.9644,0.0938,0.006391,4.387
557853,520,475,995,216,50,88,13.45,0.8671,0.5195,0.175872,9,1,0,41.05,1.0000,0.0277,0.000798,4.446
557858,520,388,908,220,65,210,330.76,0.8879,0.5941,0.236515,28,35,52,266.83,0.3171,0.1544,0.016968,4.278
557885,520,466,986,231,7,2,29.36,0.9982,0.5177,0.171484,12,9,6,71.59,0.1865,0.0538,0.002867,4.189
557894,520,453,973,175,81,195,320.29,0.7255,0.5332,0.189399,4,15,35,259.29,0.6901,0.0745,0.004888,4.362
557910,520,472,992,226,28,40,25.98,0.9743,0.5164,0.171554,2,5,6,215.14,0.3211,0.0343,0.001346,4.315
557913,520,389,909,241,30,179,344.54,0.9649,0.5899,0.228870,65,11,18,18.42,0.8016,0.1482,0.014070,4.353
557916,520,471,991,178,65,203,319.81,0.8095,0.5220,0.175585,6,4,21,286.55,0.6381,0.0429,0.001797,4.355
557930,520,403,923,238,46,153,352.70,0.9155,0.5811,0.224340,29,31,1,113.21,0.9418,0.1265,0.012434,4.394
557938,520,381,901,241,23,196,339.59,0.9804,0.5963,0.233021,41,17,89,291.23,0.8296,0.1623,0.015936,4.292
557942,520,452,972,222,55,57,25.42,0.9096,0.5301,0.185601,7,14,32,265.68,0.5526,0.0724,0.004635,4.312
557943,520,309,829,229,118,174,350.09,0.7088,0.6611,0.326730,21,61,8,139.37,0.9703,0.2190,0.035143,4.425
557944,520,395,915,251,55,48,28.05,0.9818,0.5870,0.234586,18,37,3,133.71,0.9487,0.1359,0.014583,4.407
557954,520,399,919,253,5,95,12.48,0.9967,0.5756,0.218212,44,28,32,2.72,0.2573,0.1449,0.014703,4.145
557976,520,397,917,225,6,217,330.31,0.9953,0.5758,0.211500,19,36,24,152.73,0.4553,0.1377,0.014661,4.044
557990,520,456,976,186,11,242,314.21,0.9915,0.5296,0.170905,18,9,14,345.01,0.2847,0.0626,0.003557,4.125
557994,520,405,925,229,29,195,337.13,0.9622,0.5759,0.214795,48,21,23,16.32,0.4595,0.1328,0.012267,4.253
557995,520,352,872,244,90,78,27.81,0.9204,0.6160,0.270986,89,0,5,26.55,1.0000,0.1899,0.021352,4.499
558006,520,364,884,238,68,174,346.85,0.8740,0.6088,0.253702,3,43,59,230.21,0.8838,0.1683,0.020628,4.300
558008,520,290,810,218,134,187,342.19,0.6041,0.6792,0.355451,32,64,31,143.29,0.7261,0.2385,0.040727,4.469
558014,520,421,941,245,3,117,4.40,0.9970,0.5647,0.207654,54,0,15,10.88,1.0000,0.1105,0.008189,4.428
558025,520,414,934,234,72,1,37.41,0.9987,0.5679,0.221324,38,24,7,69.80,0.6049,0.1201,0.010807,4.462
558042,520,320,840,236,69,246,325.54,0.9662,0.6467,0.287453,6,42,106,261.03,0.9370,0.2056,0.027351,4.363
558054,520,449,969,210,20,201,330.69,0.9687,0.5416,0.184210,5,18,6,146.07,0.7240,0.0700,0.004780,4.275
558083,520,338,858,249,14,251,327.90,0.9968,0.6425,0.274218,65,33,51,346.20,0.4342,0.1959,0.024507,4.352
558084,520,470,990,188,13,230,317.46,0.9866,0.5231,0.166937,7,5,8,315.56,0.1934,0.0403,0.001712,4.195
558097,520,422,942,230,37,157,349.19,0.9237,0.5619,0.205832,15,27,21,162.14,0.3328,0.1067,0.009395,4.307
558098,520,330,850,240,111,57,41.66,0.8850,0.6379,0.301924,69,40,42,15.39,0.3479,0.2137,0.029501,4.427
558099,520,403,923,233,14,199,336.89,0.9875,0.5806,0.217640,33,24,50,298.44,0.4593,0.1308,0.012069,4.312
558112,520,429,949,210,58,181,336.84,0.8372,0.5535,0.200660,20,7,62,284.28,0.8842,0.0968,0.006485,4.438
558116,520,466,986,229,26,62,20.65,0.9708,0.5247,0.177476,24,2,0,36.15,1.0000,0.0514,0.002376,4.343
558118,520,477,997,152,56,242,302.05,0.9309,0.5061,0.159150,2,2,6,282.35,0.4201,0.0250,0.000695,4.126
558137,520,435,955,219,29,184,337.85,0.9442,0.5511,0.194018,26,0,55,298.45,1.0000,0.0853,0.004955,4.440
558145,520,443,963,171,77,221,311.64,0.8155,0.5398,0.191869,8,17,24,242.33,0.3554,0.0757,0.005185,4.383
558165,520,420,940,229,50,133,358.24,0.8774,0.5590,0.206354,5,14,72,267.09,0.9471,0.1081,0.008142,4.409
558183,520,406,926,221,76,150,352.49,0.7740,0.5772,0.227454,15,34,23,157.14,0.5169,0.1285,0.013074,4.399
558202,520,362,882,234,29,232,328.75,0.9825,0.6080,0.241999,55,31,52,331.40,0.4088,0.1768,0.020402,4.148
558232,520,390,910,224,67,185,339.58,0.8500,0.5887,0.233667,38,26,65,295.05,0.5754,0.1519,0.015325,4.342
558235,520,442,962,201,42,204,327.31,0.9086,0.5390,0.184348,25,10,26,324.81,0.4845,0.0783,0.004984,4.262
558245,520,395,915,254,26,120,5.56,0.9920,0.5900,0.231694,40,23,47,315.55,0.4576,0.1357,0.012692,4.493
558248,520,378,898,212,97,169,344.21,0.6821,0.5994,0.254129,11,38,68,253.44,0.7135,0.1628,0.018746,4.424
558259,520,411,931,250,22,56,23.16,0.9875,0.5665,0.211870,41,0,67,306.64,1.0000,0.1192,0.008767,4.456
558264,520,283,803,231,132,168,357.51,0.6687,0.6861,0.363207,44,64,48,150.24,0.3404,0.2516,0.044156,4.389
558267,520,393,913,248,1,176,346.55,0.9992,0.5941,0.231161,8,27,78,264.49,0.8814,0.1423,0.013855,4.403
558272,520,455,975,220,43,108,5.38,0.8830,0.5274,0.180287,18,4,24,315.47,0.6653,0.0570,0.002814,4.360
558274,520,443,963,238,1,76,16.30,0.9991,0.5390,0.187239,7,10,51,271.67,0.8799,0.0800,0.005012,4.312
558277,520,410,930,224,59,156,349.30,0.8423,0.5669,0.213780,14,23,76,269.70,0.8553,0.1344,0.012279,4.235
558287,520,439,959,239,16,116,4.06,0.9801,0.5549,0.199855,27,15,24,336.05,0.3207,0.0895,0.006406,4.430
558289,520,457,977,204,1,203,328.62,0.9984,0.5274,0.171728,11,5,40,283.98,0.8218,0.0636,0.003329,4.158
558304,520,233,753,217,149,252,313.47,0.9514,0.7371,0.432759,59,74,12,122.68,0.8830,0.2889,0.058539,4.448
558305,520,447,967,210,20,193,332.90,0.9639,0.5364,0.180543,8,2,65,272.62,0.9868,0.0829,0.004767,4.210
558311,520,445,965,193,62,205,324.30,0.8407,0.5437,0.191919,25,9,38,306.96,0.6511,0.0840,0.005420,4.365
558317,520,469,989,200,6,198,328.89,0.9888,0.5178,0.164886,5,4,24,280.94,0.7119,0.0438,0.001850,4.144
558323,520,414,934,157,92,251,298.42,0.9504,0.5668,0.217877,20,30,5,127.70,0.7833,0.1157,0.010882,4.400
558330,520,468,988,204,10,190,332.17,0.9801,0.5206,0.167741,1,6,17,253.94,0.7249,0.0407,0.001772,4.206
558338,520,361,881,214,123,16,60.87,0.9497,0.6153,0.285015,12,51,13,143.58,0.9524,0.1813,0.024748,4.482
558348,520,358,878,233,88,157,353.99,0.7960,0.6158,0.267400,62,31,29,24.52,0.4421,0.1786,0.020929,4.475
558359,520,372,892,238,56,190,341.17,0.9170,0.6060,0.247260,78,11,6,29.61,0.9277,0.1744,0.018725,4.325
558373,520,458,978,174,53,240,309.86,0.9258,0.5323,0.178370,2,11,25,253.13,0.6981,0.0575,0.003224,4.291
558374,520,367,887,243,57,176,346.75,0.9139,0.6089,0.251186,63,13,69,323.22,0.7712,0.1720,0.017744,4.446
558377,520,477,997,180,28,221,317.03,0.9538,0.5082,0.157555,0,0,16,264.05,1.0000,0.0204,0.000374,4.120
558380,520,377,897,252,38,153,355.13,0.9745,0.6031,0.243851,49,31,40,348.05,0.2854,0.1623,0.017862,4.330
558381,520,392,912,237,79,56,31.18,0.9083,0.5857,0.238850,33,25,77,284.99,0.6984,0.1547,0.015544,4.407
558398,520,350,870,234,81,195,339.42,0.8600,0.6260,0.273199,32,49,10,129.91,0.8408,0.1861,0.025256,4.295
558425,520,424,944,174,84,228,310.36,0.8268,0.5588,0.209415,3,19,64,263.55,0.9277,0.1078,0.008552,4.431
558429,520,399,919,210,62,219,325.49,0.8946,0.5805,0.222632,51,20,43,338.09,0.5412,0.1443,0.013786,4.274
558438,520,411,931,239,41,121,3.71,0.9287,0.5678,0.213202,19,29,31,211.27,0.2163,0.1193,0.011161,4.303
558440,520,450,970,205,29,202,329.07,0.9455,0.5370,0.181240,12,13,19,277.46,0.1889,0.0669,0.004130,4.272
558448,520,409,929,215,84,141,356.17,0.7173,0.5737,0.227130,2,37,4,143.94,0.9887,0.1278,0.013448,4.368
558461,520,425,945,227,34,177,341.99,0.9375,0.5645,0.206519,45,13,23,3.22,0.5875,0.1133,0.009077,4.342
558466,520,449,969,221,39,149,349.95,0.8952,0.5423,0.189956,2,11,45,264.25,0.9057,0.0725,0.004417,4.410
558499,520,461,981,190,7,237,316.48,0.9940,0.5309,0.172149,16,2,25,311.46,0.7842,0.0508,0.002238,4.253
558507,520,387,907,222,96,83,28.26,0.7696,0.5871,0.245223,3,42,5,143.74,0.9865,0.1456,0.016862,4.415
558536,520,397,917,182,75,251,308.63,0.9674,0.5757,0.219431,12,28,71,265.22,0.7926,0.1397,0.013635,4.234
558537,520,346,866,241,60,226,331.83,0.9497,0.6346,0.274262,52,33,68,307.82,0.4916,0.1865,0.022352,4.482
558562,520,467,987,208,1,187,334.06,0.9979,0.5240,0.170215,12,3,5,2.00,0.4562,0.0391,0.001543,4.272
558564,520,439,959,218,12,188,336.33,0.9817,0.5457,0.188015,1,22,35,236.94,0.8793,0.0902,0.007016,4.175
558569,520,419,939,205,70,181,335.64,0.7877,0.5576,0.206975,0,9,81,264.12,0.9832,0.1090,0.007894,4.439
558571,520,390,910,242,50,156,352.76,0.9162,0.5928,0.235619,16,42,12,141.08,0.8873,0.1525,0.017926,4.205
558578,520,442,962,228,44,88,14.11,0.9144,0.5386,0.190028,30,9,23,341.72,0.5307,0.0822,0.005333,4.338
558581,520,446,966,237,4,76,16.29,0.9963,0.5375,0.186164,10,17,31,263.34,0.4258,0.0808,0.005643,4.244
558607,520,351,871,230,72,223,329.81,0.9135,0.6253,0.267878,80,5,55,346.40,0.8490,0.1888,0.020901,4.483
558633,520,313,833,246,106,136,9.40,0.8562,0.6556,0.316814,42,48,81,274.74,0.4211,0.2201,0.032002,4.473
558638,520,425,945,219,7,204,332.18,0.9920,0.5565,0.195740,27,15,60,290.10,0.7288,0.1142,0.009009,4.164
558644,520,355,875,238,64,198,338.96,0.9092,0.6170,0.259239,12,19,123,267.43,0.9763,0.1843,0.019738,4.434
558647,520,451,971,195,57,196,327.67,0.8400,0.5360,0.185155,22,9,26,317.91,0.5000,0.0727,0.004405,4.322
558651,520,444,964,234,40,39,27.59,0.9637,0.5401,0.191596,13,16,27,272.10,0.3110,0.0784,0.005353,4.365
558652,520,384,904,240,5,201,337.92,0.9965,0.5930,0.228538,32,37,19,121.39,0.4118,0.1504,0.016772,4.171
558657,520,480,1000,187,23,216,320.42,0.9625,0.5135,0.161368,0,0,0,0.00,0.0000,0.0000,0.000000,4.227
558671,520,379,899,239,10,208,335.87,0.9936,0.5962,0.231247,43,34,26,63.41,0.2237,0.1565,0.017323,4.178
558674,520,344,864,239,57,222,332.38,0.9478,0.6265,0.265536,74,21,39,2.85,0.6629,0.1860,0.021389,4.420
558679,520,397,917,216,61,205,331.10,0.8812,0.5806,0.223463,16,29,65,266.29,0.6714,0.1390,0.013705,4.293
558686,520,412,932,237,41,140,356.67,0.9233,0.5707,0.214869,39,2,71,301.66,0.9530,0.1228,0.009297,4.467
558701,520,328,848,243,68,232,330.77,0.9505,0.6483,0.290178,1,57,44,171.78,0.9876,0.2061,0.031144,4.192
558708,520,429,949,210,48,184,335.71,0.8735,0.5465,0.192783,35,15,17,14.24,0.4190,0.0982,0.007395,4.230
558718,520,464,984,144,71,248,296.86,0.9478,0.5189,0.172132,11,6,10,332.62,0.2478,0.0473,0.002233,4.253
558720,520,369,889,231,2,245,325.17,0.9992,0.6051,0.236273,42,13,103,287.86,0.9087,0.1743,0.017593,4.235
558721,520,449,969,238,11,40,25.34,0.9938,0.5359,0.185730,0,1,57,264.16,0.9965,0.0651,0.003171,4.433
558723,520,363,883,245,66,158,353.83,0.9083,0.6126,0.257807,7,36,82,259.57,0.8686,0.1677,0.019160,4.451
558738,520,478,998,133,86,227,294.49,0.8113,0.5100,0.171882,4,1,1,21.00,0.4725,0.0215,0.000497,4.394
558746,520,391,911,203,94,195,330.31,0.7257,0.5940,0.246436,49,30,13,61.17,0.5462,0.1518,0.016106,4.484
558747,520,324,844,242,55,254,325.36,0.9965,0.6505,0.287680,77,35,37,18.41,0.5028,0.2149,0.029136,4.267
558753,520,386,906,235,39,199,337.53,0.9528,0.5940,0.232395,59,15,44,343.74,0.6707,0.1511,0.014534,4.376
558767,520,368,888,245,53,179,346.08,0.9286,0.6109,0.252165,80,4,3,28.75,0.9741,0.1720,0.017992,4.444
558770,520,431,951,222,28,175,341.30,0.9446,0.5512,0.194577,5,2,77,268.21,0.9941,0.0966,0.006115,4.359
558775,520,439,959,234,37,112,5.74,0.9310,0.5526,0.199884,10,19,34,260.20,0.4582,0.0875,0.006457,4.426
558776,520,292,812,250,122,79,38.93,0.9374,0.6754,0.348106,22,66,36,151.16,0.8457,0.2410,0.041942,4.330
558795,520,380,900,184,101,228,312.40,0.7924,0.5979,0.251000,50,28,45,335.51,0.3872,0.1594,0.016981,4.494
558801,520,329,849,233,66,255,322.74,1.0000,0.6453,0.284423,5,34,122,264.15,0.9503,0.2054,0.025813,4.411
558803,520,455,975,208,39,165,341.17,0.8778,0.5257,0.175797,18,4,24,315.47,0.6653,0.0570,0.002814,4.275
558813,520,478,998,194,81,17,43.99,0.9302,0.5062,0.173965,0,0,19,264.05,1.0000,0.0228,0.000470,4.438
558816,520,474,994,134,82,248,292.05,0.9383,0.5228,0.178802,2,5,1,135.76,0.7113,0.0323,0.001236,4.466
558821,520,439,959,205,71,170,339.69,0.7671,0.5529,0.203898,19,14,47,285.75,0.6535,0.0929,0.006577,4.488
558828,520,363,883,231,20,242,325.77,0.9910,0.6067,0.239025,23,13,111,273.41,0.9677,0.1667,0.016176,4.368
558834,520,37,557,241,246,192,112.02,0.7894,0.9489,0.884182,4,129,54,148.93,0.9967,0.4521,0.159920,4.450
558837,520,416,936,232,26,173,344.24,0.9604,0.5682,0.209145,36,12,59,303.40,0.7505,0.1197,0.009538,4.353
558842,520,434,954,180,82,206,318.70,0.7603,0.5491,0.201952,8,28,3,138.67,0.9476,0.1010,0.008887,4.279
558843,520,401,921,245,61,1,34.45,0.9991,0.5777,0.227556,36,18,70,294.38,0.7338,0.1388,0.012499,4.441
558855,520,418,938,241,47,20,31.11,0.9814,0.5583,0.207876,18,1,91,274.84,0.9960,0.1229,0.009056,4.367
558861,520,386,906,225,30,225,328.27,0.9744,0.5881,0.223747,11,42,12,143.91,0.9268,0.1500,0.017536,4.053
558866,520,379,899,245,78,35,34.81,0.9567,0.5975,0.249859,38,38,1,109.70,0.9579,0.1569,0.018005,4.409
558883,520,366,886,255,72,20,34.73,1.0000,0.6090,0.259489,33,31,81,280.57,0.6562,0.1708,0.018973,4.487
558885,520,318,838,221,114,212,330.47,0.7714,0.6602,0.321620,7,57,67,214.96,0.8518,0.2183,0.033765,4.436
558892,520,447,967,187,56,220,318.54,0.8849,0.5389,0.185617,23,15,16,10.16,0.1892,0.0814,0.005612,4.237
558904,520,401,921,243,70,20,34.97,0.9793,0.5836,0.234888,31,28,55,287.14,0.4467,0.1413,0.013976,4.453
558925,520,376,896,252,38,149,356.41,0.9743,0.6016,0.242551,66,14,43,350.28,0.7133,0.1627,0.016469,4.401
558930,520,338,858,238,67,227,330.83,0.9381,0.6362,0.277401,16,42,95,262.42,0.8120,0.1984,0.025922,4.312
558931,520,394,914,196,78,240,315.34,0.9080,0.5907,0.234771,18,38,24,152.48,0.5343,0.1433,0.015807,4.327
558938,520,467,987,227,31,44,25.45,0.9693,0.5205,0.174956,1,5,16,257.09,0.7210,0.0375,0.001524,4.366
558945,520,389,909,221,78,168,345.45,0.7841,0.5875,0.236504,41,28,43,321.94,0.3097,0.1458,0.014764,4.424
558952,520,352,872,186,115,217,314.84,0.6956,0.6174,0.277112,46,45,33,103.63,0.2133,0.1923,0.025674,4.323
558966,520,424,944,232,4,159,348.26,0.9940,0.5552,0.197487,10,29,32,208.85,0.4857,0.1139,0.010475,4.092
558968,520,405,925,214,21,238,322.50,0.9857,0.5752,0.210075,6,6,99,267.04,0.9904,0.1332,0.010697,4.285
558979,520,399,919,227,39,201,335.03,0.9447,0.5808,0.220015,62,2,30,358.90,0.8961,0.1355,0.011615,4.382
558983,520,360,880,242,56,206,337.45,0.9390,0.6217,0.261647,46,37,57,304.69,0.3070,0.1812,0.021994,4.329
558985,520,416,936,243,48,56,25.22,0.9536,0.5662,0.214575,44,8,48,323.59,0.7480,0.1179,0.009226,4.467
558991,520,354,874,235,68,200,337.71,0.8971,0.6166,0.259692,15,49,19,145.72,0.8982,0.1767,0.023451,4.216
558993,520,383,903,225,36,242,324.19,0.9764,0.6027,0.236823,26,36,40,224.30,0.1943,0.1492,0.016345,4.323
559001,520,403,923,239,13,182,342.99,0.9877,0.5821,0.220190,9,26,68,264.26,0.8248,0.1307,0.012142,4.348
559009,520,379,899,238,32,210,335.20,0.9725,0.6024,0.238661,5,44,25,157.38,0.9324,0.1572,0.019037,4.181
559017,520,453,973,215,54,108,5.84,0.8313,0.5269,0.181705,4,10,48,267.99,0.8997,0.0750,0.004563,4.247
559028,520,248,768,254,110,247,329.50,0.9959,0.7211,0.389408,1,80,34,150.34,0.9977,0.2827,0.058590,4.046
559048,520,459,979,174,68,224,312.65,0.8521,0.5350,0.185156,5,5,44,272.79,0.9209,0.0625,0.003226,4.418
559050,520,385,905,244,71,17,35.40,0.9834,0.5865,0.237834,47,24,43,333.55,0.4354,0.1455,0.014321,4.475
559051,520,313,833,240,74,247,326.23,0.9705,0.6583,0.301407,60,49,39,64.13,0.2123,0.2220,0.033038,4.232
559077,520,386,906,235,79,93,19.26,0.8540,0.5882,0.240474,27,37,31,158.47,0.2147,0.1493,0.016551,4.365
559130,520,417,937,251,4,76,17.65,0.9976,0.5672,0.211216,45,14,25,0.20,0.5657,0.1156,0.009422,4.396
559133,520,415,935,251,34,12,30.22,0.9922,0.5705,0.216835,35,21,47,307.61,0.4886,0.1249,0.010989,4.375
559145,520,328,848,255,26,237,332.34,1.0000,0.6469,0.281164,78,7,92,319.88,0.8820,0.2124,0.025446,4.389
559156,520,430,950,221,72,48,31.80,0.8926,0.5458,0.202229,20,9,65,282.38,0.8757,0.1029,0.007257,4.405
559188,520,360,880,211,108,176,341.83,0.6435,0.6186,0.277103,35,45,21,127.46,0.5076,0.1779,0.022882,4.488
559191,520,431,951,225,51,129,359.03,0.8630,0.5506,0.199628,17,25,17,144.80,0.2892,0.1012,0.008549,4.264
559193,520,261,781,236,138,176,355.88,0.7039,0.7069,0.391466,43,68,57,165.15,0.3464,0.2662,0.049431,4.440
559201,520,454,974,233,9,72,17.23,0.9913,0.5293,0.179900,6,14,25,255.09,0.4509,0.0675,0.004230,4.239
559205,520,361,881,245,67,182,345.75,0.9208,0.6240,0.268072,31,47,5,128.36,0.9125,0.1783,0.023353,4.336
559206,520,457,977,183,7,250,311.70,0.9954,0.5310,0.171225,14,0,43,290.71,1.0000,0.0592,0.002678,4.200
559207,520,384,904,202,74,240,317.40,0.9172,0.5949,0.237468,46,21,58,313.54,0.6024,0.1475,0.014227,4.476
559222,520,369,889,244,34,206,337.65,0.9726,0.6118,0.248364,78,1,30,6.92,0.9693,0.1700,0.017354,4.430
559230,520,320,840,248,71,208,338.60,0.9554,0.6459,0.290200,35,48,72,262.16,0.3814,0.2083,0.029390,4.285
559231,520,464,984,171,63,217,313.70,0.8463,0.5194,0.172236,8,7,8,325.76,0.0624,0.0462,0.002211,4.256
559235,520,452,972,192,80,147,346.19,0.6641,0.5320,0.190520,30,6,0,44.33,1.0000,0.0695,0.004063,4.449
559239,520,371,891,217,81,221,326.62,0.8688,0.6132,0.258589,35,43,10,121.58,0.7322,0.1699,0.021070,4.342
559240,520,444,964,213,2,200,331.75,0.9971,0.5419,0.183618,1,4,60,265.43,0.9847,0.0751,0.004195,4.311
559254,520,402,922,220,15,238,324.05,0.9916,0.5836,0.217325,30,26,45,293.01,0.3514,0.1289,0.012043,4.309
559263,520,287,807,228,119,236,324.74,0.8855,0.6908,0.357456,10,62,80,226.76,0.8237,0.2422,0.040888,4.483
559274,520,79,599,250,216,250,326.04,0.9210,0.9076,0.763387,9,118,25,144.04,0.9945,0.4125,0.130846,4.498
559293,520,434,954,220,71,70,24.88,0.8463,0.5459,0.201669,5,22,49,258.59,0.7606,0.1024,0.008278,4.318
559296,520,472,992,215,56,61,24.16,0.8873,0.5177,0.176148,5,2,12,300.16,0.6146,0.0316,0.001022,4.432
559300,520,463,983,228,22,96,9.42,0.9637,0.5283,0.179152,18,3,12,343.10,0.6075,0.0490,0.002203,4.390
559301,520,387,907,232,35,197,337.33,0.9553,0.5853,0.223918,60,21,26,14.61,0.5826,0.1548,0.015717,4.168
559316,520,125,645,234,205,213,359.28,0.3882,0.8543,0.659600,7,109,29,145.10,0.9945,0.3823,0.110707,4.415
559321,520,474,994,216,44,102,7.14,0.8732,0.5183,0.173621,3,1,17,285.54,0.8543,0.0289,0.000815,4.401
559334,520,422,942,232,34,146,353.21,0.9325,0.5593,0.203781,5,27,33,218.23,0.6665,0.1058,0.009259,4.283
559351,520,410,930,201,87,165,341.49,0.6831,0.5652,0.219522,57,13,0,39.63,1.0000,0.1310,0.011579,4.377
559352,520,355,875,236,101,76,32.37,0.8560,0.6176,0.276648,14,46,59,228.19,0.6413,0.1817,0.023630,4.436
559375,520,414,934,215,27,222,326.51,0.9717,0.5674,0.205069,6,20,75,266.06,0.9212,0.1231,0.010470,4.218
559379,520,443,963,135,94,240,291.80,0.8604,0.5364,0.194475,13,13,38,279.92,0.5908,0.0788,0.005133,4.434
559381,520,434,954,237,39,47,25.96,0.9642,0.5465,0.196640,9,28,11,146.09,0.7555,0.1032,0.009127,4.171
559403,520,430,950,242,39,5,31.24,0.9959,0.5543,0.203426,37,14,25,351.49,0.4788,0.1023,0.007776,4.386
559408,520,338,858,230,69,249,323.28,0.9744,0.6391,0.279210,78,12,73,331.54,0.7944,0.2016,0.023639,4.471
559413,520,476,996,125,86,232,290.54,0.8397,0.5055,0.168416,1,0,11,279.92,1.0000,0.0185,0.000306,4.342
559416,520,399,919,233,35,190,339.56,0.9520,0.5832,0.222461,48,20,47,328.61,0.5480,0.1416,0.013340,4.302
559436,520,455,975,226,49,65,22.21,0.9207,0.5339,0.187499,15,9,18,314.18,0.3158,0.0609,0.003406,4.447
559449,520,389,909,221,30,243,323.03,0.9811,0.5940,0.227739,55,16,50,332.99,0.6576,0.1486,0.014132,4.331
559451,520,428,948,225,4,196,335.79,0.9954,0.5619,0.200824,12,18,48,271.34,0.6583,0.0963,0.007241,4.382
559452,520,337,857,254,66,181,348.03,0.9901,0.6386,0.283068,7,40,108,262.30,0.9363,0.2032,0.026453,4.357
559467,520,395,915,254,11,130,1.90,0.9922,0.5889,0.229256,26,14,91,278.87,0.9161,0.1448,0.012890,4.440
559487,520,413,933,241,22,153,352.38,0.9722,0.5747,0.215777,52,8,32,351.31,0.7309,0.1231,0.010081,4.424
559490,520,415,935,226,82,47,34.77,0.8939,0.5682,0.224113,18,30,17,142.63,0.4363,0.1166,0.010976,4.495
559507,520,358,878,234,89,148,358.18,0.7950,0.6154,0.267780,0,34,102,261.41,1.0000,0.1806,0.021032,4.474
559513,520,441,961,164,97,187,316.96,0.6088,0.5388,0.200304,37,8,1,40.54,0.8958,0.0853,0.005692,4.494
559521,520,430,950,215,79,63,29.68,0.8252,0.5459,0.204003,14,22,42,266.29,0.4842,0.1028,0.008343,4.354
559527,520,424,944,203,28,239,319.31,0.9754,0.5603,0.197606,50,4,14,13.22,0.8419,0.1073,0.007968,4.271
559536,520,458,978,229,38,67,20.35,0.9467,0.5322,0.184524,3,11,29,260.46,0.6912,0.0608,0.003474,4.386
559564,520,469,989,222,2,122,358.47,0.9955,0.5188,0.169809,16,0,9,343.53,1.0000,0.0376,0.001299,4.285
559573,520,470,990,206,70,95,13.26,0.7556,0.5240,0.183305,12,5,2,55.48,0.4801,0.0431,0.001911,4.494
559575,520,419,939,238,49,69,21.75,0.9375,0.5588,0.208066,49,10,16,15.17,0.7065,0.1141,0.009076,4.368
559578,520,408,928,212,34,223,325.42,0.9595,0.5662,0.204708,8,34,30,181.64,0.6598,0.1273,0.012894,4.050
559584,520,458,978,200,72,126,357.54,0.7125,0.5258,0.184223,8,2,45,279.05,0.9537,0.0600,0.002845,4.432
559588,520,439,959,231,28,138,355.49,0.9456,0.5511,0.196573,4,14,54,266.02,0.8978,0.0882,0.006062,4.398
559598,520,464,984,136,83,239,294.07,0.8774,0.5186,0.176528,7,7,8,286.03,0.0499,0.0453,0.002147,4.344
559608,520,466,986,164,60,238,306.61,0.9095,0.5231,0.172979,0,11,17,224.87,1.0000,0.0516,0.002798,4.223
559626,520,350,870,249,14,238,330.81,0.9959,0.6338,0.266299,0,27,121,263.68,1.0016,0.1895,0.021642,4.415
559628,520,266,786,254,126,160,4.88,0.9663,0.7070,0.385335,49,62,81,257.78,0.2724,0.2642,0.046922,4.492
559641,520,441,961,182,46,237,313.32,0.9354,0.5360,0.180146,36,5,26,342.72,0.7096,0.0866,0.005582,4.141
559645,520,442,962,222,61,91,14.91,0.8468,0.5427,0.196250,1,17,45,257.63,0.9248,0.0846,0.005968,4.400
559661,520,432,952,236,20,103,8.13,0.9732,0.5460,0.193156,19,24,23,182.09,0.1113,0.1021,0.008536,4.154
559664,520,425,945,200,15,252,315.84,0.9918,0.5615,0.196508,36,22,11,58.43,0.4465,0.1132,0.009731,4.127
559705,520,466,986,190,35,214,321.59,0.9329,0.5231,0.170057,18,2,22,320.35,0.7570,0.0515,0.002300,4.208
559717,520,426,946,167,92,227,307.11,0.7970,0.5608,0.214164,29,17,52,296.21,0.6211,0.1132,0.009100,4.470
559738,520,470,990,183,39,218,318.39,0.9240,0.5172,0.165815,7,4,10,309.61,0.3525,0.0385,0.001539,4.187
559746,520,444,964,235,36,53,24.22,0.9643,0.5413,0.191841,5,7,60,269.44,0.9565,0.0831,0.005104,4.389
559759,520,399,919,245,16,148,354.64,0.9834,0.5787,0.219245,52,18,31,358.30,0.5538,0.1369,0.012617,4.300
559765,520,381,901,245,68,119,8.38,0.9077,0.6010,0.248819,45,32,34,8.30,0.1952,0.1567,0.017065,4.456
559775,520,480,1000,188,29,203,324.01,0.9341,0.5081,0.158834,0,0,0,0.00,0.0000,0.0000,0.000000,4.177
559782,520,397,917,228,86,32,38.87,0.9338,0.5762,0.232566,14,35,37,203.59,0.4646,0.1364,0.014289,4.395
559784,520,460,980,236,2,11,28.58,0.9990,0.5277,0.179037,2,4,50,267.37,0.9724,0.0643,0.003300,4.297
559817,520,369,889,217,96,175,343.01,0.7152,0.6085,0.262146,52,35,10,73.99,0.6657,0.1682,0.019541,4.489
559836,520,280,800,241,106,232,330.19,0.9308,0.6882,0.348374,34,64,64,195.63,0.4074,0.2505,0.043769,4.248
559846,520,326,846,214,116,201,332.25,0.6942,0.6480,0.310056,25,57,36,153.32,0.6454,0.2126,0.032602,4.359
559869,520,480,1000,196,66,134,351.76,0.7305,0.5143,0.173552,0,0,0,0.00,0.0000,0.0000,0.000000,4.471
559877,520,449,969,230,3,138,354.63,0.9948,0.5417,0.187260,19,0,50,292.87,1.0000,0.0716,0.003687,4.419
559878,520,411,931,245,49,61,24.23,0.9533,0.5717,0.219495,14,34,3,135.74,0.9508,0.1236,0.012440,4.316
559880,520,464,984,224,45,47,26.39,0.9422,0.5240,0.179321,3,8,22,262.20,0.6003,0.0501,0.002509,4.367
559884,520,426,946,213,63,172,340.90,0.8156,0.5588,0.206818,8,22,54,263.75,0.7456,0.1082,0.008917,4.359
559912,520,339,859,209,100,248,316.17,0.9428,0.6434,0.294483,27,54,23,141.19,0.7503,0.2008,0.029331,4.342
559916,520,423,943,205,35,236,320.42,0.9645,0.5646,0.202390,55,1,16,10.86,0.9521,0.1143,0.008715,4.299
559918,520,373,893,234,55,188,340.80,0.9088,0.5970,0.238583,12,41,56,234.49,0.6434,0.1638,0.019495,4.153
559921,520,471,991,218,61,0,36.16,1.0000,0.5240,0.182455,10,4,12,319.12,0.4332,0.0423,0.001779,4.489
559927,520,430,950,192,63,211,322.25,0.8502,0.5473,0.194660,25,6,61,290.99,0.8731,0.0995,0.006738,4.312
559946,520,310,830,246,58,249,327.42,0.9811,0.6559,0.294612,77,34,65,339.04,0.5360,0.2245,0.031037,4.253
559952,520,313,833,253,88,189,346.56,0.9775,0.6630,0.315394,31,58,30,143.29,0.6459,0.2180,0.034111,4.344
559953,520,293,813,254,101,179,351.66,0.9833,0.6767,0.336360,56,53,63,299.14,0.1305,0.2372,0.037458,4.418
559955,520,447,967,193,68,184,330.79,0.7770,0.5371,0.189339,19,14,29,298.56,0.3842,0.0806,0.005412,4.319
559970,520,442,962,191,22,239,316.13,0.9799,0.5383,0.178835,38,5,4,27.19,0.8317,0.0828,0.005294,4.138
559984,520,457,977,214,3,177,338.51,0.9938,0.5296,0.175379,25,2,7,6.66,0.7603,0.0552,0.002655,4.280
560006,520,410,930,231,38,164,347.15,0.9262,0.5677,0.210583,12,34,38,210.90,0.5116,0.1328,0.013621,4.096
560033,520,467,987,225,37,0,31.73,1.0000,0.5172,0.173336,9,4,1,66.32,0.5929,0.0371,0.001471,4.339
560039,520,37,557,255,248,10,107.62,1.0000,0.9460,0.884177,19,129,47,146.56,0.9850,0.4530,0.160435,4.439
560040,520,417,937,208,78,179,337.52,0.7632,0.5712,0.221152,23,25,40,277.82,0.3101,0.1165,0.010306,4.496
560061,520,382,902,215,111,92,31.69,0.6679,0.6026,0.265907,0,47,4,144.08,1.0000,0.1618,0.020417,4.486
560076,520,392,912,226,66,179,342.07,0.8499,0.5881,0.233223,39,21,71,295.92,0.6948,0.1485,0.014226,4.410
560083,520,324,844,255,33,231,333.76,1.0000,0.6458,0.281205,22,22,137,269.71,0.9709,0.2118,0.025503,4.387
560106,520,467,987,182,71,173,330.98,0.7254,0.5165,0.174700,0,2,30,263.91,1.0030,0.0382,0.001371,4.374
560111,520,355,875,244,68,167,350.63,0.9036,0.6164,0.261604,45,28,84,293.15,0.6788,0.1801,0.020285,4.433
560145,520,364,884,248,42,173,348.18,0.9508,0.6063,0.246328,51,2,101,296.94,0.9788,0.1735,0.016868,4.432
560156,520,434,954,207,67,171,339.73,0.7872,0.5522,0.202219,18,7,68,279.91,0.9218,0.1016,0.006979,4.427
560164,520,459,979,208,14,184,334.95,0.9713,0.5251,0.171867,2,14,4,149.23,0.8823,0.0563,0.003357,4.158
560186,520,400,920,227,72,145,355.46,0.8052,0.5811,0.230125,39,25,50,308.91,0.4453,0.1404,0.013569,4.407
560196,520,435,955,199,21,236,319.02,0.9814,0.5486,0.187361,22,3,60,289.11,0.9328,0.0906,0.005619,4.268
560209,520,445,965,202,23,212,325.64,0.9656,0.5361,0.179246,23,15,20,340.97,0.2178,0.0829,0.005743,4.113
560248,520,445,965,217,68,73,22.91,0.8388,0.5371,0.193695,22,12,24,320.74,0.3703,0.0773,0.004995,4.431
560253,520,432,952,199,87,129,358.96,0.6384,0.5467,0.205452,25,11,52,294.05,0.7363,0.0982,0.006940,4.486
560287,520,472,992,211,25,156,344.64,0.9272,0.5188,0.169467,8,1,16,308.30,0.7947,0.0342,0.001107,4.294
560296,520,341,861,244,95,107,18.65,0.8795,0.6287,0.284821,48,46,37,96.85,0.1540,0.1986,0.027160,4.339
560307,520,425,945,192,63,230,317.29,0.8933,0.5609,0.204759,47,9,23,1.48,0.6852,0.1111,0.008617,4.346
560319,520,352,872,247,96,12,42.01,0.9883,0.6239,0.281697,31,51,12,132.37,0.8438,0.1920,0.026855,4.316
560322,520,412,932,252,28,39,26.80,0.9885,0.5712,0.216762,46,17,0,51.76,1.0000,0.1166,0.009818,4.460
560336,520,473,993,197,43,182,332.64,0.8654,0.5184,0.169772,6,0,24,292.42,1.0000,0.0345,0.001047,4.305
560339,520,443,963,186,87,166,335.70,0.6435,0.5421,0.200100,6,18,29,246.68,0.5094,0.0795,0.005600,4.498
560362,520,468,988,225,9,92,9.80,0.9859,0.5170,0.169785,16,3,2,30.29,0.6386,0.0428,0.001797,4.243
560371,520,341,861,165,128,240,297.13,0.7851,0.6314,0.297291,32,52,20,135.03,0.6955,0.1973,0.028135,4.445
560379,520,452,972,173,89,169,329.04,0.6095,0.5273,0.188946,0,14,33,251.06,1.0000,0.0678,0.004239,4.405
560384,520,447,967,184,62,220,317.33,0.8660,0.5402,0.188041,2,21,15,171.29,0.8482,0.0789,0.005837,4.263
560392,520,420,940,150,90,254,295.69,0.9870,0.5581,0.209522,6,15,72,267.55,0.9384,0.1104,0.008482,4.438
560395,520,475,995,191,31,207,323.78,0.9352,0.5172,0.165628,2,4,8,255.89,0.3739,0.0323,0.001173,4.214
560413,520,480,1000,177,31,222,315.81,0.9471,0.5058,0.156021,0,0,0,0.00,0.0000,0.0000,0.000000,4.120
560416,520,458,978,179,52,228,314.23,0.9057,0.5290,0.176422,4,4,47,271.01,0.9546,0.0628,0.003179,4.258
560425,520,407,927,246,54,1,33.28,0.9992,0.5734,0.222368,2,32,58,248.46,0.8790,0.1346,0.013513,4.288
560427,520,391,911,253,36,95,13.92,0.9860,0.5859,0.229743,60,8,53,334.26,0.7792,0.1501,0.013915,4.377
560470,520,397,917,253,4,112,7.25,0.9970,0.5799,0.221430,31,34,16,116.56,0.4357,0.1400,0.014728,4.193
560478,520,442,962,164,84,215,309.85,0.7686,0.5358,0.191401,0,22,22,194.77,1.0000,0.0830,0.006317,4.286
560516,520,455,975,223,47,74,18.82,0.9099,0.5278,0.182182,17,5,23,313.96,0.6012,0.0573,0.002896,4.389
560524,520,418,938,220,26,197,334.35,0.9612,0.5594,0.199880,50,0,49,329.27,1.0000,0.1191,0.009000,4.235
560537,520,386,906,245,0,183,343.92,1.0000,0.5916,0.228346,51,11,65,315.65,0.7800,0.1462,0.013249,4.401
560540,520,480,1000,191,33,200,325.65,0.9200,0.5133,0.163358,0,0,0,0.00,0.0000,0.0000,0.000000,4.267
560542,520,459,979,189,57,203,323.74,0.8469,0.5308,0.180583,16,1,37,298.30,0.9295,0.0578,0.002654,4.379
560552,520,406,926,254,31,54,24.35,0.9954,0.5783,0.223209,20,34,19,142.84,0.4724,0.1308,0.013398,4.309
560569,520,479,999,210,40,114,0.80,0.8650,0.5073,0.164364,1,0,3,302.89,1.0000,0.0124,0.000130,4.276
560571,520,372,892,227,45,247,323.43,0.9712,0.6146,0.249253,29,39,64,266.68,0.4198,0.1736,0.020824,4.225
560575,520,368,888,238,43,219,332.90,0.9632,0.6135,0.250221,44,39,30,82.22,0.1893,0.1724,0.020803,4.240
560606,520,425,945,202,72,184,333.70,0.7797,0.5566,0.206537,3,11,81,265.96,0.9743,0.1134,0.008527,4.383
560624,520,380,900,205,69,242,318.04,0.9321,0.5955,0.236477,39,29,61,296.46,0.4869,0.1566,0.016470,4.310
560627,520,441,961,237,24,21,28.74,0.9860,0.5365,0.187152,42,1,31,341.05,0.8777,0.0936,0.006130,4.225
560644,520,431,951,212,40,190,334.35,0.9096,0.5480,0.192344,28,14,47,300.39,0.6318,0.1027,0.007662,4.203
560652,520,463,983,202,34,202,328.21,0.9295,0.5344,0.179667,20,1,23,323.04,0.8290,0.0525,0.002323,4.389
560655,520,432,952,230,44,104,8.63,0.9073,0.5468,0.196267,5,12,71,267.55,0.9538,0.1037,0.007501,4.283
560663,520,343,863,253,42,201,341.11,0.9874,0.6295,0.267589,38,48,35,138.52,0.2650,0.1935,0.026473,4.153
560671,520,274,794,247,107,227,333.42,0.9533,0.6959,0.358382,34,69,4,134.81,0.9821,0.2528,0.046050,4.252
560672,520,370,890,232,56,222,330.65,0.9408,0.6138,0.252605,57,32,17,50.78,0.5298,0.1697,0.019435,4.358
560675,520,308,828,217,145,64,66.00,0.7635,0.6683,0.353745,2,67,8,143.77,0.9965,0.2338,0.040446,4.464
560676,520,399,919,217,71,184,338.14,0.8180,0.5805,0.227210,59,14,9,29.64,0.8022,0.1379,0.012638,4.426
560681,520,474,994,188,5,233,316.85,0.9952,0.5238,0.166844,12,2,0,47.16,1.0000,0.0344,0.001216,4.234
560682,520,349,869,209,95,238,319.01,0.8909,0.6299,0.279142,12,54,15,144.27,0.9555,0.1919,0.027509,4.247
560690,520,337,857,241,107,119,16.99,0.8224,0.6442,0.305509,3,54,55,196.93,0.9331,0.2013,0.029334,4.481
560718,520,475,995,200,19,190,331.09,0.9575,0.5158,0.164646,5,0,14,303.68,1.0000,0.0264,0.000640,4.239
560734,520,282,802,226,122,232,325.23,0.8561,0.6906,0.359158,45,59,82,260.13,0.3274,0.2530,0.042949,4.402
560739,520,390,910,212,72,213,327.57,0.8618,0.5901,0.234377,22,33,55,263.29,0.4422,0.1460,0.015341,4.352
560746,520,475,995,230,9,19,28.11,0.9950,0.5166,0.170685,6,4,0,94.54,1.0000,0.0335,0.001256,4.306
560754,520,446,966,242,12,34,26.49,0.9941,0.5442,0.192591,24,15,15,18.68,0.2131,0.0823,0.005703,4.355
560755,520,397,917,224,73,145,354.90,0.7917,0.5769,0.226592,8,39,26,162.26,0.8028,0.1420,0.015772,4.205
560762,520,344,864,246,68,180,346.69,0.9251,0.6257,0.270254,80,10,52,349.59,0.7965,0.1914,0.021708,4.466
560763,520,477,997,225,28,10,30.07,0.9895,0.5122,0.168629,3,2,1,74.90,0.3058,0.0238,0.000650,4.316
560769,520,392,912,242,21,176,345.49,0.9786,0.5870,0.225513,32,2,101,282.42,0.9883,0.1501,0.012900,4.380
560774,520,225,745,252,158,95,53.19,0.9329,0.7473,0.459780,53,75,78,206.60,0.2368,0.3033,0.063390,4.496
560784,520,452,972,133,85,252,290.71,0.9695,0.5299,0.185117,32,4,4,24.67,0.7943,0.0702,0.004027,4.352
560790,520,423,943,202,66,207,326.41,0.8467,0.5638,0.209596,44,11,22,2.48,0.6205,0.1081,0.008328,4.451
560801,520,405,925,238,34,176,344.85,0.9527,0.5846,0.224587,18,34,1,131.13,0.9766,0.1259,0.012748,4.376
560809,520,442,962,185,88,164,336.29,0.6315,0.5411,0.199754,6,18,27,241.40,0.4854,0.0784,0.005504,4.500
560825,520,365,885,226,52,243,323.99,0.9603,0.6147,0.250980,55,17,75,311.38,0.7535,0.1683,0.017212,4.478
560835,520,465,985,175,31,239,311.28,0.9635,0.5172,0.163269,9,8,8,17.40,0.0359,0.0495,0.002493,4.063
560837,520,370,890,247,16,203,338.99,0.9907,0.6093,0.244597,13,47,16,144.97,0.9198,0.1685,0.021559,4.117
560846,520,430,950,227,52,114,5.29,0.8701,0.5502,0.200045,36,2,53,311.19,0.9074,0.1007,0.006756,4.406
560849,520,456,976,189,83,136,351.38,0.6275,0.5268,0.187844,24,4,9,4.29,0.6207,0.0586,0.003008,4.487
560850,520,396,916,255,12,78,17.71,1.0000,0.5776,0.220768,35,32,30,56.10,0.0631,0.1427,0.014841,4.176
560853,520,303,823,201,121,249,311.29,0.9200,0.6661,0.329328,31,63,13,136.47,0.9290,0.2317,0.038753,4.274
560876,520,345,865,220,96,204,332.78,0.7930,0.6275,0.279430,11,37,104,264.06,0.9002,0.1933,0.023936,4.456
560907,520,294,814,228,114,225,328.34,0.8506,0.6770,0.339668,57,57,38,107.96,0.2937,0.2403,0.039361,4.361
560922,520,401,921,217,19,234,324.20,0.9870,0.5767,0.211600,26,33,48,264.95,0.3011,0.1449,0.015207,4.012
560926,520,258,778,221,153,142,29.40,0.5200,0.7054,0.401092,51,69,45,138.03,0.3906,0.2719,0.051494,4.445
560929,520,453,973,232,9,77,15.62,0.9905,0.5282,0.178901,7,5,46,275.41,0.9110,0.0661,0.003510,4.278
560933,520,442,962,180,37,251,310.01,0.9800,0.5388,0.179924,15,17,11,122.67,0.2047,0.0763,0.005266,4.160
560935,520,428,948,247,9,59,21.77,0.9950,0.5570,0.202889,34,12,40,318.61,0.6121,0.1023,0.007563,4.393
560944,520,358,878,220,78,225,326.43,0.8891,0.6169,0.261026,2,50,49,192.63,0.9512,0.1850,0.025157,4.138
560947,520,427,947,224,68,95,14.96,0.8275,0.5551,0.208104,12,22,36,256.92,0.4259,0.0976,0.007793,4.466
560965,520,27,547,244,248,234,119.74,0.5348,0.9677,0.923084,53,130,29,139.52,0.9656,0.4644,0.168103,4.462
560980,520,386,906,239,69,111,10.72,0.8723,0.5886,0.237577,37,29,59,294.42,0.4669,0.1529,0.015878,4.365
560986,520,479,999,207,57,106,5.70,0.7989,0.5139,0.172345,1,0,1,328.36,1.0000,0.0103,0.000086,4.439
561000,520,480,1000,162,30,250,305.03,0.9771,0.5074,0.155127,0,0,0,0.00,0.0000,0.0000,0.000000,4.103
561001,520,378,898,242,44,174,346.64,0.9377,0.5968,0.237377,63,24,13,36.60,0.6869,0.1628,0.017393,4.264
561014,520,383,903,209,67,237,320.47,0.9175,0.5961,0.236857,52,28,3,63.41,0.8309,0.1503,0.015672,4.368
561017,520,358,878,163,123,243,296.86,0.8172,0.6215,0.284236,12,52,7,141.46,0.9718,0.1840,0.025494,4.427
561028,520,33,553,245,243,236,93.57,0.2782,0.9578,0.895699,36,129,2,140.19,0.9986,0.4535,0.160793,4.486
561045,520,430,950,232,38,129,359.38,0.9204,0.5549,0.201299,35,13,20,1.05,0.4675,0.0955,0.006957,4.412
561053,520,460,980,218,56,78,18.49,0.8678,0.5268,0.182864,5,13,16,221.04,0.3515,0.0602,0.003575,4.346
561059,520,434,954,224,49,135,356.36,0.8665,0.5493,0.197958,23,24,19,116.45,0.1306,0.1045,0.008824,4.215
561060,520,338,858,243,107,58,39.41,0.9068,0.6366,0.298786,46,50,2,114.59,0.9498,0.2016,0.028664,4.434
561061,520,408,928,233,10,190,339.34,0.9900,0.5745,0.212612,47,13,54,320.39,0.7051,0.1336,0.011586,4.264
561068,520,370,890,240,68,161,351.86,0.8756,0.6067,0.252357,23,22,107,272.78,0.9295,0.1736,0.018174,4.435
561070,520,368,888,184,99,249,307.57,0.9306,0.6092,0.259543,12,47,37,170.91,0.7390,0.1737,0.022447,4.273
561075,520,432,952,242,33,37,27.33,0.9773,0.5525,0.201019,44,10,11,21.85,0.6921,0.1034,0.007768,4.345
561079,520,403,923,255,29,32,27.92,1.0000,0.5774,0.222469,19,25,60,272.71,0.6274,0.1272,0.011599,4.423
561102,520,419,939,243,15,101,9.61,0.9852,0.5585,0.203393,6,1,90,267.74,0.9980,0.1141,0.007985,4.370
561104,520,298,818,218,111,251,317.61,0.9659,0.6736,0.332408,41,52,80,267.17,0.3821,0.2292,0.035065,4.495
561108,520,430,950,208,23,214,326.73,0.9699,0.5480,0.188796,35,11,39,321.73,0.6277,0.1016,0.007432,4.158
561109,520,382,902,202,79,236,318.14,0.8949,0.5979,0.242061,39,35,36,0.54,0.0605,0.1577,0.017608,4.320
561129,520,418,938,238,56,52,27.22,0.9381,0.5623,0.212566,21,16,73,278.53,0.8440,0.1230,0.010110,4.368
561145,520,450,970,232,5,109,4.95,0.9926,0.5357,0.183715,10,15,28,267.36,0.3944,0.0744,0.004900,4.257
561152,520,272,792,189,164,156,38.53,0.1859,0.6958,0.397706,29,72,34,145.98,0.8480,0.2639,0.050113,4.472
561160,520,411,931,226,9,207,333.10,0.9918,0.5716,0.208716,52,12,6,31.84,0.8113,0.1206,0.010063,4.307
561161,520,342,862,228,80,224,328.94,0.8982,0.6312,0.276153,29,33,100,274.05,0.8000,0.1901,0.022689,4.487
561163,520,387,907,218,86,170,344.49,0.7487,0.5937,0.244654,13,39,43,208.78,0.5574,0.1511,0.017110,4.391
561172,520,433,953,241,2,97,10.23,0.9980,0.5504,0.196106,23,24,18,115.11,0.1592,0.1042,0.008791,4.186
561174,520,421,941,195,60,221,320.60,0.8843,0.5560,0.200557,6,31,19,159.81,0.7899,0.1130,0.010657,4.131
561183,520,436,956,245,5,63,20.55,0.9969,0.5525,0.198834,18,20,10,117.54,0.3259,0.0865,0.006508,4.404
561191,520,274,794,255,91,248,329.58,1.0000,0.7001,0.355223,41,54,99,269.69,0.5335,0.2478,0.040105,4.497
561204,520,444,964,226,61,20,33.98,0.9707,0.5406,0.195596,0,14,46,259.38,1.0000,0.0781,0.005113,4.456
561225,520,426,946,249,13,36,26.40,0.9944,0.5596,0.205586,0,18,73,262.64,1.0001,0.1138,0.009136,4.322
561230,520,422,942,205,9,248,318.06,0.9951,0.5650,0.199535,37,12,46,316.10,0.6639,0.1108,0.008536,4.263
561236,520,218,738,212,167,214,324.95,0.5026,0.7490,0.464904,9,83,60,165.74,0.9526,0.3011,0.065705,4.450
561240,520,477,997,135,79,242,293.75,0.9027,0.5141,0.171537,1,0,17,274.34,1.0000,0.0228,0.000469,4.390
561259,520,454,974,180,22,253,310.00,0.9907,0.5333,0.173700,11,6,44,281.21,0.8364,0.0691,0.003832,4.155
561274,520,462,982,219,44,118,1.41,0.8721,0.5295,0.181720,12,9,8,41.04,0.1058,0.0544,0.002911,4.379
561282,520,400,920,232,73,96,16.47,0.8419,0.5761,0.227683,29,11,88,282.64,0.9152,0.1403,0.012051,4.475
561285,520,350,870,252,88,100,19.99,0.9664,0.6320,0.285984,54,42,20,81.39,0.4917,0.1908,0.024908,4.485
561299,520,456,976,132,94,234,291.55,0.8260,0.5283,0.188514,10,1,50,280.08,0.9796,0.0649,0.003165,4.486
561306,520,479,999,222,28,0,30.84,1.0000,0.5055,0.163629,2,0,2,328.36,1.0000,0.0139,0.000173,4.258
561339,520,417,937,252,16,80,17.03,0.9901,0.5727,0.216489,34,26,21,53.71,0.1949,0.1228,0.011330,4.345
561345,520,341,861,201,95,248,313.92,0.9398,0.6254,0.273804,31,35,104,274.23,0.7937,0.1998,0.024927,4.322
561363,520,462,982,231,42,29,29.48,0.9646,0.5345,0.187366,10,10,3,108.56,0.4585,0.0532,0.002882,4.489
561365,520,424,944,185,74,226,315.47,0.8505,0.5597,0.207039,4,10,78,266.81,0.9725,0.1087,0.007929,4.437
561413,520,26,546,228,254,223,140.62,0.9024,0.9650,0.927047,29,132,23,142.25,0.9840,0.4624,0.168249,4.477
561418,520,480,1000,208,58,74,19.55,0.8395,0.5085,0.169327,0,0,0,0.00,0.0000,0.0000,0.000000,4.387
561433,520,466,986,226,38,0,31.83,1.0000,0.5200,0.175579,0,12,2,148.98,1.0000,0.0488,0.002673,4.283
561437,520,456,976,232,36,9,30.84,0.9912,0.5316,0.184404,19,8,18,330.02,0.3985,0.0633,0.003558,4.377
561482,520,441,961,110,106,246,279.66,0.9100,0.5400,0.202763,30,16,1,70.54,0.8632,0.0890,0.006488,4.475
561491,520,426,946,192,75,206,323.28,0.8011,0.5577,0.206962,43,1,53,318.95,0.9385,0.1108,0.007924,4.436
561502,520,434,954,182,76,213,317.77,0.8042,0.5486,0.199191,6,12,70,268.35,0.9481,0.1031,0.007438,4.338
561505,520,332,852,244,103,90,27.85,0.8990,0.6368,0.296748,42,42,80,281.65,0.4785,0.2042,0.027273,4.487
561509,520,380,900,248,48,141,358.90,0.9408,0.5969,0.239968,17,23,96,270.43,0.9190,0.1583,0.015764,4.409
561522,520,411,931,237,19,165,347.69,0.9758,0.5713,0.211899,24,26,39,277.34,0.2685,0.1194,0.010795,4.308
561558,520,248,768,236,131,234,327.86,0.8862,0.7200,0.400079,74,60,66,350.56,0.1472,0.2781,0.050810,4.465
561559,520,408,928,246,1,129,0.63,0.9990,0.5703,0.212029,47,21,26,8.62,0.4393,0.1321,0.012153,4.216
561570,520,468,988,206,58,124,357.74,0.7868,0.5193,0.176053,9,5,4,38.48,0.2178,0.0409,0.001754,4.368
561581,520,464,984,162,48,246,305.05,0.9536,0.5160,0.164497,6,6,29,278.00,0.7021,0.0528,0.002577,4.080
561582,520,437,957,165,97,198,313.63,0.6520,0.5469,0.206266,7,25,9,146.42,0.7838,0.0924,0.007601,4.449
561586,520,316,836,243,86,221,333.84,0.9350,0.6602,0.309334,55,44,81,296.26,0.4415,0.2236,0.032077,4.378
561590,520,249,769,195,152,249,303.60,0.8560,0.7165,0.408985,1,79,33,150.12,0.9977,0.2790,0.057080,4.286
561592,520,410,930,184,103,166,335.85,0.5510,0.5660,0.226452,33,30,1,103.96,0.9390,0.1282,0.012541,4.420
561593,520,379,899,212,55,244,320.01,0.9516,0.5952,0.232628,67,4,45,346.92,0.8385,0.1552,0.014698,4.368
561595,520,431,951,192,53,232,317.21,0.9189,0.5531,0.195802,26,19,19,18.19,0.1486,0.0952,0.007324,4.288
561606,520,392,912,221,18,248,322.03,0.9917,0.5936,0.225842,57,20,23,17.42,0.5816,0.1467,0.014322,4.288
561613,520,459,979,173,36,250,308.18,0.9756,0.5269,0.170490,16,9,21,310.32,0.3862,0.0633,0.003597,4.114
561628,520,470,990,229,30,19,29.42,0.9801,0.5222,0.176366,4,4,18,279.73,0.6018,0.0392,0.001563,4.390
561632,520,448,968,163,87,220,307.84,0.7789,0.5427,0.197708,18,15,28,294.14,0.3343,0.0812,0.005541,4.460
561636,520,447,967,230,50,31,30.33,0.9581,0.5388,0.192061,23,11,26,319.42,0.4407,0.0776,0.004961,4.404
561656,520,354,874,202,113,189,332.67,0.6229,0.6202,0.280423,1,49,56,210.03,0.9698,0.1849,0.024885,4.412
561677,520,452,972,230,14,84,13.36,0.9827,0.5267,0.177802,34,0,1,25.91,1.0000,0.0652,0.003423,4.264
561684,520,452,972,193,73,150,344.35,0.7039,0.5252,0.183062,1,12,37,259.19,0.9078,0.0670,0.004029,4.314
561685,520,466,986,144,88,220,299.99,0.7719,0.5205,0.180763,13,0,34,296.98,1.0000,0.0498,0.002011,4.437
561689,520,386,906,228,89,72,29.69,0.8392,0.5850,0.241093,14,42,2,137.56,0.9831,0.1500,0.017536,4.310
561700,520,460,980,181,88,149,342.27,0.5908,0.5277,0.189744,7,9,33,274.87,0.6692,0.0627,0.003503,4.481
561701,520,441,961,205,86,89,21.24,0.6970,0.5434,0.203580,36,10,26,344.93,0.5741,0.0945,0.006668,4.475
561702,520,448,968,233,43,55,24.46,0.9505,0.5420,0.193303,19,5,49,290.72,0.8468,0.0794,0.004687,4.449
561705,520,380,900,204,75,245,316.77,0.9406,0.6026,0.244635,47,32,40,345.83,0.2436,0.1619,0.017906,4.339
561735,520,442,962,223,63,33,32.67,0.9404,0.5377,0.193555,18,6,51,287.57,0.8437,0.0820,0.004979,4.430
561736,520,399,919,252,17,95,12.73,0.9878,0.5762,0.219263,48,24,24,20.29,0.4011,0.1392,0.013477,4.242
561743,520,404,924,235,55,153,352.62,0.8842,0.5823,0.226973,21,33,14,134.84,0.5517,0.1273,0.012788,4.411
561750,520,424,944,199,21,255,314.86,1.0000,0.5642,0.198999,37,9,56,307.84,0.7750,0.1145,0.008742,4.239
561767,520,279,799,198,135,247,308.73,0.8694,0.6860,0.360498,20,61,96,247.90,0.7074,0.2528,0.043305,4.400
561769,520,464,984,115,97,236,284.17,0.8461,0.5186,0.182500,4,12,3,140.47,0.7009,0.0527,0.002953,4.391
561781,520,304,824,254,82,206,340.97,0.9920,0.6660,0.315648,4,64,34,154.87,0.9790,0.2279,0.038079,4.151
561806,520,429,949,186,93,161,338.48,0.6012,0.5493,0.208423,22,23,11,112.29,0.3633,0.0987,0.008075,4.450
561816,520,479,999,215,48,69,20.01,0.8965,0.5115,0.169932,0,0,4,264.05,1.0000,0.0106,0.000088,4.391
561819,520,351,871,243,59,221,333.62,0.9491,0.6343,0.274059,64,31,54,339.66,0.4727,0.1918,0.023364,4.417
561828,520,461,981,198,40,200,327.59,0.9050,0.5298,0.176952,21,1,24,323.21,0.8344,0.0544,0.002471,4.325
561854,520,425,945,210,51,204,329.76,0.8955,0.5612,0.204309,43,11,31,344.99,0.6225,0.1101,0.008519,4.346
561879,520,425,945,201,31,245,317.38,0.9746,0.5632,0.199916,28,13,57,294.06,0.7346,0.1093,0.008301,4.287
561881,520,425,945,216,48,195,333.99,0.8999,0.5636,0.206551,28,14,59,292.42,0.7338,0.1127,0.008767,4.366
561885,520,461,981,231,29,81,15.34,0.9588,0.5339,0.184648,13,9,3,84.70,0.4459,0.0538,0.002875,4.438
561888,520,452,972,215,65,85,17.40,0.8196,0.5323,0.188860,29,1,26,332.53,0.8430,0.0678,0.003575,4.458
561892,520,380,900,240,82,101,17.32,0.8711,0.6029,0.255025,44,37,11,94.30,0.6337,0.1626,0.018828,4.432
561897,520,351,871,204,100,241,316.27,0.8923,0.6319,0.283039,39,47,30,128.68,0.3276,0.1900,0.025581,4.406
561916,520,408,928,241,56,1,33.79,0.9990,0.5651,0.215346,43,26,11,60.92,0.5315,0.1329,0.012766,4.228
561924,520,469,989,212,30,154,345.70,0.9101,0.5221,0.172610,10,4,7,345.00,0.3261,0.0404,0.001667,4.309
561929,520,477,997,148,63,242,300.11,0.9236,0.5086,0.162620,1,3,1,144.11,0.6096,0.0246,0.000738,4.191
561934,520,428,948,205,41,229,321.97,0.9480,0.5628,0.202239,15,11,66,276.40,0.8933,0.1027,0.007342,4.399
561951,520,302,822,249,86,214,337.45,0.9603,0.6662,0.316532,93,30,22,30.06,0.7627,0.2328,0.033140,4.409
561959,520,388,908,252,41,95,14.23,0.9788,0.5867,0.231112,51,10,65,315.80,0.7905,0.1451,0.013026,4.460
561967,520,343,863,222,98,204,333.44,0.7934,0.6334,0.286266,24,52,29,148.21,0.6596,0.1937,0.027388,4.345
561969,520,467,987,207,36,159,342.87,0.8817,0.5187,0.170325,0,2,27,263.73,1.0018,0.0357,0.001225,4.301
561977,520,437,957,203,45,209,326.47,0.9103,0.5480,0.191785,1,21,32,233.31,0.8749,0.0857,0.006470,4.282
561990,520,413,933,226,82,49,34.28,0.8888,0.5684,0.224278,30,28,2,105.41,0.8690,0.1193,0.011109,4.488
562003,520,347,867,248,69,179,347.53,0.9378,0.6298,0.274705,85,13,3,32.01,0.9628,0.1916,0.022261,4.494
562013,520,398,918,210,54,232,322.34,0.9321,0.5825,0.221679,36,8,88,289.16,0.9185,0.1447,0.012533,4.345
562046,520,403,923,237,42,155,351.61,0.9240,0.5774,0.220300,56,5,37,347.41,0.7948,0.1297,0.010830,4.444
562051,520,452,972,169,62,240,307.70,0.9157,0.5340,0.181723,0,8,50,263.15,1.0004,0.0703,0.004039,4.288
562056,520,415,935,173,83,249,305.41,0.9438,0.5721,0.219109,5,35,9,145.92,0.9537,0.1233,0.012540,4.303
562094,520,469,989,216,39,125,357.66,0.8803,0.5225,0.175331,8,7,1,103.44,0.6870,0.0438,0.002058,4.328
562109,520,356,876,240,64,200,338.85,0.9157,0.6215,0.263650,53,27,78,304.77,0.6490,0.1834,0.020909,4.423
562113,520,418,938,231,63,51,28.72,0.9170,0.5551,0.207859,1,31,35,207.29,0.9352,0.1167,0.011077,4.222
562115,520,419,939,247,28,47,25.27,0.9826,0.5615,0.208135,28,26,3,104.81,0.7910,0.1117,0.009923,4.308
562120,520,336,856,253,55,209,339.14,0.9877,0.6419,0.282217,41,23,118,281.48,0.8916,0.2031,0.023921,4.494
562141,520,349,869,189,108,253,307.47,0.9703,0.6324,0.286366,31,50,20,135.20,0.6692,0.1901,0.026230,4.413
562158,520,326,846,255,41,225,335.25,1.0000,0.6459,0.282854,1,17,147,264.41,0.9903,0.2124,0.025137,4.430
562187,520,310,830,250,56,250,328.14,0.9851,0.6618,0.300573,27,56,70,231.03,0.4860,0.2249,0.035034,4.123
562194,520,325,845,252,104,36,41.51,0.9775,0.6455,0.307268,20,53,65,224.83,0.5810,0.2093,0.030765,4.424
562195,520,380,900,215,54,243,321.08,0.9498,0.5984,0.235583,6,37,76,256.27,0.8445,0.1646,0.018836,4.149
562207,520,470,990,174,74,187,322.93,0.7322,0.5166,0.174851,0,6,21,254.32,0.9999,0.0419,0.001844,4.337
562209,520,436,956,233,43,74,19.13,0.9374,0.5451,0.195489,24,13,32,309.63,0.4729,0.0858,0.005863,4.394
562212,520,319,839,183,141,179,329.52,0.3531,0.6460,0.323724,10,58,64,207.44,0.8045,0.2207,0.034606,4.417
562213,520,447,967,222,16,165,344.23,0.9696,0.5414,0.186193,1,18,39,251.96,0.8801,0.0824,0.005855,4.229
562220,520,474,994,184,40,224,317.18,0.9309,0.5242,0.170910,5,0,21,292.70,1.0000,0.0311,0.000864,4.343
562224,520,463,983,224,20,129,356.88,0.9569,0.5303,0.179353,16,4,13,336.15,0.5179,0.0492,0.002261,4.389
562233,520,386,906,229,45,205,334.45,0.9389,0.5904,0.229451,60,13,50,337.51,0.7146,0.1537,0.014789,4.313
562235,520,466,986,160,60,244,304.03,0.9353,0.5229,0.172375,21,0,16,337.18,1.0000,0.0478,0.001969,4.279
562248,520,400,920,228,80,122,6.68,0.7830,0.5845,0.236391,23,38,14,134.91,0.6520,0.1445,0.016001,4.339
562266,520,341,861,249,68,185,345.75,0.9492,0.6334,0.277799,76,29,38,10.50,0.5702,0.2022,0.025554,4.339
562282,520,349,869,244,64,197,340.71,0.9285,0.6269,0.269340,34,47,44,179.22,0.2002,0.1901,0.025549,4.227
562283,520,349,869,243,47,231,331.06,0.9697,0.6320,0.268600,15,39,96,263.81,0.8454,0.1915,0.023970,4.307
562292,520,466,986,197,36,187,331.10,0.8975,0.5168,0.167217,14,9,3,79.43,0.4570,0.0548,0.002953,4.102
562329,520,419,939,202,53,219,323.39,0.9054,0.5595,0.202189,41,7,41,327.87,0.7317,0.1067,0.007835,4.360
562344,520,396,916,226,43,194,336.81,0.9281,0.5774,0.217940,18,15,87,273.73,0.9305,0.1351,0.011583,4.351
562348,520,260,780,226,139,208,334.81,0.7126,0.7081,0.391897,81,59,31,71.67,0.5077,0.2746,0.049764,4.429
562368,520,360,880,217,98,193,335.86,0.7469,0.6201,0.273392,18,45,59,233.52,0.5495,0.1805,0.023210,4.417
562370,520,273,793,236,129,197,342.71,0.7809,0.6993,0.375668,46,63,75,239.44,0.2548,0.2614,0.046438,4.414
562377,520,395,915,243,53,147,356.25,0.9091,0.5933,0.237106,27,32,40,259.76,0.1790,0.1387,0.014192,4.473
562381,520,403,923,238,48,134,359.47,0.9073,0.5751,0.220153,52,16,29,0.22,0.5912,0.1328,0.011895,4.365
562387,520,469,989,191,60,184,330.17,0.8015,0.5248,0.177703,10,3,2,34.33,0.4620,0.0358,0.001340,4.435
562393,520,330,850,211,137,42,67.55,0.8386,0.6410,0.319091,22,57,48,174.14,0.6008,0.2150,0.033101,4.441
562409,520,370,890,230,60,211,333.12,0.9180,0.6070,0.247603,40,1,111,285.34,0.9943,0.1710,0.016205,4.495
562430,520,319,839,243,48,251,326.35,0.9871,0.6456,0.281363,61,39,87,303.14,0.5526,0.2243,0.031313,4.075
562439,520,391,911,243,42,153,353.53,0.9355,0.5881,0.230137,66,9,32,1.56,0.7791,0.1524,0.014581,4.338
562448,520,401,921,190,85,228,315.92,0.8391,0.5825,0.230467,58,16,6,35.18,0.8169,0.1384,0.012834,4.464
562449,520,394,914,237,33,192,339.90,0.9613,0.5907,0.229009,33,32,12,106.15,0.5173,0.1356,0.013829,4.371
562495,520,426,946,223,37,175,341.71,0.9215,0.5577,0.201087,45,5,40,333.59,0.7735,0.1103,0.008197,4.314
562505,520,429,949,186,73,216,318.49,0.8265,0.5529,0.201632,43,6,11,16.56,0.7632,0.0956,0.006681,4.439
562512,520,156,676,250,174,236,333.31,0.9567,0.8162,0.566540,28,95,65,160.12,0.8515,0.3473,0.088126,4.464
562517,520,405,925,255,19,47,25.01,1.0000,0.5750,0.219348,29,26,41,293.14,0.2899,0.1255,0.011601,4.372
562525,520,458,978,208,59,147,348.72,0.7944,0.5337,0.186465,14,10,14,326.09,0.1691,0.0603,0.003422,4.426
562531,520,468,988,203,57,145,348.03,0.7888,0.5216,0.176691,4,5,3,127.92,0.2088,0.0353,0.001409,4.410
562555,520,438,958,236,45,48,26.44,0.9545,0.5487,0.199262,13,21,31,254.38,0.3291,0.0929,0.007208,4.357
562573,520,435,955,220,66,112,6.95,0.8039,0.5501,0.202844,21,17,28,300.91,0.2779,0.0887,0.006442,4.480
562635,520,422,942,146,100,240,295.00,0.8429,0.5587,0.215167,16,16,68,275.04,0.8502,0.1138,0.008981,4.496
562637,520,398,918,252,43,28,29.64,0.9887,0.5785,0.225108,12,37,31,175.44,0.5906,0.1391,0.015002,4.232
562643,520,478,998,214,19,130,354.32,0.9468,0.5102,0.163760,3,1,1,20.04,0.3720,0.0199,0.000433,4.239
562650,520,392,912,254,36,107,10.29,0.9921,0.5908,0.233978,54,24,37,353.94,0.4648,0.1538,0.015712,4.322
562661,520,470,990,233,1,34,25.84,0.9994,0.5223,0.174640,18,0,13,338.08,1.0000,0.0421,0.001577,4.355
562679,520,383,903,224,9,249,322.60,0.9964,0.5974,0.228844,20,25,79,272.90,0.8020,0.1455,0.014084,4.351
562681,520,426,946,211,31,216,326.95,0.9584,0.5581,0.197887,38,6,51,314.12,0.7961,0.1078,0.007814,4.288
562692,520,468,988,156,75,225,305.34,0.8304,0.5197,0.175368,13,2,9,339.55,0.6150,0.0392,0.001487,4.377
562703,520,450,970,210,40,176,338.12,0.8895,0.5361,0.183559,12,10,28,286.41,0.4965,0.0653,0.003791,4.342
562707,520,237,757,253,132,208,343.39,0.9727,0.7332,0.419419,24,78,57,163.93,0.7924,0.2877,0.059381,4.292
562712,520,449,969,194,59,204,324.97,0.8490,0.5416,0.189584,3,16,18,206.81,0.5917,0.0669,0.004336,4.409
562716,520,334,854,250,62,197,342.05,0.9643,0.6357,0.278036,10,43,98,260.28,0.8762,0.2015,0.026740,4.275
562722,520,336,856,187,113,251,306.56,0.9380,0.6366,0.293408,37,50,48,184.75,0.1850,0.2033,0.028879,4.354
562729,520,408,928,163,99,233,303.22,0.8058,0.5715,0.225938,17,34,3,133.12,0.9359,0.1256,0.012698,4.401
562739,520,448,968,234,0,120,1.43,1.0000,0.5424,0.188516,28,13,14,15.64,0.3539,0.0831,0.005665,4.285
562754,520,422,942,235,1,155,350.13,0.9986,0.5587,0.200534,24,7,69,285.68,0.8995,0.1084,0.007758,4.338
562766,520,362,882,240,30,225,331.85,0.9817,0.6144,0.248928,54,35,43,352.38,0.2720,0.1801,0.021608,4.174
562781,520,247,767,248,126,223,335.58,0.9470,0.7232,0.402083,81,55,81,326.60,0.3416,0.2821,0.050759,4.487
562785,520,467,987,190,58,188,328.57,0.8141,0.5235,0.176056,3,4,17,274.56,0.6082,0.0376,0.001467,4.392
562803,520,479,999,123,75,255,288.14,1.0000,0.5073,0.164629,1,0,2,311.99,1.0000,0.0114,0.000108,4.283
562814,520,449,969,231,1,117,1.92,0.9984,0.5353,0.182980,15,3,42,290.78,0.8729,0.0652,0.003338,4.368
562818,520,460,980,203,64,144,349.05,0.7623,0.5287,0.183789,19,0,43,298.39,1.0000,0.0647,0.003129,4.400
562819,520,397,917,221,13,227,326.88,0.9911,0.5770,0.212083,61,16,0,41.04,1.0000,0.1435,0.013628,4.119
562821,520,424,944,211,16,229,323.87,0.9870,0.5618,0.198785,0,14,74,263.51,1.0010,0.1076,0.008084,4.283
562829,520,357,877,254,39,181,346.95,0.9922,0.6197,0.258615,63,15,78,316.74,0.7809,0.1813,0.019486,4.441
562831,520,407,927,244,31,112,6.91,0.9602,0.5695,0.213863,19,9,85,275.83,0.9523,0.1255,0.009896,4.405
562851,520,305,825,254,118,4,48.99,0.9969,0.6698,0.340398,53,56,31,114.25,0.4129,0.2313,0.036842,4.496
562857,520,374,894,232,32,224,330.21,0.9753,0.6005,0.235732,10,28,88,265.78,0.9003,0.1558,0.015995,4.330
562864,520,374,894,247,39,157,352.90,0.9495,0.5957,0.236628,39,37,39,325.71,0.0438,0.1643,0.019010,4.153
562866,520,476,996,162,29,254,304.27,0.9951,0.5107,0.157165,3,1,1,20.04,0.3720,0.0199,0.000433,4.108
562891,520,474,994,186,58,196,324.81,0.8251,0.5222,0.174521,5,2,2,19.47,0.3073,0.0270,0.000801,4.420
562892,520,359,879,253,3,208,338.93,0.9987,0.6209,0.255052,71,15,54,342.50,0.7286,0.1793,0.019478,4.391
562896,520,476,996,95,91,254,277.16,0.9931,0.5070,0.170702,3,0,6,311.99,1.0000,0.0187,0.000325,4.386
562914,520,364,884,252,62,130,4.68,0.9676,0.6119,0.257559,28,40,60,260.32,0.3777,0.1730,0.020906,4.338
562917,520,349,869,252,10,226,334.27,0.9967,0.6308,0.264067,11,53,27,152.30,0.9135,0.1905,0.026964,4.081
562930,520,407,927,199,61,228,319.98,0.9005,0.5683,0.210825,36,12,74,294.46,0.8269,0.1339,0.011324,4.253
562935,520,382,902,219,99,139,1.34,0.6775,0.6017,0.258500,11,44,10,142.80,0.9437,0.1565,0.018944,4.475
562942,520,424,944,183,89,200,321.30,0.7189,0.5599,0.213833,7,29,23,172.94,0.6435,0.1086,0.009857,4.408
562949,520,338,858,245,83,169,351.42,0.8939,0.6350,0.284665,37,51,6,125.62,0.8944,0.1963,0.027741,4.305
562970,520,375,895,203,108,153,351.55,0.5684,0.5970,0.257232,48,34,28,44.27,0.2488,0.1638,0.018563,4.481
562975,520,420,940,250,19,35,26.83,0.9915,0.5633,0.209148,8,19,64,267.48,0.8689,0.1106,0.008875,4.402
562979,520,432,952,245,10,12,28.84,0.9960,0.5490,0.196597,12,24,36,249.46,0.4202,0.1029,0.008588,4.209
562988,520,344,864,254,29,201,341.14,0.9939,0.6252,0.261700,8,25,122,265.96,0.9673,0.1902,0.021519,4.358
562990,520,456,976,199,1,213,324.71,0.9986,0.5257,0.169696,18,2,29,309.88,0.8118,0.0559,0.002607,4.176
563030,520,388,908,245,47,143,357.59,0.9268,0.5912,0.234319,63,16,29,7.11,0.6767,0.1537,0.015162,4.363
563047,520,358,878,239,36,236,328.95,0.9799,0.6224,0.256713,77,5,46,352.49,0.8471,0.1778,0.018838,4.456
563055,520,381,901,254,2,168,350.11,0.9987,0.6022,0.239450,40,26,72,294.04,0.6303,0.1599,0.016578,4.348
563078,520,418,938,159,108,193,310.62,0.5718,0.5565,0.219468,24,27,40,274.12,0.2690,0.1225,0.011312,4.395
563098,520,401,921,224,0,221,329.09,1.0000,0.5755,0.210701,32,34,0,112.98,1.0000,0.1383,0.014511,4.041
563104,520,403,923,182,103,200,319.96,0.6571,0.5812,0.238167,15,37,5,137.11,0.9335,0.1343,0.014356,4.478
563116,520,384,904,222,12,239,324.32,0.9938,0.5871,0.220267,10,40,34,177.66,0.6878,0.1489,0.016975,4.035
563121,520,359,879,178,124,218,309.48,0.6562,0.6248,0.289428,4,53,7,143.68,0.9884,0.1848,0.025872,4.474
563126,520,465,985,180,78,169,331.86,0.6812,0.5208,0.180179,6,3,38,277.99,0.9109,0.0536,0.002438,4.390
563139,520,412,932,251,5,87,14.61,0.9967,0.5696,0.213096,14,27,55,263.71,0.6075,0.1248,0.011530,4.276
563140,520,424,944,244,31,65,21.29,0.9737,0.5590,0.205982,18,15,64,278.23,0.8134,0.1094,0.008404,4.383
563143,520,209,729,247,161,144,31.75,0.8160,0.7562,0.472798,12,87,29,146.25,0.9820,0.3081,0.069830,4.363
563145,520,472,992,172,12,250,308.47,0.9916,0.5152,0.159366,8,0,14,314.33,1.0000,0.0301,0.000833,4.119
563153,520,435,955,209,68,154,346.92,0.7700,0.5485,0.200247,35,3,46,315.96,0.8426,0.0947,0.006197,4.453
563164,520,441,961,228,1,147,351.19,0.9982,0.5411,0.186251,18,13,47,285.05,0.6779,0.0901,0.006217,4.203
563168,520,387,907,243,37,170,347.88,0.9513,0.5927,0.232832,42,33,12,86.42,0.5565,0.1494,0.016065,4.281
563172,520,431,951,226,45,124,0.57,0.8857,0.5460,0.195035,25,8,63,289.20,0.8530,0.1044,0.007392,4.269
563191,520,404,924,183,91,226,313.51,0.8084,0.5798,0.230414,0,35,40,208.63,1.0000,0.1312,0.013552,4.412
563192,520,341,861,244,106,12,45.82,0.9865,0.6337,0.295708,60,43,12,79.41,0.6994,0.2006,0.027151,4.481
563194,520,253,773,245,143,136,24.61,0.8100,0.7166,0.408375,6,75,49,161.16,0.9678,0.2702,0.052924,4.454
563218,520,425,945,206,91,98,18.70,0.6662,0.5552,0.214878,17,25,39,261.25,0.3578,0.1108,0.009609,4.444
563229,520,444,964,226,16,139,353.70,0.9689,0.5370,0.184062,36,1,32,333.17,0.8695,0.0832,0.005011,4.255
563243,520,343,863,248,15,236,331.04,0.9952,0.6310,0.263572,46,36,76,293.01,0.5135,0.1913,0.023644,4.258
563251,520,420,940,240,10,125,1.06,0.9880,0.5585,0.202262,22,15,65,282.18,0.7909,0.1139,0.008939,4.280
563255,520,357,877,237,74,194,340.26,0.8818,0.6229,0.267998,69,23,46,351.93,0.6070,0.1824,0.020754,4.494
563257,520,383,903,222,30,245,322.83,0.9822,0.5972,0.230528,62,18,10,32.41,0.7714,0.1501,0.014788,4.330
563262,520,391,911,219,42,235,324.23,0.9616,0.5910,0.227162,42,19,70,300.68,0.7125,0.1481,0.014002,4.331
563268,520,377,897,235,24,225,330.69,0.9851,0.6033,0.237543,67,10,46,346.88,0.7642,0.1618,0.016078,4.352
563272,520,417,937,247,29,98,11.79,0.9699,0.5709,0.215382,39,18,47,315.97,0.5584,0.1245,0.010692,4.373
563274,520,407,927,224,44,191,337.20,0.9193,0.5727,0.214127,36,2,83,292.44,0.9723,0.1322,0.010430,4.371
563280,520,425,945,250,8,42,25.30,0.9965,0.5612,0.206685,46,13,14,21.07,0.6357,0.1124,0.009005,4.350
563284,520,384,904,235,70,144,357.33,0.8395,0.5930,0.240589,18,39,40,199.57,0.4188,0.1524,0.017328,4.316
563286,520,412,932,237,63,35,31.86,0.9527,0.5654,0.216840,3,26,60,257.64,0.8781,0.1205,0.010843,4.386
563288,520,448,968,152,82,239,300.12,0.8763,0.5360,0.189423,34,8,14,8.23,0.5933,0.0834,0.005455,4.317
563289,520,261,781,238,125,235,328.25,0.9110,0.7135,0.388446,31,66,93,243.97,0.5603,0.2704,0.049778,4.394
563294,520,395,915,254,36,88,16.12,0.9933,0.5864,0.230409,27,32,39,256.81,0.1636,0.1383,0.014125,4.373
563297,520,461,981,232,23,88,12.75,0.9684,0.5349,0.184762,4,9,12,228.38,0.3043,0.0486,0.002477,4.474
563309,520,372,892,246,46,180,345.74,0.9438,0.6084,0.248453,16,44,54,224.26,0.5652,0.1736,0.021778,4.158
563323,520,436,956,220,22,182,338.62,0.9611,0.5489,0.191693,24,15,35,303.52,0.4621,0.0916,0.006572,4.272
563325,520,389,909,253,53,28,30.85,0.9916,0.5878,0.235164,46,30,28,26.99,0.2577,0.1511,0.015933,4.325
563328,520,463,983,216,48,125,358.42,0.8483,0.5293,0.181959,14,5,2,49.57,0.5255,0.0453,0.002063,4.455
563331,520,471,991,197,41,189,330.49,0.8832,0.5214,0.171320,2,9,4,154.70,0.6559,0.0440,0.002170,4.242
563349,520,369,889,243,87,63,31.38,0.9255,0.6080,0.262331,26,45,22,140.16,0.5909,0.1707,0.021543,4.366
563351,520,225,745,229,158,208,338.05,0.6577,0.7480,0.456673,9,83,46,154.80,0.9711,0.2972,0.064416,4.428
563357,520,379,899,163,108,255,297.58,1.0000,0.6029,0.257318,13,44,18,146.79,0.8806,0.1587,0.019305,4.434
563368,520,419,939,183,88,195,323.03,0.7077,0.5553,0.209880,5,23,57,260.96,0.8295,0.1115,0.009404,4.375
563375,520,469,989,198,65,143,348.18,0.7452,0.5205,0.177714,2,8,11,221.61,0.4961,0.0440,0.002107,4.370
563402,520,357,877,228,103,114,16.91,0.7360,0.6152,0.274119,44,44,11,109.20,0.7038,0.1826,0.023610,4.403
563404,520,444,964,225,56,71,21.45,0.8956,0.5393,0.192936,10,17,36,267.11,0.5173,0.0839,0.005928,4.344
563412,520,453,973,225,24,104,6.23,0.9526,0.5252,0.176631,3,15,24,239.04,0.6158,0.0671,0.004269,4.176
563415,520,478,998,209,12,147,346.95,0.9645,0.5058,0.159271,1,1,4,280.91,0.5250,0.0184,0.000369,4.155
563452,520,398,918,224,56,180,340.86,0.8743,0.5758,0.219734,8,12,97,267.78,0.9771,0.1383,0.011775,4.366
563465,520,420,940,208,36,226,323.60,0.9560,0.5627,0.201645,12,29,13,145.32,0.6478,0.1085,0.009859,4.204
563470,520,445,965,157,78,243,301.59,0.9067,0.5399,0.190883,20,11,36,297.68,0.5803,0.0801,0.005154,4.367
563475,520,365,885,238,68,182,344.16,0.8822,0.6126,0.256916,34,30,82,281.93,0.6712,0.1705,0.018778,4.462
563484,520,467,987,169,38,249,307.10,0.9707,0.5213,0.166616,0,5,26,260.11,1.0000,0.0427,0.001831,4.179
563487,520,362,882,204,91,231,319.45,0.8583,0.6127,0.260905,57,30,53,332.53,0.4446,0.1783,0.020555,4.407
563489,520,384,904,227,39,218,330.48,0.9586,0.5914,0.228463,32,29,61,285.61,0.4978,0.1489,0.015227,4.269
563492,520,454,974,226,44,89,13.52,0.9091,0.5348,0.186942,10,16,4,128.69,0.5831,0.0678,0.004439,4.352
563495,520,407,927,215,1,241,322.20,0.9994,0.5746,0.208216,6,13,90,267.13,0.9719,0.1294,0.010647,4.258
563498,520,403,923,195,71,234,316.86,0.8914,0.5768,0.220504,49,22,9,45.22,0.6343,0.1332,0.012466,4.330
563500,520,447,967,229,53,18,32.53,0.9778,0.5387,0.192508,7,19,17,182.62,0.3972,0.0774,0.005514,4.368
563502,520,415,935,213,33,225,325.20,0.9634,0.5688,0.206721,41,21,15,37.48,0.4310,0.1193,0.010423,4.249
563512,520,438,958,210,84,97,16.94,0.7133,0.5511,0.209075,14,24,6,132.34,0.6696,0.0933,0.007598,4.498
563517,520,456,976,204,70,118,1.96,0.7338,0.5274,0.185277,2,14,6,156.21,0.8094,0.0569,0.003401,4.406
563532,520,468,988,204,63,127,356.61,0.7625,0.5223,0.179267,13,4,1,52.42,0.6605,0.0414,0.001746,4.431
563542,520,477,997,214,7,140,350.49,0.9807,0.5112,0.163440,2,1,5,297.38,0.5651,0.0207,0.000456,4.230
563562,520,431,951,239,12,111,5.62,0.9860,0.5523,0.197646,27,3,60,295.10,0.9210,0.0964,0.006244,4.403
563587,520,441,961,207,50,176,337.49,0.8500,0.5382,0.186832,35,6,24,345.43,0.6687,0.0856,0.005536,4.264
563601,520,248,768,254,111,244,330.34,0.9956,0.7208,0.389740,52,73,40,134.88,0.5162,0.2838,0.056483,4.130
563617,520,451,971,220,13,166,343.41,0.9748,0.5373,0.182592,2,15,24,236.37,0.7068,0.0663,0.004205,4.291
563629,520,441,961,210,58,162,343.45,0.8136,0.5434,0.193385,36,0,43,320.87,1.0000,0.0893,0.005495,4.386
563640,520,457,977,181,32,242,312.38,0.9656,0.5296,0.172687,20,0,32,311.26,1.0000,0.0564,0.002530,4.239
563641,520,13,533,254,250,227,98.85,0.8965,0.9792,0.949884,48,132,35,141.17,0.9603,0.4693,0.172516,4.494
563662,520,402,922,223,29,225,327.78,0.9747,0.5842,0.220052,60,6,5,27.65,0.9212,0.1293,0.011020,4.426
563683,520,429,949,229,30,153,350.05,0.9397,0.5545,0.198892,41,12,19,7.42,0.5705,0.1033,0.007814,4.305
563703,520,321,841,209,117,223,322.17,0.7698,0.6544,0.316070,45,54,6,119.97,0.8848,0.2132,0.032094,4.459
563710,520,469,989,220,3,144,350.44,0.9929,0.5241,0.172970,8,2,17,304.19,0.7052,0.0375,0.001355,4.342
563711,520,374,894,223,62,213,330.73,0.9049,0.5982,0.239395,47,13,85,299.25,0.8407,0.1609,0.015481,4.420
563744,520,341,861,240,35,240,328.26,0.9826,0.6263,0.260213,59,20,101,300.40,0.8166,0.2021,0.023698,4.209
563755,520,425,945,239,34,124,2.18,0.9446,0.5648,0.209532,40,19,1,61.40,0.8888,0.1106,0.009191,4.385
563758,520,412,932,208,11,245,319.48,0.9938,0.5679,0.202436,32,17,50,302.40,0.5997,0.1153,0.009383,4.251
563773,520,368,888,254,51,136,1.89,0.9897,0.6088,0.252196,71,18,5,35.25,0.8903,0.1676,0.017834,4.455
563775,520,367,887,243,66,150,356.29,0.8925,0.6058,0.251562,11,41,72,252.19,0.7311,0.1743,0.021248,4.233
563777,520,436,956,206,16,228,322.81,0.9856,0.5525,0.190956,31,7,46,309.33,0.7573,0.0948,0.006405,4.272
563789,520,436,956,223,47,144,352.65,0.8720,0.5495,0.197372,11,19,32,259.81,0.4027,0.0870,0.006412,4.385
563792,520,477,997,197,67,118,359.81,0.7252,0.5110,0.171945,1,0,16,275.06,1.0000,0.0220,0.000439,4.400
563797,520,338,858,240,81,200,339.36,0.8975,0.6385,0.285830,41,36,98,281.76,0.6901,0.2045,0.026149,4.410
563798,520,476,996,224,9,60,19.85,0.9907,0.5079,0.163718,5,1,0,51.16,1.0000,0.0224,0.000540,4.229
563801,520,442,962,159,87,223,305.55,0.7899,0.5397,0.195155,39,4,7,19.34,0.8158,0.0837,0.005336,4.430
563805,520,390,910,250,34,123,4.38,0.9616,0.5864,0.229016,70,8,14,21.83,0.8860,0.1550,0.015077,4.287
563826,520,411,931,208,54,218,325.34,0.9085,0.5695,0.211120,48,5,41,335.52,0.7807,0.1164,0.008971,4.428
563839,520,406,926,243,55,116,7.47,0.9085,0.5844,0.230513,14,26,69,267.79,0.7690,0.1342,0.012618,4.480
563842,520,479,999,223,33,33,27.73,0.9683,0.5121,0.168883,0,0,7,264.05,1.0000,0.0135,0.000153,4.364
563846,520,408,928,230,82,26,38.30,0.9538,0.5739,0.229350,16,21,79,271.71,0.8723,0.1348,0.012109,4.498
563854,520,441,961,150,98,215,301.94,0.7162,0.5412,0.201260,8,21,28,233.22,0.4338,0.0881,0.006718,4.430
563873,520,362,882,175,119,209,311.68,0.6208,0.6065,0.269117,33,42,50,245.40,0.1932,0.1773,0.022095,4.426
563874,520,368,888,231,106,58,40.48,0.8517,0.6147,0.276051,21,48,8,137.27,0.9342,0.1748,0.022908,4.472
563893,520,349,869,245,32,236,330.35,0.9854,0.6310,0.265045,77,13,54,346.34,0.7644,0.1890,0.021322,4.417
563906,520,315,835,236,76,253,323.74,0.9913,0.6578,0.300959,75,24,91,316.99,0.7400,0.2228,0.029046,4.440
563918,520,443,963,233,16,123,0.61,0.9752,0.5450,0.191273,0,21,8,156.21,1.0000,0.0756,0.005538,4.344
563923,520,399,919,222,0,228,326.92,1.0000,0.5769,0.211333,64,8,17,17.53,0.8377,0.1426,0.013043,4.145
563930,520,447,967,231,47,10,32.19,0.9893,0.5373,0.190469,18,13,32,294.21,0.4677,0.0792,0.005207,4.356
563937,520,404,924,221,8,226,327.13,0.9944,0.5752,0.210390,22,16,82,277.34,0.8866,0.1337,0.011503,4.234
563949,520,469,989,188,22,223,319.00,0.9700,0.5203,0.165943,14,2,13,330.22,0.6625,0.0419,0.001658,4.180
563956,520,426,946,248,10,18,28.40,0.9962,0.5556,0.202209,34,20,30,337.59,0.3153,0.1120,0.009342,4.250
563966,520,458,978,193,28,215,322.32,0.9529,0.5251,0.170758,24,7,7,21.25,0.4977,0.0641,0.003615,4.117
563993,520,462,982,218,11,152,347.42,0.9750,0.5257,0.174143,2,11,1,140.05,0.9463,0.0478,0.002544,4.266
564005,520,300,820,249,68,244,329.24,0.9783,0.6655,0.308085,32,62,12,135.47,0.9269,0.2289,0.037788,4.079
564007,520,464,984,194,72,127,355.50,0.6942,0.5156,0.176381,7,6,19,285.95,0.4747,0.0475,0.002224,4.335
564011,520,459,979,194,10,221,321.31,0.9881,0.5252,0.169084,18,9,15,339.61,0.2972,0.0629,0.003585,4.089
564031,520,211,731,254,163,68,63.19,0.9824,0.7567,0.476852,48,82,42,140.73,0.6598,0.3095,0.068300,4.454
564037,520,401,921,253,40,65,22.60,0.9895,0.5825,0.227856,63,0,41,347.37,1.0000,0.1404,0.012170,4.469
564045,520,453,973,179,36,238,312.55,0.9547,0.5253,0.170196,35,2,9,10.28,0.8354,0.0732,0.004205,4.062
564055,520,364,884,242,49,190,341.93,0.9381,0.6080,0.247945,58,12,76,314.23,0.8042,0.1681,0.016844,4.457
564057,520,458,978,189,78,149,344.01,0.6680,0.5250,0.184390,18,1,40,298.79,0.9369,0.0627,0.003035,4.420
564079,520,453,973,206,33,191,332.43,0.9235,0.5337,0.179731,28,7,1,45.01,0.8291,0.0684,0.004011,4.253
564083,520,451,971,194,27,237,317.33,0.9729,0.5436,0.183690,16,15,5,103.90,0.4401,0.0708,0.004628,4.278
564089,520,413,933,251,7,105,9.23,0.9947,0.5744,0.216848,17,28,37,243.83,0.3187,0.1178,0.010832,4.387
564099,520,376,896,242,41,184,343.51,0.9490,0.5999,0.239268,58,12,60,326.16,0.7513,0.1554,0.014888,4.458
564102,520,401,921,171,106,206,312.67,0.6552,0.5756,0.234229,17,38,22,150.18,0.5928,0.1421,0.015633,4.331
564112,520,441,961,225,40,122,0.71,0.8995,0.5398,0.189330,20,19,18,67.67,0.0356,0.0882,0.006581,4.230
564115,520,424,944,246,18,85,15.08,0.9854,0.5617,0.206848,7,15,68,268.40,0.9222,0.1065,0.008041,4.425
564120,520,424,944,213,38,203,330.90,0.9320,0.5566,0.198462,20,14,66,280.20,0.8253,0.1114,0.008561,4.243
564123,520,317,837,253,99,133,9.87,0.9619,0.6565,0.315030,65,48,19,78.73,0.6020,0.2217,0.032848,4.406
564161,520,449,969,206,55,169,339.71,0.8223,0.5370,0.187207,5,8,48,270.46,0.9062,0.0721,0.004193,4.377
564170,520,445,965,178,56,241,310.73,0.9276,0.5417,0.186451,1,15,47,260.35,0.9432,0.0818,0.005533,4.258
564172,520,295,815,216,122,234,321.00,0.8384,0.6782,0.344599,5,68,40,157.52,0.9726,0.2435,0.043195,4.234
564181,520,442,962,207,75,128,358.80,0.7224,0.5428,0.198581,0,14,52,261.06,1.0000,0.0836,0.005620,4.469
564184,520,398,918,229,86,44,36.51,0.9046,0.5790,0.234982,34,31,41,298.72,0.1851,0.1437,0.014802,4.398
564202,520,477,997,200,63,103,6.90,0.7569,0.5065,0.168156,4,0,12,302.69,1.0000,0.0238,0.000524,4.318
564207,520,358,878,222,88,212,330.71,0.8426,0.6243,0.272645,35,43,38,157.90,0.1478,0.1768,0.022250,4.466
564230,520,456,976,217,60,94,12.92,0.8301,0.5328,0.187941,18,6,20,321.97,0.5126,0.0590,0.003094,4.482
564234,520,453,973,145,78,249,296.27,0.9476,0.5304,0.183082,26,9,3,45.76,0.6342,0.0698,0.004216,4.299
564249,520,478,998,191,69,136,349.78,0.7046,0.5101,0.171118,0,2,7,251.28,1.0000,0.0226,0.000588,4.371
564250,520,408,928,251,29,62,22.30,0.9812,0.5722,0.217394,44,24,9,55.95,0.5854,0.1294,0.012085,4.307
564253,520,381,901,236,73,154,354.03,0.8417,0.6019,0.249339,59,24,28,14.55,0.5174,0.1591,0.016670,4.490
564270,520,333,853,234,112,100,27.49,0.7928,0.6364,0.300035,53,47,12,99.50,0.7158,0.2020,0.028165,4.478
564312,520,406,926,190,89,214,319.54,0.7753,0.5788,0.229481,9,29,64,260.67,0.7620,0.1345,0.013069,4.431
564316,520,398,918,222,72,165,346.40,0.8033,0.5808,0.228833,65,7,3,30.34,0.9450,0.1411,0.012825,4.438
564321,520,423,943,243,37,3,31.14,0.9976,0.5551,0.203878,28,19,44,298.78,0.4909,0.1102,0.008945,4.307
564332,520,416,936,231,19,181,341.52,0.9754,0.5680,0.207936,32,4,73,292.97,0.9314,0.1181,0.008749,4.390
564356,520,464,984,205,71,58,28.92,0.8270,0.5157,0.177933,16,8,1,74.47,0.7476,0.0542,0.002860,4.312
564364,520,454,974,226,29,103,7.07,0.9413,0.5293,0.180296,0,20,1,144.11,1.0000,0.0708,0.005025,4.185
564372,520,470,990,217,56,72,20.57,0.8743,0.5237,0.180505,11,4,0,69.28,1.0000,0.0388,0.001580,4.469
564379,520,452,972,223,61,10,35.07,0.9852,0.5342,0.190501,34,0,11,3.05,1.0000,0.0681,0.003643,4.483
564386,520,394,914,224,93,85,26.25,0.7818,0.5863,0.243344,22,39,0,130.08,1.0000,0.1447,0.016216,4.430
564421,520,408,928,136,108,243,289.09,0.8534,0.5651,0.224302,8,29,64,260.00,0.7786,0.1341,0.013005,4.354
564432,520,420,940,233,11,154,350.15,0.9841,0.5563,0.198990,38,17,21,8.36,0.4096,0.1080,0.008672,4.244
564446,520,477,997,205,45,144,348.15,0.8345,0.5139,0.168716,1,1,1,0.00,0.0000,0.0164,0.000304,4.348
564462,520,374,894,243,0,203,338.04,1.0000,0.5988,0.233695,19,43,23,147.90,0.6573,0.1597,0.019280,4.095
564474,520,464,984,182,84,152,340.65,0.6215,0.5242,0.185540,6,9,21,270.20,0.4321,0.0544,0.002882,4.454
564525,520,446,966,220,46,133,356.01,0.8655,0.5385,0.188656,30,12,1,57.41,0.8338,0.0808,0.005412,4.307
564537,520,321,841,214,110,216,326.63,0.7697,0.6461,0.304075,27,53,58,211.31,0.4153,0.2095,0.030846,4.380
564539,520,464,984,233,10,34,26.18,0.9941,0.5243,0.176594,13,6,9,349.64,0.2755,0.0490,0.002355,4.328
564547,520,430,950,234,6,138,355.50,0.9910,0.5504,0.194607,2,28,1,141.88,0.9900,0.0971,0.008456,4.184
564565,520,372,892,237,47,207,335.87,0.9475,0.6071,0.245453,51,35,11,74.89,0.6378,0.1669,0.019301,4.263
564602,520,454,974,219,33,148,349.57,0.9106,0.5344,0.182884,20,12,15,354.52,0.2178,0.0712,0.004462,4.276
564604,520,463,983,236,21,2,30.00,0.9982,0.5325,0.183768,11,4,27,295.08,0.7093,0.0514,0.002371,4.464
564640,520,404,924,210,67,209,328.20,0.8623,0.5790,0.223212,42,17,54,313.35,0.6372,0.1319,0.011595,4.436
564658,520,343,863,252,40,207,339.23,0.9828,0.6298,0.267213,40,39,69,284.00,0.4130,0.1870,0.023318,4.327
564663,520,411,931,210,27,234,322.33,0.9763,0.5676,0.204279,42,20,8,48.32,0.5933,0.1173,0.010102,4.231
564664,520,385,905,215,72,199,332.66,0.8381,0.5866,0.232073,16,37,55,246.41,0.5334,0.1533,0.017091,4.204
564680,520,426,946,198,66,213,323.48,0.8543,0.5613,0.207078,6,25,53,257.87,0.7502,0.1138,0.009910,4.291
564693,520,397,917,239,8,183,342.66,0.9926,0.5817,0.219463,45,27,1,73.68,0.9295,0.1366,0.013440,4.248
564715,520,405,925,225,45,198,335.43,0.9260,0.5792,0.219640,6,29,65,259.04,0.8231,0.1340,0.012990,4.281
564716,520,372,892,221,110,59,43.66,0.8021,0.6051,0.268421,8,43,61,235.78,0.7522,0.1714,0.021162,4.475
564720,520,400,920,196,94,185,331.60,0.6808,0.5781,0.232454,41,28,32,358.61,0.2165,0.1408,0.014062,4.409
564743,520,453,973,193,75,151,344.09,0.6958,0.5284,0.186056,35,2,10,8.39,0.8286,0.0735,0.004227,4.353
564747,520,405,925,247,0,153,353.21,1.0000,0.5814,0.220774,1,34,35,197.76,0.9484,0.1261,0.012718,4.317
564749,520,388,908,238,52,162,349.99,0.9045,0.5894,0.232447,17,38,50,235.45,0.4808,0.1538,0.017356,4.193
564760,520,423,943,227,17,187,338.83,0.9779,0.5632,0.203222,49,4,24,358.32,0.7983,0.1085,0.008059,4.361
564762,520,410,930,253,13,46,24.87,0.9945,0.5690,0.213715,33,9,80,289.49,0.8912,0.1331,0.010979,4.325
564765,520,350,870,240,82,183,345.11,0.8748,0.6314,0.279815,26,45,72,257.27,0.4999,0.1934,0.025642,4.360
564795,520,473,993,212,46,118,0.18,0.8464,0.5173,0.172614,3,1,18,284.50,0.8686,0.0296,0.000847,4.378
564802,520,467,987,214,58,60,24.87,0.8816,0.5177,0.176510,1,3,23,267.04,0.9044,0.0365,0.001334,4.412
564807,520,357,877,208,99,208,327.44,0.7596,0.6161,0.268892,47,41,27,87.43,0.2902,0.1807,0.022694,4.387
564823,520,299,819,252,109,150,4.76,0.9328,0.6742,0.338378,24,61,47,166.08,0.6313,0.2286,0.037368,4.445
564826,520,430,950,232,32,112,5.05,0.9401,0.5457,0.193617,38,3,41,324.71,0.8155,0.0958,0.006373,4.321
564850,520,421,941,193,90,173,335.37,0.6622,0.5611,0.216684,1,33,8,148.12,0.9899,0.1144,0.011116,4.364
564851,520,402,922,232,43,178,343.08,0.9243,0.5796,0.221006,60,1,27,0.68,0.9389,0.1288,0.010617,4.471
564866,520,170,690,226,184,224,327.72,0.5641,0.8043,0.558324,53,92,41,138.77,0.7531,0.3444,0.085711,4.483
564869,520,435,955,224,54,123,1.47,0.8514,0.5492,0.199183,35,11,18,3.47,0.5196,0.0913,0.006404,4.418
564872,520,453,973,235,19,60,21.16,0.9840,0.5343,0.184573,20,1,43,299.22,0.9433,0.0678,0.003449,4.389
564875,520,425,945,226,27,179,341.03,0.9543,0.5604,0.202099,45,0,52,321.95,1.0000,0.1121,0.008059,4.342
564893,520,383,903,248,22,170,348.57,0.9801,0.5959,0.234359,47,6,82,302.06,0.9045,0.1505,0.013438,4.482
564902,520,397,917,217,29,230,325.06,0.9745,0.5774,0.213457,9,32,65,257.91,0.7489,0.1432,0.014727,4.070
564918,520,467,987,233,3,29,26.68,0.9983,0.5224,0.174806,18,1,2,18.96,0.8389,0.0404,0.001547,4.361
564937,520,331,851,232,81,225,329.75,0.9057,0.6393,0.284792,14,55,32,155.09,0.8632,0.1996,0.029299,4.222
564945,520,475,995,232,13,29,27.05,0.9925,0.5225,0.175355,6,2,12,305.61,0.6139,0.0327,0.001087,4.411
564965,520,417,937,199,43,249,315.67,0.9715,0.5699,0.207108,3,32,23,169.04,0.8919,0.1159,0.011142,4.205
564973,520,441,961,226,6,145,351.49,0.9885,0.5373,0.183461,8,25,8,143.80,0.7785,0.0928,0.007644,4.050
564974,520,369,889,211,88,215,326.40,0.8234,0.6091,0.257363,10,49,18,147.07,0.9409,0.1745,0.023047,4.208
564975,520,426,946,239,57,20,32.67,0.9792,0.5626,0.213307,13,29,1,132.98,0.9742,0.1067,0.009665,4.413
564983,520,480,1000,186,13,219,319.52,0.9823,0.5108,0.158428,0,0,0,0.00,0.0000,0.0000,0.000000,4.169
564985,520,467,987,223,3,116,0.81,0.9937,0.5189,0.170168,10,1,20,306.99,0.8299,0.0386,0.001368,4.286
564986,520,409,929,206,60,223,323.34,0.9012,0.5749,0.216829,22,30,47,264.56,0.3619,0.1328,0.013043,4.232
565001,520,344,864,239,50,228,330.85,0.9614,0.6252,0.262360,17,38,101,265.63,0.8582,0.1949,0.024448,4.196
565013,520,444,964,213,64,118,2.74,0.7857,0.5367,0.191232,7,0,66,271.73,1.0000,0.0801,0.004385,4.436
565015,520,465,985,223,42,68,20.08,0.9284,0.5228,0.177640,1,2,42,266.60,0.9831,0.0508,0.002170,4.363
565052,520,448,968,228,29,121,0.93,0.9390,0.5391,0.187560,29,10,23,340.47,0.4901,0.0824,0.005402,4.288
565055,520,319,839,214,127,159,356.92,0.5523,0.6497,0.319798,32,57,34,146.09,0.5495,0.2165,0.033487,4.429
565058,520,421,941,212,6,224,325.37,0.9948,0.5577,0.195111,14,22,50,269.13,0.6009,0.1085,0.008974,4.156
565077,520,467,987,125,96,229,289.09,0.7992,0.5206,0.183827,6,8,0,118.13,1.0000,0.0440,0.002124,4.486
565081,520,454,974,188,98,6,55.54,0.9657,0.5254,0.194415,2,14,38,259.09,0.8370,0.0729,0.004669,4.471
565092,520,452,972,210,0,188,334.29,1.0000,0.5282,0.173346,10,15,13,168.92,0.1643,0.0678,0.004352,4.109
565093,520,438,958,205,14,222,324.00,0.9857,0.5458,0.185689,38,12,1,47.47,0.8757,0.0937,0.006773,4.151
565094,520,392,912,235,56,167,347.84,0.8898,0.5893,0.232834,8,27,82,264.88,0.8959,0.1464,0.014446,4.389
565095,520,453,973,201,88,50,38.61,0.7960,0.5327,0.196292,6,19,3,138.33,0.8749,0.0728,0.005110,4.469
565097,520,261,781,225,156,87,64.20,0.7038,0.7055,0.404744,28,70,80,215.76,0.5816,0.2735,0.052062,4.456
565099,520,388,908,229,36,213,332.28,0.9615,0.5901,0.227264,27,17,87,279.93,0.8745,0.1453,0.013220,4.386
565101,520,444,964,236,29,55,23.15,0.9739,0.5398,0.189906,26,11,15,3.06,0.3730,0.0768,0.004935,4.367
565106,520,342,862,239,33,246,326.67,0.9856,0.6278,0.260949,32,42,69,267.70,0.4217,0.1875,0.023926,4.206
565111,520,443,963,136,88,255,290.92,1.0000,0.5404,0.194336,14,3,55,281.90,0.9428,0.0773,0.004343,4.496
565135,520,414,934,220,74,130,0.55,0.7710,0.5654,0.217273,24,14,72,282.39,0.8393,0.1214,0.009761,4.472
565137,520,444,964,206,46,182,335.21,0.8698,0.5367,0.184552,16,18,20,248.12,0.0746,0.0826,0.005933,4.193
565141,520,426,946,163,91,239,303.05,0.8586,0.5631,0.215011,48,10,23,2.94,0.6741,0.1144,0.009074,4.486
565146,520,477,997,203,41,152,344.45,0.8496,0.5109,0.165514,4,1,2,354.20,0.4589,0.0220,0.000519,4.266
565157,520,352,872,213,91,220,325.47,0.8347,0.6191,0.267973,56,40,33,44.71,0.2553,0.1915,0.024682,4.258
565176,520,431,951,224,13,176,341.30,0.9797,0.5503,0.192723,42,1,45,325.25,0.9138,0.1027,0.007035,4.256
565192,520,473,993,220,6,144,350.49,0.9862,0.5248,0.173621,7,2,9,318.75,0.5496,0.0325,0.001083,4.378
565195,520,454,974,189,36,221,319.51,0.9390,0.5274,0.173024,35,0,9,7.40,1.0000,0.0694,0.003771,4.148
565196,520,334,854,250,5,250,328.35,0.9989,0.6420,0.273377,0,10,146,264.18,0.9949,0.2043,0.022922,4.435
565205,520,479,999,181,10,231,315.26,0.9894,0.5118,0.158115,0,1,0,142.50,1.0000,0.0135,0.000217,4.144
565207,520,459,979,225,45,85,14.95,0.9079,0.5326,0.185430,22,8,0,62.81,1.0000,0.0614,0.003443,4.405
565217,520,308,828,255,81,214,338.78,1.0000,0.6707,0.320030,7,59,73,221.21,0.8592,0.2280,0.036540,4.276
565218,520,352,872,217,118,95,34.14,0.6549,0.6191,0.285369,1,49,68,231.08,0.9654,0.1919,0.026203,4.401
565250,520,472,992,167,73,213,312.58,0.8011,0.5229,0.177855,14,0,5,353.01,1.0000,0.0332,0.001043,4.464
565272,520,384,904,207,76,212,326.29,0.8395,0.5861,0.231894,66,8,12,22.93,0.8803,0.1459,0.013587,4.433
565288,520,313,833,247,56,251,327.21,0.9874,0.6575,0.295703,0,22,152,264.19,0.9872,0.2249,0.028406,4.409
565291,520,358,878,227,109,111,20.77,0.7206,0.6226,0.284183,4,51,35,164.76,0.9473,0.1836,0.025147,4.447
565302,520,468,988,211,65,58,27.15,0.8601,0.5194,0.179373,5,1,28,283.66,0.9314,0.0393,0.001378,4.464
565322,520,353,873,245,76,137,2.73,0.8929,0.6151,0.263906,36,47,12,124.70,0.7389,0.1835,0.024346,4.222
565333,520,365,885,195,89,252,311.51,0.9720,0.6118,0.257762,2,48,39,175.73,0.9617,0.1741,0.022732,4.231
565335,520,408,928,242,33,117,5.03,0.9526,0.5680,0.212526,19,34,18,142.88,0.5152,0.1298,0.013261,4.150
565338,520,443,963,238,24,7,29.86,0.9942,0.5381,0.188491,23,13,21,333.81,0.3005,0.0791,0.005242,4.317
565351,520,408,928,238,35,146,354.51,0.9408,0.5715,0.214576,10,1,99,269.00,0.9981,0.1293,0.009870,4.419
565364,520,410,930,244,11,121,3.11,0.9887,0.5655,0.208563,57,11,1,36.51,0.9603,0.1284,0.011115,4.231
565389,520,410,930,208,27,241,320.20,0.9792,0.5696,0.205464,20,20,71,276.30,0.7924,0.1273,0.011039,4.185
565393,520,453,973,231,41,6,31.65,0.9937,0.5327,0.185910,0,12,45,260.46,1.0000,0.0730,0.004524,4.327
565411,520,441,961,224,67,37,32.84,0.9297,0.5445,0.199979,5,7,67,268.71,0.9684,0.0913,0.005894,4.472
565436,520,290,810,232,140,58,58.50,0.8418,0.6785,0.362198,7,68,6,142.55,0.9888,0.2384,0.041924,4.484
565467,520,472,992,223,37,46,25.52,0.9560,0.5160,0.172112,14,0,0,29.23,1.0000,0.0310,0.000934,4.361
565483,520,354,874,246,40,213,336.30,0.9702,0.6224,0.259175,49,35,49,326.40,0.2709,0.1759,0.020768,4.369
565484,520,458,978,154,92,202,308.08,0.6819,0.5266,0.187891,6,1,51,274.18,0.9879,0.0628,0.002994,4.489
565488,520,412,932,246,14,105,8.72,0.9873,0.5655,0.209303,50,10,38,341.86,0.6961,0.1248,0.010352,4.296
565498,520,412,932,244,51,24,31.19,0.9775,0.5677,0.216701,40,22,30,351.73,0.3344,0.1248,0.011187,4.359
565525,520,474,994,226,27,31,27.53,0.9780,0.5151,0.170545,3,3,7,283.48,0.3250,0.0300,0.000998,4.325
565532,520,357,877,231,58,238,326.35,0.9529,0.6240,0.261904,10,49,28,155.66,0.8855,0.1768,0.023449,4.247
565538,520,477,997,202,68,94,12.67,0.7508,0.5138,0.175010,1,2,6,265.10,0.5131,0.0236,0.000630,4.444
565540,520,473,993,217,16,135,353.11,0.9596,0.5173,0.168741,5,1,7,317.53,0.6519,0.0261,0.000693,4.315
565555,520,390,910,176,98,237,307.48,0.8386,0.5889,0.240806,8,42,7,142.64,0.9608,0.1480,0.017228,4.326
565561,520,438,958,224,14,183,339.24,0.9799,0.5545,0.195828,33,3,40,319.61,0.8149,0.0869,0.005417,4.436
565563,520,436,956,196,3,251,315.10,0.9983,0.5517,0.187673,29,15,0,71.95,1.0000,0.0852,0.006029,4.242
565576,520,434,954,232,33,122,1.55,0.9351,0.5496,0.196516,2,9,71,265.65,0.9733,0.0974,0.006632,4.353
565586,520,470,990,127,79,254,289.15,0.9911,0.5163,0.172596,11,4,13,319.89,0.4637,0.0437,0.001870,4.291
565592,520,434,954,204,23,226,322.69,0.9753,0.5499,0.189429,22,11,59,286.33,0.7999,0.1015,0.007257,4.182
565595,520,427,947,194,32,250,314.36,0.9772,0.5566,0.194058,7,27,17,159.79,0.6666,0.1005,0.008695,4.158
565605,520,378,898,231,16,230,328.56,0.9913,0.5973,0.230752,20,42,37,177.57,0.4367,0.1617,0.019382,4.046
565610,520,444,964,192,26,234,317.47,0.9718,0.5374,0.178872,32,10,0,52.33,1.0000,0.0800,0.005242,4.143
565631,520,416,936,218,57,193,335.21,0.8759,0.5733,0.216841,47,17,6,40.82,0.7131,0.1195,0.010185,4.434
565632,520,434,954,243,15,62,21.01,0.9901,0.5503,0.197476,40,0,50,318.66,1.0000,0.1017,0.006815,4.356
565647,520,478,998,189,72,145,345.27,0.6928,0.5148,0.174994,6,0,6,328.36,1.0000,0.0233,0.000519,4.454
565649,520,407,927,249,22,105,9.45,0.9799,0.5741,0.217370,30,31,17,111.64,0.3464,0.1305,0.012965,4.246
565653,520,437,957,241,30,21,29.20,0.9822,0.5477,0.196868,20,9,51,288.66,0.7787,0.0889,0.005831,4.422
565664,520,415,935,199,58,237,317.90,0.9226,0.5721,0.212841,45,13,37,338.38,0.6157,0.1195,0.009794,4.396
565669,520,472,992,190,59,176,332.55,0.7904,0.5172,0.172112,0,0,30,264.05,1.0000,0.0327,0.000937,4.361
565677,520,384,904,234,44,184,341.74,0.9302,0.5870,0.227572,56,20,26,11.91,0.5599,0.1458,0.014158,4.326
565683,520,340,860,239,72,227,331.07,0.9329,0.6424,0.285341,33,52,42,160.90,0.3334,0.2038,0.029464,4.220
565742,520,405,925,175,107,196,317.87,0.6101,0.5766,0.236157,7,38,13,147.16,0.9315,0.1350,0.014604,4.429
565761,520,439,959,195,37,231,318.79,0.9517,0.5455,0.186962,24,1,58,293.53,0.9708,0.0876,0.005214,4.292
565769,520,449,969,210,55,158,344.77,0.8200,0.5386,0.189048,23,10,20,335.73,0.3935,0.0729,0.004498,4.386
565781,520,424,944,230,58,113,6.94,0.8618,0.5611,0.210442,9,5,84,269.91,0.9848,0.1127,0.008066,4.485
565785,520,408,928,211,62,200,331.17,0.8598,0.5701,0.214662,53,10,38,344.74,0.7089,0.1304,0.011140,4.329
565792,520,356,876,219,109,144,1.47,0.6448,0.6197,0.280130,27,48,4,131.97,0.9504,0.1783,0.023556,4.488
565802,520,409,929,221,25,207,331.88,0.9697,0.5671,0.205747,33,3,80,290.82,0.9584,0.1261,0.009676,4.286
565812,520,469,989,217,4,155,346.11,0.9904,0.5237,0.172076,0,6,14,240.96,1.0000,0.0381,0.001619,4.302
565826,520,453,973,198,85,88,20.97,0.6720,0.5295,0.192092,10,13,26,273.08,0.3893,0.0688,0.004270,4.461
565832,520,381,901,229,68,190,339.29,0.8680,0.6010,0.245124,59,23,39,354.14,0.5298,0.1613,0.016892,4.412
565847,520,455,975,182,39,234,314.25,0.9455,0.5285,0.173378,6,11,14,231.86,0.2340,0.0556,0.003098,4.207
565848,520,319,839,248,69,224,334.09,0.9654,0.6528,0.295974,85,27,37,13.16,0.6598,0.2158,0.028490,4.408
565854,520,443,963,179,84,183,325.92,0.6846,0.5362,0.193444,27,10,25,331.55,0.4884,0.0805,0.005203,4.410
565860,520,433,953,195,49,227,319.44,0.9216,0.5507,0.193462,48,3,12,14.13,0.8692,0.1012,0.007202,4.256
565861,520,464,984,174,44,235,311.40,0.9337,0.5206,0.167991,12,1,38,290.58,0.9443,0.0546,0.002398,4.160
565864,520,459,979,236,14,32,26.74,0.9922,0.5317,0.182545,28,1,10,0.35,0.8388,0.0590,0.002905,4.395
565875,520,425,945,212,60,174,339.81,0.8254,0.5551,0.202869,24,25,10,111.83,0.4455,0.1059,0.009114,4.278
565900,520,412,932,245,40,82,17.41,0.9556,0.5691,0.215427,47,17,8,37.58,0.6690,0.1198,0.010229,4.407
565909,520,388,908,215,78,185,337.45,0.7924,0.5859,0.234007,13,41,25,155.93,0.7215,0.1505,0.017416,4.213
565914,520,441,961,66,116,252,265.26,0.9851,0.5380,0.206762,18,20,28,273.82,0.2044,0.0929,0.007127,4.495
565917,520,396,916,185,84,234,312.78,0.8616,0.5783,0.225964,0,34,63,248.55,1.0000,0.1432,0.015028,4.244
565922,520,330,850,181,125,233,306.55,0.7524,0.6391,0.303747,22,55,41,163.64,0.6176,0.2060,0.030629,4.387
565930,520,212,732,245,145,239,329.19,0.9447,0.7581,0.458973,11,73,128,251.20,0.8769,0.3083,0.063944,4.467
565932,520,411,931,228,50,157,349.33,0.8815,0.5670,0.212122,24,25,47,280.41,0.4173,0.1217,0.010947,4.301
565933,520,382,902,253,28,140,359.05,0.9834,0.5955,0.236102,42,32,57,301.71,0.3919,0.1644,0.018207,4.195
565945,520,414,934,238,17,148,353.25,0.9775,0.5650,0.207192,36,13,57,304.50,0.7234,0.1194,0.009583,4.317
565990,520,469,989,208,0,173,338.18,1.0000,0.5152,0.164292,13,2,2,22.75,0.6364,0.0364,0.001334,4.174
566054,520,6,526,250,252,249,134.85,0.3726,0.9869,0.967843,14,135,53,147.64,0.9900,0.4728,0.176776,4.488
566070,520,413,933,224,51,170,343.98,0.8782,0.5666,0.211197,21,13,74,279.28,0.8787,0.1193,0.009417,4.396
566077,520,390,910,252,23,123,4.16,0.9791,0.5858,0.227419,45,5,81,301.00,0.9178,0.1455,0.012605,4.431
566083,520,297,817,228,113,232,326.13,0.8752,0.6793,0.341323,66,54,28,85.32,0.4712,0.2405,0.038805,4.407
566096,520,420,940,205,77,166,341.59,0.7384,0.5584,0.210419,21,22,50,279.32,0.5308,0.1140,0.009635,4.367
566097,520,363,883,251,3,204,339.53,0.9985,0.6149,0.249373,41,36,46,307.66,0.1741,0.1670,0.019304,4.320
566110,520,459,979,179,89,153,339.44,0.5866,0.5282,0.190296,0,8,43,262.26,1.0000,0.0634,0.003481,4.493
566112,520,448,968,218,39,153,347.83,0.8902,0.5384,0.186588,13,17,28,268.60,0.3143,0.0813,0.005703,4.247
566117,520,432,952,219,30,176,340.28,0.9357,0.5470,0.191256,31,18,21,4.11,0.2704,0.1000,0.007781,4.175
566121,520,316,836,227,102,223,328.76,0.8564,0.6569,0.311634,2,44,121,261.31,0.9835,0.2249,0.031945,4.413
566122,520,476,996,223,17,49,23.04,0.9841,0.5064,0.163135,0,2,4,233.51,1.0000,0.0210,0.000522,4.219
566125,520,333,853,248,0,255,326.85,1.0000,0.6412,0.271794,52,28,97,294.41,0.7384,0.2006,0.024236,4.335
566135,520,443,963,211,11,207,329.37,0.9862,0.5449,0.185953,21,16,17,4.45,0.1184,0.0817,0.005705,4.236
566145,520,342,862,224,77,234,325.18,0.9139,0.6278,0.270976,41,35,87,284.61,0.6244,0.1925,0.023616,4.360
566151,520,380,900,208,70,241,319.11,0.9293,0.6004,0.241427,51,31,7,67.78,0.7143,0.1564,0.016992,4.350
566154,520,308,828,225,104,251,320.21,0.9731,0.6733,0.328750,30,63,12,136.74,0.9385,0.2310,0.038575,4.276
566169,520,363,883,234,93,92,23.58,0.8313,0.6051,0.260966,19,43,45,202.57,0.4546,0.1676,0.020556,4.407
566176,520,385,905,231,10,224,330.01,0.9942,0.5919,0.225904,33,38,6,117.66,0.7838,0.1522,0.017227,4.104
566181,520,391,911,253,20,125,3.57,0.9846,0.5875,0.228673,9,4,112,267.53,0.9949,0.1513,0.013146,4.413
566186,520,371,891,240,35,222,332.59,0.9756,0.6147,0.250040,36,39,42,248.09,0.0681,0.1679,0.019933,4.290
566198,520,445,965,228,52,66,22.50,0.9169,0.5407,0.193462,0,0,72,264.05,1.0000,0.0832,0.004678,4.453
566205,520,465,985,210,19,172,339.11,0.9539,0.5232,0.171481,23,2,3,20.24,0.7940,0.0508,0.002322,4.233
566217,520,439,959,228,38,126,359.68,0.9120,0.5459,0.193894,43,2,12,10.48,0.8731,0.0895,0.005836,4.368
566218,520,354,874,211,86,231,321.91,0.8768,0.6165,0.262756,25,49,14,137.07,0.8505,0.1815,0.024349,4.207
566225,520,459,979,205,2,201,329.42,0.9967,0.5280,0.172415,6,7,40,273.95,0.8403,0.0636,0.003439,4.162
566233,520,416,936,243,6,134,358.57,0.9934,0.5670,0.209095,35,4,75,294.96,0.9314,0.1241,0.009522,4.353
566236,520,471,991,193,35,199,326.49,0.9140,0.5172,0.166646,10,5,6,3.32,0.2276,0.0426,0.001862,4.177
566237,520,459,979,211,29,169,340.44,0.9217,0.5276,0.175944,26,1,25,329.71,0.8371,0.0624,0.003115,4.254
566246,520,383,903,159,107,254,296.43,0.9808,0.5959,0.250422,1,43,28,163.96,0.9835,0.1530,0.018180,4.406
566253,520,396,916,203,97,156,347.66,0.6283,0.5797,0.236479,36,29,36,326.08,0.1669,0.1385,0.013812,4.489
566267,520,403,923,234,38,176,344.04,0.9383,0.5793,0.220161,35,29,12,90.51,0.4768,0.1297,0.012626,4.314
566269,520,434,954,243,9,40,25.44,0.9955,0.5462,0.194067,40,10,30,342.70,0.6199,0.1030,0.007620,4.236
566273,520,352,872,222,55,255,320.18,1.0000,0.6191,0.254839,26,39,93,269.37,0.7215,0.1946,0.024609,4.086
566313,520,370,890,252,44,162,352.53,0.9740,0.6102,0.251089,14,20,110,268.66,0.9618,0.1692,0.017193,4.481
566317,520,480,1000,208,20,152,345.14,0.9388,0.5089,0.161794,0,0,0,0.00,0.0000,0.0000,0.000000,4.236
566322,520,440,960,233,54,50,27.28,0.9358,0.5502,0.201953,18,15,43,284.81,0.5878,0.0908,0.006447,4.464
566328,520,376,896,222,14,250,321.87,0.9943,0.5958,0.227479,48,15,80,302.30,0.8005,0.1597,0.015493,4.237
566329,520,435,955,228,69,6,36.84,0.9912,0.5529,0.207662,21,22,3,111.85,0.7391,0.0932,0.007398,4.489
566332,520,430,950,210,52,176,338.36,0.8495,0.5453,0.192943,39,7,42,324.25,0.7337,0.1041,0.007505,4.225
566348,520,409,929,211,18,234,322.68,0.9865,0.5661,0.202239,12,24,70,267.73,0.8246,0.1294,0.011736,4.086
566352,520,307,827,245,97,216,336.10,0.9341,0.6740,0.329224,29,62,29,143.83,0.7673,0.2297,0.037951,4.312
566371,520,428,948,239,23,129,359.93,0.9673,0.5616,0.205517,12,8,69,273.92,0.9436,0.0996,0.006815,4.497
566384,520,360,880,245,3,237,330.16,0.9990,0.6242,0.255949,13,52,7,141.13,0.9706,0.1844,0.025568,4.049
566389,520,442,962,226,9,141,352.88,0.9829,0.5362,0.182900,8,3,65,272.44,0.9803,0.0845,0.004984,4.236
566409,520,469,989,192,26,209,323.61,0.9512,0.5179,0.165502,11,6,0,85.94,1.0000,0.0439,0.002014,4.143
566422,520,350,870,230,112,100,27.58,0.7610,0.6300,0.293339,2,54,33,160.16,0.9811,0.1925,0.027609,4.424
566425,520,427,947,239,20,130,359.48,0.9727,0.5609,0.204659,15,10,64,277.22,0.8917,0.0990,0.006888,4.477
566428,520,379,899,234,68,175,345.55,0.8630,0.6022,0.247245,56,25,28,15.01,0.4681,0.1558,0.016200,4.490
566451,520,480,1000,184,18,219,318.88,0.9737,0.5090,0.157387,0,0,0,0.00,0.0000,0.0000,0.000000,4.148
566467,520,418,938,178,86,214,315.33,0.7692,0.5574,0.209765,44,17,32,347.38,0.5040,0.1220,0.010407,4.300
566468,520,460,980,221,37,121,0.07,0.9001,0.5296,0.180784,0,16,14,185.80,1.0000,0.0630,0.004023,4.272
566488,520,309,829,248,72,234,331.48,0.9701,0.6614,0.305345,21,38,120,267.81,0.9011,0.2170,0.029015,4.497
566498,520,365,885,231,24,242,325.75,0.9884,0.6079,0.240554,58,29,34,9.51,0.4105,0.1693,0.018939,4.215
566501,520,417,937,248,42,24,30.01,0.9803,0.5694,0.216819,22,13,75,279.91,0.8779,0.1213,0.009664,4.472
566508,520,466,986,191,39,205,324.19,0.9090,0.5206,0.169367,12,6,5,32.45,0.2502,0.0466,0.002194,4.203
566511,520,369,889,214,63,246,319.86,0.9571,0.6065,0.245067,70,18,9,32.23,0.8373,0.1661,0.017546,4.368
566514,520,476,996,197,65,122,357.52,0.7342,0.5100,0.170579,3,1,1,20.04,0.3720,0.0199,0.000433,4.374
566520,520,472,992,203,15,185,333.34,0.9665,0.5168,0.165429,11,0,14,321.88,1.0000,0.0335,0.001029,4.222
566534,520,401,921,152,112,226,297.63,0.7295,0.5771,0.237549,19,35,43,230.97,0.3639,0.1424,0.015149,4.414
566547,520,348,868,235,65,229,329.55,0.9391,0.6306,0.271024,50,43,24,90.00,0.3928,0.1892,0.024719,4.296
566569,520,431,951,197,41,231,319.26,0.9451,0.5513,0.192272,17,27,5,129.33,0.7538,0.1043,0.009140,4.097
566583,520,378,898,230,93,96,21.79,0.7972,0.5990,0.254989,56,30,9,56.70,0.6812,0.1623,0.017891,4.492
566597,520,314,834,255,106,53,38.89,1.0000,0.6551,0.318285,16,50,97,257.48,0.7778,0.2212,0.032543,4.462
566599,520,413,933,201,62,223,321.82,0.8905,0.5688,0.211920,6,16,80,267.10,0.9501,0.1215,0.009884,4.374
566604,520,233,753,244,151,163,11.66,0.7522,0.7379,0.440129,69,72,5,112.46,0.9369,0.2925,0.059109,4.492
566611,520,403,923,232,56,157,350.61,0.8750,0.5793,0.224212,34,28,13,88.39,0.4263,0.1260,0.011997,4.423
566620,520,406,926,238,19,173,345.48,0.9781,0.5772,0.216630,55,13,6,32.49,0.8240,0.1280,0.011134,4.361
566636,520,444,964,222,65,27,34.17,0.9513,0.5375,0.193920,6,8,52,271.27,0.9163,0.0768,0.004603,4.467
566648,520,330,850,250,16,249,328.55,0.9961,0.6433,0.275371,84,3,73,335.24,0.9024,0.2064,0.024313,4.378
566654,520,399,919,229,60,161,348.76,0.8574,0.5791,0.224656,0,38,27,169.06,1.0000,0.1355,0.014653,4.248
566657,520,426,946,172,90,218,311.56,0.7669,0.5579,0.211457,14,26,31,226.04,0.3173,0.1071,0.009311,4.408
566663,520,418,938,201,84,153,346.66,0.6795,0.5553,0.210598,49,12,20,10.41,0.6530,0.1181,0.009665,4.368
566673,520,463,983,180,22,246,311.47,0.9814,0.5270,0.169320,7,3,36,281.00,0.8836,0.0527,0.002377,4.187
566678,520,389,909,224,70,177,342.43,0.8299,0.5878,0.234043,11,37,46,223.88,0.6017,0.1455,0.015915,4.309
566691,520,412,932,219,3,229,325.94,0.9979,0.5729,0.207845,23,30,6,123.29,0.7111,0.1185,0.011238,4.211
566704,520,473,993,169,62,223,311.59,0.8634,0.5200,0.172088,4,0,25,284.41,1.0000,0.0330,0.000960,4.358
566712,520,446,966,216,31,180,338.31,0.9317,0.5442,0.188765,16,11,47,283.61,0.7276,0.0847,0.005547,4.298
566713,520,464,984,167,45,248,306.38,0.9638,0.5225,0.168703,15,5,6,11.95,0.3796,0.0479,0.002233,4.187
566746,520,373,893,204,74,245,316.81,0.9413,0.6015,0.243289,16,45,2,137.21,0.9846,0.1611,0.019913,4.195
566752,520,466,986,185,80,139,347.95,0.6339,0.5169,0.179171,1,11,7,170.90,0.8277,0.0488,0.002611,4.356
566756,520,376,896,254,60,39,30.36,0.9953,0.5965,0.244527,20,45,7,136.78,0.9320,0.1641,0.020408,4.183
566762,520,332,852,218,117,158,355.47,0.6186,0.6369,0.300985,22,54,14,139.83,0.9178,0.1963,0.028405,4.477
566793,520,373,893,217,87,182,339.53,0.7620,0.5991,0.249476,58,28,15,43.46,0.5850,0.1622,0.017647,4.427
566794,520,392,912,241,54,144,356.98,0.9008,0.5892,0.233558,31,30,66,281.96,0.5403,0.1541,0.016132,4.288
566807,520,478,998,189,31,207,323.20,0.9340,0.5138,0.163052,2,0,14,286.01,1.0000,0.0222,0.000446,4.223
566832,520,396,916,202,37,255,315.36,1.0000,0.5759,0.211012,64,1,24,6.31,0.9548,0.1365,0.011778,4.225
566839,520,434,954,186,79,206,321.05,0.7790,0.5538,0.204885,30,22,9,78.69,0.4518,0.1048,0.008696,4.342
566853,520,443,963,205,27,209,327.20,0.9566,0.5409,0.183683,0,4,61,264.18,0.9871,0.0756,0.004237,4.309
566864,520,393,913,227,38,215,331.26,0.9580,0.5889,0.226258,22,21,84,275.44,0.8566,0.1444,0.013469,4.353
566865,520,475,995,164,53,239,306.86,0.9214,0.5170,0.166714,6,1,13,306.73,0.7634,0.0302,0.000895,4.258
566875,520,349,869,253,23,215,337.23,0.9900,0.6291,0.264050,15,52,30,154.22,0.8273,0.1894,0.026512,4.105
566885,520,375,895,234,71,153,353.77,0.8367,0.5957,0.243016,14,37,71,258.23,0.6938,0.1637,0.018713,4.264
566897,520,391,911,242,5,190,341.34,0.9961,0.5906,0.227066,31,29,70,282.03,0.5944,0.1550,0.016122,4.190
566924,520,458,978,183,70,193,324.39,0.7738,0.5291,0.182991,19,5,21,322.79,0.5816,0.0586,0.003011,4.395
566925,520,406,926,242,64,56,27.75,0.9398,0.5783,0.228328,7,36,14,148.60,0.9098,0.1285,0.013386,4.391
566930,520,389,909,247,41,141,358.26,0.9431,0.5905,0.232865,57,9,65,321.44,0.7975,0.1543,0.014470,4.388
566933,520,335,855,254,22,230,333.76,0.9958,0.6396,0.273611,41,40,76,283.02,0.4685,0.1954,0.025108,4.309
566938,520,430,950,234,39,109,6.97,0.9270,0.5529,0.200506,1,29,3,144.52,0.9912,0.1002,0.008917,4.252
566951,520,289,809,231,112,236,325.90,0.9001,0.6843,0.346354,33,56,94,259.95,0.5507,0.2438,0.039597,4.424
566957,520,409,929,252,28,31,27.95,0.9891,0.5706,0.216286,45,20,33,348.74,0.4501,0.1296,0.011681,4.317
566958,520,282,802,225,129,205,335.19,0.7278,0.6875,0.361176,60,55,75,296.01,0.2373,0.2529,0.042010,4.469
566987,520,179,699,240,166,237,328.03,0.8860,0.7893,0.519137,6,87,98,209.94,0.9411,0.3296,0.077366,4.469
566989,520,445,965,235,34,11,30.46,0.9901,0.5368,0.188336,10,7,58,274.87,0.9236,0.0843,0.005219,4.316
566994,520,403,923,238,31,174,345.39,0.9578,0.5822,0.222161,24,30,38,255.70,0.2002,0.1295,0.012627,4.346
567000,520,456,976,183,51,222,316.99,0.8992,0.5296,0.177100,9,15,1,125.31,0.8766,0.0637,0.004019,4.204
567023,520,308,828,235,97,234,327.94,0.9128,0.6684,0.321543,60,42,91,298.61,0.5422,0.2322,0.033719,4.438
567029,520,415,935,253,30,0,30.57,1.0000,0.5723,0.218150,40,18,37,332.24,0.4775,0.1200,0.010173,4.456
567032,520,435,955,196,31,242,316.68,0.9712,0.5527,0.191280,30,12,22,346.62,0.4350,0.0869,0.005969,4.311
567042,520,476,996,165,94,132,347.55,0.4667,0.5067,0.176716,1,0,19,273.06,1.0000,0.0243,0.000535,4.486
567056,520,479,999,152,78,216,305.55,0.7876,0.5117,0.170825,2,0,1,344.76,1.0000,0.0130,0.000151,4.403
567075,520,466,986,185,40,214,319.99,0.9162,0.5180,0.166882,12,3,26,300.05,0.7455,0.0494,0.002179,4.157
567084,520,375,895,197,100,203,325.15,0.7118,0.5989,0.252978,34,34,59,282.78,0.3885,0.1617,0.017999,4.456
567089,520,480,1000,204,71,38,34.87,0.8845,0.5113,0.174859,0,0,0,0.00,0.0000,0.0000,0.000000,4.497
567090,520,376,896,223,47,233,325.67,0.9558,0.5994,0.236064,26,43,4,130.22,0.9284,0.1613,0.019561,4.112
567119,520,365,885,246,40,190,342.63,0.9590,0.6098,0.248313,25,18,108,274.38,0.9422,0.1704,0.017219,4.438
567120,520,407,927,200,34,250,315.95,0.9775,0.5671,0.203270,45,25,0,70.07,1.0000,0.1317,0.012532,4.050
567128,520,469,989,200,16,202,327.77,0.9724,0.5231,0.169160,3,8,5,160.14,0.4029,0.0429,0.002040,4.211
567153,520,473,993,213,59,49,28.36,0.8952,0.5152,0.174982,3,3,0,109.77,1.0000,0.0268,0.000845,4.425
567160,520,293,813,247,125,90,36.87,0.8947,0.6775,0.351825,39,58,79,251.61,0.3665,0.2438,0.040218,4.454
567163,520,349,869,250,10,223,334.56,0.9963,0.6254,0.258719,35,47,49,208.79,0.1770,0.1931,0.026121,4.056
567174,520,348,868,225,79,236,324.90,0.9197,0.6328,0.276577,43,46,11,113.88,0.7239,0.1874,0.024917,4.359
567187,520,405,925,189,82,226,316.30,0.8367,0.5757,0.223455,44,18,35,342.03,0.4948,0.1252,0.010895,4.491
567198,520,382,902,243,36,177,345.71,0.9560,0.5955,0.234939,14,44,14,143.48,0.9041,0.1584,0.019264,4.114
567200,520,439,959,236,47,49,26.49,0.9510,0.5504,0.200908,14,21,22,207.05,0.1776,0.0895,0.006876,4.411
567203,520,303,823,245,82,232,331.26,0.9551,0.6652,0.312759,30,31,141,271.55,0.9414,0.2343,0.031789,4.435
567214,520,445,965,216,12,179,338.45,0.9780,0.5366,0.181189,27,5,38,312.51,0.7544,0.0799,0.004815,4.218
567217,520,355,875,238,77,168,349.63,0.8552,0.6156,0.263149,23,31,96,271.36,0.8374,0.1776,0.020066,4.469
567230,520,405,925,211,55,222,325.11,0.9164,0.5780,0.218570,58,4,36,349.89,0.8175,0.1320,0.011139,4.393
567236,520,391,911,250,60,9,33.59,0.9933,0.5870,0.235790,54,9,70,315.13,0.8161,0.1532,0.014219,4.450
567244,520,353,873,236,16,245,326.28,0.9943,0.6163,0.247986,41,41,55,284.68,0.2106,0.1848,0.023331,4.064
567249,520,413,933,249,43,16,30.85,0.9884,0.5718,0.219085,60,1,10,19.23,0.9754,0.1240,0.010045,4.481
567256,520,433,953,226,70,24,35.58,0.9594,0.5509,0.206178,48,7,2,33.18,0.9182,0.1049,0.007848,4.428
567289,520,417,937,235,14,179,342.97,0.9844,0.5732,0.212338,1,35,20,160.32,0.9793,0.1238,0.012590,4.191
567294,520,478,998,218,24,103,5.38,0.9431,0.5105,0.165406,2,0,16,283.45,1.0000,0.0236,0.000503,4.265
567305,520,456,976,177,56,234,311.99,0.9068,0.5345,0.181169,14,8,23,301.32,0.4615,0.0603,0.003289,4.338
567307,520,372,892,210,97,188,335.45,0.7155,0.6054,0.258836,38,40,18,113.15,0.4794,0.1653,0.019733,4.429
567338,520,433,953,215,81,35,37.99,0.9035,0.5455,0.204557,36,17,6,50.64,0.5951,0.1011,0.007892,4.397
567359,520,469,989,213,50,101,7.81,0.8448,0.5171,0.173693,3,0,36,273.91,1.0000,0.0419,0.001467,4.346
567378,520,348,868,226,84,217,330.37,0.8728,0.6285,0.275213,69,32,27,29.03,0.5186,0.1921,0.023775,4.408
567380,520,395,915,247,18,159,351.63,0.9829,0.5878,0.227133,29,6,92,282.25,0.9581,0.1397,0.011641,4.496
567382,520,444,964,186,17,249,312.63,0.9882,0.5373,0.176807,35,0,32,331.99,1.0000,0.0797,0.004617,4.153
567392,520,296,816,239,134,45,55.58,0.9088,0.6761,0.355930,16,67,39,155.03,0.8984,0.2428,0.042708,4.379
567418,520,402,922,246,52,64,23.92,0.9553,0.5765,0.224224,10,28,56,259.00,0.6764,0.1260,0.011805,4.437
567434,520,417,937,243,1,144,355.26,0.9989,0.5699,0.210933,52,2,38,342.27,0.8544,0.1185,0.009135,4.412
567444,520,437,957,244,15,9,29.22,0.9938,0.5479,0.195980,19,10,50,287.20,0.7576,0.0885,0.005858,4.404
567445,520,348,868,252,17,225,334.52,0.9939,0.6316,0.265358,27,42,75,264.34,0.5318,0.1880,0.023969,4.263
567446,520,435,955,234,22,127,359.63,0.9640,0.5504,0.196016,45,0,19,359.82,1.0000,0.0925,0.006050,4.389
567449,520,380,900,216,88,189,336.66,0.7697,0.6024,0.252545,50,28,51,325.38,0.4321,0.1626,0.017477,4.484
567450,520,344,864,175,117,245,302.62,0.8533,0.6252,0.284295,39,47,18,122.23,0.5893,0.1873,0.025080,4.453
567469,520,471,991,215,3,162,343.37,0.9927,0.5232,0.171232,2,4,19,269.16,0.7194,0.0376,0.001467,4.298
567480,520,423,943,246,33,10,30.31,0.9928,0.5594,0.207060,28,6,69,290.23,0.8988,0.1114,0.008068,4.427
567483,520,236,756,246,154,152,21.25,0.7917,0.7432,0.449734,47,79,10,132.15,0.9531,0.2948,0.062181,4.455
567485,520,479,999,206,61,81,17.23,0.8101,0.5095,0.170556,0,0,3,264.05,1.0000,0.0094,0.000066,4.405
567486,520,472,992,205,59,120,359.40,0.7808,0.5170,0.174652,2,1,24,274.94,0.9509,0.0328,0.001006,4.404
567498,520,344,864,234,65,225,330.34,0.9332,0.6265,0.267117,49,44,11,100.66,0.7084,0.1885,0.024785,4.240
567509,520,231,751,243,155,132,35.39,0.7670,0.7360,0.441656,4,84,5,142.71,0.9960,0.2938,0.063771,4.321
567523,520,422,942,223,68,121,4.01,0.8035,0.5607,0.212052,19,17,61,278.94,0.7506,0.1110,0.008762,4.460
567528,520,432,952,222,38,171,342.75,0.9136,0.5543,0.198586,1,22,50,254.81,0.9250,0.1009,0.008105,4.278
567534,520,354,874,243,92,93,23.18,0.8930,0.6197,0.275024,16,50,26,150.60,0.8257,0.1821,0.024659,4.353
567538,520,375,895,201,99,191,331.14,0.6888,0.5965,0.251043,17,43,8,138.65,0.9265,0.1558,0.018644,4.386
567540,520,448,968,229,52,63,23.44,0.9218,0.5422,0.194758,15,18,11,126.72,0.2410,0.0788,0.005583,4.403
567541,520,340,860,254,95,39,38.05,0.9928,0.6363,0.294052,5,54,42,171.70,0.9275,0.1964,0.028376,4.390
567543,520,225,745,228,162,184,357.49,0.5405,0.7458,0.457969,22,77,96,225.27,0.7331,0.3012,0.063226,4.486
567561,520,366,886,176,109,239,305.58,0.8252,0.6083,0.263999,49,37,33,39.24,0.1885,0.1743,0.020860,4.431
567573,520,374,894,222,21,252,321.38,0.9909,0.5991,0.230963,40,32,45,312.24,0.2407,0.1552,0.016736,4.210
567575,520,318,838,192,121,251,307.39,0.9331,0.6563,0.318470,15,55,75,234.46,0.7096,0.2192,0.033418,4.417
567586,520,300,820,206,121,253,312.14,0.9724,0.6748,0.338895,19,64,42,158.66,0.8118,0.2347,0.039723,4.334
567600,520,447,967,229,52,38,29.46,0.9438,0.5391,0.192569,9,19,25,235.59,0.3450,0.0820,0.005940,4.336
567654,520,480,1000,210,24,136,351.38,0.9233,0.5068,0.161348,0,0,0,0.00,0.0000,0.0000,0.000000,4.227
567658,520,448,968,179,82,189,323.82,0.7099,0.5368,0.192935,18,16,9,94.10,0.2540,0.0762,0.005189,4.402
567660,520,420,940,194,79,193,327.99,0.7578,0.5579,0.209130,10,25,40,249.97,0.5175,0.1068,0.009130,4.382
567661,520,313,833,200,116,248,311.71,0.9151,0.6559,0.315484,21,59,34,152.38,0.7821,0.2166,0.034027,4.350
567662,520,473,993,190,4,220,320.48,0.9948,0.5163,0.162027,0,4,2,165.38,1.0000,0.0271,0.000912,4.165
567674,520,405,925,250,37,105,10.48,0.9644,0.5828,0.226706,7,38,2,140.28,0.9852,0.1332,0.014357,4.300
567676,520,133,653,254,195,159,52.69,0.9337,0.8390,0.626061,42,103,41,143.17,0.9079,0.3737,0.103525,4.404
567678,520,476,996,226,13,24,27.63,0.9919,0.5092,0.165255,1,1,7,277.79,0.7136,0.0203,0.000435,4.268
567684,520,421,941,248,15,46,24.76,0.9927,0.5589,0.204990,51,4,19,6.83,0.8221,0.1108,0.008378,4.368
567688,520,412,932,241,52,86,17.18,0.9252,0.5704,0.218319,19,23,60,274.62,0.6545,0.1226,0.010774,4.415
567689,520,371,891,223,34,253,321.26,0.9921,0.6065,0.239260,17,46,39,175.43,0.5807,0.1735,0.022196,4.007
567691,520,411,931,242,20,125,1.70,0.9755,0.5652,0.208615,46,16,8,36.13,0.6680,0.1162,0.009690,4.333
567731,520,472,992,202,63,124,357.49,0.7568,0.5175,0.175688,10,2,0,51.16,1.0000,0.0320,0.001080,4.418
567746,520,382,902,251,46,150,356.32,0.9644,0.6047,0.246687,61,25,18,32.46,0.5970,0.1619,0.017312,4.408
567754,520,347,867,224,75,240,323.71,0.9350,0.6296,0.271727,41,31,92,285.40,0.7034,0.1888,0.022241,4.454
567756,520,467,987,217,60,34,32.02,0.9327,0.5226,0.181015,3,8,8,195.79,0.3349,0.0439,0.002106,4.434
567760,520,38,558,200,251,254,200.78,0.9490,0.9464,0.884279,24,126,90,163.55,0.9336,0.4535,0.158534,4.480
567779,520,404,924,252,3,126,2.66,0.9976,0.5819,0.222706,38,26,12,69.55,0.4618,0.1259,0.011774,4.415
567792,520,461,981,170,70,225,310.87,0.8469,0.5324,0.183634,15,2,27,306.60,0.8031,0.0510,0.002241,4.472
567793,520,444,964,216,38,161,344.55,0.8942,0.5379,0.185607,14,16,30,276.84,0.3667,0.0809,0.005577,4.239
567805,520,479,999,205,23,167,339.44,0.9324,0.5124,0.163840,1,0,2,311.99,1.0000,0.0114,0.000108,4.268
567818,520,439,959,217,47,174,340.75,0.8784,0.5528,0.198430,6,8,63,269.84,0.9527,0.0888,0.005712,4.459
567834,520,360,880,238,34,233,329.44,0.9801,0.6178,0.252070,30,41,64,264.18,0.3935,0.1799,0.022320,4.177
567847,520,374,894,250,71,28,33.96,0.9758,0.5987,0.249178,9,45,2,140.17,0.9891,0.1580,0.019392,4.311
567848,520,305,825,226,98,249,321.28,0.9643,0.6654,0.317455,29,62,3,135.21,0.9843,0.2262,0.037129,4.217
567856,520,452,972,231,38,52,24.51,0.9582,0.5340,0.186261,12,16,19,240.51,0.1450,0.0740,0.004958,4.299
567858,520,420,940,242,36,69,20.52,0.9639,0.5582,0.205720,33,11,50,306.94,0.7104,0.1066,0.007930,4.414
567864,520,456,976,194,45,207,324.42,0.8972,0.5314,0.178526,6,11,22,263.06,0.4175,0.0592,0.003360,4.283
567870,520,396,916,217,89,128,3.97,0.7019,0.5796,0.234572,9,37,25,162.30,0.7412,0.1356,0.014513,4.411
567875,520,432,952,202,81,157,344.81,0.7011,0.5545,0.208775,6,28,3,140.43,0.9575,0.0999,0.008758,4.404
567885,520,337,857,220,81,249,320.21,0.9668,0.6359,0.279419,37,51,26,132.45,0.5022,0.1994,0.028355,4.204
567911,520,259,779,240,130,207,339.62,0.8433,0.7110,0.389977,51,65,66,201.76,0.1564,0.2672,0.048777,4.454
567912,520,402,922,227,34,201,335.00,0.9546,0.5781,0.216945,12,8,96,269.93,0.9813,0.1342,0.010963,4.379
567914,520,463,983,229,28,71,18.19,0.9635,0.5272,0.179464,3,7,29,267.87,0.7683,0.0523,0.002600,4.362
567927,520,457,977,233,7,81,14.43,0.9924,0.5308,0.180728,7,3,41,278.55,0.9196,0.0573,0.002704,4.378
567943,520,425,945,146,94,255,293.57,1.0000,0.5608,0.213364,31,9,64,295.27,0.8260,0.1138,0.008569,4.497
567950,520,439,959,182,55,245,311.14,0.9460,0.5500,0.192710,16,5,65,279.49,0.9406,0.0935,0.006003,4.334
567957,520,424,944,154,97,237,299.16,0.8305,0.5604,0.215341,38,20,15,36.28,0.3956,0.1125,0.009469,4.462
567958,520,321,841,251,39,245,329.60,0.9865,0.6503,0.285558,0,41,111,260.49,1.0000,0.2065,0.027334,4.339
567972,520,367,887,251,0,199,340.83,1.0000,0.6116,0.246361,60,18,59,328.64,0.6766,0.1659,0.017092,4.417
567998,520,435,955,219,53,144,352.15,0.8413,0.5469,0.196223,14,23,1,126.88,0.9381,0.0894,0.007083,4.313
568016,520,363,883,252,17,195,342.21,0.9904,0.6145,0.250398,10,32,96,264.85,0.9043,0.1731,0.019420,4.327
568018,520,412,932,185,70,251,309.92,0.9705,0.5741,0.216606,16,30,41,243.21,0.3919,0.1249,0.011988,4.301
568032,520,474,994,203,13,195,330.50,0.9760,0.5228,0.169264,1,4,5,213.96,0.4850,0.0298,0.001042,4.296
568034,520,231,751,238,152,192,350.67,0.7101,0.7416,0.444413,27,80,36,146.74,0.9069,0.2902,0.060975,4.455
568055,520,351,871,228,105,158,355.22,0.7223,0.6324,0.290681,1,54,18,148.67,0.9957,0.1888,0.026883,4.431
568062,520,467,987,141,84,236,296.31,0.8572,0.5234,0.180596,5,4,13,289.00,0.4446,0.0377,0.001482,4.479
568063,520,396,916,238,59,106,10.90,0.8882,0.5754,0.223488,28,4,91,282.06,0.9716,0.1352,0.010890,4.492
568068,520,413,933,246,48,30,30.02,0.9715,0.5698,0.218040,57,0,34,350.32,1.0000,0.1241,0.009855,4.478
568078,520,480,1000,227,2,3,29.10,0.9989,0.5078,0.163839,0,0,0,0.00,0.0000,0.0000,0.000000,4.277
568084,520,463,983,215,67,26,35.26,0.9442,0.5262,0.185384,25,0,13,349.05,1.0000,0.0528,0.002358,4.496
568098,520,403,923,210,78,188,334.89,0.7851,0.5793,0.227831,4,26,71,261.69,0.9114,0.1311,0.012195,4.467
568110,520,322,842,245,101,149,2.19,0.8522,0.6508,0.308927,70,42,20,57.26,0.5768,0.2143,0.030087,4.482
568123,520,383,903,248,45,142,358.36,0.9424,0.5953,0.237896,55,16,57,325.75,0.6864,0.1532,0.014783,4.444
568135,520,402,922,217,43,226,325.89,0.9505,0.5820,0.219725,3,6,97,265.70,0.9913,0.1288,0.010126,4.486
568137,520,372,892,218,49,251,320.17,0.9824,0.6055,0.240690,23,6,120,272.63,0.9889,0.1725,0.016684,4.359
568139,520,478,998,222,25,32,27.12,0.9784,0.5056,0.163319,0,0,9,264.05,1.0000,0.0151,0.000197,4.250
568141,520,408,928,193,61,243,314.61,0.9362,0.5703,0.211473,10,35,9,142.79,0.9065,0.1257,0.012863,4.159
568153,520,396,916,214,88,143,355.70,0.6981,0.5784,0.232609,14,37,40,206.61,0.4983,0.1439,0.015696,4.302
568155,520,452,972,177,86,172,329.45,0.6420,0.5300,0.189824,17,2,43,293.92,0.9068,0.0662,0.003370,4.494
568180,520,409,929,222,52,180,340.23,0.8811,0.5689,0.212833,40,3,78,298.42,0.9467,0.1330,0.010663,4.333
568190,520,400,920,197,94,183,332.78,0.6782,0.5785,0.232961,40,28,39,329.15,0.2592,0.1425,0.014281,4.402
568217,520,37,557,230,250,193,123.55,0.8397,0.9491,0.890441,23,130,5,141.60,0.9971,0.4537,0.161577,4.445
568221,520,380,900,236,20,214,333.67,0.9861,0.5968,0.231910,40,9,96,289.31,0.9228,0.1598,0.014910,4.343
568228,520,323,843,255,39,232,333.53,1.0000,0.6491,0.285405,5,48,94,254.36,0.8969,0.2097,0.029541,4.217
568236,520,400,920,248,31,123,3.88,0.9636,0.5810,0.223700,42,23,53,311.94,0.5202,0.1422,0.013621,4.302
568240,520,411,931,248,7,115,5.62,0.9938,0.5710,0.213497,59,2,8,21.58,0.9579,0.1227,0.009909,4.398
568256,520,458,978,219,63,20,34.81,0.9648,0.5289,0.186682,19,7,4,39.96,0.4631,0.0565,0.002992,4.466
568275,520,410,930,246,44,43,27.49,0.9665,0.5680,0.215721,19,3,97,274.14,0.9900,0.1343,0.010666,4.380
568277,520,430,950,179,87,199,320.18,0.7179,0.5505,0.205246,3,16,61,264.60,0.9209,0.0986,0.007268,4.457
568294,520,365,885,233,34,235,327.78,0.9786,0.6105,0.244683,16,47,12,141.44,0.9236,0.1692,0.021697,4.110
568306,520,371,891,227,99,114,15.39,0.7382,0.6073,0.264720,37,41,29,122.83,0.2368,0.1699,0.020679,4.453
568310,520,412,932,209,28,244,319.77,0.9798,0.5740,0.209192,35,24,28,355.07,0.2065,0.1216,0.010945,4.253
568319,520,432,952,233,51,66,22.62,0.9280,0.5499,0.200877,27,22,17,67.03,0.1747,0.1030,0.008473,4.290
568325,520,374,894,212,59,246,319.44,0.9578,0.5999,0.237805,53,17,74,310.14,0.7502,0.1643,0.016523,4.326
568333,520,480,1000,147,72,238,299.65,0.8912,0.5150,0.170111,0,0,0,0.00,0.0000,0.0000,0.000000,4.402
568347,520,444,964,194,64,200,326.04,0.8246,0.5442,0.193078,20,18,4,102.07,0.5942,0.0820,0.005901,4.348
568373,520,383,903,232,73,163,349.72,0.8310,0.5985,0.245679,16,40,19,146.61,0.7272,0.1472,0.016747,4.430
568377,520,451,971,199,46,202,327.25,0.8912,0.5372,0.183621,18,13,14,4.58,0.1309,0.0707,0.004482,4.288
568400,520,380,900,217,59,235,323.40,0.9346,0.6000,0.238797,39,20,89,288.65,0.8062,0.1643,0.016529,4.341
568402,520,376,896,252,39,153,355.17,0.9743,0.6037,0.244499,56,27,41,350.68,0.4362,0.1647,0.017848,4.341
568406,520,472,992,225,30,44,25.29,0.9695,0.5157,0.171208,2,2,19,275.27,0.8406,0.0321,0.001033,4.335
568410,520,409,929,212,89,116,9.19,0.6837,0.5673,0.224049,11,14,90,269.45,0.9607,0.1332,0.011233,4.475
568418,520,432,952,165,102,189,316.13,0.5916,0.5504,0.211769,6,26,24,186.68,0.6037,0.0993,0.008434,4.480
568427,520,394,914,215,27,250,320.01,0.9847,0.5881,0.221349,68,2,17,15.64,0.9521,0.1447,0.013131,4.298
568428,520,478,998,186,25,217,319.85,0.9586,0.5135,0.161455,4,1,4,327.25,0.5374,0.0231,0.000563,4.182
568445,520,474,994,203,12,190,331.90,0.9758,0.5192,0.166791,10,0,14,319.57,1.0000,0.0324,0.000962,4.254
568467,520,446,966,183,70,214,318.18,0.8268,0.5433,0.193038,9,8,52,274.84,0.8880,0.0790,0.004797,4.435
568479,520,378,898,232,55,203,335.85,0.9215,0.6017,0.242025,9,39,59,241.93,0.7061,0.1585,0.018248,4.279
568483,520,418,938,146,97,251,293.73,0.9459,0.5624,0.216254,5,30,43,234.64,0.7222,0.1201,0.011352,4.340
568497,520,406,926,215,42,234,323.43,0.9581,0.5836,0.220455,15,7,93,272.00,0.9786,0.1307,0.010438,4.475
568506,520,400,920,236,53,157,351.31,0.8942,0.5843,0.228163,48,2,76,307.06,0.9532,0.1417,0.011937,4.491
568509,520,480,1000,196,71,108,5.48,0.7058,0.5110,0.173268,0,0,0,0.00,0.0000,0.0000,0.000000,4.465
568510,520,458,978,188,8,239,315.47,0.9934,0.5295,0.170983,0,10,36,258.75,1.0000,0.0613,0.003444,4.135
568515,520,430,950,198,65,193,329.44,0.8129,0.5473,0.196382,43,10,22,0.78,0.6320,0.1048,0.007887,4.256
568523,520,413,933,243,60,10,33.83,0.9911,0.5730,0.223117,8,23,69,265.64,0.8659,0.1242,0.010940,4.482
568524,520,445,965,196,61,188,330.44,0.8130,0.5367,0.187057,27,2,50,302.63,0.9130,0.0849,0.005067,4.305
568527,520,270,790,254,103,223,336.46,0.9932,0.6993,0.361019,4,55,132,259.80,0.9698,0.2631,0.044238,4.361
568530,520,431,951,226,67,45,31.08,0.9150,0.5491,0.203753,13,25,24,189.28,0.3028,0.1006,0.008468,4.340
568547,520,410,930,242,5,149,353.54,0.9944,0.5708,0.211589,33,13,73,291.54,0.8184,0.1305,0.010922,4.294
568553,520,471,991,220,48,34,29.59,0.9446,0.5169,0.174477,5,7,10,253.66,0.1810,0.0441,0.002061,4.312
568562,520,424,944,197,43,242,316.66,0.9539,0.5612,0.200103,21,27,15,129.85,0.3484,0.1098,0.009778,4.184
568568,520,404,924,236,4,197,338.08,0.9966,0.5830,0.219538,19,34,2,130.63,0.9491,0.1268,0.012869,4.287
568572,520,459,979,223,33,129,357.26,0.9165,0.5342,0.183633,13,10,8,57.60,0.1262,0.0574,0.003202,4.391
568582,520,456,976,187,74,175,332.02,0.7253,0.5297,0.185589,7,7,35,277.07,0.7522,0.0602,0.003185,4.430
568593,520,457,977,200,73,122,359.70,0.7074,0.5256,0.184515,7,12,3,129.44,0.5678,0.0552,0.003147,4.413
568612,520,441,961,185,8,251,312.04,0.9949,0.5353,0.174541,34,12,0,54.59,1.0000,0.0868,0.006031,4.007
568629,520,429,949,208,1,229,323.18,0.9992,0.5535,0.190906,30,20,22,5.35,0.2022,0.1035,0.008343,4.129
568639,520,441,961,207,43,195,331.54,0.8999,0.5442,0.189352,14,22,19,169.85,0.2210,0.0911,0.007142,4.189
568643,520,462,982,177,51,237,311.56,0.9230,0.5325,0.178301,0,12,18,223.92,1.0000,0.0544,0.003066,4.302
568645,520,440,960,236,39,55,24.11,0.9599,0.5455,0.195629,29,12,23,341.76,0.4295,0.0859,0.005860,4.397
568662,520,425,945,219,13,212,330.10,0.9873,0.5631,0.201036,9,20,57,267.13,0.7862,0.1067,0.008538,4.288
568664,520,330,850,251,52,224,334.67,0.9810,0.6448,0.283501,79,19,72,333.01,0.7356,0.2099,0.025961,4.390
568673,520,383,903,250,3,182,345.28,0.9980,0.6013,0.237699,8,33,74,259.89,0.8263,0.1531,0.016337,4.337
568702,520,362,882,243,72,142,359.92,0.8834,0.6089,0.256455,52,33,51,328.43,0.3461,0.1763,0.020569,4.343
568714,520,21,541,252,242,249,336.14,0.7510,0.9661,0.910395,11,130,60,150.11,0.9899,0.4572,0.163619,4.496
568715,520,408,928,222,32,198,334.59,0.9512,0.5663,0.206422,26,1,88,281.83,0.9924,0.1259,0.009459,4.313
568727,520,404,924,233,77,65,28.25,0.8873,0.5769,0.230160,19,28,54,267.85,0.5159,0.1299,0.012353,4.493
568733,520,478,998,113,93,236,284.23,0.8569,0.5094,0.173952,0,1,16,263.65,1.0015,0.0242,0.000591,4.427
568759,520,323,843,178,142,189,318.18,0.3858,0.6468,0.324856,3,61,17,146.50,0.9914,0.2139,0.033972,4.464
568760,520,372,892,245,55,165,350.68,0.9208,0.6060,0.248646,60,13,73,317.82,0.7842,0.1700,0.017297,4.438
568784,520,399,919,223,72,149,352.92,0.7937,0.5756,0.224951,39,13,77,295.71,0.8230,0.1420,0.012550,4.396
568788,520,444,964,186,61,221,317.76,0.8728,0.5430,0.189983,9,2,60,274.88,0.9809,0.0774,0.004277,4.421
568793,520,462,982,169,54,247,306.73,0.9546,0.5321,0.177895,4,4,38,273.00,0.9158,0.0540,0.002526,4.339
568806,520,478,998,121,93,225,288.64,0.7902,0.5078,0.173297,3,2,3,326.14,0.1845,0.0248,0.000694,4.405
568822,520,417,937,230,23,177,342.52,0.9660,0.5653,0.206128,31,27,14,92.97,0.3644,0.1199,0.011069,4.194
568827,520,357,877,241,18,236,329.47,0.9929,0.6193,0.251923,23,28,106,271.65,0.8985,0.1827,0.020532,4.281
568852,520,447,967,207,70,128,357.93,0.7433,0.5364,0.192063,26,15,1,76.48,0.8535,0.0813,0.005635,4.351
568856,520,478,998,146,62,248,298.39,0.9553,0.5104,0.163338,3,0,2,338.03,1.0000,0.0160,0.000237,4.247
568867,520,337,857,241,29,255,325.17,1.0000,0.6358,0.268021,34,40,92,274.56,0.6429,0.2019,0.026303,4.168
568868,520,404,924,249,48,19,31.19,0.9854,0.5754,0.223043,11,36,12,144.33,0.8754,0.1300,0.013594,4.294
568872,520,470,990,228,9,52,22.24,0.9925,0.5153,0.169403,13,0,13,328.36,1.0000,0.0354,0.001146,4.290
568875,520,389,909,205,72,228,321.39,0.8840,0.5889,0.232169,49,22,51,324.67,0.5411,0.1492,0.014659,4.364
568892,520,458,978,155,64,250,300.88,0.9649,0.5260,0.175379,25,4,8,8.53,0.6395,0.0598,0.003111,4.244
568899,520,432,952,226,65,75,21.96,0.8708,0.5512,0.204601,43,8,4,31.54,0.8242,0.0971,0.006961,4.470
568901,520,476,996,222,29,5,30.56,0.9942,0.5062,0.164221,2,0,6,302.89,1.0000,0.0170,0.000261,4.262
568904,520,454,974,210,78,10,41.03,0.9737,0.5306,0.191746,15,12,29,290.23,0.4467,0.0725,0.004532,4.433
568920,520,400,920,211,89,144,354.64,0.6829,0.5753,0.230093,45,22,52,317.92,0.5368,0.1439,0.013797,4.390
568923,520,421,941,241,14,108,6.99,0.9847,0.5560,0.201009,30,15,48,302.15,0.6204,0.1077,0.008311,4.305
568936,520,432,952,219,62,125,0.66,0.8093,0.5482,0.199884,9,9,70,271.23,0.9513,0.1004,0.006956,4.387
568943,520,6,526,248,252,255,239.82,1.0000,0.9871,0.967971,29,135,26,142.53,0.9821,0.4724,0.176630,4.492
568967,520,336,856,252,4,242,330.56,0.9990,0.6400,0.271962,92,1,39,5.01,0.9757,0.2049,0.024439,4.325
568969,520,435,955,203,72,159,343.48,0.7441,0.5452,0.198363,10,0,71,273.33,1.0000,0.0887,0.005194,4.500
568998,520,474,994,179,63,205,319.68,0.8219,0.5227,0.175476,1,6,1,143.45,0.9126,0.0340,0.001389,4.388
569010,520,310,830,242,101,188,345.27,0.8664,0.6611,0.318181,34,54,72,246.62,0.3787,0.2246,0.034462,4.359
569012,520,359,879,245,70,176,347.91,0.9140,0.6241,0.269304,64,31,32,18.88,0.4490,0.1828,0.021744,4.451
569027,520,377,897,243,66,144,358.48,0.8915,0.6035,0.249678,6,41,60,237.47,0.7857,0.1640,0.019507,4.311
569035,520,247,767,239,124,251,323.72,0.9763,0.7220,0.397331,99,47,56,10.45,0.4920,0.2826,0.049716,4.486
569061,520,395,915,243,11,188,342.15,0.9916,0.5925,0.229280,36,33,8,102.53,0.6599,0.1412,0.014803,4.310
569065,520,446,966,199,78,144,349.53,0.6916,0.5395,0.196063,30,5,32,324.83,0.7145,0.0802,0.004889,4.483
569073,520,415,935,224,16,215,330.56,0.9864,0.5748,0.211265,1,10,86,264.72,0.9824,0.1175,0.008953,4.432
569074,520,422,942,197,77,195,328.36,0.7754,0.5612,0.211197,0,18,70,262.33,1.0001,0.1104,0.008747,4.446
569082,520,379,899,247,39,171,348.49,0.9538,0.6018,0.241687,24,28,81,274.34,0.7495,0.1567,0.016187,4.407
569088,520,400,920,229,69,137,358.73,0.8196,0.5784,0.227231,24,37,17,135.35,0.5363,0.1427,0.015578,4.228
569102,520,387,907,214,70,214,327.90,0.8726,0.5918,0.235334,42,5,91,293.59,0.9434,0.1525,0.013561,4.489
569106,520,453,973,218,61,64,24.39,0.8768,0.5294,0.186156,31,6,7,20.27,0.6588,0.0730,0.004369,4.344
569137,520,455,975,216,13,173,340.27,0.9742,0.5334,0.179063,3,7,44,268.23,0.9215,0.0648,0.003531,4.279
569149,520,480,1000,152,71,227,303.84,0.8475,0.5107,0.167284,0,0,0,0.00,0.0000,0.0000,0.000000,4.346
569171,520,384,904,249,58,46,28.87,0.9737,0.5854,0.233666,48,29,34,2.29,0.2928,0.1538,0.016227,4.283
569193,520,358,878,245,48,204,338.58,0.9538,0.6202,0.258890,51,25,76,304.59,0.6635,0.1755,0.019209,4.463
569198,520,415,935,211,12,242,320.90,0.9930,0.5708,0.205245,50,1,45,333.04,0.9115,0.1176,0.008894,4.334
569232,520,354,874,179,132,166,336.78,0.3475,0.6165,0.288402,5,52,16,146.96,0.9782,0.1828,0.025256,4.497
569240,520,461,981,200,48,180,334.17,0.8497,0.5265,0.176904,16,4,15,330.05,0.5422,0.0500,0.002315,4.337
569251,520,448,968,207,6,212,327.06,0.9926,0.5402,0.181510,18,8,47,288.62,0.7727,0.0816,0.005075,4.204
569253,520,390,910,218,21,250,320.83,0.9898,0.5910,0.223459,56,6,71,316.57,0.8549,0.1544,0.014260,4.255
569256,520,371,891,234,62,198,337.93,0.9048,0.6082,0.250175,79,3,25,12.45,0.9374,0.1727,0.017979,4.416
569265,520,348,868,247,29,231,331.99,0.9869,0.6301,0.264254,56,43,1,90.50,0.9677,0.1937,0.025708,4.151
569313,520,378,898,172,104,243,303.86,0.8616,0.5979,0.251428,28,39,39,196.26,0.1847,0.1592,0.018444,4.404
569318,520,358,878,247,35,216,335.72,0.9774,0.6235,0.259371,53,30,70,308.95,0.5542,0.1830,0.021277,4.340
569319,520,477,997,208,25,143,348.40,0.9173,0.5065,0.160905,4,0,6,318.71,1.0000,0.0204,0.000390,4.185
569348,520,408,928,224,31,203,333.71,0.9588,0.5725,0.211415,47,2,67,311.92,0.9351,0.1313,0.010531,4.319
569369,520,334,854,255,20,236,332.57,1.0000,0.6445,0.278197,3,38,110,262.04,0.9717,0.1994,0.025312,4.358
569373,520,407,927,250,17,85,15.46,0.9881,0.5698,0.213844,48,19,18,23.50,0.5247,0.1274,0.011379,4.299
569383,520,361,881,255,37,179,347.69,1.0000,0.6196,0.258413,35,34,87,279.61,0.6597,0.1846,0.021894,4.290
569388,520,434,954,221,47,163,345.44,0.8773,0.5545,0.200520,27,22,20,43.05,0.1144,0.1040,0.008573,4.277
569416,520,388,908,236,76,120,8.00,0.8377,0.5934,0.243607,55,26,8,50.11,0.6947,0.1517,0.015687,4.470
569419,520,457,977,138,86,240,294.21,0.8762,0.5265,0.183502,9,9,18,283.70,0.3052,0.0554,0.002971,4.408
569431,520,460,980,185,73,175,331.30,0.7259,0.5251,0.181759,25,5,6,18.61,0.6091,0.0613,0.003284,4.350
569434,520,249,769,251,143,130,27.83,0.9172,0.7238,0.417686,60,68,62,153.20,0.1084,0.2826,0.054427,4.479
569437,520,440,960,243,23,39,26.27,0.9866,0.5502,0.198174,2,20,44,254.52,0.8403,0.0917,0.006950,4.358
569457,520,441,961,217,47,149,349.41,0.8584,0.5404,0.189571,23,6,54,292.54,0.8418,0.0902,0.005787,4.294
569469,520,428,948,238,3,132,358.22,0.9960,0.5555,0.199114,20,21,24,271.09,0.0785,0.0955,0.007510,4.332
569480,520,385,905,236,2,209,334.92,0.9986,0.5898,0.224825,33,28,58,289.37,0.4781,0.1455,0.014593,4.255
569486,520,473,993,213,38,139,351.62,0.8772,0.5218,0.173988,7,0,17,305.72,1.0000,0.0307,0.000856,4.404
569487,520,452,972,220,56,56,25.84,0.9050,0.5269,0.183322,8,16,26,254.13,0.3894,0.0743,0.004968,4.245
569490,520,384,904,232,23,209,334.02,0.9797,0.5874,0.223747,59,18,16,25.76,0.6806,0.1453,0.014000,4.277
569521,520,343,863,245,6,245,328.35,0.9983,0.6301,0.261382,42,31,91,286.56,0.6941,0.1889,0.022275,4.308
569527,520,373,893,244,18,200,339.13,0.9878,0.6026,0.238389,40,3,100,288.73,0.9753,0.1588,0.014363,4.481
569529,520,129,649,233,196,251,314.60,0.9030,0.8481,0.637692,9,104,63,157.33,0.9791,0.3719,0.103171,4.490
569538,520,309,829,204,110,254,312.27,0.9877,0.6554,0.311461,10,53,88,248.16,0.7993,0.2205,0.033151,4.347
569549,520,468,988,196,70,145,347.22,0.7203,0.5241,0.181622,4,2,32,276.95,0.9262,0.0441,0.001735,4.477
569554,520,466,986,168,91,165,328.59,0.5759,0.5213,0.185245,16,5,16,327.10,0.4918,0.0527,0.002561,4.476
569603,520,475,995,190,63,173,333.64,0.7712,0.5199,0.175208,5,0,24,289.10,1.0000,0.0334,0.000982,4.417
569652,520,348,868,230,96,181,344.32,0.7878,0.6319,0.285273,45,46,33,111.34,0.2287,0.1941,0.026217,4.399
569655,520,410,930,231,54,140,356.39,0.8716,0.5687,0.215235,30,30,30,0.00,0.0000,0.1318,0.012983,4.211
569660,520,414,934,227,53,162,347.52,0.8732,0.5698,0.214883,28,15,64,289.42,0.7550,0.1190,0.009587,4.445
569661,520,423,943,247,10,76,17.47,0.9933,0.5600,0.205166,34,18,33,329.00,0.3991,0.1093,0.008825,4.338
569681,520,480,1000,210,24,139,350.30,0.9237,0.5081,0.162213,0,0,0,0.00,0.0000,0.0000,0.000000,4.244
569688,520,364,884,211,70,248,318.32,0.9617,0.6100,0.250081,66,15,54,338.66,0.7148,0.1697,0.017664,4.435
569695,520,478,998,223,9,75,15.23,0.9880,0.5086,0.163942,4,1,1,21.00,0.4725,0.0215,0.000497,4.237
569701,520,360,880,254,48,175,349.05,0.9913,0.6222,0.262833,18,45,51,214.12,0.5151,0.1762,0.022443,4.318
569704,520,423,943,213,79,139,355.77,0.7295,0.5627,0.216043,19,28,11,131.53,0.5252,0.1100,0.009931,4.439
569706,520,432,952,238,35,63,21.77,0.9641,0.5483,0.197413,5,24,43,250.12,0.6950,0.1032,0.008599,4.222
569711,520,404,924,228,0,218,330.79,1.0000,0.5807,0.215584,21,19,77,276.55,0.8399,0.1325,0.011609,4.311
569717,520,449,969,230,25,124,0.04,0.9523,0.5424,0.189764,10,8,47,277.38,0.8372,0.0748,0.004434,4.405
569748,520,73,593,255,223,184,72.43,1.0000,0.9075,0.774973,49,116,71,151.95,0.7804,0.4247,0.135982,4.436
569755,520,433,953,233,50,50,26.64,0.9423,0.5468,0.198382,11,22,33,249.39,0.4054,0.0953,0.007547,4.316
569767,520,432,952,244,4,0,29.37,1.0000,0.5452,0.193235,40,10,14,14.91,0.6210,0.0969,0.007000,4.267
569778,520,415,935,189,74,238,313.84,0.8991,0.5744,0.218905,36,21,26,357.84,0.2877,0.1153,0.009860,4.492
569780,520,400,920,244,33,146,355.62,0.9546,0.5822,0.223994,54,20,10,37.12,0.6801,0.1383,0.013066,4.345
569786,520,472,992,205,50,145,348.07,0.8172,0.5186,0.173067,6,1,3,350.11,0.5723,0.0254,0.000670,4.402
569796,520,383,903,237,24,207,335.72,0.9804,0.5956,0.231656,24,37,48,244.68,0.3139,0.1545,0.017307,4.185
569803,520,467,987,219,42,109,4.71,0.8832,0.5250,0.178227,15,0,18,322.73,1.0000,0.0406,0.001452,4.436
569807,520,476,996,178,67,188,324.34,0.7677,0.5143,0.171113,1,1,13,274.04,0.8863,0.0237,0.000572,4.372
569816,520,350,870,249,17,234,331.73,0.9944,0.6319,0.264842,88,3,11,24.36,0.9770,0.1908,0.021644,4.395
569820,520,410,930,250,33,72,20.03,0.9740,0.5736,0.218832,49,17,22,12.44,0.5517,0.1267,0.011119,4.399
569831,520,476,996,225,1,86,11.57,0.9985,0.5136,0.167040,1,0,10,281.20,1.0000,0.0178,0.000284,4.316
569833,520,309,829,254,45,241,331.18,0.9963,0.6560,0.293016,81,24,76,331.45,0.6995,0.2223,0.029246,4.328
569846,520,476,996,211,58,11,35.07,0.9795,0.5071,0.169016,7,0,4,341.66,1.0000,0.0236,0.000539,4.334
569856,520,8,528,254,252,233,101.95,0.8981,0.9855,0.965750,40,134,34,142.23,0.9682,0.4728,0.176161,4.491
569859,520,461,981,229,22,108,5.37,0.9612,0.5338,0.183175,24,2,4,16.40,0.7831,0.0527,0.002464,4.444
569871,520,398,918,245,49,95,14.28,0.9345,0.5780,0.224387,32,33,10,111.21,0.5934,0.1370,0.014167,4.276
569897,520,260,780,254,117,208,342.27,0.9887,0.7115,0.383503,17,77,5,140.96,0.9911,0.2724,0.054377,4.153
569900,520,434,954,220,66,112,6.95,0.8039,0.5501,0.202844,31,13,42,310.84,0.6041,0.1011,0.007463,4.400
569920,520,237,757,206,169,166,23.58,0.2827,0.7290,0.442518,14,83,6,141.74,0.9916,0.2925,0.062928,4.361
569926,520,444,964,160,69,250,302.12,0.9616,0.5382,0.186324,22,3,47,297.62,0.8779,0.0775,0.004409,4.343
569927,520,350,870,245,86,144,1.52,0.8780,0.6292,0.280847,54,41,43,7.99,0.1662,0.1948,0.025446,4.385
569932,520,464,984,197,77,95,14.17,0.6919,0.5173,0.180062,6,5,24,282.07,0.6471,0.0472,0.002132,4.413
569951,520,421,941,191,66,221,319.13,0.8646,0.5559,0.201946,21,27,7,123.23,0.6197,0.1081,0.009586,4.228
569963,520,443,963,206,53,186,334.02,0.8530,0.5448,0.192151,5,12,51,268.18,0.8856,0.0822,0.005342,4.376
569974,520,389,909,231,3,229,328.83,0.9984,0.5940,0.227137,61,20,6,39.02,0.8047,0.1508,0.015057,4.260
569984,520,460,980,231,27,72,18.00,0.9666,0.5311,0.182437,20,4,23,321.60,0.6583,0.0589,0.002974,4.388
569987,520,381,901,232,69,184,342.06,0.8653,0.6041,0.248753,0,46,11,147.21,1.0000,0.1592,0.019781,4.281
569999,520,376,896,252,48,140,359.97,0.9718,0.6043,0.247063,63,22,14,32.79,0.6927,0.1594,0.016625,4.459
570011,520,397,917,224,66,160,348.33,0.8235,0.5756,0.222843,52,6,61,320.35,0.8229,0.1391,0.011973,4.403
570018,520,394,914,234,9,217,332.44,0.9944,0.5925,0.227002,39,31,7,90.82,0.6790,0.1393,0.014267,4.310
570032,520,470,990,179,82,154,338.34,0.6280,0.5173,0.179526,13,0,18,318.67,1.0000,0.0381,0.001292,4.475
570039,520,164,684,224,185,227,323.91,0.5589,0.8055,0.560921,11,97,25,144.70,0.9891,0.3417,0.086904,4.462
570042,520,440,960,243,25,67,20.26,0.9796,0.5545,0.201586,14,10,59,277.55,0.8689,0.0929,0.006262,4.472
570043,520,454,974,208,52,158,344.08,0.8256,0.5322,0.183366,15,12,21,299.55,0.2712,0.0683,0.004186,4.307
570062,520,480,1000,219,32,54,22.74,0.9562,0.5055,0.163621,0,0,0,0.00,0.0000,0.0000,0.000000,4.272
570064,520,420,940,195,74,208,323.71,0.8141,0.5624,0.210552,26,16,59,288.74,0.7084,0.1139,0.009060,4.412
570077,520,49,569,253,233,238,0.53,0.7791,0.9434,0.853341,13,123,99,172.33,0.9617,0.4450,0.151516,4.483
570078,520,357,877,242,26,225,332.31,0.9859,0.6164,0.250551,44,11,111,287.07,0.9354,0.1843,0.019225,4.342
570085,520,384,904,225,42,226,327.95,0.9587,0.5949,0.231567,32,10,94,283.41,0.9298,0.1495,0.013323,4.447
570086,520,470,990,208,72,3,39.86,0.9919,0.5182,0.180535,0,5,25,259.63,1.0000,0.0420,0.001787,4.452
570088,520,407,927,223,87,46,36.92,0.8823,0.5698,0.227042,34,23,53,298.87,0.5133,0.1319,0.012099,4.461
570100,520,449,969,225,3,165,344.80,0.9947,0.5443,0.187919,30,2,20,344.06,0.7790,0.0682,0.003700,4.431
570109,520,476,996,178,84,124,355.21,0.5728,0.5056,0.172622,4,0,5,323.04,1.0000,0.0198,0.000368,4.420
570131,520,393,913,223,10,244,323.45,0.9955,0.5921,0.224389,11,7,103,268.87,0.9875,0.1423,0.012023,4.424
570138,520,460,980,193,14,230,318.85,0.9861,0.5317,0.173662,29,2,10,3.07,0.7827,0.0628,0.003266,4.199
570144,520,412,932,228,9,200,335.43,0.9911,0.5709,0.208621,40,13,44,322.33,0.6356,0.1155,0.009209,4.368
570169,520,389,909,250,7,165,350.25,0.9946,0.5939,0.231960,16,24,84,270.29,0.8753,0.1461,0.014034,4.403
570172,520,384,904,197,77,236,316.68,0.8928,0.5881,0.232355,7,43,18,149.81,0.9351,0.1529,0.018165,4.142
570180,520,438,958,220,35,171,342.19,0.9189,0.5488,0.193604,21,20,26,292.89,0.1479,0.0948,0.007343,4.248
570186,520,457,977,166,62,245,305.66,0.9385,0.5340,0.181454,14,6,30,295.99,0.6571,0.0605,0.003174,4.353
570199,520,479,999,210,46,113,1.81,0.8431,0.5117,0.168502,1,0,2,311.99,1.0000,0.0114,0.000108,4.361
570201,520,361,881,215,86,234,322.33,0.8938,0.6244,0.270449,55,38,24,60.22,0.3866,0.1827,0.022645,4.411
570209,520,371,891,232,9,244,325.60,0.9966,0.6074,0.238853,55,33,22,47.16,0.4211,0.1700,0.019580,4.151
570221,520,411,931,234,15,167,346.35,0.9804,0.5654,0.206270,30,26,11,94.91,0.4419,0.1155,0.010390,4.244
570230,520,438,958,202,10,236,319.93,0.9924,0.5505,0.188314,20,17,39,287.91,0.4764,0.0941,0.006961,4.184
570243,520,473,993,194,34,197,327.35,0.9152,0.5170,0.166462,1,4,0,134.81,1.0000,0.0275,0.000933,4.250
570248,520,119,639,253,200,202,15.84,0.8730,0.8602,0.664570,19,108,43,147.41,0.9763,0.3829,0.110375,4.456
570253,520,479,999,161,45,245,305.09,0.9512,0.5113,0.160470,0,0,5,264.05,1.0000,0.0116,0.000110,4.200
570277,520,382,902,246,74,56,29.79,0.9531,0.5967,0.247793,2,46,22,154.04,0.9816,0.1621,0.020247,4.239
570288,520,424,944,185,67,232,314.40,0.8832,0.5561,0.201559,24,15,62,285.53,0.7561,0.1129,0.008836,4.276
570292,520,99,619,175,230,251,223.38,0.7954,0.8767,0.726711,28,114,4,140.69,0.9967,0.4016,0.122898,4.492
570324,520,434,954,221,9,195,335.10,0.9885,0.5549,0.195100,31,6,56,301.50,0.8320,0.1020,0.007071,4.295
570325,520,471,991,156,53,252,301.63,0.9816,0.5178,0.166428,9,3,3,20.04,0.3722,0.0351,0.001298,4.219
570333,520,459,979,235,5,71,17.58,0.9954,0.5325,0.182288,29,0,13,354.16,1.0000,0.0596,0.002903,4.391
570350,520,446,966,223,13,160,346.02,0.9755,0.5400,0.185165,5,16,42,263.26,0.7412,0.0826,0.005700,4.222
570357,520,417,937,245,16,131,0.13,0.9831,0.5722,0.214251,6,11,83,267.70,0.9708,0.1176,0.009025,4.477
570366,520,150,670,251,180,236,334.25,0.9614,0.8291,0.592096,51,94,91,189.79,0.4386,0.3641,0.094642,4.439
570383,520,414,934,243,54,64,24.08,0.9419,0.5721,0.220665,20,21,61,277.32,0.6849,0.1199,0.010219,4.495
570388,520,436,956,214,69,135,356.29,0.7701,0.5505,0.203039,8,23,17,166.24,0.4915,0.0892,0.007049,4.435
570396,520,395,915,253,47,75,20.77,0.9879,0.5886,0.234274,25,23,76,278.49,0.7577,0.1423,0.013412,4.483
570400,520,355,875,221,82,212,330.42,0.8545,0.6153,0.261623,31,46,6,127.96,0.8859,0.1752,0.022584,4.293
570408,520,434,954,241,25,12,29.59,0.9907,0.5451,0.194260,4,25,31,218.84,0.6925,0.0983,0.008200,4.197
570421,520,444,964,123,101,243,285.60,0.8773,0.5394,0.199891,8,16,38,266.49,0.6040,0.0816,0.005621,4.493
570426,520,440,960,180,79,212,317.15,0.7891,0.5490,0.200498,4,25,13,156.65,0.8329,0.0915,0.007501,4.356
570436,520,313,833,234,101,203,337.51,0.8446,0.6556,0.311139,8,60,46,169.98,0.9067,0.2190,0.034804,4.258
570441,520,335,855,252,17,235,332.15,0.9949,0.6379,0.270976,12,38,107,264.27,0.9002,0.1991,0.025258,4.265
570468,520,400,920,251,43,5,31.49,0.9966,0.5756,0.222516,45,26,17,45.98,0.4167,0.1371,0.013372,4.300
570472,520,473,993,200,15,192,330.53,0.9689,0.5159,0.164286,2,0,21,278.52,1.0000,0.0273,0.000670,4.229
570474,520,384,904,217,20,247,321.24,0.9896,0.5867,0.219694,55,24,4,50.89,0.7964,0.1469,0.014744,4.166
570475,520,405,925,218,43,214,329.22,0.9389,0.5756,0.214904,50,15,31,354.34,0.5949,0.1285,0.011188,4.329
570489,520,324,844,240,121,51,47.56,0.8966,0.6544,0.324418,4,61,16,145.93,0.9890,0.2140,0.034006,4.457
570512,520,442,962,207,12,215,326.28,0.9863,0.5436,0.184365,33,8,6,28.02,0.6530,0.0797,0.005102,4.253
570513,520,397,917,244,63,8,34.44,0.9928,0.5779,0.228090,4,19,88,265.43,0.9564,0.1353,0.011960,4.488
570520,520,453,973,227,44,10,31.87,0.9886,0.5267,0.181571,22,10,11,14.26,0.3226,0.0684,0.004118,4.279
570525,520,459,979,216,55,112,4.51,0.8284,0.5310,0.185036,19,2,28,313.09,0.8022,0.0565,0.002657,4.464
570536,520,416,936,230,53,146,353.90,0.8731,0.5684,0.214473,8,20,67,267.08,0.8776,0.1157,0.009571,4.440
570537,520,468,988,167,78,195,317.33,0.7292,0.5171,0.176052,8,1,24,296.27,0.8770,0.0393,0.001393,4.399
570553,520,456,976,192,15,235,317.41,0.9865,0.5344,0.175477,10,4,40,283.26,0.8582,0.0608,0.003046,4.251
570555,520,37,557,235,244,231,135.83,0.4084,0.9497,0.881328,55,127,0,137.02,1.0000,0.4542,0.159905,4.437
570569,520,452,972,147,88,223,300.59,0.7850,0.5264,0.185105,6,5,47,273.65,0.9259,0.0663,0.003525,4.392
570580,520,308,828,250,62,254,327.17,0.9968,0.6687,0.309278,101,8,19,22.87,0.9485,0.2258,0.029879,4.498
570584,520,378,898,193,84,252,311.25,0.9736,0.6026,0.247074,0,33,89,259.83,1.0000,0.1643,0.018089,4.363
570602,520,394,914,202,67,240,317.71,0.9237,0.5875,0.228636,56,16,31,359.90,0.6234,0.1410,0.013104,4.416
570616,520,360,880,255,1,197,342.21,1.0000,0.6182,0.253164,42,36,64,292.66,0.4006,0.1784,0.021242,4.255
570618,520,443,963,177,52,241,310.63,0.9309,0.5367,0.181549,4,15,41,262.62,0.7744,0.0789,0.005275,4.189
570619,520,447,967,165,93,205,311.97,0.6971,0.5446,0.202365,20,18,15,78.14,0.1017,0.0848,0.006158,4.494
570637,520,463,983,201,17,210,325.93,0.9752,0.5309,0.174733,20,4,8,2.77,0.5554,0.0526,0.002531,4.278
570643,520,459,979,228,39,17,30.60,0.9812,0.5254,0.179884,23,2,28,320.18,0.7967,0.0618,0.003094,4.330
570649,520,76,596,238,231,189,99.53,0.5757,0.9103,0.790035,45,119,9,138.69,0.9911,0.4243,0.137708,4.475
570654,520,316,836,226,90,254,320.37,0.9940,0.6586,0.306387,75,41,19,51.79,0.6217,0.2200,0.031289,4.384
570661,520,281,801,233,145,95,49.53,0.7274,0.6948,0.384029,27,70,23,141.96,0.9179,0.2543,0.046750,4.486
570682,520,368,888,245,36,199,339.80,0.9679,0.6107,0.248008,43,10,103,289.04,0.9265,0.1726,0.017099,4.441
570704,520,327,847,244,61,236,330.03,0.9597,0.6466,0.286295,63,10,117,298.22,0.9278,0.2150,0.025582,4.449
570707,520,404,924,237,29,167,347.28,0.9579,0.5760,0.216762,22,16,78,278.23,0.8668,0.1293,0.010912,4.379
570716,520,424,944,231,67,21,34.90,0.9706,0.5570,0.210603,18,11,73,277.41,0.9080,0.1128,0.008489,4.456
570719,520,454,974,155,79,231,303.21,0.8445,0.5289,0.183305,11,16,18,224.11,0.1561,0.0728,0.004854,4.253
570723,520,444,964,219,62,101,10.69,0.8225,0.5406,0.194474,22,15,16,8.75,0.1672,0.0803,0.005496,4.405
570736,520,324,844,230,117,145,5.74,0.6948,0.6505,0.315922,8,56,56,194.95,0.8404,0.2098,0.031653,4.481
570746,520,391,911,249,61,22,32.81,0.9812,0.5864,0.235387,17,13,105,271.06,0.9706,0.1548,0.014268,4.441
570751,520,409,929,237,65,0,35.71,1.0000,0.5659,0.217883,41,5,68,304.80,0.8835,0.1264,0.009974,4.467
570755,520,455,975,169,66,233,308.96,0.8821,0.5326,0.182154,13,6,27,296.77,0.6152,0.0576,0.002949,4.384
570760,520,268,788,239,112,249,324.65,0.9690,0.7031,0.367807,16,67,80,218.71,0.7598,0.2595,0.047034,4.306
570769,520,259,779,197,160,190,332.72,0.3342,0.7075,0.407303,43,72,17,133.18,0.8931,0.2698,0.051887,4.488
570771,520,475,995,179,66,194,322.82,0.7859,0.5186,0.173764,5,2,11,302.17,0.5902,0.0311,0.000998,4.388
570775,520,443,963,241,7,13,28.65,0.9970,0.5397,0.188852,11,12,38,277.66,0.6316,0.0752,0.004740,4.363
570798,520,442,962,204,83,100,14.45,0.6880,0.5399,0.199460,29,14,4,56.53,0.6061,0.0840,0.005841,4.467
570799,520,425,945,212,18,220,326.29,0.9820,0.5576,0.195990,39,15,34,335.62,0.5196,0.1114,0.008885,4.177
570805,520,74,594,255,220,203,47.49,1.0000,0.9059,0.767594,13,118,79,161.01,0.9710,0.4227,0.136063,4.394
570807,520,363,883,235,8,235,328.35,0.9966,0.6061,0.238366,41,41,20,108.51,0.4435,0.1719,0.021078,4.057
570816,520,477,997,164,93,147,336.52,0.5031,0.5101,0.178287,0,3,4,211.91,1.0000,0.0247,0.000739,4.499
570817,520,410,930,237,8,174,344.84,0.9912,0.5732,0.212372,56,10,28,0.87,0.7224,0.1317,0.011418,4.272
570827,520,403,923,220,0,236,324.57,1.0000,0.5792,0.212739,24,17,75,280.42,0.8259,0.1294,0.011031,4.305
570829,520,360,880,218,83,219,327.46,0.8618,0.6160,0.262083,47,40,18,92.20,0.4927,0.1759,0.021656,4.355
570830,520,409,929,250,38,58,23.91,0.9770,0.5742,0.220193,10,33,46,236.31,0.5973,0.1331,0.013494,4.255
570832,520,392,912,239,58,159,351.60,0.8905,0.5948,0.238830,10,30,82,264.43,0.8672,0.1541,0.016022,4.375
570839,520,468,988,121,89,244,286.93,0.9068,0.5170,0.177411,6,4,22,285.76,0.6581,0.0435,0.001835,4.387
570840,520,423,943,233,3,167,346.00,0.9959,0.5609,0.201817,26,14,58,290.36,0.7318,0.1096,0.008392,4.313
570850,520,408,928,208,6,252,318.00,0.9971,0.5726,0.205701,39,26,31,354.07,0.2303,0.1329,0.012691,4.079
570854,520,433,953,198,53,209,324.90,0.8822,0.5460,0.191570,21,16,48,286.66,0.6172,0.0995,0.007434,4.206
570866,520,314,834,251,39,254,327.58,0.9971,0.6562,0.291190,52,54,18,112.02,0.6515,0.2219,0.034121,4.056
570873,520,438,958,211,50,184,336.01,0.8691,0.5499,0.195929,36,12,1,49.44,0.8636,0.0903,0.006403,4.360
570900,520,476,996,196,77,77,23.15,0.7203,0.5111,0.175812,1,1,0,109.77,1.0000,0.0157,0.000282,4.491
570902,520,442,962,195,7,241,316.96,0.9948,0.5424,0.181064,18,8,45,289.82,0.7548,0.0799,0.004917,4.207
570904,520,453,973,207,53,163,342.05,0.8246,0.5338,0.184580,31,3,24,338.80,0.7489,0.0737,0.004224,4.326
570911,520,429,949,186,28,255,311.17,1.0000,0.5467,0.184907,48,1,17,5.54,0.9255,0.0996,0.006907,4.128
570925,520,476,996,222,39,34,28.25,0.9584,0.5140,0.170989,1,1,10,275.68,0.8223,0.0220,0.000501,4.376
570933,520,313,833,229,97,227,328.21,0.8788,0.6553,0.307555,2,55,81,237.26,0.9423,0.2192,0.033392,4.288
570934,520,399,919,230,16,202,335.38,0.9850,0.5774,0.214605,58,5,55,330.74,0.8184,0.1444,0.012840,4.211
570935,520,357,877,249,61,164,352.22,0.9441,0.6178,0.261608,39,39,54,284.48,0.2314,0.1768,0.021487,4.359
570944,520,473,993,219,12,134,353.82,0.9719,0.5198,0.170468,8,1,15,310.19,0.7832,0.0336,0.001078,4.316
570945,520,319,839,199,141,132,28.90,0.3928,0.6490,0.328590,9,63,29,150.79,0.9602,0.2247,0.037016,4.351
570950,520,466,986,217,62,24,34.16,0.9548,0.5241,0.182655,2,5,37,267.86,0.9271,0.0535,0.002550,4.427
570954,520,375,895,246,20,195,340.94,0.9858,0.6041,0.240364,64,14,47,344.24,0.7092,0.1608,0.016095,4.393
570955,520,429,949,237,47,33,29.52,0.9613,0.5509,0.201506,37,4,49,315.27,0.8274,0.1018,0.007019,4.411
570959,520,398,918,186,71,253,309.74,0.9844,0.5782,0.220384,39,18,66,300.05,0.7045,0.1390,0.012573,4.321
570960,520,474,994,182,21,232,315.17,0.9760,0.5176,0.163088,2,3,8,269.89,0.4207,0.0292,0.000956,4.182
570965,520,474,994,178,80,165,332.80,0.6586,0.5184,0.179201,0,2,23,263.31,1.0006,0.0325,0.001053,4.489
570973,520,469,989,159,81,211,309.24,0.7616,0.5217,0.179595,0,8,16,236.28,1.0000,0.0441,0.002111,4.406
570980,520,374,894,241,77,110,12.84,0.8751,0.6009,0.251374,34,39,21,121.30,0.3935,0.1588,0.018453,4.403
570994,520,442,962,212,29,186,335.47,0.9374,0.5394,0.184231,24,7,45,299.87,0.7598,0.0848,0.005356,4.231
571001,520,465,985,223,34,64,20.35,0.9495,0.5167,0.172050,3,4,31,272.14,0.8806,0.0471,0.002051,4.266
571024,520,298,818,240,80,252,324.93,0.9877,0.6674,0.312933,2,37,135,263.54,0.9881,0.2262,0.030851,4.489
571042,520,421,941,231,59,92,15.17,0.8791,0.5583,0.208925,51,2,31,349.69,0.8531,0.1128,0.008463,4.429
571045,520,378,898,219,32,248,321.39,0.9807,0.5953,0.228724,15,28,91,268.16,0.8860,0.1613,0.016873,4.168
571049,520,421,941,252,1,32,26.65,0.9996,0.5632,0.208252,9,26,34,230.46,0.4964,0.1056,0.009123,4.368
571083,520,387,907,222,0,248,322.38,1.0000,0.5916,0.223090,21,10,105,273.43,0.9728,0.1541,0.013963,4.269
571088,520,453,973,210,42,164,342.12,0.8702,0.5309,0.180401,21,13,7,59.35,0.3356,0.0722,0.004626,4.218
571112,520,376,896,252,44,123,5.37,0.9738,0.5960,0.239304,49,23,66,309.87,0.6286,0.1613,0.016592,4.344
571124,520,477,997,193,18,198,326.91,0.9622,0.5084,0.158489,0,2,3,218.80,1.0000,0.0204,0.000500,4.129
571138,520,460,980,191,42,211,322.52,0.9100,0.5271,0.174369,14,2,35,295.75,0.8697,0.0560,0.002581,4.267
571184,520,362,882,250,66,120,8.44,0.9488,0.6088,0.255799,43,30,82,290.95,0.6443,0.1799,0.020513,4.337
571194,520,440,960,231,44,105,8.42,0.9091,0.5491,0.198131,31,8,34,322.93,0.6468,0.0879,0.005805,4.446
571202,520,444,964,210,25,203,330.14,0.9596,0.5448,0.187107,15,18,27,270.16,0.2492,0.0849,0.006133,4.224
571221,520,362,882,255,53,117,8.63,1.0000,0.6064,0.250942,30,35,87,274.72,0.6791,0.1826,0.021661,4.200
571227,520,360,880,245,26,217,334.97,0.9850,0.6168,0.251640,70,11,59,336.84,0.7732,0.1761,0.018574,4.399
571240,520,432,952,218,48,172,341.70,0.8753,0.5543,0.200002,25,24,8,105.49,0.5023,0.1039,0.008775,4.254
571251,520,195,715,247,150,252,325.26,0.9817,0.7757,0.486170,71,81,26,118.72,0.7273,0.3231,0.072990,4.359
571271,520,295,815,250,80,245,329.16,0.9814,0.6788,0.326567,1,68,44,161.75,0.9936,0.2437,0.043223,4.039
571277,520,480,1000,227,0,9,28.59,1.0000,0.5075,0.163536,0,0,0,0.00,0.0000,0.0000,0.000000,4.271
571282,520,467,987,227,17,77,15.39,0.9783,0.5198,0.172705,2,1,35,270.79,0.9825,0.0424,0.001560,4.319
571284,520,442,962,185,60,224,316.73,0.8814,0.5426,0.189290,21,3,46,296.95,0.8753,0.0754,0.004218,4.413
571307,520,377,897,235,91,41,38.22,0.9220,0.5967,0.253073,22,38,60,256.60,0.4696,0.1631,0.018830,4.403
571313,520,442,962,193,79,168,337.00,0.7029,0.5424,0.197581,7,19,12,157.90,0.4739,0.0758,0.005374,4.471
571314,520,392,912,168,106,229,305.09,0.7690,0.5867,0.242905,66,16,6,33.62,0.8658,0.1546,0.015422,4.477
571326,520,352,872,253,78,61,29.43,0.9878,0.6152,0.266719,85,8,0,31.95,1.0000,0.1867,0.021053,4.457
571331,520,440,960,243,16,28,27.52,0.9924,0.5470,0.195126,28,10,34,317.05,0.5883,0.0869,0.005795,4.393
571338,520,440,960,208,42,202,329.82,0.9142,0.5498,0.193320,26,9,41,305.55,0.6798,0.0874,0.005751,4.364
571345,520,457,977,195,81,119,1.97,0.6513,0.5273,0.188206,1,17,1,142.85,0.9825,0.0628,0.004095,4.403
571358,520,330,850,214,96,248,317.99,0.9501,0.6449,0.294407,52,43,63,304.87,0.2815,0.2066,0.028167,4.406
571376,520,452,972,144,104,187,305.01,0.5523,0.5270,0.194180,13,13,21,284.39,0.2386,0.0687,0.004276,4.499
571408,520,411,931,222,27,201,333.75,0.9634,0.5659,0.205329,1,19,78,263.44,0.9814,0.1220,0.010222,4.240
571410,520,120,640,250,197,221,349.66,0.8288,0.8568,0.654784,48,106,23,138.16,0.9580,0.3842,0.109980,4.405
571413,520,356,876,248,33,217,335.67,0.9802,0.6250,0.260570,20,38,85,265.35,0.7261,0.1813,0.021907,4.319
571417,520,478,998,187,2,214,321.14,0.9969,0.5059,0.154647,3,1,1,20.04,0.3720,0.0199,0.000433,4.058
571424,520,478,998,210,20,145,348.05,0.9394,0.5093,0.162486,4,0,13,300.75,1.0000,0.0244,0.000549,4.204
571438,520,349,869,251,26,221,335.30,0.9880,0.6300,0.264717,34,28,101,279.04,0.8165,0.1854,0.021101,4.426
571450,520,402,922,214,1,248,320.41,0.9995,0.5783,0.210971,24,23,58,281.12,0.5943,0.1251,0.011124,4.269
571451,520,390,910,235,24,210,334.47,0.9804,0.5938,0.229713,27,35,39,229.62,0.1609,0.1467,0.015815,4.250
571464,520,400,920,252,5,133,0.49,0.9960,0.5847,0.225011,19,30,58,266.16,0.5445,0.1380,0.013724,4.316
571474,520,475,995,201,32,187,332.23,0.9159,0.5216,0.170402,4,2,9,299.49,0.5347,0.0290,0.000890,4.331
571481,520,400,920,253,33,64,22.23,0.9900,0.5785,0.223443,58,9,31,357.72,0.7446,0.1357,0.011940,4.415
571493,520,400,920,247,41,117,6.39,0.9449,0.5825,0.226478,41,32,0,93.58,1.0000,0.1435,0.015045,4.251
571509,520,161,681,221,194,182,45.44,0.2974,0.8064,0.573339,53,94,40,138.69,0.7879,0.3506,0.089153,4.480
571527,520,458,978,154,69,251,299.92,0.9687,0.5314,0.180916,30,1,7,9.12,0.8746,0.0616,0.003131,4.346
571569,520,426,946,226,67,102,12.18,0.8299,0.5596,0.211451,28,7,70,289.46,0.8895,0.1139,0.008410,4.476
571572,520,372,892,252,57,144,359.31,0.9689,0.6124,0.256388,25,45,31,152.95,0.4529,0.1723,0.021823,4.266
571586,520,459,979,217,21,165,343.10,0.9522,0.5334,0.180071,0,11,32,255.07,0.9999,0.0604,0.003436,4.306
571589,520,364,884,236,84,139,1.56,0.8165,0.6092,0.260404,8,31,100,264.71,0.9235,0.1746,0.019516,4.465
571596,520,343,863,244,25,242,328.76,0.9908,0.6306,0.263420,38,46,30,129.71,0.3138,0.1860,0.024598,4.201
571613,520,417,937,177,86,232,310.29,0.8417,0.5686,0.218297,22,25,43,275.86,0.3672,0.1173,0.010402,4.442
571629,520,472,992,198,5,209,325.44,0.9924,0.5219,0.167195,1,3,20,266.78,0.8729,0.0344,0.001221,4.240
571641,520,455,975,214,27,166,342.13,0.9307,0.5307,0.178355,14,3,38,292.18,0.8488,0.0606,0.002984,4.310
571673,520,473,993,154,63,245,301.58,0.9375,0.5190,0.170180,1,0,20,272.51,1.0000,0.0251,0.000570,4.354
571675,520,362,882,229,62,217,331.21,0.9206,0.6107,0.251154,64,31,35,13.12,0.4401,0.1838,0.021915,4.188
571676,520,465,985,227,7,68,17.75,0.9924,0.5153,0.169032,11,7,9,345.24,0.1625,0.0493,0.002428,4.178
571711,520,480,1000,223,29,43,25.34,0.9701,0.5109,0.167439,0,0,0,0.00,0.0000,0.0000,0.000000,4.349
571715,520,474,994,218,10,142,350.78,0.9761,0.5208,0.170780,9,0,5,342.32,1.0000,0.0268,0.000690,4.355
571719,520,476,996,179,27,222,316.51,0.9567,0.5069,0.156427,5,0,2,349.81,1.0000,0.0195,0.000367,4.098
571741,520,463,983,231,36,6,31.06,0.9939,0.5294,0.182669,0,0,44,264.05,1.0000,0.0474,0.001818,4.490
571745,520,373,893,212,76,215,326.94,0.8565,0.5958,0.240740,71,12,5,31.12,0.9180,0.1599,0.016137,4.396
571751,520,322,842,251,39,238,331.22,0.9851,0.6458,0.281364,4,15,146,265.04,0.9911,0.2099,0.024426,4.452
571753,520,362,882,208,78,239,319.27,0.9142,0.6077,0.250922,47,35,53,314.18,0.3022,0.1754,0.020635,4.260
571763,520,362,882,233,27,239,326.89,0.9860,0.6103,0.243420,46,37,54,308.45,0.2722,0.1796,0.021703,4.092
571791,520,454,974,177,49,237,311.66,0.9272,0.5308,0.176591,24,4,32,315.38,0.7433,0.0697,0.003853,4.208
571802,520,207,727,226,160,247,317.79,0.8969,0.7659,0.480269,73,78,6,113.98,0.9358,0.3145,0.068784,4.464
571815,520,465,985,215,40,117,0.63,0.8763,0.5183,0.172515,16,5,19,319.36,0.5381,0.0541,0.002657,4.226
571834,520,457,977,209,74,68,26.25,0.8047,0.5288,0.188725,33,0,6,11.98,1.0000,0.0647,0.003365,4.473
571848,520,429,949,246,3,0,29.33,1.0000,0.5493,0.196615,33,11,44,312.73,0.6647,0.1021,0.007446,4.293
571859,520,391,911,198,103,167,341.05,0.5998,0.5868,0.244978,0,42,32,172.44,1.0000,0.1506,0.017601,4.363
571860,520,451,971,214,21,193,333.94,0.9645,0.5440,0.186849,25,1,42,307.46,0.9304,0.0733,0.003956,4.390
571862,520,422,942,203,40,229,321.44,0.9485,0.5589,0.198729,30,13,59,295.46,0.7446,0.1134,0.008796,4.230
571864,520,389,909,247,67,15,34.58,0.9872,0.5880,0.238264,22,36,42,226.56,0.2939,0.1470,0.015995,4.368
571870,520,446,966,239,3,56,21.76,0.9980,0.5382,0.187047,18,16,19,314.64,0.0949,0.0793,0.005462,4.274
571877,520,473,993,204,54,152,345.35,0.8055,0.5238,0.177447,14,1,1,25.24,0.8368,0.0344,0.001173,4.445
571881,520,249,769,248,130,207,342.13,0.9156,0.7224,0.404292,13,75,76,196.60,0.8482,0.2820,0.056393,4.270
571882,520,441,961,235,40,10,31.17,0.9906,0.5405,0.192048,32,5,35,323.73,0.7354,0.0852,0.005370,4.371
571894,520,441,961,183,39,243,312.54,0.9558,0.5376,0.179905,17,19,28,274.76,0.2327,0.0895,0.006687,4.056
571910,520,468,988,104,94,254,279.42,0.9914,0.5195,0.181036,3,8,0,130.75,1.0000,0.0411,0.001930,4.449
571941,520,397,917,233,78,98,16.92,0.8372,0.5845,0.236571,23,30,54,270.27,0.4486,0.1382,0.013770,4.494
571943,520,387,907,228,66,181,341.92,0.8581,0.5926,0.237291,8,29,79,263.60,0.8796,0.1479,0.014948,4.423
571946,520,480,1000,139,69,251,294.83,0.9701,0.5131,0.167103,0,0,0,0.00,0.0000,0.0000,0.000000,4.342
571967,520,339,859,218,113,188,339.15,0.6879,0.6426,0.303484,45,49,34,120.11,0.2598,0.2031,0.028700,4.492
571973,520,419,939,196,57,223,320.49,0.8968,0.5562,0.199912,11,14,72,271.22,0.9208,0.1115,0.008531,4.270
571993,520,21,541,251,254,130,110.09,0.9901,0.9651,0.930050,46,130,54,144.93,0.9305,0.4645,0.168118,4.493
571996,520,405,925,237,75,68,26.87,0.9024,0.5825,0.234571,25,32,35,225.67,0.1434,0.1346,0.013610,4.474
572016,520,391,911,204,59,249,316.54,0.9681,0.5898,0.228063,43,27,57,307.40,0.4847,0.1544,0.015929,4.218
572025,520,240,760,223,147,240,320.12,0.8482,0.7343,0.428480,46,75,12,131.66,0.9323,0.2813,0.056394,4.497
572037,520,355,875,243,72,164,351.78,0.8906,0.6173,0.263728,29,40,75,268.84,0.5283,0.1841,0.022867,4.305
572042,520,466,986,226,21,78,15.18,0.9705,0.5193,0.172580,6,0,41,278.69,1.0000,0.0499,0.001988,4.281
572073,520,367,887,254,26,172,349.28,0.9923,0.6098,0.247917,50,36,37,13.76,0.1939,0.1745,0.020735,4.212
572087,520,455,975,116,96,245,283.83,0.9080,0.5254,0.186709,18,4,27,310.81,0.6990,0.0588,0.002946,4.471
572089,520,439,959,193,71,206,323.75,0.8153,0.5544,0.203016,7,24,18,168.61,0.5567,0.0918,0.007421,4.406
572091,520,474,994,146,78,240,298.22,0.8903,0.5237,0.178513,5,4,3,71.35,0.1325,0.0336,0.001257,4.458
572093,520,406,926,250,56,23,31.89,0.9810,0.5840,0.232178,15,33,35,204.81,0.4009,0.1300,0.013106,4.472
572104,520,358,878,230,66,227,328.78,0.9287,0.6221,0.262678,76,12,51,348.34,0.7702,0.1845,0.020387,4.442
572118,520,457,977,218,60,41,30.53,0.9179,0.5253,0.182998,4,7,42,270.11,0.8951,0.0638,0.003449,4.359
572129,520,385,905,245,68,64,26.56,0.9462,0.5893,0.239202,17,37,44,222.74,0.4349,0.1476,0.016241,4.366
572132,520,420,940,243,39,27,29.36,0.9748,0.5573,0.205883,36,13,49,311.30,0.6673,0.1131,0.008847,4.348
572153,520,444,964,191,7,243,315.43,0.9949,0.5376,0.177007,21,12,35,299.80,0.5401,0.0824,0.005437,4.095
572167,520,377,897,232,6,237,327.19,0.9974,0.6019,0.234030,4,45,31,165.31,0.9310,0.1619,0.020014,4.057
572170,520,259,779,240,122,233,329.56,0.9202,0.7106,0.383297,84,57,34,60.56,0.4682,0.2745,0.049268,4.365
572173,520,353,873,243,27,220,333.77,0.9841,0.6154,0.250088,19,40,82,262.46,0.6983,0.1832,0.022651,4.131
572200,520,459,979,205,29,186,333.62,0.9291,0.5266,0.174050,26,0,18,341.09,1.0000,0.0566,0.002633,4.257
572206,520,429,949,194,83,168,337.54,0.6873,0.5496,0.204845,27,11,48,299.83,0.7002,0.0972,0.006858,4.482
572212,520,404,924,234,53,151,352.97,0.8861,0.5780,0.222759,42,24,25,15.91,0.3106,0.1303,0.012157,4.388
572227,520,442,962,224,53,100,10.35,0.8678,0.5411,0.193163,31,6,18,352.65,0.6214,0.0764,0.004653,4.449
572261,520,460,980,226,52,13,32.93,0.9837,0.5314,0.186566,18,8,9,12.39,0.3013,0.0589,0.003220,4.445
572264,520,397,917,249,53,35,29.98,0.9759,0.5802,0.228109,7,39,10,144.90,0.9492,0.1378,0.015181,4.267
572270,520,402,922,249,1,139,357.98,0.9991,0.5801,0.220290,50,20,13,34.34,0.5921,0.1317,0.012076,4.354
572271,520,330,850,236,100,163,353.93,0.7916,0.6397,0.295941,37,43,92,274.96,0.5958,0.2115,0.028937,4.383
572285,520,474,994,198,56,154,343.00,0.7883,0.5159,0.171690,5,2,17,292.39,0.7182,0.0343,0.001162,4.333
572287,520,374,894,221,66,217,329.06,0.8997,0.6010,0.242805,70,4,36,357.91,0.8579,0.1574,0.015165,4.493
572291,520,479,999,185,61,177,330.57,0.7777,0.5116,0.168275,1,0,5,292.48,1.0000,0.0142,0.000174,4.350
572292,520,458,978,197,41,197,328.15,0.8960,0.5267,0.174891,8,10,22,275.13,0.3932,0.0587,0.003266,4.222
572314,520,353,873,240,22,240,328.31,0.9912,0.6214,0.253931,68,20,62,332.98,0.6791,0.1847,0.020772,4.294
572368,520,469,989,199,43,183,332.90,0.8699,0.5226,0.172906,11,0,24,304.96,1.0000,0.0398,0.001371,4.339
572377,520,392,912,223,44,215,330.24,0.9435,0.5855,0.223979,22,31,66,270.17,0.5915,0.1489,0.015438,4.187
572390,520,354,874,220,65,250,320.51,0.9759,0.6205,0.259003,6,44,68,241.88,0.8057,0.1784,0.022573,4.258
572392,520,392,912,204,103,149,353.00,0.5932,0.5883,0.247095,31,37,14,121.38,0.5508,0.1484,0.016461,4.470
572424,520,471,991,198,40,187,331.38,0.8849,0.5212,0.171130,13,1,23,309.23,0.8475,0.0438,0.001691,4.278
572428,520,375,895,221,41,239,323.81,0.9671,0.5966,0.231921,36,3,107,283.47,0.9834,0.1632,0.015017,4.336
572434,520,451,971,233,6,128,358.66,0.9907,0.5445,0.190154,1,12,40,260.51,0.9264,0.0694,0.004226,4.429
572437,520,356,876,247,81,129,6.97,0.9054,0.6219,0.272472,17,48,43,181.43,0.5922,0.1815,0.024074,4.353
572449,520,443,963,241,15,13,28.95,0.9933,0.5416,0.190749,30,9,12,12.63,0.5102,0.0782,0.004980,4.379
572459,520,314,834,246,60,246,328.10,0.9723,0.6555,0.294811,71,34,75,323.57,0.5581,0.2206,0.029918,4.315
572468,520,464,984,176,0,249,310.00,1.0000,0.5177,0.160706,25,1,2,22.30,0.9123,0.0514,0.002328,4.027
572470,520,453,973,192,77,159,340.37,0.6947,0.5334,0.190190,30,0,34,323.38,1.0000,0.0726,0.003916,4.455
572474,520,454,974,203,83,30,41.23,0.8909,0.5263,0.189788,6,1,61,271.59,0.9933,0.0747,0.003973,4.443
572502,520,459,979,220,26,135,354.11,0.9333,0.5271,0.177063,5,5,43,273.02,0.9154,0.0616,0.003152,4.272
572524,520,476,996,207,1,164,340.72,0.9970,0.5083,0.159696,1,0,7,286.54,1.0000,0.0158,0.000218,4.176
572529,520,256,776,255,103,251,328.73,1.0000,0.7159,0.379283,12,58,132,260.10,0.9170,0.2723,0.047699,4.394
572562,520,455,975,223,31,124,358.97,0.9234,0.5312,0.181259,14,13,7,100.13,0.2489,0.0647,0.003966,4.285
572570,520,429,949,206,65,178,336.86,0.8016,0.5520,0.201187,4,23,44,252.01,0.7410,0.1007,0.008204,4.316
572577,520,428,948,219,43,185,337.72,0.9067,0.5596,0.202929,13,14,64,273.87,0.8691,0.1040,0.007698,4.384
572594,520,37,557,240,241,226,109.86,0.3811,0.9456,0.869269,85,121,8,127.70,0.9770,0.4543,0.156233,4.457
572597,520,447,967,234,32,82,15.59,0.9560,0.5419,0.191377,25,14,15,13.14,0.2615,0.0814,0.005553,4.345
572599,520,384,904,250,52,96,14.84,0.9629,0.5905,0.236280,30,36,22,127.08,0.3237,0.1463,0.015957,4.340
572603,520,465,985,193,88,33,44.63,0.8444,0.5171,0.184285,23,1,3,16.78,0.8683,0.0484,0.002105,4.496
572655,520,385,905,214,53,234,322.96,0.9401,0.5896,0.227847,37,12,87,289.67,0.8784,0.1490,0.013444,4.379
572658,520,289,809,219,120,240,320.39,0.8848,0.6823,0.347858,31,62,52,170.81,0.4793,0.2375,0.039844,4.428
572680,520,452,972,226,19,106,5.43,0.9653,0.5259,0.176779,1,14,41,258.90,0.9200,0.0745,0.004806,4.138
572693,520,475,995,233,8,35,25.94,0.9952,0.5240,0.176218,1,4,9,248.35,0.5772,0.0315,0.001130,4.424
572703,520,473,993,199,24,194,329.67,0.9463,0.5187,0.166922,4,3,2,72.53,0.1844,0.0290,0.000953,4.257
572722,520,433,953,232,35,116,3.83,0.9311,0.5487,0.196218,16,24,25,205.73,0.1884,0.1004,0.008336,4.221
572728,520,368,888,221,86,185,339.54,0.7840,0.6058,0.255327,73,16,31,9.19,0.7338,0.1745,0.018862,4.434
572740,520,402,922,214,19,251,319.63,0.9907,0.5845,0.217288,18,19,76,274.27,0.8569,0.1291,0.011161,4.370
572754,520,311,831,238,116,130,14.61,0.7699,0.6568,0.322822,3,50,104,255.92,0.9493,0.2233,0.032998,4.492
572764,520,379,899,233,48,206,335.18,0.9396,0.6001,0.238964,54,26,40,349.68,0.4345,0.1590,0.016764,4.328
572769,520,366,886,215,91,193,334.99,0.7654,0.6070,0.257814,46,37,37,18.01,0.1254,0.1718,0.020376,4.374
572770,520,435,955,158,77,253,300.14,0.9807,0.5483,0.196691,15,22,8,130.27,0.4978,0.0889,0.006929,4.333
572781,520,460,980,174,72,215,314.67,0.8152,0.5331,0.185406,9,12,14,236.83,0.1191,0.0603,0.003527,4.398
572791,520,436,956,204,32,214,325.58,0.9496,0.5451,0.187272,46,1,7,18.20,0.9571,0.0928,0.006180,4.223
572794,520,212,732,240,168,130,48.66,0.7046,0.7581,0.481442,34,85,32,142.81,0.9085,0.3093,0.069411,4.451
572798,520,368,888,242,61,180,345.42,0.9068,0.6123,0.255130,15,35,85,264.48,0.8069,0.1712,0.019594,4.384
572827,520,424,944,197,86,169,338.32,0.6833,0.5593,0.213920,38,14,39,325.85,0.5728,0.1109,0.008727,4.494
572835,520,330,850,254,75,176,350.24,0.9884,0.6449,0.292409,3,56,54,190.82,0.9423,0.2074,0.031139,4.220
572840,520,439,959,241,39,14,30.68,0.9884,0.5525,0.201869,30,13,20,354.37,0.3943,0.0880,0.006144,4.486
572858,520,391,911,248,8,165,349.86,0.9934,0.5902,0.228501,8,13,104,267.33,0.9795,0.1490,0.013388,4.394
572868,520,396,916,253,33,45,26.20,0.9917,0.5762,0.221636,48,4,75,307.30,0.9128,0.1428,0.012233,4.365
572869,520,475,995,223,16,111,2.98,0.9681,0.5204,0.172090,2,1,21,276.62,0.9309,0.0305,0.000888,4.364
572870,520,442,962,231,43,82,16.38,0.9278,0.5426,0.193289,34,5,7,19.20,0.7322,0.0763,0.004640,4.453
572871,520,446,966,207,10,210,327.56,0.9873,0.5396,0.181376,17,10,37,291.74,0.6242,0.0759,0.004698,4.230
572891,520,339,859,253,10,231,333.30,0.9971,0.6357,0.268725,21,8,139,269.77,0.9919,0.2003,0.021970,4.429
572893,520,478,998,144,97,176,310.35,0.5410,0.5065,0.176136,5,1,1,21.77,0.5474,0.0229,0.000562,4.472
572897,520,434,954,245,0,18,28.04,1.0000,0.5471,0.194597,9,8,74,270.85,0.9636,0.1038,0.007261,4.272
572921,520,362,882,232,67,190,340.03,0.8783,0.6052,0.248904,18,21,118,269.61,0.9617,0.1831,0.019728,4.287
572946,520,448,968,137,94,236,293.19,0.8348,0.5353,0.193799,13,8,53,279.15,0.8595,0.0829,0.005163,4.420
572971,520,453,973,197,67,152,344.22,0.7421,0.5254,0.181534,25,8,13,2.05,0.4542,0.0692,0.004094,4.280
572974,520,343,863,235,78,197,338.92,0.8716,0.6253,0.271447,63,35,11,58.18,0.6880,0.1854,0.022831,4.414
572980,520,292,812,234,136,107,37.29,0.7276,0.6809,0.361646,19,67,3,139.56,0.9918,0.2383,0.041592,4.494
573032,520,411,931,224,19,199,334.76,0.9774,0.5654,0.204390,39,10,60,306.87,0.7796,0.1221,0.009747,4.258
573037,520,356,876,255,36,172,349.74,1.0000,0.6159,0.255038,12,41,74,253.98,0.7279,0.1762,0.021583,4.261
573057,520,470,990,229,10,83,13.40,0.9876,0.5234,0.175026,4,0,37,276.19,1.0000,0.0439,0.001594,4.361
573058,520,350,870,242,46,226,332.07,0.9671,0.6266,0.263250,44,17,114,285.40,0.9074,0.1939,0.021512,4.380
573061,520,298,818,208,117,249,314.25,0.9343,0.6684,0.329732,58,48,76,300.12,0.3427,0.2335,0.035353,4.449
573063,520,377,897,240,52,167,348.77,0.9121,0.5953,0.237743,14,32,82,265.33,0.8205,0.1606,0.017355,4.272
573065,520,417,937,190,52,252,312.15,0.9827,0.5651,0.204326,43,13,46,323.95,0.6550,0.1216,0.009988,4.240
573070,520,473,993,148,77,238,299.45,0.8815,0.5230,0.177770,9,0,3,353.79,1.0000,0.0258,0.000647,4.497
573072,520,478,998,167,65,209,314.25,0.8168,0.5097,0.166004,2,1,10,286.50,0.7500,0.0235,0.000565,4.272
573076,520,411,931,242,43,114,6.81,0.9321,0.5729,0.218232,35,24,32,336.45,0.2386,0.1233,0.011149,4.387
573077,520,373,893,233,16,236,327.63,0.9927,0.6049,0.237529,16,12,110,270.15,0.9781,0.1599,0.014988,4.424
573079,520,446,966,144,82,252,294.94,0.9696,0.5376,0.189922,17,12,42,286.69,0.6434,0.0833,0.005493,4.323
573082,520,247,767,210,145,244,313.32,0.8458,0.7170,0.404850,36,74,54,159.06,0.5700,0.2795,0.055388,4.316
573088,520,470,990,130,93,228,291.86,0.7986,0.5196,0.181759,0,6,25,257.86,1.0000,0.0445,0.002004,4.457
573097,520,477,997,168,91,142,341.33,0.5175,0.5099,0.177610,6,1,2,3.56,0.5657,0.0248,0.000648,4.494
573098,520,433,953,209,3,223,324.86,0.9972,0.5511,0.189501,32,16,31,329.08,0.4169,0.1015,0.007766,4.146
573106,520,442,962,182,59,228,314.84,0.8904,0.5401,0.186755,23,9,36,305.44,0.6298,0.0801,0.005049,4.301
573109,520,479,999,204,9,166,339.37,0.9741,0.5055,0.157880,1,0,2,311.99,1.0000,0.0114,0.000108,4.149
573125,520,408,928,217,83,121,5.92,0.7270,0.5688,0.223210,49,10,53,323.89,0.7436,0.1324,0.011272,4.459
573128,520,381,901,251,53,120,7.04,0.9635,0.5995,0.244150,47,36,4,89.48,0.8398,0.1629,0.018749,4.279
573134,520,366,886,207,97,209,326.80,0.7671,0.6122,0.264198,34,42,36,152.86,0.1625,0.1722,0.021234,4.411
573172,520,312,832,215,115,227,323.19,0.8132,0.6615,0.322561,28,60,7,136.02,0.9613,0.2192,0.034938,4.386
573177,520,388,908,184,102,210,317.52,0.7056,0.5881,0.243472,35,33,50,289.37,0.2828,0.1547,0.016753,4.396
573191,520,468,988,223,8,102,5.94,0.9852,0.5154,0.168237,6,7,1,115.08,0.6865,0.0419,0.001929,4.203
573209,520,38,558,239,254,8,114.06,0.9995,0.9457,0.892521,2,130,32,144.84,0.9989,0.4524,0.160817,4.471
573221,520,249,769,211,141,253,311.72,0.9653,0.7158,0.399914,72,60,80,311.63,0.2360,0.2820,0.051887,4.416
573222,520,422,942,227,56,141,355.34,0.8538,0.5633,0.210850,45,11,21,5.15,0.6314,0.1095,0.008515,4.458
573225,520,448,968,193,36,234,317.55,0.9556,0.5441,0.185411,1,23,3,145.44,0.9856,0.0811,0.006258,4.184
573226,520,295,815,255,89,209,340.56,1.0000,0.6769,0.330113,59,39,109,292.22,0.6803,0.2397,0.034850,4.480
573230,520,315,835,248,97,165,355.33,0.8983,0.6560,0.312255,45,47,74,280.01,0.3481,0.2157,0.030853,4.480
573264,520,408,928,248,41,62,23.18,0.9670,0.5724,0.218937,60,0,40,346.20,1.0000,0.1335,0.011140,4.399
573272,520,460,980,213,54,134,354.73,0.8192,0.5324,0.185080,5,2,46,273.78,0.9709,0.0585,0.002729,4.458
573275,520,476,996,226,10,12,28.76,0.9944,0.5078,0.164153,3,0,1,353.79,1.0000,0.0152,0.000216,4.265
573287,520,447,967,176,58,238,310.66,0.9135,0.5382,0.184302,9,20,10,146.61,0.4850,0.0794,0.005803,4.199
573336,520,452,972,204,24,201,329.09,0.9561,0.5323,0.177096,18,6,40,294.87,0.7573,0.0721,0.004121,4.196
573340,520,454,974,193,78,135,352.21,0.6658,0.5255,0.185372,4,4,52,270.13,0.9662,0.0681,0.003606,4.391
573352,520,410,930,220,58,185,338.26,0.8656,0.5732,0.217468,7,27,61,260.14,0.7869,0.1259,0.011659,4.338
573358,520,401,921,244,67,4,35.43,0.9962,0.5818,0.232595,16,33,53,253.53,0.5155,0.1407,0.014549,4.378
573363,520,422,942,185,73,227,315.28,0.8558,0.5592,0.206265,27,0,76,287.53,1.0000,0.1104,0.007548,4.453
573395,520,461,981,189,41,219,319.89,0.9239,0.5291,0.175205,11,7,15,307.76,0.3127,0.0515,0.002576,4.283
573411,520,355,875,255,39,176,348.64,1.0000,0.6192,0.258491,66,19,55,338.07,0.6666,0.1755,0.019000,4.471
573443,520,455,975,230,17,107,5.67,0.9729,0.5338,0.182884,9,13,1,121.51,0.8340,0.0587,0.003481,4.355
573477,520,322,842,240,90,196,341.08,0.8820,0.6472,0.298258,9,50,84,248.57,0.8002,0.2085,0.029792,4.365
573487,520,445,965,199,40,211,324.88,0.9225,0.5391,0.183645,21,18,6,96.33,0.4660,0.0835,0.006052,4.168
573498,520,319,839,243,78,216,335.18,0.9334,0.6487,0.294641,9,58,61,201.18,0.8256,0.2189,0.034210,4.093
573500,520,413,933,250,16,70,19.54,0.9904,0.5667,0.211404,54,1,26,357.87,0.9227,0.1155,0.008807,4.445
573520,520,358,878,253,60,143,0.10,0.9778,0.6164,0.261010,57,23,74,312.64,0.6781,0.1793,0.019771,4.458
573523,520,434,954,229,59,48,28.62,0.9234,0.5467,0.200022,30,14,44,306.46,0.6017,0.1030,0.007720,4.332
573547,520,466,986,204,72,102,10.16,0.7331,0.5249,0.184335,3,10,2,139.79,0.7886,0.0467,0.002408,4.471
573578,520,465,985,170,89,169,327.70,0.6033,0.5230,0.185563,1,9,25,255.05,0.8110,0.0523,0.002720,4.468
573602,520,0,520,255,255,255,0.00,0.0000,1.0000,1.000000,39,136,68,149.29,0.9368,0.4838,0.184563,4.476
573658,520,370,890,214,62,252,318.53,0.9843,0.6100,0.247714,18,45,29,155.75,0.6336,0.1673,0.020940,4.197
573674,520,396,916,254,22,89,14.95,0.9937,0.5805,0.223697,24,13,91,277.57,0.9297,0.1418,0.012373,4.388
573699,520,408,928,234,40,154,351.20,0.9226,0.5700,0.213460,3,12,89,265.70,0.9776,0.1252,0.010035,4.388
573708,520,420,940,237,57,18,32.94,0.9808,0.5585,0.209776,21,5,78,280.00,0.9574,0.1134,0.008180,4.465
573719,520,401,921,251,41,49,26.13,0.9827,0.5770,0.223205,23,14,89,277.08,0.9219,0.1399,0.012174,4.394
573733,520,475,995,162,67,226,308.06,0.8544,0.5183,0.171873,3,1,22,280.95,0.9146,0.0324,0.000990,4.351
573735,520,461,981,216,58,85,16.02,0.8454,0.5265,0.182834,4,3,32,275.84,0.8944,0.0465,0.001952,4.482
573755,520,321,841,255,67,204,341.28,1.0000,0.6523,0.296372,25,58,8,137.27,0.9575,0.2108,0.032502,4.198
573763,520,332,852,245,43,238,329.85,0.9778,0.6376,0.273161,43,2,133,281.48,0.9939,0.2044,0.022504,4.457
573769,520,293,813,255,118,78,37.00,1.0000,0.6768,0.347702,38,64,33,140.47,0.6134,0.2430,0.041886,4.328
573770,520,431,951,213,82,64,30.43,0.8074,0.5467,0.205532,26,20,13,70.94,0.2555,0.0958,0.007490,4.445
573777,520,362,882,203,76,252,314.81,0.9791,0.6073,0.248950,69,24,46,352.37,0.5923,0.1840,0.021159,4.201
573785,520,306,826,242,92,220,333.96,0.9261,0.6651,0.317014,2,45,120,260.92,0.9827,0.2261,0.032455,4.451
573786,520,458,978,192,43,216,321.49,0.9162,0.5331,0.178935,6,8,31,274.30,0.6785,0.0585,0.003113,4.310
573814,520,477,997,95,96,248,276.68,0.9508,0.5106,0.175753,4,0,13,300.75,1.0000,0.0244,0.000549,4.466
573824,520,392,912,225,19,237,325.48,0.9895,0.5925,0.225900,64,8,39,351.90,0.7772,0.1502,0.014103,4.304
573825,520,454,974,194,28,220,321.35,0.9581,0.5306,0.174687,22,6,23,325.21,0.5750,0.0655,0.003627,4.190
573827,520,390,910,219,73,199,333.82,0.8449,0.5943,0.239508,27,40,10,129.24,0.7443,0.1533,0.017725,4.275
573828,520,392,912,213,43,245,320.33,0.9647,0.5891,0.224683,16,10,106,270.68,0.9795,0.1523,0.013677,4.314
573833,520,375,895,237,88,72,29.19,0.8892,0.5998,0.254548,47,35,14,79.86,0.5440,0.1617,0.018382,4.454
573834,520,440,960,216,60,141,353.22,0.8087,0.5467,0.197561,36,12,5,38.89,0.6608,0.0912,0.006490,4.382
573846,520,411,931,232,65,111,9.08,0.8496,0.5712,0.220870,24,29,4,119.32,0.7776,0.1161,0.010817,4.454
573868,520,459,979,212,49,147,349.04,0.8380,0.5317,0.183025,11,12,0,112.74,1.0000,0.0577,0.003341,4.369
573869,520,402,922,214,1,253,319.33,0.9996,0.5823,0.214116,36,20,54,303.45,0.5803,0.1290,0.011417,4.300
573882,520,473,993,215,8,149,347.67,0.9795,0.5177,0.167931,9,2,0,53.71,1.0000,0.0309,0.001015,4.272
573884,520,444,964,217,44,147,349.97,0.8678,0.5372,0.186621,0,12,53,262.15,1.0000,0.0807,0.005199,4.287
573906,520,399,919,227,17,211,332.31,0.9852,0.5778,0.214374,7,8,101,267.31,0.9873,0.1388,0.011583,4.293
573908,520,448,968,212,57,148,349.21,0.8112,0.5394,0.190636,3,21,21,195.12,0.6984,0.0817,0.006098,4.290
573927,520,427,947,251,19,25,28.12,0.9922,0.5648,0.210489,10,17,60,270.18,0.8386,0.1037,0.007916,4.498
573931,520,473,993,228,27,40,25.95,0.9765,0.5201,0.174340,0,3,18,259.92,1.0000,0.0320,0.001088,4.391
573949,520,392,912,232,83,88,22.03,0.8390,0.5869,0.240497,57,24,23,23.21,0.5199,0.1541,0.015851,4.411
573956,520,385,905,192,89,234,314.79,0.8590,0.5949,0.242928,57,20,42,346.06,0.5748,0.1540,0.015375,4.481
573968,520,419,939,244,38,36,28.00,0.9735,0.5594,0.207502,13,29,11,141.61,0.6757,0.1087,0.009884,4.300
573973,520,471,991,205,75,7,40.91,0.9794,0.5169,0.180288,14,1,15,325.81,0.7776,0.0403,0.001496,4.472
573992,520,422,942,233,33,140,355.43,0.9361,0.5583,0.203077,4,32,1,140.72,0.9909,0.1114,0.010610,4.176
574022,520,478,998,190,38,189,328.46,0.8853,0.5071,0.160091,1,1,5,279.71,0.6028,0.0191,0.000391,4.169
574041,520,433,953,243,22,67,20.08,0.9829,0.5534,0.200372,2,27,10,152.15,0.9561,0.0958,0.008187,4.303
574042,520,116,636,245,207,166,68.87,0.6797,0.8568,0.667926,1,109,48,150.13,0.9988,0.3842,0.111566,4.444
574059,520,366,886,233,49,214,333.01,0.9453,0.6055,0.243779,61,29,35,8.94,0.4413,0.1747,0.019923,4.201
574079,520,431,951,179,49,252,309.04,0.9826,0.5465,0.188095,17,14,54,280.36,0.7429,0.0972,0.006996,4.177
574082,520,345,865,253,13,215,337.19,0.9949,0.6266,0.260801,65,29,46,351.91,0.4866,0.1858,0.022000,4.317
574087,520,443,963,178,54,237,311.73,0.9172,0.5366,0.182187,30,8,25,336.86,0.5743,0.0814,0.005199,4.206
574104,520,394,914,209,41,250,318.21,0.9778,0.5853,0.220450,61,10,11,24.43,0.8399,0.1373,0.012335,4.339
574111,520,454,974,165,71,231,307.63,0.8643,0.5314,0.182760,31,5,12,5.55,0.6613,0.0725,0.004264,4.289
574126,520,410,930,248,7,98,11.00,0.9944,0.5663,0.209938,25,18,76,280.70,0.8152,0.1330,0.011611,4.219
574143,520,382,902,215,79,210,329.27,0.8434,0.6011,0.246941,43,28,58,305.85,0.4762,0.1573,0.016496,4.466
574154,520,468,988,195,47,185,331.11,0.8532,0.5200,0.171396,11,1,16,316.57,0.7875,0.0374,0.001303,4.315
574158,520,443,963,169,83,215,311.90,0.7746,0.5411,0.195286,13,9,48,280.34,0.7983,0.0797,0.004943,4.464
574161,520,432,952,201,2,235,319.95,0.9984,0.5464,0.184607,31,4,61,298.80,0.8947,0.1040,0.007151,4.105
574170,520,401,921,245,44,115,7.01,0.9356,0.5798,0.224550,43,27,14,59.27,0.4592,0.1358,0.013292,4.338
574189,520,435,955,199,40,232,319.61,0.9493,0.5546,0.194874,18,9,53,284.94,0.8055,0.0888,0.005810,4.388
574198,520,476,996,192,50,178,332.45,0.8271,0.5130,0.167036,7,0,6,332.05,1.0000,0.0247,0.000583,4.291
574205,520,278,798,220,126,240,320.39,0.8781,0.6935,0.364301,77,54,20,74.31,0.6545,0.2544,0.042668,4.471
574210,520,291,811,238,97,240,327.13,0.9374,0.6764,0.330201,56,59,8,112.97,0.8605,0.2400,0.039862,4.231
574214,520,453,973,88,104,253,273.00,0.9858,0.5258,0.190664,23,1,39,307.52,0.9222,0.0680,0.003504,4.498
574239,520,373,893,254,63,83,20.71,0.9924,0.6049,0.252540,29,33,67,276.10,0.5207,0.1602,0.017541,4.479
574240,520,312,832,232,93,229,328.54,0.8968,0.6558,0.306439,14,42,120,264.51,0.9081,0.2227,0.031052,4.398
574254,520,455,975,232,29,30,27.94,0.9784,0.5287,0.181314,24,7,4,35.05,0.5733,0.0633,0.003549,4.320
574256,520,429,949,196,30,242,316.70,0.9725,0.5522,0.190765,16,27,8,133.40,0.6426,0.1041,0.009115,4.073
574273,520,424,944,200,76,178,335.31,0.7496,0.5550,0.206643,27,5,70,288.98,0.9192,0.1101,0.007837,4.437
574277,520,464,984,204,71,79,20.60,0.7702,0.5177,0.179105,21,2,11,350.12,0.7115,0.0504,0.002270,4.383
574283,520,396,916,221,51,205,332.44,0.9143,0.5807,0.221498,45,12,68,307.29,0.7863,0.1405,0.012382,4.352
574294,520,371,891,252,78,29,35.22,0.9838,0.6104,0.262365,41,39,24,101.50,0.3129,0.1671,0.019884,4.470
574315,520,431,951,169,77,240,306.50,0.8940,0.5517,0.200347,7,3,78,269.51,0.9899,0.1007,0.006603,4.423
574325,520,417,937,240,10,161,349.44,0.9890,0.5731,0.213187,30,16,62,292.33,0.7206,0.1210,0.009944,4.391
574337,520,416,936,242,52,52,26.67,0.9489,0.5669,0.215845,48,16,11,30.80,0.6448,0.1204,0.010232,4.414
574359,520,412,932,250,6,88,14.23,0.9959,0.5680,0.211625,15,4,86,273.45,0.9837,0.1177,0.008602,4.464
574364,520,400,920,248,12,145,356.09,0.9891,0.5825,0.222672,18,37,27,159.85,0.4638,0.1411,0.015308,4.175
574378,520,408,928,137,120,212,290.43,0.6214,0.5683,0.235047,15,34,30,178.76,0.4377,0.1310,0.013393,4.496
574383,520,362,882,234,24,231,329.01,0.9864,0.6055,0.239178,69,22,40,359.29,0.6180,0.1782,0.019924,4.136
574419,520,460,980,200,80,100,12.93,0.6847,0.5284,0.189387,16,8,26,302.92,0.5192,0.0640,0.003584,4.467
574423,520,425,945,247,4,66,19.92,0.9976,0.5570,0.202579,53,3,11,17.42,0.9031,0.1115,0.008463,4.320
574425,520,464,984,178,40,235,312.79,0.9433,0.5238,0.169818,5,9,1,126.92,0.7890,0.0458,0.002298,4.203
574444,520,421,941,223,80,56,31.94,0.8661,0.5610,0.217134,19,27,29,214.68,0.1776,0.1128,0.010110,4.444
574456,520,436,956,221,11,182,338.79,0.9829,0.5475,0.189913,11,21,20,188.14,0.2758,0.0866,0.006580,4.240
574461,520,311,831,254,55,236,332.37,0.9958,0.6591,0.298624,73,42,33,36.96,0.4196,0.2219,0.031824,4.261
574465,520,377,897,239,35,200,338.14,0.9642,0.5998,0.237258,6,45,12,145.70,0.9675,0.1582,0.019420,4.138
574466,520,432,952,234,39,114,5.19,0.9252,0.5544,0.201614,27,18,29,320.14,0.2954,0.0982,0.007543,4.373
574490,520,450,970,230,47,64,22.44,0.9326,0.5402,0.192291,19,10,32,300.58,0.5512,0.0746,0.004598,4.438
574516,520,433,953,139,112,201,296.20,0.5869,0.5465,0.212944,32,21,4,77.60,0.6858,0.1039,0.008522,4.493
574537,520,418,938,200,77,179,334.96,0.7476,0.5569,0.208435,13,6,84,272.25,0.9768,0.1163,0.008559,4.413
574538,520,228,748,233,153,199,344.56,0.6786,0.7397,0.442314,62,73,41,124.28,0.4456,0.2930,0.059493,4.496
574547,520,378,898,238,58,183,343.41,0.9060,0.6041,0.246250,40,38,27,98.94,0.2243,0.1640,0.019165,4.283
574561,520,458,978,204,82,2,44.10,0.9928,0.5253,0.188784,13,11,19,295.83,0.2524,0.0635,0.003719,4.445
574562,520,445,965,197,39,214,323.54,0.9276,0.5373,0.181780,28,6,30,324.36,0.6645,0.0777,0.004709,4.237
574573,520,472,992,197,15,206,325.89,0.9754,0.5203,0.166699,3,4,2,127.75,0.2841,0.0309,0.001106,4.240
574588,520,453,973,228,45,58,23.73,0.9386,0.5336,0.186792,28,0,41,313.06,1.0000,0.0749,0.004070,4.379
574590,520,401,921,244,21,149,354.24,0.9759,0.5786,0.219426,41,23,48,316.03,0.4706,0.1376,0.012976,4.278
574597,520,387,907,204,102,157,348.31,0.6090,0.5898,0.247761,15,40,35,178.79,0.5397,0.1517,0.017404,4.418
574611,520,407,927,196,71,223,319.96,0.8626,0.5705,0.215713,57,1,39,345.13,0.9157,0.1279,0.010382,4.401
574613,520,284,804,254,97,217,338.13,0.9926,0.6887,0.346329,20,48,131,265.13,0.8933,0.2501,0.039011,4.453
574614,520,432,952,195,97,92,24.49,0.6003,0.5456,0.209259,8,26,11,147.79,0.7229,0.0965,0.008145,4.459
574625,520,410,930,197,84,192,329.32,0.7424,0.5688,0.220182,22,33,9,129.76,0.6807,0.1272,0.012780,4.304
574627,520,479,999,200,73,61,28.57,0.7951,0.5096,0.173834,0,0,7,264.05,1.0000,0.0135,0.000153,4.463
574642,520,72,592,247,218,241,332.96,0.8061,0.9056,0.762686,0,116,95,174.28,1.0000,0.4197,0.133164,4.437
574643,520,457,977,237,4,46,23.89,0.9975,0.5328,0.182919,23,5,6,17.68,0.5707,0.0583,0.003039,4.391
574649,520,414,934,242,51,50,26.96,0.9513,0.5658,0.214785,0,34,3,144.62,1.0000,0.1164,0.011506,4.305
574666,520,472,992,185,26,227,317.11,0.9648,0.5203,0.166004,0,5,6,205.57,1.0000,0.0320,0.001217,4.217
574688,520,433,953,236,43,54,24.82,0.9543,0.5480,0.198301,0,3,79,264.19,0.9944,0.0977,0.006296,4.411
574705,520,338,858,241,80,199,339.89,0.9026,0.6386,0.285644,91,8,26,16.59,0.9069,0.2044,0.024728,4.492
574736,520,374,894,244,21,195,340.51,0.9839,0.6007,0.237126,67,2,60,333.57,0.9020,0.1624,0.015631,4.375
574746,520,439,959,232,50,87,15.69,0.9091,0.5511,0.201281,4,25,3,142.05,0.9560,0.0893,0.007276,4.387
574750,520,463,983,232,30,67,19.80,0.9647,0.5338,0.184927,5,5,31,276.29,0.7926,0.0512,0.002397,4.484
574751,520,467,987,198,55,164,339.20,0.8013,0.5201,0.174203,7,0,26,293.01,1.0000,0.0371,0.001198,4.379
574752,520,438,958,222,26,170,342.82,0.9471,0.5476,0.191732,5,22,27,218.79,0.5804,0.0885,0.006852,4.252
574758,520,391,911,217,14,249,320.86,0.9936,0.5867,0.219073,2,42,31,169.92,0.9573,0.1511,0.017677,3.976
574770,520,357,877,245,64,174,348.21,0.9180,0.6175,0.261383,40,25,97,285.44,0.7947,0.1817,0.020094,4.442
574785,520,422,942,165,79,251,302.69,0.9623,0.5581,0.205568,38,14,44,319.25,0.6118,0.1141,0.009080,4.326
574803,520,405,925,197,70,233,317.77,0.8906,0.5780,0.221352,39,18,48,314.83,0.5672,0.1251,0.010774,4.465
574810,520,384,904,251,26,137,359.58,0.9740,0.5896,0.230577,33,3,98,283.96,0.9795,0.1483,0.012703,4.475
574820,520,289,809,251,94,225,334.87,0.9766,0.6844,0.339537,80,46,15,59.49,0.7128,0.2390,0.036942,4.480
574831,520,435,955,221,57,133,357.23,0.8315,0.5499,0.199944,0,11,61,263.29,1.0006,0.0874,0.005762,4.482
574836,520,344,864,251,29,216,336.57,0.9847,0.6281,0.263490,16,44,84,257.79,0.7268,0.1941,0.025515,4.151
574841,520,445,965,229,53,25,31.72,0.9666,0.5390,0.192773,6,0,70,270.05,1.0000,0.0847,0.004809,4.429
574844,520,461,981,184,58,205,321.54,0.8428,0.5252,0.176255,12,5,17,311.31,0.4828,0.0488,0.002272,4.328
574847,520,391,911,216,105,26,49.46,0.9160,0.5852,0.247789,43,34,18,81.13,0.4076,0.1545,0.017014,4.444
574850,520,474,994,232,9,14,28.59,0.9954,0.5207,0.173860,5,2,7,314.19,0.4699,0.0293,0.000910,4.397
574856,520,390,910,210,73,211,327.55,0.8509,0.5868,0.231717,63,9,47,342.69,0.7651,0.1534,0.014575,4.363
574861,520,329,849,254,98,102,21.99,0.9869,0.6492,0.307689,29,57,3,133.82,0.9784,0.2094,0.031940,4.365
574868,520,364,884,197,96,235,315.73,0.8568,0.6125,0.262354,45,37,27,72.93,0.2392,0.1673,0.019602,4.488
574874,520,339,859,248,86,151,359.29,0.9073,0.6369,0.288495,52,41,58,313.48,0.2626,0.1990,0.026215,4.441
574885,520,244,764,254,131,194,349.69,0.9788,0.7273,0.412012,1,80,35,150.78,0.9976,0.2829,0.058649,4.252
574889,520,317,837,216,106,249,317.79,0.9522,0.6623,0.317481,22,60,24,144.51,0.8872,0.2182,0.034681,4.340
574913,520,421,941,248,21,27,27.96,0.9904,0.5592,0.205756,11,29,33,213.82,0.4574,0.1149,0.010596,4.221
574915,520,378,898,227,10,240,325.31,0.9955,0.5960,0.228416,69,14,1,36.04,0.9733,0.1574,0.015817,4.230
574920,520,342,862,226,64,255,320.99,1.0000,0.6326,0.270576,86,9,26,15.62,0.8812,0.1940,0.022487,4.423
574924,520,172,692,195,195,217,285.71,0.2558,0.7953,0.556420,52,93,27,135.74,0.8969,0.3449,0.086377,4.447
574930,520,182,702,252,181,47,77.70,0.9578,0.7901,0.539508,1,93,58,159.26,0.9969,0.3326,0.081403,4.486
574931,520,445,965,232,47,64,22.55,0.9357,0.5443,0.195620,23,9,33,309.07,0.5948,0.0781,0.004874,4.476
574935,520,460,980,238,5,37,25.65,0.9972,0.5343,0.184226,20,5,27,314.23,0.6564,0.0632,0.003364,4.389
574953,520,446,966,213,46,156,345.84,0.8563,0.5354,0.185027,32,1,31,329.54,0.8644,0.0757,0.004278,4.330
574976,520,410,930,221,45,201,333.55,0.9233,0.5739,0.214683,16,6,96,272.23,0.9826,0.1343,0.010849,4.350
575006,520,460,980,185,27,233,315.69,0.9677,0.5257,0.169826,5,12,17,236.76,0.3543,0.0582,0.003357,4.120
575007,520,451,971,206,61,170,339.57,0.8037,0.5435,0.193635,9,16,19,226.10,0.2354,0.0717,0.004757,4.449
575020,520,424,944,213,55,184,336.64,0.8575,0.5577,0.203413,43,16,12,30.00,0.5672,0.1118,0.009108,4.287
575090,520,433,953,224,55,114,5.14,0.8517,0.5471,0.197972,16,8,65,278.57,0.9096,0.0980,0.006655,4.377
575093,520,473,993,224,42,30,29.35,0.9581,0.5200,0.175998,10,1,10,327.85,0.7253,0.0334,0.001082,4.424
575134,520,325,845,237,86,220,332.54,0.9070,0.6500,0.298299,76,30,62,340.69,0.5766,0.2143,0.028131,4.458
575135,520,383,903,214,48,252,318.93,0.9861,0.5992,0.234401,4,38,51,228.12,0.8245,0.1485,0.016510,4.276
575139,520,404,924,247,53,55,26.25,0.9633,0.5781,0.225997,5,32,47,236.83,0.7449,0.1284,0.012705,4.402
575143,520,431,951,244,12,61,21.20,0.9926,0.5516,0.198364,46,4,8,19.93,0.8607,0.0977,0.006853,4.369
575208,520,39,559,242,253,26,112.95,0.9981,0.9463,0.892028,19,129,54,148.15,0.9825,0.4540,0.161046,4.464
575211,520,298,818,230,103,235,326.09,0.9031,0.6695,0.325237,38,55,64,231.75,0.2655,0.2262,0.035145,4.407
575213,520,396,916,199,65,238,317.38,0.9159,0.5795,0.220972,34,4,93,286.29,0.9659,0.1441,0.012172,4.358
575236,520,396,916,231,8,202,335.60,0.9929,0.5775,0.214295,56,20,10,36.40,0.6994,0.1420,0.013631,4.154
575237,520,426,946,205,69,184,334.58,0.7962,0.5581,0.206979,19,27,17,139.44,0.3199,0.1086,0.009628,4.310
575252,520,446,966,216,64,114,5.05,0.7965,0.5410,0.194830,3,13,44,264.09,0.8627,0.0764,0.004890,4.460
575267,520,373,893,195,90,229,317.03,0.8387,0.5972,0.245728,48,35,20,69.73,0.4006,0.1642,0.018810,4.298
575272,520,468,988,200,65,140,350.05,0.7483,0.5228,0.179553,0,5,28,260.92,1.0000,0.0442,0.001924,4.421
575279,520,404,924,217,51,213,329.18,0.9194,0.5789,0.219256,16,37,1,134.32,0.9853,0.1343,0.014354,4.184
575283,520,468,988,163,47,255,303.63,1.0000,0.5249,0.170401,10,3,13,317.60,0.5429,0.0401,0.001587,4.272
575288,520,136,656,222,198,243,309.02,0.6801,0.8380,0.623892,23,104,50,149.80,0.9560,0.3717,0.103127,4.401
575293,520,399,919,205,69,221,323.33,0.8751,0.5809,0.224575,56,10,47,336.87,0.7357,0.1410,0.012632,4.384
575303,520,343,863,220,113,160,353.85,0.6483,0.6338,0.295660,26,52,22,141.10,0.7451,0.1934,0.027334,4.470
575306,520,469,989,182,64,199,322.40,0.8073,0.5243,0.177366,12,2,18,313.85,0.7159,0.0421,0.001653,4.402
575312,520,381,901,200,74,253,313.81,0.9856,0.6015,0.242701,12,26,97,267.37,0.9256,0.1626,0.016799,4.382
575340,520,390,910,214,57,231,323.62,0.9294,0.5907,0.229938,42,7,83,296.90,0.9030,0.1456,0.012687,4.466
575381,520,424,944,197,21,251,315.17,0.9867,0.5576,0.193731,24,18,46,290.77,0.5426,0.1051,0.008241,4.185
575393,520,415,935,197,63,233,318.07,0.9040,0.5707,0.213099,44,5,58,315.07,0.8370,0.1219,0.009496,4.422
575394,520,447,967,168,71,232,308.45,0.8689,0.5364,0.186582,15,13,34,285.46,0.5111,0.0777,0.005049,4.298
575422,520,387,907,247,65,3,34.94,0.9974,0.5856,0.235648,3,41,31,171.11,0.9290,0.1482,0.017041,4.261
575429,520,415,935,169,103,207,311.85,0.6700,0.5683,0.226411,19,33,9,133.91,0.7252,0.1249,0.012459,4.426
575430,520,478,998,165,7,255,305.46,1.0000,0.5084,0.153720,3,0,7,308.47,1.0000,0.0194,0.000347,4.046
575434,520,341,861,252,92,80,27.73,0.9748,0.6334,0.289323,25,55,26,144.52,0.7514,0.2035,0.030135,4.234
575449,520,426,946,201,13,249,316.76,0.9926,0.5601,0.195464,36,12,47,313.64,0.6705,0.1101,0.008433,4.201
575451,520,381,901,255,55,88,18.16,1.0000,0.6010,0.247007,49,35,3,84.29,0.8718,0.1629,0.018617,4.328
575454,520,453,973,193,50,202,325.42,0.8716,0.5303,0.178845,14,8,31,292.40,0.6028,0.0652,0.003660,4.265
575455,520,427,947,220,5,204,332.43,0.9944,0.5579,0.196861,26,23,9,97.59,0.4444,0.1025,0.008521,4.218
575458,520,415,935,240,24,156,351.27,0.9682,0.5747,0.215819,2,19,75,263.87,0.9621,0.1191,0.009866,4.440
575460,520,455,975,204,23,204,328.28,0.9608,0.5340,0.178117,23,1,32,315.39,0.8842,0.0626,0.003082,4.297
575475,520,337,857,241,61,228,331.32,0.9503,0.6367,0.276424,50,29,93,293.87,0.7112,0.1961,0.023472,4.443
575476,520,440,960,170,92,198,316.41,0.6809,0.5451,0.202784,28,15,20,354.89,0.3013,0.0892,0.006391,4.483
575478,520,135,655,250,200,137,72.37,0.8140,0.8405,0.634404,33,104,12,140.11,0.9865,0.3702,0.102501,4.488
575483,520,474,994,179,38,225,315.49,0.9349,0.5157,0.164073,1,2,11,269.23,0.7287,0.0261,0.000740,4.219
575496,520,374,894,220,61,226,326.44,0.9221,0.6005,0.240462,41,27,63,299.71,0.5396,0.1561,0.016142,4.392
575517,520,424,944,240,38,84,16.12,0.9515,0.5581,0.205549,11,25,45,257.43,0.5537,0.1106,0.009558,4.291
575528,520,304,824,238,104,204,338.45,0.8656,0.6664,0.324398,11,53,95,252.46,0.8110,0.2262,0.034434,4.434
575531,520,407,927,246,26,100,10.84,0.9729,0.5681,0.212552,46,18,44,330.04,0.5590,0.1332,0.011954,4.238
575532,520,361,881,243,20,223,333.02,0.9901,0.6150,0.248856,48,30,72,301.44,0.5670,0.1778,0.020248,4.254
575534,520,2,522,255,255,255,0.00,0.0000,1.0000,1.000000,50,136,47,142.72,0.9404,0.4842,0.184910,4.470
575552,520,457,977,225,29,96,9.42,0.9431,0.5252,0.177336,20,7,7,20.34,0.4054,0.0587,0.003160,4.276
575571,520,436,956,228,21,158,347.94,0.9622,0.5512,0.195017,17,11,51,283.35,0.7619,0.0892,0.005975,4.377
575602,520,75,595,215,231,241,235.01,0.3811,0.9057,0.779492,16,116,97,175.43,0.9404,0.4225,0.134634,4.493
575611,520,415,935,205,45,234,320.69,0.9464,0.5692,0.207981,22,26,50,274.90,0.4576,0.1244,0.011396,4.202
575615,520,319,839,219,123,150,2.73,0.5958,0.6463,0.314299,79,38,33,28.24,0.5082,0.2233,0.031585,4.465
575619,520,421,941,228,68,90,17.31,0.8481,0.5615,0.213692,28,25,18,87.55,0.1936,0.1122,0.009858,4.405
575628,520,433,953,228,3,173,343.06,0.9955,0.5543,0.195789,39,0,54,314.20,1.0000,0.1035,0.006977,4.314
575630,520,454,974,214,66,68,24.08,0.8451,0.5281,0.186123,25,10,8,28.89,0.4204,0.0716,0.004413,4.339
575652,520,261,781,230,148,150,18.11,0.6075,0.7093,0.402067,35,70,62,177.19,0.4776,0.2690,0.050853,4.482
575666,520,464,984,229,22,21,28.56,0.9857,0.5186,0.172890,7,2,34,283.24,0.9038,0.0487,0.002041,4.283
575714,520,441,961,179,97,139,349.19,0.5130,0.5359,0.199984,19,5,62,283.88,0.9170,0.0928,0.005948,4.468
575723,520,387,907,228,27,215,331.52,0.9750,0.5855,0.221866,53,4,70,314.93,0.8896,0.1463,0.012860,4.325
575725,520,380,900,225,87,158,351.50,0.7560,0.6014,0.252949,50,33,6,75.47,0.7554,0.1596,0.017790,4.469
575727,520,414,934,226,32,200,335.03,0.9568,0.5747,0.213744,15,19,65,273.08,0.8019,0.1157,0.009489,4.433
575733,520,410,930,242,39,120,4.41,0.9394,0.5722,0.216876,17,33,34,200.84,0.3426,0.1309,0.013223,4.221
575739,520,351,871,239,35,244,327.11,0.9836,0.6273,0.260871,80,17,8,31.34,0.8951,0.1856,0.021242,4.364
575744,520,171,691,253,170,205,352.74,0.9309,0.8001,0.540420,10,97,43,149.76,0.9840,0.3442,0.087880,4.282
575754,520,320,840,236,92,215,333.84,0.8899,0.6530,0.303959,3,50,91,250.77,0.9201,0.2122,0.030557,4.394
575764,520,344,864,235,34,253,324.17,0.9931,0.6264,0.259005,3,9,135,264.95,0.9941,0.1879,0.019638,4.437
575768,520,466,986,177,70,200,320.10,0.7840,0.5245,0.178986,27,0,1,24.48,1.0000,0.0522,0.002352,4.374
575769,520,421,941,248,21,75,18.28,0.9849,0.5649,0.210044,48,11,8,28.13,0.7548,0.1118,0.008854,4.418
575800,520,436,956,227,44,143,353.71,0.8916,0.5546,0.201181,32,10,22,348.12,0.5175,0.0864,0.005821,4.500
575802,520,407,927,210,72,186,335.45,0.8010,0.5710,0.218835,1,36,37,197.63,0.9532,0.1334,0.014017,4.199
575818,520,431,951,226,70,61,27.62,0.8814,0.5546,0.208887,34,15,28,339.98,0.4355,0.1009,0.007656,4.490
575828,520,429,949,200,30,225,321.76,0.9614,0.5454,0.186458,25,0,73,286.89,1.0000,0.1045,0.006877,4.157
575840,520,353,873,226,79,212,331.85,0.8730,0.6198,0.265164,56,38,12,73.64,0.6539,0.1819,0.022536,4.345
575849,520,382,902,249,56,126,4.96,0.9450,0.5998,0.244779,16,43,29,158.83,0.6373,0.1597,0.019266,4.256
575850,520,348,868,237,109,31,46.32,0.9431,0.6274,0.290435,29,52,3,132.02,0.9691,0.1928,0.027237,4.408
575854,520,367,887,229,83,177,344.54,0.8072,0.6113,0.260213,39,41,15,112.83,0.5713,0.1688,0.020517,4.399
575855,520,479,999,133,83,236,293.44,0.8625,0.5127,0.172292,3,0,0,29.23,1.0000,0.0143,0.000194,4.429
575857,520,453,973,213,56,132,355.75,0.8121,0.5335,0.186427,7,16,27,253.37,0.4403,0.0741,0.004949,4.303
575858,520,431,951,237,27,90,12.98,0.9654,0.5475,0.195298,32,21,4,77.60,0.6858,0.1039,0.008522,4.192
575859,520,406,926,156,110,223,300.50,0.7188,0.5757,0.235477,2,38,3,143.29,0.9900,0.1310,0.014056,4.457
575862,520,445,965,238,9,72,17.71,0.9925,0.5400,0.188437,7,14,48,269.22,0.8010,0.0846,0.005726,4.279
575864,520,467,987,218,19,126,356.65,0.9523,0.5166,0.168801,8,5,11,309.36,0.3073,0.0424,0.001843,4.220
575887,520,416,936,201,32,251,316.05,0.9820,0.5685,0.204171,21,32,11,131.67,0.6096,0.1237,0.012166,4.089
575902,520,237,757,253,121,241,330.97,0.9903,0.7318,0.409108,88,54,75,342.53,0.3599,0.2869,0.052213,4.492
575905,520,430,950,211,29,207,329.31,0.9549,0.5510,0.192346,20,6,63,284.21,0.9028,0.0964,0.006378,4.299
575920,520,416,936,203,79,182,334.87,0.7527,0.5659,0.216676,36,19,48,309.56,0.5423,0.1229,0.010542,4.405
575932,520,457,977,189,42,220,319.61,0.9229,0.5305,0.176434,22,7,4,36.59,0.5313,0.0605,0.003313,4.247
575938,520,249,769,200,167,157,37.52,0.2558,0.7150,0.423519,20,78,5,140.44,0.9908,0.2769,0.056082,4.464
575945,520,470,990,191,24,220,320.56,0.9650,0.5238,0.168984,11,4,1,58.29,0.6261,0.0391,0.001602,4.244
575963,520,436,956,211,51,181,336.98,0.8616,0.5490,0.195548,35,13,5,42.20,0.6378,0.0914,0.006562,4.341
575966,520,466,986,220,1,144,350.41,0.9976,0.5237,0.172535,14,6,1,67.33,0.6982,0.0474,0.002258,4.258
575974,520,389,909,240,36,181,343.84,0.9539,0.5919,0.231262,25,38,32,164.64,0.2682,0.1510,0.016972,4.200
575981,520,364,884,238,10,231,329.97,0.9957,0.6090,0.241665,47,15,91,296.05,0.8436,0.1694,0.017013,4.352
575995,520,418,938,229,28,158,348.34,0.9465,0.5559,0.199599,24,14,66,284.47,0.7996,0.1152,0.009016,4.229
576006,520,319,839,253,101,64,34.89,0.9822,0.6454,0.305636,100,12,7,29.25,0.9512,0.2249,0.029881,4.452
576013,520,464,984,167,84,191,318.15,0.6905,0.5236,0.183186,12,4,17,312.95,0.5486,0.0465,0.002055,4.480
576019,520,363,883,217,66,238,322.50,0.9280,0.6083,0.248231,5,41,72,249.31,0.8307,0.1721,0.020859,4.209
576027,520,411,931,182,83,228,313.30,0.8355,0.5685,0.217340,27,28,28,197.05,0.0176,0.1225,0.011474,4.349
576033,520,438,958,188,43,242,314.09,0.9498,0.5471,0.188311,43,3,16,5.20,0.8149,0.0922,0.006162,4.243
576034,520,442,962,185,42,236,314.59,0.9432,0.5369,0.180275,28,11,26,331.48,0.4766,0.0841,0.005608,4.141
576035,520,379,899,242,82,90,21.53,0.8977,0.6042,0.256531,34,39,37,169.73,0.0837,0.1638,0.019247,4.427
576043,520,375,895,201,73,254,313.94,0.9928,0.6027,0.243397,24,20,97,275.08,0.9081,0.1591,0.015575,4.474
576093,520,430,950,229,43,116,3.94,0.9019,0.5478,0.196496,48,0,11,12.73,1.0000,0.0964,0.006527,4.361
576096,520,349,869,221,86,221,327.73,0.8665,0.6255,0.272502,49,44,27,93.65,0.3336,0.1914,0.025335,4.281
576097,520,411,931,226,41,181,340.66,0.9209,0.5688,0.210934,29,26,23,67.43,0.0909,0.1175,0.010619,4.305
576100,520,344,864,224,96,200,335.42,0.7957,0.6316,0.283853,34,49,13,128.76,0.7640,0.1882,0.025657,4.413
576155,520,476,996,221,41,15,31.18,0.9811,0.5121,0.169953,4,0,10,306.92,1.0000,0.0227,0.000477,4.357
576163,520,474,994,223,29,101,7.30,0.9373,0.5225,0.175090,8,0,21,302.26,1.0000,0.0345,0.001058,4.409
576168,520,400,920,181,99,208,317.19,0.7037,0.5779,0.233024,35,21,70,291.86,0.6948,0.1428,0.013358,4.467
576191,520,456,976,210,74,23,38.22,0.9400,0.5255,0.186634,19,0,37,304.08,1.0000,0.0592,0.002720,4.488
576197,520,476,996,166,11,255,305.70,1.0000,0.5108,0.155670,5,0,10,311.99,1.0000,0.0241,0.000542,4.069
576211,520,452,972,199,88,1,47.73,0.9955,0.5260,0.191257,28,10,2,50.61,0.7271,0.0743,0.004684,4.412
576215,520,455,975,184,9,242,313.67,0.9929,0.5259,0.167977,16,7,29,300.40,0.6033,0.0639,0.003508,4.074
576222,520,374,894,225,5,255,321.57,1.0000,0.6029,0.233383,0,19,105,263.93,1.0032,0.1553,0.014855,4.369
576256,520,387,907,255,30,111,8.78,1.0000,0.5911,0.233400,46,31,32,14.39,0.2273,0.1549,0.016652,4.252
576264,520,435,955,187,47,244,313.21,0.9475,0.5501,0.191306,29,17,5,66.45,0.5682,0.0907,0.006731,4.254
576267,520,420,940,176,72,240,309.28,0.9042,0.5550,0.201569,29,12,53,298.50,0.7194,0.1054,0.007812,4.352
576277,520,210,730,230,156,240,322.55,0.8553,0.7596,0.468926,23,87,40,148.50,0.9389,0.3130,0.071515,4.270
576296,520,372,892,238,21,236,328.78,0.9907,0.6149,0.247723,77,4,18,18.19,0.9380,0.1674,0.017086,4.438
576300,520,446,966,195,27,232,318.76,0.9699,0.5412,0.182136,21,10,31,306.52,0.5379,0.0762,0.004755,4.240
576301,520,384,904,175,100,239,306.40,0.8451,0.5922,0.244609,18,36,46,234.16,0.4174,0.1463,0.015876,4.472
576302,520,333,853,252,42,223,335.10,0.9859,0.6400,0.276822,46,44,66,288.00,0.2969,0.2041,0.027755,4.203
576304,520,458,978,167,90,180,321.67,0.6259,0.5266,0.188239,2,11,31,259.31,0.7846,0.0613,0.003512,4.452
576312,520,386,906,216,3,252,320.03,0.9987,0.5852,0.216943,42,6,84,296.60,0.9172,0.1456,0.012626,4.262
576316,520,434,954,218,73,110,8.88,0.7739,0.5540,0.207987,17,26,20,155.37,0.2626,0.1050,0.009085,4.366
576330,520,322,842,253,58,228,334.15,0.9906,0.6547,0.295133,93,15,8,29.87,0.9314,0.2119,0.026867,4.490
576337,520,347,867,228,66,241,324.73,0.9459,0.6279,0.267435,54,36,56,323.18,0.3422,0.1886,0.023316,4.330
576352,520,425,945,243,48,23,30.90,0.9786,0.5633,0.212338,36,21,18,31.74,0.3102,0.1126,0.009551,4.405
576373,520,440,960,239,33,44,26.01,0.9741,0.5468,0.196236,9,16,43,269.35,0.6630,0.0860,0.006031,4.395
576396,520,427,947,228,21,167,345.09,0.9647,0.5556,0.198230,35,3,56,307.33,0.8905,0.1034,0.007080,4.349
576403,520,417,937,218,54,197,333.97,0.8902,0.5731,0.215772,10,33,22,160.58,0.6513,0.1223,0.012101,4.280
576409,520,408,928,248,32,46,25.80,0.9795,0.5654,0.211903,44,2,71,306.48,0.9478,0.1303,0.010339,4.341
576417,520,419,939,245,12,83,15.33,0.9908,0.5576,0.203034,34,23,13,63.11,0.3729,0.1133,0.009820,4.230
576434,520,394,914,226,32,225,328.50,0.9725,0.5907,0.226404,20,4,102,273.80,0.9883,0.1431,0.011948,4.462
576436,520,446,966,195,64,187,330.44,0.7997,0.5376,0.188583,4,12,53,267.01,0.9084,0.0834,0.005458,4.302
576454,520,223,743,217,180,49,92.16,0.8479,0.7455,0.476172,42,83,9,135.18,0.9722,0.3045,0.066983,4.498
576476,520,243,763,255,131,202,346.40,1.0000,0.7320,0.417596,7,80,3,142.12,0.9958,0.2803,0.057888,4.334
576489,520,228,748,215,153,254,311.45,0.9798,0.7434,0.443862,1,82,56,163.56,0.9953,0.2950,0.063263,4.360
576493,520,452,972,234,29,34,27.34,0.9784,0.5333,0.184898,15,6,45,286.63,0.8142,0.0735,0.004213,4.333
576521,520,400,920,219,15,231,325.42,0.9900,0.5768,0.211734,29,35,19,125.26,0.3831,0.1416,0.015103,4.020
576536,520,467,987,177,73,184,325.12,0.7330,0.5179,0.175740,16,1,13,334.65,0.7698,0.0419,0.001609,4.374
576555,520,401,921,249,22,130,1.35,0.9779,0.5817,0.223288,4,39,19,154.11,0.9447,0.1383,0.015238,4.189
576559,520,391,911,248,13,167,349.32,0.9894,0.5921,0.230377,41,12,85,294.08,0.8615,0.1517,0.013902,4.388
576564,520,403,923,252,12,116,6.03,0.9908,0.5806,0.222230,17,20,71,273.67,0.8212,0.1251,0.010744,4.482
576565,520,382,902,205,103,166,344.09,0.6233,0.5969,0.254345,22,44,4,133.97,0.9510,0.1616,0.019807,4.360
576574,520,417,937,212,42,221,325.83,0.9427,0.5694,0.208754,37,22,39,322.59,0.3822,0.1249,0.011136,4.232
576581,520,371,891,210,96,198,331.64,0.7457,0.6091,0.261463,35,40,38,169.75,0.0821,0.1681,0.020148,4.440
576590,520,470,990,175,12,249,309.56,0.9915,0.5189,0.162174,8,3,22,294.71,0.7049,0.0430,0.001747,4.100
576603,520,468,988,137,89,224,296.13,0.7879,0.5171,0.178450,7,5,15,293.87,0.4239,0.0432,0.001882,4.403
576607,520,319,839,188,126,231,310.06,0.7455,0.6481,0.313833,7,47,105,258.86,0.9127,0.2175,0.030979,4.493
576658,520,460,980,216,39,152,347.69,0.8852,0.5341,0.183193,10,14,10,145.05,0.1879,0.0645,0.004005,4.318
576659,520,324,844,233,107,183,345.44,0.7828,0.6534,0.312603,12,56,50,182.17,0.7872,0.2084,0.031367,4.456
576678,520,477,997,197,79,35,39.30,0.8626,0.5097,0.175856,3,1,1,20.04,0.3720,0.0199,0.000433,4.478
576688,520,289,809,242,115,176,352.09,0.8181,0.6767,0.342759,28,62,66,205.52,0.4963,0.2417,0.040853,4.323
576698,520,418,938,217,51,182,338.27,0.8755,0.5602,0.204990,3,33,7,145.99,0.9721,0.1153,0.011224,4.165
576708,520,419,939,235,53,84,17.43,0.9117,0.5589,0.208515,30,2,70,293.02,0.9609,0.1096,0.007616,4.487
576719,520,472,992,227,36,3,31.35,0.9966,0.5208,0.176022,6,2,15,299.86,0.6756,0.0342,0.001166,4.417
576732,520,420,940,221,42,175,341.32,0.9032,0.5571,0.201256,46,7,22,0.94,0.7202,0.1061,0.007908,4.339
576733,520,395,915,239,20,194,339.66,0.9823,0.5905,0.227490,11,38,2,138.28,0.9812,0.1350,0.014617,4.294
576743,520,400,920,242,52,106,10.52,0.9153,0.5772,0.223771,54,21,5,45.10,0.7718,0.1394,0.013317,4.324
576750,520,412,932,189,80,215,319.42,0.8062,0.5655,0.214636,54,7,30,355.28,0.7573,0.1249,0.010301,4.389
576751,520,426,946,203,55,209,326.33,0.8832,0.5560,0.200341,18,14,66,278.18,0.8408,0.1098,0.008360,4.290
576759,520,427,947,184,65,240,312.33,0.9162,0.5586,0.202632,28,0,67,293.12,1.0000,0.1009,0.006521,4.470
576760,520,400,920,251,25,121,4.73,0.9759,0.5839,0.225886,42,21,53,312.83,0.5578,0.1383,0.012857,4.389
576765,520,446,966,227,50,71,20.57,0.9140,0.5378,0.190699,30,2,37,319.27,0.8395,0.0784,0.004530,4.414
576776,520,445,965,231,38,98,10.34,0.9290,0.5431,0.192600,1,23,10,156.57,0.9648,0.0828,0.006411,4.301
576782,520,363,883,249,1,194,341.74,0.9994,0.6053,0.240598,39,29,75,289.82,0.6131,0.1674,0.018181,4.262
576802,520,406,926,249,18,121,4.14,0.9833,0.5775,0.219564,24,13,81,280.02,0.8951,0.1299,0.010761,4.436
576842,520,371,891,251,9,197,341.41,0.9952,0.6121,0.247391,16,43,49,214.26,0.5380,0.1679,0.020596,4.213
576851,520,319,839,247,99,132,9.50,0.8800,0.6460,0.303668,78,24,83,324.25,0.7156,0.2218,0.028977,4.478
576858,520,479,999,219,26,107,4.19,0.9369,0.5147,0.168630,1,0,0,29.23,1.0000,0.0090,0.000065,4.367
576869,520,444,964,236,13,96,10.18,0.9849,0.5421,0.189684,1,14,49,261.65,0.9524,0.0815,0.005422,4.325
576873,520,430,950,227,64,7,35.69,0.9901,0.5453,0.200159,5,26,35,228.61,0.6634,0.1039,0.008924,4.245
576896,520,387,907,218,10,252,320.48,0.9959,0.5898,0.221528,6,41,40,192.24,0.7927,0.1530,0.017777,4.006
576904,520,283,803,249,107,202,342.38,0.9386,0.6868,0.349222,90,43,28,38.35,0.6030,0.2516,0.039856,4.443
576910,520,377,897,230,67,186,340.81,0.8676,0.5996,0.243850,58,8,75,315.36,0.8404,0.1633,0.015813,4.465
576913,520,327,847,248,25,255,326.77,1.0000,0.6463,0.278746,41,29,112,281.44,0.8290,0.2055,0.025199,4.372
576916,520,458,978,238,6,7,29.00,0.9973,0.5328,0.183261,16,6,27,304.14,0.6127,0.0606,0.003195,4.385
576932,520,372,892,226,16,254,321.96,0.9963,0.6060,0.236973,61,25,51,339.06,0.5429,0.1741,0.019265,4.143
576936,520,424,944,248,22,8,29.63,0.9946,0.5587,0.205514,22,27,14,125.58,0.3699,0.1104,0.009861,4.268
576949,520,297,817,254,104,177,352.82,0.9818,0.6800,0.341489,67,48,76,314.54,0.3582,0.2447,0.038291,4.434
576954,520,397,917,203,47,254,315.57,0.9948,0.5828,0.218868,62,6,34,355.68,0.7996,0.1417,0.012700,4.288
576957,520,479,999,224,30,26,28.55,0.9747,0.5120,0.168533,1,0,3,302.89,1.0000,0.0124,0.000130,4.359
576977,520,407,927,211,70,185,336.04,0.8079,0.5698,0.217340,11,37,19,151.31,0.7767,0.1348,0.014413,4.150
576979,520,399,919,202,111,55,49.79,0.7467,0.5762,0.242030,21,36,26,154.62,0.3780,0.1397,0.014957,4.496
576982,520,388,908,202,74,237,318.13,0.9049,0.5928,0.235700,19,30,70,268.78,0.6760,0.1477,0.015091,4.389
576986,520,475,995,204,8,189,332.45,0.9836,0.5195,0.166871,1,5,3,165.31,0.6237,0.0319,0.001216,4.234
576992,520,445,965,198,45,207,325.59,0.9014,0.5381,0.183892,10,2,63,275.02,0.9825,0.0818,0.004668,4.278
576997,520,390,910,192,73,255,311.03,1.0000,0.5905,0.231926,22,4,109,273.81,0.9899,0.1543,0.013614,4.432
577021,520,392,912,203,79,220,322.67,0.8451,0.5886,0.234573,42,25,51,313.13,0.4623,0.1450,0.014266,4.428
577029,520,473,993,215,6,145,348.99,0.9841,0.5153,0.166241,5,1,17,295.50,0.8233,0.0314,0.000944,4.245
577034,520,478,998,189,27,201,324.87,0.9381,0.5073,0.158212,0,2,0,142.50,1.0000,0.0186,0.000434,4.128
577049,520,400,920,245,8,163,349.85,0.9926,0.5834,0.222338,23,34,34,196.17,0.2078,0.1382,0.014417,4.228
577065,520,438,958,192,67,213,321.56,0.8434,0.5530,0.200262,23,11,45,295.79,0.6792,0.0901,0.006110,4.460
577073,520,476,996,186,0,218,319.88,1.0000,0.5069,0.155024,4,0,9,309.30,1.0000,0.0221,0.000455,4.063
577091,520,373,893,240,75,132,3.67,0.8595,0.6033,0.252264,16,45,8,139.57,0.9410,0.1619,0.020044,4.315
577126,520,327,847,228,119,139,9.61,0.6749,0.6490,0.315540,7,57,53,186.78,0.8768,0.2114,0.032283,4.442
577132,520,478,998,228,18,2,29.88,0.9980,0.5141,0.169340,2,0,16,283.45,1.0000,0.0236,0.000503,4.343
577133,520,391,911,246,31,154,353.35,0.9621,0.5884,0.229092,1,39,55,231.29,0.9489,0.1527,0.017332,4.145
577136,520,458,978,232,20,83,14.21,0.9751,0.5326,0.182837,4,11,18,244.33,0.4314,0.0555,0.003088,4.386
577143,520,473,993,228,6,77,15.07,0.9928,0.5190,0.171630,3,0,28,278.14,1.0000,0.0344,0.001032,4.343
577150,520,389,909,245,20,169,348.20,0.9805,0.5890,0.227806,45,21,64,307.35,0.6442,0.1506,0.014644,4.297
577160,520,334,854,238,97,176,348.54,0.8267,0.6440,0.298637,30,54,24,139.56,0.6852,0.2030,0.029802,4.369
577174,520,347,867,208,99,236,318.98,0.8737,0.6328,0.283911,23,50,23,143.88,0.7375,0.1851,0.025252,4.437
577175,520,219,739,239,142,249,323.65,0.9585,0.7501,0.445381,78,70,38,95.74,0.4574,0.3012,0.061401,4.447
577190,520,454,974,203,15,200,329.13,0.9745,0.5267,0.172102,24,9,22,332.03,0.4626,0.0733,0.004475,4.077
577196,520,385,905,243,76,38,33.96,0.9496,0.5916,0.243668,21,38,26,152.86,0.4327,0.1459,0.016202,4.436
577204,520,475,995,215,50,79,16.76,0.8763,0.5154,0.172953,11,0,11,328.36,1.0000,0.0320,0.000953,4.376
577206,520,352,872,205,94,228,320.45,0.8417,0.6164,0.265874,17,49,56,214.29,0.5882,0.1907,0.026012,4.156
577210,520,398,918,238,7,192,339.91,0.9940,0.5845,0.221378,14,23,83,269.49,0.8900,0.1419,0.013306,4.287
577216,520,375,895,228,51,223,329.40,0.9450,0.6040,0.241917,16,45,0,136.47,1.0000,0.1609,0.019869,4.178
577231,520,236,756,248,155,94,52.68,0.8729,0.7356,0.442098,28,80,18,140.72,0.9598,0.2879,0.060277,4.462
577236,520,308,828,174,143,231,299.34,0.6787,0.6658,0.344133,4,66,16,145.42,0.9911,0.2316,0.039595,4.399
577239,520,414,934,255,3,66,20.47,1.0000,0.5738,0.217223,30,20,51,296.14,0.5519,0.1195,0.010154,4.442
577240,520,408,928,249,38,31,28.76,0.9785,0.5694,0.216285,9,33,31,187.91,0.5963,0.1251,0.012447,4.264
577263,520,426,946,233,57,79,19.55,0.9029,0.5575,0.208174,40,10,40,327.66,0.6673,0.1086,0.008215,4.435
577279,520,344,864,212,128,61,56.41,0.7509,0.6256,0.297742,10,54,18,146.25,0.9572,0.1917,0.027464,4.489
577288,520,182,702,201,194,178,87.16,0.1658,0.7851,0.542157,5,95,23,144.91,0.9949,0.3336,0.082782,4.460
577295,520,388,908,238,24,201,337.55,0.9790,0.5939,0.230503,15,23,94,269.53,0.9213,0.1549,0.015224,4.301
577299,520,444,964,194,40,223,320.37,0.9353,0.5396,0.183161,10,19,25,238.29,0.3123,0.0827,0.006004,4.163
577305,520,369,889,250,52,152,355.84,0.9543,0.6077,0.250504,8,21,111,266.50,0.9677,0.1695,0.017355,4.461
577309,520,466,986,197,51,169,337.01,0.8189,0.5174,0.171043,8,0,37,285.18,1.0000,0.0478,0.001852,4.263
577312,520,394,914,250,37,136,0.25,0.9596,0.5923,0.234282,6,25,85,264.87,0.9227,0.1444,0.013898,4.449
577314,520,282,802,245,124,166,359.58,0.8145,0.6921,0.365836,16,70,26,146.36,0.9547,0.2503,0.045649,4.348
577319,520,222,742,247,148,197,349.52,0.8419,0.7480,0.449875,31,77,79,199.18,0.5835,0.2961,0.061633,4.478
577352,520,246,766,228,142,242,321.82,0.8887,0.7325,0.422523,24,73,79,206.47,0.6661,0.2806,0.055236,4.490
577362,520,425,945,233,46,122,2.72,0.9015,0.5598,0.206857,35,6,59,304.14,0.8389,0.1103,0.008034,4.426
577364,520,349,869,254,66,155,356.68,0.9879,0.6279,0.273373,9,52,34,161.07,0.8882,0.1883,0.026294,4.238
577372,520,379,899,241,82,79,25.26,0.9051,0.6003,0.253030,30,32,71,278.12,0.5693,0.1618,0.017639,4.480
577383,520,480,1000,145,78,222,301.43,0.8102,0.5074,0.167428,0,0,0,0.00,0.0000,0.0000,0.000000,4.349
577394,520,460,980,208,9,189,333.50,0.9830,0.5271,0.172815,16,9,9,18.66,0.2099,0.0587,0.003253,4.184
577404,520,417,937,239,16,153,351.83,0.9801,0.5689,0.210243,7,6,87,268.37,0.9854,0.1169,0.008635,4.438
577419,520,364,884,248,20,205,338.70,0.9884,0.6134,0.248677,7,47,41,180.68,0.8353,0.1734,0.022382,4.126
577434,520,394,914,246,36,156,352.90,0.9534,0.5917,0.232582,44,22,52,316.45,0.5344,0.1424,0.013573,4.445
577439,520,450,970,240,0,63,20.01,1.0000,0.5407,0.188875,11,13,21,273.45,0.2532,0.0670,0.004131,4.413
577450,520,441,961,223,24,147,350.53,0.9456,0.5374,0.184505,3,22,34,237.76,0.7314,0.0909,0.007086,4.108
577466,520,388,908,238,35,180,343.67,0.9527,0.5872,0.226774,2,37,66,248.28,0.9001,0.1549,0.017293,4.113
577472,520,435,955,220,73,52,31.07,0.8792,0.5457,0.202312,25,5,58,293.10,0.8763,0.0949,0.006207,4.489
577473,520,474,994,222,5,126,357.12,0.9889,0.5210,0.171472,12,1,2,14.06,0.7365,0.0323,0.001043,4.339
577512,520,392,912,236,14,209,334.94,0.9903,0.5921,0.227532,8,43,5,141.70,0.9722,0.1511,0.017903,4.087
577525,520,438,958,193,0,255,313.48,1.0000,0.5497,0.185588,4,22,22,195.20,0.6385,0.0856,0.006575,4.164
577526,520,462,982,226,45,61,22.79,0.9331,0.5300,0.183853,24,1,14,346.57,0.8054,0.0538,0.002476,4.456
577538,520,387,907,242,56,145,356.98,0.8989,0.5931,0.237530,17,41,3,135.97,0.9669,0.1484,0.017116,4.284
577545,520,401,921,217,46,224,326.35,0.9432,0.5826,0.220896,17,39,19,145.97,0.6779,0.1446,0.016172,4.094
577553,520,456,976,199,49,190,330.75,0.8608,0.5317,0.180582,27,2,6,11.52,0.7895,0.0582,0.002896,4.359
577583,520,431,951,239,19,75,17.36,0.9827,0.5453,0.193278,6,24,31,225.62,0.5752,0.0967,0.007909,4.201
577592,520,427,947,235,61,28,32.59,0.9636,0.5589,0.210866,1,27,14,159.20,0.9691,0.0962,0.008220,4.481
577595,520,424,944,228,5,175,342.48,0.9928,0.5557,0.197004,28,14,61,291.36,0.7483,0.1145,0.008979,4.188
577600,520,467,987,186,58,195,325.11,0.8230,0.5215,0.174067,9,4,3,36.35,0.3052,0.0379,0.001515,4.350
577601,520,478,998,206,69,38,34.09,0.8923,0.5124,0.175202,0,2,0,142.50,1.0000,0.0186,0.000434,4.465
577612,520,460,980,221,33,128,357.21,0.9124,0.5298,0.180210,12,2,39,288.91,0.9045,0.0576,0.002681,4.370
577616,520,336,856,244,38,242,328.70,0.9826,0.6359,0.270329,45,27,105,286.50,0.7988,0.1988,0.023616,4.351
577627,520,465,985,217,20,146,349.38,0.9490,0.5236,0.173298,10,4,26,293.76,0.6990,0.0498,0.002259,4.273
577635,520,431,951,238,21,117,3.74,0.9710,0.5547,0.200010,5,0,82,267.79,1.0000,0.1007,0.006414,4.432
577636,520,466,986,175,5,247,310.06,0.9962,0.5154,0.159389,1,8,23,255.32,0.7953,0.0488,0.002420,3.994
577644,520,456,976,222,38,127,358.10,0.8980,0.5344,0.184508,29,0,8,4.07,1.0000,0.0580,0.002788,4.442
577654,520,346,866,249,67,173,349.61,0.9437,0.6270,0.271744,21,47,58,227.75,0.4934,0.1876,0.024979,4.291
577658,520,446,966,240,23,26,28.12,0.9872,0.5428,0.192160,35,0,39,323.87,1.0000,0.0845,0.005039,4.400
577693,520,362,882,255,72,36,32.90,1.0000,0.6099,0.260258,61,25,63,325.42,0.5982,0.1811,0.020464,4.403
577695,520,367,887,233,95,113,15.16,0.7882,0.6112,0.267030,42,41,12,107.21,0.6477,0.1717,0.021047,4.462
577708,520,476,996,168,90,147,338.14,0.5350,0.5105,0.177447,0,2,7,251.28,1.0000,0.0226,0.000588,4.496
577716,520,447,967,241,24,15,29.30,0.9882,0.5448,0.193919,2,19,31,239.28,0.7673,0.0804,0.005776,4.373
577719,520,468,988,122,89,248,286.80,0.9358,0.5215,0.180594,8,7,1,103.44,0.6870,0.0438,0.002058,4.430
577733,520,453,973,231,12,83,13.73,0.9859,0.5281,0.178794,8,15,15,196.11,0.2253,0.0670,0.004278,4.215
577738,520,74,594,255,223,183,73.10,1.0000,0.9073,0.774555,19,119,29,143.90,0.9866,0.4178,0.134202,4.476
577769,520,350,870,210,97,235,320.02,0.8755,0.6322,0.282507,20,49,53,207.28,0.5137,0.1906,0.026023,4.374
577770,520,396,916,211,29,245,320.06,0.9798,0.5785,0.213220,8,12,101,267.55,0.9797,0.1437,0.012541,4.209
577775,520,387,907,229,75,152,353.46,0.8063,0.5909,0.239598,16,40,37,184.92,0.4997,0.1530,0.017613,4.283
577785,520,398,918,255,15,87,15.33,1.0000,0.5801,0.222936,11,38,34,182.31,0.6193,0.1430,0.015728,4.152
577792,520,351,871,214,106,192,335.59,0.7035,0.6273,0.284117,42,45,32,118.41,0.2359,0.1877,0.024733,4.471
577795,520,356,876,250,15,205,339.11,0.9924,0.6158,0.250767,81,12,11,26.98,0.9074,0.1827,0.020367,4.274
577814,520,445,965,238,19,52,23.27,0.9866,0.5395,0.188941,15,12,35,286.49,0.5529,0.0764,0.004858,4.356
577820,520,298,818,229,115,198,338.67,0.7716,0.6666,0.329988,62,53,10,96.92,0.8019,0.2300,0.035923,4.422
577821,520,353,873,230,36,250,323.61,0.9822,0.6168,0.249892,54,37,24,58.22,0.3753,0.1787,0.021734,4.181
577824,520,182,702,233,171,236,325.00,0.7889,0.7904,0.525068,43,88,65,159.65,0.5848,0.3315,0.078744,4.467
577832,520,418,938,157,107,199,307.80,0.6044,0.5558,0.218074,46,19,0,55.56,1.0000,0.1204,0.010467,4.433
577846,520,401,921,224,11,224,328.34,0.9925,0.5797,0.214708,53,15,38,346.15,0.6277,0.1371,0.012386,4.243
577867,520,459,979,209,51,156,345.03,0.8297,0.5321,0.183254,7,14,6,140.79,0.4378,0.0610,0.003724,4.342
577870,520,385,905,242,51,153,353.84,0.9129,0.5923,0.235479,38,37,1,108.10,0.9560,0.1540,0.017374,4.237
577877,520,415,935,246,49,1,32.58,0.9992,0.5694,0.217951,28,25,44,290.42,0.3592,0.1238,0.011240,4.375
577884,520,466,986,181,76,166,333.44,0.6868,0.5178,0.177471,12,3,23,304.02,0.7089,0.0475,0.002052,4.370
577904,520,365,885,217,73,224,325.94,0.8917,0.6061,0.249005,35,44,6,121.90,0.8417,0.1725,0.021718,4.169
577907,520,396,916,205,71,210,326.36,0.8447,0.5759,0.221404,2,39,16,152.00,0.9782,0.1367,0.015013,4.175
577921,520,461,981,225,3,132,355.62,0.9938,0.5291,0.177414,3,2,36,272.70,0.9581,0.0467,0.001901,4.382
577924,520,408,928,252,20,20,28.67,0.9920,0.5670,0.212500,57,10,21,11.27,0.7464,0.1313,0.011412,4.274
577935,520,271,791,255,129,126,22.88,1.0000,0.7041,0.384699,16,71,49,162.21,0.8778,0.2592,0.048382,4.418
577945,520,452,972,138,81,252,292.97,0.9710,0.5293,0.183164,15,6,38,291.16,0.7486,0.0675,0.003717,4.341
577950,520,428,948,221,36,178,340.26,0.9233,0.5550,0.198507,33,17,14,31.22,0.3649,0.0984,0.007560,4.317
577952,520,465,985,216,49,98,9.37,0.8595,0.5213,0.176799,11,5,29,291.62,0.6921,0.0549,0.002684,4.305
577955,520,461,981,119,95,247,284.86,0.9225,0.5281,0.188214,9,11,1,116.40,0.7883,0.0540,0.002996,4.495
577973,520,464,984,200,81,10,43.69,0.9641,0.5167,0.181881,17,2,15,332.30,0.6978,0.0466,0.001971,4.462
577976,520,473,993,164,67,228,308.30,0.8611,0.5227,0.175089,1,2,13,269.50,0.7910,0.0272,0.000789,4.432
577979,520,476,996,184,57,191,325.71,0.8159,0.5145,0.168795,1,0,18,273.67,1.0000,0.0236,0.000501,4.332
577986,520,296,816,238,136,22,59.90,0.9649,0.6771,0.358459,46,62,29,130.17,0.5665,0.2422,0.041147,4.481
577991,520,439,959,217,79,33,37.50,0.9163,0.5462,0.204559,38,11,4,38.04,0.7306,0.0927,0.006602,4.497
578004,520,346,866,237,38,246,326.16,0.9813,0.6267,0.260471,78,5,62,339.54,0.8474,0.1887,0.020763,4.387
578014,520,251,771,247,148,65,57.10,0.9054,0.7167,0.413383,42,72,44,145.77,0.5502,0.2740,0.053087,4.495
578042,520,334,854,254,16,232,333.29,0.9960,0.6393,0.272708,30,51,39,158.37,0.3959,0.1974,0.027901,4.143
578057,520,380,900,230,48,209,333.62,0.9385,0.5966,0.235429,23,38,52,247.52,0.3730,0.1588,0.018163,4.187
578109,520,377,897,232,44,207,334.64,0.9465,0.5963,0.234648,48,31,25,40.25,0.3041,0.1555,0.016786,4.262
578117,520,433,953,235,25,122,1.67,0.9591,0.5518,0.197656,40,11,31,341.29,0.6020,0.1050,0.007895,4.278
578121,520,379,899,238,86,63,31.25,0.9008,0.5975,0.251946,6,31,91,263.30,0.9279,0.1640,0.017739,4.457
578142,520,391,911,217,73,197,333.88,0.8360,0.5899,0.235501,28,38,20,132.10,0.4382,0.1499,0.016836,4.272
578149,520,394,914,241,48,152,353.79,0.9173,0.5878,0.230848,56,19,25,12.50,0.5801,0.1437,0.013768,4.404
578183,520,464,984,114,91,255,283.02,1.0000,0.5237,0.182791,5,1,40,276.51,0.9766,0.0502,0.002072,4.471
578202,520,445,965,211,58,155,346.33,0.8100,0.5418,0.192437,14,17,11,129.34,0.2138,0.0754,0.005184,4.393
578222,520,454,974,195,70,164,338.87,0.7397,0.5317,0.186644,29,6,0,45.23,1.0000,0.0678,0.003915,4.389
578229,520,444,964,180,34,253,309.70,0.9899,0.5388,0.179402,15,11,40,285.16,0.6497,0.0781,0.004941,4.175
578234,520,293,813,215,126,229,322.00,0.7961,0.6809,0.350273,26,62,61,192.95,0.5370,0.2384,0.040016,4.447
578237,520,400,920,216,53,208,330.27,0.9060,0.5755,0.217013,30,17,81,284.20,0.8287,0.1415,0.012710,4.258
578250,520,360,880,247,8,227,332.94,0.9970,0.6221,0.254969,16,48,26,151.40,0.7875,0.1754,0.022986,4.178
578260,520,378,898,239,44,190,341.12,0.9427,0.5993,0.238727,19,43,38,178.64,0.4764,0.1646,0.020061,4.121
578277,520,462,982,224,46,72,19.42,0.9166,0.5287,0.182719,6,1,36,280.76,0.9614,0.0473,0.001878,4.486
578294,520,445,965,211,27,199,331.49,0.9528,0.5448,0.187583,11,2,65,275.39,0.9830,0.0849,0.004962,4.323
578321,520,465,985,180,74,174,329.86,0.7107,0.5180,0.176581,5,1,36,278.45,0.9671,0.0463,0.001813,4.373
578329,520,386,906,228,18,223,329.53,0.9877,0.5878,0.222567,58,21,2,46.22,0.8863,0.1463,0.014404,4.232
578334,520,439,959,220,29,181,338.99,0.9433,0.5512,0.194330,5,1,75,268.46,0.9968,0.0924,0.005619,4.393
578343,520,467,987,174,72,190,322.02,0.7480,0.5158,0.173522,8,4,2,57.67,0.3690,0.0364,0.001428,4.346
578356,520,437,957,201,30,229,321.07,0.9651,0.5501,0.190048,41,6,5,26.74,0.8179,0.0904,0.006127,4.277
578361,520,469,989,219,49,41,28.34,0.9340,0.5164,0.174194,16,0,8,346.25,1.0000,0.0372,0.001277,4.372
578362,520,451,971,233,18,90,11.96,0.9771,0.5357,0.184975,29,4,9,9.20,0.6897,0.0665,0.003678,4.377
578392,520,366,886,185,94,255,307.15,1.0000,0.6076,0.255405,7,48,4,141.81,0.9832,0.1679,0.021678,4.261
578406,520,468,988,223,44,45,26.69,0.9444,0.5209,0.176816,9,3,15,309.16,0.5792,0.0401,0.001577,4.398
578420,520,447,967,218,70,42,32.82,0.9040,0.5370,0.194554,13,2,61,278.68,0.9747,0.0816,0.004659,4.474
578427,520,367,887,242,70,166,350.69,0.8879,0.6144,0.260137,46,34,52,314.17,0.3070,0.1712,0.019729,4.448
578430,520,475,995,229,19,77,15.73,0.9764,0.5247,0.176626,1,3,13,264.20,0.7170,0.0303,0.001006,4.443
578440,520,301,821,226,129,156,2.79,0.6285,0.6694,0.342716,41,61,12,129.22,0.8721,0.2322,0.038354,4.445
578445,520,392,912,209,79,204,329.29,0.8153,0.5880,0.235087,64,15,22,16.09,0.7224,0.1522,0.014897,4.393
578463,520,429,949,191,88,158,341.39,0.6367,0.5475,0.205259,50,2,16,8.90,0.8916,0.1050,0.007591,4.432
578512,520,452,972,224,6,132,355.47,0.9875,0.5277,0.176462,14,1,51,284.84,0.9736,0.0694,0.003541,4.230
578537,520,289,809,247,117,159,1.65,0.8466,0.6814,0.350027,10,67,10,142.85,0.9821,0.2360,0.041006,4.396
578551,520,407,927,229,62,128,1.42,0.8412,0.5679,0.216645,35,29,10,92.17,0.5401,0.1294,0.012580,4.261
578552,520,465,985,173,45,233,311.49,0.9282,0.5182,0.166451,2,11,8,174.75,0.6215,0.0501,0.002698,4.107
578565,520,269,789,235,135,165,1.39,0.6914,0.6962,0.377089,0,74,28,149.17,1.0000,0.2605,0.049812,4.279
578569,520,292,812,246,109,189,346.72,0.8889,0.6792,0.342070,79,47,13,63.30,0.7435,0.2395,0.037246,4.494
578575,520,397,917,192,60,255,311.74,1.0000,0.5774,0.216593,8,40,16,148.60,0.9163,0.1427,0.016066,4.035
578579,520,433,953,215,45,180,338.26,0.8874,0.5509,0.196214,3,15,63,265.13,0.9319,0.0987,0.007198,4.305
578607,520,371,891,235,76,171,347.74,0.8430,0.6106,0.257740,1,44,61,230.41,0.9586,0.1719,0.021446,4.307
578610,520,321,841,236,102,181,346.55,0.8105,0.6499,0.306743,63,46,20,76.23,0.5606,0.2138,0.030614,4.425
578620,520,366,886,215,57,252,318.95,0.9852,0.6074,0.244034,36,11,108,282.31,0.9453,0.1719,0.016971,4.390
578629,520,341,861,214,116,153,357.08,0.5931,0.6274,0.290887,21,55,30,150.11,0.7632,0.2022,0.029854,4.269
578643,520,446,966,134,102,222,292.60,0.7407,0.5357,0.198450,29,13,10,31.39,0.4122,0.0834,0.005710,4.460
578655,520,367,887,223,51,242,323.47,0.9585,0.6084,0.244685,36,31,82,283.29,0.6510,0.1745,0.019642,4.231
578664,520,479,999,219,37,16,30.58,0.9796,0.5051,0.164233,0,0,6,264.05,1.0000,0.0126,0.000131,4.273
578666,520,446,966,206,36,197,330.70,0.9219,0.5392,0.184167,16,10,42,286.79,0.6906,0.0788,0.004944,4.262
578672,520,408,928,212,84,150,351.23,0.7127,0.5722,0.225418,55,9,36,348.84,0.7302,0.1320,0.011351,4.489
578682,520,390,910,236,84,22,38.79,0.9681,0.5875,0.242344,13,42,23,152.51,0.7752,0.1532,0.018033,4.297
578687,520,422,942,237,50,80,18.48,0.9256,0.5596,0.208681,20,10,69,280.69,0.8867,0.1086,0.007954,4.464
578739,520,478,998,223,27,24,28.54,0.9783,0.5081,0.165406,2,2,5,283.18,0.3513,0.0245,0.000673,4.251
578742,520,124,644,250,198,176,44.08,0.7884,0.8451,0.638484,69,100,33,130.57,0.8061,0.3798,0.104892,4.445
578777,520,397,917,170,88,255,302.69,1.0000,0.5799,0.227460,37,30,32,358.87,0.1163,0.1406,0.014262,4.318
578792,520,313,833,227,104,216,331.00,0.8355,0.6559,0.311914,26,61,21,141.25,0.8865,0.2231,0.036111,4.203
578801,520,175,695,244,171,222,338.21,0.8466,0.7975,0.536345,67,84,85,200.82,0.1560,0.3438,0.081897,4.445
578852,520,394,914,248,7,158,351.97,0.9939,0.5869,0.225804,66,0,20,11.00,1.0000,0.1387,0.012090,4.442
578860,520,323,843,215,118,189,338.03,0.6570,0.6472,0.310798,29,52,61,224.95,0.3820,0.2092,0.030540,4.480
578880,520,423,943,191,77,215,320.25,0.8181,0.5647,0.212917,41,12,43,325.04,0.6503,0.1150,0.009088,4.450
578881,520,352,872,251,53,174,348.95,0.9660,0.6196,0.261148,65,8,87,313.63,0.8711,0.1860,0.019857,4.454
578899,520,413,933,252,24,53,24.00,0.9871,0.5711,0.216095,24,10,77,281.93,0.9029,0.1214,0.009471,4.474
578901,520,474,994,177,30,240,311.69,0.9663,0.5206,0.165679,8,0,19,305.35,1.0000,0.0331,0.000986,4.230
578903,520,319,839,239,83,226,331.35,0.9248,0.6532,0.300307,73,44,7,67.29,0.8183,0.2222,0.032334,4.255
578911,520,480,1000,138,68,247,295.26,0.9458,0.5069,0.162530,0,0,0,0.00,0.0000,0.0000,0.000000,4.251
578914,520,359,879,246,65,171,349.50,0.9221,0.6189,0.263168,15,37,91,264.18,0.8304,0.1818,0.021799,4.362
578915,520,9,529,252,250,253,314.80,0.4919,0.9854,0.961586,32,135,34,143.12,0.9770,0.4738,0.177498,4.447
578919,520,475,995,216,58,50,27.87,0.9015,0.5202,0.178579,10,1,6,342.32,0.6865,0.0317,0.000994,4.482
578928,520,480,1000,200,13,181,333.71,0.9677,0.5081,0.159053,0,0,0,0.00,0.0000,0.0000,0.000000,4.181
578931,520,322,842,212,109,226,322.70,0.8146,0.6473,0.304268,67,42,19,61.62,0.5781,0.2095,0.028964,4.486
578934,520,470,990,206,57,119,359.78,0.7910,0.5164,0.173821,11,4,10,331.03,0.4032,0.0425,0.001799,4.321
578938,520,450,970,204,38,204,328.19,0.9231,0.5416,0.185851,26,8,6,29.17,0.5280,0.0687,0.004065,4.362
578945,520,421,941,227,51,149,352.00,0.8718,0.5624,0.208711,19,26,31,239.42,0.1929,0.1109,0.009761,4.329
578948,520,437,957,232,31,129,358.96,0.9395,0.5510,0.197237,19,15,45,285.69,0.6092,0.0933,0.006695,4.361
578949,520,408,928,249,40,25,29.68,0.9799,0.5703,0.217311,32,31,21,102.91,0.2347,0.1337,0.013412,4.215
578961,520,451,971,230,16,119,1.44,0.9731,0.5375,0.185284,0,9,51,262.93,1.0003,0.0732,0.004344,4.330
578965,520,478,998,198,27,184,332.29,0.9258,0.5116,0.162521,4,0,10,306.92,1.0000,0.0227,0.000477,4.210
578968,520,445,965,215,26,180,338.01,0.9445,0.5400,0.184834,29,5,26,332.73,0.6745,0.0752,0.004444,4.313
578970,520,336,856,228,74,246,323.35,0.9605,0.6388,0.280475,11,58,6,141.66,0.9819,0.2044,0.031103,4.075
578973,520,456,976,183,2,248,312.18,0.9986,0.5281,0.168891,9,2,40,283.29,0.9264,0.0559,0.002547,4.166
578990,520,384,904,240,69,94,17.13,0.8928,0.5862,0.235928,25,16,95,276.90,0.9204,0.1515,0.014034,4.465
579012,520,432,952,206,71,160,343.89,0.7568,0.5496,0.201683,44,4,21,358.79,0.7797,0.0975,0.006765,4.434
579013,520,400,920,242,63,67,24.73,0.9321,0.5788,0.228408,60,11,25,7.91,0.7383,0.1398,0.012703,4.440
579024,520,434,954,237,19,122,1.79,0.9732,0.5537,0.198785,13,24,34,246.85,0.3693,0.1025,0.008543,4.250
579025,520,397,917,240,38,142,356.41,0.9368,0.5755,0.218676,20,18,84,274.89,0.8922,0.1377,0.012214,4.319
579048,520,320,840,235,117,115,22.55,0.7637,0.6498,0.316251,6,59,31,154.34,0.9626,0.2105,0.032654,4.431
579049,520,468,988,220,57,2,35.00,0.9968,0.5238,0.181489,2,9,6,169.28,0.5700,0.0447,0.002214,4.433
579071,520,405,925,232,40,185,340.88,0.9366,0.5814,0.221789,28,31,6,115.42,0.7054,0.1263,0.012400,4.356
579073,520,372,892,180,103,246,306.33,0.8942,0.6082,0.260583,15,47,23,149.30,0.8337,0.1708,0.021964,4.316
579080,520,363,883,236,98,30,42.35,0.9468,0.6081,0.266648,2,48,11,146.19,0.9913,0.1670,0.021509,4.428
579100,520,437,957,210,23,217,326.49,0.9726,0.5536,0.193261,4,19,46,259.76,0.7878,0.0921,0.006888,4.276
579102,520,421,941,242,44,10,31.51,0.9917,0.5578,0.207039,36,9,53,309.05,0.7596,0.1105,0.008275,4.411
579109,520,456,976,172,76,211,314.73,0.7886,0.5326,0.186436,5,10,25,265.91,0.5370,0.0579,0.003195,4.445
579116,520,387,907,178,94,237,308.67,0.8494,0.5853,0.235855,68,4,40,352.58,0.8450,0.1549,0.014692,4.419
579119,520,368,888,252,3,193,342.66,0.9983,0.6108,0.246142,68,21,34,6.20,0.6300,0.1725,0.018810,4.304
579121,520,478,998,223,30,0,31.01,1.0000,0.5087,0.166194,1,1,10,275.68,0.8223,0.0220,0.000501,4.281
579122,520,301,821,247,114,124,17.57,0.8695,0.6663,0.332670,44,59,39,138.01,0.3637,0.2335,0.038098,4.344
579123,520,466,986,96,101,250,275.97,0.9609,0.5227,0.186956,11,9,12,314.70,0.1228,0.0547,0.002931,4.477
579137,520,465,985,179,84,152,339.49,0.6132,0.5195,0.181926,2,8,29,263.24,0.8033,0.0536,0.002753,4.396
579150,520,221,741,218,174,159,39.67,0.3882,0.7516,0.476819,10,85,45,153.44,0.9718,0.3039,0.067507,4.483
579153,520,480,1000,133,70,253,292.36,0.9847,0.5094,0.164587,0,0,0,0.00,0.0000,0.0000,0.000000,4.292
579159,520,442,962,237,38,11,30.85,0.9902,0.5434,0.194182,28,9,14,4.51,0.4718,0.0757,0.004740,4.461
579165,520,423,943,252,9,23,27.94,0.9967,0.5643,0.209565,25,24,36,288.09,0.2512,0.1137,0.009873,4.335
579191,520,208,728,252,139,235,332.94,0.9811,0.7554,0.451612,5,76,124,246.37,0.9283,0.3126,0.066560,4.303
579217,520,466,986,206,34,173,337.92,0.9001,0.5233,0.172850,8,10,2,118.05,0.5967,0.0512,0.002731,4.226
579222,520,297,817,206,132,221,320.68,0.7010,0.6758,0.348459,51,62,0,120.26,1.0000,0.2433,0.041490,4.355
579244,520,339,859,204,105,249,313.90,0.9412,0.6445,0.297813,7,53,53,194.94,0.8448,0.1983,0.028483,4.432
579249,520,424,944,248,26,31,27.77,0.9866,0.5613,0.207978,42,8,37,334.12,0.6979,0.1074,0.007995,4.448
579255,520,437,957,218,74,93,16.57,0.7883,0.5507,0.205957,19,22,11,120.84,0.3448,0.0930,0.007364,4.462
579256,520,435,955,233,51,51,26.56,0.9400,0.5477,0.199334,16,12,50,281.72,0.7421,0.0891,0.006034,4.450
579257,520,443,963,219,27,162,344.67,0.9359,0.5382,0.184550,10,13,36,274.68,0.5895,0.0751,0.004797,4.280
579268,520,462,982,221,57,8,34.49,0.9880,0.5260,0.183186,15,5,4,29.01,0.4138,0.0472,0.002189,4.468
579275,520,468,988,177,13,245,310.97,0.9899,0.5185,0.162285,1,8,9,203.28,0.6856,0.0423,0.001998,4.083
579304,520,437,957,243,9,31,26.84,0.9958,0.5454,0.193525,32,2,48,310.73,0.8940,0.0902,0.005639,4.377
579305,520,390,910,240,0,199,338.43,1.0000,0.5909,0.226517,57,19,43,344.27,0.5946,0.1529,0.015101,4.247
579314,520,354,874,247,8,225,333.42,0.9969,0.6209,0.253871,36,43,33,136.31,0.2082,0.1760,0.022126,4.213
579324,520,432,952,241,18,56,22.46,0.9878,0.5461,0.194223,42,10,0,43.29,1.0000,0.0974,0.007094,4.278
579340,520,406,926,255,23,73,19.48,1.0000,0.5799,0.223577,27,21,63,285.18,0.6622,0.1280,0.011282,4.464
579344,520,433,953,245,0,61,20.87,1.0000,0.5511,0.197529,25,21,29,307.55,0.1946,0.1028,0.008317,4.245
579350,520,330,850,234,83,225,330.29,0.9063,0.6447,0.291175,21,47,88,259.20,0.6793,0.2079,0.028969,4.320
579355,520,372,892,218,67,236,323.25,0.9246,0.6095,0.249778,7,27,105,265.43,0.9471,0.1720,0.018488,4.377
579356,520,283,803,226,125,217,330.47,0.7915,0.6878,0.358475,79,51,40,42.26,0.3599,0.2540,0.041833,4.448
579357,520,445,965,165,77,229,307.54,0.8432,0.5377,0.189649,11,12,39,277.46,0.6471,0.0760,0.004806,4.373
579372,520,466,986,207,68,69,23.99,0.8143,0.5174,0.178315,22,1,17,337.25,0.8019,0.0521,0.002328,4.363
579374,520,431,951,230,11,157,348.54,0.9829,0.5518,0.194995,20,25,0,119.16,1.0000,0.1000,0.008440,4.192
579376,520,411,931,208,28,240,320.41,0.9775,0.5693,0.205334,22,25,49,276.55,0.4591,0.1213,0.010876,4.194
579379,520,422,942,236,4,156,350.07,0.9947,0.5617,0.203230,35,7,57,305.29,0.8124,0.1098,0.008047,4.362
579383,520,378,898,253,65,19,33.62,0.9907,0.5980,0.247139,68,10,43,350.74,0.7667,0.1623,0.016206,4.488
579393,520,348,868,228,111,132,10.48,0.7000,0.6333,0.295312,12,54,9,142.14,0.9676,0.1912,0.027361,4.464
579404,520,473,993,200,69,112,3.82,0.7267,0.5169,0.177074,6,1,8,319.34,0.6795,0.0278,0.000780,4.472
579410,520,455,975,187,78,166,335.69,0.6900,0.5303,0.187682,25,7,3,39.03,0.6408,0.0644,0.003652,4.430
579420,520,414,934,246,17,130,0.66,0.9824,0.5741,0.216088,31,28,3,102.94,0.8124,0.1206,0.011284,4.342
579432,520,440,960,187,42,246,312.95,0.9576,0.5482,0.188757,4,15,56,265.63,0.8996,0.0922,0.006529,4.224
579448,520,365,885,252,66,91,18.60,0.9753,0.6055,0.253508,73,12,37,0.83,0.7674,0.1720,0.018132,4.455
579462,520,417,937,238,57,77,20.55,0.9162,0.5670,0.216424,49,15,21,11.83,0.5933,0.1230,0.010489,4.405
579477,520,359,879,218,85,214,328.91,0.8449,0.6154,0.262594,6,46,56,218.71,0.8160,0.1770,0.022781,4.295
579490,520,419,939,167,74,253,303.43,0.9820,0.5560,0.202054,37,12,41,321.95,0.6270,0.1074,0.008164,4.334
579491,520,457,977,236,3,61,20.32,0.9977,0.5325,0.182381,19,7,22,319.56,0.5026,0.0632,0.003483,4.345
579518,520,295,815,251,112,154,3.50,0.9114,0.6784,0.344337,15,69,8,141.54,0.9826,0.2443,0.043752,4.206
579520,520,328,848,236,80,228,330.01,0.9188,0.6463,0.291740,77,33,36,17.51,0.5312,0.2107,0.027931,4.385
579521,520,319,839,253,96,127,11.63,0.9651,0.6507,0.307840,2,46,108,258.68,0.9739,0.2164,0.030494,4.446
579529,520,396,916,237,29,178,343.92,0.9620,0.5814,0.221005,27,29,51,278.77,0.3911,0.1371,0.013507,4.267
579559,520,480,1000,219,10,100,6.03,0.9798,0.5069,0.161999,0,0,0,0.00,0.0000,0.0000,0.000000,4.240
579583,520,294,814,240,135,31,57.87,0.9479,0.6786,0.359548,1,65,71,205.25,0.9827,0.2445,0.042418,4.431
579587,520,336,856,244,27,251,326.74,0.9913,0.6374,0.269848,34,52,7,129.15,0.9022,0.1971,0.028114,4.095
579594,520,369,889,227,34,248,323.35,0.9816,0.6094,0.242545,24,37,77,267.73,0.6224,0.1744,0.020531,4.148
579601,520,428,948,224,43,173,342.73,0.9045,0.5622,0.205947,15,22,43,268.51,0.4856,0.1042,0.008498,4.375
579604,520,459,979,213,37,149,347.94,0.8843,0.5257,0.176415,2,11,24,251.55,0.6848,0.0569,0.003182,4.257
579634,520,377,897,250,39,142,358.37,0.9588,0.5956,0.237315,47,32,31,23.13,0.2283,0.1584,0.017363,4.265
579645,520,449,969,212,2,200,331.49,0.9971,0.5401,0.182127,5,5,48,271.94,0.9390,0.0665,0.003542,4.335
579648,520,390,910,245,49,147,356.36,0.9230,0.5941,0.237189,23,39,12,134.21,0.7263,0.1473,0.016597,4.312
579659,520,478,998,197,44,159,340.36,0.8327,0.5058,0.161767,0,1,5,257.10,0.9999,0.0173,0.000327,4.208
579678,520,445,965,241,12,43,24.93,0.9934,0.5429,0.191415,30,6,34,321.82,0.6986,0.0831,0.005218,4.372
579690,520,435,955,244,2,67,19.37,0.9986,0.5504,0.196852,38,9,10,20.92,0.6467,0.0909,0.006294,4.385
579695,520,430,950,194,11,249,314.91,0.9933,0.5484,0.185496,33,18,12,42.55,0.3864,0.1001,0.007825,4.073
579702,520,279,799,238,132,141,15.40,0.7316,0.6876,0.366052,3,67,67,194.82,0.9566,0.2496,0.044387,4.408
579705,520,367,887,224,58,228,327.03,0.9349,0.6059,0.244770,48,36,42,347.01,0.1843,0.1739,0.020573,4.177
579708,520,405,925,213,81,170,342.65,0.7514,0.5788,0.229353,16,35,11,139.43,0.7824,0.1294,0.013363,4.409
579709,520,430,950,188,79,195,325.23,0.7523,0.5498,0.202248,5,13,68,267.44,0.9433,0.1018,0.007374,4.397
579758,520,437,957,246,19,2,29.82,0.9986,0.5532,0.200665,45,4,4,26.27,0.8995,0.0948,0.006536,4.434
579785,520,454,974,131,107,202,293.22,0.6164,0.5284,0.196049,4,16,31,252.70,0.6284,0.0742,0.004953,4.477
579799,520,371,891,250,2,201,340.10,0.9989,0.6112,0.245877,43,27,80,293.24,0.6688,0.1723,0.018766,4.303
579804,520,335,855,249,84,150,359.58,0.9200,0.6359,0.286856,7,35,116,264.23,0.9379,0.2009,0.025080,4.487
579814,520,471,991,210,57,113,3.23,0.8036,0.5219,0.178224,9,2,23,298.29,0.7820,0.0421,0.001634,4.420
579838,520,450,970,190,48,227,318.00,0.9202,0.5420,0.186084,31,1,21,343.11,0.8367,0.0685,0.003672,4.399
579843,520,438,958,202,55,208,326.32,0.8799,0.5537,0.198447,44,2,20,358.94,0.8431,0.0940,0.006295,4.413
579851,520,427,947,224,65,127,1.25,0.8152,0.5613,0.211628,6,28,20,166.89,0.6979,0.1039,0.009197,4.420
579864,520,415,935,238,52,106,9.97,0.9052,0.5693,0.216769,4,19,77,265.21,0.9393,0.1224,0.010273,4.426
579868,520,387,907,241,44,159,351.23,0.9289,0.5881,0.230084,25,27,71,276.85,0.6653,0.1460,0.014454,4.345
579872,520,453,973,190,43,216,320.90,0.9147,0.5299,0.176342,5,18,19,201.57,0.4767,0.0740,0.005119,4.106
579886,520,398,918,235,59,144,356.19,0.8702,0.5821,0.228066,55,15,44,340.01,0.6532,0.1438,0.013358,4.389
579887,520,389,909,229,64,172,345.13,0.8558,0.5880,0.233059,64,12,18,18.79,0.7834,0.1473,0.013968,4.425
579888,520,415,935,245,30,91,13.82,0.9682,0.5656,0.210998,13,30,33,210.06,0.4088,0.1190,0.011239,4.262
579904,520,316,836,240,73,248,326.01,0.9740,0.6580,0.300701,81,24,74,332.99,0.6945,0.2211,0.028973,4.441
579915,520,357,877,231,102,116,15.83,0.7567,0.6191,0.277552,16,48,34,162.32,0.6864,0.1777,0.023395,4.463
579926,520,469,989,222,32,91,11.02,0.9330,0.5193,0.173207,1,6,13,244.21,0.6650,0.0387,0.001658,4.321
579935,520,463,983,142,81,242,296.04,0.8969,0.5251,0.180466,11,5,21,300.65,0.5613,0.0499,0.002338,4.403
579970,520,308,828,251,57,255,327.23,1.0000,0.6674,0.306584,66,42,69,322.84,0.3923,0.2258,0.032439,4.325
579977,520,319,839,248,112,28,46.00,0.9666,0.6507,0.316318,78,41,7,57.71,0.8145,0.2236,0.032211,4.456
579985,520,344,864,247,16,235,331.05,0.9946,0.6288,0.261459,52,37,54,322.48,0.2960,0.1872,0.023196,4.255
579986,520,370,890,210,96,194,333.12,0.7348,0.6070,0.259642,28,37,61,267.59,0.4127,0.1654,0.019069,4.483
579987,520,445,965,211,18,192,333.44,0.9684,0.5369,0.180894,7,20,8,146.07,0.6261,0.0775,0.005630,4.151
580001,520,285,805,225,133,194,340.88,0.6763,0.6897,0.366794,40,65,52,160.86,0.3775,0.2530,0.044795,4.397
580003,520,479,999,222,29,27,28.29,0.9748,0.5072,0.164903,0,0,5,264.05,1.0000,0.0116,0.000110,4.289
580014,520,462,982,235,8,5,29.20,0.9962,0.5267,0.178500,23,1,14,345.05,0.8009,0.0523,0.002356,4.364
580021,520,427,947,241,5,137,357.19,0.9940,0.5639,0.206187,11,24,36,247.65,0.4455,0.1023,0.008518,4.378
580022,520,378,898,252,23,155,353.97,0.9797,0.5974,0.236783,10,41,48,215.45,0.6678,0.1585,0.018637,4.178
580039,520,411,931,208,36,231,322.39,0.9604,0.5663,0.204430,29,3,80,287.05,0.9639,0.1214,0.009055,4.308
580049,520,276,796,252,120,170,358.16,0.9269,0.6977,0.370336,2,68,67,193.11,0.9725,0.2526,0.045522,4.400
580057,520,330,850,255,76,158,356.78,1.0000,0.6405,0.289009,39,53,23,129.61,0.5825,0.2068,0.030394,4.217
580087,520,397,917,215,58,218,327.23,0.9088,0.5845,0.225371,18,36,36,195.71,0.3693,0.1414,0.015177,4.225
580092,520,453,973,174,91,158,334.84,0.5719,0.5265,0.189505,17,9,38,291.99,0.6614,0.0749,0.004545,4.391
580120,520,391,911,246,61,113,9.72,0.9238,0.5945,0.241259,21,38,26,152.86,0.4327,0.1459,0.016202,4.400
580140,520,266,786,250,117,220,336.85,0.9614,0.7110,0.382165,19,70,67,189.48,0.7413,0.2636,0.049238,4.355
580142,520,463,983,192,52,207,323.67,0.8742,0.5338,0.181689,0,6,35,261.94,1.0000,0.0521,0.002516,4.412
580174,520,442,962,177,80,204,318.31,0.7582,0.5406,0.194451,0,21,6,152.40,1.0000,0.0751,0.005495,4.405
580184,520,431,951,172,100,169,328.52,0.5440,0.5452,0.207505,38,10,38,327.61,0.6497,0.1041,0.007691,4.463
580189,520,409,929,177,93,218,313.20,0.7620,0.5693,0.222386,51,18,21,16.55,0.5600,0.1317,0.011907,4.400
580192,520,470,990,210,28,157,344.12,0.9155,0.5188,0.169687,9,5,4,38.48,0.2178,0.0409,0.001754,4.245
580218,520,432,952,206,92,62,35.78,0.7598,0.5496,0.211259,5,20,57,263.51,0.8560,0.1044,0.008279,4.483
580238,520,471,991,227,28,2,30.62,0.9979,0.5163,0.171687,4,2,29,278.48,0.9032,0.0416,0.001579,4.298
580247,520,337,857,250,12,249,328.56,0.9972,0.6425,0.274295,6,33,123,264.56,0.9524,0.2050,0.025563,4.292
580265,520,411,931,244,49,13,31.90,0.9894,0.5657,0.214622,29,28,5,106.90,0.7076,0.1187,0.011027,4.336
580266,520,362,882,229,101,101,22.42,0.7675,0.6105,0.269075,40,41,55,281.45,0.2127,0.1837,0.023128,4.363
580267,520,402,922,209,29,253,317.79,0.9913,0.5815,0.215276,49,17,26,4.48,0.5441,0.1280,0.011285,4.329
580269,520,334,854,250,3,251,328.14,0.9993,0.6424,0.273571,58,33,71,313.08,0.5226,0.1967,0.024423,4.348
580277,520,433,953,220,47,162,345.54,0.8741,0.5521,0.198597,8,13,66,269.92,0.9219,0.1013,0.007328,4.336
580279,520,447,967,182,94,141,348.32,0.5458,0.5359,0.198748,11,19,11,144.65,0.3548,0.0783,0.005610,4.473
580297,520,403,923,233,83,3,40.30,0.9955,0.5800,0.235196,11,37,11,143.51,0.8972,0.1331,0.014184,4.443
580298,520,477,997,119,85,245,286.73,0.9211,0.5092,0.170112,3,0,7,308.47,1.0000,0.0194,0.000347,4.372
580305,520,474,994,220,51,5,33.61,0.9927,0.5180,0.175969,1,2,21,269.01,0.9199,0.0322,0.001040,4.427
580313,520,446,966,241,5,64,20.00,0.9965,0.5441,0.191829,2,22,20,186.71,0.8193,0.0835,0.006372,4.290
580320,520,470,990,212,60,59,25.59,0.8735,0.5158,0.175469,0,7,3,161.52,1.0000,0.0364,0.001585,4.371
580323,520,345,865,248,60,195,342.12,0.9516,0.6295,0.271314,24,48,46,188.75,0.4124,0.1866,0.025053,4.281
580326,520,476,996,202,74,29,38.05,0.9062,0.5109,0.175449,3,0,11,298.58,1.0000,0.0218,0.000435,4.470
580330,520,375,895,251,50,118,7.43,0.9649,0.5966,0.241020,54,20,61,320.50,0.6472,0.1602,0.016216,4.395
580353,520,453,973,217,66,71,23.13,0.8483,0.5343,0.191056,16,3,51,286.49,0.9185,0.0749,0.004143,4.452
580361,520,470,990,193,12,222,320.77,0.9859,0.5247,0.168758,4,1,24,283.52,0.9142,0.0350,0.001135,4.278
580376,520,472,992,188,78,133,351.76,0.6484,0.5163,0.178351,5,2,5,326.77,0.3882,0.0284,0.000866,4.489
580414,520,479,999,183,71,150,340.88,0.6890,0.5057,0.167772,1,0,6,289.16,1.0000,0.0150,0.000196,4.338
580420,520,424,944,171,80,247,305.43,0.9318,0.5639,0.211113,40,14,39,328.85,0.5812,0.1140,0.009117,4.417
580453,520,343,863,242,56,226,332.07,0.9557,0.6333,0.271993,37,45,60,262.79,0.2514,0.1945,0.025963,4.239
580460,520,456,976,219,30,144,350.85,0.9196,0.5310,0.180047,16,3,35,298.39,0.8177,0.0602,0.002966,4.343
580506,520,277,797,244,101,254,325.04,0.9955,0.6987,0.356986,55,55,80,283.92,0.2911,0.2503,0.041238,4.461
580516,520,338,858,254,14,237,332.12,0.9963,0.6420,0.275025,56,44,28,74.11,0.3464,0.2005,0.027260,4.207
580522,520,474,994,191,69,162,338.33,0.7325,0.5227,0.179428,10,1,8,334.06,0.7048,0.0325,0.001038,4.495
580529,520,415,935,246,28,103,9.99,0.9693,0.5697,0.214061,31,29,6,104.47,0.6778,0.1239,0.011832,4.271
580530,520,452,972,225,27,103,6.77,0.9451,0.5262,0.177735,7,13,36,269.11,0.6408,0.0729,0.004604,4.171
580537,520,447,967,200,82,127,359.08,0.6660,0.5401,0.198481,6,21,2,137.61,0.9384,0.0783,0.005794,4.454
580551,520,353,873,233,85,171,348.01,0.8152,0.6178,0.267635,31,48,18,133.25,0.6714,0.1833,0.024488,4.264
580559,520,463,983,237,3,28,26.91,0.9984,0.5310,0.181568,14,7,11,343.12,0.2641,0.0529,0.002695,4.395
580561,520,405,925,223,20,218,329.55,0.9826,0.5761,0.212526,32,29,30,355.19,0.0531,0.1313,0.012796,4.181
580571,520,418,938,161,108,194,311.35,0.5786,0.5595,0.221977,1,34,22,164.93,0.9739,0.1211,0.012084,4.381
580587,520,457,977,146,74,248,297.23,0.9445,0.5252,0.177860,11,6,27,291.81,0.6205,0.0557,0.002805,4.315
580642,520,479,999,211,55,57,25.07,0.8877,0.5081,0.168791,2,0,0,29.23,1.0000,0.0120,0.000129,4.365
580643,520,419,939,244,26,89,14.07,0.9737,0.5613,0.206966,7,6,84,268.64,0.9838,0.1129,0.008154,4.419
580644,520,445,965,198,23,224,321.55,0.9720,0.5382,0.180020,14,19,3,122.69,0.7091,0.0787,0.005657,4.133
580660,520,464,984,221,51,36,29.72,0.9398,0.5218,0.178699,3,11,11,195.52,0.4495,0.0519,0.002829,4.329
580673,520,360,880,251,56,166,351.66,0.9631,0.6183,0.260941,10,35,99,264.02,0.9065,0.1831,0.021673,4.338
580675,520,417,937,223,67,141,355.58,0.8065,0.5668,0.216279,25,27,21,122.38,0.1501,0.1153,0.010447,4.405
580697,520,344,864,248,20,231,332.21,0.9925,0.6290,0.262293,67,4,92,312.73,0.9315,0.1907,0.020530,4.428
580699,520,449,969,212,32,192,333.73,0.9347,0.5445,0.188380,16,9,25,302.93,0.4649,0.0654,0.003757,4.434
580709,520,422,942,226,55,140,355.42,0.8538,0.5602,0.207972,6,31,3,140.79,0.9669,0.1095,0.010252,4.282
580726,520,391,911,182,95,233,310.98,0.8299,0.5893,0.240135,12,41,2,138.37,0.9839,0.1456,0.016684,4.351
580728,520,470,990,209,15,176,337.60,0.9659,0.5224,0.170337,12,1,11,330.46,0.7421,0.0361,0.001240,4.300
580738,520,411,931,251,3,91,13.38,0.9979,0.5701,0.213334,0,15,83,263.73,1.0018,0.1204,0.009661,4.414
580740,520,340,860,230,97,196,338.68,0.8145,0.6403,0.293602,11,57,21,147.07,0.9538,0.2029,0.030514,4.268
580744,520,435,955,205,11,223,323.78,0.9892,0.5458,0.185480,28,17,3,74.16,0.6907,0.0889,0.006544,4.165
580745,520,466,986,120,96,233,286.61,0.8251,0.5190,0.182417,3,0,42,271.79,1.0000,0.0481,0.001865,4.481
580754,520,342,862,230,76,221,330.35,0.9036,0.6283,0.272146,80,20,29,15.92,0.7351,0.1934,0.022948,4.416
580774,520,259,779,234,127,236,326.56,0.8903,0.7117,0.387292,24,74,17,141.33,0.9587,0.2657,0.051320,4.316
580779,520,403,923,235,7,186,340.91,0.9929,0.5755,0.213622,53,4,42,339.03,0.8073,0.1253,0.010110,4.386
580790,520,397,917,218,69,185,338.01,0.8283,0.5806,0.226666,42,27,41,328.81,0.3179,0.1438,0.014362,4.299
580792,520,470,990,188,78,136,350.18,0.6509,0.5175,0.179193,4,2,27,279.62,0.8837,0.0400,0.001484,4.452
580797,520,470,990,214,18,154,345.91,0.9534,0.5209,0.170642,15,1,4,3.42,0.7521,0.0370,0.001320,4.299
580802,520,423,943,208,43,223,324.24,0.9395,0.5648,0.204672,32,16,40,313.49,0.5170,0.1066,0.008309,4.368
580808,520,419,939,235,40,136,357.61,0.9213,0.5646,0.209603,40,13,28,347.88,0.5450,0.1067,0.008229,4.458
580809,520,396,916,222,19,221,328.56,0.9844,0.5761,0.212181,36,11,79,292.34,0.8594,0.1379,0.011789,4.243
580841,520,435,955,224,0,177,340.92,1.0000,0.5481,0.190242,20,19,24,294.59,0.1284,0.0905,0.006804,4.229
580855,520,445,965,173,50,253,306.96,0.9879,0.5395,0.182581,12,18,28,260.41,0.3169,0.0830,0.005946,4.157
580875,520,432,952,231,56,77,19.89,0.9025,0.5523,0.203560,20,9,58,285.21,0.8315,0.0956,0.006496,4.488
580879,520,355,875,251,30,207,338.90,0.9816,0.6234,0.259460,42,18,107,285.79,0.8858,0.1847,0.019863,4.429
580881,520,466,986,161,64,231,306.82,0.8770,0.5175,0.170140,13,1,28,302.48,0.8880,0.0473,0.001911,4.241
580887,520,459,979,226,17,110,3.92,0.9688,0.5265,0.176983,1,8,35,262.65,0.9225,0.0573,0.003014,4.282
580903,520,462,982,211,28,169,340.43,0.9250,0.5272,0.175462,3,3,41,270.83,0.9573,0.0538,0.002446,4.299
580920,520,438,958,204,31,218,324.57,0.9556,0.5475,0.188811,18,19,19,197.02,0.0224,0.0866,0.006414,4.233
580930,520,325,845,248,51,241,329.80,0.9750,0.6493,0.286779,94,3,29,13.86,0.9580,0.2081,0.025339,4.470
580932,520,400,920,249,31,116,6.35,0.9656,0.5808,0.223842,7,10,98,267.39,0.9826,0.1368,0.011440,4.457
580934,520,386,906,191,101,192,326.85,0.6573,0.5858,0.241907,19,31,70,267.89,0.6657,0.1501,0.015606,4.449
580939,520,437,957,201,74,166,340.17,0.7402,0.5478,0.200700,14,14,53,276.92,0.7601,0.0939,0.006645,4.426
580960,520,385,905,254,18,132,1.44,0.9920,0.5912,0.231731,29,14,93,280.67,0.9109,0.1499,0.013656,4.426
580961,520,365,885,250,17,190,343.16,0.9891,0.6082,0.244459,67,27,3,48.04,0.8710,0.1745,0.019839,4.216
580965,520,362,882,223,112,15,52.41,0.9631,0.6087,0.273132,37,43,27,124.96,0.3208,0.1752,0.022002,4.488
580969,520,350,870,241,79,184,344.81,0.8859,0.6302,0.277562,63,37,23,48.60,0.4734,0.1921,0.024419,4.402
580971,520,336,856,221,86,251,319.82,0.9763,0.6445,0.289946,19,37,109,267.20,0.8821,0.2019,0.025656,4.493
580972,520,391,911,244,5,176,345.75,0.9957,0.5871,0.224794,6,27,84,264.10,0.9115,0.1476,0.014626,4.252
580983,520,393,913,244,21,175,346.22,0.9797,0.5903,0.228677,44,5,80,300.63,0.9166,0.1430,0.012232,4.478
580988,520,452,972,191,42,221,319.95,0.9258,0.5345,0.179542,21,0,48,297.15,1.0000,0.0719,0.003728,4.272
581015,520,395,915,234,1,219,331.94,0.9994,0.5923,0.226313,69,2,0,30.26,1.0000,0.1440,0.013089,4.380
581043,520,359,879,244,27,229,331.79,0.9868,0.6228,0.256770,13,49,42,177.90,0.7124,0.1825,0.024493,4.118
581051,520,330,850,254,94,90,25.09,0.9896,0.6414,0.298179,84,29,21,30.66,0.7224,0.2132,0.028180,4.454
581066,520,419,939,204,59,211,326.00,0.8777,0.5626,0.206702,19,25,24,184.24,0.1320,0.1052,0.008996,4.351
581070,520,444,964,189,13,245,314.38,0.9908,0.5374,0.177005,21,9,41,296.93,0.6853,0.0814,0.005149,4.116
581073,520,458,978,231,8,101,7.60,0.9886,0.5318,0.181052,25,4,18,341.77,0.6484,0.0634,0.003372,4.329
581087,520,479,999,187,5,220,319.63,0.9933,0.5114,0.158420,0,0,8,264.05,1.0000,0.0143,0.000175,4.154
581093,520,412,932,246,49,51,26.55,0.9616,0.5725,0.220319,18,22,63,274.17,0.7103,0.1223,0.010613,4.460
581099,520,399,919,213,19,246,320.47,0.9894,0.5790,0.212676,9,31,64,258.56,0.7471,0.1398,0.014081,4.099
581105,520,439,959,230,55,56,25.91,0.9245,0.5459,0.198438,30,17,10,49.01,0.3885,0.0932,0.006989,4.359
581108,520,334,854,238,52,255,324.22,1.0000,0.6427,0.278556,11,29,125,266.27,0.9581,0.2018,0.024304,4.422
581160,520,479,999,129,94,209,294.44,0.7048,0.5055,0.172760,2,0,0,29.23,1.0000,0.0120,0.000129,4.444
581171,520,403,923,236,40,157,350.64,0.9277,0.5752,0.217877,46,12,54,319.43,0.7190,0.1306,0.011102,4.384
581176,520,363,883,247,32,202,339.38,0.9756,0.6141,0.250746,20,41,52,232.82,0.4439,0.1657,0.019825,4.307
581178,520,429,949,240,1,115,4.18,0.9988,0.5533,0.197880,6,25,28,208.78,0.5739,0.0981,0.008178,4.261
581181,520,458,978,155,82,227,303.72,0.8198,0.5301,0.185496,33,0,4,16.88,1.0000,0.0641,0.003322,4.417
581190,520,444,964,234,32,63,21.24,0.9650,0.5383,0.188875,6,14,40,266.83,0.7128,0.0773,0.005060,4.338
581215,520,270,790,246,135,116,30.87,0.8577,0.6986,0.381844,7,72,60,176.15,0.9362,0.2640,0.050059,4.316
581223,520,419,939,239,29,102,9.40,0.9601,0.5556,0.201920,37,17,36,328.85,0.4737,0.1131,0.009216,4.254
581234,520,466,986,191,55,190,328.29,0.8293,0.5235,0.175280,8,10,0,116.44,1.0000,0.0505,0.002687,4.276
581238,520,464,984,219,55,18,33.29,0.9719,0.5203,0.178388,20,5,1,46.43,0.7607,0.0525,0.002595,4.342
581257,520,417,937,212,52,218,326.48,0.9179,0.5745,0.215169,26,28,31,258.36,0.0739,0.1227,0.011490,4.312
581274,520,452,972,192,58,186,329.84,0.8132,0.5256,0.177793,5,19,1,136.81,0.9655,0.0715,0.005002,4.142
581281,520,347,867,249,97,53,36.48,0.9560,0.6314,0.289495,7,55,21,148.51,0.9670,0.1947,0.028316,4.335
581283,520,392,912,250,53,74,21.59,0.9704,0.5869,0.233682,51,8,74,309.94,0.8463,0.1509,0.013720,4.452
581287,520,399,919,182,93,221,314.29,0.7801,0.5781,0.229952,26,34,34,196.42,0.1421,0.1408,0.014791,4.321
581290,520,432,952,243,3,42,24.88,0.9984,0.5451,0.192905,28,16,41,304.48,0.5222,0.1021,0.007776,4.204
581296,520,385,905,223,95,74,31.38,0.7911,0.5856,0.243693,3,36,60,244.89,0.8488,0.1480,0.016073,4.445
581300,520,372,892,237,1,244,326.78,0.9997,0.6146,0.245605,69,3,69,328.28,0.8927,0.1738,0.017602,4.373
581311,520,420,940,236,48,89,15.17,0.9210,0.5579,0.206711,45,11,11,23.32,0.6863,0.1068,0.008215,4.410
581332,520,386,906,198,79,230,318.40,0.8673,0.5878,0.233123,43,30,33,3.37,0.2048,0.1487,0.015520,4.321
581340,520,387,907,171,94,250,303.34,0.9400,0.5860,0.235660,60,5,63,325.81,0.8398,0.1541,0.014282,4.444
581349,520,402,922,243,51,95,14.29,0.9256,0.5756,0.222519,42,6,70,304.30,0.8730,0.1310,0.010647,4.494
581357,520,448,968,207,83,54,34.53,0.8142,0.5360,0.197204,30,5,39,315.93,0.7592,0.0849,0.005311,4.469
581377,520,390,910,242,73,19,35.78,0.9796,0.5850,0.236926,18,35,51,248.18,0.4564,0.1463,0.015696,4.367
581408,520,454,974,224,33,115,2.60,0.9214,0.5311,0.181755,31,2,17,350.95,0.7829,0.0686,0.003752,4.312
581413,520,480,1000,135,85,223,296.18,0.7957,0.5073,0.169757,0,0,0,0.00,0.0000,0.0000,0.000000,4.395
581415,520,414,934,251,8,103,9.87,0.9940,0.5740,0.216658,39,24,5,70.86,0.6919,0.1212,0.010956,4.375
581419,520,107,627,250,209,159,72.05,0.7835,0.8651,0.684296,13,110,30,144.84,0.9896,0.3867,0.113307,4.496
581422,520,282,802,243,99,239,328.77,0.9494,0.6859,0.342128,67,42,107,298.32,0.6340,0.2535,0.039108,4.401
581433,520,338,858,224,106,186,341.39,0.7376,0.6394,0.297026,43,50,20,120.29,0.5753,0.2008,0.028453,4.423
581445,520,344,864,245,83,152,357.89,0.8843,0.6284,0.278690,41,43,54,276.98,0.1682,0.1897,0.024655,4.403
581452,520,394,914,236,26,195,338.75,0.9729,0.5875,0.225146,15,38,21,150.53,0.6606,0.1407,0.015419,4.206
581453,520,212,732,252,133,255,326.39,1.0000,0.7558,0.446928,56,69,115,270.57,0.4643,0.3100,0.063346,4.384
581469,520,437,957,234,15,122,1.11,0.9778,0.5464,0.192423,8,5,65,272.04,0.9675,0.0877,0.005418,4.374
581484,520,337,857,253,19,242,330.76,0.9949,0.6446,0.277623,34,29,112,276.97,0.8617,0.1993,0.023886,4.434
581490,520,459,979,215,7,180,337.89,0.9868,0.5342,0.178966,13,6,36,288.95,0.7360,0.0640,0.003432,4.285
581493,520,384,904,220,49,230,325.60,0.9474,0.5937,0.231275,31,29,65,283.14,0.5445,0.1510,0.015517,4.293
581494,520,472,992,172,41,241,309.58,0.9470,0.5206,0.167083,1,4,0,134.81,1.0000,0.0275,0.000933,4.262
581498,520,413,933,251,24,33,27.41,0.9887,0.5670,0.212760,47,19,12,35.12,0.5812,0.1243,0.010967,4.310
581505,520,387,907,243,33,174,346.54,0.9601,0.5926,0.232015,64,1,44,345.31,0.9289,0.1452,0.012937,4.481
581512,520,425,945,238,15,129,359.48,0.9802,0.5570,0.201069,40,9,37,331.68,0.6710,0.1054,0.007801,4.344
581539,520,460,980,232,20,33,26.81,0.9867,0.5251,0.177690,11,9,24,288.21,0.4488,0.0602,0.003325,4.270
581587,520,452,972,158,76,237,303.37,0.8786,0.5335,0.185529,29,2,33,322.71,0.8189,0.0740,0.004145,4.350
581594,520,372,892,243,76,137,2.38,0.8777,0.6115,0.260328,38,43,13,117.60,0.6507,0.1734,0.021689,4.329
581597,520,474,994,227,22,63,19.93,0.9752,0.5189,0.172665,8,1,10,321.60,0.7188,0.0311,0.000953,4.370
581604,520,190,710,237,163,240,325.38,0.8700,0.7813,0.504917,57,83,58,145.49,0.4036,0.3232,0.073617,4.489
581673,520,387,907,253,1,149,355.61,0.9992,0.5920,0.230779,49,29,16,53.16,0.4762,0.1500,0.015692,4.274
581678,520,407,927,226,10,198,335.49,0.9893,0.5662,0.204656,3,36,24,164.90,0.9233,0.1292,0.013470,4.012
581688,520,434,954,227,32,156,348.66,0.9318,0.5530,0.197669,12,24,19,166.31,0.3520,0.0953,0.007784,4.286
581697,520,352,872,213,96,203,330.87,0.7686,0.6163,0.268254,50,46,6,103.53,0.8372,0.1948,0.026453,4.163
581726,520,437,957,190,9,255,312.58,1.0000,0.5468,0.183638,22,4,59,289.26,0.9097,0.0911,0.005732,4.192
581739,520,372,892,250,10,197,341.20,0.9945,0.6104,0.245756,61,24,50,340.14,0.5556,0.1718,0.018758,4.301
581749,520,401,921,248,5,140,357.55,0.9954,0.5792,0.219619,59,10,42,345.09,0.7366,0.1439,0.013142,4.270
581757,520,419,939,213,84,98,16.74,0.7249,0.5566,0.213708,11,28,36,230.24,0.4672,0.1135,0.010290,4.374
581759,520,458,978,228,33,89,12.63,0.9416,0.5317,0.183059,9,3,44,280.42,0.9207,0.0618,0.003050,4.393
581764,520,479,999,221,38,43,26.27,0.9543,0.5121,0.169355,0,0,4,264.05,1.0000,0.0106,0.000088,4.379
581779,520,468,988,221,48,17,32.05,0.9767,0.5178,0.175293,19,0,0,29.23,1.0000,0.0384,0.001385,4.384
581783,520,288,808,247,93,232,331.81,0.9612,0.6808,0.334317,1,57,102,249.86,0.9756,0.2404,0.038918,4.322
581802,520,389,909,241,65,125,5.09,0.8823,0.5924,0.239651,28,36,48,258.34,0.2544,0.1549,0.017220,4.309
581833,520,400,920,242,36,141,357.04,0.9448,0.5779,0.220653,36,23,59,297.86,0.5727,0.1387,0.013036,4.294
581837,520,341,861,239,90,151,358.12,0.8260,0.6264,0.279002,66,22,80,316.98,0.7189,0.1967,0.023114,4.500
581846,520,385,905,224,86,124,6.44,0.7453,0.5860,0.239606,60,10,56,331.52,0.7637,0.1541,0.014634,4.481
581865,520,385,905,253,34,123,4.85,0.9834,0.5924,0.234604,9,41,7,142.19,0.9551,0.1450,0.016592,4.274
581868,520,420,940,234,19,144,353.78,0.9703,0.5560,0.199748,44,14,1,46.25,0.9009,0.1078,0.008518,4.268
581872,520,410,930,199,90,171,338.39,0.6746,0.5694,0.223963,10,34,21,157.37,0.6926,0.1252,0.012627,4.375
581878,520,350,870,251,85,120,11.77,0.9468,0.6313,0.283656,41,46,13,117.02,0.6827,0.1855,0.024545,4.476
581882,520,431,951,242,16,80,16.05,0.9865,0.5517,0.198304,2,19,53,260.26,0.9118,0.0967,0.007356,4.329
581927,520,398,918,226,32,204,333.93,0.9595,0.5772,0.215639,28,35,12,123.40,0.5830,0.1392,0.014755,4.102
581963,520,443,963,238,2,80,15.15,0.9981,0.5401,0.188030,23,11,38,301.82,0.6037,0.0849,0.005615,4.280
581967,520,399,919,246,19,153,353.32,0.9805,0.5836,0.223618,8,9,98,267.88,0.9836,0.1362,0.011287,4.465
581992,520,413,933,232,45,148,353.09,0.9024,0.5669,0.211735,49,14,18,16.09,0.6250,0.1205,0.010108,4.354
581993,520,441,961,211,70,116,4.32,0.7574,0.5394,0.194924,9,21,32,247.42,0.4462,0.0908,0.006987,4.298
582002,520,430,950,179,86,194,321.91,0.7068,0.5458,0.201354,16,4,70,278.13,0.9629,0.0979,0.006392,4.457
582045,520,474,994,218,18,138,352.34,0.9552,0.5213,0.171755,2,3,14,272.66,0.6396,0.0320,0.001097,4.340
582049,520,398,918,207,28,255,316.86,1.0000,0.5795,0.213175,26,26,71,278.59,0.6711,0.1446,0.014133,4.104
582058,520,332,852,243,55,236,329.81,0.9647,0.6404,0.278459,34,39,90,275.30,0.6367,0.1978,0.025292,4.362
582076,520,432,952,220,11,184,337.97,0.9830,0.5468,0.189181,31,17,12,40.43,0.3606,0.0951,0.007188,4.182
582094,520,476,996,221,27,73,16.68,0.9562,0.5104,0.166398,6,1,1,22.40,0.6057,0.0243,0.000626,4.274
582097,520,451,971,188,12,249,313.25,0.9923,0.5391,0.177951,23,10,2,59.74,0.6789,0.0672,0.004036,4.218
582121,520,316,836,254,65,233,333.14,0.9955,0.6647,0.307377,40,35,120,277.87,0.8270,0.2239,0.030091,4.462
582123,520,352,872,196,120,169,341.51,0.5044,0.6155,0.280345,2,45,76,246.08,0.9210,0.1857,0.024113,4.457
582127,520,450,970,225,59,10,34.53,0.9862,0.5361,0.191602,19,14,1,93.22,0.8379,0.0705,0.004547,4.429
582130,520,422,942,218,56,172,341.97,0.8501,0.5609,0.207146,41,19,1,59.96,0.8899,0.1122,0.009394,4.329
582158,520,417,937,245,15,118,4.37,0.9848,0.5675,0.210655,40,23,12,53.09,0.4685,0.1216,0.010905,4.280
582164,520,476,996,138,91,202,300.79,0.6826,0.5051,0.171499,3,0,6,311.99,1.0000,0.0187,0.000325,4.401
582220,520,419,939,248,8,78,16.94,0.9947,0.5621,0.206838,38,3,63,305.53,0.9113,0.1145,0.008361,4.401
582222,520,399,919,224,89,66,31.86,0.8279,0.5770,0.233880,55,18,37,350.83,0.5856,0.1448,0.013785,4.451
582227,520,448,968,207,36,198,330.69,0.9243,0.5416,0.186063,11,0,61,277.13,1.0000,0.0766,0.004080,4.365
582236,520,464,984,154,92,188,312.35,0.6271,0.5173,0.181557,14,6,18,314.43,0.4544,0.0536,0.002673,4.396
582241,520,407,927,244,57,19,32.60,0.9827,0.5726,0.222098,21,28,54,270.68,0.4936,0.1314,0.012562,4.349
582243,520,452,972,220,56,62,24.05,0.8967,0.5278,0.183944,17,8,35,295.38,0.6509,0.0709,0.004142,4.321
582249,520,392,912,254,41,105,11.31,0.9920,0.5931,0.236803,16,40,9,139.23,0.9009,0.1454,0.016474,4.315
582265,520,450,970,208,6,215,326.56,0.9932,0.5441,0.184484,6,3,51,273.49,0.9645,0.0667,0.003428,4.389
582267,520,447,967,187,87,155,341.31,0.6249,0.5382,0.197491,5,8,58,269.39,0.9455,0.0825,0.005114,4.491
582269,520,466,986,192,78,124,357.74,0.6567,0.5195,0.181121,16,7,8,11.10,0.2936,0.0542,0.002797,4.378
582279,520,432,952,211,19,204,330.15,0.9728,0.5450,0.186763,32,17,19,10.91,0.3131,0.0985,0.007550,4.114
582284,520,425,945,242,12,107,7.41,0.9876,0.5573,0.202051,37,21,10,54.54,0.4827,0.1122,0.009516,4.235
582299,520,405,925,223,32,224,328.01,0.9702,0.5848,0.221051,34,2,85,289.75,0.9759,0.1321,0.010394,4.488
582300,520,409,929,212,89,135,359.39,0.6822,0.5736,0.228931,7,38,10,145.02,0.9452,0.1345,0.014533,4.322
582313,520,477,997,170,25,247,308.24,0.9772,0.5139,0.159575,4,0,10,306.92,1.0000,0.0227,0.000477,4.152
582318,520,399,919,243,13,158,351.03,0.9866,0.5782,0.218144,27,31,52,274.82,0.3747,0.1429,0.014609,4.150
582319,520,431,951,225,33,165,345.28,0.9296,0.5541,0.198145,29,6,56,298.99,0.8364,0.0994,0.006770,4.371
582321,520,478,998,195,6,195,328.34,0.9872,0.5066,0.156742,2,2,1,107.87,0.2671,0.0224,0.000585,4.087
582324,520,466,986,185,1,236,315.37,0.9991,0.5206,0.163934,4,12,5,148.30,0.5505,0.0533,0.002997,4.037
582328,520,409,929,234,70,83,20.75,0.8728,0.5736,0.225002,36,28,21,62.95,0.2245,0.1305,0.012597,4.393
582337,520,470,990,222,39,75,17.33,0.9273,0.5200,0.174914,2,5,22,266.93,0.7486,0.0420,0.001794,4.342
582346,520,280,800,247,88,252,326.58,0.9887,0.6867,0.337845,63,59,10,104.58,0.8304,0.2482,0.042067,4.213
582348,520,398,918,226,41,198,335.64,0.9365,0.5784,0.218343,16,27,76,269.00,0.7981,0.1443,0.014158,4.183
582355,520,452,972,233,19,4,29.77,0.9964,0.5254,0.178013,3,18,14,175.53,0.6780,0.0708,0.004837,4.158
582379,520,466,986,157,76,216,307.74,0.7952,0.5154,0.172954,15,7,8,9.81,0.2658,0.0531,0.002711,4.230
582387,520,431,951,203,16,225,322.73,0.9839,0.5451,0.185051,22,15,47,289.70,0.6217,0.0978,0.007175,4.111
582399,520,405,925,238,27,173,345.61,0.9649,0.5800,0.219811,11,17,86,269.28,0.9427,0.1328,0.011439,4.392
582425,520,377,897,227,1,242,324.90,0.9996,0.5959,0.227657,0,15,116,264.17,0.9863,0.1649,0.016025,4.205
582442,520,457,977,225,0,131,355.90,1.0000,0.5280,0.176490,28,0,21,338.78,1.0000,0.0614,0.003011,4.273
582457,520,438,958,218,66,119,3.60,0.7941,0.5486,0.201362,33,15,15,20.23,0.3943,0.0946,0.006995,4.410
582458,520,416,936,213,71,175,340.17,0.7938,0.5690,0.217498,51,15,13,26.00,0.6698,0.1246,0.010746,4.404
582467,520,413,933,243,28,138,357.87,0.9623,0.5749,0.217234,18,26,41,262.46,0.3647,0.1154,0.010275,4.434
582471,520,437,957,217,28,196,333.87,0.9535,0.5542,0.195700,6,3,73,269.38,0.9886,0.0934,0.005848,4.399
582476,520,296,816,189,137,251,303.57,0.9073,0.6818,0.356756,58,58,36,108.15,0.3432,0.2438,0.040530,4.493
582478,520,352,872,246,30,215,335.72,0.9813,0.6189,0.254307,60,24,77,313.25,0.6817,0.1878,0.021498,4.256
582485,520,435,955,206,40,204,328.72,0.9199,0.5463,0.190009,9,18,43,266.54,0.6333,0.0905,0.006651,4.237
582507,520,375,895,174,98,249,304.13,0.9261,0.5951,0.245741,50,34,13,71.83,0.5761,0.1632,0.018513,4.317
582525,520,348,868,249,99,44,38.91,0.9576,0.6335,0.292486,44,48,12,115.19,0.7216,0.1945,0.026759,4.462
582533,520,39,559,238,241,237,137.77,0.1533,0.9473,0.872021,28,128,30,143.08,0.9800,0.4496,0.157783,4.437
582537,520,387,907,223,34,226,327.50,0.9687,0.5872,0.223253,26,38,32,162.86,0.2477,0.1518,0.017101,4.072
582546,520,402,922,194,76,236,315.79,0.8916,0.5825,0.226956,43,24,18,38.28,0.3860,0.1297,0.012106,4.459
582551,520,236,756,249,147,186,356.14,0.8446,0.7448,0.445547,2,79,69,180.50,0.9837,0.2897,0.060343,4.491
582554,520,333,853,245,108,32,44.46,0.9553,0.6394,0.302450,38,52,1,124.57,0.9824,0.1998,0.028702,4.478
582567,520,360,880,234,46,244,325.82,0.9722,0.6247,0.259805,39,29,87,285.89,0.6996,0.1781,0.019982,4.427
582586,520,422,942,222,75,78,23.14,0.8269,0.5561,0.211144,29,3,73,290.18,0.9515,0.1131,0.008074,4.497
582600,520,419,939,232,66,44,30.93,0.9277,0.5595,0.212370,42,18,6,46.74,0.6569,0.1128,0.009381,4.418
582615,520,393,913,250,15,153,354.02,0.9873,0.5904,0.229690,24,18,84,277.94,0.8686,0.1408,0.012668,4.463
582629,520,425,945,232,52,107,8.74,0.8885,0.5579,0.206763,51,4,24,359.83,0.8070,0.1125,0.008567,4.384
582632,520,448,968,208,67,150,348.19,0.7678,0.5437,0.196283,10,20,18,180.59,0.2935,0.0824,0.006085,4.391
582645,520,382,902,201,96,197,328.86,0.7185,0.5951,0.248159,40,38,25,100.40,0.2711,0.1634,0.019075,4.316
582646,520,386,906,255,33,94,14.22,1.0000,0.5882,0.231596,43,3,91,294.76,0.9637,0.1518,0.013341,4.446
582648,520,182,702,243,174,182,11.34,0.6851,0.7880,0.527060,30,90,60,158.12,0.8157,0.3303,0.079143,4.468
582649,520,441,961,226,11,155,348.29,0.9804,0.5429,0.187774,5,24,14,158.96,0.7258,0.0894,0.007172,4.159
582676,520,449,969,191,2,243,315.47,0.9985,0.5365,0.175922,1,4,58,265.49,0.9834,0.0727,0.003987,4.185
582679,520,441,961,232,21,115,3.39,0.9653,0.5418,0.189329,25,17,30,311.93,0.3293,0.0941,0.007013,4.198
582694,520,381,901,227,0,249,323.36,1.0000,0.6009,0.231727,44,6,96,292.99,0.9406,0.1619,0.015103,4.327
582703,520,419,939,243,30,91,13.59,0.9662,0.5615,0.207419,15,15,71,274.07,0.8852,0.1145,0.008981,4.364
582707,520,401,921,237,51,133,359.89,0.8968,0.5751,0.220687,39,5,86,293.19,0.9376,0.1428,0.012118,4.358
582711,520,425,945,236,53,86,16.85,0.9122,0.5613,0.210540,1,32,20,163.91,0.9720,0.1139,0.010899,4.278
582725,520,13,533,244,254,216,119.32,0.9660,0.9765,0.950745,18,134,53,147.51,0.9859,0.4700,0.174351,4.461
582729,520,440,960,204,1,237,320.30,0.9993,0.5529,0.189752,39,4,24,349.10,0.7519,0.0893,0.005842,4.293
582740,520,347,867,249,46,210,337.83,0.9676,0.6294,0.267500,14,54,4,140.04,0.9837,0.1913,0.027404,4.102
582742,520,338,858,229,97,208,334.19,0.8363,0.6449,0.297637,26,53,22,141.19,0.7653,0.1967,0.028237,4.443
582754,520,381,901,217,59,236,323.16,0.9359,0.6007,0.239377,68,1,49,343.47,0.9351,0.1565,0.014726,4.471
582762,520,456,976,237,6,5,29.12,0.9973,0.5306,0.181490,15,4,39,292.21,0.8176,0.0645,0.003349,4.339
582774,520,399,919,193,97,195,326.59,0.6891,0.5838,0.238283,33,32,38,293.20,0.1119,0.1438,0.014963,4.438
582782,520,333,853,245,26,249,327.41,0.9917,0.6374,0.269936,26,18,133,271.85,0.9716,0.2039,0.023455,4.356
582856,520,449,969,239,6,66,19.35,0.9954,0.5404,0.188776,7,18,10,152.56,0.4781,0.0725,0.004997,4.342
582862,520,360,880,247,0,220,334.62,1.0000,0.6164,0.249445,41,29,87,287.75,0.6939,0.1802,0.020382,4.255
582867,520,379,899,179,96,251,305.72,0.9512,0.5998,0.249151,34,30,75,283.53,0.6140,0.1643,0.017766,4.414
582887,520,417,937,238,34,155,351.48,0.9450,0.5748,0.216908,37,17,43,318.03,0.5382,0.1172,0.009687,4.472
582932,520,479,999,157,54,242,303.86,0.9324,0.5109,0.162178,0,0,4,264.05,1.0000,0.0106,0.000088,4.236
582944,520,342,862,247,74,170,350.70,0.9208,0.6290,0.275771,44,43,52,290.46,0.1348,0.1919,0.025112,4.337
582956,520,417,937,215,94,39,42.24,0.8728,0.5658,0.226012,11,33,1,136.38,0.9856,0.1183,0.011610,4.480
582959,520,467,987,207,67,74,21.73,0.8061,0.5171,0.177763,8,2,28,290.28,0.8410,0.0447,0.001789,4.398
582961,520,387,907,201,99,168,341.22,0.6323,0.5852,0.241699,52,27,26,22.68,0.3953,0.1527,0.015886,4.427
582979,520,366,886,226,72,204,334.20,0.8736,0.6076,0.251654,28,44,10,130.84,0.8071,0.1669,0.020701,4.267
582994,520,319,839,233,111,157,358.23,0.7381,0.6493,0.311293,17,61,6,140.22,0.9807,0.2170,0.034697,4.266
583000,520,328,848,255,74,187,346.77,1.0000,0.6505,0.297487,43,46,65,277.22,0.2653,0.2057,0.028492,4.427
583002,520,453,973,174,82,197,319.19,0.7259,0.5345,0.190654,4,7,52,269.12,0.9419,0.0736,0.004257,4.435
583013,520,426,946,244,32,25,28.94,0.9811,0.5553,0.203398,7,16,71,267.98,0.9258,0.1116,0.008706,4.316
583040,520,389,909,227,34,215,331.27,0.9643,0.5868,0.223837,41,33,18,82.49,0.3849,0.1492,0.016028,4.147
583046,520,460,980,192,25,221,320.58,0.9642,0.5266,0.171237,11,7,28,289.26,0.5989,0.0585,0.003069,4.169
583049,520,452,972,198,34,204,326.55,0.9283,0.5288,0.175111,22,3,40,303.70,0.8363,0.0713,0.003889,4.177
583054,520,427,947,212,14,227,324.61,0.9886,0.5616,0.198591,3,26,21,176.88,0.8138,0.0964,0.008123,4.277
583071,520,400,920,255,43,19,30.52,1.0000,0.5843,0.230386,58,10,41,345.43,0.7321,0.1414,0.012769,4.467
583074,520,369,889,247,77,78,24.52,0.9442,0.6052,0.256353,43,41,4,106.38,0.8627,0.1718,0.021083,4.310
583078,520,460,980,189,55,198,325.24,0.8427,0.5255,0.176298,6,6,43,274.04,0.8863,0.0643,0.003434,4.235
583086,520,368,888,236,80,142,359.67,0.8249,0.6054,0.255260,36,24,93,283.61,0.7987,0.1718,0.018186,4.477
583095,520,407,927,237,71,27,34.74,0.9639,0.5735,0.225932,15,30,57,261.25,0.5898,0.1347,0.013255,4.362
583115,520,438,958,244,0,64,20.06,1.0000,0.5495,0.196068,8,18,41,264.31,0.6237,0.0884,0.006443,4.360
583116,520,404,924,242,31,150,353.83,0.9563,0.5790,0.220624,16,33,41,229.74,0.4077,0.1336,0.013579,4.256
583118,520,296,816,216,120,248,317.09,0.9339,0.6830,0.348106,41,57,72,247.22,0.2883,0.2385,0.038655,4.491
583127,520,431,951,190,84,180,331.26,0.6985,0.5512,0.205845,25,12,57,290.62,0.7583,0.1043,0.007650,4.438
583128,520,325,845,226,89,237,324.69,0.9168,0.6465,0.294299,59,46,21,82.32,0.5238,0.2084,0.029380,4.337
583143,520,341,861,233,98,148,359.66,0.7674,0.6263,0.281997,18,48,81,252.92,0.6694,0.2038,0.028365,4.237
583168,520,398,918,215,101,6,49.76,0.9816,0.5758,0.237698,10,38,30,171.45,0.6803,0.1410,0.015444,4.396
583170,520,422,942,248,4,89,13.65,0.9970,0.5636,0.207681,43,12,18,10.84,0.5968,0.1065,0.008203,4.427
583171,520,391,911,254,29,102,11.41,0.9927,0.5862,0.229126,19,37,42,217.44,0.3729,0.1479,0.016287,4.211
583173,520,466,986,182,72,177,329.48,0.7292,0.5202,0.177554,18,5,7,8.77,0.4531,0.0518,0.002525,4.332
583174,520,434,954,220,17,186,337.42,0.9733,0.5495,0.191641,24,16,48,291.55,0.6075,0.1026,0.007782,4.182
583178,520,466,986,213,39,139,351.68,0.8735,0.5224,0.174636,1,13,1,142.97,0.9737,0.0520,0.002965,4.241
583208,520,429,949,242,0,68,18.87,1.0000,0.5459,0.192980,35,11,41,319.19,0.6431,0.1029,0.007568,4.221
583209,520,332,852,254,34,229,334.03,0.9957,0.6432,0.278752,14,28,126,267.16,0.9579,0.2024,0.024300,4.425
583217,520,461,981,227,30,92,11.21,0.9457,0.5288,0.180350,9,5,24,291.28,0.6213,0.0499,0.002326,4.402
583224,520,377,897,218,44,252,320.05,0.9870,0.6030,0.237370,49,29,53,320.75,0.4253,0.1644,0.017888,4.233
583229,520,322,842,185,122,250,304.74,0.9104,0.6490,0.311360,24,55,47,174.66,0.5307,0.2092,0.031317,4.444
583240,520,460,980,232,23,23,28.41,0.9853,0.5255,0.178336,6,8,31,274.30,0.6785,0.0585,0.003113,4.299
583261,520,360,880,241,75,170,349.44,0.8779,0.6195,0.266381,59,32,51,338.81,0.4095,0.1844,0.022019,4.393
583263,520,433,953,202,95,51,41.63,0.7820,0.5464,0.209819,13,26,1,131.01,0.9627,0.0975,0.008265,4.459
583275,520,326,846,255,31,234,333.04,1.0000,0.6469,0.281837,70,7,108,306.78,0.9271,0.2138,0.025369,4.403
583284,520,330,850,254,63,193,344.17,0.9917,0.6417,0.284794,61,44,22,72.20,0.4968,0.2061,0.028515,4.264
583286,520,258,778,251,143,60,54.30,0.9506,0.7124,0.404833,17,77,14,142.36,0.9756,0.2732,0.054584,4.349
583296,520,470,990,181,10,239,313.46,0.9913,0.5187,0.162740,0,7,5,177.80,1.0000,0.0372,0.001629,4.121
583301,520,298,818,252,83,214,338.11,0.9797,0.6678,0.317400,23,52,97,258.97,0.6937,0.2296,0.035010,4.322
583312,520,373,893,234,59,179,343.77,0.8900,0.5958,0.238778,3,47,0,141.55,1.0000,0.1624,0.020523,4.095
583315,520,424,944,226,64,116,5.97,0.8288,0.5604,0.210992,2,31,0,141.18,1.0000,0.1068,0.009928,4.355
583325,520,421,941,136,101,248,289.81,0.9115,0.5563,0.213187,54,5,1,31.99,0.9697,0.1144,0.008951,4.464
583333,520,407,927,229,66,107,10.40,0.8391,0.5655,0.216188,51,3,60,320.58,0.8793,0.1331,0.010953,4.367
583335,520,379,899,210,64,248,318.26,0.9637,0.6027,0.241474,4,30,91,262.85,0.9489,0.1610,0.017096,4.344
583354,520,419,939,217,48,187,336.66,0.8910,0.5607,0.204557,36,9,48,313.56,0.7297,0.1065,0.007839,4.401
583394,520,398,918,234,79,54,31.78,0.9004,0.5799,0.233537,32,33,14,111.24,0.4737,0.1377,0.014265,4.412
583398,520,13,533,238,255,235,140.99,1.0000,0.9791,0.956949,12,135,43,145.82,0.9930,0.4712,0.175798,4.460
583402,520,338,858,249,63,202,340.38,0.9603,0.6374,0.279621,91,6,26,16.05,0.9257,0.2028,0.024294,4.437
583403,520,450,970,237,35,2,31.12,0.9982,0.5413,0.192142,20,6,32,306.54,0.6746,0.0684,0.003833,4.498
583429,520,470,990,200,79,43,36.87,0.8400,0.5159,0.180477,2,5,25,267.59,0.8119,0.0440,0.001916,4.439
583430,520,375,895,225,51,232,326.38,0.9509,0.6048,0.242036,61,17,56,332.49,0.6815,0.1643,0.016787,4.373
583450,520,369,889,240,84,122,9.34,0.8485,0.6109,0.262740,43,39,33,78.08,0.1258,0.1721,0.020745,4.421
583451,520,440,960,237,41,29,29.34,0.9685,0.5462,0.196823,46,1,3,24.69,0.9736,0.0919,0.006092,4.400
583455,520,392,912,241,42,167,348.56,0.9367,0.5904,0.231498,8,41,36,181.18,0.7506,0.1521,0.017648,4.161
583460,520,307,827,219,127,187,341.51,0.6398,0.6677,0.338284,48,55,62,248.30,0.1265,0.2339,0.037085,4.459
583465,520,327,847,251,49,243,330.03,0.9858,0.6544,0.291799,52,50,5,106.88,0.8788,0.2087,0.030223,4.261
583471,520,446,966,207,18,209,327.79,0.9753,0.5410,0.183034,3,13,52,265.25,0.9080,0.0837,0.005551,4.195
583475,520,474,994,218,48,62,22.51,0.9119,0.5164,0.173697,13,0,4,355.89,1.0000,0.0314,0.000943,4.391
583479,520,375,895,230,2,242,325.60,0.9992,0.6012,0.232796,57,6,75,314.77,0.8676,0.1597,0.015082,4.345
583492,520,450,970,230,31,103,7.85,0.9426,0.5385,0.187852,38,0,8,11.35,1.0000,0.0750,0.004297,4.381
583494,520,434,954,129,106,232,288.11,0.7889,0.5459,0.208012,9,19,54,267.62,0.7650,0.1018,0.007901,4.456
583498,520,473,993,216,2,159,344.56,0.9951,0.5233,0.171480,11,1,7,340.52,0.7049,0.0332,0.001082,4.336
583503,520,399,919,249,37,114,7.39,0.9559,0.5833,0.226813,24,34,38,224.36,0.2037,0.1408,0.014782,4.273
583517,520,386,906,231,59,168,346.73,0.8717,0.5851,0.229467,29,27,73,280.67,0.6585,0.1513,0.015261,4.282
583523,520,392,912,174,95,252,303.88,0.9614,0.5928,0.242119,40,32,17,82.45,0.3945,0.1451,0.015246,4.477
583524,520,458,978,214,39,150,347.91,0.8797,0.5294,0.179515,14,11,0,99.94,1.0000,0.0582,0.003327,4.304
583525,520,331,851,254,95,31,39.17,0.9931,0.6358,0.293577,21,46,83,258.17,0.6484,0.2012,0.027378,4.440
583526,520,443,963,225,63,24,33.97,0.9616,0.5410,0.196313,7,16,29,256.90,0.4747,0.0752,0.005044,4.475
583532,520,71,591,241,230,188,95.07,0.6030,0.9105,0.789258,10,121,44,147.09,0.9920,0.4248,0.139205,4.436
583552,520,422,942,232,20,156,349.46,0.9680,0.5577,0.200593,32,9,62,297.63,0.8134,0.1131,0.008503,4.283
583564,520,474,994,214,54,76,18.49,0.8658,0.5165,0.174587,7,1,14,308.71,0.7738,0.0319,0.000986,4.405
583581,520,415,935,248,24,97,11.94,0.9778,0.5707,0.214763,51,10,28,357.18,0.6916,0.1220,0.010048,4.409
583589,520,256,776,244,127,226,333.28,0.9255,0.7206,0.399051,70,65,17,103.33,0.7572,0.2744,0.051232,4.436
583590,520,441,961,196,19,230,319.62,0.9806,0.5381,0.179162,30,15,22,350.58,0.3445,0.0927,0.006756,4.038
583623,520,442,962,225,28,143,352.48,0.9364,0.5413,0.188239,3,20,19,190.37,0.6861,0.0781,0.005667,4.280
583636,520,378,898,213,51,255,317.93,1.0000,0.6020,0.237355,16,44,15,142.96,0.8758,0.1596,0.019460,4.137
583675,520,469,989,225,4,109,3.69,0.9925,0.5209,0.172013,14,0,22,314.09,1.0000,0.0418,0.001513,4.310
583688,520,441,961,201,25,224,322.34,0.9698,0.5441,0.184963,22,21,11,103.15,0.3136,0.0934,0.007311,4.100
583701,520,411,931,255,6,67,20.32,1.0000,0.5746,0.217993,5,20,73,265.35,0.9210,0.1204,0.010135,4.456
583717,520,373,893,238,76,128,5.08,0.8462,0.5995,0.249075,19,27,93,270.59,0.8770,0.1637,0.017125,4.455
583729,520,236,756,201,174,181,0.43,0.2099,0.7397,0.460264,23,83,3,139.89,0.9949,0.2950,0.063750,4.486
583733,520,414,934,221,40,193,335.81,0.9267,0.5659,0.207423,28,1,84,284.96,0.9900,0.1228,0.009087,4.357
583735,520,330,850,238,42,254,324.57,0.9965,0.6360,0.269913,8,43,103,260.67,0.9106,0.2057,0.027585,4.123
583748,520,390,910,202,57,250,315.82,0.9730,0.5858,0.223864,17,3,107,271.44,0.9937,0.1471,0.012457,4.385
583756,520,384,904,249,46,133,1.66,0.9493,0.5947,0.237906,0,43,20,154.56,1.0000,0.1504,0.017782,4.248
583765,520,367,887,254,17,176,347.95,0.9928,0.6088,0.246098,36,8,108,282.64,0.9593,0.1692,0.016314,4.465
583769,520,416,936,218,81,118,7.04,0.7399,0.5668,0.221006,37,26,14,68.16,0.3961,0.1249,0.011638,4.397
583775,520,310,830,252,80,205,340.72,0.9768,0.6601,0.308436,91,26,20,28.79,0.7976,0.2225,0.030138,4.473
583778,520,319,839,230,82,240,325.19,0.9367,0.6464,0.291510,23,57,59,200.53,0.5404,0.2202,0.034241,4.054
583784,520,454,974,182,89,148,343.34,0.5865,0.5304,0.192292,15,14,10,95.54,0.1442,0.0688,0.004376,4.456
583788,520,463,983,201,13,214,324.93,0.9833,0.5327,0.175621,5,9,12,235.20,0.2333,0.0495,0.002542,4.294
583796,520,432,952,99,114,247,274.17,0.9258,0.5487,0.214019,13,28,0,131.68,1.0000,0.1034,0.009161,4.463
583808,520,468,988,207,12,173,337.98,0.9708,0.5160,0.165476,1,6,20,257.99,0.7788,0.0423,0.001872,4.154
583809,520,455,975,159,83,217,307.48,0.7774,0.5291,0.185677,8,6,31,282.09,0.7059,0.0560,0.002808,4.463
583815,520,468,988,156,79,217,306.77,0.7890,0.5192,0.176702,11,3,13,321.02,0.5491,0.0412,0.001653,4.389
583835,520,361,881,251,43,183,345.84,0.9708,0.6172,0.256592,32,23,102,278.85,0.8701,0.1762,0.018791,4.457
583837,520,320,840,240,82,219,333.60,0.9210,0.6498,0.296769,18,55,47,176.63,0.6615,0.2062,0.030661,4.299
583845,520,143,663,254,188,164,40.85,0.9457,0.8253,0.597196,0,103,24,145.02,1.0000,0.3604,0.097660,4.383
583888,520,382,902,208,64,245,318.39,0.9496,0.5974,0.236709,69,13,2,34.48,0.9538,0.1564,0.015577,4.372
583891,520,461,981,207,11,203,329.39,0.9839,0.5350,0.178185,8,5,30,284.14,0.7266,0.0531,0.002539,4.343
583903,520,318,838,245,81,230,331.80,0.9538,0.6630,0.310132,76,41,8,58.81,0.7947,0.2203,0.031401,4.424
583914,520,439,959,207,54,183,335.27,0.8469,0.5457,0.193246,4,24,24,195.15,0.6747,0.0922,0.007450,4.234
583915,520,110,630,251,201,242,332.46,0.9561,0.8740,0.686946,4,109,79,165.78,0.9881,0.3923,0.115271,4.459
583926,520,391,911,224,62,195,336.27,0.8786,0.5893,0.232350,31,3,103,281.01,0.9846,0.1528,0.013357,4.457
583929,520,442,962,166,83,216,310.48,0.7766,0.5378,0.192521,13,17,14,152.97,0.1432,0.0755,0.005182,4.395
583935,520,463,983,172,49,244,308.57,0.9445,0.5294,0.174998,6,8,12,260.64,0.1905,0.0481,0.002389,4.295
583941,520,426,946,188,79,213,319.69,0.8020,0.5614,0.210886,11,22,57,267.15,0.7306,0.1124,0.009403,4.392
583952,520,421,941,240,46,39,28.39,0.9607,0.5568,0.206290,10,14,69,270.83,0.9151,0.1075,0.008082,4.413
583958,520,438,958,222,36,171,342.70,0.9195,0.5531,0.197341,11,4,65,274.93,0.9666,0.0881,0.005396,4.465
583961,520,329,849,230,121,113,25.51,0.7197,0.6485,0.316924,9,60,31,153.23,0.9467,0.2148,0.033886,4.374
583978,520,381,901,210,97,172,342.21,0.6804,0.5977,0.252314,5,38,68,250.17,0.8188,0.1605,0.018357,4.423
583984,520,407,927,238,51,100,11.98,0.9112,0.5669,0.214680,20,24,60,274.84,0.6314,0.1256,0.011282,4.319
583985,520,444,964,184,48,233,314.76,0.9262,0.5373,0.181886,32,6,31,329.24,0.6836,0.0843,0.005363,4.188
583994,520,393,913,197,90,210,323.20,0.7715,0.5879,0.238372,8,35,44,223.48,0.6617,0.1370,0.014355,4.481
584010,520,450,970,186,40,238,314.50,0.9498,0.5387,0.181309,11,1,58,277.93,0.9869,0.0748,0.003983,4.285
584014,520,379,899,241,1,205,337.08,0.9993,0.5965,0.231332,25,44,13,134.96,0.7814,0.1650,0.020371,3.998
584027,520,358,878,251,6,210,338.00,0.9973,0.6188,0.252959,17,6,128,269.23,0.9932,0.1805,0.018078,4.450
584036,520,346,866,239,25,247,326.49,0.9906,0.6254,0.257640,28,25,116,273.88,0.9211,0.1927,0.022030,4.271
584038,520,330,850,250,96,91,25.25,0.9505,0.6372,0.294483,57,47,12,92.95,0.7218,0.2071,0.029295,4.344
584041,520,452,972,156,73,236,303.17,0.8797,0.5261,0.178896,38,0,4,19.22,1.0000,0.0739,0.004209,4.222
584045,520,453,973,202,76,123,0.29,0.7005,0.5336,0.191574,28,1,36,318.02,0.8955,0.0728,0.003960,4.477
584074,520,446,966,197,73,157,342.56,0.7224,0.5353,0.190714,31,4,35,322.51,0.7630,0.0819,0.004995,4.377
584085,520,341,861,206,122,151,358.29,0.5165,0.6261,0.292768,40,49,52,219.95,0.1293,0.2047,0.028956,4.341
584086,520,325,845,246,64,226,333.05,0.9589,0.6463,0.287535,39,49,56,238.75,0.1738,0.2056,0.029134,4.265
584092,520,403,923,228,42,190,338.46,0.9298,0.5781,0.218702,44,15,47,323.81,0.6277,0.1269,0.010824,4.418
584094,520,446,966,236,34,23,29.35,0.9772,0.5394,0.190420,25,10,20,340.70,0.4189,0.0755,0.004743,4.392
584100,520,315,835,252,107,118,18.24,0.9491,0.6623,0.325220,31,60,13,135.76,0.9137,0.2217,0.035520,4.388
584104,520,410,930,237,16,168,346.73,0.9809,0.5719,0.212052,2,28,65,257.22,0.9230,0.1295,0.012250,4.210
584125,520,440,960,239,22,81,15.74,0.9775,0.5476,0.195219,12,23,13,146.71,0.4338,0.0906,0.007200,4.287
584130,520,476,996,211,61,29,33.43,0.9365,0.5115,0.172775,3,1,8,299.53,0.6793,0.0239,0.000586,4.404
584144,520,314,834,253,67,216,337.42,0.9881,0.6551,0.298580,69,44,38,34.07,0.3227,0.2217,0.032067,4.248
584145,520,413,933,249,38,3,31.13,0.9979,0.5682,0.215362,26,21,53,287.59,0.5629,0.1188,0.010130,4.413
584155,520,423,943,250,18,26,27.95,0.9925,0.5624,0.208349,16,26,29,218.31,0.2432,0.1077,0.009376,4.351
584164,520,469,989,226,19,61,20.22,0.9796,0.5153,0.169743,8,6,3,83.96,0.2877,0.0420,0.001885,4.235
584171,520,330,850,249,26,239,330.56,0.9908,0.6377,0.271135,88,23,20,26.87,0.8055,0.2121,0.027384,4.150
584185,520,330,850,244,70,216,335.32,0.9414,0.6425,0.285741,30,48,82,262.14,0.5253,0.2114,0.029990,4.197
584197,520,470,990,153,71,238,301.89,0.8925,0.5213,0.174522,4,8,4,144.61,0.3701,0.0435,0.002082,4.311
584204,520,360,880,204,84,251,314.89,0.9699,0.6174,0.261444,65,17,67,326.18,0.7248,0.1787,0.019301,4.494
584207,520,421,941,193,47,247,314.29,0.9608,0.5618,0.200872,27,23,24,0.75,0.0791,0.1079,0.009118,4.244
584209,520,383,903,243,67,118,8.32,0.8955,0.5960,0.243802,32,26,76,283.70,0.6821,0.1547,0.015676,4.473
584218,520,471,991,198,80,76,24.86,0.7193,0.5190,0.182668,3,8,4,151.30,0.4574,0.0425,0.002018,4.473
584261,520,404,924,251,15,109,8.19,0.9882,0.5772,0.219586,31,32,1,111.42,0.9443,0.1316,0.013265,4.261
584267,520,423,943,220,51,178,340.34,0.8772,0.5634,0.208000,7,28,33,215.55,0.5868,0.1098,0.009854,4.310
584268,520,367,887,235,71,187,341.91,0.8728,0.6128,0.257592,0,38,82,255.20,0.9999,0.1703,0.019953,4.397
584271,520,211,731,254,162,96,54.94,0.9738,0.7582,0.477587,28,87,18,141.04,0.9685,0.3116,0.071067,4.358
584272,520,393,913,247,66,33,32.44,0.9648,0.5879,0.237838,18,29,67,268.42,0.6676,0.1420,0.014125,4.489
584274,520,399,919,211,104,60,41.92,0.7647,0.5783,0.240778,33,31,45,290.89,0.2479,0.1447,0.014928,4.478
584287,520,392,912,219,68,209,330.77,0.8771,0.5948,0.237999,29,39,24,135.49,0.3600,0.1548,0.017782,4.249
584299,520,381,901,221,106,26,48.83,0.9262,0.5953,0.257572,4,44,33,170.08,0.9175,0.1593,0.019369,4.434
584303,520,479,999,185,71,154,339.78,0.6991,0.5111,0.171553,2,0,1,344.76,1.0000,0.0130,0.000151,4.418
584341,520,450,970,230,43,57,23.82,0.9456,0.5361,0.188491,23,1,37,309.62,0.9127,0.0664,0.003375,4.468
584348,520,402,922,231,24,192,338.41,0.9711,0.5758,0.214506,38,9,75,296.73,0.8601,0.1339,0.011155,4.325
584352,520,464,984,195,69,134,351.89,0.7143,0.5163,0.175813,13,4,26,300.92,0.6913,0.0527,0.002470,4.304
584386,520,386,906,215,85,183,338.45,0.7649,0.5937,0.243650,39,32,31,27.50,0.1115,0.1479,0.015633,4.474
584395,520,405,925,232,18,191,338.88,0.9804,0.5751,0.213527,54,19,0,48.47,1.0000,0.1348,0.012501,4.216
584403,520,386,906,244,34,174,346.78,0.9596,0.5950,0.234363,61,2,56,332.32,0.8922,0.1477,0.013212,4.499
584427,520,422,942,241,38,58,23.50,0.9645,0.5556,0.203958,26,9,66,288.54,0.8521,0.1100,0.008083,4.372
584444,520,404,924,211,10,250,319.16,0.9952,0.5767,0.209699,44,23,4,60.91,0.7482,0.1263,0.011571,4.218
584445,520,430,950,205,74,162,343.00,0.7450,0.5526,0.204872,16,16,59,276.69,0.7725,0.1048,0.007965,4.397
584449,520,437,957,208,10,221,325.05,0.9902,0.5493,0.188493,31,15,22,352.43,0.3594,0.0941,0.006909,4.191
584455,520,246,766,188,159,253,297.32,0.9226,0.7256,0.425796,49,75,0,128.71,1.0000,0.2827,0.056850,4.453
584463,520,24,544,249,251,195,109.36,0.9197,0.9685,0.930745,23,132,47,146.06,0.9816,0.4635,0.168892,4.480
584477,520,329,849,212,117,200,331.93,0.6781,0.6464,0.308913,22,57,27,146.68,0.8250,0.2087,0.031759,4.390
584479,520,374,894,215,40,253,319.14,0.9912,0.5966,0.230583,57,15,69,317.75,0.7503,0.1640,0.016413,4.225
584485,520,419,939,238,10,144,354.41,0.9872,0.5617,0.204110,38,18,30,343.99,0.4113,0.1136,0.009385,4.279
584486,520,363,883,245,54,171,348.66,0.9240,0.6079,0.249942,52,35,20,61.82,0.4319,0.1699,0.019827,4.295
584499,520,388,908,253,54,11,32.47,0.9927,0.5879,0.235489,57,10,61,324.54,0.7754,0.1522,0.014240,4.444
584559,520,465,985,210,32,163,342.20,0.9050,0.5241,0.173812,23,2,4,15.75,0.7697,0.0511,0.002344,4.276
584562,520,397,917,234,40,173,345.02,0.9318,0.5789,0.220300,53,16,39,345.04,0.6125,0.1391,0.012741,4.308
584581,520,448,968,204,81,94,16.82,0.7043,0.5353,0.195324,5,12,49,268.17,0.8723,0.0803,0.005169,4.447
584582,520,452,972,225,21,119,0.68,0.9565,0.5289,0.178786,9,11,30,276.31,0.5354,0.0662,0.003911,4.244
584597,520,444,964,223,36,128,357.81,0.9068,0.5356,0.185109,4,21,22,200.12,0.6159,0.0828,0.006200,4.183
584639,520,439,959,192,64,211,322.22,0.8473,0.5483,0.195778,10,22,23,202.52,0.3327,0.0898,0.007002,4.312
584640,520,289,809,244,93,234,330.45,0.9501,0.6772,0.330049,42,62,15,129.52,0.8361,0.2366,0.039719,4.236
584665,520,428,948,245,5,94,11.80,0.9957,0.5587,0.203326,38,14,19,8.22,0.4845,0.1017,0.007732,4.388
584718,520,426,946,247,6,51,23.42,0.9969,0.5553,0.201470,48,4,27,353.22,0.7906,0.1077,0.007944,4.340
584744,520,375,895,232,71,180,343.50,0.8550,0.6042,0.249602,12,27,94,267.11,0.9141,0.1611,0.016701,4.492
584747,520,462,982,226,50,2,33.40,0.9974,0.5293,0.184572,13,0,36,295.02,1.0000,0.0516,0.002129,4.500
584760,520,396,916,252,45,15,31.10,0.9899,0.5793,0.226104,53,18,21,17.16,0.5823,0.1353,0.012438,4.422
584761,520,452,972,196,89,76,28.95,0.6776,0.5299,0.194041,21,12,1,78.27,0.8169,0.0684,0.004246,4.499
584781,520,462,982,205,12,200,329.67,0.9807,0.5295,0.174141,2,10,16,233.57,0.5890,0.0507,0.002674,4.255
584784,520,302,822,247,125,49,48.45,0.9291,0.6724,0.346661,18,65,22,144.66,0.9433,0.2331,0.039670,4.424
584789,520,336,856,250,18,246,329.21,0.9953,0.6417,0.274134,82,25,18,29.91,0.7688,0.2023,0.025331,4.303
584794,520,458,978,183,69,191,325.07,0.7730,0.5266,0.180864,3,13,25,249.74,0.6153,0.0628,0.003774,4.293
584806,520,466,986,187,82,135,351.11,0.6253,0.5215,0.183501,15,5,18,318.78,0.5165,0.0525,0.002538,4.444
584812,520,337,857,238,84,212,335.17,0.9014,0.6449,0.292738,26,49,65,240.37,0.4464,0.2005,0.027978,4.395
584829,520,468,988,196,68,137,350.63,0.7233,0.5180,0.176779,6,3,11,304.13,0.4751,0.0351,0.001280,4.422
584830,520,375,895,196,96,218,320.11,0.7785,0.6002,0.251647,57,28,13,46.82,0.6103,0.1601,0.017295,4.482
584835,520,356,876,234,85,163,351.39,0.8129,0.6161,0.266364,33,41,68,270.42,0.4119,0.1850,0.023265,4.318
584836,520,456,976,197,31,205,326.03,0.9370,0.5261,0.172597,0,13,31,250.69,1.0000,0.0641,0.003868,4.132
584842,520,401,921,215,47,231,324.07,0.9473,0.5847,0.222516,64,5,20,12.62,0.8661,0.1399,0.012492,4.361
584850,520,429,949,239,28,75,17.92,0.9707,0.5489,0.196925,13,17,51,273.60,0.7004,0.0973,0.007255,4.313
584852,520,430,950,245,15,36,26.38,0.9928,0.5516,0.198850,34,17,24,353.90,0.3559,0.1032,0.008070,4.285
584874,520,435,955,234,52,24,31.55,0.9717,0.5482,0.200175,39,3,27,343.95,0.7827,0.0891,0.005757,4.487
584881,520,474,994,207,32,168,339.77,0.9040,0.5212,0.171277,12,1,8,339.28,0.7206,0.0348,0.001174,4.324
584882,520,409,929,241,58,36,30.70,0.9568,0.5685,0.218575,24,20,71,280.13,0.7610,0.1307,0.011494,4.368
584887,520,289,809,250,117,121,20.22,0.9120,0.6752,0.344301,66,54,36,77.35,0.3248,0.2423,0.039240,4.418
584892,520,448,968,219,14,178,339.50,0.9756,0.5422,0.185909,38,2,16,0.19,0.8220,0.0809,0.004930,4.295
584907,520,428,948,200,17,246,317.11,0.9890,0.5571,0.193356,27,20,5,85.80,0.5906,0.0952,0.007443,4.236
584915,520,434,954,231,15,148,351.74,0.9758,0.5506,0.194716,44,6,3,30.65,0.8811,0.0957,0.006724,4.314
584929,520,407,927,254,2,77,17.59,0.9989,0.5734,0.216539,47,9,61,315.05,0.7889,0.1341,0.011367,4.343
584941,520,418,938,122,112,246,282.56,0.8880,0.5621,0.223793,10,28,53,257.11,0.6462,0.1237,0.011520,4.450
584943,520,370,890,228,23,249,323.47,0.9901,0.6076,0.239486,54,19,72,312.01,0.7174,0.1670,0.017180,4.309
584949,520,448,968,207,52,178,336.87,0.8461,0.5411,0.189377,25,1,54,297.47,0.9631,0.0846,0.004947,4.356
584958,520,2,522,255,255,255,0.00,0.0000,1.0000,1.000000,19,138,31,143.72,0.9903,0.4807,0.184136,4.485
584966,520,444,964,237,7,81,14.89,0.9932,0.5392,0.187538,25,15,15,18.86,0.2351,0.0836,0.005828,4.255
584968,520,330,850,243,67,215,335.32,0.9372,0.6375,0.279781,49,36,96,289.07,0.6544,0.2110,0.027592,4.250
584969,520,410,930,211,59,206,329.42,0.8792,0.5710,0.214350,59,7,5,28.34,0.9083,0.1284,0.010929,4.339
584989,520,466,986,170,60,230,310.40,0.8857,0.5250,0.174918,13,5,10,340.12,0.3583,0.0470,0.002160,4.312
584990,520,355,875,221,88,201,333.97,0.8127,0.6167,0.265707,30,49,11,131.98,0.8432,0.1847,0.024968,4.211
584993,520,431,951,192,81,182,331.20,0.7203,0.5511,0.204702,33,12,31,330.86,0.5308,0.0956,0.006852,4.480
585001,520,384,904,243,70,48,30.74,0.9440,0.5856,0.236517,71,5,6,26.72,0.9506,0.1528,0.014615,4.434
585004,520,477,997,133,77,245,292.81,0.9247,0.5116,0.168869,3,1,10,295.26,0.7289,0.0249,0.000630,4.323
585026,520,396,916,255,19,85,16.05,1.0000,0.5808,0.223854,61,7,22,10.06,0.8086,0.1364,0.012022,4.415
585035,520,455,975,170,47,252,306.39,0.9829,0.5320,0.176081,7,5,39,277.76,0.8562,0.0595,0.003002,4.266
585039,520,419,939,168,90,232,306.57,0.8261,0.5626,0.214639,43,17,7,41.60,0.6457,0.1127,0.009299,4.463
585041,520,458,978,236,14,23,27.94,0.9928,0.5310,0.182121,18,3,38,299.05,0.8339,0.0649,0.003337,4.352
585047,520,399,919,243,58,108,10.70,0.9098,0.5847,0.231668,38,26,53,303.30,0.4568,0.1433,0.014079,4.396
585053,520,374,894,235,79,148,356.88,0.8224,0.6046,0.253950,3,41,55,227.80,0.8764,0.1597,0.018810,4.417
585067,520,468,988,230,4,44,23.97,0.9971,0.5175,0.170947,2,8,12,228.32,0.5090,0.0444,0.002131,4.238
585068,520,440,960,212,8,209,329.11,0.9905,0.5474,0.187762,25,13,37,305.30,0.5426,0.0901,0.006281,4.225
585073,520,469,989,185,67,187,327.11,0.7744,0.5248,0.179178,17,1,10,344.10,0.7649,0.0420,0.001628,4.439
585074,520,380,900,251,55,114,9.31,0.9640,0.5993,0.244600,39,37,35,67.62,0.0467,0.1627,0.018758,4.285
585077,520,260,780,238,146,109,42.47,0.7451,0.7064,0.398414,28,69,80,218.03,0.5756,0.2704,0.050821,4.448
585078,520,476,996,154,70,223,305.57,0.8357,0.5087,0.165786,7,0,2,357.01,1.0000,0.0225,0.000496,4.273
585082,520,393,913,238,46,169,347.41,0.9229,0.5883,0.229987,23,19,86,276.48,0.8763,0.1439,0.013197,4.430
585086,520,479,999,187,22,215,320.69,0.9638,0.5123,0.160463,0,1,0,142.50,1.0000,0.0135,0.000217,4.191
585089,520,340,860,248,36,241,329.85,0.9851,0.6412,0.275720,60,41,34,41.09,0.2831,0.2000,0.026621,4.251
585114,520,439,959,185,58,232,314.87,0.9030,0.5468,0.191677,28,19,3,82.21,0.7142,0.0936,0.007192,4.226
585115,520,329,849,218,95,247,319.52,0.9484,0.6486,0.298069,89,23,9,33.57,0.8890,0.2127,0.027567,4.487
585118,520,447,967,198,54,198,328.02,0.8578,0.5395,0.187230,7,14,38,268.04,0.6570,0.0765,0.004992,4.314
585126,520,400,920,255,25,60,22.71,1.0000,0.5786,0.222853,26,16,86,279.63,0.8831,0.1417,0.012620,4.357
585129,520,161,681,241,170,253,321.57,0.9802,0.8054,0.545435,32,89,103,216.94,0.6613,0.3452,0.084307,4.433
585157,520,408,928,254,13,17,28.62,0.9966,0.5691,0.214030,20,3,94,275.40,0.9880,0.1309,0.010219,4.384
585163,520,447,967,223,32,153,348.75,0.9234,0.5439,0.190235,21,16,0,96.01,1.0000,0.0772,0.005300,4.344
585164,520,314,834,244,59,254,325.79,0.9965,0.6567,0.295194,70,33,86,314.51,0.6247,0.2248,0.030618,4.282
585168,520,472,992,187,42,210,321.59,0.9051,0.5197,0.168752,4,0,22,287.50,1.0000,0.0306,0.000837,4.303
585171,520,479,999,208,34,134,352.09,0.8803,0.5073,0.162774,3,0,0,29.23,1.0000,0.0143,0.000194,4.239
585183,520,430,950,246,22,10,29.51,0.9931,0.5545,0.201921,26,13,47,297.82,0.6538,0.0985,0.007127,4.410
585186,520,288,808,253,75,253,327.99,0.9936,0.6838,0.330095,50,59,38,127.13,0.3378,0.2388,0.039460,4.249
585193,520,427,947,200,32,244,317.31,0.9724,0.5612,0.198456,41,8,13,14.67,0.6830,0.0954,0.006742,4.379
585202,520,388,908,223,84,141,358.03,0.7480,0.5874,0.239541,18,40,31,165.53,0.4935,0.1519,0.017451,4.293
585206,520,395,915,242,57,141,358.50,0.8958,0.5924,0.237297,44,29,8,73.06,0.6433,0.1412,0.014318,4.467
585207,520,469,989,115,87,254,284.04,0.9909,0.5170,0.176166,4,2,25,280.89,0.8603,0.0385,0.001394,4.401
585216,520,385,905,220,7,253,320.78,0.9973,0.5934,0.224615,48,26,29,11.10,0.3496,0.1452,0.014559,4.254
585235,520,434,954,214,25,202,331.45,0.9618,0.5513,0.192578,18,7,65,280.93,0.9093,0.0982,0.006622,4.284
585245,520,409,929,248,27,62,21.99,0.9813,0.5651,0.210917,51,19,13,32.19,0.6155,0.1316,0.011987,4.209
585263,520,410,930,182,86,231,312.31,0.8413,0.5748,0.223711,53,15,9,31.33,0.7380,0.1277,0.011184,4.474
585273,520,471,991,224,44,34,28.95,0.9523,0.5219,0.177670,16,1,8,348.01,0.7544,0.0399,0.001494,4.421
585278,520,438,958,238,34,63,21.68,0.9655,0.5478,0.196833,32,5,37,321.19,0.7470,0.0865,0.005492,4.448
585283,520,373,893,241,56,166,349.53,0.9047,0.5999,0.242853,33,19,94,282.40,0.8612,0.1619,0.015972,4.439
585285,520,353,873,212,82,239,320.29,0.9143,0.6183,0.262653,74,18,43,356.84,0.6988,0.1835,0.020631,4.427
585291,520,439,959,222,7,181,339.31,0.9891,0.5480,0.190202,9,25,6,140.04,0.8226,0.0930,0.007665,4.166
585294,520,475,995,224,10,96,8.29,0.9833,0.5162,0.169117,12,0,8,338.25,1.0000,0.0319,0.000957,4.300
585302,520,454,974,144,102,191,304.30,0.5822,0.5255,0.191939,20,7,29,309.64,0.6042,0.0683,0.003894,4.489
585312,520,391,911,247,16,173,347.37,0.9867,0.5937,0.231652,36,23,67,293.37,0.6414,0.1451,0.013931,4.406
585334,520,375,895,240,84,26,37.96,0.9649,0.5951,0.249436,35,41,15,120.20,0.5797,0.1646,0.019777,4.291
585336,520,435,955,228,45,124,0.96,0.8910,0.5499,0.198288,26,14,31,315.49,0.4368,0.0897,0.006326,4.408
585337,520,417,937,235,58,102,11.83,0.8846,0.5676,0.216506,8,27,47,251.68,0.6360,0.1157,0.010407,4.412
585360,520,432,952,237,42,68,21.08,0.9491,0.5515,0.200810,26,15,45,297.89,0.5916,0.1006,0.007507,4.361
585368,520,410,930,224,38,198,335.12,0.9405,0.5731,0.213131,3,33,45,228.56,0.8307,0.1292,0.012965,4.179
585376,520,462,982,194,50,199,326.58,0.8670,0.5299,0.178756,7,3,35,281.55,0.8747,0.0518,0.002316,4.373
585379,520,371,891,230,25,247,324.38,0.9888,0.6101,0.242360,49,15,93,296.86,0.8472,0.1741,0.017849,4.309
585385,520,407,927,234,1,177,343.23,0.9988,0.5675,0.206913,55,7,34,350.82,0.7602,0.1286,0.010798,4.226
585386,520,480,1000,213,58,25,33.28,0.9511,0.5118,0.172449,0,0,0,0.00,0.0000,0.0000,0.000000,4.449
585392,520,466,986,181,2,240,313.33,0.9983,0.5178,0.161596,2,2,36,270.01,0.9676,0.0458,0.001837,4.082
585425,520,362,882,251,38,173,348.68,0.9696,0.6098,0.249160,34,8,120,278.54,0.9752,0.1830,0.018697,4.355
585426,520,401,921,242,0,175,345.56,1.0000,0.5818,0.219755,14,40,7,139.51,0.9339,0.1440,0.016262,4.071
585452,520,372,892,192,105,216,318.60,0.7351,0.6075,0.262686,28,43,46,211.36,0.2531,0.1741,0.021718,4.360
585458,520,478,998,227,3,40,24.61,0.9978,0.5103,0.165522,1,2,6,265.10,0.5131,0.0236,0.000630,4.257
585469,520,428,948,241,8,125,1.20,0.9907,0.5601,0.203584,25,20,33,301.74,0.2964,0.1024,0.008168,4.360
585488,520,469,989,175,55,217,315.51,0.8725,0.5170,0.168571,16,2,4,9.49,0.6550,0.0410,0.001624,4.234
585492,520,479,999,215,33,110,2.78,0.9045,0.5113,0.166631,2,0,2,328.36,1.0000,0.0139,0.000173,4.318
585497,520,333,853,255,54,196,343.22,1.0000,0.6380,0.278872,10,54,46,177.96,0.8245,0.1995,0.029000,4.163
585515,520,456,976,181,18,251,310.78,0.9875,0.5316,0.172224,22,1,28,319.02,0.8600,0.0584,0.002761,4.212
585550,520,469,989,154,76,224,304.71,0.8237,0.5177,0.174212,13,1,18,317.54,0.8021,0.0407,0.001510,4.353
585566,520,414,934,205,46,236,320.19,0.9470,0.5714,0.209909,6,18,75,266.68,0.9311,0.1192,0.009793,4.347
585568,520,362,882,214,63,248,319.40,0.9655,0.6080,0.246302,21,46,40,176.36,0.4753,0.1761,0.022665,4.078
585573,520,439,959,225,24,166,344.75,0.9541,0.5504,0.194166,35,12,6,36.88,0.6166,0.0898,0.006335,4.334
585576,520,363,883,223,50,251,321.43,0.9832,0.6142,0.249363,21,48,3,135.62,0.9749,0.1742,0.022798,4.112
585579,520,325,845,254,89,161,357.02,0.9833,0.6545,0.307921,32,55,17,134.84,0.8075,0.2065,0.030799,4.430
585606,520,355,875,251,78,97,18.75,0.9614,0.6175,0.268245,19,51,3,137.38,0.9817,0.1832,0.025126,4.236
585619,520,313,833,244,61,250,326.68,0.9833,0.6555,0.294754,4,59,63,202.64,0.9208,0.2218,0.035125,4.050
585637,520,412,932,185,69,251,309.98,0.9710,0.5731,0.215365,37,24,24,18.84,0.2341,0.1229,0.011126,4.341
585638,520,330,850,210,110,208,328.00,0.7259,0.6361,0.294091,51,31,103,290.52,0.7393,0.2102,0.026630,4.490
585639,520,452,972,236,6,16,28.34,0.9971,0.5288,0.180038,24,6,31,315.67,0.6656,0.0728,0.004234,4.242
585643,520,411,931,238,46,132,0.02,0.9125,0.5730,0.218001,47,9,47,327.87,0.7315,0.1236,0.010050,4.463
585651,520,474,994,198,63,146,346.71,0.7555,0.5196,0.176379,1,2,12,269.41,0.7607,0.0266,0.000764,4.459
585663,520,478,998,125,77,248,289.54,0.9473,0.5056,0.164449,2,1,2,326.51,0.3040,0.0189,0.000390,4.256
585678,520,364,884,228,62,215,331.50,0.9162,0.6078,0.248479,6,30,96,264.05,0.9368,0.1673,0.018117,4.382
585685,520,388,908,245,71,29,34.07,0.9679,0.5891,0.240110,63,16,22,16.56,0.7012,0.1516,0.014854,4.473
585692,520,391,911,251,56,20,32.15,0.9846,0.5858,0.233917,45,32,23,55.96,0.2963,0.1532,0.016528,4.268
585703,520,332,852,252,22,231,333.09,0.9922,0.6366,0.270419,36,17,124,278.14,0.9479,0.1984,0.022311,4.431
585714,520,453,973,172,79,195,319.24,0.7302,0.5259,0.183037,19,1,51,291.64,0.9652,0.0744,0.003992,4.316
585748,520,388,908,237,6,208,335.41,0.9959,0.5918,0.226917,20,35,48,245.72,0.3876,0.1458,0.015641,4.219
585751,520,450,970,227,6,144,352.04,0.9888,0.5388,0.184775,1,17,20,209.01,0.8483,0.0688,0.004578,4.302
585753,520,401,921,230,35,190,338.85,0.9483,0.5777,0.217454,56,17,32,358.99,0.6060,0.1429,0.013461,4.214
585757,520,400,920,227,7,215,331.29,0.9946,0.5782,0.213916,49,26,13,49.28,0.5406,0.1425,0.014209,4.110
585760,520,373,893,224,6,255,321.32,1.0000,0.6014,0.231997,61,20,28,10.80,0.6016,0.1556,0.015764,4.288
585770,520,299,819,255,72,225,335.52,1.0000,0.6679,0.313341,104,7,5,28.84,0.9738,0.2304,0.031065,4.482
585776,520,455,975,191,65,180,331.51,0.7772,0.5279,0.181538,5,12,12,195.88,0.3003,0.0563,0.003217,4.351
585792,520,454,974,192,47,203,324.89,0.8818,0.5268,0.175528,21,7,31,309.04,0.6298,0.0708,0.004103,4.168
585796,520,290,810,207,125,251,312.59,0.9461,0.6816,0.348987,24,60,79,234.41,0.5925,0.2405,0.039903,4.438
585802,520,472,992,169,63,216,313.26,0.8426,0.5157,0.169488,3,1,24,279.46,0.9313,0.0339,0.001070,4.298
585804,520,438,958,205,45,212,326.23,0.9172,0.5534,0.196112,33,10,16,5.41,0.5193,0.0858,0.005779,4.412
585813,520,379,899,227,16,242,324.84,0.9927,0.5988,0.231146,6,43,49,210.68,0.7952,0.1638,0.019881,4.023
585818,520,268,788,232,118,243,323.99,0.9288,0.6987,0.365856,44,68,15,130.77,0.8779,0.2574,0.047041,4.285
585846,520,395,915,244,68,62,27.06,0.9429,0.5871,0.237185,2,36,56,239.54,0.8868,0.1448,0.015601,4.378
585852,520,472,992,222,8,123,358.25,0.9828,0.5205,0.171360,3,1,12,291.94,0.7695,0.0259,0.000676,4.368
585856,520,391,911,219,29,237,323.92,0.9788,0.5858,0.220553,47,30,1,77.57,0.9406,0.1470,0.015351,4.140
585857,520,430,950,197,72,187,331.07,0.7757,0.5502,0.200945,40,4,33,336.77,0.7683,0.0957,0.006478,4.443
585859,520,465,985,192,50,187,329.57,0.8421,0.5186,0.170771,1,7,31,262.58,0.9059,0.0520,0.002573,4.199
585872,520,454,974,162,95,184,317.33,0.6055,0.5308,0.193272,10,17,2,127.40,0.7988,0.0699,0.004698,4.448
585881,520,478,998,167,91,141,341.51,0.5121,0.5080,0.176217,2,1,6,294.08,0.6164,0.0213,0.000478,4.482
585885,520,432,952,246,8,4,29.26,0.9972,0.5504,0.197788,23,13,53,289.48,0.7163,0.1002,0.007270,4.327
585888,520,467,987,159,56,245,303.78,0.9437,0.5183,0.167924,3,6,0,126.59,1.0000,0.0358,0.001496,4.232
585890,520,420,940,220,34,200,333.54,0.9464,0.5649,0.205321,0,17,74,262.96,1.0003,0.1130,0.008952,4.331
585896,520,386,906,255,44,63,23.58,1.0000,0.5888,0.234240,49,19,61,315.12,0.6567,0.1508,0.014557,4.403
585901,520,392,912,211,45,249,318.87,0.9734,0.5901,0.225669,45,32,28,37.79,0.2220,0.1546,0.016748,4.130
585908,520,468,988,189,67,168,335.24,0.7459,0.5201,0.176618,9,4,11,318.02,0.3997,0.0409,0.001691,4.384
585910,520,299,819,255,87,192,345.94,1.0000,0.6666,0.318854,8,41,131,263.96,0.9543,0.2311,0.032760,4.457
585943,520,318,838,254,45,253,328.44,0.9969,0.6637,0.300425,93,11,58,351.77,0.8142,0.2223,0.028724,4.451
585944,520,469,989,154,62,248,301.09,0.9545,0.5206,0.170930,10,1,21,305.43,0.8399,0.0393,0.001404,4.298
585952,520,404,924,241,45,146,355.65,0.9230,0.5833,0.226560,13,36,5,138.29,0.9380,0.1299,0.013582,4.350
585964,520,340,860,214,109,209,329.10,0.7458,0.6407,0.298385,37,49,44,167.78,0.1892,0.1987,0.027717,4.483
585970,520,443,963,227,27,140,353.92,0.9422,0.5435,0.190110,30,6,23,340.25,0.6290,0.0770,0.004682,4.391
585981,520,310,830,230,87,253,321.84,0.9894,0.6604,0.307333,18,45,109,263.77,0.8503,0.2200,0.031093,4.406
585988,520,401,921,172,86,252,304.17,0.9675,0.5773,0.224551,11,8,99,269.16,0.9838,0.1378,0.011456,4.467
586001,520,468,988,229,17,41,25.10,0.9875,0.5183,0.172220,14,1,18,319.80,0.8006,0.0419,0.001588,4.308
586002,520,433,953,219,59,149,350.72,0.8237,0.5546,0.203603,45,3,26,351.51,0.8034,0.1000,0.006977,4.451
586004,520,259,779,215,150,187,344.40,0.5032,0.7065,0.398489,25,69,76,209.49,0.6192,0.2670,0.049845,4.492
586009,520,460,980,216,53,100,9.14,0.8441,0.5255,0.180677,9,11,25,276.09,0.4272,0.0632,0.003676,4.298
586039,520,430,950,157,85,239,301.58,0.8703,0.5466,0.198975,1,13,70,264.27,0.9623,0.1018,0.007364,4.340
586040,520,473,993,223,35,89,12.15,0.9279,0.5226,0.176141,0,5,4,182.95,1.0000,0.0312,0.001173,4.419
586044,520,312,832,244,69,247,327.29,0.9731,0.6602,0.302074,21,37,123,268.03,0.9120,0.2184,0.029124,4.450
586063,520,426,946,209,28,226,323.96,0.9698,0.5604,0.198787,21,14,68,280.63,0.8324,0.1144,0.008908,4.223
586065,520,367,887,226,71,209,332.70,0.8847,0.6095,0.252810,39,26,87,287.20,0.7332,0.1724,0.018582,4.415
586074,520,422,942,208,69,171,340.11,0.7827,0.5562,0.206084,3,25,50,252.89,0.8143,0.1098,0.009449,4.308
586089,520,413,933,213,22,233,323.39,0.9826,0.5701,0.206051,34,26,13,78.96,0.3999,0.1208,0.011080,4.192
586127,520,445,965,109,102,252,279.75,0.9690,0.5366,0.197817,34,8,6,27.95,0.6682,0.0814,0.005269,4.484
586140,520,451,971,222,25,153,348.30,0.9428,0.5386,0.185273,2,18,18,195.06,0.7449,0.0715,0.004892,4.286
586146,520,454,974,212,37,164,342.50,0.8919,0.5313,0.180027,15,10,32,291.19,0.5568,0.0705,0.004229,4.242
586150,520,419,939,247,1,74,17.74,0.9993,0.5578,0.202939,33,3,69,296.44,0.9363,0.1136,0.008181,4.347
586156,520,410,930,234,48,132,359.42,0.8970,0.5667,0.212752,4,10,93,266.22,0.9827,0.1285,0.010331,4.355
586159,520,475,995,230,13,64,19.40,0.9878,0.5224,0.174840,6,1,10,313.49,0.7164,0.0288,0.000823,4.424
586161,520,329,849,251,44,242,330.28,0.9857,0.6509,0.287244,90,19,0,35.85,1.0000,0.2087,0.026398,4.414
586164,520,394,914,213,33,253,318.76,0.9914,0.5898,0.223275,29,10,85,283.78,0.9127,0.1356,0.011341,4.455
586186,520,278,798,248,114,187,348.66,0.8984,0.6888,0.355817,2,70,53,169.72,0.9841,0.2536,0.046500,4.205
586195,520,410,930,238,13,168,346.90,0.9854,0.5731,0.212952,26,29,40,272.75,0.2236,0.1297,0.012515,4.206
586198,520,468,988,190,74,137,349.68,0.6782,0.5156,0.176525,4,5,17,275.88,0.5193,0.0412,0.001748,4.377
586215,520,424,944,241,22,108,7.31,0.9733,0.5585,0.203606,30,19,43,303.78,0.4793,0.1119,0.009162,4.287
586220,520,258,778,250,109,247,328.41,0.9804,0.7139,0.379792,54,58,102,278.05,0.4591,0.2711,0.047696,4.399
586223,520,463,983,201,51,185,332.88,0.8490,0.5338,0.182897,9,11,2,117.12,0.6242,0.0543,0.003018,4.393
586229,520,461,981,206,35,176,336.98,0.8998,0.5256,0.174605,3,3,40,271.04,0.9543,0.0528,0.002377,4.288
586251,520,410,930,223,70,139,356.77,0.7962,0.5694,0.219349,29,24,51,290.30,0.4748,0.1271,0.011535,4.377
586253,520,358,878,242,25,238,329.22,0.9895,0.6245,0.257483,57,32,52,334.43,0.4023,0.1819,0.021509,4.300
586254,520,423,943,231,38,139,355.63,0.9183,0.5568,0.202421,2,22,55,258.39,0.9052,0.1057,0.008625,4.306
586263,520,303,823,248,91,214,337.34,0.9525,0.6703,0.322965,17,56,91,249.22,0.7247,0.2337,0.037027,4.286
586271,520,369,889,247,74,111,12.59,0.9216,0.6089,0.258227,55,30,35,7.11,0.3588,0.1670,0.018622,4.492
586293,520,297,817,236,120,193,343.47,0.7933,0.6826,0.351183,51,62,17,121.78,0.7514,0.2449,0.041895,4.366
586312,520,399,919,214,62,202,331.43,0.8693,0.5764,0.220077,32,32,37,285.69,0.0941,0.1423,0.014737,4.172
586344,520,415,935,234,36,169,346.17,0.9391,0.5747,0.216216,14,25,59,267.34,0.6754,0.1230,0.011043,4.361
586346,520,448,968,210,58,153,346.83,0.8062,0.5391,0.190298,3,1,65,267.61,0.9961,0.0776,0.004227,4.431
586366,520,474,994,230,8,69,17.78,0.9919,0.5221,0.174294,11,0,13,323.96,1.0000,0.0330,0.001002,4.398
586380,520,372,892,238,18,230,330.19,0.9914,0.6101,0.243256,11,37,76,258.65,0.7730,0.1665,0.019160,4.240
586391,520,479,999,179,66,176,328.82,0.7479,0.5070,0.166160,2,0,1,344.76,1.0000,0.0130,0.000151,4.310
586424,520,413,933,227,68,128,1.85,0.8158,0.5704,0.220263,41,18,42,325.67,0.5224,0.1243,0.010712,4.452
586446,520,408,928,223,8,207,332.37,0.9921,0.5660,0.203690,16,7,89,273.25,0.9735,0.1261,0.009833,4.240
586453,520,322,842,250,84,172,351.53,0.9396,0.6460,0.296463,6,43,109,261.09,0.9407,0.2111,0.028704,4.402
586454,520,443,963,216,71,81,20.57,0.8108,0.5405,0.197019,35,5,12,8.86,0.7061,0.0794,0.004925,4.497
586455,520,418,938,243,27,97,11.47,0.9693,0.5616,0.207050,21,26,45,271.81,0.3916,0.1203,0.010877,4.222
586464,520,39,559,253,241,185,97.41,0.9057,0.9467,0.872967,13,128,1,142.00,0.9994,0.4452,0.155254,4.497
586465,520,378,898,225,63,205,333.55,0.8938,0.5977,0.239727,0,35,75,254.59,0.9999,0.1560,0.017100,4.318
586470,520,413,933,211,13,245,320.23,0.9929,0.5733,0.207311,16,16,74,274.06,0.8856,0.1202,0.009751,4.306
586471,520,342,862,240,64,222,332.65,0.9395,0.6339,0.274687,8,43,89,257.19,0.8548,0.1927,0.025005,4.329
586472,520,409,929,245,43,87,16.18,0.9484,0.5720,0.218318,32,13,69,292.39,0.8002,0.1253,0.010246,4.454
586487,520,371,891,205,79,245,316.87,0.9382,0.6086,0.251651,67,7,63,331.22,0.8131,0.1692,0.017043,4.499
586500,520,336,856,239,49,249,325.85,0.9800,0.6383,0.273894,72,32,18,39.63,0.6415,0.1955,0.024546,4.345
586503,520,471,991,223,40,31,28.91,0.9590,0.5165,0.173073,7,3,13,305.08,0.5306,0.0371,0.001394,4.340
586507,520,392,912,250,59,52,27.84,0.9762,0.5889,0.237034,62,14,32,1.29,0.6950,0.1501,0.014427,4.455
586520,520,375,895,253,3,157,353.20,0.9978,0.5956,0.233857,9,43,36,176.65,0.7553,0.1590,0.019131,4.106
586524,520,388,908,236,55,160,350.40,0.8905,0.5872,0.231062,42,18,74,298.78,0.7476,0.1501,0.014193,4.378
586532,520,370,890,212,102,175,342.00,0.6719,0.6099,0.265968,16,45,50,210.35,0.5605,0.1746,0.022171,4.378
586538,520,433,953,145,88,249,295.00,0.9362,0.5451,0.198388,33,18,7,56.65,0.5245,0.0990,0.007713,4.304
586547,520,313,833,234,122,109,28.02,0.7623,0.6556,0.325181,6,58,56,190.89,0.8921,0.2158,0.033502,4.493
586559,520,450,970,239,18,2,29.81,0.9984,0.5379,0.187911,15,8,37,289.91,0.6820,0.0704,0.004088,4.399
586581,520,353,873,247,5,218,335.12,0.9978,0.6160,0.249477,82,2,9,24.45,0.9824,0.1756,0.018573,4.367
586584,520,444,964,235,7,92,11.17,0.9919,0.5376,0.185900,6,7,59,270.62,0.9494,0.0827,0.005064,4.284
586589,520,395,915,235,4,218,332.42,0.9976,0.5941,0.228137,6,38,20,154.94,0.8976,0.1361,0.014754,4.295
586597,520,331,851,222,97,211,331.06,0.8167,0.6357,0.287841,11,41,97,261.46,0.8728,0.1958,0.025199,4.493
586606,520,466,986,225,40,8,31.52,0.9907,0.5195,0.175455,2,7,30,265.17,0.8384,0.0522,0.002586,4.287
586633,520,371,891,235,96,87,26.57,0.8445,0.6102,0.267188,34,43,1,121.27,0.9711,0.1678,0.020700,4.486
586641,520,447,967,229,10,140,353.88,0.9827,0.5420,0.187714,24,16,1,85.75,0.8627,0.0810,0.005670,4.270
586642,520,433,953,237,52,7,32.94,0.9930,0.5536,0.204790,17,23,16,141.09,0.2429,0.0953,0.007694,4.416
586655,520,349,869,242,29,248,326.93,0.9893,0.6327,0.265360,63,23,77,316.23,0.6944,0.1910,0.022055,4.377
586661,520,467,987,154,72,234,302.97,0.8729,0.5205,0.174457,12,2,20,310.26,0.7402,0.0433,0.001721,4.340
586663,520,446,966,224,42,124,359.93,0.8902,0.5400,0.189611,33,7,12,10.66,0.6172,0.0795,0.005019,4.355
586666,520,410,930,217,79,129,1.28,0.7415,0.5660,0.219310,49,16,32,352.29,0.5686,0.1287,0.011279,4.395
586673,520,454,974,228,14,109,4.51,0.9767,0.5294,0.179151,24,1,42,306.03,0.9324,0.0719,0.003831,4.257
586676,520,420,940,159,92,241,301.02,0.8677,0.5613,0.213764,20,24,39,272.17,0.3324,0.1106,0.009485,4.434
586678,520,467,987,209,64,88,15.28,0.7980,0.5204,0.179289,2,4,17,268.65,0.6672,0.0365,0.001402,4.461
586681,520,422,942,215,8,220,327.10,0.9929,0.5605,0.197901,48,12,10,26.42,0.7145,0.1137,0.009133,4.192
586683,520,302,822,211,138,163,357.62,0.4846,0.6683,0.346716,7,62,63,196.81,0.8820,0.2324,0.038491,4.483
586685,520,398,918,197,100,158,345.04,0.5942,0.5763,0.234548,23,38,1,128.89,0.9767,0.1424,0.015705,4.331
586688,520,476,996,205,49,131,353.58,0.8164,0.5115,0.168166,0,1,6,259.05,1.0000,0.0179,0.000349,4.333
586689,520,386,906,222,55,220,328.61,0.9274,0.5949,0.234315,35,25,75,287.73,0.6769,0.1549,0.015606,4.334
586690,520,421,941,177,95,201,318.13,0.6878,0.5615,0.217495,6,30,18,159.01,0.7798,0.1096,0.010109,4.450
586696,520,411,931,249,18,91,13.62,0.9860,0.5693,0.213313,46,0,58,317.96,1.0000,0.1190,0.008864,4.473
586697,520,396,916,211,50,228,323.68,0.9350,0.5782,0.217334,22,10,94,275.97,0.9567,0.1404,0.011957,4.315
586703,520,464,984,141,87,221,298.70,0.7797,0.5160,0.176998,9,7,18,292.15,0.3902,0.0511,0.002537,4.321
586711,520,458,978,109,99,246,280.76,0.9192,0.5257,0.188282,8,11,25,272.85,0.4417,0.0624,0.003611,4.445
586713,520,409,929,240,45,96,12.92,0.9313,0.5654,0.212498,52,10,37,345.12,0.7030,0.1280,0.010808,4.317
586715,520,400,920,231,66,152,352.99,0.8403,0.5847,0.231551,22,30,58,269.96,0.5101,0.1402,0.014046,4.396
586721,520,388,908,242,60,116,7.93,0.8978,0.5868,0.233731,50,10,71,310.62,0.8138,0.1486,0.013502,4.468
586738,520,406,926,243,40,136,359.15,0.9376,0.5803,0.223531,1,36,21,160.82,0.9798,0.1274,0.013223,4.326
586743,520,467,987,209,9,168,340.03,0.9773,0.5162,0.165800,2,3,27,270.96,0.9005,0.0405,0.001572,4.184
586749,520,360,880,248,92,58,33.89,0.9514,0.6232,0.279195,34,44,50,234.57,0.1807,0.1839,0.023717,4.466
586754,520,449,969,202,65,162,341.55,0.7720,0.5367,0.189476,19,14,15,4.54,0.1264,0.0744,0.004870,4.364
586787,520,431,951,228,15,167,345.00,0.9766,0.5538,0.196284,48,6,6,25.56,0.8577,0.1043,0.007719,4.267
586801,520,412,932,236,34,153,351.72,0.9411,0.5701,0.212798,13,10,81,272.19,0.9568,0.1176,0.008967,4.457
586813,520,441,961,216,43,151,348.23,0.8708,0.5364,0.185634,12,19,38,267.29,0.4899,0.0913,0.006838,4.146
586825,520,456,976,171,69,219,312.78,0.8336,0.5280,0.180295,2,0,52,267.73,1.0000,0.0586,0.002608,4.378
586830,520,415,935,223,0,222,328.61,1.0000,0.5744,0.209642,28,15,70,286.85,0.7949,0.1249,0.010307,4.305
586845,520,425,945,213,81,110,10.05,0.7242,0.5556,0.211590,2,30,13,154.01,0.9589,0.1061,0.009705,4.381
586852,520,399,919,230,75,99,15.54,0.8250,0.5755,0.227588,43,12,68,305.21,0.7885,0.1376,0.011939,4.482
586858,520,432,952,245,19,31,27.30,0.9907,0.5524,0.199807,1,20,59,260.33,0.9621,0.1040,0.008225,4.290
586864,520,431,951,245,16,41,25.60,0.9919,0.5523,0.199467,20,26,6,123.21,0.6479,0.1041,0.009007,4.228
586870,520,396,916,215,76,177,340.25,0.7855,0.5793,0.227924,48,25,30,6.13,0.3689,0.1434,0.014175,4.331
586876,520,366,886,247,39,193,341.97,0.9630,0.6127,0.250786,12,36,85,262.40,0.8310,0.1723,0.019957,4.300
586886,520,185,705,243,178,162,34.29,0.7026,0.7905,0.535059,2,94,44,151.42,0.9963,0.3329,0.081998,4.432
586888,520,457,977,229,24,95,10.03,0.9608,0.5309,0.181404,2,14,13,189.32,0.6710,0.0591,0.003560,4.320
586895,520,396,916,210,34,249,318.83,0.9763,0.5823,0.216870,7,39,29,168.66,0.8039,0.1426,0.015849,4.053
586907,520,436,956,181,72,230,313.27,0.8653,0.5544,0.201726,5,20,36,250.69,0.6337,0.0881,0.006599,4.448
586908,520,454,974,229,29,73,17.66,0.9606,0.5281,0.180207,2,4,57,266.85,0.9802,0.0723,0.003951,4.267
586917,520,442,962,234,31,83,15.18,0.9574,0.5416,0.191000,32,12,4,45.07,0.6458,0.0846,0.005788,4.320
586919,520,466,986,155,85,206,308.42,0.7265,0.5190,0.179223,8,5,17,295.89,0.4756,0.0451,0.002006,4.408
586935,520,450,970,234,5,112,4.26,0.9929,0.5408,0.187739,22,8,13,357.36,0.3982,0.0652,0.003733,4.424
586945,520,281,801,253,130,33,51.94,0.9814,0.6897,0.369608,9,70,28,148.58,0.9740,0.2487,0.045220,4.407
586947,520,467,987,230,10,0,29.62,1.0000,0.5161,0.170432,5,4,10,293.02,0.3437,0.0364,0.001410,4.288
586950,520,382,902,235,56,189,340.76,0.9097,0.6001,0.241674,53,27,48,334.40,0.4464,0.1634,0.017542,4.318
586978,520,364,884,234,59,199,337.57,0.9123,0.6062,0.247465,71,20,16,27.88,0.7581,0.1721,0.018775,4.325
586987,520,323,843,248,45,243,329.36,0.9797,0.6470,0.283072,40,53,17,126.31,0.6966,0.2066,0.030378,4.144
586996,520,374,894,240,62,156,353.16,0.8820,0.5989,0.243738,26,16,105,275.73,0.9417,0.1647,0.016100,4.444
587016,520,440,960,200,79,152,346.23,0.6981,0.5461,0.201401,15,22,3,125.40,0.7735,0.0877,0.006819,4.425
587024,520,401,921,212,71,192,334.02,0.8201,0.5765,0.223113,6,6,103,266.83,0.9914,0.1389,0.011481,4.442
587030,520,354,874,240,26,231,330.40,0.9867,0.6167,0.250363,36,34,83,281.20,0.6233,0.1820,0.021436,4.205
587042,520,407,927,228,16,199,335.72,0.9834,0.5719,0.209907,39,26,20,45.83,0.2833,0.1292,0.012207,4.178
587045,520,418,938,205,87,125,2.54,0.6611,0.5553,0.212781,44,4,52,320.33,0.8316,0.1157,0.008703,4.476
587047,520,309,829,251,111,82,33.32,0.9560,0.6596,0.324905,24,61,33,149.44,0.7751,0.2245,0.036414,4.338
587051,520,133,653,255,193,159,49.94,1.0000,0.8359,0.619051,11,107,11,142.65,0.9929,0.3747,0.106102,4.286
587054,520,380,900,251,26,161,352.00,0.9758,0.5991,0.238247,67,4,55,337.75,0.8431,0.1610,0.015561,4.397
587062,520,376,896,236,56,179,344.13,0.9022,0.5968,0.239187,55,23,50,333.46,0.5420,0.1600,0.016554,4.345
587065,520,470,990,190,67,170,334.82,0.7509,0.5229,0.178653,15,2,11,338.20,0.6530,0.0423,0.001692,4.423
587081,520,429,949,214,78,108,10.36,0.7414,0.5527,0.208299,14,20,40,269.71,0.4798,0.0965,0.007469,4.495
587114,520,390,910,231,13,215,332.24,0.9909,0.5866,0.221857,52,7,67,315.71,0.8311,0.1452,0.012874,4.324
587125,520,445,965,235,35,43,26.30,0.9695,0.5395,0.190418,17,16,11,97.94,0.1702,0.0757,0.005139,4.360
587140,520,395,915,218,13,251,320.68,0.9945,0.5897,0.221603,62,8,26,6.15,0.7866,0.1409,0.012726,4.330
587143,520,417,937,223,61,164,346.29,0.8395,0.5706,0.217082,3,32,37,210.88,0.8252,0.1218,0.011859,4.318
587145,520,439,959,201,62,188,331.97,0.8182,0.5461,0.194953,29,18,1,79.74,0.8809,0.0921,0.006960,4.300
587161,520,423,943,190,48,252,312.31,0.9835,0.5620,0.200905,30,26,6,98.41,0.6358,0.1145,0.010280,4.162
587169,520,461,981,172,69,216,313.91,0.8259,0.5272,0.179857,10,9,12,301.06,0.1140,0.0539,0.002864,4.348
587188,520,428,948,237,43,120,3.88,0.9197,0.5649,0.210914,4,27,8,147.72,0.9267,0.0966,0.008272,4.478
587194,520,363,883,243,23,216,334.77,0.9864,0.6116,0.246283,21,46,26,148.89,0.6344,0.1715,0.021879,4.122
587199,520,396,916,236,38,163,348.60,0.9350,0.5767,0.218664,42,22,56,309.51,0.5651,0.1423,0.013516,4.230
587205,520,400,920,227,86,80,25.81,0.8217,0.5804,0.235683,5,39,22,157.39,0.9123,0.1395,0.015412,4.367
587208,520,434,954,226,67,32,33.65,0.9437,0.5479,0.202901,25,22,19,67.38,0.1014,0.1014,0.008275,4.340
587229,520,399,919,246,3,151,353.67,0.9971,0.5792,0.218957,45,24,34,350.24,0.3644,0.1382,0.013267,4.251
587243,520,419,939,228,9,187,339.02,0.9891,0.5632,0.202798,8,29,28,191.16,0.5614,0.1111,0.010142,4.203
587247,520,453,973,223,56,54,26.47,0.9129,0.5326,0.187854,6,19,7,146.08,0.6688,0.0738,0.005198,4.309
587248,520,409,929,189,54,254,311.35,0.9938,0.5669,0.206140,46,23,1,62.58,0.9111,0.1290,0.011959,4.134
587259,520,397,917,229,33,200,335.76,0.9579,0.5807,0.219184,36,26,50,302.26,0.4204,0.1389,0.013442,4.243
587266,520,441,961,198,94,89,24.63,0.6335,0.5446,0.207342,11,24,17,159.66,0.4158,0.0940,0.007649,4.464
587296,520,443,963,231,42,58,23.47,0.9479,0.5376,0.189534,24,17,3,85.78,0.6726,0.0838,0.006017,4.276
587297,520,398,918,229,55,178,342.73,0.8869,0.5829,0.226073,40,25,47,314.52,0.4152,0.1399,0.013516,4.346
587298,520,443,963,196,60,192,329.17,0.8238,0.5381,0.187749,35,2,27,338.98,0.8032,0.0803,0.004799,4.339
587302,520,465,985,169,79,189,320.01,0.7097,0.5176,0.177020,18,6,0,62.63,1.0000,0.0518,0.002589,4.317
587304,520,467,987,203,77,47,34.66,0.8394,0.5189,0.182116,4,6,9,252.89,0.2128,0.0403,0.001758,4.485
587317,520,319,839,232,85,236,326.73,0.9236,0.6504,0.297112,66,45,45,18.92,0.2458,0.2220,0.032246,4.220
587358,520,472,992,166,41,246,306.66,0.9571,0.5163,0.163474,4,4,8,284.11,0.2656,0.0345,0.001302,4.161
587360,520,472,992,202,3,199,329.16,0.9946,0.5214,0.167471,1,4,11,254.35,0.6250,0.0324,0.001174,4.250
587364,520,392,912,253,20,119,5.48,0.9849,0.5856,0.227185,4,2,111,265.71,0.9979,0.1455,0.012168,4.459
587373,520,444,964,224,46,119,2.18,0.8785,0.5411,0.191359,17,13,35,289.49,0.5198,0.0802,0.005284,4.366
587396,520,282,802,243,111,217,335.64,0.9145,0.6904,0.354358,33,66,36,145.98,0.6745,0.2468,0.043470,4.326
587397,520,407,927,245,46,38,28.59,0.9649,0.5669,0.215099,50,18,1,48.45,0.9144,0.1258,0.011130,4.337
587402,520,423,943,252,6,5,29.14,0.9980,0.5630,0.208404,33,20,18,28.84,0.2723,0.1062,0.008674,4.404
587403,520,340,860,236,61,246,325.66,0.9678,0.6399,0.278266,57,44,22,79.51,0.4772,0.2006,0.027292,4.247
587407,520,13,533,255,249,221,97.07,1.0000,0.9761,0.942322,71,128,60,140.47,0.7860,0.4713,0.171037,4.489
587434,520,459,979,236,7,27,27.17,0.9963,0.5296,0.180672,18,7,10,1.07,0.3474,0.0571,0.003025,4.350
587448,520,409,929,228,73,95,16.47,0.8278,0.5685,0.220880,23,11,82,279.36,0.9183,0.1276,0.010307,4.492
587451,520,368,888,236,71,167,349.04,0.8536,0.6052,0.251321,62,29,15,42.92,0.6165,0.1712,0.019375,4.343
587453,520,464,984,219,19,135,353.65,0.9534,0.5223,0.172776,8,7,20,286.07,0.4464,0.0512,0.002541,4.240
587462,520,417,937,221,43,201,333.54,0.9280,0.5726,0.213192,54,3,30,353.71,0.8329,0.1198,0.009433,4.428
587524,520,424,944,203,57,214,324.92,0.8875,0.5612,0.204795,44,9,22,0.82,0.6620,0.1052,0.007889,4.401
587542,520,466,986,182,30,235,314.29,0.9634,0.5241,0.168729,9,3,33,286.96,0.8346,0.0519,0.002330,4.180
587546,520,412,932,250,24,43,25.83,0.9875,0.5658,0.211554,39,22,11,53.00,0.4812,0.1176,0.010294,4.338
587550,520,395,915,254,32,95,13.75,0.9930,0.5859,0.229338,11,33,62,256.34,0.6866,0.1444,0.015066,4.293
587566,520,431,951,245,1,30,26.75,0.9995,0.5480,0.195315,47,3,13,12.25,0.8563,0.0994,0.006986,4.305
587570,520,447,967,236,26,68,19.52,0.9737,0.5404,0.189922,25,15,19,353.31,0.2425,0.0849,0.005954,4.288
587574,520,446,966,225,57,71,21.63,0.8932,0.5402,0.193915,28,11,12,16.81,0.4174,0.0787,0.005128,4.425
587578,520,469,989,160,56,250,303.12,0.9690,0.5242,0.172046,2,7,14,246.70,0.5262,0.0428,0.001966,4.273
587579,520,2,522,255,255,255,0.00,0.0000,1.0000,1.000000,10,139,24,143.45,0.9958,0.4824,0.185949,4.450
587589,520,326,846,252,73,204,340.78,0.9779,0.6526,0.298233,18,56,51,183.47,0.6551,0.2111,0.031958,4.249
587599,520,398,918,239,75,54,30.61,0.9220,0.5843,0.236523,36,32,12,98.26,0.5231,0.1391,0.014347,4.453
587616,520,458,978,235,5,14,28.46,0.9975,0.5263,0.178056,20,3,35,305.51,0.8071,0.0648,0.003352,4.275
587628,520,382,902,193,89,239,313.88,0.8847,0.5998,0.247153,6,43,39,184.60,0.8245,0.1591,0.019129,4.299
587630,520,396,916,228,8,216,331.28,0.9941,0.5809,0.216280,54,21,22,19.88,0.5380,0.1428,0.013786,4.175
587633,520,307,827,251,87,219,336.49,0.9749,0.6732,0.324430,42,55,73,256.61,0.2895,0.2342,0.037056,4.301
587636,520,468,988,175,78,182,324.90,0.7032,0.5206,0.179412,18,0,12,340.21,1.0000,0.0416,0.001552,4.450
587639,520,200,720,230,173,166,26.66,0.5224,0.7655,0.494648,61,83,34,129.40,0.6735,0.3211,0.072940,4.430
587680,520,14,534,247,253,222,116.05,0.9383,0.9784,0.952986,4,134,78,155.84,0.9949,0.4732,0.176253,4.433
587686,520,390,910,234,31,207,335.05,0.9695,0.5929,0.229801,9,10,108,267.62,0.9856,0.1517,0.013578,4.401
587706,520,331,851,245,61,221,334.11,0.9522,0.6393,0.279733,9,37,115,264.25,0.9268,0.2047,0.026188,4.328
587715,520,433,953,245,17,35,26.63,0.9917,0.5520,0.199383,50,3,2,28.81,0.9503,0.1033,0.007477,4.339
587731,520,303,823,190,132,243,306.79,0.8212,0.6687,0.339213,22,60,66,209.27,0.5937,0.2325,0.037955,4.425
587738,520,469,989,155,56,250,301.49,0.9692,0.5175,0.166995,1,4,19,263.66,0.8202,0.0365,0.001403,4.221
587752,520,452,972,233,21,47,24.25,0.9838,0.5290,0.180683,28,10,0,58.18,1.0000,0.0738,0.004640,4.222
587769,520,440,960,196,65,197,327.56,0.8180,0.5466,0.195491,5,16,52,265.65,0.8541,0.0911,0.006507,4.344
587770,520,398,918,182,94,221,314.20,0.7772,0.5796,0.231719,21,34,31,178.64,0.2679,0.1355,0.014024,4.400
587785,520,410,930,240,56,82,18.96,0.9182,0.5710,0.219660,14,16,85,271.25,0.9352,0.1316,0.011198,4.406
587786,520,422,942,237,35,122,2.58,0.9391,0.5606,0.206148,47,8,19,7.42,0.7135,0.1084,0.008251,4.397
587788,520,476,996,166,75,186,320.06,0.7160,0.5053,0.166852,0,0,14,264.05,1.0000,0.0188,0.000317,4.310
587798,520,470,990,229,21,31,27.13,0.9853,0.5188,0.172963,0,1,34,264.21,0.9908,0.0393,0.001372,4.340
587811,520,431,951,212,74,134,357.00,0.7443,0.5526,0.206180,3,8,76,266.38,0.9783,0.1028,0.007148,4.483
587812,520,387,907,235,25,202,336.59,0.9763,0.5894,0.226245,22,1,108,274.17,0.9974,0.1499,0.012749,4.402
587818,520,350,870,252,68,163,353.70,0.9666,0.6292,0.274774,32,50,3,128.82,0.9562,0.1885,0.025948,4.276
587819,520,260,780,241,121,240,327.67,0.9280,0.7142,0.386689,22,77,4,139.81,0.9919,0.2741,0.054869,4.164
587820,520,478,998,176,71,171,329.53,0.7116,0.5057,0.166780,3,1,5,310.43,0.5673,0.0222,0.000520,4.291
587821,520,427,947,193,47,240,315.85,0.9429,0.5561,0.196631,29,17,23,347.97,0.2762,0.0959,0.007240,4.309
587823,520,361,881,238,49,228,330.61,0.9617,0.6228,0.259778,74,9,52,345.71,0.7922,0.1782,0.018994,4.490
587826,520,466,986,213,65,52,28.99,0.8768,0.5225,0.181771,20,4,12,348.69,0.5649,0.0539,0.002621,4.405
587830,520,384,904,235,48,173,345.52,0.9144,0.5860,0.227960,4,37,56,238.85,0.8163,0.1486,0.016344,4.190
587837,520,420,940,221,73,95,15.77,0.8006,0.5555,0.209660,53,3,18,8.65,0.8643,0.1133,0.008658,4.427
587839,520,466,986,207,29,165,340.70,0.9123,0.5179,0.168628,8,10,12,246.44,0.1038,0.0543,0.002952,4.129
587849,520,357,877,220,63,246,321.49,0.9599,0.6159,0.254264,17,41,74,256.96,0.6557,0.1785,0.021994,4.226
587862,520,479,999,219,43,29,29.68,0.9559,0.5103,0.168792,2,0,0,29.23,1.0000,0.0120,0.000129,4.365
587863,520,301,821,251,68,253,327.58,0.9936,0.6744,0.317381,3,37,140,263.88,0.9836,0.2326,0.032357,4.461
587864,520,401,921,211,93,132,1.71,0.6596,0.5769,0.233455,6,40,20,153.65,0.9161,0.1428,0.016067,4.290
587871,520,418,938,190,80,203,323.33,0.7731,0.5592,0.209976,43,12,40,331.50,0.6396,0.1164,0.009298,4.384
587874,520,464,984,145,76,235,299.04,0.8696,0.5154,0.171870,3,8,17,254.60,0.4869,0.0475,0.002335,4.239
587892,520,401,921,166,92,250,301.81,0.9410,0.5768,0.226638,26,19,80,280.21,0.8243,0.1399,0.012645,4.416
587902,520,368,888,211,73,245,318.90,0.9463,0.6109,0.252082,61,19,64,325.00,0.6851,0.1724,0.018281,4.424
587908,520,426,946,227,15,181,340.55,0.9794,0.5593,0.200114,20,11,70,280.08,0.8824,0.1111,0.008302,4.290
587910,520,463,983,228,25,85,13.37,0.9617,0.5267,0.178480,4,4,30,275.29,0.8398,0.0472,0.002064,4.388
587914,520,463,983,233,14,50,23.21,0.9898,0.5271,0.178711,10,2,32,290.98,0.8651,0.0497,0.002122,4.388
587917,520,455,975,223,36,124,359.28,0.9074,0.5341,0.184076,12,5,36,288.17,0.7728,0.0611,0.003141,4.405
587940,520,461,981,234,31,7,30.45,0.9935,0.5329,0.184909,17,5,16,329.99,0.5015,0.0538,0.002651,4.462
587946,520,389,909,220,34,238,323.88,0.9742,0.5905,0.225348,52,18,61,318.69,0.6738,0.1539,0.014997,4.236
587959,520,425,945,202,66,203,327.59,0.8378,0.5612,0.207665,15,1,82,274.62,0.9951,0.1083,0.007324,4.495
587961,520,425,945,238,54,35,30.24,0.9569,0.5588,0.209400,24,19,52,286.82,0.5950,0.1117,0.009079,4.391
587996,520,341,861,240,107,35,44.42,0.9400,0.6295,0.291649,50,46,45,34.30,0.0513,0.2037,0.028216,4.368
588031,520,392,912,196,76,248,313.60,0.9516,0.5942,0.236832,39,35,19,95.79,0.3750,0.1524,0.016804,4.294
588038,520,419,939,225,40,164,345.81,0.9086,0.5576,0.202081,0,30,29,191.66,1.0000,0.1103,0.010172,4.189
588050,520,349,869,220,109,162,351.90,0.6650,0.6279,0.287636,44,43,55,288.82,0.1762,0.1933,0.025391,4.478
588065,520,404,924,191,62,253,311.77,0.9868,0.5762,0.216146,32,31,13,105.75,0.4684,0.1318,0.013161,4.214
588068,520,414,934,210,5,244,320.25,0.9972,0.5693,0.203436,16,20,66,273.32,0.7874,0.1194,0.010038,4.221
588076,520,446,966,207,25,197,330.99,0.9526,0.5354,0.179939,5,22,7,146.81,0.8359,0.0817,0.006214,4.090
588085,520,447,967,232,10,105,6.45,0.9859,0.5355,0.183958,13,21,2,126.97,0.8520,0.0831,0.006263,4.158
588087,520,387,907,253,12,134,0.48,0.9908,0.5884,0.228705,35,36,27,112.70,0.1846,0.1528,0.016982,4.161
588089,520,480,1000,214,38,93,9.66,0.8967,0.5073,0.164752,0,0,0,0.00,0.0000,0.0000,0.000000,4.295
588094,520,385,905,216,68,210,329.63,0.8731,0.5905,0.233883,7,34,69,256.48,0.8003,0.1510,0.016188,4.289
588098,520,480,1000,136,80,235,295.17,0.8630,0.5106,0.169698,0,0,0,0.00,0.0000,0.0000,0.000000,4.394
588112,520,454,974,161,68,243,303.93,0.9214,0.5323,0.181829,15,9,28,296.25,0.5193,0.0661,0.003808,4.308
588119,520,441,961,128,105,234,287.69,0.8035,0.5446,0.206326,8,24,6,141.09,0.8215,0.0894,0.007180,4.483
588137,520,415,935,228,40,184,340.22,0.9294,0.5735,0.214748,4,6,90,266.49,0.9889,0.1195,0.008942,4.492
588142,520,459,979,207,30,186,334.16,0.9284,0.5307,0.177411,22,6,10,3.82,0.4819,0.0602,0.003228,4.272
588151,520,428,948,208,14,233,322.17,0.9894,0.5592,0.196090,9,0,80,270.84,1.0000,0.1003,0.006372,4.365
588169,520,437,957,232,22,148,352.12,0.9624,0.5548,0.198706,34,11,10,24.19,0.5437,0.0874,0.006014,4.440
588170,520,423,943,248,20,40,26.06,0.9900,0.5598,0.206136,25,26,4,111.59,0.7314,0.1086,0.009542,4.302
588178,520,454,974,203,11,202,328.60,0.9824,0.5271,0.172020,30,1,22,340.15,0.8344,0.0673,0.003557,4.145
588185,520,329,849,255,14,245,330.53,1.0000,0.6489,0.281698,9,58,33,155.87,0.9320,0.2084,0.031939,4.048
588190,520,462,982,212,18,178,337.78,0.9616,0.5302,0.176462,0,2,41,264.17,0.9864,0.0488,0.002035,4.352
588192,520,400,920,247,48,105,11.08,0.9418,0.5837,0.229114,5,31,70,258.52,0.8620,0.1431,0.014544,4.324
588195,520,455,975,231,30,35,27.21,0.9757,0.5275,0.180419,14,6,22,306.30,0.5305,0.0556,0.002815,4.363
588202,520,452,972,189,37,229,317.55,0.9465,0.5343,0.178004,30,2,23,338.81,0.7837,0.0697,0.003813,4.237
588221,520,434,954,228,42,137,355.96,0.8994,0.5527,0.199588,11,24,21,177.89,0.3618,0.0953,0.007785,4.319
588241,520,462,982,208,53,159,343.77,0.8231,0.5336,0.184614,13,6,9,349.64,0.2755,0.0490,0.002355,4.481
588243,520,363,883,199,85,250,313.52,0.9602,0.6108,0.255424,42,28,80,291.71,0.6577,0.1730,0.019019,4.425
588254,520,399,919,197,63,247,314.80,0.9546,0.5813,0.221420,3,25,85,263.45,0.9564,0.1431,0.013704,4.261
588271,520,432,952,191,52,229,317.67,0.9152,0.5484,0.191908,24,23,18,97.83,0.1352,0.1026,0.008507,4.135
588274,520,432,952,179,97,161,335.87,0.5579,0.5457,0.207074,37,10,34,332.01,0.6216,0.1002,0.007259,4.490
588285,520,447,967,195,72,178,333.59,0.7545,0.5418,0.194528,29,11,1,55.94,0.8260,0.0774,0.005028,4.444
588292,520,464,984,216,24,136,352.78,0.9333,0.5187,0.170322,22,0,18,335.11,1.0000,0.0503,0.002143,4.225
588304,520,391,911,214,71,211,328.75,0.8638,0.5910,0.235077,13,41,21,150.59,0.7863,0.1494,0.017255,4.239
588311,520,351,871,223,82,238,323.75,0.9223,0.6343,0.278976,31,48,39,160.91,0.3134,0.1888,0.025516,4.356
588317,520,416,936,252,12,60,21.94,0.9941,0.5684,0.212884,50,1,48,330.16,0.9185,0.1196,0.009133,4.446
588319,520,430,950,225,28,166,344.83,0.9439,0.5521,0.195938,27,12,45,301.72,0.6538,0.0965,0.006854,4.326
588327,520,443,963,232,45,2,32.42,0.9978,0.5376,0.190400,39,2,11,9.52,0.8522,0.0813,0.004990,4.372
588328,520,432,952,242,14,47,24.28,0.9921,0.5460,0.194000,24,24,1,109.62,0.9137,0.1014,0.008497,4.171
588338,520,342,862,200,96,248,313.52,0.9380,0.6254,0.274236,29,44,69,260.23,0.4385,0.1907,0.024922,4.328
588352,520,373,893,211,75,218,325.80,0.8640,0.5950,0.239448,6,26,97,265.10,0.9412,0.1601,0.016405,4.359
588366,520,479,999,207,46,134,352.61,0.8324,0.5140,0.169428,0,0,1,264.05,1.0000,0.0060,0.000022,4.387
588369,520,460,980,195,62,170,336.30,0.7791,0.5255,0.179513,31,1,6,12.38,0.8924,0.0631,0.003262,4.309
588379,520,409,929,215,44,214,328.43,0.9334,0.5711,0.211055,27,8,81,283.76,0.9225,0.1265,0.010007,4.350
588380,520,429,949,207,65,165,341.86,0.7867,0.5469,0.197646,44,6,26,352.04,0.7275,0.1025,0.007404,4.314
588395,520,427,947,193,55,237,316.25,0.9238,0.5602,0.201856,13,2,79,273.65,0.9902,0.1043,0.006934,4.424
588433,520,479,999,226,4,71,16.63,0.9953,0.5130,0.167134,0,0,6,264.05,1.0000,0.0126,0.000131,4.331
588447,520,455,975,192,58,195,327.03,0.8305,0.5314,0.181742,3,15,10,168.05,0.6286,0.0615,0.003829,4.305
588466,520,418,938,218,80,85,21.65,0.7820,0.5568,0.213010,15,5,90,272.65,0.9828,0.1243,0.009482,4.422
588497,520,472,992,221,45,9,32.27,0.9882,0.5150,0.172714,1,0,26,269.98,1.0000,0.0302,0.000810,4.383
588498,520,389,909,198,63,253,313.77,0.9873,0.5874,0.226539,71,6,11,23.44,0.9241,0.1546,0.014942,4.258
588504,520,320,840,248,28,254,326.98,0.9971,0.6466,0.279456,18,31,127,267.98,0.9454,0.2105,0.026407,4.312
588507,520,434,954,193,16,248,314.80,0.9895,0.5472,0.184867,42,9,28,348.14,0.6500,0.1041,0.007715,4.069
588517,520,13,533,251,252,218,108.57,0.8962,0.9786,0.951922,2,134,50,147.60,0.9987,0.4678,0.172926,4.494
588526,520,205,725,254,162,168,15.56,0.9514,0.7739,0.497411,9,88,41,150.78,0.9809,0.3131,0.071973,4.488
588548,520,439,959,230,45,107,7.63,0.9028,0.5484,0.197642,36,10,5,34.41,0.6861,0.0878,0.006032,4.420
588549,520,415,935,166,94,237,304.21,0.8413,0.5700,0.222273,20,29,32,220.26,0.1990,0.1205,0.011317,4.440
588556,520,416,936,218,44,198,333.62,0.9177,0.5661,0.207862,26,26,43,283.47,0.3277,0.1236,0.011328,4.205
588560,520,466,986,210,55,102,7.64,0.8176,0.5164,0.173956,23,1,6,5.22,0.8212,0.0495,0.002170,4.293
588573,520,365,885,236,20,230,329.73,0.9897,0.6071,0.240490,18,45,43,189.06,0.5145,0.1724,0.021797,4.046
588589,520,361,881,198,105,219,319.98,0.7601,0.6175,0.272246,14,47,46,192.45,0.6369,0.1782,0.023236,4.400
588598,520,476,996,203,59,114,1.65,0.7766,0.5111,0.170414,0,1,14,263.36,1.0007,0.0229,0.000534,4.362
588607,520,399,919,220,47,218,328.67,0.9377,0.5843,0.223128,42,20,57,309.52,0.6083,0.1393,0.012880,4.344
588626,520,417,937,254,10,17,28.52,0.9967,0.5685,0.213322,10,16,78,269.52,0.9321,0.1212,0.009851,4.400
588631,520,480,1000,174,73,179,325.76,0.7171,0.5102,0.170195,0,0,0,0.00,0.0000,0.0000,0.000000,4.404
588642,520,403,923,252,33,54,24.42,0.9866,0.5751,0.220532,15,26,65,268.19,0.7162,0.1311,0.012219,4.348
588643,520,305,825,253,108,128,14.35,0.9593,0.6680,0.331695,40,57,51,170.98,0.2438,0.2280,0.036163,4.430
588659,520,466,986,212,47,135,353.50,0.8412,0.5248,0.177816,21,1,5,6.56,0.8110,0.0460,0.001921,4.388
588662,520,367,887,210,76,235,320.94,0.9027,0.6057,0.248703,52,12,86,303.29,0.8464,0.1679,0.016649,4.482
588672,520,450,970,230,44,74,19.01,0.9303,0.5397,0.191217,15,1,55,284.00,0.9781,0.0747,0.003991,4.468
588687,520,325,845,232,90,218,331.78,0.8795,0.6458,0.295324,0,58,57,192.87,1.0000,0.2145,0.033214,4.150
588688,520,424,944,241,40,80,17.65,0.9513,0.5605,0.208008,12,19,62,270.62,0.8093,0.1109,0.008917,4.379
588691,520,441,961,238,12,69,18.66,0.9904,0.5401,0.188730,26,18,10,66.11,0.3315,0.0903,0.006742,4.207
588704,520,433,953,197,51,221,321.47,0.9086,0.5511,0.194599,45,6,23,357.79,0.7346,0.1031,0.007501,4.254
588709,520,458,978,231,3,95,9.48,0.9959,0.5291,0.178833,12,12,16,285.38,0.1301,0.0635,0.003785,4.255
588736,520,421,941,211,63,181,337.23,0.8235,0.5601,0.207421,17,22,50,273.21,0.5649,0.1107,0.009233,4.346
588738,520,375,895,211,72,226,323.69,0.8883,0.5969,0.239764,49,35,16,73.46,0.5034,0.1648,0.018925,4.204
588740,520,372,892,223,72,223,327.91,0.9017,0.6140,0.256525,7,43,65,240.66,0.7781,0.1737,0.021545,4.284
588757,520,352,872,210,97,219,324.63,0.8084,0.6224,0.273671,14,39,91,262.60,0.8273,0.1863,0.022996,4.434
588762,520,0,520,255,255,255,0.00,0.0000,1.0000,1.000000,20,139,6,141.95,0.9970,0.4828,0.186263,4.444
588780,520,436,956,206,66,181,335.85,0.8030,0.5548,0.203563,7,13,58,269.63,0.8946,0.0922,0.006385,4.497
588807,520,212,732,244,143,245,326.72,0.9426,0.7563,0.454726,92,68,8,84.14,0.8965,0.3104,0.064273,4.417
588821,520,408,928,252,22,38,26.59,0.9898,0.5688,0.214130,16,18,78,272.85,0.8896,0.1281,0.010928,4.335
588835,520,400,920,234,78,84,22.27,0.8627,0.5833,0.235842,37,29,46,305.61,0.3086,0.1447,0.014693,4.418
588843,520,181,701,243,182,91,75.11,0.8168,0.7852,0.532679,22,93,28,144.22,0.9692,0.3310,0.080828,4.454
588844,520,441,961,212,57,140,352.37,0.8078,0.5359,0.188190,21,15,37,294.38,0.4920,0.0895,0.006346,4.227
588860,520,454,974,111,100,242,281.56,0.8855,0.5258,0.189042,0,17,24,223.40,1.0000,0.0699,0.004668,4.373
588871,520,347,867,245,35,228,332.26,0.9806,0.6272,0.262189,53,27,87,299.93,0.6990,0.1910,0.022289,4.319
588877,520,414,934,242,50,88,16.37,0.9298,0.5713,0.218663,57,8,0,35.38,1.0000,0.1245,0.010437,4.445
588885,520,448,968,199,12,223,322.17,0.9871,0.5357,0.177344,0,24,9,155.02,1.0000,0.0849,0.006730,4.008
588892,520,415,935,243,27,128,1.16,0.9643,0.5708,0.214004,5,31,30,191.57,0.7264,0.1165,0.011059,4.324
588909,520,465,985,207,12,178,336.46,0.9727,0.5190,0.167448,18,4,2,35.79,0.6405,0.0479,0.002198,4.166
588926,520,361,881,255,57,159,354.82,1.0000,0.6237,0.266930,57,33,33,19.69,0.3367,0.1762,0.020675,4.484
588932,520,426,946,212,62,176,339.19,0.8217,0.5581,0.205790,16,16,64,275.75,0.8196,0.1097,0.008509,4.372
588936,520,443,963,214,44,173,340.23,0.8807,0.5445,0.191169,11,11,46,276.88,0.7621,0.0798,0.005077,4.379
588951,520,383,903,254,45,113,9.06,0.9912,0.5977,0.241435,57,23,13,37.18,0.6394,0.1499,0.015118,4.475
588959,520,396,916,224,78,129,2.50,0.7717,0.5771,0.228836,42,14,70,302.35,0.7757,0.1406,0.012485,4.462
588980,520,466,986,215,59,17,34.46,0.9698,0.5164,0.176180,19,5,11,352.17,0.4822,0.0544,0.002712,4.291
588986,520,434,954,233,55,37,30.12,0.9483,0.5498,0.201926,26,18,38,301.35,0.4313,0.1019,0.007922,4.349
588988,520,403,923,255,34,48,25.79,1.0000,0.5812,0.226213,23,26,56,276.67,0.5301,0.1296,0.012064,4.450
588991,520,319,839,237,85,213,334.62,0.8974,0.6450,0.293081,10,49,98,256.56,0.8484,0.2173,0.031428,4.213
589000,520,460,980,181,32,238,313.27,0.9623,0.5261,0.170309,7,7,32,277.96,0.7046,0.0579,0.003014,4.156
589003,520,473,993,191,55,182,330.84,0.8149,0.5184,0.171877,9,3,0,66.15,1.0000,0.0339,0.001232,4.331
589007,520,403,923,195,57,252,313.39,0.9823,0.5768,0.215579,12,33,38,215.26,0.4996,0.1298,0.013058,4.212
589015,520,341,861,247,96,58,35.17,0.9421,0.6270,0.284486,13,52,58,209.50,0.7037,0.1995,0.028469,4.263
589021,520,447,967,199,61,190,330.72,0.8216,0.5429,0.191990,33,4,20,349.25,0.7142,0.0770,0.004607,4.431
589022,520,467,987,167,56,231,309.43,0.8967,0.5174,0.168141,12,3,7,348.06,0.4711,0.0399,0.001586,4.229
589028,520,278,798,253,106,190,347.77,0.9713,0.6864,0.349114,24,63,72,215.24,0.5890,0.2458,0.042169,4.330
589031,520,337,857,245,34,247,327.81,0.9870,0.6391,0.272747,84,13,42,1.59,0.7901,0.1981,0.023401,4.397
589036,520,441,961,208,86,51,36.61,0.8210,0.5420,0.203066,40,7,19,1.27,0.6773,0.0939,0.006502,4.479
589050,520,389,909,233,31,199,336.98,0.9645,0.5864,0.224298,26,38,35,177.73,0.2211,0.1529,0.017272,4.077
589070,520,471,991,197,33,198,327.93,0.9225,0.5223,0.170369,4,1,34,276.94,0.9677,0.0435,0.001630,4.268
589072,520,415,935,210,33,234,322.25,0.9683,0.5703,0.207317,30,29,3,107.38,0.8197,0.1222,0.011613,4.176
589075,520,363,883,201,85,241,316.27,0.9088,0.6073,0.252667,24,45,7,133.91,0.9089,0.1667,0.020863,4.271
589077,520,480,1000,206,55,118,359.95,0.7984,0.5140,0.171643,0,0,0,0.00,0.0000,0.0000,0.000000,4.433
589106,520,438,958,181,50,255,308.97,1.0000,0.5528,0.193259,27,18,19,11.12,0.1928,0.0941,0.007127,4.258
589120,520,469,989,220,40,81,15.16,0.9151,0.5179,0.173300,4,6,19,271.99,0.5312,0.0447,0.002031,4.292
589122,520,380,900,243,53,161,351.47,0.9138,0.5990,0.241772,56,25,32,6.77,0.4610,0.1571,0.016404,4.394
589129,520,85,605,254,213,247,331.88,0.9888,0.9042,0.753758,58,114,9,135.25,0.9856,0.4145,0.129535,4.477
589142,520,479,999,152,59,247,300.85,0.9515,0.5139,0.165191,0,1,0,142.50,1.0000,0.0135,0.000217,4.285
589149,520,398,918,226,20,211,332.06,0.9813,0.5769,0.213747,42,27,21,42.70,0.3044,0.1361,0.013303,4.166
589156,520,428,948,238,52,17,32.18,0.9831,0.5560,0.206768,29,20,23,356.71,0.1886,0.1026,0.008234,4.409
589158,520,462,982,187,63,200,323.80,0.8186,0.5318,0.182913,12,2,26,301.51,0.8027,0.0471,0.001962,4.482
589166,520,457,977,211,2,180,336.86,0.9957,0.5255,0.171898,17,9,8,27.71,0.2476,0.0595,0.003321,4.162
589172,520,413,933,241,29,122,2.93,0.9585,0.5657,0.209879,56,4,20,8.34,0.8452,0.1215,0.009782,4.347
589205,520,412,932,183,65,251,309.61,0.9723,0.5660,0.208138,6,27,48,250.67,0.6988,0.1154,0.010359,4.277
589223,520,456,976,235,19,55,22.40,0.9850,0.5335,0.184069,3,16,11,169.24,0.6510,0.0644,0.004141,4.323
589228,520,261,781,181,161,220,299.86,0.5114,0.7059,0.404809,4,77,28,148.10,0.9915,0.2718,0.054172,4.366
589242,520,406,926,239,28,172,346.16,0.9638,0.5818,0.221628,45,19,32,350.10,0.4687,0.1273,0.011280,4.433
589256,520,331,851,250,22,242,330.10,0.9933,0.6401,0.273116,3,56,20,148.75,0.9874,0.1968,0.028981,4.091
589278,520,448,968,195,67,185,331.10,0.7858,0.5398,0.191208,16,15,33,284.65,0.4378,0.0821,0.005616,4.337
589282,520,453,973,210,78,7,41.27,0.9811,0.5305,0.191680,22,5,35,307.55,0.7355,0.0711,0.004005,4.475
589285,520,349,869,235,71,211,334.49,0.9066,0.6256,0.268743,29,32,106,273.87,0.8421,0.1944,0.023347,4.346
589287,520,428,948,243,3,104,8.30,0.9970,0.5567,0.201227,3,9,70,266.50,0.9698,0.0967,0.006569,4.441
589298,520,443,963,198,28,220,322.47,0.9600,0.5373,0.180052,25,15,0,81.58,1.0000,0.0798,0.005483,4.146
589307,520,389,909,248,21,160,351.59,0.9800,0.5911,0.230342,18,34,56,256.65,0.5076,0.1467,0.015581,4.275
589311,520,451,971,236,31,15,29.86,0.9867,0.5374,0.188506,14,12,28,287.99,0.4298,0.0710,0.004401,4.384
589312,520,405,925,253,13,94,13.00,0.9915,0.5770,0.219824,8,1,101,267.91,0.9984,0.1313,0.010128,4.487
589331,520,457,977,157,93,195,311.39,0.6515,0.5275,0.189375,13,8,25,295.60,0.5012,0.0605,0.003294,4.492
589332,520,432,952,231,58,46,28.88,0.9297,0.5495,0.202153,14,24,37,255.34,0.3887,0.1048,0.008802,4.288
589356,520,407,927,240,30,135,358.39,0.9543,0.5687,0.212063,1,36,28,174.09,0.9694,0.1297,0.013520,4.126
589375,520,441,961,223,62,44,30.22,0.9170,0.5376,0.193178,25,7,55,294.08,0.8230,0.0950,0.006345,4.316
589405,520,432,952,240,30,54,23.66,0.9754,0.5486,0.197235,17,23,28,243.63,0.1881,0.0998,0.008158,4.251
589417,520,407,927,204,79,184,334.46,0.7591,0.5686,0.218918,13,35,31,180.35,0.5143,0.1333,0.013865,4.211
589421,520,463,983,231,7,82,13.87,0.9918,0.5267,0.177531,13,4,17,316.09,0.5525,0.0475,0.002129,4.365
589436,520,422,942,245,28,62,21.88,0.9786,0.5592,0.205943,14,4,77,274.57,0.9772,0.1052,0.007160,4.478
589451,520,398,918,230,81,68,28.45,0.8660,0.5770,0.231280,9,32,55,250.99,0.6716,0.1356,0.013669,4.418
589467,520,464,984,220,43,63,21.55,0.9262,0.5165,0.173050,12,5,18,309.12,0.5034,0.0493,0.002304,4.264
589478,520,352,872,227,109,104,24.28,0.7336,0.6209,0.282701,11,53,5,141.18,0.9811,0.1869,0.026282,4.361
589488,520,478,998,215,58,6,35.22,0.9894,0.5149,0.174889,3,0,6,311.99,1.0000,0.0187,0.000325,4.469
589500,520,366,886,254,36,167,351.06,0.9916,0.6118,0.251261,56,32,27,32.43,0.3750,0.1705,0.019530,4.333
589510,520,368,888,230,12,255,322.72,1.0000,0.6126,0.243082,39,14,102,285.75,0.9065,0.1708,0.017047,4.371
589516,520,444,964,225,31,131,356.84,0.9266,0.5379,0.186289,23,12,18,345.78,0.3011,0.0759,0.004888,4.305
589544,520,404,924,235,17,191,339.56,0.9832,0.5805,0.218275,29,31,27,128.85,0.0912,0.1324,0.013203,4.245
589547,520,427,947,246,3,91,12.79,0.9976,0.5596,0.204168,52,0,4,23.26,1.0000,0.1036,0.007390,4.429
589572,520,466,986,218,32,126,357.25,0.9097,0.5225,0.174473,16,4,17,324.75,0.5689,0.0509,0.002375,4.286
589575,520,452,972,210,33,165,341.56,0.9030,0.5257,0.175081,12,12,22,283.76,0.2998,0.0661,0.003990,4.169
589582,520,381,901,251,40,143,358.28,0.9659,0.5984,0.240135,55,21,61,321.42,0.6341,0.1634,0.016856,4.340
589619,520,416,936,204,21,250,317.25,0.9875,0.5680,0.202774,36,19,43,315.46,0.4912,0.1196,0.010153,4.202
589644,520,353,873,252,27,190,343.70,0.9809,0.6150,0.252004,0,1,138,264.07,0.9995,0.1848,0.018565,4.405
589648,520,322,842,236,74,251,324.26,0.9834,0.6546,0.296978,77,34,36,18.66,0.5188,0.2126,0.028494,4.420
589654,520,421,941,246,19,55,23.02,0.9887,0.5569,0.203380,13,1,84,272.77,0.9961,0.1097,0.007473,4.409
589659,520,409,929,225,58,157,349.11,0.8489,0.5682,0.214705,42,4,69,305.39,0.9035,0.1277,0.010088,4.405
589661,520,432,952,229,65,57,27.60,0.9032,0.5541,0.207369,27,20,25,336.57,0.1762,0.1010,0.008035,4.435
589663,520,420,940,249,3,43,24.93,0.9986,0.5581,0.203830,25,7,68,287.18,0.8913,0.1084,0.007760,4.395
589681,520,325,845,253,74,201,341.95,0.9841,0.6537,0.300004,28,53,67,234.53,0.4388,0.2148,0.031982,4.269
589687,520,447,967,186,31,246,312.99,0.9712,0.5403,0.180741,35,4,12,7.41,0.7407,0.0776,0.004708,4.218
589699,520,373,893,203,74,249,315.60,0.9617,0.6029,0.244350,55,31,8,61.21,0.7026,0.1628,0.018098,4.322
589700,520,410,930,232,75,66,27.42,0.8829,0.5727,0.225842,29,29,35,285.48,0.1194,0.1302,0.012613,4.406
589701,520,457,977,210,56,128,356.71,0.8040,0.5263,0.180907,10,4,36,285.65,0.8197,0.0574,0.002787,4.374
589702,520,324,844,252,30,253,328.07,0.9945,0.6535,0.287188,30,25,132,273.06,0.9461,0.2141,0.026371,4.415
589712,520,411,931,244,26,127,1.63,0.9673,0.5721,0.215075,36,18,53,305.42,0.6083,0.1245,0.010647,4.371
589718,520,362,882,217,83,215,328.33,0.8500,0.6120,0.258464,34,35,75,279.53,0.5495,0.1758,0.020501,4.375
589734,520,424,944,243,4,111,6.05,0.9958,0.5589,0.202926,8,7,77,269.92,0.9737,0.1056,0.007393,4.407
589750,520,432,952,218,28,190,335.83,0.9500,0.5523,0.194559,47,0,28,349.35,1.0000,0.1004,0.006883,4.299
589769,520,369,889,229,101,105,20.57,0.7603,0.6115,0.269878,16,46,40,178.35,0.5991,0.1733,0.022173,4.432
589805,520,314,834,249,67,228,333.26,0.9721,0.6551,0.297584,53,45,74,296.04,0.3641,0.2192,0.031281,4.276
589811,520,452,972,233,20,53,22.83,0.9836,0.5294,0.180841,13,14,24,279.47,0.2870,0.0723,0.004656,4.224
589814,520,388,908,244,57,134,1.38,0.9080,0.5937,0.238838,44,32,23,58.24,0.2854,0.1518,0.016304,4.356
589821,520,437,957,192,41,235,316.90,0.9471,0.5464,0.187919,29,13,34,317.75,0.5145,0.0934,0.006646,4.200
589827,520,435,955,240,44,24,30.32,0.9764,0.5542,0.203959,29,17,12,43.50,0.3248,0.0923,0.006887,4.464
589838,520,405,925,244,11,154,352.45,0.9889,0.5780,0.218088,30,8,84,285.39,0.9224,0.1332,0.010898,4.402
589880,520,409,929,140,103,254,290.13,0.9835,0.5687,0.224315,54,17,8,35.07,0.7403,0.1327,0.012028,4.422
589882,520,322,842,248,56,240,330.02,0.9743,0.6521,0.290789,52,33,96,293.01,0.6818,0.2085,0.026623,4.448
589893,520,399,919,251,48,67,22.87,0.9784,0.5840,0.230320,57,15,24,10.64,0.6592,0.1389,0.012776,4.465
589914,520,474,994,218,23,135,353.55,0.9397,0.5218,0.172700,8,1,3,357.19,0.6318,0.0279,0.000799,4.384
589915,520,463,983,237,10,34,26.29,0.9946,0.5330,0.183404,3,2,40,271.57,0.9691,0.0506,0.002160,4.475
589919,520,425,945,223,4,191,336.68,0.9947,0.5552,0.195389,45,8,32,344.63,0.6963,0.1100,0.008359,4.205
589920,520,460,980,201,85,25,43.31,0.9043,0.5256,0.189867,0,11,37,258.24,1.0000,0.0642,0.003729,4.464
589927,520,411,931,220,48,193,335.63,0.9043,0.5695,0.211821,22,31,16,133.53,0.4258,0.1226,0.011879,4.231
589931,520,433,953,245,3,18,28.14,0.9988,0.5477,0.195248,27,18,32,313.06,0.3420,0.0997,0.007699,4.250
589935,520,458,978,219,57,53,26.87,0.9049,0.5255,0.182460,10,10,15,285.01,0.1728,0.0571,0.003161,4.373
589947,520,370,890,225,55,242,323.91,0.9551,0.6146,0.251529,8,49,1,140.48,0.9957,0.1714,0.022504,4.159
589953,520,471,991,218,54,65,22.62,0.8929,0.5224,0.179280,8,2,25,293.30,0.8090,0.0425,0.001652,4.439
589964,520,475,995,187,28,216,320.34,0.9512,0.5158,0.163545,8,0,9,325.55,1.0000,0.0275,0.000714,4.211
589974,520,387,907,218,20,249,321.06,0.9902,0.5899,0.222473,65,11,15,21.62,0.8225,0.1476,0.013978,4.259
589981,520,398,918,202,99,148,352.04,0.6040,0.5781,0.236200,37,27,51,302.33,0.4132,0.1430,0.014162,4.461
589987,520,380,900,235,17,218,332.42,0.9893,0.5967,0.231277,34,7,101,283.28,0.9574,0.1572,0.014316,4.373
589992,520,203,723,254,146,235,333.83,0.9932,0.7699,0.476291,36,80,91,216.37,0.5394,0.3135,0.068675,4.435
590010,520,465,985,193,33,211,323.27,0.9362,0.5247,0.171298,12,6,6,18.84,0.2317,0.0470,0.002216,4.238
590043,520,426,946,235,31,137,356.78,0.9444,0.5600,0.204513,10,27,41,245.41,0.5310,0.1129,0.010085,4.236
590083,520,398,918,242,23,164,349.15,0.9732,0.5819,0.221735,49,10,68,311.70,0.8034,0.1444,0.012875,4.322
590088,520,389,909,248,51,98,13.85,0.9496,0.5862,0.232094,47,19,62,311.97,0.6618,0.1486,0.014179,4.395
590091,520,469,989,216,28,133,354.03,0.9193,0.5193,0.171254,4,0,32,278.97,1.0000,0.0391,0.001301,4.313
590106,520,347,867,249,13,225,333.86,0.9952,0.6254,0.258669,50,16,109,291.31,0.8873,0.1940,0.021528,4.315
590110,520,442,962,165,83,221,308.83,0.7957,0.5401,0.194069,27,9,26,329.29,0.5291,0.0793,0.005030,4.435
590119,520,428,948,245,37,15,30.35,0.9886,0.5597,0.207736,12,16,57,272.80,0.7977,0.1000,0.007441,4.487
590126,520,288,808,246,88,243,328.60,0.9655,0.6798,0.330459,44,59,44,144.80,0.2941,0.2350,0.038452,4.301
590133,520,453,973,178,87,168,331.61,0.6288,0.5310,0.191097,0,17,15,186.08,1.0000,0.0661,0.004354,4.436
590134,520,375,895,197,75,250,313.52,0.9648,0.5960,0.238058,55,19,61,321.72,0.6630,0.1603,0.016150,4.355
590137,520,451,971,193,14,236,317.47,0.9880,0.5366,0.177091,6,2,55,272.77,0.9813,0.0693,0.003579,4.238
590157,520,281,801,247,116,177,353.04,0.8673,0.6864,0.354420,50,58,78,267.58,0.2591,0.2523,0.042542,4.370
590166,520,421,941,227,72,65,26.92,0.8736,0.5595,0.213500,35,15,43,315.46,0.5764,0.1108,0.008734,4.486
590188,520,261,781,255,139,81,45.81,1.0000,0.7134,0.403223,34,74,3,135.74,0.9896,0.2694,0.052441,4.424
590209,520,218,738,255,132,235,333.68,1.0000,0.7483,0.437632,1,84,39,151.65,0.9977,0.2975,0.064933,4.243
590222,520,408,928,203,56,226,321.81,0.9118,0.5686,0.210175,57,9,29,359.70,0.7416,0.1329,0.011541,4.228
590226,520,374,894,218,71,209,330.48,0.8678,0.5963,0.240174,38,32,56,294.62,0.3785,0.1591,0.017306,4.311
590237,520,444,964,226,46,114,4.45,0.8859,0.5434,0.193404,29,0,41,314.37,1.0000,0.0764,0.004213,4.490
590252,520,402,922,222,68,177,341.80,0.8302,0.5822,0.228405,25,32,21,134.38,0.2892,0.1295,0.012938,4.423
590257,520,476,996,195,20,197,327.74,0.9573,0.5120,0.161353,7,0,1,9.43,1.0000,0.0219,0.000474,4.187
590258,520,409,929,236,44,138,357.37,0.9130,0.5699,0.214722,28,29,35,277.97,0.1220,0.1292,0.012469,4.238
590265,520,457,977,218,2,157,345.68,0.9953,0.5262,0.173856,15,9,26,298.56,0.4830,0.0649,0.003715,4.167
590271,520,210,730,250,154,176,5.26,0.8341,0.7558,0.465722,49,78,76,190.36,0.3204,0.3084,0.066234,4.437
590272,520,449,969,237,7,65,19.49,0.9945,0.5362,0.185414,33,2,21,346.14,0.7917,0.0738,0.004209,4.343
590280,520,324,844,220,87,253,319.02,0.9873,0.6455,0.291256,29,50,80,257.38,0.5113,0.2148,0.031215,4.202
590300,520,37,557,229,248,213,130.68,0.7040,0.9487,0.885965,1,130,4,142.65,0.9996,0.4507,0.159798,4.461
590312,520,347,867,218,105,185,339.82,0.7069,0.6283,0.285133,16,52,40,168.10,0.7057,0.1929,0.027192,4.342
590333,520,380,900,247,16,190,342.50,0.9889,0.6022,0.238657,68,2,51,341.79,0.8932,0.1586,0.015116,4.433
590343,520,470,990,233,7,9,28.89,0.9965,0.5222,0.174985,3,0,35,274.34,1.0000,0.0409,0.001407,4.377
590351,520,318,838,255,48,240,331.64,1.0000,0.6588,0.296683,67,48,3,83.43,0.9232,0.2227,0.033139,4.170
590376,520,475,995,227,16,62,19.85,0.9837,0.5166,0.170522,6,1,12,308.83,0.7485,0.0297,0.000870,4.335
590381,520,453,973,210,65,106,7.69,0.7784,0.5284,0.185251,34,0,18,351.06,1.0000,0.0706,0.003838,4.370
590399,520,379,899,217,74,218,327.58,0.8774,0.6034,0.247132,71,10,24,13.28,0.8141,0.1615,0.016229,4.486
590404,520,375,895,255,35,118,6.84,1.0000,0.5954,0.237738,35,30,65,287.67,0.5167,0.1573,0.016675,4.316
590408,520,347,867,249,88,104,18.33,0.9338,0.6275,0.281219,56,40,22,68.68,0.4434,0.1887,0.024163,4.466
590414,520,390,910,254,49,21,31.04,0.9959,0.5864,0.233254,69,6,8,25.50,0.9306,0.1497,0.014132,4.417
590428,520,441,961,229,20,133,356.51,0.9626,0.5419,0.188546,19,14,37,291.24,0.5205,0.0855,0.005861,4.270
590440,520,454,974,202,28,202,328.25,0.9456,0.5313,0.176531,25,4,25,327.74,0.6910,0.0668,0.003637,4.223
590454,520,336,856,223,89,228,326.27,0.8810,0.6365,0.284361,25,55,21,141.41,0.8343,0.2025,0.029931,4.183
590455,520,471,991,187,55,199,324.32,0.8425,0.5229,0.174221,5,3,14,292.62,0.5585,0.0354,0.001291,4.372
590469,520,479,999,187,12,219,319.81,0.9839,0.5122,0.159436,1,0,3,302.89,1.0000,0.0124,0.000130,4.178
590470,520,294,814,231,121,196,340.67,0.7629,0.6783,0.346513,20,67,33,149.46,0.8964,0.2428,0.042727,4.276
590481,520,456,976,233,8,83,13.83,0.9911,0.5314,0.181249,5,13,12,186.95,0.3382,0.0587,0.003466,4.325
590482,520,426,946,244,38,15,30.46,0.9883,0.5582,0.206573,27,6,66,290.64,0.8896,0.1070,0.007566,4.457
590484,520,434,954,238,36,78,17.59,0.9554,0.5516,0.199922,12,22,41,262.28,0.5022,0.1008,0.008120,4.300
590488,520,457,977,185,67,197,323.92,0.7961,0.5312,0.183611,16,8,21,311.71,0.4272,0.0613,0.003380,4.376
590506,520,418,938,236,53,81,18.50,0.9165,0.5603,0.209763,32,28,3,100.73,0.8137,0.1218,0.011442,4.228
590511,520,476,996,221,18,70,17.02,0.9753,0.5059,0.162497,1,2,3,240.75,0.2913,0.0220,0.000564,4.203
590535,520,448,968,233,14,108,5.71,0.9802,0.5395,0.187235,11,3,63,275.72,0.9717,0.0841,0.004951,4.317
590537,520,362,882,247,73,125,7.19,0.9157,0.6117,0.260232,29,18,117,275.28,0.9482,0.1849,0.019781,4.446
590548,520,474,994,187,0,237,315.71,1.0000,0.5245,0.166805,3,1,24,279.46,0.9313,0.0339,0.001070,4.245
590550,520,224,744,250,160,73,61.57,0.9237,0.7457,0.459492,9,85,41,151.48,0.9782,0.3028,0.067149,4.349
590582,520,402,922,255,33,7,30.39,1.0000,0.5782,0.223669,25,31,41,260.55,0.2262,0.1347,0.013467,4.312
590618,520,419,939,246,18,82,15.97,0.9859,0.5611,0.206381,36,0,62,304.95,1.0000,0.1065,0.007229,4.480
590625,520,294,814,242,124,129,18.73,0.7976,0.6762,0.348802,32,63,47,159.94,0.5151,0.2396,0.040672,4.398
590642,520,298,818,249,85,219,335.95,0.9640,0.6677,0.317541,8,62,44,165.23,0.9237,0.2250,0.036786,4.235
590654,520,361,881,226,66,237,325.18,0.9365,0.6220,0.261818,68,28,10,43.05,0.7408,0.1792,0.020816,4.403
590656,520,406,926,209,51,231,322.38,0.9352,0.5778,0.216943,54,12,9,27.82,0.7847,0.1251,0.010671,4.400
590660,520,478,998,202,35,168,338.47,0.8846,0.5136,0.165877,0,0,17,264.05,1.0000,0.0212,0.000405,4.283
590663,520,439,959,235,45,87,15.37,0.9271,0.5532,0.202301,20,21,12,113.20,0.2763,0.0916,0.007116,4.417
590667,520,411,931,217,26,226,326.05,0.9762,0.5733,0.209836,6,32,35,205.67,0.6840,0.1223,0.011930,4.196
590701,520,388,908,235,75,106,13.30,0.8444,0.5865,0.237378,19,32,66,266.04,0.6149,0.1493,0.015648,4.378
590705,520,401,921,199,63,243,316.30,0.9373,0.5812,0.221696,8,38,18,151.39,0.8790,0.1365,0.014815,4.192
590708,520,320,840,244,54,253,326.07,0.9933,0.6525,0.289659,49,50,12,110.73,0.7365,0.2060,0.029607,4.267
590709,520,445,965,208,53,164,341.96,0.8278,0.5361,0.186385,17,9,45,287.54,0.7387,0.0806,0.005040,4.295
590727,520,462,982,181,52,229,314.62,0.9087,0.5329,0.179380,22,3,0,41.31,1.0000,0.0505,0.002357,4.381
590763,520,271,791,238,118,227,330.89,0.9009,0.6985,0.366822,0,65,93,235.02,1.0000,0.2572,0.045707,4.355
590765,520,399,919,244,38,142,357.19,0.9440,0.5833,0.225756,15,20,90,270.49,0.9250,0.1448,0.013400,4.349
590776,520,461,981,190,39,223,319.24,0.9351,0.5324,0.177273,1,8,26,258.26,0.8389,0.0507,0.002547,4.325
590779,520,470,990,213,52,92,11.78,0.8471,0.5165,0.173772,8,2,19,300.97,0.7349,0.0386,0.001421,4.352
590805,520,417,937,204,19,253,316.63,0.9914,0.5699,0.203965,49,4,39,338.70,0.7971,0.1158,0.008864,4.314
590806,520,452,972,199,66,163,340.32,0.7629,0.5332,0.186847,15,11,24,297.41,0.3752,0.0677,0.004069,4.380
590815,520,319,839,255,10,255,328.35,1.0000,0.6549,0.287002,1,45,115,260.03,0.9897,0.2206,0.031208,4.150
590816,520,406,926,235,43,168,346.94,0.9235,0.5802,0.222199,28,29,39,280.33,0.1955,0.1311,0.012721,4.340
590840,520,310,830,247,84,207,339.03,0.9433,0.6571,0.306227,27,52,78,250.85,0.5197,0.2179,0.032389,4.324
590843,520,372,892,214,90,210,328.88,0.8109,0.6134,0.262634,30,35,77,275.12,0.5917,0.1739,0.020138,4.457
590848,520,307,827,231,111,221,330.64,0.8584,0.6747,0.335803,23,62,53,175.82,0.6284,0.2336,0.038843,4.343
590854,520,322,842,242,62,246,327.12,0.9703,0.6504,0.289789,31,41,96,271.65,0.6858,0.2055,0.027216,4.400
590861,520,331,851,254,76,173,351.33,0.9878,0.6447,0.292602,8,58,8,142.87,0.9809,0.2037,0.030951,4.232
590863,520,439,959,226,17,158,347.41,0.9691,0.5460,0.190410,2,17,51,261.25,0.9126,0.0904,0.006528,4.253
590864,520,422,942,222,61,154,349.71,0.8288,0.5642,0.212026,19,25,31,248.54,0.1933,0.1082,0.009326,4.417
590884,520,399,919,253,6,97,11.91,0.9960,0.5763,0.218797,4,0,110,265.71,1.0000,0.1418,0.011515,4.370
590895,520,350,870,194,109,240,312.23,0.8547,0.6316,0.286988,34,49,0,125.89,1.0000,0.1866,0.025367,4.471
590896,520,418,938,249,11,66,20.29,0.9938,0.5627,0.207761,15,30,32,206.51,0.3451,0.1198,0.011344,4.202
590911,520,473,993,167,79,198,316.33,0.7339,0.5206,0.178855,7,1,15,306.78,0.7865,0.0325,0.001014,4.486
590923,520,445,965,170,76,221,311.37,0.8177,0.5371,0.189362,15,7,53,282.12,0.8589,0.0828,0.005105,4.344
590924,520,353,873,240,76,164,351.47,0.8657,0.6163,0.263774,40,40,51,285.04,0.1715,0.1790,0.022077,4.353
590927,520,445,965,214,50,149,348.85,0.8405,0.5372,0.187496,12,18,11,141.06,0.2883,0.0764,0.005349,4.291
590936,520,368,888,240,95,29,40.93,0.9562,0.6106,0.268014,22,44,48,210.45,0.4011,0.1739,0.021853,4.426
590953,520,456,976,221,52,95,11.71,0.8669,0.5330,0.186570,0,0,55,264.05,1.0000,0.0606,0.002758,4.484
590964,520,357,877,240,22,236,329.23,0.9905,0.6187,0.251579,14,40,82,259.64,0.7592,0.1808,0.022200,4.177
590977,520,391,911,234,31,206,335.32,0.9690,0.5923,0.229313,62,18,18,23.38,0.6913,0.1516,0.015006,4.297
590983,520,407,927,162,95,235,302.98,0.8261,0.5651,0.218644,31,28,29,355.21,0.0543,0.1272,0.012105,4.326
591011,520,366,886,208,92,215,325.34,0.8050,0.6100,0.259721,2,47,45,190.24,0.9472,0.1733,0.022353,4.281
591020,520,431,951,230,34,137,355.91,0.9275,0.5517,0.197760,8,3,80,269.95,0.9900,0.1040,0.006959,4.350
591035,520,449,969,240,21,40,25.89,0.9872,0.5431,0.192182,23,13,3,69.96,0.6119,0.0736,0.004766,4.422
591051,520,356,876,234,66,218,332.23,0.9230,0.6232,0.264533,19,39,84,263.78,0.7215,0.1824,0.022295,4.351
591061,520,473,993,208,11,180,336.12,0.9762,0.5219,0.169466,6,0,19,299.15,1.0000,0.0308,0.000857,4.315
591069,520,405,925,220,6,240,323.64,0.9969,0.5833,0.216393,23,20,75,278.28,0.7996,0.1338,0.011904,4.303
591072,520,442,962,206,77,124,0.90,0.7100,0.5423,0.198868,15,21,3,123.89,0.7493,0.0849,0.006445,4.409
591074,520,397,917,226,27,218,330.27,0.9753,0.5839,0.220170,44,27,15,55.53,0.4455,0.1375,0.013539,4.252
591079,520,444,964,227,40,114,4.06,0.9069,0.5411,0.190662,5,22,18,176.66,0.6027,0.0848,0.006497,4.260
591095,520,406,926,255,28,6,30.07,1.0000,0.5758,0.221075,24,14,81,279.77,0.8871,0.1313,0.011023,4.442
591097,520,397,917,198,74,230,318.64,0.8753,0.5819,0.226179,5,36,48,227.94,0.7754,0.1410,0.015073,4.244
591101,520,49,569,248,245,81,108.33,0.9771,0.9352,0.858561,45,124,52,144.87,0.9253,0.4446,0.152206,4.493
591109,520,289,809,255,118,114,23.82,1.0000,0.6832,0.354350,31,67,8,136.33,0.9658,0.2446,0.043230,4.337
591124,520,434,954,236,29,89,13.32,0.9610,0.5461,0.194360,41,5,30,342.34,0.7407,0.0974,0.006738,4.307
591131,520,412,932,212,62,190,334.55,0.8436,0.5659,0.211620,21,32,3,127.23,0.8884,0.1223,0.011990,4.220
591137,520,297,817,243,126,107,30.61,0.8442,0.6761,0.350407,46,61,35,132.83,0.4467,0.2404,0.040396,4.429
591150,520,344,864,248,51,201,340.16,0.9575,0.6260,0.265443,2,37,108,261.84,0.9798,0.1947,0.024186,4.252
591165,520,423,943,243,39,36,28.09,0.9718,0.5579,0.206365,16,27,30,216.56,0.2629,0.1109,0.009877,4.282
591185,520,471,991,223,15,96,8.31,0.9737,0.5154,0.168769,9,6,1,89.80,0.6601,0.0423,0.001905,4.215
591194,520,474,994,147,82,226,300.83,0.8150,0.5192,0.177289,4,2,12,293.93,0.6191,0.0304,0.000958,4.460
591195,520,480,1000,195,63,139,348.88,0.7437,0.5110,0.170230,0,0,0,0.00,0.0000,0.0000,0.000000,4.405
591226,520,416,936,253,13,27,27.66,0.9952,0.5675,0.212534,16,11,77,274.86,0.9321,0.1160,0.008853,4.461
591228,520,476,996,196,43,169,336.58,0.8457,0.5088,0.163299,4,1,1,21.00,0.4725,0.0215,0.000497,4.224
591236,520,463,983,229,34,34,27.74,0.9700,0.5255,0.179206,13,6,1,71.06,0.6901,0.0463,0.002180,4.393
591242,520,282,802,247,90,248,327.55,0.9744,0.6865,0.338664,43,30,150,276.27,0.9303,0.2532,0.036440,4.496
591243,520,415,935,251,25,3,30.08,0.9980,0.5661,0.212148,15,16,78,272.74,0.9092,0.1241,0.010221,4.353
591245,520,433,953,206,26,216,325.67,0.9648,0.5472,0.188203,1,29,0,141.76,1.0000,0.0996,0.008851,4.048
591246,520,437,957,189,74,203,323.21,0.7922,0.5499,0.200295,4,14,55,266.09,0.9024,0.0892,0.006157,4.457
591253,520,419,939,168,80,253,303.21,0.9798,0.5649,0.211545,46,5,41,333.49,0.7775,0.1128,0.008496,4.471
591256,520,425,945,168,82,238,306.10,0.8741,0.5555,0.205331,48,8,22,3.16,0.7138,0.1113,0.008601,4.357
591266,520,343,863,247,47,218,335.27,0.9656,0.6311,0.268721,75,24,36,8.85,0.6337,0.1914,0.022767,4.380
591271,520,420,940,233,66,25,34.10,0.9655,0.5600,0.212933,30,8,66,293.35,0.8521,0.1133,0.008430,4.500
591283,520,371,891,237,34,228,330.41,0.9776,0.6128,0.247527,27,39,57,258.29,0.3618,0.1676,0.019794,4.263
591288,520,458,978,134,92,236,292.38,0.8409,0.5286,0.187787,13,10,17,304.15,0.2368,0.0606,0.003431,4.450
591316,520,458,978,177,82,177,327.46,0.6749,0.5266,0.185571,23,3,19,335.57,0.6913,0.0588,0.002943,4.450
591343,520,428,948,206,24,229,322.49,0.9762,0.5559,0.194340,13,14,58,274.86,0.8229,0.0979,0.007051,4.283
591345,520,323,843,250,108,6,45.90,0.9946,0.6470,0.310655,56,49,20,96.01,0.5640,0.2126,0.030879,4.459
591379,520,405,925,255,3,82,16.37,1.0000,0.5766,0.219382,35,30,12,94.26,0.4911,0.1324,0.013124,4.267
591384,520,374,894,234,21,226,330.22,0.9876,0.6012,0.235223,25,16,105,275.12,0.9445,0.1639,0.015971,4.323
591392,520,38,558,240,251,136,113.54,0.9438,0.9489,0.892974,9,130,4,142.33,0.9979,0.4515,0.160314,4.484
591404,520,285,805,237,123,203,339.76,0.8221,0.6934,0.364845,69,56,45,62.05,0.2176,0.2539,0.042831,4.469
591406,520,364,884,235,89,120,10.64,0.8068,0.6081,0.261658,58,34,9,63.46,0.7041,0.1748,0.020634,4.412
591411,520,463,983,235,1,43,24.29,0.9994,0.5275,0.178615,5,12,6,149.11,0.4297,0.0545,0.003084,4.307
591419,520,441,961,234,32,78,16.85,0.9579,0.5411,0.190786,36,8,14,9.71,0.6192,0.0868,0.005805,4.315
591420,520,322,842,237,74,235,328.46,0.9371,0.6460,0.289027,1,58,46,173.56,0.9875,0.2102,0.032297,4.120
591421,520,448,968,192,39,231,317.89,0.9463,0.5419,0.184284,9,13,49,272.41,0.7929,0.0849,0.005677,4.208
591427,520,340,860,248,104,20,43.90,0.9790,0.6378,0.299108,0,57,39,165.15,1.0000,0.2041,0.030726,4.325
591429,520,352,872,203,112,192,331.70,0.6405,0.6213,0.280920,48,45,31,97.45,0.2579,0.1940,0.026041,4.352
591432,520,407,927,202,87,172,338.80,0.6985,0.5702,0.223532,57,4,36,349.12,0.8145,0.1300,0.010842,4.496
591441,520,452,972,232,36,31,28.47,0.9701,0.5327,0.185196,19,11,16,341.22,0.2468,0.0684,0.004152,4.343
591443,520,452,972,221,45,91,12.26,0.8926,0.5260,0.180069,11,11,28,281.64,0.4745,0.0665,0.003943,4.265
591449,520,257,777,242,112,254,324.19,0.9948,0.7103,0.376235,11,65,110,249.37,0.8410,0.2718,0.049773,4.272
591454,520,401,921,212,103,29,48.93,0.8957,0.5752,0.237884,4,33,64,253.01,0.8364,0.1429,0.014836,4.440
591462,520,461,981,159,64,251,302.01,0.9712,0.5321,0.180032,5,4,32,277.26,0.8411,0.0497,0.002234,4.404
591477,520,333,853,242,61,232,330.54,0.9547,0.6408,0.280436,89,16,13,27.80,0.8972,0.2047,0.025239,4.392
591478,520,413,933,219,19,221,327.82,0.9834,0.5708,0.207485,41,2,62,309.62,0.9296,0.1168,0.008627,4.392
591481,520,405,925,246,50,102,12.18,0.9361,0.5825,0.228367,53,16,29,0.97,0.5998,0.1347,0.012163,4.478
591495,520,415,935,239,42,117,5.20,0.9273,0.5672,0.212942,24,29,23,140.44,0.1694,0.1205,0.011348,4.286
591508,520,273,793,246,117,201,342.75,0.9000,0.6963,0.365350,98,42,17,42.69,0.7647,0.2624,0.042935,4.469
591517,520,332,852,249,80,173,350.59,0.9340,0.6402,0.288973,49,35,91,291.15,0.6341,0.2046,0.026103,4.454
591526,520,477,997,184,10,217,319.46,0.9855,0.5050,0.154185,1,1,8,277.00,0.7555,0.0209,0.000457,4.047
591546,520,466,986,200,65,124,357.31,0.7429,0.5162,0.175171,9,2,29,291.66,0.8441,0.0464,0.001902,4.338
591547,520,462,982,190,70,172,334.12,0.7421,0.5277,0.183075,12,5,9,342.02,0.3223,0.0456,0.002064,4.477
591550,520,418,938,205,77,171,339.60,0.7459,0.5609,0.212290,38,19,32,339.67,0.3993,0.1165,0.009821,4.385
591557,520,473,993,232,3,60,20.27,0.9974,0.5237,0.175503,9,0,8,331.18,1.0000,0.0283,0.000756,4.443
591558,520,471,991,92,99,251,275.11,0.9716,0.5169,0.181633,12,1,21,310.10,0.8325,0.0414,0.001540,4.494
591584,520,453,973,225,12,117,1.08,0.9773,0.5254,0.175576,12,12,24,283.21,0.3496,0.0671,0.004071,4.172
591606,520,469,989,174,54,220,314.47,0.8815,0.5168,0.168053,11,5,5,19.09,0.2628,0.0432,0.001907,4.201
591609,520,416,936,222,61,161,347.12,0.8341,0.5674,0.214427,17,17,72,274.83,0.8584,0.1205,0.009879,4.416
591619,520,436,956,181,54,250,309.82,0.9706,0.5519,0.193652,6,6,63,270.29,0.9643,0.0856,0.005278,4.408
591621,520,399,919,254,17,102,10.85,0.9931,0.5820,0.224348,11,39,7,141.12,0.9421,0.1392,0.015375,4.197
591632,520,435,955,204,59,193,331.28,0.8424,0.5512,0.198174,6,11,63,269.08,0.9358,0.0935,0.006369,4.403
591633,520,317,837,234,109,182,346.39,0.7825,0.6576,0.318095,53,50,47,67.58,0.0567,0.2189,0.032433,4.465
591659,520,477,997,196,13,198,327.77,0.9748,0.5122,0.161025,3,0,14,293.16,1.0000,0.0236,0.000511,4.178
591669,520,423,943,204,65,196,330.34,0.8296,0.5591,0.206053,47,1,44,331.24,0.9084,0.1112,0.008080,4.409
591672,520,476,996,226,24,25,28.18,0.9824,0.5132,0.168951,1,1,11,275.11,0.8474,0.0225,0.000523,4.334
591677,520,455,975,235,5,7,28.95,0.9976,0.5261,0.177893,4,3,44,272.11,0.9581,0.0577,0.002728,4.322
591688,520,463,983,183,60,217,317.88,0.8637,0.5343,0.183099,13,1,34,295.92,0.9238,0.0520,0.002228,4.463
591730,520,315,835,247,98,172,352.43,0.8925,0.6584,0.314910,61,49,20,87.05,0.5765,0.2190,0.032393,4.429
591734,520,455,975,216,38,141,351.60,0.8846,0.5284,0.179107,1,3,50,265.92,0.9828,0.0615,0.003018,4.321
591739,520,385,905,255,38,109,9.93,1.0000,0.5945,0.237541,60,13,49,338.57,0.7124,0.1531,0.014704,4.444
591747,520,448,968,155,77,247,300.23,0.9335,0.5394,0.189920,4,8,60,268.15,0.9555,0.0841,0.005257,4.342
591748,520,471,991,211,15,157,344.13,0.9601,0.5156,0.166271,8,1,21,300.22,0.8488,0.0372,0.001275,4.218
591761,520,362,882,248,60,148,357.43,0.9335,0.6088,0.253296,28,3,123,274.91,0.9935,0.1778,0.017420,4.499
591764,520,412,932,240,9,161,349.43,0.9900,0.5729,0.212970,52,1,48,331.95,0.9186,0.1235,0.009653,4.408
591765,520,436,956,228,58,74,21.02,0.8942,0.5477,0.200173,33,14,19,3.74,0.4097,0.0939,0.006845,4.401
591766,520,406,926,216,34,235,323.56,0.9705,0.5816,0.217431,32,30,25,88.79,0.1165,0.1322,0.013058,4.241
591775,520,443,963,203,87,57,35.56,0.7787,0.5355,0.198103,24,16,0,87.72,1.0000,0.0808,0.005648,4.458
591776,520,466,986,171,89,153,336.03,0.5638,0.5161,0.181036,2,6,36,267.06,0.9081,0.0548,0.002705,4.384
591779,520,412,932,213,56,209,329.15,0.8955,0.5736,0.215799,43,22,0,66.02,1.0000,0.1218,0.010875,4.366
591792,520,412,932,213,79,153,349.52,0.7389,0.5685,0.220401,11,30,44,242.69,0.5419,0.1237,0.011815,4.374
591819,520,458,978,146,82,237,298.28,0.8660,0.5270,0.182602,10,7,33,283.89,0.6854,0.0611,0.003263,4.367
591842,520,370,890,230,52,230,328.13,0.9523,0.6126,0.249945,29,27,89,277.76,0.7825,0.1666,0.017663,4.433
591871,520,382,902,206,81,223,322.71,0.8533,0.5976,0.243360,64,22,29,12.43,0.5938,0.1649,0.017527,4.344
591896,520,172,692,213,182,255,303.62,1.0000,0.8000,0.548224,73,88,14,120.96,0.8951,0.3448,0.084276,4.455
591901,520,445,965,238,5,47,23.77,0.9969,0.5353,0.184942,6,19,32,249.11,0.5480,0.0837,0.006087,4.189
591902,520,390,910,214,69,206,330.23,0.8585,0.5858,0.230106,62,15,14,25.28,0.7630,0.1463,0.013977,4.378
591903,520,426,946,176,83,224,312.18,0.8145,0.5572,0.207993,31,1,73,292.74,0.9816,0.1129,0.007941,4.453
591908,520,376,896,234,25,223,330.94,0.9832,0.6006,0.235180,48,16,76,304.31,0.7738,0.1573,0.015208,4.373
591916,520,378,898,224,17,247,322.99,0.9925,0.5976,0.229658,60,25,34,5.33,0.5000,0.1647,0.017715,4.130
591928,520,415,935,249,30,52,24.49,0.9808,0.5672,0.213198,21,25,42,273.18,0.3586,0.1159,0.010218,4.371
591942,520,347,867,239,43,239,328.21,0.9751,0.6280,0.263131,85,6,19,19.89,0.9325,0.1877,0.021089,4.405
591943,520,415,935,212,41,222,325.59,0.9458,0.5695,0.208588,5,26,53,255.57,0.7695,0.1158,0.010280,4.290
591959,520,348,868,247,38,223,333.96,0.9772,0.6291,0.264911,4,8,138,265.15,0.9949,0.1920,0.020343,4.477
591961,520,418,938,182,73,234,312.57,0.8795,0.5601,0.206517,5,6,93,266.88,0.9892,0.1242,0.009527,4.309
591981,520,390,910,229,46,198,336.43,0.9300,0.5870,0.226918,30,39,1,122.07,0.9667,0.1516,0.017292,4.115
591995,520,339,859,254,76,159,356.23,0.9863,0.6391,0.287463,69,38,11,58.09,0.7200,0.2022,0.026758,4.396
591996,520,422,942,237,41,108,7.97,0.9286,0.5599,0.206762,22,27,10,122.55,0.5003,0.1096,0.009763,4.296
591997,520,433,953,131,97,251,288.31,0.9507,0.5467,0.203395,0,12,68,263.52,1.0011,0.0971,0.006802,4.461
592001,520,450,970,190,49,223,318.95,0.9111,0.5397,0.184728,19,13,12,29.21,0.1620,0.0712,0.004528,4.305
592005,520,464,984,212,39,145,349.22,0.8730,0.5232,0.174947,7,8,19,278.11,0.3892,0.0520,0.002658,4.272
592006,520,378,898,248,68,104,14.20,0.9379,0.6027,0.250936,11,37,73,257.40,0.7515,0.1640,0.018752,4.377
592019,520,460,980,216,59,98,10.95,0.8257,0.5309,0.186111,11,12,10,128.82,0.0776,0.0606,0.003560,4.408
592022,520,431,951,215,5,200,332.25,0.9932,0.5462,0.187279,1,26,38,231.65,0.9058,0.1033,0.008851,4.032
592027,520,471,991,188,65,182,329.83,0.7762,0.5242,0.178508,0,1,32,264.20,0.9897,0.0374,0.001260,4.458
592043,520,327,847,208,132,149,5.30,0.4810,0.6476,0.320839,18,58,40,161.01,0.7599,0.2136,0.033078,4.464
592062,520,418,938,241,39,76,18.75,0.9550,0.5591,0.206769,44,2,62,312.61,0.9253,0.1217,0.009267,4.332
592069,520,447,967,211,53,169,341.03,0.8399,0.5442,0.192618,5,7,55,270.04,0.9440,0.0776,0.004600,4.444
592070,520,377,897,225,79,178,342.83,0.8073,0.6002,0.248162,60,13,65,323.74,0.7579,0.1637,0.016303,4.497
592073,520,394,914,214,76,193,334.35,0.8116,0.5861,0.233173,8,40,19,151.53,0.8930,0.1434,0.016162,4.280
592081,520,431,951,193,99,90,26.89,0.5873,0.5455,0.210009,8,24,27,211.02,0.4623,0.0959,0.007840,4.495
592084,520,423,943,250,21,45,25.30,0.9894,0.5649,0.210535,5,30,4,142.31,0.9574,0.1059,0.009695,4.364
592088,520,433,953,185,68,220,317.36,0.8505,0.5483,0.196170,22,6,68,284.29,0.9154,0.1039,0.007182,4.305
592092,520,356,876,232,91,170,348.77,0.7953,0.6235,0.275428,29,47,11,131.87,0.8250,0.1774,0.023184,4.447
592095,520,412,932,225,85,58,32.90,0.8590,0.5719,0.228127,2,34,27,175.30,0.9283,0.1233,0.012360,4.460
592119,520,454,974,151,83,236,300.21,0.8583,0.5338,0.188222,0,6,49,263.63,1.0014,0.0655,0.003520,4.451
592137,520,397,917,244,28,146,355.43,0.9640,0.5800,0.221422,32,24,59,291.23,0.5600,0.1362,0.012761,4.325
592144,520,412,932,245,4,127,1.17,0.9959,0.5682,0.210350,3,25,58,257.72,0.8718,0.1163,0.010200,4.325
592157,520,0,520,255,255,255,0.00,0.0000,1.0000,1.000000,13,137,81,155.94,0.9831,0.4845,0.185701,4.455
592174,520,345,865,239,65,210,335.72,0.9234,0.6261,0.267872,40,13,119,282.02,0.9475,0.1917,0.020708,4.496
592178,520,457,977,194,3,223,320.87,0.9965,0.5252,0.168637,29,1,18,345.76,0.8279,0.0637,0.003266,4.105
592271,520,1,521,255,255,255,0.00,0.0000,1.0000,1.000000,7,139,2,142.34,0.9991,0.4811,0.185140,4.465
592275,520,329,849,236,74,246,325.45,0.9650,0.6513,0.293866,23,47,84,258.81,0.6267,0.2058,0.028552,4.378
592295,520,474,994,148,66,250,298.35,0.9642,0.5194,0.170947,3,2,8,292.37,0.5024,0.0273,0.000803,4.349
592299,520,356,876,238,98,112,16.98,0.8203,0.6238,0.280852,20,46,57,227.83,0.5033,0.1835,0.023980,4.472
592304,520,462,982,171,67,219,312.93,0.8396,0.5256,0.177876,19,1,28,313.88,0.8682,0.0544,0.002440,4.345
592308,520,473,993,228,29,51,23.71,0.9701,0.5224,0.176147,0,2,25,263.55,1.0011,0.0340,0.001136,4.422
592309,520,442,962,228,12,133,356.08,0.9785,0.5375,0.184532,15,1,56,283.49,0.9795,0.0758,0.004088,4.336
592315,520,443,963,210,22,200,330.96,0.9640,0.5416,0.184476,20,8,44,293.67,0.7388,0.0811,0.005042,4.260
592318,520,327,847,249,83,184,346.99,0.9391,0.6483,0.297900,9,60,13,143.97,0.9770,0.2116,0.033187,4.182
592321,520,404,924,248,22,117,5.43,0.9779,0.5755,0.218181,27,32,30,169.59,0.0975,0.1344,0.013598,4.217
592337,520,380,900,208,74,237,319.92,0.9102,0.6018,0.244235,49,18,71,307.89,0.7262,0.1572,0.015406,4.499
592338,520,352,872,250,36,200,340.63,0.9725,0.6204,0.257591,59,28,67,319.09,0.5721,0.1859,0.021657,4.293
592345,520,385,905,243,63,102,13.55,0.9092,0.5878,0.235722,23,39,15,136.09,0.6517,0.1478,0.016677,4.285
592360,520,416,936,244,35,100,11.18,0.9560,0.5683,0.213586,17,27,40,255.30,0.3598,0.1167,0.010562,4.352
592363,520,296,816,245,93,229,332.13,0.9497,0.6760,0.329009,53,60,10,117.31,0.8395,0.2400,0.040105,4.206
592382,520,375,895,217,48,252,319.71,0.9865,0.6040,0.238958,45,25,64,305.61,0.5815,0.1580,0.016233,4.363
592384,520,445,965,201,27,220,323.30,0.9634,0.5420,0.183704,24,15,19,350.53,0.2245,0.0837,0.005829,4.186
592399,520,388,908,182,111,182,326.95,0.5501,0.5857,0.246923,30,37,33,160.35,0.1393,0.1527,0.017089,4.426
592410,520,479,999,219,4,105,4.03,0.9912,0.5070,0.161695,3,0,0,29.23,1.0000,0.0143,0.000194,4.218
592415,520,321,841,242,98,161,355.84,0.8375,0.6459,0.301886,8,50,87,250.14,0.8224,0.2105,0.030208,4.387
592424,520,330,850,248,84,169,352.19,0.9183,0.6413,0.291648,2,29,137,264.28,0.9732,0.2145,0.026976,4.438
592435,520,344,864,250,64,175,348.98,0.9542,0.6270,0.270892,61,37,1,72.04,0.9563,0.1857,0.023176,4.385
592447,520,400,920,165,102,240,302.08,0.8406,0.5840,0.237937,12,39,28,164.12,0.6650,0.1444,0.016130,4.354
592465,520,418,938,201,70,192,330.68,0.8001,0.5573,0.206053,37,8,63,303.05,0.8228,0.1195,0.009259,4.321
592484,520,467,987,147,87,213,302.96,0.7453,0.5171,0.178239,2,5,18,265.09,0.6523,0.0397,0.001651,4.419
592485,520,445,965,238,31,23,29.07,0.9800,0.5420,0.192223,39,2,18,357.72,0.8219,0.0835,0.005185,4.389
592507,520,352,872,250,83,64,29.90,0.9681,0.6159,0.268841,0,33,109,262.30,1.0000,0.1863,0.021917,4.433
592510,520,466,986,220,11,135,353.67,0.9750,0.5220,0.172069,7,7,23,280.87,0.5284,0.0520,0.002590,4.223
592522,520,464,984,194,79,116,2.86,0.6577,0.5215,0.183240,18,3,20,323.46,0.6768,0.0526,0.002442,4.448
592524,520,477,997,192,62,156,340.72,0.7559,0.5128,0.170537,4,0,2,344.76,1.0000,0.0178,0.000302,4.384
592534,520,353,873,248,93,31,39.17,0.9635,0.6222,0.278874,11,52,17,145.70,0.9496,0.1850,0.025675,4.346
592537,520,472,992,140,72,250,295.03,0.9610,0.5172,0.171124,8,0,13,316.36,1.0000,0.0295,0.000807,4.352
592542,520,322,842,255,101,71,32.94,1.0000,0.6498,0.310257,14,57,54,188.47,0.7401,0.2140,0.032858,4.348
592554,520,465,985,158,84,208,309.27,0.7392,0.5228,0.181644,20,1,25,319.93,0.8432,0.0537,0.002406,4.420
592588,520,468,988,222,45,45,26.82,0.9415,0.5196,0.175986,17,0,8,348.03,1.0000,0.0386,0.001367,4.399
592605,520,342,862,181,114,246,305.25,0.8745,0.6277,0.285128,25,52,2,134.26,0.9839,0.1900,0.026670,4.371
592608,520,461,981,225,40,102,8.19,0.9084,0.5334,0.184872,17,3,20,321.21,0.6740,0.0513,0.002348,4.487
592638,520,479,999,182,27,220,317.89,0.9557,0.5102,0.158975,1,0,2,311.99,1.0000,0.0114,0.000108,4.170
592644,520,451,971,212,68,117,3.68,0.7680,0.5392,0.194179,3,14,37,260.38,0.7743,0.0729,0.004670,4.466
592651,520,400,920,234,10,198,337.37,0.9914,0.5810,0.217895,35,1,92,287.97,0.9904,0.1408,0.011517,4.355
592658,520,351,871,248,92,84,26.44,0.9410,0.6269,0.282541,12,49,64,229.02,0.7126,0.1930,0.026448,4.350
592661,520,467,987,227,40,25,29.81,0.9690,0.5245,0.179216,5,7,4,134.03,0.2433,0.0420,0.001930,4.414
592669,520,439,959,232,47,88,14.95,0.9155,0.5489,0.198964,25,10,45,299.68,0.6959,0.0908,0.006132,4.435
592679,520,389,909,185,91,243,310.06,0.8968,0.5945,0.242684,20,30,73,269.90,0.6944,0.1510,0.015582,4.463
592687,520,427,947,247,21,16,29.04,0.9907,0.5565,0.203515,9,27,3,137.46,0.9351,0.0985,0.008485,4.335
592690,520,359,879,252,13,206,339.27,0.9940,0.6196,0.254428,76,15,38,2.35,0.7464,0.1819,0.020183,4.338
592691,520,434,954,181,87,191,323.69,0.6968,0.5485,0.204028,6,24,31,225.62,0.5752,0.0967,0.007909,4.387
592701,520,424,944,220,23,201,333.24,0.9692,0.5607,0.200478,21,28,3,122.81,0.8328,0.1102,0.009965,4.177
592747,520,368,888,239,46,206,336.61,0.9509,0.6094,0.247638,33,19,105,279.77,0.9029,0.1746,0.018089,4.371
592764,520,382,902,250,69,36,32.48,0.9758,0.5971,0.247111,35,38,35,145.37,0.0701,0.1612,0.018649,4.328
592767,520,386,906,239,18,201,337.74,0.9861,0.5939,0.230033,35,34,31,91.59,0.0610,0.1485,0.016003,4.243
592770,520,418,938,231,67,61,26.96,0.8988,0.5608,0.213431,23,28,35,256.81,0.1793,0.1217,0.011340,4.295
592817,520,445,965,230,9,140,354.07,0.9849,0.5438,0.189147,36,6,0,40.17,1.0000,0.0799,0.005054,4.344
592818,520,304,824,253,68,235,332.41,0.9913,0.6667,0.310181,11,44,123,263.42,0.9305,0.2295,0.033024,4.338
592828,520,464,984,203,12,191,331.62,0.9763,0.5199,0.167230,5,7,20,273.10,0.4909,0.0485,0.002347,4.150
592857,520,436,956,211,3,220,326.10,0.9971,0.5524,0.190833,18,21,10,120.90,0.3565,0.0892,0.006868,4.235
592861,520,455,975,195,82,130,356.19,0.6492,0.5328,0.192501,2,17,6,152.63,0.8933,0.0650,0.004269,4.468
592868,520,219,739,207,169,212,322.43,0.4514,0.7469,0.463955,31,84,27,142.18,0.9336,0.3038,0.067109,4.389
592877,520,433,953,228,24,158,348.01,0.9551,0.5523,0.196186,2,7,77,265.67,0.9831,0.1021,0.007006,4.319
592882,520,297,817,185,136,251,302.04,0.9043,0.6754,0.348880,60,55,53,43.19,0.0605,0.2429,0.039501,4.457
592893,520,390,910,225,78,164,348.05,0.7927,0.5925,0.241391,58,24,7,45.25,0.7415,0.1527,0.015683,4.436
592906,520,426,946,251,2,63,20.87,0.9989,0.5647,0.209153,33,21,17,39.21,0.2717,0.1082,0.009002,4.392
592908,520,414,934,250,4,107,8.39,0.9968,0.5723,0.214760,44,15,41,331.51,0.5911,0.1232,0.010373,4.385
592911,520,406,926,251,12,105,9.36,0.9910,0.5754,0.217957,11,35,3,138.18,0.9647,0.1252,0.012797,4.267
592913,520,428,948,236,15,137,356.42,0.9788,0.5560,0.199837,48,4,0,33.45,1.0000,0.1001,0.007153,4.371
592915,520,389,909,213,39,254,318.43,0.9955,0.5936,0.227547,27,30,60,277.16,0.4936,0.1458,0.014878,4.278
592923,520,387,907,232,16,215,332.47,0.9887,0.5891,0.224353,12,28,84,266.48,0.8753,0.1524,0.015487,4.189
592924,520,430,950,222,77,16,38.76,0.9698,0.5518,0.208774,1,27,32,211.85,0.9182,0.1030,0.008946,4.390
592932,520,477,997,226,2,46,23.25,0.9984,0.5086,0.164124,5,0,4,333.70,1.0000,0.0207,0.000410,4.248
592934,520,440,960,225,45,140,354.42,0.8828,0.5502,0.197804,45,0,11,11.10,1.0000,0.0901,0.005822,4.439
592943,520,424,944,233,4,168,345.71,0.9946,0.5616,0.202405,29,9,60,295.24,0.8095,0.1074,0.007828,4.365
592946,520,466,986,224,35,80,15.42,0.9365,0.5225,0.176313,0,11,21,238.24,1.0000,0.0535,0.002935,4.275
592953,520,371,891,242,12,223,332.79,0.9945,0.6113,0.244708,63,18,55,335.36,0.6705,0.1687,0.017654,4.356
592961,520,480,1000,207,5,168,339.49,0.9864,0.5115,0.162032,0,0,0,0.00,0.0000,0.0000,0.000000,4.241
592968,520,353,873,228,73,214,331.79,0.8934,0.6177,0.261164,62,32,14,49.96,0.6243,0.1774,0.020890,4.389
592971,520,446,966,243,12,1,29.58,0.9992,0.5448,0.193233,35,6,12,10.39,0.6738,0.0811,0.005142,4.411
592980,520,480,1000,207,18,162,341.51,0.9487,0.5115,0.163088,0,0,0,0.00,0.0000,0.0000,0.000000,4.262
592988,520,480,1000,221,33,53,23.23,0.9569,0.5102,0.167197,0,0,0,0.00,0.0000,0.0000,0.000000,4.344
592996,520,442,962,185,58,220,317.83,0.8778,0.5377,0.185089,12,9,44,280.40,0.7638,0.0753,0.004554,4.309
592999,520,426,946,241,19,111,6.18,0.9775,0.5583,0.203175,16,24,40,263.44,0.3991,0.1080,0.009166,4.279
593005,520,453,973,190,26,233,317.14,0.9706,0.5334,0.175705,2,18,21,209.55,0.7379,0.0727,0.004996,4.104
593037,520,401,921,218,32,234,324.33,0.9734,0.5833,0.218810,22,4,95,276.46,0.9828,0.1350,0.010836,4.419
593052,520,426,946,226,79,26,37.78,0.9502,0.5625,0.218380,29,25,15,88.72,0.2889,0.1125,0.009910,4.480
593054,520,417,937,233,9,189,339.62,0.9908,0.5738,0.211959,30,13,61,294.29,0.7578,0.1153,0.009008,4.439
593072,520,37,557,247,244,200,104.20,0.7657,0.9517,0.886460,48,127,2,138.38,0.9982,0.4512,0.158110,4.500
593082,520,384,904,253,57,51,27.77,0.9903,0.5930,0.240516,33,31,48,289.26,0.2932,0.1463,0.015167,4.458
593084,520,406,926,212,18,251,319.13,0.9910,0.5810,0.213965,37,29,0,94.38,1.0000,0.1302,0.012721,4.209
593085,520,435,955,209,46,192,332.98,0.8896,0.5480,0.193171,26,16,12,42.75,0.2765,0.0862,0.006168,4.329
593106,520,476,996,182,18,220,318.05,0.9739,0.5064,0.155463,2,0,16,283.45,1.0000,0.0236,0.000503,4.068
593109,520,474,994,176,69,198,320.39,0.7816,0.5203,0.175646,2,3,16,272.65,0.6973,0.0331,0.001154,4.411
593128,520,430,950,210,47,198,331.49,0.8972,0.5543,0.198139,40,10,16,10.69,0.6118,0.0975,0.007057,4.349
593131,520,425,945,197,85,178,334.56,0.7059,0.5625,0.215832,5,31,25,175.30,0.7646,0.1145,0.010824,4.371
593153,520,249,769,245,130,203,342.94,0.8758,0.7163,0.396919,58,72,30,124.77,0.6205,0.2841,0.056280,4.205
593163,520,479,999,174,40,230,312.70,0.9354,0.5134,0.162304,0,1,0,142.50,1.0000,0.0135,0.000217,4.228
593210,520,296,816,225,113,235,324.24,0.8817,0.6768,0.338177,31,58,81,245.88,0.4855,0.2396,0.039114,4.356
593220,520,423,943,244,21,71,19.03,0.9837,0.5558,0.202278,49,9,5,30.38,0.8390,0.1104,0.008594,4.306
593233,520,426,946,164,81,247,302.93,0.9291,0.5562,0.204932,57,0,5,22.99,1.0000,0.1150,0.008810,4.335
593238,520,338,858,236,89,191,341.70,0.8523,0.6370,0.287418,18,56,11,140.78,0.9545,0.2007,0.029810,4.228
593259,520,470,990,218,6,132,354.18,0.9850,0.5155,0.167042,7,0,35,284.60,1.0000,0.0449,0.001665,4.201
593263,520,388,908,217,77,186,337.64,0.8029,0.5885,0.236067,22,23,89,274.09,0.8670,0.1535,0.015046,4.398
593265,520,403,923,201,49,249,316.04,0.9704,0.5772,0.214551,26,3,87,281.83,0.9769,0.1270,0.009728,4.429
593286,520,307,827,252,75,239,331.17,0.9876,0.6737,0.319625,69,47,52,4.04,0.2475,0.2336,0.035463,4.325
593291,520,452,972,185,92,119,3.13,0.5513,0.5286,0.193019,24,9,17,347.58,0.4160,0.0712,0.004301,4.475
593298,520,425,945,238,49,45,27.66,0.9523,0.5556,0.205664,38,17,28,348.26,0.4259,0.1107,0.008969,4.336
593300,520,463,983,202,65,141,350.16,0.7540,0.5268,0.182622,0,7,34,260.82,1.0000,0.0535,0.002674,4.416
593308,520,470,990,222,48,60,23.33,0.9214,0.5242,0.179725,12,3,11,330.51,0.5247,0.0414,0.001675,4.446
593312,520,349,869,239,91,147,359.98,0.8226,0.6263,0.279423,2,45,83,250.71,0.9333,0.1912,0.025141,4.384
593313,520,290,810,239,128,119,25.87,0.7823,0.6762,0.351235,68,53,42,57.87,0.2426,0.2439,0.039424,4.487
593315,520,409,929,175,94,217,312.59,0.7527,0.5675,0.221299,53,3,48,332.84,0.8395,0.1278,0.010355,4.495
593329,520,371,891,241,53,185,343.32,0.9248,0.6065,0.247527,2,11,122,264.82,0.9910,0.1700,0.016572,4.469
593332,520,404,924,205,63,230,321.18,0.9066,0.5810,0.222489,51,6,57,322.69,0.8097,0.1342,0.011296,4.445
593333,520,280,800,239,138,67,52.96,0.8457,0.6858,0.369355,57,59,63,264.47,0.0544,0.2546,0.043567,4.482
593341,520,460,980,219,52,109,5.87,0.8493,0.5331,0.186227,5,13,14,204.71,0.3341,0.0594,0.003518,4.414
593356,520,385,905,210,45,246,319.27,0.9617,0.5863,0.222340,60,20,28,10.35,0.5927,0.1538,0.015450,4.161
593357,520,399,919,209,83,179,338.04,0.7473,0.5793,0.229984,11,19,93,268.50,0.9478,0.1447,0.013271,4.425
593373,520,421,941,246,6,88,13.78,0.9953,0.5595,0.204312,52,3,3,27.36,0.9483,0.1077,0.008019,4.383
593378,520,431,951,192,12,249,314.36,0.9925,0.5454,0.183103,10,21,47,264.75,0.6339,0.1013,0.008061,4.015
593379,520,388,908,245,30,158,351.84,0.9634,0.5878,0.228129,59,15,35,355.61,0.6606,0.1468,0.013929,4.351
593407,520,368,888,243,23,214,335.27,0.9860,0.6104,0.245255,57,8,88,306.94,0.8848,0.1738,0.017482,4.375
593410,520,404,924,252,6,122,4.00,0.9953,0.5812,0.222345,25,30,26,151.28,0.1287,0.1253,0.012098,4.386
593424,520,353,873,225,52,253,321.46,0.9914,0.6202,0.255575,28,26,105,275.05,0.8823,0.1814,0.020055,4.362
593437,520,291,811,251,79,253,327.46,0.9933,0.6843,0.331958,8,68,17,144.86,0.9832,0.2398,0.042262,4.140
593445,520,439,959,183,70,225,315.30,0.8563,0.5513,0.198849,4,15,57,265.71,0.9040,0.0931,0.006628,4.394
593450,520,424,944,226,22,174,342.48,0.9631,0.5558,0.198012,29,17,49,298.33,0.5909,0.1109,0.008839,4.215
593464,520,379,899,237,84,78,26.06,0.8826,0.5954,0.248982,57,16,68,318.36,0.7350,0.1645,0.016579,4.491
593489,520,319,839,213,129,161,355.96,0.5391,0.6528,0.324215,23,57,49,175.93,0.5736,0.2159,0.033300,4.492
593490,520,433,953,235,4,140,355.01,0.9941,0.5528,0.196455,49,2,10,16.26,0.9181,0.1014,0.007184,4.310
593504,520,474,994,192,12,218,321.47,0.9843,0.5199,0.165329,10,1,13,320.36,0.7573,0.0348,0.001153,4.209
593511,520,335,855,222,90,234,324.29,0.8993,0.6399,0.287843,17,50,61,223.06,0.6100,0.1964,0.027372,4.366
593515,520,441,961,237,30,63,21.27,0.9705,0.5436,0.192952,30,16,3,65.35,0.6913,0.0895,0.006532,4.298
593525,520,445,965,211,40,186,335.28,0.9031,0.5438,0.189137,39,2,21,352.80,0.8161,0.0847,0.005290,4.325
593531,520,464,984,229,15,84,13.27,0.9807,0.5249,0.176427,13,7,0,84.64,1.0000,0.0483,0.002375,4.323
593541,520,192,712,253,157,224,338.97,0.9771,0.7831,0.503806,0,92,36,148.97,1.0000,0.3242,0.077813,4.333
593548,520,341,861,241,97,117,14.77,0.8394,0.6288,0.285374,27,46,70,254.87,0.4662,0.1955,0.026291,4.396
593564,520,330,850,239,66,238,328.28,0.9514,0.6437,0.284227,3,25,136,264.70,0.9782,0.2074,0.024920,4.461
593565,520,390,910,247,53,108,10.60,0.9380,0.5883,0.234065,19,40,3,134.21,0.9582,0.1463,0.016626,4.264
593582,520,436,956,226,1,182,339.94,0.9986,0.5550,0.195705,4,26,4,143.20,0.9510,0.0926,0.007733,4.256
593585,520,467,987,182,29,233,314.77,0.9635,0.5219,0.167082,19,1,2,19.56,0.8525,0.0419,0.001646,4.203
593604,520,355,875,240,102,2,45.60,0.9973,0.6202,0.280354,5,51,36,165.94,0.9302,0.1842,0.025272,4.389
593632,520,388,908,235,3,209,334.69,0.9979,0.5882,0.223335,62,6,45,343.57,0.7968,0.1471,0.013440,4.309
593659,520,415,935,244,43,88,15.77,0.9464,0.5702,0.216688,56,6,8,23.97,0.8838,0.1213,0.009887,4.453
593661,520,424,944,232,57,90,15.68,0.8890,0.5579,0.208232,8,24,53,261.06,0.7139,0.1123,0.009619,4.331
593668,520,473,993,230,15,34,26.31,0.9903,0.5192,0.172832,3,3,4,285.56,0.1085,0.0287,0.000932,4.375
593674,520,433,953,226,32,151,350.11,0.9283,0.5488,0.194388,23,17,42,292.47,0.5135,0.0991,0.007502,4.250
593677,520,349,869,228,114,118,19.35,0.7069,0.6344,0.298390,20,54,3,137.51,0.9840,0.1940,0.027935,4.470
593687,520,479,999,220,9,98,6.89,0.9826,0.5081,0.162955,2,0,1,344.76,1.0000,0.0130,0.000151,4.246
593688,520,417,937,250,1,111,7.05,0.9992,0.5728,0.214970,56,3,10,19.48,0.9214,0.1178,0.009279,4.470
593710,520,350,870,226,68,248,322.49,0.9690,0.6312,0.270824,48,30,88,293.60,0.6750,0.1910,0.022615,4.418
593713,520,391,911,213,56,233,322.87,0.9329,0.5897,0.228595,28,3,102,279.13,0.9863,0.1486,0.012713,4.442
593719,520,433,953,238,24,108,6.94,0.9670,0.5531,0.199163,23,16,48,289.91,0.6102,0.1015,0.007661,4.321
593732,520,452,972,179,90,150,341.18,0.5748,0.5284,0.190992,17,15,14,48.48,0.0595,0.0742,0.004925,4.388
593735,520,462,982,224,23,121,359.85,0.9495,0.5284,0.178433,25,0,18,339.66,1.0000,0.0550,0.002504,4.351
593754,520,362,882,239,22,227,331.14,0.9884,0.6110,0.244733,12,49,36,166.25,0.7804,0.1799,0.024021,3.982
593766,520,452,972,221,48,104,7.67,0.8718,0.5321,0.184882,22,3,34,310.08,0.7962,0.0666,0.003512,4.389
593773,520,328,848,254,19,255,328.11,1.0000,0.6549,0.287597,69,26,86,315.00,0.7016,0.2119,0.026760,4.398
593777,520,454,974,192,52,205,324.23,0.8702,0.5324,0.180717,0,13,35,254.55,0.9999,0.0669,0.004092,4.265
593783,520,478,998,176,86,139,345.70,0.5705,0.5121,0.177510,5,0,11,309.75,1.0000,0.0246,0.000564,4.499
593800,520,309,829,242,96,204,339.17,0.8999,0.6619,0.316053,35,48,86,268.03,0.5140,0.2179,0.031430,4.495
593812,520,347,867,241,54,232,330.32,0.9614,0.6338,0.271680,0,23,129,264.04,1.0047,0.1939,0.021976,4.469
593817,520,479,999,222,31,0,31.13,1.0000,0.5071,0.165124,2,0,0,29.23,1.0000,0.0120,0.000129,4.291
593820,520,412,932,208,54,218,325.34,0.9085,0.5695,0.211120,47,11,30,350.94,0.6479,0.1167,0.009375,4.398
593825,520,466,986,195,63,155,342.10,0.7570,0.5187,0.175254,19,2,7,359.21,0.6886,0.0462,0.001972,4.334
593840,520,455,975,193,59,193,327.94,0.8246,0.5327,0.183172,9,15,3,128.15,0.6489,0.0643,0.004063,4.313
593848,520,354,874,249,90,53,34.39,0.9599,0.6217,0.277125,35,46,31,137.48,0.3207,0.1835,0.024102,4.415
593851,520,452,972,206,21,198,330.46,0.9622,0.5327,0.177373,21,14,5,75.30,0.4543,0.0738,0.004845,4.146
593857,520,422,942,239,46,52,25.76,0.9541,0.5561,0.205559,11,12,76,271.22,0.9434,0.1130,0.008558,4.364
593860,520,470,990,190,51,197,325.93,0.8550,0.5227,0.173475,4,7,14,260.70,0.3550,0.0447,0.002095,4.290
593867,520,372,892,230,77,179,343.67,0.8310,0.6068,0.253879,57,22,63,321.58,0.6335,0.1696,0.018027,4.467
593876,520,276,796,244,128,166,0.48,0.7961,0.6973,0.374272,28,69,1,136.71,0.9965,0.2491,0.045052,4.464
593885,520,360,880,249,28,203,339.51,0.9814,0.6167,0.252852,68,22,48,348.29,0.6188,0.1799,0.020163,4.316
593910,520,404,924,223,65,180,340.91,0.8459,0.5824,0.227662,0,34,34,194.77,1.0000,0.1251,0.012595,4.436
593919,520,435,955,233,18,128,358.96,0.9711,0.5474,0.193178,31,11,25,339.74,0.4956,0.0879,0.006009,4.342
593921,520,382,902,218,75,208,330.77,0.8558,0.6001,0.244937,2,43,42,192.36,0.9360,0.1588,0.019077,4.270
593942,520,471,991,229,19,45,24.38,0.9848,0.5195,0.173162,3,5,14,268.25,0.4683,0.0387,0.001596,4.325
593950,520,269,789,227,141,183,349.58,0.6281,0.7028,0.388013,46,69,33,135.19,0.6104,0.2650,0.049468,4.404
593976,520,350,870,249,91,80,27.45,0.9520,0.6267,0.282044,39,47,44,170.82,0.1201,0.1946,0.026462,4.343
593982,520,384,904,189,107,178,332.13,0.5782,0.5860,0.245497,18,40,8,137.25,0.8964,0.1464,0.016637,4.434
594005,520,445,965,203,88,51,38.04,0.7991,0.5364,0.199170,25,13,20,343.95,0.3173,0.0812,0.005450,4.494
594009,520,423,943,165,104,194,314.05,0.6022,0.5570,0.217956,32,23,19,45.17,0.2083,0.1122,0.009669,4.491
594028,520,454,974,167,51,251,305.45,0.9764,0.5301,0.175488,14,9,32,290.25,0.5882,0.0677,0.003930,4.181
594039,520,424,944,240,29,102,9.55,0.9613,0.5576,0.203666,15,29,20,155.29,0.4136,0.1123,0.010308,4.206
594056,520,351,871,227,67,238,325.18,0.9375,0.6252,0.265204,83,12,22,19.22,0.8615,0.1890,0.021602,4.402
594094,520,380,900,235,46,201,337.04,0.9417,0.5994,0.238359,14,43,35,172.58,0.6294,0.1608,0.019424,4.154
594095,520,447,967,164,78,228,307.31,0.8365,0.5369,0.189433,14,4,56,281.04,0.9301,0.0801,0.004657,4.381
594102,520,442,962,209,34,190,333.53,0.9231,0.5390,0.184191,3,15,38,259.44,0.7754,0.0759,0.005009,4.257
594111,520,378,898,218,99,126,8.05,0.6728,0.5958,0.253376,22,36,64,263.00,0.5226,0.1603,0.018024,4.460
594114,520,316,836,222,104,231,324.74,0.8702,0.6569,0.312015,19,48,101,261.22,0.7808,0.2205,0.031918,4.419
594130,520,477,997,194,55,152,342.55,0.7827,0.5067,0.164705,3,0,9,302.89,1.0000,0.0206,0.000391,4.261
594133,520,397,917,245,9,156,352.01,0.9913,0.5805,0.220114,30,7,90,283.53,0.9453,0.1393,0.011661,4.381
594143,520,310,830,211,105,254,315.01,0.9902,0.6572,0.311091,21,57,67,218.90,0.5932,0.2232,0.034908,4.253
594165,520,477,997,205,62,96,10.77,0.7824,0.5126,0.172711,0,0,15,264.05,1.0000,0.0196,0.000345,4.424
594169,520,390,910,225,10,233,326.44,0.9945,0.5876,0.221101,1,19,104,264.29,0.9746,0.1544,0.014715,4.189
594180,520,357,877,247,59,182,345.83,0.9388,0.6206,0.262826,39,22,103,283.86,0.8515,0.1825,0.019844,4.479
594182,520,453,973,184,89,143,346.89,0.5852,0.5313,0.193196,13,18,1,121.66,0.8889,0.0747,0.005204,4.405
594184,520,431,951,213,37,195,333.15,0.9255,0.5510,0.194115,0,19,57,259.46,1.0000,0.0992,0.007611,4.237
594193,520,361,881,252,89,22,38.67,0.9821,0.6237,0.279016,4,52,23,151.55,0.9746,0.1838,0.025435,4.362
594198,520,460,980,232,22,64,20.05,0.9779,0.5297,0.181029,30,2,7,11.06,0.8088,0.0636,0.003348,4.331
594202,520,381,901,189,104,218,316.88,0.7426,0.6030,0.257824,46,37,0,95.18,1.0000,0.1637,0.019040,4.459
594205,520,367,887,236,91,118,12.15,0.8112,0.6120,0.266258,40,42,0,112.53,1.0000,0.1708,0.021071,4.450
594215,520,453,973,153,72,248,299.86,0.9458,0.5312,0.181847,11,15,23,263.90,0.2644,0.0725,0.004746,4.235
594229,520,443,963,230,33,98,9.77,0.9399,0.5381,0.187955,8,21,20,189.42,0.3922,0.0846,0.006384,4.220
594246,520,450,970,191,62,198,325.73,0.8225,0.5358,0.186003,33,0,25,339.03,1.0000,0.0721,0.003936,4.376
594257,520,400,920,203,70,229,320.60,0.8878,0.5843,0.227355,10,39,18,149.83,0.8583,0.1407,0.015592,4.228
594259,520,452,972,209,49,147,348.28,0.8308,0.5261,0.178607,16,13,18,311.85,0.1645,0.0701,0.004417,4.201
594267,520,459,979,201,53,170,337.88,0.8204,0.5269,0.178679,4,13,17,224.48,0.4378,0.0598,0.003541,4.271
594276,520,384,904,224,93,97,21.06,0.7568,0.5888,0.245415,3,43,6,144.16,0.9864,0.1492,0.017602,4.370
594279,520,411,931,245,50,64,23.60,0.9515,0.5729,0.220673,43,21,15,36.10,0.4601,0.1224,0.010845,4.449
594280,520,313,833,246,113,113,22.15,0.8754,0.6604,0.325983,13,60,31,152.24,0.9195,0.2160,0.034161,4.467
594307,520,401,921,167,92,255,301.21,1.0000,0.5820,0.230902,42,28,38,337.23,0.2672,0.1447,0.014627,4.346
594308,520,420,940,247,28,36,27.17,0.9842,0.5605,0.207356,13,12,74,272.90,0.9300,0.1118,0.008429,4.405
594328,520,461,981,209,50,154,345.72,0.8316,0.5303,0.181717,21,2,1,30.91,0.8644,0.0470,0.002051,4.452
594346,520,424,944,210,76,146,351.41,0.7357,0.5565,0.209479,33,15,48,306.91,0.6203,0.1115,0.008784,4.414
594351,520,442,962,142,94,230,296.20,0.8013,0.5361,0.194695,18,10,41,290.84,0.6705,0.0800,0.005058,4.444
594358,520,476,996,196,11,192,329.44,0.9761,0.5075,0.157826,0,1,6,259.05,1.0000,0.0179,0.000349,4.128
594368,520,378,898,235,57,189,340.79,0.9075,0.6009,0.242653,72,1,49,346.11,0.9411,0.1650,0.016214,4.420
594370,520,361,881,228,42,249,323.27,0.9779,0.6159,0.249917,44,41,43,337.66,0.0497,0.1824,0.022958,4.111
594385,520,468,988,225,44,13,31.69,0.9846,0.5227,0.178408,12,2,22,307.05,0.7627,0.0445,0.001795,4.410
594388,520,383,903,224,24,244,323.61,0.9873,0.5975,0.230344,63,12,36,355.91,0.7253,0.1512,0.014472,4.348
594423,520,435,955,181,68,231,313.29,0.8759,0.5505,0.197285,30,18,3,73.09,0.7103,0.0939,0.007152,4.327
594429,520,388,908,213,101,114,14.70,0.6452,0.5874,0.246705,38,30,55,297.74,0.4033,0.1537,0.016165,4.484
594441,520,405,925,245,4,166,348.90,0.9963,0.5840,0.222557,15,34,38,212.77,0.4249,0.1344,0.013855,4.268
594446,520,413,933,218,76,136,357.80,0.7575,0.5665,0.218542,29,25,43,293.65,0.3432,0.1243,0.011309,4.380
594450,520,463,983,234,21,53,22.94,0.9829,0.5319,0.182890,10,8,11,315.12,0.1328,0.0513,0.002624,4.426
594462,520,363,883,253,49,153,355.90,0.9807,0.6117,0.253827,30,43,35,157.47,0.2608,0.1713,0.021251,4.264
594473,520,428,948,186,58,246,311.99,0.9495,0.5594,0.201201,10,11,70,271.53,0.9368,0.1039,0.007460,4.372
594480,520,363,883,255,22,171,349.70,1.0000,0.6099,0.247777,65,25,8,42.00,0.7659,0.1677,0.018368,4.356
594484,520,321,841,246,85,195,342.67,0.9243,0.6506,0.300329,40,53,24,128.83,0.5549,0.2079,0.030632,4.345
594488,520,198,718,233,160,228,329.02,0.8034,0.7653,0.480682,35,82,100,226.06,0.5847,0.3238,0.073117,4.310
594490,520,442,962,240,19,40,25.77,0.9888,0.5424,0.191476,37,6,4,28.94,0.7994,0.0827,0.005324,4.365
594492,520,336,856,222,95,231,324.99,0.8824,0.6445,0.294854,27,44,86,265.39,0.6157,0.2017,0.027062,4.475
594495,520,420,940,217,36,204,331.67,0.9423,0.5632,0.203753,30,23,16,66.66,0.2446,0.1089,0.009262,4.282
594518,520,373,893,225,48,227,327.65,0.9506,0.5994,0.236698,57,23,52,333.18,0.5611,0.1644,0.017307,4.260
594519,520,341,861,245,81,150,358.40,0.8868,0.6253,0.275024,58,44,17,81.88,0.5921,0.2011,0.027415,4.198
594522,520,314,834,251,52,242,330.25,0.9855,0.6557,0.293790,84,26,50,357.91,0.6497,0.2170,0.028542,4.377
594543,520,454,974,211,15,190,334.00,0.9736,0.5347,0.179104,14,15,3,112.57,0.6062,0.0684,0.004416,4.210
594550,520,396,916,215,47,231,324.07,0.9473,0.5847,0.222516,5,22,88,265.32,0.9437,0.1413,0.013106,4.318
594552,520,424,944,224,51,151,350.59,0.8645,0.5576,0.204519,46,4,34,341.87,0.7850,0.1073,0.007833,4.401
594559,520,467,987,204,30,177,336.08,0.9152,0.5197,0.169422,7,5,12,299.22,0.3332,0.0419,0.001803,4.236
594564,520,10,530,245,255,237,130.90,1.0000,0.9857,0.970467,31,134,64,149.26,0.9592,0.4745,0.177109,4.493
594571,520,454,974,238,12,24,27.76,0.9941,0.5349,0.185094,19,10,17,334.73,0.3001,0.0668,0.003960,4.357
594576,520,371,891,244,86,70,29.12,0.9304,0.6095,0.263341,6,48,18,148.67,0.9623,0.1696,0.021962,4.354
594578,520,357,877,241,25,232,330.40,0.9880,0.6188,0.252250,63,27,57,333.93,0.5455,0.1842,0.021362,4.235
594592,520,317,837,241,68,250,325.86,0.9818,0.6564,0.297397,15,31,135,266.92,0.9582,0.2193,0.028306,4.436
594598,520,415,935,206,33,247,318.24,0.9750,0.5738,0.209266,3,31,32,198.29,0.8240,0.1163,0.011036,4.248
594606,520,370,890,234,9,238,327.42,0.9963,0.6066,0.238634,70,19,17,26.01,0.7525,0.1688,0.018085,4.239
594608,520,423,943,212,75,138,355.35,0.7417,0.5554,0.208663,14,25,48,263.59,0.5383,0.1145,0.010020,4.310
594609,520,423,943,242,26,79,16.89,0.9747,0.5550,0.201839,38,15,30,342.05,0.4870,0.1079,0.008475,4.307
594619,520,325,845,247,54,245,328.61,0.9734,0.6522,0.290079,31,57,26,140.47,0.6934,0.2139,0.032921,4.101
594621,520,480,1000,224,25,38,26.06,0.9777,0.5105,0.166854,0,0,0,0.00,0.0000,0.0000,0.000000,4.337
594665,520,438,958,242,34,52,24.54,0.9725,0.5546,0.202726,26,9,48,299.38,0.7384,0.0929,0.006284,4.490
594685,520,391,911,207,45,254,316.71,0.9950,0.5877,0.222995,34,0,103,283.55,1.0000,0.1529,0.013193,4.320
594699,520,330,850,234,81,221,331.42,0.9029,0.6401,0.286001,49,40,83,290.98,0.5148,0.2090,0.027951,4.310
594714,520,391,911,241,44,156,352.22,0.9279,0.5868,0.229055,18,25,86,271.06,0.8643,0.1514,0.014957,4.296
594739,520,386,906,232,21,209,334.02,0.9821,0.5868,0.222982,66,8,16,19.11,0.8550,0.1466,0.013695,4.286
594743,520,470,990,227,29,26,28.47,0.9772,0.5178,0.172872,9,0,22,303.35,1.0000,0.0363,0.001160,4.356
594763,520,475,995,176,36,236,312.09,0.9518,0.5190,0.165490,15,0,0,29.23,1.0000,0.0324,0.001016,4.224
594812,520,463,983,222,45,82,15.67,0.9042,0.5259,0.180183,11,3,34,290.01,0.8307,0.0545,0.002518,4.383
594821,520,379,899,253,34,150,356.10,0.9829,0.6019,0.242323,75,2,14,20.08,0.9704,0.1601,0.015712,4.449
594825,520,454,974,233,18,45,24.50,0.9870,0.5277,0.179489,8,12,36,272.52,0.6396,0.0716,0.004419,4.217
594850,520,479,999,205,15,161,341.29,0.9558,0.5062,0.158961,0,0,2,264.05,1.0000,0.0079,0.000044,4.176
594853,520,275,795,236,123,211,336.18,0.8398,0.6956,0.367041,1,71,42,158.22,0.9950,0.2534,0.046799,4.308
594854,520,410,930,200,110,16,57.89,0.9314,0.5681,0.234704,10,35,30,178.23,0.6144,0.1314,0.013603,4.476
594859,520,473,993,211,58,89,13.82,0.8242,0.5178,0.175986,11,0,2,5.57,1.0000,0.0278,0.000755,4.452
594881,520,349,869,228,51,254,322.01,0.9958,0.6251,0.260196,51,11,106,293.83,0.9136,0.1870,0.019838,4.442
594882,520,381,901,248,70,93,18.33,0.9434,0.6023,0.251305,23,41,25,147.07,0.4870,0.1565,0.018382,4.406
594887,520,387,907,215,40,242,321.59,0.9672,0.5883,0.223774,55,5,71,315.85,0.8720,0.1517,0.013758,4.294
594922,520,430,950,235,45,53,25.28,0.9507,0.5473,0.197991,28,18,27,329.82,0.2754,0.0985,0.007586,4.306
594928,520,364,884,215,116,73,43.34,0.7148,0.6084,0.274209,33,45,8,125.59,0.8184,0.1740,0.022176,4.492
594942,520,357,877,237,69,191,341.04,0.8879,0.6163,0.260251,50,15,100,294.77,0.8685,0.1829,0.019399,4.471
594977,520,477,997,147,93,180,311.34,0.5840,0.5050,0.173275,0,1,17,263.76,1.0019,0.0249,0.000622,4.411
594984,520,466,986,203,50,153,344.48,0.8178,0.5188,0.172796,6,2,37,279.33,0.9328,0.0505,0.002157,4.272
594985,520,455,975,209,58,141,351.31,0.7973,0.5318,0.185067,8,10,18,272.54,0.2838,0.0567,0.003124,4.425
594989,520,362,882,236,6,238,327.89,0.9976,0.6095,0.241388,15,21,113,268.77,0.9609,0.1750,0.018300,4.266
595010,520,371,891,236,36,225,330.91,0.9736,0.6100,0.245335,58,29,45,346.74,0.4294,0.1738,0.019678,4.239
595019,520,418,938,185,51,255,310.11,1.0000,0.5594,0.199030,23,30,19,134.41,0.3047,0.1213,0.011577,4.044
595026,520,474,994,160,58,245,303.97,0.9419,0.5217,0.170928,7,1,11,315.32,0.7319,0.0304,0.000910,4.340
595030,520,351,871,213,111,192,335.48,0.6798,0.6339,0.293225,23,52,6,136.46,0.9578,0.1892,0.026512,4.486
595052,520,426,946,222,27,184,338.57,0.9526,0.5557,0.197766,2,31,21,166.82,0.9315,0.1115,0.010470,4.097
595055,520,471,991,225,38,12,30.97,0.9865,0.5183,0.174232,16,1,2,17.61,0.8087,0.0376,0.001363,4.366
595065,520,431,951,236,44,89,14.70,0.9299,0.5550,0.203586,0,14,67,263.08,1.0004,0.0994,0.007193,4.434
595066,520,349,869,226,91,204,334.51,0.8269,0.6301,0.280127,15,50,57,213.12,0.6431,0.1934,0.026781,4.300
595076,520,434,954,236,49,2,32.85,0.9980,0.5490,0.200371,30,8,52,302.40,0.7773,0.1000,0.006976,4.394
595088,520,371,891,254,37,168,350.79,0.9916,0.6127,0.252246,9,39,79,257.10,0.8073,0.1737,0.020735,4.273
595096,520,359,879,236,31,238,327.81,0.9836,0.6163,0.249885,5,51,38,169.04,0.9238,0.1849,0.025397,3.977
595100,520,413,933,251,22,18,28.94,0.9908,0.5654,0.211305,25,23,48,285.42,0.4650,0.1186,0.010329,4.331
595102,520,390,910,238,53,158,351.41,0.8999,0.5884,0.231949,71,5,15,19.71,0.9191,0.1543,0.014829,4.349
595149,520,395,915,210,50,241,320.29,0.9497,0.5860,0.223355,17,27,70,269.50,0.7312,0.1392,0.013452,4.308
595156,520,452,972,157,83,221,305.73,0.7928,0.5295,0.185756,7,12,34,270.34,0.6242,0.0694,0.004236,4.347
595171,520,431,951,241,22,65,20.46,0.9824,0.5488,0.196596,29,15,41,307.18,0.5465,0.1014,0.007630,4.279
595174,520,361,881,248,31,213,336.69,0.9808,0.6218,0.257436,76,16,22,19.69,0.7890,0.1782,0.019653,4.414
595176,520,408,928,231,24,184,340.70,0.9678,0.5713,0.211056,54,7,43,339.16,0.7642,0.1314,0.011108,4.272
595178,520,436,956,219,38,174,341.05,0.9105,0.5503,0.195047,21,20,10,103.17,0.3244,0.0895,0.006817,4.313
595188,520,466,986,216,57,41,29.90,0.9180,0.5181,0.176878,16,4,14,332.99,0.5297,0.0496,0.002287,4.339
595189,520,359,879,251,59,155,355.52,0.9598,0.6162,0.260071,84,3,20,17.96,0.9594,0.1830,0.020008,4.429
595200,520,418,938,128,117,217,286.27,0.6700,0.5565,0.223213,18,24,60,272.58,0.6509,0.1241,0.011081,4.473
595223,520,413,933,209,15,241,320.59,0.9906,0.5673,0.202496,6,29,45,242.11,0.6858,0.1190,0.011069,4.135
595251,520,444,964,226,40,127,359.06,0.9010,0.5436,0.192214,15,10,43,284.63,0.7082,0.0787,0.004930,4.409
595257,520,327,847,245,52,246,327.93,0.9743,0.6482,0.285250,56,47,48,10.27,0.1060,0.2148,0.030872,4.145
595265,520,394,914,244,41,144,356.69,0.9379,0.5858,0.228358,27,13,91,279.83,0.9186,0.1444,0.012761,4.435
595276,520,354,874,199,100,231,317.20,0.8320,0.6185,0.270272,21,49,10,138.17,0.9239,0.1784,0.023779,4.341
595285,520,420,940,219,55,161,346.02,0.8449,0.5564,0.203680,2,4,86,265.50,0.9928,0.1101,0.007716,4.395
595295,520,440,960,225,27,169,343.87,0.9479,0.5532,0.196586,3,8,62,266.99,0.9634,0.0857,0.005408,4.450
595312,520,426,946,228,66,85,18.76,0.8601,0.5582,0.210491,30,17,40,308.89,0.4889,0.1059,0.008301,4.468
595318,520,434,954,211,55,184,336.08,0.8533,0.5542,0.200440,23,17,36,297.30,0.4243,0.0952,0.007104,4.386
595326,520,475,995,229,26,9,29.93,0.9912,0.5198,0.174195,7,1,9,320.63,0.7012,0.0295,0.000866,4.408
595327,520,357,877,214,75,254,317.59,0.9938,0.6239,0.264857,13,47,57,220.77,0.6646,0.1832,0.024139,4.247
595330,520,474,994,202,75,56,31.07,0.8118,0.5153,0.178763,7,2,2,20.55,0.4264,0.0295,0.000930,4.492
595338,520,357,877,248,88,71,29.33,0.9523,0.6195,0.273941,35,43,39,163.82,0.1378,0.1772,0.022315,4.480
595349,520,469,989,190,70,152,342.26,0.7126,0.5172,0.175960,8,0,24,298.10,1.0000,0.0366,0.001176,4.415
595353,520,477,997,213,52,20,32.70,0.9654,0.5053,0.166551,4,0,5,323.04,1.0000,0.0198,0.000368,4.299
595372,520,338,858,251,92,118,14.08,0.9433,0.6396,0.294748,29,49,51,203.84,0.3159,0.1953,0.026968,4.479
595376,520,432,952,202,77,155,345.30,0.7161,0.5481,0.202327,21,20,39,284.95,0.4046,0.1018,0.008062,4.346
595388,520,458,978,216,37,145,350.10,0.8893,0.5296,0.179688,1,17,7,157.22,0.9412,0.0645,0.004227,4.236
595402,520,389,909,225,84,136,0.70,0.7547,0.5890,0.241282,41,27,57,304.17,0.4825,0.1519,0.015507,4.447
595411,520,305,825,238,108,191,343.66,0.8304,0.6662,0.326663,56,52,55,334.26,0.0584,0.2309,0.035726,4.394
595446,520,380,900,160,115,241,297.63,0.8169,0.6019,0.260861,16,40,59,244.73,0.5681,0.1646,0.019434,4.477
595466,520,468,988,221,14,129,356.06,0.9689,0.5223,0.172738,20,0,12,343.61,1.0000,0.0446,0.001753,4.304
595467,520,469,989,111,93,247,282.45,0.9318,0.5173,0.179232,5,5,18,280.93,0.5241,0.0427,0.001845,4.422
595473,520,427,947,233,11,163,347.32,0.9850,0.5605,0.202102,0,16,66,262.47,1.0001,0.1021,0.007639,4.374
595482,520,413,933,255,5,60,21.90,1.0000,0.5733,0.216986,3,27,60,256.66,0.8717,0.1231,0.011294,4.356
595491,520,365,885,248,81,0,38.45,1.0000,0.6054,0.258447,14,47,36,168.17,0.6979,0.1742,0.022537,4.252
595496,520,422,942,226,40,165,345.72,0.9114,0.5600,0.204056,37,1,66,303.02,0.9708,0.1134,0.008084,4.374
595498,520,456,976,184,30,240,313.75,0.9679,0.5315,0.174113,16,9,6,48.11,0.2750,0.0578,0.003187,4.214
595508,520,330,850,240,51,251,325.61,0.9864,0.6425,0.278605,19,53,60,213.24,0.5870,0.2061,0.030108,4.102
595510,520,418,938,181,68,246,309.87,0.9408,0.5623,0.206127,5,32,24,170.36,0.7959,0.1173,0.011312,4.177
595515,520,470,990,188,32,215,320.81,0.9407,0.5187,0.166321,0,5,16,250.75,1.0000,0.0365,0.001459,4.204
595547,520,468,988,216,21,148,348.48,0.9450,0.5229,0.172758,17,1,14,334.41,0.7777,0.0437,0.001726,4.306
595550,520,375,895,245,27,191,341.91,0.9766,0.6024,0.239611,19,33,73,266.58,0.6756,0.1577,0.017071,4.318
595569,520,328,848,250,42,242,330.06,0.9824,0.6482,0.283937,14,60,3,140.28,0.9906,0.2121,0.033315,4.008
595581,520,320,840,247,43,247,328.22,0.9821,0.6468,0.282201,94,2,44,2.05,0.9511,0.2120,0.026054,4.368
595592,520,412,932,249,22,69,20.01,0.9853,0.5663,0.211469,19,30,19,144.62,0.3697,0.1179,0.011140,4.277
595603,520,463,983,179,0,255,309.62,1.0000,0.5279,0.168047,8,7,12,294.97,0.2079,0.0476,0.002301,4.169
595606,520,437,957,190,33,246,314.08,0.9695,0.5475,0.186899,8,22,32,241.14,0.4829,0.0929,0.007297,4.135
595650,520,359,879,249,10,219,335.32,0.9960,0.6211,0.254744,39,32,81,285.98,0.6209,0.1788,0.020584,4.317
595660,520,450,970,236,12,65,19.58,0.9903,0.5352,0.184807,14,6,37,290.08,0.7424,0.0657,0.003572,4.383
595677,520,407,927,215,57,190,335.32,0.8649,0.5664,0.210932,16,18,77,272.98,0.8849,0.1270,0.010785,4.293
595678,520,344,864,198,103,237,315.01,0.8551,0.6256,0.278218,10,51,37,166.13,0.8435,0.1862,0.025656,4.338
595679,520,420,940,245,14,84,15.11,0.9890,0.5583,0.203701,15,25,37,253.52,0.3641,0.1082,0.009304,4.278
595719,520,363,883,248,51,167,350.45,0.9433,0.6095,0.251174,77,4,16,19.79,0.9440,0.1670,0.017023,4.494
595728,520,458,978,234,30,27,28.47,0.9787,0.5333,0.185033,21,0,37,307.21,1.0000,0.0618,0.002930,4.440
595734,520,469,989,232,0,37,25.26,1.0000,0.5202,0.172925,6,1,24,290.49,0.8907,0.0372,0.001264,4.349
595738,520,372,892,221,41,252,320.87,0.9876,0.6061,0.239883,36,38,46,274.28,0.1373,0.1669,0.019585,4.166
595739,520,310,830,246,79,226,333.13,0.9555,0.6603,0.306785,7,54,83,242.11,0.8334,0.2190,0.033079,4.295
595742,520,345,865,230,64,241,325.28,0.9480,0.6293,0.268429,48,43,18,98.25,0.5299,0.1855,0.023998,4.303
595747,520,422,942,172,74,244,306.92,0.9208,0.5552,0.202006,41,5,55,314.33,0.8282,0.1145,0.008558,4.303
595748,520,288,808,231,138,91,46.78,0.7272,0.6774,0.359235,9,67,21,146.11,0.9774,0.2371,0.041264,4.484
595750,520,432,952,186,86,175,331.78,0.6688,0.5453,0.201911,45,7,23,358.46,0.7122,0.1046,0.007718,4.365
595754,520,361,881,253,62,154,356.49,0.9778,0.6221,0.266644,35,45,23,128.66,0.4624,0.1784,0.022959,4.340
595759,520,440,960,216,14,207,330.64,0.9838,0.5546,0.194202,1,24,21,183.86,0.9263,0.0891,0.007138,4.274
595770,520,441,961,120,106,229,284.76,0.7799,0.5350,0.199580,23,17,15,39.26,0.1535,0.0857,0.006176,4.443
595776,520,417,937,222,47,189,337.33,0.9057,0.5700,0.212391,42,10,45,324.20,0.6989,0.1151,0.008988,4.448
595803,520,398,918,252,48,11,31.71,0.9927,0.5812,0.228372,27,9,94,279.70,0.9489,0.1436,0.012365,4.464
595808,520,320,840,251,11,252,328.13,0.9977,0.6461,0.277799,92,18,23,22.36,0.8453,0.2150,0.027702,4.219
595829,520,335,855,228,113,139,7.35,0.6919,0.6387,0.301706,31,53,17,134.93,0.7859,0.1992,0.028779,4.464
595830,520,480,1000,191,15,203,325.01,0.9717,0.5076,0.157314,0,0,0,0.00,0.0000,0.0000,0.000000,4.146
595837,520,407,927,187,92,205,321.03,0.7297,0.5733,0.226280,29,33,0,116.18,1.0000,0.1322,0.013489,4.352
595850,520,453,973,217,67,60,27.10,0.8668,0.5337,0.190948,12,15,1,117.97,0.8496,0.0661,0.004220,4.444
595891,520,434,954,218,15,187,336.63,0.9762,0.5458,0.188373,17,7,64,280.23,0.9101,0.0962,0.006413,4.226
595894,520,434,954,204,44,217,324.65,0.9258,0.5545,0.196502,29,20,12,62.80,0.3232,0.0993,0.007881,4.259
595903,520,452,972,235,1,41,24.68,0.9994,0.5273,0.178472,35,2,4,21.40,0.8934,0.0718,0.004096,4.223
595904,520,408,928,232,24,174,343.90,0.9648,0.5679,0.208679,61,0,27,0.88,1.0000,0.1297,0.010714,4.261
595906,520,456,976,207,36,184,334.79,0.9072,0.5328,0.179899,26,0,22,334.40,1.0000,0.0587,0.002776,4.356
595948,520,400,920,236,77,16,37.46,0.9796,0.5782,0.231811,63,11,4,32.03,0.9109,0.1415,0.013051,4.470
595954,520,461,981,234,8,53,22.33,0.9942,0.5281,0.179263,5,11,14,226.48,0.2929,0.0547,0.003033,4.323
595955,520,425,945,198,61,223,320.95,0.8894,0.5631,0.206725,28,18,41,302.66,0.4749,0.1061,0.008396,4.396
595956,520,437,957,207,49,192,332.43,0.8770,0.5469,0.192697,3,22,39,246.79,0.7513,0.0940,0.007396,4.228
595968,520,421,941,234,49,117,5.02,0.8973,0.5623,0.209764,6,25,53,257.87,0.7502,0.1138,0.009910,4.336
595976,520,421,941,213,24,211,328.80,0.9689,0.5551,0.195046,32,19,43,307.81,0.4820,0.1144,0.009473,4.120
595990,520,429,949,248,4,11,28.72,0.9985,0.5541,0.200711,13,27,15,147.85,0.5030,0.1035,0.009039,4.247
596004,520,384,904,201,99,178,336.57,0.6545,0.5899,0.245571,26,39,0,126.29,1.0000,0.1479,0.016706,4.431
596037,520,453,973,213,10,182,336.81,0.9811,0.5323,0.177428,1,11,44,262.47,0.9460,0.0709,0.004276,4.190
596040,520,341,861,212,87,252,316.91,0.9787,0.6332,0.278432,83,12,57,347.26,0.7870,0.2018,0.023976,4.440
596048,520,389,909,255,47,48,27.06,1.0000,0.5890,0.235102,12,8,110,268.67,0.9878,0.1538,0.013775,4.470
596061,520,401,921,241,36,157,351.54,0.9460,0.5825,0.224000,30,10,91,282.72,0.9276,0.1438,0.012484,4.385
596067,520,418,938,199,40,236,318.67,0.9536,0.5577,0.197173,13,8,82,272.32,0.9665,0.1163,0.008684,4.212
596083,520,415,935,236,54,122,4.04,0.8877,0.5719,0.218793,17,32,2,131.39,0.9468,0.1190,0.011566,4.366
596095,520,307,827,229,132,108,34.81,0.6911,0.6662,0.342455,39,57,68,235.71,0.2848,0.2348,0.037749,4.472
596107,520,412,932,225,52,180,341.00,0.8879,0.5743,0.217613,30,25,25,17.77,0.0911,0.1168,0.010415,4.430
596120,520,415,935,232,52,145,354.62,0.8814,0.5709,0.216589,12,25,58,265.24,0.6926,0.1210,0.010789,4.386
596172,520,380,900,229,52,219,330.69,0.9404,0.6039,0.242309,9,42,45,203.70,0.7012,0.1597,0.019034,4.234
596178,520,410,930,246,47,76,20.01,0.9506,0.5747,0.221511,26,31,20,127.88,0.2775,0.1272,0.012501,4.344
596228,520,375,895,240,78,112,12.14,0.8653,0.6008,0.251469,21,42,33,164.87,0.4461,0.1608,0.019251,4.353
596231,520,454,974,193,91,70,33.10,0.6780,0.5271,0.192635,7,5,51,274.03,0.9354,0.0712,0.003927,4.499
596243,520,421,941,173,87,223,310.95,0.7974,0.5582,0.210291,42,10,44,325.34,0.6936,0.1144,0.008912,4.418
596261,520,353,873,232,79,188,341.17,0.8456,0.6169,0.263811,37,46,19,124.47,0.5596,0.1825,0.023943,4.244
596272,520,419,939,203,32,240,319.02,0.9708,0.5629,0.200224,23,14,65,283.73,0.7979,0.1132,0.008779,4.257
596276,520,334,854,251,85,160,356.29,0.9442,0.6442,0.295475,35,45,79,270.00,0.4738,0.2049,0.027985,4.430
596285,520,303,823,243,106,194,343.68,0.8768,0.6724,0.332604,18,64,29,148.27,0.9143,0.2310,0.038840,4.307
596309,520,1,521,255,255,255,0.00,0.0000,1.0000,1.000000,14,136,91,160.79,0.9761,0.4840,0.184562,4.476
596313,520,51,571,234,241,215,119.33,0.4993,0.9371,0.853092,59,123,26,137.39,0.9593,0.4447,0.151698,4.477
596317,520,197,717,247,157,228,334.84,0.9276,0.7771,0.494915,68,80,45,124.28,0.4540,0.3204,0.071557,4.483
596324,520,462,982,231,17,78,15.53,0.9804,0.5284,0.179429,20,1,18,331.83,0.8012,0.0497,0.002141,4.400
596326,520,466,986,209,53,122,358.65,0.8123,0.5192,0.175089,5,2,33,279.12,0.9191,0.0460,0.001855,4.341
596341,520,440,960,236,9,119,2.34,0.9879,0.5480,0.193633,29,14,30,324.72,0.4402,0.0930,0.006690,4.298
596348,520,379,899,247,49,140,359.13,0.9334,0.5953,0.238676,1,43,35,176.45,0.9765,0.1555,0.018555,4.211
596355,520,342,862,236,106,87,30.33,0.8383,0.6274,0.288318,4,54,16,146.90,0.9844,0.1894,0.027014,4.393
596364,520,343,863,235,36,251,324.59,0.9864,0.6259,0.258914,43,46,32,117.77,0.2516,0.1916,0.025719,4.080
596373,520,447,967,239,29,42,26.05,0.9790,0.5446,0.193999,13,13,36,280.43,0.5582,0.0773,0.005008,4.436
596401,520,407,927,222,46,196,335.25,0.9166,0.5734,0.214714,31,12,73,289.78,0.8358,0.1269,0.010353,4.386
596402,520,477,997,214,44,104,6.00,0.8665,0.5150,0.170994,8,0,4,344.76,1.0000,0.0250,0.000604,4.367
596410,520,450,970,211,60,140,352.41,0.7951,0.5371,0.189762,16,12,13,1.10,0.1107,0.0662,0.004022,4.438
596427,520,392,912,224,78,166,347.02,0.7915,0.5917,0.240516,34,38,17,117.86,0.4778,0.1550,0.017668,4.293
596429,520,458,978,177,73,207,317.88,0.7919,0.5331,0.186182,10,12,17,267.97,0.1772,0.0622,0.003679,4.400
596440,520,272,792,220,139,197,338.02,0.6282,0.6954,0.377137,17,71,64,182.70,0.7956,0.2649,0.049956,4.273
596453,520,375,895,228,60,201,335.48,0.9007,0.5978,0.239452,4,26,94,264.21,0.9416,0.1558,0.015726,4.404
596463,520,449,969,243,6,9,28.89,0.9975,0.5437,0.192081,5,2,60,270.48,0.9875,0.0745,0.004019,4.481
596465,520,461,981,215,5,176,339.06,0.9899,0.5314,0.176925,9,9,9,0.00,0.0000,0.0520,0.002732,4.303
596466,520,478,998,165,67,213,312.32,0.8199,0.5123,0.168185,2,2,4,284.11,0.2654,0.0240,0.000651,4.308
596467,520,454,974,221,4,153,347.70,0.9913,0.5306,0.177615,10,18,3,130.04,0.7367,0.0729,0.005037,4.136
596475,520,385,905,251,53,57,25.90,0.9802,0.5864,0.233545,19,34,65,263.24,0.5873,0.1538,0.016641,4.255
596478,520,365,885,237,83,130,5.34,0.8263,0.6068,0.258056,21,31,90,270.33,0.8167,0.1701,0.018775,4.479
596483,520,10,530,253,252,235,104.06,0.8217,0.9852,0.965018,21,135,47,146.02,0.9849,0.4730,0.176919,4.473
596494,520,383,903,255,60,49,28.62,1.0000,0.5994,0.247172,17,41,12,140.28,0.8652,0.1497,0.017315,4.415
596502,520,413,933,250,29,3,30.36,0.9980,0.5656,0.212130,1,33,32,191.85,0.9497,0.1216,0.011984,4.229
596511,520,266,786,236,128,216,334.44,0.8469,0.7062,0.382311,40,68,44,147.85,0.5086,0.2599,0.047671,4.426
596516,520,471,991,227,20,93,10.21,0.9679,0.5246,0.176244,1,9,8,187.57,0.7319,0.0444,0.002193,4.335
596523,520,423,943,246,1,75,17.37,0.9993,0.5558,0.201261,20,27,26,185.81,0.1483,0.1124,0.010072,4.183
596525,520,401,921,213,62,218,326.61,0.8971,0.5848,0.226552,55,11,38,346.79,0.7028,0.1353,0.011916,4.467
596527,520,307,827,253,95,189,347.11,0.9752,0.6715,0.327443,3,60,73,218.41,0.9373,0.2300,0.037319,4.323
596532,520,356,876,253,79,77,25.42,0.9847,0.6186,0.270140,30,37,76,273.26,0.5601,0.1780,0.021209,4.496
596543,520,431,951,243,9,77,16.77,0.9931,0.5515,0.197893,9,26,24,185.70,0.4693,0.1011,0.008628,4.228
596545,520,458,978,231,29,32,27.62,0.9776,0.5268,0.179750,3,16,0,137.16,1.0000,0.0614,0.003899,4.263
596567,520,466,986,208,27,161,342.24,0.9183,0.5166,0.167691,12,8,7,36.56,0.1455,0.0519,0.002672,4.133
596569,520,456,976,234,8,29,26.89,0.9956,0.5257,0.177580,8,13,11,169.33,0.1836,0.0608,0.003636,4.243
596585,520,365,885,253,77,51,31.41,0.9882,0.6129,0.264330,36,40,40,196.82,0.0578,0.1699,0.020458,4.461
596589,520,439,959,228,63,17,34.61,0.9765,0.5465,0.200923,9,17,40,267.13,0.6017,0.0860,0.006122,4.471
596599,520,451,971,219,13,178,339.50,0.9775,0.5419,0.185647,27,7,24,333.33,0.5778,0.0748,0.004509,4.323
596612,520,385,905,220,30,244,322.56,0.9812,0.5931,0.226779,49,22,53,322.31,0.5550,0.1505,0.014839,4.269
596617,520,382,902,248,77,51,31.54,0.9616,0.6034,0.255066,24,37,59,260.50,0.4350,0.1610,0.018330,4.465
596623,520,462,982,181,72,197,322.35,0.7736,0.5311,0.184909,11,3,31,292.59,0.8019,0.0521,0.002352,4.487
596624,520,274,794,252,123,167,0.28,0.9207,0.7014,0.376543,7,69,52,168.80,0.9416,0.2511,0.045491,4.467
596625,520,309,829,240,105,186,345.92,0.8408,0.6627,0.321762,18,58,61,202.11,0.6533,0.2220,0.034915,4.378
596628,520,372,892,239,48,203,337.46,0.9453,0.6090,0.247792,1,28,101,263.05,0.9888,0.1669,0.017764,4.395
596638,520,389,909,181,85,249,307.92,0.9445,0.5853,0.231611,4,42,20,153.44,0.9546,0.1487,0.017322,4.183
596645,520,368,888,230,88,146,358.03,0.7732,0.6066,0.258803,16,41,68,252.29,0.6275,0.1736,0.021133,4.341
596651,520,443,963,176,72,219,314.32,0.8282,0.5390,0.189803,18,1,54,288.40,0.9721,0.0766,0.004166,4.427
596653,520,283,803,208,139,211,325.34,0.6187,0.6864,0.365794,59,61,6,111.80,0.8985,0.2491,0.042805,4.480
596664,520,364,884,254,30,165,351.48,0.9918,0.6082,0.247195,15,48,25,150.88,0.8234,0.1747,0.022856,4.079
596675,520,471,991,219,14,135,353.51,0.9670,0.5207,0.171260,13,1,10,335.55,0.7399,0.0369,0.001292,4.314
596693,520,368,888,228,25,249,323.46,0.9888,0.6082,0.240311,23,25,102,272.71,0.9013,0.1726,0.018366,4.246
596708,520,470,990,218,57,55,26.29,0.9003,0.5238,0.181101,11,3,12,323.95,0.5312,0.0407,0.001628,4.476
596715,520,311,831,244,84,226,332.66,0.9453,0.6623,0.310674,12,62,30,151.09,0.9394,0.2223,0.036170,4.186
596721,520,451,971,217,71,36,34.45,0.9167,0.5358,0.193881,1,18,12,170.27,0.9139,0.0687,0.004656,4.462
596726,520,474,994,191,23,216,321.57,0.9639,0.5202,0.166485,2,3,6,264.98,0.3127,0.0283,0.000912,4.252
596732,520,430,950,225,3,173,342.36,0.9951,0.5485,0.190924,37,16,22,2.45,0.4199,0.1049,0.008219,4.138
596733,520,466,986,197,43,190,330.19,0.8780,0.5235,0.173175,2,9,19,249.15,0.6163,0.0498,0.002553,4.247
596740,520,407,927,252,3,92,13.20,0.9980,0.5724,0.215370,16,22,74,271.66,0.8330,0.1315,0.011783,4.295
596752,520,372,892,203,121,111,27.65,0.5257,0.6076,0.275206,1,48,35,168.98,0.9841,0.1723,0.022416,4.491
596755,520,404,924,224,89,67,31.52,0.8253,0.5771,0.233998,17,36,17,144.06,0.6394,0.1345,0.014214,4.423
596759,520,344,864,242,56,213,335.51,0.9451,0.6256,0.265125,7,32,108,264.52,0.9359,0.1855,0.021608,4.401
596777,520,465,985,201,55,152,344.58,0.7961,0.5193,0.174188,7,5,25,284.64,0.6538,0.0487,0.002239,4.292
596778,520,400,920,241,53,116,6.94,0.9061,0.5789,0.225111,60,14,13,25.37,0.7684,0.1407,0.013040,4.364
596801,520,427,947,189,48,249,312.67,0.9687,0.5580,0.197734,24,21,21,17.57,0.0611,0.0984,0.007847,4.283
596812,520,473,993,228,21,76,16.05,0.9728,0.5231,0.175551,9,0,14,317.08,1.0000,0.0312,0.000898,4.431
596822,520,423,943,188,75,220,317.97,0.8343,0.5611,0.208920,53,0,17,7.91,1.0000,0.1088,0.007975,4.466
596827,520,477,997,151,94,176,314.84,0.5666,0.5096,0.177198,3,0,15,291.58,1.0000,0.0243,0.000538,4.496
596843,520,443,963,198,27,220,322.48,0.9620,0.5369,0.179586,16,18,10,119.47,0.2708,0.0795,0.005647,4.126
596852,520,401,921,233,27,196,337.78,0.9695,0.5830,0.220957,6,14,100,266.65,0.9770,0.1440,0.012728,4.320
596869,520,441,961,216,5,181,337.83,0.9908,0.5362,0.180460,19,19,17,106.78,0.0564,0.0869,0.006447,4.083
596872,520,377,897,227,36,228,327.99,0.9697,0.5964,0.231964,65,19,32,6.03,0.6409,0.1630,0.016940,4.212
596877,520,457,977,221,17,134,354.38,0.9612,0.5252,0.174969,12,13,2,112.74,0.6712,0.0615,0.003704,4.189
596901,520,391,911,243,19,182,343.93,0.9829,0.5913,0.229009,27,8,99,278.60,0.9623,0.1489,0.013075,4.423
596915,520,402,922,210,45,236,321.57,0.9520,0.5788,0.216363,57,6,33,353.32,0.7835,0.1310,0.011101,4.359
596921,520,453,973,202,81,90,18.64,0.7022,0.5308,0.191816,21,10,5,49.25,0.4270,0.0655,0.003875,4.488
596940,520,22,542,245,252,201,113.99,0.9433,0.9688,0.932504,28,133,1,141.07,0.9994,0.4645,0.170234,4.461
596947,520,424,944,252,4,30,27.00,0.9985,0.5637,0.208798,44,15,4,42.35,0.7565,0.1101,0.008860,4.397
596950,520,400,920,252,40,84,17.45,0.9811,0.5837,0.228568,16,29,67,266.68,0.6920,0.1407,0.013941,4.357
596956,520,425,945,238,52,42,28.69,0.9497,0.5577,0.208035,5,20,60,264.06,0.8709,0.1072,0.008588,4.404
596977,520,445,965,217,49,143,351.76,0.8491,0.5393,0.189339,12,21,12,144.59,0.3823,0.0847,0.006410,4.243
596982,520,374,894,252,41,127,3.82,0.9741,0.5955,0.238172,61,22,37,358.25,0.5606,0.1623,0.016996,4.301
596995,520,479,999,158,46,251,302.88,0.9781,0.5135,0.161886,2,0,1,344.76,1.0000,0.0130,0.000151,4.225
597003,520,446,966,228,24,129,357.85,0.9516,0.5398,0.187351,13,12,42,279.98,0.6706,0.0799,0.005157,4.303
597004,520,454,974,214,68,83,18.84,0.8096,0.5335,0.190573,29,5,0,42.44,1.0000,0.0659,0.003698,4.480
597016,520,284,804,233,111,243,324.53,0.9351,0.6897,0.351656,4,68,69,196.55,0.9427,0.2540,0.045895,4.188
597034,520,393,913,214,60,220,326.39,0.9065,0.5859,0.226971,24,34,44,248.82,0.2689,0.1438,0.015201,4.248
597037,520,376,896,201,79,240,316.84,0.9111,0.5992,0.243021,40,30,61,297.16,0.4695,0.1600,0.017166,4.363
597050,520,474,994,174,30,245,309.72,0.9696,0.5205,0.165207,2,3,10,271.66,0.5048,0.0301,0.000999,4.220
597057,520,450,970,189,77,183,329.77,0.7332,0.5415,0.195469,3,17,22,221.12,0.6268,0.0712,0.004782,4.481
597062,520,480,1000,222,27,73,16.79,0.9573,0.5125,0.167973,0,0,0,0.00,0.0000,0.0000,0.000000,4.359
597069,520,470,990,174,12,248,309.47,0.9912,0.5164,0.160398,1,7,1,143.33,0.9335,0.0368,0.001606,4.077
597104,520,408,928,208,83,160,345.50,0.7145,0.5685,0.221364,62,7,3,30.47,0.9390,0.1345,0.011828,4.389
597122,520,354,874,233,15,252,324.05,0.9952,0.6160,0.246960,41,20,97,287.63,0.8360,0.1750,0.018348,4.345
597129,520,354,874,214,98,201,331.92,0.7589,0.6197,0.272503,63,33,26,34.03,0.4557,0.1837,0.022192,4.467
597136,520,413,933,232,51,146,354.18,0.8846,0.5705,0.216016,27,25,45,287.50,0.3761,0.1234,0.011177,4.348
597141,520,445,965,240,1,61,20.55,0.9993,0.5406,0.188873,28,13,12,24.10,0.3672,0.0825,0.005613,4.295
597148,520,418,938,221,62,145,353.01,0.8179,0.5596,0.208642,10,1,91,269.87,0.9975,0.1177,0.008415,4.428
597149,520,399,919,236,67,117,7.65,0.8548,0.5826,0.231345,29,23,65,285.56,0.6423,0.1358,0.012556,4.497
597152,520,475,995,145,71,243,298.10,0.9183,0.5156,0.169975,7,0,21,299.43,1.0000,0.0334,0.000993,4.314
597195,520,459,979,179,2,255,309.59,1.0000,0.5283,0.168481,13,2,38,291.37,0.8938,0.0576,0.002689,4.147
597196,520,397,917,239,48,139,357.89,0.9100,0.5789,0.223318,49,1,72,310.59,0.9702,0.1382,0.011426,4.450
597203,520,381,901,242,42,185,343.24,0.9477,0.6010,0.240390,25,42,22,140.76,0.5345,0.1604,0.019205,4.196
597205,520,480,1000,198,43,169,337.15,0.8490,0.5124,0.165999,0,0,0,0.00,0.0000,0.0000,0.000000,4.320
597210,520,419,939,234,17,146,353.07,0.9742,0.5563,0.199716,24,25,13,112.19,0.3414,0.1066,0.009185,4.219
597212,520,362,882,242,10,227,331.83,0.9958,0.6135,0.246432,52,9,97,298.50,0.9062,0.1766,0.017885,4.367
597267,520,281,801,210,133,228,319.84,0.7537,0.6863,0.360793,23,69,3,138.65,0.9914,0.2469,0.044448,4.349
597282,520,319,839,209,134,136,17.96,0.4840,0.6488,0.323846,66,49,14,82.34,0.7106,0.2250,0.033867,4.458
597297,520,480,1000,197,71,106,6.70,0.7101,0.5121,0.174193,0,0,0,0.00,0.0000,0.0000,0.000000,4.484
597309,520,408,928,241,55,89,16.62,0.9171,0.5736,0.221577,34,25,46,303.09,0.3889,0.1317,0.012326,4.357
597336,520,441,961,227,11,134,355.51,0.9797,0.5357,0.182943,39,3,30,339.58,0.7863,0.0907,0.005903,4.167
597345,520,467,987,229,19,17,28.79,0.9885,0.5172,0.171673,4,2,30,277.95,0.9117,0.0424,0.001630,4.294
597365,520,465,985,187,3,234,316.36,0.9971,0.5226,0.165717,2,5,32,268.00,0.8965,0.0492,0.002257,4.128
597374,520,456,976,178,77,198,320.71,0.7537,0.5339,0.188510,2,11,32,259.97,0.7993,0.0620,0.003565,4.453
597376,520,404,924,226,42,200,335.08,0.9362,0.5802,0.219973,61,5,19,12.52,0.8559,0.1332,0.011478,4.391
597379,520,376,896,242,8,204,337.59,0.9949,0.5990,0.234135,43,37,13,95.51,0.5774,0.1617,0.018658,4.138
597395,520,392,912,253,11,137,359.51,0.9916,0.5893,0.229318,10,15,103,268.01,0.9728,0.1511,0.013853,4.374
597405,520,439,959,239,31,65,20.95,0.9699,0.5486,0.197156,43,4,9,17.33,0.8287,0.0920,0.006202,4.398
597417,520,396,916,211,73,196,332.45,0.8197,0.5794,0.226014,5,38,40,200.85,0.7919,0.1430,0.015716,4.200
597426,520,452,972,227,9,107,4.89,0.9848,0.5255,0.175907,1,1,58,265.63,0.9961,0.0671,0.003336,4.236
597447,520,262,782,252,129,168,1.36,0.9128,0.7116,0.392259,40,70,38,142.75,0.6191,0.2648,0.049713,4.435
597460,520,10,530,245,255,253,182.88,1.0000,0.9907,0.980240,7,137,4,142.42,0.9981,0.4746,0.179445,4.490
597474,520,314,834,250,44,251,327.99,0.9885,0.6551,0.290933,58,49,30,85.23,0.3581,0.2171,0.031900,4.163
597485,520,353,873,222,64,246,322.00,0.9605,0.6199,0.258522,32,31,93,277.77,0.7510,0.1812,0.020773,4.359
597513,520,450,970,238,18,69,18.92,0.9845,0.5418,0.190427,10,13,35,274.69,0.5720,0.0744,0.004737,4.392
597521,520,425,945,245,11,78,16.75,0.9920,0.5564,0.202054,48,6,10,19.78,0.8141,0.1052,0.007806,4.360
597525,520,471,991,219,48,66,21.30,0.9088,0.5191,0.175700,12,0,15,322.12,1.0000,0.0352,0.001127,4.415
597537,520,457,977,199,71,148,346.88,0.7265,0.5319,0.187885,8,15,3,130.90,0.6706,0.0635,0.003998,4.405
597542,520,454,974,203,10,201,328.87,0.9837,0.5262,0.171325,4,18,1,137.99,0.9672,0.0680,0.004606,4.053
597547,520,341,861,211,125,127,18.76,0.5400,0.6313,0.300502,18,57,6,139.53,0.9757,0.2036,0.030679,4.344
597548,520,334,854,217,104,206,331.20,0.7630,0.6358,0.291104,24,52,40,164.19,0.5272,0.1970,0.028033,4.371
597551,520,454,974,192,30,228,318.80,0.9605,0.5345,0.177379,25,9,12,8.58,0.4180,0.0708,0.004286,4.189
597553,520,391,911,200,67,243,316.42,0.9349,0.5867,0.227661,67,7,30,3.68,0.8111,0.1517,0.014392,4.312
597570,520,192,712,230,166,239,322.34,0.8200,0.7784,0.503287,5,88,80,184.11,0.9644,0.3243,0.075905,4.394
597574,520,422,942,202,31,245,317.65,0.9749,0.5648,0.201307,7,2,87,268.57,0.9952,0.1117,0.007766,4.350
597575,520,396,916,205,100,143,355.99,0.6066,0.5825,0.240784,26,33,42,254.87,0.2148,0.1416,0.014745,4.491
597584,520,470,990,203,42,172,337.55,0.8651,0.5225,0.173329,11,6,3,61.99,0.3484,0.0449,0.002080,4.288
597586,520,323,843,231,121,95,34.42,0.7515,0.6462,0.314923,0,60,3,143.24,1.0000,0.2079,0.032381,4.430
597594,520,337,857,238,65,235,328.78,0.9487,0.6393,0.279584,35,52,36,146.08,0.3722,0.2034,0.029406,4.151
597605,520,366,886,220,60,237,323.70,0.9387,0.6071,0.245638,62,24,48,343.81,0.5546,0.1725,0.018909,4.290
597610,520,426,946,237,49,85,16.73,0.9239,0.5598,0.208602,11,24,51,263.13,0.6363,0.1123,0.009634,4.336
597622,520,429,949,237,50,28,30.67,0.9681,0.5529,0.203728,28,20,1,88.94,0.8953,0.0956,0.007494,4.413
597633,520,479,999,188,44,185,329.01,0.8547,0.5054,0.159970,1,0,4,296.85,1.0000,0.0133,0.000152,4.187
597643,520,458,978,199,16,215,324.12,0.9787,0.5307,0.174207,21,4,19,331.87,0.6244,0.0582,0.002933,4.236
597650,520,443,963,183,71,201,321.87,0.7896,0.5356,0.187920,8,7,58,272.86,0.9354,0.0829,0.005090,4.319
597655,520,469,989,194,25,203,325.78,0.9489,0.5166,0.164780,0,10,1,146.31,1.0000,0.0435,0.002193,4.115
597663,520,473,993,188,63,174,332.63,0.7696,0.5171,0.173039,3,4,6,260.13,0.1870,0.0326,0.001193,4.357
597672,520,409,929,221,83,101,15.83,0.7593,0.5701,0.225007,41,27,17,56.39,0.3674,0.1336,0.012958,4.368
597687,520,325,845,246,77,204,339.47,0.9383,0.6463,0.292631,66,42,4,73.36,0.8748,0.2061,0.028231,4.380
597688,520,343,863,236,73,204,336.86,0.8949,0.6254,0.269602,20,45,71,251.20,0.5803,0.1891,0.024803,4.273
597699,520,261,781,220,147,185,347.26,0.5502,0.7060,0.395874,67,65,24,106.41,0.6396,0.2717,0.050399,4.441
597704,520,228,748,251,156,59,61.80,0.9478,0.7376,0.446046,27,82,22,141.94,0.9530,0.2947,0.063253,4.380
597706,520,479,999,189,43,194,326.63,0.8752,0.5124,0.164431,1,0,3,302.89,1.0000,0.0124,0.000130,4.277
597718,520,370,890,193,97,243,312.27,0.8949,0.6139,0.263589,49,38,1,91.81,0.9601,0.1706,0.020414,4.453
597722,520,328,848,239,95,188,343.98,0.8556,0.6482,0.301686,17,50,76,245.51,0.6603,0.2056,0.029220,4.439
597744,520,366,886,253,41,168,350.73,0.9832,0.6129,0.252991,18,47,0,135.99,1.0000,0.1687,0.021616,4.231
597766,520,457,977,211,27,173,339.15,0.9313,0.5289,0.176521,9,2,42,282.14,0.9364,0.0578,0.002687,4.299
597769,520,445,965,216,74,49,32.32,0.8753,0.5391,0.197207,37,5,6,22.44,0.7818,0.0815,0.005151,4.482
597800,520,465,985,209,15,173,338.52,0.9645,0.5206,0.169162,1,6,29,263.31,0.9011,0.0483,0.002254,4.194
597801,520,477,997,181,78,155,338.35,0.6563,0.5149,0.176404,0,1,13,263.17,1.0005,0.0222,0.000508,4.483
597803,520,452,972,210,10,182,336.04,0.9798,0.5266,0.172983,16,8,32,296.01,0.6130,0.0678,0.003881,4.138
597807,520,444,964,151,87,231,300.67,0.8239,0.5359,0.191655,19,9,40,294.17,0.6790,0.0785,0.004870,4.404
597817,520,432,952,228,65,14,35.33,0.9807,0.5486,0.203091,22,17,45,288.78,0.5561,0.1002,0.007609,4.393
597820,520,378,898,240,52,170,347.79,0.9140,0.5967,0.238865,49,8,88,300.38,0.8959,0.1617,0.015313,4.423
597834,520,475,995,227,26,60,21.06,0.9702,0.5201,0.173989,12,0,8,338.25,1.0000,0.0319,0.000957,4.396
597853,520,373,893,255,47,104,12.29,1.0000,0.5987,0.242962,45,31,50,316.97,0.3412,0.1617,0.017682,4.329
597854,520,342,862,237,99,121,13.14,0.8007,0.6260,0.283114,16,41,93,262.65,0.8061,0.1940,0.024862,4.450
597893,520,445,965,227,17,151,349.92,0.9688,0.5446,0.189689,6,22,3,139.29,0.9192,0.0814,0.006191,4.266
597898,520,460,980,206,64,139,351.98,0.7673,0.5319,0.186547,9,11,17,270.18,0.2143,0.0592,0.003379,4.431
597908,520,432,952,233,44,70,20.47,0.9384,0.5451,0.195703,12,17,50,272.44,0.7003,0.0958,0.007093,4.304
597958,520,430,950,156,86,245,299.93,0.9063,0.5517,0.203164,23,25,5,114.12,0.6633,0.1039,0.008884,4.299
597961,520,448,968,197,84,132,356.09,0.6473,0.5399,0.198786,5,21,25,215.38,0.5556,0.0847,0.006388,4.412
597962,520,452,972,197,2,223,321.70,0.9977,0.5301,0.172431,11,14,20,264.09,0.2061,0.0688,0.004357,4.092
597969,520,463,983,234,18,36,26.24,0.9885,0.5289,0.180556,4,6,27,272.61,0.7166,0.0496,0.002352,4.404
597971,520,457,977,200,11,216,324.17,0.9864,0.5319,0.174783,22,4,12,352.33,0.5929,0.0566,0.002840,4.254
597991,520,379,899,245,34,185,343.73,0.9649,0.6023,0.240625,62,24,3,46.95,0.8584,0.1595,0.016841,4.348
598003,520,416,936,239,8,163,348.59,0.9909,0.5717,0.211718,32,3,79,290.33,0.9581,0.1237,0.009367,4.408
598006,520,456,976,203,49,171,338.02,0.8392,0.5274,0.178353,19,0,40,301.11,1.0000,0.0619,0.002917,4.315
598025,520,404,924,234,50,154,351.73,0.8956,0.5769,0.221096,48,6,63,315.02,0.8351,0.1340,0.011176,4.431
598029,520,460,980,184,57,207,321.02,0.8505,0.5256,0.176229,11,9,30,284.61,0.5692,0.0638,0.003603,4.220
598038,520,273,793,254,103,222,336.77,0.9931,0.6988,0.360481,50,69,3,125.67,0.9709,0.2646,0.049409,4.129
598049,520,420,940,204,74,182,335.07,0.7733,0.5612,0.211141,43,11,39,332.82,0.6535,0.1143,0.008995,4.427
598050,520,458,978,145,93,216,300.42,0.7377,0.5272,0.188065,19,7,24,315.46,0.5325,0.0643,0.003564,4.445
598056,520,359,879,218,67,245,321.07,0.9534,0.6157,0.255142,42,38,61,291.47,0.3341,0.1815,0.022154,4.229
598058,520,342,862,252,60,182,346.98,0.9740,0.6304,0.273079,66,30,36,10.68,0.4736,0.1855,0.022143,4.478
598067,520,334,854,243,48,236,329.84,0.9714,0.6358,0.272275,67,17,89,313.02,0.7959,0.1995,0.023156,4.405
598070,520,421,941,229,48,131,358.81,0.8835,0.5567,0.204134,1,32,16,157.27,0.9791,0.1128,0.010768,4.182
598084,520,438,958,233,57,0,34.41,1.0000,0.5499,0.202529,30,11,34,320.44,0.5692,0.0913,0.006309,4.485
598099,520,468,988,188,14,221,319.59,0.9820,0.5160,0.162273,10,3,22,300.34,0.6987,0.0449,0.001876,4.092
598117,520,477,997,215,22,129,355.02,0.9384,0.5129,0.166083,2,2,4,284.11,0.2654,0.0240,0.000651,4.266
598123,520,398,918,249,24,136,359.48,0.9751,0.5845,0.225741,15,17,86,271.53,0.9292,0.1350,0.011743,4.466
598134,520,455,975,234,8,77,15.81,0.9920,0.5322,0.182051,22,3,31,313.79,0.7750,0.0645,0.003346,4.350
598147,520,417,937,233,32,167,346.46,0.9460,0.5697,0.211495,32,0,82,289.63,1.0000,0.1236,0.009163,4.420
598167,520,428,948,190,76,206,322.57,0.7949,0.5559,0.205736,47,4,3,28.15,0.9194,0.0987,0.006979,4.488
598195,520,454,974,119,96,249,284.48,0.9386,0.5317,0.191269,3,18,24,224.19,0.6511,0.0748,0.005179,4.372
598199,520,441,961,220,72,2,38.62,0.9961,0.5410,0.198573,33,11,29,334.59,0.5412,0.0928,0.006514,4.398
598209,520,426,946,193,99,125,3.75,0.5490,0.5556,0.217433,4,30,16,156.95,0.8864,0.1079,0.009917,4.463
598229,520,448,968,233,15,93,10.83,0.9811,0.5355,0.184587,34,9,5,32.94,0.6732,0.0828,0.005465,4.229
598233,520,351,871,241,33,248,326.68,0.9867,0.6326,0.265685,84,11,3,31.28,0.9642,0.1874,0.021311,4.427
598292,520,467,987,141,69,253,295.18,0.9842,0.5173,0.170109,7,4,19,292.31,0.5889,0.0427,0.001790,4.250
598301,520,373,893,228,32,230,327.78,0.9761,0.5976,0.232425,36,39,22,116.65,0.3625,0.1611,0.018840,4.103
598316,520,429,949,202,78,162,342.38,0.7207,0.5527,0.206158,27,2,69,290.36,0.9630,0.1048,0.007061,4.489
598319,520,335,855,245,32,247,327.83,0.9882,0.6383,0.271637,52,45,24,91.63,0.4221,0.1972,0.026728,4.192
598324,520,479,999,203,57,123,357.35,0.7829,0.5123,0.170549,0,0,6,264.05,1.0000,0.0126,0.000131,4.399
598325,520,399,919,255,37,0,31.11,1.0000,0.5801,0.225870,42,16,61,307.81,0.7001,0.1357,0.011998,4.450
598344,520,398,918,239,62,91,16.84,0.8968,0.5765,0.225544,26,36,27,147.54,0.2639,0.1441,0.015605,4.200
598348,520,384,904,228,63,187,339.84,0.8741,0.5928,0.236393,34,23,77,287.01,0.7199,0.1519,0.014887,4.414
598351,520,415,935,252,19,56,23.11,0.9902,0.5697,0.214505,39,24,20,35.54,0.2987,0.1244,0.011352,4.311
598354,520,451,971,239,9,51,23.11,0.9944,0.5388,0.187884,19,10,20,323.19,0.3492,0.0681,0.004060,4.400
598366,520,419,939,214,83,102,14.62,0.7280,0.5579,0.214442,15,26,42,257.68,0.4303,0.1138,0.010075,4.402
598373,520,432,952,235,57,4,34.05,0.9956,0.5540,0.206003,21,21,31,284.46,0.2315,0.0997,0.007947,4.418
598374,520,464,984,201,72,100,10.68,0.7241,0.5189,0.179743,14,4,23,307.56,0.6496,0.0518,0.002421,4.383
598381,520,468,988,197,64,152,344.00,0.7543,0.5218,0.178059,6,3,19,291.25,0.6642,0.0392,0.001509,4.428
598390,520,475,995,227,22,69,18.17,0.9730,0.5200,0.173373,8,0,6,335.23,1.0000,0.0260,0.000648,4.410
598399,520,355,875,237,49,221,332.15,0.9557,0.6167,0.254243,56,31,57,325.60,0.4486,0.1810,0.021162,4.275
598405,520,418,938,238,54,7,33.22,0.9931,0.5574,0.208340,20,20,61,278.07,0.6993,0.1178,0.009859,4.316
598434,520,433,953,209,92,57,37.22,0.7900,0.5541,0.215071,10,27,19,162.06,0.5190,0.1028,0.008954,4.496
598436,520,420,940,234,55,85,17.30,0.9039,0.5589,0.208837,27,3,72,288.60,0.9529,0.1097,0.007660,4.489
598452,520,356,876,230,96,150,357.69,0.7545,0.6192,0.273932,1,47,62,225.85,0.9646,0.1819,0.023872,4.385
598455,520,296,816,222,128,194,339.16,0.6751,0.6767,0.348647,8,68,23,146.93,0.9793,0.2406,0.042476,4.311
598466,520,463,983,235,9,75,16.55,0.9915,0.5342,0.183687,18,1,19,326.22,0.8048,0.0475,0.001973,4.496
598506,520,381,901,220,71,212,330.17,0.8778,0.6014,0.244777,68,16,27,11.93,0.7159,0.1630,0.016789,4.414
598519,520,477,997,194,68,121,357.78,0.7117,0.5080,0.169858,1,1,11,275.11,0.8474,0.0225,0.000523,4.352
598549,520,424,944,196,44,245,315.68,0.9549,0.5627,0.201311,5,29,28,191.38,0.6989,0.1094,0.009948,4.192
598559,520,426,946,247,22,0,30.10,1.0000,0.5563,0.203516,25,9,66,287.43,0.8562,0.1089,0.007954,4.374
598567,520,418,938,174,95,202,316.54,0.6871,0.5580,0.214482,51,10,32,351.18,0.6924,0.1237,0.010253,4.390
598573,520,452,972,225,26,105,5.98,0.9470,0.5264,0.177691,15,10,33,290.44,0.5727,0.0712,0.004284,4.194
598574,520,442,962,229,20,124,359.64,0.9631,0.5385,0.186164,29,10,6,34.70,0.5458,0.0768,0.004915,4.301
598587,520,446,966,173,95,172,327.62,0.5847,0.5392,0.200482,7,17,39,263.50,0.6294,0.0840,0.005925,4.479
598591,520,382,902,248,50,142,358.71,0.9397,0.5987,0.241940,15,45,16,144.15,0.8872,0.1627,0.020157,4.161
598601,520,479,999,131,78,244,292.12,0.9179,0.5099,0.168057,0,1,1,194.77,1.0000,0.0143,0.000239,4.340
598618,520,476,996,226,17,52,22.48,0.9845,0.5132,0.168205,3,2,3,326.14,0.1845,0.0248,0.000694,4.304
598629,520,430,950,236,23,98,9.96,0.9691,0.5458,0.193307,13,13,61,274.82,0.8590,0.0991,0.007103,4.261
598643,520,386,906,244,27,163,349.98,0.9684,0.5868,0.226645,14,39,37,188.46,0.5357,0.1488,0.016779,4.143
598648,520,387,907,179,88,251,306.54,0.9581,0.5883,0.235289,59,22,13,34.90,0.6680,0.1517,0.015328,4.367
598652,520,351,871,255,70,133,5.05,1.0000,0.6259,0.273373,61,35,42,2.47,0.3418,0.1901,0.023614,4.393
598655,520,386,906,227,22,233,326.88,0.9866,0.5941,0.227902,1,28,85,261.53,0.9829,0.1488,0.014927,4.280
598658,520,449,969,160,71,252,301.57,0.9749,0.5424,0.190088,19,0,47,295.10,1.0000,0.0685,0.003437,4.493
598666,520,430,950,217,81,21,40.03,0.9500,0.5483,0.206932,29,18,36,311.42,0.4089,0.1043,0.008212,4.414
598684,520,343,863,250,58,182,346.45,0.9594,0.6252,0.267307,5,53,18,147.81,0.9773,0.1866,0.026220,4.163
598688,520,459,979,145,86,236,297.54,0.8517,0.5312,0.187316,20,7,23,320.04,0.5224,0.0649,0.003626,4.425
598698,520,389,909,229,89,65,31.95,0.8493,0.5858,0.241871,33,37,7,116.34,0.7404,0.1493,0.016618,4.381
598714,520,321,841,232,102,202,337.33,0.8293,0.6534,0.309251,9,59,1,140.88,0.9971,0.2068,0.031881,4.387
598717,520,398,918,208,95,145,354.54,0.6448,0.5799,0.236405,3,36,54,237.39,0.8457,0.1439,0.015474,4.374
598718,520,474,994,198,20,203,326.94,0.9635,0.5216,0.168196,10,0,6,340.52,1.0000,0.0285,0.000777,4.297
598720,520,294,814,252,105,173,354.13,0.9462,0.6766,0.338188,12,68,31,150.04,0.9554,0.2431,0.043112,4.169
598721,520,423,943,246,24,71,19.37,0.9815,0.5611,0.207045,29,24,4,96.09,0.7113,0.1076,0.009233,4.340
598732,520,470,990,178,72,191,323.18,0.7552,0.5226,0.178624,18,1,11,343.45,0.7728,0.0438,0.001745,4.418
598738,520,379,899,239,39,191,340.74,0.9526,0.5969,0.235663,69,12,30,6.65,0.7624,0.1611,0.016221,4.314
598744,520,291,811,251,78,240,330.67,0.9837,0.6755,0.322521,110,7,0,30.61,1.0000,0.2439,0.034676,4.399
598745,520,397,917,232,22,194,338.07,0.9757,0.5781,0.216274,41,32,1,93.01,0.9469,0.1437,0.015067,4.092
598755,520,426,946,227,24,180,340.93,0.9624,0.5616,0.202821,31,14,56,298.20,0.7058,0.1136,0.008909,4.292
598762,520,338,858,254,39,216,337.30,0.9947,0.6379,0.274830,41,26,108,283.08,0.8341,0.1962,0.022929,4.454
598767,520,419,939,221,77,72,25.88,0.8302,0.5557,0.211503,43,10,28,349.72,0.6360,0.1073,0.008146,4.497
598788,520,464,984,187,53,196,325.25,0.8429,0.5189,0.170979,18,5,1,49.61,0.7341,0.0499,0.002393,4.218
598794,520,465,985,208,61,89,14.06,0.8041,0.5153,0.174709,2,11,2,143.51,0.8970,0.0481,0.002566,4.275
598797,520,473,993,172,25,253,307.60,0.9905,0.5225,0.165586,3,4,1,121.14,0.5308,0.0304,0.001084,4.220
598820,520,384,904,240,11,193,340.10,0.9914,0.5896,0.226178,2,0,114,264.83,1.0000,0.1471,0.012277,4.435
598830,520,448,968,230,53,32,30.67,0.9552,0.5415,0.194764,31,10,4,40.16,0.6488,0.0794,0.005172,4.436
598840,520,463,983,207,33,178,336.60,0.9103,0.5275,0.175695,18,3,19,325.49,0.6668,0.0521,0.002408,4.307
598855,520,432,952,242,0,70,18.34,1.0000,0.5462,0.193229,15,20,44,272.50,0.5314,0.1000,0.007837,4.205
598858,520,465,985,154,87,201,309.09,0.6994,0.5174,0.179040,16,3,24,311.94,0.7173,0.0524,0.002412,4.370
598860,520,198,718,254,160,155,23.19,0.9641,0.7664,0.485815,75,77,36,111.29,0.5466,0.3170,0.069310,4.491
598865,520,456,976,189,82,149,344.45,0.6477,0.5309,0.190248,9,7,38,279.78,0.7656,0.0643,0.003500,4.491
598874,520,454,974,232,11,102,7.51,0.9849,0.5349,0.183575,5,17,4,141.59,0.7955,0.0667,0.004419,4.292
598876,520,364,884,253,68,97,17.06,0.9816,0.6106,0.258835,41,28,82,289.92,0.6731,0.1737,0.019111,4.469
598887,520,413,933,229,21,188,339.04,0.9730,0.5688,0.208278,45,20,2,55.47,0.8326,0.1211,0.010627,4.260
598896,520,410,930,169,105,198,314.49,0.6202,0.5664,0.226161,31,18,72,288.01,0.7592,0.1350,0.011918,4.460
598924,520,195,715,241,158,251,323.02,0.9677,0.7820,0.501211,38,89,12,137.77,0.9752,0.3223,0.075831,4.381
598932,520,475,995,221,27,93,9.75,0.9440,0.5151,0.169490,1,0,27,269.66,1.0000,0.0311,0.000856,4.316
598936,520,411,931,219,46,197,334.18,0.9129,0.5687,0.210475,24,20,65,281.67,0.7101,0.1249,0.010761,4.287
598954,520,401,921,161,98,254,298.51,0.9843,0.5833,0.234684,5,37,35,189.07,0.7985,0.1375,0.014767,4.396
598956,520,382,902,213,63,236,321.96,0.9254,0.5979,0.237591,33,29,76,282.90,0.6395,0.1620,0.017238,4.277
598961,520,452,972,190,32,224,319.15,0.9519,0.5291,0.173634,6,10,44,271.04,0.8341,0.0727,0.004376,4.113
598963,520,403,923,208,71,202,329.66,0.8321,0.5758,0.221825,32,19,62,293.22,0.6701,0.1287,0.011206,4.441
598970,520,437,957,190,72,202,323.92,0.7978,0.5483,0.198475,38,4,26,344.74,0.7488,0.0884,0.005735,4.458
598980,520,413,933,237,8,158,349.71,0.9900,0.5654,0.206498,44,16,19,15.06,0.5217,0.1153,0.009531,4.309
599006,520,363,883,226,38,253,321.95,0.9922,0.6134,0.246490,70,9,43,351.87,0.7829,0.1654,0.016721,4.444
599008,520,441,961,228,58,39,30.37,0.9374,0.5428,0.196695,3,26,10,151.83,0.9239,0.0933,0.007800,4.268
599009,520,440,960,228,0,164,345.77,1.0000,0.5490,0.191771,42,1,17,1.11,0.8981,0.0874,0.005545,4.353
599062,520,399,919,243,51,123,4.55,0.9139,0.5833,0.228556,19,37,8,135.34,0.8456,0.1374,0.014791,4.299
599073,520,458,978,234,16,36,26.13,0.9901,0.5283,0.179936,6,7,35,275.00,0.7720,0.0594,0.003120,4.329
599075,520,369,889,237,33,220,332.39,0.9752,0.6072,0.242623,24,43,52,229.62,0.3706,0.1742,0.021698,4.081
599078,520,471,991,212,17,165,341.81,0.9582,0.5225,0.171168,9,6,4,62.01,0.2102,0.0434,0.001971,4.256
599082,520,329,849,247,32,253,326.95,0.9941,0.6458,0.279019,9,48,93,255.19,0.8400,0.2100,0.029621,4.132
599099,520,415,935,237,43,130,0.32,0.9180,0.5683,0.213470,12,34,5,138.53,0.9313,0.1228,0.012331,4.227
599114,520,419,939,187,55,242,313.32,0.9345,0.5550,0.197091,38,6,54,311.52,0.8099,0.1103,0.008087,4.254
599124,520,434,954,237,36,92,13.01,0.9471,0.5526,0.200422,21,0,73,282.86,1.0000,0.1003,0.006404,4.440
599139,520,418,938,223,84,8,41.49,0.9840,0.5631,0.220488,39,22,10,55.04,0.5067,0.1174,0.010271,4.488
599141,520,460,980,192,63,179,332.17,0.7843,0.5267,0.180177,7,6,42,275.95,0.8636,0.0642,0.003426,4.308
599144,520,443,963,202,54,183,333.83,0.8375,0.5370,0.186156,36,8,5,30.34,0.7196,0.0845,0.005598,4.248
599145,520,472,992,224,5,115,1.41,0.9900,0.5210,0.171964,3,2,6,297.53,0.4070,0.0263,0.000759,4.373
599153,520,430,950,190,45,234,316.43,0.9371,0.5452,0.187657,16,12,62,278.02,0.8510,0.1007,0.007209,4.154
599172,520,435,955,187,50,240,313.98,0.9343,0.5492,0.191384,27,17,2,79.13,0.7708,0.0874,0.006383,4.281
599185,520,376,896,226,82,157,351.54,0.7763,0.5962,0.246401,36,40,8,115.96,0.7408,0.1616,0.019102,4.289
599195,520,421,941,221,63,131,358.73,0.8117,0.5551,0.205683,1,23,60,258.56,0.9574,0.1120,0.009454,4.301
599199,520,300,820,254,64,246,329.95,0.9964,0.6717,0.313944,12,59,68,213.43,0.7756,0.2266,0.036233,4.220
599200,520,428,948,197,73,196,328.09,0.7915,0.5568,0.206225,15,10,69,275.98,0.9153,0.1046,0.007483,4.457
599201,520,355,875,201,114,183,335.15,0.5959,0.6177,0.278724,38,43,47,242.05,0.0962,0.1834,0.023450,4.475
599214,520,391,911,219,48,229,325.60,0.9470,0.5907,0.228332,44,14,80,298.78,0.8162,0.1529,0.014288,4.329
599234,520,436,956,236,15,121,1.82,0.9792,0.5501,0.195581,42,1,14,5.74,0.9101,0.0864,0.005457,4.428
599238,520,397,917,217,44,218,327.91,0.9403,0.5772,0.216171,2,35,46,224.48,0.8912,0.1354,0.014122,4.151
599249,520,473,993,156,63,244,302.46,0.9324,0.5208,0.171550,3,0,19,286.19,1.0000,0.0271,0.000664,4.373
599294,520,404,924,244,39,134,359.95,0.9416,0.5809,0.224086,38,27,8,79.25,0.5968,0.1277,0.012135,4.411
599298,520,366,886,246,63,147,357.67,0.9158,0.6074,0.252576,11,46,44,189.78,0.7043,0.1728,0.022069,4.198
599307,520,426,946,230,30,152,350.60,0.9410,0.5560,0.200213,5,15,76,266.78,0.9503,0.1145,0.008957,4.244
599314,520,249,769,224,157,152,23.91,0.5200,0.7203,0.422298,16,74,74,194.99,0.8046,0.2786,0.055019,4.497
599322,520,292,812,244,110,204,340.49,0.8982,0.6842,0.347472,47,58,49,150.40,0.1850,0.2364,0.038522,4.490
599323,520,437,957,216,63,138,354.74,0.7978,0.5486,0.199912,17,20,28,268.74,0.2139,0.0920,0.007033,4.382
599352,520,440,960,190,34,251,312.98,0.9809,0.5523,0.190575,2,21,41,250.04,0.8138,0.0921,0.007093,4.214
599372,520,409,929,250,5,101,10.28,0.9962,0.5709,0.213757,49,10,51,325.83,0.7355,0.1310,0.011092,4.317
599381,520,451,971,193,9,244,315.74,0.9937,0.5421,0.180659,18,8,26,308.36,0.5220,0.0662,0.003769,4.290
599386,520,425,945,180,58,252,308.89,0.9806,0.5557,0.197586,1,28,37,223.03,0.9195,0.1086,0.009705,4.147
599398,520,471,991,222,30,91,10.85,0.9386,0.5182,0.172162,12,0,15,322.12,1.0000,0.0352,0.001127,4.345
599405,520,427,947,240,23,125,1.46,0.9685,0.5622,0.206219,25,16,36,303.60,0.4518,0.0954,0.007046,4.491
599419,520,449,969,213,67,114,5.03,0.7761,0.5388,0.193776,27,7,18,347.74,0.5390,0.0721,0.004287,4.491
599420,520,431,951,194,28,240,316.63,0.9734,0.5464,0.185925,42,14,0,49.97,1.0000,0.1040,0.008064,4.063
599442,520,459,979,170,89,177,324.29,0.6268,0.5275,0.188660,26,3,17,344.91,0.7030,0.0624,0.003252,4.482
599467,520,426,946,232,4,176,343.09,0.9949,0.5638,0.203800,20,26,32,248.52,0.1882,0.1122,0.009918,4.236
599468,520,456,976,193,28,223,320.33,0.9604,0.5312,0.174972,6,3,45,275.29,0.9470,0.0604,0.002933,4.250
599472,520,452,972,189,90,106,11.70,0.5836,0.5274,0.191733,17,7,35,296.39,0.6801,0.0691,0.003925,4.483
599481,520,385,905,233,43,185,341.18,0.9315,0.5851,0.225569,43,34,11,88.03,0.5993,0.1532,0.016818,4.124
599487,520,322,842,253,8,251,328.78,0.9984,0.6484,0.280244,15,49,85,252.64,0.7295,0.2084,0.029539,4.152
599493,520,438,958,222,16,186,337.90,0.9764,0.5530,0.194478,18,16,43,283.61,0.5668,0.0929,0.006736,4.309
599505,520,401,921,188,72,245,312.04,0.9344,0.5759,0.219197,32,21,66,290.12,0.6716,0.1359,0.012367,4.316
599522,520,423,943,247,1,95,11.63,0.9992,0.5623,0.206256,43,8,36,336.66,0.6979,0.1085,0.008147,4.407
599527,520,278,798,240,140,29,60.75,0.9529,0.6882,0.373727,7,71,10,143.26,0.9890,0.2493,0.045734,4.426
599541,520,467,987,166,71,211,312.90,0.8015,0.5173,0.173174,15,2,13,332.68,0.6692,0.0432,0.001740,4.313
599548,520,349,869,241,13,254,325.47,0.9969,0.6306,0.261470,40,47,30,126.42,0.3218,0.1909,0.025779,4.110
599561,520,463,983,229,32,88,13.02,0.9461,0.5330,0.183986,23,3,2,29.03,0.7804,0.0527,0.002517,4.455
599567,520,453,973,220,29,129,356.41,0.9236,0.5261,0.176819,20,10,8,32.50,0.3032,0.0651,0.003834,4.213
599570,520,361,881,255,82,54,31.86,1.0000,0.6228,0.275645,53,40,14,82.59,0.6121,0.1831,0.023062,4.457
599579,520,448,968,239,30,31,27.96,0.9801,0.5441,0.193815,23,4,49,296.96,0.8575,0.0822,0.004907,4.440
599581,520,472,992,204,44,161,341.61,0.8479,0.5197,0.172139,5,1,13,302.11,0.7679,0.0290,0.000830,4.370
599598,520,458,978,173,69,212,315.32,0.8156,0.5257,0.178949,28,4,0,40.32,1.0000,0.0622,0.003338,4.292
599602,520,454,974,203,33,192,331.32,0.9212,0.5289,0.175919,8,15,30,263.92,0.4756,0.0741,0.004870,4.117
599624,520,449,969,237,26,26,28.30,0.9838,0.5377,0.188212,7,11,41,271.92,0.7561,0.0727,0.004446,4.375
599628,520,330,850,243,70,221,333.69,0.9412,0.6437,0.286582,35,45,90,271.59,0.5736,0.2132,0.029722,4.222
599633,520,440,960,238,42,11,31.29,0.9902,0.5481,0.198605,13,22,16,155.12,0.2989,0.0894,0.006968,4.364
599638,520,339,859,252,62,203,340.75,0.9794,0.6423,0.284557,78,25,49,355.17,0.6313,0.2036,0.025370,4.439
599645,520,430,950,212,30,202,330.92,0.9492,0.5499,0.191919,46,7,8,23.32,0.7990,0.1022,0.007504,4.207
599655,520,358,878,244,0,227,332.27,1.0000,0.6153,0.247821,59,35,11,62.79,0.6703,0.1790,0.021561,4.162
599696,520,278,798,255,106,197,345.66,1.0000,0.6926,0.356023,64,56,51,54.10,0.1112,0.2496,0.041574,4.434
599702,520,451,971,237,32,31,28.11,0.9772,0.5409,0.191397,24,8,6,29.86,0.4858,0.0658,0.003810,4.486
599712,520,391,911,178,85,255,305.67,1.0000,0.5860,0.231827,61,22,1,46.87,0.9399,0.1536,0.015683,4.291
599715,520,335,855,238,65,236,328.53,0.9497,0.6400,0.280164,67,10,101,307.67,0.8894,0.2042,0.023501,4.492
599720,520,348,868,231,66,242,325.27,0.9511,0.6333,0.272984,44,45,22,110.72,0.4551,0.1873,0.024702,4.324
599721,520,257,777,247,122,203,342.70,0.9070,0.7064,0.380076,6,64,108,248.20,0.8934,0.2663,0.047880,4.394
599723,520,383,903,246,70,79,22.71,0.9402,0.5957,0.245410,9,43,12,144.72,0.9445,0.1526,0.018123,4.336
599733,520,437,957,245,12,12,28.91,0.9952,0.5494,0.197055,25,16,32,309.31,0.3908,0.0930,0.006816,4.348
599739,520,445,965,233,12,124,0.16,0.9819,0.5443,0.190448,24,14,10,42.70,0.2959,0.0788,0.005302,4.348
599748,520,349,869,236,77,205,336.64,0.8886,0.6301,0.275510,35,48,11,126.45,0.7814,0.1856,0.024954,4.343
599784,520,417,937,220,11,215,329.58,0.9902,0.5665,0.203635,38,6,68,301.46,0.8724,0.1232,0.009597,4.256
599786,520,472,992,173,38,242,309.79,0.9538,0.5210,0.166822,1,1,18,271.82,0.9413,0.0270,0.000718,4.275
599806,520,366,886,253,70,83,21.84,0.9843,0.6098,0.258911,52,34,30,32.94,0.2784,0.1700,0.019679,4.433
599813,520,439,959,220,57,136,355.83,0.8288,0.5492,0.199219,34,13,16,11.98,0.4554,0.0926,0.006654,4.399
599819,520,468,988,232,6,53,22.14,0.9954,0.5234,0.175462,12,0,23,308.50,1.0000,0.0401,0.001400,4.386
599825,520,381,901,244,50,174,347.31,0.9293,0.6045,0.245734,3,40,55,230.13,0.8704,0.1566,0.018127,4.341
599833,520,285,805,238,115,225,331.53,0.8990,0.6929,0.358771,17,68,59,178.74,0.7870,0.2531,0.045690,4.272
599834,520,382,902,238,89,64,31.88,0.8960,0.6018,0.256950,6,43,48,208.15,0.7956,0.1632,0.019798,4.398
599837,520,451,971,180,64,226,314.41,0.8719,0.5408,0.188621,34,0,3,20.03,1.0000,0.0658,0.003467,4.463
599851,520,396,916,198,113,67,47.81,0.6715,0.5755,0.242229,18,38,19,145.17,0.6284,0.1420,0.015618,4.453
599886,520,432,952,225,66,72,23.15,0.8702,0.5499,0.203746,14,15,55,275.86,0.7665,0.0976,0.007108,4.443
599895,520,439,959,197,70,187,331.07,0.7827,0.5478,0.198401,9,12,53,272.62,0.8487,0.0867,0.005780,4.453
599913,520,321,841,254,94,126,11.69,0.9825,0.6496,0.305860,31,57,15,135.50,0.8719,0.2120,0.032520,4.312
599936,520,431,951,234,10,129,358.60,0.9853,0.5477,0.192975,21,19,44,284.86,0.5040,0.1028,0.008070,4.184
600009,520,408,928,237,33,147,353.88,0.9439,0.5690,0.212019,2,27,64,257.66,0.9232,0.1261,0.011669,4.249
600011,520,412,932,208,74,183,335.94,0.7844,0.5684,0.217282,34,20,40,315.26,0.4279,0.1172,0.009936,4.459
600022,520,424,944,197,25,249,315.53,0.9822,0.5574,0.194066,32,6,62,298.63,0.8591,0.1091,0.007851,4.219
600026,520,404,924,244,51,86,17.32,0.9335,0.5756,0.222760,5,17,88,266.23,0.9604,0.1324,0.011377,4.444
600032,520,415,935,252,11,58,22.35,0.9947,0.5679,0.212440,35,13,63,299.16,0.7610,0.1233,0.010041,4.371
600041,520,474,994,212,9,161,343.00,0.9773,0.5181,0.167679,2,3,15,272.68,0.6692,0.0326,0.001125,4.258
600043,520,460,980,215,9,174,339.69,0.9818,0.5311,0.177008,28,1,14,352.11,0.8266,0.0604,0.003003,4.283
600044,520,472,992,198,47,174,335.54,0.8411,0.5185,0.170966,0,0,26,264.05,1.0000,0.0289,0.000746,4.354
600047,520,459,979,225,14,134,355.16,0.9723,0.5324,0.180456,8,7,36,278.71,0.7512,0.0618,0.003309,4.323
600056,520,442,962,239,0,52,22.57,1.0000,0.5370,0.186020,14,19,18,181.92,0.1306,0.0827,0.006028,4.213
600063,520,466,986,227,26,76,16.28,0.9629,0.5231,0.175944,22,4,3,27.94,0.6689,0.0538,0.002640,4.292
600103,520,479,999,118,86,248,285.87,0.9416,0.5126,0.172841,1,0,5,292.48,1.0000,0.0142,0.000174,4.441
600121,520,397,917,237,54,127,2.37,0.8894,0.5754,0.221782,23,21,79,277.08,0.8180,0.1398,0.012830,4.326
600130,520,372,892,236,4,234,328.82,0.9983,0.6064,0.238628,65,9,73,322.24,0.8173,0.1748,0.018004,4.244
600142,520,290,810,232,142,15,65.63,0.9732,0.6799,0.365386,35,66,0,132.92,1.0000,0.2431,0.042536,4.489
600146,520,444,964,225,9,144,351.65,0.9825,0.5355,0.182193,20,18,7,99.47,0.4067,0.0827,0.005967,4.149
600159,520,477,997,196,67,129,354.24,0.7240,0.5134,0.173369,0,2,10,257.10,0.9999,0.0242,0.000653,4.410
600176,520,429,949,214,57,153,347.80,0.8193,0.5454,0.195246,25,23,8,101.81,0.4825,0.1012,0.008370,4.202
600184,520,480,1000,188,68,153,341.03,0.7184,0.5117,0.171271,0,0,0,0.00,0.0000,0.0000,0.000000,4.425
600215,520,408,928,246,40,44,26.87,0.9706,0.5655,0.212958,6,23,72,264.66,0.8953,0.1262,0.011193,4.297
600218,520,480,1000,172,16,241,310.30,0.9854,0.5080,0.154930,0,0,0,0.00,0.0000,0.0000,0.000000,4.099
600227,520,433,953,160,100,199,310.54,0.6384,0.5464,0.207120,41,11,8,28.46,0.6743,0.0988,0.007284,4.489
600260,520,412,932,167,92,238,304.62,0.8521,0.5689,0.220433,56,8,7,26.72,0.8678,0.1237,0.010299,4.485
600265,520,471,991,219,47,53,25.02,0.9264,0.5162,0.173528,2,9,6,169.28,0.5700,0.0447,0.002214,4.281
600266,520,460,980,204,80,70,27.55,0.7601,0.5286,0.190189,0,14,25,237.76,1.0000,0.0628,0.003842,4.461
600276,520,407,927,228,39,184,340.20,0.9318,0.5729,0.214083,30,7,84,285.59,0.9309,0.1321,0.010680,4.352
600292,520,472,992,219,31,115,1.51,0.9178,0.5199,0.172804,8,0,7,331.56,1.0000,0.0265,0.000670,4.397
600293,520,418,938,243,25,98,11.03,0.9722,0.5610,0.206352,21,29,14,131.35,0.4373,0.1153,0.010699,4.223
600307,520,477,997,196,25,193,329.11,0.9401,0.5131,0.162830,3,0,1,353.79,1.0000,0.0152,0.000216,4.238
600326,520,382,902,220,38,249,321.33,0.9765,0.6006,0.234434,22,3,112,273.40,0.9931,0.1576,0.014055,4.441
600388,520,441,961,243,2,0,29.30,1.0000,0.5426,0.191016,20,23,2,116.27,0.8305,0.0948,0.007659,4.180
600396,520,407,927,243,41,97,12.55,0.9444,0.5690,0.215070,36,6,73,296.52,0.8946,0.1257,0.009864,4.428
600400,520,424,944,193,67,216,321.05,0.8521,0.5566,0.203110,43,12,23,0.58,0.5887,0.1082,0.008385,4.335
600401,520,469,989,224,40,11,31.33,0.9872,0.5175,0.173919,5,4,17,285.39,0.5579,0.0396,0.001596,4.340
600410,520,418,938,203,2,249,317.38,0.9989,0.5611,0.195811,13,33,16,147.41,0.6736,0.1223,0.012107,3.958
600419,520,474,994,222,41,70,19.23,0.9272,0.5204,0.175604,5,4,3,71.35,0.1325,0.0336,0.001257,4.401
600424,520,466,986,165,60,236,307.38,0.9019,0.5228,0.172879,11,2,27,298.11,0.8154,0.0468,0.001937,4.291
600425,520,387,907,159,115,219,301.73,0.6802,0.5860,0.247471,23,40,16,137.21,0.6521,0.1512,0.017371,4.415
600426,520,365,885,232,43,236,327.24,0.9694,0.6141,0.249421,78,9,2,31.48,0.9717,0.1720,0.018197,4.391
600432,520,448,968,188,8,252,312.67,0.9952,0.5408,0.178945,12,17,24,256.84,0.2441,0.0786,0.005450,4.129
600440,520,423,943,219,37,192,335.57,0.9305,0.5599,0.201913,34,21,16,41.91,0.3048,0.1093,0.009139,4.260
600442,520,412,932,247,31,64,21.73,0.9760,0.5651,0.211278,23,31,11,127.09,0.5608,0.1224,0.011863,4.224
600457,520,247,767,221,163,86,72.19,0.6978,0.7154,0.422400,17,77,47,156.72,0.9129,0.2790,0.056319,4.443
600458,520,353,873,254,2,207,339.39,0.9991,0.6220,0.256226,6,29,106,264.76,0.9443,0.1767,0.019579,4.401
600475,520,423,943,237,56,34,30.74,0.9570,0.5585,0.209515,10,8,81,270.58,0.9710,0.1132,0.008322,4.450
600487,520,474,994,214,37,125,357.09,0.8828,0.5173,0.171024,3,2,14,284.75,0.6843,0.0302,0.000945,4.338
600493,520,420,940,215,86,79,26.08,0.7632,0.5588,0.216695,36,20,29,345.15,0.3301,0.1144,0.009641,4.472
600505,520,386,906,249,38,141,358.47,0.9522,0.5927,0.234525,41,25,62,301.66,0.5642,0.1512,0.015145,4.368
600532,520,318,838,200,119,253,310.17,0.9697,0.6640,0.325658,8,60,51,177.97,0.8894,0.2208,0.035222,4.408
600548,520,408,928,218,86,94,19.66,0.7459,0.5673,0.223715,39,27,20,51.50,0.2805,0.1316,0.012657,4.368
600561,520,377,897,193,105,192,327.60,0.6438,0.5953,0.252476,4,39,61,241.49,0.8285,0.1579,0.018137,4.439
600579,520,419,939,245,26,50,24.46,0.9831,0.5568,0.203851,43,16,10,33.81,0.5959,0.1114,0.009062,4.298
600604,520,386,906,211,44,249,318.89,0.9736,0.5895,0.224915,54,26,6,53.36,0.7365,0.1497,0.015363,4.206
600607,520,466,986,221,38,78,16.09,0.9254,0.5179,0.173111,15,2,28,305.31,0.8115,0.0517,0.002288,4.267
600612,520,412,932,225,25,194,336.41,0.9655,0.5663,0.206003,44,15,40,332.95,0.5854,0.1226,0.010304,4.245
600614,520,454,974,234,0,55,21.57,1.0000,0.5266,0.177714,14,14,12,106.85,0.0669,0.0684,0.004340,4.191
600640,520,444,964,155,89,220,304.37,0.7699,0.5356,0.192810,34,4,15,0.40,0.7232,0.0768,0.004615,4.446
600650,520,383,903,249,43,144,357.75,0.9503,0.5967,0.238845,59,19,24,15.26,0.6128,0.1490,0.014616,4.470
600681,520,343,863,238,88,178,346.88,0.8468,0.6330,0.283736,37,44,49,239.06,0.1293,0.1861,0.024164,4.500
600699,520,400,920,248,27,124,3.35,0.9700,0.5795,0.221990,23,4,99,276.28,0.9844,0.1413,0.011698,4.408
600702,520,461,981,187,71,177,331.25,0.7418,0.5269,0.182470,0,4,34,263.16,1.0004,0.0467,0.002023,4.469
600715,520,448,968,240,9,43,24.79,0.9950,0.5401,0.188984,7,17,35,260.81,0.5666,0.0813,0.005674,4.293
600734,520,408,928,187,78,226,315.89,0.8433,0.5676,0.215057,60,4,23,6.77,0.8531,0.1310,0.011095,4.338
600739,520,444,964,210,78,69,27.21,0.7932,0.5364,0.195823,21,13,36,297.72,0.5283,0.0849,0.005747,4.410
600748,520,443,963,229,27,105,6.71,0.9503,0.5350,0.184647,3,6,57,267.72,0.9658,0.0766,0.004450,4.309
600754,520,459,979,209,76,23,38.99,0.9367,0.5264,0.187883,24,5,2,36.67,0.7269,0.0586,0.003071,4.482
600762,520,453,973,184,35,230,315.90,0.9497,0.5259,0.171068,8,14,27,264.24,0.4290,0.0701,0.004448,4.060
600767,520,408,928,248,11,90,13.55,0.9919,0.5652,0.209376,50,14,34,348.86,0.6185,0.1283,0.011078,4.247
600770,520,473,993,157,77,223,305.96,0.8177,0.5223,0.178041,4,2,1,57.67,0.3689,0.0252,0.000714,4.497
600781,520,479,999,206,63,42,31.34,0.8907,0.5053,0.168462,0,0,2,264.05,1.0000,0.0079,0.000044,4.365
600795,520,354,874,252,35,195,342.43,0.9809,0.6209,0.258410,25,39,78,266.82,0.6042,0.1810,0.022077,4.279
600807,520,380,900,175,95,255,303.63,1.0000,0.5963,0.245189,3,44,27,160.77,0.9555,0.1569,0.018998,4.278
600808,520,468,988,181,26,233,314.54,0.9684,0.5189,0.164469,0,8,17,239.37,1.0000,0.0446,0.002141,4.113
600815,520,355,875,247,88,66,30.74,0.9466,0.6170,0.271502,26,35,91,271.60,0.7418,0.1833,0.021769,4.480
600817,520,421,941,241,41,64,22.31,0.9576,0.5584,0.206601,10,0,86,270.58,1.0000,0.1093,0.007364,4.473
600838,520,413,933,225,85,23,40.17,0.9529,0.5688,0.225691,5,32,34,201.93,0.7290,0.1213,0.011807,4.460
600841,520,439,959,218,63,132,357.67,0.8026,0.5499,0.201288,1,25,12,157.93,0.9670,0.0894,0.007282,4.387
600865,520,470,990,218,9,133,353.89,0.9780,0.5166,0.167968,3,7,15,256.21,0.4475,0.0442,0.002058,4.187
600871,520,405,925,194,95,193,327.76,0.6939,0.5810,0.235053,21,33,29,172.02,0.2587,0.1317,0.013358,4.499
600883,520,409,929,239,9,162,348.91,0.9898,0.5714,0.211578,54,9,35,349.30,0.7253,0.1296,0.011011,4.287
600914,520,394,914,224,12,245,323.46,0.9948,0.5950,0.227050,37,13,77,293.73,0.8273,0.1395,0.012170,4.456
600928,520,379,899,221,31,244,322.80,0.9806,0.5952,0.228859,59,0,83,312.25,1.0000,0.1648,0.015544,4.254
600930,520,390,910,246,18,159,351.43,0.9824,0.5858,0.225320,4,28,89,263.32,0.9479,0.1544,0.015775,4.186
600954,520,418,938,203,12,247,317.73,0.9931,0.5615,0.196765,2,33,18,158.66,0.9551,0.1171,0.011442,4.016
600961,520,418,938,229,59,126,1.83,0.8507,0.5643,0.212951,33,15,53,302.64,0.6633,0.1153,0.009220,4.440
600962,520,443,963,180,82,186,325.27,0.7034,0.5365,0.192842,4,13,50,266.31,0.8846,0.0824,0.005439,4.380
600975,520,430,950,204,81,141,352.84,0.6915,0.5509,0.206472,42,9,14,14.52,0.6661,0.0990,0.007194,4.484
600987,520,387,907,253,7,137,359.44,0.9946,0.5885,0.228444,38,24,73,292.37,0.6688,0.1546,0.015464,4.253
600992,520,441,961,227,49,89,14.29,0.8978,0.5408,0.192516,20,18,37,287.19,0.4201,0.0950,0.007149,4.244
601007,520,412,932,197,81,194,328.65,0.7586,0.5658,0.216517,28,28,3,109.43,0.8101,0.1172,0.010840,4.381
601014,520,418,938,136,109,229,290.74,0.7596,0.5565,0.218285,59,3,13,17.23,0.9184,0.1249,0.010242,4.453
601016,520,443,963,225,34,122,0.29,0.9184,0.5361,0.185595,7,0,69,271.14,1.0000,0.0840,0.004748,4.303
601048,520,300,820,236,107,216,333.80,0.8766,0.6736,0.333084,12,65,2,140.82,0.9951,0.2288,0.038630,4.322
601058,520,437,957,203,32,219,324.04,0.9538,0.5470,0.188457,8,20,42,261.31,0.6158,0.0940,0.007191,4.170
601065,520,401,921,204,76,211,325.65,0.8314,0.5808,0.227110,37,30,34,342.79,0.1303,0.1414,0.014374,4.305
601072,520,440,960,232,34,119,2.69,0.9330,0.5491,0.196347,21,19,14,88.81,0.1589,0.0880,0.006569,4.355
601078,520,406,926,252,14,123,3.86,0.9888,0.5832,0.224432,34,25,44,305.40,0.3625,0.1306,0.012172,4.414
601084,520,288,808,215,127,220,325.13,0.7405,0.6779,0.347946,56,54,68,291.60,0.1741,0.2422,0.038964,4.473
601088,520,401,921,161,102,243,299.94,0.8606,0.5814,0.235512,9,40,0,138.61,1.0000,0.1406,0.015756,4.342
601097,520,296,816,253,114,136,12.58,0.9526,0.6792,0.346980,4,64,62,191.23,0.9400,0.2377,0.040402,4.391
601120,520,282,802,251,126,105,31.04,0.9399,0.6882,0.364539,70,57,32,82.86,0.4344,0.2546,0.043327,4.442
601134,520,358,878,220,74,232,324.65,0.9094,0.6170,0.259414,47,38,37,25.47,0.1258,0.1757,0.021242,4.343
601147,520,384,904,236,41,185,341.84,0.9407,0.5893,0.229244,57,21,8,39.84,0.7319,0.1453,0.014239,4.347
601158,520,390,910,225,40,220,329.47,0.9569,0.5898,0.226948,57,13,55,329.74,0.7219,0.1514,0.014337,4.305
601176,520,288,808,249,86,237,330.95,0.9739,0.6788,0.329125,66,54,34,79.82,0.3596,0.2418,0.039122,4.254
601200,520,441,961,222,71,24,36.12,0.9546,0.5445,0.201047,37,8,19,359.44,0.6221,0.0902,0.006141,4.472
601215,520,339,859,218,84,255,318.11,1.0000,0.6405,0.284678,12,45,92,258.10,0.8168,0.2020,0.027275,4.331
601219,520,396,916,166,95,248,301.83,0.9178,0.5799,0.230691,15,37,13,142.12,0.8075,0.1356,0.014537,4.349
601234,520,476,996,218,44,22,30.88,0.9678,0.5086,0.167674,0,2,6,247.65,1.0000,0.0221,0.000566,4.305
601262,520,430,950,156,87,238,301.16,0.8602,0.5475,0.200577,33,17,16,23.67,0.3443,0.0990,0.007617,4.349
601263,520,479,999,198,47,160,340.38,0.8246,0.5106,0.165787,0,1,1,194.77,1.0000,0.0143,0.000239,4.295
601272,520,342,862,243,90,127,8.97,0.8586,0.6254,0.279023,24,49,46,185.73,0.4298,0.1898,0.025880,4.336
601278,520,426,946,229,53,138,356.63,0.8685,0.5633,0.210419,11,8,78,271.61,0.9651,0.1100,0.007948,4.494
601281,520,338,858,246,110,4,47.41,0.9957,0.6433,0.307566,32,52,47,176.97,0.3139,0.2049,0.029682,4.487
601286,520,312,832,243,124,21,52.74,0.9724,0.6626,0.335270,7,62,38,158.77,0.9489,0.2229,0.036302,4.464
601293,520,422,942,229,66,82,19.92,0.8673,0.5595,0.211665,36,15,43,317.08,0.5785,0.1122,0.008912,4.442
601297,520,331,851,239,40,254,324.83,0.9966,0.6366,0.270266,38,43,76,275.68,0.4447,0.2001,0.026616,4.180
601300,520,474,994,149,69,240,300.28,0.9056,0.5153,0.169374,10,2,0,51.16,1.0000,0.0320,0.001080,4.295
601309,520,407,927,236,51,134,359.34,0.8940,0.5735,0.219247,19,33,20,146.19,0.4414,0.1273,0.012766,4.290
601314,520,440,960,225,37,158,347.70,0.9142,0.5529,0.198019,37,5,22,350.95,0.7095,0.0865,0.005598,4.461
601320,520,442,962,220,65,53,28.68,0.8901,0.5361,0.192559,7,12,49,270.69,0.8402,0.0816,0.005298,4.386
601322,520,475,995,208,70,0,39.49,1.0000,0.5154,0.177925,5,0,25,288.03,1.0000,0.0342,0.001025,4.467
601336,520,461,981,180,12,249,311.00,0.9918,0.5265,0.168068,6,3,30,282.17,0.8351,0.0468,0.001976,4.196
601345,520,435,955,204,50,198,329.80,0.8791,0.5462,0.191976,20,8,51,289.22,0.7963,0.0873,0.005614,4.351
601363,520,289,809,237,119,190,344.98,0.7959,0.6812,0.349182,32,64,21,138.49,0.8662,0.2367,0.040279,4.422
601364,520,452,972,168,101,134,349.50,0.4335,0.5253,0.193544,11,9,40,280.33,0.7238,0.0712,0.004197,4.494
601368,520,426,946,228,73,52,30.85,0.8975,0.5608,0.215098,6,29,15,154.45,0.8063,0.1056,0.009519,4.454
601376,520,302,822,224,103,251,319.96,0.9729,0.6705,0.325146,7,60,75,222.43,0.8628,0.2323,0.037847,4.270
601383,520,464,984,220,54,24,32.31,0.9615,0.5217,0.179226,6,9,18,267.21,0.3509,0.0529,0.002778,4.343
601388,520,136,656,240,197,191,27.42,0.5648,0.8361,0.622206,9,105,36,146.70,0.9908,0.3700,0.102882,4.397
601415,520,399,919,230,8,210,333.27,0.9937,0.5806,0.216524,11,34,57,250.80,0.6451,0.1436,0.015105,4.094
601430,520,409,929,234,71,27,34.92,0.9610,0.5677,0.220810,47,8,55,320.20,0.7775,0.1281,0.010539,4.473
601433,520,352,872,251,81,89,22.08,0.9644,0.6193,0.271188,69,28,39,5.03,0.5281,0.1880,0.022424,4.435
601435,520,218,738,232,153,215,334.82,0.7419,0.7450,0.448462,36,82,13,137.64,0.9665,0.2981,0.064385,4.358
601451,520,408,928,252,22,33,27.31,0.9902,0.5684,0.213828,27,29,47,278.55,0.3322,0.1346,0.013170,4.177
601470,520,387,907,235,8,213,333.68,0.9948,0.5916,0.226427,19,36,59,256.35,0.5140,0.1549,0.017159,4.116
601477,520,366,886,204,97,205,327.10,0.7467,0.6055,0.257960,44,33,64,298.98,0.4494,0.1736,0.019934,4.404
601490,520,456,976,216,9,164,343.03,0.9801,0.5275,0.174770,29,0,14,352.29,1.0000,0.0600,0.002930,4.247
601500,520,453,973,235,11,52,22.73,0.9923,0.5308,0.181526,3,20,1,140.05,0.9782,0.0730,0.005218,4.193
601509,520,411,931,224,62,150,351.78,0.8293,0.5671,0.214971,26,23,42,290.24,0.3742,0.1157,0.009996,4.416
601520,520,412,932,249,41,45,26.85,0.9757,0.5724,0.219187,53,9,15,17.23,0.7634,0.1204,0.009869,4.496
601522,520,391,911,231,0,225,329.79,1.0000,0.5907,0.224277,36,14,90,287.26,0.8751,0.1536,0.014273,4.267
601539,520,427,947,244,39,41,27.27,0.9712,0.5605,0.208477,22,23,17,115.14,0.1640,0.1002,0.008238,4.438
601559,520,364,884,250,43,172,348.95,0.9613,0.6102,0.250336,3,18,117,265.04,0.9809,0.1714,0.017362,4.459
601566,520,468,988,211,18,172,339.36,0.9577,0.5248,0.172623,17,2,9,348.65,0.6647,0.0442,0.001823,4.296
601574,520,464,984,229,18,51,22.96,0.9847,0.5199,0.173327,17,5,12,343.60,0.4546,0.0523,0.002543,4.250
601576,520,421,941,227,39,154,349.60,0.9106,0.5560,0.201177,41,3,50,319.12,0.8521,0.1077,0.007669,4.356
601596,520,466,986,122,96,227,288.14,0.7914,0.5160,0.180492,25,1,3,18.00,0.8881,0.0517,0.002350,4.403
601610,520,458,978,194,64,169,336.41,0.7685,0.5255,0.180023,6,5,45,274.17,0.9154,0.0643,0.003367,4.310
601621,520,220,740,241,144,234,329.60,0.9133,0.7487,0.445897,30,83,29,143.05,0.9282,0.3003,0.065510,4.293
601622,520,397,917,250,42,57,24.53,0.9768,0.5765,0.222790,11,26,72,266.05,0.8319,0.1354,0.012777,4.345
601629,520,473,993,206,56,128,355.77,0.7940,0.5188,0.175108,2,5,6,215.14,0.3211,0.0343,0.001346,4.384
601642,520,451,971,240,2,34,26.09,0.9990,0.5377,0.186876,10,8,37,280.84,0.7159,0.0661,0.003718,4.410
601647,520,462,982,211,33,163,342.48,0.9033,0.5265,0.175832,7,3,34,282.13,0.8651,0.0510,0.002258,4.321
601654,520,437,957,212,50,184,336.28,0.8710,0.5517,0.197410,13,25,3,131.87,0.8703,0.0949,0.007874,4.275
601657,520,382,902,210,62,252,317.43,0.9836,0.6039,0.241768,78,0,0,29.23,1.0000,0.1630,0.016200,4.407
601693,520,343,863,212,94,238,320.01,0.8966,0.6329,0.281771,36,48,30,135.51,0.3726,0.1902,0.025827,4.375
601698,520,400,920,245,28,133,359.90,0.9647,0.5770,0.219398,29,30,55,280.62,0.4198,0.1441,0.014656,4.167
601700,520,475,995,231,16,29,27.17,0.9902,0.5212,0.174513,2,0,23,277.00,1.0000,0.0289,0.000748,4.424
601714,520,471,991,213,64,40,31.86,0.9075,0.5199,0.179685,1,6,5,183.00,0.6273,0.0356,0.001477,4.462
601723,520,401,921,241,41,141,357.12,0.9317,0.5788,0.222129,56,19,12,32.49,0.6824,0.1405,0.013332,4.297
601733,520,471,991,197,2,209,325.18,0.9969,0.5195,0.165189,4,0,34,277.77,1.0000,0.0410,0.001413,4.185
601734,520,353,873,251,81,71,27.55,0.9726,0.6163,0.268525,57,35,39,7.54,0.2959,0.1829,0.022185,4.413
601738,520,338,858,234,63,244,325.60,0.9601,0.6369,0.275815,71,35,35,20.78,0.4548,0.2039,0.026632,4.252
601739,520,466,986,187,87,114,4.99,0.5879,0.5217,0.185976,2,12,8,170.56,0.6660,0.0525,0.002934,4.458
601766,520,429,949,240,38,50,25.30,0.9668,0.5525,0.201451,26,8,62,290.88,0.8439,0.1045,0.007411,4.380
601790,520,378,898,234,70,158,351.79,0.8425,0.5967,0.243441,44,35,23,74.35,0.3016,0.1596,0.017994,4.316
601795,520,363,883,230,65,206,334.59,0.9010,0.6086,0.250623,22,42,44,203.87,0.3666,0.1659,0.020083,4.290
601800,520,350,870,252,69,155,356.57,0.9648,0.6270,0.273216,59,41,2,81.90,0.9314,0.1928,0.025202,4.298
601809,520,454,974,202,20,198,329.39,0.9621,0.5252,0.171359,3,15,30,251.78,0.6749,0.0705,0.004547,4.058
601856,520,438,958,193,79,174,334.58,0.7141,0.5455,0.199869,23,18,12,71.86,0.2284,0.0872,0.006413,4.429
601857,520,477,997,180,69,177,328.79,0.7388,0.5131,0.171351,3,0,7,308.47,1.0000,0.0194,0.000347,4.397
601867,520,464,984,186,74,152,341.23,0.6841,0.5158,0.176051,11,2,32,292.92,0.8599,0.0506,0.002188,4.331
601872,520,422,942,193,47,244,314.95,0.9487,0.5593,0.199034,4,28,26,187.67,0.7470,0.1050,0.009309,4.199
601876,520,393,913,242,33,168,348.16,0.9568,0.5879,0.227952,14,9,101,270.31,0.9803,0.1433,0.012282,4.463
601884,520,456,976,229,42,3,32.04,0.9966,0.5291,0.183235,7,8,28,277.29,0.6021,0.0572,0.003027,4.398
601885,520,361,881,255,3,197,342.22,1.0000,0.6186,0.253598,70,23,35,7.25,0.6140,0.1799,0.020364,4.315
601943,520,464,984,217,3,158,345.13,0.9929,0.5250,0.172879,14,3,22,310.48,0.6945,0.0490,0.002164,4.273
601957,520,262,782,246,147,4,64.17,0.9960,0.7100,0.404717,12,75,8,142.18,0.9865,0.2643,0.051276,4.490
601966,520,381,901,214,74,223,325.32,0.8826,0.6018,0.245233,58,21,43,345.95,0.5664,0.1579,0.016104,4.466
601982,520,223,743,233,169,113,61.57,0.6690,0.7480,0.468936,38,82,36,142.86,0.8416,0.3021,0.065738,4.484
601987,520,470,990,231,0,47,23.23,1.0000,0.5191,0.171973,0,10,4,160.03,1.0000,0.0445,0.002258,4.248
601993,520,413,933,253,15,51,24.00,0.9932,0.5701,0.214671,8,16,78,268.35,0.9395,0.1201,0.009722,4.432
601998,520,400,920,209,51,228,323.11,0.9312,0.5757,0.215262,22,30,64,271.02,0.5808,0.1448,0.014692,4.100
602020,520,355,875,233,96,138,3.87,0.7709,0.6200,0.275270,42,42,47,285.82,0.0783,0.1847,0.023534,4.423
602030,520,433,953,195,49,220,321.19,0.9100,0.5455,0.189675,17,8,69,278.35,0.9211,0.1033,0.007225,4.188
602033,520,321,841,250,70,204,340.22,0.9653,0.6463,0.290670,24,38,111,269.08,0.8580,0.2089,0.027280,4.408
602034,520,331,851,240,99,135,7.15,0.8143,0.6351,0.292010,49,47,3,106.88,0.9163,0.1962,0.026926,4.446
602047,520,261,781,245,145,34,61.34,0.9522,0.7055,0.397814,12,75,57,168.63,0.9119,0.2741,0.054055,4.304
602055,520,421,941,248,20,11,29.34,0.9927,0.5581,0.204846,35,5,57,305.93,0.8483,0.1071,0.007613,4.423
602057,520,391,911,206,115,28,57.41,0.8842,0.5878,0.254690,0,43,33,172.77,1.0000,0.1543,0.018375,4.456
602060,520,407,927,252,14,59,22.23,0.9931,0.5687,0.213290,47,14,50,324.28,0.6687,0.1322,0.011488,4.282
602068,520,388,908,230,49,192,338.48,0.9189,0.5875,0.228280,34,24,75,287.20,0.6930,0.1519,0.015013,4.280
602077,520,437,957,205,83,112,8.32,0.6823,0.5451,0.203375,0,20,37,244.04,1.0000,0.0855,0.006338,4.497
602081,520,375,895,212,78,217,326.33,0.8564,0.5994,0.244574,25,44,6,132.30,0.9084,0.1640,0.020211,4.196
602085,520,462,982,198,12,214,324.13,0.9840,0.5272,0.171254,9,6,11,313.14,0.2441,0.0458,0.002125,4.245
602098,520,408,928,235,45,131,359.74,0.9079,0.5661,0.211806,53,13,37,346.91,0.6599,0.1337,0.011784,4.237
602101,520,438,958,211,50,184,336.01,0.8691,0.5499,0.195929,11,24,3,133.81,0.8803,0.0906,0.007310,4.291
602104,520,411,931,224,64,148,352.73,0.8220,0.5683,0.216547,35,12,63,299.52,0.7745,0.1219,0.009792,4.458
602107,520,464,984,184,34,226,316.87,0.9473,0.5220,0.168266,3,10,3,144.00,0.6720,0.0470,0.002430,4.163
602115,520,428,948,210,47,209,328.40,0.9137,0.5613,0.203401,10,22,35,251.51,0.4582,0.0958,0.007597,4.400
602118,520,410,930,244,45,78,19.04,0.9480,0.5696,0.216633,18,21,74,273.69,0.8242,0.1308,0.011593,4.329
602124,520,394,914,220,17,245,322.46,0.9916,0.5894,0.222112,65,5,22,10.83,0.8614,0.1427,0.012905,4.326
602133,520,365,885,237,97,6,44.06,0.9914,0.6074,0.265700,27,44,3,129.61,0.9473,0.1651,0.020409,4.484
602155,520,433,953,176,71,240,309.36,0.9057,0.5539,0.200287,23,11,54,290.09,0.7579,0.0978,0.006878,4.400
602156,520,452,972,228,36,44,26.01,0.9627,0.5256,0.179405,33,0,17,351.62,1.0000,0.0683,0.003639,4.277
602165,520,345,865,251,35,209,338.42,0.9785,0.6267,0.263180,34,41,73,272.90,0.4591,0.1893,0.024069,4.228
602167,520,426,946,248,15,11,29.10,0.9942,0.5566,0.203259,11,31,4,137.82,0.9321,0.1124,0.010599,4.179
602173,520,363,883,212,64,255,317.25,1.0000,0.6109,0.248855,38,41,23,116.24,0.3712,0.1693,0.020598,4.233
602178,520,455,975,230,20,94,10.30,0.9703,0.5311,0.181344,9,4,43,280.20,0.8912,0.0628,0.003193,4.349
602195,520,387,907,231,73,150,354.48,0.8186,0.5914,0.239587,58,20,24,16.06,0.5871,0.1488,0.014659,4.479
602214,520,398,918,217,34,231,324.77,0.9684,0.5804,0.216673,22,27,64,274.14,0.6179,0.1375,0.013246,4.216
602233,520,393,913,231,14,221,330.74,0.9912,0.5907,0.225260,49,22,41,339.40,0.4786,0.1437,0.013870,4.310
602237,520,468,988,142,82,229,298.28,0.8285,0.5156,0.174427,7,5,1,92.33,0.6049,0.0377,0.001559,4.353
602239,520,294,814,254,63,254,328.09,0.9970,0.6760,0.317845,42,60,48,155.19,0.2935,0.2377,0.039373,4.116
602246,520,447,967,225,45,111,5.31,0.8878,0.5397,0.190348,10,19,22,220.65,0.2731,0.0813,0.005882,4.301
602247,520,444,964,229,40,109,6.25,0.9136,0.5435,0.192826,15,16,20,274.39,0.1183,0.0769,0.005226,4.397
602253,520,459,979,181,49,226,315.46,0.9105,0.5279,0.175125,10,0,46,282.67,1.0000,0.0586,0.002618,4.278
602257,520,407,927,141,114,226,292.13,0.7260,0.5693,0.231883,2,34,37,203.88,0.8933,0.1275,0.012905,4.481
602273,520,431,951,223,54,125,0.48,0.8480,0.5480,0.198096,35,11,44,315.70,0.6661,0.1050,0.007786,4.293
602277,520,385,905,231,9,221,330.75,0.9944,0.5897,0.224073,25,36,37,203.16,0.1987,0.1470,0.016020,4.151
602285,520,332,852,243,68,222,333.41,0.9427,0.6424,0.284656,64,41,19,62.95,0.5580,0.2025,0.027230,4.333
602291,520,459,979,225,40,72,18.72,0.9327,0.5262,0.179958,18,4,26,312.29,0.6880,0.0582,0.002900,4.347
602295,520,441,961,214,78,68,27.59,0.8113,0.5435,0.201646,14,19,38,271.19,0.4618,0.0928,0.006990,4.416
602306,520,405,925,250,14,139,358.41,0.9879,0.5846,0.225057,54,14,7,32.50,0.7887,0.1277,0.011138,4.499
602311,520,419,939,232,62,79,20.37,0.8892,0.5604,0.211685,26,19,53,289.44,0.5997,0.1146,0.009424,4.404
602312,520,425,945,239,9,122,1.86,0.9889,0.5552,0.199544,22,0,78,281.91,1.0000,0.1077,0.007206,4.362
602329,520,437,957,205,57,194,331.26,0.8522,0.5516,0.198023,0,19,44,253.23,0.9999,0.0880,0.006476,4.392
602336,520,312,832,253,107,71,35.06,0.9797,0.6552,0.318563,19,49,97,259.49,0.7507,0.2197,0.031980,4.496
602343,520,412,932,243,31,117,5.07,0.9580,0.5690,0.213223,49,6,43,334.33,0.7696,0.1208,0.009577,4.418
602349,520,390,910,252,53,16,32.02,0.9887,0.5852,0.232827,62,15,40,351.22,0.6797,0.1548,0.015191,4.338
602357,520,419,939,202,36,236,319.59,0.9616,0.5602,0.198760,1,4,88,264.82,0.9936,0.1124,0.007978,4.291
602372,520,459,979,187,78,161,337.83,0.6810,0.5276,0.185882,21,5,13,349.09,0.5254,0.0577,0.002971,4.453
602375,520,39,559,240,251,133,113.48,0.9464,0.9484,0.892133,21,128,63,150.70,0.9742,0.4527,0.159560,4.496
602380,520,392,912,226,75,164,348.04,0.8056,0.5907,0.238837,66,5,43,348.38,0.8192,0.1531,0.014414,4.484
602402,520,356,876,251,72,118,10.18,0.9554,0.6161,0.264554,69,16,65,331.12,0.7347,0.1834,0.020176,4.482
602406,520,469,989,217,27,136,353.12,0.9248,0.5220,0.173156,20,1,1,26.42,0.9072,0.0430,0.001726,4.314
602427,520,330,850,205,100,250,314.38,0.9543,0.6392,0.289969,35,48,76,264.53,0.4208,0.2109,0.029929,4.253
602436,520,444,964,218,11,185,337.19,0.9824,0.5437,0.186499,18,6,53,286.50,0.8573,0.0840,0.005159,4.288
602445,520,387,907,198,104,163,343.30,0.5863,0.5868,0.245522,20,40,33,169.57,0.4232,0.1539,0.017761,4.361
602452,520,325,845,249,55,243,329.54,0.9788,0.6549,0.293461,40,34,113,279.20,0.7999,0.2145,0.027873,4.411
602454,520,366,886,213,68,247,319.19,0.9589,0.6104,0.249975,1,25,108,263.82,0.9907,0.1697,0.017843,4.422
602474,520,442,962,198,86,107,10.89,0.6425,0.5362,0.197247,14,8,54,280.00,0.8587,0.0847,0.005334,4.468
602488,520,439,959,238,15,116,3.86,0.9809,0.5526,0.197829,24,17,20,350.83,0.1681,0.0885,0.006456,4.390
602499,520,434,954,229,46,104,8.70,0.8992,0.5463,0.196143,38,14,9,33.12,0.5686,0.0990,0.007459,4.284
602500,520,424,944,243,26,80,16.69,0.9752,0.5573,0.203761,19,13,63,280.47,0.8225,0.1059,0.007852,4.386
602509,520,255,775,254,130,168,2.03,0.9652,0.7162,0.398661,5,71,78,206.44,0.9287,0.2683,0.050885,4.447
602525,520,439,959,191,25,252,313.25,0.9863,0.5505,0.188012,3,10,59,266.63,0.9481,0.0855,0.005522,4.287
602552,520,476,996,128,77,246,290.88,0.9330,0.5070,0.165507,3,1,8,299.53,0.6793,0.0239,0.000586,4.260
602594,520,400,920,241,67,26,33.80,0.9700,0.5768,0.227929,22,26,69,274.77,0.6823,0.1396,0.013390,4.384
602606,520,408,928,252,1,77,17.38,0.9994,0.5689,0.212567,25,32,23,138.77,0.2436,0.1301,0.013015,4.167
602618,520,469,989,194,25,208,324.45,0.9538,0.5202,0.167203,1,8,11,217.36,0.6906,0.0430,0.002043,4.174
602630,520,446,966,176,84,196,320.17,0.7171,0.5397,0.195573,5,14,38,264.51,0.7112,0.0751,0.004863,4.476
602633,520,413,933,240,50,105,10.37,0.9154,0.5714,0.218296,34,24,33,329.66,0.2397,0.1225,0.011032,4.396
602638,520,470,990,202,52,153,344.31,0.8089,0.5188,0.173144,13,0,14,326.28,1.0000,0.0359,0.001173,4.361
602640,520,312,832,220,112,211,330.48,0.7679,0.6551,0.315089,31,59,6,133.95,0.9581,0.2177,0.034323,4.330
602645,520,387,907,246,24,160,351.25,0.9743,0.5882,0.227875,48,18,60,315.08,0.6650,0.1469,0.013873,4.350
602661,520,367,887,222,96,159,351.58,0.7154,0.6096,0.264008,5,39,80,255.78,0.8730,0.1731,0.020624,4.446
602662,520,439,959,237,46,19,31.15,0.9811,0.5492,0.200087,35,5,31,333.49,0.7217,0.0875,0.005648,4.494
602671,520,237,757,239,131,251,323.47,0.9746,0.7330,0.415503,39,78,31,140.31,0.8414,0.2887,0.059789,4.240
602687,520,396,916,238,67,109,11.01,0.8706,0.5840,0.232986,20,37,16,139.76,0.6279,0.1395,0.015092,4.347
602701,520,324,844,233,79,236,327.09,0.9283,0.6453,0.289740,69,37,40,14.30,0.3929,0.2064,0.027417,4.388
602719,520,429,949,243,18,57,22.35,0.9883,0.5505,0.197862,4,18,53,263.20,0.8645,0.0957,0.007154,4.337
602720,520,433,953,197,66,191,329.76,0.8040,0.5456,0.195299,37,12,32,335.57,0.5641,0.1022,0.007606,4.258
602747,520,352,872,203,131,49,65.26,0.7860,0.6176,0.291525,45,47,4,112.29,0.8905,0.1917,0.025997,4.494
602760,520,406,926,225,17,227,327.84,0.9887,0.5849,0.219568,21,21,66,277.57,0.7265,0.1253,0.010891,4.427
602761,520,361,881,218,67,250,319.91,0.9748,0.6192,0.258237,37,38,63,281.25,0.3680,0.1775,0.021384,4.318
602772,520,427,947,232,27,154,350.28,0.9520,0.5594,0.202756,42,6,27,348.42,0.7170,0.0992,0.007017,4.433
602779,520,400,920,244,66,39,31.60,0.9527,0.5825,0.232794,44,27,15,55.53,0.4455,0.1375,0.013539,4.451
602806,520,446,966,181,68,211,318.43,0.8229,0.5358,0.186623,23,10,40,300.63,0.6494,0.0846,0.005524,4.262
602811,520,364,884,247,30,201,339.63,0.9775,0.6127,0.249229,75,12,8,28.76,0.9035,0.1691,0.017766,4.416
602822,520,420,940,172,73,247,306.37,0.9397,0.5564,0.202518,7,28,23,175.61,0.6168,0.1055,0.009375,4.253
602834,520,417,937,245,43,46,26.80,0.9659,0.5656,0.213410,7,33,1,138.94,0.9893,0.1163,0.011350,4.294
602841,520,398,918,205,77,198,329.97,0.7985,0.5756,0.223658,3,38,41,203.31,0.8696,0.1426,0.015656,4.168
602853,520,260,780,248,114,223,335.15,0.9523,0.7052,0.373214,100,43,33,31.64,0.6290,0.2706,0.045473,4.433
602855,520,477,997,162,60,225,308.84,0.8712,0.5094,0.163500,5,0,3,340.52,1.0000,0.0201,0.000388,4.237
602871,520,409,929,255,13,9,29.14,1.0000,0.5710,0.215715,4,33,48,235.25,0.7891,0.1315,0.013269,4.200
602881,520,437,957,223,59,105,9.14,0.8417,0.5463,0.198385,34,11,26,342.49,0.5305,0.0929,0.006541,4.393
602891,520,382,902,214,62,236,322.27,0.9281,0.5985,0.237993,57,27,37,359.66,0.4366,0.1647,0.017874,4.243
602902,520,355,875,185,106,240,309.20,0.8484,0.6152,0.269144,7,51,12,144.71,0.9733,0.1794,0.024393,4.290
602923,520,398,918,235,66,120,6.17,0.8526,0.5806,0.229176,7,16,98,266.98,0.9699,0.1446,0.012975,4.433
602925,520,418,938,233,34,136,356.87,0.9332,0.5572,0.202482,11,32,25,169.44,0.5557,0.1207,0.011743,4.089
602927,520,440,960,230,59,59,25.84,0.9141,0.5501,0.202696,15,19,37,273.00,0.4323,0.0929,0.007009,4.433
602933,520,393,913,230,8,218,331.25,0.9946,0.5858,0.220612,47,19,52,321.37,0.5961,0.1414,0.013181,4.283
602946,520,378,898,230,62,194,338.13,0.8908,0.5991,0.241658,38,29,67,291.87,0.5462,0.1599,0.016960,4.356
602951,520,400,920,221,23,224,327.56,0.9806,0.5777,0.213690,13,37,41,209.73,0.5287,0.1439,0.015687,4.014
602953,520,465,985,193,19,207,324.49,0.9664,0.5153,0.163098,21,5,1,45.10,0.7739,0.0539,0.002702,4.043
602957,520,420,940,233,2,156,349.40,0.9970,0.5554,0.197703,12,30,0,133.74,1.0000,0.1091,0.010067,4.124
602958,520,372,892,230,7,246,324.70,0.9974,0.6050,0.236311,71,13,29,9.15,0.7636,0.1661,0.017164,4.263
602979,520,389,909,244,38,156,352.57,0.9464,0.5889,0.230228,62,12,36,355.22,0.7205,0.1492,0.014146,4.369
602982,520,433,953,248,2,15,28.38,0.9992,0.5539,0.200380,19,25,6,123.74,0.6319,0.1003,0.008469,4.282
602983,520,316,836,251,55,242,330.24,0.9853,0.6577,0.296554,97,15,26,19.82,0.8724,0.2235,0.029581,4.355
602986,520,457,977,180,38,238,312.78,0.9514,0.5281,0.172636,15,9,19,311.27,0.3381,0.0614,0.003440,4.166
602999,520,467,987,202,54,154,344.03,0.8029,0.5211,0.175299,5,4,23,281.49,0.6926,0.0432,0.001810,4.349
603021,520,384,904,252,7,152,354.59,0.9946,0.5923,0.231180,6,21,95,266.01,0.9546,0.1484,0.014012,4.393
603024,520,401,921,242,35,137,358.34,0.9467,0.5759,0.218887,17,5,97,272.74,0.9852,0.1352,0.010907,4.415
603036,520,449,969,207,11,215,326.28,0.9875,0.5434,0.184129,12,15,0,117.47,1.0000,0.0658,0.004198,4.320
603049,520,477,997,226,9,18,28.17,0.9947,0.5078,0.164108,2,0,15,284.68,1.0000,0.0229,0.000474,4.242
603058,520,422,942,217,78,105,12.18,0.7559,0.5572,0.212228,19,30,4,128.59,0.8395,0.1147,0.010757,4.316
603074,520,389,909,252,47,108,10.62,0.9753,0.5937,0.238148,14,24,87,269.03,0.8992,0.1482,0.014347,4.478
603091,520,447,967,137,91,246,292.14,0.9088,0.5385,0.194543,16,18,18,196.87,0.0477,0.0819,0.005864,4.377
603096,520,359,879,241,71,177,346.71,0.8888,0.6185,0.263845,28,45,49,214.02,0.2862,0.1815,0.023453,4.273
603104,520,416,936,195,89,180,333.15,0.6880,0.5663,0.220436,42,19,23,9.54,0.4192,0.1190,0.010199,4.492
603145,520,408,928,177,110,160,336.72,0.4687,0.5665,0.230380,32,29,20,91.81,0.2260,0.1280,0.012363,4.496
603150,520,446,966,224,11,158,346.86,0.9797,0.5405,0.185579,39,2,20,354.42,0.8177,0.0843,0.005253,4.264
603153,520,411,931,234,17,173,344.56,0.9785,0.5689,0.209133,19,31,20,146.69,0.3799,0.1212,0.011689,4.201
603182,520,286,806,251,125,116,25.77,0.9325,0.6888,0.364404,7,69,19,145.56,0.9849,0.2433,0.043482,4.433
603184,520,219,739,247,145,218,338.46,0.9144,0.7512,0.450891,36,84,10,137.52,0.9766,0.3045,0.067374,4.267
603185,520,380,900,248,51,149,356.40,0.9395,0.6021,0.244974,27,17,102,276.74,0.9271,0.1631,0.015931,4.474
603190,520,387,907,251,8,157,352.88,0.9937,0.5926,0.231207,64,17,22,17.67,0.6953,0.1550,0.015490,4.294
603191,520,459,979,219,60,23,33.74,0.9599,0.5258,0.183563,28,1,11,358.26,0.8347,0.0593,0.002928,4.413
603211,520,457,977,211,51,139,352.01,0.8255,0.5280,0.180829,2,13,24,244.56,0.6888,0.0615,0.003667,4.301
603223,520,475,995,191,26,220,320.53,0.9610,0.5246,0.169839,2,2,9,280.29,0.5666,0.0265,0.000760,4.331
603257,520,439,959,235,20,129,359.07,0.9690,0.5525,0.197505,30,8,45,308.43,0.7312,0.0942,0.006392,4.389
603262,520,418,938,176,96,201,317.62,0.6820,0.5618,0.218138,12,32,9,141.12,0.8419,0.1171,0.011309,4.374
603296,520,427,947,249,13,0,29.66,1.0000,0.5579,0.204313,23,23,7,108.75,0.5244,0.0988,0.008103,4.377
603299,520,477,997,225,22,11,29.51,0.9888,0.5095,0.166084,1,1,2,284.11,0.2654,0.0171,0.000325,4.294
603302,520,456,976,229,27,94,10.57,0.9546,0.5319,0.182530,8,4,40,279.96,0.8776,0.0592,0.002916,4.394
603321,520,406,926,233,16,202,336.09,0.9861,0.5829,0.219612,26,24,60,282.40,0.5900,0.1308,0.011991,4.349
603330,520,415,935,225,32,202,334.23,0.9572,0.5742,0.213073,15,32,0,132.20,1.0000,0.1173,0.011346,4.288
603334,520,174,694,240,189,101,79.44,0.7717,0.7984,0.558617,52,93,4,133.06,0.9882,0.3431,0.085673,4.486
603347,520,409,929,223,17,208,332.11,0.9828,0.5687,0.206453,7,11,91,267.75,0.9762,0.1285,0.010398,4.246
603384,520,451,971,231,37,67,20.39,0.9512,0.5357,0.187203,30,1,34,323.12,0.8808,0.0745,0.004133,4.382
603386,520,435,955,216,71,107,9.47,0.7760,0.5470,0.201693,14,22,16,152.23,0.2717,0.0901,0.007046,4.412
603409,520,480,1000,177,30,231,313.71,0.9586,0.5128,0.160462,0,0,0,0.00,0.0000,0.0000,0.000000,4.209
603419,520,429,949,225,64,91,15.82,0.8478,0.5516,0.204324,45,3,35,339.42,0.8056,0.1045,0.007444,4.427
603425,520,352,872,248,75,140,1.97,0.9194,0.6205,0.268853,25,47,59,233.67,0.4184,0.1905,0.025554,4.220
603435,520,450,970,220,36,145,350.99,0.9017,0.5367,0.185242,18,13,7,72.95,0.2880,0.0687,0.004318,4.331
603447,520,393,913,200,64,245,316.09,0.9458,0.5852,0.225401,65,7,19,15.13,0.8448,0.1441,0.013230,4.356
603470,520,410,930,218,23,224,326.81,0.9795,0.5725,0.209022,40,17,55,309.78,0.6434,0.1298,0.011279,4.227
603493,520,374,894,217,65,228,325.04,0.9141,0.6007,0.241357,67,13,27,9.77,0.7479,0.1572,0.015605,4.441
603495,520,403,923,201,57,239,318.04,0.9292,0.5758,0.215772,54,12,37,347.51,0.6814,0.1342,0.011809,4.300
603499,520,426,946,227,57,123,2.39,0.8512,0.5576,0.206899,27,7,69,288.86,0.8885,0.1116,0.008146,4.418
603502,520,477,997,152,77,215,305.91,0.7870,0.5094,0.168899,3,0,16,290.10,1.0000,0.0250,0.000568,4.329
603511,520,416,936,212,75,171,341.58,0.7718,0.5701,0.219715,21,23,60,276.96,0.6371,0.1242,0.010984,4.423
603512,520,370,890,255,16,181,346.71,1.0000,0.6129,0.249703,17,41,57,240.06,0.5394,0.1668,0.020004,4.281
603533,520,359,879,248,47,193,342.36,0.9550,0.6191,0.258429,47,28,83,295.58,0.6701,0.1816,0.020594,4.369
603570,520,452,972,197,11,217,323.11,0.9862,0.5275,0.171210,22,8,13,357.36,0.3982,0.0652,0.003733,4.117
603586,520,401,921,208,105,71,38.79,0.7067,0.5768,0.239699,1,36,55,237.53,0.9383,0.1437,0.015440,4.427
603594,520,476,996,194,9,207,324.84,0.9852,0.5143,0.161713,2,1,3,309.84,0.4147,0.0195,0.000412,4.200
603620,520,455,975,218,44,113,3.17,0.8716,0.5258,0.179016,4,0,48,272.10,1.0000,0.0557,0.002392,4.371
603664,520,442,962,228,20,141,353.55,0.9618,0.5432,0.189202,7,7,55,272.36,0.9306,0.0790,0.004729,4.371
603668,520,232,752,254,127,241,331.31,0.9950,0.7422,0.426030,23,72,107,243.80,0.7181,0.2934,0.058781,4.376
603673,520,406,926,241,27,167,348.10,0.9662,0.5828,0.222778,4,19,82,265.35,0.9480,0.1282,0.011007,4.471
603676,520,397,917,211,51,235,321.95,0.9420,0.5839,0.222165,7,4,103,267.29,0.9941,0.1372,0.011112,4.454
603681,520,422,942,208,16,233,322.15,0.9875,0.5597,0.196655,21,1,80,280.13,0.9918,0.1106,0.007603,4.282
603690,520,401,921,237,64,112,9.26,0.8688,0.5799,0.228442,25,26,68,277.98,0.6493,0.1411,0.013628,4.376
603702,520,470,990,179,72,191,323.54,0.7564,0.5241,0.179812,3,5,8,251.82,0.2589,0.0362,0.001454,4.466
603722,520,310,830,231,114,190,342.60,0.7665,0.6643,0.327435,15,62,26,147.82,0.9358,0.2224,0.036212,4.378
603724,520,414,934,251,26,70,20.13,0.9823,0.5722,0.216939,4,30,51,246.30,0.7798,0.1248,0.011933,4.310
603725,520,448,968,217,57,137,354.75,0.8204,0.5440,0.194865,5,17,39,260.22,0.6880,0.0827,0.005796,4.389
603731,520,430,950,189,40,242,314.47,0.9552,0.5467,0.187484,24,9,58,290.17,0.8127,0.0997,0.006950,4.170
603735,520,421,941,235,59,43,29.68,0.9381,0.5581,0.209676,24,26,11,114.99,0.4336,0.1089,0.009571,4.359
603737,520,429,949,201,46,220,323.00,0.9227,0.5531,0.195404,9,12,67,270.90,0.9261,0.1014,0.007262,4.286
603745,520,460,980,212,19,182,336.59,0.9613,0.5329,0.178424,22,0,32,314.43,1.0000,0.0591,0.002749,4.330
603748,520,419,939,180,69,238,311.26,0.9011,0.5556,0.201335,11,27,27,195.61,0.4099,0.1063,0.009341,4.235
603784,520,458,978,183,42,235,314.22,0.9411,0.5329,0.177225,5,7,33,273.13,0.7648,0.0570,0.002940,4.292
603789,520,409,929,238,30,150,352.98,0.9528,0.5707,0.213108,0,1,102,264.09,0.9989,0.1288,0.009809,4.399
603791,520,472,992,211,1,165,341.41,0.9974,0.5166,0.165895,4,0,22,287.50,1.0000,0.0306,0.000837,4.247
603795,520,431,951,182,78,209,318.79,0.7859,0.5485,0.199984,45,7,3,31.84,0.8761,0.0992,0.007165,4.373
603822,520,430,950,208,87,83,24.62,0.7194,0.5488,0.208529,20,11,63,282.39,0.8402,0.1036,0.007469,4.499
603825,520,465,985,193,57,170,335.57,0.7933,0.5167,0.171676,6,0,45,276.78,1.0000,0.0541,0.002282,4.240
603842,520,431,951,178,85,212,315.98,0.7661,0.5545,0.207164,34,17,18,16.11,0.3509,0.1010,0.007847,4.446
603881,520,310,830,229,109,198,338.28,0.7867,0.6572,0.316747,32,52,83,258.88,0.4932,0.2244,0.033875,4.373
603913,520,396,916,218,91,96,20.48,0.7268,0.5752,0.232344,49,22,38,344.92,0.4641,0.1422,0.013668,4.435
603914,520,435,955,237,28,92,12.39,0.9629,0.5484,0.196109,5,0,78,268.17,1.0000,0.0950,0.005823,4.409
603936,520,427,947,233,28,143,354.20,0.9491,0.5571,0.201402,11,26,19,162.81,0.4527,0.1004,0.008569,4.292
603941,520,390,910,191,88,237,313.78,0.8741,0.5942,0.241713,65,12,33,0.91,0.7373,0.1540,0.014967,4.490
603956,520,445,965,181,25,252,310.43,0.9861,0.5351,0.175483,19,19,1,109.56,0.8816,0.0828,0.006064,4.022
603975,520,462,982,236,4,18,28.08,0.9980,0.5284,0.179666,0,7,35,261.13,1.0000,0.0543,0.002733,4.355
604011,520,318,838,237,114,142,7.54,0.7579,0.6554,0.319947,9,63,9,142.85,0.9818,0.2216,0.036327,4.285
604041,520,413,933,172,82,249,305.17,0.9445,0.5695,0.216454,34,16,58,299.87,0.6845,0.1224,0.010162,4.429
604058,520,382,902,227,10,249,323.31,0.9963,0.6026,0.233898,44,3,94,294.28,0.9664,0.1566,0.014088,4.430
604059,520,421,941,242,1,133,358.61,0.9988,0.5636,0.205957,36,1,61,305.36,0.9644,0.1069,0.007337,4.464
604074,520,293,813,253,102,196,345.19,0.9760,0.6836,0.343739,21,55,105,258.29,0.7488,0.2433,0.039115,4.418
604086,520,430,950,224,69,39,32.94,0.9233,0.5470,0.202527,33,4,52,307.81,0.8500,0.0983,0.006581,4.463
604088,520,432,952,204,15,225,323.00,0.9853,0.5466,0.186170,8,7,70,270.84,0.9645,0.0969,0.006457,4.183
604107,520,453,973,198,32,208,325.50,0.9387,0.5305,0.175945,5,12,38,267.20,0.7430,0.0709,0.004351,4.157
604111,520,321,841,252,63,214,337.67,0.9823,0.6490,0.291086,71,41,7,64.10,0.8039,0.2119,0.029410,4.295
604116,520,333,853,222,89,237,323.52,0.9116,0.6405,0.287907,30,49,66,246.52,0.3875,0.2037,0.028659,4.296
604120,520,462,982,223,48,67,21.25,0.9153,0.5273,0.182099,1,4,34,266.09,0.9452,0.0477,0.002088,4.456
604122,520,459,979,197,26,217,322.96,0.9610,0.5325,0.176205,2,11,26,254.50,0.7119,0.0581,0.003268,4.247
604138,520,412,932,248,43,46,26.86,0.9716,0.5718,0.218850,32,28,15,92.98,0.3543,0.1240,0.011721,4.356
604142,520,431,951,238,16,94,11.23,0.9823,0.5465,0.193591,9,14,59,270.96,0.8724,0.0963,0.006879,4.283
604144,520,373,893,230,97,34,42.20,0.9253,0.5963,0.254906,34,38,38,196.81,0.0601,0.1614,0.018662,4.441
604160,520,363,883,239,98,31,41.81,0.9496,0.6134,0.271880,5,47,39,176.78,0.8931,0.1719,0.022117,4.463
604164,520,303,823,235,114,179,348.69,0.7712,0.6656,0.329538,11,56,94,249.03,0.8040,0.2339,0.037074,4.359
604185,520,369,889,234,52,219,331.94,0.9464,0.6124,0.250654,30,41,53,251.01,0.2690,0.1734,0.021189,4.223
604197,520,464,984,233,15,19,28.39,0.9919,0.5246,0.177155,3,6,28,269.47,0.7781,0.0494,0.002334,4.340
604201,520,338,858,236,73,232,328.98,0.9334,0.6415,0.284266,46,45,53,291.25,0.1170,0.1999,0.027147,4.333
604224,520,456,976,222,42,98,9.42,0.8981,0.5277,0.180700,6,11,17,250.64,0.2982,0.0568,0.003185,4.338
604230,520,466,986,137,76,252,293.22,0.9740,0.5210,0.175155,17,4,5,14.71,0.5043,0.0476,0.002170,4.316
604240,520,311,831,227,109,215,331.38,0.8242,0.6627,0.321765,8,63,16,144.93,0.9800,0.2221,0.036439,4.301
604247,520,409,929,219,21,226,326.58,0.9829,0.5750,0.210895,35,26,32,338.75,0.1866,0.1281,0.012004,4.208
604248,520,409,929,229,20,187,339.32,0.9743,0.5679,0.207488,29,31,26,124.95,0.1129,0.1321,0.013158,4.077
604257,520,426,946,232,48,114,5.69,0.8959,0.5567,0.204875,29,19,43,301.73,0.4784,0.1107,0.009014,4.319
604279,520,362,882,228,97,138,3.17,0.7366,0.6131,0.268808,42,46,0,114.84,1.0000,0.1850,0.024462,4.281
604281,520,425,945,190,95,154,343.91,0.5893,0.5555,0.214661,23,26,20,129.13,0.1609,0.1102,0.009714,4.432
604296,520,396,916,207,60,231,321.59,0.9164,0.5821,0.222683,3,25,78,262.73,0.9471,0.1355,0.012646,4.353
604300,520,366,886,241,87,90,22.79,0.8869,0.6088,0.262584,47,38,27,72.20,0.2619,0.1725,0.020697,4.421
604306,520,362,882,240,92,45,37.30,0.9234,0.6075,0.263721,55,36,13,69.09,0.6139,0.1755,0.021031,4.417
604314,520,456,976,216,11,168,341.79,0.9769,0.5301,0.176678,7,9,22,274.76,0.4369,0.0558,0.002985,4.278
604317,520,363,883,244,39,195,340.73,0.9607,0.6082,0.246273,46,6,99,293.38,0.9435,0.1680,0.016119,4.481
604318,520,475,995,203,49,157,342.95,0.8245,0.5199,0.173294,7,2,4,350.25,0.4246,0.0304,0.000974,4.381
604330,520,457,977,217,51,121,0.54,0.8415,0.5324,0.185023,1,13,18,221.28,0.7962,0.0577,0.003380,4.403
604337,520,461,981,233,2,94,10.08,0.9974,0.5328,0.181783,19,5,9,0.27,0.4750,0.0538,0.002667,4.401
604354,520,408,928,229,36,182,340.99,0.9391,0.5720,0.212998,42,13,56,312.75,0.7145,0.1272,0.010657,4.336
604362,520,426,946,242,43,33,29.00,0.9676,0.5582,0.207182,16,24,47,267.87,0.5060,0.1126,0.009686,4.309
604383,520,361,881,241,44,216,334.39,0.9627,0.6175,0.254628,65,2,86,314.76,0.9554,0.1799,0.018393,4.454
604403,520,294,814,222,110,253,318.45,0.9839,0.6788,0.337749,20,50,113,262.70,0.8280,0.2370,0.036220,4.497
604406,520,400,920,255,22,76,18.65,1.0000,0.5801,0.223594,43,27,36,344.71,0.2853,0.1428,0.014249,4.258
604421,520,219,739,245,159,138,34.41,0.7856,0.7481,0.460460,7,82,70,178.06,0.9490,0.3010,0.065217,4.430
604434,520,381,901,247,71,103,14.96,0.9290,0.6037,0.252632,28,35,57,269.83,0.3837,0.1575,0.017443,4.487
604449,520,391,911,238,78,59,30.13,0.9129,0.5867,0.239448,62,17,22,17.13,0.6790,0.1510,0.014831,4.465
604480,520,403,923,218,38,221,327.45,0.9552,0.5773,0.215142,4,21,84,264.95,0.9438,0.1343,0.012021,4.275
604482,520,437,957,164,79,245,303.54,0.9182,0.5518,0.200776,0,19,44,253.23,0.9999,0.0880,0.006476,4.440
604490,520,365,885,248,61,136,1.77,0.9325,0.6054,0.250748,19,33,84,267.89,0.7724,0.1676,0.018662,4.380
604498,520,452,972,192,94,32,48.33,0.8393,0.5259,0.193179,18,7,37,296.53,0.7003,0.0716,0.004141,4.492
604500,520,449,969,226,31,123,359.93,0.9294,0.5369,0.185816,26,7,14,357.92,0.5117,0.0691,0.004033,4.364
604505,520,469,989,190,35,213,321.85,0.9315,0.5223,0.169548,4,5,6,245.00,0.1010,0.0365,0.001475,4.265
604513,520,330,850,251,87,142,3.53,0.9396,0.6402,0.292819,10,45,106,260.82,0.8975,0.2142,0.029817,4.295
604516,520,454,974,190,79,146,345.90,0.6621,0.5267,0.186160,21,7,34,305.33,0.6640,0.0728,0.004269,4.352
604517,520,410,930,244,10,147,354.65,0.9897,0.5749,0.215601,39,29,8,83.78,0.6225,0.1342,0.013276,4.197
604527,520,311,831,252,35,254,327.83,0.9972,0.6561,0.290563,17,60,32,151.80,0.8764,0.2177,0.034550,4.028
604542,520,183,703,239,163,247,323.42,0.9301,0.7869,0.512620,54,86,66,156.08,0.4111,0.3325,0.078330,4.384
604544,520,281,801,233,144,51,62.12,0.8703,0.6873,0.375115,8,69,55,172.58,0.9260,0.2524,0.045835,4.436
604550,520,459,979,200,53,181,333.89,0.8342,0.5314,0.181635,5,15,11,168.65,0.4383,0.0634,0.003981,4.291
604553,520,453,973,220,61,21,34.17,0.9644,0.5287,0.186099,28,6,1,41.91,0.8413,0.0665,0.003794,4.389
604559,520,379,899,248,27,185,344.26,0.9771,0.6050,0.242464,55,27,19,36.79,0.5001,0.1558,0.016432,4.402
604595,520,437,957,213,22,200,331.74,0.9659,0.5470,0.188922,4,3,69,268.10,0.9888,0.0869,0.005206,4.328
604601,520,466,986,214,5,162,343.14,0.9878,0.5217,0.170157,16,1,25,312.47,0.8543,0.0486,0.002021,4.232
604602,520,436,956,174,61,250,307.26,0.9670,0.5484,0.192391,29,4,46,307.82,0.8261,0.0873,0.005453,4.371
604608,520,434,954,243,24,63,21.23,0.9816,0.5535,0.200703,17,4,67,280.10,0.9535,0.0952,0.006112,4.468
604619,520,479,999,216,23,112,1.58,0.9398,0.5089,0.163841,1,0,1,328.36,1.0000,0.0103,0.000086,4.269
604649,520,365,885,232,91,131,5.75,0.7775,0.6090,0.262793,10,48,17,146.63,0.9405,0.1709,0.022188,4.333
604662,520,407,927,239,50,88,16.07,0.9237,0.5653,0.213397,26,25,57,282.11,0.5400,0.1307,0.012103,4.241
604663,520,452,972,191,79,144,347.21,0.6627,0.5275,0.186835,19,15,6,87.73,0.3901,0.0741,0.004933,4.311
604675,520,386,906,237,42,179,343.91,0.9362,0.5887,0.229180,37,2,97,287.59,0.9832,0.1505,0.012998,4.432
604683,520,355,875,250,19,212,337.32,0.9908,0.6208,0.255464,54,25,70,311.87,0.6277,0.1751,0.019218,4.413
604705,520,289,809,237,101,239,327.06,0.9304,0.6795,0.335461,60,47,80,301.43,0.3938,0.2359,0.035729,4.496
604713,520,459,979,199,18,218,323.35,0.9770,0.5336,0.176384,12,13,12,145.45,0.0436,0.0643,0.003926,4.198
604719,520,32,552,240,247,219,118.52,0.6665,0.9575,0.901612,25,130,20,142.33,0.9870,0.4547,0.162218,4.484
604732,520,399,919,243,66,7,35.12,0.9934,0.5789,0.229698,42,29,18,61.15,0.3612,0.1402,0.014147,4.360
604734,520,480,1000,102,95,241,279.53,0.8985,0.5078,0.173596,0,0,0,0.00,0.0000,0.0000,0.000000,4.472
604740,520,203,723,237,166,197,351.53,0.6549,0.7695,0.493099,45,85,11,134.63,0.9651,0.3130,0.070789,4.496
604744,520,438,958,226,63,84,18.34,0.8630,0.5509,0.203666,2,25,12,156.90,0.9316,0.0900,0.007347,4.423
604761,520,458,978,156,76,232,303.70,0.8559,0.5268,0.180634,8,8,32,278.73,0.6614,0.0608,0.003296,4.327
604774,520,291,811,210,121,245,315.67,0.8986,0.6751,0.339702,33,60,77,237.64,0.4386,0.2443,0.040907,4.287
604778,520,354,874,255,41,165,352.06,1.0000,0.6155,0.255660,35,43,42,187.33,0.1187,0.1784,0.022522,4.215
604787,520,355,875,253,7,205,339.72,0.9968,0.6199,0.254457,49,18,91,297.09,0.8126,0.1758,0.018409,4.451
604803,520,409,929,225,56,172,343.76,0.8679,0.5735,0.218170,27,22,58,286.18,0.5970,0.1259,0.011123,4.387
604808,520,427,947,193,47,243,315.17,0.9466,0.5585,0.198429,20,11,57,284.74,0.7956,0.0976,0.006835,4.371
604826,520,470,990,209,63,82,17.58,0.8111,0.5178,0.177218,15,3,11,339.19,0.5621,0.0448,0.001909,4.377
604841,520,454,974,212,32,163,342.71,0.9086,0.5278,0.176767,12,4,48,282.07,0.9018,0.0701,0.003784,4.216
604862,520,13,533,253,252,216,105.92,0.9198,0.9798,0.954616,62,132,5,136.32,0.9947,0.4737,0.175371,4.458
604876,520,297,817,188,140,236,306.15,0.7421,0.6777,0.355042,32,66,23,139.51,0.8649,0.2436,0.042652,4.372
604879,520,402,922,234,50,167,347.32,0.9029,0.5827,0.225665,5,26,68,261.67,0.8818,0.1287,0.011883,4.455
604886,520,342,862,237,93,146,0.39,0.8045,0.6252,0.279113,20,37,97,267.19,0.8227,0.1901,0.023348,4.487
604894,520,403,923,229,4,216,331.52,0.9971,0.5819,0.217052,59,7,20,11.62,0.8064,0.1316,0.011324,4.355
604904,520,376,896,254,65,8,34.31,0.9954,0.5996,0.248727,25,32,77,272.82,0.6629,0.1628,0.017755,4.409
604925,520,418,938,215,77,130,0.02,0.7421,0.5603,0.213688,5,24,60,261.04,0.8450,0.1166,0.010117,4.386
604929,520,427,947,241,40,66,21.67,0.9582,0.5580,0.206150,10,17,55,270.26,0.7887,0.0990,0.007412,4.462
604964,520,465,985,214,62,45,30.12,0.8995,0.5200,0.179333,12,7,20,301.23,0.4391,0.0547,0.002806,4.343
604987,520,442,962,237,27,7,30.09,0.9940,0.5373,0.188070,21,10,34,302.81,0.5791,0.0781,0.004920,4.335
604998,520,476,996,146,69,236,299.99,0.8879,0.5080,0.164237,0,2,7,251.28,1.0000,0.0226,0.000588,4.235
604999,520,401,921,188,99,201,322.38,0.6897,0.5834,0.238332,48,25,29,8.92,0.3690,0.1430,0.014124,4.496
605001,520,458,978,219,9,166,343.13,0.9820,0.5344,0.180111,22,4,28,317.36,0.7098,0.0645,0.003413,4.308
605003,520,294,814,226,132,176,351.19,0.6415,0.6820,0.358078,41,61,57,180.86,0.2637,0.2433,0.041042,4.482
605021,520,354,874,249,23,211,337.38,0.9875,0.6195,0.254588,76,16,11,28.98,0.8636,0.1762,0.019315,4.394
605035,520,407,927,221,1,222,328.12,0.9992,0.5711,0.206700,3,38,19,155.28,0.9550,0.1345,0.014525,3.978
605052,520,354,874,222,92,199,335.05,0.7988,0.6225,0.273095,64,33,5,58.14,0.8083,0.1818,0.021888,4.494
605080,520,321,841,244,61,243,328.33,0.9646,0.6510,0.290443,68,39,38,22.05,0.3622,0.2086,0.028201,4.353
605084,520,264,784,228,132,240,322.99,0.8899,0.7141,0.392894,32,70,53,162.75,0.5821,0.2641,0.049443,4.454
605089,520,426,946,242,52,9,32.64,0.9921,0.5639,0.213563,24,20,46,288.41,0.5008,0.1094,0.008918,4.473
605102,520,352,872,216,115,119,18.55,0.6161,0.6178,0.281943,4,42,91,257.13,0.9218,0.1905,0.024369,4.463
605109,520,414,934,232,54,146,354.41,0.8759,0.5730,0.218723,42,21,12,43.61,0.4989,0.1202,0.010552,4.438
605110,520,435,955,233,34,106,7.48,0.9389,0.5470,0.195113,1,24,8,152.37,0.9750,0.0854,0.006772,4.317
605122,520,445,965,209,2,212,327.59,0.9976,0.5429,0.183542,26,12,20,345.05,0.3658,0.0805,0.005331,4.221
605129,520,435,955,218,4,195,334.36,0.9944,0.5483,0.189347,2,11,60,265.32,0.9510,0.0876,0.005785,4.291
605143,520,402,922,248,49,45,27.77,0.9711,0.5759,0.223461,62,5,10,22.25,0.9109,0.1334,0.011548,4.443
605144,520,358,878,241,91,96,21.67,0.8748,0.6154,0.270305,32,46,6,126.96,0.8794,0.1760,0.022742,4.403
605158,520,211,731,251,164,122,46.33,0.8836,0.7626,0.484677,36,84,55,154.84,0.7018,0.3120,0.069913,4.459
605178,520,458,978,141,79,251,294.42,0.9632,0.5289,0.182198,22,7,17,340.81,0.4687,0.0647,0.003630,4.330
605192,520,352,872,244,16,232,331.09,0.9939,0.6215,0.254328,2,0,144,264.52,1.0000,0.1941,0.020263,4.331
605195,520,415,935,219,11,222,327.60,0.9914,0.5695,0.205755,24,17,67,282.74,0.7679,0.1212,0.010003,4.262
605198,520,476,996,188,32,203,323.96,0.9250,0.5097,0.160376,0,0,10,264.05,1.0000,0.0158,0.000219,4.189
605201,520,403,923,252,10,121,4.40,0.9922,0.5817,0.222966,28,32,24,129.24,0.1903,0.1332,0.013458,4.302
605203,520,344,864,246,53,217,335.35,0.9570,0.6327,0.271517,53,39,51,331.20,0.2372,0.1919,0.024470,4.317
605218,520,434,954,195,29,238,317.34,0.9710,0.5469,0.186553,21,15,46,288.58,0.6133,0.0960,0.006983,4.151
605227,520,432,952,196,65,205,325.16,0.8358,0.5517,0.199257,26,16,35,307.36,0.4390,0.0959,0.007116,4.364
605255,520,423,943,247,0,81,15.76,1.0000,0.5589,0.203718,31,20,36,314.89,0.3646,0.1111,0.009190,4.286
605266,520,363,883,220,89,183,340.16,0.7667,0.6071,0.257814,18,35,82,265.76,0.7489,0.1700,0.019398,4.436
605311,520,385,905,228,88,91,22.16,0.8022,0.5872,0.242314,24,33,65,269.86,0.5388,0.1546,0.016635,4.387
605323,520,341,861,247,74,168,351.40,0.9197,0.6282,0.275020,57,40,43,7.02,0.2169,0.1963,0.025619,4.298
605340,520,478,998,82,103,240,271.72,0.9142,0.5082,0.177848,6,1,2,3.56,0.5657,0.0248,0.000648,4.499
605342,520,457,977,221,40,103,7.16,0.8985,0.5257,0.178717,25,3,14,350.28,0.6887,0.0597,0.003035,4.313
605367,520,242,762,228,138,249,319.84,0.9454,0.7292,0.415120,62,69,23,117.09,0.6907,0.2779,0.053422,4.497
605376,520,421,941,246,23,62,21.61,0.9842,0.5593,0.205570,48,10,23,2.94,0.6741,0.1144,0.009074,4.326
605379,520,461,981,153,86,217,304.68,0.7662,0.5260,0.184381,7,7,19,282.25,0.4285,0.0498,0.002441,4.469
605391,520,366,886,238,80,142,0.06,0.8371,0.6089,0.258703,13,46,32,162.51,0.7409,0.1691,0.021438,4.321
605398,520,410,930,209,99,52,42.21,0.7963,0.5652,0.227290,25,27,51,278.57,0.4350,0.1302,0.012295,4.451
605400,520,385,905,239,46,167,348.28,0.9239,0.5892,0.230977,17,23,93,270.64,0.9103,0.1548,0.015222,4.308
605409,520,460,980,218,64,2,36.71,0.9963,0.5275,0.185792,6,7,40,273.95,0.8403,0.0636,0.003439,4.412
605422,520,381,901,241,77,98,17.39,0.8867,0.5980,0.248935,16,40,55,238.42,0.5446,0.1621,0.019035,4.330
605423,520,464,984,227,40,5,31.69,0.9943,0.5236,0.178624,4,12,7,158.66,0.4641,0.0539,0.003041,4.310
605424,520,334,854,237,57,245,326.19,0.9660,0.6377,0.275258,59,17,100,301.38,0.8384,0.1975,0.022509,4.486
605436,520,455,975,210,37,162,342.66,0.8863,0.5265,0.176356,16,6,17,323.86,0.4502,0.0553,0.002809,4.286
605453,520,360,880,237,30,248,325.77,0.9875,0.6245,0.257129,76,17,2,35.87,0.9572,0.1763,0.019420,4.424
605464,520,471,991,217,44,100,8.10,0.8775,0.5197,0.174757,4,4,27,276.29,0.7925,0.0450,0.001918,4.329
605477,520,421,941,239,52,76,20.17,0.9286,0.5645,0.213317,8,30,0,136.80,1.0000,0.1068,0.009801,4.403
605480,520,392,912,248,51,119,6.74,0.9421,0.5918,0.236594,72,2,13,20.19,0.9682,0.1530,0.014504,4.443
605485,520,442,962,239,23,12,29.46,0.9904,0.5400,0.189934,30,11,10,24.09,0.4727,0.0811,0.005373,4.333
605487,520,437,957,233,30,133,357.71,0.9436,0.5540,0.199486,7,3,71,270.48,0.9865,0.0914,0.005652,4.483
605489,520,390,910,199,76,238,316.87,0.9041,0.5913,0.234854,33,37,29,129.16,0.1699,0.1542,0.017352,4.229
605536,520,475,995,208,62,90,13.85,0.7991,0.5167,0.175956,0,5,7,214.81,1.0000,0.0324,0.001239,4.410
605541,520,392,912,231,93,4,43.70,0.9931,0.5907,0.248292,4,41,38,187.02,0.8700,0.1513,0.017515,4.418
605544,520,476,996,187,72,146,344.15,0.6888,0.5118,0.172764,5,0,0,29.23,1.0000,0.0182,0.000323,4.427
605554,520,382,902,207,105,151,353.23,0.5985,0.5970,0.256047,50,34,5,78.78,0.7945,0.1620,0.018332,4.479
605567,520,460,980,203,57,162,341.46,0.8019,0.5299,0.182333,19,0,36,305.13,1.0000,0.0584,0.002658,4.412
605616,520,302,822,238,85,254,323.82,0.9955,0.6709,0.318322,22,47,112,264.75,0.8239,0.2295,0.033733,4.399
605652,520,462,982,227,49,34,29.71,0.9506,0.5321,0.186459,1,11,6,165.28,0.8498,0.0485,0.002589,4.496
605667,520,410,930,245,14,131,0.08,0.9855,0.5717,0.213686,55,7,29,357.39,0.7627,0.1265,0.010530,4.356
605681,520,474,994,146,66,253,297.15,0.9848,0.5197,0.170995,3,2,9,290.63,0.5403,0.0278,0.000825,4.348
605685,520,480,1000,209,1,164,341.23,0.9972,0.5121,0.162596,0,0,0,0.00,0.0000,0.0000,0.000000,4.252
605686,520,440,960,239,43,56,24.45,0.9564,0.5544,0.203673,13,24,12,142.43,0.4729,0.0939,0.007654,4.400
605695,520,399,919,230,39,190,338.90,0.9397,0.5799,0.219944,37,2,85,292.44,0.9736,0.1358,0.010926,4.431
605714,520,410,930,248,44,43,27.52,0.9722,0.5721,0.219358,47,1,65,313.50,0.9614,0.1282,0.010078,4.483
605718,520,403,923,239,59,129,2.52,0.8820,0.5843,0.230667,27,32,12,120.78,0.5257,0.1293,0.012926,4.460
605747,520,386,906,248,40,144,357.40,0.9470,0.5930,0.234910,60,19,5,39.21,0.8244,0.1470,0.014375,4.426
605757,520,373,893,211,60,243,319.82,0.9451,0.5970,0.235534,18,45,4,136.88,0.9657,0.1625,0.020141,4.071
605779,520,411,931,133,107,254,286.87,0.9834,0.5690,0.226574,27,28,32,274.58,0.0856,0.1241,0.011678,4.484
605793,520,318,838,249,77,225,334.14,0.9691,0.6626,0.308866,91,27,9,35.90,0.8772,0.2225,0.030281,4.470
605795,520,465,985,135,104,187,299.70,0.5498,0.5167,0.186395,10,11,0,112.85,1.0000,0.0545,0.003039,4.457
605799,520,455,975,222,49,75,18.70,0.9013,0.5277,0.182369,25,4,9,5.41,0.6356,0.0601,0.003133,4.373
605809,520,445,965,232,30,97,10.17,0.9505,0.5404,0.189504,18,12,41,289.01,0.6264,0.0835,0.005516,4.314
605816,520,456,976,215,42,133,354.60,0.8666,0.5259,0.177989,0,15,12,181.12,1.0000,0.0597,0.003682,4.247
605823,520,434,954,224,51,131,358.05,0.8600,0.5495,0.198563,1,30,4,145.32,0.9909,0.1037,0.009437,4.182
605832,520,420,940,232,19,155,349.76,0.9698,0.5569,0.199910,0,21,59,258.78,1.0000,0.1057,0.008520,4.270
605836,520,376,896,243,27,196,340.07,0.9768,0.6014,0.238271,15,27,92,268.49,0.8951,0.1603,0.016580,4.330
605848,520,414,934,215,24,222,326.53,0.9760,0.5662,0.203763,0,25,69,259.23,1.0000,0.1248,0.011249,4.143
605862,520,480,1000,195,53,167,337.17,0.8063,0.5146,0.169400,0,0,0,0.00,0.0000,0.0000,0.000000,4.388
605880,520,449,969,216,55,124,359.57,0.8242,0.5352,0.187889,25,2,41,307.89,0.8744,0.0742,0.004102,4.397
605903,520,327,847,218,99,243,320.35,0.9240,0.6514,0.303018,11,59,19,145.82,0.9626,0.2095,0.032460,4.281
605915,520,360,880,239,0,248,326.36,1.0000,0.6207,0.251307,69,28,28,21.85,0.5588,0.1845,0.021797,4.197
605930,520,374,894,250,34,169,349.57,0.9651,0.6041,0.243360,66,12,37,356.70,0.7384,0.1576,0.015550,4.475
605948,520,475,995,227,1,105,5.36,0.9983,0.5231,0.173754,0,1,18,263.84,1.0025,0.0256,0.000654,4.417
605952,520,443,963,183,61,217,317.83,0.8609,0.5354,0.184157,18,18,3,109.13,0.6714,0.0797,0.005678,4.206
605953,520,337,857,234,117,0,53.02,1.0000,0.6351,0.302177,35,50,53,211.28,0.2205,0.2037,0.028955,4.460
605955,520,284,804,224,139,183,347.98,0.6131,0.6950,0.377332,28,70,22,141.25,0.9193,0.2546,0.046850,4.412
605960,520,456,976,232,33,9,30.53,0.9914,0.5298,0.182663,30,1,0,31.61,1.0000,0.0594,0.002978,4.392
605976,520,324,844,230,83,236,326.21,0.9226,0.6450,0.290678,19,57,19,143.41,0.9187,0.2057,0.031116,4.200
605979,520,439,959,243,23,17,29.07,0.9886,0.5487,0.197114,38,8,17,4.65,0.6346,0.0912,0.006263,4.392
605982,520,316,836,206,124,210,325.36,0.6702,0.6556,0.321915,13,62,27,148.93,0.9433,0.2220,0.036098,4.320
605988,520,455,975,191,31,223,319.70,0.9534,0.5294,0.173855,32,0,12,359.32,1.0000,0.0647,0.003337,4.197
605991,520,450,970,234,15,82,14.52,0.9837,0.5350,0.184464,25,2,36,313.19,0.8439,0.0703,0.003775,4.360
606008,520,382,902,174,98,250,303.93,0.9363,0.5958,0.246367,20,14,110,271.90,0.9686,0.1645,0.015885,4.498
606019,520,234,754,239,145,210,339.39,0.8099,0.7371,0.432566,53,77,23,129.98,0.8079,0.2942,0.061264,4.337
606034,520,412,932,198,87,182,333.38,0.7087,0.5690,0.222011,16,29,30,202.02,0.2939,0.1167,0.010826,4.472
606039,520,358,878,236,63,211,334.66,0.9227,0.6198,0.260936,80,7,32,7.69,0.8575,0.1806,0.019620,4.466
606041,520,439,959,221,16,177,340.31,0.9726,0.5460,0.189195,20,1,65,285.00,0.9832,0.0911,0.005521,4.308
606096,520,470,990,201,23,197,329.38,0.9532,0.5239,0.170633,14,0,23,312.57,1.0000,0.0424,0.001552,4.280
606102,520,208,728,222,161,238,319.15,0.7873,0.7588,0.471935,7,75,130,250.06,0.9144,0.3147,0.066886,4.465
606105,520,390,910,234,90,33,39.39,0.9397,0.5929,0.249174,15,41,4,137.66,0.9619,0.1474,0.016961,4.468
606123,520,448,968,209,13,204,329.64,0.9819,0.5397,0.182048,17,16,32,285.59,0.3890,0.0847,0.005940,4.148
606137,520,388,908,219,68,194,335.33,0.8492,0.5861,0.230915,57,20,30,5.45,0.5622,0.1489,0.014640,4.346
606178,520,343,863,254,42,198,342.15,0.9933,0.6297,0.268073,45,29,92,289.78,0.7144,0.1893,0.022093,4.412
606182,520,385,905,206,63,246,317.63,0.9535,0.5942,0.233322,48,25,46,330.10,0.4426,0.1506,0.015210,4.345
606190,520,469,989,217,58,37,30.97,0.9275,0.5207,0.179140,0,6,15,243.78,1.0000,0.0386,0.001647,4.437
606194,520,254,774,244,119,242,328.01,0.9480,0.7165,0.388398,51,68,43,135.97,0.4020,0.2683,0.050124,4.379
606196,520,455,975,133,89,241,291.73,0.8785,0.5267,0.184821,29,0,9,1.92,1.0000,0.0583,0.002810,4.447
606197,520,350,870,236,111,64,40.33,0.8518,0.6320,0.295746,19,53,21,144.67,0.8787,0.1925,0.027387,4.468
606208,520,384,904,238,3,203,336.93,0.9978,0.5901,0.225569,39,36,9,103.00,0.6678,0.1534,0.017128,4.105
606221,520,368,888,195,105,218,319.15,0.7497,0.6128,0.267684,44,41,15,102.75,0.5739,0.1745,0.021559,4.439
606222,520,344,864,244,53,212,336.22,0.9511,0.6263,0.265357,61,37,6,68.55,0.7956,0.1863,0.023285,4.303
606224,520,289,809,226,110,247,321.29,0.9474,0.6807,0.340378,82,47,10,62.07,0.7919,0.2441,0.038490,4.412
606225,520,324,844,237,69,254,323.91,0.9959,0.6535,0.294189,22,57,5,137.71,0.9755,0.2055,0.031077,4.245
606246,520,382,902,245,29,193,341.37,0.9747,0.6043,0.241446,43,35,33,34.33,0.1249,0.1614,0.018255,4.270
606259,520,477,997,156,54,243,303.33,0.9367,0.5104,0.161778,3,1,3,326.97,0.4506,0.0211,0.000476,4.196
606266,520,326,846,225,107,211,332.10,0.8056,0.6547,0.312281,36,50,69,256.20,0.3323,0.2129,0.030859,4.480
606268,520,459,979,175,68,214,315.55,0.8257,0.5289,0.181042,17,9,13,347.64,0.2532,0.0611,0.003436,4.324
606273,520,460,980,195,26,214,323.17,0.9575,0.5268,0.171975,18,7,8,13.14,0.3469,0.0565,0.002981,4.190
606278,520,447,967,231,42,88,14.24,0.9256,0.5433,0.193524,3,17,41,258.30,0.7900,0.0828,0.005803,4.364
606286,520,388,908,228,38,214,331.77,0.9581,0.5900,0.227377,28,34,56,271.54,0.3822,0.1542,0.016764,4.155
606298,520,419,939,184,84,208,319.45,0.7645,0.5591,0.210862,6,20,59,264.77,0.8519,0.1068,0.008547,4.456
606299,520,418,938,160,96,235,302.06,0.8229,0.5643,0.218379,15,24,63,269.69,0.7185,0.1247,0.011137,4.390
606310,520,469,989,219,33,112,2.79,0.9122,0.5200,0.173202,16,1,18,324.09,0.7990,0.0443,0.001756,4.313
606311,520,329,849,239,97,181,346.82,0.8408,0.6477,0.302389,30,47,87,265.03,0.5739,0.2124,0.029971,4.406
606347,520,380,900,252,34,144,357.84,0.9749,0.5976,0.238567,2,28,91,262.66,0.9729,0.1558,0.015986,4.373
606348,520,407,927,238,65,7,35.21,0.9925,0.5680,0.219762,58,5,35,351.34,0.8008,0.1327,0.011296,4.401
606350,520,354,874,233,73,201,337.00,0.8832,0.6187,0.263083,20,36,86,266.85,0.7509,0.1772,0.020823,4.421
606365,520,396,916,244,56,71,22.53,0.9411,0.5769,0.225197,17,27,71,269.55,0.7408,0.1401,0.013579,4.328
606373,520,434,954,214,27,192,334.24,0.9499,0.5458,0.188880,36,1,59,306.81,0.9609,0.1049,0.007126,4.182
606375,520,469,989,201,36,178,334.99,0.8908,0.5183,0.168955,15,0,22,316.05,1.0000,0.0430,0.001595,4.244
606397,520,443,963,213,71,98,13.06,0.7735,0.5390,0.195368,1,18,42,254.52,0.9004,0.0846,0.006062,4.377
606399,520,345,865,205,92,254,314.01,0.9911,0.6310,0.277905,2,42,90,256.11,0.9544,0.1890,0.024069,4.427
606405,520,469,989,192,81,103,10.43,0.6449,0.5169,0.180723,12,3,12,327.26,0.5402,0.0418,0.001698,4.463
606411,520,477,997,176,26,233,313.06,0.9674,0.5110,0.158531,1,1,7,277.79,0.7136,0.0203,0.000435,4.135
606415,520,434,954,188,35,255,311.55,1.0000,0.5532,0.191146,25,13,47,296.20,0.6552,0.0974,0.006998,4.231
606417,520,424,944,240,27,112,6.06,0.9627,0.5596,0.204822,2,22,59,259.84,0.9244,0.1092,0.009024,4.317
606421,520,404,924,233,70,112,9.68,0.8386,0.5787,0.228767,2,37,15,152.03,0.9759,0.1297,0.013705,4.376
606431,520,466,986,209,66,94,13.13,0.7826,0.5243,0.182621,10,10,2,108.94,0.5915,0.0529,0.002860,4.401
606437,520,357,877,243,57,195,340.88,0.9293,0.6183,0.259240,66,14,76,320.60,0.7827,0.1838,0.019943,4.421
606452,520,419,939,206,23,239,320.18,0.9821,0.5632,0.199683,18,10,68,279.03,0.8933,0.1058,0.007630,4.333
606461,520,376,896,229,22,237,326.42,0.9882,0.6003,0.233486,29,40,40,196.27,0.1807,0.1634,0.019320,4.090
606466,520,216,736,246,142,245,327.44,0.9488,0.7572,0.455335,10,84,48,155.57,0.9668,0.3012,0.066183,4.349
606467,520,272,792,210,138,229,319.07,0.7445,0.6960,0.375369,70,55,70,326.23,0.2191,0.2622,0.044767,4.489
606474,520,477,997,213,1,147,347.77,0.9971,0.5111,0.162768,5,1,0,51.16,1.0000,0.0224,0.000540,4.210
606517,520,404,924,216,13,242,322.16,0.9930,0.5794,0.212996,15,22,70,271.09,0.8117,0.1268,0.011175,4.299
606523,520,410,930,199,35,251,315.44,0.9815,0.5668,0.203106,38,26,9,74.24,0.5526,0.1254,0.011706,4.102
606536,520,430,950,196,66,202,326.03,0.8258,0.5509,0.198980,35,18,2,64.73,0.7966,0.1009,0.007944,4.297
606551,520,478,998,151,90,183,312.85,0.6161,0.5066,0.173111,3,0,14,293.16,1.0000,0.0236,0.000511,4.417
606559,520,441,961,221,46,127,358.51,0.8685,0.5381,0.188610,32,5,43,314.44,0.7813,0.0908,0.005901,4.268
606565,520,411,931,252,37,29,28.92,0.9890,0.5750,0.221110,22,28,31,229.49,0.1380,0.1190,0.011000,4.444
606601,520,423,943,242,45,41,27.93,0.9628,0.5603,0.209175,38,18,23,4.26,0.3853,0.1107,0.009066,4.388
606630,520,473,993,178,47,226,314.61,0.9140,0.5216,0.169901,2,2,16,276.62,0.7755,0.0302,0.000937,4.317
606636,520,404,924,236,19,189,340.37,0.9807,0.5818,0.219756,51,18,17,23.86,0.5864,0.1306,0.011770,4.367
606656,520,470,990,225,2,118,0.47,0.9960,0.5235,0.173618,8,6,11,304.74,0.2352,0.0449,0.002060,4.295
606666,520,208,728,251,147,218,340.02,0.9528,0.7601,0.464409,19,89,1,140.66,0.9987,0.3142,0.072851,4.187
606692,520,249,769,255,103,251,328.73,1.0000,0.7159,0.379283,24,39,172,267.56,0.9626,0.2830,0.046234,4.461
606698,520,260,780,180,157,241,295.94,0.7384,0.7069,0.401682,56,68,43,129.19,0.3699,0.2728,0.051494,4.450
606749,520,432,952,217,42,168,342.59,0.8886,0.5460,0.192371,39,12,9,28.45,0.6151,0.0972,0.007141,4.242
606751,520,334,854,247,20,243,329.22,0.9938,0.6350,0.267485,90,8,9,27.04,0.9523,0.1993,0.023674,4.309
606770,520,421,941,232,47,113,5.95,0.8992,0.5556,0.203840,49,10,0,39.68,1.0000,0.1108,0.008702,4.324
606780,520,396,916,197,58,254,313.49,0.9939,0.5822,0.220535,0,41,11,148.39,1.0000,0.1417,0.016100,4.093
606781,520,361,881,244,84,141,2.21,0.8727,0.6240,0.274999,19,48,32,157.38,0.6382,0.1786,0.023566,4.418
606783,520,334,854,242,65,221,333.41,0.9399,0.6375,0.278810,5,51,64,222.08,0.8661,0.1970,0.027699,4.232
606786,520,408,928,231,57,145,354.80,0.8639,0.5733,0.219623,42,11,65,306.40,0.7878,0.1322,0.011133,4.410
606799,520,354,874,209,86,235,320.23,0.8897,0.6161,0.262106,28,30,101,274.39,0.8373,0.1843,0.021149,4.387
606801,520,423,943,240,51,65,23.25,0.9400,0.5638,0.212778,4,29,28,191.44,0.7537,0.1089,0.009883,4.388
606802,520,478,998,214,43,95,9.46,0.8776,0.5115,0.168526,1,0,10,281.20,1.0000,0.0178,0.000284,4.346
606804,520,420,940,243,39,32,28.70,0.9727,0.5576,0.206134,52,3,14,13.34,0.8802,0.1101,0.008270,4.396
606825,520,473,993,224,34,63,20.73,0.9514,0.5186,0.173530,7,1,11,315.32,0.7319,0.0304,0.000910,4.391
606833,520,433,953,211,88,74,28.97,0.7528,0.5539,0.213249,7,28,7,143.52,0.8950,0.1013,0.008910,4.469
606845,520,399,919,235,60,131,1.15,0.8664,0.5783,0.225355,42,23,57,308.13,0.5558,0.1449,0.014005,4.302
606868,520,279,799,239,142,26,62.44,0.9581,0.6905,0.377738,34,68,37,145.90,0.6806,0.2542,0.046078,4.452
606877,520,344,864,242,82,164,352.52,0.8694,0.6266,0.275951,3,34,108,262.89,0.9719,0.1883,0.022460,4.498
606885,520,426,946,221,52,157,347.78,0.8568,0.5556,0.202649,52,0,34,346.38,1.0000,0.1136,0.008457,4.322
606891,520,433,953,230,49,100,10.67,0.8961,0.5495,0.199426,24,21,11,93.37,0.3213,0.0955,0.007547,4.334
606893,520,423,943,239,2,149,352.88,0.9975,0.5642,0.205672,20,25,29,242.29,0.1432,0.1081,0.009327,4.310
606898,520,337,857,236,70,229,329.78,0.9337,0.6368,0.278728,26,55,21,140.80,0.8208,0.2031,0.030060,4.106
606924,520,478,998,214,52,39,29.34,0.9246,0.5089,0.169011,8,0,0,29.23,1.0000,0.0228,0.000516,4.335
606934,520,390,910,214,73,209,329.32,0.8545,0.5920,0.236666,66,0,50,341.09,1.0000,0.1518,0.013887,4.487
606946,520,327,847,255,49,225,335.30,1.0000,0.6504,0.288961,40,54,15,126.54,0.7499,0.2095,0.031239,4.172
606947,520,455,975,205,49,174,337.57,0.8469,0.5327,0.182337,25,0,29,322.77,1.0000,0.0614,0.002954,4.388
606957,520,464,984,195,16,212,323.78,0.9761,0.5216,0.167278,21,4,10,356.95,0.5737,0.0546,0.002682,4.124
606963,520,413,933,230,34,181,341.49,0.9445,0.5723,0.213059,40,9,55,312.24,0.7671,0.1181,0.009224,4.442
606967,520,450,970,212,55,151,347.91,0.8197,0.5389,0.189660,6,19,7,146.08,0.6688,0.0738,0.005198,4.342
606971,520,303,823,245,128,42,51.53,0.9334,0.6740,0.350209,6,63,58,185.72,0.9148,0.2331,0.038990,4.497
606978,520,445,965,191,70,196,326.17,0.7918,0.5436,0.194436,37,4,1,33.20,0.9342,0.0785,0.004824,4.459
606980,520,430,950,241,11,95,11.13,0.9893,0.5518,0.197697,1,16,60,262.62,0.9689,0.0963,0.007032,4.343
606983,520,439,959,224,7,183,339.21,0.9899,0.5530,0.194207,7,24,22,185.61,0.5141,0.0933,0.007563,4.242
606990,520,391,911,244,70,87,20.04,0.9220,0.5934,0.243048,40,30,51,305.56,0.3578,0.1536,0.016187,4.428
606998,520,407,927,234,69,66,26.01,0.8959,0.5695,0.221450,53,17,15,25.75,0.6424,0.1321,0.011924,4.384
607003,520,401,921,233,4,193,338.48,0.9961,0.5751,0.212635,47,22,43,333.22,0.4771,0.1415,0.013526,4.134
607005,520,386,906,222,70,183,339.82,0.8329,0.5874,0.233311,54,14,60,322.21,0.7246,0.1509,0.014247,4.410
607008,520,431,951,203,81,133,356.52,0.6835,0.5460,0.202767,21,20,27,291.60,0.1705,0.0953,0.007389,4.404
607009,520,472,992,206,48,142,349.36,0.8251,0.5173,0.171908,1,5,5,195.33,0.5527,0.0328,0.001259,4.329
607015,520,444,964,207,14,207,328.32,0.9809,0.5385,0.180864,26,7,33,316.07,0.6559,0.0785,0.004814,4.212
607035,520,473,993,219,13,125,357.04,0.9698,0.5164,0.168312,5,1,19,292.77,0.8482,0.0326,0.001010,4.280
607044,520,443,963,237,35,15,30.23,0.9866,0.5417,0.192443,26,5,40,308.78,0.7693,0.0800,0.004814,4.423
607049,520,407,927,244,18,118,4.30,0.9804,0.5663,0.209771,35,19,65,295.37,0.6879,0.1348,0.012047,4.187
607052,520,469,989,211,61,72,21.23,0.8428,0.5172,0.176566,3,7,7,195.92,0.2864,0.0411,0.001867,4.368
607054,520,436,956,202,59,195,330.07,0.8427,0.5490,0.196264,33,15,6,47.82,0.5625,0.0924,0.006782,4.337
607062,520,430,950,248,4,2,29.25,0.9987,0.5539,0.200513,31,16,32,324.67,0.4208,0.1006,0.007662,4.345
607065,520,472,992,187,9,224,318.63,0.9892,0.5156,0.161433,6,3,0,82.32,1.0000,0.0305,0.001038,4.143
607073,520,433,953,230,33,137,355.86,0.9303,0.5512,0.197197,39,7,40,326.61,0.7239,0.1027,0.007366,4.309
607098,520,404,924,252,25,108,9.05,0.9787,0.5821,0.224771,14,21,78,270.44,0.8812,0.1325,0.011797,4.446
607107,520,471,991,200,70,109,5.53,0.7234,0.5172,0.177657,16,0,22,317.96,1.0000,0.0442,0.001681,4.405
607116,520,274,794,239,124,210,337.60,0.8560,0.7011,0.374214,39,66,43,148.03,0.4988,0.2526,0.045021,4.464
607118,520,270,790,253,118,185,351.32,0.9610,0.7018,0.373452,41,67,53,159.92,0.3887,0.2603,0.047427,4.346
607135,520,468,988,226,9,89,10.97,0.9868,0.5183,0.170883,2,8,8,195.47,0.4786,0.0429,0.002041,4.244
607151,520,411,931,211,99,28,47.35,0.9002,0.5665,0.228585,9,31,42,232.96,0.5898,0.1244,0.012052,4.490
607168,520,295,815,244,97,221,334.27,0.9348,0.6750,0.330055,49,48,101,281.28,0.5629,0.2414,0.037064,4.365
607169,520,366,886,248,63,146,358.41,0.9309,0.6107,0.255901,65,17,58,334.08,0.6973,0.1728,0.018304,4.479
607170,520,63,583,251,230,186,85.45,0.7783,0.9198,0.806489,76,115,56,135.95,0.6703,0.4343,0.140832,4.488
607193,520,460,980,230,2,117,1.76,0.9966,0.5335,0.181537,20,4,28,313.48,0.7091,0.0619,0.003194,4.353
607194,520,319,839,221,132,96,42.51,0.6478,0.6521,0.327212,19,63,4,139.37,0.9872,0.2246,0.037021,4.335
607196,520,476,996,112,95,229,284.17,0.8148,0.5062,0.172860,1,2,5,262.03,0.4486,0.0231,0.000608,4.404
607208,520,283,803,233,133,170,357.14,0.6848,0.6915,0.370031,5,70,31,150.73,0.9836,0.2483,0.045113,4.416
607220,520,308,828,252,65,243,330.20,0.9888,0.6674,0.309500,31,44,117,270.30,0.8029,0.2324,0.033769,4.292
607226,520,414,934,248,33,88,15.29,0.9676,0.5726,0.217523,18,30,31,202.54,0.2581,0.1214,0.011560,4.346
607242,520,268,788,252,123,149,9.10,0.9182,0.6956,0.370342,9,67,77,212.56,0.8603,0.2560,0.046080,4.375
607245,520,242,762,238,129,249,323.80,0.9628,0.7273,0.407191,81,64,9,90.14,0.8714,0.2849,0.054360,4.381
607261,520,407,927,255,4,67,20.26,1.0000,0.5742,0.217559,43,23,21,26.08,0.3647,0.1283,0.011806,4.329
607279,520,476,996,175,91,105,10.58,0.5135,0.5064,0.176173,2,2,5,283.18,0.3513,0.0245,0.000673,4.463
607297,520,420,940,244,35,4,30.87,0.9969,0.5561,0.204474,40,8,41,326.57,0.7106,0.1065,0.007849,4.399
607317,520,370,890,241,81,117,10.89,0.8639,0.6076,0.258730,51,35,23,57.77,0.3624,0.1692,0.019678,4.431
607320,520,389,909,239,45,171,346.96,0.9284,0.5904,0.231707,57,21,36,356.05,0.5453,0.1530,0.015337,4.312
607324,520,452,972,193,47,204,324.91,0.8847,0.5292,0.177316,30,1,27,332.42,0.8476,0.0700,0.003769,4.228
607353,520,409,929,232,55,125,2.31,0.8722,0.5660,0.213717,28,28,39,284.63,0.2146,0.1285,0.012239,4.237
607380,520,450,970,235,11,97,9.64,0.9868,0.5397,0.187677,22,11,19,337.15,0.3326,0.0731,0.004570,4.355
607396,520,325,845,241,111,95,29.03,0.8627,0.6452,0.308987,5,61,16,145.72,0.9863,0.2143,0.034070,4.270
607398,520,275,795,248,115,218,336.89,0.9459,0.7042,0.372825,10,70,47,161.93,0.9329,0.2535,0.046499,4.382
607399,520,90,610,234,221,196,83.77,0.4004,0.8852,0.731914,12,114,61,153.28,0.9815,0.4050,0.124492,4.481
607408,520,398,918,209,48,233,321.96,0.9431,0.5770,0.215542,20,21,80,274.51,0.8479,0.1386,0.012642,4.239
607414,520,424,944,217,76,124,2.99,0.7533,0.5604,0.213782,15,20,59,272.86,0.7268,0.1122,0.009176,4.458
607420,520,257,777,174,162,228,292.29,0.5850,0.7052,0.404407,39,73,28,138.65,0.8194,0.2719,0.052801,4.420
607427,520,456,976,180,67,210,318.42,0.8225,0.5324,0.183719,8,12,21,265.12,0.3221,0.0624,0.003687,4.353
607454,520,442,962,218,27,161,344.75,0.9339,0.5357,0.182649,8,1,66,272.57,0.9937,0.0825,0.004666,4.256
607462,520,171,691,244,168,245,326.25,0.9236,0.8015,0.538325,46,91,51,146.37,0.7032,0.3389,0.083018,4.423
607464,520,431,951,238,34,47,25.47,0.9714,0.5456,0.195297,7,26,30,213.13,0.5485,0.1025,0.008777,4.173
607480,520,463,983,202,54,178,335.47,0.8298,0.5341,0.184111,0,4,38,263.55,1.0011,0.0503,0.002268,4.479
607483,520,408,928,230,16,183,340.68,0.9800,0.5663,0.206152,6,10,92,267.26,0.9802,0.1281,0.010284,4.249
607491,520,352,872,219,120,5,58.31,0.9857,0.6169,0.285061,37,48,37,144.92,0.2453,0.1932,0.026408,4.385
607498,520,380,900,232,82,131,3.86,0.7979,0.5970,0.248318,34,33,59,284.33,0.4042,0.1592,0.017435,4.424
607510,520,237,757,245,138,206,342.54,0.8700,0.7311,0.420480,33,63,130,263.64,0.7438,0.2910,0.054898,4.485
607514,520,412,932,223,52,186,338.60,0.8905,0.5739,0.216915,35,24,24,18.58,0.2003,0.1202,0.010766,4.393
607531,520,421,941,197,60,220,321.47,0.8845,0.5584,0.202708,45,10,17,11.59,0.6628,0.1068,0.008155,4.345
607535,520,392,912,242,51,152,354.18,0.9125,0.5919,0.235150,65,7,41,350.17,0.7915,0.1522,0.014361,4.431
607536,520,410,930,248,44,24,30.23,0.9802,0.5707,0.218273,16,18,77,272.98,0.8849,0.1270,0.010785,4.413
607547,520,411,931,245,21,108,7.86,0.9780,0.5663,0.210349,16,15,74,274.38,0.8934,0.1186,0.009462,4.378
607548,520,387,907,222,44,224,327.67,0.9513,0.5897,0.227150,49,2,87,301.84,0.9678,0.1548,0.013845,4.341
607552,520,320,840,240,113,117,20.06,0.8089,0.6516,0.316226,9,59,32,154.48,0.9398,0.2116,0.032902,4.418
607557,520,39,559,250,237,240,1.55,0.5254,0.9501,0.871840,34,128,10,140.78,0.9933,0.4499,0.157997,4.432
607563,520,394,914,224,71,185,339.72,0.8387,0.5929,0.238589,18,37,22,149.61,0.5415,0.1396,0.015096,4.433
607577,520,254,774,216,138,255,313.54,1.0000,0.7175,0.399970,16,76,7,141.40,0.9876,0.2688,0.052942,4.371
607581,520,362,882,214,117,60,48.83,0.7639,0.6069,0.273470,2,49,45,186.06,0.9545,0.1799,0.023989,4.372
607592,520,432,952,172,62,250,306.57,0.9663,0.5466,0.191188,12,24,29,226.18,0.3378,0.0993,0.008201,4.144
607597,520,271,791,254,102,224,336.13,0.9934,0.6985,0.359583,1,71,69,191.55,0.9876,0.2631,0.049424,4.120
607599,520,422,942,199,86,173,337.31,0.6965,0.5645,0.218164,7,31,16,153.64,0.8011,0.1127,0.010625,4.423
607638,520,461,981,228,6,119,0.79,0.9893,0.5309,0.179590,18,5,14,338.97,0.4896,0.0542,0.002689,4.357
607640,520,457,977,216,57,94,12.24,0.8368,0.5277,0.183358,18,5,32,303.43,0.7116,0.0642,0.003414,4.369
607643,520,439,959,204,6,229,322.11,0.9947,0.5476,0.186265,2,11,60,265.32,0.9510,0.0876,0.005785,4.235
607644,520,368,888,244,85,67,29.71,0.9322,0.6077,0.261385,4,47,25,155.72,0.9584,0.1670,0.021289,4.368
607654,520,437,957,220,34,166,343.77,0.9184,0.5456,0.191153,35,3,37,325.62,0.8005,0.0880,0.005561,4.340
607660,520,437,957,233,13,130,358.13,0.9801,0.5467,0.192262,6,11,61,269.23,0.9296,0.0913,0.006149,4.315
607664,520,386,906,237,76,83,22.28,0.8822,0.5862,0.238010,44,23,59,309.21,0.5742,0.1491,0.014641,4.456
607712,520,448,968,180,35,254,309.46,0.9948,0.5403,0.180621,8,5,61,272.84,0.9600,0.0830,0.004971,4.195
607713,520,446,966,238,5,83,14.33,0.9952,0.5413,0.189135,35,3,22,347.39,0.7632,0.0796,0.004804,4.363
607715,520,469,989,208,26,173,338.35,0.9305,0.5229,0.171679,11,4,1,58.29,0.6261,0.0391,0.001602,4.296
607717,520,460,980,218,59,83,17.19,0.8513,0.5310,0.186604,19,2,33,306.81,0.8391,0.0601,0.002917,4.471
607724,520,396,916,184,86,235,312.03,0.8614,0.5804,0.228450,62,12,5,31.85,0.8871,0.1408,0.012982,4.421
607733,520,434,954,230,26,138,355.20,0.9493,0.5482,0.193996,7,11,66,269.68,0.9391,0.0975,0.006778,4.297
607739,520,381,901,232,11,239,326.72,0.9954,0.6042,0.236296,65,19,8,34.80,0.8094,0.1573,0.016073,4.333
607762,520,400,920,222,89,104,16.37,0.7428,0.5811,0.236763,3,39,37,189.46,0.8902,0.1440,0.016039,4.342
607767,520,458,978,231,29,77,16.61,0.9607,0.5331,0.184065,10,3,40,284.11,0.8879,0.0588,0.002828,4.431
607774,520,425,945,239,52,55,25.91,0.9435,0.5612,0.210858,27,19,38,302.58,0.4074,0.1052,0.008387,4.468
607776,520,428,948,236,58,17,33.25,0.9815,0.5574,0.209026,1,17,64,262.75,0.9725,0.1025,0.007775,4.483
607793,520,370,890,238,48,209,335.57,0.9488,0.6106,0.248972,68,17,38,358.71,0.6831,0.1682,0.017700,4.416
607803,520,437,957,214,40,182,337.30,0.9034,0.5468,0.191933,41,0,31,339.82,1.0000,0.0901,0.005704,4.343
607807,520,434,954,230,50,113,5.94,0.8852,0.5541,0.202993,14,5,71,275.82,0.9622,0.0991,0.006568,4.472
607817,520,461,981,193,3,231,318.71,0.9971,0.5300,0.171736,23,1,10,354.05,0.8034,0.0508,0.002258,4.243
607819,520,451,971,207,52,183,335.24,0.8534,0.5439,0.191422,31,3,8,11.26,0.7631,0.0676,0.003740,4.492
607826,520,408,928,251,4,67,19.97,0.9978,0.5657,0.210050,35,8,73,294.99,0.8704,0.1268,0.010120,4.325
607829,520,434,954,213,88,22,43.03,0.9358,0.5515,0.211858,30,21,16,50.43,0.2395,0.1040,0.008498,4.476
607833,520,373,893,218,99,126,8.05,0.6728,0.5958,0.253376,30,37,43,244.26,0.1598,0.1569,0.017735,4.479
607841,520,466,986,223,13,116,1.08,0.9739,0.5212,0.172395,22,1,6,4.06,0.8119,0.0479,0.002055,4.272
607846,520,419,939,238,52,26,31.22,0.9712,0.5565,0.207109,54,3,15,12.99,0.8852,0.1146,0.008840,4.370
607854,520,459,979,162,63,249,303.47,0.9593,0.5332,0.180765,15,8,25,301.48,0.5007,0.0624,0.003454,4.317
607859,520,460,980,178,54,234,312.41,0.9118,0.5341,0.180448,11,8,25,289.73,0.5059,0.0587,0.003150,4.336
607864,520,425,945,176,83,232,310.21,0.8477,0.5631,0.212436,0,25,50,249.86,1.0000,0.1082,0.009255,4.429
607865,520,459,979,229,11,96,9.09,0.9842,0.5269,0.177448,15,12,1,98.77,0.8063,0.0617,0.003667,4.238
607876,520,429,949,176,78,217,314.41,0.8038,0.5453,0.196896,14,12,60,276.46,0.8537,0.0971,0.006825,4.345
607887,520,408,928,241,12,144,355.05,0.9861,0.5681,0.209805,28,4,83,284.76,0.9602,0.1252,0.009582,4.360
607891,520,398,918,229,61,167,346.70,0.8595,0.5828,0.227881,53,18,41,342.77,0.5825,0.1432,0.013497,4.376
607900,520,447,967,221,30,152,348.55,0.9256,0.5385,0.185702,0,23,7,152.63,1.0000,0.0814,0.006281,4.188
607909,520,365,885,155,118,248,293.80,0.8769,0.6070,0.267027,4,47,43,185.57,0.9012,0.1731,0.022332,4.383
607920,520,471,991,224,47,30,30.09,0.9562,0.5240,0.179769,10,2,23,300.80,0.7786,0.0431,0.001698,4.444
607935,520,396,916,252,18,97,12.16,0.9867,0.5769,0.219948,50,25,25,20.33,0.4062,0.1449,0.014436,4.189
607940,520,192,712,236,170,198,352.00,0.6259,0.7768,0.506611,24,91,19,142.10,0.9728,0.3238,0.077231,4.375
607947,520,420,940,205,76,177,337.26,0.7596,0.5627,0.213242,14,21,49,270.30,0.6011,0.1054,0.008514,4.499
607953,520,452,972,218,62,70,22.59,0.8639,0.5315,0.187954,13,6,47,282.69,0.8457,0.0736,0.004210,4.389
607978,520,398,918,254,1,108,8.57,0.9993,0.5802,0.221790,41,28,18,58.56,0.3472,0.1363,0.013456,4.283
607979,520,381,901,254,21,150,355.85,0.9918,0.5987,0.238128,7,8,114,266.67,0.9909,0.1574,0.014336,4.478
607999,520,356,876,199,115,195,328.77,0.6243,0.6225,0.283450,17,51,21,145.85,0.8800,0.1848,0.025409,4.422
608030,520,282,802,234,131,159,3.38,0.6905,0.6855,0.362305,44,65,44,144.55,0.4048,0.2535,0.044978,4.341
608035,520,441,961,205,78,111,7.44,0.7049,0.5376,0.195776,4,21,30,232.74,0.6450,0.0866,0.006559,4.346
608062,520,470,990,179,49,215,317.58,0.8883,0.5161,0.166878,5,6,7,245.47,0.0832,0.0405,0.001779,4.189
608072,520,318,838,228,101,231,326.68,0.8863,0.6615,0.315729,20,60,48,170.42,0.6891,0.2238,0.035937,4.256
608088,520,437,957,240,34,36,27.56,0.9755,0.5487,0.198000,21,13,47,289.76,0.6648,0.0930,0.006525,4.387
608091,520,443,963,184,70,201,322.25,0.7942,0.5359,0.187889,30,1,37,319.60,0.8966,0.0766,0.004313,4.380
608095,520,401,921,203,48,252,315.97,0.9847,0.5819,0.218402,14,39,0,135.87,1.0000,0.1396,0.015444,4.101
608108,520,332,852,249,0,250,328.15,1.0000,0.6395,0.270448,80,11,70,335.01,0.7987,0.2026,0.023873,4.338
608115,520,248,768,241,123,244,326.43,0.9439,0.7194,0.394005,5,76,62,174.52,0.9611,0.2777,0.055487,4.209
608134,520,472,992,177,79,166,331.96,0.6638,0.5159,0.176934,2,3,17,272.58,0.7242,0.0337,0.001185,4.434
608150,520,407,927,223,33,205,332.92,0.9556,0.5729,0.211858,59,8,0,34.98,1.0000,0.1288,0.011036,4.290
608158,520,342,862,247,83,134,5.35,0.9014,0.6258,0.276851,13,45,83,254.93,0.7544,0.1949,0.025867,4.308
608161,520,389,909,251,63,47,29.50,0.9811,0.5940,0.242731,12,32,73,262.57,0.7729,0.1513,0.015921,4.441
608170,520,479,999,212,57,48,28.17,0.8994,0.5110,0.171391,1,0,3,302.89,1.0000,0.0124,0.000130,4.416
608172,520,478,998,156,70,227,305.40,0.8500,0.5147,0.169948,0,3,0,142.50,1.0000,0.0226,0.000651,4.342
608180,520,433,953,233,32,113,4.86,0.9415,0.5481,0.195519,31,15,38,314.82,0.5160,0.1021,0.007729,4.253
608186,520,382,902,248,57,127,4.55,0.9366,0.5990,0.244184,47,35,14,79.86,0.5440,0.1617,0.018382,4.302
608217,520,459,979,152,81,237,300.63,0.8679,0.5329,0.186750,1,13,18,221.28,0.7962,0.0577,0.003380,4.435
608222,520,412,932,233,69,80,21.51,0.8752,0.5700,0.221620,28,28,2,109.54,0.8682,0.1170,0.010818,4.466
608245,520,418,938,194,98,132,359.05,0.5618,0.5578,0.218722,5,25,58,259.39,0.8201,0.1173,0.010330,4.454
608255,520,470,990,204,26,176,336.36,0.9280,0.5172,0.167127,14,1,10,337.86,0.7458,0.0381,0.001370,4.227
608266,520,242,762,236,149,185,353.70,0.6827,0.7307,0.428325,9,73,95,227.63,0.8757,0.2849,0.056491,4.492
608270,520,467,987,221,34,96,9.22,0.9220,0.5198,0.173634,17,1,11,341.54,0.7671,0.0424,0.001651,4.330
608275,520,462,982,170,76,207,315.09,0.7750,0.5269,0.182208,17,1,30,307.69,0.8887,0.0533,0.002346,4.436
608312,520,443,963,206,87,11,45.03,0.9636,0.5370,0.199645,23,17,0,93.76,1.0000,0.0819,0.005831,4.471
608313,520,376,896,227,36,231,327.26,0.9715,0.5984,0.233645,69,16,15,25.54,0.7946,0.1622,0.016705,4.252
608315,520,384,904,222,31,236,324.88,0.9773,0.5910,0.225679,48,25,42,337.21,0.4147,0.1486,0.014909,4.247
608320,520,458,978,145,75,250,296.43,0.9579,0.5271,0.179542,0,14,9,172.33,1.0000,0.0561,0.003338,4.304
608322,520,376,896,230,73,175,344.85,0.8370,0.6005,0.246858,67,16,19,21.13,0.7495,0.1589,0.016111,4.490
608329,520,473,993,168,48,239,308.44,0.9295,0.5183,0.166715,2,1,14,282.01,0.8384,0.0258,0.000663,4.278
608375,520,451,971,220,53,130,357.79,0.8419,0.5432,0.193761,18,12,21,314.22,0.2856,0.0714,0.004457,4.476
608376,520,471,991,214,60,80,18.18,0.8406,0.5236,0.181095,2,6,14,254.09,0.5268,0.0402,0.001749,4.466
608378,520,458,978,173,69,217,314.00,0.8294,0.5294,0.181511,24,4,0,43.50,1.0000,0.0558,0.002811,4.384
608380,520,414,934,255,3,6,28.99,1.0000,0.5689,0.213422,18,12,75,276.67,0.9087,0.1165,0.008995,4.465
608393,520,418,938,235,52,99,12.08,0.9019,0.5616,0.210220,50,8,25,359.91,0.7227,0.1163,0.009221,4.394
608404,520,300,820,243,87,243,327.82,0.9561,0.6740,0.323446,54,55,36,110.54,0.3032,0.2307,0.036440,4.320
608427,520,392,912,242,76,34,34.65,0.9554,0.5894,0.241648,7,26,89,265.21,0.9237,0.1514,0.015051,4.483
608429,520,409,929,210,78,166,343.15,0.7483,0.5680,0.219056,36,16,67,296.80,0.7423,0.1328,0.011509,4.374
608442,520,403,923,241,67,24,34.03,0.9730,0.5767,0.227843,29,32,9,115.65,0.6115,0.1308,0.013140,4.400
608450,520,163,683,250,191,64,82.46,0.9223,0.8107,0.579578,5,96,81,176.91,0.9742,0.3507,0.089917,4.500
608454,520,447,967,236,3,100,8.56,0.9963,0.5409,0.188213,10,18,33,262.22,0.4509,0.0844,0.006069,4.249
608460,520,437,957,212,18,202,330.94,0.9741,0.5452,0.186960,30,0,56,302.56,1.0000,0.0917,0.005616,4.261
608463,520,392,912,221,39,233,325.26,0.9654,0.5912,0.227085,2,33,73,256.37,0.9338,0.1497,0.015816,4.210
608474,520,368,888,243,56,171,348.32,0.9127,0.6058,0.248264,57,34,4,68.98,0.8315,0.1725,0.020228,4.247
608485,520,358,878,244,65,191,342.58,0.9231,0.6247,0.267782,66,28,41,0.03,0.5037,0.1835,0.021490,4.445
608490,520,341,861,209,103,222,323.15,0.8034,0.6316,0.285312,29,46,67,254.27,0.4122,0.1950,0.026204,4.400
608491,520,330,850,221,126,109,31.13,0.6426,0.6432,0.314000,6,58,49,177.74,0.9130,0.2128,0.032864,4.393
608505,520,461,981,185,16,248,312.58,0.9887,0.5345,0.174633,0,5,37,262.95,1.0003,0.0517,0.002421,4.285
608517,520,399,919,240,48,128,1.98,0.9127,0.5769,0.222008,58,7,41,344.86,0.7723,0.1381,0.012117,4.379
608518,520,440,960,236,27,96,10.87,0.9623,0.5469,0.194644,8,23,7,142.39,0.7442,0.0866,0.006797,4.307
608523,520,452,972,236,2,68,18.41,0.9983,0.5335,0.182969,28,3,26,331.08,0.7468,0.0700,0.003866,4.325
608533,520,480,1000,212,31,116,359.72,0.9029,0.5062,0.162404,0,0,0,0.00,0.0000,0.0000,0.000000,4.248
608543,520,410,930,220,26,210,330.84,0.9691,0.5676,0.206098,27,26,48,284.67,0.4008,0.1277,0.011852,4.141
608558,520,373,893,247,32,165,350.12,0.9638,0.5956,0.235271,65,17,17,23.94,0.7371,0.1558,0.015654,4.345
608632,520,401,921,229,9,215,331.77,0.9934,0.5822,0.217622,57,20,9,37.20,0.7234,0.1437,0.013900,4.188
608635,520,450,970,170,70,232,309.22,0.8715,0.5379,0.187533,35,1,16,356.35,0.8630,0.0735,0.004165,4.385
608648,520,447,967,208,64,144,350.39,0.7750,0.5377,0.190924,10,15,35,270.99,0.5328,0.0787,0.005275,4.359
608652,520,374,894,231,89,106,16.31,0.7952,0.5973,0.251770,38,37,33,95.34,0.0763,0.1609,0.018450,4.409
608655,520,424,944,167,92,219,309.08,0.7614,0.5551,0.209849,18,28,10,132.55,0.5712,0.1090,0.009810,4.345
608675,520,374,894,253,58,82,20.20,0.9858,0.5984,0.245216,12,24,100,267.74,0.9392,0.1623,0.016514,4.438
608678,520,448,968,194,87,122,1.72,0.6169,0.5359,0.196925,36,6,5,26.46,0.7630,0.0811,0.005163,4.476
608679,520,433,953,159,93,222,304.97,0.7677,0.5486,0.204740,23,11,54,290.09,0.7579,0.0978,0.006878,4.479
608683,520,419,939,244,28,46,25.36,0.9815,0.5551,0.202643,43,15,22,6.14,0.5227,0.1128,0.009132,4.273
608685,520,357,877,225,63,242,323.76,0.9483,0.6211,0.259755,64,13,80,316.51,0.8036,0.1826,0.019571,4.452
608703,520,467,987,230,16,16,28.72,0.9910,0.5183,0.172341,18,0,12,340.21,1.0000,0.0416,0.001552,4.313
608707,520,408,928,253,25,2,30.12,0.9988,0.5703,0.215861,57,15,0,41.68,1.0000,0.1339,0.012116,4.280
608717,520,454,974,185,7,250,312.26,0.9955,0.5341,0.173695,12,13,32,279.08,0.4950,0.0739,0.004703,4.089
608723,520,470,990,227,25,30,27.54,0.9808,0.5162,0.171228,5,2,29,281.49,0.8858,0.0426,0.001644,4.284
608730,520,478,998,209,12,149,346.27,0.9649,0.5068,0.159904,1,1,6,278.68,0.6638,0.0197,0.000413,4.164
608753,520,471,991,231,13,3,29.53,0.9972,0.5191,0.172865,5,8,0,122.37,1.0000,0.0431,0.002059,4.281
608755,520,455,975,209,8,184,335.20,0.9838,0.5255,0.171918,29,1,5,13.69,0.8885,0.0592,0.002939,4.192
608761,520,390,910,222,77,171,344.50,0.7943,0.5894,0.237799,1,34,76,256.25,0.9673,0.1546,0.016722,4.313
608763,520,200,720,248,161,185,1.85,0.7949,0.7694,0.489512,80,77,30,105.59,0.6388,0.3216,0.071070,4.456
608769,520,477,997,222,21,55,21.70,0.9767,0.5066,0.163446,4,0,11,304.75,1.0000,0.0232,0.000500,4.227
608772,520,421,941,224,74,102,13.41,0.8006,0.5640,0.217068,25,28,7,116.21,0.6214,0.1148,0.010525,4.413
608773,520,391,911,227,93,41,39.79,0.9010,0.5854,0.243223,21,40,13,137.29,0.7588,0.1492,0.017060,4.373
608791,520,389,909,252,53,52,26.99,0.9857,0.5878,0.234932,48,14,72,307.25,0.7784,0.1511,0.014104,4.445
608824,520,405,925,195,62,246,314.49,0.9497,0.5766,0.217024,16,31,38,229.23,0.3683,0.1262,0.012300,4.286
608826,520,424,944,235,2,156,349.83,0.9972,0.5593,0.201089,53,4,5,25.57,0.9230,0.1117,0.008548,4.289
608849,520,457,977,228,8,127,358.06,0.9856,0.5343,0.182028,9,4,44,279.75,0.8982,0.0638,0.003267,4.356
608865,520,429,949,165,91,222,307.65,0.7764,0.5530,0.207560,10,28,12,146.37,0.6979,0.1040,0.009216,4.350
608884,520,453,973,216,70,24,36.31,0.9484,0.5317,0.190477,0,14,33,251.06,1.0000,0.0678,0.004239,4.434
608894,520,459,979,233,28,11,29.93,0.9900,0.5293,0.181814,21,3,32,310.76,0.7837,0.0639,0.003289,4.350
608902,520,303,823,241,90,243,327.26,0.9536,0.6743,0.324866,16,50,108,260.44,0.8363,0.2308,0.034739,4.424
608903,520,358,878,227,47,248,323.17,0.9735,0.6165,0.251434,22,44,55,231.55,0.4375,0.1775,0.022477,4.159
608923,520,399,919,226,5,219,330.06,0.9963,0.5787,0.213942,14,35,44,228.10,0.4959,0.1399,0.014772,4.075
608938,520,405,925,230,47,171,344.95,0.9045,0.5751,0.217990,59,3,16,13.94,0.9040,0.1256,0.010325,4.442
608952,520,440,960,230,8,154,349.46,0.9872,0.5497,0.193326,10,23,1,132.38,0.9597,0.0865,0.006795,4.284
608967,520,438,958,235,6,126,359.72,0.9913,0.5478,0.193018,8,10,60,271.54,0.9194,0.0899,0.005949,4.344
608974,520,427,947,240,48,46,27.34,0.9552,0.5590,0.208397,31,17,25,344.59,0.3204,0.0994,0.007624,4.484
608980,520,411,931,206,0,254,317.11,1.0000,0.5698,0.202792,29,27,21,91.76,0.1511,0.1195,0.010992,4.145
608992,520,370,890,253,72,90,20.03,0.9825,0.6132,0.262591,37,34,69,285.33,0.4924,0.1717,0.019670,4.487
608998,520,413,933,216,30,225,326.01,0.9697,0.5726,0.209658,47,7,52,323.05,0.7800,0.1247,0.010043,4.325
609000,520,448,968,193,51,216,321.58,0.8957,0.5410,0.186644,4,5,62,268.59,0.9745,0.0814,0.004821,4.317
609004,520,417,937,240,53,71,21.86,0.9323,0.5664,0.215296,4,12,87,266.29,0.9749,0.1231,0.009768,4.439
609025,520,471,991,169,71,208,314.82,0.7949,0.5195,0.174964,4,5,21,275.58,0.6241,0.0434,0.001885,4.336
609045,520,383,903,222,34,241,323.69,0.9766,0.5960,0.230266,42,18,76,297.72,0.7580,0.1519,0.014467,4.347
609049,520,443,963,187,50,233,315.59,0.9236,0.5436,0.187304,33,11,6,35.37,0.5992,0.0848,0.005759,4.256
609052,520,389,909,237,44,180,343.66,0.9325,0.5905,0.231041,41,17,79,295.55,0.7855,0.1520,0.014368,4.366
609054,520,479,999,153,70,229,303.87,0.8573,0.5123,0.168102,1,0,2,311.99,1.0000,0.0114,0.000108,4.353
609060,520,312,832,232,106,194,340.56,0.8021,0.6554,0.313612,36,53,65,239.70,0.2963,0.2193,0.033028,4.379
609070,520,460,980,224,19,128,357.19,0.9595,0.5295,0.178743,4,6,40,271.07,0.8953,0.0600,0.003092,4.308
609089,520,469,989,181,68,186,326.04,0.7631,0.5190,0.175044,11,1,18,312.81,0.8066,0.0385,0.001365,4.381
609099,520,349,869,243,4,252,326.38,0.9990,0.6311,0.261725,47,45,27,102.66,0.3421,0.1918,0.025603,4.123
609117,520,253,773,246,135,191,349.65,0.8436,0.7213,0.406848,34,73,26,140.35,0.8805,0.2685,0.051796,4.488
609127,520,463,983,175,40,246,309.47,0.9575,0.5288,0.172863,22,0,8,355.82,1.0000,0.0462,0.001881,4.296
609128,520,372,892,255,54,111,10.73,1.0000,0.6055,0.250497,30,29,85,278.31,0.7266,0.1676,0.018106,4.412
609134,520,313,833,248,114,69,38.73,0.9299,0.6575,0.324238,16,60,51,176.78,0.7518,0.2233,0.035807,4.361
609137,520,421,941,199,51,233,319.08,0.9297,0.5632,0.203945,22,26,17,127.37,0.2507,0.1084,0.009498,4.268
609154,520,367,887,238,65,192,340.83,0.9002,0.6147,0.257663,52,20,82,303.68,0.7533,0.1741,0.018396,4.498
609175,520,174,694,241,191,54,87.29,0.9012,0.7992,0.562305,28,97,6,140.11,0.9926,0.3446,0.088091,4.434
609180,520,440,960,216,81,25,39.61,0.9368,0.5466,0.205564,9,23,27,218.17,0.4079,0.0937,0.007500,4.445
609181,520,390,910,244,65,91,17.79,0.9219,0.5891,0.237723,26,31,63,274.57,0.5224,0.1497,0.015584,4.387
609185,520,164,684,255,166,231,337.24,1.0000,0.8051,0.543041,15,94,66,163.40,0.9387,0.3407,0.084999,4.393
609187,520,429,949,205,88,94,19.51,0.6801,0.5477,0.207687,40,7,38,330.35,0.7167,0.1031,0.007431,4.487
609202,520,396,916,229,29,198,336.29,0.9638,0.5776,0.216165,22,4,98,275.82,0.9847,0.1391,0.011392,4.336
609238,520,306,826,251,88,201,342.09,0.9649,0.6652,0.317087,35,62,26,138.39,0.7292,0.2329,0.038771,4.135
609258,520,445,965,220,54,110,5.91,0.8450,0.5372,0.189823,4,21,9,152.66,0.7987,0.0786,0.005818,4.296
609274,520,323,843,201,110,247,312.92,0.9155,0.6469,0.302858,14,46,98,259.83,0.8245,0.2106,0.029290,4.450
609277,520,453,973,214,65,65,24.87,0.8539,0.5263,0.184608,10,5,44,280.50,0.8675,0.0665,0.003549,4.381
609282,520,389,909,249,35,130,1.95,0.9575,0.5872,0.229570,23,26,77,274.98,0.7467,0.1478,0.014567,4.330
609326,520,420,940,216,53,175,340.33,0.8583,0.5563,0.202425,40,17,23,4.25,0.4376,0.1119,0.009139,4.268
609334,520,229,749,215,150,251,312.76,0.9325,0.7361,0.432258,50,71,87,241.76,0.2986,0.2937,0.058726,4.436
609347,520,374,894,185,92,244,309.74,0.9017,0.5967,0.245011,16,46,1,137.07,0.9927,0.1644,0.020663,4.175
609350,520,401,921,232,9,207,334.52,0.9929,0.5826,0.218588,9,37,27,166.53,0.7185,0.1363,0.014603,4.158
609364,520,338,858,217,84,250,318.99,0.9696,0.6356,0.279962,10,42,103,261.68,0.8983,0.2038,0.026996,4.285
609366,520,171,691,244,173,225,336.66,0.8577,0.8026,0.545581,36,90,81,180.79,0.6300,0.3399,0.082812,4.484
609377,520,399,919,197,71,238,316.51,0.9083,0.5827,0.225512,57,7,44,340.70,0.7724,0.1378,0.012038,4.441
609385,520,394,914,253,15,126,3.09,0.9883,0.5864,0.227343,17,16,92,272.22,0.9414,0.1420,0.012624,4.429
609392,520,455,975,226,22,100,7.71,0.9601,0.5252,0.176655,27,4,6,16.63,0.6870,0.0624,0.003330,4.250
609394,520,425,945,218,5,218,328.35,0.9956,0.5638,0.200781,15,23,48,268.48,0.5465,0.1101,0.009277,4.231
609408,520,319,839,255,96,92,24.99,1.0000,0.6462,0.304019,45,48,71,278.04,0.3036,0.2165,0.031267,4.356
609418,520,480,1000,194,10,196,327.78,0.9793,0.5065,0.156736,0,0,0,0.00,0.0000,0.0000,0.000000,4.135
609434,520,457,977,209,74,59,29.50,0.8287,0.5274,0.187709,23,6,17,342.09,0.5268,0.0641,0.003529,4.441
609458,520,362,882,227,85,175,344.92,0.7908,0.6096,0.259254,28,34,87,273.74,0.7038,0.1788,0.020790,4.369
609460,520,459,979,205,59,154,345.16,0.7923,0.5315,0.184422,10,12,20,273.40,0.2621,0.0635,0.003780,4.359
609462,520,425,945,221,22,201,333.49,0.9716,0.5622,0.201654,7,20,58,265.49,0.8295,0.1065,0.008509,4.301
609479,520,443,963,213,63,123,0.41,0.7882,0.5374,0.191335,1,4,62,265.37,0.9858,0.0776,0.004410,4.435
609483,520,364,884,225,94,163,350.27,0.7413,0.6132,0.266596,13,44,45,198.17,0.6221,0.1677,0.020763,4.474
609502,520,454,974,188,75,169,334.72,0.7114,0.5293,0.185895,32,5,3,30.08,0.7951,0.0718,0.004222,4.351
609511,520,400,920,223,45,213,330.77,0.9395,0.5849,0.223711,26,12,87,280.27,0.9161,0.1375,0.011706,4.436
609522,520,430,950,178,60,242,310.29,0.9281,0.5464,0.191084,33,18,19,15.16,0.3067,0.1020,0.008030,4.154
609534,520,422,942,245,31,42,26.37,0.9798,0.5582,0.205631,6,12,73,268.17,0.9539,0.1066,0.007826,4.421
609536,520,291,811,189,146,209,314.79,0.5157,0.6770,0.359806,10,68,37,154.31,0.9512,0.2440,0.043322,4.391
609561,520,453,973,217,56,94,12.20,0.8432,0.5287,0.183907,12,9,37,283.27,0.6739,0.0696,0.004071,4.326
609588,520,418,938,148,102,231,297.02,0.7851,0.5577,0.215683,33,16,56,299.90,0.6700,0.1195,0.009795,4.443
609603,520,397,917,231,24,197,337.01,0.9732,0.5787,0.216761,52,23,27,12.33,0.4596,0.1447,0.014221,4.154
609606,520,399,919,248,22,129,1.50,0.9772,0.5793,0.221187,36,15,79,291.27,0.8177,0.1430,0.012812,4.317
609613,520,402,922,252,24,84,16.29,0.9825,0.5760,0.219925,52,12,26,2.27,0.6657,0.1257,0.010677,4.449
609625,520,391,911,243,77,5,37.62,0.9949,0.5912,0.243767,58,23,21,25.09,0.5600,0.1534,0.015666,4.474
609626,520,448,968,209,0,206,329.14,1.0000,0.5383,0.180136,26,1,44,306.97,0.9359,0.0764,0.004232,4.244
609640,520,430,950,229,60,56,26.83,0.9136,0.5487,0.201781,37,3,51,313.75,0.8638,0.1020,0.006975,4.419
609642,520,313,833,244,60,252,326.23,0.9898,0.6561,0.294957,97,11,40,8.07,0.8536,0.2238,0.029344,4.348
609670,520,450,970,191,52,218,320.43,0.8950,0.5401,0.185957,6,16,19,217.81,0.3721,0.0695,0.004563,4.324
609686,520,361,881,233,59,222,330.90,0.9374,0.6179,0.257280,81,12,12,26.35,0.9032,0.1828,0.020391,4.365
609693,520,415,935,167,100,216,308.82,0.7215,0.5663,0.222883,15,28,44,254.28,0.4479,0.1205,0.011139,4.463
609706,520,422,942,186,58,248,311.55,0.9592,0.5611,0.202436,13,11,71,273.64,0.9263,0.1069,0.007798,4.368
609712,520,412,932,188,70,246,311.94,0.9415,0.5745,0.217266,14,18,73,271.95,0.8786,0.1214,0.010070,4.449
609719,520,458,978,236,2,15,28.28,0.9990,0.5279,0.179140,19,6,7,14.64,0.4239,0.0553,0.002841,4.336
609721,520,479,999,171,28,234,311.27,0.9638,0.5050,0.154299,0,1,0,142.50,1.0000,0.0135,0.000217,4.068
609724,520,439,959,242,19,40,25.83,0.9893,0.5467,0.194996,30,9,31,325.69,0.5921,0.0863,0.005704,4.398
609725,520,383,903,249,41,148,356.32,0.9513,0.5970,0.238671,59,18,35,357.22,0.6119,0.1512,0.014839,4.452
609726,520,466,986,227,31,11,30.25,0.9887,0.5181,0.173380,25,0,12,351.05,1.0000,0.0524,0.002333,4.268
609731,520,71,591,233,231,195,104.67,0.4970,0.9072,0.784159,2,120,56,150.85,0.9978,0.4225,0.137308,4.453
609754,520,8,528,247,253,247,145.50,0.6308,0.9859,0.967400,31,135,10,141.26,0.9943,0.4721,0.176405,4.494
609757,520,424,944,185,77,215,318.20,0.8104,0.5557,0.205295,46,10,8,26.92,0.7486,0.1066,0.008156,4.390
609762,520,351,871,249,2,233,331.96,0.9994,0.6285,0.260694,2,55,15,146.82,0.9929,0.1921,0.027797,3.994
609766,520,347,867,238,93,152,357.99,0.8132,0.6291,0.282756,24,52,3,135.08,0.9773,0.1895,0.026567,4.346
609783,520,336,856,255,3,231,333.73,1.0000,0.6382,0.270979,79,24,46,358.76,0.6488,0.2028,0.025130,4.272
609786,520,446,966,218,36,169,342.35,0.9107,0.5446,0.190341,38,0,31,336.64,1.0000,0.0845,0.005111,4.361
609787,520,412,932,229,11,198,336.21,0.9891,0.5719,0.209772,43,4,57,315.04,0.8548,0.1181,0.008959,4.406
609789,520,478,998,219,38,75,16.91,0.9247,0.5131,0.169569,1,0,17,274.34,1.0000,0.0228,0.000469,4.351
609815,520,425,945,242,20,115,5.04,0.9763,0.5619,0.206187,25,15,60,287.59,0.7358,0.1120,0.008746,4.361
609819,520,465,985,220,40,82,14.81,0.9141,0.5181,0.173451,18,5,4,27.76,0.4966,0.0509,0.002459,4.260
609844,520,448,968,223,43,114,3.61,0.8876,0.5352,0.186333,28,10,14,6.75,0.4403,0.0775,0.004957,4.300
609845,520,299,819,251,72,245,329.45,0.9854,0.6729,0.317394,91,21,70,342.41,0.7370,0.2338,0.032030,4.479
609865,520,476,996,113,87,253,283.49,0.9827,0.5142,0.174185,3,2,2,18.05,0.1289,0.0243,0.000672,4.424
609869,520,259,779,239,146,134,27.98,0.7401,0.7134,0.406320,53,70,18,125.65,0.8057,0.2716,0.051808,4.482
609879,520,436,956,224,50,123,1.04,0.8644,0.5457,0.195612,25,1,59,294.11,0.9712,0.0898,0.005442,4.430
609904,520,423,943,185,79,219,316.99,0.8163,0.5611,0.210218,41,17,4,49.17,0.7207,0.1087,0.008811,4.425
609909,520,427,947,239,39,80,17.36,0.9503,0.5558,0.203842,36,5,46,316.64,0.7931,0.0993,0.006809,4.468
609921,520,468,988,196,16,203,326.41,0.9714,0.5167,0.164198,2,8,3,149.76,0.6634,0.0412,0.001931,4.125
609924,520,433,953,216,17,204,331.43,0.9785,0.5534,0.193617,34,16,25,349.18,0.3885,0.1015,0.007809,4.214
609944,520,421,941,156,107,203,306.10,0.6238,0.5570,0.218955,9,29,30,199.74,0.5178,0.1125,0.010305,4.460
609947,520,470,990,171,12,255,307.16,1.0000,0.5185,0.161417,12,3,7,348.06,0.4711,0.0399,0.001586,4.098
609949,520,309,829,247,111,104,25.28,0.9016,0.6569,0.321455,39,59,17,130.94,0.7921,0.2248,0.035997,4.319
609960,520,458,978,229,7,103,6.56,0.9891,0.5280,0.177922,17,4,26,310.10,0.6880,0.0570,0.002806,4.316
609964,520,413,933,233,56,118,5.26,0.8746,0.5666,0.214629,28,5,78,286.48,0.9398,0.1204,0.009055,4.481
609969,520,428,948,247,10,51,23.55,0.9949,0.5562,0.202338,47,8,1,36.34,0.9447,0.1042,0.007803,4.365
609970,520,472,992,232,7,6,29.09,0.9965,0.5200,0.173241,3,2,17,282.17,0.7531,0.0320,0.001032,4.374
609982,520,298,818,242,83,246,326.86,0.9663,0.6699,0.317201,33,43,113,271.80,0.7713,0.2275,0.032432,4.455
609992,520,448,968,186,26,249,312.46,0.9792,0.5405,0.180186,13,11,50,278.43,0.7859,0.0849,0.005552,4.144
610005,520,442,962,186,52,231,315.68,0.9153,0.5421,0.186658,20,2,57,288.75,0.9502,0.0836,0.004875,4.313
610028,520,423,943,192,49,243,314.82,0.9436,0.5585,0.198754,28,1,70,291.20,0.9810,0.1058,0.007108,4.356
610061,520,449,969,167,73,233,307.71,0.8687,0.5383,0.188644,15,1,47,288.69,0.9637,0.0662,0.003285,4.479
610073,520,453,973,193,18,221,320.95,0.9769,0.5257,0.169920,7,3,52,274.56,0.9625,0.0686,0.003582,4.104
610087,520,220,740,255,144,199,349.95,1.0000,0.7526,0.453326,45,82,2,133.04,0.9925,0.3026,0.065967,4.340
610133,520,459,979,211,17,185,335.45,0.9669,0.5322,0.177547,0,0,56,264.05,1.0000,0.0618,0.002855,4.305
610134,520,465,985,107,97,244,280.62,0.9092,0.5185,0.182063,1,11,18,232.15,0.7674,0.0529,0.002895,4.387
610137,520,314,834,238,86,238,327.81,0.9362,0.6621,0.310082,32,59,26,140.00,0.7165,0.2211,0.035095,4.232
610146,520,416,936,247,37,93,13.95,0.9588,0.5738,0.218911,25,27,24,134.98,0.0782,0.1163,0.010565,4.440
610161,520,472,992,181,8,240,313.26,0.9932,0.5192,0.162898,5,3,9,301.96,0.4084,0.0332,0.001171,4.161
610162,520,471,991,208,48,134,353.01,0.8276,0.5176,0.172472,2,6,2,144.11,0.6097,0.0355,0.001475,4.322
610171,520,442,962,189,38,236,315.89,0.9524,0.5405,0.182625,2,21,29,226.51,0.7853,0.0847,0.006379,4.126
610180,520,462,982,233,28,44,25.39,0.9767,0.5316,0.183391,4,5,29,274.07,0.7886,0.0488,0.002231,4.468
610183,520,423,943,223,29,187,337.96,0.9510,0.5602,0.201570,33,22,5,77.19,0.6462,0.1079,0.009081,4.258
610186,520,451,971,235,29,62,21.32,0.9708,0.5387,0.188919,20,12,19,330.71,0.2682,0.0727,0.004587,4.377
610196,520,444,964,220,65,87,17.08,0.8335,0.5422,0.196869,19,13,23,311.38,0.2975,0.0754,0.004882,4.498
610198,520,479,999,203,22,171,337.62,0.9363,0.5106,0.162126,2,0,1,344.76,1.0000,0.0130,0.000151,4.230
610206,520,461,981,212,15,183,336.28,0.9711,0.5322,0.177598,17,5,3,35.77,0.5152,0.0493,0.002343,4.348
610212,520,300,820,207,128,225,319.99,0.7420,0.6719,0.341412,6,65,0,141.47,1.0000,0.2270,0.038192,4.438
610214,520,363,883,216,108,143,1.06,0.6299,0.6130,0.273092,1,49,19,150.70,0.9938,0.1714,0.022500,4.456
610220,520,421,941,204,53,208,326.93,0.8882,0.5553,0.199394,9,24,49,260.00,0.6484,0.1097,0.009331,4.203
610236,520,406,926,255,12,80,17.17,1.0000,0.5780,0.221060,34,15,63,297.16,0.7345,0.1251,0.010406,4.487
610243,520,433,953,238,0,110,5.48,1.0000,0.5474,0.193061,9,7,72,271.30,0.9651,0.0999,0.006779,4.281
610249,520,437,957,220,64,119,3.66,0.8073,0.5501,0.202168,35,12,23,351.77,0.5012,0.0949,0.006822,4.438
610252,520,407,927,228,57,159,349.04,0.8619,0.5737,0.219261,18,6,93,273.95,0.9781,0.1316,0.010491,4.451
610266,520,435,955,191,28,255,312.56,1.0000,0.5544,0.191281,31,12,27,335.45,0.4825,0.0906,0.006334,4.283
610272,520,395,915,252,24,143,357.77,0.9777,0.5931,0.233354,12,30,71,263.71,0.7732,0.1446,0.014616,4.385
610296,520,467,987,103,98,242,279.22,0.8993,0.5153,0.180292,0,2,31,263.96,1.0035,0.0391,0.001423,4.478
610297,520,461,981,149,76,251,297.53,0.9645,0.5342,0.185237,3,6,29,269.52,0.7968,0.0501,0.002383,4.491
610299,520,404,924,247,14,144,356.25,0.9866,0.5805,0.221052,57,8,26,3.28,0.7614,0.1306,0.011182,4.430
610327,520,371,891,236,73,182,343.92,0.8645,0.6142,0.259781,37,42,11,117.53,0.6880,0.1690,0.020734,4.380
610340,520,309,829,234,114,158,358.68,0.7379,0.6561,0.319981,64,49,16,84.34,0.6671,0.2225,0.033241,4.445
610347,520,430,950,231,14,157,348.80,0.9786,0.5544,0.197402,20,18,45,283.99,0.5433,0.1004,0.007708,4.287
610375,520,306,826,252,104,151,3.20,0.9381,0.6673,0.328336,63,47,65,322.67,0.2708,0.2312,0.034715,4.466
610380,520,473,993,220,29,98,7.91,0.9339,0.5155,0.169789,6,1,17,299.60,0.8158,0.0325,0.001009,4.309
610389,520,430,950,242,24,30,27.69,0.9865,0.5477,0.196277,20,0,71,282.66,1.0000,0.0968,0.006036,4.395
610390,520,402,922,212,27,247,319.90,0.9829,0.5809,0.214981,25,22,62,282.28,0.6468,0.1273,0.011283,4.324
610394,520,447,967,235,30,56,22.93,0.9715,0.5383,0.188794,8,13,49,271.22,0.8096,0.0842,0.005612,4.294
610425,520,464,984,138,93,214,297.76,0.7291,0.5175,0.180871,7,7,26,279.87,0.5937,0.0538,0.002717,4.379
610426,520,466,986,159,72,226,306.53,0.8420,0.5205,0.174972,5,10,12,220.38,0.2461,0.0518,0.002759,4.264
610427,520,477,997,172,57,213,315.43,0.8554,0.5113,0.165020,6,0,8,321.50,1.0000,0.0244,0.000563,4.253
610432,520,1,521,255,255,255,0.00,0.0000,1.0000,1.000000,0,139,11,142.97,1.0000,0.4807,0.184886,4.470
610433,520,467,987,222,10,130,355.83,0.9785,0.5237,0.173611,0,4,19,257.91,1.0000,0.0354,0.001338,4.356
610441,520,478,998,164,62,219,310.83,0.8512,0.5096,0.164530,0,0,10,264.05,1.0000,0.0158,0.000219,4.272
610452,520,318,838,250,66,243,329.73,0.9816,0.6649,0.306944,30,41,110,271.01,0.7903,0.2181,0.029875,4.469
610466,520,375,895,207,94,188,334.34,0.7184,0.5963,0.249033,52,27,52,327.02,0.4677,0.1640,0.017619,4.422
610467,520,469,989,169,61,224,311.41,0.8686,0.5197,0.171552,17,0,7,351.00,1.0000,0.0382,0.001345,4.315
610479,520,23,543,245,245,248,286.33,0.1897,0.9662,0.914946,69,128,4,134.15,0.9943,0.4649,0.167119,4.444
610494,520,331,851,246,28,243,328.97,0.9898,0.6358,0.268973,39,36,100,279.84,0.7117,0.2046,0.026131,4.190
610496,520,436,956,216,11,205,331.17,0.9870,0.5526,0.192483,6,16,51,266.65,0.8274,0.0908,0.006483,4.293
610510,520,477,997,222,18,69,17.43,0.9763,0.5079,0.163947,0,2,1,165.38,1.0000,0.0192,0.000456,4.240
610515,520,441,961,194,68,184,331.12,0.7787,0.5387,0.190658,1,2,71,265.16,0.9949,0.0858,0.005048,4.372
610519,520,464,984,231,11,59,20.75,0.9907,0.5233,0.175471,23,1,4,12.53,0.8469,0.0488,0.002127,4.325
610533,520,386,906,203,76,220,322.78,0.8527,0.5850,0.230343,53,24,33,1.26,0.4483,0.1505,0.015201,4.300
610534,520,404,924,226,23,211,332.06,0.9775,0.5779,0.214871,55,13,13,23.96,0.7385,0.1293,0.011293,4.321
610567,520,473,993,168,52,236,308.87,0.9160,0.5192,0.168377,2,5,7,229.49,0.3462,0.0347,0.001368,4.251
610600,520,474,994,169,74,203,316.01,0.7700,0.5199,0.176452,0,1,23,264.09,0.9821,0.0295,0.000836,4.455
610604,520,407,927,225,69,123,3.70,0.8066,0.5662,0.216965,59,0,41,344.44,1.0000,0.1320,0.010901,4.384
610607,520,416,936,241,52,61,24.49,0.9424,0.5660,0.214970,4,14,83,266.19,0.9660,0.1209,0.009643,4.443
610615,520,389,909,252,10,143,357.43,0.9921,0.5893,0.228993,13,31,78,264.86,0.8107,0.1539,0.016155,4.217
610620,520,420,940,225,42,159,347.56,0.8995,0.5565,0.201693,34,0,67,299.55,1.0000,0.1088,0.007453,4.381
610625,520,457,977,217,19,157,345.66,0.9548,0.5286,0.176542,14,12,15,314.61,0.1084,0.0649,0.003908,4.202
610638,520,399,919,202,78,208,325.87,0.8140,0.5782,0.225610,3,26,83,262.93,0.9535,0.1430,0.013826,4.318
610647,520,333,853,180,116,255,302.69,1.0000,0.6361,0.294145,37,46,72,268.85,0.3788,0.2044,0.028151,4.404
610665,520,403,923,243,46,112,7.93,0.9282,0.5763,0.221818,57,4,28,358.79,0.8244,0.1264,0.010407,4.500
610669,520,376,896,227,12,239,325.53,0.9944,0.5957,0.228282,54,19,57,324.43,0.6409,0.1559,0.015455,4.251
610675,520,417,937,252,36,31,28.58,0.9889,0.5745,0.220599,33,26,22,51.47,0.1630,0.1219,0.011201,4.421
610683,520,421,941,236,28,137,356.84,0.9530,0.5606,0.204726,27,20,45,294.88,0.4822,0.1119,0.009228,4.301
610684,520,420,940,242,17,124,1.94,0.9801,0.5639,0.207367,2,31,15,156.00,0.9562,0.1098,0.010273,4.270
610692,520,436,956,195,67,198,326.91,0.8122,0.5478,0.196951,34,1,49,312.61,0.9390,0.0926,0.005836,4.423
610700,520,468,988,230,1,25,27.09,0.9994,0.5151,0.169180,3,0,32,275.78,1.0000,0.0380,0.001236,4.278
610708,520,464,984,188,24,223,318.97,0.9663,0.5211,0.166737,0,13,8,171.24,1.0000,0.0532,0.003054,4.085
610716,520,371,891,189,105,222,315.61,0.7586,0.6072,0.261969,6,48,15,146.84,0.9684,0.1691,0.021870,4.341
610738,520,363,883,253,6,182,345.93,0.9964,0.6076,0.243938,9,41,69,248.94,0.7475,0.1714,0.020735,4.155
610751,520,454,974,216,61,61,25.29,0.8770,0.5250,0.182758,31,3,7,13.76,0.7718,0.0673,0.003718,4.333
610753,520,434,954,234,14,120,1.77,0.9796,0.5454,0.191656,6,16,56,267.08,0.8676,0.0954,0.006948,4.243
610770,520,468,988,232,19,0,30.05,1.0000,0.5231,0.176247,3,2,24,277.63,0.8744,0.0367,0.001287,4.411
610782,520,477,997,190,55,174,333.21,0.8011,0.5119,0.167371,1,1,14,273.55,0.9013,0.0244,0.000599,4.296
610785,520,461,981,231,15,83,13.85,0.9820,0.5289,0.179581,9,3,25,294.10,0.7431,0.0459,0.001934,4.421
610786,520,347,867,244,19,243,328.55,0.9938,0.6295,0.261727,51,31,84,297.86,0.6356,0.1932,0.023239,4.256
610805,520,222,742,255,153,155,18.95,1.0000,0.7544,0.464117,41,81,47,147.44,0.6687,0.3030,0.065613,4.447
610813,520,420,940,238,52,34,30.08,0.9591,0.5570,0.207518,39,15,29,345.72,0.4914,0.1090,0.008617,4.393
610814,520,452,972,230,32,80,15.80,0.9520,0.5332,0.184382,28,5,19,345.12,0.6336,0.0703,0.004025,4.338
610844,520,174,694,247,171,215,343.99,0.8489,0.7984,0.538081,40,87,94,208.23,0.5296,0.3382,0.080754,4.498
610848,520,401,921,254,41,53,25.42,0.9953,0.5836,0.229175,26,9,93,279.20,0.9494,0.1414,0.012052,4.499
610859,520,456,976,205,49,166,340.29,0.8373,0.5283,0.179309,0,15,6,159.07,1.0000,0.0579,0.003548,4.282
610862,520,318,838,220,107,233,323.40,0.8701,0.6596,0.316159,4,62,33,155.00,0.9774,0.2208,0.035807,4.267
610882,520,386,906,220,81,163,347.43,0.7645,0.5873,0.237471,65,12,12,25.23,0.8354,0.1482,0.014135,4.482
610883,520,400,920,245,56,57,26.19,0.9536,0.5769,0.225396,67,3,4,27.11,0.9681,0.1412,0.012674,4.394
610894,520,405,925,191,81,226,317.04,0.8410,0.5773,0.224534,24,21,72,279.38,0.7567,0.1336,0.011984,4.429
610898,520,368,888,242,59,182,344.70,0.9121,0.6116,0.253855,23,29,94,272.21,0.8414,0.1713,0.018689,4.424
610902,520,345,865,205,115,188,334.43,0.6205,0.6274,0.288729,30,44,72,263.24,0.4570,0.1934,0.025452,4.489
610905,520,416,936,247,40,63,22.78,0.9654,0.5699,0.216541,35,18,52,304.77,0.5993,0.1225,0.010379,4.414
610907,520,457,977,211,61,128,357.54,0.7893,0.5333,0.187471,11,14,5,122.35,0.4185,0.0639,0.003962,4.401
610911,520,474,994,185,47,206,321.92,0.8808,0.5174,0.168049,0,4,4,194.77,1.0000,0.0280,0.000956,4.279
610967,520,371,891,235,77,161,351.55,0.8330,0.6074,0.255459,25,30,92,273.26,0.8048,0.1727,0.019078,4.422
610978,520,359,879,238,43,227,330.87,0.9681,0.6185,0.254536,68,24,34,8.53,0.5857,0.1774,0.019979,4.352
610999,520,381,901,202,89,220,321.95,0.8167,0.6001,0.248701,26,29,81,275.44,0.7226,0.1604,0.016924,4.463
611001,520,386,906,236,23,193,339.28,0.9765,0.5853,0.222988,27,1,107,277.48,0.9964,0.1525,0.013162,4.322
611007,520,465,985,118,95,241,285.15,0.8787,0.5220,0.183865,11,5,21,300.65,0.5613,0.0499,0.002338,4.468
611012,520,422,942,205,62,205,327.95,0.8588,0.5633,0.208339,4,27,45,244.88,0.7493,0.1123,0.009991,4.306
611023,520,463,983,235,6,30,26.70,0.9967,0.5274,0.178894,21,1,15,339.64,0.7943,0.0497,0.002157,4.389
611026,520,336,856,244,89,177,348.81,0.8851,0.6439,0.295551,8,52,56,204.08,0.8085,0.1968,0.027930,4.434
611050,520,190,710,252,156,229,336.19,0.9726,0.7821,0.501317,55,85,45,138.23,0.5974,0.3246,0.074985,4.411
611058,520,459,979,216,11,167,342.11,0.9767,0.5296,0.176307,18,5,18,327.25,0.5369,0.0559,0.002808,4.285
611080,520,352,872,246,3,227,332.72,0.9988,0.6195,0.252070,9,50,46,185.61,0.7968,0.1860,0.025364,4.008
611081,520,419,939,214,86,74,28.12,0.7717,0.5561,0.214484,30,18,46,301.74,0.5372,0.1119,0.009059,4.478
611087,520,409,929,232,40,166,346.80,0.9240,0.5717,0.214294,34,11,69,295.23,0.8192,0.1251,0.010091,4.398
611103,520,366,886,252,12,191,343.26,0.9933,0.6113,0.247234,5,42,60,234.88,0.8166,0.1667,0.020143,4.238
611105,520,457,977,189,57,206,322.89,0.8535,0.5329,0.182027,4,0,53,270.85,1.0000,0.0615,0.002828,4.392
611108,520,316,836,247,97,168,353.90,0.8902,0.6555,0.311537,21,47,104,263.27,0.7862,0.2216,0.031918,4.413
611110,520,369,889,250,78,2,37.47,0.9983,0.6056,0.257806,2,45,49,204.40,0.9332,0.1687,0.021113,4.328
611135,520,448,968,215,10,191,334.73,0.9844,0.5415,0.184280,1,15,48,260.67,0.9467,0.0827,0.005615,4.213
611138,520,421,941,238,2,143,354.60,0.9973,0.5596,0.202069,2,28,35,218.27,0.8511,0.1081,0.009647,4.226
611142,520,464,984,216,58,68,22.30,0.8728,0.5230,0.180449,5,2,37,277.15,0.9422,0.0496,0.002092,4.424
611167,520,396,916,193,82,225,317.92,0.8374,0.5808,0.228095,11,35,47,233.00,0.5906,0.1401,0.014784,4.293
611185,520,469,989,229,12,17,28.42,0.9934,0.5150,0.169645,13,1,15,323.50,0.7770,0.0391,0.001418,4.272
611196,520,465,985,197,0,208,325.45,1.0000,0.5183,0.164261,9,0,35,288.72,1.0000,0.0468,0.001794,4.137
611208,520,343,863,228,100,164,351.49,0.7425,0.6271,0.282910,19,49,58,220.19,0.5501,0.1927,0.026405,4.357
611216,520,37,557,239,242,225,114.95,0.4193,0.9467,0.872912,40,123,99,170.15,0.7930,0.4512,0.155173,4.498
611222,520,456,976,188,44,216,320.27,0.9105,0.5273,0.174520,13,8,15,316.37,0.2753,0.0556,0.002937,4.241
611248,520,343,863,250,53,199,341.22,0.9674,0.6299,0.269969,16,47,70,243.87,0.6448,0.1924,0.025853,4.218
611255,520,248,768,203,146,252,307.81,0.9328,0.7152,0.402832,53,72,24,127.85,0.7384,0.2786,0.054575,4.330
611279,520,385,905,222,10,249,322.11,0.9959,0.5942,0.225883,6,42,35,177.06,0.8357,0.1542,0.018159,4.048
611297,520,432,952,208,89,86,24.03,0.7056,0.5526,0.212286,19,24,28,242.31,0.1472,0.1041,0.008755,4.464
611303,520,480,1000,187,41,200,324.34,0.8908,0.5117,0.163222,0,0,0,0.00,0.0000,0.0000,0.000000,4.264
611305,520,446,966,193,64,203,324.83,0.8300,0.5445,0.193175,0,23,7,152.63,1.0000,0.0814,0.006281,4.321
611317,520,471,991,228,8,67,18.17,0.9917,0.5175,0.170759,2,4,24,269.55,0.8297,0.0408,0.001657,4.274
611331,520,218,738,243,163,100,57.85,0.7995,0.7460,0.461714,8,80,85,202.45,0.9130,0.3012,0.064445,4.471
611341,520,301,821,233,115,197,340.35,0.7949,0.6720,0.336185,8,65,3,141.75,0.9933,0.2278,0.038386,4.369
611343,520,379,899,236,33,212,334.21,0.9707,0.6005,0.236768,51,15,72,309.96,0.7650,0.1569,0.015134,4.403
611409,520,440,960,206,0,232,321.97,1.0000,0.5521,0.189498,14,22,19,169.85,0.2210,0.0911,0.007142,4.191
611420,520,366,886,255,70,32,33.06,1.0000,0.6076,0.257483,53,23,76,307.31,0.6886,0.1750,0.018915,4.462
611448,520,461,981,183,68,201,321.99,0.7998,0.5319,0.184198,10,6,21,295.28,0.5098,0.0513,0.002489,4.462
611459,520,437,957,224,49,126,359.78,0.8670,0.5460,0.195529,11,24,3,133.81,0.8803,0.0906,0.007310,4.284
611461,520,387,907,248,47,122,5.33,0.9435,0.5898,0.233981,63,19,16,26.94,0.7048,0.1547,0.015601,4.329
611478,520,440,960,215,5,203,331.45,0.9936,0.5482,0.188696,28,9,45,304.95,0.7126,0.0930,0.006317,4.238
611480,520,398,918,244,42,119,5.31,0.9369,0.5777,0.222242,43,30,1,84.59,0.9415,0.1412,0.014444,4.224
611490,520,466,986,167,28,253,306.02,0.9904,0.5165,0.161386,7,2,40,279.77,0.9398,0.0542,0.002418,4.033
611493,520,465,985,226,27,31,27.53,0.9780,0.5151,0.170545,8,4,28,287.09,0.7391,0.0494,0.002223,4.223
611504,520,420,940,223,79,8,39.90,0.9849,0.5561,0.213001,7,19,62,266.58,0.8673,0.1081,0.008587,4.489
611514,520,444,964,218,52,132,356.47,0.8395,0.5393,0.190298,28,8,26,331.22,0.5675,0.0790,0.004952,4.373
611522,520,442,962,219,59,108,7.28,0.8266,0.5395,0.192732,35,1,28,337.34,0.8575,0.0791,0.004629,4.443
611527,520,247,767,250,147,59,56.97,0.9398,0.7185,0.415100,51,74,29,131.62,0.7013,0.2840,0.056900,4.351
611528,520,374,894,244,46,171,348.10,0.9357,0.6004,0.241305,72,0,31,2.85,1.0000,0.1558,0.014769,4.498
611575,520,447,967,208,58,158,344.39,0.8055,0.5379,0.189067,30,12,12,20.58,0.4304,0.0835,0.005655,4.295
611585,520,347,867,242,45,229,331.32,0.9699,0.6278,0.264139,32,13,125,276.12,0.9687,0.1923,0.020755,4.440
611589,520,403,923,238,72,26,35.04,0.9662,0.5765,0.228896,54,17,19,19.53,0.6212,0.1349,0.012323,4.475
611596,520,442,962,224,65,14,35.59,0.9787,0.5408,0.196623,19,14,27,301.35,0.3454,0.0795,0.005317,4.458
611617,520,323,843,255,70,188,346.24,1.0000,0.6472,0.292745,61,39,67,318.87,0.4075,0.2111,0.028485,4.367
611641,520,436,956,216,2,207,330.65,0.9977,0.5520,0.191495,24,16,31,308.09,0.3713,0.0913,0.006637,4.264
611645,520,380,900,248,48,153,354.87,0.9417,0.6015,0.243736,70,8,41,353.73,0.7942,0.1635,0.016361,4.426
611654,520,463,983,226,45,65,21.62,0.9294,0.5307,0.184300,24,2,7,5.62,0.7495,0.0536,0.002530,4.460
611673,520,452,972,238,7,23,27.69,0.9966,0.5337,0.183943,13,12,33,282.97,0.5303,0.0733,0.004583,4.286
611680,520,396,916,251,34,88,15.67,0.9751,0.5792,0.223615,54,19,34,355.47,0.5550,0.1434,0.013656,4.298
611685,520,393,913,207,69,223,323.39,0.8824,0.5854,0.228510,32,19,72,288.64,0.7432,0.1378,0.012407,4.463
611699,520,401,921,200,105,123,9.11,0.5515,0.5764,0.238142,5,41,1,140.94,0.9943,0.1424,0.016203,4.352
611705,520,405,925,216,57,214,328.59,0.9061,0.5827,0.223823,51,5,55,324.50,0.8184,0.1315,0.010883,4.498
611706,520,369,889,220,59,245,321.82,0.9575,0.6118,0.249381,61,15,73,318.43,0.7647,0.1739,0.018149,4.393
611708,520,320,840,241,70,230,330.79,0.9414,0.6456,0.287969,21,49,84,255.22,0.6452,0.2103,0.029960,4.227
611710,520,441,961,140,90,240,294.35,0.8669,0.5352,0.191791,33,6,36,323.67,0.7160,0.0890,0.005810,4.332
611720,520,472,992,187,7,235,316.09,0.9935,0.5243,0.167162,9,1,15,313.25,0.7806,0.0347,0.001143,4.246
611723,520,475,995,163,77,214,310.45,0.7881,0.5235,0.179500,4,1,21,286.30,0.8849,0.0328,0.001017,4.499
611731,520,434,954,239,39,27,29.37,0.9728,0.5490,0.198842,18,7,65,280.93,0.9093,0.0982,0.006622,4.395
611740,520,341,861,144,144,210,283.52,0.5108,0.6271,0.305287,3,57,17,147.10,0.9895,0.1998,0.029860,4.449
611742,520,446,966,225,53,88,15.01,0.8826,0.5400,0.192611,20,1,51,293.00,0.9637,0.0756,0.004094,4.485
611770,520,388,908,239,22,189,341.08,0.9785,0.5884,0.226016,34,32,53,287.66,0.3438,0.1529,0.016301,4.163
611781,520,451,971,196,64,188,330.43,0.8031,0.5399,0.190350,3,0,60,268.22,1.0000,0.0694,0.003456,4.496
611788,520,473,993,205,68,95,12.62,0.7600,0.5196,0.179417,1,4,8,243.70,0.5539,0.0311,0.001108,4.489
611790,520,393,913,253,40,83,17.82,0.9873,0.5856,0.230285,17,34,44,235.66,0.4137,0.1387,0.014450,4.349
611794,520,480,1000,190,9,208,323.46,0.9848,0.5080,0.156981,0,0,0,0.00,0.0000,0.0000,0.000000,4.140
611806,520,412,932,251,24,1,30.13,0.9993,0.5656,0.211684,30,21,44,300.79,0.4468,0.1168,0.009942,4.366
611808,520,415,935,214,35,225,325.44,0.9607,0.5716,0.209364,53,10,16,16.65,0.7415,0.1219,0.010115,4.314
611812,520,372,892,231,15,245,325.12,0.9942,0.6075,0.239255,12,13,118,267.96,0.9836,0.1702,0.016739,4.334
611816,520,446,966,237,28,62,21.37,0.9736,0.5425,0.191861,34,2,29,334.84,0.8052,0.0797,0.004723,4.420
611826,520,326,846,225,95,240,323.43,0.9225,0.6544,0.304851,20,56,54,190.31,0.6000,0.2133,0.032433,4.305
611844,520,382,902,229,26,229,328.29,0.9824,0.5962,0.230564,5,45,3,142.02,0.9865,0.1566,0.019155,4.057
611848,520,400,920,204,83,189,332.73,0.7550,0.5767,0.226997,32,11,87,285.50,0.9018,0.1422,0.012345,4.443
611853,520,407,927,248,48,40,28.52,0.9725,0.5747,0.222271,33,22,51,299.53,0.5110,0.1272,0.011362,4.437
611857,520,441,961,204,77,134,355.55,0.7055,0.5425,0.198683,10,19,44,266.69,0.6169,0.0943,0.007121,4.354
611869,520,381,901,235,0,229,329.76,1.0000,0.6006,0.233219,53,10,77,309.55,0.8325,0.1588,0.015099,4.351
611876,520,411,931,187,72,237,313.56,0.8963,0.5684,0.213150,43,17,39,333.30,0.5325,0.1239,0.010610,4.342
611878,520,395,915,255,19,123,4.49,1.0000,0.5906,0.231595,58,10,44,341.96,0.7358,0.1430,0.012986,4.471
611895,520,406,926,216,34,227,325.48,0.9651,0.5759,0.212911,41,26,22,35.52,0.2846,0.1325,0.012682,4.194
611898,520,432,952,222,71,51,30.73,0.8891,0.5469,0.202777,10,5,73,272.20,0.9742,0.0989,0.006541,4.471
611909,520,360,880,253,65,128,5.89,0.9770,0.6158,0.262253,59,29,53,334.90,0.4732,0.1794,0.020657,4.419
611925,520,397,917,229,38,189,338.94,0.9397,0.5769,0.217210,28,28,58,281.40,0.4941,0.1404,0.013828,4.186
611959,520,435,955,193,53,227,318.72,0.9110,0.5508,0.194311,38,5,18,359.45,0.7178,0.0867,0.005643,4.391
611963,520,463,983,213,49,135,353.89,0.8367,0.5284,0.180943,1,4,40,266.04,0.9616,0.0532,0.002465,4.402
611978,520,351,871,238,40,240,327.76,0.9777,0.6253,0.259886,50,35,66,305.35,0.4399,0.1869,0.022736,4.260
612010,520,460,980,154,91,203,307.95,0.6902,0.5255,0.186645,15,7,28,299.14,0.5890,0.0622,0.003374,4.434
612022,520,427,947,247,3,70,18.86,0.9981,0.5575,0.202851,46,6,13,14.68,0.7751,0.1019,0.007402,4.405
612038,520,370,890,232,37,241,326.12,0.9780,0.6143,0.248322,18,48,13,140.91,0.9114,0.1738,0.022715,4.103
612039,520,48,568,214,248,210,142.21,0.7240,0.9357,0.860833,13,127,23,143.42,0.9934,0.4430,0.153255,4.481
612044,520,0,520,255,255,255,0.00,0.0000,1.0000,1.000000,12,137,69,151.70,0.9885,0.4818,0.183983,4.487
612060,520,419,939,215,32,207,330.35,0.9519,0.5595,0.199872,17,28,30,210.02,0.2491,0.1145,0.010434,4.135
612063,520,397,917,205,82,194,331.30,0.7724,0.5797,0.229105,51,17,41,340.32,0.5890,0.1381,0.012649,4.455
612087,520,450,970,211,27,191,333.74,0.9461,0.5397,0.183964,34,1,6,14.33,0.9130,0.0686,0.003750,4.353
612089,520,426,946,233,34,145,353.77,0.9341,0.5608,0.205149,32,21,19,30.38,0.2290,0.1074,0.008905,4.332
612097,520,405,925,230,20,198,336.48,0.9788,0.5761,0.214032,59,4,24,5.01,0.8445,0.1292,0.010827,4.341
612111,520,403,923,252,33,58,23.56,0.9861,0.5756,0.220924,31,23,61,289.70,0.5987,0.1346,0.012410,4.341
612128,520,404,924,253,19,86,15.57,0.9881,0.5768,0.220240,46,25,2,65.94,0.8566,0.1337,0.012806,4.303
612146,520,347,867,236,67,221,331.92,0.9283,0.6292,0.270702,61,19,86,309.61,0.7727,0.1897,0.021298,4.498
612148,520,473,993,175,28,240,311.15,0.9692,0.5165,0.162367,1,0,30,268.84,1.0000,0.0339,0.001002,4.164
612156,520,364,884,231,60,217,331.72,0.9272,0.6123,0.252328,3,23,109,264.71,0.9673,0.1683,0.017361,4.488
612174,520,392,912,248,17,160,351.50,0.9847,0.5899,0.228988,16,1,113,270.32,0.9984,0.1532,0.013240,4.412
612196,520,476,996,180,37,220,317.04,0.9308,0.5126,0.161949,3,0,10,300.63,1.0000,0.0212,0.000413,4.204
612216,520,312,832,242,107,152,1.59,0.8137,0.6557,0.316624,47,54,26,120.61,0.4955,0.2180,0.033172,4.408
612224,520,404,924,215,11,249,320.38,0.9949,0.5827,0.215279,23,30,48,267.38,0.3648,0.1343,0.013241,4.195
612252,520,429,949,220,70,88,17.82,0.8166,0.5483,0.203031,25,18,43,294.63,0.5018,0.1041,0.008137,4.352
612266,520,422,942,194,48,247,314.54,0.9606,0.5640,0.202999,51,3,10,17.91,0.8993,0.1070,0.007910,4.369
612269,520,441,961,244,0,13,28.43,1.0000,0.5447,0.192657,37,7,32,334.85,0.6808,0.0946,0.006496,4.295
612274,520,401,921,212,63,208,329.10,0.8743,0.5777,0.221081,25,36,32,170.55,0.2182,0.1450,0.015727,4.124
612277,520,477,997,175,82,160,333.89,0.6305,0.5142,0.176877,3,2,0,94.54,1.0000,0.0233,0.000628,4.481
612313,520,431,951,234,51,21,31.74,0.9763,0.5472,0.199173,15,16,58,275.79,0.7727,0.1031,0.007776,4.313
612322,520,348,868,245,34,229,332.02,0.9818,0.6274,0.262166,1,5,142,264.37,0.9973,0.1946,0.020678,4.417
612326,520,455,975,172,81,192,320.09,0.7130,0.5269,0.184622,1,12,26,248.76,0.8051,0.0595,0.003440,4.390
612329,520,413,933,228,53,163,347.41,0.8766,0.5721,0.216872,52,0,47,332.88,1.0000,0.1215,0.009354,4.496
612337,520,370,890,249,27,198,340.85,0.9810,0.6136,0.250040,74,7,27,10.13,0.8507,0.1659,0.016872,4.487
612339,520,451,971,224,8,160,346.19,0.9852,0.5408,0.185617,1,8,53,264.76,0.9584,0.0743,0.004371,4.333
612355,520,190,710,227,176,191,359.16,0.4636,0.7763,0.511444,30,90,34,144.42,0.9345,0.3245,0.077036,4.420
612357,520,46,566,238,244,163,111.79,0.8363,0.9350,0.855231,52,124,7,137.66,0.9928,0.4435,0.151602,4.490
612363,520,281,801,249,83,255,326.44,1.0000,0.6864,0.335489,17,27,165,266.87,0.9805,0.2542,0.036193,4.472
612373,520,429,949,201,64,194,330.06,0.8233,0.5518,0.199810,5,18,58,265.06,0.8754,0.1009,0.007703,4.329
612399,520,335,855,246,92,148,1.08,0.8778,0.6399,0.293883,31,51,39,157.28,0.3777,0.1982,0.028054,4.406
612410,520,397,917,188,91,215,318.39,0.7688,0.5795,0.230809,54,21,3,47.66,0.8287,0.1390,0.013273,4.438
612417,520,441,961,177,58,236,311.42,0.9064,0.5381,0.184303,37,11,6,33.64,0.6592,0.0914,0.006459,4.150
612419,520,429,949,226,51,126,0.38,0.8663,0.5515,0.200455,8,6,74,270.43,0.9744,0.1004,0.006762,4.412
612423,520,418,938,237,33,116,4.55,0.9450,0.5576,0.203563,48,10,33,346.86,0.6767,0.1186,0.009554,4.258
612442,520,358,878,222,82,215,329.81,0.8636,0.6187,0.264725,6,37,95,261.40,0.9241,0.1823,0.021879,4.379
612457,520,401,921,223,36,208,332.11,0.9522,0.5763,0.215061,33,9,85,287.49,0.9084,0.1388,0.011746,4.293
612494,520,362,882,248,85,8,39.00,0.9928,0.6106,0.264744,12,38,90,262.16,0.8468,0.1820,0.022024,4.370
612510,520,463,983,181,62,215,317.66,0.8514,0.5319,0.181764,7,5,24,285.30,0.6349,0.0481,0.002197,4.440
612521,520,260,780,226,130,239,322.67,0.8814,0.7076,0.383676,65,64,13,108.29,0.8098,0.2653,0.048197,4.416
612523,520,471,991,186,42,216,319.72,0.9145,0.5226,0.170542,6,0,34,283.03,1.0000,0.0430,0.001542,4.279
612527,520,400,920,222,52,204,332.99,0.9122,0.5826,0.223475,53,2,66,317.98,0.9249,0.1406,0.011937,4.415
612597,520,465,985,208,29,172,338.70,0.9196,0.5237,0.172693,2,8,23,259.20,0.6935,0.0498,0.002484,4.243
612598,520,424,944,248,15,81,16.33,0.9895,0.5642,0.208958,43,3,54,317.72,0.8668,0.1143,0.008451,4.430
612610,520,428,948,208,34,218,325.62,0.9522,0.5559,0.196178,0,24,44,245.31,1.0000,0.1010,0.008351,4.219
612618,520,479,999,215,51,36,29.78,0.9332,0.5096,0.169446,0,0,3,264.05,1.0000,0.0094,0.000066,4.383
612620,520,454,974,210,58,142,351.16,0.8001,0.5341,0.186829,26,9,0,58.53,1.0000,0.0690,0.004150,4.374
612630,520,414,934,210,17,240,321.06,0.9889,0.5688,0.203956,18,31,19,146.39,0.4226,0.1202,0.011556,4.126
612643,520,468,988,187,20,231,316.85,0.9778,0.5245,0.168359,11,2,13,322.04,0.6462,0.0386,0.001436,4.245
612647,520,452,972,236,11,56,21.85,0.9921,0.5335,0.183610,22,11,8,36.58,0.3337,0.0695,0.004275,4.304
612652,520,420,940,242,7,129,0.04,0.9920,0.5634,0.206175,6,9,80,268.10,0.9736,0.1111,0.008132,4.407
612663,520,282,802,247,110,210,339.16,0.9309,0.6916,0.355818,3,63,83,227.50,0.9397,0.2454,0.041987,4.412
612676,520,468,988,217,58,59,25.28,0.8899,0.5234,0.180961,11,3,4,9.48,0.4280,0.0376,0.001450,4.489
612677,520,368,888,226,70,204,334.18,0.8783,0.6056,0.249110,66,11,62,331.25,0.7737,0.1704,0.017456,4.434
612693,520,429,949,209,10,222,325.07,0.9906,0.5518,0.190482,5,29,0,138.78,1.0000,0.1019,0.009110,4.068
612694,520,474,994,134,80,249,292.16,0.9481,0.5207,0.176452,0,1,19,263.92,1.0031,0.0264,0.000687,4.468
612706,520,445,965,236,8,86,13.25,0.9916,0.5384,0.186816,5,20,28,232.69,0.5637,0.0835,0.006164,4.217
612717,520,364,884,246,35,194,341.40,0.9680,0.6093,0.246931,47,11,92,296.36,0.8830,0.1661,0.016164,4.488
612733,520,459,979,175,68,214,315.55,0.8257,0.5289,0.181042,21,7,14,349.03,0.4297,0.0622,0.003431,4.324
612750,520,445,965,239,0,93,11.18,1.0000,0.5447,0.191443,32,4,33,326.56,0.7533,0.0822,0.005038,4.387
612777,520,476,996,188,70,151,342.04,0.7067,0.5133,0.173076,5,0,1,3.86,1.0000,0.0188,0.000345,4.431
612779,520,413,933,230,20,180,341.59,0.9726,0.5659,0.206213,16,26,44,261.56,0.4410,0.1158,0.010308,4.248
612784,520,214,734,239,148,242,325.84,0.9117,0.7571,0.459431,3,78,102,227.39,0.9593,0.3033,0.064271,4.458
612789,520,408,928,220,4,215,329.60,0.9964,0.5651,0.202110,14,1,100,270.87,0.9977,0.1330,0.010351,4.177
612815,520,418,938,211,69,177,338.80,0.7983,0.5644,0.212815,59,2,2,28.18,0.9752,0.1216,0.009778,4.397
612827,520,411,931,237,37,132,359.22,0.9331,0.5653,0.209967,24,13,76,281.46,0.8719,0.1242,0.010038,4.330
612834,520,468,988,200,54,150,345.01,0.7961,0.5155,0.171216,11,3,13,321.02,0.5491,0.0412,0.001653,4.283
612838,520,452,972,221,49,81,16.50,0.8917,0.5270,0.181655,0,9,51,262.93,1.0003,0.0732,0.004344,4.263
612842,520,426,946,161,83,255,300.17,1.0000,0.5618,0.209839,2,31,11,151.01,0.9689,0.1089,0.010170,4.318
612851,520,446,966,189,17,246,314.11,0.9876,0.5394,0.178748,37,5,9,16.09,0.7459,0.0822,0.005216,4.143
612854,520,463,983,184,77,171,332.53,0.6981,0.5268,0.184397,7,9,0,117.19,1.0000,0.0473,0.002405,4.473
612884,520,394,914,219,63,206,331.64,0.8837,0.5881,0.230734,28,29,49,280.92,0.3575,0.1368,0.013473,4.423
612935,520,375,895,250,72,70,25.85,0.9683,0.6040,0.254044,40,35,44,310.04,0.1631,0.1623,0.018350,4.448
612950,520,415,935,208,60,215,326.04,0.8888,0.5728,0.215497,37,15,49,311.97,0.6310,0.1177,0.009567,4.457
612957,520,317,837,239,90,217,334.02,0.9088,0.6563,0.306753,25,59,53,180.59,0.5425,0.2249,0.035915,4.152
612982,520,439,959,234,57,30,31.59,0.9607,0.5531,0.205155,16,19,32,273.64,0.3266,0.0908,0.006802,4.492
612987,520,465,985,168,77,201,315.98,0.7519,0.5212,0.178505,16,0,26,312.07,1.0000,0.0469,0.001848,4.407
613010,520,453,973,211,75,33,36.73,0.9092,0.5295,0.189932,10,16,9,140.93,0.3126,0.0692,0.004548,4.399
613025,520,374,894,235,64,174,345.91,0.8752,0.5996,0.243877,73,9,4,30.25,0.9421,0.1611,0.016209,4.439
613038,520,437,957,200,88,118,5.66,0.6363,0.5461,0.205686,15,20,33,267.67,0.3408,0.0930,0.007117,4.477
613069,520,420,940,225,77,7,39.16,0.9878,0.5572,0.213333,50,8,21,6.11,0.7303,0.1149,0.009060,4.459
613074,520,453,973,146,72,253,296.57,0.9829,0.5271,0.178377,5,9,47,270.00,0.8894,0.0730,0.004329,4.204
613076,520,418,938,124,111,240,284.06,0.8356,0.5572,0.219449,27,17,67,286.04,0.7528,0.1242,0.010391,4.462
613089,520,422,942,246,28,57,23.12,0.9802,0.5606,0.207223,29,25,4,99.17,0.7232,0.1103,0.009653,4.312
613090,520,421,941,177,79,228,311.87,0.8407,0.5561,0.205414,35,18,23,0.92,0.3405,0.1063,0.008518,4.365
613112,520,442,962,230,34,89,12.97,0.9423,0.5364,0.186913,38,0,12,4.80,1.0000,0.0761,0.004387,4.356
613118,520,423,943,240,23,126,1.13,0.9685,0.5625,0.206476,29,11,57,296.30,0.7632,0.1074,0.007960,4.425
613156,520,432,952,207,55,187,334.01,0.8501,0.5489,0.195876,17,21,39,273.20,0.4114,0.1006,0.008020,4.238
613162,520,447,967,238,26,5,30.13,0.9958,0.5389,0.189302,28,15,4,62.85,0.6014,0.0847,0.005973,4.275
613177,520,435,955,246,3,28,27.10,0.9987,0.5504,0.197454,3,12,63,266.07,0.9470,0.0933,0.006411,4.387
613180,520,462,982,206,46,172,338.45,0.8566,0.5309,0.180564,2,2,44,268.59,0.9810,0.0538,0.002382,4.402
613187,520,451,971,226,41,104,7.70,0.9065,0.5367,0.187569,29,7,5,29.04,0.6346,0.0711,0.004242,4.380
613203,520,367,887,244,89,52,34.61,0.9326,0.6112,0.266290,8,44,56,224.62,0.7533,0.1715,0.021384,4.431
613205,520,432,952,176,64,246,308.54,0.9431,0.5509,0.195515,3,1,81,266.40,0.9978,0.0995,0.006351,4.357
613206,520,309,829,245,108,133,11.22,0.8444,0.6561,0.318340,51,51,52,286.30,0.0139,0.2214,0.033194,4.427
613219,520,426,946,205,71,187,333.59,0.7950,0.5621,0.210753,43,9,43,327.79,0.7076,0.1141,0.008835,4.432
613237,520,319,839,230,117,136,10.82,0.6972,0.6477,0.313255,21,52,92,255.96,0.6859,0.2247,0.033880,4.331
613241,520,479,999,198,31,172,336.02,0.8978,0.5062,0.159661,1,0,5,292.48,1.0000,0.0142,0.000174,4.179
613242,520,470,990,215,5,162,343.38,0.9881,0.5236,0.171666,0,8,1,147.32,1.0000,0.0384,0.001758,4.283
613247,520,461,981,168,78,206,314.45,0.7630,0.5261,0.182307,5,0,44,275.33,1.0000,0.0521,0.002141,4.455
613251,520,323,843,206,104,252,313.93,0.9698,0.6477,0.300519,68,43,15,66.21,0.6622,0.2129,0.029913,4.386
613258,520,464,984,185,69,180,329.48,0.7525,0.5229,0.178672,15,1,24,311.94,0.8493,0.0467,0.001892,4.407
613263,520,341,861,231,55,244,324.97,0.9614,0.6258,0.262553,71,29,54,345.64,0.5447,0.1998,0.024848,4.176
613265,520,480,1000,179,77,147,341.36,0.6436,0.5062,0.169993,0,0,0,0.00,0.0000,0.0000,0.000000,4.400
613279,520,434,954,174,62,248,307.61,0.9550,0.5477,0.192220,17,11,63,279.17,0.8613,0.1010,0.007174,4.237
613300,520,274,794,227,118,254,319.33,0.9920,0.6982,0.364452,18,70,9,141.10,0.9796,0.2488,0.045285,4.350
613305,520,389,909,253,47,66,23.10,0.9890,0.5872,0.233127,2,42,31,169.92,0.9573,0.1511,0.017677,4.184
613306,520,469,989,226,36,52,24.07,0.9569,0.5224,0.176813,8,3,16,303.45,0.5984,0.0396,0.001542,4.401
613319,520,424,944,214,73,156,347.90,0.7674,0.5640,0.214637,35,17,36,325.12,0.4619,0.1102,0.008856,4.496
613330,520,385,905,244,26,163,349.95,0.9700,0.5864,0.226194,64,10,36,355.93,0.7546,0.1510,0.014346,4.292
613349,520,441,961,188,4,252,312.71,0.9976,0.5400,0.178077,0,18,52,258.51,1.0000,0.0923,0.006805,4.015
613358,520,409,929,188,92,198,323.75,0.7091,0.5705,0.224241,19,34,5,132.16,0.8710,0.1273,0.012934,4.358
613364,520,419,939,248,13,57,22.42,0.9931,0.5597,0.205433,24,19,47,289.12,0.5346,0.1079,0.008652,4.355
613370,520,430,950,244,9,41,25.30,0.9955,0.5484,0.195921,17,11,58,280.75,0.8246,0.0959,0.006640,4.342
613371,520,425,945,241,49,38,28.97,0.9582,0.5610,0.210407,0,24,57,255.62,0.9999,0.1113,0.009486,4.378
613381,520,458,978,139,83,245,294.18,0.9136,0.5272,0.182681,7,0,47,277.59,1.0000,0.0572,0.002504,4.432
613391,520,207,727,251,150,229,335.42,0.9665,0.7701,0.479813,47,82,57,152.18,0.5098,0.3126,0.069341,4.439
613394,520,423,943,180,64,252,308.53,0.9788,0.5615,0.203992,10,27,29,205.42,0.4446,0.1066,0.009371,4.278
613395,520,339,859,241,75,205,337.87,0.9137,0.6364,0.281434,5,50,66,227.58,0.8599,0.1950,0.027067,4.301
613406,520,416,936,245,56,2,33.56,0.9983,0.5732,0.222486,11,27,49,256.80,0.5900,0.1187,0.010767,4.484
613408,520,438,958,229,29,153,350.01,0.9423,0.5540,0.198394,6,21,30,236.24,0.5383,0.0879,0.006688,4.382
613409,520,438,958,178,59,243,310.13,0.9334,0.5462,0.190649,8,23,8,143.93,0.7057,0.0869,0.006819,4.235
613415,520,406,926,223,29,221,328.77,0.9726,0.5815,0.217894,12,5,99,269.79,0.9894,0.1350,0.010875,4.401
613417,520,351,871,244,89,143,2.25,0.8643,0.6309,0.283640,40,48,23,123.56,0.4891,0.1923,0.026269,4.375
613452,520,292,812,226,133,155,5.16,0.6141,0.6764,0.353123,53,57,63,258.37,0.0894,0.2449,0.040420,4.458
613457,520,464,984,200,73,96,12.80,0.7201,0.5173,0.178909,2,12,1,140.30,0.9540,0.0503,0.002780,4.337
613459,520,477,997,223,4,63,18.72,0.9955,0.5051,0.161365,4,0,0,29.23,1.0000,0.0164,0.000258,4.206
613461,520,466,986,201,74,97,12.73,0.7183,0.5208,0.181801,18,0,19,326.60,1.0000,0.0451,0.001756,4.479
613469,520,397,917,253,24,82,16.95,0.9883,0.5777,0.221488,42,25,41,328.72,0.3635,0.1393,0.013476,4.277
613478,520,407,927,216,68,182,338.44,0.8214,0.5745,0.221127,19,34,29,171.34,0.3352,0.1332,0.013712,4.256
613499,520,390,910,228,7,228,328.35,0.9960,0.5888,0.222498,54,25,26,18.67,0.4522,0.1518,0.015542,4.158
613502,520,480,1000,226,5,22,27.55,0.9969,0.5071,0.163382,0,0,0,0.00,0.0000,0.0000,0.000000,4.268
613515,520,390,910,243,5,186,342.68,0.9960,0.5903,0.227115,34,31,44,295.13,0.2325,0.1452,0.015019,4.262
613538,520,423,943,246,14,93,12.50,0.9884,0.5624,0.207007,12,13,69,272.63,0.9106,0.1070,0.007956,4.434
613541,520,358,878,232,109,21,48.47,0.9594,0.6185,0.281499,41,45,24,117.53,0.4118,0.1845,0.024141,4.471
613542,520,449,969,206,60,166,340.97,0.8023,0.5404,0.191087,2,18,15,180.92,0.7723,0.0704,0.004800,4.399
613546,520,455,975,211,57,133,354.97,0.8036,0.5312,0.184708,17,8,14,339.56,0.3121,0.0594,0.003246,4.408
613563,520,457,977,232,23,23,28.41,0.9853,0.5255,0.178336,3,13,25,249.74,0.6153,0.0628,0.003774,4.246
613564,520,424,944,232,19,153,350.40,0.9695,0.5560,0.199243,11,8,80,271.32,0.9679,0.1125,0.008239,4.280
613585,520,456,976,233,18,28,27.46,0.9892,0.5261,0.178432,11,8,21,293.59,0.4178,0.0565,0.002990,4.311
613602,520,450,970,235,33,70,19.44,0.9611,0.5422,0.191952,15,15,13,106.83,0.0645,0.0720,0.004723,4.421
613605,520,435,955,196,43,224,320.63,0.9313,0.5457,0.188468,35,12,12,21.46,0.5189,0.0912,0.006469,4.223
613638,520,477,997,214,43,72,18.10,0.9045,0.5059,0.164943,2,1,1,18.81,0.2281,0.0183,0.000368,4.267
613651,520,478,998,150,71,225,303.53,0.8402,0.5064,0.164272,0,1,13,263.17,1.0005,0.0222,0.000508,4.242
613655,520,473,993,221,36,93,10.51,0.9181,0.5202,0.174269,2,2,12,278.63,0.6669,0.0279,0.000829,4.412
613669,520,444,964,233,27,81,15.41,0.9647,0.5371,0.187047,13,17,21,248.42,0.1597,0.0780,0.005406,4.278
613702,520,420,940,214,88,73,29.30,0.7686,0.5589,0.217589,16,27,24,175.80,0.2682,0.1085,0.009600,4.490
613703,520,381,901,230,0,241,325.83,1.0000,0.6001,0.231763,68,1,48,344.36,0.9351,0.1559,0.014643,4.359
613720,520,302,822,224,127,164,356.49,0.6275,0.6657,0.337083,23,62,35,151.27,0.7840,0.2278,0.037486,4.425
613727,520,376,896,239,5,219,333.09,0.9973,0.6021,0.235766,22,3,114,273.10,0.9936,0.1604,0.014505,4.430
613749,520,470,990,196,75,114,3.35,0.6849,0.5185,0.179846,11,1,17,314.64,0.7971,0.0379,0.001333,4.478
613763,520,434,954,195,61,205,324.95,0.8465,0.5459,0.193489,29,19,10,62.78,0.3773,0.0964,0.007489,4.235
613774,520,402,922,252,23,89,14.78,0.9828,0.5767,0.220332,5,26,68,261.67,0.8818,0.1287,0.011883,4.368
613783,520,184,704,242,164,232,331.25,0.8917,0.7857,0.512560,78,82,16,113.03,0.8463,0.3322,0.076917,4.432
613790,520,471,991,177,38,230,313.70,0.9409,0.5167,0.164476,0,0,37,264.05,1.0000,0.0397,0.001336,4.178
613848,520,352,872,199,108,215,321.46,0.7341,0.6214,0.277748,4,44,83,252.39,0.8869,0.1890,0.024516,4.398
613851,520,375,895,239,28,214,334.38,0.9794,0.6049,0.240391,34,28,77,284.32,0.6566,0.1618,0.017064,4.330
613852,520,474,994,197,41,188,330.79,0.8817,0.5208,0.170888,3,3,0,109.77,1.0000,0.0268,0.000845,4.344
613868,520,404,924,242,13,165,348.67,0.9868,0.5795,0.218849,51,8,48,330.99,0.7553,0.1301,0.010910,4.414
613881,520,459,979,219,49,113,3.90,0.8572,0.5318,0.184515,14,7,19,310.58,0.4232,0.0562,0.002923,4.431
613891,520,328,848,251,5,255,327.49,1.0000,0.6472,0.278408,66,23,90,310.74,0.7473,0.2062,0.025093,4.373
613892,520,478,998,186,54,183,328.93,0.8135,0.5096,0.164978,0,3,2,174.96,1.0000,0.0237,0.000695,4.241
613902,520,339,859,236,113,63,41.52,0.8521,0.6353,0.300047,17,54,30,152.40,0.8226,0.1970,0.028511,4.459
613923,520,433,953,211,58,164,343.00,0.8180,0.5462,0.195575,37,5,39,325.50,0.7602,0.0958,0.006484,4.348
613936,520,402,922,170,99,226,307.64,0.7746,0.5752,0.229613,37,28,30,3.34,0.1518,0.1348,0.013176,4.426
613941,520,428,948,229,3,188,338.94,0.9964,0.5645,0.203566,37,12,24,352.01,0.5268,0.0985,0.007223,4.431
613944,520,355,875,224,71,234,325.31,0.9229,0.6216,0.262964,37,28,91,283.49,0.7431,0.1779,0.019791,4.484
613945,520,400,920,237,33,164,348.33,0.9485,0.5764,0.217755,52,16,51,328.71,0.6531,0.1441,0.013398,4.223
613953,520,386,906,251,43,105,11.11,0.9696,0.5883,0.232605,30,39,15,126.17,0.5698,0.1537,0.017615,4.180
613958,520,461,981,182,10,252,310.97,0.9937,0.5319,0.171915,1,5,35,265.35,0.9362,0.0508,0.002363,4.238
613961,520,441,961,162,84,224,306.84,0.8037,0.5398,0.194044,30,13,14,16.55,0.3927,0.0860,0.005956,4.361
613972,520,443,963,203,44,199,329.27,0.8974,0.5405,0.186232,37,3,2,28.71,0.9098,0.0769,0.004629,4.324
613976,520,378,898,254,40,117,7.35,0.9913,0.5958,0.238764,14,9,115,269.03,0.9871,0.1629,0.015264,4.425
613978,520,435,955,230,34,130,358.38,0.9275,0.5490,0.195816,20,10,48,289.76,0.7351,0.0878,0.005792,4.406
613980,520,453,973,224,40,103,7.65,0.9055,0.5317,0.183469,29,2,19,344.55,0.7737,0.0661,0.003517,4.363
613986,520,385,905,229,46,201,335.58,0.9330,0.5887,0.228316,50,26,26,20.13,0.3848,0.1473,0.014916,4.287
613987,520,413,933,236,64,81,20.35,0.8933,0.5706,0.220968,19,30,32,209.99,0.2353,0.1226,0.011713,4.391
613993,520,401,921,253,37,21,29.78,0.9927,0.5766,0.222637,5,38,40,200.85,0.7919,0.1430,0.015716,4.149
614013,520,275,795,252,112,199,344.69,0.9623,0.6972,0.364102,23,58,104,256.39,0.7122,0.2516,0.042075,4.497
614017,520,456,976,218,36,149,349.11,0.8987,0.5347,0.183396,23,1,21,331.52,0.8173,0.0556,0.002580,4.439
614022,520,446,966,235,38,40,27.19,0.9667,0.5410,0.192048,39,2,4,22.55,0.9170,0.0795,0.004836,4.414
614056,520,382,902,198,82,246,314.31,0.9363,0.6028,0.246954,33,37,32,139.43,0.1134,0.1552,0.017507,4.399
614073,520,455,975,235,15,34,26.44,0.9912,0.5299,0.181225,19,7,10,2.86,0.3704,0.0584,0.003123,4.353
614081,520,364,884,223,54,247,322.26,0.9674,0.6141,0.250438,58,33,20,47.74,0.4843,0.1742,0.020379,4.269
614094,520,456,976,185,40,226,317.00,0.9342,0.5274,0.173241,19,9,16,338.30,0.3270,0.0645,0.003712,4.156
614100,520,454,974,208,82,17,42.08,0.9496,0.5331,0.194871,9,17,3,130.96,0.7229,0.0695,0.004655,4.480
614115,520,456,976,203,39,195,330.44,0.9066,0.5345,0.180895,23,3,27,321.21,0.7452,0.0632,0.003264,4.335
614119,520,458,978,145,83,238,297.59,0.8693,0.5282,0.183795,28,4,2,31.68,0.8157,0.0628,0.003381,4.380
614123,520,478,998,218,39,44,26.09,0.9490,0.5067,0.165410,5,0,8,317.19,1.0000,0.0230,0.000498,4.266
614130,520,480,1000,175,61,198,320.42,0.8086,0.5092,0.165298,0,0,0,0.00,0.0000,0.0000,0.000000,4.306
614135,520,397,917,232,85,1,41.15,0.9984,0.5808,0.236579,9,31,63,258.08,0.7386,0.1389,0.013969,4.480
614149,520,429,949,224,40,142,353.17,0.8968,0.5456,0.193205,45,1,31,344.02,0.8858,0.0994,0.006786,4.283
614154,520,410,930,248,37,88,15.61,0.9617,0.5747,0.219877,48,4,63,315.36,0.8716,0.1317,0.010742,4.443
614158,520,389,909,201,76,230,319.49,0.8753,0.5887,0.233010,15,42,18,145.99,0.8190,0.1530,0.018011,4.161
614162,520,471,991,229,23,69,18.42,0.9728,0.5246,0.177035,14,2,1,32.95,0.7463,0.0373,0.001390,4.418
614172,520,401,921,251,42,36,28.47,0.9845,0.5764,0.222962,45,6,72,305.98,0.8754,0.1375,0.011561,4.434
614188,520,365,885,218,69,228,325.24,0.9082,0.6061,0.247651,66,8,59,333.74,0.7957,0.1655,0.016479,4.477
614190,520,384,904,216,6,253,319.80,0.9975,0.5866,0.218229,20,25,87,272.28,0.8553,0.1538,0.015320,4.106
614196,520,476,996,143,93,195,304.60,0.6435,0.5098,0.176088,0,1,4,253.83,0.9999,0.0166,0.000305,4.494
614235,520,468,988,204,22,184,333.92,0.9475,0.5204,0.168738,9,5,6,359.83,0.1938,0.0416,0.001798,4.223
614241,520,417,937,174,102,199,316.85,0.6444,0.5681,0.226257,10,33,22,160.58,0.6513,0.1223,0.012101,4.448
614245,520,415,935,216,43,212,329.23,0.9343,0.5708,0.210822,3,29,53,249.28,0.8209,0.1229,0.011551,4.238
614248,520,446,966,180,31,252,309.99,0.9855,0.5363,0.177125,12,2,56,279.50,0.9683,0.0750,0.004071,4.201
614276,520,113,633,255,197,240,335.79,1.0000,0.8693,0.674853,21,107,93,178.77,0.8905,0.3934,0.114646,4.402
614289,520,453,973,232,19,53,22.71,0.9843,0.5269,0.178817,26,2,27,326.53,0.7907,0.0656,0.003422,4.283
614321,520,367,887,248,57,145,358.22,0.9354,0.6052,0.249304,51,5,98,297.82,0.9456,0.1727,0.016942,4.471
614344,520,432,952,222,73,13,37.88,0.9771,0.5465,0.203264,28,23,4,95.52,0.6963,0.1038,0.008685,4.316
614363,520,402,922,254,21,70,20.06,0.9948,0.5766,0.220532,36,23,52,303.08,0.5031,0.1337,0.012358,4.338
614366,520,437,957,226,13,162,346.08,0.9779,0.5468,0.190679,37,5,37,327.94,0.7515,0.0945,0.006355,4.271
614369,520,453,973,166,49,255,304.46,1.0000,0.5307,0.175242,3,12,41,264.33,0.8486,0.0718,0.004424,4.139
614390,520,456,976,210,0,188,334.29,1.0000,0.5282,0.173346,2,11,26,254.50,0.7119,0.0581,0.003268,4.193
614391,520,453,973,204,79,60,31.07,0.7941,0.5254,0.187577,7,17,10,153.83,0.4336,0.0698,0.004680,4.345
614393,520,335,855,253,5,242,330.77,0.9988,0.6419,0.274051,74,16,80,323.83,0.7766,0.2031,0.024058,4.376
614397,520,456,976,201,48,179,334.78,0.8499,0.5277,0.177879,1,1,56,265.73,0.9957,0.0646,0.003137,4.289
614405,520,443,963,230,48,22,31.26,0.9734,0.5366,0.189978,9,19,24,230.67,0.3319,0.0816,0.005898,4.293
614410,520,332,852,253,47,210,338.74,0.9884,0.6372,0.275721,58,17,106,298.11,0.8580,0.2023,0.023411,4.437
614418,520,423,943,231,49,136,357.45,0.8860,0.5631,0.209660,5,30,7,145.06,0.9398,0.1065,0.009761,4.345
614465,520,268,788,243,119,221,334.51,0.9156,0.7042,0.374712,61,59,64,303.99,0.0636,0.2593,0.044902,4.475
614474,520,288,808,227,122,216,331.17,0.8010,0.6837,0.352097,37,60,69,224.60,0.3332,0.2427,0.040546,4.441
614476,520,359,879,217,99,187,338.26,0.7286,0.6186,0.272652,23,48,34,157.89,0.5259,0.1815,0.024115,4.353
614483,520,315,835,229,105,219,330.65,0.8514,0.6619,0.318777,31,54,59,212.96,0.3502,0.2156,0.032453,4.473
614484,520,362,882,227,81,193,338.20,0.8334,0.6134,0.260683,66,31,5,52.98,0.8110,0.1810,0.021493,4.346
614485,520,450,970,219,69,55,29.14,0.8764,0.5392,0.195947,3,18,14,175.53,0.6780,0.0708,0.004837,4.485
614489,520,454,974,182,71,199,322.13,0.7834,0.5327,0.185763,7,17,9,150.31,0.4613,0.0696,0.004658,4.313
614492,520,475,995,183,61,192,324.97,0.8033,0.5178,0.172118,1,1,19,271.44,0.9479,0.0277,0.000752,4.377
614504,520,354,874,250,8,208,338.30,0.9962,0.6162,0.250550,67,16,66,328.70,0.7348,0.1804,0.019574,4.320
614517,520,447,967,168,70,243,306.13,0.9197,0.5441,0.191769,36,2,29,337.30,0.8086,0.0831,0.005073,4.390
614518,520,330,850,244,111,35,45.36,0.9472,0.6427,0.307263,34,56,3,130.34,0.9689,0.2096,0.031749,4.370
614529,520,449,969,234,36,69,19.93,0.9554,0.5416,0.191870,12,13,16,270.98,0.1011,0.0657,0.004034,4.476
614538,520,449,969,217,12,184,337.23,0.9800,0.5414,0.184777,16,16,4,108.81,0.5424,0.0730,0.004895,4.277
614543,520,474,994,219,25,125,357.47,0.9353,0.5206,0.172386,10,0,8,333.70,1.0000,0.0295,0.000821,4.376
614544,520,381,901,195,98,214,320.84,0.7539,0.5993,0.251937,48,34,15,73.36,0.5148,0.1607,0.018070,4.436
614545,520,432,952,240,13,112,5.48,0.9851,0.5549,0.199862,39,15,18,13.38,0.4778,0.1048,0.008167,4.296
614553,520,438,958,194,63,205,324.58,0.8390,0.5464,0.194336,5,13,61,267.63,0.9239,0.0941,0.006570,4.319
614568,520,456,976,212,13,177,338.05,0.9730,0.5281,0.174614,6,14,14,195.88,0.2987,0.0626,0.003845,4.172
614573,520,408,928,224,33,197,335.37,0.9505,0.5698,0.209687,32,2,86,287.56,0.9785,0.1309,0.010224,4.312
614578,520,438,958,193,71,202,324.94,0.8055,0.5518,0.201096,6,24,10,149.61,0.7641,0.0890,0.007139,4.394
614585,520,360,880,233,103,87,29.21,0.8249,0.6175,0.277149,21,50,21,143.75,0.8121,0.1835,0.024947,4.365
614587,520,463,983,167,76,221,310.27,0.8162,0.5329,0.186056,11,9,0,102.59,1.0000,0.0509,0.002665,4.482
614605,520,403,923,248,41,114,7.55,0.9481,0.5836,0.227607,48,24,3,59.45,0.8057,0.1348,0.012883,4.415
614607,520,425,945,234,58,86,17.44,0.8960,0.5619,0.211934,45,15,8,34.65,0.6677,0.1127,0.009172,4.427
614613,520,349,869,245,62,208,337.69,0.9429,0.6328,0.274147,40,32,97,282.92,0.7275,0.1945,0.023472,4.412
614614,520,459,979,235,5,70,17.86,0.9955,0.5323,0.182161,4,4,40,272.51,0.9273,0.0558,0.002658,4.409
614615,520,392,912,229,77,131,2.41,0.7944,0.5855,0.236071,69,6,6,27.12,0.9386,0.1494,0.014088,4.464
614617,520,461,981,216,53,112,4.24,0.8353,0.5292,0.183174,2,8,25,260.94,0.7313,0.0510,0.002567,4.436
614626,520,427,947,225,7,184,339.16,0.9903,0.5554,0.196228,43,8,3,33.53,0.8508,0.0969,0.006939,4.324
614653,520,384,904,249,64,71,24.05,0.9638,0.5941,0.242649,7,34,73,258.19,0.8275,0.1544,0.016702,4.387
614659,520,464,984,184,47,211,320.27,0.8898,0.5194,0.169278,17,5,12,343.60,0.4546,0.0523,0.002543,4.173
614664,520,392,912,244,14,169,347.90,0.9870,0.5855,0.224150,61,4,55,333.19,0.8373,0.1491,0.013549,4.314
614673,520,464,984,153,89,201,308.35,0.6899,0.5194,0.181346,0,10,12,206.13,1.0000,0.0472,0.002436,4.412
614675,520,390,910,180,88,254,306.26,0.9886,0.5919,0.238392,13,31,76,264.54,0.7944,0.1520,0.015873,4.378
614693,520,447,967,237,18,38,25.98,0.9890,0.5355,0.185803,19,7,51,288.39,0.8193,0.0846,0.005294,4.265
614700,520,419,939,228,51,142,354.77,0.8724,0.5614,0.208173,27,24,25,355.27,0.0598,0.1108,0.009565,4.334
614719,520,454,974,199,76,125,358.56,0.6906,0.5291,0.187935,30,4,0,39.10,1.0000,0.0656,0.003629,4.437
614746,520,390,910,244,17,182,344.12,0.9856,0.5926,0.230145,27,18,90,278.97,0.8801,0.1502,0.014038,4.375
614760,520,300,820,231,110,215,332.67,0.8435,0.6701,0.330492,38,57,67,231.78,0.2926,0.2336,0.037435,4.352
614779,520,383,903,246,72,69,26.04,0.9466,0.5962,0.246606,1,37,60,242.01,0.9394,0.1501,0.016557,4.456
614799,520,415,935,243,34,104,9.64,0.9553,0.5667,0.212016,49,14,30,354.51,0.6051,0.1247,0.010609,4.323
614809,520,425,945,187,47,254,311.07,0.9942,0.5585,0.197547,37,18,35,330.80,0.4404,0.1145,0.009473,4.162
614815,520,328,848,247,102,122,14.62,0.8841,0.6475,0.306851,43,54,6,122.03,0.8909,0.2113,0.031651,4.370
614828,520,269,789,243,124,193,346.04,0.8418,0.6994,0.373227,5,74,13,144.01,0.9923,0.2596,0.049587,4.250
614831,520,463,983,205,59,148,347.52,0.7880,0.5287,0.182472,1,10,18,237.19,0.7535,0.0507,0.002672,4.414
614834,520,301,821,243,95,219,334.58,0.9281,0.6699,0.323562,70,48,6,78.41,0.8563,0.2274,0.034293,4.432
614835,520,424,944,203,51,221,323.20,0.9146,0.5609,0.202863,28,18,50,295.19,0.5825,0.1124,0.009098,4.279
614838,520,443,963,201,88,71,30.59,0.7186,0.5359,0.198538,9,20,4,135.24,0.7566,0.0779,0.005671,4.464
614840,520,431,951,205,8,224,323.55,0.9923,0.5459,0.185364,27,22,13,81.93,0.2909,0.1020,0.008359,4.033
614843,520,439,959,226,9,168,344.16,0.9855,0.5490,0.191939,25,1,55,296.76,0.9649,0.0856,0.005042,4.396
614899,520,410,930,216,53,200,332.55,0.8937,0.5706,0.213174,18,10,88,274.38,0.9562,0.1297,0.010502,4.350
614901,520,399,919,180,88,238,309.75,0.8691,0.5799,0.228566,41,25,53,309.24,0.4802,0.1450,0.014237,4.337
614908,520,406,926,213,35,233,323.25,0.9663,0.5756,0.212333,22,28,52,271.73,0.4568,0.1308,0.012490,4.198
614920,520,467,987,210,16,164,341.61,0.9587,0.5177,0.167548,6,8,0,118.13,1.0000,0.0440,0.002124,4.174
614948,520,242,762,245,122,255,324.52,1.0000,0.7295,0.405537,66,70,9,113.49,0.8854,0.2836,0.055583,4.314
614955,520,230,750,243,157,121,43.38,0.7694,0.7376,0.445514,9,79,76,190.27,0.9121,0.2940,0.061716,4.435
614958,520,439,959,231,51,63,23.37,0.9272,0.5454,0.197184,11,16,52,272.12,0.7539,0.0948,0.006896,4.344
614961,520,442,962,193,63,200,325.74,0.8264,0.5415,0.190641,2,8,57,266.05,0.9597,0.0793,0.004819,4.390
614965,520,454,974,229,12,94,9.81,0.9831,0.5266,0.177321,23,6,24,325.36,0.5910,0.0674,0.003784,4.227
615020,520,447,967,204,57,172,338.16,0.8153,0.5370,0.187441,0,6,65,264.11,0.9825,0.0839,0.005119,4.308
615032,520,455,975,198,66,168,338.10,0.7673,0.5341,0.187311,9,9,20,283.08,0.3610,0.0564,0.003040,4.474
615037,520,330,850,254,89,110,16.72,0.9863,0.6391,0.293448,6,56,55,192.83,0.8820,0.2087,0.031428,4.218
615046,520,430,950,244,5,40,25.34,0.9975,0.5475,0.194983,2,14,69,264.83,0.9536,0.1029,0.007566,4.256
615054,520,472,992,233,2,6,28.90,0.9990,0.5210,0.173834,6,2,14,301.61,0.6561,0.0337,0.001138,4.377
615063,520,432,952,222,73,68,26.15,0.8515,0.5518,0.207146,8,24,38,246.85,0.5511,0.1017,0.008448,4.400
615079,520,430,950,209,13,212,327.56,0.9846,0.5453,0.185986,48,2,5,22.86,0.9438,0.0982,0.006829,4.153
615098,520,246,766,235,131,250,322.42,0.9651,0.7271,0.407987,12,77,55,164.79,0.9255,0.2801,0.056615,4.296
615109,520,444,964,231,54,28,31.43,0.9627,0.5442,0.197141,21,14,24,315.55,0.2953,0.0802,0.005395,4.461
615114,520,359,879,247,1,221,334.38,0.9996,0.6172,0.250194,25,46,40,173.99,0.3830,0.1786,0.023138,4.104
615119,520,476,996,208,67,23,36.24,0.9437,0.5125,0.174883,3,2,3,326.14,0.1845,0.0248,0.000694,4.436
615130,520,479,999,196,77,60,30.59,0.7704,0.5079,0.173716,0,0,6,264.05,1.0000,0.0126,0.000131,4.463
615136,520,402,922,233,61,141,357.08,0.8576,0.5791,0.225870,59,10,17,17.27,0.7807,0.1343,0.011875,4.458
615143,520,477,997,159,77,206,311.00,0.7607,0.5121,0.171356,2,2,1,107.87,0.2671,0.0224,0.000585,4.376
615147,520,420,940,247,10,46,24.53,0.9952,0.5556,0.201921,31,9,60,297.68,0.8050,0.1099,0.008129,4.334
615189,520,479,999,166,39,246,306.75,0.9580,0.5149,0.162126,0,0,7,264.05,1.0000,0.0135,0.000153,4.230
615191,520,398,918,248,48,83,18.23,0.9572,0.5807,0.226984,57,11,46,338.97,0.7234,0.1434,0.013066,4.392
615199,520,353,873,206,95,227,321.01,0.8372,0.6186,0.268537,69,29,21,32.75,0.6034,0.1848,0.021983,4.425
615200,520,435,955,239,24,81,15.86,0.9747,0.5484,0.196013,32,16,10,41.24,0.4278,0.0939,0.006996,4.316
615204,520,383,903,209,79,229,322.08,0.8776,0.6036,0.248061,14,41,5,138.70,0.9558,0.1470,0.016901,4.455
615205,520,374,894,234,18,229,329.50,0.9904,0.6024,0.235848,68,10,39,355.10,0.7680,0.1605,0.015927,4.336
615210,520,431,951,215,9,204,331.18,0.9889,0.5497,0.190043,37,3,54,311.21,0.8778,0.1046,0.007248,4.193
615229,520,374,894,238,28,206,336.24,0.9759,0.5983,0.234667,8,13,109,267.10,0.9820,0.1559,0.014435,4.418
615236,520,434,954,242,22,64,20.79,0.9830,0.5508,0.198246,0,30,6,147.94,1.0000,0.1035,0.009417,4.178
615240,520,410,930,235,49,142,356.10,0.8974,0.5731,0.218147,42,5,75,301.54,0.9054,0.1349,0.011088,4.390
615248,520,363,883,248,65,146,358.60,0.9293,0.6125,0.258156,13,48,7,140.88,0.9636,0.1706,0.022147,4.271
615259,520,437,957,195,3,249,315.25,0.9982,0.5483,0.185082,25,14,39,302.26,0.5433,0.0933,0.006672,4.148
615269,520,23,543,230,253,249,184.28,0.7935,0.9723,0.939124,9,134,6,142.43,0.9970,0.4649,0.171207,4.471
615270,520,475,995,158,69,226,306.45,0.8489,0.5153,0.170169,2,1,25,274.45,0.9559,0.0335,0.001048,4.313
615290,520,220,740,254,147,188,356.26,0.9642,0.7525,0.455717,14,80,72,182.77,0.8764,0.2967,0.062983,4.476
615297,520,453,973,169,87,195,317.42,0.6920,0.5337,0.191924,26,11,8,32.61,0.4220,0.0748,0.004765,4.417
615298,520,443,963,166,70,244,305.25,0.9247,0.5422,0.190196,21,4,54,290.87,0.8905,0.0848,0.005126,4.357
615324,520,407,927,226,21,203,334.17,0.9770,0.5722,0.210194,59,3,24,4.51,0.8695,0.1280,0.010610,4.293
615338,520,420,940,191,38,253,312.72,0.9898,0.5578,0.195557,15,7,75,275.29,0.9542,0.1075,0.007615,4.262
615345,520,442,962,238,21,60,21.47,0.9831,0.5413,0.190430,31,12,3,49.42,0.6861,0.0828,0.005609,4.324
615355,520,426,946,253,0,6,28.90,1.0000,0.5639,0.208996,3,21,58,261.17,0.8980,0.1065,0.008611,4.419
615374,520,452,972,215,60,95,12.24,0.8224,0.5292,0.185074,4,15,18,215.13,0.4814,0.0651,0.004111,4.344
615376,520,475,995,224,44,29,29.79,0.9592,0.5215,0.177402,0,4,7,227.14,1.0000,0.0294,0.001022,4.457
615382,520,382,902,222,100,107,18.80,0.7123,0.5987,0.257078,14,43,29,160.06,0.6881,0.1587,0.019098,4.444
615386,520,350,870,219,107,182,341.63,0.6993,0.6316,0.289548,43,47,2,114.83,0.9441,0.1893,0.025510,4.497
615392,520,375,895,235,81,127,5.89,0.8188,0.5998,0.250822,8,46,3,141.00,0.9854,0.1612,0.020121,4.290
615397,520,444,964,154,100,194,309.12,0.6114,0.5357,0.198799,30,12,0,60.64,1.0000,0.0805,0.005390,4.492
615404,520,397,917,210,58,218,325.83,0.9019,0.5762,0.217915,30,30,41,284.72,0.2059,0.1368,0.013647,4.209
615411,520,470,990,214,31,143,350.07,0.9061,0.5213,0.172617,12,3,3,21.03,0.4760,0.0383,0.001499,4.323
615413,520,419,939,234,24,138,355.95,0.9595,0.5554,0.199837,4,25,54,256.57,0.8120,0.1135,0.009874,4.173
615434,520,370,890,228,40,247,323.74,0.9764,0.6134,0.247292,62,31,0,60.78,1.0000,0.1734,0.020043,4.244
615435,520,393,913,239,50,165,349.11,0.9134,0.5911,0.233515,23,32,48,261.57,0.3457,0.1397,0.014285,4.410
615452,520,480,1000,221,39,56,23.12,0.9430,0.5145,0.171114,0,0,0,0.00,0.0000,0.0000,0.000000,4.422
615456,520,430,950,242,26,51,24.12,0.9816,0.5506,0.198585,8,20,54,265.74,0.7695,0.1035,0.008182,4.273
615461,520,392,912,189,89,240,312.30,0.8860,0.5950,0.242558,20,25,86,272.36,0.8497,0.1527,0.015158,4.490
615470,520,344,864,238,39,242,327.30,0.9794,0.6262,0.260416,67,26,49,347.68,0.5550,0.1851,0.021540,4.339
615486,520,273,793,255,132,43,51.04,1.0000,0.6970,0.379401,35,59,109,263.24,0.6222,0.2644,0.045892,4.478
615493,520,259,779,255,113,207,342.59,1.0000,0.7068,0.375782,54,44,140,280.61,0.7960,0.2738,0.044789,4.492
615509,520,390,910,248,35,152,354.54,0.9573,0.5934,0.234289,60,5,53,334.17,0.8156,0.1469,0.013264,4.494
615520,520,381,901,221,102,93,26.42,0.7286,0.5970,0.256675,18,43,29,157.42,0.5878,0.1608,0.019450,4.416
615534,520,473,993,228,5,93,9.78,0.9926,0.5226,0.173958,1,3,14,264.87,0.7458,0.0308,0.001033,4.389
615540,520,399,919,247,51,88,16.97,0.9483,0.5820,0.228498,6,39,30,171.25,0.8283,0.1425,0.015834,4.230
615572,520,352,872,245,0,229,332.02,1.0000,0.6184,0.250726,63,1,98,307.20,0.9851,0.1876,0.019604,4.321
615581,520,480,1000,174,27,236,311.76,0.9677,0.5110,0.158396,0,0,0,0.00,0.0000,0.0000,0.000000,4.168
615587,520,464,984,211,53,105,6.24,0.8253,0.5173,0.174173,9,11,1,116.40,0.7883,0.0540,0.002996,4.230
615591,520,347,867,253,10,229,333.77,0.9969,0.6345,0.267601,43,42,58,287.33,0.2324,0.1912,0.024750,4.249
615624,520,6,526,251,254,229,112.55,0.9765,0.9862,0.970501,1,134,86,159.50,0.9984,0.4749,0.177277,4.490
615626,520,413,933,237,55,116,6.54,0.8900,0.5728,0.220009,19,29,28,188.51,0.2134,0.1181,0.011010,4.426
615632,520,420,940,249,26,1,30.27,0.9993,0.5622,0.208844,29,12,57,295.85,0.7481,0.1089,0.008196,4.448
615635,520,465,985,183,84,138,348.48,0.6040,0.5194,0.182443,4,7,15,262.90,0.3847,0.0451,0.002123,4.460
615638,520,407,927,189,68,237,314.42,0.9028,0.5668,0.210686,55,12,1,38.01,0.9529,0.1257,0.010775,4.289
615643,520,403,923,224,17,215,330.56,0.9853,0.5750,0.211569,32,17,68,291.27,0.7431,0.1305,0.011253,4.270
615665,520,472,992,221,2,123,357.91,0.9954,0.5171,0.168483,9,2,8,331.28,0.5508,0.0343,0.001190,4.268
615671,520,446,966,230,47,6,32.49,0.9932,0.5351,0.188722,18,16,7,97.53,0.3497,0.0757,0.005145,4.329
615726,520,390,910,213,67,214,327.65,0.8779,0.5871,0.230174,25,5,103,276.67,0.9815,0.1494,0.012944,4.451
615730,520,446,966,234,3,103,7.26,0.9960,0.5376,0.185399,17,19,3,114.91,0.6920,0.0813,0.005915,4.210
615735,520,412,932,231,57,123,3.12,0.8638,0.5652,0.213481,47,10,40,336.09,0.6899,0.1205,0.009747,4.410
615738,520,474,994,163,56,238,306.56,0.9144,0.5176,0.167886,13,1,4,0.12,0.7237,0.0344,0.001161,4.259
615746,520,463,983,209,0,187,334.32,1.0000,0.5257,0.171453,5,5,27,277.61,0.7237,0.0483,0.002199,4.242
615752,520,412,932,235,68,13,35.63,0.9847,0.5656,0.218285,54,7,13,18.55,0.8167,0.1194,0.009654,4.497
615766,520,354,874,232,26,251,323.96,0.9895,0.6168,0.248620,53,34,55,323.38,0.3657,0.1821,0.021768,4.161
615768,520,419,939,179,64,251,308.43,0.9722,0.5593,0.202164,37,21,18,31.07,0.3271,0.1141,0.009734,4.221
615772,520,466,986,222,11,132,355.15,0.9764,0.5248,0.174375,12,8,0,94.15,1.0000,0.0496,0.002518,4.272
615786,520,405,925,199,55,255,313.97,1.0000,0.5835,0.220958,37,20,49,309.62,0.5332,0.1268,0.011154,4.431
615812,520,441,961,157,93,220,304.61,0.7579,0.5447,0.201645,2,24,13,160.10,0.9141,0.0872,0.006952,4.419
615818,520,368,888,255,42,138,0.75,1.0000,0.6056,0.247545,59,21,66,321.15,0.6653,0.1734,0.018596,4.338
615819,520,433,953,218,12,202,332.47,0.9856,0.5544,0.194349,34,17,18,16.11,0.3509,0.1010,0.007847,4.224
615823,520,467,987,231,4,35,25.72,0.9975,0.5187,0.172002,8,2,17,304.19,0.7052,0.0375,0.001355,4.323
615833,520,470,990,191,50,193,327.44,0.8518,0.5209,0.172093,4,6,18,271.64,0.5037,0.0442,0.001997,4.271
615854,520,418,938,187,51,251,311.53,0.9774,0.5590,0.198986,43,22,0,66.02,1.0000,0.1218,0.010875,4.090
615859,520,446,966,173,67,233,310.23,0.8816,0.5394,0.187826,7,10,46,272.29,0.8372,0.0753,0.004595,4.356
615873,520,333,853,251,62,196,342.57,0.9705,0.6370,0.279432,36,42,82,274.80,0.5249,0.2002,0.026401,4.312
615879,520,384,904,241,5,199,338.68,0.9965,0.5937,0.229358,55,19,40,346.68,0.5742,0.1479,0.014313,4.344
615885,520,449,969,214,15,187,335.63,0.9740,0.5384,0.182279,1,6,54,265.26,0.9703,0.0717,0.004030,4.299
615908,520,420,940,245,10,72,18.38,0.9932,0.5550,0.201009,47,0,38,337.50,1.0000,0.1059,0.007444,4.370
615926,520,421,941,197,65,215,322.65,0.8603,0.5600,0.205587,45,7,31,345.79,0.7150,0.1081,0.008089,4.400
615929,520,457,977,178,93,137,349.14,0.5313,0.5264,0.191010,22,9,3,52.28,0.5725,0.0642,0.003725,4.486
615936,520,410,930,236,44,150,353.19,0.9151,0.5747,0.218392,39,8,73,299.05,0.8622,0.1321,0.010861,4.410
615983,520,407,927,157,103,226,301.63,0.7566,0.5662,0.223599,57,12,22,11.23,0.7132,0.1341,0.011909,4.419
616001,520,474,994,147,80,226,301.10,0.8205,0.5162,0.174317,0,4,6,218.80,1.0000,0.0290,0.001000,4.398
616008,520,321,841,235,90,215,333.54,0.8872,0.6489,0.298832,44,35,105,283.12,0.7309,0.2121,0.027574,4.497
616016,520,362,882,237,84,136,3.01,0.8230,0.6100,0.261256,28,46,42,178.94,0.3060,0.1815,0.023680,4.224
616039,520,123,643,225,209,220,336.88,0.2507,0.8567,0.667762,21,109,25,143.36,0.9822,0.3844,0.111664,4.440
616051,520,439,959,224,52,132,357.76,0.8567,0.5507,0.199718,5,13,55,267.67,0.8992,0.0879,0.005959,4.463
616061,520,338,858,235,84,203,337.18,0.8735,0.6353,0.283171,72,28,48,353.86,0.5542,0.1970,0.024218,4.489
616062,520,427,947,227,34,171,343.86,0.9337,0.5614,0.204179,36,9,34,330.54,0.6395,0.0971,0.006860,4.470
616068,520,468,988,220,49,80,16.75,0.8905,0.5247,0.179941,10,3,16,310.45,0.6004,0.0416,0.001671,4.450
616070,520,437,957,189,78,197,324.96,0.7628,0.5513,0.203001,41,5,23,353.44,0.7349,0.0941,0.006419,4.484
616087,520,393,913,220,6,255,320.36,1.0000,0.5948,0.225679,26,24,75,279.09,0.7309,0.1442,0.013808,4.320
616106,520,381,901,234,63,179,343.95,0.8801,0.5993,0.243048,47,22,64,309.39,0.6294,0.1552,0.015484,4.475
616108,520,419,939,197,62,219,321.67,0.8772,0.5597,0.204315,7,27,35,226.84,0.5858,0.1079,0.009503,4.274
616114,520,400,920,217,4,238,323.36,0.9977,0.5763,0.210136,37,1,92,289.64,0.9897,0.1432,0.011877,4.204
616116,520,353,873,242,9,237,329.48,0.9969,0.6199,0.251898,76,12,30,9.69,0.7947,0.1759,0.018934,4.380
616122,520,412,932,252,5,66,20.32,0.9974,0.5679,0.212011,12,6,87,271.18,0.9806,0.1196,0.008965,4.444
616127,520,408,928,204,16,249,317.52,0.9909,0.5657,0.200491,40,20,45,319.38,0.5017,0.1284,0.011409,4.079
616145,520,480,1000,182,76,137,347.40,0.6445,0.5050,0.169215,0,0,0,0.00,0.0000,0.0000,0.000000,4.384
616190,520,460,980,230,35,25,29.21,0.9718,0.5275,0.180983,16,10,18,317.55,0.2824,0.0639,0.003709,4.301
616198,520,247,767,218,157,176,358.71,0.4583,0.7205,0.421553,62,72,2,118.44,0.9760,0.2850,0.056632,4.422
616200,520,422,942,214,58,187,336.00,0.8551,0.5638,0.209122,1,31,3,144.31,0.9923,0.1068,0.009930,4.324
616205,520,465,985,50,109,252,263.82,0.9884,0.5161,0.186426,20,4,12,348.69,0.5649,0.0539,0.002621,4.493
616206,520,258,778,251,128,179,355.42,0.9057,0.7123,0.392050,74,62,8,95.57,0.8762,0.2702,0.049187,4.457
616212,520,454,974,223,29,121,359.96,0.9303,0.5291,0.179499,18,14,12,48.22,0.1252,0.0723,0.004692,4.196
616213,520,319,839,250,78,185,346.54,0.9516,0.6450,0.292787,66,10,122,298.33,0.9333,0.2248,0.027805,4.406
616254,520,398,918,250,7,130,1.13,0.9940,0.5800,0.220912,3,13,96,265.51,0.9797,0.1359,0.011516,4.404
616259,520,326,846,250,45,244,329.58,0.9828,0.6511,0.287354,73,36,23,39.89,0.5648,0.2064,0.027403,4.358
616274,520,480,1000,220,36,45,25.53,0.9556,0.5089,0.166696,0,0,0,0.00,0.0000,0.0000,0.000000,4.334
616289,520,445,965,227,20,135,355.40,0.9604,0.5387,0.185833,16,14,39,283.95,0.5628,0.0840,0.005707,4.233
616298,520,477,997,222,25,28,27.78,0.9794,0.5053,0.163115,0,1,10,262.28,1.0000,0.0204,0.000436,4.225
616344,520,449,969,229,41,108,6.71,0.9112,0.5439,0.193295,28,9,8,24.68,0.5062,0.0741,0.004598,4.456
616345,520,306,826,252,65,251,328.31,0.9900,0.6724,0.314440,105,1,36,11.58,0.9865,0.2339,0.031529,4.470
616359,520,312,832,250,46,251,327.98,0.9884,0.6562,0.292459,32,15,147,273.05,0.9803,0.2241,0.027551,4.416
616365,520,382,902,225,49,224,328.40,0.9460,0.5981,0.235883,65,20,26,15.23,0.6425,0.1626,0.016989,4.268
616381,520,334,854,242,108,79,33.73,0.8828,0.6393,0.301698,14,55,14,143.19,0.9521,0.1960,0.028573,4.476
616383,520,447,967,188,16,248,313.42,0.9890,0.5392,0.178405,10,19,10,144.52,0.4117,0.0773,0.005522,4.114
616386,520,413,933,250,1,106,8.62,0.9992,0.5714,0.213899,6,33,19,157.61,0.8352,0.1194,0.011734,4.275
616401,520,430,950,241,33,52,24.41,0.9730,0.5519,0.200398,23,19,37,293.13,0.3901,0.1003,0.007815,4.331
616406,520,386,906,252,39,126,4.02,0.9746,0.5940,0.236564,27,38,4,125.53,0.8791,0.1462,0.016280,4.324
616411,520,347,867,195,103,255,309.64,1.0000,0.6337,0.285235,35,48,40,157.66,0.2361,0.1925,0.026244,4.397
616420,520,374,894,225,27,246,323.38,0.9859,0.6017,0.234474,26,30,77,275.15,0.6771,0.1589,0.016839,4.256
616425,520,373,893,229,13,246,324.43,0.9950,0.6044,0.236020,24,7,113,274.09,0.9830,0.1643,0.015383,4.375
616428,520,392,912,216,63,215,328.26,0.8942,0.5887,0.230622,11,13,101,268.69,0.9747,0.1463,0.012985,4.455
616430,520,330,850,244,62,221,333.88,0.9478,0.6384,0.279016,35,36,104,276.44,0.7587,0.2050,0.026185,4.319
616433,520,245,765,252,121,237,331.92,0.9841,0.7283,0.404872,20,64,118,255.70,0.7883,0.2780,0.051232,4.493
616448,520,399,919,215,68,193,334.52,0.8379,0.5788,0.224336,22,6,94,276.45,0.9734,0.1360,0.011089,4.491
616451,520,442,962,240,2,79,15.66,0.9982,0.5441,0.191365,3,7,59,267.36,0.9635,0.0806,0.004870,4.399
616456,520,421,941,251,14,18,28.56,0.9948,0.5630,0.208707,38,13,36,330.45,0.5730,0.1076,0.008273,4.440
616463,520,458,978,205,65,144,349.69,0.7635,0.5334,0.187753,5,5,45,272.57,0.9260,0.0635,0.003302,4.460
616488,520,456,976,219,60,44,29.83,0.9127,0.5275,0.184762,8,9,24,278.52,0.4712,0.0577,0.003129,4.419
616492,520,416,936,241,27,134,358.78,0.9617,0.5690,0.212091,9,31,29,187.41,0.5636,0.1181,0.011267,4.278
616499,520,476,996,135,95,201,298.71,0.6614,0.5083,0.175525,2,0,15,284.68,1.0000,0.0229,0.000474,4.468
616502,520,363,883,219,71,231,324.70,0.9113,0.6117,0.253380,38,42,20,117.38,0.4623,0.1716,0.021185,4.262
616525,520,479,999,222,21,65,18.85,0.9728,0.5082,0.164504,1,0,4,296.85,1.0000,0.0133,0.000152,4.277
616532,520,441,961,202,52,193,330.70,0.8610,0.5413,0.188646,36,8,15,7.43,0.6161,0.0871,0.005833,4.274
616533,520,389,909,246,22,166,349.36,0.9781,0.5902,0.229231,34,12,89,286.33,0.8944,0.1479,0.013243,4.415
616537,520,459,979,226,40,61,22.13,0.9433,0.5263,0.180261,4,15,9,161.41,0.5552,0.0620,0.003872,4.274
616566,520,478,998,182,37,214,319.16,0.9229,0.5111,0.161245,5,0,8,317.19,1.0000,0.0230,0.000498,4.183
616567,520,457,977,223,20,136,354.20,0.9556,0.5311,0.179685,16,7,19,317.64,0.4344,0.0583,0.003091,4.326
616573,520,443,963,196,16,233,318.96,0.9854,0.5396,0.179910,7,16,35,263.09,0.5779,0.0789,0.005371,4.152
616580,520,430,950,230,59,35,31.26,0.9469,0.5475,0.200752,15,16,55,276.30,0.7407,0.1003,0.007479,4.362
616586,520,410,930,192,75,227,317.45,0.8582,0.5720,0.217859,25,31,34,229.43,0.1279,0.1313,0.013021,4.250
616616,520,463,983,201,8,206,327.01,0.9877,0.5257,0.170492,20,1,12,344.61,0.7852,0.0470,0.001970,4.243
616617,520,368,888,227,37,242,324.67,0.9763,0.6066,0.240671,75,15,2,34.78,0.9597,0.1717,0.018421,4.248
616621,520,447,967,175,58,245,308.81,0.9428,0.5426,0.187335,13,7,51,280.40,0.8596,0.0792,0.004765,4.334
616639,520,338,858,255,62,180,348.35,1.0000,0.6365,0.280039,33,43,75,269.40,0.4674,0.1951,0.025590,4.366
616660,520,435,955,232,54,56,25.79,0.9295,0.5490,0.200827,8,17,47,267.49,0.7226,0.0908,0.006577,4.433
616670,520,452,972,231,18,62,20.28,0.9830,0.5258,0.177724,18,7,31,302.61,0.6296,0.0673,0.003795,4.233
616672,520,342,862,235,59,237,327.59,0.9544,0.6307,0.269070,28,51,9,133.86,0.9061,0.1895,0.026342,4.179
616674,520,451,971,205,48,193,331.57,0.8785,0.5432,0.189452,16,14,6,96.65,0.3461,0.0687,0.004374,4.404
616677,520,399,919,242,69,5,35.90,0.9950,0.5801,0.231477,0,33,59,246.51,1.0000,0.1373,0.014034,4.396
616680,520,385,905,224,31,229,327.04,0.9748,0.5895,0.224867,54,9,63,320.29,0.7923,0.1474,0.013386,4.336
616702,520,373,893,255,13,159,353.12,1.0000,0.6023,0.240547,53,31,9,62.83,0.6695,0.1598,0.017567,4.300
616719,520,415,935,206,57,218,324.72,0.8989,0.5688,0.211118,33,13,66,295.07,0.7815,0.1236,0.010045,4.349
616724,520,394,914,199,74,233,318.20,0.8870,0.5855,0.229243,0,40,33,177.94,1.0000,0.1443,0.016273,4.214
616726,520,380,900,250,67,88,19.58,0.9614,0.6020,0.250464,2,45,2,142.65,0.9933,0.1552,0.018940,4.358
616736,520,411,931,184,93,202,320.79,0.7107,0.5687,0.222844,30,22,51,294.29,0.5125,0.1237,0.010889,4.481
616738,520,454,974,215,29,153,346.75,0.9186,0.5269,0.176281,8,16,21,236.04,0.3032,0.0719,0.004763,4.132
616747,520,454,974,211,76,11,40.14,0.9729,0.5296,0.190442,2,18,14,176.63,0.7848,0.0700,0.004772,4.390
616778,520,429,949,243,23,59,22.15,0.9834,0.5525,0.199867,0,1,81,264.11,0.9983,0.0976,0.006157,4.449
616783,520,378,898,251,28,152,354.86,0.9720,0.5961,0.236102,55,21,57,325.33,0.6124,0.1608,0.016441,4.306
616789,520,416,936,229,80,51,33.01,0.8940,0.5715,0.226371,3,33,26,174.46,0.8847,0.1202,0.011816,4.471
616798,520,401,921,222,72,152,351.47,0.7922,0.5751,0.224337,7,41,0,139.62,1.0000,0.1431,0.016310,4.137
616802,520,384,904,209,96,161,346.90,0.6627,0.5896,0.244961,44,29,47,320.73,0.3467,0.1542,0.016195,4.456
616845,520,461,981,212,21,173,339.33,0.9508,0.5283,0.175527,2,8,18,251.63,0.6002,0.0470,0.002302,4.312
616862,520,412,932,248,23,107,8.71,0.9776,0.5729,0.216343,49,1,55,323.04,0.9375,0.1231,0.009506,4.476
616865,520,418,938,191,43,246,314.07,0.9578,0.5551,0.194592,55,7,23,5.60,0.7736,0.1242,0.010262,4.059
616875,520,438,958,190,11,254,312.77,0.9955,0.5464,0.183435,26,17,24,334.36,0.2444,0.0925,0.006865,4.105
616880,520,366,886,228,56,233,326.84,0.9478,0.6142,0.252078,64,25,27,18.85,0.5567,0.1696,0.018645,4.401
616893,520,471,991,229,7,47,23.38,0.9947,0.5164,0.170182,5,1,33,280.17,0.9569,0.0436,0.001638,4.264
616903,520,251,771,255,120,209,342.41,1.0000,0.7179,0.392992,9,65,113,250.40,0.8683,0.2737,0.050306,4.416
616921,520,430,950,215,63,137,354.92,0.7947,0.5464,0.198105,21,0,76,281.71,1.0000,0.1041,0.006812,4.367
616922,520,357,877,240,57,211,335.59,0.9390,0.6218,0.261574,78,19,13,29.47,0.8370,0.1846,0.021148,4.379
616932,520,471,991,209,69,20,37.17,0.9517,0.5168,0.178644,11,0,30,297.47,1.0000,0.0444,0.001649,4.427
616933,520,385,905,216,82,170,343.59,0.7569,0.5851,0.235379,25,29,72,275.26,0.6502,0.1514,0.015532,4.355
616939,520,383,903,253,31,160,352.85,0.9837,0.6046,0.244042,37,33,34,0.56,0.0629,0.1492,0.015965,4.458
616943,520,465,985,200,71,101,9.76,0.7240,0.5160,0.177274,18,5,0,56.99,1.0000,0.0495,0.002372,4.340
616952,520,359,879,244,88,104,17.96,0.8902,0.6185,0.272151,48,37,56,310.48,0.3006,0.1831,0.022371,4.451
616955,520,422,942,191,52,247,313.52,0.9584,0.5625,0.202490,42,15,12,28.08,0.5688,0.1082,0.008605,4.308
616958,520,413,933,246,46,35,29.06,0.9672,0.5687,0.216717,7,32,37,212.94,0.6464,0.1238,0.012117,4.294
616959,520,372,892,229,103,88,28.92,0.7941,0.6110,0.270656,22,44,46,203.16,0.3966,0.1730,0.021691,4.473
616986,520,432,952,240,25,44,25.40,0.9830,0.5451,0.194057,35,2,49,313.48,0.8923,0.0957,0.006225,4.341
616989,520,362,882,216,115,94,32.92,0.6588,0.6118,0.276706,38,45,23,123.26,0.4446,0.1812,0.023507,4.445
616995,520,348,868,253,39,203,340.51,0.9878,0.6289,0.266488,9,35,110,264.48,0.9251,0.1947,0.023858,4.285
616997,520,451,971,202,32,212,325.56,0.9461,0.5403,0.183448,5,16,14,182.05,0.4375,0.0669,0.004345,4.296
617001,520,342,862,249,17,229,332.91,0.9938,0.6287,0.262009,39,46,26,124.29,0.3917,0.1859,0.024599,4.182
617003,520,441,961,177,94,161,334.79,0.5698,0.5376,0.199268,31,10,30,329.12,0.5621,0.0888,0.006022,4.450
617029,520,292,812,253,76,248,329.18,0.9928,0.6816,0.328317,61,53,43,73.21,0.1792,0.2353,0.037128,4.342
617039,520,424,944,175,73,250,306.73,0.9601,0.5629,0.207819,11,25,50,261.09,0.6149,0.1141,0.009967,4.299
617040,520,372,892,238,63,180,344.58,0.8917,0.6069,0.250303,28,32,78,275.52,0.6487,0.1660,0.018299,4.397
617045,520,448,968,187,45,238,314.62,0.9409,0.5437,0.186158,22,10,36,302.70,0.6044,0.0806,0.005150,4.282
617058,520,346,866,234,89,176,346.71,0.8186,0.6268,0.277743,2,54,38,166.34,0.9762,0.1941,0.027911,4.207
617061,520,472,992,222,11,113,1.90,0.9777,0.5176,0.169639,0,6,2,156.67,1.0000,0.0333,0.001346,4.278
617073,520,355,875,199,94,240,315.28,0.8890,0.6158,0.264400,67,31,12,46.49,0.6938,0.1836,0.022000,4.367
617078,520,393,913,225,3,236,325.77,0.9984,0.5884,0.221311,2,21,93,264.27,0.9601,0.1441,0.013394,4.280
617092,520,421,941,236,44,106,8.81,0.9200,0.5593,0.206779,51,6,10,20.60,0.8367,0.1113,0.008561,4.385
617100,520,449,969,236,35,43,26.32,0.9702,0.5416,0.192125,0,5,57,264.07,0.9811,0.0726,0.004039,4.481
617102,520,432,952,199,78,170,338.14,0.7252,0.5518,0.204949,22,15,55,285.87,0.7050,0.1045,0.007880,4.405
617121,520,280,800,237,107,249,324.21,0.9690,0.6933,0.353616,46,64,21,128.66,0.7342,0.2471,0.043017,4.339
617122,520,463,983,211,15,175,338.42,0.9669,0.5256,0.172879,7,5,25,284.64,0.6538,0.0487,0.002239,4.267
617155,520,468,988,231,10,10,28.93,0.9949,0.5186,0.172310,11,6,1,79.67,0.6746,0.0442,0.002036,4.272
617158,520,434,954,200,74,176,336.00,0.7537,0.5514,0.203132,4,14,66,266.39,0.9387,0.1007,0.007332,4.415
617166,520,418,938,251,5,61,21.43,0.9974,0.5650,0.209584,40,22,9,55.37,0.5442,0.1187,0.010447,4.294
617173,520,424,944,245,5,88,13.63,0.9959,0.5572,0.202291,50,7,5,28.23,0.8686,0.1096,0.008411,4.319
617195,520,412,932,209,8,252,318.24,0.9962,0.5746,0.207590,43,6,57,314.63,0.8167,0.1207,0.009393,4.337
617216,520,459,979,218,58,79,18.50,0.8604,0.5291,0.184986,26,5,11,2.98,0.5969,0.0643,0.003523,4.390
617228,520,409,929,154,98,248,297.01,0.9112,0.5705,0.223829,37,26,28,6.40,0.1902,0.1291,0.012160,4.405
617229,520,386,906,233,26,204,335.59,0.9745,0.5873,0.224247,58,11,55,330.68,0.7476,0.1509,0.014148,4.275
617253,520,469,989,206,43,154,344.60,0.8499,0.5191,0.171847,0,5,14,246.68,1.0000,0.0354,0.001402,4.316
617259,520,286,806,255,91,223,336.41,1.0000,0.6863,0.340729,61,54,52,36.50,0.0812,0.2410,0.038784,4.401
617260,520,421,941,198,63,221,321.41,0.8803,0.5637,0.207827,11,30,24,170.93,0.5116,0.1142,0.010656,4.251
617262,520,480,1000,169,51,230,310.61,0.9077,0.5147,0.165167,0,0,0,0.00,0.0000,0.0000,0.000000,4.303
617268,520,475,995,229,0,62,19.38,1.0000,0.5169,0.170088,13,0,10,335.10,1.0000,0.0340,0.001075,4.309
617279,520,395,915,249,18,165,350.20,0.9846,0.5944,0.232923,2,33,62,250.34,0.8917,0.1405,0.014483,4.388
617280,520,392,912,243,45,153,353.69,0.9289,0.5900,0.232345,28,18,89,279.98,0.8705,0.1500,0.014007,4.411
617281,520,340,860,210,97,254,315.24,0.9912,0.6446,0.294082,15,54,45,175.00,0.7247,0.2009,0.029292,4.339
617292,520,419,939,190,45,248,313.28,0.9653,0.5566,0.196024,40,18,9,42.59,0.5542,0.1101,0.009035,4.167
617302,520,477,997,197,25,186,331.42,0.9336,0.5102,0.161125,4,0,2,344.76,1.0000,0.0178,0.000302,4.197
617307,520,298,818,253,92,200,343.12,0.9805,0.6728,0.327101,16,51,103,258.62,0.8055,0.2290,0.034569,4.459
617321,520,311,831,227,98,237,324.75,0.9106,0.6595,0.311826,6,63,20,146.79,0.9825,0.2222,0.036441,4.186
617339,520,451,971,231,36,68,19.99,0.9524,0.5352,0.186710,15,14,21,291.30,0.2030,0.0727,0.004698,4.328
617340,520,468,988,190,9,218,320.93,0.9879,0.5158,0.162059,2,1,29,272.74,0.9705,0.0369,0.001233,4.139
617341,520,399,919,253,49,22,30.97,0.9920,0.5844,0.231409,21,33,51,258.28,0.4070,0.1427,0.014861,4.339
617345,520,331,851,245,75,190,343.56,0.9209,0.6356,0.281653,11,56,10,142.73,0.9699,0.1979,0.029213,4.187
617347,520,453,973,229,46,44,27.31,0.9481,0.5347,0.187968,18,12,7,62.99,0.2772,0.0666,0.004069,4.401
617351,520,449,969,212,59,153,347.42,0.8077,0.5437,0.194271,21,10,28,311.02,0.4935,0.0744,0.004604,4.474
617354,520,411,931,243,14,133,359.06,0.9845,0.5683,0.210655,32,23,34,320.14,0.2633,0.1181,0.010354,4.319
617368,520,429,949,221,52,138,354.81,0.8486,0.5473,0.196656,45,7,22,0.13,0.7132,0.1042,0.007679,4.276
617370,520,347,867,219,121,83,41.52,0.6908,0.6256,0.293614,41,49,7,119.80,0.8412,0.1939,0.026834,4.472
617401,520,373,893,186,120,152,349.43,0.4204,0.5950,0.261401,8,47,3,141.06,0.9861,0.1647,0.020911,4.391
617416,520,384,904,198,72,248,314.43,0.9551,0.5927,0.234191,22,41,16,138.59,0.6938,0.1537,0.017938,4.183
617453,520,436,956,196,68,194,328.46,0.8019,0.5481,0.197666,45,0,7,16.73,1.0000,0.0891,0.005733,4.444
617454,520,244,764,221,146,239,319.69,0.8353,0.7295,0.421632,31,76,49,154.87,0.7182,0.2818,0.056817,4.415
617458,520,405,925,189,69,250,311.43,0.9654,0.5780,0.219783,22,25,65,275.87,0.6549,0.1338,0.012474,4.318
617479,520,398,918,177,86,243,307.77,0.8994,0.5768,0.224745,26,14,87,279.86,0.9022,0.1401,0.012218,4.416
617491,520,476,996,225,1,91,9.88,0.9984,0.5148,0.167874,1,1,11,275.11,0.8474,0.0225,0.000523,4.312
617494,520,452,972,181,19,249,311.18,0.9859,0.5301,0.171301,29,8,6,28.50,0.5857,0.0732,0.004481,4.062
617495,520,442,962,229,51,18,32.20,0.9782,0.5369,0.190723,36,5,16,1.47,0.7042,0.0824,0.005211,4.360
617500,520,445,965,223,48,123,0.64,0.8681,0.5421,0.192346,2,2,67,266.34,0.9935,0.0812,0.004615,4.437
617507,520,435,955,195,86,155,344.01,0.6540,0.5494,0.206258,7,23,19,175.69,0.5116,0.0893,0.007050,4.492
617512,520,460,980,172,74,211,314.88,0.7954,0.5299,0.183723,2,15,14,189.58,0.6937,0.0620,0.003862,4.339
617518,520,406,926,238,17,177,344.26,0.9817,0.5786,0.217553,35,13,69,295.68,0.7934,0.1290,0.010749,4.404
617522,520,376,896,247,25,172,347.82,0.9759,0.5960,0.234513,10,38,69,253.54,0.7352,0.1632,0.018803,4.135
617539,520,367,887,249,79,34,34.96,0.9681,0.6062,0.258506,52,34,38,4.46,0.2537,0.1728,0.020141,4.398
617551,520,386,906,241,29,170,347.23,0.9636,0.5851,0.224849,32,33,49,281.25,0.2746,0.1510,0.016165,4.154
617570,520,474,994,218,8,135,353.17,0.9803,0.5172,0.168309,1,1,22,270.44,0.9625,0.0300,0.000861,4.292
617580,520,437,957,243,16,35,26.53,0.9919,0.5475,0.195501,21,21,18,106.93,0.0814,0.0943,0.007394,4.277
617588,520,50,570,248,232,249,324.03,0.7404,0.9401,0.845096,50,124,6,138.00,0.9941,0.4425,0.151061,4.452
617603,520,458,978,222,21,137,353.67,0.9516,0.5299,0.178747,0,4,44,263.88,1.0028,0.0563,0.002687,4.342
617607,520,333,853,186,130,201,319.00,0.5441,0.6370,0.306222,2,57,28,153.81,0.9881,0.2016,0.030229,4.440
617614,520,431,951,111,107,252,279.42,0.9656,0.5478,0.209226,12,16,60,272.52,0.8273,0.1029,0.007750,4.489
617626,520,430,950,247,2,25,27.44,0.9992,0.5522,0.198914,4,9,69,267.38,0.9658,0.0962,0.006508,4.405
617635,520,446,966,231,38,68,20.21,0.9486,0.5365,0.187955,5,18,22,218.71,0.4908,0.0753,0.005228,4.309
617638,520,215,735,255,144,218,341.00,1.0000,0.7603,0.462710,44,81,20,135.53,0.9157,0.3001,0.064707,4.470
617639,520,458,978,219,8,165,343.43,0.9837,0.5337,0.179528,30,3,3,25.20,0.8338,0.0645,0.003478,4.292
617645,520,364,884,227,81,190,339.22,0.8279,0.6119,0.259358,1,48,11,146.51,0.9956,0.1666,0.021444,4.330
617666,520,435,955,232,30,127,359.61,0.9423,0.5498,0.196196,39,9,10,21.16,0.6600,0.0926,0.006487,4.358
617684,520,320,840,231,108,190,342.03,0.7820,0.6550,0.314340,41,54,4,123.71,0.9314,0.2092,0.031185,4.488
617693,520,472,992,199,5,201,327.81,0.9910,0.5179,0.164695,2,3,1,127.44,0.4460,0.0260,0.000802,4.226
617700,520,289,809,235,101,239,326.48,0.9277,0.6765,0.332037,85,41,30,35.08,0.5586,0.2391,0.036112,4.437
617702,520,333,853,226,114,142,5.67,0.6743,0.6383,0.301586,26,51,57,214.93,0.4143,0.2022,0.028826,4.460
617707,520,418,938,212,84,121,5.25,0.7028,0.5615,0.217203,3,21,71,263.50,0.9397,0.1193,0.010106,4.446
617728,520,475,995,191,44,197,326.35,0.8794,0.5186,0.169105,7,0,22,298.02,1.0000,0.0341,0.001031,4.294
617731,520,300,820,245,88,227,332.66,0.9494,0.6690,0.319406,93,23,59,353.00,0.7185,0.2345,0.032561,4.474
617745,520,464,984,193,5,214,322.80,0.9927,0.5169,0.163026,5,10,17,252.73,0.3495,0.0537,0.002898,4.027
617756,520,407,927,254,11,56,22.89,0.9956,0.5719,0.215995,23,31,37,240.81,0.2003,0.1310,0.012957,4.225
617770,520,478,998,218,3,108,2.73,0.9930,0.5057,0.160559,3,0,3,328.36,1.0000,0.0167,0.000259,4.189
617782,520,376,896,232,25,221,330.97,0.9817,0.5957,0.230741,39,34,41,316.35,0.1379,0.1572,0.017355,4.168
617801,520,322,842,247,50,252,327.04,0.9907,0.6542,0.290864,77,28,59,344.26,0.6003,0.2112,0.027243,4.413
617809,520,370,890,248,86,23,38.13,0.9764,0.6124,0.266773,8,44,53,218.13,0.7500,0.1698,0.021099,4.455
617840,520,386,906,212,97,144,356.57,0.6514,0.5891,0.245620,30,33,48,275.40,0.2685,0.1485,0.015771,4.495
617848,520,392,912,252,50,70,22.39,0.9828,0.5879,0.234225,41,24,67,299.02,0.6209,0.1531,0.015299,4.353
617849,520,445,965,191,68,192,327.48,0.7899,0.5387,0.190178,19,17,2,103.18,0.7514,0.0779,0.005437,4.332
617854,520,403,923,248,21,129,1.47,0.9785,0.5790,0.220812,0,33,43,222.01,1.0000,0.1266,0.012621,4.325
617872,520,359,879,237,34,237,328.26,0.9812,0.6187,0.252656,66,22,50,344.22,0.6125,0.1773,0.019625,4.347
617882,520,386,906,216,35,244,321.48,0.9747,0.5888,0.223346,50,10,76,307.46,0.8329,0.1532,0.014171,4.260
617884,520,420,940,233,59,54,27.21,0.9242,0.5554,0.207209,36,16,29,341.67,0.4360,0.1062,0.008344,4.408
617888,520,427,947,209,0,239,321.14,1.0000,0.5627,0.197891,22,25,6,116.77,0.6151,0.1031,0.008790,4.217
617934,520,427,947,207,37,226,323.31,0.9536,0.5616,0.200813,5,14,68,267.18,0.9384,0.1035,0.007636,4.352
617935,520,399,919,204,83,193,331.32,0.7642,0.5789,0.228758,25,12,90,278.72,0.9290,0.1402,0.012078,4.490
617936,520,468,988,192,48,189,328.97,0.8526,0.5182,0.169961,14,3,4,13.11,0.5146,0.0411,0.001673,4.257
617940,520,354,874,244,16,235,330.39,0.9942,0.6235,0.256047,46,22,94,292.27,0.7928,0.1807,0.019628,4.395
617956,520,458,978,163,97,165,325.97,0.5282,0.5251,0.190533,19,9,7,33.38,0.3195,0.0616,0.003492,4.497
617969,520,426,946,246,0,96,11.17,1.0000,0.5602,0.204409,6,1,86,268.08,0.9977,0.1084,0.007322,4.438
617971,520,389,909,248,58,80,20.45,0.9555,0.5882,0.235652,61,20,24,16.93,0.6160,0.1544,0.015585,4.355
617993,520,400,920,207,56,226,322.95,0.9161,0.5751,0.215865,42,26,46,319.44,0.3909,0.1442,0.014283,4.136
618007,520,437,957,242,32,48,25.22,0.9759,0.5530,0.201271,40,8,16,8.24,0.6585,0.0944,0.006623,4.438
618028,520,456,976,183,74,181,328.37,0.7309,0.5268,0.183023,31,2,2,26.37,0.9047,0.0639,0.003392,4.364
618036,520,341,861,223,113,120,17.46,0.6694,0.6254,0.288565,15,54,33,156.40,0.8256,0.1969,0.028496,4.313
618038,520,137,657,255,200,68,85.10,1.0000,0.8369,0.629880,35,104,29,141.98,0.9562,0.3724,0.103463,4.430
618056,520,439,959,204,41,216,324.95,0.9315,0.5518,0.193829,22,22,1,109.60,0.9025,0.0938,0.007466,4.243
618057,520,398,918,228,47,187,339.45,0.9148,0.5797,0.221174,10,31,62,258.26,0.7136,0.1386,0.013922,4.242
618061,520,349,869,163,131,226,298.12,0.6735,0.6266,0.295102,11,53,37,163.71,0.8494,0.1933,0.027508,4.452
618069,520,290,810,240,135,46,55.67,0.9094,0.6796,0.360531,18,64,69,205.36,0.7025,0.2450,0.042249,4.450
618072,520,387,907,217,81,173,342.62,0.7680,0.5869,0.236558,11,27,82,266.31,0.8791,0.1477,0.014641,4.433
618073,520,376,896,230,74,173,345.63,0.8318,0.6006,0.247402,46,31,41,339.35,0.2620,0.1586,0.017210,4.425
618074,520,450,970,188,26,250,312.82,0.9800,0.5445,0.183335,9,8,37,279.09,0.7270,0.0654,0.003653,4.349
618091,520,436,956,173,76,232,309.77,0.8609,0.5496,0.198801,35,12,18,5.03,0.4934,0.0930,0.006640,4.393
618092,520,474,994,191,71,156,340.93,0.7155,0.5221,0.179847,5,4,6,308.95,0.1607,0.0348,0.001322,4.478
618112,520,448,968,203,84,105,12.03,0.6744,0.5410,0.200590,6,19,34,252.42,0.5725,0.0849,0.006199,4.459
618133,520,304,824,243,100,216,335.63,0.9209,0.6747,0.331295,23,59,66,212.18,0.5663,0.2298,0.037033,4.381
618140,520,410,930,165,94,241,302.99,0.8652,0.5717,0.223561,36,17,67,296.39,0.7286,0.1344,0.011812,4.426
618142,520,433,953,230,39,117,3.41,0.9156,0.5474,0.195613,9,8,72,271.13,0.9602,0.1014,0.006996,4.309
618144,520,400,920,202,68,223,321.93,0.8777,0.5765,0.220201,43,3,83,298.56,0.9524,0.1427,0.012033,4.356
618147,520,441,961,142,108,194,300.77,0.5672,0.5371,0.203711,19,18,31,287.16,0.3113,0.0905,0.006700,4.475
618158,520,448,968,179,30,253,309.52,0.9902,0.5352,0.176051,36,6,1,37.22,0.9091,0.0801,0.005076,4.104
618160,520,330,850,234,114,106,25.60,0.7770,0.6411,0.305702,17,47,97,260.08,0.7825,0.2136,0.030151,4.438
618163,520,423,943,233,61,35,31.58,0.9492,0.5554,0.207855,6,14,76,267.63,0.9511,0.1134,0.008745,4.389
618172,520,306,826,226,119,205,335.03,0.7634,0.6720,0.337721,48,57,32,124.83,0.4212,0.2294,0.036589,4.478
618188,520,466,986,185,9,238,314.84,0.9922,0.5240,0.166839,16,0,28,309.39,1.0000,0.0484,0.001940,4.175
618196,520,362,882,236,88,115,12.68,0.8196,0.6071,0.260530,31,48,9,129.99,0.8539,0.1820,0.024249,4.182
618202,520,199,719,254,150,226,337.75,0.9903,0.7728,0.483768,69,78,44,120.94,0.4424,0.3153,0.068958,4.487
618209,520,423,943,247,26,44,25.69,0.9848,0.5603,0.206984,35,7,53,308.44,0.7926,0.1063,0.007664,4.457
618218,520,462,982,212,47,144,350.04,0.8437,0.5287,0.180460,8,5,26,286.81,0.6625,0.0503,0.002347,4.403
618228,520,391,911,218,57,214,329.13,0.9091,0.5860,0.226888,62,8,48,340.76,0.7752,0.1509,0.014114,4.319
618240,520,455,975,189,57,203,323.74,0.8469,0.5308,0.180583,5,9,28,269.68,0.6217,0.0577,0.003115,4.341
618249,520,336,856,250,69,198,341.98,0.9626,0.6423,0.286606,27,53,6,134.42,0.9497,0.1951,0.027923,4.320
618262,520,386,906,217,42,234,323.95,0.9594,0.5870,0.223502,1,42,13,148.93,0.9929,0.1460,0.016914,4.087
618272,520,415,935,250,27,81,17.13,0.9786,0.5725,0.217056,21,22,57,278.29,0.6182,0.1195,0.010286,4.430
618277,520,435,955,200,87,134,356.49,0.6445,0.5502,0.208188,0,25,24,191.27,1.0000,0.0927,0.007612,4.482
618279,520,412,932,217,58,188,336.51,0.8632,0.5696,0.214109,31,26,34,312.82,0.1782,0.1242,0.011456,4.298
618295,520,456,976,178,73,207,318.24,0.7929,0.5346,0.187361,10,5,34,285.82,0.7632,0.0578,0.002886,4.488
618302,520,443,963,234,15,101,8.29,0.9803,0.5398,0.187768,30,14,1,63.81,0.8461,0.0848,0.005923,4.252
618307,520,473,993,213,36,144,349.69,0.8859,0.5227,0.174238,13,0,7,343.50,1.0000,0.0327,0.001009,4.396
618319,520,471,991,177,80,174,328.67,0.6772,0.5219,0.181416,2,4,21,269.43,0.7674,0.0389,0.001539,4.490
618327,520,188,708,235,172,214,339.38,0.6790,0.7856,0.520237,30,90,56,155.12,0.8404,0.3292,0.078736,4.430
618345,520,370,890,249,55,144,358.59,0.9443,0.6051,0.248891,26,45,3,131.01,0.9551,0.1676,0.021029,4.208
618351,520,480,1000,225,17,15,28.84,0.9895,0.5078,0.164459,0,0,0,0.00,0.0000,0.0000,0.000000,4.289
618369,520,327,847,229,123,88,38.89,0.7410,0.6455,0.315309,11,54,74,233.48,0.7688,0.2142,0.032037,4.453
618371,520,376,896,239,46,197,339.13,0.9441,0.6043,0.243388,9,43,29,162.44,0.8163,0.1566,0.018745,4.268
618374,520,431,951,183,68,229,314.42,0.8715,0.5519,0.198597,13,16,52,274.39,0.7283,0.0961,0.007041,4.358
618380,520,371,891,237,93,89,24.82,0.8567,0.6097,0.265574,51,38,4,87.04,0.8534,0.1737,0.020989,4.445
618412,520,224,744,250,162,102,53.99,0.8873,0.7536,0.471265,14,85,38,149.49,0.9686,0.3033,0.067300,4.444
618418,520,407,927,206,42,232,321.50,0.9501,0.5673,0.206057,48,18,21,15.53,0.5244,0.1264,0.011152,4.187
618428,520,455,975,235,9,47,23.77,0.9941,0.5298,0.180660,8,6,31,282.09,0.7059,0.0560,0.002808,4.368
618430,520,402,922,249,53,15,32.18,0.9887,0.5791,0.227240,2,33,48,233.70,0.8759,0.1306,0.013140,4.391
618435,520,396,916,248,11,145,356.07,0.9901,0.5823,0.222436,17,19,83,272.64,0.8983,0.1362,0.012094,4.387
618451,520,353,873,246,85,97,19.98,0.9161,0.6167,0.269561,41,42,28,111.28,0.2691,0.1768,0.022112,4.431
618457,520,458,978,199,34,208,325.75,0.9342,0.5333,0.178419,13,9,27,291.76,0.5044,0.0636,0.003601,4.261
618472,520,85,605,233,222,224,4.77,0.1859,0.8951,0.749483,31,116,4,140.39,0.9967,0.4092,0.127904,4.494
618473,520,391,911,254,34,107,10.16,0.9922,0.5898,0.232801,27,21,81,280.09,0.8035,0.1453,0.013634,4.444
618492,520,434,954,230,49,111,6.58,0.8891,0.5527,0.201702,26,21,14,75.95,0.2364,0.0985,0.007877,4.349
618499,520,332,852,209,112,207,327.98,0.7116,0.6374,0.296501,35,52,8,128.50,0.8819,0.1980,0.028308,4.425
618500,520,479,999,171,18,240,310.18,0.9827,0.5062,0.153827,1,0,3,302.89,1.0000,0.0124,0.000130,4.066
618503,520,407,927,220,65,164,345.77,0.8186,0.5692,0.216789,30,5,81,287.15,0.9425,0.1262,0.009786,4.462
618509,520,384,904,250,19,145,356.62,0.9826,0.5882,0.228376,24,8,99,276.53,0.9678,0.1464,0.012686,4.441
618510,520,464,984,202,25,181,334.28,0.9336,0.5161,0.165899,10,6,24,292.01,0.5706,0.0530,0.002607,4.104
618514,520,450,970,211,45,169,340.78,0.8668,0.5376,0.185924,11,17,6,130.92,0.4730,0.0717,0.004852,4.301
618516,520,458,978,186,44,218,319.16,0.9125,0.5256,0.173037,24,1,18,338.56,0.8096,0.0556,0.002596,4.241
618522,520,417,937,192,69,238,315.07,0.9073,0.5731,0.216370,13,33,2,135.54,0.9666,0.1196,0.011776,4.312
618523,520,407,927,196,58,246,314.95,0.9522,0.5744,0.214170,7,31,55,251.15,0.7171,0.1319,0.013009,4.193
618534,520,418,938,180,108,132,358.85,0.4387,0.5554,0.220955,46,16,27,358.97,0.5340,0.1215,0.010306,4.493
618537,520,391,911,215,53,228,324.71,0.9334,0.5871,0.225967,12,14,101,269.03,0.9712,0.1480,0.013317,4.358
618559,520,431,951,242,1,68,18.91,0.9993,0.5461,0.193197,28,21,25,343.08,0.1601,0.1045,0.008534,4.155
618567,520,470,990,228,9,85,12.59,0.9882,0.5215,0.173482,9,5,5,18.52,0.1915,0.0412,0.001776,4.316
618582,520,415,935,219,21,213,329.82,0.9777,0.5660,0.204027,37,22,15,45.83,0.3640,0.1155,0.010017,4.233
618584,520,112,632,226,210,239,310.06,0.5211,0.8668,0.684942,7,112,16,143.28,0.9957,0.3914,0.116704,4.409
618629,520,26,546,239,254,195,119.45,0.9747,0.9668,0.931743,12,132,63,150.65,0.9887,0.4644,0.169388,4.475
618633,520,365,885,243,33,204,337.95,0.9723,0.6084,0.245050,78,3,29,8.46,0.9238,0.1716,0.017738,4.356
618634,520,410,930,214,96,88,26.14,0.7087,0.5745,0.233686,16,36,12,140.37,0.7833,0.1328,0.013984,4.434
618635,520,465,985,190,82,127,356.47,0.6300,0.5233,0.185156,17,6,4,35.41,0.4349,0.0519,0.002582,4.472
618638,520,271,791,241,139,127,27.59,0.7816,0.7012,0.387008,38,69,31,139.95,0.7282,0.2587,0.047671,4.474
618661,520,431,951,232,60,10,34.36,0.9882,0.5511,0.204124,9,24,32,233.42,0.4623,0.0990,0.008156,4.370
618663,520,316,836,220,98,250,319.23,0.9660,0.6574,0.308548,88,27,40,10.88,0.6701,0.2226,0.030121,4.475
618664,520,456,976,173,81,189,321.50,0.7057,0.5264,0.184442,26,1,20,337.95,0.8194,0.0597,0.002919,4.430
618667,520,383,903,243,53,162,351.13,0.9143,0.5994,0.242126,37,30,48,301.81,0.3144,0.1483,0.015353,4.470
618676,520,460,980,216,21,157,345.45,0.9478,0.5274,0.175720,0,15,10,173.11,1.0000,0.0591,0.003635,4.208
618679,520,381,901,242,35,187,342.50,0.9609,0.5982,0.236702,69,19,4,37.38,0.8928,0.1648,0.017399,4.254
618690,520,477,997,198,43,173,335.82,0.8541,0.5148,0.167525,0,3,1,156.67,1.0000,0.0232,0.000673,4.293
618694,520,382,902,223,50,236,324.91,0.9544,0.6035,0.240274,39,37,7,105.55,0.7380,0.1560,0.017698,4.288
618718,520,469,989,194,70,146,346.17,0.7160,0.5211,0.179267,18,3,0,45.50,1.0000,0.0448,0.001937,4.414
618721,520,444,964,183,79,186,326.49,0.7214,0.5367,0.192056,20,1,59,288.05,0.9767,0.0842,0.004862,4.412
618726,520,384,904,222,62,204,333.03,0.8886,0.5911,0.233367,54,27,14,45.62,0.5681,0.1531,0.015999,4.293
618730,520,424,944,222,68,133,358.78,0.7986,0.5631,0.213598,12,26,37,243.51,0.4358,0.1090,0.009505,4.430
618734,520,308,828,234,94,245,324.74,0.9535,0.6696,0.320926,33,62,38,148.39,0.5760,0.2343,0.039084,4.164
618743,520,351,871,229,56,248,323.52,0.9727,0.6260,0.262659,41,20,113,283.15,0.8944,0.1932,0.021639,4.364
618744,520,433,953,202,16,237,319.65,0.9876,0.5528,0.190432,6,21,54,262.84,0.7988,0.1047,0.008413,4.116
618757,520,436,956,242,35,33,28.14,0.9761,0.5532,0.201925,39,6,24,350.22,0.6959,0.0925,0.006276,4.477
618771,520,480,1000,147,64,243,299.49,0.9272,0.5094,0.163412,0,0,0,0.00,0.0000,0.0000,0.000000,4.268
618784,520,310,830,254,28,252,328.73,0.9969,0.6556,0.289327,27,12,148,271.10,0.9877,0.2198,0.026339,4.445
618793,520,377,897,243,69,123,6.73,0.8909,0.5995,0.247441,70,5,49,345.31,0.8278,0.1646,0.016326,4.485
618808,520,370,890,211,91,211,327.59,0.8030,0.6108,0.260359,49,38,9,87.92,0.7065,0.1716,0.020590,4.397
618811,520,409,929,250,13,87,14.73,0.9911,0.5692,0.213036,29,10,82,284.80,0.9022,0.1321,0.010875,4.321
618819,520,220,740,248,163,64,66.08,0.9109,0.7482,0.465235,38,83,10,136.73,0.9737,0.3022,0.066203,4.434
618822,520,475,995,184,12,230,316.34,0.9873,0.5163,0.161677,3,0,19,286.19,1.0000,0.0271,0.000664,4.178
618847,520,355,875,213,85,229,323.09,0.8739,0.6169,0.263020,9,42,76,252.60,0.7785,0.1795,0.022357,4.326
618852,520,445,965,239,25,21,28.82,0.9858,0.5412,0.191035,35,4,29,336.37,0.7437,0.0848,0.005329,4.356
618858,520,465,985,163,85,199,313.82,0.7079,0.5249,0.184078,3,3,41,270.83,0.9573,0.0538,0.002446,4.463
618861,520,409,929,210,59,213,327.17,0.8905,0.5738,0.216355,8,23,77,266.19,0.9007,0.1324,0.012002,4.296
618871,520,468,988,224,1,122,358.85,0.9979,0.5227,0.172769,4,0,35,277.21,1.0000,0.0419,0.001472,4.328
618898,520,471,991,183,9,237,314.49,0.9919,0.5200,0.163783,13,4,0,62.70,1.0000,0.0410,0.001724,4.133
618927,520,446,966,195,73,175,334.72,0.7452,0.5414,0.194639,1,11,56,264.04,0.9658,0.0826,0.005313,4.423
618949,520,433,953,202,21,235,320.06,0.9817,0.5528,0.190927,46,6,20,3.46,0.7459,0.1040,0.007617,4.182
618951,520,360,880,229,64,228,328.28,0.9316,0.6192,0.259285,28,36,81,272.44,0.6326,0.1781,0.021026,4.355
618993,520,329,849,220,118,177,345.75,0.6566,0.6491,0.313487,31,55,29,142.44,0.6025,0.2081,0.031123,4.481
618995,520,426,946,243,43,49,26.15,0.9632,0.5618,0.210076,49,11,6,31.09,0.7971,0.1133,0.009056,4.404
619000,520,321,841,249,99,120,14.83,0.9120,0.6461,0.304226,19,46,100,262.27,0.7869,0.2145,0.030124,4.421
619015,520,373,893,230,95,62,34.96,0.8506,0.5960,0.253579,3,37,77,255.28,0.9088,0.1643,0.018782,4.414
619030,520,361,881,226,73,217,330.39,0.8947,0.6162,0.259458,1,49,56,210.03,0.9698,0.1849,0.024885,4.132
619031,520,393,913,232,60,165,348.06,0.8692,0.5864,0.231069,31,23,63,288.84,0.6175,0.1362,0.012630,4.488
619044,520,259,779,133,177,227,252.14,0.5801,0.7065,0.419758,4,78,9,143.34,0.9949,0.2731,0.054941,4.476
619045,520,373,893,212,55,247,319.32,0.9632,0.5974,0.234466,45,7,89,296.68,0.9146,0.1562,0.014311,4.423
619053,520,384,904,227,5,236,326.24,0.9975,0.5923,0.224979,57,23,19,28.40,0.5665,0.1511,0.015298,4.211
619073,520,409,929,216,49,211,329.46,0.9197,0.5744,0.215008,29,6,80,286.40,0.9321,0.1251,0.009706,4.439
619087,520,407,927,234,45,145,354.56,0.9065,0.5695,0.214164,29,16,77,284.92,0.8213,0.1347,0.011676,4.283
619089,520,399,919,192,73,235,315.57,0.8902,0.5754,0.219709,56,16,39,347.90,0.6303,0.1445,0.013579,4.242
619093,520,445,965,208,62,162,343.11,0.7959,0.5439,0.194658,4,18,36,253.91,0.6814,0.0824,0.005858,4.380
619099,520,300,820,254,67,234,332.90,0.9955,0.6670,0.310287,10,58,79,232.52,0.8046,0.2293,0.036550,4.163
619101,520,310,830,216,105,244,319.14,0.9211,0.6577,0.312353,47,44,91,283.72,0.5349,0.2222,0.031610,4.440
619108,520,366,886,208,81,239,319.13,0.9111,0.6112,0.255283,17,30,93,268.46,0.8706,0.1687,0.018379,4.465
619134,520,429,949,237,49,45,27.64,0.9513,0.5535,0.203938,23,11,51,291.80,0.7335,0.0951,0.006605,4.486
619135,520,380,900,202,77,247,315.60,0.9483,0.6033,0.245811,67,15,40,354.82,0.7042,0.1645,0.016883,4.423
619142,520,461,981,204,41,187,333.08,0.8902,0.5325,0.180130,25,2,2,25.52,0.8555,0.0536,0.002545,4.380
619151,520,409,929,229,77,66,27.95,0.8683,0.5696,0.223619,4,34,32,188.74,0.8145,0.1262,0.012741,4.361
619161,520,361,881,230,41,252,323.11,0.9888,0.6208,0.254394,73,10,64,334.83,0.7923,0.1842,0.020039,4.346
619171,520,8,528,247,254,238,126.21,0.8874,0.9854,0.968307,14,135,63,150.13,0.9875,0.4744,0.177794,4.470
619174,520,464,984,225,31,80,15.15,0.9476,0.5223,0.175695,26,1,7,5.42,0.8404,0.0547,0.002567,4.293
619179,520,443,963,198,25,221,322.26,0.9665,0.5367,0.179231,36,0,22,346.93,1.0000,0.0761,0.004331,4.219
619182,520,444,964,216,49,145,350.77,0.8472,0.5383,0.188423,0,13,48,260.66,1.0000,0.0778,0.005012,4.334
619206,520,400,920,238,58,132,1.12,0.8812,0.5825,0.228722,3,28,76,261.02,0.9371,0.1404,0.013716,4.374
619207,520,352,872,231,46,238,326.49,0.9668,0.6156,0.251183,77,23,9,35.37,0.8387,0.1878,0.022106,4.177
619210,520,413,933,211,69,188,335.02,0.8164,0.5704,0.217379,41,22,9,53.88,0.5543,0.1203,0.010650,4.409
619227,520,331,851,236,95,170,350.24,0.8103,0.6355,0.289222,38,52,26,131.78,0.5126,0.2034,0.029426,4.271
619240,520,194,714,245,162,209,344.97,0.8208,0.7761,0.498585,27,85,83,191.87,0.7084,0.3213,0.073542,4.440
619243,520,299,819,215,117,230,322.15,0.8243,0.6664,0.328843,63,54,4,98.23,0.9163,0.2335,0.037039,4.353
619258,520,447,967,232,49,25,31.00,0.9697,0.5417,0.194257,8,21,11,150.47,0.5356,0.0818,0.006121,4.352
619286,520,437,957,235,11,123,0.85,0.9846,0.5478,0.193347,43,0,20,356.73,1.0000,0.0888,0.005642,4.373
619314,520,268,788,251,105,232,332.97,0.9784,0.7019,0.364413,6,73,0,141.69,1.0000,0.2553,0.048036,4.227
619323,520,453,973,219,42,125,358.53,0.8772,0.5305,0.181992,27,7,10,11.74,0.5325,0.0694,0.004069,4.291
619330,520,459,979,209,75,74,24.22,0.7861,0.5313,0.190841,16,10,14,338.90,0.2034,0.0624,0.003590,4.494
619336,520,435,955,131,103,241,288.44,0.8511,0.5492,0.208764,11,25,5,136.47,0.8158,0.0940,0.007773,4.479
619343,520,463,983,153,69,254,299.04,0.9916,0.5329,0.181846,20,3,8,359.79,0.6234,0.0503,0.002314,4.432
619348,520,392,912,254,32,124,4.57,0.9916,0.5938,0.235628,1,44,3,143.47,0.9963,0.1515,0.018143,4.192
619360,520,467,987,228,14,55,21.70,0.9877,0.5170,0.170869,4,1,25,282.69,0.9224,0.0358,0.001177,4.316
619392,520,429,949,235,45,81,17.34,0.9315,0.5519,0.201361,17,23,24,208.76,0.1396,0.0981,0.007979,4.335
619428,520,418,938,158,104,210,305.74,0.6723,0.5583,0.218233,21,20,58,279.88,0.6604,0.1160,0.009652,4.497
619433,520,389,909,244,59,126,4.48,0.9075,0.5928,0.238706,5,43,21,153.49,0.9436,0.1527,0.018141,4.237
619436,520,477,997,218,13,114,0.82,0.9701,0.5102,0.164108,6,1,1,22.40,0.6057,0.0243,0.000626,4.229
619444,520,454,974,238,5,4,29.15,0.9978,0.5325,0.182978,28,0,30,325.70,1.0000,0.0667,0.003406,4.362
619481,520,434,954,238,37,40,27.14,0.9699,0.5467,0.196567,11,12,62,273.21,0.8917,0.0971,0.006819,4.340
619492,520,357,877,230,69,216,331.75,0.9081,0.6182,0.260395,37,43,35,137.87,0.1654,0.1777,0.022424,4.286
619494,520,319,839,180,124,248,302.82,0.8758,0.6455,0.308963,12,60,46,169.25,0.8532,0.2201,0.035070,4.220
619498,520,349,869,241,63,216,334.51,0.9362,0.6312,0.272164,5,50,56,208.46,0.8649,0.1894,0.025989,4.240
619506,520,407,927,250,16,84,15.71,0.9890,0.5693,0.213383,36,19,52,305.73,0.5806,0.1257,0.010888,4.326
619530,520,401,921,239,68,67,25.62,0.9164,0.5782,0.228934,60,11,37,352.17,0.7246,0.1445,0.013337,4.404
619540,520,390,910,247,49,115,7.77,0.9377,0.5872,0.232120,67,11,13,23.87,0.8489,0.1514,0.014619,4.366
619545,520,395,915,251,25,126,3.11,0.9756,0.5855,0.227144,17,36,24,155.13,0.5046,0.1364,0.014468,4.299
619553,520,364,884,234,69,188,341.25,0.8761,0.6096,0.253821,4,45,56,220.50,0.8656,0.1732,0.021880,4.227
619562,520,441,961,227,34,116,2.86,0.9241,0.5381,0.187387,33,15,3,56.15,0.7058,0.0917,0.006716,4.186
619567,520,453,973,193,24,222,320.63,0.9672,0.5287,0.172661,9,1,58,275.75,0.9891,0.0733,0.003853,4.135
619572,520,459,979,238,4,18,28.11,0.9981,0.5328,0.183110,24,5,10,3.62,0.5669,0.0610,0.003247,4.378
619575,520,356,876,224,110,91,31.03,0.7344,0.6150,0.277568,24,49,11,136.62,0.8965,0.1804,0.024149,4.418
619584,520,200,720,236,153,248,322.32,0.9401,0.7653,0.473942,49,82,82,195.76,0.3566,0.3229,0.072965,4.261
619586,520,473,993,209,6,178,336.96,0.9865,0.5214,0.169021,1,5,7,220.92,0.5658,0.0336,0.001303,4.269
619593,520,417,937,237,60,106,10.91,0.8827,0.5744,0.222799,24,21,61,282.08,0.6575,0.1234,0.010674,4.496
619596,520,446,966,201,48,205,326.96,0.8930,0.5441,0.189409,27,7,35,315.18,0.6752,0.0812,0.005063,4.348
619600,520,435,955,188,78,195,325.26,0.7561,0.5485,0.200816,13,23,22,188.25,0.2571,0.0942,0.007563,4.357
619654,520,393,913,242,16,184,343.10,0.9861,0.5896,0.227116,50,27,1,66.11,0.9280,0.1445,0.014643,4.287
619657,520,453,973,165,83,207,312.52,0.7445,0.5300,0.186916,12,3,52,280.76,0.9405,0.0724,0.003912,4.394
619664,520,352,872,230,77,209,333.83,0.8809,0.6224,0.267366,40,38,77,283.54,0.5069,0.1903,0.023731,4.304
619671,520,411,931,245,39,83,17.01,0.9568,0.5687,0.214915,35,17,49,308.03,0.5911,0.1185,0.009800,4.430
619679,520,421,941,165,91,226,306.69,0.7942,0.5559,0.209730,52,7,5,28.25,0.8793,0.1137,0.008931,4.407
619712,520,425,945,236,34,124,1.64,0.9394,0.5588,0.204352,32,14,45,308.78,0.6124,0.1063,0.008106,4.377
619719,520,315,835,224,102,230,325.72,0.8732,0.6564,0.310651,45,57,7,122.56,0.8871,0.2226,0.034995,4.243
619725,520,382,902,233,69,179,343.99,0.8620,0.6034,0.248372,59,23,39,354.14,0.5298,0.1613,0.016892,4.460
619739,520,428,948,186,47,252,311.19,0.9834,0.5553,0.195015,40,11,24,354.69,0.5821,0.1018,0.007565,4.256
619752,520,436,956,190,27,247,314.00,0.9777,0.5455,0.184477,30,8,39,314.80,0.6855,0.0897,0.005962,4.190
619754,520,388,908,251,46,89,16.46,0.9730,0.5866,0.231881,4,21,99,265.21,0.9625,0.1525,0.014629,4.362
619768,520,379,899,228,46,222,329.68,0.9519,0.5999,0.237243,20,14,108,272.14,0.9665,0.1618,0.015454,4.388
619775,520,350,870,243,28,239,329.21,0.9882,0.6279,0.261200,27,52,9,134.89,0.9188,0.1921,0.027087,4.037
619783,520,389,909,210,86,194,332.94,0.7709,0.5929,0.242541,33,34,28,114.89,0.1237,0.1453,0.015512,4.465
619799,520,350,870,253,51,201,341.28,0.9867,0.6349,0.274706,83,19,8,32.30,0.8957,0.1946,0.023226,4.434
619806,520,363,883,248,18,199,340.28,0.9890,0.6095,0.245158,8,42,59,234.89,0.7438,0.1671,0.020232,4.203
619809,520,374,894,198,94,212,322.76,0.7663,0.5964,0.247660,5,43,43,194.95,0.8371,0.1604,0.019343,4.293
619810,520,473,993,167,44,251,305.81,0.9784,0.5245,0.169826,8,1,2,8.52,0.6389,0.0274,0.000777,4.329
619849,520,385,905,224,18,230,326.88,0.9884,0.5856,0.219954,47,7,83,301.36,0.8953,0.1526,0.013809,4.231
619881,520,370,890,254,30,170,349.97,0.9920,0.6104,0.249052,16,44,44,195.35,0.5462,0.1687,0.020933,4.216
619888,520,404,924,240,3,184,342.57,0.9973,0.5832,0.220541,26,31,22,131.42,0.2273,0.1278,0.012575,4.323
619917,520,433,953,165,85,233,305.80,0.8416,0.5520,0.203801,46,5,21,1.12,0.7665,0.1029,0.007436,4.419
619932,520,476,996,94,94,250,276.62,0.9659,0.5079,0.172866,6,0,1,6.99,1.0000,0.0204,0.000409,4.421
619940,520,351,871,239,73,198,339.46,0.8974,0.6273,0.271958,25,45,62,245.49,0.4325,0.1864,0.024312,4.333
619959,520,428,948,210,28,218,326.21,0.9648,0.5564,0.195960,3,28,3,142.99,0.9722,0.0981,0.008564,4.200
619963,520,358,878,230,36,251,323.39,0.9856,0.6175,0.250521,1,36,101,261.01,0.9875,0.1844,0.022076,4.169
619988,520,348,868,240,96,138,5.09,0.8194,0.6318,0.287288,14,54,16,144.05,0.9443,0.1928,0.027690,4.341
620017,520,439,959,232,29,132,357.81,0.9445,0.5512,0.197034,9,7,66,272.29,0.9536,0.0927,0.006033,4.409
620029,520,446,966,236,0,113,4.14,1.0000,0.5442,0.190283,18,15,23,301.83,0.2245,0.0787,0.005321,4.343
620041,520,464,984,120,102,215,287.37,0.7131,0.5163,0.184019,2,10,13,216.99,0.5606,0.0494,0.002590,4.450
620053,520,473,993,230,3,51,22.37,0.9976,0.5181,0.171302,7,0,21,299.43,1.0000,0.0334,0.000993,4.340
620057,520,461,981,227,30,112,4.05,0.9368,0.5346,0.184321,15,5,2,47.27,0.5481,0.0465,0.002145,4.494
620058,520,318,838,255,111,34,43.81,1.0000,0.6613,0.327478,36,58,9,130.97,0.9100,0.2183,0.034208,4.483
620069,520,366,886,254,0,175,348.06,1.0000,0.6051,0.241695,56,34,3,71.15,0.8660,0.1708,0.019915,4.172
620074,520,463,983,224,5,127,357.19,0.9896,0.5255,0.174909,14,3,26,304.58,0.7413,0.0515,0.002331,4.298
620077,520,171,691,234,184,172,33.81,0.5300,0.7955,0.547534,31,94,15,140.28,0.9780,0.3361,0.083309,4.482
620078,520,464,984,135,89,231,294.09,0.8214,0.5205,0.180652,23,3,7,7.19,0.6716,0.0543,0.002627,4.383
620086,520,458,978,200,32,199,328.50,0.9296,0.5277,0.174377,9,14,2,124.82,0.7217,0.0615,0.003765,4.173
620089,520,374,894,231,82,133,2.82,0.7918,0.5959,0.247196,17,29,90,268.84,0.8634,0.1634,0.017360,4.412
620105,520,326,846,252,34,246,329.61,0.9900,0.6504,0.284964,25,59,13,138.70,0.9347,0.2147,0.033636,4.005
620109,520,289,809,242,109,194,343.67,0.8643,0.6751,0.337121,32,59,76,237.70,0.4453,0.2402,0.039567,4.322
620123,520,461,981,213,56,124,359.05,0.8123,0.5305,0.184320,11,1,38,288.88,0.9474,0.0536,0.002328,4.478
620137,520,433,953,233,14,142,354.12,0.9786,0.5518,0.195937,2,25,30,213.55,0.8264,0.0967,0.008019,4.239
620140,520,407,927,199,76,213,323.49,0.8278,0.5743,0.221166,43,6,68,306.58,0.8635,0.1306,0.010612,4.474
620144,520,461,981,234,16,51,23.13,0.9882,0.5299,0.181052,3,2,39,271.84,0.9668,0.0496,0.002092,4.435
620152,520,358,878,239,63,209,335.97,0.9256,0.6238,0.265119,46,44,8,106.17,0.7738,0.1845,0.023998,4.259
620171,520,395,915,225,66,184,340.14,0.8540,0.5889,0.233671,46,24,36,346.61,0.3842,0.1406,0.013615,4.459
620184,520,375,895,246,38,174,347.32,0.9552,0.6008,0.240383,6,43,33,170.96,0.8609,0.1567,0.018762,4.223
620198,520,447,967,181,75,200,321.28,0.7703,0.5370,0.190272,16,1,57,284.22,0.9793,0.0779,0.004273,4.427
620220,520,410,930,241,8,157,350.86,0.9912,0.5728,0.213119,30,26,40,297.32,0.2741,0.1261,0.011680,4.266
620230,520,416,936,232,42,162,348.18,0.9165,0.5711,0.214232,30,29,17,103.94,0.3054,0.1249,0.011952,4.265
620239,520,440,960,240,38,22,29.85,0.9796,0.5501,0.199728,16,20,17,153.06,0.1292,0.0867,0.006509,4.419
620248,520,359,879,249,51,189,343.86,0.9579,0.6216,0.261847,10,42,81,255.64,0.7918,0.1839,0.023144,4.263
620256,520,452,972,238,9,13,28.70,0.9959,0.5337,0.184049,8,15,22,248.55,0.3175,0.0699,0.004512,4.294
620277,520,380,900,228,94,97,21.61,0.7804,0.5972,0.253650,16,43,32,164.67,0.6039,0.1607,0.019421,4.374
620280,520,432,952,236,46,13,31.70,0.9875,0.5469,0.198191,16,27,6,131.67,0.7236,0.1037,0.009072,4.202
620283,520,391,911,221,77,175,342.73,0.7966,0.5896,0.237773,7,34,65,254.31,0.7740,0.1478,0.015708,4.380
620289,520,457,977,227,49,30,30.37,0.9578,0.5318,0.186241,25,1,15,345.98,0.8100,0.0558,0.002629,4.489
620323,520,387,907,249,44,127,3.55,0.9508,0.5914,0.234769,50,4,79,306.69,0.9209,0.1500,0.013295,4.499
620325,520,438,958,195,29,237,317.57,0.9703,0.5461,0.185967,17,21,17,145.16,0.1462,0.0902,0.006960,4.143
620332,520,418,938,198,63,217,322.47,0.8715,0.5609,0.205720,27,13,72,285.76,0.8348,0.1228,0.009887,4.270
620337,520,245,765,255,115,240,331.79,1.0000,0.7256,0.398154,35,75,30,141.53,0.8564,0.2763,0.054831,4.275
620348,520,273,793,255,91,254,328.08,1.0000,0.7036,0.359007,53,43,131,281.70,0.7665,0.2619,0.041232,4.483
620352,520,351,871,253,19,220,335.96,0.9925,0.6309,0.265190,36,21,110,280.33,0.8957,0.1861,0.020371,4.479
620374,520,394,914,255,11,134,0.81,1.0000,0.5923,0.232243,35,26,58,294.59,0.5106,0.1431,0.014016,4.409
620379,520,318,838,252,95,165,355.88,0.9507,0.6601,0.315996,9,50,95,254.42,0.8414,0.2172,0.031653,4.482
620382,520,379,899,228,42,231,327.47,0.9647,0.6034,0.239218,19,36,66,260.96,0.5833,0.1599,0.017935,4.257
620392,520,414,934,187,90,197,323.80,0.7124,0.5654,0.219095,11,19,76,269.36,0.9043,0.1248,0.010586,4.442
620403,520,343,863,239,107,17,46.69,0.9758,0.6269,0.289095,3,52,47,184.35,0.9404,0.1911,0.026805,4.415
620407,520,479,999,171,56,215,314.63,0.8627,0.5103,0.163935,0,1,0,142.50,1.0000,0.0135,0.000217,4.260
620417,520,330,850,250,67,198,341.91,0.9633,0.6405,0.284186,66,28,85,312.67,0.6749,0.2096,0.026447,4.371
620422,520,409,929,175,78,247,306.95,0.9352,0.5666,0.212789,44,17,44,327.35,0.5702,0.1283,0.011183,4.295
620423,520,422,942,248,17,32,27.12,0.9924,0.5582,0.204653,22,25,25,196.81,0.0597,0.1083,0.009360,4.290
620433,520,444,964,236,29,23,28.89,0.9811,0.5368,0.187767,21,15,22,321.51,0.2232,0.0814,0.005590,4.277
620463,520,440,960,216,64,142,353.22,0.7957,0.5513,0.202210,10,18,40,266.91,0.5696,0.0890,0.006503,4.464
620465,520,414,934,204,65,218,323.95,0.8768,0.5732,0.216816,30,14,62,293.29,0.7500,0.1177,0.009379,4.493
620477,520,473,993,232,5,5,29.08,0.9975,0.5195,0.172784,2,5,5,195.85,0.3113,0.0339,0.001324,4.341
620495,520,432,952,237,45,0,32.39,1.0000,0.5478,0.198845,3,17,62,264.25,0.9182,0.1016,0.007680,4.314
620507,520,459,979,185,69,189,326.41,0.7712,0.5285,0.182460,19,6,28,309.73,0.6273,0.0646,0.003525,4.343
620511,520,410,930,211,32,235,322.29,0.9708,0.5723,0.208819,38,27,11,75.37,0.5005,0.1282,0.012201,4.161
620525,520,394,914,253,47,67,22.85,0.9889,0.5873,0.233246,10,35,51,239.99,0.6337,0.1420,0.015055,4.354
620528,520,453,973,232,4,100,7.98,0.9944,0.5328,0.181658,6,17,13,169.85,0.4260,0.0700,0.004687,4.236
620540,520,477,997,199,72,99,10.87,0.7177,0.5150,0.176796,4,1,3,337.70,0.4942,0.0226,0.000541,4.487
620546,520,447,967,210,41,189,334.12,0.9022,0.5444,0.189637,4,4,62,268.75,0.9797,0.0797,0.004604,4.389
620557,520,348,868,251,82,120,11.18,0.9488,0.6277,0.279032,64,34,38,11.74,0.3891,0.1911,0.023741,4.462
620563,520,480,1000,206,23,155,343.66,0.9264,0.5078,0.161033,0,0,0,0.00,0.0000,0.0000,0.000000,4.221
620571,520,447,967,220,64,75,21.38,0.8557,0.5386,0.193930,16,12,37,287.49,0.5794,0.0787,0.005067,4.430
620578,520,464,984,188,10,225,318.67,0.9885,0.5183,0.163461,13,4,20,309.95,0.6032,0.0491,0.002229,4.087
620580,520,364,884,252,73,70,26.09,0.9803,0.6089,0.259063,21,38,75,263.77,0.6288,0.1734,0.020536,4.382
620586,520,458,978,150,78,242,299.29,0.9009,0.5303,0.183439,9,4,35,284.45,0.8178,0.0557,0.002663,4.433
620597,520,361,881,252,7,208,338.73,0.9969,0.6197,0.254048,51,11,97,297.43,0.8911,0.1770,0.018062,4.467
620604,520,410,930,242,28,142,356.35,0.9613,0.5744,0.216640,38,4,78,296.32,0.9341,0.1314,0.010490,4.408
620613,520,433,953,210,54,183,336.11,0.8529,0.5510,0.197609,41,7,22,356.57,0.6836,0.0968,0.006814,4.358
620628,520,378,898,223,83,175,343.68,0.7834,0.6004,0.249719,35,33,54,287.73,0.3380,0.1571,0.017114,4.466
620644,520,441,961,215,35,171,340.93,0.9101,0.5395,0.185917,15,12,53,279.44,0.7816,0.0910,0.006215,4.197
620681,520,429,949,197,53,221,321.42,0.9038,0.5528,0.196385,31,19,23,357.41,0.2499,0.1029,0.008189,4.234
620699,520,275,795,241,116,220,334.16,0.9041,0.6963,0.363612,5,63,84,229.20,0.9031,0.2465,0.042272,4.483
620701,520,441,961,240,20,54,22.98,0.9860,0.5444,0.192953,27,14,19,354.99,0.3099,0.0854,0.005941,4.343
620719,520,335,855,210,94,254,315.43,0.9915,0.6406,0.288642,66,30,74,320.08,0.5960,0.2050,0.025813,4.467
620726,520,433,953,234,31,98,10.19,0.9507,0.5452,0.193573,22,5,66,285.45,0.9208,0.1002,0.006724,4.294
620727,520,436,956,245,22,20,28.75,0.9895,0.5527,0.200403,24,20,7,93.16,0.4669,0.0921,0.007099,4.385
620728,520,266,786,244,142,135,24.62,0.7993,0.7131,0.403309,9,75,3,141.81,0.9950,0.2632,0.050966,4.490
620730,520,317,837,254,79,205,341.16,0.9920,0.6624,0.310737,94,24,1,37.31,0.9840,0.2237,0.030356,4.489
620755,520,399,919,236,43,153,352.12,0.9187,0.5753,0.218635,56,17,18,21.48,0.6486,0.1384,0.012855,4.274
620762,520,459,979,189,25,230,317.57,0.9699,0.5289,0.172286,21,9,9,19.76,0.3411,0.0646,0.003745,4.136
620774,520,475,995,227,20,52,22.72,0.9813,0.5164,0.170821,9,2,9,327.35,0.5690,0.0347,0.001212,4.312
620783,520,384,904,242,6,193,340.52,0.9955,0.5924,0.228608,41,28,45,318.09,0.3322,0.1468,0.014914,4.292
620792,520,397,917,222,79,142,356.54,0.7627,0.5795,0.230770,58,18,13,29.62,0.7016,0.1428,0.013614,4.414
620807,520,425,945,243,44,53,25.41,0.9604,0.5630,0.211165,43,12,35,338.78,0.6162,0.1136,0.008980,4.428
620809,520,455,975,207,62,137,352.86,0.7767,0.5307,0.185189,5,8,30,271.81,0.6852,0.0569,0.002997,4.438
620838,520,447,967,201,56,187,332.27,0.8359,0.5395,0.188355,14,5,55,281.02,0.9099,0.0807,0.004777,4.351
620841,520,461,981,186,73,173,332.41,0.7238,0.5256,0.182227,6,5,33,278.02,0.8005,0.0536,0.002571,4.417
620843,520,455,975,219,25,156,346.60,0.9394,0.5343,0.181581,3,13,27,253.16,0.6423,0.0640,0.003863,4.299
620848,520,428,948,242,9,116,4.37,0.9902,0.5594,0.203369,44,8,0,39.42,1.0000,0.0981,0.007092,4.438
620854,520,302,822,233,114,202,338.26,0.8111,0.6727,0.336247,35,60,39,148.37,0.4946,0.2295,0.037354,4.422
620860,520,424,944,248,17,52,23.66,0.9909,0.5602,0.206089,0,29,38,221.63,1.0000,0.1116,0.010186,4.255
620895,520,469,989,174,83,170,329.07,0.6465,0.5197,0.180885,11,0,29,298.60,1.0000,0.0436,0.001599,4.475
620925,520,437,957,243,13,35,26.40,0.9937,0.5467,0.194674,22,11,52,289.81,0.7453,0.0950,0.006578,4.325
620927,520,452,972,180,78,178,328.31,0.7014,0.5259,0.183676,20,9,21,323.91,0.4128,0.0678,0.003983,4.329
620928,520,433,953,200,72,177,335.57,0.7630,0.5495,0.200901,28,18,27,329.82,0.2754,0.0985,0.007586,4.357
620940,520,415,935,229,50,161,348.18,0.8865,0.5707,0.215151,21,30,0,123.98,1.0000,0.1157,0.010880,4.355
620964,520,362,882,234,88,136,3.22,0.7958,0.6099,0.262522,62,29,40,359.86,0.4517,0.1782,0.020562,4.429
620972,520,412,932,227,38,181,340.85,0.9303,0.5689,0.210559,20,1,84,278.07,0.9937,0.1150,0.008105,4.484
620996,520,455,975,189,44,222,319.05,0.9210,0.5335,0.178955,10,14,9,139.28,0.2211,0.0642,0.003983,4.241
621002,520,248,768,226,136,235,323.73,0.8467,0.7157,0.397768,56,54,126,280.33,0.6482,0.2825,0.049853,4.484
621006,520,348,868,162,134,216,298.85,0.5905,0.6260,0.296896,27,53,2,133.42,0.9831,0.1946,0.027835,4.457
621007,520,480,1000,162,84,175,321.74,0.6348,0.5065,0.171180,0,0,0,0.00,0.0000,0.0000,0.000000,4.424
621010,520,427,947,210,30,218,326.19,0.9612,0.5573,0.196941,10,22,42,260.09,0.5549,0.1002,0.008055,4.254
621021,520,284,804,245,126,156,5.40,0.8060,0.6921,0.367371,8,69,44,159.98,0.9502,0.2488,0.044895,4.398
621022,520,396,916,213,37,243,320.90,0.9706,0.5841,0.219422,60,11,25,7.91,0.7383,0.1398,0.012703,4.297
621026,520,13,533,249,251,223,110.39,0.9027,0.9758,0.944619,48,132,66,147.76,0.9016,0.4737,0.175236,4.416
621029,520,437,957,221,69,93,15.66,0.8161,0.5501,0.204213,7,23,31,231.79,0.5203,0.0945,0.007569,4.416
621030,520,362,882,243,63,162,351.78,0.9000,0.6078,0.252214,56,34,37,10.56,0.3011,0.1783,0.021185,4.245
621044,520,433,953,217,52,157,346.79,0.8464,0.5482,0.196444,32,8,48,308.48,0.7499,0.0993,0.006942,4.328
621045,520,249,769,212,153,207,329.41,0.5526,0.7171,0.412856,10,77,54,164.04,0.9412,0.2793,0.056384,4.351
621054,520,397,917,235,30,189,340.25,0.9630,0.5840,0.222676,35,0,93,287.74,1.0000,0.1410,0.011476,4.435
621061,520,125,645,244,205,152,74.89,0.6968,0.8481,0.651641,24,107,42,146.65,0.9668,0.3806,0.108763,4.419
621064,520,384,904,218,62,211,329.94,0.8929,0.5886,0.230559,22,4,107,274.14,0.9891,0.1515,0.013189,4.440
621066,520,419,939,228,59,123,2.82,0.8482,0.5614,0.210547,2,17,70,264.10,0.9431,0.1096,0.008559,4.449
621073,520,300,820,252,106,145,6.25,0.9362,0.6683,0.330510,5,60,74,220.42,0.8986,0.2311,0.037582,4.345
621080,520,473,993,187,75,158,338.97,0.6905,0.5219,0.180670,4,4,8,284.11,0.2656,0.0345,0.001302,4.496
621090,520,273,793,252,133,63,48.24,0.9627,0.6958,0.378324,25,65,88,237.04,0.6252,0.2614,0.046916,4.420
621094,520,466,986,158,78,210,309.43,0.7691,0.5151,0.173716,14,7,5,41.18,0.2863,0.0510,0.002563,4.256
621119,520,406,926,231,14,207,334.29,0.9885,0.5818,0.218106,59,6,13,19.23,0.8641,0.1286,0.010893,4.403
621128,520,418,938,246,19,77,17.45,0.9856,0.5604,0.205979,15,25,52,266.65,0.5763,0.1181,0.010447,4.235
621136,520,309,829,242,68,251,325.87,0.9855,0.6586,0.299791,40,58,18,129.85,0.7508,0.2226,0.035208,4.105
621137,520,472,992,222,26,114,2.16,0.9394,0.5232,0.174860,13,0,8,340.39,1.0000,0.0332,0.001031,4.406
621149,520,423,943,243,34,76,18.45,0.9651,0.5604,0.207239,0,15,75,263.40,1.0008,0.1105,0.008496,4.398
621157,520,422,942,214,27,215,328.02,0.9668,0.5608,0.199884,47,6,26,354.80,0.7439,0.1082,0.008093,4.301
621158,520,411,931,247,33,85,16.09,0.9675,0.5699,0.215213,26,13,71,285.11,0.8337,0.1208,0.009624,4.448
621161,520,455,975,180,82,171,331.07,0.6660,0.5278,0.186794,2,5,41,267.66,0.9433,0.0572,0.002815,4.483
621177,520,297,817,255,75,234,333.17,1.0000,0.6757,0.322357,96,20,59,353.88,0.7540,0.2372,0.033033,4.484
621187,520,424,944,207,76,158,345.40,0.7377,0.5566,0.209048,9,31,13,147.75,0.7978,0.1131,0.010671,4.270
621191,520,460,980,180,59,225,314.93,0.8825,0.5348,0.182685,7,11,20,264.34,0.3383,0.0590,0.003350,4.361
621195,520,400,920,199,104,135,0.50,0.5537,0.5771,0.237936,8,40,17,149.51,0.9092,0.1429,0.016096,4.356
621198,520,385,905,215,67,216,327.66,0.8854,0.5916,0.234212,15,18,97,270.28,0.9485,0.1501,0.013971,4.443
621212,520,437,957,222,71,64,26.92,0.8636,0.5487,0.204088,21,22,7,111.99,0.5024,0.0941,0.007486,4.420
621219,520,477,997,172,57,214,315.17,0.8578,0.5121,0.165529,5,1,1,21.77,0.5474,0.0229,0.000562,4.263
621223,520,380,900,241,31,189,341.64,0.9671,0.5956,0.233579,47,34,15,75.44,0.5090,0.1593,0.017829,4.181
621228,520,471,991,182,71,186,326.32,0.7527,0.5243,0.179980,10,5,12,317.52,0.3539,0.0447,0.001996,4.423
621229,520,384,904,222,45,224,327.66,0.9496,0.5903,0.227904,57,10,54,330.73,0.7549,0.1473,0.013534,4.374
621233,520,469,989,208,18,166,340.48,0.9517,0.5157,0.165978,4,3,27,278.00,0.8369,0.0425,0.001701,4.177
621245,520,480,1000,221,4,105,4.39,0.9918,0.5112,0.164816,0,0,0,0.00,0.0000,0.0000,0.000000,4.296
621258,520,415,935,237,63,43,30.42,0.9386,0.5661,0.217371,20,23,57,276.01,0.6109,0.1209,0.010569,4.414
621263,520,297,817,250,125,35,50.11,0.9579,0.6762,0.351156,33,66,19,137.64,0.8932,0.2437,0.042667,4.329
621267,520,348,868,247,42,223,333.97,0.9734,0.6312,0.267608,88,6,19,20.45,0.9391,0.1945,0.022523,4.379
621270,520,452,972,180,33,248,310.77,0.9686,0.5338,0.175693,9,19,2,131.66,0.8691,0.0746,0.005282,4.083
621276,520,480,1000,217,35,73,17.03,0.9312,0.5066,0.164374,0,0,0,0.00,0.0000,0.0000,0.000000,4.287
621282,520,320,840,253,58,219,336.48,0.9892,0.6496,0.290264,52,45,57,311.12,0.1810,0.2086,0.029023,4.306
621289,520,391,911,222,1,241,323.92,0.9995,0.5865,0.219043,3,44,13,147.60,0.9816,0.1537,0.018497,3.928
621294,520,334,854,241,66,225,332.10,0.9412,0.6391,0.280361,39,43,77,277.00,0.4497,0.2017,0.026949,4.293
621299,520,441,961,196,88,133,356.18,0.6238,0.5448,0.204103,3,21,35,242.92,0.7278,0.0888,0.006770,4.476
621300,520,470,990,233,14,2,29.64,0.9982,0.5237,0.176453,2,8,9,205.24,0.4783,0.0433,0.002063,4.350
621304,520,425,945,250,5,35,26.31,0.9979,0.5600,0.205576,46,2,45,329.23,0.8610,0.1114,0.008138,4.396
621306,520,435,955,225,15,180,340.37,0.9780,0.5549,0.196471,23,14,43,294.90,0.5938,0.0939,0.006707,4.346
621309,520,436,956,238,30,65,20.80,0.9705,0.5460,0.194906,32,6,36,322.21,0.7147,0.0874,0.005647,4.401
621313,520,398,918,195,72,231,317.55,0.8791,0.5758,0.220077,56,20,7,39.93,0.7491,0.1415,0.013565,4.249
621315,520,434,954,228,59,76,20.54,0.8893,0.5490,0.201465,42,5,37,333.94,0.7600,0.1031,0.007344,4.385
621316,520,467,987,224,21,108,4.45,0.9577,0.5232,0.174691,11,1,17,314.64,0.7971,0.0379,0.001333,4.377
621320,520,424,944,248,18,25,28.04,0.9922,0.5581,0.204629,43,8,41,330.21,0.7167,0.1115,0.008474,4.355
621323,520,378,898,248,8,183,344.62,0.9944,0.5989,0.235523,21,27,87,272.16,0.8314,0.1585,0.016313,4.306
621396,520,422,942,212,10,224,325.35,0.9914,0.5585,0.195979,36,19,23,4.52,0.3304,0.1099,0.009027,4.167
621397,520,399,919,209,54,236,321.09,0.9366,0.5838,0.222515,5,33,63,253.01,0.8065,0.1426,0.014788,4.206
621408,520,326,846,255,24,245,330.51,1.0000,0.6514,0.285090,47,19,126,284.02,0.9182,0.2138,0.025764,4.423
621412,520,381,901,221,48,231,325.63,0.9508,0.5954,0.232577,7,45,23,153.66,0.9219,0.1608,0.019837,4.046
621417,520,367,887,243,29,217,334.53,0.9814,0.6143,0.249461,68,21,33,7.57,0.6316,0.1722,0.018753,4.356
621423,520,352,872,241,73,168,349.99,0.8791,0.6165,0.262959,1,56,11,145.46,0.9971,0.1948,0.028588,3.982
621437,520,447,967,219,22,177,339.87,0.9575,0.5441,0.188106,3,8,57,267.22,0.9544,0.0800,0.004884,4.338
621440,520,470,990,212,26,158,344.24,0.9263,0.5222,0.172067,2,4,16,268.27,0.6395,0.0359,0.001371,4.323
621443,520,368,888,238,55,191,340.84,0.9200,0.6057,0.246739,66,26,13,38.39,0.6968,0.1721,0.019263,4.284
621469,520,378,898,234,50,193,339.17,0.9249,0.5959,0.236266,54,29,26,27.44,0.3930,0.1603,0.017377,4.249
621477,520,431,951,211,0,218,326.61,1.0000,0.5503,0.189128,44,3,36,337.17,0.8052,0.1032,0.007281,4.175
621482,520,399,919,218,78,158,348.64,0.7635,0.5779,0.228251,11,27,72,265.42,0.8231,0.1377,0.013228,4.401
621490,520,380,900,237,60,169,347.85,0.8865,0.5973,0.241037,4,7,120,265.49,0.9938,0.1640,0.015337,4.454
621500,520,399,919,232,0,201,336.08,1.0000,0.5772,0.213755,46,0,75,306.25,1.0000,0.1353,0.010889,4.332
621503,520,235,755,238,138,237,327.44,0.8929,0.7359,0.424704,13,76,88,214.07,0.8420,0.2911,0.059587,4.332
621507,520,428,948,185,57,251,310.66,0.9755,0.5612,0.202066,1,19,57,260.44,0.9600,0.0998,0.007676,4.370
621522,520,431,951,205,79,130,358.12,0.6985,0.5455,0.201848,11,16,61,271.53,0.8465,0.1033,0.007786,4.358
621568,520,432,952,204,75,149,348.31,0.7242,0.5461,0.200414,16,8,63,279.19,0.9000,0.0958,0.006427,4.438
621581,520,457,977,229,39,32,28.64,0.9641,0.5285,0.182163,21,7,0,60.66,1.0000,0.0579,0.003114,4.371
621605,520,325,845,244,56,248,327.19,0.9777,0.6505,0.288414,66,45,12,75.05,0.7245,0.2144,0.030617,4.198
621614,520,402,922,255,29,0,30.47,1.0000,0.5761,0.221426,64,2,10,20.85,0.9620,0.1343,0.011555,4.409
621649,520,450,970,231,46,31,29.72,0.9602,0.5376,0.190449,5,13,31,262.67,0.6095,0.0680,0.004190,4.437
621656,520,441,961,239,29,30,28.02,0.9812,0.5436,0.193265,7,11,55,270.76,0.8953,0.0857,0.005603,4.375
621684,520,432,952,206,90,60,35.57,0.7719,0.5460,0.207624,22,25,11,118.63,0.4148,0.1041,0.008900,4.374
621685,520,0,520,255,255,255,0.00,0.0000,1.0000,1.000000,38,137,25,141.56,0.9815,0.4812,0.183729,4.492
621689,520,451,971,221,64,57,27.31,0.8883,0.5375,0.193370,12,10,39,281.37,0.6793,0.0730,0.004417,4.472
621710,520,434,954,238,31,89,13.71,0.9596,0.5512,0.198816,31,18,22,359.27,0.2733,0.1003,0.007819,4.303
621712,520,341,861,246,85,150,359.16,0.8894,0.6318,0.282949,62,41,17,67.74,0.5880,0.1991,0.026506,4.352
621717,520,361,881,241,84,158,354.84,0.8550,0.6249,0.275129,19,47,37,167.90,0.5669,0.1770,0.023050,4.451
621722,520,432,952,233,35,115,4.36,0.9333,0.5503,0.197665,3,27,28,198.75,0.7820,0.1023,0.008870,4.207
621750,520,439,959,228,58,74,21.02,0.8942,0.5477,0.200173,10,22,18,171.08,0.3636,0.0880,0.006820,4.403
621752,520,476,996,211,29,138,351.08,0.9065,0.5121,0.165649,4,1,4,327.25,0.5374,0.0231,0.000563,4.265
621759,520,465,985,178,47,218,316.58,0.8994,0.5152,0.165611,21,1,14,341.79,0.7925,0.0493,0.002129,4.136
621762,520,408,928,199,83,191,330.36,0.7481,0.5699,0.220918,15,8,95,271.63,0.9773,0.1346,0.011014,4.440
621787,520,399,919,246,58,25,32.09,0.9764,0.5778,0.226926,7,14,94,267.33,0.9714,0.1365,0.011673,4.490
621789,520,450,970,229,23,116,2.59,0.9571,0.5368,0.185347,1,16,29,242.55,0.8319,0.0708,0.004657,4.306
621795,520,466,986,155,101,152,328.69,0.4362,0.5155,0.185436,20,4,4,22.26,0.5933,0.0513,0.002443,4.489
621797,520,346,866,235,43,255,323.63,1.0000,0.6323,0.266123,50,41,42,10.38,0.1166,0.1892,0.024312,4.254
621818,520,411,931,241,26,124,2.11,0.9641,0.5650,0.208980,31,5,74,291.20,0.9220,0.1192,0.008943,4.394
621826,520,271,791,252,93,251,328.05,0.9887,0.6994,0.354919,115,7,47,8.03,0.9205,0.2635,0.040027,4.498
621831,520,358,878,170,124,223,304.12,0.6796,0.6185,0.282894,43,45,11,112.42,0.7139,0.1844,0.024145,4.490
621842,520,383,903,234,19,220,331.69,0.9878,0.5967,0.231281,12,33,67,259.62,0.7135,0.1488,0.015710,4.281
621847,520,467,987,227,39,32,28.63,0.9628,0.5243,0.178891,0,4,32,262.88,1.0002,0.0450,0.001911,4.409
621850,520,456,976,156,77,240,301.94,0.8916,0.5347,0.186673,7,11,21,265.88,0.3639,0.0595,0.003387,4.433
621863,520,242,762,251,123,230,333.94,0.9745,0.7263,0.403909,49,59,122,273.44,0.6148,0.2847,0.051859,4.456
621878,520,421,941,218,6,207,331.15,0.9934,0.5565,0.195429,25,19,52,288.37,0.5916,0.1128,0.009203,4.146
621884,520,424,944,184,87,202,321.14,0.7347,0.5596,0.212721,25,27,5,113.82,0.6939,0.1116,0.010015,4.378
621894,520,365,885,251,11,187,344.15,0.9934,0.6072,0.243398,59,28,29,18.79,0.4504,0.1673,0.018491,4.284
621900,520,461,981,195,17,223,321.03,0.9799,0.5303,0.173323,5,9,17,259.66,0.3586,0.0516,0.002681,4.239
621905,520,477,997,158,63,224,307.43,0.8592,0.5063,0.162065,1,1,6,278.68,0.6638,0.0197,0.000413,4.207
621945,520,339,859,242,24,255,325.43,1.0000,0.6358,0.267532,88,11,6,29.48,0.9443,0.1968,0.023276,4.333
621951,520,465,985,207,24,167,339.97,0.9315,0.5167,0.167108,1,12,16,217.53,0.7794,0.0544,0.003068,4.091
621966,520,377,897,246,32,180,345.37,0.9671,0.6008,0.239243,27,42,15,132.88,0.6641,0.1604,0.019234,4.178
621978,520,1,521,255,255,255,0.00,0.0000,1.0000,1.000000,1,137,71,152.77,0.9990,0.4811,0.183519,4.496
621987,520,327,847,219,98,241,321.23,0.9163,0.6503,0.301480,60,44,28,65.86,0.3729,0.2060,0.028460,4.480
621995,520,389,909,246,2,183,344.14,0.9985,0.5939,0.230584,14,23,91,269.17,0.9171,0.1508,0.014614,4.342
622022,520,325,845,245,111,46,43.35,0.9259,0.6452,0.309817,4,49,97,254.50,0.9194,0.2147,0.030853,4.450
622034,520,467,987,218,8,142,350.74,0.9806,0.5203,0.170346,5,3,20,286.20,0.6938,0.0388,0.001479,4.280
622044,520,430,950,237,35,95,11.93,0.9478,0.5527,0.200360,37,11,32,335.39,0.5874,0.1006,0.007370,4.364
622052,520,380,900,244,1,202,338.53,0.9994,0.6003,0.235221,40,14,94,289.19,0.8783,0.1627,0.015733,4.339
622062,520,414,934,241,57,12,33.27,0.9890,0.5663,0.216569,29,24,47,292.53,0.4223,0.1244,0.011197,4.356
622091,520,388,908,248,52,120,6.49,0.9413,0.5929,0.237719,11,42,20,150.21,0.8618,0.1516,0.017775,4.245
622102,520,346,866,255,33,200,341.67,1.0000,0.6282,0.265213,69,32,27,29.03,0.5186,0.1921,0.023775,4.273
622125,520,447,967,227,44,112,5.18,0.8956,0.5432,0.193049,14,8,47,282.78,0.7978,0.0779,0.004723,4.441
622126,520,436,956,222,24,178,340.33,0.9563,0.5511,0.193997,4,23,18,174.33,0.6999,0.0870,0.006823,4.294
622142,520,421,941,251,15,5,29.45,0.9968,0.5628,0.208656,21,27,2,121.04,0.8754,0.1071,0.009477,4.349
622155,520,322,842,247,96,168,353.76,0.8918,0.6542,0.309700,28,53,59,214.85,0.3988,0.2106,0.031087,4.436
622173,520,460,980,230,5,88,11.73,0.9935,0.5256,0.176391,11,7,34,285.28,0.6924,0.0627,0.003386,4.241
622174,520,419,939,232,8,167,345.83,0.9890,0.5599,0.201223,28,24,11,92.92,0.3984,0.1078,0.009243,4.241
622179,520,344,864,230,52,249,323.61,0.9772,0.6254,0.261208,24,36,99,269.85,0.8086,0.1921,0.023567,4.230
622184,520,458,978,214,19,163,342.97,0.9537,0.5259,0.174086,1,15,16,200.10,0.8297,0.0619,0.003855,4.161
622193,520,319,839,242,72,223,332.91,0.9381,0.6450,0.288424,80,38,25,37.93,0.5876,0.2232,0.031621,4.146
622205,520,422,942,225,66,108,9.42,0.8241,0.5582,0.209893,6,23,57,261.84,0.8077,0.1120,0.009469,4.370
622218,520,399,919,245,42,127,2.72,0.9376,0.5823,0.226040,35,33,16,102.48,0.4172,0.1415,0.014825,4.258
622229,520,381,901,223,88,165,348.14,0.7524,0.6024,0.253863,1,45,11,147.05,0.9948,0.1561,0.019073,4.399
622230,520,339,859,241,104,108,20.89,0.8427,0.6369,0.296870,42,51,18,122.35,0.6364,0.2025,0.029035,4.389
622248,520,100,620,230,215,233,320.58,0.3699,0.8795,0.713074,3,115,14,143.28,0.9983,0.4009,0.123120,4.408
622262,520,385,905,227,28,223,329.26,0.9769,0.5894,0.224915,37,23,72,292.20,0.6773,0.1506,0.014740,4.246
622276,520,412,932,218,48,203,332.21,0.9141,0.5720,0.213333,16,17,69,274.45,0.8470,0.1166,0.009407,4.433
622300,520,456,976,221,50,78,17.72,0.8926,0.5272,0.182061,20,9,14,350.96,0.3236,0.0649,0.003758,4.317
622304,520,418,938,150,111,204,301.80,0.6089,0.5585,0.222128,12,32,4,137.31,0.9329,0.1162,0.011199,4.447
622309,520,401,921,251,8,130,1.33,0.9934,0.5822,0.222982,48,24,7,53.86,0.6713,0.1355,0.012971,4.335
622334,520,407,927,193,96,172,336.12,0.6307,0.5701,0.226832,22,34,19,139.46,0.4360,0.1324,0.013616,4.352
622370,520,456,976,218,25,141,351.50,0.9338,0.5253,0.175263,28,4,1,35.87,0.8779,0.0625,0.003359,4.222
622373,520,421,941,180,76,232,312.17,0.8648,0.5594,0.206993,44,7,37,336.35,0.7242,0.1095,0.008211,4.415
622377,520,374,894,243,7,202,338.33,0.9956,0.5995,0.234739,0,46,31,165.46,1.0000,0.1638,0.020528,4.037
622383,520,386,906,247,57,82,19.63,0.9492,0.5857,0.233130,48,26,49,325.41,0.4457,0.1544,0.015890,4.297
622392,520,345,865,195,122,190,329.30,0.5582,0.6275,0.292400,3,54,20,149.24,0.9858,0.1898,0.027081,4.442
622402,520,408,928,238,62,66,24.69,0.9171,0.5699,0.220189,3,36,25,166.83,0.9187,0.1296,0.013512,4.254
622429,520,445,965,220,32,147,350.11,0.9156,0.5353,0.183578,16,17,20,271.04,0.0884,0.0802,0.005616,4.200
622430,520,430,950,237,40,76,18.51,0.9479,0.5516,0.200471,44,8,15,12.53,0.7029,0.1015,0.007437,4.361
622432,520,385,905,166,101,245,301.61,0.8806,0.5872,0.240073,11,24,93,267.48,0.9281,0.1536,0.015146,4.453
622434,520,349,869,246,6,247,328.13,0.9984,0.6332,0.264414,2,27,117,264.14,0.9655,0.1851,0.020810,4.440
622435,520,355,875,233,105,103,23.18,0.7866,0.6240,0.284087,14,51,23,148.61,0.8949,0.1839,0.025228,4.441
622441,520,422,942,243,33,85,15.68,0.9633,0.5616,0.208017,26,17,55,290.02,0.6560,0.1123,0.008963,4.376
622445,520,388,908,245,70,5,35.92,0.9954,0.5870,0.238071,69,10,1,33.59,0.9782,0.1528,0.014847,4.442
622451,520,353,873,255,80,2,37.53,1.0000,0.6175,0.270054,35,45,25,130.11,0.4185,0.1788,0.023043,4.382
622470,520,354,874,233,30,245,325.50,0.9856,0.6157,0.248472,46,2,109,290.17,0.9853,0.1765,0.017284,4.436
622477,520,477,997,172,53,218,314.36,0.8790,0.5113,0.163798,3,0,11,298.58,1.0000,0.0218,0.000435,4.239
622490,520,295,815,254,108,163,359.23,0.9765,0.6804,0.344434,26,68,1,137.23,0.9966,0.2447,0.043559,4.216
622514,520,426,946,231,58,93,14.65,0.8807,0.5576,0.208083,37,19,27,352.00,0.3573,0.1128,0.009382,4.346
622516,520,346,866,208,97,237,318.83,0.8817,0.6306,0.280751,43,36,84,286.78,0.5840,0.1943,0.024154,4.460
622527,520,298,818,246,81,239,329.68,0.9640,0.6699,0.317124,78,32,80,325.89,0.6201,0.2316,0.032321,4.460
622538,520,310,830,221,119,200,335.35,0.7182,0.6625,0.327377,13,61,37,157.06,0.8962,0.2210,0.035565,4.410
622545,520,384,904,250,35,132,1.46,0.9604,0.5899,0.231955,6,42,17,149.75,0.9441,0.1488,0.017350,4.186
622548,520,353,873,203,88,243,316.23,0.9177,0.6153,0.261484,40,43,20,115.04,0.4753,0.1767,0.022294,4.309
622561,520,232,752,246,155,118,42.75,0.8138,0.7371,0.443460,23,80,42,150.92,0.9058,0.2899,0.060864,4.451
622565,520,323,843,242,98,175,350.06,0.8522,0.6514,0.307105,49,51,17,112.16,0.6425,0.2096,0.030611,4.430
622572,520,432,952,243,22,1,30.07,0.9992,0.5478,0.196342,42,10,10,23.23,0.6783,0.0995,0.007313,4.298
622576,520,471,991,222,40,79,16.09,0.9209,0.5215,0.176144,0,3,24,262.29,1.0000,0.0361,0.001311,4.407
622584,520,450,970,167,70,235,307.52,0.8826,0.5362,0.185946,23,9,6,35.14,0.4417,0.0664,0.003907,4.377
622610,520,363,883,241,5,231,330.66,0.9980,0.6135,0.245816,12,47,39,175.16,0.7242,0.1744,0.022576,4.076
622655,520,389,909,214,82,185,337.29,0.7763,0.5892,0.238355,20,37,38,200.55,0.3338,0.1467,0.016118,4.361
622658,520,370,890,174,113,233,305.54,0.7773,0.6089,0.266926,18,48,13,140.91,0.9114,0.1738,0.022715,4.358
622666,520,249,769,255,125,186,352.52,1.0000,0.7161,0.394753,25,76,38,148.98,0.8880,0.2763,0.055153,4.230
622674,520,464,984,185,92,68,35.53,0.6477,0.5152,0.183874,12,8,13,319.65,0.2140,0.0538,0.002809,4.429
622675,520,459,979,124,88,255,286.80,1.0000,0.5282,0.184842,2,13,26,248.66,0.7066,0.0626,0.003753,4.369
622679,520,459,979,229,14,96,9.20,0.9796,0.5277,0.178196,24,0,28,322.63,1.0000,0.0592,0.002781,4.323
622698,520,254,774,253,133,157,8.54,0.9316,0.7163,0.400949,3,73,65,182.38,0.9703,0.2684,0.051659,4.436
622707,520,434,954,207,17,219,325.25,0.9813,0.5479,0.187826,9,25,29,215.84,0.4489,0.1003,0.008420,4.071
622753,520,440,960,227,70,43,32.23,0.9184,0.5543,0.208884,1,24,31,219.82,0.9008,0.0936,0.007586,4.496
622764,520,329,849,254,69,206,340.53,0.9928,0.6533,0.297865,10,47,98,257.90,0.8574,0.2120,0.029792,4.360
622778,520,81,601,249,213,252,323.66,0.9520,0.9009,0.747574,44,115,28,140.37,0.9615,0.4121,0.128803,4.461
622794,520,362,882,248,65,151,356.82,0.9299,0.6144,0.259747,45,39,41,355.55,0.0856,0.1774,0.021690,4.321
622800,520,431,951,152,82,254,297.38,0.9890,0.5486,0.198659,20,10,63,282.77,0.8521,0.1022,0.007247,4.344
622804,520,397,917,244,22,148,354.59,0.9743,0.5785,0.219483,43,30,1,84.59,0.9415,0.1412,0.014444,4.182
622811,520,370,890,243,42,201,338.87,0.9584,0.6113,0.249306,30,26,94,278.05,0.8177,0.1708,0.018229,4.387
622812,520,463,983,163,75,223,308.41,0.8246,0.5276,0.181470,13,6,15,319.12,0.3852,0.0512,0.002503,4.409
622813,520,367,887,238,8,230,330.21,0.9965,0.6080,0.240667,44,27,80,294.28,0.6674,0.1735,0.018985,4.213
622817,520,461,981,200,43,193,330.16,0.8869,0.5307,0.178591,3,7,22,265.41,0.6220,0.0478,0.002292,4.371
622823,520,294,814,249,88,234,331.75,0.9721,0.6793,0.330625,24,55,102,258.63,0.7011,0.2422,0.038857,4.284
622826,520,401,921,248,48,86,17.32,0.9559,0.5813,0.227457,3,11,102,265.48,0.9856,0.1416,0.012179,4.462
622830,520,353,873,243,66,174,347.88,0.9037,0.6158,0.260101,24,41,65,257.12,0.4781,0.1761,0.021616,4.330
622835,520,432,952,191,48,234,316.62,0.9317,0.5490,0.191321,44,11,7,30.04,0.7275,0.1041,0.007902,4.168
622841,520,384,904,207,56,242,319.07,0.9415,0.5866,0.225062,66,11,23,13.05,0.7811,0.1516,0.014597,4.258
622845,520,435,955,191,11,253,313.25,0.9938,0.5471,0.184088,12,4,70,274.56,0.9723,0.0949,0.006072,4.175
622883,520,352,872,254,82,40,34.49,0.9939,0.6196,0.272622,63,33,42,1.20,0.3952,0.1889,0.023118,4.412
622886,520,470,990,147,97,184,309.23,0.5779,0.5151,0.182135,13,3,10,337.13,0.5241,0.0421,0.001726,4.488
622893,520,458,978,235,28,10,29.99,0.9912,0.5336,0.185178,10,12,3,117.35,0.5279,0.0577,0.003340,4.409
622908,520,14,534,230,254,253,193.71,0.9404,0.9759,0.947977,55,132,24,138.79,0.9740,0.4713,0.173801,4.459
622918,520,431,951,197,0,249,315.82,1.0000,0.5510,0.187113,1,10,74,264.73,0.9752,0.1019,0.007179,4.147
622924,520,414,934,238,57,90,16.28,0.9049,0.5697,0.218447,44,10,53,318.43,0.7416,0.1241,0.010097,4.467
622950,520,425,945,174,72,244,307.75,0.9239,0.5555,0.201658,48,10,1,38.33,0.9389,0.1090,0.008478,4.303
622953,520,455,975,186,89,126,357.79,0.5755,0.5276,0.190917,16,13,1,99.31,0.8211,0.0650,0.004002,4.461
622957,520,349,869,253,31,210,338.56,0.9892,0.6291,0.265191,23,37,94,268.68,0.7738,0.1889,0.023133,4.310
622988,520,432,952,197,46,228,319.86,0.9311,0.5524,0.194272,27,5,56,296.88,0.8609,0.0954,0.006271,4.341
622994,520,418,938,233,65,72,23.29,0.8938,0.5642,0.215751,45,20,4,52.14,0.7461,0.1215,0.010670,4.380
623026,520,424,944,182,72,240,311.25,0.9068,0.5635,0.208720,52,5,3,29.21,0.9228,0.1106,0.008453,4.426
623035,520,480,1000,180,2,236,313.93,0.9981,0.5127,0.158040,0,0,0,0.00,0.0000,0.0000,0.000000,4.161
623050,520,179,699,253,157,239,332.29,0.9870,0.7896,0.512307,41,80,122,251.91,0.5840,0.3343,0.076136,4.458
623071,520,448,968,194,61,204,324.92,0.8429,0.5436,0.191679,5,15,36,261.90,0.6668,0.0759,0.005013,4.393
623076,520,400,920,209,23,251,318.31,0.9870,0.5776,0.211349,42,6,82,297.59,0.9119,0.1434,0.012317,4.194
623103,520,386,906,253,17,128,2.51,0.9863,0.5876,0.228457,35,0,103,284.29,1.0000,0.1540,0.013366,4.394
623106,520,352,872,229,108,108,21.92,0.7424,0.6234,0.284683,19,53,13,140.81,0.9325,0.1912,0.027136,4.339
623107,520,257,777,239,138,158,7.81,0.7203,0.7050,0.389986,35,71,68,188.51,0.4693,0.2746,0.052810,4.280
623115,520,369,889,250,7,195,341.72,0.9960,0.6088,0.244194,30,6,115,277.29,0.9815,0.1709,0.016440,4.428
623124,520,375,895,212,73,221,325.31,0.8771,0.5963,0.239844,24,43,9,133.78,0.8572,0.1604,0.019416,4.175
623149,520,480,1000,167,4,254,306.29,0.9974,0.5097,0.154588,0,0,0,0.00,0.0000,0.0000,0.000000,4.092
623157,520,417,937,239,15,158,350.23,0.9821,0.5709,0.211641,47,17,1,49.14,0.9051,0.1185,0.010075,4.355
623200,520,348,868,233,90,190,341.31,0.8325,0.6329,0.283561,24,39,93,268.11,0.7399,0.1933,0.024354,4.486
623204,520,233,753,233,143,246,322.36,0.9280,0.7426,0.436240,10,77,82,202.84,0.8844,0.2906,0.059812,4.428
623210,520,280,800,250,108,195,345.32,0.9389,0.6866,0.349921,83,50,17,62.30,0.7028,0.2534,0.041609,4.366
623218,520,447,967,215,61,126,359.27,0.8006,0.5400,0.192933,13,13,37,280.17,0.5747,0.0780,0.005070,4.411
623219,520,390,910,252,54,32,30.50,0.9874,0.5869,0.234417,49,29,6,66.70,0.7260,0.1483,0.015449,4.346
623242,520,441,961,223,0,165,344.31,1.0000,0.5397,0.184072,38,10,5,33.72,0.7127,0.0913,0.006402,4.150
623243,520,426,946,221,18,198,334.30,0.9769,0.5590,0.198843,18,1,80,277.53,0.9933,0.1080,0.007295,4.343
623250,520,472,992,175,18,243,310.73,0.9842,0.5151,0.160186,13,1,2,15.08,0.7564,0.0335,0.001117,4.112
623263,520,429,949,226,61,64,24.68,0.8958,0.5451,0.198792,13,21,41,266.22,0.4965,0.0989,0.007820,4.303
623325,520,390,910,213,15,255,318.56,1.0000,0.5850,0.217096,70,0,29,3.80,1.0000,0.1505,0.013910,4.179
623336,520,398,918,236,66,123,5.17,0.8550,0.5834,0.231623,5,29,76,261.55,0.9030,0.1437,0.014327,4.378
623351,520,268,788,246,117,219,336.04,0.9326,0.7046,0.374324,37,71,22,137.38,0.8789,0.2631,0.049576,4.261
623366,520,401,921,181,80,249,308.34,0.9491,0.5788,0.224015,43,15,68,304.38,0.7526,0.1416,0.012726,4.368
623368,520,455,975,234,11,74,16.81,0.9895,0.5323,0.182293,5,5,45,272.57,0.9260,0.0635,0.003302,4.358
623377,520,474,994,226,31,37,26.85,0.9713,0.5177,0.172852,9,2,4,357.28,0.4900,0.0326,0.001103,4.361
623390,520,386,906,255,53,24,31.25,1.0000,0.5916,0.238759,29,39,23,134.22,0.3820,0.1546,0.017741,4.263
623395,520,362,882,221,92,171,345.49,0.7386,0.6073,0.259689,67,23,43,354.43,0.5917,0.1774,0.019807,4.436
623397,520,417,937,238,2,168,346.79,0.9977,0.5709,0.210507,28,25,31,307.84,0.1363,0.1169,0.010411,4.312
623449,520,418,938,233,62,24,33.39,0.9684,0.5557,0.208379,40,23,19,33.85,0.3380,0.1232,0.011110,4.228
623459,520,468,988,180,69,193,323.37,0.7738,0.5231,0.178110,4,6,10,258.70,0.2476,0.0406,0.001780,4.405
623472,520,461,981,166,55,248,305.51,0.9589,0.5297,0.176173,16,6,2,53.28,0.5649,0.0500,0.002448,4.312
623473,520,464,984,175,68,207,317.46,0.8070,0.5239,0.177542,17,6,12,345.46,0.3940,0.0545,0.002760,4.313
623498,520,453,973,228,43,71,19.66,0.9317,0.5343,0.186796,24,9,17,347.58,0.4160,0.0712,0.004301,4.361
623508,520,464,984,228,3,60,19.95,0.9971,0.5151,0.168883,6,6,21,280.76,0.5357,0.0477,0.002231,4.191
623513,520,375,895,232,87,103,17.12,0.8093,0.5956,0.249542,36,39,11,114.67,0.6498,0.1590,0.018503,4.373
623524,520,388,908,238,11,208,335.65,0.9928,0.5946,0.229734,49,27,24,28.27,0.3690,0.1474,0.015029,4.302
623527,520,340,860,232,110,151,0.80,0.7304,0.6441,0.305445,24,56,6,136.86,0.9656,0.2033,0.030356,4.423
623531,520,417,937,191,71,228,317.09,0.8693,0.5665,0.211855,18,23,60,273.50,0.6643,0.1218,0.010676,4.316
623556,520,466,986,190,16,217,321.12,0.9774,0.5168,0.163289,11,8,6,60.41,0.1542,0.0506,0.002580,4.057
623562,520,449,969,199,0,236,319.21,1.0000,0.5435,0.181998,11,16,4,125.87,0.5685,0.0686,0.004505,4.256
623568,520,477,997,174,60,196,320.70,0.8068,0.5051,0.162170,8,0,1,11.38,1.0000,0.0234,0.000538,4.198
623572,520,311,831,208,125,205,328.26,0.6476,0.6575,0.324863,22,57,68,221.42,0.5768,0.2242,0.035140,4.403
623575,520,438,958,180,63,242,310.74,0.9256,0.5523,0.196701,18,8,60,282.43,0.8707,0.0943,0.006285,4.383
623587,520,435,955,237,43,34,28.84,0.9638,0.5480,0.198510,36,8,27,342.10,0.6290,0.0919,0.006279,4.416
623631,520,353,873,194,101,239,313.25,0.8644,0.6185,0.270097,50,34,61,310.60,0.4102,0.1815,0.021591,4.471
623639,520,439,959,239,28,51,24.13,0.9780,0.5451,0.194236,11,16,42,272.08,0.6176,0.0866,0.006089,4.354
623644,520,326,846,245,55,251,326.75,0.9871,0.6535,0.291126,50,34,96,290.84,0.6741,0.2081,0.026667,4.449
623651,520,464,984,166,77,202,314.90,0.7532,0.5190,0.176798,7,5,19,289.29,0.5279,0.0452,0.002007,4.361
623652,520,340,860,246,59,227,332.78,0.9604,0.6429,0.282697,9,55,44,172.93,0.8631,0.2018,0.029722,4.173
623656,520,463,983,235,28,33,27.44,0.9801,0.5348,0.186057,2,8,26,261.64,0.7498,0.0516,0.002611,4.487
623657,520,407,927,167,96,234,304.99,0.8206,0.5722,0.225223,38,21,54,305.89,0.5625,0.1336,0.012148,4.429
623664,520,477,997,173,86,136,346.35,0.5559,0.5060,0.173185,3,0,7,308.47,1.0000,0.0194,0.000347,4.433
623667,520,469,989,182,69,181,328.08,0.7500,0.5187,0.175388,11,4,9,335.87,0.3845,0.0421,0.001777,4.353
623670,520,417,937,220,84,97,17.82,0.7569,0.5687,0.224218,3,30,43,232.80,0.8077,0.1191,0.011223,4.479
623673,520,457,977,213,5,186,335.63,0.9909,0.5336,0.178021,16,1,38,297.36,0.9337,0.0587,0.002718,4.325
623695,520,347,867,251,7,234,332.17,0.9979,0.6336,0.266048,48,40,47,330.09,0.1442,0.1862,0.023512,4.299
623709,520,399,919,241,35,151,353.46,0.9467,0.5794,0.221403,18,38,20,146.39,0.6077,0.1422,0.015653,4.134
623717,520,415,935,250,31,54,24.19,0.9800,0.5700,0.215740,16,30,32,207.20,0.3162,0.1204,0.011430,4.326
623730,520,421,941,207,47,215,325.96,0.9190,0.5603,0.202065,31,23,27,346.85,0.1666,0.1138,0.009832,4.213
623738,520,323,843,255,77,183,348.26,1.0000,0.6518,0.299900,48,49,46,121.77,0.0461,0.2102,0.030223,4.362
623743,520,444,964,237,21,66,19.83,0.9813,0.5402,0.189374,22,14,20,335.48,0.2377,0.0796,0.005352,4.325
623786,520,411,931,186,67,253,309.99,0.9853,0.5740,0.215462,31,22,47,299.07,0.4637,0.1221,0.010704,4.373
623811,520,358,878,227,54,239,325.15,0.9552,0.6151,0.252034,67,30,15,41.93,0.6531,0.1820,0.021565,4.220
623816,520,372,892,227,45,234,326.46,0.9623,0.6055,0.241505,38,43,18,118.54,0.5284,0.1742,0.021835,4.058
623823,520,401,921,217,35,224,326.47,0.9619,0.5760,0.213377,2,21,91,264.21,0.9581,0.1417,0.013045,4.178
623849,520,433,953,196,21,248,315.54,0.9855,0.5535,0.190508,18,16,48,281.95,0.6331,0.0967,0.007126,4.210
623877,520,426,946,179,67,243,309.95,0.9258,0.5559,0.200700,18,26,19,148.29,0.2589,0.1055,0.009144,4.239
623881,520,408,928,194,96,174,335.59,0.6383,0.5726,0.228925,28,26,51,285.77,0.4393,0.1307,0.012247,4.481
623905,520,317,837,243,85,214,335.90,0.9276,0.6553,0.304094,74,40,34,30.87,0.4361,0.2193,0.030891,4.377
623908,520,459,979,237,4,22,27.68,0.9980,0.5308,0.181526,10,10,12,285.86,0.0720,0.0560,0.003082,4.362
623919,520,418,938,225,62,132,359.04,0.8277,0.5619,0.211214,8,29,37,225.80,0.5784,0.1153,0.010639,4.308
623943,520,448,968,213,66,108,7.51,0.7831,0.5358,0.191276,28,4,33,320.62,0.7503,0.0761,0.004435,4.432
623960,520,396,916,233,46,161,348.91,0.9075,0.5752,0.218537,52,17,38,345.90,0.5855,0.1384,0.012710,4.282
623971,520,480,1000,224,3,89,10.48,0.9952,0.5127,0.166365,0,0,0,0.00,0.0000,0.0000,0.000000,4.327
623974,520,341,861,247,39,227,332.97,0.9778,0.6320,0.267742,81,9,67,337.81,0.8111,0.2011,0.023502,4.323
623982,520,336,856,252,60,200,341.56,0.9789,0.6392,0.281005,28,50,62,233.49,0.3956,0.2031,0.028758,4.203
623984,520,13,533,249,250,241,111.75,0.5506,0.9789,0.948618,70,130,2,134.10,0.9972,0.4717,0.172713,4.484
623985,520,319,839,254,30,241,331.20,0.9964,0.6491,0.283534,45,18,136,280.81,0.9455,0.2231,0.027680,4.294
623986,520,436,956,233,11,133,357.07,0.9832,0.5474,0.192594,22,20,4,102.87,0.6360,0.0892,0.006797,4.271
623993,520,440,960,237,45,64,22.56,0.9464,0.5529,0.202546,24,8,52,294.18,0.7895,0.0926,0.006158,4.497
624004,520,425,945,121,109,247,282.80,0.9027,0.5561,0.217172,35,23,12,63.05,0.4120,0.1144,0.009967,4.455
624018,520,369,889,249,59,140,0.33,0.9417,0.6069,0.251645,15,43,48,210.86,0.5602,0.1669,0.020426,4.283
624038,520,329,849,210,121,193,334.41,0.6317,0.6473,0.312281,50,48,58,294.52,0.1384,0.2148,0.030975,4.474
624047,520,442,962,236,34,51,24.53,0.9687,0.5419,0.192191,8,17,33,260.97,0.5067,0.0807,0.005623,4.354
624050,520,138,658,247,184,250,324.99,0.9545,0.8382,0.609587,30,98,99,196.49,0.7347,0.3701,0.099118,4.423
624073,520,439,959,176,70,232,311.26,0.8738,0.5464,0.194375,34,6,36,325.09,0.7175,0.0906,0.005977,4.366
624075,520,210,730,235,177,22,84.10,0.9634,0.7589,0.491662,32,87,27,141.96,0.9385,0.3143,0.072023,4.439
624086,520,240,760,220,151,230,322.26,0.7434,0.7332,0.430632,1,81,6,143.20,0.9989,0.2828,0.059042,4.408
624087,520,448,968,206,56,171,339.05,0.8214,0.5391,0.188924,25,10,27,322.72,0.4968,0.0788,0.005029,4.342
624088,520,340,860,211,100,234,320.47,0.8678,0.6372,0.289052,26,54,9,136.09,0.9343,0.1981,0.028776,4.304
624093,520,341,861,226,63,251,321.92,0.9822,0.6289,0.266909,60,26,90,305.05,0.7201,0.2017,0.024377,4.261
624104,520,417,937,255,2,26,27.45,1.0000,0.5695,0.213819,38,8,67,301.56,0.8391,0.1247,0.009910,4.404
624123,520,455,975,227,18,99,8.02,0.9702,0.5256,0.176672,19,8,18,330.02,0.3985,0.0633,0.003558,4.232
624137,520,410,930,134,114,231,288.33,0.7612,0.5659,0.228723,28,31,2,115.00,0.8889,0.1256,0.012312,4.473
624153,520,382,902,237,55,177,344.97,0.9052,0.5969,0.239141,16,40,56,240.17,0.5503,0.1627,0.019132,4.182
624166,520,363,883,246,6,207,337.68,0.9968,0.6078,0.242312,74,13,1,34.53,0.9794,0.1670,0.017461,4.333
624187,520,453,973,213,30,167,341.61,0.9200,0.5308,0.178670,23,4,38,306.66,0.7885,0.0728,0.004089,4.228
624190,520,400,920,225,61,169,345.02,0.8500,0.5766,0.222121,3,5,104,265.51,0.9940,0.1379,0.011273,4.441
624212,520,477,997,194,7,206,325.11,0.9881,0.5131,0.160791,0,0,18,264.05,1.0000,0.0220,0.000437,4.179
624231,520,396,916,249,21,128,1.97,0.9793,0.5807,0.222381,3,39,26,164.60,0.9349,0.1398,0.015449,4.162
624241,520,387,907,247,44,121,5.26,0.9387,0.5856,0.229594,56,22,35,357.75,0.5174,0.1526,0.015360,4.278
624246,520,13,533,229,254,254,196.74,0.9284,0.9755,0.946966,40,135,7,140.18,0.9955,0.4745,0.177937,4.374
624257,520,435,955,237,45,53,25.34,0.9529,0.5514,0.201415,17,10,58,281.20,0.8377,0.0943,0.006417,4.456
624268,520,417,937,198,72,212,323.58,0.8350,0.5673,0.213955,42,8,51,318.36,0.7613,0.1168,0.009050,4.470
624270,520,457,977,156,84,223,304.75,0.7978,0.5313,0.187367,20,8,16,340.23,0.3859,0.0637,0.003598,4.429
624279,520,410,930,242,13,132,359.18,0.9852,0.5657,0.208343,29,31,11,113.81,0.5308,0.1282,0.012653,4.123
624283,520,426,946,220,61,149,351.12,0.8201,0.5584,0.207255,34,22,21,24.23,0.2332,0.1131,0.009681,4.311
624301,520,237,757,219,167,138,50.41,0.4679,0.7318,0.445338,25,80,35,146.84,0.9216,0.2891,0.060651,4.477
624308,520,459,979,179,73,205,319.17,0.7885,0.5347,0.187577,17,9,12,354.67,0.2434,0.0608,0.003411,4.448
624311,520,452,972,210,18,183,335.78,0.9627,0.5294,0.175553,33,3,17,354.24,0.7520,0.0740,0.004290,4.155
624334,520,377,897,236,80,110,12.88,0.8384,0.5954,0.246989,7,37,70,253.76,0.7928,0.1600,0.018104,4.361
624335,520,433,953,148,107,201,302.50,0.6101,0.5464,0.210286,21,25,14,124.50,0.3198,0.1039,0.008864,4.422
624345,520,406,926,253,10,103,10.19,0.9931,0.5786,0.220827,42,25,19,40.22,0.3484,0.1308,0.012346,4.344
624349,520,449,969,197,25,228,320.29,0.9710,0.5405,0.181686,1,11,43,262.24,0.9430,0.0700,0.004202,4.274
624366,520,444,964,186,28,247,312.85,0.9757,0.5397,0.179862,12,16,30,270.98,0.3887,0.0793,0.005425,4.147
624367,520,468,988,194,13,207,324.82,0.9786,0.5152,0.162638,3,4,26,273.17,0.8130,0.0433,0.001808,4.104
624378,520,463,983,113,94,253,282.40,0.9803,0.5262,0.186075,6,10,11,212.35,0.1715,0.0523,0.002800,4.471
624380,520,403,923,173,89,250,304.60,0.9461,0.5812,0.229317,34,26,39,312.14,0.2696,0.1302,0.012254,4.487
624382,520,471,991,182,63,193,324.26,0.7975,0.5191,0.173516,11,3,16,313.58,0.6026,0.0426,0.001737,4.320
624401,520,354,874,177,116,231,306.82,0.7601,0.6166,0.276080,24,41,72,261.54,0.5445,0.1810,0.022479,4.499
624410,520,461,981,204,20,196,330.48,0.9619,0.5274,0.173251,0,11,3,153.74,1.0000,0.0466,0.002459,4.256
624411,520,466,986,159,69,224,307.27,0.8422,0.5150,0.170096,2,9,21,253.22,0.6476,0.0509,0.002624,4.182
624413,520,385,905,236,25,192,339.58,0.9732,0.5855,0.223367,41,33,9,90.84,0.6396,0.1476,0.015789,4.155
624430,520,416,936,247,7,102,9.61,0.9940,0.5653,0.208889,43,13,39,332.94,0.6151,0.1173,0.009480,4.353
624461,520,466,986,206,76,16,40.27,0.9547,0.5205,0.183303,16,1,23,315.48,0.8376,0.0473,0.001937,4.492
624475,520,404,924,193,71,237,315.51,0.9015,0.5760,0.219596,34,22,57,296.91,0.5727,0.1328,0.012093,4.342
624478,520,364,884,233,11,250,324.51,0.9964,0.6138,0.244675,0,25,112,263.62,1.0014,0.1744,0.018650,4.292
624481,520,429,949,199,39,233,319.40,0.9522,0.5548,0.194779,38,13,22,359.03,0.5091,0.1010,0.007579,4.251
624488,520,480,1000,172,71,186,322.63,0.7401,0.5088,0.168233,0,0,0,0.00,0.0000,0.0000,0.000000,4.365
624499,520,429,949,195,73,184,331.46,0.7622,0.5465,0.198294,29,17,26,335.94,0.3047,0.0971,0.007367,4.328
624519,520,457,977,171,81,193,319.36,0.7147,0.5260,0.183940,21,6,8,11.12,0.4649,0.0582,0.003072,4.408
624520,520,333,853,249,19,253,327.45,0.9954,0.6450,0.277003,38,17,126,278.91,0.9469,0.2028,0.023192,4.468
624527,520,380,900,189,86,253,309.60,0.9804,0.6005,0.245672,56,26,22,28.77,0.4890,0.1561,0.016376,4.455
624531,520,400,920,234,42,169,346.36,0.9245,0.5782,0.220158,52,21,10,39.80,0.6516,0.1366,0.012884,4.296
624533,520,395,915,230,1,222,330.28,0.9994,0.5871,0.221212,26,32,44,263.95,0.2517,0.1399,0.014345,4.215
624536,520,373,893,228,25,243,324.79,0.9873,0.6039,0.236626,0,44,43,192.41,1.0000,0.1618,0.019757,4.109
624547,520,407,927,214,56,204,330.85,0.8888,0.5721,0.214862,66,0,1,28.23,1.0000,0.1349,0.011607,4.299
624548,520,433,953,211,85,56,34.38,0.8170,0.5464,0.206336,37,15,8,38.63,0.5612,0.0991,0.007525,4.456
624553,520,478,998,176,79,164,332.42,0.6574,0.5132,0.175036,8,0,4,344.76,1.0000,0.0250,0.000604,4.447
624556,520,448,968,220,32,166,343.72,0.9246,0.5446,0.190043,27,4,39,311.89,0.7888,0.0789,0.004664,4.391
624559,520,309,829,230,106,209,334.36,0.8286,0.6596,0.317367,62,48,18,84.19,0.6137,0.2173,0.031818,4.490
624560,520,407,927,241,57,8,33.53,0.9926,0.5662,0.216479,12,9,90,270.51,0.9741,0.1273,0.010116,4.433
624573,520,456,976,213,8,182,336.80,0.9847,0.5318,0.176994,30,0,5,12.31,1.0000,0.0589,0.002870,4.293
624587,520,410,930,231,64,124,3.63,0.8429,0.5723,0.221138,40,9,71,300.97,0.8399,0.1326,0.011014,4.444
624588,520,418,938,243,42,58,24.02,0.9609,0.5623,0.210195,11,19,68,269.67,0.8659,0.1163,0.009542,4.370
624592,520,450,970,216,35,174,340.23,0.9144,0.5430,0.188593,20,5,35,303.93,0.7380,0.0687,0.003786,4.436
624599,520,328,848,238,80,224,331.64,0.9198,0.6472,0.292988,71,34,59,340.81,0.4852,0.2115,0.027996,4.398
624619,520,273,793,252,120,165,0.50,0.9235,0.6960,0.368479,32,63,90,246.72,0.5276,0.2603,0.046001,4.359
624632,520,317,837,213,128,179,343.87,0.5784,0.6579,0.328407,24,61,34,150.28,0.7619,0.2248,0.036470,4.376
624646,520,378,898,231,38,229,328.72,0.9703,0.6050,0.240347,30,21,95,279.36,0.8642,0.1633,0.016385,4.374
624656,520,473,993,177,44,231,313.24,0.9288,0.5218,0.169190,1,1,23,270.14,0.9662,0.0307,0.000900,4.306
624664,520,356,876,245,13,223,333.46,0.9945,0.6169,0.250310,20,51,4,137.20,0.9745,0.1839,0.025251,3.991
624680,520,477,997,199,69,104,7.59,0.7272,0.5125,0.173998,0,1,8,261.19,1.0000,0.0192,0.000392,4.445
624701,520,355,875,247,0,218,335.12,1.0000,0.6152,0.248392,38,44,13,118.94,0.6645,0.1764,0.022425,4.120
624714,520,458,978,155,66,248,301.09,0.9512,0.5265,0.176427,14,7,32,292.86,0.6497,0.0639,0.003496,4.233
624715,520,471,991,200,15,191,330.81,0.9683,0.5152,0.163844,3,4,20,274.26,0.6855,0.0393,0.001567,4.147
624720,520,380,900,206,90,212,325.66,0.7970,0.6025,0.251892,32,36,50,272.08,0.2453,0.1596,0.017991,4.440
624730,520,414,934,210,49,224,324.43,0.9306,0.5730,0.212819,3,31,43,229.94,0.8158,0.1221,0.011737,4.257
624749,520,355,875,255,36,183,346.50,1.0000,0.6210,0.259441,44,44,2,109.66,0.9360,0.1815,0.023412,4.215
624764,520,389,909,217,5,250,320.70,0.9978,0.5857,0.217643,1,2,115,264.49,0.9983,0.1503,0.012875,4.257
624767,520,385,905,226,43,222,329.20,0.9547,0.5946,0.231728,20,6,105,273.17,0.9843,0.1494,0.012988,4.473
624771,520,429,949,243,9,75,17.34,0.9933,0.5511,0.197615,9,23,30,231.49,0.4348,0.0952,0.007646,4.295
624774,520,432,952,238,29,78,17.00,0.9673,0.5479,0.196092,27,11,51,297.59,0.7244,0.0997,0.007114,4.309
624790,520,453,973,206,76,76,23.61,0.7662,0.5276,0.188146,4,8,43,269.35,0.8893,0.0666,0.003739,4.432
624799,520,379,899,228,83,152,354.23,0.7772,0.5989,0.249500,30,39,26,136.20,0.3065,0.1563,0.018016,4.403
624800,520,367,887,248,66,147,358.35,0.9285,0.6138,0.259627,40,35,65,290.02,0.4293,0.1745,0.020348,4.401
624810,520,395,915,211,77,198,331.82,0.8119,0.5853,0.232357,23,21,80,276.90,0.8248,0.1409,0.012976,4.484
624821,520,361,881,207,106,205,328.04,0.7214,0.6238,0.279828,32,47,25,136.19,0.4915,0.1824,0.024103,4.451
624822,520,450,970,229,35,98,9.78,0.9330,0.5372,0.187448,4,13,33,261.71,0.6829,0.0686,0.004234,4.378
624829,520,433,953,176,98,180,325.38,0.5999,0.5530,0.212617,12,26,18,158.05,0.4365,0.1008,0.008606,4.481
624843,520,415,935,237,21,154,351.20,0.9704,0.5669,0.208770,2,31,44,231.21,0.8665,0.1222,0.011747,4.191
624845,520,460,980,200,78,109,7.57,0.6870,0.5282,0.188342,30,2,0,34.05,1.0000,0.0615,0.003195,4.481
624850,520,309,829,247,118,41,46.78,0.9403,0.6597,0.328942,40,56,48,162.88,0.2472,0.2239,0.034928,4.462
624855,520,419,939,250,0,7,28.83,1.0000,0.5575,0.203431,45,3,38,335.81,0.8102,0.1063,0.007630,4.398
624861,520,402,922,199,71,226,320.11,0.8737,0.5772,0.221410,33,10,74,291.93,0.8565,0.1277,0.010348,4.497
624870,520,459,979,214,70,17,37.37,0.9638,0.5275,0.187194,14,9,13,333.11,0.1937,0.0579,0.003178,4.460
624877,520,469,989,115,89,253,283.85,0.9815,0.5194,0.178810,9,2,25,295.86,0.8037,0.0435,0.001717,4.424
624886,520,432,952,234,42,108,7.60,0.9198,0.5545,0.202341,9,26,14,151.86,0.6131,0.0978,0.008285,4.329
624897,520,454,974,223,32,108,4.94,0.9252,0.5263,0.178064,1,10,43,262.91,0.9454,0.0681,0.003979,4.225
624898,520,403,923,211,65,218,326.00,0.8873,0.5844,0.226933,12,37,1,136.95,0.9890,0.1320,0.014034,4.325
624901,520,271,791,249,138,31,56.91,0.9641,0.6980,0.384185,6,68,87,225.10,0.9023,0.2640,0.048608,4.403
624904,520,371,891,231,6,255,322.98,1.0000,0.6132,0.243415,30,9,109,278.27,0.9663,0.1656,0.015754,4.462
624905,520,464,984,190,74,144,346.27,0.6847,0.5187,0.178599,2,10,18,241.35,0.6095,0.0516,0.002736,4.335
624912,520,451,971,225,41,116,3.04,0.8982,0.5385,0.188571,9,15,18,229.80,0.2108,0.0689,0.004434,4.383
624930,520,471,991,147,88,211,303.27,0.7334,0.5173,0.178860,0,1,33,264.21,0.9903,0.0383,0.001315,4.460
624938,520,477,997,220,46,31,29.80,0.9515,0.5150,0.172713,3,2,2,18.05,0.1289,0.0243,0.000672,4.395
624942,520,443,963,142,84,250,294.31,0.9502,0.5365,0.189936,3,20,11,160.09,0.7939,0.0755,0.005438,4.328
624952,520,320,840,157,138,246,289.84,0.8230,0.6473,0.319987,18,56,59,202.43,0.6344,0.2147,0.032726,4.472
624964,520,480,1000,214,2,131,353.56,0.9942,0.5060,0.159807,0,0,0,0.00,0.0000,0.0000,0.000000,4.196
624965,520,476,996,221,7,83,12.24,0.9889,0.5057,0.161514,2,0,4,311.99,1.0000,0.0155,0.000217,4.212
624972,520,436,956,221,54,135,356.15,0.8416,0.5479,0.197623,16,18,37,277.56,0.4421,0.0914,0.006763,4.362
624987,520,417,937,221,53,175,341.63,0.8701,0.5653,0.210159,35,12,66,297.70,0.7903,0.1247,0.010136,4.326
625006,520,359,879,234,18,248,325.15,0.9935,0.6156,0.247048,69,5,80,320.91,0.8840,0.1843,0.019531,4.272
625011,520,474,994,226,3,83,12.78,0.9958,0.5154,0.168613,6,1,15,302.94,0.7909,0.0313,0.000949,4.291
625047,520,416,936,236,64,71,23.53,0.9041,0.5688,0.219577,37,18,48,311.70,0.5640,0.1223,0.010394,4.464
625059,520,399,919,175,82,255,304.96,1.0000,0.5782,0.223692,37,17,73,294.37,0.7622,0.1412,0.012753,4.361
625074,520,475,995,207,12,178,336.46,0.9727,0.5190,0.167448,3,4,3,145.17,0.1439,0.0313,0.001128,4.253
625076,520,477,997,161,68,216,310.02,0.8233,0.5102,0.166699,2,1,0,82.32,1.0000,0.0176,0.000346,4.304
625080,520,392,912,212,75,207,329.31,0.8405,0.5898,0.235361,46,9,82,300.63,0.8714,0.1522,0.013854,4.469
625090,520,386,906,255,34,112,8.70,1.0000,0.5932,0.235776,11,28,79,265.62,0.8587,0.1469,0.014661,4.420
625091,520,347,867,240,74,200,339.12,0.9038,0.6310,0.275957,44,45,33,111.56,0.2127,0.1901,0.025221,4.333
625096,520,394,914,199,66,251,314.36,0.9750,0.5902,0.230049,37,34,2,104.27,0.9030,0.1443,0.015418,4.281
625106,520,377,897,246,12,194,341.16,0.9922,0.6016,0.237540,67,13,30,6.14,0.7401,0.1582,0.015751,4.373
625112,520,465,985,144,70,249,296.78,0.9552,0.5185,0.171493,12,9,5,80.00,0.2507,0.0534,0.002845,4.191
625123,520,404,924,252,12,96,12.25,0.9918,0.5752,0.218066,22,7,89,277.46,0.9621,0.1306,0.010437,4.435
625144,520,454,974,233,32,27,28.65,0.9762,0.5322,0.184389,31,5,13,3.17,0.6590,0.0729,0.004290,4.317
625158,520,437,957,212,54,182,336.99,0.8556,0.5539,0.200149,10,9,63,273.16,0.9265,0.0929,0.006188,4.452
625167,520,474,994,200,59,153,344.14,0.7808,0.5221,0.177091,1,5,9,236.44,0.5955,0.0344,0.001347,4.423
625174,520,420,940,223,13,190,336.99,0.9829,0.5564,0.196960,26,24,16,95.70,0.2238,0.1068,0.009103,4.178
625181,520,387,907,226,91,108,15.53,0.7571,0.5920,0.247362,18,40,5,135.84,0.9357,0.1460,0.016571,4.467
625184,520,76,596,254,232,91,100.39,0.9844,0.9112,0.795406,26,121,12,141.57,0.9917,0.4248,0.139203,4.468
625189,520,449,969,193,62,193,327.90,0.8148,0.5359,0.186345,7,19,9,148.85,0.5500,0.0750,0.005306,4.273
625212,520,368,888,249,29,192,342.53,0.9773,0.6112,0.248275,51,35,0,82.97,1.0000,0.1654,0.019059,4.319
625220,520,257,777,243,147,38,62.58,0.9394,0.7068,0.400646,5,76,17,144.77,0.9921,0.2670,0.052414,4.400
625232,520,395,915,203,62,248,316.36,0.9619,0.5902,0.229205,7,36,47,227.02,0.7087,0.1413,0.015121,4.287
625234,520,397,917,251,36,101,11.82,0.9719,0.5832,0.227142,3,21,92,264.69,0.9571,0.1434,0.013283,4.379
625240,520,449,969,166,76,234,306.86,0.8666,0.5416,0.192170,23,7,32,311.76,0.6426,0.0739,0.004384,4.453
625251,520,431,951,178,55,254,308.03,0.9935,0.5518,0.193540,20,4,68,282.80,0.9468,0.0991,0.006529,4.308
625265,520,24,544,242,250,224,120.98,0.7492,0.9676,0.926302,51,129,63,146.51,0.8886,0.4649,0.167626,4.486
625267,520,473,993,231,7,8,28.95,0.9964,0.5179,0.171615,1,2,19,269.24,0.9012,0.0308,0.000969,4.348
625279,520,276,796,252,124,142,12.91,0.9214,0.6952,0.370667,41,67,13,131.95,0.9057,0.2517,0.045147,4.421
625284,520,375,895,234,2,224,330.72,0.9989,0.5958,0.229203,26,37,55,260.00,0.3623,0.1600,0.018185,4.095
625288,520,479,999,199,53,137,349.91,0.7908,0.5066,0.164964,0,0,2,264.05,1.0000,0.0079,0.000044,4.296
625295,520,428,948,199,36,248,316.07,0.9697,0.5649,0.201826,40,15,3,47.51,0.7606,0.1030,0.007994,4.342
625306,520,335,855,244,71,206,338.22,0.9323,0.6380,0.281987,2,37,114,262.39,0.9825,0.2013,0.025508,4.397
625320,520,450,970,231,29,111,5.04,0.9463,0.5419,0.190183,17,13,4,89.35,0.4743,0.0669,0.004158,4.435
625324,520,435,955,208,57,183,335.60,0.8393,0.5502,0.197570,4,8,69,267.53,0.9696,0.0947,0.006291,4.398
625331,520,324,844,248,59,238,330.50,0.9732,0.6530,0.292603,50,45,68,293.87,0.3023,0.2122,0.029722,4.297
625334,520,390,910,252,54,61,25.15,0.9841,0.5897,0.236743,36,27,65,291.62,0.5621,0.1517,0.015406,4.384
625340,520,257,777,250,125,180,354.07,0.8954,0.7063,0.382892,38,66,92,247.86,0.4646,0.2738,0.050810,4.294
625341,520,449,969,215,20,176,339.16,0.9581,0.5353,0.180843,3,17,7,153.41,0.7878,0.0660,0.004356,4.247
625347,520,434,954,193,2,255,313.47,1.0000,0.5501,0.186022,15,24,24,196.14,0.2156,0.0992,0.008208,4.055
625350,520,446,966,223,9,158,346.61,0.9827,0.5381,0.183546,9,7,51,275.58,0.8942,0.0762,0.004490,4.286
625362,520,444,964,237,34,19,29.77,0.9824,0.5413,0.191988,23,9,37,304.34,0.6409,0.0808,0.005111,4.391
625378,520,268,788,241,108,241,327.55,0.9392,0.6959,0.357791,27,59,111,259.67,0.7073,0.2617,0.045084,4.289
625385,520,416,936,248,0,108,7.68,1.0000,0.5676,0.210427,42,20,9,46.45,0.5681,0.1175,0.010123,4.332
625412,520,415,935,255,10,25,27.80,1.0000,0.5710,0.215512,6,19,70,266.25,0.9115,0.1157,0.009466,4.465
625441,520,411,931,244,37,82,17.03,0.9592,0.5653,0.211688,54,5,29,355.78,0.7923,0.1219,0.009816,4.375
625461,520,393,913,238,81,17,38.25,0.9787,0.5871,0.241055,0,41,24,160.65,1.0000,0.1446,0.016517,4.376
625513,520,426,946,230,67,61,26.95,0.8966,0.5588,0.211771,23,26,15,120.63,0.3047,0.1088,0.009554,4.395
625517,520,372,892,249,35,177,346.98,0.9648,0.6064,0.245194,48,34,37,4.40,0.2024,0.1669,0.019061,4.274
625520,520,469,989,231,1,76,15.54,0.9989,0.5241,0.175355,15,1,2,16.84,0.7923,0.0362,0.001277,4.395
625528,520,365,885,254,71,80,22.96,0.9923,0.6122,0.261601,47,38,21,82.61,0.3961,0.1710,0.020448,4.423
625539,520,431,951,160,79,246,301.95,0.9243,0.5475,0.197198,22,20,41,286.55,0.4336,0.1040,0.008310,4.239
625546,520,480,1000,189,65,154,340.75,0.7350,0.5101,0.169341,0,0,0,0.00,0.0000,0.0000,0.000000,4.387
625550,520,368,888,249,78,35,34.59,0.9683,0.6051,0.257133,57,27,55,329.62,0.5092,0.1734,0.019297,4.432
625561,520,474,994,202,70,92,14.16,0.7449,0.5158,0.177116,11,1,10,330.55,0.7295,0.0345,0.001148,4.440
625584,520,442,962,199,26,226,321.30,0.9687,0.5427,0.183735,38,1,19,354.34,0.8712,0.0803,0.004809,4.265
625600,520,473,993,224,16,114,2.08,0.9685,0.5234,0.174355,10,0,8,333.70,1.0000,0.0295,0.000821,4.415
625606,520,431,951,213,78,104,12.11,0.7409,0.5497,0.205966,34,0,63,302.13,1.0000,0.1046,0.006990,4.491
625615,520,444,964,237,36,30,28.65,0.9731,0.5431,0.193633,6,18,28,244.21,0.4972,0.0789,0.005552,4.386
625626,520,327,847,240,86,212,335.74,0.9094,0.6505,0.299369,0,57,52,185.31,1.0000,0.2089,0.031740,4.274
625651,520,399,919,228,76,135,0.36,0.7937,0.5839,0.234147,11,36,33,184.85,0.5843,0.1362,0.014427,4.410
625666,520,465,985,224,28,71,17.72,0.9585,0.5167,0.171356,18,5,1,49.61,0.7341,0.0499,0.002393,4.225
625710,520,432,952,195,70,189,329.75,0.7832,0.5457,0.196581,0,24,36,231.93,1.0000,0.0958,0.007806,4.266
625713,520,452,972,166,80,216,310.78,0.7860,0.5334,0.188029,14,6,40,288.05,0.7737,0.0682,0.003768,4.427
625716,520,372,892,233,10,250,324.51,0.9968,0.6136,0.244453,52,22,75,307.23,0.6960,0.1711,0.018119,4.323
625722,520,441,961,192,94,110,11.37,0.5740,0.5404,0.203392,7,16,50,267.68,0.7958,0.0905,0.006460,4.488
625728,520,426,946,224,56,146,352.79,0.8464,0.5598,0.207535,38,9,47,317.18,0.7237,0.1088,0.008127,4.431
625730,520,424,944,194,61,221,320.26,0.8807,0.5554,0.200287,25,11,60,289.53,0.7939,0.1056,0.007723,4.336
625739,520,426,946,223,13,196,335.32,0.9844,0.5601,0.199638,9,14,70,270.03,0.9240,0.1081,0.008143,4.294
625748,520,363,883,250,26,194,342.15,0.9816,0.6130,0.249611,61,21,61,327.59,0.6459,0.1733,0.018655,4.364
625789,520,453,973,226,17,126,358.24,0.9667,0.5321,0.180788,21,3,34,308.37,0.7980,0.0653,0.003401,4.322
625798,520,463,983,190,17,238,316.15,0.9851,0.5342,0.175224,14,3,23,308.89,0.7068,0.0496,0.002204,4.314
625816,520,453,973,170,53,246,307.31,0.9505,0.5317,0.177468,29,8,3,39.35,0.6903,0.0724,0.004415,4.180
625824,520,479,999,181,61,182,327.51,0.7815,0.5081,0.165399,0,0,3,264.05,1.0000,0.0094,0.000066,4.302
625826,520,351,871,241,20,246,327.19,0.9933,0.6267,0.258576,34,46,55,240.96,0.2301,0.1921,0.025699,4.076
625838,520,432,952,243,28,18,29.33,0.9857,0.5509,0.199323,17,17,54,278.15,0.6948,0.1030,0.007864,4.309
625860,520,413,933,250,28,52,24.38,0.9831,0.5684,0.214061,1,23,69,260.95,0.9732,0.1207,0.010488,4.365
625880,520,444,964,233,3,113,3.70,0.9955,0.5386,0.185841,10,16,34,268.42,0.4970,0.0803,0.005506,4.249
625886,520,386,906,241,30,172,346.64,0.9624,0.5865,0.226109,37,20,72,293.64,0.7180,0.1452,0.013615,4.340
625890,520,229,749,255,132,218,339.92,1.0000,0.7404,0.428271,16,83,15,142.71,0.9799,0.2937,0.063309,4.221
625893,520,398,918,234,67,105,12.03,0.8557,0.5754,0.225296,58,10,35,352.86,0.7289,0.1385,0.012381,4.413
625898,520,334,854,254,95,92,24.69,0.9892,0.6431,0.300314,55,47,7,97.45,0.8232,0.2040,0.028607,4.457
625913,520,391,911,226,59,200,335.24,0.8976,0.5929,0.234692,54,18,48,334.41,0.6140,0.1487,0.014304,4.427
625914,520,387,907,244,75,46,32.22,0.9451,0.5930,0.244658,4,30,83,261.81,0.9345,0.1526,0.015788,4.479
625932,520,458,978,234,17,72,17.66,0.9833,0.5336,0.183643,2,7,34,265.92,0.8797,0.0552,0.002803,4.425
625935,520,381,901,191,93,231,314.90,0.8356,0.5972,0.246757,37,31,63,290.41,0.4761,0.1603,0.017322,4.408
625950,520,477,997,199,63,131,353.56,0.7500,0.5148,0.173377,3,0,2,338.03,1.0000,0.0160,0.000237,4.446
625991,520,471,991,212,64,49,29.60,0.8830,0.5189,0.178880,1,7,1,143.33,0.9335,0.0368,0.001606,4.435
626009,520,347,867,229,107,132,9.23,0.7177,0.6283,0.288418,20,50,35,159.80,0.6231,0.1866,0.025512,4.482
626019,520,440,960,224,4,184,338.90,0.9942,0.5529,0.193974,31,7,33,324.58,0.6657,0.0857,0.005531,4.393
626039,520,471,991,187,27,220,319.36,0.9574,0.5184,0.165173,14,1,4,1.84,0.7382,0.0357,0.001239,4.199
626045,520,370,890,253,7,181,346.22,0.9957,0.6073,0.243743,49,37,34,34.39,0.1799,0.1747,0.020916,4.142
626052,520,398,918,239,51,145,356.00,0.9032,0.5834,0.227658,46,28,22,39.20,0.3384,0.1445,0.014693,4.292
626054,520,444,964,205,65,163,342.04,0.7799,0.5424,0.194060,14,8,48,282.35,0.8075,0.0788,0.004804,4.453
626064,520,457,977,180,67,210,318.42,0.8225,0.5324,0.183719,22,6,14,349.38,0.4939,0.0615,0.003326,4.383
626066,520,411,931,196,55,248,314.63,0.9628,0.5734,0.212468,27,24,36,295.86,0.2506,0.1158,0.010137,4.365
626073,520,466,986,229,11,70,17.50,0.9885,0.5209,0.173426,13,4,14,323.95,0.4999,0.0462,0.002041,4.293
626101,520,429,949,181,50,248,310.43,0.9623,0.5468,0.188833,20,23,22,173.84,0.0683,0.0999,0.008194,4.104
626102,520,424,944,226,15,187,338.58,0.9805,0.5608,0.201008,7,11,76,268.81,0.9599,0.1093,0.008063,4.323
626111,520,443,963,185,42,244,312.80,0.9526,0.5435,0.185030,16,13,32,289.00,0.4718,0.0773,0.005023,4.271
626128,520,230,750,245,158,91,56.73,0.8408,0.7370,0.446239,19,79,67,176.44,0.8259,0.2928,0.061354,4.456
626146,520,472,992,203,25,178,335.47,0.9320,0.5161,0.166081,9,3,0,66.15,1.0000,0.0339,0.001232,4.218
626152,520,422,942,204,68,186,333.58,0.8009,0.5564,0.205186,41,0,57,313.86,1.0000,0.1095,0.007669,4.425
626158,520,422,942,240,17,127,0.58,0.9786,0.5609,0.204617,4,16,68,265.81,0.9335,0.1066,0.008137,4.380
626172,520,282,802,209,150,150,18.94,0.4085,0.6861,0.375713,18,70,32,148.78,0.9299,0.2521,0.046130,4.429
626188,520,469,989,207,61,124,358.37,0.7783,0.5244,0.180603,4,4,11,282.74,0.3885,0.0357,0.001368,4.489
626213,520,401,921,242,51,117,6.52,0.9130,0.5795,0.225325,42,29,0,84.86,1.0000,0.1370,0.013710,4.322
626219,520,387,907,232,10,212,333.23,0.9928,0.5859,0.221290,37,4,94,288.39,0.9636,0.1488,0.012883,4.314
626230,520,348,868,248,29,225,333.66,0.9858,0.6282,0.262745,18,53,12,140.90,0.9413,0.1906,0.027013,4.061
626244,520,479,999,201,56,127,354.99,0.7819,0.5091,0.167802,1,0,1,328.36,1.0000,0.0103,0.000086,4.349
626256,520,330,850,251,73,191,344.54,0.9652,0.6445,0.290391,23,59,1,136.74,0.9953,0.2124,0.033122,4.095
626260,520,473,993,218,29,121,358.94,0.9209,0.5190,0.171672,0,1,22,264.06,0.9808,0.0287,0.000796,4.364
626261,520,475,995,169,80,186,320.97,0.6966,0.5171,0.177184,11,0,0,29.23,1.0000,0.0269,0.000712,4.480
626298,520,402,922,237,58,136,359.45,0.8781,0.5820,0.228112,1,31,57,248.28,0.9283,0.1306,0.012818,4.427
626306,520,354,874,254,2,202,340.69,0.9991,0.6192,0.253819,23,46,54,222.51,0.4235,0.1836,0.024024,4.104
626309,520,418,938,218,30,197,333.85,0.9507,0.5575,0.198675,32,16,63,294.27,0.7234,0.1243,0.010365,4.119
626323,520,447,967,142,85,251,294.02,0.9583,0.5389,0.192128,22,1,53,294.29,0.9648,0.0799,0.004493,4.443
626330,520,476,996,168,76,179,323.27,0.6951,0.5053,0.167493,4,0,3,335.23,1.0000,0.0185,0.000324,4.322
626339,520,454,974,172,96,146,341.38,0.5066,0.5267,0.192127,4,9,42,268.66,0.8692,0.0676,0.003883,4.494
626362,520,368,888,232,83,165,349.90,0.8079,0.6110,0.260615,43,40,11,103.42,0.6630,0.1698,0.020554,4.403
626367,520,238,758,241,141,203,343.07,0.8126,0.7296,0.420645,28,77,33,145.39,0.8996,0.2800,0.056642,4.413
626369,520,424,944,240,35,107,8.27,0.9479,0.5620,0.207921,40,7,50,317.17,0.7731,0.1115,0.008334,4.421
626389,520,459,979,153,88,218,304.16,0.7640,0.5300,0.188141,18,8,22,315.93,0.4553,0.0640,0.003602,4.443
626397,520,464,984,166,84,180,321.62,0.6556,0.5153,0.177438,5,6,30,275.07,0.7424,0.0526,0.002562,4.327
626405,520,341,861,253,88,42,35.71,0.9869,0.6254,0.280328,16,22,134,267.95,0.9743,0.2049,0.024050,4.461
626408,520,401,921,194,83,219,319.84,0.8168,0.5796,0.227716,61,9,25,7.37,0.7709,0.1396,0.012578,4.438
626412,520,375,895,198,80,244,314.90,0.9271,0.5989,0.242760,69,12,38,357.42,0.7504,0.1642,0.016683,4.390
626419,520,409,929,228,78,87,20.84,0.8258,0.5728,0.226336,12,26,67,266.09,0.7759,0.1312,0.012221,4.441
626444,520,469,989,218,10,142,350.78,0.9761,0.5208,0.170780,6,2,21,291.62,0.7736,0.0378,0.001363,4.298
626452,520,467,987,233,4,23,27.51,0.9978,0.5222,0.174755,13,0,27,305.01,1.0000,0.0441,0.001647,4.352
626456,520,432,952,233,34,126,0.38,0.9337,0.5535,0.199770,17,1,74,278.45,0.9916,0.0994,0.006353,4.432
626463,520,449,969,192,18,244,315.36,0.9864,0.5428,0.181721,3,0,62,267.97,1.0000,0.0719,0.003671,4.317
626471,520,222,742,248,152,165,11.33,0.8045,0.7458,0.451319,27,78,90,216.12,0.6597,0.3028,0.064197,4.390
626476,520,375,895,245,31,174,346.92,0.9657,0.5955,0.234516,46,27,59,310.14,0.5072,0.1598,0.016805,4.259
626487,520,409,929,247,29,105,9.54,0.9684,0.5727,0.216763,43,19,34,343.16,0.4585,0.1250,0.010949,4.377
626492,520,436,956,243,21,31,27.38,0.9889,0.5488,0.196934,18,11,51,284.72,0.7554,0.0901,0.006069,4.404
626500,520,380,900,237,79,108,13.58,0.8482,0.5955,0.246821,67,7,53,339.71,0.7994,0.1627,0.016025,4.496
626506,520,347,867,234,69,223,330.87,0.9247,0.6290,0.270788,55,41,40,23.14,0.1816,0.1950,0.025514,4.248
626513,520,479,999,218,10,101,5.49,0.9791,0.5051,0.160647,0,1,0,142.50,1.0000,0.0135,0.000217,4.195
626523,520,390,910,208,63,241,319.36,0.9342,0.5936,0.233174,66,12,15,22.42,0.8178,0.1509,0.014559,4.386
626524,520,325,845,255,58,222,336.15,1.0000,0.6547,0.295632,56,47,23,89.43,0.4783,0.2076,0.029357,4.355
626527,520,471,991,196,59,159,340.63,0.7784,0.5181,0.173686,12,5,5,19.37,0.2963,0.0442,0.001977,4.304
626528,520,419,939,231,63,86,18.05,0.8756,0.5610,0.212187,2,22,60,260.14,0.9284,0.1102,0.009129,4.434
626531,520,467,987,217,45,91,11.71,0.8826,0.5180,0.173864,4,2,27,279.62,0.8837,0.0400,0.001484,4.348
626535,520,388,908,242,74,19,36.01,0.9794,0.5862,0.238251,48,31,1,78.25,0.9436,0.1510,0.016106,4.360
626541,520,398,918,232,8,209,334.00,0.9939,0.5836,0.219356,31,17,80,285.46,0.8187,0.1415,0.012714,4.295
626550,520,431,951,204,89,102,15.57,0.6599,0.5497,0.209434,11,23,39,256.02,0.4860,0.1014,0.008304,4.450
626580,520,432,952,246,14,9,29.18,0.9945,0.5520,0.199302,46,2,19,2.01,0.8571,0.0977,0.006714,4.396
626594,520,446,966,215,46,158,345.63,0.8624,0.5401,0.188720,7,19,16,176.63,0.4078,0.0770,0.005483,4.303
626617,520,338,858,238,58,251,325.04,0.9855,0.6441,0.281708,26,52,40,162.83,0.4853,0.1982,0.028287,4.237
626629,520,375,895,241,67,129,3.85,0.8785,0.5956,0.243031,36,24,78,288.22,0.7081,0.1568,0.015784,4.454
626634,520,400,920,252,6,118,5.26,0.9953,0.5800,0.221374,50,20,27,6.76,0.4941,0.1355,0.012576,4.337
626636,520,432,952,242,27,49,24.61,0.9810,0.5508,0.198863,41,10,27,349.29,0.6188,0.1033,0.007677,4.315
626641,520,0,520,255,255,255,0.00,0.0000,1.0000,1.000000,31,135,95,162.17,0.9153,0.4849,0.184447,4.479
626642,520,358,878,240,99,72,32.73,0.8878,0.6209,0.279198,3,52,20,149.79,0.9839,0.1828,0.025257,4.374
626665,520,418,938,249,2,22,27.78,0.9992,0.5563,0.202448,42,21,11,45.65,0.5196,0.1200,0.010528,4.171
626666,520,315,835,210,119,226,321.46,0.7831,0.6607,0.323876,18,61,3,139.25,0.9898,0.2171,0.034725,4.413
626680,520,478,998,195,20,192,329.14,0.9531,0.5085,0.159099,0,0,14,264.05,1.0000,0.0188,0.000317,4.156
626687,520,453,973,104,105,241,278.13,0.8811,0.5290,0.193965,21,12,10,32.87,0.2556,0.0708,0.004443,4.481
626698,520,472,992,200,45,178,334.79,0.8572,0.5229,0.173723,9,1,0,41.05,1.0000,0.0277,0.000798,4.404
626701,520,434,954,217,58,157,347.14,0.8267,0.5536,0.202145,1,20,55,259.11,0.9523,0.1003,0.007826,4.360
626710,520,462,982,197,64,168,337.72,0.7728,0.5301,0.183660,3,10,22,255.22,0.5760,0.0545,0.002944,4.413
626716,520,212,732,224,159,235,321.56,0.7750,0.7558,0.466429,44,83,51,148.42,0.6181,0.3122,0.069608,4.318
626724,520,383,903,249,32,161,351.77,0.9652,0.5977,0.237493,54,20,34,356.22,0.5361,0.1451,0.014002,4.492
626740,520,137,657,239,208,79,95.50,0.8481,0.8381,0.640283,22,103,75,164.73,0.9074,0.3746,0.103786,4.489
626778,520,445,965,223,43,116,2.85,0.8867,0.5359,0.186794,25,9,30,317.67,0.5629,0.0788,0.004958,4.309
626783,520,324,844,248,42,247,328.45,0.9831,0.6480,0.283307,45,40,89,284.93,0.5701,0.2094,0.027967,4.275
626824,520,453,973,171,40,249,307.63,0.9701,0.5256,0.170159,28,5,24,334.74,0.6577,0.0726,0.004214,4.061
626828,520,350,870,250,53,204,339.81,0.9693,0.6325,0.272330,82,13,31,11.28,0.8076,0.1901,0.021809,4.489
626829,520,353,873,253,75,88,21.24,0.9826,0.6160,0.266229,14,45,61,234.41,0.6413,0.1798,0.023070,4.328
626841,520,386,906,219,71,187,337.68,0.8283,0.5855,0.231566,10,24,86,267.06,0.9142,0.1452,0.013896,4.407
626867,520,452,972,179,96,117,4.82,0.5002,0.5258,0.192351,13,9,35,286.19,0.6384,0.0690,0.004023,4.486
626879,520,225,745,251,144,203,346.77,0.9265,0.7486,0.447700,36,75,95,232.96,0.5277,0.3007,0.062332,4.431
626886,520,441,961,240,23,25,28.24,0.9873,0.5427,0.192116,13,23,6,133.24,0.6561,0.0897,0.007115,4.239
626890,520,374,894,208,94,196,331.67,0.7419,0.6021,0.254025,22,31,83,271.06,0.7529,0.1639,0.017750,4.487
626895,520,467,987,193,83,88,19.80,0.6588,0.5177,0.182303,10,4,5,5.85,0.3019,0.0396,0.001623,4.500
626910,520,373,893,209,67,247,318.10,0.9574,0.6033,0.242866,62,24,16,33.36,0.6402,0.1615,0.017150,4.361
626923,520,369,889,234,53,208,334.91,0.9339,0.6066,0.245953,28,17,107,276.47,0.9358,0.1701,0.017092,4.411
626927,520,453,973,223,47,70,20.14,0.9144,0.5271,0.181659,11,18,7,134.22,0.4613,0.0746,0.005191,4.197
626946,520,461,981,219,19,144,350.51,0.9542,0.5263,0.175420,13,8,3,75.52,0.4221,0.0516,0.002658,4.281
626948,520,404,924,252,14,108,8.62,0.9895,0.5787,0.220959,61,3,2,28.91,0.9669,0.1273,0.010618,4.470
626951,520,368,888,230,46,226,329.17,0.9572,0.6059,0.242704,33,24,94,280.98,0.8185,0.1699,0.017847,4.314
626973,520,431,951,198,32,239,317.88,0.9683,0.5540,0.192723,33,19,0,75.82,1.0000,0.0998,0.007891,4.193
626988,520,476,996,156,50,251,302.01,0.9770,0.5141,0.163146,4,1,7,310.77,0.6480,0.0247,0.000629,4.210
626996,520,418,938,240,11,115,4.42,0.9873,0.5554,0.200057,48,8,39,338.20,0.7239,0.1192,0.009486,4.204
627010,520,410,930,213,20,240,321.80,0.9870,0.5747,0.209396,20,32,42,244.32,0.3198,0.1340,0.013489,4.086
627012,520,442,962,230,31,114,3.92,0.9387,0.5418,0.190208,8,21,10,148.15,0.5626,0.0815,0.006099,4.282
627016,520,336,856,234,76,226,330.04,0.9183,0.6377,0.281547,76,20,61,340.14,0.6979,0.1988,0.023740,4.496
627017,520,449,969,193,32,226,319.53,0.9553,0.5356,0.178629,0,18,7,157.56,1.0000,0.0665,0.004479,4.197
627022,520,304,824,243,95,210,337.42,0.9159,0.6652,0.318949,35,61,41,150.49,0.4892,0.2333,0.038548,4.167
627028,520,459,979,184,31,236,314.62,0.9631,0.5286,0.172276,17,2,40,296.40,0.8909,0.0635,0.003158,4.181
627034,520,407,927,180,73,252,307.93,0.9755,0.5714,0.214975,53,10,27,0.23,0.7052,0.1254,0.010532,4.377
627042,520,477,997,206,68,59,27.63,0.8359,0.5138,0.175740,1,3,0,132.12,1.0000,0.0241,0.000716,4.451
627043,520,464,984,176,64,212,316.67,0.8337,0.5243,0.176514,7,3,33,282.73,0.8550,0.0501,0.002201,4.339
627049,520,424,944,191,81,207,322.41,0.7824,0.5646,0.214675,26,28,2,113.50,0.8692,0.1149,0.010545,4.372
627057,520,425,945,234,32,132,358.36,0.9402,0.5566,0.201944,31,22,15,59.29,0.2779,0.1074,0.008996,4.270
627065,520,302,822,244,93,213,336.66,0.9270,0.6658,0.318686,36,59,55,182.30,0.3233,0.2326,0.037787,4.200
627072,520,426,946,250,19,10,29.34,0.9937,0.5620,0.208154,1,19,68,262.51,0.9752,0.1109,0.008895,4.383
627078,520,387,907,218,81,170,344.08,0.7668,0.5871,0.236947,44,18,76,299.76,0.7555,0.1546,0.014899,4.421
627080,520,455,975,202,35,189,331.92,0.9098,0.5264,0.174346,18,3,37,300.00,0.8267,0.0641,0.003273,4.211
627095,520,401,921,222,91,56,35.84,0.8442,0.5751,0.232998,22,25,71,275.29,0.7138,0.1392,0.013207,4.477
627097,520,367,887,249,43,165,350.93,0.9530,0.6052,0.245874,45,34,46,323.57,0.2361,0.1668,0.018992,4.289
627098,520,405,925,227,66,158,349.81,0.8312,0.5800,0.226985,52,14,37,346.28,0.6372,0.1333,0.011778,4.484
627100,520,436,956,173,78,226,311.03,0.8328,0.5477,0.198248,34,3,39,322.02,0.8092,0.0878,0.005517,4.472
627117,520,452,972,196,29,216,322.90,0.9532,0.5314,0.175739,0,19,23,211.12,1.0000,0.0749,0.005276,4.084
627133,520,353,873,246,13,231,331.77,0.9953,0.6238,0.256532,32,27,100,278.12,0.8307,0.1808,0.020110,4.372
627137,520,400,920,239,65,95,15.95,0.8903,0.5804,0.229607,27,20,76,281.76,0.7802,0.1384,0.012551,4.470
627139,520,408,928,247,41,50,25.83,0.9685,0.5688,0.215939,44,26,13,55.79,0.4906,0.1347,0.013034,4.219
627163,520,460,980,229,31,49,24.41,0.9687,0.5253,0.178627,29,4,3,27.72,0.7856,0.0648,0.003547,4.270
627185,520,451,971,200,11,224,322.21,0.9887,0.5380,0.179022,30,0,24,336.76,1.0000,0.0664,0.003420,4.287
627189,520,362,882,223,114,1,54.32,0.9974,0.6119,0.277271,41,44,5,113.85,0.8509,0.1785,0.022837,4.493
627214,520,410,930,241,44,101,11.24,0.9329,0.5680,0.214450,21,33,35,208.88,0.2410,0.1342,0.013685,4.152
627247,520,431,951,232,18,144,353.34,0.9704,0.5517,0.196049,1,22,44,250.06,0.8952,0.0963,0.007621,4.270
627251,520,365,885,235,90,109,15.67,0.8158,0.6065,0.260814,31,41,38,174.93,0.1691,0.1673,0.020171,4.429
627255,520,270,790,249,114,203,342.55,0.9343,0.6972,0.364889,39,56,104,267.23,0.5721,0.2553,0.042590,4.481
627260,520,406,926,236,51,155,351.88,0.8985,0.5818,0.225700,25,31,34,229.43,0.1279,0.1313,0.013021,4.375
627265,520,418,938,196,48,238,317.14,0.9402,0.5600,0.200241,5,25,65,261.65,0.8713,0.1235,0.011091,4.096
627267,520,450,970,198,57,195,328.89,0.8425,0.5404,0.188738,18,2,47,292.43,0.9220,0.0711,0.003773,4.440
627297,520,361,881,246,80,142,1.56,0.8955,0.6231,0.272863,24,47,27,147.25,0.5807,0.1769,0.023063,4.419
627299,520,407,927,210,28,230,323.26,0.9727,0.5651,0.202472,52,11,43,337.70,0.7006,0.1324,0.011439,4.109
627302,520,415,935,236,14,166,347.09,0.9828,0.5685,0.209031,15,23,63,270.49,0.7308,0.1224,0.010732,4.265
627304,520,410,930,216,55,198,333.14,0.8852,0.5710,0.214106,25,27,54,278.45,0.4756,0.1323,0.012569,4.221
627327,520,456,976,226,31,97,9.37,0.9389,0.5286,0.180146,1,9,36,261.96,0.9220,0.0602,0.003292,4.319
627356,520,471,991,203,40,163,340.53,0.8625,0.5160,0.168604,0,9,5,168.49,1.0000,0.0424,0.002063,4.199
627358,520,445,965,226,50,95,12.10,0.8868,0.5411,0.192790,23,4,50,296.23,0.8631,0.0832,0.004993,4.415
627365,520,345,865,243,91,124,10.46,0.8589,0.6259,0.279951,22,52,32,152.89,0.6563,0.1934,0.027308,4.268
627372,520,419,939,218,78,123,4.05,0.7496,0.5644,0.217866,13,30,14,145.37,0.6280,0.1124,0.010458,4.431
627386,520,430,950,112,106,253,279.89,0.9765,0.5476,0.208441,29,12,51,299.96,0.7040,0.1037,0.007632,4.484
627389,520,470,990,222,52,8,33.48,0.9889,0.5231,0.180058,7,3,23,290.55,0.7260,0.0427,0.001722,4.448
627406,520,237,757,252,143,152,15.38,0.9026,0.7309,0.426101,0,71,109,241.19,1.0000,0.2862,0.056103,4.487
627408,520,398,918,253,43,60,24.08,0.9899,0.5837,0.229404,21,32,49,258.87,0.3875,0.1387,0.014142,4.356
627414,520,275,795,237,134,166,0.87,0.7137,0.6976,0.378102,41,67,27,135.80,0.7236,0.2536,0.045648,4.476
627419,520,367,887,236,70,181,344.10,0.8706,0.6106,0.255521,26,43,28,147.44,0.4301,0.1659,0.020312,4.345
627439,520,198,718,254,154,209,346.45,0.9795,0.7729,0.487878,1,91,18,144.57,0.9990,0.3186,0.075320,4.292
627457,520,438,958,240,36,47,25.73,0.9703,0.5509,0.199956,41,2,26,347.17,0.8201,0.0907,0.005895,4.472
627467,520,440,960,201,86,126,0.84,0.6502,0.5474,0.205813,8,24,5,139.81,0.8570,0.0892,0.007158,4.476
627484,520,376,896,239,46,197,339.13,0.9441,0.6043,0.243388,27,20,100,276.54,0.9049,0.1650,0.016533,4.410
627488,520,452,972,217,38,146,350.02,0.8884,0.5326,0.182157,25,9,3,47.12,0.6190,0.0683,0.004087,4.292
627493,520,245,765,211,161,190,343.21,0.4160,0.7256,0.430574,23,78,29,145.11,0.9413,0.2806,0.057194,4.483
627498,520,376,896,224,92,135,2.65,0.7268,0.5981,0.252532,38,38,17,108.60,0.4737,0.1593,0.018388,4.424
627499,520,419,939,237,53,76,20.17,0.9228,0.5613,0.210757,8,26,46,252.73,0.6283,0.1123,0.009876,4.355
627501,520,434,954,244,0,32,26.42,1.0000,0.5458,0.193409,14,21,44,269.15,0.5286,0.1017,0.008115,4.188
627505,520,434,954,217,6,204,331.68,0.9928,0.5527,0.192438,25,5,67,288.27,0.9145,0.1045,0.007205,4.238
627537,520,463,983,190,12,237,316.43,0.9898,0.5320,0.173259,5,1,40,276.51,0.9766,0.0502,0.002072,4.288
627542,520,436,956,219,37,177,340.09,0.9162,0.5513,0.195599,31,2,48,309.48,0.8961,0.0887,0.005482,4.427
627556,520,467,987,206,22,174,337.48,0.9419,0.5180,0.167537,18,3,0,45.50,1.0000,0.0448,0.001937,4.188
627575,520,416,936,250,28,23,28.86,0.9865,0.5659,0.212200,29,19,58,291.30,0.6420,0.1219,0.010324,4.347
627576,520,472,992,171,55,233,310.35,0.9045,0.5239,0.172743,8,1,17,306.50,0.8059,0.0347,0.001138,4.356
627581,520,467,987,192,41,204,324.72,0.9022,0.5230,0.171535,9,0,31,292.42,1.0000,0.0433,0.001570,4.296
627583,520,461,981,232,25,77,16.42,0.9689,0.5333,0.183899,20,4,2,34.48,0.6833,0.0506,0.002400,4.464
627584,520,284,804,186,146,234,304.27,0.7049,0.6864,0.369378,17,70,7,140.97,0.9844,0.2483,0.045147,4.408
627586,520,412,932,252,31,5,30.37,0.9968,0.5708,0.216901,44,11,48,323.23,0.7014,0.1218,0.009883,4.457
627597,520,270,790,200,140,243,309.88,0.8221,0.6953,0.375073,27,69,47,158.11,0.6996,0.2563,0.046943,4.385
627609,520,459,979,149,91,214,302.94,0.7359,0.5271,0.187271,20,7,9,9.37,0.3932,0.0593,0.003204,4.460
627634,520,433,953,227,40,146,352.42,0.9047,0.5531,0.199265,6,4,78,268.72,0.9875,0.1015,0.006756,4.392
627638,520,247,767,247,120,237,330.44,0.9596,0.7196,0.393239,86,54,63,1.34,0.3149,0.2789,0.049759,4.443
627649,520,449,969,173,68,230,310.86,0.8688,0.5382,0.187325,6,9,38,272.37,0.7717,0.0658,0.003740,4.416
627665,520,366,886,224,67,218,329.60,0.9044,0.6076,0.249258,38,33,62,290.27,0.4311,0.1654,0.018476,4.370
627672,520,446,966,214,51,163,343.84,0.8473,0.5448,0.193104,36,2,17,356.53,0.8082,0.0776,0.004590,4.453
627676,520,14,534,232,253,254,200.26,0.8940,0.9756,0.945614,23,136,23,142.73,0.9880,0.4743,0.178516,4.357
627687,520,434,954,203,13,226,322.51,0.9876,0.5451,0.184771,12,9,66,274.29,0.9271,0.0976,0.006668,4.143
627689,520,418,938,233,28,152,351.19,0.9506,0.5609,0.204240,33,25,24,26.48,0.1482,0.1200,0.010846,4.178
627698,520,346,866,227,73,235,325.83,0.9254,0.6290,0.270963,52,42,25,80.25,0.3694,0.1892,0.024562,4.305
627700,520,384,904,252,18,141,358.23,0.9847,0.5904,0.230547,53,1,74,312.75,0.9701,0.1469,0.012731,4.472
627706,520,367,887,244,28,212,336.03,0.9813,0.6128,0.248201,24,11,115,273.53,0.9751,0.1708,0.016712,4.470
627723,520,434,954,165,79,239,305.13,0.8841,0.5483,0.198239,25,14,47,295.48,0.6351,0.0991,0.007260,4.335
627724,520,330,850,234,70,244,325.49,0.9582,0.6431,0.284067,12,44,102,261.15,0.8716,0.2085,0.028387,4.262
627725,520,348,868,249,73,154,356.74,0.9322,0.6252,0.272412,30,52,9,132.79,0.9011,0.1942,0.027517,4.159
627732,520,311,831,244,89,203,339.73,0.9172,0.6559,0.306924,48,49,61,281.35,0.1638,0.2168,0.031619,4.373
627734,520,478,998,182,21,217,318.74,0.9660,0.5051,0.154924,2,2,0,109.77,1.0000,0.0218,0.000563,4.053
627741,520,48,568,238,238,246,286.19,0.3239,0.9434,0.859800,20,127,26,143.30,0.9882,0.4443,0.154014,4.459
627743,520,411,931,234,36,161,348.73,0.9355,0.5709,0.213303,50,6,37,342.36,0.7612,0.1192,0.009420,4.431
627747,520,300,820,251,84,211,338.79,0.9717,0.6657,0.315560,71,49,4,79.72,0.9029,0.2312,0.035451,4.278
627751,520,441,961,145,107,189,304.21,0.5471,0.5355,0.202095,11,23,22,189.17,0.3241,0.0929,0.007418,4.390
627755,520,366,886,203,81,244,316.39,0.9300,0.6073,0.251144,43,38,27,86.37,0.2358,0.1675,0.019790,4.315
627761,520,451,971,239,15,61,20.98,0.9891,0.5417,0.190326,31,4,16,354.99,0.6965,0.0720,0.004156,4.438
627767,520,433,953,182,44,254,309.73,0.9943,0.5489,0.189032,35,15,16,17.42,0.4234,0.0979,0.007364,4.167
627775,520,422,942,207,40,227,323.02,0.9491,0.5641,0.203308,3,27,46,245.18,0.7930,0.1124,0.010004,4.221
627791,520,427,947,243,24,101,10.01,0.9731,0.5614,0.206509,20,15,57,282.51,0.7351,0.1044,0.007858,4.433
627821,520,391,911,178,90,249,306.43,0.9380,0.5883,0.236175,39,26,56,302.46,0.4894,0.1465,0.014557,4.433
627832,520,313,833,224,98,245,321.71,0.9419,0.6600,0.311771,54,51,25,102.67,0.4730,0.2167,0.032221,4.400
627843,520,391,911,250,30,132,1.20,0.9670,0.5875,0.229220,29,23,78,281.78,0.7482,0.1478,0.014240,4.346
627877,520,431,951,188,85,183,329.37,0.6971,0.5513,0.206086,19,25,21,156.02,0.1670,0.1041,0.008878,4.349
627878,520,351,871,251,82,131,6.97,0.9453,0.6308,0.281858,59,38,35,28.23,0.2876,0.1915,0.024375,4.462
627900,520,324,844,255,78,186,347.34,1.0000,0.6541,0.302572,51,51,15,109.16,0.6842,0.2116,0.031060,4.350
627904,520,475,995,211,0,165,341.41,1.0000,0.5163,0.165677,10,0,0,29.23,1.0000,0.0255,0.000645,4.259
627923,520,332,852,233,67,240,326.25,0.9462,0.6361,0.276316,52,45,13,96.94,0.6762,0.1953,0.026359,4.273
627925,520,444,964,227,33,127,358.80,0.9248,0.5414,0.189537,41,2,2,27.31,0.9464,0.0830,0.005193,4.340
627930,520,336,856,240,34,254,325.12,0.9967,0.6355,0.268277,40,9,125,280.99,0.9698,0.1961,0.021271,4.466
627941,520,281,801,178,152,237,297.36,0.7088,0.6921,0.380360,11,69,51,167.01,0.9088,0.2517,0.045662,4.499
627942,520,431,951,241,30,65,21.01,0.9728,0.5523,0.200143,44,7,19,4.50,0.7109,0.1013,0.007345,4.362
627943,520,396,916,220,74,174,342.65,0.8018,0.5839,0.231714,54,19,36,352.08,0.5581,0.1443,0.013775,4.417
627955,520,436,956,237,36,58,23.10,0.9638,0.5461,0.195750,21,21,14,107.60,0.2063,0.0931,0.007275,4.291
627959,520,314,834,221,120,184,342.83,0.6707,0.6569,0.322676,39,52,73,259.79,0.3311,0.2233,0.033683,4.453
627967,520,422,942,201,9,247,317.23,0.9947,0.5576,0.193298,9,30,15,150.99,0.7213,0.1104,0.010211,4.041
627974,520,378,898,239,29,200,338.09,0.9729,0.5971,0.234025,53,22,64,316.36,0.6338,0.1641,0.017009,4.239
627975,520,436,956,203,32,217,324.54,0.9519,0.5456,0.187410,1,23,24,198.76,0.9040,0.0874,0.006852,4.176
627979,520,419,939,248,6,76,17.44,0.9961,0.5613,0.206121,42,4,48,321.91,0.8170,0.1092,0.007925,4.422
627987,520,419,939,226,16,187,338.58,0.9789,0.5611,0.201298,26,16,56,290.19,0.6824,0.1113,0.008757,4.277
627995,520,441,961,185,83,173,332.18,0.6763,0.5381,0.195192,25,17,31,309.94,0.3460,0.0946,0.007065,4.297
628003,520,479,999,186,83,89,18.71,0.6262,0.5059,0.173485,1,0,2,311.99,1.0000,0.0114,0.000108,4.460
628008,520,376,896,233,62,179,343.66,0.8799,0.5966,0.240262,66,16,41,353.28,0.6862,0.1643,0.016891,4.339
628018,520,367,887,243,42,197,339.99,0.9561,0.6091,0.247448,53,36,13,72.38,0.6048,0.1726,0.020478,4.220
628022,520,469,989,205,73,59,29.23,0.8185,0.5185,0.180621,3,2,28,275.67,0.9152,0.0398,0.001466,4.481
628050,520,467,987,219,8,132,354.44,0.9809,0.5180,0.169023,4,2,22,283.05,0.8177,0.0363,0.001272,4.272
628074,520,369,889,195,100,225,317.43,0.7968,0.6092,0.261538,19,46,38,171.99,0.5384,0.1741,0.022323,4.308
628076,520,407,927,233,37,167,346.60,0.9340,0.5724,0.214396,17,31,39,234.41,0.3522,0.1274,0.012456,4.233
628080,520,342,862,242,91,146,0.99,0.8446,0.6310,0.284377,9,55,12,143.89,0.9722,0.1940,0.028169,4.278
628103,520,426,946,209,36,217,326.12,0.9479,0.5580,0.198287,41,19,13,36.13,0.4840,0.1146,0.009663,4.162
628105,520,456,976,230,17,78,15.42,0.9798,0.5263,0.177770,18,9,14,345.01,0.2847,0.0626,0.003557,4.253
628112,520,474,994,217,47,102,7.67,0.8656,0.5227,0.177466,7,2,4,350.25,0.4246,0.0304,0.000974,4.462
628117,520,383,903,218,77,207,331.07,0.8486,0.6018,0.247202,19,38,29,162.57,0.4401,0.1455,0.016133,4.494
628149,520,406,926,252,31,68,21.04,0.9847,0.5761,0.220965,6,12,94,267.03,0.9773,0.1333,0.011097,4.435
628151,520,366,886,244,27,205,337.86,0.9802,0.6083,0.244278,2,49,6,144.11,0.9933,0.1698,0.022226,4.074
628163,520,379,899,230,97,11,44.85,0.9804,0.5952,0.253993,46,34,35,12.79,0.1740,0.1634,0.018463,4.440
628170,520,354,874,251,0,207,338.75,1.0000,0.6160,0.250175,3,52,18,148.60,0.9855,0.1824,0.025189,3.992
628179,520,450,970,239,21,16,29.03,0.9891,0.5394,0.189278,27,5,29,324.44,0.6877,0.0739,0.004303,4.406
628183,520,457,977,140,80,250,294.11,0.9544,0.5283,0.182149,2,16,13,179.75,0.7365,0.0643,0.004125,4.289
628192,520,459,979,151,86,221,302.94,0.7826,0.5265,0.184557,11,9,30,284.61,0.5692,0.0638,0.003603,4.376
628194,520,374,894,217,53,243,321.63,0.9526,0.6009,0.237709,52,11,83,305.05,0.8456,0.1640,0.015940,4.363
628199,520,456,976,229,28,92,11.33,0.9532,0.5319,0.182642,9,14,9,144.91,0.2458,0.0634,0.003919,4.315
628214,520,426,946,240,44,92,14.15,0.9356,0.5637,0.211026,31,21,39,309.05,0.3808,0.1150,0.009741,4.369
628218,520,410,930,190,81,219,318.59,0.8168,0.5710,0.219477,28,18,68,286.29,0.7426,0.1279,0.010968,4.420
628219,520,425,945,149,96,252,294.81,0.9585,0.5648,0.217836,37,19,31,340.36,0.3819,0.1146,0.009580,4.495
628265,520,448,968,211,5,204,330.17,0.9932,0.5416,0.183191,4,3,60,269.16,0.9833,0.0756,0.004171,4.305
628278,520,426,946,216,0,216,328.36,1.0000,0.5578,0.195589,1,25,45,245.78,0.8984,0.1050,0.008911,4.169
628281,520,363,883,243,3,214,335.23,0.9984,0.6059,0.239778,58,14,70,318.06,0.7646,0.1653,0.016559,4.354
628294,520,389,909,237,13,205,336.21,0.9907,0.5913,0.227030,67,5,37,355.32,0.8273,0.1524,0.014356,4.305
628300,520,198,718,188,180,248,289.44,0.7899,0.7682,0.501110,5,89,50,155.50,0.9860,0.3178,0.074070,4.442
628303,520,267,787,231,128,242,323.59,0.9131,0.7125,0.388398,30,73,7,137.58,0.9787,0.2642,0.050563,4.359
628308,520,436,956,227,40,141,354.18,0.9037,0.5510,0.197743,42,3,12,10.96,0.8285,0.0891,0.005840,4.437
628311,520,408,928,241,54,85,17.78,0.9220,0.5719,0.219982,21,34,8,131.41,0.7489,0.1293,0.013210,4.271
628314,520,412,932,214,16,236,323.00,0.9894,0.5722,0.207248,10,32,4,138.84,0.9437,0.1151,0.011063,4.213
628327,520,457,977,185,0,245,313.40,1.0000,0.5282,0.169081,11,13,7,122.23,0.2533,0.0620,0.003743,4.076
628338,520,439,959,214,47,180,338.04,0.8791,0.5506,0.196266,20,20,3,109.21,0.7077,0.0869,0.006556,4.354
628346,520,344,864,225,93,194,337.75,0.7938,0.6260,0.277335,3,54,13,145.89,0.9897,0.1887,0.026866,4.258
628357,520,414,934,191,81,208,322.10,0.7853,0.5653,0.215166,3,36,2,142.20,0.9869,0.1245,0.012854,4.219
628363,520,401,921,234,60,137,358.69,0.8632,0.5786,0.225332,26,35,6,124.54,0.7790,0.1363,0.014348,4.279
628365,520,362,882,234,103,37,43.45,0.9230,0.6129,0.273293,65,32,16,45.47,0.6138,0.1829,0.021944,4.494
628375,520,376,896,244,16,204,338.06,0.9900,0.6044,0.239664,25,3,113,274.92,0.9922,0.1612,0.014640,4.481
628380,520,392,912,228,14,227,328.57,0.9916,0.5895,0.223565,49,26,34,357.88,0.3660,0.1486,0.015073,4.204
628382,520,460,980,234,11,49,23.36,0.9924,0.5283,0.179567,8,9,29,277.79,0.5789,0.0608,0.003357,4.302
628389,520,298,818,253,55,253,328.15,0.9941,0.6680,0.307098,60,47,70,309.87,0.3047,0.2301,0.034359,4.233
628398,520,479,999,178,7,233,313.97,0.9927,0.5080,0.155012,0,0,4,264.05,1.0000,0.0106,0.000088,4.093
628400,520,319,839,239,117,87,34.98,0.8357,0.6505,0.317642,15,62,0,139.52,1.0000,0.2191,0.035467,4.302
628401,520,450,970,230,47,46,27.04,0.9463,0.5378,0.190563,33,1,1,27.77,0.9629,0.0653,0.003473,4.499
628409,520,434,954,188,84,187,327.89,0.7116,0.5521,0.206212,36,11,40,321.94,0.6376,0.1038,0.007677,4.442
628410,520,476,996,215,56,38,30.37,0.9244,0.5148,0.174179,0,0,20,264.05,1.0000,0.0236,0.000505,4.439
628422,520,460,980,215,34,152,347.26,0.9007,0.5291,0.178605,25,5,10,4.79,0.5831,0.0625,0.003372,4.283
628429,520,337,857,235,61,243,326.12,0.9581,0.6362,0.274731,59,20,97,302.18,0.8035,0.1982,0.022932,4.452
628475,520,334,854,251,59,209,338.76,0.9757,0.6414,0.282437,31,49,65,246.23,0.3644,0.2039,0.028695,4.224
628480,520,430,950,176,80,213,315.34,0.7846,0.5453,0.197725,24,14,54,289.73,0.7047,0.1038,0.007746,4.290
628481,520,408,928,240,14,162,349.18,0.9844,0.5744,0.214511,47,15,41,335.30,0.6052,0.1282,0.011062,4.332
628486,520,457,977,214,70,25,36.32,0.9432,0.5279,0.187491,21,4,21,327.58,0.6424,0.0591,0.003004,4.481
628499,520,312,832,255,95,156,0.02,1.0000,0.6619,0.318480,54,51,16,104.41,0.6654,0.2152,0.031894,4.499
628501,520,459,979,189,58,194,326.38,0.8245,0.5258,0.177414,16,10,4,72.39,0.4057,0.0593,0.003360,4.262
628508,520,314,834,234,102,212,334.44,0.8633,0.6615,0.317509,21,57,51,180.92,0.6053,0.2157,0.033246,4.415
628517,520,343,863,252,36,202,340.52,0.9822,0.6251,0.262248,83,5,51,351.48,0.8584,0.1931,0.021869,4.345
628522,520,375,895,253,43,129,3.46,0.9818,0.5993,0.241990,51,14,81,304.72,0.8104,0.1638,0.016120,4.416
628529,520,440,960,220,5,190,336.24,0.9928,0.5492,0.190443,31,4,47,309.60,0.8277,0.0910,0.005834,4.306
628569,520,470,990,141,84,234,296.67,0.8470,0.5217,0.179440,15,0,11,336.86,1.0000,0.0371,0.001257,4.476
628571,520,365,885,235,48,223,331.15,0.9566,0.6139,0.251064,36,41,36,145.25,0.1146,0.1712,0.020883,4.247
628572,520,421,941,242,14,116,4.50,0.9846,0.5605,0.204556,25,26,13,111.99,0.3644,0.1104,0.009745,4.261
628576,520,291,811,231,110,225,329.33,0.8699,0.6753,0.335791,23,49,119,264.95,0.8384,0.2416,0.037105,4.429
628585,520,454,974,236,1,70,17.82,0.9991,0.5336,0.183000,34,0,9,6.59,1.0000,0.0675,0.003599,4.347
628597,520,398,918,251,6,121,4.15,0.9951,0.5789,0.220236,38,10,81,293.55,0.8725,0.1414,0.012232,4.342
628598,520,361,881,221,75,236,323.88,0.9185,0.6223,0.264624,25,28,106,272.71,0.8892,0.1840,0.020777,4.445
628612,520,201,721,249,154,212,343.19,0.9063,0.7675,0.480066,55,79,66,160.50,0.2986,0.3120,0.067974,4.493
628662,520,462,982,169,45,254,305.78,0.9942,0.5308,0.174682,3,2,38,272.11,0.9642,0.0486,0.002027,4.319
628677,520,448,968,243,5,26,27.35,0.9977,0.5443,0.192413,4,2,67,268.39,0.9919,0.0826,0.004744,4.428
628685,520,386,906,219,104,33,47.23,0.8969,0.5889,0.250728,3,43,12,147.23,0.9814,0.1501,0.017736,4.440
628686,520,423,943,249,16,2,29.67,0.9987,0.5587,0.205184,12,13,74,271.93,0.9286,0.1127,0.008604,4.354
628691,520,396,916,228,9,213,332.03,0.9930,0.5791,0.214960,46,17,57,315.62,0.6605,0.1401,0.012772,4.221
628694,520,438,958,241,20,78,16.73,0.9819,0.5505,0.197545,33,12,21,354.31,0.4698,0.0910,0.006405,4.389
628700,520,464,984,200,81,36,39.51,0.8627,0.5183,0.182936,2,8,17,249.23,0.5829,0.0465,0.002270,4.456
628718,520,438,958,206,39,216,325.53,0.9378,0.5539,0.195325,1,25,22,184.15,0.9305,0.0925,0.007596,4.259
628724,520,412,932,208,14,252,317.94,0.9932,0.5742,0.207539,23,22,53,281.87,0.5576,0.1180,0.010130,4.283
628756,520,464,984,197,77,103,9.94,0.6841,0.5196,0.181592,2,6,29,266.47,0.8464,0.0492,0.002319,4.427
628761,520,442,962,234,34,38,27.12,0.9717,0.5363,0.187796,17,13,32,291.60,0.4693,0.0783,0.005113,4.315
628764,520,397,917,175,107,202,315.72,0.6372,0.5801,0.238944,40,31,19,74.19,0.3315,0.1429,0.014781,4.460
628767,520,436,956,184,57,242,312.31,0.9322,0.5523,0.195285,33,9,26,340.05,0.5749,0.0882,0.005933,4.385
628793,520,368,888,247,54,166,350.72,0.9346,0.6094,0.251689,62,13,68,323.13,0.7680,0.1695,0.017295,4.483
628805,520,429,949,209,79,111,8.39,0.7159,0.5460,0.202971,17,18,52,277.65,0.6550,0.1033,0.007997,4.362
628809,520,235,755,238,150,202,344.04,0.7510,0.7417,0.442560,42,79,36,140.96,0.7602,0.2947,0.062114,4.393
628816,520,336,856,253,53,201,341.32,0.9865,0.6363,0.276492,52,32,88,296.60,0.6472,0.1997,0.024677,4.372
628818,520,411,931,192,68,237,315.36,0.9045,0.5713,0.214564,28,12,66,289.74,0.8076,0.1163,0.009032,4.482
628826,520,396,916,245,6,163,349.82,0.9944,0.5830,0.221903,18,12,97,272.69,0.9628,0.1437,0.012545,4.347
628840,520,469,989,182,30,232,314.97,0.9608,0.5216,0.167010,0,1,33,264.21,0.9903,0.0383,0.001315,4.229
628842,520,410,930,247,5,123,2.83,0.9952,0.5711,0.213162,23,33,14,131.42,0.5242,0.1290,0.013016,4.176
628856,520,470,990,174,87,158,334.63,0.5953,0.5197,0.182848,6,6,13,283.71,0.3043,0.0438,0.001980,4.480
628857,520,407,927,239,22,154,351.64,0.9705,0.5712,0.212607,19,28,48,264.92,0.4347,0.1258,0.011823,4.248
628872,520,397,917,223,93,48,38.67,0.8684,0.5790,0.237326,40,29,39,329.32,0.2356,0.1449,0.014764,4.437
628874,520,283,803,249,128,133,18.78,0.8749,0.6949,0.372744,17,71,2,140.17,0.9956,0.2514,0.046299,4.390
628876,520,360,880,203,93,235,317.95,0.8710,0.6167,0.265247,29,48,2,129.90,0.9715,0.1796,0.023795,4.272
628882,520,460,980,161,79,222,307.49,0.8094,0.5297,0.184435,20,5,27,314.23,0.6564,0.0632,0.003364,4.393
628888,520,431,951,194,82,180,332.67,0.7160,0.5546,0.208007,21,22,27,276.52,0.1219,0.1003,0.008124,4.439
628919,520,470,990,234,10,3,29.40,0.9974,0.5249,0.177193,1,4,22,264.82,0.8658,0.0384,0.001512,4.410
628924,520,373,893,238,30,213,334.41,0.9762,0.6033,0.239126,60,17,57,330.58,0.6825,0.1632,0.016571,4.343
628938,520,397,917,245,7,152,353.22,0.9931,0.5784,0.218347,14,15,95,270.38,0.9582,0.1426,0.012611,4.286
628958,520,304,824,215,125,207,330.30,0.6901,0.6678,0.336208,61,55,2,102.47,0.9576,0.2337,0.037289,4.424
628970,520,454,974,148,84,230,300.13,0.8271,0.5268,0.183500,9,10,34,277.45,0.6326,0.0669,0.003906,4.332
628974,520,353,873,251,63,152,356.88,0.9575,0.6185,0.263346,73,7,68,331.74,0.8252,0.1843,0.019860,4.485
628980,520,401,921,166,91,255,300.98,1.0000,0.5793,0.228096,0,2,111,264.11,0.9982,0.1437,0.011910,4.492
628985,520,377,897,226,51,227,327.88,0.9469,0.6032,0.240847,17,39,56,243.75,0.5254,0.1603,0.018557,4.242
628997,520,461,981,223,16,139,353.05,0.9660,0.5310,0.179253,15,6,10,349.73,0.3334,0.0515,0.002537,4.364
629001,520,415,935,181,85,229,312.54,0.8341,0.5706,0.219788,20,28,45,264.49,0.3780,0.1247,0.011687,4.374
629005,520,373,893,248,0,193,341.80,1.0000,0.6027,0.238100,15,43,19,146.70,0.8218,0.1566,0.018763,4.190
629008,520,365,885,253,74,58,29.27,0.9886,0.6103,0.260893,20,46,35,164.37,0.5402,0.1736,0.022240,4.304
629012,520,409,929,237,26,155,351.01,0.9609,0.5692,0.211129,14,36,21,152.51,0.6327,0.1337,0.014092,4.074
629027,520,431,951,211,4,215,327.34,0.9957,0.5490,0.188440,36,12,30,337.75,0.5448,0.0996,0.007318,4.160
629032,520,413,933,206,23,253,317.10,0.9914,0.5744,0.208281,37,14,58,304.64,0.7137,0.1231,0.010129,4.295
629037,520,415,935,224,37,189,337.70,0.9348,0.5672,0.208470,54,3,19,7.90,0.8650,0.1157,0.008965,4.383
629060,520,434,954,221,27,174,341.35,0.9453,0.5483,0.192145,34,1,61,303.19,0.9661,0.1039,0.006987,4.249
629063,520,467,987,169,63,219,312.51,0.8504,0.5180,0.171054,17,0,14,334.20,1.0000,0.0411,0.001509,4.292
629073,520,457,977,219,26,140,352.11,0.9321,0.5273,0.176948,14,11,11,17.73,0.0849,0.0614,0.003569,4.237
629074,520,358,878,199,108,216,321.14,0.7388,0.6220,0.278263,18,48,47,192.42,0.5507,0.1837,0.024476,4.408
629100,520,396,916,141,119,225,290.88,0.7059,0.5787,0.242925,5,39,32,176.23,0.8470,0.1428,0.015875,4.447
629103,520,413,933,239,57,54,26.94,0.9366,0.5654,0.215465,42,15,32,343.68,0.5318,0.1152,0.009382,4.470
629105,520,245,765,242,127,255,323.43,1.0000,0.7329,0.412780,43,66,101,258.55,0.4684,0.2828,0.053494,4.472
629109,520,385,905,224,21,231,326.62,0.9861,0.5872,0.221554,54,27,20,35.42,0.4755,0.1543,0.016187,4.103
629112,520,435,955,235,39,67,20.89,0.9524,0.5452,0.195216,34,1,40,321.38,0.9039,0.0853,0.005150,4.446
629129,520,304,824,203,125,246,312.36,0.8874,0.6735,0.340185,37,61,2,130.36,0.9827,0.2282,0.037351,4.467
629154,520,463,983,163,81,213,310.30,0.7706,0.5285,0.184761,3,5,32,270.77,0.8664,0.0502,0.002322,4.487
629156,520,387,907,137,122,232,287.26,0.7481,0.5858,0.250634,9,41,19,150.58,0.8892,0.1472,0.016909,4.493
629165,520,418,938,177,103,180,325.67,0.5750,0.5632,0.223438,8,29,47,247.14,0.6371,0.1213,0.011355,4.457
629174,520,309,829,247,95,196,343.17,0.9243,0.6648,0.319469,58,51,26,94.21,0.4598,0.2217,0.033418,4.429
629176,520,448,968,178,35,252,309.29,0.9850,0.5355,0.176963,26,14,2,69.66,0.7342,0.0794,0.005381,4.098
629182,520,408,928,239,62,39,30.94,0.9484,0.5686,0.219457,46,6,64,312.33,0.8422,0.1316,0.010813,4.431
629194,520,391,911,237,27,187,341.25,0.9690,0.5854,0.223791,6,30,77,261.69,0.8891,0.1475,0.015030,4.210
629202,520,469,989,140,79,244,295.22,0.9131,0.5215,0.176991,8,3,14,307.43,0.5560,0.0386,0.001485,4.409
629212,520,392,912,210,78,204,329.61,0.8205,0.5884,0.235119,56,22,12,37.16,0.6525,0.1460,0.014412,4.426
629225,520,399,919,222,34,221,328.49,0.9647,0.5820,0.218964,61,7,18,14.84,0.8283,0.1353,0.011879,4.347
629251,520,322,842,254,81,171,352.46,0.9866,0.6492,0.298993,50,40,83,292.15,0.5137,0.2101,0.028202,4.463
629253,520,319,839,239,74,238,328.20,0.9429,0.6511,0.294238,98,10,13,26.15,0.9463,0.2195,0.028433,4.389
629254,520,406,926,243,7,170,347.31,0.9934,0.5826,0.221121,46,7,60,315.16,0.8108,0.1293,0.010591,4.475
629281,520,389,909,246,8,173,347.07,0.9934,0.5901,0.227869,27,39,6,127.03,0.8344,0.1496,0.016972,4.149
629282,520,390,910,238,34,185,342.17,0.9571,0.5893,0.228269,19,39,43,211.85,0.3991,0.1544,0.017638,4.114
629312,520,409,929,251,35,32,28.36,0.9853,0.5720,0.218193,21,33,32,189.62,0.2394,0.1329,0.013514,4.223
629313,520,437,957,172,70,245,307.03,0.9312,0.5512,0.197443,14,1,68,277.56,0.9907,0.0893,0.005324,4.473
629319,520,346,866,246,80,159,355.05,0.8998,0.6293,0.278364,20,43,83,260.64,0.6755,0.1926,0.025009,4.378
629328,520,409,929,219,86,78,26.51,0.7832,0.5657,0.222681,5,35,23,163.25,0.8593,0.1266,0.012961,4.331
629336,520,198,718,253,152,203,348.95,0.9528,0.7656,0.476533,66,82,24,123.31,0.7740,0.3210,0.072587,4.295
629339,520,397,917,250,31,119,5.52,0.9663,0.5837,0.226394,28,35,20,128.69,0.3643,0.1409,0.014994,4.253
629353,520,450,970,196,45,213,323.40,0.9094,0.5390,0.184182,35,0,3,20.42,1.0000,0.0677,0.003640,4.366
629355,520,347,867,224,99,187,340.44,0.7588,0.6294,0.283610,49,45,0,104.29,1.0000,0.1901,0.025298,4.431
629358,520,399,919,210,62,215,326.58,0.8870,0.5779,0.220550,47,28,3,70.63,0.8267,0.1424,0.014415,4.200
629371,520,378,898,249,50,126,4.38,0.9483,0.5952,0.239307,62,9,57,332.30,0.7786,0.1575,0.015151,4.441
629375,520,371,891,231,47,226,329.41,0.9567,0.6083,0.245154,8,2,129,266.40,0.9984,0.1746,0.016799,4.419
629380,520,419,939,199,90,142,352.54,0.6317,0.5564,0.214091,8,24,45,255.90,0.6247,0.1063,0.008943,4.480
629390,520,429,949,189,37,243,314.34,0.9610,0.5457,0.186143,43,8,26,352.13,0.6761,0.1035,0.007619,4.098
629397,520,418,938,228,70,28,34.89,0.9530,0.5550,0.209610,4,25,58,258.56,0.8443,0.1168,0.010265,4.308
629407,520,304,824,245,77,253,326.01,0.9926,0.6729,0.318147,74,38,72,329.14,0.4976,0.2310,0.033101,4.430
629410,520,291,811,189,144,219,311.13,0.5971,0.6778,0.358804,7,67,42,159.50,0.9552,0.2411,0.042265,4.431
629423,520,405,925,252,12,117,5.72,0.9908,0.5809,0.222464,37,27,21,52.44,0.2353,0.1292,0.012314,4.372
629428,520,207,727,235,172,166,25.02,0.5913,0.7694,0.499220,19,87,53,156.47,0.9233,0.3147,0.072116,4.498
629434,520,415,935,245,47,74,20.51,0.9483,0.5723,0.219433,29,19,58,291.30,0.6420,0.1219,0.010324,4.466
629464,520,261,781,196,166,153,44.77,0.2396,0.7071,0.413088,32,75,6,137.05,0.9819,0.2719,0.053522,4.473
629467,520,331,851,234,91,205,336.47,0.8634,0.6433,0.293848,45,43,68,287.07,0.3352,0.2017,0.027030,4.464
629471,520,454,974,179,72,194,322.58,0.7638,0.5261,0.181146,0,15,32,247.86,1.0000,0.0695,0.004459,4.244
629486,520,331,851,247,36,241,329.63,0.9848,0.6394,0.273897,9,9,142,266.21,0.9940,0.2004,0.022062,4.495
629505,520,398,918,246,46,109,9.39,0.9354,0.5814,0.226543,28,34,28,145.12,0.1626,0.1403,0.014748,4.271
629529,520,385,905,206,65,231,321.15,0.9056,0.5852,0.226736,48,17,65,311.33,0.7079,0.1493,0.014110,4.317
629567,520,362,882,231,22,244,325.31,0.9902,0.6087,0.240968,1,25,118,264.05,0.9710,0.1826,0.020096,4.151
629584,520,453,973,189,80,157,340.45,0.6696,0.5318,0.189919,9,4,52,276.68,0.9397,0.0719,0.003928,4.449
629605,520,453,973,184,33,232,315.49,0.9557,0.5264,0.171055,7,14,19,238.87,0.2990,0.0654,0.004063,4.089
629610,520,450,970,193,70,184,330.79,0.7697,0.5395,0.191800,14,6,42,286.82,0.7932,0.0699,0.003908,4.485
629613,520,445,965,185,95,124,0.86,0.5354,0.5357,0.199553,18,14,36,289.67,0.5075,0.0838,0.005700,4.480
629615,520,381,901,221,61,224,327.23,0.9205,0.6009,0.240936,61,22,43,349.14,0.5688,0.1649,0.017405,4.316
629619,520,369,889,236,49,210,334.82,0.9455,0.6084,0.246853,35,39,41,229.11,0.0692,0.1664,0.019684,4.260
629641,520,476,996,218,38,80,15.05,0.9178,0.5121,0.168735,6,1,2,3.56,0.5657,0.0248,0.000648,4.319
629645,520,372,892,247,82,86,23.13,0.9357,0.6126,0.264839,12,49,6,140.96,0.9715,0.1735,0.022879,4.320
629648,520,429,949,201,26,231,320.66,0.9728,0.5499,0.189274,15,11,60,277.93,0.8564,0.0963,0.006671,4.222
629681,520,415,935,238,52,103,11.05,0.9070,0.5685,0.216155,33,25,22,41.58,0.1674,0.1194,0.010765,4.380
629687,520,480,1000,185,70,151,341.04,0.6998,0.5082,0.169304,0,0,0,0.00,0.0000,0.0000,0.000000,4.386
629699,520,387,907,225,10,235,325.98,0.9947,0.5890,0.222251,38,24,67,295.27,0.6235,0.1495,0.014706,4.208
629707,520,384,904,211,63,233,322.14,0.9185,0.5926,0.232888,35,13,93,285.62,0.8972,0.1548,0.014355,4.396
629708,520,378,898,243,38,182,344.26,0.9547,0.5991,0.238214,71,7,9,25.42,0.9229,0.1553,0.015115,4.426
629710,520,347,867,226,90,199,336.18,0.8179,0.6261,0.276068,39,48,8,121.32,0.8185,0.1890,0.025628,4.311
629715,520,442,962,205,19,208,327.51,0.9721,0.5371,0.180008,1,22,5,148.79,0.9785,0.0785,0.005912,4.114
629727,520,451,971,184,49,232,314.96,0.9225,0.5373,0.182143,25,4,36,312.12,0.7718,0.0739,0.004209,4.282
629742,520,477,997,215,46,58,23.24,0.9165,0.5079,0.167091,7,0,5,336.40,1.0000,0.0242,0.000561,4.294
629746,520,391,911,228,63,186,340.16,0.8727,0.5923,0.235967,64,13,18,19.47,0.7713,0.1485,0.014217,4.453
629747,520,416,936,243,19,139,357.23,0.9776,0.5720,0.213878,13,31,29,186.42,0.4313,0.1202,0.011542,4.288
629759,520,349,869,239,67,205,337.19,0.9140,0.6252,0.267755,73,25,47,354.36,0.6025,0.1934,0.023172,4.343
629767,520,414,934,209,19,240,320.78,0.9870,0.5677,0.203141,55,6,0,34.14,1.0000,0.1177,0.009426,4.260
629779,520,451,971,197,24,231,319.59,0.9744,0.5424,0.182946,1,20,0,141.21,1.0000,0.0713,0.005067,4.230
629802,520,417,937,222,23,212,330.82,0.9759,0.5714,0.208982,22,28,36,255.71,0.2099,0.1213,0.011284,4.226
629818,520,479,999,145,88,205,303.85,0.7080,0.5104,0.174073,0,1,1,194.77,1.0000,0.0143,0.000239,4.460
629819,520,358,878,254,42,186,345.57,0.9924,0.6237,0.262753,2,20,125,264.65,0.9816,0.1848,0.019937,4.472
629823,520,413,933,206,56,226,322.66,0.9150,0.5734,0.214428,34,17,54,302.23,0.6354,0.1209,0.010073,4.402
629836,520,456,976,227,51,8,33.09,0.9902,0.5324,0.187190,15,6,19,315.39,0.4787,0.0551,0.002788,4.493
629841,520,351,871,251,7,236,331.71,0.9980,0.6348,0.267204,22,39,90,266.60,0.7364,0.1894,0.023597,4.310
629848,520,410,930,229,40,183,340.76,0.9302,0.5748,0.215971,12,34,33,191.49,0.5117,0.1305,0.013320,4.200
629855,520,412,932,147,99,249,294.09,0.9208,0.5652,0.219663,18,24,50,271.76,0.5248,0.1162,0.010121,4.485
629883,520,465,985,204,25,183,334.22,0.9376,0.5210,0.169535,9,7,8,345.11,0.0893,0.0472,0.002276,4.200
629887,520,472,992,192,43,201,325.52,0.8908,0.5223,0.171528,3,3,6,284.11,0.2655,0.0296,0.000976,4.346
629892,520,415,935,240,56,61,25.07,0.9347,0.5675,0.216938,14,30,39,234.54,0.4227,0.1226,0.011684,4.328
629897,520,407,927,133,107,249,287.43,0.9158,0.5650,0.223412,36,24,40,317.49,0.3405,0.1285,0.011816,4.423
629910,520,412,932,217,74,155,349.20,0.7719,0.5700,0.220181,9,27,55,258.99,0.6913,0.1221,0.011177,4.416
629913,520,358,878,218,115,102,28.52,0.6631,0.6167,0.281283,1,53,11,145.80,0.9966,0.1842,0.025767,4.372
629921,520,425,945,168,99,207,311.94,0.6849,0.5600,0.217542,8,29,26,183.10,0.5736,0.1103,0.010049,4.455
629952,520,378,898,244,61,133,2.15,0.9041,0.5968,0.242672,56,12,67,318.72,0.7749,0.1572,0.015090,4.496
629975,520,289,809,243,107,201,341.12,0.8887,0.6770,0.337897,78,50,1,74.52,0.9741,0.2440,0.039033,4.357
629985,520,396,916,240,34,149,353.88,0.9469,0.5761,0.218424,52,16,39,344.03,0.6066,0.1373,0.012472,4.297
629998,520,412,932,210,9,238,321.57,0.9942,0.5654,0.200719,26,17,68,284.58,0.7648,0.1241,0.010378,4.152
630010,520,442,962,221,53,122,1.16,0.8460,0.5422,0.193261,32,3,33,326.69,0.7838,0.0805,0.004820,4.437
630021,520,466,986,218,22,140,351.75,0.9433,0.5236,0.173752,11,0,32,295.32,1.0000,0.0460,0.001754,4.323
630043,520,345,865,249,37,226,333.66,0.9802,0.6339,0.269569,6,47,67,235.36,0.8195,0.1867,0.024769,4.274
630059,520,430,950,217,77,63,28.99,0.8367,0.5469,0.204208,26,19,20,8.56,0.1482,0.0955,0.007359,4.432
630070,520,469,989,179,59,214,317.41,0.8563,0.5249,0.175678,4,6,15,269.71,0.4147,0.0427,0.001905,4.348
630073,520,439,959,230,51,95,12.76,0.8946,0.5499,0.200198,30,12,21,349.64,0.4293,0.0865,0.005931,4.473
630081,520,418,938,245,5,80,15.99,0.9962,0.5555,0.201037,49,9,34,346.09,0.7009,0.1196,0.009639,4.209
630087,520,385,905,220,10,243,322.94,0.9951,0.5863,0.219059,3,40,32,174.92,0.9188,0.1452,0.016412,4.051
630099,520,336,856,247,98,97,23.60,0.9166,0.6359,0.293757,53,37,80,299.00,0.5286,0.2048,0.026592,4.488
630128,520,459,979,136,100,211,295.93,0.6898,0.5260,0.190518,3,17,1,139.39,0.9695,0.0644,0.004224,4.436
630133,520,452,972,182,69,192,324.39,0.7740,0.5256,0.180083,6,12,34,268.25,0.6482,0.0686,0.004171,4.247
630142,520,403,923,208,19,253,317.67,0.9916,0.5763,0.209692,30,33,2,114.76,0.8990,0.1336,0.013681,4.078
630145,520,468,988,207,33,167,340.11,0.8995,0.5212,0.171452,4,2,28,279.04,0.8939,0.0408,0.001531,4.297
630154,520,356,876,222,87,198,335.26,0.8116,0.6154,0.264253,58,31,53,334.00,0.4324,0.1819,0.021366,4.403
630167,520,467,987,157,86,196,312.01,0.6882,0.5163,0.178098,7,6,5,70.17,0.0850,0.0418,0.001864,4.398
630176,520,471,991,179,15,239,312.82,0.9864,0.5168,0.161584,16,1,7,351.47,0.7539,0.0395,0.001472,4.111
630181,520,435,955,223,9,187,337.83,0.9876,0.5538,0.194737,23,10,45,296.45,0.6991,0.0885,0.005887,4.379
630182,520,429,949,242,14,55,22.57,0.9913,0.5469,0.194706,18,23,34,265.47,0.2784,0.1036,0.008569,4.178
630203,520,449,969,195,29,235,318.03,0.9689,0.5445,0.184804,20,9,32,303.87,0.5800,0.0739,0.004484,4.310
630227,520,450,970,233,23,89,12.55,0.9690,0.5373,0.186608,5,16,15,188.68,0.4287,0.0673,0.004373,4.352
630235,520,324,844,254,78,169,352.89,0.9870,0.6451,0.293875,8,34,124,264.90,0.9485,0.2087,0.026507,4.495
630246,520,410,930,231,15,192,338.35,0.9841,0.5730,0.211390,53,0,56,325.85,1.0000,0.1300,0.010425,4.326
630248,520,438,958,197,6,249,315.76,0.9964,0.5522,0.188416,43,3,10,14.60,0.8497,0.0906,0.006007,4.257
630265,520,410,930,227,63,139,356.80,0.8317,0.5692,0.217526,22,29,53,270.20,0.4575,0.1341,0.013063,4.242
630266,520,441,961,208,67,148,349.02,0.7664,0.5428,0.195644,30,11,25,337.89,0.4858,0.0865,0.005856,4.398
630268,520,441,961,200,12,231,320.54,0.9895,0.5437,0.183135,32,12,14,14.66,0.4548,0.0871,0.006018,4.162
630285,520,378,898,215,81,208,329.87,0.8333,0.6023,0.248879,8,44,24,154.94,0.8938,0.1581,0.019189,4.320
630308,520,457,977,221,17,143,351.26,0.9618,0.5291,0.177588,18,8,20,320.82,0.4210,0.0631,0.003528,4.252
630313,520,299,819,248,109,160,359.56,0.8746,0.6711,0.334347,14,65,29,149.17,0.9424,0.2330,0.039625,4.288
630315,520,469,989,176,40,237,311.73,0.9452,0.5225,0.168631,2,5,23,267.20,0.7706,0.0427,0.001833,4.218
630337,520,431,951,231,52,63,23.53,0.9253,0.5462,0.198068,7,26,22,178.01,0.5714,0.0991,0.008419,4.246
630342,520,444,964,239,25,18,29.11,0.9860,0.5410,0.190930,37,6,8,19.76,0.7274,0.0837,0.005412,4.348
630347,520,352,872,245,64,184,344.97,0.9245,0.6222,0.265430,70,12,72,326.59,0.7893,0.1859,0.020331,4.485
630351,520,464,984,226,35,14,30.44,0.9848,0.5185,0.174054,21,1,10,351.06,0.7908,0.0477,0.002031,4.306
630355,520,386,906,220,76,182,339.86,0.8076,0.5902,0.237641,54,26,20,33.11,0.4855,0.1522,0.015737,4.376
630357,520,435,955,196,40,229,319.48,0.9441,0.5475,0.189120,23,3,61,289.76,0.9334,0.0928,0.005842,4.282
630366,520,411,931,223,16,207,332.38,0.9838,0.5677,0.205659,21,15,68,280.22,0.8207,0.1160,0.009184,4.320
630367,520,442,962,239,11,77,16.44,0.9906,0.5435,0.191292,36,0,36,328.36,1.0000,0.0841,0.005025,4.385
630376,520,427,947,231,15,166,345.99,0.9783,0.5591,0.200866,1,27,23,181.48,0.9415,0.0990,0.008521,4.287
630387,520,361,881,224,80,220,328.95,0.8827,0.6225,0.267540,65,29,27,24.58,0.5126,0.1790,0.020818,4.484
630389,520,318,838,249,85,196,343.08,0.9471,0.6561,0.306252,18,58,65,211.07,0.6550,0.2240,0.035362,4.173
630395,520,473,993,219,32,112,2.71,0.9155,0.5195,0.172655,0,2,24,263.44,1.0009,0.0333,0.001094,4.358
630398,520,460,980,215,69,28,35.49,0.9373,0.5288,0.187896,17,9,20,316.56,0.3719,0.0639,0.003651,4.434
630420,520,466,986,233,8,40,25.04,0.9949,0.5245,0.176537,0,8,26,254.84,0.9999,0.0498,0.002482,4.316
630421,520,457,977,203,82,44,37.50,0.8387,0.5260,0.189150,17,10,8,37.63,0.2266,0.0616,0.003538,4.467
630424,520,425,945,198,51,235,318.32,0.9319,0.5631,0.203730,28,2,73,289.42,0.9679,0.1106,0.007713,4.396
630427,520,447,967,234,2,114,3.51,0.9971,0.5408,0.187538,0,12,51,261.82,1.0000,0.0787,0.005019,4.317
630441,520,431,951,231,62,21,33.83,0.9720,0.5516,0.204913,14,16,56,275.01,0.7625,0.1005,0.007494,4.434
630474,520,461,981,216,41,143,351.03,0.8745,0.5314,0.181704,0,12,6,165.12,1.0000,0.0501,0.002761,4.392
630476,520,415,935,196,76,213,322.51,0.8229,0.5697,0.217102,4,33,22,164.62,0.8738,0.1193,0.011714,4.328
630489,520,434,954,236,39,74,18.93,0.9496,0.5485,0.197815,22,1,71,284.45,0.9863,0.1003,0.006472,4.388
630493,520,479,999,97,97,241,277.50,0.9030,0.5077,0.174411,1,0,6,289.16,1.0000,0.0150,0.000196,4.471
630503,520,299,819,235,94,248,324.25,0.9668,0.6730,0.324471,15,64,23,146.01,0.9506,0.2288,0.038301,4.241
630505,520,320,840,157,140,236,290.45,0.7295,0.6453,0.319802,24,58,20,141.62,0.8862,0.2118,0.032707,4.471
630514,520,428,948,219,6,211,330.36,0.9940,0.5610,0.198957,23,14,48,291.58,0.6497,0.0977,0.007096,4.360
630525,520,473,993,227,24,20,28.81,0.9834,0.5151,0.170376,7,1,17,303.24,0.8102,0.0336,0.001074,4.315
630540,520,247,767,243,124,237,329.21,0.9399,0.7200,0.395866,93,54,21,57.88,0.6869,0.2792,0.050199,4.450
630541,520,235,755,221,159,206,335.48,0.5759,0.7395,0.446259,48,79,2,130.85,0.9900,0.2949,0.062246,4.421
630569,520,439,959,236,44,77,18.57,0.9381,0.5525,0.201732,23,14,37,300.07,0.5163,0.0897,0.006298,4.471
630573,520,421,941,206,81,155,346.90,0.7107,0.5602,0.213751,3,23,51,256.32,0.8340,0.1054,0.008711,4.492
630579,520,408,928,235,62,76,21.54,0.9003,0.5657,0.216323,45,6,69,307.90,0.8641,0.1346,0.011179,4.353
630587,520,429,949,245,23,44,25.44,0.9866,0.5549,0.202106,4,28,8,147.40,0.9345,0.0998,0.008738,4.292
630588,520,435,955,203,70,180,335.38,0.7817,0.5537,0.203739,13,13,56,275.79,0.8175,0.0941,0.006589,4.484
630592,520,410,930,222,70,147,353.27,0.7960,0.5707,0.220189,46,14,43,331.31,0.6292,0.1261,0.010694,4.452
630599,520,225,745,253,148,180,0.96,0.9221,0.7501,0.453603,62,74,58,137.91,0.2270,0.3005,0.062271,4.486
630623,520,362,882,213,119,13,59.13,0.9584,0.6058,0.273709,42,41,45,297.36,0.0647,0.1810,0.022676,4.454
630624,520,462,982,171,52,245,307.89,0.9467,0.5314,0.177073,10,10,8,106.95,0.0843,0.0548,0.002991,4.285
630625,520,419,939,207,27,227,323.20,0.9711,0.5573,0.195971,44,14,3,42.39,0.7985,0.1082,0.008562,4.200
630635,520,423,943,244,5,100,9.78,0.9953,0.5581,0.202652,21,26,12,124.70,0.4136,0.1062,0.009248,4.264
630678,520,472,992,186,21,222,318.68,0.9706,0.5158,0.162507,11,1,6,344.90,0.6984,0.0328,0.001060,4.162
630688,520,448,968,208,30,199,330.69,0.9427,0.5408,0.184639,6,9,49,271.18,0.8893,0.0756,0.004558,4.301
630711,520,408,928,234,66,69,24.47,0.8979,0.5667,0.218215,34,23,43,308.73,0.3947,0.1254,0.011273,4.377
630714,520,480,1000,212,59,38,31.11,0.9170,0.5120,0.172673,0,0,0,0.00,0.0000,0.0000,0.000000,4.453
630715,520,438,958,230,7,152,350.09,0.9886,0.5486,0.192448,31,14,8,40.48,0.4761,0.0879,0.006230,4.312
630723,520,421,941,182,59,250,309.86,0.9688,0.5578,0.199761,35,5,63,301.70,0.8750,0.1128,0.008248,4.288
630724,520,384,904,203,85,211,325.11,0.8030,0.5906,0.238982,11,39,44,211.14,0.6139,0.1506,0.017040,4.311
630731,520,470,990,168,31,249,307.04,0.9725,0.5157,0.161451,2,9,6,169.28,0.5700,0.0447,0.002214,4.050
630748,520,422,942,234,16,160,348.55,0.9777,0.5623,0.204040,19,26,30,233.25,0.1796,0.1105,0.009710,4.255
630749,520,418,938,230,25,167,345.62,0.9581,0.5609,0.203110,7,29,47,246.14,0.6650,0.1208,0.011291,4.130
630764,520,461,981,164,54,248,304.93,0.9594,0.5259,0.173088,2,9,16,240.04,0.5757,0.0484,0.002457,4.253
630775,520,431,951,197,0,252,315.18,1.0000,0.5535,0.189000,30,7,56,299.86,0.8164,0.1021,0.007135,4.183
630782,520,429,949,208,78,139,354.36,0.7167,0.5528,0.207248,37,10,38,326.19,0.6467,0.1026,0.007504,4.474
630793,520,369,889,237,74,176,346.30,0.8616,0.6141,0.260394,33,42,19,126.50,0.5090,0.1665,0.020263,4.418
630797,520,426,946,235,53,73,20.96,0.9215,0.5568,0.206925,19,24,44,272.01,0.4253,0.1129,0.009735,4.301
630804,520,392,912,210,67,230,322.50,0.9047,0.5928,0.234308,26,39,21,137.32,0.4645,0.1515,0.017248,4.228
630810,520,430,950,196,56,218,321.81,0.8895,0.5517,0.196276,41,8,13,14.67,0.6830,0.0954,0.006742,4.340
630816,520,330,850,254,72,160,355.49,0.9872,0.6355,0.282470,67,44,8,73.80,0.7950,0.2130,0.030123,4.149
630830,520,318,838,245,77,230,331.79,0.9547,0.6589,0.304361,67,35,81,314.63,0.5707,0.2204,0.029895,4.435
630838,520,431,951,191,41,246,314.13,0.9586,0.5537,0.193173,36,2,55,309.57,0.9150,0.1025,0.006944,4.270
630840,520,475,995,174,71,194,320.79,0.7620,0.5171,0.174012,8,3,0,70.54,1.0000,0.0328,0.001168,4.378
630844,520,480,1000,214,52,68,20.98,0.8845,0.5130,0.171720,0,0,0,0.00,0.0000,0.0000,0.000000,4.434
630855,520,191,711,205,181,239,303.47,0.6586,0.7825,0.522591,23,91,24,143.21,0.9685,0.3240,0.077300,4.498
630871,520,470,990,157,66,239,303.56,0.9051,0.5212,0.172970,10,3,16,310.45,0.6004,0.0416,0.001671,4.315
630873,520,391,911,230,48,203,335.28,0.9324,0.5930,0.232512,14,31,78,265.44,0.7989,0.1544,0.016233,4.265
630875,520,399,919,227,80,94,18.53,0.8054,0.5751,0.228790,18,35,29,169.69,0.3879,0.1356,0.014193,4.343
630901,520,412,932,179,74,251,307.74,0.9674,0.5704,0.214471,48,10,35,343.95,0.6805,0.1196,0.009669,4.432
630912,520,399,919,196,60,247,314.65,0.9558,0.5770,0.216842,16,7,96,272.15,0.9797,0.1354,0.011066,4.370
630937,520,320,840,253,30,247,329.62,0.9934,0.6512,0.285297,26,38,111,270.03,0.8458,0.2100,0.027534,4.325
630953,520,373,893,251,35,162,351.97,0.9685,0.6034,0.243234,51,22,63,314.94,0.6256,0.1603,0.016366,4.418
630957,520,465,985,169,78,196,317.82,0.7341,0.5207,0.178702,14,3,28,302.04,0.7622,0.0528,0.002423,4.363
630987,520,338,858,236,50,252,324.44,0.9891,0.6360,0.271448,7,28,124,265.42,0.9635,0.1975,0.023307,4.385
631008,520,454,974,178,67,208,318.29,0.8155,0.5279,0.180344,1,0,64,265.32,1.0000,0.0730,0.003766,4.284
631009,520,392,912,214,40,249,319.76,0.9749,0.5919,0.226551,28,16,90,280.23,0.8902,0.1482,0.013556,4.351
631013,520,415,935,211,1,243,320.75,0.9994,0.5694,0.203435,23,18,69,280.62,0.7770,0.1241,0.010444,4.193
631027,520,466,986,215,53,77,18.03,0.8700,0.5178,0.175316,19,3,3,23.01,0.6591,0.0472,0.002102,4.325
631028,520,430,950,236,10,129,358.98,0.9862,0.5518,0.196380,41,9,7,27.27,0.7239,0.0955,0.006822,4.336
631032,520,403,923,242,56,118,6.71,0.9010,0.5839,0.230168,24,27,58,276.77,0.5328,0.1344,0.012835,4.459
631048,520,434,954,237,48,37,29.00,0.9563,0.5520,0.202552,14,20,49,271.61,0.6157,0.1030,0.008154,4.343
631052,520,125,645,246,199,209,4.00,0.6665,0.8526,0.650444,19,107,51,150.15,0.9691,0.3809,0.108924,4.407
631056,520,476,996,188,53,184,329.26,0.8212,0.5127,0.166997,3,2,3,326.14,0.1845,0.0248,0.000694,4.281
631070,520,384,904,254,30,118,6.40,0.9919,0.5910,0.233111,25,41,6,130.66,0.8788,0.1543,0.018057,4.160
631077,520,467,987,168,34,249,306.94,0.9718,0.5174,0.163092,18,1,11,343.45,0.7728,0.0438,0.001745,4.118
631091,520,436,956,172,67,242,307.90,0.9192,0.5453,0.191965,20,4,63,284.92,0.9317,0.0934,0.005944,4.325
631100,520,468,988,190,11,223,319.70,0.9870,0.5202,0.165156,2,1,34,271.08,0.9810,0.0414,0.001501,4.178
631102,520,352,872,251,63,166,352.10,0.9602,0.6241,0.268207,35,49,20,130.27,0.6062,0.1902,0.026044,4.185
631127,520,400,920,245,28,133,359.90,0.9647,0.5770,0.219398,65,6,14,19.73,0.8878,0.1418,0.012860,4.286
631142,520,376,896,227,17,246,323.94,0.9928,0.6019,0.233879,71,14,14,25.22,0.8350,0.1636,0.016856,4.246
631147,520,428,948,233,36,136,356.98,0.9279,0.5583,0.203659,22,25,4,116.28,0.7209,0.1027,0.008746,4.318
631151,520,419,939,242,27,99,10.69,0.9678,0.5600,0.205653,29,17,44,302.56,0.5358,0.1073,0.008440,4.375
631173,520,457,977,234,12,14,28.72,0.9940,0.5257,0.177903,16,0,39,297.28,1.0000,0.0575,0.002566,4.336
631183,520,401,921,241,50,114,7.33,0.9139,0.5759,0.222001,0,36,46,220.61,1.0000,0.1376,0.014589,4.211
631184,520,445,965,241,22,13,29.33,0.9900,0.5439,0.193071,32,8,18,356.18,0.5654,0.0815,0.005245,4.400
631203,520,422,942,244,3,104,8.45,0.9971,0.5588,0.203011,11,18,61,270.40,0.8243,0.1073,0.008406,4.332
631213,520,437,957,180,90,183,326.15,0.6579,0.5470,0.204356,12,24,12,144.34,0.4986,0.0933,0.007580,4.417
631218,520,387,907,250,28,143,357.54,0.9703,0.5906,0.231412,58,22,32,4.55,0.5346,0.1550,0.015778,4.278
631219,520,447,967,232,17,126,359.42,0.9723,0.5443,0.190660,11,7,55,276.70,0.9022,0.0817,0.004989,4.377
631223,520,440,960,236,28,121,2.35,0.9540,0.5548,0.200469,11,22,18,169.55,0.3288,0.0886,0.006886,4.403
631235,520,433,953,176,88,198,319.25,0.7063,0.5471,0.202877,1,21,51,256.49,0.9340,0.0992,0.007818,4.374
631239,520,442,962,232,17,120,1.50,0.9727,0.5422,0.189158,27,0,44,308.82,1.0000,0.0761,0.004149,4.417
631273,520,455,975,195,34,212,323.57,0.9362,0.5294,0.175012,21,8,10,9.71,0.3725,0.0629,0.003550,4.202
631274,520,266,786,222,135,230,323.97,0.8024,0.7062,0.385722,32,67,69,200.36,0.4742,0.2609,0.047509,4.469
631277,520,221,741,221,153,255,313.79,1.0000,0.7508,0.453757,43,81,18,135.60,0.9302,0.2993,0.064420,4.403
631278,520,343,863,248,30,226,333.42,0.9853,0.6292,0.263790,39,48,35,136.13,0.2557,0.1944,0.026666,4.093
631294,520,427,947,202,60,210,325.67,0.8701,0.5596,0.204431,34,3,55,306.95,0.8882,0.1010,0.006811,4.479
631303,520,376,896,239,70,148,356.62,0.8617,0.6017,0.248721,22,29,81,272.23,0.7568,0.1574,0.016433,4.497
631309,520,450,970,198,20,230,320.15,0.9797,0.5418,0.182208,3,15,30,251.78,0.6749,0.0705,0.004547,4.257
631320,520,433,953,218,68,111,7.42,0.7909,0.5483,0.201898,43,8,26,352.13,0.6761,0.1035,0.007619,4.372
631337,520,241,761,228,138,248,320.14,0.9375,0.7286,0.414498,71,67,22,104.24,0.6903,0.2818,0.054119,4.461
631354,520,26,546,249,246,234,95.22,0.5084,0.9676,0.919920,37,128,90,161.31,0.8707,0.4631,0.165692,4.497
631360,520,296,816,239,135,2,60.26,0.9972,0.6762,0.356857,15,67,33,150.85,0.9315,0.2410,0.042255,4.410
631366,520,451,971,197,76,152,345.00,0.7031,0.5369,0.193079,26,7,19,343.27,0.5327,0.0710,0.004186,4.486
631373,520,438,958,241,31,33,27.77,0.9796,0.5490,0.197939,3,25,14,159.81,0.8701,0.0912,0.007463,4.315
631408,520,407,927,214,51,212,328.64,0.9138,0.5731,0.214193,41,18,45,321.52,0.5467,0.1261,0.010935,4.336
631416,520,439,959,202,53,200,328.62,0.8706,0.5467,0.192746,6,20,42,258.49,0.6683,0.0928,0.007062,4.254
631428,520,284,804,253,129,78,42.07,0.9706,0.6921,0.371363,35,65,59,179.72,0.4173,0.2522,0.044536,4.457
631439,520,368,888,188,118,179,331.53,0.5174,0.6054,0.269040,35,43,13,122.23,0.6617,0.1703,0.021141,4.485
631455,520,374,894,212,78,214,327.19,0.8491,0.5976,0.243027,58,27,28,18.87,0.4586,0.1632,0.017674,4.330
631457,520,423,943,242,41,45,26.71,0.9663,0.5580,0.206560,40,4,48,319.68,0.8188,0.1058,0.007514,4.461
631460,520,410,930,200,106,71,40.73,0.6692,0.5658,0.230441,21,36,1,129.50,0.9756,0.1345,0.014233,4.366
631463,520,423,943,218,2,213,329.61,0.9980,0.5597,0.197552,53,0,8,18.44,1.0000,0.1067,0.007746,4.287
631464,520,408,928,217,54,192,335.21,0.8807,0.5684,0.211980,36,23,47,308.03,0.4477,0.1304,0.011931,4.230
631474,520,392,912,236,61,146,355.84,0.8683,0.5866,0.232486,2,26,93,263.33,0.9745,0.1538,0.015419,4.318
631478,520,473,993,207,12,175,337.37,0.9715,0.5172,0.166256,0,5,0,142.50,1.0000,0.0294,0.001085,4.233
631514,520,384,904,236,86,18,39.78,0.9747,0.5901,0.245351,20,38,34,178.45,0.3678,0.1480,0.016504,4.441
631524,520,379,899,251,46,126,4.37,0.9650,0.5963,0.239731,18,36,70,261.86,0.6351,0.1624,0.018325,4.241
631528,520,441,961,211,81,4,42.43,0.9887,0.5366,0.197448,22,12,42,295.59,0.6281,0.0884,0.006007,4.418
631533,520,465,985,171,56,224,312.40,0.8832,0.5175,0.168690,22,3,0,41.31,1.0000,0.0505,0.002357,4.177
631535,520,460,980,209,52,152,346.57,0.8234,0.5311,0.182804,22,4,24,323.90,0.6737,0.0621,0.003234,4.373
631541,520,376,896,239,7,216,333.84,0.9961,0.6006,0.234634,38,29,67,291.87,0.5462,0.1599,0.016960,4.251
631545,520,466,986,214,33,140,351.24,0.8981,0.5211,0.172797,13,4,14,323.95,0.4999,0.0462,0.002041,4.281
631565,520,383,903,244,36,177,345.93,0.9573,0.5974,0.236723,27,25,78,278.92,0.7366,0.1500,0.014783,4.426
631567,520,389,909,241,67,97,15.78,0.8977,0.5867,0.235813,47,5,85,300.67,0.9249,0.1527,0.013688,4.488
631571,520,379,899,241,88,44,36.19,0.9297,0.6036,0.258652,2,45,33,169.28,0.9631,0.1619,0.019994,4.410
631584,520,413,933,247,20,96,11.93,0.9822,0.5670,0.211225,16,8,85,273.83,0.9645,0.1221,0.009396,4.398
631597,520,199,719,247,146,248,326.71,0.9609,0.7668,0.471112,9,78,119,242.43,0.8832,0.3155,0.068384,4.402
631607,520,423,943,242,10,103,8.66,0.9900,0.5558,0.200770,23,26,30,255.61,0.1080,0.1140,0.010147,4.169
631612,520,351,871,250,33,227,333.63,0.9841,0.6345,0.269608,62,26,71,319.23,0.6275,0.1898,0.022180,4.428
631615,520,322,842,244,68,238,329.50,0.9582,0.6536,0.295431,41,44,83,278.23,0.4871,0.2104,0.028973,4.374
631619,520,421,941,201,36,238,318.85,0.9628,0.5602,0.198539,0,20,64,260.64,1.0000,0.1083,0.008704,4.234
631633,520,473,993,201,57,156,343.14,0.7924,0.5233,0.177460,6,2,7,321.31,0.4833,0.0305,0.000975,4.462
631669,520,320,840,216,119,184,340.94,0.6456,0.6481,0.312550,14,58,45,169.61,0.8020,0.2138,0.033088,4.363
631696,520,478,998,215,36,82,13.72,0.9159,0.5051,0.163206,1,0,7,286.54,1.0000,0.0158,0.000218,4.246
631698,520,475,995,223,41,44,26.49,0.9504,0.5185,0.174585,5,1,20,291.52,0.8600,0.0333,0.001045,4.400
631701,520,455,975,228,10,107,5.09,0.9837,0.5278,0.177755,20,0,41,301.70,1.0000,0.0640,0.003088,4.290
631708,520,415,935,240,30,136,358.05,0.9543,0.5691,0.212346,41,0,72,303.46,1.0000,0.1244,0.009393,4.417
631716,520,353,873,247,13,218,335.14,0.9943,0.6175,0.251270,73,21,32,10.97,0.6687,0.1816,0.020573,4.269
631725,520,373,893,231,65,184,341.64,0.8728,0.5984,0.242328,16,44,12,141.25,0.9047,0.1591,0.019380,4.213
631730,520,465,985,164,88,184,318.94,0.6449,0.5215,0.183334,2,8,29,263.24,0.8033,0.0536,0.002753,4.423
631733,520,430,950,215,69,140,354.38,0.7747,0.5542,0.205990,32,16,36,319.41,0.4721,0.1042,0.008051,4.410
631742,520,380,900,222,93,146,357.16,0.7153,0.6001,0.254359,12,39,60,245.10,0.6502,0.1604,0.018554,4.440
631745,520,453,973,198,69,162,340.56,0.7477,0.5345,0.188724,33,0,21,345.08,1.0000,0.0701,0.003775,4.439
631754,520,418,938,235,21,145,353.71,0.9674,0.5591,0.202458,17,6,81,275.68,0.9658,0.1152,0.008435,4.320
631778,520,205,725,253,148,226,337.25,0.9813,0.7679,0.475558,6,86,40,151.09,0.9866,0.3055,0.068472,4.436
631787,520,447,967,207,80,92,17.74,0.7238,0.5387,0.197775,15,19,13,135.22,0.2119,0.0820,0.005964,4.427
631800,520,380,900,237,46,191,340.40,0.9365,0.5975,0.237229,0,40,64,241.03,1.0000,0.1614,0.018876,4.170
631802,520,477,997,223,3,100,6.49,0.9944,0.5136,0.166760,1,1,2,284.11,0.2654,0.0171,0.000325,4.307
631804,520,301,821,246,119,108,26.79,0.8821,0.6691,0.338721,27,63,15,138.90,0.9322,0.2296,0.038224,4.406
631810,520,432,952,218,78,9,40.10,0.9808,0.5454,0.203764,42,6,35,336.62,0.7327,0.1034,0.007439,4.418
631825,520,397,917,233,61,144,355.96,0.8583,0.5803,0.226776,40,20,57,306.78,0.6073,0.1365,0.012469,4.431
631840,520,442,962,190,40,227,318.24,0.9382,0.5362,0.180121,19,4,49,291.30,0.8709,0.0777,0.004470,4.225
631842,520,322,842,233,113,137,9.22,0.7300,0.6459,0.309425,32,50,70,251.82,0.3910,0.2104,0.030304,4.476
631845,520,260,780,254,131,146,13.69,0.9668,0.7111,0.393817,81,60,3,85.64,0.9483,0.2739,0.049878,4.444
631852,520,406,926,254,0,91,13.64,1.0000,0.5758,0.218299,54,3,54,328.23,0.8561,0.1339,0.011158,4.387
631865,520,365,885,246,59,167,350.46,0.9250,0.6119,0.255139,63,29,2,54.77,0.8928,0.1711,0.019400,4.397
631884,520,339,859,254,63,198,342.69,0.9923,0.6441,0.287063,21,51,65,230.76,0.5493,0.2037,0.029086,4.262
631886,520,367,887,226,47,237,325.47,0.9614,0.6072,0.243184,47,37,3,92.19,0.8811,0.1655,0.019341,4.228
631909,520,367,887,237,97,80,29.47,0.8693,0.6139,0.271360,43,42,3,108.09,0.8985,0.1746,0.021761,4.478
631922,520,435,955,192,72,198,325.82,0.7912,0.5489,0.199198,0,23,31,222.38,1.0000,0.0901,0.007117,4.363
631923,520,369,889,232,86,157,353.48,0.7948,0.6115,0.262483,59,32,9,57.83,0.7010,0.1717,0.019827,4.475
631944,520,373,893,252,68,24,33.73,0.9857,0.5992,0.248992,48,30,32,11.91,0.2724,0.1554,0.016613,4.489
631965,520,420,940,194,63,230,317.90,0.8951,0.5639,0.207389,21,4,79,279.88,0.9671,0.1133,0.008107,4.430
631977,520,431,951,214,58,157,346.37,0.8189,0.5482,0.197588,7,23,34,240.42,0.5449,0.0961,0.007734,4.288
631998,520,418,938,240,12,135,357.79,0.9855,0.5626,0.205407,29,29,15,108.25,0.3654,0.1234,0.011744,4.137
632003,520,390,910,216,82,184,338.25,0.7801,0.5920,0.240963,68,10,18,18.63,0.8304,0.1535,0.014899,4.483
632007,520,328,848,251,105,66,35.86,0.9632,0.6481,0.310090,36,56,20,133.09,0.7209,0.2132,0.032539,4.363
632042,520,399,919,220,40,215,329.49,0.9479,0.5779,0.216417,27,16,82,281.53,0.8588,0.1381,0.012128,4.288
632048,520,408,928,247,51,26,30.91,0.9766,0.5739,0.222199,13,20,77,270.22,0.8901,0.1289,0.011216,4.447
632058,520,407,927,209,49,216,326.22,0.9181,0.5658,0.207117,3,33,50,237.83,0.8278,0.1323,0.013373,4.057
632081,520,409,929,210,62,209,328.26,0.8753,0.5740,0.217522,2,35,28,175.69,0.9314,0.1269,0.012988,4.247
632083,520,320,840,241,57,252,325.55,0.9895,0.6490,0.286579,24,54,47,176.55,0.5132,0.2060,0.030377,4.188
632091,520,364,884,253,76,18,35.83,0.9896,0.6095,0.260988,30,44,23,135.74,0.4896,0.1709,0.021392,4.356
632095,520,408,928,234,59,115,6.95,0.8707,0.5703,0.218611,22,30,38,248.68,0.2318,0.1278,0.012390,4.305
632097,520,448,968,187,24,253,311.95,0.9907,0.5448,0.183111,1,21,5,149.27,0.9758,0.0755,0.005537,4.197
632108,520,414,934,223,70,131,0.11,0.7952,0.5664,0.217095,8,14,81,268.57,0.9538,0.1205,0.009597,4.482
632111,520,437,957,235,48,65,22.57,0.9376,0.5513,0.201608,9,21,22,202.50,0.3462,0.0860,0.006523,4.451
632121,520,391,911,255,0,133,0.91,1.0000,0.5899,0.229572,23,9,99,275.77,0.9659,0.1466,0.012783,4.453
632139,520,366,886,233,63,199,337.40,0.9018,0.6079,0.250048,45,34,51,313.39,0.2921,0.1694,0.019410,4.323
632150,520,460,980,221,33,131,356.11,0.9122,0.5310,0.181012,10,12,3,117.35,0.5279,0.0577,0.003340,4.331
632153,520,388,908,254,42,62,23.56,0.9948,0.5854,0.230783,42,24,57,307.60,0.5379,0.1469,0.014409,4.359
632162,520,431,951,212,78,123,2.87,0.7273,0.5538,0.208781,23,20,25,311.95,0.1337,0.0965,0.007527,4.498
632166,520,414,934,250,42,5,31.41,0.9965,0.5728,0.219945,4,32,37,211.37,0.7749,0.1223,0.011924,4.359
632174,520,268,788,217,132,234,320.76,0.8188,0.6966,0.371961,55,67,22,122.48,0.7054,0.2647,0.048844,4.269
632178,520,305,825,251,100,165,356.41,0.9315,0.6650,0.323433,17,63,52,174.00,0.7650,0.2340,0.039220,4.186
632187,520,344,864,250,45,209,338.31,0.9724,0.6301,0.268074,21,21,123,270.44,0.9623,0.1913,0.021257,4.464
632210,520,308,828,231,115,207,335.73,0.8108,0.6737,0.337575,49,57,25,120.90,0.5520,0.2289,0.036494,4.481
632214,520,386,906,205,57,245,317.79,0.9517,0.5866,0.224995,2,36,67,250.26,0.9038,0.1529,0.016798,4.117
632253,520,432,952,225,54,116,4.40,0.8569,0.5487,0.199095,39,15,9,35.17,0.5699,0.1026,0.007928,4.300
632256,520,414,934,221,3,220,328.60,0.9976,0.5701,0.206069,13,0,90,271.80,1.0000,0.1168,0.008237,4.397
632257,520,145,665,231,199,174,60.05,0.4438,0.8259,0.608928,49,99,41,140.99,0.8561,0.3643,0.097365,4.471
632259,520,414,934,171,100,218,309.98,0.7340,0.5727,0.228349,15,33,10,139.22,0.7766,0.1223,0.012112,4.481
632271,520,480,1000,223,19,61,19.98,0.9781,0.5089,0.164935,0,0,0,0.00,0.0000,0.0000,0.000000,4.299
632286,520,392,912,254,40,77,19.58,0.9939,0.5865,0.231280,58,13,53,332.63,0.7176,0.1519,0.014446,4.365
632295,520,432,952,199,75,169,338.40,0.7359,0.5473,0.200405,34,3,52,309.37,0.8747,0.0982,0.006532,4.429
632303,520,373,893,179,102,232,309.33,0.8044,0.5957,0.249134,60,16,61,326.89,0.7098,0.1645,0.016683,4.486
632308,520,370,890,244,55,178,346.25,0.9217,0.6101,0.251829,64,7,75,320.26,0.8459,0.1728,0.017501,4.471
632310,520,289,809,236,91,255,322.88,1.0000,0.6753,0.325372,93,32,54,0.77,0.6254,0.2448,0.036269,4.351
632320,520,471,991,231,22,46,24.44,0.9821,0.5250,0.177631,4,6,19,271.99,0.5312,0.0447,0.002031,4.375
632325,520,413,933,245,47,72,21.08,0.9494,0.5719,0.219168,17,31,22,155.45,0.3901,0.1203,0.011570,4.372
632350,520,237,757,232,165,49,76.09,0.8778,0.7299,0.442898,15,82,9,141.97,0.9870,0.2895,0.061556,4.418
632356,520,411,931,246,41,83,17.30,0.9549,0.5719,0.218067,54,4,36,346.70,0.8062,0.1239,0.009986,4.469
632362,520,432,952,211,50,182,336.64,0.8662,0.5488,0.195096,12,19,44,269.46,0.5858,0.0955,0.007257,4.281
632368,520,452,972,200,63,153,344.40,0.7659,0.5265,0.181361,18,15,6,92.71,0.3828,0.0731,0.004834,4.219
632374,520,466,986,208,71,56,29.55,0.8413,0.5210,0.182041,19,6,2,47.01,0.6200,0.0537,0.002731,4.400
632384,520,447,967,241,3,42,24.80,0.9984,0.5408,0.189365,33,7,9,17.87,0.6362,0.0787,0.004951,4.356
632395,520,402,922,195,56,254,313.00,0.9939,0.5775,0.215874,1,34,33,191.91,0.9522,0.1252,0.012603,4.247
632401,520,246,766,237,147,178,357.99,0.6872,0.7257,0.420884,62,71,24,118.99,0.6925,0.2840,0.055965,4.444
632406,520,390,910,232,59,174,344.94,0.8799,0.5897,0.233424,8,41,39,189.37,0.7330,0.1534,0.017839,4.178
632411,520,397,917,252,41,64,22.89,0.9846,0.5809,0.226552,66,4,0,31.50,1.0000,0.1394,0.012453,4.428
632415,520,330,850,251,18,244,329.88,0.9952,0.6422,0.274765,15,38,113,265.57,0.9046,0.2067,0.026799,4.229
632420,520,344,864,254,57,187,345.75,0.9916,0.6340,0.275883,17,53,2,138.29,0.9901,0.1890,0.026697,4.249
632425,520,458,978,227,30,76,16.60,0.9548,0.5251,0.177841,9,14,8,140.02,0.2829,0.0632,0.003897,4.227
632448,520,463,983,173,36,251,307.97,0.9801,0.5278,0.171119,7,0,40,281.22,1.0000,0.0498,0.001984,4.254
632453,520,422,942,244,20,100,10.27,0.9797,0.5618,0.206569,32,20,19,24.31,0.2458,0.1051,0.008544,4.382
632454,520,456,976,161,79,218,308.47,0.7942,0.5266,0.182316,17,5,29,304.95,0.6792,0.0610,0.003164,4.370
632460,520,288,808,239,95,241,327.17,0.9429,0.6760,0.328883,91,37,14,41.77,0.7811,0.2397,0.035793,4.416
632470,520,468,988,168,41,246,307.28,0.9570,0.5192,0.165653,14,3,7,353.19,0.5131,0.0422,0.001738,4.168
632472,520,432,952,242,14,41,25.42,0.9926,0.5453,0.193548,42,7,18,4.79,0.6966,0.0972,0.006879,4.282
632474,520,361,881,244,75,157,354.83,0.8900,0.6195,0.267026,35,32,91,280.02,0.7104,0.1840,0.021456,4.437
632482,520,385,905,239,2,192,340.11,0.9983,0.5854,0.222029,41,7,84,295.51,0.9075,0.1453,0.012635,4.343
632509,520,413,933,208,23,246,319.14,0.9852,0.5720,0.206782,39,21,19,26.66,0.3505,0.1173,0.010147,4.269
632513,520,433,953,203,67,176,336.73,0.7857,0.5480,0.198472,21,22,16,115.17,0.1690,0.0963,0.007707,4.306
632546,520,465,985,163,72,224,308.45,0.8357,0.5244,0.178037,1,10,6,168.44,0.8159,0.0461,0.002367,4.355
632554,520,411,931,217,68,178,340.10,0.8180,0.5741,0.221025,15,32,29,181.59,0.3947,0.1245,0.012233,4.355
632561,520,410,930,250,7,108,8.15,0.9944,0.5731,0.215623,48,24,1,62.17,0.9160,0.1345,0.012839,4.227
632570,520,270,790,212,147,202,332.12,0.5601,0.7029,0.391300,0,75,27,148.59,1.0000,0.2638,0.051111,4.365
632580,520,410,930,250,3,100,10.54,0.9977,0.5702,0.213128,31,27,36,305.18,0.1863,0.1277,0.012026,4.242
632611,520,467,987,172,78,186,322.30,0.7095,0.5186,0.177656,7,1,24,293.51,0.8831,0.0383,0.001328,4.435
632616,520,477,997,146,76,229,300.60,0.8434,0.5115,0.169373,0,1,3,247.65,1.0000,0.0159,0.000283,4.363
632625,520,374,894,254,62,45,29.68,0.9952,0.5988,0.247092,46,33,31,28.54,0.2012,0.1595,0.017675,4.390
632642,520,354,874,229,64,235,326.50,0.9401,0.6237,0.263252,55,40,1,86.33,0.9635,0.1843,0.023321,4.272
632651,520,476,996,209,16,150,345.99,0.9529,0.5084,0.161301,5,0,10,311.99,1.0000,0.0241,0.000542,4.181
632654,520,451,971,237,31,3,30.67,0.9973,0.5391,0.189943,3,12,44,264.92,0.8727,0.0743,0.004641,4.391
632658,520,333,853,239,52,244,326.97,0.9697,0.6368,0.273409,15,53,48,183.23,0.6927,0.1988,0.028610,4.114
632659,520,287,807,212,132,240,316.86,0.8456,0.6935,0.367920,14,69,7,141.56,0.9850,0.2439,0.043648,4.463
632701,520,448,968,216,4,191,334.97,0.9937,0.5421,0.184496,30,4,40,315.20,0.7910,0.0840,0.005161,4.251
632706,520,325,845,207,111,236,317.86,0.8503,0.6495,0.306917,63,45,6,82.11,0.8406,0.2094,0.029468,4.491
632718,520,444,964,145,95,233,296.69,0.8135,0.5435,0.200875,2,20,26,220.58,0.7711,0.0805,0.005878,4.490
632721,520,224,744,226,176,61,84.28,0.8228,0.7478,0.475579,34,84,21,139.86,0.9481,0.3045,0.067347,4.479
632752,520,453,973,225,17,136,354.54,0.9655,0.5341,0.181888,16,11,21,306.92,0.3109,0.0672,0.004037,4.291
632774,520,360,880,241,95,70,31.93,0.9013,0.6164,0.273304,23,49,27,147.61,0.6457,0.1828,0.024578,4.335
632781,520,465,985,182,76,163,335.07,0.6831,0.5178,0.177596,1,2,45,266.37,0.9856,0.0539,0.002393,4.344
632810,520,436,956,235,19,120,2.11,0.9716,0.5489,0.194871,24,12,42,299.18,0.6255,0.0906,0.006243,4.354
632813,520,463,983,205,40,187,333.35,0.8950,0.5336,0.180865,3,12,6,156.70,0.5955,0.0527,0.002954,4.360
632836,520,416,936,236,39,151,352.60,0.9283,0.5720,0.215212,41,15,38,331.83,0.5580,0.1167,0.009531,4.455
632846,520,404,924,224,54,190,337.66,0.8923,0.5795,0.222057,18,31,33,207.99,0.2803,0.1252,0.012183,4.375
632857,520,417,937,241,20,151,352.97,0.9752,0.5732,0.214386,1,14,85,264.46,0.9733,0.1218,0.009763,4.424
632862,520,447,967,240,2,0,29.30,1.0000,0.5360,0.185721,38,0,21,350.55,1.0000,0.0794,0.004663,4.312
632868,520,444,964,157,88,219,305.56,0.7693,0.5358,0.192625,19,14,28,299.88,0.3650,0.0800,0.005364,4.382
632869,520,475,995,209,36,148,347.26,0.8789,0.5169,0.169574,12,1,5,352.32,0.7077,0.0336,0.001108,4.296
632877,520,430,950,207,64,166,341.44,0.7912,0.5463,0.196873,34,18,17,23.60,0.3349,0.1028,0.008132,4.247
632904,520,417,937,250,28,28,28.30,0.9861,0.5662,0.212420,17,11,81,274.83,0.9394,0.1215,0.009525,4.409
632913,520,464,984,225,3,108,4.02,0.9944,0.5203,0.171582,18,2,12,341.96,0.6866,0.0466,0.001986,4.262
632940,520,331,851,250,63,203,340.32,0.9667,0.6396,0.281939,57,26,97,299.18,0.7521,0.2038,0.024717,4.443
632964,520,470,990,161,59,246,304.03,0.9460,0.5249,0.173594,14,0,22,314.09,1.0000,0.0418,0.001513,4.341
632976,520,421,941,171,83,232,308.42,0.8446,0.5563,0.206713,11,8,80,271.32,0.9679,0.1125,0.008239,4.408
632992,520,445,965,222,20,154,347.85,0.9570,0.5372,0.183656,13,0,61,279.28,1.0000,0.0782,0.004225,4.309
632993,520,390,910,235,84,18,39.30,0.9743,0.5855,0.240494,59,17,46,341.72,0.6450,0.1549,0.015281,4.450
633039,520,452,972,227,29,79,15.54,0.9552,0.5252,0.177770,19,14,4,86.59,0.5097,0.0713,0.004613,4.171
633044,520,384,904,225,6,233,326.46,0.9967,0.5868,0.220233,6,29,82,263.05,0.9109,0.1501,0.015265,4.141
633048,520,452,972,215,63,64,24.75,0.8639,0.5258,0.183747,9,15,10,149.67,0.2627,0.0662,0.004216,4.311
633051,520,432,952,241,19,66,20.03,0.9853,0.5479,0.195632,16,13,55,279.46,0.7770,0.0955,0.006738,4.329
633060,520,463,983,117,94,252,283.83,0.9693,0.5289,0.188152,6,11,7,151.51,0.2773,0.0533,0.002934,4.499
633074,520,258,778,236,152,98,52.59,0.7414,0.7136,0.411734,17,76,0,140.18,1.0000,0.2686,0.052878,4.488
633102,520,432,952,229,19,149,351.06,0.9660,0.5483,0.192965,5,25,32,223.36,0.6408,0.0994,0.008318,4.166
633105,520,431,951,224,9,177,340.98,0.9861,0.5500,0.192196,45,2,23,355.33,0.8405,0.0972,0.006633,4.277
633109,520,419,939,235,48,103,10.16,0.9093,0.5594,0.207584,45,10,28,351.80,0.6506,0.1108,0.008589,4.396
633110,520,452,972,221,63,45,30.25,0.9105,0.5349,0.191193,16,3,51,286.49,0.9185,0.0749,0.004143,4.455
633123,520,457,977,184,80,169,333.40,0.6798,0.5300,0.187936,14,9,4,73.55,0.3593,0.0551,0.002975,4.491
633155,520,377,897,241,21,209,336.10,0.9858,0.6031,0.238435,56,22,55,328.52,0.5888,0.1628,0.016905,4.311
633179,520,442,962,241,21,29,27.62,0.9886,0.5444,0.193292,39,3,16,2.04,0.7913,0.0845,0.005339,4.396
633183,520,394,914,249,48,106,11.00,0.9542,0.5880,0.232977,11,39,30,169.16,0.6729,0.1446,0.016159,4.277
633187,520,424,944,247,20,62,21.51,0.9873,0.5603,0.206258,41,1,53,316.90,0.9410,0.1074,0.007502,4.456
633208,520,440,960,199,35,226,321.16,0.9524,0.5471,0.188368,15,17,45,276.85,0.5983,0.0940,0.006919,4.188
633215,520,422,942,179,72,238,310.72,0.8963,0.5577,0.203924,11,26,41,249.89,0.5042,0.1107,0.009700,4.253
633229,520,473,993,206,33,161,341.85,0.8926,0.5160,0.167848,4,3,9,292.78,0.4078,0.0321,0.001107,4.263
633246,520,444,964,215,22,178,338.57,0.9540,0.5372,0.182375,36,1,21,349.03,0.8577,0.0774,0.004510,4.263
633251,520,443,963,178,51,240,311.21,0.9283,0.5365,0.181249,9,21,9,144.22,0.5576,0.0820,0.006141,4.119
633255,520,373,893,237,61,177,345.23,0.8909,0.6019,0.245192,58,21,38,353.61,0.5558,0.1556,0.015759,4.489
633288,520,422,942,209,10,237,321.53,0.9933,0.5631,0.198886,25,13,65,286.40,0.8006,0.1136,0.008762,4.236
633299,520,353,873,224,77,215,330.40,0.8788,0.6161,0.260635,30,49,3,129.88,0.9581,0.1837,0.024792,4.153
633301,520,444,964,228,60,0,35.27,1.0000,0.5428,0.197286,5,5,63,269.50,0.9730,0.0833,0.004997,4.496
633311,520,398,918,229,42,182,341.11,0.9245,0.5755,0.216940,25,34,39,232.58,0.1935,0.1421,0.014972,4.109
633315,520,416,936,239,18,145,354.45,0.9764,0.5661,0.208308,56,4,1,30.99,0.9741,0.1174,0.009299,4.356
633318,520,464,984,140,86,233,296.17,0.8373,0.5229,0.181143,10,6,21,295.28,0.5098,0.0513,0.002489,4.404
633326,520,440,960,220,67,121,3.29,0.7966,0.5541,0.206129,5,26,11,151.18,0.8469,0.0947,0.007952,4.420
633330,520,376,896,241,67,140,359.69,0.8772,0.5994,0.246116,30,41,31,147.28,0.2660,0.1639,0.019608,4.254
633350,520,418,938,216,55,182,338.09,0.8612,0.5618,0.207109,40,17,35,335.78,0.4865,0.1171,0.009734,4.304
633355,520,399,919,244,8,156,351.79,0.9920,0.5783,0.218103,17,7,100,272.14,0.9815,0.1415,0.011911,4.330
633356,520,420,940,230,66,51,29.37,0.9107,0.5564,0.209613,41,1,57,313.63,0.9513,0.1109,0.007886,4.485
633371,520,468,988,120,88,252,285.79,0.9715,0.5215,0.180005,7,3,18,296.42,0.6397,0.0396,0.001540,4.463
633376,520,433,953,188,39,246,313.34,0.9603,0.5478,0.187974,47,3,14,10.81,0.8502,0.0997,0.007013,4.174
633399,520,477,997,98,101,228,277.63,0.8185,0.5052,0.175049,4,1,7,310.77,0.6480,0.0247,0.000629,4.445
633400,520,356,876,236,83,166,350.48,0.8311,0.6183,0.267753,60,34,27,35.83,0.4037,0.1814,0.021840,4.423
633410,520,455,975,216,65,43,31.32,0.9041,0.5272,0.185564,4,14,12,181.47,0.4594,0.0604,0.003664,4.390
633413,520,314,834,254,80,200,342.74,0.9912,0.6610,0.309815,17,53,82,246.36,0.6891,0.2186,0.032744,4.349
633431,520,310,830,229,100,228,327.88,0.8786,0.6599,0.313759,48,55,4,117.56,0.9207,0.2191,0.033695,4.346
633445,520,410,930,207,30,239,320.35,0.9743,0.5677,0.204277,50,17,23,10.98,0.5598,0.1288,0.011410,4.141
633480,520,413,933,238,52,99,12.46,0.9095,0.5675,0.215371,18,30,28,183.23,0.2646,0.1202,0.011410,4.321
633491,520,421,941,253,1,23,27.70,0.9996,0.5648,0.209700,2,19,70,263.46,0.9569,0.1136,0.009208,4.386
633508,520,438,958,180,60,237,312.04,0.9085,0.5453,0.190504,2,4,73,265.97,0.9893,0.0924,0.005807,4.310
633511,520,416,936,255,24,7,29.77,1.0000,0.5743,0.219325,1,22,74,262.18,0.9785,0.1237,0.010746,4.434
633523,520,364,884,217,70,229,324.68,0.9067,0.6062,0.247911,56,32,11,59.38,0.6441,0.1671,0.018980,4.319
633546,520,347,867,243,0,249,327.04,1.0000,0.6283,0.258970,88,2,34,7.74,0.9554,0.1950,0.022340,4.271
633549,520,345,865,238,52,240,327.67,0.9666,0.6325,0.269270,71,26,42,0.24,0.5728,0.1893,0.022457,4.406
633589,520,474,994,220,52,22,32.19,0.9662,0.5197,0.177322,5,2,9,307.01,0.5365,0.0302,0.000954,4.461
633593,520,399,919,240,72,60,28.40,0.9256,0.5835,0.234894,6,30,70,259.91,0.8511,0.1410,0.014094,4.445
633599,520,435,955,231,61,2,35.15,0.9974,0.5499,0.203338,5,23,28,217.84,0.5986,0.0918,0.007289,4.422
633611,520,385,905,249,40,117,6.61,0.9542,0.5858,0.229452,72,1,11,21.25,0.9852,0.1516,0.014238,4.350
633615,520,479,999,204,66,61,26.31,0.8307,0.5077,0.170729,1,0,4,296.85,1.0000,0.0133,0.000152,4.401
633616,520,369,889,241,75,136,2.27,0.8654,0.6064,0.255135,30,45,16,131.68,0.6675,0.1726,0.021902,4.244
633625,520,401,921,240,66,62,26.61,0.9263,0.5773,0.227727,5,34,58,247.48,0.7817,0.1416,0.014817,4.285
633628,520,470,990,207,4,180,335.84,0.9908,0.5184,0.166496,16,1,19,322.23,0.8058,0.0449,0.001789,4.180
633629,520,393,913,212,72,211,328.15,0.8574,0.5889,0.233368,10,33,55,249.89,0.6508,0.1389,0.014280,4.408
633633,520,10,530,242,255,245,152.83,1.0000,0.9856,0.969894,56,133,21,138.43,0.9785,0.4747,0.176694,4.499
633636,520,315,835,238,92,227,330.81,0.9176,0.6627,0.313799,13,51,96,255.24,0.8002,0.2220,0.032976,4.384
633641,520,402,922,224,59,175,342.62,0.8597,0.5759,0.220728,52,10,34,349.22,0.6994,0.1265,0.010628,4.465
633642,520,379,899,251,37,161,352.35,0.9679,0.6040,0.244090,10,44,15,146.01,0.9299,0.1569,0.019003,4.262
633654,520,384,904,240,62,143,357.85,0.8781,0.5938,0.239567,40,36,2,102.79,0.9119,0.1536,0.017173,4.311
633658,520,395,915,254,5,128,2.41,0.9963,0.5871,0.227416,40,25,48,313.19,0.4260,0.1405,0.013598,4.362
633661,520,447,967,216,74,50,32.05,0.8727,0.5392,0.197292,0,21,27,217.31,1.0000,0.0824,0.006154,4.404
633669,520,444,964,189,59,208,322.27,0.8518,0.5363,0.185022,13,21,6,131.22,0.5879,0.0840,0.006350,4.171
633681,520,476,996,201,29,179,334.64,0.9169,0.5149,0.165528,0,2,6,247.65,1.0000,0.0221,0.000566,4.262
633684,520,364,884,223,89,173,344.95,0.7599,0.6073,0.258521,8,44,49,208.35,0.7472,0.1677,0.020746,4.361
633694,520,419,939,225,29,173,342.66,0.9449,0.5562,0.199060,0,31,27,182.94,1.0000,0.1126,0.010591,4.111
633699,520,415,935,251,23,71,19.69,0.9850,0.5712,0.215806,9,34,11,145.05,0.8890,0.1223,0.012263,4.269
633701,520,211,731,238,166,149,33.79,0.6649,0.7559,0.476214,60,79,53,137.45,0.3739,0.3121,0.068096,4.456
633704,520,461,981,210,10,194,332.62,0.9835,0.5342,0.178159,15,7,2,64.56,0.5571,0.0511,0.002579,4.339
633713,520,462,982,189,2,237,316.25,0.9982,0.5282,0.169780,22,0,6,1.53,1.0000,0.0455,0.001838,4.240
633743,520,397,917,210,19,254,317.97,0.9958,0.5804,0.213249,60,14,16,21.82,0.7426,0.1413,0.013123,4.170
633749,520,172,692,254,172,188,6.63,0.9394,0.7996,0.542089,25,93,56,155.14,0.9012,0.3372,0.083206,4.445
633762,520,440,960,194,14,247,315.31,0.9909,0.5474,0.185002,19,14,40,289.33,0.5642,0.0876,0.006057,4.192
633764,520,365,885,248,51,168,350.13,0.9436,0.6099,0.251545,13,25,106,267.78,0.9434,0.1718,0.018213,4.421
633772,520,479,999,180,78,146,342.32,0.6393,0.5089,0.172287,1,0,1,328.36,1.0000,0.0103,0.000086,4.438
633787,520,411,931,250,17,66,20.59,0.9901,0.5663,0.211219,53,13,6,32.82,0.8084,0.1241,0.010580,4.312
633788,520,394,914,231,28,215,332.24,0.9754,0.5913,0.227283,63,1,39,349.58,0.9294,0.1405,0.012251,4.454
633797,520,476,996,184,56,185,327.61,0.8079,0.5096,0.165228,1,0,10,281.20,1.0000,0.0178,0.000284,4.280
633812,520,385,905,244,13,177,345.53,0.9889,0.5891,0.226984,7,29,79,263.11,0.8901,0.1475,0.014883,4.269
633817,520,438,958,239,35,9,30.64,0.9924,0.5457,0.195758,13,20,34,263.47,0.3903,0.0920,0.007014,4.311
633829,520,317,837,250,88,200,342.17,0.9564,0.6631,0.314766,71,42,47,8.58,0.3351,0.2231,0.032009,4.448
633832,520,268,788,244,112,223,333.94,0.9296,0.6963,0.361516,61,64,18,112.82,0.7328,0.2613,0.047026,4.241
633846,520,458,978,180,11,254,309.98,0.9955,0.5309,0.170994,8,11,27,273.44,0.4870,0.0635,0.003701,4.115
633857,520,439,959,242,22,79,16.64,0.9799,0.5535,0.200190,35,11,3,42.58,0.7363,0.0874,0.006033,4.465
633859,520,349,869,236,39,246,325.91,0.9801,0.6255,0.259402,13,8,132,267.61,0.9927,0.1862,0.019250,4.468
633862,520,434,954,245,13,14,28.81,0.9947,0.5497,0.197356,33,0,60,303.10,1.0000,0.1000,0.006496,4.378
633864,520,446,966,227,3,140,353.33,0.9943,0.5364,0.182923,10,14,38,273.17,0.6036,0.0786,0.005185,4.221
633867,520,345,865,254,65,172,350.88,0.9893,0.6338,0.278334,11,51,35,162.78,0.8396,0.1859,0.025600,4.343
633888,520,471,991,202,20,192,331.06,0.9577,0.5211,0.168645,9,3,5,354.28,0.3704,0.0359,0.001342,4.259
633899,520,384,904,229,67,180,342.55,0.8569,0.5949,0.239701,57,17,50,335.06,0.6491,0.1536,0.015012,4.456
633910,520,476,996,128,85,238,290.94,0.8717,0.5122,0.172591,1,1,10,275.68,0.8223,0.0220,0.000501,4.408
633946,520,375,895,209,77,223,323.76,0.8676,0.5974,0.241925,65,19,12,31.14,0.7624,0.1579,0.016163,4.412
633963,520,448,968,216,72,65,26.81,0.8415,0.5387,0.196177,15,3,61,280.53,0.9568,0.0849,0.005036,4.473
633971,520,453,973,108,99,252,279.98,0.9709,0.5301,0.191395,24,11,6,43.92,0.4368,0.0716,0.004467,4.432
633980,520,377,897,241,81,100,17.55,0.8801,0.6033,0.255088,3,46,28,160.31,0.9600,0.1640,0.020571,4.323
633985,520,452,972,217,62,49,29.05,0.8963,0.5264,0.184212,0,3,61,264.21,0.9905,0.0738,0.004020,4.336
633990,520,9,529,251,254,227,112.19,0.9789,0.9857,0.969390,32,135,14,141.36,0.9917,0.4725,0.176660,4.497
633994,520,436,956,232,35,116,3.83,0.9311,0.5487,0.196218,15,9,59,279.03,0.8725,0.0922,0.006127,4.387
633999,520,341,861,251,91,101,20.32,0.9544,0.6342,0.289343,8,54,59,205.91,0.8196,0.2048,0.030056,4.239
634031,520,431,951,202,84,134,356.36,0.6664,0.5491,0.206203,40,8,28,345.40,0.6591,0.0991,0.007087,4.488
634040,520,383,903,230,35,232,327.76,0.9748,0.6038,0.238537,61,5,60,328.99,0.8313,0.1537,0.014270,4.489
634052,520,445,965,153,84,240,300.04,0.8778,0.5410,0.194045,9,8,51,275.08,0.8812,0.0780,0.004707,4.461
634054,520,442,962,238,15,32,26.83,0.9919,0.5362,0.186264,14,4,53,282.35,0.9168,0.0769,0.004372,4.345
634058,520,427,947,214,66,164,344.24,0.7992,0.5597,0.208751,12,24,33,241.92,0.3828,0.1013,0.008412,4.430
634061,520,298,818,231,98,247,323.26,0.9581,0.6714,0.324417,37,49,94,270.20,0.5592,0.2281,0.033980,4.458
634069,520,294,814,235,106,242,325.55,0.9365,0.6850,0.343831,59,59,17,109.22,0.7134,0.2443,0.040982,4.329
634074,520,433,953,242,13,96,11.01,0.9875,0.5546,0.200130,42,6,20,0.29,0.7178,0.0964,0.006731,4.409
634105,520,462,982,236,10,60,20.82,0.9925,0.5339,0.183794,18,5,0,56.99,1.0000,0.0495,0.002372,4.464
634106,520,466,986,190,87,85,23.18,0.6339,0.5184,0.184211,7,10,0,119.83,1.0000,0.0497,0.002623,4.451
634111,520,437,957,192,65,218,320.28,0.8612,0.5543,0.200504,7,11,56,270.66,0.9008,0.0867,0.005700,4.497
634115,520,470,990,221,47,70,19.99,0.9104,0.5230,0.178501,9,3,19,301.86,0.6535,0.0422,0.001702,4.420
634117,520,332,852,202,116,221,320.16,0.7447,0.6422,0.302690,1,58,26,152.22,0.9950,0.2044,0.031070,4.350
634118,520,376,896,221,41,237,324.28,0.9657,0.5952,0.230746,21,35,72,266.10,0.6248,0.1632,0.018293,4.111
634126,520,377,897,219,22,255,319.99,1.0000,0.5968,0.228559,16,40,45,212.93,0.4943,0.1567,0.018171,4.086
634127,520,420,940,234,26,156,350.04,0.9574,0.5638,0.206344,17,27,20,153.88,0.2960,0.1078,0.009535,4.306
634128,520,351,871,247,77,157,355.66,0.9112,0.6270,0.275194,31,51,21,136.12,0.6689,0.1935,0.027130,4.216
634131,520,433,953,235,48,16,31.76,0.9837,0.5466,0.198166,35,17,2,61.65,0.7902,0.0987,0.007627,4.306
634133,520,401,921,218,88,123,6.38,0.7110,0.5782,0.233172,24,34,31,174.65,0.1985,0.1378,0.014371,4.399
634145,520,438,958,207,0,227,323.40,1.0000,0.5500,0.188133,42,0,33,338.38,1.0000,0.0932,0.006021,4.251
634150,520,386,906,223,32,232,326.07,0.9747,0.5904,0.225494,56,3,69,318.30,0.9036,0.1496,0.013357,4.348
634158,520,394,914,219,61,212,329.93,0.8986,0.5899,0.231531,14,39,23,153.67,0.6778,0.1439,0.016062,4.262
634162,520,392,912,178,105,212,314.06,0.6956,0.5865,0.243224,24,35,47,251.11,0.3035,0.1482,0.016015,4.442
634163,520,334,854,232,95,186,342.85,0.8100,0.6360,0.288878,1,40,109,260.80,0.9891,0.2024,0.026280,4.443
634167,520,317,837,205,116,244,314.56,0.8892,0.6598,0.320027,2,50,101,254.70,0.9602,0.2204,0.032335,4.494
634173,520,468,988,192,63,168,336.12,0.7672,0.5204,0.175902,11,6,2,71.87,0.4772,0.0446,0.002058,4.339
634176,520,401,921,235,30,177,343.79,0.9574,0.5776,0.217679,24,20,77,278.75,0.8070,0.1367,0.012303,4.296
634177,520,459,979,211,55,141,351.55,0.8124,0.5326,0.185066,9,2,49,278.73,0.9613,0.0650,0.003232,4.416
634178,520,424,944,244,43,52,25.54,0.9630,0.5642,0.212122,53,0,27,355.47,1.0000,0.1124,0.008361,4.491
634184,520,403,923,236,2,191,339.71,0.9981,0.5792,0.216407,12,19,77,269.93,0.9026,0.1264,0.010797,4.382
634189,520,363,883,252,0,183,345.39,1.0000,0.6051,0.241178,29,44,37,164.27,0.2813,0.1742,0.021961,4.046
634191,520,370,890,188,101,235,312.09,0.8335,0.6078,0.259978,4,38,77,254.89,0.8825,0.1674,0.019477,4.462
634217,520,454,974,194,17,224,320.52,0.9801,0.5294,0.172536,0,11,46,261.31,1.0000,0.0720,0.004366,4.093
634237,520,422,942,232,54,91,14.86,0.8956,0.5554,0.205524,23,26,25,173.90,0.0628,0.1120,0.009911,4.265
634241,520,437,957,224,30,172,342.75,0.9403,0.5542,0.197569,24,3,58,292.70,0.9209,0.0907,0.005648,4.449
634252,520,425,945,250,3,51,23.47,0.9986,0.5611,0.206318,23,26,11,118.09,0.4364,0.1079,0.009451,4.311
634263,520,431,951,196,71,191,329.41,0.7856,0.5497,0.200054,24,20,20,17.72,0.0836,0.0956,0.007450,4.353
634282,520,382,902,245,51,149,355.81,0.9196,0.5964,0.239533,71,2,43,351.12,0.9027,0.1607,0.015577,4.415
634285,520,380,900,188,89,246,310.57,0.9218,0.5979,0.244909,37,26,74,289.74,0.6508,0.1582,0.016265,4.450
634290,520,466,986,227,1,94,9.16,0.9984,0.5199,0.171637,16,5,0,61.72,1.0000,0.0470,0.002187,4.247
634291,520,476,996,171,86,141,342.51,0.5577,0.5052,0.172377,1,1,9,276.31,0.7916,0.0214,0.000479,4.405
634292,520,464,984,203,69,102,9.25,0.7422,0.5192,0.179141,9,6,14,302.89,0.3335,0.0470,0.002200,4.390
634298,520,459,979,209,53,150,347.39,0.8187,0.5311,0.183057,4,14,6,150.78,0.6051,0.0586,0.003530,4.354
634305,520,390,910,174,100,236,306.70,0.8265,0.5889,0.241697,3,34,65,251.85,0.8664,0.1461,0.015450,4.457
634324,520,410,930,228,80,26,37.89,0.9522,0.5675,0.223087,47,17,38,340.25,0.5523,0.1298,0.011453,4.444
634329,520,404,924,196,62,246,314.78,0.9500,0.5781,0.218361,54,13,23,9.03,0.6703,0.1299,0.011341,4.375
634333,520,379,899,218,40,250,320.57,0.9795,0.5992,0.233271,21,41,29,156.63,0.4680,0.1563,0.018340,4.145
634339,520,247,767,228,151,184,352.44,0.5947,0.7237,0.420896,32,74,70,187.13,0.5513,0.2832,0.056466,4.423
634347,520,406,926,221,21,225,327.32,0.9832,0.5777,0.213469,12,36,0,136.13,1.0000,0.1285,0.013399,4.156
634360,520,349,869,225,102,182,343.02,0.7464,0.6331,0.288899,49,45,29,95.77,0.3027,0.1947,0.026185,4.448
634369,520,469,989,144,80,230,299.13,0.8378,0.5158,0.173800,15,3,1,40.09,0.7171,0.0412,0.001689,4.330
634372,520,412,932,195,83,201,325.61,0.7656,0.5696,0.220071,18,28,43,258.29,0.3790,0.1219,0.011335,4.403
634379,520,413,933,242,43,95,13.28,0.9397,0.5678,0.214345,41,13,52,315.12,0.6899,0.1227,0.010072,4.400
634428,520,455,975,180,66,209,318.75,0.8231,0.5305,0.182043,1,13,24,241.59,0.7999,0.0607,0.003602,4.329
634435,520,260,780,187,156,241,300.23,0.7445,0.7119,0.406928,24,74,52,161.34,0.7786,0.2730,0.053395,4.419
634436,520,478,998,213,61,1,36.46,0.9980,0.5141,0.174883,1,1,12,274.56,0.8685,0.0231,0.000547,4.449
634458,520,411,931,229,34,187,339.47,0.9471,0.5737,0.213925,39,15,49,314.83,0.6329,0.1206,0.009948,4.403
634463,520,439,959,224,12,170,343.11,0.9800,0.5468,0.190151,35,6,23,347.32,0.6664,0.0851,0.005495,4.327
634474,520,471,991,203,69,102,9.25,0.7422,0.5192,0.179141,7,5,4,52.41,0.1404,0.0389,0.001625,4.439
634475,520,433,953,230,53,75,19.98,0.9092,0.5472,0.198801,20,12,61,282.70,0.8130,0.1031,0.007486,4.328
634490,520,468,988,161,75,218,308.88,0.8065,0.5210,0.176718,4,1,26,281.91,0.9298,0.0366,0.001221,4.426
634493,520,378,898,210,68,239,320.24,0.9246,0.6000,0.240695,66,6,61,332.07,0.8206,0.1650,0.016256,4.387
634509,520,470,990,228,37,27,29.16,0.9677,0.5247,0.178992,15,0,17,324.54,1.0000,0.0400,0.001420,4.453
634514,520,477,997,199,45,155,342.41,0.8292,0.5082,0.163873,2,0,14,286.01,1.0000,0.0222,0.000446,4.240
634520,520,419,939,238,53,78,19.62,0.9232,0.5637,0.212766,21,23,35,276.79,0.2687,0.1068,0.008936,4.459
634526,520,454,974,232,33,52,24.03,0.9667,0.5331,0.184945,0,18,19,199.06,1.0000,0.0704,0.004796,4.288
634538,520,459,979,200,31,197,329.07,0.9301,0.5258,0.172923,19,10,2,70.85,0.6442,0.0622,0.003599,4.159
634547,520,420,940,229,72,63,27.55,0.8819,0.5630,0.216544,25,19,53,287.92,0.6027,0.1135,0.009294,4.495
634550,520,457,977,223,26,116,1.62,0.9405,0.5259,0.176904,13,9,10,0.87,0.1256,0.0559,0.003029,4.279
634554,520,325,845,254,100,75,31.54,0.9907,0.6472,0.306966,37,47,81,270.11,0.4609,0.2132,0.030203,4.451
634575,520,255,775,242,128,231,330.90,0.9231,0.7218,0.400873,21,72,71,193.24,0.7155,0.2725,0.052489,4.399
634581,520,480,1000,165,17,252,305.89,0.9876,0.5081,0.154292,0,0,0,0.00,0.0000,0.0000,0.000000,4.086
634585,520,461,981,229,38,49,25.15,0.9580,0.5295,0.182690,10,8,16,296.10,0.2865,0.0533,0.002756,4.411
634591,520,395,915,230,58,180,342.44,0.8836,0.5882,0.231470,35,25,61,293.76,0.5582,0.1432,0.013895,4.405
634622,520,460,980,188,29,235,316.05,0.9667,0.5332,0.175695,2,9,31,262.51,0.8160,0.0572,0.003072,4.253
634641,520,445,965,215,51,148,349.54,0.8391,0.5395,0.189552,36,3,18,355.62,0.7697,0.0797,0.004839,4.368
634644,520,330,850,172,131,240,299.61,0.7814,0.6448,0.312948,9,54,76,235.39,0.8001,0.2148,0.032181,4.416
634683,520,386,906,218,61,210,330.22,0.8935,0.5870,0.228981,45,26,43,330.50,0.3792,0.1468,0.014711,4.311
634685,520,424,944,198,70,206,325.38,0.8261,0.5611,0.208439,4,13,79,266.41,0.9646,0.1143,0.008781,4.397
634722,520,344,864,243,66,194,341.45,0.9194,0.6254,0.268491,72,29,27,24.68,0.5805,0.1916,0.023358,4.342
634727,520,380,900,247,11,180,345.28,0.9918,0.5960,0.233121,74,5,15,20.36,0.9281,0.1610,0.015991,4.290
634761,520,0,520,255,255,255,0.00,0.0000,1.0000,1.000000,44,137,10,139.89,0.9934,0.4824,0.184480,4.478
634764,520,452,972,208,76,56,31.20,0.8289,0.5278,0.188665,1,18,25,224.33,0.8552,0.0738,0.005092,4.332
634768,520,265,785,235,121,255,321.47,1.0000,0.7142,0.385588,36,70,20,137.13,0.8943,0.2589,0.048058,4.442
634773,520,402,922,227,34,201,335.00,0.9546,0.5781,0.216945,55,15,13,26.12,0.7110,0.1322,0.011831,4.317
634777,520,411,931,213,14,237,322.53,0.9910,0.5707,0.205766,19,12,78,276.82,0.9153,0.1208,0.009514,4.298
634787,520,302,822,240,80,252,324.93,0.9877,0.6674,0.312933,6,64,21,147.06,0.9826,0.2258,0.037595,4.143
634809,520,405,925,216,48,216,328.13,0.9286,0.5769,0.216728,39,15,58,306.78,0.6972,0.1274,0.010785,4.388
634812,520,431,951,196,32,240,317.11,0.9684,0.5516,0.190615,14,9,71,274.93,0.9346,0.1048,0.007436,4.189
634847,520,317,837,242,68,255,324.95,1.0000,0.6613,0.302340,51,54,19,113.50,0.6318,0.2210,0.033892,4.200
634855,520,415,935,251,28,78,18.12,0.9787,0.5744,0.218935,15,32,22,157.07,0.4740,0.1220,0.011925,4.343
634862,520,447,967,240,5,22,27.76,0.9977,0.5375,0.186951,34,7,19,355.15,0.6202,0.0835,0.005391,4.278
634866,520,412,932,205,66,205,327.90,0.8474,0.5673,0.212851,22,29,22,144.97,0.2198,0.1184,0.011072,4.304
634870,520,443,963,214,72,77,22.32,0.8082,0.5372,0.194691,37,5,0,37.84,1.0000,0.0800,0.005019,4.447
634875,520,423,943,220,6,207,331.64,0.9936,0.5601,0.198532,23,22,40,285.50,0.3706,0.1091,0.009092,4.206
634884,520,311,831,217,107,237,321.27,0.8829,0.6577,0.313831,14,59,44,166.92,0.8211,0.2167,0.034030,4.330
634901,520,302,822,221,129,179,347.03,0.6244,0.6708,0.343291,23,63,39,154.60,0.7540,0.2322,0.038835,4.427
634906,520,475,995,229,9,80,14.34,0.9892,0.5225,0.174356,1,4,6,227.69,0.5074,0.0302,0.001064,4.394
634934,520,425,945,245,35,16,30.08,0.9878,0.5586,0.206555,0,13,76,263.72,1.0018,0.1084,0.008096,4.416
634940,520,434,954,235,23,124,0.90,0.9632,0.5517,0.197333,30,16,38,312.22,0.4888,0.1027,0.007866,4.274
634945,520,346,866,211,93,236,320.27,0.8874,0.6288,0.277353,3,50,57,210.20,0.9157,0.1893,0.025958,4.310
634951,520,427,947,247,36,1,31.10,0.9993,0.5628,0.210417,27,23,3,98.99,0.7585,0.1024,0.008524,4.450
634963,520,375,895,255,67,27,33.11,1.0000,0.6042,0.253572,2,33,85,259.87,0.9619,0.1610,0.017564,4.493
634966,520,404,924,231,71,122,5.50,0.8228,0.5791,0.229033,29,23,62,286.61,0.6141,0.1333,0.012218,4.485
634968,520,391,911,224,8,235,325.74,0.9957,0.5869,0.220214,43,20,73,299.67,0.7159,0.1537,0.014950,4.160
634975,520,422,942,237,14,150,352.34,0.9816,0.5631,0.205237,15,9,74,275.10,0.9393,0.1090,0.007913,4.407
634991,520,344,864,175,121,240,302.99,0.8042,0.6291,0.290804,37,48,31,134.84,0.3444,0.1914,0.026061,4.481
634999,520,451,971,239,25,22,28.71,0.9857,0.5412,0.191072,4,15,32,256.58,0.6468,0.0725,0.004717,4.406
635005,520,404,924,248,22,141,357.61,0.9772,0.5837,0.224568,53,12,35,349.39,0.6735,0.1314,0.011413,4.471
635008,520,475,995,195,25,211,323.95,0.9570,0.5241,0.170021,4,2,1,57.67,0.3689,0.0252,0.000714,4.338
635020,520,410,930,183,92,207,318.86,0.7299,0.5689,0.222276,59,9,14,20.17,0.8146,0.1325,0.011570,4.422
635044,520,466,986,198,34,189,330.80,0.9083,0.5186,0.168257,12,6,7,5.98,0.2297,0.0473,0.002238,4.178
635053,520,469,989,187,29,217,320.07,0.9499,0.5170,0.164546,12,2,4,3.74,0.5682,0.0360,0.001304,4.182
635060,520,408,928,208,84,155,347.84,0.7042,0.5677,0.221190,16,32,35,210.75,0.3576,0.1277,0.012645,4.329
635061,520,346,866,207,90,247,316.40,0.9424,0.6264,0.272945,36,38,80,278.57,0.5505,0.1888,0.023404,4.400
635069,520,375,895,228,81,153,353.55,0.7841,0.5968,0.246813,52,34,4,76.29,0.8296,0.1649,0.018830,4.312
635095,520,453,973,203,86,17,44.54,0.9396,0.5303,0.193946,20,14,5,79.39,0.4440,0.0727,0.004738,4.457
635105,520,456,976,232,1,76,15.65,0.9989,0.5262,0.177024,12,6,27,294.28,0.6174,0.0566,0.002875,4.294
635113,520,438,958,237,31,74,18.26,0.9647,0.5460,0.194821,11,19,39,266.06,0.5229,0.0913,0.006834,4.308
635114,520,237,757,222,155,202,338.09,0.5863,0.7311,0.432379,49,78,13,131.15,0.9283,0.2932,0.061307,4.334
635159,520,278,798,236,123,187,346.61,0.7709,0.6850,0.355889,66,58,3,100.30,0.9435,0.2485,0.041910,4.416
635175,520,365,885,254,39,170,350.24,0.9916,0.6146,0.254276,75,2,53,344.69,0.9061,0.1745,0.017966,4.477
635185,520,470,990,174,87,150,338.79,0.5778,0.5157,0.180182,11,3,14,318.33,0.5671,0.0416,0.001680,4.454
635196,520,425,945,239,8,147,353.61,0.9901,0.5645,0.206341,31,23,16,62.76,0.2570,0.1101,0.009415,4.314
635198,520,449,969,198,46,207,325.57,0.8986,0.5389,0.184664,28,6,14,358.85,0.5810,0.0702,0.004089,4.339
635222,520,460,980,228,20,107,5.46,0.9648,0.5307,0.180587,11,8,27,288.21,0.5453,0.0599,0.003239,4.331
635232,520,124,644,231,208,195,51.48,0.3409,0.8523,0.660415,28,107,20,141.83,0.9790,0.3791,0.108124,4.493
635234,520,458,978,193,7,227,319.61,0.9926,0.5276,0.170369,15,5,32,297.35,0.7169,0.0609,0.003144,4.147
635237,520,428,948,230,31,158,348.65,0.9403,0.5592,0.202744,49,0,16,6.79,1.0000,0.0999,0.006905,4.442
635246,520,416,936,221,52,181,339.66,0.8801,0.5676,0.211667,30,28,12,102.14,0.4435,0.1211,0.011331,4.266
635264,520,400,920,175,101,216,312.08,0.7251,0.5783,0.233799,6,36,40,207.55,0.7320,0.1371,0.014536,4.398
635274,520,362,882,169,128,189,314.31,0.4552,0.6067,0.275480,37,44,20,122.44,0.5008,0.1766,0.022452,4.492
635283,520,388,908,188,99,213,318.43,0.7350,0.5905,0.244202,23,36,42,228.27,0.2723,0.1477,0.016110,4.450
635293,520,444,964,195,21,228,319.79,0.9766,0.5356,0.177414,23,17,11,66.62,0.2502,0.0846,0.006072,4.056
635312,520,385,905,236,88,26,39.52,0.9591,0.5932,0.248899,2,43,5,144.08,0.9914,0.1487,0.017515,4.427
635321,520,411,931,241,43,120,4.56,0.9284,0.5728,0.217878,20,24,55,274.98,0.5716,0.1216,0.010778,4.407
635323,520,396,916,200,62,234,318.76,0.9107,0.5751,0.216666,44,20,50,319.33,0.5560,0.1374,0.012661,4.256
635324,520,440,960,231,8,157,348.72,0.9878,0.5531,0.195998,1,23,21,187.23,0.9168,0.0862,0.006734,4.336
635328,520,352,872,222,76,230,325.69,0.9055,0.6210,0.264137,41,39,74,284.44,0.4620,0.1915,0.024168,4.235
635335,520,434,954,243,0,81,15.34,1.0000,0.5505,0.196522,45,5,3,29.32,0.8968,0.0962,0.006731,4.345
635356,520,435,955,225,12,171,343.04,0.9808,0.5493,0.192134,16,5,59,281.73,0.9181,0.0867,0.005344,4.375
635383,520,367,887,246,62,147,357.58,0.9168,0.6065,0.251479,40,35,59,292.81,0.3613,0.1705,0.019689,4.326
635403,520,444,964,202,59,180,334.88,0.8163,0.5400,0.189816,16,19,15,137.85,0.1390,0.0834,0.006104,4.274
635414,520,344,864,255,68,137,3.38,1.0000,0.6252,0.272039,35,47,47,196.30,0.1740,0.1922,0.025955,4.240
635428,520,367,887,245,1,221,333.94,0.9996,0.6135,0.246576,1,28,100,262.99,0.9886,0.1657,0.017569,4.389
635439,520,403,923,237,59,130,1.79,0.8756,0.5808,0.227472,33,29,11,97.11,0.5011,0.1271,0.012262,4.456
635463,520,457,977,202,31,195,330.19,0.9297,0.5280,0.174785,27,4,4,23.79,0.7247,0.0618,0.003286,4.218
635475,520,434,954,220,75,12,38.73,0.9771,0.5452,0.202769,39,14,7,37.12,0.6239,0.1003,0.007608,4.388
635479,520,452,972,194,49,193,328.36,0.8590,0.5251,0.175178,4,6,52,269.48,0.9499,0.0718,0.004040,4.167
635483,520,356,876,211,78,249,317.75,0.9635,0.6192,0.261388,68,19,64,331.17,0.6971,0.1846,0.020650,4.407
635486,520,397,917,221,56,194,335.69,0.8863,0.5782,0.220978,25,15,86,279.08,0.8956,0.1394,0.012202,4.356
635492,520,426,946,214,46,194,333.74,0.9007,0.5581,0.201473,20,28,4,124.94,0.7892,0.1095,0.009880,4.200
635497,520,418,938,239,51,61,24.26,0.9412,0.5612,0.210585,48,1,55,322.11,0.9384,0.1213,0.009260,4.397
635498,520,326,846,239,88,215,334.60,0.9073,0.6528,0.302390,19,50,77,247.61,0.6332,0.2072,0.029553,4.430
635505,520,471,991,191,36,203,324.78,0.9151,0.5173,0.166514,13,3,5,3.89,0.4826,0.0403,0.001617,4.195
635517,520,453,973,224,48,54,25.09,0.9306,0.5273,0.182303,17,14,16,338.02,0.0939,0.0726,0.004707,4.246
635519,520,405,925,225,61,176,342.62,0.8577,0.5800,0.224821,1,26,76,260.89,0.9776,0.1347,0.012670,4.385
635544,520,398,918,243,66,32,32.72,0.9627,0.5800,0.230587,5,38,32,178.33,0.8331,0.1395,0.015227,4.302
635577,520,441,961,160,100,182,316.49,0.5675,0.5361,0.199659,26,15,16,13.06,0.2535,0.0852,0.005987,4.459
635583,520,464,984,185,61,194,325.02,0.8097,0.5224,0.175481,9,11,1,116.40,0.7883,0.0540,0.002996,4.255
635599,520,392,912,222,50,215,329.96,0.9307,0.5879,0.227193,53,12,67,315.93,0.7760,0.1522,0.014252,4.314
635604,520,327,847,215,116,193,336.05,0.6752,0.6456,0.307898,46,44,82,284.27,0.4610,0.2145,0.029914,4.479
635608,520,418,938,223,7,199,334.50,0.9920,0.5607,0.199659,19,22,62,275.31,0.6902,0.1221,0.010600,4.120
635610,520,442,962,158,93,208,308.07,0.7054,0.5375,0.196524,21,18,8,93.53,0.3622,0.0840,0.006096,4.395
635624,520,347,867,246,84,147,0.19,0.8902,0.6295,0.280432,42,44,36,118.72,0.1399,0.1860,0.024210,4.453
635639,520,347,867,255,55,182,347.40,1.0000,0.6320,0.273732,84,18,3,34.53,0.9531,0.1949,0.023243,4.420
635644,520,453,973,183,53,220,317.41,0.8898,0.5298,0.177820,3,13,42,263.60,0.8484,0.0747,0.004743,4.162
635654,520,367,887,196,83,252,312.26,0.9749,0.6056,0.249517,74,15,20,20.67,0.7999,0.1724,0.018482,4.374
635671,520,386,906,204,110,100,27.25,0.5871,0.5854,0.249111,40,36,1,103.04,0.9547,0.1535,0.017151,4.454
635679,520,281,801,246,118,184,350.00,0.8642,0.6907,0.360130,34,65,55,171.02,0.4558,0.2500,0.043964,4.365
635687,520,435,955,236,29,111,5.87,0.9537,0.5521,0.198624,24,14,34,305.85,0.4743,0.0890,0.006238,4.421
635690,520,391,911,184,117,153,346.69,0.4327,0.5867,0.252139,39,36,12,102.24,0.5840,0.1539,0.017197,4.496
635693,520,434,954,204,93,78,29.66,0.6945,0.5506,0.212181,32,21,4,77.60,0.6858,0.1039,0.008522,4.480
635708,520,424,944,199,12,249,316.24,0.9931,0.5566,0.192461,7,17,71,267.67,0.9203,0.1134,0.009009,4.109
635714,520,340,860,241,110,69,37.83,0.8803,0.6393,0.302852,9,56,40,165.47,0.8903,0.2037,0.030395,4.389
635726,520,13,533,253,250,229,100.25,0.8252,0.9789,0.949112,62,132,4,136.28,0.9958,0.4737,0.175349,4.434
635731,520,360,880,244,47,207,337.51,0.9560,0.6195,0.257741,48,16,100,293.02,0.8639,0.1815,0.019191,4.448
635738,520,387,907,195,96,207,323.19,0.7362,0.5921,0.244741,11,43,15,145.72,0.9160,0.1539,0.018333,4.313
635757,520,427,947,226,37,165,345.63,0.9200,0.5582,0.202111,47,0,36,339.72,1.0000,0.1047,0.007318,4.398
635760,520,459,979,189,0,240,315.60,1.0000,0.5303,0.171114,5,6,44,272.18,0.9068,0.0645,0.003443,4.137
635773,520,449,969,225,46,95,11.45,0.8959,0.5359,0.187905,4,7,44,269.92,0.9077,0.0656,0.003596,4.439
635774,520,343,863,246,90,141,3.61,0.8807,0.6350,0.288313,22,51,25,146.06,0.7422,0.1883,0.026083,4.447
635775,520,447,967,191,14,246,314.70,0.9904,0.5417,0.180456,3,7,57,267.48,0.9601,0.0783,0.004667,4.216
635780,520,467,987,195,51,185,331.11,0.8395,0.5234,0.174742,18,0,11,342.41,1.0000,0.0412,0.001528,4.362
635791,520,414,934,245,51,18,31.76,0.9847,0.5695,0.218273,28,23,48,291.25,0.4576,0.1217,0.010731,4.417
635795,520,303,823,247,114,136,11.90,0.8561,0.6695,0.335893,41,53,83,266.79,0.4033,0.2339,0.036421,4.465
635813,520,476,996,167,78,191,318.61,0.7176,0.5145,0.174267,1,1,6,278.68,0.6638,0.0197,0.000413,4.449
635826,520,320,840,251,81,185,346.97,0.9588,0.6500,0.299000,25,45,89,263.80,0.6535,0.2055,0.028046,4.472
635827,520,408,928,215,6,228,325.17,0.9955,0.5658,0.201808,46,8,57,317.43,0.7859,0.1280,0.010500,4.162
635830,520,334,854,248,62,205,339.25,0.9565,0.6364,0.278125,6,57,24,150.06,0.9707,0.2020,0.030308,4.086
635835,520,408,928,229,65,136,358.63,0.8318,0.5738,0.222189,21,33,9,131.22,0.6940,0.1264,0.012668,4.343
635844,520,375,895,225,96,106,18.02,0.7422,0.5972,0.254164,50,30,43,340.74,0.3331,0.1628,0.017811,4.485
635846,520,380,900,247,30,175,347.03,0.9696,0.5993,0.238011,55,31,20,45.11,0.4602,0.1649,0.018428,4.209
635876,520,426,946,204,28,236,320.27,0.9740,0.5596,0.197257,2,0,89,265.36,1.0000,0.1090,0.007341,4.312
635881,520,257,777,225,153,120,45.41,0.5887,0.7052,0.401479,52,70,13,125.76,0.8731,0.2702,0.051394,4.453
635883,520,459,979,158,75,240,302.86,0.8953,0.5346,0.185930,1,13,29,250.65,0.8261,0.0636,0.003830,4.383
635884,520,383,903,223,24,255,320.95,1.0000,0.6041,0.235633,32,36,14,117.71,0.5284,0.1464,0.016005,4.327
635887,520,422,942,251,4,37,26.01,0.9984,0.5621,0.207334,39,12,35,333.45,0.5940,0.1070,0.008157,4.425
635890,520,467,987,223,41,39,27.56,0.9534,0.5180,0.174231,7,5,12,299.22,0.3332,0.0419,0.001803,4.329
635896,520,446,966,228,4,142,352.89,0.9927,0.5395,0.185366,19,2,50,291.77,0.9309,0.0752,0.004122,4.349
635909,520,458,978,192,8,227,319.33,0.9915,0.5262,0.169276,28,2,7,9.45,0.7903,0.0602,0.003057,4.133
635913,520,476,996,156,60,237,304.12,0.9056,0.5113,0.164146,1,1,3,282.35,0.4200,0.0178,0.000347,4.253
635914,520,454,974,225,14,135,354.81,0.9723,0.5328,0.180736,0,18,9,162.75,1.0000,0.0671,0.004523,4.232
635915,520,441,961,233,19,114,3.83,0.9705,0.5429,0.190073,17,23,10,128.78,0.4286,0.0938,0.007539,4.172
635918,520,459,979,161,84,208,310.51,0.7411,0.5268,0.184724,13,2,39,290.58,0.8999,0.0585,0.002755,4.449
635931,520,453,973,198,78,128,357.19,0.6785,0.5313,0.190149,17,5,35,298.34,0.7435,0.0653,0.003491,4.490
635947,520,303,823,254,102,162,358.57,0.9789,0.6716,0.331854,42,58,47,154.56,0.2657,0.2313,0.037235,4.377
635955,520,479,999,227,15,22,28.00,0.9908,0.5118,0.167334,2,0,2,328.36,1.0000,0.0139,0.000173,4.332
635964,520,285,805,254,125,70,42.38,0.9867,0.6857,0.361834,31,65,59,180.97,0.4893,0.2498,0.043875,4.387
635972,520,480,1000,220,11,106,4.06,0.9774,0.5111,0.164983,0,0,0,0.00,0.0000,0.0000,0.000000,4.300
635973,520,371,891,240,41,217,333.88,0.9662,0.6147,0.251237,44,31,69,297.46,0.5280,0.1727,0.019451,4.337
635998,520,220,740,226,159,226,326.62,0.7079,0.7541,0.464573,32,83,35,144.56,0.8973,0.3022,0.066147,4.430
636002,520,473,993,196,12,208,325.11,0.9813,0.5192,0.165544,12,1,5,352.32,0.7077,0.0336,0.001108,4.217
636021,520,336,856,251,101,15,42.88,0.9869,0.6383,0.298544,28,52,47,179.27,0.3928,0.2021,0.029080,4.407
636022,520,405,925,251,42,61,23.66,0.9804,0.5791,0.225057,53,17,23,12.40,0.5914,0.1342,0.012198,4.422
636068,520,424,944,211,36,209,328.75,0.9413,0.5559,0.197161,2,21,58,260.27,0.9247,0.1059,0.008547,4.222
636086,520,404,924,227,38,197,336.15,0.9434,0.5779,0.217508,35,30,21,82.11,0.2322,0.1345,0.013400,4.219
636103,520,416,936,239,52,114,7.24,0.9040,0.5736,0.220247,15,32,28,177.26,0.4024,0.1241,0.012184,4.346
636110,520,477,997,216,48,13,32.61,0.9808,0.5074,0.167445,0,0,19,264.05,1.0000,0.0228,0.000470,4.308
636118,520,416,936,194,70,223,319.38,0.8627,0.5663,0.211787,5,3,90,267.13,0.9942,0.1162,0.008355,4.486
636137,520,355,875,231,74,212,333.18,0.8943,0.6225,0.266423,37,46,26,128.23,0.4030,0.1840,0.024219,4.263
636139,520,268,788,247,98,254,325.92,0.9959,0.6995,0.356678,17,70,48,161.63,0.8635,0.2558,0.047127,4.187
636147,520,428,948,162,81,255,300.72,1.0000,0.5603,0.207866,23,23,4,109.17,0.6870,0.0982,0.008037,4.443
636154,520,409,929,222,74,136,358.37,0.7786,0.5711,0.222072,53,9,41,340.81,0.7286,0.1308,0.011125,4.451
636160,520,479,999,140,68,245,296.30,0.9341,0.5074,0.163024,2,0,1,344.76,1.0000,0.0130,0.000151,4.248
636163,520,434,954,247,0,17,28.15,1.0000,0.5514,0.198183,12,0,76,273.79,1.0000,0.0967,0.005999,4.432
636165,520,456,976,167,93,171,325.29,0.5804,0.5267,0.189853,3,12,29,258.24,0.6795,0.0630,0.003710,4.466
636195,520,415,935,188,74,228,315.95,0.8593,0.5656,0.211915,38,16,54,308.35,0.6526,0.1245,0.010490,4.330
636210,520,247,767,251,123,211,340.77,0.9578,0.7174,0.393809,37,75,17,136.87,0.9329,0.2757,0.054658,4.241
636230,520,371,891,196,95,231,316.50,0.8382,0.6070,0.256909,28,30,85,276.13,0.7291,0.1680,0.018312,4.493
636245,520,470,990,198,78,85,19.73,0.7071,0.5180,0.181123,20,1,4,9.71,0.8129,0.0441,0.001792,4.463
636249,520,386,906,228,68,164,347.99,0.8333,0.5865,0.233111,9,42,12,144.82,0.9404,0.1492,0.017405,4.200
636261,520,460,980,225,43,92,12.19,0.9071,0.5328,0.185108,10,3,44,281.89,0.9140,0.0626,0.003115,4.426
636295,520,441,961,218,10,176,339.83,0.9818,0.5382,0.182595,22,22,3,109.28,0.7389,0.0943,0.007510,4.044
636302,520,459,979,231,27,53,23.21,0.9741,0.5280,0.180329,0,17,4,151.22,1.0000,0.0629,0.004096,4.258
636329,520,320,840,248,79,206,339.42,0.9510,0.6528,0.300076,31,57,10,134.17,0.9199,0.2115,0.032394,4.249
636350,520,419,939,162,107,189,313.86,0.5609,0.5560,0.218715,14,23,54,268.64,0.6398,0.1141,0.009725,4.499
636354,520,443,963,234,36,19,29.99,0.9812,0.5362,0.188043,20,10,43,292.94,0.6863,0.0836,0.005402,4.297
636379,520,457,977,152,93,207,305.66,0.6986,0.5292,0.190095,5,12,20,249.33,0.4086,0.0596,0.003457,4.491
636387,520,410,930,200,56,228,320.44,0.9123,0.5653,0.207107,44,23,26,10.79,0.3581,0.1315,0.012229,4.132
636393,520,480,1000,199,24,188,331.39,0.9406,0.5147,0.164280,0,0,0,0.00,0.0000,0.0000,0.000000,4.286
636404,520,459,979,205,2,201,329.42,0.9967,0.5280,0.172415,16,10,19,314.16,0.3042,0.0644,0.003743,4.139
636410,520,339,859,237,114,58,43.18,0.8692,0.6381,0.303474,13,55,40,165.51,0.8168,0.2017,0.029710,4.434
636420,520,464,984,199,26,193,329.94,0.9395,0.5189,0.167329,9,8,11,301.49,0.1233,0.0505,0.002559,4.135
636423,520,239,759,234,141,225,330.50,0.8433,0.7300,0.419802,30,77,29,143.11,0.9066,0.2802,0.056723,4.402
636438,520,338,858,238,95,172,349.92,0.8257,0.6396,0.293428,7,51,61,217.00,0.8217,0.1959,0.027496,4.432
636462,520,399,919,254,43,10,31.16,0.9962,0.5819,0.228243,22,37,15,136.43,0.6172,0.1407,0.015282,4.262
636490,520,448,968,168,87,202,314.80,0.7142,0.5369,0.194063,16,14,34,286.12,0.4811,0.0806,0.005397,4.406
636507,520,467,987,203,58,139,350.58,0.7823,0.5199,0.175887,9,5,10,320.54,0.2894,0.0430,0.001885,4.354
636522,520,310,830,255,60,225,335.39,1.0000,0.6579,0.299311,39,57,30,135.81,0.5229,0.2208,0.034513,4.133
636527,520,404,924,255,19,73,19.28,1.0000,0.5786,0.222106,37,29,17,77.25,0.3407,0.1333,0.013125,4.311
636528,520,445,965,181,44,246,311.11,0.9562,0.5405,0.182800,9,13,38,272.93,0.6371,0.0758,0.004858,4.244
636530,520,173,693,245,182,136,57.10,0.7487,0.7953,0.546479,26,95,17,141.52,0.9779,0.3378,0.084442,4.437
636537,520,416,936,233,71,9,36.73,0.9884,0.5650,0.218528,55,9,11,22.85,0.8110,0.1236,0.010319,4.452
636538,520,442,962,215,53,149,349.29,0.8329,0.5417,0.191655,34,2,34,328.16,0.8213,0.0827,0.004990,4.394
636540,520,372,892,243,75,124,7.29,0.8827,0.6062,0.255452,41,36,42,320.61,0.1198,0.1652,0.019004,4.427
636541,520,459,979,157,63,248,302.01,0.9536,0.5257,0.175009,17,7,11,353.22,0.3301,0.0563,0.002953,4.249
636542,520,421,941,217,75,115,6.89,0.7599,0.5562,0.210240,51,3,13,14.17,0.8806,0.1077,0.007981,4.488
636564,520,412,932,191,73,224,318.01,0.8541,0.5660,0.212245,0,23,66,259.57,1.0000,0.1172,0.010061,4.366
636569,520,416,936,198,61,226,320.19,0.8955,0.5653,0.208357,9,6,87,269.49,0.9836,0.1180,0.008764,4.397
636579,520,434,954,203,32,217,324.54,0.9519,0.5456,0.187410,24,22,27,303.63,0.1214,0.1033,0.008471,4.060
636585,520,397,917,243,9,164,349.14,0.9912,0.5801,0.219336,58,11,25,6.86,0.7257,0.1358,0.012092,4.338
636586,520,476,996,146,87,204,304.71,0.7079,0.5092,0.172874,1,0,8,284.42,1.0000,0.0165,0.000240,4.436
636588,520,372,892,254,42,152,356.02,0.9907,0.6088,0.249973,60,29,8,51.72,0.7231,0.1667,0.018571,4.375
636591,520,400,920,211,92,145,354.72,0.6704,0.5802,0.235495,43,28,25,31.58,0.2619,0.1411,0.014143,4.451
636597,520,460,980,204,78,74,25.11,0.7561,0.5264,0.187826,8,13,5,132.48,0.4198,0.0591,0.003504,4.445
636603,520,404,924,241,23,169,347.41,0.9734,0.5823,0.221812,50,17,35,348.68,0.5633,0.1335,0.012005,4.384
636608,520,411,931,218,43,199,333.33,0.9214,0.5661,0.207589,51,11,7,29.46,0.7983,0.1174,0.009586,4.323
636609,520,376,896,238,90,4,41.75,0.9947,0.5989,0.255013,24,38,53,250.88,0.3658,0.1601,0.018374,4.461
636613,520,368,888,227,57,234,326.32,0.9464,0.6140,0.251999,64,26,18,33.30,0.6169,0.1693,0.018726,4.394
636615,520,465,985,216,55,71,20.65,0.8762,0.5205,0.177887,21,0,14,341.09,1.0000,0.0469,0.001912,4.390
636623,520,378,898,236,36,202,336.90,0.9609,0.5960,0.233617,49,33,20,59.74,0.3989,0.1606,0.017913,4.176
636628,520,419,939,242,5,116,4.28,0.9945,0.5586,0.202501,33,17,33,326.86,0.4184,0.1059,0.008341,4.328
636639,520,422,942,151,102,224,299.66,0.7481,0.5560,0.214641,2,22,62,260.69,0.9354,0.1120,0.009345,4.459
636654,520,448,968,218,12,170,341.67,0.9766,0.5353,0.180731,0,19,33,239.81,1.0000,0.0803,0.005755,4.138
636657,520,429,949,189,11,255,312.29,1.0000,0.5457,0.182794,41,10,17,9.23,0.6200,0.0996,0.007290,4.063
636663,520,465,985,161,65,238,305.22,0.9024,0.5245,0.175313,2,10,17,237.75,0.5991,0.0511,0.002704,4.275
636680,520,473,993,229,14,1,29.73,0.9990,0.5150,0.169773,7,1,8,323.86,0.6844,0.0291,0.000844,4.322
636684,520,409,929,174,82,247,306.26,0.9303,0.5705,0.217493,27,8,85,282.43,0.9341,0.1313,0.010625,4.412
636686,520,467,987,212,50,129,356.13,0.8302,0.5249,0.178655,6,8,0,118.13,1.0000,0.0440,0.002124,4.387
636689,520,389,909,217,104,63,39.96,0.7783,0.5886,0.250135,38,36,4,105.92,0.8316,0.1515,0.016826,4.491
636710,520,436,956,221,17,188,337.09,0.9747,0.5526,0.194063,10,16,44,270.83,0.6618,0.0874,0.006169,4.345
636726,520,478,998,197,1,203,326.75,0.9982,0.5148,0.162055,1,0,8,284.42,1.0000,0.0165,0.000240,4.221
636733,520,441,961,123,98,254,285.00,0.9875,0.5433,0.201017,2,17,45,259.02,0.8737,0.0853,0.006032,4.480
636736,520,430,950,222,8,183,338.73,0.9879,0.5494,0.191246,13,17,50,273.66,0.6877,0.0965,0.007167,4.220
636748,520,236,756,237,133,255,321.54,1.0000,0.7357,0.420014,66,73,15,116.23,0.8276,0.2930,0.059578,4.289
636749,520,366,886,240,70,169,349.18,0.8779,0.6121,0.257731,2,34,94,261.05,0.9717,0.1727,0.019650,4.418
636751,520,441,961,192,42,222,319.99,0.9279,0.5369,0.181377,32,12,28,335.10,0.4992,0.0925,0.006539,4.092
636769,520,364,884,246,77,105,15.27,0.9153,0.6089,0.259238,50,38,17,80.12,0.5093,0.1742,0.021049,4.352
636778,520,410,930,212,73,168,342.60,0.7749,0.5662,0.215913,49,8,49,327.95,0.7560,0.1272,0.010485,4.396
636785,520,414,934,222,61,162,346.76,0.8349,0.5679,0.214781,22,31,5,125.73,0.7813,0.1205,0.011615,4.297
636795,520,471,991,214,60,71,21.56,0.8564,0.5218,0.179852,10,3,3,20.38,0.4094,0.0362,0.001362,4.475
636813,520,415,935,224,36,199,334.83,0.9457,0.5726,0.212350,6,31,38,219.34,0.6780,0.1208,0.011586,4.260
636815,520,470,990,219,43,106,5.98,0.8816,0.5248,0.178310,1,6,10,230.80,0.6337,0.0375,0.001586,4.426
636822,520,396,916,229,56,168,346.09,0.8746,0.5788,0.223161,14,32,53,253.51,0.5556,0.1367,0.013834,4.279
636823,520,304,824,245,71,253,326.10,0.9928,0.6674,0.310134,52,54,45,117.45,0.1342,0.2283,0.035579,4.208
636829,520,477,997,156,51,248,302.53,0.9614,0.5122,0.162134,4,0,4,328.36,1.0000,0.0191,0.000346,4.214
636838,520,457,977,226,15,117,1.36,0.9720,0.5283,0.177976,17,3,31,304.55,0.7831,0.0583,0.002832,4.315
636847,520,472,992,153,72,235,302.40,0.8772,0.5200,0.174056,6,0,20,297.67,1.0000,0.0315,0.000892,4.403
636853,520,407,927,251,1,82,15.92,0.9994,0.5678,0.211438,23,9,88,278.17,0.9471,0.1325,0.010821,4.299
636865,520,392,912,239,78,12,37.77,0.9863,0.5850,0.238292,10,26,90,266.51,0.9155,0.1537,0.015414,4.407
636874,520,342,862,253,84,112,14.80,0.9742,0.6316,0.283966,41,40,71,283.89,0.4179,0.1919,0.024439,4.486
636882,520,332,852,246,4,254,326.61,0.9991,0.6377,0.268382,33,8,131,275.99,0.9834,0.1971,0.021356,4.462
636885,520,356,876,254,67,113,11.58,0.9890,0.6154,0.262810,9,38,90,261.04,0.8744,0.1810,0.021824,4.355
636887,520,445,965,214,68,95,13.79,0.7915,0.5363,0.192590,15,2,60,281.28,0.9687,0.0821,0.004712,4.434
636896,520,467,987,217,21,138,352.20,0.9448,0.5203,0.171255,1,9,7,179.93,0.7497,0.0441,0.002172,4.241
636908,520,370,890,169,121,217,305.86,0.6524,0.6079,0.271199,26,46,10,133.72,0.8598,0.1718,0.021955,4.464
636914,520,453,973,220,62,56,27.12,0.8919,0.5332,0.189490,19,14,9,66.90,0.2299,0.0726,0.004723,4.376
636930,520,463,983,169,60,237,308.49,0.9061,0.5293,0.177819,14,5,18,315.69,0.5112,0.0514,0.002456,4.343
636937,520,447,967,216,67,109,7.77,0.7888,0.5428,0.197198,25,13,1,71.31,0.8319,0.0757,0.004967,4.497
636941,520,474,994,188,8,222,319.40,0.9900,0.5154,0.161404,1,3,15,265.40,0.7735,0.0314,0.001061,4.140
636957,520,455,975,200,35,205,326.83,0.9286,0.5335,0.178909,8,10,25,275.75,0.4664,0.0603,0.003389,4.288
636959,520,329,849,223,90,240,323.00,0.9239,0.6451,0.292935,31,57,27,141.11,0.6761,0.2141,0.032966,4.133
636960,520,384,904,248,35,153,354.22,0.9575,0.5938,0.234618,12,41,9,141.78,0.9322,0.1466,0.016837,4.258
636962,520,420,940,236,44,95,12.66,0.9261,0.5564,0.204636,12,30,15,148.00,0.6313,0.1120,0.010412,4.215
636965,520,431,951,195,60,210,323.56,0.8605,0.5483,0.194885,5,28,0,138.55,1.0000,0.0987,0.008627,4.177
636972,520,408,928,223,23,211,331.33,0.9760,0.5725,0.210063,31,10,74,289.90,0.8624,0.1254,0.010028,4.332
636975,520,417,937,218,41,212,329.76,0.9408,0.5730,0.212469,18,6,88,274.91,0.9731,0.1250,0.009634,4.401
636986,520,401,921,213,88,157,348.87,0.7067,0.5825,0.235619,17,39,16,142.99,0.7435,0.1439,0.016076,4.323
637011,520,392,912,252,15,142,357.84,0.9878,0.5900,0.229937,19,40,37,183.99,0.4195,0.1548,0.017895,4.123
637013,520,431,951,204,79,156,345.66,0.7144,0.5546,0.208315,6,27,5,142.35,0.9245,0.0971,0.008335,4.428
637019,520,413,933,253,9,70,19.52,0.9953,0.5714,0.215240,43,8,52,318.57,0.7657,0.1192,0.009353,4.469
637021,520,394,914,237,60,151,354.15,0.8758,0.5895,0.234735,10,40,3,139.63,0.9772,0.1415,0.015886,4.322
637022,520,214,734,249,137,250,326.88,0.9750,0.7555,0.449354,19,83,43,151.58,0.9372,0.2989,0.064991,4.343
637030,520,478,998,193,61,148,344.24,0.7541,0.5094,0.168148,2,1,8,289.57,0.6935,0.0224,0.000521,4.318
637032,520,389,909,225,30,234,326.10,0.9787,0.5943,0.228789,60,15,25,10.55,0.6801,0.1451,0.013726,4.375
637038,520,414,934,189,77,228,316.10,0.8545,0.5707,0.217292,53,9,23,5.62,0.7283,0.1227,0.010142,4.444
637050,520,478,998,195,63,141,348.00,0.7450,0.5120,0.170820,0,0,19,264.05,1.0000,0.0228,0.000470,4.375
637052,520,468,988,188,44,202,324.02,0.8855,0.5171,0.167584,3,6,10,247.61,0.3194,0.0396,0.001715,4.207
637061,520,456,976,182,78,184,326.86,0.7191,0.5326,0.188558,20,8,3,50.90,0.5399,0.0596,0.003290,4.477
637074,520,431,951,237,18,125,0.74,0.9747,0.5544,0.199209,40,13,0,49.98,1.0000,0.0987,0.007390,4.342
637087,520,417,937,233,27,162,347.92,0.9556,0.5651,0.207190,23,29,15,127.37,0.3870,0.1174,0.010954,4.219
637088,520,453,973,124,99,230,287.92,0.7979,0.5260,0.189217,0,9,44,261.93,1.0000,0.0663,0.003772,4.449
637117,520,379,899,249,64,112,10.88,0.9443,0.6028,0.249798,4,32,90,262.00,0.9448,0.1645,0.017969,4.411
637122,520,445,965,242,3,45,24.28,0.9983,0.5433,0.191353,0,11,51,262.24,1.0000,0.0768,0.004783,4.406
637134,520,479,999,205,55,111,2.80,0.7981,0.5097,0.168613,0,1,0,142.50,1.0000,0.0135,0.000217,4.353
637138,520,441,961,233,38,81,16.36,0.9430,0.5431,0.193070,12,9,55,276.91,0.8697,0.0857,0.005493,4.380
637148,520,407,927,207,34,245,318.93,0.9730,0.5743,0.210037,25,10,83,280.96,0.9206,0.1293,0.010483,4.299
637156,520,365,885,236,67,179,344.62,0.8757,0.6067,0.251046,66,19,42,353.18,0.6445,0.1689,0.017913,4.433
637157,520,384,904,244,70,47,30.92,0.9482,0.5875,0.238220,9,17,102,267.51,0.9684,0.1521,0.014182,4.491
637166,520,311,831,242,75,243,327.70,0.9587,0.6599,0.303830,58,39,82,302.65,0.5172,0.2168,0.029598,4.445
637177,520,333,853,254,20,239,331.66,0.9963,0.6447,0.278063,47,49,21,112.40,0.5324,0.2022,0.028551,4.176
637180,520,394,914,222,24,235,325.17,0.9840,0.5876,0.221832,40,16,69,300.15,0.7483,0.1398,0.012514,4.348
637187,520,472,992,211,57,95,11.12,0.8202,0.5183,0.176037,6,2,3,359.80,0.3648,0.0287,0.000887,4.442
637203,520,401,921,235,16,182,342.12,0.9824,0.5753,0.214130,54,15,49,333.04,0.6659,0.1449,0.013478,4.161
637206,520,442,962,180,67,225,314.48,0.8616,0.5434,0.191549,15,12,38,285.00,0.5992,0.0785,0.005044,4.388
637217,520,393,913,236,11,199,337.57,0.9911,0.5855,0.221986,25,28,62,276.76,0.5585,0.1407,0.013849,4.260
637218,520,381,901,254,22,144,357.76,0.9917,0.5967,0.236619,48,6,92,297.97,0.9278,0.1627,0.015314,4.388
637220,520,380,900,225,77,186,339.89,0.8261,0.6018,0.248628,13,38,69,255.29,0.6891,0.1645,0.019014,4.327
637225,520,470,990,182,73,175,330.22,0.7207,0.5203,0.178066,19,0,10,346.37,1.0000,0.0423,0.001604,4.420
637258,520,453,973,219,47,99,9.17,0.8736,0.5258,0.179965,14,8,37,288.04,0.6866,0.0695,0.004006,4.258
637269,520,399,919,242,64,68,24.64,0.9308,0.5800,0.229647,16,38,10,139.40,0.8651,0.1390,0.015183,4.290
637273,520,415,935,219,51,201,333.05,0.9055,0.5748,0.216470,40,23,24,15.62,0.3022,0.1248,0.011299,4.347
637280,520,434,954,236,3,127,359.51,0.9957,0.5496,0.194334,45,2,22,356.80,0.8428,0.0968,0.006593,4.317
637287,520,309,829,253,39,250,328.92,0.9936,0.6570,0.292388,89,6,67,342.40,0.8524,0.2151,0.026597,4.470
637296,520,439,959,242,10,91,12.49,0.9909,0.5527,0.198530,24,5,54,294.33,0.8588,0.0898,0.005691,4.463
637316,520,330,850,200,105,253,311.60,0.9765,0.6419,0.294754,55,37,83,299.73,0.5505,0.2095,0.027599,4.443
637323,520,321,841,192,117,248,308.61,0.9026,0.6475,0.307071,38,51,61,241.67,0.2330,0.2130,0.031166,4.399
637324,520,438,958,227,17,154,348.93,0.9693,0.5460,0.190676,10,20,37,260.49,0.4981,0.0919,0.006984,4.224
637325,520,381,901,234,56,196,338.40,0.9152,0.6021,0.243090,42,33,36,356.17,0.1408,0.1561,0.017074,4.370
637338,520,475,995,204,21,182,334.51,0.9489,0.5187,0.167531,0,2,16,261.55,1.0000,0.0276,0.000808,4.281
637365,520,476,996,222,11,101,6.21,0.9796,0.5137,0.167113,2,1,12,284.08,0.7969,0.0246,0.000612,4.290
637370,520,433,953,242,6,64,20.11,0.9959,0.5465,0.193811,37,13,24,352.95,0.5013,0.1002,0.007472,4.242
637373,520,410,930,241,61,7,34.28,0.9933,0.5699,0.220569,20,8,89,275.86,0.9617,0.1302,0.010436,4.477
637384,520,403,923,229,22,212,332.53,0.9806,0.5836,0.219878,22,19,73,278.23,0.8037,0.1291,0.011173,4.412
637400,520,454,974,227,42,59,23.00,0.9422,0.5295,0.183055,18,5,35,300.22,0.7414,0.0664,0.003585,4.349
637402,520,381,901,230,48,209,333.62,0.9385,0.5966,0.235429,24,6,110,274.65,0.9838,0.1592,0.014501,4.425
637415,520,424,944,239,4,136,357.12,0.9949,0.5593,0.202183,18,10,68,279.03,0.8933,0.1058,0.007630,4.376
637419,520,470,990,135,87,232,294.25,0.8315,0.5180,0.177935,0,5,24,259.08,1.0000,0.0413,0.001745,4.405
637425,520,411,931,252,17,12,29.13,0.9938,0.5657,0.211267,5,29,54,251.89,0.7649,0.1247,0.011773,4.229
637448,520,446,966,163,67,246,304.08,0.9387,0.5364,0.184552,21,11,40,296.18,0.6291,0.0841,0.005520,4.225
637457,520,441,961,204,63,170,339.06,0.7930,0.5421,0.192966,29,6,51,302.69,0.8092,0.0948,0.006305,4.315
637462,520,387,907,251,55,84,19.05,0.9726,0.5923,0.238853,58,6,66,321.81,0.8352,0.1538,0.014233,4.497
637491,520,456,976,178,44,244,310.64,0.9479,0.5343,0.177990,24,7,0,54.91,1.0000,0.0621,0.003462,4.265
637493,520,442,962,210,84,38,39.02,0.8768,0.5411,0.201844,19,18,15,91.67,0.0929,0.0837,0.006056,4.493
637509,520,392,912,240,11,199,338.47,0.9921,0.5930,0.228911,45,11,78,301.47,0.8377,0.1488,0.013473,4.394
637516,520,400,920,228,78,98,16.46,0.8094,0.5753,0.228273,13,27,68,266.19,0.7615,0.1350,0.012867,4.426
637519,520,479,999,225,15,23,27.85,0.9904,0.5075,0.164140,0,0,3,264.05,1.0000,0.0094,0.000066,4.277
637526,520,469,989,203,32,180,334.89,0.9102,0.5208,0.170268,14,1,3,8.31,0.7492,0.0353,0.001217,4.301
637546,520,437,957,198,77,163,340.63,0.7158,0.5453,0.199596,28,16,27,329.49,0.3364,0.0942,0.006966,4.381
637551,520,477,997,214,33,114,1.04,0.9006,0.5107,0.166012,2,0,14,286.01,1.0000,0.0222,0.000446,4.282
637567,520,411,931,212,24,239,321.73,0.9826,0.5736,0.208842,15,23,58,270.23,0.6752,0.1180,0.010198,4.300
637568,520,447,967,203,63,166,340.23,0.7860,0.5383,0.190066,27,10,28,325.14,0.5199,0.0820,0.005340,4.338
637612,520,407,927,194,76,211,322.44,0.8144,0.5653,0.213427,48,14,42,335.00,0.6326,0.1289,0.011097,4.312
637614,520,468,988,178,76,176,328.33,0.7026,0.5188,0.177696,4,5,15,275.72,0.4595,0.0402,0.001688,4.405
637617,520,454,974,190,75,159,339.56,0.6991,0.5273,0.184840,13,10,37,284.00,0.6431,0.0723,0.004362,4.320
637640,520,443,963,218,54,134,355.88,0.8329,0.5418,0.192674,26,1,51,301.00,0.9557,0.0829,0.004804,4.428
637655,520,420,940,239,52,17,32.15,0.9835,0.5580,0.208504,42,11,40,330.22,0.6548,0.1133,0.008848,4.393
637663,520,436,956,233,26,133,357.53,0.9535,0.5522,0.197588,40,4,14,7.40,0.7737,0.0875,0.005697,4.445
637694,520,363,883,245,80,93,20.17,0.9162,0.6079,0.259433,11,43,50,214.84,0.6644,0.1662,0.020291,4.402
637700,520,432,952,198,17,238,318.35,0.9863,0.5472,0.185812,45,6,14,12.62,0.7610,0.1002,0.007199,4.123
637711,520,386,906,239,40,176,345.23,0.9420,0.5897,0.230059,61,21,10,36.23,0.7348,0.1531,0.015505,4.275
637720,520,270,790,255,123,154,7.09,1.0000,0.7018,0.377620,2,64,103,244.47,0.9552,0.2617,0.046587,4.427
637724,520,335,855,246,36,244,328.71,0.9853,0.6397,0.273891,4,43,99,258.69,0.9404,0.2006,0.026543,4.232
637754,520,387,907,237,73,122,6.82,0.8477,0.5924,0.241777,3,44,16,149.56,0.9780,0.1543,0.018581,4.255
637764,520,476,996,178,71,176,328.40,0.7251,0.5119,0.171072,0,1,17,263.76,1.0019,0.0249,0.000622,4.367
637794,520,423,943,216,11,216,328.34,0.9896,0.5600,0.197983,3,31,26,179.11,0.8590,0.1138,0.010739,4.083
637804,520,442,962,188,26,250,312.82,0.9800,0.5445,0.183335,29,8,31,324.09,0.6158,0.0832,0.005338,4.217
637815,520,399,919,252,43,19,30.56,0.9888,0.5781,0.224739,28,28,55,281.91,0.4568,0.1383,0.013532,4.324
637820,520,285,805,240,135,107,35.84,0.7892,0.6878,0.369173,58,63,1,114.73,0.9834,0.2536,0.044568,4.433
637839,520,460,980,234,8,19,28.11,0.9959,0.5250,0.177163,25,7,1,48.49,0.8006,0.0639,0.003609,4.237
637842,520,432,952,181,99,157,339.15,0.5425,0.5503,0.211829,8,26,13,151.14,0.6726,0.0970,0.008194,4.499
637844,520,368,888,245,40,202,339.02,0.9639,0.6144,0.251974,70,11,53,342.26,0.7663,0.1725,0.017987,4.442
637860,520,477,997,216,5,125,356.21,0.9868,0.5083,0.161907,6,0,4,338.03,1.0000,0.0222,0.000475,4.198
637861,520,418,938,155,106,212,303.42,0.6733,0.5597,0.220304,22,30,13,129.34,0.4841,0.1189,0.011282,4.411
637866,520,455,975,229,43,8,31.82,0.9912,0.5300,0.184063,22,1,32,313.80,0.8869,0.0612,0.002966,4.419
637867,520,427,947,219,19,210,330.60,0.9793,0.5634,0.201812,0,27,31,208.04,1.0000,0.1019,0.008828,4.281
637880,520,285,805,255,83,249,329.37,1.0000,0.6922,0.342890,16,52,124,262.12,0.8888,0.2509,0.040211,4.355
637883,520,384,904,217,79,187,337.36,0.7984,0.5914,0.239336,0,44,18,152.27,1.0000,0.1535,0.018450,4.227
637899,520,446,966,204,23,209,326.96,0.9645,0.5375,0.180554,19,5,49,290.72,0.8468,0.0794,0.004687,4.216
637906,520,414,934,218,63,181,339.17,0.8402,0.5722,0.217989,42,14,43,326.17,0.6152,0.1196,0.009808,4.481
637919,520,325,845,213,115,218,325.45,0.7615,0.6538,0.314711,21,54,63,218.27,0.5610,0.2118,0.031565,4.471
637961,520,429,949,219,49,161,345.72,0.8644,0.5513,0.198323,17,19,39,277.70,0.4487,0.0958,0.007314,4.333
637967,520,458,978,181,52,229,314.62,0.9087,0.5329,0.179380,19,1,33,307.63,0.9016,0.0580,0.002700,4.353
637968,520,353,873,255,50,173,349.96,1.0000,0.6244,0.265618,38,47,4,120.96,0.9025,0.1844,0.024539,4.234
637985,520,272,792,238,123,212,336.44,0.8565,0.6989,0.370987,8,65,99,241.91,0.8583,0.2631,0.047328,4.325
637993,520,413,933,195,55,243,315.46,0.9410,0.5679,0.208069,3,31,37,214.35,0.8165,0.1187,0.011328,4.208
637995,520,459,979,217,70,4,38.21,0.9919,0.5328,0.191433,12,14,2,115.88,0.6957,0.0639,0.003966,4.474
638002,520,352,872,243,74,161,353.05,0.8863,0.6182,0.265285,45,41,55,297.87,0.2099,0.1891,0.024196,4.249
638024,520,476,996,223,20,24,27.99,0.9856,0.5050,0.162571,2,0,8,296.85,1.0000,0.0183,0.000304,4.226
638089,520,343,863,250,19,222,334.82,0.9922,0.6267,0.260668,45,9,113,287.38,0.9479,0.1862,0.019455,4.473
638090,520,429,949,194,85,155,343.57,0.6559,0.5463,0.203345,35,10,44,316.00,0.6849,0.1035,0.007563,4.401
638097,520,358,878,238,79,183,344.42,0.8674,0.6246,0.271907,36,46,21,126.89,0.5200,0.1819,0.023832,4.360
638098,520,408,928,237,73,5,37.15,0.9940,0.5750,0.227837,11,25,69,266.36,0.8182,0.1302,0.011960,4.484
638099,520,352,872,235,27,253,324.23,0.9932,0.6236,0.255403,71,19,58,339.12,0.6892,0.1865,0.021110,4.295
638116,520,365,885,230,68,198,337.03,0.8825,0.6070,0.250369,14,40,70,253.89,0.6748,0.1713,0.020530,4.259
638123,520,350,870,242,70,199,339.81,0.9160,0.6300,0.273839,24,41,86,265.85,0.6683,0.1921,0.024518,4.346
638125,520,14,534,242,255,209,120.36,1.0000,0.9753,0.950005,38,133,30,142.00,0.9741,0.4686,0.172802,4.488
638130,520,414,934,203,20,253,316.36,0.9913,0.5686,0.202902,11,7,83,271.03,0.9751,0.1151,0.008476,4.325
638137,520,313,833,252,75,216,337.34,0.9815,0.6607,0.306885,16,40,121,265.65,0.9116,0.2202,0.030080,4.457
638143,520,474,994,210,63,69,22.77,0.8397,0.5170,0.176886,2,2,16,276.62,0.7755,0.0302,0.000937,4.454
638172,520,379,899,206,67,242,318.41,0.9342,0.5951,0.235485,68,15,35,1.50,0.7118,0.1644,0.016921,4.266
638175,520,433,953,184,68,224,316.00,0.8598,0.5497,0.197075,13,8,72,274.12,0.9477,0.1039,0.007271,4.314
638180,520,386,906,218,68,201,332.87,0.8598,0.5884,0.232588,34,35,32,121.86,0.0593,0.1506,0.016464,4.252
638203,520,38,558,253,247,88,107.18,0.9862,0.9454,0.881096,7,129,20,143.38,0.9967,0.4487,0.157955,4.477
638207,520,426,946,221,35,196,334.92,0.9417,0.5648,0.205621,10,23,48,262.13,0.6258,0.1070,0.008907,4.339
638209,520,447,967,188,74,197,324.73,0.7758,0.5445,0.196215,15,9,49,282.67,0.7909,0.0823,0.005187,4.461
638217,520,437,957,218,27,195,334.41,0.9559,0.5549,0.196317,17,21,17,145.16,0.1462,0.0902,0.006960,4.324
638242,520,460,980,175,75,197,320.01,0.7553,0.5260,0.181784,11,7,25,291.80,0.5443,0.0566,0.002933,4.379
638246,520,391,911,250,11,144,356.76,0.9907,0.5859,0.225805,9,27,84,265.49,0.8973,0.1489,0.014819,4.255
638254,520,416,936,252,22,52,24.09,0.9886,0.5702,0.215209,9,29,43,241.72,0.5824,0.1193,0.011112,4.340
638260,520,455,975,186,36,228,316.93,0.9461,0.5280,0.173036,1,16,3,147.53,0.9685,0.0606,0.003836,4.143
638273,520,390,910,226,67,175,343.50,0.8420,0.5872,0.232807,27,37,24,138.56,0.3332,0.1470,0.016221,4.271
638283,520,453,973,139,97,219,296.41,0.7393,0.5296,0.191529,28,3,22,337.98,0.7301,0.0679,0.003700,4.498
638284,520,461,981,192,8,232,318.16,0.9924,0.5302,0.172078,20,4,10,355.28,0.5576,0.0532,0.002575,4.224
638288,520,424,944,215,27,210,329.57,0.9641,0.5592,0.198862,51,5,8,22.22,0.8722,0.1095,0.008300,4.269
638294,520,27,547,250,247,229,99.10,0.6466,0.9693,0.925029,43,130,53,145.18,0.9398,0.4633,0.167353,4.486
638316,520,423,943,228,31,161,347.22,0.9382,0.5568,0.200499,29,17,45,301.63,0.5473,0.1080,0.008516,4.281
638323,520,338,858,253,67,177,349.16,0.9798,0.6359,0.280746,24,48,76,253.49,0.5520,0.2034,0.028298,4.224
638329,520,378,898,242,1,201,338.35,0.9993,0.5960,0.231190,58,8,75,315.36,0.8404,0.1633,0.015813,4.273
638331,520,472,992,225,42,4,32.08,0.9951,0.5208,0.176751,0,4,4,194.77,1.0000,0.0280,0.000956,4.450
638340,520,421,941,246,27,68,20.35,0.9789,0.5618,0.207976,11,30,10,142.81,0.7882,0.1104,0.010216,4.284
638369,520,467,987,190,8,223,319.73,0.9904,0.5196,0.164500,9,1,23,300.13,0.8632,0.0396,0.001417,4.172
638378,520,343,863,252,76,133,5.40,0.9607,0.6265,0.275612,7,52,36,164.36,0.9069,0.1883,0.026284,4.268
638384,520,471,991,197,33,193,329.35,0.9158,0.5189,0.168100,18,0,4,3.80,1.0000,0.0385,0.001374,4.245
638393,520,442,962,212,62,125,359.19,0.7886,0.5352,0.189252,11,19,9,139.39,0.4190,0.0778,0.005566,4.306
638412,520,260,780,216,142,227,322.19,0.7373,0.7099,0.394922,52,70,27,128.33,0.6740,0.2720,0.051894,4.367
638428,520,469,989,224,38,70,19.03,0.9374,0.5224,0.176785,4,1,30,279.17,0.9528,0.0399,0.001413,4.411
638446,520,360,880,253,67,125,7.21,0.9768,0.6168,0.263811,4,33,99,262.70,0.9561,0.1764,0.020142,4.474
638450,520,364,884,207,76,250,316.45,0.9681,0.6117,0.253379,11,20,114,267.42,0.9692,0.1731,0.017862,4.471
638460,520,424,944,193,51,243,315.03,0.9428,0.5616,0.201775,46,13,4,37.85,0.7921,0.1103,0.008775,4.284
638462,520,426,946,233,18,158,349.00,0.9731,0.5599,0.202278,13,7,77,273.33,0.9635,0.1086,0.007733,4.370
638467,520,477,997,226,8,60,19.98,0.9921,0.5120,0.166716,1,2,7,266.83,0.5685,0.0241,0.000652,4.279
638469,520,466,986,232,0,31,26.25,1.0000,0.5196,0.172579,15,7,9,1.29,0.2685,0.0534,0.002732,4.221
638473,520,431,951,219,69,94,15.03,0.8074,0.5466,0.201270,3,8,76,266.38,0.9783,0.1028,0.007148,4.397
638481,520,458,978,205,64,132,354.77,0.7623,0.5272,0.183139,22,6,4,31.69,0.5567,0.0584,0.003096,4.391
638490,520,381,901,236,70,151,354.86,0.8457,0.5975,0.244504,34,19,95,282.91,0.8613,0.1640,0.016320,4.441
638498,520,468,988,230,17,45,24.31,0.9871,0.5209,0.174164,19,0,4,5.10,1.0000,0.0400,0.001472,4.355
638508,520,449,969,180,80,189,324.28,0.7200,0.5354,0.191159,32,4,13,2.65,0.7091,0.0727,0.004230,4.447
638513,520,408,928,225,24,197,335.57,0.9689,0.5677,0.206945,19,10,91,274.51,0.9588,0.1343,0.011108,4.205
638533,520,411,931,239,18,146,354.13,0.9765,0.5665,0.208618,50,4,38,340.80,0.7979,0.1171,0.009050,4.380
638546,520,480,1000,187,41,194,326.05,0.8801,0.5075,0.160472,0,0,0,0.00,0.0000,0.0000,0.000000,4.209
638550,520,414,934,248,37,37,27.79,0.9765,0.5672,0.214168,19,32,5,130.81,0.8381,0.1211,0.011824,4.273
638553,520,473,993,217,48,99,8.99,0.8648,0.5227,0.177690,0,4,13,250.09,1.0000,0.0321,0.001159,4.451
638556,520,332,852,231,81,233,327.31,0.9170,0.6425,0.287592,64,41,14,67.64,0.6575,0.2017,0.027077,4.380
638588,520,411,931,213,65,182,337.51,0.8234,0.5662,0.213062,1,34,6,146.27,0.9920,0.1174,0.011636,4.268
638604,520,369,889,250,74,113,12.21,0.9465,0.6150,0.264172,4,47,24,154.70,0.9609,0.1667,0.021247,4.410
638609,520,454,974,227,30,89,12.25,0.9473,0.5280,0.179836,34,0,14,357.82,1.0000,0.0690,0.003718,4.279
638610,520,63,583,245,238,101,106.33,0.9331,0.9175,0.815019,23,119,98,173.69,0.9087,0.4337,0.142570,4.492
638613,520,395,915,238,74,86,20.83,0.8857,0.5863,0.237496,21,39,1,131.31,0.9820,0.1441,0.016126,4.348
638615,520,390,910,251,21,132,1.02,0.9806,0.5861,0.227151,71,2,27,7.00,0.9328,0.1542,0.014624,4.289
638616,520,369,889,208,107,173,342.13,0.6299,0.6111,0.269441,33,44,14,126.36,0.6669,0.1717,0.021564,4.464
638623,520,331,851,253,95,64,33.05,0.9838,0.6370,0.294407,46,46,51,285.86,0.0734,0.2017,0.027738,4.430
638629,520,259,779,232,142,169,0.83,0.6439,0.7064,0.393684,32,75,28,142.00,0.8911,0.2744,0.054229,4.257
638633,520,417,937,199,50,247,315.89,0.9610,0.5732,0.211401,51,14,18,16.78,0.6460,0.1242,0.010617,4.312
638664,520,449,969,237,17,67,19.34,0.9856,0.5390,0.188139,15,1,51,286.19,0.9718,0.0703,0.003623,4.441
638670,520,418,938,40,128,251,258.19,0.9801,0.5557,0.228532,3,32,38,213.86,0.8248,0.1223,0.011923,4.498
638677,520,345,865,247,8,246,328.57,0.9979,0.6346,0.266046,86,2,30,10.32,0.9587,0.1892,0.021159,4.441
638683,520,478,998,201,50,149,345.45,0.8110,0.5131,0.168706,4,1,0,56.89,1.0000,0.0209,0.000475,4.333
638690,520,348,868,250,90,81,26.87,0.9590,0.6273,0.282337,41,47,26,121.67,0.4016,0.1909,0.025790,4.385
638713,520,314,834,247,75,222,334.45,0.9583,0.6557,0.300831,83,25,71,336.86,0.6817,0.2242,0.029895,4.391
638720,520,468,988,208,13,170,339.17,0.9677,0.5164,0.166022,2,2,32,270.94,0.9558,0.0421,0.001606,4.186
638725,520,418,938,195,32,251,314.42,0.9815,0.5590,0.196015,39,2,73,300.48,0.9564,0.1249,0.009558,4.131
638730,520,108,628,251,200,238,335.45,0.9445,0.8704,0.679921,4,104,122,215.29,0.9709,0.3945,0.113310,4.470
638732,520,475,995,199,33,191,330.50,0.9154,0.5211,0.169932,8,1,17,306.50,0.8059,0.0347,0.001138,4.301
638744,520,465,985,217,23,140,351.55,0.9386,0.5220,0.172604,18,2,18,327.85,0.7248,0.0493,0.002157,4.268
638750,520,455,975,181,53,223,316.03,0.8946,0.5290,0.176988,3,9,32,265.45,0.7762,0.0587,0.003190,4.267
638785,520,430,950,239,45,23,30.57,0.9771,0.5528,0.202926,20,24,12,123.48,0.3632,0.0997,0.008285,4.339
638793,520,466,986,172,93,132,350.22,0.5011,0.5152,0.182664,0,7,27,257.47,1.0000,0.0482,0.002311,4.448
638809,520,450,970,236,30,0,30.80,1.0000,0.5364,0.187646,16,13,25,295.08,0.3318,0.0733,0.004682,4.346
638812,520,455,975,170,44,250,306.94,0.9735,0.5279,0.172503,14,5,30,297.27,0.6957,0.0585,0.002956,4.202
638819,520,477,997,187,42,197,325.17,0.8820,0.5103,0.162534,2,0,8,296.85,1.0000,0.0183,0.000304,4.225
638824,520,433,953,214,44,178,338.62,0.8863,0.5473,0.193141,37,11,30,338.96,0.5764,0.0996,0.007264,4.246
638837,520,312,832,186,126,251,304.28,0.9203,0.6580,0.323264,66,48,20,76.45,0.5853,0.2232,0.033228,4.485
638840,520,468,988,231,17,51,23.02,0.9864,0.5238,0.176319,0,6,20,253.11,0.9999,0.0413,0.001807,4.368
638845,520,284,804,247,99,240,329.58,0.9658,0.6925,0.349917,36,59,88,254.82,0.4663,0.2500,0.042074,4.343
638860,520,392,912,214,87,164,345.94,0.7229,0.5858,0.237949,25,24,84,276.64,0.8069,0.1523,0.015000,4.430
638862,520,429,949,197,42,222,321.44,0.9315,0.5451,0.188017,24,24,3,109.34,0.7660,0.1018,0.008540,4.066
638864,520,406,926,220,62,197,334.58,0.8730,0.5836,0.226943,26,34,4,122.77,0.8379,0.1330,0.013724,4.346
638870,520,457,977,176,58,227,313.20,0.8870,0.5293,0.178032,20,9,2,62.32,0.6417,0.0614,0.003485,4.263
638874,520,424,944,230,44,152,351.20,0.9018,0.5641,0.208941,43,13,9,29.79,0.6533,0.1059,0.008212,4.448
638878,520,418,938,177,75,239,309.61,0.8954,0.5593,0.206121,27,22,55,287.34,0.5644,0.1235,0.010827,4.211
638883,520,381,901,215,44,248,320.16,0.9707,0.5952,0.230276,27,31,74,275.56,0.6304,0.1594,0.017073,4.179
638894,520,456,976,221,59,2,35.36,0.9968,0.5279,0.185071,18,3,25,314.68,0.7271,0.0554,0.002639,4.466
638898,520,473,993,154,70,232,303.59,0.8688,0.5162,0.170770,1,6,0,137.44,1.0000,0.0336,0.001367,4.298
638906,520,471,991,220,51,64,22.50,0.9059,0.5234,0.179561,1,0,39,267.19,1.0000,0.0429,0.001529,4.455
638910,520,475,995,205,63,102,8.25,0.7731,0.5155,0.174956,3,4,1,121.14,0.5308,0.0304,0.001084,4.404
638940,520,446,966,233,47,32,29.70,0.9598,0.5426,0.194640,33,6,8,18.32,0.6761,0.0767,0.004712,4.471
638950,520,466,986,193,82,95,15.50,0.6523,0.5179,0.182000,1,9,29,258.61,0.8631,0.0549,0.002905,4.385
638955,520,431,951,226,73,30,35.49,0.9444,0.5550,0.210303,37,16,11,34.37,0.4920,0.1017,0.007881,4.497
638992,520,434,954,221,62,119,3.54,0.8172,0.5498,0.201518,25,20,28,312.74,0.2051,0.1000,0.007908,4.343
638998,520,458,978,214,66,67,24.43,0.8471,0.5279,0.186002,9,7,32,282.35,0.6789,0.0596,0.003143,4.441
639003,520,434,954,219,63,128,359.55,0.8056,0.5503,0.201760,15,19,53,274.03,0.6713,0.1048,0.008243,4.323
639020,520,445,965,237,25,27,28.10,0.9846,0.5373,0.187822,12,10,43,279.95,0.7323,0.0762,0.004696,4.348
639028,520,479,999,189,32,207,323.18,0.9311,0.5144,0.163583,2,0,1,344.76,1.0000,0.0130,0.000151,4.259
639030,520,424,944,250,8,60,21.69,0.9959,0.5633,0.208276,4,30,16,156.95,0.8864,0.1079,0.009917,4.311
639065,520,381,901,207,67,241,318.93,0.9308,0.5959,0.236322,22,40,47,224.66,0.3595,0.1613,0.018933,4.154
639071,520,461,981,208,17,193,332.38,0.9692,0.5317,0.176631,10,0,37,288.88,1.0000,0.0496,0.001981,4.360
639075,520,324,844,254,0,247,329.88,1.0000,0.6462,0.277894,77,32,30,24.48,0.5717,0.2072,0.027048,4.256
639082,520,350,870,227,65,250,322.36,0.9781,0.6315,0.270157,62,34,37,13.19,0.3692,0.1876,0.023019,4.385
639105,520,408,928,226,45,171,343.93,0.9013,0.5663,0.209884,43,16,55,314.02,0.6615,0.1325,0.011601,4.219
639106,520,428,948,201,58,210,325.41,0.8741,0.5561,0.200984,6,27,4,141.30,0.9388,0.0969,0.008313,4.304
639107,520,173,693,217,184,236,313.07,0.6376,0.7998,0.550894,0,97,45,151.35,1.0000,0.3430,0.087385,4.374
639116,520,414,934,253,26,22,28.83,0.9931,0.5714,0.216832,44,7,53,318.94,0.7845,0.1203,0.009445,4.489
639159,520,479,999,215,34,106,4.41,0.9031,0.5106,0.166342,1,0,3,302.89,1.0000,0.0124,0.000130,4.316
639160,520,471,991,178,0,247,310.99,1.0000,0.5190,0.161814,10,3,15,312.63,0.5817,0.0411,0.001641,4.102
639161,520,417,937,251,7,99,11.08,0.9949,0.5728,0.215657,13,16,72,272.04,0.8959,0.1161,0.009240,4.484
639165,520,369,889,246,15,204,338.50,0.9913,0.6078,0.242972,13,42,54,228.43,0.6205,0.1661,0.020078,4.181
639167,520,382,902,249,53,130,3.27,0.9461,0.5987,0.243011,35,39,28,124.03,0.2249,0.1617,0.018922,4.251
639206,520,473,993,192,60,176,333.19,0.7899,0.5217,0.175744,6,1,15,302.94,0.7909,0.0313,0.000949,4.431
639213,520,466,986,171,78,183,322.95,0.7002,0.5152,0.175266,13,5,10,340.12,0.3583,0.0470,0.002160,4.319
639224,520,366,886,233,34,233,328.25,0.9778,0.6091,0.243534,30,45,15,131.22,0.6903,0.1724,0.021872,4.084
639228,520,439,959,240,31,22,29.18,0.9808,0.5462,0.195665,34,4,43,317.42,0.8022,0.0923,0.006014,4.386
639229,520,327,847,214,105,235,320.93,0.8702,0.6494,0.303990,35,54,51,183.81,0.2752,0.2149,0.032346,4.299
639233,520,390,910,234,61,166,348.24,0.8731,0.5914,0.235859,25,21,90,276.66,0.8683,0.1534,0.014811,4.411
639237,520,476,996,204,20,162,340.76,0.9385,0.5065,0.159484,1,1,4,280.91,0.5250,0.0184,0.000369,4.159
639238,520,383,903,239,29,213,334.64,0.9779,0.6047,0.240364,47,25,45,330.19,0.4292,0.1486,0.014891,4.475
639281,520,436,956,190,51,228,317.65,0.9150,0.5452,0.189175,23,18,19,4.37,0.1114,0.0893,0.006618,4.224
639291,520,308,828,239,127,106,31.86,0.8001,0.6715,0.345727,21,65,15,141.36,0.9535,0.2334,0.039744,4.410
639305,520,441,961,184,87,162,336.78,0.6299,0.5370,0.196167,16,14,51,279.95,0.7189,0.0936,0.006632,4.347
639315,520,465,985,219,27,123,358.30,0.9290,0.5208,0.172766,19,3,20,325.63,0.6801,0.0539,0.002541,4.240
639331,520,309,829,241,72,248,326.27,0.9746,0.6587,0.301153,36,51,82,263.78,0.4488,0.2238,0.033518,4.205
639345,520,374,894,246,0,196,340.56,1.0000,0.6005,0.235815,16,18,105,270.08,0.9583,0.1608,0.015626,4.355
639378,520,337,857,244,51,231,331.29,0.9664,0.6363,0.273731,17,51,70,236.52,0.6431,0.2047,0.029289,4.083
639381,520,461,981,192,2,231,318.45,0.9980,0.5281,0.170208,13,1,33,296.91,0.9187,0.0512,0.002171,4.221
639386,520,421,941,218,24,198,333.56,0.9642,0.5556,0.196382,51,5,1,32.32,0.9653,0.1080,0.008147,4.237
639391,520,410,930,218,2,228,325.94,0.9986,0.5703,0.205524,50,5,51,327.16,0.8063,0.1268,0.010258,4.241
639396,520,458,978,198,34,199,327.93,0.9217,0.5253,0.172751,26,3,4,20.50,0.7545,0.0581,0.002935,4.208
639404,520,444,964,220,40,147,350.47,0.8888,0.5401,0.188423,22,1,53,294.29,0.9648,0.0799,0.004493,4.375
639420,520,442,962,167,77,231,307.80,0.8521,0.5419,0.192934,10,10,50,275.39,0.8354,0.0811,0.005119,4.407
639422,520,477,997,200,51,141,348.39,0.8013,0.5084,0.165720,3,1,9,297.22,0.7058,0.0244,0.000608,4.263
639424,520,443,963,231,52,23,31.75,0.9715,0.5421,0.195098,10,21,12,149.21,0.4393,0.0834,0.006274,4.355
639433,520,298,818,249,91,210,338.84,0.9555,0.6699,0.322779,33,62,5,133.57,0.9678,0.2289,0.037794,4.246
639449,520,430,950,165,87,222,308.14,0.7882,0.5468,0.200903,12,28,0,132.66,1.0000,0.1028,0.009086,4.246
639451,520,360,880,241,32,224,332.33,0.9800,0.6163,0.251184,46,36,60,302.78,0.3582,0.1805,0.021689,4.201
639453,520,398,918,254,1,90,13.96,0.9994,0.5758,0.218345,19,36,20,145.63,0.5296,0.1366,0.014507,4.160
639455,520,366,886,240,86,88,23.20,0.8840,0.6053,0.258885,30,31,85,277.25,0.7050,0.1718,0.019118,4.469
639493,520,370,890,228,51,225,328.89,0.9470,0.6053,0.243002,72,9,45,351.12,0.7878,0.1705,0.017628,4.333
639502,520,397,917,241,1,179,344.20,0.9991,0.5821,0.219802,32,29,45,292.57,0.2884,0.1385,0.013753,4.232
639504,520,411,931,253,14,79,17.33,0.9919,0.5741,0.217650,18,27,47,264.88,0.4444,0.1218,0.011177,4.375
639506,520,433,953,232,58,9,34.04,0.9895,0.5491,0.202047,8,27,17,158.74,0.6248,0.1011,0.008759,4.289
639507,520,387,907,240,4,190,340.89,0.9967,0.5866,0.223328,37,9,90,289.07,0.9134,0.1492,0.013269,4.320
639510,520,364,884,254,45,150,356.83,0.9904,0.6099,0.251532,74,13,11,27.19,0.8774,0.1684,0.017681,4.455
639516,520,465,985,222,44,71,19.30,0.9188,0.5228,0.177886,17,7,3,50.97,0.4841,0.0538,0.002777,4.318
639517,520,360,880,223,102,152,356.32,0.6965,0.6175,0.274599,26,48,6,133.28,0.9305,0.1778,0.023466,4.418
639527,520,468,988,221,6,122,358.36,0.9866,0.5176,0.169102,6,6,3,107.87,0.2673,0.0401,0.001755,4.233
639550,520,448,968,228,43,83,15.73,0.9212,0.5367,0.188492,18,18,14,107.17,0.1221,0.0825,0.005929,4.264
639551,520,273,793,229,118,252,320.51,0.9780,0.6997,0.366449,45,66,38,138.13,0.4944,0.2558,0.045942,4.341
639559,520,427,947,195,54,231,318.30,0.9173,0.5579,0.200114,36,0,56,309.38,1.0000,0.1006,0.006606,4.418
639561,520,479,999,175,64,190,322.73,0.7802,0.5072,0.164996,2,0,3,318.71,1.0000,0.0147,0.000195,4.283
639577,520,446,966,150,87,241,298.36,0.8777,0.5427,0.196515,28,4,42,310.24,0.8050,0.0827,0.005009,4.481
639578,520,462,982,161,76,232,305.52,0.8567,0.5333,0.185727,9,8,4,98.14,0.2714,0.0482,0.002405,4.498
639588,520,420,940,237,44,88,15.14,0.9325,0.5568,0.205136,24,22,35,291.07,0.2807,0.1072,0.008894,4.332
639589,520,438,958,233,34,102,8.88,0.9406,0.5459,0.194300,20,16,39,289.39,0.4999,0.0919,0.006658,4.312
639590,520,421,941,240,55,7,33.30,0.9934,0.5623,0.212763,42,8,48,321.28,0.7470,0.1146,0.008794,4.469
639595,520,433,953,239,12,95,10.89,0.9875,0.5478,0.194432,18,23,19,151.14,0.1560,0.0971,0.007884,4.223
639601,520,460,980,209,31,184,335.29,0.9258,0.5337,0.179980,14,4,35,293.70,0.7871,0.0602,0.003015,4.338
639604,520,472,992,228,3,78,14.64,0.9963,0.5185,0.171121,9,0,2,1.93,1.0000,0.0253,0.000625,4.368
639613,520,294,814,253,124,39,48.52,0.9813,0.6796,0.354476,3,62,78,222.38,0.9399,0.2393,0.040145,4.487
639615,520,327,847,252,58,214,337.60,0.9828,0.6451,0.285797,43,32,112,281.97,0.7973,0.2126,0.027164,4.352
639625,520,338,858,233,116,58,44.80,0.8515,0.6350,0.301225,28,50,65,239.60,0.4150,0.2047,0.029096,4.440
639630,520,441,961,196,42,211,323.98,0.9143,0.5354,0.180964,26,17,1,83.91,0.8724,0.0859,0.006227,4.108
639651,520,463,983,230,19,90,11.60,0.9733,0.5298,0.180299,0,3,36,263.81,1.0023,0.0462,0.001925,4.435
639652,520,372,892,240,8,220,333.07,0.9959,0.6051,0.238691,53,36,20,63.56,0.4440,0.1739,0.020692,4.084
639657,520,13,533,251,255,182,110.62,0.9999,0.9768,0.954069,42,133,56,145.88,0.9424,0.4730,0.175521,4.452
639686,520,300,820,255,78,215,338.41,1.0000,0.6682,0.316182,68,49,37,53.47,0.3045,0.2322,0.035593,4.278
639707,520,442,962,225,39,119,1.75,0.9035,0.5381,0.187932,3,7,60,267.30,0.9651,0.0817,0.004975,4.328
639721,520,355,875,248,54,180,346.47,0.9467,0.6176,0.258933,16,48,30,156.21,0.7314,0.1765,0.023177,4.222
639725,520,470,990,195,34,196,327.92,0.9147,0.5180,0.167333,14,2,16,323.02,0.6947,0.0433,0.001742,4.200
639731,520,478,998,211,0,147,347.27,1.0000,0.5069,0.159578,0,2,6,247.65,1.0000,0.0221,0.000566,4.145
639740,520,473,993,230,9,45,23.95,0.9935,0.5187,0.172109,5,1,16,297.00,0.8102,0.0308,0.000914,4.362
639742,520,414,934,244,28,122,3.39,0.9641,0.5713,0.214721,3,26,56,255.64,0.8512,0.1172,0.010436,4.380
639769,520,432,952,219,80,4,40.99,0.9912,0.5499,0.208087,38,15,8,37.96,0.5757,0.1007,0.007713,4.472
639796,520,357,877,252,22,204,339.85,0.9881,0.6208,0.256322,61,33,20,45.16,0.5127,0.1791,0.021304,4.296
639810,520,338,858,239,67,230,330.30,0.9425,0.6396,0.280808,84,21,8,33.43,0.8899,0.1993,0.024390,4.447
639828,520,442,962,230,46,25,30.59,0.9692,0.5351,0.188502,19,12,33,297.19,0.5110,0.0789,0.005112,4.328
639844,520,466,986,231,11,17,28.39,0.9941,0.5191,0.172718,16,4,21,316.08,0.6240,0.0529,0.002511,4.241
639845,520,243,763,246,138,201,345.23,0.8654,0.7305,0.419892,6,78,38,152.15,0.9822,0.2776,0.056272,4.422
639858,520,384,904,164,105,242,300.83,0.8474,0.5893,0.244068,0,36,60,243.01,1.0000,0.1467,0.015879,4.464
639860,520,362,882,224,81,188,339.09,0.8148,0.6059,0.253653,3,50,48,190.43,0.9291,0.1849,0.025138,4.041
639885,520,467,987,212,60,54,27.15,0.8826,0.5150,0.174975,12,0,26,304.32,1.0000,0.0423,0.001528,4.366
639904,520,420,940,184,54,255,309.67,1.0000,0.5605,0.200497,16,14,71,275.24,0.8866,0.1136,0.008791,4.261
639910,520,431,951,234,4,127,359.15,0.9940,0.5457,0.191146,1,0,81,264.85,1.0000,0.0967,0.006005,4.306
639930,520,442,962,196,52,212,323.51,0.8885,0.5439,0.189468,21,15,13,39.26,0.1640,0.0782,0.005301,4.330
639937,520,447,967,200,77,142,350.63,0.6976,0.5389,0.195419,15,16,26,279.63,0.2701,0.0796,0.005467,4.425
639954,520,400,920,227,88,63,32.32,0.8483,0.5805,0.236719,12,38,37,191.90,0.5745,0.1447,0.015979,4.346
639958,520,450,970,168,81,213,312.24,0.7741,0.5354,0.190145,17,14,6,91.01,0.3525,0.0697,0.004464,4.409
639968,520,376,896,249,73,55,29.77,0.9681,0.6012,0.251841,2,37,71,251.73,0.9149,0.1589,0.017909,4.445
639975,520,423,943,241,2,119,3.05,0.9977,0.5569,0.200794,46,1,41,333.37,0.9006,0.1073,0.007627,4.352
639979,520,196,716,226,166,243,318.65,0.8413,0.7756,0.499133,43,85,60,156.08,0.5801,0.3205,0.073366,4.451
640009,520,479,999,196,34,176,334.20,0.8885,0.5068,0.160162,2,0,3,318.71,1.0000,0.0147,0.000195,4.187
640036,520,381,901,252,45,137,0.76,0.9726,0.6012,0.243819,51,32,28,32.33,0.3028,0.1632,0.018207,4.308
640043,520,372,892,219,76,217,328.41,0.8747,0.6082,0.252407,68,24,16,32.19,0.6942,0.1727,0.019198,4.370
640044,520,434,954,229,46,125,0.87,0.8904,0.5530,0.200955,14,3,77,274.72,0.9828,0.1038,0.006943,4.407
640047,520,387,907,252,42,105,11.15,0.9768,0.5897,0.233749,35,33,38,303.79,0.0949,0.1486,0.015850,4.309
640058,520,468,988,215,59,62,24.48,0.8779,0.5210,0.179253,4,4,11,282.74,0.3885,0.0357,0.001368,4.463
640067,520,355,875,248,7,228,332.92,0.9975,0.6244,0.257129,17,33,95,267.34,0.8612,0.1774,0.020330,4.367
640069,520,390,910,234,87,61,32.27,0.8807,0.5914,0.246486,26,38,29,152.16,0.2861,0.1507,0.016945,4.429
640081,520,369,889,244,44,186,343.44,0.9476,0.6064,0.245827,21,44,33,161.92,0.4925,0.1671,0.020705,4.184
640087,520,345,865,253,89,35,37.06,0.9871,0.6262,0.281523,15,50,52,200.45,0.6401,0.1909,0.026306,4.345
640107,520,340,860,247,87,159,356.11,0.8991,0.6393,0.290968,27,54,36,153.56,0.5482,0.2040,0.029986,4.263
640109,520,453,973,239,0,1,29.17,1.0000,0.5335,0.183563,23,9,8,25.05,0.3997,0.0670,0.003951,4.329
640115,520,375,895,255,50,110,10.64,1.0000,0.6023,0.246707,18,35,65,260.94,0.5939,0.1558,0.017122,4.420
640118,520,401,921,237,7,181,342.79,0.9929,0.5766,0.214956,8,30,73,261.87,0.8416,0.1446,0.014611,4.101
640123,520,464,984,194,81,90,17.97,0.6686,0.5168,0.180941,3,7,17,260.23,0.4990,0.0451,0.002118,4.431
640140,520,422,942,241,31,104,9.15,0.9582,0.5612,0.206835,7,25,46,253.67,0.6571,0.1091,0.009376,4.326
640143,520,434,954,237,42,82,16.86,0.9404,0.5541,0.202728,6,22,46,257.90,0.7002,0.1007,0.008098,4.350
640149,520,307,827,216,129,194,336.92,0.6349,0.6703,0.341961,30,63,1,134.63,0.9948,0.2300,0.038331,4.437
640157,520,460,980,210,16,191,333.46,0.9715,0.5338,0.178359,1,11,35,259.36,0.9008,0.0634,0.003671,4.255
640161,520,404,924,198,76,230,318.55,0.8722,0.5842,0.228892,13,34,37,207.59,0.4791,0.1328,0.013631,4.383
640163,520,391,911,183,96,237,310.27,0.8497,0.5949,0.245483,27,39,3,126.09,0.9168,0.1492,0.016906,4.416
640171,520,425,945,223,77,57,30.74,0.8687,0.5571,0.212938,39,21,4,63.01,0.7161,0.1140,0.009765,4.400
640178,520,14,534,247,254,208,114.54,0.9815,0.9770,0.952119,13,134,45,146.18,0.9920,0.4683,0.173245,4.489
640196,520,392,912,245,47,149,355.55,0.9277,0.5935,0.236187,33,36,10,115.03,0.6383,0.1468,0.016070,4.332
640203,520,352,872,251,6,207,338.77,0.9972,0.6171,0.251478,25,9,130,272.21,0.9865,0.1906,0.020136,4.298
640216,520,464,984,226,34,57,22.55,0.9574,0.5218,0.176111,14,3,21,312.17,0.6817,0.0484,0.002126,4.338
640220,520,347,867,246,55,207,338.09,0.9495,0.6285,0.268332,40,44,51,261.70,0.1216,0.1900,0.024915,4.249
640231,520,443,963,228,54,53,26.47,0.9261,0.5406,0.193922,21,15,5,81.56,0.4703,0.0761,0.005120,4.425
640236,520,376,896,226,76,184,340.81,0.8287,0.6013,0.248007,52,29,22,37.69,0.4082,0.1560,0.016668,4.470
640248,520,413,933,235,36,155,350.92,0.9351,0.5701,0.212934,38,9,57,308.26,0.7790,0.1168,0.009029,4.454
640256,520,454,974,226,37,83,14.83,0.9325,0.5286,0.181193,20,6,30,309.10,0.6521,0.0671,0.003727,4.303
640266,520,388,908,242,74,81,22.73,0.9135,0.5929,0.243721,15,43,2,137.27,0.9833,0.1538,0.018336,4.298
640283,520,452,972,208,81,31,39.56,0.9015,0.5324,0.193959,17,13,26,297.62,0.3538,0.0748,0.004816,4.451
640290,520,335,855,239,69,234,329.26,0.9442,0.6439,0.285500,74,30,47,357.77,0.5372,0.2037,0.025898,4.420
640300,520,477,997,167,0,253,306.54,1.0000,0.5078,0.153081,0,1,6,259.05,1.0000,0.0179,0.000349,4.034
640323,520,411,931,223,6,209,331.86,0.9943,0.5669,0.204241,41,7,62,308.41,0.8261,0.1232,0.009712,4.258
640368,520,391,911,254,50,8,32.08,0.9960,0.5867,0.233733,3,37,62,245.32,0.8547,0.1523,0.016902,4.241
640372,520,425,945,225,55,152,350.73,0.8552,0.5633,0.210095,22,18,49,285.88,0.5863,0.1053,0.008249,4.465
640379,520,163,683,254,179,192,7.71,0.9349,0.8148,0.571188,31,97,49,149.17,0.9088,0.3509,0.090621,4.417
640383,520,410,930,247,34,84,16.47,0.9664,0.5702,0.215618,37,28,0,92.02,1.0000,0.1276,0.012239,4.268
640399,520,400,920,245,48,113,8.07,0.9279,0.5820,0.227220,57,17,18,21.64,0.6585,0.1403,0.013146,4.390
640408,520,478,998,199,73,61,28.59,0.7914,0.5077,0.172461,7,0,6,332.05,1.0000,0.0247,0.000583,4.398
640410,520,305,825,218,116,227,324.23,0.8195,0.6672,0.329439,28,61,28,143.80,0.7811,0.2256,0.036681,4.377
640418,520,434,954,193,14,247,315.04,0.9908,0.5458,0.183683,1,29,11,152.96,0.9811,0.1018,0.009093,3.954
640428,520,389,909,253,48,95,15.02,0.9848,0.5933,0.238264,42,22,70,299.43,0.6711,0.1532,0.015083,4.429
640433,520,457,977,180,65,205,319.93,0.8163,0.5265,0.178928,20,9,11,7.60,0.3101,0.0640,0.003683,4.264
640445,520,472,992,170,85,169,327.76,0.6255,0.5163,0.179086,9,2,0,53.71,1.0000,0.0309,0.001015,4.491
640451,520,425,945,230,70,19,35.89,0.9725,0.5584,0.212532,44,10,28,350.78,0.6434,0.1090,0.008365,4.498
640478,520,419,939,233,25,148,352.42,0.9569,0.5579,0.201599,6,12,72,268.23,0.9521,0.1054,0.007695,4.361
640485,520,373,893,222,39,245,322.72,0.9736,0.6015,0.235753,50,32,16,61.51,0.4920,0.1587,0.017486,4.234
640489,520,336,856,235,54,252,324.14,0.9887,0.6371,0.273312,88,17,17,25.74,0.8690,0.2041,0.025164,4.301
640496,520,392,912,253,48,100,13.44,0.9841,0.5944,0.239203,33,35,43,274.22,0.1451,0.1542,0.016998,4.317
640501,520,421,941,164,85,239,304.13,0.8719,0.5554,0.206220,41,11,36,334.54,0.6305,0.1093,0.008382,4.389
640508,520,336,856,230,76,241,325.06,0.9431,0.6406,0.283449,21,41,94,265.29,0.7608,0.1974,0.025533,4.415
640516,520,469,989,229,21,30,27.28,0.9854,0.5188,0.172911,13,5,4,30.57,0.3527,0.0449,0.002029,4.284
640521,520,401,921,218,70,182,339.07,0.8205,0.5801,0.226653,50,15,52,325.50,0.6689,0.1399,0.012678,4.414
640531,520,431,951,170,89,209,313.35,0.7323,0.5475,0.202950,11,25,29,218.05,0.3806,0.1015,0.008551,4.320
640534,520,464,984,216,52,66,21.80,0.8921,0.5166,0.174508,2,6,34,266.98,0.8948,0.0531,0.002586,4.269
640546,520,346,866,248,85,117,12.58,0.9167,0.6251,0.277411,22,53,9,138.06,0.9448,0.1923,0.027364,4.232
640548,520,378,898,255,32,125,4.41,1.0000,0.5961,0.237774,44,27,58,308.05,0.4954,0.1564,0.016249,4.344
640563,520,410,930,207,46,233,321.45,0.9450,0.5724,0.211043,29,11,79,285.65,0.8816,0.1299,0.010650,4.304
640564,520,365,885,239,22,220,332.85,0.9868,0.6066,0.240946,9,46,41,182.41,0.7697,0.1708,0.021721,4.057
640569,520,364,884,227,28,254,322.10,0.9962,0.6113,0.243194,7,44,53,217.77,0.7758,0.1694,0.021035,4.127
640584,520,465,985,142,73,249,295.78,0.9529,0.5200,0.173555,3,10,14,227.29,0.4454,0.0507,0.002681,4.244
640588,520,450,970,234,10,116,3.03,0.9858,0.5431,0.189735,9,18,10,147.45,0.3990,0.0739,0.005126,4.349
640604,520,374,894,216,54,236,323.00,0.9427,0.5950,0.232953,44,17,83,296.52,0.7982,0.1599,0.015609,4.313
640608,520,479,999,202,55,128,354.69,0.7880,0.5103,0.168495,2,0,1,344.76,1.0000,0.0130,0.000151,4.357
640612,520,470,990,220,52,40,29.09,0.9306,0.5211,0.178275,4,5,8,267.45,0.1995,0.0373,0.001519,4.431
640616,520,188,708,234,169,238,324.63,0.8226,0.7885,0.520427,36,93,1,137.70,0.9983,0.3341,0.082057,4.320
640620,520,437,957,209,35,206,329.02,0.9384,0.5499,0.192156,32,14,23,349.40,0.4079,0.0939,0.006830,4.261
640627,520,352,872,249,85,61,31.18,0.9614,0.6161,0.269770,11,42,89,258.97,0.8271,0.1911,0.024482,4.293
640675,520,352,872,215,109,155,354.26,0.6286,0.6175,0.277528,13,44,83,255.92,0.7580,0.1921,0.025113,4.360
640715,520,445,965,217,49,139,353.28,0.8480,0.5376,0.188148,28,11,15,5.52,0.4098,0.0796,0.005207,4.314
640724,520,336,856,255,74,152,358.71,1.0000,0.6363,0.284280,47,48,4,110.93,0.8940,0.1969,0.027270,4.326
640733,520,13,533,246,249,255,264.52,1.0000,0.9785,0.945641,42,131,80,154.28,0.8834,0.4715,0.173033,4.464
640742,520,390,910,194,123,0,69.73,1.0000,0.5851,0.256367,12,43,2,138.72,0.9859,0.1524,0.018102,4.499
640752,520,347,867,238,41,245,326.60,0.9790,0.6292,0.263582,55,8,106,297.12,0.9299,0.1899,0.020265,4.463
640759,520,405,925,228,40,195,336.98,0.9388,0.5797,0.219542,42,11,68,304.41,0.8010,0.1349,0.011490,4.384
640781,520,377,897,193,84,243,313.29,0.9134,0.5960,0.241503,10,5,120,267.39,0.9946,0.1645,0.015290,4.465
640811,520,441,961,229,29,114,3.62,0.9423,0.5388,0.187545,13,10,59,276.51,0.8771,0.0922,0.006184,4.228
640821,520,469,989,212,43,122,358.29,0.8563,0.5164,0.171323,17,1,3,11.83,0.7935,0.0394,0.001475,4.300
640833,520,295,815,187,137,245,304.05,0.8248,0.6760,0.350491,57,56,50,99.18,0.0841,0.2411,0.039285,4.486
640855,520,451,971,232,44,3,32.21,0.9968,0.5368,0.189668,13,2,50,283.53,0.9498,0.0693,0.003593,4.472
640870,520,411,931,244,37,104,10.01,0.9511,0.5704,0.215591,46,13,34,344.22,0.6110,0.1197,0.009843,4.438
640871,520,469,989,137,74,251,293.61,0.9674,0.5174,0.171810,14,4,2,40.05,0.5422,0.0429,0.001846,4.278
640899,520,409,929,200,57,239,317.75,0.9284,0.5743,0.214391,44,14,55,315.78,0.6938,0.1310,0.011254,4.316
640904,520,396,916,204,80,194,330.97,0.7771,0.5755,0.224714,33,26,55,293.00,0.4795,0.1388,0.013380,4.334
640923,520,448,968,159,77,239,303.21,0.8867,0.5378,0.189111,11,17,25,255.78,0.2864,0.0783,0.005422,4.314
640924,520,400,920,224,58,183,339.95,0.8724,0.5791,0.222947,32,34,16,113.93,0.4339,0.1410,0.014885,4.207
640949,520,440,960,173,67,243,308.01,0.9243,0.5475,0.193704,9,13,59,271.43,0.8817,0.0945,0.006617,4.304
640958,520,468,988,226,11,101,6.89,0.9819,0.5221,0.173505,11,0,18,314.34,1.0000,0.0358,0.001148,4.370
640974,520,325,845,249,109,39,43.22,0.9548,0.6482,0.312267,37,52,55,211.26,0.2127,0.2122,0.031251,4.459
640978,520,359,879,246,7,226,332.96,0.9973,0.6195,0.252388,47,41,34,71.44,0.1525,0.1827,0.023057,4.139
640981,520,417,937,209,65,195,332.13,0.8375,0.5668,0.212779,56,5,15,15.25,0.8509,0.1215,0.009839,4.391
640995,520,389,909,216,54,226,325.47,0.9300,0.5881,0.227302,20,26,78,272.46,0.7829,0.1466,0.014375,4.308
640998,520,453,973,234,17,13,29.04,0.9911,0.5271,0.179256,29,5,8,14.12,0.6540,0.0681,0.003873,4.255
641008,520,421,941,235,58,30,31.75,0.9612,0.5561,0.207851,16,2,85,274.59,0.9909,0.1145,0.008094,4.439
641015,520,395,915,226,74,159,349.88,0.8041,0.5874,0.235720,9,34,60,252.06,0.7035,0.1448,0.015283,4.377
641037,520,422,942,216,76,138,356.46,0.7512,0.5637,0.216050,14,31,6,136.58,0.8606,0.1146,0.010865,4.371
641047,520,396,916,255,40,3,31.22,1.0000,0.5819,0.227880,30,28,60,283.99,0.5092,0.1438,0.014328,4.320
641054,520,361,881,203,83,254,313.97,0.9919,0.6169,0.260401,75,21,3,38.31,0.9244,0.1800,0.020390,4.410
641056,520,476,996,159,51,243,304.51,0.9390,0.5117,0.162102,1,0,8,284.42,1.0000,0.0165,0.000240,4.222
641057,520,449,969,237,36,44,26.25,0.9692,0.5444,0.194514,32,5,9,13.38,0.6876,0.0734,0.004354,4.499
641073,520,377,897,228,24,241,325.25,0.9875,0.6021,0.235004,20,32,73,268.27,0.6739,0.1558,0.016627,4.278
641079,520,360,880,200,96,244,314.48,0.9108,0.6227,0.271779,4,53,4,142.72,0.9896,0.1844,0.025807,4.245
641084,520,474,994,150,77,232,301.37,0.8534,0.5205,0.176183,8,0,17,308.71,1.0000,0.0318,0.000921,4.442
641098,520,208,728,197,172,254,297.70,0.9515,0.7624,0.485312,9,88,38,149.52,0.9828,0.3125,0.071772,4.396
641117,520,293,813,249,81,249,327.92,0.9797,0.6807,0.328669,108,5,35,13.75,0.9484,0.2431,0.034186,4.498
641123,520,473,993,207,52,132,353.93,0.8107,0.5185,0.173895,3,2,4,309.32,0.2710,0.0254,0.000715,4.415
641137,520,418,938,220,68,140,355.43,0.7935,0.5621,0.212457,33,27,9,91.31,0.5382,0.1214,0.011269,4.284
641159,520,454,974,199,15,214,324.38,0.9798,0.5297,0.173405,36,1,14,0.81,0.8762,0.0747,0.004285,4.115
641162,520,424,944,211,59,188,334.86,0.8472,0.5601,0.206097,8,31,7,142.61,0.9118,0.1114,0.010469,4.235
641164,520,440,960,230,53,85,16.61,0.8988,0.5492,0.200280,10,23,20,177.78,0.3747,0.0915,0.007278,4.370
641180,520,424,944,224,71,89,18.01,0.8268,0.5572,0.210777,39,14,29,345.09,0.5158,0.1072,0.008342,4.470
641187,520,446,966,210,44,181,336.60,0.8823,0.5418,0.188413,26,8,27,325.36,0.5650,0.0767,0.004724,4.357
641190,520,383,903,254,19,144,357.67,0.9919,0.5958,0.235538,51,3,83,305.46,0.9448,0.1546,0.013935,4.466
641194,520,434,954,226,13,164,345.45,0.9783,0.5478,0.191396,38,3,48,317.62,0.8474,0.1011,0.006906,4.242
641218,520,399,919,242,47,137,359.09,0.9195,0.5832,0.227196,52,17,35,350.69,0.5784,0.1370,0.012524,4.433
641231,520,402,922,212,54,221,325.67,0.9182,0.5781,0.218577,63,2,17,13.86,0.9393,0.1335,0.011408,4.374
641232,520,434,954,226,56,95,12.99,0.8694,0.5465,0.198261,20,15,50,285.14,0.6636,0.0982,0.007206,4.340
641248,520,448,968,192,70,189,328.77,0.7782,0.5409,0.192624,21,9,35,302.57,0.6184,0.0771,0.004762,4.431
641254,520,359,879,255,20,193,343.42,1.0000,0.6199,0.256140,80,6,42,358.03,0.8466,0.1834,0.020032,4.371
641261,520,443,963,233,37,70,19.66,0.9518,0.5403,0.190920,2,11,50,264.83,0.9255,0.0772,0.004825,4.394
641264,520,412,932,228,39,180,341.41,0.9287,0.5708,0.212429,35,26,12,77.61,0.4382,0.1219,0.011227,4.286
641267,520,360,880,251,79,99,18.26,0.9600,0.6190,0.270055,44,41,29,95.71,0.2349,0.1776,0.022101,4.439
641271,520,470,990,175,32,243,310.39,0.9652,0.5213,0.166190,11,3,9,334.70,0.4802,0.0396,0.001560,4.193
641293,520,358,878,252,55,163,352.79,0.9713,0.6182,0.260756,74,24,1,42.79,0.9635,0.1824,0.021115,4.370
641296,520,386,906,233,60,165,348.29,0.8721,0.5882,0.232747,69,2,32,0.88,0.9149,0.1515,0.014131,4.409
641299,520,389,909,219,57,213,329.68,0.9091,0.5871,0.227925,25,10,98,277.19,0.9564,0.1480,0.013055,4.408
641302,520,431,951,208,68,169,340.80,0.7835,0.5540,0.204107,4,30,1,140.51,0.9895,0.1048,0.009565,4.266
641307,520,272,792,227,155,9,75.35,0.9821,0.6999,0.397953,10,75,6,142.15,0.9901,0.2637,0.051096,4.431
641309,520,450,970,231,17,107,5.84,0.9737,0.5359,0.184543,19,4,46,293.36,0.8524,0.0749,0.004225,4.325
641313,520,420,940,222,78,67,27.92,0.8419,0.5581,0.213862,40,16,23,2.63,0.4616,0.1100,0.008836,4.485
641357,520,442,962,221,47,136,355.17,0.8650,0.5424,0.191853,15,8,47,284.21,0.7902,0.0788,0.004804,4.413
641370,520,378,898,223,49,225,327.63,0.9450,0.5954,0.233230,71,13,25,13.61,0.7777,0.1649,0.016979,4.229
641405,520,2,522,255,255,255,0.00,0.0000,1.0000,1.000000,11,136,92,161.44,0.9814,0.4839,0.184513,4.477
641408,520,453,973,194,70,172,335.45,0.7499,0.5343,0.188298,21,8,30,309.62,0.5848,0.0720,0.004268,4.391
641410,520,235,755,249,129,235,331.77,0.9658,0.7352,0.418408,85,64,28,78.94,0.5963,0.2925,0.056821,4.385
641421,520,468,988,158,78,218,307.42,0.7963,0.5211,0.177804,7,2,28,287.76,0.8496,0.0438,0.001724,4.404
641424,520,397,917,219,11,233,324.97,0.9932,0.5774,0.211847,4,8,100,266.04,0.9886,0.1359,0.011195,4.279
641430,520,396,916,235,72,88,19.48,0.8692,0.5788,0.230044,47,4,78,304.63,0.9222,0.1443,0.012413,4.487
641436,520,379,899,242,21,195,340.07,0.9829,0.5969,0.233567,19,16,103,272.00,0.9558,0.1572,0.014882,4.371
641443,520,460,980,235,19,47,24.22,0.9864,0.5325,0.183363,3,5,42,269.55,0.9351,0.0590,0.002950,4.407
641453,520,472,992,201,46,161,340.84,0.8348,0.5158,0.169466,8,2,4,354.20,0.4591,0.0315,0.001038,4.300
641463,520,349,869,242,65,207,337.31,0.9265,0.6296,0.271657,78,24,13,33.34,0.7978,0.1919,0.023023,4.405
641468,520,391,911,197,82,229,318.18,0.8572,0.5894,0.235634,10,27,89,266.17,0.9081,0.1547,0.015696,4.348
641473,520,406,926,241,57,88,17.24,0.9138,0.5751,0.223348,28,17,74,284.59,0.7965,0.1321,0.011422,4.450
641480,520,72,592,235,233,158,106.83,0.7256,0.9050,0.784090,62,116,25,135.65,0.9478,0.4241,0.135847,4.488
641481,520,469,989,220,11,140,351.93,0.9752,0.5241,0.173510,3,5,16,269.72,0.5297,0.0397,0.001653,4.327
641502,520,466,986,187,57,198,324.56,0.8338,0.5242,0.175696,2,12,6,159.86,0.7210,0.0519,0.002890,4.267
641527,520,453,973,211,74,2,40.22,0.9948,0.5266,0.187532,9,14,28,268.01,0.4293,0.0714,0.004560,4.354
641530,520,456,976,213,30,159,344.25,0.9147,0.5266,0.175802,7,11,29,271.18,0.5483,0.0640,0.003732,4.202
641536,520,293,813,254,96,208,340.95,0.9911,0.6831,0.339937,52,58,42,124.59,0.2466,0.2390,0.039233,4.370
641577,520,446,966,198,42,215,323.51,0.9222,0.5417,0.185696,22,0,50,296.97,1.0000,0.0751,0.004009,4.364
641581,520,433,953,236,8,124,0.62,0.9890,0.5496,0.194649,1,8,74,264.89,0.9804,0.0990,0.006745,4.311
641588,520,436,956,196,1,254,314.49,0.9995,0.5538,0.189146,19,17,37,286.59,0.4472,0.0918,0.006729,4.216
641593,520,281,801,255,93,225,335.87,1.0000,0.6896,0.345279,47,64,49,147.96,0.2938,0.2544,0.044928,4.164
641650,520,436,956,159,84,238,302.64,0.8673,0.5468,0.198850,36,6,21,352.42,0.6711,0.0860,0.005595,4.476
641661,520,423,943,210,59,185,335.55,0.8402,0.5567,0.203344,22,23,43,280.38,0.4035,0.1124,0.009578,4.252
641664,520,0,520,255,255,255,0.00,0.0000,1.0000,1.000000,32,134,104,168.35,0.8909,0.4848,0.183560,4.496
641671,520,386,906,251,63,41,30.57,0.9814,0.5935,0.242279,49,28,12,56.55,0.5632,0.1469,0.015101,4.490
641673,520,472,992,226,29,85,13.41,0.9505,0.5245,0.177062,5,1,11,306.17,0.7354,0.0280,0.000781,4.471
641688,520,450,970,211,37,191,333.78,0.9182,0.5449,0.189357,22,8,23,324.70,0.4949,0.0693,0.004061,4.428
641698,520,477,997,197,48,154,342.34,0.8139,0.5065,0.163192,4,0,12,302.69,1.0000,0.0238,0.000524,4.220
641699,520,455,975,231,34,23,29.36,0.9750,0.5289,0.181979,20,8,11,3.32,0.3502,0.0620,0.003466,4.339
641700,520,448,968,230,44,86,15.04,0.9203,0.5422,0.192992,24,4,41,305.24,0.8062,0.0765,0.004411,4.466
641713,520,456,976,163,77,225,307.74,0.8269,0.5319,0.185311,6,1,52,273.87,0.9887,0.0640,0.003083,4.433
641723,520,441,961,188,24,241,314.80,0.9778,0.5360,0.176968,30,14,25,339.49,0.3970,0.0919,0.006603,4.010
641724,520,377,897,216,34,254,319.29,0.9957,0.5959,0.229006,25,11,108,275.18,0.9669,0.1621,0.015286,4.274
641728,520,376,896,226,98,110,16.89,0.7388,0.6030,0.260324,12,45,21,149.59,0.8752,0.1623,0.020090,4.428
641738,520,420,940,189,88,194,325.67,0.7156,0.5636,0.216946,15,22,57,271.13,0.6766,0.1149,0.009707,4.471
641742,520,445,965,210,46,168,340.88,0.8602,0.5360,0.184849,13,11,41,281.31,0.6773,0.0772,0.004850,4.282
641751,520,404,924,254,29,27,28.52,0.9964,0.5750,0.220325,37,30,12,88.65,0.4992,0.1349,0.013484,4.258
641797,520,361,881,255,3,205,340.12,1.0000,0.6229,0.257363,16,49,17,144.01,0.9035,0.1768,0.023472,4.183
641803,520,369,889,249,10,199,340.45,0.9945,0.6096,0.244836,33,2,116,279.25,0.9930,0.1714,0.016276,4.449
641816,520,235,755,230,146,236,324.55,0.8473,0.7391,0.434384,53,72,65,170.25,0.2251,0.2891,0.057732,4.496
641820,520,423,943,218,24,211,330.08,0.9717,0.5640,0.202640,34,1,71,296.89,0.9781,0.1146,0.008167,4.343
641835,520,348,868,253,89,11,39.41,0.9916,0.6251,0.280551,43,46,23,114.91,0.4476,0.1894,0.025294,4.390
641837,520,458,978,187,84,144,346.59,0.6243,0.5285,0.189205,22,5,17,339.25,0.5641,0.0607,0.003196,4.497
641843,520,385,905,230,6,221,330.51,0.9962,0.5874,0.221762,26,32,53,271.04,0.3829,0.1452,0.015096,4.175
641844,520,352,872,249,55,180,346.73,0.9529,0.6201,0.261706,0,55,21,150.32,1.0000,0.1925,0.027864,4.003
641852,520,404,924,253,3,96,12.13,0.9980,0.5755,0.217960,42,21,37,336.24,0.4224,0.1289,0.011622,4.348
641894,520,419,939,246,15,93,12.53,0.9875,0.5627,0.207283,30,9,64,294.11,0.8285,0.1126,0.008416,4.404
641921,520,477,997,219,8,96,7.41,0.9843,0.5052,0.160809,0,3,2,174.96,1.0000,0.0237,0.000695,4.158
641926,520,374,894,202,80,237,317.84,0.8977,0.5998,0.244097,37,18,89,287.48,0.8316,0.1590,0.015472,4.492
641932,520,452,972,201,21,200,328.56,0.9606,0.5251,0.171258,19,8,27,309.36,0.5395,0.0679,0.003913,4.104
641937,520,476,996,109,93,237,282.68,0.8679,0.5066,0.171939,0,1,14,263.36,1.0007,0.0229,0.000534,4.392
641955,520,471,991,215,56,74,19.70,0.8658,0.5201,0.177723,0,2,31,263.96,1.0035,0.0391,0.001423,4.428
641964,520,397,917,225,67,164,347.17,0.8270,0.5802,0.227047,36,28,39,316.73,0.2315,0.1374,0.013521,4.362
641984,520,48,568,243,236,231,58.21,0.2531,0.9385,0.848154,54,123,10,137.32,0.9891,0.4413,0.149716,4.497
641990,520,380,900,161,108,248,298.05,0.8946,0.5954,0.250797,28,24,93,277.42,0.8417,0.1644,0.016904,4.496
641999,520,448,968,222,33,140,353.08,0.9148,0.5367,0.185134,1,23,6,149.89,0.9780,0.0818,0.006324,4.175
642032,520,313,833,255,113,33,44.66,1.0000,0.6644,0.331834,17,61,34,153.10,0.8709,0.2216,0.035720,4.454
642051,520,435,955,230,53,95,13.04,0.8892,0.5516,0.201983,25,15,38,302.37,0.5056,0.0946,0.006883,4.430
642057,520,434,954,238,8,116,3.67,0.9900,0.5510,0.196150,0,29,14,157.87,1.0000,0.1020,0.009104,4.165
642078,520,335,855,247,29,239,330.11,0.9887,0.6353,0.268878,75,18,69,332.46,0.7328,0.1994,0.023583,4.334
642080,520,464,984,222,3,112,2.05,0.9937,0.5154,0.167673,19,0,22,323.38,1.0000,0.0482,0.001964,4.189
642086,520,477,997,187,83,82,22.82,0.6448,0.5059,0.173621,0,0,12,264.05,1.0000,0.0173,0.000265,4.449
642134,520,455,975,190,34,229,317.91,0.9530,0.5341,0.177497,14,7,18,313.02,0.4021,0.0557,0.002890,4.301
642145,520,409,929,163,104,218,305.94,0.7149,0.5697,0.227496,6,33,38,211.89,0.6984,0.1268,0.012663,4.428
642146,520,425,945,219,55,172,342.19,0.8557,0.5618,0.207733,48,8,17,11.27,0.7291,0.1097,0.008426,4.411
642149,520,407,927,250,15,76,17.91,0.9906,0.5675,0.211911,65,1,6,23.97,0.9855,0.1347,0.011589,4.253
642163,520,318,838,229,109,207,334.86,0.8116,0.6616,0.321024,1,53,88,245.43,0.9674,0.2179,0.032571,4.493
642176,520,428,948,244,5,105,8.18,0.9952,0.5594,0.203650,21,24,5,116.78,0.6491,0.0991,0.008237,4.356
642190,520,13,533,252,251,232,104.40,0.7800,0.9811,0.955162,42,134,32,141.73,0.9701,0.4733,0.176461,4.439
642193,520,399,919,207,32,253,317.22,0.9910,0.5797,0.213919,55,11,39,345.51,0.7041,0.1358,0.011982,4.258
642198,520,476,996,199,75,26,39.33,0.9099,0.5066,0.172508,4,0,1,359.68,1.0000,0.0171,0.000280,4.425
642214,520,304,824,245,98,209,338.39,0.9244,0.6717,0.327540,12,55,96,251.42,0.8005,0.2329,0.036549,4.362
642219,520,378,898,209,63,244,318.94,0.9465,0.5973,0.236436,41,1,98,290.54,0.9906,0.1556,0.013750,4.493
642228,520,348,868,231,100,153,357.31,0.7517,0.6278,0.284056,71,33,6,51.60,0.8070,0.1942,0.024407,4.490
642229,520,469,989,181,83,140,346.50,0.6058,0.5155,0.179050,15,2,0,42.84,1.0000,0.0382,0.001450,4.452
642234,520,452,972,211,61,125,358.83,0.7894,0.5322,0.186693,18,4,43,294.05,0.8359,0.0711,0.003899,4.391
642237,520,358,878,251,72,116,10.91,0.9560,0.6155,0.264083,56,27,71,312.72,0.6072,0.1824,0.020796,4.436
642248,520,352,872,212,87,236,320.85,0.8965,0.6225,0.268712,19,52,23,146.10,0.8467,0.1896,0.026562,4.163
642259,520,456,976,194,24,224,320.43,0.9690,0.5319,0.175059,26,3,13,354.15,0.6973,0.0609,0.003138,4.235
642275,520,348,868,252,11,229,333.56,0.9965,0.6329,0.265951,41,37,84,284.01,0.5773,0.1945,0.024346,4.250
642283,520,431,951,218,50,162,345.17,0.8595,0.5508,0.197976,24,2,67,288.12,0.9640,0.0991,0.006428,4.395
642285,520,391,911,249,20,149,355.19,0.9809,0.5881,0.228134,68,2,33,359.28,0.9097,0.1497,0.013824,4.358
642290,520,192,712,230,165,252,317.33,0.9585,0.7826,0.507627,8,88,76,178.97,0.9483,0.3232,0.075525,4.442
642299,520,300,820,238,130,88,41.51,0.8023,0.6721,0.348495,28,64,10,137.44,0.9566,0.2330,0.039355,4.460
642303,520,441,961,215,63,115,4.27,0.7964,0.5384,0.192423,13,10,59,276.51,0.8771,0.0922,0.006184,4.315
642309,520,405,925,242,63,46,29.76,0.9452,0.5762,0.226328,55,12,33,353.95,0.6835,0.1343,0.011851,4.468
642310,520,413,933,251,11,63,21.15,0.9943,0.5665,0.211112,12,31,20,156.80,0.5633,0.1165,0.011086,4.274
642311,520,443,963,187,4,250,312.85,0.9974,0.5367,0.175550,2,5,64,266.32,0.9813,0.0824,0.004916,4.107
642331,520,387,907,236,71,112,10.28,0.8513,0.5854,0.235121,11,19,96,268.35,0.9525,0.1484,0.013813,4.468
642351,520,397,917,238,57,140,358.08,0.8840,0.5845,0.229999,10,38,38,195.22,0.6295,0.1442,0.015906,4.248
642352,520,456,976,216,10,177,339.04,0.9811,0.5350,0.179927,18,4,23,317.20,0.6536,0.0564,0.002773,4.357
642361,520,387,907,240,9,203,337.40,0.9939,0.5949,0.230354,11,42,3,139.45,0.9789,0.1487,0.017336,4.164
642369,520,431,951,221,38,170,342.83,0.9109,0.5519,0.196631,17,25,7,128.68,0.6076,0.0988,0.008298,4.231
642379,520,434,954,194,66,210,323.07,0.8417,0.5530,0.200203,30,20,12,59.73,0.3365,0.1005,0.008029,4.312
642393,520,400,920,206,87,187,334.19,0.7405,0.5842,0.235278,17,31,60,263.28,0.5853,0.1408,0.014253,4.440
642396,520,409,929,204,59,223,322.78,0.9010,0.5708,0.212947,14,8,94,271.21,0.9777,0.1326,0.010751,4.328
642409,520,462,982,211,48,153,346.50,0.8426,0.5318,0.182649,11,0,41,287.45,1.0000,0.0543,0.002312,4.447
642437,520,458,978,205,7,195,331.04,0.9873,0.5250,0.170732,20,10,2,67.69,0.6525,0.0634,0.003702,4.110
642442,520,422,942,195,52,240,316.26,0.9352,0.5631,0.203507,40,16,26,354.98,0.4665,0.1111,0.008963,4.299
642450,520,415,935,231,64,102,12.27,0.8560,0.5658,0.216179,24,27,33,264.28,0.1417,0.1190,0.010879,4.372
642456,520,400,920,236,36,179,343.53,0.9474,0.5834,0.223522,63,2,31,358.42,0.8974,0.1380,0.011993,4.412
642466,520,442,962,233,45,35,28.93,0.9578,0.5413,0.193248,15,7,46,285.38,0.8012,0.0762,0.004508,4.463
642503,520,478,998,199,13,188,331.40,0.9709,0.5108,0.160626,1,1,2,284.11,0.2654,0.0171,0.000325,4.185
642527,520,451,971,223,20,161,345.80,0.9600,0.5426,0.187641,5,6,49,271.30,0.9320,0.0694,0.003842,4.414
642528,520,421,941,231,29,161,347.84,0.9479,0.5616,0.204437,40,15,24,358.71,0.4868,0.1085,0.008588,4.343
642529,520,467,987,215,11,145,349.07,0.9719,0.5164,0.167332,16,2,9,346.60,0.6524,0.0429,0.001733,4.201
642540,520,419,939,227,26,183,340.07,0.9596,0.5641,0.204912,13,16,71,272.15,0.8911,0.1150,0.009110,4.312
642548,520,314,834,250,83,210,338.82,0.9649,0.6625,0.311666,23,58,42,161.73,0.6412,0.2166,0.033753,4.318
642551,520,478,998,213,60,10,35.50,0.9815,0.5133,0.174022,2,1,10,286.50,0.7500,0.0235,0.000565,4.430
642560,520,292,812,247,91,228,332.93,0.9586,0.6762,0.328605,62,54,57,353.09,0.0914,0.2441,0.039579,4.226
642562,520,441,961,232,43,7,31.81,0.9927,0.5362,0.189020,27,15,33,313.77,0.4407,0.0940,0.006845,4.205
642566,520,237,757,236,141,216,335.10,0.8199,0.7285,0.418424,7,65,129,255.58,0.9279,0.2866,0.054104,4.500
642569,520,434,954,236,37,72,19.31,0.9543,0.5469,0.196270,41,11,10,24.64,0.6476,0.0993,0.007327,4.296
642571,520,400,920,251,20,128,2.27,0.9819,0.5844,0.225716,15,37,13,142.12,0.8075,0.1356,0.014537,4.272
642589,520,375,895,233,43,208,334.60,0.9502,0.5980,0.236081,27,29,78,276.63,0.6900,0.1584,0.016617,4.294
642609,520,444,964,231,42,79,17.25,0.9324,0.5413,0.192124,27,10,16,358.33,0.4251,0.0767,0.004875,4.412
642612,520,356,876,188,98,252,308.41,0.9641,0.6151,0.264558,55,29,63,317.86,0.5221,0.1792,0.020499,4.462
642618,520,427,947,223,60,144,353.67,0.8300,0.5608,0.209358,9,26,8,142.60,0.7793,0.0965,0.008144,4.461
642622,520,384,904,249,46,121,5.75,0.9510,0.5908,0.234777,45,0,92,296.45,1.0000,0.1526,0.013306,4.498
642635,520,398,918,227,38,197,336.15,0.9434,0.5779,0.217508,48,13,63,313.79,0.7497,0.1421,0.012752,4.263
642638,520,465,985,184,16,229,316.52,0.9819,0.5166,0.162193,6,5,33,278.02,0.8005,0.0536,0.002571,4.036
642640,520,335,855,233,115,75,39.10,0.8086,0.6354,0.300957,32,54,24,137.87,0.6570,0.2045,0.030113,4.381
642656,520,425,945,204,6,242,319.14,0.9961,0.5579,0.193801,24,11,68,284.84,0.8487,0.1127,0.008509,4.167
642659,520,339,859,248,56,223,334.26,0.9670,0.6418,0.281155,66,39,22,52.09,0.5126,0.2013,0.026674,4.319
642668,520,351,871,255,8,222,335.88,1.0000,0.6335,0.267109,10,52,37,165.02,0.8549,0.1896,0.026540,4.143
642680,520,466,986,186,14,226,317.82,0.9837,0.5168,0.162455,14,6,19,312.10,0.4740,0.0541,0.002706,4.031
642682,520,471,991,208,69,43,32.74,0.8817,0.5167,0.178428,6,6,11,284.44,0.2328,0.0430,0.001931,4.399
642691,520,327,847,253,51,236,332.14,0.9919,0.6547,0.293095,40,54,24,129.56,0.5722,0.2110,0.031554,4.207
642699,520,331,851,253,44,218,336.60,0.9897,0.6399,0.277492,1,38,115,261.99,0.9911,0.2044,0.026303,4.292
642717,520,474,994,183,76,156,338.50,0.6730,0.5157,0.176378,9,2,2,21.40,0.5126,0.0318,0.001059,4.434
642718,520,447,967,186,64,210,320.57,0.8379,0.5382,0.187603,36,6,16,2.64,0.6725,0.0841,0.005428,4.287
642727,520,476,996,225,15,33,26.35,0.9894,0.5083,0.164619,0,2,4,233.51,1.0000,0.0210,0.000522,4.248
642735,520,445,965,232,31,111,5.34,0.9429,0.5449,0.192865,10,17,33,265.19,0.4633,0.0820,0.005752,4.356
642746,520,387,907,220,51,223,327.34,0.9361,0.5905,0.229131,32,26,70,285.44,0.6324,0.1494,0.014880,4.302
642768,520,377,897,232,39,220,331.20,0.9642,0.6014,0.237767,50,31,12,63.95,0.5818,0.1556,0.016847,4.305
642771,520,433,953,241,26,72,18.81,0.9759,0.5516,0.199108,31,20,2,79.92,0.8085,0.0998,0.007960,4.298
642776,520,402,922,244,45,118,5.91,0.9307,0.5794,0.224212,23,23,62,279.05,0.6440,0.1276,0.011427,4.464
642778,520,406,926,255,7,112,7.62,1.0000,0.5846,0.225856,40,26,28,9.46,0.2365,0.1331,0.012738,4.397
642779,520,389,909,225,28,225,328.28,0.9769,0.5873,0.222766,12,16,101,268.84,0.9660,0.1507,0.013882,4.270
642780,520,478,998,206,20,155,343.61,0.9374,0.5066,0.159908,0,3,1,156.67,1.0000,0.0232,0.000673,4.142
642796,520,319,839,239,67,243,327.04,0.9589,0.6478,0.288386,69,32,80,317.96,0.6056,0.2172,0.028775,4.296
642798,520,395,915,252,22,130,1.87,0.9801,0.5877,0.228846,46,16,62,311.68,0.7052,0.1424,0.012993,4.427
642810,520,427,947,205,63,193,331.58,0.8318,0.5568,0.203862,1,17,66,262.98,0.9743,0.1046,0.008006,4.376
642813,520,400,920,228,30,200,335.50,0.9623,0.5774,0.215952,54,16,31,358.40,0.6080,0.1373,0.012539,4.253
642818,520,37,557,237,240,247,267.36,0.3441,0.9474,0.870400,58,125,43,140.17,0.9170,0.4523,0.157407,4.438
642820,520,330,850,188,122,222,313.29,0.7021,0.6355,0.298852,75,37,15,48.53,0.6850,0.2107,0.028537,4.442
642832,520,410,930,212,71,176,339.52,0.7927,0.5679,0.216402,43,22,35,342.85,0.3947,0.1315,0.012088,4.291
642843,520,477,997,218,7,105,3.94,0.9845,0.5057,0.160799,7,0,5,336.40,1.0000,0.0242,0.000561,4.169
642850,520,439,959,231,35,131,358.28,0.9266,0.5519,0.198326,27,14,36,310.00,0.5073,0.0938,0.006745,4.376
642857,520,352,872,255,6,201,341.18,1.0000,0.6212,0.256107,19,49,59,222.55,0.5538,0.1932,0.026507,4.001
642864,520,476,996,222,36,1,31.61,0.9988,0.5102,0.167963,1,1,9,276.31,0.7916,0.0214,0.000479,4.318
642868,520,237,757,236,133,242,325.16,0.9190,0.7274,0.410206,69,70,33,110.14,0.5307,0.2898,0.057554,4.279
642874,520,310,830,253,95,170,354.15,0.9674,0.6637,0.319725,49,53,19,115.07,0.6227,0.2158,0.032462,4.484
642887,520,449,969,219,64,79,19.85,0.8458,0.5374,0.192939,22,7,33,308.49,0.6530,0.0733,0.004323,4.472
642889,520,475,995,198,54,157,341.75,0.7978,0.5155,0.170802,7,2,3,3.45,0.4120,0.0299,0.000952,4.334
642913,520,444,964,177,78,211,316.41,0.7863,0.5426,0.195000,23,9,29,314.94,0.5444,0.0756,0.004663,4.482
642927,520,361,881,224,93,191,338.55,0.7835,0.6229,0.274397,1,50,36,168.11,0.9857,0.1795,0.024149,4.375
642953,520,454,974,147,83,243,297.42,0.8984,0.5348,0.188608,9,17,20,223.10,0.2601,0.0747,0.005095,4.331
642957,520,446,966,213,52,160,344.68,0.8389,0.5423,0.191424,12,15,27,272.73,0.3436,0.0753,0.004989,4.390
642976,520,434,954,204,51,209,326.68,0.8954,0.5543,0.198102,17,16,53,279.17,0.6997,0.1001,0.007468,4.317
642977,520,360,880,245,7,228,332.26,0.9973,0.6190,0.251688,38,27,90,285.02,0.7437,0.1761,0.019341,4.351
642991,520,431,951,244,18,47,24.55,0.9898,0.5514,0.198744,26,12,45,300.07,0.6546,0.0953,0.006720,4.385
643012,520,441,961,231,37,82,15.72,0.9414,0.5386,0.189243,28,10,32,320.10,0.5673,0.0857,0.005683,4.297
643014,520,316,836,238,113,144,6.36,0.7678,0.6560,0.320036,41,56,24,129.75,0.5984,0.2181,0.033657,4.423
643015,520,423,943,180,74,232,312.31,0.8686,0.5569,0.204280,47,13,7,32.49,0.7334,0.1128,0.009076,4.304
643025,520,467,987,152,76,227,303.29,0.8352,0.5175,0.173907,11,2,17,313.11,0.7028,0.0405,0.001550,4.343
643058,520,327,847,247,88,182,347.60,0.9158,0.6499,0.301340,22,52,66,230.66,0.5396,0.2078,0.030198,4.381
643077,520,255,775,177,166,224,293.00,0.5258,0.7150,0.420013,9,78,17,144.15,0.9869,0.2749,0.055471,4.456
643080,520,470,990,177,39,233,312.97,0.9425,0.5199,0.166824,5,5,1,108.94,0.5913,0.0356,0.001430,4.216
643081,520,458,978,179,42,244,311.02,0.9506,0.5344,0.177723,19,8,4,46.73,0.4509,0.0586,0.003209,4.280
643091,520,465,985,186,80,138,348.81,0.6359,0.5181,0.180129,7,8,1,114.26,0.7183,0.0453,0.002210,4.408
643101,520,136,656,255,196,138,65.35,1.0000,0.8378,0.625768,3,100,104,199.66,0.9787,0.3729,0.101327,4.466
643117,520,478,998,211,50,77,17.10,0.8688,0.5070,0.166683,0,3,0,142.50,1.0000,0.0226,0.000651,4.278
643127,520,418,938,163,119,133,358.11,0.2789,0.5557,0.226743,3,30,51,245.43,0.8147,0.1243,0.011869,4.473
643144,520,370,890,240,90,106,17.37,0.8548,0.6145,0.268812,29,45,24,138.46,0.5051,0.1734,0.022039,4.426
643155,520,464,984,219,57,11,34.37,0.9830,0.5221,0.180131,16,0,34,302.27,1.0000,0.0531,0.002257,4.404
643166,520,405,925,246,32,129,1.60,0.9588,0.5794,0.222142,37,27,26,24.98,0.1743,0.1308,0.012518,4.353
643168,520,390,910,248,15,172,347.86,0.9880,0.5949,0.232800,15,30,79,266.77,0.8048,0.1535,0.015945,4.288
643175,520,421,941,220,68,134,357.93,0.7922,0.5598,0.210735,1,24,56,256.02,0.9420,0.1110,0.009452,4.386
643177,520,287,807,247,120,168,358.04,0.8474,0.6893,0.360370,22,68,13,140.71,0.9639,0.2439,0.043337,4.397
643185,520,468,988,230,27,32,27.43,0.9794,0.5237,0.177142,3,0,34,274.79,1.0000,0.0399,0.001348,4.424
643200,520,412,932,243,48,58,24.75,0.9526,0.5665,0.214775,50,12,22,7.56,0.6563,0.1206,0.009991,4.414
643201,520,312,832,235,129,14,57.75,0.9771,0.6590,0.333969,1,64,11,144.76,0.9979,0.2232,0.036972,4.415
643223,520,461,981,225,35,89,12.42,0.9315,0.5267,0.179337,3,12,0,134.88,1.0000,0.0509,0.002823,4.342
643227,520,370,890,221,35,255,320.32,1.0000,0.6052,0.237962,23,40,57,249.45,0.4207,0.1675,0.019951,4.117
643240,520,470,990,230,6,1,29.39,0.9991,0.5152,0.169585,0,6,25,257.86,1.0000,0.0445,0.002004,4.222
643243,520,400,920,237,2,191,339.94,0.9982,0.5811,0.218124,26,10,88,280.36,0.9320,0.1363,0.011412,4.366
643244,520,343,863,228,61,246,323.63,0.9642,0.6269,0.264875,7,42,84,255.74,0.8474,0.1854,0.023411,4.289
643263,520,343,863,233,68,233,327.99,0.9372,0.6326,0.273434,58,25,82,307.94,0.6944,0.1904,0.022041,4.490
643286,520,425,945,222,21,200,334.00,0.9735,0.5630,0.202384,37,18,10,43.28,0.4907,0.1056,0.008479,4.316
643290,520,313,833,239,90,222,332.53,0.9160,0.6591,0.309395,44,48,85,277.41,0.4497,0.2247,0.033052,4.327
643292,520,400,920,204,75,209,326.27,0.8292,0.5783,0.224746,45,1,82,301.21,0.9816,0.1423,0.011888,4.439
643298,520,421,941,233,12,159,348.58,0.9832,0.5588,0.200927,35,18,27,347.22,0.3582,0.1079,0.008691,4.275
643302,520,353,873,234,67,212,333.91,0.9133,0.6206,0.262627,81,8,24,15.64,0.8808,0.1815,0.019893,4.473
643340,520,421,941,242,34,90,14.09,0.9587,0.5612,0.207628,36,7,51,311.39,0.7811,0.1061,0.007661,4.468
643343,520,454,974,131,99,220,292.29,0.7409,0.5254,0.189162,26,1,33,318.73,0.8829,0.0676,0.003512,4.469
643345,520,374,894,242,43,173,346.92,0.9392,0.5957,0.236252,51,34,1,80.14,0.9515,0.1630,0.018501,4.179
643348,520,353,873,239,69,185,343.46,0.8874,0.6168,0.261126,11,50,35,163.80,0.8263,0.1826,0.024736,4.163
643359,520,411,931,199,65,221,321.65,0.8766,0.5673,0.211447,20,30,33,218.19,0.2169,0.1238,0.011870,4.226
643364,520,345,865,209,122,143,4.90,0.5305,0.6276,0.294592,19,53,30,151.89,0.7648,0.1946,0.027783,4.430
643393,520,375,895,234,9,224,330.72,0.9951,0.5971,0.230722,55,10,73,313.86,0.8155,0.1585,0.015104,4.312
643394,520,431,951,167,79,235,306.70,0.8652,0.5477,0.198062,31,15,37,316.26,0.5047,0.1015,0.007665,4.302
643395,520,470,990,210,3,177,337.50,0.9932,0.5220,0.169433,5,1,28,283.66,0.9314,0.0393,0.001378,4.271
643408,520,225,745,241,160,153,24.96,0.7170,0.7486,0.461444,36,83,1,136.38,0.9975,0.3006,0.065636,4.423
643411,520,432,952,176,83,216,314.28,0.7841,0.5516,0.203754,23,8,63,286.89,0.8614,0.1023,0.007147,4.440
643414,520,468,988,196,1,208,325.17,0.9984,0.5167,0.163132,17,2,11,342.65,0.6726,0.0449,0.001868,4.109
643421,520,363,883,178,111,231,308.00,0.7746,0.6089,0.266040,20,39,72,260.68,0.6075,0.1731,0.020676,4.472
643424,520,476,996,161,44,244,305.35,0.9478,0.5095,0.159107,0,0,15,264.05,1.0000,0.0196,0.000345,4.153
643456,520,466,986,232,13,18,28.39,0.9931,0.5219,0.174905,11,3,24,300.20,0.7237,0.0471,0.002022,4.323
643463,520,423,943,221,13,204,332.68,0.9858,0.5614,0.200220,19,16,58,280.35,0.7363,0.1063,0.008145,4.303
643476,520,416,936,255,4,45,24.84,1.0000,0.5714,0.215402,8,29,43,240.64,0.6115,0.1187,0.011047,4.347
643494,520,480,1000,209,19,160,342.69,0.9468,0.5146,0.165613,0,0,0,0.00,0.0000,0.0000,0.000000,4.312
643501,520,50,570,252,233,230,28.33,0.7390,0.9399,0.846871,5,127,25,143.98,0.9974,0.4422,0.152805,4.422
643523,520,258,778,248,136,141,18.05,0.8434,0.7095,0.394906,30,69,71,199.86,0.5294,0.2670,0.049870,4.455
643533,520,319,839,251,106,67,35.94,0.9624,0.6497,0.312258,47,50,56,264.40,0.0922,0.2161,0.031710,4.433
643539,520,452,972,194,27,225,320.14,0.9643,0.5340,0.176909,13,7,41,284.93,0.7650,0.0700,0.003976,4.204
643546,520,257,777,249,144,56,56.20,0.9334,0.7110,0.403746,33,68,89,237.07,0.5220,0.2749,0.051786,4.458
643553,520,447,967,222,43,142,352.90,0.8821,0.5438,0.192129,6,12,51,269.39,0.8720,0.0828,0.005406,4.370
643562,520,414,934,254,29,8,30.04,0.9965,0.5742,0.219709,6,28,49,249.77,0.7054,0.1188,0.010909,4.428
643585,520,172,692,246,176,185,10.51,0.7307,0.7967,0.541481,22,88,111,226.23,0.7843,0.3431,0.082973,4.448
643593,520,133,653,217,203,222,317.24,0.2835,0.8361,0.627378,15,105,52,151.31,0.9749,0.3737,0.104522,4.384
643598,520,307,827,221,116,226,325.61,0.8234,0.6708,0.333556,4,57,87,240.81,0.8990,0.2299,0.036400,4.439
643607,520,307,827,220,105,254,317.87,0.9920,0.6696,0.324761,59,45,87,297.66,0.4763,0.2347,0.034947,4.412
643619,520,280,800,253,83,243,330.39,0.9920,0.6855,0.335431,101,30,36,19.34,0.7252,0.2518,0.038231,4.368
643649,520,322,842,236,98,187,343.80,0.8294,0.6470,0.301586,71,40,31,36.98,0.4331,0.2136,0.029563,4.419
643661,520,319,839,238,75,236,328.45,0.9383,0.6492,0.292679,76,33,59,344.92,0.5272,0.2180,0.029402,4.316
643662,520,434,954,179,82,210,317.15,0.7715,0.5503,0.202724,22,20,33,290.92,0.2944,0.0993,0.007807,4.372
643665,520,379,899,215,61,234,323.06,0.9279,0.5978,0.237269,23,42,35,168.84,0.3801,0.1629,0.019594,4.128
643691,520,469,989,190,50,189,328.34,0.8431,0.5165,0.169040,7,2,17,300.65,0.7076,0.0364,0.001291,4.271
643694,520,67,587,247,223,240,336.20,0.7101,0.9162,0.788414,21,121,10,141.90,0.9935,0.4236,0.138555,4.447
643696,520,437,957,219,45,163,344.87,0.8790,0.5493,0.195836,28,18,15,37.36,0.2426,0.0941,0.007140,4.302
643715,520,464,984,147,79,231,300.21,0.8443,0.5188,0.175648,0,8,27,255.73,0.9999,0.0505,0.002528,4.296
643720,520,438,958,226,36,141,353.75,0.9138,0.5466,0.193563,8,8,61,272.01,0.9376,0.0879,0.005622,4.379
643752,520,460,980,173,37,250,308.14,0.9753,0.5275,0.171103,11,8,26,288.94,0.5260,0.0593,0.003194,4.157
643785,520,460,980,217,52,108,5.92,0.8441,0.5289,0.182929,15,3,32,299.55,0.7964,0.0568,0.002710,4.419
643788,520,461,981,181,38,236,313.53,0.9494,0.5280,0.172672,12,4,17,312.95,0.5486,0.0465,0.002055,4.278
643789,520,387,907,251,23,147,356.29,0.9784,0.5923,0.232321,48,2,85,302.03,0.9662,0.1511,0.013277,4.462
643827,520,400,920,237,50,139,357.65,0.8996,0.5765,0.221528,24,18,87,277.32,0.8828,0.1442,0.013149,4.300
643845,520,362,882,240,98,9,43.79,0.9886,0.6143,0.272834,16,50,25,149.67,0.8384,0.1818,0.024615,4.327
643862,520,414,934,250,32,0,30.76,1.0000,0.5670,0.213607,39,6,62,306.50,0.8454,0.1189,0.009094,4.461
643880,520,476,996,151,80,213,305.62,0.7696,0.5110,0.171212,3,1,0,66.15,1.0000,0.0193,0.000411,4.388
643881,520,467,987,222,25,111,3.21,0.9432,0.5217,0.173753,7,4,3,44.41,0.2219,0.0358,0.001386,4.354
643889,520,398,918,217,9,247,321.32,0.9958,0.5841,0.216645,25,35,6,125.96,0.7879,0.1354,0.014219,4.152
643903,520,439,959,205,37,218,324.77,0.9437,0.5524,0.193660,18,3,61,283.91,0.9475,0.0876,0.005306,4.406
643907,520,362,882,185,115,198,321.16,0.5997,0.6054,0.266539,24,31,100,271.74,0.8514,0.1825,0.020942,4.462
643923,520,435,955,197,67,203,326.02,0.8266,0.5542,0.201980,15,19,26,261.55,0.2117,0.0869,0.006419,4.466
643926,520,441,961,237,10,71,17.94,0.9916,0.5379,0.186798,24,19,3,93.91,0.7010,0.0887,0.006665,4.179
643939,520,455,975,199,43,196,329.00,0.8904,0.5309,0.178571,30,2,7,11.06,0.8088,0.0636,0.003348,4.285
643941,520,469,989,204,6,192,331.61,0.9882,0.5210,0.167753,4,5,6,245.00,0.1010,0.0365,0.001475,4.230
643948,520,349,869,207,102,221,322.80,0.7969,0.6266,0.279901,74,29,1,48.08,0.9559,0.1912,0.023370,4.496
643962,520,465,985,219,44,64,21.32,0.9211,0.5154,0.172342,0,9,23,248.79,1.0000,0.0502,0.002572,4.229
643970,520,433,953,226,63,55,27.68,0.9035,0.5459,0.200024,19,9,65,281.32,0.8816,0.1020,0.007155,4.375
643983,520,365,885,249,13,194,341.81,0.9922,0.6075,0.243259,30,34,78,275.91,0.6123,0.1724,0.019701,4.207
643996,520,415,935,229,12,195,337.03,0.9875,0.5704,0.208637,28,28,5,109.21,0.7070,0.1176,0.010883,4.248
644003,520,327,847,241,113,82,34.85,0.8641,0.6462,0.311231,49,52,23,113.95,0.5264,0.2136,0.031708,4.421
644006,520,426,946,237,59,54,27.26,0.9306,0.5633,0.214019,0,33,1,143.23,1.0000,0.1126,0.010899,4.335
644016,520,401,921,237,53,136,358.98,0.8915,0.5778,0.223313,29,19,73,285.10,0.7611,0.1356,0.012080,4.403
644025,520,386,906,234,25,199,337.17,0.9745,0.5858,0.223139,38,31,44,308.98,0.2412,0.1498,0.015739,4.155
644034,520,331,851,237,53,247,325.78,0.9727,0.6362,0.272686,1,53,58,205.12,0.9746,0.1989,0.028580,4.106
644045,520,414,934,231,1,187,339.68,0.9989,0.5673,0.206012,49,11,21,7.79,0.6683,0.1170,0.009466,4.305
644052,520,464,984,177,68,197,321.10,0.7837,0.5199,0.175137,23,1,12,349.44,0.8010,0.0515,0.002304,4.304
644061,520,378,898,255,56,41,29.44,1.0000,0.5952,0.242522,65,4,65,328.24,0.8619,0.1640,0.015925,4.437
644067,520,359,879,210,76,251,317.09,0.9750,0.6169,0.258371,21,35,91,268.41,0.7883,0.1801,0.021167,4.333
644094,520,368,888,244,6,209,336.73,0.9967,0.6053,0.239698,74,5,44,352.58,0.8406,0.1705,0.017465,4.294
644110,520,475,995,223,4,108,3.68,0.9921,0.5164,0.168603,1,4,12,256.46,0.6499,0.0328,0.001198,4.270
644117,520,434,954,194,18,247,315.26,0.9876,0.5485,0.186187,8,28,0,136.11,1.0000,0.1004,0.008821,4.015
644121,520,257,777,246,114,243,328.36,0.9618,0.7127,0.381009,5,74,69,186.94,0.9472,0.2739,0.053592,4.161
644184,520,298,818,244,89,224,333.27,0.9416,0.6669,0.317623,22,54,97,256.70,0.6972,0.2346,0.036718,4.239
644189,520,446,966,232,43,54,24.67,0.9500,0.5398,0.191529,3,20,14,169.36,0.7427,0.0764,0.005514,4.351
644198,520,414,934,244,48,75,20.28,0.9447,0.5712,0.218584,30,28,15,100.55,0.3471,0.1217,0.011410,4.374
644200,520,422,942,158,83,254,299.32,0.9887,0.5573,0.206117,37,9,50,312.98,0.7415,0.1096,0.008190,4.401
644213,520,362,882,230,4,255,322.76,1.0000,0.6111,0.241321,25,1,124,273.30,0.9982,0.1752,0.016835,4.359
644250,520,365,885,236,61,205,336.35,0.9192,0.6147,0.255808,8,48,3,141.12,0.9868,0.1682,0.021720,4.264
644258,520,447,967,199,66,173,336.56,0.7765,0.5385,0.190574,14,16,32,277.13,0.4078,0.0820,0.005682,4.320
644290,520,400,920,229,24,199,335.99,0.9727,0.5762,0.214374,54,20,5,43.44,0.7768,0.1375,0.012957,4.199
644296,520,358,878,252,51,166,351.60,0.9729,0.6165,0.258197,71,23,28,16.92,0.6416,0.1796,0.020364,4.380
644308,520,461,981,194,8,226,320.12,0.9915,0.5287,0.171355,23,2,8,1.36,0.7342,0.0524,0.002431,4.222
644327,520,401,921,222,94,5,45.45,0.9883,0.5763,0.235485,17,37,34,183.40,0.4247,0.1430,0.015578,4.353
644347,520,301,821,223,114,230,325.07,0.8521,0.6727,0.334375,20,62,42,159.70,0.7645,0.2284,0.037610,4.387
644354,520,445,965,158,83,235,303.01,0.8539,0.5417,0.194542,16,20,3,119.80,0.7177,0.0831,0.006170,4.354
644360,520,295,815,233,103,249,323.16,0.9674,0.6822,0.338657,83,44,10,56.73,0.7870,0.2390,0.036625,4.487
644388,520,459,979,151,83,231,301.21,0.8342,0.5297,0.185357,13,9,23,295.92,0.4225,0.0614,0.003428,4.405
644390,520,468,988,208,24,166,340.56,0.9321,0.5180,0.168185,13,3,14,324.54,0.5792,0.0437,0.001824,4.210
644395,520,369,889,177,120,201,315.40,0.5763,0.6064,0.269978,21,45,27,150.54,0.5948,0.1685,0.021153,4.497
644417,520,463,983,209,27,174,338.31,0.9294,0.5258,0.173973,2,11,5,156.80,0.7129,0.0491,0.002632,4.255
644418,520,464,984,190,9,220,320.44,0.9885,0.5174,0.163113,15,0,31,303.87,1.0000,0.0495,0.002005,4.098
644441,520,474,994,175,26,248,309.49,0.9770,0.5228,0.166310,1,3,18,266.42,0.8428,0.0331,0.001152,4.229
644470,520,422,942,216,80,109,10.70,0.7410,0.5592,0.214427,40,16,23,2.63,0.4616,0.1100,0.008836,4.494
644475,520,419,939,212,9,223,325.60,0.9921,0.5575,0.195221,0,32,16,157.93,1.0000,0.1123,0.010704,4.040
644488,520,430,950,144,92,253,293.45,0.9742,0.5537,0.206754,38,9,35,331.87,0.6533,0.1009,0.007288,4.482
644510,520,352,872,248,88,68,30.18,0.9525,0.6191,0.273566,27,51,15,136.57,0.8402,0.1895,0.026351,4.238
644545,520,282,802,225,141,146,16.03,0.5819,0.6875,0.371345,42,62,74,235.29,0.2970,0.2548,0.044318,4.467
644561,520,324,844,244,59,236,330.04,0.9616,0.6451,0.284199,86,16,49,356.76,0.7631,0.2080,0.025711,4.414
644574,520,463,983,204,63,142,350.07,0.7675,0.5285,0.183474,15,6,2,56.02,0.5466,0.0489,0.002362,4.459
644597,520,281,801,227,125,209,334.01,0.7671,0.6853,0.356034,55,57,73,279.27,0.1945,0.2518,0.042195,4.404
644610,520,428,948,214,17,219,327.06,0.9834,0.5601,0.198136,15,15,52,277.63,0.7227,0.0956,0.006911,4.360
644612,520,444,964,223,1,174,341.58,0.9983,0.5447,0.187682,3,4,62,267.65,0.9819,0.0790,0.004540,4.358
644615,520,432,952,242,8,63,20.43,0.9946,0.5467,0.194132,34,2,55,307.28,0.9185,0.0995,0.006594,4.314
644626,520,419,939,249,0,70,18.94,1.0000,0.5611,0.205856,48,6,19,6.43,0.7619,0.1075,0.008057,4.407
644637,520,426,946,191,53,243,314.37,0.9410,0.5601,0.200949,49,1,39,338.35,0.9001,0.1118,0.008213,4.311
644641,520,477,997,168,63,212,313.95,0.8317,0.5111,0.166342,4,1,4,327.25,0.5374,0.0231,0.000563,4.279
644671,520,411,931,218,80,126,3.08,0.7416,0.5681,0.221514,41,18,43,324.23,0.5304,0.1249,0.010785,4.467
644676,520,402,922,231,32,198,336.79,0.9604,0.5826,0.221018,6,35,35,195.08,0.7272,0.1316,0.013621,4.260
644685,520,406,926,230,76,116,8.75,0.8067,0.5813,0.232556,32,32,4,109.40,0.7981,0.1332,0.013489,4.450
644691,520,440,960,196,42,230,319.19,0.9414,0.5495,0.191063,23,13,41,297.37,0.5924,0.0906,0.006301,4.282
644707,520,478,998,163,79,198,314.71,0.7305,0.5149,0.174565,5,1,1,21.77,0.5474,0.0229,0.000562,4.441
644711,520,368,888,224,36,255,321.05,1.0000,0.6106,0.243311,9,24,110,266.51,0.9582,0.1735,0.018370,4.290
644715,520,336,856,228,102,188,341.46,0.7749,0.6405,0.296298,4,48,85,249.65,0.8859,0.2020,0.027954,4.442
644716,520,318,838,218,105,250,318.24,0.9614,0.6642,0.319123,49,54,3,115.44,0.9359,0.2170,0.032979,4.448
644737,520,38,558,248,242,208,98.92,0.7060,0.9501,0.880152,43,127,34,141.73,0.9618,0.4512,0.158072,4.470
644760,520,410,930,236,58,109,9.37,0.8828,0.5715,0.219661,39,7,68,302.25,0.8555,0.1259,0.010007,4.494
644763,520,464,984,210,5,172,339.02,0.9879,0.5195,0.167909,1,7,24,258.88,0.8270,0.0471,0.002243,4.171
644779,520,394,914,214,82,189,335.86,0.7842,0.5913,0.240068,22,36,36,195.98,0.2669,0.1442,0.015597,4.422
644784,520,300,820,222,120,213,330.50,0.7651,0.6719,0.337684,6,66,11,143.76,0.9885,0.2316,0.039591,4.327
644796,520,406,926,190,73,239,313.98,0.9054,0.5754,0.219454,51,2,60,320.70,0.9091,0.1320,0.010736,4.437
644805,520,453,973,236,18,43,25.02,0.9882,0.5339,0.184431,27,6,24,333.18,0.6141,0.0730,0.004292,4.318
644810,520,478,998,228,8,10,28.84,0.9957,0.5116,0.166926,1,1,12,274.56,0.8685,0.0231,0.000547,4.292
644822,520,285,805,242,95,250,325.64,0.9786,0.6859,0.339662,79,53,19,70.59,0.6718,0.2547,0.042557,4.210
644889,520,319,839,244,71,227,332.33,0.9499,0.6497,0.292884,23,59,28,146.58,0.8271,0.2162,0.033938,4.085
644901,520,469,989,217,48,88,13.28,0.8762,0.5197,0.175727,10,6,3,67.75,0.3266,0.0440,0.002014,4.340
644908,520,341,861,253,17,220,335.96,0.9935,0.6304,0.264541,58,42,19,74.79,0.5326,0.1962,0.026026,4.137
644925,520,393,913,237,35,182,342.84,0.9524,0.5863,0.225869,43,29,26,32.38,0.2415,0.1438,0.014670,4.266
644932,520,420,940,236,54,47,27.98,0.9417,0.5559,0.206796,21,24,33,270.39,0.2120,0.1083,0.009225,4.336
644933,520,416,936,244,2,127,0.95,0.9978,0.5657,0.208122,46,16,15,23.91,0.5747,0.1177,0.009860,4.312
644936,520,472,992,173,14,252,308.32,0.9905,0.5191,0.162275,12,1,6,347.30,0.7103,0.0340,0.001130,4.152
644941,520,344,864,242,36,241,328.48,0.9830,0.6309,0.264926,39,30,101,282.03,0.7739,0.1937,0.022994,4.314
644962,520,432,952,226,50,129,359.13,0.8691,0.5517,0.200376,42,2,44,326.14,0.8590,0.1034,0.007176,4.379
644965,520,473,993,205,46,162,341.60,0.8437,0.5237,0.175438,7,4,0,88.03,1.0000,0.0346,0.001320,4.393
644970,520,443,963,193,1,239,316.91,0.9992,0.5362,0.175926,32,11,11,21.26,0.4994,0.0844,0.005706,4.056
645006,520,462,982,212,29,172,339.74,0.9255,0.5312,0.178565,10,6,24,292.01,0.5706,0.0530,0.002607,4.345
645022,520,438,958,194,56,217,321.47,0.8853,0.5478,0.193089,10,21,24,216.83,0.3198,0.0875,0.006668,4.290
645023,520,463,983,222,53,30,31.15,0.9517,0.5252,0.181723,19,1,27,315.25,0.8608,0.0537,0.002393,4.423
645031,520,347,867,244,97,89,26.19,0.9031,0.6277,0.285068,24,52,33,152.81,0.6028,0.1948,0.027599,4.318
645036,520,431,951,226,21,169,344.00,0.9634,0.5528,0.195723,35,17,14,30.18,0.4005,0.1014,0.007900,4.244
645050,520,306,826,185,133,250,302.84,0.8924,0.6691,0.339919,4,66,15,145.12,0.9914,0.2315,0.039566,4.353
645058,520,436,956,214,39,193,334.00,0.9191,0.5527,0.195996,41,1,29,342.64,0.8737,0.0907,0.005819,4.407
645059,520,397,917,253,19,82,16.70,0.9886,0.5760,0.219613,28,23,76,281.32,0.7388,0.1449,0.013814,4.225
645065,520,213,733,247,140,253,325.22,0.9887,0.7593,0.456242,56,79,9,127.11,0.9380,0.3016,0.064523,4.420
645068,520,472,992,214,57,50,27.63,0.9000,0.5152,0.174552,2,2,21,274.45,0.8726,0.0334,0.001105,4.394
645073,520,419,939,241,52,34,30.05,0.9616,0.5631,0.212756,22,26,9,120.04,0.5108,0.1065,0.009291,4.432
645091,520,358,878,231,53,235,327.14,0.9563,0.6183,0.255357,20,30,102,269.82,0.8889,0.1802,0.020365,4.340
645093,520,343,863,243,59,209,336.89,0.9385,0.6274,0.267889,69,24,58,338.11,0.6180,0.1900,0.022241,4.400
645104,520,448,968,220,31,156,347.00,0.9223,0.5390,0.185984,26,8,24,331.50,0.5354,0.0751,0.004593,4.323
645118,520,342,862,241,42,237,329.16,0.9761,0.6295,0.264738,79,16,42,0.01,0.7436,0.1907,0.022003,4.371
645120,520,453,973,216,69,2,38.19,0.9958,0.5296,0.188620,25,3,26,326.25,0.7406,0.0655,0.003464,4.463
645121,520,359,879,240,68,194,340.79,0.9024,0.6220,0.265574,32,35,85,276.56,0.6495,0.1824,0.021650,4.404
645128,520,404,924,214,66,194,333.89,0.8433,0.5756,0.220897,14,33,37,212.82,0.4366,0.1304,0.013146,4.290
645142,520,439,959,240,24,93,12.20,0.9723,0.5532,0.199721,1,2,75,265.05,0.9955,0.0913,0.005578,4.493
645189,520,408,928,216,78,156,348.94,0.7551,0.5736,0.224502,62,4,8,23.47,0.9340,0.1318,0.011287,4.479
645193,520,407,927,242,55,6,33.28,0.9946,0.5663,0.216261,31,31,28,106.82,0.0627,0.1349,0.013551,4.190
645195,520,324,844,220,110,204,333.05,0.7511,0.6484,0.307290,6,59,13,144.68,0.9838,0.2072,0.031956,4.360
645207,520,341,861,245,52,214,335.91,0.9551,0.6285,0.267264,88,6,35,7.87,0.8894,0.1985,0.023267,4.330
645211,520,298,818,250,61,254,327.18,0.9968,0.6679,0.308201,30,57,79,244.78,0.4868,0.2348,0.037666,4.086
645233,520,466,986,225,22,93,10.02,0.9616,0.5212,0.173745,24,3,4,19.68,0.7240,0.0549,0.002681,4.247
645239,520,480,1000,212,4,152,345.89,0.9887,0.5123,0.163532,0,0,0,0.00,0.0000,0.0000,0.000000,4.271
645244,520,403,923,252,19,100,11.28,0.9855,0.5780,0.220850,63,2,5,25.25,0.9721,0.1311,0.011113,4.432
645246,520,344,864,255,64,163,353.99,1.0000,0.6310,0.275746,62,36,43,2.41,0.3365,0.1942,0.024604,4.366
645248,520,362,882,231,43,227,329.18,0.9628,0.6064,0.242652,8,41,85,257.31,0.8442,0.1839,0.022932,4.013
645260,520,410,930,255,5,65,20.76,1.0000,0.5741,0.217541,49,12,48,328.85,0.6945,0.1315,0.011294,4.365
645297,520,450,970,207,27,201,329.88,0.9511,0.5390,0.182683,16,15,0,107.02,1.0000,0.0695,0.004518,4.268
645300,520,200,720,253,158,170,11.77,0.9101,0.7655,0.482411,25,90,24,142.86,0.9634,0.3213,0.075847,4.231
645305,520,318,838,253,115,5,47.99,0.9960,0.6632,0.331584,0,63,1,142.72,1.0000,0.2184,0.035570,4.459
645313,520,405,925,211,26,243,320.54,0.9820,0.5757,0.210606,19,23,66,274.21,0.7180,0.1279,0.011445,4.241
645315,520,453,973,232,28,77,16.64,0.9636,0.5347,0.185252,12,13,20,278.26,0.2169,0.0674,0.004165,4.343
645327,520,471,991,208,65,87,15.84,0.7925,0.5194,0.178808,5,4,11,291.48,0.3790,0.0368,0.001433,4.449
645333,520,462,982,231,37,15,30.51,0.9848,0.5303,0.183496,0,0,46,264.05,1.0000,0.0497,0.001972,4.493
645346,520,239,759,251,120,247,328.60,0.9835,0.7306,0.406600,6,79,48,158.17,0.9748,0.2835,0.058438,4.211
645347,520,465,985,196,74,133,353.40,0.6934,0.5242,0.183285,16,5,7,6.09,0.4041,0.0494,0.002341,4.457
645357,520,382,902,249,2,188,343.39,0.9987,0.6023,0.238173,39,37,29,95.58,0.1616,0.1607,0.018432,4.211
645362,520,471,991,202,41,172,337.25,0.8669,0.5199,0.171229,9,5,2,69.35,0.4151,0.0401,0.001710,4.278
645366,520,446,966,238,17,80,15.68,0.9836,0.5436,0.191605,11,1,61,276.87,0.9891,0.0784,0.004298,4.450
645382,520,2,522,255,255,255,0.00,0.0000,1.0000,1.000000,15,138,65,150.23,0.9868,0.4846,0.186594,4.438
645390,520,474,994,219,52,44,28.19,0.9256,0.5195,0.177005,8,0,5,339.56,1.0000,0.0255,0.000626,4.484
645394,520,428,948,220,61,147,351.90,0.8191,0.5576,0.206621,10,23,34,245.49,0.4465,0.0979,0.007928,4.430
645396,520,466,986,176,37,233,312.74,0.9464,0.5171,0.164374,2,7,21,260.31,0.6706,0.0463,0.002190,4.108
645410,520,374,894,205,101,179,337.70,0.6606,0.5996,0.255428,15,45,12,141.86,0.9176,0.1620,0.020048,4.360
645432,520,432,952,159,77,255,300.11,1.0000,0.5512,0.198990,49,0,1,27.47,1.0000,0.0963,0.006553,4.403
645465,520,454,974,200,22,210,325.62,0.9652,0.5308,0.175081,17,11,28,298.79,0.4559,0.0719,0.004424,4.136
645468,520,303,823,244,84,245,327.61,0.9640,0.6735,0.321689,63,45,79,307.68,0.4165,0.2344,0.034981,4.374
645505,520,310,830,227,95,241,323.75,0.9292,0.6580,0.308681,27,61,20,140.34,0.8878,0.2235,0.036209,4.161
645515,520,189,709,251,148,249,327.74,0.9796,0.7759,0.485307,37,84,84,195.36,0.5488,0.3230,0.073738,4.326
645529,520,451,971,231,50,18,31.98,0.9793,0.5401,0.193168,14,11,36,285.23,0.5984,0.0742,0.004601,4.454
645552,520,348,868,237,86,185,343.91,0.8537,0.6321,0.281655,21,52,5,137.21,0.9686,0.1879,0.026263,4.349
645571,520,307,827,246,104,195,343.93,0.9055,0.6747,0.334363,56,56,14,109.29,0.7448,0.2318,0.037008,4.418
645578,520,442,962,214,49,163,343.75,0.8540,0.5431,0.191394,4,12,47,266.74,0.8746,0.0777,0.004940,4.394
645594,520,297,817,255,62,255,328.11,1.0000,0.6775,0.319282,99,28,10,34.88,0.8915,0.2406,0.035055,4.342
645597,520,1,521,255,255,255,0.00,0.0000,1.0000,1.000000,23,138,48,145.89,0.9835,0.4832,0.185717,4.454
645617,520,402,922,255,24,76,18.75,1.0000,0.5808,0.224389,14,17,82,271.34,0.9218,0.1297,0.011034,4.496
645634,520,404,924,234,60,131,0.97,0.8632,0.5764,0.223657,31,26,41,299.40,0.2911,0.1277,0.011902,4.421
645661,520,347,867,147,134,241,287.10,0.7882,0.6263,0.296038,20,52,35,158.07,0.6625,0.1932,0.027260,4.479
645664,520,350,870,238,95,134,6.32,0.8077,0.6257,0.280856,48,37,68,299.23,0.4251,0.1903,0.023689,4.490
645665,520,445,965,232,25,116,3.23,0.9562,0.5437,0.191150,26,16,5,69.78,0.5306,0.0845,0.006012,4.305
645711,520,428,948,213,17,222,326.06,0.9842,0.5605,0.198230,43,2,43,328.23,0.8546,0.1045,0.007315,4.331
645743,520,401,921,246,52,71,22.06,0.9517,0.5776,0.225072,10,23,81,267.35,0.9040,0.1377,0.012713,4.386
645752,520,321,841,175,129,245,300.38,0.8287,0.6473,0.314073,52,51,23,106.87,0.5139,0.2140,0.031596,4.462
645764,520,248,768,219,154,185,349.23,0.5046,0.7188,0.416754,2,80,14,144.31,0.9974,0.2801,0.057817,4.329
645765,520,386,906,236,67,138,359.49,0.8504,0.5894,0.236851,9,38,57,241.33,0.6951,0.1543,0.017396,4.256
645790,520,431,951,197,29,232,319.28,0.9674,0.5454,0.185768,10,25,24,190.13,0.4050,0.0987,0.008257,4.047
645796,520,380,900,222,74,195,335.95,0.8421,0.5981,0.243695,45,33,32,23.93,0.1818,0.1585,0.017499,4.351
645812,520,424,944,220,26,205,332.16,0.9661,0.5644,0.203645,43,11,29,348.45,0.6174,0.1091,0.008417,4.342
645839,520,458,978,195,73,158,341.50,0.7187,0.5325,0.188375,10,11,10,145.44,0.0471,0.0575,0.003258,4.476
645846,520,473,993,202,64,129,355.36,0.7534,0.5206,0.178103,1,3,4,222.28,0.3978,0.0261,0.000803,4.490
645865,520,411,931,225,34,195,336.19,0.9479,0.5709,0.210942,50,9,38,341.66,0.7122,0.1235,0.010135,4.339
645866,520,455,975,229,37,77,17.14,0.9418,0.5334,0.185199,16,2,42,293.14,0.9050,0.0643,0.003207,4.420
645867,520,331,851,219,93,237,322.49,0.9035,0.6411,0.290050,60,42,23,66.73,0.4593,0.1998,0.026785,4.429
645875,520,388,908,207,59,239,319.68,0.9307,0.5870,0.226270,42,30,36,347.24,0.2058,0.1486,0.015482,4.219
645886,520,61,581,240,230,245,314.71,0.4916,0.9268,0.817117,42,121,45,143.85,0.9402,0.4328,0.143559,4.480
645901,520,473,993,161,91,172,322.02,0.5843,0.5153,0.180385,2,4,13,266.29,0.5491,0.0344,0.001288,4.492
645932,520,468,988,199,58,159,341.47,0.7878,0.5223,0.176733,10,3,3,20.38,0.4094,0.0362,0.001362,4.414
645948,520,419,939,190,85,200,324.10,0.7464,0.5643,0.216156,32,22,25,358.86,0.1955,0.1119,0.009511,4.472
645967,520,423,943,229,5,185,339.80,0.9938,0.5632,0.202720,0,19,71,262.15,1.0000,0.1136,0.009206,4.268
645969,520,419,939,198,47,237,317.97,0.9420,0.5616,0.201547,32,13,47,307.31,0.6505,0.1061,0.008002,4.337
645974,520,435,955,222,61,106,8.91,0.8313,0.5467,0.199103,7,3,73,270.18,0.9876,0.0940,0.005913,4.455
645996,520,426,946,168,85,239,305.57,0.8734,0.5605,0.210544,20,27,3,123.17,0.8247,0.1064,0.009392,4.387
646018,520,414,934,252,5,44,24.93,0.9979,0.5651,0.209896,10,29,42,240.84,0.5480,0.1192,0.011104,4.253
646026,520,321,841,243,89,195,342.14,0.9004,0.6504,0.301423,10,50,82,247.49,0.7819,0.2073,0.029548,4.418
646080,520,454,974,195,79,136,352.46,0.6679,0.5308,0.189733,18,7,39,294.85,0.7210,0.0732,0.004270,4.417
646103,520,462,982,185,38,228,316.58,0.9414,0.5277,0.173032,5,11,2,132.93,0.7087,0.0508,0.002760,4.227
646109,520,367,887,252,29,172,348.94,0.9777,0.6071,0.245562,55,29,52,331.22,0.4456,0.1726,0.019390,4.259
646146,520,352,872,210,89,231,321.47,0.8709,0.6188,0.266175,75,28,11,39.47,0.7722,0.1925,0.023508,4.301
646161,520,347,867,223,83,234,324.77,0.9074,0.6329,0.278170,67,29,54,342.08,0.5223,0.1929,0.023385,4.472
646165,520,398,918,215,42,226,325.37,0.9506,0.5780,0.215960,11,10,96,269.31,0.9777,0.1360,0.011327,4.337
646175,520,374,894,217,83,187,337.50,0.7854,0.5964,0.245281,49,27,60,313.49,0.5205,0.1646,0.017631,4.366
646178,520,353,873,254,6,196,342.29,0.9970,0.6167,0.251900,12,0,132,267.38,1.0000,0.1790,0.017439,4.477
646189,520,422,942,218,11,218,328.34,0.9904,0.5650,0.202089,5,32,13,150.51,0.9127,0.1142,0.010943,4.136
646191,520,439,959,237,38,60,22.80,0.9599,0.5476,0.197202,43,5,4,27.41,0.8703,0.0924,0.006310,4.390
646193,520,171,691,232,179,218,336.02,0.6282,0.7981,0.544592,65,89,1,125.67,0.9941,0.3399,0.082707,4.480
646199,520,473,993,215,0,160,343.97,1.0000,0.5214,0.169875,1,3,20,266.78,0.8729,0.0344,0.001221,4.293
646201,520,460,980,225,40,70,19.35,0.9344,0.5258,0.179702,1,11,25,249.93,0.7985,0.0566,0.003160,4.321
646218,520,466,986,167,80,190,318.79,0.7058,0.5168,0.176714,4,12,9,171.81,0.4140,0.0545,0.003085,4.271
646223,520,420,940,232,63,62,25.84,0.9072,0.5586,0.210616,41,11,28,347.96,0.5993,0.1052,0.007947,4.498
646235,520,340,860,242,39,247,327.10,0.9828,0.6363,0.270464,67,37,4,63.05,0.8521,0.1958,0.025254,4.258
646240,520,379,899,251,67,62,26.96,0.9774,0.5996,0.248749,49,25,62,312.41,0.5693,0.1621,0.016961,4.462
646245,520,434,954,228,49,115,4.74,0.8817,0.5500,0.199312,37,14,13,23.80,0.5003,0.0983,0.007365,4.346
646248,520,431,951,238,29,82,15.78,0.9658,0.5487,0.196683,6,17,58,266.60,0.8714,0.0994,0.007451,4.294
646257,520,460,980,172,50,246,308.10,0.9525,0.5319,0.177065,25,5,14,353.03,0.5851,0.0638,0.003470,4.247
646259,520,464,984,214,45,109,4.11,0.8595,0.5174,0.172795,7,5,22,286.75,0.5948,0.0469,0.002116,4.275
646262,520,385,905,252,47,107,10.95,0.9755,0.5935,0.237936,4,38,54,233.60,0.8230,0.1503,0.016783,4.312
646281,520,360,880,209,82,251,316.51,0.9727,0.6222,0.265564,50,26,85,298.39,0.7024,0.1836,0.020728,4.462
646291,520,474,994,222,47,14,32.15,0.9818,0.5189,0.175971,5,0,22,291.44,1.0000,0.0318,0.000902,4.439
646355,520,372,892,245,92,14,40.90,0.9854,0.6147,0.271017,25,46,8,133.87,0.8971,0.1708,0.021781,4.472
646360,520,396,916,211,41,240,320.99,0.9622,0.5809,0.217278,58,14,19,17.44,0.7054,0.1380,0.012608,4.269
646374,520,437,957,179,61,246,309.67,0.9460,0.5521,0.195759,21,17,28,300.91,0.2779,0.0887,0.006442,4.354
646391,520,461,981,233,25,20,28.90,0.9842,0.5283,0.180725,12,1,33,295.04,0.9219,0.0502,0.002097,4.429
646402,520,412,932,203,58,223,322.52,0.9021,0.5683,0.210520,17,12,76,275.63,0.9178,0.1169,0.009039,4.413
646403,520,415,935,245,45,80,18.53,0.9484,0.5720,0.218719,50,13,22,8.46,0.6379,0.1220,0.010240,4.461
646405,520,422,942,230,25,165,346.25,0.9574,0.5599,0.202376,19,7,73,279.28,0.9348,0.1083,0.007714,4.373
646410,520,406,926,220,31,221,328.01,0.9679,0.5771,0.214183,58,6,24,5.46,0.8021,0.1295,0.010959,4.334
646423,520,421,941,192,39,250,313.61,0.9758,0.5574,0.195609,11,28,18,156.63,0.5348,0.1061,0.009453,4.131
646436,520,418,938,186,67,241,312.62,0.9192,0.5644,0.208054,47,2,58,318.58,0.9077,0.1232,0.009533,4.335
646439,520,457,977,233,21,32,27.05,0.9863,0.5275,0.179674,27,0,28,326.98,1.0000,0.0638,0.003169,4.320
646450,520,349,869,227,70,243,323.90,0.9503,0.6313,0.271844,33,46,51,223.49,0.2132,0.1893,0.025163,4.282
646455,520,458,978,171,43,249,307.50,0.9691,0.5277,0.172260,4,16,10,163.12,0.5773,0.0649,0.004183,4.102
646466,520,364,884,229,61,210,333.15,0.9130,0.6056,0.246511,26,25,96,275.26,0.8614,0.1679,0.017593,4.387
646470,520,463,983,199,20,217,323.58,0.9732,0.5335,0.176539,1,7,27,260.88,0.8688,0.0491,0.002375,4.325
646471,520,330,850,211,93,255,315.57,1.0000,0.6414,0.288990,40,27,123,279.18,0.8878,0.2139,0.026649,4.423
646483,520,477,997,223,22,54,22.10,0.9761,0.5090,0.165310,4,1,1,21.00,0.4725,0.0215,0.000497,4.264
646487,520,471,991,158,65,243,303.17,0.9251,0.5248,0.175212,15,1,7,349.55,0.7444,0.0382,0.001386,4.383
646493,520,475,995,171,73,198,318.32,0.7618,0.5180,0.175012,0,2,21,262.99,1.0003,0.0310,0.000976,4.414
646523,520,373,893,250,68,33,32.72,0.9763,0.5958,0.245716,49,34,1,83.38,0.9519,0.1600,0.017993,4.349
646524,520,360,880,228,80,196,337.44,0.8447,0.6155,0.262192,68,22,46,350.78,0.6159,0.1790,0.020002,4.460
646525,520,476,996,189,18,216,321.06,0.9730,0.5150,0.162107,0,3,1,156.67,1.0000,0.0232,0.000673,4.186
646531,520,425,945,201,46,235,319.32,0.9432,0.5642,0.203712,35,9,48,312.23,0.7300,0.1051,0.007661,4.400
646540,520,402,922,229,55,179,342.41,0.8880,0.5834,0.226477,18,23,74,272.72,0.8026,0.1349,0.012357,4.434
646543,520,473,993,210,11,164,341.56,0.9721,0.5164,0.166235,12,0,9,335.46,1.0000,0.0323,0.000979,4.242
646544,520,434,954,194,15,250,314.65,0.9908,0.5502,0.187145,12,27,4,135.29,0.8795,0.1005,0.008708,4.039
646551,520,416,936,226,23,205,333.64,0.9749,0.5741,0.211918,40,22,7,59.08,0.6063,0.1184,0.010403,4.336
646553,520,465,985,164,85,185,318.84,0.6633,0.5171,0.178931,6,7,26,276.85,0.6102,0.0530,0.002652,4.348
646555,520,434,954,237,20,122,1.83,0.9714,0.5540,0.199131,31,0,67,296.37,1.0000,0.1048,0.006966,4.373
646558,520,362,882,254,31,174,348.81,0.9922,0.6126,0.251103,28,34,91,273.55,0.7350,0.1825,0.021462,4.213
646578,520,38,558,230,247,212,128.50,0.6819,0.9469,0.880977,60,125,24,137.16,0.9649,0.4515,0.156934,4.499
646585,520,441,961,226,54,85,16.36,0.8859,0.5422,0.194657,6,8,60,270.20,0.9453,0.0854,0.005386,4.417
646587,520,460,980,220,0,166,343.29,1.0000,0.5344,0.179713,5,10,33,268.96,0.6961,0.0631,0.003591,4.286
646610,520,365,885,235,69,184,342.81,0.8738,0.6093,0.253818,34,36,61,279.33,0.3836,0.1681,0.019387,4.379
646621,520,462,982,234,29,25,28.65,0.9801,0.5326,0.184445,3,7,18,261.69,0.5245,0.0456,0.002150,4.496
646626,520,356,876,234,37,247,325.23,0.9813,0.6219,0.255334,8,26,116,265.91,0.9603,0.1842,0.020512,4.330
646649,520,437,957,235,47,78,18.55,0.9296,0.5528,0.202483,14,22,21,186.72,0.2024,0.0918,0.007213,4.413
646663,520,161,681,253,165,248,328.78,0.9899,0.8081,0.545722,48,88,99,217.55,0.4376,0.3480,0.085084,4.410
646677,520,386,906,238,36,186,341.91,0.9539,0.5908,0.229870,29,37,17,126.71,0.4819,0.1471,0.016248,4.225
646681,520,417,937,214,64,182,337.77,0.8289,0.5669,0.213424,5,31,27,181.45,0.7468,0.1152,0.010913,4.325
646693,520,443,963,191,41,224,319.23,0.9325,0.5362,0.180455,20,15,18,341.50,0.1414,0.0787,0.005341,4.164
646695,520,397,917,218,9,240,323.13,0.9951,0.5805,0.213941,7,34,49,236.81,0.6987,0.1365,0.014109,4.117
646698,520,344,864,246,9,247,328.13,0.9977,0.6337,0.265065,41,29,96,285.15,0.7477,0.1888,0.021946,4.379
646701,520,410,930,241,57,20,32.61,0.9801,0.5666,0.216808,32,25,47,297.68,0.4004,0.1300,0.012076,4.298
646712,520,466,986,139,75,250,294.35,0.9589,0.5201,0.174233,7,9,3,121.19,0.4294,0.0483,0.002471,4.273
646715,520,440,960,244,2,64,20.13,0.9987,0.5499,0.196502,37,4,28,340.41,0.7480,0.0877,0.005640,4.430
646720,520,445,965,240,4,45,24.23,0.9977,0.5392,0.188049,32,8,19,353.69,0.5672,0.0819,0.005278,4.306
646726,520,472,992,108,91,254,281.17,0.9912,0.5175,0.178256,0,4,7,227.14,1.0000,0.0294,0.001022,4.474
646744,520,401,921,217,78,160,347.55,0.7623,0.5771,0.227408,53,17,43,339.67,0.6071,0.1427,0.013323,4.381
646749,520,473,993,216,22,144,349.89,0.9410,0.5214,0.171888,5,1,18,294.10,0.8360,0.0320,0.000976,4.353
646751,520,453,973,194,31,214,322.81,0.9454,0.5275,0.173059,14,15,21,277.56,0.1767,0.0741,0.004891,4.064
646761,520,342,862,218,98,210,330.12,0.7983,0.6306,0.282958,25,51,7,135.31,0.9402,0.1872,0.025896,4.387
646769,520,465,985,231,2,43,24.15,0.9986,0.5191,0.172099,2,8,23,259.20,0.6935,0.0498,0.002484,4.232
646778,520,428,948,247,22,20,28.75,0.9899,0.5570,0.204021,4,27,7,146.53,0.9349,0.0964,0.008250,4.361
646780,520,322,842,248,74,213,337.22,0.9577,0.6514,0.296610,22,57,47,172.11,0.6072,0.2146,0.033019,4.175
646788,520,466,986,200,25,194,329.94,0.9443,0.5209,0.168715,9,4,33,285.74,0.7950,0.0541,0.002547,4.162
646791,520,260,780,236,127,221,332.49,0.8646,0.7069,0.382341,8,78,5,142.27,0.9926,0.2737,0.055111,4.113
646797,520,459,979,204,62,158,343.51,0.7831,0.5349,0.187532,12,7,23,296.91,0.5029,0.0563,0.002920,4.489
646833,520,408,928,206,45,228,322.41,0.9401,0.5664,0.206017,23,32,33,204.70,0.1728,0.1320,0.013250,4.048
646835,520,461,981,186,5,248,312.98,0.9966,0.5335,0.173261,18,7,1,61.99,0.7434,0.0544,0.002828,4.226
646839,520,355,875,232,53,234,327.63,0.9563,0.6193,0.256449,23,46,34,159.93,0.4816,0.1751,0.022516,4.226
646842,520,471,991,226,43,16,31.26,0.9812,0.5241,0.179368,4,1,24,283.52,0.9142,0.0350,0.001135,4.486
646845,520,447,967,213,7,200,331.74,0.9902,0.5430,0.184704,13,17,32,271.62,0.3978,0.0836,0.005907,4.198
646857,520,427,947,229,47,151,351.49,0.8901,0.5639,0.209281,12,21,48,267.51,0.6154,0.1033,0.008279,4.449
646859,520,363,883,254,34,154,355.02,0.9913,0.6054,0.245515,48,7,102,293.61,0.9382,0.1750,0.017397,4.385
646862,520,212,732,219,158,252,313.12,0.9461,0.7565,0.465430,31,85,12,139.29,0.9770,0.3056,0.068146,4.363
646877,520,467,987,214,11,151,346.80,0.9719,0.5174,0.167722,2,7,18,256.42,0.6068,0.0447,0.002085,4.180
646878,520,447,967,217,9,176,339.58,0.9831,0.5361,0.180840,12,22,1,128.84,0.9419,0.0850,0.006542,4.083
646884,520,367,887,251,78,21,36.14,0.9817,0.6081,0.260157,9,45,44,192.41,0.7405,0.1689,0.021166,4.358
646885,520,431,951,237,43,64,22.31,0.9498,0.5515,0.201056,15,22,32,257.29,0.2997,0.0975,0.007796,4.344
646888,520,424,944,228,44,142,354.28,0.8939,0.5561,0.202511,44,3,46,326.13,0.8323,0.1098,0.007979,4.355
646897,520,440,960,226,39,136,355.70,0.9039,0.5464,0.194001,0,21,44,250.39,1.0000,0.0930,0.007181,4.267
646906,520,467,987,204,78,31,38.91,0.8970,0.5206,0.183872,6,8,1,119.36,0.7260,0.0444,0.002146,4.485
646908,520,446,966,172,86,194,319.08,0.6970,0.5358,0.193222,7,18,27,243.87,0.4416,0.0791,0.005569,4.377
646940,520,256,776,243,126,236,329.53,0.9376,0.7226,0.400347,23,77,6,139.86,0.9877,0.2746,0.055029,4.288
646946,520,429,949,210,75,132,357.62,0.7332,0.5496,0.204019,44,11,5,33.68,0.7689,0.1037,0.007859,4.390
646971,520,415,935,202,56,232,320.03,0.9209,0.5714,0.212127,36,11,58,304.47,0.7589,0.1174,0.009199,4.428
646985,520,447,967,234,16,116,3.20,0.9766,0.5446,0.191270,10,19,26,242.54,0.3272,0.0832,0.006048,4.305
646987,520,424,944,230,58,125,2.29,0.8571,0.5649,0.213326,45,11,29,350.60,0.6323,0.1127,0.008860,4.474
647000,520,377,897,249,7,189,343.15,0.9956,0.6037,0.239691,15,5,115,269.56,0.9926,0.1595,0.014478,4.493
647005,520,408,928,251,7,104,9.54,0.9947,0.5741,0.216643,34,23,50,301.26,0.4799,0.1298,0.011832,4.312
647008,520,401,921,226,24,211,332.06,0.9761,0.5782,0.215276,10,6,103,268.49,0.9898,0.1408,0.011740,4.297
647021,520,443,963,209,86,36,40.39,0.8783,0.5422,0.203404,5,22,17,172.59,0.6149,0.0844,0.006465,4.488
647031,520,443,963,233,26,103,7.99,0.9585,0.5422,0.190447,14,4,56,281.04,0.9301,0.0801,0.004657,4.399
647032,520,467,987,170,7,255,306.94,1.0000,0.5158,0.159188,8,4,17,298.96,0.5423,0.0426,0.001789,4.039
647059,520,445,965,189,44,224,318.56,0.9242,0.5350,0.180033,2,10,53,265.42,0.9405,0.0785,0.004870,4.192
647080,520,397,917,227,21,215,331.28,0.9820,0.5816,0.217760,60,9,42,345.72,0.7526,0.1448,0.013234,4.234
647095,520,400,920,198,70,235,317.58,0.8987,0.5809,0.223856,40,27,34,345.51,0.2378,0.1379,0.013505,4.312
647135,520,398,918,234,69,116,8.07,0.8426,0.5807,0.230125,60,16,17,22.41,0.7081,0.1444,0.013719,4.396
647149,520,380,900,226,66,194,337.18,0.8716,0.5960,0.239626,70,6,36,358.47,0.8237,0.1594,0.015599,4.415
647155,520,479,999,229,9,26,27.25,0.9947,0.5148,0.169310,1,0,2,311.99,1.0000,0.0114,0.000108,4.377
647159,520,475,995,177,56,214,316.89,0.8639,0.5188,0.170316,14,0,4,357.68,1.0000,0.0328,0.001021,4.318
647166,520,444,964,229,34,95,10.76,0.9372,0.5358,0.186312,32,9,3,39.99,0.7194,0.0790,0.005091,4.290
647172,520,454,974,212,52,127,357.14,0.8232,0.5259,0.179876,20,12,8,48.47,0.2785,0.0691,0.004292,4.234
647178,520,469,989,168,68,222,311.05,0.8432,0.5248,0.177338,9,4,4,19.15,0.2699,0.0382,0.001537,4.411
647196,520,380,900,238,53,179,344.49,0.9137,0.5981,0.239809,64,22,27,15.43,0.6006,0.1643,0.017431,4.298
647215,520,405,925,222,71,164,346.70,0.8055,0.5792,0.227188,33,20,65,292.38,0.6764,0.1343,0.012053,4.467
647227,520,478,998,202,65,88,14.70,0.7707,0.5084,0.170438,1,0,8,284.42,1.0000,0.0165,0.000240,4.388
647255,520,302,822,255,76,231,333.96,1.0000,0.6749,0.322015,8,54,94,250.17,0.8400,0.2274,0.034979,4.378
647265,520,340,860,250,12,238,331.03,0.9966,0.6352,0.267630,70,0,96,313.06,1.0000,0.1965,0.021468,4.444
647275,520,446,966,189,59,210,321.71,0.8563,0.5377,0.186012,32,10,8,27.25,0.5572,0.0820,0.005417,4.259
647285,520,473,993,207,57,118,0.44,0.7938,0.5180,0.175018,2,2,19,275.27,0.8406,0.0321,0.001033,4.409
647312,520,467,987,226,7,97,8.16,0.9887,0.5200,0.171866,14,3,3,21.64,0.5358,0.0407,0.001651,4.296
647347,520,404,924,254,37,40,27.40,0.9959,0.5800,0.225510,25,26,56,279.62,0.5170,0.1314,0.012310,4.422
647349,520,455,975,177,81,177,327.48,0.6797,0.5251,0.184074,13,10,25,291.56,0.4312,0.0644,0.003728,4.357
647350,520,448,968,141,91,245,293.76,0.8994,0.5421,0.197375,11,17,35,268.52,0.4832,0.0839,0.005934,4.423
647365,520,355,875,172,123,219,306.39,0.6596,0.6164,0.280515,13,52,3,139.88,0.9869,0.1839,0.025480,4.379
647374,520,388,908,250,20,149,355.38,0.9816,0.5901,0.229977,26,31,63,274.57,0.5224,0.1497,0.015584,4.269
647383,520,429,949,120,101,253,283.54,0.9754,0.5451,0.203918,42,10,3,36.77,0.8184,0.0980,0.007160,4.442
647384,520,259,779,218,149,197,338.48,0.5670,0.7122,0.404329,2,75,61,174.58,0.9843,0.2733,0.053817,4.376
647387,520,400,920,249,18,135,359.61,0.9829,0.5822,0.223251,20,37,9,134.87,0.8061,0.1382,0.014915,4.209
647402,520,458,978,220,39,115,2.31,0.8930,0.5268,0.179071,3,0,54,269.09,1.0000,0.0619,0.002857,4.334
647413,520,368,888,215,71,239,321.56,0.9263,0.6108,0.251873,77,14,0,35.37,1.0000,0.1746,0.018921,4.380
647427,520,452,972,181,63,213,318.14,0.8435,0.5315,0.181840,25,2,34,315.54,0.8310,0.0688,0.003656,4.321
647435,520,331,851,233,74,230,328.71,0.9253,0.6365,0.279367,51,45,39,67.27,0.1268,0.2001,0.027271,4.262
647437,520,377,897,241,69,128,4.50,0.8760,0.5973,0.245186,48,33,32,23.10,0.2238,0.1626,0.018204,4.328
647468,520,470,990,224,44,56,23.95,0.9368,0.5244,0.179370,16,0,18,324.67,1.0000,0.0418,0.001538,4.450
647469,520,342,862,245,21,245,328.32,0.9933,0.6332,0.265442,15,21,122,268.28,0.9691,0.1869,0.020429,4.479
647477,520,449,969,210,62,144,350.71,0.7874,0.5391,0.191627,27,10,2,52.11,0.7171,0.0728,0.004545,4.430
647484,520,1,521,255,255,255,0.00,0.0000,1.0000,1.000000,30,138,21,142.03,0.9870,0.4821,0.185064,4.467
647487,520,474,994,182,42,219,317.75,0.9171,0.5185,0.167167,8,2,1,38.46,0.5732,0.0302,0.000972,4.260
647488,520,398,918,246,56,7,33.23,0.9943,0.5753,0.224400,10,36,45,224.02,0.6160,0.1415,0.015157,4.211
647491,520,387,907,213,62,224,325.02,0.9077,0.5887,0.229751,21,7,103,273.99,0.9793,0.1484,0.012906,4.447
647502,520,321,841,158,136,250,290.38,0.8793,0.6468,0.317794,22,54,65,223.20,0.5477,0.2133,0.031904,4.491
647525,520,448,968,226,30,140,353.82,0.9319,0.5430,0.189935,15,19,12,132.04,0.2438,0.0817,0.005938,4.289
647528,520,447,967,223,36,136,354.89,0.9067,0.5387,0.187299,28,1,48,306.06,0.9453,0.0828,0.004820,4.329
647548,520,468,988,206,33,161,341.85,0.8926,0.5160,0.167848,6,0,25,291.26,1.0000,0.0353,0.001089,4.264
647550,520,413,933,240,49,93,14.39,0.9246,0.5676,0.215154,12,32,18,151.93,0.6294,0.1191,0.011548,4.308
647551,520,446,966,150,83,245,298.14,0.9114,0.5400,0.192633,29,11,4,45.24,0.6103,0.0781,0.005094,4.404
647559,520,433,953,204,94,43,43.10,0.8232,0.5472,0.210192,4,22,51,258.57,0.8099,0.1034,0.008386,4.456
647562,520,282,802,175,154,231,296.08,0.6436,0.6902,0.379947,10,72,13,143.37,0.9838,0.2538,0.047281,4.420
647602,520,363,883,228,80,179,343.33,0.8157,0.6069,0.254884,8,37,83,259.59,0.8558,0.1715,0.019992,4.356
647603,520,402,922,212,22,246,320.18,0.9869,0.5783,0.212265,39,27,14,67.76,0.4218,0.1302,0.012469,4.198
647605,520,451,971,221,22,152,348.33,0.9498,0.5350,0.182155,27,7,7,21.88,0.5582,0.0686,0.004003,4.299
647615,520,384,904,179,101,232,309.45,0.8069,0.5941,0.247180,48,31,0,79.12,1.0000,0.1508,0.016084,4.497
647627,520,453,973,156,97,182,314.78,0.5790,0.5253,0.189953,17,8,26,305.66,0.5203,0.0651,0.003674,4.471
647629,520,471,991,201,79,16,42.10,0.9462,0.5157,0.180489,10,2,15,314.40,0.6734,0.0385,0.001424,4.482
647630,520,371,891,251,41,175,348.17,0.9694,0.6123,0.251936,16,33,92,266.72,0.8539,0.1738,0.019705,4.332
647632,520,442,962,241,14,50,23.61,0.9916,0.5442,0.192485,31,2,36,321.80,0.8326,0.0792,0.004621,4.439
647638,520,399,919,211,87,163,345.50,0.7115,0.5804,0.233116,27,36,2,123.01,0.9267,0.1397,0.014991,4.356
647642,520,209,729,214,176,179,12.78,0.3111,0.7576,0.486024,38,84,52,151.68,0.7004,0.3122,0.070004,4.467
647644,520,207,727,247,155,211,343.18,0.8750,0.7663,0.479221,52,78,81,205.02,0.2790,0.3127,0.067728,4.495
647650,520,368,888,240,64,169,348.77,0.8853,0.6063,0.250596,43,9,103,289.17,0.9330,0.1717,0.016882,4.494
647652,520,442,962,235,37,31,28.59,0.9706,0.5396,0.190874,12,7,53,278.46,0.8822,0.0804,0.004871,4.390
647663,520,350,870,219,103,193,336.73,0.7359,0.6306,0.286127,3,45,85,252.13,0.9129,0.1932,0.025519,4.451
647676,520,398,918,214,78,172,341.95,0.7682,0.5776,0.227255,58,17,19,20.37,0.6611,0.1425,0.013476,4.368
647698,520,438,958,239,35,17,30.04,0.9851,0.5460,0.195966,4,7,69,267.67,0.9734,0.0931,0.006074,4.386
647699,520,470,990,197,27,205,326.07,0.9476,0.5241,0.170636,6,0,36,281.64,1.0000,0.0449,0.001661,4.271
647704,520,459,979,221,26,134,354.69,0.9350,0.5287,0.178348,5,15,5,144.06,0.6384,0.0617,0.003849,4.241
647712,520,354,874,245,92,78,28.39,0.9261,0.6206,0.276200,38,44,29,125.82,0.2934,0.1797,0.023021,4.467
647740,520,398,918,229,38,193,337.78,0.9428,0.5792,0.218971,10,38,34,182.56,0.6487,0.1425,0.015662,4.096
647750,520,332,852,237,54,249,325.31,0.9789,0.6383,0.274849,75,17,75,327.95,0.7562,0.2023,0.024050,4.387
647756,520,429,949,184,95,160,338.36,0.5819,0.5492,0.209141,5,16,65,266.52,0.9190,0.1039,0.007844,4.480
647772,520,271,791,219,137,213,329.49,0.6954,0.6976,0.377570,35,71,22,138.36,0.8912,0.2619,0.049216,4.309
647775,520,418,938,209,82,150,350.13,0.7110,0.5644,0.217939,40,24,9,62.48,0.5517,0.1233,0.011242,4.375
647785,520,327,847,253,57,216,337.27,0.9888,0.6472,0.287699,26,56,47,172.03,0.5063,0.2136,0.032531,4.092
647787,520,376,896,237,89,55,34.33,0.8964,0.5989,0.254281,6,44,44,194.98,0.8131,0.1645,0.020218,4.333
647788,520,401,921,235,2,192,339.21,0.9981,0.5779,0.215142,38,29,41,317.59,0.2458,0.1433,0.014509,4.110
647808,520,425,945,244,42,20,30.45,0.9831,0.5609,0.209430,18,20,55,276.62,0.6502,0.1109,0.009047,4.394
647819,520,464,984,219,48,83,15.40,0.8873,0.5225,0.178011,1,11,21,241.70,0.7743,0.0544,0.002999,4.302
647833,520,413,933,242,52,58,25.27,0.9456,0.5676,0.216420,34,21,43,310.36,0.4405,0.1211,0.010509,4.403
647837,520,363,883,252,21,189,343.90,0.9864,0.6125,0.249093,38,21,91,286.81,0.8094,0.1668,0.017037,4.462
647861,520,443,963,216,44,162,344.42,0.8746,0.5425,0.190113,4,1,70,268.12,0.9965,0.0849,0.004897,4.374
647880,520,371,891,245,82,96,19.56,0.9117,0.6109,0.262948,7,39,74,253.83,0.8073,0.1688,0.019905,4.477
647886,520,454,974,217,10,173,340.49,0.9806,0.5346,0.179883,28,2,26,331.10,0.7882,0.0681,0.003649,4.285
647914,520,373,893,227,6,242,324.88,0.9974,0.5968,0.228743,9,43,45,200.70,0.7127,0.1629,0.019752,3.996
647916,520,470,990,225,39,38,27.53,0.9587,0.5206,0.176014,1,0,33,268.18,1.0000,0.0368,0.001162,4.418
647926,520,445,965,219,71,28,35.76,0.9411,0.5390,0.196529,26,4,45,304.51,0.8266,0.0824,0.004959,4.486
647935,520,424,944,219,20,205,331.91,0.9757,0.5604,0.199704,17,19,61,275.49,0.7405,0.1134,0.009218,4.217
647953,520,404,924,206,39,254,316.59,0.9952,0.5825,0.217302,15,16,82,272.22,0.9229,0.1287,0.010813,4.395
647956,520,464,984,228,27,50,23.77,0.9733,0.5213,0.175111,1,12,17,222.38,0.7808,0.0548,0.003099,4.239
647963,520,409,929,253,31,8,30.19,0.9951,0.5730,0.218839,15,34,18,147.86,0.6075,0.1271,0.012892,4.275
647964,520,462,982,215,38,140,351.73,0.8821,0.5261,0.177291,21,0,15,339.11,1.0000,0.0474,0.001939,4.376
647965,520,478,998,95,102,229,276.28,0.8283,0.5058,0.175922,3,0,16,290.10,1.0000,0.0250,0.000568,4.468
647977,520,417,937,224,58,173,343.25,0.8604,0.5740,0.218930,8,19,77,267.58,0.9224,0.1244,0.010531,4.443
648003,520,330,850,250,104,10,44.31,0.9911,0.6409,0.302498,63,47,7,85.55,0.8290,0.2148,0.031052,4.349
648019,520,448,968,108,104,251,279.10,0.9590,0.5387,0.200532,30,14,1,63.81,0.8461,0.0848,0.005923,4.480
648024,520,342,862,207,111,207,327.23,0.7093,0.6330,0.291407,26,46,69,252.88,0.4721,0.1942,0.026032,4.490
648027,520,416,936,221,38,206,332.15,0.9443,0.5727,0.212169,2,15,83,264.91,0.9672,0.1214,0.009790,4.385
648030,520,458,978,225,45,79,17.03,0.9138,0.5313,0.184516,7,8,35,275.86,0.7266,0.0622,0.003402,4.392
648041,520,428,948,213,74,141,354.12,0.7502,0.5571,0.209690,2,24,42,245.11,0.8205,0.1008,0.008333,4.452
648055,520,468,988,228,23,64,19.79,0.9740,0.5216,0.174799,9,2,19,304.00,0.7323,0.0396,0.001485,4.366
648057,520,427,947,249,6,64,20.62,0.9966,0.5614,0.206438,11,20,46,267.11,0.6161,0.0987,0.007687,4.445
648074,520,332,852,228,69,251,322.29,0.9819,0.6373,0.277174,28,53,1,132.58,0.9910,0.1952,0.027952,4.197
648075,520,406,926,229,3,210,333.04,0.9975,0.5778,0.213788,30,16,75,286.61,0.8053,0.1336,0.011546,4.286
648091,520,9,529,253,252,235,104.06,0.8217,0.9852,0.965018,49,134,17,139.41,0.9862,0.4748,0.177430,4.463
648129,520,436,956,227,17,157,347.96,0.9698,0.5474,0.191688,35,10,29,337.58,0.5807,0.0943,0.006632,4.268
648131,520,454,974,206,83,36,39.56,0.8751,0.5322,0.194378,15,14,12,84.59,0.0724,0.0693,0.004422,4.490
648133,520,377,897,248,27,170,348.67,0.9735,0.5977,0.236459,0,42,55,224.07,1.0000,0.1616,0.019317,4.133
648146,520,408,928,214,80,161,346.51,0.7465,0.5750,0.226088,58,9,20,12.42,0.7715,0.1319,0.011456,4.492
648154,520,404,924,211,24,255,317.95,1.0000,0.5844,0.217239,4,30,63,255.79,0.8453,0.1340,0.013132,4.233
648156,520,412,932,215,8,234,323.76,0.9948,0.5706,0.205633,7,33,31,188.21,0.6706,0.1241,0.012318,4.102
648157,520,433,953,212,20,208,329.34,0.9736,0.5499,0.190535,34,14,29,337.15,0.4700,0.0995,0.007429,4.188
648159,520,420,940,224,7,187,338.06,0.9905,0.5553,0.195896,8,18,67,268.02,0.8922,0.1116,0.008894,4.175
648171,520,426,946,192,60,232,316.93,0.9039,0.5594,0.202657,53,4,1,31.20,0.9707,0.1109,0.008460,4.322
648181,520,299,819,245,82,242,328.65,0.9622,0.6711,0.318605,13,61,51,175.83,0.8212,0.2256,0.036619,4.255
648186,520,442,962,215,37,177,339.07,0.9092,0.5440,0.189468,14,13,38,281.80,0.5828,0.0796,0.005211,4.337
648199,520,352,872,241,67,178,346.14,0.8940,0.6150,0.259323,36,29,103,279.77,0.8082,0.1912,0.022330,4.277
648211,520,472,992,227,27,15,29.56,0.9846,0.5162,0.171522,10,0,4,349.81,1.0000,0.0276,0.000733,4.366
648217,520,397,917,254,7,91,13.83,0.9957,0.5772,0.219819,46,3,77,304.50,0.9380,0.1407,0.011818,4.365
648221,520,456,976,234,14,80,15.11,0.9853,0.5343,0.183888,20,6,22,322.65,0.5520,0.0624,0.003369,4.382
648228,520,417,937,247,7,114,5.78,0.9936,0.5687,0.211445,41,14,50,316.82,0.6600,0.1227,0.010158,4.346
648229,520,374,894,191,97,220,317.62,0.7761,0.5959,0.247942,66,21,4,40.30,0.8671,0.1620,0.017035,4.445
648243,520,368,888,253,65,122,8.02,0.9777,0.6141,0.260719,3,41,76,251.04,0.8928,0.1746,0.021269,4.360
648264,520,432,952,212,28,209,329.05,0.9594,0.5536,0.194330,15,25,28,218.35,0.2507,0.1037,0.008806,4.155
648267,520,404,924,235,61,144,356.38,0.8646,0.5840,0.230162,47,24,3,60.75,0.8033,0.1332,0.012643,4.472
648274,520,370,890,253,52,138,1.12,0.9798,0.6083,0.251771,24,33,85,271.35,0.7309,0.1717,0.019377,4.350
648288,520,387,907,229,92,53,36.44,0.8745,0.5886,0.245720,4,36,63,248.35,0.8258,0.1506,0.016464,4.449
648295,520,94,614,254,206,238,338.71,0.9821,0.8861,0.713878,26,111,81,164.49,0.8971,0.4033,0.121821,4.446
648314,520,345,865,247,59,207,338.39,0.9532,0.6333,0.274101,43,27,100,286.35,0.7814,0.1914,0.022175,4.490
648315,520,414,934,219,3,225,326.90,0.9977,0.5701,0.205636,3,17,79,265.13,0.9538,0.1205,0.009847,4.271
648320,520,288,808,252,89,219,336.79,0.9806,0.6771,0.329576,38,54,97,266.88,0.5394,0.2441,0.039133,4.259
648321,520,467,987,228,36,30,28.60,0.9681,0.5242,0.178524,4,5,18,275.87,0.5472,0.0417,0.001780,4.413
648343,520,389,909,246,33,161,351.20,0.9600,0.5924,0.232570,40,23,67,298.31,0.6368,0.1500,0.014692,4.368
648357,520,476,996,151,56,243,301.51,0.9353,0.5057,0.158791,2,1,6,294.08,0.6164,0.0213,0.000478,4.136
648364,520,452,972,131,90,251,289.43,0.9568,0.5349,0.191025,5,7,47,271.12,0.9116,0.0693,0.003894,4.472
648365,520,394,914,227,48,207,333.42,0.9323,0.5901,0.229522,47,26,23,28.62,0.3630,0.1417,0.014051,4.364
648367,520,469,989,197,28,193,329.38,0.9317,0.5163,0.165528,6,3,19,291.25,0.6642,0.0392,0.001509,4.184
648401,520,452,972,175,46,246,309.22,0.9548,0.5331,0.177226,2,9,45,265.44,0.9213,0.0688,0.003977,4.210
648416,520,408,928,219,83,112,10.52,0.7399,0.5695,0.224188,44,23,12,47.73,0.5148,0.1277,0.011749,4.440
648422,520,358,878,241,97,40,39.80,0.9340,0.6161,0.274064,8,39,89,259.86,0.8750,0.1822,0.022238,4.486
648435,520,471,991,212,46,115,1.40,0.8475,0.5163,0.171912,1,1,35,267.63,0.9874,0.0413,0.001495,4.309
648438,520,390,910,225,9,234,326.21,0.9951,0.5881,0.221457,15,27,81,268.48,0.8448,0.1487,0.014794,4.190
648453,520,418,938,239,27,127,0.78,0.9595,0.5625,0.206701,5,8,88,267.06,0.9832,0.1198,0.009104,4.343
648467,520,452,972,229,12,110,4.27,0.9807,0.5313,0.180497,4,6,54,269.25,0.9549,0.0740,0.004224,4.251
648468,520,409,929,224,73,134,359.50,0.7888,0.5728,0.223361,61,1,24,4.70,0.9478,0.1299,0.010799,4.496
648496,520,354,874,252,73,123,8.65,0.9640,0.6204,0.268940,21,40,81,263.51,0.6667,0.1835,0.022710,4.386
648505,520,378,898,243,79,61,29.78,0.9342,0.5976,0.249868,1,31,87,260.70,0.9826,0.1579,0.016744,4.493
648513,520,435,955,184,46,251,310.86,0.9784,0.5507,0.191104,35,5,31,333.49,0.7217,0.0875,0.005648,4.333
648516,520,413,933,221,52,185,338.39,0.8850,0.5698,0.213333,48,14,28,357.13,0.5951,0.1221,0.010264,4.370
648518,520,471,991,209,36,156,344.43,0.8835,0.5209,0.172195,2,3,29,270.59,0.9167,0.0421,0.001667,4.301
648520,520,399,919,132,113,252,285.48,0.9497,0.5778,0.237437,32,30,51,287.52,0.3561,0.1445,0.014746,4.439
648523,520,419,939,198,39,247,315.94,0.9647,0.5643,0.201736,19,27,33,240.93,0.2219,0.1146,0.010321,4.173
648524,520,348,868,245,44,217,335.05,0.9668,0.6252,0.262265,64,11,95,308.33,0.8680,0.1943,0.021557,4.364
648546,520,304,824,211,124,225,321.89,0.7658,0.6700,0.337018,22,56,88,249.48,0.6466,0.2336,0.037033,4.447
648548,520,345,865,245,47,220,334.29,0.9650,0.6288,0.266157,30,44,72,263.24,0.4570,0.1934,0.025452,4.190
648555,520,453,973,173,81,196,319.18,0.7259,0.5309,0.187556,13,14,25,279.62,0.3113,0.0728,0.004698,4.343
648566,520,453,973,161,63,250,302.94,0.9654,0.5327,0.180347,5,19,10,155.52,0.6297,0.0738,0.005199,4.173
648569,520,247,767,211,153,208,328.25,0.5501,0.7163,0.411865,33,75,63,172.41,0.5760,0.2841,0.057142,4.311
648590,520,381,901,250,67,41,31.30,0.9760,0.5954,0.245019,76,2,0,30.08,1.0000,0.1603,0.015802,4.483
648606,520,457,977,218,13,168,342.30,0.9740,0.5345,0.180228,20,4,16,337.05,0.5910,0.0555,0.002730,4.366
648621,520,448,968,231,35,78,16.82,0.9482,0.5365,0.187441,3,14,49,264.26,0.8858,0.0828,0.005552,4.274
648623,520,469,989,222,1,124,357.74,0.9977,0.5193,0.170092,0,0,35,264.05,1.0000,0.0376,0.001213,4.298
648634,520,328,848,213,120,190,336.96,0.6418,0.6483,0.312984,46,50,52,229.04,0.0571,0.2133,0.031100,4.476
648642,520,412,932,212,89,118,8.16,0.6827,0.5679,0.224519,17,33,3,132.56,0.9286,0.1224,0.012134,4.418
648689,520,440,960,216,61,139,354.12,0.8047,0.5469,0.198028,30,10,29,329.16,0.5476,0.0868,0.005818,4.443
648715,520,422,942,184,61,243,311.88,0.9331,0.5569,0.199999,4,15,69,266.13,0.9407,0.1059,0.007971,4.313
648728,520,419,939,203,83,153,347.15,0.6903,0.5571,0.211847,46,13,8,31.04,0.7052,0.1111,0.008863,4.448
648729,520,161,681,228,199,80,95.44,0.7937,0.8052,0.579212,19,99,45,149.23,0.9659,0.3531,0.092512,4.415
648742,520,373,893,220,43,246,321.92,0.9690,0.6012,0.235992,38,32,53,296.71,0.3413,0.1573,0.017021,4.267
648769,520,410,930,191,96,185,329.70,0.6592,0.5738,0.229462,35,30,11,94.95,0.5224,0.1322,0.013101,4.429
648771,520,407,927,182,72,243,310.58,0.9214,0.5658,0.210518,24,32,6,124.16,0.7418,0.1254,0.012404,4.175
648781,520,384,904,253,54,64,24.46,0.9889,0.5921,0.238948,52,20,52,327.42,0.5927,0.1511,0.014784,4.460
648800,520,467,987,185,77,161,337.06,0.6812,0.5230,0.181966,7,6,7,325.79,0.0719,0.0425,0.001908,4.469
648812,520,332,852,253,46,211,338.46,0.9886,0.6371,0.275430,78,3,81,326.43,0.9158,0.2004,0.022791,4.471
648813,520,451,971,206,21,203,329.10,0.9656,0.5361,0.179719,5,8,47,270.57,0.9004,0.0711,0.004111,4.245
648814,520,444,964,167,61,246,305.85,0.9445,0.5352,0.182075,33,10,10,21.78,0.5490,0.0841,0.005624,4.172
648827,520,470,990,181,76,171,331.41,0.6969,0.5206,0.179342,2,1,33,271.37,0.9794,0.0405,0.001444,4.458
648831,520,381,901,228,33,235,326.58,0.9774,0.6014,0.235822,51,9,87,302.41,0.8799,0.1646,0.015873,4.339
648846,520,322,842,230,88,241,324.80,0.9370,0.6539,0.301554,26,59,5,136.32,0.9734,0.2145,0.033584,4.206
648848,520,401,921,228,16,211,332.55,0.9866,0.5794,0.215702,51,20,36,349.73,0.5146,0.1408,0.013316,4.196
648852,520,439,959,206,3,225,323.60,0.9972,0.5474,0.186250,22,5,54,291.70,0.8654,0.0875,0.005455,4.260
648855,520,301,821,239,90,245,326.20,0.9590,0.6724,0.322580,78,42,18,52.16,0.6535,0.2271,0.033195,4.478
648860,520,447,967,193,12,237,317.26,0.9901,0.5369,0.177162,20,1,58,288.60,0.9753,0.0830,0.004759,4.148
648865,520,432,952,199,79,156,344.13,0.7001,0.5463,0.201361,40,3,40,328.13,0.8115,0.0986,0.006695,4.434
648871,520,413,933,212,70,182,337.37,0.8053,0.5699,0.217568,21,30,3,125.22,0.8625,0.1162,0.010945,4.390
648886,520,457,977,207,43,162,342.04,0.8586,0.5250,0.176039,9,12,0,118.37,1.0000,0.0560,0.003210,4.248
648893,520,325,845,236,75,238,327.42,0.9392,0.6472,0.290405,62,36,71,316.99,0.4854,0.2085,0.027409,4.397
648902,520,457,977,224,51,28,31.06,0.9583,0.5273,0.183016,12,11,6,99.14,0.2374,0.0581,0.003307,4.371
648904,520,457,977,231,30,25,28.72,0.9779,0.5268,0.179907,11,11,2,109.01,0.6202,0.0560,0.003149,4.326
648918,520,380,900,240,8,215,334.31,0.9956,0.6020,0.236081,5,39,62,243.21,0.8029,0.1590,0.018310,4.188
648930,520,442,962,232,4,130,357.75,0.9935,0.5427,0.188573,28,10,12,13.86,0.4451,0.0769,0.004905,4.345
648938,520,221,741,251,163,48,67.62,0.9519,0.7510,0.469196,23,80,84,201.81,0.7281,0.3046,0.065593,4.492
648946,520,445,965,183,52,230,315.00,0.9117,0.5367,0.182376,34,7,7,23.19,0.6744,0.0799,0.005074,4.219
648947,520,392,912,249,45,133,1.58,0.9497,0.5940,0.237134,60,11,44,343.81,0.7296,0.1480,0.013820,4.499
648959,520,370,890,228,44,242,324.83,0.9697,0.6121,0.247084,23,45,1,132.65,0.9878,0.1652,0.020611,4.207
648975,520,455,975,173,30,252,307.96,0.9855,0.5254,0.168419,8,11,19,267.72,0.2885,0.0593,0.003380,4.092
648988,520,472,992,188,27,221,319.41,0.9587,0.5209,0.166971,6,4,2,74.90,0.3060,0.0343,0.001299,4.229
648990,520,392,912,217,10,254,319.81,0.9961,0.5897,0.221265,36,35,33,84.58,0.0408,0.1531,0.016869,4.057
648998,520,344,864,242,14,249,326.78,0.9961,0.6290,0.260336,78,22,27,18.85,0.7095,0.1916,0.022729,4.267
649016,520,1,521,255,255,255,0.00,0.0000,1.0000,1.000000,1,138,58,149.00,0.9993,0.4820,0.184881,4.470
649023,520,287,807,218,127,227,323.80,0.7912,0.6855,0.356317,34,64,49,160.98,0.4812,0.2447,0.042285,4.403
649053,520,408,928,247,36,87,15.73,0.9624,0.5719,0.217275,39,25,35,337.35,0.2834,0.1323,0.012480,4.278
649069,520,426,946,248,12,65,20.49,0.9931,0.5607,0.206047,24,21,44,287.97,0.4517,0.1103,0.009124,4.331
649100,520,431,951,247,8,13,28.71,0.9969,0.5529,0.199805,31,19,2,76.45,0.7987,0.0974,0.007615,4.336
649113,520,378,898,216,74,215,328.14,0.8691,0.6000,0.244047,41,26,68,297.31,0.5982,0.1579,0.016276,4.437
649116,520,359,879,252,83,2,38.47,0.9984,0.6154,0.268899,29,42,53,244.52,0.2835,0.1754,0.021741,4.445
649123,520,460,980,222,5,157,346.65,0.9898,0.5348,0.180750,5,13,24,254.17,0.4809,0.0639,0.003860,4.284
649128,520,410,930,244,55,54,26.71,0.9514,0.5737,0.222352,45,16,46,326.19,0.6059,0.1294,0.011258,4.446
649142,520,368,888,213,83,217,326.53,0.8462,0.6070,0.253442,75,9,35,3.07,0.8075,0.1726,0.018128,4.454
649158,520,480,1000,208,37,131,353.40,0.8684,0.5079,0.163740,0,0,0,0.00,0.0000,0.0000,0.000000,4.275
649163,520,479,999,212,56,61,24.03,0.8804,0.5118,0.171647,0,0,4,264.05,1.0000,0.0106,0.000088,4.425
649167,520,444,964,140,92,241,293.87,0.8691,0.5393,0.195806,29,13,14,16.11,0.3736,0.0845,0.005808,4.405
649187,520,466,986,216,58,39,30.57,0.9215,0.5189,0.177741,20,0,15,337.46,1.0000,0.0459,0.001832,4.394
649193,520,387,907,234,9,215,332.94,0.9942,0.5912,0.225968,46,28,40,339.83,0.3200,0.1512,0.015646,4.204
649204,520,375,895,239,45,187,342.03,0.9387,0.5984,0.238183,68,1,61,333.49,0.9434,0.1641,0.015878,4.375
649220,520,419,939,223,3,195,335.58,0.9963,0.5574,0.196957,25,5,71,286.44,0.9281,0.1090,0.007701,4.280
649222,520,408,928,236,72,28,34.90,0.9608,0.5728,0.225545,26,27,45,280.86,0.3408,0.1273,0.011929,4.449
649229,520,411,931,242,24,143,355.88,0.9687,0.5732,0.215169,7,19,73,266.98,0.9154,0.1195,0.009919,4.425
649230,520,458,978,206,50,169,339.56,0.8392,0.5326,0.182696,17,0,45,293.74,1.0000,0.0643,0.003086,4.383
649235,520,448,968,201,49,198,328.95,0.8777,0.5403,0.186931,21,16,2,93.03,0.7426,0.0777,0.005344,4.281
649251,520,361,881,236,100,87,27.99,0.8479,0.6180,0.276381,31,40,71,270.15,0.4702,0.1827,0.022638,4.493
649268,520,444,964,173,87,189,321.15,0.6782,0.5356,0.193757,13,19,21,220.12,0.1680,0.0831,0.006054,4.349
649282,520,399,919,215,87,144,355.29,0.7067,0.5791,0.232792,29,35,20,126.13,0.3570,0.1418,0.015138,4.341
649333,520,460,980,205,74,97,13.27,0.7334,0.5280,0.187418,23,6,9,8.83,0.5028,0.0613,0.003322,4.453
649335,520,410,930,178,103,188,322.73,0.6052,0.5689,0.227972,8,37,1,139.09,0.9914,0.1301,0.013769,4.359
649354,520,453,973,215,49,128,357.11,0.8417,0.5294,0.182046,32,2,11,3.93,0.8012,0.0683,0.003747,4.317
649362,520,443,963,223,62,5,35.65,0.9922,0.5352,0.191469,30,4,37,318.61,0.7742,0.0818,0.004965,4.393
649374,520,372,892,238,57,189,341.51,0.9139,0.6063,0.247803,61,11,75,317.52,0.8076,0.1713,0.017396,4.419
649392,520,456,976,199,20,214,324.34,0.9713,0.5313,0.174992,23,4,19,335.88,0.6384,0.0609,0.003160,4.232
649408,520,462,982,205,46,168,339.52,0.8500,0.5269,0.177623,7,10,4,127.57,0.3749,0.0509,0.002710,4.318
649413,520,341,861,238,106,74,34.88,0.8611,0.6286,0.289825,36,52,14,128.96,0.7722,0.1995,0.028627,4.322
649419,520,471,991,216,39,118,0.36,0.8821,0.5199,0.173604,1,10,0,139.50,1.0000,0.0441,0.002235,4.281
649420,520,436,956,195,27,242,316.48,0.9761,0.5493,0.187982,18,15,47,283.26,0.6396,0.0939,0.006755,4.193
649425,520,382,902,166,112,235,301.90,0.7866,0.5990,0.256938,37,38,33,116.21,0.0937,0.1626,0.018893,4.455
649434,520,480,1000,173,39,232,311.97,0.9401,0.5129,0.161624,0,0,0,0.00,0.0000,0.0000,0.000000,4.232
649450,520,453,973,223,49,62,22.95,0.9186,0.5274,0.182351,32,1,11,2.50,0.8634,0.0663,0.003530,4.341
649451,520,395,915,212,67,227,323.85,0.9018,0.5939,0.235592,32,33,3,111.32,0.8509,0.1359,0.014014,4.461
649462,520,394,914,253,19,121,4.81,0.9849,0.5859,0.227325,60,11,23,10.57,0.7448,0.1392,0.012620,4.429
649486,520,391,911,236,9,212,334.16,0.9942,0.5930,0.227845,40,34,18,89.68,0.3920,0.1507,0.016389,4.185
649502,520,479,999,218,44,6,32.44,0.9916,0.5079,0.167226,0,0,7,264.05,1.0000,0.0135,0.000153,4.331
649504,520,472,992,171,47,235,310.32,0.9263,0.5185,0.166900,6,2,12,305.61,0.6139,0.0327,0.001087,4.246
649515,520,480,1000,169,25,242,308.99,0.9742,0.5078,0.155419,0,0,0,0.00,0.0000,0.0000,0.000000,4.108
649522,520,430,950,224,20,180,340.17,0.9679,0.5545,0.196454,34,9,38,321.94,0.6603,0.0965,0.006754,4.342
649525,520,444,964,203,66,156,344.27,0.7642,0.5366,0.189951,35,3,31,333.37,0.7799,0.0842,0.005214,4.346
649537,520,370,890,237,10,242,327.21,0.9965,0.6148,0.246350,68,12,55,339.00,0.7544,0.1708,0.017679,4.379
649538,520,364,884,227,64,214,331.51,0.9092,0.6073,0.248550,73,17,13,28.16,0.8269,0.1715,0.018467,4.361
649541,520,474,994,206,59,129,355.70,0.7833,0.5223,0.178368,7,0,14,311.24,1.0000,0.0289,0.000769,4.498
649547,520,367,887,218,79,221,326.95,0.8750,0.6125,0.257198,15,46,32,161.55,0.6918,0.1700,0.021598,4.291
649566,520,444,964,230,36,108,6.44,0.9273,0.5427,0.191704,16,19,7,120.04,0.4359,0.0814,0.005912,4.323
649578,520,437,957,173,76,230,310.24,0.8529,0.5481,0.197671,28,17,8,60.16,0.4210,0.0901,0.006653,4.372
649581,520,480,1000,220,23,81,13.57,0.9594,0.5082,0.164252,0,0,0,0.00,0.0000,0.0000,0.000000,4.285
649582,520,461,981,167,80,203,314.75,0.7451,0.5255,0.182654,17,1,21,320.72,0.8192,0.0473,0.001950,4.478
649602,520,433,953,240,29,63,21.38,0.9740,0.5494,0.197662,40,3,35,334.07,0.7977,0.0954,0.006377,4.393
649603,520,422,942,186,77,226,315.61,0.8445,0.5649,0.212389,1,30,36,213.62,0.9299,0.1141,0.010623,4.328
649605,520,468,988,223,41,37,27.96,0.9545,0.5178,0.174102,9,3,12,316.61,0.5162,0.0387,0.001498,4.352
649607,520,433,953,213,24,209,329.33,0.9677,0.5538,0.194049,41,12,12,22.42,0.6083,0.1013,0.007610,4.236
649621,520,277,797,248,103,238,330.40,0.9680,0.6980,0.358326,13,68,49,165.15,0.8899,0.2482,0.044414,4.325
649642,520,339,859,244,78,204,339.01,0.9263,0.6440,0.290443,8,47,80,248.98,0.8021,0.1965,0.026637,4.442
649668,520,287,807,255,85,248,329.61,1.0000,0.6936,0.345372,0,66,40,159.49,1.0000,0.2354,0.040494,4.369
649669,520,283,803,255,100,217,338.50,1.0000,0.6940,0.353871,41,61,70,227.68,0.2832,0.2491,0.042510,4.366
649672,520,449,969,187,12,252,312.35,0.9927,0.5401,0.178572,9,14,30,269.27,0.4711,0.0726,0.004659,4.182
649682,520,359,879,182,107,248,306.14,0.9078,0.6186,0.272384,33,48,12,128.84,0.7781,0.1840,0.024637,4.319
649687,520,443,963,198,17,230,320.19,0.9835,0.5409,0.181214,27,8,34,316.06,0.6385,0.0822,0.005222,4.187
649691,520,479,999,224,24,47,24.05,0.9763,0.5110,0.167087,0,1,0,142.50,1.0000,0.0135,0.000217,4.323
649692,520,420,940,213,40,209,329.25,0.9342,0.5618,0.202692,18,17,60,278.06,0.7494,0.1092,0.008557,4.315
649715,520,471,991,222,23,107,4.56,0.9502,0.5195,0.172066,5,1,33,280.17,0.9569,0.0436,0.001638,4.300
649725,520,463,983,180,42,233,313.78,0.9373,0.5266,0.172435,9,5,29,287.14,0.7030,0.0532,0.002553,4.233
649726,520,418,938,229,2,177,342.10,0.9972,0.5581,0.198785,16,32,0,131.28,1.0000,0.1180,0.011432,4.050
649738,520,315,835,235,101,203,337.80,0.8502,0.6571,0.312837,6,48,101,257.02,0.9075,0.2161,0.030920,4.484
649745,520,402,922,219,50,216,328.91,0.9281,0.5834,0.223013,7,25,73,264.38,0.8800,0.1322,0.012214,4.388
649758,520,396,916,245,55,67,23.52,0.9484,0.5774,0.225535,50,26,13,48.25,0.5506,0.1441,0.014460,4.274
649762,520,470,990,228,19,72,17.17,0.9774,0.5215,0.174306,7,0,33,286.18,1.0000,0.0431,0.001550,4.351
649764,520,400,920,231,13,199,336.42,0.9879,0.5767,0.214030,23,37,9,131.52,0.7585,0.1405,0.015250,4.046
649772,520,391,911,230,64,162,348.91,0.8496,0.5852,0.231011,23,26,75,275.18,0.7295,0.1459,0.014289,4.371
649783,520,379,899,248,12,180,345.50,0.9913,0.5981,0.235180,42,35,39,342.68,0.1182,0.1625,0.018408,4.169
649787,520,455,975,218,38,147,349.90,0.8910,0.5350,0.184007,1,16,3,147.53,0.9685,0.0606,0.003836,4.347
649807,520,429,949,241,32,70,19.82,0.9684,0.5541,0.201793,49,0,4,22.61,1.0000,0.0970,0.006619,4.447
649824,520,377,897,237,73,147,356.94,0.8449,0.6009,0.248791,1,44,47,202.02,0.9654,0.1640,0.020130,4.261
649826,520,469,989,161,75,215,309.62,0.7971,0.5187,0.175162,7,6,8,308.81,0.1143,0.0429,0.001930,4.336
649832,520,396,916,244,64,64,25.78,0.9429,0.5833,0.232734,37,31,25,67.07,0.1679,0.1407,0.014435,4.388
649850,520,459,979,175,58,235,311.01,0.9033,0.5343,0.181391,2,17,3,145.30,0.9448,0.0642,0.004204,4.269
649876,520,415,935,242,34,111,7.14,0.9519,0.5667,0.211723,41,17,32,343.34,0.4767,0.1172,0.009767,4.379
649906,520,452,972,217,35,140,352.04,0.8973,0.5281,0.178497,3,20,3,143.27,0.9427,0.0735,0.005262,4.135
649908,520,352,872,230,73,217,331.47,0.9023,0.6228,0.266002,90,1,7,25.91,0.9936,0.1933,0.022111,4.382
649909,520,326,846,252,81,192,344.87,0.9712,0.6549,0.303892,0,55,64,212.30,1.0000,0.2082,0.031024,4.368
649917,520,451,971,201,66,171,337.90,0.7777,0.5408,0.192560,34,3,7,15.51,0.8019,0.0727,0.004206,4.475
649952,520,384,904,253,51,24,31.02,0.9918,0.5860,0.233200,44,28,46,322.80,0.3577,0.1514,0.015633,4.315
649965,520,405,925,242,13,157,351.14,0.9861,0.5758,0.216026,10,17,84,268.90,0.9416,0.1299,0.011054,4.357
649971,520,465,985,168,93,150,336.66,0.5227,0.5173,0.183565,9,5,27,288.66,0.6722,0.0518,0.002457,4.452
649982,520,400,920,220,33,221,327.99,0.9649,0.5781,0.215260,61,7,38,350.62,0.7806,0.1426,0.012842,4.221
649988,520,429,949,205,65,172,338.70,0.7910,0.5471,0.197402,7,25,32,225.74,0.5475,0.1006,0.008447,4.233
649989,520,449,969,167,56,255,304.37,1.0000,0.5382,0.182645,10,15,10,144.94,0.2341,0.0669,0.004281,4.286
649993,520,343,863,254,63,176,349.46,0.9900,0.6338,0.277638,35,34,96,278.29,0.7247,0.1930,0.023458,4.460
650002,520,404,924,219,12,237,324.04,0.9932,0.5805,0.214395,40,21,50,312.92,0.5277,0.1335,0.012178,4.252
650019,520,468,988,213,13,163,342.65,0.9690,0.5221,0.170806,7,1,26,291.31,0.8997,0.0398,0.001415,4.295
650031,520,411,931,235,12,182,342.08,0.9873,0.5743,0.213054,47,12,26,358.38,0.6257,0.1165,0.009420,4.427
650034,520,404,924,232,38,179,342.65,0.9370,0.5771,0.217994,30,27,42,293.20,0.2840,0.1297,0.012271,4.304
650040,520,352,872,247,23,220,334.66,0.9886,0.6212,0.255573,87,3,15,21.95,0.9715,0.1890,0.021262,4.288
650048,520,384,904,195,74,245,314.09,0.9360,0.5883,0.230934,41,5,90,293.17,0.9428,0.1500,0.013181,4.446
650054,520,430,950,229,41,127,359.72,0.9051,0.5502,0.197790,21,22,35,280.46,0.2889,0.1043,0.008546,4.232
650056,520,418,938,248,25,55,23.46,0.9844,0.5633,0.209312,34,12,59,300.93,0.7529,0.1170,0.009188,4.381
650068,520,284,804,237,134,157,6.38,0.7098,0.6946,0.374913,12,68,62,184.31,0.8530,0.2528,0.045600,4.445
650081,520,302,822,231,120,188,344.19,0.7449,0.6731,0.340548,8,65,38,156.86,0.9513,0.2334,0.039720,4.353
650084,520,405,925,254,16,77,18.03,0.9945,0.5763,0.219810,57,7,21,9.39,0.7912,0.1277,0.010761,4.441
650098,520,418,938,250,0,22,27.73,1.0000,0.5581,0.203856,56,1,15,12.52,0.9573,0.1162,0.008971,4.305
650100,520,442,962,233,38,55,23.86,0.9585,0.5386,0.189888,21,1,50,295.07,0.9602,0.0757,0.004114,4.433
650102,520,432,952,226,48,136,356.33,0.8754,0.5528,0.200629,21,21,22,286.22,0.0252,0.0957,0.007537,4.356
650114,520,458,978,160,90,201,311.34,0.6904,0.5303,0.190036,0,17,3,148.87,1.0000,0.0626,0.004075,4.439
650119,520,412,932,186,92,203,321.30,0.7214,0.5706,0.224063,2,35,19,158.25,0.9606,0.1240,0.012619,4.377
650125,520,310,830,214,102,251,316.90,0.9672,0.6551,0.307654,63,48,12,85.61,0.7379,0.2179,0.031973,4.363
650129,520,277,797,246,106,237,330.14,0.9582,0.6984,0.360178,33,65,43,152.70,0.5716,0.2454,0.042782,4.421
650136,520,446,966,218,59,102,9.60,0.8282,0.5358,0.189952,41,1,10,11.21,0.9240,0.0833,0.005151,4.351
650140,520,305,825,252,70,248,328.98,0.9895,0.6746,0.318560,25,61,38,153.61,0.6949,0.2263,0.036840,4.244
650175,520,355,875,238,71,181,344.64,0.8759,0.6151,0.260226,23,39,80,265.64,0.6433,0.1813,0.022123,4.301
650221,520,452,972,206,83,18,42.66,0.9427,0.5310,0.193541,24,10,6,38.95,0.4475,0.0697,0.004244,4.490
650224,520,425,945,207,31,225,323.64,0.9632,0.5577,0.196834,49,9,15,15.80,0.7298,0.1125,0.008829,4.196
650226,520,426,946,228,43,150,351.40,0.8992,0.5588,0.204265,24,23,42,285.27,0.3788,0.1137,0.009741,4.256
650231,520,414,934,249,1,121,3.72,0.9991,0.5738,0.215455,25,24,50,283.40,0.4735,0.1223,0.010902,4.359
650236,520,393,913,228,9,235,326.70,0.9955,0.5940,0.226899,31,28,47,290.65,0.3389,0.1361,0.013270,4.376
650260,520,373,893,196,90,230,317.11,0.8443,0.5992,0.247625,39,29,71,291.41,0.5802,0.1641,0.017650,4.399
650267,520,461,981,235,15,22,28.09,0.9921,0.5291,0.180650,25,2,4,17.01,0.7958,0.0543,0.002589,4.386
650283,520,416,936,220,69,154,349.89,0.7973,0.5690,0.218073,37,12,62,302.52,0.7663,0.1237,0.010041,4.465
650284,520,480,1000,188,38,196,325.82,0.8948,0.5084,0.160646,0,0,0,0.00,0.0000,0.0000,0.000000,4.213
650286,520,414,934,213,58,200,331.74,0.8748,0.5697,0.213444,16,23,62,271.42,0.7082,0.1222,0.010707,4.340
650310,520,463,983,161,63,243,304.34,0.9274,0.5266,0.176037,15,7,1,71.38,0.7244,0.0508,0.002557,4.301
650313,520,457,977,223,30,123,359.28,0.9268,0.5303,0.180493,27,4,3,27.72,0.7565,0.0615,0.003265,4.327
650370,520,356,876,240,30,234,329.68,0.9845,0.6202,0.253971,78,18,2,36.15,0.9585,0.1819,0.020570,4.307
650372,520,429,949,193,83,168,337.19,0.6847,0.5481,0.203526,37,17,8,44.66,0.5449,0.1031,0.008118,4.362
650374,520,415,935,228,62,151,352.33,0.8421,0.5749,0.221762,36,24,11,67.47,0.4579,0.1180,0.010525,4.490
650377,520,458,978,226,46,44,27.26,0.9449,0.5285,0.183075,8,3,43,279.33,0.9226,0.0600,0.002912,4.405
650379,520,437,957,242,22,42,25.65,0.9867,0.5480,0.196217,21,18,28,298.20,0.2485,0.0910,0.006759,4.338
650385,520,422,942,247,14,95,12.01,0.9886,0.5650,0.209180,13,22,49,267.62,0.6013,0.1071,0.008811,4.407
650431,520,344,864,233,66,232,328.27,0.9387,0.6301,0.270487,76,23,21,25.62,0.7222,0.1877,0.022037,4.449
650436,520,399,919,229,86,39,37.53,0.9175,0.5785,0.234628,17,32,60,261.82,0.5775,0.1434,0.014784,4.394
650442,520,407,927,247,51,31,30.28,0.9704,0.5743,0.222443,21,33,34,202.55,0.2380,0.1337,0.013626,4.282
650453,520,434,954,215,68,141,353.84,0.7786,0.5535,0.205067,33,16,17,16.21,0.3606,0.0972,0.007344,4.448
650471,520,417,937,236,48,116,5.61,0.9056,0.5652,0.212108,53,6,16,13.48,0.8072,0.1168,0.009247,4.424
650478,520,429,949,215,9,197,333.06,0.9873,0.5451,0.186759,34,15,23,353.96,0.4068,0.0988,0.007436,4.122
650481,520,418,938,229,66,97,14.33,0.8486,0.5628,0.214203,50,3,46,332.06,0.8328,0.1208,0.009406,4.447
650493,520,424,944,193,91,167,338.11,0.6445,0.5597,0.216111,8,23,57,263.59,0.7676,0.1131,0.009598,4.465
650514,520,348,868,227,109,130,10.70,0.6994,0.6278,0.288822,20,53,15,141.13,0.9156,0.1920,0.027293,4.384
650516,520,423,943,233,51,121,3.57,0.8876,0.5633,0.210747,6,32,1,139.41,0.9893,0.1125,0.010739,4.293
650529,520,313,833,234,108,183,345.84,0.7868,0.6565,0.316388,58,47,65,312.03,0.2517,0.2249,0.033143,4.407
650530,520,442,962,225,43,120,1.71,0.8905,0.5412,0.190941,16,8,44,287.27,0.7548,0.0771,0.004657,4.408
650531,520,457,977,168,49,252,305.67,0.9824,0.5307,0.175504,29,0,2,21.12,1.0000,0.0561,0.002656,4.283
650547,520,378,898,238,17,217,333.37,0.9899,0.6015,0.235906,25,40,38,185.66,0.2696,0.1593,0.018642,4.165
650558,520,449,969,173,69,234,309.86,0.8820,0.5425,0.190818,3,14,37,260.38,0.7743,0.0729,0.004670,4.405
650561,520,364,884,230,19,255,322.68,1.0000,0.6142,0.245110,16,17,115,269.39,0.9711,0.1726,0.017487,4.373
650571,520,318,838,255,19,255,328.33,1.0000,0.6567,0.289489,77,15,93,318.17,0.8157,0.2178,0.027099,4.403
650587,520,171,691,244,180,163,35.41,0.7134,0.7962,0.545218,22,96,43,148.52,0.9560,0.3434,0.087104,4.341
650592,520,460,980,196,67,168,337.51,0.7595,0.5318,0.185789,22,6,20,331.96,0.5427,0.0640,0.003513,4.406
650613,520,415,935,254,15,40,25.99,0.9961,0.5711,0.215695,2,20,71,263.21,0.9577,0.1167,0.009681,4.452
650632,520,432,952,237,19,99,9.57,0.9765,0.5467,0.193743,8,18,50,266.95,0.7475,0.0955,0.007145,4.265
650644,520,397,917,247,59,41,29.95,0.9663,0.5818,0.230657,48,22,32,356.49,0.4343,0.1380,0.013066,4.450
650653,520,382,902,203,72,253,314.80,0.9865,0.6038,0.244245,19,37,60,255.24,0.5205,0.1584,0.017878,4.335
650658,520,428,948,245,15,102,9.57,0.9861,0.5629,0.207169,46,7,9,21.79,0.7876,0.1024,0.007526,4.470
650669,520,201,721,255,144,246,330.12,1.0000,0.7730,0.478627,25,85,56,158.45,0.8520,0.3108,0.069889,4.409
650673,520,444,964,200,39,205,326.79,0.9175,0.5360,0.181399,10,22,5,136.27,0.7414,0.0845,0.006493,4.096
650680,520,446,966,175,75,219,313.75,0.8184,0.5414,0.192615,6,5,58,271.33,0.9614,0.0781,0.004527,4.449
650681,520,400,920,243,65,33,32.38,0.9614,0.5791,0.229484,34,24,64,291.63,0.6040,0.1424,0.013635,4.392
650682,520,431,951,236,47,25,30.64,0.9725,0.5483,0.199393,6,7,71,269.14,0.9710,0.0969,0.006456,4.417
650693,520,417,937,207,23,240,320.22,0.9828,0.5657,0.201712,24,0,87,280.63,1.0000,0.1214,0.008823,4.279
650701,520,447,967,240,20,58,22.04,0.9853,0.5449,0.193344,25,13,15,8.50,0.2906,0.0794,0.005290,4.401
650711,520,399,919,233,84,9,40.21,0.9869,0.5815,0.236869,34,29,45,298.44,0.2892,0.1407,0.014083,4.477
650715,520,435,955,229,59,49,28.39,0.9225,0.5469,0.200106,35,13,0,55.69,1.0000,0.0903,0.006452,4.430
650726,520,271,791,242,114,234,329.87,0.9348,0.7020,0.368547,78,53,61,358.29,0.2603,0.2642,0.045030,4.404
650734,520,459,979,197,51,190,330.15,0.8512,0.5300,0.179574,0,6,39,262.68,1.0001,0.0557,0.002767,4.351
650736,520,425,945,242,48,56,25.19,0.9525,0.5642,0.212800,27,26,10,105.40,0.4679,0.1119,0.009937,4.385
650742,520,448,968,237,14,70,18.37,0.9881,0.5387,0.187640,13,15,38,276.94,0.5484,0.0829,0.005671,4.269
650752,520,462,982,225,8,141,352.65,0.9842,0.5339,0.181070,2,8,15,242.97,0.5511,0.0456,0.002211,4.426
650754,520,279,799,242,101,241,327.92,0.9436,0.6881,0.345379,53,62,5,118.79,0.9228,0.2457,0.042131,4.291
650767,520,471,991,153,63,245,301.25,0.9376,0.5177,0.169203,2,8,2,143.81,0.7779,0.0408,0.001909,4.223
650790,520,343,863,247,3,239,330.15,0.9991,0.6290,0.260742,22,51,34,156.17,0.6109,0.1907,0.026536,4.060
650793,520,457,977,236,23,10,29.61,0.9916,0.5335,0.184708,20,2,24,320.92,0.7722,0.0552,0.002581,4.464
650800,520,362,882,198,89,244,314.32,0.9174,0.6103,0.256834,9,10,129,266.64,0.9913,0.1820,0.018600,4.473
650829,520,425,945,211,63,177,338.60,0.8176,0.5580,0.205803,32,2,65,298.05,0.9490,0.1067,0.007322,4.463
650831,520,383,903,254,38,144,358.40,0.9909,0.6036,0.244743,11,39,40,198.48,0.6122,0.1487,0.016753,4.415
650849,520,322,842,246,78,207,338.59,0.9404,0.6489,0.295495,32,55,43,160.57,0.4021,0.2128,0.032138,4.206
650860,520,389,909,210,66,223,324.35,0.8934,0.5871,0.229276,50,18,63,314.83,0.6834,0.1523,0.014697,4.317
650891,520,387,907,245,53,116,7.54,0.9221,0.5866,0.232230,8,29,79,263.60,0.8796,0.1479,0.014948,4.345
650911,520,432,952,217,80,10,40.79,0.9777,0.5464,0.205134,26,10,52,295.97,0.7507,0.0979,0.006846,4.488
650922,520,452,972,210,41,155,345.21,0.8666,0.5256,0.176563,16,12,26,296.25,0.3852,0.0718,0.004477,4.159
650942,520,478,998,218,44,15,31.69,0.9794,0.5082,0.167439,1,2,0,126.59,1.0000,0.0203,0.000499,4.306
650947,520,453,973,225,12,141,352.72,0.9767,0.5348,0.181963,2,17,19,205.26,0.7206,0.0692,0.004608,4.248
650966,520,387,907,229,96,13,44.49,0.9762,0.5920,0.250555,7,42,9,144.08,0.9612,0.1479,0.017208,4.472
650967,520,288,808,238,110,220,333.12,0.8928,0.6830,0.344986,65,55,40,77.64,0.2604,0.2448,0.040095,4.384
651007,520,394,914,198,97,185,332.40,0.6727,0.5858,0.240594,21,34,44,242.22,0.3249,0.1415,0.014853,4.481
651017,520,425,945,190,71,215,320.19,0.8345,0.5558,0.203612,35,20,25,357.93,0.2946,0.1113,0.009279,4.278
651027,520,466,986,154,73,234,302.87,0.8709,0.5218,0.175760,24,1,10,355.44,0.8100,0.0524,0.002378,4.310
651045,520,258,778,252,98,255,326.98,1.0000,0.7076,0.366535,82,56,40,52.44,0.3740,0.2705,0.047756,4.261
651053,520,455,975,195,24,218,322.18,0.9649,0.5290,0.173189,9,2,46,280.08,0.9523,0.0618,0.002987,4.212
651054,520,411,931,241,36,122,3.35,0.9438,0.5692,0.213709,34,14,56,302.23,0.7025,0.1174,0.009397,4.440
651059,520,434,954,214,52,165,343.18,0.8459,0.5466,0.194710,20,5,69,282.12,0.9381,0.1017,0.006869,4.303
651080,520,461,981,224,16,119,0.29,0.9677,0.5252,0.175525,0,12,6,165.12,1.0000,0.0501,0.002761,4.274
651095,520,437,957,182,66,225,315.20,0.8658,0.5452,0.192788,26,18,11,62.50,0.3002,0.0905,0.006764,4.277
651133,520,474,994,173,70,204,317.48,0.7906,0.5212,0.176252,3,2,20,280.02,0.8129,0.0339,0.001133,4.425
651134,520,442,962,231,0,141,353.79,1.0000,0.5443,0.189149,30,9,8,24.69,0.5439,0.0771,0.004890,4.357
651139,520,446,966,230,41,69,20.18,0.9406,0.5366,0.188415,15,19,15,145.14,0.1561,0.0826,0.006018,4.256
651146,520,346,866,253,85,80,25.92,0.9835,0.6262,0.279623,67,36,15,52.71,0.6386,0.1949,0.024897,4.401
651152,520,432,952,219,79,57,31.49,0.8536,0.5524,0.209499,23,22,30,290.66,0.1830,0.1036,0.008497,4.436
651158,520,309,829,247,100,164,355.98,0.8819,0.6580,0.315718,52,52,51,106.50,0.0139,0.2249,0.034251,4.341
651165,520,370,890,241,26,217,334.07,0.9833,0.6096,0.244522,11,47,15,145.21,0.9378,0.1675,0.021386,4.126
651174,520,378,898,222,54,228,326.56,0.9391,0.5994,0.237715,62,18,38,355.12,0.6334,0.1581,0.015968,4.361
651188,520,444,964,193,4,238,317.11,0.9967,0.5360,0.175988,19,19,1,109.56,0.8816,0.0828,0.006064,4.031
651191,520,453,973,151,101,188,309.30,0.5768,0.5302,0.195179,10,17,18,207.07,0.2052,0.0746,0.005091,4.450
651204,520,341,861,227,118,54,48.06,0.8384,0.6285,0.295565,22,45,84,260.29,0.6482,0.1998,0.026873,4.495
651213,520,435,955,242,36,18,30.03,0.9849,0.5529,0.201861,11,21,24,218.52,0.2863,0.0882,0.006734,4.439
651214,520,390,910,254,28,108,9.48,0.9924,0.5874,0.229878,53,3,70,315.07,0.9107,0.1453,0.012643,4.468
651215,520,24,544,233,251,250,192.82,0.6849,0.9704,0.932195,14,133,13,142.57,0.9940,0.4624,0.168968,4.486
651221,520,332,852,204,122,191,332.92,0.5929,0.6399,0.305194,48,49,25,110.58,0.4434,0.2041,0.028952,4.499
651222,520,480,1000,162,88,162,327.18,0.5724,0.5058,0.172703,0,0,0,0.00,0.0000,0.0000,0.000000,4.454
651228,520,413,933,255,25,12,29.55,1.0000,0.5748,0.219857,46,19,13,33.71,0.5536,0.1228,0.010757,4.442
651230,520,431,951,232,61,21,33.58,0.9730,0.5525,0.205504,21,24,17,126.52,0.1983,0.1019,0.008532,4.365
651235,520,289,809,238,127,157,3.91,0.7366,0.6836,0.357926,38,63,49,158.87,0.3981,0.2443,0.041887,4.439
651280,520,392,912,223,8,236,325.27,0.9957,0.5859,0.219200,25,37,27,149.34,0.3085,0.1462,0.016089,4.073
651285,520,371,891,233,68,189,340.64,0.8772,0.6074,0.251346,80,4,13,22.50,0.9570,0.1734,0.018217,4.417
651303,520,289,809,243,101,222,333.76,0.9288,0.6792,0.336385,8,65,45,163.85,0.9341,0.2355,0.040215,4.283
651311,520,465,985,213,51,119,0.52,0.8308,0.5239,0.178480,5,12,7,154.70,0.3890,0.0548,0.003105,4.302
651315,520,412,932,236,30,158,349.94,0.9517,0.5703,0.212330,27,17,61,288.51,0.7061,0.1186,0.009708,4.394
651320,520,384,904,243,80,7,38.24,0.9927,0.5949,0.248106,10,36,58,247.34,0.6722,0.1495,0.016317,4.495
651349,520,396,916,216,28,240,322.48,0.9801,0.5826,0.217227,26,3,96,279.22,0.9843,0.1387,0.011292,4.360
651358,520,292,812,229,133,143,13.77,0.6426,0.6769,0.354184,46,61,42,139.14,0.3379,0.2423,0.040854,4.449
651375,520,403,923,241,51,131,1.35,0.9076,0.5821,0.227103,19,31,33,208.91,0.2542,0.1259,0.012282,4.449
651378,520,367,887,226,34,254,321.79,0.9961,0.6122,0.244707,28,33,78,274.78,0.6374,0.1684,0.018846,4.281
651402,520,391,911,228,82,144,357.48,0.7763,0.5945,0.245447,14,42,13,142.91,0.8955,0.1516,0.017783,4.359
651430,520,422,942,245,3,89,13.27,0.9975,0.5571,0.202024,21,3,77,280.73,0.9724,0.1095,0.007603,4.375
651432,520,388,908,231,62,170,346.20,0.8652,0.5887,0.233391,54,6,67,317.64,0.8428,0.1476,0.013199,4.484
651448,520,422,942,253,1,0,29.26,1.0000,0.5640,0.209082,11,9,76,271.76,0.9574,0.1088,0.007883,4.476
651454,520,454,974,221,26,147,350.13,0.9366,0.5343,0.182201,7,13,33,268.28,0.5877,0.0708,0.004428,4.266
651459,520,396,916,181,84,241,309.77,0.8934,0.5780,0.225161,46,2,80,302.99,0.9612,0.1427,0.012035,4.436
651460,520,410,930,196,90,172,336.90,0.6681,0.5652,0.220282,0,25,75,260.56,1.0000,0.1309,0.012032,4.357
651462,520,356,876,238,46,225,331.37,0.9633,0.6190,0.255700,0,51,0,142.50,1.0000,0.1754,0.023675,4.149
651465,520,363,883,254,27,178,347.54,0.9926,0.6129,0.250725,51,22,79,303.83,0.7172,0.1731,0.018422,4.395
651471,520,433,953,157,79,249,300.33,0.9457,0.5463,0.196000,8,6,77,270.04,0.9774,0.1042,0.007176,4.302
651472,520,454,974,181,21,246,311.78,0.9827,0.5281,0.170150,18,0,45,295.22,1.0000,0.0654,0.003181,4.140
651478,520,325,845,220,116,177,345.44,0.6639,0.6457,0.308827,30,52,58,216.95,0.3484,0.2084,0.030374,4.464
651489,520,452,972,219,35,137,353.59,0.9013,0.5307,0.180708,17,16,2,106.09,0.7328,0.0734,0.004941,4.199
651490,520,358,878,235,93,130,7.16,0.7927,0.6166,0.271053,25,47,28,147.53,0.5452,0.1779,0.023235,4.384
651499,520,330,850,240,112,37,46.14,0.9341,0.6378,0.302501,13,55,69,224.46,0.7361,0.2149,0.032475,4.274
651510,520,389,909,198,74,244,315.24,0.9327,0.5919,0.234363,42,27,50,313.24,0.4119,0.1487,0.015064,4.370
651516,520,388,908,249,15,149,355.08,0.9867,0.5868,0.226548,50,15,64,314.69,0.7289,0.1487,0.013900,4.328
651519,520,463,983,175,59,230,312.11,0.8905,0.5313,0.179560,7,8,7,145.39,0.0648,0.0473,0.002342,4.386
651539,520,372,892,219,59,241,322.50,0.9440,0.6074,0.245408,78,7,1,31.36,0.9860,0.1700,0.017741,4.361
651545,520,311,831,238,123,60,46.82,0.8637,0.6556,0.326720,24,60,42,159.54,0.6556,0.2237,0.035930,4.384
651551,520,354,874,241,48,215,334.67,0.9567,0.6194,0.257238,50,28,81,299.60,0.6553,0.1837,0.021027,4.326
651563,520,456,976,172,80,198,318.23,0.7348,0.5293,0.185861,18,7,10,1.07,0.3474,0.0571,0.003025,4.448
651606,520,438,958,244,4,46,24.21,0.9979,0.5479,0.195207,47,1,5,21.58,0.9675,0.0945,0.006371,4.350
651607,520,419,939,238,52,59,24.89,0.9395,0.5597,0.209521,0,31,6,147.64,1.0000,0.1068,0.009931,4.330
651609,520,462,982,171,39,254,306.65,0.9946,0.5295,0.172655,10,2,29,293.82,0.8386,0.0474,0.001967,4.285
651610,520,462,982,233,1,102,7.38,0.9986,0.5348,0.183077,13,7,7,18.66,0.2094,0.0506,0.002529,4.437
651619,520,454,974,225,44,69,20.18,0.9262,0.5286,0.182414,13,6,46,283.16,0.8372,0.0726,0.004131,4.294
651626,520,470,990,178,60,205,319.48,0.8309,0.5178,0.171056,2,5,19,265.70,0.6776,0.0402,0.001685,4.277
651627,520,321,841,248,60,235,331.23,0.9719,0.6519,0.291892,34,28,124,275.52,0.9073,0.2116,0.026257,4.483
651637,520,159,679,237,179,247,321.43,0.9017,0.8157,0.569613,69,88,77,159.52,0.2084,0.3539,0.087803,4.496
651639,520,398,918,241,62,98,14.59,0.9015,0.5820,0.230310,43,27,29,10.88,0.2608,0.1400,0.013862,4.389
651641,520,399,919,250,48,5,32.10,0.9964,0.5770,0.224525,32,20,68,289.81,0.7015,0.1358,0.012247,4.410
651653,520,464,984,181,75,171,331.40,0.7016,0.5192,0.177975,11,4,25,297.29,0.6816,0.0501,0.002282,4.361
651659,520,21,541,244,250,209,114.17,0.8720,0.9653,0.922078,32,128,99,168.01,0.8808,0.4644,0.166456,4.491
651679,520,464,984,184,0,234,315.54,1.0000,0.5170,0.161321,0,2,39,264.15,0.9850,0.0467,0.001899,4.072
651688,520,375,895,222,16,251,321.64,0.9934,0.5970,0.228673,46,16,85,297.68,0.8131,0.1632,0.016073,4.218
651708,520,435,955,206,12,221,324.52,0.9878,0.5463,0.186071,25,15,21,342.57,0.2603,0.0857,0.006025,4.214
651710,520,440,960,242,3,60,21.00,0.9980,0.5452,0.192720,11,9,63,274.03,0.9210,0.0936,0.006254,4.315
651714,520,445,965,213,43,160,344.31,0.8697,0.5352,0.184142,25,1,47,302.93,0.9470,0.0778,0.004336,4.309
651719,520,389,909,213,76,197,332.74,0.8175,0.5867,0.233482,62,17,25,12.98,0.6657,0.1519,0.014954,4.364
651725,520,468,988,179,39,233,313.58,0.9432,0.5230,0.169190,3,9,0,132.12,1.0000,0.0436,0.002147,4.203
651742,520,353,873,252,52,171,350.06,0.9735,0.6194,0.260951,30,36,76,274.22,0.5710,0.1755,0.020595,4.405
651744,520,347,867,249,49,205,339.23,0.9651,0.6286,0.267473,39,46,43,167.89,0.1079,0.1913,0.025597,4.200
651750,520,390,910,236,55,164,349.03,0.8929,0.5889,0.232484,31,8,97,282.05,0.9507,0.1501,0.013280,4.464
651751,520,302,822,235,97,245,324.95,0.9532,0.6749,0.328063,18,50,109,261.31,0.8243,0.2325,0.035137,4.441
651756,520,464,984,170,79,185,321.79,0.6997,0.5165,0.176417,0,11,16,220.59,1.0000,0.0512,0.002767,4.291
651784,520,344,864,251,43,206,339.32,0.9769,0.6291,0.266964,26,44,70,257.57,0.4858,0.1892,0.024631,4.247
651787,520,431,951,228,62,74,21.78,0.8849,0.5517,0.204365,11,26,19,162.81,0.4527,0.1004,0.008569,4.343
651790,520,437,957,164,82,240,304.25,0.8834,0.5519,0.202189,19,15,47,284.84,0.6340,0.0948,0.006853,4.436
651795,520,209,729,231,158,222,331.03,0.7535,0.7564,0.467181,1,90,4,142.84,0.9991,0.3142,0.073272,4.195
651810,520,401,921,228,58,162,348.04,0.8611,0.5759,0.221313,20,38,3,132.47,0.9452,0.1405,0.015415,4.148
651818,520,362,882,213,87,213,327.66,0.8252,0.6097,0.257684,63,19,67,324.30,0.6996,0.1779,0.019279,4.441
651823,520,391,911,243,43,151,354.25,0.9328,0.5879,0.230200,41,26,60,302.47,0.5292,0.1518,0.015365,4.287
651824,520,442,962,231,10,122,0.42,0.9840,0.5390,0.186141,25,10,32,314.02,0.5585,0.0817,0.005281,4.272
651836,520,452,972,213,29,166,341.92,0.9226,0.5298,0.177803,5,10,42,269.55,0.8334,0.0702,0.004165,4.206
651838,520,425,945,240,34,84,15.76,0.9586,0.5558,0.203127,46,9,29,350.66,0.6780,0.1117,0.008650,4.316
651852,520,431,951,205,77,149,348.83,0.7186,0.5505,0.204587,48,2,11,14.55,0.9078,0.0995,0.006961,4.470
651854,520,471,991,218,56,18,33.54,0.9709,0.5193,0.177801,12,0,21,311.54,1.0000,0.0388,0.001323,4.439
651855,520,385,905,235,56,170,346.84,0.8921,0.5907,0.233956,46,19,66,307.78,0.6863,0.1502,0.014400,4.409
651867,520,426,946,159,94,231,302.80,0.8070,0.5569,0.211462,34,21,15,45.71,0.3234,0.1090,0.009109,4.423
651871,520,418,938,241,44,25,30.19,0.9757,0.5563,0.205757,29,22,47,295.10,0.4641,0.1198,0.010403,4.234
651884,520,479,999,202,40,147,345.98,0.8483,0.5058,0.161827,1,0,1,328.36,1.0000,0.0103,0.000086,4.229
651893,520,378,898,244,10,203,338.30,0.9940,0.6025,0.237650,23,36,57,259.67,0.4319,0.1563,0.017393,4.268
651906,520,396,916,160,97,254,298.29,0.9846,0.5805,0.231790,64,5,26,5.84,0.8407,0.1417,0.012733,4.492
651922,520,443,963,204,58,174,337.49,0.8147,0.5391,0.189214,31,1,45,312.62,0.9304,0.0845,0.005025,4.347
651940,520,317,837,243,107,155,0.40,0.8235,0.6583,0.319394,37,57,31,138.68,0.5278,0.2194,0.034184,4.388
651957,520,333,853,249,10,253,327.48,0.9978,0.6431,0.274516,26,23,125,272.21,0.9504,0.1997,0.023129,4.438
651966,520,398,918,169,93,242,304.38,0.8757,0.5759,0.226750,15,39,5,137.65,0.9443,0.1409,0.015635,4.217
651987,520,468,988,209,41,139,350.83,0.8567,0.5161,0.170075,2,5,24,267.41,0.7919,0.0433,0.001874,4.243
652029,520,379,899,233,46,202,336.28,0.9397,0.5964,0.235445,53,28,36,359.70,0.3747,0.1599,0.017149,4.251
652042,520,410,930,243,1,144,355.26,0.9989,0.5699,0.210933,18,35,6,134.31,0.8717,0.1299,0.013438,4.113
652047,520,418,938,242,31,92,13.22,0.9631,0.5601,0.206333,30,9,73,289.59,0.8720,0.1219,0.009524,4.306
652051,520,427,947,161,89,240,302.35,0.8683,0.5583,0.210135,35,16,22,0.19,0.3909,0.1019,0.007859,4.496
652056,520,243,763,250,124,228,334.35,0.9666,0.7254,0.403432,32,65,110,256.74,0.6333,0.2797,0.052132,4.440
652073,520,399,919,254,34,65,22.13,0.9948,0.5813,0.226003,50,21,24,14.76,0.4811,0.1364,0.012805,4.395
652077,520,468,988,104,92,254,279.74,0.9917,0.5159,0.177525,2,1,37,270.27,0.9849,0.0443,0.001682,4.402
652078,520,409,929,237,7,167,346.93,0.9918,0.5695,0.209495,60,4,21,9.16,0.8614,0.1304,0.011018,4.253
652083,520,293,813,242,102,227,331.96,0.9302,0.6816,0.339285,26,65,14,139.30,0.9467,0.2357,0.040318,4.310
652084,520,465,985,208,14,178,336.73,0.9686,0.5214,0.169404,2,13,8,167.14,0.7085,0.0550,0.003183,4.125
652085,520,478,998,179,35,223,316.06,0.9394,0.5121,0.161146,2,1,4,302.09,0.5000,0.0201,0.000434,4.187
652086,520,368,888,231,39,234,327.50,0.9720,0.6089,0.243829,24,24,102,273.52,0.9022,0.1716,0.018067,4.317
652108,520,460,980,234,9,69,18.19,0.9919,0.5309,0.181206,10,5,40,282.40,0.8307,0.0628,0.003263,4.341
652121,520,384,904,203,63,242,317.69,0.9353,0.5866,0.226638,10,20,93,267.89,0.9465,0.1459,0.013551,4.353
652123,520,441,961,210,71,120,2.46,0.7490,0.5402,0.195664,2,25,18,170.84,0.8885,0.0917,0.007518,4.271
652180,520,435,955,201,4,235,319.94,0.9968,0.5468,0.185041,14,15,40,278.53,0.5713,0.0851,0.005882,4.206
652183,520,471,991,231,6,24,27.43,0.9966,0.5184,0.171882,13,1,17,319.44,0.7938,0.0402,0.001478,4.310
652184,520,476,996,188,49,187,328.35,0.8405,0.5109,0.164773,1,1,0,109.77,1.0000,0.0157,0.000282,4.271
652188,520,467,987,219,22,132,354.81,0.9443,0.5222,0.173024,2,2,35,270.23,0.9651,0.0448,0.001777,4.307
652193,520,378,898,251,32,150,355.64,0.9680,0.5970,0.237477,62,10,66,324.86,0.7904,0.1649,0.016347,4.333
652199,520,431,951,210,52,178,337.70,0.8522,0.5464,0.193740,17,0,72,279.32,1.0000,0.0953,0.005870,4.363
652204,520,351,871,246,86,137,4.52,0.8873,0.6286,0.280577,52,41,41,18.13,0.1420,0.1914,0.024761,4.422
652214,520,420,940,235,38,125,1.37,0.9272,0.5594,0.205321,26,26,7,108.92,0.5839,0.1102,0.009737,4.274
652222,520,418,938,230,61,83,18.65,0.8812,0.5563,0.207879,5,34,27,174.05,0.8067,0.1247,0.012554,4.123
652229,520,421,941,216,66,152,349.40,0.7943,0.5577,0.207646,18,16,67,277.08,0.8254,0.1143,0.009044,4.364
652238,520,445,965,206,72,129,357.56,0.7320,0.5375,0.193436,28,8,25,333.27,0.5592,0.0785,0.004908,4.434
652241,520,480,1000,197,56,140,348.36,0.7768,0.5073,0.165940,0,0,0,0.00,0.0000,0.0000,0.000000,4.319
652256,520,472,992,176,18,242,311.24,0.9839,0.5158,0.160745,9,0,11,323.52,1.0000,0.0297,0.000822,4.147
652259,520,392,912,204,73,236,319.02,0.9039,0.5940,0.236601,25,25,79,276.97,0.7585,0.1492,0.014664,4.432
652266,520,430,950,181,95,163,335.56,0.5801,0.5462,0.206537,26,17,39,301.43,0.4704,0.1005,0.007670,4.448
652278,520,359,879,246,38,207,337.87,0.9698,0.6179,0.254871,75,22,0,41.37,1.0000,0.1811,0.020699,4.312
652290,520,398,918,225,80,125,4.84,0.7693,0.5801,0.232281,30,23,71,284.77,0.6899,0.1422,0.013437,4.450
652293,520,303,823,243,99,200,340.98,0.8967,0.6655,0.321512,58,48,64,312.68,0.2256,0.2269,0.033836,4.431
652295,520,470,990,196,34,201,326.80,0.9226,0.5232,0.170985,2,8,10,213.96,0.4852,0.0436,0.002085,4.243
652322,520,358,878,239,87,154,356.42,0.8334,0.6236,0.275030,19,48,30,154.47,0.6633,0.1780,0.023460,4.425
652335,520,470,990,225,33,44,25.59,0.9651,0.5174,0.172800,7,6,10,297.70,0.1944,0.0436,0.001973,4.287
652348,520,407,927,232,78,26,36.98,0.9580,0.5724,0.226821,19,33,15,138.93,0.5592,0.1260,0.012606,4.422
652355,520,477,997,225,4,31,26.21,0.9973,0.5053,0.161962,0,1,17,263.76,1.0019,0.0249,0.000622,4.187
652356,520,408,928,212,13,236,322.51,0.9914,0.5681,0.203429,9,27,65,262.83,0.7893,0.1304,0.012235,4.072
652367,520,402,922,225,57,189,338.28,0.8853,0.5833,0.226103,44,25,10,57.52,0.5620,0.1319,0.012527,4.416
652381,520,406,926,234,8,205,335.51,0.9938,0.5848,0.220766,1,34,47,228.59,0.9380,0.1325,0.013557,4.260
652382,520,401,921,207,24,253,317.35,0.9914,0.5764,0.210122,38,6,88,291.27,0.9331,0.1450,0.012469,4.164
652393,520,391,911,210,48,250,318.31,0.9768,0.5913,0.227194,8,9,105,267.45,0.9866,0.1459,0.012668,4.423
652395,520,305,825,252,77,226,334.59,0.9842,0.6681,0.314972,11,65,8,142.26,0.9818,0.2291,0.038691,4.115
652400,520,361,881,226,90,189,339.72,0.7959,0.6211,0.271575,62,34,8,59.64,0.7396,0.1811,0.021859,4.475
652402,520,440,960,209,29,211,327.73,0.9568,0.5502,0.191391,39,4,27,344.31,0.7543,0.0907,0.005974,4.313
652413,520,479,999,176,78,161,333.71,0.6563,0.5101,0.172533,2,0,0,29.23,1.0000,0.0120,0.000129,4.439
652434,520,116,636,251,191,250,326.95,0.9667,0.8567,0.646744,20,108,10,141.83,0.9917,0.3797,0.108953,4.383
652447,520,476,996,122,90,231,288.81,0.8270,0.5084,0.172193,2,0,10,292.48,1.0000,0.0196,0.000348,4.413
652449,520,475,995,208,67,59,27.35,0.8445,0.5163,0.177422,6,1,5,333.18,0.6128,0.0264,0.000714,4.484
652452,520,344,864,240,105,7,46.41,0.9907,0.6251,0.286467,21,52,14,140.12,0.9115,0.1890,0.026470,4.400
652471,520,403,923,201,78,212,324.36,0.8228,0.5792,0.226213,10,35,27,169.53,0.6418,0.1303,0.013457,4.353
652473,520,456,976,219,39,120,0.20,0.8888,0.5266,0.178697,0,2,53,264.21,0.9917,0.0621,0.003004,4.315
652482,520,422,942,185,58,252,310.40,0.9810,0.5629,0.203697,2,31,21,166.82,0.9315,0.1115,0.010470,4.195
652483,520,427,947,181,63,247,309.96,0.9501,0.5578,0.200951,26,1,65,291.71,0.9777,0.0977,0.006230,4.463
652495,520,443,963,213,55,140,352.43,0.8171,0.5359,0.187742,36,0,34,330.71,1.0000,0.0828,0.004906,4.330
652497,520,380,900,236,5,230,329.75,0.9977,0.6039,0.236572,26,16,103,276.07,0.9375,0.1622,0.015694,4.362
652509,520,444,964,196,48,218,322.02,0.9100,0.5449,0.189131,32,7,11,12.45,0.6078,0.0775,0.004832,4.361
652535,520,416,936,205,52,226,322.48,0.9224,0.5685,0.209278,17,33,16,142.88,0.5752,0.1248,0.012443,4.152
652537,520,451,971,225,39,128,358.42,0.9017,0.5414,0.190198,15,6,39,290.43,0.7587,0.0683,0.003783,4.466
652538,520,465,985,173,80,178,325.52,0.6804,0.5182,0.178369,5,1,43,275.28,0.9816,0.0533,0.002284,4.368
652561,520,471,991,184,63,192,325.25,0.7977,0.5217,0.175524,10,2,13,319.04,0.6423,0.0375,0.001370,4.390
652563,520,376,896,219,68,222,327.12,0.9010,0.6029,0.244703,37,24,82,287.81,0.7312,0.1617,0.016558,4.428
652568,520,426,946,237,59,65,24.40,0.9213,0.5649,0.215172,22,21,47,282.99,0.5021,0.1104,0.009121,4.485
652595,520,413,933,224,31,199,334.80,0.9561,0.5700,0.209532,24,26,45,278.40,0.3689,0.1229,0.011224,4.239
652619,520,374,894,249,42,165,350.89,0.9533,0.6046,0.245156,15,41,52,228.35,0.5584,0.1629,0.019353,4.256
652629,520,425,945,237,45,77,18.78,0.9378,0.5552,0.204203,28,18,53,293.31,0.6137,0.1148,0.009365,4.282
652642,520,370,890,216,81,221,326.32,0.8668,0.6117,0.257061,19,46,25,149.24,0.6937,0.1701,0.021626,4.287
652653,520,346,866,232,56,250,323.82,0.9807,0.6322,0.268886,29,50,39,160.53,0.3936,0.1936,0.026888,4.147
652656,520,362,882,207,81,239,318.83,0.9101,0.6097,0.253838,31,44,37,161.03,0.2447,0.1759,0.022262,4.205
652659,520,446,966,229,4,133,356.13,0.9928,0.5378,0.184412,3,13,47,264.65,0.8828,0.0790,0.005124,4.252
652664,520,357,877,250,9,215,336.53,0.9962,0.6204,0.254289,8,49,30,158.71,0.8997,0.1766,0.023419,4.145
652670,520,186,706,242,165,243,326.28,0.9073,0.7925,0.522602,9,93,19,143.95,0.9912,0.3270,0.079335,4.427
652689,520,467,987,197,37,185,331.71,0.8911,0.5161,0.166980,3,2,22,278.76,0.8465,0.0352,0.001207,4.237
652697,520,359,879,236,39,243,326.60,0.9789,0.6235,0.257575,7,20,122,266.03,0.9774,0.1824,0.019505,4.425
652704,520,436,956,204,76,155,345.80,0.7259,0.5501,0.203747,33,12,21,354.31,0.4698,0.0910,0.006405,4.499
652709,520,371,891,175,109,248,303.25,0.8990,0.6134,0.268290,44,40,12,101.24,0.6391,0.1712,0.020796,4.496
652713,520,394,914,255,49,56,25.70,1.0000,0.5913,0.237459,20,33,50,255.50,0.4112,0.1414,0.014667,4.445
652723,520,427,947,248,8,79,16.67,0.9946,0.5623,0.206982,7,9,74,269.29,0.9644,0.1041,0.007349,4.481
652727,520,352,872,253,87,39,35.94,0.9872,0.6239,0.278490,18,54,12,140.96,0.9446,0.1940,0.027934,4.215
652729,520,428,948,239,24,131,359.29,0.9653,0.5627,0.206458,41,12,21,3.04,0.5680,0.1040,0.007886,4.430
652740,520,350,870,235,89,189,342.15,0.8435,0.6344,0.284836,16,45,76,252.38,0.6733,0.1907,0.025086,4.459
652751,520,405,925,219,45,212,330.00,0.9336,0.5773,0.216925,23,11,83,279.09,0.9217,0.1287,0.010460,4.415
652755,520,465,985,191,17,216,321.64,0.9754,0.5181,0.164366,4,9,12,228.38,0.3043,0.0486,0.002477,4.085
652779,520,319,839,250,110,16,46.03,0.9852,0.6504,0.315165,0,63,11,145.02,1.0000,0.2193,0.035790,4.256
652791,520,437,957,199,11,246,316.90,0.9932,0.5539,0.190368,18,12,47,285.86,0.6970,0.0883,0.005968,4.295
652794,520,437,957,225,57,113,5.98,0.8490,0.5505,0.201287,7,14,57,269.19,0.8802,0.0931,0.006546,4.444
652823,520,373,893,204,73,245,316.86,0.9420,0.6004,0.241965,69,17,5,34.81,0.8875,0.1620,0.016773,4.373
652824,520,305,825,246,116,139,10.97,0.8390,0.6720,0.339505,24,56,87,249.86,0.6146,0.2339,0.037105,4.472
652826,520,418,938,231,19,157,348.89,0.9692,0.5559,0.198918,1,31,44,230.39,0.9275,0.1217,0.011682,4.036
652828,520,258,778,193,161,197,322.57,0.3469,0.7082,0.408589,7,76,29,148.25,0.9840,0.2692,0.053025,4.451
652849,520,445,965,232,23,92,11.42,0.9671,0.5359,0.185443,33,7,16,0.97,0.6082,0.0807,0.005128,4.271
652851,520,411,931,250,3,88,14.15,0.9979,0.5674,0.210973,1,30,44,233.00,0.9221,0.1187,0.011168,4.267
652856,520,476,996,153,85,196,310.35,0.6900,0.5093,0.172554,1,0,10,281.20,1.0000,0.0178,0.000284,4.426
652877,520,472,992,205,26,172,337.88,0.9258,0.5167,0.166985,0,4,14,251.96,1.0000,0.0326,0.001185,4.239
652894,520,342,862,251,75,158,355.89,0.9513,0.6323,0.280133,27,50,21,139.41,0.7065,0.1873,0.025683,4.362
652905,520,444,964,178,65,230,312.73,0.8776,0.5420,0.189597,37,1,22,348.53,0.8611,0.0797,0.004730,4.378
652906,520,309,829,232,79,254,322.38,0.9952,0.6553,0.299057,57,46,57,326.14,0.1875,0.2173,0.031193,4.299
652908,520,398,918,238,55,145,356.10,0.8901,0.5847,0.229569,23,16,89,276.67,0.9096,0.1427,0.012739,4.456
652922,520,417,937,233,71,71,24.92,0.8833,0.5707,0.222880,23,31,9,125.99,0.6229,0.1220,0.011818,4.414
652937,520,430,950,212,27,201,331.20,0.9552,0.5479,0.190000,42,11,6,32.24,0.7238,0.1002,0.007448,4.178
652956,520,327,847,232,79,249,323.57,0.9731,0.6521,0.295895,15,47,89,256.59,0.7568,0.2060,0.028557,4.403
652967,520,423,943,196,81,179,333.72,0.7225,0.5558,0.208768,2,5,87,265.46,0.9912,0.1129,0.008095,4.454
652980,520,468,988,211,36,148,347.76,0.8832,0.5207,0.172510,7,6,9,301.65,0.1559,0.0432,0.001951,4.283
652999,520,431,951,213,84,43,37.50,0.8679,0.5470,0.206635,24,18,44,291.97,0.5166,0.1037,0.008086,4.418
653002,520,470,990,221,37,95,9.87,0.9136,0.5214,0.175242,2,4,24,269.55,0.8297,0.0408,0.001657,4.360
653009,520,377,897,232,33,222,330.70,0.9731,0.5997,0.235200,9,10,114,267.30,0.9877,0.1602,0.014899,4.394
653030,520,404,924,202,87,186,333.23,0.7279,0.5774,0.229197,5,32,46,234.97,0.7432,0.1278,0.012625,4.458
653032,520,421,941,248,3,33,26.48,0.9987,0.5551,0.201350,55,0,7,20.22,1.0000,0.1109,0.008277,4.313
653089,520,475,995,158,67,236,304.44,0.8907,0.5211,0.173401,5,3,2,54.77,0.2372,0.0302,0.001018,4.379
653097,520,478,998,209,42,121,357.95,0.8526,0.5094,0.165940,3,1,6,305.83,0.6115,0.0228,0.000542,4.272
653114,520,384,904,240,67,127,4.44,0.8729,0.5931,0.240749,1,24,97,263.54,0.9880,0.1542,0.015227,4.458
653118,520,471,991,177,45,231,313.20,0.9266,0.5226,0.169944,20,0,1,22.02,1.0000,0.0404,0.001509,4.270
653123,520,379,899,255,65,29,32.53,1.0000,0.6024,0.251330,24,43,18,138.56,0.6619,0.1619,0.019656,4.326
653126,520,441,961,180,43,252,309.59,0.9838,0.5435,0.184603,11,19,34,262.25,0.4380,0.0882,0.006524,4.151
653132,520,423,943,250,4,48,24.09,0.9981,0.5610,0.206279,20,19,55,280.12,0.6502,0.1105,0.008903,4.351
653139,520,311,831,241,120,80,38.76,0.8543,0.6577,0.327157,19,61,14,141.58,0.9523,0.2187,0.035075,4.433
653143,520,453,973,192,61,184,330.48,0.7997,0.5275,0.180062,2,19,1,141.34,0.9797,0.0693,0.004808,4.198
653151,520,467,987,216,51,71,19.91,0.8874,0.5166,0.174240,10,3,13,317.60,0.5429,0.0401,0.001587,4.347
653152,520,422,942,239,44,60,23.59,0.9528,0.5557,0.204816,31,16,53,299.17,0.6467,0.1146,0.009189,4.305
653163,520,169,689,244,173,236,330.50,0.9097,0.8072,0.551779,49,92,31,137.65,0.8800,0.3403,0.084060,4.489
653170,520,467,987,215,57,36,31.01,0.9281,0.5156,0.175032,12,1,24,305.62,0.8600,0.0433,0.001658,4.356
653182,520,388,908,250,34,142,358.12,0.9607,0.5929,0.234245,56,6,63,322.37,0.8267,0.1478,0.013300,4.490
653183,520,462,982,197,24,221,321.99,0.9679,0.5346,0.177456,4,10,20,255.65,0.4714,0.0543,0.002934,4.297
653195,520,356,876,239,90,123,10.12,0.8302,0.6173,0.270960,22,51,2,135.61,0.9855,0.1848,0.025425,4.255
653198,520,412,932,253,16,52,23.85,0.9926,0.5705,0.215050,57,5,7,24.46,0.9093,0.1220,0.009939,4.422
653207,520,413,933,211,55,205,329.73,0.8881,0.5668,0.209910,25,28,30,236.83,0.0712,0.1213,0.011309,4.239
653212,520,424,944,226,34,177,341.75,0.9360,0.5627,0.204897,51,3,22,2.01,0.8377,0.1104,0.008270,4.374
653237,520,313,833,254,104,97,25.62,0.9877,0.6567,0.318379,49,47,81,285.25,0.4082,0.2243,0.032800,4.449
653242,520,363,883,220,38,255,320.02,1.0000,0.6051,0.238238,71,19,0,40.18,1.0000,0.1684,0.018056,4.235
653244,520,298,818,241,103,202,339.95,0.8819,0.6687,0.326681,38,59,56,184.87,0.2853,0.2345,0.038254,4.268
653268,520,476,996,174,24,236,311.83,0.9725,0.5096,0.157090,1,0,7,286.54,1.0000,0.0158,0.000218,4.124
653278,520,333,853,252,34,223,335.06,0.9863,0.6361,0.271704,19,56,23,145.59,0.8889,0.2030,0.030286,4.007
653290,520,256,776,246,120,233,331.41,0.9504,0.7161,0.389113,65,67,10,111.62,0.8629,0.2738,0.051601,4.322
653294,520,409,929,173,97,217,311.45,0.7411,0.5697,0.224441,26,33,25,141.61,0.2173,0.1346,0.013775,4.303
653300,520,443,963,212,73,109,8.37,0.7526,0.5428,0.198685,10,20,2,130.95,0.8737,0.0781,0.005692,4.465
653301,520,360,880,245,5,232,331.32,0.9982,0.6212,0.253502,65,28,25,26.23,0.5390,0.1766,0.020247,4.321
653308,520,426,946,215,58,176,339.88,0.8415,0.5595,0.206100,43,0,56,316.66,1.0000,0.1120,0.007992,4.416
653314,520,391,911,255,36,79,18.76,1.0000,0.5867,0.230901,67,8,30,4.05,0.7987,0.1528,0.014609,4.348
653340,520,464,984,138,78,244,294.63,0.9153,0.5178,0.173838,9,2,39,283.91,0.9209,0.0550,0.002480,4.265
653353,520,477,997,134,84,230,294.68,0.8301,0.5103,0.171222,0,2,7,251.28,1.0000,0.0226,0.000588,4.373
653359,520,447,967,235,31,42,26.11,0.9747,0.5372,0.188125,35,4,22,347.98,0.7288,0.0813,0.005021,4.328
653361,520,475,995,190,65,175,332.95,0.7670,0.5233,0.178244,4,3,14,286.57,0.5682,0.0343,0.001226,4.456
653370,520,14,534,249,248,246,84.56,0.1630,0.9759,0.939284,10,132,99,167.30,0.9781,0.4732,0.174671,4.403
653385,520,333,853,195,112,240,312.29,0.8501,0.6378,0.294827,63,42,3,77.77,0.9034,0.2014,0.027194,4.467
653395,520,446,966,200,5,232,320.36,0.9957,0.5430,0.182157,28,12,20,349.26,0.3952,0.0833,0.005604,4.175
653420,520,461,981,234,17,51,23.18,0.9873,0.5302,0.181355,21,3,4,18.21,0.6720,0.0504,0.002333,4.421
653434,520,404,924,233,46,177,343.71,0.9181,0.5829,0.224547,1,30,59,251.20,0.9347,0.1293,0.012507,4.392
653435,520,353,873,249,74,136,3.51,0.9301,0.6199,0.268182,45,43,31,99.66,0.2233,0.1849,0.023846,4.309
653442,520,360,880,226,68,224,328.50,0.9153,0.6155,0.256870,33,47,21,131.97,0.5647,0.1824,0.024105,4.141
653460,520,354,874,249,15,209,337.85,0.9926,0.6162,0.250880,58,15,83,309.51,0.8008,0.1775,0.018658,4.382
653499,520,243,763,194,159,247,301.76,0.8119,0.7285,0.429813,0,79,51,161.25,1.0000,0.2831,0.058307,4.430
653502,520,445,965,209,48,171,339.65,0.8546,0.5374,0.186116,24,11,31,312.73,0.5155,0.0816,0.005325,4.268
653505,520,473,993,197,49,178,333.95,0.8382,0.5208,0.172830,2,3,4,243.12,0.1775,0.0274,0.000868,4.381
653509,520,449,969,178,63,231,312.61,0.8848,0.5406,0.187905,28,8,0,52.21,1.0000,0.0701,0.004206,4.389
653510,520,454,974,227,24,97,9.04,0.9577,0.5273,0.178501,16,11,16,326.18,0.1987,0.0651,0.003869,4.242
653524,520,396,916,242,32,154,352.57,0.9550,0.5811,0.222465,51,26,2,61.46,0.8658,0.1440,0.014471,4.226
653538,520,398,918,234,68,131,1.97,0.8405,0.5844,0.232682,3,34,53,240.12,0.8340,0.1373,0.014204,4.403
653540,520,307,827,220,128,178,347.06,0.6196,0.6672,0.338701,20,64,2,138.77,0.9936,0.2283,0.038198,4.407
653569,520,408,928,250,34,2,30.81,0.9986,0.5681,0.214761,50,16,27,2.29,0.5735,0.1285,0.011279,4.321
653586,520,428,948,243,23,87,14.40,0.9775,0.5576,0.203590,45,2,35,339.27,0.8360,0.1031,0.007227,4.431
653605,520,470,990,195,12,214,323.30,0.9834,0.5220,0.167217,8,1,23,297.53,0.8681,0.0386,0.001352,4.230
653608,520,418,938,217,80,86,21.17,0.7758,0.5552,0.211633,46,14,35,342.96,0.5944,0.1217,0.010163,4.349
653655,520,468,988,181,61,197,322.77,0.8118,0.5180,0.171937,15,1,0,35.83,1.0000,0.0354,0.001233,4.332
653659,520,468,988,211,12,161,342.78,0.9694,0.5169,0.166873,1,5,25,263.69,0.8799,0.0430,0.001852,4.183
653668,520,460,980,166,56,247,305.65,0.9532,0.5297,0.176514,0,1,54,264.16,0.9961,0.0613,0.002880,4.284
653670,520,346,866,221,97,209,331.41,0.8077,0.6331,0.285269,9,54,25,150.89,0.9428,0.1928,0.027665,4.317
653671,520,384,904,211,62,226,323.94,0.9086,0.5869,0.227869,42,29,34,353.92,0.2165,0.1453,0.014865,4.284
653674,520,458,978,189,9,239,315.74,0.9926,0.5314,0.172475,26,1,13,351.54,0.8166,0.0567,0.002704,4.221
653686,520,317,837,242,91,219,334.24,0.9253,0.6634,0.314765,23,57,50,178.15,0.5680,0.2163,0.033386,4.374
653695,520,400,920,203,77,214,324.44,0.8345,0.5823,0.228609,7,36,47,227.02,0.7087,0.1413,0.015121,4.278
653705,520,393,913,222,54,207,332.15,0.9118,0.5860,0.226752,14,11,98,270.49,0.9734,0.1414,0.012145,4.453
653717,520,273,793,235,125,214,334.77,0.8389,0.6989,0.371865,54,64,39,126.22,0.3820,0.2579,0.045975,4.396
653731,520,410,930,222,84,98,17.55,0.7644,0.5725,0.227546,42,26,16,52.65,0.4002,0.1324,0.012685,4.428
653734,520,448,968,200,36,212,324.95,0.9349,0.5391,0.182963,33,9,4,36.26,0.6909,0.0809,0.005275,4.215
653744,520,405,925,225,18,217,330.29,0.9852,0.5784,0.214523,43,21,40,332.10,0.4519,0.1319,0.012032,4.264
653756,520,436,956,222,62,101,11.12,0.8325,0.5463,0.199170,31,13,11,27.21,0.4372,0.0866,0.006034,4.447
653762,520,474,994,177,48,227,314.02,0.9128,0.5217,0.170081,1,4,3,174.84,0.5100,0.0289,0.000999,4.315
653774,520,358,878,234,69,209,334.79,0.9055,0.6208,0.263547,37,47,7,122.56,0.8392,0.1838,0.024417,4.213
653775,520,390,910,230,44,198,336.66,0.9358,0.5875,0.227041,26,31,69,274.68,0.5881,0.1544,0.016292,4.179
653778,520,398,918,220,60,188,337.35,0.8642,0.5766,0.220805,7,36,38,201.56,0.6965,0.1366,0.014468,4.201
653794,520,410,930,209,16,248,319.04,0.9913,0.5731,0.207050,16,4,98,272.08,0.9892,0.1348,0.010788,4.229
653803,520,383,903,243,46,166,349.47,0.9314,0.5962,0.237650,29,24,80,280.83,0.7512,0.1517,0.014936,4.430
653813,520,394,914,223,21,240,324.29,0.9883,0.5919,0.225178,26,35,5,124.20,0.8148,0.1362,0.014326,4.278
653815,520,471,991,222,14,121,359.12,0.9703,0.5212,0.172268,5,8,4,136.74,0.3152,0.0444,0.002147,4.262
653838,520,475,995,191,58,172,334.25,0.7895,0.5155,0.170826,0,1,25,264.14,0.9843,0.0311,0.000919,4.337
653857,520,444,964,171,73,223,311.48,0.8333,0.5361,0.187515,1,7,63,265.06,0.9754,0.0839,0.005172,4.305
653864,520,471,991,228,25,29,27.71,0.9813,0.5182,0.172809,5,6,14,276.05,0.3529,0.0432,0.001942,4.290
653872,520,287,807,246,94,248,327.24,0.9732,0.6896,0.343781,49,56,58,216.78,0.0859,0.2359,0.037868,4.482
653901,520,280,800,236,141,60,57.39,0.8530,0.6865,0.372113,16,69,31,148.93,0.9399,0.2478,0.044652,4.460
653927,520,351,871,237,29,251,325.12,0.9888,0.6263,0.258508,21,51,31,152.80,0.6697,0.1892,0.026259,4.046
653928,520,433,953,220,76,25,37.58,0.9466,0.5472,0.204573,6,24,35,237.54,0.6001,0.0988,0.008133,4.379
653945,520,418,938,221,47,167,344.09,0.8806,0.5565,0.201976,54,1,40,341.65,0.9096,0.1223,0.009593,4.228
653950,520,362,882,241,96,44,38.72,0.9258,0.6149,0.272514,31,46,26,138.10,0.4615,0.1787,0.023198,4.406
653958,520,478,998,152,54,246,301.41,0.9504,0.5078,0.159680,4,1,1,21.00,0.4725,0.0215,0.000497,4.152
653969,520,459,979,182,34,237,313.73,0.9582,0.5280,0.172047,23,4,6,14.13,0.6208,0.0562,0.002822,4.204
653977,520,348,868,183,120,222,311.30,0.7013,0.6256,0.287748,7,48,70,237.79,0.8044,0.1921,0.026011,4.443
653981,520,476,996,196,69,118,359.96,0.7130,0.5118,0.173018,6,0,0,29.23,1.0000,0.0198,0.000387,4.426
653991,520,453,973,157,85,211,307.94,0.7464,0.5252,0.183688,4,8,44,269.29,0.8960,0.0675,0.003813,4.343
654001,520,420,940,148,101,230,297.39,0.7823,0.5551,0.213166,41,13,33,339.75,0.5736,0.1107,0.008691,4.484
654003,520,409,929,235,62,107,10.57,0.8706,0.5728,0.221719,34,13,76,291.20,0.8303,0.1348,0.011497,4.418
654019,520,471,991,176,79,176,327.51,0.6851,0.5200,0.179578,3,7,8,210.91,0.2917,0.0414,0.001888,4.424
654021,520,385,905,216,77,186,337.35,0.8002,0.5868,0.234539,72,1,18,15.57,0.9776,0.1530,0.014433,4.416
654039,520,416,936,216,92,81,27.57,0.7454,0.5701,0.228496,16,31,35,216.52,0.3450,0.1247,0.012114,4.484
654051,520,473,993,223,2,126,357.27,0.9956,0.5224,0.172405,4,5,2,121.23,0.3605,0.0349,0.001387,4.328
654057,520,472,992,172,32,252,307.60,0.9853,0.5249,0.168328,3,3,15,279.44,0.6193,0.0337,0.001190,4.265
654058,520,468,988,207,69,63,26.53,0.8260,0.5176,0.178827,6,1,24,290.49,0.8907,0.0372,0.001264,4.464
654069,520,359,879,231,48,246,324.60,0.9698,0.6223,0.257590,3,50,21,151.12,0.9806,0.1760,0.023546,4.182
654085,520,414,934,220,45,204,332.45,0.9254,0.5740,0.214543,20,33,5,130.32,0.8433,0.1249,0.012474,4.234
654091,520,439,959,192,44,236,316.58,0.9427,0.5492,0.190653,40,9,11,19.49,0.6636,0.0946,0.006707,4.244
654116,520,414,934,222,20,210,331.35,0.9792,0.5691,0.206854,10,35,1,137.59,0.9887,0.1244,0.012687,4.097
654164,520,369,889,223,86,181,341.60,0.7833,0.6071,0.256820,18,40,59,246.55,0.5289,0.1657,0.019619,4.407
654176,520,339,859,254,60,188,345.57,0.9914,0.6368,0.279367,4,56,47,177.52,0.9393,0.2047,0.030593,4.087
654177,520,443,963,221,66,18,35.64,0.9692,0.5362,0.193149,34,4,24,343.19,0.7264,0.0805,0.004929,4.427
654206,520,334,854,250,6,251,328.14,0.9987,0.6429,0.274223,45,49,24,116.39,0.4680,0.2006,0.028205,4.146
654213,520,470,990,200,16,202,327.77,0.9724,0.5231,0.169160,9,1,18,307.70,0.8129,0.0364,0.001235,4.278
654235,520,428,948,199,76,181,333.88,0.7531,0.5550,0.206488,6,10,74,268.43,0.9633,0.1049,0.007502,4.461
654250,520,435,955,223,67,62,26.55,0.8786,0.5455,0.200528,30,12,26,335.85,0.4649,0.0887,0.006136,4.463
654259,520,357,877,239,103,52,39.76,0.8983,0.6228,0.283021,36,47,2,122.84,0.9539,0.1823,0.024125,4.493
654263,520,374,894,251,44,127,3.87,0.9655,0.5953,0.238464,21,42,14,138.46,0.7821,0.1558,0.018470,4.213
654266,520,433,953,205,74,149,348.49,0.7312,0.5466,0.200486,22,22,31,284.72,0.2053,0.1031,0.008433,4.287
654270,520,442,962,220,53,132,357.01,0.8418,0.5439,0.194303,20,12,35,297.57,0.5405,0.0813,0.005330,4.415
654283,520,398,918,240,59,101,12.95,0.8973,0.5780,0.225959,24,36,18,135.74,0.4851,0.1399,0.014996,4.246
654284,520,474,994,231,9,19,28.12,0.9951,0.5188,0.172344,2,1,18,278.63,0.9008,0.0283,0.000783,4.378
654286,520,450,970,182,26,251,310.90,0.9817,0.5361,0.176500,17,2,42,294.72,0.9017,0.0653,0.003298,4.250
654294,520,394,914,225,66,180,341.48,0.8484,0.5869,0.232017,16,29,67,266.68,0.6920,0.1407,0.013941,4.411
654302,520,320,840,249,109,66,37.48,0.9438,0.6508,0.314735,3,61,19,147.29,0.9907,0.2142,0.034037,4.340
654323,520,432,952,167,72,253,303.60,0.9827,0.5535,0.199426,44,6,26,352.04,0.7275,0.1025,0.007404,4.345
654325,520,300,820,226,109,225,327.75,0.8470,0.6666,0.325442,78,39,56,353.52,0.4469,0.2314,0.033565,4.493
654342,520,399,919,209,100,103,20.11,0.6390,0.5763,0.236509,7,37,26,165.40,0.7957,0.1350,0.014428,4.447
654345,520,423,943,250,6,17,28.37,0.9978,0.5591,0.204984,31,20,25,350.06,0.2339,0.1059,0.008618,4.350
654348,520,376,896,245,36,184,344.07,0.9614,0.6028,0.241381,4,44,30,164.87,0.9288,0.1583,0.019208,4.210
654377,520,425,945,221,18,196,334.85,0.9761,0.5577,0.197927,31,2,73,292.48,0.9644,0.1142,0.008158,4.263
654390,520,399,919,220,49,211,330.52,0.9251,0.5812,0.221176,51,20,41,341.20,0.5323,0.1432,0.013643,4.261
654401,520,416,936,217,65,170,342.80,0.8169,0.5669,0.214368,44,21,2,59.02,0.8328,0.1216,0.010763,4.351
654403,520,407,927,245,30,115,6.01,0.9627,0.5720,0.215822,61,8,5,29.06,0.9062,0.1339,0.011769,4.303
654426,520,444,964,211,79,36,37.48,0.8939,0.5354,0.195705,29,1,47,308.23,0.9407,0.0833,0.004882,4.477
654429,520,0,520,255,255,255,0.00,0.0000,1.0000,1.000000,57,136,15,138.09,0.9867,0.4844,0.185121,4.466
654431,520,411,931,231,0,186,339.96,1.0000,0.5665,0.205368,28,29,17,112.02,0.3045,0.1228,0.011661,4.142
654434,520,266,786,253,120,187,350.77,0.9612,0.7056,0.379063,42,68,5,130.56,0.9647,0.2550,0.046374,4.452
654436,520,218,738,217,158,239,316.58,0.7863,0.7477,0.454384,38,83,2,135.85,0.9946,0.3017,0.066028,4.347
654444,520,381,901,218,47,241,322.48,0.9593,0.5968,0.232913,57,7,78,312.76,0.8644,0.1634,0.015720,4.305
654447,520,446,966,236,30,19,29.41,0.9824,0.5370,0.188117,30,6,24,338.25,0.6340,0.0775,0.004723,4.351
654449,520,461,981,187,4,243,314.35,0.9969,0.5305,0.171239,0,3,36,263.81,1.0023,0.0462,0.001925,4.261
654472,520,404,924,219,47,217,328.67,0.9354,0.5819,0.221050,58,8,8,25.75,0.8693,0.1280,0.010909,4.450
654486,520,306,826,232,91,253,322.26,0.9895,0.6680,0.317319,0,67,18,146.62,1.0000,0.2343,0.040578,4.055
654497,520,376,896,226,84,159,350.95,0.7712,0.5996,0.250150,28,40,18,132.09,0.5346,0.1556,0.018081,4.409
654499,520,406,926,249,33,109,8.77,0.9636,0.5798,0.223351,36,20,55,302.65,0.5895,0.1298,0.011512,4.444
654540,520,452,972,204,58,148,347.18,0.7893,0.5258,0.180036,25,9,12,8.58,0.4180,0.0708,0.004286,4.237
654549,520,330,850,236,66,238,327.52,0.9484,0.6388,0.279048,19,55,63,214.71,0.6091,0.2139,0.032296,3.998
654554,520,421,941,227,58,117,4.87,0.8502,0.5566,0.206441,43,6,48,322.72,0.7804,0.1136,0.008573,4.378
654580,520,458,978,165,59,249,304.73,0.9618,0.5331,0.179674,1,15,7,160.42,0.9176,0.0590,0.003634,4.282
654581,520,440,960,219,39,177,340.12,0.9102,0.5525,0.196878,12,20,26,241.23,0.2735,0.0871,0.006530,4.367
654582,520,450,970,213,6,193,333.66,0.9904,0.5382,0.181288,31,6,5,26.23,0.6943,0.0725,0.004326,4.257
654596,520,352,872,235,28,252,324.44,0.9899,0.6232,0.255234,20,33,106,268.85,0.8871,0.1907,0.022769,4.195
654606,520,414,934,202,60,225,321.66,0.9002,0.5699,0.212261,26,23,49,286.94,0.4753,0.1203,0.010541,4.332
654610,520,300,820,246,89,215,336.46,0.9427,0.6653,0.316466,60,54,10,101.31,0.8052,0.2303,0.036210,4.251
654613,520,432,952,247,0,16,28.23,1.0000,0.5513,0.198152,23,24,13,112.44,0.3176,0.1028,0.008645,4.231
654617,520,410,930,239,2,157,350.37,0.9976,0.5677,0.208316,20,6,87,276.58,0.9683,0.1252,0.009670,4.329
654640,520,161,681,202,201,191,102.06,0.1064,0.8067,0.580915,59,95,1,130.58,0.9965,0.3541,0.091162,4.469
654660,520,431,951,234,12,133,357.29,0.9823,0.5497,0.194518,49,4,7,22.17,0.8888,0.1037,0.007553,4.249
654672,520,455,975,205,47,168,339.55,0.8465,0.5277,0.178413,14,9,14,326.23,0.2147,0.0583,0.003204,4.293
654680,520,411,931,222,39,198,334.63,0.9356,0.5701,0.210602,60,0,13,15.68,1.0000,0.1233,0.009899,4.351
654700,520,205,725,251,145,239,331.28,0.9769,0.7660,0.469942,69,72,85,275.11,0.1389,0.3123,0.065558,4.499
654705,520,427,947,236,57,32,31.25,0.9590,0.5573,0.208665,25,23,5,103.33,0.6301,0.1006,0.008304,4.436
654707,520,437,957,208,39,201,330.11,0.9210,0.5472,0.190799,11,17,41,270.46,0.5852,0.0881,0.006321,4.275
654710,520,379,899,235,6,229,329.76,0.9971,0.6016,0.234522,58,17,53,332.74,0.6630,0.1572,0.015576,4.339
654742,520,471,991,160,76,222,307.43,0.8174,0.5241,0.179170,11,2,9,333.93,0.5909,0.0369,0.001343,4.464
654775,520,449,969,194,62,201,325.78,0.8332,0.5427,0.191331,1,15,29,245.46,0.8266,0.0684,0.004368,4.439
654782,520,331,851,243,83,185,345.21,0.8949,0.6386,0.287468,37,38,92,278.30,0.6455,0.1998,0.025522,4.468
654791,520,474,994,190,6,223,319.74,0.9928,0.5191,0.164065,3,0,18,287.41,1.0000,0.0264,0.000630,4.228
654798,520,401,921,253,46,18,30.96,0.9923,0.5821,0.228841,18,13,96,272.71,0.9579,0.1436,0.012609,4.454
654806,520,352,872,249,44,200,340.54,0.9641,0.6228,0.261144,28,47,51,212.32,0.3139,0.1885,0.025189,4.138
654813,520,412,932,206,28,242,319.43,0.9779,0.5675,0.203648,1,29,56,250.22,0.9275,0.1242,0.011706,4.111
654836,520,418,938,208,98,11,49.58,0.9615,0.5589,0.221715,1,30,44,233.00,0.9221,0.1187,0.011168,4.442
654839,520,186,706,253,155,243,330.65,0.9889,0.7878,0.507985,72,84,34,120.91,0.6410,0.3341,0.078338,4.348
654843,520,396,916,221,38,219,328.72,0.9560,0.5811,0.218751,10,12,99,268.49,0.9765,0.1419,0.012282,4.315
654844,520,385,905,220,46,232,325.15,0.9540,0.5931,0.229979,66,7,39,353.02,0.7951,0.1533,0.014569,4.336
654849,520,479,999,220,7,102,5.38,0.9858,0.5089,0.163296,2,0,0,29.23,1.0000,0.0120,0.000129,4.255
654860,520,379,899,226,18,243,324.36,0.9915,0.5983,0.230747,38,12,97,286.90,0.9086,0.1616,0.015381,4.294
654869,520,380,900,231,24,225,329.74,0.9837,0.5963,0.230809,60,14,52,335.50,0.7066,0.1561,0.015228,4.305
654873,520,381,901,242,68,132,3.02,0.8829,0.5995,0.246805,31,42,8,125.36,0.7912,0.1628,0.019647,4.262
654923,520,406,926,227,66,168,346.16,0.8400,0.5846,0.230570,18,29,54,264.84,0.5183,0.1318,0.012736,4.472
654937,520,305,825,234,134,44,57.18,0.8956,0.6685,0.347269,23,64,29,146.50,0.8738,0.2332,0.039375,4.445
654938,520,359,879,236,62,212,334.37,0.9256,0.6195,0.260342,52,40,1,90.94,0.9634,0.1801,0.022499,4.281
654948,520,257,777,251,127,163,3.14,0.8919,0.7051,0.383351,29,64,100,251.16,0.6152,0.2682,0.048479,4.400
654957,520,425,945,224,36,169,343.83,0.9217,0.5558,0.199762,20,23,41,275.69,0.3838,0.1093,0.009216,4.218
654959,520,453,973,181,48,225,315.75,0.9112,0.5263,0.173750,31,3,17,351.86,0.7386,0.0705,0.003969,4.146
654970,520,455,975,224,0,133,355.01,1.0000,0.5268,0.175435,1,2,47,266.23,0.9870,0.0561,0.002551,4.290
654985,520,11,531,251,252,250,128.49,0.2797,0.9881,0.970321,1,135,65,151.25,0.9991,0.4734,0.177153,4.492
655000,520,443,963,227,53,85,16.31,0.8912,0.5433,0.195358,9,21,7,140.51,0.6337,0.0815,0.006097,4.374
655002,520,354,874,238,31,245,326.67,0.9863,0.6246,0.257523,48,3,113,290.11,0.9799,0.1848,0.018857,4.466
655014,520,452,972,203,10,201,328.87,0.9837,0.5262,0.171325,2,1,58,267.05,0.9954,0.0679,0.003401,4.145
655023,520,407,927,226,26,189,338.08,0.9618,0.5656,0.205842,27,27,54,281.79,0.4650,0.1342,0.012832,4.072
655034,520,439,959,246,1,39,25.44,0.9995,0.5509,0.197646,30,8,32,324.25,0.6277,0.0852,0.005540,4.459
655038,520,467,987,159,48,252,302.90,0.9828,0.5174,0.165136,0,5,24,259.08,1.0000,0.0413,0.001745,4.158
655044,520,309,829,214,114,223,324.17,0.7922,0.6563,0.316600,19,62,7,139.92,0.9770,0.2214,0.035989,4.263
655046,520,418,938,149,117,181,306.61,0.4506,0.5563,0.224486,26,27,36,279.92,0.1855,0.1224,0.011308,4.477
655050,520,418,938,210,49,198,331.49,0.8915,0.5558,0.199775,44,1,62,312.82,0.9587,0.1204,0.009050,4.230
655056,520,454,974,180,82,176,329.04,0.6779,0.5306,0.188737,9,15,20,243.80,0.2465,0.0697,0.004502,4.380
655059,520,471,991,167,72,206,314.56,0.7844,0.5164,0.173073,4,5,18,275.87,0.5472,0.0417,0.001780,4.308
655068,520,449,969,237,7,79,15.50,0.9934,0.5388,0.187242,32,5,0,40.38,1.0000,0.0710,0.004157,4.381
655072,520,380,900,235,49,191,339.99,0.9269,0.5959,0.236231,29,29,82,277.90,0.7097,0.1638,0.017491,4.241
655075,520,381,901,236,95,9,43.34,0.9870,0.6027,0.260399,15,42,43,198.61,0.5436,0.1614,0.019318,4.478
655080,520,474,994,147,82,228,300.42,0.8235,0.5209,0.178393,5,2,2,19.47,0.3073,0.0270,0.000801,4.496
655086,520,361,881,189,116,206,319.86,0.6412,0.6168,0.277668,3,50,28,157.29,0.9707,0.1777,0.023843,4.437
655096,520,367,887,235,77,165,350.04,0.8360,0.6091,0.256893,34,42,9,121.66,0.7470,0.1658,0.020157,4.374
655098,520,478,998,129,81,238,291.92,0.8795,0.5069,0.167250,6,0,2,353.79,1.0000,0.0210,0.000431,4.308
655099,520,445,965,179,67,223,314.65,0.8557,0.5404,0.189267,40,2,6,18.79,0.9005,0.0820,0.005078,4.344
655123,520,330,850,252,62,192,343.99,0.9763,0.6368,0.279497,71,5,105,308.96,0.9398,0.2109,0.024682,4.412
655130,520,357,877,237,51,227,330.62,0.9577,0.6218,0.259208,47,34,64,302.96,0.4345,0.1796,0.021186,4.344
655134,520,440,960,165,73,246,304.24,0.9324,0.5462,0.194188,37,11,10,24.36,0.5912,0.0923,0.006546,4.318
655138,520,443,963,229,54,4,33.80,0.9950,0.5391,0.193081,21,12,36,298.80,0.5540,0.0830,0.005498,4.380
655154,520,443,963,228,46,81,16.79,0.9156,0.5386,0.190449,30,9,16,0.57,0.5044,0.0794,0.005088,4.365
655176,520,441,961,179,103,111,13.68,0.4605,0.5371,0.204331,11,19,39,266.06,0.5229,0.0913,0.006834,4.475
655178,520,464,984,203,1,192,331.35,0.9979,0.5180,0.165259,5,6,31,274.86,0.7598,0.0534,0.002614,4.091
655180,520,391,911,252,16,149,355.67,0.9870,0.5930,0.232395,10,34,60,252.74,0.6851,0.1453,0.015348,4.321
655183,520,427,947,208,29,225,323.93,0.9671,0.5584,0.197267,25,24,13,103.61,0.3186,0.1049,0.008890,4.199
655185,520,464,984,194,40,202,325.88,0.9039,0.5243,0.172528,12,8,6,52.63,0.1789,0.0515,0.002650,4.227
655187,520,425,945,224,77,11,38.98,0.9807,0.5554,0.211819,34,21,25,359.04,0.2534,0.1122,0.009466,4.403
655194,520,446,966,218,39,159,345.76,0.8937,0.5413,0.188621,1,18,37,249.84,0.8676,0.0810,0.005726,4.282
655196,520,333,853,239,46,253,324.98,0.9931,0.6392,0.273991,77,5,84,323.90,0.8881,0.2024,0.023266,4.422
655212,520,388,908,232,90,24,40.87,0.9576,0.5887,0.245369,14,42,0,136.72,1.0000,0.1497,0.017492,4.376
655228,520,386,906,244,68,72,24.33,0.9355,0.5886,0.238385,28,38,10,126.16,0.6963,0.1480,0.016550,4.333
655230,520,369,889,202,85,247,315.14,0.9425,0.6129,0.257703,12,34,83,263.27,0.8324,0.1655,0.018466,4.494
655232,520,458,978,169,84,198,316.72,0.7148,0.5310,0.188537,14,5,33,294.37,0.7309,0.0607,0.003117,4.491
655233,520,453,973,218,17,160,344.89,0.9622,0.5314,0.178468,25,8,25,327.25,0.5384,0.0743,0.004505,4.192
655239,520,330,850,231,62,254,322.54,0.9957,0.6381,0.275921,6,58,38,161.80,0.9434,0.2090,0.032046,3.972
655244,520,393,913,246,19,158,351.76,0.9810,0.5857,0.225305,17,32,55,258.68,0.5227,0.1399,0.014280,4.283
655294,520,416,936,207,86,146,352.06,0.6831,0.5651,0.219982,53,12,0,40.18,1.0000,0.1215,0.010200,4.485
655305,520,475,995,196,21,208,325.05,0.9640,0.5220,0.168278,2,0,19,280.27,1.0000,0.0258,0.000599,4.314
655306,520,388,908,213,34,248,319.83,0.9768,0.5864,0.220693,56,22,23,19.94,0.5390,0.1485,0.014766,4.180
655318,520,396,916,224,60,174,343.00,0.8557,0.5763,0.221374,57,17,10,32.04,0.7393,0.1387,0.012928,4.312
655322,520,345,865,240,80,192,341.92,0.8884,0.6334,0.280711,39,47,30,128.68,0.3276,0.1900,0.025581,4.376
655332,520,454,974,230,21,100,8.29,0.9666,0.5331,0.182824,28,3,33,320.95,0.7834,0.0743,0.004218,4.294
655378,520,422,942,214,4,225,325.65,0.9967,0.5615,0.198213,51,4,25,358.44,0.8051,0.1129,0.008609,4.235
655381,520,400,920,212,62,211,328.26,0.8826,0.5786,0.221474,14,32,53,253.51,0.5556,0.1367,0.013834,4.253
655402,520,460,980,183,65,199,322.70,0.8051,0.5270,0.179726,15,2,43,290.80,0.9137,0.0642,0.003194,4.319
655403,520,379,899,239,10,216,333.84,0.9944,0.6011,0.235285,47,19,78,301.36,0.7504,0.1620,0.016202,4.309
655409,520,480,1000,197,71,95,12.30,0.7190,0.5088,0.172049,0,0,0,0.00,0.0000,0.0000,0.000000,4.441
655431,520,373,893,170,114,221,306.61,0.7016,0.5982,0.258016,1,45,40,183.34,0.9749,0.1641,0.020363,4.378
655435,520,418,938,239,45,74,19.84,0.9429,0.5587,0.207251,37,3,71,299.41,0.9354,0.1212,0.009134,4.350
655441,520,476,996,157,91,172,319.99,0.5778,0.5098,0.176295,4,0,13,300.75,1.0000,0.0244,0.000549,4.477
655444,520,403,923,213,50,221,326.00,0.9276,0.5767,0.216497,35,6,78,292.99,0.9127,0.1298,0.010376,4.414
655461,520,397,917,221,21,224,327.57,0.9829,0.5770,0.212925,62,2,44,344.01,0.8795,0.1422,0.012496,4.207
655485,520,465,985,232,4,53,22.06,0.9969,0.5229,0.175028,12,2,31,295.86,0.8470,0.0508,0.002205,4.310
655499,520,466,986,144,78,241,297.32,0.8961,0.5222,0.177291,9,11,4,119.47,0.3954,0.0549,0.003062,4.284
655511,520,365,885,253,54,127,5.05,0.9799,0.6062,0.250568,52,34,27,42.12,0.3103,0.1692,0.019533,4.323
655519,520,408,928,250,39,10,30.81,0.9933,0.5711,0.218006,29,1,89,284.01,0.9915,0.1302,0.010042,4.464
655524,520,474,994,225,7,101,6.60,0.9879,0.5191,0.171019,2,0,29,273.54,1.0000,0.0341,0.001016,4.332
655533,520,406,926,204,61,230,320.95,0.9095,0.5776,0.218896,52,16,2,42.60,0.8795,0.1262,0.011051,4.404
655535,520,429,949,239,27,70,19.28,0.9738,0.5475,0.195801,21,15,47,288.06,0.6252,0.0968,0.007063,4.308
655538,520,362,882,231,95,115,14.04,0.7725,0.6083,0.264138,0,34,105,261.73,1.0000,0.1839,0.021638,4.385
655547,520,349,869,243,9,252,326.36,0.9977,0.6319,0.262811,74,23,28,17.63,0.6646,0.1854,0.021527,4.373
655554,520,400,920,164,110,210,307.51,0.6523,0.5767,0.236980,48,26,26,19.89,0.3577,0.1442,0.014418,4.455
655555,520,436,956,234,43,78,17.97,0.9361,0.5479,0.197733,36,11,19,1.88,0.5327,0.0933,0.006615,4.376
655564,520,362,882,246,84,87,23.25,0.9268,0.6134,0.266248,4,27,115,264.66,0.9618,0.1832,0.020473,4.487
655572,520,412,932,227,63,132,359.57,0.8311,0.5666,0.215545,42,21,6,54.84,0.6538,0.1191,0.010418,4.395
655589,520,440,960,238,32,84,15.39,0.9598,0.5506,0.198535,41,3,10,13.58,0.8348,0.0867,0.005585,4.471
655599,520,459,979,220,61,62,25.09,0.8849,0.5330,0.189035,11,11,20,283.94,0.2831,0.0622,0.003610,4.459
655612,520,467,987,143,84,234,297.44,0.8466,0.5240,0.181210,0,6,18,250.14,1.0000,0.0402,0.001739,4.469
655616,520,418,938,251,7,31,26.94,0.9973,0.5622,0.207639,20,13,75,278.12,0.8896,0.1196,0.009445,4.334
655621,520,419,939,239,38,80,17.27,0.9521,0.5552,0.203194,12,18,66,271.00,0.8530,0.1128,0.009041,4.288
655624,520,441,961,224,46,111,5.24,0.8820,0.5385,0.189517,37,1,40,324.93,0.8998,0.0903,0.005683,4.301
655636,520,447,967,233,42,22,30.38,0.9761,0.5382,0.190406,17,0,58,285.33,1.0000,0.0783,0.004246,4.432
655650,520,442,962,240,19,58,21.98,0.9863,0.5446,0.192998,29,9,13,8.76,0.4899,0.0769,0.004857,4.430
655656,520,417,937,193,80,216,320.49,0.8150,0.5722,0.220339,24,29,8,120.61,0.6063,0.1169,0.010904,4.439
655662,520,422,942,163,84,253,301.11,0.9778,0.5640,0.212194,5,19,62,264.94,0.8881,0.1070,0.008458,4.485
655663,520,475,995,202,64,127,356.27,0.7530,0.5198,0.177576,0,1,21,264.02,1.0043,0.0279,0.000758,4.484
655670,520,410,930,228,24,198,336.02,0.9715,0.5738,0.212270,10,36,13,145.82,0.8773,0.1297,0.013553,4.127
655681,520,381,901,217,76,206,331.09,0.8467,0.5984,0.243788,1,35,76,255.50,0.9656,0.1573,0.017302,4.365
655713,520,455,975,229,19,101,7.68,0.9694,0.5306,0.180663,6,3,41,276.74,0.9291,0.0564,0.002639,4.382
655731,520,440,960,209,44,205,329.25,0.9143,0.5548,0.197664,42,2,16,3.54,0.8460,0.0887,0.005732,4.444
655734,520,366,886,200,92,230,318.34,0.8460,0.6077,0.256481,55,34,25,43.99,0.3720,0.1731,0.020266,4.362
655736,520,451,971,180,71,215,316.83,0.8235,0.5407,0.191171,10,13,34,274.67,0.5540,0.0737,0.004679,4.411
655749,520,430,950,237,36,85,15.30,0.9506,0.5510,0.199253,32,11,37,319.60,0.6034,0.0959,0.006800,4.388
655768,520,373,893,227,12,239,325.53,0.9944,0.5957,0.228282,31,28,78,281.04,0.6778,0.1598,0.016718,4.171
655773,520,338,858,232,102,176,347.56,0.7770,0.6414,0.297955,3,49,84,247.64,0.9062,0.2038,0.028559,4.429
655778,520,384,904,205,61,239,319.05,0.9265,0.5856,0.225502,67,2,28,3.99,0.9183,0.1456,0.013208,4.359
655788,520,413,933,230,43,176,343.23,0.9190,0.5749,0.216880,5,28,46,245.05,0.7202,0.1163,0.010600,4.404
655796,520,414,934,198,83,186,331.81,0.7342,0.5656,0.217390,44,20,12,39.10,0.5326,0.1213,0.010624,4.411
655797,520,419,939,228,5,191,337.88,0.9942,0.5647,0.203667,37,7,57,307.66,0.8093,0.1127,0.008407,4.343
655809,520,375,895,243,67,142,359.33,0.8901,0.6038,0.250251,1,45,12,147.57,0.9945,0.1562,0.019097,4.345
655839,520,451,971,178,78,200,320.03,0.7554,0.5366,0.190849,5,17,19,208.39,0.4535,0.0714,0.004802,4.395
655840,520,477,997,227,16,12,29.05,0.9907,0.5116,0.167310,2,0,16,283.45,1.0000,0.0236,0.000503,4.303
655856,520,375,895,245,4,195,340.63,0.9973,0.5988,0.234426,36,31,68,287.12,0.5291,0.1629,0.017724,4.200
655857,520,62,582,252,236,168,96.49,0.8847,0.9304,0.835144,5,125,11,142.87,0.9976,0.4347,0.147230,4.488
655858,520,369,889,247,41,179,346.11,0.9535,0.6067,0.246179,8,44,57,226.60,0.7544,0.1721,0.021483,4.143
655859,520,382,902,215,93,176,341.71,0.7218,0.6014,0.254123,1,41,61,236.22,0.9504,0.1627,0.019291,4.389
655860,520,387,907,231,22,221,330.73,0.9844,0.5929,0.227857,14,2,114,269.32,0.9971,0.1546,0.013516,4.375
655874,520,368,888,253,3,184,345.34,0.9982,0.6081,0.244119,63,9,74,319.99,0.8215,0.1721,0.017467,4.359
655904,520,441,961,195,80,146,347.63,0.6719,0.5365,0.194164,40,10,1,42.24,0.8999,0.0939,0.006705,4.306
655915,520,445,965,213,79,14,40.63,0.9657,0.5377,0.197722,11,15,41,273.42,0.6198,0.0836,0.005729,4.445
655926,520,317,837,242,82,225,332.41,0.9364,0.6564,0.303507,59,52,12,99.17,0.7576,0.2236,0.034124,4.202
655939,520,332,852,234,66,240,326.52,0.9483,0.6369,0.276825,42,51,7,120.59,0.8543,0.2011,0.028752,4.150
655946,520,409,929,202,60,224,321.91,0.8982,0.5692,0.211717,6,18,81,266.66,0.9439,0.1261,0.010653,4.315
655949,520,402,922,199,71,225,320.38,0.8713,0.5765,0.220863,26,26,49,282.39,0.4189,0.1274,0.011801,4.383
655952,520,426,946,158,89,242,300.85,0.8803,0.5562,0.208250,19,27,12,131.44,0.4637,0.1073,0.009488,4.341
655986,520,237,757,246,147,151,17.65,0.7950,0.7295,0.426971,22,77,64,174.11,0.7756,0.2861,0.058483,4.397
655992,520,273,793,228,144,160,7.50,0.5943,0.7018,0.389804,23,72,24,143.62,0.9375,0.2594,0.048827,4.450
656010,520,331,851,236,90,189,342.48,0.8474,0.6373,0.288219,71,35,18,44.91,0.6199,0.1999,0.025855,4.459
656024,520,423,943,234,36,146,353.73,0.9309,0.5643,0.208324,45,6,45,328.00,0.7702,0.1149,0.008777,4.395
656026,520,433,953,227,23,164,345.83,0.9582,0.5529,0.196267,24,9,63,287.67,0.8435,0.1047,0.007484,4.284
656036,520,359,879,235,80,171,348.06,0.8359,0.6152,0.263424,70,23,38,3.17,0.6108,0.1809,0.020550,4.443
656046,520,412,932,165,89,245,302.80,0.9026,0.5672,0.217371,34,24,14,65.99,0.3514,0.1160,0.010251,4.438
656047,520,333,853,230,83,227,328.64,0.9024,0.6395,0.285578,48,46,34,99.63,0.2110,0.1977,0.026979,4.359
656056,520,457,977,217,25,162,344.14,0.9391,0.5334,0.180580,26,4,15,350.56,0.6478,0.0636,0.003410,4.317
656062,520,397,917,223,61,175,342.45,0.8512,0.5760,0.221230,11,36,30,175.31,0.6064,0.1350,0.014266,4.220
656089,520,456,976,233,23,14,29.32,0.9874,0.5272,0.179713,7,13,3,131.10,0.6126,0.0577,0.003396,4.302
656095,520,365,885,241,64,172,347.98,0.8928,0.6095,0.253491,7,27,106,265.44,0.9484,0.1732,0.018695,4.418
656126,520,408,928,229,1,192,337.82,0.9989,0.5664,0.204881,5,33,42,222.88,0.7452,0.1285,0.012871,4.054
656134,520,454,974,185,59,206,321.55,0.8429,0.5285,0.178997,16,6,41,290.74,0.7734,0.0709,0.004005,4.240
656164,520,300,820,250,65,247,328.78,0.9828,0.6666,0.308228,17,45,124,264.73,0.8975,0.2348,0.034510,4.239
656178,520,450,970,184,72,202,321.87,0.7899,0.5390,0.190906,9,2,57,275.78,0.9771,0.0739,0.003969,4.464
656192,520,359,879,215,87,228,323.92,0.8705,0.6218,0.268667,20,51,8,138.43,0.9500,0.1843,0.025338,4.230
656194,520,469,989,188,69,173,333.06,0.7443,0.5237,0.179662,4,2,21,283.85,0.8016,0.0357,0.001234,4.483
656197,520,452,972,237,8,47,23.83,0.9950,0.5338,0.183867,29,9,1,49.94,0.8255,0.0737,0.004588,4.284
656199,520,395,915,209,62,241,319.67,0.9355,0.5942,0.233531,30,34,31,153.31,0.0889,0.1433,0.015190,4.349
656223,520,446,966,213,70,97,13.26,0.7784,0.5375,0.193918,13,19,24,243.76,0.2131,0.0844,0.006172,4.342
656228,520,392,912,208,94,162,345.85,0.6695,0.5854,0.240258,16,25,89,269.74,0.8902,0.1535,0.015266,4.447
656238,520,468,988,189,82,113,4.34,0.6234,0.5165,0.180473,9,3,5,354.28,0.3704,0.0359,0.001342,4.489
656254,520,447,967,233,30,92,12.02,0.9541,0.5411,0.190279,6,10,53,270.28,0.9032,0.0813,0.005128,4.359
656259,520,299,819,249,92,200,342.13,0.9464,0.6662,0.319671,74,43,31,41.82,0.4443,0.2253,0.032827,4.463
656278,520,352,872,224,90,200,335.25,0.8138,0.6235,0.273319,57,41,15,77.36,0.6106,0.1915,0.024903,4.316
656281,520,400,920,241,71,15,35.75,0.9844,0.5807,0.232450,10,16,96,268.33,0.9636,0.1433,0.012795,4.498
656303,520,475,995,177,59,216,316.22,0.8596,0.5233,0.174340,1,4,4,195.47,0.4784,0.0293,0.001020,4.397
656344,520,75,595,252,224,186,75.35,0.7930,0.9072,0.775530,50,117,38,140.78,0.9318,0.4223,0.135402,4.453
656369,520,434,954,170,78,232,308.54,0.8553,0.5481,0.198217,33,19,2,71.94,0.8013,0.1002,0.007935,4.284
656398,520,473,993,196,73,114,2.86,0.6945,0.5157,0.177176,7,1,15,306.78,0.7865,0.0325,0.001014,4.453
656403,520,448,968,209,74,98,13.31,0.7473,0.5355,0.193369,13,18,5,125.32,0.5429,0.0757,0.005291,4.402
656411,520,328,848,175,126,254,299.24,0.9732,0.6475,0.311917,17,55,66,220.33,0.6557,0.2147,0.032448,4.390
656436,520,400,920,202,70,225,321.33,0.8776,0.5800,0.223747,55,22,3,48.60,0.8310,0.1428,0.013927,4.282
656442,520,455,975,228,23,101,7.73,0.9598,0.5301,0.180493,2,10,35,262.77,0.8522,0.0622,0.003513,4.307
656454,520,472,992,227,3,83,12.91,0.9959,0.5176,0.170235,8,1,4,348.48,0.6374,0.0284,0.000821,4.334
656458,520,466,986,167,80,197,316.55,0.7267,0.5214,0.179849,17,2,16,330.00,0.7055,0.0470,0.002000,4.420
656465,520,409,929,244,13,120,3.49,0.9865,0.5656,0.208804,20,2,97,274.88,0.9929,0.1339,0.010551,4.274
656466,520,414,934,238,52,91,15.23,0.9151,0.5656,0.213916,0,35,5,145.92,1.0000,0.1201,0.012130,4.248
656478,520,458,978,179,57,222,315.45,0.8805,0.5290,0.177850,13,2,40,289.82,0.9058,0.0594,0.002822,4.314
656481,520,346,866,253,50,187,345.29,0.9845,0.6272,0.267551,23,47,52,212.58,0.4231,0.1857,0.024630,4.255
656504,520,455,975,165,66,236,306.94,0.8930,0.5295,0.179525,1,4,47,265.84,0.9733,0.0603,0.002985,4.332
656507,520,356,876,246,44,212,336.60,0.9650,0.6241,0.261507,61,33,14,53.00,0.6169,0.1780,0.021116,4.380
656525,520,441,961,171,91,188,320.38,0.6530,0.5387,0.197718,27,13,25,332.05,0.3955,0.0859,0.005911,4.431
656532,520,457,977,218,58,92,13.48,0.8422,0.5321,0.187068,6,9,28,272.51,0.5947,0.0585,0.003179,4.458
656533,520,464,984,177,22,247,310.38,0.9815,0.5232,0.166373,4,9,19,258.54,0.4579,0.0516,0.002682,4.107
656537,520,389,909,192,92,219,318.62,0.7876,0.5892,0.239764,28,40,5,126.38,0.8664,0.1535,0.017754,4.277
656562,520,405,925,219,11,240,323.37,0.9942,0.5825,0.215928,5,30,59,254.18,0.7939,0.1312,0.012765,4.237
656570,520,435,955,200,46,222,322.20,0.9248,0.5529,0.195089,7,24,26,205.37,0.5033,0.0949,0.007730,4.245
656573,520,457,977,235,27,38,26.52,0.9802,0.5348,0.185892,9,2,40,283.29,0.9264,0.0559,0.002547,4.489
656585,520,373,893,253,36,154,354.91,0.9828,0.6044,0.244810,14,43,44,198.37,0.5835,0.1645,0.020029,4.210
656591,520,477,997,224,17,65,18.79,0.9802,0.5110,0.166327,3,2,3,326.14,0.1845,0.0248,0.000694,4.267
656593,520,479,999,190,81,70,28.15,0.6993,0.5053,0.172759,0,0,1,264.05,1.0000,0.0060,0.000022,4.453
656596,520,401,921,243,8,172,346.73,0.9926,0.5838,0.222101,65,1,15,16.04,0.9737,0.1363,0.011802,4.403
656612,520,399,919,235,40,177,344.01,0.9360,0.5828,0.223569,36,21,64,296.10,0.6485,0.1388,0.012816,4.355
656614,520,162,682,252,174,227,339.18,0.9597,0.8150,0.565155,53,94,46,140.82,0.7207,0.3517,0.089593,4.407
656615,520,361,881,229,88,187,341.18,0.8104,0.6224,0.272277,16,47,47,195.29,0.5848,0.1795,0.023483,4.386
656620,520,450,970,226,50,99,10.61,0.8833,0.5422,0.193536,17,14,21,304.35,0.2075,0.0746,0.004874,4.438
656628,520,467,987,224,43,36,28.44,0.9528,0.5213,0.177052,0,1,33,264.21,0.9903,0.0383,0.001315,4.425
656634,520,341,861,252,87,92,22.54,0.9703,0.6291,0.282880,82,26,16,32.30,0.7783,0.2035,0.025703,4.397
656640,520,339,859,225,83,233,325.60,0.9066,0.6354,0.280793,53,46,35,78.97,0.2120,0.2040,0.028323,4.223
656661,520,455,975,224,31,101,7.61,0.9334,0.5256,0.177696,19,3,26,315.19,0.7363,0.0573,0.002782,4.314
656664,520,431,951,201,87,127,0.55,0.6455,0.5493,0.207680,14,26,13,142.56,0.4931,0.1007,0.008612,4.396
656669,520,359,879,225,59,245,323.13,0.9599,0.6198,0.257302,17,7,128,269.20,0.9920,0.1813,0.018295,4.500
656678,520,345,865,219,102,187,339.09,0.7252,0.6262,0.281526,31,48,51,209.66,0.2656,0.1937,0.026442,4.337
656690,520,433,953,235,53,54,26.20,0.9372,0.5539,0.204778,11,24,22,183.56,0.3533,0.0957,0.007823,4.406
656707,520,437,957,227,37,145,352.61,0.9136,0.5509,0.197011,30,13,21,350.97,0.3991,0.0884,0.006180,4.397
656723,520,432,952,239,33,49,24.99,0.9727,0.5474,0.196635,32,3,62,299.63,0.9181,0.1050,0.007200,4.312
656726,520,373,893,189,92,236,313.02,0.8594,0.5964,0.245302,44,20,80,297.05,0.7523,0.1614,0.016150,4.464
656727,520,398,918,231,54,174,344.48,0.8906,0.5837,0.226859,34,32,8,104.56,0.6445,0.1361,0.013907,4.332
656730,520,477,997,175,23,232,313.06,0.9717,0.5072,0.155540,3,0,16,290.10,1.0000,0.0250,0.000568,4.065
656731,520,417,937,239,62,9,34.44,0.9909,0.5670,0.218189,2,36,4,144.02,0.9880,0.1243,0.012834,4.268
656734,520,398,918,211,11,254,318.30,0.9959,0.5801,0.212458,8,4,105,267.58,0.9941,0.1406,0.011583,4.262
656773,520,323,843,248,49,245,328.88,0.9777,0.6507,0.287485,92,15,31,14.95,0.8315,0.2137,0.027163,4.374
656778,520,437,957,225,62,75,21.27,0.8754,0.5461,0.199635,17,17,31,283.28,0.3438,0.0864,0.006190,4.443
656781,520,411,931,235,2,175,344.05,0.9976,0.5686,0.208036,0,33,32,191.86,1.0000,0.1211,0.011919,4.167
656785,520,421,941,225,6,186,338.58,0.9919,0.5564,0.196855,12,23,50,265.29,0.6178,0.1097,0.009212,4.169
656794,520,339,859,245,38,250,327.12,0.9854,0.6429,0.277036,34,47,71,262.14,0.3872,0.2041,0.028280,4.178
656796,520,330,850,199,112,230,316.54,0.7979,0.6368,0.294447,17,49,88,255.15,0.7201,0.2115,0.030202,4.295
656798,520,479,999,229,7,22,27.68,0.9960,0.5141,0.168709,1,0,4,296.85,1.0000,0.0133,0.000152,4.361
656811,520,410,930,235,50,142,356.17,0.8947,0.5739,0.218993,50,17,21,14.81,0.5668,0.1282,0.011333,4.386
656828,520,391,911,255,50,12,31.83,1.0000,0.5889,0.235715,9,36,53,239.99,0.6710,0.1458,0.015768,4.344
656831,520,423,943,198,5,254,314.98,0.9974,0.5578,0.192715,47,5,22,0.34,0.7702,0.1052,0.007709,4.206
656835,520,407,927,168,93,240,304.44,0.8623,0.5732,0.224453,60,10,5,30.51,0.8907,0.1341,0.011889,4.435
656897,520,477,997,183,16,224,317.41,0.9795,0.5107,0.158209,0,1,13,263.17,1.0005,0.0222,0.000508,4.122
656899,520,477,997,161,70,217,309.59,0.8197,0.5135,0.169678,0,0,21,264.05,1.0000,0.0245,0.000541,4.346
656905,520,443,963,185,60,217,318.52,0.8655,0.5374,0.185570,5,15,35,261.26,0.6513,0.0752,0.004952,4.287
656910,520,365,885,231,80,178,344.48,0.8245,0.6115,0.259431,13,46,37,172.20,0.6966,0.1708,0.021730,4.314
656911,520,373,893,239,58,160,351.25,0.8911,0.5952,0.239179,62,22,15,31.80,0.6721,0.1576,0.016326,4.360
656949,520,325,845,237,77,230,329.74,0.9272,0.6460,0.290279,34,49,72,258.72,0.3869,0.2103,0.030045,4.251
656952,520,237,757,235,157,115,48.86,0.6891,0.7256,0.430160,18,81,10,141.61,0.9844,0.2869,0.060351,4.351
656958,520,463,983,221,32,126,357.88,0.9159,0.5285,0.179141,25,1,10,356.76,0.8169,0.0540,0.002503,4.364
656968,520,386,906,219,37,233,324.77,0.9669,0.5868,0.222685,55,27,5,55.57,0.7694,0.1534,0.016072,4.127
656970,520,320,840,255,42,236,332.58,1.0000,0.6530,0.289752,79,32,12,41.93,0.7629,0.2075,0.027221,4.400
656981,520,476,996,133,83,229,294.62,0.8285,0.5067,0.168302,4,1,7,310.77,0.6480,0.0247,0.000629,4.312
656987,520,468,988,208,45,150,346.68,0.8444,0.5224,0.174908,15,1,1,25.48,0.8525,0.0358,0.001255,4.388
656989,520,387,907,239,70,112,10.51,0.8702,0.5899,0.239039,5,32,78,260.20,0.8978,0.1530,0.016152,4.369
657001,520,261,781,255,116,207,342.83,1.0000,0.7111,0.382587,63,66,38,113.59,0.4051,0.2728,0.050931,4.286
657004,520,436,956,220,38,178,340.04,0.9159,0.5543,0.198186,38,11,2,42.95,0.8147,0.0922,0.006559,4.388
657009,520,175,695,254,162,236,334.19,0.9923,0.7986,0.529697,12,96,7,142.22,0.9931,0.3370,0.084589,4.307
657017,520,354,874,244,31,215,335.27,0.9793,0.6157,0.251223,35,39,63,275.92,0.3632,0.1782,0.021672,4.203
657018,520,467,987,220,33,117,1.09,0.9125,0.5238,0.175903,16,1,2,17.61,0.8087,0.0376,0.001363,4.398
657034,520,465,985,229,16,45,24.21,0.9878,0.5185,0.172211,15,0,29,306.28,1.0000,0.0479,0.001903,4.281
657036,520,465,985,217,35,124,357.98,0.8972,0.5215,0.174115,11,1,35,291.35,0.9350,0.0509,0.002142,4.298
657038,520,403,923,253,0,113,6.85,1.0000,0.5794,0.220786,4,17,87,265.73,0.9614,0.1307,0.011147,4.428
657040,520,467,987,208,19,165,340.81,0.9481,0.5155,0.165944,11,3,1,46.39,0.6267,0.0364,0.001385,4.202
657048,520,471,991,222,26,102,6.57,0.9438,0.5193,0.172304,16,0,15,330.31,1.0000,0.0403,0.001447,4.321
657057,520,411,931,237,64,9,34.94,0.9903,0.5651,0.216942,1,14,84,264.45,0.9726,0.1205,0.009605,4.478
657085,520,457,977,230,35,73,18.30,0.9500,0.5335,0.185091,14,7,30,294.65,0.6210,0.0625,0.003391,4.403
657091,520,372,892,173,110,239,304.23,0.8204,0.6064,0.262686,37,41,29,122.83,0.2368,0.1699,0.020679,4.424
657100,520,421,941,182,75,227,314.14,0.8491,0.5573,0.205243,28,18,45,298.91,0.5255,0.1088,0.008690,4.349
657102,520,457,977,233,3,62,19.82,0.9974,0.5262,0.177397,30,2,2,26.25,0.8983,0.0621,0.003239,4.271
657106,520,370,890,225,29,253,321.82,0.9924,0.6077,0.239803,18,42,50,222.00,0.4848,0.1664,0.020147,4.131
657138,520,466,986,192,55,180,331.81,0.8131,0.5189,0.172357,7,10,13,245.72,0.1633,0.0538,0.002913,4.202
657144,520,404,924,238,35,173,345.79,0.9494,0.5837,0.223993,38,6,78,295.87,0.9070,0.1337,0.010924,4.497
657151,520,404,924,229,2,209,333.29,0.9983,0.5770,0.213074,19,9,92,274.45,0.9642,0.1344,0.011065,4.308
657169,520,454,974,110,96,251,281.24,0.9624,0.5254,0.186453,30,0,28,331.03,1.0000,0.0687,0.003599,4.412
657183,520,318,838,240,84,225,331.90,0.9272,0.6554,0.303047,44,27,128,280.60,0.8894,0.2234,0.028777,4.482
657184,520,451,971,212,35,178,337.95,0.9115,0.5378,0.184156,31,0,32,327.10,1.0000,0.0729,0.003956,4.340
657188,520,369,889,209,76,242,318.92,0.9295,0.6090,0.251366,55,28,53,329.73,0.4703,0.1712,0.018999,4.368
657203,520,441,961,219,68,63,26.42,0.8641,0.5392,0.195557,21,20,4,105.98,0.6341,0.0881,0.006685,4.332
657210,520,409,929,231,45,155,350.44,0.9026,0.5680,0.212350,5,38,5,142.99,0.9721,0.1327,0.014294,4.080
657229,520,424,944,224,44,167,344.72,0.8966,0.5599,0.204412,31,5,63,297.19,0.8833,0.1074,0.007587,4.418
657249,520,265,785,234,139,190,347.28,0.7127,0.7113,0.396774,21,73,19,142.61,0.9561,0.2613,0.049713,4.481
657264,520,435,955,214,19,210,329.34,0.9771,0.5544,0.194171,27,19,13,58.36,0.2627,0.0946,0.007278,4.263
657286,520,373,893,239,9,213,334.59,0.9947,0.5991,0.233530,15,42,50,219.99,0.5574,0.1649,0.019877,4.058
657297,520,432,952,199,25,239,318.28,0.9780,0.5525,0.190709,16,17,47,278.10,0.6170,0.0963,0.007163,4.211
657315,520,420,940,246,33,2,30.78,0.9985,0.5591,0.206885,6,13,71,268.07,0.9456,0.1058,0.007814,4.443
657334,520,478,998,160,49,237,306.22,0.9225,0.5059,0.157853,0,2,3,218.80,1.0000,0.0204,0.000500,4.116
657337,520,464,984,195,23,204,325.81,0.9556,0.5182,0.165762,21,1,3,15.37,0.8454,0.0453,0.001877,4.159
657343,520,423,943,224,48,152,350.05,0.8746,0.5557,0.202308,8,29,9,144.62,0.8597,0.1054,0.009500,4.240
657346,520,475,995,212,40,140,351.12,0.8677,0.5216,0.174104,2,5,0,129.93,1.0000,0.0318,0.001214,4.376
657357,520,199,719,250,154,225,337.13,0.9499,0.7742,0.488736,84,74,45,91.14,0.3935,0.3208,0.069719,4.500
657369,520,405,925,151,100,254,294.61,0.9837,0.5752,0.228495,12,25,69,267.03,0.8059,0.1307,0.012030,4.490
657381,520,425,945,194,75,200,325.79,0.7891,0.5570,0.206731,51,5,23,1.81,0.7889,0.1135,0.008743,4.370
657389,520,475,995,214,25,151,347.08,0.9299,0.5221,0.172281,0,3,12,253.99,0.9999,0.0285,0.000917,4.366
657395,520,385,905,239,30,193,340.04,0.9685,0.5936,0.231324,1,19,100,264.23,0.9722,0.1491,0.013922,4.401
657405,520,376,896,241,34,186,342.55,0.9610,0.5954,0.233930,5,45,1,141.18,0.9953,0.1563,0.019112,4.108
657414,520,469,989,186,24,223,318.39,0.9657,0.5178,0.164214,2,9,3,148.76,0.7313,0.0436,0.002148,4.108
657430,520,436,956,243,27,0,30.47,1.0000,0.5498,0.198420,37,6,21,353.55,0.6791,0.0877,0.005778,4.454
657451,520,446,966,190,93,115,7.31,0.5679,0.5370,0.200152,27,11,29,322.98,0.5024,0.0843,0.005611,4.498
657461,520,378,898,252,22,167,350.28,0.9822,0.6023,0.240628,37,14,94,286.73,0.8867,0.1593,0.015155,4.461
657464,520,358,878,237,0,255,324.39,1.0000,0.6223,0.252271,55,20,80,307.61,0.7424,0.1767,0.018918,4.386
657488,520,375,895,250,17,175,347.42,0.9872,0.6007,0.238234,9,44,37,177.03,0.7647,0.1627,0.019929,4.122
657493,520,463,983,216,56,88,14.46,0.8476,0.5252,0.181343,9,7,18,292.15,0.3902,0.0511,0.002537,4.403
657504,520,383,903,212,63,248,318.85,0.9648,0.6049,0.243311,6,43,4,142.04,0.9795,0.1502,0.017752,4.329
657515,520,455,975,185,7,250,312.26,0.9955,0.5341,0.173695,7,10,32,273.41,0.6285,0.0640,0.003665,4.168
657524,520,391,911,247,31,163,350.71,0.9650,0.5943,0.234018,28,37,33,166.39,0.1741,0.1509,0.016798,4.252
657545,520,14,534,241,254,243,150.11,0.7976,0.9818,0.960551,17,135,12,142.36,0.9939,0.4694,0.174729,4.497
657546,520,361,881,248,12,220,334.86,0.9951,0.6203,0.253898,79,10,16,22.52,0.8926,0.1771,0.019170,4.393
657564,520,415,935,245,33,97,12.13,0.9617,0.5685,0.213667,45,16,30,351.87,0.5292,0.1210,0.010223,4.378
657569,520,431,951,221,63,125,1.20,0.8123,0.5529,0.204103,8,26,24,186.06,0.5100,0.1005,0.008563,4.339
657570,520,379,899,213,81,214,327.45,0.8436,0.6027,0.248879,1,37,68,249.23,0.9471,0.1561,0.017468,4.430
657571,520,384,904,186,88,241,311.12,0.8905,0.5902,0.237704,38,31,43,310.95,0.2273,0.1493,0.015665,4.381
657583,520,378,898,225,46,225,328.17,0.9518,0.5968,0.234001,63,7,56,333.96,0.7984,0.1568,0.014944,4.373
657598,520,461,981,216,59,84,16.61,0.8437,0.5273,0.183694,22,3,5,14.16,0.6732,0.0522,0.002467,4.454
657605,520,436,956,182,71,219,316.45,0.8364,0.5466,0.195671,11,23,16,157.82,0.3973,0.0908,0.007213,4.294
657613,520,416,936,200,53,233,319.31,0.9266,0.5664,0.207103,30,2,79,288.65,0.9733,0.1201,0.008839,4.370
657672,520,394,914,232,3,213,332.98,0.9978,0.5852,0.220277,42,2,85,296.87,0.9701,0.1425,0.011916,4.365
657682,520,401,921,228,46,190,338.53,0.9203,0.5807,0.221682,60,5,45,341.87,0.8061,0.1420,0.012588,4.341
657685,520,450,970,240,5,74,17.21,0.9959,0.5437,0.191316,3,14,36,259.78,0.7606,0.0722,0.004608,4.419
657720,520,334,854,237,66,242,326.80,0.9549,0.6430,0.283142,7,55,28,153.43,0.9512,0.1963,0.028613,4.238
657722,520,438,958,245,16,16,28.78,0.9932,0.5506,0.198240,1,13,57,263.45,0.9669,0.0873,0.005897,4.441
657751,520,422,942,233,69,10,36.20,0.9875,0.5627,0.216048,6,28,38,230.49,0.6498,0.1119,0.010091,4.427
657754,520,390,910,255,46,26,30.18,1.0000,0.5866,0.232924,33,31,51,287.97,0.3360,0.1481,0.015423,4.325
657775,520,397,917,239,45,152,353.20,0.9200,0.5819,0.224975,16,38,20,148.31,0.6547,0.1410,0.015468,4.200
657778,520,353,873,221,60,249,321.14,0.9730,0.6171,0.254454,84,0,36,3.95,1.0000,0.1848,0.020125,4.342
657792,520,364,884,245,79,86,22.34,0.9237,0.6053,0.256796,6,26,109,265.31,0.9562,0.1746,0.018815,4.458
657797,520,369,889,209,98,190,334.36,0.7135,0.6064,0.260101,8,37,83,259.59,0.8558,0.1715,0.019992,4.431
657798,520,316,836,255,75,202,342.15,1.0000,0.6586,0.305596,66,36,80,314.07,0.5506,0.2202,0.029993,4.445
657800,520,359,879,235,29,252,324.43,0.9899,0.6236,0.255716,84,2,12,22.99,0.9811,0.1807,0.019551,4.396
657814,520,477,997,223,39,10,31.29,0.9882,0.5147,0.171637,2,2,6,282.35,0.4201,0.0250,0.000695,4.372
657825,520,330,850,242,91,168,352.00,0.8573,0.6393,0.291894,17,53,62,217.10,0.6334,0.2063,0.030131,4.267
657841,520,409,929,199,46,242,317.14,0.9501,0.5664,0.205084,62,1,6,23.50,0.9834,0.1278,0.010592,4.210
657848,520,354,874,254,48,163,352.80,0.9905,0.6170,0.258326,4,1,137,265.11,0.9994,0.1846,0.018535,4.499
657857,520,440,960,231,22,152,350.58,0.9619,0.5546,0.198326,5,11,64,268.12,0.9439,0.0940,0.006417,4.402
657870,520,442,962,166,64,246,305.31,0.9418,0.5371,0.184282,2,23,4,145.71,0.9669,0.0820,0.006344,4.158
657873,520,417,937,253,21,71,19.74,0.9897,0.5747,0.218777,20,21,58,277.79,0.6525,0.1173,0.009905,4.487
657878,520,471,991,231,0,62,19.55,1.0000,0.5212,0.173398,0,8,9,201.68,1.0000,0.0413,0.001934,4.302
657879,520,467,987,221,50,11,32.94,0.9850,0.5194,0.176802,2,6,6,195.68,0.3772,0.0371,0.001563,4.399
657888,520,386,906,198,84,230,318.13,0.8586,0.5941,0.240609,30,24,80,281.75,0.7458,0.1527,0.015084,4.465
657889,520,385,905,234,29,202,336.38,0.9700,0.5891,0.226381,41,23,62,302.80,0.5974,0.1473,0.014320,4.297
657893,520,476,996,171,0,245,309.38,1.0000,0.5062,0.152514,1,1,14,273.55,0.9013,0.0244,0.000599,4.002
657913,520,458,978,226,45,58,23.64,0.9358,0.5296,0.183539,9,9,28,280.59,0.5472,0.0609,0.003373,4.376
657914,520,356,876,247,58,191,343.03,0.9442,0.6242,0.265650,28,42,64,259.18,0.4102,0.1811,0.022729,4.340
657926,520,410,930,198,45,247,315.77,0.9625,0.5681,0.205993,9,35,20,155.41,0.7650,0.1276,0.013106,4.057
657935,520,464,984,212,30,142,349.91,0.9055,0.5164,0.168809,18,3,22,319.69,0.6971,0.0537,0.002517,4.166
657936,520,476,996,177,48,212,317.76,0.8840,0.5098,0.162156,2,1,12,284.08,0.7969,0.0246,0.000612,4.192
657943,520,368,888,246,58,154,354.80,0.9215,0.6057,0.249553,70,18,25,16.36,0.7119,0.1692,0.018051,4.402
657946,520,447,967,188,92,125,359.94,0.5660,0.5355,0.198278,30,11,21,348.51,0.4594,0.0847,0.005695,4.458
657973,520,418,938,249,14,49,24.18,0.9932,0.5611,0.206792,53,2,33,348.91,0.8582,0.1178,0.009102,4.345
657988,520,470,990,184,46,212,320.03,0.8947,0.5194,0.168991,11,3,13,321.02,0.5491,0.0412,0.001653,4.240
658000,520,407,927,200,64,225,320.94,0.8888,0.5706,0.213839,21,9,84,277.59,0.9440,0.1258,0.009948,4.401
658004,520,420,940,220,16,202,332.96,0.9810,0.5591,0.198528,13,29,21,161.14,0.4559,0.1113,0.010184,4.129
658013,520,285,805,240,133,133,20.75,0.7618,0.6902,0.369963,64,59,40,95.13,0.2917,0.2545,0.043712,4.481
658031,520,379,899,240,41,198,339.00,0.9547,0.6037,0.241913,46,17,80,299.90,0.7826,0.1596,0.015610,4.449
658038,520,459,979,207,39,181,335.73,0.8936,0.5329,0.180546,27,5,8,12.79,0.6234,0.0649,0.003591,4.302
658046,520,444,964,170,80,213,313.10,0.7792,0.5368,0.190883,18,14,27,297.71,0.3440,0.0785,0.005218,4.362
658049,520,349,869,242,74,181,345.77,0.8948,0.6251,0.271139,69,33,24,35.05,0.5375,0.1934,0.024190,4.329
658101,520,457,977,214,21,164,342.68,0.9483,0.5271,0.175151,22,2,23,326.24,0.7665,0.0574,0.002759,4.268
658110,520,378,898,245,23,197,340.20,0.9828,0.6043,0.240596,32,34,54,279.05,0.3305,0.1566,0.017175,4.326
658116,520,434,954,223,60,115,5.25,0.8319,0.5503,0.201601,3,21,54,259.89,0.8735,0.1029,0.008220,4.322
658117,520,237,757,252,124,225,335.98,0.9777,0.7269,0.405496,99,53,49,25.85,0.4516,0.2925,0.054210,4.371
658123,520,338,858,228,125,3,58.35,0.9935,0.6403,0.311702,19,57,13,141.08,0.9462,0.2049,0.030937,4.469
658135,520,444,964,216,50,157,346.43,0.8506,0.5447,0.193168,2,5,61,266.47,0.9789,0.0788,0.004583,4.455
658158,520,473,993,220,40,93,10.78,0.9038,0.5208,0.175262,3,3,8,282.90,0.3759,0.0305,0.001020,4.415
658195,520,403,923,250,47,27,30.23,0.9810,0.5771,0.224398,43,20,33,346.03,0.4303,0.1265,0.011238,4.481
658199,520,159,679,244,177,239,329.05,0.9154,0.8163,0.569109,3,101,31,146.30,0.9969,0.3548,0.094252,4.292
658219,520,394,914,227,42,208,333.12,0.9450,0.5868,0.225433,23,36,15,134.53,0.5757,0.1384,0.014784,4.252
658250,520,441,961,202,86,94,18.49,0.6749,0.5394,0.200222,1,25,22,184.15,0.9305,0.0925,0.007596,4.344
658263,520,467,987,232,0,61,19.90,1.0000,0.5232,0.174958,18,1,6,358.65,0.7751,0.0419,0.001635,4.357
658273,520,380,900,238,43,197,338.85,0.9481,0.6007,0.239389,72,8,32,4.41,0.8137,0.1641,0.016559,4.348
658275,520,462,982,168,70,224,310.41,0.8430,0.5288,0.180877,12,3,21,307.07,0.6819,0.0463,0.001974,4.442
658285,520,456,976,238,6,27,27.17,0.9970,0.5337,0.183898,22,7,13,354.93,0.4417,0.0632,0.003516,4.371
658289,520,450,970,222,11,158,346.40,0.9785,0.5366,0.182401,9,11,36,275.77,0.6444,0.0703,0.004248,4.284
658312,520,355,875,219,90,202,333.06,0.8032,0.6167,0.266387,14,47,40,176.89,0.6676,0.1757,0.022795,4.346
658319,520,480,1000,208,22,152,345.18,0.9316,0.5097,0.162529,0,0,0,0.00,0.0000,0.0000,0.000000,4.251
658322,520,359,879,204,95,233,318.69,0.8598,0.6196,0.269064,52,39,36,33.24,0.1858,0.1845,0.023085,4.366
658325,520,449,969,208,29,201,330.14,0.9471,0.5417,0.185076,20,13,14,8.87,0.1786,0.0730,0.004683,4.299
658332,520,280,800,238,137,100,40.67,0.7728,0.6873,0.369910,21,69,3,139.21,0.9920,0.2460,0.044221,4.457
658354,520,269,789,239,144,94,47.65,0.7838,0.7012,0.391078,28,71,42,151.98,0.7613,0.2620,0.049204,4.446
658355,520,421,941,211,89,77,28.12,0.7414,0.5560,0.215316,8,27,45,249.27,0.6188,0.1144,0.010249,4.404
658369,520,382,902,232,91,92,22.87,0.8209,0.5987,0.254134,25,36,57,262.65,0.4056,0.1577,0.017638,4.497
658376,520,359,879,251,26,198,341.27,0.9831,0.6170,0.253285,65,31,9,50.43,0.7300,0.1797,0.021237,4.257
658378,520,308,828,251,105,148,4.55,0.9201,0.6661,0.327536,34,57,62,212.89,0.3321,0.2282,0.036140,4.383
658391,520,464,984,218,53,68,21.44,0.8910,0.5220,0.178716,8,8,11,285.45,0.1214,0.0496,0.002495,4.357
658413,520,382,902,230,21,240,325.98,0.9898,0.6038,0.236530,25,20,100,275.25,0.9133,0.1634,0.016270,4.324
658422,520,343,863,238,48,247,326.07,0.9742,0.6346,0.270090,18,21,124,269.21,0.9673,0.1910,0.021200,4.496
658430,520,391,911,237,50,175,345.41,0.9154,0.5921,0.233837,46,24,50,321.28,0.4850,0.1480,0.014645,4.391
658450,520,436,956,216,76,74,24.73,0.8100,0.5456,0.202646,32,11,30,330.92,0.5421,0.0919,0.006402,4.479
658451,520,447,967,204,24,206,327.75,0.9601,0.5358,0.179487,31,11,8,30.20,0.5199,0.0822,0.005482,4.136
658456,520,409,929,224,48,176,341.91,0.8928,0.5673,0.210983,47,9,58,317.47,0.7767,0.1317,0.011053,4.275
658457,520,22,542,255,241,250,338.71,1.0000,0.9670,0.910731,3,133,26,144.01,0.9986,0.4620,0.168683,4.393
658467,520,463,983,235,14,2,29.63,0.9983,0.5280,0.179839,18,7,0,68.07,1.0000,0.0540,0.002806,4.353
658496,520,453,973,207,76,81,21.49,0.7590,0.5305,0.190305,38,1,0,30.82,1.0000,0.0747,0.004339,4.422
658502,520,471,991,229,14,37,25.71,0.9905,0.5170,0.171087,11,6,0,85.94,1.0000,0.0439,0.002014,4.251
658504,520,269,789,246,99,253,325.88,0.9916,0.6986,0.356108,107,29,38,18.20,0.7550,0.2632,0.041450,4.441
658515,520,452,972,180,91,138,348.80,0.5524,0.5264,0.190217,16,11,22,304.71,0.3332,0.0677,0.004074,4.442
658523,520,455,975,218,5,163,343.79,0.9891,0.5300,0.176608,12,1,41,288.28,0.9547,0.0574,0.002600,4.308
658526,520,434,954,199,82,161,342.18,0.6935,0.5528,0.207516,26,8,61,291.42,0.8383,0.1035,0.007302,4.494
658528,520,412,932,248,10,121,3.75,0.9910,0.5735,0.215575,47,7,43,332.31,0.7494,0.1185,0.009308,4.478
658557,520,400,920,209,95,149,352.73,0.6524,0.5831,0.239116,16,37,39,203.56,0.4410,0.1446,0.015797,4.394
658597,520,375,895,252,38,152,355.45,0.9744,0.6027,0.243522,73,9,15,21.96,0.8832,0.1628,0.016466,4.416
658599,520,441,961,195,36,231,318.82,0.9535,0.5450,0.186348,21,19,4,102.49,0.6158,0.0856,0.006339,4.195
658602,520,393,913,224,22,240,324.53,0.9878,0.5939,0.227146,17,9,98,272.26,0.9745,0.1410,0.011963,4.473
658609,520,415,935,234,65,72,23.34,0.8963,0.5661,0.217439,41,19,37,334.05,0.4612,0.1234,0.010708,4.405
658610,520,389,909,222,43,218,329.21,0.9472,0.5851,0.223215,13,41,1,137.41,0.9914,0.1459,0.016736,4.094
658621,520,419,939,165,91,232,305.31,0.8220,0.5603,0.213082,10,26,38,242.79,0.4998,0.1084,0.009432,4.427
658635,520,425,945,244,10,102,9.27,0.9907,0.5596,0.204129,37,8,48,315.15,0.7469,0.1067,0.007804,4.396
658638,520,423,943,232,27,160,348.34,0.9537,0.5622,0.204806,46,6,27,352.38,0.7384,0.1067,0.007903,4.401
658654,520,463,983,198,33,209,325.22,0.9373,0.5318,0.176986,4,2,36,275.23,0.9478,0.0477,0.001966,4.368
658657,520,171,691,232,185,200,357.37,0.4878,0.8042,0.560250,13,98,20,143.62,0.9884,0.3450,0.088711,4.399
658666,520,430,950,204,76,150,347.98,0.7209,0.5479,0.202102,2,17,62,263.37,0.9464,0.1010,0.007616,4.376
658672,520,341,861,237,87,177,346.92,0.8413,0.6297,0.279979,56,39,53,332.69,0.2739,0.1968,0.025489,4.371
658677,520,163,683,236,197,53,92.79,0.8901,0.8071,0.580239,17,99,14,142.43,0.9863,0.3487,0.090742,4.478
658698,520,434,954,158,82,242,301.70,0.8939,0.5459,0.197149,18,24,4,123.07,0.7236,0.0962,0.007906,4.268
658713,520,353,873,253,67,135,3.64,0.9759,0.6199,0.266497,42,41,51,289.78,0.1536,0.1838,0.023171,4.325
658726,520,401,921,229,61,150,352.84,0.8478,0.5753,0.222002,32,16,80,286.72,0.8251,0.1410,0.012568,4.347
658740,520,443,963,219,53,130,357.58,0.8390,0.5413,0.192205,8,18,17,188.02,0.3145,0.0754,0.005247,4.384
658741,520,298,818,252,86,209,339.72,0.9772,0.6686,0.319575,84,37,4,50.02,0.8833,0.2256,0.032170,4.498
658745,520,456,976,198,60,178,334.37,0.8027,0.5330,0.184536,28,1,0,31.89,1.0000,0.0559,0.002686,4.452
658749,520,409,929,213,68,187,335.91,0.8224,0.5721,0.218703,55,4,37,346.36,0.8088,0.1264,0.010328,4.454
658772,520,407,927,185,92,199,322.25,0.7067,0.5668,0.220932,19,8,92,274.57,0.9680,0.1333,0.010848,4.453
658783,520,450,970,197,87,108,10.52,0.6327,0.5364,0.197712,1,21,2,144.29,0.9852,0.0748,0.005471,4.466
658784,520,417,937,236,35,148,353.42,0.9376,0.5685,0.211760,31,0,81,289.14,1.0000,0.1212,0.008854,4.448
658790,520,456,976,167,77,216,311.45,0.7969,0.5305,0.184819,7,1,50,275.98,0.9852,0.0625,0.002972,4.433
658795,520,465,985,213,4,162,342.89,0.9899,0.5195,0.168439,7,4,31,282.64,0.7916,0.0508,0.002309,4.176
658808,520,468,988,212,63,48,29.61,0.8871,0.5176,0.177679,16,0,22,317.96,1.0000,0.0442,0.001681,4.405
658820,520,442,962,240,27,9,29.94,0.9928,0.5437,0.193322,3,22,6,147.87,0.9231,0.0801,0.006063,4.340
658836,520,337,857,226,92,226,327.67,0.8774,0.6436,0.293161,53,48,10,101.71,0.7640,0.2046,0.028927,4.348
658842,520,259,779,210,139,250,312.38,0.9232,0.7092,0.390700,52,69,51,143.38,0.3063,0.2745,0.052252,4.310
658852,520,350,870,237,70,219,332.73,0.9228,0.6325,0.275019,15,53,34,158.28,0.7994,0.1939,0.027632,4.187
658855,520,370,890,239,45,210,335.51,0.9553,0.6111,0.248834,13,26,103,267.67,0.9349,0.1700,0.018035,4.392
658858,520,73,593,209,240,206,142.71,0.5687,0.9111,0.803310,3,122,16,143.34,0.9985,0.4246,0.139752,4.497
658898,520,358,878,244,60,180,345.83,0.9188,0.6150,0.257631,63,33,12,53.18,0.6664,0.1810,0.021712,4.290
658906,520,331,851,249,102,74,32.70,0.9470,0.6412,0.301401,6,57,36,160.29,0.9448,0.2050,0.030922,4.342
658909,520,447,967,210,60,157,345.43,0.8026,0.5430,0.193698,3,10,55,266.67,0.9381,0.0813,0.005122,4.421
658920,520,471,991,227,14,70,17.43,0.9843,0.5174,0.170901,2,7,0,133.66,1.0000,0.0375,0.001649,4.277
658939,520,438,958,229,60,44,29.72,0.9276,0.5473,0.200745,29,14,24,340.32,0.3764,0.0901,0.006413,4.445
658942,520,383,903,243,51,169,348.73,0.9223,0.6011,0.242900,2,44,20,153.23,0.9811,0.1547,0.018647,4.267
658955,520,422,942,229,20,180,341.36,0.9719,0.5640,0.204563,12,20,55,269.75,0.7187,0.1067,0.008543,4.348
658960,520,401,921,216,4,245,321.54,0.9980,0.5799,0.212803,61,15,1,38.94,0.9584,0.1421,0.013361,4.148
658962,520,397,917,212,61,219,326.08,0.8997,0.5829,0.224509,46,23,28,6.32,0.3841,0.1353,0.012775,4.373
658969,520,429,949,238,50,0,33.05,1.0000,0.5538,0.204616,29,3,61,296.83,0.9204,0.1000,0.006633,4.496
658982,520,431,951,216,77,77,23.88,0.8001,0.5475,0.204449,7,25,24,190.65,0.5287,0.0970,0.008064,4.382
658986,520,472,992,228,7,71,16.95,0.9923,0.5180,0.171038,1,3,6,247.55,0.4781,0.0270,0.000847,4.347
658995,520,393,913,229,21,218,331.00,0.9837,0.5871,0.222588,22,29,57,271.22,0.5097,0.1369,0.013447,4.296
659013,520,470,990,192,40,207,323.92,0.9101,0.5245,0.172306,17,1,2,18.31,0.8243,0.0390,0.001453,4.321
659025,520,342,862,253,89,98,21.00,0.9775,0.6346,0.289127,4,51,56,205.90,0.8951,0.1923,0.026789,4.416
659036,520,427,947,229,33,166,345.89,0.9368,0.5621,0.205016,32,18,14,36.64,0.3328,0.0992,0.007714,4.419
659048,520,443,963,233,47,8,32.26,0.9917,0.5414,0.193773,26,11,14,7.30,0.3722,0.0765,0.004907,4.440
659074,520,371,891,248,5,206,338.38,0.9974,0.6108,0.245244,2,28,106,263.66,0.9803,0.1733,0.018839,4.289
659089,520,422,942,252,3,7,28.93,0.9990,0.5624,0.207797,3,14,71,265.64,0.9530,0.1058,0.007883,4.454
659091,520,425,945,179,76,228,312.80,0.8486,0.5550,0.203550,19,26,19,144.93,0.2391,0.1063,0.009242,4.280
659113,520,419,939,223,73,81,21.53,0.8305,0.5561,0.210497,49,6,14,14.52,0.7918,0.1081,0.008150,4.480
659145,520,416,936,191,82,209,321.76,0.7849,0.5673,0.217157,38,10,62,304.29,0.7906,0.1225,0.009770,4.470
659147,520,475,995,183,69,185,327.05,0.7598,0.5228,0.178276,7,3,3,19.26,0.2828,0.0329,0.001169,4.461
659157,520,468,988,180,19,241,312.61,0.9827,0.5214,0.165210,2,6,6,195.68,0.3772,0.0371,0.001563,4.174
659166,520,332,852,255,96,15,40.88,1.0000,0.6383,0.296638,29,42,94,269.55,0.6779,0.2047,0.027252,4.487
659183,520,451,971,235,26,94,11.34,0.9637,0.5439,0.192122,19,11,28,304.55,0.4580,0.0740,0.004616,4.433
659206,520,469,989,205,71,87,17.11,0.7592,0.5214,0.181758,6,5,4,70.64,0.1035,0.0378,0.001560,4.495
659210,520,457,977,228,31,95,10.37,0.9431,0.5321,0.183031,17,4,37,297.38,0.7944,0.0649,0.003396,4.364
659218,520,424,944,236,3,152,351.32,0.9959,0.5597,0.201680,44,7,43,329.05,0.7444,0.1132,0.008619,4.293
659224,520,443,963,198,35,222,321.86,0.9476,0.5424,0.184833,19,0,54,290.18,1.0000,0.0759,0.004048,4.345
659241,520,466,986,202,40,180,334.67,0.8808,0.5240,0.173713,5,8,20,269.12,0.4603,0.0508,0.002564,4.256
659250,520,364,884,234,25,244,326.00,0.9890,0.6148,0.247218,43,2,110,287.67,0.9870,0.1741,0.016828,4.448
659261,520,318,838,253,88,185,347.94,0.9760,0.6613,0.313680,40,51,75,265.05,0.3477,0.2225,0.033267,4.368
659273,520,426,946,231,19,170,344.82,0.9722,0.5622,0.203597,41,5,50,318.73,0.8063,0.1104,0.008103,4.365
659284,520,468,988,206,33,164,340.84,0.8951,0.5176,0.168919,8,7,3,98.62,0.3312,0.0445,0.002102,4.202
659288,520,451,971,216,75,21,38.20,0.9528,0.5381,0.196877,11,18,6,132.35,0.5128,0.0744,0.005169,4.475
659295,520,441,961,231,32,86,13.94,0.9500,0.5366,0.186968,28,2,49,304.76,0.9069,0.0854,0.005121,4.299
659305,520,396,916,217,12,241,322.64,0.9935,0.5801,0.213676,32,24,63,289.42,0.5991,0.1394,0.013192,4.173
659307,520,410,930,218,44,211,330.02,0.9334,0.5743,0.214121,5,14,87,266.64,0.9681,0.1264,0.010344,4.377
659328,520,369,889,248,12,199,340.24,0.9932,0.6081,0.243461,80,1,1,28.93,0.9938,0.1689,0.017297,4.361
659331,520,469,989,150,86,211,304.87,0.7410,0.5178,0.178432,18,0,4,3.80,1.0000,0.0385,0.001374,4.446
659339,520,329,849,235,75,244,325.66,0.9573,0.6494,0.292283,55,49,32,90.87,0.3069,0.2138,0.031132,4.219
659342,520,362,882,255,71,78,23.58,1.0000,0.6138,0.263202,5,48,52,204.36,0.8572,0.1809,0.023940,4.236
659347,520,403,923,233,6,194,338.22,0.9942,0.5761,0.213517,41,15,53,313.61,0.6634,0.1265,0.010702,4.341
659361,520,399,919,234,78,36,35.31,0.9395,0.5768,0.230715,51,25,5,55.54,0.7489,0.1423,0.014101,4.379
659368,520,433,953,231,27,145,353.06,0.9489,0.5535,0.198200,33,3,55,305.77,0.8902,0.0995,0.006643,4.382
659388,520,411,931,183,66,255,308.71,1.0000,0.5703,0.211846,2,13,83,265.13,0.9726,0.1183,0.009252,4.419
659390,520,456,976,180,60,214,317.69,0.8541,0.5275,0.177912,7,14,13,185.55,0.2476,0.0631,0.003883,4.230
659401,520,392,912,226,27,220,329.76,0.9763,0.5852,0.221223,39,12,83,293.14,0.8583,0.1471,0.013188,4.292
659406,520,464,984,198,69,131,354.13,0.7214,0.5203,0.179025,4,1,40,274.34,0.9806,0.0493,0.002007,4.404
659410,520,390,910,225,14,233,326.43,0.9921,0.5884,0.222071,22,17,93,275.03,0.9209,0.1482,0.013617,4.277
659414,520,380,900,253,61,58,26.90,0.9893,0.5973,0.245293,44,31,42,331.70,0.2530,0.1563,0.016827,4.419
659427,520,422,942,229,27,172,343.87,0.9544,0.5624,0.204231,48,2,42,334.27,0.8533,0.1131,0.008391,4.354
659441,520,474,994,228,8,72,16.68,0.9911,0.5184,0.171385,7,1,13,310.77,0.7604,0.0314,0.000959,4.344
659464,520,383,903,238,44,196,339.15,0.9456,0.6007,0.239669,24,27,76,275.37,0.7184,0.1498,0.014998,4.457
659466,520,318,838,236,130,13,58.04,0.9797,0.6624,0.338298,15,63,15,143.09,0.9628,0.2241,0.036909,4.468
659477,520,406,926,249,47,35,29.18,0.9772,0.5756,0.222977,4,2,104,265.94,0.9975,0.1349,0.010686,4.498
659483,520,445,965,226,43,112,4.91,0.8961,0.5405,0.190691,30,7,18,352.36,0.5748,0.0766,0.004717,4.399
659488,520,414,934,241,7,147,354.00,0.9919,0.5683,0.209625,41,20,14,36.76,0.4572,0.1169,0.010035,4.325
659495,520,418,938,221,37,194,335.50,0.9352,0.5647,0.205927,13,33,6,138.17,0.9001,0.1203,0.011864,4.137
659535,520,476,996,219,2,111,1.80,0.9954,0.5086,0.162538,0,2,11,258.21,1.0000,0.0247,0.000676,4.194
659541,520,392,912,250,62,4,34.20,0.9969,0.5887,0.237816,35,28,58,292.67,0.4752,0.1476,0.014933,4.432
659542,520,477,997,208,11,167,340.10,0.9717,0.5142,0.164414,0,1,10,262.28,1.0000,0.0204,0.000436,4.251
659548,520,387,907,221,77,179,341.26,0.8026,0.5916,0.239368,13,41,30,164.97,0.6602,0.1520,0.017651,4.277
659553,520,456,976,229,44,7,32.03,0.9922,0.5307,0.184777,25,1,21,334.70,0.8200,0.0586,0.002826,4.444
659554,520,237,757,240,160,2,73.34,0.9974,0.7280,0.436736,6,82,1,141.99,0.9987,0.2870,0.060752,4.395
659572,520,312,832,237,83,243,326.30,0.9527,0.6602,0.306644,76,38,22,42.91,0.5920,0.2157,0.029809,4.469
659576,520,427,947,214,28,219,327.00,0.9678,0.5640,0.202432,32,16,17,15.79,0.3425,0.0958,0.007182,4.415
659595,520,442,962,218,60,121,1.85,0.8138,0.5428,0.195201,25,9,25,327.14,0.5047,0.0761,0.004723,4.481
659648,520,465,985,212,61,56,26.78,0.8766,0.5164,0.176225,10,6,22,294.10,0.5309,0.0518,0.002527,4.307
659654,520,56,576,227,235,245,253.90,0.3926,0.9266,0.823398,24,123,22,142.59,0.9843,0.4315,0.144174,4.498
659655,520,341,861,203,134,69,61.87,0.6846,0.6262,0.301779,19,56,3,138.26,0.9863,0.2003,0.029733,4.412
659661,520,37,557,221,249,215,140.15,0.7271,0.9451,0.880291,21,128,72,153.94,0.9673,0.4546,0.160650,4.416
659663,520,373,893,227,62,210,332.63,0.9074,0.6031,0.244316,66,14,46,346.90,0.7154,0.1641,0.016698,4.413
659675,520,443,963,205,75,120,2.23,0.7154,0.5364,0.193694,30,0,39,317.75,1.0000,0.0764,0.004225,4.494
659687,520,461,981,218,62,36,32.06,0.9276,0.5270,0.184806,6,10,1,124.95,0.7987,0.0491,0.002580,4.466
659697,520,429,949,239,7,100,9.12,0.9923,0.5481,0.194260,19,24,8,123.29,0.5164,0.0979,0.008092,4.205
659701,520,402,922,203,55,236,319.39,0.9298,0.5750,0.214866,50,9,50,327.92,0.7465,0.1309,0.011039,4.339
659707,520,75,595,231,229,211,101.69,0.3013,0.9052,0.777309,51,116,51,143.55,0.8821,0.4215,0.134332,4.488
659728,520,185,705,246,173,168,23.52,0.7603,0.7855,0.523091,76,83,11,115.40,0.9000,0.3327,0.077472,4.496
659737,520,359,879,249,59,165,351.76,0.9455,0.6166,0.259875,55,37,26,52.37,0.3496,0.1807,0.022100,4.298
659753,520,441,961,191,90,130,357.04,0.5920,0.5388,0.200019,38,1,39,327.16,0.8949,0.0913,0.005803,4.480
659778,520,479,999,213,8,140,350.28,0.9775,0.5094,0.162156,1,0,1,328.36,1.0000,0.0103,0.000086,4.236
659791,520,466,986,209,17,168,340.09,0.9567,0.5184,0.167855,20,2,21,326.06,0.7511,0.0535,0.002463,4.153
659809,520,410,930,216,79,147,352.92,0.7442,0.5711,0.222997,25,12,85,280.00,0.9134,0.1342,0.011255,4.457
659814,520,470,990,153,57,253,300.19,0.9868,0.5187,0.167908,14,0,25,309.67,1.0000,0.0438,0.001636,4.220
659820,520,402,922,229,61,166,347.05,0.8586,0.5823,0.227513,47,21,32,354.31,0.4451,0.1344,0.012450,4.444
659827,520,444,964,210,77,79,22.83,0.7717,0.5369,0.195761,25,11,30,316.68,0.5055,0.0822,0.005398,4.436
659850,520,436,956,205,12,234,321.17,0.9908,0.5544,0.191843,25,0,59,294.51,1.0000,0.0883,0.005224,4.379
659887,520,477,997,186,48,193,325.92,0.8529,0.5107,0.164047,1,2,1,144.61,0.3698,0.0208,0.000521,4.237
659923,520,385,905,191,91,226,316.38,0.8182,0.5909,0.240506,29,29,62,281.02,0.5206,0.1467,0.014877,4.478
659932,520,453,973,218,49,118,1.72,0.8522,0.5315,0.184126,13,13,32,281.47,0.4869,0.0747,0.004777,4.274
659946,520,434,954,196,15,242,316.93,0.9891,0.5467,0.184897,25,19,30,309.14,0.2708,0.0986,0.007662,4.074
659960,520,476,996,224,15,52,22.25,0.9860,0.5083,0.164397,0,3,3,194.77,1.0000,0.0242,0.000717,4.227
659966,520,450,970,215,48,163,343.97,0.8597,0.5442,0.192076,6,11,44,270.27,0.8192,0.0746,0.004599,4.434
659970,520,476,996,139,98,182,305.15,0.5579,0.5060,0.176020,3,0,6,311.99,1.0000,0.0187,0.000325,4.491
659982,520,360,880,220,93,192,336.98,0.7720,0.6171,0.268522,52,41,4,91.69,0.8689,0.1832,0.023248,4.349
659983,520,317,837,246,65,254,326.19,0.9965,0.6645,0.305318,28,41,113,269.94,0.8232,0.2198,0.030249,4.428
659989,520,460,980,168,60,235,308.60,0.8985,0.5262,0.175555,5,6,38,273.37,0.8585,0.0590,0.003024,4.254
660005,520,472,992,197,52,176,334.64,0.8249,0.5223,0.174626,0,2,21,262.99,1.0003,0.0310,0.000976,4.407
660011,520,356,876,253,47,169,350.66,0.9824,0.6170,0.257837,54,16,88,303.22,0.8133,0.1773,0.018595,4.488
660016,520,478,998,160,54,238,305.69,0.9167,0.5115,0.162856,0,2,2,194.77,1.0000,0.0198,0.000478,4.217
660024,520,421,941,225,19,179,340.70,0.9703,0.5556,0.197305,38,18,15,29.34,0.4231,0.1083,0.008792,4.206
660027,520,323,843,213,103,238,319.87,0.8862,0.6469,0.300212,64,43,19,67.98,0.5672,0.2074,0.028649,4.453
660036,520,311,831,255,25,255,328.31,1.0000,0.6583,0.291784,64,25,102,302.79,0.7739,0.2167,0.027446,4.413
660038,520,426,946,211,16,230,323.63,0.9873,0.5626,0.199346,9,29,30,199.74,0.5178,0.1125,0.010305,4.135
660041,520,406,926,244,39,126,2.69,0.9421,0.5782,0.221938,43,20,32,348.37,0.4256,0.1261,0.011182,4.445
660078,520,449,969,236,26,63,20.89,0.9753,0.5396,0.189337,6,8,50,271.56,0.9060,0.0748,0.004426,4.397
660080,520,452,972,153,92,213,304.75,0.7289,0.5330,0.192311,17,11,32,294.61,0.5248,0.0743,0.004628,4.436
660083,520,424,944,245,32,67,20.91,0.9726,0.5619,0.208542,6,14,76,267.63,0.9511,0.1134,0.008745,4.401
660088,520,332,852,253,16,239,331.45,0.9957,0.6419,0.274884,10,24,133,266.32,0.9745,0.2040,0.024111,4.384
660130,520,347,867,250,64,178,348.01,0.9554,0.6283,0.272084,14,24,123,267.66,0.9644,0.1922,0.021765,4.488
660137,520,443,963,194,8,241,316.68,0.9941,0.5410,0.179953,9,7,55,274.57,0.9164,0.0804,0.004858,4.192
660167,520,278,798,234,142,63,57.91,0.8341,0.6859,0.371996,14,72,1,140.64,0.9980,0.2538,0.047301,4.337
660174,520,389,909,249,53,84,18.63,0.9609,0.5867,0.233296,9,37,50,231.93,0.6675,0.1469,0.016114,4.285
660182,520,445,965,210,28,197,331.78,0.9477,0.5422,0.185654,35,1,30,334.60,0.8625,0.0803,0.004728,4.306
660188,520,468,988,200,32,193,330.20,0.9222,0.5237,0.171644,9,4,5,3.35,0.2674,0.0386,0.001559,4.299
660214,520,397,917,255,9,83,16.26,1.0000,0.5780,0.220837,53,1,71,314.69,0.9661,0.1440,0.012336,4.345
660220,520,351,871,191,117,222,315.21,0.7242,0.6302,0.290738,12,51,36,163.96,0.8121,0.1866,0.025731,4.499
660223,520,350,870,228,74,225,328.72,0.9100,0.6254,0.268300,37,32,93,281.31,0.7145,0.1878,0.022166,4.411
660229,520,411,931,197,68,218,321.73,0.8594,0.5653,0.210680,27,17,66,286.43,0.7454,0.1232,0.010272,4.325
660242,520,407,927,155,94,255,296.75,1.0000,0.5708,0.221941,24,20,75,279.19,0.7922,0.1347,0.012025,4.384
660243,520,421,941,242,51,28,30.74,0.9711,0.5639,0.213321,22,22,41,282.73,0.3910,0.1087,0.009045,4.460
660244,520,346,866,223,92,201,334.66,0.8071,0.6251,0.275614,17,50,39,168.57,0.6556,0.1864,0.025468,4.315
660245,520,361,881,249,58,164,352.03,0.9458,0.6154,0.258495,16,50,4,138.83,0.9780,0.1784,0.024000,4.169
660251,520,412,932,200,74,203,326.84,0.8100,0.5671,0.214903,18,14,78,275.52,0.9065,0.1230,0.009927,4.420
660255,520,425,945,189,84,195,325.44,0.7345,0.5583,0.211009,52,6,15,14.40,0.8065,0.1144,0.008949,4.428
660276,520,447,967,227,55,8,33.80,0.9898,0.5361,0.190837,32,4,37,321.45,0.7737,0.0849,0.005275,4.357
660278,520,423,943,243,27,100,10.50,0.9686,0.5624,0.207620,54,0,9,17.65,1.0000,0.1091,0.008041,4.439
660289,520,423,943,230,20,161,347.41,0.9671,0.5562,0.198993,28,6,64,292.84,0.8780,0.1061,0.007473,4.332
660293,520,443,963,198,77,142,350.05,0.6915,0.5355,0.192683,16,13,37,286.19,0.5553,0.0806,0.005316,4.387
660296,520,462,982,199,61,169,337.87,0.7886,0.5308,0.183460,22,2,18,335.56,0.7396,0.0548,0.002577,4.440
660314,520,476,996,210,62,33,32.98,0.9236,0.5110,0.172590,0,1,13,263.17,1.0005,0.0222,0.000508,4.407
660321,520,469,989,232,16,39,25.54,0.9893,0.5243,0.176760,6,4,7,315.70,0.2288,0.0363,0.001409,4.411
660326,520,328,848,253,38,242,330.74,0.9928,0.6514,0.286828,20,35,122,268.11,0.9201,0.2128,0.027558,4.343
660330,520,310,830,239,80,239,327.89,0.9428,0.6577,0.303225,99,8,30,15.57,0.9159,0.2234,0.029205,4.460
660335,520,170,690,250,167,217,343.07,0.9136,0.7951,0.529732,1,90,102,210.44,0.9904,0.3402,0.082777,4.366
660339,520,458,978,195,20,226,320.28,0.9770,0.5336,0.175949,3,15,3,143.55,0.8860,0.0595,0.003676,4.210
660367,520,413,933,242,29,135,358.72,0.9591,0.5722,0.215085,32,28,8,98.25,0.5858,0.1227,0.011551,4.307
660369,520,376,896,217,97,141,359.35,0.6736,0.5961,0.252263,65,20,32,6.75,0.6259,0.1645,0.017286,4.492
660373,520,362,882,198,82,254,312.51,0.9915,0.6086,0.251973,33,46,10,126.87,0.7888,0.1774,0.022992,4.137
660379,520,450,970,158,78,242,302.14,0.9009,0.5403,0.191291,10,15,17,224.15,0.1622,0.0692,0.004466,4.430
660390,520,304,824,242,111,177,350.99,0.8285,0.6710,0.334231,8,63,52,175.43,0.9048,0.2312,0.038544,4.339
660397,520,278,798,249,99,224,334.74,0.9639,0.6869,0.344480,79,48,57,0.96,0.3295,0.2526,0.040718,4.348
660412,520,467,987,225,45,31,29.61,0.9560,0.5245,0.179861,1,4,18,263.12,0.7985,0.0359,0.001370,4.475
660418,520,480,1000,227,10,30,26.66,0.9936,0.5110,0.166447,0,0,0,0.00,0.0000,0.0000,0.000000,4.329
660421,520,479,999,223,16,57,20.92,0.9833,0.5072,0.163568,0,0,2,264.05,1.0000,0.0079,0.000044,4.268
660440,520,441,961,203,0,222,323.55,1.0000,0.5393,0.179722,5,8,68,268.45,0.9654,0.0941,0.006232,4.085
660450,520,415,935,246,51,38,29.25,0.9657,0.5728,0.221039,10,26,55,261.21,0.6812,0.1200,0.010791,4.459
660460,520,470,990,137,77,247,293.90,0.9363,0.5179,0.173415,3,5,19,270.85,0.6132,0.0413,0.001749,4.317
660468,520,466,986,227,1,107,4.67,0.9982,0.5237,0.174170,10,2,32,290.98,0.8651,0.0497,0.002122,4.301
660480,520,452,972,222,4,153,347.93,0.9916,0.5326,0.179189,8,6,44,276.89,0.8683,0.0668,0.003637,4.273
660486,520,471,991,188,74,161,337.97,0.7022,0.5237,0.181636,5,2,26,283.59,0.8529,0.0403,0.001503,4.498
660488,520,331,851,254,51,214,337.95,0.9943,0.6437,0.282968,76,31,7,45.28,0.8145,0.1995,0.025321,4.421
660493,520,477,997,193,47,177,333.07,0.8376,0.5115,0.165465,2,1,0,82.32,1.0000,0.0176,0.000346,4.280
660495,520,289,809,247,98,216,336.66,0.9454,0.6784,0.334701,11,67,46,162.88,0.9145,0.2433,0.042825,4.144
660496,520,429,949,240,42,25,29.96,0.9754,0.5529,0.202547,5,19,54,263.65,0.8419,0.0994,0.007643,4.381
660500,520,363,883,253,43,165,351.74,0.9826,0.6128,0.253305,14,25,102,268.30,0.9341,0.1675,0.017478,4.495
660513,520,428,948,210,47,204,329.78,0.9062,0.5581,0.200963,0,10,76,264.00,1.0040,0.1039,0.007388,4.373
660535,520,420,940,200,56,218,323.00,0.8940,0.5581,0.201713,36,2,60,305.78,0.9312,0.1073,0.007448,4.382
660549,520,346,866,229,72,237,325.87,0.9320,0.6325,0.274094,16,35,101,266.37,0.8796,0.1876,0.022517,4.469
660579,520,417,937,230,12,186,339.79,0.9861,0.5670,0.206338,24,23,50,283.01,0.4962,0.1190,0.010373,4.246
660588,520,467,987,180,39,222,316.49,0.9286,0.5155,0.164294,10,1,28,296.31,0.8989,0.0442,0.001701,4.145
660630,520,433,953,243,24,45,25.24,0.9849,0.5512,0.199009,18,20,33,276.95,0.3098,0.0955,0.007387,4.339
660649,520,144,664,247,187,202,2.16,0.7291,0.8261,0.595807,69,93,62,138.73,0.4040,0.3641,0.094416,4.472
660655,520,460,980,202,61,165,340.23,0.7897,0.5338,0.186125,5,11,28,265.31,0.5828,0.0618,0.003554,4.409
660670,520,252,772,227,132,249,319.87,0.9481,0.7177,0.396745,53,67,52,143.17,0.2521,0.2697,0.050191,4.459
660676,520,359,879,248,0,221,334.60,1.0000,0.6188,0.251800,41,44,11,114.07,0.7050,0.1792,0.022969,4.136
660682,520,468,988,193,69,152,343.14,0.7242,0.5210,0.178624,4,0,33,278.35,1.0000,0.0400,0.001356,4.452
660700,520,414,934,244,3,134,358.70,0.9968,0.5685,0.210228,2,18,76,264.18,0.9490,0.1183,0.009672,4.361
660703,520,450,970,227,6,157,347.81,0.9895,0.5448,0.188982,1,6,54,265.26,0.9703,0.0717,0.004030,4.423
660704,520,443,963,189,19,241,315.17,0.9839,0.5357,0.176367,29,12,3,52.29,0.6643,0.0798,0.005308,4.093
660712,520,350,870,240,29,246,326.92,0.9884,0.6279,0.260605,28,51,30,146.26,0.5497,0.1933,0.027082,4.030
660713,520,379,899,199,103,195,328.82,0.6783,0.6021,0.257841,21,39,54,244.98,0.4300,0.1615,0.018767,4.477
660737,520,248,768,237,126,245,324.77,0.9414,0.7190,0.395208,25,75,57,166.12,0.7420,0.2783,0.055340,4.226
660753,520,371,891,251,23,189,343.71,0.9841,0.6112,0.247995,2,25,107,264.12,0.9624,0.1688,0.017696,4.402
660768,520,402,922,247,5,146,355.47,0.9952,0.5795,0.219614,36,31,1,100.29,0.9429,0.1346,0.013573,4.241
660769,520,198,718,250,144,255,325.50,1.0000,0.7709,0.474926,29,89,46,149.64,0.8956,0.3230,0.076029,4.165
660790,520,373,893,210,72,240,319.85,0.9253,0.6048,0.246293,37,31,59,292.28,0.4320,0.1575,0.016891,4.430
660802,520,365,885,239,41,206,336.56,0.9586,0.6064,0.243957,12,37,82,261.04,0.8037,0.1721,0.020104,4.193
660806,520,362,882,201,123,112,28.65,0.5048,0.6090,0.277548,39,42,48,264.37,0.1047,0.1820,0.023006,4.487
660808,520,344,864,233,107,105,23.06,0.7799,0.6277,0.288616,8,48,71,239.38,0.7869,0.1931,0.026203,4.444
660818,520,387,907,234,77,103,14.81,0.8386,0.5863,0.237823,0,42,36,180.66,1.0000,0.1521,0.017832,4.243
660819,520,471,991,178,66,194,322.46,0.7849,0.5170,0.172576,2,9,5,161.54,0.6052,0.0443,0.002192,4.265
660826,520,412,932,218,49,199,333.36,0.9062,0.5703,0.212278,37,16,54,306.97,0.6525,0.1231,0.010303,4.349
660832,520,359,879,231,58,227,329.10,0.9419,0.6169,0.255635,22,46,57,229.49,0.4611,0.1846,0.024199,4.119
660852,520,425,945,238,55,59,25.36,0.9346,0.5623,0.212285,46,14,14,22.53,0.6181,0.1140,0.009267,4.425
660855,520,395,915,202,65,252,315.06,0.9816,0.5945,0.233668,3,31,63,254.04,0.8677,0.1362,0.013581,4.461
660857,520,398,918,239,63,86,18.71,0.9007,0.5764,0.225808,68,0,6,23.87,1.0000,0.1404,0.012423,4.418
660863,520,398,918,240,35,154,352.27,0.9457,0.5788,0.220635,14,37,29,168.60,0.5504,0.1394,0.015052,4.160
660871,520,384,904,233,69,147,355.64,0.8362,0.5894,0.236892,11,38,41,205.23,0.5979,0.1460,0.016174,4.335
660875,520,478,998,224,9,50,22.48,0.9920,0.5064,0.162758,0,3,4,211.91,1.0000,0.0247,0.000739,4.193
660879,520,344,864,231,55,251,323.36,0.9843,0.6306,0.266886,83,1,57,346.13,0.9537,0.1929,0.021564,4.428
660883,520,445,965,237,36,20,29.87,0.9811,0.5425,0.193200,2,14,47,262.51,0.9085,0.0803,0.005322,4.396
660884,520,424,944,195,27,252,314.31,0.9863,0.5576,0.194156,7,16,70,268.01,0.9228,0.1105,0.008579,4.168
660903,520,471,991,188,87,94,17.75,0.6076,0.5173,0.183175,11,4,12,323.19,0.4429,0.0432,0.001845,4.498
660906,520,351,871,234,97,161,353.85,0.7840,0.6313,0.286176,5,51,42,176.02,0.9105,0.1864,0.025670,4.443
660911,520,422,942,235,37,137,357.08,0.9292,0.5632,0.207944,11,11,77,271.28,0.9504,0.1128,0.008463,4.412
660927,520,401,921,247,51,92,15.70,0.9463,0.5829,0.229180,56,17,16,24.41,0.6647,0.1380,0.012792,4.446
660931,520,409,929,228,48,162,347.51,0.8905,0.5677,0.212192,16,2,93,273.03,0.9935,0.1255,0.009438,4.411
660933,520,452,972,198,38,203,326.78,0.9155,0.5305,0.177055,9,18,2,130.65,0.8457,0.0719,0.004951,4.132
660944,520,468,988,113,90,253,283.04,0.9817,0.5193,0.179145,17,0,21,321.42,1.0000,0.0449,0.001733,4.429
660946,520,419,939,247,11,69,19.37,0.9932,0.5590,0.204467,4,23,51,257.35,0.8013,0.1060,0.008776,4.329
660958,520,355,875,239,8,252,325.46,0.9978,0.6249,0.255553,45,25,88,292.75,0.7360,0.1784,0.019577,4.392
660965,520,469,989,231,9,61,20.15,0.9921,0.5231,0.175243,5,7,5,145.10,0.1699,0.0423,0.001952,4.336
660967,520,387,907,206,69,228,321.79,0.8916,0.5872,0.229811,58,22,17,29.76,0.6101,0.1506,0.015140,4.296
660980,520,432,952,226,15,160,346.74,0.9737,0.5464,0.190511,41,8,31,341.66,0.6731,0.1023,0.007441,4.187
660981,520,341,861,230,63,240,325.54,0.9479,0.6278,0.266715,6,56,22,149.11,0.9720,0.1981,0.029249,3.996
661000,520,374,894,214,100,148,355.66,0.6507,0.5986,0.255506,15,45,0,136.96,1.0000,0.1603,0.019783,4.378
661007,520,355,875,250,62,167,351.50,0.9524,0.6218,0.265625,6,52,14,145.74,0.9763,0.1828,0.025263,4.194
661008,520,390,910,190,78,248,311.61,0.9475,0.5880,0.231743,60,19,29,7.85,0.6069,0.1524,0.015153,4.324
661016,520,469,989,224,43,9,31.88,0.9891,0.5197,0.175976,8,5,9,318.70,0.2449,0.0417,0.001799,4.363
661020,520,417,937,234,71,39,33.00,0.9374,0.5686,0.221484,29,24,43,295.38,0.3652,0.1219,0.010889,4.459
661023,520,339,859,254,49,212,338.45,0.9942,0.6413,0.280242,56,41,47,352.81,0.1999,0.1990,0.026319,4.327
661026,520,71,591,252,226,173,84.79,0.8179,0.9086,0.781064,28,120,1,140.71,0.9993,0.4215,0.136815,4.449
661039,520,397,917,252,19,124,3.69,0.9838,0.5848,0.226200,43,2,83,298.75,0.9672,0.1416,0.011816,4.468
661051,520,389,909,216,73,204,331.40,0.8480,0.5922,0.237257,38,33,36,341.04,0.0907,0.1512,0.016272,4.335
661060,520,236,756,243,144,214,338.80,0.8659,0.7423,0.438583,8,82,26,146.30,0.9870,0.2897,0.061605,4.378
661076,520,479,999,195,46,163,338.42,0.8260,0.5060,0.162022,1,0,1,328.36,1.0000,0.0103,0.000086,4.233
661077,520,340,860,237,88,187,343.33,0.8534,0.6355,0.285744,38,52,25,131.19,0.5325,0.2032,0.029382,4.229
661087,520,410,930,224,35,200,334.55,0.9486,0.5726,0.212219,62,2,18,12.39,0.9328,0.1315,0.011114,4.291
661092,520,399,919,182,113,159,340.36,0.4648,0.5787,0.242596,7,38,32,177.73,0.7598,0.1404,0.015356,4.477
661103,520,453,973,208,47,159,343.50,0.8438,0.5284,0.179482,29,6,17,352.33,0.5978,0.0729,0.004320,4.225
661113,520,408,928,235,57,111,8.34,0.8813,0.5692,0.217391,8,33,39,216.17,0.6269,0.1283,0.012858,4.254
661123,520,452,972,213,61,111,5.29,0.7992,0.5311,0.186336,25,8,0,56.87,1.0000,0.0656,0.003804,4.393
661125,520,478,998,204,60,89,13.32,0.7951,0.5065,0.167925,2,2,6,282.35,0.4201,0.0250,0.000695,4.299
661128,520,427,947,231,22,163,347.04,0.9644,0.5597,0.202099,0,28,10,153.25,1.0000,0.0978,0.008524,4.308
661137,520,470,990,223,33,70,18.40,0.9473,0.5172,0.172207,15,1,5,358.13,0.7464,0.0374,0.001342,4.328
661142,520,418,938,215,63,165,343.97,0.8125,0.5588,0.207209,5,28,50,249.87,0.7415,0.1190,0.010930,4.221
661150,520,443,963,224,53,99,10.74,0.8687,0.5408,0.192971,16,19,5,118.65,0.5500,0.0809,0.005869,4.349
661151,520,377,897,246,33,174,347.19,0.9636,0.5983,0.237398,8,8,114,267.01,0.9906,0.1578,0.014401,4.463
661166,520,380,900,245,66,137,1.43,0.9052,0.6047,0.251182,32,35,60,277.51,0.3947,0.1630,0.018354,4.406
661167,520,464,984,219,49,71,19.81,0.8997,0.5209,0.177142,17,5,5,20.73,0.4455,0.0499,0.002387,4.336
661185,520,270,790,251,124,151,8.29,0.8957,0.6963,0.371618,33,70,6,135.76,0.9759,0.2557,0.047167,4.339
661192,520,441,961,218,68,66,25.41,0.8556,0.5377,0.194355,0,24,25,198.39,1.0000,0.0901,0.007234,4.269
661197,520,414,934,223,81,90,20.16,0.7910,0.5683,0.223136,7,27,54,256.63,0.7230,0.1203,0.010953,4.481
661219,520,281,801,240,123,191,345.94,0.8126,0.6925,0.364551,2,70,15,145.13,0.9963,0.2451,0.044275,4.397
661237,520,479,999,199,67,92,12.95,0.7470,0.5064,0.169311,1,0,0,29.23,1.0000,0.0090,0.000065,4.381
661261,520,430,950,215,85,7,43.05,0.9819,0.5499,0.209618,0,25,35,226.52,1.0000,0.0981,0.008166,4.463
661265,520,359,879,245,50,197,340.60,0.9460,0.6178,0.257279,33,39,64,272.76,0.3872,0.1770,0.021445,4.301
661270,520,423,943,242,39,34,28.40,0.9717,0.5557,0.204472,42,10,34,338.68,0.6467,0.1085,0.008249,4.369
661274,520,398,918,204,105,96,26.62,0.6095,0.5753,0.237869,2,40,15,150.67,0.9813,0.1399,0.015649,4.385
661276,520,374,894,239,19,204,336.95,0.9858,0.5959,0.231790,42,37,3,100.97,0.8777,0.1590,0.018220,4.131
661278,520,412,932,206,35,241,319.54,0.9687,0.5701,0.206764,54,7,0,35.20,1.0000,0.1169,0.009364,4.325
661291,520,373,893,216,97,147,356.03,0.6711,0.5967,0.252570,27,44,1,129.04,0.9823,0.1649,0.020365,4.300
661298,520,421,941,187,63,239,313.61,0.9155,0.5602,0.203529,6,30,28,187.74,0.6701,0.1130,0.010511,4.190
661300,520,447,967,241,10,40,25.41,0.9947,0.5421,0.190745,28,9,22,340.57,0.5035,0.0788,0.005002,4.377
661304,520,415,935,223,52,186,338.60,0.8905,0.5739,0.216915,46,15,28,356.06,0.5564,0.1202,0.010064,4.444
661306,520,444,964,216,64,112,5.91,0.7975,0.5404,0.194380,21,10,36,300.67,0.6048,0.0795,0.005039,4.440
661352,520,170,690,231,190,131,76.07,0.6062,0.7955,0.554559,10,97,18,143.60,0.9913,0.3408,0.086572,4.427
661360,520,441,961,182,63,228,314.63,0.8806,0.5442,0.191026,6,20,33,247.54,0.5611,0.0869,0.006488,4.267
661378,520,390,910,215,83,183,338.36,0.7719,0.5911,0.240545,10,41,16,147.33,0.9026,0.1469,0.016878,4.344
661379,520,299,819,247,97,192,344.73,0.9175,0.6656,0.321322,14,65,19,144.57,0.9635,0.2313,0.039208,4.162
661384,520,470,990,185,25,231,316.19,0.9696,0.5232,0.167803,3,8,2,138.68,0.6631,0.0418,0.001974,4.191
661391,520,361,881,165,116,255,296.98,1.0000,0.6191,0.277103,14,46,58,226.17,0.6384,0.1811,0.023527,4.449
661393,520,384,904,192,97,206,322.34,0.7229,0.5888,0.242133,17,26,85,270.10,0.8591,0.1518,0.015138,4.485
661413,520,339,859,226,108,177,346.17,0.7257,0.6416,0.300704,0,55,43,172.93,1.0000,0.1986,0.029067,4.436
661434,520,477,997,203,5,186,333.05,0.9888,0.5150,0.163522,0,0,18,264.05,1.0000,0.0220,0.000437,4.233
661451,520,429,949,212,2,211,328.61,0.9977,0.5476,0.187457,49,0,23,357.49,1.0000,0.1023,0.007149,4.155
661461,520,469,989,177,29,241,311.50,0.9687,0.5210,0.165777,11,1,20,309.39,0.8263,0.0397,0.001434,4.195
661464,520,424,944,242,37,49,25.47,0.9698,0.5559,0.204255,8,28,36,226.85,0.5633,0.1119,0.010095,4.231
661475,520,347,867,243,98,77,30.66,0.9073,0.6254,0.283289,0,53,35,163.85,1.0000,0.1891,0.026674,4.347
661481,520,371,891,244,90,22,39.73,0.9741,0.6104,0.266066,11,48,22,149.89,0.9074,0.1723,0.022429,4.364
661489,520,427,947,206,34,233,321.41,0.9642,0.5635,0.201508,18,12,60,280.77,0.8195,0.1003,0.007178,4.399
661499,520,475,995,190,0,225,319.31,1.0000,0.5194,0.163848,11,1,5,350.06,0.6938,0.0324,0.001038,4.190
661505,520,348,868,237,65,223,331.64,0.9350,0.6303,0.271154,67,13,86,315.20,0.8194,0.1928,0.021532,4.490
661508,520,476,996,167,56,223,311.30,0.8793,0.5107,0.163724,1,3,0,132.12,1.0000,0.0241,0.000716,4.214
661530,520,457,977,194,36,212,323.25,0.9303,0.5289,0.174861,3,14,3,143.63,0.8629,0.0569,0.003400,4.211
661545,520,351,871,233,86,187,342.15,0.8348,0.6264,0.275696,38,43,57,269.40,0.2236,0.1883,0.024352,4.380
661564,520,353,873,245,59,183,345.07,0.9272,0.6174,0.259624,70,21,34,7.17,0.6440,0.1764,0.019541,4.452
661565,520,359,879,233,67,218,331.97,0.9197,0.6225,0.264024,21,32,97,269.81,0.8501,0.1795,0.020554,4.451
661570,520,413,933,236,54,112,7.74,0.8916,0.5688,0.216441,9,14,79,269.30,0.9473,0.1186,0.009366,4.488
661572,520,476,996,182,84,111,4.69,0.5843,0.5074,0.174349,2,2,0,109.77,1.0000,0.0218,0.000563,4.437
661592,520,416,936,252,21,1,29.95,0.9994,0.5666,0.212377,52,11,17,15.69,0.7114,0.1215,0.010100,4.366
661607,520,427,947,244,39,10,30.90,0.9923,0.5586,0.207095,0,20,60,259.70,1.0000,0.1044,0.008265,4.413
661609,520,436,956,200,12,239,318.71,0.9913,0.5501,0.187759,24,13,40,300.17,0.5797,0.0910,0.006352,4.219
661632,520,424,944,228,45,160,348.05,0.8980,0.5646,0.209115,49,2,28,351.85,0.8491,0.1073,0.007803,4.483
661643,520,475,995,199,49,173,336.19,0.8345,0.5214,0.173577,11,0,14,321.88,1.0000,0.0335,0.001029,4.381
661648,520,286,806,238,136,100,40.03,0.7745,0.6854,0.367080,37,66,6,132.82,0.9630,0.2450,0.043028,4.483
661653,520,478,998,170,93,119,359.33,0.4788,0.5071,0.177077,1,2,5,262.03,0.4486,0.0231,0.000608,4.487
661656,520,357,877,244,10,228,332.04,0.9961,0.6177,0.250545,44,44,21,108.57,0.4644,0.1842,0.023910,4.066
661667,520,432,952,186,90,164,336.79,0.6237,0.5458,0.204331,2,23,42,247.23,0.8183,0.0981,0.007928,4.390
661683,520,337,857,216,94,242,320.22,0.9210,0.6412,0.290168,41,52,12,123.28,0.7754,0.2038,0.029539,4.277
661687,520,200,720,223,186,66,91.43,0.8071,0.7678,0.512004,18,90,33,146.39,0.9702,0.3204,0.075504,4.478
661711,520,423,943,249,14,59,22.06,0.9925,0.5624,0.207732,2,28,35,218.27,0.8511,0.1081,0.009647,4.321
661726,520,478,998,192,74,122,357.94,0.6765,0.5130,0.175109,1,2,6,265.10,0.5131,0.0236,0.000630,4.446
661731,520,388,908,203,92,188,332.91,0.7152,0.5873,0.239833,39,30,37,333.96,0.1817,0.1452,0.014935,4.463
661752,520,468,988,180,2,242,312.61,0.9983,0.5180,0.161586,9,0,26,297.99,1.0000,0.0392,0.001327,4.122
661758,520,356,876,179,113,243,305.28,0.8482,0.6215,0.278656,22,50,12,138.48,0.9085,0.1826,0.024783,4.395
661761,520,440,960,153,87,240,299.65,0.8715,0.5455,0.198802,20,20,23,285.82,0.0765,0.0926,0.007109,4.357
661778,520,369,889,235,89,138,2.73,0.7996,0.6137,0.266446,8,41,73,251.43,0.7813,0.1740,0.021184,4.445
661783,520,442,962,220,69,34,34.11,0.9290,0.5389,0.195900,30,10,3,44.49,0.6835,0.0776,0.004997,4.471
661789,520,365,885,231,27,245,325.05,0.9871,0.6111,0.243677,29,46,16,133.35,0.6995,0.1750,0.022526,4.049
661794,520,400,920,248,59,22,32.51,0.9809,0.5825,0.231458,40,27,31,358.66,0.2211,0.1366,0.013339,4.444
661800,520,345,865,235,48,250,324.67,0.9823,0.6317,0.266806,78,5,67,335.78,0.8528,0.1919,0.021337,4.441
661802,520,278,798,245,124,156,4.76,0.8096,0.6887,0.362308,28,70,7,137.84,0.9774,0.2530,0.046424,4.276
661812,520,370,890,255,69,80,22.64,1.0000,0.6121,0.260991,5,42,60,234.88,0.8166,0.1667,0.020143,4.434
661816,520,411,931,247,39,36,28.13,0.9742,0.5662,0.213561,52,2,35,345.71,0.8540,0.1168,0.008949,4.471
661822,520,364,884,236,9,239,327.66,0.9965,0.6108,0.242628,60,30,20,39.11,0.5184,0.1708,0.019398,4.217
661834,520,399,919,232,49,180,342.63,0.9112,0.5847,0.226504,5,0,110,266.12,1.0000,0.1423,0.011579,4.490
661872,520,476,996,194,78,92,15.75,0.6793,0.5127,0.176926,0,1,10,262.28,1.0000,0.0204,0.000436,4.499
661889,520,477,997,197,14,192,329.71,0.9698,0.5101,0.159919,4,1,7,310.77,0.6480,0.0247,0.000629,4.146
661895,520,340,860,255,45,210,339.15,1.0000,0.6396,0.277932,10,53,56,201.89,0.7747,0.2007,0.028961,4.153
661896,520,357,877,243,66,181,345.57,0.9088,0.6190,0.262903,27,48,27,144.24,0.5494,0.1822,0.024260,4.214
661903,520,73,593,240,224,225,13.12,0.3178,0.9066,0.772733,27,117,80,160.82,0.9140,0.4225,0.135342,4.439
661914,520,365,885,250,51,151,356.11,0.9547,0.6066,0.249294,75,17,4,34.59,0.9230,0.1745,0.019058,4.334
661926,520,443,963,227,59,1,35.06,0.9986,0.5398,0.194639,9,13,47,272.58,0.7677,0.0831,0.005511,4.407
661930,520,402,922,238,46,154,352.36,0.9159,0.5816,0.224672,21,34,9,131.97,0.7184,0.1295,0.013232,4.344
661932,520,455,975,186,20,239,314.75,0.9815,0.5296,0.171726,9,5,41,280.33,0.8507,0.0629,0.003267,4.163
661939,520,397,917,250,47,12,31.57,0.9916,0.5764,0.223872,2,31,72,257.51,0.9371,0.1436,0.014607,4.239
661940,520,460,980,188,86,129,355.72,0.6020,0.5271,0.189334,15,9,23,302.85,0.4241,0.0633,0.003588,4.466
661947,520,328,848,253,104,43,40.30,0.9839,0.6478,0.309611,19,58,15,141.80,0.9402,0.2085,0.031989,4.386
661958,520,406,926,250,32,85,16.31,0.9716,0.5755,0.220165,54,9,33,351.98,0.7245,0.1286,0.010896,4.437
661967,520,457,977,222,39,110,4.58,0.9000,0.5292,0.181091,7,1,43,278.94,0.9751,0.0550,0.002413,4.409
661999,520,446,966,207,84,43,38.15,0.8504,0.5362,0.197826,28,14,7,47.99,0.4551,0.0833,0.005763,4.444
662005,520,399,919,227,44,193,337.36,0.9264,0.5792,0.219850,28,1,97,280.69,0.9943,0.1398,0.011316,4.401
662008,520,443,963,224,50,105,8.02,0.8731,0.5399,0.191511,1,15,39,256.56,0.8994,0.0752,0.004946,4.395
662015,520,418,938,222,84,11,41.41,0.9778,0.5613,0.218970,30,26,32,314.55,0.1390,0.1221,0.011191,4.396
662024,520,358,878,232,88,182,343.84,0.8180,0.6249,0.275151,31,48,25,137.86,0.5260,0.1847,0.024754,4.350
662029,520,418,938,216,62,162,345.28,0.8154,0.5581,0.206551,48,12,27,357.49,0.6340,0.1187,0.009705,4.297
662031,520,470,990,225,0,120,359.72,1.0000,0.5238,0.173664,17,1,0,34.83,1.0000,0.0382,0.001409,4.351
662067,520,353,873,242,14,230,331.11,0.9943,0.6162,0.249073,59,29,52,336.35,0.4680,0.1788,0.020566,4.238
662072,520,466,986,192,70,158,340.35,0.7248,0.5235,0.180570,10,9,13,297.00,0.1473,0.0542,0.002890,4.359
662073,520,194,714,238,179,136,57.17,0.6575,0.7803,0.521966,6,91,47,153.16,0.9861,0.3240,0.077258,4.495
662074,520,450,970,180,25,255,309.53,1.0000,0.5363,0.176195,4,14,35,261.14,0.7015,0.0722,0.004612,4.142
662087,520,341,861,251,69,164,353.23,0.9566,0.6287,0.274491,18,21,133,268.67,0.9738,0.2031,0.023582,4.410
662092,520,403,923,239,34,163,349.12,0.9489,0.5803,0.221422,47,17,36,343.61,0.5439,0.1288,0.011327,4.426
662106,520,467,987,215,60,12,35.19,0.9790,0.5173,0.177078,0,4,26,261.54,1.0000,0.0402,0.001614,4.400
662108,520,442,962,201,43,204,327.30,0.9057,0.5397,0.185066,1,21,22,199.03,0.8904,0.0808,0.006007,4.197
662110,520,453,973,208,78,13,41.03,0.9643,0.5270,0.188900,35,0,5,15.53,1.0000,0.0683,0.003683,4.450
662111,520,383,903,230,8,241,325.81,0.9966,0.6016,0.233499,39,16,78,294.36,0.7953,0.1471,0.013520,4.463
662123,520,440,960,190,42,248,313.38,0.9662,0.5545,0.193816,29,9,41,310.51,0.6792,0.0913,0.006167,4.341
662132,520,453,973,225,27,119,0.96,0.9401,0.5314,0.181261,14,15,0,112.44,1.0000,0.0676,0.004350,4.255
662145,520,388,908,235,36,193,339.19,0.9544,0.5891,0.227770,13,34,61,255.73,0.6403,0.1474,0.015665,4.230
662163,520,401,921,252,41,45,26.90,0.9873,0.5786,0.224745,1,27,76,260.42,0.9768,0.1371,0.013120,4.353
662165,520,418,938,187,65,237,313.96,0.9054,0.5607,0.204609,16,12,82,273.74,0.9404,0.1234,0.009822,4.256
662172,520,414,934,216,19,229,325.12,0.9852,0.5713,0.207239,30,22,39,305.32,0.3536,0.1160,0.009963,4.290
662190,520,476,996,176,44,214,317.07,0.8995,0.5065,0.158876,4,1,2,354.20,0.4589,0.0220,0.000519,4.135
662196,520,444,964,227,28,139,354.30,0.9393,0.5436,0.190282,29,0,43,312.39,1.0000,0.0781,0.004357,4.420
662219,520,448,968,168,92,188,318.96,0.6436,0.5362,0.196108,22,3,52,293.98,0.9023,0.0823,0.004836,4.488
662228,520,470,990,195,70,132,352.99,0.7087,0.5167,0.176501,4,5,13,275.14,0.3942,0.0393,0.001634,4.387
662276,520,434,954,245,18,21,28.43,0.9919,0.5514,0.199028,43,7,14,12.65,0.7207,0.0979,0.006973,4.371
662279,520,388,908,226,62,198,335.88,0.8876,0.5944,0.236936,19,29,80,270.04,0.7784,0.1545,0.015963,4.350
662283,520,385,905,255,40,84,17.71,1.0000,0.5898,0.234214,44,7,89,295.83,0.9160,0.1549,0.014087,4.435
662293,520,358,878,251,45,185,345.30,0.9709,0.6194,0.258921,66,28,28,21.55,0.5298,0.1791,0.020728,4.368
662310,520,422,942,224,68,125,2.52,0.8058,0.5639,0.214648,19,21,50,277.47,0.5625,0.1100,0.009050,4.482
662324,520,426,946,199,45,239,317.85,0.9484,0.5633,0.202524,46,6,31,346.47,0.7403,0.1085,0.008101,4.346
662329,520,415,935,228,73,110,10.36,0.8121,0.5723,0.223876,18,33,9,135.16,0.7431,0.1241,0.012360,4.392
662343,520,429,949,219,69,98,13.36,0.8024,0.5477,0.202006,41,12,3,40.59,0.7887,0.0994,0.007410,4.390
662347,520,471,991,181,54,210,319.34,0.8640,0.5201,0.171164,8,4,16,300.63,0.5194,0.0421,0.001759,4.273
662348,520,410,930,225,84,21,40.08,0.9584,0.5672,0.224050,23,29,52,271.53,0.4342,0.1342,0.013088,4.344
662353,520,163,683,206,200,207,321.33,0.0967,0.8134,0.589355,4,101,2,142.39,0.9983,0.3527,0.093372,4.459
662360,520,317,837,233,89,235,327.21,0.9190,0.6560,0.304688,77,28,76,328.39,0.6493,0.2210,0.029303,4.473
662371,520,461,981,221,9,152,348.09,0.9810,0.5312,0.178371,7,3,32,283.36,0.8443,0.0493,0.002146,4.379
662373,520,419,939,237,35,129,0.14,0.9382,0.5631,0.207946,30,12,59,295.91,0.7594,0.1119,0.008547,4.406
662377,520,442,962,176,59,233,311.73,0.8974,0.5351,0.182422,7,15,33,263.99,0.5564,0.0753,0.004966,4.228
662380,520,431,951,209,49,192,332.99,0.8804,0.5503,0.195597,38,1,54,312.87,0.9476,0.1033,0.007002,4.309
662389,520,469,989,213,23,158,344.43,0.9379,0.5228,0.172299,19,0,1,21.54,1.0000,0.0388,0.001407,4.324
662392,520,424,944,200,46,238,318.33,0.9461,0.5649,0.204079,14,11,76,273.53,0.9374,0.1134,0.008545,4.340
662393,520,416,936,211,99,14,49.11,0.9544,0.5658,0.228064,18,31,27,173.26,0.2993,0.1228,0.011877,4.494
662399,520,372,892,249,45,171,349.13,0.9537,0.6091,0.249601,32,43,30,140.74,0.3039,0.1714,0.021285,4.203
662400,520,474,994,219,0,142,350.84,1.0000,0.5205,0.170156,0,2,15,261.10,1.0000,0.0270,0.000779,4.336
662407,520,425,945,206,19,235,321.14,0.9848,0.5588,0.195875,12,27,25,184.94,0.3844,0.1061,0.009322,4.145
662425,520,366,886,252,67,119,9.21,0.9674,0.6132,0.260451,23,45,32,156.91,0.4818,0.1713,0.021632,4.334
662443,520,436,956,235,48,56,24.96,0.9440,0.5500,0.200647,10,23,7,139.48,0.6813,0.0879,0.006926,4.403
662472,520,422,942,177,95,204,317.16,0.6985,0.5634,0.218921,20,27,27,196.41,0.1457,0.1128,0.010117,4.473
662474,520,402,922,236,30,177,344.01,0.9586,0.5795,0.219386,40,27,20,49.43,0.2937,0.1330,0.012855,4.286
662487,520,459,979,226,36,92,11.58,0.9285,0.5301,0.182060,1,12,34,257.42,0.8828,0.0648,0.003849,4.309
662488,520,441,961,232,22,114,3.78,0.9633,0.5419,0.189475,16,15,44,281.04,0.6139,0.0898,0.006336,4.251
662492,520,391,911,227,40,219,330.22,0.9578,0.5926,0.229653,56,21,36,355.21,0.5371,0.1512,0.015046,4.299
662496,520,480,1000,172,10,248,308.91,0.9926,0.5129,0.157659,0,0,0,0.00,0.0000,0.0000,0.000000,4.153
662510,520,475,995,220,30,109,3.89,0.9253,0.5194,0.172510,0,3,19,260.47,1.0000,0.0326,0.001121,4.353
662516,520,349,869,251,73,157,356.05,0.9524,0.6299,0.277119,63,27,72,319.24,0.6207,0.1937,0.023086,4.476
662525,520,359,879,252,86,20,38.07,0.9828,0.6197,0.274050,13,48,30,157.65,0.8005,0.1751,0.022931,4.443
662526,520,334,854,240,63,230,330.56,0.9486,0.6378,0.277961,31,26,121,274.67,0.9189,0.2026,0.024104,4.426
662537,520,349,869,215,113,163,350.72,0.6226,0.6275,0.289035,26,52,2,133.67,0.9829,0.1906,0.026799,4.415
662543,520,408,928,237,8,172,345.43,0.9911,0.5721,0.211597,40,6,67,304.18,0.8648,0.1251,0.009866,4.370
662545,520,476,996,182,92,36,48.75,0.7970,0.5059,0.177282,5,1,3,344.91,0.5356,0.0240,0.000606,4.491
662568,520,346,866,203,110,219,321.58,0.7555,0.6324,0.289641,15,48,69,240.17,0.6625,0.1942,0.026450,4.443
662569,520,445,965,203,39,207,327.08,0.9234,0.5425,0.186543,18,14,29,295.34,0.3839,0.0796,0.005314,4.276
662577,520,401,921,240,41,160,350.56,0.9342,0.5847,0.226523,28,30,46,278.33,0.2950,0.1375,0.013727,4.339
662591,520,477,997,196,43,168,336.92,0.8445,0.5082,0.162924,2,0,9,294.50,1.0000,0.0190,0.000326,4.231
662609,520,404,924,219,7,233,324.99,0.9956,0.5766,0.210973,37,7,70,298.96,0.8675,0.1251,0.009875,4.359
662617,520,221,741,223,155,243,318.35,0.8564,0.7508,0.456029,0,75,116,241.97,1.0000,0.3029,0.062928,4.481
662623,520,457,977,232,14,87,12.63,0.9831,0.5317,0.181611,10,2,45,282.02,0.9441,0.0616,0.002974,4.372
662633,520,382,902,222,87,158,350.73,0.7445,0.5964,0.248169,50,22,67,310.60,0.6500,0.1618,0.016572,4.479
662646,520,214,734,246,143,255,324.17,1.0000,0.7640,0.464597,14,84,31,146.94,0.9746,0.2986,0.065327,4.462
662654,520,370,890,222,60,236,324.48,0.9394,0.6096,0.248195,0,29,106,262.84,1.0002,0.1745,0.019192,4.310
662657,520,448,968,227,53,67,22.31,0.9117,0.5397,0.192852,18,4,49,289.88,0.8750,0.0766,0.004372,4.467
662660,520,467,987,224,26,74,16.60,0.9609,0.5164,0.170833,11,0,25,303.59,1.0000,0.0405,0.001413,4.295
662672,520,423,943,211,26,221,325.73,0.9707,0.5594,0.198101,5,18,64,265.63,0.9032,0.1069,0.008350,4.252
662680,520,375,895,239,88,38,37.45,0.9384,0.5995,0.254732,14,40,52,230.74,0.5751,0.1594,0.018588,4.443
662683,520,471,991,139,99,195,301.24,0.6150,0.5164,0.183530,7,7,5,107.20,0.1280,0.0443,0.002081,4.484
662690,520,432,952,198,50,213,323.88,0.8980,0.5462,0.190927,11,13,59,273.25,0.8633,0.0957,0.006747,4.246
662702,520,476,996,169,90,134,346.84,0.5127,0.5061,0.174696,9,0,0,29.23,1.0000,0.0242,0.000581,4.442
662707,520,341,861,247,14,239,330.14,0.9957,0.6309,0.263232,44,48,44,145.35,0.0795,0.2024,0.028312,4.000
662710,520,474,994,169,29,249,307.41,0.9730,0.5162,0.161541,8,3,3,19.66,0.3303,0.0340,0.001233,4.129
662715,520,282,802,229,110,252,320.90,0.9799,0.6879,0.348400,33,66,33,143.92,0.7165,0.2461,0.043294,4.270
662728,520,380,900,219,96,144,358.06,0.6888,0.5989,0.254416,10,40,53,230.23,0.6729,0.1582,0.018391,4.451
662737,520,461,981,218,27,149,348.78,0.9291,0.5299,0.178617,17,0,23,318.27,1.0000,0.0462,0.001810,4.413
662759,520,468,988,221,29,118,0.66,0.9273,0.5240,0.175615,0,2,27,263.73,1.0018,0.0357,0.001225,4.404
662772,520,470,990,218,14,144,350.16,0.9667,0.5227,0.172356,6,7,2,116.13,0.4778,0.0423,0.001951,4.280
662802,520,460,980,171,58,241,308.39,0.9246,0.5335,0.180357,0,15,4,152.91,1.0000,0.0573,0.003504,4.305
662824,520,431,951,230,45,125,0.97,0.8960,0.5542,0.201833,51,0,18,5.45,1.0000,0.1048,0.007476,4.382
662826,520,473,993,234,2,27,26.95,0.9989,0.5242,0.176182,1,4,8,243.70,0.5539,0.0311,0.001108,4.426
662841,520,387,907,219,77,178,341.07,0.7951,0.5877,0.235844,20,40,22,146.49,0.5778,0.1504,0.017242,4.251
662847,520,470,990,200,2,205,327.03,0.9967,0.5219,0.167323,2,1,29,272.74,0.9705,0.0369,0.001233,4.242
662848,520,456,976,212,57,123,359.37,0.8062,0.5292,0.183557,14,10,20,302.29,0.3172,0.0628,0.003610,4.357
662851,520,442,962,233,45,52,25.45,0.9491,0.5431,0.194514,7,12,47,270.80,0.8192,0.0798,0.005133,4.435
662855,520,312,832,228,103,224,328.75,0.8619,0.6603,0.315783,25,59,16,139.64,0.9163,0.2151,0.033719,4.369
662865,520,1,521,255,255,255,0.00,0.0000,1.0000,1.000000,24,137,64,149.52,0.9747,0.4826,0.184549,4.477
662868,520,446,966,234,32,45,25.57,0.9720,0.5359,0.187181,2,11,54,265.10,0.9374,0.0812,0.005186,4.298
662894,520,460,980,218,51,92,12.32,0.8647,0.5254,0.180483,21,5,14,345.88,0.5311,0.0581,0.002997,4.349
662895,520,452,972,94,104,251,274.76,0.9684,0.5281,0.192446,2,15,27,244.01,0.7219,0.0680,0.004337,4.462
662904,520,335,855,251,69,196,342.82,0.9687,0.6431,0.287541,73,36,12,50.62,0.7197,0.2047,0.027050,4.381
662912,520,341,861,246,93,98,21.71,0.9096,0.6274,0.283065,27,46,82,262.07,0.5690,0.2040,0.027961,4.272
662916,520,125,645,247,196,220,348.62,0.7583,0.8511,0.644227,17,104,82,170.62,0.9277,0.3790,0.106285,4.442
662921,520,418,938,212,60,180,337.77,0.8338,0.5583,0.205261,40,23,16,43.14,0.3832,0.1225,0.011014,4.184
662936,520,477,997,189,46,184,329.62,0.8470,0.5081,0.162350,2,0,9,294.50,1.0000,0.0190,0.000326,4.219
662964,520,463,983,214,24,172,340.19,0.9437,0.5327,0.179302,2,9,13,225.31,0.5407,0.0471,0.002373,4.378
662979,520,367,887,253,62,131,4.49,0.9776,0.6141,0.259701,25,47,1,132.12,0.9881,0.1732,0.022418,4.277
662987,520,446,966,156,88,231,302.47,0.8219,0.5436,0.198173,16,15,24,289.42,0.2462,0.0772,0.005178,4.498
662994,520,390,910,210,79,203,329.92,0.8152,0.5890,0.236072,69,4,16,17.84,0.9225,0.1489,0.013897,4.477
662999,520,276,796,255,107,214,339.78,1.0000,0.7017,0.366334,13,70,45,159.46,0.9162,0.2537,0.046551,4.312
663045,520,443,963,211,19,195,332.60,0.9679,0.5391,0.182569,34,9,11,17.43,0.5807,0.0843,0.005597,4.183
663051,520,396,916,252,42,80,18.78,0.9816,0.5842,0.229342,14,10,99,270.46,0.9766,0.1416,0.012112,4.497
663058,520,358,878,205,93,233,319.14,0.8649,0.6182,0.266924,22,46,54,221.71,0.4450,0.1830,0.023908,4.288
663066,520,379,899,238,19,216,333.62,0.9881,0.6014,0.236035,40,3,103,287.68,0.9778,0.1626,0.014955,4.404
663085,520,358,878,234,93,141,2.02,0.7844,0.6184,0.272469,10,48,55,212.43,0.7345,0.1842,0.024542,4.326
663092,520,386,906,233,61,156,351.55,0.8633,0.5852,0.230642,5,24,91,264.96,0.9413,0.1487,0.014408,4.357
663101,520,284,804,243,118,195,344.44,0.8587,0.6907,0.359542,12,70,32,150.10,0.9581,0.2502,0.045626,4.283
663112,520,348,868,255,12,213,338.11,1.0000,0.6289,0.263304,51,38,57,314.90,0.3026,0.1899,0.023855,4.242
663117,520,466,986,187,20,221,319.23,0.9720,0.5163,0.162869,1,8,28,259.68,0.8652,0.0521,0.002639,4.044
663123,520,437,957,233,17,130,358.24,0.9730,0.5478,0.193392,1,19,49,257.54,0.9342,0.0927,0.006939,4.275
663127,520,431,951,210,55,181,336.78,0.8468,0.5507,0.197722,0,30,4,146.05,1.0000,0.1031,0.009373,4.172
663139,520,371,891,220,63,232,324.88,0.9274,0.6063,0.245989,3,44,49,207.18,0.8961,0.1658,0.020424,4.203
663146,520,310,830,239,82,234,329.17,0.9342,0.6568,0.303283,91,20,37,11.34,0.7639,0.2186,0.028584,4.496
663149,520,357,877,250,9,216,336.28,0.9963,0.6210,0.254804,22,21,111,271.99,0.9442,0.1764,0.018545,4.447
663150,520,330,850,232,80,221,330.88,0.9006,0.6358,0.281159,35,57,0,129.57,1.0000,0.2134,0.032835,3.998
663153,520,399,919,187,85,234,313.38,0.8615,0.5825,0.230033,31,29,54,286.08,0.4164,0.1430,0.014364,4.351
663157,520,467,987,189,54,189,327.98,0.8282,0.5185,0.171328,2,5,8,239.32,0.3743,0.0351,0.001390,4.307
663213,520,454,974,210,4,184,335.44,0.9919,0.5265,0.172513,13,2,51,283.01,0.9529,0.0703,0.003680,4.145
663228,520,392,912,241,5,185,342.52,0.9957,0.5860,0.223151,38,5,96,288.31,0.9569,0.1535,0.013651,4.291
663230,520,261,781,238,150,79,57.40,0.8060,0.7095,0.405567,22,71,72,197.05,0.6876,0.2701,0.051447,4.491
663256,520,389,909,253,4,145,356.89,0.9969,0.5910,0.230174,60,21,9,37.57,0.7406,0.1511,0.015169,4.299
663258,520,409,929,233,74,41,33.40,0.9298,0.5704,0.223842,47,23,21,25.49,0.4230,0.1346,0.012714,4.367
663266,520,356,876,234,47,236,327.69,0.9664,0.6199,0.255841,38,31,90,283.27,0.7009,0.1838,0.021302,4.289
663278,520,465,985,169,58,232,309.74,0.8946,0.5231,0.172881,8,10,8,145.26,0.1104,0.0531,0.002862,4.216
663285,520,431,951,125,99,255,285.41,1.0000,0.5478,0.205033,38,13,21,1.51,0.5082,0.1006,0.007541,4.432
663301,520,428,948,187,57,250,311.47,0.9702,0.5633,0.203943,10,23,45,260.30,0.5872,0.1048,0.008667,4.329
663316,520,353,873,246,35,216,335.49,0.9768,0.6217,0.257558,39,46,3,118.68,0.9190,0.1822,0.023919,4.161
663319,520,472,992,138,80,247,293.89,0.9322,0.5234,0.178560,14,1,2,16.00,0.7749,0.0348,0.001195,4.465
663321,520,394,914,244,52,126,3.74,0.9138,0.5870,0.231987,46,26,2,68.40,0.8628,0.1360,0.013241,4.459
663326,520,445,965,167,97,179,321.59,0.5844,0.5382,0.200203,1,18,42,254.52,0.9004,0.0846,0.006062,4.463
663363,520,441,961,222,67,25,34.95,0.9546,0.5397,0.196168,38,8,6,27.77,0.7235,0.0883,0.005990,4.397
663365,520,350,870,243,40,231,331.07,0.9764,0.6280,0.263446,80,21,18,26.94,0.7918,0.1923,0.022858,4.302
663375,520,430,950,172,86,214,313.04,0.7633,0.5490,0.202821,0,28,22,176.40,1.0000,0.1012,0.008884,4.294
663391,520,431,951,189,58,229,316.83,0.9000,0.5506,0.195033,24,21,21,17.57,0.0611,0.0984,0.007847,4.236
663399,520,447,967,229,45,59,23.51,0.9391,0.5358,0.188535,13,9,52,278.97,0.8366,0.0835,0.005289,4.314
663406,520,367,887,237,55,198,338.52,0.9249,0.6077,0.248169,22,27,98,271.98,0.8804,0.1711,0.018362,4.362
663407,520,458,978,157,71,244,302.10,0.9227,0.5316,0.182067,5,16,6,146.75,0.6333,0.0646,0.004160,4.285
663416,520,463,983,235,4,40,24.97,0.9975,0.5279,0.179054,15,4,24,308.49,0.6633,0.0535,0.002543,4.359
663421,520,423,943,216,69,159,346.90,0.7898,0.5642,0.213606,5,18,71,265.96,0.9257,0.1143,0.009197,4.453
663432,520,383,903,229,80,158,351.63,0.7948,0.5993,0.248665,7,42,25,158.12,0.8823,0.1512,0.017712,4.411
663450,520,390,910,244,68,88,19.33,0.9224,0.5915,0.240752,25,26,77,276.73,0.7308,0.1494,0.014812,4.486
663457,520,426,946,185,62,241,312.58,0.9239,0.5578,0.201115,19,22,52,276.09,0.5726,0.1138,0.009602,4.213
663465,520,442,962,207,70,125,359.32,0.7430,0.5353,0.191285,31,13,0,61.82,1.0000,0.0840,0.005792,4.325
663476,520,437,957,211,68,152,348.27,0.7737,0.5511,0.202522,20,18,27,294.78,0.2259,0.0895,0.006605,4.461
663482,520,420,940,243,33,42,26.49,0.9768,0.5550,0.203130,54,2,11,16.99,0.9332,0.1123,0.008520,4.326
663499,520,380,900,200,74,246,315.39,0.9440,0.5963,0.238321,48,18,76,303.77,0.7514,0.1601,0.015828,4.380
663503,520,284,804,242,113,215,336.11,0.9028,0.6908,0.355962,62,56,64,317.69,0.1133,0.2524,0.042227,4.402
663508,520,408,928,243,22,120,3.62,0.9735,0.5662,0.209879,34,21,58,296.98,0.5998,0.1315,0.011819,4.204
663509,520,469,989,201,74,82,20.00,0.7412,0.5170,0.179263,7,5,9,309.19,0.2314,0.0407,0.001734,4.432
663538,520,303,823,255,65,232,333.63,1.0000,0.6658,0.308699,4,66,9,143.68,0.9926,0.2309,0.039418,4.011
663548,520,477,997,202,64,105,6.53,0.7577,0.5120,0.172453,7,0,1,9.43,1.0000,0.0219,0.000474,4.407
663553,520,473,993,178,72,187,324.50,0.7456,0.5200,0.176887,0,5,11,237.61,1.0000,0.0341,0.001327,4.420
663593,520,443,963,136,90,254,290.77,0.9878,0.5427,0.197022,0,21,31,229.29,1.0000,0.0845,0.006352,4.384
663598,520,368,888,250,53,157,354.24,0.9545,0.6105,0.253079,3,30,101,263.32,0.9684,0.1718,0.018874,4.401
663606,520,456,976,136,88,247,292.08,0.9219,0.5334,0.189290,15,12,1,98.77,0.8063,0.0617,0.003667,4.459
663609,520,386,906,214,80,187,336.51,0.7869,0.5877,0.236233,5,42,10,145.46,0.9705,0.1472,0.017100,4.266
663617,520,421,941,218,23,207,331.13,0.9712,0.5610,0.200254,27,5,69,289.46,0.9158,0.1090,0.007712,4.336
663625,520,410,930,159,107,214,304.61,0.6816,0.5677,0.227417,14,37,6,138.39,0.9265,0.1339,0.014296,4.315
663626,520,475,995,224,34,85,13.60,0.9352,0.5231,0.176500,7,1,11,315.32,0.7319,0.0304,0.000910,4.449
663634,520,476,996,170,11,245,308.93,0.9912,0.5073,0.153788,1,1,8,277.00,0.7555,0.0209,0.000457,4.039
663638,520,468,988,208,24,172,338.65,0.9363,0.5214,0.170438,0,3,23,262.02,1.0000,0.0353,0.001270,4.300
663641,520,477,997,210,58,38,30.92,0.9152,0.5069,0.168701,2,0,5,306.92,1.0000,0.0163,0.000239,4.353
663643,520,423,943,245,10,72,18.38,0.9932,0.5550,0.201009,33,23,14,63.09,0.3338,0.1122,0.009679,4.206
663645,520,378,898,203,68,252,315.21,0.9811,0.5989,0.238604,52,28,41,346.77,0.3808,0.1605,0.017207,4.294
663660,520,403,923,255,29,18,29.39,1.0000,0.5767,0.221863,1,38,19,156.30,0.9854,0.1336,0.014396,4.222
663665,520,448,968,237,24,56,22.59,0.9802,0.5398,0.189466,19,14,19,326.12,0.1801,0.0758,0.004995,4.354
663673,520,436,956,216,15,194,334.15,0.9778,0.5464,0.188379,17,20,21,219.74,0.0748,0.0890,0.006736,4.202
663676,520,438,958,210,23,206,329.34,0.9659,0.5460,0.187727,30,14,17,7.93,0.3583,0.0888,0.006306,4.222
663679,520,452,972,184,19,246,312.67,0.9851,0.5321,0.173111,23,9,25,322.44,0.4917,0.0735,0.004477,4.095
663681,520,72,592,253,224,188,73.01,0.8228,0.9087,0.778259,55,116,45,140.94,0.8912,0.4225,0.134921,4.479
663697,520,453,973,185,22,239,314.43,0.9788,0.5287,0.171213,5,16,11,165.24,0.4822,0.0660,0.004270,4.076
663720,520,13,533,253,254,198,108.50,0.9776,0.9799,0.958438,55,133,2,137.64,0.9982,0.4735,0.175911,4.464
663745,520,312,832,253,44,253,328.22,0.9944,0.6615,0.297789,73,44,21,57.48,0.5808,0.2240,0.032721,4.204
663750,520,391,911,248,55,103,12.67,0.9456,0.5906,0.236715,9,41,13,145.58,0.9310,0.1460,0.016729,4.297
663752,520,380,900,237,87,75,27.92,0.8852,0.5989,0.253319,36,38,34,128.79,0.0786,0.1619,0.018768,4.411
663756,520,353,873,220,68,247,321.12,0.9622,0.6212,0.260672,34,43,56,257.53,0.2460,0.1841,0.023533,4.225
663762,520,384,904,254,47,46,27.41,0.9955,0.5868,0.233049,36,32,33,0.58,0.0642,0.1450,0.015179,4.343
663766,520,464,984,222,42,16,31.20,0.9799,0.5150,0.172257,16,6,14,333.97,0.4022,0.0540,0.002721,4.216
663768,520,330,850,171,127,239,300.26,0.7817,0.6353,0.300689,53,48,46,43.18,0.0670,0.2131,0.030681,4.347
663778,520,474,994,215,47,120,0.10,0.8502,0.5247,0.178386,4,0,26,283.50,1.0000,0.0338,0.001004,4.478
663788,520,311,831,244,60,255,325.55,1.0000,0.6581,0.296874,2,39,123,262.64,0.9852,0.2159,0.028938,4.394
663798,520,478,998,151,71,229,303.04,0.8550,0.5110,0.167433,1,2,4,255.89,0.3738,0.0225,0.000586,4.298
663804,520,377,897,223,45,229,326.67,0.9552,0.5954,0.232241,63,13,47,343.26,0.7184,0.1577,0.015500,4.309
663828,520,459,979,231,41,2,31.92,0.9978,0.5326,0.185822,25,3,12,355.24,0.6871,0.0590,0.002984,4.451
663845,520,474,994,232,13,37,25.76,0.9918,0.5232,0.175803,4,2,18,286.54,0.7492,0.0337,0.001129,4.416
663864,520,258,778,173,160,242,290.55,0.7445,0.7071,0.404365,45,73,14,131.84,0.9134,0.2742,0.053546,4.388
663868,520,313,833,247,111,106,24.44,0.8985,0.6573,0.321867,39,56,39,144.65,0.3600,0.2200,0.034061,4.424
663876,520,434,954,241,1,95,10.84,0.9990,0.5497,0.195520,3,28,25,184.39,0.8176,0.1040,0.009200,4.147
663890,520,368,888,247,39,185,344.28,0.9594,0.6086,0.247312,5,34,88,261.22,0.9246,0.1676,0.018808,4.321
663903,520,400,920,215,33,234,323.55,0.9707,0.5787,0.214773,12,39,13,144.22,0.8875,0.1406,0.015582,4.037
663904,520,359,879,254,30,194,343.06,0.9934,0.6220,0.258978,17,46,56,223.44,0.5649,0.1814,0.023586,4.199
663909,520,113,633,252,205,187,42.00,0.8342,0.8655,0.679474,8,110,70,159.18,0.9818,0.3935,0.116452,4.383
663923,520,472,992,219,50,73,19.29,0.8944,0.5221,0.178249,3,5,0,123.22,1.0000,0.0330,0.001279,4.451
663927,520,450,970,232,50,47,27.30,0.9431,0.5444,0.196453,4,15,33,257.59,0.6612,0.0731,0.004772,4.500
663940,520,383,903,235,11,227,330.23,0.9945,0.6012,0.234502,9,31,77,262.59,0.8477,0.1512,0.015738,4.328
663942,520,373,893,230,1,242,325.61,0.9996,0.6010,0.232579,38,7,99,286.97,0.9471,0.1591,0.014649,4.371
663970,520,426,946,222,53,159,347.37,0.8577,0.5592,0.205815,10,29,26,182.30,0.4991,0.1113,0.010178,4.251
663991,520,407,927,245,50,51,26.66,0.9577,0.5712,0.219361,43,27,8,68.61,0.6228,0.1348,0.013150,4.265
663992,520,292,812,233,107,244,324.37,0.9421,0.6846,0.343727,6,68,33,152.30,0.9760,0.2420,0.042826,4.242
664007,520,319,839,222,105,215,329.74,0.8068,0.6494,0.305409,23,38,123,268.54,0.9015,0.2214,0.029983,4.444
664016,520,446,966,230,43,85,15.26,0.9235,0.5412,0.192096,5,10,54,269.04,0.9178,0.0816,0.005157,4.389
664037,520,454,974,174,58,236,310.46,0.9058,0.5337,0.180818,19,6,33,303.36,0.6862,0.0679,0.003785,4.291
664042,520,430,950,212,74,130,358.83,0.7435,0.5511,0.205085,19,8,68,280.61,0.9069,0.1039,0.007294,4.452
664045,520,469,989,218,22,142,351.05,0.9435,0.5245,0.174347,13,1,12,330.37,0.7534,0.0377,0.001338,4.370
664054,520,426,946,205,86,137,356.01,0.6695,0.5582,0.214428,14,27,39,247.45,0.4106,0.1141,0.010237,4.390
664056,520,319,839,247,40,247,328.24,0.9840,0.6453,0.280100,96,3,54,355.34,0.9221,0.2213,0.028187,4.222
664060,520,452,972,133,95,227,292.85,0.7868,0.5256,0.187170,12,8,45,280.77,0.7950,0.0745,0.004413,4.359
664063,520,446,966,186,54,220,318.31,0.8894,0.5354,0.182460,12,4,53,279.88,0.9276,0.0752,0.004220,4.287
664072,520,455,975,236,10,38,25.59,0.9942,0.5312,0.181931,2,14,18,217.73,0.6659,0.0610,0.003706,4.319
664077,520,413,933,221,26,208,331.62,0.9686,0.5681,0.206673,36,20,47,310.06,0.5114,0.1242,0.010806,4.221
664086,520,337,857,243,108,95,27.79,0.8805,0.6437,0.306090,5,54,60,207.56,0.8822,0.2044,0.029967,4.453
664088,520,440,960,236,51,48,27.29,0.9456,0.5535,0.204171,12,14,54,274.46,0.7942,0.0933,0.006586,4.492
664095,520,450,970,240,16,34,26.61,0.9915,0.5410,0.190147,20,9,23,318.86,0.4445,0.0688,0.004060,4.442
664099,520,386,906,227,6,235,326.47,0.9969,0.5917,0.224617,41,6,91,292.58,0.9349,0.1522,0.013570,4.320
664125,520,425,945,204,14,238,319.98,0.9900,0.5564,0.193262,19,8,74,278.75,0.9299,0.1108,0.008065,4.189
664141,520,466,986,195,84,84,22.49,0.6713,0.5218,0.185846,4,13,0,133.14,1.0000,0.0543,0.003137,4.438
664143,520,419,939,198,31,250,315.48,0.9778,0.5624,0.198893,48,5,28,352.25,0.7689,0.1096,0.008209,4.276
664145,520,395,915,213,83,190,335.23,0.7802,0.5915,0.240523,20,37,29,163.15,0.3892,0.1431,0.015605,4.428
664153,520,478,998,140,80,227,298.17,0.8256,0.5085,0.168590,8,0,3,351.24,1.0000,0.0245,0.000582,4.321
664159,520,431,951,224,2,184,338.89,0.9971,0.5525,0.193539,29,15,39,309.54,0.5231,0.1001,0.007494,4.236
664171,520,451,971,210,11,202,330.44,0.9845,0.5397,0.182073,9,0,59,275.69,1.0000,0.0727,0.003738,4.319
664173,520,386,906,201,83,215,323.32,0.8167,0.5874,0.235118,47,21,55,317.74,0.5821,0.1469,0.014166,4.443
664174,520,362,882,254,55,131,3.93,0.9894,0.6102,0.254455,69,14,64,331.94,0.7526,0.1804,0.019496,4.381
664211,520,383,903,249,33,164,350.87,0.9643,0.5995,0.239111,50,17,63,315.06,0.6973,0.1508,0.014380,4.491
664218,520,300,820,235,97,245,324.95,0.9532,0.6749,0.328063,26,63,10,138.13,0.9584,0.2285,0.037964,4.298
664233,520,444,964,235,5,85,13.35,0.9946,0.5354,0.184298,26,4,36,313.72,0.7708,0.0753,0.004338,4.312
664238,520,366,886,229,46,229,328.17,0.9587,0.6062,0.242715,65,19,54,338.26,0.6606,0.1731,0.018561,4.269
664241,520,397,917,243,62,58,26.91,0.9432,0.5786,0.228087,47,11,62,313.91,0.7699,0.1372,0.011915,4.491
664263,520,449,969,233,33,61,21.80,0.9635,0.5365,0.187514,20,0,43,299.88,1.0000,0.0659,0.003231,4.462
664287,520,394,914,217,64,214,328.81,0.8919,0.5907,0.232756,11,38,25,159.96,0.7060,0.1398,0.015275,4.332
664291,520,422,942,202,6,245,317.95,0.9963,0.5570,0.192810,24,9,67,285.90,0.8660,0.1089,0.007948,4.190
664297,520,417,937,237,39,146,354.50,0.9292,0.5718,0.215339,51,11,26,0.89,0.6757,0.1225,0.010178,4.409
664321,520,375,895,204,85,216,323.93,0.8197,0.5952,0.242938,41,36,20,92.73,0.3698,0.1578,0.017837,4.318
664336,520,429,949,240,18,82,15.33,0.9830,0.5485,0.195704,47,4,19,4.22,0.8002,0.1027,0.007383,4.282
664343,520,384,904,238,63,153,353.89,0.8719,0.5949,0.240350,1,30,86,260.93,0.9825,0.1545,0.016068,4.395
664352,520,473,993,216,41,125,357.81,0.8731,0.5239,0.176679,0,1,20,263.97,1.0037,0.0271,0.000722,4.469
664357,520,450,970,195,32,225,320.33,0.9552,0.5381,0.180729,24,10,16,353.13,0.3735,0.0726,0.004487,4.235
664363,520,422,942,231,63,66,24.65,0.9003,0.5572,0.209402,15,17,64,274.29,0.8176,0.1108,0.008726,4.417
664374,520,386,906,180,89,255,305.96,1.0000,0.5941,0.240688,6,41,30,168.04,0.8563,0.1491,0.017183,4.327
664392,520,434,954,221,37,165,344.42,0.9103,0.5487,0.194144,3,24,46,250.98,0.7917,0.1042,0.008698,4.159
664400,520,355,875,255,76,64,28.27,1.0000,0.6171,0.268027,37,34,79,283.00,0.5859,0.1796,0.021018,4.478
664404,520,402,922,243,41,121,4.38,0.9367,0.5758,0.220243,10,10,93,269.12,0.9765,0.1315,0.010718,4.451
664415,520,333,853,219,94,228,324.94,0.8672,0.6369,0.286687,59,40,37,29.00,0.2547,0.1970,0.025811,4.441
664426,520,452,972,231,16,95,9.92,0.9779,0.5322,0.181887,19,11,23,314.00,0.3675,0.0714,0.004397,4.263
664437,520,347,867,218,83,237,322.54,0.9121,0.6272,0.272082,75,18,50,349.88,0.7043,0.1886,0.021590,4.499
664448,520,444,964,194,59,195,327.64,0.8301,0.5357,0.185389,5,7,57,269.79,0.9495,0.0797,0.004796,4.296
664449,520,362,882,234,7,238,327.43,0.9971,0.6062,0.238200,32,22,105,278.50,0.8884,0.1781,0.019007,4.176
664450,520,361,881,207,80,253,315.56,0.9857,0.6184,0.260960,53,31,57,321.26,0.4368,0.1767,0.020323,4.422
664475,520,353,873,253,4,203,340.22,0.9981,0.6182,0.252846,73,1,70,330.36,0.9547,0.1806,0.018806,4.401
664479,520,405,925,255,30,45,26.02,1.0000,0.5790,0.223818,34,15,71,292.87,0.7820,0.1326,0.011367,4.462
664487,520,431,951,226,57,94,13.53,0.8676,0.5472,0.199059,19,25,20,149.89,0.1849,0.1038,0.008842,4.233
664491,520,401,921,251,39,53,25.13,0.9822,0.5762,0.222210,26,35,20,133.41,0.3838,0.1390,0.014722,4.206
664494,520,423,943,214,78,118,5.64,0.7359,0.5557,0.210552,3,19,68,263.99,0.9362,0.1120,0.009024,4.414
664497,520,359,879,251,84,83,24.71,0.9667,0.6219,0.274778,28,44,59,247.55,0.3567,0.1838,0.023639,4.410
664508,520,414,934,209,56,217,325.85,0.9034,0.5722,0.213952,46,8,47,326.84,0.7456,0.1206,0.009598,4.429
664517,520,435,955,201,30,227,321.55,0.9635,0.5486,0.188938,3,7,65,267.01,0.9717,0.0876,0.005529,4.303
664531,520,480,1000,181,52,202,321.62,0.8529,0.5123,0.165452,0,0,0,0.00,0.0000,0.0000,0.000000,4.309
664536,520,357,877,203,108,198,329.17,0.6780,0.6176,0.275003,37,45,19,123.32,0.5421,0.1794,0.023171,4.442
664537,520,34,554,241,245,231,119.75,0.4405,0.9573,0.897751,25,130,9,141.64,0.9947,0.4542,0.161910,4.472
664558,520,449,969,156,74,253,299.76,0.9819,0.5419,0.190577,6,0,61,271.74,1.0000,0.0729,0.003756,4.475
664559,520,453,973,174,61,233,310.96,0.8918,0.5343,0.182202,18,11,17,331.26,0.2460,0.0676,0.004084,4.293
664575,520,449,969,211,53,152,347.15,0.8247,0.5357,0.186643,29,8,5,32.02,0.6114,0.0730,0.004459,4.345
664576,520,229,749,241,155,172,6.90,0.7037,0.7444,0.451241,18,83,10,141.66,0.9853,0.2938,0.063368,4.421
664596,520,445,965,233,29,104,7.83,0.9515,0.5439,0.192049,33,0,32,329.60,1.0000,0.0763,0.004277,4.460
664614,520,250,770,243,145,160,10.42,0.7507,0.7242,0.418459,1,76,54,165.84,0.9941,0.2740,0.054414,4.487
664633,520,381,901,253,63,85,20.05,0.9847,0.6034,0.250971,41,31,56,301.66,0.3981,0.1602,0.017369,4.467
664648,520,440,960,173,79,226,310.95,0.8304,0.5490,0.199680,4,17,53,263.97,0.8717,0.0935,0.006837,4.393
664672,520,422,942,216,86,59,33.46,0.8236,0.5573,0.215726,11,29,20,160.52,0.5337,0.1098,0.010004,4.429
664676,520,425,945,236,31,133,358.35,0.9460,0.5605,0.205093,47,9,30,350.07,0.6851,0.1140,0.008935,4.328
664683,520,424,944,238,52,80,18.85,0.9236,0.5632,0.212155,29,23,4,92.79,0.6991,0.1050,0.008828,4.456
664710,520,439,959,183,84,191,324.58,0.7132,0.5469,0.201707,34,13,19,2.88,0.4522,0.0936,0.006750,4.435
664717,520,412,932,180,78,246,308.82,0.9306,0.5726,0.218067,38,19,35,332.81,0.4230,0.1180,0.009992,4.468
664720,520,405,925,252,34,61,22.96,0.9856,0.5766,0.221801,4,30,54,249.45,0.7921,0.1270,0.012206,4.369
664734,520,408,928,246,18,129,1.02,0.9811,0.5740,0.216138,56,1,41,342.24,0.9137,0.1270,0.010227,4.419
664736,520,431,951,232,24,136,356.23,0.9569,0.5506,0.195896,13,25,12,142.54,0.5097,0.0969,0.008074,4.234
664737,520,432,952,205,2,236,320.78,0.9985,0.5540,0.190804,4,27,29,202.84,0.7161,0.1033,0.008983,4.083
664739,520,463,983,231,32,6,30.65,0.9941,0.5270,0.180382,4,0,45,273.01,1.0000,0.0523,0.002153,4.417
664745,520,413,933,177,75,252,306.81,0.9742,0.5696,0.214083,28,29,21,113.39,0.1912,0.1239,0.011798,4.273
664761,520,434,954,205,88,91,21.04,0.6854,0.5470,0.207159,25,23,2,104.63,0.8279,0.1000,0.008239,4.416
664773,520,477,997,229,7,29,26.74,0.9957,0.5146,0.169017,2,0,14,286.01,1.0000,0.0222,0.000446,4.342
664813,520,336,856,250,48,223,334.68,0.9766,0.6399,0.277687,22,54,37,158.28,0.6370,0.2014,0.029424,4.126
664827,520,435,955,232,50,67,22.12,0.9273,0.5472,0.198453,4,14,57,266.19,0.9109,0.0912,0.006353,4.409
664832,520,477,997,190,47,188,328.68,0.8517,0.5133,0.166126,1,0,19,273.06,1.0000,0.0243,0.000535,4.277
664836,520,327,847,255,56,209,339.60,1.0000,0.6462,0.286951,91,14,26,18.37,0.8578,0.2094,0.026132,4.426
664837,520,468,988,140,92,217,298.22,0.7460,0.5203,0.182396,9,3,19,301.86,0.6535,0.0422,0.001702,4.495
664861,520,247,767,231,131,238,324.76,0.8877,0.7153,0.393963,85,61,18,78.46,0.7378,0.2835,0.053127,4.305
664870,520,439,959,244,6,39,25.54,0.9970,0.5476,0.195133,3,21,36,244.69,0.7325,0.0894,0.006830,4.313
664875,520,382,902,215,58,243,320.98,0.9482,0.6016,0.239461,56,26,36,359.76,0.4440,0.1606,0.017070,4.316
664889,520,465,985,161,56,239,305.68,0.9182,0.5157,0.166380,7,7,20,281.90,0.4550,0.0503,0.002476,4.123
664895,520,331,851,247,99,90,26.49,0.9247,0.6360,0.294392,19,53,41,167.43,0.6474,0.1979,0.028446,4.390
664897,520,348,868,236,67,225,330.85,0.9331,0.6316,0.272859,78,21,12,31.62,0.8304,0.1873,0.021828,4.495
664901,520,467,987,207,53,127,356.10,0.8069,0.5174,0.173461,4,5,18,275.87,0.5472,0.0417,0.001780,4.316
664909,520,424,944,211,49,194,332.94,0.8870,0.5550,0.199426,12,21,58,269.08,0.7403,0.1115,0.009199,4.213
664910,520,421,941,210,71,168,341.91,0.7767,0.5604,0.210373,28,11,64,291.10,0.8085,0.1129,0.008564,4.446
664920,520,435,955,193,77,181,331.89,0.7366,0.5467,0.199829,3,22,35,239.90,0.7344,0.0915,0.007145,4.372
664931,520,446,966,213,36,175,339.16,0.9070,0.5385,0.185052,17,10,43,287.90,0.6972,0.0806,0.005107,4.265
664941,520,429,949,218,79,6,40.64,0.9867,0.5467,0.205130,32,13,44,310.32,0.6238,0.1039,0.007768,4.416
664950,520,297,817,223,127,212,331.37,0.7478,0.6846,0.356219,20,67,14,141.49,0.9620,0.2397,0.041946,4.418
664953,520,386,906,246,41,141,358.08,0.9413,0.5885,0.231051,40,33,12,91.24,0.5489,0.1468,0.015654,4.281
664961,520,473,993,213,1,173,339.45,0.9977,0.5250,0.171872,2,1,22,276.02,0.9385,0.0312,0.000925,4.357
664963,520,456,976,130,85,254,289.39,0.9896,0.5285,0.183984,4,2,50,271.09,0.9809,0.0620,0.002995,4.415
664965,520,416,936,239,36,136,358.16,0.9393,0.5701,0.213932,24,31,3,121.84,0.8542,0.1219,0.011807,4.270
664974,520,420,940,197,65,217,322.10,0.8650,0.5614,0.206621,14,8,78,273.71,0.9576,0.1119,0.008170,4.412
664976,520,355,875,227,75,218,330.38,0.8945,0.6206,0.264272,40,38,55,289.60,0.2600,0.1758,0.021132,4.418
664982,520,480,1000,204,18,173,337.23,0.9518,0.5121,0.162891,0,0,0,0.00,0.0000,0.0000,0.000000,4.258
664991,520,455,975,217,52,114,3.48,0.8407,0.5308,0.184251,21,6,8,11.12,0.4649,0.0582,0.003072,4.414
665001,520,454,974,236,6,8,28.93,0.9972,0.5285,0.179839,1,10,45,263.26,0.9503,0.0699,0.004130,4.246
665006,520,377,897,214,81,206,330.19,0.8261,0.5995,0.246391,30,24,87,280.13,0.7933,0.1597,0.016174,4.479
665011,520,318,838,254,49,242,330.94,0.9963,0.6589,0.296813,22,50,94,259.16,0.6944,0.2213,0.032598,4.199
665013,520,392,912,210,93,174,340.99,0.7012,0.5926,0.245882,53,25,37,353.86,0.4358,0.1541,0.015858,4.493
665017,520,418,938,193,26,255,313.16,1.0000,0.5566,0.192975,9,24,59,263.99,0.7605,0.1178,0.010271,4.031
665028,520,418,938,208,15,229,323.10,0.9874,0.5564,0.194105,2,23,64,260.55,0.9384,0.1163,0.009958,4.071
665040,520,464,984,228,19,74,16.56,0.9767,0.5219,0.174571,6,12,1,128.56,0.8609,0.0538,0.003038,4.234
665049,520,440,960,233,20,128,359.03,0.9671,0.5481,0.193855,4,16,54,264.82,0.8821,0.0923,0.006627,4.306
665051,520,448,968,228,14,136,355.10,0.9747,0.5393,0.185885,5,9,51,269.68,0.9122,0.0769,0.004666,4.315
665074,520,368,888,243,74,130,4.80,0.8819,0.6070,0.255671,35,40,49,262.20,0.1665,0.1729,0.020966,4.307
665079,520,316,836,248,115,74,37.68,0.9262,0.6598,0.327154,19,62,22,144.55,0.9285,0.2233,0.036415,4.364
665087,520,380,900,175,96,253,303.92,0.9730,0.5963,0.245721,58,22,49,337.95,0.5694,0.1627,0.016952,4.417
665097,520,384,904,235,30,199,337.44,0.9678,0.5896,0.227170,0,35,69,251.52,1.0000,0.1508,0.016316,4.180
665132,520,278,798,247,127,146,11.39,0.8311,0.6937,0.370310,4,69,42,158.83,0.9776,0.2472,0.044490,4.448
665138,520,369,889,221,91,170,345.81,0.7408,0.6054,0.257588,14,43,47,207.52,0.5838,0.1660,0.020263,4.378
665144,520,473,993,146,74,241,298.50,0.9028,0.5190,0.173597,0,0,28,264.05,1.0000,0.0308,0.000838,4.398
665153,520,323,843,253,78,185,347.22,0.9790,0.6502,0.298374,45,54,9,120.26,0.8320,0.2135,0.032159,4.240
665154,520,437,957,228,36,134,356.66,0.9175,0.5477,0.194798,1,13,60,263.72,0.9698,0.0905,0.006205,4.355
665197,520,472,992,207,15,170,338.93,0.9616,0.5151,0.165114,4,4,6,285.17,0.1539,0.0337,0.001258,4.197
665199,520,471,991,228,19,64,19.54,0.9798,0.5201,0.173329,22,0,1,22.88,1.0000,0.0436,0.001728,4.317
665207,520,375,895,213,64,231,323.18,0.9158,0.5953,0.235843,21,39,57,249.63,0.4559,0.1633,0.019058,4.139
665208,520,468,988,165,67,223,309.83,0.8474,0.5201,0.173421,7,5,0,97.37,1.0000,0.0373,0.001537,4.335
665211,520,423,943,198,75,191,330.04,0.7753,0.5579,0.208011,39,15,25,355.11,0.4768,0.1073,0.008432,4.416
665224,520,399,919,251,16,119,5.04,0.9866,0.5804,0.222153,26,9,95,278.71,0.9532,0.1439,0.012412,4.361
665235,520,433,953,189,57,231,316.39,0.9062,0.5512,0.195158,29,0,63,296.62,1.0000,0.0977,0.006201,4.362
665249,520,372,892,243,36,199,339.35,0.9660,0.6070,0.244430,37,5,107,283.96,0.9718,0.1662,0.015633,4.486
665262,520,401,921,243,20,157,351.48,0.9774,0.5797,0.219925,23,3,97,276.82,0.9873,0.1374,0.011103,4.418
665281,520,284,804,250,121,155,5.23,0.8812,0.6911,0.363682,56,63,19,117.55,0.7136,0.2532,0.044428,4.381
665282,520,394,914,229,56,185,340.53,0.8920,0.5873,0.229917,63,5,22,9.94,0.8517,0.1383,0.012234,4.498
665285,520,416,936,228,57,152,351.56,0.8578,0.5706,0.216899,4,32,36,208.21,0.7750,0.1218,0.011862,4.314
665289,520,366,886,212,100,172,343.17,0.6746,0.6054,0.260918,29,43,17,132.15,0.6142,0.1656,0.020294,4.423
665306,520,332,852,246,68,207,338.34,0.9449,0.6392,0.282350,81,17,56,347.66,0.7381,0.2022,0.024360,4.469
665332,520,347,867,199,101,243,314.00,0.8961,0.6279,0.279217,38,49,24,128.27,0.4970,0.1937,0.026746,4.290
665336,520,459,979,194,48,198,326.90,0.8716,0.5276,0.176620,10,8,35,281.66,0.6870,0.0646,0.003595,4.228
665352,520,416,936,238,56,105,10.84,0.8961,0.5724,0.220285,12,30,33,209.40,0.4398,0.1184,0.011165,4.419
665357,520,353,873,232,50,239,326.46,0.9637,0.6205,0.256714,38,31,83,285.01,0.6515,0.1774,0.020165,4.371
665366,520,1,521,255,255,255,0.00,0.0000,1.0000,1.000000,16,136,93,161.74,0.9705,0.4848,0.185080,4.467
665386,520,373,893,226,59,209,332.64,0.9104,0.5982,0.239025,64,7,54,336.53,0.7966,0.1574,0.015085,4.441
665393,520,408,928,229,53,165,346.97,0.8807,0.5749,0.219235,40,22,47,316.01,0.4786,0.1336,0.012302,4.321
665398,520,407,927,249,9,99,10.87,0.9930,0.5691,0.212396,7,26,63,261.74,0.8141,0.1252,0.011428,4.272
665407,520,397,917,250,8,116,5.63,0.9934,0.5757,0.217622,54,20,33,358.01,0.5350,0.1447,0.013945,4.185
665418,520,431,951,224,53,122,1.75,0.8549,0.5479,0.198013,13,27,11,141.33,0.6091,0.1026,0.008936,4.208
665428,520,443,963,242,8,32,26.65,0.9961,0.5432,0.191586,12,19,7,132.67,0.4821,0.0780,0.005592,4.346
665463,520,312,832,217,111,238,320.78,0.8823,0.6643,0.322952,49,54,42,126.00,0.1913,0.2242,0.034585,4.409
665465,520,452,972,196,65,162,339.74,0.7592,0.5263,0.181267,19,14,15,4.54,0.1264,0.0744,0.004870,4.215
665479,520,396,916,253,40,28,29.33,0.9925,0.5787,0.224878,30,14,86,283.46,0.8808,0.1427,0.012619,4.390
665486,520,431,951,197,0,249,315.82,1.0000,0.5510,0.187113,7,21,48,261.70,0.7069,0.1003,0.007949,4.092
665491,520,376,896,246,17,195,340.92,0.9885,0.6033,0.239370,52,13,78,307.54,0.8078,0.1614,0.015680,4.406
665516,520,471,991,216,58,68,22.30,0.8728,0.5230,0.180449,14,0,25,309.67,1.0000,0.0438,0.001636,4.463
665560,520,295,815,230,103,255,320.75,1.0000,0.6815,0.337454,36,60,54,176.73,0.3442,0.2353,0.038730,4.367
665575,520,419,939,236,39,131,359.50,0.9261,0.5641,0.209256,24,10,70,284.39,0.8706,0.1135,0.008534,4.429
665580,520,321,841,240,64,249,325.90,0.9786,0.6507,0.290341,50,25,114,288.08,0.8371,0.2109,0.025882,4.485
665584,520,457,977,229,24,93,10.72,0.9616,0.5304,0.181045,21,7,16,341.74,0.4459,0.0630,0.003488,4.320
665585,520,357,877,245,58,192,342.27,0.9335,0.6211,0.262474,9,48,53,207.44,0.7562,0.1828,0.024289,4.206
665598,520,475,995,195,27,207,324.97,0.9484,0.5221,0.168926,3,1,25,278.79,0.9384,0.0347,0.001112,4.283
665636,520,422,942,241,35,86,15.33,0.9573,0.5588,0.205780,12,31,12,143.88,0.7376,0.1145,0.010846,4.204
665641,520,341,861,245,43,222,333.77,0.9705,0.6276,0.264171,15,3,144,267.61,0.9978,0.2010,0.021801,4.376
665643,520,463,983,232,25,48,24.26,0.9787,0.5286,0.180676,17,2,26,312.04,0.7907,0.0527,0.002372,4.405
665644,520,419,939,180,81,223,314.03,0.8190,0.5594,0.209168,21,19,50,282.89,0.5846,0.1073,0.008554,4.426
665660,520,340,860,238,69,227,330.82,0.9354,0.6380,0.279820,34,48,50,207.07,0.2079,0.1956,0.026842,4.292
665665,520,428,948,206,79,157,345.81,0.7215,0.5584,0.211500,10,22,46,262.72,0.6095,0.1030,0.008356,4.481
665668,520,439,959,193,78,190,328.68,0.7526,0.5532,0.205054,30,17,3,69.22,0.7003,0.0917,0.006835,4.488
665669,520,410,930,235,53,131,0.43,0.8859,0.5722,0.218500,10,31,48,245.57,0.5991,0.1286,0.012578,4.291
665691,520,403,923,175,87,244,306.76,0.9031,0.5763,0.224627,7,37,0,139.04,1.0000,0.1295,0.013683,4.312
665701,520,338,858,227,76,245,323.27,0.9553,0.6386,0.280944,73,33,28,28.61,0.5389,0.2014,0.025882,4.361
665717,520,388,908,230,11,229,328.58,0.9941,0.5937,0.227220,27,30,71,276.58,0.6136,0.1545,0.016164,4.190
665720,520,423,943,227,64,90,16.40,0.8556,0.5552,0.207386,46,2,43,331.28,0.8547,0.1100,0.007988,4.439
665742,520,365,885,212,66,247,318.98,0.9592,0.6069,0.246106,0,30,97,261.93,1.0000,0.1661,0.017915,4.360
665744,520,412,932,210,45,222,325.00,0.9361,0.5687,0.208542,36,25,14,65.79,0.3792,0.1211,0.011021,4.237
665760,520,475,995,219,37,109,4.25,0.9001,0.5215,0.174899,12,0,14,324.12,1.0000,0.0347,0.001099,4.401
665770,520,348,868,242,16,244,327.88,0.9949,0.6260,0.257822,30,2,131,274.75,0.9963,0.1899,0.019580,4.424
665804,520,470,990,182,47,216,318.34,0.8979,0.5200,0.169372,18,2,6,1.79,0.6768,0.0444,0.001852,4.231
665808,520,480,1000,203,24,164,339.89,0.9240,0.5074,0.160321,0,0,0,0.00,0.0000,0.0000,0.000000,4.206
665817,520,439,959,244,18,50,23.94,0.9894,0.5517,0.198995,0,25,29,208.70,1.0000,0.0950,0.007839,4.305
665819,520,322,842,240,81,221,333.01,0.9239,0.6498,0.296332,14,58,10,141.92,0.9679,0.2059,0.031413,4.254
665825,520,342,862,219,81,247,320.41,0.9565,0.6331,0.276621,59,39,25,55.61,0.4044,0.1912,0.024511,4.384
665835,520,413,933,227,56,164,346.99,0.8658,0.5733,0.218422,53,10,20,10.79,0.7214,0.1230,0.010246,4.455
665841,520,478,998,225,7,16,28.28,0.9958,0.5051,0.161998,1,0,18,273.67,1.0000,0.0236,0.000501,4.198
665844,520,429,949,226,31,148,351.10,0.9304,0.5469,0.192895,11,25,21,173.88,0.3938,0.0982,0.008205,4.173
665856,520,396,916,236,36,163,348.53,0.9397,0.5756,0.217419,59,15,9,30.63,0.7911,0.1394,0.012913,4.251
665872,520,460,980,163,66,242,304.98,0.9192,0.5318,0.180943,8,7,34,279.43,0.7216,0.0603,0.003191,4.342
665904,520,478,998,202,40,161,340.95,0.8587,0.5131,0.166493,4,0,12,302.69,1.0000,0.0238,0.000524,4.285
665908,520,306,826,250,81,227,333.87,0.9743,0.6694,0.317578,45,54,56,212.62,0.1144,0.2255,0.034817,4.334
665924,520,281,801,236,127,175,353.45,0.7361,0.6870,0.361090,50,57,80,271.08,0.2871,0.2507,0.041835,4.476
665933,520,466,986,187,76,153,341.27,0.6782,0.5208,0.180351,16,5,18,321.74,0.5225,0.0536,0.002624,4.377
665937,520,368,888,231,58,208,334.21,0.9197,0.6053,0.245716,28,19,102,277.03,0.9128,0.1667,0.016719,4.432
665943,520,449,969,235,30,81,15.85,0.9613,0.5427,0.191879,28,7,5,29.22,0.6169,0.0695,0.004098,4.471
665945,520,415,935,200,66,225,320.87,0.8842,0.5727,0.216135,12,28,52,258.33,0.5987,0.1240,0.011566,4.323
665948,520,418,938,246,2,104,8.71,0.9982,0.5627,0.206392,29,21,52,292.94,0.5447,0.1212,0.010455,4.241
665955,520,411,931,221,16,215,329.82,0.9855,0.5694,0.206513,24,18,67,282.24,0.7546,0.1230,0.010320,4.253
665974,520,464,984,227,15,92,10.32,0.9776,0.5227,0.174481,4,11,0,131.15,1.0000,0.0493,0.002652,4.264
665978,520,469,989,222,32,80,14.89,0.9409,0.5166,0.171445,4,5,11,273.79,0.3228,0.0384,0.001585,4.293
665980,520,441,961,231,47,10,32.19,0.9893,0.5373,0.190469,4,21,32,238.16,0.6555,0.0877,0.006664,4.244
665999,520,434,954,180,57,241,311.30,0.9271,0.5456,0.189814,13,18,50,272.65,0.6721,0.0987,0.007484,4.172
666000,520,236,756,236,143,230,329.28,0.8725,0.7385,0.431928,0,82,1,142.63,1.0000,0.2858,0.060365,4.367
666009,520,447,967,196,0,243,316.85,1.0000,0.5443,0.182083,20,10,43,292.94,0.6863,0.0836,0.005402,4.189
666011,520,416,936,211,60,203,330.29,0.8710,0.5700,0.213943,9,30,33,207.76,0.5375,0.1168,0.010964,4.330
666013,520,435,955,244,29,38,26.87,0.9819,0.5548,0.202552,15,12,55,278.85,0.8014,0.0929,0.006403,4.478
666018,520,471,991,186,64,175,331.61,0.7644,0.5155,0.172025,9,4,17,302.81,0.5424,0.0436,0.001854,4.282
666020,520,431,951,156,90,230,302.40,0.8119,0.5460,0.200938,32,17,26,343.32,0.3413,0.1012,0.007826,4.340
666094,520,452,972,208,69,90,15.53,0.7732,0.5251,0.184065,4,14,34,260.48,0.6862,0.0715,0.004554,4.291
666101,520,362,882,250,25,189,343.53,0.9816,0.6100,0.246967,6,49,30,159.36,0.9268,0.1759,0.023290,4.052
666107,520,476,996,164,34,248,305.92,0.9678,0.5107,0.158146,3,1,3,326.97,0.4506,0.0211,0.000476,4.124
666109,520,343,863,189,116,224,313.87,0.7350,0.6271,0.286923,9,51,51,195.01,0.7878,0.1915,0.026646,4.396
666134,520,470,990,209,19,170,339.48,0.9518,0.5202,0.169255,8,0,28,293.33,1.0000,0.0398,0.001355,4.269
666137,520,351,871,220,99,198,334.99,0.7667,0.6287,0.282185,2,46,80,247.84,0.9269,0.1917,0.025459,4.402
666138,520,380,900,213,73,219,326.15,0.8744,0.5966,0.240275,78,0,0,29.23,1.0000,0.1630,0.016200,4.385
666151,520,373,893,247,19,191,342.25,0.9864,0.6036,0.240047,45,26,70,301.08,0.6116,0.1645,0.017389,4.304
666162,520,470,990,201,18,198,329.12,0.9661,0.5227,0.169292,10,3,2,34.33,0.4620,0.0358,0.001340,4.271
666173,520,457,977,157,60,253,301.28,0.9860,0.5270,0.174921,13,12,11,67.63,0.0453,0.0626,0.003727,4.186
666185,520,414,934,248,23,82,16.42,0.9816,0.5670,0.211820,14,32,10,140.03,0.7713,0.1185,0.011483,4.258
666195,520,365,885,249,67,112,11.32,0.9425,0.6056,0.253273,57,30,42,352.38,0.3919,0.1730,0.019657,4.354
666202,520,438,958,239,36,80,17.08,0.9557,0.5540,0.201949,10,19,40,264.99,0.5563,0.0914,0.006835,4.433
666210,520,371,891,232,7,249,324.51,0.9976,0.6106,0.241497,52,33,37,5.40,0.2705,0.1701,0.019514,4.193
666211,520,399,919,236,65,113,8.89,0.8623,0.5793,0.228087,1,31,72,256.95,0.9656,0.1431,0.014542,4.309
666222,520,456,976,219,53,96,11.19,0.8569,0.5302,0.184534,4,10,32,266.39,0.7131,0.0616,0.003472,4.386
666231,520,475,995,188,9,231,317.27,0.9910,0.5230,0.166576,6,1,5,333.18,0.6128,0.0264,0.000714,4.271
666262,520,409,929,203,88,170,340.04,0.6933,0.5722,0.225800,12,26,63,265.40,0.7358,0.1277,0.011758,4.466
666294,520,464,984,129,83,246,290.43,0.9246,0.5172,0.175073,5,11,14,226.48,0.2929,0.0547,0.003033,4.244
666304,520,345,865,244,58,210,336.83,0.9424,0.6289,0.269153,19,38,96,266.13,0.8180,0.1909,0.023691,4.331
666309,520,466,986,179,87,133,350.64,0.5668,0.5159,0.180948,7,7,8,286.03,0.0499,0.0453,0.002147,4.429
666312,520,391,911,245,43,146,356.32,0.9358,0.5897,0.232188,57,5,61,324.88,0.8351,0.1470,0.013154,4.468
666323,520,315,835,242,63,252,325.71,0.9893,0.6552,0.294631,53,44,78,294.95,0.4156,0.2193,0.031083,4.250
666325,520,433,953,223,36,169,343.59,0.9199,0.5539,0.198168,0,21,47,252.86,0.9999,0.0953,0.007415,4.322
666357,520,364,884,218,74,226,325.67,0.8953,0.6100,0.252959,6,30,94,263.90,0.9341,0.1651,0.017753,4.472
666369,520,423,943,218,78,91,18.51,0.7779,0.5554,0.211120,5,23,54,259.82,0.8018,0.1090,0.009113,4.417
666412,520,446,966,214,76,46,33.85,0.8751,0.5377,0.196647,32,9,16,2.82,0.5333,0.0825,0.005399,4.452
666424,520,257,777,240,118,235,328.94,0.9257,0.7056,0.374825,75,58,46,56.76,0.2522,0.2673,0.047193,4.371
666427,520,437,957,240,17,85,14.37,0.9837,0.5489,0.195854,35,3,40,322.17,0.8130,0.0901,0.005757,4.409
666460,520,403,923,198,65,240,316.61,0.9230,0.5794,0.220790,30,16,70,288.60,0.7750,0.1286,0.010888,4.447
666470,520,407,927,200,38,253,315.22,0.9902,0.5717,0.207589,42,2,75,302.18,0.9570,0.1314,0.010437,4.262
666492,520,432,952,229,51,107,8.16,0.8829,0.5511,0.200900,14,22,40,265.01,0.4525,0.1015,0.008204,4.311
666517,520,373,893,182,100,240,308.77,0.8579,0.6018,0.253515,50,33,24,48.86,0.3342,0.1630,0.018318,4.443
666528,520,452,972,223,30,111,3.69,0.9301,0.5261,0.177669,34,3,13,3.19,0.7662,0.0744,0.004343,4.189
666553,520,326,846,251,53,227,333.92,0.9818,0.6472,0.286045,42,54,5,122.89,0.9114,0.2102,0.031415,4.128
666566,520,298,818,228,101,253,320.74,0.9874,0.6747,0.328951,59,54,9,102.81,0.8215,0.2290,0.035879,4.413
666572,520,465,985,198,76,86,18.52,0.7137,0.5153,0.178484,1,5,29,264.68,0.9063,0.0459,0.002037,4.391
666574,520,395,915,243,3,181,344.07,0.9974,0.5873,0.224591,14,15,90,270.89,0.9502,0.1363,0.011731,4.448
666577,520,469,989,177,30,242,311.26,0.9679,0.5224,0.166875,8,5,4,43.47,0.1798,0.0399,0.001689,4.196
666583,520,380,900,255,59,35,30.78,1.0000,0.5973,0.245130,45,17,83,297.46,0.7967,0.1612,0.015833,4.483
666586,520,411,931,214,41,214,328.18,0.9388,0.5674,0.207391,46,17,2,48.27,0.8391,0.1169,0.009862,4.300
666592,520,473,993,152,77,229,302.74,0.8407,0.5206,0.176407,2,3,2,145.00,0.2071,0.0264,0.000824,4.455
666595,520,446,966,225,54,72,20.76,0.8991,0.5376,0.191165,12,18,23,243.80,0.2204,0.0806,0.005726,4.328
666606,520,455,975,215,27,158,345.01,0.9277,0.5284,0.177019,0,10,36,258.75,1.0000,0.0613,0.003444,4.248
666614,520,436,956,238,48,24,30.87,0.9748,0.5531,0.203602,39,10,1,42.89,0.8936,0.0922,0.006507,4.488
666616,520,447,967,203,22,209,326.70,0.9660,0.5354,0.178756,36,4,24,345.68,0.7367,0.0840,0.005279,4.138
666621,520,356,876,247,82,125,8.72,0.9058,0.6219,0.272926,56,38,1,80.88,0.9597,0.1806,0.022293,4.467
666623,520,346,866,254,14,220,336.17,0.9953,0.6316,0.265555,20,39,91,265.56,0.7646,0.1892,0.023550,4.290
666648,520,395,915,208,64,234,321.02,0.9151,0.5895,0.230189,54,14,44,338.86,0.6647,0.1406,0.012803,4.461
666650,520,475,995,222,24,99,7.53,0.9505,0.5175,0.170864,6,1,19,296.63,0.8395,0.0338,0.001074,4.324
666664,520,409,929,250,33,71,20.29,0.9743,0.5734,0.218703,4,34,40,213.46,0.7940,0.1300,0.013230,4.250
666668,520,423,943,244,39,37,27.94,0.9722,0.5601,0.208212,43,4,45,325.99,0.8055,0.1087,0.007900,4.460
666674,520,473,993,228,32,24,29.03,0.9746,0.5214,0.175959,0,4,12,247.90,1.0000,0.0316,0.001134,4.419
666684,520,462,982,189,30,229,317.71,0.9603,0.5304,0.174058,5,4,26,279.92,0.7484,0.0452,0.001937,4.314
666695,520,432,952,191,37,247,314.03,0.9650,0.5521,0.191162,32,20,12,54.55,0.3642,0.1032,0.008340,4.134
666703,520,435,955,224,15,170,343.14,0.9746,0.5476,0.190938,42,3,4,24.61,0.9049,0.0872,0.005662,4.329
666704,520,473,993,225,13,99,7.49,0.9782,0.5199,0.171991,6,2,8,316.91,0.5139,0.0310,0.000997,4.353
666709,520,379,899,193,76,255,311.14,1.0000,0.5953,0.237274,16,43,7,138.82,0.9399,0.1551,0.018532,4.192
666712,520,431,951,244,6,11,28.77,0.9976,0.5459,0.193910,37,13,17,11.05,0.4987,0.0976,0.007217,4.263
666713,520,463,983,231,29,20,29.22,0.9797,0.5260,0.179212,0,5,37,262.95,1.0003,0.0517,0.002421,4.373
666731,520,409,929,205,78,180,336.22,0.7575,0.5668,0.217250,48,22,21,23.08,0.4527,0.1342,0.012564,4.272
666746,520,428,948,242,6,120,2.98,0.9933,0.5601,0.203669,8,25,19,168.61,0.5306,0.0957,0.007939,4.378
666752,520,361,881,246,41,209,337.37,0.9671,0.6206,0.257852,81,7,3,29.90,0.9659,0.1771,0.019082,4.456
666763,520,409,929,251,36,13,30.33,0.9915,0.5716,0.218037,34,31,3,103.54,0.8379,0.1325,0.013266,4.237
666767,520,423,943,250,12,63,21.12,0.9936,0.5646,0.209495,37,7,56,308.44,0.8045,0.1118,0.008308,4.450
666774,520,468,988,196,77,100,11.38,0.6827,0.5170,0.179654,8,4,7,334.30,0.2749,0.0384,0.001538,4.456
666780,520,300,820,229,127,149,7.02,0.6575,0.6678,0.340088,42,59,26,131.34,0.6026,0.2288,0.036947,4.487
666799,520,442,962,191,46,223,319.34,0.9191,0.5390,0.183594,35,1,34,329.48,0.8764,0.0827,0.004946,4.251
666803,520,453,973,207,48,162,342.21,0.8408,0.5290,0.179900,28,8,7,25.09,0.5477,0.0720,0.004359,4.229
666812,520,462,982,223,41,99,9.09,0.9028,0.5292,0.181774,14,5,6,10.80,0.3511,0.0467,0.002151,4.444
666814,520,350,870,242,8,248,327.01,0.9978,0.6273,0.258310,45,41,54,298.99,0.1969,0.1886,0.024101,4.161
666815,520,445,965,181,73,209,318.72,0.8015,0.5405,0.191934,22,14,19,341.03,0.2244,0.0792,0.005317,4.374
666836,520,335,855,250,18,249,328.55,0.9955,0.6437,0.275991,82,24,13,32.81,0.8209,0.2000,0.024765,4.360
666843,520,424,944,233,61,70,23.13,0.9042,0.5597,0.211063,14,26,27,202.52,0.2909,0.1054,0.009113,4.416
666845,520,463,983,216,30,153,347.02,0.9170,0.5294,0.178298,9,9,1,109.29,0.7433,0.0495,0.002556,4.344
666858,520,430,950,213,34,191,334.29,0.9294,0.5468,0.190539,20,22,34,276.73,0.2753,0.1028,0.008380,4.120
666859,520,417,937,252,17,85,15.67,0.9888,0.5740,0.217559,54,4,30,354.09,0.8095,0.1211,0.009650,4.486
666865,520,479,999,186,37,209,321.67,0.9175,0.5139,0.163671,1,0,0,29.23,1.0000,0.0090,0.000065,4.268
666871,520,385,905,236,85,41,36.25,0.9279,0.5901,0.244929,39,34,24,84.42,0.2340,0.1509,0.016414,4.441
666903,520,409,929,252,17,44,25.35,0.9924,0.5678,0.212820,37,24,40,319.94,0.3456,0.1298,0.011998,4.239
666904,520,436,956,228,0,157,347.96,1.0000,0.5455,0.189311,10,24,15,154.81,0.4863,0.0928,0.007523,4.160
666909,520,432,952,207,43,204,328.98,0.9130,0.5500,0.193547,47,3,23,357.59,0.8158,0.1027,0.007314,4.249
666930,520,366,886,227,51,231,327.13,0.9518,0.6075,0.244703,69,21,34,6.69,0.6370,0.1744,0.019172,4.260
666945,520,304,824,210,119,241,316.94,0.8727,0.6694,0.332474,74,48,12,70.92,0.7543,0.2340,0.035965,4.449
666956,520,441,961,197,77,148,346.93,0.6942,0.5365,0.193179,10,20,37,260.49,0.4981,0.0919,0.006984,4.268
666966,520,408,928,212,29,229,324.01,0.9716,0.5682,0.205348,33,31,15,102.09,0.4087,0.1334,0.013378,4.029
666978,520,459,979,218,23,143,350.73,0.9406,0.5253,0.175039,23,3,23,327.83,0.7166,0.0609,0.003092,4.239
666998,520,440,960,193,63,213,322.02,0.8561,0.5502,0.196980,16,3,61,281.64,0.9537,0.0858,0.005122,4.481
667008,520,466,986,214,34,144,349.84,0.8954,0.5234,0.174562,5,1,37,277.93,0.9699,0.0473,0.001875,4.329
667011,520,443,963,223,48,117,2.96,0.8700,0.5401,0.190889,27,14,0,73.14,1.0000,0.0803,0.005471,4.343
667013,520,401,921,237,74,47,32.01,0.9246,0.5786,0.231104,40,30,20,66.33,0.2998,0.1405,0.014302,4.372
667020,520,445,965,213,64,123,0.56,0.7846,0.5385,0.192453,3,8,60,267.09,0.9601,0.0834,0.005192,4.393
667041,520,411,931,209,48,219,325.45,0.9247,0.5671,0.207855,6,18,78,266.68,0.9380,0.1227,0.010213,4.282
667049,520,294,814,244,129,56,49.55,0.8995,0.6754,0.352219,53,60,34,121.01,0.4127,0.2438,0.041041,4.418
667052,520,413,933,229,40,183,340.76,0.9302,0.5748,0.215971,25,31,8,121.81,0.6419,0.1237,0.012042,4.287
667066,520,453,973,183,25,243,312.92,0.9767,0.5302,0.172347,21,14,8,62.53,0.3001,0.0746,0.004911,4.049
667087,520,414,934,226,55,165,346.35,0.8669,0.5711,0.216203,43,20,15,33.23,0.4718,0.1203,0.010485,4.401
667097,520,462,982,227,6,110,3.76,0.9895,0.5258,0.175898,16,1,20,320.44,0.8132,0.0455,0.001824,4.359
667100,520,455,975,207,32,178,336.59,0.9137,0.5269,0.175148,19,4,31,307.50,0.7385,0.0627,0.003242,4.229
667107,520,443,963,227,49,104,8.74,0.8852,0.5447,0.195298,20,17,8,91.99,0.3344,0.0805,0.005672,4.406
667126,520,298,818,244,87,227,332.40,0.9452,0.6663,0.315982,41,41,112,277.54,0.7321,0.2284,0.032270,4.449
667128,520,442,962,222,67,18,35.82,0.9695,0.5393,0.195902,27,8,37,312.21,0.6668,0.0842,0.005403,4.438
667178,520,384,904,250,6,146,356.05,0.9949,0.5857,0.225331,55,22,26,14.09,0.5146,0.1476,0.014607,4.262
667180,520,464,984,185,35,220,318.60,0.9381,0.5194,0.166849,15,1,27,307.74,0.8737,0.0488,0.002024,4.168
667188,520,469,989,147,69,253,297.21,0.9839,0.5245,0.175513,5,5,13,282.92,0.3740,0.0403,0.001699,4.362
667215,520,423,943,241,4,135,357.83,0.9952,0.5629,0.205401,41,17,8,41.10,0.5975,0.1095,0.008899,4.336
667224,520,388,908,160,104,248,298.32,0.9015,0.5874,0.241517,23,33,57,265.92,0.4548,0.1481,0.015652,4.440
667239,520,404,924,212,41,231,323.37,0.9549,0.5759,0.213543,22,32,29,174.56,0.2089,0.1296,0.012923,4.188
667251,520,411,931,245,47,31,29.77,0.9697,0.5671,0.215479,13,28,51,258.69,0.5693,0.1239,0.011550,4.313
667267,520,431,951,201,90,119,5.93,0.6307,0.5513,0.210636,5,23,47,255.82,0.7333,0.1034,0.008503,4.455
667304,520,443,963,182,58,234,313.46,0.9051,0.5439,0.189128,6,6,62,270.44,0.9625,0.0844,0.005167,4.335
667318,520,451,971,233,12,124,0.16,0.9819,0.5443,0.190448,19,4,39,299.02,0.8040,0.0687,0.003718,4.476
667336,520,365,885,252,69,98,16.81,0.9724,0.6099,0.258370,32,42,40,181.68,0.1599,0.1719,0.021162,4.333
667339,520,378,898,255,46,128,4.33,1.0000,0.6048,0.247762,10,33,77,261.72,0.8217,0.1566,0.016880,4.452
667345,520,431,951,222,40,164,345.09,0.9024,0.5520,0.197300,41,2,44,325.07,0.8597,0.1017,0.006967,4.341
667346,520,416,936,211,19,244,320.40,0.9885,0.5741,0.208481,0,29,45,236.32,1.0000,0.1159,0.010681,4.260
667352,520,413,933,252,17,11,29.19,0.9938,0.5657,0.211243,39,11,56,309.69,0.7449,0.1200,0.009562,4.386
667359,520,248,768,251,126,210,341.41,0.9549,0.7216,0.400867,19,79,33,147.50,0.9499,0.2833,0.058400,4.159
667376,520,467,987,174,47,235,311.27,0.9272,0.5230,0.170308,3,5,13,267.17,0.4359,0.0382,0.001570,4.272
667377,520,248,768,245,122,235,330.47,0.9473,0.7187,0.393320,30,76,34,145.24,0.8737,0.2778,0.055602,4.198
667393,520,464,984,225,23,84,13.19,0.9632,0.5194,0.172633,6,8,13,264.69,0.2231,0.0485,0.002414,4.248
667409,520,422,942,176,88,212,314.96,0.7529,0.5562,0.209639,38,8,48,316.42,0.7466,0.1082,0.007992,4.477
667410,520,441,961,219,68,86,18.06,0.8223,0.5436,0.198687,4,20,44,257.17,0.7567,0.0930,0.007079,4.357
667418,520,415,935,211,79,158,346.83,0.7376,0.5673,0.219115,15,29,42,247.67,0.4236,0.1220,0.011474,4.378
667420,520,333,853,248,65,201,340.49,0.9531,0.6368,0.279571,20,55,30,150.61,0.7827,0.2017,0.029747,4.133
667450,520,413,933,240,4,161,349.37,0.9955,0.5719,0.211884,28,16,67,287.64,0.7623,0.1235,0.010227,4.348
667453,520,465,985,217,47,101,8.07,0.8665,0.5224,0.177268,0,1,40,264.20,0.9931,0.0454,0.001749,4.392
667494,520,472,992,217,53,71,20.35,0.8842,0.5205,0.177554,13,1,1,24.99,0.8189,0.0331,0.001095,4.454
667498,520,348,868,238,9,255,324.59,1.0000,0.6255,0.255951,57,13,95,302.76,0.8597,0.1854,0.019840,4.381
667502,520,473,993,224,47,12,32.26,0.9851,0.5230,0.179097,2,2,17,276.15,0.7993,0.0308,0.000968,4.495
667505,520,311,831,204,120,237,315.73,0.8308,0.6609,0.323859,24,51,92,258.59,0.6544,0.2235,0.033344,4.486
667512,520,408,928,168,93,230,306.67,0.8088,0.5658,0.218673,19,34,14,138.25,0.6142,0.1289,0.013142,4.255
667534,520,467,987,225,31,88,12.41,0.9425,0.5242,0.176949,10,0,23,304.22,1.0000,0.0380,0.001264,4.427
667548,520,478,998,186,85,80,24.92,0.6365,0.5071,0.175169,5,0,10,311.99,1.0000,0.0241,0.000542,4.455
667575,520,291,811,244,87,244,327.83,0.9601,0.6761,0.325837,64,47,82,305.65,0.4139,0.2421,0.037323,4.304
667593,520,363,883,252,30,174,348.37,0.9779,0.6084,0.246834,20,22,103,271.62,0.9302,0.1668,0.017017,4.429
667606,520,333,853,231,92,198,338.03,0.8333,0.6362,0.287228,74,32,26,29.75,0.5740,0.2007,0.025637,4.459
667634,520,350,870,248,83,140,3.15,0.9102,0.6295,0.280396,34,47,44,179.22,0.2002,0.1901,0.025549,4.373
667650,520,351,871,223,97,206,333.04,0.8056,0.6346,0.286956,35,49,3,125.55,0.9437,0.1878,0.025605,4.457
667658,520,410,930,254,10,44,25.15,0.9960,0.5703,0.214736,58,1,38,346.97,0.9184,0.1294,0.010613,4.368
667666,520,381,901,221,3,255,320.62,1.0000,0.5959,0.226593,22,3,111,273.55,0.9929,0.1562,0.013833,4.333
667675,520,319,839,181,139,200,315.03,0.4786,0.6489,0.324597,37,50,86,267.62,0.4830,0.2247,0.033463,4.488
667679,520,388,908,234,21,212,333.71,0.9838,0.5923,0.227849,28,38,7,125.17,0.7802,0.1475,0.016484,4.179
667684,520,456,976,213,33,154,346.04,0.9012,0.5257,0.175692,12,13,0,112.63,1.0000,0.0609,0.003660,4.206
667699,520,458,978,193,36,211,323.22,0.9282,0.5265,0.173039,11,11,2,109.01,0.6202,0.0560,0.003149,4.197
667703,520,388,908,248,65,27,33.00,0.9740,0.5885,0.238197,35,33,45,292.37,0.2084,0.1520,0.016345,4.344
667704,520,329,849,206,105,250,314.33,0.9515,0.6478,0.301283,28,51,60,225.00,0.3891,0.2050,0.029407,4.424
667711,520,421,941,171,91,217,311.32,0.7588,0.5574,0.211506,30,9,65,293.56,0.8337,0.1136,0.008530,4.468
667714,520,454,974,207,79,23,40.30,0.9305,0.5271,0.189214,1,19,11,164.82,0.9320,0.0712,0.004963,4.352
667725,520,442,962,187,7,250,312.82,0.9955,0.5373,0.176201,23,1,51,297.05,0.9596,0.0791,0.004429,4.156
667749,520,256,776,250,122,229,333.95,0.9679,0.7229,0.399027,17,76,37,150.42,0.9408,0.2732,0.054214,4.309
667756,520,184,704,231,174,228,328.16,0.7177,0.7907,0.528637,42,90,26,138.87,0.9256,0.3291,0.078789,4.493
667760,520,431,951,233,54,6,33.49,0.9933,0.5472,0.199782,4,28,1,140.26,0.9878,0.0983,0.008585,4.264
667761,520,431,951,228,69,13,36.34,0.9814,0.5531,0.207821,20,23,10,119.32,0.4049,0.0965,0.007834,4.458
667768,520,341,861,244,93,109,17.29,0.8792,0.6264,0.281690,89,8,32,11.25,0.8791,0.2014,0.024022,4.481
667785,520,479,999,209,43,108,3.33,0.8543,0.5055,0.163681,3,0,0,29.23,1.0000,0.0143,0.000194,4.257
667786,520,459,979,224,12,143,351.82,0.9761,0.5337,0.180961,26,4,18,343.45,0.6568,0.0649,0.003501,4.317
667793,520,440,960,245,9,29,27.15,0.9960,0.5496,0.197001,5,20,38,253.26,0.6549,0.0894,0.006725,4.354
667799,520,469,989,198,9,208,325.68,0.9862,0.5220,0.167569,6,4,12,297.34,0.4103,0.0383,0.001521,4.223
667800,520,430,950,214,75,102,12.38,0.7582,0.5470,0.202899,18,14,59,280.08,0.7831,0.1027,0.007584,4.392
667805,520,312,832,253,54,236,332.14,0.9918,0.6567,0.295802,15,61,43,163.33,0.8339,0.2234,0.036133,4.015
667806,520,410,930,224,72,122,4.45,0.7935,0.5675,0.218897,58,0,37,347.82,1.0000,0.1277,0.010333,4.457
667837,520,414,934,202,67,208,326.10,0.8461,0.5655,0.211266,47,7,41,334.63,0.7436,0.1172,0.009165,4.416
667842,520,425,945,218,62,155,348.42,0.8149,0.5584,0.207196,26,27,10,111.61,0.4875,0.1136,0.010254,4.269
667855,520,309,829,255,68,220,336.81,1.0000,0.6616,0.305647,79,37,26,35.68,0.5756,0.2196,0.030602,4.412
667856,520,392,912,239,47,158,351.29,0.9172,0.5859,0.228554,39,32,43,313.19,0.2096,0.1530,0.016388,4.196
667865,520,477,997,189,69,137,348.70,0.7000,0.5071,0.168828,1,0,13,277.69,1.0000,0.0199,0.000355,4.346
667873,520,439,959,238,15,90,12.48,0.9843,0.5453,0.192602,15,21,17,155.86,0.1892,0.0885,0.006784,4.272
667879,520,336,856,247,55,221,334.55,0.9619,0.6382,0.277299,27,46,71,255.72,0.4748,0.1962,0.026418,4.283
667885,520,471,991,220,12,118,359.74,0.9736,0.5155,0.167892,3,1,32,274.97,0.9695,0.0406,0.001453,4.235
667887,520,449,969,220,37,153,348.23,0.9013,0.5410,0.188412,8,11,39,273.70,0.7075,0.0719,0.004374,4.385
667888,520,376,896,245,6,194,340.91,0.9960,0.5986,0.234409,25,25,93,274.99,0.8528,0.1639,0.016922,4.250
667904,520,454,974,196,63,181,332.76,0.7941,0.5346,0.186286,4,11,34,265.52,0.7300,0.0650,0.003806,4.391
667911,520,437,957,232,51,67,22.27,0.9253,0.5480,0.199317,13,13,49,277.28,0.7413,0.0876,0.005951,4.456
667920,520,416,936,224,12,203,333.67,0.9877,0.5660,0.204245,49,12,33,348.58,0.6470,0.1231,0.010258,4.219
667932,520,340,860,202,105,252,312.51,0.9670,0.6438,0.296891,35,54,8,129.61,0.8985,0.2044,0.030131,4.329
667934,520,292,812,214,123,242,317.81,0.8818,0.6818,0.348742,36,65,17,135.20,0.8845,0.2421,0.041960,4.336
667943,520,449,969,215,63,113,5.13,0.7973,0.5377,0.191967,28,4,18,346.56,0.6734,0.0679,0.003774,4.500
667973,520,317,837,247,50,254,326.59,0.9968,0.6555,0.292139,6,56,78,233.53,0.8602,0.2214,0.034169,4.065
667980,520,381,901,239,41,196,339.34,0.9522,0.6007,0.239250,16,44,9,139.85,0.9289,0.1587,0.019312,4.173
667983,520,240,760,243,137,218,336.48,0.8902,0.7319,0.420101,3,73,88,217.83,0.9564,0.2796,0.054887,4.482
667985,520,419,939,224,51,151,350.59,0.8645,0.5576,0.204519,37,16,39,323.95,0.5239,0.1129,0.009104,4.306
667987,520,267,787,236,134,194,344.88,0.7576,0.7067,0.387802,5,72,50,164.28,0.9674,0.2601,0.048971,4.424
667996,520,131,651,249,195,219,350.17,0.8023,0.8508,0.642859,31,104,51,148.92,0.9266,0.3744,0.104305,4.490
668013,520,416,936,249,33,53,24.52,0.9777,0.5688,0.214881,43,1,64,310.41,0.9632,0.1207,0.009055,4.485
668026,520,396,916,242,18,170,347.23,0.9814,0.5831,0.222153,51,24,3,55.96,0.8141,0.1398,0.013637,4.277
668032,520,392,912,241,44,165,349.28,0.9314,0.5907,0.232218,7,41,20,152.60,0.9096,0.1466,0.016815,4.224
668034,520,399,919,208,36,244,319.38,0.9703,0.5762,0.212050,22,7,99,275.32,0.9746,0.1437,0.012233,4.211
668035,520,416,936,237,30,152,352.11,0.9517,0.5696,0.212031,39,23,13,52.45,0.4325,0.1203,0.010732,4.315
668084,520,459,979,183,79,176,330.20,0.6977,0.5309,0.187951,10,11,8,121.62,0.1255,0.0569,0.003214,4.472
668089,520,397,917,217,21,234,324.18,0.9851,0.5773,0.212306,4,39,20,155.29,0.9404,0.1385,0.015273,4.019
668103,520,295,815,225,121,212,331.97,0.7763,0.6773,0.344376,9,66,56,177.61,0.8977,0.2430,0.042398,4.268
668109,520,425,945,246,33,30,28.41,0.9804,0.5603,0.207778,40,16,16,21.08,0.4821,0.1078,0.008592,4.400
668118,520,459,979,203,15,208,327.00,0.9783,0.5323,0.175941,18,8,0,73.21,1.0000,0.0562,0.003023,4.261
668125,520,409,929,233,21,183,341.42,0.9741,0.5735,0.212817,60,3,10,20.53,0.9351,0.1265,0.010479,4.346
668138,520,401,921,255,5,90,14.18,1.0000,0.5787,0.221105,59,7,40,346.80,0.7746,0.1395,0.012351,4.348
668165,520,353,873,244,28,221,333.75,0.9839,0.6182,0.252870,83,4,16,20.96,0.9554,0.1808,0.019636,4.349
668167,520,369,889,195,119,153,351.98,0.4719,0.6057,0.270970,11,47,27,155.39,0.8563,0.1701,0.021832,4.468
668180,520,408,928,232,76,32,35.57,0.9463,0.5703,0.224319,55,10,33,353.16,0.7143,0.1318,0.011392,4.468
668197,520,294,814,199,137,218,318.04,0.6434,0.6750,0.350963,43,57,80,260.11,0.3360,0.2446,0.040189,4.446
668209,520,356,876,211,84,233,321.45,0.8871,0.6153,0.260744,73,11,61,337.31,0.7802,0.1832,0.019929,4.444
668210,520,458,978,160,60,249,303.03,0.9612,0.5273,0.175454,7,4,46,275.98,0.9271,0.0642,0.003292,4.230
668232,520,412,932,255,11,5,29.29,1.0000,0.5704,0.215142,50,10,24,2.73,0.6881,0.1185,0.009612,4.448
668237,520,468,988,227,11,87,11.86,0.9848,0.5204,0.172613,6,5,16,287.30,0.4568,0.0427,0.001847,4.294
668258,520,474,994,218,7,137,352.45,0.9827,0.5179,0.168661,0,1,22,264.06,0.9808,0.0287,0.000796,4.305
668269,520,431,951,203,17,230,321.53,0.9845,0.5493,0.188123,34,10,35,325.95,0.6158,0.0961,0.006786,4.193
668282,520,349,869,223,90,218,329.17,0.8554,0.6318,0.280643,24,50,26,145.68,0.6655,0.1864,0.025499,4.379
668293,520,397,917,179,80,252,307.06,0.9721,0.5785,0.223501,53,21,2,49.73,0.8639,0.1371,0.012977,4.343
668296,520,349,869,244,90,146,1.19,0.8628,0.6332,0.286237,36,50,23,131.26,0.5529,0.1948,0.027181,4.356
668307,520,424,944,235,44,98,11.49,0.9222,0.5552,0.203484,30,25,11,90.45,0.4253,0.1128,0.009955,4.228
668314,520,401,921,217,58,201,332.54,0.8840,0.5772,0.219970,25,15,83,279.83,0.8828,0.1359,0.011728,4.374
668319,520,471,991,158,81,213,308.32,0.7680,0.5218,0.179586,4,5,6,245.00,0.1010,0.0365,0.001475,4.460
668320,520,460,980,212,23,183,336.32,0.9516,0.5349,0.180309,20,7,17,335.83,0.4428,0.0621,0.003412,4.312
668322,520,348,868,243,14,243,328.34,0.9957,0.6266,0.258426,69,29,33,15.49,0.5236,0.1879,0.022539,4.252
668326,520,397,917,238,37,164,348.68,0.9412,0.5804,0.221836,14,30,61,262.17,0.6481,0.1372,0.013588,4.275
668330,520,406,926,219,74,170,343.86,0.7937,0.5803,0.228621,2,31,61,252.10,0.8926,0.1341,0.013297,4.402
668334,520,416,936,184,95,192,324.19,0.6695,0.5660,0.221816,26,20,62,284.97,0.6725,0.1241,0.010677,4.480
668352,520,397,917,215,103,22,49.25,0.9302,0.5798,0.242077,34,34,9,109.05,0.6385,0.1419,0.015039,4.491
668360,520,392,912,255,14,125,3.71,1.0000,0.5899,0.230585,16,0,112,270.46,1.0000,0.1507,0.012799,4.468
668364,520,465,985,214,18,152,346.58,0.9528,0.5199,0.169981,24,1,11,353.16,0.8079,0.0527,0.002401,4.198
668386,520,316,836,243,94,206,338.69,0.9110,0.6619,0.315190,67,46,26,63.75,0.4639,0.2206,0.032220,4.442
668395,520,346,866,199,106,234,315.92,0.8340,0.6296,0.283918,39,49,16,123.79,0.6644,0.1931,0.026653,4.356
668397,520,402,922,237,46,162,349.47,0.9170,0.5832,0.225701,43,24,23,22.98,0.3345,0.1312,0.012288,4.426
668400,520,193,713,255,144,251,328.44,1.0000,0.7755,0.481738,78,69,105,295.14,0.3380,0.3247,0.068959,4.470
668401,520,455,975,149,90,219,301.97,0.7613,0.5291,0.188167,16,9,8,28.80,0.2199,0.0584,0.003231,4.474
668411,520,370,890,181,113,224,310.84,0.7330,0.6117,0.270165,19,47,15,141.25,0.8772,0.1713,0.022059,4.443
668417,520,400,920,243,23,164,349.36,0.9740,0.5838,0.223510,32,10,90,284.68,0.9188,0.1447,0.012623,4.368
668427,520,473,993,164,77,201,314.41,0.7486,0.5155,0.174181,6,1,15,302.94,0.7909,0.0313,0.000949,4.400
668437,520,187,707,245,178,143,48.59,0.7438,0.7883,0.532384,64,87,23,127.12,0.8334,0.3345,0.079681,4.491
668453,520,422,942,244,36,20,29.83,0.9835,0.5572,0.205488,39,11,39,327.57,0.6392,0.1078,0.008172,4.392
668463,520,1,521,255,255,255,0.00,0.0000,1.0000,1.000000,15,138,67,150.80,0.9861,0.4850,0.186829,4.434
668473,520,325,845,233,78,243,325.33,0.9515,0.6487,0.292457,17,59,24,146.56,0.9181,0.2126,0.033129,4.120
668474,520,396,916,189,112,142,355.58,0.4679,0.5797,0.243614,18,39,7,136.45,0.9007,0.1430,0.015949,4.452
668491,520,357,877,241,97,37,40.30,0.9405,0.6159,0.273868,30,46,21,135.15,0.5773,0.1767,0.022841,4.446
668511,520,399,919,248,14,124,2.88,0.9871,0.5753,0.217293,14,3,100,270.78,0.9932,0.1352,0.010785,4.397
668517,520,446,966,200,32,223,322.22,0.9559,0.5449,0.186417,19,14,22,312.62,0.2417,0.0771,0.005105,4.290
668520,520,304,824,255,54,250,329.29,1.0000,0.6688,0.308035,37,34,129,275.33,0.8817,0.2297,0.031222,4.408
668530,520,365,885,214,116,61,47.90,0.7602,0.6052,0.271259,16,47,27,153.00,0.7515,0.1723,0.022222,4.448
668532,520,480,1000,225,26,25,28.33,0.9799,0.5120,0.168194,0,0,0,0.00,0.0000,0.0000,0.000000,4.364
668573,520,351,871,226,92,206,333.86,0.8291,0.6324,0.282814,21,52,23,145.01,0.8160,0.1906,0.026772,4.335
668582,520,375,895,230,3,245,324.93,0.9988,0.6036,0.234831,59,4,74,317.28,0.8944,0.1603,0.015112,4.374
668587,520,436,956,195,1,248,315.49,0.9994,0.5471,0.184025,11,13,48,274.93,0.7525,0.0853,0.005724,4.200
668588,520,422,942,220,26,193,335.47,0.9586,0.5569,0.198070,22,0,81,280.86,1.0000,0.1116,0.007646,4.303
668611,520,353,873,232,34,250,324.11,0.9840,0.6192,0.252044,37,44,27,126.51,0.3412,0.1782,0.022738,4.152
668612,520,399,919,230,50,185,340.61,0.9093,0.5844,0.226096,8,25,77,265.34,0.8892,0.1367,0.012826,4.395
668615,520,362,882,203,76,250,315.27,0.9666,0.6059,0.247689,27,2,126,273.98,0.9963,0.1804,0.017827,4.389
668618,520,459,979,232,19,59,21.21,0.9830,0.5277,0.179404,29,3,4,21.57,0.7949,0.0630,0.003351,4.300
668646,520,401,921,185,86,239,311.42,0.8822,0.5847,0.232028,28,27,66,280.95,0.5976,0.1443,0.014241,4.390
668652,520,237,757,220,144,252,315.31,0.9594,0.7315,0.421916,1,80,58,166.80,0.9944,0.2889,0.060490,4.271
668660,520,440,960,166,76,239,305.77,0.8898,0.5456,0.195085,34,14,15,17.55,0.4350,0.0941,0.006887,4.308
668664,520,432,952,226,40,134,356.49,0.9006,0.5463,0.194103,41,11,17,10.46,0.5982,0.1011,0.007513,4.244
668665,520,465,985,200,53,156,342.66,0.8040,0.5176,0.172278,0,0,42,264.05,1.0000,0.0451,0.001671,4.302
668671,520,452,972,208,83,3,43.73,0.9904,0.5341,0.196052,3,18,24,224.19,0.6511,0.0748,0.005179,4.459
668685,520,322,842,229,102,206,335.00,0.8228,0.6508,0.306192,25,58,22,142.07,0.8590,0.2127,0.032906,4.296
668692,520,440,960,226,64,81,19.64,0.8646,0.5513,0.204324,5,16,53,265.77,0.8614,0.0920,0.006599,4.493
668703,520,390,910,239,15,198,338.54,0.9884,0.5914,0.227725,34,36,34,145.44,0.0477,0.1541,0.017173,4.134
668717,520,453,973,172,69,224,311.89,0.8481,0.5333,0.184096,16,8,29,299.13,0.5684,0.0658,0.003725,4.357
668721,520,427,947,244,31,56,23.48,0.9761,0.5577,0.205020,18,21,39,275.49,0.4021,0.1015,0.008114,4.388
668724,520,453,973,143,93,223,298.11,0.7703,0.5301,0.189962,14,16,8,119.43,0.2975,0.0721,0.004815,4.378
668725,520,292,812,241,127,137,15.65,0.7737,0.6821,0.356882,33,60,74,232.35,0.4229,0.2427,0.040493,4.496
668743,520,477,997,199,59,139,349.60,0.7693,0.5137,0.171360,5,1,1,21.77,0.5474,0.0229,0.000562,4.378
668744,520,451,971,212,60,132,355.96,0.7958,0.5357,0.188970,21,10,5,49.25,0.4270,0.0655,0.003875,4.436
668759,520,414,934,238,60,44,29.64,0.9396,0.5652,0.215939,7,32,36,209.54,0.6444,0.1233,0.012055,4.286
668783,520,435,955,224,33,169,343.75,0.9303,0.5542,0.198021,19,4,65,282.95,0.9415,0.0947,0.006069,4.423
668786,520,221,741,229,157,221,330.56,0.7337,0.7516,0.459939,31,76,99,233.75,0.6119,0.3035,0.063608,4.489
668795,520,203,723,248,151,224,336.61,0.9321,0.7657,0.474736,52,77,83,214.30,0.2763,0.3106,0.066622,4.499
668800,520,439,959,233,30,129,359.11,0.9438,0.5525,0.198401,18,16,44,283.26,0.5807,0.0936,0.006810,4.372
668809,520,362,882,246,57,163,351.67,0.9249,0.6086,0.251666,68,27,3,47.45,0.8749,0.1764,0.020196,4.297
668810,520,478,998,188,71,138,348.16,0.6884,0.5085,0.170344,0,1,10,262.28,1.0000,0.0204,0.000436,4.369
668815,520,351,871,252,47,209,338.79,0.9827,0.6349,0.273351,65,34,39,10.06,0.3983,0.1931,0.024145,4.361
668816,520,311,831,252,73,215,337.58,0.9814,0.6583,0.303699,39,44,97,275.78,0.6144,0.2198,0.030957,4.369
668843,520,432,952,222,72,27,35.97,0.9469,0.5459,0.202461,30,10,51,302.33,0.7370,0.1020,0.007321,4.404
668848,520,319,839,229,110,178,346.87,0.7400,0.6498,0.310265,72,37,64,336.11,0.4658,0.2216,0.030712,4.464
668854,520,464,984,225,28,63,20.23,0.9639,0.5174,0.171998,12,3,33,292.76,0.8161,0.0546,0.002531,4.226
668872,520,477,997,184,20,214,320.09,0.9664,0.5057,0.155470,0,0,10,264.05,1.0000,0.0158,0.000219,4.091
668883,520,466,986,192,70,158,340.35,0.7248,0.5235,0.180570,8,2,32,286.86,0.8787,0.0479,0.001993,4.435
668893,520,469,989,202,28,181,334.30,0.9237,0.5175,0.167252,13,1,18,317.54,0.8021,0.0407,0.001510,4.218
668915,520,455,975,180,73,188,324.87,0.7466,0.5251,0.181004,8,12,14,228.76,0.1535,0.0595,0.003463,4.321
668926,520,387,907,215,84,182,338.78,0.7665,0.5919,0.241671,32,27,72,284.17,0.6359,0.1533,0.015588,4.447
668927,520,376,896,246,31,180,345.35,0.9686,0.6003,0.238713,34,13,96,283.89,0.9099,0.1572,0.014724,4.461
668937,520,475,995,174,49,235,311.17,0.9229,0.5246,0.171944,8,1,17,306.50,0.8059,0.0347,0.001138,4.340
668948,520,441,961,195,18,230,319.36,0.9817,0.5362,0.177494,20,19,8,103.82,0.3816,0.0855,0.006320,4.039
668962,520,371,891,220,56,240,323.06,0.9478,0.6059,0.243373,60,8,75,317.01,0.8381,0.1667,0.016424,4.417
668970,520,392,912,242,12,185,342.79,0.9901,0.5892,0.226461,18,31,72,267.35,0.6969,0.1512,0.015764,4.204
668987,520,441,961,171,62,241,308.14,0.9203,0.5376,0.184548,28,7,46,305.02,0.7607,0.0907,0.005961,4.191
669004,520,459,979,218,57,75,19.77,0.8695,0.5272,0.183422,1,12,32,255.90,0.8628,0.0634,0.003737,4.344
669008,520,465,985,232,1,23,27.38,0.9994,0.5193,0.172425,1,9,24,253.85,0.7983,0.0517,0.002678,4.222
669010,520,349,869,243,2,249,327.03,0.9995,0.6287,0.259404,60,24,75,314.64,0.6718,0.1863,0.021220,4.344
669015,520,477,997,215,50,51,25.97,0.9159,0.5104,0.169698,4,0,2,344.76,1.0000,0.0178,0.000302,4.368
669016,520,261,781,229,142,196,342.65,0.6781,0.7125,0.399913,42,69,53,157.40,0.4076,0.2672,0.050054,4.497
669023,520,446,966,230,11,137,355.11,0.9816,0.5430,0.188714,30,0,48,309.03,1.0000,0.0840,0.004894,4.349
669029,520,467,987,222,42,22,30.52,0.9706,0.5153,0.172462,4,4,18,279.73,0.6018,0.0392,0.001563,4.314
669041,520,471,991,173,72,202,317.93,0.7781,0.5224,0.177842,13,3,13,327.33,0.5644,0.0433,0.001798,4.399
669047,520,348,868,254,21,219,336.43,0.9952,0.6327,0.267249,46,28,89,292.15,0.7066,0.1858,0.021326,4.448
669058,520,435,955,187,62,233,315.06,0.8976,0.5545,0.198944,2,3,76,265.87,0.9928,0.0949,0.005998,4.446
669059,520,464,984,162,91,177,320.43,0.6027,0.5196,0.183386,10,8,9,345.11,0.0792,0.0507,0.002579,4.439
669064,520,423,943,208,22,226,323.76,0.9780,0.5564,0.194766,31,14,51,301.83,0.6660,0.1095,0.008444,4.188
669076,520,373,893,213,44,254,318.32,0.9953,0.5965,0.231050,57,9,70,317.77,0.8133,0.1583,0.015075,4.319
669086,520,329,849,249,62,222,334.80,0.9701,0.6475,0.288619,13,41,109,263.71,0.8978,0.2085,0.027754,4.355
669087,520,457,977,151,66,253,298.82,0.9846,0.5259,0.175679,3,14,13,188.89,0.5476,0.0599,0.003625,4.208
669092,520,448,968,178,36,254,308.84,0.9947,0.5379,0.178834,15,17,31,276.94,0.3566,0.0846,0.006014,4.085
669095,520,445,965,215,69,77,21.55,0.8212,0.5353,0.192415,4,4,65,268.41,0.9822,0.0834,0.004943,4.412
669102,520,366,886,223,44,253,321.10,0.9916,0.6118,0.245832,46,1,107,290.99,0.9921,0.1731,0.016641,4.439
669131,520,441,961,241,3,52,22.79,0.9982,0.5420,0.190172,40,7,18,3.20,0.6788,0.0935,0.006468,4.253
669137,520,353,873,238,16,242,327.42,0.9942,0.6177,0.249612,7,47,62,228.15,0.7985,0.1840,0.024259,4.035
669140,520,170,690,246,171,225,337.32,0.8861,0.8011,0.541566,65,90,4,126.25,0.9777,0.3432,0.084448,4.400
669143,520,49,569,245,232,251,315.33,0.7694,0.9380,0.840910,21,124,72,154.89,0.9629,0.4417,0.150420,4.445
669148,520,403,923,236,5,199,337.55,0.9959,0.5844,0.220678,49,18,20,17.89,0.5415,0.1279,0.011362,4.411
669150,520,396,916,162,105,229,302.74,0.7686,0.5777,0.234420,47,25,13,48.59,0.5219,0.1371,0.013287,4.494
669169,520,289,809,250,111,168,356.81,0.9043,0.6801,0.345230,11,67,35,153.07,0.9479,0.2403,0.042066,4.293
669171,520,410,930,241,16,136,357.75,0.9806,0.5659,0.208522,36,28,3,91.87,0.8191,0.1268,0.012122,4.162
669172,520,411,931,201,76,207,325.90,0.8156,0.5736,0.220930,32,25,19,62.46,0.2075,0.1172,0.010494,4.479
669177,520,379,899,252,10,164,350.99,0.9928,0.5980,0.235964,24,31,76,272.68,0.6732,0.1588,0.016959,4.271
669206,520,444,964,203,55,176,336.45,0.8255,0.5356,0.185654,20,7,46,292.94,0.7773,0.0811,0.004979,4.286
669220,520,389,909,216,51,237,322.82,0.9484,0.5935,0.230829,3,7,108,265.41,0.9922,0.1459,0.012539,4.490
669222,520,375,895,231,93,92,23.49,0.8115,0.5999,0.255930,49,32,38,356.26,0.2561,0.1638,0.018260,4.482
669256,520,398,918,254,4,111,7.71,0.9972,0.5817,0.223091,5,39,5,142.97,0.9737,0.1362,0.014942,4.205
669265,520,459,979,220,58,80,18.31,0.8646,0.5332,0.188235,24,3,24,327.86,0.7259,0.0629,0.003253,4.474
669272,520,391,911,216,105,23,49.86,0.9275,0.5850,0.247662,8,32,77,261.44,0.8527,0.1533,0.016204,4.496
669296,520,416,936,154,105,238,297.63,0.8177,0.5749,0.231464,11,35,1,136.99,0.9879,0.1249,0.012754,4.485
669299,520,461,981,217,10,169,341.72,0.9797,0.5324,0.178358,8,5,23,289.22,0.6078,0.0484,0.002220,4.373
669303,520,360,880,242,28,232,330.62,0.9862,0.6216,0.255368,46,18,103,290.01,0.8620,0.1847,0.019927,4.367
669309,520,416,936,241,55,47,28.18,0.9463,0.5668,0.216417,7,31,32,198.98,0.6294,0.1184,0.011294,4.347
669337,520,346,866,248,62,189,344.01,0.9475,0.6282,0.270790,33,48,38,155.20,0.2896,0.1901,0.025771,4.234
669338,520,375,895,238,20,219,332.87,0.9879,0.6035,0.237947,27,37,53,259.61,0.3251,0.1596,0.018131,4.226
669339,520,386,906,253,42,81,18.58,0.9874,0.5864,0.231364,4,42,6,143.83,0.9810,0.1462,0.016948,4.203
669348,520,438,958,212,30,203,330.65,0.9501,0.5506,0.192395,25,7,52,296.05,0.8047,0.0922,0.006066,4.323
669354,520,409,929,201,53,240,317.94,0.9375,0.5733,0.212565,56,7,33,352.89,0.7643,0.1302,0.011027,4.302
669357,520,428,948,215,47,185,336.73,0.8875,0.5553,0.199851,44,2,32,342.01,0.8307,0.0995,0.006833,4.396
669360,520,311,831,201,117,244,312.99,0.8803,0.6563,0.316728,6,46,114,260.70,0.9441,0.2235,0.032074,4.468
669366,520,478,998,157,94,155,328.08,0.5007,0.5060,0.175408,3,2,3,326.14,0.1845,0.0248,0.000694,4.446
669372,520,419,939,245,4,108,7.33,0.9962,0.5622,0.205855,30,21,39,306.52,0.3781,0.1138,0.009588,4.294
669378,520,409,929,250,17,70,19.58,0.9897,0.5670,0.211708,19,33,16,140.09,0.5337,0.1262,0.012635,4.178
669380,520,372,892,200,78,253,313.58,0.9848,0.6060,0.248212,9,20,113,266.84,0.9704,0.1710,0.017505,4.418
669392,520,466,986,203,11,189,332.19,0.9774,0.5183,0.166119,16,7,9,3.47,0.2947,0.0545,0.002819,4.092
669402,520,280,800,212,153,105,59.66,0.5511,0.6852,0.378009,33,69,14,136.93,0.9397,0.2530,0.046112,4.453
669407,520,403,923,248,6,154,353.18,0.9947,0.5850,0.224232,55,9,39,345.06,0.7328,0.1335,0.011542,4.456
669420,520,394,914,242,17,182,343.69,0.9847,0.5888,0.226586,9,38,35,185.78,0.6727,0.1425,0.015656,4.213
669428,520,417,937,239,28,153,352.14,0.9589,0.5731,0.214842,50,14,9,30.40,0.7204,0.1204,0.010120,4.405
669432,520,382,902,246,5,197,340.31,0.9969,0.6020,0.237358,48,35,15,76.70,0.5230,0.1632,0.018650,4.186
669438,520,419,939,243,25,99,10.71,0.9720,0.5613,0.206542,18,10,71,278.19,0.9073,0.1092,0.008006,4.423
669447,520,454,974,232,33,39,26.80,0.9715,0.5316,0.183931,8,16,2,130.45,0.8098,0.0658,0.004266,4.311
669451,520,470,990,198,78,75,24.53,0.7295,0.5158,0.179645,12,1,12,327.94,0.7504,0.0365,0.001264,4.480
669455,520,400,920,242,20,160,350.33,0.9771,0.5791,0.219188,15,27,77,268.36,0.8175,0.1447,0.014212,4.192
669457,520,334,854,242,80,206,337.95,0.9163,0.6439,0.290735,45,43,70,286.55,0.3571,0.2029,0.027278,4.409
669467,520,464,984,226,26,92,10.77,0.9539,0.5248,0.176831,1,9,15,231.23,0.7287,0.0470,0.002363,4.332
669470,520,477,997,221,32,12,30.34,0.9861,0.5060,0.164345,2,0,4,311.99,1.0000,0.0155,0.000217,4.268
669484,520,454,974,166,79,210,312.47,0.7702,0.5276,0.183528,27,10,10,20.65,0.4380,0.0749,0.004720,4.268
669487,520,246,766,242,134,227,332.44,0.9103,0.7297,0.414756,17,75,58,169.09,0.8567,0.2758,0.054566,4.445
669492,520,418,938,172,105,173,326.44,0.5275,0.5565,0.218918,15,31,19,151.04,0.4957,0.1181,0.011285,4.388
669495,520,468,988,204,36,174,337.09,0.8908,0.5214,0.171571,0,8,14,228.79,1.0000,0.0432,0.002054,4.257
669500,520,319,839,248,81,186,345.93,0.9339,0.6453,0.293895,67,46,11,76.28,0.7507,0.2183,0.031716,4.208
669503,520,480,1000,207,40,135,351.81,0.8550,0.5098,0.165344,0,0,0,0.00,0.0000,0.0000,0.000000,4.307
669511,520,432,952,221,30,182,338.95,0.9427,0.5541,0.196805,43,6,20,1.13,0.7251,0.0982,0.006944,4.334
669528,520,470,990,199,79,74,25.40,0.7324,0.5189,0.182304,5,6,2,118.00,0.4246,0.0387,0.001669,4.496
669530,520,478,998,208,63,25,34.80,0.9417,0.5077,0.170374,2,0,8,296.85,1.0000,0.0183,0.000304,4.381
669533,520,422,942,224,33,174,342.18,0.9335,0.5568,0.199935,39,17,31,342.52,0.4525,0.1136,0.009312,4.214
669539,520,382,902,223,84,175,343.75,0.7801,0.6016,0.251260,32,32,72,280.30,0.5686,0.1645,0.018079,4.425
669540,520,478,998,163,35,246,305.97,0.9612,0.5080,0.156431,4,1,3,337.70,0.4942,0.0226,0.000541,4.084
669555,520,368,888,247,1,216,335.61,0.9995,0.6141,0.247568,47,8,102,292.71,0.9319,0.1746,0.017373,4.417
669559,520,445,965,213,38,167,341.79,0.8929,0.5354,0.183246,20,1,51,293.00,0.9637,0.0756,0.004094,4.312
669577,520,311,831,255,52,235,332.84,1.0000,0.6582,0.297173,41,52,61,243.15,0.1952,0.2184,0.032643,4.201
669585,520,454,974,223,49,96,11.18,0.8808,0.5346,0.187318,17,14,17,325.92,0.1133,0.0730,0.004737,4.336
669592,520,431,951,242,18,22,28.30,0.9914,0.5451,0.193712,14,0,78,274.91,1.0000,0.1008,0.006434,4.319
669603,520,317,837,222,133,100,40.96,0.6443,0.6563,0.332268,28,61,9,136.66,0.9534,0.2228,0.036040,4.443
669614,520,431,951,211,89,34,41.76,0.8868,0.5503,0.211113,7,26,10,147.51,0.7888,0.0957,0.008058,4.497
669633,520,470,990,164,68,228,308.22,0.8591,0.5239,0.176289,17,0,4,2.41,1.0000,0.0370,0.001280,4.413
669634,520,457,977,210,71,80,20.58,0.7904,0.5291,0.187896,9,9,22,282.45,0.4127,0.0574,0.003114,4.479
669675,520,405,925,239,12,176,344.72,0.9880,0.5788,0.217513,2,39,1,142.15,0.9946,0.1342,0.014661,4.137
669683,520,422,942,197,69,210,323.93,0.8372,0.5610,0.207812,21,26,13,125.64,0.3810,0.1064,0.009273,4.350
669694,520,471,991,186,84,126,356.40,0.6039,0.5194,0.182876,13,4,9,343.05,0.4229,0.0442,0.001921,4.485
669701,520,423,943,245,23,59,22.27,0.9843,0.5567,0.203445,12,29,24,172.86,0.4501,0.1117,0.010228,4.208
669708,520,313,833,242,103,178,349.45,0.8467,0.6596,0.317948,15,61,44,164.65,0.8273,0.2238,0.036207,4.268
669713,520,338,858,247,11,254,326.82,0.9976,0.6406,0.271721,63,18,98,305.17,0.8190,0.2026,0.023713,4.365
669715,520,454,974,183,81,177,329.81,0.6908,0.5343,0.191277,25,8,5,33.92,0.5353,0.0670,0.003913,4.475
669727,520,374,894,217,95,168,345.96,0.7074,0.6039,0.257653,26,43,20,137.93,0.5858,0.1638,0.019978,4.396
669728,520,408,928,204,30,250,317.11,0.9792,0.5715,0.206696,26,31,14,122.27,0.4476,0.1258,0.012313,4.119
669736,520,409,929,238,22,164,348.28,0.9713,0.5738,0.214343,51,7,53,326.14,0.7841,0.1324,0.011129,4.324
669748,520,467,987,216,16,154,346.36,0.9613,0.5241,0.173050,14,4,6,4.14,0.4223,0.0443,0.001934,4.295
669752,520,331,851,190,117,233,311.61,0.7860,0.6355,0.295537,37,51,29,134.72,0.4441,0.2001,0.028496,4.402
669760,520,445,965,187,44,237,314.89,0.9415,0.5422,0.184818,2,12,50,264.32,0.9188,0.0791,0.005061,4.265
669773,520,378,898,250,30,171,348.86,0.9714,0.6032,0.241962,67,15,12,27.50,0.8180,0.1562,0.015617,4.449
669776,520,439,959,229,64,11,35.28,0.9855,0.5494,0.203519,11,10,62,273.91,0.9086,0.0940,0.006360,4.498
669796,520,321,841,251,106,15,44.54,0.9868,0.6458,0.308551,2,61,23,149.36,0.9926,0.2146,0.034121,4.262
669798,520,408,928,235,56,108,9.33,0.8857,0.5674,0.215762,49,12,50,326.71,0.7032,0.1328,0.011463,4.324
669804,520,171,691,254,161,249,328.76,0.9952,0.8026,0.534021,37,95,11,138.56,0.9823,0.3418,0.086016,4.294
669808,520,431,951,212,10,218,326.83,0.9902,0.5541,0.192781,8,19,49,265.68,0.7215,0.0970,0.007391,4.230
669814,520,355,875,247,87,73,28.49,0.9450,0.6167,0.270749,18,45,51,214.12,0.5151,0.1762,0.022443,4.428
669816,520,261,781,204,142,247,310.24,0.8685,0.7060,0.388996,86,57,4,75.72,0.9241,0.2737,0.049137,4.428
669821,520,257,777,190,164,182,337.15,0.2236,0.7058,0.408760,4,77,26,147.38,0.9921,0.2715,0.054079,4.408
669824,520,436,956,161,76,248,302.21,0.9417,0.5465,0.195237,25,2,57,294.98,0.9401,0.0893,0.005455,4.422
669827,520,361,881,244,31,219,334.26,0.9807,0.6182,0.253305,52,31,64,312.22,0.4911,0.1796,0.020803,4.284
669828,520,478,998,206,65,18,36.52,0.9570,0.5058,0.169483,0,2,3,218.80,1.0000,0.0204,0.000500,4.346
669830,520,468,988,206,34,158,342.90,0.8865,0.5150,0.167366,7,7,1,109.16,0.6845,0.0429,0.001993,4.181
669831,520,249,769,246,125,217,337.14,0.9234,0.7160,0.392722,65,64,77,288.82,0.1448,0.2829,0.053264,4.287
669832,520,411,931,176,91,228,310.41,0.8105,0.5717,0.223145,15,30,26,175.39,0.3654,0.1173,0.011047,4.474
669836,520,352,872,184,102,255,305.96,1.0000,0.6181,0.269138,90,0,8,25.12,1.0000,0.1926,0.021916,4.438
669837,520,368,888,236,63,188,341.53,0.8952,0.6074,0.250215,74,9,39,358.42,0.7979,0.1720,0.017979,4.416
669839,520,363,883,226,101,130,7.89,0.7144,0.6133,0.270902,13,46,38,174.44,0.6891,0.1712,0.021794,4.470
669845,520,400,920,241,37,144,355.88,0.9412,0.5777,0.220407,58,15,16,22.43,0.7119,0.1387,0.012787,4.307
669846,520,388,908,214,80,185,337.22,0.7830,0.5867,0.235382,4,21,96,265.19,0.9595,0.1487,0.014066,4.455
669858,520,421,941,238,27,134,358.21,0.9579,0.5630,0.206854,39,18,20,14.36,0.4037,0.1113,0.009145,4.343
669870,520,334,854,231,90,203,336.26,0.8463,0.6362,0.286154,57,40,61,319.82,0.3278,0.2046,0.027244,4.352
669871,520,476,996,208,63,17,35.93,0.9626,0.5072,0.170077,3,1,2,344.98,0.3863,0.0205,0.000455,4.362
669878,520,470,990,203,26,181,334.56,0.9315,0.5184,0.167734,8,2,21,298.12,0.7619,0.0399,0.001492,4.229
669884,520,400,920,241,71,34,33.55,0.9559,0.5817,0.233260,22,36,27,155.78,0.3413,0.1408,0.015114,4.350
669889,520,349,869,218,112,165,350.34,0.6465,0.6310,0.292123,22,51,38,162.80,0.5690,0.1920,0.026781,4.456
669914,520,394,914,248,23,154,353.50,0.9766,0.5892,0.229057,31,31,42,284.75,0.2019,0.1410,0.014384,4.334
669920,520,343,863,243,99,116,15.97,0.8548,0.6348,0.292423,32,51,22,135.73,0.6361,0.1944,0.027326,4.428
669925,520,380,900,252,34,146,357.20,0.9749,0.5984,0.239184,38,9,102,285.72,0.9401,0.1647,0.015667,4.404
669928,520,454,974,223,17,143,351.70,0.9639,0.5331,0.180747,32,4,6,18.98,0.7552,0.0707,0.004071,4.267
669953,520,458,978,226,38,86,13.90,0.9276,0.5299,0.182297,0,12,23,239.73,1.0000,0.0569,0.003248,4.363
669958,520,414,934,244,12,134,358.87,0.9873,0.5703,0.212206,44,15,42,330.12,0.5969,0.1238,0.010444,4.338
669963,520,304,824,252,64,247,329.25,0.9895,0.6691,0.310806,7,24,156,265.36,0.9843,0.2350,0.030985,4.455
669966,520,464,984,188,29,215,320.87,0.9482,0.5172,0.164778,1,9,27,257.04,0.8378,0.0536,0.002809,4.067
669989,520,392,912,192,77,244,313.21,0.9262,0.5867,0.230470,38,28,50,304.37,0.3824,0.1459,0.014729,4.333
670004,520,477,997,161,88,168,323.94,0.5889,0.5078,0.173845,1,2,6,265.10,0.5131,0.0236,0.000630,4.421
670009,520,445,965,225,59,48,28.62,0.9172,0.5388,0.193517,22,12,28,311.93,0.4352,0.0793,0.005174,4.414
670011,520,339,859,246,47,230,332.00,0.9712,0.6365,0.273419,18,53,58,208.03,0.6050,0.2047,0.029802,4.053
670013,520,411,931,254,19,0,29.89,1.0000,0.5702,0.215404,37,9,63,302.76,0.8093,0.1207,0.009476,4.462
670038,520,455,975,183,72,185,327.00,0.7480,0.5266,0.182061,22,3,18,335.86,0.6796,0.0569,0.002794,4.396
670088,520,411,931,206,42,242,319.17,0.9599,0.5749,0.211902,47,0,57,319.69,1.0000,0.1199,0.008998,4.439
670091,520,397,917,221,62,194,335.78,0.8703,0.5836,0.227147,8,34,59,250.51,0.7171,0.1437,0.015114,4.256
670103,520,439,959,212,49,181,337.22,0.8701,0.5492,0.195320,37,10,23,352.58,0.5743,0.0948,0.006723,4.325
670122,520,409,929,200,56,229,320.19,0.9140,0.5660,0.207664,36,14,72,294.86,0.7947,0.1346,0.011570,4.185
670129,520,419,939,221,2,205,332.41,0.9978,0.5598,0.198257,45,8,21,2.61,0.6928,0.1053,0.007858,4.291
670135,520,377,897,240,68,147,356.99,0.8704,0.6011,0.247691,24,42,34,164.70,0.3670,0.1632,0.019656,4.274
670140,520,438,958,223,59,104,9.54,0.8425,0.5460,0.198180,4,19,45,259.23,0.7766,0.0913,0.006810,4.369
670162,520,345,865,249,75,166,352.63,0.9346,0.6319,0.279282,65,32,45,355.90,0.4346,0.1913,0.023464,4.482
670174,520,400,920,234,82,30,37.38,0.9504,0.5816,0.236237,29,37,2,121.47,0.9261,0.1446,0.015887,4.344
670176,520,291,811,240,129,137,16.47,0.7608,0.6841,0.360344,25,67,19,141.26,0.9331,0.2426,0.042679,4.428
670180,520,433,953,213,75,112,7.60,0.7466,0.5481,0.203504,7,4,76,269.67,0.9854,0.0995,0.006538,4.484
670189,520,429,949,214,52,172,340.78,0.8534,0.5503,0.197329,18,24,31,252.53,0.2153,0.1047,0.008808,4.206
670205,520,465,985,217,56,28,32.21,0.9495,0.5179,0.176665,13,5,5,19.65,0.3285,0.0453,0.002051,4.355
670214,520,283,803,235,133,146,12.50,0.6960,0.6865,0.365148,55,62,16,117.44,0.7570,0.2488,0.042949,4.466
670254,520,475,995,221,8,116,0.55,0.9827,0.5159,0.168095,1,0,26,269.98,1.0000,0.0302,0.000810,4.292
670256,520,475,995,158,63,238,304.36,0.9053,0.5182,0.169977,5,2,0,73.07,1.0000,0.0260,0.000757,4.334
670259,520,416,936,224,58,163,346.72,0.8507,0.5691,0.215202,16,15,75,274.21,0.8980,0.1197,0.009598,4.450
670269,520,469,989,226,34,44,25.73,0.9643,0.5201,0.174976,7,1,27,290.28,0.9073,0.0405,0.001460,4.372
670278,520,402,922,216,48,225,325.81,0.9398,0.5829,0.221511,22,10,86,277.72,0.9400,0.1303,0.010595,4.481
670285,520,346,866,190,105,252,308.37,0.9601,0.6282,0.280794,41,46,31,123.04,0.2779,0.1893,0.025243,4.396
670287,520,305,825,218,127,195,337.05,0.6576,0.6698,0.340260,6,64,33,153.75,0.9698,0.2282,0.038151,4.427
670308,520,390,910,254,49,6,32.06,0.9961,0.5859,0.232844,1,27,90,262.42,0.9855,0.1521,0.015284,4.333
670312,520,416,936,252,10,42,25.43,0.9959,0.5659,0.210835,1,25,63,258.12,0.9597,0.1197,0.010605,4.304
670314,520,430,950,215,57,169,342.25,0.8362,0.5549,0.202401,15,10,64,277.22,0.8917,0.0990,0.006888,4.437
670323,520,376,896,254,66,12,34.26,0.9953,0.6007,0.249975,39,34,52,296.80,0.2913,0.1628,0.018233,4.396
670324,520,443,963,228,22,132,356.72,0.9566,0.5402,0.187366,35,9,6,29.99,0.6629,0.0847,0.005659,4.265
670330,520,211,731,240,173,71,74.38,0.8458,0.7595,0.488694,25,88,15,141.23,0.9773,0.3136,0.072203,4.408
670343,520,379,899,224,14,254,321.49,0.9963,0.6022,0.233193,40,29,57,300.89,0.4452,0.1551,0.016253,4.274
670348,520,401,921,255,33,36,27.68,1.0000,0.5796,0.224789,14,31,55,257.25,0.5789,0.1354,0.013491,4.328
670352,520,384,904,248,60,59,26.42,0.9647,0.5867,0.235074,48,23,45,331.57,0.4760,0.1461,0.014307,4.433
670354,520,366,886,246,36,192,341.98,0.9658,0.6088,0.246635,6,24,105,265.57,0.9574,0.1661,0.017118,4.420
670360,520,455,975,197,73,135,352.55,0.7022,0.5254,0.183865,0,7,43,262.74,1.0002,0.0615,0.003264,4.391
670361,520,364,884,246,4,206,337.94,0.9978,0.6069,0.241390,65,17,45,348.02,0.6708,0.1656,0.017143,4.340
670396,520,237,757,216,157,202,335.23,0.5308,0.7279,0.429783,42,76,67,175.09,0.4264,0.2940,0.060662,4.336
670398,520,54,574,251,227,229,11.87,0.6898,0.9252,0.811053,62,118,55,141.55,0.8071,0.4343,0.142564,4.472
670413,520,413,933,201,56,227,320.98,0.9115,0.5661,0.207935,35,24,19,45.57,0.2505,0.1186,0.010576,4.258
670415,520,25,545,249,255,141,111.35,0.9999,0.9673,0.935832,2,133,44,146.52,0.9988,0.4637,0.169691,4.487
670416,520,386,906,192,79,242,313.54,0.9135,0.5876,0.232104,21,42,1,132.78,0.9863,0.1540,0.018175,4.138
670417,520,403,923,240,32,158,350.86,0.9531,0.5790,0.220300,52,15,7,34.16,0.7597,0.1254,0.010872,4.440
670422,520,469,989,225,9,100,7.01,0.9847,0.5192,0.171259,14,4,2,40.05,0.5422,0.0429,0.001846,4.268
670424,520,326,846,210,124,189,336.59,0.6072,0.6508,0.317926,15,60,22,146.02,0.9415,0.2148,0.033911,4.385
670432,520,434,954,234,51,9,32.76,0.9906,0.5467,0.198829,3,7,74,266.55,0.9798,0.0988,0.006657,4.392
670435,520,435,955,217,20,196,333.86,0.9702,0.5510,0.192398,30,16,13,32.65,0.3379,0.0918,0.006757,4.271
670440,520,341,861,249,54,203,339.88,0.9631,0.6309,0.270930,92,5,11,25.33,0.9676,0.2017,0.024084,4.332
670443,520,372,892,244,49,193,341.50,0.9434,0.6132,0.252830,26,47,5,132.56,0.9370,0.1744,0.022635,4.169
670450,520,444,964,219,1,172,341.22,0.9980,0.5359,0.180628,32,10,14,10.23,0.5078,0.0836,0.005559,4.151
670453,520,441,961,228,32,123,0.38,0.9302,0.5414,0.189599,0,12,64,263.29,1.0006,0.0925,0.006331,4.253
670463,520,362,882,223,94,157,352.44,0.7249,0.6075,0.261300,60,34,23,43.50,0.4539,0.1804,0.021667,4.344
670479,520,470,990,188,38,218,319.92,0.9294,0.5247,0.171409,9,5,14,306.29,0.3994,0.0446,0.001983,4.259
670493,520,420,940,131,102,252,287.31,0.9583,0.5564,0.213560,45,13,13,22.69,0.6323,0.1103,0.008749,4.486
670518,520,364,884,233,81,159,352.29,0.8127,0.6078,0.257144,3,42,68,243.60,0.8750,0.1714,0.020925,4.331
670524,520,450,970,210,68,122,1.01,0.7605,0.5372,0.192432,2,13,40,261.26,0.8683,0.0723,0.004539,4.445
670526,520,366,886,247,54,172,348.78,0.9369,0.6120,0.253942,38,38,49,284.98,0.1774,0.1705,0.020200,4.330
670532,520,385,905,221,45,228,326.40,0.9526,0.5914,0.228525,6,34,71,256.84,0.8311,0.1523,0.016376,4.196
670533,520,350,870,248,43,223,334.20,0.9731,0.6335,0.270149,65,35,2,63.02,0.9091,0.1876,0.023304,4.367
670534,520,270,790,223,128,235,322.95,0.8526,0.6981,0.371260,35,65,81,233.28,0.4467,0.2626,0.047318,4.329
670553,520,405,925,230,12,207,334.05,0.9901,0.5795,0.215935,5,35,22,161.37,0.8681,0.1263,0.012922,4.226
670572,520,430,950,233,51,25,31.29,0.9698,0.5454,0.197645,26,12,49,296.98,0.6915,0.0984,0.007043,4.341
670598,520,76,596,250,219,241,336.34,0.8759,0.9108,0.773387,31,119,1,140.34,0.9992,0.4190,0.134866,4.454
670606,520,318,838,246,63,254,326.22,0.9966,0.6629,0.303063,23,45,109,265.79,0.8124,0.2223,0.031629,4.325
670649,520,459,979,229,25,103,7.30,0.9557,0.5335,0.183355,3,2,52,269.15,0.9855,0.0635,0.003107,4.394
670651,520,457,977,215,43,136,353.53,0.8633,0.5278,0.179548,2,12,24,248.21,0.6847,0.0592,0.003418,4.297
670666,520,370,890,210,68,251,317.43,0.9772,0.6087,0.248025,11,23,110,267.25,0.9582,0.1726,0.018096,4.377
670669,520,351,871,250,39,213,337.19,0.9744,0.6290,0.265823,23,22,122,271.27,0.9552,0.1925,0.021610,4.410
670683,520,328,848,242,101,160,356.77,0.8305,0.6497,0.307255,18,44,106,263.87,0.8420,0.2146,0.029704,4.482
670698,520,386,906,192,92,213,320.39,0.7651,0.5854,0.236661,15,23,88,269.84,0.9033,0.1480,0.014188,4.466
670717,520,401,921,179,89,241,308.62,0.8833,0.5822,0.230801,33,25,55,294.02,0.4980,0.1365,0.012944,4.461
670719,520,415,935,170,78,254,303.87,0.9901,0.5657,0.211512,3,24,64,260.65,0.9110,0.1192,0.010427,4.328
670720,520,468,988,230,15,18,28.47,0.9915,0.5181,0.172114,3,6,14,261.24,0.4363,0.0413,0.001813,4.287
670745,520,422,942,251,6,56,22.57,0.9971,0.5645,0.209287,10,23,55,264.81,0.7110,0.1125,0.009531,4.355
670752,520,466,986,163,50,250,304.45,0.9715,0.5228,0.169705,7,8,4,117.95,0.2704,0.0463,0.002276,4.203
670763,520,465,985,166,47,240,307.63,0.9326,0.5155,0.164320,11,5,20,302.18,0.5419,0.0494,0.002302,4.098
670782,520,421,941,227,68,68,25.00,0.8773,0.5553,0.208853,5,0,90,267.16,1.0000,0.1122,0.007704,4.486
670790,520,434,954,217,70,106,9.85,0.7839,0.5473,0.201750,35,6,46,315.09,0.7740,0.0992,0.006849,4.428
670810,520,393,913,251,14,140,358.27,0.9883,0.5870,0.227203,54,14,45,337.64,0.6677,0.1411,0.012879,4.409
670815,520,477,997,195,82,12,44.84,0.9511,0.5094,0.176651,0,0,18,264.05,1.0000,0.0220,0.000437,4.494
670823,520,432,952,234,41,88,14.48,0.9336,0.5487,0.197859,32,18,0,74.92,1.0000,0.0961,0.007397,4.318
670844,520,273,793,229,127,227,327.88,0.8308,0.7003,0.373846,13,71,48,161.75,0.9110,0.2580,0.048052,4.323
670846,520,471,991,127,84,254,288.50,0.9901,0.5239,0.180082,18,1,2,18.96,0.8389,0.0404,0.001547,4.464
670851,520,431,951,209,66,171,340.26,0.7952,0.5545,0.203940,33,15,26,343.41,0.4103,0.0986,0.007396,4.424
670855,520,458,978,219,60,34,31.96,0.9353,0.5266,0.184099,0,10,32,256.46,0.9999,0.0583,0.003213,4.399
670859,520,347,867,238,94,137,4.75,0.8090,0.6253,0.279915,18,50,55,209.04,0.5726,0.1937,0.026855,4.293
670868,520,366,886,246,15,216,335.42,0.9928,0.6149,0.248954,41,34,53,300.92,0.3062,0.1656,0.018725,4.350
670884,520,462,982,234,7,85,13.29,0.9922,0.5338,0.183034,1,12,14,206.69,0.7786,0.0536,0.003011,4.396
670887,520,368,888,217,76,231,324.01,0.8998,0.6139,0.256920,8,43,61,235.78,0.7522,0.1714,0.021162,4.313
670896,520,384,904,189,105,200,322.83,0.6623,0.5941,0.250932,25,36,50,254.77,0.3208,0.1535,0.016987,4.492
670929,520,475,995,228,25,34,26.90,0.9803,0.5186,0.173077,4,2,19,285.59,0.7674,0.0344,0.001162,4.360
670941,520,377,897,217,76,208,330.48,0.8511,0.5996,0.244767,40,37,3,104.46,0.8762,0.1566,0.017809,4.347
670947,520,414,934,158,98,240,299.98,0.8474,0.5690,0.222960,3,34,20,160.22,0.9279,0.1215,0.012139,4.393
670971,520,284,804,242,136,75,48.72,0.8532,0.6875,0.369962,26,69,23,142.31,0.9177,0.2504,0.045376,4.403
670977,520,477,997,218,43,21,30.86,0.9698,0.5077,0.166900,2,2,0,109.77,1.0000,0.0218,0.000563,4.290
670984,520,356,876,250,77,103,16.37,0.9498,0.6158,0.266144,1,30,111,263.26,0.9909,0.1829,0.020825,4.464
670987,520,435,955,192,16,251,313.88,0.9901,0.5482,0.185434,9,18,37,263.67,0.5398,0.0863,0.006242,4.186
670988,520,179,699,218,178,243,312.11,0.7647,0.7912,0.532179,38,92,33,141.97,0.9146,0.3345,0.081759,4.419
670995,520,392,912,209,60,239,320.21,0.9309,0.5910,0.230207,51,24,40,344.75,0.4485,0.1502,0.015104,4.304
670998,520,467,987,224,45,10,32.10,0.9878,0.5213,0.177488,7,5,9,309.19,0.2314,0.0407,0.001734,4.397
671006,520,382,902,207,90,207,327.58,0.7843,0.6010,0.250844,32,41,2,121.84,0.9389,0.1598,0.018973,4.362
671011,520,454,974,227,41,53,24.46,0.9485,0.5279,0.181767,12,15,23,268.55,0.2488,0.0733,0.004817,4.228
671016,520,416,936,198,85,189,330.73,0.7333,0.5700,0.221784,4,31,35,208.59,0.7644,0.1182,0.011271,4.436
671030,520,353,873,232,66,210,333.96,0.9087,0.6152,0.257079,28,41,63,260.56,0.4049,0.1777,0.021916,4.270
671036,520,429,949,163,89,226,306.16,0.7988,0.5502,0.204228,18,25,22,167.23,0.1754,0.1036,0.008818,4.322
671041,520,447,967,188,83,162,338.03,0.6608,0.5371,0.194879,36,7,0,42.09,1.0000,0.0816,0.005271,4.431
671046,520,366,886,239,1,230,330.44,0.9996,0.6085,0.240884,7,9,123,266.31,0.9916,0.1715,0.016705,4.361
671060,520,421,941,239,44,89,15.03,0.9355,0.5610,0.208766,10,5,83,270.63,0.9832,0.1119,0.007975,4.463
671069,520,356,876,251,89,52,34.22,0.9729,0.6240,0.279053,22,50,5,136.22,0.9618,0.1818,0.024627,4.409
671098,520,426,946,220,1,213,330.11,0.9990,0.5631,0.200437,34,8,55,305.26,0.7883,0.1080,0.007896,4.326
671099,520,400,920,194,73,240,315.00,0.9125,0.5820,0.225269,29,25,61,285.28,0.5720,0.1368,0.012934,4.374
671104,520,451,971,225,39,116,2.87,0.9045,0.5371,0.187223,4,1,56,270.10,0.9932,0.0671,0.003330,4.448
671121,520,421,941,189,51,253,311.69,0.9883,0.5637,0.202794,49,5,34,345.00,0.7736,0.1144,0.008771,4.301
671128,520,255,775,218,150,201,336.06,0.5787,0.7158,0.409365,52,71,12,126.19,0.8899,0.2733,0.052630,4.476
671139,520,377,897,229,49,219,330.70,0.9454,0.6017,0.239715,23,24,91,274.21,0.8631,0.1583,0.015907,4.396
671150,520,397,917,246,42,110,8.69,0.9429,0.5791,0.223780,1,26,84,262.07,0.9831,0.1432,0.013852,4.288
671160,520,388,908,205,97,162,345.28,0.6450,0.5854,0.241389,5,40,46,211.41,0.8044,0.1523,0.017470,4.319
671161,520,382,902,236,78,147,357.36,0.8298,0.6048,0.253910,12,41,56,234.49,0.6434,0.1638,0.019495,4.373
671183,520,448,968,205,17,211,326.74,0.9771,0.5386,0.180850,12,9,44,280.40,0.7638,0.0753,0.004554,4.232
671227,520,369,889,248,72,106,14.17,0.9342,0.6073,0.256351,55,34,1,74.14,0.9504,0.1690,0.019586,4.403
671232,520,429,949,237,30,104,8.50,0.9549,0.5525,0.199357,11,25,27,207.31,0.3690,0.1006,0.008455,4.266
671241,520,313,833,207,122,217,323.20,0.7166,0.6570,0.321955,34,54,57,207.70,0.2894,0.2168,0.032737,4.496
671255,520,457,977,224,36,102,7.65,0.9182,0.5288,0.180711,26,2,24,331.25,0.7773,0.0638,0.003290,4.329
671281,520,416,936,245,37,108,8.81,0.9514,0.5735,0.218217,35,22,43,311.73,0.4203,0.1245,0.011056,4.393
671283,520,313,833,224,98,238,323.57,0.9101,0.6557,0.307576,15,59,52,180.47,0.7536,0.2201,0.034773,4.218
671285,520,272,792,243,109,234,330.16,0.9411,0.6964,0.359349,58,61,69,269.29,0.1015,0.2638,0.046667,4.235
671289,520,479,999,217,38,66,19.71,0.9304,0.5072,0.165339,3,0,0,29.23,1.0000,0.0143,0.000194,4.290
671292,520,463,983,191,52,205,323.92,0.8690,0.5308,0.179416,1,6,36,264.65,0.9287,0.0539,0.002641,4.358
671298,520,270,790,249,109,230,333.08,0.9660,0.7032,0.367928,27,60,105,256.85,0.6700,0.2597,0.044844,4.406
671305,520,476,996,223,23,66,18.78,0.9697,0.5114,0.166969,0,1,9,261.82,1.0000,0.0198,0.000414,4.304
671307,520,442,962,228,52,84,16.61,0.8974,0.5442,0.195929,17,16,13,91.68,0.0995,0.0763,0.005188,4.456
671319,520,290,810,208,136,202,329.71,0.5911,0.6765,0.352837,33,65,1,133.76,0.9946,0.2385,0.041060,4.424
671333,520,401,921,227,59,174,343.71,0.8666,0.5808,0.225173,14,25,78,268.76,0.8511,0.1407,0.013386,4.341
671345,520,368,888,250,45,177,347.49,0.9621,0.6137,0.253784,80,1,30,7.76,0.9718,0.1746,0.018212,4.454
671357,520,399,919,255,14,61,21.96,1.0000,0.5753,0.219148,26,34,16,128.29,0.4626,0.1351,0.014011,4.205
671365,520,384,904,227,89,89,23.26,0.7982,0.5864,0.241995,20,41,14,139.11,0.7776,0.1519,0.017663,4.315
671392,520,434,954,221,74,56,30.20,0.8706,0.5494,0.205578,42,9,13,16.40,0.6723,0.0988,0.007168,4.471
671394,520,409,929,248,36,78,18.47,0.9665,0.5721,0.217718,3,32,50,240.06,0.8216,0.1294,0.012826,4.261
671402,520,448,968,236,37,0,31.47,1.0000,0.5403,0.191592,39,4,10,13.79,0.7874,0.0845,0.005402,4.361
671411,520,413,933,234,0,179,342.64,1.0000,0.5684,0.207500,47,5,49,326.10,0.8002,0.1200,0.009347,4.339
671416,520,429,949,199,75,178,334.96,0.7513,0.5521,0.203903,29,21,2,88.33,0.8158,0.0996,0.008019,4.376
671425,520,479,999,204,69,12,38.59,0.9686,0.5069,0.171223,0,0,6,264.05,1.0000,0.0126,0.000131,4.413
671429,520,450,970,216,73,12,38.55,0.9753,0.5350,0.193930,9,11,37,275.64,0.6607,0.0711,0.004310,4.491
671431,520,388,908,230,32,206,334.37,0.9643,0.5856,0.223148,39,18,77,294.17,0.7680,0.1491,0.013998,4.268
671433,520,396,916,201,50,254,314.92,0.9945,0.5819,0.218559,46,22,40,336.99,0.4510,0.1384,0.013079,4.257
671440,520,440,960,230,7,147,351.72,0.9883,0.5464,0.190844,21,17,31,296.74,0.3366,0.0902,0.006593,4.256
671450,520,283,803,225,139,164,1.32,0.5885,0.6894,0.371550,45,67,5,128.27,0.9564,0.2542,0.045831,4.399
671481,520,398,918,217,64,192,335.34,0.8523,0.5775,0.222264,42,28,29,14.07,0.2269,0.1410,0.014115,4.246
671484,520,417,937,158,95,242,300.04,0.8677,0.5656,0.218646,4,23,69,262.99,0.9151,0.1222,0.010682,4.427
671497,520,324,844,255,65,205,340.93,1.0000,0.6511,0.294516,26,36,114,270.57,0.8699,0.2091,0.026961,4.476
671508,520,479,999,110,92,238,283.13,0.8744,0.5065,0.171420,1,0,3,302.89,1.0000,0.0124,0.000130,4.417
671509,520,462,982,206,34,177,336.66,0.9043,0.5256,0.174422,17,4,10,349.35,0.5066,0.0493,0.002279,4.293
671510,520,362,882,243,80,114,12.12,0.8821,0.6092,0.260100,66,30,4,52.22,0.8352,0.1788,0.020957,4.370
671513,520,407,927,236,62,88,17.60,0.8903,0.5700,0.219857,59,5,10,21.65,0.8986,0.1268,0.010604,4.453
671518,520,473,993,231,24,36,26.55,0.9821,0.5248,0.177726,12,0,13,326.20,1.0000,0.0342,0.001072,4.459
671520,520,420,940,236,18,137,356.50,0.9736,0.5569,0.200747,2,29,35,214.71,0.8590,0.1111,0.010129,4.170
671524,520,386,906,146,115,243,291.54,0.8345,0.5884,0.248434,7,42,6,142.57,0.9675,0.1474,0.017142,4.445
671532,520,391,911,212,65,219,326.01,0.8908,0.5867,0.228940,24,5,103,276.02,0.9825,0.1486,0.012819,4.440
671543,520,443,963,201,80,135,354.81,0.6823,0.5420,0.199059,10,20,9,142.17,0.4864,0.0798,0.005846,4.460
671545,520,479,999,198,55,147,345.70,0.7866,0.5114,0.168466,0,0,1,264.05,1.0000,0.0060,0.000022,4.367
671546,520,335,855,255,31,221,336.20,1.0000,0.6390,0.274637,16,37,108,266.00,0.8922,0.1995,0.025159,4.319
671559,520,418,938,233,64,48,29.62,0.9231,0.5598,0.212068,52,2,33,348.08,0.8549,0.1158,0.008834,4.454
671569,520,437,957,240,37,21,29.85,0.9809,0.5495,0.199059,37,13,5,40.64,0.6638,0.0947,0.006922,4.375
671573,520,436,956,228,64,2,35.97,0.9971,0.5471,0.201680,24,16,34,303.60,0.4199,0.0930,0.006803,4.431
671598,520,429,949,194,80,172,335.75,0.7082,0.5475,0.201867,39,12,17,10.63,0.5504,0.0992,0.007348,4.392
671600,520,480,1000,166,68,205,314.76,0.7953,0.5090,0.166499,0,0,0,0.00,0.0000,0.0000,0.000000,4.330
671623,520,424,944,215,40,204,331.14,0.9307,0.5620,0.203264,16,27,28,203.13,0.2528,0.1100,0.009778,4.237
671631,520,470,990,218,17,135,353.37,0.9579,0.5196,0.170581,9,2,18,305.65,0.7184,0.0391,0.001452,4.287
671643,520,427,947,206,54,214,325.84,0.8990,0.5635,0.206170,47,2,22,358.44,0.8527,0.1008,0.007058,4.490
671661,520,475,995,226,6,80,13.86,0.9920,0.5154,0.168811,2,3,4,243.12,0.1775,0.0274,0.000868,4.302
671664,520,421,941,227,55,134,357.91,0.8561,0.5597,0.207872,47,13,15,19.52,0.6396,0.1145,0.009268,4.351
671665,520,319,839,255,18,246,330.30,1.0000,0.6505,0.283496,31,55,55,195.75,0.3556,0.2168,0.032994,4.018
671671,520,476,996,223,25,56,21.80,0.9707,0.5106,0.166716,0,2,2,194.77,1.0000,0.0198,0.000478,4.293
671672,520,391,911,220,66,199,334.02,0.8659,0.5886,0.232378,44,4,88,296.81,0.9467,0.1507,0.013269,4.463
671675,520,366,886,248,68,130,4.77,0.9275,0.6100,0.257057,21,46,28,151.43,0.6029,0.1720,0.021972,4.266
671714,520,435,955,238,31,57,22.94,0.9719,0.5453,0.194558,4,25,3,142.05,0.9560,0.0893,0.007276,4.270
671720,520,478,998,184,74,148,342.39,0.6737,0.5106,0.172275,9,0,1,12.98,1.0000,0.0247,0.000603,4.393
671724,520,387,907,208,80,215,325.64,0.8384,0.5943,0.240552,25,26,79,276.46,0.7472,0.1513,0.015099,4.463
671728,520,422,942,234,49,98,11.93,0.9076,0.5569,0.205739,36,4,61,304.47,0.8849,0.1109,0.007989,4.410
671754,520,421,941,245,24,65,20.86,0.9822,0.5580,0.204509,41,1,55,315.23,0.9464,0.1091,0.007690,4.412
671758,520,402,922,254,14,82,16.60,0.9942,0.5768,0.219979,29,31,22,117.90,0.2096,0.1308,0.012991,4.286
671763,520,236,756,224,154,224,326.68,0.7037,0.7410,0.443416,16,83,4,141.21,0.9941,0.2929,0.063052,4.365
671769,520,450,970,193,41,225,319.57,0.9351,0.5402,0.183610,4,18,0,136.37,1.0000,0.0677,0.004584,4.280
671791,520,325,845,252,91,157,358.44,0.9513,0.6521,0.306151,54,46,57,316.80,0.1716,0.2136,0.030337,4.433
671792,520,447,967,194,71,182,331.82,0.7639,0.5412,0.193548,21,13,27,309.76,0.3830,0.0796,0.005264,4.407
671795,520,386,906,171,118,188,317.71,0.5106,0.5881,0.252463,39,36,18,99.99,0.4170,0.1550,0.017368,4.490
671797,520,413,933,230,71,74,23.85,0.8702,0.5655,0.218267,2,33,29,182.95,0.9122,0.1208,0.011893,4.334
671798,520,388,908,188,88,242,311.57,0.8980,0.5937,0.240826,14,43,4,138.62,0.9691,0.1536,0.018298,4.258
671817,520,475,995,222,50,26,31.23,0.9609,0.5222,0.178881,7,1,16,304.96,0.7986,0.0331,0.001043,4.484
671819,520,384,904,205,76,228,321.24,0.8755,0.5934,0.237510,10,43,7,141.81,0.9581,0.1522,0.018076,4.223
671846,520,369,889,218,68,239,322.48,0.9308,0.6125,0.252736,14,48,3,139.03,0.9830,0.1705,0.022138,4.197
671847,520,379,899,186,97,241,310.30,0.8744,0.6032,0.253402,36,32,61,288.51,0.4394,0.1602,0.017450,4.498
671864,520,288,808,229,105,252,321.12,0.9810,0.6809,0.337913,79,45,54,3.04,0.3672,0.2448,0.038056,4.405
671865,520,409,929,250,13,88,14.44,0.9911,0.5694,0.213201,19,22,75,273.92,0.8119,0.1346,0.012202,4.231
671866,520,426,946,202,19,245,317.83,0.9873,0.5601,0.196165,45,8,40,333.73,0.7179,0.1144,0.008848,4.183
671869,520,299,819,240,125,127,20.14,0.7797,0.6744,0.347274,24,64,19,141.50,0.9257,0.2319,0.039079,4.460
671875,520,228,748,228,146,250,318.94,0.9481,0.7438,0.439553,3,82,2,142.44,0.9975,0.2864,0.060581,4.427
671879,520,408,928,206,76,182,335.74,0.7709,0.5670,0.216699,28,8,80,285.03,0.9160,0.1264,0.009997,4.445
671882,520,346,866,241,105,59,38.60,0.8955,0.6301,0.291226,44,48,13,115.25,0.7003,0.1947,0.026784,4.444
671900,520,471,991,217,2,147,348.73,0.9949,0.5193,0.169042,3,9,1,135.38,0.8802,0.0439,0.002169,4.199
671938,520,371,891,252,50,157,354.45,0.9720,0.6121,0.254144,56,34,18,55.88,0.5030,0.1730,0.020286,4.327
671945,520,467,987,226,10,97,8.25,0.9841,0.5207,0.172518,13,2,11,333.18,0.6343,0.0399,0.001532,4.318
671957,520,300,820,245,84,232,331.26,0.9546,0.6674,0.315820,70,49,22,71.35,0.5678,0.2319,0.035568,4.275
671972,520,399,919,246,58,2,33.84,0.9983,0.5770,0.226268,9,40,3,140.08,0.9784,0.1410,0.015822,4.197
672007,520,421,941,240,37,86,15.40,0.9524,0.5579,0.205236,0,2,87,264.15,0.9970,0.1077,0.007315,4.453
672009,520,466,986,208,73,24,37.95,0.9349,0.5205,0.182432,3,13,1,137.99,0.9462,0.0537,0.003094,4.378
672011,520,435,955,244,12,75,17.53,0.9913,0.5539,0.200075,33,4,42,317.16,0.7983,0.0900,0.005774,4.484
672017,520,365,885,238,73,167,349.66,0.8608,0.6108,0.257351,48,36,17,77.78,0.4811,0.1662,0.019307,4.435
672023,520,433,953,223,9,174,341.63,0.9852,0.5464,0.189419,35,12,33,330.67,0.5586,0.0996,0.007301,4.178
672026,520,452,972,205,81,37,38.66,0.8722,0.5274,0.189997,30,1,22,340.15,0.8344,0.0673,0.003557,4.481
672046,520,308,828,252,112,100,27.24,0.9619,0.6659,0.332071,37,52,90,266.38,0.5036,0.2329,0.035874,4.449
672067,520,397,917,230,60,156,350.79,0.8570,0.5787,0.224577,49,24,11,47.10,0.5863,0.1378,0.013305,4.337
672096,520,408,928,182,81,235,311.75,0.8695,0.5709,0.218290,5,27,71,261.70,0.8911,0.1340,0.012710,4.278
672100,520,347,867,248,30,226,333.42,0.9853,0.6292,0.263790,66,33,41,5.19,0.4231,0.1934,0.024062,4.237
672154,520,338,858,247,100,92,26.09,0.9219,0.6378,0.296644,3,57,30,155.18,0.9801,0.2024,0.030392,4.312
672157,520,363,883,180,106,235,308.49,0.8119,0.6055,0.260102,2,48,15,148.18,0.9894,0.1676,0.021612,4.330
672162,520,190,710,229,175,189,1.48,0.4892,0.7758,0.509934,4,90,33,147.92,0.9939,0.3176,0.074476,4.498
672179,520,467,987,226,10,97,8.25,0.9841,0.5207,0.172518,6,4,7,315.70,0.2288,0.0363,0.001409,4.328
672181,520,401,921,190,100,183,330.15,0.6318,0.5779,0.234816,14,32,53,253.51,0.5556,0.1367,0.013834,4.462
672182,520,460,980,221,2,149,348.99,0.9955,0.5282,0.175881,10,13,11,156.36,0.1149,0.0624,0.003765,4.201
672187,520,435,955,209,58,170,340.31,0.8200,0.5457,0.194857,14,21,33,260.90,0.3441,0.0947,0.007395,4.266
672208,520,389,909,255,38,67,22.04,1.0000,0.5858,0.230553,19,22,89,272.43,0.8919,0.1497,0.014335,4.361
672213,520,441,961,198,60,194,329.17,0.8309,0.5427,0.191342,27,15,22,343.79,0.3001,0.0886,0.006326,4.285
672216,520,449,969,189,12,252,312.90,0.9929,0.5433,0.181113,27,0,37,315.94,1.0000,0.0702,0.003666,4.306
672218,520,476,996,167,30,247,307.18,0.9701,0.5119,0.158602,3,0,14,293.16,1.0000,0.0236,0.000511,4.130
672237,520,422,942,220,81,64,29.89,0.8352,0.5580,0.214732,22,26,17,127.37,0.2507,0.1084,0.009498,4.449
672242,520,390,910,255,17,111,8.20,1.0000,0.5865,0.228124,65,5,31,0.69,0.8309,0.1457,0.013315,4.393
672245,520,409,929,251,24,67,20.77,0.9847,0.5709,0.215714,30,31,8,111.31,0.6279,0.1288,0.012735,4.235
672246,520,384,904,226,60,201,334.96,0.8967,0.5943,0.236199,30,28,70,281.67,0.6128,0.1518,0.015487,4.370
672251,520,409,929,201,66,226,320.91,0.8876,0.5749,0.218064,23,30,35,239.31,0.1738,0.1272,0.012320,4.301
672253,520,398,918,233,24,195,338.04,0.9737,0.5812,0.219198,11,8,104,268.74,0.9861,0.1448,0.012442,4.311
672263,520,290,810,166,152,228,291.86,0.6223,0.6754,0.361648,7,69,18,145.25,0.9854,0.2431,0.043449,4.405
672269,520,470,990,135,82,249,292.25,0.9457,0.5248,0.180250,1,0,38,267.33,1.0000,0.0419,0.001464,4.474
672279,520,350,870,254,64,155,356.50,0.9882,0.6261,0.271076,12,53,18,145.78,0.9449,0.1889,0.026679,4.187
672281,520,457,977,187,62,196,325.04,0.8130,0.5281,0.179969,24,4,22,331.47,0.6654,0.0638,0.003390,4.307
672287,520,424,944,189,50,255,311.32,1.0000,0.5646,0.203211,25,11,60,289.53,0.7939,0.1056,0.007723,4.387
672295,520,426,946,185,58,250,310.82,0.9696,0.5613,0.202436,22,5,72,283.00,0.9402,0.1071,0.007470,4.392
672318,520,357,877,225,90,185,340.92,0.7844,0.6175,0.268249,33,40,62,270.06,0.3522,0.1784,0.021887,4.427
672334,520,410,930,216,77,150,351.36,0.7539,0.5698,0.221109,23,33,9,128.23,0.6690,0.1281,0.012896,4.310
672337,520,472,992,183,40,226,316.40,0.9333,0.5242,0.170770,7,3,2,40.96,0.3407,0.0325,0.001147,4.316
672342,520,401,921,251,14,121,4.34,0.9885,0.5805,0.222074,35,9,83,290.10,0.8965,0.1388,0.011772,4.404
672345,520,359,879,237,50,221,332.15,0.9543,0.6174,0.255088,18,36,94,266.46,0.8290,0.1837,0.021984,4.238
672346,520,480,1000,226,17,46,23.90,0.9857,0.5124,0.167698,0,0,0,0.00,0.0000,0.0000,0.000000,4.354
672354,520,400,920,254,15,98,11.99,0.9934,0.5805,0.222981,50,15,56,321.54,0.6890,0.1427,0.013054,4.329
672358,520,460,980,214,72,11,38.54,0.9764,0.5299,0.189575,8,11,18,265.80,0.2608,0.0589,0.003346,4.491
672371,520,442,962,183,68,208,319.95,0.8172,0.5367,0.187568,5,12,46,268.08,0.8477,0.0775,0.004924,4.325
672376,520,408,928,226,21,197,335.80,0.9746,0.5685,0.207388,18,28,55,266.89,0.5411,0.1299,0.012349,4.128
672382,520,450,970,188,70,192,326.44,0.7784,0.5363,0.188788,13,14,22,278.86,0.2362,0.0714,0.004576,4.375
672383,520,402,922,226,13,220,329.80,0.9907,0.5810,0.216263,24,22,65,280.36,0.6818,0.1290,0.011496,4.330
672403,520,13,533,249,250,233,109.54,0.7368,0.9765,0.943942,3,129,122,188.11,0.9888,0.4713,0.171242,4.493
672411,520,427,947,182,68,236,312.43,0.8952,0.5558,0.201365,50,2,1,29.47,0.9720,0.1016,0.007238,4.392
672420,520,270,790,254,119,163,1.58,0.9708,0.6968,0.369118,71,61,11,97.32,0.8293,0.2638,0.047013,4.320
672431,520,445,965,205,28,203,328.80,0.9489,0.5372,0.181233,37,4,11,10.79,0.7636,0.0810,0.005044,4.201
672439,520,476,996,184,32,212,320.39,0.9349,0.5098,0.159782,1,2,1,144.61,0.3698,0.0208,0.000521,4.152
672440,520,426,946,251,20,0,29.96,1.0000,0.5642,0.210133,18,24,39,267.04,0.3543,0.1090,0.009283,4.388
672445,520,375,895,212,69,228,323.54,0.8997,0.5966,0.238565,34,26,77,285.47,0.6821,0.1577,0.016147,4.363
672456,520,452,972,217,53,114,3.61,0.8372,0.5317,0.185153,21,3,39,303.07,0.8323,0.0692,0.003710,4.378
672466,520,313,833,231,93,232,327.41,0.9032,0.6561,0.306460,37,43,97,274.84,0.6350,0.2157,0.029840,4.465
672474,520,423,943,199,41,240,317.73,0.9560,0.5615,0.200207,32,11,50,305.54,0.7110,0.1053,0.007767,4.331
672489,520,455,975,186,82,154,340.96,0.6467,0.5284,0.188082,0,15,4,152.91,1.0000,0.0573,0.003504,4.450
672510,520,361,881,233,65,225,330.09,0.9318,0.6249,0.265429,23,50,6,135.94,0.9514,0.1825,0.024764,4.219
672520,520,470,990,148,86,219,302.17,0.7739,0.5213,0.180663,1,3,30,266.99,0.9455,0.0419,0.001653,4.466
672533,520,174,694,250,185,19,82.46,0.9850,0.7951,0.550711,0,98,37,148.41,1.0000,0.3450,0.088685,4.331
672534,520,442,962,182,58,224,315.87,0.8843,0.5361,0.183541,13,19,0,122.61,1.0000,0.0771,0.005513,4.207
672537,520,457,977,214,33,151,347.32,0.9017,0.5262,0.176206,1,1,50,266.09,0.9945,0.0574,0.002584,4.302
672543,520,317,837,239,116,127,16.24,0.7820,0.6575,0.323765,2,53,93,248.86,0.9442,0.2221,0.033492,4.477
672544,520,305,825,212,114,251,315.39,0.9594,0.6701,0.329980,54,55,29,110.40,0.4388,0.2290,0.036054,4.416
672551,520,342,862,236,53,236,328.13,0.9612,0.6273,0.264377,28,49,33,150.85,0.4608,0.1878,0.025532,4.162
672558,520,477,997,152,78,218,305.08,0.7951,0.5132,0.171866,4,2,0,82.32,1.0000,0.0247,0.000692,4.377
672560,520,125,645,191,223,175,135.27,0.4882,0.8462,0.669463,24,108,48,148.37,0.9617,0.3849,0.111323,4.460
672572,520,446,966,209,80,94,16.97,0.7290,0.5427,0.201029,5,21,13,161.06,0.6428,0.0803,0.005976,4.485
672577,520,398,918,189,80,241,312.74,0.9050,0.5839,0.229081,62,7,13,20.62,0.8661,0.1363,0.012053,4.497
672583,520,329,849,220,125,150,3.77,0.5953,0.6514,0.320868,18,58,29,149.71,0.8694,0.2106,0.032433,4.499
672610,520,83,603,250,227,89,99.78,0.9307,0.8952,0.759847,32,117,30,142.70,0.9694,0.4144,0.131229,4.469
672629,520,438,958,232,61,4,34.95,0.9951,0.5519,0.205051,40,9,12,17.54,0.6557,0.0949,0.006731,4.496
672631,520,456,976,197,51,184,332.02,0.8408,0.5262,0.177004,21,8,10,9.71,0.3725,0.0629,0.003550,4.239
672637,520,424,944,199,63,216,323.05,0.8706,0.5618,0.206565,23,7,70,284.23,0.9076,0.1085,0.007763,4.442
672639,520,376,896,229,16,242,325.31,0.9930,0.6022,0.234418,11,45,9,142.35,0.9506,0.1597,0.019676,4.082
672649,520,403,923,229,5,216,331.52,0.9964,0.5821,0.217269,9,35,26,167.52,0.6842,0.1295,0.013347,4.219
672650,520,346,866,240,29,242,327.83,0.9874,0.6251,0.258175,73,9,75,326.77,0.8200,0.1911,0.021200,4.328
672656,520,320,840,248,67,230,332.50,0.9688,0.6546,0.296868,17,60,3,139.44,0.9897,0.2133,0.033573,4.150
672668,520,362,882,208,123,93,40.10,0.5918,0.6148,0.283679,9,50,37,167.61,0.8504,0.1826,0.024727,4.465
672676,520,462,982,233,16,32,26.76,0.9903,0.5258,0.178017,2,4,37,268.59,0.9409,0.0513,0.002333,4.357
672677,520,372,892,255,6,176,348.04,1.0000,0.6086,0.245284,74,2,48,348.40,0.9059,0.1697,0.017129,4.399
672691,520,405,925,212,20,244,320.65,0.9879,0.5761,0.210309,12,30,46,247.30,0.5340,0.1255,0.012039,4.196
672694,520,369,889,240,43,215,334.41,0.9624,0.6146,0.251621,65,7,73,322.37,0.8389,0.1730,0.017570,4.464
672695,520,436,956,177,81,222,313.22,0.8127,0.5544,0.205068,4,17,53,263.97,0.8717,0.0935,0.006837,4.488
672708,520,295,815,203,135,219,319.81,0.6687,0.6766,0.351400,12,68,36,153.21,0.9431,0.2442,0.043396,4.298
672714,520,307,827,220,106,255,317.56,1.0000,0.6716,0.327453,5,57,82,236.24,0.8810,0.2268,0.035675,4.406
672723,520,365,885,251,41,179,346.97,0.9703,0.6142,0.253531,23,47,11,136.77,0.8861,0.1731,0.022393,4.193
672730,520,368,888,243,77,141,0.97,0.8760,0.6140,0.262886,7,48,20,149.74,0.9500,0.1704,0.022095,4.340
672735,520,455,975,209,14,191,333.20,0.9750,0.5314,0.176330,4,14,19,228.03,0.4752,0.0630,0.003869,4.202
672781,520,448,968,220,3,170,342.08,0.9942,0.5372,0.181855,39,3,5,21.91,0.8728,0.0815,0.005075,4.210
672798,520,434,954,209,11,218,326.05,0.9887,0.5491,0.188585,33,18,17,23.73,0.3168,0.1014,0.007965,4.116
672804,520,407,927,200,86,188,331.79,0.7316,0.5740,0.225674,25,33,24,141.97,0.2513,0.1333,0.013603,4.334
672811,520,241,761,253,116,243,330.35,0.9910,0.7257,0.398471,28,69,99,243.31,0.6291,0.2815,0.054037,4.311
672819,520,376,896,233,84,127,6.16,0.8006,0.6000,0.251993,17,34,76,264.82,0.7180,0.1616,0.017849,4.451
672825,520,372,892,223,97,144,359.20,0.7080,0.6070,0.262533,28,38,67,268.23,0.4722,0.1722,0.020383,4.440
672829,520,416,936,184,73,238,312.29,0.8974,0.5660,0.211295,49,15,22,9.96,0.5902,0.1233,0.010526,4.317
672843,520,461,981,207,5,196,331.29,0.9914,0.5289,0.173615,2,5,36,267.90,0.9221,0.0526,0.002488,4.260
672867,520,370,890,254,5,189,344.18,0.9973,0.6128,0.248570,44,30,66,299.96,0.5173,0.1684,0.018574,4.354
672868,520,444,964,208,13,210,327.81,0.9837,0.5421,0.183528,28,6,34,318.59,0.6961,0.0802,0.004926,4.252
672876,520,406,926,254,36,68,21.56,0.9946,0.5828,0.227537,7,34,29,178.86,0.7053,0.1264,0.012779,4.421
672891,520,415,935,249,26,101,10.92,0.9753,0.5745,0.218217,7,29,49,248.71,0.6777,0.1221,0.011456,4.364
672928,520,459,979,209,64,120,1.03,0.7731,0.5300,0.185803,6,11,31,269.21,0.6116,0.0645,0.003770,4.385
672935,520,366,886,248,1,203,339.14,0.9995,0.6084,0.242932,48,35,28,49.63,0.2455,0.1663,0.019143,4.237
672940,520,470,990,218,22,132,354.59,0.9428,0.5202,0.171477,3,4,16,274.59,0.5800,0.0370,0.001436,4.306
672985,520,399,919,241,59,112,9.12,0.8951,0.5828,0.230017,26,15,86,279.88,0.8908,0.1403,0.012331,4.492
672986,520,478,998,199,55,129,353.50,0.7812,0.5052,0.164614,0,2,0,142.50,1.0000,0.0186,0.000434,4.255
672987,520,477,997,104,93,245,280.27,0.9245,0.5094,0.173638,4,0,12,302.69,1.0000,0.0238,0.000524,4.426
672988,520,340,860,238,69,223,331.89,0.9308,0.6356,0.277637,19,13,140,268.90,0.9877,0.2047,0.023196,4.476
673000,520,371,891,206,100,191,332.97,0.6990,0.6055,0.259994,55,34,5,70.93,0.7993,0.1695,0.019673,4.449
673031,520,195,715,236,177,148,47.31,0.6093,0.7764,0.514169,4,89,66,167.59,0.9812,0.3222,0.075636,4.491
673035,520,417,937,207,68,193,332.19,0.8203,0.5655,0.212517,28,13,70,287.60,0.8189,0.1218,0.009769,4.392
673040,520,445,965,192,54,211,322.53,0.8764,0.5384,0.185494,5,8,54,269.80,0.9331,0.0782,0.004722,4.303
673061,520,457,977,234,25,29,27.79,0.9834,0.5310,0.182796,0,10,28,253.03,0.9999,0.0555,0.003009,4.392
673068,520,419,939,225,66,98,13.47,0.8335,0.5555,0.207885,49,8,24,0.71,0.7175,0.1140,0.008927,4.376
673076,520,340,860,247,4,254,326.84,0.9991,0.6394,0.270196,51,45,39,67.27,0.1268,0.2001,0.027271,4.144
673077,520,466,986,206,68,81,19.01,0.7847,0.5180,0.178523,17,3,15,332.46,0.6214,0.0489,0.002188,4.379
673110,520,410,930,217,31,217,328.25,0.9633,0.5692,0.207436,49,20,27,6.10,0.4828,0.1338,0.012325,4.131
673121,520,431,951,197,85,156,344.09,0.6664,0.5516,0.207693,20,14,55,283.87,0.7320,0.1008,0.007386,4.490
673123,520,457,977,183,39,238,313.64,0.9505,0.5334,0.176925,18,8,13,348.07,0.3191,0.0602,0.003313,4.256
673133,520,464,984,207,28,163,341.34,0.9144,0.5163,0.167424,20,3,12,347.12,0.6312,0.0517,0.002404,4.149
673134,520,465,985,226,15,101,7.03,0.9748,0.5231,0.174528,20,2,10,351.13,0.7005,0.0486,0.002141,4.306
673162,520,446,966,228,13,147,351.38,0.9772,0.5437,0.188912,32,8,11,14.46,0.5772,0.0793,0.005050,4.340
673169,520,457,977,194,12,222,321.05,0.9860,0.5264,0.170077,5,1,46,274.19,0.9852,0.0564,0.002512,4.191
673175,520,464,984,68,104,255,268.13,1.0000,0.5160,0.183486,11,5,15,312.48,0.4342,0.0469,0.002142,4.478
673184,520,421,941,207,22,234,321.60,0.9814,0.5607,0.197815,5,19,62,264.94,0.8881,0.1070,0.008458,4.239
673191,520,374,894,222,25,252,321.34,0.9886,0.6005,0.232552,9,44,38,179.41,0.7578,0.1631,0.019993,4.037
673198,520,476,996,132,85,235,292.92,0.8531,0.5139,0.174007,1,2,8,267.88,0.6163,0.0246,0.000674,4.421
673211,520,469,989,191,64,166,336.58,0.7586,0.5187,0.174979,2,2,31,271.19,0.9519,0.0412,0.001552,4.364
673220,520,434,954,195,48,232,318.26,0.9313,0.5538,0.195436,43,8,11,19.04,0.7193,0.0986,0.007115,4.297
673223,520,360,880,244,68,168,350.28,0.9042,0.6168,0.261975,4,40,88,257.49,0.9188,0.1825,0.022478,4.304
673237,520,63,583,228,235,233,177.31,0.1400,0.9234,0.817936,22,121,79,159.18,0.9472,0.4339,0.144092,4.472
673247,520,462,982,189,64,197,325.34,0.8111,0.5341,0.185182,5,4,38,275.11,0.9005,0.0549,0.002590,4.472
673253,520,436,956,241,33,8,30.48,0.9935,0.5488,0.198094,32,14,3,54.45,0.6954,0.0882,0.006278,4.408
673263,520,399,919,238,21,183,342.56,0.9776,0.5829,0.221353,43,12,67,305.87,0.7840,0.1367,0.011818,4.390
673268,520,333,853,243,107,66,37.29,0.9005,0.6375,0.299664,17,50,69,237.21,0.6351,0.2011,0.028299,4.466
673275,520,433,953,243,3,78,16.30,0.9976,0.5505,0.196733,15,4,72,276.64,0.9688,0.0996,0.006562,4.362
673287,520,461,981,180,69,206,319.45,0.8057,0.5319,0.184169,3,10,15,233.15,0.4596,0.0511,0.002709,4.443
673301,520,363,883,227,92,165,349.67,0.7596,0.6145,0.267042,28,44,34,156.57,0.3324,0.1724,0.021637,4.426
673302,520,402,922,215,11,243,321.70,0.9942,0.5780,0.211594,9,17,81,268.54,0.9382,0.1259,0.010530,4.322
673310,520,405,925,224,12,223,328.58,0.9916,0.5792,0.214403,28,27,39,288.25,0.2352,0.1259,0.011772,4.280
673311,520,271,791,237,116,231,329.27,0.9059,0.6961,0.362670,34,65,73,216.32,0.4295,0.2578,0.046016,4.298
673315,520,341,861,215,117,149,0.18,0.5922,0.6292,0.293414,24,54,0,134.88,1.0000,0.1959,0.028324,4.385
673324,520,458,978,231,44,6,32.04,0.9936,0.5349,0.188065,20,6,6,20.86,0.4591,0.0563,0.002921,4.498
673349,520,390,910,209,75,213,326.63,0.8485,0.5887,0.233933,18,22,87,271.99,0.8894,0.1467,0.013905,4.443
673351,520,443,963,222,70,12,37.15,0.9797,0.5427,0.199391,7,22,0,134.33,1.0000,0.0814,0.006190,4.438
673359,520,432,952,173,87,211,314.17,0.7499,0.5499,0.204046,48,3,11,15.48,0.8759,0.1010,0.007178,4.443
673389,520,424,944,236,27,136,357.14,0.9553,0.5598,0.203974,28,24,13,90.34,0.3303,0.1083,0.009292,4.283
673403,520,474,994,217,50,96,10.46,0.8609,0.5236,0.178800,4,1,21,286.30,0.8849,0.0328,0.001017,4.485
673406,520,448,968,219,31,162,344.76,0.9236,0.5401,0.186511,32,4,36,322.67,0.7685,0.0842,0.005213,4.284
673422,520,364,884,230,29,246,324.57,0.9857,0.6109,0.243579,0,44,63,232.91,1.0000,0.1729,0.021601,4.100
673433,520,454,974,236,18,40,25.59,0.9886,0.5336,0.184219,21,14,8,62.53,0.3001,0.0746,0.004911,4.265
673438,520,362,882,229,53,226,328.88,0.9460,0.6090,0.246976,8,50,12,144.48,0.9679,0.1763,0.023593,4.035
673440,520,432,952,184,83,201,321.67,0.7472,0.5531,0.205951,24,21,15,84.51,0.1869,0.0965,0.007650,4.440
673442,520,309,829,241,125,55,48.42,0.8890,0.6634,0.336466,18,63,11,141.18,0.9674,0.2248,0.037076,4.438
673451,520,273,793,224,132,216,330.19,0.7559,0.6966,0.373093,7,73,9,143.05,0.9898,0.2562,0.048298,4.304
673456,520,429,949,174,74,235,309.58,0.8778,0.5508,0.198952,5,19,50,262.57,0.8031,0.0960,0.007283,4.346
673459,520,371,891,171,104,255,301.10,1.0000,0.6054,0.257789,49,34,39,357.06,0.2204,0.1690,0.019436,4.433
673464,520,37,557,247,244,172,105.99,0.8692,0.9451,0.874546,8,130,18,143.17,0.9963,0.4520,0.160599,4.390
673469,520,440,960,214,57,164,343.75,0.8284,0.5506,0.199049,12,8,60,275.99,0.9104,0.0894,0.005780,4.465
673470,520,369,889,245,28,203,338.63,0.9791,0.6094,0.245578,0,35,92,259.58,1.0000,0.1722,0.019746,4.238
673478,520,430,950,200,63,203,327.03,0.8435,0.5548,0.201478,41,7,30,342.94,0.6930,0.1004,0.007172,4.399
673481,520,331,851,198,107,245,312.63,0.8997,0.6370,0.291148,9,56,32,156.01,0.9257,0.2013,0.029906,4.269
673485,520,448,968,223,44,119,1.80,0.8824,0.5377,0.188239,21,12,23,320.15,0.3461,0.0756,0.004842,4.344
673504,520,391,911,170,110,220,307.55,0.7097,0.5903,0.248657,26,38,18,133.76,0.5101,0.1477,0.016495,4.491
673507,520,475,995,199,62,138,350.33,0.7570,0.5166,0.174242,10,0,4,349.81,1.0000,0.0276,0.000733,4.420
673521,520,452,972,163,69,232,306.88,0.8716,0.5270,0.178696,3,9,48,267.09,0.9209,0.0724,0.004281,4.213
673558,520,400,920,250,18,134,0.11,0.9835,0.5839,0.224814,38,27,48,307.62,0.3788,0.1424,0.014094,4.288
673571,520,419,939,227,56,128,0.32,0.8533,0.5584,0.207205,8,22,53,263.45,0.7342,0.1073,0.008824,4.372
673586,520,429,949,222,10,185,338.16,0.9855,0.5510,0.192519,24,23,15,101.68,0.2272,0.1017,0.008415,4.152
673605,520,341,861,252,55,195,342.87,0.9784,0.6328,0.273712,52,45,45,17.73,0.0855,0.2034,0.027963,4.152
673613,520,372,892,244,86,92,21.93,0.9059,0.6133,0.266645,2,40,78,252.68,0.9294,0.1730,0.020804,4.472
673616,520,441,961,228,39,103,8.19,0.9174,0.5391,0.189271,32,2,43,315.47,0.8689,0.0861,0.005249,4.331
673631,520,480,1000,170,72,195,318.92,0.7568,0.5131,0.171219,0,0,0,0.00,0.0000,0.0000,0.000000,4.424
673635,520,396,916,218,94,77,30.01,0.7609,0.5759,0.234490,43,29,15,65.30,0.4436,0.1409,0.014269,4.427
673637,520,243,763,204,158,227,314.12,0.6323,0.7272,0.428378,42,75,40,142.83,0.6485,0.2827,0.056774,4.480
673638,520,343,863,206,109,202,328.76,0.6964,0.6256,0.283248,30,42,80,268.61,0.5500,0.1939,0.025111,4.437
673666,520,427,947,247,10,53,23.13,0.9948,0.5564,0.202519,2,16,65,264.06,0.9377,0.1022,0.007651,4.380
673701,520,388,908,250,64,62,26.41,0.9726,0.5947,0.243421,23,40,11,134.19,0.7735,0.1503,0.017239,4.364
673709,520,370,890,230,40,231,327.97,0.9685,0.6057,0.241125,23,43,44,199.82,0.3575,0.1696,0.020917,4.105
673717,520,447,967,235,8,106,6.54,0.9896,0.5416,0.188796,32,10,1,49.05,0.8439,0.0803,0.005264,4.321
673729,520,346,866,243,82,176,348.32,0.8867,0.6334,0.282268,20,49,49,195.41,0.5135,0.1888,0.025670,4.391
673734,520,258,778,255,107,232,334.08,1.0000,0.7107,0.376044,11,72,80,208.44,0.8537,0.2739,0.052848,4.142
673744,520,403,923,224,30,217,330.02,0.9695,0.5810,0.217879,50,19,27,5.49,0.5140,0.1337,0.012231,4.305
673751,520,411,931,211,74,174,340.10,0.7770,0.5687,0.218044,6,33,25,170.40,0.7618,0.1213,0.011966,4.326
673755,520,198,718,232,158,244,321.79,0.8918,0.7677,0.481426,27,89,5,139.72,0.9923,0.3171,0.073885,4.290
673768,520,423,943,219,22,205,331.91,0.9724,0.5611,0.200439,39,9,41,325.18,0.6895,0.1062,0.007869,4.328
673784,520,436,956,234,55,20,32.50,0.9770,0.5507,0.202784,2,19,51,259.55,0.9007,0.0950,0.007176,4.421
673786,520,465,985,223,24,86,12.31,0.9579,0.5161,0.170159,8,4,23,291.45,0.6607,0.0460,0.002003,4.234
673798,520,476,996,174,29,238,311.26,0.9659,0.5137,0.160514,7,0,6,332.05,1.0000,0.0247,0.000583,4.162
673810,520,399,919,235,34,173,345.09,0.9472,0.5775,0.218262,15,9,100,270.93,0.9786,0.1425,0.012169,4.315
673815,520,456,976,199,77,115,3.96,0.6859,0.5269,0.186895,28,1,22,337.42,0.8290,0.0639,0.003266,4.447
673817,520,478,998,223,39,4,31.74,0.9951,0.5145,0.171506,1,0,18,273.67,1.0000,0.0236,0.000501,4.386
673824,520,362,882,248,78,96,18.88,0.9371,0.6117,0.262531,70,24,15,32.88,0.7213,0.1764,0.019901,4.471
673832,520,438,958,160,76,250,301.48,0.9563,0.5469,0.195450,16,1,64,281.05,0.9864,0.0861,0.005020,4.461
673837,520,475,995,220,27,121,359.24,0.9312,0.5221,0.173826,5,2,3,354.33,0.3103,0.0275,0.000823,4.404
673842,520,183,703,245,163,236,330.64,0.9279,0.7892,0.516648,72,85,0,119.37,1.0000,0.3340,0.078747,4.401
673844,520,356,876,253,45,188,344.85,0.9852,0.6246,0.263936,51,35,52,324.56,0.3104,0.1801,0.021539,4.388
673864,520,421,941,191,58,241,314.61,0.9296,0.5629,0.204546,30,15,53,298.31,0.6658,0.1116,0.008747,4.333
673865,520,390,910,249,58,45,29.06,0.9739,0.5853,0.233589,12,27,87,267.00,0.8928,0.1534,0.015501,4.330
673872,520,466,986,161,52,251,303.50,0.9761,0.5227,0.169986,18,0,29,311.64,1.0000,0.0516,0.002173,4.216
673878,520,334,854,253,58,204,340.59,0.9866,0.6415,0.282716,9,53,45,177.83,0.8379,0.1955,0.027936,4.269
673900,520,433,953,193,11,249,314.64,0.9933,0.5468,0.184177,42,0,45,325.37,1.0000,0.1013,0.006818,4.122
673905,520,386,906,254,46,96,14.60,0.9923,0.5941,0.238730,37,35,29,91.72,0.1248,0.1528,0.016841,4.320
673915,520,461,981,220,27,139,352.73,0.9304,0.5293,0.178661,5,5,33,275.67,0.8229,0.0528,0.002506,4.355
673917,520,344,864,249,12,234,331.73,0.9963,0.6308,0.263462,64,35,12,56.29,0.6742,0.1872,0.023187,4.283
673923,520,471,991,211,2,167,340.80,0.9949,0.5179,0.166846,4,5,13,275.14,0.3942,0.0393,0.001634,4.200
673951,520,414,934,196,91,175,335.65,0.6700,0.5683,0.223146,33,22,43,307.40,0.4153,0.1220,0.010716,4.499
673965,520,219,739,240,156,197,349.26,0.7327,0.7537,0.463353,0,83,70,177.42,1.0000,0.3030,0.066284,4.415
673968,520,443,963,226,23,148,350.84,0.9527,0.5434,0.189224,7,22,10,149.31,0.6438,0.0837,0.006409,4.241
673969,520,476,996,198,73,58,29.74,0.7975,0.5054,0.170783,1,2,1,144.61,0.3698,0.0208,0.000521,4.370
673972,520,408,928,248,41,20,30.30,0.9845,0.5686,0.215964,55,8,35,349.84,0.7448,0.1303,0.011074,4.355
673973,520,453,973,220,47,94,11.25,0.8809,0.5264,0.180594,10,11,32,278.35,0.5622,0.0682,0.004081,4.264
674030,520,446,966,197,76,150,345.90,0.7009,0.5360,0.192429,11,10,43,278.47,0.7426,0.0755,0.004626,4.438
674031,520,320,840,242,63,237,329.29,0.9566,0.6455,0.285493,4,51,84,245.73,0.8842,0.2099,0.030334,4.176
674035,520,399,919,246,2,162,350.28,0.9982,0.5838,0.222482,55,19,19,22.33,0.6005,0.1402,0.013251,4.308
674040,520,461,981,214,7,176,338.83,0.9857,0.5299,0.175850,5,6,20,276.77,0.5291,0.0462,0.002130,4.332
674041,520,476,996,189,74,128,353.97,0.6692,0.5101,0.172765,0,1,12,262.93,1.0003,0.0216,0.000482,4.413
674084,520,431,951,231,54,53,26.53,0.9306,0.5466,0.198873,31,17,23,352.35,0.3066,0.0986,0.007541,4.325
674088,520,402,922,241,54,118,6.33,0.9030,0.5803,0.226503,16,36,17,145.08,0.6625,0.1339,0.014123,4.312
674094,520,360,880,223,86,200,334.86,0.8221,0.6167,0.265158,37,40,53,274.59,0.2096,0.1770,0.021679,4.397
674096,520,199,719,188,190,189,165.06,0.0182,0.7669,0.511924,1,90,61,162.92,0.9962,0.3234,0.076553,4.440
674120,520,248,768,183,160,244,295.99,0.7666,0.7179,0.417406,32,78,7,137.62,0.9816,0.2821,0.057710,4.339
674164,520,463,983,229,23,74,16.91,0.9709,0.5256,0.177682,4,5,28,274.28,0.7707,0.0480,0.002182,4.363
674174,520,470,990,203,34,178,335.53,0.9009,0.5207,0.170569,12,2,21,308.62,0.7517,0.0439,0.001757,4.262
674177,520,466,986,193,77,121,359.39,0.6645,0.5186,0.180274,5,10,17,252.73,0.3495,0.0537,0.002898,4.353
674190,520,467,987,151,88,208,305.75,0.7216,0.5201,0.181132,12,2,16,317.86,0.6903,0.0411,0.001590,4.480
674214,520,430,950,234,55,40,29.56,0.9442,0.5521,0.203811,43,9,19,5.60,0.6575,0.1023,0.007561,4.409
674217,520,475,995,159,74,228,305.88,0.8448,0.5248,0.178705,3,2,21,279.38,0.8304,0.0346,0.001169,4.470
674218,520,334,854,242,62,229,331.30,0.9511,0.6398,0.279823,24,32,117,270.51,0.9074,0.2034,0.025114,4.391
674225,520,351,871,255,25,201,341.31,1.0000,0.6257,0.261757,37,13,120,279.93,0.9546,0.1901,0.020371,4.430
674227,520,364,884,253,65,95,17.23,0.9825,0.6073,0.254930,32,26,90,280.36,0.7809,0.1684,0.017840,4.495
674229,520,417,937,207,44,237,320.55,0.9527,0.5740,0.211829,34,1,77,293.67,0.9829,0.1214,0.008976,4.440
674234,520,410,930,216,73,157,348.03,0.7742,0.5679,0.218005,28,25,48,288.42,0.4175,0.1263,0.011555,4.354
674237,520,444,964,238,22,58,22.03,0.9825,0.5414,0.190597,36,2,22,347.98,0.8029,0.0796,0.004765,4.393
674263,520,263,783,236,122,248,323.69,0.9579,0.7131,0.385312,49,65,63,186.87,0.1853,0.2642,0.047924,4.445
674266,520,425,945,228,1,186,339.26,0.9987,0.5610,0.200635,4,26,44,245.76,0.7418,0.1088,0.009464,4.215
674275,520,446,966,157,79,246,300.90,0.9241,0.5438,0.194142,32,7,29,332.46,0.6425,0.0849,0.005478,4.401
674277,520,357,877,229,56,242,324.92,0.9571,0.6219,0.258994,81,7,16,21.69,0.9235,0.1789,0.019390,4.453
674324,520,366,886,232,63,208,334.50,0.9117,0.6113,0.252674,63,25,43,352.43,0.5325,0.1736,0.019266,4.370
674346,520,402,922,228,45,184,340.32,0.9169,0.5767,0.218340,19,22,73,274.14,0.7952,0.1325,0.011933,4.333
674347,520,335,855,250,47,223,334.67,0.9767,0.6393,0.276878,83,11,50,353.25,0.7962,0.1975,0.023089,4.472
674349,520,447,967,238,34,8,30.62,0.9931,0.5430,0.193420,35,6,13,8.22,0.6696,0.0814,0.005167,4.412
674365,520,418,938,223,79,28,37.77,0.9409,0.5570,0.213664,30,28,0,105.95,1.0000,0.1189,0.011065,4.318
674404,520,449,969,240,13,26,27.59,0.9937,0.5396,0.188911,20,6,35,303.11,0.7060,0.0705,0.004003,4.424
674405,520,321,841,249,66,224,334.31,0.9704,0.6519,0.294209,36,37,107,276.38,0.7628,0.2109,0.027596,4.436
674424,520,468,988,222,42,68,20.00,0.9267,0.5207,0.176056,16,4,0,55.10,1.0000,0.0446,0.001970,4.350
674434,520,436,956,235,30,96,10.94,0.9550,0.5463,0.194384,29,1,54,302.47,0.9586,0.0899,0.005493,4.404
674464,520,396,916,246,13,144,356.04,0.9873,0.5783,0.218977,19,14,94,273.47,0.9481,0.1430,0.012606,4.296
674467,520,364,884,243,91,46,36.54,0.9283,0.6116,0.267373,22,45,10,136.54,0.8864,0.1657,0.020692,4.490
674487,520,471,991,188,63,176,331.92,0.7729,0.5183,0.173824,16,1,9,344.92,0.7560,0.0403,0.001516,4.345
674489,520,407,927,231,81,30,37.35,0.9466,0.5747,0.229704,16,33,40,226.33,0.4000,0.1331,0.013510,4.404
674516,520,423,943,240,17,129,359.91,0.9785,0.5616,0.205144,13,29,18,153.07,0.5065,0.1104,0.010079,4.247
674523,520,468,988,123,93,236,287.97,0.8463,0.5190,0.180956,2,5,21,266.60,0.7257,0.0414,0.001756,4.462
674524,520,455,975,194,12,221,321.29,0.9857,0.5257,0.169543,25,2,8,3.73,0.7550,0.0556,0.002677,4.168
674546,520,443,963,228,11,129,357.44,0.9804,0.5357,0.183212,11,14,32,274.61,0.4826,0.0752,0.004895,4.248
674560,520,461,981,173,72,211,315.39,0.8030,0.5288,0.182230,28,0,3,17.07,1.0000,0.0546,0.002535,4.420
674562,520,453,973,219,13,150,348.35,0.9708,0.5272,0.175524,22,10,5,47.14,0.4467,0.0667,0.003986,4.177
674580,520,469,989,192,69,149,344.13,0.7185,0.5178,0.176343,11,4,11,326.88,0.4226,0.0429,0.001821,4.368
674592,520,430,950,230,32,125,0.05,0.9336,0.5461,0.193396,36,7,45,317.13,0.7485,0.1014,0.007165,4.258
674596,520,479,999,206,68,11,38.16,0.9729,0.5093,0.172824,3,0,0,29.23,1.0000,0.0143,0.000194,4.439
674612,520,396,916,217,66,190,336.01,0.8431,0.5784,0.223680,26,7,91,280.02,0.9565,0.1367,0.011269,4.467
674639,520,419,939,225,81,46,34.75,0.8952,0.5649,0.220923,0,31,29,188.74,1.0000,0.1134,0.010686,4.464
674647,520,397,917,255,21,79,17.80,1.0000,0.5803,0.223647,26,8,90,280.14,0.9488,0.1365,0.011314,4.463
674661,520,396,916,184,98,212,317.24,0.7283,0.5828,0.236802,7,35,45,225.37,0.6961,0.1371,0.014366,4.456
674681,520,244,764,253,117,243,330.36,0.9909,0.7271,0.400789,21,73,74,196.93,0.7184,0.2771,0.054187,4.327
674686,520,363,883,239,9,237,328.80,0.9966,0.6146,0.246632,54,31,43,347.52,0.3489,0.1709,0.019387,4.275
674691,520,409,929,220,73,137,357.36,0.7755,0.5667,0.217893,36,15,65,298.35,0.7440,0.1294,0.010984,4.393
674692,520,379,899,242,46,171,347.66,0.9320,0.5967,0.237746,42,35,44,318.66,0.1732,0.1647,0.018762,4.185
674693,520,409,929,244,47,38,28.71,0.9630,0.5656,0.214095,4,9,94,266.22,0.9849,0.1287,0.010292,4.380
674710,520,379,899,226,25,236,325.91,0.9846,0.5955,0.229224,58,15,66,320.96,0.7388,0.1634,0.016346,4.209
674712,520,454,974,196,31,211,324.16,0.9433,0.5287,0.174205,5,2,58,270.85,0.9861,0.0721,0.003811,4.166
674718,520,350,870,209,107,211,326.62,0.7447,0.6315,0.287754,16,51,27,151.18,0.8292,0.1857,0.025569,4.470
674725,520,477,997,202,68,75,21.30,0.7827,0.5092,0.172009,2,1,11,285.24,0.7741,0.0240,0.000588,4.389
674727,520,275,795,225,119,255,318.36,1.0000,0.6976,0.364228,23,58,108,257.80,0.7333,0.2547,0.042908,4.458
674738,520,426,946,230,25,173,343.76,0.9604,0.5640,0.205381,29,26,14,95.79,0.3382,0.1149,0.010317,4.234
674762,520,230,750,202,160,251,304.70,0.8889,0.7411,0.446637,0,78,81,199.25,1.0000,0.2913,0.060426,4.497
674765,520,397,917,233,36,192,339.00,0.9513,0.5848,0.223939,57,0,54,330.84,1.0000,0.1362,0.011363,4.464
674772,520,365,885,236,69,173,346.78,0.8644,0.6058,0.251090,53,9,93,301.11,0.8945,0.1737,0.017426,4.465
674781,520,426,946,244,11,90,13.08,0.9907,0.5568,0.202141,4,6,84,266.80,0.9867,0.1112,0.007961,4.350
674783,520,478,998,215,8,133,353.20,0.9785,0.5103,0.163167,6,0,9,318.71,1.0000,0.0249,0.000584,4.214
674795,520,480,1000,192,73,113,2.50,0.6810,0.5083,0.171655,0,0,0,0.00,0.0000,0.0000,0.000000,4.433
674800,520,473,993,202,48,158,342.27,0.8268,0.5177,0.171410,6,1,19,296.63,0.8395,0.0338,0.001074,4.335
674807,520,418,938,217,7,218,328.10,0.9937,0.5624,0.199678,22,23,48,279.85,0.4791,0.1157,0.009967,4.164
674825,520,304,824,243,99,211,337.23,0.9142,0.6709,0.326841,48,50,77,280.15,0.3350,0.2284,0.034454,4.462
674828,520,456,976,215,56,106,6.97,0.8258,0.5282,0.183184,28,3,0,37.44,1.0000,0.0602,0.003120,4.390
674875,520,444,964,199,70,170,337.80,0.7572,0.5416,0.194264,18,9,44,289.72,0.7241,0.0807,0.005058,4.436
674886,520,200,720,226,181,130,69.65,0.5576,0.7693,0.508296,25,88,59,159.41,0.8594,0.3216,0.075016,4.466
674891,520,478,998,204,68,46,31.79,0.8656,0.5082,0.171710,3,1,5,310.43,0.5673,0.0222,0.000520,4.389
674895,520,406,926,250,26,95,12.91,0.9771,0.5751,0.218926,22,5,90,277.50,0.9736,0.1296,0.010172,4.469
674904,520,416,936,245,39,99,11.96,0.9505,0.5723,0.217678,4,21,68,263.85,0.9173,0.1168,0.009794,4.477
674909,520,412,932,240,59,8,33.91,0.9923,0.5660,0.216740,25,30,18,126.57,0.3121,0.1229,0.011789,4.317
674924,520,470,990,203,59,147,347.38,0.7829,0.5246,0.179330,1,9,8,187.57,0.7319,0.0444,0.002193,4.394
674964,520,365,885,243,26,212,335.80,0.9828,0.6102,0.245499,52,9,92,300.78,0.8931,0.1712,0.016982,4.412
674969,520,145,665,250,197,108,78.87,0.8630,0.8289,0.613411,9,103,7,142.47,0.9942,0.3605,0.097735,4.491
674983,520,421,941,217,11,216,328.59,0.9898,0.5618,0.199511,4,30,9,147.84,0.9413,0.1064,0.009740,4.177
675005,520,476,996,203,62,115,1.69,0.7645,0.5149,0.173816,2,0,13,287.44,1.0000,0.0215,0.000420,4.439
675008,520,368,888,247,71,124,7.26,0.9181,0.6093,0.257391,42,39,9,103.61,0.7027,0.1655,0.019630,4.415
675013,520,433,953,159,84,244,301.44,0.9031,0.5516,0.202436,8,22,45,259.67,0.6376,0.1011,0.008149,4.341
675019,520,414,934,231,39,168,345.89,0.9258,0.5702,0.212699,23,29,10,123.67,0.5431,0.1163,0.010828,4.319
675027,520,467,987,221,45,81,15.92,0.9031,0.5237,0.178457,16,0,19,322.91,1.0000,0.0424,0.001572,4.430
675034,520,453,973,237,14,40,25.43,0.9917,0.5345,0.184751,8,16,2,130.45,0.8098,0.0658,0.004266,4.326
675041,520,224,744,250,156,139,30.93,0.8816,0.7492,0.459675,79,72,14,102.18,0.8346,0.3046,0.063288,4.499
675043,520,73,593,219,230,241,248.04,0.3545,0.9067,0.780042,2,120,52,149.64,0.9980,0.4218,0.136932,4.440
675046,520,465,985,188,29,223,318.88,0.9564,0.5234,0.168992,12,5,24,299.38,0.6136,0.0526,0.002527,4.169
675051,520,441,961,214,68,120,2.73,0.7737,0.5438,0.197887,28,10,40,309.46,0.6482,0.0909,0.006172,4.413
675054,520,323,843,245,68,227,332.56,0.9546,0.6487,0.290956,65,43,42,22.02,0.2672,0.2146,0.030189,4.252
675068,520,467,987,185,8,236,315.29,0.9927,0.5221,0.165453,7,3,21,292.67,0.6938,0.0414,0.001644,4.172
675076,520,328,848,238,86,209,336.14,0.8953,0.6457,0.294387,27,56,25,142.55,0.7539,0.2078,0.031315,4.235
675110,520,411,931,234,7,171,345.06,0.9913,0.5656,0.205875,17,33,13,139.54,0.6517,0.1242,0.012359,4.103
675114,520,206,726,254,150,225,338.18,0.9899,0.7723,0.483221,8,88,37,149.23,0.9852,0.3121,0.071643,4.383
675115,520,409,929,234,72,18,36.19,0.9763,0.5684,0.221738,42,16,54,313.67,0.6541,0.1303,0.011292,4.433
675120,520,478,998,165,62,222,310.45,0.8592,0.5134,0.167193,1,0,14,276.73,1.0000,0.0206,0.000382,4.311
675159,520,443,963,213,56,153,347.48,0.8201,0.5426,0.192766,41,2,5,21.06,0.9162,0.0837,0.005259,4.393
675183,520,469,989,226,31,46,24.98,0.9679,0.5186,0.173489,6,7,9,262.00,0.1091,0.0447,0.002104,4.289
675190,520,364,884,231,59,211,333.37,0.9215,0.6079,0.248225,75,2,51,346.39,0.9065,0.1734,0.017785,4.400
675192,520,411,931,238,11,171,345.98,0.9881,0.5742,0.213598,53,1,40,340.80,0.9077,0.1203,0.009319,4.444
675193,520,433,953,201,94,81,28.82,0.6686,0.5478,0.210189,13,18,56,272.48,0.7452,0.1038,0.008037,4.483
675202,520,453,973,208,77,13,40.68,0.9648,0.5255,0.187489,17,10,20,315.47,0.3326,0.0659,0.003868,4.409
675214,520,299,819,253,76,232,333.22,0.9905,0.6722,0.318807,17,65,14,142.27,0.9628,0.2317,0.039313,4.129
675226,520,453,973,178,54,223,315.03,0.8901,0.5253,0.174321,19,9,35,298.47,0.6199,0.0748,0.004552,4.112
675228,520,384,904,191,98,213,319.65,0.7429,0.5931,0.246170,12,41,2,138.37,0.9839,0.1456,0.016684,4.441
675229,520,472,992,229,1,71,16.84,0.9989,0.5188,0.171377,3,0,27,278.83,1.0000,0.0335,0.000985,4.342
675235,520,422,942,233,42,141,355.57,0.9117,0.5639,0.209056,18,10,68,279.03,0.8933,0.1058,0.007630,4.495
675238,520,456,976,208,14,189,333.51,0.9736,0.5283,0.174002,18,0,37,302.47,1.0000,0.0580,0.002622,4.257
675271,520,445,965,226,61,51,28.30,0.9120,0.5432,0.197480,25,14,3,69.10,0.6391,0.0783,0.005273,4.477
675276,520,408,928,242,6,157,351.04,0.9935,0.5744,0.214450,57,11,9,26.95,0.8208,0.1298,0.011291,4.315
675292,520,466,986,179,10,246,311.37,0.9926,0.5218,0.164556,5,0,43,275.74,1.0000,0.0511,0.002067,4.121
675319,520,418,938,168,88,232,306.80,0.8310,0.5596,0.211311,9,20,69,267.83,0.8797,0.1183,0.009880,4.364
675336,520,470,990,215,1,166,342.09,0.9976,0.5249,0.172243,5,6,5,145.32,0.0893,0.0398,0.001735,4.296
675347,520,372,892,232,6,254,323.43,0.9982,0.6141,0.244442,42,27,76,293.92,0.6430,0.1676,0.017979,4.331
675352,520,473,993,140,83,235,296.26,0.8547,0.5198,0.177602,2,3,14,272.66,0.6396,0.0320,0.001097,4.454
675360,520,476,996,213,53,32,30.99,0.9384,0.5072,0.167991,3,1,2,344.98,0.3863,0.0205,0.000455,4.321
675380,520,380,900,247,24,173,347.50,0.9774,0.5961,0.234478,41,0,105,288.12,1.0000,0.1634,0.014913,4.382
675382,520,453,973,205,80,69,27.95,0.7670,0.5302,0.191482,19,10,15,344.98,0.2737,0.0660,0.003900,4.480
675389,520,362,882,227,74,198,336.37,0.8607,0.6081,0.253080,54,6,97,300.45,0.9311,0.1768,0.017776,4.472
675391,520,346,866,240,50,240,328.16,0.9698,0.6346,0.271004,86,9,1,31.64,0.9882,0.1900,0.021764,4.473
675402,520,296,816,216,120,246,317.63,0.9185,0.6819,0.346871,71,53,8,85.23,0.8420,0.2419,0.039035,4.457
675405,520,400,920,251,48,71,21.83,0.9774,0.5846,0.230817,1,33,63,250.41,0.9406,0.1408,0.014530,4.352
675408,520,440,960,153,85,249,298.25,0.9390,0.5499,0.201091,12,13,51,275.63,0.7760,0.0887,0.006050,4.480
675415,520,472,992,200,21,190,331.09,0.9520,0.5166,0.165352,4,3,9,292.78,0.4078,0.0321,0.001107,4.214
675430,520,390,910,250,9,146,356.10,0.9924,0.5863,0.225982,13,31,79,265.00,0.8181,0.1549,0.016300,4.163
675443,520,364,884,238,28,225,331.39,0.9827,0.6100,0.244466,60,11,72,318.73,0.7991,0.1671,0.016680,4.416
675448,520,455,975,214,49,143,351.04,0.8413,0.5337,0.184783,23,8,7,25.36,0.4432,0.0647,0.003712,4.371
675449,520,299,819,224,128,170,353.12,0.6319,0.6697,0.341898,19,64,6,139.88,0.9818,0.2282,0.038183,4.444
675452,520,399,919,233,47,174,344.70,0.9134,0.5821,0.224154,45,9,72,305.37,0.8357,0.1408,0.012212,4.407
675476,520,468,988,199,34,193,329.91,0.9148,0.5230,0.171382,15,0,18,322.73,1.0000,0.0406,0.001452,4.303
675479,520,254,774,229,150,162,9.69,0.5832,0.7156,0.410812,6,74,69,186.91,0.9367,0.2741,0.053657,4.446
675482,520,343,863,251,89,86,25.01,0.9641,0.6287,0.283293,65,34,38,12.13,0.3994,0.1928,0.024080,4.499
675497,520,400,920,242,8,171,346.81,0.9923,0.5813,0.219943,34,21,71,290.29,0.7042,0.1426,0.013313,4.264
675499,520,431,951,219,29,180,339.05,0.9413,0.5488,0.192365,40,6,29,343.03,0.7096,0.0966,0.006701,4.274
675507,520,453,973,217,63,40,31.49,0.9155,0.5265,0.184625,2,11,42,263.72,0.8982,0.0699,0.004194,4.329
675508,520,480,1000,160,49,239,305.79,0.9258,0.5077,0.159028,0,0,0,0.00,0.0000,0.0000,0.000000,4.181
675522,520,315,835,255,96,153,1.38,1.0000,0.6622,0.319289,50,45,86,287.31,0.4755,0.2239,0.032267,4.489
675533,520,367,887,246,68,134,2.96,0.9107,0.6075,0.254515,75,15,22,18.92,0.7935,0.1749,0.018957,4.416
675535,520,350,870,245,75,182,346.20,0.9139,0.6319,0.278250,17,37,97,265.75,0.8461,0.1886,0.023052,4.493
675546,520,363,883,225,69,224,328.22,0.9121,0.6149,0.256478,66,14,64,329.57,0.7490,0.1749,0.018427,4.479
675549,520,366,886,237,39,214,333.94,0.9646,0.6065,0.243133,37,32,73,286.02,0.5593,0.1702,0.019074,4.244
675554,520,461,981,225,11,132,355.78,0.9785,0.5308,0.179156,8,9,8,145.41,0.0570,0.0508,0.002645,4.353
675556,520,407,927,245,50,59,24.85,0.9540,0.5722,0.220129,54,16,14,25.92,0.6771,0.1321,0.011867,4.366
675559,520,441,961,201,17,217,324.15,0.9787,0.5360,0.178299,34,8,31,332.27,0.6369,0.0907,0.006127,4.068
675563,520,441,961,191,24,239,316.09,0.9774,0.5391,0.179630,31,7,34,323.15,0.6730,0.0863,0.005588,4.131
675564,520,378,898,247,29,187,343.51,0.9744,0.6049,0.242440,12,35,79,261.75,0.7967,0.1643,0.018446,4.273
675568,520,380,900,255,22,150,356.06,1.0000,0.6010,0.240395,25,41,26,145.99,0.4316,0.1583,0.018671,4.229
675570,520,477,997,225,18,54,21.97,0.9824,0.5117,0.167094,0,2,8,253.83,0.9999,0.0231,0.000609,4.290
675600,520,366,886,231,64,203,335.71,0.9009,0.6076,0.249700,15,42,65,247.03,0.6265,0.1739,0.021390,4.198
675601,520,293,813,255,102,169,355.94,1.0000,0.6758,0.336305,64,57,16,99.53,0.7214,0.2444,0.040537,4.267
675603,520,457,977,238,5,33,26.29,0.9973,0.5340,0.183988,10,13,6,125.74,0.3208,0.0610,0.003655,4.361
675612,520,385,905,189,74,253,310.47,0.9840,0.5858,0.228092,29,13,95,280.33,0.9233,0.1511,0.013752,4.362
675619,520,460,980,228,47,6,32.56,0.9930,0.5310,0.185431,4,16,5,146.35,0.7519,0.0635,0.004073,4.354
675633,520,407,927,243,22,120,3.62,0.9735,0.5662,0.209879,14,28,55,262.24,0.5986,0.1274,0.011997,4.192
675635,520,337,857,227,121,70,44.99,0.7797,0.6359,0.304502,6,58,2,141.73,0.9945,0.2025,0.030691,4.393
675646,520,366,886,228,21,249,323.49,0.9912,0.6069,0.238721,23,11,112,273.43,0.9739,0.1660,0.015913,4.380
675659,520,272,792,253,109,203,343.22,0.9774,0.6962,0.361346,65,45,116,292.55,0.6525,0.2644,0.042615,4.441
675677,520,374,894,247,50,152,355.12,0.9336,0.6006,0.243256,46,19,80,299.32,0.7610,0.1625,0.016258,4.426
675678,520,419,939,210,51,206,329.20,0.8988,0.5624,0.205275,41,12,34,337.81,0.6000,0.1097,0.008499,4.364
675706,520,293,813,249,126,34,50.89,0.9578,0.6763,0.351800,12,61,82,231.70,0.7910,0.2409,0.040246,4.452
675731,520,415,935,244,1,138,357.37,0.9989,0.5696,0.210931,24,6,76,283.21,0.9351,0.1151,0.008462,4.463
675756,520,334,854,254,69,167,352.82,0.9883,0.6353,0.281205,73,32,39,10.81,0.5027,0.2026,0.025962,4.360
675783,520,300,820,244,81,251,326.17,0.9849,0.6741,0.320855,8,60,64,202.88,0.8517,0.2266,0.036533,4.286
675792,520,382,902,240,49,184,343.27,0.9302,0.6013,0.241855,48,36,8,85.32,0.7149,0.1648,0.019077,4.225
675799,520,470,990,231,3,7,28.87,0.9985,0.5169,0.170725,16,2,9,346.60,0.6524,0.0429,0.001733,4.267
675809,520,432,952,204,64,174,337.65,0.7950,0.5453,0.195620,27,23,11,91.71,0.3755,0.1041,0.008700,4.184
675826,520,407,927,229,65,129,1.41,0.8319,0.5713,0.220263,17,33,18,145.72,0.5289,0.1253,0.012505,4.324
675836,520,415,935,254,24,17,29.14,0.9966,0.5725,0.217684,36,24,23,24.16,0.2217,0.1212,0.010902,4.395
675837,520,441,961,187,79,179,330.53,0.7121,0.5388,0.194128,23,3,58,291.47,0.9234,0.0896,0.005528,4.397
675849,520,432,952,227,31,153,349.63,0.9335,0.5511,0.196135,36,3,49,314.36,0.8560,0.0987,0.006620,4.347
675892,520,418,938,242,41,66,21.84,0.9578,0.5607,0.208598,0,35,5,145.92,1.0000,0.1201,0.012130,4.162
675910,520,407,927,247,33,83,16.69,0.9681,0.5695,0.214899,47,11,54,320.69,0.7335,0.1310,0.011101,4.335
675916,520,433,953,247,3,28,27.12,0.9987,0.5526,0.199267,21,20,36,286.03,0.3523,0.1000,0.007871,4.307
675929,520,399,919,232,80,31,36.82,0.9463,0.5753,0.229949,42,26,40,331.01,0.3313,0.1410,0.013843,4.385
675983,520,480,1000,191,64,158,339.70,0.7481,0.5145,0.172134,0,0,0,0.00,0.0000,0.0000,0.000000,4.443
675993,520,394,914,208,45,252,317.41,0.9857,0.5877,0.223166,32,35,9,115.09,0.6539,0.1427,0.015289,4.184
675999,520,440,960,179,51,252,308.94,0.9822,0.5481,0.189805,3,13,55,265.48,0.9196,0.0866,0.005830,4.295
676003,520,375,895,239,54,182,343.81,0.9161,0.6022,0.243693,12,44,27,157.06,0.7843,0.1605,0.019586,4.221
676009,520,403,923,251,40,62,23.22,0.9804,0.5780,0.223783,41,25,29,2.92,0.2740,0.1326,0.012554,4.377
676016,520,419,939,251,1,55,22.63,0.9995,0.5634,0.208105,11,22,55,266.81,0.7073,0.1107,0.009208,4.359
676029,520,454,974,157,70,245,301.99,0.9296,0.5312,0.181414,20,3,37,303.41,0.8212,0.0664,0.003474,4.328
676036,520,420,940,181,73,235,312.01,0.8830,0.5594,0.205880,47,4,32,345.45,0.7864,0.1081,0.007956,4.415
676038,520,367,887,222,62,227,326.71,0.9244,0.6054,0.245230,1,0,129,264.35,1.0000,0.1701,0.015913,4.479
676052,520,301,821,252,76,224,335.13,0.9838,0.6660,0.312491,30,55,86,254.65,0.5308,0.2336,0.036801,4.176
676057,520,302,822,217,131,169,352.42,0.5688,0.6651,0.338506,7,62,53,178.55,0.9092,0.2280,0.037473,4.441
676085,520,379,899,248,44,158,353.01,0.9445,0.6009,0.242298,16,22,99,269.93,0.9340,0.1596,0.015847,4.439
676103,520,405,925,182,86,241,309.93,0.8907,0.5820,0.229524,25,33,26,148.47,0.2142,0.1340,0.013689,4.389
676106,520,426,946,233,2,157,349.08,0.9970,0.5558,0.198043,50,2,31,348.84,0.8495,0.1108,0.008206,4.261
676125,520,301,821,235,95,234,327.96,0.9143,0.6658,0.317893,55,52,42,93.28,0.1584,0.2250,0.034354,4.361
676126,520,409,929,221,74,148,353.08,0.7798,0.5740,0.224102,42,24,36,340.04,0.3449,0.1347,0.012729,4.370
676137,520,365,885,248,12,205,338.66,0.9937,0.6115,0.246304,80,4,15,21.12,0.9525,0.1737,0.018271,4.340
676140,520,445,965,183,58,230,314.72,0.8977,0.5422,0.188077,22,4,53,292.82,0.8821,0.0849,0.005144,4.317
676163,520,409,929,169,95,233,306.11,0.8191,0.5724,0.225032,38,21,48,311.84,0.5045,0.1295,0.011618,4.463
676180,520,469,989,202,12,198,329.41,0.9789,0.5228,0.168986,13,5,3,41.65,0.4055,0.0446,0.002007,4.211
676184,520,357,877,246,13,220,334.42,0.9943,0.6169,0.250510,69,8,74,324.62,0.8282,0.1820,0.019335,4.334
676209,520,420,940,224,23,179,340.50,0.9611,0.5551,0.197173,49,6,24,359.48,0.7567,0.1113,0.008493,4.226
676222,520,476,996,225,18,22,28.14,0.9881,0.5085,0.165010,4,1,1,21.00,0.4725,0.0215,0.000497,4.258
676227,520,469,989,163,83,190,316.86,0.6877,0.5157,0.176915,3,5,17,270.21,0.5587,0.0402,0.001684,4.390
676231,520,414,934,216,75,157,348.22,0.7670,0.5703,0.220676,1,30,44,233.00,0.9221,0.1187,0.011168,4.425
676246,520,422,942,207,53,204,328.91,0.8855,0.5577,0.201731,5,32,11,148.37,0.9276,0.1138,0.010894,4.134
676256,520,441,961,177,89,179,326.52,0.6456,0.5387,0.197476,29,5,44,309.25,0.7905,0.0873,0.005516,4.458
676262,520,462,982,211,43,156,345.19,0.8623,0.5294,0.179791,8,9,15,276.51,0.2214,0.0533,0.002815,4.351
676264,520,434,954,233,49,50,26.49,0.9439,0.5460,0.197536,16,22,33,262.24,0.3004,0.0988,0.007938,4.272
676269,520,356,876,253,84,31,36.32,0.9881,0.6196,0.273258,1,53,4,143.50,0.9974,0.1834,0.025613,4.275
676285,520,473,993,215,36,139,351.99,0.8891,0.5244,0.175753,6,2,2,20.04,0.3721,0.0282,0.000865,4.438
676286,520,458,978,197,73,146,347.39,0.7105,0.5302,0.187125,0,11,33,255.83,0.9999,0.0611,0.003491,4.433
676291,520,248,768,231,152,148,22.75,0.6126,0.7180,0.415854,16,70,98,236.61,0.7820,0.2794,0.053721,4.491
676307,520,457,977,234,11,66,19.11,0.9905,0.5308,0.181283,6,14,8,152.81,0.3988,0.0608,0.003703,4.307
676313,520,306,826,250,107,149,4.40,0.9019,0.6677,0.330123,73,48,19,67.68,0.6296,0.2333,0.035776,4.432
676332,520,330,850,169,123,255,297.24,1.0000,0.6361,0.298211,67,43,1,75.53,0.9666,0.2098,0.029234,4.395
676346,520,400,920,233,74,82,21.95,0.8648,0.5762,0.228333,18,38,18,144.04,0.6500,0.1418,0.015585,4.244
676347,520,451,971,189,25,249,313.33,0.9808,0.5448,0.183549,18,7,33,300.38,0.6547,0.0687,0.003904,4.333
676359,520,422,942,203,16,246,317.91,0.9901,0.5617,0.197225,8,30,6,141.69,0.9160,0.1080,0.009933,4.125
676377,520,453,973,216,69,39,33.31,0.9092,0.5316,0.190041,1,18,13,173.81,0.9066,0.0690,0.004681,4.390
676404,520,319,839,215,126,150,3.08,0.5561,0.6461,0.315726,25,61,4,136.95,0.9818,0.2206,0.035528,4.276
676411,520,359,879,228,52,240,325.20,0.9593,0.6159,0.252435,49,30,69,304.66,0.5440,0.1769,0.020112,4.314
676417,520,443,963,239,5,43,24.61,0.9971,0.5370,0.186370,17,7,48,287.23,0.8063,0.0799,0.004845,4.310
676422,520,397,917,206,106,74,38.38,0.6841,0.5759,0.239262,24,38,7,130.15,0.8220,0.1441,0.015957,4.386
676424,520,357,877,239,4,247,326.57,0.9988,0.6207,0.251556,41,38,55,292.35,0.2595,0.1769,0.021335,4.227
676437,520,340,860,229,92,219,330.62,0.8685,0.6442,0.294290,27,53,36,154.16,0.5277,0.2008,0.029065,4.355
676444,520,461,981,215,48,120,0.21,0.8467,0.5256,0.179195,24,0,18,338.19,1.0000,0.0534,0.002379,4.376
676453,520,480,1000,187,6,217,320.36,0.9914,0.5092,0.157062,0,0,0,0.00,0.0000,0.0000,0.000000,4.141
676455,520,362,882,231,31,248,324.35,0.9852,0.6148,0.247486,59,29,54,333.50,0.4786,0.1799,0.020750,4.205
676462,520,205,725,233,158,236,325.43,0.8320,0.7651,0.478349,57,78,74,181.90,0.2203,0.3136,0.068129,4.473
676470,520,372,892,224,109,20,50.28,0.9504,0.6052,0.268375,12,45,43,189.60,0.6683,0.1696,0.021293,4.466
676476,520,421,941,215,82,100,15.37,0.7383,0.5578,0.214040,18,18,60,277.41,0.7350,0.1112,0.008874,4.485
676478,520,469,989,219,46,61,22.55,0.9197,0.5165,0.173536,16,0,23,316.42,1.0000,0.0449,0.001720,4.322
676482,520,411,931,192,72,224,318.38,0.8578,0.5663,0.212243,52,7,20,8.09,0.7650,0.1172,0.009327,4.420
676484,520,305,825,254,53,250,329.07,0.9967,0.6665,0.305222,62,46,60,330.56,0.2424,0.2251,0.033044,4.277
676499,520,182,702,231,173,239,322.37,0.8010,0.7934,0.531092,27,92,47,150.00,0.9167,0.3325,0.080922,4.438
676500,520,443,963,237,24,62,21.08,0.9787,0.5407,0.190088,27,12,7,40.20,0.4521,0.0779,0.005113,4.356
676506,520,479,999,213,53,69,20.75,0.8776,0.5122,0.171244,2,0,0,29.23,1.0000,0.0120,0.000129,4.413
676515,520,477,997,195,27,183,331.74,0.9216,0.5055,0.158066,7,0,5,336.40,1.0000,0.0242,0.000561,4.115
676526,520,285,805,211,129,239,317.04,0.8420,0.6865,0.357826,56,62,5,115.88,0.9192,0.2488,0.042970,4.387
676527,520,438,958,225,9,168,343.93,0.9850,0.5471,0.190327,27,5,52,299.70,0.8398,0.0916,0.005895,4.300
676528,520,467,987,231,26,23,28.63,0.9823,0.5247,0.177927,9,4,15,306.76,0.4976,0.0426,0.001794,4.401
676537,520,379,899,204,73,244,317.10,0.9373,0.5997,0.241356,48,15,83,300.72,0.8121,0.1626,0.015946,4.418
676544,520,335,855,235,78,225,330.57,0.9156,0.6408,0.285496,19,56,0,137.50,1.0000,0.2000,0.029667,4.211
676558,520,426,946,236,5,152,351.35,0.9932,0.5601,0.202114,7,23,49,259.38,0.7001,0.1061,0.008797,4.288
676580,520,384,904,219,92,121,8.65,0.7022,0.5852,0.240971,55,24,26,17.15,0.4805,0.1515,0.015402,4.449
676602,520,444,964,238,6,97,9.93,0.9933,0.5449,0.191737,19,19,7,108.47,0.4292,0.0842,0.006195,4.302
676611,520,394,914,218,18,252,320.42,0.9920,0.5917,0.223683,11,20,90,268.46,0.9384,0.1427,0.013096,4.338
676626,520,462,982,189,4,237,316.23,0.9965,0.5286,0.170214,2,11,9,181.50,0.6040,0.0504,0.002720,4.177
676689,520,401,921,252,32,104,10.71,0.9785,0.5840,0.227316,39,17,66,300.46,0.7186,0.1374,0.012256,4.454
676692,520,362,882,253,23,188,344.42,0.9868,0.6145,0.251297,32,29,94,278.45,0.7771,0.1782,0.019939,4.308
676696,520,399,919,221,48,211,330.78,0.9286,0.5822,0.221914,0,22,91,263.13,1.0004,0.1427,0.013290,4.296
676713,520,463,983,172,73,206,316.34,0.7846,0.5250,0.179929,10,7,15,302.31,0.3080,0.0506,0.002510,4.379
676719,520,373,893,247,22,175,346.87,0.9803,0.5964,0.234464,2,43,33,172.20,0.9566,0.1551,0.018504,4.153
676726,520,355,875,232,44,237,326.99,0.9689,0.6154,0.250740,48,13,103,292.41,0.8966,0.1816,0.018955,4.361
676733,520,189,709,243,167,213,342.73,0.7963,0.7849,0.514980,35,89,26,140.96,0.9401,0.3222,0.075764,4.492
676759,520,443,963,212,78,36,37.03,0.8976,0.5358,0.195755,18,19,8,112.68,0.3805,0.0835,0.006119,4.379
676762,520,386,906,252,22,125,3.47,0.9802,0.5861,0.227535,48,10,75,306.21,0.8320,0.1492,0.013535,4.368
676776,520,396,916,232,60,150,353.43,0.8600,0.5799,0.225923,62,14,3,35.58,0.9104,0.1431,0.013450,4.349
676779,520,454,974,209,75,26,38.19,0.9280,0.5252,0.186643,5,5,55,270.67,0.9595,0.0740,0.004166,4.369
676785,520,414,934,198,85,197,327.93,0.7536,0.5746,0.225355,31,28,10,100.02,0.5121,0.1218,0.011437,4.482
676792,520,472,992,193,39,204,325.05,0.9092,0.5233,0.171497,1,2,23,268.75,0.9340,0.0337,0.001117,4.333
676807,520,333,853,240,78,200,339.25,0.9003,0.6352,0.281469,67,38,0,67.44,1.0000,0.1976,0.025797,4.373
676808,520,391,911,199,94,200,327.10,0.7304,0.5908,0.243191,39,27,64,296.27,0.5495,0.1544,0.015854,4.452
676815,520,463,983,231,6,112,3.77,0.9906,0.5348,0.182920,14,2,28,303.27,0.8144,0.0506,0.002206,4.462
676819,520,320,840,255,101,56,36.62,1.0000,0.6480,0.308563,31,54,41,158.47,0.4193,0.2083,0.030897,4.432
676825,520,435,955,230,63,56,27.45,0.9100,0.5538,0.206664,12,25,3,133.19,0.8836,0.0942,0.007800,4.441
676832,520,23,543,245,252,186,112.90,0.9545,0.9652,0.925786,12,132,51,147.57,0.9914,0.4624,0.168190,4.472
676839,520,448,968,192,11,248,314.58,0.9930,0.5443,0.182244,40,0,2,24.33,1.0000,0.0775,0.004556,4.257
676848,520,411,931,223,30,209,331.85,0.9638,0.5740,0.212223,27,2,81,285.01,0.9785,0.1192,0.008705,4.467
676855,520,410,930,225,61,146,353.45,0.8336,0.5663,0.214229,14,21,71,270.80,0.8403,0.1251,0.010846,4.343
676867,520,334,854,241,45,251,325.91,0.9869,0.6406,0.275452,82,14,56,347.79,0.7683,0.2011,0.023937,4.402
676869,520,373,893,218,28,255,319.67,1.0000,0.5973,0.229579,46,15,79,300.95,0.7991,0.1560,0.014870,4.310
676888,520,474,994,230,12,17,28.43,0.9935,0.5172,0.171295,2,5,6,215.14,0.3211,0.0343,0.001346,4.310
676894,520,397,917,230,81,81,24.00,0.8427,0.5792,0.233047,48,24,26,14.99,0.3932,0.1399,0.013563,4.453
676903,520,417,937,251,25,4,30.02,0.9974,0.5661,0.212170,1,34,15,154.38,0.9842,0.1192,0.011849,4.239
676911,520,370,890,255,65,90,18.98,1.0000,0.6101,0.257824,56,27,50,335.23,0.4758,0.1691,0.018550,4.491
676913,520,315,835,253,115,33,45.72,0.9833,0.6642,0.332572,40,59,8,128.30,0.9079,0.2246,0.035965,4.450
676914,520,478,998,203,70,26,37.12,0.9240,0.5070,0.171535,5,1,0,51.16,1.0000,0.0224,0.000540,4.383
676919,520,473,993,189,67,176,332.27,0.7593,0.5246,0.179692,7,1,19,300.08,0.8330,0.0349,0.001139,4.492
676930,520,283,803,217,141,183,345.77,0.5530,0.6896,0.372219,23,67,65,191.06,0.6442,0.2546,0.045779,4.408
676937,520,411,931,217,0,228,325.70,1.0000,0.5681,0.203553,4,23,62,261.59,0.8855,0.1155,0.009863,4.236
676987,520,455,975,212,69,57,28.58,0.8549,0.5261,0.185511,9,5,35,283.33,0.7843,0.0578,0.002880,4.454
676988,520,436,956,234,43,99,10.90,0.9219,0.5527,0.201241,4,17,52,263.77,0.8653,0.0926,0.006746,4.427
677010,520,432,952,205,38,220,324.25,0.9439,0.5544,0.195344,33,18,18,19.48,0.3106,0.1017,0.007997,4.230
677012,520,413,933,238,16,170,346.34,0.9818,0.5748,0.214530,27,23,50,288.36,0.4857,0.1220,0.010761,4.354
677023,520,396,916,222,72,161,347.93,0.7994,0.5790,0.227399,61,6,27,3.44,0.8076,0.1368,0.012016,4.473
677024,520,357,877,242,21,235,329.93,0.9913,0.6213,0.254145,6,13,128,265.84,0.9891,0.1822,0.018849,4.418
677032,520,391,911,230,8,231,328.11,0.9958,0.5945,0.227686,59,18,23,15.75,0.6328,0.1471,0.014244,4.322
677034,520,391,911,225,60,192,337.42,0.8816,0.5875,0.230474,47,30,7,71.61,0.6944,0.1479,0.015483,4.283
677040,520,389,909,239,8,204,336.91,0.9945,0.5935,0.228869,33,2,97,284.42,0.9856,0.1460,0.012298,4.476
677048,520,383,903,250,55,114,9.17,0.9561,0.5974,0.242748,8,38,44,213.37,0.6884,0.1463,0.016196,4.422
677055,520,467,987,210,20,159,343.29,0.9442,0.5164,0.167074,2,2,29,271.74,0.9427,0.0395,0.001450,4.219
677061,520,338,858,254,94,49,36.03,0.9925,0.6358,0.293015,58,39,60,323.34,0.3408,0.2031,0.026769,4.468
677066,520,362,882,255,49,144,359.24,1.0000,0.6122,0.254738,29,45,34,154.10,0.3376,0.1763,0.022534,4.201
677067,520,375,895,244,68,135,2.24,0.8959,0.6042,0.251198,16,41,46,212.34,0.5083,0.1602,0.018932,4.369
677080,520,457,977,176,46,236,311.71,0.9316,0.5260,0.172412,15,10,0,92.53,1.0000,0.0571,0.003186,4.182
677085,520,352,872,251,44,195,342.38,0.9738,0.6238,0.262540,23,49,38,164.66,0.5065,0.1861,0.025186,4.157
677091,520,476,996,150,74,227,302.76,0.8402,0.5121,0.169280,9,0,1,12.98,1.0000,0.0247,0.000603,4.333
677128,520,49,569,254,238,168,96.82,0.9557,0.9370,0.850479,9,126,19,143.25,0.9956,0.4389,0.150262,4.497
677129,520,404,924,239,44,146,355.19,0.9209,0.5788,0.222305,36,3,84,291.79,0.9610,0.1345,0.010803,4.478
677132,520,341,861,187,106,253,306.98,0.9707,0.6267,0.279654,18,35,110,267.42,0.8986,0.1983,0.024563,4.421
677137,520,384,904,214,87,171,343.00,0.7332,0.5890,0.240548,48,28,41,340.84,0.3447,0.1545,0.016190,4.390
677162,520,174,694,245,165,247,325.92,0.9421,0.7979,0.530398,43,90,81,179.57,0.5306,0.3434,0.084197,4.325
677177,520,445,965,233,46,5,32.32,0.9947,0.5405,0.192917,9,18,21,220.64,0.2847,0.0776,0.005448,4.381
677182,520,282,802,217,135,215,327.76,0.6910,0.6923,0.369874,18,65,70,205.18,0.7099,0.2486,0.043512,4.490
677205,520,120,640,249,200,227,344.29,0.8349,0.8642,0.669956,17,109,18,142.85,0.9879,0.3829,0.110997,4.472
677206,520,368,888,241,1,234,329.96,0.9996,0.6148,0.246658,68,15,44,350.84,0.7095,0.1683,0.017526,4.393
677217,520,225,745,219,163,212,330.74,0.5708,0.7478,0.460090,12,84,27,145.94,0.9812,0.2975,0.064977,4.436
677222,520,475,995,158,57,246,303.18,0.9477,0.5188,0.168497,3,2,19,280.70,0.7939,0.0332,0.001098,4.276
677226,520,453,973,187,83,144,346.44,0.6297,0.5269,0.187664,23,8,9,15.99,0.4215,0.0653,0.003756,4.421
677254,520,453,973,129,87,253,288.91,0.9790,0.5298,0.185752,5,4,56,270.78,0.9691,0.0734,0.004046,4.362
677258,520,419,939,222,13,202,333.45,0.9857,0.5620,0.200841,15,6,82,273.97,0.9712,0.1150,0.008410,4.295
677265,520,468,988,227,33,9,30.60,0.9905,0.5192,0.174413,5,7,8,226.05,0.1206,0.0434,0.002018,4.314
677302,520,464,984,208,51,127,356.13,0.8164,0.5174,0.173120,17,6,10,355.06,0.3779,0.0538,0.002713,4.233
677310,520,417,937,217,63,175,340.94,0.8294,0.5674,0.214041,23,29,36,252.47,0.1894,0.1249,0.011882,4.267
677312,520,441,961,155,98,197,309.04,0.6348,0.5352,0.197356,41,6,18,3.04,0.7135,0.0938,0.006454,4.382
677359,520,436,956,243,19,30,27.41,0.9904,0.5480,0.196176,34,10,17,3.67,0.5327,0.0877,0.005977,4.398
677361,520,479,999,158,67,225,306.86,0.8505,0.5120,0.167202,2,0,3,318.71,1.0000,0.0147,0.000195,4.327
677374,520,425,945,233,53,113,6.78,0.8852,0.5624,0.210650,27,23,37,297.15,0.2922,0.1139,0.009794,4.359
677376,520,423,943,197,27,246,316.15,0.9787,0.5558,0.193094,44,14,5,38.61,0.7349,0.1086,0.008606,4.148
677384,520,360,880,253,27,203,340.37,0.9884,0.6237,0.259816,39,15,112,282.83,0.9264,0.1840,0.019428,4.462
677386,520,409,929,229,54,147,353.39,0.8676,0.5678,0.214056,29,24,54,288.89,0.5113,0.1292,0.011808,4.272
677393,520,429,949,233,54,19,32.47,0.9781,0.5477,0.200120,12,19,54,270.61,0.7206,0.1036,0.008102,4.305
677402,520,476,996,212,42,109,3.40,0.8652,0.5111,0.167595,1,2,3,240.75,0.2913,0.0220,0.000564,4.303
677410,520,471,991,191,44,206,323.82,0.8955,0.5249,0.173354,12,3,16,316.61,0.6055,0.0436,0.001807,4.311
677413,520,341,861,254,88,0,39.64,1.0000,0.6254,0.280538,72,24,73,326.87,0.6756,0.2045,0.025122,4.400
677428,520,424,944,233,41,135,357.63,0.9141,0.5610,0.206617,3,28,45,241.54,0.7948,0.1146,0.010393,4.249
677431,520,431,951,247,4,8,28.89,0.9985,0.5519,0.198821,28,16,45,300.63,0.5690,0.1049,0.008069,4.285
677433,520,340,860,218,104,206,331.53,0.7663,0.6372,0.292641,46,45,49,297.39,0.0606,0.1981,0.026794,4.462
677437,520,447,967,226,41,101,8.81,0.9084,0.5358,0.186970,6,10,55,270.09,0.9131,0.0833,0.005316,4.284
677439,520,428,948,196,44,244,315.90,0.9539,0.5619,0.200702,41,5,35,335.36,0.7521,0.1001,0.007014,4.397
677445,520,414,934,200,52,244,316.78,0.9483,0.5740,0.212684,41,20,30,350.60,0.3949,0.1221,0.010655,4.331
677483,520,373,893,225,1,250,322.66,0.9996,0.5984,0.229336,71,9,16,20.73,0.8688,0.1586,0.015726,4.250
677485,520,439,959,204,66,177,336.65,0.7926,0.5492,0.199100,28,17,21,355.52,0.2463,0.0938,0.007019,4.369
677503,520,472,992,171,18,255,307.06,1.0000,0.5202,0.163113,4,1,13,296.75,0.7750,0.0278,0.000766,4.198
677509,520,390,910,249,37,142,358.08,0.9540,0.5925,0.234193,27,21,81,280.09,0.8035,0.1453,0.013634,4.466
677515,520,469,989,216,62,0,36.55,1.0000,0.5212,0.180467,16,1,4,4.87,0.7653,0.0384,0.001407,4.483
677534,520,468,988,226,32,6,30.72,0.9935,0.5164,0.172178,12,3,18,312.40,0.6374,0.0446,0.001870,4.283
677541,520,355,875,253,46,168,350.93,0.9825,0.6159,0.256672,73,21,23,21.58,0.7083,0.1791,0.020149,4.372
677559,520,243,763,253,147,102,43.27,0.9538,0.7285,0.427122,32,75,65,176.08,0.5829,0.2844,0.057207,4.450
677569,520,425,945,240,39,82,16.84,0.9507,0.5583,0.205888,6,25,45,251.48,0.6771,0.1079,0.009234,4.320
677583,520,397,917,214,3,248,320.40,0.9985,0.5787,0.211405,26,36,28,150.67,0.2478,0.1444,0.015652,3.982
677598,520,469,989,213,56,89,13.69,0.8372,0.5196,0.176981,3,8,4,151.30,0.4574,0.0425,0.002018,4.364
677600,520,432,952,191,25,254,312.83,0.9953,0.5522,0.189286,32,7,54,303.87,0.8021,0.1030,0.007254,4.179
677618,520,5,525,251,255,221,112.66,1.0000,0.9863,0.972498,22,136,31,143.57,0.9877,0.4747,0.178771,4.470
677626,520,449,969,180,53,243,311.06,0.9385,0.5436,0.187215,11,14,27,273.18,0.3773,0.0723,0.004643,4.341
677641,520,430,950,215,68,136,355.96,0.7770,0.5515,0.203612,7,13,64,269.26,0.9209,0.0986,0.007031,4.447
677648,520,473,993,206,30,167,339.80,0.9087,0.5176,0.168424,5,2,2,19.47,0.3073,0.0270,0.000801,4.300
677658,520,397,917,218,35,233,324.54,0.9690,0.5840,0.219927,36,13,80,291.39,0.8432,0.1414,0.012421,4.324
677663,520,473,993,153,59,250,300.61,0.9678,0.5179,0.168027,3,2,7,294.58,0.4585,0.0268,0.000781,4.293
677688,520,235,755,230,150,219,331.76,0.7569,0.7386,0.437517,58,72,61,151.44,0.1975,0.2920,0.058711,4.485
677693,520,466,986,195,53,184,331.42,0.8309,0.5246,0.176106,13,8,1,86.29,0.7347,0.0509,0.002614,4.297
677699,520,342,862,239,48,242,327.47,0.9721,0.6329,0.268780,59,41,3,81.38,0.9001,0.1929,0.025224,4.238
677700,520,382,902,194,87,247,312.47,0.9351,0.6042,0.250022,40,36,39,334.38,0.0753,0.1627,0.018594,4.374
677717,520,347,867,255,29,208,339.50,1.0000,0.6309,0.266962,32,50,29,140.95,0.4820,0.1928,0.026769,4.129
677718,520,23,543,255,245,225,84.59,1.0000,0.9682,0.920015,10,132,13,142.74,0.9957,0.4586,0.165954,4.492
677730,520,327,847,219,98,234,323.13,0.8852,0.6459,0.297377,15,40,112,264.91,0.8943,0.2101,0.027888,4.460
677743,520,413,933,250,20,80,17.02,0.9860,0.5697,0.214071,36,27,1,90.78,0.9312,0.1238,0.011612,4.286
677757,520,432,952,214,76,90,18.04,0.7702,0.5453,0.202055,45,2,35,339.27,0.8360,0.1031,0.007227,4.404
677769,520,467,987,164,79,207,312.51,0.7593,0.5227,0.179902,19,2,2,24.35,0.7692,0.0444,0.001863,4.433
677772,520,384,904,204,55,253,315.80,0.9890,0.5895,0.226631,6,15,102,266.52,0.9762,0.1480,0.013396,4.364
677779,520,464,984,207,70,59,28.24,0.8333,0.5183,0.179637,13,4,25,302.20,0.6780,0.0520,0.002426,4.380
677782,520,396,916,253,35,87,16.24,0.9871,0.5836,0.227765,50,22,22,20.98,0.4727,0.1378,0.013099,4.402
677790,520,362,882,249,12,190,342.90,0.9925,0.6051,0.241237,80,16,6,32.02,0.9169,0.1842,0.020895,4.108
677798,520,448,968,215,29,173,340.20,0.9307,0.5374,0.183452,10,20,16,167.53,0.3180,0.0818,0.006022,4.167
677801,520,480,1000,190,24,204,324.38,0.9504,0.5099,0.159616,0,0,0,0.00,0.0000,0.0000,0.000000,4.192
677806,520,422,942,246,15,82,15.84,0.9887,0.5602,0.205472,5,18,71,265.96,0.9257,0.1143,0.009197,4.316
677811,520,473,993,140,81,235,296.53,0.8594,0.5167,0.174586,1,4,16,261.68,0.7507,0.0348,0.001307,4.377
677821,520,38,558,250,250,28,109.72,0.9980,0.9464,0.887798,11,130,18,143.04,0.9950,0.4524,0.160794,4.449
677828,520,404,924,219,20,235,324.46,0.9868,0.5811,0.215606,8,13,92,268.00,0.9708,0.1329,0.011121,4.346
677839,520,379,899,223,81,176,343.16,0.7915,0.5983,0.247097,25,42,5,130.90,0.9085,0.1574,0.018735,4.322
677847,520,430,950,226,67,72,23.42,0.8706,0.5529,0.206537,1,26,27,198.42,0.9202,0.0976,0.008243,4.405
677857,520,433,953,219,1,203,332.45,0.9988,0.5547,0.193959,8,4,74,270.69,0.9829,0.0975,0.006328,4.331
677872,520,389,909,251,5,148,355.60,0.9959,0.5883,0.227594,13,42,1,137.64,0.9919,0.1493,0.017436,4.116
677876,520,431,951,211,31,198,331.77,0.9421,0.5460,0.189081,3,21,52,259.09,0.8585,0.1012,0.008036,4.120
677899,520,392,912,208,102,132,3.78,0.6048,0.5866,0.245804,59,23,17,31.14,0.6090,0.1543,0.015832,4.493
677914,520,424,944,170,93,219,310.17,0.7603,0.5606,0.214899,26,24,32,296.50,0.1750,0.1127,0.009772,4.432
677931,520,436,956,178,75,220,314.55,0.8239,0.5464,0.196654,15,5,65,278.48,0.9445,0.0927,0.005917,4.411
677957,520,356,876,235,19,255,323.85,1.0000,0.6226,0.253504,11,40,77,256.18,0.7639,0.1755,0.021244,4.260
677963,520,281,801,245,137,16,58.81,0.9824,0.6894,0.373440,42,66,40,142.56,0.4985,0.2540,0.045418,4.438
677973,520,457,977,199,6,212,324.94,0.9916,0.5261,0.170275,20,10,1,72.21,0.7901,0.0631,0.003680,4.103
677974,520,332,852,241,49,244,327.47,0.9735,0.6382,0.274317,15,54,43,171.17,0.7379,0.2002,0.029142,4.098
677975,520,426,946,141,110,223,293.64,0.7196,0.5593,0.221423,16,30,6,133.82,0.8052,0.1128,0.010518,4.485
677980,520,370,890,214,78,226,324.41,0.8809,0.6082,0.252377,27,45,17,135.50,0.6832,0.1704,0.021502,4.229
677987,520,422,942,229,25,166,345.70,0.9565,0.5585,0.201092,2,29,22,173.06,0.9095,0.1055,0.009495,4.220
678000,520,391,911,254,29,102,11.41,0.9927,0.5862,0.229126,21,32,59,265.89,0.5122,0.1454,0.015082,4.289
678006,520,435,955,240,30,67,20.40,0.9714,0.5505,0.198624,19,13,47,286.60,0.6729,0.0911,0.006315,4.415
678009,520,336,856,254,88,124,11.19,0.9841,0.6414,0.295089,27,55,3,134.31,0.9780,0.2014,0.029719,4.329
678010,520,461,981,183,37,230,315.54,0.9452,0.5255,0.171048,5,4,37,275.44,0.8926,0.0540,0.002527,4.208
678033,520,385,905,221,80,169,345.22,0.7786,0.5904,0.239763,61,13,45,343.86,0.7085,0.1528,0.014696,4.479
678080,520,406,926,229,3,207,333.81,0.9974,0.5759,0.212307,43,20,42,328.67,0.4891,0.1310,0.011811,4.244
678095,520,363,883,212,67,252,317.80,0.9831,0.6115,0.250413,31,44,33,149.01,0.2938,0.1745,0.022024,4.171
678097,520,134,654,241,186,249,322.13,0.9265,0.8351,0.606593,41,102,11,138.26,0.9842,0.3668,0.099980,4.378
678101,520,299,819,245,121,106,28.58,0.8752,0.6704,0.341307,9,66,4,141.80,0.9913,0.2317,0.039631,4.366
678109,520,401,921,229,70,132,0.89,0.8163,0.5777,0.227070,67,1,4,26.01,0.9885,0.1389,0.012240,4.452
678115,520,453,973,229,42,66,21.12,0.9395,0.5347,0.187102,36,2,7,14.93,0.8616,0.0745,0.004339,4.363
678120,520,319,839,237,82,229,329.99,0.9212,0.6507,0.296987,52,52,45,107.06,0.1041,0.2227,0.033755,4.143
678136,520,295,815,245,124,120,23.41,0.8460,0.6786,0.351866,28,65,15,138.73,0.9363,0.2369,0.040618,4.435
678141,520,475,995,226,37,65,20.61,0.9463,0.5250,0.178764,3,3,4,285.56,0.1085,0.0287,0.000932,4.492
678162,520,410,930,226,31,196,336.13,0.9560,0.5719,0.211367,11,21,78,268.60,0.8996,0.1309,0.011575,4.245
678167,520,419,939,202,43,226,321.83,0.9384,0.5570,0.197769,28,23,14,81.96,0.2820,0.1059,0.008914,4.206
678172,520,403,923,237,23,171,345.92,0.9704,0.5756,0.215606,15,35,21,152.22,0.5782,0.1311,0.013577,4.178
678174,520,404,924,232,16,203,335.59,0.9860,0.5817,0.218409,24,25,52,279.86,0.4877,0.1252,0.011374,4.373
678175,520,445,965,177,75,213,316.07,0.8023,0.5400,0.191843,17,16,17,325.69,0.0370,0.0776,0.005302,4.373
678181,520,400,920,226,71,150,353.12,0.8073,0.5802,0.228798,36,21,69,293.48,0.6858,0.1431,0.013411,4.397
678189,520,316,836,254,39,249,329.36,0.9967,0.6580,0.293645,2,59,69,213.47,0.9570,0.2244,0.035703,4.010
678217,520,473,993,176,56,216,316.04,0.8679,0.5187,0.170174,4,3,11,289.83,0.4779,0.0329,0.001151,4.304
678219,520,317,837,206,113,243,315.45,0.8884,0.6556,0.314043,29,52,74,248.59,0.4637,0.2166,0.032115,4.433
678224,520,380,900,241,76,113,11.48,0.8740,0.6006,0.250650,57,25,38,355.70,0.4751,0.1612,0.017052,4.484
678232,520,393,913,213,32,252,318.99,0.9873,0.5885,0.222092,7,13,96,267.32,0.9753,0.1378,0.011775,4.405
678245,520,334,854,242,87,189,343.83,0.8883,0.6435,0.293705,61,44,8,82.09,0.7899,0.2041,0.028111,4.400
678266,520,411,931,224,28,193,336.47,0.9582,0.5651,0.205305,11,22,61,267.66,0.7747,0.1159,0.009818,4.268
678273,520,323,843,240,94,194,342.00,0.8735,0.6513,0.304283,63,44,30,57.30,0.3612,0.2107,0.029520,4.455
678284,520,459,979,215,2,180,337.86,0.9961,0.5331,0.177881,6,6,43,274.04,0.8863,0.0643,0.003434,4.265
678289,520,458,978,187,34,224,318.24,0.9462,0.5253,0.170920,7,8,33,276.29,0.6939,0.0607,0.003286,4.146
678291,520,466,986,201,33,184,333.13,0.9089,0.5202,0.169678,10,1,29,295.22,0.9057,0.0450,0.001749,4.245
678292,520,458,978,209,61,116,2.33,0.7853,0.5253,0.181560,12,9,16,304.21,0.2468,0.0572,0.003109,4.360
678320,520,323,843,252,93,144,3.95,0.9481,0.6502,0.305410,54,48,37,82.61,0.1993,0.2113,0.030318,4.425
678326,520,324,844,234,109,156,358.48,0.7499,0.6474,0.308325,15,51,85,250.34,0.7274,0.2141,0.031249,4.410
678345,520,402,922,254,20,89,14.85,0.9937,0.5799,0.222962,11,35,21,155.70,0.6896,0.1289,0.013273,4.314
678386,520,465,985,169,90,162,330.51,0.5757,0.5194,0.183569,3,11,13,211.38,0.4539,0.0526,0.002878,4.417
678394,520,390,910,217,72,200,332.92,0.8448,0.5905,0.235586,50,28,15,50.57,0.5070,0.1490,0.015432,4.365
678413,520,425,945,230,7,176,342.66,0.9907,0.5605,0.201123,32,18,45,306.35,0.5272,0.1137,0.009292,4.235
678415,520,397,917,225,90,34,40.26,0.9193,0.5768,0.234380,39,32,3,95.78,0.8494,0.1414,0.014710,4.395
678422,520,473,993,158,61,240,304.10,0.9163,0.5177,0.168984,0,3,11,252.27,0.9999,0.0281,0.000893,4.303
678431,520,422,942,218,7,210,330.37,0.9927,0.5587,0.197128,10,4,83,270.73,0.9866,0.1105,0.007758,4.279
678437,520,473,993,193,51,186,330.19,0.8383,0.5206,0.172519,3,1,25,278.79,0.9384,0.0347,0.001112,4.354
678439,520,409,929,191,67,244,313.48,0.9351,0.5741,0.216235,16,12,84,273.41,0.9451,0.1258,0.010131,4.428
678451,520,460,980,228,44,4,32.27,0.9954,0.5286,0.183071,13,10,7,69.92,0.1672,0.0571,0.003180,4.383
678462,520,426,946,214,24,217,327.52,0.9729,0.5610,0.199612,12,4,80,272.49,0.9827,0.1077,0.007441,4.346
678479,520,449,969,232,0,132,356.99,1.0000,0.5427,0.188247,5,4,53,271.33,0.9635,0.0700,0.003761,4.432
678481,520,452,972,198,75,130,355.60,0.6935,0.5279,0.186514,11,16,23,256.84,0.2524,0.0749,0.005036,4.297
678507,520,292,812,215,121,234,320.69,0.8378,0.6752,0.340637,41,50,104,273.25,0.6031,0.2417,0.037520,4.463
678513,520,472,992,209,5,183,335.48,0.9895,0.5243,0.170849,11,0,7,339.18,1.0000,0.0302,0.000865,4.342
678521,520,446,966,210,52,162,343.18,0.8337,0.5379,0.187684,3,13,46,264.48,0.8766,0.0781,0.005044,4.318
678526,520,424,944,239,55,22,32.13,0.9768,0.5609,0.211443,49,8,2,34.09,0.9157,0.1084,0.008311,4.484
678527,520,318,838,246,111,124,16.45,0.8607,0.6599,0.324199,43,56,7,123.70,0.8879,0.2176,0.033572,4.478
678533,520,477,997,208,63,1,37.40,0.9976,0.5066,0.169694,2,1,0,82.32,1.0000,0.0176,0.000346,4.364
678544,520,318,838,215,106,242,319.29,0.9071,0.6565,0.311675,22,42,118,267.03,0.8740,0.2239,0.031343,4.446
678557,520,411,931,237,17,168,346.74,0.9794,0.5722,0.212356,3,4,95,265.78,0.9940,0.1236,0.009323,4.422
678559,520,432,952,232,45,77,18.35,0.9292,0.5451,0.195714,14,11,60,276.88,0.8648,0.0955,0.006589,4.342
678571,520,312,832,198,137,191,330.65,0.4927,0.6609,0.336597,27,60,40,155.35,0.6184,0.2247,0.036178,4.486
678574,520,397,917,213,21,244,320.89,0.9873,0.5781,0.212160,44,23,46,323.85,0.4633,0.1407,0.013456,4.131
678575,520,408,928,164,90,250,301.35,0.9430,0.5714,0.221074,8,36,20,155.25,0.8200,0.1304,0.013638,4.260
678584,520,354,874,226,43,254,321.65,0.9959,0.6168,0.250544,72,12,58,339.23,0.7661,0.1803,0.019464,4.327
678585,520,377,897,222,46,244,322.84,0.9654,0.6049,0.240173,27,25,87,277.33,0.8028,0.1590,0.016163,4.386
678613,520,477,997,191,3,208,323.78,0.9948,0.5084,0.156971,3,1,1,20.04,0.3720,0.0199,0.000433,4.104
678618,520,261,781,255,93,253,328.31,1.0000,0.7052,0.361834,46,63,85,255.15,0.3300,0.2668,0.047916,4.206
678626,520,379,899,212,68,230,323.05,0.9054,0.5970,0.238462,28,8,104,278.14,0.9672,0.1563,0.014199,4.493
678627,520,412,932,226,72,117,6.92,0.8030,0.5696,0.220905,24,31,6,122.89,0.7231,0.1224,0.011873,4.378
678652,520,432,952,235,17,122,1.36,0.9751,0.5490,0.194713,41,11,3,38.82,0.7983,0.0978,0.007174,4.280
678681,520,421,941,158,107,196,309.27,0.5904,0.5551,0.217705,15,22,55,271.01,0.6526,0.1132,0.009512,4.498
678691,520,355,875,224,89,186,340.20,0.7861,0.6151,0.265394,45,32,77,294.05,0.5785,0.1822,0.021267,4.426
678703,520,382,902,246,33,176,346.59,0.9642,0.5993,0.238183,33,19,88,284.08,0.8327,0.1552,0.014936,4.438
678705,520,411,931,252,25,70,20.14,0.9847,0.5739,0.218366,60,2,2,28.21,0.9761,0.1238,0.010086,4.466
678710,520,379,899,215,54,241,321.54,0.9476,0.5970,0.234381,55,10,75,312.55,0.8227,0.1602,0.015374,4.350
678720,520,391,911,248,16,167,349.36,0.9865,0.5928,0.231204,16,4,109,270.66,0.9926,0.1504,0.013010,4.463
678743,520,413,933,247,39,54,24.78,0.9696,0.5681,0.214951,45,8,43,330.14,0.7287,0.1162,0.009060,4.486
678749,520,359,879,237,42,238,327.98,0.9744,0.6234,0.258361,38,45,8,119.43,0.7909,0.1788,0.023064,4.220
678765,520,374,894,237,80,109,13.40,0.8456,0.5970,0.248489,39,22,84,289.79,0.7601,0.1624,0.016452,4.492
678785,520,455,975,170,52,250,306.54,0.9707,0.5343,0.179049,8,5,40,279.12,0.8526,0.0612,0.003134,4.311
678790,520,451,971,238,17,51,23.39,0.9885,0.5388,0.188203,10,14,23,265.75,0.2978,0.0695,0.004405,4.378
678792,520,437,957,241,4,91,12.19,0.9962,0.5493,0.195463,24,15,34,304.79,0.4471,0.0910,0.006513,4.343
678802,520,334,854,251,59,208,339.04,0.9754,0.6408,0.281944,78,24,40,5.26,0.6469,0.1986,0.024264,4.470
678810,520,362,882,246,75,115,11.16,0.9102,0.6092,0.258660,7,50,12,144.79,0.9719,0.1759,0.023528,4.198
678817,520,441,961,217,17,181,338.14,0.9692,0.5410,0.184911,38,7,11,15.73,0.6863,0.0879,0.005883,4.204
678826,520,443,963,240,3,46,24.00,0.9982,0.5391,0.187910,12,9,45,280.04,0.7754,0.0762,0.004630,4.355
678829,520,410,930,235,69,32,33.68,0.9535,0.5677,0.220257,37,0,83,293.76,1.0000,0.1311,0.010179,4.491
678830,520,452,972,187,53,210,321.28,0.8722,0.5287,0.177655,22,12,6,54.10,0.3950,0.0710,0.004467,4.180
678856,520,466,986,227,37,7,31.18,0.9923,0.5216,0.176723,2,10,7,172.39,0.5962,0.0474,0.002453,4.322
678865,520,271,791,254,128,107,30.96,0.9833,0.6967,0.375738,47,66,50,149.05,0.3184,0.2608,0.047310,4.375
678876,520,427,947,222,10,206,332.39,0.9898,0.5639,0.202053,4,10,68,267.26,0.9604,0.0965,0.006602,4.453
678881,520,374,894,218,37,252,320.18,0.9875,0.5991,0.232588,3,43,32,169.99,0.9370,0.1552,0.018513,4.125
678891,520,458,978,196,73,140,349.88,0.7026,0.5258,0.183960,8,12,16,247.71,0.1962,0.0602,0.003520,4.371
678896,520,445,965,159,90,216,306.84,0.7508,0.5394,0.196416,29,5,40,313.35,0.7661,0.0842,0.005230,4.462
678897,520,301,821,225,106,234,324.75,0.8863,0.6659,0.322580,96,27,22,27.98,0.8019,0.2345,0.033290,4.473
678923,520,470,990,160,94,165,324.50,0.5407,0.5154,0.181963,11,0,29,298.60,1.0000,0.0436,0.001599,4.496
678931,520,401,921,229,40,187,339.56,0.9335,0.5770,0.217661,3,36,50,230.66,0.8489,0.1413,0.015113,4.111
678933,520,432,952,202,80,147,349.26,0.6945,0.5486,0.204023,37,10,27,344.30,0.5865,0.0966,0.006896,4.465
678967,520,478,998,208,64,53,28.45,0.8657,0.5117,0.173360,6,0,6,328.36,1.0000,0.0233,0.000519,4.421
678969,520,405,925,223,57,186,338.71,0.8768,0.5781,0.221618,16,16,79,273.31,0.9076,0.1259,0.010452,4.493
678985,520,467,987,204,10,187,333.03,0.9790,0.5186,0.166443,4,0,30,280.31,1.0000,0.0373,0.001195,4.228
679009,520,363,883,228,44,244,324.37,0.9709,0.6135,0.248293,65,8,69,325.12,0.8162,0.1708,0.017273,4.434
679010,520,392,912,243,13,189,341.89,0.9900,0.5935,0.230197,36,17,80,290.23,0.8013,0.1470,0.013551,4.409
679030,520,435,955,200,34,224,321.94,0.9529,0.5467,0.188069,6,24,26,204.80,0.5528,0.0943,0.007665,4.128
679032,520,320,840,237,103,170,351.58,0.7988,0.6484,0.306099,44,51,48,167.98,0.0991,0.2126,0.031165,4.387
679037,520,354,874,241,46,223,332.59,0.9645,0.6230,0.259853,58,33,36,12.06,0.3416,0.1787,0.021147,4.355
679040,520,422,942,204,70,185,333.95,0.7926,0.5582,0.207223,39,0,64,306.68,1.0000,0.1131,0.008015,4.434
679043,520,469,989,183,86,123,357.93,0.5794,0.5167,0.181543,6,7,5,128.09,0.1366,0.0433,0.002016,4.451
679050,520,413,933,232,44,151,351.99,0.9062,0.5675,0.211944,30,28,24,84.59,0.0988,0.1243,0.011725,4.244
679063,520,440,960,210,31,208,328.78,0.9507,0.5509,0.192377,37,4,35,330.53,0.7684,0.0917,0.006016,4.327
679071,520,423,943,240,0,125,0.84,1.0000,0.5564,0.200092,4,14,76,266.32,0.9573,0.1123,0.008616,4.267
679117,520,428,948,189,65,238,314.35,0.9102,0.5644,0.207736,40,14,2,47.49,0.8124,0.1009,0.007696,4.467
679143,520,452,972,231,30,4,30.60,0.9960,0.5259,0.179293,9,13,28,271.10,0.4486,0.0692,0.004298,4.223
679150,520,406,926,235,75,41,33.56,0.9325,0.5754,0.228574,26,30,39,266.19,0.1930,0.1319,0.012946,4.426
679153,520,419,939,212,43,208,329.24,0.9247,0.5613,0.202809,27,17,55,291.44,0.6533,0.1134,0.009097,4.278
679161,520,400,920,205,68,218,324.17,0.8709,0.5779,0.221770,15,31,64,262.98,0.6561,0.1427,0.014516,4.212
679168,520,420,940,239,39,85,15.80,0.9477,0.5569,0.204609,29,24,7,93.52,0.5575,0.1082,0.009298,4.294
679190,520,452,972,212,29,166,341.67,0.9210,0.5279,0.176312,21,3,43,299.41,0.8579,0.0726,0.003990,4.192
679202,520,401,921,224,5,228,327.39,0.9968,0.5814,0.215596,24,29,59,274.23,0.5168,0.1400,0.013887,4.157
679211,520,362,882,234,83,149,356.82,0.8086,0.6081,0.258516,65,26,47,348.74,0.5380,0.1807,0.020680,4.365
679215,520,428,948,204,32,230,321.61,0.9640,0.5569,0.195853,28,21,4,88.36,0.6703,0.0987,0.007920,4.245
679254,520,423,943,171,80,240,306.91,0.8895,0.5583,0.206872,26,22,40,293.41,0.3652,0.1121,0.009466,4.320
679255,520,437,957,183,69,229,314.37,0.8691,0.5531,0.199817,29,5,45,308.30,0.7963,0.0881,0.005592,4.494
679265,520,377,897,219,45,245,321.86,0.9655,0.6001,0.235314,30,39,22,131.06,0.3950,0.1552,0.017850,4.205
679276,520,454,974,233,8,56,21.54,0.9938,0.5264,0.177860,11,17,9,137.91,0.3341,0.0725,0.004918,4.149
679281,520,458,978,220,55,61,24.17,0.9004,0.5267,0.182876,1,15,6,157.03,0.9298,0.0587,0.003612,4.344
679297,520,255,775,251,129,196,347.66,0.9318,0.7205,0.401979,6,71,89,222.85,0.9103,0.2746,0.052662,4.403
679302,520,400,920,172,101,226,308.18,0.7704,0.5811,0.235696,17,30,65,266.14,0.6486,0.1422,0.014293,4.444
679327,520,422,942,203,7,250,317.13,0.9962,0.5630,0.197522,50,8,2,33.90,0.9198,0.1104,0.008563,4.227
679331,520,451,971,213,56,149,349.00,0.8177,0.5407,0.191466,17,6,37,295.59,0.7317,0.0687,0.003830,4.486
679341,520,384,904,253,53,24,31.29,0.9917,0.5876,0.234985,61,19,2,42.06,0.9080,0.1485,0.014624,4.410
679351,520,429,949,193,86,161,340.49,0.6577,0.5490,0.205678,35,15,25,349.63,0.4285,0.1011,0.007692,4.432
679398,520,337,857,213,112,194,334.67,0.6819,0.6365,0.296312,17,54,40,165.28,0.7166,0.1999,0.029106,4.378
679402,520,378,898,210,54,251,317.92,0.9801,0.5965,0.233067,18,23,95,271.04,0.9120,0.1577,0.015675,4.310
679407,520,368,888,234,50,215,332.99,0.9458,0.6086,0.246825,63,13,66,325.52,0.7623,0.1698,0.017381,4.405
679428,520,330,850,225,116,141,6.79,0.6611,0.6398,0.304236,3,59,35,158.57,0.9775,0.2106,0.032685,4.284
679431,520,371,891,248,36,180,345.90,0.9632,0.6064,0.245168,42,31,63,298.19,0.4726,0.1660,0.018311,4.321
679434,520,420,940,239,18,132,358.75,0.9761,0.5610,0.204524,31,22,32,323.04,0.2550,0.1136,0.009694,4.264
679437,520,393,913,218,74,191,336.14,0.8240,0.5893,0.235667,49,26,12,50.86,0.5616,0.1423,0.014184,4.451
679443,520,461,981,193,38,220,320.88,0.9353,0.5344,0.178925,1,9,21,249.14,0.7648,0.0500,0.002560,4.356
679444,520,387,907,245,17,174,346.67,0.9848,0.5906,0.228726,23,13,97,275.67,0.9470,0.1485,0.013330,4.401
679445,520,356,876,255,39,181,347.16,1.0000,0.6215,0.260507,68,12,72,325.08,0.7889,0.1822,0.019599,4.461
679450,520,341,861,235,78,213,333.99,0.8970,0.6339,0.279175,92,1,19,19.74,0.9898,0.1997,0.023444,4.482
679463,520,416,936,183,81,229,313.55,0.8448,0.5679,0.216103,31,25,22,48.19,0.1356,0.1169,0.010445,4.402
679479,520,434,954,193,45,234,317.30,0.9388,0.5499,0.191561,29,1,64,295.66,0.9742,0.1003,0.006531,4.273
679485,520,362,882,199,103,213,322.39,0.7414,0.6122,0.266480,7,47,47,194.99,0.8070,0.1760,0.022833,4.345
679499,520,14,534,251,249,231,101.66,0.7021,0.9754,0.940303,35,134,40,143.65,0.9702,0.4720,0.175600,4.390
679537,520,477,997,193,25,191,328.83,0.9356,0.5063,0.157960,5,0,8,317.19,1.0000,0.0230,0.000498,4.118
679546,520,436,956,225,2,176,341.46,0.9968,0.5499,0.191882,42,5,9,18.18,0.7947,0.0916,0.006206,4.303
679565,520,323,843,210,106,239,318.42,0.8817,0.6477,0.302431,5,60,9,143.72,0.9885,0.2100,0.032836,4.255
679566,520,478,998,119,86,243,286.82,0.9065,0.5090,0.170483,4,0,6,318.71,1.0000,0.0204,0.000390,4.376
679568,520,459,979,212,71,54,30.10,0.8576,0.5283,0.187722,12,11,11,17.35,0.0285,0.0595,0.003417,4.450
679573,520,394,914,245,35,151,354.27,0.9529,0.5872,0.228522,57,12,33,355.52,0.6950,0.1381,0.012427,4.462
679578,520,425,945,223,76,60,29.56,0.8635,0.5563,0.211857,46,9,25,357.26,0.6763,0.1100,0.008465,4.479
679579,520,362,882,252,82,4,38.12,0.9968,0.6142,0.267423,39,44,0,116.25,1.0000,0.1757,0.022327,4.389
679580,520,480,1000,165,19,251,306.05,0.9854,0.5079,0.154308,0,0,0,0.00,0.0000,0.0000,0.000000,4.086
679583,520,373,893,198,84,233,317.36,0.8708,0.5961,0.242309,71,9,29,7.51,0.8064,0.1620,0.016239,4.413
679592,520,403,923,226,89,53,35.61,0.8690,0.5788,0.235732,18,35,10,136.71,0.7671,0.1306,0.013525,4.498
679599,520,391,911,239,61,153,353.93,0.8801,0.5949,0.239911,32,35,35,196.88,0.0470,0.1497,0.016305,4.372
679601,520,425,945,227,69,64,26.49,0.8813,0.5558,0.209601,44,14,2,44.31,0.8406,0.1080,0.008540,4.435
679603,520,479,999,195,13,192,329.16,0.9713,0.5062,0.156974,2,0,3,318.71,1.0000,0.0147,0.000195,4.123
679623,520,401,921,253,43,31,29.27,0.9923,0.5808,0.227131,42,23,49,316.46,0.4831,0.1396,0.013268,4.380
679628,520,375,895,235,68,172,346.83,0.8629,0.6026,0.247777,62,23,18,29.34,0.6290,0.1600,0.016808,4.457
679631,520,394,914,239,25,196,339.15,0.9767,0.5933,0.230344,39,33,3,98.09,0.8552,0.1441,0.015257,4.296
679633,520,316,836,189,136,225,310.65,0.6732,0.6649,0.338640,6,64,13,144.35,0.9869,0.2247,0.037344,4.450
679640,520,440,960,220,12,190,336.26,0.9831,0.5506,0.191987,31,12,20,354.36,0.4388,0.0876,0.006048,4.317
679657,520,381,901,254,34,141,359.17,0.9911,0.6004,0.241416,56,26,26,20.85,0.4603,0.1572,0.016542,4.379
679659,520,368,888,245,70,133,3.42,0.9011,0.6074,0.254894,1,34,92,260.36,0.9840,0.1702,0.019231,4.404
679663,520,456,976,222,50,65,22.14,0.9110,0.5267,0.181952,1,17,3,147.12,0.9724,0.0634,0.004139,4.284
679673,520,446,966,197,85,128,358.50,0.6404,0.5399,0.199276,24,13,25,323.82,0.3682,0.0821,0.005522,4.490
679676,520,399,919,225,20,220,329.54,0.9840,0.5810,0.216775,44,9,72,304.39,0.8373,0.1393,0.011988,4.304
679680,520,289,809,228,143,25,66.89,0.9425,0.6766,0.362112,9,67,30,150.28,0.9668,0.2387,0.041659,4.496
679710,520,375,895,251,20,161,351.86,0.9831,0.5971,0.235862,70,6,47,347.34,0.8140,0.1645,0.016378,4.307
679716,520,456,976,201,73,121,0.43,0.7107,0.5270,0.185650,23,6,5,26.30,0.5479,0.0601,0.003234,4.427
679718,520,463,983,145,80,243,297.07,0.9041,0.5280,0.182283,17,5,5,20.73,0.4455,0.0499,0.002387,4.434
679735,520,462,982,215,54,121,0.47,0.8254,0.5313,0.184683,9,8,12,297.40,0.1578,0.0508,0.002583,4.463
679736,520,445,965,221,41,145,351.47,0.8871,0.5418,0.190049,21,11,36,299.78,0.5796,0.0812,0.005262,4.344
679759,520,438,958,236,29,117,3.79,0.9524,0.5539,0.199990,22,19,27,302.00,0.2007,0.0939,0.007155,4.374
679810,520,391,911,234,22,213,333.46,0.9831,0.5932,0.228730,45,7,84,299.08,0.9012,0.1508,0.013500,4.389
679821,520,464,984,195,70,140,349.21,0.7136,0.5201,0.178776,19,2,17,331.99,0.7213,0.0501,0.002224,4.381
679824,520,429,949,184,66,224,316.11,0.8650,0.5475,0.194697,34,16,13,30.23,0.4120,0.0976,0.007398,4.263
679826,520,474,994,223,33,83,14.07,0.9377,0.5200,0.174030,0,3,8,244.29,1.0000,0.0266,0.000827,4.408
679837,520,415,935,231,25,174,343.69,0.9618,0.5664,0.207429,33,8,72,293.44,0.8711,0.1232,0.009649,4.316
679838,520,281,801,253,132,14,54.50,0.9892,0.6925,0.374200,9,70,3,141.70,0.9942,0.2457,0.044448,4.491
679846,520,461,981,231,16,104,6.84,0.9761,0.5347,0.183620,19,4,10,353.47,0.5410,0.0519,0.002472,4.452
679855,520,397,917,166,106,216,307.47,0.6997,0.5756,0.233734,43,24,47,320.47,0.4472,0.1419,0.013721,4.453
679875,520,348,868,236,29,252,324.66,0.9900,0.6253,0.257424,68,31,16,41.99,0.6418,0.1860,0.022465,4.242
679904,520,287,807,239,111,235,328.68,0.9245,0.6939,0.357200,5,69,27,148.98,0.9855,0.2440,0.043675,4.347
679905,520,387,907,241,74,85,21.35,0.9036,0.5918,0.242574,48,26,48,326.92,0.4377,0.1538,0.015806,4.446
679910,520,226,746,227,151,238,322.30,0.8386,0.7456,0.446385,15,82,7,141.71,0.9898,0.2893,0.061512,4.451
679913,520,288,808,239,106,218,334.00,0.8978,0.6778,0.337231,12,60,84,235.75,0.7869,0.2391,0.039498,4.327
679917,520,425,945,201,46,230,320.51,0.9368,0.5604,0.200863,22,8,73,281.86,0.9134,0.1123,0.008253,4.306
679924,520,462,982,191,23,232,317.71,0.9748,0.5329,0.175167,18,5,6,14.64,0.4587,0.0515,0.002503,4.289
679927,520,378,898,221,48,244,322.54,0.9624,0.6045,0.240197,2,37,78,255.24,0.9371,0.1648,0.018860,4.214
679930,520,419,939,170,72,251,304.98,0.9673,0.5558,0.201464,36,16,44,315.49,0.5664,0.1146,0.009275,4.242
679934,520,463,983,178,65,212,317.30,0.8322,0.5284,0.180001,15,5,7,4.46,0.3783,0.0482,0.002255,4.402
679939,520,470,990,219,41,74,17.62,0.9177,0.5150,0.171430,3,5,19,270.85,0.6132,0.0413,0.001749,4.279
679948,520,316,836,246,88,211,337.66,0.9391,0.6620,0.312782,49,56,7,117.62,0.8699,0.2235,0.034966,4.270
679949,520,440,960,197,33,232,319.20,0.9608,0.5473,0.187857,8,23,5,139.56,0.8328,0.0862,0.006754,4.191
679964,520,367,887,254,19,178,347.41,0.9928,0.6103,0.247544,75,4,42,354.87,0.8642,0.1708,0.017501,4.408
679985,520,387,907,247,24,166,349.61,0.9761,0.5928,0.231839,63,8,44,345.69,0.7746,0.1507,0.014124,4.395
680005,520,441,961,218,43,160,345.57,0.8810,0.5445,0.191736,24,8,52,294.18,0.7895,0.0926,0.006158,4.305
680026,520,440,960,218,4,199,333.27,0.9948,0.5509,0.191181,13,16,50,274.60,0.7038,0.0944,0.006864,4.241
680029,520,388,908,193,113,142,357.31,0.4812,0.5873,0.251021,43,35,1,95.87,0.9538,0.1545,0.017179,4.481
680037,520,441,961,203,67,152,345.97,0.7567,0.5359,0.189797,34,12,19,1.22,0.4793,0.0918,0.006501,4.244
680047,520,381,901,225,2,251,322.44,0.9992,0.5993,0.230182,13,2,120,268.44,0.9976,0.1630,0.014849,4.321
680051,520,388,908,228,24,225,329.02,0.9826,0.5910,0.225859,14,12,101,270.10,0.9735,0.1466,0.012958,4.382
680054,520,438,958,224,70,63,27.00,0.8730,0.5511,0.205892,12,23,1,129.80,0.9496,0.0879,0.006931,4.495
680082,520,398,918,233,10,196,337.69,0.9908,0.5780,0.215290,42,23,49,316.46,0.4831,0.1396,0.013268,4.193
680085,520,390,910,225,16,237,325.49,0.9915,0.5917,0.224948,52,4,80,307.83,0.9209,0.1542,0.013962,4.299
680090,520,347,867,242,16,248,326.99,0.9953,0.6288,0.260279,46,16,113,287.21,0.9063,0.1939,0.021436,4.343
680094,520,423,943,223,51,154,349.28,0.8634,0.5571,0.203912,8,10,76,269.63,0.9610,0.1085,0.007905,4.385
680104,520,431,951,214,86,15,42.91,0.9605,0.5499,0.209885,10,26,29,211.00,0.4280,0.1037,0.008920,4.411
680106,520,466,986,192,69,152,342.82,0.7218,0.5193,0.177313,0,10,21,241.81,1.0000,0.0513,0.002712,4.312
680107,520,326,846,241,77,219,333.80,0.9279,0.6461,0.291257,66,38,56,341.47,0.3786,0.2104,0.028301,4.358
680122,520,392,912,226,8,240,325.08,0.9963,0.5940,0.226360,22,18,97,274.22,0.9269,0.1545,0.014662,4.274
680133,520,468,988,227,17,70,17.57,0.9803,0.5183,0.171769,5,3,28,280.59,0.8271,0.0443,0.001812,4.280
680156,520,444,964,229,32,110,5.25,0.9355,0.5390,0.188197,16,11,38,288.08,0.6175,0.0775,0.004894,4.339
680168,520,439,959,214,20,208,329.86,0.9746,0.5534,0.193526,3,26,9,150.45,0.9317,0.0931,0.007778,4.215
680170,520,471,991,207,72,46,32.94,0.8648,0.5192,0.180996,14,2,3,14.40,0.6274,0.0380,0.001434,4.491
680171,520,432,952,205,57,191,332.19,0.8468,0.5497,0.196688,5,3,76,268.25,0.9907,0.0967,0.006191,4.390
680175,520,424,944,204,26,239,319.61,0.9782,0.5611,0.198098,36,17,27,347.81,0.3973,0.1073,0.008551,4.237
680178,520,293,813,251,91,230,333.39,0.9792,0.6836,0.337074,85,41,47,12.51,0.4707,0.2438,0.037227,4.438
680179,520,374,894,231,20,238,326.68,0.9902,0.6039,0.236647,31,18,95,280.84,0.8820,0.1596,0.015501,4.376
680182,520,261,781,211,145,237,316.02,0.7869,0.7145,0.402151,25,74,15,140.61,0.9632,0.2659,0.051385,4.460
680183,520,200,720,193,181,238,294.16,0.6326,0.7703,0.505582,11,85,98,213.31,0.8903,0.3242,0.074496,4.463
680189,520,382,902,246,39,160,351.73,0.9487,0.5950,0.235852,63,11,52,337.85,0.7497,0.1583,0.015442,4.368
680195,520,365,885,235,84,145,358.85,0.8111,0.6096,0.260499,43,30,74,294.29,0.5851,0.1732,0.019366,4.476
680196,520,196,716,231,165,241,322.04,0.8469,0.7785,0.502513,22,89,55,156.52,0.9062,0.3228,0.075909,4.388
680200,520,124,644,170,221,254,236.99,0.9303,0.8524,0.674132,26,109,17,141.79,0.9842,0.3850,0.111969,4.471
680204,520,366,886,231,87,142,359.82,0.7804,0.6055,0.257609,3,45,58,223.99,0.8949,0.1740,0.022015,4.271
680205,520,441,961,215,31,182,337.45,0.9320,0.5435,0.188067,3,25,2,141.91,0.9733,0.0884,0.007190,4.163
680219,520,453,973,146,90,223,299.86,0.7790,0.5285,0.187513,3,19,0,138.27,1.0000,0.0698,0.004851,4.330
680241,520,371,891,229,43,231,327.71,0.9641,0.6057,0.241577,69,16,35,2.53,0.7042,0.1677,0.017573,4.315
680256,520,180,700,253,172,154,33.05,0.9307,0.7886,0.527231,32,88,84,188.69,0.6595,0.3332,0.079263,4.466
680265,520,417,937,242,2,157,350.99,0.9978,0.5736,0.213582,6,32,18,156.87,0.8286,0.1159,0.011154,4.310
680272,520,147,667,221,191,251,307.31,0.8657,0.8253,0.595992,46,98,36,140.54,0.8949,0.3587,0.094433,4.473
680294,520,359,879,246,50,189,343.16,0.9422,0.6154,0.255513,58,29,51,336.64,0.4569,0.1767,0.020174,4.354
680296,520,431,951,227,36,137,355.38,0.9155,0.5469,0.194015,37,4,49,315.27,0.8274,0.1018,0.007019,4.280
680297,520,374,894,213,59,241,320.87,0.9395,0.5979,0.236267,41,4,99,289.74,0.9655,0.1598,0.014591,4.432
680331,520,426,946,208,18,234,321.90,0.9859,0.5611,0.197848,34,24,7,79.27,0.5816,0.1146,0.010087,4.125
680336,520,480,1000,208,38,135,351.93,0.8649,0.5103,0.165476,0,0,0,0.00,0.0000,0.0000,0.000000,4.310
680347,520,433,953,214,63,152,348.63,0.7989,0.5509,0.201204,8,15,60,269.52,0.8792,0.0986,0.007195,4.392
680359,520,314,834,243,79,232,330.75,0.9479,0.6589,0.304755,86,30,17,34.46,0.7636,0.2181,0.029478,4.464
680363,520,400,920,225,85,95,19.38,0.7824,0.5785,0.233333,31,23,66,287.65,0.6444,0.1387,0.012974,4.499
680373,520,219,739,234,162,169,12.82,0.5977,0.7483,0.461994,19,84,19,142.96,0.9735,0.2983,0.065259,4.442
680388,520,271,791,189,156,208,312.98,0.4498,0.6977,0.391503,7,74,11,143.37,0.9898,0.2599,0.049667,4.430
680408,520,409,929,211,8,239,321.60,0.9950,0.5676,0.202564,8,37,6,142.02,0.9525,0.1309,0.013879,3.954
680418,520,412,932,201,84,184,333.58,0.7328,0.5706,0.222205,0,32,32,194.77,1.0000,0.1179,0.011373,4.435
680420,520,375,895,240,64,156,353.32,0.8786,0.6008,0.245953,41,37,30,81.66,0.1503,0.1633,0.018883,4.296
680421,520,379,899,207,76,231,321.07,0.8853,0.5985,0.242054,17,32,77,266.53,0.7449,0.1575,0.016879,4.367
680440,520,459,979,201,58,163,340.55,0.7957,0.5279,0.180898,15,4,35,295.57,0.7836,0.0612,0.003097,4.349
680456,520,354,874,237,102,40,42.09,0.9229,0.6167,0.276633,33,43,52,245.83,0.2138,0.1811,0.022990,4.475
680458,520,451,971,217,16,183,337.55,0.9722,0.5419,0.185435,16,13,22,299.62,0.2628,0.0719,0.004559,4.315
680459,520,14,534,251,255,206,111.35,1.0000,0.9824,0.964856,9,133,92,162.66,0.9834,0.4741,0.176050,4.490
680466,520,390,910,246,14,164,349.83,0.9874,0.5870,0.225905,6,5,109,266.56,0.9939,0.1466,0.012513,4.414
680490,520,393,913,249,5,150,354.60,0.9956,0.5851,0.224537,50,15,51,326.55,0.6640,0.1393,0.012589,4.386
680513,520,444,964,226,42,121,1.44,0.8959,0.5428,0.192079,27,5,31,321.44,0.7028,0.0751,0.004405,4.450
680547,520,293,813,243,85,255,324.88,1.0000,0.6792,0.327741,45,61,34,133.41,0.4713,0.2393,0.040108,4.192
680551,520,381,901,255,10,159,353.08,1.0000,0.6017,0.239839,52,14,73,310.47,0.7791,0.1581,0.015252,4.442
680559,520,278,798,247,130,99,35.83,0.8819,0.6878,0.366431,27,64,79,227.28,0.5620,0.2541,0.044641,4.400
680569,520,478,998,206,34,151,345.34,0.8819,0.5114,0.165024,4,0,1,359.68,1.0000,0.0171,0.000280,4.277
680571,520,437,957,242,30,7,30.28,0.9945,0.5493,0.198246,10,2,68,273.73,0.9866,0.0880,0.005253,4.493
680575,520,380,900,251,34,156,353.81,0.9680,0.6004,0.240570,64,14,50,341.00,0.7138,0.1624,0.016345,4.380
680576,520,249,769,227,145,206,336.73,0.6889,0.7197,0.410396,23,74,76,198.82,0.6912,0.2819,0.056013,4.343
680587,520,339,859,241,65,221,333.17,0.9385,0.6358,0.277045,6,52,59,210.29,0.8502,0.1977,0.028103,4.187
680590,520,381,901,250,73,10,35.93,0.9921,0.6001,0.251145,35,35,48,284.61,0.2179,0.1588,0.017728,4.446
680593,520,452,972,214,21,165,342.36,0.9487,0.5277,0.175514,21,9,13,358.35,0.3377,0.0658,0.003839,4.189
680597,520,336,856,248,19,248,328.32,0.9949,0.6399,0.272024,6,38,105,262.36,0.9419,0.1950,0.024447,4.326
680599,520,364,884,227,43,246,323.68,0.9726,0.6127,0.247147,61,21,58,330.54,0.6333,0.1714,0.018340,4.348
680600,520,394,914,238,60,135,0.22,0.8758,0.5853,0.231611,47,27,0,71.62,1.0000,0.1396,0.013883,4.408
680616,520,462,982,222,40,106,6.19,0.8990,0.5286,0.180905,12,0,38,291.49,1.0000,0.0524,0.002181,4.425
680619,520,396,916,247,57,13,32.98,0.9897,0.5784,0.227330,31,24,69,285.93,0.6557,0.1434,0.013742,4.351
680620,520,428,948,227,18,186,339.12,0.9760,0.5629,0.203113,36,15,1,56.81,0.8644,0.0960,0.007190,4.426
680634,520,399,919,239,62,117,7.38,0.8779,0.5832,0.230834,7,33,55,247.58,0.7174,0.1375,0.014087,4.382
680636,520,472,992,206,16,177,336.52,0.9616,0.5177,0.166688,7,3,5,345.02,0.3024,0.0338,0.001213,4.231
680650,520,439,959,245,10,2,29.45,0.9986,0.5487,0.196375,34,8,34,327.63,0.6557,0.0924,0.006293,4.377
680654,520,459,979,159,70,241,303.48,0.9085,0.5304,0.181026,3,13,21,239.35,0.5684,0.0607,0.003613,4.309
680655,520,334,854,225,123,72,45.88,0.7609,0.6368,0.306436,32,53,33,145.49,0.4816,0.2034,0.029630,4.476
680667,520,293,813,242,121,145,9.07,0.7869,0.6757,0.345990,36,65,28,139.21,0.7345,0.2438,0.042394,4.286
680671,520,379,899,235,63,173,346.19,0.8768,0.5982,0.242371,41,24,74,295.25,0.6712,0.1590,0.016191,4.417
680695,520,470,990,207,30,161,342.04,0.9056,0.5162,0.167693,17,1,10,344.10,0.7649,0.0420,0.001628,4.217
680722,520,388,908,205,76,218,323.95,0.8509,0.5868,0.232116,57,22,25,16.59,0.5401,0.1509,0.015140,4.331
680724,520,424,944,216,15,217,328.07,0.9857,0.5617,0.199525,40,4,48,319.68,0.8188,0.1058,0.007514,4.338
680739,520,367,887,214,71,244,320.07,0.9450,0.6127,0.253360,64,23,37,1.04,0.5674,0.1694,0.018365,4.437
680741,520,409,929,147,102,244,294.37,0.8683,0.5664,0.222375,59,3,32,354.97,0.8488,0.1311,0.010994,4.466
680757,520,295,815,249,87,237,330.95,0.9738,0.6799,0.330733,0,54,116,256.39,0.9999,0.2441,0.038990,4.278
680758,520,396,916,235,36,176,344.22,0.9443,0.5800,0.220614,13,12,98,269.92,0.9722,0.1420,0.012303,4.344
680773,520,423,943,237,9,138,356.16,0.9879,0.5570,0.200380,19,22,50,276.17,0.5459,0.1123,0.009425,4.213
680777,520,374,894,219,99,137,2.39,0.6771,0.6011,0.257921,4,40,63,242.06,0.8341,0.1623,0.019022,4.461
680789,520,468,988,229,0,84,12.74,1.0000,0.5214,0.173011,2,1,36,270.53,0.9838,0.0434,0.001620,4.320
680802,520,418,938,242,8,130,359.73,0.9909,0.5639,0.206659,18,27,50,266.56,0.4864,0.1238,0.011427,4.178
680811,520,393,913,191,72,254,311.00,0.9922,0.5872,0.228679,51,6,67,314.94,0.8468,0.1424,0.012394,4.466
680820,520,475,995,179,75,178,327.98,0.7133,0.5201,0.178314,6,2,12,305.61,0.6139,0.0327,0.001087,4.469
680831,520,450,970,226,10,153,348.92,0.9819,0.5418,0.186885,3,13,29,255.81,0.6709,0.0652,0.003959,4.390
680832,520,312,832,243,70,245,327.52,0.9664,0.6582,0.300302,25,40,117,268.87,0.8653,0.2201,0.030084,4.374
680855,520,379,899,217,93,158,350.23,0.7020,0.5966,0.250511,24,40,32,162.10,0.3395,0.1563,0.018160,4.409
680864,520,309,829,240,123,101,32.01,0.8221,0.6650,0.336334,15,63,5,140.68,0.9860,0.2231,0.036674,4.457
680878,520,443,963,221,64,78,20.36,0.8538,0.5411,0.195916,0,2,70,264.18,0.9953,0.0838,0.004856,4.483
680879,520,266,786,212,146,213,326.18,0.6128,0.7059,0.393601,23,74,4,139.33,0.9907,0.2641,0.050883,4.397
680907,520,480,1000,209,14,163,341.66,0.9631,0.5147,0.165159,0,0,0,0.00,0.0000,0.0000,0.000000,4.303
680919,520,324,844,233,85,227,329.45,0.9048,0.6466,0.293690,82,12,81,328.77,0.8092,0.2149,0.026511,4.492
680939,520,457,977,189,73,167,335.80,0.7188,0.5272,0.183754,26,2,8,4.82,0.7648,0.0572,0.002806,4.427
680949,520,479,999,226,0,25,26.97,1.0000,0.5061,0.162419,1,0,3,302.89,1.0000,0.0124,0.000130,4.237
680951,520,449,969,220,26,155,347.19,0.9375,0.5362,0.183235,10,7,49,277.37,0.8708,0.0749,0.004382,4.289
680967,520,425,945,227,73,29,35.58,0.9480,0.5568,0.211875,54,1,23,1.62,0.9297,0.1143,0.008680,4.463
680969,520,430,950,214,57,163,344.11,0.8275,0.5501,0.198690,0,28,12,155.86,1.0000,0.0982,0.008570,4.246
680977,520,223,743,217,154,255,311.91,1.0000,0.7481,0.450838,21,84,8,140.92,0.9877,0.2981,0.065174,4.349
680978,520,307,827,168,150,214,296.87,0.5063,0.6657,0.349926,20,65,7,139.87,0.9791,0.2322,0.039445,4.471
681028,520,319,839,247,113,66,39.26,0.9243,0.6538,0.319808,50,56,3,116.34,0.9407,0.2241,0.035130,4.344
681031,520,249,769,230,130,249,321.04,0.9533,0.7183,0.396295,54,54,130,278.63,0.6775,0.2842,0.050342,4.448
681054,520,364,884,246,28,200,339.66,0.9788,0.6096,0.245966,13,25,102,267.89,0.9367,0.1670,0.017400,4.391
681062,520,471,991,221,22,102,6.16,0.9533,0.5155,0.169080,1,7,11,226.52,0.6670,0.0405,0.001826,4.227
681067,520,342,862,243,7,248,327.24,0.9981,0.6288,0.259867,0,21,128,264.10,0.9823,0.1896,0.020947,4.368
681068,520,470,990,204,72,75,22.64,0.7752,0.5182,0.179822,6,4,20,287.38,0.6172,0.0423,0.001761,4.440
681082,520,416,936,245,28,110,7.56,0.9670,0.5696,0.213722,6,13,84,267.42,0.9660,0.1216,0.009666,4.420
681088,520,347,867,189,128,184,329.53,0.4809,0.6285,0.297188,17,54,16,142.92,0.9292,0.1941,0.027948,4.454
681099,520,468,988,170,42,247,307.65,0.9607,0.5237,0.169182,13,0,21,313.63,1.0000,0.0399,0.001397,4.264
681112,520,470,990,218,60,15,34.73,0.9751,0.5234,0.181742,0,3,29,263.21,1.0005,0.0400,0.001538,4.497
681113,520,452,972,222,49,88,14.05,0.8862,0.5306,0.184335,5,4,55,270.95,0.9674,0.0722,0.003949,4.344
681125,520,434,954,158,94,226,303.50,0.7829,0.5519,0.207659,25,15,51,292.16,0.6560,0.1042,0.007873,4.452
681134,520,471,991,189,58,188,328.25,0.8128,0.5219,0.174772,14,4,0,59.89,1.0000,0.0421,0.001802,4.339
681137,520,446,966,215,63,117,3.40,0.7957,0.5390,0.192888,33,9,10,19.57,0.5730,0.0824,0.005407,4.384
681142,520,472,992,174,46,236,311.09,0.9309,0.5230,0.170097,6,2,1,43.81,0.4842,0.0278,0.000843,4.329
681143,520,458,978,214,66,59,27.12,0.8634,0.5266,0.185108,4,13,15,211.03,0.4180,0.0590,0.003481,4.396
681150,520,417,937,211,54,216,326.71,0.9090,0.5731,0.214470,12,29,43,245.21,0.5048,0.1208,0.011313,4.313
681155,520,427,947,154,88,250,298.05,0.9445,0.5564,0.207518,28,17,27,329.63,0.3059,0.0963,0.007269,4.497
681164,520,445,965,223,29,148,350.35,0.9310,0.5401,0.187074,8,19,28,244.15,0.4209,0.0828,0.006012,4.233
681170,520,425,945,234,62,37,31.41,0.9462,0.5586,0.210743,1,11,82,264.68,0.9782,0.1136,0.008549,4.453
681180,520,435,955,215,62,147,350.77,0.8019,0.5495,0.200012,23,8,47,296.19,0.7561,0.0870,0.005611,4.496
681184,520,425,945,243,47,16,31.43,0.9864,0.5622,0.211285,38,9,50,314.25,0.7412,0.1111,0.008378,4.476
681187,520,423,943,225,56,152,350.80,0.8521,0.5642,0.211055,30,15,51,299.76,0.6483,0.1100,0.008567,4.457
681188,520,356,876,251,69,145,359.94,0.9534,0.6215,0.268132,34,46,12,126.24,0.7379,0.1786,0.023206,4.346
681189,520,326,846,247,72,215,336.37,0.9544,0.6489,0.293181,12,55,59,204.06,0.7486,0.2092,0.031262,4.223
681190,520,431,951,248,7,16,28.47,0.9973,0.5549,0.201495,48,2,14,10.49,0.8911,0.1002,0.007036,4.409
681198,520,364,884,243,44,193,341.17,0.9504,0.6082,0.247093,7,43,60,233.75,0.7737,0.1704,0.020991,4.185
681215,520,306,826,254,66,239,331.65,0.9959,0.6691,0.312023,57,44,89,295.10,0.5044,0.2315,0.033925,4.314
681226,520,453,973,160,77,222,307.33,0.8146,0.5255,0.180558,15,14,6,102.41,0.3417,0.0677,0.004288,4.247
681232,520,480,1000,207,46,127,355.42,0.8319,0.5111,0.167539,0,0,0,0.00,0.0000,0.0000,0.000000,4.351
681241,520,413,933,199,59,236,318.10,0.9191,0.5723,0.213276,4,25,60,259.36,0.8591,0.1185,0.010473,4.354
681255,520,466,986,202,13,199,329.14,0.9775,0.5237,0.169698,7,10,7,145.07,0.1809,0.0519,0.002776,4.163
681258,520,480,1000,216,53,43,28.61,0.9205,0.5143,0.173221,0,0,0,0.00,0.0000,0.0000,0.000000,4.464
681282,520,374,894,182,98,239,309.23,0.8559,0.5980,0.249132,40,36,23,93.01,0.2897,0.1573,0.017748,4.415
681286,520,426,946,218,33,201,332.75,0.9473,0.5615,0.202124,30,19,41,306.01,0.4538,0.1106,0.009019,4.272
681306,520,434,954,206,66,177,337.24,0.7968,0.5526,0.201945,47,2,7,19.59,0.9273,0.0965,0.006632,4.449
681308,520,473,993,204,51,145,347.87,0.8115,0.5176,0.172514,0,4,3,179.94,1.0000,0.0276,0.000934,4.369
681313,520,471,991,189,35,216,320.79,0.9349,0.5229,0.169802,12,2,4,3.74,0.5682,0.0360,0.001304,4.284
681334,520,171,691,251,172,194,1.21,0.8401,0.7978,0.539114,38,91,58,153.90,0.7378,0.3364,0.081994,4.463
681335,520,412,932,230,70,87,19.04,0.8538,0.5669,0.218943,25,21,57,284.60,0.6111,0.1209,0.010384,4.454
681341,520,370,890,221,93,170,346.02,0.7333,0.6083,0.261053,33,40,43,225.55,0.1202,0.1682,0.020153,4.434
681397,520,418,938,209,34,218,325.89,0.9530,0.5576,0.197632,33,10,63,297.85,0.8035,0.1166,0.008993,4.198
681400,520,416,936,246,49,30,30.15,0.9713,0.5706,0.218867,24,17,66,283.07,0.7600,0.1202,0.009884,4.490
681414,520,467,987,153,91,191,311.04,0.6427,0.5162,0.180166,6,4,16,291.39,0.5235,0.0401,0.001630,4.458
681418,520,469,989,211,26,166,341.36,0.9296,0.5246,0.173431,5,5,12,283.32,0.3395,0.0399,0.001673,4.324
681435,520,387,907,191,83,243,312.71,0.9131,0.5919,0.237350,11,41,11,143.37,0.9264,0.1465,0.016811,4.301
681453,520,351,871,251,74,158,355.79,0.9520,0.6313,0.278787,17,52,30,153.33,0.7873,0.1903,0.026688,4.287
681482,520,395,915,248,29,148,355.59,0.9670,0.5890,0.229767,27,25,66,281.39,0.6315,0.1390,0.013216,4.426
681490,520,348,868,195,126,175,338.13,0.4830,0.6283,0.296201,29,51,27,142.32,0.5836,0.1933,0.027079,4.491
681494,520,393,913,219,3,247,321.85,0.9986,0.5863,0.218426,66,5,18,15.48,0.8856,0.1438,0.013107,4.254
681499,520,444,964,223,15,153,348.32,0.9700,0.5371,0.183321,27,14,9,41.92,0.3786,0.0824,0.005668,4.191
681504,520,389,909,240,32,176,345.25,0.9591,0.5874,0.226959,43,16,72,301.61,0.7605,0.1466,0.013521,4.360
681546,520,406,926,225,49,190,337.83,0.9073,0.5774,0.219243,33,14,73,291.22,0.8069,0.1319,0.011184,4.401
681551,520,458,978,219,10,147,349.31,0.9772,0.5251,0.173863,12,6,26,295.32,0.6010,0.0560,0.002830,4.237
681574,520,405,925,227,70,158,350.15,0.8190,0.5843,0.231824,32,31,14,105.52,0.4375,0.1320,0.013188,4.460
681582,520,472,992,228,28,27,28.25,0.9785,0.5195,0.174066,12,1,7,343.01,0.7148,0.0344,0.001152,4.380
681588,520,396,916,240,67,41,31.55,0.9441,0.5759,0.227029,1,39,17,153.46,0.9884,0.1365,0.014979,4.263
681596,520,459,979,203,21,196,330.21,0.9588,0.5260,0.172202,20,4,28,313.48,0.7091,0.0619,0.003194,4.177
681600,520,430,950,210,83,102,14.15,0.7110,0.5509,0.208496,30,22,10,76.79,0.4163,0.1050,0.008718,4.402
681603,520,340,860,246,25,246,328.30,0.9918,0.6368,0.269448,26,40,93,268.76,0.7130,0.1970,0.025274,4.244
681623,520,475,995,152,65,249,299.98,0.9582,0.5223,0.172959,13,0,0,29.23,1.0000,0.0296,0.000856,4.384
681627,520,353,873,250,21,207,338.62,0.9886,0.6185,0.253685,72,0,67,331.80,1.0000,0.1755,0.017832,4.477
681636,520,432,952,170,82,226,309.58,0.8211,0.5491,0.200723,34,14,33,328.97,0.5031,0.1016,0.007640,4.350
681645,520,46,566,250,231,237,356.34,0.6234,0.9357,0.835908,55,122,50,142.28,0.8920,0.4423,0.149611,4.438
681647,520,408,928,191,74,231,316.17,0.8726,0.5721,0.217446,24,0,95,278.35,1.0000,0.1322,0.010204,4.442
681651,520,474,994,191,71,152,342.66,0.7104,0.5202,0.178514,9,2,5,348.60,0.5006,0.0331,0.001125,4.470
681665,520,321,841,255,12,244,330.75,1.0000,0.6479,0.280578,83,27,33,17.03,0.6601,0.2107,0.027330,4.275
681681,520,434,954,229,33,144,353.21,0.9292,0.5521,0.197621,2,24,33,226.88,0.8163,0.0953,0.007759,4.287
681685,520,268,788,233,140,150,13.28,0.6574,0.6979,0.382839,1,74,4,143.01,0.9987,0.2580,0.049126,4.367
681690,520,354,874,246,0,229,332.24,1.0000,0.6202,0.252530,25,45,39,173.17,0.3692,0.1751,0.022299,4.184
681714,520,473,993,183,61,195,324.04,0.8096,0.5198,0.173462,6,1,20,295.26,0.8507,0.0344,0.001109,4.372
681743,520,412,932,214,18,233,323.68,0.9869,0.5705,0.206139,54,1,31,351.78,0.9139,0.1176,0.009050,4.338
681745,520,433,953,193,57,226,318.83,0.8998,0.5536,0.197561,42,5,36,335.20,0.7573,0.1025,0.007282,4.322
681757,520,13,533,255,253,212,105.03,1.0000,0.9829,0.962643,32,134,48,145.34,0.9702,0.4722,0.175700,4.487
681775,520,453,973,221,10,149,349.10,0.9786,0.5300,0.177617,34,4,5,22.29,0.7957,0.0740,0.004379,4.186
681781,520,453,973,169,74,219,311.68,0.8171,0.5315,0.184478,22,10,25,319.42,0.4524,0.0740,0.004579,4.296
681787,520,470,990,202,18,193,330.78,0.9634,0.5211,0.168413,1,2,30,267.83,0.9634,0.0393,0.001436,4.246
681809,520,380,900,254,65,44,30.36,0.9950,0.6015,0.250370,44,34,15,82.22,0.4929,0.1552,0.017141,4.474
681817,520,410,930,247,27,93,13.24,0.9738,0.5689,0.213518,49,21,19,25.37,0.4975,0.1333,0.012364,4.225
681828,520,382,902,227,44,231,327.20,0.9614,0.6029,0.239041,27,40,20,135.27,0.4990,0.1552,0.018011,4.250
681843,520,456,976,180,69,207,319.16,0.8083,0.5326,0.184657,0,9,32,257.75,1.0000,0.0562,0.002996,4.428
681864,520,465,985,231,17,51,23.02,0.9864,0.5238,0.176319,8,10,9,165.18,0.0808,0.0534,0.002884,4.280
681865,520,413,933,202,41,242,318.10,0.9593,0.5678,0.205548,29,2,77,288.57,0.9720,0.1165,0.008404,4.375
681868,520,456,976,212,72,10,38.83,0.9773,0.5260,0.186561,13,11,11,17.54,0.0569,0.0605,0.003491,4.422
681875,520,442,962,232,28,95,10.72,0.9558,0.5389,0.188156,11,14,45,274.41,0.6962,0.0847,0.005747,4.272
681877,520,283,803,243,135,118,30.05,0.8217,0.6946,0.376932,22,70,1,138.71,0.9973,0.2497,0.045529,4.469
681878,520,467,987,205,64,119,0.62,0.7615,0.5223,0.179799,13,3,12,330.36,0.5502,0.0429,0.001772,4.439
681894,520,331,851,250,4,253,327.71,0.9991,0.6439,0.275056,80,6,78,329.51,0.8588,0.2043,0.023860,4.401
681899,520,402,922,243,38,128,1.76,0.9423,0.5763,0.220027,2,7,99,265.16,0.9908,0.1324,0.010656,4.452
681901,520,439,959,238,27,84,15.01,0.9684,0.5482,0.196043,11,22,10,142.40,0.5073,0.0864,0.006669,4.342
681914,520,143,663,254,189,154,49.42,0.9410,0.8250,0.598011,42,98,55,149.04,0.7952,0.3602,0.095031,4.468
681931,520,463,983,198,45,190,330.47,0.8727,0.5268,0.176020,1,9,12,215.36,0.7170,0.0458,0.002284,4.323
681934,520,417,937,221,55,187,337.83,0.8792,0.5734,0.216947,11,33,16,149.22,0.7287,0.1212,0.011962,4.308
681985,520,349,869,251,20,221,335.29,0.9917,0.6282,0.262332,9,47,73,243.57,0.7695,0.1918,0.025720,4.125
681996,520,433,953,186,41,254,311.00,0.9946,0.5529,0.191818,6,18,54,265.47,0.8325,0.0978,0.007376,4.215
682017,520,423,943,187,56,251,311.31,0.9760,0.5632,0.203593,19,26,25,185.78,0.1526,0.1084,0.009474,4.264
682025,520,452,972,96,104,253,275.28,0.9832,0.5313,0.194785,2,15,32,252.18,0.7619,0.0710,0.004588,4.484
682029,520,425,945,235,27,145,353.90,0.9545,0.5614,0.204934,20,24,31,261.60,0.1841,0.1064,0.009009,4.320
682034,520,452,972,219,65,28,34.18,0.9456,0.5317,0.189271,16,6,34,296.35,0.7022,0.0654,0.003559,4.467
682037,520,392,912,239,5,194,339.58,0.9959,0.5871,0.223573,55,24,13,39.93,0.6114,0.1483,0.014947,4.212
682039,520,347,867,246,1,250,327.49,0.9998,0.6344,0.265195,29,41,79,268.54,0.5581,0.1898,0.024115,4.253
682056,520,437,957,245,11,58,21.94,0.9936,0.5530,0.199608,46,3,0,32.64,1.0000,0.0944,0.006461,4.421
682059,520,383,903,235,29,217,332.68,0.9773,0.6000,0.235533,46,15,70,306.26,0.7598,0.1477,0.013647,4.486
682076,520,324,844,251,83,176,350.23,0.9528,0.6483,0.298335,70,40,0,67.56,1.0000,0.2072,0.028198,4.454
682083,520,440,960,193,9,252,314.02,0.9949,0.5490,0.185624,23,14,44,294.18,0.6056,0.0946,0.006781,4.150
682087,520,361,881,192,100,246,310.94,0.9105,0.6190,0.269756,10,35,96,263.73,0.8991,0.1800,0.021110,4.497
682123,520,336,856,243,70,217,334.80,0.9377,0.6414,0.284475,27,41,94,268.86,0.7034,0.2010,0.026269,4.385
682126,520,318,838,252,92,170,353.57,0.9553,0.6582,0.312552,80,38,19,43.84,0.6586,0.2221,0.031390,4.455
682129,520,466,986,116,92,247,284.33,0.9287,0.5200,0.180823,4,8,9,211.36,0.2362,0.0452,0.002192,4.423
682139,520,409,929,224,82,91,20.11,0.7906,0.5717,0.226398,16,25,66,269.95,0.7258,0.1303,0.011987,4.459
682158,520,404,924,215,58,212,328.86,0.8989,0.5806,0.222287,53,19,0,49.20,1.0000,0.1330,0.012227,4.376
682181,520,464,984,214,62,9,35.99,0.9831,0.5175,0.177636,2,1,45,268.66,0.9911,0.0527,0.002241,4.357
682186,520,329,849,216,100,250,317.89,0.9624,0.6544,0.306169,50,50,35,107.78,0.2508,0.2116,0.030807,4.408
682188,520,26,546,250,249,202,106.47,0.8684,0.9665,0.923399,11,132,48,146.98,0.9926,0.4619,0.167863,4.468
682202,520,437,957,186,76,206,321.19,0.7893,0.5498,0.200654,24,20,12,84.34,0.2674,0.0932,0.007211,4.381
682203,520,270,790,206,138,250,310.87,0.9172,0.7027,0.382018,20,69,64,185.62,0.7238,0.2594,0.047749,4.420
682219,520,158,678,242,176,246,324.65,0.9155,0.8150,0.565831,79,88,26,117.11,0.7612,0.3517,0.087163,4.490
682247,520,398,918,187,73,248,310.99,0.9501,0.5780,0.221082,18,24,77,272.01,0.8163,0.1400,0.013176,4.291
682261,520,475,995,214,18,153,346.24,0.9531,0.5204,0.170310,5,3,8,305.16,0.3704,0.0328,0.001149,4.307
682266,520,200,720,186,190,212,277.49,0.2421,0.7735,0.520193,19,92,3,140.98,0.9964,0.3246,0.077990,4.455
682277,520,309,829,221,112,221,327.34,0.8089,0.6618,0.321827,8,63,21,146.81,0.9757,0.2229,0.036606,4.293
682286,520,415,935,238,28,143,355.22,0.9562,0.5669,0.209939,34,7,73,294.23,0.8853,0.1243,0.009731,4.352
682287,520,341,861,232,84,196,338.67,0.8476,0.6268,0.274844,50,48,21,104.89,0.5210,0.2026,0.028462,4.140
682288,520,464,984,200,79,73,25.87,0.7391,0.5205,0.183543,6,10,11,212.35,0.1715,0.0523,0.002800,4.423
682314,520,404,924,239,22,179,343.96,0.9758,0.5831,0.221822,3,30,52,246.57,0.8175,0.1250,0.011958,4.387
682317,520,346,866,232,72,223,330.34,0.9168,0.6286,0.271206,45,32,86,290.49,0.6433,0.1897,0.022628,4.423
682322,520,441,961,215,67,95,13.69,0.7985,0.5370,0.192900,25,8,50,296.95,0.7735,0.0919,0.006106,4.329
682323,520,407,927,247,38,64,22.33,0.9676,0.5688,0.215341,45,24,11,51.40,0.5461,0.1313,0.012354,4.255
682370,520,369,889,236,88,108,15.65,0.8271,0.6053,0.258979,45,38,35,44.60,0.1137,0.1725,0.020655,4.373
682373,520,395,915,229,45,196,337.00,0.9302,0.5852,0.225229,9,40,23,155.96,0.8311,0.1449,0.016375,4.147
682379,520,479,999,219,47,22,31.34,0.9674,0.5131,0.171537,3,0,0,29.23,1.0000,0.0143,0.000194,4.414
682390,520,476,996,193,83,1,46.73,0.9950,0.5071,0.175280,1,2,6,265.10,0.5131,0.0236,0.000630,4.450
682393,520,361,881,239,16,244,327.20,0.9945,0.6208,0.252556,21,33,99,269.42,0.8533,0.1837,0.021479,4.233
682404,520,418,938,216,63,158,346.84,0.8086,0.5572,0.206248,25,5,80,282.93,0.9516,0.1197,0.008944,4.347
682442,520,472,992,206,5,184,334.41,0.9890,0.5193,0.166931,14,0,3,3.21,1.0000,0.0323,0.001000,4.254
682446,520,471,991,186,7,229,317.19,0.9924,0.5176,0.162495,8,4,5,359.83,0.2296,0.0376,0.001494,4.127
682459,520,410,930,238,27,158,350.29,0.9607,0.5729,0.214327,50,8,46,332.10,0.7479,0.1270,0.010491,4.370
682472,520,467,987,167,71,219,311.20,0.8252,0.5248,0.178372,16,1,18,324.09,0.7990,0.0443,0.001756,4.413
682491,520,259,779,249,136,128,25.15,0.8836,0.7077,0.393093,55,68,3,121.35,0.9633,0.2660,0.049530,4.452
682493,520,365,885,251,61,141,0.53,0.9579,0.6128,0.257732,62,27,22,29.60,0.5446,0.1685,0.018661,4.482
682506,520,384,904,243,23,176,345.74,0.9765,0.5895,0.228052,5,31,82,261.62,0.9164,0.1544,0.016213,4.199
682510,520,458,978,186,33,236,315.15,0.9602,0.5329,0.175842,19,4,33,305.12,0.7566,0.0641,0.003351,4.233
682515,520,388,908,229,44,198,336.41,0.9343,0.5857,0.225391,30,30,67,280.50,0.5553,0.1539,0.016098,4.166
682519,520,370,890,198,92,244,314.11,0.9137,0.6143,0.261929,64,29,3,53.06,0.8583,0.1730,0.019755,4.472
682522,520,456,976,225,12,121,359.66,0.9770,0.5268,0.176537,12,6,36,287.10,0.7417,0.0631,0.003358,4.246
682532,520,438,958,235,16,113,4.40,0.9777,0.5457,0.192281,23,18,11,75.84,0.2612,0.0869,0.006389,4.297
682533,520,479,999,153,41,254,300.97,0.9946,0.5057,0.155143,1,0,0,29.23,1.0000,0.0090,0.000065,4.098
682545,520,415,935,202,67,220,322.76,0.8734,0.5734,0.217398,14,19,72,271.64,0.8648,0.1222,0.010269,4.437
682565,520,398,918,241,67,73,23.72,0.9204,0.5819,0.231993,27,31,44,271.14,0.2542,0.1381,0.013948,4.410
682575,520,465,985,147,84,227,300.35,0.8138,0.5231,0.180900,13,3,28,299.89,0.7647,0.0518,0.002345,4.411
682591,520,379,899,236,69,161,351.05,0.8541,0.6005,0.246651,18,41,52,230.83,0.4885,0.1645,0.019623,4.261
682623,520,464,984,190,37,204,324.20,0.9127,0.5169,0.166314,9,8,3,100.80,0.3806,0.0478,0.002383,4.129
682634,520,391,911,247,62,56,27.44,0.9612,0.5862,0.235084,11,28,82,265.86,0.8730,0.1499,0.015108,4.379
682636,520,474,994,184,15,234,315.38,0.9852,0.5205,0.164737,2,2,13,278.10,0.6963,0.0285,0.000854,4.223
682649,520,437,957,239,22,86,14.19,0.9763,0.5487,0.195997,10,20,38,261.40,0.5137,0.0925,0.007048,4.312
682650,520,210,730,228,179,30,87.82,0.9320,0.7551,0.488295,12,89,1,141.51,0.9988,0.3125,0.072248,4.403
682652,520,396,916,197,93,187,331.17,0.6929,0.5791,0.232883,35,27,51,298.30,0.4118,0.1406,0.013802,4.434
682670,520,408,928,198,82,195,328.64,0.7595,0.5693,0.219820,37,26,37,326.37,0.2615,0.1329,0.012657,4.306
682680,520,375,895,160,118,232,298.72,0.7509,0.6014,0.262568,18,45,13,140.63,0.8879,0.1637,0.020344,4.443
682707,520,467,987,212,54,96,10.33,0.8327,0.5175,0.174823,12,0,27,303.03,1.0000,0.0430,0.001573,4.359
682709,520,228,748,228,154,203,340.10,0.6449,0.7369,0.439185,38,81,0,135.27,1.0000,0.2949,0.062967,4.330
682715,520,427,947,252,5,31,26.90,0.9981,0.5640,0.209067,7,23,36,244.85,0.5625,0.0973,0.007853,4.478
682716,520,345,865,207,121,164,349.37,0.5446,0.6306,0.296220,19,51,49,189.83,0.5666,0.1946,0.027277,4.480
682744,520,378,898,208,55,255,316.47,1.0000,0.5972,0.233638,23,40,36,177.86,0.3264,0.1571,0.018271,4.155
682746,520,429,949,210,24,205,329.61,0.9632,0.5457,0.187647,33,6,49,309.67,0.7920,0.0986,0.006754,4.187
682756,520,462,982,224,3,138,353.36,0.9937,0.5295,0.177501,15,5,2,47.27,0.5481,0.0465,0.002145,4.363
682764,520,458,978,194,75,154,343.07,0.7021,0.5315,0.188362,4,15,11,170.82,0.5162,0.0626,0.003916,4.421
682765,520,420,940,215,32,213,328.76,0.9570,0.5635,0.202863,48,9,17,12.17,0.7102,0.1111,0.008643,4.312
682767,520,391,911,224,81,154,352.17,0.7699,0.5903,0.240676,55,26,22,28.95,0.4770,0.1544,0.016091,4.398
682778,520,304,824,244,106,185,347.47,0.8689,0.6700,0.330467,66,51,21,82.81,0.5860,0.2313,0.035801,4.434
682780,520,362,882,237,97,30,41.86,0.9489,0.6083,0.266506,31,35,85,275.68,0.6559,0.1816,0.021492,4.427
682790,520,392,912,203,73,233,319.47,0.8920,0.5904,0.233463,54,26,16,40.20,0.5397,0.1513,0.015606,4.321
682805,520,396,916,227,73,151,353.17,0.8050,0.5847,0.233329,11,34,59,252.63,0.6597,0.1450,0.015309,4.338
682816,520,383,903,239,29,211,335.16,0.9772,0.6035,0.239354,31,22,84,282.47,0.7896,0.1540,0.015052,4.448
682820,520,410,930,255,2,38,25.91,1.0000,0.5703,0.214472,39,27,16,63.37,0.3694,0.1306,0.012527,4.230
682850,520,478,998,223,35,42,26.19,0.9614,0.5142,0.170600,3,0,14,293.16,1.0000,0.0236,0.000511,4.367
682862,520,320,840,238,109,143,5.69,0.7766,0.6493,0.311002,61,48,1,92.11,0.9734,0.2141,0.031083,4.452
682864,520,447,967,181,70,214,317.50,0.8248,0.5403,0.190602,6,13,49,268.76,0.8446,0.0829,0.005483,4.337
682873,520,335,855,244,55,235,330.30,0.9649,0.6415,0.279664,43,48,44,151.50,0.0892,0.2014,0.028093,4.221
682874,520,396,916,255,27,2,30.23,1.0000,0.5753,0.220521,63,7,3,30.42,0.9411,0.1367,0.012155,4.352
682882,520,379,899,246,74,93,18.94,0.9272,0.6028,0.252840,9,45,6,141.83,0.9691,0.1585,0.019479,4.359
682885,520,469,989,194,74,126,356.38,0.6841,0.5180,0.178750,7,3,19,295.08,0.6586,0.0402,0.001573,4.435
682887,520,445,965,230,6,130,357.39,0.9897,0.5391,0.185679,24,3,52,296.66,0.8970,0.0846,0.005073,4.279
682900,520,470,990,198,78,74,24.99,0.7321,0.5156,0.179509,15,1,3,9.58,0.7647,0.0366,0.001299,4.474
682920,520,471,991,208,15,177,337.04,0.9657,0.5211,0.169280,13,1,20,314.00,0.8199,0.0419,0.001578,4.251
682924,520,125,645,241,203,188,42.70,0.5571,0.8494,0.650447,22,105,80,167.69,0.9035,0.3826,0.108524,4.419
682942,520,461,981,219,40,117,1.43,0.8863,0.5262,0.178646,13,7,14,321.81,0.3050,0.0530,0.002692,4.339
682945,520,444,964,241,11,0,29.62,1.0000,0.5402,0.189435,16,18,19,229.04,0.0561,0.0823,0.005898,4.283
682970,520,417,937,206,17,253,317.18,0.9916,0.5725,0.206162,22,18,61,281.77,0.7145,0.1155,0.009401,4.312
682982,520,304,824,172,145,231,297.59,0.6717,0.6680,0.347911,4,64,41,161.01,0.9711,0.2298,0.038525,4.495
682986,520,375,895,207,67,252,316.40,0.9821,0.6039,0.243095,47,34,18,71.30,0.4336,0.1598,0.017921,4.315
682996,520,9,529,254,253,240,103.14,0.8668,0.9899,0.976128,19,136,22,142.90,0.9909,0.4735,0.178039,4.500
683001,520,409,929,236,48,135,358.73,0.9022,0.5716,0.216990,57,14,9,29.77,0.7860,0.1339,0.012038,4.304
683002,520,373,893,219,71,207,331.35,0.8659,0.5967,0.240736,49,32,19,57.92,0.4172,0.1579,0.017331,4.318
683003,520,467,987,206,72,31,36.58,0.9100,0.5158,0.178577,1,0,39,267.19,1.0000,0.0429,0.001529,4.436
683010,520,306,826,244,107,189,345.99,0.8742,0.6732,0.334253,19,64,35,152.10,0.8690,0.2328,0.039264,4.305
683016,520,382,902,218,103,104,21.36,0.6843,0.5963,0.256076,0,46,13,148.24,1.0000,0.1595,0.019830,4.383
683045,520,454,974,224,57,5,34.54,0.9928,0.5319,0.187873,20,14,10,55.33,0.2154,0.0740,0.004847,4.337
683046,520,401,921,249,15,124,3.07,0.9865,0.5776,0.219401,62,9,3,31.81,0.9319,0.1369,0.012263,4.327
683049,520,444,964,199,38,217,323.35,0.9356,0.5422,0.185397,11,2,64,275.68,0.9820,0.0837,0.004847,4.292
683061,520,474,994,225,26,86,12.72,0.9556,0.5212,0.174211,3,4,10,272.68,0.3793,0.0342,0.001281,4.372
683069,520,430,950,219,62,130,358.59,0.8089,0.5500,0.201195,23,13,48,292.34,0.6692,0.0960,0.006834,4.420
683073,520,428,948,193,30,253,313.49,0.9905,0.5566,0.193591,28,15,35,312.92,0.4709,0.0964,0.007099,4.266
683075,520,395,915,254,43,71,21.46,0.9942,0.5873,0.232573,61,15,12,27.42,0.7742,0.1439,0.013605,4.443
683081,520,437,957,238,38,84,15.92,0.9487,0.5540,0.202067,32,16,0,68.85,1.0000,0.0917,0.006777,4.440
683082,520,404,924,212,66,209,328.79,0.8685,0.5813,0.224988,28,33,9,119.45,0.6322,0.1327,0.013543,4.328
683084,520,477,997,220,40,20,30.52,0.9733,0.5095,0.167865,2,0,12,289.00,1.0000,0.0208,0.000394,4.323
683089,520,362,882,246,83,46,34.09,0.9491,0.6064,0.259799,54,36,36,18.94,0.2469,0.1798,0.021735,4.319
683092,520,368,888,249,55,159,353.50,0.9462,0.6109,0.253786,9,48,23,151.49,0.9205,0.1718,0.022338,4.200
683093,520,460,980,237,17,30,27.20,0.9905,0.5345,0.185024,20,2,36,305.21,0.8572,0.0637,0.003195,4.418
683109,520,407,927,252,25,20,28.95,0.9899,0.5688,0.214450,32,28,28,17.61,0.0681,0.1279,0.012214,4.251
683111,520,410,930,244,24,123,2.87,0.9709,0.5700,0.213198,53,2,53,328.27,0.8847,0.1301,0.010575,4.345
683119,520,444,964,176,48,246,309.43,0.9538,0.5361,0.179987,22,12,31,307.07,0.4821,0.0810,0.005325,4.157
683122,520,429,949,208,79,123,2.26,0.7085,0.5482,0.204340,40,7,32,338.68,0.6938,0.0997,0.007074,4.456
683127,520,370,890,240,34,211,335.41,0.9719,0.6075,0.243753,37,40,31,122.50,0.1745,0.1676,0.020098,4.191
683132,520,245,765,237,160,37,72.38,0.9284,0.7251,0.432819,32,78,11,138.15,0.9714,0.2824,0.057798,4.479
683133,520,461,981,234,24,52,23.37,0.9798,0.5329,0.183968,10,8,18,293.09,0.3427,0.0541,0.002819,4.430
683140,520,475,995,211,11,168,340.55,0.9739,0.5205,0.169176,1,3,10,260.97,0.6247,0.0289,0.000935,4.303
683142,520,424,944,217,38,204,331.67,0.9378,0.5643,0.204998,12,9,74,272.78,0.9503,0.1070,0.007679,4.421
683152,520,460,980,204,66,134,353.89,0.7522,0.5286,0.184570,6,11,23,264.33,0.4410,0.0597,0.003399,4.393
683160,520,372,892,192,103,221,317.24,0.7646,0.6073,0.261285,33,38,57,272.49,0.3113,0.1700,0.020049,4.444
683169,520,398,918,217,11,240,322.87,0.9940,0.5791,0.212844,9,30,63,259.22,0.7454,0.1363,0.013454,4.142
683172,520,418,938,117,114,244,280.39,0.8733,0.5602,0.223477,7,29,44,241.43,0.6482,0.1188,0.011057,4.479
683184,520,441,961,230,25,104,7.11,0.9567,0.5359,0.185207,29,16,24,342.30,0.3151,0.0942,0.006978,4.128
683193,520,279,799,236,139,88,47.45,0.7742,0.6862,0.370051,22,70,3,139.04,0.9921,0.2499,0.045573,4.395
683194,520,354,874,245,20,230,331.78,0.9917,0.6230,0.256289,12,14,124,267.60,0.9845,0.1797,0.018473,4.473
683205,520,466,986,170,17,252,307.39,0.9879,0.5155,0.159760,8,8,5,107.47,0.1802,0.0476,0.002362,4.006
683207,520,446,966,214,7,185,336.18,0.9875,0.5353,0.179531,27,12,9,32.19,0.4060,0.0784,0.005157,4.161
683225,520,388,908,224,21,239,324.76,0.9883,0.5929,0.226178,4,37,65,248.61,0.8325,0.1550,0.017305,4.103
683230,520,332,852,233,90,209,334.86,0.8672,0.6425,0.292418,46,37,90,287.52,0.6098,0.2046,0.026421,4.481
683232,520,421,941,246,1,105,8.37,0.9991,0.5628,0.206379,25,26,9,111.66,0.5032,0.1095,0.009652,4.298
683237,520,362,882,250,60,136,2.02,0.9496,0.6083,0.253367,54,21,85,303.64,0.7541,0.1811,0.019765,4.348
683238,520,475,995,192,38,206,324.23,0.9144,0.5224,0.170504,10,2,3,9.74,0.5207,0.0333,0.001145,4.311
683245,520,389,909,245,64,79,21.54,0.9373,0.5877,0.236471,62,16,30,5.19,0.6679,0.1521,0.014886,4.415
683260,520,418,938,249,26,45,25.57,0.9854,0.5646,0.210716,17,20,69,273.90,0.8044,0.1231,0.010491,4.310
683263,520,394,914,200,77,234,318.11,0.8876,0.5911,0.235290,28,24,70,282.26,0.6771,0.1413,0.013423,4.498
683283,520,331,851,222,78,253,319.94,0.9889,0.6384,0.280721,26,54,26,143.92,0.7139,0.2008,0.029324,4.169
683300,520,247,767,225,141,230,324.95,0.7975,0.7208,0.407720,66,67,16,110.48,0.7816,0.2754,0.052100,4.483
683304,520,468,988,200,10,201,328.06,0.9829,0.5208,0.167153,6,6,0,109.77,1.0000,0.0390,0.001690,4.201
683316,520,249,769,232,144,199,342.43,0.7058,0.7214,0.412277,58,63,97,276.83,0.3597,0.2843,0.053175,4.480
683329,520,395,915,232,16,220,331.22,0.9897,0.5924,0.226963,56,15,20,16.31,0.6671,0.1358,0.012330,4.443
683332,520,440,960,165,77,246,303.87,0.9275,0.5513,0.199614,12,23,12,144.42,0.4607,0.0904,0.007175,4.366
683343,520,259,779,248,137,117,31.34,0.8803,0.7055,0.391349,2,68,97,235.36,0.9611,0.2694,0.050099,4.409
683345,520,406,926,173,90,243,305.96,0.8902,0.5773,0.226683,17,15,87,273.07,0.9343,0.1344,0.011489,4.500
683368,520,354,874,232,40,244,325.40,0.9767,0.6179,0.252074,2,0,134,264.60,1.0000,0.1784,0.017340,4.486
683378,520,425,945,239,57,6,33.74,0.9941,0.5621,0.212934,5,12,78,267.23,0.9643,0.1121,0.008452,4.498
683383,520,424,944,207,35,226,323.34,0.9571,0.5605,0.199602,24,26,27,228.98,0.0445,0.1137,0.010121,4.152
683411,520,444,964,177,60,239,310.63,0.9154,0.5425,0.188117,22,13,24,320.15,0.3365,0.0792,0.005244,4.310
683430,520,412,932,220,71,142,354.97,0.7840,0.5663,0.216775,3,23,68,262.14,0.9290,0.1207,0.010494,4.410
683442,520,424,944,179,83,227,312.50,0.8289,0.5636,0.213172,17,29,16,142.62,0.4492,0.1126,0.010353,4.361
683465,520,378,898,192,98,216,319.11,0.7573,0.5964,0.249008,1,39,61,239.79,0.9446,0.1567,0.017943,4.401
683476,520,413,933,250,28,16,29.48,0.9893,0.5656,0.211956,38,24,22,28.12,0.2621,0.1236,0.011233,4.278
683477,520,442,962,197,29,223,321.43,0.9602,0.5384,0.180783,33,4,31,330.74,0.7457,0.0826,0.005091,4.189
683480,520,457,977,235,10,45,24.22,0.9936,0.5297,0.180719,14,3,37,293.00,0.8410,0.0598,0.002921,4.360
683485,520,383,903,220,33,249,321.41,0.9806,0.5981,0.231449,34,1,100,284.36,0.9932,0.1499,0.012819,4.480
683493,520,435,955,207,24,224,323.96,0.9738,0.5539,0.193023,27,8,49,300.57,0.7628,0.0935,0.006284,4.318
683512,520,404,924,216,10,244,321.73,0.9949,0.5803,0.213496,14,31,49,251.26,0.5183,0.1313,0.012950,4.186
683513,520,365,885,232,59,214,332.79,0.9268,0.6114,0.251413,52,28,58,319.39,0.4944,0.1696,0.018661,4.390
683519,520,426,946,220,18,207,331.64,0.9799,0.5629,0.201555,25,26,14,112.15,0.3314,0.1106,0.009772,4.209
683525,520,437,957,235,43,81,17.10,0.9357,0.5505,0.199871,13,17,46,273.81,0.6340,0.0932,0.006837,4.396
683539,520,364,884,250,10,187,343.93,0.9938,0.6051,0.241323,36,34,74,282.91,0.5445,0.1745,0.020135,4.154
683558,520,475,995,202,33,175,336.19,0.8996,0.5165,0.167413,2,4,13,266.29,0.5491,0.0344,0.001288,4.239
683564,520,430,950,212,42,197,332.32,0.9128,0.5536,0.196863,42,0,36,334.86,1.0000,0.0950,0.006197,4.393
683570,520,422,942,234,65,17,34.70,0.9793,0.5605,0.213165,15,21,51,271.85,0.6157,0.1076,0.008769,4.478
683595,520,452,972,180,48,236,312.85,0.9290,0.5336,0.178744,4,19,2,139.97,0.9436,0.0711,0.004959,4.162
683601,520,397,917,220,69,170,343.82,0.8125,0.5764,0.223765,43,20,50,317.89,0.5535,0.1359,0.012442,4.384
683605,520,446,966,181,50,244,311.29,0.9448,0.5434,0.186376,22,11,30,309.49,0.4962,0.0786,0.005037,4.295
683611,520,444,964,177,83,199,319.66,0.7315,0.5416,0.196582,6,19,18,189.40,0.4446,0.0770,0.005481,4.444
683618,520,374,894,245,33,173,347.28,0.9621,0.5959,0.235205,44,37,16,91.42,0.4996,0.1635,0.018961,4.136
683621,520,442,962,228,4,153,349.29,0.9930,0.5445,0.188835,38,5,6,22.67,0.7926,0.0833,0.005338,4.316
683630,520,354,874,220,73,242,322.16,0.9402,0.6226,0.263934,70,29,2,49.67,0.9097,0.1838,0.021854,4.369
683635,520,390,910,211,70,218,325.90,0.8757,0.5895,0.232930,53,18,46,335.85,0.6013,0.1459,0.013869,4.430
683645,520,468,988,210,14,171,339.38,0.9670,0.5211,0.169582,3,0,31,276.32,1.0000,0.0371,0.001183,4.290
683654,520,383,903,242,0,213,335.25,1.0000,0.6029,0.236843,53,29,6,61.13,0.7394,0.1547,0.016489,4.314
683657,520,347,867,226,71,239,324.59,0.9355,0.6280,0.269093,67,33,24,35.76,0.5181,0.1900,0.023471,4.343
683678,520,14,534,250,250,246,106.50,0.3103,0.9814,0.953491,12,131,107,173.49,0.9681,0.4728,0.173715,4.486
683680,520,478,998,176,36,226,314.40,0.9399,0.5105,0.159839,0,2,4,233.51,1.0000,0.0210,0.000522,4.153
683687,520,471,991,186,46,210,321.18,0.8924,0.5211,0.170476,1,1,33,267.94,0.9855,0.0394,0.001380,4.291
683698,520,400,920,236,75,56,30.18,0.9091,0.5789,0.231536,34,17,78,289.08,0.7967,0.1426,0.012910,4.475
683699,520,466,986,213,34,130,354.77,0.8913,0.5154,0.169043,4,1,39,274.72,0.9790,0.0483,0.001940,4.217
683704,520,448,968,192,25,235,317.26,0.9740,0.5378,0.179013,6,11,46,270.21,0.8412,0.0763,0.004753,4.183
683705,520,31,551,227,248,240,170.98,0.5421,0.9552,0.897564,16,130,25,143.41,0.9917,0.4535,0.161449,4.481
683723,520,457,977,232,28,65,20.20,0.9688,0.5324,0.183710,7,14,0,127.14,1.0000,0.0593,0.003592,4.361
683728,520,408,928,251,28,72,19.74,0.9799,0.5733,0.218113,18,34,19,145.76,0.5145,0.1294,0.013196,4.243
683732,520,310,830,185,141,199,317.86,0.4697,0.6572,0.334882,4,63,18,146.41,0.9892,0.2213,0.036243,4.463
683733,520,472,992,200,46,168,338.12,0.8405,0.5179,0.170624,0,3,6,233.51,1.0000,0.0257,0.000783,4.344
683742,520,424,944,234,28,156,350.10,0.9529,0.5647,0.207262,32,9,54,303.11,0.7699,0.1058,0.007688,4.460
683776,520,428,948,181,68,242,310.75,0.9206,0.5591,0.203697,35,5,43,318.44,0.7792,0.0954,0.006403,4.498
683786,520,375,895,242,14,198,339.21,0.9902,0.5968,0.232716,59,26,10,44.90,0.6857,0.1589,0.016906,4.226
683790,520,374,894,191,86,245,312.03,0.9212,0.5973,0.243256,75,4,26,10.41,0.9046,0.1649,0.016575,4.405
683793,520,456,976,163,76,227,307.37,0.8371,0.5320,0.185021,16,7,22,310.91,0.4892,0.0598,0.003201,4.418
683795,520,408,928,122,121,226,281.39,0.7250,0.5659,0.233029,18,35,14,139.78,0.6621,0.1313,0.013623,4.449
683801,520,407,927,221,3,223,327.87,0.9977,0.5722,0.207672,1,36,18,156.60,0.9837,0.1266,0.013118,4.082
683805,520,448,968,216,77,1,40.63,0.9976,0.5401,0.199113,22,13,32,304.61,0.4688,0.0835,0.005627,4.478
683815,520,458,978,201,67,149,346.66,0.7491,0.5310,0.186036,18,2,38,299.86,0.8759,0.0629,0.003120,4.443
683828,520,434,954,202,57,205,327.13,0.8684,0.5535,0.198923,45,10,7,28.58,0.7532,0.1045,0.007904,4.299
683832,520,419,939,197,4,253,314.93,0.9978,0.5552,0.190504,44,14,13,24.18,0.6021,0.1102,0.008787,4.091
683843,520,456,976,182,16,247,311.94,0.9881,0.5289,0.170322,9,11,18,271.91,0.2435,0.0597,0.003411,4.125
683854,520,341,861,176,128,225,305.70,0.6842,0.6343,0.301051,36,49,51,207.86,0.1871,0.2007,0.028107,4.495
683857,520,414,934,225,76,111,10.14,0.7898,0.5708,0.223267,29,27,27,17.39,0.0350,0.1216,0.011242,4.462
683878,520,286,806,246,97,245,327.98,0.9627,0.6914,0.347373,36,64,15,134.42,0.8954,0.2385,0.040763,4.378
683928,520,247,767,240,133,211,338.15,0.8506,0.7178,0.400056,64,64,72,285.73,0.0915,0.2796,0.052246,4.402
683930,520,430,950,215,47,183,337.35,0.8849,0.5541,0.199012,11,21,46,265.58,0.6034,0.1011,0.008047,4.290
683937,520,363,883,225,31,255,321.36,1.0000,0.6100,0.242097,36,36,63,282.64,0.4002,0.1714,0.019957,4.175
683957,520,439,959,200,3,239,318.78,0.9978,0.5482,0.185781,14,22,4,128.19,0.7192,0.0872,0.006759,4.154
683961,520,433,953,219,35,173,341.30,0.9188,0.5480,0.192817,4,15,66,266.08,0.9336,0.1025,0.007608,4.215
683965,520,408,928,182,101,178,328.93,0.5913,0.5656,0.224679,18,13,89,273.77,0.9451,0.1347,0.011376,4.475
683967,520,477,997,211,59,59,25.32,0.8738,0.5127,0.172950,1,1,8,277.00,0.7555,0.0209,0.000457,4.419
683987,520,420,940,213,59,178,338.69,0.8363,0.5580,0.204905,14,24,48,265.39,0.5487,0.1119,0.009600,4.277
684014,520,397,917,229,8,219,330.77,0.9946,0.5846,0.219487,9,28,68,262.76,0.8069,0.1355,0.013059,4.274
684021,520,462,982,191,37,222,319.82,0.9390,0.5320,0.176748,26,0,4,12.23,1.0000,0.0514,0.002284,4.337
684026,520,414,934,240,29,132,359.36,0.9564,0.5671,0.210731,46,17,6,41.42,0.7032,0.1177,0.009950,4.349
684029,520,144,664,250,179,236,333.69,0.9530,0.8260,0.586220,5,97,87,182.63,0.9714,0.3563,0.092693,4.459
684039,520,459,979,227,40,54,24.08,0.9496,0.5274,0.181177,14,1,39,293.13,0.9425,0.0574,0.002616,4.394
684048,520,232,752,177,172,244,286.94,0.7486,0.7383,0.453835,5,82,48,156.94,0.9820,0.2935,0.062800,4.467
684050,520,430,950,232,14,149,351.61,0.9783,0.5528,0.196427,36,16,20,7.69,0.4044,0.1027,0.007962,4.252
684059,520,478,998,198,77,7,42.68,0.9743,0.5068,0.173308,4,0,11,304.75,1.0000,0.0232,0.000500,4.422
684068,520,281,801,240,115,208,338.15,0.8718,0.6875,0.353432,66,48,89,303.09,0.4555,0.2514,0.039935,4.486
684079,520,468,988,153,76,229,303.23,0.8432,0.5204,0.175987,6,1,26,288.45,0.9074,0.0387,0.001350,4.401
684085,520,415,935,224,20,209,332.10,0.9797,0.5720,0.209535,8,25,58,261.88,0.7574,0.1189,0.010523,4.288
684098,520,398,918,196,95,188,330.43,0.6844,0.5813,0.235524,45,22,50,320.27,0.5205,0.1426,0.013620,4.488
684099,520,429,949,233,17,127,359.27,0.9731,0.5467,0.192598,2,27,25,187.83,0.8673,0.1004,0.008669,4.135
684101,520,456,976,210,74,40,34.95,0.8866,0.5269,0.187547,3,10,29,262.47,0.7056,0.0587,0.003251,4.461
684112,520,474,994,168,52,239,308.22,0.9225,0.5218,0.170136,1,5,10,241.51,0.6099,0.0348,0.001369,4.285
684141,520,450,970,188,58,219,319.03,0.8782,0.5416,0.188332,20,7,34,303.36,0.6646,0.0716,0.004162,4.400
684150,520,423,943,216,30,208,330.34,0.9576,0.5610,0.200837,1,27,49,246.75,0.9096,0.1134,0.010120,4.172
684159,520,452,972,224,0,131,355.70,1.0000,0.5259,0.174887,4,20,4,143.48,0.9055,0.0745,0.005349,4.063
684161,520,477,997,193,42,173,334.35,0.8500,0.5050,0.160122,3,0,1,353.79,1.0000,0.0152,0.000216,4.184
684167,520,299,819,220,112,237,322.03,0.8819,0.6694,0.329200,4,58,82,234.45,0.9050,0.2296,0.036609,4.378
684178,520,408,928,234,69,69,25.11,0.8922,0.5700,0.221813,56,3,43,340.43,0.8353,0.1305,0.010804,4.470
684184,520,448,968,242,9,18,28.32,0.9961,0.5425,0.191197,1,12,51,263.14,0.9595,0.0794,0.005084,4.379
684191,520,362,882,226,76,196,336.78,0.8493,0.6076,0.253255,34,45,14,125.96,0.6767,0.1757,0.022485,4.184
684192,520,443,963,182,93,160,337.37,0.5873,0.5428,0.203131,10,22,0,130.64,1.0000,0.0834,0.006383,4.489
684196,520,295,815,243,111,195,343.74,0.8709,0.6801,0.343663,17,69,8,141.10,0.9816,0.2449,0.043928,4.191
684199,520,410,930,225,54,178,341.70,0.8801,0.5749,0.218627,60,3,18,12.09,0.8989,0.1283,0.010696,4.426
684208,520,341,861,240,30,245,327.14,0.9875,0.6276,0.260490,64,31,66,325.11,0.5338,0.1985,0.024634,4.160
684239,520,456,976,231,24,85,13.68,0.9667,0.5325,0.183011,24,3,15,346.30,0.6817,0.0586,0.002938,4.402
684248,520,437,957,222,3,184,338.42,0.9954,0.5489,0.190579,1,19,45,255.28,0.9134,0.0894,0.006616,4.249
684252,520,429,949,194,15,246,315.51,0.9899,0.5468,0.184662,14,14,61,275.33,0.8383,0.1016,0.007443,4.085
684269,520,427,947,225,3,185,338.85,0.9958,0.5552,0.195780,17,20,40,275.68,0.4465,0.0989,0.007727,4.258
684287,520,432,952,185,63,230,315.10,0.8874,0.5503,0.195836,5,24,39,244.38,0.6670,0.1006,0.008320,4.215
684293,520,445,965,199,65,173,336.53,0.7801,0.5373,0.189416,34,0,29,334.67,1.0000,0.0761,0.004288,4.410
684297,520,375,895,230,2,237,326.73,0.9991,0.5977,0.229833,52,32,26,37.42,0.3358,0.1641,0.018378,4.092
684304,520,473,993,205,66,100,9.82,0.7629,0.5185,0.177978,8,1,7,331.57,0.6759,0.0298,0.000887,4.480
684326,520,304,824,252,89,199,343.03,0.9719,0.6671,0.319668,5,65,14,144.74,0.9891,0.2281,0.038444,4.180
684329,520,372,892,202,75,254,314.13,0.9927,0.6063,0.247458,1,21,117,264.30,0.9775,0.1749,0.018270,4.357
684332,520,389,909,252,51,85,18.32,0.9795,0.5913,0.237226,65,17,7,33.76,0.8395,0.1541,0.015402,4.392
684350,520,389,909,206,70,236,319.74,0.9088,0.5938,0.235598,35,37,16,113.39,0.4852,0.1529,0.017179,4.251
684362,520,362,882,236,63,184,342.80,0.8907,0.6053,0.248513,58,37,9,70.43,0.7201,0.1820,0.022425,4.122
684364,520,450,970,220,44,130,356.99,0.8724,0.5358,0.186313,22,7,23,324.95,0.5338,0.0674,0.003844,4.389
684368,520,459,979,193,16,222,320.73,0.9804,0.5258,0.169835,10,7,30,285.58,0.6383,0.0590,0.003102,4.140
684370,520,459,979,220,23,141,351.89,0.9432,0.5284,0.177541,22,8,9,15.41,0.3990,0.0640,0.003640,4.242
684373,520,330,850,232,95,200,337.74,0.8373,0.6427,0.295127,4,52,84,244.55,0.8857,0.2129,0.031217,4.249
684384,520,388,908,211,66,226,323.84,0.9005,0.5907,0.232381,26,13,94,278.36,0.9308,0.1472,0.013156,4.471
684407,520,423,943,209,2,239,321.13,0.9987,0.5631,0.198325,29,23,18,61.78,0.1827,0.1082,0.009177,4.196
684410,520,405,925,237,73,10,36.84,0.9884,0.5751,0.227946,37,29,17,77.25,0.3407,0.1333,0.013125,4.403
684417,520,466,986,208,55,126,356.97,0.8024,0.5208,0.176508,6,0,44,277.22,1.0000,0.0530,0.002206,4.339
684423,520,430,950,158,98,210,306.77,0.6953,0.5475,0.206581,12,20,40,266.14,0.5093,0.0951,0.007317,4.477
684427,520,365,885,243,81,108,14.67,0.8860,0.6088,0.260254,19,47,4,136.81,0.9684,0.1698,0.021802,4.321
684446,520,429,949,241,12,62,20.74,0.9919,0.5453,0.193149,35,7,40,321.32,0.7189,0.0963,0.006625,4.294
684500,520,457,977,226,50,26,31.15,0.9638,0.5303,0.185274,5,13,23,252.03,0.4628,0.0633,0.003820,4.372
684505,520,425,945,208,19,230,322.83,0.9835,0.5583,0.195906,27,22,35,301.84,0.2830,0.1104,0.009282,4.148
684523,520,392,912,252,55,27,31.26,0.9874,0.5874,0.235106,42,12,81,296.87,0.8442,0.1488,0.013493,4.490
684533,520,376,896,238,51,189,341.34,0.9264,0.6017,0.242218,13,16,108,268.77,0.9712,0.1604,0.015387,4.469
684536,520,434,954,219,27,188,336.66,0.9520,0.5525,0.194771,13,9,69,274.51,0.9327,0.1017,0.007106,4.286
684540,520,470,990,218,0,142,350.61,1.0000,0.5185,0.168609,12,0,20,313.15,1.0000,0.0381,0.001287,4.262
684542,520,396,916,225,42,204,333.72,0.9388,0.5809,0.220255,15,31,64,262.98,0.6561,0.1427,0.014516,4.189
684553,520,388,908,228,45,205,334.21,0.9376,0.5887,0.227810,3,16,101,265.27,0.9766,0.1468,0.013294,4.389
684555,520,402,922,253,21,78,17.89,0.9889,0.5759,0.219728,58,9,23,8.43,0.7600,0.1328,0.011569,4.381
684556,520,418,938,227,63,111,7.99,0.8382,0.5597,0.210363,34,25,15,69.13,0.3311,0.1187,0.010699,4.289
684559,520,402,922,148,104,251,293.31,0.9376,0.5764,0.231615,16,35,27,165.12,0.4639,0.1336,0.013913,4.406
684560,520,381,901,253,15,157,353.37,0.9888,0.5980,0.236622,43,37,7,97.88,0.7433,0.1608,0.018521,4.183
684567,520,402,922,212,68,207,329.36,0.8592,0.5821,0.226382,48,20,18,25.46,0.5085,0.1294,0.011725,4.478
684570,520,408,928,239,17,156,350.90,0.9790,0.5705,0.211550,1,19,83,263.73,0.9835,0.1279,0.010966,4.290
684577,520,441,961,210,48,179,337.30,0.8666,0.5437,0.190723,0,14,60,262.39,1.0001,0.0917,0.006403,4.268
684582,520,445,965,213,76,66,27.66,0.8184,0.5386,0.197107,6,18,32,252.45,0.5484,0.0812,0.005756,4.432
684593,520,431,951,226,71,49,31.13,0.9021,0.5543,0.208997,30,18,26,339.57,0.2868,0.1006,0.007832,4.478
684605,520,418,938,217,49,189,336.06,0.8907,0.5626,0.206247,54,0,34,348.01,1.0000,0.1178,0.008999,4.343
684612,520,396,916,191,100,179,332.31,0.6230,0.5773,0.234467,14,38,28,164.32,0.5853,0.1422,0.015634,4.334
684619,520,462,982,228,42,0,32.28,1.0000,0.5270,0.181529,11,4,17,309.70,0.5457,0.0455,0.001985,4.454
684632,520,411,931,236,49,128,1.34,0.8999,0.5699,0.215910,4,28,45,242.56,0.7535,0.1151,0.010457,4.398
684648,520,358,878,236,24,254,324.27,0.9966,0.6250,0.256444,16,12,126,268.86,0.9859,0.1823,0.018793,4.455
684654,520,328,848,249,81,193,343.84,0.9471,0.6502,0.298779,45,49,56,261.71,0.1124,0.2113,0.030400,4.338
684657,520,367,887,218,66,237,323.02,0.9276,0.6092,0.249182,56,24,59,324.07,0.5789,0.1688,0.018099,4.393
684681,520,479,999,161,26,253,304.26,0.9907,0.5069,0.154083,0,0,4,264.05,1.0000,0.0106,0.000088,4.075
684692,520,328,848,247,59,237,330.50,0.9692,0.6507,0.290194,30,36,114,272.58,0.8476,0.2116,0.027525,4.388
684696,520,479,999,212,37,113,1.34,0.8817,0.5088,0.165148,0,0,8,264.05,1.0000,0.0143,0.000175,4.288
684697,520,399,919,234,39,174,344.68,0.9348,0.5788,0.220023,18,34,45,239.72,0.3991,0.1399,0.014621,4.179
684700,520,345,865,253,39,203,340.51,0.9878,0.6289,0.266488,64,7,98,307.28,0.9125,0.1941,0.021239,4.443
684720,520,454,974,221,53,90,13.79,0.8692,0.5326,0.186592,24,0,45,303.84,1.0000,0.0728,0.003837,4.395
684726,520,386,906,255,48,6,31.92,1.0000,0.5872,0.233909,47,29,36,354.45,0.2866,0.1531,0.016105,4.295
684733,520,198,718,236,172,149,40.61,0.6187,0.7660,0.495096,41,87,17,137.22,0.9549,0.3177,0.073281,4.422
684758,520,434,954,229,61,4,35.13,0.9947,0.5460,0.200072,27,11,54,295.55,0.7468,0.1023,0.007387,4.358
684762,520,430,950,239,34,16,30.03,0.9862,0.5454,0.195355,29,17,35,313.84,0.4214,0.1017,0.007835,4.242
684763,520,359,879,255,22,190,344.26,1.0000,0.6190,0.255550,78,9,38,1.54,0.8121,0.1802,0.019553,4.393
684771,520,248,768,192,153,253,300.98,0.9326,0.7175,0.410811,19,78,48,156.64,0.8988,0.2833,0.058004,4.267
684841,520,438,958,222,62,105,9.49,0.8289,0.5474,0.199974,9,20,36,257.66,0.5052,0.0906,0.006857,4.397
684854,520,464,984,212,46,126,356.97,0.8446,0.5203,0.174597,3,11,11,195.52,0.4495,0.0519,0.002829,4.251
684866,520,384,904,237,81,80,24.56,0.8820,0.5918,0.244716,38,33,26,76.21,0.1714,0.1476,0.015744,4.483
684872,520,247,767,253,135,153,11.44,0.9319,0.7185,0.405133,50,75,13,129.48,0.9113,0.2844,0.057392,4.238
684879,520,437,957,203,5,230,321.62,0.9956,0.5465,0.185199,11,23,9,140.87,0.5785,0.0890,0.007036,4.124
684885,520,454,974,141,90,236,295.41,0.8430,0.5330,0.190313,33,0,26,337.59,1.0000,0.0727,0.003980,4.452
684888,520,474,994,170,69,212,314.25,0.8135,0.5213,0.175566,6,1,3,350.11,0.5723,0.0254,0.000670,4.452
684889,520,330,850,247,52,232,331.74,0.9683,0.6427,0.280592,33,49,71,256.52,0.3892,0.2089,0.029748,4.145
684907,520,441,961,185,52,234,314.67,0.9198,0.5430,0.187119,7,21,30,238.12,0.4943,0.0885,0.006752,4.178
684926,520,353,873,215,96,212,328.50,0.8017,0.6243,0.275681,13,49,30,156.91,0.8180,0.1785,0.023758,4.416
684929,520,427,947,240,15,120,2.86,0.9819,0.5580,0.202262,30,20,1,83.98,0.8957,0.0982,0.007786,4.365
684937,520,469,989,144,74,249,296.36,0.9517,0.5237,0.176665,16,1,12,337.05,0.7653,0.0415,0.001584,4.394
684941,520,441,961,207,19,210,327.52,0.9741,0.5420,0.183862,21,20,3,106.36,0.7085,0.0879,0.006663,4.127
684956,520,346,866,245,88,138,4.30,0.8750,0.6297,0.282300,11,53,7,141.79,0.9740,0.1871,0.026326,4.354
684961,520,389,909,240,24,185,342.46,0.9753,0.5888,0.226843,16,30,80,267.47,0.8016,0.1550,0.016178,4.183
684967,520,185,705,243,169,223,336.89,0.8467,0.7928,0.527600,20,92,32,145.62,0.9689,0.3276,0.079070,4.475
684976,520,428,948,242,38,77,18.44,0.9574,0.5608,0.208026,0,30,7,148.92,1.0000,0.1037,0.009438,4.341
684981,520,378,898,238,62,158,352.02,0.8769,0.5961,0.240939,57,28,3,57.64,0.8391,0.1587,0.017071,4.338
685013,520,480,1000,220,29,78,15.07,0.9470,0.5104,0.166471,0,0,0,0.00,0.0000,0.0000,0.000000,4.329
685016,520,466,986,170,56,234,309.74,0.9038,0.5242,0.173157,4,0,43,273.69,1.0000,0.0501,0.002002,4.291
685021,520,223,743,249,132,248,327.58,0.9701,0.7465,0.434218,16,79,85,204.59,0.8187,0.2998,0.063577,4.263
685041,520,372,892,221,101,151,356.12,0.6876,0.6124,0.269161,1,42,70,244.51,0.9510,0.1721,0.021045,4.492
685044,520,420,940,223,76,58,30.15,0.8680,0.5560,0.211650,41,18,21,12.45,0.4308,0.1147,0.009582,4.391
685047,520,397,917,176,82,250,306.31,0.9535,0.5755,0.221675,23,37,21,141.42,0.4583,0.1429,0.015594,4.142
685052,520,425,945,225,24,189,337.82,0.9649,0.5630,0.203375,47,10,20,7.42,0.6717,0.1115,0.008720,4.315
685079,520,400,920,254,11,97,12.17,0.9935,0.5794,0.221770,51,22,1,54.66,0.9146,0.1353,0.012799,4.328
685099,520,413,933,242,8,153,352.32,0.9913,0.5730,0.213540,56,2,13,15.48,0.9318,0.1171,0.009134,4.457
685100,520,348,868,227,79,223,328.95,0.8962,0.6279,0.272528,44,44,31,107.73,0.2374,0.1866,0.024358,4.338
685108,520,414,934,222,32,210,331.33,0.9602,0.5738,0.212181,13,10,80,272.34,0.9549,0.1163,0.008818,4.458
685114,520,312,832,240,80,246,326.38,0.9658,0.6636,0.309188,22,61,10,139.46,0.9616,0.2196,0.035299,4.211
685119,520,371,891,237,23,235,328.77,0.9890,0.6131,0.246181,22,16,115,272.12,0.9654,0.1748,0.017788,4.369
685128,520,340,860,245,58,230,331.77,0.9593,0.6423,0.281546,10,24,133,266.32,0.9745,0.2040,0.024111,4.474
685135,520,406,926,236,0,194,338.88,1.0000,0.5805,0.217308,41,17,56,310.24,0.6510,0.1319,0.011579,4.341
685144,520,431,951,176,88,206,316.73,0.7325,0.5522,0.206667,36,7,48,314.15,0.7652,0.1037,0.007405,4.471
685161,520,476,996,210,35,138,351.12,0.8815,0.5136,0.167409,2,1,7,291.58,0.6583,0.0219,0.000500,4.305
685171,520,402,922,217,5,247,321.35,0.9976,0.5833,0.215776,1,2,100,264.63,0.9977,0.1275,0.009699,4.452
685184,520,368,888,240,55,196,339.83,0.9284,0.6119,0.252460,30,40,51,251.15,0.2488,0.1695,0.020326,4.301
685200,520,428,948,237,7,134,357.45,0.9905,0.5551,0.198808,8,4,75,270.54,0.9836,0.0988,0.006464,4.406
685218,520,273,793,233,146,106,45.14,0.7017,0.6988,0.389242,22,74,2,139.27,0.9955,0.2636,0.050723,4.361
685229,520,456,976,213,66,87,16.61,0.8061,0.5301,0.187330,9,4,42,280.66,0.8837,0.0619,0.003121,4.468
685235,520,472,992,203,60,123,357.75,0.7714,0.5155,0.173603,10,0,2,3.86,1.0000,0.0266,0.000689,4.411
685241,520,381,901,241,50,184,343.53,0.9301,0.6038,0.244456,15,45,24,151.07,0.7780,0.1644,0.020442,4.180
685262,520,443,963,183,60,220,317.10,0.8707,0.5366,0.184675,10,13,38,274.62,0.6230,0.0765,0.004923,4.273
685263,520,384,904,223,82,144,356.36,0.7565,0.5859,0.237386,40,31,47,309.81,0.2877,0.1538,0.016363,4.330
685301,520,452,972,183,4,247,312.37,0.9971,0.5277,0.168706,3,12,42,264.55,0.8573,0.0726,0.004494,4.013
685313,520,475,995,226,13,71,16.97,0.9850,0.5152,0.169144,0,5,10,233.51,1.0000,0.0336,0.001304,4.271
685321,520,408,928,205,17,254,316.71,0.9957,0.5717,0.205374,22,11,81,278.79,0.9191,0.1255,0.010040,4.253
685323,520,210,730,242,149,242,326.96,0.9183,0.7627,0.467848,11,87,51,156.24,0.9644,0.3123,0.071262,4.270
685355,520,397,917,238,65,79,21.32,0.9013,0.5751,0.225254,44,27,29,11.51,0.2752,0.1415,0.014081,4.295
685361,520,410,930,235,52,122,3.65,0.8902,0.5683,0.215263,1,38,5,144.96,0.9942,0.1309,0.014036,4.142
685377,520,396,916,232,61,151,353.14,0.8576,0.5812,0.227304,27,27,63,280.25,0.5716,0.1410,0.013757,4.349
685398,520,282,802,176,155,222,298.35,0.5557,0.6887,0.379468,32,69,18,138.32,0.9214,0.2529,0.046069,4.470
685401,520,355,875,244,19,228,332.03,0.9918,0.6197,0.253032,60,7,86,310.50,0.8859,0.1758,0.017846,4.466
685408,520,480,1000,196,27,180,332.93,0.9192,0.5054,0.158167,0,0,0,0.00,0.0000,0.0000,0.000000,4.163
685411,520,462,982,205,11,207,327.81,0.9847,0.5342,0.177254,6,8,12,260.64,0.1905,0.0481,0.002389,4.338
685421,520,375,895,248,1,195,341.26,0.9994,0.6039,0.239215,72,1,47,347.89,0.9419,0.1639,0.016049,4.379
685423,520,332,852,250,79,162,354.66,0.9391,0.6364,0.285278,72,35,22,39.87,0.5742,0.2024,0.026379,4.390
685432,520,413,933,204,41,244,318.20,0.9620,0.5726,0.209565,27,18,61,287.91,0.6906,0.1204,0.010025,4.324
685436,520,417,937,199,74,203,326.52,0.8082,0.5655,0.213530,55,7,20,9.71,0.7835,0.1233,0.010148,4.381
685447,520,463,983,219,31,139,352.67,0.9153,0.5293,0.179066,7,9,19,273.48,0.3567,0.0542,0.002876,4.332
685458,520,424,944,228,44,161,347.67,0.9016,0.5644,0.208712,4,30,6,144.90,0.9566,0.1058,0.009675,4.335
685483,520,376,896,207,82,227,321.89,0.8632,0.6029,0.248476,3,37,68,250.32,0.8719,0.1569,0.017598,4.415
685485,520,301,821,222,106,242,321.55,0.9181,0.6663,0.322502,60,54,0,102.60,1.0000,0.2294,0.035991,4.332
685509,520,404,924,232,2,211,333.48,0.9985,0.5838,0.219050,6,36,4,141.83,0.9695,0.1263,0.013092,4.264
685512,520,426,946,213,18,225,325.33,0.9841,0.5629,0.200170,34,12,50,307.94,0.6926,0.1095,0.008333,4.289
685513,520,405,925,206,32,253,316.95,0.9910,0.5781,0.212483,6,22,74,265.27,0.9078,0.1262,0.011069,4.298
685514,520,440,960,245,1,14,28.40,0.9996,0.5471,0.194694,4,19,49,261.07,0.8203,0.0945,0.007133,4.283
685520,520,457,977,231,8,92,10.64,0.9895,0.5294,0.179383,16,10,14,338.90,0.2034,0.0624,0.003590,4.280
685538,520,457,977,215,46,125,358.02,0.8527,0.5258,0.178841,9,0,48,280.16,1.0000,0.0599,0.002715,4.341
685539,520,474,994,226,28,73,17.28,0.9594,0.5213,0.174832,3,1,16,286.65,0.8389,0.0283,0.000785,4.427
685548,520,356,876,223,114,55,46.53,0.8212,0.6150,0.280008,14,50,7,140.64,0.9659,0.1779,0.023898,4.466
685571,520,361,881,246,16,223,333.69,0.9931,0.6194,0.252941,46,5,112,288.82,0.9679,0.1828,0.018592,4.417
685577,520,471,991,224,21,90,10.87,0.9639,0.5179,0.171246,1,6,23,260.55,0.8325,0.0441,0.001986,4.256
685584,520,273,793,254,101,225,335.79,0.9936,0.6978,0.358173,77,54,38,55.73,0.3630,0.2578,0.043562,4.363
685592,520,439,959,174,86,209,315.23,0.7480,0.5484,0.202586,31,15,3,59.60,0.6910,0.0888,0.006396,4.479
685595,520,432,952,225,51,115,4.43,0.8669,0.5458,0.196157,15,25,7,132.49,0.6381,0.0972,0.008121,4.235
685622,520,466,986,161,72,223,307.96,0.8317,0.5208,0.175401,16,1,32,303.51,0.9043,0.0536,0.002362,4.305
685643,520,402,922,248,53,47,27.93,0.9700,0.5792,0.227114,4,32,51,242.29,0.7863,0.1305,0.012978,4.400
685650,520,466,986,155,87,207,307.88,0.7225,0.5229,0.182904,18,0,25,317.09,1.0000,0.0488,0.001988,4.480
685658,520,371,891,218,80,208,330.77,0.8431,0.6058,0.251988,57,26,50,336.25,0.4994,0.1688,0.018390,4.416
685663,520,369,889,222,64,225,327.20,0.9180,0.6059,0.246347,11,23,108,267.31,0.9559,0.1700,0.017665,4.380
685699,520,457,977,202,54,179,335.14,0.8313,0.5347,0.184514,11,13,12,164.47,0.0670,0.0635,0.003855,4.355
685705,520,416,936,201,60,233,319.37,0.9138,0.5741,0.215339,12,12,80,271.36,0.9491,0.1184,0.009202,4.482
685708,520,27,547,250,242,255,312.80,1.0000,0.9663,0.910484,37,132,11,140.61,0.9929,0.4639,0.169194,4.382
685711,520,393,913,245,6,173,346.84,0.9948,0.5877,0.225631,62,8,21,12.26,0.8042,0.1393,0.012521,4.409
685719,520,392,912,226,96,43,40.65,0.8893,0.5885,0.247115,24,36,45,241.27,0.2812,0.1500,0.016454,4.471
685735,520,447,967,190,57,219,319.69,0.8828,0.5438,0.189892,16,18,19,229.04,0.0561,0.0823,0.005898,4.292
685744,520,473,993,200,66,120,359.36,0.7385,0.5159,0.175338,1,1,26,269.35,0.9746,0.0332,0.001027,4.416
685755,520,360,880,240,100,11,44.36,0.9860,0.6174,0.276668,19,48,18,143.03,0.8541,0.1752,0.022960,4.477
685758,520,241,761,222,166,99,70.01,0.6470,0.7253,0.437044,16,78,55,163.46,0.8979,0.2844,0.058345,4.495
685759,520,477,997,217,45,45,26.71,0.9357,0.5094,0.168206,4,0,5,323.04,1.0000,0.0198,0.000368,4.332
685772,520,400,920,237,63,122,5.30,0.8668,0.5819,0.229677,57,17,18,21.64,0.6585,0.1403,0.013146,4.429
685776,520,474,994,233,3,47,23.44,0.9979,0.5241,0.175972,0,3,8,244.29,1.0000,0.0266,0.000827,4.446
685787,520,475,995,218,43,108,5.02,0.8778,0.5234,0.177184,9,3,1,51.64,0.5771,0.0343,0.001254,4.433
685799,520,445,965,238,8,61,20.64,0.9942,0.5379,0.186910,10,19,12,150.84,0.3565,0.0779,0.005568,4.263
685803,520,408,928,252,20,73,19.09,0.9877,0.5726,0.216805,38,21,43,318.30,0.4531,0.1264,0.011229,4.358
685807,520,268,788,255,133,22,53.92,1.0000,0.6977,0.380961,25,68,63,184.95,0.6253,0.2579,0.046996,4.443
685836,520,359,879,239,44,230,330.37,0.9694,0.6227,0.258679,56,32,51,334.71,0.3897,0.1799,0.021129,4.340
685846,520,449,969,199,35,219,322.89,0.9449,0.5419,0.184603,12,15,26,272.02,0.3207,0.0748,0.004944,4.270
685852,520,381,901,244,41,168,348.85,0.9443,0.5959,0.236493,40,9,95,289.68,0.9203,0.1586,0.014727,4.426
685892,520,402,922,221,29,231,325.83,0.9767,0.5849,0.220226,57,3,45,339.22,0.8390,0.1337,0.011246,4.412
685893,520,411,931,224,29,196,335.63,0.9580,0.5673,0.207140,41,23,19,33.15,0.3535,0.1247,0.011313,4.194
685896,520,348,868,236,45,244,326.31,0.9742,0.6274,0.262438,83,11,39,3.44,0.8087,0.1930,0.022251,4.324
685934,520,447,967,213,57,146,350.24,0.8127,0.5404,0.191500,32,1,42,316.82,0.9165,0.0836,0.004960,4.394
685936,520,397,917,243,63,38,31.22,0.9541,0.5774,0.227530,39,28,37,332.65,0.2296,0.1403,0.013954,4.339
685941,520,443,963,234,34,26,28.98,0.9747,0.5354,0.187142,2,5,65,266.27,0.9820,0.0837,0.005031,4.309
685968,520,395,915,246,15,177,345.98,0.9878,0.5934,0.231120,10,25,83,266.67,0.8998,0.1440,0.013842,4.403
685975,520,382,902,224,29,251,322.01,0.9857,0.6045,0.236932,0,34,82,257.73,1.0000,0.1598,0.017531,4.249
685978,520,467,987,207,73,1,40.48,0.9971,0.5176,0.180349,3,7,12,245.54,0.3729,0.0429,0.001979,4.432
686002,520,441,961,195,10,237,317.83,0.9919,0.5397,0.179351,30,9,29,329.18,0.5750,0.0852,0.005601,4.125
686009,520,415,935,248,22,84,15.78,0.9824,0.5670,0.211739,36,20,38,322.88,0.4143,0.1188,0.010154,4.351
686033,520,392,912,245,52,134,1.09,0.9186,0.5916,0.235930,52,6,78,308.69,0.8851,0.1542,0.014104,4.460
686035,520,470,990,207,71,27,36.90,0.9260,0.5160,0.178532,8,2,16,305.97,0.6892,0.0369,0.001325,4.453
686038,520,423,943,223,78,35,36.28,0.9231,0.5561,0.212607,13,24,41,258.83,0.4668,0.1066,0.008989,4.452
686040,520,439,959,237,42,65,21.92,0.9509,0.5510,0.200453,4,13,54,266.55,0.9054,0.0863,0.005800,4.488
686045,520,422,942,190,73,214,320.38,0.8259,0.5575,0.205686,41,14,20,7.90,0.5232,0.1070,0.008361,4.381
686047,520,459,979,207,44,169,339.68,0.8621,0.5296,0.179334,4,11,25,259.65,0.5647,0.0592,0.003353,4.298
686050,520,462,982,212,12,176,338.35,0.9748,0.5273,0.173968,1,8,18,246.75,0.7340,0.0461,0.002238,4.287
686053,520,477,997,166,73,191,318.56,0.7383,0.5058,0.166345,4,0,8,311.99,1.0000,0.0216,0.000433,4.290
686059,520,444,964,218,9,176,339.83,0.9835,0.5380,0.182378,26,3,46,304.14,0.8622,0.0816,0.004820,4.239
686063,520,426,946,228,39,154,349.83,0.9127,0.5579,0.202808,38,1,64,305.39,0.9673,0.1129,0.008040,4.356
686068,520,424,944,248,14,70,19.30,0.9913,0.5619,0.207163,46,12,7,31.22,0.7358,0.1093,0.008592,4.389
686069,520,439,959,231,35,125,0.42,0.9272,0.5497,0.196746,1,27,4,145.87,0.9885,0.0939,0.007991,4.255
686082,520,370,890,242,55,178,345.80,0.9174,0.6064,0.248270,42,41,26,104.74,0.2984,0.1745,0.021527,4.170
686086,520,460,980,189,14,237,316.13,0.9878,0.5309,0.172486,15,5,32,297.35,0.7169,0.0609,0.003144,4.186
686089,520,469,989,227,18,60,20.52,0.9817,0.5169,0.170927,0,1,37,264.21,0.9921,0.0423,0.001553,4.285
686095,520,462,982,193,48,197,326.89,0.8685,0.5252,0.174841,19,2,9,352.35,0.6884,0.0469,0.002016,4.323
686101,520,387,907,228,20,230,327.84,0.9877,0.5931,0.227099,49,26,46,331.73,0.4282,0.1542,0.015891,4.205
686106,520,426,946,250,12,56,22.71,0.9940,0.5636,0.208761,23,28,0,118.54,1.0000,0.1115,0.010127,4.304
686114,520,402,922,224,39,206,332.91,0.9456,0.5785,0.217569,39,22,50,310.78,0.5060,0.1341,0.012355,4.291
686117,520,406,926,243,51,93,14.96,0.9268,0.5751,0.222160,57,6,36,349.65,0.7824,0.1324,0.011276,4.442
686126,520,434,954,204,68,174,337.78,0.7813,0.5498,0.200295,34,17,11,40.16,0.4316,0.0992,0.007652,4.341
686137,520,394,914,245,62,103,13.28,0.9218,0.5909,0.238403,28,37,4,123.28,0.8618,0.1440,0.015788,4.384
686141,520,463,983,187,34,229,317.04,0.9518,0.5293,0.173673,11,6,4,49.55,0.2653,0.0453,0.002102,4.293
686142,520,464,984,121,94,233,287.39,0.8288,0.5163,0.179533,11,7,18,300.81,0.3904,0.0528,0.002668,4.358
686150,520,329,849,249,59,238,330.73,0.9768,0.6547,0.294436,66,32,81,314.39,0.6076,0.2134,0.027855,4.424
686165,520,308,828,210,122,230,319.99,0.7980,0.6680,0.333352,46,57,32,127.98,0.4311,0.2275,0.036113,4.452
686172,520,469,989,213,63,10,36.23,0.9807,0.5167,0.177255,0,8,15,232.77,1.0000,0.0437,0.002081,4.363
686179,520,358,878,248,23,212,336.90,0.9874,0.6183,0.253258,5,33,100,263.13,0.9484,0.1779,0.020399,4.308
686183,520,466,986,220,17,122,358.45,0.9608,0.5184,0.170243,13,6,16,316.04,0.4068,0.0516,0.002532,4.193
686193,520,473,993,208,54,137,352.32,0.8072,0.5243,0.178565,1,5,6,209.42,0.5531,0.0332,0.001281,4.457
686198,520,350,870,219,97,203,332.83,0.7838,0.6269,0.279232,10,53,8,142.39,0.9716,0.1869,0.026282,4.316
686211,520,387,907,224,75,166,346.77,0.8011,0.5882,0.236350,18,12,105,271.65,0.9718,0.1543,0.014114,4.466
686217,520,423,943,231,41,154,350.59,0.9135,0.5649,0.209107,40,20,7,52.67,0.6019,0.1139,0.009668,4.342
686250,520,314,834,246,117,42,46.37,0.9360,0.6565,0.324856,33,58,10,133.23,0.9159,0.2162,0.033713,4.478
686269,520,321,841,253,22,253,328.32,0.9949,0.6527,0.285514,0,47,94,253.55,0.9999,0.2054,0.028410,4.279
686275,520,366,886,240,20,222,332.58,0.9891,0.6090,0.243023,44,20,88,293.47,0.7898,0.1692,0.017404,4.347
686294,520,454,974,216,6,167,342.06,0.9869,0.5285,0.175216,16,11,17,320.67,0.2202,0.0655,0.003900,4.178
686298,520,240,760,248,124,233,332.06,0.9597,0.7250,0.402574,4,61,135,258.17,0.9671,0.2810,0.051122,4.476
686301,520,460,980,204,18,194,331.04,0.9652,0.5254,0.171669,1,13,21,233.07,0.7972,0.0591,0.003484,4.145
686314,520,267,787,247,111,236,330.72,0.9607,0.7062,0.372017,29,58,114,262.00,0.7110,0.2625,0.045020,4.441
686330,520,431,951,179,85,196,321.29,0.7171,0.5456,0.200673,2,12,66,265.20,0.9569,0.0960,0.006691,4.422
686341,520,467,987,133,89,238,292.19,0.8600,0.5242,0.183043,3,5,22,271.27,0.6871,0.0430,0.001858,4.494
686398,520,450,970,234,33,41,26.46,0.9720,0.5360,0.187434,8,4,47,277.10,0.9241,0.0660,0.003437,4.443
686409,520,163,683,252,176,193,4.53,0.8572,0.8066,0.555984,33,96,62,156.35,0.8239,0.3515,0.090365,4.317
686434,520,429,949,214,47,176,339.32,0.8743,0.5484,0.194660,40,13,5,38.76,0.7006,0.0998,0.007500,4.255
686435,520,443,963,219,47,136,354.73,0.8597,0.5386,0.188732,0,18,33,242.40,1.0000,0.0777,0.005424,4.307
686437,520,472,992,173,58,217,314.68,0.8625,0.5170,0.169211,11,1,9,333.46,0.7208,0.0341,0.001126,4.288
686453,520,442,962,218,38,160,345.39,0.8977,0.5412,0.188321,4,1,67,268.46,0.9960,0.0810,0.004527,4.371
686467,520,470,990,216,1,158,344.87,0.9975,0.5226,0.170917,15,1,19,320.13,0.8070,0.0437,0.001703,4.273
686473,520,423,943,211,67,170,341.24,0.7953,0.5586,0.207675,9,26,37,239.07,0.5203,0.1073,0.009304,4.345
686485,520,476,996,143,89,199,304.28,0.6785,0.5054,0.171082,3,1,5,310.43,0.5673,0.0222,0.000520,4.376
686491,520,470,990,199,66,130,354.42,0.7370,0.5180,0.176521,1,0,36,267.63,1.0000,0.0398,0.001338,4.412
686492,520,467,987,154,70,232,303.59,0.8688,0.5162,0.170770,4,5,20,275.71,0.5995,0.0428,0.001849,4.258
686495,520,407,927,214,28,226,325.26,0.9722,0.5690,0.206196,57,3,33,352.34,0.8400,0.1273,0.010449,4.238
686503,520,348,868,240,36,241,328.02,0.9822,0.6274,0.261406,25,45,67,251.89,0.4720,0.1894,0.024886,4.158
686521,520,467,987,173,73,191,321.27,0.7454,0.5163,0.174119,5,6,1,116.25,0.6469,0.0383,0.001647,4.339
686524,520,391,911,236,33,194,339.10,0.9613,0.5900,0.228184,18,26,81,270.88,0.8264,0.1483,0.014614,4.305
686531,520,293,813,253,126,43,48.77,0.9803,0.6833,0.359819,10,68,29,149.32,0.9665,0.2422,0.042873,4.413
686564,520,435,955,243,28,51,24.31,0.9800,0.5535,0.201276,25,21,1,99.68,0.8990,0.0945,0.007452,4.374
686574,520,385,905,236,25,200,337.37,0.9762,0.5900,0.227011,14,11,108,269.52,0.9806,0.1550,0.014153,4.318
686602,520,332,852,254,95,17,40.56,0.9935,0.6352,0.292992,39,51,7,123.81,0.8668,0.1982,0.028143,4.389
686620,520,390,910,229,65,171,345.54,0.8520,0.5885,0.233815,24,2,108,275.30,0.9941,0.1524,0.013202,4.491
686641,520,448,968,243,4,4,29.12,0.9984,0.5431,0.191538,13,14,40,278.14,0.6010,0.0823,0.005528,4.350
686643,520,338,858,250,23,238,331.02,0.9923,0.6378,0.271129,64,32,58,334.37,0.4750,0.1958,0.024286,4.323
686648,520,398,918,235,64,136,359.71,0.8551,0.5839,0.231094,3,36,42,212.17,0.8537,0.1368,0.014482,4.359
686657,520,460,980,147,86,228,299.86,0.8127,0.5271,0.184603,15,4,29,301.77,0.7240,0.0567,0.002771,4.446
686658,520,344,864,243,20,248,327.20,0.9939,0.6315,0.263351,59,17,95,303.68,0.8223,0.1926,0.021570,4.378
686659,520,411,931,251,24,12,29.50,0.9925,0.5659,0.211928,14,34,10,140.38,0.8251,0.1248,0.012593,4.185
686685,520,451,971,192,16,239,316.49,0.9868,0.5380,0.178104,11,0,53,280.38,1.0000,0.0671,0.003282,4.281
686694,520,425,945,245,41,35,28.48,0.9712,0.5633,0.211232,44,3,50,322.30,0.8482,0.1128,0.008310,4.480
686702,520,470,990,217,3,149,348.07,0.9924,0.5205,0.169892,4,7,10,241.77,0.2397,0.0431,0.001997,4.229
686703,520,366,886,250,7,189,343.36,0.9957,0.6056,0.241534,63,16,65,326.15,0.7273,0.1726,0.018091,4.282
686705,520,247,767,220,144,223,325.51,0.7182,0.7166,0.404912,87,59,24,69.73,0.6405,0.2821,0.052203,4.451
686727,520,403,923,182,87,239,310.30,0.8779,0.5819,0.229943,27,30,28,156.74,0.0679,0.1280,0.012454,4.482
686728,520,351,871,252,76,141,2.43,0.9601,0.6291,0.277908,11,37,102,263.88,0.9028,0.1912,0.023534,4.459
686729,520,401,921,166,100,236,303.61,0.8212,0.5789,0.232779,3,20,92,264.85,0.9600,0.1416,0.012923,4.494
686760,520,421,941,208,11,230,322.89,0.9912,0.5562,0.193643,47,3,34,342.63,0.8091,0.1078,0.007851,4.212
686782,520,341,861,238,78,200,338.74,0.8902,0.6319,0.277987,57,22,99,299.29,0.7957,0.1999,0.023446,4.466
686796,520,379,899,234,87,84,24.76,0.8529,0.5951,0.249518,35,39,26,121.93,0.2695,0.1611,0.018829,4.352
686805,520,473,993,228,9,83,13.24,0.9884,0.5211,0.173168,3,3,4,285.56,0.1085,0.0287,0.000932,4.382
686813,520,420,940,232,4,163,347.02,0.9942,0.5571,0.198898,21,19,56,281.19,0.6546,0.1122,0.009107,4.211
686848,520,480,1000,197,34,174,335.12,0.8874,0.5074,0.160722,0,0,0,0.00,0.0000,0.0000,0.000000,4.214
686851,520,386,906,243,17,182,343.91,0.9851,0.5907,0.228361,41,27,52,308.99,0.4308,0.1486,0.015032,4.280
686875,520,362,882,229,16,249,323.76,0.9940,0.6073,0.238705,32,33,88,277.45,0.6945,0.1807,0.020993,4.067
686883,520,367,887,223,53,246,322.51,0.9641,0.6127,0.248901,39,10,107,284.82,0.9423,0.1729,0.017099,4.455
686894,520,446,966,241,16,27,27.61,0.9921,0.5426,0.191539,15,17,7,117.52,0.3771,0.0753,0.005178,4.377
686907,520,339,859,252,2,243,330.34,0.9995,0.6403,0.272130,46,24,111,286.32,0.8445,0.2017,0.023818,4.364
686908,520,401,921,251,23,108,8.82,0.9796,0.5793,0.222084,38,25,52,305.03,0.4655,0.1404,0.013553,4.281
686922,520,452,972,235,28,14,29.69,0.9876,0.5337,0.185276,5,17,15,182.86,0.4647,0.0699,0.004676,4.303
686923,520,417,937,217,19,219,327.81,0.9820,0.5659,0.203341,32,11,70,292.55,0.8291,0.1236,0.009886,4.230
686929,520,396,916,223,48,200,334.37,0.9181,0.5789,0.219744,20,29,64,269.96,0.6129,0.1409,0.013976,4.216
686931,520,290,810,243,100,227,332.22,0.9358,0.6805,0.337176,44,56,73,257.10,0.2666,0.2387,0.038448,4.377
686946,520,344,864,245,46,225,333.02,0.9689,0.6312,0.268056,5,47,66,233.57,0.8432,0.1858,0.024585,4.264
686955,520,418,938,228,75,63,28.32,0.8736,0.5648,0.218878,53,9,20,10.06,0.7375,0.1218,0.010029,4.479
686956,520,373,893,249,41,161,352.11,0.9529,0.6023,0.243022,48,21,70,306.58,0.6820,0.1596,0.016070,4.435
686959,520,459,979,180,75,190,324.13,0.7434,0.5290,0.184543,29,1,11,359.39,0.8419,0.0610,0.003071,4.419
686974,520,425,945,217,29,204,331.67,0.9574,0.5597,0.199923,36,10,46,315.28,0.6993,0.1064,0.007894,4.317
686988,520,436,956,204,9,237,320.24,0.9935,0.5545,0.191489,29,15,23,344.76,0.3372,0.0917,0.006647,4.263
686998,520,319,839,249,84,175,350.23,0.9317,0.6455,0.295786,13,55,78,237.44,0.7460,0.2204,0.033678,4.132
687012,520,452,972,229,9,114,2.80,0.9851,0.5319,0.180712,14,15,2,112.47,0.7135,0.0681,0.004394,4.242
687013,520,424,944,245,42,23,30.14,0.9802,0.5631,0.211338,39,5,58,309.72,0.8454,0.1140,0.008454,4.471
687023,520,399,919,178,87,250,306.51,0.9497,0.5849,0.231842,44,18,59,311.15,0.6566,0.1402,0.012839,4.485
687032,520,436,956,247,0,52,23.02,1.0000,0.5542,0.200257,25,14,35,306.89,0.4902,0.0908,0.006421,4.436
687052,520,474,994,207,71,34,35.55,0.9037,0.5166,0.178896,0,5,9,228.56,1.0000,0.0332,0.001283,4.463
687053,520,471,991,148,70,241,299.64,0.9090,0.5162,0.170274,9,4,14,309.07,0.4739,0.0422,0.001766,4.255
687054,520,408,928,243,13,148,354.18,0.9860,0.5739,0.214839,32,29,24,80.59,0.1261,0.1292,0.012518,4.236
687059,520,476,996,139,96,193,302.46,0.6197,0.5093,0.177052,9,0,0,29.23,1.0000,0.0242,0.000581,4.489
687061,520,433,953,244,14,0,29.72,1.0000,0.5474,0.195507,26,16,46,296.28,0.5816,0.1033,0.007875,4.242
687067,520,418,938,190,52,251,312.37,0.9774,0.5643,0.203693,27,4,82,284.23,0.9603,0.1229,0.009290,4.279
687069,520,382,902,229,42,220,330.46,0.9573,0.5979,0.234837,1,45,8,145.65,0.9955,0.1557,0.019007,4.128
687072,520,339,859,247,23,242,329.44,0.9924,0.6352,0.268007,5,38,111,262.68,0.9569,0.2012,0.025660,4.203
687074,520,415,935,220,50,191,336.25,0.8963,0.5699,0.212607,43,2,58,314.66,0.9138,0.1164,0.008626,4.479
687078,520,365,885,185,113,214,315.58,0.6857,0.6108,0.269804,31,41,51,248.68,0.2330,0.1732,0.021162,4.494
687079,520,437,957,216,40,178,339.06,0.9027,0.5482,0.193331,37,2,38,327.02,0.8371,0.0905,0.005767,4.363
687084,520,442,962,235,16,93,11.15,0.9808,0.5400,0.188262,28,11,23,339.05,0.4488,0.0827,0.005481,4.294
687093,520,360,880,200,101,224,319.47,0.7985,0.6171,0.269698,57,34,48,342.86,0.3422,0.1843,0.022274,4.423
687099,520,394,914,182,108,196,321.07,0.6185,0.5877,0.246567,1,41,17,152.41,0.9902,0.1433,0.016327,4.471
687116,520,376,896,215,51,249,319.78,0.9732,0.6006,0.236561,46,15,86,297.44,0.8267,0.1629,0.015944,4.346
687124,520,421,941,223,26,186,338.22,0.9572,0.5583,0.199744,44,14,27,355.23,0.5576,0.1147,0.009288,4.212
687168,520,476,996,220,5,108,3.16,0.9892,0.5103,0.164096,0,3,1,156.67,1.0000,0.0232,0.000673,4.225
687172,520,388,908,252,29,114,7.34,0.9775,0.5854,0.227927,55,26,17,38.00,0.5359,0.1532,0.015916,4.216
687174,520,480,1000,226,0,67,17.68,1.0000,0.5113,0.165769,0,0,0,0.00,0.0000,0.0000,0.000000,4.315
687197,520,368,888,229,106,8,48.82,0.9842,0.6080,0.269862,31,45,13,129.28,0.7251,0.1729,0.021971,4.444
687208,520,449,969,227,0,142,352.61,1.0000,0.5366,0.182867,20,12,14,2.22,0.2116,0.0709,0.004434,4.278
687209,520,456,976,228,40,2,31.88,0.9977,0.5256,0.180189,15,9,13,338.89,0.2124,0.0589,0.003260,4.322
687237,520,419,939,241,12,135,357.98,0.9860,0.5646,0.207162,39,17,31,342.52,0.4525,0.1136,0.009312,4.336
687252,520,454,974,186,87,130,354.78,0.5896,0.5258,0.188686,15,10,29,293.72,0.5057,0.0686,0.004073,4.414
687253,520,396,916,171,108,207,312.08,0.6518,0.5798,0.238887,53,24,5,51.43,0.7583,0.1436,0.014212,4.499
687260,520,371,891,241,70,148,357.03,0.8739,0.6053,0.252222,17,19,114,269.69,0.9641,0.1745,0.017997,4.445
687272,520,453,973,115,97,249,282.92,0.9406,0.5298,0.190333,2,9,46,265.51,0.9252,0.0698,0.004055,4.446
687273,520,418,938,230,7,183,340.62,0.9915,0.5643,0.203966,7,23,69,264.98,0.8749,0.1237,0.010876,4.172
687276,520,476,996,214,47,91,11.56,0.8681,0.5137,0.170870,4,0,2,344.76,1.0000,0.0178,0.000302,4.391
687278,520,451,971,180,46,247,310.52,0.9594,0.5414,0.183737,18,1,44,295.36,0.9500,0.0664,0.003322,4.384
687306,520,450,970,240,20,32,27.13,0.9889,0.5421,0.191332,26,6,26,327.53,0.6245,0.0726,0.004245,4.449
687332,520,470,990,213,0,165,341.90,1.0000,0.5202,0.168651,12,0,17,318.33,1.0000,0.0363,0.001186,4.272
687334,520,382,902,245,11,202,338.79,0.9935,0.6040,0.239192,67,20,12,31.92,0.7679,0.1635,0.017203,4.303
687347,520,432,952,217,74,99,13.85,0.7766,0.5504,0.205525,22,24,3,114.04,0.7674,0.0997,0.008304,4.383
687350,520,422,942,234,3,159,348.69,0.9958,0.5589,0.200637,39,3,60,308.74,0.8989,0.1132,0.008227,4.304
687368,520,371,891,228,98,106,18.94,0.7577,0.6054,0.262725,49,37,3,88.75,0.8819,0.1682,0.019827,4.479
687386,520,420,940,203,73,180,335.45,0.7711,0.5573,0.207587,12,29,16,150.18,0.5764,0.1092,0.009943,4.297
687397,520,465,985,219,52,30,31.03,0.9495,0.5182,0.176124,20,2,5,8.76,0.7128,0.0469,0.002031,4.346
687404,520,385,905,243,6,178,344.96,0.9948,0.5864,0.224024,61,6,60,328.96,0.8168,0.1547,0.014487,4.249
687415,520,479,999,161,31,252,304.29,0.9857,0.5085,0.155859,2,0,2,328.36,1.0000,0.0139,0.000173,4.103
687442,520,49,569,228,238,247,245.09,0.4432,0.9350,0.843581,19,124,73,155.50,0.9670,0.4415,0.150341,4.460
687443,520,454,974,202,22,206,327.22,0.9633,0.5315,0.175884,7,18,0,131.53,1.0000,0.0699,0.004778,4.124
687444,520,461,981,174,38,251,308.20,0.9797,0.5305,0.173508,9,9,9,0.00,0.0000,0.0520,0.002732,4.239
687449,520,248,768,182,172,198,302.95,0.2358,0.7221,0.435274,39,77,19,136.77,0.9231,0.2837,0.057859,4.499
687468,520,410,930,246,13,108,7.72,0.9881,0.5661,0.209669,5,23,74,264.25,0.9084,0.1278,0.011394,4.230
687472,520,446,966,217,74,15,38.47,0.9691,0.5383,0.196863,7,20,22,208.00,0.4135,0.0820,0.006034,4.406
687527,520,466,986,229,20,14,29.12,0.9880,0.5174,0.171931,24,2,2,25.35,0.8442,0.0520,0.002420,4.234
687531,520,442,962,217,42,166,343.25,0.8868,0.5450,0.191632,28,2,37,316.48,0.8433,0.0753,0.004239,4.455
687539,520,445,965,183,81,188,325.73,0.7179,0.5408,0.195842,30,5,32,324.83,0.7145,0.0802,0.004889,4.479
687542,520,342,862,243,28,244,328.06,0.9893,0.6313,0.264196,70,30,5,48.69,0.8265,0.1862,0.022418,4.339
687582,520,458,978,167,93,172,324.84,0.5836,0.5272,0.190236,4,14,22,240.66,0.5107,0.0644,0.003978,4.451
687610,520,412,932,244,45,60,23.93,0.9570,0.5666,0.214395,57,2,1,29.40,0.9783,0.1169,0.009156,4.469
687618,520,342,862,204,123,157,353.69,0.5068,0.6274,0.294391,16,51,50,192.61,0.6333,0.1936,0.027080,4.468
687690,520,323,843,246,103,138,7.71,0.8601,0.6518,0.311313,27,51,73,247.70,0.4862,0.2118,0.030816,4.471
687710,520,392,912,212,64,232,322.65,0.9162,0.5944,0.234918,67,13,14,24.19,0.8213,0.1540,0.015130,4.375
687716,520,464,984,195,55,169,336.50,0.8020,0.5176,0.172008,18,4,3,28.55,0.5803,0.0482,0.002220,4.251
687728,520,272,792,220,140,212,330.42,0.6861,0.7040,0.387267,11,69,67,191.39,0.8581,0.2580,0.047324,4.493
687736,520,415,935,226,36,193,337.03,0.9432,0.5726,0.212833,31,20,51,297.81,0.5512,0.1207,0.010306,4.358
687739,520,341,861,197,129,147,2.41,0.4228,0.6261,0.296787,2,49,79,243.53,0.9288,0.1997,0.027739,4.461
687745,520,449,969,192,15,243,315.62,0.9889,0.5410,0.180205,6,3,52,273.23,0.9667,0.0678,0.003518,4.301
687748,520,387,907,255,36,81,18.21,1.0000,0.5870,0.231196,32,30,62,284.23,0.4931,0.1520,0.015834,4.271
687775,520,307,827,194,125,253,307.15,0.9618,0.6669,0.332291,72,47,39,38.49,0.3245,0.2336,0.035574,4.467
687792,520,337,857,250,79,180,348.30,0.9480,0.6439,0.292144,46,50,21,115.72,0.5466,0.2040,0.029162,4.322
687823,520,343,863,240,33,253,325.34,0.9935,0.6343,0.267074,81,6,47,354.01,0.8425,0.1878,0.020851,4.475
687837,520,387,907,248,17,170,348.48,0.9858,0.5944,0.232630,34,25,66,290.03,0.6062,0.1461,0.014287,4.396
687840,520,452,972,208,52,160,343.36,0.8274,0.5332,0.184060,32,1,7,10.69,0.8901,0.0652,0.003442,4.380
687846,520,364,884,249,5,208,338.08,0.9976,0.6138,0.248056,63,27,35,7.45,0.4940,0.1741,0.019621,4.281
687854,520,458,978,207,16,197,331.01,0.9729,0.5322,0.176692,12,11,7,96.47,0.1775,0.0584,0.003328,4.251
687867,520,399,919,199,79,211,323.97,0.8136,0.5767,0.224387,57,20,15,29.78,0.6453,0.1447,0.014048,4.284
687874,520,421,941,173,68,251,306.26,0.9698,0.5553,0.199842,20,2,77,280.02,0.9825,0.1072,0.007279,4.362
687879,520,319,839,215,125,157,357.83,0.5655,0.6466,0.315504,6,62,23,148.31,0.9791,0.2192,0.035457,4.277
687913,520,421,941,192,53,246,313.99,0.9537,0.5641,0.204077,11,13,76,271.01,0.9384,0.1145,0.008807,4.320
687914,520,475,995,160,78,211,309.96,0.7733,0.5186,0.176261,5,0,24,289.10,1.0000,0.0334,0.000982,4.438
687952,520,456,976,228,16,104,6.34,0.9738,0.5285,0.178669,11,11,11,0.00,0.0000,0.0587,0.003347,4.286
687965,520,379,899,243,76,80,23.54,0.9190,0.5969,0.248060,39,36,20,98.89,0.3633,0.1554,0.017436,4.420
687968,520,300,820,254,65,249,329.24,0.9965,0.6744,0.316939,34,58,49,168.52,0.3749,0.2258,0.035879,4.273
687978,520,432,952,229,54,107,8.55,0.8741,0.5537,0.203607,40,6,42,325.60,0.7545,0.1043,0.007486,4.412
687991,520,319,839,240,114,83,35.01,0.8534,0.6464,0.311872,35,57,48,166.82,0.3463,0.2230,0.034969,4.259
687999,520,470,990,178,92,114,4.96,0.5195,0.5159,0.183354,5,8,5,144.91,0.2429,0.0448,0.002169,4.473
688007,520,379,899,216,54,239,322.28,0.9462,0.5972,0.234712,2,38,65,246.09,0.8985,0.1570,0.017807,4.199
688021,520,466,986,162,74,216,309.85,0.8041,0.5195,0.175375,6,10,8,165.21,0.1925,0.0513,0.002733,4.274
688022,520,409,929,185,83,218,317.00,0.8009,0.5658,0.215638,43,20,33,346.03,0.4303,0.1265,0.011238,4.338
688032,520,466,986,225,25,64,19.69,0.9686,0.5161,0.170758,10,1,34,290.39,0.9339,0.0491,0.002017,4.244
688035,520,464,984,186,34,213,320.69,0.9318,0.5150,0.163886,11,5,13,318.58,0.3878,0.0461,0.002088,4.106
688048,520,376,896,248,78,25,35.93,0.9748,0.6026,0.254788,18,43,10,138.89,0.9008,0.1566,0.018782,4.431
688054,520,197,717,233,171,202,347.65,0.5999,0.7767,0.507152,20,85,95,210.11,0.7919,0.3247,0.074716,4.467
688075,520,359,879,209,79,246,317.83,0.9461,0.6152,0.258026,31,47,36,154.19,0.3240,0.1847,0.024517,4.134
688110,520,475,995,149,80,230,301.04,0.8374,0.5219,0.178404,0,4,16,254.89,0.9999,0.0337,0.001242,4.457
688124,520,424,944,235,66,34,32.71,0.9510,0.5645,0.216771,7,29,28,191.24,0.6033,0.1105,0.010077,4.440
688126,520,479,999,154,89,180,315.55,0.6137,0.5070,0.173107,0,0,2,264.05,1.0000,0.0079,0.000044,4.458
688139,520,420,940,237,5,156,350.30,0.9936,0.5639,0.205164,31,18,46,303.55,0.5376,0.1131,0.009212,4.309
688169,520,370,890,220,51,255,319.76,1.0000,0.6130,0.248052,47,39,17,89.88,0.5069,0.1729,0.020959,4.200
688172,520,329,849,222,130,78,48.87,0.7188,0.6466,0.320470,9,60,24,148.60,0.9632,0.2133,0.033556,4.434
688184,520,330,850,240,76,204,337.95,0.9068,0.6352,0.280565,91,14,16,25.32,0.9026,0.2075,0.025760,4.363
688192,520,405,925,251,38,102,11.65,0.9713,0.5846,0.228584,16,35,2,133.96,0.9646,0.1279,0.013166,4.410
688194,520,307,827,229,111,210,333.83,0.8163,0.6661,0.326821,13,66,21,145.45,0.9654,0.2347,0.040360,4.170
688204,520,403,923,217,18,239,323.05,0.9891,0.5801,0.214183,22,8,87,277.80,0.9532,0.1292,0.010323,4.379
688229,520,479,999,126,90,223,291.59,0.7853,0.5059,0.170756,0,1,0,142.50,1.0000,0.0135,0.000217,4.396
688232,520,425,945,151,107,214,300.82,0.6789,0.5583,0.219500,34,23,19,40.88,0.2411,0.1148,0.009999,4.492
688253,520,470,990,223,19,91,10.26,0.9669,0.5154,0.169118,3,9,4,149.93,0.5269,0.0450,0.002235,4.195
688256,520,355,875,231,41,245,324.92,0.9758,0.6175,0.251697,71,23,12,34.34,0.7702,0.1762,0.019791,4.323
688273,520,476,996,210,6,158,343.45,0.9832,0.5120,0.163028,2,0,6,302.89,1.0000,0.0170,0.000261,4.238
688280,520,414,934,228,79,44,34.41,0.9093,0.5676,0.222706,16,29,28,189.82,0.2960,0.1158,0.010727,4.491
688286,520,339,859,248,78,185,346.08,0.9354,0.6416,0.289111,32,48,62,245.61,0.3237,0.2000,0.027687,4.365
688288,520,475,995,171,54,226,312.03,0.8928,0.5172,0.167881,2,1,24,274.94,0.9509,0.0328,0.001006,4.272
688298,520,420,940,183,76,228,314.16,0.8515,0.5607,0.208386,46,13,14,21.07,0.6357,0.1124,0.009005,4.379
688302,520,462,982,182,45,225,316.17,0.9192,0.5255,0.172593,9,9,15,284.63,0.2137,0.0542,0.002879,4.209
688310,520,109,629,254,212,91,89.87,0.9718,0.8650,0.689149,5,109,72,160.97,0.9876,0.3903,0.114369,4.497
688311,520,476,996,110,100,218,283.25,0.7467,0.5052,0.174910,1,2,1,144.61,0.3698,0.0208,0.000521,4.452
688313,520,478,998,227,1,32,25.98,0.9993,0.5091,0.164599,4,0,1,359.68,1.0000,0.0171,0.000280,4.268
688314,520,417,937,233,14,175,343.70,0.9827,0.5672,0.207357,15,33,21,153.72,0.5202,0.1248,0.012434,4.122
688326,520,429,949,199,89,132,357.80,0.6296,0.5510,0.209546,23,19,36,293.95,0.3733,0.0997,0.007753,4.494
688331,520,432,952,208,68,169,340.80,0.7835,0.5540,0.204107,0,5,78,264.21,0.9902,0.0993,0.006585,4.491
688344,520,351,871,253,22,223,335.24,0.9913,0.6336,0.267874,70,12,83,319.30,0.8166,0.1945,0.021897,4.421
688358,520,363,883,250,9,190,343.10,0.9946,0.6065,0.242404,35,37,65,279.36,0.4132,0.1743,0.020621,4.140
688359,520,368,888,227,1,255,322.07,1.0000,0.6056,0.235748,28,42,32,153.29,0.3095,0.1656,0.020071,4.078
688366,520,396,916,246,3,163,349.99,0.9973,0.5844,0.223056,2,23,85,263.51,0.9698,0.1385,0.012815,4.347
688368,520,369,889,242,7,215,334.76,0.9963,0.6054,0.239384,42,34,65,294.29,0.4434,0.1743,0.020179,4.123
688371,520,426,946,213,59,177,339.03,0.8349,0.5575,0.204505,9,29,13,148.48,0.7363,0.1068,0.009658,4.266
688390,520,467,987,209,48,129,355.26,0.8296,0.5174,0.172564,14,1,21,314.53,0.8261,0.0436,0.001692,4.306
688400,520,468,988,229,15,77,15.52,0.9823,0.5234,0.175385,15,4,1,48.05,0.6954,0.0437,0.001906,4.342
688402,520,464,984,153,65,241,301.86,0.9158,0.5165,0.169042,9,5,19,297.02,0.5215,0.0470,0.002136,4.201
688410,520,390,910,175,103,222,310.18,0.7473,0.5856,0.240891,9,32,68,259.22,0.7732,0.1457,0.015084,4.469
688412,520,397,917,247,3,159,351.41,0.9973,0.5846,0.223458,26,36,18,132.17,0.4598,0.1416,0.015250,4.191
688413,520,464,984,225,40,59,22.63,0.9436,0.5240,0.178437,8,2,39,282.14,0.9276,0.0541,0.002415,4.358
688419,520,394,914,244,6,183,343.74,0.9952,0.5908,0.227854,3,17,98,265.22,0.9727,0.1443,0.013020,4.409
688426,520,441,961,208,68,133,355.60,0.7553,0.5377,0.192397,8,17,45,267.10,0.6952,0.0892,0.006420,4.296
688428,520,446,966,175,66,230,311.67,0.8733,0.5388,0.187245,18,14,29,295.34,0.3839,0.0796,0.005314,4.289
688429,520,479,999,204,34,164,340.33,0.8879,0.5145,0.166638,0,0,6,264.05,1.0000,0.0126,0.000131,4.321
688444,520,258,778,243,138,161,6.62,0.7633,0.7117,0.398073,15,72,66,184.68,0.8278,0.2684,0.051294,4.423
688477,520,384,904,180,101,217,313.86,0.7352,0.5855,0.240213,21,33,61,265.15,0.5263,0.1495,0.015840,4.408
688490,520,380,900,223,37,246,322.77,0.9766,0.6028,0.236670,67,19,12,30.94,0.7777,0.1619,0.016858,4.288
688496,520,270,790,231,114,251,321.60,0.9738,0.6959,0.359904,26,73,19,141.19,0.9469,0.2634,0.050315,4.086
688504,520,461,981,222,52,82,16.71,0.8845,0.5318,0.185975,1,9,20,247.09,0.7558,0.0494,0.002523,4.493
688505,520,378,898,217,44,254,319.36,0.9955,0.6029,0.237107,60,7,62,326.49,0.8095,0.1553,0.014605,4.444
688513,520,380,900,255,38,139,0.20,1.0000,0.6037,0.245139,54,19,59,322.50,0.6513,0.1573,0.015659,4.495
688514,520,441,961,211,52,160,344.16,0.8342,0.5387,0.188451,10,24,3,135.05,0.8935,0.0900,0.007244,4.166
688532,520,438,958,237,22,112,5.32,0.9689,0.5515,0.197513,33,12,27,339.09,0.5005,0.0935,0.006654,4.369
688533,520,381,901,194,82,248,312.60,0.9462,0.5986,0.242824,4,42,46,205.38,0.8540,0.1583,0.018789,4.257
688536,520,445,965,219,59,97,11.79,0.8364,0.5364,0.190536,20,6,42,296.61,0.7688,0.0760,0.004461,4.417
688539,520,379,899,217,48,248,320.60,0.9704,0.6010,0.236448,70,14,19,20.31,0.7927,0.1625,0.016634,4.299
688567,520,433,953,230,26,152,350.47,0.9513,0.5542,0.198316,27,11,55,294.92,0.7539,0.1032,0.007482,4.320
688573,520,350,870,246,7,243,329.02,0.9980,0.6306,0.262188,82,11,40,2.03,0.8037,0.1912,0.021867,4.344
688577,520,362,882,191,121,177,334.35,0.5033,0.6142,0.279265,19,46,56,224.73,0.5204,0.1824,0.023779,4.463
688595,520,410,930,190,85,207,321.87,0.7669,0.5686,0.219504,21,33,9,131.22,0.6940,0.1264,0.012668,4.300
688603,520,410,930,184,81,232,313.15,0.8580,0.5715,0.219024,20,31,32,203.14,0.2255,0.1263,0.012330,4.316
688616,520,467,987,206,55,128,355.66,0.7976,0.5178,0.174148,2,7,1,138.22,0.8688,0.0378,0.001671,4.338
688617,520,430,950,244,0,39,25.34,1.0000,0.5464,0.193831,45,6,0,36.47,1.0000,0.0970,0.006882,4.287
688619,520,462,982,217,45,126,357.97,0.8614,0.5292,0.181373,1,12,6,162.65,0.8769,0.0510,0.002825,4.380
688621,520,465,985,227,34,51,24.14,0.9616,0.5231,0.177169,8,8,4,107.87,0.2674,0.0472,0.002341,4.340
688627,520,343,863,253,56,193,343.71,0.9848,0.6344,0.275645,33,45,51,229.90,0.2082,0.1864,0.024391,4.378
688629,520,460,980,205,68,124,358.98,0.7450,0.5289,0.185707,10,7,30,285.58,0.6383,0.0590,0.003102,4.439
688630,520,433,953,184,79,200,322.18,0.7595,0.5469,0.199536,14,20,46,271.25,0.5734,0.1007,0.007909,4.309
688654,520,365,885,235,58,196,338.69,0.9129,0.6055,0.246765,13,48,8,141.25,0.9588,0.1707,0.022169,4.112
688657,520,414,934,192,72,232,316.36,0.8803,0.5720,0.216686,17,27,41,256.89,0.3739,0.1173,0.010631,4.399
688696,520,278,798,245,88,255,325.34,1.0000,0.6855,0.336144,107,21,25,23.79,0.8699,0.2511,0.037329,4.422
688710,520,99,619,242,224,125,99.23,0.8066,0.8846,0.736702,18,115,35,145.12,0.9849,0.4049,0.125109,4.493
688723,520,454,974,226,44,42,27.40,0.9495,0.5268,0.181402,21,6,27,315.67,0.6179,0.0664,0.003688,4.310
688732,520,344,864,239,23,255,324.75,1.0000,0.6305,0.261861,44,40,60,293.17,0.2888,0.1882,0.023793,4.226
688751,520,414,934,162,106,210,307.26,0.6668,0.5668,0.226431,21,30,26,166.08,0.2071,0.1218,0.011625,4.486
688761,520,435,955,178,63,245,309.45,0.9392,0.5519,0.196134,39,8,4,32.22,0.7835,0.0896,0.006138,4.384
688775,520,462,982,203,46,176,336.30,0.8561,0.5278,0.177870,18,4,4,21.76,0.5466,0.0486,0.002242,4.362
688799,520,472,992,216,46,112,3.39,0.8597,0.5231,0.177252,11,0,3,358.00,1.0000,0.0283,0.000777,4.475
688831,520,352,872,225,104,126,10.79,0.7017,0.6152,0.274169,48,35,72,298.35,0.4925,0.1885,0.022983,4.442
688859,520,408,928,208,101,61,40.45,0.7533,0.5682,0.230562,30,30,20,107.75,0.2397,0.1285,0.012551,4.485
688860,520,401,921,226,86,64,31.37,0.8459,0.5759,0.231971,26,19,82,279.72,0.8364,0.1420,0.012945,4.480
688862,520,379,899,222,29,250,321.73,0.9849,0.6005,0.233125,34,13,97,283.60,0.9129,0.1584,0.014910,4.362
688869,520,412,932,230,32,184,340.57,0.9508,0.5729,0.213194,35,27,11,83.48,0.4816,0.1243,0.011654,4.269
688886,520,464,984,218,13,147,349.13,0.9696,0.5238,0.173024,2,11,6,162.30,0.6735,0.0494,0.002654,4.236
688892,520,391,911,219,54,227,326.02,0.9346,0.5938,0.232465,11,20,97,268.14,0.9506,0.1513,0.014344,4.390
688904,520,438,958,247,12,13,28.85,0.9954,0.5537,0.200698,35,6,29,336.71,0.6855,0.0880,0.005763,4.496
688906,520,435,955,241,30,46,25.42,0.9780,0.5497,0.198299,40,6,4,28.83,0.8296,0.0882,0.005902,4.442
688918,520,385,905,218,18,252,320.42,0.9920,0.5917,0.223683,4,40,40,194.94,0.8514,0.1490,0.016965,4.087
688922,520,312,832,255,40,242,331.17,1.0000,0.6558,0.291915,17,20,144,267.87,0.9815,0.2166,0.026329,4.480
688924,520,422,942,219,48,177,340.32,0.8829,0.5588,0.203506,41,15,26,355.06,0.5020,0.1109,0.008877,4.306
688925,520,413,933,218,19,229,325.62,0.9857,0.5747,0.210304,16,30,33,212.63,0.3207,0.1209,0.011485,4.234
688928,520,454,974,196,28,219,322.16,0.9582,0.5332,0.176823,1,17,27,234.53,0.8414,0.0723,0.004865,4.134
688931,520,418,938,199,60,215,323.40,0.8764,0.5582,0.202817,45,14,42,331.39,0.6201,0.1239,0.010392,4.186
688945,520,429,949,231,41,126,0.47,0.9100,0.5537,0.200840,13,26,22,172.84,0.3483,0.1027,0.008823,4.264
688951,520,421,941,204,69,196,330.33,0.8172,0.5634,0.210809,23,20,50,285.00,0.5564,0.1113,0.009127,4.411
688967,520,322,842,248,92,160,356.61,0.9025,0.6476,0.301519,28,54,49,180.26,0.4180,0.2092,0.031069,4.336
688972,520,423,943,218,9,216,328.84,0.9918,0.5632,0.200609,34,19,21,10.73,0.2970,0.1063,0.008600,4.277
688976,520,414,934,220,29,218,328.77,0.9691,0.5742,0.211585,46,14,35,342.96,0.5944,0.1217,0.010163,4.348
688988,520,403,923,193,65,248,313.30,0.9572,0.5781,0.218966,20,18,74,276.65,0.8378,0.1267,0.010757,4.427
689002,520,307,827,194,133,229,312.33,0.7208,0.6672,0.339023,63,54,10,97.17,0.8078,0.2341,0.037171,4.463
689009,520,384,904,245,1,188,342.53,0.9993,0.5945,0.230682,30,37,11,122.21,0.6376,0.1469,0.016233,4.238
689014,520,368,888,199,86,253,312.77,0.9826,0.6142,0.258907,46,39,6,97.04,0.7928,0.1701,0.020451,4.385
689016,520,414,934,219,11,222,327.60,0.9914,0.5695,0.205755,33,17,48,305.78,0.5804,0.1151,0.009377,4.307
689025,520,444,964,206,62,167,340.69,0.7969,0.5429,0.193590,24,15,22,334.45,0.2581,0.0849,0.005938,4.355
689037,520,448,968,196,77,161,340.83,0.7078,0.5410,0.196184,6,19,25,228.64,0.4730,0.0800,0.005746,4.416
689057,520,373,893,251,56,102,13.48,0.9669,0.5970,0.243004,70,10,9,26.88,0.8959,0.1562,0.015391,4.481
689066,520,383,903,243,43,187,342.90,0.9485,0.6045,0.243733,10,40,25,158.47,0.7783,0.1458,0.016522,4.416
689074,520,471,991,190,63,166,336.23,0.7608,0.5159,0.172569,6,4,22,285.76,0.6581,0.0435,0.001835,4.294
689083,520,419,939,223,2,196,335.30,0.9975,0.5578,0.197194,14,2,83,273.56,0.9913,0.1103,0.007613,4.291
689103,520,460,980,227,13,130,356.94,0.9760,0.5346,0.182333,24,1,18,338.56,0.8096,0.0556,0.002596,4.417
689105,520,444,964,236,28,49,24.44,0.9769,0.5386,0.188883,13,11,43,280.62,0.7036,0.0788,0.004993,4.344
689117,520,476,996,149,84,209,305.22,0.7399,0.5117,0.173341,3,0,7,308.47,1.0000,0.0194,0.000347,4.436
689125,520,244,764,248,137,204,344.28,0.8988,0.7328,0.422098,55,72,31,127.90,0.6190,0.2815,0.055458,4.477
689126,520,454,974,200,69,153,344.85,0.7422,0.5335,0.188373,6,12,39,269.14,0.7308,0.0724,0.004481,4.375
689132,520,420,940,198,72,199,327.47,0.8033,0.5590,0.207656,31,17,43,307.34,0.5258,0.1091,0.008666,4.392
689145,520,409,929,222,69,158,348.83,0.8064,0.5743,0.222569,0,37,21,160.31,1.0000,0.1303,0.013772,4.274
689161,520,392,912,224,55,202,334.10,0.9060,0.5872,0.228463,66,10,4,31.13,0.9240,0.1468,0.013843,4.362
689162,520,361,881,254,31,183,346.18,0.9927,0.6169,0.254732,75,4,61,338.34,0.8597,0.1811,0.019198,4.404
689174,520,469,989,213,60,81,17.69,0.8358,0.5219,0.179743,8,3,16,303.45,0.5984,0.0396,0.001542,4.457
689175,520,420,940,252,1,50,23.70,0.9995,0.5649,0.209512,38,17,17,20.51,0.4236,0.1068,0.008535,4.433
689176,520,472,992,178,84,146,342.24,0.5998,0.5151,0.178822,7,2,4,350.25,0.4246,0.0304,0.000974,4.489
689179,520,387,907,234,13,210,334.22,0.9907,0.5889,0.224361,30,26,74,282.14,0.6749,0.1510,0.015092,4.215
689182,520,462,982,228,23,91,11.21,0.9634,0.5273,0.178650,9,7,12,304.39,0.2122,0.0485,0.002366,4.366
689183,520,446,966,207,0,209,327.85,1.0000,0.5368,0.178708,3,6,64,267.22,0.9748,0.0848,0.005197,4.143
689200,520,446,966,234,5,95,9.98,0.9938,0.5358,0.184303,25,4,38,309.88,0.7853,0.0754,0.004335,4.312
689226,520,440,960,212,59,165,342.95,0.8181,0.5495,0.198437,24,20,12,84.34,0.2674,0.0932,0.007211,4.343
689228,520,430,950,227,69,30,34.40,0.9481,0.5521,0.206837,29,7,59,296.62,0.8346,0.1037,0.007289,4.483
689248,520,453,973,187,66,198,324.32,0.8042,0.5339,0.185398,25,4,22,333.28,0.6706,0.0652,0.003515,4.399
689263,520,473,993,194,51,180,332.41,0.8297,0.5186,0.171339,0,3,14,256.64,0.9999,0.0296,0.000968,4.343
689266,520,390,910,251,65,31,32.41,0.9815,0.5947,0.243923,26,34,51,264.68,0.3336,0.1494,0.016026,4.452
689292,520,316,836,213,123,194,335.26,0.6422,0.6554,0.322087,34,58,23,136.76,0.7240,0.2187,0.034280,4.415
689300,520,348,868,218,110,172,346.38,0.6648,0.6306,0.290378,17,53,15,142.49,0.9289,0.1905,0.026998,4.421
689312,520,450,970,227,34,109,5.42,0.9266,0.5358,0.185819,22,9,12,5.02,0.3560,0.0668,0.003925,4.373
689313,520,471,991,168,67,212,313.67,0.8188,0.5159,0.170935,2,6,2,144.11,0.6097,0.0355,0.001475,4.292
689329,520,310,830,250,79,205,340.21,0.9631,0.6557,0.303268,81,34,20,37.30,0.6736,0.2162,0.029442,4.447
689334,520,406,926,251,45,65,23.02,0.9792,0.5816,0.227713,4,28,69,259.91,0.8933,0.1341,0.012859,4.418
689336,520,136,656,228,205,174,75.26,0.4163,0.8365,0.632134,54,100,58,145.94,0.6624,0.3738,0.102038,4.487
689344,520,464,984,177,79,172,329.48,0.6773,0.5193,0.179188,1,9,22,250.92,0.7750,0.0505,0.002597,4.357
689380,520,440,960,213,52,174,339.84,0.8535,0.5495,0.196603,4,24,12,155.74,0.8249,0.0882,0.007056,4.322
689383,520,433,953,199,24,241,317.85,0.9802,0.5537,0.191478,14,24,34,249.13,0.3452,0.1032,0.008621,4.119
689392,520,229,749,250,141,206,344.53,0.9229,0.7432,0.438324,72,70,34,105.84,0.5153,0.2934,0.058736,4.491
689394,520,447,967,223,56,95,12.60,0.8604,0.5406,0.193452,29,8,30,325.73,0.6071,0.0826,0.005286,4.403
689397,520,475,995,194,40,189,329.62,0.8829,0.5155,0.166627,0,4,2,165.38,1.0000,0.0271,0.000912,4.255
689399,520,397,917,218,2,247,321.61,0.9991,0.5845,0.216663,51,3,68,314.69,0.9073,0.1400,0.011864,4.310
689402,520,406,926,173,96,238,306.37,0.8466,0.5827,0.234236,12,37,6,139.73,0.9372,0.1328,0.014144,4.431
689411,520,387,907,234,4,209,334.46,0.9971,0.5865,0.221854,56,2,72,316.39,0.9368,0.1512,0.013522,4.280
689417,520,367,887,223,36,253,321.24,0.9920,0.6075,0.240436,74,16,23,18.27,0.7715,0.1743,0.018885,4.216
689420,520,21,541,247,248,232,109.69,0.6040,0.9698,0.927352,40,131,32,141.96,0.9694,0.4630,0.167874,4.486
689431,520,395,915,207,59,244,318.51,0.9476,0.5906,0.229266,27,15,87,280.43,0.8902,0.1424,0.012627,4.459
689451,520,313,833,231,104,203,336.75,0.8223,0.6552,0.312036,64,40,78,312.06,0.4804,0.2241,0.031577,4.438
689461,520,404,924,212,70,193,333.68,0.8250,0.5760,0.222296,32,32,5,109.32,0.7555,0.1333,0.013511,4.287
689467,520,452,972,211,70,60,27.90,0.8428,0.5260,0.185578,28,5,27,329.37,0.6765,0.0742,0.004346,4.335
689491,520,382,902,211,65,242,319.90,0.9386,0.6008,0.240420,66,17,30,7.89,0.6807,0.1613,0.016531,4.365
689535,520,389,909,244,72,59,28.65,0.9438,0.5910,0.241869,45,31,26,40.52,0.2519,0.1515,0.016125,4.414
689537,520,342,862,217,78,251,319.01,0.9768,0.6295,0.271673,78,16,45,356.36,0.7377,0.1899,0.021800,4.480
689560,520,396,916,247,33,118,5.50,0.9595,0.5783,0.221733,44,27,1,75.37,0.9299,0.1351,0.013216,4.298
689561,520,308,828,211,134,179,344.29,0.5379,0.6666,0.341552,10,64,50,170.91,0.8936,0.2343,0.039614,4.369
689569,520,419,939,201,70,198,328.76,0.8128,0.5609,0.208767,24,26,17,118.06,0.2394,0.1103,0.009734,4.332
689573,520,480,1000,164,79,189,317.96,0.7042,0.5103,0.171594,0,0,0,0.00,0.0000,0.0000,0.000000,4.432
689578,520,339,859,242,65,231,330.79,0.9494,0.6435,0.284300,8,57,30,153.95,0.9453,0.2039,0.030715,4.142
689585,520,282,802,206,155,123,53.30,0.4323,0.6860,0.379958,15,72,0,140.29,1.0000,0.2540,0.047361,4.416
689606,520,345,865,244,93,121,12.33,0.8668,0.6295,0.284453,20,50,42,173.79,0.5629,0.1891,0.025970,4.402
689644,520,465,985,158,56,251,302.27,0.9748,0.5224,0.170630,4,7,15,262.90,0.3847,0.0451,0.002123,4.233
689674,520,458,978,186,48,214,320.06,0.8941,0.5257,0.174094,9,13,18,254.02,0.2094,0.0641,0.003896,4.158
689694,520,386,906,177,93,249,305.77,0.9340,0.5913,0.240160,32,32,52,283.40,0.3348,0.1502,0.015880,4.404
689709,520,377,897,216,43,249,320.22,0.9749,0.5969,0.231681,71,11,31,6.06,0.7804,0.1646,0.016781,4.218
689710,520,452,972,222,30,126,357.98,0.9244,0.5294,0.179671,32,5,10,11.04,0.6815,0.0737,0.004376,4.224
689748,520,472,992,208,57,117,1.09,0.7967,0.5195,0.176227,1,5,3,165.31,0.6237,0.0319,0.001216,4.417
689762,520,392,912,246,36,154,353.54,0.9530,0.5909,0.231910,25,24,84,276.64,0.8069,0.1523,0.015000,4.337
689783,520,293,813,240,120,177,352.01,0.7913,0.6820,0.351350,32,59,75,236.04,0.4400,0.2396,0.039429,4.488
689800,520,24,544,251,244,239,58.22,0.4859,0.9664,0.914429,27,131,25,142.61,0.9831,0.4588,0.165351,4.478
689804,520,476,996,213,41,91,10.62,0.8860,0.5069,0.164898,1,1,15,273.08,0.9139,0.0250,0.000626,4.245
689805,520,367,887,245,54,178,346.43,0.9274,0.6111,0.252683,8,33,95,263.71,0.9158,0.1736,0.019654,4.345
689833,520,447,967,202,53,188,332.24,0.8491,0.5391,0.187354,11,19,1,127.07,0.9185,0.0758,0.005391,4.285
689865,520,361,881,244,48,213,335.90,0.9585,0.6235,0.261540,22,49,18,141.17,0.8280,0.1802,0.024108,4.204
689872,520,415,935,242,29,117,4.80,0.9605,0.5661,0.210436,21,30,24,155.56,0.2342,0.1211,0.011539,4.232
689879,520,441,961,231,51,6,33.08,0.9932,0.5405,0.193727,8,24,13,152.69,0.6020,0.0910,0.007339,4.251
689898,520,443,963,234,37,51,24.75,0.9629,0.5395,0.190577,41,0,1,26.81,1.0000,0.0793,0.004737,4.395
689905,520,300,820,235,92,242,325.85,0.9438,0.6669,0.317295,48,38,114,283.10,0.7393,0.2307,0.032294,4.463
689906,520,475,995,225,37,44,26.04,0.9588,0.5199,0.175154,11,2,2,22.11,0.5791,0.0340,0.001190,4.398
689920,520,475,995,219,26,130,355.69,0.9316,0.5231,0.174131,11,0,14,321.88,1.0000,0.0335,0.001029,4.392
689926,520,425,945,245,36,59,23.26,0.9701,0.5628,0.209935,7,26,40,242.91,0.6082,0.1079,0.009371,4.378
689933,520,246,766,248,128,221,336.40,0.9430,0.7254,0.406177,26,76,40,149.86,0.8670,0.2772,0.055415,4.327
689970,520,382,902,238,87,52,34.38,0.9071,0.5976,0.252445,29,39,49,248.72,0.2422,0.1647,0.019340,4.362
689973,520,371,891,230,25,248,324.16,0.9890,0.6109,0.242979,1,16,117,264.48,0.9848,0.1680,0.016612,4.398
689991,520,397,917,173,98,228,308.47,0.7894,0.5788,0.232217,42,24,52,312.51,0.4917,0.1436,0.013935,4.414
689994,520,443,963,213,61,125,359.27,0.7950,0.5359,0.189666,30,7,25,336.58,0.6061,0.0797,0.004982,4.359
689995,520,477,997,208,20,155,344.12,0.9400,0.5104,0.162790,2,1,8,289.57,0.6935,0.0224,0.000521,4.212
689996,520,461,981,190,78,150,343.87,0.6721,0.5271,0.185995,11,6,21,298.52,0.5089,0.0522,0.002555,4.490
689997,520,360,880,248,7,224,333.88,0.9973,0.6219,0.254933,3,38,96,260.11,0.9569,0.1847,0.022500,4.206
690017,520,260,780,254,127,150,10.20,0.9667,0.7056,0.384545,64,66,6,111.67,0.9118,0.2694,0.049996,4.346
690019,520,121,641,240,202,230,335.46,0.6625,0.8599,0.664804,29,108,25,142.37,0.9717,0.3832,0.110561,4.452
690022,520,374,894,239,75,120,8.26,0.8578,0.5977,0.247419,3,23,105,264.66,0.9642,0.1631,0.016519,4.471
690035,520,423,943,240,47,44,27.60,0.9574,0.5580,0.207434,37,21,13,47.21,0.4099,0.1128,0.009587,4.320
690038,520,437,957,209,64,169,340.90,0.7993,0.5513,0.200887,5,26,1,139.04,0.9840,0.0926,0.007732,4.346
690039,520,456,976,169,63,237,308.28,0.9021,0.5325,0.181052,22,8,8,20.35,0.4068,0.0637,0.003618,4.309
690040,520,444,964,225,8,156,347.70,0.9852,0.5408,0.185842,10,17,37,267.59,0.5347,0.0846,0.005990,4.212
690058,520,454,974,225,37,99,9.00,0.9192,0.5306,0.182343,14,16,2,115.33,0.7342,0.0706,0.004683,4.249
690064,520,474,994,217,48,68,20.50,0.9021,0.5154,0.172855,6,1,4,340.42,0.5906,0.0259,0.000692,4.396
690065,520,300,820,232,127,143,11.19,0.6846,0.6703,0.343200,15,59,80,233.62,0.7360,0.2344,0.038085,4.464
690085,520,197,717,241,160,243,325.96,0.9103,0.7819,0.503151,12,88,68,169.66,0.9358,0.3210,0.074746,4.434
690089,520,420,940,222,5,204,332.92,0.9946,0.5616,0.200002,18,14,63,278.95,0.8179,0.1067,0.008015,4.309
690097,520,480,1000,202,58,109,3.55,0.7796,0.5064,0.166888,0,0,0,0.00,0.0000,0.0000,0.000000,4.338
690104,520,478,998,214,49,35,29.61,0.9358,0.5056,0.166166,2,2,3,285.17,0.1539,0.0234,0.000629,4.270
690115,520,344,864,239,76,195,340.52,0.8910,0.6289,0.274625,11,35,106,264.83,0.9125,0.1910,0.023137,4.439
690123,520,451,971,186,74,192,325.65,0.7607,0.5382,0.191437,14,8,31,292.40,0.6028,0.0652,0.003660,4.499
690126,520,424,944,185,51,255,310.11,1.0000,0.5594,0.199030,37,22,12,54.12,0.4320,0.1149,0.009937,4.155
690135,520,387,907,213,93,153,351.49,0.6811,0.5881,0.242768,50,24,51,325.80,0.5079,0.1545,0.015705,4.456
690156,520,344,864,228,60,245,323.89,0.9610,0.6254,0.263205,90,1,12,23.46,0.9921,0.1939,0.022223,4.337
690161,520,467,987,207,36,158,343.21,0.8809,0.5181,0.169979,16,2,13,335.02,0.6764,0.0444,0.001826,4.245
690164,520,272,792,243,107,240,328.42,0.9486,0.6969,0.358637,65,61,17,104.12,0.7302,0.2570,0.045018,4.301
690179,520,445,965,225,38,136,355.43,0.9047,0.5438,0.191740,38,4,15,4.05,0.7552,0.0840,0.005335,4.369
690187,520,355,875,241,51,207,336.86,0.9463,0.6168,0.255763,34,46,11,125.98,0.7596,0.1784,0.023182,4.178
690204,520,403,923,204,62,238,318.96,0.9216,0.5843,0.224572,12,21,78,269.19,0.8939,0.1314,0.011645,4.454
690223,520,448,968,144,92,234,296.61,0.8265,0.5381,0.195242,9,16,32,265.05,0.4779,0.0784,0.005329,4.432
690225,520,376,896,239,31,204,337.02,0.9719,0.6002,0.236932,36,34,54,288.16,0.3191,0.1607,0.017855,4.229
690232,520,470,990,194,76,116,2.08,0.6728,0.5171,0.179009,20,0,10,347.99,1.0000,0.0438,0.001707,4.429
690249,520,475,995,177,9,245,311.02,0.9930,0.5176,0.161361,2,0,29,273.54,1.0000,0.0341,0.001016,4.143
690256,520,332,852,237,66,237,328.02,0.9484,0.6398,0.280179,49,30,96,291.53,0.7179,0.1995,0.024260,4.446
690258,520,377,897,224,29,244,323.56,0.9833,0.5994,0.232599,65,7,62,330.49,0.8103,0.1647,0.016237,4.266
690265,520,317,837,243,87,216,335.34,0.9288,0.6586,0.308316,25,60,22,142.13,0.8777,0.2194,0.034962,4.217
690266,520,448,968,205,72,138,353.15,0.7321,0.5393,0.194508,1,15,39,256.56,0.8994,0.0752,0.004946,4.450
690292,520,447,967,223,6,162,345.30,0.9886,0.5394,0.184295,24,11,23,329.57,0.4068,0.0773,0.004954,4.263
690298,520,476,996,196,24,195,328.55,0.9451,0.5140,0.163309,0,0,11,264.05,1.0000,0.0166,0.000242,4.246
690310,520,458,978,190,31,223,319.42,0.9530,0.5277,0.172562,3,14,20,229.79,0.5707,0.0627,0.003839,4.134
690319,520,390,910,255,15,114,7.20,1.0000,0.5868,0.228203,62,17,14,27.17,0.7391,0.1492,0.014569,4.309
690332,520,436,956,192,54,222,319.64,0.8985,0.5464,0.191201,6,15,57,267.69,0.8825,0.0944,0.006757,4.250
690342,520,316,836,237,101,197,340.53,0.8494,0.6573,0.313456,63,46,35,54.19,0.2885,0.2171,0.031322,4.469
690348,520,436,956,175,69,237,309.85,0.8949,0.5477,0.194855,6,13,57,268.69,0.8990,0.0906,0.006219,4.355
690375,520,374,894,233,95,42,39.62,0.9120,0.5991,0.256780,31,41,19,128.84,0.5034,0.1615,0.019242,4.431
690387,520,237,757,232,134,251,320.93,0.9680,0.7286,0.411727,9,65,135,257.30,0.9260,0.2923,0.055876,4.361
690394,520,296,816,228,104,250,321.38,0.9690,0.6769,0.332986,84,43,14,52.40,0.7371,0.2390,0.036445,4.430
690396,520,392,912,226,3,235,326.24,0.9984,0.5894,0.222344,48,6,83,302.41,0.9059,0.1531,0.013832,4.267
690399,520,327,847,249,60,236,331.22,0.9760,0.6542,0.294305,51,49,38,98.82,0.1817,0.2108,0.030404,4.282
690409,520,443,963,218,64,111,6.69,0.8046,0.5438,0.197224,1,19,25,219.95,0.8654,0.0765,0.005424,4.461
690416,520,467,987,145,66,255,296.47,1.0000,0.5203,0.171363,3,0,36,273.91,1.0000,0.0419,0.001467,4.301
690453,520,403,923,231,24,204,335.11,0.9760,0.5829,0.220044,59,5,18,12.85,0.8505,0.1286,0.010822,4.440
690456,520,417,937,214,36,220,326.68,0.9547,0.5686,0.207272,19,32,20,146.42,0.4109,0.1242,0.012220,4.135
690461,520,458,978,231,44,3,32.24,0.9967,0.5348,0.187999,10,9,18,289.00,0.3011,0.0563,0.003036,4.488
690470,520,384,904,243,67,94,17.03,0.9121,0.5898,0.238804,26,32,57,272.30,0.4362,0.1479,0.015480,4.411
690474,520,366,886,249,12,196,341.27,0.9931,0.6083,0.243915,37,35,59,286.87,0.3649,0.1673,0.019111,4.253
690484,520,405,925,199,83,211,323.84,0.8013,0.5819,0.230332,36,28,17,75.06,0.3223,0.1294,0.012461,4.488
690488,520,320,840,239,71,244,326.75,0.9609,0.6520,0.293913,40,53,19,126.90,0.6563,0.2070,0.030443,4.275
690493,520,479,999,144,81,227,299.59,0.8222,0.5148,0.173604,0,0,1,264.05,1.0000,0.0060,0.000022,4.470
690496,520,421,941,225,63,111,7.68,0.8314,0.5559,0.207129,25,28,6,116.01,0.6640,0.1146,0.010503,4.250
690497,520,418,938,220,64,133,357.82,0.8054,0.5550,0.205783,46,0,64,313.47,1.0000,0.1244,0.009511,4.298
690500,520,247,767,240,130,230,330.61,0.9088,0.7218,0.402058,45,74,34,137.69,0.6816,0.2803,0.055708,4.276
690510,520,474,994,222,42,72,18.70,0.9227,0.5215,0.176561,12,0,3,359.86,1.0000,0.0296,0.000848,4.456
690512,520,321,841,238,67,251,324.89,0.9847,0.6514,0.291589,95,0,41,4.42,1.0000,0.2117,0.025934,4.498
690534,520,367,887,234,42,230,329.18,0.9682,0.6130,0.248641,34,34,66,281.73,0.4705,0.1666,0.018775,4.342
690538,520,459,979,234,16,60,20.93,0.9867,0.5312,0.181924,26,0,19,339.35,1.0000,0.0571,0.002667,4.404
690541,520,419,939,224,52,148,351.75,0.8600,0.5571,0.204440,14,29,24,170.89,0.3869,0.1129,0.010380,4.214
690558,520,392,912,236,84,52,33.60,0.9047,0.5899,0.244244,14,41,2,137.33,0.9818,0.1466,0.016836,4.403
690563,520,478,998,205,39,152,344.90,0.8613,0.5133,0.166992,0,3,2,174.96,1.0000,0.0237,0.000695,4.280
690584,520,258,778,239,154,14,69.91,0.9814,0.7143,0.414960,6,76,36,151.64,0.9820,0.2703,0.053347,4.499
690600,520,453,973,188,47,223,318.41,0.9146,0.5349,0.180534,24,3,38,308.88,0.8185,0.0723,0.003993,4.270
690614,520,352,872,222,69,238,323.80,0.9300,0.6191,0.259609,15,15,133,268.01,0.9849,0.1948,0.021365,4.338
690619,520,319,839,252,99,102,22.19,0.9624,0.6471,0.305817,59,44,71,309.19,0.3575,0.2222,0.031861,4.347
690627,520,468,988,175,68,196,320.69,0.7793,0.5162,0.172348,5,2,27,282.86,0.8646,0.0410,0.001548,4.313
690643,520,388,908,236,71,132,2.36,0.8422,0.5916,0.240082,9,35,61,251.31,0.7086,0.1484,0.015970,4.397
690648,520,428,948,215,40,205,330.87,0.9318,0.5627,0.203745,12,14,62,273.28,0.8647,0.1012,0.007400,4.421
690649,520,273,793,195,164,135,64.93,0.3186,0.6964,0.399031,11,75,6,142.01,0.9900,0.2639,0.051162,4.439
690653,520,441,961,217,51,148,350.03,0.8443,0.5432,0.192599,7,18,48,265.39,0.7425,0.0932,0.006912,4.263
690669,520,323,843,239,106,159,357.51,0.7957,0.6518,0.311646,6,59,42,165.86,0.9371,0.2136,0.033337,4.340
690685,520,401,921,252,26,111,8.15,0.9782,0.5833,0.225856,5,25,82,264.18,0.9200,0.1407,0.013366,4.353
690692,520,442,962,168,85,208,313.23,0.7426,0.5379,0.193767,23,5,40,304.00,0.7738,0.0761,0.004439,4.478
690714,520,380,900,234,46,213,333.51,0.9505,0.6047,0.242531,54,10,75,311.67,0.8239,0.1586,0.015094,4.494
690736,520,338,858,234,114,74,38.83,0.8191,0.6352,0.300241,8,52,61,214.87,0.8063,0.1994,0.028444,4.465
690743,520,333,853,242,35,248,326.90,0.9858,0.6351,0.268593,78,27,24,26.19,0.6735,0.1988,0.024698,4.265
690785,520,342,862,250,28,224,334.35,0.9870,0.6307,0.265394,58,39,23,60.50,0.4329,0.1893,0.024125,4.255
690793,520,409,929,215,61,197,333.20,0.8651,0.5741,0.218179,59,0,33,352.88,1.0000,0.1279,0.010398,4.440
690806,520,428,948,243,13,109,6.94,0.9868,0.5602,0.204500,14,25,29,222.65,0.2883,0.1034,0.008773,4.330
690810,520,400,920,186,88,223,315.63,0.8070,0.5776,0.227473,14,21,88,269.84,0.9185,0.1437,0.013342,4.381
690814,520,374,894,245,2,205,337.97,0.9988,0.6041,0.238668,7,21,104,266.30,0.9628,0.1601,0.015809,4.386
690817,520,454,974,214,40,148,348.67,0.8752,0.5291,0.179542,6,16,6,144.17,0.5786,0.0654,0.004224,4.233
690822,520,455,975,215,32,158,345.14,0.9108,0.5310,0.179511,9,12,20,268.26,0.2764,0.0628,0.003715,4.273
690837,520,415,935,194,75,222,319.41,0.8473,0.5715,0.217767,20,30,14,134.46,0.4804,0.1175,0.011090,4.383
690841,520,426,946,236,30,139,356.25,0.9485,0.5623,0.206285,13,29,6,136.83,0.8377,0.1077,0.009774,4.288
690855,520,475,995,217,9,136,352.61,0.9774,0.5159,0.167272,6,3,0,82.32,1.0000,0.0305,0.001038,4.257
690881,520,342,862,251,5,234,332.17,0.9985,0.6332,0.265614,43,30,97,286.16,0.7371,0.1937,0.023052,4.320
690887,520,270,790,198,146,238,309.32,0.7590,0.7019,0.387372,7,74,29,148.59,0.9825,0.2622,0.050312,4.360
690894,520,382,902,236,85,91,21.64,0.8555,0.5974,0.250881,24,35,71,268.67,0.5824,0.1644,0.018511,4.392
690899,520,418,938,249,7,58,22.05,0.9963,0.5607,0.206008,41,19,16,28.68,0.4437,0.1153,0.009746,4.285
690906,520,470,990,118,90,246,285.47,0.9221,0.5175,0.178174,8,1,27,292.85,0.9011,0.0415,0.001525,4.428
690907,520,300,820,216,137,139,18.13,0.5244,0.6653,0.343560,32,62,16,136.48,0.8965,0.2294,0.037896,4.478
690909,520,360,880,240,100,74,32.45,0.8851,0.6227,0.281370,20,49,12,139.49,0.9139,0.1781,0.023718,4.495
690910,520,430,950,216,17,192,334.71,0.9734,0.5458,0.188079,38,13,12,24.01,0.5456,0.0979,0.007265,4.157
690912,520,385,905,245,57,121,6.21,0.9173,0.5914,0.237225,8,23,91,266.47,0.9367,0.1481,0.014196,4.474
690920,520,444,964,233,14,121,1.24,0.9788,0.5437,0.190212,14,16,30,276.84,0.3667,0.0809,0.005577,4.322
690939,520,225,745,254,146,181,359.92,0.9593,0.7482,0.449674,0,81,81,194.77,1.0000,0.3010,0.064786,4.353
690940,520,433,953,227,56,111,6.96,0.8595,0.5528,0.203097,8,25,30,219.20,0.4935,0.1002,0.008406,4.333
690941,520,457,977,229,5,103,6.51,0.9922,0.5276,0.177488,18,0,35,304.57,1.0000,0.0563,0.002500,4.333
690949,520,457,977,177,19,255,308.79,1.0000,0.5295,0.170338,0,8,36,260.58,1.0000,0.0572,0.003010,4.157
690959,520,346,866,245,64,194,341.86,0.9316,0.6271,0.269773,35,36,91,277.91,0.6690,0.1926,0.023743,4.336
690961,520,383,903,239,32,201,337.84,0.9691,0.5989,0.236037,18,39,39,195.59,0.4196,0.1519,0.017261,4.253
690963,520,374,894,249,57,135,1.90,0.9432,0.6035,0.248186,62,17,47,343.19,0.6606,0.1610,0.016304,4.497
690968,520,464,984,210,4,176,337.80,0.9908,0.5217,0.169252,6,6,20,281.13,0.5110,0.0471,0.002195,4.201
690979,520,350,870,241,29,251,326.04,0.9897,0.6330,0.265472,4,33,111,263.59,0.9659,0.1900,0.022611,4.345
690981,520,366,886,229,76,184,341.61,0.8379,0.6064,0.252900,6,43,63,237.63,0.7979,0.1720,0.021252,4.251
690992,520,270,790,254,105,214,339.42,0.9915,0.6975,0.360319,11,74,24,146.10,0.9772,0.2623,0.050344,4.089
691009,520,436,956,244,11,13,28.80,0.9955,0.5471,0.195050,45,3,7,20.04,0.8891,0.0939,0.006385,4.346
691026,520,373,893,247,19,176,346.53,0.9839,0.5959,0.233778,23,5,114,273.52,0.9888,0.1631,0.015055,4.362
691031,520,320,840,255,39,235,332.82,1.0000,0.6509,0.287124,71,33,59,340.53,0.5003,0.2096,0.027432,4.354
691036,520,419,939,243,48,25,30.68,0.9761,0.5634,0.212422,54,2,5,24.00,0.9585,0.1111,0.008388,4.494
691039,520,39,559,233,251,154,117.37,0.9265,0.9458,0.886510,36,129,16,140.92,0.9886,0.4541,0.161124,4.436
691046,520,395,915,216,45,242,321.76,0.9614,0.5930,0.228884,62,7,28,3.24,0.7952,0.1404,0.012601,4.455
691058,520,469,989,146,82,229,299.83,0.8280,0.5204,0.178030,11,5,9,337.64,0.3009,0.0446,0.001994,4.386
691070,520,385,905,207,64,242,318.80,0.9368,0.5937,0.233446,7,2,115,266.67,0.9978,0.1529,0.013263,4.480
691081,520,372,892,235,31,224,330.93,0.9780,0.6053,0.240266,43,35,43,326.08,0.1679,0.1654,0.018901,4.213
691111,520,474,994,232,6,36,25.66,0.9963,0.5214,0.174166,9,1,9,327.80,0.7097,0.0318,0.000995,4.396
691118,520,378,898,242,76,97,17.63,0.8952,0.5985,0.249123,18,43,36,173.26,0.5165,0.1632,0.019837,4.283
691124,520,270,790,225,148,140,26.08,0.5736,0.6998,0.390826,13,74,18,144.00,0.9774,0.2620,0.050266,4.397
691134,520,429,949,241,1,79,15.74,0.9991,0.5460,0.192904,2,16,59,263.45,0.9418,0.0959,0.006992,4.262
691136,520,403,923,254,17,69,20.13,0.9949,0.5752,0.219052,0,36,26,170.21,1.0000,0.1285,0.013363,4.246
691138,520,375,895,226,28,244,324.06,0.9847,0.6023,0.235331,40,20,81,292.67,0.7641,0.1573,0.015455,4.359
691149,520,380,900,240,53,182,344.01,0.9204,0.6032,0.244518,46,11,91,295.97,0.8816,0.1637,0.015755,4.479
691152,520,406,926,247,28,119,4.89,0.9678,0.5764,0.219400,3,31,50,242.18,0.8164,0.1265,0.012296,4.325
691168,520,452,972,233,17,61,20.64,0.9852,0.5295,0.180646,20,7,36,301.24,0.6863,0.0731,0.004281,4.249
691169,520,370,890,240,7,235,329.49,0.9973,0.6147,0.246781,63,21,41,353.18,0.5950,0.1659,0.017533,4.395
691170,520,419,939,204,35,228,322.05,0.9572,0.5569,0.196426,32,18,34,322.33,0.3967,0.1071,0.008552,4.209
691173,520,440,960,192,80,188,329.02,0.7382,0.5532,0.205760,31,16,17,15.34,0.3240,0.0943,0.007024,4.485
691210,520,422,942,248,22,31,27.52,0.9894,0.5598,0.206328,34,14,52,305.36,0.6726,0.1142,0.009021,4.343
691222,520,407,927,200,52,240,317.69,0.9385,0.5709,0.210281,37,22,52,305.47,0.5234,0.1329,0.012151,4.188
691230,520,401,921,209,72,207,328.44,0.8425,0.5816,0.226968,23,36,31,168.84,0.2712,0.1430,0.015428,4.233
691231,520,478,998,149,79,222,302.87,0.8073,0.5140,0.172558,0,3,0,142.50,1.0000,0.0226,0.000651,4.394
691232,520,477,997,182,48,196,323.77,0.8549,0.5061,0.160458,2,0,9,294.50,1.0000,0.0190,0.000326,4.182
691241,520,315,835,227,93,255,320.30,1.0000,0.6644,0.313815,57,48,46,32.59,0.1108,0.2179,0.031811,4.447
691243,520,454,974,211,73,9,39.33,0.9785,0.5254,0.186360,22,5,26,320.01,0.6491,0.0652,0.003537,4.415
691260,520,379,899,233,53,204,335.79,0.9282,0.6025,0.242321,17,24,95,270.25,0.9112,0.1590,0.015986,4.430
691271,520,439,959,180,66,236,311.91,0.8971,0.5507,0.196568,10,20,25,230.66,0.3192,0.0853,0.006350,4.376
691275,520,375,895,165,116,225,302.94,0.7150,0.5986,0.259267,36,39,21,116.32,0.3876,0.1609,0.018802,4.495
691277,520,434,954,199,44,225,321.22,0.9327,0.5520,0.193813,35,7,44,316.84,0.7428,0.0992,0.006912,4.284
691291,520,414,934,222,35,198,334.60,0.9447,0.5678,0.208112,0,36,5,145.75,1.0000,0.1235,0.012727,4.115
691301,520,48,568,230,238,246,247.97,0.3803,0.9364,0.846256,60,123,22,136.77,0.9672,0.4450,0.151841,4.440
691309,520,430,950,233,49,90,14.63,0.9113,0.5530,0.202615,17,26,19,151.24,0.2810,0.1046,0.009050,4.278
691311,520,308,828,206,131,213,323.87,0.6581,0.6698,0.341597,1,64,42,162.57,0.9926,0.2293,0.038402,4.430
691330,520,435,955,188,26,252,312.40,0.9861,0.5462,0.184596,32,8,30,330.82,0.6208,0.0871,0.005745,4.208
691337,520,392,912,229,18,228,328.56,0.9891,0.5929,0.226945,6,2,111,266.48,0.9977,0.1464,0.012297,4.446
691376,520,337,857,245,47,238,329.83,0.9745,0.6399,0.276214,65,11,100,306.63,0.8809,0.2008,0.022834,4.479
691394,520,419,939,215,59,179,338.91,0.8424,0.5621,0.208318,11,22,53,266.38,0.6832,0.1090,0.009020,4.377
691426,520,467,987,194,79,106,8.41,0.6609,0.5182,0.181037,13,3,16,319.53,0.6093,0.0447,0.001881,4.453
691443,520,465,985,197,77,94,14.69,0.6932,0.5170,0.179881,8,9,3,114.80,0.4221,0.0492,0.002536,4.376
691458,520,381,901,255,48,106,11.75,1.0000,0.5999,0.244182,63,18,40,353.15,0.6408,0.1609,0.016427,4.429
691464,520,420,940,236,2,161,348.49,0.9974,0.5636,0.204525,10,0,88,270.30,1.0000,0.1121,0.007690,4.412
691468,520,211,731,213,174,202,336.42,0.3902,0.7602,0.486833,21,86,57,159.58,0.8914,0.3131,0.071101,4.433
691483,520,477,997,206,64,35,33.29,0.9090,0.5058,0.169122,3,0,2,338.03,1.0000,0.0160,0.000237,4.362
691559,520,374,894,239,80,97,18.29,0.8717,0.5977,0.249541,16,36,65,257.78,0.6181,0.1574,0.017535,4.435
691564,520,452,972,179,47,230,313.97,0.9212,0.5264,0.173310,27,10,3,48.12,0.6434,0.0731,0.004567,4.092
691569,520,408,928,247,43,9,31.35,0.9934,0.5674,0.215252,15,33,41,228.50,0.4337,0.1330,0.013493,4.178
691583,520,434,954,192,44,231,317.75,0.9362,0.5453,0.187787,1,9,73,264.82,0.9771,0.0992,0.006828,4.184
691588,520,385,905,246,66,23,33.72,0.9778,0.5854,0.235545,57,24,6,47.03,0.7564,0.1508,0.015364,4.369
691603,520,454,974,232,36,39,27.11,0.9676,0.5334,0.185671,6,16,7,147.17,0.5333,0.0656,0.004246,4.344
691605,520,313,833,251,102,129,12.05,0.9294,0.6562,0.316001,74,41,45,12.38,0.3787,0.2249,0.032314,4.446
691625,520,409,929,238,42,137,357.98,0.9227,0.5721,0.216423,43,12,58,312.51,0.7397,0.1290,0.010821,4.380
691627,520,467,987,232,8,17,28.29,0.9958,0.5206,0.173731,11,4,11,326.88,0.4226,0.0429,0.001821,4.317
691642,520,333,853,247,89,160,355.98,0.8967,0.6421,0.294600,68,35,51,350.40,0.4235,0.2049,0.026702,4.493
691678,520,100,620,191,231,208,159.93,0.4522,0.8756,0.727813,35,113,39,143.94,0.9532,0.4033,0.123136,4.492
691697,520,457,977,223,51,88,14.47,0.8830,0.5343,0.187629,18,8,2,62.08,0.6092,0.0568,0.003067,4.478
691702,520,443,963,233,22,89,12.50,0.9707,0.5369,0.186218,35,4,24,344.46,0.7316,0.0822,0.005102,4.287
691703,520,407,927,238,65,78,21.64,0.9023,0.5749,0.225109,49,9,58,319.53,0.7761,0.1350,0.011539,4.470
691706,520,464,984,182,3,241,313.39,0.9975,0.5205,0.163622,8,8,13,284.82,0.1928,0.0503,0.002543,4.066
691709,520,465,985,215,50,104,6.93,0.8481,0.5220,0.177302,21,1,13,344.01,0.7912,0.0489,0.002102,4.363
691710,520,440,960,226,12,162,346.06,0.9797,0.5466,0.190430,22,10,52,290.36,0.7618,0.0934,0.006356,4.266
691712,520,397,917,205,78,198,329.97,0.7952,0.5769,0.225068,13,37,23,155.97,0.6537,0.1369,0.014705,4.251
691720,520,383,903,241,24,194,340.15,0.9786,0.5955,0.232521,40,7,87,293.26,0.9174,0.1474,0.012912,4.491
691726,520,435,955,217,51,154,347.82,0.8477,0.5459,0.194548,0,21,44,250.39,1.0000,0.0930,0.007181,4.277
691759,520,457,977,130,88,252,289.24,0.9684,0.5315,0.187534,4,12,12,195.67,0.3809,0.0555,0.003153,4.469
691760,520,395,915,228,68,166,347.26,0.8352,0.5875,0.233840,14,36,36,195.46,0.4820,0.1390,0.014824,4.379
691768,520,365,885,226,102,95,25.49,0.7574,0.6058,0.265002,16,45,49,207.43,0.5587,0.1741,0.022086,4.370
691775,520,479,999,160,74,209,310.89,0.7818,0.5114,0.169753,1,0,3,302.89,1.0000,0.0124,0.000130,4.384
691777,520,471,991,229,34,11,30.53,0.9889,0.5241,0.178292,14,3,12,333.26,0.5609,0.0440,0.001850,4.403
691782,520,407,927,150,100,251,294.72,0.9420,0.5718,0.225635,53,17,24,10.64,0.5884,0.1345,0.012238,4.429
691804,520,435,955,218,60,137,355.29,0.8133,0.5488,0.199457,30,1,53,304.46,0.9553,0.0903,0.005548,4.491
691811,520,356,876,250,63,168,351.23,0.9522,0.6231,0.267094,67,27,34,10.97,0.5321,0.1809,0.020928,4.471
691818,520,37,557,243,252,81,112.38,0.9843,0.9476,0.892700,20,130,13,142.22,0.9927,0.4534,0.161424,4.459
691819,520,384,904,252,55,9,32.75,0.9938,0.5866,0.234512,28,11,99,278.93,0.9466,0.1529,0.013870,4.455
691820,520,316,836,238,93,223,331.98,0.9112,0.6617,0.313360,11,62,39,158.94,0.9129,0.2243,0.036627,4.195
691836,520,414,934,241,43,103,10.46,0.9341,0.5678,0.214110,53,10,8,27.11,0.8138,0.1203,0.009916,4.408
691864,520,395,915,230,33,220,330.72,0.9708,0.5949,0.230805,4,38,23,160.30,0.9190,0.1360,0.014738,4.338
691872,520,302,822,245,77,248,327.21,0.9755,0.6698,0.315002,68,34,100,304.71,0.6802,0.2345,0.032932,4.401
691873,520,386,906,172,99,237,305.84,0.8331,0.5854,0.238093,66,9,34,359.23,0.7763,0.1532,0.014693,4.453
691875,520,296,816,239,136,19,59.84,0.9720,0.6785,0.360086,36,64,44,152.24,0.4956,0.2444,0.042236,4.446
691879,520,449,969,223,57,82,17.67,0.8732,0.5385,0.192261,12,8,39,283.37,0.7248,0.0693,0.003983,4.488
691885,520,391,911,233,3,211,333.72,0.9978,0.5858,0.220946,39,35,1,102.89,0.9525,0.1494,0.016356,4.083
691891,520,383,903,233,20,229,329.26,0.9888,0.6012,0.234836,34,36,36,196.97,0.0301,0.1549,0.017292,4.233
691901,520,377,897,232,64,187,340.89,0.8817,0.6008,0.244131,15,23,95,269.48,0.9238,0.1560,0.015405,4.497
691913,520,395,915,221,82,173,343.82,0.7772,0.5948,0.244261,13,37,39,202.65,0.5256,0.1430,0.015551,4.489
691922,520,396,916,248,22,125,2.81,0.9773,0.5780,0.220144,2,36,41,209.05,0.9003,0.1358,0.014347,4.198
691951,520,453,973,210,17,189,334.03,0.9683,0.5328,0.177788,7,15,16,205.40,0.2750,0.0666,0.004242,4.199
691966,520,393,913,207,59,242,318.98,0.9399,0.5892,0.228057,60,13,1,37.43,0.9614,0.1373,0.012509,4.448
691973,520,341,861,242,73,196,340.83,0.9107,0.6314,0.276307,62,42,14,72.73,0.6563,0.2012,0.027119,4.231
691990,520,387,907,253,9,143,357.60,0.9931,0.5911,0.230648,12,31,71,262.89,0.7642,0.1471,0.015130,4.309
691991,520,424,944,249,5,26,27.45,0.9980,0.5572,0.203265,15,25,32,239.49,0.2955,0.1056,0.009011,4.292
691992,520,471,991,218,34,110,3.43,0.9076,0.5179,0.171778,5,4,14,287.97,0.4751,0.0381,0.001508,4.306
692008,520,457,977,184,74,186,326.97,0.7437,0.5314,0.186344,8,8,23,281.56,0.4804,0.0550,0.002871,4.470
692013,520,474,994,223,40,50,24.93,0.9480,0.5185,0.174386,13,0,8,340.39,1.0000,0.0332,0.001031,4.397
692014,520,323,843,253,56,227,334.39,0.9905,0.6527,0.292602,59,47,5,92.02,0.8715,0.2091,0.029739,4.297
692025,520,470,990,223,32,97,8.99,0.9310,0.5230,0.175868,4,1,34,276.94,0.9677,0.0435,0.001630,4.375
692034,520,454,974,223,29,119,0.69,0.9307,0.5284,0.179013,8,1,60,274.05,0.9913,0.0750,0.003996,4.241
692042,520,399,919,235,68,111,10.01,0.8521,0.5800,0.229470,45,5,78,302.64,0.9097,0.1424,0.012165,4.496
692074,520,460,980,206,80,8,42.49,0.9753,0.5261,0.188788,10,10,23,282.64,0.3979,0.0608,0.003435,4.469
692081,520,415,935,222,72,139,356.81,0.7862,0.5699,0.220309,29,25,39,297.27,0.2799,0.1220,0.011030,4.429
692089,520,442,962,217,28,165,343.22,0.9314,0.5364,0.183012,19,16,12,75.01,0.1527,0.0780,0.005356,4.209
692094,520,480,1000,190,41,187,329.03,0.8713,0.5079,0.161224,0,0,0,0.00,0.0000,0.0000,0.000000,4.224
692104,520,358,878,252,2,213,337.44,0.9992,0.6217,0.255462,61,17,73,318.18,0.7441,0.1763,0.018741,4.444
692118,520,470,990,224,6,106,4.63,0.9888,0.5183,0.170209,4,4,16,280.57,0.5482,0.0381,0.001501,4.276
692128,520,270,790,255,98,227,335.39,1.0000,0.6966,0.355443,8,66,88,229.93,0.8657,0.2589,0.046524,4.200
692139,520,473,993,204,11,189,332.46,0.9778,0.5201,0.167528,12,1,3,5.39,0.7153,0.0327,0.001065,4.260
692144,520,478,998,207,31,157,343.42,0.8991,0.5147,0.166818,1,1,14,273.55,0.9013,0.0244,0.000599,4.285
692146,520,470,990,188,43,209,322.13,0.9012,0.5214,0.170240,14,0,21,315.67,1.0000,0.0411,0.001475,4.279
692149,520,245,765,226,145,225,327.27,0.7544,0.7270,0.418573,6,80,34,149.73,0.9861,0.2837,0.058913,4.302
692152,520,431,951,225,69,21,35.77,0.9651,0.5477,0.203207,25,10,59,290.47,0.8012,0.1032,0.007395,4.412
692155,520,339,859,252,100,83,29.15,0.9728,0.6449,0.304377,37,52,25,132.44,0.5414,0.2023,0.029194,4.475
692182,520,376,896,240,57,179,345.11,0.9093,0.6049,0.247091,20,41,46,214.76,0.4088,0.1625,0.019318,4.286
692185,520,367,887,228,48,240,325.25,0.9639,0.6132,0.249014,51,29,60,315.53,0.4903,0.1715,0.019088,4.328
692195,520,462,982,226,42,46,26.25,0.9503,0.5257,0.180248,1,8,19,248.99,0.7442,0.0466,0.002271,4.405
692201,520,466,986,222,14,105,4.88,0.9729,0.5157,0.168663,1,4,36,266.09,0.9516,0.0494,0.002206,4.188
692203,520,458,978,111,96,252,281.49,0.9709,0.5272,0.187730,0,6,47,263.51,1.0010,0.0634,0.003355,4.456
692205,520,431,951,238,41,54,24.65,0.9593,0.5508,0.200326,3,4,81,266.37,0.9910,0.1038,0.007002,4.392
692238,520,384,904,231,31,208,334.07,0.9678,0.5882,0.225256,72,0,22,11.52,1.0000,0.1529,0.014359,4.277
692239,520,325,845,243,99,168,353.28,0.8500,0.6516,0.308083,15,53,64,220.56,0.6783,0.2066,0.030178,4.466
692256,520,477,997,192,69,139,348.66,0.7095,0.5132,0.173285,1,1,1,0.00,0.0000,0.0164,0.000304,4.439
692261,520,335,855,241,69,217,334.29,0.9295,0.6371,0.279695,14,55,39,163.73,0.8046,0.2017,0.029721,4.136
692262,520,434,954,223,37,154,348.59,0.9082,0.5472,0.193468,36,14,17,12.44,0.4593,0.0979,0.007297,4.249
692277,520,369,889,229,48,227,328.66,0.9543,0.6062,0.243203,53,0,94,301.88,1.0000,0.1666,0.015651,4.466
692278,520,421,941,234,31,143,354.53,0.9433,0.5604,0.204585,2,28,44,238.93,0.8439,0.1134,0.010252,4.225
692287,520,418,938,204,74,173,338.38,0.7580,0.5564,0.207539,20,30,23,154.04,0.2716,0.1199,0.011391,4.195
692291,520,413,933,243,5,140,356.61,0.9945,0.5691,0.210600,11,28,39,238.85,0.4917,0.1151,0.010481,4.309
692301,520,468,988,191,8,222,320.25,0.9903,0.5204,0.165254,19,0,10,346.37,1.0000,0.0423,0.001604,4.171
692321,520,416,936,239,25,142,355.65,0.9635,0.5673,0.210021,24,24,41,283.31,0.3418,0.1155,0.010075,4.328
692339,520,411,931,250,9,101,10.39,0.9932,0.5716,0.214626,13,1,94,271.14,0.9974,0.1237,0.009154,4.474
692358,520,386,906,225,93,87,25.43,0.7834,0.5884,0.245269,40,36,5,102.03,0.7970,0.1540,0.017239,4.391
692361,520,417,937,220,0,227,326.67,1.0000,0.5727,0.207639,9,14,84,268.92,0.9561,0.1247,0.010122,4.285
692366,520,419,939,211,3,231,323.47,0.9977,0.5605,0.196855,45,14,13,24.25,0.6150,0.1120,0.009011,4.183
692384,520,466,986,193,61,173,334.58,0.7835,0.5227,0.176937,10,9,8,69.39,0.0554,0.0526,0.002774,4.300
692414,520,225,745,229,158,203,341.31,0.6343,0.7460,0.454251,24,85,0,139.48,1.0000,0.3020,0.066909,4.313
692423,520,162,682,248,191,57,84.04,0.9208,0.8077,0.575155,41,96,34,141.47,0.9142,0.3493,0.089524,4.481
692429,520,343,863,243,105,63,37.34,0.9050,0.6340,0.295197,4,55,8,143.90,0.9890,0.1919,0.027756,4.439
692438,520,479,999,170,25,246,308.45,0.9766,0.5130,0.158960,1,0,5,292.48,1.0000,0.0142,0.000174,4.165
692473,520,460,980,219,57,91,13.82,0.8497,0.5328,0.187442,16,4,28,305.15,0.7114,0.0571,0.002808,4.496
692504,520,437,957,218,65,130,358.77,0.7958,0.5513,0.203001,44,4,0,34.20,1.0000,0.0919,0.006224,4.500
692511,520,435,955,184,61,232,314.41,0.8956,0.5483,0.193551,13,8,59,277.28,0.8985,0.0891,0.005750,4.369
692512,520,368,888,254,66,111,12.13,0.9893,0.6139,0.261185,56,33,12,60.81,0.6262,0.1696,0.019551,4.474
692542,520,430,950,243,7,61,20.96,0.9955,0.5483,0.195470,35,9,46,314.19,0.7170,0.1035,0.007500,4.269
692544,520,452,972,214,70,24,36.47,0.9459,0.5279,0.187448,10,16,7,134.86,0.3968,0.0686,0.004504,4.356
692552,520,438,958,205,33,220,324.32,0.9541,0.5516,0.192359,38,7,3,33.08,0.8209,0.0860,0.005707,4.351
692554,520,438,958,237,20,100,9.29,0.9747,0.5473,0.194281,28,9,39,311.08,0.6613,0.0886,0.005888,4.371
692558,520,390,910,243,14,173,346.50,0.9871,0.5855,0.223891,23,40,4,131.25,0.9238,0.1493,0.017085,4.083
692562,520,434,954,238,3,104,7.55,0.9964,0.5462,0.192450,31,19,21,7.98,0.2442,0.1022,0.008112,4.172
692567,520,369,889,240,73,153,355.27,0.8646,0.6086,0.255932,28,45,3,129.32,0.9484,0.1692,0.021302,4.291
692575,520,471,991,217,53,42,28.84,0.9230,0.5162,0.174677,14,2,6,354.86,0.6111,0.0392,0.001499,4.363
692606,520,448,968,233,10,97,9.32,0.9872,0.5353,0.184069,10,16,40,270.31,0.6006,0.0844,0.005883,4.189
692620,520,384,904,239,47,166,348.64,0.9210,0.5894,0.231399,46,15,69,306.91,0.7550,0.1468,0.013522,4.430
692626,520,451,971,193,43,227,319.03,0.9334,0.5431,0.186127,25,7,5,29.95,0.5592,0.0650,0.003696,4.397
692634,520,328,848,233,120,91,35.44,0.7749,0.6468,0.315144,21,59,16,141.41,0.9325,0.2130,0.033247,4.386
692640,520,449,969,240,18,33,26.87,0.9902,0.5415,0.190711,0,7,52,263.57,1.0012,0.0706,0.003999,4.458
692645,520,364,884,180,104,252,304.93,0.9560,0.6141,0.266328,12,48,6,140.89,0.9700,0.1701,0.022051,4.390
692646,520,418,938,250,8,17,28.43,0.9971,0.5595,0.205418,60,0,10,18.59,1.0000,0.1227,0.009827,4.269
692648,520,441,961,185,15,250,312.17,0.9900,0.5360,0.175592,20,19,10,102.56,0.2969,0.0859,0.006364,4.002
692733,520,418,938,189,113,17,63.81,0.9175,0.5572,0.226710,7,34,5,141.83,0.9538,0.1203,0.012001,4.463
692735,520,424,944,187,43,254,311.22,0.9945,0.5557,0.194494,12,1,85,271.92,0.9965,0.1104,0.007557,4.248
692742,520,443,963,146,83,252,295.51,0.9687,0.5413,0.193259,15,13,31,286.98,0.4569,0.0758,0.004883,4.432
692749,520,390,910,239,71,92,18.15,0.8873,0.5861,0.236330,39,15,81,293.28,0.8195,0.1487,0.013671,4.497
692756,520,357,877,254,11,202,340.73,0.9950,0.6208,0.255778,65,30,1,55.54,0.9428,0.1766,0.020547,4.334
692760,520,399,919,244,1,156,351.69,0.9990,0.5770,0.216584,46,18,53,319.24,0.6182,0.1389,0.012706,4.251
692762,520,368,888,242,38,204,337.77,0.9648,0.6090,0.246260,21,28,95,271.30,0.8671,0.1691,0.018161,4.347
692774,520,417,937,253,32,22,29.26,0.9930,0.5740,0.219774,26,28,13,114.88,0.4092,0.1170,0.010792,4.438
692785,520,373,893,225,24,249,322.74,0.9888,0.6029,0.235026,25,20,99,275.41,0.9102,0.1622,0.016078,4.313
692810,520,467,987,175,33,246,309.71,0.9661,0.5245,0.168564,0,2,29,263.86,1.0026,0.0373,0.001321,4.259
692811,520,398,918,247,48,86,17.23,0.9504,0.5793,0.225634,36,33,2,104.13,0.8983,0.1403,0.014672,4.262
692826,520,199,719,252,169,86,63.43,0.9367,0.7683,0.497457,48,80,94,227.64,0.3838,0.3220,0.071736,4.497
692845,520,208,728,210,177,195,344.18,0.3046,0.7610,0.490868,36,86,6,137.35,0.9869,0.3109,0.070436,4.491
692847,520,397,917,190,67,254,310.99,0.9927,0.5805,0.221183,36,31,16,91.69,0.3887,0.1371,0.013925,4.242
692850,520,442,962,239,17,76,16.97,0.9848,0.5449,0.192767,37,3,1,31.43,0.9428,0.0767,0.004607,4.446
692862,520,465,985,226,12,86,12.09,0.9831,0.5182,0.171065,3,1,42,271.47,0.9865,0.0504,0.002082,4.245
692872,520,470,990,195,40,197,327.58,0.8969,0.5226,0.171525,6,7,9,262.00,0.1091,0.0447,0.002104,4.252
692878,520,381,901,254,65,36,31.64,0.9951,0.6009,0.249825,55,25,41,348.16,0.4657,0.1591,0.016677,4.497
692911,520,423,943,194,49,247,314.51,0.9602,0.5648,0.203827,4,27,38,231.81,0.7302,0.1079,0.009496,4.266
692928,520,430,950,155,87,246,299.26,0.9120,0.5528,0.204390,12,15,60,273.06,0.8390,0.1010,0.007460,4.427
692965,520,443,963,197,67,174,335.60,0.7705,0.5368,0.189423,2,15,42,259.88,0.8665,0.0783,0.005217,4.336
692973,520,444,964,221,40,146,351.06,0.8908,0.5416,0.189676,31,9,20,350.81,0.5272,0.0824,0.005372,4.328
692979,520,435,955,236,44,78,18.26,0.9374,0.5526,0.201874,6,21,29,233.05,0.5299,0.0873,0.006637,4.447
692984,520,470,990,223,44,29,29.80,0.9585,0.5194,0.175808,9,2,17,307.41,0.7038,0.0385,0.001420,4.391
692987,520,403,923,240,9,175,345.21,0.9911,0.5796,0.218188,0,18,89,263.60,1.0013,0.1329,0.011538,4.358
692995,520,429,949,196,75,187,330.75,0.7629,0.5523,0.203573,12,22,40,261.45,0.4870,0.1001,0.008052,4.368
693036,520,424,944,245,0,108,7.23,1.0000,0.5614,0.204986,19,28,12,132.52,0.4941,0.1103,0.009955,4.253
693047,520,478,998,198,25,178,334.10,0.9264,0.5068,0.159172,8,0,0,29.23,1.0000,0.0228,0.000516,4.141
693073,520,376,896,195,91,227,317.50,0.8280,0.5972,0.246315,50,33,0,80.30,1.0000,0.1588,0.017659,4.380
693076,520,444,964,209,79,66,28.71,0.7946,0.5355,0.195428,0,6,63,264.08,0.9814,0.0815,0.004891,4.471
693078,520,382,902,244,19,190,341.88,0.9849,0.5974,0.234197,38,18,85,289.82,0.8098,0.1559,0.015005,4.372
693085,520,468,988,207,54,138,351.66,0.8051,0.5229,0.177408,8,2,23,295.58,0.7864,0.0412,0.001569,4.410
693103,520,479,999,159,52,241,304.86,0.9302,0.5109,0.161784,0,1,0,142.50,1.0000,0.0135,0.000217,4.217
693122,520,369,889,226,47,237,325.47,0.9614,0.6072,0.243184,62,18,67,323.49,0.7104,0.1748,0.018621,4.273
693126,520,349,869,253,53,183,346.60,0.9835,0.6274,0.268511,57,40,24,63.84,0.4096,0.1906,0.024535,4.273
693127,520,409,929,241,32,121,3.44,0.9525,0.5668,0.211175,19,32,37,223.96,0.2919,0.1307,0.013050,4.142
693134,520,442,962,137,93,245,291.97,0.8974,0.5410,0.197396,14,18,25,261.54,0.2183,0.0831,0.005962,4.421
693135,520,418,938,206,43,215,325.74,0.9274,0.5558,0.197577,18,31,26,168.50,0.3095,0.1224,0.011831,4.004
693149,520,304,824,249,100,188,346.95,0.9279,0.6710,0.328878,20,62,54,178.46,0.6827,0.2326,0.038602,4.276
693155,520,423,943,206,76,162,343.44,0.7397,0.5568,0.209012,9,22,60,265.93,0.7939,0.1139,0.009581,4.347
693156,520,431,951,222,31,177,340.73,0.9379,0.5537,0.196864,30,8,53,301.63,0.7832,0.1008,0.007067,4.326
693178,520,464,984,225,42,55,23.99,0.9428,0.5248,0.179422,6,3,32,280.99,0.8583,0.0484,0.002081,4.405
693213,520,442,962,208,80,80,23.33,0.7509,0.5377,0.197286,19,11,38,293.94,0.6082,0.0805,0.005177,4.482
693231,520,404,924,252,31,103,10.97,0.9788,0.5833,0.226583,5,36,31,180.27,0.8092,0.1327,0.013929,4.326
693244,520,398,918,224,59,189,338.07,0.8777,0.5833,0.226517,45,17,54,317.21,0.6402,0.1364,0.012252,4.442
693254,520,352,872,236,14,250,325.19,0.9956,0.6195,0.250516,54,40,46,351.07,0.1927,0.1934,0.024992,4.007
693286,520,465,985,162,66,225,308.38,0.8545,0.5163,0.170147,18,4,8,359.69,0.5172,0.0499,0.002330,4.207
693303,520,416,936,214,32,230,324.26,0.9690,0.5736,0.210443,29,21,48,295.50,0.4976,0.1183,0.010109,4.333
693306,520,461,981,234,28,1,30.59,0.9991,0.5312,0.183283,15,3,15,327.47,0.6065,0.0465,0.002012,4.485
693311,520,460,980,223,17,133,355.16,0.9634,0.5288,0.177850,12,2,39,288.91,0.9045,0.0576,0.002681,4.325
693314,520,408,928,245,40,107,9.39,0.9460,0.5750,0.219950,33,29,19,88.76,0.2585,0.1289,0.012491,4.320
693326,520,452,972,232,25,69,18.83,0.9719,0.5318,0.182838,8,12,29,271.48,0.5077,0.0668,0.004033,4.309
693335,520,441,961,124,97,255,285.40,1.0000,0.5433,0.200541,21,21,19,106.76,0.0531,0.0946,0.007428,4.363
693356,520,392,912,244,47,135,0.16,0.9241,0.5864,0.230187,48,26,41,339.67,0.3873,0.1502,0.015273,4.293
693365,520,446,966,161,71,249,302.48,0.9533,0.5411,0.189236,35,9,0,46.86,1.0000,0.0833,0.005528,4.308
693372,520,380,900,232,15,234,327.86,0.9928,0.6015,0.234405,40,38,11,105.03,0.6373,0.1606,0.018615,4.145
693378,520,369,889,236,43,219,332.42,0.9614,0.6100,0.246777,2,12,120,264.84,0.9897,0.1680,0.016318,4.475
693402,520,443,963,225,31,146,351.56,0.9281,0.5441,0.190655,28,8,21,342.48,0.5303,0.0766,0.004747,4.396
693418,520,415,935,235,41,138,356.97,0.9187,0.5660,0.210860,27,4,80,284.97,0.9567,0.1205,0.008990,4.422
693430,520,457,977,193,19,224,320.22,0.9769,0.5284,0.171865,18,10,7,43.51,0.2790,0.0624,0.003610,4.138
693446,520,324,844,224,97,239,323.33,0.9153,0.6550,0.306305,15,55,53,190.46,0.6984,0.2075,0.030908,4.404
693463,520,454,974,199,30,208,325.80,0.9445,0.5312,0.176264,10,3,51,278.71,0.9460,0.0698,0.003687,4.215
693485,520,379,899,235,31,215,333.19,0.9741,0.5996,0.235511,42,17,81,295.57,0.7929,0.1553,0.014872,4.401
693501,520,389,909,254,1,144,357.33,0.9992,0.5920,0.231098,10,31,72,261.97,0.7997,0.1470,0.015123,4.316
693502,520,389,909,246,57,119,7.08,0.9245,0.5927,0.238543,72,3,0,30.65,1.0000,0.1521,0.014431,4.478
693507,520,425,945,208,74,163,343.48,0.7542,0.5582,0.209538,44,14,13,24.18,0.6021,0.1102,0.008787,4.415
693517,520,478,998,199,73,79,20.92,0.7436,0.5112,0.174737,0,1,6,259.05,1.0000,0.0179,0.000349,4.464
693519,520,366,886,248,59,146,358.05,0.9340,0.6072,0.251630,50,37,14,79.89,0.5752,0.1711,0.020330,4.289
693523,520,405,925,242,32,148,354.53,0.9540,0.5786,0.220516,54,0,52,330.08,1.0000,0.1289,0.010323,4.484
693535,520,335,855,251,17,236,331.70,0.9948,0.6367,0.269694,63,40,43,10.74,0.2837,0.2049,0.027489,4.126
693550,520,469,989,231,15,55,21.95,0.9876,0.5237,0.176095,13,3,10,337.13,0.5241,0.0421,0.001726,4.371
693583,520,413,933,217,44,212,329.49,0.9333,0.5732,0.213087,33,1,78,292.21,0.9841,0.1213,0.008951,4.463
693587,520,295,815,228,111,231,326.48,0.8737,0.6758,0.336343,1,68,45,162.72,0.9934,0.2440,0.043300,4.141
693592,520,465,985,165,86,186,318.84,0.6628,0.5208,0.182009,2,12,5,155.12,0.7623,0.0515,0.002868,4.388
693600,520,297,817,245,126,85,39.43,0.8765,0.6753,0.349929,0,67,40,158.91,1.0000,0.2388,0.041673,4.363
693609,520,479,999,229,4,7,28.90,0.9979,0.5128,0.167632,2,0,0,29.23,1.0000,0.0120,0.000129,4.341
693611,520,372,892,232,4,251,324.08,0.9987,0.6116,0.242101,34,10,106,281.55,0.9505,0.1664,0.015977,4.427
693617,520,325,845,215,113,220,325.55,0.7829,0.6544,0.314262,28,57,3,134.37,0.9796,0.2088,0.031796,4.453
693628,520,333,853,242,93,158,356.31,0.8454,0.6380,0.291774,58,42,24,68.82,0.4264,0.1971,0.026215,4.484
693642,520,434,954,199,58,205,326.23,0.8611,0.5495,0.195776,25,18,43,294.63,0.5018,0.1041,0.008137,4.228
693648,520,465,985,163,88,182,319.22,0.6370,0.5188,0.181441,9,5,31,285.75,0.7318,0.0547,0.002655,4.395
693668,520,390,910,136,120,247,285.86,0.8732,0.5914,0.253822,4,44,10,145.60,0.9791,0.1537,0.018490,4.436
693673,520,455,975,186,7,245,313.61,0.9949,0.5313,0.171848,6,0,52,274.15,1.0000,0.0620,0.002866,4.196
693685,520,361,881,245,77,136,3.27,0.8917,0.6159,0.265009,34,41,58,267.00,0.2850,0.1796,0.022314,4.356
693687,520,416,936,199,82,194,329.32,0.7591,0.5703,0.220733,12,30,41,237.35,0.4928,0.1225,0.011668,4.390
693688,520,471,991,161,45,252,303.69,0.9834,0.5178,0.164827,8,4,7,334.30,0.2749,0.0384,0.001538,4.168
693690,520,389,909,188,106,194,324.65,0.6337,0.5912,0.248956,26,33,61,271.57,0.4739,0.1533,0.016442,4.499
693702,520,472,992,187,54,201,323.76,0.8500,0.5233,0.174215,5,1,9,310.98,0.6982,0.0270,0.000737,4.419
693706,520,305,825,253,60,248,329.27,0.9931,0.6683,0.308946,42,47,97,276.19,0.5708,0.2295,0.033882,4.279
693717,520,459,979,213,70,55,29.49,0.8597,0.5290,0.188047,5,5,46,272.35,0.9307,0.0645,0.003380,4.459
693721,520,437,957,204,5,237,320.27,0.9963,0.5537,0.190620,35,0,45,317.77,1.0000,0.0892,0.005468,4.338
693723,520,429,949,215,63,157,346.96,0.8052,0.5550,0.204386,35,14,35,327.21,0.5264,0.1041,0.007928,4.391
693740,520,425,945,186,79,220,317.06,0.8205,0.5632,0.211995,14,14,69,273.92,0.8901,0.1100,0.008371,4.488
693743,520,460,980,160,56,251,302.92,0.9747,0.5251,0.172675,13,9,26,292.67,0.4850,0.0630,0.003555,4.158
693756,520,336,856,249,73,183,346.67,0.9452,0.6372,0.283268,36,51,27,134.49,0.4922,0.1988,0.028218,4.261
693780,520,436,956,229,22,155,349.16,0.9603,0.5521,0.196012,12,23,23,195.92,0.2869,0.0939,0.007528,4.276
693793,520,397,917,214,100,94,25.03,0.6862,0.5823,0.242208,9,34,60,252.06,0.7035,0.1448,0.015283,4.476
693802,520,410,930,173,87,239,307.15,0.8718,0.5699,0.219333,49,12,50,326.71,0.7032,0.1328,0.011463,4.382
693825,520,428,948,246,9,84,15.05,0.9933,0.5593,0.204318,27,21,26,331.68,0.1592,0.1038,0.008439,4.352
693827,520,424,944,230,14,178,342.12,0.9818,0.5631,0.203542,32,14,55,300.25,0.6970,0.1140,0.008970,4.299
693829,520,462,982,199,13,210,325.41,0.9812,0.5262,0.170848,9,11,0,115.89,1.0000,0.0537,0.002974,4.169
693833,520,350,870,255,5,217,337.10,1.0000,0.6301,0.263817,30,18,124,274.79,0.9565,0.1947,0.021637,4.381
693835,520,441,961,167,102,159,331.40,0.4863,0.5370,0.202223,23,19,4,95.89,0.6220,0.0878,0.006567,4.459
693838,520,357,877,227,112,14,51.53,0.9699,0.6152,0.279534,33,46,19,130.16,0.5889,0.1788,0.023243,4.499
693842,520,396,916,252,35,88,15.85,0.9809,0.5818,0.226058,7,36,50,233.34,0.7150,0.1431,0.015371,4.223
693847,520,251,771,197,155,231,309.11,0.6639,0.7153,0.410831,41,73,32,139.13,0.7394,0.2739,0.053407,4.456
693849,520,390,910,242,7,192,340.80,0.9947,0.5920,0.228380,16,13,101,271.00,0.9681,0.1489,0.013375,4.393
693860,520,477,997,209,64,42,31.52,0.8949,0.5123,0.173916,7,0,1,9.43,1.0000,0.0219,0.000474,4.436
693867,520,434,954,237,4,116,3.40,0.9947,0.5480,0.193555,21,23,16,120.61,0.1980,0.0989,0.008096,4.192
693871,520,459,979,228,45,12,31.84,0.9865,0.5296,0.184002,18,10,5,57.84,0.3685,0.0618,0.003567,4.368
693888,520,437,957,226,50,113,5.27,0.8739,0.5463,0.196449,32,4,47,310.91,0.8257,0.0925,0.005992,4.402
693893,520,370,890,236,3,237,328.13,0.9988,0.6083,0.240150,20,10,118,271.25,0.9829,0.1713,0.016737,4.348
693915,520,369,889,238,5,235,329.04,0.9980,0.6108,0.242865,5,19,118,265.59,0.9784,0.1749,0.018059,4.303
693921,520,355,875,233,69,207,335.12,0.9005,0.6180,0.260874,39,45,23,121.32,0.4405,0.1822,0.023700,4.218
693925,520,472,992,175,41,233,312.28,0.9376,0.5182,0.165840,4,1,17,290.86,0.8347,0.0302,0.000880,4.242
693927,520,475,995,176,52,227,313.52,0.9023,0.5236,0.172331,8,1,4,348.48,0.6374,0.0284,0.000821,4.375
693929,520,469,989,203,53,144,348.14,0.8020,0.5172,0.172583,4,7,10,241.77,0.2397,0.0431,0.001997,4.281
693933,520,198,718,224,168,227,324.79,0.6635,0.7701,0.493997,43,87,45,144.78,0.7492,0.3230,0.075192,4.345
693936,520,271,791,240,128,186,349.11,0.7885,0.6988,0.375111,44,67,31,135.24,0.6292,0.2566,0.046486,4.406
693951,520,409,929,200,46,242,317.42,0.9507,0.5680,0.206456,29,31,1,113.21,0.9418,0.1265,0.012434,4.108
693954,520,342,862,239,61,216,334.00,0.9363,0.6261,0.266488,50,45,9,101.29,0.7615,0.1923,0.025746,4.178
693961,520,466,986,187,78,147,344.29,0.6599,0.5208,0.181216,2,4,35,268.79,0.9321,0.0495,0.002211,4.429
693962,520,431,951,156,92,228,302.55,0.7972,0.5477,0.203240,41,1,49,320.41,0.9287,0.1041,0.007149,4.431
693966,520,417,937,254,9,75,18.32,0.9952,0.5744,0.217780,13,24,64,268.03,0.7548,0.1244,0.011089,4.383
693968,520,419,939,208,21,235,321.64,0.9831,0.5628,0.199462,34,2,61,302.87,0.9369,0.1053,0.007204,4.361
693971,520,354,874,175,114,243,303.54,0.8422,0.6185,0.276201,4,51,34,163.38,0.9498,0.1832,0.025088,4.344
693973,520,472,992,151,72,242,300.30,0.9107,0.5235,0.176252,4,2,5,316.25,0.3624,0.0272,0.000802,4.454
693990,520,408,928,219,54,181,339.19,0.8696,0.5657,0.210369,34,9,75,292.72,0.8691,0.1288,0.010435,4.308
694002,520,464,984,194,76,112,4.24,0.6733,0.5157,0.178098,7,8,2,114.92,0.5223,0.0456,0.002232,4.367
694011,520,469,989,214,58,61,24.55,0.8799,0.5178,0.176616,3,5,5,196.32,0.1663,0.0350,0.001389,4.410
694012,520,366,886,236,62,198,338.42,0.9090,0.6117,0.253580,64,15,66,326.25,0.7424,0.1738,0.018251,4.448
694040,520,394,914,235,5,216,332.92,0.9969,0.5930,0.227313,3,11,104,265.44,0.9863,0.1445,0.012581,4.431
694041,520,461,981,228,26,103,7.20,0.9520,0.5319,0.182149,21,2,15,340.26,0.7217,0.0520,0.002374,4.433
694050,520,451,971,233,17,119,2.02,0.9737,0.5439,0.190595,5,9,45,270.15,0.8750,0.0711,0.004171,4.441
694056,520,397,917,252,27,82,17.03,0.9826,0.5768,0.220922,33,20,67,291.43,0.6916,0.1360,0.012289,4.349
694068,520,386,906,215,61,218,327.19,0.9024,0.5871,0.228485,62,17,13,28.28,0.7491,0.1490,0.014543,4.315
694086,520,434,954,242,11,92,12.21,0.9899,0.5531,0.198927,33,18,13,39.20,0.3672,0.1003,0.007850,4.303
694087,520,303,823,232,126,153,4.73,0.6858,0.6717,0.343797,37,61,20,134.23,0.7909,0.2301,0.037812,4.485
694090,520,400,920,246,45,98,12.97,0.9416,0.5779,0.223549,60,9,21,11.98,0.7795,0.1363,0.012103,4.405
694105,520,410,930,206,43,235,320.77,0.9516,0.5702,0.208494,31,28,35,304.73,0.1449,0.1297,0.012432,4.140
694121,520,391,911,227,87,108,14.46,0.7721,0.5880,0.242326,48,22,61,313.07,0.6094,0.1544,0.015392,4.470
694128,520,432,952,218,69,107,9.35,0.7902,0.5483,0.202256,10,28,6,139.63,0.8686,0.1028,0.009082,4.270
694157,520,362,882,217,58,254,319.01,0.9950,0.6128,0.249354,51,21,88,299.45,0.7697,0.1797,0.019447,4.311
694171,520,441,961,199,17,221,322.62,0.9800,0.5356,0.177651,18,18,23,285.36,0.1323,0.0857,0.006231,4.049
694177,520,434,954,236,23,122,1.77,0.9645,0.5531,0.198539,41,13,2,44.64,0.8249,0.1009,0.007637,4.312
694180,520,398,918,250,17,111,7.48,0.9856,0.5762,0.218762,34,29,47,296.55,0.3180,0.1418,0.014240,4.184
694206,520,22,542,241,247,246,185.27,0.2496,0.9666,0.918759,3,132,14,143.08,0.9987,0.4579,0.165529,4.495
694262,520,412,932,231,31,170,345.04,0.9468,0.5669,0.208739,14,31,16,146.90,0.5857,0.1166,0.011107,4.234
694277,520,315,835,249,58,251,327.66,0.9877,0.6622,0.301337,72,42,25,49.58,0.5095,0.2185,0.031040,4.335
694278,520,451,971,237,16,48,23.94,0.9894,0.5359,0.185918,26,8,14,359.89,0.4730,0.0710,0.004250,4.349
694280,520,217,737,236,154,239,325.61,0.8754,0.7627,0.471777,0,86,26,146.75,1.0000,0.3020,0.067299,4.448
694283,520,364,884,252,45,161,352.90,0.9737,0.6104,0.251489,47,32,50,320.72,0.3299,0.1667,0.018677,4.390
694298,520,388,908,224,55,199,334.97,0.9019,0.5855,0.227055,42,26,48,316.46,0.4115,0.1453,0.014445,4.299
694307,520,454,974,234,18,46,24.33,0.9872,0.5299,0.181255,9,15,17,220.15,0.1964,0.0685,0.004402,4.251
694309,520,370,890,248,76,93,19.49,0.9404,0.6088,0.259190,61,28,30,17.24,0.4686,0.1710,0.019165,4.470
694318,520,400,920,211,33,241,320.90,0.9733,0.5773,0.212893,8,41,1,139.67,0.9934,0.1437,0.016396,3.959
694334,520,100,620,251,210,186,52.06,0.7857,0.8750,0.701490,61,107,66,146.65,0.6078,0.4018,0.119005,4.447
694344,520,422,942,120,111,242,282.37,0.8563,0.5552,0.217723,18,28,10,132.55,0.5712,0.1090,0.009810,4.476
694347,520,466,986,210,22,172,339.14,0.9450,0.5243,0.172562,12,5,25,298.13,0.6297,0.0532,0.002569,4.234
694349,520,430,950,202,79,144,350.54,0.6963,0.5459,0.201640,36,8,47,314.83,0.7413,0.1044,0.007540,4.373
694352,520,381,901,223,59,222,328.31,0.9240,0.6012,0.240920,65,22,22,22.73,0.6366,0.1648,0.017557,4.306
694361,520,408,928,221,10,221,328.34,0.9923,0.5721,0.208119,0,30,63,253.05,0.9999,0.1321,0.012873,4.105
694362,520,386,906,176,89,251,305.43,0.9564,0.5858,0.233405,31,4,100,281.72,0.9772,0.1499,0.012982,4.500
694365,520,402,922,249,25,105,9.59,0.9760,0.5752,0.218585,45,21,40,335.23,0.4655,0.1349,0.012475,4.299
694388,520,457,977,220,64,48,29.76,0.9010,0.5344,0.190984,13,10,23,293.56,0.3870,0.0634,0.003645,4.492
694393,520,464,984,189,48,199,325.10,0.8677,0.5198,0.170577,14,6,13,330.82,0.3570,0.0514,0.002527,4.199
694395,520,444,964,215,34,166,342.53,0.9094,0.5362,0.183466,7,19,26,234.93,0.4358,0.0812,0.005855,4.180
694412,520,409,929,208,46,223,324.19,0.9334,0.5668,0.206934,3,11,96,265.60,0.9832,0.1333,0.011031,4.210
694429,520,429,949,226,59,106,9.20,0.8506,0.5523,0.203400,19,21,34,277.02,0.3021,0.0994,0.007903,4.376
694430,520,340,860,241,108,79,33.80,0.8752,0.6376,0.299933,17,54,30,152.40,0.8226,0.1970,0.028511,4.457
694454,520,313,833,236,102,195,341.06,0.8373,0.6562,0.312782,27,60,24,142.09,0.8381,0.2209,0.035306,4.253
694456,520,435,955,224,49,129,358.64,0.8666,0.5471,0.196315,12,8,64,275.01,0.9275,0.0938,0.006220,4.381
694461,520,389,909,230,10,230,328.34,0.9947,0.5942,0.227557,23,39,26,149.49,0.4172,0.1505,0.017077,4.138
694483,520,466,986,206,73,0,40.70,1.0000,0.5157,0.178891,7,6,26,281.99,0.6307,0.0516,0.002500,4.360
694484,520,381,901,165,109,243,300.38,0.8468,0.5981,0.254080,16,42,25,153.24,0.6692,0.1553,0.018362,4.448
694500,520,379,899,236,94,19,42.24,0.9713,0.6015,0.258882,19,41,45,210.55,0.4293,0.1614,0.019137,4.468
694514,520,318,838,197,134,196,327.23,0.5262,0.6560,0.329070,30,60,12,136.07,0.9256,0.2210,0.035342,4.442
694515,520,397,917,202,88,191,331.40,0.7360,0.5815,0.232992,33,30,38,302.31,0.1557,0.1385,0.013918,4.427
694529,520,455,975,169,85,193,318.25,0.6946,0.5293,0.187831,5,10,28,267.57,0.6008,0.0597,0.003332,4.459
694530,520,364,884,218,92,178,341.73,0.7396,0.6057,0.257761,33,44,5,124.07,0.8765,0.1705,0.021356,4.313
694535,520,467,987,216,28,128,355.86,0.9195,0.5172,0.169904,14,0,26,308.29,1.0000,0.0445,0.001680,4.255
694561,520,427,947,179,85,216,315.23,0.7805,0.5587,0.210395,11,26,3,134.99,0.9090,0.0966,0.008165,4.477
694563,520,386,906,252,55,25,31.48,0.9875,0.5873,0.235017,57,19,36,354.72,0.5809,0.1496,0.014631,4.410
694566,520,409,929,223,85,27,39.86,0.9393,0.5653,0.222667,48,20,10,40.01,0.6166,0.1276,0.011507,4.433
694567,520,423,943,187,93,172,333.63,0.6293,0.5563,0.213733,41,10,46,321.85,0.7030,0.1142,0.008858,4.481
694576,520,308,828,228,97,252,321.16,0.9821,0.6689,0.320735,1,66,8,143.98,0.9982,0.2300,0.039202,4.156
694578,520,315,835,231,121,142,9.11,0.6921,0.6579,0.326190,9,55,85,243.14,0.8087,0.2239,0.034462,4.454
694588,520,363,883,250,15,198,340.96,0.9916,0.6119,0.247461,1,4,128,264.43,0.9973,0.1722,0.016516,4.472
694646,520,321,841,221,96,233,324.09,0.8871,0.6456,0.296229,33,56,35,146.41,0.4995,0.2142,0.032730,4.185
694648,520,357,877,255,4,194,343.02,1.0000,0.6172,0.252454,33,37,81,276.28,0.5872,0.1846,0.022405,4.177
694657,520,420,940,249,18,44,25.30,0.9912,0.5617,0.207579,42,14,9,31.85,0.6255,0.1058,0.008261,4.421
694659,520,397,917,192,69,247,313.01,0.9491,0.5800,0.221793,9,11,99,268.14,0.9795,0.1403,0.011982,4.385
694668,520,431,951,198,2,242,317.59,0.9986,0.5471,0.184615,18,19,45,279.12,0.5359,0.1008,0.007838,4.056
694680,520,435,955,203,34,219,324.01,0.9497,0.5481,0.189568,24,17,33,303.61,0.3763,0.0946,0.007049,4.199
694693,520,452,972,175,68,215,315.29,0.8284,0.5297,0.181555,7,7,41,275.43,0.8336,0.0653,0.003572,4.322
694707,520,399,919,213,46,230,323.80,0.9463,0.5800,0.218152,39,23,55,305.37,0.5352,0.1396,0.013200,4.243
694710,520,409,929,238,70,7,36.27,0.9922,0.5735,0.225759,28,30,40,275.99,0.1958,0.1343,0.013286,4.357
694711,520,463,983,226,46,31,29.76,0.9564,0.5273,0.182245,9,7,18,292.15,0.3902,0.0511,0.002537,4.421
694719,520,410,930,167,87,245,303.74,0.9066,0.5668,0.216250,50,0,64,317.08,1.0000,0.1313,0.010484,4.402
694726,520,428,948,217,48,190,335.75,0.8949,0.5625,0.205855,38,8,40,325.21,0.7018,0.1025,0.007390,4.458
694727,520,340,860,251,55,208,338.96,0.9760,0.6378,0.277988,86,12,49,355.91,0.7965,0.2043,0.024635,4.395
694762,520,374,894,239,2,212,334.84,0.9988,0.5972,0.231505,6,46,24,154.54,0.9351,0.1641,0.020586,3.988
694777,520,459,979,196,2,229,320.00,0.9980,0.5332,0.174379,12,10,10,17.55,0.0591,0.0571,0.003172,4.220
694781,520,433,953,223,43,145,352.04,0.8854,0.5470,0.194626,38,10,23,353.76,0.5843,0.0965,0.006911,4.298
694788,520,397,917,239,5,181,343.22,0.9952,0.5800,0.217985,35,33,21,99.79,0.2776,0.1427,0.014992,4.123
694798,520,456,976,190,54,208,322.73,0.8680,0.5331,0.181410,10,10,17,284.42,0.2350,0.0579,0.003221,4.348
694815,520,429,949,233,56,18,32.91,0.9791,0.5495,0.201987,3,29,14,155.45,0.9223,0.1037,0.009298,4.250
694817,520,420,940,199,48,230,319.89,0.9313,0.5586,0.199707,12,27,22,170.68,0.4120,0.1050,0.009199,4.218
694827,520,465,985,222,35,99,8.35,0.9190,0.5233,0.176352,14,4,16,321.57,0.5410,0.0481,0.002176,4.338
694835,520,411,931,242,52,40,29.06,0.9546,0.5656,0.214898,18,15,70,276.85,0.8572,0.1157,0.009124,4.480
694843,520,394,914,242,43,153,353.38,0.9313,0.5868,0.229081,38,21,63,299.26,0.6388,0.1405,0.013073,4.425
694901,520,113,633,242,220,27,101.87,0.9791,0.8664,0.701440,25,112,10,141.37,0.9919,0.3944,0.118165,4.468
694925,520,279,799,223,124,229,325.09,0.8273,0.6882,0.357621,34,59,86,251.49,0.4766,0.2475,0.041398,4.460
694927,520,307,827,249,70,248,328.26,0.9791,0.6697,0.313001,10,66,11,143.07,0.9810,0.2326,0.039850,4.040
694931,520,415,935,205,60,222,323.31,0.8980,0.5726,0.214865,12,30,30,195.55,0.4368,0.1171,0.011004,4.342
694937,520,471,991,229,22,49,23.68,0.9806,0.5211,0.174566,16,4,0,55.10,1.0000,0.0446,0.001970,4.321
694956,520,474,994,142,89,216,299.82,0.7513,0.5167,0.178536,10,0,8,333.70,1.0000,0.0295,0.000821,4.497
694964,520,451,971,202,67,171,338.24,0.7762,0.5436,0.195130,15,13,24,292.08,0.3094,0.0719,0.004554,4.493
694965,520,412,932,208,45,235,321.27,0.9496,0.5748,0.212866,16,6,82,274.70,0.9693,0.1157,0.008496,4.494
694967,520,362,882,233,9,246,325.39,0.9968,0.6105,0.241753,76,22,9,34.71,0.8403,0.1843,0.021303,4.092
694973,520,470,990,230,3,58,20.64,0.9974,0.5191,0.171967,2,4,19,269.16,0.7194,0.0376,0.001467,4.313
694977,520,340,860,216,108,201,332.78,0.7295,0.6379,0.295429,9,48,83,250.18,0.7980,0.2020,0.027964,4.431
694979,520,387,907,239,79,44,33.81,0.9309,0.5882,0.241276,7,38,51,229.90,0.7312,0.1497,0.016703,4.367
694980,520,379,899,233,40,218,331.95,0.9623,0.6024,0.239058,33,19,92,282.94,0.8522,0.1596,0.015617,4.405
694989,520,422,942,159,93,236,301.89,0.8355,0.5590,0.212561,29,24,28,332.73,0.1230,0.1143,0.009983,4.377
694991,520,467,987,219,56,38,30.30,0.9296,0.5228,0.180310,15,3,1,40.09,0.7171,0.0412,0.001689,4.456
695005,520,446,966,225,7,147,350.62,0.9863,0.5364,0.182688,31,6,19,350.36,0.6234,0.0768,0.004686,4.255
695006,520,200,720,230,170,205,343.29,0.5869,0.7722,0.499816,46,86,8,134.16,0.9747,0.3168,0.072538,4.487
695018,520,418,938,226,66,108,9.56,0.8277,0.5601,0.211506,43,16,24,2.87,0.4993,0.1153,0.009502,4.395
695020,520,373,893,213,112,90,33.46,0.6541,0.6009,0.264747,24,44,1,131.47,0.9857,0.1626,0.019977,4.498
695022,520,467,987,221,48,17,32.05,0.9767,0.5178,0.175293,11,3,18,309.53,0.6363,0.0436,0.001800,4.349
695027,520,452,972,182,4,253,310.83,0.9975,0.5315,0.171248,26,1,36,315.18,0.9001,0.0698,0.003687,4.121
695037,520,386,906,191,74,254,310.87,0.9919,0.5894,0.231307,23,38,35,180.65,0.2879,0.1506,0.016897,4.205
695041,520,343,863,239,92,151,358.45,0.8218,0.6290,0.282422,45,38,71,292.10,0.4397,0.1912,0.023990,4.493
695062,520,430,950,201,71,181,334.43,0.7757,0.5521,0.202619,5,16,61,266.39,0.9044,0.0998,0.007397,4.401
695092,520,472,992,223,45,39,28.14,0.9468,0.5211,0.177140,8,0,15,312.37,1.0000,0.0306,0.000861,4.466
695096,520,431,951,179,91,195,321.28,0.6881,0.5542,0.210070,27,19,31,314.19,0.2978,0.1014,0.007977,4.486
695105,520,445,965,215,75,20,38.42,0.9543,0.5361,0.195322,23,16,7,73.75,0.3922,0.0813,0.005681,4.406
695107,520,413,933,216,26,219,327.52,0.9720,0.5667,0.204543,34,21,45,307.93,0.4642,0.1223,0.010659,4.196
695113,520,391,911,176,92,250,305.32,0.9440,0.5894,0.237871,29,39,18,129.60,0.5014,0.1534,0.017559,4.261
695121,520,357,877,242,97,17,42.62,0.9792,0.6166,0.274702,46,41,27,90.70,0.2859,0.1794,0.022459,4.481
695122,520,355,875,254,34,187,345.09,0.9928,0.6201,0.258062,26,42,59,250.77,0.3888,0.1766,0.021912,4.284
695126,520,465,985,210,22,162,342.34,0.9391,0.5188,0.168863,12,8,8,18.07,0.1323,0.0522,0.002694,4.153
695134,520,319,839,116,150,255,268.54,1.0000,0.6462,0.327447,11,59,62,201.23,0.7961,0.2232,0.035467,4.416
695145,520,109,629,252,198,245,330.68,0.9743,0.8700,0.676775,22,107,90,175.59,0.8894,0.3925,0.114236,4.425
695149,520,450,970,183,6,255,310.68,1.0000,0.5353,0.174186,16,3,50,287.06,0.9139,0.0739,0.004056,4.147
695156,520,340,860,222,84,243,322.14,0.9394,0.6384,0.283432,9,29,127,265.79,0.9618,0.2037,0.024689,4.464
695169,520,349,869,251,1,226,334.05,0.9997,0.6275,0.260251,47,44,36,89.90,0.1442,0.1916,0.025331,4.119
695175,520,439,959,241,43,7,31.59,0.9940,0.5549,0.204472,19,19,23,285.60,0.1039,0.0891,0.006661,4.491
695184,520,376,896,238,32,212,334.68,0.9734,0.6036,0.239664,27,39,52,250.95,0.3057,0.1647,0.019319,4.179
695194,520,455,975,187,84,155,341.02,0.6407,0.5336,0.192734,5,15,10,163.45,0.4572,0.0631,0.003958,4.499
695222,520,461,981,220,46,114,3.36,0.8696,0.5316,0.183871,3,7,24,266.46,0.6671,0.0490,0.002373,4.466
695227,520,11,531,254,253,227,105.21,0.9377,0.9860,0.968676,17,136,38,144.76,0.9904,0.4745,0.178667,4.455
695232,520,439,959,231,56,66,23.33,0.9144,0.5503,0.202136,18,22,4,119.51,0.6790,0.0906,0.007112,4.415
695234,520,441,961,226,0,162,345.93,1.0000,0.5440,0.187801,42,5,16,6.39,0.7531,0.0935,0.006383,4.218
695243,520,467,987,198,82,32,41.13,0.8720,0.5159,0.181466,2,0,37,270.62,1.0000,0.0419,0.001465,4.498
695247,520,448,968,228,1,136,354.85,0.9981,0.5363,0.182961,4,20,14,168.06,0.6600,0.0771,0.005578,4.192
695250,520,465,985,178,91,122,358.77,0.5284,0.5169,0.183535,17,5,0,59.24,1.0000,0.0483,0.002277,4.467
695263,520,454,974,174,73,207,316.79,0.7892,0.5287,0.182697,8,8,47,274.76,0.8611,0.0734,0.004305,4.285
695295,520,468,988,162,82,198,314.01,0.7168,0.5181,0.177939,9,6,2,83.60,0.4478,0.0427,0.001927,4.390
695297,520,459,979,230,5,95,9.40,0.9929,0.5274,0.177608,2,13,20,232.50,0.6620,0.0595,0.003512,4.253
695305,520,338,858,241,70,224,332.38,0.9358,0.6421,0.284656,65,40,3,71.43,0.8945,0.1995,0.026481,4.376
695311,520,312,832,255,45,244,330.70,1.0000,0.6596,0.296715,5,54,86,244.01,0.8709,0.2205,0.033423,4.156
695324,520,458,978,167,62,242,306.61,0.9243,0.5329,0.180722,16,0,46,291.49,1.0000,0.0642,0.003074,4.347
695334,520,454,974,215,67,72,22.92,0.8372,0.5319,0.189317,3,18,1,139.64,0.9729,0.0672,0.004541,4.388
695336,520,380,900,234,90,65,32.07,0.8730,0.5961,0.251893,63,26,1,51.10,0.9391,0.1649,0.017979,4.441
695368,520,445,965,207,71,128,358.09,0.7392,0.5377,0.193325,35,0,36,327.20,1.0000,0.0824,0.004848,4.436
695379,520,420,940,221,54,166,344.72,0.8577,0.5616,0.207661,50,5,19,6.93,0.7948,0.1101,0.008338,4.417
695393,520,396,916,239,64,97,15.06,0.8895,0.5798,0.228837,11,34,44,229.15,0.5681,0.1354,0.013970,4.359
695401,520,385,905,255,23,106,9.99,1.0000,0.5870,0.229172,14,39,28,162.87,0.6092,0.1454,0.016282,4.212
695417,520,370,890,246,51,178,346.53,0.9350,0.6108,0.251780,35,43,14,122.49,0.6376,0.1705,0.021168,4.240
695419,520,419,939,237,20,139,356.09,0.9709,0.5603,0.203720,36,18,22,5.65,0.3544,0.1074,0.008657,4.326
695420,520,271,791,215,133,237,318.91,0.8305,0.6974,0.373378,19,58,116,258.65,0.8106,0.2598,0.044253,4.492
695421,520,433,953,149,100,218,300.44,0.7238,0.5458,0.205661,14,24,14,144.56,0.3939,0.0952,0.007783,4.424
695426,520,438,958,236,48,31,29.97,0.9633,0.5495,0.200489,42,4,1,32.34,0.9506,0.0881,0.005814,4.488
695431,520,210,730,232,152,248,320.76,0.9328,0.7585,0.463910,76,68,93,299.16,0.2527,0.3133,0.064611,4.484
695440,520,456,976,200,49,181,333.86,0.8477,0.5279,0.178140,3,1,51,269.49,0.9924,0.0603,0.002801,4.321
695449,520,455,975,231,39,41,27.04,0.9620,0.5334,0.186031,17,3,27,309.66,0.7472,0.0555,0.002634,4.484
695461,520,392,912,240,78,61,29.57,0.9213,0.5907,0.243141,14,31,75,264.98,0.7733,0.1516,0.015813,4.454
695462,520,425,945,241,11,115,4.59,0.9877,0.5574,0.201812,27,20,48,292.88,0.5205,0.1140,0.009467,4.234
695464,520,388,908,241,77,57,30.33,0.9277,0.5909,0.243071,2,41,37,184.75,0.9383,0.1501,0.017323,4.353
695476,520,478,998,204,63,77,19.21,0.8038,0.5071,0.169303,2,1,11,285.24,0.7741,0.0240,0.000588,4.335
695480,520,464,984,232,2,16,28.15,0.9989,0.5192,0.172398,4,8,19,263.37,0.4736,0.0494,0.002465,4.239
695493,520,480,1000,183,54,192,325.14,0.8271,0.5105,0.165127,0,0,0,0.00,0.0000,0.0000,0.000000,4.303
695532,520,387,907,225,79,157,350.94,0.7828,0.5907,0.240363,55,19,48,335.59,0.6016,0.1520,0.014915,4.473
695547,520,445,965,206,9,207,328.08,0.9876,0.5355,0.178241,12,21,10,139.95,0.4426,0.0842,0.006364,4.049
695550,520,407,927,185,90,203,321.03,0.7276,0.5661,0.219395,50,3,62,318.13,0.8881,0.1330,0.010911,4.423
695558,520,321,841,237,98,193,341.81,0.8467,0.6513,0.305927,42,53,23,125.80,0.5624,0.2095,0.031003,4.394
695560,520,452,972,188,69,190,327.11,0.7777,0.5339,0.186667,6,18,10,154.85,0.5287,0.0718,0.004932,4.308
695562,520,357,877,230,33,250,323.64,0.9841,0.6154,0.248151,68,20,51,344.21,0.6520,0.1784,0.019684,4.279
695563,520,470,990,197,59,167,337.93,0.7894,0.5241,0.177900,0,7,2,154.38,1.0000,0.0361,0.001563,4.420
695568,520,425,945,174,81,229,310.40,0.8382,0.5554,0.205415,10,27,33,223.17,0.4657,0.1085,0.009582,4.287
695573,520,368,888,227,24,249,323.22,0.9892,0.6062,0.238260,77,8,16,21.40,0.9025,0.1708,0.017891,4.246
695574,520,421,941,214,46,191,334.63,0.8966,0.5562,0.200139,2,25,47,249.12,0.8404,0.1070,0.009134,4.230
695586,520,426,946,229,30,159,348.07,0.9416,0.5573,0.200925,30,13,60,294.87,0.7513,0.1143,0.008901,4.260
695592,520,412,932,238,18,151,352.30,0.9761,0.5666,0.208472,10,33,19,154.66,0.6987,0.1214,0.011992,4.169
695596,520,329,849,205,110,242,315.60,0.8847,0.6490,0.305430,23,57,27,146.17,0.8089,0.2092,0.031874,4.341
695603,520,365,885,237,56,201,337.67,0.9261,0.6101,0.250526,68,19,24,17.81,0.6894,0.1664,0.017608,4.445
695607,520,248,768,243,150,76,56.69,0.8531,0.7162,0.413917,40,74,30,139.01,0.7945,0.2761,0.054423,4.443
695611,520,444,964,216,73,74,23.85,0.8189,0.5416,0.198608,8,17,29,255.64,0.4377,0.0783,0.005412,4.487
695625,520,480,1000,214,55,3,34.87,0.9947,0.5097,0.170376,0,0,0,0.00,0.0000,0.0000,0.000000,4.408
695635,520,465,985,204,55,133,353.06,0.7935,0.5161,0.172653,15,5,19,316.47,0.5333,0.0529,0.002571,4.235
695651,520,352,872,248,85,101,18.65,0.9290,0.6212,0.273963,56,41,17,77.42,0.5611,0.1904,0.024672,4.338
695652,520,392,912,201,74,234,318.56,0.8925,0.5892,0.232570,23,27,73,274.72,0.6997,0.1462,0.014470,4.383
695665,520,386,906,191,92,226,316.31,0.8157,0.5924,0.242228,0,27,89,261.88,1.0000,0.1505,0.015050,4.492
695674,520,437,957,243,0,74,17.33,1.0000,0.5491,0.195525,15,11,50,281.04,0.7671,0.0865,0.005712,4.407
695677,520,370,890,242,26,217,334.30,0.9837,0.6114,0.246287,45,28,77,296.26,0.6331,0.1741,0.019242,4.279
695681,520,354,874,247,60,168,350.40,0.9314,0.6150,0.258362,79,15,25,16.95,0.7992,0.1841,0.020744,4.359
695693,520,394,914,250,59,57,26.76,0.9748,0.5895,0.237509,33,32,24,101.51,0.1781,0.1385,0.014223,4.477
695695,520,382,902,196,88,238,315.20,0.8845,0.6020,0.248894,68,19,0,41.22,1.0000,0.1622,0.016949,4.465
695696,520,343,863,254,48,188,345.15,0.9923,0.6282,0.268190,67,32,46,355.77,0.4529,0.1950,0.024237,4.286
695705,520,465,985,140,79,237,296.44,0.8739,0.5154,0.172820,1,13,2,145.93,0.9634,0.0523,0.002987,4.205
695713,520,450,970,232,21,99,8.94,0.9688,0.5370,0.185960,13,16,8,124.65,0.3047,0.0713,0.004737,4.311
695717,520,397,917,250,39,92,14.76,0.9674,0.5808,0.225513,10,15,94,268.57,0.9643,0.1393,0.012142,4.434
695722,520,389,909,197,83,234,316.84,0.8755,0.5941,0.239986,25,36,43,236.55,0.2418,0.1498,0.016428,4.365
695725,520,441,961,227,62,11,34.97,0.9851,0.5433,0.198031,4,22,29,225.11,0.6511,0.0888,0.006883,4.360
695726,520,408,928,243,14,140,356.77,0.9845,0.5710,0.212655,35,26,42,309.69,0.3154,0.1330,0.012633,4.194
695773,520,437,957,245,23,15,29.24,0.9891,0.5529,0.200633,41,0,36,333.83,1.0000,0.0932,0.005989,4.476
695783,520,458,978,166,74,223,309.60,0.8282,0.5304,0.183330,11,3,42,284.48,0.8951,0.0615,0.003034,4.400
695806,520,469,989,131,92,225,292.94,0.7863,0.5165,0.179158,11,2,14,319.58,0.6606,0.0390,0.001463,4.453
695808,520,409,929,184,90,209,318.76,0.7458,0.5685,0.221072,45,24,10,53.02,0.5693,0.1311,0.012331,4.349
695832,520,427,947,226,13,190,337.71,0.9841,0.5620,0.201769,6,5,75,268.95,0.9824,0.0990,0.006552,4.452
695859,520,248,768,254,125,198,347.05,0.9831,0.7193,0.398181,39,75,42,145.85,0.6615,0.2812,0.056305,4.216
695860,520,420,940,248,29,6,30.20,0.9958,0.5615,0.208520,34,17,43,312.84,0.5308,0.1130,0.009154,4.370
695862,520,272,792,237,147,1,67.31,0.9985,0.6969,0.388765,14,72,54,167.46,0.8859,0.2636,0.049942,4.390
695863,520,373,893,248,21,187,343.61,0.9842,0.6039,0.240839,54,11,74,312.17,0.8105,0.1587,0.015181,4.462
695865,520,397,917,252,42,12,30.97,0.9922,0.5772,0.223816,28,16,84,281.83,0.8637,0.1413,0.012575,4.376
695881,520,463,983,223,52,30,30.95,0.9531,0.5263,0.182405,8,5,23,289.22,0.6078,0.0484,0.002220,4.450
695883,520,37,557,216,248,236,170.91,0.6200,0.9451,0.877890,12,126,92,165.61,0.9724,0.4521,0.157719,4.467
695886,520,469,989,115,94,243,284.04,0.8974,0.5191,0.181209,15,3,10,342.60,0.5533,0.0445,0.001886,4.456
695888,520,469,989,227,2,86,11.89,0.9972,0.5180,0.170491,12,1,9,336.01,0.7273,0.0353,0.001196,4.307
695892,520,469,989,193,69,151,343.57,0.7231,0.5205,0.178297,17,0,8,348.03,1.0000,0.0386,0.001367,4.444
695893,520,445,965,208,26,194,332.10,0.9484,0.5357,0.180457,37,4,19,355.69,0.7410,0.0836,0.005272,4.169
695896,520,478,998,183,49,197,323.78,0.8544,0.5093,0.162964,2,1,10,286.50,0.7500,0.0235,0.000565,4.212
695904,520,396,916,208,26,251,318.01,0.9843,0.5771,0.211154,63,10,23,11.33,0.7760,0.1442,0.013359,4.122
695907,520,472,992,177,27,245,310.69,0.9743,0.5236,0.167245,4,4,1,108.75,0.5206,0.0316,0.001148,4.247
695920,520,381,901,234,0,226,330.25,1.0000,0.5968,0.229860,28,16,99,278.17,0.9208,0.1589,0.015182,4.293
695924,520,422,942,207,21,239,320.47,0.9844,0.5642,0.200355,31,8,62,296.79,0.8298,0.1105,0.008128,4.307
695925,520,385,905,243,42,151,354.20,0.9350,0.5873,0.229482,17,29,73,268.26,0.7383,0.1467,0.014789,4.314
695929,520,426,946,236,62,54,27.81,0.9242,0.5643,0.215476,29,24,12,87.78,0.3697,0.1092,0.009410,4.469
695948,520,379,899,239,16,208,335.89,0.9893,0.5975,0.232782,17,43,10,139.55,0.9081,0.1561,0.018688,4.117
695957,520,413,933,232,74,11,37.42,0.9852,0.5667,0.220805,45,17,33,346.65,0.5166,0.1241,0.010687,4.462
695959,520,388,908,171,119,178,322.53,0.4586,0.5851,0.250666,20,41,18,142.14,0.6865,0.1527,0.017782,4.436
695972,520,451,971,222,48,120,1.61,0.8661,0.5392,0.190022,17,12,15,341.64,0.1561,0.0679,0.004166,4.431
695987,520,416,936,219,1,226,326.66,0.9993,0.5704,0.205749,31,27,7,98.31,0.6085,0.1186,0.010905,4.199
695989,520,459,979,187,72,180,330.17,0.7437,0.5300,0.184962,16,10,9,29.62,0.1819,0.0608,0.003470,4.394
696001,520,353,873,221,77,231,325.13,0.9042,0.6212,0.264514,44,35,68,294.85,0.4566,0.1810,0.021549,4.396
696021,520,285,805,228,117,233,325.73,0.8741,0.6860,0.351016,7,72,25,147.30,0.9836,0.2546,0.047499,4.113
696046,520,408,928,201,102,106,18.84,0.5844,0.5677,0.229626,39,24,44,317.42,0.4006,0.1347,0.012665,4.462
696060,520,389,909,217,103,55,41.99,0.8091,0.5858,0.247303,51,29,20,42.92,0.4245,0.1540,0.016331,4.482
696064,520,356,876,232,47,234,327.69,0.9636,0.6152,0.251318,1,45,70,240.21,0.9560,0.1810,0.023253,4.113
696075,520,459,979,226,5,120,0.04,0.9904,0.5269,0.176362,26,2,6,10.70,0.7790,0.0565,0.002762,4.290
696078,520,445,965,184,78,190,325.50,0.7371,0.5393,0.193581,23,6,47,297.35,0.7978,0.0837,0.005176,4.415
696092,520,465,985,209,46,143,349.61,0.8396,0.5218,0.174947,22,0,24,325.26,1.0000,0.0537,0.002365,4.296
696137,520,419,939,198,21,248,316.08,0.9859,0.5567,0.193209,25,10,68,286.24,0.8552,0.1124,0.008411,4.164
696148,520,397,917,201,70,229,320.00,0.8853,0.5812,0.224565,44,19,54,315.35,0.6047,0.1383,0.012676,4.381
696150,520,438,958,231,48,89,14.62,0.9100,0.5480,0.198270,28,15,9,45.61,0.3895,0.0859,0.006083,4.427
696156,520,347,867,255,16,208,339.40,1.0000,0.6270,0.261880,50,42,21,89.23,0.4519,0.1858,0.023882,4.221
696173,520,75,595,251,225,180,81.27,0.7795,0.9070,0.776560,22,119,26,143.25,0.9843,0.4181,0.134383,4.483
696179,520,269,789,249,136,106,35.82,0.8956,0.7029,0.387915,35,67,68,198.21,0.4220,0.2622,0.047888,4.474
696193,520,252,772,244,125,226,333.23,0.9268,0.7174,0.393936,30,71,58,170.13,0.5992,0.2680,0.050878,4.401
696205,520,297,817,249,128,59,47.35,0.9368,0.6818,0.358968,9,65,65,194.92,0.8647,0.2436,0.042201,4.436
696207,520,335,855,251,21,235,331.93,0.9930,0.6371,0.270468,38,6,133,278.42,0.9853,0.2026,0.022357,4.429
696208,520,400,920,231,30,201,335.95,0.9655,0.5835,0.221371,46,26,17,44.84,0.4292,0.1386,0.013602,4.267
696214,520,373,893,250,11,177,346.77,0.9924,0.6003,0.237410,31,9,102,280.58,0.9544,0.1575,0.014459,4.459
696216,520,476,996,166,68,208,313.94,0.8034,0.5112,0.167961,8,0,1,11.38,1.0000,0.0234,0.000538,4.313
696220,520,472,992,189,80,121,359.11,0.6348,0.5163,0.179382,5,3,1,77.32,0.4618,0.0297,0.000996,4.498
696224,520,392,912,213,96,142,357.64,0.6588,0.5884,0.244669,12,31,76,263.96,0.8069,0.1516,0.015799,4.478
696247,520,429,949,224,65,74,22.19,0.8666,0.5472,0.201250,48,0,5,20.84,1.0000,0.0951,0.006394,4.455
696272,520,436,956,181,71,223,315.08,0.8465,0.5480,0.196590,11,13,56,273.70,0.8397,0.0927,0.006445,4.369
696286,520,418,938,178,60,253,307.95,0.9863,0.5556,0.197894,53,12,6,31.71,0.8193,0.1226,0.010331,4.109
696297,520,397,917,230,21,198,336.48,0.9774,0.5764,0.214392,64,0,34,355.19,1.0000,0.1392,0.012057,4.260
696305,520,398,918,214,25,249,320.00,0.9858,0.5850,0.218328,49,16,53,323.22,0.6566,0.1405,0.012807,4.272
696310,520,72,592,250,221,230,357.05,0.7031,0.9114,0.777509,64,115,20,134.41,0.9581,0.4218,0.134016,4.497
696313,520,478,998,199,9,194,329.71,0.9818,0.5139,0.162343,2,0,8,296.85,1.0000,0.0183,0.000304,4.221
696317,520,339,859,200,105,247,313.02,0.9206,0.6378,0.290990,71,31,55,345.07,0.5175,0.2039,0.025956,4.489
696320,520,477,997,203,46,139,349.63,0.8245,0.5086,0.165166,0,2,11,258.21,1.0000,0.0247,0.000676,4.246
696321,520,409,929,219,0,228,326.19,1.0000,0.5716,0.206637,21,20,74,276.68,0.8081,0.1312,0.011541,4.170
696323,520,443,963,163,79,230,306.38,0.8419,0.5385,0.190922,13,13,39,279.67,0.6064,0.0795,0.005199,4.365
696333,520,456,976,151,69,254,298.37,0.9916,0.5304,0.179916,15,6,28,300.48,0.6275,0.0602,0.003157,4.325
696355,520,350,870,246,36,234,331.04,0.9823,0.6332,0.267980,27,46,64,248.11,0.4162,0.1918,0.025571,4.208
696356,520,386,906,215,37,245,320.97,0.9727,0.5889,0.223647,39,13,81,293.80,0.8401,0.1461,0.013133,4.334
696391,520,439,959,237,39,77,18.10,0.9492,0.5511,0.199946,37,12,6,35.83,0.6455,0.0931,0.006695,4.409
696392,520,404,924,229,26,200,335.72,0.9700,0.5776,0.215695,41,9,66,305.14,0.8167,0.1292,0.010602,4.384
696398,520,435,955,225,44,129,358.42,0.8855,0.5452,0.193966,31,15,9,41.32,0.4420,0.0901,0.006527,4.316
696409,520,248,768,243,145,149,17.63,0.7607,0.7210,0.414778,62,72,0,118.36,1.0000,0.2848,0.056588,4.360
696410,520,26,546,255,242,248,347.62,1.0000,0.9686,0.915420,25,132,7,141.57,0.9960,0.4607,0.167239,4.444
696418,520,356,876,255,77,67,27.73,1.0000,0.6186,0.269766,67,28,29,20.10,0.5344,0.1812,0.021127,4.496
696422,520,349,869,234,66,229,329.29,0.9364,0.6299,0.270484,6,55,5,142.51,0.9853,0.1922,0.027819,4.118
696438,520,410,930,194,83,203,324.62,0.7693,0.5693,0.219690,54,14,16,20.70,0.6892,0.1294,0.011359,4.395
696440,520,347,867,239,56,234,329.34,0.9590,0.6332,0.271222,51,37,63,308.29,0.3800,0.1909,0.023859,4.349
696461,520,367,887,249,0,198,340.67,1.0000,0.6073,0.242202,38,23,92,285.88,0.7952,0.1711,0.017975,4.299
696470,520,430,950,214,80,102,13.73,0.7393,0.5537,0.209950,0,24,49,250.41,1.0000,0.1047,0.008750,4.425
696487,520,397,917,192,75,240,314.26,0.9087,0.5814,0.225311,43,10,68,305.69,0.8107,0.1352,0.011481,4.478
696488,520,447,967,216,68,88,16.97,0.8084,0.5384,0.194402,16,4,52,285.42,0.9014,0.0777,0.004449,4.489
696501,520,414,934,204,42,236,320.01,0.9530,0.5671,0.205511,8,27,51,255.42,0.6726,0.1185,0.010745,4.206
696508,520,279,799,207,129,250,312.40,0.9303,0.6878,0.358691,8,58,109,253.69,0.8807,0.2507,0.041816,4.451
696521,520,440,960,218,30,190,335.85,0.9451,0.5532,0.195540,13,20,37,266.14,0.4433,0.0939,0.007194,4.293
696540,520,342,862,245,79,162,353.61,0.8947,0.6276,0.276161,17,51,34,158.98,0.7202,0.1881,0.026022,4.290
696541,520,296,816,209,120,255,312.82,1.0000,0.6783,0.342094,7,69,10,143.30,0.9882,0.2423,0.043231,4.206
696545,520,430,950,193,75,190,328.72,0.7638,0.5493,0.200888,1,22,48,253.46,0.9151,0.0993,0.007936,4.330
696546,520,479,999,220,42,8,31.93,0.9896,0.5105,0.168918,0,0,1,264.05,1.0000,0.0060,0.000022,4.376
696577,520,364,884,212,112,119,16.69,0.5986,0.6063,0.269192,12,46,32,162.94,0.7654,0.1687,0.021364,4.473
696599,520,329,849,229,107,195,339.33,0.7840,0.6527,0.311157,60,47,29,74.98,0.3713,0.2141,0.030825,4.468
696617,520,429,949,229,25,140,354.27,0.9505,0.5466,0.192495,8,28,10,145.89,0.8156,0.1025,0.009040,4.107
696619,520,434,954,229,54,108,8.17,0.8735,0.5540,0.203819,7,28,8,144.60,0.8802,0.1015,0.008932,4.307
696624,520,63,583,254,221,244,336.92,0.9790,0.9202,0.793163,1,124,11,143.06,0.9995,0.4308,0.144453,4.336
696625,520,350,870,245,8,239,329.70,0.9975,0.6263,0.258210,40,47,8,119.05,0.8047,0.1869,0.025017,4.109
696631,520,451,971,218,6,185,337.17,0.9902,0.5426,0.185408,34,1,12,2.52,0.8722,0.0703,0.003884,4.369
696644,520,468,988,217,51,89,13.35,0.8654,0.5226,0.178432,11,3,19,307.71,0.6524,0.0441,0.001833,4.407
696645,520,372,892,243,85,71,28.57,0.9242,0.6065,0.260098,26,44,27,145.71,0.4717,0.1687,0.021001,4.368
696672,520,473,993,218,50,67,21.24,0.9003,0.5190,0.175945,6,1,15,302.94,0.7909,0.0313,0.000949,4.435
696691,520,366,886,240,61,186,343.05,0.9070,0.6117,0.254108,36,31,76,284.78,0.6023,0.1694,0.018768,4.422
696695,520,425,945,196,62,228,319.05,0.8952,0.5646,0.207839,43,13,34,340.65,0.5914,0.1146,0.009170,4.358
696698,520,433,953,244,6,62,20.76,0.9962,0.5504,0.197146,2,25,34,226.09,0.8255,0.0987,0.008236,4.244
696711,520,427,947,172,78,245,306.37,0.9215,0.5610,0.208127,1,22,47,252.70,0.9100,0.0985,0.007855,4.462
696720,520,368,888,206,77,254,315.20,0.9929,0.6143,0.255867,56,34,19,54.34,0.4834,0.1732,0.020319,4.350
696750,520,364,884,226,83,178,343.36,0.7982,0.6068,0.255720,29,39,52,255.19,0.2771,0.1663,0.019601,4.392
696754,520,320,840,253,72,196,343.40,0.9832,0.6494,0.295061,74,32,44,3.60,0.5069,0.2062,0.026709,4.498
696755,520,433,953,203,31,218,324.30,0.9549,0.5458,0.187402,20,26,8,124.39,0.5621,0.1045,0.009050,4.020
696759,520,353,873,247,76,147,359.28,0.9098,0.6222,0.270528,45,41,31,88.81,0.1966,0.1794,0.022427,4.426
696771,520,274,794,233,134,183,349.81,0.7040,0.6981,0.377948,41,67,15,132.33,0.8877,0.2519,0.045201,4.495
696810,520,421,941,245,3,82,15.35,0.9977,0.5555,0.200903,10,29,12,146.13,0.7306,0.1071,0.009698,4.203
696815,520,434,954,248,4,14,28.52,0.9985,0.5542,0.200787,33,6,54,305.49,0.8179,0.1029,0.007199,4.384
696817,520,461,981,189,71,173,333.43,0.7379,0.5279,0.183439,13,5,21,306.63,0.5624,0.0519,0.002483,4.448
696838,520,427,947,244,34,23,29.33,0.9805,0.5562,0.204425,28,19,30,320.14,0.2884,0.1021,0.008064,4.382
696844,520,401,921,248,54,52,27.06,0.9683,0.5806,0.228462,2,36,48,226.07,0.8950,0.1397,0.014880,4.292
696882,520,424,944,209,72,169,341.30,0.7719,0.5604,0.210566,17,24,43,267.68,0.4325,0.1107,0.009468,4.382
696886,520,479,999,176,13,237,312.41,0.9876,0.5098,0.156334,2,0,3,318.71,1.0000,0.0147,0.000195,4.111
696890,520,250,770,245,123,235,330.48,0.9469,0.7202,0.395789,32,74,40,148.07,0.7680,0.2734,0.053577,4.304
696905,520,466,986,173,37,237,310.92,0.9502,0.5159,0.163227,9,2,34,287.37,0.8874,0.0505,0.002170,4.087
696910,520,333,853,253,66,188,345.60,0.9823,0.6401,0.284132,79,27,26,24.09,0.6673,0.2011,0.025210,4.443
696911,520,429,949,237,40,62,22.50,0.9558,0.5492,0.198731,8,4,77,270.26,0.9850,0.1014,0.006742,4.384
696913,520,478,998,189,83,72,28.15,0.6811,0.5072,0.174749,6,0,0,29.23,1.0000,0.0198,0.000387,4.460
696921,520,427,947,236,59,9,34.03,0.9904,0.5581,0.209837,25,23,8,101.81,0.4825,0.1012,0.008370,4.452
696933,520,381,901,235,28,225,330.68,0.9814,0.6048,0.239315,17,30,89,268.43,0.8515,0.1645,0.017689,4.274
696934,520,458,978,234,11,35,26.08,0.9936,0.5268,0.178563,26,1,21,336.21,0.8219,0.0602,0.002955,4.316
696948,520,310,830,246,95,183,347.62,0.9000,0.6574,0.311990,35,58,40,150.29,0.4432,0.2235,0.035366,4.240
696951,520,421,941,249,27,25,28.57,0.9867,0.5635,0.209974,16,15,70,275.08,0.8724,0.1142,0.008940,4.411
696961,520,337,857,237,53,251,324.86,0.9856,0.6389,0.275182,9,48,85,251.38,0.8052,0.2035,0.028277,4.154
696962,520,469,989,161,88,186,316.86,0.6479,0.5185,0.181024,1,6,11,236.07,0.6433,0.0379,0.001609,4.476
696969,520,346,866,242,3,248,327.03,0.9991,0.6264,0.257224,29,50,25,140.50,0.5983,0.1896,0.026125,4.036
696970,520,392,912,203,74,224,321.76,0.8675,0.5853,0.229774,61,19,0,44.25,1.0000,0.1482,0.014580,4.332
696988,520,366,886,157,121,234,296.30,0.7564,0.6053,0.267834,18,46,18,143.69,0.8391,0.1679,0.021262,4.460
696991,520,434,954,230,30,137,355.71,0.9386,0.5496,0.195605,15,16,59,275.62,0.7829,0.1040,0.007879,4.243
696998,520,469,989,216,15,141,350.76,0.9618,0.5176,0.168661,3,3,22,276.43,0.7852,0.0379,0.001424,4.252
697004,520,475,995,222,2,130,355.66,0.9955,0.5219,0.171874,6,4,2,74.90,0.3060,0.0343,0.001299,4.325
697009,520,219,739,242,147,219,336.39,0.8697,0.7485,0.448612,29,76,88,217.35,0.6159,0.2965,0.061344,4.478
697032,520,273,793,195,156,188,332.42,0.3437,0.6958,0.390106,39,70,2,132.45,0.9892,0.2592,0.048159,4.484
697042,520,433,953,232,57,75,20.78,0.9048,0.5548,0.205930,46,7,5,28.21,0.8426,0.1016,0.007439,4.456
697069,520,294,814,211,154,8,81.70,0.9778,0.6766,0.369791,0,70,12,144.74,1.0000,0.2443,0.044067,4.463
697070,520,402,922,204,82,196,330.30,0.7749,0.5793,0.228591,49,16,44,333.70,0.6099,0.1348,0.012055,4.489
697071,520,161,681,253,169,246,329.65,0.9888,0.8146,0.559143,55,96,4,132.62,0.9884,0.3547,0.091865,4.294
697094,520,405,925,218,32,236,323.86,0.9745,0.5847,0.219966,22,19,70,278.89,0.7797,0.1260,0.010785,4.441
697118,520,457,977,194,18,230,319.08,0.9814,0.5345,0.176166,13,9,21,298.70,0.3773,0.0604,0.003351,4.239
697133,520,399,919,251,2,121,4.06,0.9983,0.5781,0.219367,34,30,37,310.77,0.1433,0.1392,0.014022,4.207
697136,520,396,916,188,81,242,312.11,0.9081,0.5844,0.229881,54,6,59,323.79,0.8148,0.1411,0.012304,4.492
697139,520,453,973,233,0,91,11.00,1.0000,0.5316,0.180821,24,2,36,311.65,0.8463,0.0689,0.003650,4.302
697142,520,435,955,195,39,241,316.43,0.9583,0.5547,0.194054,30,6,42,312.27,0.7539,0.0887,0.005735,4.379
697159,520,366,886,222,99,135,4.03,0.6945,0.6053,0.262048,49,39,2,93.37,0.9252,0.1735,0.021084,4.390
697165,520,462,982,225,30,106,5.88,0.9356,0.5286,0.179795,1,4,35,266.10,0.9485,0.0485,0.002146,4.407
697228,520,275,795,252,93,247,329.07,0.9886,0.6971,0.352423,65,53,65,326.13,0.1848,0.2487,0.040517,4.446
697241,520,479,999,155,57,246,302.19,0.9478,0.5148,0.165491,0,1,0,142.50,1.0000,0.0135,0.000217,4.291
697257,520,450,970,211,4,203,330.44,0.9944,0.5407,0.182496,4,11,34,265.52,0.7300,0.0650,0.003806,4.321
697262,520,358,878,251,4,212,337.49,0.9983,0.6196,0.253528,23,13,121,272.13,0.9764,0.1803,0.018504,4.431
697263,520,407,927,190,68,233,315.69,0.8883,0.5653,0.209658,43,25,23,26.47,0.3186,0.1334,0.012708,4.141
697271,520,433,953,237,53,6,33.16,0.9940,0.5545,0.205671,15,14,60,276.54,0.8200,0.1013,0.007418,4.453
697300,520,461,981,204,64,141,350.60,0.7631,0.5292,0.184292,7,8,19,278.11,0.3892,0.0520,0.002658,4.449
697313,520,478,998,177,20,233,313.49,0.9772,0.5101,0.157317,0,1,12,262.93,1.0003,0.0216,0.000482,4.107
697318,520,465,985,204,34,180,335.18,0.9047,0.5238,0.172787,1,9,17,238.93,0.7366,0.0479,0.002423,4.250
697322,520,410,930,202,52,238,318.72,0.9372,0.5725,0.211871,0,38,23,162.24,1.0000,0.1342,0.014480,4.061
697324,520,436,956,240,19,68,19.41,0.9845,0.5462,0.194117,1,25,0,141.57,1.0000,0.0867,0.007017,4.281
697339,520,462,982,173,64,224,312.57,0.8624,0.5289,0.179337,3,12,3,143.80,0.7833,0.0518,0.002889,4.336
697348,520,479,999,202,8,180,334.54,0.9801,0.5099,0.160275,0,0,1,264.05,1.0000,0.0060,0.000022,4.204
697352,520,392,912,244,20,165,349.21,0.9792,0.5852,0.224532,0,32,74,256.41,0.9999,0.1471,0.015273,4.206
697353,520,363,883,226,32,248,323.13,0.9829,0.6069,0.239813,48,33,42,342.42,0.2458,0.1665,0.018833,4.210
697375,520,410,930,255,4,45,24.84,1.0000,0.5714,0.215402,64,1,10,20.27,0.9799,0.1331,0.011338,4.327
697380,520,457,977,205,66,130,355.93,0.7539,0.5288,0.184893,13,10,13,325.97,0.1303,0.0590,0.003317,4.406
697391,520,459,979,233,16,40,25.38,0.9894,0.5265,0.178506,9,13,3,124.13,0.5731,0.0593,0.003525,4.269
697407,520,331,851,239,106,135,8.88,0.7930,0.6438,0.304108,36,48,65,257.11,0.3001,0.2049,0.028706,4.499
697429,520,258,778,201,153,218,317.06,0.5746,0.7093,0.402627,15,76,19,143.83,0.9745,0.2696,0.053172,4.387
697430,520,312,832,234,91,243,325.33,0.9470,0.6648,0.314479,54,49,48,31.10,0.0601,0.2177,0.031943,4.448
697451,520,391,911,227,7,226,328.59,0.9957,0.5856,0.219762,18,42,15,141.55,0.8176,0.1541,0.018190,3.956
697462,520,359,879,236,97,126,10.16,0.7934,0.6228,0.278914,0,44,77,247.18,1.0000,0.1829,0.023371,4.483
697487,520,174,694,243,173,209,347.13,0.7498,0.7952,0.535470,4,98,21,144.49,0.9964,0.3436,0.088149,4.238
697497,520,427,947,231,49,119,3.76,0.8884,0.5571,0.205203,32,15,38,316.75,0.5189,0.1035,0.007887,4.409
697524,520,476,996,197,57,153,343.15,0.7819,0.5146,0.170983,5,0,11,309.75,1.0000,0.0246,0.000564,4.370
697531,520,374,894,241,30,193,340.49,0.9702,0.5973,0.234826,54,29,0,66.12,1.0000,0.1554,0.016631,4.275
697538,520,434,954,230,63,35,32.07,0.9448,0.5516,0.205023,0,25,33,221.17,1.0000,0.0970,0.008050,4.393
697574,520,449,969,196,42,213,323.46,0.9175,0.5369,0.181974,0,4,55,264.14,0.9840,0.0684,0.003626,4.326
697580,520,449,969,225,39,111,4.74,0.9065,0.5355,0.186090,16,16,11,107.41,0.1677,0.0748,0.005049,4.289
697592,520,412,932,212,69,177,339.09,0.8007,0.5661,0.214297,55,5,6,25.38,0.9087,0.1175,0.009341,4.454
697604,520,405,925,238,68,72,24.11,0.9067,0.5771,0.227824,13,21,79,269.76,0.8921,0.1330,0.011863,4.491
697605,520,359,879,254,80,81,24.49,0.9917,0.6223,0.274058,41,45,4,115.09,0.8840,0.1814,0.023570,4.405
697612,520,429,949,143,91,253,293.24,0.9748,0.5510,0.204136,32,18,4,66.15,0.6563,0.0969,0.007485,4.421
697620,520,386,906,243,37,155,352.65,0.9466,0.5860,0.227476,6,44,7,143.41,0.9734,0.1541,0.018553,4.048
697638,520,386,906,207,82,204,328.64,0.8017,0.5886,0.236613,2,42,32,171.83,0.9551,0.1514,0.017730,4.232
697648,520,448,968,188,8,247,313.72,0.9946,0.5364,0.175817,11,20,21,204.69,0.2487,0.0842,0.006256,4.014
697670,520,387,907,236,31,200,337.41,0.9676,0.5925,0.229858,45,16,73,303.09,0.7632,0.1503,0.014095,4.366
697691,520,453,973,231,19,58,21.40,0.9828,0.5255,0.177632,37,1,6,16.00,0.9297,0.0743,0.004282,4.193
697704,520,445,965,173,66,240,308.73,0.9115,0.5439,0.190727,20,2,51,292.47,0.9319,0.0773,0.004312,4.432
697708,520,387,907,204,87,208,326.32,0.7900,0.5930,0.242094,1,43,16,150.72,0.9921,0.1500,0.017715,4.314
697719,520,415,935,246,11,109,7.34,0.9900,0.5659,0.209398,16,17,68,274.61,0.8398,0.1156,0.009284,4.376
697720,520,346,866,229,104,137,5.71,0.7242,0.6251,0.283672,30,51,7,131.85,0.9170,0.1907,0.026590,4.357
697743,520,339,859,245,95,136,6.55,0.8640,0.6383,0.293775,42,48,30,123.31,0.3314,0.1959,0.026999,4.465
697762,520,474,994,186,28,225,317.84,0.9595,0.5213,0.167072,6,1,11,311.08,0.7328,0.0292,0.000846,4.269
697786,520,325,845,243,65,242,328.29,0.9595,0.6519,0.292487,54,34,88,297.70,0.6218,0.2060,0.026329,4.487
697796,520,458,978,233,22,71,18.14,0.9764,0.5330,0.183555,22,1,27,320.42,0.8531,0.0577,0.002714,4.431
697806,520,409,929,253,10,3,29.38,0.9982,0.5659,0.211101,13,26,60,265.57,0.6896,0.1257,0.011505,4.245
697809,520,355,875,223,98,168,348.05,0.7249,0.6178,0.272527,2,37,96,260.20,0.9709,0.1819,0.021804,4.492
697825,520,460,980,196,4,222,321.65,0.9953,0.5281,0.170981,9,11,16,267.69,0.1845,0.0588,0.003348,4.142
697827,520,403,923,240,67,56,28.34,0.9309,0.5775,0.228283,37,27,16,68.72,0.3494,0.1279,0.012146,4.478
697830,520,438,958,180,92,178,328.13,0.6337,0.5475,0.205730,19,22,13,123.04,0.2753,0.0935,0.007413,4.454
697833,520,464,984,193,87,71,30.50,0.6873,0.5205,0.186105,17,5,13,339.82,0.4648,0.0526,0.002568,4.491
697835,520,461,981,175,50,244,309.45,0.9441,0.5346,0.179277,16,6,12,342.49,0.3755,0.0533,0.002670,4.353
697841,520,410,930,210,19,238,321.49,0.9866,0.5678,0.203423,62,5,13,19.38,0.8946,0.1339,0.011619,4.113
697851,520,457,977,204,36,194,331.01,0.9157,0.5337,0.179960,15,9,9,18.44,0.1816,0.0577,0.003167,4.325
697858,520,470,990,213,51,118,0.94,0.8312,0.5236,0.178241,14,1,12,332.70,0.7569,0.0389,0.001416,4.439
697873,520,458,978,199,73,135,353.10,0.7082,0.5289,0.186583,1,11,37,260.31,0.9152,0.0650,0.003793,4.398
697875,520,410,930,199,41,249,315.72,0.9720,0.5687,0.205690,28,23,65,284.34,0.6464,0.1348,0.012413,4.097
697892,520,407,927,235,65,79,21.14,0.8907,0.5693,0.220103,51,20,15,30.73,0.5780,0.1339,0.012387,4.329
697900,520,136,656,253,187,211,355.34,0.9079,0.8361,0.611282,0,107,9,143.18,1.0000,0.3730,0.105347,4.257
697912,520,390,910,236,49,171,346.43,0.9127,0.5876,0.229726,28,28,74,278.78,0.6604,0.1535,0.015718,4.256
697924,520,442,962,196,82,136,353.29,0.6563,0.5368,0.195496,29,13,15,12.09,0.3702,0.0848,0.005836,4.397
697952,520,406,926,254,15,74,18.78,0.9947,0.5755,0.219107,27,20,62,286.22,0.6684,0.1251,0.010811,4.425
697986,520,335,855,234,120,2,54.30,0.9965,0.6405,0.309324,31,54,26,140.05,0.6343,0.2042,0.030042,4.489
698016,520,303,823,237,84,250,324.54,0.9784,0.6657,0.312496,97,20,15,28.56,0.8886,0.2268,0.030766,4.488
698032,520,407,927,223,44,187,338.14,0.9133,0.5686,0.210796,15,28,54,262.84,0.5712,0.1272,0.011984,4.208
698057,520,449,969,184,11,254,311.11,0.9955,0.5370,0.175865,15,11,34,288.45,0.5623,0.0737,0.004564,4.139
698073,520,452,972,184,28,234,315.15,0.9665,0.5254,0.169626,7,17,20,218.21,0.3454,0.0732,0.004966,3.996
698075,520,362,882,225,98,137,3.33,0.7155,0.6093,0.265514,3,51,25,153.87,0.9771,0.1804,0.024571,4.231
698081,520,458,978,230,42,35,28.52,0.9596,0.5329,0.186033,10,10,25,282.04,0.4450,0.0619,0.003518,4.410
698092,520,270,790,164,159,255,284.95,0.9999,0.7040,0.399084,26,73,5,138.55,0.9868,0.2621,0.049955,4.493
698096,520,328,848,240,79,231,330.25,0.9357,0.6535,0.298893,40,54,17,127.05,0.7112,0.2098,0.031299,4.291
698109,520,386,906,214,72,213,328.16,0.8657,0.5933,0.237369,17,38,36,187.67,0.4361,0.1469,0.016327,4.333
698111,520,390,910,210,76,206,329.00,0.8311,0.5872,0.233286,30,39,20,129.27,0.4430,0.1547,0.017775,4.180
698113,520,469,989,214,58,87,15.00,0.8363,0.5231,0.180128,1,3,22,266.98,0.8953,0.0358,0.001295,4.486
698131,520,454,974,234,10,40,25.16,0.9938,0.5271,0.178659,16,12,30,292.25,0.4634,0.0741,0.004668,4.183
698147,520,417,937,210,74,184,336.19,0.7909,0.5722,0.220618,0,35,11,150.45,1.0000,0.1212,0.012262,4.346
698154,520,37,557,249,239,213,89.44,0.6591,0.9455,0.866773,74,120,81,148.10,0.5273,0.4535,0.154825,4.476
698155,520,316,836,253,102,136,9.32,0.9594,0.6615,0.321662,33,60,0,132.01,1.0000,0.2218,0.035550,4.344
698174,520,475,995,218,54,36,30.32,0.9344,0.5186,0.176737,3,4,0,118.13,1.0000,0.0300,0.001062,4.440
698180,520,340,860,249,12,253,327.47,0.9974,0.6435,0.274975,76,30,35,15.51,0.5644,0.2030,0.025866,4.284
698227,520,442,962,215,55,141,352.52,0.8227,0.5400,0.191049,1,17,44,257.10,0.9191,0.0838,0.005892,4.313
698234,520,427,947,204,13,239,319.76,0.9910,0.5569,0.193589,5,25,36,234.99,0.6582,0.1016,0.008549,4.160
698243,520,231,751,220,159,203,337.02,0.5533,0.7371,0.443250,21,81,38,149.03,0.9351,0.2917,0.061840,4.410
698249,520,456,976,214,48,129,356.40,0.8425,0.5270,0.179974,14,4,30,298.52,0.7371,0.0564,0.002739,4.361
698262,520,429,949,245,8,14,28.63,0.9968,0.5486,0.196214,26,17,40,300.41,0.4842,0.1011,0.007737,4.264
698278,520,433,953,191,62,221,319.29,0.8750,0.5517,0.197434,32,10,48,307.70,0.7139,0.1022,0.007376,4.313
698281,520,420,940,227,70,53,29.85,0.8968,0.5554,0.209710,40,18,9,42.59,0.5542,0.1101,0.009035,4.399
698289,520,449,969,236,23,78,16.40,0.9749,0.5411,0.189989,14,17,3,118.38,0.6574,0.0734,0.005008,4.363
698290,520,436,956,246,16,32,27.04,0.9926,0.5537,0.200713,18,18,22,285.58,0.1070,0.0853,0.006191,4.462
698291,520,409,929,170,92,229,307.79,0.8080,0.5661,0.218581,5,2,102,266.48,0.9973,0.1324,0.010349,4.450
698319,520,293,813,200,143,199,327.14,0.5024,0.6790,0.360488,12,68,20,145.12,0.9721,0.2412,0.042627,4.432
698324,520,367,887,226,63,227,327.76,0.9280,0.6128,0.252720,80,5,2,29.80,0.9769,0.1728,0.018187,4.440
698329,520,458,978,197,70,161,340.71,0.7401,0.5335,0.188256,7,9,22,274.76,0.4369,0.0558,0.002985,4.497
698330,520,348,868,227,61,253,321.77,0.9911,0.6302,0.267623,76,2,80,325.80,0.9378,0.1950,0.021593,4.436
698347,520,318,838,242,123,78,40.78,0.8610,0.6642,0.335960,4,60,60,194.85,0.9288,0.2236,0.035836,4.496
698348,520,401,921,229,55,174,344.04,0.8829,0.5809,0.224490,40,0,86,295.01,1.0000,0.1387,0.011230,4.483
698359,520,476,996,166,74,197,316.63,0.7507,0.5113,0.170366,2,1,0,82.32,1.0000,0.0176,0.000346,4.377
698401,520,389,909,201,76,230,319.49,0.8753,0.5887,0.233010,38,36,23,100.43,0.2835,0.1550,0.017357,4.202
698420,520,369,889,244,86,56,32.84,0.9339,0.6076,0.261774,12,41,66,247.88,0.6837,0.1704,0.020573,4.418
698424,520,301,821,247,79,234,331.23,0.9651,0.6665,0.313094,27,63,28,144.24,0.8286,0.2316,0.038717,4.093
698438,520,431,951,241,19,90,13.02,0.9809,0.5527,0.199080,45,5,19,3.56,0.7649,0.1002,0.007135,4.359
698464,520,464,984,195,27,204,325.77,0.9453,0.5199,0.167472,6,8,4,127.75,0.2843,0.0454,0.002211,4.165
698505,520,454,974,212,67,91,15.04,0.7932,0.5304,0.187690,29,6,2,37.18,0.7789,0.0684,0.003959,4.405
698513,520,465,985,209,73,9,39.57,0.9773,0.5217,0.183424,21,4,4,22.51,0.6150,0.0527,0.002551,4.442
698520,520,218,738,231,147,245,321.70,0.9120,0.7467,0.444504,36,73,105,246.78,0.5601,0.3008,0.061598,4.431
698528,520,450,970,211,0,203,330.44,1.0000,0.5399,0.181628,10,2,53,278.35,0.9676,0.0701,0.003650,4.317
698540,520,434,954,247,3,3,29.15,0.9989,0.5515,0.198495,8,2,79,270.16,0.9931,0.1012,0.006595,4.391
698546,520,410,930,214,27,223,326.01,0.9718,0.5664,0.204097,34,28,38,311.71,0.2066,0.1346,0.013105,4.027
698558,520,321,841,245,101,143,4.85,0.8520,0.6488,0.307060,16,57,43,167.05,0.7614,0.2105,0.032107,4.349
698576,520,341,861,207,116,188,335.29,0.6230,0.6319,0.293885,14,56,13,142.81,0.9564,0.1993,0.029507,4.325
698600,520,417,937,246,46,65,22.89,0.9563,0.5721,0.219319,31,28,10,100.02,0.5121,0.1218,0.011437,4.384
698609,520,432,952,228,46,111,5.93,0.8926,0.5464,0.195985,39,13,17,12.25,0.5272,0.1009,0.007597,4.271
698626,520,426,946,211,28,227,324.24,0.9714,0.5646,0.202274,41,13,25,355.37,0.5472,0.1071,0.008295,4.328
698627,520,473,993,193,2,220,321.33,0.9974,0.5209,0.165497,3,0,24,281.16,1.0000,0.0310,0.000853,4.238
698631,520,63,583,224,238,194,121.91,0.5721,0.9155,0.808912,18,123,25,143.39,0.9891,0.4306,0.143641,4.436
698633,520,423,943,223,47,161,346.62,0.8806,0.5572,0.202967,16,5,75,276.50,0.9643,0.1055,0.007267,4.417
698635,520,352,872,224,94,185,340.88,0.7678,0.6214,0.273577,12,41,88,259.78,0.8165,0.1879,0.023685,4.391
698636,520,435,955,244,29,2,30.48,0.9985,0.5529,0.201197,18,20,6,115.51,0.5098,0.0856,0.006421,4.452
698637,520,440,960,196,37,236,317.91,0.9572,0.5511,0.191165,14,22,26,230.04,0.2286,0.0939,0.007417,4.200
698640,520,471,991,179,88,129,353.42,0.5565,0.5160,0.181494,8,3,15,305.35,0.5777,0.0391,0.001512,4.494
698653,520,408,928,224,25,208,332.36,0.9721,0.5731,0.210990,23,6,85,279.44,0.9587,0.1252,0.009682,4.373
698660,520,357,877,236,72,199,338.37,0.8897,0.6217,0.265937,8,48,42,180.78,0.8172,0.1774,0.023326,4.309
698662,520,389,909,213,79,188,335.83,0.7895,0.5854,0.233709,69,0,38,354.28,1.0000,0.1519,0.014054,4.429
698670,520,402,922,255,11,70,19.73,1.0000,0.5760,0.219454,18,20,73,274.26,0.8271,0.1279,0.011099,4.410
698678,520,385,905,242,49,158,352.03,0.9193,0.5929,0.235456,28,11,99,278.93,0.9466,0.1529,0.013870,4.469
698680,520,421,941,227,30,169,344.40,0.9430,0.5584,0.201267,7,14,70,268.60,0.9338,0.1069,0.008014,4.331
698685,520,381,901,241,32,205,337.22,0.9725,0.6049,0.241445,5,38,62,244.90,0.8001,0.1561,0.017662,4.307
698697,520,479,999,199,15,191,330.54,0.9678,0.5134,0.162472,2,0,3,318.71,1.0000,0.0147,0.000195,4.233
698706,520,412,932,217,6,235,324.03,0.9963,0.5744,0.208822,30,25,38,301.98,0.2651,0.1226,0.011112,4.235
698767,520,463,983,232,29,53,23.42,0.9720,0.5311,0.182947,3,12,10,181.04,0.4995,0.0540,0.003042,4.392
698770,520,447,967,192,55,216,321.16,0.8839,0.5429,0.188981,24,10,22,332.24,0.4281,0.0751,0.004692,4.370
698837,520,453,973,211,72,89,17.08,0.7745,0.5343,0.192071,22,9,19,335.79,0.4064,0.0694,0.004130,4.472
698842,520,372,892,239,44,203,337.41,0.9519,0.6064,0.244667,16,42,61,242.88,0.5860,0.1718,0.021029,4.149
698846,520,348,868,243,97,104,20.39,0.8731,0.6291,0.286066,51,42,46,349.45,0.1251,0.1947,0.025570,4.447
698848,520,358,878,233,20,255,323.38,1.0000,0.6195,0.250463,68,24,28,17.13,0.6032,0.1755,0.019662,4.313
698860,520,410,930,249,30,28,28.44,0.9842,0.5650,0.211558,4,30,63,255.79,0.8453,0.1340,0.013132,4.143
698865,520,321,841,246,115,33,46.91,0.9545,0.6525,0.319671,18,60,8,140.30,0.9724,0.2142,0.033777,4.413
698867,520,258,778,218,143,214,328.63,0.6714,0.7080,0.394067,32,72,52,159.85,0.6196,0.2702,0.051896,4.358
698870,520,416,936,244,15,118,4.20,0.9843,0.5655,0.208861,6,12,86,267.43,0.9709,0.1228,0.009735,4.334
698881,520,416,936,238,16,169,346.64,0.9816,0.5744,0.214153,13,34,8,139.80,0.8785,0.1239,0.012471,4.228
698911,520,472,992,229,18,38,25.73,0.9870,0.5184,0.172336,0,4,14,251.96,1.0000,0.0326,0.001185,4.344
698917,520,464,984,211,33,154,345.53,0.8973,0.5219,0.172719,27,0,9,359.74,1.0000,0.0548,0.002528,4.240
698927,520,457,977,229,9,116,2.10,0.9849,0.5326,0.181173,8,1,51,277.00,0.9845,0.0644,0.003123,4.352
698928,520,419,939,237,24,142,355.21,0.9633,0.5629,0.206139,42,13,21,5.03,0.5567,0.1073,0.008343,4.390
698929,520,442,962,215,65,120,2.43,0.7877,0.5422,0.195861,21,15,22,321.51,0.2232,0.0814,0.005590,4.423
698930,520,334,854,237,87,199,339.13,0.8735,0.6401,0.289470,21,51,63,226.77,0.5411,0.2025,0.028859,4.305
698932,520,444,964,176,56,248,308.60,0.9588,0.5447,0.188366,35,7,5,28.43,0.7268,0.0811,0.005203,4.318
698948,520,433,953,222,4,191,336.44,0.9946,0.5533,0.193805,18,8,64,280.95,0.8932,0.0986,0.006724,4.298
698949,520,448,968,207,77,110,8.02,0.7173,0.5394,0.197010,9,8,57,273.73,0.9159,0.0841,0.005271,4.469
698965,520,472,992,181,33,233,314.37,0.9558,0.5224,0.167958,1,2,21,269.01,0.9199,0.0322,0.001040,4.270
698969,520,372,892,181,115,209,315.18,0.6462,0.6064,0.266894,3,45,41,185.34,0.9205,0.1653,0.020561,4.491
698978,520,349,869,237,57,233,329.09,0.9552,0.6299,0.268165,61,39,27,49.34,0.3900,0.1947,0.025224,4.230
698979,520,397,917,192,89,209,321.78,0.7624,0.5785,0.229559,8,39,1,139.40,0.9925,0.1369,0.015048,4.298
698980,520,464,984,214,55,105,7.06,0.8270,0.5250,0.180508,6,7,22,277.43,0.5198,0.0505,0.002486,4.392
698985,520,416,936,221,53,180,340.00,0.8759,0.5679,0.212160,25,27,38,276.51,0.2272,0.1224,0.011305,4.276
698988,520,392,912,250,41,105,10.80,0.9634,0.5851,0.229333,23,26,83,274.36,0.7952,0.1537,0.015454,4.268
698997,520,405,925,204,70,214,324.93,0.8551,0.5758,0.220744,36,27,11,80.65,0.4876,0.1256,0.011831,4.379
699009,520,455,975,218,12,169,341.98,0.9763,0.5348,0.180354,16,2,32,302.50,0.8406,0.0558,0.002579,4.381
699021,520,408,928,222,78,104,13.26,0.7772,0.5659,0.219804,32,22,59,292.82,0.5943,0.1320,0.011967,4.354
699028,520,431,951,235,48,40,28.46,0.9532,0.5482,0.199324,43,2,30,343.62,0.8268,0.0965,0.006508,4.412
699037,520,468,988,216,33,120,359.15,0.9030,0.5168,0.170452,10,3,19,304.87,0.6526,0.0432,0.001767,4.259
699046,520,448,968,195,4,243,316.54,0.9972,0.5435,0.181614,10,7,51,276.76,0.8854,0.0769,0.004555,4.246
699050,520,480,1000,204,67,67,24.36,0.8123,0.5101,0.172591,0,0,0,0.00,0.0000,0.0000,0.000000,4.452
699061,520,438,958,193,34,241,316.00,0.9652,0.5486,0.188337,7,12,62,269.74,0.9200,0.0947,0.006559,4.214
699063,520,441,961,202,82,111,8.03,0.6753,0.5381,0.197408,28,4,51,302.24,0.8557,0.0904,0.005727,4.440
699083,520,332,852,255,26,229,334.23,1.0000,0.6420,0.276592,31,28,112,275.43,0.8821,0.1952,0.022916,4.479
699091,520,407,927,200,88,166,340.79,0.6773,0.5655,0.220136,11,23,73,267.76,0.8627,0.1297,0.011649,4.382
699094,520,443,963,232,47,55,24.96,0.9425,0.5430,0.194677,31,4,37,320.04,0.7738,0.0833,0.005117,4.439
699101,520,458,978,189,19,229,317.90,0.9786,0.5257,0.169431,11,11,23,283.08,0.3610,0.0637,0.003723,4.084
699103,520,452,972,231,31,36,27.13,0.9743,0.5281,0.180993,21,5,36,304.67,0.7453,0.0706,0.003954,4.281
699113,520,399,919,213,95,120,9.15,0.6611,0.5794,0.236887,40,27,42,321.94,0.3154,0.1416,0.014022,4.481
699133,520,474,994,158,72,232,304.83,0.8649,0.5241,0.177305,10,0,3,356.00,1.0000,0.0271,0.000711,4.482
699135,520,414,934,226,32,194,336.70,0.9526,0.5712,0.210993,42,22,19,29.13,0.3824,0.1240,0.011131,4.269
699136,520,417,937,192,71,234,315.92,0.8891,0.5723,0.216547,42,19,7,47.43,0.6238,0.1150,0.009734,4.462
699165,520,416,936,188,94,185,328.53,0.6614,0.5662,0.222008,5,31,40,224.31,0.7244,0.1213,0.011654,4.412
699169,520,455,975,217,1,177,339.24,0.9981,0.5349,0.179501,14,8,15,321.66,0.2858,0.0566,0.003015,4.329
699170,520,475,995,219,52,1,34.15,0.9984,0.5168,0.175209,8,3,2,37.87,0.3856,0.0336,0.001211,4.398
699181,520,366,886,252,64,104,14.00,0.9720,0.6065,0.253652,3,34,94,261.42,0.9595,0.1730,0.019714,4.356
699182,520,479,999,151,78,216,305.15,0.7874,0.5103,0.169864,1,0,2,311.99,1.0000,0.0114,0.000108,4.388
699193,520,388,908,234,36,206,335.34,0.9614,0.5947,0.232131,4,39,55,232.98,0.8292,0.1540,0.017526,4.178
699214,520,431,951,203,58,202,328.28,0.8611,0.5542,0.199886,31,17,33,322.34,0.4054,0.1032,0.008020,4.307
699228,520,367,887,235,7,240,327.20,0.9973,0.6094,0.241080,4,21,112,265.21,0.9724,0.1693,0.017319,4.324
699230,520,409,929,200,57,233,319.18,0.9188,0.5698,0.210903,55,12,8,29.01,0.8058,0.1269,0.010928,4.282
699252,520,440,960,233,38,104,8.51,0.9298,0.5488,0.197124,34,14,13,23.75,0.4498,0.0936,0.006833,4.348
699262,520,418,938,244,26,63,21.43,0.9800,0.5564,0.203342,29,19,59,290.80,0.6510,0.1227,0.010427,4.193
699263,520,418,938,210,89,94,20.22,0.6989,0.5579,0.216567,32,27,2,98.70,0.8650,0.1189,0.010953,4.373
699271,520,391,911,207,53,251,317.13,0.9797,0.5910,0.227782,35,35,14,108.70,0.5081,0.1467,0.015911,4.215
699275,520,459,979,196,55,180,333.04,0.8192,0.5258,0.177651,9,5,35,283.33,0.7843,0.0578,0.002880,4.305
699287,520,436,956,231,43,107,7.59,0.9108,0.5490,0.197811,15,13,44,281.53,0.6609,0.0850,0.005712,4.448
699294,520,352,872,244,74,158,354.36,0.8918,0.6188,0.266023,50,4,118,289.74,0.9760,0.1943,0.020729,4.468
699321,520,388,908,229,63,182,341.72,0.8701,0.5920,0.235930,20,23,84,273.29,0.8545,0.1467,0.014015,4.467
699326,520,392,912,209,56,241,319.86,0.9399,0.5890,0.227362,6,25,94,265.24,0.9399,0.1546,0.015420,4.240
699333,520,468,988,231,15,36,26.00,0.9903,0.5215,0.174610,13,1,9,338.43,0.7341,0.0365,0.001270,4.381
699338,520,453,973,150,81,237,299.89,0.8679,0.5304,0.184836,25,5,31,317.99,0.7004,0.0723,0.004142,4.337
699349,520,470,990,211,28,154,345.39,0.9156,0.5192,0.170147,14,2,5,0.44,0.6100,0.0388,0.001477,4.277
699350,520,358,878,216,65,253,318.75,0.9893,0.6165,0.254731,84,0,17,19.13,1.0000,0.1797,0.019256,4.400
699356,520,452,972,211,71,77,21.87,0.8004,0.5303,0.188935,8,14,27,264.24,0.4290,0.0701,0.004448,4.388
699363,520,399,919,245,33,124,3.16,0.9560,0.5762,0.219588,1,40,22,158.46,0.9851,0.1411,0.015819,4.096
699365,520,418,938,229,25,160,347.61,0.9545,0.5556,0.198941,16,32,14,141.65,0.6173,0.1206,0.011749,4.032
699400,520,362,882,221,76,219,328.42,0.8828,0.6126,0.256576,76,15,42,358.07,0.7423,0.1834,0.020456,4.351
699403,520,334,854,245,72,207,338.19,0.9378,0.6412,0.285551,65,33,57,337.04,0.4592,0.1989,0.025071,4.470
699407,520,403,923,195,100,163,341.65,0.5966,0.5755,0.233622,29,32,18,118.25,0.3412,0.1326,0.013379,4.475
699414,520,467,987,192,27,208,323.86,0.9477,0.5177,0.165459,5,5,10,284.11,0.2656,0.0391,0.001627,4.173
699424,520,458,978,213,52,137,353.36,0.8266,0.5318,0.184106,24,7,4,35.05,0.5733,0.0633,0.003549,4.372
699426,520,425,945,220,43,190,336.47,0.9141,0.5643,0.206634,18,1,83,276.72,0.9942,0.1120,0.007748,4.444
699427,520,468,988,225,33,16,30.05,0.9822,0.5152,0.171356,14,4,1,50.08,0.6780,0.0425,0.001824,4.271
699450,520,434,954,220,13,196,334.59,0.9833,0.5545,0.194914,1,28,6,147.80,0.9869,0.0976,0.008501,4.187
699452,520,426,946,246,27,68,20.35,0.9789,0.5618,0.207976,3,12,75,265.97,0.9657,0.1073,0.007902,4.455
699469,520,467,987,225,25,100,7.72,0.9516,0.5244,0.176257,4,1,35,276.46,0.9705,0.0444,0.001689,4.377
699473,520,371,891,247,15,198,340.31,0.9908,0.6063,0.241962,12,14,119,267.86,0.9825,0.1727,0.017240,4.342
699486,520,431,951,184,94,163,336.75,0.5943,0.5489,0.208413,32,21,1,82.45,0.9021,0.1033,0.008456,4.421
699517,520,385,905,221,11,251,321.43,0.9956,0.5942,0.225786,39,26,58,300.91,0.5095,0.1479,0.014756,4.259
699521,520,374,894,254,16,160,352.67,0.9922,0.6014,0.239831,40,24,75,293.68,0.6793,0.1587,0.016124,4.383
699527,520,330,850,227,105,182,343.91,0.7494,0.6407,0.298136,61,43,30,56.86,0.3432,0.2053,0.028137,4.455
699541,520,479,999,159,73,217,308.56,0.8092,0.5147,0.171464,2,0,1,344.76,1.0000,0.0130,0.000151,4.416
699545,520,463,983,207,66,111,5.07,0.7621,0.5256,0.183117,4,1,39,274.72,0.9790,0.0483,0.001940,4.488
699557,520,461,981,237,0,37,25.44,1.0000,0.5310,0.181414,11,5,11,326.63,0.3421,0.0453,0.002039,4.447
699578,520,473,993,227,16,74,16.29,0.9806,0.5188,0.171988,0,3,19,260.47,1.0000,0.0326,0.001121,4.342
699592,520,421,941,225,66,102,11.86,0.8294,0.5566,0.208660,17,28,11,135.31,0.5567,0.1084,0.009738,4.330
699600,520,376,896,239,11,220,332.85,0.9943,0.6038,0.237602,56,24,32,5.49,0.4792,0.1552,0.015984,4.359
699625,520,199,719,251,166,136,40.20,0.8757,0.7696,0.495616,29,87,55,155.80,0.8311,0.3187,0.073532,4.417
699668,520,51,571,255,241,110,103.23,1.0000,0.9354,0.852974,6,127,36,145.37,0.9964,0.4433,0.153442,4.438
699675,520,375,895,232,93,80,28.16,0.8429,0.5993,0.255664,8,40,63,244.26,0.7425,0.1638,0.019280,4.412
699687,520,411,931,241,61,57,26.95,0.9362,0.5735,0.223369,16,29,39,242.49,0.3675,0.1210,0.011353,4.456
699700,520,353,873,234,59,221,331.41,0.9376,0.6190,0.258433,30,47,33,149.32,0.3803,0.1830,0.024188,4.157
699705,520,429,949,220,14,194,335.14,0.9812,0.5535,0.194271,1,27,14,159.20,0.9691,0.0962,0.008220,4.196
699709,520,467,987,197,0,205,326.23,1.0000,0.5161,0.162798,9,4,10,321.93,0.3748,0.0405,0.001668,4.119
699716,520,449,969,240,4,9,28.81,0.9982,0.5368,0.186352,10,7,42,279.81,0.8035,0.0684,0.003836,4.390
699718,520,449,969,203,8,224,323.02,0.9920,0.5425,0.182537,8,15,25,256.92,0.3762,0.0713,0.004634,4.256
699724,520,432,952,198,67,191,330.07,0.8024,0.5483,0.197833,7,9,70,269.70,0.9580,0.0992,0.006827,4.361
699731,520,448,968,205,41,200,329.56,0.9103,0.5426,0.187370,8,21,16,167.63,0.4345,0.0832,0.006253,4.220
699736,520,360,880,195,114,204,323.41,0.6529,0.6200,0.279975,23,47,49,202.55,0.4163,0.1842,0.024369,4.437
699737,520,447,967,223,62,18,34.57,0.9720,0.5356,0.191796,38,2,18,356.77,0.8166,0.0817,0.004992,4.397
699743,520,442,962,159,88,222,305.65,0.7827,0.5406,0.196248,18,13,36,291.06,0.5327,0.0818,0.005438,4.442
699754,520,479,999,170,37,241,309.12,0.9539,0.5149,0.162209,2,0,1,344.76,1.0000,0.0130,0.000151,4.231
699757,520,328,848,244,108,96,27.38,0.8873,0.6456,0.308057,13,55,64,215.01,0.7303,0.2121,0.031880,4.373
699768,520,434,954,230,62,68,23.81,0.8976,0.5546,0.206885,6,9,75,268.49,0.9682,0.1047,0.007420,4.474
699769,520,445,965,182,55,228,315.03,0.9002,0.5363,0.182800,34,4,11,8.67,0.7356,0.0756,0.004511,4.271
699790,520,422,942,232,64,14,34.87,0.9827,0.5554,0.208573,36,21,3,70.40,0.7584,0.1093,0.009180,4.369
699796,520,13,533,243,255,215,120.97,1.0000,0.9777,0.954808,48,133,35,141.20,0.9611,0.4725,0.175242,4.461
699799,520,429,949,213,8,216,327.59,0.9919,0.5541,0.192797,5,13,68,267.44,0.9433,0.1018,0.007374,4.232
699800,520,326,846,247,62,238,330.25,0.9694,0.6536,0.293953,21,58,34,152.80,0.7647,0.2133,0.033009,4.144
699804,520,449,969,220,13,165,343.72,0.9746,0.5367,0.182226,10,6,50,277.59,0.8934,0.0742,0.004251,4.281
699840,520,404,924,238,72,16,36.09,0.9816,0.5760,0.228524,13,35,27,167.64,0.5506,0.1318,0.013667,4.375
699856,520,456,976,193,34,215,322.22,0.9386,0.5282,0.173893,13,11,19,295.83,0.2524,0.0635,0.003719,4.168
699895,520,399,919,226,92,63,33.81,0.8377,0.5846,0.241845,37,33,3,101.96,0.8532,0.1417,0.014876,4.498
699901,520,409,929,186,91,209,319.45,0.7451,0.5728,0.225258,18,35,14,139.78,0.6621,0.1313,0.013623,4.326
699904,520,413,933,222,65,149,351.96,0.8131,0.5661,0.214826,9,30,47,245.67,0.6136,0.1246,0.011918,4.277
699911,520,392,912,234,29,210,334.25,0.9737,0.5939,0.230270,24,25,77,276.39,0.7500,0.1465,0.014252,4.362
699936,520,480,1000,217,35,68,18.70,0.9360,0.5056,0.163737,0,0,0,0.00,0.0000,0.0000,0.000000,4.275
699949,520,456,976,216,65,63,25.60,0.8634,0.5299,0.187409,7,13,5,136.65,0.4474,0.0583,0.003440,4.443
699988,520,403,923,253,30,58,23.38,0.9907,0.5763,0.221204,41,22,44,321.95,0.4532,0.1332,0.012271,4.355
700017,520,465,985,232,9,13,28.67,0.9954,0.5207,0.173834,17,4,18,324.95,0.5882,0.0526,0.002497,4.264
700034,520,475,995,197,4,203,326.74,0.9929,0.5155,0.162707,2,1,25,274.45,0.9559,0.0335,0.001048,4.167
700041,520,436,956,226,31,160,347.08,0.9345,0.5525,0.196894,5,5,68,268.90,0.9784,0.0894,0.005581,4.442
700043,520,411,931,245,52,23,31.42,0.9791,0.5705,0.219338,46,17,2,48.27,0.8391,0.1169,0.009862,4.499
700052,520,407,927,200,70,219,322.32,0.8608,0.5728,0.217757,6,24,73,264.29,0.8932,0.1295,0.011730,4.338
700057,520,378,898,241,24,206,336.90,0.9821,0.6023,0.238132,38,30,58,295.70,0.4377,0.1556,0.016461,4.335
700058,520,417,937,239,59,47,28.85,0.9383,0.5665,0.216871,35,13,59,301.79,0.7371,0.1198,0.009610,4.477
700083,520,433,953,223,38,152,349.32,0.9041,0.5469,0.193438,2,22,43,250.32,0.8238,0.0961,0.007611,4.226
700088,520,422,942,201,55,226,321.26,0.9120,0.5645,0.206424,41,15,34,338.58,0.5339,0.1146,0.009286,4.325
700096,520,302,822,228,114,211,333.21,0.8074,0.6698,0.332338,67,51,31,72.01,0.3984,0.2345,0.036600,4.415
700112,520,427,947,245,17,74,18.10,0.9875,0.5571,0.203113,30,19,13,49.68,0.3100,0.0984,0.007708,4.386
700119,520,406,926,241,48,120,5.00,0.9167,0.5762,0.221739,32,24,56,292.77,0.5285,0.1339,0.012459,4.351
700120,520,449,969,175,51,255,307.12,1.0000,0.5450,0.187024,10,12,30,276.61,0.4995,0.0690,0.004212,4.372
700144,520,473,993,186,37,212,320.88,0.9221,0.5161,0.165171,0,5,12,241.12,1.0000,0.0345,0.001351,4.190
700149,520,441,961,123,106,228,286.10,0.7710,0.5371,0.201202,39,1,38,329.40,0.8906,0.0924,0.005930,4.491
700155,520,331,851,209,99,244,317.23,0.9180,0.6394,0.290120,18,56,32,153.04,0.8127,0.2046,0.030611,4.219
700165,520,361,881,249,37,203,339.61,0.9717,0.6207,0.257778,7,41,86,257.27,0.8624,0.1844,0.023028,4.215
700170,520,460,980,131,91,239,290.95,0.8628,0.5262,0.185394,2,8,42,265.84,0.9171,0.0641,0.003537,4.397
700174,520,349,869,244,47,221,333.80,0.9647,0.6276,0.264895,26,26,114,272.89,0.9187,0.1905,0.021732,4.390
700177,520,455,975,206,63,143,350.18,0.7731,0.5325,0.186620,9,10,22,279.07,0.3812,0.0595,0.003331,4.437
700189,520,439,959,241,11,106,7.56,0.9884,0.5547,0.199840,27,17,4,74.44,0.6134,0.0878,0.006427,4.428
700202,520,387,907,252,2,141,357.92,0.9984,0.5871,0.226655,13,12,102,269.55,0.9755,0.1474,0.013077,4.386
700211,520,466,986,158,68,237,304.14,0.8932,0.5232,0.175183,23,3,8,3.79,0.6675,0.0546,0.002648,4.277
700213,520,332,852,208,120,191,334.50,0.6199,0.6418,0.306059,34,52,37,149.06,0.3731,0.2030,0.029296,4.490
700232,520,452,972,226,32,92,11.23,0.9391,0.5278,0.179773,7,13,27,264.72,0.4690,0.0671,0.004121,4.246
700235,520,340,860,216,112,193,336.18,0.6938,0.6404,0.300393,39,50,28,130.14,0.4265,0.1986,0.027963,4.494
700241,520,469,989,193,50,188,329.57,0.8452,0.5210,0.172511,4,6,14,268.62,0.3829,0.0422,0.001878,4.289
700257,520,352,872,198,123,152,355.38,0.4658,0.6173,0.284400,0,54,6,144.33,1.0000,0.1868,0.026514,4.370
700274,520,440,960,213,74,129,359.51,0.7468,0.5525,0.206309,22,20,15,88.81,0.1537,0.0918,0.007054,4.492
700276,520,372,892,250,8,205,339.08,0.9961,0.6144,0.249087,1,19,115,264.38,0.9798,0.1692,0.017099,4.457
700293,520,409,929,213,2,239,322.14,0.9988,0.5699,0.204235,35,28,25,44.52,0.1406,0.1305,0.012580,4.063
700313,520,423,943,224,54,152,350.42,0.8555,0.5606,0.207552,18,18,64,276.66,0.7739,0.1150,0.009313,4.342
700320,520,454,974,201,42,192,330.74,0.8900,0.5311,0.178810,2,16,26,237.90,0.7253,0.0699,0.004580,4.192
700329,520,448,968,166,62,247,305.25,0.9489,0.5358,0.182683,6,19,19,195.54,0.4403,0.0774,0.005515,4.191
700346,520,465,985,183,19,236,314.58,0.9809,0.5219,0.165903,4,8,9,211.36,0.2362,0.0452,0.002192,4.137
700352,520,448,968,215,75,65,27.70,0.8304,0.5408,0.198633,13,18,21,234.45,0.1599,0.0805,0.005723,4.462
700363,520,452,972,230,22,82,14.41,0.9705,0.5290,0.180090,5,11,33,267.44,0.6774,0.0651,0.003814,4.276
700381,520,412,932,218,4,225,326.64,0.9969,0.5685,0.204307,41,4,61,309.86,0.8755,0.1185,0.008952,4.314
700384,520,364,884,247,45,189,343.25,0.9519,0.6140,0.253282,47,22,81,298.83,0.7307,0.1694,0.017723,4.478
700397,520,401,921,233,61,145,355.58,0.8585,0.5807,0.227083,11,32,62,257.69,0.6915,0.1417,0.014519,4.295
700403,520,326,846,250,97,152,1.06,0.9161,0.6547,0.311435,23,58,29,147.47,0.7966,0.2130,0.032969,4.356
700407,520,313,833,214,115,230,321.89,0.8261,0.6618,0.322723,21,57,52,183.20,0.6005,0.2161,0.033335,4.473
700417,520,395,915,195,64,255,312.42,1.0000,0.5855,0.224901,41,25,53,309.24,0.4802,0.1450,0.014237,4.279
700437,520,439,959,224,50,131,357.96,0.8632,0.5486,0.197698,38,9,6,29.56,0.7048,0.0899,0.006207,4.407
700444,520,304,824,250,93,193,344.83,0.9481,0.6658,0.320059,41,46,105,275.72,0.6441,0.2330,0.034452,4.382
700464,520,396,916,253,3,118,5.35,0.9977,0.5815,0.222595,20,26,69,272.85,0.7008,0.1381,0.013171,4.315
700465,520,209,729,237,166,160,24.55,0.6410,0.7576,0.478169,70,76,54,120.42,0.2737,0.3130,0.067373,4.500
700478,520,383,903,254,11,163,351.70,0.9926,0.6016,0.239581,64,16,21,18.12,0.7144,0.1533,0.015149,4.445
700485,520,458,978,227,42,53,24.59,0.9467,0.5286,0.182468,0,14,28,244.03,1.0000,0.0646,0.003979,4.307
700489,520,378,898,214,89,185,337.58,0.7515,0.5986,0.249456,18,32,84,267.84,0.7926,0.1646,0.018016,4.403
700492,520,468,988,153,58,254,299.94,0.9931,0.5206,0.169545,0,0,34,264.05,1.0000,0.0366,0.001155,4.292
700497,520,403,923,247,46,87,16.69,0.9506,0.5781,0.224197,2,35,44,219.85,0.8927,0.1343,0.013967,4.287
700502,520,444,964,241,5,65,19.74,0.9964,0.5443,0.191944,17,15,19,307.90,0.1227,0.0760,0.005078,4.393
700520,520,401,921,250,20,113,6.95,0.9821,0.5777,0.220201,37,29,24,53.77,0.1810,0.1352,0.013380,4.263
700534,520,458,978,201,77,101,11.60,0.7011,0.5261,0.186668,0,7,39,262.09,1.0000,0.0578,0.002984,4.467
700546,520,469,989,180,59,209,319.08,0.8453,0.5228,0.174358,1,5,25,263.69,0.8799,0.0430,0.001852,4.327
700547,520,425,945,226,67,113,7.69,0.8211,0.5627,0.213780,15,20,54,273.02,0.6686,0.1078,0.008682,4.495
700548,520,330,850,236,94,190,342.38,0.8422,0.6429,0.295585,75,33,36,17.10,0.5139,0.2071,0.027112,4.482
700549,520,289,809,225,117,231,325.35,0.8569,0.6807,0.345014,63,55,48,63.44,0.1346,0.2447,0.040026,4.388
700557,520,473,993,175,39,231,312.82,0.9393,0.5151,0.163355,2,2,21,274.45,0.8726,0.0334,0.001105,4.175
700563,520,465,985,230,10,45,23.99,0.9928,0.5190,0.172326,19,0,26,317.40,1.0000,0.0508,0.002130,4.265
700579,520,445,965,148,96,215,301.41,0.7229,0.5353,0.195682,3,16,38,257.85,0.7647,0.0782,0.005299,4.443
700596,520,411,931,207,18,243,319.60,0.9884,0.5664,0.201708,29,16,58,293.19,0.6920,0.1163,0.009373,4.239
700597,520,393,913,239,55,161,350.72,0.8990,0.5932,0.236593,57,18,26,10.22,0.6038,0.1442,0.013772,4.494
700609,520,451,971,152,83,237,300.38,0.8634,0.5358,0.189766,18,14,4,90.86,0.5028,0.0702,0.004514,4.398
700626,520,311,831,221,107,229,324.92,0.8547,0.6587,0.315464,30,54,72,242.29,0.4385,0.2219,0.033821,4.360
700628,520,387,907,252,2,149,355.44,0.9984,0.5902,0.229124,12,3,108,268.99,0.9952,0.1457,0.012259,4.483
700630,520,449,969,213,33,176,338.80,0.9176,0.5374,0.183707,20,15,2,92.19,0.7253,0.0742,0.004948,4.253
700633,520,258,778,255,114,207,342.67,1.0000,0.7082,0.378025,61,65,26,114.23,0.6048,0.2654,0.048473,4.347
700647,520,342,862,233,54,241,326.19,0.9616,0.6263,0.263152,20,2,136,269.77,0.9979,0.1906,0.019695,4.493
700661,520,431,951,246,20,12,29.28,0.9917,0.5538,0.201233,12,25,28,213.92,0.3412,0.1016,0.008572,4.289
700700,520,442,962,237,30,10,30.14,0.9915,0.5388,0.189582,12,4,55,279.09,0.9359,0.0774,0.004408,4.403
700712,520,393,913,235,67,137,359.68,0.8468,0.5873,0.234855,48,26,1,66.66,0.9242,0.1390,0.013694,4.472
700734,520,447,967,193,2,241,316.46,0.9985,0.5381,0.177331,2,20,32,238.22,0.7776,0.0837,0.006175,4.047
700743,520,472,992,193,38,201,325.89,0.9076,0.5205,0.169423,1,4,5,213.96,0.4850,0.0298,0.001042,4.299
700745,520,433,953,241,29,39,26.64,0.9805,0.5485,0.197294,19,24,27,234.29,0.1323,0.1037,0.008708,4.212
700751,520,464,984,199,80,52,34.59,0.8010,0.5167,0.181293,21,4,11,353.72,0.5758,0.0549,0.002704,4.388
700753,520,433,953,140,91,254,292.03,0.9872,0.5486,0.202133,41,8,33,338.59,0.6794,0.1034,0.007550,4.381
700765,520,450,970,220,57,93,13.16,0.8504,0.5352,0.189348,27,6,12,3.32,0.5669,0.0681,0.003898,4.441
700814,520,324,844,230,75,255,321.74,1.0000,0.6489,0.290772,49,41,85,289.58,0.5183,0.2128,0.028947,4.316
700815,520,397,917,253,37,42,27.05,0.9918,0.5781,0.223767,47,12,58,316.97,0.7390,0.1353,0.011728,4.435
700820,520,420,940,243,8,104,8.43,0.9921,0.5577,0.202312,36,9,46,315.56,0.7171,0.1050,0.007677,4.375
700830,520,377,897,230,64,188,340.07,0.8779,0.5978,0.241232,49,33,21,57.66,0.3783,0.1608,0.017949,4.286
700833,520,460,980,202,14,207,327.00,0.9792,0.5296,0.173774,21,2,23,324.43,0.7656,0.0560,0.002647,4.250
700837,520,447,967,179,64,223,314.83,0.8639,0.5370,0.185792,18,7,48,288.68,0.8011,0.0808,0.004940,4.292
700838,520,359,879,255,7,202,340.92,1.0000,0.6219,0.256797,83,0,18,18.21,1.0000,0.1776,0.018830,4.457
700843,520,333,853,251,17,241,330.56,0.9953,0.6399,0.272641,6,26,125,265.35,0.9691,0.1951,0.022580,4.445
700844,520,439,959,191,26,252,313.23,0.9862,0.5509,0.188447,30,8,39,314.80,0.6855,0.0897,0.005962,4.261
700857,520,413,933,226,67,132,359.88,0.8152,0.5689,0.218516,13,31,19,153.53,0.5511,0.1168,0.011125,4.393
700869,520,458,978,225,14,139,353.44,0.9724,0.5345,0.181884,2,13,11,183.09,0.6575,0.0559,0.003249,4.355
700870,520,478,998,197,69,105,6.72,0.7199,0.5091,0.171484,5,1,3,344.91,0.5356,0.0240,0.000606,4.377
700875,520,468,988,205,15,177,336.25,0.9635,0.5155,0.164971,12,3,11,330.51,0.5247,0.0414,0.001675,4.160
700883,520,442,962,209,84,22,42.07,0.9324,0.5382,0.199561,25,15,4,70.72,0.5744,0.0807,0.005571,4.491
700931,520,469,989,202,68,114,3.06,0.7369,0.5199,0.179077,8,6,11,304.74,0.2352,0.0449,0.002060,4.400
700938,520,357,877,250,71,142,1.08,0.9420,0.6206,0.267868,52,31,70,307.27,0.5384,0.1837,0.021523,4.444
700952,520,447,967,237,30,49,24.65,0.9751,0.5416,0.191581,1,21,13,166.31,0.9390,0.0776,0.005718,4.336
700954,520,375,895,213,102,159,350.07,0.6486,0.6045,0.261540,27,43,3,129.00,0.9424,0.1619,0.019673,4.471
700973,520,459,979,226,2,117,1.01,0.9961,0.5252,0.174993,18,7,11,355.69,0.3521,0.0574,0.003047,4.241
700981,520,386,906,232,71,147,355.64,0.8268,0.5898,0.237716,53,13,66,316.52,0.7612,0.1526,0.014382,4.469
700989,520,431,951,203,59,193,330.98,0.8406,0.5495,0.196765,41,11,27,349.85,0.5969,0.1048,0.007900,4.262
700998,520,411,931,244,8,143,355.89,0.9916,0.5729,0.213932,18,10,80,275.99,0.9385,0.1198,0.009248,4.455
700999,520,426,946,232,24,158,348.90,0.9599,0.5600,0.202806,21,28,14,130.08,0.4080,0.1124,0.010216,4.198
701003,520,345,865,240,98,110,18.00,0.8387,0.6268,0.283893,18,53,26,148.70,0.8391,0.1931,0.027493,4.309
701014,520,357,877,246,9,233,331.30,0.9969,0.6243,0.256744,50,27,75,303.35,0.6307,0.1770,0.019700,4.401
701018,520,470,990,212,43,142,350.55,0.8573,0.5247,0.176801,4,1,28,280.47,0.9425,0.0382,0.001314,4.420
701019,520,472,992,231,11,69,17.99,0.9893,0.5250,0.176610,8,1,1,23.39,0.6912,0.0269,0.000755,4.465
701027,520,355,875,209,87,244,317.91,0.9298,0.6234,0.269048,47,42,9,100.61,0.7355,0.1801,0.022800,4.383
701028,520,431,951,245,13,66,20.06,0.9917,0.5547,0.200972,44,7,2,33.95,0.8994,0.0970,0.006919,4.409
701048,520,462,982,234,14,74,16.93,0.9864,0.5331,0.183041,8,6,28,283.67,0.6563,0.0538,0.002657,4.426
701050,520,475,995,171,85,166,329.52,0.6195,0.5161,0.179091,3,2,16,282.98,0.7313,0.0314,0.001002,4.492
701065,520,452,972,201,77,109,7.48,0.6954,0.5285,0.188313,20,14,3,85.28,0.6049,0.0722,0.004694,4.357
701082,520,387,907,240,51,158,351.72,0.9099,0.5906,0.233646,39,18,82,291.95,0.7930,0.1540,0.014731,4.382
701089,520,440,960,223,52,137,355.64,0.8541,0.5507,0.199527,20,21,2,111.93,0.8050,0.0893,0.006894,4.386
701098,520,476,996,211,36,113,1.05,0.8830,0.5062,0.163052,4,1,5,320.09,0.5789,0.0237,0.000585,4.212
701104,520,437,957,204,7,231,321.63,0.9941,0.5494,0.187606,27,20,3,88.83,0.7233,0.0948,0.007399,4.140
701109,520,285,805,253,83,246,329.63,0.9924,0.6872,0.337258,85,35,82,329.79,0.6084,0.2494,0.037428,4.429
701148,520,465,985,218,2,148,348.63,0.9950,0.5218,0.170895,9,8,9,325.74,0.0551,0.0498,0.002515,4.206
701152,520,222,742,239,149,213,338.33,0.8118,0.7456,0.446516,88,65,48,57.64,0.3250,0.3032,0.060689,4.486
701185,520,468,988,213,2,155,345.12,0.9945,0.5153,0.165584,1,2,30,267.83,0.9634,0.0393,0.001436,4.191
701202,520,428,948,247,7,68,19.50,0.9957,0.5580,0.203470,16,20,38,273.10,0.4216,0.0968,0.007504,4.408
701210,520,470,990,193,54,175,333.79,0.8103,0.5166,0.170726,2,6,18,260.92,0.6237,0.0422,0.001868,4.256
701233,520,378,898,238,19,209,335.41,0.9865,0.5971,0.232492,18,40,43,206.94,0.4368,0.1568,0.018205,4.142
701247,520,298,818,229,103,232,326.65,0.8897,0.6663,0.321867,40,57,61,213.82,0.2295,0.2322,0.037142,4.267
701272,520,440,960,228,42,131,358.14,0.8993,0.5504,0.197914,36,13,0,54.39,1.0000,0.0919,0.006630,4.378
701280,520,252,772,250,125,213,339.86,0.9497,0.7199,0.397979,15,71,73,198.56,0.8002,0.2683,0.050888,4.440
701282,520,312,832,254,43,245,330.26,0.9965,0.6575,0.293942,74,18,98,313.17,0.8088,0.2199,0.027705,4.426
701310,520,413,933,211,44,219,326.05,0.9354,0.5677,0.207666,3,30,46,238.38,0.8077,0.1210,0.011451,4.193
701334,520,422,942,232,67,8,35.95,0.9898,0.5585,0.211906,6,29,17,158.18,0.7694,0.1061,0.009579,4.396
701341,520,291,811,198,140,220,316.40,0.6415,0.6807,0.359301,3,69,18,145.89,0.9937,0.2421,0.043191,4.392
701353,520,338,858,219,113,168,349.25,0.6530,0.6354,0.296994,4,53,52,192.73,0.9126,0.1969,0.028198,4.437
701371,520,432,952,226,16,176,341.80,0.9757,0.5549,0.196765,22,24,19,125.07,0.1353,0.1035,0.008709,4.203
701373,520,374,894,245,10,198,339.85,0.9937,0.6015,0.237099,6,13,114,266.22,0.9852,0.1621,0.015413,4.389
701376,520,340,860,253,91,88,24.92,0.9806,0.6353,0.290728,48,45,52,304.96,0.1067,0.2017,0.027531,4.395
701391,520,328,848,254,104,23,42.80,0.9927,0.6483,0.310367,34,50,66,249.05,0.3299,0.2096,0.030146,4.496
701400,520,247,767,236,153,125,39.40,0.6898,0.7209,0.420981,2,81,11,143.78,0.9976,0.2834,0.059217,4.312
701407,520,22,542,245,251,231,120.50,0.7510,0.9746,0.941763,2,134,4,142.61,0.9992,0.4641,0.170711,4.493
701414,520,455,975,218,57,93,12.91,0.8442,0.5313,0.186245,5,9,24,268.16,0.5346,0.0552,0.002936,4.463
701443,520,419,939,242,47,51,26.19,0.9563,0.5628,0.211526,39,6,56,311.03,0.8178,0.1135,0.008472,4.473
701462,520,383,903,251,10,178,346.68,0.9934,0.6025,0.239441,33,37,28,127.11,0.1908,0.1539,0.017303,4.301
701467,520,342,862,222,81,231,325.32,0.8991,0.6272,0.271860,34,31,98,278.51,0.7719,0.1880,0.022018,4.469
701475,520,342,862,236,50,242,326.73,0.9684,0.6292,0.265274,44,9,120,284.71,0.9592,0.1938,0.020869,4.449
701499,520,338,858,240,51,241,327.92,0.9695,0.6359,0.272464,49,42,64,298.59,0.3046,0.2012,0.026791,4.199
701506,520,480,1000,214,41,103,6.06,0.8779,0.5124,0.168637,0,0,0,0.00,0.0000,0.0000,0.000000,4.373
701521,520,338,858,203,130,151,1.17,0.4586,0.6375,0.308975,0,58,7,144.37,1.0000,0.2012,0.030413,4.464
701528,520,470,990,182,62,195,323.68,0.8051,0.5194,0.173317,4,8,5,153.48,0.3073,0.0438,0.002104,4.286
701541,520,407,927,230,16,187,339.53,0.9811,0.5686,0.207841,19,33,19,144.41,0.4628,0.1270,0.012732,4.110
701543,520,453,973,231,11,104,6.66,0.9841,0.5334,0.182307,22,1,45,300.44,0.9460,0.0721,0.003818,4.317
701558,520,452,972,217,0,162,343.82,1.0000,0.5264,0.173628,13,1,55,281.52,0.9812,0.0729,0.003831,4.154
701588,520,453,973,190,76,167,336.25,0.7077,0.5328,0.189075,11,9,41,279.98,0.7369,0.0720,0.004266,4.406
701591,520,475,995,179,46,217,317.18,0.9009,0.5152,0.165486,10,1,4,354.00,0.6756,0.0308,0.000950,4.229
701603,520,399,919,237,34,165,348.05,0.9466,0.5774,0.218682,40,32,5,92.66,0.7660,0.1430,0.014951,4.137
701611,520,384,904,237,76,113,10.96,0.8485,0.5932,0.243686,24,38,20,138.88,0.4910,0.1465,0.016309,4.429
701624,520,408,928,225,9,211,331.82,0.9922,0.5724,0.209085,9,16,82,268.70,0.9447,0.1254,0.010378,4.291
701625,520,359,879,217,98,184,339.41,0.7256,0.6157,0.269497,20,38,86,265.51,0.7341,0.1821,0.022067,4.433
701635,520,326,846,241,118,44,47.37,0.9183,0.6501,0.318423,12,58,36,158.13,0.8897,0.2102,0.032315,4.476
701642,520,293,813,208,127,238,316.34,0.8314,0.6786,0.347628,43,59,59,196.21,0.1997,0.2397,0.039572,4.439
701647,520,382,902,231,64,193,338.74,0.8871,0.6022,0.245085,5,40,60,238.92,0.8053,0.1606,0.018760,4.292
701655,520,385,905,235,15,202,336.55,0.9878,0.5863,0.222709,22,37,31,167.54,0.3197,0.1453,0.015926,4.137
701661,520,418,938,213,69,151,349.30,0.7749,0.5553,0.206389,31,25,21,55.66,0.1528,0.1166,0.010407,4.244
701681,520,467,987,228,15,53,22.25,0.9871,0.5170,0.170957,1,8,2,148.49,0.9061,0.0398,0.001845,4.262
701707,520,440,960,227,50,116,4.29,0.8754,0.5492,0.198758,17,16,40,282.74,0.5281,0.0898,0.006429,4.408
701726,520,354,874,241,93,84,26.70,0.8915,0.6159,0.271726,7,49,42,179.06,0.8524,0.1804,0.024089,4.342
701733,520,432,952,238,46,18,31.23,0.9827,0.5513,0.201781,10,19,52,268.38,0.7248,0.1006,0.007782,4.357
701750,520,412,932,222,60,161,347.06,0.8372,0.5664,0.213370,52,13,18,16.05,0.6729,0.1246,0.010617,4.345
701754,520,351,871,246,69,188,344.15,0.9300,0.6305,0.274829,21,30,113,269.81,0.9165,0.1933,0.022801,4.462
701759,520,409,929,233,55,137,358.00,0.8743,0.5722,0.218650,31,13,75,288.62,0.8349,0.1303,0.010871,4.413
701769,520,75,595,205,235,236,199.08,0.4123,0.9053,0.784511,27,120,13,141.52,0.9907,0.4217,0.136945,4.464
701784,520,470,990,190,55,185,329.55,0.8187,0.5186,0.171838,8,4,16,300.63,0.5194,0.0421,0.001759,4.286
701801,520,446,966,213,51,164,343.22,0.8459,0.5435,0.191963,3,21,16,173.80,0.7452,0.0799,0.005931,4.326
701824,520,390,910,217,83,181,339.70,0.7741,0.5934,0.242765,14,41,29,162.34,0.6441,0.1522,0.017679,4.326
701825,520,476,996,218,9,113,1.07,0.9792,0.5088,0.162957,0,2,2,194.77,1.0000,0.0198,0.000478,4.219
701833,520,332,852,239,88,196,340.71,0.8786,0.6431,0.293183,47,49,21,112.40,0.5324,0.2022,0.028551,4.369
701846,520,358,878,226,93,170,347.41,0.7574,0.6164,0.269020,31,47,34,149.80,0.3499,0.1841,0.024398,4.288
701878,520,247,767,175,167,225,290.59,0.5325,0.7159,0.421875,2,76,78,197.88,0.9763,0.2838,0.057316,4.397
701892,520,476,996,225,15,60,20.20,0.9846,0.5117,0.166783,6,1,2,3.56,0.5657,0.0248,0.000648,4.280
701905,520,449,969,181,67,222,315.57,0.8548,0.5426,0.191131,0,14,42,257.72,1.0000,0.0746,0.004812,4.399
701934,520,470,990,230,30,0,30.89,1.0000,0.5236,0.177546,11,3,19,307.71,0.6524,0.0441,0.001833,4.390
701946,520,444,964,211,58,144,350.61,0.8034,0.5368,0.188908,4,9,54,268.24,0.9336,0.0792,0.004875,4.354
701964,520,407,927,247,48,45,27.63,0.9676,0.5731,0.220810,47,22,22,20.59,0.4327,0.1328,0.012362,4.343
701966,520,449,969,223,50,114,4.35,0.8648,0.5407,0.191867,26,0,44,307.48,1.0000,0.0746,0.004015,4.478
701968,520,454,974,218,47,104,7.05,0.8668,0.5253,0.179405,20,8,22,321.76,0.4673,0.0664,0.003803,4.264
701982,520,285,805,245,136,53,53.56,0.9084,0.6896,0.372806,25,67,63,186.81,0.6130,0.2547,0.045797,4.414
701991,520,424,944,247,4,91,12.93,0.9969,0.5619,0.206199,44,9,30,347.00,0.6669,0.1086,0.008247,4.399
701995,520,372,892,238,33,216,333.64,0.9740,0.6065,0.242255,61,30,29,22.62,0.4441,0.1748,0.020095,4.169
701999,520,395,915,236,57,172,346.46,0.8937,0.5943,0.237405,5,38,33,180.93,0.8263,0.1399,0.015282,4.402
702004,520,408,928,235,54,109,8.70,0.8903,0.5660,0.214076,15,27,59,266.10,0.6397,0.1285,0.012011,4.259
702024,520,479,999,165,17,254,305.49,0.9955,0.5101,0.155567,0,0,7,264.05,1.0000,0.0135,0.000153,4.099
702030,520,480,1000,221,22,61,20.02,0.9721,0.5058,0.162857,0,0,0,0.00,0.0000,0.0000,0.000000,4.257
702039,520,351,871,176,114,251,302.27,0.9290,0.6252,0.282302,18,52,23,146.60,0.8599,0.1891,0.026464,4.346
702041,520,410,930,244,54,12,32.69,0.9900,0.5697,0.219014,42,16,52,315.58,0.6402,0.1288,0.011108,4.402
702048,520,423,943,203,76,182,334.80,0.7639,0.5621,0.212445,42,11,37,334.36,0.6399,0.1115,0.008652,4.475
702050,520,386,906,250,36,134,0.85,0.9600,0.5911,0.233105,25,39,27,148.40,0.3621,0.1523,0.017368,4.202
702060,520,457,977,226,23,121,0.24,0.9523,0.5324,0.181648,18,0,36,303.51,1.0000,0.0572,0.002560,4.407
702072,520,421,941,252,11,18,28.46,0.9961,0.5644,0.209822,7,32,3,140.20,0.9667,0.1133,0.010847,4.270
702083,520,326,846,234,75,242,325.89,0.9500,0.6466,0.289377,95,6,31,13.36,0.9213,0.2132,0.026625,4.429
702086,520,355,875,240,40,225,331.85,0.9717,0.6190,0.254818,56,35,29,36.63,0.3285,0.1781,0.021316,4.274
702093,520,459,979,211,33,165,341.82,0.9048,0.5276,0.176554,4,5,42,271.44,0.9225,0.0598,0.003015,4.273
702106,520,439,959,213,73,111,7.61,0.7550,0.5452,0.200612,18,12,51,284.08,0.7385,0.0918,0.006305,4.451
702115,520,397,917,224,51,199,334.93,0.9115,0.5823,0.223408,42,20,52,314.25,0.5680,0.1358,0.012405,4.381
702128,520,386,906,238,53,154,352.78,0.8981,0.5867,0.230594,38,27,58,298.52,0.4914,0.1489,0.015014,4.316
702131,520,392,912,227,64,188,339.29,0.8703,0.5926,0.236310,3,26,89,263.48,0.9600,0.1497,0.014793,4.419
702146,520,47,567,244,239,200,101.28,0.6585,0.9373,0.851366,45,125,18,139.64,0.9833,0.4442,0.152682,4.447
702154,520,303,823,230,104,242,324.10,0.9311,0.6750,0.331364,17,51,106,259.75,0.8121,0.2320,0.035272,4.472
702159,520,394,914,244,1,181,344.28,0.9992,0.5889,0.225942,2,13,100,265.01,0.9825,0.1409,0.012207,4.436
702162,520,375,895,173,99,249,303.65,0.9242,0.5954,0.246480,2,46,7,144.74,0.9919,0.1594,0.019822,4.246
702175,520,453,973,215,64,98,11.77,0.8054,0.5344,0.189981,24,5,24,327.57,0.6371,0.0668,0.003687,4.470
702176,520,472,992,180,53,214,318.00,0.8750,0.5206,0.171057,0,3,5,224.61,1.0000,0.0252,0.000761,4.355
702192,520,381,901,220,86,167,346.28,0.7514,0.5956,0.246634,0,47,22,154.22,1.0000,0.1648,0.020909,4.183
702199,520,364,884,255,20,176,348.20,1.0000,0.6116,0.248984,78,3,12,22.47,0.9659,0.1677,0.017117,4.455
702214,520,448,968,222,62,58,26.57,0.8932,0.5374,0.192830,25,16,1,82.94,0.8631,0.0823,0.005795,4.352
702216,520,418,938,247,18,9,29.36,0.9939,0.5552,0.202301,16,28,40,249.26,0.3777,0.1188,0.010938,4.140
702233,520,402,922,239,64,116,8.04,0.8758,0.5849,0.232815,10,37,13,145.65,0.8894,0.1330,0.014167,4.408
702238,520,370,890,247,58,165,351.28,0.9317,0.6121,0.255201,70,16,45,351.39,0.7058,0.1739,0.018623,4.447
702240,520,421,941,242,38,55,24.26,0.9665,0.5573,0.205427,6,13,75,267.87,0.9534,0.1106,0.008345,4.378
702267,520,432,952,246,8,55,22.58,0.9956,0.5541,0.200459,27,21,8,85.59,0.4557,0.0984,0.007869,4.328
702289,520,311,831,252,72,215,337.56,0.9816,0.6573,0.302395,51,53,32,112.80,0.3529,0.2206,0.033543,4.218
702297,520,404,924,219,58,199,333.68,0.8846,0.5794,0.222119,27,28,42,280.90,0.2695,0.1291,0.012307,4.367
702298,520,360,880,250,70,134,3.88,0.9432,0.6169,0.264289,57,29,52,333.87,0.4566,0.1757,0.019966,4.492
702301,520,457,977,199,82,92,17.74,0.6821,0.5275,0.189513,14,11,5,87.42,0.3221,0.0597,0.003437,4.482
702311,520,400,920,248,16,146,355.85,0.9850,0.5838,0.224058,36,30,40,311.74,0.1986,0.1429,0.014568,4.244
702315,520,374,894,225,30,239,324.94,0.9809,0.5978,0.231703,15,39,53,236.65,0.5505,0.1575,0.018096,4.137
702329,520,388,908,239,79,42,34.19,0.9348,0.5880,0.241130,8,41,36,181.18,0.7506,0.1521,0.017648,4.304
702336,520,445,965,238,29,27,28.41,0.9813,0.5412,0.191383,25,13,12,24.68,0.3033,0.0785,0.005211,4.372
702358,520,410,930,203,11,255,316.03,1.0000,0.5679,0.201574,61,3,20,10.27,0.8944,0.1311,0.011079,4.119
702371,520,390,910,232,31,201,336.19,0.9647,0.5858,0.223555,55,23,18,30.35,0.5540,0.1474,0.014688,4.229
702376,520,381,901,231,56,200,336.48,0.9141,0.5991,0.239900,25,37,60,262.63,0.4336,0.1624,0.018560,4.228
702390,520,362,882,243,20,215,335.01,0.9886,0.6101,0.244642,2,10,129,264.75,0.9929,0.1794,0.018148,4.324
702392,520,430,950,245,8,64,20.40,0.9950,0.5533,0.199598,6,25,27,204.37,0.5721,0.0976,0.008131,4.294
702398,520,479,999,162,70,213,310.97,0.8085,0.5118,0.168665,0,1,0,142.50,1.0000,0.0135,0.000217,4.354
702404,520,396,916,255,9,95,12.83,1.0000,0.5806,0.222854,58,1,58,328.32,0.9389,0.1422,0.012269,4.382
702405,520,338,858,249,79,175,349.80,0.9361,0.6400,0.288300,70,36,29,32.62,0.4731,0.2027,0.026527,4.421
702427,520,417,937,223,6,212,331.09,0.9946,0.5688,0.205741,5,3,92,267.01,0.9945,0.1190,0.008700,4.357
702430,520,266,786,233,124,245,323.52,0.9367,0.7104,0.383334,7,69,69,194.87,0.9054,0.2580,0.047309,4.453
702439,520,450,970,220,25,172,341.69,0.9483,0.5445,0.188919,21,5,31,310.57,0.6991,0.0670,0.003669,4.452
702453,520,344,864,206,128,111,33.03,0.5215,0.6259,0.297095,13,54,5,140.65,0.9806,0.1911,0.027348,4.487
702465,520,279,799,248,104,213,338.12,0.9456,0.6863,0.346639,59,61,1,111.83,0.9820,0.2487,0.042695,4.279
702470,520,373,893,244,19,203,338.34,0.9874,0.6046,0.240137,20,42,33,165.73,0.4703,0.1602,0.019144,4.196
702485,520,389,909,241,13,197,339.25,0.9905,0.5941,0.230228,4,13,106,265.73,0.9834,0.1500,0.013541,4.410
702491,520,430,950,207,7,225,323.84,0.9936,0.5499,0.188554,2,18,63,263.06,0.9471,0.1041,0.008043,4.110
702495,520,282,802,237,142,23,63.36,0.9618,0.6874,0.374148,3,72,21,146.50,0.9938,0.2531,0.047080,4.369
702501,520,396,916,205,48,242,318.75,0.9505,0.5773,0.215055,63,10,21,13.75,0.7846,0.1437,0.013282,4.188
702503,520,380,900,241,70,140,0.05,0.8729,0.6024,0.249776,30,39,43,226.67,0.1642,0.1626,0.019014,4.344
702540,520,437,957,168,75,247,304.87,0.9369,0.5535,0.200730,21,13,37,296.80,0.5424,0.0856,0.005809,4.493
702551,520,480,1000,215,49,50,26.06,0.9194,0.5094,0.168765,0,0,0,0.00,0.0000,0.0000,0.000000,4.375
702555,520,428,948,199,58,218,322.65,0.8877,0.5583,0.202317,13,27,19,158.15,0.4226,0.1047,0.009164,4.265
702563,520,316,836,253,57,235,332.39,0.9916,0.6582,0.298101,17,32,130,267.46,0.9480,0.2155,0.027637,4.484
702569,520,441,961,198,9,232,319.79,0.9921,0.5405,0.180289,8,23,28,221.60,0.4547,0.0936,0.007482,4.006
702573,520,407,927,210,52,223,324.63,0.9230,0.5746,0.214872,58,11,17,17.67,0.7602,0.1335,0.011795,4.286
702582,520,447,967,225,53,105,8.57,0.8667,0.5445,0.195764,25,15,16,12.25,0.2324,0.0839,0.005858,4.400
702584,520,359,879,228,43,252,322.59,0.9884,0.6186,0.252522,48,23,90,295.31,0.7621,0.1807,0.019794,4.335
702596,520,464,984,184,66,191,325.49,0.7851,0.5245,0.178497,5,8,9,216.83,0.1604,0.0462,0.002257,4.373
702628,520,439,959,185,91,163,336.94,0.6134,0.5455,0.204421,13,20,31,259.24,0.3358,0.0904,0.006848,4.475
702648,520,313,833,237,96,224,331.42,0.9065,0.6645,0.317544,19,62,10,140.59,0.9677,0.2217,0.036055,4.271
702652,520,428,948,178,88,208,316.91,0.7417,0.5563,0.209994,17,24,15,138.79,0.3049,0.0978,0.008069,4.477
702654,520,379,899,229,4,243,325.14,0.9983,0.6006,0.232183,47,26,53,318.48,0.4753,0.1553,0.016002,4.275
702656,520,245,765,233,133,250,321.63,0.9622,0.7277,0.410025,4,68,109,244.80,0.9258,0.2782,0.052639,4.482
702679,520,436,956,243,28,0,30.54,1.0000,0.5503,0.198887,31,16,2,65.88,0.7710,0.0907,0.006663,4.392
702684,520,458,978,232,26,55,22.69,0.9754,0.5300,0.181735,7,0,52,275.59,1.0000,0.0628,0.002931,4.378
702697,520,327,847,250,61,228,333.47,0.9771,0.6519,0.292659,61,36,77,310.81,0.5251,0.2110,0.027897,4.399
702702,520,433,953,170,68,250,305.50,0.9628,0.5503,0.195831,18,20,44,277.71,0.5023,0.1024,0.008107,4.231
702722,520,422,942,224,13,189,337.52,0.9830,0.5577,0.198118,20,23,49,276.35,0.5073,0.1147,0.009832,4.147
702727,520,321,841,207,103,253,314.09,0.9800,0.6482,0.300590,45,50,42,133.64,0.1390,0.2085,0.030062,4.379
702728,520,460,980,235,22,33,27.00,0.9858,0.5322,0.183490,12,11,5,101.05,0.3079,0.0578,0.003285,4.382
702729,520,429,949,191,37,248,313.82,0.9677,0.5530,0.191781,10,6,76,271.54,0.9731,0.1041,0.007165,4.229
702735,520,441,961,240,4,39,25.34,0.9978,0.5386,0.187620,22,16,33,299.34,0.4010,0.0902,0.006510,4.205
702743,520,466,986,231,1,19,27.81,0.9994,0.5169,0.170608,11,4,26,296.15,0.6958,0.0507,0.002326,4.216
702748,520,464,984,144,68,254,296.12,0.9920,0.5206,0.172194,16,3,19,320.85,0.6599,0.0496,0.002223,4.255
702767,520,308,828,255,110,103,25.37,1.0000,0.6685,0.333944,9,65,21,146.35,0.9753,0.2301,0.038927,4.318
702773,520,453,973,228,44,12,31.70,0.9867,0.5288,0.183248,5,1,55,271.68,0.9918,0.0667,0.003298,4.376
702775,520,431,951,147,101,218,299.35,0.7203,0.5453,0.205726,5,8,75,267.90,0.9738,0.1027,0.007139,4.476
702786,520,410,930,166,102,215,308.37,0.7090,0.5678,0.225166,14,33,36,208.67,0.4327,0.1299,0.013084,4.362
702788,520,462,982,191,16,228,318.74,0.9826,0.5273,0.170498,7,6,25,282.48,0.6109,0.0510,0.002456,4.203
702798,520,386,906,183,98,227,312.59,0.7944,0.5912,0.243496,6,34,64,253.05,0.7875,0.1466,0.015529,4.479
702807,520,445,965,219,67,74,22.39,0.8461,0.5399,0.195713,18,17,0,107.20,1.0000,0.0764,0.005295,4.444
702857,520,400,920,232,30,195,337.85,0.9632,0.5818,0.220272,57,20,3,44.21,0.8496,0.1427,0.013769,4.238
702867,520,410,930,248,37,86,16.21,0.9624,0.5743,0.219550,56,11,11,24.65,0.7928,0.1282,0.011044,4.416
702893,520,449,969,181,78,197,322.08,0.7510,0.5391,0.193049,23,11,3,59.94,0.5931,0.0694,0.004281,4.478
702903,520,472,992,224,13,102,6.27,0.9770,0.5187,0.170972,1,3,17,266.16,0.8235,0.0325,0.001120,4.323
702911,520,306,826,246,70,254,326.12,0.9964,0.6687,0.311315,2,56,88,242.33,0.9426,0.2271,0.035456,4.228
702915,520,345,865,244,85,164,353.29,0.8794,0.6336,0.284134,22,42,84,263.18,0.6662,0.1918,0.024665,4.475
702917,520,387,907,214,87,167,344.67,0.7271,0.5871,0.239046,30,20,85,282.05,0.8213,0.1506,0.014322,4.494
702924,520,368,888,211,98,188,335.83,0.7147,0.6084,0.262169,28,31,89,275.21,0.7493,0.1740,0.019480,4.493
702930,520,392,912,249,2,167,349.40,0.9984,0.5920,0.229766,45,21,68,304.55,0.6706,0.1538,0.015116,4.296
702953,520,389,909,226,73,163,348.26,0.8108,0.5880,0.235807,16,15,99,271.00,0.9597,0.1489,0.013526,4.499
702959,520,395,915,234,8,219,331.94,0.9952,0.5936,0.227832,21,32,52,261.77,0.4258,0.1406,0.014403,4.314
702962,520,317,837,249,83,216,336.78,0.9626,0.6639,0.312870,14,60,41,161.92,0.8516,0.2191,0.034850,4.277
702970,520,431,951,197,41,228,319.98,0.9415,0.5490,0.190591,4,11,73,266.89,0.9639,0.1039,0.007461,4.187
702988,520,423,943,234,43,114,5.53,0.9146,0.5570,0.204381,26,22,39,294.21,0.3491,0.1115,0.009399,4.283
702995,520,338,858,241,59,234,329.81,0.9575,0.6388,0.277719,24,52,41,166.24,0.5187,0.1974,0.028102,4.196
703005,520,429,949,207,73,158,345.14,0.7496,0.5528,0.205011,18,11,59,281.56,0.8249,0.0978,0.006837,4.487
703007,520,389,909,226,64,194,337.14,0.8766,0.5941,0.237330,38,17,81,291.74,0.8010,0.1503,0.014070,4.485
703009,520,311,831,235,86,243,325.71,0.9500,0.6605,0.307911,44,55,34,130.78,0.3722,0.2200,0.033833,4.269
703016,520,420,940,211,91,60,35.55,0.7894,0.5563,0.216595,7,30,19,160.29,0.7213,0.1104,0.010207,4.428
703024,520,421,941,234,57,58,25.84,0.9257,0.5560,0.207272,49,8,12,19.30,0.7688,0.1104,0.008533,4.395
703027,520,417,937,235,9,175,344.11,0.9897,0.5700,0.209556,40,20,19,23.20,0.3840,0.1167,0.009985,4.327
703031,520,464,984,198,38,193,329.61,0.9007,0.5238,0.172440,1,11,18,232.15,0.7674,0.0529,0.002895,4.205
703037,520,427,947,208,18,226,323.79,0.9831,0.5550,0.193354,30,3,62,297.35,0.9217,0.1023,0.006890,4.278
703052,520,471,991,217,18,136,352.82,0.9539,0.5184,0.169644,4,5,5,196.76,0.0694,0.0361,0.001453,4.269
703060,520,440,960,210,38,201,330.65,0.9261,0.5501,0.193069,32,12,23,347.26,0.4655,0.0903,0.006319,4.316
703067,520,469,989,231,8,31,26.53,0.9952,0.5193,0.172646,8,3,25,291.47,0.7483,0.0450,0.001869,4.292
703105,520,418,938,218,66,153,349.51,0.8006,0.5617,0.211041,31,25,39,303.86,0.2834,0.1242,0.011331,4.256
703113,520,455,975,209,15,183,335.51,0.9692,0.5266,0.173180,17,2,34,302.16,0.8523,0.0585,0.002781,4.228
703114,520,272,792,206,151,193,335.14,0.4616,0.7000,0.391063,37,69,43,148.80,0.5795,0.2608,0.048238,4.490
703129,520,373,893,230,6,238,326.49,0.9973,0.5991,0.231287,44,24,75,298.04,0.6744,0.1636,0.016968,4.200
703133,520,382,902,211,78,225,323.79,0.8735,0.6029,0.247356,64,17,47,344.87,0.6692,0.1647,0.016963,4.441
703152,520,451,971,188,30,247,313.37,0.9736,0.5437,0.183365,21,14,9,57.15,0.2642,0.0749,0.004932,4.248
703154,520,444,964,194,0,240,316.97,1.0000,0.5385,0.177620,2,23,5,147.18,0.9616,0.0822,0.006366,4.038
703158,520,301,821,254,54,253,328.39,0.9968,0.6690,0.308040,43,51,75,269.69,0.3263,0.2251,0.033892,4.268
703162,520,442,962,186,27,245,313.30,0.9758,0.5375,0.178167,33,6,2,35.36,0.8271,0.0751,0.004580,4.180
703165,520,471,991,215,61,61,25.26,0.8746,0.5231,0.181240,6,4,20,287.38,0.6172,0.0423,0.001761,4.467
703172,520,460,980,232,38,36,27.87,0.9660,0.5344,0.186725,22,7,2,47.63,0.6628,0.0599,0.003269,4.444
703195,520,440,960,194,65,210,323.10,0.8446,0.5519,0.199045,13,14,55,275.39,0.7929,0.0950,0.006754,4.388
703206,520,265,785,255,113,204,343.69,1.0000,0.7054,0.374328,24,56,123,262.71,0.8142,0.2629,0.044524,4.489
703218,520,466,986,192,51,195,327.13,0.8536,0.5248,0.175158,19,3,2,29.54,0.7067,0.0469,0.002080,4.323
703223,520,368,888,253,56,127,5.24,0.9795,0.6078,0.252468,20,46,27,150.90,0.6398,0.1712,0.021818,4.212
703225,520,249,769,222,141,232,322.96,0.7993,0.7180,0.404069,36,69,89,236.98,0.4827,0.2795,0.053524,4.386
703234,520,416,936,248,28,97,12.17,0.9725,0.5723,0.216536,57,2,17,11.29,0.9188,0.1202,0.009539,4.477
703249,520,331,851,242,64,230,331.05,0.9496,0.6420,0.282599,9,51,64,223.31,0.7815,0.1982,0.027958,4.266
703250,520,434,954,227,45,135,356.68,0.8874,0.5521,0.199597,23,22,9,104.56,0.4151,0.0966,0.007757,4.321
703254,520,388,908,243,70,93,17.93,0.9106,0.5928,0.242285,51,28,26,25.31,0.3675,0.1533,0.016090,4.423
703266,520,442,962,176,61,231,312.08,0.8884,0.5356,0.183380,16,18,10,119.47,0.2708,0.0795,0.005647,4.194
703267,520,467,987,217,60,24,33.70,0.9559,0.5219,0.180519,7,2,20,296.29,0.7529,0.0382,0.001391,4.486
703288,520,389,909,225,25,229,327.32,0.9819,0.5888,0.223623,35,1,98,285.80,0.9924,0.1484,0.012608,4.370
703289,520,464,984,213,17,151,346.66,0.9545,0.5171,0.167837,21,3,9,357.83,0.6380,0.0520,0.002443,4.154
703305,520,475,995,198,28,194,329.37,0.9337,0.5187,0.167331,12,1,4,358.26,0.7084,0.0331,0.001086,4.254
703324,520,410,930,249,46,2,32.06,0.9985,0.5734,0.221017,2,28,62,255.90,0.9097,0.1269,0.011911,4.377
703333,520,363,883,212,96,192,334.54,0.7356,0.6090,0.261704,19,46,16,141.75,0.8532,0.1681,0.021298,4.372
703334,520,467,987,151,65,248,299.83,0.9523,0.5202,0.171375,5,5,19,280.54,0.5502,0.0432,0.001878,4.267
703350,520,352,872,229,81,195,338.08,0.8432,0.6178,0.264854,61,9,100,303.95,0.9023,0.1930,0.021076,4.430
703356,520,384,904,221,5,246,322.55,0.9977,0.5893,0.221366,6,34,72,257.26,0.8375,0.1531,0.016506,4.080
703364,520,337,857,247,15,246,328.56,0.9960,0.6358,0.267725,76,16,71,331.62,0.7570,0.2003,0.023622,4.316
703365,520,470,990,179,62,199,321.46,0.8110,0.5173,0.171536,8,4,13,306.87,0.4445,0.0407,0.001675,4.287
703366,520,477,997,217,2,124,356.71,0.9948,0.5093,0.162529,0,1,11,262.64,1.0001,0.0210,0.000459,4.212
703367,520,443,963,224,29,154,348.55,0.9346,0.5448,0.190617,13,6,52,280.53,0.8831,0.0785,0.004637,4.404
703372,520,421,941,239,29,131,359.51,0.9551,0.5648,0.208713,21,21,52,280.19,0.5742,0.1132,0.009437,4.353
703377,520,385,905,253,3,155,353.81,0.9978,0.5948,0.233179,53,7,71,313.83,0.8449,0.1504,0.013639,4.450
703382,520,462,982,232,26,43,25.40,0.9788,0.5285,0.180721,21,2,19,331.74,0.7409,0.0539,0.002499,4.395
703392,520,448,968,234,10,111,4.73,0.9862,0.5415,0.188603,20,15,21,320.65,0.1940,0.0799,0.005445,4.303
703407,520,368,888,253,38,161,352.79,0.9829,0.6083,0.248456,51,24,76,304.94,0.6764,0.1738,0.018789,4.339
703418,520,400,920,221,96,20,45.18,0.9501,0.5782,0.237908,27,32,46,269.11,0.2726,0.1419,0.014633,4.455
703428,520,449,969,231,38,63,21.64,0.9518,0.5356,0.187371,20,4,42,298.03,0.8225,0.0724,0.004027,4.394
703440,520,425,945,232,57,90,15.68,0.8890,0.5579,0.208232,50,1,30,349.76,0.9023,0.1089,0.007937,4.457
703454,520,386,906,227,34,226,328.49,0.9711,0.5941,0.229683,20,11,100,273.52,0.9661,0.1478,0.013081,4.434
703465,520,445,965,232,45,75,18.99,0.9308,0.5447,0.195436,22,10,30,310.32,0.5254,0.0768,0.004814,4.478
703467,520,385,905,223,98,34,43.66,0.9081,0.5857,0.245413,17,38,46,224.87,0.4553,0.1517,0.017026,4.407
703469,520,429,949,185,70,215,318.58,0.8316,0.5470,0.196021,4,28,2,141.19,0.9764,0.0985,0.008607,4.198
703485,520,451,971,224,15,149,349.87,0.9702,0.5372,0.183615,12,14,16,248.16,0.0856,0.0680,0.004296,4.303
703499,520,161,681,231,192,164,57.49,0.4848,0.8076,0.573697,28,96,57,154.19,0.8919,0.3484,0.089077,4.485
703508,520,408,928,208,80,162,344.37,0.7294,0.5654,0.217578,29,23,60,287.36,0.5943,0.1316,0.012002,4.316
703530,520,320,840,201,131,180,338.55,0.5005,0.6480,0.319466,12,60,5,141.25,0.9856,0.2116,0.033207,4.440
703543,520,477,997,205,25,166,339.78,0.9245,0.5127,0.164296,0,2,3,218.80,1.0000,0.0204,0.000500,4.244
703552,520,465,985,148,64,249,298.71,0.9593,0.5161,0.168025,17,7,0,70.95,1.0000,0.0528,0.002711,4.136
703557,520,454,974,143,96,217,298.77,0.7323,0.5309,0.192153,0,21,1,144.00,1.0000,0.0738,0.005385,4.372
703566,520,456,976,212,45,159,344.47,0.8597,0.5343,0.183792,20,6,20,327.21,0.5266,0.0614,0.003295,4.387
703569,520,406,926,243,26,164,349.43,0.9692,0.5849,0.224770,16,34,24,158.45,0.4749,0.1295,0.013201,4.348
703573,520,433,953,198,78,178,334.70,0.7373,0.5544,0.206705,45,6,22,359.42,0.7357,0.1028,0.007462,4.467
703595,520,407,927,225,87,18,41.41,0.9642,0.5714,0.228702,10,31,44,238.46,0.5731,0.1261,0.012263,4.476
703606,520,432,952,163,85,230,305.72,0.8271,0.5471,0.199972,3,20,56,261.38,0.8931,0.1024,0.008051,4.306
703611,520,473,993,174,65,212,315.92,0.8291,0.5224,0.175337,9,0,11,323.52,1.0000,0.0297,0.000822,4.434
703615,520,408,928,223,23,211,331.33,0.9760,0.5725,0.210063,43,17,53,315.62,0.6310,0.1327,0.011716,4.214
703632,520,414,934,252,20,42,25.84,0.9908,0.5685,0.213667,25,29,5,117.66,0.7257,0.1173,0.010964,4.325
703633,520,364,884,200,106,206,325.04,0.7059,0.6144,0.270450,13,48,1,138.73,0.9945,0.1698,0.022016,4.450
703640,520,444,964,160,73,242,303.34,0.9092,0.5363,0.186500,22,17,7,84.57,0.3980,0.0824,0.005868,4.233
703648,520,453,973,236,1,32,26.25,0.9994,0.5287,0.179621,23,8,29,315.54,0.5760,0.0739,0.004445,4.217
703651,520,458,978,221,62,45,30.02,0.9116,0.5338,0.190095,26,5,13,357.30,0.5967,0.0649,0.003572,4.482
703667,520,418,938,225,57,137,356.53,0.8439,0.5589,0.207426,9,32,18,154.54,0.7200,0.1175,0.011347,4.196
703672,520,470,990,167,44,249,306.22,0.9688,0.5227,0.168571,1,5,17,258.38,0.7422,0.0381,0.001555,4.240
703706,520,437,957,178,87,200,319.47,0.7196,0.5497,0.204525,19,19,34,283.26,0.3458,0.0946,0.007197,4.450
703711,520,397,917,231,46,185,340.76,0.9210,0.5834,0.224484,30,15,82,284.48,0.8536,0.1396,0.012268,4.408
703722,520,475,995,162,41,255,303.61,1.0000,0.5190,0.164878,0,1,24,264.12,0.9833,0.0303,0.000876,4.224
703725,520,445,965,222,63,64,24.97,0.8819,0.5394,0.194574,18,16,9,94.10,0.2540,0.0762,0.005189,4.432
703739,520,399,919,247,38,124,3.80,0.9495,0.5829,0.226190,21,32,45,253.11,0.3367,0.1364,0.013819,4.328
703744,520,477,997,174,78,172,328.30,0.6769,0.5132,0.174271,0,1,14,263.36,1.0007,0.0229,0.000534,4.438
703749,520,446,966,208,71,119,2.52,0.7426,0.5362,0.192504,10,20,21,203.84,0.2835,0.0836,0.006190,4.316
703758,520,403,923,216,63,194,334.42,0.8564,0.5760,0.220511,40,26,16,56.33,0.3768,0.1295,0.012274,4.344
703789,520,478,998,187,6,218,320.11,0.9916,0.5100,0.157584,8,0,3,351.24,1.0000,0.0245,0.000582,4.104
703813,520,480,1000,222,8,97,7.55,0.9855,0.5118,0.165691,0,0,0,0.00,0.0000,0.0000,0.000000,4.314
703825,520,444,964,237,1,71,17.63,0.9991,0.5359,0.184844,18,7,46,289.89,0.7849,0.0790,0.004778,4.287
703863,520,417,937,232,61,118,5.74,0.8572,0.5693,0.218042,28,28,22,107.27,0.1419,0.1214,0.011353,4.369
703938,520,407,927,209,66,192,333.09,0.8287,0.5661,0.212594,52,15,12,27.46,0.6913,0.1263,0.010984,4.306
703956,520,321,841,237,111,127,14.18,0.7732,0.6462,0.309084,2,55,71,224.59,0.9485,0.2128,0.032000,4.379
703998,520,446,966,224,12,157,347.20,0.9776,0.5402,0.185472,32,4,36,322.67,0.7685,0.0842,0.005213,4.265
704007,520,349,869,240,104,80,31.93,0.8748,0.6297,0.290080,38,47,35,137.92,0.2436,0.1905,0.025664,4.495
704011,520,439,959,208,42,198,330.95,0.9086,0.5472,0.191450,38,11,5,35.65,0.6991,0.0929,0.006624,4.264
704016,520,433,953,227,25,151,350.11,0.9494,0.5475,0.192632,28,11,46,303.03,0.6821,0.0969,0.006835,4.269
704026,520,468,988,175,50,230,312.59,0.9124,0.5228,0.171093,3,2,31,274.43,0.9358,0.0423,0.001617,4.283
704027,520,340,860,241,55,234,329.82,0.9618,0.6358,0.273763,49,21,109,289.69,0.8522,0.1988,0.022934,4.439
704032,520,454,974,228,41,37,28.01,0.9586,0.5282,0.182164,2,19,10,160.64,0.8667,0.0717,0.005005,4.221
704080,520,456,976,219,30,142,351.56,0.9191,0.5301,0.179441,27,2,1,30.20,0.9126,0.0566,0.002787,4.347
704084,520,433,953,241,25,38,26.52,0.9844,0.5466,0.195394,6,17,62,266.82,0.8928,0.1034,0.007874,4.240
704087,520,466,986,185,70,166,334.73,0.7224,0.5161,0.174492,10,6,14,308.36,0.3384,0.0479,0.002265,4.295
704090,520,313,833,199,120,238,313.50,0.8266,0.6551,0.317491,45,53,51,178.81,0.1031,0.2206,0.033431,4.405
704099,520,150,670,253,192,161,48.13,0.8914,0.8319,0.611570,25,102,2,140.47,0.9979,0.3603,0.097134,4.496
704100,520,474,994,220,52,9,33.49,0.9871,0.5191,0.176940,13,0,0,29.23,1.0000,0.0296,0.000856,4.462
704115,520,259,779,201,152,225,314.25,0.6344,0.7106,0.403109,45,72,12,131.19,0.9230,0.2708,0.052191,4.434
704125,520,471,991,231,0,23,27.32,1.0000,0.5169,0.170539,14,1,13,330.30,0.7634,0.0394,0.001441,4.287
704126,520,431,951,218,79,25,38.71,0.9415,0.5475,0.205701,40,11,9,26.53,0.6465,0.0973,0.007103,4.478
704127,520,423,943,227,73,11,37.59,0.9831,0.5560,0.211229,46,12,14,19.71,0.6536,0.1108,0.008756,4.446
704136,520,386,906,211,71,223,324.52,0.8841,0.5938,0.236848,43,15,82,296.60,0.8159,0.1549,0.014644,4.437
704152,520,365,885,229,54,227,328.62,0.9455,0.6104,0.248447,73,10,27,10.86,0.8114,0.1666,0.017129,4.446
704169,520,368,888,234,28,240,326.89,0.9859,0.6131,0.246167,52,13,88,302.09,0.8438,0.1710,0.017225,4.406
704197,520,285,805,238,136,125,27.07,0.7540,0.6907,0.372685,43,66,4,128.99,0.9662,0.2492,0.044187,4.488
704199,520,80,600,253,209,248,329.89,0.9816,0.8951,0.732620,27,116,16,141.68,0.9871,0.4086,0.127607,4.406
704219,520,477,997,209,5,156,343.84,0.9853,0.5087,0.160664,0,1,13,263.17,1.0005,0.0222,0.000508,4.171
704245,520,378,898,248,41,149,355.80,0.9458,0.5955,0.237156,42,6,95,291.78,0.9414,0.1581,0.014487,4.453
704251,520,429,949,168,90,212,311.59,0.7391,0.5484,0.203913,7,4,79,269.31,0.9871,0.1034,0.006965,4.457
704258,520,387,907,253,14,136,359.89,0.9891,0.5896,0.229779,19,40,25,151.93,0.5472,0.1506,0.017262,4.160
704267,520,433,953,244,19,56,22.68,0.9879,0.5528,0.199878,45,4,33,342.17,0.7813,0.1049,0.007546,4.342
704284,520,330,850,223,95,215,330.07,0.8361,0.6367,0.287807,76,35,20,40.35,0.6310,0.2091,0.027893,4.337
704287,520,420,940,245,44,11,31.38,0.9915,0.5640,0.212415,34,9,58,302.69,0.7893,0.1120,0.008410,4.493
704288,520,431,951,217,20,201,332.49,0.9727,0.5542,0.194713,26,9,61,291.03,0.8239,0.1049,0.007519,4.254
704290,520,466,986,226,40,28,29.39,0.9635,0.5226,0.177731,9,7,23,287.58,0.5113,0.0537,0.002719,4.320
704298,520,355,875,244,39,217,334.80,0.9717,0.6207,0.256968,35,30,96,279.99,0.7634,0.1849,0.021303,4.305
704338,520,365,885,252,51,161,353.21,0.9722,0.6144,0.256397,58,27,40,354.60,0.4512,0.1676,0.018367,4.482
704345,520,380,900,231,68,191,339.49,0.8747,0.6049,0.248873,68,17,15,26.27,0.7768,0.1615,0.016645,4.485
704353,520,414,934,214,62,188,335.75,0.8446,0.5682,0.213743,44,4,52,320.33,0.8316,0.1157,0.008703,4.493
704356,520,397,917,201,79,219,322.32,0.8391,0.5849,0.231254,11,23,87,267.82,0.9179,0.1448,0.013720,4.414
704381,520,476,996,138,62,254,294.65,0.9931,0.5063,0.160044,5,0,0,29.23,1.0000,0.0182,0.000323,4.174
704386,520,387,907,236,29,190,340.19,0.9661,0.5859,0.224321,40,4,93,291.25,0.9588,0.1513,0.013283,4.335
704413,520,474,994,169,49,242,308.06,0.9365,0.5233,0.170432,3,0,22,282.98,1.0000,0.0294,0.000773,4.342
704432,520,428,948,219,62,145,352.53,0.8121,0.5559,0.205520,29,11,52,299.71,0.7288,0.1030,0.007485,4.445
704433,520,381,901,253,60,85,19.60,0.9851,0.6007,0.247739,2,46,30,163.37,0.9707,0.1643,0.020605,4.217
704436,520,419,939,220,10,198,334.04,0.9877,0.5551,0.195123,38,17,35,332.48,0.4720,0.1141,0.009344,4.131
704440,520,469,989,224,49,14,32.41,0.9822,0.5247,0.180784,0,4,24,260.82,1.0000,0.0387,0.001528,4.479
704446,520,449,969,219,37,161,345.26,0.9037,0.5429,0.189588,2,18,4,147.18,0.9396,0.0673,0.004543,4.393
704456,520,410,930,218,3,221,327.62,0.9975,0.5655,0.201932,48,7,53,323.16,0.7836,0.1271,0.010375,4.173
704457,520,475,995,163,54,238,306.69,0.9167,0.5157,0.165986,4,2,19,285.59,0.7674,0.0344,0.001162,4.222
704460,520,373,893,250,69,81,22.10,0.9641,0.6027,0.251778,24,38,60,259.15,0.4405,0.1645,0.019066,4.369
704464,520,436,956,221,70,97,14.24,0.8077,0.5523,0.206181,0,25,19,175.15,1.0000,0.0908,0.007422,4.461
704469,520,425,945,243,41,71,20.54,0.9566,0.5636,0.210989,11,30,13,146.21,0.7081,0.1110,0.010287,4.329
704481,520,438,958,204,11,231,321.61,0.9909,0.5502,0.188480,10,25,2,134.61,0.9384,0.0927,0.007642,4.137
704482,520,437,957,207,31,214,326.40,0.9539,0.5498,0.191023,9,23,28,223.03,0.4162,0.0942,0.007547,4.188
704486,520,404,924,215,54,213,328.62,0.9098,0.5778,0.218915,65,0,6,23.40,1.0000,0.1335,0.011372,4.382
704487,520,341,861,251,16,229,333.34,0.9946,0.6321,0.265401,66,29,67,326.37,0.5738,0.1986,0.024424,4.238
704489,520,468,988,172,87,155,335.29,0.5833,0.5152,0.179547,17,3,3,22.49,0.6139,0.0445,0.001909,4.422
704497,520,436,956,213,19,213,328.31,0.9780,0.5547,0.194180,36,1,37,327.11,0.8882,0.0865,0.005304,4.415
704519,520,318,838,251,72,215,337.33,0.9758,0.6557,0.300533,53,40,85,294.80,0.5269,0.2150,0.029303,4.420
704520,520,441,961,139,97,227,294.95,0.7791,0.5357,0.195844,10,11,60,273.03,0.8971,0.0928,0.006301,4.367
704545,520,374,894,235,19,218,332.42,0.9876,0.5972,0.231925,31,17,100,279.87,0.9068,0.1641,0.016122,4.264
704554,520,469,989,110,93,248,282.02,0.9402,0.5173,0.179206,5,4,15,287.04,0.5041,0.0386,0.001536,4.447
704562,520,410,930,145,101,248,293.16,0.9077,0.5657,0.221044,5,36,23,161.99,0.8731,0.1299,0.013558,4.264
704575,520,406,926,240,36,145,355.30,0.9418,0.5756,0.218345,22,32,28,168.44,0.2184,0.1292,0.012874,4.268
704591,520,340,860,254,2,242,330.99,0.9995,0.6432,0.275282,23,32,117,270.07,0.9110,0.2028,0.024994,4.337
704596,520,54,574,247,227,250,321.80,0.8300,0.9285,0.816149,6,122,60,151.61,0.9931,0.4304,0.142834,4.492
704599,520,470,990,175,17,253,308.65,0.9909,0.5240,0.166076,12,0,22,309.99,1.0000,0.0395,0.001361,4.207
704607,520,363,883,238,67,185,343.13,0.8879,0.6131,0.256970,53,33,23,47.32,0.3836,0.1672,0.019065,4.445
704620,520,421,941,241,27,119,3.85,0.9628,0.5638,0.208198,46,11,6,31.50,0.7679,0.1076,0.008334,4.426
704632,520,460,980,210,61,112,4.29,0.7898,0.5258,0.182112,13,11,22,291.87,0.3293,0.0649,0.003828,4.312
704640,520,433,953,208,22,217,325.98,0.9733,0.5498,0.189954,8,14,66,269.60,0.9154,0.1031,0.007590,4.167
704647,520,444,964,208,13,212,327.29,0.9844,0.5435,0.184532,6,3,59,271.63,0.9778,0.0758,0.004196,4.327
704690,520,407,927,208,71,192,332.83,0.8110,0.5699,0.217240,2,13,92,265.08,0.9786,0.1300,0.010734,4.400
704691,520,336,856,249,3,249,328.36,0.9993,0.6393,0.270474,61,24,92,305.36,0.7480,0.2018,0.024181,4.320
704715,520,422,942,243,35,42,26.67,0.9747,0.5561,0.204273,38,22,1,72.89,0.9064,0.1142,0.009881,4.246
704723,520,457,977,218,28,154,347.10,0.9276,0.5327,0.180715,19,10,5,54.53,0.3877,0.0630,0.003665,4.299
704726,520,389,909,249,37,145,357.10,0.9543,0.5936,0.235106,55,14,63,320.66,0.7375,0.1548,0.014853,4.396
704728,520,434,954,244,2,43,24.71,0.9990,0.5472,0.194544,35,18,14,33.96,0.3856,0.1035,0.008217,4.201
704732,520,394,914,254,16,130,2.02,0.9921,0.5900,0.230568,42,16,65,304.93,0.7240,0.1390,0.012445,4.493
704770,520,455,975,216,2,170,341.11,0.9957,0.5293,0.175470,19,6,24,316.24,0.5745,0.0623,0.003347,4.227
704794,520,475,995,216,17,153,346.71,0.9582,0.5240,0.173022,3,1,11,293.54,0.7498,0.0254,0.000652,4.403
704795,520,353,873,246,33,210,337.03,0.9767,0.6173,0.253367,69,24,19,28.77,0.6728,0.1752,0.019657,4.355
704798,520,369,889,216,72,240,321.56,0.9301,0.6141,0.255267,33,44,25,132.80,0.4144,0.1740,0.021949,4.243
704804,520,425,945,194,76,207,323.61,0.8036,0.5627,0.211446,21,28,18,136.43,0.2957,0.1134,0.010336,4.333
704822,520,443,963,209,60,162,343.28,0.8048,0.5436,0.193977,33,5,22,346.05,0.6820,0.0796,0.004899,4.444
704826,520,436,956,185,76,204,321.44,0.7826,0.5470,0.198440,37,7,13,11.09,0.6630,0.0866,0.005744,4.457
704827,520,421,941,193,98,134,357.49,0.5588,0.5570,0.217956,42,19,3,54.94,0.7701,0.1142,0.009646,4.492
704848,520,471,991,134,89,231,293.70,0.8218,0.5194,0.179826,2,6,21,263.56,0.6938,0.0439,0.001973,4.422
704860,520,451,971,232,18,102,7.77,0.9737,0.5368,0.185508,28,0,36,318.41,1.0000,0.0710,0.003743,4.382
704868,520,412,932,239,54,88,16.61,0.9153,0.5686,0.216968,29,24,36,303.52,0.2542,0.1180,0.010419,4.419
704870,520,448,968,199,36,211,324.93,0.9328,0.5366,0.181087,5,21,8,149.08,0.7668,0.0790,0.005861,4.137
704892,520,302,822,237,102,219,333.02,0.8930,0.6697,0.326241,63,46,65,322.90,0.2870,0.2288,0.033925,4.483
704902,520,336,856,193,118,233,312.71,0.7884,0.6410,0.301784,39,52,25,129.88,0.5244,0.2041,0.029575,4.421
704906,520,475,995,184,73,167,334.05,0.7087,0.5190,0.177468,0,5,7,214.81,1.0000,0.0324,0.001239,4.439
704908,520,416,936,173,83,246,306.03,0.9217,0.5697,0.217252,40,21,22,16.48,0.3488,0.1197,0.010454,4.421
704927,520,463,983,232,31,6,30.54,0.9942,0.5286,0.181520,10,9,14,294.39,0.1800,0.0546,0.002916,4.375
704943,520,469,989,210,48,135,353.10,0.8326,0.5218,0.175670,2,5,20,266.20,0.7021,0.0408,0.001719,4.363
704955,520,370,890,228,50,239,325.46,0.9608,0.6139,0.250094,60,29,33,12.55,0.4336,0.1723,0.019493,4.318
704964,520,421,941,205,74,182,335.38,0.7756,0.5629,0.212559,23,28,1,118.78,0.9366,0.1117,0.010149,4.365
704965,520,478,998,180,26,228,315.40,0.9643,0.5131,0.160447,5,0,9,314.44,1.0000,0.0236,0.000520,4.166
704966,520,425,945,241,27,113,5.88,0.9637,0.5619,0.206802,33,12,58,300.36,0.7481,0.1148,0.008918,4.359
704980,520,438,958,236,28,90,12.92,0.9625,0.5459,0.194047,6,23,9,148.44,0.7568,0.0858,0.006712,4.303
704983,520,340,860,251,7,249,328.79,0.9984,0.6434,0.275038,45,25,111,285.39,0.8401,0.2021,0.024008,4.392
704986,520,446,966,162,73,248,302.83,0.9449,0.5440,0.192243,19,11,41,291.76,0.6454,0.0827,0.005379,4.374
705003,520,445,965,173,75,222,312.27,0.8259,0.5407,0.191912,2,14,45,261.98,0.8974,0.0786,0.005164,4.385
705008,520,454,974,212,71,29,36.13,0.9280,0.5257,0.185946,18,11,13,359.77,0.1956,0.0662,0.003970,4.372
705024,520,452,972,228,44,68,20.71,0.9321,0.5345,0.187156,4,17,4,143.67,0.8479,0.0660,0.004355,4.363
705032,520,383,903,230,68,190,339.55,0.8707,0.6027,0.246775,44,32,13,77.42,0.5277,0.1496,0.015976,4.498
705036,520,464,984,183,90,103,12.79,0.5584,0.5168,0.183603,19,2,14,338.85,0.7040,0.0488,0.002136,4.481
705038,520,454,974,167,88,190,318.16,0.6685,0.5294,0.189134,1,17,26,231.71,0.8427,0.0717,0.004819,4.362
705048,520,463,983,224,40,86,13.87,0.9185,0.5272,0.180395,8,10,10,196.76,0.0695,0.0537,0.002906,4.355
705064,520,477,997,204,50,125,355.92,0.8103,0.5081,0.166013,0,0,13,264.05,1.0000,0.0181,0.000291,4.295
705067,520,435,955,221,68,80,20.54,0.8392,0.5461,0.200882,2,17,45,259.02,0.8737,0.0853,0.006032,4.477
705092,520,466,986,226,6,111,3.22,0.9891,0.5241,0.174495,6,4,37,277.52,0.8768,0.0548,0.002591,4.269
705093,520,477,997,184,36,210,320.83,0.9208,0.5106,0.161066,2,2,4,284.11,0.2654,0.0240,0.000651,4.167
705107,520,453,973,229,44,35,28.78,0.9560,0.5323,0.185837,33,2,3,23.56,0.8969,0.0678,0.003734,4.389
705126,520,381,901,217,70,212,329.33,0.8742,0.5954,0.238875,28,26,82,278.58,0.7495,0.1568,0.015948,4.380
705129,520,419,939,178,87,214,315.25,0.7657,0.5588,0.211373,45,13,21,7.20,0.5902,0.1126,0.009000,4.430
705132,520,387,907,235,41,185,341.61,0.9391,0.5875,0.227536,33,30,54,288.46,0.3943,0.1475,0.015182,4.258
705144,520,476,996,201,65,92,12.72,0.7621,0.5076,0.169728,2,0,15,284.68,1.0000,0.0229,0.000474,4.353
705161,520,463,983,146,73,254,296.30,0.9911,0.5293,0.180320,2,8,27,262.25,0.7680,0.0523,0.002657,4.374
705170,520,380,900,243,54,163,350.86,0.9125,0.6007,0.243405,33,16,98,282.01,0.8992,0.1623,0.015757,4.462
705171,520,274,794,228,130,213,332.90,0.7754,0.6971,0.372652,28,69,38,149.45,0.7764,0.2544,0.046429,4.383
705177,520,303,823,230,111,205,336.00,0.8075,0.6651,0.326018,54,57,2,113.03,0.9599,0.2313,0.037149,4.315
705189,520,377,897,213,53,255,317.87,1.0000,0.6034,0.239141,26,10,108,275.87,0.9683,0.1619,0.015193,4.435
705216,520,438,958,192,31,245,314.90,0.9720,0.5488,0.187803,11,25,9,141.27,0.6522,0.0949,0.007861,4.110
705232,520,377,897,245,81,5,38.43,0.9950,0.5999,0.253116,30,42,21,132.78,0.4880,0.1642,0.019861,4.339
705244,520,385,905,251,63,43,30.23,0.9813,0.5936,0.242422,14,38,44,216.31,0.5225,0.1490,0.016614,4.390
705252,520,329,849,218,106,224,325.49,0.8276,0.6501,0.305970,2,57,47,176.35,0.9720,0.2075,0.031442,4.371
705281,520,361,881,224,83,205,333.47,0.8441,0.6174,0.264438,34,46,14,126.83,0.6935,0.1789,0.023258,4.292
705289,520,439,959,247,8,34,26.47,0.9965,0.5541,0.200669,36,13,4,43.97,0.6886,0.0928,0.006717,4.420
705292,520,411,931,255,8,53,23.46,1.0000,0.5730,0.216946,49,17,9,35.25,0.6733,0.1236,0.010737,4.395
705321,520,473,993,207,45,145,348.29,0.8395,0.5181,0.171886,0,3,20,260.95,1.0000,0.0332,0.001156,4.337
705330,520,401,921,208,79,196,331.57,0.7941,0.5818,0.229892,18,17,88,273.17,0.9226,0.1393,0.012340,4.490
705332,520,338,858,250,101,12,43.21,0.9894,0.6365,0.296612,2,53,58,205.25,0.9499,0.1992,0.028645,4.407
705354,520,348,868,210,83,252,316.52,0.9791,0.6255,0.269179,58,26,79,309.52,0.6672,0.1896,0.022029,4.431
705359,520,443,963,185,60,216,318.78,0.8631,0.5367,0.185051,24,12,24,326.77,0.3868,0.0797,0.005231,4.256
705378,520,402,922,224,51,198,335.23,0.9102,0.5817,0.222945,8,7,97,268.04,0.9869,0.1325,0.010666,4.499
705386,520,404,924,225,9,229,327.39,0.9946,0.5846,0.218624,1,30,56,248.83,0.9264,0.1270,0.012205,4.318
705416,520,439,959,173,61,250,306.95,0.9669,0.5470,0.191246,3,20,39,251.27,0.7511,0.0888,0.006661,4.258
705430,520,247,767,152,171,247,272.74,0.8338,0.7164,0.425159,34,78,4,136.58,0.9885,0.2829,0.057974,4.401
705431,520,248,768,241,143,152,14.40,0.7357,0.7153,0.406150,19,75,57,167.50,0.8354,0.2761,0.054658,4.358
705434,520,388,908,210,79,204,329.60,0.8176,0.5896,0.236550,30,20,84,282.32,0.8155,0.1496,0.014164,4.466
705446,520,411,931,218,42,213,329.49,0.9398,0.5743,0.213676,42,6,61,310.44,0.8357,0.1226,0.009595,4.424
705455,520,326,846,253,26,242,330.75,0.9930,0.6466,0.280354,38,32,112,278.67,0.8205,0.2080,0.026149,4.338
705459,520,432,952,215,63,144,352.06,0.7971,0.5492,0.200180,15,7,67,277.31,0.9321,0.0980,0.006587,4.421
705465,520,360,880,234,96,118,13.29,0.7878,0.6157,0.271689,51,40,32,57.76,0.2165,0.1845,0.023257,4.391
705475,520,354,874,248,31,217,335.66,0.9820,0.6241,0.259493,49,23,85,298.46,0.7373,0.1773,0.019217,4.471
705485,520,381,901,237,85,100,18.21,0.8487,0.6011,0.254245,39,38,22,105.08,0.3434,0.1615,0.018755,4.425
705488,520,439,959,194,16,253,314.01,0.9912,0.5530,0.189331,4,19,40,255.78,0.7207,0.0876,0.006447,4.240
705489,520,422,942,237,59,62,25.22,0.9239,0.5644,0.214834,27,24,11,96.74,0.3940,0.1067,0.009105,4.481
705498,520,420,940,225,70,100,13.48,0.8192,0.5606,0.213106,16,26,34,243.12,0.3000,0.1100,0.009644,4.411
705524,520,339,859,216,105,205,331.23,0.7530,0.6353,0.291116,31,48,65,249.19,0.3640,0.2010,0.027868,4.381
705535,520,374,894,198,108,186,332.24,0.6246,0.6044,0.262774,37,40,17,115.18,0.5065,0.1640,0.019514,4.499
705549,520,410,930,238,53,120,5.01,0.8966,0.5743,0.220825,20,18,73,276.84,0.8309,0.1256,0.010623,4.467
705557,520,437,957,202,51,205,327.21,0.8857,0.5482,0.193337,32,13,27,337.71,0.4635,0.0938,0.006741,4.289
705577,520,410,930,238,45,113,6.72,0.9191,0.5660,0.212493,54,15,21,14.03,0.6436,0.1323,0.011802,4.247
705586,520,337,857,253,25,224,335.00,0.9910,0.6351,0.269630,90,7,6,28.22,0.9623,0.1981,0.023392,4.355
705590,520,362,882,236,15,241,327.19,0.9943,0.6133,0.245280,83,6,4,28.89,0.9640,0.1809,0.019783,4.231
705601,520,390,910,237,49,169,347.31,0.9136,0.5885,0.230686,45,10,85,298.05,0.8731,0.1549,0.014309,4.365
705602,520,342,862,248,49,218,335.52,0.9658,0.6341,0.272181,86,8,14,24.05,0.9342,0.1908,0.021842,4.485
705622,520,479,999,194,22,202,326.08,0.9558,0.5146,0.163090,0,0,4,264.05,1.0000,0.0106,0.000088,4.254
705623,520,298,818,254,98,163,357.52,0.9806,0.6666,0.324537,28,49,99,264.66,0.6728,0.2260,0.033442,4.489
705632,520,411,931,230,44,154,350.51,0.9026,0.5650,0.209602,3,33,10,148.51,0.9644,0.1158,0.011289,4.236
705645,520,469,989,229,9,40,24.93,0.9938,0.5160,0.170096,11,2,23,303.20,0.7758,0.0441,0.001764,4.252
705651,520,435,955,200,58,196,329.18,0.8444,0.5453,0.192927,9,16,42,269.18,0.6480,0.0852,0.005958,4.341
705657,520,426,946,224,2,203,333.66,0.9979,0.5640,0.202050,37,19,14,36.29,0.4064,0.1086,0.008908,4.279
705660,520,470,990,232,7,3,29.29,0.9973,0.5199,0.173175,7,4,13,301.52,0.4412,0.0397,0.001611,4.324
705661,520,368,888,253,68,108,13.35,0.9793,0.6132,0.261031,47,36,31,45.74,0.1906,0.1685,0.019651,4.466
705664,520,400,920,207,99,117,11.40,0.6168,0.5752,0.234753,15,30,59,262.24,0.6117,0.1362,0.013458,4.487
705670,520,393,913,200,75,233,318.46,0.8866,0.5881,0.231961,13,31,62,260.50,0.6659,0.1400,0.014133,4.397
705671,520,405,925,252,13,105,9.52,0.9905,0.5777,0.220069,0,36,25,168.24,1.0000,0.1281,0.013319,4.265
705685,520,340,860,223,77,249,321.19,0.9695,0.6361,0.278372,72,34,33,22.64,0.4862,0.2030,0.026318,4.303
705701,520,421,941,195,70,213,322.41,0.8388,0.5610,0.207879,44,16,4,44.31,0.7501,0.1119,0.009149,4.360
705705,520,367,887,240,76,159,353.33,0.8626,0.6143,0.262003,11,39,74,255.76,0.7490,0.1703,0.020165,4.447
705709,520,433,953,237,21,96,10.66,0.9739,0.5466,0.193886,22,21,32,288.45,0.2497,0.1012,0.008112,4.197
705711,520,361,881,249,18,212,337.10,0.9912,0.6187,0.253290,27,37,77,270.40,0.5939,0.1765,0.020919,4.277
705712,520,453,973,190,39,223,319.24,0.9351,0.5324,0.177273,17,15,16,345.73,0.0563,0.0749,0.004982,4.134
705714,520,346,866,231,115,43,48.16,0.8915,0.6286,0.294274,34,50,16,130.38,0.7183,0.1918,0.026587,4.495
705732,520,477,997,203,62,105,6.31,0.7689,0.5115,0.171637,5,0,7,320.34,1.0000,0.0225,0.000476,4.391
705735,520,426,946,235,5,154,350.50,0.9931,0.5590,0.201068,8,20,56,266.09,0.7923,0.1052,0.008374,4.301
705742,520,13,533,253,251,229,102.68,0.8476,0.9811,0.955344,24,135,4,141.56,0.9978,0.4703,0.175302,4.462
705743,520,420,940,233,53,108,8.65,0.8879,0.5609,0.209555,14,30,9,138.67,0.7416,0.1120,0.010416,4.296
705754,520,442,962,226,47,95,11.71,0.8955,0.5387,0.190308,7,18,27,243.87,0.4416,0.0791,0.005569,4.324
705761,520,340,860,246,10,250,327.47,0.9975,0.6359,0.267149,12,3,141,266.95,0.9978,0.1953,0.020662,4.488
705764,520,218,738,209,165,236,312.16,0.7028,0.7514,0.465224,0,86,6,143.21,1.0000,0.3001,0.066684,4.416
705773,520,402,922,246,53,69,22.74,0.9525,0.5781,0.225721,29,30,10,111.37,0.5441,0.1252,0.012117,4.439
705781,520,432,952,165,81,238,305.14,0.8750,0.5502,0.200578,26,9,54,295.13,0.7808,0.0982,0.006813,4.411
705792,520,430,950,208,73,148,349.64,0.7432,0.5500,0.203151,6,24,43,251.37,0.6610,0.1038,0.008664,4.315
705795,520,459,979,202,70,122,359.59,0.7272,0.5253,0.183440,27,1,9,1.45,0.8358,0.0570,0.002745,4.426
705811,520,390,910,207,91,178,338.20,0.7080,0.5868,0.239637,22,26,82,273.70,0.7964,0.1520,0.015185,4.443
705818,520,302,822,235,100,231,328.77,0.9073,0.6706,0.325483,78,43,39,27.21,0.4137,0.2338,0.034941,4.420
705823,520,468,988,229,12,59,20.64,0.9893,0.5192,0.172397,18,0,2,14.27,1.0000,0.0377,0.001330,4.333
705831,520,347,867,250,85,106,16.96,0.9438,0.6259,0.278649,17,51,40,169.10,0.6656,0.1901,0.026399,4.302
705832,520,219,739,253,146,188,355.73,0.9355,0.7493,0.450738,16,83,42,151.56,0.9525,0.2978,0.064636,4.368
705843,520,339,859,245,70,213,336.41,0.9436,0.6425,0.285997,36,54,5,128.22,0.9328,0.2049,0.030243,4.187
705849,520,425,945,208,22,225,324.00,0.9776,0.5556,0.194218,22,27,12,123.84,0.4339,0.1100,0.009810,4.083
705869,520,400,920,194,65,245,314.27,0.9426,0.5772,0.218437,44,21,45,325.60,0.4965,0.1362,0.012613,4.287
705889,520,465,985,206,52,131,354.10,0.8082,0.5162,0.172186,18,1,26,314.84,0.8561,0.0517,0.002249,4.252
705893,520,393,913,237,61,139,358.64,0.8702,0.5858,0.232091,24,20,81,277.91,0.8339,0.1410,0.012885,4.486
705913,520,396,916,220,63,197,334.60,0.8703,0.5845,0.228041,28,15,81,283.00,0.8579,0.1365,0.011826,4.497
705923,520,415,935,186,83,219,317.08,0.8054,0.5679,0.217412,21,24,46,276.32,0.4388,0.1159,0.010099,4.449
705925,520,478,998,193,50,175,333.75,0.8240,0.5129,0.167155,1,2,7,266.83,0.5685,0.0241,0.000652,4.287
705941,520,404,924,228,49,188,339.18,0.9109,0.5817,0.223240,15,26,62,267.79,0.6842,0.1285,0.011881,4.416
705963,520,432,952,143,101,228,295.66,0.7724,0.5481,0.207485,36,17,8,45.77,0.5313,0.1015,0.007935,4.444
705967,520,348,868,239,83,172,348.92,0.8549,0.6260,0.275186,60,34,43,357.78,0.3507,0.1867,0.022792,4.467
705968,520,474,994,220,54,26,32.02,0.9575,0.5218,0.179312,1,3,17,266.16,0.8235,0.0325,0.001120,4.486
705972,520,468,988,225,34,73,17.73,0.9455,0.5225,0.176355,3,6,1,130.56,0.7107,0.0362,0.001518,4.394
705991,520,425,945,189,45,252,312.14,0.9839,0.5584,0.197250,6,17,64,266.89,0.9016,0.1054,0.008097,4.256
706003,520,448,968,196,53,202,326.27,0.8660,0.5379,0.185478,22,17,6,86.83,0.4519,0.0822,0.005846,4.217
706018,520,442,962,218,11,180,338.65,0.9811,0.5407,0.184424,33,7,20,351.68,0.6116,0.0822,0.005258,4.242
706023,520,458,978,230,40,16,30.79,0.9830,0.5302,0.183810,18,6,15,336.41,0.4435,0.0568,0.002934,4.417
706042,520,469,989,232,0,27,26.83,1.0000,0.5193,0.172381,7,1,23,294.69,0.8740,0.0376,0.001287,4.336
706047,520,309,829,204,116,248,313.17,0.9208,0.6610,0.321065,32,51,81,259.22,0.4808,0.2203,0.032687,4.488
706059,520,442,962,231,37,93,12.00,0.9344,0.5412,0.191053,1,9,53,264.46,0.9532,0.0760,0.004588,4.416
706101,520,357,877,241,18,244,327.65,0.9939,0.6248,0.256678,72,16,47,350.55,0.7146,0.1788,0.019538,4.410
706115,520,420,940,200,73,186,332.39,0.7760,0.5557,0.205913,49,9,23,2.96,0.7002,0.1149,0.009103,4.330
706122,520,418,938,248,2,52,23.13,0.9990,0.5568,0.202514,4,33,14,151.87,0.9327,0.1172,0.011452,4.109
706126,520,352,872,187,127,175,334.02,0.4453,0.6199,0.288396,35,42,76,273.25,0.4729,0.1949,0.025350,4.491
706132,520,471,991,207,7,179,336.15,0.9839,0.5185,0.166741,15,1,12,334.93,0.7609,0.0402,0.001498,4.209
706146,520,418,938,248,6,64,20.55,0.9965,0.5592,0.204605,9,11,86,269.15,0.9688,0.1230,0.009692,4.265
706157,520,413,933,203,71,208,326.33,0.8364,0.5715,0.217587,16,28,43,254.54,0.4155,0.1205,0.011151,4.376
706162,520,333,853,224,78,250,321.19,0.9744,0.6394,0.282001,30,51,39,158.37,0.3959,0.1974,0.027901,4.262
706163,520,467,987,196,47,190,329.87,0.8631,0.5249,0.174882,10,5,9,332.54,0.2807,0.0436,0.001928,4.331
706165,520,367,887,231,47,224,329.92,0.9550,0.6070,0.244062,19,47,5,137.16,0.9608,0.1699,0.021824,4.094
706172,520,229,749,249,128,247,327.93,0.9722,0.7398,0.422958,18,70,109,245.83,0.7728,0.2873,0.056128,4.457
706173,520,392,912,252,55,52,27.26,0.9856,0.5895,0.236794,8,42,31,167.78,0.8074,0.1535,0.018064,4.214
706175,520,405,925,245,0,152,353.12,1.0000,0.5770,0.216828,32,1,87,287.34,0.9895,0.1310,0.010169,4.435
706183,520,441,961,201,34,206,326.85,0.9335,0.5354,0.180195,19,20,8,112.44,0.4069,0.0870,0.006563,4.070
706186,520,396,916,228,43,198,336.16,0.9350,0.5833,0.223015,49,19,48,328.63,0.5768,0.1421,0.013322,4.312
706192,520,390,910,217,24,245,321.65,0.9860,0.5865,0.219995,68,2,35,357.20,0.9057,0.1505,0.013939,4.223
706207,520,392,912,205,56,246,317.60,0.9562,0.5865,0.224629,10,18,99,267.93,0.9613,0.1502,0.013979,4.292
706221,520,444,964,172,87,194,319.01,0.6925,0.5373,0.194830,24,17,3,85.78,0.6726,0.0838,0.006017,4.371
706230,520,433,953,227,43,144,353.29,0.8950,0.5543,0.200750,29,13,44,305.36,0.6227,0.0999,0.007309,4.375
706234,520,429,949,224,33,162,346.01,0.9263,0.5507,0.195462,23,19,30,301.02,0.2640,0.0964,0.007416,4.275
706240,520,237,757,215,147,242,315.94,0.8377,0.7257,0.417264,31,71,107,248.25,0.6243,0.2939,0.058591,4.303
706250,520,465,985,178,90,127,354.98,0.5384,0.5171,0.183109,14,4,18,316.82,0.5733,0.0491,0.002239,4.462
706260,520,474,994,208,31,166,340.67,0.9075,0.5214,0.171452,3,1,14,289.10,0.8057,0.0271,0.000728,4.365
706261,520,405,925,215,9,245,321.27,0.9954,0.5792,0.212370,2,13,90,265.09,0.9774,0.1274,0.010389,4.345
706263,520,397,917,245,10,149,354.21,0.9901,0.5777,0.218028,37,13,81,291.91,0.8449,0.1437,0.012752,4.271
706270,520,341,861,192,102,251,309.60,0.9526,0.6255,0.276751,20,7,143,269.14,0.9938,0.2049,0.022837,4.486
706277,520,350,870,238,83,180,345.75,0.8578,0.6278,0.276617,26,51,8,134.95,0.9270,0.1880,0.026047,4.295
706314,520,442,962,218,45,151,348.82,0.8687,0.5417,0.190190,11,2,57,277.97,0.9727,0.0754,0.004100,4.440
706335,520,312,832,226,96,238,324.23,0.9149,0.6560,0.307095,84,35,11,43.97,0.7875,0.2225,0.031113,4.402
706343,520,427,947,179,73,235,311.34,0.8819,0.5566,0.203479,41,11,24,355.76,0.5918,0.1035,0.007768,4.388
706359,520,399,919,233,76,99,16.06,0.8391,0.5823,0.233962,15,22,86,270.25,0.9020,0.1438,0.013472,4.474
706363,520,321,841,248,85,179,348.66,0.9247,0.6467,0.297112,30,57,27,141.85,0.6912,0.2134,0.032813,4.192
706378,520,472,992,162,64,231,307.17,0.8771,0.5189,0.171183,7,2,6,332.91,0.4724,0.0312,0.001017,4.335
706383,520,323,843,241,59,245,327.15,0.9674,0.6458,0.284239,75,34,37,16.80,0.4977,0.2094,0.027737,4.300
706384,520,467,987,172,19,249,308.56,0.9851,0.5164,0.160768,2,9,4,154.70,0.6559,0.0440,0.002170,4.040
706395,520,393,913,232,56,171,345.80,0.8851,0.5857,0.229271,56,7,50,333.65,0.7804,0.1395,0.012231,4.488
706411,520,480,1000,229,7,7,29.01,0.9963,0.5135,0.168284,0,0,0,0.00,0.0000,0.0000,0.000000,4.366
706419,520,450,970,194,44,224,320.03,0.9276,0.5431,0.186540,8,13,36,271.00,0.6205,0.0736,0.004668,4.327
706458,520,344,864,226,80,227,327.55,0.9000,0.6299,0.274542,49,43,30,86.03,0.2580,0.1894,0.024745,4.342
706463,520,234,754,212,157,240,313.82,0.7816,0.7405,0.444031,7,82,46,155.40,0.9765,0.2934,0.062767,4.381
706473,520,455,975,189,44,216,320.57,0.9112,0.5290,0.175794,26,3,8,7.04,0.7068,0.0593,0.003023,4.258
706484,520,448,968,241,0,31,26.49,1.0000,0.5392,0.188031,37,2,28,339.90,0.8092,0.0844,0.005206,4.312
706487,520,378,898,232,59,187,340.73,0.8938,0.5963,0.238742,24,38,54,252.43,0.3762,0.1607,0.018467,4.217
706491,520,385,905,252,41,123,5.15,0.9745,0.5942,0.237150,47,29,12,62.64,0.5514,0.1462,0.015097,4.411
706502,520,367,887,240,7,234,329.73,0.9973,0.6140,0.246205,43,36,36,17.83,0.1000,0.1651,0.019027,4.291
706506,520,473,993,201,21,187,332.23,0.9503,0.5164,0.165436,8,2,5,344.94,0.4746,0.0320,0.001060,4.219
706522,520,289,809,248,108,176,352.42,0.8918,0.6756,0.338190,56,55,45,102.56,0.1472,0.2355,0.037626,4.430
706544,520,312,832,246,73,230,332.03,0.9596,0.6567,0.300739,86,32,19,34.82,0.7308,0.2219,0.030588,4.352
706552,520,425,945,186,76,220,317.24,0.8291,0.5594,0.207764,0,28,34,213.85,1.0000,0.1065,0.009460,4.335
706555,520,470,990,163,68,225,308.56,0.8492,0.5201,0.173577,8,4,6,345.04,0.2484,0.0380,0.001516,4.340
706565,520,246,766,246,136,205,343.07,0.8810,0.7287,0.416113,33,76,32,143.20,0.8643,0.2789,0.055963,4.399
706578,520,451,971,241,17,26,27.79,0.9916,0.5428,0.191797,4,3,58,269.44,0.9816,0.0732,0.003964,4.481
706580,520,411,931,226,84,1,41.59,0.9981,0.5684,0.225143,25,31,11,123.02,0.5452,0.1242,0.012108,4.430
706583,520,451,971,237,29,64,20.92,0.9715,0.5432,0.192566,31,3,22,342.30,0.7441,0.0727,0.004144,4.480
706618,520,429,949,135,102,241,290.19,0.8503,0.5514,0.210044,34,17,28,341.32,0.3806,0.1048,0.008249,4.464
706640,520,373,893,252,27,150,355.65,0.9761,0.5969,0.236848,5,31,83,261.80,0.9194,0.1554,0.016367,4.322
706642,520,421,941,202,43,236,319.43,0.9502,0.5645,0.203420,8,25,47,255.71,0.6416,0.1103,0.009521,4.258
706643,520,374,894,216,93,166,346.32,0.7087,0.5984,0.251828,10,45,26,155.89,0.8560,0.1627,0.020158,4.302
706646,520,461,981,190,61,195,326.34,0.8180,0.5312,0.182262,6,7,15,276.77,0.3229,0.0470,0.002252,4.445
706656,520,418,938,166,83,244,304.02,0.9061,0.5591,0.208257,15,10,82,273.38,0.9531,0.1201,0.009278,4.357
706663,520,462,982,195,66,172,335.67,0.7673,0.5312,0.184787,16,5,3,36.85,0.4891,0.0480,0.002253,4.493
706672,520,270,790,249,129,139,16.09,0.8656,0.6982,0.377071,70,60,11,97.10,0.8246,0.2598,0.045581,4.468
706684,520,408,928,232,49,159,349.51,0.8958,0.5746,0.218584,62,2,25,4.58,0.9095,0.1336,0.011379,4.376
706692,520,400,920,198,87,201,326.55,0.7572,0.5797,0.230407,17,28,63,267.84,0.6477,0.1355,0.013085,4.445
706706,520,434,954,238,20,91,12.38,0.9773,0.5470,0.194360,5,25,38,239.51,0.6674,0.1028,0.008674,4.165
706711,520,471,991,227,24,64,19.78,0.9718,0.5199,0.173573,12,1,26,302.93,0.8766,0.0447,0.001745,4.321
706716,520,334,854,252,62,195,343.09,0.9771,0.6383,0.280841,10,48,82,249.90,0.7818,0.2015,0.027875,4.248
706718,520,387,907,244,46,134,0.43,0.9263,0.5853,0.229116,1,42,12,148.30,0.9933,0.1458,0.016889,4.173
706721,520,467,987,201,77,55,32.22,0.8058,0.5163,0.180031,11,0,25,303.59,1.0000,0.0405,0.001413,4.474
706733,520,404,924,219,3,245,322.29,0.9986,0.5848,0.217198,55,13,0,40.41,1.0000,0.1269,0.011002,4.380
706741,520,444,964,208,20,197,331.26,0.9651,0.5353,0.179434,39,2,0,32.28,1.0000,0.0785,0.004748,4.191
706754,520,381,901,250,67,81,21.74,0.9646,0.6007,0.249359,48,33,29,35.46,0.2443,0.1616,0.018049,4.399
706761,520,468,988,191,71,152,342.66,0.7104,0.5202,0.178514,12,5,0,74.33,1.0000,0.0424,0.001867,4.406
706775,520,478,998,185,38,208,321.61,0.9123,0.5121,0.162559,0,0,16,264.05,1.0000,0.0204,0.000374,4.220
706779,520,429,949,229,8,159,347.64,0.9872,0.5501,0.193377,15,7,72,275.99,0.9471,0.1039,0.007214,4.254
706785,520,409,929,223,40,200,334.32,0.9366,0.5737,0.213781,48,7,55,321.36,0.7907,0.1286,0.010563,4.356
706790,520,470,990,188,4,231,317.32,0.9959,0.5219,0.165491,4,5,21,275.58,0.6241,0.0434,0.001885,4.153
706813,520,465,985,221,54,14,33.42,0.9799,0.5232,0.180449,19,5,8,4.87,0.4742,0.0534,0.002645,4.377
706818,520,409,929,206,22,254,316.90,0.9956,0.5749,0.208530,24,18,74,280.29,0.8080,0.1301,0.011212,4.224
706821,520,390,910,251,55,27,31.28,0.9834,0.5853,0.233244,51,8,71,311.88,0.8349,0.1481,0.013325,4.473
706825,520,436,956,237,15,105,7.41,0.9815,0.5471,0.193693,35,4,42,319.76,0.7967,0.0932,0.006114,4.343
706830,520,401,921,224,11,230,326.90,0.9934,0.5839,0.218021,32,28,55,288.92,0.4445,0.1423,0.014134,4.179
706843,520,434,954,226,2,178,341.11,0.9970,0.5529,0.194291,10,17,61,270.15,0.8465,0.1047,0.008023,4.210
706845,520,478,998,211,33,129,354.63,0.8907,0.5104,0.165239,5,1,4,334.75,0.5642,0.0245,0.000627,4.251
706848,520,418,938,239,47,83,17.32,0.9333,0.5619,0.210115,2,35,4,144.09,0.9872,0.1210,0.012237,4.179
706857,520,412,932,182,78,243,310.14,0.9139,0.5731,0.218658,2,27,57,254.23,0.8885,0.1201,0.010921,4.410
706875,520,429,949,200,0,239,318.80,1.0000,0.5476,0.185129,23,21,19,67.53,0.0684,0.0967,0.007655,4.078
706878,520,25,545,253,246,228,89.21,0.7628,0.9695,0.923960,11,132,26,143.72,0.9947,0.4595,0.166475,4.499
706906,520,434,954,220,75,58,29.92,0.8615,0.5491,0.205558,45,2,32,343.00,0.8334,0.1014,0.007057,4.479
706910,520,405,925,228,29,200,335.50,0.9641,0.5770,0.215454,10,10,91,269.30,0.9749,0.1288,0.010369,4.397
706915,520,361,881,252,61,151,357.24,0.9678,0.6182,0.262707,45,36,53,308.43,0.2765,0.1754,0.020767,4.419
706916,520,475,995,186,13,233,316.20,0.9873,0.5223,0.166114,5,1,16,297.00,0.8102,0.0308,0.000914,4.245
706946,520,436,956,228,22,164,346.05,0.9616,0.5544,0.197509,9,13,55,271.84,0.8537,0.0905,0.006217,4.403
706949,520,341,861,237,59,237,328.09,0.9563,0.6340,0.272494,50,41,63,302.79,0.3112,0.1993,0.026229,4.231
706977,520,182,702,232,172,237,323.93,0.7891,0.7917,0.527765,33,93,24,141.21,0.9562,0.3344,0.082177,4.371
706979,520,435,955,230,49,89,14.63,0.9051,0.5468,0.197438,29,13,29,326.99,0.4574,0.0906,0.006378,4.389
706987,520,423,943,215,57,186,336.58,0.8587,0.5641,0.209206,21,14,63,282.21,0.7951,0.1093,0.008324,4.444
707006,520,424,944,221,53,155,348.55,0.8523,0.5555,0.202874,4,27,34,220.64,0.7215,0.1057,0.009251,4.268
707010,520,404,924,236,67,111,9.98,0.8583,0.5808,0.229978,32,30,32,325.73,0.0504,0.1348,0.013399,4.416
707011,520,455,975,166,65,240,306.49,0.9115,0.5331,0.181795,24,3,17,341.66,0.6883,0.0594,0.002998,4.374
707012,520,442,962,182,76,196,322.86,0.7574,0.5373,0.191007,6,12,45,269.46,0.8160,0.0773,0.004911,4.389
707014,520,403,923,241,20,164,348.88,0.9770,0.5789,0.218845,6,2,102,266.93,0.9971,0.1329,0.010413,4.450
707015,520,423,943,248,9,58,22.05,0.9952,0.5590,0.204609,29,15,49,299.74,0.6306,0.1072,0.008246,4.371
707033,520,7,527,255,251,245,78.28,1.0000,0.9878,0.968471,7,136,14,142.89,0.9972,0.4716,0.176844,4.490
707041,520,471,991,217,32,116,0.81,0.9099,0.5168,0.170482,21,0,9,351.87,1.0000,0.0450,0.001792,4.257
707042,520,478,998,211,1,153,345.28,0.9970,0.5101,0.161728,3,0,5,316.23,1.0000,0.0181,0.000303,4.209
707043,520,466,986,125,96,227,289.37,0.7890,0.5190,0.182716,20,3,14,341.61,0.6406,0.0524,0.002456,4.436
707045,520,162,682,255,174,199,359.38,1.0000,0.8084,0.556578,50,97,5,134.64,0.9885,0.3549,0.092382,4.260
707047,520,249,769,241,120,251,324.47,0.9783,0.7187,0.391008,21,71,92,229.96,0.7166,0.2803,0.054384,4.225
707054,520,304,824,236,109,196,341.18,0.8259,0.6668,0.327580,13,65,5,141.23,0.9878,0.2294,0.038770,4.253
707055,520,418,938,242,32,96,12.00,0.9601,0.5616,0.207581,12,32,22,160.29,0.5619,0.1202,0.011691,4.175
707073,520,445,965,243,3,17,28.21,0.9987,0.5433,0.191638,11,15,33,272.50,0.4814,0.0781,0.005226,4.375
707076,520,434,954,193,39,235,317.24,0.9513,0.5467,0.187880,22,25,7,117.07,0.5687,0.1033,0.008812,4.045
707079,520,360,880,233,48,232,328.41,0.9617,0.6162,0.252662,25,44,48,212.39,0.3342,0.1759,0.022214,4.191
707082,520,468,988,174,39,238,310.93,0.9478,0.5196,0.166237,0,4,28,262.10,1.0000,0.0417,0.001707,4.182
707091,520,438,958,211,10,221,325.83,0.9907,0.5546,0.192884,3,0,78,266.58,1.0000,0.0937,0.005694,4.361
707095,520,390,910,238,81,60,30.66,0.9088,0.5906,0.243913,9,44,4,140.92,0.9776,0.1548,0.018681,4.279
707136,520,442,962,158,84,226,304.84,0.8108,0.5361,0.191012,0,17,39,251.97,1.0000,0.0792,0.005473,4.345
707142,520,398,918,172,89,249,304.46,0.9368,0.5792,0.227555,26,31,53,273.16,0.3959,0.1426,0.014566,4.299
707143,520,387,907,235,65,142,357.53,0.8530,0.5871,0.233986,10,42,29,163.17,0.7715,0.1537,0.018091,4.171
707173,520,441,961,196,68,178,333.86,0.7715,0.5386,0.190860,28,9,40,309.96,0.6704,0.0893,0.005955,4.305
707183,520,470,990,203,74,78,21.94,0.7573,0.5197,0.181462,0,1,38,264.21,0.9925,0.0433,0.001616,4.484
707189,520,360,880,218,94,210,330.12,0.8103,0.6250,0.275659,27,48,26,143.20,0.5672,0.1819,0.024214,4.388
707195,520,449,969,236,24,48,24.36,0.9816,0.5367,0.187028,19,12,5,69.51,0.4023,0.0671,0.004124,4.379
707218,520,360,880,227,68,221,329.58,0.9123,0.6153,0.256879,43,42,21,106.08,0.4349,0.1773,0.022237,4.248
707306,520,367,887,233,69,200,337.22,0.8903,0.6141,0.257526,22,47,2,134.39,0.9807,0.1713,0.022079,4.266
707323,520,419,939,222,65,145,353.54,0.8113,0.5645,0.213570,36,14,43,317.42,0.5995,0.1105,0.008636,4.495
707324,520,476,996,178,90,94,18.49,0.5451,0.5061,0.175868,5,1,0,51.16,1.0000,0.0224,0.000540,4.469
707354,520,432,952,242,12,53,22.93,0.9929,0.5462,0.194007,4,20,57,262.58,0.8759,0.1039,0.008215,4.191
707370,520,446,966,233,6,107,5.82,0.9915,0.5373,0.185185,34,5,26,340.11,0.6992,0.0832,0.005233,4.258
707381,520,466,986,190,60,180,331.18,0.7933,0.5207,0.174757,14,4,12,333.76,0.4792,0.0464,0.002067,4.317
707385,520,450,970,213,60,143,351.69,0.8014,0.5420,0.193633,23,9,23,327.02,0.4658,0.0724,0.004394,4.479
707391,520,470,990,164,92,163,327.61,0.5551,0.5163,0.181920,6,6,7,285.97,0.0577,0.0415,0.001843,4.473
707398,520,440,960,229,37,142,354.10,0.9173,0.5535,0.199369,18,19,36,280.16,0.3886,0.0948,0.007217,4.358
707400,520,444,964,175,87,185,323.43,0.6693,0.5361,0.194341,38,0,12,4.80,1.0000,0.0761,0.004387,4.493
707404,520,434,954,188,47,242,313.94,0.9429,0.5500,0.191364,12,22,40,261.45,0.4870,0.1001,0.008052,4.158
707421,520,444,964,156,89,220,304.78,0.7701,0.5369,0.193804,24,10,33,310.48,0.5687,0.0810,0.005211,4.416
707422,520,381,901,197,104,187,331.31,0.6436,0.5967,0.253602,4,40,55,230.67,0.8359,0.1570,0.018191,4.452
707440,520,330,850,249,48,228,333.19,0.9742,0.6411,0.278581,6,56,63,209.30,0.8684,0.2127,0.032258,3.995
707467,520,396,916,250,42,77,19.47,0.9714,0.5796,0.225193,24,27,61,276.63,0.5683,0.1367,0.013149,4.358
707488,520,310,830,237,106,185,345.61,0.8155,0.6590,0.318179,27,60,21,140.67,0.8707,0.2204,0.035188,4.322
707490,520,470,990,186,56,203,322.82,0.8468,0.5250,0.175806,3,8,4,151.30,0.4574,0.0425,0.002018,4.341
707492,520,435,955,237,26,91,12.59,0.9668,0.5473,0.195018,37,5,34,331.85,0.7391,0.0926,0.006174,4.362
707527,520,401,921,249,43,90,15.65,0.9613,0.5808,0.226092,9,17,91,268.04,0.9560,0.1380,0.012142,4.443
707542,520,341,861,242,36,233,330.36,0.9802,0.6256,0.260250,72,22,68,331.01,0.6822,0.1984,0.023691,4.210
707543,520,305,825,249,85,215,337.13,0.9613,0.6656,0.315459,21,54,97,256.23,0.7083,0.2342,0.036607,4.220
707546,520,271,791,213,141,220,323.70,0.6830,0.7008,0.383644,74,59,28,83.94,0.5343,0.2645,0.046677,4.485
707557,520,428,948,185,69,232,314.29,0.8801,0.5583,0.203978,37,17,10,39.93,0.4987,0.1035,0.008162,4.367
707564,520,462,982,187,71,181,329.81,0.7497,0.5293,0.184089,5,12,6,149.11,0.4297,0.0545,0.003084,4.410
707594,520,415,935,241,54,76,20.59,0.9287,0.5701,0.218642,10,22,68,267.44,0.8492,0.1220,0.010556,4.436
707612,520,423,943,225,75,75,24.34,0.8433,0.5611,0.215504,5,32,10,147.42,0.9338,0.1136,0.010872,4.362
707613,520,319,839,242,67,236,329.51,0.9516,0.6483,0.289503,2,47,107,258.01,0.9719,0.2179,0.031073,4.188
707617,520,444,964,179,39,255,308.83,1.0000,0.5421,0.182557,23,11,24,324.13,0.4116,0.0766,0.004875,4.238
707620,520,451,971,206,51,172,338.57,0.8395,0.5351,0.184700,18,14,9,73.20,0.2148,0.0715,0.004624,4.297
707651,520,392,912,253,3,140,358.43,0.9977,0.5889,0.228448,56,5,71,316.69,0.8706,0.1534,0.014043,4.348
707657,520,479,999,174,44,219,315.18,0.9077,0.5073,0.159155,0,0,7,264.05,1.0000,0.0135,0.000153,4.170
707662,520,329,849,234,102,192,341.63,0.8187,0.6517,0.308033,47,51,2,114.51,0.9515,0.2057,0.029764,4.489
707676,520,51,571,244,238,221,90.75,0.4485,0.9409,0.856029,41,125,27,141.12,0.9728,0.4434,0.152172,4.481
707703,520,341,861,209,115,178,340.93,0.6104,0.6285,0.290327,27,45,82,263.22,0.5750,0.2013,0.027189,4.409
707705,520,429,949,225,67,24,34.90,0.9598,0.5455,0.200906,38,1,51,315.41,0.9392,0.1007,0.006728,4.423
707707,520,471,991,181,70,188,325.32,0.7598,0.5227,0.178361,5,5,15,282.12,0.4382,0.0412,0.001753,4.413
707714,520,341,861,112,148,246,267.18,0.8869,0.6329,0.312774,12,58,5,141.16,0.9843,0.2046,0.031151,4.470
707722,520,434,954,224,38,145,352.00,0.9039,0.5457,0.192805,35,3,51,311.41,0.8678,0.0989,0.006615,4.289
707727,520,391,911,251,63,2,34.44,0.9985,0.5916,0.240722,47,24,57,314.78,0.5448,0.1539,0.015531,4.436
707734,520,455,975,223,57,43,29.39,0.9236,0.5323,0.187914,1,14,15,200.34,0.8153,0.0590,0.003550,4.443
707735,520,480,1000,214,20,138,351.48,0.9438,0.5140,0.166338,0,0,0,0.00,0.0000,0.0000,0.000000,4.327
707744,520,317,837,241,102,193,343.19,0.8664,0.6631,0.320564,20,54,85,248.89,0.6595,0.2248,0.034428,4.389
707757,520,300,820,253,81,223,335.72,0.9885,0.6721,0.320982,58,40,96,295.48,0.5987,0.2295,0.032617,4.490
707772,520,292,812,250,123,99,32.19,0.9303,0.6804,0.353938,59,56,52,75.29,0.0638,0.2441,0.040061,4.485
707782,520,449,969,196,54,207,324.84,0.8729,0.5422,0.188806,11,16,14,168.99,0.1580,0.0714,0.004734,4.363
707789,520,448,968,206,56,173,338.36,0.8240,0.5401,0.189693,30,10,11,18.15,0.4881,0.0796,0.005173,4.344
707797,520,428,948,218,44,180,339.02,0.8963,0.5557,0.200044,24,23,22,67.69,0.0317,0.1039,0.008649,4.263
707819,520,365,885,243,42,191,341.71,0.9526,0.6059,0.244752,23,44,28,150.58,0.5130,0.1669,0.020673,4.171
707823,520,444,964,219,31,155,347.09,0.9200,0.5366,0.184091,32,2,37,321.95,0.8366,0.0815,0.004841,4.269
707847,520,417,937,249,36,25,29.29,0.9802,0.5679,0.214753,52,3,36,344.76,0.8225,0.1187,0.009227,4.470
707854,520,339,859,218,116,161,353.46,0.6260,0.6363,0.299713,37,52,15,128.24,0.7438,0.2005,0.028837,4.436
707856,520,439,959,245,19,55,22.96,0.9884,0.5548,0.201576,9,17,46,268.57,0.6907,0.0906,0.006562,4.448
707860,520,348,868,241,7,251,326.14,0.9981,0.6275,0.258204,18,22,122,269.25,0.9632,0.1897,0.021074,4.336
707863,520,465,985,219,47,76,17.77,0.8988,0.5202,0.176175,14,3,18,317.87,0.6415,0.0468,0.002022,4.348
707868,520,357,877,255,49,152,356.60,1.0000,0.6151,0.257272,7,33,100,263.79,0.9324,0.1786,0.020528,4.357
707877,520,368,888,240,96,20,42.28,0.9729,0.6117,0.269445,24,47,10,135.68,0.8894,0.1737,0.022491,4.407
707880,520,460,980,233,35,3,31.12,0.9970,0.5329,0.185354,13,10,20,297.60,0.3150,0.0619,0.003532,4.397
707888,520,371,891,232,5,254,323.43,0.9985,0.6140,0.244225,34,15,107,280.66,0.9279,0.1729,0.017432,4.363
707893,520,461,981,224,10,131,355.90,0.9797,0.5282,0.177058,3,8,14,244.98,0.4220,0.0461,0.002247,4.346
707907,520,459,979,220,57,86,15.87,0.8592,0.5335,0.188164,21,5,20,329.65,0.5822,0.0607,0.003185,4.478
707940,520,320,840,245,69,234,330.75,0.9590,0.6537,0.296120,44,51,26,121.72,0.4587,0.2060,0.029777,4.339
707955,520,12,532,255,251,237,93.66,1.0000,0.9853,0.963690,31,135,1,140.86,0.9994,0.4717,0.176207,4.481
707957,520,453,973,234,15,26,27.59,0.9917,0.5272,0.179118,29,2,17,348.40,0.7723,0.0653,0.003451,4.286
707970,520,358,878,249,87,78,26.99,0.9544,0.6211,0.275095,35,44,41,173.10,0.1427,0.1809,0.023188,4.442
707977,520,73,593,234,226,228,0.14,0.1512,0.9064,0.774868,10,118,63,153.31,0.9859,0.4183,0.133797,4.488
707979,520,434,954,174,56,254,306.75,0.9933,0.5471,0.189835,41,0,51,318.82,1.0000,0.1043,0.007105,4.200
707983,520,341,861,238,60,226,331.10,0.9463,0.6296,0.269025,36,28,117,277.63,0.8778,0.2050,0.024898,4.259
707997,520,385,905,231,6,227,329.30,0.9967,0.5932,0.226677,58,23,10,40.31,0.6936,0.1512,0.015344,4.234
707999,520,478,998,146,59,253,297.74,0.9866,0.5118,0.163310,3,0,8,305.48,1.0000,0.0200,0.000369,4.235
708005,520,390,910,251,39,102,11.73,0.9711,0.5852,0.229232,8,38,58,242.05,0.7205,0.1545,0.017433,4.141
708014,520,436,956,185,49,248,311.67,0.9632,0.5520,0.192893,15,23,15,144.76,0.3082,0.0934,0.007488,4.225
708035,520,470,990,230,5,18,28.05,0.9972,0.5156,0.169783,5,6,7,245.47,0.0832,0.0405,0.001779,4.245
708046,520,466,986,146,77,239,298.53,0.8869,0.5215,0.176510,14,6,8,0.77,0.2924,0.0497,0.002412,4.322
708059,520,480,1000,224,14,45,23.87,0.9883,0.5071,0.163537,0,0,0,0.00,0.0000,0.0000,0.000000,4.271
708075,520,424,944,199,33,244,317.02,0.9708,0.5601,0.197630,33,1,66,298.81,0.9736,0.1077,0.007384,4.315
708101,520,441,961,175,66,231,311.44,0.8766,0.5396,0.187808,33,0,49,311.77,1.0000,0.0895,0.005451,4.289
708106,520,468,988,167,44,241,307.89,0.9402,0.5154,0.163685,7,2,16,302.30,0.6909,0.0359,0.001260,4.169
708107,520,359,879,246,61,181,346.01,0.9307,0.6200,0.262696,10,48,44,185.13,0.7570,0.1790,0.023602,4.248
708117,520,408,928,224,7,211,331.58,0.9938,0.5702,0.207048,12,30,58,258.97,0.6493,0.1338,0.013121,4.072
708124,520,418,938,227,0,196,336.25,1.0000,0.5649,0.203190,2,5,92,265.33,0.9923,0.1200,0.008941,4.296
708126,520,360,880,223,108,115,18.00,0.6884,0.6155,0.276532,31,47,13,130.59,0.7606,0.1793,0.023534,4.441
708153,520,475,995,223,46,34,29.25,0.9484,0.5214,0.177602,7,1,16,304.96,0.7986,0.0331,0.001043,4.459
708202,520,441,961,180,90,166,333.43,0.6125,0.5378,0.197700,10,23,22,189.51,0.3596,0.0922,0.007352,4.319
708208,520,400,920,243,28,160,350.74,0.9650,0.5839,0.224264,25,35,32,174.70,0.1937,0.1420,0.015130,4.211
708209,520,296,816,226,123,198,338.26,0.7297,0.6754,0.344138,10,55,104,254.41,0.8512,0.2388,0.037962,4.481
708214,520,336,856,248,22,250,327.87,0.9940,0.6420,0.274353,4,37,116,263.05,0.9684,0.2042,0.026097,4.262
708242,520,385,905,252,13,144,357.17,0.9897,0.5903,0.230005,38,21,73,293.82,0.7093,0.1491,0.014294,4.355
708256,520,447,967,230,50,34,29.84,0.9529,0.5391,0.192227,22,18,2,97.48,0.7711,0.0837,0.006076,4.320
708263,520,346,866,241,77,190,342.69,0.8949,0.6309,0.277290,32,47,46,190.96,0.2293,0.1893,0.025373,4.342
708265,520,396,916,239,48,147,355.09,0.9112,0.5820,0.225743,25,34,44,251.41,0.2527,0.1446,0.015325,4.221
708274,520,418,938,141,105,232,293.32,0.7846,0.5563,0.215920,36,21,40,319.01,0.4122,0.1220,0.010646,4.385
708276,520,477,997,222,35,50,24.28,0.9561,0.5131,0.169647,2,1,4,302.09,0.5000,0.0201,0.000434,4.355
708301,520,464,984,199,54,165,339.10,0.8075,0.5215,0.174989,18,3,13,340.18,0.6140,0.0494,0.002228,4.308
708317,520,25,545,239,249,235,136.59,0.5636,0.9660,0.921000,29,133,7,141.26,0.9959,0.4649,0.170509,4.403
708358,520,400,920,206,68,219,324.20,0.8746,0.5801,0.223722,61,16,7,33.47,0.8225,0.1446,0.013782,4.292
708389,520,408,928,255,6,25,27.68,1.0000,0.5702,0.214643,24,23,63,280.05,0.6478,0.1293,0.011658,4.292
708393,520,389,909,240,29,178,344.59,0.9652,0.5871,0.226214,49,8,77,306.30,0.8604,0.1506,0.013625,4.341
708399,520,421,941,226,31,179,341.09,0.9448,0.5622,0.204060,20,24,44,274.03,0.4159,0.1137,0.009838,4.246
708402,520,299,819,217,105,255,316.68,1.0000,0.6661,0.320764,24,64,34,149.43,0.8121,0.2348,0.039763,4.130
708406,520,313,833,254,53,238,331.89,0.9960,0.6590,0.297932,66,21,112,300.79,0.8343,0.2241,0.028645,4.424
708407,520,440,960,244,1,36,25.86,0.9995,0.5463,0.193857,46,2,3,25.82,0.9513,0.0935,0.006309,4.331
708425,520,261,781,193,161,207,315.50,0.4196,0.7124,0.413327,12,77,5,141.75,0.9919,0.2711,0.053967,4.456
708434,520,385,905,203,67,242,317.53,0.9324,0.5905,0.231231,50,29,28,22.61,0.3278,0.1547,0.016408,4.235
708439,520,455,975,191,68,173,334.05,0.7537,0.5274,0.182293,21,9,10,14.23,0.3354,0.0649,0.003767,4.320
708448,520,399,919,237,62,122,5.17,0.8694,0.5810,0.228579,33,32,15,105.49,0.4263,0.1362,0.013909,4.359
708455,520,412,932,247,41,39,27.86,0.9715,0.5677,0.215101,50,13,22,8.46,0.6379,0.1220,0.010240,4.401
708464,520,454,974,230,23,84,13.82,0.9680,0.5298,0.180789,14,16,1,115.05,0.8563,0.0703,0.004661,4.222
708484,520,400,920,207,62,229,322.03,0.9090,0.5825,0.223695,58,13,39,348.64,0.6883,0.1440,0.013340,4.321
708485,520,431,951,199,44,223,321.71,0.9299,0.5505,0.192728,0,26,28,201.64,1.0000,0.0975,0.008226,4.169
708514,520,327,847,222,98,231,324.91,0.8786,0.6485,0.300363,4,57,60,200.89,0.9168,0.2138,0.032782,4.232
708550,520,407,927,236,55,110,8.60,0.8900,0.5691,0.216941,2,35,26,171.03,0.9384,0.1261,0.012895,4.244
708552,520,374,894,254,66,35,31.95,0.9950,0.6018,0.250923,31,40,39,188.15,0.1441,0.1647,0.019553,4.326
708554,520,371,891,242,38,199,339.14,0.9622,0.6062,0.243900,53,25,59,320.34,0.5551,0.1659,0.017680,4.342
708555,520,430,950,192,70,197,326.18,0.7956,0.5458,0.196194,15,23,33,254.35,0.3108,0.1007,0.008241,4.227
708573,520,467,987,230,14,73,16.82,0.9850,0.5244,0.176211,11,4,12,323.19,0.4429,0.0432,0.001845,4.363
708582,520,435,955,209,34,202,330.12,0.9365,0.5467,0.189656,22,1,62,288.78,0.9781,0.0897,0.005401,4.326
708584,520,362,882,221,51,254,320.24,0.9955,0.6139,0.248975,36,42,42,196.67,0.0865,0.1764,0.021981,4.154
708587,520,403,923,253,34,31,28.42,0.9925,0.5756,0.221294,50,2,64,316.79,0.9229,0.1336,0.010918,4.453
708592,520,457,977,233,18,38,25.86,0.9881,0.5269,0.178993,13,7,24,298.65,0.5219,0.0578,0.003035,4.318
708614,520,465,985,200,22,197,329.11,0.9551,0.5217,0.168862,10,4,33,287.71,0.7873,0.0549,0.002612,4.160
708620,520,301,821,255,52,253,328.62,1.0000,0.6694,0.308109,70,24,111,303.48,0.8049,0.2325,0.031031,4.419
708621,520,424,944,197,31,249,315.42,0.9758,0.5600,0.196912,20,8,74,279.66,0.9257,0.1117,0.008168,4.245
708624,520,429,949,233,45,96,12.04,0.9167,0.5514,0.200479,30,5,56,300.64,0.8538,0.0992,0.006701,4.418
708627,520,442,962,213,54,146,350.01,0.8229,0.5375,0.188620,16,15,19,296.95,0.1179,0.0750,0.004988,4.339
708635,520,449,969,197,70,173,336.04,0.7576,0.5398,0.192694,15,16,4,112.55,0.5426,0.0720,0.004809,4.428
708654,520,471,991,219,53,72,20.15,0.8876,0.5247,0.180768,6,7,9,262.00,0.1091,0.0447,0.002104,4.429
708675,520,424,944,226,75,36,35.01,0.9286,0.5579,0.213310,28,22,36,303.73,0.3021,0.1121,0.009481,4.427
708680,520,249,769,230,143,211,335.24,0.7417,0.7220,0.411728,49,72,36,135.13,0.5843,0.2774,0.054150,4.433
708686,520,442,962,238,27,46,25.08,0.9798,0.5420,0.191615,34,7,5,28.49,0.7130,0.0794,0.005031,4.391
708691,520,413,933,206,81,174,338.94,0.7379,0.5693,0.220645,5,33,5,143.11,0.9614,0.1160,0.011309,4.414
708702,520,424,944,214,55,183,337.23,0.8582,0.5589,0.204496,20,20,49,280.42,0.5594,0.1078,0.008708,4.335
708704,520,356,876,252,4,202,340.27,0.9980,0.6158,0.250499,16,47,42,181.35,0.6050,0.1774,0.023103,4.111
708705,520,426,946,201,60,217,323.46,0.8831,0.5627,0.206606,25,9,68,286.55,0.8668,0.1111,0.008194,4.409
708709,520,462,982,159,60,251,302.32,0.9731,0.5278,0.175681,2,6,26,265.81,0.7990,0.0471,0.002177,4.325
708720,520,473,993,163,73,223,308.60,0.8297,0.5249,0.178800,0,4,9,238.40,1.0000,0.0303,0.001066,4.481
708732,520,459,979,234,17,36,26.19,0.9893,0.5286,0.180239,21,6,14,347.33,0.4784,0.0602,0.003214,4.327
708733,520,385,905,245,60,115,8.73,0.9170,0.5923,0.238853,65,13,13,24.97,0.8168,0.1496,0.014409,4.485
708737,520,480,1000,193,69,123,356.71,0.7043,0.5083,0.170255,0,0,0,0.00,0.0000,0.0000,0.000000,4.405
708746,520,471,991,181,14,236,314.08,0.9867,0.5171,0.161951,6,5,17,286.49,0.4844,0.0432,0.001877,4.086
708756,520,475,995,176,29,238,311.86,0.9662,0.5168,0.162829,6,3,1,67.51,0.4917,0.0309,0.001060,4.168
708760,520,359,879,230,61,230,328.05,0.9397,0.6196,0.258760,56,32,60,321.70,0.4532,0.1849,0.022001,4.288
708773,520,220,740,255,154,112,43.04,1.0000,0.7465,0.455438,25,83,0,139.12,1.0000,0.2955,0.063930,4.436
708778,520,468,988,202,55,154,344.09,0.7995,0.5221,0.176240,1,2,34,267.37,0.9725,0.0429,0.001653,4.380
708789,520,465,985,226,32,18,29.74,0.9801,0.5169,0.172484,14,6,15,323.11,0.3948,0.0522,0.002581,4.231
708814,520,396,916,234,20,196,337.97,0.9803,0.5823,0.219810,57,16,8,33.10,0.7772,0.1368,0.012581,4.311
708827,520,359,879,250,50,189,344.05,0.9645,0.6227,0.262826,63,31,33,16.74,0.4348,0.1815,0.021467,4.377
708833,520,265,785,222,148,172,358.58,0.5330,0.7058,0.396896,38,71,8,134.05,0.9616,0.2623,0.049360,4.498
708843,520,419,939,210,72,171,340.83,0.7772,0.5631,0.212786,31,22,10,73.57,0.4252,0.1062,0.008871,4.464
708850,520,281,801,253,129,10,53.39,0.9924,0.6871,0.366082,69,57,34,82.97,0.3949,0.2538,0.043070,4.471
708854,520,374,894,254,58,81,20.55,0.9929,0.6002,0.246947,48,23,64,310.23,0.6145,0.1584,0.016114,4.491
708878,520,435,955,175,83,215,314.18,0.7798,0.5495,0.202076,9,22,12,150.40,0.5125,0.0855,0.006584,4.455
708888,520,393,913,246,34,149,355.08,0.9559,0.5878,0.229101,34,10,85,288.19,0.8970,0.1410,0.012130,4.492
708905,520,462,982,215,53,111,4.46,0.8329,0.5269,0.181434,2,1,38,270.04,0.9860,0.0453,0.001745,4.473
708908,520,417,937,200,52,235,318.86,0.9315,0.5671,0.207350,27,13,70,286.54,0.8231,0.1208,0.009630,4.316
708921,520,441,961,227,15,132,356.29,0.9718,0.5359,0.183413,36,9,15,8.88,0.5893,0.0887,0.006050,4.164
708924,520,445,965,239,3,72,17.61,0.9975,0.5408,0.188870,23,16,2,86.67,0.7485,0.0800,0.005571,4.298
708926,520,341,861,250,71,171,350.78,0.9487,0.6318,0.277740,54,36,72,305.83,0.4803,0.1982,0.025139,4.362
708943,520,429,949,245,25,17,29.20,0.9876,0.5538,0.201517,26,21,15,71.96,0.2071,0.0988,0.007904,4.344
708984,520,480,1000,175,43,224,314.31,0.9194,0.5122,0.162246,0,0,0,0.00,0.0000,0.0000,0.000000,4.245
708994,520,394,914,225,36,221,329.23,0.9638,0.5883,0.224921,36,32,8,99.96,0.6479,0.1384,0.014256,4.278
708997,520,414,934,243,52,68,22.72,0.9409,0.5711,0.219314,4,35,1,140.97,0.9924,0.1214,0.012300,4.323
709000,520,433,953,106,110,250,277.24,0.9474,0.5481,0.211175,2,26,29,206.00,0.8376,0.0991,0.008404,4.472
709036,520,423,943,250,22,24,28.37,0.9903,0.5636,0.209675,25,27,7,114.04,0.6026,0.1119,0.010059,4.324
709045,520,350,870,205,115,189,333.97,0.6237,0.6279,0.289162,16,52,20,145.54,0.9051,0.1875,0.026166,4.453
709064,520,411,931,221,39,202,333.25,0.9383,0.5707,0.210898,38,16,51,311.06,0.6292,0.1223,0.010217,4.333
709069,520,376,896,227,55,219,330.17,0.9327,0.6027,0.241801,19,38,60,253.20,0.5182,0.1612,0.018508,4.259
709094,520,331,851,245,58,219,334.62,0.9517,0.6358,0.275559,71,30,49,352.84,0.5191,0.1993,0.024901,4.347
709098,520,467,987,182,23,236,314.22,0.9753,0.5218,0.166152,8,4,18,297.45,0.5643,0.0431,0.001821,4.171
709129,520,454,974,236,1,74,16.68,0.9991,0.5344,0.183522,28,6,12,4.42,0.5819,0.0696,0.004037,4.322
709133,520,479,999,211,30,133,352.97,0.9022,0.5104,0.164732,1,0,3,302.89,1.0000,0.0124,0.000130,4.283
709141,520,275,795,222,126,247,319.05,0.9300,0.7001,0.371682,31,68,40,149.87,0.6887,0.2532,0.045786,4.402
709153,520,422,942,242,31,80,16.94,0.9672,0.5575,0.204398,41,6,44,324.58,0.7637,0.1074,0.007836,4.399
709157,520,477,997,228,5,42,24.33,0.9963,0.5132,0.167727,4,1,6,314.84,0.6159,0.0242,0.000607,4.302
709158,520,457,977,210,51,152,346.78,0.8291,0.5321,0.183385,11,10,23,286.20,0.3923,0.0616,0.003501,4.362
709175,520,431,951,162,96,210,308.85,0.7051,0.5491,0.207008,45,8,0,38.99,1.0000,0.1001,0.007316,4.484
709188,520,444,964,218,54,116,3.11,0.8358,0.5353,0.188072,14,11,47,280.72,0.7431,0.0830,0.005379,4.299
709192,520,299,819,238,127,85,40.98,0.8116,0.6662,0.340144,33,63,11,134.98,0.9340,0.2328,0.039024,4.382
709204,520,470,990,202,77,32,38.56,0.8904,0.5155,0.179707,7,4,19,292.31,0.5889,0.0427,0.001790,4.435
709206,520,463,983,177,61,228,313.12,0.8823,0.5347,0.182870,24,0,9,356.07,1.0000,0.0497,0.002139,4.466
709209,520,461,981,215,2,176,339.05,0.9959,0.5307,0.176274,2,10,4,153.09,0.7143,0.0464,0.002387,4.319
709213,520,478,998,203,43,156,343.08,0.8452,0.5145,0.168266,0,0,17,264.05,1.0000,0.0212,0.000405,4.330
709225,520,394,914,254,15,143,357.89,0.9920,0.5944,0.233993,59,16,16,23.57,0.7072,0.1422,0.013379,4.481
709235,520,422,942,247,23,29,27.82,0.9887,0.5579,0.204792,42,15,11,30.08,0.5816,0.1080,0.008581,4.349
709249,520,447,967,177,70,223,313.78,0.8460,0.5410,0.190561,26,14,18,357.84,0.2870,0.0837,0.005774,4.313
709255,520,294,814,250,122,86,36.60,0.9342,0.6764,0.349180,33,61,72,225.30,0.4180,0.2446,0.041286,4.373
709278,520,352,872,236,34,236,328.26,0.9804,0.6163,0.250356,30,31,99,275.56,0.8039,0.1857,0.021568,4.197
709279,520,408,928,205,70,197,330.31,0.8182,0.5668,0.213924,57,6,19,11.36,0.8158,0.1259,0.010473,4.364
709292,520,422,942,215,26,212,329.05,0.9672,0.5601,0.199414,20,20,48,280.63,0.5460,0.1070,0.008624,4.254
709307,520,423,943,219,32,189,336.40,0.9405,0.5554,0.197695,27,2,77,286.63,0.9743,0.1143,0.008122,4.262
709321,520,373,893,234,30,225,330.44,0.9789,0.6038,0.238598,36,33,63,286.63,0.4459,0.1640,0.018216,4.231
709326,520,435,955,209,47,201,330.35,0.9003,0.5544,0.198073,24,8,49,296.22,0.7687,0.0899,0.005896,4.438
709330,520,390,910,241,14,184,342.87,0.9878,0.5872,0.224786,66,0,53,338.50,1.0000,0.1537,0.014155,4.283
709351,520,448,968,214,70,97,13.39,0.7820,0.5393,0.195419,30,7,33,322.97,0.6632,0.0842,0.005378,4.432
709363,520,470,990,214,30,144,349.68,0.9100,0.5212,0.172407,17,1,13,336.69,0.7736,0.0432,0.001700,4.302
709379,520,456,976,233,32,4,30.76,0.9961,0.5312,0.183686,19,0,34,307.31,1.0000,0.0567,0.002540,4.448
709383,520,356,876,226,57,238,325.09,0.9496,0.6150,0.252702,61,26,58,330.60,0.5579,0.1798,0.020365,4.302
709396,520,407,927,196,92,179,334.01,0.6747,0.5719,0.226462,19,30,48,259.92,0.4179,0.1312,0.012804,4.402
709397,520,440,960,195,6,249,315.23,0.9964,0.5490,0.185733,11,23,3,133.11,0.8616,0.0876,0.006905,4.143
709402,520,345,865,247,46,222,334.24,0.9688,0.6328,0.270051,69,10,87,316.37,0.8467,0.1944,0.021706,4.463
709412,520,464,984,224,32,70,18.39,0.9507,0.5187,0.173253,10,7,18,296.56,0.3894,0.0520,0.002602,4.244
709418,520,378,898,238,10,221,332.37,0.9948,0.6025,0.236175,67,7,48,344.43,0.7965,0.1599,0.015588,4.363
709428,520,421,941,244,44,29,29.67,0.9722,0.5628,0.211266,51,3,18,7.50,0.8533,0.1091,0.008127,4.495
709456,520,241,761,246,121,249,326.53,0.9718,0.7261,0.401094,75,66,0,100.57,1.0000,0.2819,0.053924,4.341
709457,520,319,839,206,127,191,334.07,0.5804,0.6518,0.320635,41,53,55,208.77,0.1592,0.2186,0.032934,4.469
709461,520,362,882,227,52,229,327.62,0.9484,0.6069,0.244463,5,44,67,240.30,0.8272,0.1773,0.022388,4.068
709465,520,416,936,240,28,144,355.29,0.9589,0.5713,0.213725,26,19,58,287.20,0.6507,0.1187,0.009908,4.402
709479,520,352,872,253,81,34,35.20,0.9884,0.6161,0.268866,30,30,103,275.43,0.8351,0.1880,0.021837,4.439
709486,520,480,1000,224,14,39,25.14,0.9892,0.5064,0.163107,0,0,0,0.00,0.0000,0.0000,0.000000,4.262
709488,520,470,990,157,65,239,303.64,0.9066,0.5200,0.171812,18,1,5,2.79,0.7805,0.0415,0.001613,4.298
709505,520,193,713,236,160,252,320.47,0.9696,0.7801,0.500042,56,84,29,131.93,0.7830,0.3194,0.072700,4.483
709506,520,415,935,207,7,248,318.59,0.9963,0.5679,0.201964,35,23,30,343.28,0.2463,0.1201,0.010639,4.155
709517,520,475,995,183,6,238,314.30,0.9947,0.5202,0.163718,1,0,30,268.84,1.0000,0.0339,0.001002,4.190
709518,520,453,973,185,27,239,314.33,0.9719,0.5308,0.173313,10,4,50,278.62,0.9253,0.0705,0.003816,4.150
709523,520,381,901,254,60,45,29.36,0.9953,0.5970,0.244957,7,41,52,223.78,0.7540,0.1595,0.018789,4.288
709530,520,459,979,232,24,12,29.55,0.9891,0.5254,0.178387,7,13,15,219.32,0.2248,0.0614,0.003675,4.255
709531,520,475,995,228,7,81,13.82,0.9912,0.5201,0.172430,11,0,1,15.48,1.0000,0.0273,0.000734,4.384
709532,520,421,941,246,31,4,30.50,0.9971,0.5582,0.205851,26,15,59,289.31,0.7241,0.1122,0.008770,4.353
709533,520,317,837,247,89,211,337.95,0.9446,0.6648,0.316249,48,50,56,271.05,0.0873,0.2172,0.031951,4.469
709534,520,455,975,226,7,114,2.19,0.9871,0.5253,0.175384,6,14,14,195.88,0.2987,0.0626,0.003845,4.186
709541,520,334,854,223,82,242,322.74,0.9375,0.6369,0.281353,71,36,8,54.89,0.7732,0.2008,0.026191,4.349
709552,520,39,559,210,250,238,175.24,0.7089,0.9459,0.882448,15,130,10,142.35,0.9946,0.4525,0.160881,4.422
709554,520,391,911,228,64,173,344.54,0.8540,0.5867,0.231804,60,14,43,345.59,0.6879,0.1511,0.014493,4.370
709564,520,409,929,212,89,123,5.56,0.6812,0.5695,0.225740,43,15,59,310.88,0.7024,0.1340,0.011711,4.468
709565,520,435,955,223,58,121,2.55,0.8360,0.5503,0.200972,3,25,4,144.29,0.9594,0.0888,0.007234,4.385
709579,520,404,924,255,34,17,29.84,1.0000,0.5790,0.224484,35,21,55,300.51,0.5712,0.1305,0.011695,4.449
709592,520,456,976,230,15,88,12.08,0.9804,0.5280,0.178722,7,9,31,275.08,0.6331,0.0613,0.003395,4.284
709593,520,465,985,162,83,193,315.46,0.6963,0.5163,0.177189,10,7,19,295.13,0.4147,0.0524,0.002635,4.316
709598,520,294,814,249,125,70,43.13,0.9304,0.6777,0.352522,15,68,0,140.02,1.0000,0.2401,0.042356,4.358
709603,520,292,812,251,118,138,12.70,0.9094,0.6828,0.353041,37,60,65,212.82,0.3158,0.2408,0.040066,4.475
709616,520,399,919,144,119,225,292.31,0.7045,0.5818,0.245591,8,40,5,141.57,0.9669,0.1409,0.015801,4.492
709626,520,478,998,181,78,134,348.98,0.6273,0.5051,0.169951,3,0,4,321.50,1.0000,0.0174,0.000281,4.374
709637,520,321,841,222,106,210,331.46,0.7892,0.6482,0.304927,16,58,0,138.81,1.0000,0.2056,0.031362,4.362
709641,520,378,898,238,90,17,40.87,0.9771,0.5993,0.255330,6,46,4,142.10,0.9823,0.1606,0.020014,4.361
709650,520,426,946,232,21,156,349.48,0.9659,0.5580,0.200953,11,22,55,266.81,0.7073,0.1107,0.009208,4.239
709655,520,337,857,212,98,242,318.76,0.9118,0.6409,0.291447,43,49,41,137.86,0.1485,0.2032,0.028703,4.338
709669,520,356,876,233,73,202,336.69,0.8848,0.6193,0.263555,23,41,75,261.98,0.5843,0.1826,0.022759,4.309
709679,520,375,895,240,38,189,341.53,0.9545,0.5971,0.235886,27,17,101,276.92,0.9245,0.1618,0.015734,4.349
709681,520,475,995,218,18,133,354.10,0.9550,0.5191,0.170340,5,1,16,297.00,0.8102,0.0308,0.000914,4.328
709715,520,321,841,253,29,251,328.73,0.9938,0.6535,0.287295,68,31,81,316.50,0.6218,0.2147,0.028031,4.323
709724,520,387,907,238,80,16,38.07,0.9803,0.5858,0.239550,6,28,87,264.00,0.9244,0.1530,0.015572,4.416
709746,520,347,867,239,76,202,338.31,0.8995,0.6325,0.277866,53,39,46,347.18,0.2011,0.1896,0.024052,4.427
709763,520,334,854,242,88,188,344.25,0.8857,0.6442,0.294903,13,56,25,149.12,0.9252,0.2010,0.029840,4.320
709769,520,440,960,239,40,4,31.48,0.9964,0.5486,0.198804,6,0,76,269.19,1.0000,0.0928,0.005605,4.475
709806,520,13,533,252,249,238,94.20,0.6358,0.9784,0.946200,64,131,30,137.39,0.9539,0.4730,0.174158,4.444
709809,520,373,893,220,59,232,324.95,0.9338,0.6028,0.241718,15,25,92,269.10,0.9057,0.1563,0.015694,4.441
709815,520,416,936,237,26,146,353.95,0.9595,0.5653,0.208217,11,21,71,268.69,0.8671,0.1234,0.010624,4.259
709821,520,330,850,247,31,247,328.28,0.9892,0.6413,0.274724,87,15,39,6.28,0.7880,0.2053,0.025147,4.321
709868,520,480,1000,226,22,24,28.16,0.9845,0.5123,0.168115,0,0,0,0.00,0.0000,0.0000,0.000000,4.362
709869,520,424,944,239,53,51,26.98,0.9445,0.5615,0.211392,2,19,71,263.55,0.9581,0.1146,0.009335,4.405
709886,520,408,928,197,90,181,333.50,0.6910,0.5714,0.225203,12,35,11,142.86,0.8600,0.1271,0.013043,4.365
709887,520,401,921,232,66,142,357.02,0.8400,0.5826,0.230080,12,14,96,269.43,0.9662,0.1414,0.012367,4.491
709891,520,412,932,247,19,102,10.00,0.9826,0.5682,0.212027,50,3,49,329.15,0.8412,0.1229,0.009651,4.393
709894,520,381,901,240,82,61,30.61,0.9166,0.5957,0.248999,48,32,36,2.50,0.2380,0.1616,0.017888,4.404
709901,520,375,895,247,12,190,342.47,0.9920,0.6013,0.237580,2,28,94,262.92,0.9748,0.1592,0.016514,4.324
709921,520,460,980,215,15,173,340.04,0.9690,0.5320,0.178082,18,4,34,302.16,0.7671,0.0637,0.003309,4.278
709931,520,171,691,216,191,186,31.15,0.2424,0.7956,0.554064,27,91,89,192.08,0.7423,0.3428,0.084361,4.496
709953,520,457,977,198,34,202,327.10,0.9257,0.5274,0.174158,8,3,41,280.28,0.9107,0.0581,0.002768,4.248
709994,520,307,827,232,103,229,328.45,0.8896,0.6690,0.325156,22,49,105,262.71,0.7702,0.2280,0.033869,4.473
709996,520,307,827,241,121,112,25.91,0.8213,0.6654,0.335481,21,62,57,184.33,0.6488,0.2343,0.038999,4.331
710024,520,465,985,209,6,171,339.08,0.9851,0.5173,0.166280,2,9,26,259.39,0.7328,0.0538,0.002828,4.094
710028,520,369,889,251,49,157,354.20,0.9641,0.6095,0.251436,41,36,47,305.62,0.1879,0.1675,0.019384,4.344
710045,520,448,968,223,39,129,357.63,0.8968,0.5378,0.187266,19,10,38,294.88,0.6320,0.0787,0.004955,4.317
710058,520,462,982,215,32,163,343.47,0.9139,0.5335,0.181268,3,7,27,267.46,0.7297,0.0510,0.002504,4.405
710060,520,473,993,228,19,57,21.45,0.9817,0.5189,0.172581,6,1,19,296.63,0.8395,0.0338,0.001074,4.358
710063,520,390,910,175,95,240,306.78,0.8623,0.5851,0.235903,48,31,16,61.48,0.4716,0.1533,0.016458,4.302
710073,520,432,952,207,53,191,332.75,0.8630,0.5496,0.195751,0,18,56,259.80,1.0000,0.0960,0.007181,4.298
710078,520,456,976,144,95,211,300.71,0.7076,0.5259,0.188171,2,4,49,267.46,0.9709,0.0633,0.003215,4.476
710089,520,445,965,241,18,28,27.59,0.9908,0.5433,0.192206,11,7,56,276.42,0.9076,0.0828,0.005086,4.397
710090,520,462,982,237,17,20,28.42,0.9912,0.5339,0.184592,13,5,24,302.03,0.6128,0.0536,0.002601,4.460
710104,520,199,719,254,140,250,328.46,0.9958,0.7671,0.467314,41,68,149,266.49,0.7624,0.3243,0.067753,4.393
710118,520,272,792,234,145,100,47.03,0.7246,0.6971,0.386655,39,70,7,133.14,0.9625,0.2596,0.048269,4.443
710121,520,473,993,217,17,134,353.50,0.9567,0.5172,0.168763,7,0,21,299.43,1.0000,0.0334,0.000993,4.290
710125,520,210,730,254,161,109,49.31,0.9692,0.7582,0.476673,36,86,19,139.04,0.9549,0.3119,0.070774,4.361
710140,520,440,960,191,4,255,312.90,1.0000,0.5474,0.183845,0,26,11,156.22,1.0000,0.0916,0.007629,4.058
710149,520,385,905,247,49,136,0.51,0.9336,0.5939,0.237517,63,16,24,13.92,0.6919,0.1521,0.014935,4.428
710158,520,392,912,238,23,192,340.02,0.9774,0.5885,0.225986,36,22,76,289.91,0.7200,0.1513,0.014707,4.265
710169,520,480,1000,138,94,198,301.12,0.6518,0.5077,0.174861,0,0,0,0.00,0.0000,0.0000,0.000000,4.497
710180,520,286,806,234,113,242,325.07,0.9307,0.6935,0.357155,9,68,21,146.00,0.9784,0.2406,0.042463,4.403
710184,520,450,970,229,38,117,3.15,0.9163,0.5448,0.193315,13,16,14,156.48,0.1024,0.0730,0.004878,4.434
710187,520,470,990,177,75,189,323.35,0.7368,0.5238,0.180545,2,2,27,272.34,0.9311,0.0379,0.001354,4.489
710189,520,433,953,211,74,136,355.86,0.7417,0.5516,0.205262,44,6,16,8.73,0.7436,0.0988,0.007032,4.476
710206,520,401,921,252,37,41,27.20,0.9880,0.5759,0.221824,26,25,63,280.82,0.6066,0.1355,0.012737,4.333
710211,520,475,995,194,63,152,343.02,0.7518,0.5154,0.172931,6,0,18,300.71,1.0000,0.0302,0.000824,4.386
710219,520,423,943,197,23,248,315.78,0.9838,0.5558,0.192618,23,4,71,284.67,0.9462,0.1056,0.007239,4.239
710228,520,392,912,222,62,206,332.45,0.8919,0.5922,0.234333,21,12,99,274.18,0.9594,0.1484,0.013231,4.497
710241,520,448,968,184,58,220,317.51,0.8770,0.5361,0.183850,8,1,62,273.52,0.9922,0.0774,0.004211,4.314
710243,520,432,952,247,11,18,28.43,0.9957,0.5537,0.200608,4,23,46,253.86,0.7573,0.1021,0.008358,4.294
710257,520,347,867,215,120,120,20.66,0.5934,0.6257,0.292380,45,46,32,111.18,0.2490,0.1938,0.026162,4.495
710298,520,366,886,209,83,233,320.88,0.8858,0.6111,0.256266,57,33,10,61.51,0.6741,0.1709,0.019796,4.388
710313,520,361,881,226,110,73,38.23,0.7769,0.6151,0.278041,14,49,38,169.21,0.7170,0.1815,0.024298,4.415
710314,520,392,912,254,32,91,14.94,0.9933,0.5850,0.228629,3,44,18,151.10,0.9750,0.1547,0.018643,4.059
710322,520,360,880,253,9,199,341.30,0.9956,0.6169,0.252049,68,25,47,350.74,0.5726,0.1843,0.021296,4.237
710324,520,313,833,222,113,207,332.67,0.7629,0.6575,0.318467,39,58,1,127.43,0.9881,0.2199,0.034596,4.356
710328,520,340,860,252,24,228,333.81,0.9908,0.6354,0.269533,83,3,70,336.68,0.8983,0.2024,0.023466,4.349
710332,520,386,906,185,92,234,312.11,0.8449,0.5895,0.239100,17,34,64,260.93,0.6049,0.1518,0.016333,4.358
710347,520,412,932,202,28,250,316.61,0.9807,0.5675,0.202907,10,25,57,263.20,0.7124,0.1191,0.010551,4.177
710365,520,330,850,206,119,191,333.63,0.6148,0.6373,0.300785,15,57,33,154.70,0.8632,0.2070,0.031375,4.311
710368,520,345,865,248,84,134,5.68,0.9099,0.6288,0.280215,32,42,75,269.59,0.4846,0.1917,0.024709,4.420
710376,520,452,972,192,94,51,42.90,0.7492,0.5278,0.194526,12,17,6,127.77,0.4580,0.0725,0.004922,4.452
710377,520,381,901,243,26,189,342.02,0.9759,0.5973,0.234707,37,26,73,290.13,0.6431,0.1573,0.016131,4.305
710395,520,457,977,220,42,129,357.22,0.8793,0.5340,0.184591,23,6,14,351.27,0.5091,0.0629,0.003441,4.390
710402,520,449,969,214,37,168,341.69,0.8991,0.5372,0.184487,9,3,56,275.78,0.9641,0.0745,0.004087,4.335
710416,520,360,880,243,65,191,342.34,0.9176,0.6230,0.265998,25,37,85,269.48,0.6839,0.1819,0.021856,4.398
710417,520,326,846,241,61,245,327.12,0.9671,0.6474,0.286334,12,43,106,262.27,0.8901,0.2099,0.028464,4.287
710427,520,434,954,241,1,84,14.25,0.9991,0.5471,0.193659,36,18,3,60.80,0.7370,0.1026,0.008143,4.191
710428,520,466,986,222,48,38,28.81,0.9415,0.5214,0.177862,15,7,10,353.74,0.2756,0.0537,0.002754,4.319
710434,520,466,986,182,6,242,313.14,0.9951,0.5221,0.164873,12,6,2,67.05,0.4936,0.0456,0.002128,4.122
710438,520,378,898,245,16,199,339.61,0.9896,0.6034,0.239097,20,45,2,134.96,0.9802,0.1634,0.020298,4.112
710442,520,329,849,253,30,239,331.44,0.9926,0.6461,0.280463,35,34,112,276.21,0.8219,0.2093,0.026711,4.308
710444,520,367,887,225,62,225,328.03,0.9256,0.6090,0.248913,27,35,76,272.16,0.6047,0.1707,0.019568,4.297
710445,520,296,816,245,95,238,329.61,0.9571,0.6834,0.337725,34,65,32,142.69,0.6996,0.2433,0.042248,4.203
710466,520,370,890,220,58,245,321.85,0.9578,0.6110,0.248363,62,29,7,51.02,0.7537,0.1700,0.019184,4.313
710479,520,363,883,224,58,228,327.03,0.9349,0.6059,0.244770,66,4,70,325.37,0.8752,0.1697,0.016874,4.408
710485,520,468,988,210,46,141,350.63,0.8413,0.5228,0.175809,10,0,22,305.67,1.0000,0.0373,0.001225,4.408
710490,520,421,941,227,74,52,31.14,0.8941,0.5602,0.214791,41,13,38,331.72,0.6004,0.1134,0.008993,4.489
710494,520,480,1000,213,41,95,9.06,0.8821,0.5080,0.165607,0,0,0,0.00,0.0000,0.0000,0.000000,4.312
710499,520,460,980,154,75,235,302.45,0.8711,0.5253,0.179007,19,5,25,315.25,0.6314,0.0608,0.003172,4.307
710501,520,411,931,210,46,227,323.73,0.9403,0.5730,0.212035,42,16,42,327.34,0.5686,0.1223,0.010300,4.345
710505,520,396,916,239,59,116,7.35,0.8858,0.5801,0.227427,51,16,42,338.68,0.6109,0.1371,0.012417,4.445
710515,520,464,984,168,76,200,316.36,0.7529,0.5191,0.176647,12,6,20,303.39,0.4886,0.0526,0.002589,4.310
710518,520,258,778,252,128,170,0.08,0.9157,0.7106,0.390389,9,72,66,185.00,0.9024,0.2669,0.050859,4.366
710524,520,473,993,214,15,148,347.88,0.9608,0.5170,0.167783,5,0,21,292.70,1.0000,0.0311,0.000864,4.282
710528,520,441,961,233,46,38,28.54,0.9551,0.5423,0.194206,14,22,1,125.70,0.9291,0.0865,0.006694,4.307
710544,520,452,972,216,56,112,4.65,0.8250,0.5320,0.185996,27,1,31,322.71,0.8690,0.0677,0.003537,4.408
710557,520,125,645,241,197,221,344.43,0.6398,0.8470,0.638549,95,92,55,104.30,0.4140,0.3847,0.103631,4.482
710580,520,366,886,228,81,179,343.40,0.8128,0.6081,0.256359,4,48,11,145.54,0.9827,0.1677,0.021638,4.276
710582,520,465,985,120,104,210,287.42,0.6793,0.5167,0.185466,2,12,10,182.45,0.6315,0.0531,0.002978,4.445
710584,520,405,925,217,17,242,322.38,0.9905,0.5820,0.215654,56,7,29,358.11,0.7673,0.1285,0.010816,4.368
710588,520,412,932,191,73,230,316.48,0.8706,0.5702,0.215558,10,28,43,245.87,0.5516,0.1169,0.010694,4.375
710596,520,291,811,253,95,198,343.97,0.9790,0.6755,0.331473,1,68,21,147.34,0.9976,0.2385,0.041947,4.149
710618,520,405,925,206,70,221,323.60,0.8743,0.5836,0.227242,38,22,53,306.18,0.5341,0.1348,0.012430,4.441
710670,520,344,864,230,110,107,23.30,0.7485,0.6281,0.290389,50,43,41,36.50,0.0960,0.1941,0.025660,4.499
710677,520,399,919,254,1,113,7.02,0.9993,0.5817,0.222885,42,27,32,357.43,0.2521,0.1398,0.013804,4.277
710680,520,290,810,174,153,214,299.96,0.4940,0.6783,0.366363,1,68,44,161.75,0.9936,0.2437,0.043223,4.466
710692,520,370,890,186,101,236,311.10,0.8364,0.6059,0.258035,9,46,24,153.39,0.8988,0.1652,0.020779,4.352
710695,520,403,923,206,72,218,324.37,0.8626,0.5838,0.228202,14,26,69,267.79,0.7690,0.1342,0.012618,4.443
710707,520,372,892,167,112,243,300.66,0.8412,0.6057,0.262752,8,36,87,261.17,0.8808,0.1727,0.020014,4.467
710726,520,474,994,179,13,240,312.63,0.9887,0.5172,0.161639,4,2,13,292.44,0.6438,0.0309,0.000983,4.151
710750,520,394,914,240,21,191,340.73,0.9809,0.5910,0.228262,21,27,70,273.01,0.6890,0.1420,0.013854,4.358
710753,520,452,972,179,20,251,310.17,0.9854,0.5292,0.170500,19,11,8,42.32,0.2634,0.0659,0.003953,4.087
710762,520,441,961,227,48,100,10.12,0.8911,0.5428,0.193677,21,17,28,300.91,0.2779,0.0887,0.006442,4.317
710782,520,329,849,249,44,249,328.22,0.9829,0.6521,0.287835,4,48,97,255.18,0.9221,0.2120,0.030026,4.222
710785,520,461,981,224,18,128,357.16,0.9621,0.5292,0.178411,24,1,14,346.57,0.8054,0.0538,0.002476,4.353
710792,520,445,965,219,53,126,359.16,0.8393,0.5398,0.191151,21,12,34,300.87,0.5257,0.0817,0.005379,4.355
710800,520,473,993,129,83,248,290.15,0.9391,0.5190,0.176308,7,1,11,315.32,0.7319,0.0304,0.000910,4.445
710822,520,422,942,202,69,189,331.98,0.7993,0.5560,0.204886,41,8,50,318.14,0.7566,0.1144,0.008754,4.338
710827,520,415,935,219,13,223,327.35,0.9899,0.5706,0.206778,37,9,58,306.30,0.7853,0.1162,0.008942,4.356
710860,520,470,990,232,1,67,18.29,0.9990,0.5245,0.175859,14,1,23,311.37,0.8440,0.0449,0.001769,4.363
710882,520,462,982,216,27,148,348.65,0.9254,0.5255,0.175233,23,2,10,355.80,0.7304,0.0531,0.002475,4.292
710898,520,457,977,187,76,169,334.39,0.7049,0.5291,0.185997,2,16,4,148.06,0.9180,0.0617,0.003922,4.377
710915,520,376,896,244,79,13,37.54,0.9871,0.5957,0.248574,70,12,34,2.55,0.7592,0.1646,0.016807,4.469
710925,520,330,850,218,97,224,325.72,0.8453,0.6371,0.288384,11,34,126,265.62,0.9469,0.2121,0.027214,4.382
710940,520,453,973,195,78,146,347.37,0.6816,0.5336,0.191279,1,8,48,264.53,0.9485,0.0691,0.003935,4.474
710941,520,381,901,234,8,225,330.48,0.9957,0.5976,0.231050,41,35,26,77.81,0.2130,0.1566,0.017481,4.165
710946,520,395,915,222,43,230,326.19,0.9582,0.5931,0.229727,47,24,36,348.02,0.3942,0.1421,0.013850,4.381
710991,520,469,989,231,14,16,28.62,0.9924,0.5199,0.173435,19,2,1,31.30,0.8395,0.0440,0.001841,4.310
711043,520,358,878,206,83,255,314.65,1.0000,0.6219,0.265297,63,31,15,46.07,0.6170,0.1771,0.020714,4.459
711049,520,444,964,182,50,239,312.70,0.9304,0.5408,0.184593,8,3,60,273.58,0.9742,0.0785,0.004430,4.310
711067,520,413,933,215,55,191,334.98,0.8723,0.5652,0.209432,8,10,84,268.88,0.9712,0.1186,0.009087,4.391
711074,520,368,888,250,7,190,343.08,0.9958,0.6061,0.241970,74,11,29,9.55,0.7990,0.1703,0.017841,4.304
711075,520,392,912,224,60,203,333.85,0.8957,0.5921,0.233931,51,25,26,18.04,0.4147,0.1468,0.014737,4.386
711080,520,310,830,252,38,254,327.81,0.9972,0.6575,0.292404,24,21,140,270.27,0.9728,0.2157,0.026238,4.491
711084,520,466,986,228,7,80,14.15,0.9913,0.5199,0.172281,13,1,30,300.12,0.9014,0.0488,0.002010,4.274
711090,520,357,877,253,81,53,31.90,0.9875,0.6178,0.270281,23,45,45,195.66,0.3879,0.1762,0.022483,4.419
711093,520,451,971,231,13,130,357.74,0.9788,0.5427,0.188914,8,9,44,274.73,0.8143,0.0724,0.004288,4.401
711107,520,414,934,240,5,161,349.38,0.9944,0.5721,0.212101,4,29,48,244.59,0.7669,0.1199,0.011179,4.284
711117,520,431,951,203,55,201,328.60,0.8680,0.5508,0.196477,28,16,36,310.69,0.4579,0.0990,0.007448,4.290
711128,520,369,889,247,73,100,16.39,0.9297,0.6051,0.254627,25,34,85,271.48,0.7122,0.1747,0.020065,4.348
711131,520,478,998,117,104,198,287.44,0.6166,0.5052,0.177596,4,1,5,320.09,0.5789,0.0237,0.000585,4.499
711157,520,463,983,141,85,239,295.64,0.8715,0.5275,0.183918,20,5,4,27.32,0.5461,0.0535,0.002661,4.442
711164,520,356,876,238,83,156,354.85,0.8359,0.6177,0.267668,0,44,74,244.89,1.0000,0.1806,0.022956,4.354
711170,520,435,955,231,37,115,4.16,0.9240,0.5475,0.195528,14,21,21,196.29,0.1754,0.0891,0.006838,4.320
711174,520,438,958,218,64,139,354.91,0.8005,0.5537,0.204387,0,19,48,255.81,0.9999,0.0912,0.006791,4.479
711175,520,435,955,167,65,253,304.15,0.9847,0.5455,0.190885,19,19,11,107.83,0.2573,0.0851,0.006284,4.280
711178,520,400,920,230,85,30,38.66,0.9429,0.5783,0.234165,2,38,44,211.07,0.9081,0.1437,0.015809,4.318
711179,520,387,907,206,74,225,322.41,0.8743,0.5906,0.234572,40,11,87,292.52,0.8801,0.1515,0.013786,4.461
711180,520,465,985,137,91,223,295.96,0.7774,0.5197,0.181283,0,7,33,260.48,1.0000,0.0527,0.002617,4.396
711196,520,463,983,223,15,138,353.37,0.9684,0.5303,0.178673,7,6,14,290.32,0.3317,0.0451,0.002071,4.392
711201,520,465,985,115,88,254,283.90,0.9907,0.5186,0.177796,12,8,7,36.56,0.1455,0.0519,0.002672,4.325
711210,520,379,899,240,64,157,352.96,0.8790,0.6012,0.246294,47,32,34,9.93,0.2224,0.1594,0.017529,4.388
711229,520,465,985,218,17,142,350.92,0.9584,0.5227,0.172618,17,2,14,334.71,0.6905,0.0461,0.001943,4.286
711267,520,400,920,249,35,109,8.90,0.9603,0.5808,0.224495,39,28,44,315.01,0.3114,0.1437,0.014437,4.260
711278,520,411,931,247,4,109,7.31,0.9964,0.5666,0.209686,36,12,61,302.01,0.7620,0.1214,0.009750,4.346
711297,520,480,1000,132,82,235,293.37,0.8601,0.5091,0.169383,0,0,0,0.00,0.0000,0.0000,0.000000,4.388
711305,520,415,935,245,22,107,8.24,0.9767,0.5664,0.210513,10,32,23,164.50,0.6112,0.1195,0.011594,4.230
711317,520,325,845,233,90,225,329.99,0.8958,0.6513,0.300745,13,54,62,213.28,0.7217,0.2079,0.030716,4.345
711336,520,359,879,199,108,205,324.94,0.6916,0.6158,0.272763,17,38,86,263.77,0.7674,0.1806,0.021772,4.497
711343,520,331,851,251,55,203,340.36,0.9744,0.6352,0.275566,77,16,60,341.31,0.7407,0.1954,0.022748,4.475
711344,520,437,957,222,5,191,336.44,0.9932,0.5535,0.194022,0,15,55,261.19,1.0000,0.0886,0.006174,4.344
711358,520,417,937,157,95,250,298.19,0.9362,0.5707,0.222549,43,22,2,62.89,0.8358,0.1221,0.010919,4.474
711370,520,459,979,232,28,70,18.76,0.9667,0.5333,0.184316,12,7,22,298.21,0.4824,0.0558,0.002880,4.431
711387,520,410,930,196,83,195,327.95,0.7517,0.5676,0.218639,16,20,78,272.17,0.8747,0.1318,0.011605,4.361
711391,520,470,990,189,38,216,320.72,0.9272,0.5248,0.171643,17,3,4,15.68,0.5891,0.0448,0.001931,4.268
711392,520,460,980,178,76,195,321.71,0.7496,0.5306,0.185751,21,4,17,336.61,0.6081,0.0572,0.002868,4.459
711395,520,364,884,247,77,107,14.63,0.9217,0.6112,0.261467,9,49,10,143.43,0.9653,0.1729,0.022765,4.280
711399,520,241,761,255,114,242,331.20,1.0000,0.7253,0.397081,93,53,49,26.30,0.4044,0.2827,0.050954,4.429
711404,520,451,971,202,50,187,332.54,0.8573,0.5359,0.184274,25,5,22,333.43,0.6266,0.0672,0.003732,4.360
711409,520,387,907,253,46,66,22.98,0.9891,0.5865,0.232337,32,14,93,283.01,0.8998,0.1529,0.014114,4.404
711410,520,479,999,188,55,172,333.27,0.7955,0.5072,0.164038,1,0,1,328.36,1.0000,0.0103,0.000086,4.273
711425,520,430,950,233,59,43,29.70,0.9355,0.5542,0.206290,35,5,52,309.92,0.8236,0.1027,0.007138,4.485
711435,520,423,943,202,16,252,316.36,0.9914,0.5650,0.199570,47,7,24,358.50,0.7244,0.1088,0.008223,4.286
711458,520,382,902,244,56,164,350.85,0.9135,0.6045,0.247449,68,14,36,359.87,0.7236,0.1636,0.016706,4.459
711460,520,394,914,254,21,128,2.80,0.9920,0.5908,0.231694,54,12,53,328.83,0.7231,0.1435,0.013044,4.468
711470,520,471,991,148,74,234,300.57,0.8690,0.5155,0.171343,5,5,7,285.40,0.1273,0.0379,0.001561,4.293
711481,520,441,961,153,89,224,302.65,0.7870,0.5361,0.192992,2,6,68,266.05,0.9805,0.0890,0.005605,4.370
711539,520,361,881,254,69,107,13.95,0.9894,0.6158,0.263922,22,32,99,270.31,0.8531,0.1822,0.021043,4.419
711544,520,454,974,223,36,104,6.75,0.9150,0.5274,0.179519,2,10,40,264.12,0.8874,0.0662,0.003832,4.264
711546,520,340,860,246,93,129,9.22,0.8799,0.6352,0.290096,79,29,15,36.41,0.7465,0.2025,0.025757,4.489
711550,520,358,878,241,58,203,338.09,0.9313,0.6198,0.260415,34,40,56,268.45,0.2689,0.1757,0.021432,4.346
711567,520,399,919,193,93,199,325.27,0.7180,0.5799,0.232910,13,38,21,152.09,0.7124,0.1396,0.015259,4.335
711585,520,437,957,205,4,229,322.38,0.9965,0.5489,0.187249,45,0,6,18.28,1.0000,0.0889,0.005711,4.259
711589,520,371,891,233,89,146,358.84,0.7884,0.6130,0.265464,26,45,30,150.05,0.4478,0.1727,0.021901,4.387
711596,520,448,968,238,6,71,17.90,0.9950,0.5391,0.187656,30,8,10,16.11,0.5511,0.0758,0.004716,4.343
711601,520,475,995,218,7,135,353.15,0.9827,0.5170,0.168092,2,1,25,274.45,0.9559,0.0335,0.001048,4.272
711602,520,358,878,183,108,251,305.73,0.9408,0.6235,0.277581,0,47,66,231.57,1.0000,0.1841,0.024262,4.411
711617,520,374,894,229,21,240,325.74,0.9896,0.6021,0.234880,41,0,100,289.92,1.0000,0.1571,0.013915,4.457
711626,520,354,874,224,85,197,336.13,0.8213,0.6155,0.263777,59,35,10,63.64,0.6910,0.1788,0.021539,4.386
711631,520,441,961,237,16,64,20.10,0.9871,0.5382,0.187485,1,26,11,155.27,0.9734,0.0923,0.007694,4.116
711637,520,423,943,240,47,68,21.88,0.9446,0.5612,0.209789,42,14,33,341.41,0.5586,0.1140,0.009162,4.391
711638,520,268,788,253,100,234,332.86,0.9897,0.6997,0.359403,30,42,150,269.54,0.9232,0.2638,0.041337,4.482
711675,520,333,853,220,93,238,322.53,0.9091,0.6432,0.292192,38,47,52,232.30,0.1486,0.1971,0.026930,4.448
711703,520,466,986,186,23,225,317.93,0.9691,0.5190,0.164894,14,6,6,19.36,0.2947,0.0491,0.002368,4.104
711704,520,360,880,244,79,139,2.22,0.8806,0.6174,0.266922,9,29,110,265.76,0.9442,0.1825,0.020624,4.487
711711,520,457,977,181,6,255,310.11,1.0000,0.5323,0.171750,5,4,47,272.62,0.9473,0.0636,0.003243,4.165
711714,520,280,800,255,126,32,49.90,1.0000,0.6858,0.362892,72,55,40,62.76,0.3028,0.2539,0.042634,4.457
711720,520,427,947,205,30,236,320.51,0.9717,0.5621,0.199655,12,3,78,272.99,0.9858,0.1037,0.006933,4.385
711721,520,448,968,238,1,80,15.11,0.9991,0.5398,0.187813,21,8,39,299.42,0.6890,0.0782,0.004796,4.340
711726,520,225,745,232,155,219,332.88,0.7562,0.7506,0.457145,75,74,5,108.74,0.9396,0.3050,0.064044,4.447
711734,520,344,864,212,100,212,327.46,0.7805,0.6257,0.278665,18,54,13,141.31,0.9397,0.1941,0.027959,4.216
711748,520,464,984,222,50,35,29.73,0.9434,0.5229,0.179349,12,1,27,301.66,0.8842,0.0455,0.001790,4.428
711759,520,425,945,194,101,109,15.76,0.5497,0.5557,0.218824,26,24,33,295.06,0.1943,0.1132,0.009827,4.493
711762,520,359,879,237,15,253,324.77,0.9956,0.6235,0.254406,2,10,130,264.74,0.9930,0.1809,0.018415,4.449
711781,520,459,979,196,71,162,340.04,0.7350,0.5336,0.188526,5,13,5,144.26,0.5367,0.0566,0.003311,4.474
711798,520,414,934,227,60,146,353.81,0.8429,0.5690,0.216406,28,19,55,291.42,0.6155,0.1183,0.009885,4.449
711807,520,375,895,218,92,168,345.91,0.7230,0.6011,0.253890,32,42,10,124.60,0.7348,0.1640,0.019849,4.351
711851,520,480,1000,201,5,189,331.66,0.9890,0.5132,0.162021,0,0,0,0.00,0.0000,0.0000,0.000000,4.240
711854,520,342,862,228,92,201,336.13,0.8245,0.6330,0.283676,55,42,11,85.81,0.7032,0.1908,0.024924,4.454
711870,520,460,980,199,83,87,20.72,0.6867,0.5278,0.190186,2,9,39,264.76,0.8911,0.0635,0.003547,4.485
711874,520,221,741,208,180,135,79.30,0.4260,0.7479,0.478025,1,86,36,149.93,0.9981,0.3038,0.067891,4.479
711876,520,472,992,175,0,249,309.71,1.0000,0.5162,0.159545,4,1,18,289.61,0.8483,0.0308,0.000912,4.116
711880,520,301,821,249,102,170,354.25,0.9065,0.6664,0.325477,13,55,85,244.43,0.7576,0.2251,0.034736,4.431
711886,520,337,857,238,54,254,324.42,0.9963,0.6433,0.279737,5,57,9,143.85,0.9870,0.1994,0.029781,4.133
711897,520,384,904,231,2,227,329.30,0.9989,0.5925,0.225809,48,19,66,310.02,0.6861,0.1532,0.014875,4.251
711907,520,409,929,223,18,209,331.85,0.9819,0.5696,0.207264,41,18,50,315.63,0.5875,0.1293,0.011344,4.194
711916,520,476,996,215,41,105,5.45,0.8790,0.5150,0.170553,7,0,0,29.23,1.0000,0.0213,0.000452,4.372
711944,520,445,965,147,76,255,296.16,1.0000,0.5353,0.185921,19,15,19,326.01,0.1429,0.0780,0.005271,4.268
711947,520,359,879,247,39,204,338.92,0.9680,0.6186,0.255879,75,18,1,37.51,0.9745,0.1754,0.019309,4.413
711950,520,328,848,229,80,244,323.96,0.9513,0.6452,0.289291,41,55,14,126.02,0.7751,0.2134,0.032355,4.120
711953,520,477,997,137,95,201,299.69,0.6613,0.5106,0.177200,4,0,11,304.75,1.0000,0.0232,0.000500,4.499
711968,520,412,932,218,19,224,326.83,0.9841,0.5712,0.207551,31,26,4,97.10,0.7386,0.1154,0.010389,4.265
711983,520,458,978,145,78,254,295.43,0.9901,0.5348,0.186244,0,15,14,190.08,1.0000,0.0604,0.003733,4.397
711996,520,318,838,218,130,167,353.76,0.5768,0.6638,0.336624,31,60,28,141.97,0.7162,0.2241,0.036068,4.492
712009,520,429,949,177,68,236,310.80,0.8930,0.5486,0.195384,11,24,21,177.89,0.3618,0.0953,0.007785,4.246
712026,520,448,968,185,66,211,319.87,0.8332,0.5396,0.189151,26,6,42,306.24,0.7579,0.0833,0.005170,4.335
712028,520,358,878,232,67,213,333.11,0.9110,0.6178,0.259767,34,46,32,141.04,0.3146,0.1829,0.023983,4.187
712034,520,397,917,227,24,209,332.83,0.9758,0.5788,0.215901,33,15,82,287.22,0.8416,0.1428,0.012742,4.238
712056,520,345,865,248,86,124,10.03,0.9115,0.6282,0.280705,30,49,32,147.08,0.4407,0.1889,0.025769,4.365
712063,520,410,930,250,40,32,28.82,0.9816,0.5728,0.219495,20,33,8,132.00,0.7401,0.1255,0.012539,4.309
712096,520,423,943,188,46,255,311.18,1.0000,0.5601,0.198665,43,14,27,354.18,0.5479,0.1130,0.009069,4.210
712115,520,441,961,241,0,26,27.15,1.0000,0.5388,0.187788,5,23,30,225.41,0.6091,0.0927,0.007388,4.144
712122,520,445,965,198,26,222,322.00,0.9654,0.5379,0.180201,4,22,6,146.52,0.8948,0.0808,0.006128,4.101
712129,520,401,921,178,86,243,308.11,0.9000,0.5782,0.225924,39,8,80,295.39,0.8878,0.1394,0.011842,4.462
712133,520,322,842,246,72,226,333.09,0.9572,0.6534,0.297214,77,37,5,53.80,0.8442,0.2131,0.029121,4.388
712147,520,381,901,234,85,108,14.67,0.8193,0.5977,0.250749,56,27,27,20.65,0.4399,0.1595,0.017039,4.486
712149,520,333,853,238,106,121,15.46,0.7963,0.6382,0.298684,5,56,2,141.91,0.9942,0.1951,0.028649,4.433
712174,520,447,967,218,28,172,341.24,0.9373,0.5420,0.187169,23,13,25,320.74,0.3604,0.0809,0.005402,4.281
712189,520,389,909,227,52,202,334.85,0.9181,0.5901,0.230536,50,29,0,71.58,1.0000,0.1490,0.015569,4.278
712192,520,472,992,227,22,86,12.71,0.9664,0.5236,0.175795,2,2,15,277.10,0.7504,0.0296,0.000908,4.435
712197,520,438,958,221,18,185,337.96,0.9717,0.5511,0.193100,1,25,27,202.19,0.9126,0.0946,0.007808,4.205
712208,520,436,956,243,15,68,19.47,0.9894,0.5513,0.198171,35,9,29,337.34,0.6056,0.0928,0.006415,4.399
712214,520,427,947,242,30,108,7.89,0.9604,0.5638,0.208918,32,18,17,23.90,0.2982,0.1000,0.007802,4.479
712219,520,441,961,138,102,220,294.71,0.7286,0.5385,0.200733,33,8,40,318.21,0.6952,0.0948,0.006502,4.438
712242,520,398,918,187,102,195,324.00,0.6536,0.5835,0.240088,14,37,34,184.42,0.5101,0.1413,0.015319,4.441
712256,520,433,953,231,52,67,22.37,0.9215,0.5469,0.198531,17,22,28,253.17,0.1911,0.0971,0.007768,4.302
712295,520,374,894,210,75,227,323.05,0.8827,0.5993,0.242815,63,20,31,7.19,0.6120,0.1604,0.016562,4.399
712296,520,462,982,226,47,46,26.97,0.9418,0.5296,0.184019,17,7,3,50.97,0.4841,0.0538,0.002777,4.434
712303,520,438,958,242,34,11,30.38,0.9914,0.5515,0.200489,22,16,37,295.35,0.4659,0.0927,0.006747,4.414
712324,520,469,989,210,29,155,344.82,0.9107,0.5183,0.169491,1,4,25,265.48,0.8961,0.0405,0.001635,4.251
712326,520,388,908,245,11,167,348.67,0.9902,0.5858,0.224451,49,28,7,62.91,0.6897,0.1461,0.014989,4.223
712327,520,470,990,222,18,119,359.97,0.9608,0.5217,0.172968,8,0,22,300.82,1.0000,0.0352,0.001096,4.364
712329,520,333,853,210,122,160,353.29,0.5510,0.6351,0.301604,28,53,28,144.09,0.6254,0.1993,0.028768,4.464
712332,520,404,924,248,23,117,5.47,0.9765,0.5758,0.218571,13,4,94,270.95,0.9894,0.1274,0.009805,4.491
712333,520,391,911,232,31,213,333.00,0.9711,0.5930,0.229425,67,3,36,355.83,0.8707,0.1499,0.013860,4.376
712335,520,476,996,163,62,224,309.28,0.8635,0.5122,0.166143,7,0,6,332.05,1.0000,0.0247,0.000583,4.273
712366,520,439,959,235,36,101,9.69,0.9397,0.5508,0.198666,16,23,3,124.88,0.7852,0.0914,0.007295,4.340
712389,520,461,981,226,42,45,26.47,0.9510,0.5256,0.180170,19,4,9,357.20,0.5381,0.0515,0.002450,4.388
712398,520,479,999,200,32,163,339.54,0.8878,0.5053,0.159587,2,0,1,344.76,1.0000,0.0130,0.000151,4.179
712431,520,470,990,176,4,253,309.12,0.9974,0.5223,0.164097,20,0,6,358.88,1.0000,0.0423,0.001619,4.148
712448,520,261,781,184,160,230,299.70,0.6158,0.7116,0.410453,40,70,67,187.63,0.3761,0.2742,0.052365,4.498
712449,520,316,836,248,58,253,326.97,0.9936,0.6618,0.300772,58,32,102,296.22,0.7152,0.2195,0.028919,4.445
712456,520,442,962,193,65,198,326.30,0.8156,0.5423,0.191967,34,5,3,29.87,0.8187,0.0753,0.004553,4.435
712462,520,465,985,199,65,134,352.45,0.7428,0.5184,0.176458,28,0,1,24.73,1.0000,0.0540,0.002491,4.314
712465,520,451,971,204,2,217,325.03,0.9976,0.5377,0.178924,6,1,55,273.02,0.9906,0.0675,0.003362,4.290
712507,520,440,960,244,22,8,29.64,0.9942,0.5502,0.198279,7,7,63,271.02,0.9545,0.0879,0.005560,4.469
712520,520,410,930,222,72,132,359.78,0.7851,0.5673,0.218327,47,24,9,52.11,0.6113,0.1342,0.012774,4.274
712532,520,372,892,252,62,122,7.50,0.9687,0.6094,0.255493,26,40,64,260.71,0.4459,0.1741,0.021073,4.298
712540,520,434,954,231,55,85,17.02,0.8964,0.5530,0.203801,13,25,14,146.45,0.4560,0.0974,0.008125,4.366
712541,520,459,979,216,53,124,359.34,0.8310,0.5333,0.186028,27,2,2,25.84,0.8751,0.0569,0.002809,4.470
712568,520,457,977,225,28,105,6.11,0.9416,0.5273,0.178608,16,8,13,341.22,0.2799,0.0579,0.003129,4.303
712575,520,478,998,190,54,175,332.86,0.8059,0.5115,0.166822,1,2,5,262.03,0.4486,0.0231,0.000608,4.284
712584,520,363,883,250,2,198,340.89,0.9989,0.6095,0.244479,43,7,99,290.88,0.9393,0.1651,0.015664,4.485
712587,520,433,953,189,76,206,322.23,0.7934,0.5544,0.204452,2,28,0,140.94,1.0000,0.0969,0.008434,4.355
712593,520,401,921,251,27,101,11.23,0.9756,0.5790,0.222363,48,14,60,315.99,0.7222,0.1411,0.012688,4.345
712602,520,368,888,248,4,201,339.68,0.9978,0.6078,0.242635,35,34,70,282.43,0.5090,0.1705,0.019435,4.214
712624,520,467,987,131,85,245,291.01,0.9137,0.5215,0.179148,10,4,17,306.35,0.5436,0.0445,0.001918,4.414
712626,520,471,991,203,8,198,329.69,0.9860,0.5237,0.169493,2,0,32,272.27,1.0000,0.0369,0.001172,4.289
712629,520,387,907,217,70,204,331.68,0.8582,0.5906,0.234937,62,16,16,23.89,0.7332,0.1481,0.014323,4.430
712641,520,271,791,237,144,75,54.95,0.8103,0.6956,0.384614,30,72,26,141.96,0.8973,0.2630,0.049852,4.353
712642,520,409,929,226,81,82,23.49,0.8193,0.5721,0.226655,10,21,81,268.01,0.9148,0.1337,0.011949,4.466
712650,520,416,936,250,25,91,14.08,0.9790,0.5738,0.217782,0,28,58,252.10,1.0000,0.1226,0.011359,4.364
712670,520,437,957,229,54,102,10.44,0.8778,0.5523,0.202585,12,9,63,274.93,0.9151,0.0942,0.006324,4.485
712674,520,331,851,243,64,218,334.46,0.9408,0.6366,0.277862,88,12,21,20.91,0.8856,0.1998,0.023922,4.435
712679,520,403,923,198,93,177,335.61,0.6709,0.5754,0.230103,31,32,6,111.29,0.7156,0.1324,0.013375,4.420
712681,520,417,937,236,16,159,349.29,0.9789,0.5657,0.207096,1,35,1,142.62,0.9949,0.1199,0.012107,4.140
712707,520,342,862,244,91,133,6.81,0.8626,0.6303,0.284117,5,54,26,152.77,0.9670,0.1917,0.027451,4.314
712726,520,471,991,205,27,174,337.26,0.9241,0.5183,0.168210,1,4,25,265.48,0.8961,0.0405,0.001635,4.226
712734,520,480,1000,172,72,192,320.62,0.7509,0.5141,0.172122,0,0,0,0.00,0.0000,0.0000,0.000000,4.442
712736,520,419,939,199,69,199,327.83,0.8146,0.5571,0.205235,52,1,22,1.54,0.9254,0.1097,0.008098,4.393
712738,520,414,934,231,44,154,350.73,0.9050,0.5669,0.211262,38,24,19,40.48,0.2968,0.1227,0.011124,4.274
712739,520,349,869,228,70,239,325.14,0.9377,0.6302,0.271085,17,47,65,237.97,0.6062,0.1896,0.025337,4.262
712740,520,453,973,191,47,209,322.94,0.8920,0.5294,0.177143,17,15,9,91.89,0.2232,0.0728,0.004805,4.145
712746,520,417,937,252,23,17,29.08,0.9905,0.5679,0.213525,26,30,7,117.86,0.6551,0.1216,0.011635,4.276
712767,520,362,882,230,38,234,327.27,0.9725,0.6066,0.241521,76,16,38,2.73,0.7353,0.1830,0.020473,4.137
712780,520,297,817,238,134,56,53.65,0.8735,0.6755,0.355154,8,67,39,156.68,0.9549,0.2406,0.042122,4.398
712787,520,409,929,252,8,68,19.92,0.9958,0.5688,0.212902,56,15,15,23.51,0.7018,0.1346,0.012170,4.229
712806,520,415,935,246,32,97,12.18,0.9645,0.5700,0.214924,31,19,52,297.87,0.5811,0.1194,0.010050,4.412
712814,520,445,965,217,33,173,340.77,0.9215,0.5432,0.188589,8,17,35,262.72,0.5407,0.0819,0.005738,4.281
712818,520,374,894,240,10,212,335.07,0.9942,0.6005,0.234987,2,17,107,264.80,0.9788,0.1559,0.014752,4.401
712820,520,478,998,208,40,141,349.77,0.8587,0.5144,0.168528,7,0,6,332.05,1.0000,0.0247,0.000583,4.320
712821,520,5,525,250,255,232,116.92,1.0000,0.9885,0.976702,0,137,17,143.32,1.0000,0.4744,0.179310,4.477
712825,520,477,997,161,81,189,316.51,0.6920,0.5091,0.171368,5,1,3,344.91,0.5356,0.0240,0.000606,4.374
712837,520,433,953,166,78,236,306.23,0.8716,0.5459,0.196125,1,28,3,144.64,0.9905,0.0970,0.008435,4.212
712840,520,443,963,217,71,91,16.55,0.7975,0.5446,0.200159,33,11,3,44.30,0.7135,0.0841,0.005693,4.492
712859,520,428,948,241,33,89,14.21,0.9596,0.5584,0.205131,2,13,65,264.94,0.9512,0.0966,0.006824,4.490
712883,520,319,839,215,112,223,324.60,0.8005,0.6545,0.313647,16,47,104,261.28,0.8324,0.2194,0.031425,4.466
712900,520,464,984,230,6,22,27.66,0.9966,0.5161,0.170142,2,8,17,249.23,0.5829,0.0465,0.002270,4.212
712909,520,248,768,254,142,73,49.90,0.9838,0.7164,0.409008,86,60,16,76.50,0.7637,0.2822,0.052478,4.479
712915,520,425,945,143,107,227,294.57,0.7505,0.5585,0.219011,12,27,35,233.12,0.4214,0.1107,0.009833,4.496
712918,520,433,953,184,76,204,321.09,0.7812,0.5455,0.197200,12,10,66,274.01,0.9199,0.0991,0.006886,4.346
712921,520,361,881,196,91,254,311.24,0.9899,0.6173,0.263748,20,44,62,242.95,0.5209,0.1804,0.022978,4.299
712934,520,473,993,215,41,123,358.38,0.8710,0.5212,0.174654,2,2,18,275.70,0.8213,0.0314,0.001000,4.405
712939,520,389,909,218,29,244,322.07,0.9815,0.5893,0.223178,0,42,25,161.07,1.0000,0.1483,0.017260,4.062
712941,520,339,859,246,87,166,353.20,0.8943,0.6403,0.291654,35,50,36,146.41,0.3290,0.1972,0.027659,4.399
712961,520,345,865,225,86,213,331.28,0.8574,0.6271,0.274694,41,41,69,282.87,0.3827,0.1931,0.024869,4.337
712963,520,324,844,233,105,172,349.97,0.7699,0.6458,0.304078,18,45,102,262.79,0.8155,0.2133,0.029645,4.446
712964,520,366,886,240,87,101,18.57,0.8650,0.6094,0.262842,32,39,57,267.72,0.3078,0.1718,0.020535,4.435
712966,520,445,965,186,47,228,316.59,0.9216,0.5357,0.180748,38,1,25,345.07,0.8633,0.0830,0.005040,4.192
712969,520,458,978,229,1,126,358.45,0.9982,0.5344,0.181890,3,13,13,195.40,0.5126,0.0574,0.003363,4.346
712987,520,151,671,241,183,228,334.46,0.7995,0.8204,0.581705,6,100,45,150.28,0.9908,0.3541,0.093421,4.405
712999,520,358,878,253,61,163,353.38,0.9790,0.6248,0.268679,36,43,37,149.31,0.1464,0.1774,0.022364,4.404
713000,520,457,977,174,73,210,315.95,0.7976,0.5308,0.184178,18,8,2,62.08,0.6092,0.0568,0.003067,4.413
713014,520,463,983,196,51,199,327.17,0.8664,0.5342,0.182285,13,4,23,305.01,0.6497,0.0508,0.002343,4.438
713019,520,429,949,163,94,212,309.01,0.7218,0.5483,0.205460,30,18,18,19.01,0.2542,0.0976,0.007523,4.441
713043,520,343,863,249,37,216,336.18,0.9767,0.6280,0.264239,40,43,52,270.77,0.1447,0.1877,0.024268,4.231
713055,520,378,898,210,109,124,11.85,0.5919,0.5993,0.260960,13,45,13,143.38,0.9242,0.1612,0.019913,4.448
713059,520,442,962,231,53,41,29.04,0.9412,0.5443,0.196982,19,10,38,294.88,0.6320,0.0787,0.004955,4.494
713065,520,461,981,236,5,62,20.13,0.9961,0.5331,0.182924,14,3,21,312.17,0.6817,0.0484,0.002126,4.468
713088,520,396,916,162,104,235,301.62,0.8040,0.5802,0.235805,2,40,16,151.53,0.9800,0.1401,0.015678,4.352
713089,520,407,927,247,35,73,19.70,0.9685,0.5686,0.214608,62,5,2,30.22,0.9602,0.1320,0.011372,4.312
713099,520,455,975,167,53,254,304.74,0.9935,0.5346,0.179181,14,10,20,302.29,0.3172,0.0628,0.003610,4.275
713107,520,466,986,220,52,42,28.65,0.9288,0.5213,0.178415,11,1,28,298.39,0.8951,0.0452,0.001767,4.412
713111,520,478,998,149,90,197,307.48,0.6679,0.5133,0.177335,3,1,5,310.43,0.5673,0.0222,0.000520,4.500
713114,520,259,779,253,139,95,41.40,0.9608,0.7125,0.401770,16,72,76,202.09,0.7874,0.2732,0.052665,4.400
713115,520,406,926,230,83,82,24.21,0.8384,0.5820,0.236215,10,37,8,142.15,0.9287,0.1322,0.014051,4.469
713143,520,446,966,209,74,116,4.76,0.7345,0.5409,0.197160,26,13,13,19.55,0.3175,0.0801,0.005365,4.464
713161,520,469,989,232,19,9,29.43,0.9919,0.5234,0.176444,2,4,21,269.43,0.7674,0.0389,0.001539,4.394
713163,520,449,969,228,44,81,16.53,0.9205,0.5370,0.188923,19,10,13,357.50,0.2558,0.0654,0.003846,4.437
713169,520,443,963,240,12,19,28.32,0.9945,0.5389,0.188386,4,12,47,266.74,0.8746,0.0777,0.004940,4.339
713179,520,422,942,234,2,161,348.05,0.9972,0.5597,0.201120,49,3,32,347.01,0.8140,0.1106,0.008225,4.313
713188,520,257,777,227,154,126,41.79,0.5929,0.7112,0.409503,9,76,21,145.27,0.9843,0.2684,0.052809,4.469
713192,520,467,987,202,37,171,337.52,0.8804,0.5166,0.168219,19,0,0,29.23,1.0000,0.0384,0.001385,4.247
713201,520,408,928,230,28,176,342.90,0.9552,0.5668,0.207908,30,12,76,287.51,0.8542,0.1289,0.010607,4.255
713211,520,469,989,171,55,223,312.69,0.8838,0.5157,0.167189,4,8,5,153.48,0.3073,0.0438,0.002104,4.168
713215,520,412,932,209,5,253,318.05,0.9977,0.5748,0.207574,4,12,85,266.35,0.9733,0.1205,0.009446,4.333
713216,520,479,999,180,79,146,342.43,0.6338,0.5104,0.173719,2,0,1,344.76,1.0000,0.0130,0.000151,4.461
713217,520,260,780,208,151,200,331.41,0.5053,0.7053,0.397143,49,71,36,134.78,0.5691,0.2743,0.052867,4.347
713259,520,457,977,229,4,109,4.40,0.9934,0.5292,0.178519,18,2,29,309.88,0.8118,0.0559,0.002607,4.344
713265,520,438,958,200,40,226,321.34,0.9431,0.5517,0.192895,14,21,21,196.29,0.1754,0.0891,0.006838,4.273
713281,520,21,541,239,250,235,137.24,0.6173,0.9683,0.927198,17,129,100,169.28,0.9548,0.4649,0.167390,4.495
713294,520,477,997,181,41,212,319.26,0.9075,0.5107,0.161643,1,2,6,265.10,0.5131,0.0236,0.000630,4.180
713309,520,346,866,253,73,133,5.13,0.9740,0.6252,0.273446,73,26,17,32.66,0.7058,0.1860,0.021960,4.495
713316,520,476,996,206,11,169,338.96,0.9711,0.5115,0.162278,0,0,11,264.05,1.0000,0.0166,0.000242,4.225
713332,520,359,879,240,99,1,44.60,0.9987,0.6156,0.274541,25,47,45,188.33,0.3759,0.1837,0.024291,4.369
713342,520,474,994,181,9,246,311.96,0.9934,0.5247,0.166740,1,2,14,269.54,0.8187,0.0277,0.000816,4.265
713358,520,393,913,215,46,233,323.60,0.9510,0.5855,0.222862,14,18,89,270.45,0.9355,0.1397,0.012472,4.368
713377,520,398,918,243,60,69,23.68,0.9363,0.5782,0.227194,19,36,14,138.89,0.6697,0.1352,0.014319,4.310
713387,520,428,948,180,73,240,310.53,0.9045,0.5618,0.207606,26,14,52,293.73,0.6815,0.1043,0.007816,4.456
713390,520,438,958,200,25,231,320.40,0.9739,0.5478,0.187458,30,12,37,315.73,0.5752,0.0948,0.006726,4.186
713397,520,455,975,239,1,10,28.63,0.9995,0.5340,0.183977,15,5,36,293.70,0.7589,0.0640,0.003375,4.384
713403,520,479,999,179,47,210,318.96,0.8843,0.5106,0.162711,1,0,5,292.48,1.0000,0.0142,0.000174,4.239
713424,520,462,982,221,14,155,347.18,0.9710,0.5339,0.180553,8,1,38,283.61,0.9583,0.0510,0.002133,4.422
713436,520,459,979,211,41,164,342.35,0.8758,0.5321,0.181173,2,11,32,259.97,0.7993,0.0620,0.003565,4.316
713447,520,400,920,149,104,249,294.00,0.9128,0.5760,0.231298,5,37,36,192.02,0.7933,0.1380,0.014827,4.339
713451,520,461,981,230,31,41,26.17,0.9722,0.5265,0.179661,12,5,16,313.73,0.4618,0.0484,0.002241,4.396
713452,520,358,878,234,44,242,326.30,0.9730,0.6221,0.257070,39,28,88,286.05,0.7172,0.1771,0.019664,4.408
713474,520,382,902,225,63,214,330.98,0.9078,0.6030,0.244199,0,29,93,261.77,1.0000,0.1594,0.016689,4.411
713487,520,428,948,222,28,198,334.57,0.9595,0.5645,0.204397,6,27,5,142.35,0.9245,0.0971,0.008335,4.361
713499,520,356,876,243,92,92,23.55,0.8943,0.6195,0.274848,38,46,0,119.51,1.0000,0.1809,0.023660,4.410
713502,520,237,757,204,160,220,316.89,0.5624,0.7281,0.431470,30,78,63,169.85,0.6636,0.2923,0.060835,4.344
713515,520,461,981,176,53,237,311.15,0.9184,0.5327,0.178917,5,4,31,277.66,0.8279,0.0489,0.002180,4.387
713536,520,471,991,212,57,96,10.84,0.8222,0.5205,0.177702,16,0,19,322.91,1.0000,0.0424,0.001572,4.415
713549,520,353,873,221,114,105,26.24,0.6790,0.6202,0.284289,1,52,25,153.97,0.9930,0.1832,0.025325,4.438
713574,520,357,877,234,43,233,328.44,0.9689,0.6155,0.251059,14,51,11,142.07,0.9508,0.1818,0.024851,4.022
713597,520,256,776,251,120,219,337.62,0.9669,0.7165,0.390593,78,56,66,350.00,0.2337,0.2734,0.048415,4.477
713602,520,455,975,174,42,247,308.87,0.9608,0.5296,0.173709,16,4,31,301.55,0.7432,0.0592,0.002959,4.224
713603,520,445,965,216,73,32,35.88,0.9239,0.5361,0.194708,24,15,15,18.68,0.2131,0.0823,0.005703,4.393
713610,520,390,910,236,9,204,336.23,0.9933,0.5881,0.223907,17,42,9,138.92,0.9101,0.1526,0.017948,4.031
713629,520,418,938,233,66,65,25.63,0.9003,0.5641,0.216047,18,28,46,261.61,0.4211,0.1238,0.011563,4.322
713641,520,475,995,197,52,165,338.45,0.8107,0.5160,0.170447,1,0,31,268.61,1.0000,0.0348,0.001054,4.318
713661,520,421,941,249,27,11,29.76,0.9927,0.5629,0.209514,8,27,29,204.47,0.5192,0.1055,0.009242,4.381
713670,520,455,975,176,32,253,308.59,0.9900,0.5318,0.173559,13,9,29,290.12,0.5414,0.0649,0.003696,4.163
713677,520,429,949,207,88,96,18.62,0.6859,0.5517,0.210914,4,28,22,174.20,0.7828,0.1035,0.009142,4.412
713679,520,456,976,182,43,237,313.43,0.9413,0.5337,0.177884,14,10,0,96.03,1.0000,0.0560,0.003105,4.291
713684,520,456,976,205,81,4,43.37,0.9866,0.5256,0.188749,4,14,11,175.09,0.4729,0.0601,0.003640,4.451
713688,520,428,948,199,37,243,317.15,0.9646,0.5615,0.199378,17,24,22,175.83,0.1696,0.1000,0.008304,4.277
713693,520,436,956,243,14,22,28.13,0.9938,0.5460,0.194302,28,12,39,309.52,0.5930,0.0934,0.006563,4.319
713699,520,362,882,248,47,166,350.58,0.9449,0.6063,0.247459,29,47,16,133.84,0.7196,0.1782,0.023316,4.057
713718,520,193,713,249,151,242,329.53,0.9675,0.7752,0.486858,61,81,70,160.62,0.2349,0.3242,0.073190,4.358
713724,520,389,909,236,40,195,338.91,0.9495,0.5942,0.232934,9,12,104,267.77,0.9805,0.1483,0.013204,4.477
713759,520,480,1000,155,86,191,312.66,0.6692,0.5102,0.173863,0,0,0,0.00,0.0000,0.0000,0.000000,4.477
713772,520,397,917,204,83,192,331.67,0.7618,0.5783,0.228313,60,15,20,17.52,0.7019,0.1436,0.013530,4.381
713783,520,465,985,112,111,197,282.12,0.5881,0.5151,0.188445,4,11,16,235.16,0.3977,0.0547,0.003026,4.497
713804,520,411,931,212,53,205,330.02,0.8950,0.5668,0.209530,22,1,86,279.13,0.9935,0.1194,0.008641,4.426
713812,520,385,905,247,28,148,355.36,0.9676,0.5867,0.227461,52,21,45,336.54,0.5376,0.1487,0.014559,4.298
713813,520,472,992,172,71,206,316.48,0.7917,0.5224,0.177343,7,0,9,322.37,1.0000,0.0262,0.000649,4.489
713823,520,448,968,203,14,221,323.72,0.9849,0.5416,0.182328,14,17,29,272.89,0.3238,0.0827,0.005830,4.161
713833,520,394,914,231,41,206,334.65,0.9498,0.5921,0.230336,10,37,42,211.71,0.6157,0.1430,0.015548,4.277
713841,520,433,953,244,15,59,21.80,0.9907,0.5520,0.198940,27,13,44,301.96,0.6230,0.0974,0.007027,4.365
713848,520,431,951,220,31,181,339.02,0.9380,0.5522,0.195342,33,11,39,318.59,0.6232,0.0987,0.007092,4.297
713853,520,377,897,221,32,245,322.56,0.9801,0.5964,0.229998,67,12,37,357.33,0.7427,0.1597,0.015900,4.249
713857,520,409,929,215,46,212,328.94,0.9265,0.5711,0.211566,52,15,13,26.03,0.6806,0.1265,0.011009,4.287
713862,520,422,942,235,60,67,23.93,0.9136,0.5622,0.213022,42,14,20,8.59,0.5358,0.1087,0.008569,4.491
713875,520,352,872,230,72,216,331.76,0.9026,0.6212,0.264179,17,31,108,268.06,0.9141,0.1874,0.021817,4.375
713884,520,456,976,235,26,34,27.12,0.9819,0.5340,0.185196,14,5,34,293.49,0.7419,0.0614,0.003174,4.423
713897,520,393,913,199,68,249,314.71,0.9630,0.5907,0.231172,0,29,79,259.57,1.0000,0.1444,0.014431,4.364
713901,520,387,907,247,12,164,350.00,0.9897,0.5886,0.227208,60,19,3,41.40,0.8719,0.1467,0.014331,4.309
713915,520,443,963,188,49,221,318.85,0.9060,0.5350,0.181098,9,18,24,238.28,0.3247,0.0790,0.005566,4.159
713938,520,398,918,224,68,165,346.62,0.8219,0.5799,0.227006,13,3,106,269.62,0.9947,0.1433,0.011912,4.474
713944,520,418,938,119,114,239,281.46,0.8297,0.5581,0.221881,11,33,27,173.37,0.5613,0.1245,0.012379,4.358
713973,520,406,926,229,76,107,12.38,0.8095,0.5770,0.228911,37,27,32,347.04,0.1861,0.1331,0.012815,4.440
713993,520,433,953,186,100,124,3.17,0.5108,0.5462,0.210100,12,24,28,220.96,0.3282,0.0988,0.008152,4.473
714000,520,138,658,246,203,88,88.48,0.8571,0.8353,0.630109,29,104,16,141.15,0.9827,0.3691,0.101989,4.475
714001,520,392,912,212,51,241,320.81,0.9497,0.5899,0.227174,72,0,10,21.51,1.0000,0.1504,0.013999,4.331
714037,520,452,972,233,20,34,26.67,0.9869,0.5273,0.179426,0,19,3,147.92,1.0000,0.0684,0.004723,4.192
714041,520,110,630,253,199,237,337.28,0.9705,0.8701,0.678453,2,112,36,146.54,0.9983,0.3926,0.117281,4.355
714046,520,433,953,235,17,122,1.36,0.9751,0.5490,0.194713,0,15,63,262.44,1.0001,0.0969,0.007005,4.293
714059,520,350,870,239,68,208,336.34,0.9159,0.6278,0.270417,57,32,59,324.30,0.4495,0.1857,0.022187,4.439
714062,520,424,944,238,47,104,10.11,0.9183,0.5649,0.212128,28,23,23,17.81,0.0959,0.1087,0.009215,4.427
714067,520,400,920,250,35,100,11.94,0.9661,0.5804,0.224497,22,25,72,275.19,0.7230,0.1401,0.013337,4.334
714078,520,447,967,201,23,225,322.13,0.9737,0.5441,0.184682,6,20,17,178.77,0.4867,0.0794,0.005795,4.206
714095,520,350,870,239,21,249,326.07,0.9930,0.6256,0.257292,26,51,21,140.36,0.7436,0.1899,0.026413,4.021
714099,520,466,986,221,25,119,0.08,0.9395,0.5224,0.174020,27,1,0,32.05,1.0000,0.0541,0.002548,4.263
714106,520,438,958,197,20,242,317.14,0.9845,0.5498,0.187829,16,20,21,214.47,0.0993,0.0881,0.006646,4.199
714113,520,478,998,221,27,83,13.30,0.9499,0.5126,0.167833,8,0,2,359.68,1.0000,0.0239,0.000560,4.308
714129,520,455,975,162,82,218,308.53,0.7856,0.5324,0.187785,27,0,29,325.63,1.0000,0.0644,0.003218,4.468
714164,520,479,999,177,63,190,323.48,0.7859,0.5092,0.166210,0,0,8,264.05,1.0000,0.0143,0.000175,4.309
714165,520,440,960,223,57,126,0.43,0.8380,0.5511,0.201232,24,17,19,359.37,0.1608,0.0882,0.006421,4.453
714166,520,419,939,199,88,162,342.27,0.6675,0.5620,0.217318,16,28,23,166.68,0.3095,0.1110,0.010025,4.453
714181,520,342,862,236,75,206,336.29,0.8940,0.6285,0.273238,33,34,94,277.02,0.7225,0.1894,0.022755,4.443
714184,520,432,952,198,87,136,354.86,0.6383,0.5477,0.206014,19,23,13,125.90,0.3067,0.0962,0.007803,4.429
714188,520,338,858,220,78,253,319.39,0.9885,0.6354,0.277581,47,23,112,286.96,0.8527,0.2025,0.023869,4.435
714196,520,479,999,192,42,176,333.07,0.8528,0.5051,0.159986,0,0,6,264.05,1.0000,0.0126,0.000131,4.189
714201,520,453,973,232,14,90,11.65,0.9825,0.5324,0.182111,8,0,55,275.86,1.0000,0.0671,0.003274,4.357
714202,520,453,973,212,2,180,337.11,0.9958,0.5274,0.173380,27,3,28,326.40,0.7552,0.0696,0.003820,4.150
714207,520,394,914,230,23,216,331.75,0.9813,0.5883,0.223962,8,37,33,182.69,0.6991,0.1380,0.014845,4.225
714231,520,476,996,165,73,205,314.00,0.7765,0.5142,0.171730,4,0,5,323.04,1.0000,0.0198,0.000368,4.402
714233,520,363,883,237,53,201,337.62,0.9317,0.6078,0.247705,23,43,50,222.35,0.3788,0.1725,0.021401,4.169
714238,520,461,981,227,43,26,30.07,0.9666,0.5267,0.181361,9,7,5,71.85,0.1543,0.0461,0.002210,4.431
714243,520,418,938,213,20,217,327.29,0.9784,0.5578,0.196582,48,8,31,349.12,0.7104,0.1150,0.009011,4.179
714253,520,473,993,148,80,231,300.46,0.8418,0.5215,0.178030,8,2,8,327.25,0.5375,0.0332,0.001126,4.460
714267,520,480,1000,221,4,106,4.04,0.9917,0.5115,0.165023,0,0,0,0.00,0.0000,0.0000,0.000000,4.300
714269,520,396,916,230,29,198,336.53,0.9647,0.5795,0.217816,50,6,66,314.73,0.8443,0.1399,0.012018,4.318
714290,520,428,948,231,65,35,32.47,0.9449,0.5557,0.208938,10,16,61,270.69,0.8567,0.1027,0.007720,4.486
714293,520,451,971,225,60,32,32.12,0.9468,0.5383,0.193463,13,9,39,284.10,0.6937,0.0720,0.004274,4.486
714299,520,423,943,204,76,179,336.21,0.7607,0.5621,0.212627,13,28,22,166.74,0.4110,0.1086,0.009740,4.396
714331,520,443,963,222,31,145,351.23,0.9222,0.5378,0.185565,12,19,15,159.60,0.2308,0.0802,0.005784,4.223
714332,520,450,970,152,85,237,300.13,0.8589,0.5388,0.192871,4,19,3,141.69,0.9167,0.0713,0.004981,4.417
714334,520,351,871,252,44,194,342.88,0.9797,0.6251,0.263952,76,16,56,344.26,0.7340,0.1912,0.021928,4.365
714372,520,238,758,253,149,70,54.79,0.9686,0.7279,0.428226,17,80,11,141.90,0.9827,0.2833,0.058804,4.395
714380,520,267,787,218,148,197,338.32,0.5721,0.7102,0.401178,34,72,21,138.67,0.9089,0.2644,0.050288,4.499
714419,520,344,864,249,4,241,330.13,0.9989,0.6341,0.265805,77,10,52,347.76,0.7900,0.1852,0.020430,4.484
714424,520,420,940,211,43,214,327.37,0.9313,0.5636,0.204336,40,18,16,26.09,0.4446,0.1117,0.009212,4.295
714435,520,416,936,206,40,241,319.44,0.9619,0.5729,0.209919,18,33,5,132.65,0.8676,0.1234,0.012272,4.174
714439,520,401,921,208,12,255,317.32,1.0000,0.5762,0.208945,47,16,58,316.15,0.6825,0.1408,0.012805,4.123
714457,520,410,930,206,61,207,327.68,0.8674,0.5652,0.209661,32,27,45,296.43,0.3301,0.1336,0.012804,4.134
714480,520,423,943,210,79,150,350.02,0.7267,0.5621,0.214976,14,24,47,264.91,0.5349,0.1112,0.009518,4.452
714490,520,247,767,250,125,209,341.43,0.9441,0.7181,0.395973,6,58,141,260.38,0.9632,0.2798,0.049876,4.465
714508,520,399,919,254,6,112,7.45,0.9957,0.5823,0.223747,50,21,44,335.56,0.5211,0.1449,0.013964,4.280
714513,520,465,985,178,4,251,310.11,0.9973,0.5235,0.165178,9,9,3,108.44,0.4208,0.0501,0.002600,4.091
714515,520,392,912,252,6,150,355.19,0.9953,0.5913,0.230313,10,5,111,267.94,0.9932,0.1513,0.013207,4.435
714525,520,452,972,117,102,231,284.34,0.8035,0.5259,0.190538,29,1,29,328.23,0.8560,0.0696,0.003717,4.478
714528,520,365,885,231,26,239,326.42,0.9862,0.6065,0.239621,13,34,85,264.07,0.8339,0.1678,0.018854,4.206
714530,520,414,934,243,45,70,21.27,0.9508,0.5661,0.213770,27,22,52,288.62,0.5297,0.1212,0.010548,4.356
714536,520,388,908,253,0,139,358.69,1.0000,0.5879,0.227504,10,41,23,154.74,0.8265,0.1486,0.017122,4.134
714544,520,476,996,178,53,200,321.17,0.8428,0.5070,0.161825,2,0,9,294.50,1.0000,0.0190,0.000326,4.209
714566,520,423,943,221,38,193,335.80,0.9317,0.5647,0.206110,36,11,49,312.00,0.7024,0.1101,0.008362,4.388
714567,520,411,931,240,5,156,350.93,0.9942,0.5698,0.210372,48,7,46,330.07,0.7602,0.1222,0.009777,4.356
714576,520,410,930,183,89,214,316.97,0.7649,0.5688,0.220681,12,36,21,154.14,0.6875,0.1326,0.013940,4.233
714578,520,451,971,220,16,161,345.03,0.9668,0.5355,0.181619,6,0,60,271.97,1.0000,0.0717,0.003649,4.317
714584,520,468,988,194,51,179,332.74,0.8281,0.5180,0.170933,4,5,7,261.00,0.1509,0.0369,0.001497,4.290
714589,520,464,984,221,37,80,15.28,0.9262,0.5176,0.172772,19,2,21,324.11,0.7497,0.0522,0.002360,4.255
714590,520,322,842,249,84,181,348.10,0.9360,0.6481,0.298196,71,35,53,349.85,0.4508,0.2106,0.027989,4.465
714601,520,231,751,234,146,236,326.16,0.8625,0.7442,0.441080,37,80,1,135.54,0.9970,0.2911,0.061326,4.411
714606,520,463,983,224,38,100,8.58,0.9135,0.5295,0.181564,6,8,21,274.01,0.4604,0.0522,0.002665,4.397
714614,520,477,997,182,60,184,327.21,0.7900,0.5099,0.166388,2,0,4,311.99,1.0000,0.0155,0.000217,4.309
714615,520,454,974,190,16,238,316.16,0.9862,0.5339,0.174921,26,0,36,315.66,1.0000,0.0679,0.003470,4.206
714616,520,447,967,197,81,137,352.87,0.6654,0.5374,0.195630,3,22,15,167.76,0.7873,0.0825,0.006276,4.365
714617,520,444,964,241,8,8,29.01,0.9966,0.5398,0.188954,17,15,26,292.26,0.2917,0.0792,0.005354,4.317
714623,520,454,974,203,83,55,34.51,0.7963,0.5289,0.191609,25,8,11,9.45,0.4552,0.0686,0.004045,4.470
714624,520,434,954,199,58,213,323.99,0.8776,0.5549,0.199739,9,26,11,146.60,0.6878,0.0971,0.008210,4.290
714637,520,263,783,239,132,196,344.56,0.7951,0.7082,0.388410,0,71,67,188.39,1.0000,0.2620,0.049115,4.423
714642,520,407,927,194,75,223,319.15,0.8500,0.5721,0.218305,45,25,1,68.78,0.9203,0.1319,0.012554,4.289
714664,520,397,917,223,17,222,328.57,0.9870,0.5780,0.213651,22,4,95,276.46,0.9828,0.1350,0.010836,4.334
714666,520,439,959,245,17,3,29.67,0.9978,0.5505,0.198235,13,13,54,276.20,0.7973,0.0922,0.006397,4.402
714669,520,396,916,246,3,154,352.74,0.9971,0.5805,0.219944,56,18,4,40.72,0.8276,0.1375,0.012823,4.297
714676,520,340,860,222,99,213,330.40,0.8171,0.6396,0.292593,35,48,53,223.45,0.2054,0.1978,0.027282,4.433
714679,520,470,990,159,75,222,307.16,0.8198,0.5214,0.176776,11,0,28,299.78,1.0000,0.0428,0.001550,4.399
714685,520,443,963,202,78,121,1.74,0.6913,0.5356,0.193877,34,4,27,338.18,0.7340,0.0820,0.005061,4.429
714688,520,418,938,226,72,45,32.34,0.9100,0.5550,0.209957,21,7,78,279.58,0.9419,0.1160,0.008614,4.435
714689,520,459,979,194,24,225,320.19,0.9697,0.5327,0.175603,9,5,37,282.25,0.8083,0.0594,0.003002,4.257
714701,520,419,939,250,8,64,20.75,0.9957,0.5639,0.208715,39,8,50,315.74,0.7571,0.1113,0.008353,4.434
714710,520,448,968,206,74,133,356.02,0.7246,0.5416,0.197148,6,14,42,267.25,0.7424,0.0789,0.005199,4.477
714739,520,454,974,147,79,249,296.85,0.9463,0.5341,0.186347,7,18,11,155.97,0.4537,0.0728,0.005019,4.296
714760,520,377,897,247,25,186,343.73,0.9790,0.6028,0.240178,26,39,37,184.40,0.2316,0.1567,0.018042,4.265
714770,520,335,855,232,83,214,332.94,0.8827,0.6352,0.281997,85,16,46,359.08,0.7621,0.2047,0.024995,4.427
714779,520,429,949,197,56,210,324.26,0.8744,0.5477,0.193534,7,23,42,253.78,0.6225,0.1010,0.008251,4.181
714821,520,398,918,210,37,241,320.57,0.9678,0.5777,0.213774,9,26,81,265.70,0.8924,0.1436,0.013909,4.127
714822,520,405,925,246,60,1,34.23,0.9991,0.5788,0.228302,23,26,62,276.35,0.6010,0.1343,0.012687,4.440
714829,520,454,974,191,80,136,351.45,0.6500,0.5255,0.185929,19,10,19,326.60,0.3321,0.0676,0.004026,4.367
714834,520,433,953,208,46,194,332.11,0.8909,0.5475,0.192609,33,14,32,329.01,0.4876,0.0996,0.007417,4.225
714838,520,378,898,250,42,152,355.26,0.9583,0.6011,0.242503,30,39,36,172.95,0.1580,0.1597,0.018544,4.267
714843,520,453,973,223,48,83,15.85,0.8971,0.5306,0.184291,6,16,26,248.28,0.4640,0.0728,0.004839,4.272
714883,520,366,886,247,48,173,348.19,0.9404,0.6082,0.249084,34,24,97,281.07,0.8293,0.1741,0.018564,4.362
714892,520,473,993,210,30,160,343.15,0.9101,0.5214,0.171705,3,5,0,123.22,1.0000,0.0330,0.001279,4.323
714899,520,390,910,251,7,143,357.20,0.9942,0.5867,0.226479,11,4,109,268.48,0.9941,0.1478,0.012620,4.415
714900,520,314,834,253,85,196,344.03,0.9807,0.6628,0.313683,30,44,106,269.62,0.7408,0.2211,0.031179,4.480
714907,520,386,906,223,39,228,326.97,0.9631,0.5911,0.227427,67,15,3,35.36,0.9233,0.1548,0.015417,4.241
714910,520,453,973,235,29,22,29.01,0.9809,0.5346,0.186020,35,2,15,359.14,0.8073,0.0750,0.004353,4.342
714941,520,369,889,250,22,193,342.38,0.9853,0.6111,0.247514,17,2,126,269.47,0.9976,0.1740,0.016688,4.461
714953,520,436,956,182,86,188,325.19,0.6944,0.5466,0.202326,32,13,21,354.22,0.4276,0.0913,0.006491,4.467
714961,520,466,986,216,44,103,6.75,0.8725,0.5186,0.173821,9,9,1,109.29,0.7433,0.0495,0.002556,4.259
714975,520,455,975,208,35,171,339.11,0.8979,0.5264,0.175543,17,8,22,312.82,0.4505,0.0629,0.003508,4.215
714976,520,383,903,255,20,155,354.47,1.0000,0.6024,0.241305,24,33,57,267.39,0.4436,0.1489,0.015773,4.429
714982,520,406,926,218,69,185,338.01,0.8283,0.5806,0.226666,39,22,46,315.53,0.4656,0.1316,0.012024,4.461
715000,520,353,873,238,69,185,343.22,0.8833,0.6150,0.259389,69,8,74,324.62,0.8282,0.1820,0.019335,4.462
715018,520,429,949,132,101,242,289.10,0.8618,0.5474,0.206235,16,27,7,132.51,0.6814,0.1039,0.009093,4.336
715028,520,302,822,214,114,243,318.18,0.9015,0.6679,0.328032,24,58,63,208.10,0.5328,0.2257,0.035790,4.406
715036,520,380,900,216,58,244,321.01,0.9523,0.6039,0.241585,74,6,26,10.75,0.8686,0.1646,0.016609,4.378
715044,520,300,820,193,131,241,308.77,0.8117,0.6692,0.339216,23,64,4,138.20,0.9857,0.2298,0.038576,4.394
715064,520,300,820,254,68,234,332.90,0.9955,0.6678,0.311486,95,26,33,18.73,0.7420,0.2333,0.032819,4.365
715069,520,433,953,181,79,215,316.67,0.7994,0.5525,0.203231,16,19,39,275.56,0.4573,0.0950,0.007224,4.425
715079,520,456,976,197,84,104,11.71,0.6501,0.5304,0.192122,6,16,2,134.90,0.8646,0.0643,0.004137,4.472
715086,520,457,977,209,2,195,332.08,0.9966,0.5313,0.175409,25,3,17,343.33,0.6957,0.0609,0.003123,4.243
715093,520,475,995,173,26,244,309.74,0.9745,0.5161,0.161556,6,1,10,313.49,0.7164,0.0288,0.000823,4.163
715112,520,437,957,222,22,183,338.82,0.9634,0.5532,0.195248,28,16,9,51.09,0.3858,0.0881,0.006372,4.351
715113,520,416,936,205,73,190,332.60,0.7942,0.5662,0.214637,16,27,49,263.07,0.5014,0.1217,0.011157,4.327
715140,520,363,883,206,90,227,321.25,0.8472,0.6117,0.259817,41,36,48,303.87,0.2017,0.1680,0.019466,4.460
715143,520,443,963,210,70,127,359.07,0.7526,0.5415,0.196164,4,14,49,265.53,0.8690,0.0835,0.005616,4.426
715147,520,381,901,228,72,191,338.83,0.8566,0.6039,0.248927,20,43,1,133.89,0.9883,0.1566,0.018786,4.346
715158,520,478,998,185,73,143,345.01,0.6752,0.5084,0.170640,0,1,7,260.32,1.0000,0.0186,0.000370,4.380
715176,520,428,948,209,51,209,328.09,0.9022,0.5627,0.205283,38,7,45,319.69,0.7485,0.1046,0.007535,4.437
715187,520,442,962,235,2,116,3.01,0.9972,0.5435,0.189696,0,2,70,264.18,0.9953,0.0838,0.004856,4.370
715215,520,473,993,161,61,236,305.96,0.9003,0.5183,0.169713,1,2,19,269.24,0.9012,0.0308,0.000969,4.311
715217,520,452,972,231,15,81,14.49,0.9824,0.5285,0.179277,4,7,52,269.12,0.9419,0.0736,0.004257,4.226
715231,520,457,977,227,45,7,32.23,0.9918,0.5274,0.182259,17,7,12,347.80,0.3388,0.0566,0.002977,4.384
715233,520,428,948,207,24,234,321.58,0.9790,0.5614,0.198610,20,9,64,282.75,0.8700,0.1018,0.007142,4.351
715239,520,269,789,255,136,31,54.44,1.0000,0.7035,0.389704,19,73,16,142.34,0.9659,0.2602,0.049408,4.423
715270,520,466,986,169,72,200,317.03,0.7693,0.5151,0.172408,23,1,9,356.50,0.8057,0.0505,0.002236,4.258
715274,520,471,991,221,25,108,4.13,0.9427,0.5187,0.171528,13,1,23,309.23,0.8475,0.0438,0.001691,4.286
715315,520,301,821,218,109,250,318.00,0.9594,0.6700,0.327464,57,53,55,345.65,0.0501,0.2348,0.036919,4.343
715356,520,281,801,233,113,246,323.63,0.9484,0.6943,0.357897,69,56,23,87.96,0.5917,0.2490,0.041555,4.455
715363,520,345,865,206,87,253,314.87,0.9840,0.6253,0.270314,47,45,27,102.66,0.3421,0.1918,0.025603,4.237
715378,520,371,891,244,58,179,346.06,0.9196,0.6129,0.255169,61,29,31,16.91,0.4498,0.1733,0.019699,4.378
715394,520,429,949,242,33,25,29.02,0.9794,0.5516,0.200386,35,11,33,330.64,0.5825,0.0980,0.007065,4.388
715416,520,319,839,241,119,12,51.63,0.9846,0.6503,0.319238,58,51,2,100.65,0.9518,0.2186,0.032716,4.464
715418,520,476,996,164,74,194,316.75,0.7406,0.5063,0.166859,2,1,3,309.84,0.4147,0.0195,0.000412,4.302
715439,520,462,982,211,54,128,356.72,0.8135,0.5263,0.180480,3,10,20,251.29,0.5397,0.0534,0.002869,4.359
715443,520,300,820,232,134,80,48.21,0.7653,0.6694,0.347875,1,65,31,152.96,0.9957,0.2299,0.038858,4.478
715469,520,463,983,210,31,175,338.31,0.9186,0.5302,0.177789,16,7,6,28.10,0.3135,0.0535,0.002753,4.318
715483,520,337,857,217,103,209,330.14,0.7760,0.6358,0.290575,46,48,0,112.27,1.0000,0.1954,0.026948,4.426
715506,520,445,965,229,1,139,354.05,0.9982,0.5396,0.185467,12,19,13,148.75,0.2743,0.0796,0.005730,4.225
715514,520,411,931,236,31,145,354.26,0.9467,0.5652,0.208602,46,20,2,54.35,0.8361,0.1228,0.010856,4.249
715516,520,408,928,222,66,164,346.35,0.8212,0.5738,0.221088,4,37,18,154.21,0.9378,0.1313,0.013926,4.241
715519,520,474,994,182,52,216,318.16,0.8836,0.5243,0.173601,3,1,14,289.10,0.8057,0.0271,0.000728,4.408
715526,520,442,962,221,68,73,23.09,0.8516,0.5447,0.199900,13,14,41,277.96,0.6162,0.0830,0.005597,4.495
715532,520,443,963,230,7,128,358.10,0.9881,0.5385,0.185364,33,8,20,352.60,0.5806,0.0839,0.005476,4.243
715563,520,416,936,238,56,83,18.47,0.9129,0.5673,0.216332,5,33,10,147.15,0.9400,0.1169,0.011418,4.336
715578,520,460,980,207,72,89,16.68,0.7596,0.5269,0.186236,18,1,34,304.80,0.9100,0.0576,0.002658,4.486
715592,520,415,935,230,33,186,339.99,0.9499,0.5745,0.214585,2,22,70,262.27,0.9543,0.1200,0.010289,4.389
715600,520,474,994,230,9,81,14.14,0.9894,0.5248,0.176155,1,5,10,241.51,0.6099,0.0348,0.001369,4.403
715602,520,163,683,239,178,233,329.78,0.8369,0.8100,0.560761,56,91,67,153.54,0.4498,0.3496,0.087280,4.449
715615,520,458,978,193,31,223,320.27,0.9543,0.5327,0.176466,15,6,28,300.48,0.6275,0.0602,0.003157,4.260
715646,520,400,920,208,69,220,324.49,0.8775,0.5850,0.228352,12,19,87,269.32,0.9330,0.1379,0.012319,4.467
715675,520,358,878,237,22,246,326.27,0.9917,0.6204,0.252347,62,27,46,348.01,0.4984,0.1769,0.020054,4.316
715677,520,445,965,215,39,173,340.37,0.8990,0.5430,0.189175,31,8,20,349.84,0.5586,0.0807,0.005155,4.336
715687,520,387,907,252,61,27,32.18,0.9866,0.5926,0.241157,43,25,63,303.69,0.5729,0.1546,0.015678,4.433
715694,520,351,871,235,58,230,329.34,0.9493,0.6255,0.264040,75,10,69,332.39,0.8009,0.1914,0.021428,4.397
715698,520,406,926,250,4,133,0.12,0.9965,0.5805,0.221078,43,23,29,0.61,0.3461,0.1310,0.012152,4.362
715704,520,392,912,250,51,93,15.68,0.9642,0.5890,0.234855,68,5,8,24.86,0.9378,0.1463,0.013552,4.482
715712,520,283,803,254,83,246,329.88,0.9962,0.6888,0.339141,34,67,5,134.47,0.9750,0.2462,0.043652,4.155
715713,520,430,950,246,15,30,27.26,0.9933,0.5532,0.200318,39,13,7,34.86,0.6362,0.0985,0.007346,4.365
715724,520,384,904,229,45,208,333.63,0.9418,0.5922,0.230913,20,36,58,256.62,0.4878,0.1549,0.017159,4.183
715737,520,417,937,248,31,79,17.79,0.9728,0.5697,0.215045,40,24,5,68.92,0.6960,0.1226,0.011154,4.334
715750,520,474,994,225,31,57,22.19,0.9618,0.5180,0.172858,4,1,19,288.44,0.8613,0.0315,0.000945,4.374
715761,520,471,991,210,60,103,8.07,0.7989,0.5219,0.179149,17,0,11,340.63,1.0000,0.0398,0.001434,4.455
715762,520,478,998,230,1,20,27.69,0.9994,0.5148,0.168983,3,0,1,353.79,1.0000,0.0152,0.000216,4.361
715777,520,440,960,219,12,197,334.07,0.9846,0.5531,0.193566,40,5,25,349.06,0.7297,0.0932,0.006299,4.326
715781,520,476,996,122,93,226,288.91,0.7943,0.5096,0.174571,2,0,7,299.60,1.0000,0.0177,0.000282,4.466
715785,520,472,992,232,5,48,23.25,0.9964,0.5225,0.174809,4,2,16,288.65,0.7102,0.0325,0.001066,4.402
715795,520,476,996,214,55,17,33.64,0.9708,0.5102,0.170715,1,1,12,274.56,0.8685,0.0231,0.000547,4.367
715807,520,364,884,249,16,206,338.64,0.9916,0.6147,0.249698,75,4,33,3.61,0.8829,0.1672,0.016928,4.478
715839,520,381,901,234,63,171,346.63,0.8721,0.5955,0.239905,58,21,41,348.93,0.5615,0.1570,0.015961,4.395
715842,520,434,954,192,82,185,330.09,0.7230,0.5542,0.207453,0,30,1,143.36,1.0000,0.1025,0.009307,4.341
715859,520,305,825,237,91,248,324.88,0.9688,0.6724,0.322663,79,44,2,63.96,0.9359,0.2315,0.034682,4.401
715874,520,417,937,238,63,43,30.41,0.9399,0.5680,0.219097,13,17,76,271.29,0.9060,0.1223,0.010082,4.479
715877,520,420,940,234,16,149,352.07,0.9763,0.5573,0.200359,23,23,43,282.64,0.3986,0.1133,0.009694,4.194
715885,520,368,888,249,1,198,340.67,0.9994,0.6074,0.242419,46,7,103,291.71,0.9425,0.1736,0.017121,4.357
715886,520,408,928,215,93,70,32.48,0.7685,0.5680,0.227202,17,32,38,225.27,0.3502,0.1298,0.012921,4.406
715896,520,411,931,255,23,22,28.66,1.0000,0.5744,0.219346,4,29,41,232.39,0.7525,0.1155,0.010646,4.441
715897,520,335,855,240,91,182,346.15,0.8598,0.6419,0.293875,4,57,7,143.52,0.9902,0.1989,0.029673,4.316
715903,520,351,871,236,70,214,333.88,0.9145,0.6280,0.270708,4,49,64,226.06,0.8811,0.1904,0.025925,4.224
715914,520,212,732,220,176,174,21.33,0.3781,0.7627,0.493234,24,87,40,148.29,0.9347,0.3133,0.071635,4.466
715916,520,433,953,136,93,255,290.20,1.0000,0.5485,0.202828,13,13,65,274.10,0.8844,0.1033,0.007550,4.393
715939,520,443,963,214,80,1,41.89,0.9974,0.5406,0.200380,11,20,22,212.98,0.2543,0.0847,0.006294,4.448
715947,520,439,959,229,60,39,30.74,0.9374,0.5468,0.200391,5,16,55,265.99,0.8744,0.0938,0.006786,4.409
715948,520,421,941,207,11,242,319.88,0.9933,0.5639,0.199173,10,32,2,137.41,0.9712,0.1147,0.011019,4.084
715959,520,448,968,240,19,44,25.03,0.9883,0.5429,0.191762,5,4,62,269.82,0.9773,0.0804,0.004669,4.422
715981,520,395,915,230,34,204,334.91,0.9597,0.5853,0.223293,5,19,95,265.88,0.9623,0.1445,0.013241,4.321
715982,520,199,719,253,141,253,327.17,0.9905,0.7689,0.470265,62,73,99,266.62,0.2854,0.3156,0.066900,4.451
716008,520,445,965,232,23,109,5.58,0.9622,0.5407,0.188757,31,5,29,330.86,0.6993,0.0799,0.004886,4.350
716017,520,271,791,239,144,63,57.59,0.8580,0.6971,0.386586,39,64,83,242.33,0.3972,0.2634,0.047225,4.490
716022,520,424,944,230,52,139,356.38,0.8745,0.5648,0.211458,40,11,41,326.31,0.6544,0.1106,0.008506,4.469
716025,520,475,995,227,26,39,26.04,0.9776,0.5174,0.172191,2,1,21,276.62,0.9309,0.0305,0.000888,4.366
716042,520,338,858,202,107,240,315.31,0.8718,0.6390,0.293644,20,55,27,148.05,0.8253,0.2010,0.029601,4.317
716064,520,434,954,212,22,208,329.34,0.9701,0.5506,0.191270,26,23,15,89.91,0.2360,0.1039,0.008669,4.112
716070,520,323,843,235,93,204,337.14,0.8639,0.6469,0.298529,34,53,46,169.53,0.3028,0.2091,0.030835,4.312
716093,520,367,887,141,123,251,286.67,0.9199,0.6050,0.267933,13,48,24,150.85,0.8677,0.1735,0.022653,4.376
716100,520,465,985,216,52,73,19.38,0.8816,0.5180,0.175385,8,9,8,145.41,0.0570,0.0508,0.002645,4.281
716111,520,351,871,230,108,124,13.88,0.7280,0.6292,0.290058,14,54,8,141.21,0.9686,0.1918,0.027491,4.388
716119,520,285,805,196,141,239,308.99,0.7772,0.6904,0.370182,0,69,43,160.34,1.0000,0.2466,0.044305,4.456
716128,520,423,943,250,16,3,29.61,0.9980,0.5609,0.207049,21,8,68,282.64,0.8968,0.1057,0.007504,4.470
716131,520,418,938,177,93,197,319.63,0.6827,0.5558,0.212080,9,18,70,268.68,0.8985,0.1153,0.009328,4.417
716185,520,375,895,255,0,151,355.36,1.0000,0.5966,0.234980,9,43,28,160.81,0.8263,0.1563,0.018696,4.148
716198,520,413,933,216,49,204,331.40,0.9099,0.5699,0.211573,16,25,53,268.20,0.5758,0.1195,0.010624,4.315
716204,520,477,997,196,13,193,329.16,0.9722,0.5087,0.158756,0,1,7,260.32,1.0000,0.0186,0.000370,4.144
716211,520,430,950,205,10,231,321.88,0.9918,0.5517,0.189675,31,2,64,297.56,0.9481,0.1043,0.007049,4.201
716230,520,353,873,240,99,17,43.58,0.9774,0.6160,0.274924,11,45,66,240.09,0.7134,0.1818,0.023412,4.426
716231,520,477,997,210,62,21,35.01,0.9552,0.5101,0.172034,0,1,17,263.76,1.0019,0.0249,0.000622,4.386
716242,520,456,976,238,4,39,25.27,0.9977,0.5343,0.184138,0,7,42,262.60,1.0001,0.0605,0.003191,4.402
716243,520,470,990,206,57,136,352.51,0.7919,0.5231,0.178277,11,3,4,9.48,0.4280,0.0376,0.001450,4.437
716252,520,435,955,220,52,140,353.82,0.8462,0.5463,0.195676,9,11,54,273.01,0.8682,0.0860,0.005637,4.416
716253,520,391,911,250,62,41,30.41,0.9773,0.5906,0.239329,13,36,56,247.29,0.5999,0.1495,0.016328,4.362
716256,520,187,707,216,181,221,322.10,0.4833,0.7860,0.528678,5,91,75,175.01,0.9726,0.3321,0.080221,4.444
716258,520,476,996,217,45,46,26.47,0.9348,0.5095,0.168283,0,0,9,264.05,1.0000,0.0151,0.000197,4.349
716273,520,474,994,228,9,55,21.49,0.9922,0.5157,0.169682,16,0,2,12.28,1.0000,0.0347,0.001146,4.295
716279,520,408,928,159,103,232,301.19,0.7891,0.5728,0.228979,8,25,74,265.07,0.8768,0.1337,0.012412,4.470
716280,520,397,917,186,90,221,316.03,0.7933,0.5791,0.229729,57,18,11,32.16,0.7158,0.1405,0.013268,4.421
716287,520,467,987,222,33,101,7.44,0.9238,0.5227,0.175596,12,2,20,310.26,0.7402,0.0433,0.001721,4.362
716288,520,402,922,218,65,184,338.23,0.8387,0.5759,0.221489,54,18,7,37.77,0.7482,0.1342,0.012323,4.356
716307,520,416,936,222,53,171,343.22,0.8682,0.5650,0.210185,18,32,15,140.09,0.5488,0.1222,0.011961,4.199
716319,520,446,966,223,58,76,19.99,0.8788,0.5382,0.192386,1,21,29,225.07,0.8796,0.0841,0.006315,4.304
716333,520,457,977,182,45,235,313.81,0.9346,0.5336,0.178211,13,6,33,291.18,0.6998,0.0617,0.003256,4.285
716343,520,14,534,254,247,242,58.22,0.7459,0.9769,0.940034,0,135,12,143.05,1.0000,0.4675,0.173537,4.429
716347,520,404,924,238,60,101,12.86,0.8893,0.5750,0.223515,28,27,49,284.77,0.3932,0.1318,0.012525,4.375
716372,520,459,979,230,28,70,18.59,0.9649,0.5291,0.180987,5,6,39,273.16,0.8685,0.0599,0.003090,4.351
716375,520,464,984,174,33,248,309.00,0.9679,0.5248,0.168646,4,9,15,246.98,0.3655,0.0498,0.002557,4.160
716376,520,338,858,211,98,241,318.70,0.9051,0.6388,0.289366,44,49,28,119.51,0.3838,0.2004,0.028159,4.342
716377,520,432,952,195,30,238,317.32,0.9695,0.5474,0.187051,32,8,43,313.38,0.7161,0.0955,0.006552,4.192
716386,520,457,977,194,36,212,323.25,0.9303,0.5289,0.174861,19,11,4,67.28,0.4612,0.0648,0.003866,4.174
716398,520,477,997,200,46,161,340.56,0.8329,0.5140,0.168085,2,1,3,309.84,0.4147,0.0195,0.000412,4.326
716423,520,377,897,252,71,26,34.09,0.9851,0.6024,0.252801,9,44,30,163.00,0.8231,0.1602,0.019531,4.355
716451,520,398,918,217,42,217,328.18,0.9431,0.5752,0.214195,13,36,45,226.20,0.5359,0.1429,0.015367,4.042
716452,520,415,935,244,47,78,19.28,0.9447,0.5710,0.218196,0,33,26,175.70,1.0000,0.1186,0.011622,4.352
716458,520,458,978,224,31,127,358.08,0.9250,0.5343,0.183623,0,7,42,262.60,1.0001,0.0605,0.003191,4.392
716460,520,380,900,254,41,142,359.21,0.9906,0.6045,0.246133,5,30,89,263.05,0.9354,0.1593,0.016820,4.432
716481,520,341,861,242,75,182,345.49,0.8947,0.6267,0.272897,69,33,55,344.02,0.4748,0.2043,0.026289,4.233
716486,520,353,873,247,13,227,332.94,0.9951,0.6230,0.256111,37,9,114,281.68,0.9615,0.1788,0.018035,4.499
716489,520,431,951,195,100,71,37.72,0.6590,0.5467,0.211731,8,27,24,182.14,0.5370,0.1035,0.009014,4.435
716491,520,475,995,208,67,75,21.39,0.8074,0.5192,0.179344,6,3,4,354.40,0.2345,0.0322,0.001126,4.486
716500,520,410,930,237,65,59,27.15,0.9175,0.5700,0.221040,28,17,75,284.25,0.8029,0.1332,0.011557,4.403
716506,520,395,915,247,6,164,349.93,0.9948,0.5874,0.225881,56,18,19,21.16,0.6263,0.1403,0.013205,4.365
716521,520,455,975,119,97,241,285.13,0.8739,0.5266,0.188219,25,7,0,53.29,1.0000,0.0636,0.003587,4.445
716522,520,380,900,235,20,216,332.93,0.9863,0.5963,0.231230,9,4,121,267.04,0.9959,0.1647,0.015252,4.310
716523,520,351,871,218,92,225,325.55,0.8576,0.6310,0.279978,27,51,1,132.44,0.9901,0.1878,0.026028,4.340
716524,520,417,937,216,93,47,39.77,0.8488,0.5667,0.226352,9,34,14,147.94,0.8491,0.1229,0.012338,4.433
716551,520,440,960,213,24,197,332.56,0.9597,0.5459,0.188328,35,7,21,352.03,0.6325,0.0859,0.005635,4.284
716552,520,267,787,248,120,220,336.40,0.9460,0.7126,0.385592,9,65,100,242.87,0.8464,0.2641,0.047585,4.464
716553,520,302,822,250,80,223,334.97,0.9726,0.6662,0.313919,8,45,119,262.12,0.9399,0.2267,0.032601,4.406
716555,520,271,791,215,159,111,61.30,0.5439,0.7033,0.403925,21,74,19,142.61,0.9577,0.2647,0.051038,4.493
716560,520,363,883,136,127,247,283.98,0.8652,0.6057,0.271280,37,42,33,131.26,0.1782,0.1741,0.021590,4.488
716565,520,393,913,216,12,251,320.19,0.9948,0.5861,0.218288,2,40,16,151.53,0.9800,0.1401,0.015678,4.085
716578,520,465,985,223,40,85,14.10,0.9173,0.5249,0.178642,21,2,8,358.67,0.7119,0.0494,0.002204,4.380
716598,520,420,940,222,80,21,39.13,0.9568,0.5561,0.213237,27,20,35,305.26,0.3352,0.1058,0.008547,4.496
716600,520,298,818,187,141,217,311.33,0.5926,0.6684,0.346249,31,64,7,135.50,0.9644,0.2345,0.039733,4.416
716614,520,352,872,207,121,140,6.18,0.5214,0.6219,0.288352,30,50,8,131.64,0.8970,0.1875,0.025747,4.467
716616,520,386,906,230,2,228,328.83,0.9989,0.5914,0.224703,40,11,82,294.74,0.8621,0.1461,0.012997,4.361
716618,520,397,917,235,8,200,337.06,0.9934,0.5837,0.220088,51,24,14,40.78,0.5522,0.1417,0.013889,4.227
716629,520,353,873,253,61,154,356.41,0.9780,0.6212,0.265567,2,39,86,256.74,0.9523,0.1773,0.021357,4.422
716648,520,446,966,189,48,232,316.50,0.9275,0.5443,0.187602,0,15,51,260.25,1.0000,0.0847,0.005806,4.258
716652,520,399,919,211,86,159,347.15,0.7104,0.5772,0.230096,22,38,5,131.45,0.8922,0.1423,0.015677,4.265
716663,520,331,851,221,121,114,25.06,0.6459,0.6350,0.302639,25,55,30,147.78,0.6874,0.2044,0.030327,4.390
716664,520,439,959,214,16,207,330.13,0.9804,0.5515,0.191738,8,25,16,159.00,0.5767,0.0948,0.007843,4.179
716666,520,465,985,196,2,216,323.14,0.9973,0.5230,0.167387,10,7,16,300.08,0.3360,0.0510,0.002539,4.138
716674,520,395,915,246,44,127,3.04,0.9353,0.5855,0.229299,45,12,66,308.66,0.7775,0.1387,0.012142,4.495
716676,520,442,962,224,7,153,348.43,0.9863,0.5372,0.183018,19,14,21,316.24,0.2206,0.0766,0.005067,4.232
716697,520,476,996,204,70,4,39.62,0.9885,0.5079,0.172286,3,0,10,300.63,1.0000,0.0212,0.000413,4.409
716699,520,398,918,246,47,80,18.84,0.9486,0.5754,0.222085,20,23,79,273.82,0.8226,0.1414,0.013260,4.301
716706,520,441,961,233,30,68,19.59,0.9651,0.5360,0.186726,17,13,47,283.53,0.6839,0.0892,0.006122,4.218
716711,520,385,905,241,47,149,354.75,0.9188,0.5859,0.229068,45,24,51,318.46,0.4902,0.1471,0.014502,4.326
716717,520,464,984,182,73,168,332.93,0.7067,0.5163,0.175386,0,1,46,264.19,0.9947,0.0519,0.002189,4.319
716722,520,475,995,227,34,7,30.85,0.9925,0.5197,0.174932,1,3,3,195.68,0.3771,0.0256,0.000781,4.429
716725,520,402,922,247,24,130,1.08,0.9734,0.5784,0.220426,26,32,33,208.75,0.1093,0.1346,0.013624,4.250
716733,520,443,963,216,65,105,9.12,0.7988,0.5394,0.194018,18,8,41,292.49,0.7161,0.0765,0.004624,4.467
716737,520,387,907,229,50,206,334.21,0.9300,0.5945,0.233979,51,24,33,359.55,0.4271,0.1472,0.014670,4.391
716739,520,389,909,248,70,27,33.97,0.9733,0.5937,0.244194,16,43,1,136.33,0.9910,0.1542,0.018400,4.301
716774,520,411,931,240,20,148,353.73,0.9741,0.5699,0.211668,15,21,62,271.99,0.7457,0.1171,0.009856,4.372
716778,520,331,851,252,70,178,348.80,0.9698,0.6374,0.282934,14,36,109,265.65,0.9063,0.1976,0.024591,4.463
716792,520,323,843,206,119,222,321.22,0.7505,0.6532,0.315907,2,59,48,175.22,0.9745,0.2146,0.033541,4.380
716804,520,458,978,177,43,244,310.38,0.9484,0.5321,0.176075,11,12,14,264.43,0.0741,0.0619,0.003658,4.213
716807,520,468,988,182,15,237,314.13,0.9860,0.5199,0.164023,13,5,4,30.57,0.3527,0.0449,0.002029,4.114
716820,520,473,993,225,41,13,31.28,0.9850,0.5204,0.176254,2,0,25,275.68,1.0000,0.0306,0.000831,4.451
716825,520,401,921,243,46,120,5.14,0.9259,0.5787,0.223680,39,13,70,299.46,0.7914,0.1351,0.011614,4.442
716833,520,362,882,232,93,117,12.65,0.7814,0.6076,0.262715,51,36,48,333.52,0.2560,0.1805,0.021790,4.356
716834,520,307,827,224,101,250,320.30,0.9674,0.6671,0.320585,4,67,7,143.24,0.9932,0.2342,0.040553,4.092
716844,520,400,920,214,71,189,335.59,0.8192,0.5782,0.224788,33,1,96,284.89,0.9924,0.1436,0.011895,4.440
716846,520,458,978,177,41,240,311.33,0.9472,0.5272,0.172252,21,5,27,316.32,0.6577,0.0645,0.003471,4.156
716873,520,420,940,246,25,16,29.29,0.9884,0.5559,0.203291,29,0,70,292.54,1.0000,0.1056,0.007034,4.441
716882,520,401,921,231,70,117,7.37,0.8280,0.5765,0.226564,61,4,41,346.65,0.8240,0.1407,0.012392,4.433
716892,520,319,839,241,118,32,49.27,0.9472,0.6493,0.317648,0,52,100,252.46,0.9999,0.2245,0.033759,4.389
716903,520,359,879,241,50,208,336.57,0.9486,0.6167,0.255389,58,38,12,70.55,0.6609,0.1849,0.023124,4.176
716906,520,384,904,223,55,203,333.55,0.9056,0.5861,0.227344,17,32,72,265.72,0.6993,0.1531,0.016200,4.189
716908,520,427,947,205,35,230,321.84,0.9596,0.5601,0.198961,22,10,57,287.72,0.7996,0.0981,0.006831,4.381
716915,520,249,769,182,160,248,294.71,0.8148,0.7190,0.418640,8,72,98,232.17,0.8822,0.2835,0.055679,4.435
716916,520,451,971,190,38,236,316.17,0.9528,0.5421,0.183908,19,2,44,296.20,0.9058,0.0694,0.003637,4.361
716917,520,332,852,240,40,252,325.50,0.9901,0.6369,0.270737,91,3,37,6.65,0.9375,0.2035,0.024232,4.321
716941,520,360,880,238,69,193,340.65,0.8930,0.6190,0.262864,67,28,14,39.88,0.6782,0.1779,0.020557,4.434
716964,520,389,909,254,20,121,5.00,0.9922,0.5882,0.229553,17,39,21,148.38,0.6381,0.1451,0.016243,4.220
716965,520,418,938,191,80,203,323.68,0.7747,0.5607,0.211268,23,31,4,123.76,0.8160,0.1212,0.011709,4.234
716972,520,433,953,189,21,255,312.15,1.0000,0.5485,0.185763,37,6,47,316.64,0.7778,0.1031,0.007288,4.115
716983,520,319,839,198,138,145,11.46,0.3823,0.6453,0.322282,33,59,3,132.20,0.9763,0.2188,0.034578,4.402
717004,520,457,977,201,48,181,334.14,0.8529,0.5288,0.178694,8,9,27,278.13,0.5381,0.0595,0.003261,4.294
717008,520,408,928,233,58,115,6.65,0.8703,0.5674,0.215905,5,16,89,266.35,0.9645,0.1320,0.011240,4.342
717010,520,371,891,194,109,196,326.32,0.6417,0.6057,0.263933,35,39,52,271.38,0.2186,0.1717,0.020563,4.449
717020,520,469,989,176,88,139,346.06,0.5582,0.5154,0.180748,12,2,19,312.01,0.7282,0.0427,0.001686,4.464
717025,520,438,958,222,72,23,36.53,0.9564,0.5457,0.202288,38,4,33,334.41,0.7637,0.0922,0.006088,4.498
717044,520,445,965,176,82,194,320.95,0.7196,0.5355,0.191607,15,17,30,276.69,0.3357,0.0840,0.005962,4.317
717051,520,392,912,214,97,126,6.72,0.6565,0.5861,0.243540,8,41,30,167.25,0.7990,0.1499,0.017312,4.361
717054,520,408,928,234,67,51,29.56,0.9169,0.5653,0.217488,14,19,76,271.31,0.8861,0.1265,0.010809,4.399
717058,520,449,969,229,18,130,357.48,0.9672,0.5401,0.187052,28,8,0,52.21,1.0000,0.0701,0.004206,4.373
717063,520,424,944,247,19,35,26.77,0.9908,0.5569,0.203648,44,12,19,9.41,0.6050,0.1086,0.008455,4.339
717064,520,376,896,248,8,177,346.33,0.9940,0.5959,0.233078,40,32,55,299.43,0.3671,0.1608,0.017600,4.188
717083,520,477,997,141,88,206,301.80,0.7119,0.5063,0.170987,5,1,1,21.77,0.5474,0.0229,0.000562,4.371
717086,520,218,738,251,152,175,5.21,0.8578,0.7530,0.460633,12,76,110,238.66,0.8470,0.3041,0.063725,4.490
717089,520,436,956,240,25,91,12.90,0.9713,0.5531,0.199791,22,7,56,289.60,0.8397,0.0926,0.006080,4.454
717097,520,479,999,193,33,195,327.64,0.9146,0.5133,0.163669,2,0,3,318.71,1.0000,0.0147,0.000195,4.257
717113,520,460,980,222,14,150,349.06,0.9710,0.5334,0.180483,0,15,4,152.91,1.0000,0.0573,0.003504,4.308
717114,520,333,853,245,16,253,326.57,0.9960,0.6374,0.268777,86,11,43,1.11,0.8112,0.2009,0.023925,4.312
717116,520,349,869,211,111,200,331.43,0.6975,0.6350,0.293895,0,51,56,205.29,1.0000,0.1910,0.026530,4.494
717119,520,271,791,243,115,233,330.48,0.9376,0.7044,0.372017,27,60,111,258.92,0.7033,0.2644,0.046122,4.390
717122,520,408,928,211,79,165,343.92,0.7461,0.5705,0.221595,21,29,40,256.45,0.2808,0.1253,0.011913,4.387
717124,520,463,983,217,54,99,9.86,0.8446,0.5281,0.182934,13,7,17,311.61,0.3741,0.0543,0.002780,4.413
717125,520,424,944,231,23,154,349.95,0.9601,0.5559,0.199377,46,3,43,331.27,0.8227,0.1114,0.008205,4.284
717144,520,424,944,252,10,23,27.97,0.9964,0.5645,0.209782,49,7,18,9.38,0.7520,0.1106,0.008487,4.442
717160,520,334,854,251,48,224,334.65,0.9813,0.6422,0.280081,73,32,5,49.58,0.8345,0.1956,0.024607,4.424
717162,520,440,960,184,63,228,315.27,0.8821,0.5472,0.193479,19,15,46,285.26,0.6218,0.0941,0.006773,4.289
717182,520,334,854,218,107,199,334.21,0.7351,0.6382,0.295462,5,58,17,146.48,0.9835,0.2039,0.030987,4.266
717183,520,362,882,255,52,129,4.50,1.0000,0.6092,0.253046,31,20,113,276.79,0.9266,0.1840,0.019838,4.339
717184,520,397,917,253,34,86,16.46,0.9873,0.5829,0.227023,29,10,88,282.82,0.9221,0.1392,0.011828,4.481
717185,520,348,868,239,45,246,326.57,0.9767,0.6338,0.268839,74,21,54,345.72,0.6684,0.1926,0.022587,4.392
717188,520,434,954,223,53,125,0.38,0.8512,0.5471,0.197175,16,3,69,278.69,0.9702,0.0952,0.006049,4.410
717193,520,462,982,219,45,105,6.59,0.8756,0.5260,0.179593,18,0,24,318.56,1.0000,0.0481,0.001946,4.420
717211,520,299,819,254,92,193,345.71,0.9886,0.6712,0.325785,11,56,86,243.27,0.7875,0.2281,0.035712,4.384
717220,520,352,872,213,79,248,318.52,0.9588,0.6225,0.265170,53,39,44,355.27,0.1914,0.1888,0.023898,4.265
717222,520,228,748,232,141,246,322.09,0.9278,0.7379,0.428610,33,72,99,241.30,0.5718,0.2926,0.058587,4.408
717239,520,299,819,250,94,190,345.95,0.9448,0.6657,0.320501,54,53,40,103.89,0.2032,0.2261,0.034837,4.367
717251,520,361,881,246,89,54,34.05,0.9428,0.6151,0.270072,0,39,94,258.22,1.0000,0.1842,0.022590,4.409
717265,520,279,799,249,91,250,327.55,0.9819,0.6919,0.345267,17,56,106,256.41,0.7893,0.2453,0.039879,4.398
717278,520,376,896,209,83,219,324.72,0.8433,0.6021,0.248580,60,27,3,53.05,0.8457,0.1618,0.017512,4.423
717281,520,421,941,211,22,217,326.76,0.9746,0.5550,0.194344,4,23,52,257.89,0.8104,0.1068,0.008865,4.151
717288,520,412,932,195,67,236,316.57,0.9038,0.5740,0.216738,54,9,18,13.42,0.7536,0.1232,0.010234,4.428
717295,520,325,845,242,82,213,335.88,0.9232,0.6498,0.297186,45,35,105,283.88,0.7274,0.2131,0.027798,4.463
717299,520,301,821,236,130,71,47.88,0.8191,0.6666,0.342556,0,65,15,145.92,1.0000,0.2269,0.038149,4.453
717304,520,469,989,211,20,155,344.87,0.9438,0.5163,0.167180,8,2,26,292.24,0.8200,0.0433,0.001696,4.201
717317,520,389,909,240,39,175,345.73,0.9451,0.5906,0.230745,40,6,86,293.89,0.9252,0.1452,0.012533,4.490
717325,520,319,839,235,106,160,356.14,0.7676,0.6458,0.305108,20,60,20,143.39,0.9225,0.2166,0.034308,4.212
717342,520,313,833,239,112,142,7.23,0.7785,0.6554,0.318947,63,48,24,77.98,0.4926,0.2197,0.032367,4.479
717359,520,379,899,242,46,173,347.03,0.9330,0.5976,0.238514,28,33,72,274.92,0.5800,0.1633,0.018024,4.241
717370,520,465,985,175,56,225,313.47,0.8874,0.5243,0.173795,0,11,5,162.85,1.0000,0.0472,0.002503,4.263
717381,520,455,975,221,19,132,355.14,0.9558,0.5251,0.175065,19,0,42,299.27,1.0000,0.0637,0.003056,4.242
717386,520,403,923,243,13,151,353.23,0.9862,0.5752,0.215801,21,17,79,276.86,0.8698,0.1312,0.011248,4.340
717387,520,262,782,255,132,108,32.36,1.0000,0.7053,0.388483,30,69,64,184.44,0.5433,0.2639,0.049023,4.428
717415,520,433,953,235,44,83,16.57,0.9322,0.5516,0.200912,43,3,27,348.15,0.7961,0.0966,0.006579,4.435
717437,520,307,827,214,111,246,317.58,0.9249,0.6651,0.323203,48,55,54,186.34,0.0836,0.2304,0.036271,4.326
717438,520,395,915,229,52,203,335.07,0.9226,0.5942,0.234283,25,32,51,268.12,0.3644,0.1431,0.014787,4.388
717451,520,422,942,250,13,60,21.85,0.9932,0.5644,0.209418,28,22,29,321.47,0.1856,0.1086,0.009094,4.390
717469,520,389,909,240,56,136,359.82,0.8922,0.5860,0.231343,13,35,59,252.46,0.6214,0.1487,0.016033,4.261
717479,520,457,977,158,78,232,304.21,0.8516,0.5321,0.185445,17,7,18,323.74,0.4244,0.0590,0.003148,4.430
717485,520,453,973,185,92,108,10.65,0.5532,0.5250,0.190527,0,19,21,203.08,1.0000,0.0740,0.005199,4.357
717486,520,449,969,191,34,238,316.11,0.9620,0.5430,0.183948,2,5,56,266.74,0.9739,0.0729,0.004069,4.327
717497,520,442,962,202,8,227,322.04,0.9925,0.5431,0.182780,6,22,13,157.92,0.6211,0.0839,0.006416,4.126
717507,520,272,792,203,150,204,325.89,0.5019,0.6990,0.388697,3,73,49,162.85,0.9823,0.2627,0.050060,4.384
717523,520,477,997,216,1,119,358.28,0.9973,0.5050,0.159551,5,0,2,349.81,1.0000,0.0195,0.000367,4.161
717531,520,421,941,197,27,254,314.43,0.9953,0.5624,0.198113,47,7,24,358.50,0.7244,0.1088,0.008223,4.261
717544,520,303,823,250,116,112,23.83,0.9240,0.6715,0.339877,18,64,9,140.80,0.9742,0.2281,0.038150,4.423
717546,520,401,921,212,57,220,325.88,0.9102,0.5800,0.220925,32,31,37,293.18,0.1142,0.1396,0.014206,4.220
717548,520,377,897,208,67,244,318.51,0.9437,0.5996,0.239574,53,26,46,337.44,0.4539,0.1603,0.016930,4.327
717552,520,457,977,181,47,228,315.06,0.9189,0.5279,0.174593,21,1,29,315.99,0.8696,0.0577,0.002699,4.262
717553,520,392,912,247,28,163,350.63,0.9698,0.5930,0.232523,52,24,44,338.86,0.4752,0.1538,0.015653,4.303
717559,520,436,956,197,46,220,321.85,0.9191,0.5465,0.189932,22,18,15,59.06,0.1302,0.0869,0.006377,4.256
717561,520,423,943,240,29,112,6.17,0.9589,0.5605,0.205771,17,12,67,277.71,0.8757,0.1068,0.007873,4.419
717572,520,426,946,228,69,75,22.96,0.8672,0.5596,0.212610,28,13,62,291.31,0.7695,0.1139,0.008825,4.464
717591,520,348,868,240,25,247,326.72,0.9908,0.6271,0.259386,4,25,123,264.92,0.9714,0.1902,0.021510,4.326
717599,520,411,931,239,13,161,349.27,0.9851,0.5717,0.212149,53,12,4,34.43,0.8568,0.1222,0.010287,4.348
717600,520,445,965,206,58,161,342.72,0.8038,0.5358,0.187231,9,2,64,273.81,0.9848,0.0823,0.004716,4.336
717604,520,445,965,156,84,235,302.15,0.8513,0.5406,0.194071,4,10,55,267.83,0.9302,0.0819,0.005187,4.423
717618,520,219,739,209,169,214,322.62,0.4759,0.7499,0.467870,7,81,86,202.32,0.9253,0.3047,0.066016,4.464
717625,520,397,917,251,43,56,24.90,0.9813,0.5791,0.225262,37,19,64,298.40,0.6782,0.1364,0.012292,4.419
717650,520,378,898,230,35,223,329.97,0.9699,0.5978,0.233552,5,46,17,148.89,0.9661,0.1621,0.020266,4.035
717656,520,330,850,224,81,252,320.62,0.9836,0.6440,0.287623,21,56,40,161.52,0.6652,0.2084,0.031409,4.147
717665,520,318,838,249,81,208,339.12,0.9579,0.6576,0.305816,92,23,25,23.29,0.7938,0.2214,0.029587,4.471
717667,520,430,950,202,50,210,325.85,0.8973,0.5508,0.194926,48,2,18,4.88,0.8719,0.1014,0.007156,4.285
717705,520,464,984,225,35,67,19.71,0.9477,0.5220,0.176177,0,7,27,257.47,1.0000,0.0482,0.002311,4.324
717717,520,467,987,160,74,225,306.93,0.8337,0.5237,0.178080,2,7,3,151.15,0.5856,0.0386,0.001714,4.410
717724,520,399,919,249,46,90,15.96,0.9605,0.5828,0.228354,62,12,3,33.94,0.9200,0.1404,0.012938,4.423
717725,520,375,895,209,67,237,320.47,0.9175,0.5961,0.236857,19,37,56,251.02,0.4834,0.1557,0.017470,4.252
717737,520,398,918,195,87,216,320.83,0.7968,0.5845,0.233777,11,27,76,265.87,0.8495,0.1416,0.013767,4.450
717741,520,420,940,184,58,247,311.16,0.9539,0.5573,0.199329,53,3,5,24.70,0.9388,0.1103,0.008331,4.274
717743,520,396,916,218,20,231,325.14,0.9854,0.5765,0.211774,24,35,23,142.59,0.3436,0.1381,0.014581,4.053
717756,520,447,967,173,80,215,313.69,0.7881,0.5424,0.195287,17,7,53,284.68,0.8453,0.0846,0.005282,4.437
717775,520,406,926,232,55,160,349.50,0.8796,0.5798,0.224290,21,29,53,268.64,0.4681,0.1333,0.012952,4.357
717781,520,446,966,184,40,244,312.58,0.9555,0.5406,0.182407,2,20,32,238.22,0.7776,0.0837,0.006175,4.137
717785,520,425,945,207,86,119,5.87,0.6743,0.5552,0.212549,39,10,49,316.22,0.7192,0.1132,0.008702,4.473
717794,520,372,892,244,84,68,29.16,0.9330,0.6066,0.259943,61,29,26,26.47,0.4765,0.1719,0.019455,4.462
717797,520,452,972,153,73,248,299.76,0.9448,0.5325,0.183150,19,12,17,336.91,0.2221,0.0708,0.004419,4.284
717802,520,472,992,233,0,6,28.83,1.0000,0.5205,0.173400,9,0,19,307.99,1.0000,0.0342,0.001051,4.376
717812,520,412,932,217,35,216,328.49,0.9554,0.5705,0.209138,8,14,82,268.51,0.9554,0.1217,0.009748,4.337
717816,520,431,951,196,67,194,328.48,0.8052,0.5469,0.196467,10,14,58,271.96,0.8552,0.0959,0.006841,4.336
717837,520,303,823,249,92,204,340.81,0.9500,0.6682,0.321566,13,62,60,191.00,0.7914,0.2326,0.038569,4.195
717840,520,433,953,198,54,207,325.44,0.8755,0.5455,0.191507,26,23,1,102.69,0.9098,0.1009,0.008346,4.139
717842,520,137,657,239,204,171,65.24,0.5668,0.8449,0.644779,15,105,55,152.57,0.9724,0.3743,0.104801,4.488
717853,520,457,977,214,45,141,351.53,0.8547,0.5296,0.180983,6,6,40,274.79,0.8601,0.0616,0.003222,4.340
717857,520,418,938,142,99,249,292.24,0.9222,0.5598,0.215140,18,30,26,171.82,0.2810,0.1194,0.011317,4.324
717861,520,223,743,243,162,122,46.92,0.7615,0.7479,0.463027,56,79,1,126.48,0.9930,0.3011,0.064348,4.487
717864,520,384,904,176,91,252,305.02,0.9649,0.5894,0.237412,42,32,11,84.00,0.5742,0.1465,0.015495,4.388
717865,520,362,882,212,87,218,325.84,0.8368,0.6111,0.258771,2,51,33,162.62,0.9766,0.1822,0.024903,4.122
717872,520,395,915,251,11,139,358.53,0.9910,0.5860,0.226162,42,25,32,353.22,0.2975,0.1352,0.012918,4.389
717877,520,387,907,219,94,134,2.62,0.6929,0.5924,0.247889,48,31,10,69.58,0.6204,0.1523,0.016303,4.493
717894,520,0,520,255,255,255,0.00,0.0000,1.0000,1.000000,1,139,12,142.98,0.9996,0.4809,0.184974,4.469
717895,520,465,985,212,63,46,30.15,0.8920,0.5174,0.177517,0,9,25,251.63,1.0000,0.0514,0.002655,4.321
717908,520,420,940,247,21,71,19.28,0.9850,0.5621,0.207690,38,12,41,323.40,0.6295,0.1090,0.008352,4.416
717910,520,398,918,156,106,237,298.44,0.8094,0.5782,0.234906,4,41,12,147.24,0.9715,0.1436,0.016382,4.292
717919,520,432,952,127,102,249,286.21,0.9262,0.5500,0.208540,17,21,45,274.31,0.5088,0.1046,0.008449,4.423
717922,520,465,985,214,62,72,21.65,0.8487,0.5242,0.182117,3,10,16,238.12,0.4744,0.0516,0.002738,4.401
717930,520,475,995,171,14,251,307.94,0.9902,0.5152,0.159379,9,0,17,311.40,1.0000,0.0330,0.000986,4.107
717934,520,351,871,248,100,40,40.03,0.9522,0.6329,0.292272,21,52,31,152.32,0.6902,0.1925,0.027143,4.437
717935,520,391,911,252,12,150,355.28,0.9907,0.5924,0.231640,54,27,12,48.39,0.6054,0.1527,0.015948,4.271
717938,520,406,926,241,60,91,16.70,0.9088,0.5785,0.226910,28,26,50,286.10,0.4258,0.1300,0.012159,4.455
717949,520,464,984,230,4,37,25.34,0.9973,0.5167,0.170465,18,5,6,14.64,0.4587,0.0515,0.002503,4.199
717958,520,418,938,220,24,207,331.63,0.9707,0.5649,0.203762,43,2,57,315.45,0.9102,0.1155,0.008525,4.336
717964,520,407,927,251,12,92,13.33,0.9918,0.5722,0.215485,61,0,20,8.69,1.0000,0.1274,0.010428,4.393
717966,520,453,973,223,50,37,29.34,0.9405,0.5251,0.181055,30,2,14,355.70,0.7800,0.0658,0.003512,4.318
717968,520,234,754,219,159,204,335.76,0.5506,0.7363,0.442172,11,81,23,145.19,0.9830,0.2864,0.060176,4.467
717977,520,405,925,225,27,211,331.82,0.9712,0.5776,0.214970,6,36,30,177.23,0.7762,0.1327,0.013941,4.144
717978,520,394,914,221,62,205,332.47,0.8883,0.5900,0.232274,49,24,29,7.64,0.4014,0.1425,0.013950,4.414
717986,520,324,844,203,108,248,313.55,0.9288,0.6470,0.302001,7,55,55,194.93,0.8551,0.2058,0.030532,4.371
717993,520,432,952,235,21,132,358.08,0.9669,0.5539,0.198675,11,19,55,269.63,0.7464,0.1038,0.008127,4.278
718020,520,131,651,219,201,255,300.07,1.0000,0.8467,0.640535,9,106,0,141.94,1.0000,0.3704,0.103657,4.494
718048,520,444,964,204,14,218,324.72,0.9841,0.5411,0.182152,12,10,48,278.37,0.7912,0.0806,0.005086,4.214
718062,520,444,964,229,36,110,5.55,0.9245,0.5413,0.190484,23,3,51,296.03,0.8950,0.0825,0.004863,4.383
718068,520,475,995,192,71,144,346.57,0.7044,0.5181,0.177282,7,1,2,6.35,0.6054,0.0262,0.000713,4.482
718078,520,446,966,188,82,163,337.53,0.6676,0.5361,0.193717,10,16,26,260.39,0.3377,0.0757,0.005097,4.423
718080,520,423,943,237,54,43,28.81,0.9453,0.5575,0.208204,17,19,59,275.76,0.7195,0.1115,0.009007,4.376
718091,520,456,976,225,29,118,1.44,0.9345,0.5321,0.181970,10,10,12,285.86,0.0720,0.0560,0.003082,4.370
718096,520,421,941,239,51,0,33.16,1.0000,0.5567,0.207216,12,20,56,269.81,0.7305,0.1075,0.008640,4.386
718129,520,458,978,237,0,10,28.58,1.0000,0.5294,0.180297,10,8,35,281.66,0.6870,0.0646,0.003595,4.297
718133,520,454,974,138,85,250,292.76,0.9501,0.5335,0.188024,36,1,6,15.47,0.9246,0.0724,0.004100,4.400
718138,520,320,840,238,58,253,324.58,0.9925,0.6455,0.282976,19,15,144,268.60,0.9867,0.2123,0.024935,4.444
718144,520,464,984,217,11,151,347.52,0.9741,0.5233,0.172279,18,1,14,336.37,0.7810,0.0450,0.001820,4.289
718152,520,407,927,192,97,177,333.51,0.6352,0.5728,0.229315,41,26,18,48.98,0.3468,0.1314,0.012539,4.466
718156,520,400,920,166,90,253,301.48,0.9750,0.5762,0.225116,62,10,10,25.50,0.8537,0.1392,0.012633,4.393
718189,520,456,976,214,32,161,343.88,0.9108,0.5306,0.179047,19,10,10,19.01,0.2534,0.0644,0.003775,4.259
718195,520,386,906,226,33,226,328.25,0.9717,0.5919,0.227498,0,42,34,176.40,1.0000,0.1513,0.017713,4.098
718204,520,431,951,171,75,241,307.15,0.9030,0.5526,0.200416,21,13,59,284.15,0.7768,0.1037,0.007630,4.345
718222,520,419,939,217,19,216,328.56,0.9809,0.5639,0.201775,17,24,47,269.45,0.4933,0.1134,0.009776,4.212
718236,520,371,891,247,89,5,40.35,0.9952,0.6140,0.269332,3,46,45,192.49,0.9150,0.1704,0.021627,4.458
718239,520,436,956,234,9,137,355.89,0.9866,0.5506,0.194970,3,6,65,267.16,0.9758,0.0860,0.005312,4.429
718245,520,421,941,226,78,9,39.20,0.9848,0.5604,0.216400,8,20,66,267.04,0.8723,0.1147,0.009452,4.481
718262,520,388,908,221,25,244,322.86,0.9858,0.5928,0.226012,7,1,114,266.72,0.9989,0.1503,0.012817,4.394
718268,520,401,921,229,70,125,3.76,0.8174,0.5753,0.225217,63,13,7,30.55,0.8598,0.1445,0.013601,4.327
718299,520,436,956,186,68,216,318.75,0.8411,0.5469,0.195324,30,13,34,319.77,0.5183,0.0947,0.006794,4.320
718325,520,409,929,221,50,180,339.93,0.8847,0.5655,0.209510,23,9,88,278.17,0.9471,0.1325,0.010821,4.267
718333,520,443,963,172,84,199,317.62,0.7213,0.5359,0.192357,22,8,38,302.18,0.6776,0.0786,0.004842,4.419
718340,520,439,959,143,89,254,293.37,0.9876,0.5487,0.201402,47,1,5,21.58,0.9675,0.0945,0.006371,4.460
718344,520,180,700,240,171,205,348.28,0.6992,0.7861,0.520605,1,96,2,142.61,0.9993,0.3349,0.083762,4.266
718354,520,463,983,217,47,120,0.51,0.8557,0.5286,0.181433,22,0,14,342.66,1.0000,0.0484,0.002023,4.449
718357,520,440,960,230,15,161,347.33,0.9768,0.5547,0.197406,27,17,14,37.37,0.2502,0.0902,0.006656,4.367
718366,520,343,863,239,17,255,324.78,1.0000,0.6288,0.259742,70,24,52,345.68,0.6075,0.1886,0.022035,4.300
718375,520,367,887,240,56,186,342.87,0.9174,0.6075,0.249017,72,18,4,35.85,0.9094,0.1695,0.018193,4.385
718379,520,432,952,195,69,195,327.81,0.7991,0.5482,0.198000,23,9,64,286.08,0.8540,0.1047,0.007477,4.315
718387,520,313,833,249,80,214,337.30,0.9621,0.6597,0.307350,16,57,73,227.87,0.6997,0.2245,0.035173,4.196
718397,520,350,870,192,117,218,316.92,0.7043,0.6292,0.289920,18,51,46,182.15,0.6029,0.1929,0.026934,4.418
718398,520,371,891,210,72,252,317.04,0.9817,0.6134,0.253662,73,4,52,344.48,0.8516,0.1716,0.017515,4.498
718410,520,470,990,145,85,222,300.44,0.7896,0.5183,0.177909,14,0,21,315.67,1.0000,0.0411,0.001475,4.428
718451,520,454,974,167,59,239,307.46,0.9150,0.5272,0.175761,25,5,34,313.99,0.7253,0.0743,0.004307,4.157
718457,520,372,892,229,57,218,330.95,0.9307,0.6071,0.246486,32,42,46,224.17,0.1708,0.1745,0.021602,4.141
718463,520,381,901,243,77,65,28.23,0.9329,0.5957,0.247473,5,41,53,224.92,0.8120,0.1593,0.018751,4.327
718465,520,352,872,237,22,251,325.16,0.9925,0.6239,0.255459,35,45,46,203.90,0.1467,0.1859,0.024313,4.110
718472,520,452,972,212,38,155,345.61,0.8818,0.5273,0.177521,26,2,34,317.06,0.8290,0.0702,0.003785,4.230
718478,520,1,521,255,255,255,0.00,0.0000,1.0000,1.000000,8,139,17,143.01,0.9968,0.4818,0.185565,4.457
718502,520,396,916,237,72,54,29.93,0.9171,0.5770,0.229087,49,8,65,314.18,0.8142,0.1396,0.012084,4.495
718512,520,468,988,215,44,119,0.21,0.8612,0.5220,0.175828,3,5,12,265.74,0.4024,0.0378,0.001544,4.381
718536,520,454,974,178,86,171,330.29,0.6416,0.5310,0.190620,33,3,7,14.96,0.7923,0.0709,0.004039,4.453
718542,520,444,964,187,64,208,321.45,0.8342,0.5384,0.187869,15,16,25,279.37,0.2463,0.0791,0.005423,4.292
718550,520,439,959,227,44,121,1.80,0.8922,0.5462,0.195155,22,5,52,292.96,0.8540,0.0856,0.005270,4.436
718566,520,390,910,232,29,210,333.78,0.9724,0.5903,0.226903,68,3,15,17.98,0.9394,0.1454,0.013288,4.375
718575,520,348,868,247,37,229,332.47,0.9803,0.6323,0.267574,43,29,93,287.70,0.7248,0.1880,0.021826,4.421
718587,520,459,979,212,1,182,336.52,0.9980,0.5284,0.173984,21,1,29,315.99,0.8696,0.0577,0.002699,4.250
718604,520,166,686,240,179,220,339.01,0.7429,0.8080,0.559342,25,94,64,160.39,0.8765,0.3427,0.085819,4.486
718614,520,410,930,162,101,221,305.25,0.7392,0.5652,0.222096,34,28,16,84.14,0.3353,0.1267,0.012080,4.383
718631,520,395,915,227,47,213,331.78,0.9405,0.5931,0.231704,29,28,57,283.17,0.4777,0.1406,0.013871,4.411
718637,520,391,911,197,112,140,359.59,0.5045,0.5905,0.253536,24,40,27,149.53,0.4074,0.1547,0.017909,4.470
718643,520,476,996,174,35,231,312.65,0.9477,0.5110,0.159712,6,0,4,338.03,1.0000,0.0222,0.000475,4.155
718653,520,431,951,242,24,76,17.63,0.9781,0.5536,0.200557,35,8,43,317.65,0.7166,0.0999,0.007054,4.392
718664,520,442,962,237,31,23,29.07,0.9796,0.5399,0.190496,23,11,24,324.13,0.4116,0.0766,0.004875,4.383
718665,520,398,918,230,57,164,347.76,0.8712,0.5796,0.224323,38,7,80,294.66,0.9010,0.1370,0.011432,4.465
718669,520,433,953,201,68,180,334.72,0.7845,0.5480,0.198488,14,24,32,243.23,0.3176,0.1021,0.008509,4.247
718672,520,2,522,255,255,255,0.00,0.0000,1.0000,1.000000,25,137,62,148.90,0.9744,0.4825,0.184450,4.479
718690,520,290,810,164,154,224,290.17,0.5787,0.6758,0.363854,17,68,4,140.32,0.9902,0.2411,0.042620,4.468
718692,520,331,851,234,54,253,323.67,0.9923,0.6361,0.272249,79,10,64,338.88,0.7987,0.1960,0.022498,4.445
718694,520,390,910,251,47,118,7.15,0.9659,0.5945,0.238538,55,25,6,50.43,0.7423,0.1493,0.015208,4.425
718695,520,358,878,245,10,223,333.46,0.9958,0.6163,0.249603,34,35,84,278.47,0.6297,0.1833,0.021822,4.171
718736,520,14,534,240,255,223,127.76,1.0000,0.9773,0.953727,45,132,68,148.91,0.9078,0.4730,0.174771,4.466
718743,520,412,932,246,29,93,13.24,0.9701,0.5677,0.212653,53,2,29,353.80,0.8635,0.1160,0.008891,4.460
718760,520,416,936,236,65,37,31.96,0.9471,0.5656,0.217501,28,13,71,287.19,0.8247,0.1229,0.009896,4.466
718763,520,347,867,216,85,240,321.11,0.9200,0.6286,0.273889,26,47,64,244.25,0.4341,0.1940,0.026227,4.249
718769,520,450,970,234,39,15,30.70,0.9855,0.5379,0.189811,35,0,8,9.26,1.0000,0.0691,0.003749,4.462
718772,520,438,958,205,46,199,329.82,0.8942,0.5455,0.190585,4,18,47,261.39,0.8104,0.0905,0.006636,4.248
718783,520,453,973,210,9,185,335.17,0.9826,0.5283,0.174019,24,8,26,323.05,0.5438,0.0735,0.004425,4.116
718784,520,404,924,239,39,145,355.25,0.9329,0.5753,0.218492,18,11,86,274.61,0.9479,0.1284,0.010398,4.445
718797,520,474,994,203,19,190,331.90,0.9595,0.5213,0.168819,12,1,0,37.89,1.0000,0.0314,0.000999,4.291
718801,520,464,984,211,31,162,342.77,0.9096,0.5249,0.174397,11,7,16,305.07,0.3393,0.0519,0.002605,4.266
718804,520,455,975,200,60,169,338.14,0.7939,0.5314,0.183775,8,0,46,279.66,1.0000,0.0569,0.002489,4.454
718833,520,384,904,248,53,92,16.04,0.9515,0.5864,0.232788,55,14,55,327.79,0.7056,0.1491,0.014022,4.417
718840,520,350,870,236,35,252,324.61,0.9898,0.6278,0.260657,55,35,63,315.89,0.4231,0.1917,0.023732,4.213
718847,520,388,908,241,10,199,338.69,0.9930,0.5946,0.230444,38,20,75,293.31,0.7346,0.1492,0.014204,4.368
718859,520,223,743,244,155,190,354.86,0.7644,0.7544,0.463956,55,78,51,140.84,0.4230,0.3044,0.064999,4.469
718864,520,409,929,217,27,216,328.53,0.9692,0.5668,0.204956,56,14,5,34.62,0.8390,0.1313,0.011659,4.135
718881,520,322,842,243,118,42,47.35,0.9286,0.6533,0.321816,28,58,24,141.42,0.7927,0.2148,0.033388,4.459
718889,520,394,914,244,3,185,343.16,0.9976,0.5913,0.228042,3,22,89,264.42,0.9504,0.1416,0.013143,4.403
718895,520,352,872,226,107,131,9.31,0.6974,0.6232,0.283252,35,50,10,127.66,0.8281,0.1918,0.026604,4.350
718919,520,313,833,197,120,255,308.49,1.0000,0.6632,0.325241,3,63,14,145.27,0.9929,0.2205,0.036059,4.360
718930,520,290,810,232,114,217,332.36,0.8484,0.6786,0.342023,52,57,57,196.84,0.0555,0.2413,0.039517,4.379
718957,520,400,920,245,13,150,353.94,0.9870,0.5788,0.219056,47,9,66,311.32,0.8086,0.1384,0.011931,4.344
718974,520,459,979,192,4,232,318.20,0.9962,0.5294,0.171209,23,5,18,338.70,0.5815,0.0625,0.003344,4.147
718981,520,354,874,242,39,228,331.57,0.9754,0.6239,0.259325,74,4,64,335.37,0.8625,0.1810,0.019131,4.474
719013,520,452,972,226,50,47,27.21,0.9357,0.5322,0.186580,15,12,20,301.67,0.2464,0.0679,0.004150,4.369
719014,520,351,871,245,4,248,327.69,0.9989,0.6318,0.262795,25,28,115,271.93,0.9160,0.1945,0.022749,4.300
719046,520,469,989,121,95,231,287.44,0.8155,0.5164,0.180187,6,1,24,290.49,0.8907,0.0372,0.001264,4.490
719047,520,448,968,224,51,88,14.59,0.8856,0.5363,0.189223,28,11,18,354.64,0.4166,0.0807,0.005299,4.326
719065,520,447,967,165,71,239,305.87,0.8980,0.5379,0.187384,21,13,21,326.42,0.2765,0.0767,0.005014,4.315
719067,520,418,938,234,26,141,355.01,0.9551,0.5574,0.201573,47,16,19,16.19,0.5595,0.1205,0.010220,4.178
719069,520,460,980,197,39,207,325.39,0.9175,0.5323,0.178280,3,8,37,267.47,0.8620,0.0606,0.003266,4.286
719103,520,447,967,203,36,201,328.75,0.9236,0.5366,0.181771,23,6,46,298.12,0.7911,0.0828,0.005097,4.207
719108,520,475,995,145,66,251,297.16,0.9710,0.5166,0.168814,8,0,21,302.26,1.0000,0.0345,0.001058,4.286
719110,520,387,907,206,92,191,332.81,0.7309,0.5934,0.245394,15,37,49,234.53,0.5155,0.1492,0.016464,4.444
719116,520,420,940,229,18,174,343.13,0.9736,0.5602,0.201493,40,8,39,329.04,0.7008,0.1052,0.007713,4.358
719134,520,448,968,237,2,79,15.34,0.9981,0.5377,0.186157,23,9,34,307.80,0.6067,0.0788,0.004930,4.299
719154,520,450,970,205,15,208,327.53,0.9790,0.5359,0.178767,28,4,11,3.23,0.6703,0.0654,0.003579,4.270
719161,520,287,807,255,105,186,349.67,1.0000,0.6866,0.349114,21,67,23,144.04,0.9335,0.2413,0.042354,4.322
719164,520,465,985,180,32,232,314.33,0.9565,0.5195,0.165636,2,4,32,269.07,0.9152,0.0469,0.002040,4.144
719168,520,410,930,252,4,82,16.10,0.9975,0.5705,0.213952,18,34,13,138.61,0.6599,0.1280,0.013017,4.189
719189,520,425,945,203,36,227,322.00,0.9539,0.5551,0.195060,6,26,38,237.52,0.6330,0.1062,0.009174,4.141
719196,520,237,757,241,139,202,343.28,0.8144,0.7257,0.414324,51,75,43,138.14,0.5135,0.2899,0.059103,4.256
719204,520,472,992,194,61,170,335.97,0.7809,0.5227,0.177107,6,0,12,311.78,1.0000,0.0265,0.000653,4.484
719212,520,474,994,225,34,12,30.51,0.9869,0.5157,0.171810,0,3,11,252.27,0.9999,0.0281,0.000893,4.358
719214,520,411,931,230,1,190,338.61,0.9989,0.5671,0.205651,54,4,14,14.96,0.8664,0.1157,0.009029,4.331
719216,520,461,981,205,70,109,6.47,0.7402,0.5262,0.184657,8,9,12,269.65,0.1207,0.0522,0.002735,4.450
719217,520,465,985,214,56,97,10.55,0.8307,0.5237,0.179900,12,4,17,312.95,0.5486,0.0465,0.002055,4.416
719227,520,378,898,221,45,235,324.70,0.9588,0.5962,0.232492,44,19,78,298.38,0.7538,0.1580,0.015513,4.312
719259,520,410,930,202,61,225,321.63,0.8979,0.5709,0.213319,24,32,37,235.70,0.1836,0.1346,0.013608,4.140
719260,520,243,763,243,135,221,335.14,0.9010,0.7299,0.416053,22,78,46,154.43,0.8826,0.2838,0.058164,4.309
719270,520,312,832,248,54,252,327.24,0.9907,0.6584,0.296259,14,10,156,266.82,0.9942,0.2238,0.027105,4.491
719274,520,377,897,210,83,219,325.03,0.8453,0.6036,0.250043,33,39,37,173.52,0.0994,0.1629,0.019079,4.343
719276,520,420,940,241,6,120,2.81,0.9931,0.5580,0.201904,29,20,34,313.11,0.3267,0.1076,0.008770,4.286
719277,520,423,943,230,65,81,20.13,0.8741,0.5601,0.212005,36,17,32,335.10,0.4322,0.1096,0.008803,4.456
719287,520,279,799,232,133,158,4.39,0.6664,0.6859,0.364016,18,67,49,164.93,0.8141,0.2465,0.043645,4.421
719294,520,412,932,205,56,228,321.88,0.9173,0.5733,0.214106,23,17,67,281.67,0.7740,0.1203,0.009883,4.410
719303,520,455,975,171,74,216,313.18,0.8095,0.5321,0.185142,10,13,5,123.56,0.3879,0.0607,0.003633,4.384
719351,520,408,928,255,4,62,21.43,1.0000,0.5734,0.216985,1,32,58,247.74,0.9303,0.1341,0.013449,4.208
719356,520,149,669,243,186,226,337.53,0.7961,0.8280,0.596649,30,101,52,150.01,0.9188,0.3644,0.098309,4.360
719357,520,448,968,166,69,245,305.12,0.9313,0.5419,0.189564,38,4,6,21.06,0.8202,0.0816,0.005121,4.346
719358,520,417,937,236,22,165,347.53,0.9698,0.5704,0.211263,48,15,19,15.16,0.5903,0.1206,0.010171,4.342
719361,520,453,973,214,20,162,343.31,0.9503,0.5257,0.174074,15,15,11,107.24,0.1358,0.0714,0.004674,4.098
719365,520,465,985,174,73,194,320.69,0.7542,0.5198,0.176598,7,3,32,283.36,0.8443,0.0493,0.002146,4.345
719368,520,397,917,214,39,236,322.74,0.9635,0.5817,0.218052,23,24,74,276.46,0.7444,0.1407,0.013298,4.235
719369,520,446,966,227,53,62,23.80,0.9172,0.5389,0.192277,32,5,27,335.61,0.6933,0.0804,0.004948,4.409
719376,520,449,969,181,69,209,318.94,0.8145,0.5356,0.186846,21,7,27,315.00,0.5802,0.0683,0.003905,4.394
719391,520,438,958,216,13,201,332.23,0.9833,0.5504,0.191060,33,13,20,358.69,0.4390,0.0924,0.006617,4.258
719395,520,335,855,246,2,255,326.41,1.0000,0.6381,0.268591,61,33,67,320.36,0.5013,0.1985,0.024852,4.256
719418,520,428,948,247,28,14,29.64,0.9902,0.5592,0.206400,6,27,30,207.71,0.6091,0.1049,0.009163,4.334
719434,520,354,874,198,95,244,313.89,0.9098,0.6185,0.267230,25,38,75,267.20,0.5844,0.1760,0.021008,4.468
719441,520,414,934,220,38,212,330.29,0.9489,0.5747,0.213576,30,28,14,101.15,0.3787,0.1215,0.011382,4.294
719444,520,291,811,242,122,152,5.71,0.7837,0.6795,0.350659,23,64,63,193.04,0.6151,0.2442,0.042077,4.351
719455,520,368,888,217,94,189,337.22,0.7517,0.6123,0.264332,6,43,64,238.93,0.7984,0.1727,0.021365,4.405
719463,520,404,924,248,25,116,5.88,0.9737,0.5762,0.219162,42,23,25,12.91,0.3306,0.1281,0.011753,4.359
719481,520,173,693,224,180,236,318.93,0.6936,0.7987,0.545468,11,96,3,141.93,0.9970,0.3366,0.084431,4.430
719487,520,456,976,149,91,214,302.94,0.7359,0.5271,0.187271,0,4,48,264.01,1.0042,0.0605,0.003002,4.477
719491,520,474,994,185,70,168,333.95,0.7258,0.5172,0.175232,3,2,9,290.63,0.5403,0.0278,0.000825,4.432
719516,520,347,867,244,95,113,16.19,0.8722,0.6301,0.286128,32,46,51,221.91,0.2304,0.1885,0.025000,4.482
719532,520,414,934,233,37,157,349.86,0.9295,0.5677,0.210840,11,31,28,182.91,0.5022,0.1187,0.011349,4.252
719537,520,444,964,203,75,139,352.59,0.7137,0.5401,0.195947,6,15,44,266.50,0.7552,0.0826,0.005622,4.422
719538,520,467,987,162,94,160,328.08,0.5286,0.5155,0.182256,0,7,7,194.77,1.0000,0.0380,0.001673,4.495
719544,520,469,989,217,42,102,7.09,0.8827,0.5188,0.173695,0,2,29,263.86,1.0026,0.0373,0.001321,4.359
719545,520,308,828,182,139,234,303.90,0.7215,0.6680,0.343512,6,66,12,144.00,0.9882,0.2317,0.039615,4.391
719546,520,364,884,235,36,230,329.44,0.9754,0.6115,0.246397,6,35,89,261.30,0.9133,0.1715,0.019619,4.257
719549,520,361,881,214,104,174,343.34,0.6688,0.6157,0.272546,6,41,82,255.36,0.8569,0.1806,0.022337,4.459
719552,520,410,930,210,34,228,323.67,0.9623,0.5664,0.204490,4,26,74,262.25,0.9214,0.1341,0.012589,4.066
719555,520,258,778,247,127,204,342.78,0.9026,0.7147,0.393150,30,70,73,201.94,0.5387,0.2710,0.051372,4.372
719561,520,371,891,212,83,226,323.67,0.8671,0.6111,0.256763,49,38,1,91.81,0.9601,0.1706,0.020414,4.357
719575,520,448,968,234,15,104,7.28,0.9798,0.5406,0.188366,3,18,37,253.25,0.7396,0.0824,0.005855,4.268
719588,520,476,996,175,86,138,345.91,0.5656,0.5100,0.176057,0,0,21,264.05,1.0000,0.0245,0.000541,4.473
719590,520,410,930,242,24,135,358.52,0.9685,0.5702,0.212830,28,19,69,285.42,0.7366,0.1307,0.011423,4.279
719610,520,269,789,249,133,106,34.21,0.9008,0.6975,0.379583,3,74,32,150.54,0.9916,0.2619,0.050210,4.287
719619,520,413,933,232,15,187,339.99,0.9834,0.5721,0.210881,54,8,15,16.76,0.7866,0.1212,0.009926,4.353
719621,520,452,972,137,87,248,292.43,0.9310,0.5338,0.189120,14,15,0,112.44,1.0000,0.0676,0.004350,4.400
719628,520,400,920,213,19,251,319.38,0.9905,0.5829,0.215787,66,5,13,20.35,0.9108,0.1427,0.012961,4.221
719655,520,39,559,254,239,199,89.91,0.8941,0.9465,0.869281,41,122,108,179.38,0.7513,0.4517,0.154726,4.490
719666,520,423,943,234,22,152,351.23,0.9652,0.5605,0.203362,28,17,49,296.68,0.5918,0.1097,0.008695,4.317
719681,520,39,559,234,242,238,164.87,0.2337,0.9464,0.871695,43,128,34,141.75,0.9625,0.4545,0.160668,4.375
719684,520,478,998,203,65,71,22.15,0.8062,0.5064,0.169342,1,1,2,284.11,0.2654,0.0171,0.000325,4.358
719690,520,392,912,233,12,209,334.24,0.9911,0.5862,0.221927,57,18,36,354.13,0.5984,0.1480,0.014300,4.229
719697,520,303,823,247,104,182,349.20,0.8953,0.6707,0.330550,24,60,49,170.84,0.6016,0.2261,0.036475,4.401
719707,520,358,878,235,22,247,325.58,0.9915,0.6177,0.249539,55,26,73,310.47,0.6326,0.1806,0.020321,4.260
719708,520,433,953,200,57,201,327.70,0.8574,0.5476,0.194243,6,21,46,259.47,0.7082,0.0982,0.007723,4.231
719711,520,474,994,209,36,144,348.71,0.8772,0.5150,0.168329,3,1,13,290.47,0.7880,0.0265,0.000701,4.306
719713,520,458,978,231,25,64,20.17,0.9730,0.5288,0.180574,2,9,33,263.30,0.8428,0.0587,0.003181,4.336
719716,520,370,890,245,65,154,355.16,0.9081,0.6100,0.255293,29,40,59,261.02,0.3544,0.1732,0.020945,4.303
719717,520,433,953,227,64,8,35.62,0.9887,0.5453,0.200181,8,22,41,256.38,0.5874,0.0984,0.007855,4.324
719725,520,423,943,244,33,66,21.19,0.9708,0.5602,0.207176,27,6,69,289.16,0.9018,0.1103,0.007929,4.439
719732,520,401,921,246,40,100,11.84,0.9499,0.5752,0.220339,15,20,83,271.06,0.9029,0.1367,0.012263,4.342
719778,520,408,928,249,10,94,12.44,0.9926,0.5680,0.211686,17,33,23,155.86,0.4344,0.1267,0.012687,4.174
719779,520,347,867,237,85,179,346.01,0.8474,0.6281,0.277589,16,45,76,252.38,0.6733,0.1907,0.025086,4.363
719780,520,464,984,220,44,80,16.03,0.9048,0.5206,0.175988,14,2,28,303.27,0.8144,0.0506,0.002206,4.329
719784,520,452,972,228,44,35,28.78,0.9551,0.5302,0.184196,30,8,0,49.67,1.0000,0.0732,0.004497,4.297
719795,520,453,973,181,78,189,324.73,0.7300,0.5341,0.189478,9,2,54,276.79,0.9724,0.0705,0.003678,4.461
719819,520,430,950,225,65,53,28.66,0.9003,0.5458,0.200479,28,9,53,298.52,0.7701,0.0997,0.006993,4.395
719821,520,331,851,251,44,228,333.63,0.9826,0.6423,0.279151,76,11,83,323.59,0.8217,0.2044,0.024006,4.448
719836,520,422,942,209,40,221,325.05,0.9441,0.5631,0.202952,1,17,70,263.36,0.9771,0.1090,0.008495,4.324
719855,520,464,984,198,83,39,39.90,0.8410,0.5181,0.183407,21,1,23,324.80,0.8279,0.0538,0.002430,4.452
719861,520,390,910,185,97,225,313.97,0.7902,0.5910,0.243009,25,29,72,275.26,0.6502,0.1514,0.015532,4.471
719885,520,473,993,196,62,152,343.56,0.7601,0.5178,0.174498,9,0,20,306.38,1.0000,0.0349,0.001086,4.395
719898,520,464,984,145,80,239,297.80,0.8811,0.5246,0.179892,2,6,31,266.74,0.8690,0.0507,0.002421,4.386
719905,520,407,927,202,59,225,321.69,0.9024,0.5690,0.211223,0,11,96,264.16,0.9856,0.1319,0.010838,4.294
719911,520,462,982,222,2,147,349.88,0.9956,0.5293,0.176822,19,4,7,5.80,0.5375,0.0509,0.002406,4.328
719919,520,467,987,222,37,67,19.69,0.9393,0.5171,0.172607,4,8,2,133.14,0.5928,0.0428,0.002039,4.278
719921,520,392,912,245,64,95,16.36,0.9257,0.5909,0.239088,47,26,41,338.08,0.3790,0.1487,0.015033,4.445
719922,520,351,871,224,112,137,7.45,0.6670,0.6302,0.292440,23,50,43,174.92,0.4872,0.1911,0.026377,4.484
719923,520,257,777,246,121,213,338.41,0.9193,0.7079,0.380742,34,74,1,135.46,0.9965,0.2693,0.052397,4.207
719926,520,428,948,220,9,211,330.60,0.9913,0.5634,0.201164,27,20,8,80.32,0.4406,0.0959,0.007509,4.367
719931,520,330,850,255,11,237,332.34,1.0000,0.6432,0.276170,30,42,102,270.54,0.7290,0.2127,0.028911,4.133
719945,520,433,953,197,79,168,338.35,0.7126,0.5488,0.202911,40,12,9,28.34,0.6292,0.0989,0.007339,4.411
719957,520,344,864,249,45,214,336.76,0.9693,0.6311,0.268746,58,22,87,305.88,0.7494,0.1901,0.021615,4.451
719959,520,475,995,181,23,236,313.93,0.9751,0.5202,0.164938,7,0,8,325.17,1.0000,0.0257,0.000627,4.246
719968,520,447,967,241,2,17,28.16,0.9991,0.5388,0.187881,36,7,7,23.52,0.7020,0.0833,0.005424,4.292
719976,520,320,840,233,101,196,339.77,0.8233,0.6506,0.306189,24,50,81,254.06,0.5834,0.2125,0.030693,4.414
720011,520,459,979,186,22,242,314.05,0.9804,0.5329,0.174249,23,0,36,311.32,1.0000,0.0636,0.003096,4.224
720021,520,393,913,240,15,199,338.49,0.9889,0.5938,0.229934,56,16,16,23.23,0.6790,0.1364,0.012489,4.480
720026,520,429,949,170,83,227,309.24,0.8226,0.5512,0.202793,14,19,48,272.79,0.6174,0.1000,0.007725,4.379
720065,520,467,987,206,46,147,347.33,0.8346,0.5180,0.171845,7,3,17,297.86,0.6199,0.0391,0.001508,4.307
720079,520,385,905,244,13,188,342.39,0.9902,0.5948,0.231549,19,7,107,272.26,0.9838,0.1525,0.013518,4.433
720092,520,387,907,233,58,176,344.47,0.8871,0.5916,0.234871,9,16,102,267.60,0.9708,0.1507,0.013879,4.460
720108,520,462,982,173,36,248,308.59,0.9670,0.5251,0.169242,8,7,17,288.30,0.3656,0.0497,0.002441,4.181
720113,520,351,871,249,84,145,1.53,0.9193,0.6341,0.285279,38,50,14,125.40,0.7271,0.1950,0.027250,4.340
720144,520,323,843,229,78,248,323.03,0.9678,0.6457,0.288862,35,48,78,265.46,0.4401,0.2122,0.030212,4.225
720164,520,441,961,241,12,17,28.51,0.9947,0.5410,0.190076,30,17,8,55.37,0.4481,0.0928,0.006945,4.216
720168,520,399,919,245,23,137,358.38,0.9731,0.5765,0.218348,37,31,29,39.31,0.1061,0.1421,0.014620,4.153
720186,520,439,959,221,64,98,12.57,0.8258,0.5457,0.199234,16,1,69,279.17,0.9898,0.0922,0.005615,4.481
720190,520,477,997,215,51,68,20.87,0.8896,0.5141,0.172346,1,2,5,262.03,0.4486,0.0231,0.000608,4.393
720195,520,358,878,245,59,179,346.33,0.9248,0.6155,0.257982,7,52,5,142.24,0.9827,0.1820,0.025120,4.100
720222,520,406,926,243,53,88,16.86,0.9261,0.5756,0.223088,12,19,82,269.63,0.9197,0.1321,0.011530,4.438
720228,520,270,790,194,148,230,309.32,0.6762,0.6972,0.383629,51,67,8,124.28,0.9114,0.2595,0.047356,4.454
720235,520,375,895,210,82,211,327.41,0.8267,0.5975,0.244411,52,28,30,14.66,0.3632,0.1562,0.016544,4.424
720240,520,257,777,167,159,254,286.50,0.9603,0.7061,0.401672,18,68,97,239.00,0.7500,0.2733,0.051257,4.461
720251,520,469,989,180,80,164,334.01,0.6607,0.5210,0.181222,0,2,37,264.12,0.9835,0.0447,0.001770,4.466
720260,520,389,909,194,83,237,315.12,0.8855,0.5919,0.237715,69,11,5,30.66,0.9162,0.1545,0.015157,4.416
720282,520,260,780,238,138,190,348.37,0.7520,0.7150,0.400739,19,71,65,184.23,0.7583,0.2660,0.050264,4.496
720307,520,434,954,217,32,180,338.58,0.9302,0.5465,0.190823,3,29,1,141.15,0.9897,0.1010,0.009002,4.082
720330,520,330,850,241,75,206,337.57,0.9148,0.6369,0.281919,77,6,97,316.65,0.9069,0.2143,0.025713,4.384
720342,520,469,989,226,28,58,21.71,0.9672,0.5187,0.173076,1,6,4,170.95,0.6614,0.0352,0.001455,4.335
720352,520,459,979,215,69,62,26.96,0.8525,0.5326,0.190535,12,12,7,107.62,0.2110,0.0606,0.003564,4.491
720355,520,308,828,204,122,239,314.97,0.8397,0.6655,0.329895,20,53,97,256.67,0.7228,0.2310,0.035578,4.439
720360,520,456,976,212,69,57,28.58,0.8549,0.5261,0.185511,13,0,40,291.49,1.0000,0.0553,0.002388,4.496
720369,520,331,851,228,92,210,333.15,0.8448,0.6377,0.288036,61,33,76,312.59,0.5600,0.2044,0.026017,4.447
720381,520,403,923,231,28,195,337.59,0.9657,0.5791,0.217622,56,8,15,17.42,0.8007,0.1253,0.010491,4.424
720393,520,415,935,207,23,251,317.79,0.9867,0.5744,0.208449,39,24,21,31.66,0.2875,0.1247,0.011388,4.210
720407,520,249,769,243,151,67,59.68,0.8687,0.7171,0.415956,75,66,1,100.47,0.9848,0.2820,0.053946,4.483
720433,520,392,912,240,12,187,341.78,0.9897,0.5865,0.223791,51,1,83,305.77,0.9799,0.1526,0.013501,4.312
720438,520,466,986,201,41,181,334.09,0.8771,0.5235,0.173414,6,7,19,277.57,0.4421,0.0489,0.002377,4.266
720441,520,446,966,226,54,46,28.13,0.9295,0.5357,0.190072,33,7,8,20.39,0.6464,0.0784,0.004929,4.371
720457,520,422,942,205,15,237,320.46,0.9890,0.5575,0.194369,16,28,29,202.53,0.2736,0.1133,0.010293,4.053
720464,520,416,936,197,70,228,319.02,0.8783,0.5744,0.218535,21,29,17,135.48,0.3528,0.1161,0.010786,4.418
720468,520,363,883,236,68,186,342.36,0.8814,0.6111,0.255150,5,47,31,162.81,0.9255,0.1691,0.021641,4.259
720469,520,419,939,219,9,202,332.71,0.9894,0.5556,0.195220,22,3,75,282.37,0.9678,0.1080,0.007437,4.269
720483,520,291,811,250,118,129,16.88,0.9015,0.6788,0.348688,25,65,38,151.95,0.7622,0.2396,0.041271,4.368
720526,520,380,900,231,50,206,334.71,0.9330,0.5980,0.237289,33,15,95,283.03,0.8959,0.1575,0.014912,4.426
720533,520,415,935,251,7,64,20.79,0.9963,0.5658,0.210351,22,27,42,269.71,0.3197,0.1219,0.011216,4.253
720538,520,386,906,250,28,151,354.99,0.9709,0.5937,0.233923,60,16,37,354.05,0.6518,0.1510,0.014650,4.392
720544,520,439,959,191,80,183,330.47,0.7247,0.5487,0.202340,31,15,16,15.89,0.3523,0.0920,0.006704,4.450
720550,520,398,918,227,80,105,13.92,0.7907,0.5778,0.230908,24,31,55,270.35,0.4401,0.1423,0.014500,4.355
720561,520,390,910,242,26,188,342.08,0.9749,0.5949,0.232499,44,25,50,317.76,0.4584,0.1471,0.014611,4.372
720562,520,459,979,220,64,44,30.74,0.9100,0.5339,0.190669,17,11,3,79.91,0.5282,0.0622,0.003651,4.486
720566,520,385,905,232,35,199,336.77,0.9566,0.5865,0.224840,25,15,92,277.71,0.9171,0.1465,0.013210,4.348
720574,520,473,993,226,43,13,31.53,0.9850,0.5240,0.179285,12,1,7,343.01,0.7148,0.0344,0.001152,4.482
720595,520,403,923,223,25,218,329.54,0.9764,0.5779,0.214475,4,36,22,160.80,0.9076,0.1291,0.013454,4.168
720607,520,425,945,224,53,147,352.19,0.8564,0.5576,0.205027,46,8,21,3.36,0.7007,0.1072,0.008087,4.390
720619,520,460,980,205,31,189,332.74,0.9261,0.5295,0.176352,0,13,17,214.50,1.0000,0.0564,0.003283,4.248
720621,520,461,981,207,69,99,11.29,0.7587,0.5257,0.184246,13,2,28,301.20,0.8175,0.0496,0.002128,4.494
720631,520,344,864,200,98,252,312.43,0.9696,0.6310,0.280441,29,46,50,214.00,0.2804,0.1857,0.024454,4.438
720635,520,435,955,215,5,203,331.45,0.9936,0.5482,0.188696,44,1,17,2.69,0.9080,0.0914,0.005977,4.264
720645,520,458,978,231,16,91,11.26,0.9787,0.5311,0.181179,6,6,43,274.04,0.8863,0.0643,0.003434,4.326
720669,520,403,923,237,20,176,344.37,0.9766,0.5771,0.216424,11,34,32,187.82,0.5474,0.1296,0.013194,4.216
720674,520,417,937,228,56,143,354.81,0.8573,0.5660,0.213082,41,14,49,317.85,0.6532,0.1220,0.010073,4.379
720710,520,346,866,249,31,225,333.89,0.9847,0.6307,0.265590,30,36,93,273.84,0.7160,0.1904,0.023280,4.307
720717,520,21,541,253,252,176,107.41,0.9692,0.9703,0.936385,12,132,64,150.95,0.9884,0.4646,0.169501,4.494
720722,520,462,982,230,11,95,9.58,0.9849,0.5287,0.178915,21,3,5,13.38,0.6557,0.0507,0.002355,4.372
720724,520,410,930,233,13,181,341.93,0.9852,0.5702,0.209505,3,5,98,265.68,0.9930,0.1291,0.010096,4.318
720728,520,382,902,254,40,133,2.10,0.9908,0.6008,0.242855,37,33,62,288.60,0.4327,0.1644,0.018288,4.289
720735,520,431,951,234,12,145,353.30,0.9826,0.5545,0.198027,15,14,59,276.76,0.8109,0.1003,0.007314,4.328
720746,520,466,986,230,10,47,23.55,0.9926,0.5192,0.172484,6,1,40,278.56,0.9725,0.0511,0.002136,4.267
720766,520,444,964,224,41,119,1.73,0.8947,0.5375,0.187678,4,12,47,266.74,0.8746,0.0777,0.004940,4.326
720790,520,389,909,228,29,220,330.25,0.9748,0.5896,0.225425,33,7,100,282.83,0.9576,0.1549,0.013953,4.307
720792,520,430,950,247,3,45,24.49,0.9985,0.5540,0.200323,24,20,29,304.99,0.2191,0.0993,0.007832,4.328
720799,520,266,786,218,140,233,320.97,0.7940,0.7117,0.395461,31,72,25,141.19,0.8984,0.2633,0.049961,4.456
720814,520,249,769,234,128,252,321.64,0.9785,0.7220,0.399608,41,66,98,255.14,0.4676,0.2795,0.052495,4.387
720815,520,332,852,237,82,219,332.81,0.9082,0.6449,0.291561,59,42,25,65.55,0.4133,0.1988,0.026560,4.461
720838,520,474,994,160,76,219,308.15,0.8064,0.5218,0.177575,5,2,18,291.16,0.7359,0.0349,0.001194,4.445
720841,520,443,963,208,81,80,23.69,0.7473,0.5392,0.198761,31,11,16,5.26,0.4608,0.0844,0.005681,4.468
720844,520,398,918,229,36,199,336.06,0.9515,0.5816,0.220458,25,35,32,174.70,0.1937,0.1420,0.015130,4.153
720846,520,447,967,211,61,136,354.16,0.7905,0.5365,0.189661,33,9,12,14.42,0.5589,0.0829,0.005453,4.322
720847,520,366,886,252,66,109,12.58,0.9701,0.6096,0.256995,72,16,32,7.60,0.7258,0.1727,0.018528,4.480
720864,520,295,815,250,81,241,330.16,0.9800,0.6775,0.325625,63,53,56,357.90,0.1118,0.2423,0.038885,4.226
720874,520,341,861,249,18,233,331.96,0.9938,0.6315,0.264586,42,49,33,127.27,0.2909,0.1997,0.027987,4.034
720883,520,330,850,201,133,135,17.55,0.4313,0.6357,0.309432,47,52,18,116.57,0.6348,0.2106,0.031040,4.435
720884,520,462,982,219,45,129,357.24,0.8664,0.5343,0.185243,8,10,7,134.30,0.1536,0.0527,0.002840,4.452
720918,520,470,990,221,0,124,357.51,1.0000,0.5170,0.168301,5,5,13,282.92,0.3740,0.0403,0.001699,4.223
720944,520,351,871,241,68,214,335.12,0.9271,0.6345,0.276928,26,42,76,263.77,0.5521,0.1880,0.023973,4.420
720951,520,398,918,249,2,147,355.49,0.9982,0.5833,0.222932,32,28,51,290.79,0.3934,0.1396,0.013766,4.280
720953,520,413,933,239,46,119,4.84,0.9170,0.5706,0.216398,17,20,69,273.90,0.8044,0.1231,0.010491,4.404
720972,520,454,974,214,68,79,20.45,0.8170,0.5326,0.189973,4,5,51,269.96,0.9556,0.0689,0.003733,4.466
720973,520,307,827,223,104,253,319.10,0.9854,0.6717,0.326821,50,51,74,282.01,0.2863,0.2312,0.035401,4.412
720974,520,442,962,224,23,149,350.05,0.9502,0.5399,0.186327,31,7,10,14.37,0.5986,0.0756,0.004652,4.324
720976,520,478,998,163,94,141,340.06,0.4781,0.5077,0.177159,4,1,2,354.20,0.4589,0.0220,0.000519,4.497
720988,520,385,905,207,110,87,34.42,0.6336,0.5872,0.251073,27,39,9,128.07,0.7507,0.1501,0.017037,4.491
720993,520,438,958,223,7,182,339.26,0.9895,0.5505,0.192198,39,0,30,339.00,1.0000,0.0858,0.005251,4.384
720997,520,471,991,122,87,253,286.50,0.9805,0.5227,0.180455,6,6,5,106.86,0.0686,0.0408,0.001799,4.449
720999,520,376,896,240,62,164,350.36,0.8865,0.6023,0.246538,34,39,21,121.30,0.3935,0.1588,0.018453,4.332
721014,520,422,942,237,31,134,358.20,0.9476,0.5628,0.207088,35,10,53,307.45,0.7450,0.1104,0.008315,4.409
721018,520,260,780,208,156,174,356.23,0.3790,0.7056,0.402439,29,74,24,141.70,0.9212,0.2689,0.052245,4.425
721052,520,265,785,234,119,253,321.79,0.9867,0.7087,0.377798,80,53,53,19.15,0.2771,0.2641,0.045089,4.499
721062,520,395,915,216,44,239,322.48,0.9602,0.5901,0.226342,11,28,69,264.22,0.7878,0.1373,0.013313,4.365
721063,520,359,879,254,45,179,347.73,0.9918,0.6221,0.262057,20,42,70,255.32,0.5775,0.1799,0.022468,4.306
721090,520,464,984,110,101,230,281.95,0.8092,0.5169,0.183351,26,0,2,19.76,1.0000,0.0507,0.002240,4.467
721092,520,442,962,215,71,68,25.46,0.8343,0.5361,0.193733,15,13,35,285.00,0.5281,0.0783,0.005107,4.423
721095,520,343,863,240,26,255,324.96,1.0000,0.6331,0.264867,57,13,100,300.48,0.8745,0.1905,0.020779,4.449
721104,520,371,891,238,95,71,31.74,0.8829,0.6113,0.268194,0,47,49,199.28,1.0000,0.1744,0.022547,4.386
721105,520,366,886,205,89,223,322.09,0.8322,0.6064,0.254531,38,24,90,286.14,0.7747,0.1707,0.018035,4.476
721110,520,464,984,232,5,62,19.81,0.9956,0.5245,0.176153,12,4,24,301.04,0.6652,0.0504,0.002309,4.323
721118,520,224,744,254,160,61,62.79,0.9843,0.7500,0.465521,25,82,57,160.98,0.8201,0.3013,0.065364,4.469
721121,520,443,963,209,5,209,328.35,0.9936,0.5414,0.182693,20,6,44,295.05,0.7845,0.0777,0.004608,4.261
721123,520,373,893,250,9,168,349.38,0.9932,0.5957,0.233499,37,8,96,287.05,0.9360,0.1553,0.014115,4.422
721124,520,324,844,239,72,246,326.25,0.9671,0.6542,0.296417,56,40,79,301.44,0.4800,0.2143,0.029229,4.372
721127,520,375,895,200,88,221,321.04,0.8190,0.5964,0.244807,69,2,54,339.89,0.8964,0.1625,0.015752,4.484
721137,520,439,959,238,6,122,1.61,0.9922,0.5525,0.197157,34,8,35,326.18,0.6623,0.0931,0.006351,4.386
721159,520,401,921,237,15,192,339.73,0.9866,0.5843,0.221548,50,7,68,313.15,0.8376,0.1428,0.012475,4.347
721164,520,338,858,255,31,221,336.20,1.0000,0.6390,0.274637,22,52,48,184.16,0.5177,0.1989,0.028399,4.141
721166,520,353,873,239,32,230,330.40,0.9812,0.6167,0.250996,82,10,15,23.64,0.9070,0.1836,0.020457,4.272
721192,520,416,936,252,18,11,29.24,0.9933,0.5660,0.211560,52,9,30,354.54,0.7140,0.1235,0.010193,4.345
721202,520,446,966,214,71,95,14.51,0.7808,0.5400,0.196312,18,12,37,291.60,0.5725,0.0806,0.005251,4.458
721250,520,462,982,234,26,27,28.14,0.9827,0.5313,0.183135,1,6,36,264.65,0.9287,0.0539,0.002641,4.429
721261,520,298,818,254,74,226,335.04,0.9947,0.6686,0.314624,101,16,19,25.02,0.9058,0.2320,0.031848,4.455
721267,520,364,884,236,42,217,332.93,0.9614,0.6082,0.245012,17,46,4,137.66,0.9700,0.1653,0.020819,4.166
721270,520,444,964,191,43,229,317.96,0.9350,0.5414,0.184626,8,20,21,202.45,0.3634,0.0823,0.006061,4.185
721272,520,151,671,224,190,231,320.51,0.5673,0.8178,0.584444,32,98,24,141.57,0.9633,0.3507,0.091081,4.497
721295,520,466,986,195,12,210,324.32,0.9818,0.5190,0.165198,9,6,19,294.21,0.4659,0.0493,0.002353,4.110
721307,520,430,950,181,46,255,309.15,1.0000,0.5498,0.189987,51,2,1,29.45,0.9730,0.1037,0.007495,4.174
721311,520,478,998,224,19,16,28.87,0.9876,0.5064,0.163533,1,1,5,279.71,0.6028,0.0191,0.000391,4.238
721326,520,431,951,217,81,40,36.74,0.8926,0.5496,0.207922,21,20,40,284.62,0.4212,0.1024,0.008129,4.437
721331,520,461,981,188,42,219,319.56,0.9207,0.5281,0.174631,20,3,19,329.77,0.6755,0.0547,0.002609,4.270
721369,520,272,792,250,104,229,333.59,0.9716,0.6975,0.358845,21,70,56,170.76,0.7555,0.2600,0.048251,4.161
721389,520,472,992,222,36,74,17.32,0.9357,0.5178,0.172885,10,1,13,320.36,0.7573,0.0348,0.001153,4.357
721406,520,339,859,203,110,235,316.78,0.8385,0.6419,0.298477,15,56,16,143.62,0.9459,0.2001,0.029672,4.374
721408,520,419,939,184,84,205,320.36,0.7553,0.5571,0.209399,42,9,46,323.22,0.7207,0.1145,0.008849,4.408
721423,520,416,936,205,17,255,316.50,1.0000,0.5726,0.206016,29,0,82,286.86,1.0000,0.1201,0.008704,4.361
721429,520,425,945,207,31,222,324.38,0.9608,0.5555,0.195211,31,20,30,329.54,0.2846,0.1081,0.008854,4.166
721440,520,434,954,237,30,93,12.20,0.9587,0.5496,0.197266,31,20,16,40.86,0.2619,0.1029,0.008291,4.242
721449,520,420,940,244,31,43,26.16,0.9791,0.5562,0.203910,2,20,64,262.26,0.9460,0.1094,0.008833,4.316
721463,520,453,973,195,1,233,318.81,0.9991,0.5345,0.175085,19,10,16,339.57,0.2861,0.0664,0.003930,4.174
721471,520,431,951,159,75,252,300.86,0.9729,0.5461,0.194317,16,11,67,277.09,0.8918,0.1045,0.007547,4.246
721472,520,428,948,247,15,32,27.01,0.9933,0.5555,0.202237,27,20,32,310.72,0.2859,0.1042,0.008376,4.321
721476,520,346,866,233,62,236,327.30,0.9480,0.6292,0.268274,1,29,122,263.79,0.9930,0.1947,0.022901,4.366
721479,520,468,988,216,24,148,348.56,0.9354,0.5241,0.173927,5,8,3,131.17,0.4151,0.0441,0.002125,4.296
721508,520,437,957,227,0,166,344.92,1.0000,0.5480,0.190868,14,9,58,278.24,0.8737,0.0903,0.005942,4.306
721512,520,341,861,252,59,192,343.89,0.9769,0.6344,0.276324,83,19,32,13.19,0.7509,0.1992,0.024093,4.404
721521,520,385,905,187,95,227,314.36,0.8072,0.5919,0.242963,16,37,51,239.75,0.5051,0.1509,0.016722,4.391
721524,520,465,985,229,3,87,11.86,0.9960,0.5228,0.174142,1,4,41,266.01,0.9636,0.0542,0.002534,4.267
721527,520,199,719,249,167,160,24.84,0.8318,0.7749,0.503175,6,86,94,206.03,0.9410,0.3244,0.075021,4.425
721533,520,390,910,212,97,151,352.93,0.6574,0.5918,0.247828,28,37,40,220.10,0.1634,0.1538,0.017232,4.430
721534,520,469,989,225,27,92,10.70,0.9502,0.5231,0.175669,15,2,0,42.84,1.0000,0.0382,0.001450,4.386
721567,520,389,909,227,39,208,333.12,0.9507,0.5851,0.223384,49,31,1,76.63,0.9433,0.1525,0.016352,4.120
721582,520,462,982,197,53,185,331.71,0.8357,0.5287,0.179210,16,2,30,304.82,0.8250,0.0543,0.002473,4.368
721588,520,231,751,249,134,226,335.12,0.9543,0.7388,0.426833,30,79,58,162.64,0.7049,0.2938,0.061732,4.268
721603,520,426,946,241,44,31,29.41,0.9677,0.5567,0.206044,48,2,34,343.35,0.8424,0.1083,0.007874,4.424
721604,520,434,954,221,2,196,334.82,0.9974,0.5541,0.194035,12,5,70,274.36,0.9656,0.0964,0.006289,4.335
721609,520,400,920,205,95,150,351.05,0.6379,0.5771,0.233674,23,24,74,276.46,0.7444,0.1407,0.013298,4.482
721610,520,480,1000,213,5,132,353.04,0.9854,0.5051,0.159230,0,0,0,0.00,0.0000,0.0000,0.000000,4.185
721613,520,309,829,231,98,230,327.91,0.8917,0.6613,0.314396,73,44,18,60.24,0.6319,0.2235,0.032617,4.411
721618,520,456,976,232,14,83,13.93,0.9839,0.5307,0.180975,17,11,3,79.91,0.5282,0.0622,0.003651,4.305
721619,520,463,983,220,35,126,357.86,0.9037,0.5283,0.179266,7,2,32,284.61,0.8879,0.0470,0.001929,4.415
721620,520,458,978,225,44,50,25.55,0.9429,0.5256,0.180420,20,0,35,307.81,1.0000,0.0588,0.002701,4.372
721626,520,401,921,242,49,131,1.36,0.9149,0.5825,0.227158,11,38,5,139.90,0.9546,0.1355,0.014683,4.285
721630,520,470,990,223,48,12,32.45,0.9847,0.5217,0.178312,5,1,30,282.16,0.9431,0.0409,0.001477,4.435
721649,520,447,967,214,14,182,337.08,0.9740,0.5351,0.179899,1,9,59,264.69,0.9630,0.0825,0.005176,4.167
721659,520,429,949,202,29,232,320.65,0.9693,0.5536,0.192631,49,1,22,359.39,0.9141,0.1034,0.007327,4.232
721682,520,350,870,233,70,218,331.98,0.9146,0.6253,0.267684,70,25,51,347.19,0.5912,0.1898,0.022366,4.390
721695,520,421,941,238,49,70,21.46,0.9368,0.5590,0.208192,46,5,34,342.08,0.7642,0.1087,0.008050,4.448
721715,520,469,989,190,77,141,348.11,0.6668,0.5216,0.181796,0,8,11,213.88,1.0000,0.0420,0.001978,4.459
721754,520,433,953,202,94,58,38.72,0.7549,0.5456,0.208694,16,20,40,273.61,0.4561,0.0980,0.007637,4.488
721762,520,457,977,192,3,230,318.67,0.9970,0.5275,0.169862,13,11,6,90.73,0.2442,0.0590,0.003381,4.119
721796,520,480,1000,167,19,251,306.66,0.9855,0.5108,0.156470,0,0,0,0.00,0.0000,0.0000,0.000000,4.129
721797,520,383,903,213,68,225,324.63,0.8974,0.5952,0.237185,40,31,40,326.18,0.2003,0.1503,0.015843,4.362
721806,520,418,938,245,40,28,29.34,0.9745,0.5621,0.210174,40,12,54,312.32,0.7179,0.1213,0.009804,4.350
721816,520,475,995,198,13,208,325.66,0.9801,0.5230,0.168494,6,1,7,323.06,0.6585,0.0273,0.000758,4.305
721823,520,468,988,189,32,215,321.10,0.9413,0.5204,0.167596,17,0,19,324.78,1.0000,0.0437,0.001662,4.212
721831,520,420,940,236,11,146,353.37,0.9851,0.5587,0.201506,9,29,10,144.75,0.8141,0.1061,0.009587,4.221
721836,520,464,984,188,36,212,321.50,0.9262,0.5188,0.167080,20,3,19,329.77,0.6755,0.0547,0.002609,4.126
721841,520,265,785,250,107,252,327.09,0.9880,0.7141,0.378702,17,70,50,163.86,0.8531,0.2565,0.047296,4.406
721846,520,424,944,209,37,214,326.89,0.9426,0.5564,0.197354,52,1,33,347.80,0.9057,0.1145,0.008617,4.220
721852,520,362,882,227,60,227,328.05,0.9340,0.6119,0.251109,43,42,14,107.08,0.6099,0.1760,0.022012,4.181
721882,520,466,986,174,19,248,309.36,0.9849,0.5185,0.162426,5,10,17,252.73,0.3495,0.0537,0.002898,4.016
721888,520,1,521,255,255,255,0.00,0.0000,1.0000,1.000000,1,138,54,148.11,0.9993,0.4813,0.184489,4.478
721891,520,462,982,233,8,69,18.07,0.9926,0.5286,0.179301,5,3,33,278.02,0.8849,0.0483,0.002072,4.404
721892,520,466,986,205,74,37,36.05,0.8847,0.5172,0.180124,11,7,2,82.76,0.5051,0.0470,0.002275,4.402
721895,520,469,989,221,26,101,6.76,0.9427,0.5169,0.170532,7,4,15,297.77,0.4950,0.0406,0.001665,4.269
721898,520,442,962,178,76,214,316.08,0.8030,0.5434,0.194899,34,0,32,330.80,1.0000,0.0780,0.004444,4.498
721904,520,430,950,192,65,209,322.75,0.8396,0.5480,0.195919,41,6,22,355.84,0.7089,0.0953,0.006597,4.345
721914,520,439,959,203,24,225,322.65,0.9728,0.5478,0.187877,25,20,14,71.93,0.2138,0.0949,0.007387,4.145
721918,520,392,912,244,68,68,25.46,0.9386,0.5880,0.237880,29,36,46,257.28,0.2153,0.1547,0.017202,4.284
721925,520,386,906,232,61,164,348.47,0.8657,0.5868,0.231763,46,31,26,39.22,0.2654,0.1529,0.016355,4.246
721952,520,448,968,174,76,221,312.80,0.8206,0.5427,0.193889,22,11,38,299.86,0.6042,0.0837,0.005499,4.395
721975,520,353,873,246,38,214,336.02,0.9729,0.6220,0.258371,39,39,51,284.88,0.1890,0.1752,0.021214,4.330
721976,520,458,978,219,24,157,346.24,0.9428,0.5343,0.181501,0,12,32,253.51,0.9999,0.0626,0.003672,4.313
721978,520,441,961,226,21,147,351.12,0.9577,0.5422,0.188144,16,20,23,240.41,0.1267,0.0889,0.006723,4.198
721983,520,403,923,225,37,208,332.62,0.9523,0.5804,0.218871,13,35,0,135.14,1.0000,0.1258,0.012876,4.276
721995,520,440,960,158,92,223,304.47,0.7749,0.5465,0.202515,3,11,63,266.32,0.9516,0.0916,0.006175,4.495
721997,520,391,911,184,98,216,316.04,0.7456,0.5853,0.238845,20,41,7,135.54,0.9034,0.1509,0.017499,4.279
722004,520,443,963,228,14,130,357.16,0.9747,0.5369,0.184226,29,9,26,333.20,0.5435,0.0821,0.005312,4.235
722029,520,467,987,209,45,132,353.81,0.8407,0.5162,0.171003,3,0,31,276.32,1.0000,0.0371,0.001183,4.318
722040,520,460,980,154,66,252,300.00,0.9772,0.5288,0.177951,0,7,43,262.74,1.0002,0.0615,0.003264,4.280
722045,520,362,882,241,52,191,341.47,0.9316,0.6088,0.249213,47,10,103,292.07,0.9197,0.1775,0.018007,4.400
722046,520,281,801,254,129,56,47.52,0.9881,0.6912,0.370600,7,70,50,165.56,0.9485,0.2538,0.046556,4.356
722050,520,361,881,250,42,196,341.84,0.9685,0.6214,0.259687,8,34,102,263.96,0.9272,0.1834,0.021548,4.328
722052,520,309,829,246,90,195,342.95,0.9200,0.6565,0.308481,24,40,122,268.44,0.8866,0.2249,0.031167,4.417
722057,520,448,968,219,8,183,338.00,0.9870,0.5437,0.186550,25,3,49,300.26,0.8804,0.0830,0.004936,4.306
722071,520,453,973,208,78,44,35.48,0.8616,0.5292,0.190427,7,11,41,271.92,0.7561,0.0727,0.004446,4.416
722073,520,443,963,201,70,154,344.81,0.7416,0.5369,0.191328,38,6,4,28.90,0.8103,0.0845,0.005512,4.347
722076,520,369,889,253,78,23,35.82,0.9892,0.6120,0.263969,49,31,62,309.74,0.4691,0.1742,0.019808,4.498
722087,520,462,982,201,32,204,327.41,0.9364,0.5329,0.178119,9,7,10,315.38,0.1477,0.0478,0.002320,4.360
722098,520,408,928,193,89,194,327.13,0.7195,0.5710,0.223786,30,24,59,288.31,0.5644,0.1340,0.012450,4.384
722108,520,394,914,232,69,147,355.42,0.8327,0.5876,0.235214,40,30,31,11.53,0.1586,0.1440,0.014786,4.402
722123,520,427,947,221,51,175,341.57,0.8761,0.5637,0.208373,21,23,21,145.39,0.0650,0.1005,0.008264,4.435
722129,520,435,955,205,0,230,322.17,1.0000,0.5489,0.186941,23,4,61,289.38,0.9145,0.0943,0.006059,4.227
722163,520,403,923,250,33,100,11.79,0.9666,0.5794,0.223354,35,16,62,298.56,0.7118,0.1271,0.010757,4.499
722187,520,445,965,224,31,144,352.03,0.9258,0.5413,0.188435,25,15,9,52.08,0.3364,0.0820,0.005681,4.282
722190,520,414,934,219,33,219,328.25,0.9628,0.5750,0.212644,11,13,82,270.35,0.9516,0.1217,0.009681,4.401
722193,520,350,870,244,75,171,349.76,0.8983,0.6252,0.272085,83,18,12,29.38,0.8713,0.1938,0.022985,4.413
722215,520,411,931,209,45,226,323.73,0.9401,0.5699,0.209249,23,6,77,281.92,0.9410,0.1154,0.008482,4.433
722230,520,453,973,232,30,68,19.51,0.9642,0.5340,0.185048,10,18,9,141.73,0.4013,0.0744,0.005169,4.261
722231,520,437,957,240,35,22,29.55,0.9800,0.5483,0.197886,45,4,2,29.99,0.9283,0.0944,0.006492,4.388
722258,520,327,847,221,91,252,319.37,0.9808,0.6512,0.298843,60,38,75,310.34,0.4812,0.2125,0.028549,4.441
722260,520,471,991,196,80,77,24.35,0.7084,0.5157,0.180108,7,3,26,287.78,0.7696,0.0447,0.001849,4.438
722276,520,454,974,203,62,160,342.45,0.7829,0.5341,0.186817,20,13,9,51.31,0.2447,0.0715,0.004563,4.340
722284,520,471,991,222,24,98,7.90,0.9510,0.5172,0.170674,18,2,4,11.65,0.6920,0.0437,0.001808,4.259
722294,520,463,983,236,1,63,19.73,0.9992,0.5324,0.182167,1,6,28,262.99,0.8933,0.0475,0.002205,4.447
722311,520,357,877,245,41,210,336.87,0.9667,0.6194,0.256545,83,7,16,22.01,0.9286,0.1834,0.020287,4.361
722312,520,392,912,231,60,182,342.11,0.8831,0.5928,0.236007,59,24,9,42.51,0.7119,0.1548,0.016029,4.332
722319,520,427,947,249,16,0,29.78,1.0000,0.5587,0.205140,41,10,19,5.10,0.6153,0.1002,0.007356,4.448
722324,520,469,989,194,75,130,354.52,0.6809,0.5209,0.181149,1,4,24,265.30,0.8872,0.0398,0.001592,4.480
722339,520,362,882,220,107,104,23.26,0.6883,0.6062,0.267327,13,47,43,184.53,0.6745,0.1764,0.022929,4.351
722350,520,398,918,216,85,153,351.09,0.7254,0.5816,0.233980,47,26,7,60.40,0.6703,0.1383,0.013585,4.466
722361,520,355,875,241,12,243,327.89,0.9962,0.6228,0.254375,58,11,93,304.78,0.8699,0.1830,0.019293,4.393
722366,520,346,866,250,39,206,339.04,0.9722,0.6251,0.262345,12,40,97,262.31,0.8693,0.1937,0.024587,4.188
722369,520,414,934,241,28,147,354.50,0.9605,0.5745,0.216410,19,30,7,130.41,0.7155,0.1153,0.010823,4.380
722373,520,348,868,254,33,205,340.11,0.9941,0.6290,0.265697,30,39,85,271.94,0.6227,0.1903,0.023829,4.276
722381,520,347,867,254,71,137,3.58,0.9868,0.6263,0.273869,26,51,9,135.24,0.9178,0.1881,0.026069,4.258
722382,520,381,901,253,17,161,352.19,0.9872,0.6001,0.238603,76,5,9,24.98,0.9507,0.1646,0.016650,4.330
722383,520,401,921,248,10,137,358.60,0.9908,0.5790,0.219831,33,6,92,285.50,0.9504,0.1439,0.012263,4.334
722392,520,464,984,178,5,242,312.00,0.9958,0.5155,0.159854,14,0,28,305.66,1.0000,0.0460,0.001772,4.053
722396,520,374,894,226,100,70,34.70,0.8036,0.5980,0.257278,6,45,36,173.81,0.8655,0.1645,0.020428,4.363
722422,520,477,997,213,61,16,35.17,0.9697,0.5147,0.175235,2,0,6,302.89,1.0000,0.0170,0.000261,4.481
722426,520,421,941,223,21,187,337.89,0.9682,0.5570,0.198146,18,29,2,127.90,0.9175,0.1105,0.010117,4.128
722429,520,272,792,250,134,118,29.13,0.9169,0.7033,0.386850,4,69,79,211.49,0.9378,0.2622,0.048463,4.437
722430,520,427,947,164,81,246,303.13,0.9220,0.5553,0.204317,26,6,64,290.55,0.8840,0.1038,0.007200,4.446
722432,520,431,951,227,19,163,346.08,0.9669,0.5510,0.194437,5,15,67,266.89,0.9306,0.1042,0.007791,4.230
722446,520,450,970,205,56,171,338.76,0.8194,0.5373,0.187497,17,9,23,309.56,0.4297,0.0654,0.003764,4.417
722450,520,418,938,170,103,188,318.90,0.5903,0.5582,0.218781,2,31,39,219.39,0.8712,0.1193,0.011393,4.378
722488,520,310,830,251,43,253,327.78,0.9942,0.6576,0.293318,8,23,146,265.71,0.9822,0.2200,0.027395,4.436
722494,520,473,993,196,0,219,322.41,1.0000,0.5249,0.168518,1,2,24,268.61,0.9399,0.0344,0.001158,4.271
722502,520,478,998,164,76,199,315.08,0.7467,0.5127,0.171857,3,1,5,310.43,0.5673,0.0222,0.000520,4.391
722512,520,222,742,243,139,248,325.47,0.9588,0.7498,0.442992,9,73,117,245.80,0.8746,0.2996,0.061072,4.438
722525,520,422,942,200,81,176,336.23,0.7260,0.5606,0.213005,17,23,40,268.46,0.3972,0.1062,0.008851,4.469
722552,520,406,926,253,30,63,22.24,0.9902,0.5770,0.221738,25,30,46,270.53,0.3153,0.1348,0.013325,4.291
722556,520,383,903,250,7,171,348.48,0.9948,0.5967,0.234196,22,38,27,153.74,0.3956,0.1470,0.016359,4.283
722571,520,479,999,214,36,112,2.05,0.8905,0.5118,0.167302,3,0,0,29.23,1.0000,0.0143,0.000194,4.329
722597,520,461,981,221,43,115,2.86,0.8820,0.5316,0.183403,8,7,22,284.85,0.4951,0.0523,0.002615,4.436
722600,520,472,992,222,42,79,16.33,0.9156,0.5229,0.177528,4,1,18,289.61,0.8483,0.0308,0.000912,4.469
722601,520,257,777,242,117,232,330.50,0.9305,0.7054,0.374283,62,65,49,116.35,0.2163,0.2717,0.050265,4.232
722607,520,441,961,234,27,60,21.62,0.9736,0.5354,0.186057,14,9,57,278.55,0.8669,0.0893,0.005841,4.227
722627,520,411,931,223,51,171,343.40,0.8767,0.5652,0.209984,27,2,80,285.40,0.9775,0.1179,0.008556,4.440
722667,520,453,973,212,43,149,347.96,0.8603,0.5279,0.178970,7,4,47,275.66,0.9318,0.0652,0.003372,4.290
722672,520,470,990,193,10,213,323.01,0.9855,0.5173,0.163602,2,2,28,272.03,0.9373,0.0387,0.001402,4.156
722677,520,469,989,197,57,171,336.44,0.8012,0.5242,0.177386,4,5,9,270.71,0.2442,0.0377,0.001541,4.412
722706,520,452,972,195,44,200,326.68,0.8891,0.5275,0.175752,19,12,26,306.44,0.3901,0.0749,0.004760,4.123
722707,520,425,945,240,50,28,30.63,0.9700,0.5590,0.208936,28,26,8,103.01,0.5446,0.1126,0.010032,4.313
722709,520,341,861,224,82,229,326.41,0.8970,0.6302,0.275411,66,11,97,308.79,0.8713,0.1995,0.022608,4.482
722712,520,471,991,224,32,59,21.67,0.9579,0.5168,0.171989,4,4,20,278.91,0.6506,0.0403,0.001631,4.299
722738,520,418,938,203,78,180,335.58,0.7527,0.5636,0.214423,21,28,25,167.37,0.1609,0.1157,0.010601,4.363
722763,520,373,893,228,12,247,323.98,0.9954,0.6032,0.234746,8,3,121,266.73,0.9971,0.1633,0.014971,4.383
722766,520,251,771,245,116,246,327.18,0.9598,0.7157,0.385594,52,71,12,126.19,0.8899,0.2733,0.052630,4.244
722777,520,293,813,209,124,245,315.02,0.8921,0.6788,0.345643,44,62,2,126.07,0.9768,0.2370,0.039851,4.403
722786,520,436,956,248,8,6,29.14,0.9971,0.5548,0.201469,26,13,30,317.96,0.4519,0.0872,0.006012,4.490
722790,520,443,963,233,32,58,22.50,0.9664,0.5355,0.186653,25,13,21,339.91,0.3274,0.0816,0.005487,4.265
722798,520,421,941,226,51,148,352.14,0.8687,0.5601,0.206772,41,7,42,326.70,0.7361,0.1074,0.007906,4.434
722824,520,456,976,208,74,84,19.60,0.7643,0.5302,0.189497,12,11,7,96.47,0.1775,0.0584,0.003328,4.491
722828,520,454,974,206,6,198,330.48,0.9899,0.5287,0.173312,30,2,26,333.97,0.7912,0.0713,0.003941,4.140
722830,520,463,983,224,46,73,19.09,0.9155,0.5288,0.182851,4,5,29,274.07,0.7886,0.0488,0.002231,4.458
722833,520,395,915,217,40,236,323.51,0.9638,0.5872,0.223274,21,34,48,251.02,0.3684,0.1437,0.015168,4.193
722840,520,480,1000,228,0,23,27.27,1.0000,0.5104,0.165589,0,0,0,0.00,0.0000,0.0000,0.000000,4.312
722841,520,430,950,181,87,187,325.13,0.6853,0.5461,0.202291,29,16,38,310.12,0.4864,0.1014,0.007718,4.371
722859,520,403,923,216,35,230,324.74,0.9658,0.5785,0.215162,54,8,40,342.77,0.7451,0.1309,0.011113,4.339
722862,520,336,856,225,92,223,328.25,0.8682,0.6404,0.289916,41,42,80,280.45,0.4820,0.2032,0.027065,4.411
722881,520,391,911,229,71,150,353.80,0.8176,0.5856,0.233691,62,19,25,14.75,0.6357,0.1550,0.015602,4.324
722885,520,269,789,248,135,117,30.25,0.8854,0.7019,0.385715,9,71,47,161.41,0.9433,0.2567,0.047696,4.460
722889,520,397,917,250,30,105,10.01,0.9699,0.5793,0.222760,12,37,30,172.55,0.5993,0.1387,0.014950,4.200
722905,520,455,975,218,58,90,14.28,0.8447,0.5316,0.186722,20,8,15,344.28,0.3754,0.0633,0.003569,4.419
722907,520,192,712,238,168,199,351.11,0.6644,0.7755,0.503076,20,89,18,142.59,0.9759,0.3157,0.073369,4.483
722929,520,464,984,198,33,194,329.35,0.9182,0.5214,0.169903,9,8,21,286.13,0.4241,0.0548,0.002859,4.160
722934,520,237,757,252,128,221,337.62,0.9741,0.7312,0.413568,49,57,138,274.10,0.7221,0.2941,0.054140,4.451
722937,520,477,997,130,77,246,291.59,0.9322,0.5092,0.167073,1,2,6,265.10,0.5131,0.0236,0.000630,4.287
722939,520,438,958,237,47,49,26.52,0.9521,0.5524,0.202625,42,6,2,32.97,0.8981,0.0916,0.006270,4.490
722968,520,412,932,230,49,161,348.37,0.8919,0.5718,0.215955,15,30,33,211.67,0.3492,0.1202,0.011399,4.332
722971,520,450,970,157,79,242,301.68,0.8991,0.5404,0.191713,22,8,25,320.41,0.5212,0.0704,0.004144,4.464
722997,520,394,914,247,4,168,348.71,0.9966,0.5889,0.226915,7,38,24,160.38,0.8362,0.1377,0.014973,4.262
723001,520,362,882,227,100,100,22.42,0.7573,0.6054,0.263678,73,12,57,340.82,0.7669,0.1817,0.019750,4.497
723002,520,446,966,160,75,241,303.35,0.9007,0.5380,0.188571,7,15,46,268.18,0.7592,0.0850,0.005840,4.272
723005,520,301,821,253,88,195,344.54,0.9796,0.6658,0.318053,64,27,118,296.12,0.8103,0.2350,0.031819,4.498
723006,520,469,989,219,60,0,35.86,1.0000,0.5249,0.182944,5,6,13,275.48,0.3190,0.0428,0.001916,4.487
723007,520,356,876,208,89,238,319.00,0.8975,0.6205,0.267292,12,37,94,263.33,0.8707,0.1834,0.022093,4.401
723008,520,400,920,236,29,174,344.90,0.9593,0.5775,0.217705,62,9,14,20.84,0.8339,0.1388,0.012514,4.282
723015,520,37,557,194,254,254,196.19,0.9694,0.9495,0.895070,11,130,32,144.46,0.9941,0.4534,0.161400,4.471
723019,520,444,964,226,34,134,356.14,0.9194,0.5426,0.190368,33,0,43,317.36,1.0000,0.0843,0.004978,4.372
723034,520,349,869,247,4,233,331.53,0.9987,0.6253,0.257472,74,18,62,337.59,0.7163,0.1931,0.022365,4.249
723035,520,448,968,235,9,98,9.25,0.9890,0.5396,0.187425,15,10,47,282.86,0.7528,0.0822,0.005239,4.298
723047,520,379,899,226,37,229,327.49,0.9684,0.5959,0.231513,15,23,98,269.32,0.9309,0.1596,0.015961,4.268
723049,520,390,910,253,56,65,24.50,0.9886,0.5939,0.240963,18,27,80,270.42,0.8095,0.1494,0.014916,4.482
723058,520,478,998,177,76,168,331.10,0.6831,0.5126,0.173443,5,0,2,349.81,1.0000,0.0195,0.000367,4.436
723063,520,392,912,195,90,211,322.19,0.7708,0.5856,0.236189,50,28,23,33.50,0.3801,0.1509,0.015706,4.356
723066,520,454,974,147,90,221,300.70,0.7701,0.5282,0.187361,9,18,13,159.66,0.3262,0.0748,0.005197,4.300
723069,520,433,953,207,24,220,324.95,0.9714,0.5510,0.190878,15,6,66,277.88,0.9378,0.0953,0.006251,4.282
723095,520,415,935,245,13,120,3.65,0.9870,0.5677,0.210598,52,11,16,17.19,0.7174,0.1213,0.010069,4.338
723096,520,417,937,225,78,90,19.46,0.8086,0.5680,0.221971,42,21,17,31.59,0.4184,0.1213,0.010691,4.481
723097,520,337,857,212,88,255,316.16,1.0000,0.6365,0.281980,37,41,82,276.81,0.5300,0.1986,0.025883,4.375
723101,520,400,920,253,27,103,10.86,0.9858,0.5836,0.226495,9,22,89,267.15,0.9339,0.1443,0.013531,4.352
723106,520,396,916,245,59,19,32.90,0.9829,0.5764,0.225908,27,20,81,280.47,0.8141,0.1436,0.013274,4.361
723110,520,413,933,200,43,246,316.60,0.9596,0.5691,0.206624,11,6,86,270.73,0.9810,0.1177,0.008732,4.369
723119,520,274,794,252,107,228,334.49,0.9818,0.7040,0.368150,17,68,44,158.81,0.8686,0.2479,0.044351,4.432
723132,520,398,918,242,27,148,354.34,0.9637,0.5764,0.218024,50,6,63,316.94,0.8325,0.1373,0.011673,4.346
723141,520,401,921,245,6,166,348.92,0.9945,0.5844,0.222992,15,33,49,247.05,0.4983,0.1375,0.014110,4.258
723159,520,465,985,100,97,247,278.11,0.9384,0.5154,0.179735,12,5,25,298.13,0.6297,0.0532,0.002569,4.370
723164,520,433,953,218,30,180,338.81,0.9373,0.5474,0.191316,39,11,27,347.43,0.5797,0.1014,0.007499,4.197
723165,520,363,883,249,12,191,342.63,0.9926,0.6057,0.241676,58,24,56,329.58,0.5686,0.1701,0.018384,4.265
723175,520,391,911,213,105,94,27.49,0.6693,0.5892,0.250595,12,39,48,222.98,0.6000,0.1532,0.017425,4.458
723176,520,420,940,201,62,212,324.77,0.8674,0.5613,0.206178,52,2,17,8.71,0.8969,0.1095,0.008141,4.406
723206,520,378,898,247,40,168,349.45,0.9509,0.6010,0.241222,14,16,106,269.33,0.9682,0.1583,0.015044,4.477
723219,520,431,951,217,46,178,339.44,0.8860,0.5542,0.199223,44,6,26,352.04,0.7275,0.1025,0.007404,4.342
723221,520,292,812,254,107,163,359.04,0.9770,0.6789,0.342337,10,69,3,141.52,0.9939,0.2424,0.043272,4.206
723251,520,463,983,235,0,47,23.44,1.0000,0.5277,0.178706,23,0,16,340.33,1.0000,0.0509,0.002196,4.382
723279,520,357,877,242,0,241,328.59,1.0000,0.6211,0.252309,23,48,24,144.84,0.6752,0.1788,0.023619,4.106
723291,520,269,789,250,115,206,341.77,0.9470,0.7016,0.370444,79,50,72,335.85,0.3514,0.2636,0.044115,4.467
723305,520,449,969,189,55,217,319.97,0.8831,0.5389,0.185623,31,1,32,326.95,0.8694,0.0747,0.004173,4.349
723307,520,398,918,251,35,67,21.55,0.9798,0.5759,0.221202,5,35,56,243.48,0.7781,0.1431,0.015198,4.160
723321,520,421,941,221,31,198,334.34,0.9523,0.5640,0.204317,35,7,62,301.76,0.8366,0.1145,0.008571,4.342
723331,520,447,967,217,48,138,353.59,0.8512,0.5364,0.187030,27,3,48,303.81,0.8705,0.0847,0.005116,4.301
723341,520,409,929,240,41,134,359.34,0.9294,0.5743,0.218355,20,27,59,271.61,0.5795,0.1319,0.012483,4.295
723353,520,280,800,237,136,124,27.69,0.7457,0.6890,0.370705,23,68,47,160.25,0.7545,0.2512,0.045215,4.418
723383,520,383,903,252,10,172,348.63,0.9932,0.6016,0.238946,46,31,2,80.78,0.8933,0.1482,0.015653,4.401
723403,520,467,987,189,34,214,321.32,0.9349,0.5208,0.168193,14,2,6,354.86,0.6111,0.0392,0.001499,4.237
723407,520,174,694,244,182,144,52.63,0.7220,0.7958,0.547045,7,93,77,175.24,0.9628,0.3397,0.084093,4.452
723428,520,453,973,197,0,228,320.52,1.0000,0.5337,0.174733,10,2,49,280.06,0.9576,0.0657,0.003297,4.217
723442,520,237,757,205,170,177,4.62,0.2662,0.7337,0.449037,9,84,2,141.83,0.9974,0.2946,0.064028,4.376
723456,520,331,851,222,80,255,319.40,1.0000,0.6419,0.284887,74,30,31,20.59,0.5634,0.1982,0.024835,4.475
723470,520,38,558,251,242,180,100.80,0.8784,0.9459,0.873094,18,125,97,169.31,0.9480,0.4514,0.156582,4.468
723478,520,407,927,235,63,75,22.05,0.8993,0.5665,0.217282,40,28,15,67.85,0.4109,0.1343,0.013162,4.232
723485,520,392,912,206,50,253,316.51,0.9897,0.5888,0.224964,33,27,65,287.59,0.5684,0.1485,0.014888,4.237
723493,520,368,888,252,65,103,14.49,0.9720,0.6072,0.254588,36,43,11,120.34,0.7047,0.1710,0.021270,4.274
723498,520,399,919,200,102,135,0.06,0.5688,0.5752,0.235330,36,29,32,350.36,0.1248,0.1368,0.013581,4.488
723502,520,430,950,233,7,143,353.66,0.9893,0.5506,0.194617,7,28,19,163.30,0.6654,0.1042,0.009227,4.130
723509,520,299,819,236,131,81,45.11,0.7971,0.6699,0.346620,2,65,48,168.40,0.9823,0.2349,0.040067,4.404
723516,520,457,977,220,28,137,353.48,0.9270,0.5289,0.178549,10,9,28,283.14,0.5385,0.0617,0.003437,4.277
723522,520,461,981,184,4,245,313.08,0.9970,0.5275,0.168709,0,11,6,167.85,1.0000,0.0476,0.002525,4.164
723524,520,346,866,233,108,114,19.17,0.7628,0.6314,0.292662,25,51,28,146.68,0.6353,0.1908,0.026581,4.475
723532,520,362,882,185,116,201,319.89,0.6092,0.6089,0.270230,38,46,13,121.34,0.6922,0.1825,0.023951,4.330
723533,520,447,967,195,50,218,321.68,0.9039,0.5449,0.189468,8,7,51,274.37,0.9032,0.0755,0.004426,4.400
723554,520,480,1000,209,62,49,29.10,0.8806,0.5108,0.172246,0,0,0,0.00,0.0000,0.0000,0.000000,4.445
723556,520,429,949,231,2,152,350.24,0.9968,0.5495,0.193022,3,21,47,256.45,0.8150,0.0972,0.007609,4.218
723558,520,454,974,199,43,200,327.85,0.8969,0.5336,0.180417,17,8,31,299.28,0.5974,0.0681,0.003918,4.273
723562,520,449,969,180,49,246,310.60,0.9536,0.5428,0.185547,11,14,24,271.06,0.3069,0.0707,0.004512,4.321
723568,520,378,898,248,17,174,347.30,0.9863,0.5963,0.234167,39,25,76,291.66,0.6746,0.1603,0.016484,4.274
723569,520,467,987,215,47,90,12.10,0.8719,0.5154,0.172208,9,2,27,293.66,0.8244,0.0449,0.001806,4.289
723590,520,441,961,177,46,245,310.04,0.9507,0.5352,0.178946,12,2,66,276.04,0.9825,0.0869,0.005149,4.151
723591,520,438,958,192,75,188,329.06,0.7576,0.5465,0.198709,2,13,62,264.83,0.9456,0.0933,0.006485,4.403
723606,520,405,925,251,35,78,18.64,0.9773,0.5777,0.222650,30,24,57,289.16,0.5430,0.1325,0.012247,4.380
723607,520,271,791,250,114,195,345.92,0.9335,0.6953,0.363015,70,58,40,77.45,0.3054,0.2592,0.044815,4.356
723617,520,467,987,158,67,230,305.74,0.8675,0.5161,0.169971,5,7,11,259.64,0.2138,0.0445,0.002084,4.223
723652,520,407,927,217,31,216,328.51,0.9626,0.5685,0.206917,36,27,33,338.72,0.1827,0.1322,0.012688,4.098
723671,520,390,910,221,20,243,323.13,0.9894,0.5904,0.223456,25,34,49,260.41,0.3185,0.1474,0.015724,4.161
723688,520,324,844,223,102,214,330.40,0.8151,0.6460,0.300477,49,45,58,299.08,0.1854,0.2057,0.028352,4.473
723691,520,379,899,228,100,69,34.88,0.8158,0.6013,0.260406,37,41,3,115.45,0.8967,0.1650,0.019858,4.443
723694,520,423,943,226,29,177,341.67,0.9484,0.5602,0.202244,20,27,26,185.81,0.1483,0.1124,0.010072,4.199
723703,520,427,947,196,7,255,314.22,1.0000,0.5559,0.191091,34,11,33,329.03,0.5773,0.0965,0.006893,4.238
723704,520,439,959,225,46,145,352.67,0.8808,0.5530,0.200085,12,6,64,275.58,0.9443,0.0908,0.005785,4.483
723721,520,367,887,216,80,216,327.78,0.8573,0.6074,0.252960,62,13,70,321.64,0.7742,0.1710,0.017543,4.485
723735,520,454,974,142,105,191,302.42,0.5665,0.5292,0.196157,4,17,23,227.55,0.5532,0.0724,0.004886,4.485
723746,520,398,918,189,100,189,327.25,0.6476,0.5797,0.236085,26,28,63,277.96,0.5631,0.1424,0.014090,4.464
723760,520,432,952,207,19,227,323.28,0.9820,0.5544,0.192790,16,6,69,277.94,0.9430,0.0996,0.006700,4.282
723767,520,426,946,181,86,210,317.61,0.7596,0.5589,0.211335,50,6,28,354.42,0.7579,0.1148,0.008923,4.435
723775,520,386,906,195,104,177,335.01,0.6091,0.5888,0.246784,38,34,33,34.30,0.0636,0.1527,0.016659,4.452
723790,520,282,802,206,148,171,353.60,0.4078,0.6852,0.372431,6,70,4,142.33,0.9928,0.2450,0.044276,4.481
723791,520,439,959,244,29,14,29.73,0.9895,0.5533,0.201470,33,13,18,4.93,0.4366,0.0917,0.006549,4.447
723795,520,430,950,241,33,55,23.73,0.9721,0.5523,0.200677,34,9,49,309.94,0.7369,0.1044,0.007572,4.354
723818,520,433,953,203,20,227,322.21,0.9796,0.5479,0.187446,37,17,1,60.67,0.8751,0.1016,0.007965,4.096
723823,520,438,958,224,71,3,37.89,0.9948,0.5475,0.203631,36,11,20,359.39,0.5332,0.0936,0.006650,4.477
723826,520,472,992,177,24,246,310.55,0.9787,0.5231,0.166552,8,2,2,21.00,0.4727,0.0306,0.000994,4.247
723828,520,454,974,206,23,195,331.29,0.9552,0.5315,0.176767,12,8,42,282.01,0.7612,0.0718,0.004190,4.185
723841,520,23,543,238,248,252,223.52,0.5834,0.9683,0.923399,51,130,33,140.34,0.9598,0.4639,0.167783,4.470
723843,520,367,887,215,81,221,326.03,0.8649,0.6101,0.255542,41,35,59,294.81,0.3610,0.1717,0.019892,4.372
723864,520,293,813,233,108,230,328.40,0.8920,0.6781,0.337640,78,43,60,350.04,0.3988,0.2414,0.036739,4.469
723873,520,366,886,199,78,254,313.06,0.9921,0.6053,0.247479,79,6,18,19.42,0.9201,0.1739,0.018365,4.351
723874,520,476,996,173,59,204,318.10,0.8280,0.5082,0.163728,1,1,6,278.68,0.6638,0.0197,0.000413,4.240
723876,520,341,861,254,91,64,31.88,0.9923,0.6334,0.289267,53,43,37,52.74,0.1684,0.1965,0.026183,4.453
723882,520,355,875,253,11,211,338.19,0.9955,0.6239,0.258285,0,38,89,257.46,1.0000,0.1768,0.021074,4.338
723884,520,427,947,237,33,112,5.94,0.9460,0.5564,0.202652,36,3,54,310.07,0.8798,0.1031,0.007066,4.427
723888,520,439,959,212,76,117,5.29,0.7368,0.5492,0.204525,9,23,21,184.10,0.4038,0.0912,0.007250,4.446
723891,520,395,915,245,13,183,344.01,0.9899,0.5941,0.231224,33,34,15,111.20,0.4620,0.1419,0.015019,4.325
723897,520,460,980,147,87,232,298.92,0.8287,0.5319,0.188458,9,10,30,278.21,0.5598,0.0642,0.003689,4.441
723906,520,218,738,218,159,237,317.73,0.7676,0.7498,0.458171,16,83,36,148.70,0.9626,0.2966,0.064238,4.448
723909,520,355,875,246,47,201,339.63,0.9545,0.6197,0.258460,41,34,74,289.03,0.5310,0.1797,0.021099,4.338
723920,520,453,973,221,56,56,25.87,0.9068,0.5289,0.184887,12,15,17,237.02,0.1052,0.0708,0.004603,4.302
723953,520,395,915,213,46,242,320.96,0.9583,0.5887,0.225128,48,26,3,64.18,0.8151,0.1393,0.013738,4.317
723959,520,273,793,206,141,228,317.28,0.7152,0.6963,0.377740,1,71,64,183.72,0.9893,0.2610,0.048829,4.328
723967,520,437,957,239,25,89,13.42,0.9710,0.5505,0.197705,4,25,20,175.67,0.7315,0.0936,0.007715,4.292
723980,520,30,550,231,245,252,229.00,0.6605,0.9555,0.893215,22,129,40,145.03,0.9839,0.4526,0.160236,4.486
723992,520,353,873,236,41,239,327.51,0.9753,0.6218,0.256533,2,51,35,165.29,0.9743,0.1829,0.025018,4.086
723995,520,480,1000,158,62,230,306.16,0.8770,0.5102,0.164281,0,0,0,0.00,0.0000,0.0000,0.000000,4.286
724007,520,390,910,251,23,132,1.09,0.9781,0.5868,0.227915,21,39,12,136.34,0.7594,0.1458,0.016370,4.187
724049,520,352,872,206,130,83,51.56,0.6199,0.6242,0.297133,2,52,53,196.95,0.9519,0.1934,0.027258,4.493
724050,520,475,995,145,71,253,296.33,0.9833,0.5246,0.176182,4,1,21,286.30,0.8849,0.0328,0.001017,4.434
724057,520,480,1000,198,13,182,332.87,0.9672,0.5050,0.156728,0,0,0,0.00,0.0000,0.0000,0.000000,4.135
724064,520,393,913,248,66,30,32.82,0.9699,0.5897,0.239501,5,37,40,203.98,0.7810,0.1398,0.015085,4.448
724067,520,453,973,198,82,118,3.46,0.6577,0.5335,0.193502,10,14,24,267.23,0.3217,0.0700,0.004445,4.472
724071,520,479,999,158,54,239,304.82,0.9206,0.5096,0.161400,0,0,6,264.05,1.0000,0.0126,0.000131,4.217
724072,520,422,942,252,1,35,26.23,0.9996,0.5634,0.208423,38,13,35,332.07,0.5662,0.1070,0.008213,4.439
724094,520,439,959,198,17,247,316.35,0.9890,0.5546,0.191235,7,23,11,150.66,0.6554,0.0869,0.006821,4.246
724097,520,368,888,245,63,147,357.48,0.9087,0.6055,0.250773,10,47,24,152.50,0.8957,0.1690,0.021634,4.199
724117,520,447,967,237,35,41,26.73,0.9714,0.5435,0.193699,22,7,36,305.00,0.6845,0.0754,0.004499,4.472
724123,520,281,801,254,113,168,358.03,0.9753,0.6894,0.357113,0,59,110,251.66,1.0000,0.2524,0.042535,4.400
724131,520,445,965,137,92,241,292.74,0.8703,0.5360,0.193235,19,16,23,304.43,0.1954,0.0820,0.005709,4.366
724144,520,325,845,230,117,131,13.64,0.7007,0.6462,0.311866,7,58,52,183.06,0.8875,0.2143,0.033191,4.350
724156,520,278,798,247,93,252,326.51,0.9883,0.6924,0.346337,83,48,32,44.96,0.4884,0.2513,0.040574,4.376
724158,520,433,953,219,45,174,341.21,0.8890,0.5549,0.199952,15,13,60,277.03,0.8326,0.0996,0.007156,4.373
724174,520,237,757,255,112,252,328.39,1.0000,0.7280,0.398793,101,51,20,49.52,0.7266,0.2860,0.051853,4.406
724178,520,430,950,229,5,157,348.24,0.9917,0.5485,0.192037,20,18,46,283.65,0.5570,0.1012,0.007786,4.189
724180,520,326,846,240,105,158,357.98,0.8048,0.6516,0.310997,2,52,83,243.11,0.9352,0.2116,0.030933,4.460
724184,520,389,909,210,81,192,333.56,0.7834,0.5852,0.233941,22,27,77,273.57,0.7443,0.1492,0.014902,4.375
724188,520,433,953,230,14,157,348.58,0.9779,0.5525,0.195742,14,21,47,269.94,0.5730,0.1038,0.008349,4.212
724194,520,391,911,254,48,88,17.25,0.9928,0.5938,0.238930,5,42,0,140.54,1.0000,0.1457,0.016881,4.320
724195,520,402,922,245,45,102,11.52,0.9381,0.5769,0.222519,36,20,51,306.03,0.5518,0.1269,0.011144,4.457
724203,520,419,939,238,46,82,17.42,0.9341,0.5589,0.207435,44,2,45,327.22,0.8616,0.1077,0.007684,4.463
724205,520,338,858,222,92,223,327.35,0.8613,0.6358,0.285135,56,42,30,61.94,0.2989,0.1958,0.025905,4.415
724208,520,408,928,221,53,178,340.65,0.8735,0.5669,0.211351,1,38,7,146.20,0.9935,0.1312,0.014080,4.079
724213,520,179,699,250,170,201,354.64,0.8425,0.7950,0.532925,36,88,82,185.15,0.6067,0.3341,0.079634,4.497
724237,520,479,999,155,83,192,312.71,0.6870,0.5060,0.169614,0,0,8,264.05,1.0000,0.0143,0.000175,4.377
724248,520,464,984,225,28,62,20.52,0.9644,0.5172,0.171887,2,5,34,267.97,0.9105,0.0509,0.002369,4.237
724257,520,459,979,182,2,249,311.68,0.9986,0.5275,0.168291,28,4,4,23.98,0.7400,0.0634,0.003425,4.086
724258,520,367,887,236,29,236,328.28,0.9845,0.6142,0.247703,43,30,65,299.18,0.5083,0.1664,0.018238,4.363
724261,520,424,944,225,53,146,352.79,0.8589,0.5590,0.206317,43,14,14,22.10,0.5796,0.1087,0.008595,4.374
724269,520,478,998,210,18,139,350.12,0.9452,0.5058,0.160006,7,0,5,336.40,1.0000,0.0242,0.000561,4.153
724292,520,458,978,210,7,182,336.03,0.9856,0.5260,0.172331,13,1,38,292.29,0.9414,0.0555,0.002472,4.237
724315,520,413,933,238,35,131,359.63,0.9399,0.5658,0.210210,23,7,82,280.13,0.9457,0.1227,0.009433,4.378
724332,520,333,853,251,45,225,334.38,0.9818,0.6410,0.278253,8,27,125,265.75,0.9654,0.1974,0.023160,4.487
724353,520,338,858,233,74,230,328.71,0.9253,0.6365,0.279367,32,52,34,146.92,0.4454,0.2005,0.028785,4.181
724355,520,397,917,201,62,234,319.05,0.9117,0.5767,0.218048,62,6,24,7.61,0.8212,0.1379,0.012205,4.309
724363,520,291,811,241,97,232,330.20,0.9344,0.6764,0.330788,29,47,116,268.11,0.7909,0.2370,0.035550,4.451
724369,520,409,929,225,57,154,350.14,0.8501,0.5660,0.212695,45,19,28,359.18,0.4586,0.1256,0.011075,4.301
724373,520,423,943,230,30,167,345.73,0.9464,0.5631,0.205443,47,8,12,18.70,0.7508,0.1065,0.008046,4.401
724386,520,362,882,236,79,156,353.93,0.8316,0.6094,0.258279,37,27,91,283.89,0.7534,0.1761,0.019325,4.447
724389,520,405,925,217,24,242,322.32,0.9850,0.5842,0.218178,29,6,83,285.26,0.9398,0.1286,0.010160,4.458
724393,520,459,979,229,37,63,21.40,0.9514,0.5309,0.183430,5,13,15,213.25,0.3407,0.0598,0.003546,4.359
724406,520,416,936,176,76,248,307.24,0.9442,0.5663,0.211770,36,25,23,30.30,0.2066,0.1236,0.011322,4.269
724411,520,461,981,234,30,19,29.41,0.9818,0.5328,0.184712,11,6,18,303.41,0.4429,0.0506,0.002451,4.475
724413,520,339,859,219,84,245,320.78,0.9457,0.6352,0.279951,40,18,125,280.15,0.9369,0.2045,0.023643,4.480
724418,520,435,955,212,83,78,25.37,0.7621,0.5489,0.207359,11,25,2,133.49,0.9313,0.0934,0.007708,4.460
724419,520,301,821,151,147,253,283.54,0.9416,0.6653,0.345381,26,65,1,136.72,0.9961,0.2345,0.040023,4.392
724421,520,469,989,173,64,207,316.99,0.8187,0.5160,0.170570,1,5,11,245.50,0.6251,0.0352,0.001392,4.292
724423,520,424,944,221,60,151,350.52,0.8273,0.5601,0.208407,38,1,61,307.49,0.9625,0.1099,0.007707,4.478
724427,520,372,892,234,55,216,332.74,0.9387,0.6128,0.251852,70,17,33,6.00,0.6998,0.1703,0.018130,4.431
724435,520,388,908,251,18,151,354.90,0.9846,0.5923,0.231797,57,20,44,343.19,0.5804,0.1550,0.015521,4.301
724436,520,369,889,228,88,169,347.82,0.7794,0.6124,0.263404,46,35,45,329.21,0.2115,0.1701,0.019724,4.495
724437,520,438,958,191,33,252,313.07,0.9856,0.5542,0.191936,35,12,22,354.31,0.4982,0.0945,0.006782,4.261
724449,520,366,886,216,63,251,319.26,0.9798,0.6132,0.251208,38,20,99,284.67,0.8545,0.1740,0.018132,4.421
724456,520,310,830,245,70,238,329.73,0.9614,0.6570,0.299686,7,59,57,190.93,0.8782,0.2198,0.034683,4.129
724460,520,373,893,232,40,211,333.54,0.9564,0.5963,0.233791,19,41,49,223.72,0.4480,0.1634,0.019460,4.086
724466,520,375,895,225,18,253,321.92,0.9931,0.6041,0.235342,74,4,9,24.33,0.9563,0.1590,0.015627,4.348
724474,520,434,954,200,71,174,336.65,0.7618,0.5466,0.198436,7,8,75,269.33,0.9696,0.1039,0.007268,4.338
724497,520,413,933,243,11,130,359.97,0.9880,0.5666,0.209091,43,3,65,309.27,0.9097,0.1241,0.009604,4.347
724504,520,355,875,237,13,245,326.53,0.9956,0.6174,0.248875,75,4,53,344.90,0.8558,0.1763,0.018400,4.370
724508,520,296,816,250,87,236,331.47,0.9775,0.6809,0.331993,39,46,115,273.94,0.7213,0.2405,0.036230,4.430
724515,520,458,978,208,4,202,329.93,0.9940,0.5346,0.177630,11,13,13,196.82,0.0571,0.0638,0.003881,4.225
724517,520,390,910,255,4,145,357.26,1.0000,0.5950,0.233948,6,22,97,265.85,0.9540,0.1526,0.014755,4.385
724518,520,461,981,227,27,100,8.17,0.9493,0.5295,0.180377,5,6,29,275.28,0.7245,0.0519,0.002512,4.387
724526,520,338,858,240,68,230,330.54,0.9425,0.6422,0.283753,3,29,129,264.41,0.9683,0.2043,0.024829,4.460
724529,520,30,550,251,241,240,24.32,0.5228,0.9600,0.897114,3,130,29,144.43,0.9985,0.4523,0.160726,4.495
724530,520,432,952,167,85,226,308.16,0.8116,0.5494,0.202041,42,8,23,356.44,0.6674,0.1005,0.007278,4.400
724581,520,442,962,234,46,25,30.53,0.9716,0.5434,0.195197,38,3,12,8.33,0.7997,0.0814,0.005038,4.455
724585,520,335,855,227,85,231,326.67,0.9012,0.6396,0.285995,58,33,77,308.55,0.5638,0.2009,0.025231,4.466
724590,520,459,979,183,89,142,347.10,0.5804,0.5293,0.191664,1,15,15,194.95,0.8356,0.0615,0.003826,4.490
724597,520,470,990,136,89,227,295.18,0.8019,0.5184,0.179251,8,6,9,315.46,0.1675,0.0442,0.002016,4.407
724631,520,396,916,158,105,233,300.22,0.7893,0.5758,0.232557,57,14,41,345.48,0.6712,0.1445,0.013442,4.454
724633,520,438,958,216,67,126,0.34,0.7828,0.5484,0.201219,46,0,12,10.32,1.0000,0.0924,0.006075,4.480
724652,520,471,991,223,34,88,12.41,0.9314,0.5218,0.175394,13,4,11,334.27,0.4505,0.0450,0.001966,4.337
724654,520,367,887,242,74,142,359.98,0.8736,0.6092,0.257308,7,44,57,226.15,0.7784,0.1717,0.021418,4.303
724671,520,285,805,250,92,244,329.34,0.9803,0.6911,0.345126,9,65,84,226.74,0.8498,0.2536,0.044785,4.169
724690,520,403,923,195,81,218,320.55,0.8211,0.5778,0.225502,56,14,6,33.39,0.8214,0.1314,0.011681,4.467
724698,520,408,928,249,2,102,9.76,0.9984,0.5684,0.211461,44,7,64,310.11,0.8301,0.1296,0.010576,4.316
724700,520,423,943,206,65,195,331.25,0.8315,0.5618,0.208444,27,26,10,105.40,0.4679,0.1119,0.009937,4.312
724702,520,365,885,230,79,178,344.16,0.8240,0.6087,0.256318,2,44,56,222.15,0.9253,0.1693,0.020997,4.315
724709,520,454,974,233,13,74,16.79,0.9871,0.5307,0.181090,12,6,49,280.47,0.8698,0.0747,0.004301,4.256
724711,520,417,937,246,16,120,3.91,0.9840,0.5705,0.213229,11,30,42,238.53,0.5271,0.1225,0.011668,4.268
724724,520,447,967,175,78,213,315.13,0.7904,0.5411,0.193678,38,1,7,14.55,0.9272,0.0766,0.004492,4.472
724726,520,457,977,194,17,225,320.28,0.9806,0.5302,0.173080,13,6,28,295.70,0.6306,0.0582,0.002997,4.209
724727,520,385,905,157,108,240,297.92,0.8244,0.5851,0.241847,36,34,35,345.50,0.0347,0.1512,0.016405,4.395
724755,520,359,879,251,79,82,23.87,0.9682,0.6157,0.267138,9,51,23,150.38,0.9371,0.1820,0.024875,4.236
724759,520,471,991,154,88,200,309.23,0.6913,0.5184,0.180201,4,2,28,279.04,0.8939,0.0408,0.001531,4.467
724784,520,344,864,223,82,226,326.95,0.8892,0.6268,0.272156,58,23,87,305.64,0.7392,0.1916,0.022005,4.474
724788,520,370,890,238,17,228,330.67,0.9917,0.6085,0.241822,45,37,47,319.46,0.1850,0.1748,0.020863,4.118
724790,520,418,938,165,87,238,304.48,0.8624,0.5588,0.209893,8,15,76,268.68,0.9396,0.1161,0.009150,4.394
724798,520,436,956,211,43,195,332.63,0.9059,0.5513,0.195188,10,22,26,221.10,0.3510,0.0911,0.007129,4.292
724804,520,442,962,199,81,131,356.51,0.6687,0.5384,0.196675,0,24,1,143.72,1.0000,0.0831,0.006554,4.362
724806,520,410,930,237,36,157,350.69,0.9393,0.5748,0.217036,5,26,65,260.90,0.8645,0.1260,0.011526,4.340
724823,520,366,886,213,71,246,319.31,0.9530,0.6126,0.253081,36,42,30,129.44,0.2426,0.1721,0.021247,4.254
724844,520,365,885,245,84,45,34.61,0.9438,0.6058,0.259459,27,35,78,272.26,0.6236,0.1724,0.019851,4.430
724848,520,468,988,193,30,208,324.10,0.9404,0.5209,0.168216,5,1,26,285.33,0.9173,0.0377,0.001286,4.255
724854,520,418,938,244,22,98,11.01,0.9774,0.5619,0.206922,46,18,22,12.50,0.4958,0.1233,0.010715,4.232
724858,520,409,929,221,12,212,330.59,0.9889,0.5664,0.203909,15,33,31,186.55,0.4071,0.1283,0.012882,4.038
724867,520,472,992,225,32,47,24.81,0.9652,0.5172,0.172487,3,0,21,283.98,1.0000,0.0286,0.000735,4.385
724884,520,333,853,252,99,91,26.17,0.9688,0.6449,0.303778,34,53,9,130.12,0.8834,0.2005,0.029060,4.475
724889,520,474,994,164,41,250,305.22,0.9744,0.5171,0.163812,3,1,25,278.79,0.9384,0.0347,0.001112,4.183
724893,520,431,951,229,50,92,13.58,0.8973,0.5463,0.197148,18,21,36,274.68,0.3481,0.0996,0.007923,4.267
724907,520,441,961,195,94,72,33.64,0.6706,0.5361,0.200771,32,14,0,62.96,1.0000,0.0875,0.006212,4.461
724909,520,421,941,245,11,98,10.71,0.9904,0.5609,0.205371,38,17,34,334.44,0.4642,0.1135,0.009285,4.308
724916,520,367,887,247,30,197,340.72,0.9762,0.6106,0.247371,19,22,105,270.93,0.9374,0.1686,0.017321,4.417
724920,520,300,820,233,117,179,348.60,0.7487,0.6674,0.333032,20,62,32,150.07,0.8617,0.2257,0.036981,4.404
724929,520,425,945,196,27,255,313.95,1.0000,0.5617,0.197410,9,31,3,138.59,0.9570,0.1112,0.010446,4.093
724931,520,257,777,201,169,92,87.26,0.6207,0.7060,0.415671,26,76,22,142.10,0.9431,0.2740,0.054462,4.458
724932,520,361,881,245,38,214,335.80,0.9721,0.6202,0.256567,81,10,7,28.55,0.9329,0.1803,0.019821,4.391
724974,520,374,894,253,68,2,35.22,0.9985,0.6004,0.250249,7,34,80,260.37,0.8695,0.1607,0.017683,4.436
724978,520,477,997,173,26,242,310.17,0.9732,0.5143,0.160347,2,1,12,284.08,0.7969,0.0246,0.000612,4.156
724980,520,390,910,247,44,129,2.53,0.9372,0.5881,0.231639,59,19,7,37.39,0.7807,0.1454,0.014110,4.393
724989,520,472,992,181,65,190,324.81,0.7830,0.5179,0.173233,11,0,10,330.70,1.0000,0.0316,0.000931,4.383
725002,520,368,888,244,74,131,4.58,0.8890,0.6091,0.257725,47,29,70,301.98,0.5665,0.1730,0.019253,4.443
725026,520,395,915,238,40,186,341.99,0.9463,0.5930,0.232428,34,17,78,289.08,0.7967,0.1426,0.012910,4.489
725031,520,422,942,234,18,151,351.46,0.9729,0.5587,0.201624,13,22,50,267.88,0.6148,0.1079,0.008896,4.272
725040,520,279,799,226,118,239,323.20,0.8972,0.6881,0.353593,61,61,0,109.77,1.0000,0.2508,0.043296,4.326
725042,520,462,982,218,47,124,359.14,0.8574,0.5320,0.183962,12,2,36,291.26,0.8852,0.0549,0.002490,4.457
725053,520,480,1000,185,83,98,13.12,0.6095,0.5067,0.173842,0,0,0,0.00,0.0000,0.0000,0.000000,4.477
725059,520,428,948,182,70,232,313.25,0.8768,0.5550,0.201526,12,16,55,272.98,0.7756,0.0982,0.007245,4.394
725074,520,453,973,193,66,183,331.13,0.7823,0.5342,0.186543,15,16,6,112.99,0.4022,0.0725,0.004853,4.312
725081,520,347,867,255,70,131,5.76,1.0000,0.6253,0.272825,9,51,52,197.36,0.7850,0.1920,0.026735,4.207
725082,520,242,762,243,156,48,66.37,0.9167,0.7256,0.430475,11,78,42,153.81,0.9611,0.2796,0.056868,4.496
725086,520,450,970,181,69,220,315.97,0.8439,0.5434,0.192484,26,6,25,329.39,0.6160,0.0720,0.004201,4.474
725093,520,378,898,244,18,191,341.59,0.9861,0.5976,0.234304,39,10,99,287.32,0.9252,0.1631,0.015492,4.341
725103,520,434,954,152,85,247,298.25,0.9228,0.5470,0.198880,10,10,64,272.69,0.9231,0.0956,0.006517,4.404
725108,520,478,998,154,57,237,303.67,0.9098,0.5053,0.159112,4,0,13,300.75,1.0000,0.0244,0.000549,4.137
725128,520,296,816,255,106,177,353.32,1.0000,0.6843,0.347455,25,62,60,190.60,0.5590,0.2374,0.039780,4.427
725129,520,447,967,183,61,227,315.30,0.8840,0.5429,0.189519,31,11,11,21.08,0.4815,0.0829,0.005549,4.312
725151,520,445,965,224,52,108,7.11,0.8647,0.5425,0.193887,2,8,56,266.07,0.9580,0.0782,0.004721,4.457
725153,520,466,986,219,22,137,353.03,0.9445,0.5243,0.174426,12,6,14,318.18,0.3537,0.0498,0.002401,4.283
725175,520,444,964,238,36,11,30.62,0.9905,0.5443,0.194663,5,16,38,261.33,0.6848,0.0796,0.005428,4.414
725181,520,284,804,236,122,206,338.13,0.8261,0.6917,0.362104,24,68,25,143.81,0.9152,0.2464,0.043985,4.385
725200,520,472,992,188,67,165,336.07,0.7394,0.5167,0.174238,10,2,0,51.16,1.0000,0.0320,0.001080,4.390
725216,520,404,924,246,35,113,7.14,0.9554,0.5759,0.219906,17,25,67,270.87,0.7244,0.1319,0.012196,4.340
725232,520,447,967,217,67,85,18.05,0.8200,0.5384,0.194244,31,8,10,16.59,0.5678,0.0774,0.004869,4.451
725238,520,448,968,213,15,194,333.39,0.9763,0.5409,0.183850,2,19,37,249.43,0.7923,0.0842,0.006122,4.167
725255,520,453,973,216,48,121,0.01,0.8491,0.5279,0.180957,20,13,11,36.52,0.1997,0.0721,0.004607,4.229
725258,520,460,980,168,42,254,305.61,0.9944,0.5272,0.171372,8,13,21,259.11,0.3078,0.0647,0.003936,4.104
725259,520,478,998,217,40,50,24.69,0.9413,0.5061,0.165022,5,0,0,29.23,1.0000,0.0182,0.000323,4.273
725264,520,342,862,189,111,244,309.16,0.8724,0.6311,0.287201,12,54,26,150.77,0.9166,0.1940,0.027910,4.328
725265,520,457,977,183,8,247,312.32,0.9943,0.5285,0.169575,22,5,5,21.96,0.5660,0.0566,0.002901,4.151
725275,520,470,990,211,49,127,356.62,0.8312,0.5213,0.175801,11,1,26,300.80,0.8803,0.0437,0.001674,4.370
725307,520,392,912,221,63,205,332.48,0.8859,0.5909,0.233371,73,0,13,19.53,1.0000,0.1532,0.014458,4.396
725309,520,386,906,254,26,131,2.03,0.9917,0.5935,0.234520,67,6,17,17.32,0.8802,0.1469,0.013642,4.471
725328,520,444,964,203,47,199,329.25,0.8884,0.5428,0.188549,30,11,8,30.55,0.5015,0.0806,0.005329,4.311
725330,520,392,912,243,75,4,37.21,0.9959,0.5888,0.240989,43,29,37,343.88,0.2466,0.1479,0.015259,4.459
725335,520,385,905,251,9,145,356.60,0.9927,0.5879,0.227525,45,33,14,77.52,0.5153,0.1537,0.016774,4.156
725357,520,462,982,147,85,233,299.01,0.8387,0.5295,0.185835,10,7,19,295.13,0.4147,0.0524,0.002635,4.481
725368,520,440,960,245,10,22,28.00,0.9958,0.5494,0.196910,0,18,50,257.72,1.0000,0.0905,0.006629,4.360
725381,520,439,959,223,58,123,1.75,0.8354,0.5510,0.201467,39,4,29,341.27,0.7572,0.0917,0.006069,4.485
725399,520,475,995,216,51,81,16.29,0.8730,0.5188,0.175632,7,3,0,75.86,1.0000,0.0317,0.001103,4.415
725405,520,438,958,192,16,255,313.05,1.0000,0.5516,0.187983,13,16,42,275.21,0.5928,0.0880,0.006233,4.232
725411,520,370,890,232,89,148,357.76,0.7831,0.6120,0.264413,13,47,2,138.93,0.9884,0.1665,0.021229,4.414
725415,520,466,986,218,39,90,11.50,0.9051,0.5153,0.170972,11,4,25,297.29,0.6816,0.0501,0.002282,4.227
725416,520,362,882,249,72,99,16.73,0.9462,0.6076,0.256787,54,2,106,297.09,0.9808,0.1835,0.018683,4.467
725421,520,452,972,220,26,147,349.90,0.9350,0.5324,0.180636,23,11,0,72.13,1.0000,0.0686,0.004215,4.254
725422,520,297,817,251,75,249,328.46,0.9862,0.6781,0.323838,39,62,43,149.06,0.4257,0.2400,0.040509,4.130
725430,520,420,940,240,54,10,32.96,0.9908,0.5615,0.211888,37,20,0,70.86,1.0000,0.1080,0.008937,4.444
725434,520,315,835,220,106,232,323.73,0.8672,0.6575,0.313516,9,53,93,250.86,0.8258,0.2240,0.033944,4.330
725440,520,452,972,226,32,92,11.23,0.9391,0.5278,0.179773,12,5,46,282.41,0.8667,0.0700,0.003839,4.268
725441,520,366,886,225,49,248,322.63,0.9726,0.6146,0.249836,40,39,37,84.58,0.0378,0.1701,0.020357,4.262
725451,520,466,986,138,74,252,293.79,0.9749,0.5194,0.173291,25,0,4,11.39,1.0000,0.0497,0.002155,4.281
725452,520,386,906,251,34,121,5.19,0.9688,0.5878,0.230373,16,41,30,163.12,0.5800,0.1536,0.017897,4.129
725462,520,404,924,221,11,234,325.23,0.9936,0.5815,0.215542,61,0,24,4.24,1.0000,0.1287,0.010582,4.383
725467,520,442,962,165,84,213,310.77,0.7613,0.5357,0.191448,22,13,23,323.15,0.3198,0.0788,0.005203,4.374
725470,520,423,943,207,11,238,320.78,0.9926,0.5607,0.196796,6,27,43,244.09,0.6661,0.1120,0.009970,4.115
725471,520,449,969,228,48,56,24.70,0.9345,0.5357,0.188963,35,0,16,355.44,1.0000,0.0717,0.003948,4.430
725489,520,444,964,235,15,77,16.18,0.9851,0.5361,0.185428,13,21,5,130.01,0.6430,0.0838,0.006328,4.180
725494,520,439,959,245,17,58,22.18,0.9896,0.5546,0.201224,31,13,17,6.27,0.4039,0.0884,0.006197,4.470
725499,520,437,957,246,3,24,27.56,0.9987,0.5502,0.197275,9,1,68,273.03,0.9938,0.0857,0.004971,4.498
725512,520,292,812,212,124,232,319.99,0.8106,0.6752,0.342399,17,63,56,181.12,0.7442,0.2355,0.039595,4.380
725513,520,467,987,224,22,88,11.63,0.9626,0.5178,0.171285,10,4,13,315.96,0.4561,0.0427,0.001804,4.272
725541,520,429,949,201,2,237,319.50,0.9985,0.5480,0.185770,22,15,52,287.19,0.6756,0.1019,0.007601,4.093
725547,520,448,968,217,15,176,339.62,0.9716,0.5375,0.182303,17,3,59,283.66,0.9448,0.0844,0.005000,4.224
725556,520,432,952,199,40,221,322.30,0.9362,0.5464,0.188818,19,24,26,223.92,0.1197,0.1033,0.008663,4.071
725565,520,394,914,235,25,195,338.51,0.9737,0.5853,0.223004,54,14,50,331.91,0.6846,0.1441,0.013287,4.314
725571,520,374,894,230,9,244,325.13,0.9965,0.6039,0.235524,27,16,101,277.09,0.9296,0.1605,0.015431,4.364
725572,520,445,965,212,54,157,345.61,0.8273,0.5408,0.190719,27,3,40,311.31,0.8247,0.0780,0.004514,4.416
725584,520,406,926,172,92,249,304.13,0.9332,0.5835,0.232650,1,38,13,150.32,0.9904,0.1322,0.014217,4.402
725588,520,453,973,232,36,24,29.44,0.9738,0.5322,0.184866,23,10,12,9.93,0.3430,0.0700,0.004258,4.329
725602,520,460,980,190,31,232,317.27,0.9615,0.5349,0.177547,17,1,34,303.07,0.9126,0.0564,0.002564,4.329
725610,520,409,929,224,64,163,347.09,0.8323,0.5749,0.221609,54,14,28,1.85,0.6443,0.1331,0.011823,4.393
725626,520,113,633,230,215,199,69.26,0.3022,0.8684,0.695479,1,111,46,149.21,0.9989,0.3906,0.115721,4.498
725631,520,351,871,211,88,245,318.23,0.9361,0.6282,0.274224,30,48,50,204.70,0.2822,0.1925,0.026201,4.255
725639,520,478,998,147,88,194,307.72,0.6650,0.5052,0.170780,6,0,0,29.23,1.0000,0.0198,0.000387,4.382
725648,520,466,986,187,79,148,343.92,0.6561,0.5227,0.182963,10,8,18,293.09,0.3427,0.0541,0.002819,4.411
725653,520,459,979,220,23,136,353.64,0.9428,0.5262,0.176086,24,3,8,4.95,0.6811,0.0562,0.002769,4.284
725659,520,452,972,143,87,237,296.46,0.8552,0.5312,0.187706,31,3,13,0.21,0.7422,0.0691,0.003855,4.414
725673,520,352,872,168,131,213,304.05,0.5856,0.6245,0.293618,2,53,28,155.78,0.9844,0.1877,0.026428,4.496
725686,520,398,918,228,66,149,353.45,0.8290,0.5780,0.225630,25,22,78,278.57,0.7847,0.1423,0.013305,4.354
725717,520,418,938,231,3,164,346.48,0.9955,0.5555,0.197372,16,32,8,136.32,0.7868,0.1194,0.011607,4.015
725721,520,363,883,254,44,145,358.40,0.9904,0.6074,0.249201,72,14,25,14.47,0.7721,0.1682,0.017622,4.425
725733,520,465,985,193,83,113,5.52,0.6339,0.5249,0.187179,11,10,3,103.18,0.4607,0.0541,0.002948,4.479
725735,520,448,968,215,64,103,9.63,0.8006,0.5358,0.190955,6,14,44,267.56,0.7706,0.0805,0.005346,4.354
725736,520,469,989,222,17,124,358.14,0.9627,0.5233,0.173884,1,3,28,267.05,0.9368,0.0402,0.001554,4.343
725743,520,373,893,240,36,194,340.06,0.9605,0.5988,0.236850,57,27,10,48.24,0.6673,0.1575,0.016758,4.297
725744,520,282,802,248,93,252,326.77,0.9885,0.6939,0.348160,35,63,74,225.20,0.4051,0.2529,0.044066,4.233
725759,520,461,981,207,59,146,348.86,0.7915,0.5314,0.184707,8,8,21,282.21,0.4314,0.0539,0.002794,4.446
725764,520,418,938,208,27,234,321.81,0.9756,0.5643,0.201361,36,24,13,63.14,0.4005,0.1184,0.010574,4.150
725767,520,428,948,168,74,253,303.76,0.9821,0.5573,0.203148,22,3,72,283.52,0.9627,0.1043,0.007036,4.438
725772,520,441,961,189,102,16,56.69,0.9171,0.5351,0.203605,15,20,22,224.00,0.1355,0.0877,0.006598,4.481
725789,520,401,921,176,90,237,308.36,0.8566,0.5767,0.226576,52,6,60,321.15,0.8193,0.1383,0.011867,4.471
725793,520,391,911,186,92,235,312.21,0.8510,0.5916,0.240925,31,33,48,278.27,0.2635,0.1495,0.015924,4.413
725811,520,447,967,213,64,128,358.39,0.7843,0.5403,0.193737,0,21,31,229.29,1.0000,0.0845,0.006352,4.325
725813,520,328,848,247,48,251,327.28,0.9878,0.6523,0.288559,38,52,57,221.78,0.2064,0.2140,0.031634,4.147
725823,520,421,941,205,37,233,321.09,0.9589,0.5634,0.201872,20,28,3,124.45,0.8411,0.1094,0.009858,4.208
725830,520,409,929,250,18,93,13.13,0.9863,0.5719,0.215505,61,1,17,12.49,0.9633,0.1278,0.010545,4.385
725832,520,280,800,241,101,242,327.37,0.9460,0.6872,0.344213,11,70,48,162.80,0.9227,0.2541,0.046647,4.079
725844,520,444,964,211,80,3,42.15,0.9916,0.5351,0.195951,24,2,50,298.63,0.9192,0.0810,0.004679,4.498
725846,520,370,890,234,42,225,330.41,0.9651,0.6097,0.245872,58,4,82,311.56,0.9185,0.1659,0.015957,4.486
725867,520,51,571,238,234,252,296.11,0.7255,0.9365,0.840511,60,122,43,139.49,0.9036,0.4439,0.150537,4.441
725882,520,357,877,247,9,217,335.38,0.9960,0.6161,0.249824,60,10,85,310.71,0.8511,0.1775,0.018337,4.387
725888,520,307,827,245,82,245,327.89,0.9651,0.6729,0.320422,45,56,48,153.60,0.1804,0.2282,0.035996,4.307
725912,520,453,973,222,26,123,358.87,0.9374,0.5264,0.177011,29,1,21,340.48,0.8299,0.0651,0.003371,4.253
725919,520,410,930,237,3,161,348.72,0.9962,0.5658,0.206459,58,10,15,19.45,0.7871,0.1318,0.011513,4.169
725928,520,364,884,234,47,216,332.72,0.9514,0.6072,0.244859,73,14,34,4.87,0.7503,0.1731,0.018463,4.307
725938,520,478,998,200,69,69,24.03,0.7862,0.5055,0.169673,4,0,6,318.71,1.0000,0.0204,0.000390,4.359
725942,520,397,917,218,73,171,343.15,0.7953,0.5779,0.226130,19,19,85,273.75,0.8952,0.1398,0.012600,4.411
725953,520,402,922,232,28,193,338.39,0.9656,0.5798,0.218393,1,3,100,264.65,0.9965,0.1287,0.009916,4.479
725963,520,431,951,190,20,254,312.65,0.9954,0.5488,0.186044,12,5,76,273.10,0.9742,0.1039,0.007085,4.135
725975,520,466,986,194,84,82,23.51,0.6715,0.5196,0.184209,18,5,10,354.10,0.4584,0.0528,0.002591,4.453
725977,520,371,891,177,117,214,311.39,0.6590,0.6080,0.269254,3,43,66,239.90,0.8780,0.1729,0.021403,4.471
725979,520,360,880,240,60,199,339.06,0.9220,0.6175,0.258833,36,21,104,281.67,0.8746,0.1791,0.019108,4.469
725980,520,381,901,195,89,235,315.55,0.8673,0.5998,0.247462,50,32,35,8.16,0.2621,0.1641,0.018325,4.354
725981,520,477,997,214,55,20,33.28,0.9647,0.5104,0.170815,2,0,4,311.99,1.0000,0.0155,0.000217,4.397
725999,520,456,976,207,5,204,329.14,0.9926,0.5344,0.177355,24,4,17,342.37,0.6350,0.0615,0.003215,4.272
726006,520,392,912,229,36,219,330.73,0.9655,0.5939,0.230367,11,41,11,143.37,0.9264,0.1465,0.016811,4.196
726007,520,388,908,239,5,194,339.58,0.9959,0.5871,0.223573,2,37,55,236.14,0.8929,0.1471,0.016118,4.138
726020,520,408,928,200,88,169,339.47,0.6827,0.5670,0.221250,34,30,12,97.13,0.4877,0.1312,0.012952,4.309
726021,520,366,886,223,49,242,323.50,0.9609,0.6070,0.242975,41,10,102,287.86,0.9280,0.1690,0.016478,4.407
726027,520,407,927,205,55,228,321.90,0.9193,0.5724,0.213146,26,28,48,278.62,0.3693,0.1317,0.012635,4.201
726028,520,427,947,202,58,215,324.34,0.8855,0.5611,0.204906,38,13,11,26.32,0.5566,0.0977,0.007241,4.453
726045,520,27,547,252,242,248,340.54,0.6990,0.9658,0.909773,32,130,31,142.79,0.9759,0.4572,0.163706,4.491
726047,520,448,968,229,45,75,18.73,0.9254,0.5386,0.190457,30,5,28,330.93,0.6902,0.0778,0.004684,4.397
726059,520,312,832,218,110,233,322.62,0.8608,0.6613,0.319421,30,55,67,230.27,0.4131,0.2220,0.034135,4.391
726078,520,441,961,209,66,144,350.85,0.7703,0.5417,0.194675,28,18,4,76.06,0.6318,0.0915,0.006883,4.301
726083,520,480,1000,212,3,153,345.55,0.9915,0.5126,0.163644,0,0,0,0.00,0.0000,0.0000,0.000000,4.273
726089,520,430,950,216,82,21,40.50,0.9480,0.5479,0.206901,23,15,53,288.15,0.6816,0.1037,0.007808,4.444
726098,520,464,984,229,19,18,28.69,0.9885,0.5173,0.171705,7,8,18,277.98,0.3607,0.0516,0.002625,4.213
726111,520,419,939,238,8,148,353.09,0.9898,0.5629,0.204920,38,0,66,304.32,1.0000,0.1136,0.008055,4.391
726116,520,364,884,249,81,17,37.33,0.9848,0.6077,0.260685,23,46,9,135.74,0.8996,0.1696,0.021558,4.342
726127,520,291,811,243,131,38,54.10,0.9377,0.6761,0.354300,19,66,38,153.77,0.8659,0.2403,0.041747,4.407
726131,520,421,941,244,34,5,30.72,0.9961,0.5555,0.203916,16,25,36,253.87,0.3290,0.1084,0.009328,4.280
726137,520,374,894,253,36,151,355.87,0.9827,0.6032,0.243823,47,29,47,326.69,0.3628,0.1583,0.016884,4.393
726150,520,448,968,196,19,234,318.69,0.9823,0.5413,0.181435,35,3,19,352.72,0.7631,0.0783,0.004695,4.231
726151,520,433,953,208,89,79,27.28,0.7227,0.5512,0.211213,9,28,2,136.92,0.9609,0.1014,0.008929,4.433
726154,520,416,936,245,25,125,2.42,0.9701,0.5730,0.215918,6,34,16,152.38,0.8871,0.1219,0.012201,4.275
726162,520,412,932,232,48,138,356.85,0.8918,0.5651,0.211075,15,0,91,272.90,1.0000,0.1195,0.008568,4.458
726166,520,332,852,252,25,240,330.99,0.9921,0.6433,0.276851,55,16,112,293.85,0.8868,0.2037,0.023527,4.445
726174,520,449,969,222,26,154,348.00,0.9402,0.5396,0.186040,28,7,17,352.06,0.5476,0.0732,0.004393,4.340
726177,520,404,924,251,12,112,7.15,0.9906,0.5773,0.219457,61,6,4,28.74,0.9300,0.1313,0.011313,4.395
726201,520,420,940,245,17,68,19.71,0.9883,0.5561,0.202342,43,2,53,318.77,0.8950,0.1122,0.008141,4.340
726216,520,450,970,189,32,234,316.50,0.9611,0.5355,0.177937,28,2,26,331.10,0.7882,0.0681,0.003649,4.249
726232,520,470,990,223,46,33,29.43,0.9503,0.5213,0.177546,17,1,1,25.89,0.8785,0.0386,0.001431,4.424
726241,520,350,870,219,79,240,322.19,0.9279,0.6262,0.269452,9,45,76,248.98,0.7750,0.1881,0.024565,4.284
726244,520,419,939,132,102,252,287.67,0.9579,0.5573,0.214363,33,20,38,316.27,0.3995,0.1148,0.009636,4.433
726253,520,471,991,158,80,215,307.93,0.7788,0.5218,0.179133,16,2,5,3.70,0.6475,0.0414,0.001646,4.437
726255,520,374,894,249,71,20,34.85,0.9824,0.5963,0.247002,14,24,98,268.65,0.9298,0.1609,0.016284,4.481
726260,520,380,900,228,61,200,335.79,0.8971,0.5981,0.240040,27,8,106,277.06,0.9710,0.1581,0.014472,4.499
726269,520,342,862,224,96,189,339.47,0.7705,0.6261,0.278893,30,51,8,132.10,0.9050,0.1908,0.026611,4.293
726274,520,440,960,172,65,248,306.77,0.9527,0.5481,0.193293,5,17,44,262.74,0.7550,0.0864,0.006150,4.333
726278,520,355,875,228,65,237,325.73,0.9401,0.6243,0.263912,53,22,85,302.47,0.7444,0.1812,0.019866,4.493
726293,520,398,918,244,24,155,352.41,0.9719,0.5821,0.222562,45,19,55,315.69,0.6133,0.1404,0.012995,4.327
726328,520,373,893,236,88,51,35.05,0.9034,0.5952,0.250543,61,20,46,344.29,0.6081,0.1631,0.016898,4.493
726329,520,478,998,205,60,80,17.31,0.8122,0.5062,0.167922,0,1,9,261.82,1.0000,0.0198,0.000414,4.323
726348,520,374,894,239,43,195,339.65,0.9480,0.6014,0.240215,57,29,22,34.93,0.4681,0.1641,0.018066,4.264
726355,520,403,923,245,58,17,32.91,0.9852,0.5754,0.224825,7,35,35,195.13,0.6885,0.1321,0.013685,4.315
726367,520,455,975,228,39,46,25.92,0.9571,0.5277,0.181452,17,2,30,306.73,0.8221,0.0555,0.002563,4.403
726371,520,428,948,188,78,214,319.46,0.8081,0.5608,0.209964,27,16,44,299.68,0.5578,0.1030,0.007854,4.493
726386,520,418,938,233,0,175,343.58,1.0000,0.5644,0.204216,27,23,43,292.09,0.3883,0.1174,0.010202,4.223
726388,520,359,879,236,49,221,331.91,0.9546,0.6150,0.252526,49,13,101,293.93,0.8893,0.1806,0.018804,4.397
726405,520,452,972,141,92,230,296.14,0.8067,0.5315,0.190303,19,14,16,352.11,0.1338,0.0747,0.004899,4.377
726407,520,471,991,197,31,189,330.52,0.9172,0.5151,0.165262,8,6,0,99.32,1.0000,0.0410,0.001819,4.154
726411,520,375,895,254,62,8,33.80,0.9955,0.5967,0.245373,8,44,24,154.94,0.8938,0.1581,0.019189,4.269
726413,520,417,937,218,13,221,327.59,0.9893,0.5675,0.204159,42,7,53,316.73,0.7856,0.1171,0.009013,4.307
726454,520,368,888,235,98,58,36.80,0.8748,0.6088,0.267058,48,36,43,342.75,0.1910,0.1743,0.020646,4.488
726457,520,429,949,224,2,171,342.72,0.9966,0.5453,0.188336,20,21,41,280.15,0.4217,0.1045,0.008451,4.078
726459,520,463,983,205,40,178,336.14,0.8831,0.5282,0.177130,19,3,17,332.09,0.6535,0.0524,0.002441,4.331
726464,520,369,889,243,43,203,338.33,0.9581,0.6130,0.250972,64,15,54,337.01,0.7094,0.1660,0.016981,4.493
726468,520,404,924,236,65,126,3.87,0.8569,0.5833,0.231228,24,33,3,124.18,0.8781,0.1279,0.012885,4.472
726474,520,451,971,219,6,183,337.99,0.9901,0.5433,0.186116,7,19,3,136.59,0.8492,0.0735,0.005175,4.279
726492,520,476,996,148,57,249,299.28,0.9638,0.5084,0.160620,1,2,1,144.61,0.3698,0.0208,0.000521,4.169
726504,520,373,893,227,101,81,30.98,0.7923,0.6031,0.262349,16,43,41,188.95,0.5385,0.1642,0.019979,4.463
726512,520,330,850,250,63,212,337.76,0.9706,0.6444,0.286355,75,7,96,315.81,0.8954,0.2106,0.024925,4.489
726518,520,479,999,177,21,231,313.92,0.9746,0.5087,0.156540,0,0,4,264.05,1.0000,0.0106,0.000088,4.124
726521,520,329,849,242,94,191,343.60,0.8819,0.6531,0.306470,30,47,88,265.29,0.5822,0.2132,0.030135,4.448
726540,520,398,918,237,42,167,347.68,0.9292,0.5829,0.224534,48,20,52,322.48,0.5810,0.1447,0.013767,4.305
726562,520,385,905,226,28,225,328.52,0.9773,0.5890,0.224379,33,4,102,282.63,0.9768,0.1545,0.013694,4.308
726569,520,406,926,210,66,212,327.36,0.8711,0.5799,0.223534,13,10,94,270.50,0.9737,0.1343,0.011107,4.476
726571,520,468,988,211,18,159,343.51,0.9518,0.5176,0.167870,15,4,0,57.36,1.0000,0.0434,0.001884,4.199
726582,520,467,987,204,71,68,25.20,0.7962,0.5155,0.177633,8,0,28,293.33,1.0000,0.0398,0.001355,4.433
726596,520,470,990,200,38,179,334.41,0.8834,0.5184,0.169221,0,8,3,158.75,1.0000,0.0391,0.001802,4.232
726601,520,405,925,254,42,23,30.06,0.9962,0.5818,0.227924,34,23,50,301.26,0.4799,0.1298,0.011832,4.495
726613,520,347,867,255,83,76,26.64,1.0000,0.6269,0.279719,5,54,21,149.29,0.9750,0.1906,0.027246,4.268
726634,520,353,873,222,100,159,352.25,0.7031,0.6156,0.271493,37,45,12,121.41,0.7052,0.1783,0.022966,4.406
726640,520,341,861,246,59,210,337.32,0.9501,0.6332,0.273769,74,29,28,23.45,0.5918,0.1956,0.024186,4.364
726679,520,402,922,245,52,87,17.23,0.9376,0.5786,0.225600,29,24,52,289.81,0.4872,0.1278,0.011624,4.472
726694,520,478,998,80,99,251,271.82,0.9779,0.5089,0.175934,0,1,14,263.36,1.0007,0.0229,0.000534,4.471
726695,520,416,936,252,10,40,25.76,0.9959,0.5657,0.210695,19,18,69,276.70,0.8089,0.1207,0.010007,4.344
726716,520,415,935,213,54,213,328.07,0.9070,0.5745,0.215905,45,7,52,320.94,0.7802,0.1212,0.009578,4.463
726717,520,332,852,254,44,213,338.13,0.9944,0.6389,0.276796,30,52,24,139.19,0.6447,0.1965,0.027979,4.191
726744,520,401,921,133,113,248,286.26,0.8965,0.5756,0.235738,13,29,68,264.55,0.7414,0.1399,0.013816,4.478
726750,520,345,865,249,21,228,333.15,0.9917,0.6291,0.262806,65,31,56,337.95,0.4871,0.1944,0.023894,4.233
726759,520,415,935,217,16,220,327.57,0.9858,0.5658,0.202917,44,21,17,30.80,0.4480,0.1245,0.011123,4.138
726772,520,401,921,224,51,202,334.07,0.9153,0.5841,0.224816,36,34,7,105.12,0.7048,0.1439,0.015345,4.206
726778,520,433,953,210,47,192,333.26,0.8882,0.5505,0.195425,15,10,66,276.71,0.9020,0.1012,0.007120,4.297
726785,520,393,913,235,39,194,338.94,0.9494,0.5912,0.230110,50,14,53,324.57,0.6889,0.1392,0.012493,4.482
726788,520,478,998,224,23,25,28.08,0.9828,0.5085,0.165331,2,1,9,287.91,0.7237,0.0230,0.000543,4.260
726789,520,280,800,242,119,202,341.37,0.8655,0.6938,0.363376,41,62,57,178.08,0.2795,0.2463,0.042120,4.487
726797,520,459,979,223,45,88,13.63,0.9004,0.5293,0.182720,26,3,11,359.09,0.6983,0.0602,0.003089,4.384
726807,520,431,951,231,44,92,13.08,0.9177,0.5456,0.195660,19,25,2,121.66,0.8622,0.0995,0.008381,4.208
726846,520,472,992,197,21,203,326.65,0.9607,0.5202,0.167201,13,1,0,37.12,1.0000,0.0327,0.001073,4.253
726848,520,467,987,229,14,33,26.40,0.9909,0.5166,0.170849,16,0,23,316.42,1.0000,0.0449,0.001720,4.270
726860,520,477,997,204,45,137,350.61,0.8298,0.5088,0.165224,3,0,12,296.66,1.0000,0.0224,0.000459,4.265
726869,520,352,872,250,72,138,2.67,0.9413,0.6203,0.267970,23,27,110,271.56,0.9148,0.1855,0.020917,4.484
726875,520,473,993,229,3,79,14.45,0.9964,0.5209,0.172906,1,1,21,270.76,0.9584,0.0292,0.000823,4.386
726880,520,423,943,187,63,239,313.61,0.9155,0.5602,0.203529,11,4,82,271.49,0.9851,0.1098,0.007671,4.396
726917,520,367,887,242,38,206,337.23,0.9658,0.6101,0.247226,14,42,55,231.17,0.6012,0.1672,0.020250,4.231
726943,520,477,997,220,35,80,14.95,0.9298,0.5143,0.169996,1,2,7,266.83,0.5685,0.0241,0.000652,4.343
726961,520,330,850,242,41,244,327.77,0.9803,0.6353,0.269975,69,16,100,308.89,0.8349,0.2116,0.025560,4.235
726970,520,409,929,254,19,10,29.34,0.9967,0.5705,0.215623,10,5,95,269.24,0.9891,0.1283,0.009992,4.428
726984,520,423,943,179,72,247,308.74,0.9424,0.5648,0.209347,46,6,35,340.97,0.7456,0.1106,0.008325,4.447
727021,520,448,968,151,81,248,298.20,0.9360,0.5409,0.192417,18,11,32,297.04,0.5237,0.0754,0.004722,4.430
727024,520,308,828,210,142,161,1.23,0.4546,0.6744,0.356222,0,67,13,145.19,1.0000,0.2337,0.040432,4.492
727060,520,408,928,224,82,67,29.14,0.8397,0.5672,0.222897,25,27,57,278.26,0.5138,0.1345,0.012859,4.341
727064,520,251,771,249,111,248,327.84,0.9739,0.7157,0.382884,4,66,101,241.45,0.9204,0.2666,0.048616,4.390
727080,520,464,984,205,37,173,337.69,0.8877,0.5233,0.173214,4,6,26,272.65,0.6964,0.0489,0.002306,4.267
727095,520,469,989,167,74,212,312.76,0.7948,0.5235,0.178673,6,7,6,145.36,0.0751,0.0437,0.002038,4.394
727096,520,446,966,223,51,103,8.76,0.8686,0.5382,0.190376,19,13,26,304.87,0.3576,0.0769,0.005009,4.370
727114,520,431,951,218,76,47,33.37,0.8823,0.5453,0.202820,17,17,56,277.74,0.7169,0.1047,0.008056,4.355
727124,520,449,969,233,33,65,20.71,0.9616,0.5371,0.187961,24,0,47,302.10,1.0000,0.0747,0.003994,4.407
727125,520,25,545,237,254,201,122.17,0.9660,0.9666,0.931049,24,132,41,144.91,0.9825,0.4630,0.168561,4.489
727127,520,454,974,234,15,19,28.40,0.9921,0.5268,0.178843,18,12,28,300.18,0.4255,0.0749,0.004754,4.179
727132,520,367,887,241,19,226,331.84,0.9908,0.6131,0.246603,52,29,62,314.91,0.5083,0.1742,0.019567,4.264
727137,520,365,885,237,14,239,327.88,0.9946,0.6135,0.245532,18,9,121,270.12,0.9871,0.1735,0.017043,4.408
727147,520,456,976,225,44,89,13.39,0.9069,0.5328,0.185330,1,17,5,151.90,0.9582,0.0639,0.004183,4.343
727156,520,435,955,228,35,141,354.13,0.9210,0.5500,0.196219,45,4,2,29.99,0.9283,0.0944,0.006492,4.358
727165,520,338,858,242,69,225,332.36,0.9409,0.6434,0.285724,70,31,53,346.90,0.5060,0.2012,0.025393,4.453
727166,520,423,943,232,8,158,348.63,0.9882,0.5556,0.198010,15,8,78,274.46,0.9548,0.1126,0.008252,4.258
727170,520,354,874,220,66,248,320.94,0.9670,0.6200,0.258913,32,18,111,278.06,0.9283,0.1797,0.018873,4.485
727192,520,335,855,245,75,189,343.88,0.9200,0.6351,0.281217,83,14,55,349.27,0.7706,0.2027,0.024292,4.458
727195,520,456,976,201,61,159,342.20,0.7812,0.5290,0.182601,12,11,6,99.14,0.2374,0.0581,0.003307,4.363
727201,520,410,930,219,94,7,45.85,0.9822,0.5711,0.230832,21,33,21,144.59,0.3800,0.1291,0.013013,4.457
727211,520,407,927,199,77,198,328.04,0.7864,0.5661,0.215286,35,4,80,292.49,0.9428,0.1297,0.010233,4.404
727223,520,327,847,254,61,211,338.92,0.9937,0.6492,0.291147,23,45,96,264.10,0.7262,0.2104,0.029033,4.317
727228,520,399,919,253,10,109,8.33,0.9929,0.5802,0.222076,54,23,2,52.38,0.8658,0.1428,0.014016,4.250
727229,520,431,951,172,83,225,310.46,0.8157,0.5525,0.203942,28,9,53,298.52,0.7701,0.0997,0.006993,4.456
727235,520,429,949,193,68,200,325.63,0.8104,0.5470,0.196433,39,4,43,323.58,0.7990,0.1004,0.006926,4.329
727244,520,445,965,230,53,32,30.67,0.9552,0.5415,0.194764,29,10,12,14.45,0.4638,0.0784,0.005049,4.446
727259,520,388,908,237,4,198,338.04,0.9968,0.5855,0.221714,21,41,9,135.59,0.8630,0.1518,0.017650,4.016
727268,520,468,988,138,97,203,299.27,0.6622,0.5169,0.182646,21,0,8,354.40,1.0000,0.0446,0.001770,4.494
727275,520,358,878,254,16,200,341.29,0.9941,0.6207,0.256149,78,8,32,7.16,0.8375,0.1771,0.018979,4.438
727285,520,381,901,231,12,237,326.94,0.9946,0.6012,0.233687,63,13,51,339.03,0.7249,0.1599,0.015838,4.309
727297,520,398,918,252,44,67,22.46,0.9839,0.5833,0.229057,55,14,45,338.62,0.6716,0.1429,0.013159,4.418
727319,520,429,949,175,66,250,307.25,0.9645,0.5550,0.199133,27,21,25,338.43,0.1458,0.1034,0.008395,4.266
727344,520,334,854,255,58,198,342.75,1.0000,0.6419,0.283667,40,52,12,124.38,0.7810,0.2028,0.029336,4.206
727374,520,424,944,207,63,194,331.85,0.8376,0.5608,0.207173,29,13,52,298.70,0.6943,0.1062,0.007970,4.436
727379,520,72,592,250,227,166,89.78,0.7982,0.9073,0.780164,24,121,17,142.13,0.9878,0.4246,0.139088,4.390
727380,520,441,961,223,52,111,5.77,0.8599,0.5415,0.192943,39,9,0,43.69,1.0000,0.0903,0.006268,4.318
727398,520,424,944,239,45,74,19.84,0.9429,0.5587,0.207251,5,11,78,267.36,0.9675,0.1107,0.008216,4.419
727406,520,467,987,179,11,248,310.94,0.9922,0.5239,0.166014,12,1,13,325.54,0.7590,0.0370,0.001289,4.212
727408,520,459,979,220,54,76,19.01,0.8817,0.5284,0.183784,2,17,6,152.63,0.8933,0.0650,0.004269,4.308
727411,520,387,907,236,64,143,357.25,0.8594,0.5883,0.234857,13,31,79,265.00,0.8181,0.1549,0.016300,4.297
727432,520,48,568,254,241,130,102.63,0.9834,0.9372,0.855941,42,124,60,147.70,0.9171,0.4449,0.152332,4.477
727434,520,429,949,196,76,176,334.75,0.7371,0.5474,0.200408,28,10,47,302.69,0.7093,0.0961,0.006692,4.417
727442,520,389,909,241,34,173,346.43,0.9554,0.5888,0.228650,20,35,60,260.13,0.5137,0.1535,0.016770,4.173
727444,520,463,983,203,27,196,330.19,0.9431,0.5285,0.174678,20,5,3,33.46,0.5876,0.0532,0.002639,4.268
727457,520,408,928,232,65,93,15.97,0.8657,0.5665,0.217296,43,19,41,330.25,0.5032,0.1286,0.011395,4.354
727469,520,397,917,213,88,144,354.97,0.6949,0.5771,0.231413,22,36,16,136.84,0.5654,0.1378,0.014697,4.350
727480,520,444,964,222,58,75,20.27,0.8775,0.5361,0.190664,42,0,5,18.81,1.0000,0.0823,0.005033,4.373
727482,520,421,941,215,86,61,32.87,0.8138,0.5558,0.214419,43,15,27,355.05,0.5253,0.1147,0.009344,4.456
727496,520,466,986,154,52,253,300.86,0.9877,0.5152,0.164183,1,4,39,266.06,0.9594,0.0522,0.002398,4.088
727499,520,458,978,209,6,196,331.81,0.9901,0.5328,0.176731,22,5,12,354.22,0.5367,0.0588,0.003057,4.273
727500,520,419,939,189,54,250,312.20,0.9716,0.5636,0.203604,34,20,33,329.10,0.3460,0.1135,0.009502,4.262
727510,520,396,916,168,116,185,317.57,0.5019,0.5789,0.243190,15,37,38,199.37,0.4685,0.1436,0.015646,4.466
727513,520,329,849,253,27,241,330.98,0.9928,0.6463,0.280205,7,47,93,255.34,0.8682,0.2067,0.028683,4.197
727525,520,421,941,249,22,45,25.33,0.9884,0.5631,0.209067,11,16,66,271.12,0.8796,0.1084,0.008350,4.440
727577,520,297,817,248,113,157,1.81,0.8658,0.6761,0.342039,47,56,77,266.41,0.2821,0.2435,0.039684,4.371
727585,520,389,909,237,67,120,6.64,0.8583,0.5853,0.233779,21,37,36,190.88,0.3106,0.1465,0.016099,4.293
727586,520,418,938,241,46,23,30.67,0.9779,0.5577,0.207200,58,4,9,21.75,0.9159,0.1232,0.010063,4.282
727597,520,389,909,244,66,94,16.94,0.9189,0.5907,0.239410,45,28,40,337.94,0.3110,0.1497,0.015416,4.424
727600,520,389,909,254,52,73,21.96,0.9938,0.5939,0.240116,15,34,66,260.18,0.6535,0.1522,0.016389,4.370
727607,520,453,973,218,49,116,2.51,0.8529,0.5308,0.183655,20,5,37,301.86,0.7555,0.0702,0.003908,4.334
727613,520,379,899,245,75,56,30.03,0.9478,0.5960,0.247335,57,25,32,7.36,0.4715,0.1588,0.016695,4.458
727615,520,452,972,187,28,235,315.79,0.9680,0.5311,0.173947,4,16,19,213.93,0.5070,0.0680,0.004434,4.114
727619,520,180,700,249,162,232,334.08,0.9489,0.7906,0.518085,32,88,76,176.61,0.6855,0.3299,0.078080,4.435
727620,520,265,785,252,101,245,329.55,0.9878,0.7055,0.365981,14,66,80,220.20,0.7851,0.2557,0.045688,4.347
727622,520,422,942,231,33,144,353.64,0.9330,0.5560,0.200931,15,13,74,274.17,0.9138,0.1147,0.008838,4.265
727627,520,371,891,226,69,206,333.57,0.8840,0.6057,0.248835,67,17,41,354.34,0.6776,0.1675,0.017545,4.424
727655,520,343,863,239,39,248,326.17,0.9821,0.6319,0.265817,59,40,20,66.25,0.5042,0.1927,0.024980,4.212
727660,520,304,824,247,82,241,329.41,0.9687,0.6737,0.321623,65,51,40,59.81,0.2422,0.2341,0.036448,4.299
727670,520,341,861,170,127,226,302.70,0.6894,0.6262,0.292161,20,45,91,261.36,0.7224,0.2045,0.027807,4.398
727672,520,397,917,214,101,33,46.82,0.8858,0.5753,0.237155,9,40,17,149.00,0.8965,0.1434,0.016161,4.340
727679,520,348,868,221,84,227,326.06,0.8840,0.6267,0.272608,3,43,83,252.91,0.9115,0.1859,0.023715,4.376
727690,520,339,859,234,114,93,31.50,0.7974,0.6384,0.303200,7,51,70,232.29,0.8200,0.2012,0.028549,4.497
727691,520,387,907,244,60,121,6.41,0.9081,0.5921,0.238485,47,23,52,320.52,0.5235,0.1487,0.014651,4.462
727693,520,462,982,201,38,201,328.18,0.9157,0.5343,0.180225,23,0,1,23.25,1.0000,0.0453,0.001844,4.441
727735,520,341,861,197,126,166,345.30,0.4693,0.6272,0.295464,20,53,54,198.01,0.5606,0.2037,0.029612,4.339
727745,520,470,990,168,53,241,307.73,0.9292,0.5245,0.172227,0,7,21,251.46,1.0000,0.0443,0.002061,4.269
727762,520,402,922,234,27,181,342.31,0.9638,0.5765,0.216153,30,24,58,288.73,0.5538,0.1333,0.012348,4.269
727770,520,319,839,241,93,184,345.82,0.8661,0.6470,0.299929,65,46,43,28.90,0.2314,0.2223,0.032523,4.240
727777,520,398,918,214,28,238,322.43,0.9786,0.5777,0.213016,22,9,93,276.30,0.9592,0.1380,0.011562,4.272
727778,520,366,886,213,113,101,28.13,0.6353,0.6051,0.268980,38,43,7,116.92,0.7949,0.1726,0.021552,4.458
727799,520,439,959,242,13,69,19.04,0.9906,0.5488,0.195982,4,13,53,266.50,0.9007,0.0853,0.005707,4.416
727802,520,220,740,236,142,252,321.62,0.9761,0.7478,0.442088,79,71,24,99.64,0.6909,0.3029,0.062348,4.380
727807,520,473,993,210,35,157,344.31,0.8899,0.5227,0.173402,0,5,9,228.56,1.0000,0.0332,0.001283,4.356
727838,520,384,904,213,55,238,321.69,0.9410,0.5924,0.230534,26,34,52,265.52,0.3471,0.1500,0.016116,4.243
727850,520,410,930,207,49,228,322.60,0.9332,0.5709,0.210652,25,30,27,159.26,0.1140,0.1257,0.012143,4.194
727853,520,441,961,219,63,90,15.36,0.8321,0.5388,0.193558,7,8,64,270.64,0.9507,0.0906,0.005890,4.358
727856,520,475,995,222,18,120,359.61,0.9606,0.5221,0.173210,12,0,8,338.25,1.0000,0.0319,0.000957,4.380
727860,520,480,1000,205,35,152,344.76,0.8767,0.5106,0.164503,0,0,0,0.00,0.0000,0.0000,0.000000,4.290
727875,520,406,926,220,38,224,327.21,0.9593,0.5827,0.219858,34,13,71,293.56,0.8057,0.1297,0.010829,4.436
727881,520,378,898,226,63,212,331.81,0.9065,0.6035,0.244795,8,28,90,265.06,0.9139,0.1571,0.016202,4.453
727883,520,347,867,253,30,216,337.01,0.9900,0.6321,0.267723,8,50,58,213.46,0.7936,0.1914,0.026382,4.160
727889,520,464,984,226,38,60,22.17,0.9480,0.5248,0.178841,1,7,23,258.02,0.8109,0.0465,0.002203,4.384
727897,520,355,875,242,72,166,350.85,0.8853,0.6164,0.262681,20,28,106,270.15,0.9111,0.1809,0.020197,4.454
727901,520,412,932,208,59,208,328.00,0.8780,0.5673,0.210937,41,24,7,63.95,0.6238,0.1245,0.011401,4.250
727906,520,378,898,235,66,171,347.05,0.8672,0.6002,0.245016,74,5,18,17.84,0.9164,0.1616,0.016083,4.464
727926,520,356,876,230,42,253,322.87,0.9924,0.6221,0.255730,58,32,35,12.55,0.3591,0.1761,0.020540,4.334
727928,520,434,954,202,88,113,8.85,0.6465,0.5479,0.207301,26,21,20,31.18,0.1063,0.1003,0.008065,4.431
727931,520,376,896,222,19,255,320.76,1.0000,0.6009,0.232174,39,17,89,289.48,0.8349,0.1599,0.015535,4.306
727946,520,359,879,229,74,217,331.21,0.8986,0.6222,0.265676,8,36,99,263.01,0.9188,0.1847,0.022141,4.376
727948,520,478,998,122,78,250,288.10,0.9613,0.5059,0.164883,1,0,8,284.42,1.0000,0.0165,0.000240,4.277
727950,520,431,951,198,94,91,23.51,0.6291,0.5451,0.207683,34,13,41,317.03,0.5993,0.1046,0.007881,4.452
727955,520,429,949,245,13,35,26.45,0.9940,0.5510,0.198252,6,5,79,268.55,0.9849,0.1043,0.007117,4.346
727957,520,397,917,218,8,242,322.68,0.9959,0.5818,0.214919,24,33,38,232.61,0.1981,0.1379,0.014218,4.125
727961,520,479,999,178,51,201,320.96,0.8517,0.5058,0.160509,0,0,8,264.05,1.0000,0.0143,0.000175,4.195
727963,520,477,997,207,67,34,34.32,0.9095,0.5114,0.173974,0,1,15,263.52,1.0011,0.0235,0.000562,4.430
727973,520,416,936,197,50,247,315.33,0.9605,0.5701,0.208683,2,26,56,254.77,0.8878,0.1167,0.010372,4.285
727986,520,258,778,190,149,255,300.59,1.0000,0.7085,0.396623,29,68,77,214.95,0.5455,0.2663,0.049311,4.497
727996,520,476,996,118,93,232,286.56,0.8287,0.5107,0.175062,6,0,1,6.99,1.0000,0.0204,0.000409,4.465
728020,520,318,838,246,91,202,340.66,0.9274,0.6611,0.313421,17,61,8,140.68,0.9746,0.2172,0.034741,4.289
728066,520,337,857,229,94,211,333.14,0.8476,0.6424,0.293688,67,40,16,60.05,0.6275,0.2042,0.027484,4.436
728090,520,301,821,236,98,228,329.95,0.9075,0.6678,0.321720,76,37,68,335.31,0.5013,0.2301,0.032772,4.491
728095,520,449,969,183,69,205,320.77,0.8063,0.5358,0.187325,11,14,14,196.68,0.0854,0.0665,0.004169,4.381
728102,520,351,871,225,80,233,325.66,0.9092,0.6320,0.276301,63,30,62,328.30,0.5236,0.1927,0.023332,4.450
728104,520,416,936,241,40,120,4.32,0.9353,0.5709,0.215776,57,7,8,24.88,0.8759,0.1247,0.010395,4.401
728119,520,385,905,253,21,132,1.36,0.9842,0.5901,0.230886,9,42,4,140.77,0.9749,0.1480,0.017227,4.178
728121,520,453,973,234,27,17,29.36,0.9843,0.5312,0.183199,32,3,11,5.45,0.7567,0.0702,0.003964,4.321
728126,520,397,917,213,66,198,332.36,0.8487,0.5763,0.221218,49,19,43,335.45,0.5489,0.1392,0.012932,4.310
728130,520,434,954,215,60,146,350.99,0.8080,0.5470,0.197564,26,19,26,326.21,0.2096,0.0979,0.007600,4.298
728160,520,416,936,202,26,252,316.22,0.9868,0.5683,0.203251,16,2,91,273.39,0.9929,0.1227,0.009088,4.286
728171,520,423,943,206,52,218,324.81,0.9107,0.5645,0.206415,40,14,28,348.55,0.5213,0.1084,0.008491,4.384
728175,520,451,971,241,16,15,28.85,0.9927,0.5420,0.191093,5,13,39,266.18,0.7418,0.0737,0.004666,4.410
728176,520,410,930,233,70,69,25.31,0.8877,0.5692,0.221366,44,20,37,339.03,0.4612,0.1299,0.011694,4.399
728201,520,327,847,251,93,141,5.01,0.9339,0.6475,0.302642,3,59,2,142.38,0.9951,0.2051,0.031515,4.326
728202,520,479,999,212,9,144,348.67,0.9746,0.5095,0.162084,2,0,2,328.36,1.0000,0.0139,0.000173,4.227
728207,520,476,996,199,24,177,334.68,0.9300,0.5076,0.159716,3,0,5,316.23,1.0000,0.0181,0.000303,4.169
728211,520,476,996,200,68,96,11.43,0.7416,0.5106,0.172601,0,1,3,247.65,1.0000,0.0159,0.000283,4.427
728232,520,312,832,255,98,139,7.44,1.0000,0.6603,0.318628,11,61,32,153.15,0.9348,0.2190,0.035128,4.330
728237,520,429,949,223,73,1,38.67,0.9982,0.5480,0.204579,17,21,45,274.31,0.5088,0.1046,0.008449,4.356
728252,520,363,883,247,86,49,34.24,0.9517,0.6124,0.266548,16,46,8,139.70,0.9450,0.1653,0.020816,4.470
728272,520,419,939,187,98,161,339.35,0.5767,0.5592,0.218747,22,26,32,258.37,0.1569,0.1140,0.010136,4.469
728273,520,479,999,181,39,219,317.54,0.9245,0.5147,0.163905,0,0,7,264.05,1.0000,0.0135,0.000153,4.265
728274,520,459,979,217,38,141,351.83,0.8869,0.5304,0.180635,3,9,35,266.16,0.8234,0.0610,0.003361,4.322
728284,520,436,956,217,52,162,345.01,0.8504,0.5506,0.198187,17,16,43,281.83,0.5728,0.0920,0.006642,4.382
728303,520,409,929,243,26,132,359.78,0.9660,0.5718,0.214627,22,7,89,277.46,0.9621,0.1306,0.010437,4.379
728312,520,385,905,234,67,152,353.75,0.8475,0.5911,0.237765,38,22,75,292.45,0.7091,0.1527,0.014939,4.431
728318,520,241,761,254,136,181,357.03,0.9673,0.7308,0.420181,9,77,39,152.60,0.9707,0.2750,0.055121,4.473
728335,520,348,868,220,111,146,1.17,0.6448,0.6253,0.286619,11,54,10,142.74,0.9671,0.1909,0.027313,4.354
728337,520,388,908,210,80,194,332.87,0.7911,0.5851,0.233358,51,27,10,54.01,0.6221,0.1475,0.015097,4.353
728348,520,365,885,245,77,103,15.91,0.9094,0.6066,0.257027,2,50,16,148.26,0.9901,0.1747,0.023314,4.188
728374,520,322,842,235,76,236,327.66,0.9333,0.6454,0.288895,9,18,146,266.01,0.9874,0.2144,0.025658,4.479
728379,520,446,966,148,95,220,300.49,0.7498,0.5372,0.196479,24,7,44,300.71,0.7523,0.0840,0.005280,4.459
728388,520,330,850,246,64,213,336.56,0.9505,0.6389,0.280666,9,44,108,261.32,0.9136,0.2134,0.029420,4.164
728390,520,329,849,214,108,223,324.38,0.8080,0.6468,0.303506,3,61,8,143.84,0.9935,0.2128,0.033742,4.221
728398,520,467,987,206,15,176,336.82,0.9637,0.5168,0.166001,20,0,4,6.32,1.0000,0.0416,0.001575,4.188
728422,520,414,934,233,34,169,345.88,0.9422,0.5717,0.213351,38,12,50,313.42,0.6924,0.1152,0.009053,4.460
728435,520,471,991,227,22,39,25.73,0.9822,0.5157,0.170542,16,0,14,332.32,1.0000,0.0398,0.001419,4.289
728438,520,465,985,220,6,128,356.02,0.9859,0.5179,0.169070,3,10,13,220.49,0.4322,0.0503,0.002655,4.160
728440,520,407,927,159,96,248,299.14,0.9147,0.5731,0.225142,32,29,33,317.70,0.0915,0.1326,0.012956,4.370
728453,520,412,932,152,105,228,298.70,0.7608,0.5654,0.223802,37,25,23,29.42,0.2232,0.1249,0.011505,4.452
728461,520,468,988,173,15,248,309.13,0.9887,0.5157,0.160041,4,5,13,275.14,0.3942,0.0393,0.001634,4.068
728466,520,469,989,154,75,224,304.82,0.8264,0.5163,0.172845,12,2,4,3.74,0.5682,0.0360,0.001304,4.344
728468,520,444,964,214,77,15,39.74,0.9651,0.5368,0.196408,7,9,52,272.03,0.8967,0.0793,0.004885,4.490
728488,520,57,577,242,229,252,310.72,0.8135,0.9289,0.819444,2,122,75,157.98,0.9966,0.4333,0.144393,4.473
728517,520,397,917,224,31,219,329.51,0.9692,0.5828,0.219441,25,13,88,279.03,0.9168,0.1390,0.011991,4.346
728518,520,453,973,164,60,245,305.15,0.9402,0.5292,0.177174,18,15,13,55.91,0.1007,0.0749,0.004993,4.131
728519,520,439,959,209,80,119,4.68,0.7085,0.5500,0.206266,34,16,0,65.14,1.0000,0.0947,0.007107,4.487
728524,520,467,987,226,39,4,31.66,0.9954,0.5208,0.176315,1,6,8,216.35,0.6137,0.0368,0.001542,4.391
728539,520,388,908,237,9,203,336.72,0.9934,0.5894,0.225145,56,19,47,337.91,0.6022,0.1532,0.015118,4.225
728549,520,391,911,209,74,221,324.39,0.8698,0.5927,0.236750,23,40,5,131.63,0.9045,0.1494,0.017107,4.273
728565,520,351,871,236,44,250,324.96,0.9828,0.6310,0.265388,84,13,3,32.08,0.9617,0.1893,0.021796,4.393
728573,520,455,975,197,82,100,13.22,0.6633,0.5262,0.188268,30,0,18,346.38,1.0000,0.0634,0.003197,4.479
728586,520,381,901,238,41,202,337.42,0.9549,0.6023,0.240301,57,22,44,343.87,0.5456,0.1584,0.016256,4.381
728587,520,404,924,198,89,188,331.12,0.7148,0.5752,0.227829,10,33,32,191.51,0.5582,0.1260,0.012565,4.441
728594,520,473,993,178,13,249,310.41,0.9909,0.5237,0.165934,0,3,12,253.99,0.9999,0.0285,0.000917,4.241
728600,520,365,885,246,56,162,351.94,0.9253,0.6074,0.250330,75,13,26,13.88,0.7944,0.1737,0.018585,4.379
728602,520,413,933,216,59,192,335.00,0.8644,0.5711,0.215348,15,23,65,270.53,0.7516,0.1242,0.010960,4.353
728603,520,422,942,247,27,36,27.10,0.9850,0.5600,0.206890,10,26,41,248.54,0.5288,0.1102,0.009634,4.308
728628,520,443,963,181,35,253,309.96,0.9898,0.5409,0.181187,6,18,21,214.84,0.4232,0.0756,0.005255,4.184
728659,520,412,932,250,38,26,29.37,0.9824,0.5712,0.217885,2,34,1,142.05,0.9930,0.1170,0.011591,4.349
728664,520,322,842,243,86,196,341.64,0.9048,0.6473,0.296986,60,44,53,344.02,0.2151,0.2143,0.030191,4.327
728666,520,446,966,225,24,141,353.03,0.9476,0.5387,0.185866,25,15,16,12.25,0.2324,0.0839,0.005858,4.223
728684,520,400,920,244,34,126,2.37,0.9524,0.5754,0.218868,55,0,62,322.83,1.0000,0.1386,0.011601,4.365
728688,520,368,888,250,14,187,343.96,0.9911,0.6059,0.242293,7,46,50,205.09,0.7908,0.1742,0.022293,4.043
728695,520,456,976,216,5,166,342.37,0.9889,0.5277,0.174630,12,5,36,288.17,0.7728,0.0611,0.003141,4.227
728723,520,368,888,246,18,212,336.44,0.9904,0.6132,0.247820,37,41,35,135.05,0.1210,0.1718,0.021005,4.194
728730,520,436,956,197,6,241,317.51,0.9957,0.5455,0.183529,4,2,74,267.68,0.9939,0.0919,0.005636,4.197
728731,520,346,866,254,44,197,342.47,0.9932,0.6303,0.269068,46,45,28,105.18,0.3187,0.1909,0.025415,4.231
728757,520,463,983,201,61,162,341.06,0.7843,0.5305,0.183655,1,11,0,139.78,1.0000,0.0465,0.002458,4.454
728758,520,442,962,236,16,86,13.54,0.9827,0.5404,0.188785,0,7,60,263.91,1.0030,0.0796,0.004782,4.359
728762,520,291,811,255,113,127,16.48,1.0000,0.6785,0.346058,66,55,3,96.07,0.9388,0.2401,0.038973,4.451
728765,520,421,941,239,7,126,0.48,0.9912,0.5562,0.200122,20,26,13,128.62,0.3900,0.1055,0.009166,4.227
728773,520,363,883,228,91,163,350.65,0.7656,0.6139,0.266229,18,45,43,189.06,0.5145,0.1724,0.021797,4.404
728775,520,110,630,245,209,202,30.85,0.6175,0.8710,0.692788,4,113,3,142.48,0.9980,0.3937,0.118421,4.410
728780,520,338,858,244,105,61,37.78,0.9131,0.6355,0.296762,33,54,5,130.53,0.9435,0.2025,0.029726,4.349
728781,520,386,906,253,2,150,355.32,0.9985,0.5926,0.231317,39,29,51,304.42,0.3759,0.1500,0.015491,4.296
728784,520,428,948,239,51,61,24.26,0.9412,0.5612,0.210585,5,28,8,146.48,0.9172,0.1003,0.008803,4.432
728790,520,431,951,229,37,126,359.81,0.9172,0.5473,0.194903,19,14,60,280.92,0.7842,0.1046,0.007787,4.238
728810,520,376,896,235,54,183,342.56,0.9083,0.5954,0.237222,57,24,33,4.19,0.4890,0.1573,0.016330,4.330
728812,520,378,898,226,57,216,330.71,0.9239,0.6008,0.240552,62,19,28,10.34,0.6258,0.1559,0.015739,4.420
728817,520,425,945,233,8,159,348.53,0.9887,0.5580,0.200034,10,17,62,270.11,0.8540,0.1057,0.008132,4.301
728838,520,307,827,254,56,251,328.83,0.9967,0.6691,0.308672,92,17,66,345.67,0.7689,0.2295,0.030699,4.445
728852,520,319,839,222,108,204,333.67,0.7666,0.6482,0.306163,46,38,104,283.65,0.6902,0.2191,0.029665,4.471
728865,520,452,972,93,103,255,274.53,1.0000,0.5290,0.192469,31,0,33,325.87,1.0000,0.0736,0.004012,4.489
728870,520,398,918,214,70,196,333.30,0.8355,0.5810,0.226640,54,21,16,30.29,0.5891,0.1413,0.013581,4.351
728872,520,398,918,249,49,35,29.44,0.9768,0.5771,0.224613,41,31,3,89.36,0.8449,0.1413,0.014580,4.252
728874,520,467,987,101,105,227,277.74,0.7986,0.5150,0.184154,11,6,1,79.67,0.6746,0.0442,0.002036,4.500
728880,520,477,997,225,0,60,19.59,1.0000,0.5079,0.163367,2,0,6,302.89,1.0000,0.0170,0.000261,4.245
728886,520,413,933,216,55,193,334.64,0.8774,0.5681,0.211837,18,10,78,276.44,0.9328,0.1174,0.008957,4.441
728899,520,421,941,225,18,181,340.10,0.9730,0.5564,0.197789,47,13,9,29.32,0.7015,0.1132,0.009120,4.191
728901,520,409,929,232,38,169,345.77,0.9308,0.5720,0.214094,11,8,93,269.74,0.9803,0.1296,0.010350,4.376
728906,520,387,907,213,105,88,30.52,0.6806,0.5880,0.249559,1,39,58,235.88,0.9464,0.1547,0.017629,4.429
728916,520,405,925,248,4,132,0.08,0.9963,0.5760,0.217127,25,31,37,248.45,0.1663,0.1327,0.013202,4.227
728932,520,419,939,223,0,204,333.16,1.0000,0.5624,0.200500,8,26,38,240.09,0.5602,0.1073,0.009303,4.224
728937,520,405,925,233,74,105,13.25,0.8357,0.5814,0.232440,10,37,3,139.16,0.9718,0.1314,0.013942,4.417
728943,520,468,988,216,52,77,17.94,0.8757,0.5188,0.175932,0,2,33,264.03,1.0045,0.0409,0.001532,4.384
728945,520,398,918,238,58,114,7.81,0.8862,0.5767,0.224212,7,37,30,174.69,0.7574,0.1364,0.014620,4.243
728946,520,329,849,247,92,172,351.70,0.9013,0.6506,0.304100,13,55,55,195.07,0.7347,0.2076,0.030936,4.375
728972,520,446,966,223,48,119,2.19,0.8692,0.5408,0.191364,42,1,1,28.24,0.9768,0.0831,0.005162,4.376
728979,520,480,1000,183,79,134,349.82,0.6279,0.5099,0.173819,0,0,0,0.00,0.0000,0.0000,0.000000,4.476
729000,520,452,972,161,102,156,329.83,0.4596,0.5274,0.194808,11,17,7,132.92,0.4202,0.0720,0.004874,4.461
729025,520,431,951,241,37,58,23.40,0.9659,0.5550,0.203327,34,4,57,305.09,0.8718,0.1043,0.007223,4.427
729033,520,431,951,244,3,66,19.65,0.9980,0.5504,0.196951,31,19,21,7.98,0.2442,0.1022,0.008112,4.250
729037,520,305,825,224,121,189,341.54,0.6981,0.6651,0.331981,12,65,27,148.52,0.9565,0.2320,0.039377,4.274
729052,520,467,987,231,2,71,17.08,0.9979,0.5233,0.174903,14,1,17,321.71,0.7928,0.0413,0.001556,4.362
729059,520,449,969,226,41,122,0.99,0.8988,0.5425,0.191625,28,8,2,44.10,0.7373,0.0706,0.004250,4.454
729095,520,431,951,235,52,39,29.25,0.9482,0.5514,0.202678,37,10,25,348.33,0.5795,0.0957,0.006806,4.448
729100,520,434,954,162,72,253,301.95,0.9826,0.5470,0.194084,35,17,2,61.65,0.7902,0.0987,0.007627,4.236
729114,520,466,986,230,6,28,26.87,0.9964,0.5165,0.170402,8,2,37,283.35,0.9159,0.0523,0.002286,4.215
729138,520,346,866,247,12,244,329.01,0.9967,0.6339,0.265717,68,9,89,314.61,0.8633,0.1937,0.021457,4.418
729142,520,454,974,154,104,165,320.22,0.4635,0.5268,0.194878,13,13,28,282.53,0.4063,0.0723,0.004572,4.487
729147,520,301,821,245,112,153,2.89,0.8318,0.6684,0.333035,66,52,4,91.18,0.9122,0.2320,0.036231,4.442
729176,520,439,959,215,11,197,333.07,0.9846,0.5455,0.187198,37,9,21,356.09,0.5964,0.0925,0.006429,4.203
729179,520,462,982,236,6,1,29.39,0.9992,0.5283,0.179686,17,2,15,332.30,0.6978,0.0466,0.001971,4.420
729203,520,433,953,234,49,44,27.81,0.9487,0.5473,0.198740,3,1,80,266.46,0.9977,0.0980,0.006202,4.426
729204,520,466,986,219,43,67,20.22,0.9202,0.5152,0.171957,3,12,8,167.98,0.5354,0.0534,0.002998,4.188
729206,520,389,909,240,13,186,342.07,0.9887,0.5862,0.223613,15,18,100,270.03,0.9533,0.1538,0.014542,4.239
729217,520,184,704,248,173,190,4.34,0.7737,0.7947,0.535633,37,93,8,138.09,0.9861,0.3349,0.082393,4.423
729224,520,382,902,255,34,138,0.31,1.0000,0.6013,0.242427,38,27,67,293.34,0.5773,0.1556,0.016012,4.430
729229,520,441,961,194,71,187,330.09,0.7738,0.5441,0.195652,13,22,21,187.55,0.2335,0.0911,0.007135,4.299
729231,520,398,918,221,40,213,330.27,0.9470,0.5783,0.216961,24,24,67,278.54,0.6733,0.1350,0.012527,4.270
729245,520,466,986,183,3,235,315.00,0.9971,0.5169,0.161318,3,7,27,267.46,0.7297,0.0510,0.002504,4.025
729252,520,397,917,222,54,204,333.00,0.9076,0.5842,0.225298,6,21,92,266.02,0.9506,0.1447,0.013477,4.337
729254,520,441,961,185,97,122,3.07,0.5230,0.5385,0.202702,33,15,5,50.64,0.6025,0.0922,0.006760,4.452
729268,520,444,964,227,25,130,357.33,0.9475,0.5386,0.186407,8,20,26,231.00,0.4030,0.0845,0.006265,4.202
729271,520,480,1000,144,75,236,298.60,0.8765,0.5136,0.170178,0,0,0,0.00,0.0000,0.0000,0.000000,4.404
729272,520,362,882,220,51,246,321.77,0.9634,0.6064,0.242391,8,52,9,143.28,0.9744,0.1828,0.025272,3.884
729273,520,478,998,185,45,203,322.80,0.8814,0.5136,0.165042,3,2,1,74.90,0.3058,0.0238,0.000650,4.246
729306,520,415,935,251,24,44,25.69,0.9877,0.5680,0.213481,34,12,65,297.14,0.7869,0.1225,0.009847,4.403
729312,520,417,937,204,57,226,322.07,0.9108,0.5711,0.212563,31,7,76,289.77,0.9036,0.1239,0.009651,4.402
729317,520,392,912,206,115,12,59.21,0.9550,0.5871,0.254117,17,42,7,138.00,0.9301,0.1523,0.017904,4.479
729324,520,293,813,244,92,248,326.74,0.9725,0.6842,0.336672,82,45,36,34.54,0.4545,0.2439,0.037982,4.395
729326,520,362,882,249,3,199,340.42,0.9983,0.6083,0.243316,43,24,95,288.81,0.7852,0.1813,0.019931,4.194
729346,520,467,987,224,6,109,3.57,0.9885,0.5192,0.170845,11,2,14,319.58,0.6606,0.0390,0.001463,4.291
729356,520,420,940,246,34,9,30.45,0.9935,0.5599,0.207602,12,31,10,141.89,0.7918,0.1141,0.010800,4.237
729357,520,433,953,240,38,52,24.86,0.9660,0.5527,0.201627,38,17,0,61.31,1.0000,0.1030,0.008130,4.329
729371,520,382,902,234,22,226,330.22,0.9867,0.6015,0.235598,45,24,66,304.64,0.6124,0.1576,0.016045,4.324
729380,520,341,861,243,10,247,327.45,0.9972,0.6286,0.259899,62,39,52,344.82,0.3130,0.2048,0.027232,4.013
729424,520,261,781,253,98,248,329.03,0.9924,0.7050,0.363981,94,51,16,55.74,0.7494,0.2736,0.047851,4.231
729437,520,367,887,194,97,229,316.19,0.8213,0.6059,0.256770,27,45,28,145.74,0.4615,0.1729,0.021936,4.264
729454,520,463,983,220,6,161,344.91,0.9875,0.5331,0.179216,24,0,1,23.59,1.0000,0.0470,0.001964,4.411
729461,520,455,975,213,67,62,26.39,0.8520,0.5263,0.185106,17,7,27,305.41,0.5736,0.0637,0.003503,4.394
729470,520,407,927,227,79,67,28.20,0.8558,0.5686,0.223308,44,7,66,308.71,0.8386,0.1314,0.010808,4.495
729478,520,457,977,222,47,100,9.25,0.8808,0.5321,0.184854,8,10,31,275.74,0.5924,0.0641,0.003676,4.375
729486,520,388,908,205,67,241,318.35,0.9295,0.5928,0.233458,67,6,20,14.25,0.8643,0.1476,0.013743,4.447
729488,520,474,994,183,6,241,313.64,0.9950,0.5228,0.165496,9,2,4,357.28,0.4900,0.0326,0.001103,4.217
729489,520,21,541,251,245,242,48.66,0.4267,0.9697,0.922251,27,131,43,145.04,0.9779,0.4606,0.166393,4.493
729512,520,436,956,232,2,159,348.24,0.9970,0.5548,0.197053,41,5,22,355.13,0.7353,0.0937,0.006380,4.382
729523,520,361,881,251,61,150,357.40,0.9583,0.6160,0.260521,66,26,34,9.50,0.5386,0.1772,0.020127,4.428
729526,520,396,916,248,42,79,18.75,0.9604,0.5759,0.221804,16,2,102,271.63,0.9953,0.1382,0.011128,4.446
729531,520,436,956,179,74,227,313.19,0.8492,0.5517,0.200283,1,7,71,264.99,0.9812,0.0937,0.006133,4.459
729539,520,399,919,251,5,126,2.54,0.9959,0.5803,0.221277,24,8,97,276.96,0.9652,0.1437,0.012309,4.354
729543,520,450,970,190,65,202,324.13,0.8205,0.5401,0.189934,9,1,57,276.08,0.9884,0.0721,0.003752,4.464
729555,520,434,954,222,26,168,343.45,0.9461,0.5465,0.190981,24,12,51,292.66,0.7132,0.0978,0.006961,4.231
729563,520,453,973,194,61,189,329.49,0.8117,0.5340,0.184825,34,1,19,350.10,0.8508,0.0729,0.004089,4.341
729574,520,467,987,154,83,216,305.72,0.7721,0.5218,0.180149,14,1,14,328.00,0.7703,0.0398,0.001468,4.472
729600,520,450,970,183,52,233,314.29,0.9170,0.5391,0.184076,7,14,34,266.70,0.5890,0.0737,0.004747,4.276
729609,520,445,965,231,24,115,3.35,0.9575,0.5410,0.188830,8,18,31,255.20,0.4658,0.0819,0.005831,4.278
729612,520,402,922,250,27,100,11.42,0.9750,0.5767,0.220316,27,8,87,281.81,0.9392,0.1338,0.010948,4.435
729624,520,432,952,182,71,230,313.67,0.8677,0.5547,0.201658,30,1,66,295.57,0.9757,0.1037,0.006911,4.422
729631,520,72,592,252,220,219,19.95,0.7910,0.9076,0.769973,6,120,25,144.13,0.9965,0.4189,0.135413,4.422
729642,520,425,945,198,31,246,316.34,0.9743,0.5592,0.196410,27,17,47,296.43,0.5709,0.1071,0.008391,4.220
729651,520,468,988,202,28,177,335.52,0.9196,0.5150,0.165633,14,2,9,342.07,0.6275,0.0404,0.001565,4.182
729667,520,360,880,249,48,182,345.86,0.9562,0.6161,0.256343,16,52,1,138.22,0.9950,0.1849,0.025682,4.048
729682,520,463,983,187,46,226,317.41,0.9213,0.5349,0.180110,5,7,29,273.56,0.6934,0.0541,0.002729,4.364
729685,520,430,950,204,20,221,323.94,0.9771,0.5451,0.185599,49,2,6,21.62,0.9409,0.1005,0.007096,4.126
729689,520,400,920,219,83,147,354.24,0.7395,0.5815,0.233554,28,35,30,154.21,0.1584,0.1439,0.015427,4.334
729693,520,423,943,229,47,129,359.47,0.8867,0.5552,0.202788,12,5,77,272.91,0.9754,0.1052,0.007225,4.417
729694,520,466,986,190,50,193,327.13,0.8506,0.5192,0.170801,22,2,3,19.77,0.7794,0.0492,0.002206,4.229
729710,520,461,981,193,18,223,320.47,0.9779,0.5272,0.170993,11,7,18,300.81,0.3904,0.0528,0.002668,4.196
729715,520,449,969,186,5,252,312.14,0.9969,0.5371,0.175771,19,11,14,354.61,0.2254,0.0677,0.004095,4.174
729730,520,441,961,195,8,243,316.51,0.9944,0.5443,0.182483,28,0,55,300.91,1.0000,0.0879,0.005227,4.210
729736,520,406,926,243,62,68,24.31,0.9362,0.5800,0.229206,39,25,29,0.32,0.2454,0.1298,0.012153,4.492
729737,520,416,936,188,77,228,315.77,0.8536,0.5692,0.216017,47,9,45,330.06,0.7238,0.1223,0.009893,4.442
729781,520,455,975,227,0,116,1.50,1.0000,0.5265,0.175947,15,11,11,17.93,0.1127,0.0624,0.003651,4.211
729795,520,352,872,224,69,231,326.11,0.9214,0.6177,0.258752,67,30,29,22.90,0.5081,0.1851,0.022107,4.282
729800,520,392,912,248,25,158,352.30,0.9743,0.5916,0.231237,56,1,73,315.86,0.9668,0.1511,0.013436,4.433
729802,520,420,940,242,42,78,18.55,0.9502,0.5635,0.210866,9,25,48,257.62,0.6299,0.1116,0.009667,4.372
729804,520,479,999,98,90,255,278.14,1.0000,0.5085,0.171284,1,0,6,289.16,1.0000,0.0150,0.000196,4.408
729818,520,398,918,243,56,85,18.24,0.9265,0.5775,0.225422,11,39,16,147.28,0.8673,0.1407,0.015595,4.199
729844,520,318,838,252,66,235,332.18,0.9871,0.6634,0.305930,14,41,121,264.83,0.9134,0.2216,0.030595,4.416
729863,520,410,930,234,50,146,354.54,0.8929,0.5736,0.218518,54,13,34,352.10,0.6618,0.1342,0.011877,4.340
729868,520,464,984,180,40,232,314.08,0.9402,0.5244,0.170482,19,2,9,352.35,0.6884,0.0469,0.002016,4.239
729879,520,440,960,177,51,252,308.34,0.9821,0.5452,0.187439,5,22,34,240.90,0.6235,0.0922,0.007215,4.150
729884,520,445,965,242,6,53,22.73,0.9964,0.5449,0.192680,33,0,39,321.49,1.0000,0.0812,0.004699,4.437
729899,520,396,916,189,90,223,316.56,0.8054,0.5847,0.234600,43,25,42,328.67,0.3793,0.1412,0.013761,4.464
729908,520,351,871,213,82,248,318.39,0.9573,0.6260,0.269596,11,30,115,266.18,0.9445,0.1912,0.022373,4.416
729910,520,333,853,227,70,249,322.47,0.9730,0.6353,0.275528,16,19,132,268.21,0.9782,0.1983,0.022417,4.495
729912,520,418,938,249,7,71,18.89,0.9958,0.5627,0.207503,11,8,85,270.66,0.9737,0.1190,0.009006,4.364
729930,520,364,884,250,40,173,348.54,0.9624,0.6090,0.248620,17,45,28,154.93,0.6707,0.1665,0.020797,4.218
729937,520,370,890,208,103,181,338.01,0.6666,0.6083,0.264483,47,39,15,91.21,0.5582,0.1726,0.020899,4.436
729943,520,452,972,167,46,253,305.32,0.9885,0.5278,0.172620,2,17,8,158.29,0.8526,0.0655,0.004313,4.099
729971,520,450,970,211,58,161,344.09,0.8150,0.5447,0.194503,2,17,27,236.66,0.7388,0.0730,0.004929,4.451
729998,520,448,968,186,60,221,317.80,0.8755,0.5419,0.188925,13,16,27,272.10,0.3110,0.0784,0.005353,4.316
730006,520,429,949,235,52,17,32.27,0.9820,0.5499,0.201618,13,27,8,137.91,0.7047,0.1020,0.008869,4.274
730019,520,454,974,200,68,146,347.75,0.7400,0.5290,0.184908,11,5,42,282.92,0.8410,0.0654,0.003468,4.393
730028,520,370,890,241,81,131,5.23,0.8565,0.6117,0.262273,42,40,17,104.20,0.5067,0.1696,0.020503,4.429
730036,520,390,910,185,96,231,312.49,0.8210,0.5934,0.244505,31,33,44,276.73,0.2006,0.1473,0.015609,4.489
730044,520,321,841,249,57,230,332.71,0.9740,0.6483,0.287821,44,44,84,281.57,0.4848,0.2140,0.029769,4.235
730047,520,456,976,221,9,150,348.75,0.9807,0.5303,0.177721,21,6,6,21.10,0.4830,0.0576,0.003028,4.294
730052,520,452,972,236,8,10,28.87,0.9962,0.5290,0.180317,16,13,16,325.93,0.1171,0.0694,0.004354,4.237
730061,520,435,955,234,55,31,31.10,0.9597,0.5513,0.203268,24,18,7,82.39,0.4315,0.0872,0.006422,4.489
730067,520,477,997,180,34,220,317.13,0.9384,0.5107,0.160158,6,0,4,338.03,1.0000,0.0222,0.000475,4.164
730075,520,301,821,254,55,249,329.29,0.9966,0.6671,0.306458,3,64,24,148.97,0.9901,0.2255,0.037519,4.073
730081,520,432,952,165,95,203,312.32,0.6809,0.5466,0.204962,35,13,29,338.50,0.5051,0.0993,0.007339,4.447
730098,520,401,921,255,4,75,18.26,1.0000,0.5755,0.218587,12,9,99,269.56,0.9809,0.1395,0.011743,4.350
730103,520,443,963,234,17,91,11.72,0.9791,0.5377,0.186518,8,2,63,273.08,0.9853,0.0804,0.004539,4.337
730106,520,390,910,215,64,217,327.42,0.8940,0.5893,0.231256,15,43,7,139.39,0.9438,0.1545,0.018446,4.109
730128,520,470,990,183,83,146,343.99,0.6203,0.5214,0.183305,12,5,0,74.33,1.0000,0.0424,0.001867,4.498
730130,520,359,879,239,4,242,327.68,0.9986,0.6172,0.248510,47,25,85,295.88,0.7171,0.1780,0.019555,4.292
730139,520,462,982,224,42,99,9.35,0.9021,0.5320,0.184068,19,6,4,33.52,0.4864,0.0544,0.002775,4.435
730144,520,373,893,247,67,89,19.04,0.9407,0.5964,0.245131,2,40,61,238.58,0.9030,0.1601,0.018673,4.298
730148,520,427,947,245,20,70,19.33,0.9853,0.5574,0.203585,20,24,1,117.85,0.9186,0.0974,0.008042,4.369
730151,520,458,978,211,67,80,19.57,0.8078,0.5259,0.184447,22,4,25,322.15,0.6827,0.0627,0.003276,4.401
730163,520,391,911,248,53,123,5.55,0.9400,0.5946,0.239361,45,28,37,346.51,0.2906,0.1484,0.015220,4.437
730169,520,125,645,237,199,216,349.42,0.5165,0.8453,0.638102,78,98,45,126.43,0.6123,0.3830,0.105444,4.427
730206,520,401,921,233,49,169,346.39,0.9045,0.5811,0.223876,58,6,40,345.80,0.7857,0.1364,0.011831,4.429
730207,520,457,977,226,24,115,2.44,0.9508,0.5308,0.180626,10,1,47,281.56,0.9747,0.0617,0.002915,4.358
730211,520,281,801,183,149,229,303.12,0.6478,0.6867,0.372196,4,69,44,160.62,0.9756,0.2478,0.044637,4.461
730229,520,475,995,156,70,233,304.10,0.8729,0.5197,0.173319,1,4,14,259.58,0.7007,0.0338,0.001250,4.357
730249,520,458,978,182,2,252,311.06,0.9987,0.5302,0.170178,5,11,25,262.95,0.5206,0.0600,0.003418,4.122
730268,520,310,830,218,108,235,322.12,0.8737,0.6594,0.316303,8,45,115,261.66,0.9334,0.2226,0.031660,4.486
730274,520,413,933,251,20,52,23.94,0.9897,0.5674,0.212612,37,16,43,318.36,0.5597,0.1154,0.009384,4.422
730283,520,394,914,228,9,222,329.79,0.9941,0.5851,0.219657,13,36,42,217.12,0.5211,0.1413,0.015144,4.139
730284,520,408,928,244,3,127,0.97,0.9968,0.5659,0.208339,4,21,80,264.79,0.9368,0.1297,0.011412,4.207
730327,520,421,941,239,30,120,3.33,0.9540,0.5614,0.206385,7,15,68,268.40,0.9222,0.1065,0.008041,4.417
730341,520,357,877,252,51,178,347.83,0.9751,0.6218,0.262808,31,47,2,127.65,0.9647,0.1779,0.023287,4.268
730346,520,259,779,244,135,164,3.87,0.7808,0.7087,0.392439,43,72,37,140.23,0.6298,0.2731,0.052818,4.303
730362,520,428,948,214,58,177,339.28,0.8404,0.5583,0.204987,28,15,42,304.23,0.5572,0.1009,0.007557,4.430
730365,520,389,909,226,12,236,325.98,0.9939,0.5918,0.224901,4,28,86,263.02,0.9436,0.1511,0.015281,4.211
730368,520,430,950,220,26,187,337.19,0.9548,0.5533,0.195447,44,9,9,23.86,0.7306,0.1015,0.007507,4.268
730374,520,401,921,238,46,155,352.03,0.9162,0.5820,0.225007,22,16,90,275.76,0.9173,0.1431,0.012793,4.380
730387,520,470,990,159,94,168,322.55,0.5491,0.5157,0.182042,13,3,7,350.77,0.4923,0.0410,0.001660,4.492
730419,520,372,892,243,21,207,337.07,0.9861,0.6056,0.240990,52,21,73,308.81,0.6980,0.1679,0.017475,4.313
730435,520,455,975,204,4,212,326.28,0.9948,0.5345,0.176795,5,12,21,252.18,0.4279,0.0600,0.003493,4.240
730441,520,459,979,217,36,134,354.29,0.8930,0.5261,0.177372,24,5,7,14.16,0.5795,0.0601,0.003181,4.275
730460,520,419,939,237,39,120,3.57,0.9297,0.5623,0.208147,27,13,62,290.10,0.7725,0.1128,0.008687,4.399
730466,520,316,836,242,109,159,358.78,0.8128,0.6611,0.323204,65,48,28,70.11,0.4248,0.2233,0.033217,4.485
730471,520,399,919,220,79,153,351.35,0.7621,0.5805,0.231098,13,28,74,266.26,0.8064,0.1430,0.014104,4.385
730476,520,432,952,236,30,87,14.05,0.9599,0.5461,0.194527,5,27,18,164.24,0.7492,0.0997,0.008598,4.173
730477,520,377,897,241,55,169,348.48,0.9088,0.6004,0.243007,31,23,84,282.08,0.7789,0.1558,0.015442,4.477
730482,520,407,927,235,60,110,9.13,0.8739,0.5717,0.220227,11,19,77,269.32,0.9080,0.1259,0.010726,4.450
730485,520,335,855,246,25,255,326.33,1.0000,0.6429,0.275109,22,52,45,176.39,0.5339,0.1977,0.028159,4.160
730486,520,448,968,240,8,18,28.27,0.9964,0.5380,0.187460,14,19,0,120.70,1.0000,0.0779,0.005591,4.272
730503,520,420,940,200,53,222,322.04,0.9086,0.5584,0.201011,4,10,81,266.68,0.9751,0.1126,0.008369,4.300
730509,520,447,967,196,15,233,318.97,0.9865,0.5393,0.179621,16,17,5,112.53,0.4947,0.0757,0.005220,4.158
730526,520,437,957,229,61,10,34.72,0.9872,0.5461,0.200203,29,9,43,308.42,0.6959,0.0928,0.006310,4.443
730531,520,386,906,251,23,141,358.19,0.9781,0.5900,0.230486,51,24,37,350.77,0.4369,0.1489,0.014907,4.321
730534,520,442,962,198,9,231,320.02,0.9919,0.5397,0.179722,9,17,38,266.32,0.5694,0.0846,0.005989,4.103
730556,520,403,923,241,63,102,13.32,0.8975,0.5839,0.232183,13,30,57,259.28,0.6223,0.1336,0.013095,4.472
730571,520,478,998,227,15,44,24.28,0.9883,0.5137,0.168574,6,0,8,321.50,1.0000,0.0244,0.000563,4.323
730582,520,443,963,223,19,166,344.20,0.9640,0.5448,0.189095,12,15,32,274.59,0.4496,0.0782,0.005241,4.328
730585,520,397,917,234,30,187,340.60,0.9610,0.5810,0.220116,41,10,75,299.47,0.8432,0.1391,0.011965,4.359
730586,520,416,936,201,71,217,323.15,0.8548,0.5742,0.219353,46,18,13,31.56,0.5663,0.1209,0.010426,4.458
730591,520,460,980,232,1,102,7.22,0.9986,0.5327,0.181399,4,12,18,237.43,0.4388,0.0578,0.003324,4.339
730601,520,419,939,225,33,181,340.28,0.9398,0.5624,0.204340,40,11,46,320.40,0.6850,0.1139,0.008878,4.320
730605,520,412,932,255,10,34,26.72,1.0000,0.5716,0.215965,5,20,70,265.17,0.9122,0.1172,0.009747,4.452
730606,520,407,927,207,88,146,352.40,0.6741,0.5680,0.223221,7,30,62,257.36,0.7729,0.1346,0.013214,4.322
730608,520,456,976,209,57,130,355.75,0.7982,0.5262,0.180955,26,1,11,355.82,0.8209,0.0560,0.002655,4.386
730614,520,111,631,246,210,178,63.60,0.6706,0.8676,0.689016,10,112,34,145.67,0.9919,0.3934,0.117679,4.407
730615,520,470,990,214,34,129,355.37,0.8935,0.5170,0.170276,8,5,11,309.36,0.3073,0.0424,0.001843,4.249
730616,520,474,994,209,34,160,343.00,0.8937,0.5217,0.172396,11,0,6,342.80,1.0000,0.0297,0.000843,4.374
730619,520,460,980,228,2,124,358.97,0.9963,0.5319,0.179955,21,2,34,309.09,0.8407,0.0634,0.003184,4.324
730624,520,412,932,213,60,202,331.15,0.8728,0.5728,0.216441,56,5,16,14.03,0.8447,0.1217,0.009869,4.450
730636,520,410,930,242,11,147,354.27,0.9878,0.5711,0.212264,10,8,93,269.26,0.9813,0.1291,0.010284,4.350
730638,520,365,885,240,10,224,332.10,0.9953,0.6080,0.241270,0,27,106,263.15,1.0004,0.1706,0.018243,4.268
730641,520,310,830,251,56,238,331.20,0.9844,0.6559,0.295136,75,6,111,308.75,0.9368,0.2242,0.027739,4.440
730645,520,432,952,229,51,98,11.53,0.8894,0.5487,0.199104,40,4,40,328.06,0.7885,0.1001,0.006912,4.377
730647,520,477,997,226,28,9,30.13,0.9906,0.5143,0.170219,1,0,16,275.06,1.0000,0.0220,0.000439,4.366
730653,520,433,953,189,76,204,322.83,0.7881,0.5531,0.203486,7,16,62,268.14,0.8912,0.1020,0.007635,4.398
730670,520,352,872,237,104,12,46.25,0.9826,0.6185,0.279346,81,21,15,29.29,0.8215,0.1939,0.023204,4.499
730685,520,364,884,248,80,62,29.70,0.9587,0.6082,0.260450,41,37,49,300.16,0.1961,0.1711,0.020163,4.425
730689,520,431,951,187,63,229,315.98,0.8868,0.5525,0.197781,6,21,54,262.84,0.7988,0.1047,0.008413,4.242
730690,520,367,887,227,12,253,322.44,0.9959,0.6060,0.236879,14,37,79,261.23,0.7568,0.1704,0.019809,4.109
730698,520,370,890,239,41,212,334.95,0.9624,0.6099,0.246929,29,33,79,275.66,0.6394,0.1700,0.019134,4.295
730726,520,408,928,248,44,55,25.13,0.9688,0.5735,0.220372,48,10,48,327.84,0.7222,0.1272,0.010589,4.462
730743,520,425,945,252,0,1,29.18,1.0000,0.5616,0.207014,44,10,22,1.62,0.6412,0.1066,0.008106,4.423
730757,520,459,979,212,52,144,350.38,0.8263,0.5330,0.184689,11,13,1,115.73,0.8199,0.0603,0.003612,4.378
730781,520,433,953,235,52,22,31.76,0.9752,0.5502,0.201792,39,14,23,358.87,0.4977,0.1047,0.008073,4.336
730783,520,407,927,241,64,2,35.15,0.9980,0.5728,0.223752,18,32,35,212.57,0.3033,0.1290,0.012829,4.357
730784,520,378,898,208,76,236,320.09,0.9044,0.6034,0.246365,15,21,103,269.37,0.9478,0.1623,0.016171,4.479
730793,520,422,942,226,55,139,355.79,0.8536,0.5598,0.207679,4,4,83,266.94,0.9909,0.1071,0.007371,4.491
730803,520,445,965,171,56,254,305.82,0.9933,0.5429,0.186427,0,20,24,210.66,1.0000,0.0781,0.005662,4.248
730838,520,401,921,189,80,229,315.66,0.8524,0.5752,0.222144,61,8,17,16.61,0.8200,0.1362,0.012064,4.385
730841,520,431,951,231,29,146,352.80,0.9439,0.5549,0.199458,6,26,16,159.83,0.6994,0.0966,0.008149,4.290
730867,520,475,995,220,16,115,0.95,0.9644,0.5156,0.168267,10,1,5,347.61,0.6796,0.0312,0.000972,4.282
730869,520,409,929,206,85,159,345.56,0.6984,0.5676,0.221239,63,3,14,17.47,0.9283,0.1340,0.011538,4.408
730879,520,399,919,237,21,175,344.69,0.9748,0.5769,0.216390,46,3,76,305.08,0.9358,0.1397,0.011678,4.319
730920,520,429,949,204,29,223,323.35,0.9636,0.5502,0.190456,11,23,32,242.00,0.3946,0.0974,0.007882,4.154
730927,520,350,870,255,65,159,355.42,1.0000,0.6303,0.275473,64,38,2,69.55,0.9198,0.1930,0.024807,4.351
730948,520,380,900,255,35,117,7.16,1.0000,0.5951,0.237501,58,26,32,9.25,0.4643,0.1625,0.017427,4.264
730956,520,381,901,218,79,194,335.25,0.8150,0.5968,0.243945,74,9,15,22.13,0.8873,0.1650,0.016860,4.396
730980,520,472,992,164,55,241,306.31,0.9272,0.5207,0.169764,2,3,8,269.89,0.4207,0.0292,0.000956,4.313
731019,520,343,863,247,103,3,44.79,0.9969,0.6340,0.294844,21,51,41,169.37,0.5659,0.1924,0.026871,4.486
731026,520,377,897,240,1,219,333.31,0.9995,0.6032,0.236643,54,22,50,332.21,0.5550,0.1566,0.015885,4.351
731031,520,477,997,218,27,80,13.96,0.9479,0.5056,0.162711,3,0,2,338.03,1.0000,0.0160,0.000237,4.234
731032,520,399,919,254,39,7,30.92,0.9963,0.5793,0.225410,50,6,70,311.95,0.8598,0.1435,0.012506,4.406
731040,520,457,977,143,92,224,298.09,0.7779,0.5291,0.188759,24,5,12,357.39,0.5673,0.0616,0.003293,4.480
731055,520,373,893,232,45,209,334.10,0.9464,0.5981,0.236386,18,33,71,265.36,0.6684,0.1554,0.016712,4.293
731060,520,337,857,231,65,246,324.33,0.9646,0.6351,0.274256,60,25,87,306.90,0.7172,0.1975,0.023441,4.415
731115,520,391,911,234,23,206,335.28,0.9797,0.5892,0.225642,41,8,89,293.08,0.9113,0.1520,0.013664,4.330
731121,520,311,831,243,82,222,333.51,0.9377,0.6563,0.303659,53,55,5,111.98,0.8972,0.2245,0.035002,4.161
731144,520,242,762,238,140,226,331.57,0.8755,0.7340,0.424262,3,80,21,145.69,0.9954,0.2811,0.058106,4.387
731152,520,441,961,169,87,209,313.15,0.7391,0.5430,0.198556,39,8,19,1.35,0.6423,0.0937,0.006521,4.398
731153,520,446,966,195,4,239,317.43,0.9969,0.5401,0.179224,20,13,29,303.29,0.4157,0.0796,0.005253,4.149
731159,520,341,861,98,152,234,258.51,0.7659,0.6263,0.309925,13,58,0,139.64,1.0000,0.2045,0.031116,4.437
731179,520,444,964,202,47,192,331.02,0.8753,0.5366,0.183972,16,17,28,279.89,0.2850,0.0838,0.005949,4.182
731180,520,406,926,205,67,224,322.59,0.8862,0.5808,0.223769,42,27,0,80.00,1.0000,0.1320,0.012762,4.362
731181,520,290,810,253,100,203,342.59,0.9798,0.6841,0.343118,21,66,6,139.47,0.9821,0.2360,0.040689,4.335
731182,520,478,998,212,54,75,18.68,0.8620,0.5124,0.171458,1,1,12,274.56,0.8685,0.0231,0.000547,4.381
731183,520,397,917,220,87,124,5.99,0.7232,0.5805,0.234896,39,33,5,97.24,0.7726,0.1444,0.015300,4.363
731189,520,367,887,244,59,172,348.37,0.9148,0.6105,0.253427,29,41,48,234.14,0.2342,0.1700,0.020604,4.298
731195,520,392,912,240,54,146,356.07,0.8985,0.5880,0.232420,47,10,75,305.27,0.8334,0.1477,0.013295,4.462
731197,520,447,967,203,60,181,334.85,0.8165,0.5433,0.192663,36,5,7,19.91,0.7560,0.0799,0.004990,4.413
731211,520,446,966,237,6,70,18.08,0.9949,0.5368,0.185802,26,8,31,318.54,0.6064,0.0790,0.004922,4.293
731237,520,375,895,236,83,111,13.15,0.8323,0.5995,0.251700,46,32,30,27.92,0.2195,0.1567,0.017077,4.498
731238,520,388,908,234,54,183,342.32,0.9061,0.5936,0.235524,36,34,40,300.77,0.1094,0.1533,0.016723,4.279
731249,520,442,962,190,16,250,313.55,0.9897,0.5441,0.182211,14,11,42,282.58,0.6826,0.0788,0.004999,4.222
731260,520,418,938,197,93,137,355.41,0.6044,0.5560,0.215068,47,1,56,320.35,0.9421,0.1203,0.009116,4.484
731264,520,387,907,230,96,7,44.73,0.9874,0.5936,0.252068,1,42,26,162.07,0.9839,0.1490,0.017369,4.484
731266,520,430,950,228,58,98,12.42,0.8668,0.5530,0.204047,46,1,30,346.23,0.8891,0.1009,0.006964,4.460
731283,520,405,925,247,6,148,354.85,0.9943,0.5805,0.220459,17,34,32,186.26,0.3675,0.1330,0.013675,4.248
731309,520,478,998,143,70,237,298.61,0.8910,0.5064,0.163346,0,2,4,233.51,1.0000,0.0210,0.000522,4.223
731312,520,363,883,225,57,232,326.30,0.9422,0.6094,0.247622,7,8,123,266.32,0.9926,0.1706,0.016487,4.476
731315,520,448,968,202,83,108,9.95,0.6725,0.5387,0.198277,25,13,23,332.76,0.3505,0.0824,0.005564,4.468
731317,520,448,968,201,8,231,320.83,0.9930,0.5445,0.183624,4,21,5,145.08,0.8990,0.0776,0.005731,4.192
731318,520,410,930,240,56,94,14.97,0.9089,0.5736,0.221650,0,25,73,260.16,1.0000,0.1289,0.011762,4.398
731321,520,401,921,235,58,136,359.06,0.8719,0.5782,0.224688,39,28,43,316.88,0.2991,0.1432,0.014363,4.268
731324,520,432,952,239,23,104,8.39,0.9705,0.5536,0.199662,31,10,51,303.72,0.7359,0.1033,0.007474,4.344
731342,520,391,911,239,30,188,341.46,0.9664,0.5909,0.229130,49,30,17,54.64,0.4559,0.1526,0.016221,4.215
731349,520,401,921,249,26,132,0.85,0.9722,0.5838,0.225480,59,16,17,22.26,0.6992,0.1424,0.013410,4.344
731356,520,270,790,206,140,241,313.13,0.8189,0.7013,0.382298,18,72,46,158.16,0.8783,0.2623,0.049604,4.340
731366,520,461,981,218,46,111,4.17,0.8657,0.5267,0.180096,10,5,17,304.01,0.4767,0.0469,0.002135,4.413
731368,520,403,923,218,10,239,323.35,0.9945,0.5799,0.213566,63,2,17,13.86,0.9393,0.1335,0.011408,4.292
731389,520,446,966,211,12,199,331.50,0.9824,0.5397,0.182374,6,18,26,238.20,0.4739,0.0779,0.005459,4.190
731391,520,392,912,232,3,214,332.72,0.9979,0.5859,0.220786,39,31,36,340.36,0.1483,0.1472,0.015387,4.141
731405,520,439,959,224,50,126,359.88,0.8637,0.5468,0.196375,23,7,48,296.03,0.7836,0.0862,0.005475,4.441
731410,520,381,901,255,59,49,28.47,1.0000,0.5985,0.246134,1,31,87,260.70,0.9826,0.1579,0.016744,4.437
731417,520,446,966,239,0,77,16.08,1.0000,0.5411,0.188899,9,5,55,275.35,0.9384,0.0769,0.004424,4.390
731427,520,368,888,234,4,243,326.31,0.9985,0.6092,0.240528,63,5,72,321.66,0.8658,0.1667,0.016333,4.380
731433,520,457,977,177,6,255,308.98,1.0000,0.5261,0.166983,15,0,40,294.76,1.0000,0.0573,0.002548,4.129
731446,520,474,994,222,41,81,15.51,0.9163,0.5227,0.177123,4,0,17,294.00,1.0000,0.0270,0.000663,4.483
731453,520,248,768,246,147,100,45.53,0.8447,0.7181,0.413830,19,76,68,181.76,0.7953,0.2834,0.057244,4.325
731471,520,392,912,218,66,215,328.79,0.8909,0.5949,0.237102,6,40,40,195.02,0.7796,0.1498,0.017094,4.279
731499,520,352,872,227,94,167,349.07,0.7565,0.6181,0.271287,45,18,112,286.49,0.8930,0.1938,0.021603,4.487
731516,520,418,938,164,82,254,301.48,0.9891,0.5633,0.210833,35,17,48,309.01,0.5817,0.1178,0.009716,4.368
731517,520,418,938,207,41,226,323.25,0.9461,0.5640,0.203440,39,19,34,336.79,0.4232,0.1189,0.010126,4.215
731535,520,462,982,220,14,161,345.00,0.9714,0.5349,0.181054,19,5,6,15.36,0.4830,0.0528,0.002602,4.393
731544,520,467,987,214,27,137,352.07,0.9194,0.5165,0.168885,13,5,3,41.65,0.4055,0.0446,0.002007,4.209
731574,520,366,886,225,48,240,324.50,0.9619,0.6083,0.244149,55,0,91,304.89,1.0000,0.1664,0.015676,4.479
731577,520,398,918,202,64,228,320.77,0.8973,0.5759,0.218263,19,18,89,273.46,0.9158,0.1428,0.012923,4.263
731593,520,305,825,237,127,103,33.45,0.7818,0.6679,0.341651,9,65,39,157.55,0.9423,0.2340,0.039850,4.359
731606,520,404,924,246,51,75,20.80,0.9499,0.5775,0.224719,54,8,45,337.05,0.7534,0.1338,0.011475,4.469
731619,520,384,904,234,3,222,331.21,0.9983,0.5947,0.228341,52,26,16,41.53,0.5174,0.1480,0.015064,4.278
731673,520,452,972,231,41,12,31.23,0.9877,0.5329,0.186044,16,4,40,293.12,0.8214,0.0663,0.003502,4.412
731679,520,480,1000,200,73,40,35.37,0.8641,0.5068,0.171997,0,0,0,0.00,0.0000,0.0000,0.000000,4.440
731681,520,364,884,237,70,176,346.05,0.8681,0.6100,0.255222,65,26,26,21.85,0.5580,0.1730,0.019374,4.400
731691,520,368,888,234,14,238,327.41,0.9941,0.6075,0.239821,30,29,88,277.84,0.7486,0.1705,0.018593,4.225
731692,520,473,993,203,34,181,334.60,0.9045,0.5226,0.171787,7,0,17,305.72,1.0000,0.0307,0.000856,4.361
731699,520,466,986,202,34,181,334.32,0.9031,0.5207,0.170387,23,3,1,34.55,0.8509,0.0524,0.002495,4.198
731713,520,319,839,255,15,241,331.42,1.0000,0.6465,0.279557,69,45,6,74.20,0.8417,0.2183,0.031553,4.041
731714,520,453,973,226,5,135,354.84,0.9902,0.5328,0.180293,12,9,41,281.55,0.7274,0.0728,0.004336,4.238
731717,520,421,941,216,42,197,333.38,0.9187,0.5607,0.202883,41,9,47,320.95,0.7250,0.1136,0.008721,4.307
731723,520,276,796,230,122,230,327.26,0.8580,0.6950,0.364571,21,67,41,155.32,0.8270,0.2452,0.043337,4.442
731736,520,387,907,237,39,193,339.70,0.9513,0.5943,0.233086,53,8,65,317.95,0.8103,0.1463,0.013123,4.485
731743,520,471,991,184,5,241,313.93,0.9959,0.5242,0.166510,11,5,3,47.04,0.3470,0.0425,0.001863,4.175
731746,520,460,980,231,1,110,4.33,0.9984,0.5330,0.181394,14,5,38,290.33,0.7825,0.0646,0.003418,4.332
731751,520,411,931,211,55,209,328.61,0.8949,0.5694,0.211866,46,10,35,341.83,0.6704,0.1160,0.009194,4.424
731773,520,379,899,248,60,137,1.31,0.9332,0.6049,0.249976,21,36,69,264.09,0.5868,0.1634,0.018508,4.379
731776,520,439,959,204,77,152,347.21,0.7186,0.5501,0.204140,1,20,43,252.36,0.8963,0.0904,0.006811,4.473
731777,520,218,738,251,158,107,48.84,0.9023,0.7478,0.460271,43,82,15,135.32,0.9474,0.3023,0.065825,4.406
731788,520,291,811,230,130,175,352.49,0.6778,0.6837,0.358855,1,67,45,163.45,0.9930,0.2405,0.042100,4.439
731789,520,434,954,221,54,133,356.93,0.8414,0.5471,0.197065,37,13,29,341.66,0.5224,0.1024,0.007699,4.282
731793,520,412,932,209,53,214,326.70,0.9055,0.5676,0.209584,34,25,25,18.28,0.1615,0.1217,0.011056,4.252
731799,520,466,986,217,55,72,20.37,0.8771,0.5227,0.179545,19,2,5,7.64,0.6976,0.0455,0.001928,4.420
731808,520,380,900,248,74,2,36.73,0.9982,0.5972,0.248618,20,43,2,134.26,0.9768,0.1567,0.018808,4.340
731823,520,434,954,190,103,90,29.66,0.5574,0.5482,0.213873,7,28,5,141.47,0.9230,0.1009,0.008866,4.483
731832,520,414,934,208,51,223,324.10,0.9230,0.5705,0.211071,1,32,43,225.51,0.9333,0.1241,0.012138,4.201
731846,520,403,923,202,67,231,319.91,0.8970,0.5810,0.223419,15,31,43,242.31,0.4387,0.1283,0.012559,4.371
731847,520,410,930,230,75,79,23.11,0.8536,0.5712,0.224225,20,30,36,234.99,0.2463,0.1252,0.012046,4.420
731854,520,461,981,168,85,190,318.83,0.6840,0.5260,0.185404,9,7,13,301.09,0.2442,0.0489,0.002391,4.493
731892,520,474,994,174,22,246,309.71,0.9808,0.5178,0.162272,1,3,16,265.83,0.8001,0.0320,0.001090,4.155
731905,520,445,965,186,63,214,319.51,0.8507,0.5400,0.188504,17,8,41,290.77,0.7196,0.0755,0.004529,4.374
731909,520,464,984,232,9,33,26.27,0.9946,0.5219,0.174641,12,9,7,59.19,0.1378,0.0541,0.002889,4.247
731919,520,420,940,215,35,211,329.27,0.9492,0.5637,0.203544,24,24,29,285.53,0.1126,0.1093,0.009362,4.271
731935,520,380,900,253,20,153,354.71,0.9843,0.5976,0.236864,3,45,3,142.73,0.9895,0.1558,0.019026,4.156
731938,520,462,982,237,10,44,24.51,0.9940,0.5339,0.184067,16,4,14,332.99,0.5297,0.0496,0.002287,4.477
731946,520,425,945,218,52,181,338.88,0.8734,0.5623,0.206999,26,3,73,287.13,0.9568,0.1097,0.007658,4.457
731952,520,408,928,225,78,81,22.97,0.8245,0.5661,0.220530,53,5,44,336.97,0.7937,0.1277,0.010474,4.474
731955,520,384,904,220,31,235,324.61,0.9760,0.5869,0.221959,62,18,25,13.83,0.6508,0.1534,0.015271,4.167
731963,520,452,972,217,26,158,345.47,0.9341,0.5318,0.179615,35,3,4,23.23,0.8580,0.0737,0.004313,4.228
731965,520,454,974,210,61,122,359.91,0.7868,0.5293,0.184465,17,7,39,293.07,0.7239,0.0721,0.004176,4.328
731970,520,370,890,221,50,254,320.26,0.9955,0.6132,0.248111,33,38,58,272.91,0.3244,0.1706,0.020150,4.250
731973,520,394,914,203,79,215,324.09,0.8317,0.5854,0.231963,28,30,54,278.86,0.4114,0.1425,0.014417,4.377
731988,520,448,968,218,45,144,351.36,0.8658,0.5385,0.187983,18,16,10,91.80,0.2136,0.0765,0.005211,4.310
732004,520,422,942,159,93,236,301.89,0.8355,0.5590,0.212561,1,28,42,234.35,0.9131,0.1116,0.010041,4.373
732012,520,411,931,214,20,230,324.37,0.9839,0.5689,0.205116,25,25,49,282.10,0.4414,0.1240,0.011237,4.166
732030,520,252,772,236,133,236,327.15,0.8883,0.7243,0.406659,26,73,51,160.31,0.7405,0.2702,0.052235,4.467
732047,520,479,999,186,35,199,324.42,0.9081,0.5052,0.157661,0,0,7,264.05,1.0000,0.0135,0.000153,4.141
732063,520,316,836,249,59,239,330.49,0.9772,0.6553,0.295026,97,1,60,351.16,0.9672,0.2249,0.028898,4.373
732066,520,374,894,219,93,147,355.96,0.7000,0.5955,0.249976,22,36,70,265.35,0.5848,0.1648,0.018745,4.364
732084,520,319,839,251,37,240,330.76,0.9855,0.6462,0.281267,59,49,39,66.89,0.2048,0.2208,0.032730,4.004
732085,520,460,980,160,82,219,307.50,0.7887,0.5304,0.186232,12,11,0,106.57,1.0000,0.0563,0.003175,4.443
732105,520,394,914,216,67,208,330.22,0.8716,0.5883,0.231693,41,25,35,341.71,0.3039,0.1350,0.012881,4.480
732109,520,362,882,175,112,235,305.64,0.7926,0.6097,0.267010,48,37,47,329.18,0.2046,0.1786,0.021568,4.430
732119,520,453,973,214,16,175,339.18,0.9667,0.5316,0.177641,19,8,25,312.75,0.5087,0.0667,0.003823,4.229
732129,520,418,938,201,59,207,326.24,0.8652,0.5551,0.200521,10,33,21,158.45,0.6659,0.1220,0.012063,4.037
732142,520,458,978,194,35,213,323.01,0.9342,0.5290,0.174770,13,10,8,57.60,0.1262,0.0574,0.003202,4.225
732153,520,430,950,199,26,235,319.18,0.9745,0.5497,0.188806,45,5,24,355.57,0.7568,0.1021,0.007325,4.166
732163,520,411,931,247,4,109,7.31,0.9964,0.5666,0.209686,20,4,84,277.61,0.9755,0.1188,0.008756,4.420
732193,520,461,981,220,62,5,35.86,0.9916,0.5292,0.186745,7,10,0,119.83,1.0000,0.0497,0.002623,4.499
732194,520,467,987,205,24,185,333.90,0.9434,0.5237,0.171372,7,4,5,354.44,0.1886,0.0366,0.001430,4.304
732204,520,465,985,167,82,187,319.66,0.6877,0.5179,0.178388,9,3,34,286.24,0.8446,0.0527,0.002387,4.360
732233,520,434,954,229,61,31,32.36,0.9526,0.5472,0.200973,6,7,75,268.74,0.9753,0.1019,0.006986,4.404
732237,520,396,916,242,63,76,22.12,0.9247,0.5803,0.229573,41,20,65,302.21,0.6670,0.1442,0.013534,4.400
732244,520,450,970,181,59,227,314.76,0.8876,0.5379,0.184988,20,5,32,307.37,0.7095,0.0665,0.003616,4.383
732251,520,429,949,215,85,14,42.48,0.9648,0.5502,0.209781,22,24,6,114.45,0.5943,0.1003,0.008370,4.451
732254,520,424,944,226,52,137,356.29,0.8628,0.5564,0.204335,29,24,28,332.73,0.1230,0.1143,0.009983,4.240
732258,520,403,923,228,11,213,332.03,0.9915,0.5795,0.215399,2,37,24,164.09,0.9546,0.1321,0.014019,4.146
732270,520,475,995,189,18,226,318.62,0.9786,0.5230,0.167438,10,1,7,337.87,0.6952,0.0321,0.001016,4.262
732288,520,431,951,174,97,186,322.06,0.6212,0.5518,0.210941,13,24,30,232.94,0.3193,0.1004,0.008325,4.474
732303,520,466,986,231,20,35,26.45,0.9862,0.5231,0.176137,0,1,48,264.18,0.9951,0.0542,0.002351,4.320
732307,520,468,988,160,95,161,326.47,0.5209,0.5152,0.182319,16,3,4,14.91,0.5655,0.0435,0.001841,4.481
732309,520,351,871,248,32,225,333.67,0.9835,0.6293,0.264288,69,19,72,325.47,0.7234,0.1918,0.021990,4.366
732312,520,225,745,216,159,250,312.17,0.9070,0.7540,0.462982,9,84,24,145.46,0.9871,0.2965,0.064644,4.475
732317,520,431,951,233,22,120,1.87,0.9635,0.5459,0.192565,12,6,69,274.38,0.9570,0.0967,0.006380,4.302
732334,520,352,872,234,34,240,326.85,0.9811,0.6156,0.249302,49,45,3,103.85,0.9106,0.1904,0.025364,3.971
732353,520,348,868,198,111,230,316.24,0.7985,0.6339,0.290889,10,55,11,143.30,0.9703,0.1942,0.028210,4.359
732355,520,390,910,250,1,151,354.42,0.9991,0.5868,0.225836,18,9,105,271.87,0.9789,0.1511,0.013438,4.348
732376,520,453,973,231,33,8,30.61,0.9921,0.5276,0.180972,6,14,26,256.88,0.4695,0.0680,0.004274,4.256
732377,520,424,944,210,67,181,337.05,0.8085,0.5626,0.210541,48,9,18,10.53,0.7059,0.1114,0.008675,4.440
732401,520,432,952,155,85,249,298.95,0.9390,0.5523,0.203054,5,25,39,241.49,0.6723,0.1034,0.008740,4.308
732404,520,324,844,240,110,134,10.72,0.7942,0.6514,0.314011,8,58,29,152.72,0.9517,0.2071,0.031663,4.457
732414,520,448,968,113,99,255,281.38,1.0000,0.5370,0.196539,9,18,17,187.34,0.2718,0.0761,0.005311,4.457
732419,520,389,909,201,85,219,322.08,0.8229,0.5926,0.240304,5,35,63,250.37,0.8017,0.1482,0.015931,4.403
732426,520,418,938,230,60,101,11.86,0.8647,0.5596,0.209971,15,5,86,273.34,0.9797,0.1189,0.008819,4.420
732434,520,476,996,208,40,127,355.17,0.8569,0.5084,0.164620,6,0,2,353.79,1.0000,0.0210,0.000431,4.256
732436,520,376,896,245,29,185,343.64,0.9722,0.6001,0.237971,16,43,13,141.72,0.8865,0.1560,0.018669,4.194
732439,520,350,870,249,69,177,348.41,0.9444,0.6307,0.275735,90,3,7,26.51,0.9817,0.1950,0.022545,4.490
732447,520,390,910,251,10,138,358.82,0.9918,0.5854,0.225648,58,4,68,320.54,0.8761,0.1534,0.014038,4.304
732450,520,459,979,195,66,162,339.47,0.7532,0.5258,0.181088,4,9,32,267.91,0.7326,0.0596,0.003255,4.339
732459,520,409,929,251,19,81,16.79,0.9872,0.5717,0.215727,27,3,89,282.02,0.9777,0.1305,0.010194,4.415
732493,520,405,925,242,21,161,350.04,0.9757,0.5798,0.219900,45,19,34,345.90,0.4765,0.1282,0.011392,4.396
732496,520,390,910,240,38,172,346.63,0.9457,0.5885,0.228931,6,2,111,266.48,0.9977,0.1464,0.012297,4.477
732546,520,375,895,254,31,143,358.39,0.9913,0.5998,0.240376,45,16,83,297.72,0.8066,0.1598,0.015530,4.431
732549,520,456,976,219,60,78,19.36,0.8590,0.5329,0.188444,0,4,51,264.08,0.9814,0.0638,0.003258,4.477
732564,520,453,973,206,68,129,356.92,0.7485,0.5326,0.188431,11,16,5,127.38,0.4955,0.0689,0.004527,4.373
732567,520,396,916,231,54,161,348.86,0.8803,0.5776,0.222032,29,11,89,282.34,0.9184,0.1415,0.012218,4.372
732575,520,321,841,202,127,203,326.44,0.6108,0.6523,0.320483,32,57,19,136.23,0.8049,0.2133,0.032803,4.474
732576,520,7,527,250,254,228,114.13,0.9727,0.9851,0.968091,6,134,79,156.17,0.9921,0.4736,0.176526,4.494
732585,520,172,692,242,169,235,329.94,0.8961,0.7966,0.532529,38,92,51,149.19,0.8098,0.3379,0.083051,4.378
732595,520,396,916,245,57,69,23.29,0.9466,0.5795,0.227718,27,36,18,130.24,0.4493,0.1425,0.015384,4.247
732600,520,389,909,232,35,204,335.40,0.9599,0.5894,0.227201,6,1,111,266.48,0.9989,0.1453,0.012080,4.465
732604,520,303,823,244,77,248,326.96,0.9751,0.6682,0.313207,20,63,27,146.62,0.9046,0.2280,0.037827,4.135
732605,520,394,914,237,25,204,336.52,0.9782,0.5942,0.230622,50,22,25,14.26,0.4592,0.1387,0.013222,4.439
732631,520,261,781,251,128,171,359.38,0.8960,0.7094,0.388906,43,71,52,153.85,0.4355,0.2739,0.052679,4.275
732632,520,381,901,217,41,254,319.42,0.9956,0.6011,0.234952,59,18,53,333.76,0.6515,0.1604,0.016196,4.305
732643,520,370,890,230,67,202,335.80,0.8908,0.6082,0.251040,62,15,64,326.17,0.7342,0.1689,0.017361,4.469
732652,520,371,891,243,27,216,334.78,0.9830,0.6130,0.247994,65,7,67,326.64,0.8219,0.1683,0.016812,4.460
732653,520,430,950,219,43,173,341.49,0.8942,0.5530,0.198073,47,2,21,359.87,0.8556,0.1004,0.007020,4.351
732673,520,423,943,247,11,95,11.91,0.9912,0.5643,0.208433,5,11,81,267.21,0.9707,0.1145,0.008656,4.406
732703,520,429,949,235,49,21,31.41,0.9772,0.5476,0.199161,15,23,36,259.86,0.3600,0.1023,0.008417,4.265
732704,520,398,918,230,68,133,0.41,0.8260,0.5777,0.226534,2,36,44,216.92,0.8981,0.1374,0.014564,4.283
732709,520,339,859,252,95,85,27.00,0.9723,0.6383,0.295391,24,54,41,163.68,0.5570,0.2038,0.029925,4.321
732717,520,371,891,225,56,233,326.07,0.9448,0.6092,0.247213,47,34,38,358.33,0.1926,0.1659,0.018884,4.315
732731,520,431,951,186,48,241,313.54,0.9389,0.5469,0.189050,36,1,59,306.81,0.9609,0.1049,0.007126,4.185
732751,520,389,909,245,54,118,6.94,0.9207,0.5880,0.233621,34,5,100,283.84,0.9677,0.1540,0.013687,4.453
732756,520,462,982,214,54,111,4.41,0.8265,0.5259,0.180846,7,7,11,285.00,0.1730,0.0463,0.002213,4.421
732777,520,352,872,234,17,250,324.71,0.9942,0.6167,0.247979,59,38,13,68.24,0.6429,0.1865,0.023452,4.057
732780,520,360,880,221,72,233,324.72,0.9158,0.6172,0.258921,8,21,122,266.25,0.9750,0.1842,0.019929,4.418
732798,520,419,939,247,24,76,18.08,0.9811,0.5641,0.209528,4,1,90,266.57,0.9982,0.1130,0.007856,4.486
732805,520,391,911,231,78,134,1.69,0.8006,0.5913,0.241616,28,30,68,277.95,0.5768,0.1529,0.015927,4.423
732820,520,401,921,172,97,233,307.01,0.8161,0.5794,0.232038,6,24,81,264.97,0.9176,0.1379,0.012860,4.487
732832,520,447,967,162,95,202,311.28,0.6743,0.5421,0.201307,9,21,18,176.56,0.3662,0.0845,0.006381,4.457
732837,520,290,810,253,96,198,344.04,0.9787,0.6768,0.333286,11,53,107,256.99,0.8615,0.2362,0.036787,4.416
732858,520,348,868,223,85,219,328.91,0.8684,0.6262,0.273015,65,30,40,2.98,0.4621,0.1853,0.022057,4.483
732867,520,402,922,236,37,163,348.56,0.9374,0.5762,0.218033,48,7,55,321.36,0.7907,0.1286,0.010563,4.426
732873,520,454,974,233,18,52,22.95,0.9859,0.5285,0.180073,10,10,41,277.54,0.7275,0.0731,0.004417,4.228
732875,520,406,926,246,57,85,18.63,0.9419,0.5843,0.231784,14,27,66,266.65,0.7285,0.1338,0.012705,4.494
732882,520,470,990,217,49,102,7.93,0.8588,0.5244,0.179102,0,7,16,241.36,1.0000,0.0417,0.001894,4.415
732905,520,468,988,224,38,71,18.71,0.9366,0.5226,0.176913,17,1,1,25.89,0.8785,0.0386,0.001431,4.412
732913,520,445,965,215,68,110,7.35,0.7812,0.5425,0.197095,2,16,42,258.68,0.8566,0.0806,0.005506,4.452
732915,520,389,909,224,71,173,343.90,0.8217,0.5869,0.233733,26,19,87,278.59,0.8636,0.1475,0.013734,4.452
732919,520,469,989,223,39,45,26.00,0.9532,0.5172,0.173313,3,5,6,224.94,0.1843,0.0354,0.001410,4.344
732922,520,438,958,229,7,169,344.53,0.9896,0.5549,0.196773,13,15,41,276.66,0.5965,0.0851,0.005873,4.417
732930,520,332,852,216,91,242,320.36,0.9237,0.6373,0.284936,45,48,43,132.60,0.0858,0.2031,0.028462,4.269
732933,520,445,965,225,22,147,350.92,0.9539,0.5406,0.186906,34,0,41,320.58,1.0000,0.0844,0.005002,4.307
732943,520,320,840,252,60,213,337.90,0.9824,0.6460,0.287344,10,59,1,140.67,0.9970,0.2071,0.031945,4.117
732976,520,463,983,226,52,34,30.22,0.9482,0.5327,0.187431,2,11,19,239.47,0.6298,0.0543,0.002993,4.480
732979,520,456,976,197,33,215,323.38,0.9436,0.5344,0.178659,28,1,2,23.29,0.9310,0.0565,0.002730,4.336
732994,520,411,931,215,50,208,330.01,0.9117,0.5715,0.212844,6,31,26,177.87,0.7078,0.1154,0.010932,4.314
733009,520,349,869,213,81,252,317.50,0.9805,0.6276,0.270609,56,37,40,8.61,0.2516,0.1865,0.023172,4.382
733024,520,312,832,230,100,219,330.93,0.8623,0.6564,0.310540,77,36,44,8.87,0.4744,0.2191,0.030216,4.495
733032,520,421,941,211,64,181,337.26,0.8204,0.5612,0.208539,22,11,68,282.74,0.8595,0.1108,0.008272,4.437
733039,520,389,909,211,81,200,331.19,0.8042,0.5913,0.239057,48,26,48,326.92,0.4377,0.1538,0.015806,4.393
733040,520,397,917,229,26,200,335.72,0.9700,0.5776,0.215695,38,28,30,4.96,0.1669,0.1360,0.013363,4.193
733052,520,349,869,240,106,27,45.12,0.9579,0.6274,0.289154,4,55,10,144.51,0.9883,0.1921,0.027800,4.359
733056,520,350,870,248,95,36,39.07,0.9557,0.6254,0.282715,9,46,76,247.67,0.7753,0.1910,0.025337,4.416
733059,520,410,930,245,36,77,18.51,0.9638,0.5658,0.212135,20,26,56,272.54,0.5558,0.1272,0.011730,4.246
733070,520,403,923,245,20,150,354.09,0.9782,0.5806,0.221181,38,17,59,303.94,0.6729,0.1301,0.011288,4.425
733093,520,435,955,206,59,191,332.49,0.8424,0.5533,0.200132,11,22,28,233.09,0.3404,0.0927,0.007288,4.366
733099,520,466,986,160,63,241,304.42,0.9182,0.5235,0.173800,5,12,4,140.35,0.5520,0.0539,0.003040,4.219
733107,520,429,949,243,20,29,27.59,0.9898,0.5483,0.196472,26,14,47,297.12,0.6337,0.1003,0.007389,4.295
733112,520,320,840,241,83,221,333.29,0.9273,0.6536,0.301103,12,57,33,155.64,0.8988,0.2059,0.031141,4.327
733116,520,478,998,210,62,33,32.98,0.9236,0.5110,0.172590,3,1,6,305.83,0.6115,0.0228,0.000542,4.404
733127,520,312,832,236,80,243,326.09,0.9530,0.6555,0.300436,45,31,123,281.36,0.8449,0.2247,0.029678,4.398
733136,520,197,717,244,156,239,328.84,0.9339,0.7764,0.492438,58,81,60,146.93,0.3449,0.3185,0.071105,4.479
733167,520,420,940,196,91,160,342.49,0.6403,0.5610,0.217576,19,29,16,138.60,0.4106,0.1141,0.010546,4.419
733169,520,314,834,252,108,98,26.57,0.9636,0.6594,0.323056,49,54,15,116.02,0.7135,0.2183,0.033258,4.481
733171,520,425,945,216,66,158,347.06,0.7989,0.5604,0.209662,18,28,6,129.42,0.7192,0.1083,0.009722,4.348
733195,520,399,919,217,69,181,339.10,0.8194,0.5767,0.223463,27,17,86,280.18,0.8698,0.1441,0.013057,4.337
733198,520,474,994,157,90,185,315.10,0.6296,0.5159,0.179838,0,6,3,165.38,1.0000,0.0337,0.001368,4.474
733209,520,283,803,249,119,174,355.44,0.8828,0.6930,0.363922,61,60,38,105.88,0.3333,0.2533,0.043638,4.420
733218,520,480,1000,198,75,58,30.49,0.7910,0.5083,0.173454,0,0,0,0.00,0.0000,0.0000,0.000000,4.469
733234,520,327,847,217,102,235,322.06,0.8805,0.6493,0.302543,12,56,48,178.20,0.7980,0.2076,0.031198,4.342
733239,520,476,996,223,20,48,23.47,0.9807,0.5073,0.164045,1,1,1,0.00,0.0000,0.0164,0.000304,4.255
733258,520,416,936,240,34,140,356.89,0.9458,0.5725,0.215659,27,18,61,287.91,0.6906,0.1204,0.010025,4.426
733267,520,326,846,248,32,254,326.95,0.9970,0.6481,0.281481,75,32,50,355.51,0.5179,0.2103,0.027594,4.272
733295,520,465,985,181,64,197,322.66,0.8017,0.5214,0.175230,22,1,2,21.09,0.8868,0.0465,0.001967,4.334
733305,520,464,984,206,76,20,39.77,0.9420,0.5207,0.183434,3,1,41,271.75,0.9855,0.0493,0.002011,4.488
733309,520,404,924,228,71,127,2.91,0.8101,0.5753,0.225354,48,21,17,29.66,0.5037,0.1311,0.012053,4.437
733317,520,474,994,171,65,212,314.88,0.8271,0.5179,0.171929,10,0,2,3.86,1.0000,0.0266,0.000689,4.378
733323,520,13,533,241,252,251,190.45,0.6246,0.9797,0.952863,41,134,11,140.19,0.9927,0.4717,0.175451,4.448
733344,520,390,910,244,49,141,358.23,0.9198,0.5900,0.233560,28,20,83,280.84,0.8206,0.1466,0.013717,4.450
733359,520,422,942,178,85,214,315.41,0.7727,0.5559,0.208180,4,21,64,263.29,0.9046,0.1128,0.009323,4.352
733370,520,425,945,170,86,234,307.29,0.8465,0.5608,0.211428,6,32,14,150.97,0.8818,0.1149,0.011034,4.283
733384,520,428,948,245,22,63,21.24,0.9845,0.5569,0.203487,8,25,25,195.47,0.4799,0.0980,0.008170,4.358
733389,520,400,920,231,75,97,16.43,0.8321,0.5769,0.228870,41,28,18,58.56,0.3472,0.1363,0.013456,4.395
733397,520,297,817,242,132,47,53.38,0.9130,0.6771,0.355877,33,64,50,163.31,0.4907,0.2444,0.042203,4.402
733405,520,377,897,252,67,46,30.39,0.9850,0.5998,0.249106,19,44,13,139.84,0.8672,0.1610,0.019688,4.292
733426,520,380,900,199,100,199,327.35,0.7036,0.5995,0.253814,34,40,22,123.61,0.3893,0.1620,0.019156,4.393
733440,520,391,911,238,67,131,2.56,0.8602,0.5907,0.238331,1,42,40,189.86,0.9679,0.1542,0.018155,4.231
733446,520,390,910,239,74,92,18.77,0.8842,0.5895,0.240241,53,18,60,320.65,0.6696,0.1548,0.015158,4.454
733452,520,447,967,225,63,3,35.88,0.9954,0.5401,0.195719,19,8,43,292.75,0.7326,0.0792,0.004865,4.479
733465,520,402,922,192,62,253,312.07,0.9869,0.5776,0.217447,55,11,36,349.43,0.7007,0.1344,0.011791,4.328
733466,520,380,900,203,83,235,318.50,0.8864,0.6035,0.248826,45,33,31,29.29,0.1871,0.1581,0.017446,4.431
733477,520,341,861,250,49,196,341.99,0.9672,0.6256,0.265093,55,33,86,300.09,0.6212,0.2037,0.025719,4.161
733494,520,480,1000,210,8,147,347.14,0.9763,0.5068,0.159842,0,0,0,0.00,0.0000,0.0000,0.000000,4.197
733508,520,327,847,225,95,235,324.78,0.9026,0.6514,0.301921,30,54,56,202.52,0.3624,0.2135,0.031998,4.292
733512,520,436,956,188,39,243,313.99,0.9575,0.5453,0.186147,17,13,47,283.53,0.6839,0.0892,0.006122,4.208
733514,520,231,751,229,156,192,348.60,0.6022,0.7378,0.442423,47,77,29,135.27,0.7749,0.2904,0.060007,4.476
733515,520,453,973,222,54,75,19.53,0.8881,0.5322,0.186786,18,3,39,298.13,0.8410,0.0657,0.003402,4.434
733521,520,345,865,250,58,188,344.61,0.9618,0.6281,0.269842,84,4,51,351.88,0.8783,0.1945,0.022110,4.435
733550,520,427,947,241,41,60,23.33,0.9595,0.5578,0.206162,37,12,22,356.75,0.5223,0.0977,0.007142,4.483
733584,520,475,995,207,54,130,354.95,0.8036,0.5195,0.175176,0,5,6,205.57,1.0000,0.0320,0.001217,4.397
733604,520,447,967,217,41,152,348.03,0.8806,0.5374,0.186070,8,17,37,264.08,0.5738,0.0833,0.005861,4.226
733621,520,396,916,245,40,124,3.61,0.9421,0.5801,0.223886,38,28,45,310.79,0.3201,0.1430,0.014321,4.258
733623,520,429,949,235,40,91,13.48,0.9357,0.5507,0.199382,26,2,63,292.50,0.9531,0.0969,0.006219,4.436
733630,520,472,992,230,20,46,24.27,0.9839,0.5221,0.175236,4,2,19,285.59,0.7674,0.0344,0.001162,4.402
733652,520,293,813,237,90,255,323.18,1.0000,0.6756,0.325391,55,60,19,115.57,0.6877,0.2431,0.040910,4.129
733654,520,434,954,200,46,219,322.97,0.9202,0.5507,0.193494,44,9,9,23.86,0.7306,0.1015,0.007507,4.234
733657,520,461,981,185,38,226,317.06,0.9388,0.5261,0.171927,0,14,5,157.28,1.0000,0.0549,0.003250,4.168
733659,520,430,950,165,84,233,305.91,0.8440,0.5506,0.202237,22,17,50,286.43,0.6172,0.1041,0.008017,4.348
733687,520,423,943,248,26,39,26.58,0.9858,0.5620,0.208453,45,13,12,24.48,0.6421,0.1101,0.008724,4.401
733710,520,474,994,230,16,34,26.36,0.9895,0.5195,0.173121,8,1,12,316.60,0.7455,0.0321,0.000999,4.375
733740,520,322,842,249,47,240,330.28,0.9783,0.6480,0.284670,79,31,22,32.34,0.6605,0.2073,0.027004,4.346
733750,520,384,904,210,89,172,341.52,0.7141,0.5858,0.238268,1,39,43,205.33,0.9562,0.1459,0.016318,4.347
733752,520,341,861,218,86,232,323.76,0.8906,0.6276,0.273890,80,29,1,45.16,0.9650,0.2028,0.025867,4.269
733756,520,258,778,228,153,102,54.35,0.6627,0.7055,0.402377,57,68,45,128.98,0.3349,0.2743,0.051935,4.438
733760,520,183,703,239,182,127,64.75,0.6901,0.7862,0.533407,32,92,28,142.27,0.9453,0.3311,0.080449,4.472
733763,520,416,936,236,43,149,353.48,0.9175,0.5736,0.217335,37,22,29,349.98,0.2908,0.1201,0.010559,4.414
733767,520,408,928,248,29,64,21.64,0.9788,0.5662,0.212089,14,32,48,247.13,0.5097,0.1335,0.013397,4.134
733769,520,463,983,216,50,116,2.24,0.8438,0.5278,0.181435,22,0,8,355.82,1.0000,0.0462,0.001881,4.461
733784,520,457,977,187,32,229,317.09,0.9558,0.5282,0.172563,3,13,7,159.60,0.6104,0.0555,0.003225,4.182
733785,520,392,912,239,13,200,337.99,0.9904,0.5921,0.228116,14,40,42,202.11,0.5419,0.1542,0.017780,4.103
733793,520,457,977,197,74,144,348.43,0.7041,0.5306,0.187832,6,15,8,151.53,0.4480,0.0633,0.003979,4.406
733797,520,409,929,250,30,63,22.07,0.9791,0.5707,0.216151,43,17,50,318.71,0.6096,0.1306,0.011448,4.331
733802,520,439,959,189,32,251,312.75,0.9812,0.5497,0.188181,6,24,11,151.34,0.7381,0.0892,0.007161,4.167
733804,520,480,1000,204,40,148,346.14,0.8530,0.5101,0.164951,0,0,0,0.00,0.0000,0.0000,0.000000,4.299
733818,520,394,914,251,43,123,5.14,0.9663,0.5934,0.236706,41,26,44,320.74,0.3652,0.1417,0.013921,4.485
733825,520,351,871,243,7,245,327.90,0.9980,0.6267,0.258020,20,46,70,248.47,0.5742,0.1914,0.025448,4.083
733827,520,290,810,253,74,251,328.47,0.9932,0.6816,0.327481,38,43,126,273.85,0.8126,0.2442,0.036460,4.366
733844,520,322,842,242,92,181,347.11,0.8706,0.6461,0.298705,31,58,8,134.06,0.9403,0.2146,0.033349,4.184
733862,520,368,888,246,7,218,334.91,0.9969,0.6145,0.248098,61,17,65,324.31,0.7137,0.1704,0.017748,4.400
733865,520,437,957,190,35,250,313.16,0.9764,0.5520,0.190526,13,3,64,277.37,0.9687,0.0868,0.005208,4.357
733876,520,192,712,238,172,175,15.92,0.6185,0.7757,0.507790,52,85,51,143.59,0.5558,0.3238,0.074659,4.475
733877,520,429,949,190,36,251,312.92,0.9806,0.5534,0.191751,33,19,6,63.24,0.5702,0.1010,0.008023,4.167
733893,520,350,870,247,76,162,353.73,0.9144,0.6278,0.275548,59,33,55,332.59,0.4148,0.1886,0.022934,4.464
733919,520,439,959,214,32,198,332.55,0.9427,0.5519,0.194085,23,18,14,60.68,0.1710,0.0877,0.006465,4.323
733936,520,424,944,245,0,84,14.68,1.0000,0.5553,0.200561,7,26,37,236.42,0.5886,0.1061,0.009175,4.234
733944,520,297,817,232,126,168,355.98,0.6967,0.6769,0.349069,17,67,6,140.63,0.9849,0.2378,0.041465,4.363
733960,520,459,979,220,62,14,35.15,0.9774,0.5295,0.186952,13,14,2,112.60,0.6933,0.0647,0.004040,4.385
733964,520,173,693,245,171,213,344.51,0.8084,0.7952,0.533442,12,96,42,149.38,0.9805,0.3410,0.086107,4.287
733975,520,469,989,179,75,177,328.35,0.7111,0.5195,0.177914,11,2,21,306.15,0.7535,0.0428,0.001687,4.409
733980,520,380,900,251,51,131,3.08,0.9628,0.6014,0.245191,38,39,18,110.95,0.4631,0.1624,0.019068,4.274
733982,520,400,920,225,30,211,331.82,0.9666,0.5789,0.216416,56,4,51,332.64,0.8257,0.1368,0.011667,4.320
733984,520,402,922,219,38,226,326.46,0.9602,0.5824,0.219394,32,31,2,107.69,0.8870,0.1300,0.012914,4.282
733999,520,314,834,242,101,194,343.01,0.8769,0.6638,0.320823,39,52,73,259.79,0.3311,0.2233,0.033683,4.431
734003,520,433,953,225,17,171,343.09,0.9716,0.5506,0.193513,15,12,63,276.76,0.8661,0.1010,0.007234,4.255
734004,520,426,946,188,68,234,314.82,0.8907,0.5631,0.207673,14,27,25,183.79,0.3199,0.1074,0.009474,4.333
734049,520,455,975,139,95,222,296.24,0.7602,0.5283,0.189474,17,9,17,326.54,0.3147,0.0626,0.003550,4.472
734053,520,388,908,250,58,6,33.44,0.9955,0.5851,0.233668,33,15,91,284.20,0.8810,0.1528,0.014203,4.418
734071,520,388,908,246,14,167,348.92,0.9876,0.5884,0.227002,24,29,73,274.24,0.6678,0.1515,0.015539,4.227
734072,520,465,985,120,91,241,286.60,0.8841,0.5168,0.178258,9,1,40,284.09,0.9609,0.0538,0.002330,4.362
734092,520,408,928,225,37,189,337.95,0.9362,0.5691,0.210073,24,26,54,278.27,0.4977,0.1290,0.011993,4.195
734097,520,375,895,243,22,196,340.03,0.9826,0.5997,0.236171,33,39,32,141.15,0.1618,0.1610,0.018786,4.160
734110,520,416,936,239,19,159,349.99,0.9763,0.5724,0.213228,33,12,59,299.68,0.7543,0.1157,0.009021,4.460
734126,520,107,627,219,224,149,111.44,0.6325,0.8668,0.705415,0,113,27,144.99,1.0000,0.3947,0.118889,4.473
734130,520,434,954,233,5,141,354.29,0.9922,0.5494,0.193582,47,2,6,21.09,0.9340,0.0963,0.006610,4.303
734135,520,362,882,242,75,128,5.57,0.8740,0.6056,0.254710,17,48,42,178.86,0.5981,0.1811,0.024002,4.118
734137,520,395,915,235,44,178,343.81,0.9275,0.5858,0.226807,41,28,33,353.97,0.2209,0.1412,0.014118,4.317
734152,520,355,875,252,40,186,345.09,0.9786,0.6189,0.257616,65,25,40,358.58,0.5437,0.1759,0.019724,4.412
734164,520,352,872,216,107,159,351.92,0.6460,0.6173,0.276195,21,32,108,269.54,0.8939,0.1914,0.022750,4.484
734171,520,427,947,242,17,121,2.94,0.9802,0.5629,0.206619,2,30,0,141.11,1.0000,0.1035,0.009414,4.319
734174,520,388,908,253,45,70,21.87,0.9887,0.5864,0.232053,38,2,96,288.76,0.9819,0.1504,0.013000,4.477
734189,520,395,915,221,19,241,323.58,0.9896,0.5886,0.221909,31,33,7,113.24,0.6917,0.1354,0.013944,4.252
734221,520,441,961,204,84,76,26.55,0.7300,0.5358,0.197018,18,23,3,120.89,0.7670,0.0931,0.007480,4.297
734232,520,462,982,197,18,224,321.33,0.9794,0.5348,0.176863,5,2,38,276.70,0.9468,0.0505,0.002156,4.350
734240,520,454,974,161,96,176,319.91,0.5691,0.5266,0.190781,13,3,52,282.03,0.9360,0.0732,0.003986,4.460
734251,520,336,856,248,91,149,0.87,0.8999,0.6424,0.296117,10,48,80,248.51,0.7750,0.2000,0.027575,4.462
734255,520,460,980,224,49,32,30.08,0.9516,0.5258,0.181510,11,14,1,118.30,0.8381,0.0628,0.003874,4.297
734267,520,257,777,251,131,163,4.36,0.8857,0.7118,0.393889,51,68,30,129.02,0.6051,0.2654,0.049317,4.469
734282,520,424,944,234,62,64,25.13,0.9110,0.5617,0.213109,36,19,9,50.59,0.4975,0.1060,0.008606,4.489
734303,520,389,909,230,64,179,343.00,0.8665,0.5932,0.237470,3,44,2,142.29,0.9912,0.1521,0.018250,4.212
734306,520,455,975,237,13,6,29.32,0.9951,0.5322,0.183088,12,4,37,288.49,0.8156,0.0599,0.002986,4.399
734320,520,457,977,227,45,40,27.97,0.9501,0.5294,0.183638,13,4,35,291.84,0.7913,0.0592,0.002937,4.413
734327,520,448,968,215,70,81,20.24,0.8103,0.5374,0.194239,1,17,44,257.10,0.9191,0.0838,0.005892,4.370
734345,520,405,925,223,70,172,343.94,0.8205,0.5836,0.230492,4,37,26,166.87,0.8930,0.1336,0.014235,4.367
734349,520,412,932,187,67,250,310.93,0.9660,0.5730,0.214823,37,24,21,33.39,0.2550,0.1219,0.011008,4.341
734350,520,443,963,233,9,117,2.48,0.9867,0.5412,0.188064,18,16,28,291.41,0.3051,0.0834,0.005830,4.264
734356,520,424,944,246,31,34,27.69,0.9815,0.5596,0.206918,3,16,72,265.19,0.9466,0.1105,0.008578,4.386
734375,520,332,852,254,46,208,339.48,0.9940,0.6373,0.275822,36,48,46,183.91,0.1749,0.1956,0.026862,4.239
734392,520,433,953,194,76,185,330.78,0.7510,0.5493,0.201425,4,22,47,256.21,0.7719,0.1003,0.008048,4.331
734396,520,386,906,246,69,18,34.78,0.9834,0.5883,0.238962,21,35,56,258.28,0.4551,0.1514,0.016470,4.347
734415,520,394,914,248,28,149,355.24,0.9687,0.5890,0.229603,60,12,29,3.07,0.7156,0.1424,0.013125,4.429
734419,520,476,996,193,76,93,14.38,0.6833,0.5082,0.172984,2,0,11,290.67,1.0000,0.0202,0.000371,4.427
734421,520,452,972,140,96,217,297.44,0.7326,0.5274,0.189511,18,12,24,306.70,0.3477,0.0728,0.004575,4.389
734435,520,433,953,197,40,229,319.77,0.9447,0.5491,0.190466,48,2,8,18.51,0.9252,0.0988,0.006894,4.227
734442,520,429,949,202,85,136,355.53,0.6627,0.5513,0.208330,2,27,22,177.90,0.8868,0.0992,0.008547,4.412
734443,520,464,984,189,79,134,351.72,0.6471,0.5199,0.181336,18,4,2,35.79,0.6405,0.0479,0.002198,4.432
734444,520,408,928,208,15,245,319.44,0.9913,0.5688,0.203459,20,7,92,275.36,0.9702,0.1329,0.010733,4.173
734450,520,422,942,248,18,71,19.21,0.9881,0.5632,0.208476,25,27,8,114.17,0.5619,0.1121,0.010081,4.302
734461,520,419,939,227,6,180,340.78,0.9917,0.5568,0.197591,50,8,20,7.66,0.7332,0.1145,0.009024,4.195
734466,520,463,983,154,75,241,301.24,0.9004,0.5303,0.182534,15,4,23,310.07,0.6499,0.0529,0.002503,4.429
734484,520,360,880,252,21,200,340.90,0.9882,0.6183,0.254052,26,4,127,273.25,0.9931,0.1828,0.018386,4.446
734504,520,447,967,234,35,50,24.77,0.9662,0.5382,0.189279,24,4,50,297.61,0.8603,0.0844,0.005113,4.342
734526,520,397,917,198,95,181,334.00,0.6714,0.5806,0.235279,44,26,31,1.42,0.2975,0.1399,0.013732,4.476
734553,520,325,845,241,72,234,329.75,0.9441,0.6499,0.292786,32,57,17,135.49,0.8369,0.2130,0.032737,4.143
734575,520,236,756,252,127,233,333.33,0.9816,0.7353,0.417599,78,56,102,305.00,0.4579,0.2926,0.054074,4.493
734589,520,466,986,195,87,47,39.92,0.7902,0.5203,0.186255,6,9,12,244.06,0.1804,0.0504,0.002606,4.491
734592,520,347,867,223,82,238,323.75,0.9223,0.6343,0.278976,39,47,28,126.99,0.3683,0.1894,0.025482,4.358
734597,520,407,927,216,75,165,345.02,0.7754,0.5740,0.223499,1,37,30,176.74,0.9690,0.1337,0.014233,4.258
734608,520,106,626,233,216,184,83.27,0.4480,0.8694,0.698967,12,112,26,144.19,0.9915,0.3929,0.117406,4.474
734614,520,6,526,254,253,226,105.29,0.9404,0.9858,0.968126,9,135,56,148.54,0.9933,0.4727,0.176708,4.491
734635,520,265,785,233,126,245,323.44,0.9353,0.7136,0.388397,26,66,88,235.73,0.6142,0.2648,0.048204,4.464
734643,520,474,994,184,47,208,321.07,0.8839,0.5172,0.167787,4,3,4,325.98,0.1326,0.0299,0.000997,4.271
734681,520,417,937,236,66,34,32.67,0.9522,0.5665,0.218479,25,30,12,121.80,0.4910,0.1215,0.011618,4.357
734689,520,366,886,224,65,223,328.26,0.9161,0.6088,0.249578,17,46,10,139.97,0.9273,0.1661,0.020950,4.222
734693,520,336,856,251,71,176,349.31,0.9596,0.6357,0.281535,60,41,44,8.44,0.2358,0.2033,0.027285,4.290
734700,520,295,815,249,100,208,339.87,0.9496,0.6801,0.338110,17,57,93,249.36,0.7320,0.2380,0.038355,4.393
734703,520,475,995,218,12,131,354.66,0.9711,0.5165,0.168096,3,3,16,278.98,0.6465,0.0343,0.001219,4.258
734705,520,449,969,234,21,106,6.84,0.9690,0.5431,0.190724,22,12,6,54.10,0.3950,0.0710,0.004467,4.420
734711,520,424,944,221,60,159,347.54,0.8328,0.5637,0.211095,10,31,8,141.88,0.8750,0.1126,0.010620,4.307
734718,520,136,656,239,207,108,91.76,0.7750,0.8393,0.640604,20,106,30,144.39,0.9803,0.3746,0.105501,4.441
734736,520,478,998,171,3,246,309.13,0.9976,0.5079,0.153778,2,2,4,284.11,0.2654,0.0240,0.000651,4.023
734737,520,428,948,204,1,247,318.08,0.9994,0.5609,0.195761,26,22,20,48.33,0.0970,0.1028,0.008439,4.205
734740,520,365,885,240,28,212,335.12,0.9792,0.6055,0.241121,57,3,92,305.52,0.9543,0.1734,0.017078,4.340
734760,520,462,982,175,62,225,313.13,0.8715,0.5304,0.179964,5,9,0,124.72,1.0000,0.0455,0.002276,4.399
734763,520,299,819,220,122,206,332.58,0.7231,0.6690,0.335927,51,56,45,127.40,0.1700,0.2330,0.037216,4.425
734775,520,469,989,231,5,47,23.41,0.9963,0.5202,0.173058,1,6,19,256.84,0.7605,0.0417,0.001837,4.303
734799,520,367,887,254,73,21,34.89,0.9948,0.6082,0.258937,60,30,15,46.22,0.5952,0.1698,0.019238,4.462
734802,520,439,959,241,20,47,24.53,0.9874,0.5457,0.194097,30,11,22,345.67,0.4650,0.0851,0.005733,4.380
734816,520,470,990,170,61,218,313.23,0.8543,0.5165,0.169464,16,2,4,9.49,0.6550,0.0410,0.001624,4.251
734847,520,476,996,213,16,127,355.10,0.9552,0.5059,0.160514,8,0,1,11.38,1.0000,0.0234,0.000538,4.165
734879,520,440,960,197,39,229,319.79,0.9467,0.5485,0.189800,12,23,4,132.69,0.7856,0.0886,0.006997,4.207
734906,520,448,968,228,53,17,32.67,0.9788,0.5366,0.190836,41,2,4,23.04,0.9264,0.0835,0.005237,4.360
734907,520,351,871,251,40,212,337.68,0.9788,0.6308,0.267835,13,43,82,256.43,0.7561,0.1885,0.024224,4.282
734912,520,461,981,230,38,14,30.73,0.9856,0.5288,0.182439,13,7,16,314.52,0.3510,0.0538,0.002749,4.406
734919,520,470,990,168,86,170,326.42,0.6190,0.5156,0.178836,8,2,17,304.19,0.7052,0.0375,0.001355,4.456
734928,520,363,883,233,74,181,343.57,0.8515,0.6096,0.255600,15,45,32,162.67,0.6716,0.1667,0.020825,4.315
734952,520,426,946,239,37,98,11.35,0.9455,0.5587,0.205589,51,0,37,342.18,1.0000,0.1132,0.008375,4.378
734953,520,477,997,169,77,174,325.51,0.6788,0.5052,0.167998,5,0,10,311.99,1.0000,0.0241,0.000542,4.313
734960,520,422,942,241,35,104,9.44,0.9504,0.5632,0.209056,21,16,62,281.50,0.7591,0.1118,0.008778,4.407
734961,520,472,992,228,23,16,29.15,0.9850,0.5166,0.171472,4,1,18,289.61,0.8483,0.0308,0.000912,4.350
734967,520,417,937,199,78,203,326.43,0.7954,0.5704,0.219042,23,24,56,279.06,0.5611,0.1249,0.011209,4.395
734972,520,464,984,187,10,229,317.44,0.9894,0.5199,0.164403,15,4,10,344.40,0.4713,0.0469,0.002103,4.115
734985,520,416,936,198,83,186,331.81,0.7342,0.5656,0.217390,52,4,42,338.13,0.8057,0.1233,0.009842,4.468
734996,520,291,811,247,89,234,331.24,0.9634,0.6772,0.328621,102,8,69,347.83,0.8529,0.2448,0.034286,4.492
735007,520,434,954,202,38,220,323.42,0.9416,0.5494,0.191118,17,23,35,263.75,0.3103,0.1033,0.008533,4.119
735014,520,415,935,242,11,144,355.23,0.9877,0.5699,0.211334,49,15,22,9.96,0.5902,0.1233,0.010526,4.318
735028,520,401,921,176,98,222,311.19,0.7636,0.5786,0.232401,8,35,52,240.10,0.6868,0.1418,0.015016,4.344
735030,520,473,993,231,7,35,25.84,0.9956,0.5194,0.172653,4,0,20,289.88,1.0000,0.0291,0.000763,4.386
735080,520,474,994,147,71,249,297.71,0.9539,0.5234,0.175493,2,4,1,133.14,0.5926,0.0292,0.001019,4.420
735094,520,452,972,212,41,164,342.61,0.8779,0.5339,0.182655,8,18,8,144.33,0.4998,0.0727,0.005018,4.229
735112,520,449,969,186,26,246,313.11,0.9776,0.5379,0.178329,19,2,46,294.63,0.9149,0.0713,0.003791,4.245
735120,520,330,850,220,89,243,321.38,0.9342,0.6413,0.288333,12,45,99,259.99,0.8535,0.2082,0.028556,4.307
735132,520,479,999,122,88,241,287.83,0.8879,0.5136,0.174677,1,0,5,292.48,1.0000,0.0142,0.000174,4.478
735140,520,260,780,243,124,221,334.68,0.9116,0.7120,0.386928,18,70,80,213.22,0.7442,0.2695,0.050879,4.331
735150,520,391,911,247,30,158,352.25,0.9656,0.5916,0.231747,59,13,47,339.88,0.7051,0.1501,0.014230,4.387
735159,520,438,958,221,64,98,12.57,0.8258,0.5457,0.199234,21,5,58,288.16,0.8903,0.0905,0.005735,4.472
735160,520,402,922,211,21,246,319.94,0.9875,0.5763,0.210408,48,19,16,27.49,0.5430,0.1269,0.011316,4.247
735162,520,403,923,241,60,100,13.57,0.9018,0.5806,0.228558,47,21,26,8.62,0.4393,0.1321,0.012153,4.482
735165,520,271,791,207,144,221,320.16,0.6570,0.6997,0.384334,12,67,86,226.61,0.8182,0.2617,0.047641,4.448
735191,520,435,955,218,46,157,346.74,0.8689,0.5452,0.192961,14,16,48,276.14,0.6670,0.0935,0.006773,4.280
735201,520,401,921,247,46,103,11.54,0.9435,0.5818,0.227109,12,6,102,269.44,0.9885,0.1403,0.011676,4.493
735207,520,333,853,253,74,173,350.96,0.9771,0.6409,0.288006,50,43,54,313.28,0.1748,0.1996,0.026722,4.406
735208,520,472,992,157,51,252,302.08,0.9821,0.5173,0.165645,1,2,9,268.54,0.6581,0.0251,0.000696,4.254
735215,520,452,972,212,42,161,343.67,0.8718,0.5331,0.182284,14,13,28,285.63,0.4011,0.0731,0.004650,4.250
735237,520,454,974,222,58,69,22.30,0.8863,0.5350,0.189880,27,4,33,319.04,0.7501,0.0746,0.004297,4.418
735246,520,408,928,210,52,209,328.35,0.9011,0.5652,0.207630,35,24,43,310.14,0.3746,0.1289,0.011850,4.165
735251,520,374,894,187,104,211,318.27,0.7074,0.5961,0.251696,43,37,22,88.63,0.3405,0.1635,0.018947,4.376
735253,520,457,977,233,6,69,18.00,0.9944,0.5281,0.178867,23,1,30,317.94,0.8712,0.0612,0.002976,4.320
735260,520,420,940,221,59,160,347.11,0.8367,0.5632,0.210406,25,25,7,108.87,0.5651,0.1064,0.009173,4.401
735271,520,414,934,191,87,196,325.74,0.7291,0.5663,0.218796,37,21,38,324.75,0.3956,0.1222,0.010696,4.429
735279,520,390,910,242,67,89,18.66,0.9106,0.5869,0.236160,62,17,22,17.13,0.6790,0.1510,0.014831,4.414
735280,520,330,850,248,13,254,327.03,0.9971,0.6426,0.274030,69,18,97,310.12,0.8100,0.2109,0.025610,4.286
735299,520,386,906,234,61,161,349.99,0.8694,0.5891,0.234059,48,18,66,310.31,0.6999,0.1516,0.014544,4.401
735300,520,314,834,250,110,104,24.93,0.9349,0.6603,0.324785,24,53,81,249.55,0.5815,0.2211,0.033343,4.497
735302,520,423,943,245,4,116,4.74,0.9960,0.5646,0.207637,27,26,1,107.56,0.9233,0.1101,0.009740,4.313
735303,520,329,849,255,97,103,21.39,1.0000,0.6498,0.307921,43,52,23,123.42,0.5415,0.2074,0.030314,4.457
735304,520,470,990,157,86,195,312.31,0.6847,0.5156,0.177644,17,0,9,345.35,1.0000,0.0390,0.001389,4.430
735312,520,471,991,222,9,107,4.00,0.9823,0.5151,0.167892,22,0,2,17.43,1.0000,0.0440,0.001750,4.210
735340,520,311,831,255,81,188,346.87,1.0000,0.6582,0.307790,3,48,111,258.66,0.9637,0.2246,0.032807,4.321
735359,520,451,971,201,27,213,325.07,0.9576,0.5368,0.180072,3,19,9,156.42,0.8039,0.0721,0.005048,4.179
735371,520,433,953,205,56,189,332.81,0.8465,0.5476,0.194835,19,11,56,283.91,0.7936,0.0957,0.006633,4.323
735388,520,414,934,242,8,140,356.47,0.9909,0.5677,0.209476,0,33,34,197.69,1.0000,0.1220,0.012031,4.183
735395,520,397,917,216,36,230,324.73,0.9643,0.5790,0.215759,46,26,35,351.42,0.3355,0.1445,0.014410,4.126
735418,520,418,938,237,48,80,18.22,0.9297,0.5580,0.207008,25,12,69,285.17,0.8381,0.1162,0.008993,4.357
735421,520,450,970,223,46,121,1.22,0.8752,0.5399,0.190251,27,3,24,332.86,0.7345,0.0673,0.003641,4.479
735429,520,470,990,227,32,62,21.03,0.9590,0.5235,0.177146,3,2,31,274.43,0.9358,0.0423,0.001617,4.401
735434,520,448,968,198,39,216,323.30,0.9311,0.5404,0.184163,26,16,0,82.46,1.0000,0.0833,0.005902,4.189
735435,520,433,953,189,41,247,313.34,0.9623,0.5515,0.191213,24,16,41,296.39,0.5218,0.0975,0.007249,4.213
735451,520,436,956,226,60,101,11.32,0.8519,0.5519,0.203428,25,20,7,89.41,0.4723,0.0933,0.007223,4.429
735464,520,449,969,206,7,219,325.04,0.9925,0.5437,0.183901,22,3,39,304.68,0.8298,0.0705,0.003822,4.346
735475,520,373,893,223,35,245,323.02,0.9780,0.6011,0.234847,30,18,94,280.33,0.8824,0.1575,0.015167,4.371
735479,520,385,905,190,106,184,329.75,0.6050,0.5887,0.247171,14,38,38,195.40,0.5140,0.1461,0.016195,4.489
735489,520,442,962,189,0,254,312.61,1.0000,0.5425,0.179758,23,8,32,311.10,0.6119,0.0757,0.004601,4.208
735500,520,279,799,175,148,250,294.70,0.8614,0.6881,0.371959,31,70,0,135.64,1.0000,0.2540,0.046715,4.363
735524,520,407,927,244,40,71,20.50,0.9592,0.5650,0.212090,47,3,61,316.08,0.8889,0.1270,0.010065,4.363
735527,520,468,988,117,87,254,284.71,0.9907,0.5189,0.177537,9,5,4,38.48,0.2178,0.0409,0.001754,4.397
735528,520,370,890,234,31,234,328.27,0.9814,0.6102,0.244154,57,22,67,318.15,0.6547,0.1725,0.018490,4.295
735533,520,307,827,222,128,177,348.32,0.6308,0.6696,0.341441,6,65,31,152.02,0.9742,0.2312,0.039181,4.389
735534,520,352,872,225,86,205,333.80,0.8392,0.6226,0.270731,67,34,22,40.52,0.5355,0.1917,0.023954,4.337
735535,520,412,932,253,1,73,18.52,0.9994,0.5703,0.213892,4,34,3,142.27,0.9770,0.1184,0.011764,4.273
735544,520,429,949,215,67,131,357.96,0.7797,0.5484,0.201024,12,23,34,249.34,0.3938,0.0991,0.008064,4.323
735547,520,431,951,223,53,144,353.08,0.8525,0.5544,0.202504,8,5,73,270.71,0.9777,0.0976,0.006412,4.476
735548,520,349,869,210,86,247,317.54,0.9476,0.6257,0.270741,57,36,49,342.05,0.3106,0.1893,0.023534,4.362
735555,520,413,933,195,56,245,314.97,0.9486,0.5704,0.210243,48,17,13,29.24,0.6057,0.1226,0.010584,4.296
735574,520,429,949,239,25,80,16.22,0.9736,0.5486,0.196284,34,13,27,341.28,0.4829,0.0968,0.007071,4.315
735578,520,393,913,255,7,143,357.92,1.0000,0.5948,0.233988,22,37,13,134.96,0.6684,0.1404,0.015227,4.354
735581,520,240,760,245,127,237,329.84,0.9482,0.7275,0.407079,72,61,71,328.92,0.1484,0.2803,0.051702,4.494
735582,520,360,880,255,46,172,350.10,1.0000,0.6214,0.261960,23,47,49,202.55,0.4163,0.1842,0.024369,4.195
735599,520,218,738,246,154,163,13.59,0.7757,0.7463,0.453507,26,85,4,139.53,0.9932,0.3030,0.067251,4.294
735604,520,361,881,214,94,218,326.32,0.8234,0.6235,0.273652,0,51,38,170.21,1.0000,0.1832,0.025075,4.311
735614,520,446,966,235,46,1,32.53,0.9990,0.5445,0.196215,6,15,41,265.78,0.7125,0.0803,0.005404,4.444
735618,520,439,959,202,49,208,326.41,0.8966,0.5486,0.193090,16,22,11,131.55,0.3730,0.0904,0.007081,4.259
735623,520,458,978,214,68,52,29.79,0.8733,0.5280,0.186807,6,13,4,137.27,0.5567,0.0571,0.003353,4.438
735637,520,441,961,218,41,153,347.92,0.8834,0.5397,0.187936,11,17,48,271.21,0.6875,0.0935,0.006854,4.185
735640,520,390,910,254,55,42,29.13,0.9955,0.5925,0.239741,57,16,47,338.45,0.6546,0.1504,0.014458,4.495
735645,520,457,977,180,9,249,311.04,0.9938,0.5259,0.167393,29,1,5,13.69,0.8885,0.0592,0.002939,4.106
735651,520,443,963,167,62,250,304.97,0.9660,0.5397,0.185635,18,4,52,288.08,0.8919,0.0796,0.004634,4.313
735654,520,381,901,239,21,207,336.17,0.9845,0.5983,0.233949,66,17,13,28.20,0.7807,0.1571,0.015884,4.310
735666,520,464,984,206,77,12,41.05,0.9658,0.5218,0.184583,10,2,35,288.48,0.8886,0.0522,0.002293,4.486
735673,520,441,961,189,99,77,34.80,0.6097,0.5363,0.202799,24,14,33,307.22,0.4596,0.0884,0.006181,4.500
735696,520,456,976,221,61,29,32.98,0.9483,0.5312,0.188010,26,4,16,348.12,0.6502,0.0640,0.003439,4.454
735706,520,385,905,207,75,220,324.04,0.8617,0.5900,0.234665,32,37,21,122.60,0.3601,0.1509,0.016843,4.259
735718,520,433,953,199,95,92,23.47,0.6278,0.5487,0.211010,13,28,0,131.68,1.0000,0.1034,0.009161,4.412
735722,520,434,954,209,42,202,330.09,0.9154,0.5515,0.194775,0,9,75,264.05,1.0048,0.1012,0.007033,4.292
735730,520,384,904,237,19,195,338.92,0.9828,0.5870,0.224133,66,10,22,13.69,0.7971,0.1503,0.014335,4.261
735733,520,325,845,247,100,127,11.91,0.8820,0.6460,0.304239,48,49,33,110.88,0.2750,0.2060,0.029348,4.464
735739,520,404,924,214,92,120,8.35,0.6782,0.5764,0.233086,35,31,7,100.00,0.6695,0.1343,0.013527,4.456
735740,520,403,923,231,31,199,336.51,0.9627,0.5828,0.220951,22,9,87,277.64,0.9478,0.1304,0.010540,4.476
735742,520,417,937,228,20,191,337.95,0.9751,0.5683,0.207585,42,20,12,40.57,0.5059,0.1180,0.010192,4.279
735756,520,366,886,232,86,155,354.31,0.7935,0.6108,0.261805,7,46,46,195.00,0.7995,0.1723,0.021963,4.333
735770,520,412,932,221,34,201,333.51,0.9483,0.5674,0.207356,27,28,29,247.94,0.0279,0.1229,0.011522,4.183
735780,520,0,520,255,255,255,0.00,0.0000,1.0000,1.000000,1,137,87,159.02,0.9985,0.4848,0.185850,4.452
735785,520,464,984,200,6,203,327.54,0.9899,0.5213,0.167232,17,5,11,347.63,0.4459,0.0519,0.002519,4.136
735816,520,412,932,217,46,210,330.01,0.9265,0.5733,0.213610,22,24,46,278.29,0.4318,0.1168,0.010211,4.378
735817,520,448,968,195,29,226,320.15,0.9619,0.5374,0.179733,13,19,0,122.61,1.0000,0.0771,0.005513,4.138
735824,520,422,942,242,43,6,31.63,0.9950,0.5569,0.206215,18,28,6,129.42,0.7192,0.1083,0.009722,4.290
735847,520,382,902,212,85,197,332.53,0.7868,0.5964,0.245271,1,32,89,260.64,0.9833,0.1623,0.017606,4.368
735866,520,387,907,245,62,94,16.37,0.9277,0.5888,0.236692,41,31,39,333.18,0.1978,0.1511,0.015979,4.345
735878,520,413,933,218,56,196,334.29,0.8833,0.5742,0.217215,27,28,11,111.55,0.4739,0.1176,0.010877,4.389
735903,520,417,937,195,51,249,314.28,0.9686,0.5694,0.208106,3,16,82,265.34,0.9610,0.1223,0.009991,4.302
735904,520,416,936,194,97,166,339.43,0.6152,0.5704,0.227733,22,31,16,133.53,0.4258,0.1226,0.011879,4.488
735911,520,211,731,224,160,233,322.35,0.7532,0.7569,0.468733,10,84,74,180.80,0.9260,0.3097,0.068993,4.359
735913,520,442,962,183,44,242,312.58,0.9461,0.5402,0.182805,7,18,23,228.03,0.3914,0.0771,0.005396,4.203
735929,520,478,998,224,16,61,19.89,0.9827,0.5100,0.165577,1,2,5,262.03,0.4486,0.0231,0.000608,4.260
735935,520,479,999,218,49,21,31.84,0.9679,0.5128,0.171588,1,0,2,311.99,1.0000,0.0114,0.000108,4.422
735937,520,364,884,217,100,155,352.86,0.6722,0.6060,0.262347,27,45,5,130.77,0.9197,0.1686,0.021207,4.386
735961,520,400,920,216,97,69,34.56,0.7666,0.5760,0.235802,19,30,65,268.03,0.6241,0.1435,0.014486,4.432
735967,520,304,824,253,102,161,358.79,0.9598,0.6696,0.329617,15,65,14,142.78,0.9669,0.2309,0.039137,4.259
735978,520,445,965,243,11,5,29.30,0.9963,0.5446,0.193085,5,16,39,261.89,0.6992,0.0803,0.005493,4.380
735984,520,407,927,224,62,156,349.52,0.8329,0.5697,0.216953,58,4,19,10.60,0.8606,0.1255,0.010335,4.424
735996,520,404,924,189,85,232,314.56,0.8547,0.5839,0.231431,16,35,5,135.62,0.9116,0.1284,0.013231,4.451
735999,520,453,973,154,68,252,299.83,0.9764,0.5311,0.180329,32,3,13,1.25,0.7505,0.0708,0.004013,4.264
736008,520,410,930,226,82,61,31.00,0.8599,0.5699,0.225429,13,36,18,149.00,0.7164,0.1324,0.013909,4.310
736012,520,428,948,214,14,216,327.82,0.9860,0.5572,0.195702,7,6,77,269.35,0.9790,0.1036,0.007112,4.302
736032,520,384,904,243,59,128,3.58,0.9007,0.5915,0.237443,44,30,34,0.04,0.2211,0.1505,0.015796,4.369
736037,520,401,921,177,90,246,306.72,0.9135,0.5847,0.233139,38,31,1,96.44,0.9436,0.1371,0.013943,4.428
736070,520,435,955,227,63,85,18.07,0.8647,0.5530,0.205446,2,23,32,227.72,0.8067,0.0919,0.007299,4.458
736076,520,380,900,236,86,87,23.42,0.8607,0.5979,0.251795,46,34,36,7.23,0.1746,0.1638,0.018523,4.404
736077,520,247,767,225,150,190,346.61,0.5901,0.7202,0.415395,1,76,70,185.76,0.9902,0.2800,0.056173,4.383
736083,520,279,799,251,100,231,333.21,0.9785,0.6950,0.353958,11,61,93,242.66,0.8080,0.2478,0.041987,4.391
736089,520,445,965,227,11,141,353.13,0.9799,0.5386,0.184961,13,13,39,279.67,0.6064,0.0795,0.005199,4.257
736095,520,247,767,249,139,158,9.74,0.8380,0.7212,0.410762,50,73,13,128.64,0.9006,0.2780,0.054722,4.400
736101,520,431,951,210,82,103,13.35,0.7140,0.5497,0.207176,32,18,1,72.85,0.8801,0.0963,0.007419,4.479
736127,520,461,981,211,52,142,350.91,0.8230,0.5302,0.182601,5,10,11,208.79,0.2344,0.0514,0.002735,4.411
736130,520,480,1000,177,34,223,315.48,0.9411,0.5083,0.158200,0,0,0,0.00,0.0000,0.0000,0.000000,4.164
736136,520,330,850,238,86,200,339.02,0.8816,0.6410,0.290055,43,44,77,281.06,0.4219,0.2080,0.028507,4.331
736161,520,414,934,242,3,143,355.41,0.9965,0.5679,0.209288,41,12,47,320.42,0.6752,0.1176,0.009396,4.365
736162,520,366,886,215,66,248,319.58,0.9649,0.6122,0.251226,10,41,72,251.70,0.7459,0.1740,0.021182,4.232
736164,520,434,954,245,16,20,28.43,0.9931,0.5508,0.198371,23,18,47,288.45,0.5579,0.1048,0.008200,4.268
736166,520,379,899,228,58,201,335.45,0.9052,0.5961,0.237396,26,42,6,130.28,0.8817,0.1583,0.018887,4.172
736167,520,355,875,232,38,247,324.74,0.9798,0.6190,0.252598,57,32,45,347.79,0.3654,0.1786,0.020924,4.266
736196,520,420,940,212,55,198,332.05,0.8779,0.5642,0.208087,14,9,74,274.30,0.9432,0.1083,0.007831,4.463
736198,520,443,963,228,56,41,29.59,0.9348,0.5411,0.194853,1,15,41,257.77,0.9134,0.0768,0.005082,4.445
736215,520,389,909,217,9,255,319.60,1.0000,0.5903,0.221690,53,9,63,319.36,0.7927,0.1457,0.013112,4.305
736216,520,452,972,217,65,72,22.53,0.8492,0.5334,0.190027,12,15,19,255.66,0.1497,0.0715,0.004668,4.391
736217,520,406,926,248,30,112,7.46,0.9666,0.5772,0.220584,32,32,13,108.64,0.4859,0.1347,0.013692,4.248
736219,520,415,935,247,2,110,6.94,0.9982,0.5665,0.209469,8,22,69,266.18,0.8732,0.1220,0.010551,4.285
736225,520,326,846,251,108,12,45.42,0.9897,0.6489,0.312642,37,55,0,127.12,1.0000,0.2085,0.031256,4.463
736238,520,415,935,185,86,221,315.97,0.8031,0.5720,0.221914,45,18,28,357.98,0.4809,0.1238,0.010744,4.476
736249,520,410,930,234,28,163,347.85,0.9550,0.5679,0.209702,38,22,51,308.08,0.5144,0.1335,0.012249,4.172
736256,520,403,923,247,5,157,352.05,0.9955,0.5841,0.223204,51,8,49,329.96,0.7583,0.1308,0.010993,4.479
736271,520,463,983,184,20,248,312.23,0.9849,0.5342,0.174691,21,1,15,339.64,0.7943,0.0497,0.002157,4.308
736274,520,437,957,219,30,173,341.21,0.9336,0.5454,0.190081,19,5,60,284.77,0.9083,0.0906,0.005732,4.308
736309,520,410,930,197,57,245,315.51,0.9487,0.5743,0.213905,32,26,40,303.90,0.2776,0.1283,0.011991,4.257
736310,520,472,992,232,8,45,24.01,0.9945,0.5228,0.175221,5,3,0,90.11,1.0000,0.0293,0.000974,4.418
736327,520,419,939,239,38,113,6.28,0.9378,0.5635,0.209324,4,13,74,266.53,0.9581,0.1082,0.008080,4.465
736334,520,36,556,253,242,229,72.15,0.7336,0.9607,0.900445,1,130,41,146.24,0.9994,0.4533,0.161311,4.498
736339,520,232,752,208,166,196,336.72,0.3854,0.7351,0.446687,0,82,41,153.31,1.0000,0.2908,0.061944,4.437
736354,520,362,882,227,37,248,323.31,0.9791,0.6109,0.244336,9,34,99,264.05,0.9150,0.1805,0.021028,4.144
736355,520,376,896,188,90,251,309.37,0.9599,0.6030,0.249696,21,42,26,150.46,0.5372,0.1586,0.018899,4.350
736363,520,437,957,184,54,243,312.24,0.9386,0.5505,0.193008,21,19,24,303.57,0.1315,0.0915,0.006911,4.270
736368,520,414,934,206,16,247,318.48,0.9908,0.5674,0.202095,34,25,20,50.54,0.2144,0.1200,0.010859,4.142
736369,520,376,896,215,66,230,323.95,0.9130,0.5997,0.240585,17,10,113,270.42,0.9827,0.1626,0.015284,4.451
736371,520,413,933,210,38,234,322.18,0.9610,0.5730,0.210302,47,14,14,22.67,0.6302,0.1158,0.009502,4.375
736389,520,411,931,158,100,233,301.07,0.8016,0.5671,0.222669,1,31,39,218.72,0.9322,0.1188,0.011329,4.446
736391,520,439,959,215,45,185,336.71,0.8935,0.5538,0.198288,35,5,30,334.99,0.7178,0.0870,0.005597,4.466
736395,520,415,935,243,38,89,14.86,0.9534,0.5653,0.211655,11,7,89,270.26,0.9802,0.1230,0.009443,4.402
736402,520,386,906,243,25,173,346.67,0.9729,0.5888,0.227702,27,39,20,134.65,0.4743,0.1521,0.017345,4.124
736407,520,338,858,245,94,138,5.49,0.8651,0.6375,0.292559,34,49,60,240.63,0.2783,0.2034,0.028629,4.357
736408,520,362,882,248,55,164,351.64,0.9402,0.6111,0.253724,23,48,40,171.04,0.4692,0.1836,0.024492,4.077
736432,520,452,972,146,90,224,299.66,0.7836,0.5293,0.188054,1,16,24,229.64,0.8334,0.0681,0.004430,4.374
736464,520,446,966,195,79,148,346.54,0.6790,0.5359,0.193338,10,13,39,274.57,0.6390,0.0773,0.004988,4.425
736471,520,467,987,214,62,13,35.65,0.9760,0.5176,0.177729,2,7,2,143.94,0.7006,0.0382,0.001692,4.405
736483,520,427,947,233,33,145,353.72,0.9367,0.5603,0.204586,3,12,70,266.04,0.9592,0.1013,0.007244,4.447
736489,520,273,793,248,101,242,329.30,0.9708,0.6977,0.356772,38,48,136,271.86,0.8291,0.2649,0.043033,4.372
736501,520,407,927,224,51,175,342.33,0.8831,0.5691,0.213126,54,15,26,5.86,0.6291,0.1339,0.012006,4.244
736505,520,396,916,239,6,185,342.08,0.9945,0.5824,0.219867,10,37,27,166.00,0.6882,0.1367,0.014667,4.173
736508,520,377,897,223,49,233,325.64,0.9530,0.6008,0.237699,7,37,65,250.35,0.7668,0.1562,0.017499,4.262
736527,520,453,973,149,77,239,299.62,0.8865,0.5251,0.179296,8,13,23,263.16,0.3548,0.0657,0.004013,4.245
736530,520,374,894,230,71,170,346.51,0.8369,0.5960,0.242343,40,17,88,290.74,0.8278,0.1600,0.015566,4.459
736536,520,387,907,227,8,226,328.59,0.9951,0.5858,0.219980,23,40,6,132.03,0.8848,0.1496,0.017129,4.022
736539,520,380,900,249,66,103,14.33,0.9472,0.6024,0.250189,27,42,15,132.88,0.6641,0.1604,0.019234,4.336
736540,520,438,958,200,43,216,323.80,0.9230,0.5464,0.189666,9,5,70,271.97,0.9724,0.0945,0.006088,4.273
736551,520,432,952,222,5,188,337.29,0.9929,0.5517,0.192714,4,10,71,267.12,0.9647,0.1000,0.006978,4.260
736553,520,450,970,238,18,38,26.01,0.9893,0.5377,0.187530,19,13,2,86.55,0.6904,0.0685,0.004307,4.374
736556,520,339,859,253,67,190,345.03,0.9826,0.6419,0.286179,6,51,70,231.94,0.8402,0.2009,0.028484,4.283
736558,520,410,930,222,80,90,19.81,0.7898,0.5652,0.220076,1,37,21,159.80,0.9817,0.1307,0.013837,4.231
736560,520,442,962,238,20,21,28.49,0.9893,0.5371,0.187349,25,12,19,346.57,0.3424,0.0788,0.005167,4.302
736565,520,432,952,223,71,44,32.42,0.9076,0.5480,0.203790,46,0,31,344.69,1.0000,0.0999,0.006799,4.468
736568,520,401,921,211,59,226,324.00,0.9146,0.5841,0.224696,6,37,28,170.24,0.8121,0.1352,0.014456,4.262
736574,520,359,879,221,97,182,341.39,0.7396,0.6195,0.273010,0,37,99,260.04,1.0000,0.1843,0.022238,4.471
736589,520,467,987,219,54,47,27.84,0.9185,0.5218,0.179063,1,8,12,223.43,0.6959,0.0434,0.002067,4.399
736591,520,423,943,243,30,86,15.15,0.9677,0.5604,0.206585,11,23,48,263.27,0.6082,0.1076,0.008973,4.351
736615,520,399,919,251,5,126,2.54,0.9959,0.5803,0.221277,51,15,56,322.62,0.6902,0.1443,0.013311,4.285
736618,520,376,896,231,66,180,343.01,0.8652,0.5974,0.241832,32,16,95,282.05,0.8924,0.1578,0.015038,4.487
736620,520,379,899,246,31,178,345.94,0.9680,0.5993,0.237904,62,14,48,341.50,0.7038,0.1575,0.015518,4.394
736625,520,462,982,182,39,232,314.72,0.9430,0.5269,0.172235,0,3,41,264.01,1.0042,0.0510,0.002252,4.253
736645,520,399,919,236,0,197,338.07,1.0000,0.5823,0.218669,31,24,60,289.33,0.5722,0.1359,0.012708,4.284
736658,520,338,858,228,85,224,328.90,0.8896,0.6369,0.283750,64,34,56,337.60,0.4322,0.1988,0.025197,4.438
736667,520,337,857,228,71,245,323.66,0.9577,0.6352,0.275952,57,46,7,92.54,0.8198,0.2039,0.028393,4.158
736684,520,395,915,255,18,127,3.19,1.0000,0.5916,0.232286,23,29,59,272.88,0.5253,0.1392,0.013766,4.427
736701,520,449,969,228,7,135,355.30,0.9872,0.5372,0.183980,14,1,55,282.75,0.9797,0.0738,0.003909,4.340
736713,520,280,800,223,126,225,326.42,0.8001,0.6894,0.360476,2,72,18,145.75,0.9962,0.2524,0.046911,4.236
736718,520,359,879,244,5,227,332.27,0.9980,0.6162,0.248906,82,8,22,17.59,0.8932,0.1832,0.020257,4.254
736722,520,390,910,221,36,238,324.11,0.9724,0.5932,0.228091,9,28,82,264.92,0.8850,0.1490,0.014977,4.280
736727,520,420,940,169,101,196,315.68,0.6301,0.5580,0.217286,6,28,27,191.20,0.6327,0.1065,0.009483,4.493
736743,520,412,932,242,35,122,3.45,0.9477,0.5706,0.214877,23,19,60,282.60,0.6839,0.1175,0.009741,4.434
736748,520,389,909,177,93,243,307.06,0.8872,0.5869,0.236476,5,41,32,172.51,0.8712,0.1494,0.017224,4.262
736764,520,470,990,173,65,212,315.58,0.8284,0.5209,0.174193,14,2,18,318.85,0.7168,0.0444,0.001805,4.328
736774,520,330,850,220,118,156,357.49,0.6257,0.6409,0.305748,22,58,34,152.33,0.7456,0.2138,0.033121,4.280
736789,520,473,993,226,25,91,11.05,0.9567,0.5240,0.176222,11,0,14,321.88,1.0000,0.0335,0.001029,4.433
736793,520,461,981,195,40,211,323.73,0.9189,0.5324,0.178244,5,6,32,274.64,0.7766,0.0541,0.002668,4.334
736805,520,450,970,243,4,2,29.25,0.9985,0.5431,0.191494,15,14,25,287.90,0.3019,0.0746,0.004858,4.402
736819,520,389,909,234,32,200,336.95,0.9643,0.5893,0.226983,7,42,36,179.20,0.7981,0.1550,0.018284,4.056
736823,520,441,961,219,72,28,36.04,0.9403,0.5402,0.197812,18,11,48,286.11,0.7261,0.0874,0.005813,4.440
736837,520,454,974,213,9,178,337.99,0.9819,0.5296,0.175581,28,0,31,324.41,1.0000,0.0674,0.003458,4.220
736849,520,473,993,231,3,1,29.28,0.9991,0.5167,0.170594,12,0,6,344.97,1.0000,0.0310,0.000913,4.333
736861,520,324,844,254,29,239,331.66,0.9963,0.6475,0.281847,53,33,96,293.89,0.6805,0.2097,0.026891,4.316
736866,520,440,960,219,38,171,342.01,0.9079,0.5487,0.193890,4,2,75,267.60,0.9941,0.0933,0.005772,4.373
736875,520,358,878,242,51,212,335.73,0.9515,0.6214,0.260012,73,21,28,15.82,0.6823,0.1804,0.020369,4.406
736881,520,320,840,248,79,195,342.86,0.9425,0.6473,0.294916,2,55,72,226.08,0.9480,0.2134,0.032130,4.200
736890,520,392,912,239,39,171,346.75,0.9415,0.5867,0.227450,24,29,66,274.42,0.5971,0.1455,0.014662,4.291
736892,520,380,900,247,14,183,344.45,0.9897,0.5981,0.235104,57,11,75,314.15,0.8110,0.1645,0.016173,4.308
736904,520,387,907,238,17,196,338.87,0.9856,0.5889,0.225665,17,5,110,270.98,0.9905,0.1534,0.013534,4.339
736905,520,424,944,207,39,218,325.29,0.9411,0.5570,0.197802,52,5,16,12.25,0.8202,0.1133,0.008761,4.217
736910,520,329,849,232,81,241,325.50,0.9425,0.6490,0.293938,51,41,73,297.31,0.4125,0.2066,0.027707,4.426
736911,520,390,910,230,52,191,338.83,0.9108,0.5892,0.230431,45,29,38,344.60,0.2747,0.1511,0.015766,4.264
736928,520,412,932,210,39,230,323.11,0.9559,0.5706,0.208677,40,10,61,307.28,0.7834,0.1245,0.010052,4.308
736937,520,459,979,219,44,127,357.93,0.8700,0.5327,0.183963,13,10,19,299.39,0.2896,0.0614,0.003497,4.373
736939,520,408,928,243,51,20,31.62,0.9818,0.5655,0.214762,42,13,60,309.50,0.7372,0.1305,0.011064,4.336
736965,520,381,901,248,0,195,341.26,1.0000,0.6037,0.238998,28,41,7,127.80,0.8280,0.1569,0.018481,4.220
736969,520,373,893,230,27,229,328.53,0.9818,0.5983,0.232665,8,41,52,224.26,0.7272,0.1599,0.018853,4.105
736976,520,443,963,175,92,173,328.12,0.6086,0.5375,0.197864,29,11,5,41.64,0.5662,0.0784,0.005115,4.497
736984,520,464,984,216,42,125,357.89,0.8696,0.5247,0.177380,10,7,3,82.39,0.3532,0.0464,0.002231,4.353
736990,520,473,993,229,21,23,28.25,0.9863,0.5183,0.172592,3,5,0,123.22,1.0000,0.0330,0.001279,4.341
737008,520,441,961,230,56,10,33.70,0.9881,0.5432,0.196762,9,23,16,161.10,0.4668,0.0895,0.007083,4.323
737010,520,455,975,154,70,245,300.96,0.9297,0.5273,0.178433,7,9,28,275.27,0.5743,0.0593,0.003244,4.290
737013,520,425,945,210,38,218,326.11,0.9457,0.5615,0.201517,12,25,35,242.78,0.4100,0.1051,0.008947,4.267
737038,520,441,961,190,92,126,359.83,0.5748,0.5391,0.201093,2,19,40,252.73,0.8135,0.0863,0.006318,4.458
737044,520,399,919,209,102,106,19.35,0.6283,0.5805,0.241006,20,38,18,141.91,0.6081,0.1431,0.015786,4.424
737057,520,377,897,238,74,133,2.76,0.8484,0.5989,0.247711,13,39,56,240.27,0.6102,0.1583,0.018220,4.364
737065,520,420,940,246,26,81,16.69,0.9771,0.5638,0.209292,7,21,56,264.30,0.7990,0.1070,0.008670,4.420
737069,520,452,972,211,46,158,344.61,0.8532,0.5327,0.182737,4,19,3,141.69,0.9167,0.0713,0.004981,4.233
737075,520,471,991,187,63,184,328.84,0.7857,0.5215,0.175819,11,1,13,323.00,0.7578,0.0358,0.001219,4.409
737082,520,420,940,215,58,179,338.88,0.8455,0.5611,0.207300,33,15,45,309.90,0.5924,0.1094,0.008545,4.395
737092,520,325,845,214,117,206,330.24,0.7074,0.6522,0.314765,46,54,12,119.44,0.7765,0.2148,0.032457,4.424
737116,520,162,682,249,174,234,333.92,0.9438,0.8142,0.563541,33,93,80,176.27,0.7050,0.3477,0.087309,4.468
737117,520,57,577,241,232,224,64.34,0.2911,0.9253,0.817961,28,124,3,140.94,0.9980,0.4348,0.146682,4.413
737119,520,340,860,245,35,245,328.26,0.9859,0.6382,0.272099,4,53,66,221.00,0.8973,0.2041,0.029652,4.044
737126,520,208,728,232,157,231,327.17,0.7887,0.7597,0.470407,63,79,11,122.62,0.9056,0.3079,0.066728,4.458
737135,520,418,938,230,73,5,37.73,0.9927,0.5615,0.216019,2,33,9,148.31,0.9781,0.1151,0.011203,4.347
737150,520,383,903,241,63,157,353.10,0.8860,0.6021,0.246931,29,36,31,154.24,0.1549,0.1481,0.016219,4.484
737158,520,453,973,184,59,215,318.77,0.8628,0.5334,0.182258,30,0,36,321.05,1.0000,0.0741,0.004034,4.298
737217,520,73,593,241,226,222,35.34,0.3335,0.9111,0.783679,1,120,55,150.58,0.9989,0.4222,0.137146,4.455
737251,520,467,987,213,49,115,1.93,0.8394,0.5208,0.175829,2,2,35,270.23,0.9651,0.0448,0.001777,4.362
737264,520,467,987,183,0,236,314.81,1.0000,0.5171,0.161246,17,1,0,34.83,1.0000,0.0382,0.001409,4.109
737281,520,435,955,187,40,249,312.37,0.9708,0.5495,0.189231,11,15,54,272.72,0.7923,0.0946,0.006791,4.212
737291,520,407,927,214,86,118,7.63,0.7037,0.5669,0.222619,35,25,46,305.33,0.3906,0.1329,0.012499,4.362
737292,520,366,886,228,29,244,324.54,0.9845,0.6061,0.239067,49,36,4,85.96,0.8410,0.1657,0.019235,4.175
737295,520,281,801,207,142,212,324.25,0.6073,0.6915,0.373659,21,70,25,144.67,0.9372,0.2519,0.046098,4.409
737301,520,388,908,229,8,225,329.30,0.9952,0.5887,0.222704,4,40,35,181.72,0.8744,0.1468,0.016647,4.092
737302,520,459,979,180,43,232,313.97,0.9337,0.5265,0.172583,13,11,18,297.73,0.2253,0.0630,0.003686,4.146
737308,520,464,984,205,70,68,24.91,0.8032,0.5160,0.177790,8,9,15,276.51,0.2214,0.0533,0.002815,4.313
737315,520,462,982,210,46,162,342.94,0.8543,0.5329,0.182664,16,2,29,306.04,0.8169,0.0536,0.002423,4.438
737329,520,465,985,215,48,103,7.07,0.8558,0.5199,0.175427,18,1,19,326.22,0.8048,0.0475,0.001973,4.337
737330,520,397,917,199,58,248,315.38,0.9623,0.5805,0.219469,19,26,67,271.93,0.6908,0.1355,0.012824,4.289
737354,520,432,952,225,31,159,347.18,0.9324,0.5501,0.194934,41,6,23,354.08,0.7088,0.0957,0.006636,4.325
737364,520,414,934,187,81,227,315.43,0.8406,0.5722,0.219968,2,32,24,171.97,0.9259,0.1157,0.011118,4.417
737370,520,314,834,212,107,247,316.93,0.9330,0.6570,0.312292,11,62,6,141.77,0.9845,0.2184,0.035294,4.248
737389,520,454,974,193,17,226,319.76,0.9808,0.5293,0.172308,32,2,22,343.17,0.7886,0.0726,0.004085,4.110
737392,520,448,968,202,18,224,322.69,0.9807,0.5433,0.183727,10,21,9,142.31,0.5273,0.0826,0.006206,4.158
737400,520,478,998,210,21,151,346.00,0.9376,0.5127,0.164746,4,0,4,328.36,1.0000,0.0191,0.000346,4.265
737406,520,329,849,254,67,199,342.52,0.9921,0.6480,0.292119,21,56,38,158.65,0.6842,0.2078,0.031276,4.209
737416,520,370,890,225,88,178,343.45,0.7785,0.6115,0.262036,25,38,72,266.43,0.5548,0.1737,0.020607,4.419
737430,520,347,867,244,13,248,327.45,0.9965,0.6316,0.263011,72,31,5,48.84,0.8324,0.1918,0.023689,4.248
737463,520,453,973,222,51,59,24.12,0.9159,0.5266,0.182157,2,16,17,200.46,0.7032,0.0657,0.004239,4.280
737476,520,351,871,245,93,131,8.24,0.8692,0.6340,0.288829,15,52,41,170.30,0.7208,0.1928,0.027175,4.390
737481,520,441,961,211,78,52,33.02,0.8453,0.5356,0.195479,18,20,16,128.98,0.1229,0.0882,0.006663,4.332
737497,520,387,907,235,30,202,336.62,0.9693,0.5914,0.228577,58,20,31,4.37,0.5703,0.1511,0.014989,4.287
737508,520,455,975,176,26,249,309.58,0.9777,0.5252,0.168094,6,4,43,275.37,0.9205,0.0604,0.003000,4.115
737517,520,454,974,157,73,237,303.32,0.8843,0.5282,0.180481,30,5,16,354.91,0.6465,0.0722,0.004220,4.251
737519,520,361,881,235,105,13,46.93,0.9795,0.6167,0.277972,18,49,27,150.94,0.7492,0.1800,0.024043,4.429
737538,520,354,874,239,58,201,338.19,0.9259,0.6152,0.255967,26,37,86,270.29,0.6832,0.1834,0.022145,4.241
737560,520,454,974,128,98,228,290.03,0.7868,0.5266,0.189259,26,9,16,354.91,0.4423,0.0735,0.004524,4.388
737561,520,455,975,122,95,245,286.15,0.9039,0.5292,0.189143,8,12,8,144.99,0.2126,0.0576,0.003321,4.485
737576,520,453,973,224,13,133,355.27,0.9736,0.5297,0.178313,19,0,51,292.17,1.0000,0.0727,0.003775,4.246
737578,520,445,965,213,28,180,337.52,0.9364,0.5372,0.182741,30,2,36,320.44,0.8339,0.0776,0.004468,4.273
737620,520,473,993,223,32,80,15.01,0.9424,0.5187,0.173030,3,3,7,283.48,0.3250,0.0300,0.000998,4.373
737625,520,468,988,213,51,97,9.59,0.8451,0.5169,0.173793,14,1,10,337.86,0.7458,0.0381,0.001370,4.356
737626,520,414,934,240,67,0,35.93,1.0000,0.5739,0.225428,34,27,1,94.99,0.9306,0.1212,0.011262,4.496
737627,520,341,861,163,137,211,299.65,0.5421,0.6306,0.303811,6,55,49,182.61,0.8943,0.2028,0.029927,4.427
737631,520,434,954,175,101,161,334.29,0.5219,0.5472,0.209955,12,20,47,268.67,0.6150,0.1001,0.007837,4.495
737643,520,347,867,253,14,221,335.70,0.9950,0.6304,0.264204,53,3,115,292.89,0.9787,0.1937,0.020598,4.451
737651,520,444,964,204,65,171,338.77,0.7875,0.5448,0.195601,24,13,20,341.15,0.3023,0.0799,0.005326,4.439
737653,520,460,980,169,73,224,310.52,0.8354,0.5340,0.185827,20,6,22,322.65,0.5520,0.0624,0.003369,4.419
737657,520,341,861,243,61,211,336.36,0.9373,0.6301,0.270982,79,0,78,328.98,1.0000,0.1977,0.022126,4.450
737658,520,448,968,229,12,133,356.29,0.9792,0.5396,0.186173,8,19,14,164.24,0.3894,0.0771,0.005491,4.256
737666,520,424,944,241,39,80,17.55,0.9530,0.5599,0.207343,42,15,11,30.08,0.5816,0.1080,0.008581,4.393
737697,520,476,996,190,13,208,323.43,0.9781,0.5090,0.157906,2,1,2,326.51,0.3040,0.0189,0.000390,4.126
737712,520,402,922,240,63,81,20.43,0.9104,0.5774,0.226775,21,34,10,132.55,0.6895,0.1297,0.013254,4.376
737716,520,429,949,222,57,130,358.64,0.8345,0.5506,0.200701,34,6,54,306.73,0.8161,0.1043,0.007367,4.370
737719,520,333,853,248,76,180,347.63,0.9334,0.6372,0.284237,58,36,71,311.93,0.4776,0.2029,0.026163,4.388
737721,520,396,916,206,82,189,333.37,0.7635,0.5785,0.228323,22,36,18,138.90,0.5162,0.1383,0.014760,4.298
737729,520,450,970,227,50,94,12.60,0.8904,0.5428,0.194231,21,14,5,75.30,0.4543,0.0738,0.004845,4.453
737736,520,406,926,217,23,235,323.93,0.9835,0.5787,0.213647,33,12,69,293.82,0.8096,0.1251,0.010160,4.382
737769,520,465,985,212,44,129,355.61,0.8517,0.5199,0.173857,7,1,39,281.07,0.9657,0.0510,0.002134,4.294
737776,520,363,883,240,82,133,4.42,0.8472,0.6118,0.262563,3,38,82,256.47,0.9235,0.1714,0.020147,4.456
737791,520,460,980,188,15,237,315.84,0.9867,0.5295,0.171487,20,5,20,327.37,0.5754,0.0594,0.003078,4.173
737804,520,381,901,234,37,211,334.01,0.9630,0.5983,0.235214,27,22,93,277.29,0.8635,0.1601,0.015971,4.323
737806,520,435,955,213,35,189,334.88,0.9245,0.5461,0.190245,38,9,18,3.66,0.6074,0.0931,0.006512,4.251
737810,520,422,942,189,41,252,312.28,0.9845,0.5557,0.194341,14,9,79,273.36,0.9546,0.1144,0.008532,4.174
737831,520,258,778,211,139,242,315.12,0.8437,0.7060,0.387260,43,72,38,140.81,0.6159,0.2733,0.052881,4.250
737852,520,430,950,238,34,75,18.31,0.9603,0.5498,0.198324,12,19,51,270.45,0.6832,0.1010,0.007829,4.294
737858,520,442,962,231,45,2,32.45,0.9978,0.5355,0.188731,9,21,2,133.32,0.9045,0.0803,0.005988,4.264
737862,520,430,950,200,31,225,321.74,0.9596,0.5459,0.186972,8,21,43,260.12,0.6202,0.0972,0.007623,4.112
737863,520,406,926,243,43,131,1.07,0.9310,0.5803,0.224244,58,14,0,40.23,1.0000,0.1344,0.012138,4.413
737869,520,398,918,254,11,77,17.85,0.9946,0.5751,0.218498,27,27,66,279.74,0.6031,0.1434,0.014102,4.189
737896,520,451,971,220,32,159,346.02,0.9206,0.5410,0.187544,22,4,42,301.19,0.8172,0.0748,0.004246,4.379
737901,520,377,897,232,61,183,342.07,0.8843,0.5960,0.239148,23,0,117,273.33,1.0000,0.1626,0.014664,4.472
737905,520,454,974,180,39,240,312.31,0.9517,0.5305,0.174467,17,11,18,321.54,0.2525,0.0670,0.004022,4.155
737912,520,381,901,229,74,172,345.74,0.8273,0.5984,0.245367,34,30,73,284.03,0.5964,0.1626,0.017496,4.376
737916,520,476,996,226,13,52,22.28,0.9886,0.5120,0.167075,0,2,4,233.51,1.0000,0.0210,0.000522,4.297
737948,520,437,957,199,50,219,322.59,0.9096,0.5521,0.195394,0,16,58,261.31,1.0000,0.0937,0.006760,4.323
737963,520,372,892,238,85,119,10.53,0.8350,0.6078,0.260090,43,41,16,104.62,0.5470,0.1735,0.021369,4.345
737993,520,301,821,234,123,144,9.19,0.7113,0.6666,0.336743,17,62,55,180.89,0.7368,0.2318,0.038401,4.375
738038,520,355,875,227,84,202,335.30,0.8435,0.6218,0.269381,8,40,83,257.37,0.8385,0.1794,0.021936,4.440
738044,520,343,863,242,24,244,327.85,0.9912,0.6282,0.260649,16,12,133,268.40,0.9881,0.1923,0.020664,4.396
738046,520,440,960,173,64,251,306.54,0.9717,0.5509,0.195168,33,11,15,10.04,0.4942,0.0871,0.005972,4.380
738066,520,470,990,178,30,243,311.34,0.9688,0.5248,0.168656,15,2,10,341.18,0.6461,0.0420,0.001669,4.232
738074,520,398,918,198,88,194,328.93,0.7343,0.5771,0.228817,19,25,78,272.21,0.8039,0.1438,0.013837,4.368
738075,520,441,961,188,98,94,23.79,0.5566,0.5367,0.202364,18,18,37,282.26,0.4286,0.0931,0.006948,4.431
738078,520,415,935,235,50,141,356.53,0.8945,0.5735,0.218694,25,19,62,284.41,0.6923,0.1212,0.010202,4.463
738086,520,413,933,251,32,41,26.76,0.9844,0.5712,0.217060,31,26,16,84.29,0.2872,0.1178,0.010675,4.401
738109,520,341,861,244,53,218,334.62,0.9555,0.6298,0.268441,9,55,36,161.10,0.9015,0.1991,0.029177,4.022
738139,520,386,906,228,36,220,330.23,0.9654,0.5928,0.229255,65,14,23,14.47,0.7378,0.1531,0.014999,4.296
738151,520,440,960,216,6,205,331.17,0.9928,0.5515,0.191392,23,18,15,52.83,0.1475,0.0880,0.006493,4.273
738163,520,477,997,221,42,0,32.50,1.0000,0.5124,0.170308,3,1,10,295.26,0.7289,0.0249,0.000630,4.351
738165,520,440,960,242,1,86,13.76,0.9991,0.5496,0.195742,13,23,22,188.25,0.2571,0.0942,0.007563,4.269
738167,520,465,985,128,96,223,291.19,0.7668,0.5189,0.182826,13,0,39,292.33,1.0000,0.0543,0.002320,4.450
738181,520,381,901,240,41,182,343.66,0.9449,0.5952,0.234915,36,41,4,116.94,0.8669,0.1640,0.019697,4.088
738184,520,355,875,227,74,219,330.10,0.8982,0.6201,0.263452,62,19,77,316.00,0.7384,0.1838,0.020258,4.461
738197,520,396,916,253,3,103,10.02,0.9979,0.5772,0.219308,56,17,20,18.42,0.6355,0.1390,0.012923,4.280
738216,520,381,901,197,101,207,323.73,0.7216,0.6027,0.256840,8,43,38,181.77,0.7700,0.1594,0.019192,4.435
738224,520,420,940,249,0,87,14.24,1.0000,0.5644,0.208315,30,23,30,326.15,0.1901,0.1138,0.009826,4.318
738227,520,429,949,246,10,0,29.56,1.0000,0.5507,0.198135,45,0,27,348.85,1.0000,0.0959,0.006371,4.402
738240,520,229,749,251,155,100,49.61,0.9113,0.7407,0.448747,46,78,26,135.23,0.8350,0.2925,0.061041,4.492
738241,520,398,918,219,72,176,341.54,0.8081,0.5809,0.228316,1,32,69,254.92,0.9573,0.1431,0.014691,4.302
738257,520,409,929,222,14,211,331.09,0.9868,0.5680,0.205492,9,33,41,222.97,0.6021,0.1298,0.013058,4.052
738274,520,458,978,155,80,232,302.88,0.8465,0.5311,0.185325,17,10,1,82.10,0.7832,0.0595,0.003385,4.408
738302,520,383,903,227,55,209,332.89,0.9204,0.5966,0.236691,38,27,58,298.52,0.4914,0.1489,0.015014,4.410
738339,520,419,939,197,20,252,314.97,0.9878,0.5581,0.194003,10,28,38,235.00,0.5120,0.1140,0.010349,4.043
738341,520,385,905,246,70,35,32.98,0.9600,0.5903,0.240979,55,24,20,28.72,0.5211,0.1498,0.015161,4.466
738342,520,329,849,209,109,241,317.34,0.8869,0.6522,0.308448,21,45,101,263.93,0.7803,0.2138,0.029756,4.494
738359,520,298,818,255,63,238,332.12,1.0000,0.6678,0.309911,75,39,70,332.32,0.4779,0.2334,0.033893,4.290
738370,520,396,916,215,20,240,322.31,0.9874,0.5780,0.212406,30,5,92,283.20,0.9630,0.1396,0.011572,4.262
738384,520,365,885,206,85,229,320.92,0.8637,0.6065,0.252775,57,17,77,311.92,0.7606,0.1731,0.018067,4.448
738393,520,349,869,251,28,217,336.31,0.9857,0.6284,0.263527,20,22,121,270.10,0.9592,0.1895,0.021029,4.414
738394,520,273,793,226,125,235,324.16,0.8666,0.6971,0.368358,80,55,5,78.71,0.9020,0.2598,0.044490,4.428
738395,520,268,788,252,90,251,328.08,0.9888,0.6961,0.349755,116,7,19,24.17,0.9694,0.2597,0.039126,4.485
738409,520,386,906,240,16,186,342.09,0.9856,0.5869,0.224440,56,5,62,323.23,0.8390,0.1459,0.012972,4.358
738410,520,363,883,242,82,109,14.39,0.8765,0.6085,0.260190,8,42,61,237.89,0.7466,0.1684,0.020444,4.403
738414,520,453,973,211,66,105,8.51,0.7786,0.5312,0.187675,5,9,48,269.93,0.8958,0.0739,0.004410,4.368
738420,520,284,804,232,113,237,325.90,0.9053,0.6878,0.350825,18,56,108,257.39,0.7894,0.2473,0.040394,4.434
738432,520,375,895,230,22,229,328.55,0.9863,0.5965,0.230564,51,22,58,319.53,0.5935,0.1568,0.015832,4.262
738435,520,398,918,214,63,202,331.43,0.8667,0.5773,0.221174,30,32,37,268.27,0.1018,0.1402,0.014426,4.209
738449,520,447,967,196,36,218,322.28,0.9394,0.5367,0.180610,17,15,25,293.34,0.2691,0.0787,0.005310,4.169
738450,520,447,967,134,89,250,290.78,0.9472,0.5355,0.191151,7,2,62,272.29,0.9860,0.0784,0.004364,4.436
738451,520,429,949,240,18,68,19.36,0.9856,0.5458,0.193786,4,24,42,247.60,0.7266,0.1020,0.008462,4.170
738452,520,364,884,253,72,69,26.17,0.9869,0.6096,0.259506,43,38,20,94.39,0.4039,0.1658,0.019504,4.453
738465,520,405,925,247,19,134,359.60,0.9804,0.5781,0.219646,38,21,45,315.51,0.4738,0.1276,0.011379,4.393
738468,520,427,947,246,36,34,28.13,0.9769,0.5622,0.209736,11,27,6,138.32,0.8298,0.1003,0.008681,4.426
738469,520,360,880,206,103,212,325.29,0.7540,0.6215,0.275773,19,47,43,183.34,0.5252,0.1793,0.023458,4.435
738481,520,442,962,178,53,237,311.78,0.9193,0.5357,0.181266,23,6,38,305.35,0.7303,0.0764,0.004524,4.242
738502,520,388,908,199,78,232,318.26,0.8775,0.5894,0.234185,21,24,81,273.94,0.8183,0.1462,0.014067,4.436
738506,520,426,946,243,33,94,12.85,0.9602,0.5637,0.209539,18,24,45,270.46,0.4516,0.1128,0.009713,4.346
738508,520,389,909,239,77,44,33.29,0.9320,0.5857,0.238434,68,11,11,25.72,0.8678,0.1532,0.014927,4.442
738522,520,401,921,220,59,199,333.95,0.8840,0.5820,0.224693,1,25,80,261.90,0.9812,0.1367,0.012808,4.374
738533,520,384,904,226,90,99,19.28,0.7719,0.5883,0.243845,17,40,4,136.10,0.9523,0.1452,0.016455,4.422
738537,520,459,979,230,36,18,30.13,0.9810,0.5277,0.181314,13,10,17,304.15,0.2368,0.0606,0.003431,4.329
738541,520,384,904,204,85,211,325.43,0.8050,0.5921,0.240391,18,40,36,180.80,0.4516,0.1538,0.017735,4.287
738565,520,409,929,152,104,243,296.13,0.8553,0.5746,0.230472,10,35,10,143.51,0.8976,0.1259,0.012885,4.460
738574,520,386,906,241,21,188,341.80,0.9807,0.5913,0.228710,0,20,101,263.77,1.0020,0.1517,0.014398,4.328
738597,520,473,993,178,19,248,310.52,0.9853,0.5246,0.167090,2,5,6,215.14,0.3211,0.0343,0.001346,4.228
738599,520,394,914,242,42,152,353.66,0.9333,0.5857,0.228033,40,29,38,332.63,0.2251,0.1444,0.014698,4.297
738620,520,435,955,243,22,19,28.83,0.9891,0.5484,0.196790,13,9,55,278.03,0.8609,0.0865,0.005568,4.441
738632,520,368,888,240,43,214,334.67,0.9618,0.6140,0.251109,8,50,1,140.55,0.9959,0.1749,0.023349,4.105
738639,520,415,935,249,31,62,22.33,0.9777,0.5690,0.214711,4,32,22,166.16,0.8595,0.1161,0.011167,4.328
738646,520,301,821,238,88,246,325.72,0.9625,0.6692,0.318127,9,50,113,259.56,0.9098,0.2333,0.035313,4.315
738648,520,341,861,243,93,126,10.08,0.8543,0.6291,0.283927,21,45,85,260.03,0.6677,0.2001,0.026920,4.341
738654,520,335,855,243,89,163,353.95,0.8642,0.6364,0.288467,14,53,58,207.11,0.6909,0.2030,0.029449,4.260
738655,520,438,958,215,81,48,34.95,0.8631,0.5468,0.205477,10,24,20,173.76,0.4075,0.0943,0.007683,4.429
738665,520,416,936,202,62,222,322.38,0.8897,0.5697,0.212773,21,22,58,278.14,0.6296,0.1203,0.010387,4.351
738670,520,347,867,202,103,235,316.95,0.8510,0.6297,0.282565,2,52,34,162.99,0.9772,0.1860,0.025843,4.385
738684,520,476,996,198,30,179,333.81,0.9096,0.5100,0.161908,8,0,0,29.23,1.0000,0.0228,0.000516,4.195
738709,520,388,908,214,71,205,330.52,0.8511,0.5874,0.232124,10,41,37,183.49,0.6859,0.1533,0.017839,4.159
738711,520,469,989,201,53,164,340.00,0.8135,0.5236,0.176459,5,7,3,127.62,0.3471,0.0416,0.001908,4.363
738732,520,466,986,193,81,93,16.22,0.6598,0.5158,0.180144,3,1,46,270.49,0.9897,0.0547,0.002383,4.393
738734,520,478,998,172,54,212,315.85,0.8625,0.5075,0.161634,6,0,4,338.03,1.0000,0.0222,0.000475,4.193
738739,520,349,869,244,102,82,30.35,0.9070,0.6338,0.293481,19,49,58,220.19,0.5501,0.1927,0.026405,4.496
738742,520,413,933,254,24,43,25.94,0.9960,0.5742,0.219023,19,16,76,276.13,0.8757,0.1246,0.010308,4.461
738749,520,366,886,255,7,180,346.91,1.0000,0.6106,0.247108,17,40,62,249.26,0.5688,0.1671,0.019845,4.254
738758,520,445,965,236,24,67,19.66,0.9767,0.5394,0.188946,19,12,39,292.19,0.5974,0.0830,0.005479,4.307
738779,520,391,911,194,93,218,319.56,0.7837,0.5929,0.243612,6,38,51,229.30,0.7603,0.1493,0.016639,4.406
738802,520,443,963,232,42,70,20.15,0.9408,0.5416,0.192570,33,5,27,337.04,0.6978,0.0820,0.005111,4.402
738813,520,453,973,219,12,161,344.74,0.9751,0.5325,0.178987,18,8,39,293.99,0.6951,0.0749,0.004487,4.203
738820,520,417,937,182,66,255,308.41,1.0000,0.5689,0.210624,9,31,25,173.10,0.5960,0.1165,0.011082,4.267
738823,520,465,985,215,27,136,352.67,0.9212,0.5181,0.170109,8,6,17,292.37,0.4170,0.0474,0.002223,4.215
738828,520,372,892,225,108,32,48.03,0.9137,0.6057,0.268394,10,42,63,241.62,0.7109,0.1705,0.020792,4.498
738842,520,386,906,244,10,177,345.50,0.9916,0.5885,0.226277,43,29,36,347.59,0.2399,0.1475,0.015197,4.238
738853,520,282,802,182,152,225,302.69,0.5999,0.6899,0.378381,21,69,41,154.41,0.8493,0.2519,0.045756,4.474
738860,520,365,885,253,65,121,8.37,0.9778,0.6138,0.260472,35,44,8,122.26,0.7925,0.1728,0.021762,4.326
738864,520,477,997,203,72,54,30.66,0.8296,0.5127,0.175997,1,0,16,275.06,1.0000,0.0220,0.000439,4.481
738874,520,348,868,250,13,235,331.72,0.9961,0.6334,0.266131,22,51,22,143.77,0.7957,0.1876,0.025961,4.162
738891,520,441,961,236,31,35,27.39,0.9770,0.5386,0.189374,36,7,18,359.53,0.6403,0.0865,0.005708,4.297
738900,520,289,809,245,133,42,53.99,0.9337,0.6832,0.363575,47,63,18,126.50,0.7652,0.2444,0.042030,4.494
738917,520,412,932,254,18,44,25.46,0.9960,0.5723,0.216891,13,21,62,270.16,0.7706,0.1158,0.009697,4.471
738924,520,479,999,223,12,52,22.04,0.9888,0.5053,0.162017,1,0,6,289.16,1.0000,0.0150,0.000196,4.224
738945,520,410,930,197,102,129,3.20,0.5525,0.5684,0.229596,22,32,30,181.33,0.2016,0.1299,0.012973,4.440
738954,520,454,974,173,71,218,313.60,0.8261,0.5326,0.184536,30,6,1,40.43,0.8616,0.0698,0.004085,4.336
738958,520,397,917,242,52,125,3.76,0.9086,0.5828,0.228171,43,2,86,297.25,0.9705,0.1450,0.012289,4.466
738978,520,451,971,176,39,254,308.15,0.9946,0.5368,0.178378,6,7,47,272.57,0.8998,0.0701,0.003959,4.232
739006,520,440,960,194,16,252,314.22,0.9905,0.5522,0.188695,14,14,53,276.92,0.7601,0.0939,0.006645,4.214
739011,520,411,931,253,0,70,19.26,1.0000,0.5696,0.213286,16,8,80,274.80,0.9559,0.1158,0.008630,4.491
739018,520,454,974,223,59,12,34.49,0.9827,0.5322,0.188452,8,10,36,275.19,0.6803,0.0676,0.003961,4.419
739036,520,442,962,203,24,213,325.65,0.9648,0.5390,0.181557,26,12,2,61.48,0.7162,0.0752,0.004870,4.220
739061,520,349,869,232,104,134,7.73,0.7456,0.6290,0.287802,6,43,91,257.16,0.8893,0.1938,0.025217,4.491
739076,520,410,930,246,31,83,16.44,0.9700,0.5664,0.212008,59,1,33,353.18,0.9258,0.1291,0.010615,4.323
739078,520,468,988,177,8,251,309.77,0.9947,0.5229,0.164868,4,6,4,145.00,0.2072,0.0384,0.001648,4.160
739082,520,383,903,238,44,199,338.30,0.9478,0.6024,0.241048,48,26,33,359.54,0.3521,0.1467,0.014770,4.494
739109,520,334,854,249,52,227,333.45,0.9734,0.6431,0.281448,58,40,53,336.88,0.2699,0.2019,0.026742,4.319
739119,520,434,954,233,53,46,28.01,0.9402,0.5489,0.200701,14,17,56,274.30,0.7477,0.1025,0.007798,4.338
739134,520,447,967,234,35,70,19.54,0.9566,0.5412,0.191398,35,1,31,333.28,0.8655,0.0809,0.004780,4.407
739145,520,430,950,193,20,247,314.96,0.9857,0.5475,0.185545,11,24,31,233.12,0.3891,0.0996,0.008233,4.045
739153,520,459,979,182,37,238,313.41,0.9538,0.5306,0.174424,0,2,48,264.21,0.9900,0.0564,0.002568,4.269
739165,520,310,830,189,124,251,305.79,0.9261,0.6579,0.321998,9,62,33,153.96,0.9480,0.2221,0.036130,4.319
739177,520,440,960,168,70,245,305.71,0.9304,0.5458,0.192984,23,18,24,320.64,0.1781,0.0913,0.006807,4.277
739183,520,438,958,194,28,249,314.66,0.9785,0.5539,0.191407,28,12,41,307.29,0.6140,0.0948,0.006699,4.258
739184,520,449,969,207,12,205,328.86,0.9831,0.5366,0.179381,1,15,33,251.24,0.8502,0.0709,0.004579,4.203
739192,520,402,922,218,28,226,326.29,0.9741,0.5758,0.212290,41,25,2,74.24,0.8555,0.1260,0.011711,4.250
739206,520,386,906,250,46,110,9.60,0.9606,0.5896,0.234073,12,22,93,268.37,0.9334,0.1503,0.014422,4.410
739208,520,465,985,230,9,78,15.09,0.9898,0.5242,0.175714,1,11,19,235.73,0.7691,0.0534,0.002928,4.265
739211,520,462,982,211,2,187,334.83,0.9962,0.5298,0.174823,2,7,24,262.70,0.7325,0.0481,0.002308,4.298
739220,520,248,768,251,128,196,347.51,0.9330,0.7188,0.399358,8,78,41,153.60,0.9731,0.2787,0.056603,4.215
739224,520,453,973,185,83,150,342.66,0.6322,0.5265,0.187042,14,15,6,113.33,0.3721,0.0692,0.004482,4.351
739241,520,347,867,245,75,183,345.87,0.9147,0.6323,0.278665,57,27,85,304.72,0.6866,0.1948,0.023097,4.496
739247,520,348,868,247,2,237,330.60,0.9994,0.6275,0.259350,60,32,62,324.64,0.4811,0.1919,0.023416,4.214
739256,520,346,866,242,23,253,325.87,0.9938,0.6341,0.265846,85,9,31,11.05,0.8577,0.1931,0.022259,4.371
739263,520,465,985,179,24,242,312.00,0.9768,0.5227,0.166488,21,3,7,4.92,0.6411,0.0514,0.002399,4.132
739274,520,389,909,251,61,8,33.77,0.9941,0.5899,0.238679,10,32,71,260.85,0.7831,0.1487,0.015524,4.406
739280,520,460,980,192,48,206,324.04,0.8843,0.5297,0.177781,19,6,9,3.90,0.4190,0.0559,0.002884,4.307
739289,520,417,937,223,26,198,334.81,0.9643,0.5654,0.205064,24,28,14,121.59,0.3841,0.1152,0.010564,4.211
739295,520,402,922,218,20,231,325.14,0.9854,0.5765,0.211774,43,7,68,306.36,0.8485,0.1317,0.010829,4.303
739301,520,461,981,236,12,40,25.31,0.9929,0.5318,0.182523,0,7,23,253.97,0.9999,0.0456,0.002138,4.460
739323,520,342,862,226,81,232,326.19,0.9075,0.6341,0.278819,53,43,29,75.66,0.3006,0.1942,0.025734,4.342
739351,520,444,964,197,69,179,333.84,0.7715,0.5420,0.193829,1,14,44,260.16,0.9354,0.0770,0.005023,4.431
739353,520,448,968,137,98,227,293.92,0.7770,0.5353,0.195998,35,7,14,7.48,0.6356,0.0834,0.005410,4.440
739355,520,420,940,243,17,117,4.43,0.9812,0.5637,0.207433,49,10,7,28.45,0.7932,0.1121,0.008855,4.374
739368,520,334,854,221,88,233,324.32,0.8963,0.6353,0.282367,50,35,90,292.47,0.6263,0.2049,0.026184,4.363
739384,520,378,898,249,51,130,3.09,0.9472,0.5972,0.241225,62,15,46,343.94,0.6869,0.1577,0.015632,4.437
739389,520,306,826,216,125,200,333.77,0.6703,0.6659,0.334379,40,62,13,130.62,0.8752,0.2348,0.039254,4.307
739392,520,375,895,254,61,7,33.70,0.9956,0.5958,0.244274,17,37,67,258.35,0.6159,0.1622,0.018475,4.298
739398,520,408,928,245,30,109,8.00,0.9638,0.5702,0.214486,30,15,75,286.97,0.8166,0.1321,0.011256,4.318
739401,520,73,593,231,227,251,293.40,0.7241,0.9140,0.788921,5,121,39,146.30,0.9964,0.4236,0.138529,4.450
739411,520,444,964,208,85,8,44.10,0.9749,0.5373,0.199266,2,18,34,247.67,0.7740,0.0797,0.005610,4.482
739416,520,369,889,242,69,152,355.65,0.8827,0.6077,0.254035,54,33,12,63.55,0.6151,0.1665,0.018986,4.407
739432,520,413,933,252,12,95,12.55,0.9919,0.5749,0.217883,16,27,48,262.40,0.4880,0.1210,0.011074,4.386
739436,520,291,811,249,80,255,326.48,1.0000,0.6834,0.330997,68,46,68,326.58,0.3320,0.2371,0.036004,4.430
739438,520,370,890,253,26,179,347.03,0.9857,0.6111,0.248796,55,22,67,316.06,0.6528,0.1693,0.017914,4.400
739439,520,410,930,246,48,59,24.62,0.9585,0.5727,0.220260,44,26,7,65.06,0.6538,0.1337,0.012897,4.297
739440,520,436,956,224,46,130,358.00,0.8763,0.5451,0.194156,28,16,1,75.15,0.8633,0.0862,0.006197,4.345
739465,520,389,909,222,66,203,333.36,0.8773,0.5943,0.237400,7,43,16,148.20,0.9438,0.1525,0.018103,4.220
739467,520,362,882,236,8,232,329.28,0.9964,0.6058,0.238354,21,28,101,270.94,0.8912,0.1757,0.019294,4.161
739485,520,325,845,251,84,168,353.20,0.9482,0.6461,0.296802,73,35,43,7.64,0.4554,0.2099,0.027931,4.450
739491,520,435,955,223,57,119,3.23,0.8399,0.5487,0.199487,11,22,15,155.78,0.3789,0.0877,0.006794,4.393
739498,520,416,936,250,19,55,23.22,0.9898,0.5654,0.210693,3,31,46,235.89,0.8147,0.1239,0.011965,4.207
739500,520,436,956,233,37,105,8.07,0.9319,0.5485,0.196697,25,18,13,57.18,0.2289,0.0898,0.006684,4.352
739501,520,415,935,253,18,20,28.57,0.9933,0.5685,0.213696,4,3,94,266.36,0.9951,0.1214,0.008990,4.470
739504,520,375,895,228,65,194,337.69,0.8789,0.5985,0.241721,20,20,102,272.07,0.9364,0.1623,0.016082,4.414
739527,520,400,920,236,43,162,349.12,0.9223,0.5793,0.221722,36,33,18,98.27,0.3623,0.1431,0.015065,4.176
739528,520,477,997,192,28,192,328.24,0.9262,0.5067,0.158444,2,2,2,0.00,0.0000,0.0229,0.000607,4.119
739535,520,415,935,232,62,115,7.05,0.8558,0.5693,0.218417,18,26,52,269.07,0.5254,0.1227,0.011153,4.389
739536,520,476,996,217,31,88,11.30,0.9295,0.5076,0.164389,2,1,5,297.38,0.5651,0.0207,0.000456,4.249
739538,520,374,894,234,35,219,331.94,0.9704,0.6022,0.238116,26,42,34,162.22,0.3243,0.1647,0.019910,4.121
739560,520,479,999,209,45,113,1.49,0.8442,0.5089,0.166266,2,0,0,29.23,1.0000,0.0120,0.000129,4.314
739600,520,396,916,204,94,173,339.51,0.6756,0.5842,0.238616,9,35,50,237.48,0.6539,0.1410,0.014904,4.447
739612,520,436,956,165,73,255,302.47,1.0000,0.5538,0.199849,4,3,75,267.55,0.9911,0.0948,0.005989,4.462
739619,520,462,982,215,44,150,348.39,0.8644,0.5348,0.184528,3,12,9,174.34,0.5150,0.0537,0.003020,4.423
739620,520,412,932,246,50,23,31.12,0.9798,0.5710,0.219394,50,12,22,7.56,0.6563,0.1206,0.009991,4.491
739653,520,245,765,247,133,218,337.54,0.9265,0.7307,0.416135,31,66,114,256.91,0.6618,0.2849,0.054024,4.481
739657,520,338,858,246,41,244,328.69,0.9820,0.6421,0.277132,69,36,2,60.75,0.9137,0.1967,0.025315,4.344
739659,520,415,935,190,68,240,314.04,0.9156,0.5706,0.213738,28,26,34,296.57,0.1671,0.1209,0.011012,4.323
739677,520,381,901,251,32,161,352.18,0.9689,0.6015,0.241189,25,39,51,245.10,0.3284,0.1626,0.018967,4.222
739681,520,440,960,155,87,248,298.89,0.9279,0.5544,0.205625,18,22,4,119.51,0.6790,0.0906,0.007112,4.476
739682,520,369,889,226,36,247,323.30,0.9792,0.6080,0.241481,15,43,60,238.28,0.6059,0.1736,0.021555,4.074
739690,520,397,917,250,9,119,4.70,0.9925,0.5768,0.218549,65,5,24,8.60,0.8528,0.1433,0.012985,4.264
739697,520,330,850,221,105,197,335.91,0.7502,0.6386,0.295085,85,27,23,27.20,0.7306,0.2123,0.027773,4.437
739703,520,358,878,223,72,240,323.51,0.9359,0.6250,0.266160,25,47,41,174.74,0.3967,0.1821,0.023997,4.273
739708,520,430,950,139,103,229,293.39,0.7736,0.5482,0.208466,15,17,52,275.97,0.6903,0.0997,0.007504,4.495
739728,520,448,968,225,51,83,16.50,0.8937,0.5371,0.190025,14,1,57,281.80,0.9821,0.0761,0.004105,4.436
739746,520,399,919,230,29,199,336.25,0.9653,0.5800,0.218279,55,9,43,340.31,0.7384,0.1357,0.011821,4.340
739759,520,407,927,239,54,77,20.15,0.9240,0.5663,0.215281,35,25,33,333.33,0.2231,0.1261,0.011624,4.305
739763,520,448,968,186,46,237,314.52,0.9372,0.5421,0.185087,19,11,33,298.40,0.5385,0.0770,0.004876,4.284
739772,520,39,559,243,252,68,112.38,0.9889,0.9466,0.890933,33,129,15,141.20,0.9899,0.4531,0.160577,4.468
739784,520,397,917,241,7,166,348.09,0.9927,0.5768,0.216090,44,29,0,81.27,1.0000,0.1399,0.014143,4.148
739798,520,368,888,234,101,15,45.40,0.9757,0.6086,0.268371,27,45,8,131.71,0.8702,0.1690,0.021273,4.467
739805,520,430,950,245,3,19,28.05,0.9987,0.5478,0.195282,44,7,17,7.99,0.7166,0.1006,0.007280,4.282
739814,520,270,790,251,114,196,345.79,0.9463,0.6972,0.365322,60,48,112,288.47,0.6094,0.2616,0.042444,4.493
739815,520,465,985,209,25,161,342.46,0.9269,0.5176,0.168260,6,9,15,260.73,0.2645,0.0516,0.002686,4.143
739824,520,437,957,220,57,144,352.71,0.8309,0.5524,0.201580,6,24,4,140.98,0.9160,0.0877,0.007007,4.413
739830,520,428,948,202,76,174,337.45,0.7472,0.5562,0.207832,46,6,21,1.84,0.7438,0.1043,0.007653,4.472
739849,520,382,902,206,119,55,53.96,0.7581,0.5980,0.265931,7,46,10,144.27,0.9679,0.1618,0.020210,4.500
739860,520,272,792,249,98,249,327.72,0.9776,0.6995,0.357172,7,73,7,142.71,0.9902,0.2561,0.048254,4.144
739864,520,374,894,238,17,211,334.89,0.9887,0.5977,0.232840,31,21,95,280.10,0.8591,0.1642,0.016538,4.251
739865,520,265,785,254,135,108,33.92,0.9801,0.7091,0.394845,2,73,38,154.34,0.9924,0.2595,0.049177,4.485
739881,520,422,942,203,0,246,318.04,1.0000,0.5583,0.193520,24,15,54,289.08,0.6875,0.1056,0.008022,4.197
739882,520,350,870,234,89,187,342.60,0.8348,0.6318,0.282276,50,42,29,79.57,0.2739,0.1877,0.024228,4.476
739901,520,38,558,231,245,222,132.95,0.5524,0.9459,0.875674,22,129,50,146.98,0.9804,0.4540,0.161007,4.387
739906,520,334,854,244,57,230,331.53,0.9595,0.6398,0.278753,39,44,76,275.67,0.4285,0.2036,0.027544,4.240
739909,520,419,939,224,2,204,333.40,0.9979,0.5647,0.202528,41,2,50,319.32,0.8857,0.1063,0.007452,4.395
739946,520,372,892,249,81,56,31.36,0.9642,0.6106,0.263135,35,39,46,261.68,0.1327,0.1687,0.020056,4.470
740003,520,358,878,249,79,132,5.78,0.9259,0.6241,0.274009,42,44,23,113.09,0.4171,0.1824,0.023555,4.405
740004,520,466,986,201,70,96,12.10,0.7366,0.5151,0.176443,0,12,19,227.75,1.0000,0.0549,0.003099,4.265
740036,520,426,946,127,110,237,285.77,0.8130,0.5557,0.217780,21,28,14,130.08,0.4080,0.1124,0.010216,4.447
740043,520,429,949,221,9,184,338.20,0.9863,0.5483,0.190307,7,16,60,268.14,0.8806,0.0999,0.007420,4.185
740060,520,394,914,228,49,196,336.80,0.9196,0.5862,0.226786,64,9,1,33.68,0.9746,0.1409,0.012877,4.402
740064,520,469,989,218,55,67,22.15,0.8873,0.5237,0.180456,1,4,25,265.48,0.8961,0.0405,0.001635,4.463
740071,520,401,921,246,63,13,34.03,0.9890,0.5820,0.231803,44,29,6,75.27,0.7108,0.1408,0.014274,4.384
740073,520,387,907,243,30,172,347.07,0.9646,0.5903,0.229649,21,9,105,273.51,0.9754,0.1531,0.013746,4.387
740078,520,375,895,248,43,166,350.40,0.9467,0.6038,0.244407,17,41,37,181.67,0.4932,0.1567,0.018386,4.305
740092,520,375,895,252,24,150,355.56,0.9781,0.5958,0.235543,21,43,7,135.47,0.9131,0.1581,0.019025,4.137
740099,520,402,922,241,1,183,343.06,0.9991,0.5842,0.221444,47,18,44,331.36,0.5635,0.1348,0.012189,4.365
740104,520,405,925,231,70,139,358.47,0.8240,0.5838,0.232360,10,36,18,151.19,0.7975,0.1308,0.013699,4.433
740109,520,436,956,190,29,248,313.74,0.9759,0.5472,0.186044,6,23,31,230.25,0.5647,0.0939,0.007504,4.105
740115,520,408,928,176,93,214,313.93,0.7441,0.5653,0.219147,51,12,42,338.04,0.6787,0.1313,0.011340,4.388
740120,520,370,890,239,19,225,331.62,0.9901,0.6089,0.242555,70,15,46,350.02,0.7183,0.1732,0.018412,4.276
740123,520,476,996,180,88,104,10.66,0.5549,0.5087,0.176836,4,1,1,21.00,0.4725,0.0215,0.000497,4.492
740125,520,455,975,218,0,172,340.97,1.0000,0.5338,0.178864,12,14,5,117.95,0.4118,0.0647,0.004032,4.236
740130,520,411,931,228,14,194,337.08,0.9846,0.5684,0.207057,41,15,39,330.29,0.5646,0.1173,0.009596,4.313
740141,520,340,860,254,0,233,333.04,1.0000,0.6371,0.269573,19,27,126,268.87,0.9533,0.2030,0.024285,4.302
740148,520,441,961,208,62,153,346.57,0.7880,0.5396,0.191571,4,25,13,156.65,0.8329,0.0915,0.007501,4.201
740149,520,420,940,239,3,135,357.43,0.9961,0.5587,0.201683,0,9,84,264.14,0.9845,0.1130,0.008354,4.313
740153,520,425,945,239,20,128,0.16,0.9728,0.5602,0.204127,41,12,30,344.74,0.5834,0.1077,0.008282,4.360
740157,520,449,969,162,74,238,304.77,0.8877,0.5369,0.187525,14,15,12,122.11,0.1024,0.0708,0.004616,4.349
740161,520,307,827,242,95,223,333.10,0.9283,0.6704,0.323919,40,56,57,200.98,0.2100,0.2275,0.035748,4.361
740166,520,401,921,246,46,115,7.34,0.9335,0.5831,0.227880,4,15,97,265.82,0.9751,0.1404,0.012304,4.460
740169,520,395,915,201,62,251,315.12,0.9766,0.5894,0.228292,29,12,88,282.44,0.9081,0.1415,0.012287,4.468
740180,520,417,937,221,28,215,329.79,0.9695,0.5735,0.211112,26,27,20,114.11,0.1736,0.1160,0.010540,4.313
740200,520,424,944,208,58,199,330.62,0.8638,0.5607,0.205614,40,19,6,51.64,0.6351,0.1116,0.009301,4.310
740203,520,442,962,176,79,212,315.70,0.7849,0.5432,0.195765,24,4,48,299.14,0.8491,0.0825,0.004944,4.473
740206,520,456,976,159,72,235,304.54,0.8775,0.5279,0.180043,6,15,5,141.25,0.5859,0.0625,0.003913,4.267
740217,520,310,830,239,93,223,332.26,0.9156,0.6633,0.315096,10,54,86,245.54,0.7957,0.2219,0.033746,4.360
740224,520,72,592,222,230,232,214.34,0.1400,0.9062,0.779492,62,116,28,136.00,0.9380,0.4244,0.135984,4.460
740239,520,441,961,194,93,95,20.52,0.6062,0.5377,0.201259,32,11,33,325.63,0.5677,0.0935,0.006563,4.442
740251,520,472,992,220,45,87,13.62,0.8942,0.5230,0.177832,7,2,14,306.01,0.6549,0.0348,0.001203,4.450
740280,520,471,991,187,45,203,323.42,0.8832,0.5169,0.167548,20,0,6,358.88,1.0000,0.0423,0.001619,4.214
740291,520,477,997,217,49,1,33.70,0.9984,0.5099,0.169531,1,1,7,277.79,0.7136,0.0203,0.000435,4.353
740299,520,421,941,223,12,188,337.56,0.9838,0.5550,0.195842,30,21,28,334.21,0.2209,0.1082,0.008962,4.169
740316,520,449,969,211,55,159,344.67,0.8232,0.5409,0.190866,23,7,23,327.26,0.5403,0.0687,0.003960,4.464
740321,520,367,887,254,74,64,27.85,0.9937,0.6130,0.263422,27,45,15,134.42,0.7279,0.1700,0.021442,4.387
740322,520,400,920,231,42,175,343.75,0.9227,0.5756,0.217427,38,3,88,291.81,0.9644,0.1417,0.011818,4.326
740324,520,417,937,248,32,65,21.62,0.9753,0.5678,0.213747,31,19,51,298.60,0.5708,0.1187,0.009961,4.399
740334,520,373,893,237,60,170,347.51,0.8873,0.5977,0.241414,57,29,10,52.42,0.6653,0.1618,0.017706,4.304
740347,520,388,908,248,21,167,349.45,0.9809,0.5942,0.232862,26,38,35,177.73,0.2211,0.1529,0.017272,4.205
740351,520,382,902,227,67,191,338.42,0.8669,0.5971,0.241092,58,5,76,315.07,0.8848,0.1613,0.015300,4.458
740353,520,356,876,241,0,235,329.73,1.0000,0.6152,0.247017,69,10,74,324.53,0.8096,0.1837,0.019769,4.257
740366,520,431,951,194,22,251,314.34,0.9854,0.5532,0.190095,21,20,40,284.62,0.4212,0.1024,0.008129,4.130
740388,520,392,912,240,41,180,344.26,0.9438,0.5942,0.234094,5,40,41,197.77,0.8117,0.1498,0.017099,4.234
740391,520,451,971,206,55,169,339.71,0.8223,0.5370,0.187207,10,6,49,277.93,0.8867,0.0732,0.004165,4.379
740402,520,441,961,237,11,92,11.56,0.9882,0.5426,0.190198,6,13,60,268.59,0.9126,0.0937,0.006528,4.249
740404,520,426,946,211,8,226,324.63,0.9933,0.5578,0.195155,52,2,20,4.76,0.8843,0.1104,0.008241,4.209
740417,520,446,966,231,51,16,32.33,0.9818,0.5409,0.193970,27,0,48,305.23,1.0000,0.0797,0.004464,4.479
740430,520,416,936,245,41,54,24.91,0.9656,0.5652,0.212682,8,19,70,267.61,0.8985,0.1168,0.009595,4.408
740434,520,279,799,255,85,250,329.12,1.0000,0.6948,0.346620,2,70,52,168.53,0.9847,0.2533,0.046409,4.114
740441,520,409,929,179,84,233,310.94,0.8522,0.5693,0.218084,56,5,37,347.41,0.7948,0.1297,0.010830,4.407
740444,520,348,868,239,31,249,326.01,0.9877,0.6290,0.261728,13,11,136,267.38,0.9908,0.1945,0.021023,4.389
740481,520,1,521,255,255,255,0.00,0.0000,1.0000,1.000000,29,138,14,141.68,0.9923,0.4816,0.184691,4.474
740499,520,421,941,213,32,212,328.50,0.9545,0.5593,0.199347,18,28,18,144.67,0.3476,0.1109,0.010028,4.154
740512,520,397,917,255,18,66,20.97,1.0000,0.5771,0.220898,44,27,10,64.06,0.5708,0.1366,0.013413,4.272
740518,520,210,730,243,170,58,73.40,0.8936,0.7557,0.481118,74,77,20,112.31,0.7784,0.3137,0.068141,4.496
740529,520,440,960,240,42,44,26.98,0.9639,0.5544,0.203663,30,16,3,65.35,0.6913,0.0895,0.006532,4.487
740533,520,319,839,209,115,224,321.95,0.7808,0.6516,0.312000,21,56,70,227.30,0.5959,0.2218,0.034298,4.294
740548,520,452,972,238,1,24,27.37,0.9995,0.5324,0.182681,19,12,16,343.53,0.2081,0.0704,0.004388,4.278
740554,520,466,986,162,71,226,307.71,0.8450,0.5233,0.176795,9,2,35,286.62,0.8949,0.0514,0.002228,4.342
740570,520,397,917,216,63,203,331.69,0.8725,0.5813,0.224678,46,4,79,303.18,0.9260,0.1438,0.012322,4.407
740575,520,430,950,210,56,177,338.12,0.8378,0.5494,0.197064,40,10,17,8.57,0.6085,0.0978,0.007087,4.328
740594,520,368,888,230,60,216,331.74,0.9244,0.6100,0.250150,48,35,41,349.27,0.1985,0.1709,0.019906,4.294
740631,520,473,993,222,45,61,22.57,0.9269,0.5218,0.177460,0,5,12,241.12,1.0000,0.0345,0.001351,4.430
740639,520,345,865,232,101,150,359.15,0.7540,0.6298,0.286677,25,47,65,244.69,0.4582,0.1940,0.026213,4.418
740643,520,352,872,248,51,189,343.63,0.9519,0.6198,0.260014,61,40,12,70.97,0.6828,0.1944,0.025363,4.114
740644,520,369,889,242,9,227,331.83,0.9962,0.6133,0.246215,43,37,41,338.09,0.1037,0.1697,0.019968,4.234
740662,520,477,997,157,74,207,310.25,0.7743,0.5057,0.165713,0,0,20,264.05,1.0000,0.0236,0.000505,4.271
740670,520,452,972,185,11,240,314.37,0.9909,0.5262,0.168461,0,14,35,253.04,0.9999,0.0692,0.004354,4.019
740711,520,297,817,252,71,248,328.97,0.9895,0.6755,0.319821,18,66,18,143.17,0.9542,0.2360,0.040685,4.078
740712,520,405,925,212,16,252,318.94,0.9925,0.5812,0.213977,42,24,18,39.19,0.3716,0.1282,0.011892,4.265
740734,520,365,885,236,29,231,329.46,0.9829,0.6108,0.244837,17,48,8,139.46,0.9489,0.1726,0.022505,4.066
740742,520,478,998,155,80,211,307.74,0.7635,0.5148,0.174096,7,0,2,357.01,1.0000,0.0225,0.000496,4.438
740743,520,425,945,232,13,163,347.12,0.9816,0.5590,0.200909,8,7,80,269.58,0.9766,0.1095,0.007827,4.339
740757,520,418,938,244,20,73,18.43,0.9844,0.5558,0.202179,43,6,52,318.93,0.7962,0.1166,0.008918,4.280
740761,520,294,814,226,122,207,334.35,0.7619,0.6779,0.345947,30,64,46,158.86,0.5762,0.2413,0.041399,4.332
740762,520,419,939,205,25,239,319.89,0.9796,0.5623,0.199081,16,28,5,131.70,0.7959,0.1065,0.009516,4.185
740764,520,417,937,255,15,34,26.90,1.0000,0.5727,0.217210,36,11,61,302.35,0.7755,0.1201,0.009514,4.490
740771,520,458,978,213,9,171,340.11,0.9801,0.5256,0.172841,4,13,16,218.09,0.4267,0.0593,0.003511,4.164
740776,520,425,945,239,51,19,31.82,0.9813,0.5573,0.207687,15,19,64,273.18,0.7922,0.1148,0.009374,4.340
740793,520,460,980,212,36,169,340.83,0.8996,0.5334,0.181256,20,9,12,1.81,0.3121,0.0643,0.003707,4.306
740828,520,471,991,225,34,18,29.95,0.9795,0.5159,0.171982,14,0,24,311.09,1.0000,0.0431,0.001593,4.303
740849,520,470,990,217,59,20,34.00,0.9651,0.5206,0.179327,15,0,20,319.28,1.0000,0.0417,0.001521,4.451
740854,520,461,981,196,61,170,336.59,0.7844,0.5261,0.179772,6,8,16,270.82,0.3186,0.0498,0.002498,4.377
740859,520,358,878,199,112,195,328.78,0.6383,0.6173,0.276719,33,46,19,130.16,0.5889,0.1788,0.023243,4.461
740861,520,439,959,234,58,0,34.54,1.0000,0.5528,0.205216,4,22,35,241.44,0.6791,0.0921,0.007209,4.461
740869,520,356,876,223,68,238,324.09,0.9317,0.6197,0.259973,82,1,38,1.53,0.9655,0.1819,0.019558,4.456
740873,520,387,907,252,15,146,356.59,0.9879,0.5915,0.231160,69,8,10,24.98,0.9034,0.1521,0.014610,4.352
740880,520,377,897,253,37,152,355.59,0.9826,0.6041,0.244763,14,30,84,266.59,0.8479,0.1579,0.016619,4.425
740889,520,342,862,237,45,244,326.55,0.9747,0.6291,0.264155,89,0,3,27.60,1.0000,0.1896,0.021308,4.406
740895,520,352,872,237,103,44,41.72,0.9123,0.6186,0.278897,9,53,5,141.72,0.9823,0.1862,0.026151,4.319
740917,520,360,880,245,38,218,334.77,0.9739,0.6225,0.258636,80,5,23,15.18,0.9164,0.1763,0.018762,4.488
740918,520,430,950,181,64,237,312.12,0.9040,0.5508,0.196060,7,25,35,235.08,0.5675,0.1022,0.008617,4.198
740932,520,386,906,252,56,18,32.29,0.9875,0.5878,0.235711,39,31,45,310.32,0.2583,0.1515,0.016008,4.328
740933,520,464,984,160,77,212,309.81,0.7802,0.5179,0.175354,5,10,0,126.59,1.0000,0.0479,0.002493,4.293
740946,520,452,972,207,65,127,357.61,0.7631,0.5301,0.185804,20,2,47,295.33,0.9166,0.0734,0.003974,4.369
740955,520,466,986,174,66,207,317.23,0.8128,0.5199,0.174011,15,3,23,311.24,0.7063,0.0507,0.002286,4.284
741000,520,426,946,248,27,55,23.59,0.9826,0.5641,0.210198,31,19,35,317.45,0.3773,0.1084,0.008784,4.426
741005,520,476,996,158,28,255,302.88,1.0000,0.5056,0.153201,3,1,5,310.43,0.5673,0.0222,0.000520,4.022
741006,520,475,995,204,16,181,334.79,0.9623,0.5164,0.165461,0,4,17,256.05,0.9999,0.0342,0.001273,4.202
741008,520,448,968,229,47,54,25.11,0.9394,0.5367,0.189603,5,19,29,240.26,0.5629,0.0814,0.005867,4.289
741018,520,361,881,247,29,214,336.20,0.9824,0.6198,0.255110,76,17,26,16.23,0.7575,0.1805,0.020122,4.351
741019,520,403,923,226,20,213,331.55,0.9820,0.5782,0.214756,55,12,31,356.83,0.6834,0.1334,0.011742,4.288
741021,520,416,936,251,28,29,28.19,0.9863,0.5684,0.214322,31,15,57,297.03,0.6969,0.1161,0.009284,4.459
741022,520,367,887,244,76,126,6.83,0.8879,0.6098,0.259115,14,42,56,233.15,0.6052,0.1677,0.020347,4.394
741035,520,393,913,202,73,235,318.67,0.8984,0.5903,0.233213,51,20,35,351.57,0.5120,0.1404,0.013256,4.477
741039,520,474,994,225,19,76,15.60,0.9741,0.5160,0.169980,10,1,3,1.86,0.6774,0.0303,0.000928,4.319
741052,520,419,939,247,32,38,27.17,0.9805,0.5625,0.209507,20,27,13,130.13,0.4202,0.1084,0.009616,4.353
741070,520,479,999,168,32,247,307.42,0.9673,0.5144,0.160740,0,0,5,264.05,1.0000,0.0116,0.000110,4.206
741073,520,467,987,220,13,123,357.96,0.9708,0.5176,0.169362,5,4,20,283.29,0.6298,0.0413,0.001696,4.243
741088,520,397,917,244,52,91,15.85,0.9299,0.5775,0.224478,54,14,47,335.27,0.6741,0.1423,0.013037,4.354
741097,520,377,897,202,82,232,319.00,0.8747,0.5988,0.244188,30,26,79,280.99,0.7149,0.1556,0.015793,4.471
741103,520,441,961,214,9,196,333.09,0.9868,0.5426,0.184792,15,21,16,149.78,0.2096,0.0882,0.006753,4.137
741122,520,408,928,220,57,183,338.88,0.8657,0.5712,0.215631,52,20,1,50.20,0.9176,0.1332,0.012327,4.262
741163,520,395,915,252,43,83,18.02,0.9809,0.5854,0.230514,57,1,63,323.63,0.9494,0.1443,0.012506,4.488
741180,520,310,830,235,110,176,349.45,0.7765,0.6582,0.319510,23,58,61,202.89,0.5511,0.2243,0.035451,4.324
741208,520,401,921,213,58,222,325.62,0.9126,0.5838,0.224481,26,8,89,280.41,0.9466,0.1353,0.011145,4.489
741210,520,418,938,163,88,244,302.40,0.8967,0.5624,0.212981,26,24,47,286.24,0.4281,0.1212,0.010781,4.327
741222,520,407,927,221,42,193,335.83,0.9217,0.5672,0.208807,59,7,0,34.24,1.0000,0.1275,0.010819,4.255
741232,520,186,706,241,184,87,78.36,0.8121,0.7866,0.536717,44,92,2,135.45,0.9954,0.3349,0.081939,4.447
741240,520,242,762,232,154,161,13.63,0.6027,0.7271,0.428421,37,77,32,141.54,0.8394,0.2844,0.058052,4.428
741245,520,410,930,238,17,165,347.88,0.9795,0.5727,0.212977,36,26,32,342.01,0.1985,0.1294,0.012182,4.229
741247,520,370,890,235,3,236,328.13,0.9987,0.6059,0.237860,17,11,115,270.18,0.9820,0.1663,0.015962,4.364
741251,520,396,916,219,43,222,327.41,0.9483,0.5826,0.220639,42,2,87,295.91,0.9721,0.1447,0.012238,4.348
741258,520,454,974,198,6,217,323.41,0.9924,0.5281,0.171474,3,15,22,232.24,0.6001,0.0661,0.004189,4.087
741259,520,476,996,167,66,203,315.83,0.7977,0.5065,0.164246,3,0,2,338.03,1.0000,0.0160,0.000237,4.265
741262,520,278,798,250,90,242,329.87,0.9797,0.6877,0.340499,5,70,13,144.20,0.9912,0.2456,0.044415,4.136
741272,520,479,999,178,24,234,313.48,0.9718,0.5141,0.160598,2,0,3,318.71,1.0000,0.0147,0.000195,4.196
741306,520,260,780,233,139,181,352.25,0.6822,0.7064,0.391271,76,59,48,54.46,0.2376,0.2718,0.048780,4.467
741307,520,283,803,227,123,216,331.18,0.7987,0.6853,0.354565,28,53,114,264.55,0.7473,0.2492,0.040078,4.491
741308,520,379,899,243,29,198,339.54,0.9750,0.6033,0.240137,26,16,103,276.07,0.9375,0.1622,0.015694,4.416
741320,520,254,774,254,129,195,348.91,0.9802,0.7245,0.407142,69,66,0,106.77,1.0000,0.2747,0.051617,4.499
741322,520,363,883,232,80,165,349.60,0.8142,0.6074,0.256123,37,22,98,283.67,0.8375,0.1749,0.018489,4.470
741352,520,397,917,248,26,127,2.32,0.9714,0.5801,0.222310,66,1,12,19.07,0.9793,0.1380,0.012067,4.387
741399,520,453,973,221,14,139,352.56,0.9690,0.5265,0.175529,11,14,28,273.62,0.3995,0.0728,0.004691,4.124
741405,520,370,890,231,75,180,343.46,0.8412,0.6068,0.253189,64,13,67,325.57,0.7657,0.1723,0.017832,4.470
741419,520,364,884,245,11,210,336.71,0.9942,0.6086,0.243080,18,43,52,223.91,0.5025,0.1705,0.021042,4.125
741424,520,385,905,246,64,59,27.08,0.9549,0.5865,0.235788,26,22,80,279.03,0.7923,0.1452,0.013726,4.485
741429,520,1,521,255,255,255,0.00,0.0000,1.0000,1.000000,9,138,33,144.40,0.9958,0.4797,0.183440,4.498
741455,520,454,974,223,50,81,16.86,0.8938,0.5318,0.185660,21,10,21,326.76,0.3846,0.0709,0.004307,4.339
741457,520,373,893,242,54,167,349.31,0.9123,0.6006,0.243087,43,34,36,3.15,0.1342,0.1599,0.017851,4.320
741485,520,405,925,253,10,93,13.21,0.9936,0.5761,0.218938,0,14,89,263.96,1.0036,0.1265,0.010353,4.456
741497,520,435,955,235,51,14,32.37,0.9857,0.5489,0.200647,11,17,46,271.10,0.6600,0.0919,0.006693,4.421
741505,520,442,962,234,17,93,11.06,0.9787,0.5382,0.186867,38,5,2,32.09,0.8861,0.0823,0.005251,4.287
741520,520,474,994,220,41,86,13.48,0.9072,0.5198,0.174761,0,2,17,261.94,1.0000,0.0282,0.000839,4.421
741526,520,366,886,241,20,222,332.81,0.9894,0.6108,0.244779,46,35,52,313.41,0.2875,0.1736,0.020309,4.193
741528,520,351,871,250,53,191,343.55,0.9644,0.6258,0.266350,84,0,46,355.44,1.0000,0.1888,0.020824,4.467
741548,520,452,972,194,70,159,340.57,0.7306,0.5274,0.183545,5,18,0,134.78,1.0000,0.0684,0.004649,4.274
741550,520,471,991,192,30,203,325.16,0.9337,0.5155,0.164484,2,8,12,228.32,0.5090,0.0444,0.002131,4.114
741575,520,322,842,231,78,255,321.91,1.0000,0.6535,0.296598,48,52,22,115.50,0.5488,0.2123,0.031423,4.257
741579,520,440,960,193,78,182,331.53,0.7347,0.5486,0.201651,36,5,36,327.92,0.7456,0.0922,0.006110,4.485
741581,520,453,973,188,11,238,315.66,0.9907,0.5293,0.171051,1,2,62,265.45,0.9931,0.0740,0.003976,4.095
741587,520,412,932,206,9,249,318.10,0.9953,0.5674,0.201584,24,30,17,128.44,0.3480,0.1217,0.011632,4.082
741589,520,395,915,236,58,158,351.29,0.8815,0.5888,0.233305,43,28,6,74.22,0.6995,0.1369,0.013573,4.456
741590,520,479,999,220,43,22,30.70,0.9692,0.5119,0.170040,3,0,0,29.23,1.0000,0.0143,0.000194,4.384
741593,520,409,929,251,23,7,29.73,0.9956,0.5654,0.211411,50,15,37,344.59,0.6070,0.1312,0.011534,4.248
741611,520,419,939,190,52,246,313.45,0.9537,0.5602,0.200581,52,2,29,353.02,0.8596,0.1139,0.008623,4.274
741618,520,305,825,219,123,213,329.41,0.7403,0.6728,0.340317,33,57,73,238.92,0.4062,0.2332,0.037305,4.471
741623,520,479,999,186,38,196,325.22,0.8931,0.5050,0.158123,0,0,8,264.05,1.0000,0.0143,0.000175,4.148
741633,520,318,838,248,113,69,38.32,0.9308,0.6559,0.321995,32,58,37,149.15,0.5282,0.2205,0.034667,4.394
741644,520,358,878,229,41,247,323.98,0.9759,0.6156,0.249616,16,46,57,225.13,0.5909,0.1814,0.023595,4.071
741654,520,388,908,210,102,139,0.13,0.6171,0.5922,0.250704,0,42,22,157.33,1.0000,0.1475,0.017138,4.479
741665,520,457,977,232,28,7,30.21,0.9934,0.5271,0.180048,7,8,34,276.08,0.7105,0.0615,0.003343,4.313
741672,520,357,877,251,85,18,38.07,0.9845,0.6165,0.270534,10,50,27,154.02,0.9012,0.1799,0.024248,4.317
741684,520,446,966,189,47,226,317.97,0.9202,0.5388,0.183441,36,4,26,342.35,0.7399,0.0849,0.005365,4.216
741694,520,466,986,169,68,214,313.43,0.8216,0.5201,0.174251,15,2,19,319.28,0.7283,0.0461,0.001920,4.319
741708,520,454,974,233,35,4,31.06,0.9961,0.5329,0.185376,26,1,35,316.33,0.8946,0.0691,0.003627,4.389
741712,520,358,878,246,11,226,332.96,0.9957,0.6202,0.253262,15,2,130,268.44,0.9980,0.1790,0.017565,4.488
741713,520,388,908,177,104,218,311.99,0.7265,0.5872,0.243104,15,37,51,238.73,0.5279,0.1503,0.016636,4.399
741715,520,338,858,254,36,226,334.76,0.9955,0.6423,0.278268,48,14,120,286.82,0.9297,0.2025,0.022985,4.498
741725,520,422,942,251,17,1,29.76,0.9994,0.5633,0.209161,10,27,26,190.60,0.4475,0.1054,0.009229,4.376
741738,520,2,522,255,255,255,0.00,0.0000,1.0000,1.000000,21,136,80,155.33,0.9684,0.4822,0.183461,4.498
741742,520,392,912,234,55,178,343.94,0.8990,0.5919,0.234419,15,18,99,270.11,0.9518,0.1526,0.014349,4.420
741753,520,384,904,229,48,199,336.17,0.9267,0.5889,0.228980,56,21,22,20.24,0.5605,0.1464,0.014351,4.335
741757,520,414,934,241,56,44,28.94,0.9466,0.5674,0.217143,30,27,30,325.81,0.0795,0.1239,0.011536,4.341
741765,520,353,873,234,87,165,350.83,0.8104,0.6195,0.270280,5,49,47,190.30,0.8775,0.1818,0.024340,4.308
741768,520,404,924,231,22,196,337.28,0.9758,0.5774,0.215509,7,32,45,234.67,0.6723,0.1282,0.012676,4.236
741770,520,354,874,238,10,248,326.10,0.9969,0.6207,0.251741,68,14,68,327.97,0.7612,0.1813,0.019605,4.335
741780,520,468,988,129,92,234,290.74,0.8327,0.5217,0.182618,1,8,1,143.24,0.9464,0.0394,0.001823,4.489
741785,520,439,959,235,43,51,25.49,0.9549,0.5456,0.196321,23,0,61,290.89,1.0000,0.0881,0.005191,4.463
741799,520,409,929,222,38,195,335.47,0.9350,0.5677,0.208583,57,6,35,350.86,0.7826,0.1319,0.011216,4.224
741804,520,398,918,241,39,145,355.65,0.9368,0.5792,0.221993,15,18,92,270.73,0.9390,0.1439,0.013068,4.313
741814,520,476,996,221,29,39,26.13,0.9705,0.5062,0.164001,2,1,4,302.09,0.5000,0.0201,0.000434,4.243
741816,520,411,931,239,57,56,26.46,0.9352,0.5657,0.215657,6,7,92,267.41,0.9863,0.1245,0.009633,4.455
741834,520,413,933,226,71,112,8.84,0.8091,0.5669,0.218477,10,26,59,262.77,0.7240,0.1232,0.011190,4.388
741839,520,473,993,180,45,228,314.83,0.9231,0.5247,0.171826,7,2,8,322.52,0.5250,0.0321,0.001061,4.344
741855,520,424,944,251,0,16,28.27,1.0000,0.5600,0.205504,37,2,58,308.35,0.9235,0.1068,0.007423,4.450
741866,520,399,919,236,34,171,345.94,0.9477,0.5784,0.219201,29,36,5,120.98,0.8093,0.1420,0.015339,4.120
741880,520,473,993,204,54,151,345.73,0.8048,0.5233,0.177121,6,0,19,299.15,1.0000,0.0308,0.000857,4.466
741882,520,456,976,181,33,238,313.24,0.9606,0.5267,0.170856,4,13,9,167.47,0.4623,0.0570,0.003334,4.141
741883,520,349,869,255,71,153,358.04,1.0000,0.6337,0.280698,33,49,20,132.62,0.6259,0.1885,0.025704,4.368
741884,520,476,996,141,88,216,299.57,0.7547,0.5138,0.176002,0,2,1,165.38,1.0000,0.0192,0.000456,4.479
741888,520,470,990,222,26,116,1.43,0.9388,0.5238,0.175320,5,5,4,106.95,0.0842,0.0368,0.001496,4.376
741890,520,437,957,216,53,166,343.39,0.8484,0.5516,0.199006,40,8,1,38.97,0.9145,0.0908,0.006270,4.425
741902,520,404,924,244,13,161,350.32,0.9873,0.5815,0.220974,43,23,13,46.88,0.4818,0.1263,0.011555,4.402
741916,520,406,926,220,18,234,324.95,0.9885,0.5815,0.215909,60,4,12,19.22,0.9080,0.1282,0.010742,4.378
741934,520,373,893,246,0,190,342.18,1.0000,0.5972,0.233137,46,9,85,299.11,0.8813,0.1553,0.014321,4.402
741936,520,466,986,175,83,165,331.65,0.6364,0.5184,0.180182,2,9,7,177.73,0.5447,0.0450,0.002236,4.407
741959,520,445,965,240,23,19,28.88,0.9877,0.5424,0.191884,17,18,19,247.97,0.0366,0.0832,0.005988,4.320
741973,520,445,965,166,60,251,304.58,0.9731,0.5372,0.183043,9,1,61,274.83,0.9909,0.0769,0.004167,4.302
741976,520,441,961,229,53,18,32.53,0.9778,0.5387,0.192508,18,18,32,283.38,0.3349,0.0901,0.006655,4.280
741986,520,338,858,248,42,228,332.95,0.9762,0.6359,0.272168,62,38,48,353.10,0.3141,0.2008,0.026239,4.226
741992,520,409,929,220,30,215,329.53,0.9656,0.5726,0.210527,57,14,14,23.90,0.7337,0.1349,0.012158,4.191
741994,520,335,855,251,26,242,330.32,0.9917,0.6431,0.276619,2,48,77,243.10,0.9262,0.1953,0.026625,4.263
742011,520,411,931,199,46,241,317.36,0.9490,0.5656,0.204484,22,18,63,281.19,0.7329,0.1174,0.009620,4.268
742015,520,359,879,208,98,212,326.13,0.7762,0.6169,0.269003,47,32,72,299.03,0.5375,0.1807,0.021053,4.490
742017,520,235,755,231,146,226,328.94,0.8155,0.7356,0.430393,41,72,91,236.85,0.4331,0.2925,0.058613,4.423
742030,520,395,915,250,37,125,3.90,0.9605,0.5886,0.231313,30,17,84,283.27,0.8447,0.1448,0.013170,4.453
742047,520,462,982,217,44,125,358.27,0.8650,0.5281,0.180362,2,9,18,246.59,0.6019,0.0493,0.002519,4.386
742057,520,436,956,216,48,171,341.51,0.8698,0.5501,0.196554,30,17,0,76.16,1.0000,0.0910,0.006769,4.343
742066,520,430,950,181,52,246,310.77,0.9521,0.5468,0.189345,31,17,26,341.07,0.3288,0.0998,0.007668,4.150
742067,520,390,910,243,63,125,5.16,0.8972,0.5942,0.240936,22,37,31,167.54,0.3197,0.1453,0.015926,4.413
742087,520,319,839,249,51,239,330.51,0.9777,0.6498,0.287423,98,6,25,18.31,0.9434,0.2186,0.027976,4.327
742094,520,455,975,183,68,200,322.29,0.7974,0.5312,0.183729,5,6,37,273.57,0.8477,0.0582,0.002961,4.413
742099,520,447,967,224,40,138,354.61,0.8961,0.5440,0.192025,23,11,23,326.80,0.3975,0.0761,0.004834,4.414
742111,520,360,880,250,28,197,341.35,0.9803,0.6153,0.251890,5,42,84,254.97,0.8787,0.1847,0.023282,4.120
742117,520,417,937,249,32,66,21.43,0.9757,0.5701,0.215697,13,31,22,160.77,0.5023,0.1177,0.011234,4.339
742129,520,474,994,162,64,237,305.86,0.8998,0.5239,0.174632,2,4,1,133.14,0.5926,0.0292,0.001019,4.403
742140,520,442,962,235,36,54,23.98,0.9639,0.5414,0.191934,25,5,43,304.30,0.7908,0.0811,0.004896,4.407
742149,520,440,960,243,23,31,27.50,0.9875,0.5495,0.197699,11,12,51,275.13,0.8043,0.0862,0.005731,4.445
742180,520,454,974,227,33,72,18.14,0.9510,0.5259,0.178894,8,10,43,274.14,0.7833,0.0733,0.004431,4.205
742189,520,451,971,174,70,227,311.77,0.8548,0.5397,0.189259,13,16,4,119.58,0.5497,0.0702,0.004649,4.378
742196,520,433,953,195,13,253,314.31,0.9928,0.5539,0.189832,33,13,41,315.38,0.5974,0.1032,0.007713,4.156
742200,520,433,953,228,60,47,29.06,0.9212,0.5457,0.199338,17,14,59,278.94,0.7917,0.1019,0.007490,4.337
742209,520,444,964,229,34,100,8.99,0.9346,0.5372,0.187251,32,0,42,317.15,1.0000,0.0819,0.004743,4.334
742216,520,21,541,243,249,225,118.41,0.7073,0.9665,0.922422,0,131,69,153.28,1.0000,0.4611,0.166615,4.489
742224,520,425,945,217,51,187,336.70,0.8822,0.5631,0.207094,5,0,88,267.30,1.0000,0.1093,0.007368,4.482
742226,520,430,950,215,64,151,349.36,0.7976,0.5533,0.203505,5,21,51,260.78,0.7913,0.1016,0.008076,4.365
742272,520,381,901,238,14,211,334.88,0.9911,0.5970,0.231972,35,22,83,286.40,0.7664,0.1570,0.015557,4.301
742279,520,447,967,172,60,244,307.95,0.9360,0.5395,0.185348,27,2,45,306.92,0.8908,0.0804,0.004659,4.306
742302,520,444,964,242,12,24,27.82,0.9946,0.5435,0.192096,24,15,6,67.15,0.4427,0.0800,0.005490,4.363
742304,520,231,751,252,140,197,349.32,0.9366,0.7407,0.434854,31,70,112,252.31,0.6453,0.2945,0.058412,4.472
742310,520,457,977,223,59,0,35.38,1.0000,0.5318,0.188186,26,2,18,342.14,0.7581,0.0608,0.003067,4.488
742311,520,432,952,214,82,70,28.21,0.7943,0.5495,0.207752,43,12,8,29.91,0.6839,0.1040,0.007941,4.448
742344,520,407,927,236,53,112,7.62,0.8942,0.5679,0.215520,59,2,30,356.94,0.8850,0.1290,0.010671,4.376
742347,520,438,958,214,56,164,343.71,0.8317,0.5497,0.198070,38,10,11,20.52,0.6161,0.0927,0.006534,4.388
742354,520,417,937,251,15,78,17.45,0.9907,0.5700,0.214046,21,28,37,254.90,0.2410,0.1210,0.011235,4.312
742359,520,330,850,190,121,222,314.32,0.7090,0.6361,0.298967,1,47,104,257.03,0.9835,0.2148,0.030388,4.341
742395,520,460,980,208,44,173,338.63,0.8686,0.5336,0.182305,30,0,18,346.38,1.0000,0.0634,0.003197,4.367
742400,520,464,984,225,34,5,31.02,0.9943,0.5154,0.171654,8,10,12,246.44,0.1038,0.0543,0.002952,4.186
742411,520,374,894,234,52,202,336.59,0.9297,0.6024,0.242153,68,1,60,334.27,0.9422,0.1634,0.015771,4.442
742415,520,468,988,224,2,116,0.98,0.9959,0.5207,0.171544,6,6,13,283.71,0.3043,0.0438,0.001980,4.262
742421,520,479,999,226,9,36,25.57,0.9937,0.5091,0.164944,0,0,1,264.05,1.0000,0.0060,0.000022,4.297
742425,520,407,927,232,25,179,342.42,0.9648,0.5709,0.211085,53,8,42,339.49,0.7452,0.1301,0.010978,4.282
742444,520,475,995,208,57,119,0.22,0.7962,0.5202,0.176703,5,3,10,299.48,0.4423,0.0336,0.001193,4.428
742451,520,370,890,244,77,129,5.83,0.8854,0.6118,0.261290,0,48,15,148.84,1.0000,0.1668,0.021483,4.355
742456,520,422,942,195,49,238,316.82,0.9378,0.5592,0.199731,21,21,54,279.80,0.5988,0.1148,0.009621,4.189
742490,520,424,944,245,38,6,31.03,0.9954,0.5600,0.208154,34,17,33,328.98,0.4255,0.1072,0.008508,4.412
742504,520,454,974,180,40,236,313.17,0.9452,0.5277,0.172781,13,14,7,114.41,0.2815,0.0661,0.004150,4.114
742506,520,330,850,246,84,173,350.27,0.9039,0.6396,0.289536,74,37,26,37.37,0.5329,0.2109,0.028538,4.323
742513,520,356,876,255,34,176,348.49,1.0000,0.6168,0.255422,47,39,46,330.10,0.1465,0.1820,0.022527,4.211
742519,520,368,888,235,31,224,330.93,0.9780,0.6053,0.240266,75,7,34,3.50,0.8325,0.1704,0.017636,4.292
742532,520,445,965,195,80,151,345.24,0.6777,0.5387,0.195754,2,15,40,258.87,0.8472,0.0767,0.005077,4.462
742539,520,392,912,227,59,189,338.84,0.8847,0.5885,0.231354,36,23,68,292.89,0.6493,0.1460,0.014052,4.393
742544,520,471,991,208,57,128,356.36,0.7955,0.5236,0.178968,1,6,16,252.09,0.7081,0.0402,0.001741,4.425
742550,520,451,971,214,27,177,338.68,0.9383,0.5368,0.182566,19,11,22,316.56,0.3488,0.0709,0.004357,4.278
742557,520,453,973,225,38,108,5.77,0.9111,0.5339,0.184792,10,18,5,133.09,0.5913,0.0734,0.005081,4.263
742566,520,475,995,178,24,239,312.36,0.9750,0.5185,0.163513,2,0,19,280.27,1.0000,0.0258,0.000599,4.220
742574,520,441,961,146,80,250,296.21,0.9534,0.5352,0.187506,4,3,73,267.72,0.9904,0.0921,0.005719,4.263
742622,520,385,905,240,28,181,343.69,0.9679,0.5882,0.226950,41,32,20,74.23,0.3235,0.1470,0.015550,4.225
742637,520,14,534,251,254,190,110.05,0.9903,0.9762,0.951108,15,134,73,153.44,0.9821,0.4733,0.176320,4.423
742646,520,429,949,191,88,154,343.36,0.6300,0.5457,0.203904,29,0,66,294.79,1.0000,0.1010,0.006546,4.490
742651,520,411,931,205,62,214,325.41,0.8774,0.5691,0.212811,1,35,20,160.32,0.9793,0.1238,0.012590,4.199
742653,520,464,984,212,2,175,338.60,0.9955,0.5244,0.171378,3,7,18,261.69,0.5245,0.0456,0.002150,4.245
742664,520,457,977,156,74,243,301.65,0.9129,0.5333,0.184369,27,0,15,347.89,1.0000,0.0570,0.002675,4.449
742665,520,427,947,170,75,247,305.54,0.9372,0.5562,0.202942,12,13,66,273.08,0.8970,0.1037,0.007593,4.392
742667,520,432,952,224,58,115,5.14,0.8416,0.5502,0.201139,40,13,8,32.36,0.6298,0.1004,0.007566,4.363
742674,520,478,998,215,53,36,30.17,0.9316,0.5116,0.171232,0,1,8,261.19,1.0000,0.0192,0.000392,4.390
742685,520,400,920,186,90,219,316.58,0.7851,0.5778,0.228670,39,18,68,298.86,0.7171,0.1407,0.012813,4.436
742691,520,378,898,226,4,251,322.67,0.9985,0.6014,0.232228,39,25,71,293.90,0.6385,0.1559,0.015815,4.288
742695,520,377,897,229,94,103,19.01,0.7768,0.6003,0.256453,17,44,19,145.25,0.8019,0.1610,0.019675,4.398
742715,520,476,996,208,6,164,341.01,0.9834,0.5114,0.162227,6,1,2,3.56,0.5657,0.0248,0.000648,4.190
742720,520,358,878,250,11,220,335.30,0.9957,0.6237,0.257338,57,33,44,351.01,0.3429,0.1803,0.021395,4.305
742730,520,477,997,202,47,149,345.56,0.8236,0.5123,0.167615,2,2,1,107.87,0.2671,0.0224,0.000585,4.302
742731,520,442,962,230,27,108,5.81,0.9507,0.5380,0.186925,8,10,48,273.34,0.8419,0.0778,0.004821,4.322
742736,520,411,931,215,34,215,328.23,0.9548,0.5658,0.204995,42,20,29,354.62,0.4029,0.1232,0.010813,4.193
742748,520,26,546,244,247,248,219.53,0.1689,0.9699,0.925318,40,130,60,147.44,0.9366,0.4634,0.167420,4.486
742753,520,436,956,217,28,196,333.87,0.9535,0.5542,0.195700,30,5,48,306.96,0.8114,0.0920,0.005980,4.389
742782,520,399,919,195,63,251,313.33,0.9751,0.5814,0.221234,28,15,82,282.69,0.8629,0.1376,0.011977,4.376
742794,520,451,971,222,60,67,23.36,0.8844,0.5367,0.191692,11,7,46,279.69,0.8350,0.0728,0.004203,4.459
742803,520,417,937,245,29,114,6.28,0.9646,0.5712,0.215095,41,7,59,310.65,0.8127,0.1205,0.009392,4.463
742821,520,404,924,224,45,203,333.76,0.9300,0.5804,0.220382,49,13,42,336.03,0.6542,0.1292,0.011081,4.427
742825,520,408,928,226,13,203,334.16,0.9872,0.5699,0.207709,50,11,47,331.03,0.7077,0.1313,0.011228,4.209
742830,520,443,963,226,32,118,1.81,0.9275,0.5356,0.185126,5,1,63,270.10,0.9946,0.0765,0.004128,4.344
742849,520,394,914,206,76,220,323.70,0.8576,0.5896,0.234596,7,38,21,155.74,0.8677,0.1368,0.014855,4.388
742858,520,299,819,246,98,211,338.00,0.9334,0.6743,0.330341,53,56,17,113.28,0.6897,0.2288,0.036257,4.409
742874,520,397,917,216,91,115,10.93,0.6940,0.5768,0.233211,43,30,5,81.09,0.7545,0.1418,0.014531,4.389
742879,520,414,934,251,22,46,25.21,0.9889,0.5674,0.212840,11,15,75,270.63,0.9247,0.1165,0.009207,4.439
742885,520,443,963,217,75,12,39.05,0.9752,0.5396,0.198129,20,18,14,84.57,0.1319,0.0845,0.006130,4.421
742892,520,475,995,199,66,123,357.70,0.7356,0.5152,0.174705,3,3,5,284.80,0.1947,0.0291,0.000954,4.410
742900,520,471,991,156,77,218,306.75,0.7988,0.5170,0.174382,12,5,5,19.37,0.2963,0.0442,0.001977,4.317
742901,520,454,974,223,7,146,350.51,0.9854,0.5319,0.179179,9,13,24,268.23,0.3575,0.0669,0.004119,4.235
742902,520,406,926,255,9,87,15.14,1.0000,0.5788,0.221473,41,24,26,11.71,0.2937,0.1292,0.011993,4.379
742914,520,466,986,208,23,164,341.19,0.9343,0.5165,0.167052,22,0,24,325.26,1.0000,0.0537,0.002365,4.145
742922,520,420,940,206,93,94,21.66,0.6651,0.5574,0.217606,25,23,41,288.20,0.3600,0.1141,0.009796,4.475
742932,520,464,984,226,21,59,20.90,0.9775,0.5157,0.170238,21,3,2,29.24,0.7458,0.0497,0.002290,4.212
742935,520,475,995,148,78,231,300.71,0.8467,0.5186,0.175145,2,3,7,268.12,0.3702,0.0288,0.000934,4.420
742982,520,436,956,229,63,1,35.75,0.9986,0.5480,0.202181,7,26,3,139.13,0.9421,0.0942,0.007905,4.355
743009,520,456,976,218,42,127,357.55,0.8744,0.5293,0.180962,16,4,29,303.89,0.7224,0.0578,0.002857,4.370
743019,520,465,985,229,17,23,28.01,0.9896,0.5168,0.171238,5,9,17,259.66,0.3586,0.0516,0.002681,4.200
743038,520,434,954,228,7,169,344.30,0.9893,0.5530,0.195132,4,11,68,267.08,0.9564,0.0980,0.006825,4.314
743071,520,455,975,199,63,171,337.20,0.7843,0.5340,0.186392,5,5,39,273.99,0.8877,0.0579,0.002873,4.471
743074,520,205,725,242,159,208,343.78,0.7885,0.7662,0.482295,41,84,39,142.90,0.8026,0.3109,0.069583,4.451
743090,520,420,940,240,53,13,32.60,0.9880,0.5608,0.211038,40,19,16,28.96,0.4281,0.1137,0.009543,4.384
743095,520,391,911,224,41,228,327.21,0.9609,0.5940,0.230368,43,33,11,84.95,0.5888,0.1505,0.016255,4.232
743105,520,327,847,253,83,174,351.37,0.9742,0.6509,0.301284,4,56,48,179.30,0.9370,0.2051,0.030674,4.354
743111,520,446,966,190,83,156,341.52,0.6558,0.5373,0.195354,4,21,0,137.59,1.0000,0.0764,0.005621,4.411
743128,520,474,994,214,44,119,0.00,0.8586,0.5200,0.174318,3,0,21,283.98,1.0000,0.0286,0.000735,4.421
743163,520,440,960,213,30,195,333.13,0.9439,0.5472,0.190169,21,10,44,293.91,0.6939,0.0855,0.005584,4.321
743169,520,479,999,116,87,250,284.81,0.9571,0.5142,0.174312,0,1,0,142.50,1.0000,0.0135,0.000217,4.467
743172,520,426,946,245,31,6,30.39,0.9955,0.5561,0.204091,24,28,1,117.06,0.9345,0.1127,0.010269,4.216
743186,520,398,918,248,50,25,30.87,0.9784,0.5751,0.223114,53,23,13,39.00,0.5979,0.1428,0.013988,4.268
743190,520,399,919,225,87,102,16.94,0.7677,0.5830,0.237858,8,32,64,256.76,0.7581,0.1420,0.014547,4.460
743202,520,407,927,238,41,146,354.81,0.9262,0.5750,0.218414,9,7,98,268.42,0.9867,0.1344,0.010918,4.406
743214,520,446,966,238,18,9,29.37,0.9928,0.5359,0.186328,42,0,7,15.34,1.0000,0.0828,0.005077,4.291
743223,520,383,903,173,99,249,303.65,0.9242,0.5954,0.246480,46,30,29,23.02,0.2522,0.1514,0.015982,4.493
743224,520,330,850,255,95,24,39.85,1.0000,0.6373,0.295139,50,51,6,110.83,0.8613,0.2094,0.030589,4.283
743228,520,460,980,232,39,27,29.39,0.9689,0.5344,0.186891,28,4,7,14.04,0.6906,0.0643,0.003491,4.429
743240,520,454,974,170,58,238,308.72,0.9125,0.5296,0.177460,8,18,3,134.05,0.7865,0.0714,0.004908,4.143
743252,520,409,929,223,5,221,328.84,0.9963,0.5747,0.210193,61,3,1,30.04,0.9798,0.1271,0.010596,4.294
743262,520,365,885,216,78,231,323.67,0.8947,0.6145,0.258191,22,35,84,268.63,0.7228,0.1742,0.020126,4.395
743279,520,433,953,183,40,251,310.79,0.9796,0.5451,0.185509,31,19,21,7.98,0.2442,0.1022,0.008112,4.053
743287,520,453,973,199,60,174,336.06,0.7987,0.5325,0.184316,3,11,44,265.68,0.8825,0.0724,0.004405,4.307
743294,520,379,899,228,16,241,325.30,0.9927,0.5998,0.232178,74,9,4,30.22,0.9438,0.1633,0.016602,4.237
743295,520,399,919,216,47,221,326.84,0.9369,0.5795,0.218545,21,7,100,274.50,0.9769,0.1443,0.012314,4.310
743309,520,423,943,220,10,213,330.09,0.9907,0.5649,0.202391,32,3,65,297.73,0.9272,0.1081,0.007539,4.386
743311,520,454,974,217,56,94,12.20,0.8432,0.5287,0.183907,8,4,50,276.08,0.9377,0.0690,0.003687,4.357
743318,520,426,946,221,0,206,332.15,1.0000,0.5601,0.198307,50,9,17,13.13,0.7273,0.1150,0.009141,4.199
743320,520,313,833,174,133,254,297.40,0.9691,0.6597,0.329296,23,62,10,139.19,0.9618,0.2235,0.036492,4.385
743325,520,291,811,244,82,252,325.91,0.9884,0.6757,0.322985,92,16,87,331.07,0.7959,0.2414,0.033343,4.475
743328,520,379,899,230,38,224,329.71,0.9666,0.6000,0.235935,57,19,60,324.69,0.6613,0.1629,0.016620,4.292
743347,520,466,986,205,72,88,16.94,0.7537,0.5230,0.183205,15,3,26,306.79,0.7397,0.0526,0.002413,4.449
743364,520,294,814,253,76,240,331.16,0.9918,0.6768,0.323457,43,54,88,269.33,0.4277,0.2415,0.038564,4.217
743365,520,359,879,249,90,5,40.41,0.9955,0.6190,0.274664,16,50,2,138.19,0.9888,0.1782,0.023957,4.390
743393,520,443,963,235,29,41,26.13,0.9773,0.5360,0.187042,26,4,42,307.30,0.8085,0.0799,0.004736,4.331
743403,520,399,919,192,67,244,313.79,0.9355,0.5755,0.217536,51,20,26,9.46,0.5066,0.1369,0.012788,4.261
743418,520,370,890,246,29,193,341.59,0.9755,0.6061,0.243250,63,3,81,316.10,0.9280,0.1727,0.017161,4.366
743425,520,297,817,216,142,162,2.05,0.5010,0.6825,0.365551,0,70,0,142.50,1.0000,0.2432,0.043801,4.430
743440,520,409,929,252,23,36,26.94,0.9894,0.5690,0.214394,42,24,9,58.99,0.5684,0.1263,0.011653,4.288
743447,520,360,880,254,24,186,345.20,0.9931,0.6157,0.252727,56,7,97,301.85,0.9193,0.1807,0.018558,4.416
743468,520,457,977,178,93,139,347.85,0.5342,0.5272,0.191590,2,15,11,174.31,0.7309,0.0610,0.003787,4.492
743494,520,412,932,224,11,207,332.62,0.9895,0.5684,0.205940,47,2,50,325.42,0.8782,0.1168,0.008781,4.354
743502,520,399,919,236,45,152,352.56,0.9132,0.5762,0.219796,37,24,51,304.97,0.4733,0.1364,0.012856,4.292
743524,520,404,924,234,52,150,353.26,0.8885,0.5768,0.221533,15,8,92,272.05,0.9747,0.1306,0.010479,4.490
743551,520,146,666,254,198,24,87.38,0.9852,0.8289,0.615270,9,103,39,147.69,0.9895,0.3636,0.099046,4.464
743553,520,471,991,227,33,26,28.86,0.9725,0.5200,0.174961,4,4,27,276.29,0.7925,0.0450,0.001918,4.333
743554,520,381,901,221,89,170,345.61,0.7482,0.6027,0.254214,39,37,15,104.00,0.5142,0.1572,0.017890,4.481
743564,520,468,988,200,3,203,327.55,0.9949,0.5206,0.166581,4,5,12,274.60,0.3592,0.0388,0.001609,4.197
743578,520,386,906,250,33,144,357.43,0.9625,0.5932,0.234288,1,36,69,251.03,0.9500,0.1540,0.016978,4.245
743580,520,288,808,226,111,244,322.06,0.9302,0.6804,0.340711,14,62,77,223.30,0.7640,0.2416,0.040742,4.306
743583,520,411,931,255,4,58,22.31,1.0000,0.5729,0.216562,22,28,42,266.27,0.3071,0.1245,0.011682,4.322
743590,520,390,910,215,13,255,319.08,1.0000,0.5878,0.219568,54,6,74,312.88,0.8684,0.1537,0.014090,4.206
743592,520,432,952,211,15,214,327.56,0.9833,0.5507,0.190476,20,9,65,282.38,0.8757,0.1029,0.007257,4.200
743621,520,373,893,236,12,229,329.98,0.9943,0.6045,0.237556,35,28,78,285.08,0.6608,0.1637,0.017379,4.268
743623,520,393,913,204,74,225,321.80,0.8713,0.5875,0.231727,39,33,7,96.33,0.6994,0.1447,0.015344,4.311
743630,520,386,906,249,16,155,353.23,0.9859,0.5895,0.228803,28,14,92,280.15,0.9115,0.1478,0.013336,4.402
743635,520,477,997,183,19,225,317.13,0.9753,0.5126,0.159705,0,0,11,264.05,1.0000,0.0166,0.000242,4.174
743648,520,257,777,246,117,231,332.02,0.9491,0.7106,0.380874,40,69,61,174.66,0.3849,0.2687,0.050441,4.290
743654,520,340,860,255,11,230,333.97,1.0000,0.6389,0.272158,56,39,51,337.53,0.2594,0.1959,0.025309,4.278
743663,520,466,986,224,39,3,31.78,0.9964,0.5165,0.173077,7,5,20,288.38,0.5512,0.0457,0.002042,4.286
743665,520,466,986,232,14,15,28.72,0.9926,0.5220,0.175075,1,8,16,241.13,0.7180,0.0451,0.002175,4.314
743666,520,216,736,253,135,252,327.57,0.9906,0.7588,0.452412,44,78,73,183.84,0.3997,0.3038,0.064651,4.382
743685,520,309,829,246,55,255,326.08,1.0000,0.6578,0.295479,38,58,31,137.92,0.5353,0.2234,0.035370,4.047
743701,520,408,928,232,73,85,20.59,0.8566,0.5737,0.225796,10,36,12,144.97,0.8885,0.1296,0.013528,4.341
743729,520,347,867,244,35,228,332.03,0.9802,0.6255,0.260395,28,36,89,272.49,0.7003,0.1852,0.022298,4.293
743732,520,416,936,246,33,106,9.33,0.9605,0.5729,0.217246,28,23,47,291.82,0.4442,0.1210,0.010649,4.406
743770,520,336,856,233,114,96,30.24,0.7878,0.6374,0.302054,25,54,19,140.29,0.8475,0.1988,0.028919,4.461
743778,520,441,961,198,58,197,328.27,0.8433,0.5426,0.190647,12,4,69,274.80,0.9708,0.0937,0.005946,4.301
743781,520,461,981,205,39,189,332.75,0.9010,0.5342,0.181062,6,5,31,278.82,0.7703,0.0521,0.002462,4.404
743782,520,385,905,214,84,174,341.56,0.7495,0.5863,0.236948,39,31,44,312.22,0.2450,0.1510,0.015932,4.352
743795,520,396,916,249,2,134,359.59,0.9982,0.5784,0.219079,2,30,66,255.92,0.9188,0.1356,0.013347,4.248
743799,520,477,997,215,58,5,35.30,0.9911,0.5149,0.174867,8,0,0,29.23,1.0000,0.0228,0.000516,4.451
743806,520,400,920,229,22,206,334.10,0.9784,0.5798,0.216906,31,32,22,112.43,0.2282,0.1357,0.013823,4.182
743811,520,476,996,198,17,191,330.26,0.9623,0.5122,0.161700,2,0,16,283.45,1.0000,0.0236,0.000503,4.192
743840,520,478,998,119,91,237,286.71,0.8603,0.5123,0.175183,7,0,6,332.05,1.0000,0.0247,0.000583,4.452
743842,520,418,938,233,60,50,28.36,0.9261,0.5559,0.207887,21,9,78,279.16,0.9271,0.1186,0.009048,4.367
743844,520,470,990,97,95,255,277.07,1.0000,0.5167,0.179451,0,7,15,238.37,1.0000,0.0412,0.001864,4.424
743846,520,457,977,225,55,47,28.08,0.9255,0.5348,0.189480,19,11,4,67.28,0.4612,0.0648,0.003866,4.446
743879,520,375,895,252,65,92,18.12,0.9752,0.6047,0.252523,5,45,18,149.94,0.9610,0.1589,0.019526,4.351
743918,520,264,784,247,134,160,6.33,0.8158,0.7101,0.393650,25,70,62,179.69,0.6543,0.2639,0.049346,4.466
743931,520,370,890,241,81,109,14.07,0.8707,0.6055,0.256928,25,32,84,272.70,0.7239,0.1692,0.018797,4.461
743933,520,396,916,252,44,36,28.69,0.9881,0.5798,0.226279,58,14,13,25.22,0.7517,0.1366,0.012428,4.426
743935,520,425,945,244,37,34,28.21,0.9749,0.5587,0.206752,19,30,0,126.54,1.0000,0.1140,0.010670,4.232
743971,520,474,994,221,44,77,17.19,0.9102,0.5220,0.177120,1,4,7,237.16,0.5309,0.0306,0.001086,4.446
744007,520,417,937,202,78,193,330.66,0.7773,0.5692,0.218572,23,31,7,125.02,0.6925,0.1217,0.011775,4.348
744019,520,406,926,247,33,107,9.14,0.9615,0.5752,0.219269,22,19,73,278.23,0.8037,0.1291,0.011173,4.402
744021,520,431,951,228,24,143,353.00,0.9520,0.5455,0.191332,19,16,55,281.21,0.7060,0.1036,0.007848,4.172
744032,520,441,961,141,94,235,294.92,0.8276,0.5389,0.196663,37,1,41,323.86,0.9040,0.0910,0.005752,4.424
744045,520,451,971,133,91,249,290.26,0.9362,0.5369,0.193081,25,9,5,38.07,0.5173,0.0689,0.004130,4.491
744051,520,418,938,214,87,66,31.56,0.7920,0.5563,0.215082,29,15,68,288.77,0.7784,0.1239,0.010202,4.403
744060,520,338,858,224,84,237,324.24,0.9183,0.6375,0.283043,29,42,89,269.11,0.6379,0.2004,0.026383,4.360
744074,520,446,966,229,56,57,25.80,0.9200,0.5450,0.197847,2,18,40,254.45,0.8195,0.0838,0.005987,4.427
744096,520,368,888,213,77,228,323.61,0.8856,0.6068,0.250571,66,20,29,11.43,0.6401,0.1655,0.017475,4.455
744098,520,468,988,164,80,197,315.33,0.7240,0.5172,0.176618,0,4,26,261.54,1.0000,0.0402,0.001614,4.391
744101,520,435,955,233,21,134,357.00,0.9648,0.5507,0.195842,5,23,13,157.90,0.7122,0.0861,0.006741,4.333
744108,520,434,954,86,114,254,270.41,0.9924,0.5460,0.211679,16,22,40,268.97,0.4240,0.1029,0.008372,4.483
744115,520,323,843,252,106,13,44.52,0.9892,0.6475,0.310359,6,59,10,143.81,0.9853,0.2068,0.031884,4.401
744116,520,458,978,206,68,126,358.29,0.7481,0.5314,0.187645,2,14,19,222.59,0.6708,0.0614,0.003740,4.422
744130,520,352,872,230,54,246,324.27,0.9667,0.6248,0.261174,20,8,133,269.89,0.9910,0.1910,0.020157,4.435
744134,520,425,945,244,38,13,30.61,0.9900,0.5581,0.206518,12,20,56,269.81,0.7305,0.1075,0.008640,4.374
744145,520,321,841,253,101,66,34.38,0.9820,0.6457,0.305867,8,56,66,215.48,0.8284,0.2148,0.032732,4.301
744148,520,395,915,217,59,224,326.18,0.9189,0.5926,0.232635,10,40,0,138.17,1.0000,0.1410,0.015821,4.294
744149,520,331,851,251,39,226,334.11,0.9824,0.6384,0.274544,9,55,19,146.88,0.9618,0.1950,0.028374,4.141
744152,520,401,921,221,71,162,347.20,0.8005,0.5766,0.224896,36,26,55,298.17,0.4779,0.1422,0.013897,4.302
744158,520,451,971,224,3,158,346.77,0.9942,0.5388,0.183837,11,2,52,279.98,0.9623,0.0698,0.003625,4.361
744182,520,436,956,202,41,222,322.87,0.9375,0.5527,0.194180,18,6,55,285.49,0.8701,0.0860,0.005347,4.412
744196,520,397,917,243,64,18,33.96,0.9826,0.5772,0.227685,46,23,39,339.31,0.4231,0.1400,0.013402,4.380
744205,520,39,559,207,249,252,201.79,0.8370,0.9460,0.880438,32,129,19,141.59,0.9866,0.4531,0.160540,4.419
744226,520,384,904,216,53,235,323.26,0.9431,0.5936,0.231452,14,19,95,269.78,0.9438,0.1486,0.013852,4.408
744247,520,374,894,235,36,210,334.51,0.9647,0.5989,0.235798,55,2,85,307.77,0.9614,0.1620,0.015116,4.389
744267,520,409,929,217,80,140,356.43,0.7401,0.5714,0.223847,10,21,82,267.99,0.9178,0.1348,0.012100,4.410
744274,520,439,959,175,78,227,311.50,0.8378,0.5512,0.201096,40,0,40,328.36,1.0000,0.0940,0.006044,4.480
744282,520,291,811,199,129,254,308.30,0.9804,0.6805,0.349992,18,66,41,156.76,0.8571,0.2407,0.041850,4.355
744293,520,439,959,214,49,172,340.69,0.8632,0.5478,0.194735,3,21,36,244.69,0.7325,0.0894,0.006830,4.306
744294,520,459,979,228,42,37,28.14,0.9571,0.5289,0.182864,22,6,19,334.48,0.5328,0.0636,0.003479,4.354
744307,520,438,958,244,11,41,25.37,0.9945,0.5489,0.196360,35,15,0,60.76,1.0000,0.0942,0.006990,4.323
744313,520,375,895,250,27,172,348.49,0.9756,0.6025,0.240898,28,15,101,277.92,0.9314,0.1601,0.015280,4.456
744316,520,457,977,143,78,246,296.08,0.9268,0.5254,0.179424,5,0,48,273.87,1.0000,0.0566,0.002456,4.374
744324,520,455,975,164,72,234,306.52,0.8741,0.5337,0.184684,24,2,23,329.69,0.7693,0.0603,0.002995,4.428
744327,520,398,918,224,44,208,332.37,0.9374,0.5828,0.222051,55,13,46,337.32,0.6893,0.1422,0.012974,4.320
744329,520,305,825,252,67,237,331.67,0.9875,0.6654,0.308272,46,30,131,280.67,0.8755,0.2331,0.031480,4.397
744342,520,409,929,228,74,106,12.23,0.8125,0.5724,0.224348,40,22,44,320.15,0.4490,0.1318,0.012068,4.420
744346,520,431,951,248,0,17,28.16,1.0000,0.5535,0.200006,18,25,9,128.25,0.5155,0.1001,0.008436,4.278
744353,520,397,917,212,84,164,345.06,0.7283,0.5783,0.230200,9,38,19,152.00,0.8479,0.1372,0.014913,4.317
744355,520,321,841,241,105,148,2.80,0.8087,0.6497,0.309448,3,57,45,172.97,0.9608,0.2070,0.031349,4.419
744363,520,249,769,254,110,237,332.36,0.9949,0.7157,0.383398,73,47,119,296.97,0.6425,0.2803,0.047814,4.431
744364,520,469,989,201,51,154,343.60,0.8111,0.5165,0.171202,10,0,26,300.19,1.0000,0.0402,0.001391,4.304
744374,520,435,955,199,58,203,326.80,0.8570,0.5482,0.194817,4,14,53,265.95,0.8928,0.0872,0.005969,4.374
744377,520,440,960,235,47,42,27.94,0.9536,0.5476,0.198655,18,22,14,129.48,0.2511,0.0929,0.007341,4.336
744381,520,426,946,244,37,22,29.72,0.9813,0.5579,0.206176,22,26,7,119.19,0.5909,0.1061,0.009247,4.324
744391,520,353,873,228,60,233,326.79,0.9422,0.6174,0.256111,2,26,111,264.10,0.9633,0.1757,0.018992,4.437
744396,520,447,967,207,73,131,357.03,0.7314,0.5414,0.196712,22,6,48,295.14,0.8070,0.0835,0.005142,4.474
744399,520,358,878,245,39,209,337.12,0.9687,0.6178,0.254700,41,43,28,114.27,0.2866,0.1796,0.022830,4.184
744411,520,422,942,249,23,36,26.88,0.9886,0.5626,0.208836,43,7,45,325.70,0.7511,0.1128,0.008551,4.421
744413,520,427,947,225,38,174,342.53,0.9215,0.5614,0.204523,40,5,37,331.62,0.7562,0.0996,0.006933,4.471
744417,520,72,592,236,224,244,312.12,0.5280,0.9093,0.776761,7,119,66,154.47,0.9896,0.4219,0.136316,4.437
744419,520,450,970,225,36,129,357.85,0.9111,0.5399,0.188570,19,12,0,87.51,1.0000,0.0658,0.004014,4.417
744420,520,471,991,208,37,148,347.04,0.8730,0.5156,0.168733,4,7,1,127.00,0.7261,0.0399,0.001800,4.223
744422,520,431,951,236,26,118,3.28,0.9588,0.5529,0.198828,0,20,56,258.47,1.0000,0.1006,0.007858,4.301
744438,520,380,900,249,74,10,36.21,0.9918,0.5993,0.250627,31,39,36,170.62,0.1404,0.1606,0.018697,4.376
744440,520,261,781,251,130,149,11.41,0.8903,0.7058,0.386473,60,63,67,255.54,0.0570,0.2705,0.049209,4.400
744442,520,290,810,222,125,213,330.55,0.7515,0.6803,0.350026,14,61,85,235.89,0.7643,0.2433,0.040865,4.402
744443,520,410,930,212,94,94,22.34,0.6902,0.5692,0.228127,11,35,18,151.01,0.7434,0.1281,0.013168,4.403
744445,520,398,918,237,63,119,6.45,0.8679,0.5810,0.228945,23,16,89,276.67,0.9096,0.1427,0.012739,4.446
744446,520,461,981,234,14,36,26.04,0.9916,0.5277,0.179371,7,6,22,284.08,0.5470,0.0492,0.002333,4.383
744473,520,346,866,249,50,210,337.88,0.9669,0.6320,0.270772,29,41,78,268.34,0.5487,0.1890,0.023971,4.336
744477,520,427,947,249,13,2,29.54,0.9987,0.5579,0.204356,1,29,14,157.08,0.9755,0.1025,0.009168,4.299
744482,520,478,998,175,36,228,313.62,0.9422,0.5106,0.159782,3,1,0,66.15,1.0000,0.0193,0.000411,4.161
744487,520,476,996,172,56,214,315.23,0.8609,0.5111,0.164550,0,1,17,263.76,1.0019,0.0249,0.000622,4.238
744505,520,338,858,250,9,246,329.23,0.9978,0.6400,0.271762,70,3,95,313.32,0.9488,0.1979,0.021936,4.473
744514,520,389,909,218,36,241,322.66,0.9727,0.5903,0.225201,33,33,44,284.83,0.1942,0.1494,0.015929,4.174
744523,520,418,938,194,92,163,340.43,0.6345,0.5609,0.217695,54,2,35,347.37,0.8601,0.1209,0.009492,4.500
744527,520,452,972,234,13,79,15.37,0.9866,0.5338,0.183479,12,14,24,275.16,0.2954,0.0715,0.004582,4.278
744542,520,394,914,219,15,246,322.00,0.9928,0.5879,0.220576,17,35,44,231.41,0.4198,0.1417,0.015030,4.161
744551,520,310,830,247,90,197,342.53,0.9296,0.6591,0.311206,17,61,5,139.99,0.9838,0.2169,0.034675,4.266
744584,520,430,950,220,67,112,7.13,0.8006,0.5512,0.204023,40,12,0,48.09,1.0000,0.0970,0.007141,4.446
744593,520,376,896,207,64,248,317.42,0.9625,0.5981,0.237111,67,4,50,342.18,0.8389,0.1580,0.015106,4.410
744602,520,412,932,245,24,113,6.36,0.9729,0.5689,0.212614,35,18,43,314.13,0.5108,0.1163,0.009644,4.403
744603,520,454,974,220,33,129,356.63,0.9102,0.5282,0.178909,24,6,23,329.47,0.5868,0.0682,0.003863,4.250
744605,520,470,990,185,76,159,337.88,0.6827,0.5205,0.179878,15,0,11,336.86,1.0000,0.0371,0.001257,4.485
744623,520,377,897,202,96,199,328.50,0.7269,0.5977,0.250473,16,33,77,265.13,0.7477,0.1594,0.017336,4.462
744643,520,352,872,231,63,228,328.80,0.9357,0.6217,0.261477,69,34,7,53.93,0.7825,0.1929,0.024248,4.195
744651,520,478,998,201,29,170,337.47,0.9076,0.5095,0.162004,0,3,2,174.96,1.0000,0.0237,0.000695,4.182
744659,520,466,986,220,44,58,23.19,0.9291,0.5165,0.173252,4,8,28,268.80,0.6797,0.0547,0.002833,4.226
744673,520,477,997,170,89,146,339.52,0.5453,0.5112,0.177672,6,1,2,3.56,0.5657,0.0248,0.000648,4.495
744674,520,430,950,198,72,181,333.49,0.7660,0.5484,0.199783,39,8,39,327.76,0.6985,0.1035,0.007515,4.343
744675,520,399,919,203,45,250,316.49,0.9761,0.5783,0.214769,0,8,107,264.21,0.9920,0.1441,0.012351,4.246
744678,520,331,851,236,55,246,325.74,0.9689,0.6353,0.272215,21,51,55,206.90,0.5155,0.1984,0.028028,4.129
744680,520,2,522,255,255,255,0.00,0.0000,1.0000,1.000000,14,138,61,149.22,0.9889,0.4838,0.186064,4.448
744686,520,357,877,255,67,115,11.01,1.0000,0.6178,0.265157,32,43,59,257.67,0.3030,0.1840,0.023505,4.288
744688,520,383,903,208,56,253,316.87,0.9893,0.5965,0.233317,26,30,63,275.77,0.5355,0.1472,0.015070,4.354
744693,520,309,829,255,83,180,349.71,1.0000,0.6568,0.307451,77,37,52,357.40,0.4621,0.2241,0.031491,4.386
744695,520,447,967,158,89,216,306.56,0.7537,0.5365,0.193722,24,12,26,321.67,0.4150,0.0807,0.005317,4.406
744738,520,479,999,195,19,199,327.19,0.9614,0.5130,0.161930,0,0,6,264.05,1.0000,0.0126,0.000131,4.227
744757,520,319,839,201,134,158,356.50,0.4326,0.6454,0.319376,45,52,50,176.60,0.0914,0.2173,0.032441,4.480
744758,520,393,913,220,86,143,356.79,0.7295,0.5857,0.238567,32,36,3,116.07,0.8730,0.1447,0.015754,4.389
744759,520,409,929,205,19,252,317.11,0.9897,0.5707,0.204748,4,33,48,235.25,0.7891,0.1315,0.013269,4.026
744776,520,469,989,191,55,192,327.67,0.8331,0.5248,0.176160,11,4,9,335.87,0.3845,0.0421,0.001777,4.368
744777,520,402,922,226,70,157,350.29,0.8150,0.5820,0.229859,16,31,48,252.55,0.4673,0.1319,0.013035,4.440
744784,520,446,966,214,38,167,342.04,0.8949,0.5373,0.184747,23,15,17,2.00,0.1918,0.0818,0.005643,4.219
744786,520,291,811,226,122,220,329.34,0.8104,0.6843,0.352569,15,63,65,199.10,0.7520,0.2388,0.040380,4.454
744792,520,365,885,253,5,192,343.15,0.9973,0.6125,0.248004,69,14,52,342.85,0.7315,0.1731,0.018274,4.365
744796,520,435,955,231,57,39,30.14,0.9416,0.5479,0.200646,19,8,54,286.29,0.8237,0.0891,0.005784,4.493
744818,520,383,903,223,66,208,332.15,0.8879,0.5989,0.241407,9,30,80,263.70,0.8694,0.1517,0.015657,4.438
744819,520,23,543,254,244,228,79.74,0.8072,0.9658,0.913741,20,131,64,150.63,0.9773,0.4625,0.167508,4.431
744821,520,310,830,230,89,246,323.50,0.9564,0.6582,0.306236,97,16,20,24.11,0.8913,0.2233,0.029629,4.474
744839,520,416,936,204,69,209,326.38,0.8462,0.5715,0.216987,26,12,76,283.62,0.8712,0.1248,0.010043,4.447
744889,520,463,983,192,52,205,324.23,0.8702,0.5324,0.180717,9,9,8,106.70,0.0441,0.0517,0.002710,4.377
744901,520,441,961,192,10,247,314.80,0.9935,0.5433,0.181403,18,2,66,282.08,0.9727,0.0918,0.005653,4.158
744914,520,437,957,193,4,249,314.71,0.9975,0.5453,0.182652,26,7,50,298.88,0.7901,0.0916,0.006019,4.153
744920,520,471,991,172,63,218,313.79,0.8495,0.5217,0.173885,8,4,2,57.67,0.3690,0.0364,0.001428,4.353
744927,520,480,1000,177,60,192,322.96,0.8007,0.5071,0.163858,0,0,0,0.00,0.0000,0.0000,0.000000,4.277
744941,520,460,980,234,3,83,13.79,0.9967,0.5324,0.181852,4,12,14,212.41,0.3874,0.0562,0.003205,4.358
744947,520,396,916,246,58,28,31.73,0.9725,0.5780,0.227062,13,4,105,269.68,0.9927,0.1430,0.011922,4.474
744958,520,452,972,169,99,143,342.53,0.4694,0.5267,0.193428,23,10,6,40.23,0.4263,0.0683,0.004124,4.498
744972,520,367,887,223,108,79,35.28,0.7479,0.6078,0.269800,11,45,42,186.98,0.6984,0.1687,0.021150,4.495
744982,520,314,834,239,99,204,338.49,0.8783,0.6611,0.316365,19,61,22,144.61,0.9243,0.2199,0.035337,4.293
745007,520,433,953,244,4,37,25.80,0.9981,0.5470,0.194570,32,4,57,302.73,0.8759,0.1014,0.006893,4.299
745009,520,373,893,243,85,33,37.04,0.9556,0.6024,0.256647,15,39,54,238.53,0.5560,0.1580,0.018189,4.497
745022,520,475,995,146,89,211,302.67,0.7297,0.5178,0.179592,0,3,18,259.92,1.0000,0.0320,0.001088,4.494
745037,520,387,907,229,17,231,327.85,0.9905,0.5947,0.228309,49,30,8,67.19,0.6722,0.1510,0.015991,4.217
745038,520,405,925,226,38,207,333.14,0.9506,0.5821,0.220624,28,3,91,282.21,0.9784,0.1341,0.010673,4.460
745039,520,250,770,237,143,177,357.18,0.6990,0.7179,0.408259,23,76,29,145.26,0.9358,0.2738,0.054395,4.390
745044,520,372,892,254,7,192,343.38,0.9964,0.6147,0.250320,32,35,76,277.23,0.5696,0.1748,0.020309,4.271
745058,520,403,923,245,8,149,354.18,0.9920,0.5773,0.217594,29,7,87,283.67,0.9410,0.1346,0.011013,4.386
745059,520,308,828,244,76,247,327.21,0.9720,0.6666,0.311200,101,10,21,22.21,0.9329,0.2275,0.030384,4.493
745060,520,470,990,207,67,67,24.46,0.8223,0.5158,0.176872,16,2,9,346.60,0.6524,0.0429,0.001733,4.385
745076,520,432,952,247,12,32,26.89,0.9948,0.5548,0.201450,23,22,19,91.64,0.0820,0.0992,0.008030,4.333
745078,520,400,920,255,6,105,9.75,1.0000,0.5825,0.224140,7,10,100,267.28,0.9835,0.1396,0.011823,4.434
745082,520,390,910,230,70,147,355.09,0.8227,0.5851,0.233126,23,39,7,131.88,0.8502,0.1465,0.016485,4.258
745094,520,459,979,155,79,229,303.64,0.8360,0.5273,0.182181,25,3,18,341.15,0.6991,0.0613,0.003155,4.368
745108,520,480,1000,199,70,88,15.71,0.7397,0.5093,0.172290,0,0,0,0.00,0.0000,0.0000,0.000000,4.446
745118,520,385,905,224,22,232,326.38,0.9855,0.5882,0.222496,51,26,30,10.02,0.3868,0.1503,0.015364,4.169
745119,520,457,977,218,49,125,358.94,0.8503,0.5340,0.185852,11,0,44,285.38,1.0000,0.0574,0.002530,4.490
745121,520,345,865,248,33,233,331.74,0.9850,0.6347,0.269304,21,53,9,138.56,0.9479,0.1918,0.027253,4.133
745123,520,454,974,234,8,41,24.89,0.9950,0.5267,0.178294,21,7,30,310.41,0.6178,0.0702,0.004051,4.224
745144,520,438,958,193,71,201,325.25,0.8031,0.5512,0.200624,14,12,50,279.05,0.7594,0.0875,0.005866,4.486
745163,520,424,944,211,27,217,326.73,0.9664,0.5570,0.196445,10,1,84,270.81,0.9968,0.1078,0.007263,4.304
745170,520,418,938,239,53,62,24.30,0.9372,0.5630,0.212479,8,32,15,150.73,0.8128,0.1162,0.011191,4.290
745174,520,282,802,239,143,44,60.75,0.9125,0.6935,0.381800,24,70,12,140.03,0.9672,0.2515,0.046009,4.497
745185,520,369,889,250,43,161,352.40,0.9591,0.6054,0.246283,75,4,38,358.72,0.8711,0.1691,0.017229,4.407
745187,520,438,958,231,61,24,33.27,0.9673,0.5507,0.203953,0,27,11,155.32,1.0000,0.0948,0.008080,4.372
745190,520,391,911,253,29,126,3.61,0.9838,0.5911,0.232714,26,36,48,253.34,0.2817,0.1532,0.016947,4.223
745206,520,411,931,238,37,135,358.37,0.9350,0.5683,0.212526,26,31,4,118.80,0.7974,0.1240,0.012083,4.229
745215,520,421,941,219,3,213,329.86,0.9971,0.5617,0.199315,47,11,7,29.74,0.7600,0.1097,0.008591,4.255
745223,520,367,887,210,70,244,318.97,0.9431,0.6056,0.246152,1,37,88,258.12,0.9788,0.1736,0.020340,4.210
745230,520,435,955,238,7,110,5.66,0.9915,0.5489,0.194581,11,13,56,273.70,0.8397,0.0927,0.006445,4.333
745231,520,340,860,246,32,241,329.41,0.9870,0.6360,0.269796,13,57,5,140.84,0.9831,0.2015,0.030227,3.986
745235,520,465,985,177,2,252,309.64,0.9987,0.5225,0.164198,10,2,34,289.28,0.8811,0.0514,0.002234,4.101
745239,520,317,837,253,89,183,348.72,0.9750,0.6616,0.314495,53,48,56,312.98,0.1212,0.2172,0.031563,4.469
745261,520,418,938,224,75,71,25.71,0.8474,0.5586,0.213370,33,10,67,295.52,0.8236,0.1205,0.009457,4.430
745288,520,410,930,237,58,104,11.35,0.8890,0.5720,0.220332,51,16,26,4.84,0.5837,0.1299,0.011491,4.396
745308,520,339,859,251,16,248,328.99,0.9962,0.6443,0.276601,2,52,60,211.53,0.9464,0.1970,0.027950,4.190
745313,520,419,939,194,78,192,328.34,0.7591,0.5560,0.207253,1,16,73,263.81,0.9788,0.1105,0.008580,4.391
745324,520,218,738,246,166,2,74.36,0.9981,0.7487,0.468720,36,81,62,163.82,0.6133,0.3045,0.066075,4.469
745344,520,370,890,229,82,175,345.21,0.8074,0.6092,0.257902,18,45,45,195.42,0.5090,0.1733,0.021948,4.280
745350,520,478,998,193,7,205,325.09,0.9877,0.5106,0.158988,2,0,13,287.44,1.0000,0.0215,0.000420,4.145
745356,520,480,1000,213,24,138,351.37,0.9285,0.5136,0.166368,0,0,0,0.00,0.0000,0.0000,0.000000,4.327
745367,520,451,971,224,45,114,3.99,0.8837,0.5387,0.189417,38,0,1,26.47,1.0000,0.0731,0.004143,4.422
745381,520,446,966,184,40,249,311.50,0.9705,0.5449,0.185486,12,21,7,134.77,0.5582,0.0835,0.006298,4.183
745393,520,442,962,219,21,161,344.87,0.9529,0.5352,0.181721,30,0,42,314.65,1.0000,0.0788,0.004432,4.257
745409,520,451,971,168,65,243,306.51,0.9257,0.5383,0.185772,14,5,45,285.83,0.8442,0.0708,0.003914,4.373
745411,520,374,894,218,46,243,322.04,0.9622,0.5976,0.233324,43,35,40,340.27,0.1375,0.1641,0.018689,4.125
745425,520,464,984,229,7,64,19.09,0.9932,0.5189,0.171831,3,11,13,211.38,0.4539,0.0526,0.002878,4.195
745430,520,381,901,207,113,117,18.15,0.5657,0.5999,0.263618,6,45,34,169.88,0.8765,0.1637,0.020309,4.461
745436,520,384,904,248,59,70,23.46,0.9601,0.5873,0.235301,73,1,5,25.74,0.9901,0.1530,0.014494,4.424
745448,520,466,986,202,39,170,337.88,0.8719,0.5174,0.169118,14,6,3,50.07,0.4198,0.0481,0.002302,4.189
745455,520,478,998,205,55,114,1.48,0.7969,0.5107,0.169285,1,0,7,286.54,1.0000,0.0158,0.000218,4.367
745491,520,455,975,215,69,33,34.60,0.9237,0.5292,0.188156,5,10,21,261.78,0.4450,0.0557,0.003035,4.491
745499,520,388,908,250,4,151,354.47,0.9966,0.5873,0.226487,39,2,95,289.95,0.9806,0.1504,0.013010,4.388
745518,520,391,911,238,33,183,342.74,0.9579,0.5877,0.226867,31,13,95,281.85,0.9166,0.1530,0.014053,4.322
745519,520,439,959,235,1,131,357.94,0.9985,0.5486,0.193256,28,18,14,42.78,0.2594,0.0938,0.007112,4.259
745528,520,407,927,185,77,230,314.27,0.8586,0.5663,0.213363,16,27,56,266.29,0.5906,0.1268,0.011795,4.262
745541,520,453,973,174,93,154,337.14,0.5502,0.5280,0.191615,6,14,20,239.85,0.3629,0.0650,0.004033,4.472
745563,520,476,996,175,77,168,330.32,0.6745,0.5109,0.172500,1,2,4,255.89,0.3738,0.0225,0.000586,4.398
745568,520,336,856,235,66,238,327.27,0.9474,0.6372,0.277341,86,6,57,348.31,0.8472,0.2033,0.024044,4.421
745585,520,387,907,238,56,166,348.86,0.8970,0.5943,0.237616,8,20,99,266.90,0.9587,0.1525,0.014527,4.457
745592,520,416,936,217,39,208,330.58,0.9397,0.5675,0.207590,8,34,9,144.14,0.9187,0.1215,0.012154,4.144
745598,520,398,918,219,71,186,338.02,0.8266,0.5850,0.231139,68,4,0,31.36,1.0000,0.1440,0.013160,4.451
745606,520,376,896,249,57,110,10.65,0.9489,0.5960,0.241952,51,23,56,321.38,0.5635,0.1573,0.016022,4.422
745609,520,465,985,149,92,199,306.59,0.6671,0.5182,0.181678,15,5,0,64.46,1.0000,0.0458,0.002101,4.447
745614,520,452,972,192,92,78,29.68,0.6427,0.5288,0.194125,4,16,28,247.54,0.5922,0.0725,0.004802,4.455
745637,520,449,969,217,63,93,13.92,0.8214,0.5357,0.190995,30,8,1,45.93,0.8389,0.0735,0.004519,4.420
745651,520,288,808,251,121,82,37.40,0.9482,0.6758,0.347963,10,57,97,249.50,0.8225,0.2388,0.038536,4.495
745661,520,382,902,203,80,232,319.41,0.8789,0.5978,0.242615,4,21,107,265.23,0.9691,0.1628,0.016235,4.418
745666,520,478,998,196,55,158,340.83,0.7917,0.5134,0.169385,1,2,6,265.10,0.5131,0.0236,0.000630,4.333
745680,520,440,960,226,56,97,12.23,0.8675,0.5470,0.198629,33,6,32,329.22,0.6925,0.0865,0.005579,4.473
745695,520,456,976,217,19,158,345.33,0.9552,0.5291,0.176885,29,2,15,352.43,0.7727,0.0645,0.003392,4.249
745707,520,340,860,202,98,254,312.62,0.9896,0.6350,0.284488,58,40,47,353.88,0.2376,0.1993,0.026224,4.388
745712,520,465,985,116,91,249,284.29,0.9456,0.5201,0.180344,1,12,13,200.89,0.7814,0.0532,0.002984,4.347
745723,520,427,947,190,48,252,312.31,0.9835,0.5620,0.200905,39,10,25,350.80,0.5976,0.0990,0.007187,4.387
745724,520,442,962,221,65,44,30.96,0.9106,0.5370,0.193372,10,19,22,220.65,0.2731,0.0813,0.005882,4.355
745725,520,269,789,255,130,70,44.49,1.0000,0.6959,0.376706,0,73,18,145.94,1.0000,0.2555,0.048085,4.350
745753,520,448,968,209,2,206,329.14,0.9972,0.5387,0.180570,15,5,55,282.23,0.9042,0.0816,0.004859,4.203
745754,520,387,907,239,7,194,339.59,0.9944,0.5875,0.224007,55,5,74,313.87,0.8824,0.1544,0.014153,4.271
745755,520,447,967,239,9,77,16.37,0.9923,0.5431,0.190852,31,0,38,320.10,1.0000,0.0772,0.004313,4.435
745793,520,419,939,240,18,136,357.61,0.9768,0.5645,0.207386,10,32,0,136.07,1.0000,0.1144,0.010975,4.221
745795,520,441,961,237,25,23,28.59,0.9850,0.5370,0.187649,4,16,49,263.95,0.8514,0.0877,0.006181,4.230
745820,520,464,984,223,18,111,3.05,0.9633,0.5210,0.172710,20,5,5,21.49,0.5210,0.0538,0.002682,4.227
745825,520,433,953,243,33,11,30.28,0.9916,0.5531,0.201700,20,22,21,164.64,0.0494,0.0969,0.007767,4.357
745839,520,446,966,185,94,130,356.45,0.5451,0.5361,0.199328,5,16,40,262.40,0.7134,0.0811,0.005560,4.488
745879,520,345,865,218,89,225,325.62,0.8637,0.6271,0.274883,39,34,94,281.83,0.6920,0.1947,0.023835,4.400
745907,520,466,986,166,77,197,316.39,0.7384,0.5156,0.174468,4,11,14,222.15,0.3674,0.0539,0.002969,4.238
745922,520,351,871,250,44,211,337.77,0.9732,0.6306,0.268317,82,11,31,10.59,0.8263,0.1882,0.021324,4.463
745926,520,406,926,209,33,246,319.25,0.9754,0.5778,0.212986,34,22,50,302.12,0.5002,0.1277,0.011442,4.280
745932,520,436,956,217,74,86,19.42,0.7956,0.5472,0.203236,14,15,52,276.39,0.7329,0.0949,0.006829,4.456
745951,520,467,987,197,65,148,345.74,0.7467,0.5211,0.177908,9,6,5,42.83,0.1514,0.0437,0.001993,4.383
745952,520,403,923,211,19,246,319.96,0.9890,0.5757,0.209703,34,25,35,323.01,0.2389,0.1258,0.011567,4.218
745971,520,362,882,242,65,163,351.36,0.8922,0.6082,0.253052,14,14,126,268.12,0.9842,0.1834,0.019136,4.383
746001,520,440,960,162,78,252,301.58,0.9714,0.5538,0.201589,31,17,10,47.22,0.4045,0.0946,0.007142,4.403
746004,520,447,967,153,80,243,299.95,0.9033,0.5377,0.189810,23,4,44,300.96,0.8276,0.0777,0.004509,4.399
746010,520,385,905,250,51,73,21.61,0.9711,0.5852,0.231763,58,22,15,32.58,0.6328,0.1502,0.015080,4.329
746018,520,438,958,232,26,133,357.34,0.9520,0.5502,0.195910,38,10,10,22.62,0.6257,0.0924,0.006511,4.352
746061,520,432,952,204,34,220,324.03,0.9514,0.5505,0.191505,8,18,54,267.48,0.7959,0.0990,0.007505,4.200
746065,520,424,944,233,58,68,23.18,0.9123,0.5565,0.207701,39,6,54,312.68,0.8086,0.1118,0.008280,4.422
746070,520,439,959,221,10,191,336.22,0.9864,0.5527,0.193532,1,23,36,236.11,0.8861,0.0936,0.007466,4.238
746078,520,470,990,211,56,90,13.02,0.8298,0.5160,0.174178,8,6,10,309.09,0.2018,0.0445,0.002038,4.308
746085,520,373,893,220,48,235,324.40,0.9539,0.5965,0.233298,45,14,84,297.72,0.8305,0.1583,0.015121,4.350
746092,520,410,930,250,32,13,30.00,0.9914,0.5674,0.213898,6,18,86,266.60,0.9522,0.1321,0.011431,4.296
746093,520,330,850,189,138,162,349.25,0.3443,0.6399,0.316053,9,61,0,140.75,1.0000,0.2137,0.033954,4.360
746120,520,460,980,207,38,175,337.61,0.8899,0.5288,0.177488,10,7,24,289.85,0.5278,0.0552,0.002824,4.307
746131,520,390,910,236,14,210,334.68,0.9904,0.5928,0.228028,3,20,100,264.94,0.9673,0.1516,0.014397,4.317
746159,520,407,927,241,20,155,351.69,0.9757,0.5749,0.215708,17,7,90,273.73,0.9730,0.1281,0.010093,4.422
746162,520,399,919,164,96,248,300.97,0.9157,0.5790,0.230359,6,37,41,207.22,0.7425,0.1408,0.015219,4.299
746174,520,319,839,254,55,214,338.00,0.9942,0.6464,0.286615,50,26,124,285.27,0.8645,0.2234,0.028721,4.276
746178,520,419,939,203,15,241,319.03,0.9897,0.5574,0.193907,7,30,31,199.13,0.6136,0.1149,0.010726,4.017
746186,520,352,872,231,87,178,345.00,0.8089,0.6201,0.270221,44,41,62,290.41,0.2969,0.1919,0.024691,4.287
746191,520,464,984,228,11,71,17.10,0.9881,0.5189,0.171912,7,9,6,134.23,0.1751,0.0493,0.002537,4.224
746203,520,330,850,242,78,207,337.59,0.9189,0.6422,0.288338,20,27,132,268.91,0.9583,0.2112,0.025983,4.453
746225,520,420,940,233,31,147,352.96,0.9422,0.5601,0.204131,40,15,19,11.34,0.4891,0.1068,0.008398,4.352
746226,520,268,788,229,150,75,61.80,0.7686,0.6965,0.389808,4,75,13,144.10,0.9940,0.2629,0.050868,4.360
746228,520,418,938,239,39,97,11.86,0.9417,0.5597,0.206680,36,4,73,297.02,0.9247,0.1232,0.009430,4.319
746235,520,452,972,201,58,173,336.96,0.8076,0.5333,0.184626,10,15,24,261.89,0.3062,0.0723,0.004721,4.288
746237,520,353,873,238,46,225,331.37,0.9633,0.6190,0.255700,38,22,104,282.88,0.8595,0.1826,0.019853,4.376
746258,520,464,984,232,12,44,24.37,0.9919,0.5237,0.176037,0,7,27,257.47,1.0000,0.0482,0.002311,4.321
746273,520,368,888,240,42,205,337.08,0.9575,0.6082,0.245918,67,11,53,340.04,0.7598,0.1666,0.016899,4.423
746294,520,387,907,255,45,37,28.66,1.0000,0.5867,0.232741,70,5,22,12.82,0.8840,0.1537,0.014688,4.371
746298,520,377,897,234,53,203,336.32,0.9288,0.6037,0.243531,21,20,99,272.97,0.9260,0.1593,0.015605,4.474
746301,520,477,997,217,44,53,24.47,0.9299,0.5096,0.168127,0,0,16,264.05,1.0000,0.0204,0.000374,4.330
746317,520,441,961,206,84,66,30.71,0.7677,0.5375,0.198579,3,23,27,211.81,0.7258,0.0900,0.007113,4.352
746329,520,466,986,224,9,101,6.49,0.9841,0.5174,0.169851,4,7,15,262.90,0.3847,0.0451,0.002123,4.218
746342,520,478,998,223,30,8,30.42,0.9910,0.5090,0.166369,0,3,2,174.96,1.0000,0.0237,0.000695,4.268
746352,520,434,954,242,9,82,15.21,0.9925,0.5504,0.196852,35,3,47,315.01,0.8478,0.0955,0.006277,4.386
746379,520,367,887,255,6,178,347.47,1.0000,0.6095,0.246082,54,29,56,324.34,0.4686,0.1734,0.019486,4.261
746399,520,440,960,241,29,21,29.12,0.9831,0.5472,0.196370,33,5,38,321.39,0.7530,0.0887,0.005719,4.422
746405,520,403,923,217,33,229,325.26,0.9685,0.5785,0.214986,20,9,86,276.36,0.9515,0.1275,0.010159,4.405
746410,520,433,953,240,30,74,18.45,0.9690,0.5517,0.199515,49,4,0,33.29,1.0000,0.1022,0.007399,4.347
746411,520,224,744,244,141,231,331.79,0.9263,0.7461,0.440545,54,78,15,128.50,0.8952,0.2973,0.062674,4.354
746434,520,429,949,226,44,140,354.57,0.8885,0.5514,0.198663,28,12,46,302.48,0.6625,0.0985,0.007071,4.357
746440,520,370,890,229,36,241,325.40,0.9776,0.6087,0.242730,61,23,56,332.73,0.5952,0.1734,0.018905,4.248
746444,520,441,961,206,82,102,13.34,0.6985,0.5424,0.201177,19,10,52,286.21,0.7752,0.0904,0.006035,4.483
746446,520,450,970,237,12,53,22.66,0.9919,0.5355,0.185278,23,4,36,308.82,0.7744,0.0713,0.003964,4.360
746448,520,438,958,155,82,250,299.12,0.9508,0.5488,0.199056,5,9,67,268.35,0.9595,0.0944,0.006328,4.421
746450,520,347,867,199,111,214,321.62,0.7194,0.6258,0.283672,16,49,62,227.26,0.6274,0.1935,0.026545,4.359
746456,520,368,888,252,6,184,345.16,0.9963,0.6067,0.242898,40,30,76,289.95,0.6054,0.1714,0.019015,4.244
746476,520,374,894,235,53,192,339.78,0.9193,0.5994,0.240169,21,36,65,262.42,0.5461,0.1604,0.018028,4.265
746484,520,335,855,253,80,150,359.79,0.9709,0.6384,0.288253,33,38,97,274.74,0.7060,0.2010,0.025725,4.467
746498,520,401,921,230,23,209,333.55,0.9787,0.5838,0.220418,63,10,23,11.33,0.7760,0.1442,0.013359,4.268
746504,520,389,909,211,85,187,335.74,0.7614,0.5894,0.239356,20,19,95,273.07,0.9241,0.1522,0.014406,4.493
746510,520,374,894,245,17,190,342.08,0.9873,0.5987,0.235342,13,21,99,268.73,0.9459,0.1563,0.015226,4.375
746540,520,468,988,202,70,100,10.31,0.7362,0.5180,0.178590,13,2,10,336.21,0.6244,0.0395,0.001509,4.438
746554,520,473,993,220,40,94,10.41,0.9029,0.5211,0.175440,7,0,22,298.02,1.0000,0.0341,0.001031,4.418
746562,520,311,831,231,84,250,322.93,0.9759,0.6565,0.302338,75,41,28,41.48,0.4968,0.2217,0.031658,4.315
746564,520,418,938,209,72,162,344.02,0.7632,0.5569,0.208007,39,5,66,304.04,0.8795,0.1215,0.009333,4.348
746566,520,453,973,221,57,34,31.26,0.9400,0.5274,0.184166,18,7,31,302.61,0.6296,0.0673,0.003795,4.353
746581,520,411,931,213,56,200,331.73,0.8803,0.5680,0.211466,10,23,61,266.07,0.7772,0.1177,0.010142,4.347
746583,520,303,823,246,91,213,337.13,0.9397,0.6666,0.318819,32,56,75,243.64,0.4311,0.2308,0.036433,4.267
746605,520,451,971,237,15,77,16.38,0.9860,0.5403,0.188852,18,5,42,294.08,0.8006,0.0720,0.004043,4.420
746606,520,343,863,185,131,182,328.45,0.4406,0.6287,0.299251,16,54,9,140.81,0.9618,0.1927,0.027681,4.496
746608,520,402,922,205,50,247,317.56,0.9626,0.5826,0.219773,1,29,61,253.63,0.9432,0.1282,0.012220,4.336
746615,520,444,964,202,53,182,334.15,0.8393,0.5355,0.184820,3,6,56,267.80,0.9641,0.0755,0.004351,4.320
746621,520,476,996,221,29,64,19.70,0.9576,0.5097,0.166238,4,0,5,323.04,1.0000,0.0198,0.000368,4.293
746622,520,339,859,212,96,239,319.65,0.8989,0.6362,0.285963,61,42,16,72.64,0.6106,0.2000,0.026855,4.371
746632,520,385,905,242,50,160,351.42,0.9178,0.5945,0.236996,74,0,0,29.23,1.0000,0.1536,0.014561,4.445
746658,520,399,919,203,37,255,315.63,1.0000,0.5775,0.212411,4,24,81,263.93,0.9396,0.1370,0.012731,4.183
746664,520,453,973,182,63,207,320.12,0.8296,0.5287,0.180063,4,1,58,269.74,0.9939,0.0695,0.003530,4.298
746666,520,421,941,222,52,163,345.91,0.8639,0.5603,0.206324,23,27,9,119.55,0.5300,0.1103,0.009857,4.282
746673,520,401,921,254,36,56,24.33,0.9952,0.5811,0.226219,48,23,37,346.30,0.4298,0.1421,0.013748,4.333
746674,520,383,903,240,31,204,337.25,0.9726,0.6021,0.238678,12,34,64,256.90,0.6822,0.1492,0.015923,4.379
746686,520,419,939,192,53,247,313.77,0.9581,0.5649,0.204693,45,2,39,334.60,0.8433,0.1055,0.007479,4.431
746687,520,425,945,239,21,116,4.25,0.9720,0.5565,0.201512,38,18,2,59.75,0.8042,0.1055,0.008491,4.300
746696,520,428,948,216,54,171,341.71,0.8505,0.5551,0.201798,37,0,52,313.72,1.0000,0.0985,0.006413,4.463
746705,520,360,880,251,59,164,352.50,0.9615,0.6199,0.263208,12,29,111,266.66,0.9402,0.1848,0.021044,4.409
746718,520,477,997,222,1,107,3.77,0.9979,0.5133,0.166156,0,1,15,263.52,1.0011,0.0235,0.000562,4.275
746732,520,406,926,210,39,240,320.76,0.9644,0.5780,0.214457,62,2,15,15.56,0.9431,0.1308,0.011022,4.334
746744,520,427,947,226,17,182,340.03,0.9757,0.5585,0.199496,3,25,34,227.22,0.7597,0.0993,0.008301,4.279
746751,520,381,901,227,83,152,353.99,0.7728,0.5972,0.247869,51,19,71,309.68,0.7130,0.1617,0.016245,4.496
746768,520,448,968,201,59,189,331.64,0.8297,0.5437,0.192213,2,21,8,153.53,0.9231,0.0770,0.005667,4.351
746778,520,391,911,233,85,80,25.59,0.8563,0.5898,0.244027,33,36,5,114.62,0.7960,0.1461,0.015960,4.458
746783,520,477,997,215,9,135,352.51,0.9761,0.5114,0.163942,6,0,9,318.71,1.0000,0.0249,0.000584,4.229
746790,520,354,874,240,68,185,343.66,0.8936,0.6175,0.261651,58,23,68,318.17,0.6474,0.1764,0.019298,4.497
746796,520,443,963,199,59,187,331.68,0.8226,0.5391,0.188596,13,20,10,136.56,0.3816,0.0822,0.006078,4.255
746807,520,341,861,206,106,217,323.54,0.7652,0.6290,0.284411,68,40,4,67.33,0.8655,0.2044,0.027555,4.312
746818,520,369,889,237,62,189,341.42,0.9009,0.6087,0.251267,22,39,60,254.40,0.4666,0.1659,0.019478,4.336
746823,520,365,885,213,87,205,330.19,0.8034,0.6050,0.253721,13,42,58,236.09,0.6346,0.1685,0.020469,4.310
746828,520,23,543,245,247,252,268.55,0.4987,0.9721,0.929622,16,133,40,145.24,0.9903,0.4648,0.170377,4.445
746840,520,382,902,248,61,112,10.34,0.9385,0.5981,0.244672,72,7,16,19.99,0.8942,0.1587,0.015673,4.487
746847,520,408,928,222,84,94,19.30,0.7704,0.5715,0.226809,3,18,88,265.09,0.9616,0.1331,0.011565,4.496
746876,520,299,819,245,101,196,343.07,0.9026,0.6695,0.327081,11,60,68,211.05,0.7984,0.2295,0.037200,4.324
746885,520,343,863,249,81,139,3.40,0.9228,0.6286,0.278919,28,44,70,259.75,0.4603,0.1906,0.024904,4.391
746909,520,480,1000,174,1,249,309.40,0.9993,0.5148,0.158609,0,0,0,0.00,0.0000,0.0000,0.000000,4.172
746910,520,434,954,182,61,235,313.07,0.9007,0.5476,0.192818,8,19,48,265.42,0.7086,0.0961,0.007307,4.237
746924,520,453,973,231,37,21,29.91,0.9773,0.5306,0.183693,17,6,35,297.38,0.7110,0.0672,0.003708,4.351
746927,520,395,915,248,9,162,350.78,0.9924,0.5890,0.227638,51,18,35,350.27,0.5515,0.1369,0.012579,4.437
746936,520,9,529,247,255,229,120.97,1.0000,0.9850,0.969512,14,136,13,142.56,0.9942,0.4723,0.177300,4.485
746940,520,412,932,184,94,202,320.73,0.7066,0.5703,0.224611,33,24,38,313.19,0.2999,0.1237,0.011166,4.490
746974,520,398,918,247,3,152,353.56,0.9972,0.5816,0.221097,23,14,88,277.30,0.9187,0.1387,0.012008,4.372
746986,520,357,877,245,6,237,330.16,0.9980,0.6247,0.256601,52,22,82,303.13,0.7313,0.1771,0.019131,4.435
746989,520,368,888,255,16,178,347.57,1.0000,0.6115,0.248485,17,29,99,268.74,0.8984,0.1732,0.018986,4.327
746991,520,460,980,230,40,28,29.38,0.9660,0.5309,0.184274,20,9,4,51.11,0.4670,0.0619,0.003529,4.377
746994,520,353,873,236,13,249,325.41,0.9959,0.6185,0.249628,68,28,9,43.86,0.7551,0.1791,0.020794,4.232
746998,520,417,937,253,8,76,17.94,0.9955,0.5723,0.215819,37,25,8,74.22,0.5710,0.1213,0.011061,4.353
747002,520,462,982,220,60,65,23.92,0.8826,0.5324,0.188316,9,10,11,247.09,0.0496,0.0549,0.002993,4.497
747010,520,480,1000,174,63,199,319.68,0.8033,0.5107,0.166783,0,0,0,0.00,0.0000,0.0000,0.000000,4.336
747012,520,373,893,218,45,250,320.47,0.9789,0.6021,0.236862,48,30,37,354.39,0.2813,0.1573,0.016906,4.288
747014,520,362,882,231,31,248,324.35,0.9852,0.6148,0.247486,48,26,83,297.39,0.6933,0.1793,0.019917,4.255
747015,520,407,927,244,30,127,1.82,0.9600,0.5738,0.216973,32,1,87,287.34,0.9895,0.1310,0.010169,4.437
747029,520,448,968,202,14,217,324.44,0.9833,0.5369,0.178821,20,11,41,293.57,0.6427,0.0837,0.005482,4.124
747043,520,443,963,210,53,161,343.58,0.8294,0.5382,0.188232,9,19,28,246.62,0.3875,0.0835,0.006076,4.248
747045,520,399,919,225,21,224,328.55,0.9842,0.5840,0.219280,58,17,25,11.33,0.6322,0.1442,0.013708,4.227
747065,520,465,985,227,23,45,24.56,0.9796,0.5167,0.171361,5,10,11,208.79,0.2344,0.0514,0.002735,4.198
747074,520,392,912,250,65,5,34.67,0.9961,0.5916,0.241191,48,28,19,44.90,0.4098,0.1468,0.015060,4.476
747081,520,453,973,220,57,67,22.66,0.8869,0.5297,0.185498,2,2,56,267.17,0.9898,0.0674,0.003418,4.409
747082,520,451,971,235,22,65,20.01,0.9793,0.5362,0.186208,1,12,39,260.11,0.9209,0.0686,0.004159,4.361
747087,520,414,934,226,68,136,358.38,0.8122,0.5715,0.220832,29,26,24,56.05,0.0726,0.1178,0.010660,4.465
747091,520,407,927,224,80,90,19.94,0.7984,0.5688,0.223254,1,33,49,234.68,0.9313,0.1307,0.013158,4.326
747096,520,455,975,174,72,204,317.72,0.7844,0.5253,0.179940,17,5,26,309.07,0.6418,0.0591,0.003023,4.337
747123,520,340,860,253,16,230,333.54,0.9949,0.6363,0.269696,47,11,120,286.48,0.9463,0.1987,0.021997,4.440
747128,520,150,670,245,190,201,5.18,0.6751,0.8298,0.604579,1,98,94,189.90,0.9936,0.3618,0.095495,4.499
747150,520,408,928,236,34,145,354.39,0.9395,0.5667,0.210243,45,19,46,325.90,0.5485,0.1346,0.012210,4.183
747156,520,457,977,185,58,210,320.48,0.8552,0.5303,0.179948,16,0,42,294.64,1.0000,0.0603,0.002773,4.357
747157,520,412,932,255,7,15,28.58,1.0000,0.5699,0.214503,50,15,5,37.65,0.7824,0.1213,0.010308,4.386
747164,520,171,691,243,189,100,78.18,0.7984,0.8018,0.563718,25,97,14,141.36,0.9836,0.3441,0.087874,4.451
747176,520,284,804,251,120,140,12.40,0.9061,0.6866,0.358386,6,63,86,231.82,0.8849,0.2480,0.042654,4.408
747182,520,446,966,198,30,223,321.70,0.9587,0.5405,0.182636,15,16,17,247.98,0.0391,0.0757,0.005126,4.220
747183,520,454,974,201,7,206,327.02,0.9892,0.5255,0.170275,3,13,38,262.26,0.8019,0.0715,0.004471,4.044
747195,520,347,867,204,96,248,314.82,0.9415,0.6309,0.279817,27,42,80,265.91,0.5782,0.1917,0.024680,4.416
747223,520,212,732,241,166,152,30.92,0.7107,0.7605,0.482422,39,83,55,154.04,0.6469,0.3104,0.068935,4.477
747239,520,331,851,243,71,204,338.57,0.9253,0.6353,0.279236,25,42,97,267.27,0.7360,0.2049,0.027255,4.262
747258,520,456,976,223,49,53,25.48,0.9281,0.5260,0.181444,0,15,15,194.77,1.0000,0.0607,0.003761,4.305
747260,520,453,973,127,101,221,289.92,0.7425,0.5258,0.190397,23,6,22,329.52,0.5706,0.0663,0.003704,4.476
747293,520,391,911,218,16,247,321.53,0.9923,0.5873,0.219934,36,23,76,289.45,0.7073,0.1531,0.015096,4.147
747300,520,406,926,228,82,104,14.96,0.7934,0.5820,0.235307,8,38,5,141.47,0.9625,0.1341,0.014488,4.424
747309,520,438,958,184,49,253,310.32,0.9884,0.5547,0.194798,12,2,71,274.69,0.9866,0.0931,0.005765,4.390
747313,520,328,848,243,85,209,337.42,0.9218,0.6526,0.301579,5,49,87,250.17,0.8707,0.2068,0.029168,4.441
747315,520,316,836,226,101,231,326.07,0.8824,0.6585,0.312476,52,51,39,103.54,0.1919,0.2179,0.032442,4.397
747324,520,469,989,191,11,224,319.74,0.9874,0.5227,0.166990,2,6,19,261.96,0.6476,0.0428,0.001902,4.181
747344,520,399,919,253,11,113,7.11,0.9920,0.5815,0.223179,53,14,37,347.24,0.6430,0.1351,0.012046,4.403
747395,520,453,973,195,1,225,320.68,0.9989,0.5281,0.170616,14,3,46,286.60,0.9024,0.0680,0.003557,4.119
747400,520,445,965,217,43,161,344.98,0.8795,0.5431,0.190550,21,16,2,93.03,0.7426,0.0777,0.005344,4.346
747406,520,324,844,196,113,252,309.63,0.9578,0.6485,0.305752,70,40,33,33.90,0.4046,0.2125,0.029296,4.486
747417,520,388,908,253,34,99,12.54,0.9857,0.5858,0.229312,10,16,103,267.93,0.9705,0.1524,0.014143,4.355
747420,520,456,976,173,76,200,318.27,0.7576,0.5264,0.182242,10,9,27,283.59,0.5184,0.0611,0.003390,4.350
747431,520,352,872,255,37,175,348.88,1.0000,0.6177,0.256818,62,21,81,313.07,0.7333,0.1897,0.021546,4.288
747443,520,322,842,255,1,253,328.79,1.0000,0.6521,0.283767,32,46,89,268.06,0.5800,0.2127,0.029822,4.181
747459,520,406,926,225,24,219,329.78,0.9791,0.5817,0.217777,46,16,40,335.65,0.5758,0.1276,0.011047,4.386
747464,520,388,908,233,54,171,345.95,0.8930,0.5859,0.229050,0,33,74,255.70,0.9999,0.1498,0.015820,4.240
747470,520,442,962,207,20,204,329.10,0.9688,0.5382,0.181273,29,2,42,312.53,0.8702,0.0807,0.004718,4.227
747472,520,446,966,235,28,35,27.11,0.9797,0.5350,0.186172,7,8,58,271.50,0.9333,0.0839,0.005243,4.275
747490,520,446,966,160,83,230,304.83,0.8312,0.5403,0.193738,13,19,15,155.77,0.2027,0.0809,0.005858,4.364
747496,520,462,982,227,11,109,4.24,0.9813,0.5266,0.176772,11,7,8,359.95,0.1485,0.0490,0.002406,4.327
747518,520,399,919,207,90,161,345.52,0.6825,0.5774,0.231528,21,38,4,131.99,0.9207,0.1414,0.015544,4.295
747531,520,409,929,144,105,252,291.51,0.9513,0.5748,0.230606,26,28,45,278.36,0.3231,0.1299,0.012396,4.497
747537,520,369,889,242,44,191,341.52,0.9478,0.6053,0.244432,24,45,23,143.14,0.6054,0.1695,0.021328,4.128
747583,520,11,531,254,252,232,102.21,0.9041,0.9852,0.965180,1,136,22,143.66,0.9996,0.4714,0.176719,4.478
747589,520,343,863,254,78,121,10.46,0.9865,0.6289,0.279036,12,46,76,248.95,0.7320,0.1920,0.025538,4.356
747597,520,440,960,243,30,49,24.88,0.9784,0.5543,0.202084,13,19,29,260.43,0.3074,0.0868,0.006400,4.470
747599,520,362,882,198,117,165,344.34,0.5200,0.6109,0.274463,7,47,63,229.82,0.7986,0.1846,0.024370,4.363
747601,520,378,898,236,51,193,339.67,0.9263,0.6002,0.240535,9,41,49,217.64,0.6955,0.1586,0.018656,4.232
747609,520,465,985,228,22,41,25.37,0.9821,0.5180,0.172309,5,5,32,275.98,0.8083,0.0520,0.002451,4.238
747625,520,458,978,165,48,255,304.20,1.0000,0.5285,0.173338,0,5,42,263.47,1.0009,0.0564,0.002757,4.233
747639,520,408,928,235,70,43,31.96,0.9317,0.5697,0.222199,36,25,38,321.17,0.2913,0.1298,0.012103,4.383
747645,520,396,916,254,4,103,10.17,0.9973,0.5795,0.221407,0,33,58,245.57,1.0000,0.1365,0.013931,4.245
747651,520,408,928,228,70,101,13.43,0.8293,0.5664,0.218166,42,23,21,26.30,0.3494,0.1268,0.011592,4.354
747663,520,478,998,222,15,61,19.67,0.9831,0.5054,0.162110,5,0,1,3.86,1.0000,0.0188,0.000345,4.213
747664,520,459,979,222,54,11,33.62,0.9847,0.5251,0.181948,0,12,24,242.00,1.0000,0.0575,0.003289,4.353
747667,520,357,877,231,33,253,323.22,0.9928,0.6193,0.251708,28,46,29,145.77,0.4517,0.1771,0.022895,4.139
747672,520,313,833,241,93,209,337.14,0.9047,0.6590,0.311355,62,44,53,347.49,0.2324,0.2170,0.030826,4.471
747693,520,479,999,162,31,249,305.20,0.9728,0.5070,0.155015,0,0,7,264.05,1.0000,0.0135,0.000153,4.088
747708,520,390,910,255,54,27,31.07,1.0000,0.5926,0.239812,67,11,18,18.92,0.8138,0.1525,0.014765,4.475
747718,520,465,985,197,86,2,47.16,0.9908,0.5192,0.185322,25,1,8,1.63,0.8251,0.0533,0.002459,4.486
747720,520,462,982,210,23,173,338.84,0.9426,0.5253,0.173337,6,9,18,267.21,0.3509,0.0529,0.002778,4.232
747733,520,359,879,254,6,201,340.97,0.9972,0.6194,0.254215,42,18,103,286.97,0.8724,0.1801,0.019041,4.406
747734,520,319,839,156,142,235,289.34,0.7172,0.6481,0.324119,34,56,40,152.22,0.4191,0.2164,0.033216,4.496
747735,520,343,863,253,37,204,340.21,0.9881,0.6285,0.265687,72,28,17,35.21,0.6812,0.1877,0.022489,4.355
747752,520,337,857,218,81,254,318.47,0.9938,0.6364,0.279478,80,6,76,330.81,0.8547,0.2028,0.023578,4.478
747763,520,341,861,212,106,202,330.96,0.7267,0.6294,0.285710,83,26,1,41.37,0.9729,0.2038,0.025803,4.429
747764,520,365,885,227,45,239,325.27,0.9660,0.6090,0.244419,6,27,105,265.10,0.9489,0.1716,0.018424,4.303
747785,520,451,971,205,26,202,329.08,0.9529,0.5356,0.179841,16,8,37,291.81,0.6783,0.0714,0.004174,4.243
747800,520,312,832,236,80,255,323.18,1.0000,0.6632,0.307924,72,36,59,342.43,0.4607,0.2170,0.029554,4.499
747803,520,392,912,253,42,85,17.43,0.9869,0.5872,0.231981,49,30,9,66.08,0.6449,0.1512,0.016013,4.272
747809,520,342,862,203,96,242,315.97,0.9023,0.6255,0.274743,25,31,110,271.64,0.8870,0.1941,0.023123,4.441
747835,520,190,710,255,160,188,0.97,1.0000,0.7777,0.500349,24,90,6,140.44,0.9917,0.3195,0.075194,4.396
747839,520,398,918,244,4,164,349.29,0.9961,0.5811,0.220035,32,34,3,113.02,0.8582,0.1388,0.014577,4.182
747863,520,385,905,254,5,126,3.03,0.9963,0.5864,0.226894,54,20,53,328.58,0.6045,0.1550,0.015417,4.233
747871,520,330,850,204,138,83,59.42,0.6151,0.6383,0.316404,26,56,32,148.79,0.6598,0.2088,0.031521,4.495
747879,520,394,914,220,73,190,337.01,0.8304,0.5910,0.237006,12,38,27,163.37,0.6532,0.1409,0.015435,4.386
747890,520,445,965,220,46,130,357.15,0.8655,0.5374,0.187839,10,14,33,272.59,0.5147,0.0752,0.004884,4.333
747910,520,384,904,252,51,51,26.92,0.9860,0.5862,0.233058,36,34,18,102.04,0.3788,0.1459,0.015628,4.313
747929,520,398,918,210,45,241,320.41,0.9570,0.5825,0.219310,6,17,96,266.53,0.9670,0.1430,0.012840,4.286
747934,520,419,939,232,11,168,345.55,0.9852,0.5610,0.202251,35,20,30,339.89,0.3262,0.1134,0.009514,4.239
747935,520,460,980,193,37,216,321.91,0.9324,0.5308,0.176200,4,14,20,232.83,0.4867,0.0635,0.003904,4.196
747941,520,407,927,210,69,196,332.13,0.8295,0.5733,0.219453,44,18,45,325.93,0.5573,0.1306,0.011576,4.376
747949,520,374,894,241,73,107,13.21,0.8826,0.5956,0.245305,15,41,51,225.94,0.5538,0.1623,0.019264,4.263
747959,520,377,897,209,105,148,355.53,0.6053,0.5990,0.257984,10,46,10,143.17,0.9547,0.1629,0.020404,4.375
747966,520,473,993,227,34,39,26.79,0.9671,0.5217,0.176244,8,0,19,305.35,1.0000,0.0331,0.000986,4.437
747985,520,440,960,229,62,5,35.27,0.9933,0.5470,0.201171,11,20,34,258.97,0.4287,0.0907,0.006869,4.417
747991,520,475,995,208,53,134,353.45,0.8100,0.5221,0.176795,6,2,15,299.86,0.6756,0.0342,0.001166,4.433
748002,520,456,976,199,3,212,324.95,0.9957,0.5254,0.169624,13,10,1,97.50,0.7717,0.0553,0.003048,4.140
748005,520,220,740,200,172,222,309.96,0.4974,0.7503,0.470587,18,84,35,147.80,0.9597,0.3003,0.065903,4.492
748033,520,342,862,244,48,229,331.79,0.9683,0.6331,0.270070,7,53,44,176.25,0.8804,0.1945,0.027731,4.118
748037,520,362,882,228,78,196,337.38,0.8498,0.6132,0.259306,61,35,12,59.48,0.6592,0.1823,0.022208,4.284
748040,520,471,991,173,16,252,308.29,0.9889,0.5197,0.162840,11,1,22,306.27,0.8457,0.0410,0.001508,4.132
748046,520,390,910,242,27,181,344.11,0.9713,0.5916,0.230004,70,4,24,10.37,0.8935,0.1532,0.014551,4.338
748084,520,453,973,202,6,213,325.49,0.9921,0.5321,0.174927,36,0,3,20.80,1.0000,0.0697,0.003817,4.179
748088,520,412,932,234,34,164,347.70,0.9416,0.5712,0.213197,0,10,85,264.12,0.9831,0.1156,0.008729,4.482
748095,520,426,946,181,61,250,309.44,0.9678,0.5583,0.200643,15,27,18,151.62,0.3843,0.1057,0.009291,4.227
748097,520,22,542,224,252,252,196.68,0.8199,0.9661,0.924955,40,132,10,140.20,0.9932,0.4648,0.169749,4.437
748098,520,429,949,184,52,250,310.81,0.9716,0.5546,0.195495,29,2,58,299.18,0.9362,0.0954,0.006101,4.376
748101,520,446,966,131,97,241,289.61,0.8633,0.5383,0.197254,4,9,58,268.01,0.9453,0.0835,0.005266,4.474
748105,520,356,876,235,72,190,340.97,0.8745,0.6153,0.260172,3,36,93,260.44,0.9553,0.1768,0.020713,4.386
748121,520,418,938,199,42,243,317.02,0.9573,0.5645,0.202706,31,22,35,315.24,0.2981,0.1151,0.009865,4.221
748122,520,380,900,235,87,99,19.00,0.8343,0.6000,0.253823,43,37,21,89.74,0.3654,0.1632,0.018909,4.409
748126,520,272,792,244,104,242,328.17,0.9531,0.6955,0.355469,51,68,25,127.55,0.6869,0.2646,0.049082,4.092
748142,520,473,993,162,43,254,303.71,0.9944,0.5195,0.165655,11,2,0,49.03,1.0000,0.0332,0.001146,4.216
748144,520,398,918,251,44,67,22.41,0.9789,0.5812,0.227195,48,24,17,37.07,0.4689,0.1373,0.013222,4.384
748146,520,416,936,186,75,231,314.49,0.8670,0.5660,0.212419,53,3,43,337.86,0.8300,0.1246,0.009965,4.376
748147,520,425,945,238,36,101,10.11,0.9447,0.5569,0.203817,43,9,38,334.05,0.6860,0.1110,0.008490,4.340
748153,520,305,825,250,120,73,39.87,0.9420,0.6712,0.342411,40,57,63,221.68,0.2389,0.2331,0.037362,4.492
748180,520,304,824,252,104,159,359.79,0.9398,0.6700,0.331024,47,56,60,226.43,0.1215,0.2349,0.037589,4.350
748195,520,407,927,239,37,146,354.81,0.9378,0.5746,0.217523,57,11,1,36.51,0.9603,0.1284,0.011115,4.377
748221,520,427,947,246,20,61,21.68,0.9871,0.5581,0.204336,8,27,2,137.48,0.9608,0.0977,0.008398,4.355
748229,520,0,520,255,255,255,0.00,0.0000,1.0000,1.000000,52,135,64,146.20,0.9009,0.4844,0.184275,4.482
748232,520,401,921,251,35,94,13.93,0.9736,0.5811,0.225231,45,0,83,300.87,1.0000,0.1423,0.011825,4.452
748245,520,407,927,252,26,22,28.83,0.9898,0.5692,0.214959,35,17,68,294.70,0.7366,0.1341,0.011756,4.290
748256,520,412,932,231,73,72,25.02,0.8720,0.5694,0.222247,40,22,12,49.34,0.4693,0.1193,0.010515,4.499
748261,520,360,880,250,9,216,336.28,0.9963,0.6210,0.254804,1,45,73,243.14,0.9558,0.1832,0.023641,4.139
748287,520,404,924,224,16,225,328.08,0.9889,0.5815,0.216564,23,2,96,277.15,0.9911,0.1350,0.010700,4.391
748302,520,385,905,251,51,69,22.73,0.9775,0.5865,0.233102,42,12,83,295.90,0.8519,0.1509,0.013797,4.438
748306,520,356,876,238,10,244,326.99,0.9967,0.6179,0.249285,6,52,15,146.19,0.9751,0.1830,0.025291,3.975
748324,520,446,966,172,60,244,307.95,0.9360,0.5395,0.185348,7,17,38,262.94,0.6140,0.0833,0.005860,4.213
748334,520,468,988,172,30,243,309.54,0.9678,0.5157,0.161711,6,0,34,283.03,1.0000,0.0430,0.001542,4.108
748338,520,394,914,210,31,255,317.59,1.0000,0.5856,0.219033,53,7,54,327.13,0.7877,0.1367,0.011753,4.357
748339,520,408,928,242,46,92,14.59,0.9353,0.5692,0.216072,61,6,9,23.67,0.8995,0.1322,0.011422,4.332
748344,520,466,986,225,15,101,6.86,0.9740,0.5210,0.172916,6,9,12,244.06,0.1804,0.0504,0.002606,4.237
748351,520,412,932,252,19,8,29.45,0.9951,0.5662,0.211825,35,21,29,344.31,0.2913,0.1152,0.009824,4.377
748352,520,366,886,182,106,245,306.92,0.8821,0.6149,0.268464,14,43,62,240.60,0.6344,0.1744,0.021688,4.442
748355,520,477,997,179,68,174,329.53,0.7356,0.5084,0.167752,1,0,15,275.86,1.0000,0.0213,0.000409,4.320
748360,520,323,843,241,79,217,334.40,0.9247,0.6471,0.293051,57,48,17,93.21,0.6227,0.2106,0.030243,4.275
748362,520,243,763,218,151,224,323.86,0.6892,0.7280,0.424217,31,78,24,141.17,0.9284,0.2833,0.058058,4.389
748376,520,446,966,233,10,118,2.16,0.9852,0.5417,0.188518,36,0,23,345.43,1.0000,0.0765,0.004370,4.387
748377,520,372,892,242,53,185,343.55,0.9267,0.6083,0.249292,25,19,109,274.10,0.9401,0.1730,0.017764,4.417
748390,520,328,848,240,91,190,343.23,0.8714,0.6456,0.297278,88,25,18,29.63,0.8044,0.2145,0.028140,4.444
748403,520,439,959,234,12,124,0.34,0.9825,0.5463,0.192136,1,8,66,264.92,0.9745,0.0891,0.005734,4.344
748407,520,398,918,241,50,129,1.97,0.9102,0.5807,0.225701,44,29,4,77.38,0.7885,0.1405,0.014230,4.292
748419,520,468,988,203,64,109,4.84,0.7586,0.5152,0.174695,22,0,1,22.88,1.0000,0.0436,0.001728,4.344
748428,520,447,967,190,9,242,315.35,0.9932,0.5355,0.175546,12,19,22,226.05,0.2095,0.0827,0.006018,4.026
748452,520,455,975,219,63,26,34.00,0.9516,0.5293,0.186923,17,2,36,300.10,0.8662,0.0601,0.002900,4.479
748454,520,419,939,243,42,14,30.98,0.9887,0.5586,0.207457,33,16,39,316.77,0.5089,0.1073,0.008404,4.408
748468,520,406,926,215,44,225,325.60,0.9460,0.5785,0.216867,4,13,88,266.18,0.9733,0.1258,0.010182,4.434
748497,520,425,945,242,18,115,4.97,0.9793,0.5613,0.205510,48,6,19,6.43,0.7619,0.1075,0.008057,4.401
748499,520,450,970,216,27,177,339.18,0.9408,0.5406,0.185594,23,5,36,308.17,0.7428,0.0731,0.004181,4.348
748505,520,420,940,231,67,39,32.19,0.9356,0.5582,0.211526,22,19,56,282.52,0.6486,0.1131,0.009218,4.416
748512,520,337,857,244,107,67,36.91,0.9068,0.6393,0.301568,1,54,54,194.79,0.9781,0.2002,0.029110,4.444
748523,520,221,741,224,166,172,11.89,0.4672,0.7453,0.460997,31,82,47,151.25,0.8164,0.3010,0.065309,4.432
748526,520,401,921,207,91,171,341.15,0.6944,0.5834,0.236896,51,24,17,35.47,0.5069,0.1423,0.013976,4.484
748537,520,461,981,207,31,181,335.66,0.9201,0.5282,0.175836,10,8,3,93.78,0.3874,0.0487,0.002448,4.306
748541,520,348,868,214,83,247,318.88,0.9522,0.6279,0.271997,22,33,100,269.93,0.8514,0.1854,0.021783,4.486
748545,520,440,960,230,1,152,350.01,0.9983,0.5473,0.191145,14,20,19,184.05,0.1547,0.0857,0.006407,4.275
748551,520,458,978,170,55,240,308.47,0.9235,0.5283,0.175705,15,10,0,92.53,1.0000,0.0571,0.003186,4.244
748556,520,323,843,255,75,174,351.13,1.0000,0.6459,0.293515,7,41,116,262.79,0.9465,0.2140,0.028918,4.353
748567,520,414,934,192,91,186,329.70,0.6870,0.5680,0.222352,35,26,3,88.41,0.8016,0.1202,0.011027,4.463
748576,520,284,804,209,127,249,313.65,0.9248,0.6863,0.355747,59,61,12,111.76,0.8093,0.2496,0.042939,4.366
748580,520,448,968,225,60,48,28.83,0.9154,0.5398,0.194554,36,2,28,338.73,0.8069,0.0826,0.005024,4.445
748586,520,454,974,218,51,117,2.34,0.8457,0.5329,0.185599,8,10,36,275.19,0.6803,0.0676,0.003961,4.366
748590,520,204,724,248,153,214,341.65,0.9018,0.7651,0.475961,8,86,68,171.67,0.9541,0.3136,0.071242,4.338
748602,520,410,930,235,26,155,350.58,0.9585,0.5653,0.207705,1,18,83,263.90,0.9835,0.1260,0.010635,4.250
748606,520,330,850,253,64,197,342.79,0.9846,0.6427,0.285839,70,22,84,317.66,0.7344,0.2064,0.025161,4.468
748607,520,443,963,156,89,222,304.31,0.7788,0.5384,0.194870,35,5,4,27.06,0.8006,0.0773,0.004747,4.473
748670,520,334,854,247,73,189,344.26,0.9347,0.6366,0.282164,88,9,38,5.99,0.8468,0.2019,0.024104,4.482
748673,520,432,952,207,57,188,333.71,0.8454,0.5514,0.198244,26,21,26,326.02,0.1479,0.1026,0.008305,4.258
748678,520,295,815,254,106,157,1.40,0.9765,0.6755,0.338164,35,61,49,163.46,0.4115,0.2359,0.039165,4.353
748696,520,440,960,237,1,126,359.98,0.9986,0.5508,0.195357,21,13,42,292.88,0.6078,0.0891,0.006144,4.370
748697,520,469,989,164,51,240,306.77,0.9271,0.5161,0.165521,12,2,3,12.33,0.5771,0.0356,0.001282,4.203
748698,520,400,920,186,80,238,312.46,0.8881,0.5774,0.223505,0,19,90,263.52,1.0011,0.1359,0.012038,4.409
748721,520,296,816,246,97,222,334.51,0.9464,0.6787,0.334188,45,61,6,125.19,0.9237,0.2351,0.039085,4.313
748726,520,423,943,218,69,141,354.67,0.7842,0.5600,0.210871,41,5,54,315.17,0.8237,0.1137,0.008464,4.462
748731,520,437,957,238,42,18,30.72,0.9831,0.5484,0.198800,42,1,32,339.78,0.8787,0.0942,0.006183,4.428
748747,520,63,583,244,225,242,329.12,0.6257,0.9184,0.794948,53,120,29,138.88,0.9555,0.4324,0.142781,4.383
748749,520,452,972,199,25,209,325.58,0.9574,0.5296,0.174425,23,6,23,327.39,0.5807,0.0668,0.003743,4.176
748765,520,456,976,229,26,97,9.46,0.9556,0.5323,0.182628,18,10,9,27.14,0.2359,0.0630,0.003654,4.336
748771,520,448,968,227,20,136,355.06,0.9604,0.5391,0.186116,16,2,57,283.81,0.9600,0.0796,0.004490,4.333
748798,520,442,962,230,48,48,26.74,0.9433,0.5388,0.191533,8,10,55,272.26,0.8948,0.0847,0.005445,4.356
748803,520,410,930,245,50,38,29.11,0.9625,0.5699,0.218371,45,15,46,326.28,0.6242,0.1278,0.010969,4.402
748806,520,448,968,218,28,170,341.87,0.9360,0.5409,0.186406,26,9,29,321.45,0.5552,0.0795,0.005037,4.295
748814,520,280,800,254,124,94,34.27,0.9844,0.6875,0.362974,29,66,51,164.95,0.5873,0.2489,0.043965,4.395
748825,520,444,964,229,52,56,25.37,0.9285,0.5412,0.194024,3,14,40,261.82,0.8141,0.0752,0.004866,4.448
748837,520,463,983,224,47,63,22.39,0.9237,0.5279,0.182420,5,5,30,276.61,0.7762,0.0504,0.002345,4.440
748860,520,480,1000,169,62,213,314.10,0.8381,0.5122,0.166852,0,0,0,0.00,0.0000,0.0000,0.000000,4.337
748870,520,397,917,195,77,230,317.55,0.8676,0.5809,0.226243,55,4,58,325.65,0.8450,0.1399,0.012047,4.452
748881,520,414,934,214,11,235,323.26,0.9929,0.5703,0.205356,8,33,20,157.98,0.7471,0.1207,0.011898,4.125
748901,520,475,995,185,39,217,319.25,0.9236,0.5196,0.167764,5,0,12,307.62,1.0000,0.0252,0.000588,4.305
748907,520,476,996,214,44,69,19.29,0.9056,0.5061,0.165297,1,2,6,265.10,0.5131,0.0236,0.000630,4.252
748911,520,455,975,228,22,93,10.46,0.9647,0.5275,0.178610,12,9,20,296.05,0.3525,0.0589,0.003240,4.294
748917,520,428,948,206,29,237,320.56,0.9740,0.5641,0.201167,18,1,70,280.79,0.9888,0.0952,0.005925,4.491
748918,520,289,809,255,72,239,331.89,1.0000,0.6759,0.321298,93,19,74,340.40,0.7608,0.2379,0.032877,4.480
748945,520,480,1000,159,26,254,303.45,0.9953,0.5050,0.152660,0,0,0,0.00,0.0000,0.0000,0.000000,4.053
748955,520,465,985,220,48,75,18.37,0.8995,0.5228,0.178402,15,0,31,303.87,1.0000,0.0495,0.002005,4.392
748979,520,477,997,214,44,83,14.23,0.8875,0.5092,0.167245,1,1,8,277.00,0.7555,0.0209,0.000457,4.306
748989,520,395,915,251,34,139,359.28,0.9674,0.5938,0.235209,40,29,20,60.63,0.2951,0.1380,0.013804,4.470
748990,520,446,966,153,81,242,300.02,0.8954,0.5383,0.190683,25,2,47,302.41,0.9048,0.0795,0.004553,4.412
748991,520,315,835,206,122,220,321.72,0.7300,0.6573,0.322094,5,62,32,154.03,0.9730,0.2208,0.035816,4.336
748999,520,461,981,187,26,229,317.22,0.9669,0.5252,0.169620,1,11,18,232.15,0.7674,0.0529,0.002895,4.152
749008,520,463,983,179,25,248,310.69,0.9788,0.5284,0.170573,10,4,26,293.76,0.6990,0.0498,0.002259,4.221
749025,520,430,950,234,22,129,358.95,0.9639,0.5511,0.196542,7,18,58,266.89,0.8496,0.1021,0.007832,4.263
749026,520,328,848,242,60,248,326.67,0.9766,0.6502,0.288889,10,51,84,247.73,0.7880,0.2117,0.030721,4.198
749032,520,419,939,191,79,209,321.89,0.7948,0.5633,0.212731,53,3,11,17.42,0.9031,0.1115,0.008463,4.494
749036,520,461,981,176,32,254,308.38,0.9949,0.5327,0.174198,13,7,12,331.93,0.2619,0.0523,0.002641,4.259
749047,520,387,907,178,105,215,313.16,0.7098,0.5883,0.244752,23,36,55,257.77,0.4091,0.1550,0.017197,4.386
749048,520,460,980,222,49,77,18.01,0.8989,0.5281,0.182647,8,13,12,181.93,0.1700,0.0611,0.003660,4.336
749058,520,478,998,218,20,107,3.68,0.9533,0.5101,0.164699,0,1,12,262.93,1.0003,0.0216,0.000482,4.253
749072,520,458,978,216,34,149,348.55,0.9014,0.5296,0.179153,26,4,17,345.74,0.6532,0.0644,0.003469,4.286
749088,520,352,872,233,74,201,337.02,0.8811,0.6198,0.264408,77,21,35,8.96,0.6867,0.1905,0.022357,4.345
749096,520,405,925,242,8,177,345.05,0.9927,0.5843,0.222284,13,19,81,270.28,0.9120,0.1315,0.011453,4.431
749112,520,352,872,242,59,206,337.49,0.9342,0.6240,0.264643,1,52,32,160.84,0.9898,0.1850,0.025666,4.158
749115,520,442,962,219,30,154,347.40,0.9228,0.5356,0.183242,25,7,32,315.62,0.6448,0.0765,0.004629,4.270
749126,520,469,989,197,62,157,341.85,0.7671,0.5221,0.177517,6,7,6,145.36,0.0751,0.0437,0.002038,4.372
749131,520,410,930,248,40,0,31.53,1.0000,0.5673,0.214776,11,34,24,163.04,0.6203,0.1266,0.012811,4.215
749147,520,395,915,210,67,223,324.32,0.8912,0.5881,0.230454,45,27,16,51.87,0.4343,0.1392,0.013792,4.396
749155,520,357,877,228,113,38,48.76,0.8994,0.6198,0.284467,5,48,58,217.57,0.8532,0.1841,0.024515,4.489
749157,520,272,792,254,93,243,330.62,0.9958,0.6979,0.353734,78,55,38,57.33,0.3711,0.2617,0.044922,4.253
749164,520,371,891,233,45,220,331.44,0.9566,0.6066,0.243703,34,4,111,280.91,0.9826,0.1674,0.015745,4.467
749170,520,474,994,210,52,131,355.05,0.8180,0.5237,0.177985,4,1,16,292.19,0.8206,0.0295,0.000849,4.484
749180,520,468,988,198,5,204,326.74,0.9915,0.5182,0.164757,13,3,7,350.77,0.4923,0.0410,0.001660,4.157
749192,520,297,817,192,140,223,312.15,0.6491,0.6752,0.352910,37,65,16,134.36,0.8875,0.2426,0.042112,4.374
749214,520,464,984,219,46,81,15.84,0.8956,0.5204,0.176108,10,3,24,297.75,0.7263,0.0462,0.001956,4.352
749219,520,431,951,224,68,39,32.69,0.9242,0.5458,0.201307,47,7,0,37.04,1.0000,0.1025,0.007564,4.366
749233,520,451,971,197,4,229,320.26,0.9961,0.5353,0.176159,35,0,20,348.93,1.0000,0.0733,0.004079,4.182
749249,520,471,991,210,71,2,39.40,0.9949,0.5206,0.182148,3,8,0,130.75,1.0000,0.0411,0.001930,4.470
749275,520,39,559,252,233,251,327.42,0.9321,0.9468,0.859388,14,128,59,149.94,0.9863,0.4509,0.158468,4.362
749286,520,431,951,230,37,128,359.28,0.9191,0.5500,0.197075,8,24,34,237.93,0.5148,0.0994,0.008204,4.245
749326,520,348,868,255,63,161,354.59,1.0000,0.6294,0.273917,53,35,60,316.20,0.3914,0.1872,0.022852,4.446
749332,520,341,861,241,57,214,335.00,0.9431,0.6252,0.264849,0,54,56,198.81,1.0000,0.2008,0.029237,3.973
749345,520,370,890,207,101,191,333.35,0.6979,0.6085,0.263360,7,39,76,254.87,0.8182,0.1704,0.020179,4.465
749349,520,476,996,106,88,251,281.24,0.9692,0.5078,0.170082,3,1,7,302.32,0.6483,0.0233,0.000564,4.353
749354,520,416,936,196,59,244,315.36,0.9430,0.5737,0.213967,7,3,95,267.85,0.9944,0.1244,0.009364,4.447
749358,520,401,921,233,68,137,359.41,0.8368,0.5846,0.232668,31,27,53,289.26,0.4397,0.1375,0.013322,4.464
749371,520,371,891,229,22,254,322.63,0.9964,0.6126,0.243899,55,11,88,304.91,0.8583,0.1734,0.017562,4.350
749381,520,419,939,248,16,78,17.22,0.9890,0.5639,0.208807,8,19,62,267.39,0.8563,0.1086,0.008651,4.413
749393,520,341,861,243,78,188,343.89,0.9036,0.6344,0.281372,12,57,5,141.11,0.9836,0.2012,0.030153,4.134
749400,520,424,944,201,80,182,334.24,0.7442,0.5640,0.215339,6,23,59,262.43,0.8261,0.1138,0.009672,4.447
749403,520,435,955,243,25,54,23.44,0.9824,0.5526,0.200197,2,24,12,158.04,0.9218,0.0869,0.006927,4.395
749405,520,429,949,214,57,158,345.94,0.8230,0.5477,0.196933,2,9,72,265.63,0.9742,0.0986,0.006761,4.350
749410,520,368,888,251,64,109,12.18,0.9620,0.6058,0.252836,1,23,114,264.14,0.9725,0.1740,0.018340,4.431
749417,520,362,882,242,60,179,345.70,0.9075,0.6110,0.253666,83,3,31,8.64,0.9320,0.1835,0.020034,4.336
749425,520,466,986,210,39,151,346.55,0.8714,0.5222,0.173893,23,1,10,354.05,0.8034,0.0508,0.002258,4.284
749429,520,371,891,198,99,227,318.02,0.8138,0.6131,0.264767,15,47,19,146.00,0.8797,0.1700,0.021815,4.383
749434,520,385,905,218,49,228,325.57,0.9434,0.5890,0.227055,64,14,28,7.70,0.7141,0.1526,0.014881,4.270
749437,520,342,862,249,47,210,337.84,0.9674,0.6301,0.268290,56,34,53,331.62,0.3662,0.1853,0.022419,4.395
749443,520,386,906,179,85,252,306.62,0.9694,0.5850,0.231097,53,4,77,310.45,0.9115,0.1528,0.013796,4.406
749474,520,464,984,198,53,158,341.34,0.8020,0.5150,0.170224,21,2,7,2.03,0.7144,0.0491,0.002182,4.220
749488,520,459,979,158,83,224,305.42,0.8052,0.5331,0.188379,29,2,6,13.01,0.8096,0.0616,0.003178,4.483
749494,520,394,914,220,9,248,321.84,0.9961,0.5899,0.221904,58,10,42,344.25,0.7332,0.1420,0.012839,4.327
749526,520,448,968,235,34,35,27.65,0.9731,0.5382,0.189307,43,1,0,30.50,1.0000,0.0849,0.005354,4.323
749538,520,452,972,162,60,250,303.49,0.9670,0.5309,0.178158,23,2,36,310.09,0.8489,0.0675,0.003530,4.262
749540,520,474,994,211,68,12,37.58,0.9739,0.5190,0.180120,1,3,18,266.42,0.8428,0.0331,0.001152,4.499
749544,520,369,889,247,27,204,338.79,0.9815,0.6132,0.249208,60,18,68,320.88,0.7128,0.1722,0.018107,4.393
749550,520,413,933,198,64,222,321.11,0.8800,0.5654,0.209480,31,21,49,298.44,0.5087,0.1213,0.010494,4.289
749556,520,467,987,205,40,169,339.05,0.8725,0.5230,0.173633,8,6,11,304.74,0.2352,0.0449,0.002060,4.296
749579,520,471,991,179,31,240,312.26,0.9651,0.5242,0.168560,3,2,28,275.67,0.9152,0.0398,0.001466,4.247
749597,520,375,895,185,95,243,309.68,0.8900,0.6003,0.249706,24,33,69,270.51,0.5822,0.1578,0.017115,4.466
749602,520,469,989,199,38,190,330.78,0.8975,0.5236,0.172478,8,1,28,291.81,0.9083,0.0423,0.001572,4.314
749621,520,437,957,237,27,114,4.89,0.9587,0.5541,0.200064,2,2,75,265.92,0.9951,0.0920,0.005643,4.494
749638,520,460,980,175,26,254,308.26,0.9951,0.5283,0.170094,1,1,50,266.09,0.9945,0.0574,0.002584,4.186
749639,520,454,974,212,37,153,346.27,0.8842,0.5257,0.176224,22,0,48,298.53,1.0000,0.0731,0.003840,4.202
749642,520,341,861,239,24,255,324.74,1.0000,0.6308,0.262266,47,39,78,291.13,0.4883,0.2008,0.026054,4.106
749670,520,385,905,248,53,95,15.08,0.9501,0.5871,0.233324,63,18,2,40.15,0.9205,0.1509,0.014939,4.363
749671,520,295,815,239,123,161,0.64,0.7572,0.6796,0.350923,3,67,32,152.54,0.9880,0.2376,0.041378,4.388
749673,520,436,956,200,41,226,321.32,0.9410,0.5524,0.193578,11,25,4,135.42,0.8582,0.0938,0.007752,4.218
749676,520,342,862,247,18,229,332.47,0.9930,0.6254,0.258669,59,5,102,302.05,0.9449,0.1888,0.019977,4.411
749694,520,332,852,240,63,239,328.30,0.9564,0.6435,0.283149,81,25,14,33.05,0.7986,0.1997,0.024766,4.456
749700,520,328,848,229,73,255,321.53,1.0000,0.6454,0.286452,0,27,134,263.93,1.0032,0.2067,0.025049,4.483
749701,520,432,952,235,49,3,32.82,0.9969,0.5469,0.198685,25,22,0,103.01,1.0000,0.0969,0.007805,4.302
749712,520,470,990,218,25,118,359.84,0.9349,0.5160,0.169113,1,6,10,230.80,0.6337,0.0375,0.001586,4.248
749718,520,416,936,250,27,92,13.89,0.9764,0.5748,0.218842,33,22,45,305.06,0.4405,0.1232,0.010866,4.417
749724,520,219,739,250,158,131,37.12,0.8697,0.7512,0.464189,27,83,43,149.77,0.8901,0.3016,0.065937,4.435
749733,520,407,927,192,65,233,316.47,0.8952,0.5651,0.208715,43,16,44,326.05,0.5862,0.1250,0.010661,4.265
749745,520,363,883,228,42,239,325.56,0.9699,0.6089,0.243842,40,21,93,287.85,0.8124,0.1711,0.017777,4.335
749751,520,427,947,221,0,204,332.67,1.0000,0.5588,0.197341,37,2,49,315.80,0.8884,0.0989,0.006585,4.371
749764,520,448,968,188,20,249,313.14,0.9857,0.5414,0.180324,27,1,42,310.25,0.9264,0.0761,0.004219,4.248
749781,520,421,941,191,89,181,331.28,0.6807,0.5607,0.215587,14,21,58,271.03,0.7140,0.1128,0.009351,4.475
749783,520,397,917,240,55,115,7.37,0.8990,0.5783,0.224986,39,20,62,301.72,0.6465,0.1391,0.012795,4.379
749792,520,438,958,210,12,214,327.31,0.9867,0.5482,0.188216,33,4,39,320.46,0.7836,0.0878,0.005567,4.287
749801,520,328,848,234,94,208,335.56,0.8652,0.6487,0.300543,21,58,13,140.35,0.9439,0.2092,0.032145,4.267
749807,520,282,802,229,133,190,344.44,0.6934,0.6936,0.371527,21,70,37,151.01,0.8854,0.2543,0.046731,4.358
749827,520,404,924,200,80,212,323.97,0.8151,0.5801,0.227716,23,21,72,278.42,0.7639,0.1327,0.011863,4.489
749833,520,326,846,244,93,178,348.82,0.8803,0.6493,0.302790,76,35,37,18.24,0.4940,0.2131,0.028723,4.481
749841,520,411,931,248,21,106,8.94,0.9803,0.5719,0.215369,14,10,82,272.70,0.9559,0.1194,0.009196,4.483
749844,520,438,958,220,47,160,346.23,0.8726,0.5512,0.197892,34,3,46,314.73,0.8445,0.0931,0.006025,4.425
749847,520,454,974,235,24,5,30.01,0.9956,0.5316,0.183296,17,8,28,302.85,0.5526,0.0663,0.003767,4.339
749852,520,462,982,236,18,11,29.24,0.9909,0.5317,0.182929,13,2,29,300.03,0.8262,0.0503,0.002177,4.464
749859,520,446,966,232,25,88,12.88,0.9646,0.5358,0.185587,1,13,54,263.09,0.9633,0.0843,0.005606,4.237
749860,520,476,996,182,11,227,316.47,0.9873,0.5102,0.157317,6,0,8,321.50,1.0000,0.0244,0.000563,4.100
749863,520,426,946,215,18,218,327.56,0.9822,0.5614,0.199437,18,15,63,278.47,0.8049,0.1084,0.008291,4.279
749866,520,390,910,250,37,134,0.91,0.9597,0.5916,0.233718,7,43,24,156.04,0.8998,0.1543,0.018388,4.149
749878,520,375,895,193,120,136,5.74,0.4399,0.5988,0.265493,4,47,2,141.99,0.9920,0.1630,0.020631,4.467
749898,520,388,908,220,22,239,323.77,0.9865,0.5864,0.220236,35,36,2,111.26,0.9106,0.1478,0.016235,4.080
749905,520,415,935,204,9,254,316.52,0.9958,0.5683,0.201901,10,4,88,270.07,0.9889,0.1174,0.008559,4.302
749909,520,14,534,242,252,238,136.59,0.6999,0.9765,0.946709,41,130,94,162.47,0.8405,0.4718,0.172441,4.481
749937,520,438,958,220,40,166,343.94,0.8996,0.5492,0.194888,8,9,63,271.41,0.9371,0.0917,0.006058,4.368
749955,520,268,788,197,150,211,318.33,0.5281,0.6953,0.383869,12,72,22,145.45,0.9747,0.2554,0.047706,4.441
749962,520,391,911,181,114,174,330.60,0.5015,0.5861,0.249153,29,38,1,122.29,0.9655,0.1476,0.016496,4.499
749963,520,458,978,218,63,38,31.89,0.9219,0.5283,0.186029,23,5,18,338.70,0.5815,0.0625,0.003344,4.425
749965,520,438,958,204,75,162,342.77,0.7384,0.5522,0.204800,13,22,27,233.08,0.2692,0.0936,0.007385,4.440
749970,520,436,956,193,78,180,332.27,0.7305,0.5475,0.200830,38,9,22,355.06,0.6075,0.0946,0.006654,4.427
749974,520,410,930,220,14,223,327.59,0.9892,0.5726,0.208596,48,18,29,358.68,0.5139,0.1292,0.011498,4.205
749985,520,358,878,196,121,170,341.05,0.5013,0.6178,0.283140,0,52,0,142.50,1.0000,0.1790,0.024559,4.468
749993,520,401,921,217,9,242,322.43,0.9953,0.5803,0.213599,50,1,71,312.11,0.9682,0.1389,0.011548,4.283
749999,520,259,779,247,136,164,4.79,0.8131,0.7149,0.400654,12,73,57,170.52,0.9020,0.2674,0.051384,4.445
750003,520,313,833,255,61,226,335.14,1.0000,0.6592,0.300916,69,43,47,9.40,0.3014,0.2223,0.031983,4.280
750009,520,453,973,234,4,60,20.46,0.9968,0.5283,0.179087,17,12,22,306.98,0.3014,0.0708,0.004400,4.211
750018,520,444,964,222,59,80,18.68,0.8676,0.5381,0.192394,19,19,8,108.30,0.3801,0.0844,0.006217,4.312
750032,520,455,975,209,60,123,359.12,0.7876,0.5267,0.182193,10,8,31,283.48,0.6234,0.0617,0.003371,4.351
750038,520,376,896,231,52,203,335.57,0.9259,0.5977,0.237593,11,46,7,141.54,0.9630,0.1629,0.020404,4.085
750063,520,360,880,203,116,181,337.13,0.5871,0.6231,0.285249,10,52,4,141.09,0.9845,0.1829,0.025292,4.453
750065,520,412,932,220,1,226,326.91,0.9993,0.5721,0.207305,34,1,74,295.23,0.9807,0.1179,0.008562,4.394
750068,520,427,947,191,51,248,313.35,0.9633,0.5626,0.202225,37,14,30,340.02,0.5031,0.1046,0.008012,4.348
750091,520,445,965,205,41,199,329.84,0.9089,0.5419,0.186904,4,21,24,209.67,0.6172,0.0836,0.006281,4.209
750118,520,463,983,225,2,131,355.94,0.9959,0.5284,0.176924,21,2,6,5.73,0.7192,0.0487,0.002160,4.351
750120,520,409,929,241,51,66,23.03,0.9408,0.5660,0.214651,15,4,98,271.52,0.9898,0.1341,0.010702,4.360
750132,520,350,870,251,11,233,332.40,0.9967,0.6336,0.266349,46,38,66,296.24,0.3888,0.1891,0.023604,4.298
750166,520,459,979,203,14,212,325.97,0.9816,0.5349,0.177659,17,4,36,298.31,0.7863,0.0641,0.003334,4.269
750201,520,478,998,170,78,176,325.12,0.6804,0.5094,0.171304,2,0,12,289.00,1.0000,0.0208,0.000394,4.391
750207,520,322,842,222,96,237,323.30,0.9049,0.6495,0.300116,20,54,53,192.70,0.5755,0.2064,0.030440,4.353
750216,520,397,917,248,12,148,355.14,0.9892,0.5837,0.223609,13,11,97,270.10,0.9738,0.1395,0.011879,4.422
750249,520,362,882,242,49,187,342.82,0.9360,0.6065,0.246647,46,37,45,329.73,0.1697,0.1751,0.020935,4.182
750259,520,460,980,216,67,7,37.26,0.9863,0.5273,0.186311,11,14,4,120.99,0.4965,0.0636,0.003940,4.381
750263,520,417,937,226,57,152,351.10,0.8519,0.5669,0.213646,3,35,7,145.64,0.9761,0.1220,0.012367,4.227
750271,520,467,987,201,33,178,334.97,0.9016,0.5165,0.167215,1,8,15,237.62,0.7118,0.0447,0.002146,4.166
750278,520,362,882,171,132,174,324.03,0.3532,0.6104,0.282170,17,47,54,215.30,0.5658,0.1834,0.024184,4.478
750286,520,394,914,255,28,112,8.35,1.0000,0.5905,0.232641,52,24,16,36.81,0.5329,0.1438,0.014208,4.402
750287,520,246,766,237,138,224,331.96,0.8649,0.7283,0.415652,36,73,61,170.46,0.5092,0.2787,0.054769,4.445
750302,520,362,882,226,70,210,332.40,0.8886,0.6090,0.252045,65,15,78,318.37,0.7802,0.1847,0.020157,4.305
750308,520,471,991,171,52,237,309.62,0.9187,0.5245,0.172292,0,4,27,261.83,1.0000,0.0409,0.001660,4.303
750315,520,404,924,233,27,186,340.62,0.9650,0.5773,0.216554,52,18,25,9.43,0.5573,0.1348,0.012330,4.277
750321,520,290,810,225,104,255,319.21,1.0000,0.6758,0.331299,4,65,57,181.07,0.9513,0.2388,0.041016,4.189
750326,520,402,922,245,50,97,13.73,0.9329,0.5793,0.225601,48,24,0,63.51,1.0000,0.1343,0.012817,4.387
750348,520,379,899,233,63,182,342.72,0.8807,0.5990,0.242587,12,44,23,152.03,0.8385,0.1594,0.019413,4.215
750357,520,306,826,255,80,219,337.31,1.0000,0.6723,0.321149,40,62,14,130.82,0.8635,0.2349,0.039280,4.157
750363,520,455,975,212,9,188,334.82,0.9841,0.5338,0.178254,26,2,17,344.16,0.7562,0.0604,0.003035,4.304
750369,520,473,993,201,4,192,330.81,0.9916,0.5150,0.163120,2,0,21,278.52,1.0000,0.0273,0.000670,4.206
750373,520,362,882,247,51,163,351.54,0.9355,0.6059,0.247894,6,36,99,262.36,0.9348,0.1840,0.022012,4.137
750382,520,363,883,228,101,99,23.30,0.7644,0.6084,0.267047,24,45,4,132.89,0.9481,0.1663,0.020797,4.478
750383,520,402,922,246,56,13,32.86,0.9895,0.5755,0.224537,54,14,2,39.13,0.9023,0.1268,0.011029,4.498
750390,520,469,989,206,53,127,355.86,0.8045,0.5155,0.172025,2,8,11,221.61,0.4961,0.0440,0.002107,4.261
750392,520,125,645,190,219,221,201.69,0.2855,0.8496,0.668299,9,109,43,148.11,0.9903,0.3845,0.111693,4.442
750393,520,436,956,239,37,30,28.76,0.9731,0.5479,0.197709,37,4,36,329.26,0.7720,0.0923,0.006076,4.417
750395,520,419,939,183,77,228,314.09,0.8494,0.5620,0.209775,7,26,46,251.61,0.6550,0.1118,0.009812,4.343
750397,520,399,919,255,28,48,25.34,1.0000,0.5784,0.223077,25,18,86,278.30,0.8726,0.1439,0.013111,4.327
750413,520,420,940,201,82,160,343.26,0.6978,0.5556,0.209919,18,6,80,276.70,0.9618,0.1147,0.008380,4.452
750438,520,354,874,242,14,229,331.35,0.9942,0.6156,0.248513,30,42,61,259.37,0.3537,0.1808,0.022688,4.107
750442,520,458,978,238,4,44,24.34,0.9976,0.5348,0.184491,13,3,33,294.68,0.8118,0.0555,0.002605,4.458
750448,520,328,848,242,107,124,14.76,0.8253,0.6472,0.308507,24,58,29,146.96,0.7786,0.2136,0.033089,4.315
750456,520,460,980,214,67,51,29.81,0.8775,0.5267,0.185519,18,1,41,297.89,0.9405,0.0636,0.003104,4.435
750481,520,375,895,223,38,236,325.06,0.9698,0.5961,0.231325,42,14,90,292.40,0.8591,0.1607,0.015445,4.299
750490,520,322,842,255,70,184,347.51,1.0000,0.6454,0.291043,64,45,16,75.35,0.6402,0.2120,0.030043,4.261
750495,520,313,833,238,78,241,327.14,0.9488,0.6553,0.299792,54,48,52,337.95,0.0869,0.2166,0.031461,4.294
750504,520,477,997,129,80,245,290.99,0.9222,0.5116,0.169969,1,0,17,274.34,1.0000,0.0228,0.000469,4.358
750517,520,438,958,145,93,248,294.45,0.9202,0.5522,0.206258,4,19,49,261.07,0.8203,0.0945,0.007133,4.485
750545,520,479,999,207,18,159,342.50,0.9473,0.5099,0.162034,0,0,8,264.05,1.0000,0.0143,0.000175,4.226
750559,520,238,758,221,143,251,316.11,0.9498,0.7303,0.419833,16,78,5,141.17,0.9916,0.2756,0.055697,4.445
750561,520,398,918,254,21,75,18.78,0.9945,0.5775,0.221189,22,36,31,170.26,0.2942,0.1422,0.015312,4.152
750566,520,417,937,249,8,120,4.19,0.9930,0.5748,0.216730,20,30,13,133.39,0.5093,0.1172,0.011063,4.368
750599,520,346,866,253,6,220,335.93,0.9979,0.6283,0.261835,50,9,107,292.96,0.9305,0.1851,0.019350,4.497
750612,520,440,960,223,56,128,359.52,0.8410,0.5509,0.200774,7,21,38,253.99,0.5829,0.0932,0.007214,4.383
750616,520,366,886,244,88,11,40.04,0.9886,0.6073,0.262399,40,35,57,293.97,0.3371,0.1693,0.019486,4.496
750630,520,361,881,247,86,101,18.82,0.9197,0.6206,0.273726,20,47,35,163.06,0.5615,0.1769,0.023030,4.433
750645,520,474,994,198,37,184,332.29,0.8910,0.5173,0.167914,11,0,10,330.70,1.0000,0.0316,0.000931,4.279
750655,520,341,861,143,144,212,282.76,0.5282,0.6273,0.305393,11,56,4,141.04,0.9866,0.1972,0.029081,4.494
750656,520,355,875,251,82,108,15.67,0.9543,0.6246,0.276299,17,48,37,167.43,0.6349,0.1792,0.023666,4.429
750657,520,325,845,211,123,198,332.59,0.6450,0.6545,0.320935,20,59,12,140.53,0.9534,0.2120,0.033031,4.467
750660,520,344,864,245,60,213,336.27,0.9471,0.6339,0.274512,11,46,67,239.44,0.7202,0.1854,0.024303,4.367
750671,520,441,961,224,38,140,353.77,0.9029,0.5435,0.191296,29,4,47,306.92,0.8317,0.0882,0.005533,4.345
750672,520,342,862,219,96,215,328.82,0.8223,0.6320,0.283340,12,45,76,250.28,0.7321,0.1891,0.024766,4.458
750676,520,427,947,234,40,114,5.27,0.9226,0.5550,0.202279,18,11,61,280.88,0.8399,0.0998,0.007048,4.422
750678,520,307,827,240,81,247,326.12,0.9690,0.6653,0.311280,82,28,77,331.44,0.6626,0.2303,0.031604,4.427
750680,520,457,977,221,6,154,347.40,0.9872,0.5315,0.178381,14,3,33,296.61,0.8080,0.0565,0.002683,4.335
750710,520,441,961,219,1,182,338.26,0.9983,0.5417,0.184616,44,0,11,10.51,1.0000,0.0880,0.005597,4.220
750726,520,397,917,241,61,100,13.73,0.9009,0.5815,0.229615,50,24,25,18.12,0.4232,0.1428,0.014017,4.368
750733,520,439,959,191,74,197,325.76,0.7804,0.5492,0.200065,17,23,11,130.03,0.3942,0.0940,0.007561,4.344
750742,520,415,935,190,87,202,323.37,0.7447,0.5684,0.220291,15,27,44,257.17,0.4519,0.1177,0.010672,4.455
750747,520,458,978,216,43,128,356.81,0.8656,0.5265,0.178876,7,5,42,276.69,0.8832,0.0623,0.003209,4.301
750751,520,389,909,248,68,44,31.01,0.9666,0.5928,0.242760,5,43,0,140.62,1.0000,0.1492,0.017599,4.331
750754,520,319,839,232,109,179,347.14,0.7638,0.6532,0.313501,12,51,97,255.31,0.8152,0.2225,0.033087,4.375
750758,520,445,965,185,44,236,314.52,0.9393,0.5383,0.181729,14,18,27,265.90,0.2621,0.0840,0.006051,4.134
750776,520,384,904,251,58,18,32.62,0.9864,0.5875,0.235826,3,28,87,262.68,0.9568,0.1518,0.015379,4.372
750793,520,426,946,243,28,65,20.99,0.9766,0.5555,0.202703,14,30,21,158.28,0.4572,0.1150,0.010760,4.159
750802,520,404,924,205,32,253,316.69,0.9909,0.5765,0.211056,32,26,51,293.52,0.4321,0.1349,0.012849,4.154
750859,520,297,817,252,102,180,350.93,0.9536,0.6752,0.334965,1,58,95,244.98,0.9721,0.2379,0.038586,4.346
750863,520,479,999,217,25,115,0.76,0.9340,0.5129,0.166873,1,0,0,29.23,1.0000,0.0090,0.000065,4.332
750878,520,434,954,235,52,15,32.45,0.9844,0.5498,0.201558,32,10,46,309.58,0.6991,0.1007,0.007214,4.397
750885,520,418,938,235,51,101,11.24,0.9030,0.5613,0.209724,16,33,8,136.73,0.8131,0.1226,0.012154,4.179
750889,520,381,901,222,33,245,322.80,0.9795,0.5985,0.232120,51,9,84,303.97,0.8704,0.1615,0.015393,4.314
750894,520,415,935,195,46,255,313.17,1.0000,0.5707,0.207774,34,10,64,298.40,0.8066,0.1189,0.009273,4.349
750895,520,397,917,205,32,255,316.27,1.0000,0.5781,0.212337,12,17,92,269.36,0.9511,0.1407,0.012517,4.196
750901,520,445,965,185,16,255,311.11,1.0000,0.5407,0.179060,22,7,37,303.93,0.6944,0.0761,0.004561,4.198
750915,520,372,892,232,49,218,331.71,0.9478,0.6063,0.244169,55,3,96,302.06,0.9610,0.1746,0.017219,4.376
750920,520,457,977,154,74,246,300.38,0.9307,0.5333,0.184217,2,12,17,225.35,0.6279,0.0557,0.003163,4.406
750926,520,247,767,232,154,114,47.73,0.6652,0.7153,0.414839,34,66,112,257.63,0.6223,0.2849,0.054061,4.467
750927,520,456,976,221,53,62,23.53,0.9058,0.5269,0.182688,22,8,3,47.16,0.5754,0.0622,0.003508,4.349
750935,520,400,920,201,53,248,316.13,0.9647,0.5794,0.217425,42,6,77,300.21,0.8972,0.1381,0.011583,4.342
750936,520,73,593,243,236,53,107.21,0.9741,0.9068,0.793035,15,120,52,148.92,0.9845,0.4235,0.137818,4.489
750942,520,437,957,203,44,216,324.63,0.9234,0.5521,0.194575,2,5,71,266.00,0.9855,0.0913,0.005763,4.386
750977,520,460,980,154,80,235,301.89,0.8603,0.5323,0.186059,7,9,32,274.98,0.6514,0.0620,0.003448,4.417
750982,520,419,939,209,90,99,18.01,0.6825,0.5590,0.217706,7,28,42,240.64,0.6317,0.1148,0.010428,4.430
750983,520,424,944,202,34,239,318.94,0.9670,0.5615,0.199342,45,2,45,328.24,0.8612,0.1095,0.007908,4.306
750987,520,423,943,236,40,110,7.02,0.9282,0.5578,0.204793,16,22,45,270.88,0.5038,0.1063,0.008734,4.338
750988,520,418,938,242,10,123,2.08,0.9889,0.5619,0.205277,13,13,83,271.44,0.9478,0.1241,0.009979,4.256
751005,520,419,939,200,20,254,315.35,0.9955,0.5646,0.199369,1,5,87,264.84,0.9917,0.1123,0.008030,4.297
751007,520,407,927,224,64,146,353.50,0.8211,0.5675,0.215919,35,15,63,298.37,0.7331,0.1263,0.010579,4.390
751015,520,468,988,209,59,112,3.77,0.7941,0.5218,0.178553,12,1,19,313.43,0.8135,0.0402,0.001469,4.441
751021,520,480,1000,164,66,208,313.35,0.8091,0.5058,0.163438,0,0,0,0.00,0.0000,0.0000,0.000000,4.269
751024,520,198,718,252,170,27,73.23,0.9769,0.7658,0.495266,37,84,88,202.82,0.5471,0.3248,0.074383,4.384
751038,520,414,934,228,30,181,340.95,0.9509,0.5666,0.207614,25,3,81,282.98,0.9713,0.1184,0.008659,4.392
751049,520,474,994,223,1,111,2.54,0.9979,0.5167,0.168601,1,0,27,269.66,1.0000,0.0311,0.000856,4.298
751050,520,463,983,212,69,64,26.24,0.8393,0.5272,0.186258,0,10,21,241.81,1.0000,0.0513,0.002712,4.482
751067,520,396,916,243,49,111,8.58,0.9220,0.5782,0.224023,4,38,35,186.51,0.8518,0.1403,0.015333,4.194
751089,520,410,930,229,75,69,26.46,0.8666,0.5676,0.221226,26,31,25,140.44,0.1611,0.1288,0.012698,4.326
751099,520,373,893,253,43,120,6.45,0.9825,0.5965,0.239701,48,12,82,301.87,0.8380,0.1581,0.015006,4.457
751119,520,470,990,201,23,195,329.94,0.9515,0.5225,0.169723,9,1,29,293.09,0.9099,0.0441,0.001685,4.251
751121,520,68,588,250,220,247,329.15,0.9288,0.9151,0.782266,0,120,56,150.95,1.0000,0.4223,0.137178,4.446
751137,520,446,966,196,83,133,355.07,0.6493,0.5371,0.196174,30,11,9,27.28,0.4852,0.0809,0.005351,4.447
751147,520,324,844,251,102,77,31.71,0.9632,0.6451,0.305511,5,58,54,187.01,0.9150,0.2146,0.033246,4.271
751149,520,397,917,237,77,18,37.20,0.9772,0.5802,0.233590,3,38,38,194.91,0.8776,0.1412,0.015455,4.333
751150,520,475,995,211,32,145,348.67,0.8969,0.5169,0.169285,11,1,1,24.44,0.7759,0.0306,0.000951,4.304
751156,520,232,752,248,154,124,38.46,0.8419,0.7391,0.445254,51,78,13,130.04,0.9218,0.2948,0.061815,4.429
751158,520,474,994,226,2,115,1.71,0.9962,0.5245,0.174528,2,0,20,279.36,1.0000,0.0265,0.000634,4.434
751164,520,459,979,181,6,255,310.11,1.0000,0.5323,0.171750,3,3,46,269.88,0.9692,0.0589,0.002817,4.198
751168,520,364,884,230,25,250,323.72,0.9895,0.6123,0.244227,30,43,10,127.97,0.7678,0.1653,0.020257,4.188
751170,520,318,838,251,77,212,338.30,0.9737,0.6589,0.305735,63,47,19,79.51,0.5884,0.2162,0.031369,4.372
751173,520,464,984,220,11,135,353.67,0.9750,0.5220,0.172069,25,1,4,14.11,0.8678,0.0520,0.002372,4.240
751178,520,473,993,190,28,220,320.21,0.9564,0.5239,0.169464,9,2,4,357.28,0.4900,0.0326,0.001103,4.295
751188,520,466,986,125,94,236,288.55,0.8423,0.5228,0.184213,15,2,23,312.36,0.7678,0.0484,0.002068,4.498
751192,520,446,966,236,0,88,12.37,1.0000,0.5372,0.185406,8,5,55,274.23,0.9439,0.0762,0.004360,4.331
751195,520,326,846,237,116,89,33.89,0.8197,0.6459,0.312193,32,54,47,172.17,0.3512,0.2111,0.031506,4.444
751198,520,423,943,226,9,189,337.98,0.9889,0.5606,0.200408,22,29,6,123.73,0.6985,0.1147,0.010624,4.130
751215,520,447,967,201,54,193,330.41,0.8530,0.5414,0.189078,25,11,26,324.59,0.4536,0.0801,0.005206,4.331
751219,520,430,950,232,48,64,22.69,0.9338,0.5451,0.196429,10,7,68,272.74,0.9547,0.0957,0.006338,4.374
751222,520,441,961,184,86,168,334.00,0.6480,0.5385,0.196744,15,15,50,278.06,0.6993,0.0939,0.006735,4.349
751232,520,426,946,188,46,250,312.24,0.9738,0.5559,0.195486,55,1,2,27.23,0.9848,0.1113,0.008385,4.205
751238,520,479,999,144,87,206,303.32,0.7159,0.5082,0.172022,1,0,0,29.23,1.0000,0.0090,0.000065,4.435
751255,520,325,845,196,123,219,317.74,0.6966,0.6456,0.310171,2,60,5,143.33,0.9958,0.2087,0.032554,4.363
751261,520,420,940,222,7,201,333.72,0.9921,0.5601,0.199010,39,16,24,358.96,0.4498,0.1088,0.008679,4.244
751271,520,399,919,249,33,126,3.16,0.9612,0.5849,0.227373,31,29,48,288.23,0.3340,0.1392,0.013834,4.345
751278,520,469,989,222,26,102,6.57,0.9438,0.5193,0.172304,5,4,21,282.66,0.6516,0.0419,0.001732,4.297
751304,520,409,929,182,87,229,312.72,0.8303,0.5747,0.224195,18,35,17,142.94,0.5886,0.1320,0.013711,4.304
751312,520,307,827,247,100,191,345.34,0.9129,0.6691,0.326529,19,54,95,254.44,0.7205,0.2318,0.036028,4.377
751316,520,326,846,247,102,137,8.05,0.8731,0.6517,0.310861,63,47,7,85.55,0.8290,0.2148,0.031052,4.452
751320,520,200,720,249,173,24,76.17,0.9774,0.7680,0.500952,25,89,20,142.07,0.9686,0.3175,0.074017,4.443
751331,520,383,903,244,50,156,353.18,0.9208,0.5966,0.239178,19,39,28,158.68,0.4780,0.1484,0.016733,4.333
751344,520,297,817,252,98,202,342.56,0.9705,0.6795,0.336980,10,55,105,254.78,0.8551,0.2396,0.038166,4.389
751349,520,459,979,212,69,54,29.52,0.8616,0.5257,0.185220,11,0,42,286.73,1.0000,0.0553,0.002383,4.490
751351,520,400,920,247,48,84,17.84,0.9514,0.5789,0.225316,9,26,82,265.77,0.8959,0.1446,0.014060,4.298
751357,520,366,886,253,28,165,351.23,0.9843,0.6055,0.244333,23,45,33,158.94,0.4700,0.1716,0.021687,4.106
751363,520,480,1000,221,24,62,19.87,0.9682,0.5069,0.163760,0,0,0,0.00,0.0000,0.0000,0.000000,4.275
751404,520,377,897,229,25,237,326.41,0.9858,0.6013,0.234701,24,22,99,274.35,0.9033,0.1647,0.016688,4.269
751405,520,353,873,240,50,214,334.71,0.9521,0.6184,0.256643,44,16,107,287.59,0.8945,0.1846,0.019676,4.401
751420,520,444,964,232,44,10,31.74,0.9897,0.5371,0.189822,28,11,9,27.74,0.4461,0.0779,0.005060,4.356
751452,520,401,921,231,49,177,343.33,0.9064,0.5813,0.223626,48,23,17,34.44,0.4790,0.1352,0.012817,4.356
751467,520,348,868,214,89,238,320.86,0.9052,0.6292,0.276156,25,41,81,265.53,0.6153,0.1886,0.023865,4.416
751473,520,411,931,167,86,251,302.65,0.9570,0.5701,0.218366,10,34,20,155.56,0.7087,0.1249,0.012590,4.288
751508,520,421,941,239,22,114,4.97,0.9705,0.5562,0.201427,4,31,24,172.99,0.8251,0.1136,0.010717,4.141
751510,520,144,664,255,174,244,331.52,1.0000,0.8256,0.580656,39,100,40,143.70,0.9131,0.3624,0.096985,4.291
751515,520,456,976,235,8,29,26.92,0.9956,0.5278,0.179278,31,0,6,10.50,1.0000,0.0610,0.003045,4.322
751521,520,451,971,213,70,96,13.70,0.7795,0.5372,0.193733,20,12,4,70.20,0.4864,0.0680,0.004204,4.497
751522,520,469,989,171,35,246,308.44,0.9623,0.5197,0.165146,15,0,23,314.52,1.0000,0.0436,0.001634,4.167
751538,520,444,964,240,18,30,27.30,0.9904,0.5413,0.190550,27,10,33,316.60,0.5750,0.0849,0.005599,4.326
751543,520,468,988,199,26,196,329.10,0.9426,0.5209,0.168682,1,9,4,158.81,0.8437,0.0430,0.002106,4.197
751572,520,478,998,213,30,112,1.40,0.9102,0.5062,0.162470,0,1,3,247.65,1.0000,0.0159,0.000283,4.225
751579,520,343,863,251,62,182,346.85,0.9655,0.6302,0.273351,73,12,76,325.99,0.7984,0.1944,0.022014,4.490
751584,520,466,986,167,83,195,316.93,0.7076,0.5246,0.183430,4,0,42,274.05,1.0000,0.0491,0.001930,4.495
751589,520,365,885,242,18,223,332.79,0.9912,0.6127,0.246404,7,44,57,226.15,0.7784,0.1717,0.021418,4.150
751592,520,389,909,247,18,163,350.40,0.9834,0.5896,0.228544,66,11,16,20.78,0.8214,0.1499,0.014352,4.328
751618,520,458,978,187,33,227,317.54,0.9517,0.5271,0.171999,21,5,15,342.81,0.5378,0.0585,0.003025,4.187
751621,520,378,898,243,20,196,340.01,0.9847,0.5991,0.235436,3,17,113,265.11,0.9808,0.1645,0.016124,4.317
751639,520,409,929,220,20,214,329.82,0.9799,0.5681,0.205732,30,6,79,287.74,0.9268,0.1250,0.009708,4.283
751640,520,456,976,159,69,247,302.37,0.9424,0.5343,0.183430,10,5,41,281.90,0.8406,0.0637,0.003332,4.377
751646,520,287,807,237,107,244,325.56,0.9467,0.6904,0.350537,32,58,80,245.58,0.4653,0.2396,0.039122,4.494
751648,520,410,930,203,103,87,30.53,0.6322,0.5681,0.230870,15,33,42,231.59,0.4413,0.1335,0.013564,4.419
751651,520,319,839,239,82,226,331.35,0.9252,0.6521,0.298788,91,19,43,5.46,0.7599,0.2194,0.028647,4.435
751672,520,465,985,230,22,48,23.96,0.9813,0.5231,0.176133,23,0,8,357.17,1.0000,0.0478,0.001997,4.349
751679,520,464,984,228,25,42,25.39,0.9784,0.5194,0.173594,6,5,21,283.76,0.5833,0.0453,0.002014,4.299
751681,520,313,833,227,114,183,344.49,0.7252,0.6553,0.317865,50,56,7,116.53,0.8681,0.2245,0.035218,4.317
751695,520,406,926,242,67,60,27.35,0.9360,0.5819,0.232211,9,34,43,224.96,0.6192,0.1339,0.013765,4.426
751696,520,392,912,170,94,253,302.40,0.9733,0.5871,0.236438,36,34,43,295.37,0.1578,0.1547,0.016935,4.279
751703,520,448,968,212,66,127,358.89,0.7740,0.5403,0.194280,23,9,35,306.59,0.6184,0.0794,0.004989,4.442
751734,520,342,862,209,107,199,331.04,0.7037,0.6251,0.281958,34,49,26,135.31,0.4917,0.1906,0.026112,4.361
751752,520,381,901,243,68,121,7.34,0.8930,0.5979,0.245726,75,7,5,28.56,0.9459,0.1637,0.016590,4.441
751755,520,355,875,244,63,190,342.81,0.9237,0.6225,0.265088,26,30,97,273.51,0.8288,0.1786,0.020111,4.494
751756,520,381,901,252,50,117,7.91,0.9731,0.5983,0.242646,65,20,0,43.43,1.0000,0.1578,0.016243,4.418
751769,520,366,886,204,72,254,314.87,0.9932,0.6060,0.246292,56,5,92,304.50,0.9299,0.1736,0.017221,4.408
751782,520,434,954,229,24,153,349.87,0.9551,0.5519,0.196140,28,12,52,297.79,0.7132,0.1033,0.007578,4.275
751786,520,360,880,252,75,101,16.86,0.9698,0.6169,0.266707,36,44,29,130.89,0.3060,0.1778,0.022651,4.359
751792,520,479,999,211,16,144,348.55,0.9538,0.5094,0.162354,2,0,0,29.23,1.0000,0.0120,0.000129,4.236
751794,520,407,927,227,38,188,338.75,0.9359,0.5727,0.213505,44,15,53,317.42,0.6657,0.1310,0.011342,4.296
751819,520,317,837,220,104,242,321.01,0.9169,0.6606,0.315288,53,52,26,106.61,0.4626,0.2186,0.032875,4.408
751823,520,398,918,227,61,162,347.99,0.8494,0.5769,0.222796,22,30,51,267.34,0.4184,0.1354,0.013381,4.304
751836,520,461,981,203,65,136,352.62,0.7542,0.5264,0.182567,16,7,0,74.06,1.0000,0.0516,0.002621,4.420
751850,520,401,921,203,52,249,316.50,0.9700,0.5825,0.219935,45,29,3,76.58,0.8329,0.1418,0.014433,4.189
751856,520,389,909,205,56,248,317.15,0.9648,0.5880,0.225863,2,42,38,184.93,0.9407,0.1538,0.018087,4.052
751867,520,480,1000,150,82,208,306.18,0.7436,0.5091,0.170731,0,0,0,0.00,0.0000,0.0000,0.000000,4.415
751875,520,443,963,159,89,217,306.73,0.7583,0.5385,0.195259,8,5,62,272.63,0.9621,0.0842,0.005079,4.453
751877,520,257,777,249,113,239,330.40,0.9716,0.7135,0.381845,30,70,72,199.75,0.5389,0.2705,0.051240,4.266
751893,520,409,929,241,59,41,30.01,0.9486,0.5699,0.219921,12,29,52,256.51,0.5935,0.1267,0.012048,4.350
751913,520,434,954,209,3,221,325.34,0.9970,0.5496,0.188428,27,14,43,302.17,0.5907,0.0985,0.007215,4.167
751926,520,455,975,192,82,126,357.58,0.6367,0.5262,0.187490,15,9,19,311.27,0.3381,0.0614,0.003440,4.444
751934,520,411,931,237,60,99,13.47,0.8879,0.5726,0.221402,44,19,24,8.21,0.4451,0.1226,0.010672,4.473
751935,520,453,973,186,3,248,313.01,0.9979,0.5331,0.172827,22,14,3,78.21,0.6178,0.0745,0.004912,4.058
751937,520,416,936,249,29,52,24.41,0.9817,0.5667,0.212700,40,22,21,23.17,0.3346,0.1216,0.010791,4.321
751939,520,478,998,177,69,182,325.93,0.7452,0.5114,0.169819,0,1,2,233.51,1.0000,0.0151,0.000261,4.374
751941,520,473,993,201,67,112,3.61,0.7386,0.5161,0.176036,0,1,29,264.19,0.9878,0.0346,0.001104,4.423
751943,520,468,988,190,75,143,346.87,0.6788,0.5197,0.179641,20,0,12,343.61,1.0000,0.0446,0.001753,4.437
751963,520,439,959,225,59,108,8.25,0.8459,0.5510,0.202209,39,4,30,339.80,0.7591,0.0923,0.006120,4.494
751987,520,469,989,221,13,120,359.25,0.9719,0.5185,0.170187,7,1,29,288.38,0.9211,0.0421,0.001556,4.271
752004,520,430,950,177,90,195,320.52,0.6894,0.5498,0.206005,36,17,17,20.19,0.3904,0.1037,0.008165,4.401
752013,520,332,852,250,3,244,329.68,0.9992,0.6376,0.269238,30,5,136,273.91,0.9921,0.1995,0.021620,4.457
752023,520,409,929,235,19,169,346.02,0.9751,0.5694,0.209954,43,27,4,73.66,0.7716,0.1341,0.013063,4.122
752024,520,427,947,198,67,210,324.30,0.8445,0.5604,0.206748,17,25,8,129.56,0.5662,0.0990,0.008320,4.402
752059,520,398,918,223,22,226,327.57,0.9832,0.5822,0.217550,45,8,71,306.20,0.8439,0.1387,0.011865,4.325
752060,520,466,986,125,85,250,288.19,0.9545,0.5198,0.177589,14,4,27,301.99,0.7024,0.0543,0.002593,4.327
752086,520,412,932,254,20,29,27.74,0.9964,0.5717,0.216637,2,30,38,219.96,0.8648,0.1157,0.010813,4.385
752111,520,422,942,216,61,169,342.69,0.8258,0.5606,0.208032,17,12,73,276.28,0.9059,0.1135,0.008631,4.401
752120,520,427,947,248,6,72,18.51,0.9962,0.5606,0.205582,10,21,46,264.34,0.6203,0.1005,0.007981,4.408
752135,520,396,916,169,98,238,304.61,0.8393,0.5808,0.233439,16,37,24,155.25,0.5577,0.1389,0.014992,4.361
752155,520,14,534,255,247,244,41.89,1.0000,0.9784,0.943135,27,135,0,141.15,1.0000,0.4708,0.175602,4.402
752157,520,410,930,252,7,59,22.01,0.9966,0.5672,0.211669,35,9,71,295.78,0.8498,0.1259,0.010076,4.356
752171,520,409,929,181,85,226,313.30,0.8217,0.5684,0.218127,38,23,34,336.73,0.3143,0.1259,0.011404,4.367
752182,520,469,989,212,19,159,343.78,0.9498,0.5199,0.169683,3,0,35,274.34,1.0000,0.0409,0.001407,4.273
752195,520,460,980,217,33,138,352.67,0.9041,0.5260,0.176769,0,4,43,263.84,1.0025,0.0552,0.002612,4.310
752203,520,63,583,250,223,238,343.25,0.7792,0.9184,0.792732,48,114,111,191.20,0.6148,0.4312,0.138102,4.480
752207,520,479,999,194,13,200,326.68,0.9752,0.5101,0.159290,2,0,0,29.23,1.0000,0.0120,0.000129,4.175
752213,520,395,915,252,50,57,25.53,0.9851,0.5861,0.232757,40,28,24,39.23,0.2276,0.1366,0.013476,4.455
752230,520,13,533,255,249,228,93.74,1.0000,0.9781,0.946131,9,135,67,151.53,0.9914,0.4746,0.177905,4.371
752235,520,354,874,237,31,245,326.44,0.9860,0.6229,0.255796,34,24,102,279.99,0.8533,0.1796,0.019526,4.398
752254,520,466,986,200,40,181,333.80,0.8791,0.5210,0.171350,13,0,30,301.33,1.0000,0.0465,0.001793,4.274
752258,520,343,863,237,53,243,326.71,0.9668,0.6335,0.270243,51,42,9,93.58,0.7414,0.1852,0.023795,4.340
752270,520,233,753,207,156,248,308.92,0.8591,0.7370,0.438203,28,80,17,140.52,0.9625,0.2878,0.060245,4.428
752276,520,429,949,234,40,88,14.37,0.9358,0.5480,0.197177,38,8,34,333.29,0.6704,0.0989,0.007013,4.335
752279,520,437,957,230,52,80,18.17,0.9063,0.5473,0.198611,15,2,66,278.97,0.9779,0.0892,0.005383,4.489
752289,520,318,838,243,118,88,34.71,0.8678,0.6588,0.327190,6,62,33,154.59,0.9658,0.2213,0.035936,4.389
752296,520,360,880,239,54,216,333.96,0.9467,0.6207,0.259496,25,46,53,221.24,0.3761,0.1844,0.024176,4.172
752311,520,399,919,219,97,54,39.21,0.8294,0.5791,0.238782,11,39,19,150.37,0.8243,0.1414,0.015691,4.396
752314,520,431,951,226,14,173,342.69,0.9784,0.5528,0.195026,31,2,55,303.74,0.9237,0.0952,0.006106,4.367
752323,520,399,919,248,49,43,28.13,0.9717,0.5757,0.223310,9,34,53,244.64,0.6622,0.1400,0.014591,4.231
752339,520,408,928,209,73,186,335.18,0.7955,0.5705,0.218675,58,9,29,0.37,0.7468,0.1349,0.011838,4.345
752340,520,477,997,199,78,33,39.09,0.8776,0.5116,0.177027,0,2,1,165.38,1.0000,0.0192,0.000456,4.499
752344,520,450,970,183,41,245,312.03,0.9546,0.5406,0.182468,5,15,16,203.14,0.3949,0.0651,0.004113,4.296
752350,520,349,869,235,50,243,326.25,0.9684,0.6282,0.264169,59,27,72,315.16,0.6160,0.1876,0.021816,4.375
752360,520,385,905,195,79,244,314.02,0.9260,0.5934,0.237269,17,38,39,199.57,0.4294,0.1482,0.016518,4.319
752367,520,451,971,241,16,46,24.53,0.9906,0.5443,0.192720,5,14,28,257.00,0.5459,0.0684,0.004302,4.470
752377,520,384,904,206,98,164,344.76,0.6472,0.5894,0.245393,36,37,13,111.02,0.5675,0.1535,0.017273,4.391
752386,520,396,916,231,49,181,342.07,0.9100,0.5834,0.225244,17,30,68,266.77,0.6795,0.1447,0.014650,4.257
752390,520,397,917,253,2,102,10.30,0.9986,0.5768,0.218891,37,26,56,299.15,0.4887,0.1441,0.014176,4.190
752397,520,441,961,178,91,165,333.10,0.5996,0.5359,0.196649,41,0,36,333.83,1.0000,0.0932,0.005989,4.405
752403,520,342,862,247,73,179,347.55,0.9275,0.6319,0.277970,30,43,75,266.05,0.4938,0.1928,0.025117,4.366
752410,520,443,963,224,53,77,18.83,0.8931,0.5356,0.189321,29,5,39,314.45,0.7597,0.0834,0.005163,4.338
752424,520,352,872,199,93,246,313.89,0.9262,0.6185,0.266258,59,41,13,75.61,0.6618,0.1941,0.025448,4.192
752435,520,480,1000,222,8,93,8.96,0.9861,0.5107,0.164963,0,0,0,0.00,0.0000,0.0000,0.000000,4.299
752448,520,233,753,233,147,234,326.51,0.8439,0.7438,0.441332,37,80,34,142.43,0.8492,0.2946,0.062459,4.369
752470,520,423,943,202,73,192,330.99,0.7921,0.5624,0.211291,52,6,6,25.95,0.8813,0.1125,0.008736,4.449
752493,520,480,1000,198,48,154,342.62,0.8158,0.5083,0.164546,0,0,0,0.00,0.0000,0.0000,0.000000,4.291
752495,520,444,964,163,99,182,318.17,0.5776,0.5382,0.200883,16,19,14,132.83,0.1679,0.0831,0.006076,4.474
752502,520,425,945,205,34,231,321.61,0.9621,0.5603,0.198944,39,8,43,322.96,0.7196,0.1062,0.007795,4.307
752512,520,385,905,254,13,121,4.79,0.9924,0.5864,0.227429,7,42,11,145.13,0.9564,0.1482,0.017252,4.125
752513,520,404,924,222,10,236,325.02,0.9945,0.5845,0.218050,28,3,90,282.53,0.9775,0.1328,0.010502,4.430
752529,520,465,985,211,70,25,36.57,0.9392,0.5222,0.183017,21,0,24,323.65,1.0000,0.0522,0.002254,4.459
752535,520,434,954,237,51,31,30.40,0.9633,0.5539,0.204743,11,18,50,270.27,0.6988,0.0973,0.007340,4.443
752547,520,330,850,227,107,172,348.62,0.7266,0.6395,0.298271,61,42,58,332.05,0.2897,0.2132,0.029536,4.379
752553,520,476,996,220,23,68,17.88,0.9663,0.5054,0.162485,0,1,11,262.64,1.0001,0.0210,0.000459,4.211
752559,520,448,968,184,42,242,312.95,0.9500,0.5403,0.182582,6,4,57,271.79,0.9672,0.0753,0.004209,4.290
752573,520,368,888,253,65,108,12.90,0.9800,0.6103,0.257495,4,36,90,260.24,0.9366,0.1742,0.020256,4.377
752576,520,441,961,190,46,221,319.54,0.9151,0.5359,0.181230,34,12,19,1.22,0.4793,0.0918,0.006501,4.092
752584,520,371,891,244,28,215,335.26,0.9822,0.6145,0.249729,62,26,36,4.04,0.5009,0.1709,0.018904,4.350
752597,520,442,962,219,70,26,35.79,0.9469,0.5376,0.195175,24,11,24,326.87,0.4198,0.0778,0.004995,4.458
752598,520,409,929,209,9,248,319.09,0.9953,0.5716,0.205298,32,18,68,290.81,0.7294,0.1322,0.011570,4.146
752605,520,439,959,239,17,82,15.18,0.9837,0.5461,0.193641,27,6,51,299.99,0.8132,0.0922,0.006023,4.349
752608,520,409,929,232,33,175,343.77,0.9461,0.5723,0.213414,11,35,24,161.61,0.6460,0.1298,0.013391,4.155
752609,520,353,873,234,14,254,323.86,0.9966,0.6190,0.249647,13,18,122,267.83,0.9767,0.1820,0.019232,4.328
752611,520,442,962,121,97,250,284.89,0.9456,0.5362,0.195161,16,10,38,289.12,0.6409,0.0757,0.004672,4.484
752615,520,368,888,237,17,229,330.20,0.9917,0.6074,0.240652,33,10,113,279.23,0.9628,0.1745,0.017326,4.317
752626,520,385,905,203,74,232,319.68,0.8872,0.5908,0.234218,4,34,70,255.28,0.8655,0.1506,0.016120,4.299
752637,520,412,932,187,81,219,317.55,0.8128,0.5666,0.215653,43,19,11,39.08,0.5461,0.1174,0.010036,4.425
752648,520,232,752,242,163,54,70.06,0.8989,0.7392,0.453403,15,82,30,146.68,0.9711,0.2918,0.062296,4.483
752655,520,465,985,177,52,226,314.07,0.9008,0.5243,0.172951,4,5,35,272.80,0.8711,0.0535,0.002557,4.242
752661,520,342,862,209,85,253,315.89,0.9852,0.6272,0.271456,50,25,92,295.62,0.7481,0.1884,0.021461,4.498
752669,520,366,886,247,39,182,345.16,0.9581,0.6071,0.246058,45,38,0,98.71,1.0000,0.1652,0.019442,4.263
752680,520,463,983,212,38,166,341.86,0.8901,0.5330,0.181387,8,8,16,283.85,0.2909,0.0515,0.002627,4.397
752690,520,457,977,217,64,16,35.64,0.9712,0.5260,0.184585,20,8,0,67.63,1.0000,0.0587,0.003224,4.407
752691,520,362,882,244,28,203,338.40,0.9785,0.6076,0.243784,36,45,5,121.51,0.8712,0.1764,0.022628,4.045
752699,520,391,911,227,20,235,326.42,0.9887,0.5949,0.228317,44,15,77,300.10,0.7935,0.1513,0.014130,4.340
752715,520,446,966,191,79,161,339.29,0.6860,0.5356,0.192431,35,1,29,335.96,0.8598,0.0797,0.004678,4.434
752749,520,454,974,200,74,141,350.69,0.7104,0.5345,0.191018,3,17,22,221.12,0.6268,0.0712,0.004782,4.400
752762,520,380,900,222,50,227,326.86,0.9445,0.5958,0.233590,46,5,95,295.17,0.9457,0.1624,0.015156,4.352
752769,520,466,986,128,87,246,289.49,0.9195,0.5225,0.180592,4,5,27,274.49,0.7520,0.0473,0.002135,4.423
752784,520,377,897,215,85,193,334.83,0.7857,0.5989,0.247963,38,26,74,290.86,0.6487,0.1593,0.016453,4.484
752795,520,475,995,230,23,55,22.35,0.9782,0.5244,0.177147,6,2,13,303.52,0.6356,0.0332,0.001112,4.444
752801,520,425,945,192,45,245,314.51,0.9533,0.5572,0.196771,31,23,8,81.99,0.5106,0.1083,0.009217,4.167
752806,520,389,909,224,92,93,22.49,0.7662,0.5864,0.242944,39,30,49,305.61,0.3311,0.1512,0.015816,4.451
752817,520,333,853,224,82,237,324.29,0.9198,0.6352,0.279983,58,32,72,312.61,0.5442,0.1954,0.024005,4.459
752822,520,296,816,250,116,135,13.36,0.8968,0.6772,0.345670,48,61,33,129.02,0.4674,0.2418,0.040756,4.360
752828,520,448,968,230,52,36,29.82,0.9485,0.5410,0.194093,6,20,15,169.25,0.5127,0.0788,0.005735,4.380
752831,520,355,875,225,98,174,346.00,0.7441,0.6236,0.278011,7,52,0,140.65,1.0000,0.1814,0.025011,4.373
752853,520,377,897,190,96,234,313.53,0.8421,0.6022,0.252544,61,26,22,28.08,0.5456,0.1648,0.017890,4.456
752873,520,390,910,253,59,17,32.79,0.9913,0.5923,0.240547,32,38,15,121.31,0.5383,0.1526,0.017278,4.319
752890,520,395,915,252,24,145,357.14,0.9778,0.5938,0.233966,38,32,8,95.35,0.6525,0.1409,0.014627,4.394
752897,520,424,944,239,40,90,14.28,0.9431,0.5586,0.206097,2,27,36,224.60,0.8423,0.1057,0.009241,4.323
752910,520,362,882,198,83,248,313.79,0.9477,0.6054,0.249708,16,46,52,212.69,0.5748,0.1788,0.023120,4.099
752911,520,398,918,216,47,219,327.36,0.9344,0.5782,0.217485,36,15,76,292.60,0.8031,0.1400,0.012385,4.288
752913,520,466,986,223,30,80,14.83,0.9472,0.5176,0.171985,0,9,23,248.79,1.0000,0.0502,0.002572,4.222
752922,520,362,882,249,73,96,17.95,0.9475,0.6080,0.257527,76,16,29,12.52,0.7563,0.1801,0.019960,4.396
752932,520,348,868,213,83,245,319.07,0.9414,0.6251,0.269268,59,22,88,306.21,0.7528,0.1925,0.022083,4.429
752936,520,444,964,188,48,228,317.16,0.9205,0.5396,0.184080,9,21,12,151.21,0.4726,0.0827,0.006209,4.164
752969,520,479,999,186,20,213,320.93,0.9662,0.5083,0.157449,0,0,1,264.05,1.0000,0.0060,0.000022,4.147
752999,520,470,990,225,42,17,31.04,0.9796,0.5213,0.177068,9,2,17,307.41,0.7038,0.0385,0.001420,4.416
753018,520,314,834,222,102,237,323.09,0.8984,0.6576,0.311485,37,59,8,130.52,0.9213,0.2222,0.035387,4.233
753022,520,465,985,208,20,168,339.87,0.9465,0.5175,0.167395,24,0,4,10.50,1.0000,0.0480,0.002030,4.178
753030,520,219,739,188,173,241,294.18,0.7001,0.7493,0.469294,23,83,46,152.51,0.9043,0.3008,0.065657,4.490
753046,520,462,982,208,24,188,333.82,0.9487,0.5310,0.176961,17,1,29,308.94,0.8818,0.0526,0.002296,4.340
753049,520,426,946,193,88,172,335.72,0.6694,0.5575,0.212969,25,24,26,308.24,0.0491,0.1090,0.009345,4.431
753054,520,418,938,248,32,32,28.08,0.9818,0.5642,0.210974,5,33,13,150.05,0.9218,0.1175,0.011490,4.244
753067,520,470,990,205,66,99,10.29,0.7638,0.5182,0.177785,12,4,0,65.82,1.0000,0.0399,0.001650,4.410
753069,520,358,878,224,75,224,327.88,0.8998,0.6194,0.262634,34,31,88,280.21,0.7047,0.1782,0.020246,4.451
753072,520,471,991,189,18,225,318.86,0.9781,0.5221,0.166891,17,0,12,338.42,1.0000,0.0402,0.001457,4.215
753075,520,417,937,235,8,171,345.29,0.9904,0.5678,0.207790,0,14,82,263.80,1.0022,0.1175,0.009232,4.352
753080,520,430,950,191,32,251,313.31,0.9813,0.5528,0.190757,44,7,8,22.96,0.7800,0.0983,0.007051,4.220
753116,520,431,951,193,17,251,314.14,0.9895,0.5500,0.187047,4,25,36,233.71,0.7073,0.1010,0.008484,4.053
753117,520,392,912,231,52,183,341.53,0.9044,0.5867,0.228665,59,23,15,33.89,0.6326,0.1539,0.015772,4.237
753142,520,321,841,208,113,233,318.94,0.8317,0.6522,0.311047,22,52,76,245.12,0.5844,0.2139,0.031482,4.431
753143,520,430,950,187,72,213,319.71,0.8225,0.5511,0.200048,36,2,57,308.01,0.9219,0.1044,0.007139,4.376
753158,520,445,965,226,55,32,31.10,0.9506,0.5353,0.190082,20,12,30,303.24,0.4629,0.0782,0.005054,4.361
753161,520,454,974,163,61,251,303.55,0.9726,0.5342,0.180896,10,8,45,278.00,0.8166,0.0729,0.004276,4.254
753174,520,438,958,225,27,153,349.05,0.9416,0.5454,0.190940,35,15,1,58.27,0.8617,0.0944,0.007012,4.226
753176,520,346,866,235,104,107,21.05,0.7960,0.6267,0.286270,3,50,62,220.07,0.9131,0.1920,0.026482,4.397
753179,520,432,952,234,50,40,28.75,0.9494,0.5477,0.199299,19,18,41,283.39,0.4895,0.0967,0.007311,4.350
753199,520,463,983,218,44,123,359.26,0.8681,0.5293,0.181394,3,1,39,272.34,0.9832,0.0473,0.001875,4.461
753202,520,396,916,202,62,234,319.35,0.9127,0.5782,0.219438,0,2,108,264.12,0.9981,0.1391,0.011260,4.398
753215,520,457,977,236,4,70,17.92,0.9965,0.5343,0.183651,20,9,14,350.96,0.3236,0.0649,0.003758,4.346
753224,520,429,949,208,69,165,342.37,0.7750,0.5531,0.203847,38,1,55,312.06,0.9501,0.1042,0.007097,4.446
753243,520,410,930,215,86,132,0.88,0.7061,0.5732,0.227708,28,30,22,119.01,0.1888,0.1270,0.012333,4.455
753244,520,386,906,241,31,177,345.15,0.9624,0.5894,0.228581,22,6,103,274.68,0.9812,0.1481,0.012800,4.436
753256,520,37,557,247,237,246,328.78,0.5246,0.9493,0.869966,30,127,26,142.42,0.9791,0.4465,0.155287,4.481
753269,520,428,948,217,57,164,344.54,0.8360,0.5560,0.203606,40,10,15,12.81,0.6159,0.0972,0.007028,4.447
753293,520,405,925,203,54,238,318.94,0.9345,0.5757,0.215094,48,20,7,44.59,0.6791,0.1271,0.011441,4.315
753295,520,397,917,235,3,195,338.39,0.9973,0.5798,0.216702,38,26,50,306.23,0.4231,0.1414,0.013812,4.180
753307,520,391,911,241,60,117,7.41,0.8915,0.5852,0.232200,50,31,1,75.06,0.9429,0.1540,0.016604,4.237
753315,520,470,990,209,20,175,337.94,0.9518,0.5234,0.171529,16,0,17,326.48,1.0000,0.0413,0.001506,4.301
753323,520,479,999,205,53,118,359.47,0.8029,0.5101,0.168355,1,0,6,289.16,1.0000,0.0150,0.000196,4.350
753350,520,464,984,182,40,226,316.10,0.9328,0.5226,0.169548,9,8,17,289.12,0.3164,0.0528,0.002722,4.164
753355,520,412,932,250,20,58,22.61,0.9888,0.5661,0.211335,0,15,84,263.76,1.0020,0.1216,0.009817,4.369
753362,520,401,921,235,74,69,26.30,0.8927,0.5777,0.229924,44,25,33,353.00,0.3261,0.1385,0.013406,4.415
753389,520,442,962,220,67,23,35.35,0.9571,0.5357,0.192944,4,7,62,268.21,0.9643,0.0847,0.005255,4.397
753405,520,408,928,236,44,136,358.07,0.9129,0.5692,0.214148,18,31,36,224.01,0.2998,0.1266,0.012359,4.236
753415,520,444,964,232,2,125,359.40,0.9967,0.5404,0.186829,18,7,51,287.01,0.8245,0.0837,0.005196,4.291
753420,520,415,935,247,19,89,14.04,0.9843,0.5650,0.209647,30,25,28,341.20,0.1078,0.1179,0.010551,4.288
753425,520,272,792,223,136,217,329.41,0.7419,0.7029,0.383076,10,70,56,172.60,0.9087,0.2566,0.047302,4.451
753433,520,441,961,224,56,95,12.73,0.8635,0.5426,0.195046,23,18,7,86.43,0.4237,0.0860,0.006301,4.352
753434,520,353,873,225,68,241,323.90,0.9429,0.6249,0.264947,15,37,88,263.73,0.8123,0.1789,0.021292,4.418
753439,520,429,949,233,29,110,5.73,0.9497,0.5456,0.193312,13,19,47,271.35,0.6158,0.0985,0.007565,4.227
753451,520,453,973,188,96,58,42.24,0.6974,0.5258,0.193642,35,0,22,345.82,1.0000,0.0742,0.004153,4.499
753457,520,444,964,165,83,215,310.35,0.7722,0.5357,0.190928,28,6,29,325.95,0.6567,0.0771,0.004659,4.408
753461,520,373,893,250,68,48,30.22,0.9752,0.5971,0.246752,60,13,62,326.19,0.7482,0.1615,0.015964,4.499
753462,520,456,976,222,56,34,31.03,0.9418,0.5284,0.184761,15,8,20,310.40,0.4025,0.0598,0.003257,4.408
753463,520,364,884,253,53,140,0.52,0.9796,0.6098,0.253258,48,37,22,74.57,0.3694,0.1699,0.020095,4.326
753465,520,454,974,119,92,252,284.83,0.9696,0.5273,0.186041,24,13,3,67.10,0.6204,0.0749,0.004886,4.301
753472,520,365,885,255,70,65,26.84,1.0000,0.6108,0.260256,10,44,51,214.03,0.6985,0.1695,0.021048,4.367
753474,520,464,984,191,83,115,3.92,0.6257,0.5222,0.185023,1,14,0,140.43,1.0000,0.0543,0.003205,4.417
753481,520,437,957,209,25,220,325.47,0.9707,0.5548,0.194198,28,12,34,316.17,0.5373,0.0902,0.006253,4.341
753493,520,362,882,241,57,193,341.01,0.9238,0.6137,0.254802,52,10,102,296.26,0.9102,0.1830,0.019065,4.413
753502,520,398,918,213,74,188,335.70,0.8056,0.5794,0.226765,25,33,46,259.96,0.2845,0.1429,0.014916,4.263
753515,520,444,964,216,70,68,25.20,0.8403,0.5367,0.193990,39,4,6,21.35,0.8294,0.0835,0.005314,4.411
753528,520,370,890,235,74,167,349.04,0.8429,0.6066,0.253525,40,40,35,106.98,0.0892,0.1722,0.020901,4.281
753530,520,420,940,229,53,135,357.75,0.8683,0.5622,0.209562,44,1,48,324.42,0.9219,0.1086,0.007707,4.498
753534,520,407,927,249,29,77,18.30,0.9765,0.5705,0.215579,31,23,53,293.79,0.5151,0.1284,0.011611,4.311
753535,520,425,945,247,36,12,30.44,0.9915,0.5632,0.210660,31,22,23,10.93,0.1730,0.1098,0.009270,4.398
753536,520,462,982,231,35,24,29.34,0.9735,0.5295,0.182600,7,8,15,276.80,0.2688,0.0502,0.002533,4.428
753556,520,460,980,230,30,88,12.98,0.9520,0.5340,0.184591,6,4,44,275.05,0.9259,0.0614,0.003074,4.420
753557,520,441,961,238,33,4,30.78,0.9965,0.5423,0.192769,27,12,31,318.95,0.4980,0.0872,0.005949,4.339
753577,520,463,983,171,64,223,312.14,0.8588,0.5252,0.176533,0,10,25,249.29,1.0000,0.0536,0.002873,4.285
753598,520,407,927,239,63,35,31.81,0.9548,0.5693,0.220303,4,16,90,265.84,0.9673,0.1328,0.011345,4.406
753629,520,475,995,163,74,216,310.22,0.8046,0.5208,0.176426,3,1,25,278.79,0.9384,0.0347,0.001112,4.430
753631,520,424,944,241,45,11,31.59,0.9907,0.5564,0.206051,4,27,41,238.30,0.7367,0.1097,0.009697,4.289
753633,520,436,956,230,55,71,21.58,0.9091,0.5482,0.200132,15,16,44,278.23,0.6026,0.0911,0.006540,4.424
753638,520,374,894,221,65,212,330.46,0.8932,0.5970,0.239084,67,0,64,330.53,1.0000,0.1633,0.015636,4.404
753649,520,383,903,245,25,186,343.30,0.9777,0.5991,0.236561,63,2,56,333.86,0.8930,0.1517,0.013859,4.487
753651,520,379,899,237,51,188,341.41,0.9237,0.5993,0.240058,0,33,87,259.44,1.0000,0.1623,0.017757,4.281
753673,520,269,789,175,162,206,298.35,0.3734,0.6957,0.394109,0,75,18,145.75,1.0000,0.2625,0.050756,4.408
753676,520,313,833,252,68,225,334.77,0.9847,0.6593,0.302690,99,14,3,31.53,0.9739,0.2239,0.029738,4.423
753685,520,351,871,156,129,248,291.65,0.8594,0.6294,0.295456,12,53,38,164.90,0.8243,0.1940,0.027642,4.449
753692,520,352,872,255,75,62,28.54,1.0000,0.6157,0.266436,78,17,34,8.40,0.7411,0.1870,0.021364,4.434
753702,520,413,933,188,91,194,325.20,0.7011,0.5666,0.220698,52,13,4,35.81,0.8410,0.1217,0.010268,4.492
753703,520,434,954,224,1,188,337.75,0.9986,0.5546,0.195024,42,2,43,327.17,0.8550,0.1027,0.007101,4.291
753716,520,445,965,228,55,12,33.46,0.9852,0.5382,0.192558,23,7,37,305.74,0.6936,0.0774,0.004677,4.436
753719,520,466,986,191,57,188,328.90,0.8188,0.5242,0.176350,22,2,14,344.35,0.7254,0.0530,0.002457,4.315
753750,520,402,922,239,49,138,358.32,0.9073,0.5792,0.223854,48,18,33,350.76,0.5214,0.1309,0.011709,4.438
753751,520,375,895,254,51,85,18.48,0.9929,0.5953,0.240981,62,13,59,330.53,0.7415,0.1631,0.016279,4.390
753774,520,260,780,250,107,241,330.10,0.9778,0.7079,0.371928,21,77,11,141.04,0.9791,0.2742,0.054911,4.022
753784,520,399,919,221,1,239,324.13,0.9995,0.5833,0.216280,29,21,72,284.47,0.7285,0.1382,0.012654,4.250
753850,520,475,995,200,30,182,333.45,0.9155,0.5155,0.165872,1,4,1,143.81,0.7779,0.0280,0.000955,4.237
753856,520,378,898,237,47,196,338.96,0.9385,0.6008,0.240259,54,30,24,34.80,0.4004,0.1620,0.017789,4.282
753872,520,474,994,190,54,181,330.85,0.8153,0.5151,0.169232,6,3,4,354.40,0.2345,0.0322,0.001126,4.288
753874,520,468,988,172,44,243,309.02,0.9439,0.5245,0.170439,7,4,13,301.52,0.4412,0.0397,0.001611,4.271
753877,520,419,939,249,3,48,24.01,0.9986,0.5586,0.204219,50,0,32,347.03,1.0000,0.1085,0.007825,4.396
753890,520,454,974,192,82,138,351.05,0.6446,0.5310,0.190776,31,7,4,32.00,0.6973,0.0741,0.004521,4.416
753911,520,480,1000,193,67,133,351.52,0.7175,0.5098,0.170469,0,0,0,0.00,0.0000,0.0000,0.000000,4.409
753918,520,430,950,219,38,175,340.73,0.9114,0.5508,0.195438,18,9,64,280.61,0.8821,0.1000,0.006941,4.310
753922,520,398,918,173,88,253,304.10,0.9768,0.5821,0.229561,43,14,67,305.32,0.7600,0.1393,0.012330,4.485
753923,520,438,958,237,27,101,9.33,0.9619,0.5503,0.197311,17,18,30,280.08,0.2987,0.0881,0.006455,4.381
753935,520,407,927,220,65,167,344.67,0.8216,0.5707,0.217886,21,14,80,277.51,0.8986,0.1276,0.010526,4.426
753940,520,367,887,236,73,175,346.34,0.8569,0.6109,0.256958,30,43,32,148.99,0.3000,0.1703,0.021080,4.318
753979,520,431,951,231,50,79,18.29,0.9142,0.5474,0.198376,37,12,21,359.20,0.5209,0.0973,0.007105,4.349
753980,520,405,925,238,35,155,351.52,0.9427,0.5753,0.217488,37,30,10,90.34,0.5608,0.1346,0.013438,4.217
753984,520,475,995,134,81,244,292.80,0.9120,0.5177,0.174848,5,1,19,292.77,0.8482,0.0326,0.001010,4.408
753995,520,358,878,247,79,133,5.07,0.9067,0.6208,0.270628,63,34,3,62.58,0.8680,0.1822,0.022075,4.449
753999,520,460,980,197,48,194,328.96,0.8682,0.5300,0.178809,23,5,1,42.83,0.7994,0.0568,0.002929,4.323
754004,520,469,989,188,1,226,318.51,0.9988,0.5171,0.162054,6,2,22,290.52,0.7874,0.0385,0.001401,4.126
754008,520,374,894,236,13,219,332.41,0.9925,0.5982,0.232379,57,30,2,62.51,0.8875,0.1629,0.018029,4.151
754009,520,480,1000,162,68,208,312.45,0.8013,0.5054,0.163704,0,0,0,0.00,0.0000,0.0000,0.000000,4.274
754047,520,358,878,244,25,219,334.24,0.9859,0.6159,0.250458,12,49,30,157.31,0.8374,0.1781,0.023684,4.078
754051,520,372,892,189,113,197,323.56,0.6140,0.6065,0.266613,30,43,43,196.18,0.2075,0.1744,0.021781,4.411
754058,520,418,938,230,67,85,19.12,0.8639,0.5631,0.214960,16,24,60,270.45,0.6733,0.1227,0.010896,4.351
754075,520,442,962,229,36,102,8.44,0.9282,0.5389,0.188820,26,11,15,3.06,0.3730,0.0768,0.004935,4.347
754083,520,330,850,226,122,92,36.95,0.7137,0.6398,0.308628,2,61,3,142.82,0.9962,0.2120,0.033568,4.291
754084,520,371,891,243,33,215,335.06,0.9767,0.6148,0.250516,12,33,88,264.52,0.8627,0.1679,0.018703,4.374
754085,520,404,924,220,21,233,325.17,0.9856,0.5817,0.216373,48,22,8,47.54,0.6472,0.1314,0.012198,4.283
754094,520,443,963,231,39,71,19.42,0.9447,0.5377,0.188979,15,6,56,281.36,0.8940,0.0843,0.005173,4.331
754104,520,237,757,239,139,211,338.31,0.8294,0.7268,0.415212,33,78,40,147.03,0.8112,0.2871,0.059251,4.258
754110,520,464,984,165,94,153,333.49,0.5154,0.5162,0.183055,3,8,24,263.81,0.6438,0.0513,0.002590,4.432
754120,520,307,827,231,97,249,322.78,0.9679,0.6714,0.323799,58,40,101,293.63,0.6284,0.2336,0.033567,4.473
754123,520,418,938,209,96,66,35.89,0.7485,0.5620,0.223165,10,23,68,266.86,0.8404,0.1242,0.010946,4.482
754134,520,439,959,146,95,236,296.54,0.8298,0.5470,0.203517,33,13,22,352.72,0.4451,0.0931,0.006691,4.472
754162,520,118,638,255,199,211,4.20,1.0000,0.8632,0.668116,39,105,69,156.38,0.7962,0.3849,0.109637,4.498
754164,520,349,869,198,123,177,337.91,0.5184,0.6274,0.293473,1,55,14,146.66,0.9966,0.1917,0.027704,4.420
754167,520,479,999,146,79,219,302.34,0.7956,0.5078,0.168178,0,0,3,264.05,1.0000,0.0094,0.000066,4.358
754169,520,437,957,205,4,236,320.76,0.9970,0.5544,0.191238,20,23,3,116.51,0.7569,0.0950,0.007681,4.182
754171,520,407,927,248,32,75,18.99,0.9726,0.5695,0.215010,62,0,31,357.10,1.0000,0.1335,0.011232,4.328
754181,520,424,944,243,16,98,10.61,0.9844,0.5580,0.203105,27,24,3,101.92,0.7693,0.1051,0.008929,4.295
754186,520,380,900,238,88,8,40.89,0.9897,0.5962,0.251771,11,41,41,195.20,0.6403,0.1555,0.018170,4.427
754193,520,478,998,176,59,201,319.98,0.8232,0.5107,0.165762,0,1,5,257.10,0.9999,0.0173,0.000327,4.287
754229,520,473,993,199,12,207,326.20,0.9816,0.5238,0.169118,7,0,21,299.43,1.0000,0.0334,0.000993,4.297
754237,520,329,849,212,121,192,335.69,0.6386,0.6496,0.314791,5,59,7,143.24,0.9887,0.2062,0.031754,4.462
754250,520,424,944,233,44,113,5.82,0.9100,0.5554,0.203202,26,19,43,295.50,0.4784,0.1073,0.008598,4.321
754251,520,346,866,249,70,170,350.83,0.9403,0.6286,0.274255,52,44,4,97.41,0.8813,0.1914,0.025402,4.300
754261,520,430,950,210,62,171,340.38,0.8105,0.5520,0.200892,10,25,28,211.89,0.4075,0.1004,0.008436,4.293
754266,520,356,876,243,38,219,334.05,0.9730,0.6196,0.255583,6,44,66,239.59,0.8042,0.1770,0.022333,4.225
754281,520,457,977,195,79,134,353.48,0.6666,0.5300,0.189170,9,4,45,279.32,0.9048,0.0647,0.003344,4.484
754282,520,258,778,224,139,220,328.57,0.7534,0.7110,0.394814,14,68,89,229.25,0.7964,0.2671,0.049486,4.471
754301,520,456,976,226,21,101,7.30,0.9621,0.5251,0.176475,13,12,16,296.86,0.1305,0.0644,0.003859,4.205
754308,520,311,831,252,113,26,45.94,0.9771,0.6590,0.325836,28,57,61,207.07,0.4409,0.2239,0.035099,4.416
754327,520,446,966,193,70,182,331.49,0.7658,0.5383,0.190967,27,3,42,309.28,0.8367,0.0796,0.004653,4.409
754346,520,445,965,155,100,193,309.95,0.6076,0.5363,0.199336,0,24,3,146.29,1.0000,0.0835,0.006598,4.405
754373,520,422,942,155,106,212,303.42,0.6733,0.5597,0.220304,12,29,29,195.59,0.4172,0.1137,0.010456,4.471
754381,520,479,999,193,52,163,337.98,0.8019,0.5078,0.164395,1,0,1,328.36,1.0000,0.0103,0.000086,4.280
754402,520,2,522,255,255,255,0.00,0.0000,1.0000,1.000000,14,138,41,145.26,0.9924,0.4810,0.184296,4.482
754403,520,445,965,204,39,195,330.72,0.9079,0.5363,0.182304,36,3,4,23.46,0.8662,0.0756,0.004490,4.263
754414,520,406,926,235,46,157,350.70,0.9101,0.5772,0.220534,45,23,27,8.44,0.3710,0.1334,0.012499,4.329
754417,520,414,934,238,17,165,347.88,0.9795,0.5727,0.212977,25,18,65,283.98,0.7328,0.1221,0.010209,4.368
754423,520,409,929,198,38,251,315.10,0.9810,0.5669,0.203584,7,17,86,267.28,0.9532,0.1309,0.011179,4.145
754425,520,264,784,247,135,150,12.41,0.8186,0.7088,0.393067,24,72,12,140.18,0.9699,0.2584,0.048553,4.496
754456,520,420,940,178,80,228,312.14,0.8391,0.5588,0.208046,13,16,65,272.86,0.8562,0.1086,0.008378,4.420
754475,520,438,958,209,47,194,332.39,0.8895,0.5500,0.194854,16,22,10,130.08,0.4074,0.0901,0.007059,4.291
754477,520,431,951,217,49,168,342.81,0.8658,0.5512,0.197778,8,20,47,263.81,0.6833,0.0977,0.007571,4.304
754515,520,334,854,217,90,251,318.48,0.9734,0.6435,0.290307,43,38,89,284.26,0.5987,0.2029,0.026210,4.465
754522,520,478,998,185,71,143,344.80,0.6853,0.5057,0.168054,0,0,21,264.05,1.0000,0.0245,0.000541,4.314
754523,520,388,908,251,38,105,10.69,0.9707,0.5854,0.229190,54,24,15,37.49,0.5702,0.1470,0.014721,4.314
754535,520,406,926,232,22,203,335.61,0.9789,0.5834,0.220441,42,23,23,19.71,0.3369,0.1274,0.011670,4.385
754586,520,398,918,237,43,154,351.99,0.9212,0.5777,0.220684,26,37,17,132.16,0.5104,0.1444,0.015832,4.112
754592,520,466,986,226,16,104,6.01,0.9722,0.5243,0.175417,12,9,10,355.26,0.0981,0.0550,0.002955,4.257
754594,520,465,985,164,88,181,320.06,0.6351,0.5196,0.182089,8,7,23,284.30,0.5181,0.0529,0.002654,4.408
754607,520,455,975,216,23,157,345.50,0.9417,0.5281,0.176484,7,15,1,129.95,0.9057,0.0621,0.003890,4.203
754609,520,286,806,241,108,224,332.67,0.9175,0.6867,0.348101,41,60,48,156.49,0.3074,0.2369,0.039165,4.465
754634,520,336,856,242,55,239,328.85,0.9659,0.6407,0.278443,37,52,15,128.24,0.7438,0.2005,0.028837,4.166
754650,520,441,961,212,19,195,332.86,0.9685,0.5409,0.184051,7,23,8,145.37,0.7448,0.0862,0.006755,4.124
754656,520,480,1000,194,13,204,325.60,0.9772,0.5130,0.161184,0,0,0,0.00,0.0000,0.0000,0.000000,4.224
754669,520,450,970,169,70,235,308.20,0.8831,0.5389,0.188142,7,12,31,269.62,0.5682,0.0674,0.004070,4.404
754673,520,468,988,224,45,7,32.32,0.9913,0.5212,0.177422,5,5,5,0.00,0.0000,0.0372,0.001518,4.414
754685,520,234,754,230,155,195,346.53,0.6266,0.7383,0.442075,54,74,56,147.38,0.3149,0.2928,0.059673,4.487
754687,520,458,978,187,61,203,322.99,0.8319,0.5317,0.182154,13,3,41,288.28,0.8761,0.0623,0.003108,4.371
754695,520,428,948,250,11,14,28.76,0.9960,0.5600,0.205988,10,24,39,251.47,0.5065,0.1035,0.008642,4.365
754703,520,368,888,241,61,176,346.49,0.9004,0.6086,0.251758,62,26,33,9.34,0.5033,0.1698,0.018729,4.391
754705,520,440,960,232,33,129,359.07,0.9342,0.5521,0.198314,0,17,52,259.24,1.0000,0.0900,0.006488,4.396
754706,520,388,908,214,97,129,5.08,0.6559,0.5871,0.244326,18,40,1,134.09,0.9869,0.1454,0.016483,4.427
754712,520,476,996,181,2,236,314.22,0.9981,0.5143,0.159245,9,0,1,12.98,1.0000,0.0247,0.000603,4.135
754723,520,478,998,159,55,236,305.72,0.9084,0.5093,0.161600,5,0,0,29.23,1.0000,0.0182,0.000323,4.205
754726,520,466,986,203,71,100,10.72,0.7355,0.5212,0.181251,3,10,10,195.60,0.4151,0.0493,0.002583,4.398
754729,520,411,931,243,29,110,7.31,0.9630,0.5660,0.210625,28,24,35,301.24,0.2345,0.1163,0.010215,4.328
754731,520,423,943,236,57,48,28.27,0.9366,0.5587,0.209756,5,27,35,224.72,0.6733,0.1068,0.009374,4.375
754734,520,357,877,239,63,208,336.26,0.9245,0.6233,0.264625,37,45,34,137.20,0.2262,0.1832,0.023856,4.260
754757,520,418,938,206,69,192,332.22,0.8131,0.5643,0.211856,4,10,87,266.44,0.9794,0.1204,0.009309,4.415
754765,520,441,961,191,89,139,351.54,0.6049,0.5407,0.200867,13,16,38,275.24,0.5283,0.0851,0.005961,4.483
754771,520,374,894,179,106,228,309.85,0.7730,0.5996,0.254939,16,41,35,175.90,0.5338,0.1554,0.018173,4.473
754780,520,459,979,233,20,45,24.61,0.9852,0.5284,0.180165,4,16,3,141.35,0.8685,0.0630,0.004030,4.260
754808,520,420,940,237,53,47,27.83,0.9444,0.5571,0.207591,31,21,17,42.81,0.2374,0.1055,0.008681,4.390
754814,520,419,939,221,38,190,336.67,0.9288,0.5629,0.204784,29,13,58,294.77,0.7397,0.1113,0.008545,4.352
754819,520,400,920,219,45,218,328.42,0.9404,0.5812,0.220009,24,32,49,264.62,0.3471,0.1411,0.014489,4.187
754820,520,307,827,240,95,233,329.64,0.9323,0.6729,0.325953,80,38,60,348.86,0.4825,0.2346,0.034182,4.466
754835,520,415,935,206,26,241,319.69,0.9797,0.5659,0.202132,46,15,28,356.06,0.5564,0.1202,0.010064,4.198
754872,520,455,975,234,0,56,21.32,1.0000,0.5268,0.177811,3,13,27,253.16,0.6423,0.0640,0.003863,4.229
754875,520,373,893,227,80,173,345.29,0.8038,0.6024,0.250878,47,34,17,72.80,0.4583,0.1596,0.017889,4.432
754889,520,433,953,196,20,242,316.87,0.9844,0.5482,0.186483,16,11,62,278.42,0.8622,0.0992,0.006973,4.151
754906,520,478,998,197,71,112,3.64,0.7077,0.5141,0.175485,2,0,15,284.68,1.0000,0.0229,0.000474,4.467
754917,520,471,991,205,4,189,332.72,0.9918,0.5204,0.167421,3,6,6,196.09,0.2308,0.0381,0.001628,4.211
754950,520,300,820,242,104,196,342.49,0.8761,0.6689,0.327660,35,52,85,262.70,0.4787,0.2279,0.034691,4.459
754956,520,13,533,254,248,255,321.32,1.0000,0.9834,0.954258,27,136,5,141.39,0.9973,0.4742,0.178516,4.395
754977,520,406,926,236,19,178,343.54,0.9779,0.5759,0.215159,24,26,53,278.34,0.4846,0.1283,0.011900,4.284
754978,520,382,902,221,64,212,330.47,0.8954,0.5961,0.237946,22,9,107,273.77,0.9758,0.1565,0.014274,4.480
754982,520,330,850,249,103,13,43.94,0.9879,0.6377,0.298726,25,57,33,150.09,0.6837,0.2118,0.032426,4.231
754994,520,186,706,211,184,221,316.89,0.4360,0.7874,0.533508,18,95,9,141.78,0.9903,0.3350,0.083324,4.377
754996,520,457,977,205,78,64,29.17,0.7883,0.5264,0.188002,13,8,24,296.77,0.4815,0.0599,0.003252,4.469
755001,520,479,999,188,75,129,353.34,0.6614,0.5102,0.173101,1,0,2,311.99,1.0000,0.0114,0.000108,4.452
755003,520,462,982,237,3,22,27.65,0.9985,0.5306,0.181309,20,3,14,341.61,0.6406,0.0524,0.002456,4.410
755029,520,346,866,243,103,67,35.49,0.9047,0.6314,0.291635,2,49,68,231.44,0.9336,0.1922,0.026267,4.479
755035,520,448,968,204,88,15,45.45,0.9471,0.5352,0.198534,20,13,35,296.39,0.5142,0.0832,0.005579,4.472
755046,520,329,849,239,74,240,327.70,0.9480,0.6523,0.295420,82,28,28,23.07,0.6666,0.2091,0.027085,4.481
755057,520,271,791,219,133,226,324.30,0.7710,0.6968,0.373276,54,66,21,122.53,0.7149,0.2606,0.047348,4.348
755065,520,309,829,237,81,242,326.58,0.9501,0.6575,0.303026,6,43,122,262.54,0.9574,0.2248,0.031714,4.320
755069,520,439,959,182,65,235,312.85,0.8955,0.5518,0.197249,26,9,48,299.38,0.7384,0.0929,0.006284,4.393
755093,520,476,996,228,6,1,29.40,0.9990,0.5108,0.166294,0,1,12,262.93,1.0003,0.0216,0.000482,4.285
755098,520,473,993,216,51,81,16.29,0.8730,0.5188,0.175632,12,1,5,352.32,0.7077,0.0336,0.001108,4.415
755102,520,436,956,190,60,217,320.10,0.8703,0.5452,0.191900,2,9,63,265.77,0.9644,0.0878,0.005671,4.345
755114,520,468,988,177,24,237,312.51,0.9736,0.5151,0.161158,4,4,21,278.51,0.6735,0.0409,0.001668,4.087
755149,520,436,956,242,24,4,30.02,0.9969,0.5465,0.195427,8,12,60,270.83,0.9042,0.0932,0.006408,4.351
755153,520,369,889,230,60,211,333.12,0.9180,0.6070,0.247603,77,2,41,356.51,0.9207,0.1729,0.017816,4.388
755158,520,476,996,176,82,152,338.15,0.6165,0.5116,0.175329,1,0,7,286.54,1.0000,0.0158,0.000218,4.487
755166,520,449,969,237,17,67,19.34,0.9856,0.5390,0.188139,2,11,47,264.52,0.9144,0.0744,0.004575,4.364
755169,520,442,962,233,44,1,32.32,0.9989,0.5389,0.191303,29,9,22,342.41,0.5142,0.0803,0.005145,4.376
755204,520,365,885,234,18,245,325.81,0.9931,0.6134,0.245201,62,21,52,338.05,0.6146,0.1696,0.018085,4.336
755223,520,454,974,223,19,145,351.07,0.9590,0.5346,0.182007,2,7,45,266.50,0.9377,0.0650,0.003543,4.333
755226,520,463,983,230,45,24,30.58,0.9710,0.5343,0.187687,6,9,22,270.81,0.4577,0.0549,0.002920,4.491
755254,520,431,951,219,61,121,2.19,0.8135,0.5457,0.197805,1,29,9,150.67,0.9841,0.1014,0.009049,4.197
755286,520,315,835,252,98,155,0.37,0.9447,0.6604,0.318005,37,59,7,130.34,0.9311,0.2221,0.035365,4.311
755287,520,430,950,221,9,191,336.21,0.9877,0.5524,0.193315,2,20,50,258.14,0.8873,0.0965,0.007435,4.236
755318,520,477,997,162,87,173,322.35,0.6120,0.5103,0.175157,6,0,8,321.50,1.0000,0.0244,0.000563,4.453
755324,520,441,961,231,32,96,10.53,0.9449,0.5391,0.188695,22,15,38,295.80,0.5058,0.0913,0.006522,4.223
755325,520,429,949,242,16,36,26.35,0.9917,0.5454,0.193786,16,25,13,138.06,0.4150,0.0993,0.008345,4.178
755351,520,452,972,236,3,49,23.17,0.9980,0.5308,0.181230,24,3,33,314.64,0.7865,0.0686,0.003691,4.307
755353,520,441,961,215,72,79,21.58,0.8078,0.5395,0.196487,16,22,18,155.90,0.1831,0.0923,0.007276,4.303
755381,520,463,983,232,26,45,24.99,0.9783,0.5287,0.180872,11,9,8,50.48,0.0786,0.0535,0.002841,4.369
755398,520,367,887,242,23,224,332.55,0.9879,0.6148,0.248747,67,17,37,359.34,0.6780,0.1659,0.017279,4.440
755407,520,393,913,231,2,219,331.24,0.9987,0.5871,0.221494,36,22,69,292.96,0.6715,0.1449,0.013786,4.256
755426,520,332,852,241,78,203,338.57,0.9091,0.6385,0.284641,71,32,51,351.10,0.4924,0.2039,0.026118,4.396
755428,520,434,954,247,14,21,28.26,0.9943,0.5546,0.201460,3,10,71,266.33,0.9676,0.0994,0.006913,4.418
755436,520,422,942,245,32,54,24.05,0.9761,0.5600,0.207153,36,22,11,58.43,0.4465,0.1132,0.009731,4.305
755437,520,431,951,217,41,181,338.40,0.9046,0.5524,0.196761,40,10,13,16.98,0.6272,0.0967,0.006973,4.331
755442,520,400,920,250,55,21,31.93,0.9832,0.5830,0.231141,28,25,70,281.60,0.6636,0.1434,0.013843,4.404
755447,520,436,956,230,55,54,26.43,0.9264,0.5456,0.198247,24,2,61,291.32,0.9520,0.0924,0.005745,4.453
755451,520,370,890,231,101,61,37.51,0.8490,0.6069,0.266359,25,44,35,163.06,0.3819,0.1705,0.021293,4.437
755455,520,436,956,245,18,27,27.77,0.9916,0.5518,0.199278,28,17,19,6.94,0.2390,0.0931,0.006948,4.377
755474,520,362,882,148,128,241,289.36,0.7959,0.6148,0.280849,34,47,17,128.72,0.6437,0.1825,0.024136,4.463
755481,520,384,904,255,21,134,1.06,1.0000,0.5948,0.235213,66,9,12,23.50,0.8700,0.1470,0.013804,4.470
755496,520,289,809,239,123,161,0.64,0.7572,0.6796,0.350923,12,69,3,141.20,0.9937,0.2429,0.043408,4.292
755497,520,428,948,234,4,167,346.24,0.9948,0.5630,0.203722,4,30,2,141.34,0.9796,0.1050,0.009587,4.258
755515,520,444,964,215,75,37,35.58,0.9052,0.5373,0.196152,28,4,44,308.29,0.8166,0.0843,0.005156,4.463
755521,520,230,750,223,156,204,337.42,0.5981,0.7351,0.438259,15,82,23,144.58,0.9768,0.2908,0.061978,4.360
755523,520,475,995,192,50,189,328.96,0.8457,0.5199,0.171634,6,0,14,307.73,1.0000,0.0276,0.000704,4.371
755531,520,434,954,231,15,156,349.14,0.9767,0.5542,0.197337,31,19,20,13.46,0.2445,0.1018,0.008076,4.259
755555,520,327,847,246,93,163,355.13,0.8829,0.6466,0.300688,75,37,34,25.60,0.4752,0.2146,0.029347,4.420
755556,520,469,989,195,54,179,333.06,0.8194,0.5225,0.174968,9,4,6,350.38,0.2803,0.0390,0.001581,4.361
755576,520,388,908,244,68,44,31.09,0.9500,0.5850,0.235525,40,32,41,322.56,0.1894,0.1532,0.016443,4.297
755583,520,446,966,147,78,254,296.11,0.9901,0.5372,0.188077,26,7,31,318.95,0.6368,0.0772,0.004705,4.352
755597,520,451,971,209,15,202,330.17,0.9779,0.5389,0.181632,25,4,23,331.36,0.6771,0.0658,0.003554,4.325
755600,520,413,933,231,3,189,339.13,0.9967,0.5688,0.207309,28,6,78,286.25,0.9292,0.1216,0.009272,4.341
755605,520,405,925,225,40,209,332.35,0.9475,0.5827,0.221310,51,7,46,333.07,0.7644,0.1276,0.010531,4.482
755620,520,478,998,220,3,118,359.51,0.9930,0.5134,0.165914,0,0,10,264.05,1.0000,0.0158,0.000219,4.299
755622,520,476,996,227,2,34,25.68,0.9986,0.5095,0.164928,8,0,0,29.23,1.0000,0.0228,0.000516,4.255
755660,520,361,881,243,41,215,335.10,0.9676,0.6188,0.255498,38,43,23,120.17,0.4077,0.1752,0.022017,4.242
755683,520,373,893,219,53,239,323.10,0.9500,0.6013,0.238403,55,29,15,48.10,0.5534,0.1593,0.017256,4.288
755685,520,403,923,231,14,211,333.26,0.9893,0.5843,0.220088,50,4,53,325.41,0.8308,0.1270,0.010221,4.485
755689,520,465,985,183,65,194,324.23,0.7939,0.5237,0.177442,6,8,25,274.57,0.5570,0.0545,0.002826,4.306
755697,520,467,987,217,12,153,346.87,0.9721,0.5245,0.173170,12,2,7,345.16,0.5824,0.0372,0.001369,4.344
755702,520,444,964,228,24,123,359.96,0.9521,0.5376,0.185802,22,0,57,292.11,1.0000,0.0825,0.004660,4.314
755736,520,479,999,202,33,156,342.50,0.8815,0.5058,0.160466,0,1,0,142.50,1.0000,0.0135,0.000217,4.191
755746,520,443,963,221,42,140,353.34,0.8825,0.5404,0.189241,40,0,13,4.80,1.0000,0.0804,0.004803,4.366
755748,520,428,948,242,28,78,17.31,0.9722,0.5557,0.202612,25,21,6,95.26,0.5411,0.0956,0.007562,4.389
755757,520,346,866,250,82,130,7.20,0.9342,0.6287,0.279736,30,49,38,158.28,0.3636,0.1908,0.026125,4.331
755766,520,430,950,216,43,176,339.75,0.8911,0.5491,0.194635,11,26,10,142.70,0.6563,0.0981,0.008318,4.195
755775,520,404,924,235,12,193,338.98,0.9891,0.5804,0.217782,54,14,19,16.18,0.6699,0.1302,0.011455,4.357
755780,520,218,738,252,148,174,4.36,0.8881,0.7467,0.449338,37,79,59,161.25,0.5906,0.2977,0.063008,4.419
755799,520,297,817,216,132,208,330.38,0.6747,0.6822,0.356570,13,67,2,140.73,0.9953,0.2361,0.041041,4.466
755800,520,328,848,214,120,185,339.81,0.6333,0.6474,0.312335,3,55,62,209.04,0.9292,0.2080,0.030994,4.474
755806,520,377,897,248,70,93,18.33,0.9434,0.6023,0.251305,15,34,79,264.13,0.7680,0.1632,0.018100,4.424
755843,520,360,880,232,65,227,329.31,0.9329,0.6244,0.264848,20,46,52,214.59,0.4811,0.1808,0.023506,4.283
755885,520,422,942,235,59,49,28.41,0.9314,0.5588,0.210149,14,25,48,263.59,0.5383,0.1145,0.010020,4.334
755895,520,379,899,224,79,186,339.70,0.8172,0.6025,0.249867,68,18,18,23.98,0.7406,0.1635,0.017054,4.472
755903,520,330,850,238,56,252,324.84,0.9891,0.6434,0.280362,92,16,0,34.22,1.0000,0.2098,0.026463,4.321
755911,520,334,854,253,25,236,332.14,0.9924,0.6425,0.276372,8,38,107,263.13,0.9306,0.1978,0.024992,4.352
755912,520,359,879,209,111,167,346.17,0.6047,0.6168,0.277159,31,45,48,212.32,0.2240,0.1834,0.023814,4.432
755922,520,366,886,223,62,224,327.76,0.9215,0.6051,0.245172,11,42,65,244.53,0.6991,0.1722,0.021086,4.152
755930,520,400,920,224,87,105,15.49,0.7579,0.5820,0.236861,42,29,29,18.64,0.2091,0.1434,0.014597,4.441
755931,520,454,974,179,94,134,351.77,0.5249,0.5284,0.193116,26,9,19,345.07,0.4586,0.0747,0.004620,4.451
755934,520,399,919,234,55,143,356.00,0.8781,0.5764,0.222109,38,26,41,319.46,0.3157,0.1362,0.013110,4.312
755936,520,463,983,224,11,128,356.97,0.9779,0.5272,0.176479,15,5,9,351.88,0.3892,0.0489,0.002298,4.331
755942,520,363,883,209,78,243,318.59,0.9324,0.6120,0.254767,51,32,54,321.90,0.3854,0.1743,0.020032,4.352
755948,520,426,946,238,31,110,6.66,0.9525,0.5568,0.202861,51,0,31,349.05,1.0000,0.1100,0.008029,4.358
755950,520,247,767,252,132,169,1.71,0.9091,0.7169,0.400653,82,60,15,81.36,0.7745,0.2763,0.050602,4.480
755959,520,440,960,230,42,122,1.82,0.9055,0.5510,0.198869,23,10,45,296.45,0.6991,0.0885,0.005887,4.453
755966,520,387,907,252,13,138,359.06,0.9896,0.5881,0.228219,44,26,44,326.75,0.3817,0.1459,0.014562,4.309
755974,520,291,811,249,92,218,336.40,0.9614,0.6752,0.328588,58,55,43,95.62,0.1835,0.2372,0.038064,4.299
755983,520,406,926,165,100,238,302.79,0.8325,0.5792,0.232871,20,36,8,133.84,0.8110,0.1349,0.014280,4.401
755986,520,423,943,243,31,64,21.48,0.9732,0.5568,0.204082,25,26,25,145.49,0.0292,0.1139,0.010156,4.224
756000,520,472,992,217,45,98,9.00,0.8758,0.5199,0.175129,9,1,0,41.05,1.0000,0.0277,0.000798,4.432
756006,520,418,938,241,53,19,32.07,0.9819,0.5630,0.212973,51,6,33,348.41,0.7616,0.1191,0.009440,4.424
756008,520,247,767,246,128,210,340.09,0.9057,0.7176,0.396867,30,76,33,144.78,0.8802,0.2776,0.055545,4.234
756025,520,375,895,237,35,214,333.93,0.9699,0.6044,0.240644,0,37,77,253.88,0.9999,0.1632,0.018588,4.238
756029,520,291,811,201,137,221,317.89,0.6682,0.6790,0.355302,3,68,43,160.48,0.9815,0.2439,0.043278,4.345
756061,520,465,985,204,31,176,336.40,0.9107,0.5197,0.169539,21,1,7,359.47,0.7976,0.0467,0.001965,4.225
756065,520,248,768,255,126,180,355.45,1.0000,0.7154,0.394799,96,47,70,351.91,0.4791,0.2829,0.049623,4.465
756075,520,393,913,247,51,120,6.24,0.9350,0.5902,0.235013,31,34,13,115.85,0.5227,0.1394,0.014644,4.409
756077,520,321,841,225,119,145,5.55,0.6515,0.6463,0.312477,23,56,36,155.01,0.6653,0.2082,0.031378,4.454
756078,520,343,863,244,68,192,342.38,0.9219,0.6280,0.271761,22,48,56,220.13,0.4696,0.1902,0.025699,4.251
756128,520,381,901,203,85,219,322.74,0.8266,0.5956,0.243095,41,29,56,303.49,0.4352,0.1556,0.016357,4.417
756136,520,398,918,174,87,250,305.15,0.9484,0.5797,0.227178,54,3,62,321.69,0.8829,0.1401,0.011973,4.473
756164,520,435,955,195,2,255,314.00,1.0000,0.5533,0.188669,14,19,38,271.19,0.4618,0.0928,0.006990,4.188
756169,520,420,940,173,79,244,306.83,0.9144,0.5629,0.210085,23,27,12,121.00,0.4280,0.1109,0.009926,4.340
756170,520,353,873,232,26,249,324.40,0.9890,0.6153,0.247365,78,12,29,11.45,0.8067,0.1799,0.019716,4.265
756173,520,409,929,219,71,149,351.84,0.7843,0.5674,0.217388,2,37,7,145.87,0.9861,0.1283,0.013513,4.210
756174,520,324,844,247,87,175,350.05,0.9104,0.6457,0.296887,41,54,36,137.17,0.3431,0.2147,0.032371,4.211
756187,520,23,543,234,250,244,171.52,0.5563,0.9669,0.923948,24,132,51,146.81,0.9788,0.4643,0.169350,4.440
756192,520,356,876,226,77,212,331.84,0.8773,0.6176,0.262322,54,37,5,79.30,0.8173,0.1755,0.021184,4.388
756208,520,427,947,250,18,3,29.70,0.9980,0.5615,0.207669,7,23,42,253.78,0.6225,0.1010,0.008251,4.423
756222,520,371,891,254,9,177,347.58,0.9945,0.6076,0.244440,39,43,11,115.78,0.6963,0.1741,0.021833,4.099
756245,520,364,884,203,89,238,317.41,0.8912,0.6132,0.260157,6,46,49,202.45,0.8196,0.1734,0.022144,4.299
756247,520,351,871,234,84,186,342.65,0.8420,0.6251,0.273808,18,41,93,263.59,0.7849,0.1950,0.025047,4.315
756267,520,327,847,252,101,76,31.64,0.9725,0.6453,0.305279,34,54,31,141.25,0.5056,0.2076,0.030773,4.399
756268,520,435,955,237,6,118,2.78,0.9921,0.5491,0.194459,8,23,14,156.29,0.5439,0.0883,0.006961,4.292
756270,520,364,884,246,54,162,351.82,0.9268,0.6058,0.248430,53,34,19,58.49,0.4579,0.1687,0.019480,4.295
756277,520,478,998,147,58,246,299.43,0.9479,0.5054,0.158833,2,1,3,309.84,0.4147,0.0195,0.000412,4.143
756280,520,420,940,243,12,109,6.91,0.9879,0.5600,0.204251,36,9,48,313.56,0.7297,0.1065,0.007839,4.396
756282,520,407,927,252,10,83,15.99,0.9939,0.5719,0.215408,11,28,62,262.40,0.7207,0.1313,0.012494,4.247
756285,520,440,960,215,35,196,333.38,0.9344,0.5540,0.196368,27,15,12,34.61,0.3083,0.0853,0.006012,4.398
756291,520,364,884,197,103,215,320.99,0.7462,0.6106,0.264783,6,46,40,180.58,0.8547,0.1693,0.021458,4.405
756299,520,384,904,245,49,130,2.24,0.9222,0.5880,0.232241,38,4,94,289.21,0.9624,0.1500,0.013070,4.475
756301,520,329,849,253,19,253,328.33,0.9958,0.6519,0.284433,36,30,116,277.34,0.8619,0.2072,0.025645,4.421
756317,520,450,970,170,76,225,310.38,0.8322,0.5401,0.191519,16,15,14,67.65,0.0405,0.0732,0.004835,4.404
756328,520,392,912,234,61,166,348.24,0.8731,0.5914,0.235859,27,30,66,276.92,0.5620,0.1504,0.015549,4.361
756344,520,466,986,169,92,148,338.22,0.5274,0.5160,0.182284,7,10,0,119.83,1.0000,0.0497,0.002623,4.414
756354,520,398,918,200,93,172,338.50,0.6658,0.5760,0.230882,12,40,2,138.17,0.9827,0.1422,0.016001,4.256
756371,520,303,823,213,139,151,9.03,0.4864,0.6689,0.348473,12,64,50,170.59,0.8690,0.2349,0.039751,4.440
756372,520,338,858,250,75,190,344.73,0.9560,0.6442,0.290770,62,36,62,326.87,0.4237,0.2032,0.026338,4.464
756376,520,444,964,188,33,239,315.05,0.9635,0.5385,0.180123,8,5,61,272.84,0.9600,0.0830,0.004971,4.186
756407,520,476,996,153,57,245,301.72,0.9432,0.5112,0.162915,2,0,13,287.44,1.0000,0.0215,0.000420,4.223
756415,520,444,964,154,80,250,299.00,0.9528,0.5448,0.195097,0,21,17,179.79,1.0000,0.0781,0.005768,4.395
756420,520,431,951,241,26,15,29.44,0.9881,0.5456,0.194774,38,10,39,326.27,0.6559,0.1048,0.007757,4.238
756427,520,450,970,217,31,169,342.00,0.9247,0.5399,0.185986,17,14,15,355.50,0.0802,0.0723,0.004677,4.316
756428,520,98,618,242,210,235,333.51,0.6787,0.8811,0.709694,4,113,75,161.17,0.9907,0.4041,0.123435,4.380
756430,520,450,970,202,37,206,327.10,0.9264,0.5389,0.183377,14,9,36,287.57,0.6474,0.0706,0.004161,4.309
756438,520,375,895,250,64,75,22.98,0.9678,0.5967,0.245023,63,15,51,339.25,0.6999,0.1624,0.016376,4.445
756450,520,454,974,200,52,179,334.53,0.8345,0.5293,0.179918,33,2,20,347.88,0.7915,0.0734,0.004173,4.244
756453,520,271,791,241,138,144,16.84,0.7512,0.7037,0.388938,2,71,51,166.53,0.9860,0.2563,0.047582,4.498
756454,520,451,971,193,14,242,316.13,0.9896,0.5416,0.180637,21,2,42,300.95,0.8903,0.0699,0.003700,4.295
756467,520,410,930,248,23,82,16.42,0.9816,0.5670,0.211820,62,3,8,22.84,0.9480,0.1306,0.011070,4.287
756479,520,301,821,245,113,167,356.56,0.8388,0.6749,0.340155,35,59,53,176.68,0.3502,0.2311,0.037422,4.463
756480,520,459,979,196,36,209,324.61,0.9278,0.5301,0.176026,25,0,25,328.36,1.0000,0.0588,0.002769,4.283
756481,520,464,984,225,25,80,14.67,0.9609,0.5193,0.172848,11,5,17,307.71,0.4792,0.0479,0.002202,4.269
756484,520,348,868,208,103,228,321.00,0.8285,0.6337,0.287133,10,42,92,259.45,0.8535,0.1934,0.024930,4.499
756490,520,411,931,239,29,151,352.82,0.9565,0.5726,0.214669,56,2,4,25.54,0.9658,0.1153,0.008931,4.491
756494,520,451,971,240,28,25,28.60,0.9832,0.5449,0.194293,2,15,33,253.34,0.7718,0.0717,0.004643,4.471
756497,520,470,990,186,72,163,336.36,0.7104,0.5188,0.177196,11,2,21,306.15,0.7535,0.0428,0.001687,4.396
756498,520,479,999,208,22,152,345.18,0.9316,0.5097,0.162529,0,0,4,264.05,1.0000,0.0106,0.000088,4.243
756510,520,39,559,253,246,158,104.34,0.9651,0.9526,0.892635,45,128,19,139.87,0.9832,0.4540,0.160427,4.480
756532,520,329,849,249,78,193,343.69,0.9488,0.6470,0.294418,14,53,70,230.83,0.7083,0.2096,0.030816,4.262
756536,520,362,882,241,58,185,343.49,0.9146,0.6104,0.252326,20,49,11,139.10,0.9216,0.1780,0.023694,4.102
756541,520,441,961,193,10,243,315.95,0.9929,0.5415,0.180270,3,21,38,247.77,0.7437,0.0907,0.006956,4.043
756547,520,294,814,235,111,216,333.59,0.8663,0.6780,0.339911,47,60,35,130.82,0.4226,0.2383,0.039574,4.353
756552,520,341,861,255,89,2,39.70,1.0000,0.6286,0.284127,54,33,89,297.68,0.6398,0.2049,0.025933,4.400
756561,520,377,897,228,6,243,324.89,0.9975,0.5992,0.230976,71,10,13,23.82,0.8773,0.1590,0.015860,4.266
756568,520,357,877,236,54,223,331.39,0.9494,0.6197,0.258015,6,46,57,220.78,0.8160,0.1776,0.022880,4.226
756595,520,410,930,251,25,41,26.26,0.9873,0.5681,0.213683,17,6,89,274.02,0.9758,0.1255,0.009706,4.416
756597,520,461,981,192,73,163,338.44,0.7188,0.5300,0.186175,0,13,5,158.86,1.0000,0.0523,0.002988,4.457
756633,520,175,695,248,162,252,325.30,0.9799,0.7983,0.528272,61,87,78,171.19,0.2730,0.3449,0.083584,4.329
756647,520,479,999,164,41,240,307.29,0.9442,0.5079,0.157704,0,0,1,264.05,1.0000,0.0060,0.000022,4.152
756649,520,372,892,252,38,175,348.29,0.9769,0.6126,0.251802,78,9,10,26.19,0.9222,0.1731,0.018373,4.414
756650,520,411,931,230,70,84,20.13,0.8579,0.5663,0.218462,9,24,59,263.99,0.7605,0.1178,0.010271,4.454
756669,520,367,887,197,109,204,324.47,0.6787,0.6141,0.271685,22,47,5,135.36,0.9522,0.1717,0.022145,4.459
756680,520,439,959,203,11,237,319.96,0.9920,0.5532,0.190519,35,10,24,347.79,0.5572,0.0920,0.006404,4.264
756688,520,454,974,201,3,220,323.49,0.9966,0.5349,0.176517,15,15,1,109.49,0.8427,0.0688,0.004454,4.160
756701,520,467,987,200,11,195,329.70,0.9788,0.5168,0.164607,2,7,15,249.85,0.5453,0.0432,0.001993,4.128
756709,520,253,773,253,111,244,330.07,0.9913,0.7193,0.387858,17,77,1,140.38,0.9982,0.2721,0.054289,4.199
756713,520,448,968,226,46,101,9.36,0.8936,0.5395,0.190651,14,11,48,280.38,0.7543,0.0839,0.005461,4.339
756717,520,458,978,211,0,190,333.98,1.0000,0.5313,0.175687,23,7,4,35.77,0.5526,0.0619,0.003429,4.224
756721,520,396,916,227,58,180,341.69,0.8761,0.5829,0.226548,45,25,38,341.01,0.3638,0.1422,0.013931,4.326
756722,520,408,928,235,56,125,2.97,0.8785,0.5726,0.219741,45,21,18,28.09,0.4517,0.1264,0.011380,4.395
756731,520,190,710,236,168,220,335.27,0.7487,0.7812,0.510069,5,90,52,156.33,0.9856,0.3216,0.075922,4.448
756737,520,479,999,211,8,144,348.41,0.9766,0.5073,0.160385,2,0,1,344.76,1.0000,0.0130,0.000151,4.195
756738,520,162,682,232,188,198,3.04,0.4619,0.8100,0.572006,21,96,76,170.53,0.8828,0.3519,0.090466,4.428
756758,520,348,868,252,2,226,334.26,0.9993,0.6295,0.262331,56,12,103,298.59,0.8920,0.1913,0.020830,4.410
756759,520,477,997,216,33,114,1.44,0.9050,0.5147,0.169040,0,1,3,247.65,1.0000,0.0159,0.000283,4.356
756774,520,425,945,225,32,183,339.66,0.9437,0.5630,0.204620,38,19,2,62.55,0.8095,0.1077,0.008823,4.329
756777,520,380,900,238,27,215,333.89,0.9803,0.6034,0.238701,65,8,59,332.96,0.7949,0.1636,0.016134,4.365
756807,520,451,971,236,13,66,19.35,0.9893,0.5356,0.185173,19,12,1,84.68,0.8144,0.0660,0.004036,4.352
756810,520,405,925,221,70,163,346.75,0.8046,0.5759,0.223992,36,22,43,313.83,0.4234,0.1258,0.011233,4.475
756814,520,440,960,186,42,244,313.10,0.9529,0.5450,0.186278,37,4,24,346.86,0.7418,0.0857,0.005462,4.260
756830,520,320,840,255,72,197,343.54,1.0000,0.6533,0.299292,62,43,50,355.09,0.2368,0.2134,0.029823,4.376
756831,520,356,876,236,5,254,324.36,0.9986,0.6207,0.250997,30,3,124,275.83,0.9931,0.1808,0.017963,4.429
756842,520,407,927,207,89,150,350.60,0.6733,0.5711,0.226140,60,7,20,12.06,0.8120,0.1337,0.011633,4.480
756845,520,459,979,222,10,138,353.05,0.9785,0.5270,0.175843,12,2,46,284.34,0.9393,0.0643,0.003188,4.246
756857,520,478,998,190,84,48,38.79,0.7757,0.5067,0.175029,5,1,0,51.16,1.0000,0.0224,0.000540,4.453
756903,520,365,885,245,20,203,338.57,0.9869,0.6067,0.242277,48,12,98,294.49,0.8905,0.1750,0.017732,4.315
756907,520,462,982,194,46,200,326.35,0.8817,0.5273,0.175950,1,10,12,207.97,0.7385,0.0481,0.002501,4.304
756920,520,378,898,233,12,229,329.28,0.9939,0.5992,0.232463,54,11,75,311.53,0.8141,0.1596,0.015317,4.324
756921,520,467,987,223,46,34,29.25,0.9484,0.5214,0.177602,6,8,0,118.13,1.0000,0.0440,0.002124,4.367
756924,520,336,856,248,9,255,326.83,1.0000,0.6426,0.273747,39,14,128,279.38,0.9586,0.2033,0.023038,4.433
756934,520,433,953,216,44,174,340.42,0.8858,0.5487,0.194586,33,0,60,303.10,1.0000,0.1000,0.006496,4.329
756952,520,291,811,189,140,231,308.05,0.7037,0.6761,0.353451,39,59,72,237.60,0.3171,0.2428,0.040270,4.469
756971,520,346,866,251,52,194,342.86,0.9721,0.6284,0.268635,39,46,37,138.75,0.1807,0.1891,0.025189,4.238
756981,520,414,934,241,22,136,357.93,0.9710,0.5678,0.210554,41,1,69,305.10,0.9718,0.1225,0.009228,4.399
757012,520,410,930,225,62,145,353.93,0.8301,0.5669,0.214997,46,0,65,312.76,1.0000,0.1253,0.009626,4.444
757020,520,382,902,201,109,156,349.31,0.5590,0.5970,0.257566,18,43,35,170.56,0.5247,0.1629,0.019776,4.408
757033,520,419,939,202,48,230,320.74,0.9336,0.5635,0.203852,36,21,17,35.57,0.3226,0.1123,0.009519,4.265
757047,520,353,873,254,51,157,354.90,0.9900,0.6165,0.258763,27,35,92,272.28,0.7411,0.1850,0.022077,4.284
757061,520,453,973,185,87,141,348.02,0.5973,0.5288,0.190552,34,2,10,7.61,0.8208,0.0716,0.004055,4.450
757065,520,465,985,158,60,241,303.97,0.9218,0.5175,0.168522,0,2,45,264.20,0.9886,0.0530,0.002329,4.176
757087,520,39,559,235,240,247,256.70,0.3557,0.9457,0.866975,15,128,18,142.86,0.9926,0.4462,0.155829,4.455
757110,520,403,923,246,20,145,355.89,0.9786,0.5806,0.221408,63,5,6,26.14,0.9341,0.1349,0.011786,4.393
757125,520,437,957,231,23,146,352.60,0.9587,0.5523,0.196799,38,11,2,42.95,0.8147,0.0922,0.006559,4.364
757150,520,410,930,220,79,110,10.56,0.7601,0.5653,0.219358,39,16,53,310.60,0.6453,0.1252,0.010590,4.446
757151,520,386,906,220,35,231,325.52,0.9688,0.5860,0.221894,67,5,31,1.83,0.8389,0.1500,0.014010,4.248
757153,520,383,903,249,34,153,354.38,0.9605,0.5953,0.235871,34,12,93,284.99,0.9077,0.1525,0.013933,4.471
757157,520,452,972,215,48,142,351.60,0.8470,0.5343,0.185163,27,7,5,29.42,0.5984,0.0680,0.003960,4.358
757161,520,385,905,235,17,211,334.20,0.9878,0.5923,0.227689,53,10,61,320.84,0.7751,0.1452,0.013110,4.400
757177,520,388,908,237,74,116,9.38,0.8495,0.5918,0.241660,65,16,9,31.04,0.8243,0.1530,0.015143,4.477
757178,520,432,952,182,72,226,314.59,0.8529,0.5529,0.200718,43,9,3,34.96,0.8388,0.0984,0.007156,4.387
757181,520,412,932,252,33,3,30.64,0.9980,0.5718,0.217935,46,10,46,327.80,0.7105,0.1225,0.009953,4.469
757185,520,465,985,204,50,150,345.88,0.8178,0.5191,0.173226,5,11,10,184.99,0.2718,0.0533,0.002935,4.217
757191,520,455,975,214,41,140,351.66,0.8688,0.5262,0.177778,14,12,7,89.86,0.2207,0.0624,0.003717,4.240
757192,520,417,937,231,14,192,338.34,0.9853,0.5728,0.211115,5,11,89,266.83,0.9773,0.1249,0.009928,4.357
757206,520,437,957,211,78,108,9.91,0.7297,0.5473,0.203826,17,18,33,280.15,0.3600,0.0898,0.006616,4.483
757210,520,368,888,250,42,168,350.15,0.9607,0.6078,0.248104,51,7,96,298.43,0.9229,0.1723,0.017003,4.449
757212,520,420,940,226,26,179,341.02,0.9565,0.5600,0.201648,40,9,43,324.10,0.7024,0.1092,0.008210,4.323
757217,520,466,986,224,2,102,5.93,0.9963,0.5161,0.168528,1,5,37,265.46,0.9433,0.0526,0.002485,4.164
757218,520,386,906,225,5,241,324.63,0.9977,0.5924,0.224692,25,40,6,130.03,0.8667,0.1511,0.017374,4.077
757249,520,204,724,247,170,108,58.75,0.8280,0.7671,0.496086,33,86,46,149.10,0.8434,0.3148,0.071759,4.485
757258,520,416,936,235,5,170,345.56,0.9939,0.5667,0.206759,0,35,12,151.31,1.0000,0.1214,0.012286,4.122
757261,520,467,987,170,76,192,319.62,0.7323,0.5166,0.175216,11,5,3,47.04,0.3470,0.0425,0.001863,4.343
757275,520,268,788,200,148,227,313.62,0.6649,0.7024,0.390060,10,71,50,164.34,0.9292,0.2579,0.048011,4.490
757283,520,416,936,221,60,177,341.21,0.8514,0.5725,0.217805,26,12,73,284.69,0.8558,0.1215,0.009636,4.491
757291,520,457,977,214,20,162,343.31,0.9503,0.5257,0.174074,16,13,0,100.69,1.0000,0.0647,0.003980,4.151
757295,520,429,949,242,27,35,27.17,0.9834,0.5494,0.197859,8,25,21,176.56,0.5070,0.0964,0.008010,4.273
757302,520,399,919,247,56,18,32.44,0.9850,0.5777,0.226497,47,19,56,317.27,0.6229,0.1442,0.013557,4.350
757314,520,461,981,186,40,226,317.30,0.9347,0.5290,0.174489,0,11,19,232.27,1.0000,0.0525,0.002863,4.247
757321,520,437,957,212,83,73,27.42,0.7749,0.5479,0.206668,12,24,8,138.11,0.6264,0.0924,0.007489,4.465
757322,520,462,982,225,44,75,18.25,0.9203,0.5297,0.183197,25,2,2,25.52,0.8555,0.0536,0.002545,4.438
757343,520,434,954,215,24,193,334.20,0.9586,0.5470,0.189528,1,9,70,264.82,0.9748,0.0955,0.006440,4.244
757351,520,332,852,234,90,197,339.12,0.8501,0.6379,0.288384,47,34,94,288.80,0.6678,0.2030,0.025565,4.478
757384,520,435,955,193,53,230,317.99,0.9162,0.5531,0.195982,19,8,59,284.00,0.8583,0.0942,0.006279,4.371
757388,520,393,913,229,28,223,329.75,0.9779,0.5929,0.228187,23,29,57,272.62,0.5004,0.1377,0.013563,4.377
757398,520,374,894,247,63,103,13.65,0.9344,0.5957,0.243118,39,33,58,294.07,0.3844,0.1639,0.018245,4.295
757401,520,356,876,251,34,201,340.55,0.9766,0.6218,0.258736,29,20,112,275.78,0.9305,0.1812,0.019313,4.454
757402,520,426,946,210,7,238,321.58,0.9955,0.5650,0.200285,37,7,49,314.46,0.7699,0.1060,0.007671,4.340
757406,520,238,758,240,132,230,330.63,0.9073,0.7251,0.407430,42,69,79,223.43,0.3519,0.2780,0.053128,4.436
757407,520,400,920,247,44,112,8.33,0.9412,0.5829,0.227488,65,0,36,353.76,1.0000,0.1423,0.012514,4.439
757428,520,459,979,155,63,253,300.40,0.9853,0.5276,0.176158,17,7,8,12.20,0.3207,0.0553,0.002887,4.276
757447,520,405,925,229,55,178,342.73,0.8869,0.5829,0.226073,28,19,72,284.40,0.7586,0.1336,0.011805,4.467
757450,520,428,948,238,20,121,2.34,0.9724,0.5557,0.200611,32,20,17,34.53,0.2652,0.1045,0.008479,4.285
757454,520,429,949,244,11,69,19.13,0.9926,0.5526,0.199056,10,26,2,135.13,0.9457,0.0958,0.008077,4.288
757467,520,354,874,246,27,212,336.48,0.9832,0.6160,0.251332,58,34,43,355.79,0.3310,0.1836,0.022181,4.175
757478,520,421,941,238,54,25,31.65,0.9723,0.5581,0.208889,19,20,53,278.22,0.6177,0.1101,0.008958,4.391
757479,520,281,801,177,148,243,296.93,0.7765,0.6861,0.369981,4,66,69,200.14,0.9371,0.2475,0.043517,4.491
757488,520,418,938,141,100,243,292.58,0.8663,0.5557,0.212481,18,1,91,274.84,0.9960,0.1229,0.009056,4.445
757496,520,348,868,228,91,194,338.54,0.8121,0.6281,0.278735,40,37,77,284.44,0.5199,0.1879,0.023100,4.497
757503,520,383,903,235,81,131,4.21,0.8176,0.6011,0.251885,36,37,17,111.05,0.4572,0.1542,0.017387,4.480
757506,520,260,780,235,148,121,38.00,0.6946,0.7087,0.402246,2,76,52,163.78,0.9888,0.2736,0.054295,4.336
757521,520,380,900,220,46,237,323.95,0.9585,0.5966,0.232861,61,6,67,323.54,0.8363,0.1600,0.015277,4.333
757525,520,424,944,201,12,249,316.77,0.9932,0.5599,0.195215,26,24,30,300.59,0.1355,0.1118,0.009666,4.110
757540,520,453,973,185,89,140,348.97,0.5847,0.5316,0.193539,14,16,5,116.72,0.4701,0.0714,0.004749,4.448
757545,520,124,644,253,206,16,91.83,0.9919,0.8456,0.650646,2,110,18,143.81,0.9987,0.3841,0.112079,4.323
757548,520,431,951,247,0,32,26.50,1.0000,0.5522,0.198821,2,12,71,265.25,0.9637,0.1019,0.007307,4.342
757554,520,380,900,247,33,172,348.00,0.9641,0.5993,0.238437,59,20,47,341.12,0.6005,0.1600,0.016355,4.347
757555,520,263,783,241,137,163,4.64,0.7442,0.7077,0.392388,40,71,16,134.35,0.9098,0.2644,0.049949,4.426
757557,520,384,904,214,46,248,319.86,0.9700,0.5948,0.230293,19,15,99,272.63,0.9531,0.1507,0.013809,4.393
757572,520,409,929,234,45,147,353.86,0.9070,0.5703,0.214787,47,22,7,50.01,0.6639,0.1295,0.011936,4.275
757588,520,396,916,219,26,232,325.11,0.9798,0.5810,0.216272,50,21,25,12.57,0.4780,0.1368,0.012847,4.237
757590,520,479,999,181,81,124,355.35,0.6017,0.5056,0.171652,1,0,0,29.23,1.0000,0.0090,0.000065,4.427
757607,520,405,925,231,38,191,338.84,0.9440,0.5817,0.221394,47,22,11,43.80,0.5735,0.1302,0.012024,4.376
757614,520,389,909,239,58,153,353.70,0.8877,0.5923,0.236797,54,18,54,327.58,0.6413,0.1524,0.014833,4.424
757621,520,445,965,157,88,218,305.80,0.7651,0.5351,0.192100,21,15,21,326.20,0.2049,0.0810,0.005552,4.358
757628,520,386,906,228,83,139,359.81,0.7729,0.5940,0.245471,35,31,57,289.63,0.4109,0.1540,0.016327,4.455
757650,520,426,946,198,49,236,318.15,0.9370,0.5623,0.202600,3,17,66,264.59,0.9293,0.1058,0.008135,4.345
757657,520,472,992,227,8,87,11.75,0.9888,0.5197,0.171956,4,1,17,290.86,0.8347,0.0302,0.000880,4.362
757667,520,436,956,235,31,112,5.48,0.9475,0.5513,0.198151,4,25,21,179.24,0.7210,0.0940,0.007752,4.297
757684,520,458,978,228,24,98,8.84,0.9586,0.5296,0.180320,15,9,11,356.50,0.1867,0.0583,0.003211,4.328
757705,520,257,777,243,123,213,337.62,0.8946,0.7066,0.380271,56,62,74,264.25,0.1567,0.2669,0.047804,4.399
757729,520,390,910,243,68,99,15.45,0.9071,0.5920,0.240930,35,23,76,288.40,0.7100,0.1520,0.014919,4.481
757733,520,328,848,253,33,248,329.39,0.9935,0.6531,0.287507,95,3,37,8.10,0.9454,0.2126,0.026320,4.422
757748,520,355,875,247,27,216,335.68,0.9847,0.6202,0.255190,43,2,115,286.12,0.9890,0.1805,0.017948,4.492
757777,520,453,973,219,7,160,345.01,0.9850,0.5308,0.177526,11,12,36,278.03,0.5992,0.0737,0.004615,4.166
757782,520,466,986,230,20,17,28.85,0.9879,0.5197,0.173668,12,8,8,18.07,0.1323,0.0522,0.002694,4.245
757783,520,466,986,223,45,2,32.72,0.9974,0.5189,0.175719,19,3,15,336.95,0.6378,0.0515,0.002381,4.309
757785,520,452,972,129,96,241,289.04,0.8668,0.5345,0.193836,8,10,42,274.29,0.7698,0.0725,0.004359,4.486
757786,520,419,939,217,39,200,332.78,0.9311,0.5624,0.203751,49,8,25,359.14,0.7164,0.1143,0.008969,4.303
757788,520,431,951,241,23,64,20.78,0.9815,0.5490,0.196871,20,8,67,281.98,0.8972,0.1037,0.007276,4.310
757827,520,439,959,234,10,146,352.94,0.9855,0.5545,0.197878,3,7,65,267.01,0.9717,0.0876,0.005529,4.464
757832,520,370,890,233,98,93,24.87,0.8164,0.6110,0.268520,32,43,36,156.92,0.2157,0.1734,0.021622,4.447
757835,520,415,935,236,33,147,353.67,0.9423,0.5670,0.210302,26,25,37,288.14,0.2456,0.1177,0.010484,4.304
757845,520,444,964,216,0,191,334.96,1.0000,0.5412,0.183628,31,9,10,18.94,0.5397,0.0792,0.005086,4.241
757863,520,418,938,235,8,154,350.54,0.9890,0.5596,0.201719,16,22,57,272.23,0.6649,0.1156,0.009793,4.210
757879,520,453,973,220,28,147,349.97,0.9287,0.5333,0.181553,27,8,18,348.83,0.5017,0.0739,0.004504,4.248
757884,520,421,941,228,53,135,357.55,0.8653,0.5603,0.207922,9,30,21,163.44,0.6159,0.1121,0.010407,4.270
757886,520,446,966,215,63,116,3.83,0.7960,0.5387,0.192654,1,3,69,265.21,0.9918,0.0848,0.005012,4.411
757911,520,384,904,253,32,116,7.01,0.9842,0.5893,0.231803,72,4,2,29.46,0.9723,0.1534,0.014692,4.356
757918,520,362,882,199,97,231,317.41,0.8386,0.6141,0.264623,30,48,17,133.78,0.7050,0.1823,0.024303,4.234
757933,520,410,930,196,82,202,325.65,0.7737,0.5704,0.220361,30,23,62,287.93,0.6109,0.1343,0.012366,4.335
757938,520,391,911,233,51,185,341.37,0.9130,0.5906,0.231968,61,1,58,330.69,0.9383,0.1481,0.013194,4.462
757940,520,458,978,205,66,137,352.82,0.7561,0.5316,0.186837,27,3,16,348.61,0.7086,0.0636,0.003356,4.439
757943,520,476,996,199,75,11,41.40,0.9636,0.5058,0.172004,2,1,6,294.08,0.6164,0.0213,0.000478,4.398
757947,520,441,961,231,40,79,17.02,0.9369,0.5399,0.190740,24,9,42,301.23,0.6907,0.0857,0.005567,4.332
757963,520,435,955,172,68,251,305.94,0.9697,0.5539,0.198706,28,15,20,354.89,0.3013,0.0892,0.006391,4.410
757972,520,415,935,247,45,67,22.31,0.9600,0.5738,0.220597,46,13,42,332.58,0.6424,0.1240,0.010359,4.483
757988,520,307,827,245,76,251,326.50,0.9856,0.6707,0.315490,69,37,87,311.95,0.5817,0.2313,0.032766,4.416
757992,520,272,792,228,151,78,62.01,0.7524,0.6976,0.391793,9,74,10,142.92,0.9872,0.2603,0.049773,4.428
758014,520,476,996,192,35,185,330.26,0.8922,0.5060,0.159129,4,0,6,318.71,1.0000,0.0204,0.000390,4.150
758064,520,237,757,185,170,220,298.43,0.4652,0.7299,0.442311,29,81,11,139.35,0.9771,0.2911,0.061700,4.407
758085,520,455,975,215,58,114,3.92,0.8141,0.5328,0.186905,24,6,7,17.55,0.5356,0.0621,0.003398,4.437
758093,520,354,874,222,102,158,353.09,0.6957,0.6182,0.275031,13,51,3,139.77,0.9862,0.1804,0.024597,4.357
758099,520,468,988,158,81,213,308.32,0.7680,0.5218,0.179586,11,4,13,319.89,0.4637,0.0437,0.001870,4.426
758104,520,418,938,213,21,213,328.30,0.9750,0.5554,0.194886,8,1,93,268.59,0.9979,0.1195,0.008636,4.176
758136,520,440,960,215,20,197,333.07,0.9695,0.5480,0.189808,43,4,19,1.19,0.7781,0.0948,0.006475,4.246
758161,520,318,838,255,13,255,328.34,1.0000,0.6554,0.287710,98,11,34,13.06,0.8757,0.2243,0.029520,4.247
758171,520,373,893,219,95,159,350.62,0.7029,0.6032,0.257498,25,43,20,139.08,0.6016,0.1631,0.019849,4.402
758177,520,454,974,208,77,25,39.15,0.9274,0.5261,0.187901,1,7,48,264.91,0.9549,0.0672,0.003718,4.429
758178,520,400,920,188,95,214,318.41,0.7522,0.5849,0.237319,3,37,37,194.91,0.8718,0.1375,0.014760,4.437
758182,520,470,990,205,61,109,4.67,0.7765,0.5154,0.174229,19,0,4,5.10,1.0000,0.0400,0.001472,4.356
758190,520,313,833,218,107,243,319.95,0.9163,0.6628,0.318935,17,55,73,232.51,0.6714,0.2187,0.033324,4.428
758194,520,422,942,225,50,157,348.63,0.8737,0.5614,0.207257,16,29,23,164.02,0.3404,0.1140,0.010507,4.252
758214,520,459,979,182,21,243,312.71,0.9815,0.5271,0.169536,3,4,43,269.95,0.9507,0.0579,0.002806,4.157
758219,520,409,929,239,14,151,352.43,0.9828,0.5675,0.209023,7,19,80,266.98,0.9341,0.1273,0.010900,4.253
758248,520,480,1000,185,22,211,321.12,0.9598,0.5058,0.155926,0,0,0,0.00,0.0000,0.0000,0.000000,4.119
758252,520,388,908,229,89,84,25.30,0.8209,0.5889,0.244455,50,26,38,349.18,0.3899,0.1518,0.015569,4.491
758257,520,443,963,203,14,220,323.96,0.9846,0.5408,0.181797,25,3,49,300.26,0.8804,0.0830,0.004936,4.219
758266,520,461,981,212,63,102,9.40,0.7952,0.5287,0.185137,1,11,15,218.58,0.7618,0.0516,0.002803,4.453
758273,520,413,933,177,85,232,310.38,0.8439,0.5672,0.216711,27,15,63,288.69,0.7513,0.1169,0.009335,4.495
758278,520,405,925,235,69,93,17.04,0.8668,0.5765,0.227117,39,26,10,70.47,0.5281,0.1269,0.011921,4.475
758280,520,441,961,194,25,237,317.36,0.9756,0.5427,0.182804,29,3,48,306.48,0.8658,0.0875,0.005398,4.202
758287,520,423,943,196,72,199,326.83,0.7999,0.5559,0.204955,45,11,16,14.52,0.6482,0.1080,0.008347,4.370
758293,520,354,874,224,56,253,321.11,0.9911,0.6215,0.257695,76,17,30,11.96,0.7418,0.1816,0.020314,4.376
758305,520,470,990,230,28,21,29.03,0.9803,0.5234,0.177107,7,3,17,297.86,0.6199,0.0391,0.001508,4.409
758308,520,406,926,190,78,242,312.97,0.9134,0.5835,0.228078,26,30,24,135.12,0.1537,0.1256,0.012141,4.475
758334,520,451,971,234,40,57,23.64,0.9553,0.5423,0.193085,1,19,14,174.44,0.9126,0.0721,0.005039,4.417
758335,520,405,925,211,58,224,324.54,0.9134,0.5819,0.222586,20,29,51,266.18,0.4529,0.1312,0.012664,4.350
758344,520,431,951,195,55,222,320.51,0.8988,0.5521,0.196099,32,21,0,83.93,1.0000,0.1031,0.008434,4.212
758348,520,445,965,205,42,194,331.28,0.8986,0.5394,0.185320,25,5,44,303.39,0.7971,0.0819,0.004971,4.281
758367,520,422,942,213,64,172,340.94,0.8124,0.5598,0.207936,44,10,21,3.50,0.6423,0.1063,0.008068,4.442
758376,520,448,968,174,55,242,309.31,0.9319,0.5358,0.181427,9,10,50,274.22,0.8474,0.0804,0.005054,4.204
758402,520,460,980,224,19,118,0.76,0.9606,0.5258,0.176238,8,10,30,275.81,0.5731,0.0634,0.003624,4.219
758431,520,421,941,192,64,233,316.51,0.8974,0.5641,0.207577,3,32,14,153.18,0.9448,0.1134,0.010840,4.234
758441,520,447,967,235,16,97,9.82,0.9801,0.5410,0.188989,14,19,7,126.81,0.4528,0.0796,0.005744,4.287
758447,520,468,988,205,38,157,343.09,0.8687,0.5152,0.168017,4,0,30,280.31,1.0000,0.0373,0.001195,4.259
758461,520,379,899,206,96,186,334.85,0.7024,0.5968,0.250344,29,41,8,126.94,0.7926,0.1579,0.018646,4.375
758470,520,405,925,227,2,217,330.79,0.9985,0.5786,0.213865,35,15,67,296.05,0.7573,0.1300,0.011042,4.323
758486,520,418,938,194,90,171,336.61,0.6605,0.5616,0.217234,18,31,5,131.32,0.8326,0.1172,0.011195,4.367
758491,520,409,929,145,114,216,295.75,0.6646,0.5667,0.230123,29,31,30,164.75,0.0393,0.1335,0.013349,4.422
758493,520,458,978,165,80,211,311.72,0.7690,0.5284,0.184405,7,4,39,278.63,0.8808,0.0575,0.002785,4.441
758503,520,291,811,242,134,44,54.95,0.9207,0.6806,0.361120,23,66,22,143.01,0.9238,0.2387,0.041364,4.500
758512,520,447,967,197,12,230,319.96,0.9888,0.5378,0.178480,17,3,58,284.13,0.9417,0.0833,0.004898,4.162
758519,520,430,950,195,78,182,332.21,0.7388,0.5518,0.204298,39,13,3,43.92,0.7622,0.0976,0.007258,4.441
758521,520,414,934,245,25,121,3.75,0.9704,0.5717,0.214916,51,13,24,5.64,0.6426,0.1246,0.010577,4.373
758523,520,408,928,198,56,241,316.75,0.9338,0.5718,0.211864,41,26,13,61.06,0.4612,0.1303,0.012393,4.197
758539,520,474,994,214,61,31,32.93,0.9353,0.5176,0.177350,10,1,13,320.36,0.7573,0.0348,0.001153,4.445
758551,520,462,982,232,37,35,27.93,0.9677,0.5337,0.186034,3,10,18,245.83,0.5057,0.0525,0.002801,4.470
758567,520,397,917,249,21,125,2.94,0.9794,0.5797,0.221603,48,18,50,325.04,0.6034,0.1400,0.012914,4.317
758601,520,386,906,206,75,217,324.57,0.8527,0.5865,0.231654,27,28,73,277.91,0.6576,0.1517,0.015445,4.304
758608,520,459,979,182,83,164,334.89,0.6499,0.5287,0.188132,6,10,28,270.39,0.5719,0.0605,0.003396,4.460
758613,520,468,988,216,28,138,352.22,0.9197,0.5214,0.172669,14,3,2,31.11,0.5861,0.0403,0.001629,4.313
758620,520,462,982,156,86,212,307.14,0.7466,0.5262,0.184775,24,0,13,347.64,1.0000,0.0512,0.002233,4.495
758630,520,431,951,181,81,208,318.54,0.7713,0.5505,0.202637,16,18,49,276.71,0.6261,0.1001,0.007645,4.383
758638,520,477,997,149,66,240,300.57,0.9101,0.5116,0.165776,3,1,8,299.53,0.6793,0.0239,0.000586,4.266
758651,520,336,856,210,119,187,337.17,0.6220,0.6409,0.304847,0,56,45,174.77,1.0000,0.2028,0.030177,4.426
758654,520,448,968,234,37,57,23.30,0.9601,0.5403,0.191141,24,9,29,317.18,0.5475,0.0769,0.004783,4.402
758701,520,325,845,248,45,244,329.13,0.9801,0.6477,0.283678,72,17,97,312.39,0.8152,0.2147,0.026418,4.366
758703,520,451,971,182,37,245,311.87,0.9607,0.5366,0.178619,26,7,3,38.23,0.6581,0.0659,0.003782,4.251
758711,520,450,970,241,1,13,28.44,0.9996,0.5384,0.187550,27,3,31,322.08,0.7723,0.0715,0.003971,4.401
758723,520,380,900,225,5,253,322.00,0.9982,0.6014,0.232101,73,7,31,5.61,0.8328,0.1650,0.016676,4.231
758724,520,352,872,201,127,133,14.54,0.4579,0.6229,0.292911,27,51,35,153.88,0.4976,0.1941,0.027219,4.441
758748,520,397,917,248,52,47,27.79,0.9702,0.5784,0.226212,13,35,37,203.26,0.4940,0.1359,0.014211,4.302
758750,520,478,998,195,67,136,350.69,0.7245,0.5146,0.173957,1,0,11,279.92,1.0000,0.0185,0.000306,4.452
758751,520,424,944,243,39,43,26.89,0.9700,0.5586,0.206836,2,28,46,242.03,0.8445,0.1147,0.010406,4.252
758762,520,469,989,222,43,48,25.80,0.9428,0.5184,0.174735,17,0,9,345.35,1.0000,0.0390,0.001389,4.373
758769,520,394,914,210,51,246,319.12,0.9598,0.5904,0.227248,44,21,50,319.06,0.5369,0.1392,0.013021,4.399
758770,520,437,957,242,21,7,29.65,0.9947,0.5455,0.194324,5,14,53,267.07,0.8798,0.0879,0.006033,4.360
758772,520,327,847,248,50,236,331.00,0.9732,0.6456,0.282967,88,18,47,0.14,0.7530,0.2135,0.027129,4.317
758781,520,464,984,199,9,201,327.80,0.9842,0.5188,0.165563,0,6,30,260.45,1.0000,0.0481,0.002240,4.126
758785,520,453,973,132,96,235,291.02,0.8268,0.5327,0.192693,31,6,4,29.42,0.7212,0.0722,0.004304,4.469
758787,520,430,950,219,12,192,335.45,0.9832,0.5500,0.191311,24,6,58,291.45,0.8611,0.0953,0.006299,4.286
758792,520,430,950,219,12,192,335.45,0.9832,0.5500,0.191311,32,15,22,354.12,0.3742,0.0955,0.007067,4.229
758796,520,421,941,170,75,251,304.73,0.9655,0.5595,0.205438,13,10,71,273.88,0.9326,0.1055,0.007575,4.437
758801,520,391,911,228,38,219,330.48,0.9617,0.5932,0.229971,56,19,44,341.90,0.5919,0.1516,0.014885,4.315
758804,520,446,966,239,18,44,24.94,0.9888,0.5404,0.189685,26,8,29,321.78,0.5857,0.0778,0.004820,4.372
758805,520,430,950,226,3,176,341.70,0.9954,0.5520,0.193711,0,9,72,264.00,1.0040,0.0974,0.006632,4.303
758806,520,371,891,230,30,248,324.11,0.9856,0.6127,0.245312,40,40,27,107.82,0.2573,0.1696,0.020478,4.190
758812,520,158,678,246,196,63,87.15,0.9029,0.8170,0.594334,26,100,1,140.15,0.9989,0.3538,0.093358,4.495
758817,520,388,908,231,82,97,18.15,0.8205,0.5857,0.238893,31,33,42,275.25,0.1677,0.1463,0.015462,4.413
758818,520,419,939,228,38,158,348.44,0.9174,0.5592,0.203515,27,2,73,288.41,0.9691,0.1095,0.007575,4.403
758819,520,473,993,205,17,191,332.15,0.9663,0.5249,0.171436,5,2,5,326.77,0.3882,0.0284,0.000866,4.353
758820,520,418,938,216,51,186,336.75,0.8788,0.5607,0.205140,14,0,91,272.26,1.0000,0.1188,0.008486,4.362
758829,520,422,942,219,19,208,331.12,0.9785,0.5621,0.200821,21,16,60,282.13,0.7413,0.1099,0.008562,4.283
758830,520,249,769,254,129,185,353.49,0.9743,0.7206,0.402769,56,64,82,266.09,0.2224,0.2765,0.051167,4.475
758831,520,355,875,237,44,238,327.96,0.9725,0.6245,0.259815,12,43,71,249.19,0.7092,0.1797,0.022607,4.267
758832,520,379,899,240,87,43,36.16,0.9303,0.6003,0.255192,37,39,13,112.92,0.5962,0.1604,0.018734,4.440
758835,520,478,998,202,69,49,31.29,0.8493,0.5061,0.170366,1,3,0,132.12,1.0000,0.0241,0.000716,4.345
758854,520,418,938,230,7,179,341.78,0.9910,0.5621,0.202324,32,0,79,291.00,1.0000,0.1200,0.008716,4.297
758857,520,438,958,212,62,160,344.96,0.8034,0.5500,0.199825,28,15,22,346.28,0.3148,0.0899,0.006465,4.424
758862,520,436,956,161,79,250,301.52,0.9538,0.5521,0.200716,43,2,24,352.07,0.8297,0.0937,0.006230,4.459
758872,520,407,927,246,45,37,28.63,0.9671,0.5682,0.216067,54,12,14,21.49,0.7349,0.1261,0.010790,4.377
758897,520,377,897,207,67,247,317.53,0.9565,0.6002,0.239967,35,13,94,285.30,0.9005,0.1559,0.014533,4.493
758922,520,327,847,244,67,236,330.00,0.9571,0.6515,0.293062,66,34,66,327.10,0.4953,0.2074,0.026958,4.458
758934,520,474,994,212,32,157,344.73,0.9046,0.5247,0.174667,11,0,3,358.00,1.0000,0.0283,0.000777,4.425
758945,520,400,920,210,99,123,8.38,0.6286,0.5819,0.240573,24,35,32,176.27,0.2153,0.1412,0.015005,4.470
758966,520,441,961,228,55,64,23.61,0.9127,0.5431,0.195994,12,13,50,275.82,0.7644,0.0878,0.005963,4.396
758972,520,465,985,217,8,143,350.17,0.9801,0.5188,0.169110,19,5,9,0.27,0.4750,0.0538,0.002667,4.160
758975,520,394,914,224,11,244,323.69,0.9951,0.5940,0.226205,49,12,59,318.25,0.7437,0.1393,0.012318,4.432
758977,520,399,919,212,15,249,319.59,0.9925,0.5786,0.211801,1,26,80,261.54,0.9808,0.1389,0.013243,4.140
759026,520,423,943,181,93,192,323.05,0.6730,0.5585,0.214593,29,22,19,44.46,0.1640,0.1060,0.008821,4.498
759049,520,324,844,196,133,180,336.29,0.4648,0.6456,0.318072,3,58,45,171.72,0.9632,0.2104,0.032348,4.470
759062,520,379,899,241,40,186,342.67,0.9505,0.5985,0.237665,47,9,87,299.00,0.8859,0.1588,0.014879,4.434
759085,520,367,887,151,119,255,291.01,1.0000,0.6099,0.269928,23,43,52,228.47,0.3914,0.1735,0.021578,4.470
759087,520,465,985,211,55,94,11.18,0.8284,0.5160,0.173917,8,0,39,283.77,1.0000,0.0497,0.001981,4.308
759089,520,347,867,242,90,147,0.39,0.8467,0.6301,0.282991,54,41,40,23.43,0.1694,0.1936,0.025234,4.426
759117,520,469,989,211,36,144,349.20,0.8816,0.5189,0.171265,17,0,6,354.33,1.0000,0.0378,0.001323,4.311
759151,520,433,953,189,41,250,312.70,0.9751,0.5540,0.193080,28,20,24,346.98,0.1796,0.1018,0.008132,4.182
759155,520,463,983,138,83,248,293.34,0.9358,0.5287,0.183671,12,1,33,295.04,0.9219,0.0502,0.002097,4.485
759157,520,12,532,249,254,236,119.48,0.9354,0.9865,0.970794,3,136,36,145.08,0.9985,0.4728,0.177543,4.486
759198,520,454,974,123,104,222,287.30,0.7424,0.5285,0.193853,17,14,14,17.67,0.0760,0.0719,0.004650,4.462
759207,520,273,793,225,126,239,322.50,0.8846,0.6996,0.371629,19,73,5,140.35,0.9893,0.2592,0.049143,4.253
759230,520,445,965,215,0,192,334.43,1.0000,0.5400,0.182551,5,1,66,269.62,0.9953,0.0804,0.004473,4.269
759244,520,475,995,181,70,179,328.42,0.7402,0.5172,0.174600,11,1,11,327.90,0.7386,0.0349,0.001170,4.389
759247,520,475,995,184,45,215,319.28,0.9031,0.5208,0.169747,4,2,1,57.67,0.3689,0.0252,0.000714,4.333
759253,520,350,870,254,16,224,335.19,0.9955,0.6344,0.268265,69,18,68,328.64,0.7217,0.1878,0.021153,4.473
759258,520,436,956,208,59,185,334.98,0.8361,0.5532,0.200426,11,10,61,274.11,0.9037,0.0929,0.006251,4.452
759276,520,449,969,224,38,124,359.62,0.9032,0.5373,0.186914,20,10,27,310.05,0.4749,0.0727,0.004449,4.351
759294,520,449,969,242,13,10,29.07,0.9945,0.5431,0.191905,27,6,11,6.26,0.5684,0.0678,0.003875,4.490
759297,520,469,989,227,13,92,10.23,0.9809,0.5221,0.173943,7,2,28,287.76,0.8496,0.0438,0.001724,4.330
759329,520,435,955,234,2,146,352.81,0.9970,0.5529,0.196142,35,14,3,50.32,0.7215,0.0929,0.006780,4.335
759332,520,450,970,240,29,14,29.75,0.9887,0.5448,0.194391,2,16,27,240.45,0.7293,0.0704,0.004626,4.474
759334,520,365,885,233,74,188,341.20,0.8612,0.6130,0.258546,25,41,45,215.08,0.2903,0.1654,0.019820,4.419
759337,520,383,903,219,61,226,326.17,0.9208,0.5989,0.238906,30,29,69,281.06,0.5894,0.1532,0.015844,4.388
759345,520,212,732,241,149,231,330.86,0.9004,0.7562,0.459671,49,79,69,171.22,0.3577,0.3087,0.066744,4.366
759353,520,470,990,194,41,190,329.32,0.8810,0.5168,0.167746,18,0,18,328.36,1.0000,0.0445,0.001723,4.210
759372,520,401,921,169,109,204,311.93,0.6308,0.5773,0.237325,16,32,59,260.26,0.5819,0.1421,0.014589,4.449
759387,520,285,805,245,122,180,352.25,0.8378,0.6939,0.366294,45,67,9,128.77,0.9221,0.2545,0.045918,4.340
759400,520,438,958,230,56,92,14.58,0.8840,0.5535,0.204269,12,20,28,248.97,0.3055,0.0881,0.006623,4.491
759407,520,360,880,220,95,191,337.44,0.7628,0.6194,0.271637,36,34,85,280.85,0.6393,0.1837,0.021749,4.483
759421,520,299,819,252,113,97,28.75,0.9641,0.6669,0.333720,37,59,51,169.60,0.3276,0.2318,0.037602,4.380
759432,520,418,938,202,41,226,321.88,0.9424,0.5557,0.196351,6,25,65,262.35,0.8546,0.1240,0.011156,4.028
759439,520,479,999,155,74,211,308.42,0.7858,0.5060,0.165698,1,0,2,311.99,1.0000,0.0114,0.000108,4.305
759443,520,300,820,252,87,205,341.00,0.9752,0.6677,0.319226,21,64,25,145.11,0.9136,0.2315,0.038963,4.150
759451,520,449,969,227,6,153,349.09,0.9892,0.5429,0.187638,12,12,32,281.01,0.5194,0.0718,0.004454,4.364
759465,520,391,911,215,25,249,320.25,0.9860,0.5866,0.219838,46,30,13,66.30,0.5245,0.1474,0.015385,4.127
759490,520,407,927,224,58,168,344.97,0.8553,0.5715,0.217030,10,28,66,262.89,0.7741,0.1342,0.012883,4.246
759497,520,365,885,237,95,59,35.29,0.8851,0.6079,0.265076,3,47,27,158.28,0.9652,0.1672,0.021314,4.418
759505,520,408,928,245,46,4,32.04,0.9968,0.5652,0.213787,26,30,38,264.18,0.1761,0.1314,0.012881,4.195
759518,520,336,856,241,96,153,358.70,0.8289,0.6385,0.293692,7,55,38,164.18,0.9179,0.1991,0.029174,4.341
759533,520,455,975,199,82,84,21.83,0.6968,0.5256,0.188187,2,14,1,140.71,0.9651,0.0554,0.003292,4.470
759554,520,313,833,235,86,237,327.27,0.9297,0.6568,0.304345,37,53,69,248.99,0.3146,0.2222,0.033691,4.234
759555,520,363,883,230,77,193,338.88,0.8528,0.6138,0.259834,2,48,41,179.63,0.9582,0.1749,0.022868,4.252
759558,520,73,593,245,220,235,341.05,0.6101,0.9059,0.765977,48,118,18,138.65,0.9789,0.4228,0.136285,4.380
759571,520,465,985,193,26,213,322.86,0.9556,0.5226,0.168819,8,6,19,290.20,0.4688,0.0484,0.002289,4.185
759595,520,447,967,207,25,198,330.72,0.9534,0.5361,0.180398,0,13,53,261.73,1.0000,0.0826,0.005448,4.155
759600,520,435,955,212,53,168,341.64,0.8410,0.5454,0.193726,15,14,50,278.89,0.7163,0.0920,0.006459,4.317
759608,520,396,916,243,9,172,346.74,0.9917,0.5839,0.222318,9,38,24,159.30,0.7762,0.1386,0.015102,4.183
759612,520,374,894,244,27,198,339.75,0.9781,0.6044,0.240972,0,35,82,257.14,0.9999,0.1624,0.018111,4.272
759613,520,404,924,183,85,242,310.13,0.8988,0.5828,0.229760,35,29,19,80.18,0.2717,0.1313,0.012831,4.453
759622,520,368,888,242,23,213,335.30,0.9854,0.6080,0.242971,29,13,113,276.48,0.9597,0.1739,0.017412,4.346
759628,520,462,982,160,61,250,302.76,0.9665,0.5293,0.177137,0,2,39,264.15,0.9850,0.0467,0.001899,4.377
759631,520,460,980,234,13,68,18.63,0.9884,0.5317,0.182008,20,6,22,322.65,0.5520,0.0624,0.003369,4.347
759648,520,305,825,246,125,50,48.45,0.9212,0.6709,0.344933,32,63,12,135.72,0.9315,0.2322,0.038885,4.443
759650,520,447,967,239,26,38,26.54,0.9827,0.5428,0.192328,24,13,23,329.79,0.3396,0.0812,0.005439,4.371
759654,520,421,941,228,48,135,357.12,0.8808,0.5562,0.203599,22,6,71,283.11,0.9263,0.1073,0.007557,4.406
759671,520,385,905,219,32,236,324.12,0.9749,0.5864,0.221513,48,9,75,306.39,0.8429,0.1482,0.013318,4.288
759690,520,349,869,253,41,206,339.73,0.9882,0.6316,0.269280,49,36,68,301.59,0.4414,0.1893,0.023321,4.355
759694,520,474,994,185,58,190,326.32,0.8117,0.5166,0.170595,2,3,10,271.66,0.5048,0.0301,0.000999,4.325
759700,520,432,952,241,6,97,10.35,0.9940,0.5512,0.196974,28,19,27,330.08,0.2451,0.1007,0.007918,4.264
759715,520,431,951,238,25,84,14.88,0.9716,0.5473,0.195157,3,27,22,177.38,0.8245,0.0998,0.008611,4.183
759724,520,319,839,201,133,167,348.42,0.4547,0.6467,0.319838,45,54,47,151.94,0.1527,0.2220,0.034014,4.402
759728,520,386,906,225,78,152,352.87,0.7823,0.5874,0.237258,35,36,26,112.32,0.2078,0.1525,0.016937,4.291
759747,520,426,946,229,51,135,357.58,0.8744,0.5605,0.207777,54,0,15,10.88,1.0000,0.1105,0.008189,4.430
759762,520,375,895,228,73,185,340.86,0.8446,0.6019,0.247643,18,38,60,252.18,0.5356,0.1606,0.018410,4.351
759764,520,445,965,231,11,130,357.69,0.9822,0.5422,0.188429,23,16,17,8.70,0.1620,0.0840,0.005932,4.263
759765,520,454,974,219,58,61,24.73,0.8912,0.5277,0.184257,17,1,46,292.32,0.9573,0.0672,0.003381,4.388
759776,520,299,819,247,120,102,29.78,0.9011,0.6711,0.341693,15,61,57,186.81,0.7547,0.2287,0.037343,4.485
759803,520,407,927,219,90,52,36.86,0.8475,0.5678,0.226227,1,31,54,245.37,0.9232,0.1283,0.012527,4.418
759806,520,394,914,252,33,133,1.37,0.9753,0.5932,0.234802,32,20,76,286.68,0.7569,0.1434,0.013292,4.500
759822,520,385,905,239,63,137,359.98,0.8712,0.5907,0.237149,17,40,31,166.30,0.5196,0.1513,0.017356,4.263
759824,520,445,965,232,44,50,25.76,0.9508,0.5400,0.191905,18,8,48,288.05,0.7814,0.0825,0.005157,4.386
759825,520,434,954,245,13,31,27.03,0.9941,0.5506,0.198028,3,5,75,266.64,0.9862,0.0971,0.006358,4.401
759838,520,365,885,235,9,245,326.08,0.9969,0.6132,0.244526,75,8,24,13.82,0.8556,0.1682,0.017357,4.373
759866,520,452,972,231,29,67,19.63,0.9655,0.5312,0.182759,4,3,53,270.24,0.9760,0.0674,0.003480,4.352
759885,520,432,952,215,51,170,341.68,0.8567,0.5502,0.197192,5,3,79,267.97,0.9917,0.1008,0.006618,4.366
759886,520,480,1000,178,68,182,326.32,0.7506,0.5117,0.169778,0,0,0,0.00,0.0000,0.0000,0.000000,4.396
759909,520,383,903,253,25,159,352.98,0.9841,0.6018,0.240846,40,22,71,296.59,0.6797,0.1515,0.014799,4.488
759928,520,476,996,196,35,187,330.82,0.8997,0.5144,0.165274,1,0,16,275.06,1.0000,0.0220,0.000439,4.268
759933,520,435,955,214,56,161,344.78,0.8289,0.5482,0.196999,17,21,18,153.08,0.1251,0.0905,0.006992,4.334
759950,520,469,989,194,24,207,324.72,0.9553,0.5190,0.166292,3,2,25,277.11,0.8863,0.0374,0.001330,4.214
759961,520,408,928,226,46,183,340.15,0.9095,0.5732,0.215442,31,29,37,296.65,0.1566,0.1333,0.013036,4.211
759966,520,405,925,224,54,182,340.16,0.8823,0.5752,0.218655,15,33,26,167.04,0.4494,0.1264,0.012638,4.289
759975,520,352,872,240,61,201,338.49,0.9223,0.6194,0.260826,26,50,15,137.03,0.8377,0.1856,0.025352,4.125
759981,520,209,729,243,141,252,324.14,0.9810,0.7552,0.451346,72,61,124,288.97,0.5446,0.3122,0.061704,4.488
759994,520,472,992,208,13,170,339.17,0.9677,0.5164,0.166022,5,4,5,325.89,0.1034,0.0344,0.001301,4.211
759999,520,480,1000,215,47,55,24.30,0.9178,0.5083,0.167585,0,0,0,0.00,0.0000,0.0000,0.000000,4.352
760000,520,453,973,177,52,230,313.12,0.9085,0.5276,0.175173,12,16,8,129.44,0.3160,0.0705,0.004663,4.119
760006,520,460,980,174,73,208,316.51,0.7920,0.5294,0.183188,6,4,39,276.75,0.8938,0.0566,0.002720,4.423
760007,520,405,925,232,46,172,345.07,0.9123,0.5785,0.220911,15,33,30,182.20,0.4130,0.1279,0.012830,4.312
760020,520,436,956,219,31,189,336.40,0.9430,0.5549,0.197165,28,4,51,302.24,0.8557,0.0904,0.005727,4.435
760024,520,441,961,161,99,192,313.46,0.6140,0.5415,0.203071,17,13,52,281.68,0.7386,0.0935,0.006549,4.475
760025,520,452,972,201,79,110,7.51,0.6857,0.5317,0.191372,18,4,47,291.18,0.8627,0.0747,0.004207,4.453
760027,520,440,960,206,16,227,323.04,0.9853,0.5518,0.190402,23,15,28,311.86,0.3464,0.0865,0.006077,4.287
760028,520,396,916,235,20,195,338.47,0.9805,0.5836,0.221054,5,8,100,266.48,0.9881,0.1364,0.011259,4.425
760050,520,439,959,235,9,126,359.78,0.9872,0.5484,0.193670,41,5,22,355.13,0.7353,0.0937,0.006380,4.322
760055,520,379,899,215,104,133,5.30,0.6369,0.6014,0.260432,6,39,68,249.39,0.7974,0.1637,0.019070,4.494
760075,520,442,962,201,44,207,326.46,0.9076,0.5425,0.187256,32,3,35,324.13,0.7924,0.0818,0.004936,4.319
760101,520,381,901,239,80,88,21.59,0.8832,0.5958,0.247957,39,34,52,296.80,0.2913,0.1628,0.018233,4.367
760114,520,237,757,248,144,166,6.91,0.8140,0.7313,0.426586,80,66,37,84.47,0.4481,0.2927,0.057356,4.439
760121,520,401,921,248,15,144,356.47,0.9860,0.5828,0.223152,54,6,58,324.62,0.8117,0.1403,0.012201,4.391
760126,520,317,837,245,74,229,332.05,0.9547,0.6554,0.299699,47,55,7,118.84,0.8682,0.2184,0.033520,4.187
760127,520,463,983,235,21,24,28.19,0.9877,0.5312,0.182677,12,7,0,88.51,1.0000,0.0473,0.002301,4.449
760128,520,462,982,170,65,228,310.53,0.8682,0.5289,0.179289,0,4,38,263.55,1.0011,0.0503,0.002268,4.387
760139,520,410,930,179,100,191,322.18,0.6329,0.5668,0.224606,48,19,36,345.76,0.5102,0.1340,0.012216,4.414
760156,520,258,778,241,116,252,324.32,0.9841,0.7134,0.382220,72,64,5,100.90,0.9230,0.2730,0.050556,4.298
760168,520,464,984,188,34,217,320.26,0.9382,0.5214,0.168466,19,0,27,316.01,1.0000,0.0515,0.002176,4.187
760172,520,408,928,225,64,141,355.69,0.8225,0.5673,0.216000,19,29,49,263.29,0.4391,0.1291,0.012389,4.264
760184,520,444,964,228,40,87,14.01,0.9255,0.5356,0.187026,0,17,44,255.67,0.9999,0.0831,0.005827,4.246
760189,520,396,916,237,3,194,339.12,0.9974,0.5830,0.219676,2,40,3,143.22,0.9910,0.1379,0.015370,4.125
760190,520,470,990,211,69,2,38.69,0.9952,0.5199,0.181119,11,3,19,307.71,0.6524,0.0441,0.001833,4.459
760209,520,411,931,224,52,173,343.02,0.8781,0.5689,0.213229,43,23,3,63.94,0.7893,0.1245,0.011330,4.292
760214,520,374,894,241,70,142,359.29,0.8730,0.6031,0.250371,19,40,39,191.67,0.4115,0.1556,0.018025,4.416
760219,520,199,719,255,142,255,327.18,1.0000,0.7742,0.478283,76,78,16,111.35,0.8315,0.3184,0.070227,4.394
760239,520,282,802,218,127,239,319.89,0.8648,0.6920,0.363176,83,51,6,69.03,0.8691,0.2547,0.042200,4.481
760254,520,407,927,202,25,249,316.88,0.9832,0.5654,0.200929,43,26,19,43.20,0.3557,0.1346,0.012995,3.983
760255,520,278,798,188,144,236,305.27,0.7307,0.6857,0.366945,56,63,4,116.74,0.9373,0.2517,0.044045,4.433
760263,520,413,933,245,34,116,5.92,0.9552,0.5742,0.218209,30,25,38,301.98,0.2651,0.1226,0.011112,4.389
760279,520,466,986,184,89,104,11.79,0.5676,0.5169,0.183360,11,4,26,296.15,0.6958,0.0507,0.002326,4.460
760292,520,412,932,230,39,173,344.07,0.9271,0.5708,0.212939,54,3,31,352.46,0.8316,0.1202,0.009485,4.420
760294,520,352,872,244,18,221,333.73,0.9913,0.6150,0.248891,76,20,39,3.36,0.6869,0.1885,0.021835,4.161
760302,520,347,867,247,96,52,36.54,0.9443,0.6263,0.283911,12,50,51,197.60,0.7105,0.1893,0.025983,4.395
760314,520,381,901,213,62,244,320.08,0.9490,0.6026,0.241248,47,9,88,298.52,0.8890,0.1599,0.015043,4.478
760316,520,428,948,216,8,212,329.36,0.9917,0.5567,0.195282,28,16,45,300.63,0.5690,0.1049,0.008069,4.224
760318,520,465,985,168,18,255,306.17,1.0000,0.5158,0.159782,0,8,23,251.45,1.0000,0.0479,0.002355,4.007
760333,520,444,964,229,60,2,35.07,0.9973,0.5449,0.198970,3,23,9,152.40,0.8977,0.0838,0.006518,4.405
760339,520,322,842,245,99,144,3.96,0.8555,0.6463,0.303527,22,58,16,140.93,0.9248,0.2101,0.032340,4.294
760340,520,356,876,245,3,234,330.85,0.9990,0.6222,0.254210,31,43,44,202.60,0.1889,0.1757,0.022009,4.225
760366,520,449,969,205,11,214,326.01,0.9868,0.5392,0.180754,0,2,63,264.19,0.9942,0.0746,0.004023,4.271
760376,520,411,931,236,7,164,347.62,0.9913,0.5661,0.206681,58,5,5,26.82,0.9259,0.1238,0.010192,4.264
760393,520,421,941,245,12,99,10.43,0.9894,0.5614,0.205797,29,19,35,312.20,0.3683,0.1059,0.008483,4.374
760400,520,430,950,227,65,51,29.17,0.9065,0.5495,0.203533,30,14,33,321.11,0.4808,0.0960,0.006999,4.448
760418,520,465,985,217,29,119,359.49,0.9194,0.5163,0.169649,15,5,2,47.27,0.5481,0.0465,0.002145,4.212
760426,520,454,974,171,83,192,319.55,0.7029,0.5284,0.186511,15,12,20,301.67,0.2464,0.0679,0.004150,4.368
760434,520,461,981,232,26,62,20.87,0.9730,0.5310,0.182455,6,7,10,268.54,0.1475,0.0451,0.002126,4.459
760469,520,352,872,252,69,133,4.45,0.9643,0.6193,0.266486,26,23,121,272.62,0.9444,0.1946,0.022127,4.388
760475,520,403,923,215,28,233,323.85,0.9765,0.5757,0.211628,54,2,55,327.42,0.8903,0.1335,0.011036,4.286
760478,520,451,971,234,36,42,26.57,0.9679,0.5379,0.189245,20,4,39,300.70,0.8015,0.0699,0.003820,4.445
760480,520,325,845,248,100,117,16.27,0.9023,0.6451,0.303583,33,53,43,162.07,0.3446,0.2073,0.030439,4.396
760511,520,317,837,254,56,236,332.37,0.9958,0.6598,0.299584,95,6,53,356.04,0.8728,0.2208,0.028206,4.470
760515,520,447,967,237,35,27,28.95,0.9748,0.5423,0.192890,20,4,53,290.16,0.8891,0.0827,0.004926,4.422
760522,520,432,952,202,59,199,328.86,0.8505,0.5515,0.198097,47,6,4,28.72,0.8784,0.1019,0.007435,4.320
760536,520,389,909,247,12,176,346.45,0.9907,0.5942,0.231750,37,25,70,291.99,0.6339,0.1528,0.015308,4.314
760549,520,413,933,194,58,243,315.04,0.9387,0.5690,0.209678,19,10,76,277.76,0.9219,0.1158,0.008773,4.418
760551,520,426,946,240,3,119,2.90,0.9964,0.5550,0.199256,45,1,41,332.39,0.9002,0.1054,0.007398,4.343
760554,520,455,975,235,18,28,27.49,0.9896,0.5304,0.181818,11,6,35,285.88,0.7361,0.0615,0.003227,4.355
760561,520,442,962,218,4,176,339.80,0.9925,0.5369,0.181292,4,19,33,247.02,0.6505,0.0830,0.006013,4.129
760601,520,439,959,195,35,243,316.09,0.9660,0.5540,0.192766,28,12,38,310.72,0.5822,0.0928,0.006498,4.297
760619,520,471,991,191,1,225,319.58,0.9988,0.5213,0.165358,0,9,1,146.75,1.0000,0.0410,0.001976,4.143
760623,520,370,890,235,78,156,353.59,0.8279,0.6065,0.255140,56,28,39,355.69,0.4118,0.1659,0.018178,4.476
760647,520,340,860,243,72,204,338.59,0.9247,0.6362,0.280519,66,39,7,65.83,0.7892,0.1992,0.026248,4.335
760670,520,385,905,240,61,144,357.39,0.8804,0.5933,0.238794,24,26,79,275.61,0.7551,0.1505,0.014974,4.445
760680,520,429,949,238,43,58,23.92,0.9543,0.5527,0.202136,42,1,44,326.25,0.9103,0.1020,0.006959,4.427
760685,520,466,986,232,6,41,24.74,0.9960,0.5219,0.174493,4,11,4,144.21,0.5596,0.0506,0.002739,4.257
760696,520,384,904,221,74,177,341.83,0.8090,0.5871,0.234463,53,15,58,322.87,0.7019,0.1491,0.014041,4.442
760706,520,478,998,209,66,13,37.10,0.9713,0.5127,0.174831,3,1,3,326.97,0.4506,0.0211,0.000476,4.454
760716,520,417,937,229,43,176,342.99,0.9170,0.5730,0.215230,16,27,45,259.89,0.4473,0.1191,0.010835,4.360
760732,520,262,782,233,122,249,322.44,0.9606,0.7096,0.380841,47,67,23,129.91,0.7333,0.2577,0.046804,4.451
760751,520,356,876,251,87,64,30.90,0.9724,0.6227,0.276992,34,46,1,123.89,0.9771,0.1772,0.022962,4.482
760752,520,408,928,143,122,189,297.83,0.4662,0.5650,0.234329,7,36,9,144.58,0.9403,0.1276,0.013266,4.494
760769,520,310,830,221,138,11,67.55,0.9731,0.6558,0.335753,44,58,6,124.08,0.9115,0.2247,0.035747,4.499
760773,520,416,936,245,35,91,14.19,0.9603,0.5681,0.213733,33,16,58,298.54,0.6856,0.1211,0.009994,4.396
760778,520,386,906,252,0,141,357.89,1.0000,0.5867,0.226221,25,31,58,272.64,0.4699,0.1452,0.014921,4.255
760784,520,366,886,233,27,244,325.75,0.9874,0.6138,0.246416,3,22,111,264.81,0.9708,0.1692,0.017407,4.397
760791,520,367,887,233,14,246,325.37,0.9949,0.6115,0.242940,74,9,34,3.61,0.8059,0.1701,0.017670,4.329
760793,520,372,892,251,79,15,36.86,0.9879,0.6090,0.261392,31,42,25,134.94,0.3890,0.1660,0.020174,4.437
760797,520,448,968,226,47,102,9.10,0.8899,0.5406,0.191639,9,19,17,180.54,0.3062,0.0787,0.005643,4.343
760798,520,470,990,213,58,66,22.83,0.8685,0.5167,0.175680,7,5,8,315.56,0.1934,0.0403,0.001712,4.364
760807,520,471,991,216,12,144,349.66,0.9701,0.5182,0.168779,7,3,17,297.86,0.6199,0.0391,0.001508,4.248
760836,520,342,862,251,97,19,41.33,0.9827,0.6327,0.291090,9,50,58,213.71,0.7720,0.1918,0.026446,4.462
760846,520,426,946,192,51,238,315.88,0.9323,0.5561,0.197485,25,26,4,111.59,0.7314,0.1086,0.009542,4.156
760847,520,465,985,137,81,246,293.56,0.9242,0.5228,0.178571,4,9,11,219.06,0.2878,0.0482,0.002453,4.358
760849,520,298,818,185,140,223,308.37,0.6370,0.6672,0.343987,31,63,7,135.26,0.9622,0.2311,0.038616,4.446
760854,520,407,927,209,59,212,327.17,0.8871,0.5715,0.214385,2,37,15,152.03,0.9759,0.1297,0.013705,4.150
760862,520,414,934,238,64,54,28.21,0.9261,0.5702,0.221134,3,30,45,236.64,0.8074,0.1203,0.011373,4.418
760864,520,335,855,253,96,60,34.32,0.9839,0.6379,0.295781,53,45,35,73.10,0.2047,0.2012,0.027550,4.459
760877,520,433,953,241,4,76,16.70,0.9967,0.5460,0.193128,47,0,17,4.11,1.0000,0.0960,0.006449,4.307
760879,520,372,892,247,53,175,347.78,0.9387,0.6126,0.254187,36,38,50,277.40,0.1978,0.1689,0.019916,4.351
760882,520,355,875,248,68,168,351.15,0.9328,0.6240,0.269210,38,39,56,281.55,0.2612,0.1769,0.021486,4.465
760885,520,420,940,198,89,152,346.86,0.6445,0.5574,0.214192,2,27,39,231.98,0.8396,0.1074,0.009432,4.445
760894,520,361,881,251,35,188,344.19,0.9733,0.6155,0.253455,10,45,59,228.78,0.7195,0.1770,0.022570,4.182
760901,520,289,809,214,140,167,356.27,0.5017,0.6777,0.358438,23,63,66,202.02,0.6010,0.2424,0.041304,4.473
760902,520,455,975,226,55,3,34.20,0.9959,0.5339,0.189105,12,12,8,107.37,0.1587,0.0609,0.003586,4.462
760905,520,431,951,217,75,82,21.34,0.7999,0.5477,0.203955,0,25,45,244.67,1.0000,0.1045,0.008847,4.316
760927,520,252,772,247,133,189,350.54,0.8553,0.7185,0.402258,23,71,79,210.42,0.6692,0.2739,0.052529,4.411
760931,520,395,915,220,58,206,331.90,0.8976,0.5853,0.227002,22,35,20,141.22,0.4417,0.1357,0.014231,4.313
760940,520,462,982,236,15,57,21.77,0.9888,0.5347,0.184731,2,2,45,268.44,0.9821,0.0548,0.002458,4.475
760959,520,421,941,203,82,169,340.06,0.7172,0.5632,0.215974,5,24,52,257.64,0.7740,0.1099,0.009334,4.483
760961,520,382,902,245,0,192,341.42,1.0000,0.5964,0.232214,35,1,107,282.98,0.9946,0.1602,0.014405,4.382
760971,520,465,985,151,90,201,307.29,0.6847,0.5186,0.181091,16,3,26,308.96,0.7384,0.0537,0.002499,4.402
760976,520,453,973,220,45,125,358.99,0.8695,0.5347,0.185756,15,9,38,288.25,0.6692,0.0730,0.004369,4.336
760983,520,401,921,218,68,187,337.32,0.8346,0.5806,0.226297,17,29,67,267.53,0.6795,0.1414,0.014031,4.315
760997,520,230,750,253,122,246,329.47,0.9914,0.7359,0.414580,93,59,8,70.71,0.8677,0.2896,0.054729,4.436
761006,520,411,931,252,16,6,29.43,0.9963,0.5653,0.210830,23,29,25,156.14,0.1495,0.1203,0.011311,4.254
761020,520,360,880,248,75,135,3.86,0.9199,0.6188,0.267411,57,24,78,309.72,0.6863,0.1841,0.020733,4.487
761024,520,408,928,206,80,182,335.85,0.7563,0.5721,0.222383,30,26,44,293.72,0.3365,0.1283,0.011967,4.396
761030,520,394,914,204,64,239,318.65,0.9236,0.5869,0.227377,45,23,43,330.26,0.4439,0.1405,0.013452,4.371
761033,520,428,948,219,7,209,330.87,0.9927,0.5598,0.198177,30,22,10,76.79,0.4163,0.1050,0.008718,4.227
761038,520,302,822,252,68,251,328.28,0.9899,0.6748,0.317976,85,26,80,331.30,0.6966,0.2347,0.032495,4.461
761047,520,418,938,230,49,145,353.97,0.8847,0.5648,0.210667,23,5,82,280.50,0.9602,0.1202,0.008999,4.418
761071,520,341,861,241,16,248,326.77,0.9952,0.6271,0.258514,62,27,80,312.45,0.6611,0.1980,0.023873,4.176
761090,520,322,842,238,66,248,325.61,0.9743,0.6485,0.288533,6,54,71,227.64,0.8554,0.2108,0.031318,4.163
761096,520,417,937,250,2,105,8.96,0.9984,0.5713,0.213909,3,11,84,265.88,0.9766,0.1172,0.008987,4.474
761097,520,453,973,227,8,115,2.05,0.9857,0.5279,0.177452,3,3,52,268.94,0.9781,0.0654,0.003324,4.265
761105,520,466,986,230,14,47,23.72,0.9895,0.5202,0.173454,7,0,37,283.15,1.0000,0.0468,0.001787,4.315
761124,520,399,919,217,41,221,327.16,0.9491,0.5773,0.215601,60,13,32,359.49,0.6977,0.1448,0.013529,4.181
761130,520,438,958,212,5,217,327.09,0.9949,0.5524,0.191174,18,20,26,270.68,0.1594,0.0920,0.007035,4.229
761148,520,480,1000,192,74,117,0.60,0.6758,0.5111,0.173901,0,0,0,0.00,0.0000,0.0000,0.000000,4.478
761154,520,477,997,173,15,243,310.19,0.9872,0.5111,0.156979,6,0,7,324.68,1.0000,0.0239,0.000541,4.095
761178,520,423,943,239,13,134,357.95,0.9836,0.5604,0.203630,8,20,65,266.98,0.8666,0.1137,0.009335,4.275
761191,520,279,799,212,153,141,31.78,0.4366,0.6937,0.387040,5,72,26,147.99,0.9878,0.2543,0.047414,4.486
761196,520,243,763,231,136,241,323.59,0.8985,0.7253,0.409498,12,77,57,166.91,0.9206,0.2807,0.056811,4.302
761209,520,425,945,214,85,95,18.58,0.7300,0.5591,0.216216,10,31,9,142.77,0.8577,0.1128,0.010642,4.390
761212,520,479,999,228,11,34,26.07,0.9928,0.5138,0.168518,1,0,4,296.85,1.0000,0.0133,0.000152,4.357
761246,520,447,967,206,42,188,333.34,0.8915,0.5374,0.184105,0,17,36,248.87,1.0000,0.0771,0.005282,4.235
761258,520,470,990,176,4,250,309.74,0.9972,0.5195,0.162200,8,0,26,295.61,1.0000,0.0382,0.001262,4.140
761266,520,360,880,219,84,215,328.92,0.8521,0.6164,0.263090,65,29,6,49.68,0.7877,0.1752,0.020159,4.463
761278,520,453,973,228,46,40,28.13,0.9495,0.5322,0.186041,9,13,21,263.71,0.2840,0.0655,0.004001,4.371
761286,520,417,937,247,45,54,25.43,0.9650,0.5720,0.219208,9,34,18,153.05,0.7746,0.1239,0.012458,4.310
761307,520,448,968,178,92,160,335.62,0.5817,0.5351,0.196585,8,21,8,144.08,0.6274,0.0811,0.006055,4.399
761314,520,418,938,204,25,239,319.63,0.9793,0.5607,0.197663,54,11,12,23.18,0.7666,0.1243,0.010503,4.093
761347,520,436,956,229,25,149,351.22,0.9518,0.5505,0.195260,29,3,56,300.19,0.9024,0.0949,0.006119,4.370
761352,520,380,900,183,93,250,307.63,0.9460,0.5998,0.247989,39,34,46,303.82,0.2088,0.1596,0.017727,4.400
761361,520,386,906,203,67,245,316.84,0.9454,0.5927,0.233048,64,7,35,356.17,0.7921,0.1474,0.013635,4.448
761368,520,421,941,230,63,85,18.32,0.8739,0.5588,0.210367,23,28,10,121.95,0.5190,0.1134,0.010346,4.315
761369,520,314,834,209,116,229,320.32,0.8051,0.6561,0.317046,31,58,15,135.79,0.8812,0.2153,0.033518,4.395
761372,520,435,955,210,13,221,325.56,0.9876,0.5535,0.192119,21,6,51,291.70,0.8303,0.0851,0.005287,4.379
761378,520,386,906,175,95,241,306.55,0.8686,0.5859,0.236499,57,12,51,333.70,0.7225,0.1476,0.013719,4.496
761380,520,478,998,187,49,187,328.04,0.8393,0.5092,0.163507,2,2,2,0.00,0.0000,0.0229,0.000607,4.219
761414,520,470,990,226,38,29,28.98,0.9646,0.5213,0.176466,17,0,17,328.36,1.0000,0.0426,0.001597,4.389
761441,520,314,834,249,94,183,348.24,0.9287,0.6610,0.315670,6,52,91,249.84,0.8619,0.2188,0.032499,4.432
761449,520,476,996,219,28,69,17.86,0.9543,0.5059,0.163229,2,2,4,284.11,0.2654,0.0240,0.000651,4.210
761454,520,407,927,240,43,111,7.55,0.9289,0.5680,0.214039,34,28,13,88.39,0.4263,0.1260,0.011997,4.259
761455,520,389,909,254,59,26,31.92,0.9955,0.5947,0.242771,27,34,44,257.28,0.2242,0.1463,0.015589,4.464
761460,520,407,927,219,93,15,44.82,0.9630,0.5697,0.229257,3,32,50,240.06,0.8216,0.1294,0.012826,4.445
761466,520,437,957,222,53,126,359.78,0.8481,0.5455,0.195847,20,5,61,285.47,0.9085,0.0927,0.005942,4.395
761468,520,422,942,246,37,5,30.97,0.9963,0.5614,0.209305,15,6,82,273.97,0.9712,0.1150,0.008410,4.439
761490,520,478,998,224,25,46,24.36,0.9752,0.5113,0.167427,1,1,9,276.31,0.7916,0.0214,0.000479,4.307
761497,520,247,767,237,142,190,348.94,0.7298,0.7208,0.410703,61,69,22,118.06,0.7083,0.2767,0.053063,4.470
761503,520,381,901,247,6,190,342.44,0.9960,0.6002,0.236253,14,4,114,269.27,0.9941,0.1565,0.013950,4.476
761509,520,422,942,250,25,3,30.09,0.9980,0.5639,0.210295,2,31,28,185.41,0.8981,0.1140,0.010767,4.284
761512,520,408,928,245,11,125,1.97,0.9889,0.5689,0.211359,35,30,3,99.17,0.8323,0.1309,0.012925,4.154
761531,520,383,903,227,81,154,352.90,0.7810,0.5954,0.245513,7,38,52,231.86,0.7327,0.1503,0.016793,4.424
761536,520,402,922,212,78,174,340.60,0.7656,0.5753,0.225038,38,28,7,83.80,0.6442,0.1301,0.012580,4.395
761540,520,427,947,170,79,249,304.77,0.9471,0.5629,0.209782,17,24,8,128.24,0.5358,0.0962,0.007900,4.487
761547,520,469,989,149,79,230,301.16,0.8399,0.5205,0.176950,10,1,16,314.03,0.7893,0.0363,0.001237,4.429
761552,520,400,920,198,69,233,318.12,0.8927,0.5784,0.221466,38,0,89,291.91,1.0000,0.1397,0.011333,4.426
761568,520,181,701,185,190,248,280.58,0.7891,0.7880,0.539181,15,95,14,142.65,0.9866,0.3346,0.083173,4.424
761573,520,204,724,251,160,194,356.01,0.8708,0.7745,0.495481,16,88,25,144.61,0.9782,0.3119,0.071595,4.486
761574,520,368,888,243,19,218,334.26,0.9899,0.6116,0.245853,53,34,6,73.10,0.7674,0.1666,0.019142,4.279
761582,520,449,969,226,30,139,354.17,0.9317,0.5426,0.189641,25,7,9,13.70,0.5002,0.0661,0.003784,4.456
761591,520,407,927,220,32,203,332.71,0.9531,0.5658,0.205628,24,33,18,133.47,0.4037,0.1308,0.013256,4.041
761606,520,353,873,236,61,215,333.54,0.9307,0.6204,0.260793,75,3,65,335.26,0.8861,0.1828,0.019429,4.476
761614,520,470,990,188,15,230,317.44,0.9842,0.5237,0.167475,7,3,25,288.66,0.7556,0.0440,0.001805,4.198
761632,520,351,871,253,76,131,6.30,0.9731,0.6277,0.276937,20,40,92,265.08,0.7642,0.1926,0.024389,4.395
761638,520,370,890,254,32,174,348.83,0.9922,0.6131,0.251633,77,10,4,30.56,0.9466,0.1710,0.018039,4.433
761679,520,464,984,226,5,94,9.13,0.9921,0.5187,0.170883,5,9,14,249.04,0.2805,0.0503,0.002593,4.200
761686,520,409,929,241,46,99,12.13,0.9296,0.5688,0.215589,51,10,46,333.16,0.7210,0.1312,0.011182,4.341
761705,520,370,890,244,47,187,343.22,0.9429,0.6088,0.248570,76,6,24,13.40,0.8850,0.1685,0.017330,4.434
761707,520,437,957,227,48,114,4.83,0.8824,0.5469,0.196625,39,9,15,10.90,0.6266,0.0939,0.006613,4.356
761719,520,402,922,199,48,254,314.44,0.9946,0.5774,0.214131,59,8,6,27.97,0.8909,0.1298,0.011168,4.318
761721,520,379,899,183,104,233,310.39,0.8091,0.6047,0.258519,13,42,42,195.26,0.5988,0.1600,0.019086,4.466
761740,520,421,941,214,56,179,338.55,0.8495,0.5575,0.203813,16,28,9,135.04,0.6380,0.1073,0.009604,4.258
761751,520,358,878,236,42,233,328.93,0.9712,0.6184,0.253746,24,9,124,272.46,0.9846,0.1814,0.018447,4.438
761775,520,461,981,215,55,111,4.74,0.8260,0.5288,0.183296,13,4,24,303.56,0.6641,0.0514,0.002384,4.454
761779,520,472,992,228,30,31,27.83,0.9753,0.5208,0.175244,1,2,15,269.54,0.8414,0.0283,0.000844,4.430
761811,520,373,893,253,29,159,353.10,0.9838,0.6033,0.242681,48,33,23,54.76,0.3296,0.1599,0.017780,4.318
761815,520,373,893,225,78,182,341.34,0.8166,0.6010,0.248361,52,20,70,311.14,0.6948,0.1639,0.016726,4.471
761818,520,405,925,248,8,148,355.08,0.9928,0.5829,0.222717,60,10,7,28.38,0.8685,0.1345,0.011932,4.403
761834,520,421,941,215,71,144,352.93,0.7692,0.5582,0.209694,15,28,30,208.03,0.3056,0.1131,0.010258,4.310
761840,520,382,902,254,36,137,0.56,0.9910,0.6000,0.241423,20,39,56,246.99,0.4658,0.1621,0.018852,4.233
761841,520,460,980,200,75,121,0.62,0.6982,0.5280,0.186939,16,6,17,323.86,0.4502,0.0553,0.002809,4.487
761843,520,352,872,238,58,213,334.56,0.9364,0.6202,0.260100,26,50,38,161.11,0.4631,0.1912,0.026407,4.059
761848,520,446,966,201,32,217,323.99,0.9506,0.5421,0.184620,18,17,12,97.92,0.1641,0.0794,0.005560,4.223
761858,520,430,950,241,29,63,21.45,0.9747,0.5515,0.199417,20,13,59,282.95,0.7829,0.1028,0.007523,4.336
761867,520,406,926,223,37,207,332.38,0.9494,0.5763,0.215184,0,26,68,258.37,1.0000,0.1263,0.011561,4.308
761885,520,443,963,162,86,219,307.82,0.7774,0.5391,0.194520,13,16,24,268.60,0.2410,0.0769,0.005221,4.428
761890,520,388,908,193,84,234,315.47,0.8694,0.5896,0.236198,37,34,36,337.71,0.0565,0.1527,0.016648,4.294
761904,520,370,890,232,56,215,332.51,0.9332,0.6095,0.248929,45,5,106,290.13,0.9623,0.1742,0.017070,4.457
761912,520,338,858,241,96,143,3.06,0.8266,0.6351,0.290525,6,41,106,261.42,0.9388,0.2032,0.026650,4.443
761925,520,380,900,238,49,192,340.40,0.9330,0.6018,0.241824,55,30,19,44.20,0.4805,0.1624,0.017879,4.299
761942,520,413,933,215,16,231,324.41,0.9884,0.5702,0.205892,9,31,38,221.62,0.5692,0.1223,0.011779,4.142
761944,520,445,965,217,74,29,36.62,0.9330,0.5391,0.197405,28,12,13,16.24,0.3851,0.0809,0.005389,4.467
761969,520,477,997,102,93,245,279.61,0.9267,0.5077,0.172455,7,0,2,357.01,1.0000,0.0225,0.000496,4.405
761993,520,478,998,151,52,255,299.52,1.0000,0.5131,0.162556,3,1,8,299.53,0.6793,0.0239,0.000586,4.202
761998,520,354,874,250,88,2,39.93,0.9982,0.6181,0.273112,8,43,76,251.01,0.7912,0.1820,0.023011,4.426
762000,520,399,919,193,66,243,314.37,0.9322,0.5752,0.217062,47,6,76,305.43,0.8861,0.1444,0.012564,4.269
762005,520,323,843,254,41,231,333.56,0.9957,0.6477,0.284294,90,15,8,29.93,0.9262,0.2052,0.025332,4.438
762006,520,444,964,214,26,187,335.68,0.9486,0.5423,0.186250,33,9,6,30.38,0.6323,0.0814,0.005319,4.271
762022,520,444,964,237,3,104,7.39,0.9963,0.5441,0.190723,26,14,15,13.84,0.2826,0.0827,0.005682,4.323
762023,520,348,868,241,59,211,335.85,0.9373,0.6251,0.265346,28,51,18,137.14,0.7710,0.1907,0.026581,4.118
762049,520,341,861,213,86,252,317.26,0.9793,0.6334,0.278315,65,34,57,337.28,0.4429,0.2009,0.025634,4.341
762069,520,441,961,195,95,85,27.42,0.6254,0.5405,0.204441,19,19,25,285.19,0.1527,0.0900,0.006744,4.484
762080,520,469,989,171,8,255,307.22,1.0000,0.5175,0.160524,8,7,1,103.44,0.6870,0.0438,0.002058,4.044
762086,520,424,944,245,18,89,13.77,0.9844,0.5605,0.205698,11,30,7,140.02,0.8644,0.1098,0.010150,4.251
762114,520,387,907,245,9,168,348.35,0.9920,0.5859,0.224383,10,41,36,180.73,0.6923,0.1529,0.017777,4.048
762129,520,477,997,219,47,15,32.15,0.9792,0.5128,0.171303,1,1,6,278.68,0.6638,0.0197,0.000413,4.390
762138,520,433,953,238,22,111,5.83,0.9701,0.5532,0.199018,11,10,70,272.50,0.9383,0.1030,0.007304,4.346
762141,520,417,937,218,68,168,343.96,0.8077,0.5708,0.218691,27,10,77,284.74,0.8901,0.1243,0.009859,4.489
762147,520,478,998,120,95,221,288.34,0.7656,0.5073,0.173978,2,1,0,82.32,1.0000,0.0176,0.000346,4.449
762158,520,432,952,234,37,111,6.10,0.9314,0.5523,0.199663,39,9,31,339.43,0.6395,0.1004,0.007257,4.360
762193,520,300,820,206,122,239,315.74,0.8443,0.6680,0.332740,68,50,3,85.56,0.9286,0.2294,0.035168,4.494
762206,520,348,868,243,40,235,330.11,0.9780,0.6306,0.265732,66,11,88,313.52,0.8441,0.1910,0.021023,4.445
762208,520,421,941,218,21,211,330.09,0.9764,0.5629,0.201471,43,12,13,20.83,0.6256,0.1051,0.008057,4.331
762228,520,328,848,233,76,244,325.12,0.9556,0.6473,0.290264,26,57,36,152.71,0.6265,0.2132,0.032731,4.113
762253,520,306,826,179,146,223,303.33,0.6051,0.6730,0.354695,18,66,7,140.51,0.9813,0.2348,0.040402,4.477
762257,520,418,938,238,53,16,32.43,0.9842,0.5568,0.207640,7,33,18,155.24,0.8159,0.1197,0.011765,4.171
762275,520,408,928,218,40,206,331.38,0.9365,0.5685,0.208814,14,37,4,137.28,0.9507,0.1336,0.014252,4.028
762292,520,348,868,246,30,226,332.97,0.9845,0.6256,0.260153,86,13,4,31.38,0.9543,0.1939,0.022754,4.263
762312,520,376,896,255,66,31,32.46,1.0000,0.6035,0.252591,41,34,39,336.22,0.1297,0.1587,0.017620,4.475
762320,520,306,826,237,90,252,323.91,0.9860,0.6737,0.323474,88,38,2,50.02,0.9384,0.2348,0.034656,4.412
762321,520,424,944,187,97,159,340.31,0.5779,0.5566,0.216187,20,21,54,278.41,0.6059,0.1139,0.009514,4.473
762333,520,374,894,216,96,163,348.06,0.6921,0.6016,0.256110,14,45,21,148.59,0.8452,0.1632,0.020242,4.358
762335,520,354,874,251,37,194,342.53,0.9745,0.6195,0.257307,14,35,96,265.23,0.8720,0.1815,0.021398,4.304
762342,520,359,879,231,95,157,354.58,0.7673,0.6220,0.276102,41,44,17,114.49,0.5624,0.1801,0.023133,4.459
762351,520,453,973,194,24,223,320.67,0.9683,0.5311,0.174518,17,14,19,311.87,0.1592,0.0737,0.004803,4.097
762357,520,354,874,247,71,143,0.16,0.9151,0.6155,0.262670,29,25,106,275.75,0.8872,0.1816,0.019970,4.469
762374,520,433,953,220,7,198,334.03,0.9913,0.5545,0.194472,12,22,35,255.37,0.4106,0.0970,0.007733,4.235
762376,520,413,933,247,6,107,8.00,0.9947,0.5664,0.209695,20,21,58,277.79,0.6525,0.1173,0.009905,4.335
762384,520,450,970,229,37,104,7.81,0.9245,0.5401,0.189835,12,6,41,284.18,0.7974,0.0673,0.003685,4.467
762397,520,369,889,252,15,194,342.47,0.9917,0.6135,0.249355,73,6,40,356.11,0.8275,0.1675,0.017002,4.468
762403,520,457,977,211,67,84,17.91,0.8006,0.5268,0.185056,17,9,14,341.32,0.2657,0.0614,0.003463,4.397
762408,520,344,864,237,89,169,350.19,0.8281,0.6287,0.280165,4,54,10,144.58,0.9877,0.1886,0.026859,4.296
762439,520,379,899,235,82,108,14.04,0.8308,0.5956,0.247823,7,45,36,173.54,0.8406,0.1648,0.020492,4.225
762469,520,417,937,253,4,32,26.76,0.9985,0.5660,0.210776,27,28,30,264.49,0.0461,0.1233,0.011573,4.235
762471,520,413,933,240,20,152,352.44,0.9745,0.5716,0.212957,54,3,23,2.69,0.8493,0.1170,0.009114,4.448
762475,520,442,962,214,42,166,342.49,0.8804,0.5394,0.187075,5,12,49,268.17,0.8723,0.0803,0.005169,4.297
762487,520,454,974,215,42,139,352.33,0.8674,0.5284,0.179695,17,9,33,296.11,0.5957,0.0713,0.004244,4.235
762489,520,408,928,228,81,53,32.85,0.8856,0.5712,0.226386,40,20,53,310.33,0.5738,0.1336,0.012085,4.452
762494,520,406,926,207,53,233,321.29,0.9325,0.5776,0.216965,21,20,73,276.86,0.8002,0.1301,0.011407,4.347
762521,520,422,942,150,90,254,295.69,0.9870,0.5581,0.209522,46,8,17,10.17,0.7122,0.1059,0.007951,4.478
762527,520,446,966,205,20,210,326.99,0.9714,0.5389,0.181345,21,15,28,305.00,0.3386,0.0843,0.005849,4.142
762531,520,233,753,249,130,247,327.91,0.9719,0.7428,0.428227,67,70,53,115.85,0.2170,0.2924,0.058307,4.415
762532,520,389,909,233,11,219,331.71,0.9933,0.5924,0.226801,64,17,11,30.22,0.7861,0.1527,0.015152,4.249
762534,520,478,998,193,60,151,342.94,0.7608,0.5098,0.168052,6,0,0,29.23,1.0000,0.0198,0.000387,4.328
762536,520,384,904,211,57,242,320.15,0.9430,0.5937,0.231877,30,16,91,281.55,0.8853,0.1512,0.014019,4.403
762547,520,251,771,198,156,232,309.12,0.6712,0.7189,0.416094,46,73,14,131.26,0.9092,0.2750,0.053775,4.491
762555,520,471,991,179,61,201,320.91,0.8190,0.5176,0.171394,3,4,25,273.37,0.7941,0.0426,0.001764,4.277
762565,520,292,812,248,130,2,55.40,0.9981,0.6808,0.359291,39,64,37,142.58,0.5413,0.2446,0.042316,4.434
762568,520,375,895,220,48,238,323.69,0.9567,0.5986,0.235046,74,5,8,25.47,0.9499,0.1599,0.015822,4.331
762573,520,341,861,243,104,3,45.77,0.9964,0.6286,0.289650,15,57,22,146.42,0.9299,0.2045,0.030856,4.201
762579,520,470,990,223,44,21,30.92,0.9722,0.5189,0.175463,10,3,18,306.59,0.6359,0.0426,0.001733,4.358
762593,520,414,934,249,30,67,21.03,0.9777,0.5692,0.214771,42,22,7,56.03,0.6225,0.1214,0.010815,4.354
762604,520,394,914,211,49,247,319.22,0.9646,0.5913,0.227626,15,32,57,257.97,0.5773,0.1401,0.014299,4.318
762614,520,457,977,212,71,21,37.36,0.9509,0.5252,0.185600,13,7,25,297.41,0.5404,0.0584,0.003077,4.439
762630,520,401,921,245,7,148,354.48,0.9930,0.5767,0.217059,56,4,49,334.52,0.8217,0.1354,0.011495,4.343
762644,520,359,879,231,32,254,323.02,0.9963,0.6196,0.251800,34,25,101,279.93,0.8409,0.1802,0.019749,4.327
762648,520,386,906,195,67,253,312.70,0.9863,0.5869,0.227095,40,11,83,294.28,0.8659,0.1472,0.013150,4.388
762655,520,424,944,245,21,94,12.36,0.9801,0.5627,0.207604,50,7,11,19.99,0.8029,0.1108,0.008543,4.400
762666,520,407,927,202,53,233,319.88,0.9283,0.5696,0.209875,36,20,57,301.15,0.6072,0.1313,0.011708,4.211
762679,520,421,941,215,19,218,327.55,0.9809,0.5617,0.199769,30,10,56,298.67,0.7699,0.1063,0.007786,4.322
762692,520,326,846,201,137,143,13.14,0.4086,0.6464,0.322933,4,61,6,143.15,0.9918,0.2129,0.033763,4.452
762696,520,436,956,247,5,14,28.54,0.9981,0.5523,0.199180,10,24,1,133.06,0.9648,0.0895,0.007200,4.356
762703,520,436,956,203,24,230,321.46,0.9757,0.5516,0.190646,22,15,43,292.09,0.5736,0.0947,0.006866,4.232
762704,520,480,1000,227,16,28,27.25,0.9895,0.5125,0.167883,0,0,0,0.00,0.0000,0.0000,0.000000,4.358
762712,520,423,943,212,50,190,334.42,0.8798,0.5552,0.199980,21,18,60,280.86,0.7115,0.1137,0.009183,4.224
762738,520,441,961,196,78,164,339.62,0.7080,0.5438,0.198665,18,2,67,281.68,0.9741,0.0930,0.005772,4.459
762757,520,313,833,248,63,248,328.08,0.9783,0.6623,0.302916,64,47,20,77.14,0.5713,0.2178,0.031736,4.318
762787,520,374,894,239,70,151,355.50,0.8626,0.6029,0.249683,27,30,76,276.16,0.6608,0.1589,0.016833,4.484
762790,520,366,886,225,56,235,325.58,0.9469,0.6106,0.248362,27,36,76,271.24,0.5943,0.1732,0.020165,4.252
762808,520,393,913,246,22,156,352.45,0.9767,0.5858,0.225703,40,30,26,42.90,0.1892,0.1423,0.014543,4.272
762812,520,381,901,235,33,209,334.76,0.9685,0.5969,0.233560,49,34,16,70.07,0.4960,0.1623,0.018345,4.149
762821,520,453,973,135,95,227,293.68,0.7859,0.5277,0.188814,4,11,43,267.17,0.8535,0.0722,0.004395,4.390
762831,520,426,946,232,61,63,25.16,0.9098,0.5567,0.208551,0,30,37,215.84,1.0000,0.1141,0.010621,4.265
762843,520,413,933,214,41,218,327.14,0.9432,0.5701,0.209460,7,33,15,150.97,0.8613,0.1189,0.011673,4.207
762848,520,457,977,200,56,176,335.59,0.8166,0.5313,0.182441,22,5,12,354.22,0.5367,0.0588,0.003057,4.381
762860,520,461,981,231,19,81,14.68,0.9766,0.5297,0.180518,13,8,0,90.35,1.0000,0.0506,0.002592,4.383
762878,520,408,928,225,58,158,348.75,0.8496,0.5687,0.215048,35,19,57,300.32,0.6251,0.1282,0.011185,4.332
762879,520,397,917,249,56,6,33.17,0.9954,0.5813,0.229848,59,0,57,329.96,1.0000,0.1423,0.012254,4.495
762880,520,429,949,237,49,51,26.35,0.9480,0.5542,0.204433,40,11,11,22.60,0.6237,0.0977,0.007147,4.452
762882,520,386,906,215,38,244,321.17,0.9709,0.5887,0.223668,3,42,18,151.96,0.9706,0.1478,0.017189,4.073
762885,520,412,932,255,3,13,28.60,1.0000,0.5691,0.213581,18,29,24,164.95,0.2742,0.1158,0.010733,4.340
762892,520,460,980,213,62,118,2.42,0.7928,0.5345,0.189017,1,5,47,265.56,0.9664,0.0623,0.003202,4.493
762908,520,466,986,207,22,168,339.63,0.9389,0.5164,0.166685,9,7,23,287.58,0.5113,0.0537,0.002719,4.110
762920,520,469,989,210,66,63,25.72,0.8439,0.5195,0.179593,14,1,15,325.81,0.7776,0.0403,0.001496,4.458
762941,520,400,920,232,38,180,342.35,0.9376,0.5776,0.218401,47,16,62,312.80,0.7052,0.1439,0.013228,4.245
762948,520,433,953,207,81,132,358.01,0.6973,0.5525,0.208182,43,8,24,355.61,0.6752,0.1027,0.007533,4.488
762962,520,460,980,229,34,46,25.39,0.9656,0.5267,0.180023,12,13,0,112.63,1.0000,0.0609,0.003660,4.287
762977,520,454,974,226,43,50,25.44,0.9459,0.5269,0.181297,31,2,8,9.40,0.8095,0.0657,0.003523,4.321
762984,520,399,919,249,4,126,2.18,0.9964,0.5760,0.217365,47,25,22,28.35,0.3853,0.1392,0.013576,4.205
762986,520,300,820,175,141,240,298.52,0.7618,0.6679,0.344552,14,63,47,167.03,0.8465,0.2311,0.038535,4.456
762992,520,428,948,237,16,129,359.32,0.9779,0.5553,0.199632,38,10,19,2.57,0.5819,0.0950,0.006762,4.398
763010,520,402,922,241,63,57,27.31,0.9355,0.5755,0.225544,14,35,21,153.20,0.6050,0.1305,0.013495,4.340
763014,520,432,952,241,10,75,17.18,0.9921,0.5471,0.194292,1,7,79,264.90,0.9853,0.1041,0.007229,4.269
763020,520,387,907,217,35,246,321.29,0.9762,0.5919,0.226095,59,20,4,42.02,0.8335,0.1467,0.014390,4.288
763035,520,358,878,232,69,209,334.27,0.9014,0.6175,0.260180,72,16,45,352.72,0.7141,0.1779,0.019380,4.471
763037,520,398,918,230,70,123,4.76,0.8217,0.5765,0.226361,58,15,1,40.01,0.9513,0.1361,0.012435,4.426
763040,520,446,966,235,3,90,11.69,0.9965,0.5362,0.184686,0,9,54,263.21,1.0005,0.0763,0.004617,4.297
763046,520,453,973,236,16,8,29.33,0.9933,0.5310,0.182242,34,0,8,8.49,1.0000,0.0672,0.003577,4.335
763064,520,362,882,229,56,217,331.21,0.9313,0.6057,0.244985,58,33,31,24.82,0.3581,0.1771,0.020863,4.163
763066,520,394,914,220,50,216,329.17,0.9294,0.5851,0.224569,23,34,44,246.43,0.2865,0.1430,0.015080,4.219
763072,520,398,918,231,63,147,354.59,0.8469,0.5797,0.226533,13,34,54,249.27,0.5829,0.1425,0.014959,4.257
763077,520,441,961,218,35,161,344.96,0.9083,0.5399,0.186831,45,2,8,17.38,0.9112,0.0926,0.006189,4.215
763084,520,421,941,220,52,173,342.01,0.8685,0.5616,0.206911,0,20,66,261.03,1.0000,0.1104,0.008936,4.359
763091,520,398,918,253,39,18,30.22,0.9927,0.5776,0.223811,62,8,15,19.14,0.8393,0.1378,0.012325,4.393
763101,520,445,965,223,32,140,353.25,0.9200,0.5381,0.186171,10,12,43,275.25,0.7173,0.0784,0.005019,4.293
763107,520,401,921,255,3,92,13.55,1.0000,0.5787,0.221016,53,20,9,38.81,0.6863,0.1363,0.012770,4.318
763111,520,344,864,211,88,246,317.99,0.9414,0.6289,0.274837,69,26,56,340.67,0.5839,0.1922,0.022897,4.456
763114,520,426,946,242,31,92,13.22,0.9631,0.5601,0.206333,31,24,3,91.84,0.7768,0.1099,0.009512,4.307
763125,520,362,882,239,87,98,19.67,0.8622,0.6069,0.260519,19,46,53,216.90,0.5078,0.1808,0.023494,4.225
763156,520,453,973,235,26,23,28.65,0.9836,0.5332,0.184660,20,4,38,301.65,0.7944,0.0691,0.003755,4.365
763170,520,425,945,211,85,109,11.40,0.7005,0.5575,0.214521,26,24,26,325.75,0.0579,0.1101,0.009475,4.448
763173,520,374,894,185,100,233,311.59,0.8213,0.6010,0.253127,33,37,33,145.30,0.0974,0.1556,0.017563,4.487
763180,520,423,943,231,45,125,1.16,0.8986,0.5561,0.203492,32,22,31,329.71,0.2505,0.1144,0.009798,4.239
763195,520,428,948,250,9,65,20.54,0.9951,0.5643,0.209047,46,6,20,3.46,0.7459,0.1040,0.007617,4.496
763219,520,474,994,209,20,161,342.38,0.9440,0.5156,0.166310,3,1,17,285.54,0.8543,0.0289,0.000815,4.257
763234,520,395,915,221,78,170,344.68,0.7866,0.5884,0.237255,2,40,2,142.69,0.9915,0.1378,0.015348,4.396
763247,520,407,927,191,102,151,347.22,0.5486,0.5677,0.228149,21,35,0,128.39,1.0000,0.1312,0.013615,4.372
763261,520,261,781,215,161,122,56.91,0.4954,0.7100,0.413433,6,76,36,151.64,0.9820,0.2703,0.053347,4.484
763263,520,472,992,209,38,160,343.11,0.8791,0.5242,0.174818,2,2,19,275.27,0.8406,0.0321,0.001033,4.405
763270,520,441,961,191,11,245,314.95,0.9924,0.5402,0.179096,40,8,13,14.19,0.6719,0.0936,0.006539,4.052
763292,520,453,973,198,85,76,27.00,0.7007,0.5268,0.190264,0,4,57,264.16,0.9851,0.0707,0.003822,4.464
763296,520,459,979,223,6,149,349.50,0.9876,0.5331,0.179908,14,5,27,300.65,0.6564,0.0565,0.002810,4.353
763303,520,449,969,176,57,241,310.05,0.9263,0.5398,0.185081,26,5,33,316.99,0.7174,0.0750,0.004380,4.323
763319,520,434,954,245,13,27,27.54,0.9943,0.5504,0.197830,6,25,34,230.91,0.6029,0.1011,0.008494,4.237
763332,520,469,989,230,2,86,12.29,0.9974,0.5244,0.175413,5,8,2,127.26,0.5521,0.0438,0.002103,4.326
763342,520,202,722,229,171,191,356.37,0.5172,0.7680,0.495468,17,87,45,151.96,0.9519,0.3122,0.071247,4.499
763343,520,381,901,253,53,91,16.83,0.9849,0.5961,0.241878,12,44,2,138.89,0.9868,0.1558,0.018838,4.240
763346,520,393,913,212,43,254,318.08,0.9953,0.5943,0.228823,39,27,31,356.92,0.2071,0.1353,0.013142,4.416
763353,520,406,926,219,19,230,325.64,0.9863,0.5772,0.212411,28,11,84,283.03,0.9052,0.1346,0.011263,4.283
763374,520,476,996,209,41,132,353.52,0.8555,0.5131,0.168094,0,2,0,142.50,1.0000,0.0186,0.000434,4.324
763377,520,382,902,217,81,197,333.99,0.8127,0.5992,0.246698,29,37,47,254.21,0.2235,0.1580,0.017896,4.370
763381,520,449,969,205,58,178,336.41,0.8223,0.5431,0.192215,27,5,27,327.68,0.6729,0.0727,0.004207,4.468
763383,520,472,992,232,20,22,28.33,0.9880,0.5243,0.177172,5,3,3,18.32,0.1648,0.0306,0.001040,4.451
763387,520,333,853,244,81,191,343.30,0.9102,0.6408,0.288824,56,44,23,80.51,0.4507,0.1994,0.027040,4.398
763389,520,423,943,205,72,175,337.86,0.7709,0.5567,0.207109,28,18,50,295.19,0.5825,0.1124,0.009098,4.351
763405,520,442,962,203,38,198,329.58,0.9138,0.5358,0.181618,9,3,61,274.35,0.9733,0.0803,0.004601,4.242
763407,520,341,861,251,53,193,343.18,0.9715,0.6286,0.269089,84,17,36,8.68,0.7643,0.2001,0.024134,4.304
763420,520,457,977,170,45,251,306.69,0.9781,0.5295,0.173886,5,5,43,273.02,0.9154,0.0616,0.003152,4.212
763437,520,315,835,239,121,93,34.52,0.8220,0.6584,0.328185,30,59,43,158.34,0.5149,0.2242,0.035783,4.409
763440,520,443,963,224,8,165,344.62,0.9858,0.5434,0.187402,33,9,4,36.26,0.6909,0.0809,0.005275,4.295
763445,520,463,983,168,79,206,314.36,0.7592,0.5276,0.183738,14,3,26,304.58,0.7413,0.0515,0.002331,4.467
763456,520,406,926,250,49,7,32.11,0.9950,0.5778,0.225396,25,34,1,123.25,0.9600,0.1316,0.013529,4.335
763463,520,471,991,93,98,252,275.54,0.9783,0.5166,0.180901,3,4,14,274.45,0.5194,0.0360,0.001379,4.494
763467,520,366,886,215,99,179,340.93,0.7037,0.6117,0.266273,56,35,10,67.71,0.6798,0.1742,0.020648,4.477
763482,520,190,710,250,164,192,358.67,0.8340,0.7802,0.506828,40,87,53,150.79,0.7047,0.3232,0.075243,4.446
763514,520,457,977,118,94,247,284.69,0.9246,0.5254,0.185720,15,1,42,292.31,0.9502,0.0612,0.002904,4.456
763528,520,425,945,242,38,91,14.11,0.9511,0.5637,0.210221,13,29,28,190.54,0.3877,0.1138,0.010481,4.303
763536,520,386,906,250,4,156,352.93,0.9967,0.5894,0.228146,70,0,30,2.80,1.0000,0.1509,0.013961,4.349
763548,520,471,991,222,38,86,13.40,0.9200,0.5217,0.175904,6,5,17,286.49,0.4844,0.0432,0.001877,4.355
763566,520,368,888,228,75,199,336.34,0.8626,0.6114,0.256520,47,40,11,95.69,0.6698,0.1748,0.021461,4.289
763572,520,382,902,208,58,253,316.80,0.9891,0.5981,0.235294,38,38,5,109.43,0.8103,0.1574,0.018093,4.190
763583,520,437,957,205,45,209,327.03,0.9126,0.5514,0.194612,32,9,28,334.49,0.5797,0.0876,0.005863,4.379
763595,520,464,984,214,58,80,17.76,0.8470,0.5215,0.179039,0,8,33,259.44,1.0000,0.0548,0.002835,4.335
763599,520,409,929,233,63,96,14.61,0.8709,0.5671,0.217261,45,1,66,310.93,0.9647,0.1258,0.009730,4.474
763608,520,421,941,230,3,170,344.42,0.9957,0.5566,0.197932,3,27,38,230.73,0.7819,0.1074,0.009431,4.172
763614,520,475,995,152,66,246,300.45,0.9399,0.5208,0.172260,11,1,8,336.75,0.7125,0.0337,0.001104,4.349
763616,520,469,989,172,47,239,309.75,0.9327,0.5234,0.170365,17,1,4,6.22,0.7779,0.0397,0.001497,4.279
763618,520,460,980,223,41,99,9.09,0.9028,0.5292,0.181774,10,10,19,283.83,0.2931,0.0588,0.003286,4.350
763628,520,412,932,240,60,36,31.06,0.9552,0.5684,0.218876,27,26,43,286.18,0.3248,0.1246,0.011462,4.375
763679,520,407,927,232,15,187,339.99,0.9834,0.5721,0.210881,52,0,58,323.38,1.0000,0.1298,0.010357,4.322
763692,520,478,998,180,81,138,346.93,0.6116,0.5098,0.174245,3,0,1,353.79,1.0000,0.0152,0.000216,4.466
763693,520,479,999,211,2,145,347.98,0.9938,0.5064,0.159390,1,0,2,311.99,1.0000,0.0114,0.000108,4.179
763694,520,426,946,232,47,131,359.32,0.8946,0.5617,0.208304,50,6,16,12.08,0.7876,0.1106,0.008459,4.419
763711,520,460,980,212,56,123,359.25,0.8097,0.5282,0.182577,7,13,0,125.65,1.0000,0.0568,0.003330,4.361
763715,520,465,985,225,27,98,8.57,0.9473,0.5248,0.176761,12,2,29,297.97,0.8299,0.0493,0.002103,4.352
763717,520,469,989,211,61,103,8.42,0.7984,0.5249,0.181679,11,2,24,301.83,0.7863,0.0447,0.001805,4.472
763720,520,429,949,224,9,171,342.78,0.9851,0.5467,0.189855,34,7,50,309.73,0.7779,0.1024,0.007224,4.192
763726,520,424,944,229,49,127,0.39,0.8809,0.5560,0.203897,13,16,62,273.22,0.8335,0.1056,0.008039,4.375
763729,520,437,957,230,24,142,353.76,0.9546,0.5490,0.194321,37,11,2,43.70,0.8060,0.0905,0.006371,4.334
763749,520,439,959,201,2,235,319.95,0.9984,0.5464,0.184607,1,23,28,213.77,0.8964,0.0892,0.007031,4.114
763756,520,447,967,190,71,190,327.75,0.7735,0.5395,0.191727,33,9,0,48.82,1.0000,0.0799,0.005188,4.380
763773,520,397,917,250,12,113,6.69,0.9903,0.5756,0.217828,22,29,66,272.24,0.6146,0.1440,0.014426,4.157
763779,520,402,922,238,26,167,347.43,0.9649,0.5767,0.217090,12,23,73,268.39,0.8543,0.1302,0.011719,4.327
763798,520,465,985,194,63,152,343.02,0.7518,0.5154,0.172931,5,6,28,275.49,0.7059,0.0512,0.002463,4.249
763813,520,329,849,247,47,249,327.74,0.9822,0.6504,0.286496,5,42,107,260.91,0.9473,0.2063,0.027496,4.342
763833,520,409,929,253,22,30,27.71,0.9928,0.5703,0.215540,23,28,54,273.72,0.4750,0.1331,0.012790,4.229
763837,520,343,863,183,115,244,306.33,0.8566,0.6305,0.288610,26,49,54,213.11,0.3852,0.1946,0.026825,4.408
763849,520,432,952,215,83,25,40.43,0.9335,0.5477,0.207061,37,10,35,330.48,0.6276,0.1008,0.007318,4.485
763851,520,444,964,232,32,70,19.10,0.9598,0.5354,0.186341,21,18,9,91.83,0.3182,0.0842,0.006118,4.212
763854,520,401,921,244,57,77,20.94,0.9366,0.5788,0.226985,46,10,63,312.30,0.7864,0.1353,0.011569,4.499
763858,520,448,968,175,89,187,322.59,0.6657,0.5405,0.198476,4,13,48,266.13,0.8717,0.0806,0.005270,4.496
763884,520,431,951,242,19,90,13.15,0.9814,0.5548,0.200845,28,3,62,295.05,0.9255,0.0997,0.006598,4.432
763891,520,457,977,232,38,2,31.54,0.9979,0.5326,0.185495,13,12,8,95.95,0.1621,0.0618,0.003660,4.389
763899,520,384,904,235,25,210,334.47,0.9793,0.5942,0.230133,24,32,64,270.94,0.5386,0.1513,0.015973,4.246
763909,520,444,964,202,55,186,332.88,0.8392,0.5397,0.188359,11,15,28,270.23,0.3789,0.0751,0.004966,4.336
763939,520,432,952,206,5,234,321.47,0.9962,0.5547,0.191726,7,16,56,268.06,0.8544,0.0960,0.007012,4.240
763974,520,346,866,253,53,197,342.46,0.9858,0.6342,0.274634,7,49,56,211.36,0.8100,0.1869,0.025272,4.313
763983,520,318,838,211,124,211,327.05,0.6904,0.6627,0.329687,2,62,43,165.11,0.9825,0.2231,0.036324,4.398
763989,520,335,855,226,112,149,1.12,0.6819,0.6373,0.299292,9,56,20,147.23,0.9621,0.1987,0.029368,4.401
764005,520,387,907,203,83,213,324.56,0.8148,0.5892,0.236887,64,6,45,345.08,0.8009,0.1511,0.014099,4.476
764013,520,476,996,223,15,76,15.15,0.9794,0.5104,0.165542,2,0,11,290.67,1.0000,0.0202,0.000371,4.279
764021,520,433,953,153,95,230,300.47,0.7982,0.5505,0.206702,24,18,45,291.35,0.5297,0.1044,0.008163,4.414
764031,520,468,988,196,29,199,327.40,0.9348,0.5191,0.167397,5,7,8,226.05,0.1206,0.0434,0.002018,4.179
764033,520,471,991,205,1,184,334.15,0.9977,0.5165,0.164635,15,3,1,40.09,0.7171,0.0412,0.001689,4.152
764050,520,375,895,241,52,169,348.34,0.9156,0.5981,0.240243,18,19,99,271.48,0.9403,0.1558,0.014951,4.469
764056,520,326,846,225,89,237,324.40,0.9155,0.6450,0.292687,92,16,12,28.38,0.9086,0.2111,0.026728,4.466
764059,520,468,988,217,50,84,15.11,0.8748,0.5205,0.176755,7,1,29,288.38,0.9211,0.0421,0.001556,4.398
764062,520,372,892,223,98,134,4.46,0.7036,0.6050,0.261469,17,48,13,141.44,0.9170,0.1733,0.022621,4.289
764073,520,255,775,193,165,197,322.07,0.3157,0.7170,0.422794,5,78,24,146.48,0.9911,0.2749,0.055468,4.483
764099,520,412,932,178,100,195,320.24,0.6453,0.5677,0.225204,28,29,5,111.43,0.7203,0.1204,0.011366,4.485
764100,520,349,869,231,81,212,333.24,0.8806,0.6302,0.276296,12,54,15,144.27,0.9555,0.1919,0.027509,4.210
764101,520,205,725,252,159,180,5.27,0.8752,0.7692,0.487894,41,84,53,151.16,0.6514,0.3142,0.070689,4.457
764122,520,474,994,212,21,150,346.83,0.9401,0.5161,0.167377,0,5,6,205.57,1.0000,0.0320,0.001217,4.244
764129,520,315,835,244,121,12,51.83,0.9863,0.6586,0.329373,40,57,36,139.71,0.4122,0.2231,0.035047,4.461
764135,520,449,969,239,15,46,24.40,0.9909,0.5397,0.188930,0,20,0,142.50,1.0000,0.0705,0.005003,4.344
764142,520,448,968,229,41,104,8.17,0.9134,0.5427,0.192462,20,7,47,292.27,0.7851,0.0820,0.005059,4.404
764145,520,424,944,224,10,192,336.66,0.9876,0.5588,0.198726,11,12,71,271.87,0.9296,0.1071,0.007890,4.297
764180,520,295,815,253,107,178,352.61,0.9638,0.6829,0.346154,75,51,11,75.67,0.7862,0.2429,0.038878,4.457
764184,520,420,940,215,35,208,330.07,0.9464,0.5617,0.202053,37,1,64,304.35,0.9681,0.1114,0.007852,4.357
764188,520,452,972,232,23,32,27.16,0.9841,0.5261,0.178760,31,5,0,41.01,1.0000,0.0693,0.003999,4.236
764193,520,389,909,239,79,59,30.37,0.9161,0.5898,0.242615,17,38,33,176.66,0.4544,0.1457,0.016152,4.423
764210,520,465,985,136,103,188,300.33,0.5602,0.5164,0.185657,5,11,6,150.12,0.3746,0.0521,0.002848,4.459
764211,520,401,921,174,99,221,310.54,0.7540,0.5769,0.231435,7,33,62,253.65,0.7582,0.1427,0.014806,4.343
764223,520,443,963,205,62,170,339.31,0.7984,0.5428,0.193286,4,20,7,149.21,0.8251,0.0752,0.005414,4.390
764276,520,469,989,228,20,25,27.92,0.9867,0.5159,0.170675,0,6,24,257.13,0.9999,0.0438,0.001962,4.247
764277,520,452,972,203,78,97,14.21,0.7089,0.5300,0.190104,3,7,50,267.91,0.9438,0.0708,0.004016,4.445
764280,520,478,998,210,54,70,20.37,0.8652,0.5074,0.167845,6,0,0,29.23,1.0000,0.0198,0.000387,4.323
764297,520,477,997,172,52,219,314.17,0.8840,0.5111,0.163421,0,3,2,174.96,1.0000,0.0237,0.000695,4.210
764310,520,434,954,208,78,123,2.04,0.7128,0.5468,0.202908,18,18,49,279.63,0.6093,0.1017,0.007829,4.373
764343,520,421,941,240,10,135,357.75,0.9879,0.5621,0.204948,30,25,0,99.25,1.0000,0.1107,0.009713,4.270
764354,520,392,912,250,43,116,7.33,0.9602,0.5894,0.233162,21,16,93,274.57,0.9301,0.1460,0.013203,4.480
764376,520,378,898,254,48,128,4.33,0.9902,0.6041,0.247469,62,24,11,39.06,0.7058,0.1606,0.017017,4.439
764384,520,389,909,193,74,251,312.14,0.9706,0.5899,0.232012,17,34,58,257.20,0.5447,0.1474,0.015687,4.293
764389,520,345,865,218,114,161,352.97,0.6336,0.6329,0.295152,38,50,13,125.16,0.7476,0.1949,0.027223,4.470
764412,520,368,888,242,59,169,348.92,0.9023,0.6055,0.248728,72,9,48,348.16,0.7874,0.1720,0.017867,4.402
764427,520,449,969,232,46,35,29.07,0.9556,0.5400,0.192342,20,12,9,41.67,0.2511,0.0694,0.004314,4.462
764435,520,166,686,253,164,246,329.59,0.9892,0.8054,0.540893,30,90,98,207.54,0.6882,0.3449,0.084698,4.387
764437,520,399,919,247,54,28,31.09,0.9738,0.5765,0.224998,49,5,71,310.55,0.8811,0.1417,0.012165,4.424
764451,520,417,937,248,4,124,2.65,0.9963,0.5733,0.215020,37,24,17,49.34,0.3171,0.1208,0.010871,4.354
764454,520,412,932,167,85,254,302.18,0.9884,0.5712,0.218687,24,25,40,280.75,0.3048,0.1174,0.010426,4.447
764455,520,453,973,225,51,41,28.70,0.9375,0.5304,0.185381,19,5,42,295.71,0.7974,0.0731,0.004142,4.348
764459,520,413,933,226,84,6,41.24,0.9889,0.5685,0.225252,14,32,7,137.68,0.8534,0.1179,0.011417,4.482
764461,520,434,954,148,87,249,296.21,0.9370,0.5470,0.199520,27,0,67,292.03,1.0000,0.0997,0.006383,4.425
764478,520,443,963,185,68,208,320.63,0.8194,0.5398,0.190038,16,5,49,286.48,0.8617,0.0764,0.004404,4.412
764480,520,462,982,213,31,168,341.31,0.9174,0.5319,0.179555,11,0,40,288.20,1.0000,0.0534,0.002243,4.394
764487,520,460,980,180,75,190,324.13,0.7434,0.5290,0.184543,11,13,6,120.25,0.3119,0.0618,0.003721,4.366
764498,520,466,986,234,4,32,26.30,0.9977,0.5250,0.176867,4,7,27,270.63,0.6858,0.0519,0.002569,4.316
764512,520,295,815,199,136,239,311.18,0.7958,0.6844,0.359832,30,62,70,215.95,0.4682,0.2448,0.041633,4.473
764515,520,463,983,213,33,159,344.33,0.9042,0.5282,0.177393,12,8,1,90.65,0.7304,0.0499,0.002540,4.328
764517,520,432,952,218,73,100,13.29,0.7828,0.5512,0.205930,19,23,26,240.35,0.1158,0.1006,0.008258,4.393
764529,520,439,959,222,11,189,337.03,0.9850,0.5535,0.194455,13,9,59,276.90,0.8877,0.0906,0.005967,4.368
764550,520,399,919,211,20,254,318.22,0.9958,0.5823,0.215067,51,0,71,313.14,1.0000,0.1395,0.011588,4.304
764552,520,356,876,239,11,250,325.89,0.9968,0.6240,0.254948,14,26,111,267.83,0.9457,0.1802,0.019797,4.369
764556,520,209,729,232,160,224,330.54,0.7675,0.7624,0.476807,48,78,87,218.80,0.3475,0.3126,0.067651,4.478
764560,520,452,972,149,88,220,302.05,0.7720,0.5265,0.185366,24,8,18,343.05,0.4617,0.0697,0.004116,4.349
764566,520,382,902,231,53,205,335.01,0.9261,0.5996,0.239454,33,5,109,280.64,0.9779,0.1647,0.015359,4.429
764570,520,476,996,219,7,109,2.67,0.9845,0.5091,0.163188,3,1,6,305.83,0.6115,0.0228,0.000542,4.218
764572,520,355,875,226,103,147,359.77,0.7089,0.6221,0.279781,2,52,27,155.42,0.9842,0.1840,0.025479,4.369
764574,520,399,919,202,69,220,322.70,0.8685,0.5755,0.219817,55,4,62,322.46,0.8586,0.1430,0.012470,4.319
764601,520,473,993,225,35,24,29.35,0.9706,0.5169,0.172784,6,1,14,304.78,0.7775,0.0308,0.000921,4.375
764602,520,408,928,176,88,225,311.46,0.8054,0.5652,0.216466,22,12,82,278.32,0.9158,0.1280,0.010427,4.410
764604,520,410,930,236,54,111,8.11,0.8921,0.5685,0.216219,14,11,86,271.96,0.9588,0.1257,0.010045,4.434
764630,520,420,940,230,10,179,341.80,0.9873,0.5627,0.202975,41,6,52,316.70,0.7977,0.1134,0.008497,4.325
764634,520,445,965,226,0,155,348.14,1.0000,0.5406,0.185380,4,0,64,268.90,1.0000,0.0753,0.003959,4.362
764662,520,350,870,208,116,184,337.62,0.6162,0.6315,0.293629,19,52,21,144.75,0.8686,0.1891,0.026485,4.493
764683,520,409,929,235,47,147,354.20,0.9039,0.5736,0.218047,13,36,27,165.81,0.5759,0.1350,0.014264,4.171
764694,520,432,952,201,66,185,332.98,0.7998,0.5486,0.198185,38,12,28,344.65,0.5509,0.1018,0.007589,4.310
764696,520,456,976,239,3,4,29.08,0.9987,0.5342,0.184280,12,7,26,293.57,0.5602,0.0581,0.003047,4.416
764712,520,359,879,228,80,203,335.18,0.8580,0.6192,0.265454,51,24,85,300.02,0.7242,0.1816,0.020130,4.498
764715,520,453,973,203,71,115,3.40,0.7269,0.5259,0.184428,10,13,20,266.59,0.2400,0.0658,0.004029,4.339
764717,520,445,965,240,10,40,25.37,0.9946,0.5400,0.188989,32,4,20,347.98,0.7074,0.0753,0.004445,4.390
764718,520,410,930,238,36,134,358.65,0.9374,0.5674,0.211632,0,33,52,238.53,1.0000,0.1323,0.013356,4.130
764727,520,384,904,210,61,234,321.67,0.9226,0.5899,0.229814,7,6,113,266.74,0.9931,0.1539,0.013676,4.394
764734,520,468,988,222,43,23,30.53,0.9686,0.5161,0.173220,12,0,17,318.33,1.0000,0.0363,0.001186,4.361
764735,520,381,901,241,86,13,39.66,0.9852,0.5991,0.253885,48,30,48,326.67,0.3569,0.1624,0.017704,4.488
764740,520,295,815,231,139,65,56.44,0.8126,0.6758,0.358381,58,59,21,110.45,0.6398,0.2437,0.040816,4.497
764747,520,468,988,190,16,226,318.93,0.9816,0.5240,0.168101,14,4,1,50.08,0.6780,0.0425,0.001824,4.208
764753,520,465,985,204,4,192,331.61,0.9921,0.5205,0.167319,11,2,33,292.01,0.8679,0.0515,0.002244,4.160
764762,520,407,927,192,51,251,312.99,0.9779,0.5665,0.205404,10,34,28,174.57,0.6083,0.1275,0.012924,4.059
764768,520,465,985,203,60,128,355.53,0.7717,0.5175,0.174888,9,9,14,284.93,0.1810,0.0538,0.002852,4.255
764770,520,455,975,235,5,29,26.81,0.9973,0.5271,0.178626,8,12,15,239.78,0.1735,0.0599,0.003491,4.274
764804,520,424,944,234,64,16,34.59,0.9809,0.5594,0.211997,16,21,57,273.17,0.6789,0.1133,0.009419,4.409
764806,520,438,958,238,45,11,31.66,0.9900,0.5502,0.200813,7,14,49,269.25,0.8130,0.0855,0.005810,4.494
764846,520,457,977,228,46,10,32.13,0.9886,0.5303,0.184728,25,5,5,22.63,0.6263,0.0610,0.003262,4.407
764860,520,341,861,226,109,152,358.69,0.6929,0.6334,0.293753,28,43,86,267.07,0.6135,0.1998,0.026464,4.496
764863,520,425,945,229,14,184,340.14,0.9826,0.5645,0.204355,25,7,72,285.47,0.9078,0.1128,0.008265,4.365
764871,520,381,901,231,27,235,327.34,0.9842,0.6041,0.237734,28,4,113,276.62,0.9879,0.1646,0.015259,4.409
764884,520,396,916,181,77,253,307.74,0.9822,0.5783,0.222242,19,30,60,266.83,0.5681,0.1395,0.013932,4.258
764886,520,459,979,209,48,164,342.05,0.8471,0.5337,0.183517,2,14,4,149.23,0.8823,0.0563,0.003357,4.376
764896,520,431,951,142,95,242,293.98,0.8689,0.5473,0.203460,32,21,2,80.91,0.8190,0.1035,0.008478,4.334
764901,520,437,957,211,48,182,336.61,0.8726,0.5472,0.193423,38,4,26,344.74,0.7488,0.0884,0.005735,4.367
764906,520,403,923,221,10,238,324.32,0.9947,0.5843,0.217644,51,17,22,13.34,0.5739,0.1303,0.011627,4.343
764909,520,373,893,227,37,238,325.60,0.9742,0.6038,0.238294,19,10,107,272.06,0.9770,0.1555,0.014170,4.493
764920,520,399,919,248,51,13,32.07,0.9903,0.5754,0.223567,37,15,78,292.69,0.8104,0.1432,0.012850,4.353
764947,520,292,812,201,148,170,352.32,0.3716,0.6788,0.365006,11,68,11,142.87,0.9806,0.2399,0.042294,4.497
764955,520,347,867,225,66,244,323.22,0.9541,0.6251,0.264377,51,19,99,295.17,0.8297,0.1879,0.020704,4.446
764960,520,334,854,224,85,244,322.43,0.9449,0.6432,0.288779,13,57,4,140.58,0.9864,0.2014,0.030205,4.224
764968,520,454,974,174,70,218,314.02,0.8299,0.5329,0.184419,8,1,60,274.05,0.9913,0.0750,0.003996,4.341
764969,520,472,992,204,54,142,349.28,0.7999,0.5191,0.174307,1,5,6,209.42,0.5531,0.0332,0.001281,4.374
764977,520,133,653,247,196,184,33.51,0.7276,0.8396,0.627162,5,105,45,149.52,0.9935,0.3708,0.103244,4.419
765006,520,478,998,193,36,183,331.16,0.8867,0.5071,0.160198,6,0,6,328.36,1.0000,0.0233,0.000519,4.161
765024,520,422,942,235,33,142,355.16,0.9398,0.5630,0.207059,18,5,81,276.62,0.9693,0.1146,0.008312,4.408
765026,520,474,994,200,42,181,333.81,0.8720,0.5224,0.172733,5,0,15,301.85,1.0000,0.0270,0.000668,4.396
765033,520,443,963,237,33,18,29.77,0.9836,0.5407,0.191392,1,11,57,264.11,0.9511,0.0837,0.005412,4.356
765037,520,450,970,191,19,238,316.40,0.9830,0.5364,0.177165,11,5,46,281.01,0.8747,0.0692,0.003769,4.225
765050,520,471,991,183,8,232,315.63,0.9918,0.5154,0.160684,4,0,28,281.81,1.0000,0.0355,0.001096,4.123
765058,520,334,854,250,73,180,347.89,0.9517,0.6376,0.283875,30,52,27,141.46,0.5896,0.1972,0.028111,4.274
765071,520,446,966,222,6,174,341.37,0.9897,0.5439,0.187184,8,21,0,132.43,1.0000,0.0791,0.005879,4.245
765077,520,347,867,238,55,225,331.36,0.9519,0.6251,0.263484,47,34,72,297.71,0.5076,0.1851,0.022163,4.344
765086,520,455,975,201,75,116,3.38,0.7021,0.5280,0.187125,6,14,13,186.73,0.3034,0.0623,0.003818,4.406
765087,520,471,991,190,16,217,321.12,0.9774,0.5168,0.163289,1,4,30,265.98,0.9285,0.0443,0.001870,4.112
765132,520,472,992,220,34,93,10.17,0.9222,0.5169,0.171527,1,4,3,174.84,0.5100,0.0289,0.000999,4.344
765145,520,358,878,206,97,219,323.27,0.7992,0.6166,0.267872,35,35,82,279.69,0.6079,0.1825,0.021685,4.434
765148,520,373,893,222,51,234,325.12,0.9503,0.6012,0.238399,45,33,27,47.87,0.2290,0.1568,0.017248,4.289
765166,520,374,894,238,22,220,332.62,0.9865,0.6048,0.239210,61,21,46,344.60,0.5921,0.1647,0.017258,4.300
765182,520,353,873,237,88,150,357.80,0.8165,0.6200,0.271887,27,34,93,272.75,0.7578,0.1837,0.021673,4.491
765188,520,366,886,220,98,154,353.77,0.6940,0.6073,0.262863,58,33,9,61.19,0.6999,0.1724,0.020071,4.465
765191,520,438,958,237,27,108,6.95,0.9600,0.5523,0.198743,20,21,6,112.03,0.5312,0.0902,0.006982,4.365
765204,520,478,998,220,43,48,25.74,0.9405,0.5143,0.171595,6,0,5,332.72,1.0000,0.0228,0.000497,4.388
765205,520,474,994,233,15,17,28.59,0.9920,0.5245,0.177089,9,0,6,338.03,1.0000,0.0273,0.000712,4.478
765212,520,318,838,216,109,231,322.57,0.8484,0.6558,0.313073,11,57,73,226.20,0.7839,0.2228,0.034783,4.282
765223,520,464,984,128,99,212,292.25,0.7017,0.5162,0.182663,26,0,1,24.21,1.0000,0.0504,0.002218,4.456
765234,520,447,967,241,1,12,28.51,0.9996,0.5384,0.187525,25,11,16,357.22,0.3574,0.0758,0.004835,4.332
765239,520,395,915,216,41,238,322.76,0.9635,0.5876,0.223598,19,19,83,274.03,0.8866,0.1375,0.012287,4.393
765269,520,188,708,222,179,217,330.08,0.5212,0.7866,0.527805,10,93,20,144.04,0.9900,0.3273,0.079434,4.464
765270,520,440,960,225,31,162,346.19,0.9337,0.5515,0.195988,21,20,23,300.98,0.0780,0.0936,0.007216,4.299
765296,520,434,954,237,46,33,29.38,0.9615,0.5501,0.200715,14,12,60,276.46,0.8537,0.0971,0.006825,4.412
765301,520,359,879,211,112,164,348.68,0.6061,0.6202,0.281193,17,46,59,230.00,0.5768,0.1830,0.023888,4.482
765323,520,417,937,197,55,244,315.81,0.9457,0.5718,0.211357,30,18,56,294.48,0.6390,0.1194,0.009942,4.360
765329,520,406,926,232,50,174,344.57,0.9035,0.5824,0.224957,8,14,92,267.90,0.9681,0.1343,0.011383,4.479
765361,520,395,915,242,75,82,22.62,0.9118,0.5942,0.245218,9,40,13,145.73,0.9251,0.1426,0.016047,4.470
765363,520,446,966,172,50,255,306.26,1.0000,0.5399,0.182726,17,16,13,91.68,0.0995,0.0763,0.005188,4.217
765392,520,476,996,223,24,52,22.77,0.9739,0.5095,0.165920,0,1,14,263.36,1.0007,0.0229,0.000534,4.273
765400,520,443,963,185,48,238,313.92,0.9342,0.5429,0.186024,9,2,60,274.88,0.9809,0.0774,0.004277,4.348
765401,520,338,858,255,68,171,351.61,1.0000,0.6379,0.283379,36,52,9,127.80,0.8601,0.1989,0.028507,4.246
765420,520,445,965,223,44,126,359.14,0.8807,0.5402,0.189983,20,12,38,294.93,0.5821,0.0833,0.005516,4.323
765427,520,421,941,204,74,177,336.88,0.7646,0.5585,0.209111,30,25,12,89.22,0.3916,0.1130,0.009978,4.320
765428,520,319,839,244,68,230,331.53,0.9528,0.6488,0.290833,20,10,153,268.47,0.9928,0.2218,0.026655,4.446
765437,520,469,989,183,30,228,316.20,0.9574,0.5198,0.165985,7,6,10,297.70,0.1944,0.0436,0.001973,4.156
765443,520,429,949,230,22,156,349.06,0.9616,0.5545,0.197999,40,1,47,321.21,0.9232,0.1008,0.006781,4.368
765464,520,400,920,225,30,206,333.14,0.9635,0.5757,0.213948,37,28,41,315.31,0.2638,0.1397,0.013839,4.135
765468,520,343,863,250,37,218,335.89,0.9780,0.6309,0.267122,8,33,110,264.67,0.9337,0.1902,0.022650,4.365
765480,520,286,806,254,97,225,335.70,0.9938,0.6928,0.350594,42,62,24,132.04,0.6863,0.2379,0.040034,4.449
765501,520,365,885,251,37,170,349.57,0.9693,0.6079,0.247380,59,26,45,346.11,0.4913,0.1695,0.018582,4.336
765538,520,333,853,255,94,74,30.02,1.0000,0.6405,0.297633,52,46,25,93.99,0.4109,0.2002,0.027543,4.483
765569,520,408,928,210,54,210,328.06,0.8977,0.5675,0.209950,61,5,6,25.97,0.9287,0.1305,0.011140,4.252
765572,520,469,989,230,27,6,30.22,0.9941,0.5223,0.176231,7,4,4,18.44,0.1816,0.0362,0.001408,4.401
765576,520,406,926,226,0,222,329.33,1.0000,0.5798,0.214451,7,26,64,262.03,0.8225,0.1261,0.011541,4.297
765581,520,422,942,206,84,137,355.87,0.6824,0.5569,0.212705,34,17,38,319.79,0.4778,0.1100,0.008809,4.467
765582,520,479,999,162,73,207,312.29,0.7805,0.5113,0.169522,0,0,5,264.05,1.0000,0.0116,0.000110,4.381
765589,520,373,893,239,6,213,334.59,0.9964,0.5985,0.232879,30,28,79,279.88,0.6912,0.1598,0.016710,4.240
765604,520,420,940,227,36,157,348.47,0.9207,0.5556,0.200296,24,25,31,277.89,0.1338,0.1128,0.009884,4.180
765606,520,424,944,210,32,216,326.68,0.9558,0.5569,0.196945,3,7,86,266.05,0.9862,0.1147,0.008431,4.226
765609,520,480,1000,171,8,251,308.03,0.9945,0.5137,0.157975,0,0,0,0.00,0.0000,0.0000,0.000000,4.159
765619,520,371,891,252,40,159,353.30,0.9745,0.6066,0.247197,33,40,48,251.92,0.1742,0.1706,0.020543,4.213
765622,520,409,929,203,59,228,321.22,0.9090,0.5727,0.214275,29,28,47,285.70,0.3425,0.1340,0.012969,4.197
765623,520,419,939,231,34,142,354.37,0.9299,0.5557,0.200888,37,13,41,321.74,0.6063,0.1090,0.008413,4.295
765649,520,407,927,178,115,128,6.21,0.3820,0.5652,0.232860,12,34,40,217.99,0.5197,0.1338,0.013754,4.437
765671,520,480,1000,159,46,246,304.19,0.9549,0.5102,0.159793,0,0,0,0.00,0.0000,0.0000,0.000000,4.196
765675,520,450,970,228,39,107,6.73,0.9152,0.5403,0.190094,20,7,25,316.12,0.5504,0.0660,0.003709,4.470
765687,520,416,936,217,26,228,325.56,0.9772,0.5747,0.210940,19,18,67,277.09,0.7919,0.1187,0.009763,4.366
765688,520,366,886,245,27,210,336.77,0.9822,0.6130,0.248525,26,27,94,274.87,0.8357,0.1695,0.018116,4.383
765689,520,476,996,224,17,55,21.59,0.9830,0.5094,0.165269,5,0,9,314.44,1.0000,0.0236,0.000520,4.261
765698,520,385,905,252,46,107,10.86,0.9757,0.5928,0.237146,23,17,95,275.36,0.9227,0.1514,0.014092,4.480
765700,520,358,878,234,82,171,347.99,0.8267,0.6158,0.264699,37,40,59,276.98,0.2905,0.1803,0.022266,4.355
765707,520,381,901,249,53,124,5.36,0.9471,0.5968,0.241446,39,40,9,110.98,0.7110,0.1649,0.019687,4.182
765718,520,297,817,204,142,189,335.64,0.4871,0.6775,0.358586,38,62,59,185.99,0.3208,0.2449,0.041730,4.454
765724,520,355,875,231,54,238,326.40,0.9576,0.6210,0.258026,39,43,25,118.69,0.3582,0.1768,0.022293,4.261
765730,520,404,924,215,54,214,328.34,0.9114,0.5785,0.219425,36,24,46,308.41,0.4144,0.1319,0.012256,4.328
765742,520,445,965,205,68,160,343.39,0.7656,0.5443,0.196534,16,17,18,247.98,0.0378,0.0794,0.005547,4.438
765764,520,323,843,217,105,235,321.92,0.8761,0.6536,0.308546,7,56,61,205.40,0.8503,0.2119,0.032103,4.367
765773,520,446,966,242,7,48,23.82,0.9960,0.5445,0.192460,6,20,4,140.30,0.8533,0.0759,0.005478,4.370
765774,520,266,786,243,115,248,326.04,0.9667,0.7126,0.380957,11,67,76,211.14,0.8330,0.2559,0.046070,4.486
765793,520,437,957,232,51,49,27.01,0.9401,0.5455,0.197482,26,10,40,306.00,0.6480,0.0883,0.005899,4.427
765804,520,453,973,239,1,9,28.70,0.9995,0.5339,0.183955,4,17,15,183.72,0.5412,0.0691,0.004612,4.284
765806,520,453,973,231,10,86,12.69,0.9879,0.5283,0.178809,8,18,4,135.73,0.7097,0.0717,0.004930,4.165
765807,520,473,993,193,13,216,322.24,0.9823,0.5203,0.165847,2,2,8,280.91,0.5251,0.0260,0.000739,4.254
765811,520,447,967,217,48,142,352.07,0.8522,0.5381,0.188210,33,5,15,0.63,0.6774,0.0769,0.004664,4.358
765812,520,431,951,201,97,37,46.74,0.8362,0.5468,0.211024,28,21,9,80.22,0.4226,0.0998,0.008029,4.498
765823,520,399,919,250,48,76,20.41,0.9706,0.5834,0.229633,14,19,92,270.01,0.9378,0.1450,0.013317,4.416
765833,520,428,948,247,18,65,20.67,0.9885,0.5601,0.205920,10,28,2,136.04,0.9570,0.1020,0.008994,4.338
765841,520,465,985,161,41,253,303.69,0.9892,0.5157,0.162554,13,4,28,298.54,0.7165,0.0540,0.002562,4.044
765847,520,378,898,190,110,188,327.95,0.5980,0.5978,0.257310,38,36,45,295.42,0.1522,0.1632,0.018633,4.478
765851,520,314,834,255,88,165,355.59,1.0000,0.6565,0.309594,54,54,5,109.59,0.8935,0.2227,0.034336,4.264
765855,520,434,954,161,76,255,300.88,1.0000,0.5525,0.199663,38,10,33,335.02,0.6210,0.1013,0.007390,4.350
765856,520,374,894,243,85,29,37.60,0.9626,0.6022,0.256436,6,45,4,142.08,0.9815,0.1571,0.019242,4.426
765863,520,456,976,194,51,194,328.04,0.8543,0.5275,0.177336,5,10,24,265.14,0.5147,0.0573,0.003153,4.277
765904,520,472,992,223,29,94,9.84,0.9411,0.5205,0.173776,15,0,3,4.71,1.0000,0.0337,0.001082,4.381
765907,520,283,803,239,99,248,325.25,0.9680,0.6852,0.340540,59,47,104,290.23,0.5720,0.2518,0.039623,4.358
765912,520,394,914,229,54,195,337.42,0.9087,0.5911,0.232390,11,36,35,191.76,0.5744,0.1371,0.014542,4.375
765932,520,362,882,229,52,223,329.65,0.9445,0.6064,0.244441,71,22,39,1.78,0.6311,0.1816,0.020601,4.170
765948,520,136,656,249,205,50,91.67,0.9456,0.8400,0.640344,20,106,25,143.52,0.9821,0.3740,0.105265,4.446
765954,520,401,921,252,46,27,30.09,0.9884,0.5805,0.227323,19,10,97,273.49,0.9673,0.1421,0.012185,4.460
765997,520,298,818,246,83,230,332.06,0.9575,0.6667,0.314952,24,42,121,267.87,0.8745,0.2281,0.032304,4.434
766003,520,441,961,215,77,42,35.10,0.8876,0.5405,0.199244,14,17,45,275.31,0.6084,0.0932,0.006837,4.385
766010,520,14,534,237,253,245,164.60,0.7136,0.9767,0.948472,35,130,107,172.80,0.8503,0.4741,0.173834,4.461
766013,520,454,974,213,21,178,338.06,0.9547,0.5331,0.178990,10,0,57,277.51,1.0000,0.0710,0.003599,4.272
766020,520,421,941,154,86,254,297.60,0.9880,0.5567,0.206816,3,32,4,143.69,0.9769,0.1114,0.010611,4.237
766044,520,290,810,245,121,159,2.33,0.8161,0.6847,0.355931,17,66,23,145.28,0.9477,0.2363,0.040773,4.472
766056,520,477,997,188,11,218,320.35,0.9850,0.5129,0.159941,4,0,10,306.92,1.0000,0.0227,0.000477,4.159
766058,520,424,944,237,37,100,10.40,0.9413,0.5552,0.202509,20,26,20,145.02,0.1996,0.1075,0.009380,4.252
766061,520,361,881,236,97,127,9.70,0.7927,0.6231,0.279173,27,48,4,131.97,0.9504,0.1783,0.023556,4.475
766062,520,411,931,230,41,167,346.04,0.9180,0.5691,0.212016,52,6,31,351.93,0.7654,0.1201,0.009594,4.397
766065,520,351,871,234,49,247,325.10,0.9722,0.6286,0.264068,34,47,29,137.23,0.3906,0.1851,0.024618,4.209
766087,520,469,989,204,44,169,338.86,0.8563,0.5241,0.175053,2,4,23,269.54,0.8112,0.0402,0.001616,4.360
766090,520,419,939,200,70,203,326.91,0.8223,0.5624,0.209731,24,12,67,284.88,0.8310,0.1131,0.008624,4.430
766111,520,370,890,221,70,220,328.20,0.8968,0.6069,0.249219,30,23,101,277.68,0.8757,0.1733,0.018283,4.382
766123,520,440,960,223,10,171,342.55,0.9831,0.5450,0.188479,21,20,14,99.55,0.1809,0.0905,0.006915,4.190
766145,520,418,938,176,114,112,21.62,0.3848,0.5553,0.224356,25,31,3,120.24,0.8487,0.1228,0.011932,4.430
766146,520,459,979,232,7,97,9.08,0.9906,0.5326,0.181739,8,13,18,248.04,0.2390,0.0634,0.003831,4.305
766149,520,391,911,224,70,184,340.02,0.8400,0.5913,0.236907,28,22,80,280.81,0.7796,0.1470,0.013998,4.483
766153,520,424,944,199,77,179,334.64,0.7454,0.5552,0.207062,34,13,52,305.80,0.6900,0.1126,0.008759,4.375
766185,520,467,987,221,31,101,7.12,0.9280,0.5195,0.172944,2,9,6,169.28,0.5700,0.0447,0.002214,4.270
766187,520,408,928,229,43,175,343.31,0.9163,0.5725,0.214836,1,38,19,156.30,0.9854,0.1336,0.014396,4.113
766189,520,422,942,235,55,70,22.18,0.9203,0.5580,0.208398,31,8,59,298.69,0.8143,0.1076,0.007808,4.470
766191,520,383,903,170,104,247,302.28,0.8947,0.5983,0.251625,35,38,10,114.73,0.6637,0.1548,0.017655,4.458
766199,520,421,941,188,58,237,314.62,0.9145,0.5553,0.198331,36,5,55,308.65,0.8367,0.1068,0.007595,4.312
766201,520,257,777,253,121,194,347.94,0.9664,0.7100,0.384553,13,70,81,214.01,0.8179,0.2686,0.050597,4.320
766212,520,352,872,248,79,131,6.01,0.9164,0.6220,0.271904,1,43,91,255.46,0.9757,0.1922,0.024894,4.298
766223,520,371,891,193,100,235,314.00,0.8427,0.6130,0.264510,9,43,50,214.13,0.7134,0.1654,0.020160,4.483
766224,520,384,904,252,26,122,4.61,0.9770,0.5866,0.228430,25,38,26,146.61,0.3525,0.1490,0.016675,4.176
766232,520,367,887,197,91,236,315.83,0.8709,0.6061,0.254098,24,44,23,143.13,0.5813,0.1662,0.020574,4.309
766236,520,410,930,252,8,38,26.01,0.9968,0.5651,0.210128,25,31,22,135.27,0.2375,0.1269,0.012446,4.166
766237,520,429,949,176,73,232,311.04,0.8683,0.5500,0.198223,15,12,63,276.76,0.8661,0.1010,0.007234,4.337
766245,520,333,853,251,42,221,335.38,0.9810,0.6370,0.273888,38,34,100,279.95,0.7354,0.1995,0.024762,4.332
766250,520,371,891,248,65,128,5.12,0.9305,0.6064,0.252989,33,26,89,281.40,0.7693,0.1683,0.017833,4.467
766260,520,268,788,253,98,240,331.17,0.9910,0.7005,0.359121,98,42,5,47.97,0.8942,0.2613,0.042640,4.416
766270,520,387,907,253,58,10,33.10,0.9932,0.5912,0.239344,27,39,16,131.45,0.5722,0.1512,0.017214,4.305
766272,520,352,872,237,102,70,34.66,0.8651,0.6200,0.279523,11,55,11,143.04,0.9674,0.1945,0.028276,4.210
766273,520,376,896,254,62,80,21.43,0.9928,0.6035,0.250989,39,37,19,102.79,0.4054,0.1580,0.018015,4.425
766286,520,436,956,236,47,66,22.21,0.9402,0.5527,0.202624,26,18,3,83.90,0.6944,0.0887,0.006588,4.464
766297,520,459,979,192,45,213,322.22,0.9058,0.5324,0.178888,19,7,7,20.11,0.3801,0.0574,0.003058,4.314
766305,520,379,899,238,40,201,337.69,0.9559,0.6012,0.239146,10,26,95,266.58,0.9272,0.1594,0.016294,4.362
766308,520,459,979,156,78,233,303.27,0.8557,0.5304,0.184003,24,8,1,53.93,0.7909,0.0644,0.003701,4.358
766310,520,422,942,242,37,86,15.61,0.9551,0.5620,0.208756,5,27,45,245.96,0.7121,0.1128,0.010055,4.309
766329,520,292,812,217,131,194,337.52,0.6327,0.6753,0.348809,8,61,74,219.09,0.8509,0.2351,0.038833,4.489
766331,520,354,874,241,91,120,11.90,0.8458,0.6213,0.275420,16,48,38,169.94,0.6509,0.1791,0.023639,4.419
766338,520,414,934,224,56,158,348.38,0.8530,0.5650,0.211468,35,26,9,81.84,0.5348,0.1213,0.011159,4.275
766348,520,441,961,222,57,81,17.94,0.8717,0.5363,0.190526,7,18,42,263.31,0.6614,0.0885,0.006449,4.261
766351,520,386,906,179,93,242,307.99,0.8820,0.5887,0.238239,1,25,93,263.13,0.9868,0.1514,0.014919,4.440
766364,520,352,872,227,94,163,350.80,0.7522,0.6164,0.269830,71,26,49,350.86,0.5788,0.1923,0.023003,4.381
766368,520,380,900,148,114,255,290.89,1.0000,0.5975,0.255504,32,41,19,127.12,0.4956,0.1625,0.019400,4.402
766379,520,342,862,249,65,173,349.48,0.9450,0.6252,0.269407,52,33,73,304.17,0.5315,0.1899,0.022989,4.376
766382,520,466,986,230,8,44,24.12,0.9943,0.5184,0.171816,18,2,12,341.96,0.6866,0.0466,0.001986,4.267
766383,520,454,974,220,3,146,349.77,0.9930,0.5251,0.173587,16,17,0,112.27,1.0000,0.0745,0.005111,4.057
766391,520,466,986,219,14,125,357.07,0.9673,0.5166,0.168574,22,3,11,353.44,0.6526,0.0541,0.002599,4.155
766405,520,405,925,247,11,156,352.44,0.9901,0.5848,0.224172,43,26,17,48.61,0.3917,0.1341,0.012929,4.357
766406,520,416,936,238,12,152,351.87,0.9851,0.5655,0.207102,51,10,20,9.76,0.7056,0.1191,0.009715,4.305
766416,520,372,892,240,70,174,347.44,0.8817,0.6143,0.259645,25,45,31,152.95,0.4529,0.1723,0.021823,4.311
766418,520,430,950,230,61,42,30.33,0.9322,0.5501,0.203306,2,21,48,255.90,0.8652,0.0974,0.007626,4.396
766422,520,425,945,182,75,225,314.65,0.8422,0.5558,0.204145,15,13,71,274.72,0.9012,0.1113,0.008443,4.349
766424,520,384,904,229,57,187,339.93,0.8918,0.5892,0.231747,34,34,44,285.01,0.1745,0.1531,0.016660,4.227
766474,520,361,881,248,26,207,338.21,0.9837,0.6164,0.252034,50,13,100,295.10,0.8848,0.1808,0.018861,4.386
766484,520,422,942,204,31,240,319.30,0.9725,0.5641,0.201103,42,2,55,316.05,0.9044,0.1121,0.008116,4.321
766505,520,407,927,189,73,236,314.37,0.8920,0.5717,0.216412,56,6,42,341.90,0.7821,0.1335,0.011383,4.340
766512,520,391,911,218,21,247,321.49,0.9891,0.5887,0.221592,34,18,88,285.22,0.8378,0.1547,0.014772,4.193
766545,520,342,862,247,78,158,355.40,0.9104,0.6284,0.276947,30,41,84,270.20,0.5953,0.1945,0.025019,4.358
766557,520,313,833,245,67,246,327.80,0.9708,0.6594,0.300833,58,49,20,92.36,0.5686,0.2151,0.031467,4.306
766571,520,405,925,214,76,179,339.23,0.7859,0.5787,0.227217,21,33,36,214.91,0.2462,0.1346,0.013745,4.349
766577,520,440,960,233,53,59,24.87,0.9303,0.5505,0.201886,33,12,26,341.38,0.4940,0.0931,0.006609,4.450
766578,520,389,909,233,72,127,3.97,0.8259,0.5855,0.234935,5,34,65,253.08,0.8142,0.1469,0.015579,4.345
766588,520,478,998,189,42,185,329.33,0.8631,0.5056,0.159791,2,0,14,286.01,1.0000,0.0222,0.000446,4.159
766592,520,423,943,237,20,130,359.11,0.9709,0.5569,0.201197,22,10,66,283.81,0.8589,0.1072,0.007810,4.345
766598,520,420,940,199,33,242,317.46,0.9694,0.5585,0.196421,3,9,78,266.22,0.9771,0.1068,0.007647,4.275
766602,520,366,886,221,76,212,330.43,0.8685,0.6084,0.252966,3,24,110,264.62,0.9658,0.1713,0.017983,4.457
766620,520,453,973,210,60,135,354.23,0.7911,0.5332,0.186848,21,9,18,336.46,0.3815,0.0677,0.003985,4.387
766646,520,408,928,226,37,195,336.46,0.9426,0.5744,0.214345,22,33,34,203.15,0.2140,0.1345,0.013738,4.147
766656,520,363,883,244,70,148,357.63,0.8939,0.6108,0.257546,17,44,54,224.92,0.5422,0.1741,0.021868,4.279
766658,520,387,907,248,17,150,354.61,0.9840,0.5857,0.225628,29,25,74,281.71,0.6927,0.1480,0.014508,4.273
766660,520,469,989,91,100,251,274.64,0.9717,0.5181,0.183028,13,4,5,10.77,0.3958,0.0428,0.001834,4.496
766668,520,296,816,200,128,253,309.06,0.9641,0.6794,0.348104,46,53,91,274.40,0.4458,0.2435,0.038823,4.482
766684,520,436,956,234,7,137,355.86,0.9895,0.5502,0.194535,16,6,56,282.56,0.8878,0.0852,0.005259,4.425
766688,520,422,942,235,7,145,353.42,0.9900,0.5555,0.198615,25,20,52,287.42,0.5730,0.1148,0.009549,4.175
766706,520,468,988,220,18,125,357.40,0.9577,0.5199,0.171315,1,7,1,143.33,0.9335,0.0368,0.001606,4.289
766713,520,480,1000,184,53,186,327.34,0.8200,0.5072,0.162831,0,0,0,0.00,0.0000,0.0000,0.000000,4.257
766724,520,298,818,237,116,166,355.82,0.7625,0.6668,0.332509,36,62,1,131.20,0.9923,0.2306,0.038224,4.336
766728,520,434,954,232,58,68,23.14,0.9103,0.5545,0.206022,35,4,52,310.24,0.8460,0.1012,0.006921,4.498
766732,520,219,739,223,153,245,317.85,0.8796,0.7480,0.450642,0,86,15,144.41,1.0000,0.3008,0.066898,4.283
766736,520,417,937,228,36,186,339.55,0.9405,0.5723,0.213035,25,28,34,264.28,0.1384,0.1231,0.011527,4.275
766743,520,468,988,200,47,169,337.80,0.8381,0.5192,0.171788,8,7,3,98.62,0.3312,0.0445,0.002102,4.257
766744,520,461,981,157,80,222,305.85,0.8055,0.5258,0.181798,7,10,6,136.99,0.2304,0.0516,0.002754,4.394
766751,520,469,989,158,59,240,304.25,0.9188,0.5156,0.166888,14,1,10,337.86,0.7458,0.0381,0.001370,4.222
766766,520,448,968,228,51,74,19.83,0.9106,0.5412,0.193589,9,17,32,262.11,0.4652,0.0807,0.005632,4.379
766773,520,415,935,210,70,192,333.42,0.8186,0.5721,0.218896,4,31,35,208.59,0.7644,0.1182,0.011271,4.389
766785,520,387,907,220,80,173,343.40,0.7808,0.5906,0.239723,44,19,72,301.68,0.7222,0.1525,0.014691,4.479
766786,520,363,883,241,2,228,331.37,0.9991,0.6110,0.243485,76,3,31,5.71,0.9125,0.1677,0.017008,4.380
766790,520,373,893,240,33,190,341.16,0.9634,0.5951,0.233336,0,28,99,262.55,1.0001,0.1641,0.017312,4.209
766799,520,397,917,255,31,68,21.23,1.0000,0.5823,0.226611,24,38,12,132.44,0.6887,0.1449,0.016069,4.187
766827,520,369,889,198,98,218,320.71,0.7763,0.6060,0.258044,21,43,52,226.43,0.4345,0.1723,0.021350,4.317
766835,520,388,908,254,54,67,23.77,0.9941,0.5946,0.241181,10,39,50,226.66,0.6570,0.1534,0.017458,4.316
766836,520,440,960,212,63,154,347.33,0.7952,0.5482,0.198873,5,23,16,166.40,0.6607,0.0870,0.006824,4.380
766841,520,416,936,178,101,190,322.05,0.6225,0.5665,0.224910,2,29,49,244.02,0.8524,0.1196,0.011133,4.497
766861,520,362,882,244,79,98,18.08,0.9050,0.6059,0.257101,22,36,85,268.04,0.7220,0.1775,0.020881,4.333
766868,520,457,977,176,66,210,317.10,0.8222,0.5251,0.177807,10,5,40,282.40,0.8307,0.0628,0.003263,4.277
766882,520,376,896,215,55,244,320.82,0.9530,0.5999,0.237129,13,0,120,268.46,1.0000,0.1611,0.014415,4.457
766884,520,453,973,201,45,183,333.48,0.8661,0.5277,0.177150,26,9,14,2.08,0.4370,0.0728,0.004467,4.170
766885,520,341,861,240,66,219,333.47,0.9335,0.6339,0.275389,21,32,118,269.19,0.9199,0.2029,0.025003,4.338
766895,520,401,921,184,121,90,46.82,0.4851,0.5757,0.246045,0,42,0,142.50,1.0000,0.1436,0.016559,4.448
766918,520,473,993,187,73,155,340.16,0.6956,0.5176,0.176979,11,1,0,38.79,1.0000,0.0301,0.000929,4.457
766919,520,361,881,255,16,186,345.31,1.0000,0.6154,0.251793,32,31,92,277.92,0.7441,0.1803,0.020597,4.275
766933,520,457,977,209,75,32,37.11,0.9084,0.5257,0.186940,9,6,31,284.32,0.6959,0.0568,0.002872,4.481
766943,520,421,941,205,7,244,318.95,0.9958,0.5613,0.196644,30,9,57,298.39,0.7906,0.1059,0.007668,4.277
766949,520,427,947,210,14,226,324.34,0.9879,0.5574,0.195086,30,15,41,309.07,0.5477,0.1027,0.007778,4.242
766957,520,388,908,250,22,147,356.07,0.9789,0.5900,0.230079,33,33,50,283.92,0.2864,0.1526,0.016413,4.217
766958,520,329,849,254,96,113,17.29,0.9847,0.6489,0.306322,19,53,73,237.67,0.6263,0.2135,0.031656,4.364
766960,520,384,904,194,93,207,322.95,0.7453,0.5861,0.238043,6,42,32,170.52,0.8553,0.1531,0.017989,4.237
766972,520,455,975,196,65,160,340.52,0.7567,0.5253,0.180561,13,6,30,293.75,0.6597,0.0596,0.003096,4.342
766975,520,384,904,214,52,236,322.50,0.9441,0.5903,0.228101,50,27,20,37.70,0.4260,0.1479,0.015126,4.270
766996,520,425,945,222,54,158,347.78,0.8538,0.5596,0.206390,53,0,20,4.17,1.0000,0.1098,0.008075,4.415
766999,520,294,814,251,86,231,333.07,0.9801,0.6786,0.329372,3,58,100,248.48,0.9305,0.2422,0.039653,4.232
767000,520,480,1000,226,8,9,28.90,0.9955,0.5072,0.163651,0,0,0,0.00,0.0000,0.0000,0.000000,4.273
767020,520,410,930,183,64,252,309.46,0.9791,0.5658,0.207633,26,28,47,278.56,0.3542,0.1311,0.012553,4.119
767029,520,380,900,197,92,228,317.86,0.8329,0.6021,0.251273,21,43,22,145.05,0.6338,0.1608,0.019451,4.338
767053,520,441,961,226,25,127,358.19,0.9462,0.5355,0.183991,34,14,16,14.37,0.4303,0.0944,0.006916,4.111
767086,520,453,973,237,12,2,29.54,0.9983,0.5318,0.182751,8,17,4,134.95,0.6691,0.0690,0.004613,4.262
767110,520,445,965,201,68,159,342.61,0.7550,0.5369,0.190568,13,16,25,270.06,0.2647,0.0774,0.005263,4.353
767111,520,463,983,233,29,62,21.18,0.9693,0.5345,0.185533,2,10,18,241.35,0.6095,0.0516,0.002736,4.466
767112,520,422,942,221,51,168,343.90,0.8690,0.5601,0.205694,34,4,67,298.39,0.9103,0.1142,0.008322,4.384
767136,520,385,905,181,106,203,318.21,0.6547,0.5868,0.244445,11,29,81,265.30,0.8620,0.1512,0.015439,4.500
767156,520,375,895,246,0,200,339.49,1.0000,0.6027,0.237661,7,19,106,266.46,0.9694,0.1595,0.015514,4.391
767158,520,440,960,232,51,54,25.81,0.9364,0.5461,0.197928,9,19,31,253.63,0.4333,0.0851,0.006227,4.409
767187,520,423,943,191,56,236,315.85,0.9188,0.5572,0.199621,22,27,17,129.59,0.2804,0.1112,0.009949,4.164
767188,520,465,985,230,26,44,25.12,0.9776,0.5243,0.177467,14,4,13,330.32,0.4937,0.0468,0.002093,4.367
767198,520,311,831,238,106,186,345.48,0.8244,0.6610,0.320329,80,40,3,56.92,0.9001,0.2245,0.032299,4.500
767236,520,346,866,250,55,192,343.31,0.9642,0.6277,0.268653,51,26,92,296.19,0.7365,0.1913,0.022153,4.416
767244,520,456,976,229,12,107,5.32,0.9811,0.5304,0.179854,17,12,1,91.59,0.8109,0.0638,0.003843,4.269
767245,520,423,943,233,48,108,8.06,0.9015,0.5569,0.205232,14,21,52,270.69,0.6411,0.1077,0.008776,4.342
767262,520,361,881,251,82,96,19.95,0.9605,0.6219,0.273918,18,49,29,153.21,0.7200,0.1805,0.024139,4.369
767263,520,171,691,242,176,213,344.56,0.7421,0.8016,0.547336,59,88,72,159.73,0.3413,0.3442,0.083769,4.465
767279,520,317,837,253,67,224,335.26,0.9896,0.6595,0.302819,56,51,13,101.77,0.7284,0.2172,0.032375,4.283
767284,520,478,998,191,29,204,324.61,0.9372,0.5140,0.163163,1,0,18,273.67,1.0000,0.0236,0.000501,4.221
767298,520,424,944,166,82,245,303.92,0.9142,0.5585,0.207347,18,29,12,135.27,0.5402,0.1124,0.010339,4.265
767305,520,441,961,205,43,187,333.37,0.8852,0.5357,0.182967,25,15,30,313.94,0.3884,0.0899,0.006421,4.129
767310,520,390,910,205,93,177,338.06,0.6914,0.5862,0.239839,5,24,92,264.99,0.9429,0.1499,0.014581,4.488
767312,520,330,850,248,74,183,346.50,0.9369,0.6365,0.282760,31,57,8,133.73,0.9359,0.2113,0.032350,4.041
767322,520,391,911,235,35,192,339.46,0.9556,0.5880,0.226728,20,36,42,223.67,0.3396,0.1455,0.015776,4.207
767352,520,476,996,135,80,231,295.49,0.8445,0.5060,0.166578,5,0,0,29.23,1.0000,0.0182,0.000323,4.304
767362,520,461,981,194,61,175,334.18,0.7882,0.5256,0.179036,21,1,22,326.45,0.8218,0.0533,0.002391,4.372
767372,520,399,919,234,5,193,338.72,0.9952,0.5772,0.214540,50,27,2,64.96,0.8699,0.1446,0.014664,4.091
767375,520,362,882,176,140,79,79.38,0.5605,0.6060,0.285516,7,52,0,140.65,1.0000,0.1814,0.025011,4.473
767376,520,347,867,246,22,244,328.76,0.9929,0.6345,0.267012,52,40,44,356.40,0.1624,0.1900,0.024295,4.267
767382,520,364,884,208,84,229,321.59,0.8681,0.6082,0.254093,10,30,99,265.61,0.9197,0.1721,0.018938,4.411
767384,520,469,989,186,30,220,319.01,0.9503,0.5183,0.165363,15,1,7,349.55,0.7444,0.0382,0.001386,4.191
767388,520,416,936,220,33,215,329.52,0.9606,0.5741,0.212119,32,19,49,301.86,0.5496,0.1184,0.009946,4.373
767392,520,311,831,245,77,229,332.06,0.9540,0.6583,0.303801,9,63,27,149.59,0.9640,0.2242,0.036921,4.070
767410,520,438,958,219,23,179,339.28,0.9561,0.5457,0.189299,38,9,19,1.47,0.6065,0.0935,0.006545,4.232
767431,520,423,943,205,30,237,320.27,0.9723,0.5629,0.200238,10,31,18,154.55,0.6593,0.1148,0.010881,4.110
767452,520,384,904,196,70,254,312.62,0.9928,0.5922,0.232730,25,36,42,232.33,0.2318,0.1493,0.016356,4.261
767455,520,455,975,211,1,182,336.27,0.9979,0.5265,0.172502,9,3,39,283.04,0.8882,0.0571,0.002697,4.222
767464,520,453,973,221,25,142,351.83,0.9388,0.5317,0.180230,26,8,21,338.68,0.5092,0.0737,0.004474,4.226
767471,520,385,905,223,21,244,323.39,0.9893,0.5948,0.227581,5,37,61,245.53,0.7955,0.1524,0.016922,4.148
767479,520,358,878,238,84,163,352.22,0.8387,0.6217,0.271649,28,49,3,131.41,0.9633,0.1822,0.024500,4.317
767482,520,408,928,229,68,112,8.74,0.8295,0.5691,0.219649,55,7,42,341.18,0.7652,0.1328,0.011315,4.398
767498,520,430,950,219,80,59,31.20,0.8466,0.5541,0.211156,29,22,8,83.67,0.4839,0.1033,0.008526,4.462
767499,520,474,994,230,17,43,24.73,0.9874,0.5207,0.174014,5,2,18,291.16,0.7359,0.0349,0.001194,4.376
767507,520,346,866,247,30,237,330.57,0.9876,0.6343,0.268201,72,16,70,329.45,0.7507,0.1922,0.021907,4.425
767538,520,362,882,230,41,232,327.72,0.9679,0.6069,0.242375,51,1,108,294.26,0.9913,0.1809,0.018082,4.294
767550,520,399,919,222,45,208,331.86,0.9328,0.5800,0.219627,2,41,22,157.22,0.9723,0.1449,0.016566,4.051
767555,520,374,894,220,107,52,44.31,0.8267,0.5974,0.259813,28,39,50,248.81,0.2684,0.1644,0.019282,4.472
767566,520,361,881,248,87,88,23.74,0.9392,0.6211,0.274807,17,47,51,207.04,0.5591,0.1819,0.023911,4.395
767582,520,417,937,179,102,192,321.67,0.6267,0.5708,0.228932,5,35,7,144.46,0.9605,0.1230,0.012496,4.463
767585,520,387,907,182,88,251,307.55,0.9591,0.5923,0.238903,71,4,16,18.37,0.9287,0.1534,0.014641,4.469
767595,520,456,976,168,73,216,312.16,0.8107,0.5265,0.180486,23,7,0,56.66,1.0000,0.0607,0.003341,4.321
767596,520,434,954,146,89,248,295.39,0.9259,0.5470,0.200331,25,4,66,289.08,0.9264,0.1020,0.006868,4.402
767600,520,295,815,248,122,108,28.07,0.9047,0.6773,0.349612,0,68,11,144.66,1.0000,0.2371,0.041582,4.363
767610,520,339,859,253,79,154,358.18,0.9718,0.6387,0.288110,44,43,63,286.30,0.2787,0.1976,0.026221,4.436
767613,520,463,983,202,7,203,328.08,0.9887,0.5251,0.170221,16,1,24,313.95,0.8460,0.0479,0.001978,4.237
767630,520,429,949,208,43,205,328.98,0.9157,0.5524,0.195473,37,10,35,330.48,0.6276,0.1008,0.007318,4.283
767651,520,389,909,246,50,123,4.94,0.9284,0.5884,0.233074,52,6,78,308.69,0.8851,0.1542,0.014104,4.416
767655,520,433,953,213,0,209,329.38,1.0000,0.5476,0.187517,43,10,4,34.40,0.7971,0.1001,0.007395,4.138
767657,520,452,972,211,32,168,340.82,0.9107,0.5287,0.177113,3,16,26,240.33,0.6404,0.0706,0.004645,4.156
767672,520,323,843,227,84,251,321.59,0.9790,0.6511,0.296386,58,40,73,308.32,0.4333,0.2129,0.028982,4.386
767687,520,352,872,250,71,142,1.08,0.9420,0.6206,0.267868,71,26,44,357.48,0.5735,0.1901,0.022604,4.378
767695,520,222,742,235,170,76,73.49,0.8044,0.7472,0.469353,21,83,51,156.32,0.8984,0.3015,0.065847,4.483
767704,520,326,846,227,124,106,31.07,0.7004,0.6478,0.317891,20,57,36,155.92,0.7431,0.2100,0.032022,4.485
767712,520,379,899,219,56,234,324.25,0.9400,0.6001,0.238309,33,28,77,283.28,0.6605,0.1608,0.016896,4.310
767716,520,338,858,251,4,241,330.57,0.9990,0.6376,0.269500,69,17,86,316.28,0.7858,0.2003,0.023381,4.354
767717,520,419,939,231,68,1,36.72,0.9986,0.5574,0.211283,37,13,45,316.90,0.6375,0.1117,0.008707,4.451
767735,520,409,929,165,88,246,302.71,0.9118,0.5665,0.216331,31,32,5,111.31,0.7556,0.1322,0.013353,4.204
767737,520,423,943,240,50,28,30.63,0.9700,0.5590,0.208936,48,12,15,18.55,0.6683,0.1148,0.009259,4.370
767759,520,268,788,192,148,237,306.14,0.7336,0.6986,0.385012,46,69,21,131.06,0.7982,0.2629,0.048911,4.398
767772,520,420,940,199,68,205,326.04,0.8314,0.5598,0.206857,26,23,39,292.18,0.3258,0.1139,0.009789,4.296
767779,520,466,986,178,75,173,329.49,0.7005,0.5156,0.175155,1,11,16,223.58,0.7639,0.0521,0.002832,4.262
767780,520,358,878,229,73,213,332.35,0.8937,0.6188,0.262295,57,34,29,32.86,0.3492,0.1772,0.021027,4.397
767783,520,458,978,200,35,202,327.65,0.9247,0.5315,0.177474,8,15,3,130.90,0.6706,0.0635,0.003998,4.213
767784,520,429,949,218,59,136,355.58,0.8164,0.5474,0.198133,2,22,50,255.89,0.8730,0.1015,0.008170,4.266
767792,520,464,984,175,85,153,337.46,0.5986,0.5154,0.179120,3,3,32,273.04,0.9150,0.0455,0.001888,4.416
767816,520,465,985,229,17,77,15.62,0.9795,0.5240,0.175977,19,4,5,16.14,0.5517,0.0502,0.002363,4.316
767817,520,323,843,238,113,125,16.01,0.7803,0.6505,0.314707,0,60,20,148.55,1.0000,0.2099,0.032821,4.404
767828,520,362,882,217,94,181,340.36,0.7345,0.6084,0.260953,56,26,64,318.85,0.5781,0.1756,0.019498,4.474
767839,520,450,970,225,46,114,4.27,0.8832,0.5414,0.191792,19,14,13,31.23,0.1323,0.0737,0.004816,4.411
767883,520,444,964,185,58,226,316.32,0.8908,0.5422,0.188326,2,15,45,261.08,0.8902,0.0808,0.005440,4.299
767888,520,401,921,184,81,247,309.68,0.9355,0.5827,0.227915,12,37,21,153.43,0.7136,0.1358,0.014554,4.305
767892,520,419,939,246,0,88,13.60,1.0000,0.5583,0.203009,40,16,10,35.08,0.5542,0.1063,0.008437,4.330
767912,520,478,998,223,15,73,16.12,0.9803,0.5098,0.165135,2,1,1,18.81,0.2281,0.0183,0.000368,4.271
767934,520,431,951,240,38,51,25.08,0.9664,0.5526,0.201538,15,25,14,142.32,0.4073,0.0988,0.008285,4.316
767955,520,438,958,243,32,25,28.93,0.9807,0.5532,0.201613,6,16,55,267.01,0.8608,0.0945,0.006851,4.426
767959,520,466,986,203,52,150,345.73,0.8088,0.5191,0.173565,3,7,18,261.69,0.5245,0.0456,0.002150,4.287
767982,520,472,992,207,0,177,336.72,1.0000,0.5157,0.164418,6,0,22,294.92,1.0000,0.0330,0.000966,4.207
767990,520,412,932,201,66,221,322.22,0.8767,0.5715,0.215359,12,23,61,267.69,0.7486,0.1188,0.010278,4.402
767991,520,400,920,218,73,182,339.18,0.8113,0.5834,0.230501,33,27,52,293.61,0.4246,0.1390,0.013551,4.414
767996,520,458,978,202,52,166,339.54,0.8210,0.5255,0.177676,13,7,20,304.86,0.4410,0.0557,0.002880,4.305
768015,520,453,973,187,58,210,321.12,0.8572,0.5335,0.182454,6,14,30,261.84,0.5442,0.0704,0.004465,4.268
768017,520,380,900,248,64,89,18.60,0.9485,0.5954,0.243479,14,42,35,174.57,0.6091,0.1576,0.018706,4.272
768019,520,403,923,250,54,49,27.70,0.9775,0.5843,0.231877,21,32,35,216.41,0.2288,0.1313,0.013138,4.464
768026,520,378,898,229,65,187,340.16,0.8714,0.5965,0.240290,72,0,36,357.99,1.0000,0.1577,0.015053,4.462
768029,520,38,558,239,241,249,274.89,0.4283,0.9522,0.881008,38,127,36,142.75,0.9635,0.4497,0.157176,4.494
768033,520,361,881,235,37,242,326.61,0.9797,0.6201,0.253986,5,48,54,208.96,0.8550,0.1820,0.024124,4.101
768050,520,404,924,212,72,197,332.42,0.8271,0.5805,0.226649,29,15,78,284.90,0.8375,0.1342,0.011529,4.496
768053,520,354,874,225,89,188,339.75,0.7936,0.6177,0.267854,44,44,7,109.40,0.7975,0.1821,0.023522,4.323
768054,520,381,901,219,62,219,328.01,0.9080,0.5953,0.236219,30,26,81,280.55,0.7300,0.1576,0.016088,4.331
768070,520,474,994,169,61,226,310.94,0.8734,0.5214,0.172643,1,2,22,268.88,0.9274,0.0329,0.001078,4.359
768086,520,443,963,232,42,24,30.15,0.9727,0.5362,0.188807,26,9,29,321.45,0.5552,0.0795,0.005037,4.339
768087,520,357,877,242,60,206,337.51,0.9325,0.6248,0.265680,37,41,54,271.43,0.2113,0.1802,0.022455,4.357
768091,520,467,987,188,62,182,329.85,0.7870,0.5207,0.175155,0,7,13,231.02,1.0000,0.0403,0.001810,4.346
768106,520,459,979,224,3,136,354.04,0.9936,0.5287,0.176927,16,9,18,318.63,0.3239,0.0619,0.003492,4.242
768111,520,349,869,253,62,173,350.16,0.9802,0.6298,0.273484,11,51,56,207.04,0.7372,0.1946,0.027242,4.188
768118,520,443,963,232,0,125,359.36,1.0000,0.5400,0.186395,12,9,51,278.07,0.8375,0.0818,0.005125,4.288
768121,520,396,916,243,51,125,3.84,0.9135,0.5840,0.229062,32,21,71,288.06,0.7098,0.1404,0.012983,4.431
768128,520,475,995,219,6,134,353.70,0.9855,0.5184,0.169141,6,2,0,66.15,1.0000,0.0273,0.000821,4.312
768139,520,379,899,243,10,193,340.76,0.9928,0.5950,0.231251,60,19,38,354.10,0.6043,0.1559,0.015665,4.283
768166,520,388,908,241,76,46,32.56,0.9322,0.5885,0.240701,28,32,51,274.35,0.3395,0.1458,0.015189,4.459
768171,520,297,817,236,95,248,324.51,0.9672,0.6757,0.327968,72,43,69,330.52,0.4020,0.2366,0.035353,4.428
768187,520,423,943,239,43,62,22.95,0.9533,0.5553,0.204295,9,13,70,270.31,0.9298,0.1064,0.007881,4.393
768194,520,480,1000,223,24,72,16.99,0.9649,0.5130,0.168119,0,0,0,0.00,0.0000,0.0000,0.000000,4.362
768195,520,419,939,224,16,192,336.69,0.9795,0.5603,0.200261,45,5,36,338.47,0.7646,0.1079,0.007939,4.319
768196,520,396,916,242,44,140,357.84,0.9267,0.5823,0.225752,54,16,27,5.05,0.6099,0.1358,0.012341,4.423
768245,520,387,907,159,120,201,305.34,0.5552,0.5851,0.250212,6,39,47,217.37,0.7637,0.1501,0.016949,4.484
768253,520,436,956,239,34,30,28.46,0.9763,0.5462,0.195918,18,20,27,272.49,0.1821,0.0924,0.007080,4.308
768269,520,463,983,190,56,196,326.13,0.8365,0.5267,0.177625,2,10,22,251.38,0.6597,0.0536,0.002879,4.305
768289,520,408,928,226,70,116,6.98,0.8099,0.5669,0.218127,46,24,4,60.68,0.7601,0.1317,0.012430,4.295
768290,520,448,968,227,35,117,2.57,0.9208,0.5390,0.188201,15,15,24,284.29,0.2488,0.0763,0.005092,4.324
768292,520,408,928,215,19,225,325.83,0.9835,0.5667,0.203511,57,8,20,11.33,0.7799,0.1286,0.010942,4.160
768300,520,420,940,221,77,79,23.28,0.8156,0.5570,0.212469,49,9,8,25.91,0.7931,0.1110,0.008660,4.474
768315,520,428,948,213,53,189,335.03,0.8711,0.5588,0.203686,1,20,52,257.94,0.9423,0.0976,0.007547,4.408
768355,520,465,985,226,41,27,29.66,0.9649,0.5232,0.178366,24,1,11,353.16,0.8079,0.0527,0.002401,4.358
768363,520,444,964,200,21,224,322.12,0.9758,0.5409,0.181992,7,21,20,189.72,0.4398,0.0840,0.006320,4.119
768365,520,452,972,119,103,229,285.10,0.7879,0.5282,0.192793,15,7,42,287.62,0.7629,0.0726,0.004207,4.479
768369,520,362,882,233,40,228,329.44,0.9687,0.6088,0.244452,37,30,84,284.33,0.6742,0.1752,0.019619,4.229
768396,520,433,953,213,79,110,9.52,0.7322,0.5528,0.208661,19,24,13,128.14,0.3383,0.0990,0.008208,4.444
768399,520,278,798,192,146,223,311.00,0.6242,0.6873,0.370925,5,71,36,153.33,0.9806,0.2528,0.046659,4.355
768437,520,425,945,202,59,206,326.82,0.8646,0.5560,0.201424,2,12,80,265.24,0.9727,0.1130,0.008550,4.294
768439,520,407,927,240,53,76,20.38,0.9286,0.5673,0.215965,26,27,53,280.22,0.4567,0.1325,0.012605,4.248
768453,520,384,904,245,27,170,348.04,0.9709,0.5919,0.231018,1,37,55,235.52,0.9419,0.1467,0.016053,4.254
768466,520,444,964,170,83,211,313.37,0.7619,0.5397,0.194365,19,4,56,287.17,0.9076,0.0848,0.005108,4.434
768477,520,387,907,254,39,80,18.66,0.9938,0.5865,0.231048,22,3,107,274.21,0.9918,0.1505,0.012972,4.463
768479,520,455,975,216,33,157,345.75,0.9087,0.5329,0.181233,12,1,43,286.88,0.9606,0.0593,0.002743,4.384
768480,520,478,998,106,90,249,281.10,0.9534,0.5094,0.172156,2,2,6,282.35,0.4201,0.0250,0.000695,4.382
768483,520,375,895,231,69,180,343.15,0.8573,0.6004,0.245430,14,26,98,268.19,0.9214,0.1646,0.017139,4.400
768485,520,406,926,254,29,52,24.61,0.9955,0.5772,0.222013,17,19,80,273.00,0.8853,0.1328,0.011640,4.413
768499,520,408,928,228,68,113,8.18,0.8252,0.5675,0.218232,57,11,21,11.93,0.7320,0.1326,0.011635,4.352
768503,520,445,965,183,45,237,313.66,0.9378,0.5367,0.180596,33,8,18,357.39,0.5774,0.0831,0.005407,4.162
768511,520,268,788,238,117,237,327.71,0.9133,0.7023,0.370163,25,68,56,172.13,0.6583,0.2551,0.046263,4.365
768520,520,435,955,205,74,150,348.05,0.7321,0.5470,0.200806,0,12,65,263.35,1.0007,0.0936,0.006445,4.443
768522,520,449,969,189,25,245,314.19,0.9789,0.5414,0.181079,20,13,2,83.02,0.6950,0.0697,0.004410,4.247
768539,520,297,817,227,113,227,327.38,0.8512,0.6752,0.336891,88,41,12,48.56,0.7781,0.2417,0.036874,4.453
768544,520,313,833,244,107,154,1.05,0.8322,0.6596,0.320844,22,59,44,164.27,0.6616,0.2201,0.034802,4.373
768547,520,461,981,235,24,37,26.47,0.9834,0.5334,0.184522,0,1,47,264.18,0.9949,0.0531,0.002269,4.487
768548,520,436,956,205,55,187,333.43,0.8463,0.5455,0.193012,2,26,11,154.29,0.9454,0.0929,0.007758,4.207
768563,520,476,996,226,11,37,25.47,0.9922,0.5097,0.165446,2,1,4,302.09,0.5000,0.0201,0.000434,4.272
768572,520,426,946,217,28,202,332.22,0.9580,0.5579,0.198487,17,1,82,276.18,0.9943,0.1099,0.007500,4.321
768585,520,397,917,235,57,149,354.20,0.8772,0.5824,0.227612,49,3,71,310.89,0.9192,0.1395,0.011731,4.497
768610,520,353,873,212,94,219,325.37,0.8216,0.6211,0.271186,27,49,5,132.68,0.9429,0.1817,0.024405,4.317
768617,520,433,953,239,0,108,6.30,1.0000,0.5489,0.194367,18,26,0,123.71,1.0000,0.1011,0.008674,4.165
768621,520,480,1000,189,8,209,322.93,0.9866,0.5068,0.155974,0,0,0,0.00,0.0000,0.0000,0.000000,4.119
768629,520,353,873,222,102,164,350.20,0.7022,0.6206,0.277148,51,41,9,91.38,0.7339,0.1824,0.023095,4.476
768640,520,289,809,236,137,19,61.28,0.9687,0.6760,0.357737,48,62,20,125.31,0.7136,0.2425,0.041241,4.469
768671,520,278,798,236,103,250,323.77,0.9742,0.6871,0.344376,25,59,93,250.67,0.6314,0.2471,0.041247,4.322
768674,520,446,966,203,25,208,326.94,0.9589,0.5358,0.179477,11,21,7,136.83,0.5803,0.0828,0.006228,4.081
768677,520,98,618,250,208,224,353.30,0.7775,0.8812,0.708187,62,104,101,189.92,0.3844,0.4047,0.118640,4.496
768724,520,334,854,225,99,204,334.40,0.8030,0.6394,0.292929,50,47,24,101.86,0.4409,0.2004,0.027771,4.409
768728,520,239,759,235,148,184,353.72,0.6742,0.7271,0.423046,59,72,9,121.20,0.9032,0.2826,0.055842,4.469
768733,520,26,546,248,248,232,106.78,0.5765,0.9707,0.929176,36,131,44,144.26,0.9644,0.4630,0.167889,4.494
768747,520,415,935,251,23,3,29.96,0.9981,0.5653,0.211323,22,2,83,279.87,0.9851,0.1168,0.008385,4.476
768753,520,411,931,247,43,76,19.63,0.9565,0.5739,0.220272,42,17,37,335.20,0.5136,0.1212,0.010268,4.485
768760,520,434,954,212,77,115,6.47,0.7335,0.5499,0.205448,25,21,21,17.71,0.0812,0.0995,0.007972,4.406
768761,520,467,987,195,24,200,326.89,0.9493,0.5157,0.164272,15,1,10,340.05,0.7520,0.0394,0.001452,4.164
768766,520,430,950,228,28,138,354.86,0.9408,0.5451,0.191623,30,5,54,302.10,0.8437,0.0973,0.006509,4.276
768769,520,379,899,243,68,137,1.31,0.8889,0.6030,0.249982,10,45,16,146.51,0.9305,0.1605,0.019786,4.299
768773,520,480,1000,161,32,252,304.26,0.9855,0.5090,0.156390,0,0,0,0.00,0.0000,0.0000,0.000000,4.128
768775,520,437,957,228,40,129,358.72,0.9056,0.5483,0.195993,1,26,11,155.27,0.9734,0.0923,0.007694,4.264
768787,520,362,882,222,68,218,329.04,0.8990,0.6052,0.247279,23,16,122,271.82,0.9706,0.1848,0.019577,4.273
768795,520,429,949,231,42,99,10.38,0.9181,0.5460,0.195487,24,18,44,291.97,0.5166,0.1037,0.008086,4.226
768814,520,410,930,214,97,0,48.61,1.0000,0.5671,0.228478,8,21,82,266.97,0.9258,0.1339,0.011971,4.494
768817,520,469,989,183,67,179,329.16,0.7554,0.5166,0.173376,13,1,12,330.37,0.7534,0.0377,0.001338,4.351
768829,520,173,693,229,181,218,334.44,0.5812,0.7989,0.547688,10,98,13,142.96,0.9921,0.3439,0.088286,4.322
768850,520,396,916,241,45,138,358.41,0.9220,0.5803,0.224157,58,2,60,326.68,0.9027,0.1449,0.012693,4.373
768854,520,473,993,233,3,28,26.83,0.9983,0.5223,0.174758,11,1,2,12.94,0.7154,0.0310,0.000973,4.409
768871,520,414,934,240,22,134,358.40,0.9700,0.5651,0.208235,4,1,98,266.17,0.9986,0.1248,0.009293,4.355
768876,520,444,964,191,72,189,328.41,0.7693,0.5417,0.193867,29,8,26,333.06,0.5742,0.0804,0.005095,4.426
768883,520,463,983,201,64,147,347.23,0.7594,0.5265,0.181928,3,6,24,268.97,0.6962,0.0467,0.002155,4.447
768892,520,390,910,246,43,153,354.19,0.9390,0.5944,0.236238,23,36,54,256.67,0.3977,0.1544,0.017102,4.266
768900,520,384,904,235,19,201,336.83,0.9834,0.5868,0.223477,12,8,104,269.16,0.9855,0.1453,0.012512,4.375
768910,520,381,901,247,34,168,349.26,0.9613,0.5979,0.237486,19,38,50,237.73,0.4359,0.1550,0.017549,4.256
768922,520,361,881,221,69,248,321.12,0.9666,0.6244,0.264076,38,42,36,135.05,0.1187,0.1761,0.021954,4.365
768934,520,378,898,248,60,123,6.31,0.9355,0.6003,0.246216,58,26,28,17.20,0.4743,0.1612,0.017223,4.406
768941,520,474,994,207,40,152,345.47,0.8618,0.5177,0.170521,10,0,2,3.86,1.0000,0.0266,0.000689,4.350
768958,520,373,893,215,55,249,319.68,0.9723,0.6036,0.240208,5,45,11,145.57,0.9743,0.1577,0.019331,4.186
768970,520,453,973,173,45,242,309.50,0.9411,0.5259,0.171727,23,7,26,321.22,0.5746,0.0703,0.004087,4.099
768988,520,454,974,208,49,155,345.04,0.8336,0.5281,0.179752,35,3,5,20.70,0.8397,0.0740,0.004335,4.228
768994,520,358,878,236,11,255,324.12,1.0000,0.6225,0.252947,16,9,124,269.09,0.9890,0.1767,0.017606,4.481
769000,520,480,1000,227,0,10,28.52,1.0000,0.5075,0.163558,0,0,0,0.00,0.0000,0.0000,0.000000,4.271
769002,520,468,988,182,0,239,313.86,1.0000,0.5181,0.161782,8,1,22,298.84,0.8587,0.0379,0.001313,4.127
769054,520,461,981,157,75,230,304.60,0.8501,0.5251,0.179139,19,1,17,331.95,0.7955,0.0478,0.002006,4.406
769071,520,441,961,188,30,237,315.57,0.9666,0.5353,0.177356,9,10,64,271.86,0.9286,0.0949,0.006453,4.027
769079,520,458,978,210,56,129,356.29,0.8041,0.5267,0.181172,12,2,43,286.15,0.9261,0.0613,0.002960,4.365
769082,520,303,823,250,64,250,328.08,0.9846,0.6677,0.308957,101,9,19,23.10,0.9431,0.2265,0.030096,4.482
769104,520,405,925,249,45,98,13.32,0.9580,0.5839,0.229019,1,39,7,146.03,0.9939,0.1347,0.014728,4.311
769112,520,375,895,224,19,247,322.98,0.9914,0.5981,0.230306,58,10,66,321.46,0.7907,0.1578,0.015101,4.306
769117,520,445,965,216,68,86,17.79,0.8116,0.5379,0.194075,4,12,44,266.46,0.8507,0.0751,0.004706,4.462
769129,520,413,933,197,91,173,336.87,0.6684,0.5688,0.223711,23,30,11,125.75,0.5360,0.1194,0.011349,4.462
769137,520,419,939,165,77,253,302.49,0.9809,0.5571,0.203994,15,11,70,275.49,0.9120,0.1071,0.007831,4.392
769138,520,463,983,225,21,118,1.04,0.9567,0.5286,0.178547,4,12,9,171.81,0.4140,0.0545,0.003085,4.305
769150,520,433,953,240,43,10,31.43,0.9914,0.5529,0.202783,40,2,40,328.21,0.8442,0.0971,0.006478,4.476
769152,520,412,932,201,37,245,317.25,0.9670,0.5663,0.203347,22,32,2,125.49,0.9199,0.1230,0.012080,4.081
769159,520,302,822,232,108,211,334.33,0.8414,0.6666,0.325863,77,46,3,68.45,0.9147,0.2330,0.035385,4.402
769163,520,369,889,215,78,219,326.65,0.8669,0.6054,0.250122,16,39,66,253.90,0.6163,0.1665,0.019545,4.316
769173,520,413,933,224,54,168,344.78,0.8673,0.5680,0.213153,32,20,48,301.94,0.5181,0.1197,0.010208,4.371
769198,520,443,963,239,17,49,23.87,0.9890,0.5406,0.189767,10,8,50,276.51,0.8637,0.0777,0.004685,4.385
769202,520,365,885,247,23,201,339.56,0.9846,0.6102,0.246071,52,7,95,299.67,0.9195,0.1726,0.017083,4.414
769208,520,441,961,218,10,181,338.35,0.9830,0.5411,0.184611,7,23,14,157.76,0.5877,0.0877,0.006896,4.123
769224,520,445,965,230,28,122,0.90,0.9449,0.5431,0.190615,14,2,61,279.77,0.9727,0.0824,0.004737,4.396
769227,520,373,893,241,25,200,338.51,0.9792,0.5992,0.235691,2,9,119,264.86,0.9923,0.1637,0.015400,4.368
769241,520,430,950,117,106,254,281.48,0.9869,0.5526,0.212452,10,28,16,153.20,0.6044,0.1050,0.009324,4.424
769245,520,449,969,223,44,114,3.71,0.8843,0.5360,0.187069,17,2,49,289.63,0.9329,0.0721,0.003843,4.403
769246,520,451,971,181,25,254,310.02,0.9952,0.5369,0.176758,35,2,6,16.58,0.8650,0.0724,0.004140,4.188
769250,520,453,973,233,23,40,25.80,0.9831,0.5290,0.180928,14,5,47,284.74,0.8597,0.0726,0.004071,4.271
769255,520,447,967,235,28,61,21.50,0.9725,0.5381,0.188328,31,5,37,319.75,0.7466,0.0850,0.005335,4.307
769293,520,212,732,169,184,247,273.81,0.8051,0.7602,0.494307,17,88,15,142.55,0.9811,0.3111,0.071328,4.486
769297,520,391,911,245,47,136,359.99,0.9263,0.5887,0.232264,11,18,95,268.55,0.9544,0.1455,0.013299,4.459
769306,520,441,961,239,21,48,24.30,0.9857,0.5419,0.191038,27,4,54,298.69,0.8732,0.0919,0.005862,4.315
769313,520,356,876,243,31,226,332.29,0.9825,0.6207,0.255285,2,45,66,236.00,0.9205,0.1786,0.022829,4.192
769332,520,449,969,230,52,15,32.61,0.9826,0.5397,0.193164,6,9,43,271.87,0.8384,0.0700,0.004085,4.496
769334,520,304,824,242,90,237,329.11,0.9459,0.6723,0.323065,46,59,3,122.69,0.9544,0.2294,0.037153,4.281
769353,520,442,962,217,57,113,4.56,0.8240,0.5352,0.188727,23,4,49,296.96,0.8575,0.0822,0.004907,4.348
769362,520,392,912,211,75,205,329.62,0.8337,0.5870,0.232907,17,37,41,211.93,0.4193,0.1461,0.016023,4.285
769374,520,446,966,214,34,168,341.63,0.9091,0.5354,0.182696,33,10,12,16.45,0.5330,0.0846,0.005670,4.180
769388,520,439,959,216,39,190,335.40,0.9186,0.5545,0.197699,22,17,18,4.41,0.1148,0.0855,0.006152,4.411
769391,520,415,935,216,57,186,336.85,0.8609,0.5658,0.210725,49,10,39,339.52,0.6944,0.1235,0.010166,4.333
769393,520,452,972,183,20,242,313.23,0.9824,0.5274,0.169795,11,12,31,278.89,0.5091,0.0704,0.004330,4.046
769395,520,457,977,218,37,132,355.32,0.8917,0.5279,0.178970,19,11,1,80.06,0.8013,0.0639,0.003800,4.256
769403,520,304,824,246,118,118,21.83,0.8641,0.6697,0.338606,48,58,23,122.74,0.6076,0.2306,0.037163,4.458
769427,520,451,971,216,32,173,340.50,0.9230,0.5408,0.186514,10,16,1,124.70,0.8835,0.0670,0.004373,4.350
769439,520,480,1000,215,42,71,18.40,0.9107,0.5070,0.165605,0,0,0,0.00,0.0000,0.0000,0.000000,4.312
769455,520,319,839,255,31,243,330.96,1.0000,0.6525,0.287142,16,58,52,182.09,0.7203,0.2172,0.033841,4.021
769459,520,431,951,234,47,49,26.45,0.9488,0.5463,0.197503,39,8,36,331.75,0.6836,0.1017,0.007324,4.318
769464,520,322,842,234,110,163,355.28,0.7529,0.6515,0.312911,28,56,1,133.62,0.9927,0.2052,0.030773,4.493
769474,520,460,980,182,41,238,313.28,0.9464,0.5332,0.177051,5,14,5,144.15,0.5886,0.0591,0.003573,4.238
769480,520,298,818,247,78,237,330.45,0.9670,0.6673,0.313401,30,47,108,268.17,0.7318,0.2301,0.033916,4.331
769483,520,422,942,226,46,157,348.66,0.8885,0.5602,0.205597,39,10,49,316.22,0.7192,0.1132,0.008702,4.354
769485,520,452,972,188,13,234,316.54,0.9878,0.5264,0.169210,9,11,30,276.31,0.5354,0.0662,0.003911,4.066
769486,520,455,975,194,23,217,322.17,0.9658,0.5261,0.170934,9,11,22,275.26,0.3533,0.0616,0.003553,4.125
769493,520,384,904,244,4,180,344.58,0.9967,0.5889,0.226184,52,29,13,54.13,0.5670,0.1541,0.016379,4.161
769503,520,474,994,231,9,44,24.21,0.9937,0.5208,0.173692,0,3,17,259.28,1.0000,0.0313,0.001056,4.381
769520,520,411,931,249,21,64,21.20,0.9869,0.5652,0.210499,51,9,9,24.73,0.7987,0.1151,0.009190,4.401
769535,520,478,998,215,44,66,20.38,0.9114,0.5076,0.166443,6,0,2,353.79,1.0000,0.0210,0.000431,4.292
769540,520,458,978,213,55,122,359.76,0.8161,0.5288,0.182860,7,10,19,268.30,0.3311,0.0564,0.003093,4.386
769542,520,418,938,216,4,215,328.60,0.9961,0.5579,0.195942,14,27,55,263.71,0.6075,0.1248,0.011530,3.997
769553,520,477,997,90,96,253,274.98,0.9867,0.5116,0.176305,0,0,19,264.05,1.0000,0.0228,0.000470,4.484
769556,520,317,837,220,104,235,322.94,0.8834,0.6564,0.311162,51,54,4,113.19,0.9143,0.2193,0.033509,4.325
769565,520,407,927,241,53,55,26.11,0.9446,0.5661,0.215261,8,9,97,267.95,0.9831,0.1348,0.011100,4.341
769574,520,378,898,209,60,246,318.58,0.9561,0.5961,0.234425,53,5,88,304.14,0.9246,0.1648,0.015701,4.329
769582,520,388,908,221,3,251,321.47,0.9988,0.5928,0.224044,5,34,64,252.42,0.8088,0.1461,0.015464,4.186
769595,520,307,827,250,97,185,348.03,0.9380,0.6674,0.323791,0,52,106,254.63,0.9999,0.2297,0.034964,4.399
769597,520,384,904,242,54,129,2.52,0.9032,0.5857,0.231037,56,23,36,356.79,0.5001,0.1549,0.015810,4.270
769608,520,452,972,221,31,142,352.06,0.9197,0.5345,0.183077,0,21,3,147.17,1.0000,0.0743,0.005429,4.205
769611,520,449,969,191,58,216,320.75,0.8746,0.5441,0.190617,25,9,16,353.17,0.4260,0.0721,0.004395,4.424
769623,520,398,918,231,11,205,334.81,0.9908,0.5799,0.216387,47,1,79,304.61,0.9785,0.1421,0.011906,4.303
769655,520,475,995,218,52,83,15.92,0.8726,0.5241,0.179885,8,2,11,317.22,0.5986,0.0345,0.001192,4.491
769668,520,420,940,210,79,144,352.72,0.7221,0.5596,0.213093,8,20,63,266.86,0.8541,0.1118,0.009108,4.451
769677,520,433,953,216,34,182,337.74,0.9247,0.5469,0.191227,37,13,24,352.95,0.5013,0.1002,0.007472,4.197
769692,520,326,846,253,79,177,349.99,0.9765,0.6478,0.296522,35,56,25,136.35,0.6387,0.2134,0.032558,4.197
769711,520,414,934,227,21,189,338.28,0.9720,0.5656,0.205439,26,9,79,283.33,0.9107,0.1244,0.009795,4.272
769714,520,387,907,228,11,226,328.82,0.9934,0.5881,0.222267,6,12,103,266.65,0.9823,0.1456,0.012808,4.335
769722,520,444,964,226,54,63,23.64,0.9121,0.5380,0.191688,39,1,2,25.62,0.9670,0.0772,0.004575,4.429
769733,520,402,922,246,3,156,352.13,0.9971,0.5813,0.220616,19,15,86,274.57,0.9235,0.1346,0.011519,4.399
769738,520,400,920,208,101,126,7.00,0.6093,0.5830,0.242255,2,38,42,205.80,0.9101,0.1427,0.015662,4.451
769740,520,49,569,219,250,179,127.33,0.8426,0.9368,0.866854,20,127,30,143.77,0.9875,0.4446,0.154206,4.490
769755,520,289,809,212,128,236,318.44,0.8264,0.6843,0.354928,0,65,69,201.72,1.0000,0.2432,0.042101,4.397
769761,520,433,953,202,23,228,321.67,0.9757,0.5480,0.187725,14,27,2,131.31,0.9272,0.1014,0.008816,4.042
769770,520,436,956,227,57,111,7.10,0.8565,0.5538,0.204076,6,26,1,138.10,0.9822,0.0932,0.007797,4.396
769787,520,409,929,240,57,44,29.11,0.9441,0.5663,0.216366,37,11,67,299.65,0.8038,0.1270,0.010379,4.412
769798,520,388,908,237,73,108,12.35,0.8573,0.5884,0.238553,42,21,66,302.33,0.6585,0.1481,0.014219,4.493
769807,520,419,939,235,25,143,354.50,0.9588,0.5598,0.203436,38,1,61,307.49,0.9625,0.1099,0.007707,4.392
769831,520,480,1000,191,37,192,327.88,0.8947,0.5102,0.162068,0,0,0,0.00,0.0000,0.0000,0.000000,4.241
769834,520,382,902,205,83,232,319.90,0.8769,0.6045,0.249933,25,39,52,247.22,0.3383,0.1632,0.019056,4.343
769840,520,443,963,178,79,197,320.91,0.7431,0.5360,0.190892,10,20,4,133.49,0.7310,0.0786,0.005736,4.322
769866,520,418,938,244,17,91,12.99,0.9847,0.5586,0.203928,19,20,68,275.85,0.7754,0.1236,0.010561,4.193
769870,520,475,995,224,26,94,9.77,0.9504,0.5211,0.173970,2,2,11,279.16,0.6358,0.0274,0.000805,4.408
769882,520,441,961,222,69,53,29.66,0.8874,0.5447,0.200455,8,25,16,159.00,0.5767,0.0948,0.007843,4.330
769884,520,254,774,252,106,254,327.12,0.9961,0.7169,0.381619,40,61,108,264.44,0.5639,0.2721,0.048711,4.373
769886,520,444,964,224,11,158,346.86,0.9797,0.5405,0.185579,21,13,30,304.73,0.4348,0.0812,0.005410,4.252
769888,520,284,804,253,129,11,53.34,0.9916,0.6871,0.366105,36,69,7,134.35,0.9658,0.2543,0.046465,4.314
769892,520,467,987,152,64,252,299.51,0.9781,0.5239,0.173708,1,3,30,266.99,0.9455,0.0419,0.001653,4.331
769893,520,434,954,229,65,15,35.18,0.9797,0.5506,0.204760,21,18,47,285.01,0.5654,0.1029,0.007973,4.394
769897,520,346,866,254,63,165,353.05,0.9890,0.6291,0.273459,74,26,1,44.79,0.9601,0.1858,0.021971,4.494
769905,520,291,811,181,144,233,302.37,0.6973,0.6764,0.356538,33,66,20,137.95,0.8849,0.2438,0.042702,4.385
769907,520,427,947,179,57,254,308.22,0.9933,0.5550,0.196666,7,27,26,190.97,0.5677,0.1037,0.009036,4.178
769914,520,455,975,188,53,213,320.79,0.8794,0.5325,0.180430,4,5,46,270.74,0.9402,0.0637,0.003316,4.322
769930,520,478,998,200,14,181,333.71,0.9651,0.5084,0.159315,0,1,13,263.17,1.0005,0.0222,0.000508,4.144
769936,520,331,851,248,64,200,340.76,0.9529,0.6354,0.277964,47,24,109,287.60,0.8340,0.2006,0.023617,4.455
769939,520,436,956,225,55,101,10.40,0.8638,0.5452,0.196822,12,3,71,274.51,0.9801,0.0947,0.005982,4.409
769945,520,474,994,190,54,193,327.07,0.8371,0.5228,0.174372,9,0,18,309.66,1.0000,0.0336,0.001018,4.398
769946,520,323,843,252,71,212,338.39,0.9808,0.6548,0.299585,60,44,43,22.65,0.1961,0.2104,0.029365,4.405
769974,520,424,944,216,67,145,352.31,0.7868,0.5558,0.206599,23,18,50,287.06,0.5943,0.1071,0.008451,4.390
769986,520,391,911,247,49,129,2.93,0.9343,0.5915,0.235591,39,33,15,91.54,0.4583,0.1461,0.015536,4.358
769993,520,464,984,147,96,191,307.19,0.6131,0.5176,0.183307,12,3,25,301.31,0.7338,0.0488,0.002135,4.475
769994,520,459,979,232,29,12,29.95,0.9888,0.5277,0.180642,3,11,21,249.14,0.5565,0.0561,0.003128,4.341
769995,520,272,792,252,122,174,356.73,0.9278,0.7023,0.376734,44,62,80,248.97,0.3137,0.2595,0.045598,4.464
770001,520,374,894,218,62,229,325.11,0.9223,0.6002,0.240098,29,38,54,261.66,0.3072,0.1647,0.019137,4.196
770006,520,259,779,253,104,247,329.26,0.9921,0.7118,0.375014,23,48,152,266.51,0.9243,0.2743,0.045628,4.444
770008,520,465,985,218,57,49,27.93,0.9084,0.5230,0.180560,0,3,44,264.08,0.9817,0.0541,0.002470,4.394
770016,520,391,911,243,58,137,0.21,0.9005,0.5937,0.238901,42,28,44,322.26,0.3262,0.1476,0.015046,4.441
770019,520,409,929,228,53,156,349.86,0.8720,0.5689,0.214431,23,33,21,140.37,0.3450,0.1307,0.013240,4.181
770039,520,455,975,202,38,198,329.31,0.9126,0.5341,0.180218,21,3,25,320.68,0.7282,0.0593,0.002948,4.348
770040,520,468,988,172,64,213,315.02,0.8335,0.5190,0.172425,2,5,21,266.60,0.7257,0.0414,0.001756,4.298
770047,520,362,882,243,64,175,347.43,0.9063,0.6144,0.258196,6,48,52,204.52,0.8309,0.1813,0.024004,4.165
770062,520,444,964,236,33,38,27.06,0.9740,0.5400,0.190637,27,4,45,305.94,0.8245,0.0837,0.005093,4.368
770065,520,305,825,215,115,241,319.01,0.8895,0.6696,0.330609,44,58,19,126.26,0.7030,0.2262,0.036086,4.421
770069,520,413,933,194,51,246,314.65,0.9551,0.5655,0.204921,21,29,29,196.34,0.1614,0.1201,0.011268,4.161
770072,520,433,953,196,75,182,332.52,0.7526,0.5495,0.201469,10,25,19,166.37,0.4534,0.0969,0.008068,4.331
770073,520,439,959,218,67,105,9.81,0.7987,0.5454,0.199421,9,22,10,146.01,0.5666,0.0851,0.006538,4.412
770081,520,356,876,250,35,208,338.47,0.9765,0.6243,0.260833,23,49,2,134.45,0.9823,0.1787,0.023831,4.210
770084,520,454,974,207,72,109,7.29,0.7388,0.5324,0.190064,30,3,10,5.78,0.7420,0.0665,0.003631,4.476
770089,520,469,989,130,85,243,290.94,0.9007,0.5187,0.177138,19,1,10,347.76,0.7779,0.0448,0.001821,4.383
770115,520,433,953,197,62,212,323.56,0.8618,0.5549,0.200706,29,12,46,304.07,0.6619,0.0997,0.007214,4.382
770125,520,409,929,199,84,180,334.43,0.7193,0.5653,0.217796,44,23,14,43.69,0.4744,0.1281,0.011800,4.333
770131,520,423,943,235,59,18,33.38,0.9795,0.5564,0.208369,51,3,18,7.50,0.8533,0.1091,0.008127,4.445
770152,520,246,766,216,153,233,318.96,0.7448,0.7338,0.432656,13,79,31,147.74,0.9714,0.2812,0.057762,4.479
770173,520,413,933,176,84,234,309.65,0.8546,0.5660,0.215121,28,27,36,290.04,0.1813,0.1244,0.011581,4.305
770183,520,344,864,219,76,251,319.65,0.9779,0.6304,0.271958,29,28,108,274.77,0.8768,0.1891,0.021743,4.488
770185,520,418,938,198,65,218,322.14,0.8685,0.5636,0.208498,30,21,50,295.92,0.5207,0.1209,0.010426,4.278
770186,520,456,976,203,21,204,328.03,0.9646,0.5315,0.175943,16,8,27,301.56,0.5361,0.0646,0.003630,4.213
770197,520,439,959,206,6,226,323.34,0.9945,0.5488,0.187449,20,5,57,287.45,0.8894,0.0884,0.005527,4.276
770199,520,406,926,183,81,242,310.46,0.9048,0.5775,0.223639,25,19,74,280.81,0.7897,0.1327,0.011668,4.437
770210,520,444,964,235,36,28,28.92,0.9725,0.5388,0.190109,1,21,20,190.78,0.8997,0.0799,0.005933,4.293
770228,520,420,940,237,1,142,354.71,0.9986,0.5570,0.199823,21,0,80,280.31,1.0000,0.1093,0.007386,4.353
770241,520,460,980,201,27,210,325.85,0.9550,0.5347,0.178563,8,7,37,278.37,0.7653,0.0626,0.003371,4.282
770257,520,421,941,204,35,236,320.15,0.9641,0.5630,0.200972,36,3,63,303.39,0.9146,0.1116,0.007991,4.328
770259,520,463,983,204,61,141,350.30,0.7745,0.5258,0.180999,19,4,13,343.46,0.5569,0.0529,0.002544,4.396
770271,520,406,926,253,26,80,17.62,0.9885,0.5781,0.222044,58,2,40,345.04,0.8699,0.1317,0.010963,4.462
770292,520,408,928,237,27,162,348.80,0.9605,0.5728,0.214000,45,4,62,313.20,0.8725,0.1258,0.009926,4.405
770297,520,459,979,167,80,205,314.17,0.7514,0.5269,0.183614,15,6,34,294.37,0.7049,0.0644,0.003473,4.369
770304,520,455,975,203,43,180,334.98,0.8720,0.5279,0.177215,12,14,3,116.41,0.5836,0.0642,0.003988,4.209
770315,520,402,922,218,46,217,328.41,0.9362,0.5796,0.218713,47,13,43,332.47,0.6507,0.1263,0.010667,4.429
770316,520,428,948,208,40,217,325.81,0.9386,0.5586,0.199391,30,15,39,311.52,0.5250,0.1014,0.007642,4.327
770318,520,452,972,216,64,74,21.50,0.8452,0.5307,0.187626,4,19,1,138.34,0.9710,0.0708,0.004937,4.325
770352,520,357,877,235,74,199,338.17,0.8830,0.6221,0.266858,54,39,16,76.29,0.5603,0.1822,0.022728,4.357
770355,520,376,896,252,35,137,0.16,0.9748,0.5956,0.237072,32,32,71,280.46,0.5589,0.1637,0.017950,4.225
770362,520,347,867,232,57,249,324.03,0.9770,0.6323,0.269239,55,31,66,314.39,0.5120,0.1851,0.021856,4.443
770380,520,479,999,227,13,18,28.35,0.9924,0.5110,0.166654,0,0,2,264.05,1.0000,0.0079,0.000044,4.329
770393,520,247,767,239,145,178,357.78,0.7147,0.7247,0.418180,25,72,92,229.60,0.6640,0.2848,0.056139,4.411
770399,520,280,800,249,91,255,326.31,1.0000,0.6950,0.348445,92,41,22,40.41,0.6868,0.2502,0.039195,4.467
770403,520,325,845,221,88,249,320.22,0.9648,0.6455,0.291929,50,48,53,303.92,0.0736,0.2125,0.030491,4.248
770407,520,470,990,225,3,106,4.72,0.9945,0.5197,0.171161,6,6,3,107.87,0.2673,0.0401,0.001755,4.273
770415,520,341,861,208,93,251,315.58,0.9678,0.6345,0.282050,29,53,6,133.14,0.9430,0.1964,0.028205,4.246
770423,520,449,969,212,47,162,343.50,0.8553,0.5373,0.186409,6,11,34,269.83,0.6667,0.0666,0.003935,4.383
770442,520,385,905,254,52,18,31.68,0.9959,0.5886,0.235742,4,41,33,174.99,0.8941,0.1493,0.017214,4.251
770485,520,446,966,209,72,117,3.86,0.7423,0.5386,0.194765,4,20,29,234.01,0.6293,0.0833,0.006148,4.359
770493,520,417,937,209,21,242,320.31,0.9859,0.5699,0.205042,37,19,44,315.94,0.5043,0.1216,0.010409,4.222
770500,520,416,936,238,65,7,35.21,0.9925,0.5680,0.219762,47,18,0,52.63,1.0000,0.1202,0.010370,4.468
770519,520,435,955,208,22,211,327.51,0.9698,0.5455,0.186888,27,10,47,301.17,0.7105,0.0949,0.006553,4.189
770522,520,441,961,216,24,179,338.54,0.9504,0.5404,0.185092,7,25,16,160.22,0.6200,0.0942,0.007778,4.069
770527,520,410,930,241,51,89,16.07,0.9252,0.5703,0.217929,24,24,63,279.24,0.6332,0.1315,0.012063,4.317
770542,520,401,921,233,26,197,337.50,0.9715,0.5831,0.220964,37,16,76,293.29,0.7898,0.1426,0.012857,4.311
770551,520,420,940,206,74,167,341.30,0.7541,0.5567,0.208113,44,11,26,354.92,0.6207,0.1096,0.008495,4.413
770594,520,458,978,237,12,20,28.19,0.9942,0.5325,0.183213,14,10,19,304.51,0.2928,0.0624,0.003575,4.353
770597,520,418,938,177,72,248,307.88,0.9480,0.5628,0.207599,21,30,15,133.56,0.4378,0.1185,0.011225,4.207
770622,520,391,911,253,40,93,14.86,0.9859,0.5877,0.231942,63,11,42,348.47,0.7384,0.1528,0.014634,4.362
770642,520,422,942,240,47,51,26.15,0.9542,0.5588,0.208006,6,27,35,225.76,0.6275,0.1074,0.009439,4.341
770643,520,420,940,210,21,228,323.81,0.9809,0.5609,0.198413,10,23,48,262.13,0.6258,0.1070,0.008907,4.217
770666,520,323,843,214,101,240,319.77,0.9007,0.6466,0.298963,16,54,63,216.30,0.6629,0.2095,0.031072,4.304
770675,520,473,993,229,32,20,29.51,0.9785,0.5233,0.177445,6,0,13,309.70,1.0000,0.0271,0.000678,4.488
770679,520,447,967,207,79,88,19.30,0.7343,0.5363,0.195641,36,7,3,33.59,0.7995,0.0824,0.005337,4.439
770692,520,439,959,195,18,245,315.96,0.9872,0.5484,0.186287,5,25,7,145.98,0.8952,0.0908,0.007428,4.114
770705,520,478,998,177,31,224,315.33,0.9493,0.5074,0.157100,4,0,1,359.68,1.0000,0.0171,0.000280,4.119
770718,520,449,969,241,12,2,29.53,0.9984,0.5405,0.189715,0,19,23,211.12,1.0000,0.0749,0.005276,4.337
770721,520,452,972,171,61,231,310.44,0.8859,0.5283,0.177658,17,10,19,318.60,0.3122,0.0654,0.003833,4.229
770737,520,410,930,249,35,26,29.09,0.9804,0.5674,0.214200,31,26,45,295.52,0.3511,0.1300,0.012196,4.248
770741,520,344,864,244,83,167,351.94,0.8846,0.6325,0.282126,23,47,52,212.58,0.4231,0.1857,0.024630,4.450
770747,520,406,926,236,24,173,345.11,0.9683,0.5750,0.215062,34,26,34,326.18,0.1998,0.1277,0.011944,4.279
770750,520,452,972,203,70,126,357.92,0.7306,0.5285,0.185852,22,2,35,309.60,0.8449,0.0654,0.003354,4.421
770755,520,398,918,218,40,223,326.93,0.9536,0.5798,0.217528,44,24,40,334.38,0.3920,0.1395,0.013420,4.218
770777,520,406,926,234,24,188,340.24,0.9718,0.5792,0.217793,20,29,50,265.60,0.4393,0.1305,0.012577,4.279
770780,520,295,815,239,114,192,344.12,0.8273,0.6772,0.341936,26,67,6,137.95,0.9793,0.2417,0.042469,4.239
770793,520,469,989,186,83,127,355.56,0.6101,0.5182,0.181594,10,3,16,310.45,0.6004,0.0416,0.001671,4.482
770808,520,455,975,158,93,190,313.49,0.6335,0.5256,0.188161,15,10,7,55.27,0.2083,0.0591,0.003340,4.465
770831,520,370,890,239,82,124,7.96,0.8439,0.6072,0.258435,15,39,68,254.61,0.6474,0.1674,0.019699,4.425
770835,520,467,987,201,7,204,327.54,0.9887,0.5240,0.169309,6,6,14,283.34,0.3378,0.0442,0.002007,4.217
770849,520,402,922,207,41,251,317.46,0.9816,0.5829,0.218179,61,4,8,23.31,0.9311,0.1296,0.010966,4.399
770851,520,451,971,175,76,215,314.73,0.8032,0.5398,0.191901,5,15,22,238.04,0.4546,0.0676,0.004318,4.453
770855,520,414,934,190,66,238,314.61,0.9096,0.5669,0.210178,9,33,29,180.89,0.6096,0.1243,0.012345,4.173
770859,520,375,895,206,108,144,357.96,0.5738,0.5981,0.258623,17,37,70,259.88,0.6425,0.1645,0.018844,4.483
770862,520,467,987,219,57,35,31.11,0.9354,0.5235,0.181103,5,0,35,279.86,1.0000,0.0430,0.001536,4.484
770870,520,469,989,211,31,158,344.11,0.9070,0.5228,0.172997,11,0,18,314.34,1.0000,0.0358,0.001148,4.360
770890,520,458,978,197,19,214,323.80,0.9724,0.5275,0.171927,27,2,0,34.96,1.0000,0.0563,0.002765,4.206
770900,520,409,929,233,73,4,37.54,0.9946,0.5672,0.221005,27,16,76,283.32,0.8253,0.1316,0.011254,4.424
770931,520,371,891,254,66,103,14.85,0.9901,0.6119,0.259501,6,40,77,253.94,0.8359,0.1737,0.020920,4.364
770943,520,446,966,199,8,227,321.24,0.9921,0.5380,0.178635,11,9,53,276.34,0.8640,0.0830,0.005235,4.139
770946,520,382,902,232,96,0,44.86,1.0000,0.5969,0.255243,41,35,45,311.80,0.1811,0.1640,0.018630,4.448
770952,520,448,968,144,89,242,295.67,0.8808,0.5397,0.194849,33,2,39,320.98,0.8456,0.0846,0.005133,4.441
770989,520,444,964,239,33,9,30.45,0.9925,0.5446,0.194615,10,18,12,151.99,0.3140,0.0752,0.005237,4.428
770995,520,441,961,201,93,45,42.58,0.8069,0.5406,0.204376,13,23,24,203.83,0.2551,0.0950,0.007643,4.413
771007,520,376,896,248,38,158,352.74,0.9531,0.5975,0.238146,17,19,100,270.86,0.9450,0.1565,0.015049,4.430
771008,520,418,938,243,26,78,17.27,0.9757,0.5569,0.203469,54,1,28,355.40,0.9187,0.1163,0.008900,4.303
771053,520,471,991,200,36,185,332.55,0.8986,0.5209,0.170457,2,6,17,259.67,0.5996,0.0417,0.001836,4.253
771060,520,430,950,235,48,1,32.81,0.9990,0.5461,0.197814,19,21,26,268.14,0.1327,0.0954,0.007494,4.310
771077,520,477,997,186,86,61,35.20,0.6989,0.5050,0.174332,1,0,17,274.34,1.0000,0.0228,0.000469,4.445
771084,520,236,756,228,160,177,2.79,0.5396,0.7393,0.448115,31,81,8,138.41,0.9821,0.2918,0.061935,4.450
771103,520,452,972,223,28,129,357.00,0.9323,0.5316,0.181061,20,12,1,81.40,0.8158,0.0672,0.004139,4.268
771109,520,418,938,240,7,138,356.71,0.9914,0.5627,0.205154,21,4,88,277.37,0.9782,0.1249,0.009508,4.288
771116,520,366,886,227,65,215,331.23,0.9088,0.6088,0.250201,76,0,45,351.94,1.0000,0.1706,0.017262,4.463
771134,520,370,890,231,17,248,324.45,0.9936,0.6102,0.241695,45,21,89,293.66,0.7825,0.1729,0.018155,4.280
771155,520,308,828,239,115,166,356.07,0.7808,0.6683,0.333679,6,60,70,213.90,0.8821,0.2292,0.037125,4.404
771168,520,407,927,214,44,211,328.96,0.9286,0.5674,0.208027,6,19,82,266.43,0.9417,0.1291,0.011136,4.221
771187,520,386,906,235,14,207,335.23,0.9896,0.5891,0.224840,55,16,55,327.70,0.6778,0.1518,0.014587,4.255
771189,520,409,929,178,79,242,308.95,0.9050,0.5680,0.214686,47,11,51,323.58,0.7195,0.1288,0.010828,4.351
771198,520,436,956,239,8,88,13.00,0.9922,0.5452,0.192323,34,14,8,37.82,0.5261,0.0924,0.006717,4.272
771202,520,466,986,223,17,101,6.61,0.9681,0.5175,0.170312,6,10,15,250.83,0.2541,0.0538,0.002903,4.164
771213,520,354,874,244,68,184,344.92,0.9153,0.6241,0.268310,51,33,65,308.92,0.4650,0.1832,0.021732,4.437
771219,520,421,941,221,61,147,352.14,0.8220,0.5594,0.208187,31,23,12,74.77,0.3715,0.1091,0.009307,4.353
771221,520,468,988,226,34,65,20.29,0.9523,0.5231,0.176973,17,0,10,342.91,1.0000,0.0394,0.001411,4.415
771231,520,407,927,231,11,196,337.22,0.9894,0.5745,0.212165,7,34,40,215.00,0.6747,0.1314,0.013424,4.134
771253,520,373,893,247,56,139,0.05,0.9286,0.6003,0.244699,62,19,41,351.45,0.6204,0.1609,0.016501,4.431
771269,520,209,729,254,144,212,343.38,0.9850,0.7564,0.457733,79,67,92,306.37,0.2602,0.3138,0.064493,4.435
771272,520,464,984,116,94,238,284.93,0.8633,0.5157,0.178911,3,10,16,238.12,0.4744,0.0516,0.002738,4.341
771274,520,248,768,236,129,238,326.55,0.9026,0.7188,0.397084,26,73,76,201.05,0.6331,0.2799,0.055063,4.255
771282,520,384,904,220,85,146,355.25,0.7350,0.5855,0.237903,69,2,39,353.76,0.9022,0.1545,0.014553,4.460
771294,520,429,949,162,89,234,303.98,0.8357,0.5549,0.207671,36,11,34,330.56,0.5945,0.1001,0.007300,4.497
771296,520,456,976,235,0,12,28.43,1.0000,0.5251,0.176919,15,1,40,293.94,0.9436,0.0594,0.002765,4.301
771298,520,441,961,216,43,153,347.52,0.8719,0.5374,0.186289,45,2,16,5.74,0.8639,0.0947,0.006388,4.190
771302,520,478,998,194,56,149,343.80,0.7765,0.5062,0.164694,2,1,3,309.84,0.4147,0.0195,0.000412,4.259
771304,520,356,876,241,51,219,333.63,0.9556,0.6238,0.261857,56,36,7,72.50,0.7578,0.1763,0.021179,4.381
771319,520,390,910,217,76,182,339.01,0.7991,0.5852,0.233001,28,39,0,124.16,1.0000,0.1496,0.016979,4.225
771326,520,478,998,187,46,197,325.09,0.8685,0.5134,0.165514,5,0,9,314.44,1.0000,0.0236,0.000520,4.266
771335,520,459,979,226,39,68,19.94,0.9398,0.5268,0.180400,0,10,33,257.12,0.9999,0.0590,0.003269,4.325
771337,520,480,1000,190,74,131,352.70,0.6740,0.5131,0.174850,0,0,0,0.00,0.0000,0.0000,0.000000,4.497
771344,520,476,996,184,67,163,335.50,0.7288,0.5090,0.168504,3,1,8,299.53,0.6793,0.0239,0.000586,4.319
771349,520,456,976,190,77,150,343.76,0.6770,0.5257,0.184585,17,5,24,312.23,0.6151,0.0579,0.002937,4.431
771350,520,416,936,229,2,193,337.55,0.9978,0.5672,0.205543,11,23,65,267.30,0.8038,0.1219,0.010655,4.213
771357,520,310,830,250,52,244,329.55,0.9825,0.6553,0.293146,18,25,141,268.03,0.9717,0.2192,0.027467,4.430
771364,520,461,981,212,50,141,351.40,0.8321,0.5299,0.182036,5,11,14,226.48,0.2929,0.0547,0.003033,4.375
771368,520,471,991,223,33,85,13.38,0.9362,0.5204,0.174343,4,3,25,278.99,0.8057,0.0411,0.001611,4.347
771376,520,448,968,203,34,205,327.67,0.9341,0.5382,0.182502,41,0,12,7.08,1.0000,0.0821,0.004980,4.229
771386,520,396,916,224,59,191,337.45,0.8805,0.5844,0.227392,46,8,73,305.92,0.8502,0.1422,0.012356,4.449
771391,520,321,841,253,35,238,331.67,0.9924,0.6475,0.282609,7,43,104,260.56,0.9217,0.2064,0.027722,4.279
771393,520,373,893,232,74,153,353.64,0.8208,0.5955,0.243560,38,25,77,290.19,0.6836,0.1600,0.016431,4.419
771397,520,443,963,236,12,68,18.76,0.9899,0.5357,0.185164,31,9,22,345.78,0.5356,0.0833,0.005446,4.241
771403,520,432,952,238,24,109,6.60,0.9668,0.5534,0.199377,27,20,21,8.52,0.1441,0.0994,0.007875,4.309
771407,520,373,893,200,77,244,315.69,0.9314,0.5982,0.241201,4,44,39,182.70,0.8933,0.1616,0.019736,4.176
771413,520,398,918,187,81,242,311.78,0.9074,0.5830,0.228615,60,16,9,31.56,0.7883,0.1429,0.013511,4.387
771438,520,479,999,160,49,241,305.37,0.9328,0.5095,0.160217,0,0,5,264.05,1.0000,0.0116,0.000110,4.195
771455,520,312,832,242,113,122,17.79,0.8198,0.6561,0.320954,19,59,52,179.78,0.6718,0.2217,0.035142,4.357
771475,520,416,936,233,65,78,21.35,0.8864,0.5653,0.216572,53,5,23,3.17,0.7984,0.1176,0.009274,4.497
771482,520,360,880,236,4,247,325.88,0.9987,0.6155,0.246377,3,0,132,264.90,1.0000,0.1756,0.016851,4.433
771484,520,406,926,230,53,167,346.53,0.8848,0.5777,0.221619,17,34,20,148.73,0.5172,0.1289,0.013137,4.302
771485,520,420,940,170,74,249,305.22,0.9516,0.5566,0.202838,22,23,45,280.19,0.4348,0.1137,0.009728,4.233
771501,520,400,920,236,16,179,343.22,0.9823,0.5756,0.214610,36,12,82,290.79,0.8617,0.1423,0.012472,4.236
771506,520,459,979,223,57,31,31.73,0.9485,0.5312,0.187159,1,17,4,149.44,0.9658,0.0637,0.004161,4.379
771507,520,441,961,216,55,130,357.13,0.8237,0.5374,0.189454,32,1,52,307.68,0.9504,0.0923,0.005767,4.294
771516,520,191,711,255,171,84,64.20,1.0000,0.7762,0.510285,53,87,3,131.04,0.9878,0.3244,0.075797,4.454
771519,520,332,852,251,0,250,328.58,1.0000,0.6429,0.274144,56,23,95,300.00,0.7733,0.1961,0.022798,4.453
771520,520,301,821,224,120,204,334.79,0.7454,0.6703,0.336417,60,54,11,101.18,0.7882,0.2304,0.036232,4.481
771541,520,465,985,216,59,12,34.90,0.9797,0.5182,0.177559,26,1,7,5.42,0.8404,0.0547,0.002567,4.329
771542,520,384,904,223,78,158,349.93,0.7801,0.5865,0.236078,16,21,91,270.73,0.9189,0.1483,0.014017,4.469
771592,520,391,911,254,47,34,29.32,0.9959,0.5858,0.232231,35,24,66,291.98,0.6197,0.1451,0.014039,4.407
771599,520,273,793,255,101,233,333.69,1.0000,0.7035,0.364534,69,56,64,340.86,0.1566,0.2608,0.044638,4.380
771601,520,379,899,236,79,115,10.63,0.8358,0.5956,0.246655,26,40,39,190.51,0.2443,0.1605,0.018836,4.310
771603,520,368,888,215,68,236,322.39,0.9195,0.6058,0.246393,79,7,3,29.93,0.9640,0.1725,0.018211,4.345
771605,520,381,901,249,37,165,350.70,0.9580,0.6019,0.241828,52,21,61,318.09,0.6296,0.1587,0.016034,4.419
771608,520,434,954,191,41,239,315.69,0.9512,0.5480,0.188955,22,21,36,286.52,0.3261,0.1033,0.008343,4.096
771620,520,454,974,223,2,150,349.11,0.9958,0.5327,0.179360,9,12,39,274.20,0.6723,0.0745,0.004675,4.195
771635,520,466,986,176,83,168,330.74,0.6456,0.5216,0.182449,11,7,14,311.00,0.2857,0.0511,0.002548,4.424
771638,520,440,960,221,33,166,343.99,0.9233,0.5470,0.192155,26,10,36,310.56,0.6062,0.0855,0.005641,4.352
771645,520,410,930,254,13,56,22.96,0.9956,0.5723,0.216480,1,34,35,197.76,0.9484,0.1261,0.012718,4.249
771646,520,399,919,232,50,176,343.92,0.9052,0.5834,0.225743,51,6,59,321.03,0.8165,0.1358,0.011499,4.484
771651,520,440,960,161,81,244,302.48,0.9083,0.5499,0.199940,0,23,24,198.48,1.0000,0.0867,0.006787,4.401
771665,520,457,977,185,2,241,314.25,0.9984,0.5251,0.167098,7,16,1,131.06,0.9210,0.0648,0.004179,4.007
771671,520,402,922,222,72,165,346.40,0.8033,0.5808,0.228833,18,34,24,155.94,0.4227,0.1308,0.013386,4.399
771676,520,449,969,233,42,8,31.59,0.9920,0.5376,0.190002,18,3,41,296.39,0.8545,0.0674,0.003538,4.483
771677,520,437,957,245,20,50,24.09,0.9882,0.5545,0.201466,0,20,43,251.00,1.0000,0.0897,0.006747,4.431
771681,520,471,991,215,59,20,34.11,0.9636,0.5166,0.176280,5,5,3,107.55,0.1960,0.0364,0.001474,4.396
771694,520,400,920,240,16,171,346.47,0.9830,0.5792,0.218392,45,17,63,309.48,0.6970,0.1432,0.013177,4.248
771697,520,444,964,172,91,184,322.31,0.6416,0.5377,0.197144,31,12,2,52.63,0.7523,0.0825,0.005587,4.446
771698,520,312,832,254,29,254,328.29,0.9973,0.6572,0.291084,63,44,46,11.80,0.2251,0.2156,0.030555,4.234
771710,520,466,986,179,72,182,326.59,0.7354,0.5185,0.175970,11,10,5,99.84,0.2703,0.0547,0.002992,4.264
771719,520,478,998,178,42,215,317.52,0.9082,0.5089,0.160283,4,0,12,302.69,1.0000,0.0238,0.000524,4.162
771759,520,369,889,240,47,207,336.58,0.9513,0.6124,0.250661,46,11,97,293.45,0.8991,0.1703,0.016833,4.499
771765,520,381,901,243,6,195,340.20,0.9958,0.5954,0.231281,22,8,110,273.39,0.9806,0.1597,0.014699,4.348
771778,520,460,980,192,72,159,340.05,0.7174,0.5266,0.183460,13,7,31,291.51,0.6387,0.0623,0.003365,4.375
771782,520,462,982,233,2,80,14.58,0.9978,0.5294,0.179494,0,0,50,264.05,1.0000,0.0544,0.002303,4.388
771800,520,355,875,245,42,207,337.69,0.9638,0.6183,0.255764,15,44,59,234.07,0.6073,0.1760,0.022186,4.236
771820,520,422,942,209,8,228,323.64,0.9934,0.5558,0.193323,49,5,24,358.89,0.7772,0.1099,0.008276,4.175
771826,520,407,927,215,35,227,325.21,0.9630,0.5747,0.211972,0,37,24,165.04,1.0000,0.1311,0.013890,4.100
771854,520,475,995,200,74,87,17.54,0.7282,0.5163,0.178670,3,0,24,281.16,1.0000,0.0310,0.000853,4.497
771857,520,459,979,180,41,242,311.80,0.9504,0.5335,0.177010,17,8,3,58.74,0.4868,0.0559,0.002994,4.284
771875,520,456,976,230,21,93,10.69,0.9687,0.5312,0.181526,21,6,8,11.12,0.4649,0.0582,0.003072,4.362
771881,520,442,962,206,60,170,339.53,0.8070,0.5425,0.192578,7,20,28,236.67,0.4661,0.0848,0.006293,4.309
771883,520,475,995,196,20,210,324.54,0.9676,0.5231,0.168909,4,3,9,292.78,0.4078,0.0321,0.001107,4.283
771893,520,416,936,252,19,52,23.94,0.9906,0.5692,0.214129,13,5,91,271.29,0.9853,0.1244,0.009494,4.440
771898,520,80,600,243,218,248,320.61,0.7987,0.9042,0.759754,27,116,58,150.30,0.9525,0.4139,0.130287,4.491
771901,520,461,981,195,18,228,319.83,0.9808,0.5346,0.176377,1,10,7,174.91,0.7913,0.0465,0.002389,4.321
771904,520,432,952,241,22,72,18.56,0.9809,0.5500,0.197458,21,25,1,117.64,0.9230,0.1011,0.008569,4.225
771906,520,474,994,201,31,185,332.83,0.9168,0.5197,0.169021,5,4,2,89.26,0.2799,0.0332,0.001235,4.275
771909,520,333,853,235,100,179,346.88,0.8052,0.6446,0.300337,46,51,2,115.67,0.9521,0.2046,0.029529,4.405
771913,520,377,897,248,11,176,346.65,0.9918,0.5959,0.233337,26,43,12,133.07,0.7690,0.1624,0.019739,4.063
771933,520,384,904,245,39,148,355.44,0.9444,0.5881,0.230049,9,26,88,266.04,0.9140,0.1511,0.015013,4.308
771937,520,436,956,219,33,173,341.27,0.9248,0.5469,0.191673,10,24,15,154.81,0.4863,0.0928,0.007523,4.201
771960,520,226,746,250,139,226,335.69,0.9595,0.7485,0.442826,7,81,53,160.95,0.9679,0.2919,0.061868,4.405
771975,520,420,940,192,50,245,314.33,0.9510,0.5609,0.200815,18,23,41,271.17,0.4024,0.1077,0.009015,4.250
771982,520,451,971,187,57,221,318.25,0.8843,0.5405,0.187128,2,10,41,264.30,0.8935,0.0671,0.003901,4.399
771986,520,428,948,241,14,122,2.34,0.9837,0.5604,0.204233,36,16,24,355.27,0.4105,0.1041,0.008116,4.375
771991,520,463,983,209,53,149,347.77,0.8181,0.5306,0.182736,1,11,12,201.22,0.7617,0.0505,0.002723,4.414
772007,520,345,865,219,79,242,321.70,0.9358,0.6275,0.270647,36,49,25,131.81,0.4920,0.1921,0.026418,4.196
772010,520,478,998,204,25,173,337.29,0.9288,0.5149,0.165518,3,0,7,308.47,1.0000,0.0194,0.000347,4.281
772023,520,444,964,239,18,41,25.51,0.9892,0.5401,0.189468,25,13,14,13.94,0.2917,0.0791,0.005262,4.333
772042,520,368,888,231,15,249,324.24,0.9946,0.6104,0.241725,50,23,73,306.10,0.6724,0.1682,0.017720,4.308
772047,520,427,947,242,33,68,20.53,0.9685,0.5563,0.203857,38,8,32,336.32,0.6613,0.0978,0.006901,4.461
772048,520,390,910,197,89,211,322.94,0.7780,0.5871,0.237196,23,23,81,275.92,0.8116,0.1457,0.013890,4.495
772050,520,402,922,243,56,92,15.96,0.9215,0.5790,0.226590,21,32,22,147.06,0.3298,0.1264,0.012504,4.425
772055,520,434,954,195,43,230,318.88,0.9387,0.5486,0.190445,5,12,70,267.59,0.9520,0.1025,0.007374,4.191
772061,520,419,939,236,7,149,352.34,0.9905,0.5592,0.201578,11,15,66,271.53,0.8879,0.1066,0.008061,4.333
772073,520,342,862,249,31,222,334.63,0.9839,0.6289,0.263967,82,11,22,18.63,0.8660,0.1859,0.020914,4.427
772076,520,444,964,181,67,225,314.82,0.8624,0.5448,0.192754,13,5,53,280.62,0.9055,0.0778,0.004511,4.453
772094,520,419,939,186,60,240,313.22,0.9221,0.5565,0.199632,47,7,18,8.21,0.7372,0.1067,0.008001,4.304
772130,520,388,908,249,30,136,359.72,0.9659,0.5869,0.228493,29,39,10,125.74,0.7065,0.1520,0.017341,4.136
772139,520,270,790,224,133,211,332.33,0.7317,0.6960,0.373272,62,62,4,109.66,0.9324,0.2553,0.044782,4.466
772155,520,454,974,232,23,59,21.46,0.9780,0.5293,0.180875,14,15,7,113.81,0.3138,0.0694,0.004504,4.236
772176,520,208,728,239,162,173,10.01,0.6597,0.7559,0.472104,11,87,26,145.53,0.9850,0.3075,0.069618,4.365
772184,520,312,832,244,107,151,2.43,0.8313,0.6586,0.319857,5,64,7,143.13,0.9906,0.2239,0.037142,4.244
772192,520,385,905,232,49,193,338.67,0.9235,0.5916,0.232053,4,2,115,265.59,0.9981,0.1516,0.013069,4.472
772231,520,350,870,231,83,208,334.49,0.8689,0.6303,0.277319,17,46,70,246.33,0.6250,0.1899,0.025152,4.355
772249,520,268,788,254,107,207,341.91,0.9897,0.6969,0.360941,31,64,80,231.26,0.5002,0.2567,0.045371,4.309
772253,520,405,925,212,17,245,320.45,0.9904,0.5760,0.209924,48,12,51,324.58,0.7062,0.1318,0.011304,4.240
772262,520,449,969,226,44,111,5.38,0.8935,0.5409,0.191206,21,4,43,298.75,0.8264,0.0744,0.004207,4.450
772264,520,407,927,228,33,190,338.35,0.9500,0.5730,0.213020,8,32,44,233.39,0.6371,0.1281,0.012664,4.197
772281,520,465,985,186,86,107,8.86,0.5911,0.5161,0.181577,10,10,0,109.77,1.0000,0.0523,0.002816,4.385
772295,520,337,857,231,78,227,328.95,0.9119,0.6356,0.279860,55,27,93,298.95,0.7266,0.1990,0.023864,4.466
772307,520,452,972,179,69,201,320.56,0.7920,0.5270,0.180581,34,2,2,26.70,0.9210,0.0694,0.003879,4.280
772312,520,412,932,236,63,91,16.73,0.8850,0.5717,0.221462,22,31,3,124.86,0.8680,0.1201,0.011571,4.409
772318,520,366,886,226,33,249,322.89,0.9825,0.6081,0.240982,12,37,76,259.16,0.7598,0.1669,0.019230,4.203
772323,520,453,973,223,56,53,26.74,0.9141,0.5325,0.187761,19,8,29,306.41,0.5689,0.0691,0.004008,4.402
772324,520,407,927,224,64,146,353.50,0.8211,0.5675,0.215919,16,14,86,272.75,0.9402,0.1311,0.010961,4.362
772329,520,373,893,252,51,108,11.03,0.9745,0.5966,0.241494,3,7,118,265.20,0.9937,0.1607,0.014792,4.499
772339,520,451,971,195,71,178,333.58,0.7583,0.5405,0.193245,13,12,26,285.97,0.3910,0.0690,0.004231,4.485
772343,520,448,968,220,59,113,5.40,0.8266,0.5429,0.195384,6,16,36,261.86,0.6225,0.0789,0.005367,4.432
772355,520,258,778,254,136,95,39.65,0.9805,0.7085,0.395084,73,63,29,93.30,0.5437,0.2742,0.050603,4.424
772361,520,429,949,195,2,249,315.26,0.9988,0.5481,0.184865,8,8,73,270.27,0.9645,0.1020,0.007063,4.116
772363,520,374,894,240,62,151,354.94,0.8798,0.5969,0.242079,55,22,53,329.68,0.5748,0.1600,0.016432,4.397
772368,520,376,896,233,46,211,333.81,0.9476,0.6017,0.239834,57,29,24,31.04,0.4470,0.1646,0.018146,4.253
772385,520,383,903,221,30,252,321.04,0.9883,0.6007,0.233310,3,43,17,150.68,0.9747,0.1510,0.017875,4.174
772394,520,317,837,231,98,223,329.99,0.8775,0.6574,0.310542,60,49,14,91.50,0.6998,0.2168,0.031891,4.403
772402,520,392,912,235,17,202,336.56,0.9858,0.5868,0.223301,18,21,89,272.08,0.9033,0.1472,0.013861,4.280
772406,520,449,969,172,50,253,306.66,0.9879,0.5381,0.181445,16,0,49,289.37,1.0000,0.0673,0.003319,4.341
772408,520,480,1000,195,79,51,34.84,0.7936,0.5079,0.174349,0,0,0,0.00,0.0000,0.0000,0.000000,4.487
772445,520,410,930,194,49,255,312.79,1.0000,0.5713,0.208872,10,2,99,268.97,0.9962,0.1305,0.010087,4.308
772526,520,388,908,243,72,27,34.64,0.9690,0.5862,0.237718,19,18,95,272.67,0.9326,0.1500,0.013972,4.498
772532,520,347,867,250,55,196,342.14,0.9658,0.6298,0.270451,40,46,35,130.98,0.2065,0.1894,0.025264,4.258
772535,520,352,872,254,82,51,32.51,0.9936,0.6206,0.273480,16,24,124,268.26,0.9630,0.1943,0.022185,4.481
772541,520,460,980,230,35,17,30.12,0.9823,0.5271,0.180686,14,8,26,297.34,0.5191,0.0620,0.003416,4.319
772542,520,400,920,219,10,240,323.37,0.9947,0.5823,0.215705,25,9,94,278.22,0.9538,0.1418,0.012101,4.279
772556,520,407,927,241,38,131,0.37,0.9384,0.5734,0.217289,0,36,41,208.36,1.0000,0.1349,0.014218,4.162
772559,520,362,882,236,39,224,331.15,0.9696,0.6109,0.246684,11,14,125,267.26,0.9853,0.1807,0.018657,4.321
772575,520,464,984,200,66,142,349.28,0.7455,0.5248,0.181307,22,2,13,346.74,0.7232,0.0526,0.002431,4.412
772578,520,387,907,251,43,103,11.75,0.9700,0.5878,0.232198,1,38,51,226.44,0.9490,0.1472,0.016316,4.255
772584,520,480,1000,164,39,239,307.59,0.9469,0.5056,0.155763,0,0,0,0.00,0.0000,0.0000,0.000000,4.115
772586,520,391,911,244,39,168,348.78,0.9482,0.5948,0.235145,50,25,29,10.11,0.3944,0.1462,0.014622,4.413
772590,520,384,904,252,47,68,22.55,0.9835,0.5855,0.231495,26,15,96,277.58,0.9251,0.1522,0.014057,4.394
772596,520,379,899,234,89,69,30.52,0.8727,0.5953,0.250697,41,32,52,304.52,0.3323,0.1602,0.017524,4.453
772627,520,469,989,218,7,139,351.76,0.9828,0.5188,0.169240,3,3,21,276.83,0.7645,0.0373,0.001386,4.267
772642,520,331,851,251,2,238,331.25,0.9994,0.6353,0.267288,53,36,79,300.11,0.5347,0.2019,0.025832,4.184
772643,520,445,965,237,31,49,24.74,0.9738,0.5422,0.192095,18,5,54,286.48,0.8824,0.0833,0.005035,4.399
772654,520,392,912,226,53,196,336.35,0.9065,0.5856,0.227029,57,8,66,320.77,0.8108,0.1540,0.014370,4.304
772657,520,212,732,221,158,255,313.11,1.0000,0.7603,0.470469,59,81,43,133.16,0.5380,0.3149,0.069890,4.341
772672,520,392,912,215,87,171,343.29,0.7365,0.5906,0.242058,47,31,24,44.59,0.3050,0.1538,0.016503,4.392
772685,520,366,886,244,63,162,351.99,0.9063,0.6096,0.253998,47,28,72,301.26,0.5964,0.1725,0.019027,4.404
772686,520,375,895,200,71,250,314.63,0.9677,0.5961,0.236893,31,9,102,280.58,0.9544,0.1575,0.014459,4.451
772697,520,446,966,214,43,168,341.85,0.8789,0.5411,0.188533,8,19,7,142.02,0.5842,0.0752,0.005327,4.311
772711,520,437,957,178,58,249,308.90,0.9632,0.5503,0.193315,27,6,54,297.81,0.8303,0.0950,0.006296,4.322
772732,520,472,992,192,19,210,323.43,0.9681,0.5159,0.163269,10,2,2,21.77,0.5475,0.0329,0.001123,4.172
772736,520,442,962,186,51,227,316.68,0.9105,0.5381,0.183540,12,13,35,278.62,0.5499,0.0758,0.004873,4.256
772757,520,98,618,220,217,255,288.93,1.0000,0.8831,0.720612,12,113,54,150.80,0.9844,0.4002,0.121542,4.492
772759,520,453,973,196,72,156,342.60,0.7230,0.5319,0.187725,15,12,30,289.51,0.4658,0.0731,0.004582,4.355
772762,520,410,930,255,13,36,26.54,1.0000,0.5724,0.216791,24,28,40,270.14,0.2538,0.1252,0.011779,4.318
772774,520,426,946,216,68,153,349.18,0.7883,0.5604,0.210353,18,27,26,187.77,0.1991,0.1108,0.009870,4.349
772780,520,428,948,194,59,225,319.31,0.8940,0.5564,0.200349,22,3,64,287.05,0.9447,0.0950,0.006059,4.466
772786,520,465,985,190,20,219,320.58,0.9715,0.5197,0.165634,1,10,23,249.50,0.7827,0.0533,0.002854,4.080
772805,520,404,924,219,17,237,324.02,0.9898,0.5817,0.215775,38,14,62,303.01,0.7377,0.1279,0.010740,4.376
772818,520,417,937,208,91,146,353.22,0.6641,0.5741,0.229693,2,33,34,197.97,0.8927,0.1230,0.012161,4.500
772820,520,478,998,185,46,197,324.47,0.8665,0.5101,0.163009,4,1,1,21.00,0.4725,0.0215,0.000497,4.218
772822,520,479,999,205,22,163,340.72,0.9332,0.5098,0.161994,2,0,3,318.71,1.0000,0.0147,0.000195,4.223
772835,520,460,980,174,55,229,312.24,0.8978,0.5250,0.173891,8,12,12,196.46,0.1333,0.0588,0.003411,4.192
772844,520,410,930,224,35,195,335.95,0.9445,0.5696,0.209919,23,2,95,277.39,0.9907,0.1336,0.010517,4.295
772852,520,457,977,235,17,65,19.73,0.9852,0.5344,0.184479,10,1,48,281.05,0.9764,0.0627,0.002996,4.424
772869,520,384,904,226,25,229,327.57,0.9822,0.5906,0.225235,10,39,39,195.20,0.6427,0.1478,0.016620,4.131
772871,520,448,968,204,35,202,328.76,0.9287,0.5384,0.183055,20,17,11,84.46,0.2139,0.0812,0.005738,4.181
772899,520,451,971,243,2,28,27.00,0.9991,0.5437,0.191854,26,5,22,335.25,0.6331,0.0686,0.003861,4.490
772908,520,428,948,214,12,225,325.61,0.9903,0.5631,0.199974,2,1,82,265.62,0.9980,0.1003,0.006437,4.429
772909,520,298,818,239,116,170,354.35,0.7829,0.6714,0.337463,44,60,15,126.72,0.7989,0.2319,0.038016,4.402
772912,520,397,917,246,51,69,22.47,0.9530,0.5765,0.223936,40,8,80,296.33,0.8859,0.1407,0.012040,4.415
772918,520,448,968,227,57,33,31.29,0.9486,0.5393,0.193698,32,7,9,17.46,0.6213,0.0770,0.004788,4.448
772935,520,436,956,227,59,72,21.80,0.8920,0.5463,0.199295,15,19,39,273.49,0.4674,0.0942,0.007138,4.363
772936,520,383,903,254,52,101,13.66,0.9915,0.5995,0.244701,24,30,73,273.47,0.6562,0.1538,0.016037,4.463
772937,520,313,833,239,74,254,324.32,0.9959,0.6613,0.304064,58,48,46,31.21,0.1219,0.2192,0.032108,4.312
772945,520,412,932,194,63,240,315.51,0.9226,0.5714,0.213169,4,33,7,145.34,0.9629,0.1158,0.011288,4.294
772963,520,355,875,181,103,255,304.80,1.0000,0.6159,0.267449,49,38,46,336.05,0.1833,0.1819,0.022365,4.387
772968,520,460,980,190,23,227,318.60,0.9715,0.5272,0.171074,19,2,29,311.74,0.8095,0.0572,0.002706,4.194
772973,520,284,804,219,144,148,16.06,0.5172,0.6860,0.371464,20,70,26,145.36,0.9388,0.2517,0.046034,4.389
772994,520,387,907,250,60,83,19.99,0.9655,0.5944,0.241838,59,21,21,22.31,0.5989,0.1516,0.015204,4.476
773002,520,448,968,203,15,213,325.71,0.9805,0.5359,0.178441,9,11,48,273.96,0.8129,0.0802,0.005108,4.145
773003,520,453,973,236,15,7,29.35,0.9942,0.5306,0.181931,23,12,12,19.25,0.2830,0.0739,0.004717,4.239
773007,520,341,861,195,120,200,324.74,0.6087,0.6287,0.292063,36,50,51,201.68,0.1984,0.2037,0.028952,4.333
773018,520,471,991,217,62,20,34.69,0.9637,0.5239,0.182500,1,10,2,147.16,0.9401,0.0448,0.002279,4.447
773028,520,374,894,216,92,174,342.77,0.7255,0.6006,0.253112,23,43,9,134.65,0.8678,0.1597,0.019296,4.374
773035,520,459,979,219,42,119,0.84,0.8787,0.5283,0.180505,29,2,2,26.12,0.8913,0.0604,0.003091,4.342
773055,520,379,899,246,39,178,346.14,0.9551,0.6033,0.242614,23,42,33,162.91,0.3996,0.1621,0.019478,4.212
773103,520,452,972,215,68,29,35.04,0.9355,0.5276,0.186725,19,10,19,326.60,0.3321,0.0676,0.004026,4.382
773108,520,480,1000,142,84,215,300.86,0.7638,0.5076,0.169980,0,0,0,0.00,0.0000,0.0000,0.000000,4.400
773119,520,422,942,234,50,102,10.62,0.9023,0.5588,0.207359,43,18,6,45.82,0.6670,0.1144,0.009594,4.319
773123,520,400,920,230,19,201,335.66,0.9811,0.5776,0.215084,14,32,60,258.95,0.6240,0.1417,0.014526,4.108
773135,520,430,950,197,88,131,357.58,0.6265,0.5457,0.204902,2,29,17,161.50,0.9354,0.1039,0.009321,4.297
773150,520,437,957,230,43,106,7.80,0.9089,0.5467,0.195943,30,11,30,327.22,0.5299,0.0890,0.006091,4.385
773151,520,362,882,248,59,156,354.59,0.9355,0.6111,0.254880,19,48,39,170.79,0.5705,0.1809,0.023988,4.121
773166,520,345,865,245,17,247,327.88,0.9952,0.6335,0.265316,21,46,67,245.94,0.5387,0.1899,0.025186,4.194
773173,520,474,994,212,63,20,35.26,0.9588,0.5152,0.176050,1,0,27,269.66,1.0000,0.0311,0.000856,4.445
773177,520,326,846,246,91,168,352.90,0.8900,0.6460,0.299051,1,46,98,255.89,0.9797,0.2066,0.028421,4.451
773201,520,405,925,240,31,165,348.61,0.9571,0.5817,0.222249,17,35,27,164.10,0.4365,0.1342,0.014003,4.254
773203,520,428,948,199,57,218,322.68,0.8903,0.5574,0.201319,47,0,24,354.57,1.0000,0.0986,0.006704,4.432
773208,520,463,983,187,12,245,313.83,0.9914,0.5340,0.174215,9,9,3,108.44,0.4208,0.0501,0.002600,4.263
773218,520,370,890,226,55,228,327.59,0.9418,0.6068,0.245048,14,14,116,268.74,0.9797,0.1694,0.016683,4.425
773219,520,407,927,239,15,155,351.18,0.9818,0.5695,0.210620,13,36,2,136.58,0.9747,0.1294,0.013517,4.103
773224,520,378,898,195,79,253,312.00,0.9837,0.6001,0.242870,39,5,104,286.34,0.9663,0.1646,0.015393,4.479
773226,520,459,979,166,54,246,305.98,0.9497,0.5270,0.173998,19,6,13,346.47,0.4385,0.0573,0.002978,4.228
773238,520,424,944,248,11,30,27.14,0.9955,0.5565,0.202932,29,25,6,97.90,0.6188,0.1107,0.009696,4.237
773247,520,436,956,197,74,181,333.19,0.7565,0.5492,0.201057,39,7,20,358.41,0.6677,0.0924,0.006339,4.456
773251,520,474,994,177,48,228,313.78,0.9145,0.5225,0.170635,3,1,15,287.83,0.8227,0.0277,0.000756,4.347
773255,520,437,957,197,91,122,3.67,0.6085,0.5473,0.207593,6,26,9,147.27,0.8502,0.0949,0.007972,4.443
773273,520,386,906,243,74,64,27.81,0.9348,0.5921,0.243257,20,39,39,195.71,0.3676,0.1532,0.017462,4.347
773276,520,461,981,232,20,55,22.28,0.9827,0.5275,0.179350,5,0,38,278.12,1.0000,0.0459,0.001722,4.434
773284,520,380,900,225,86,155,352.65,0.7569,0.5989,0.250321,26,44,4,130.79,0.9346,0.1645,0.020297,4.272
773292,520,408,928,225,54,158,348.50,0.8619,0.5651,0.211171,21,25,58,275.10,0.5852,0.1271,0.011601,4.240
773298,520,421,941,223,67,116,5.95,0.8088,0.5580,0.209658,11,22,54,266.60,0.6953,0.1098,0.009113,4.393
773316,520,450,970,230,22,115,3.08,0.9609,0.5381,0.186375,15,17,2,115.10,0.7511,0.0740,0.005068,4.292
773355,520,359,879,250,83,107,16.15,0.9443,0.6237,0.275754,18,46,55,221.61,0.5384,0.1813,0.023583,4.427
773358,520,405,925,222,11,236,325.02,0.9940,0.5847,0.218273,63,3,16,15.45,0.9199,0.1344,0.011595,4.355
773365,520,220,740,242,166,62,70.62,0.8784,0.7462,0.464997,3,85,14,143.99,0.9966,0.2978,0.065478,4.460
773370,520,438,958,224,53,129,359.02,0.8536,0.5504,0.199811,21,12,41,294.52,0.6182,0.0866,0.005825,4.475
773373,520,392,912,253,34,117,6.80,0.9839,0.5906,0.233147,25,17,90,277.71,0.8972,0.1470,0.013457,4.462
773387,520,440,960,167,77,245,304.76,0.9216,0.5531,0.201164,29,18,13,45.45,0.2973,0.0948,0.007229,4.389
773401,520,432,952,245,27,10,29.84,0.9928,0.5544,0.202218,41,9,11,19.78,0.6759,0.0964,0.006910,4.432
773422,520,452,972,236,1,11,28.55,0.9995,0.5275,0.178820,8,18,2,132.53,0.8656,0.0712,0.004886,4.169
773437,520,470,990,196,39,187,330.81,0.8857,0.5170,0.167764,12,0,24,307.06,1.0000,0.0408,0.001441,4.233
773440,520,380,900,203,65,252,315.34,0.9818,0.5960,0.235068,5,4,116,265.93,0.9960,0.1555,0.013799,4.468
773443,520,458,978,213,66,92,14.50,0.7989,0.5313,0.188176,25,0,29,322.77,1.0000,0.0614,0.002954,4.498
773452,520,466,986,225,25,99,8.08,0.9520,0.5241,0.176065,8,8,3,108.29,0.3774,0.0469,0.002319,4.321
773463,520,394,914,211,92,163,346.06,0.6905,0.5876,0.241494,3,42,0,141.33,1.0000,0.1449,0.016752,4.367
773465,520,479,999,223,11,85,11.98,0.9834,0.5114,0.165860,1,0,4,296.85,1.0000,0.0133,0.000152,4.304
773476,520,400,920,171,102,217,309.99,0.7226,0.5755,0.231711,31,34,11,115.52,0.5813,0.1390,0.014595,4.361
773485,520,439,959,231,32,134,357.06,0.9349,0.5514,0.197461,0,15,56,261.39,1.0000,0.0896,0.006271,4.398
773491,520,466,986,215,56,91,13.14,0.8407,0.5240,0.180332,14,5,22,307.79,0.5807,0.0535,0.002598,4.379
773494,520,407,927,165,94,237,303.83,0.8408,0.5687,0.221196,16,14,83,273.19,0.9326,0.1274,0.010487,4.484
773497,520,368,888,254,63,94,17.33,0.9913,0.6071,0.254376,15,25,104,268.64,0.9352,0.1703,0.017962,4.479
773506,520,426,946,217,5,222,327.12,0.9959,0.5648,0.201363,29,9,58,296.48,0.7983,0.1055,0.007621,4.362
773507,520,409,929,218,90,45,38.80,0.8665,0.5653,0.224096,20,34,24,152.90,0.3749,0.1322,0.013587,4.311
773515,520,408,928,243,59,10,33.66,0.9911,0.5721,0.222079,20,21,68,276.24,0.7535,0.1264,0.011024,4.459
773516,520,325,845,210,105,238,318.76,0.8778,0.6456,0.299792,5,49,90,251.77,0.8803,0.2092,0.029669,4.391
773523,520,384,904,248,4,169,348.62,0.9968,0.5913,0.229112,39,8,86,292.63,0.9066,0.1460,0.012769,4.447
773525,520,2,522,255,255,255,0.00,0.0000,1.0000,1.000000,30,138,14,141.59,0.9923,0.4818,0.184839,4.471
773539,520,373,893,238,35,210,335.21,0.9686,0.6038,0.240351,28,20,94,278.36,0.8774,0.1588,0.015553,4.429
773540,520,417,937,237,44,137,357.92,0.9153,0.5715,0.216151,5,21,67,264.44,0.8960,0.1163,0.009738,4.455
773545,520,479,999,209,60,56,26.48,0.8722,0.5094,0.170749,0,0,3,264.05,1.0000,0.0094,0.000066,4.409
773552,520,447,967,211,67,119,2.40,0.7681,0.5368,0.191973,5,6,57,270.08,0.9565,0.0780,0.004579,4.433
773566,520,473,993,161,69,222,308.47,0.8372,0.5162,0.171079,3,1,11,293.54,0.7498,0.0254,0.000652,4.365
773584,520,390,910,228,67,183,341.29,0.8580,0.5946,0.239297,21,38,38,195.82,0.3258,0.1504,0.016856,4.327
773598,520,445,965,134,95,239,291.39,0.8522,0.5363,0.194847,18,5,48,289.91,0.8445,0.0774,0.004505,4.492
773629,520,474,994,188,1,235,316.43,0.9991,0.5246,0.167126,3,1,23,280.18,0.9235,0.0332,0.001029,4.255
773641,520,412,932,253,25,14,29.42,0.9933,0.5706,0.216134,20,24,46,274.42,0.4470,0.1151,0.009992,4.436
773644,520,353,873,255,34,192,343.89,1.0000,0.6245,0.262133,66,30,25,29.28,0.5263,0.1823,0.021571,4.361
773650,520,429,949,232,33,114,4.40,0.9370,0.5469,0.194614,15,17,49,276.37,0.6528,0.0971,0.007242,4.273
773651,520,468,988,198,16,197,328.59,0.9686,0.5160,0.164093,0,1,37,264.21,0.9921,0.0423,0.001553,4.153
773652,520,454,974,223,45,98,9.92,0.8913,0.5319,0.184493,26,9,7,28.79,0.4826,0.0709,0.004304,4.318
773669,520,436,956,227,66,18,35.24,0.9734,0.5479,0.202738,5,17,45,263.11,0.7679,0.0872,0.006226,4.495
773674,520,424,944,227,71,39,33.31,0.9265,0.5552,0.209866,0,21,61,259.38,1.0000,0.1076,0.008732,4.425
773685,520,352,872,176,115,238,304.89,0.8048,0.6181,0.276651,71,26,44,357.48,0.5735,0.1901,0.022604,4.499
773696,520,461,981,189,7,234,316.88,0.9935,0.5267,0.169126,20,1,24,321.46,0.8360,0.0531,0.002364,4.185
773705,520,475,995,229,23,40,25.67,0.9816,0.5205,0.174270,2,2,12,278.63,0.6669,0.0279,0.000829,4.412
773706,520,378,898,253,47,116,8.11,0.9822,0.5979,0.241802,11,45,31,162.78,0.7818,0.1646,0.020468,4.141
773712,520,269,789,234,128,203,339.21,0.7871,0.6974,0.372446,1,65,92,234.26,0.9785,0.2568,0.045595,4.419
773732,520,460,980,191,62,187,329.17,0.8003,0.5288,0.181110,0,14,13,189.91,1.0000,0.0574,0.003431,4.325
773733,520,436,956,204,57,196,330.37,0.8542,0.5511,0.197509,1,26,19,172.15,0.9493,0.0945,0.007922,4.273
773736,520,325,845,253,77,197,343.31,0.9826,0.6548,0.302248,25,49,83,257.32,0.5870,0.2117,0.030277,4.388
773740,520,468,988,221,42,65,20.87,0.9281,0.5182,0.174124,13,0,20,315.25,1.0000,0.0393,0.001361,4.364
773743,520,384,904,230,39,200,336.05,0.9476,0.5856,0.224467,23,34,49,256.31,0.3468,0.1458,0.015479,4.192
773750,520,210,730,191,173,250,294.50,0.8314,0.7567,0.478656,5,83,88,202.06,0.9485,0.3117,0.069230,4.434
773767,520,364,884,190,96,242,311.56,0.8869,0.6077,0.257247,13,49,11,142.42,0.9477,0.1745,0.023063,4.205
773790,520,185,705,247,163,229,334.79,0.9240,0.7886,0.516276,37,91,22,139.70,0.9530,0.3294,0.079332,4.378
773793,520,405,925,230,73,126,4.02,0.8116,0.5809,0.230972,5,37,8,144.92,0.9632,0.1298,0.013729,4.409
773814,520,371,891,241,24,218,333.81,0.9854,0.6095,0.244189,0,48,8,145.60,1.0000,0.1658,0.021313,4.125
773822,520,468,988,218,24,125,357.21,0.9368,0.5182,0.170419,13,0,15,324.27,1.0000,0.0364,0.001201,4.305
773824,520,456,976,195,18,224,320.78,0.9789,0.5314,0.174181,19,5,15,338.26,0.5126,0.0559,0.002815,4.245
773836,520,410,930,195,50,253,313.46,0.9888,0.5719,0.209764,15,33,31,186.55,0.4071,0.1283,0.012882,4.131
773871,520,473,993,230,21,14,29.19,0.9874,0.5200,0.173941,0,2,23,263.31,1.0006,0.0325,0.001053,4.386
773873,520,413,933,236,40,156,350.97,0.9273,0.5747,0.217537,16,16,73,274.22,0.8804,0.1191,0.009617,4.488
773878,520,411,931,217,40,210,330.04,0.9397,0.5694,0.209246,26,30,7,117.86,0.6551,0.1216,0.011635,4.206
773879,520,373,893,233,96,37,40.92,0.9244,0.6002,0.258257,14,43,24,152.63,0.7571,0.1573,0.018870,4.476
773884,520,396,916,186,83,236,312.71,0.8735,0.5798,0.226827,8,39,16,148.92,0.9079,0.1394,0.015400,4.233
773888,520,461,981,192,76,154,342.50,0.6923,0.5295,0.187100,5,11,2,132.93,0.7087,0.0508,0.002760,4.494
773890,520,399,919,226,7,220,329.81,0.9950,0.5798,0.214904,46,18,61,311.91,0.6702,0.1447,0.013504,4.171
773901,520,396,916,234,31,192,339.18,0.9617,0.5842,0.222809,37,13,79,292.80,0.8362,0.1416,0.012457,4.368
773911,520,465,985,201,78,33,38.85,0.8825,0.5153,0.179781,4,10,13,224.77,0.3364,0.0512,0.002719,4.359
773917,520,477,997,197,80,23,42.14,0.9111,0.5103,0.176714,4,2,0,82.32,1.0000,0.0247,0.000692,4.472
773931,520,369,889,214,78,230,323.35,0.8896,0.6108,0.254599,48,34,51,320.35,0.3049,0.1732,0.020115,4.344
773940,520,319,839,245,108,104,24.14,0.8828,0.6489,0.311401,22,53,79,246.42,0.6010,0.2188,0.032812,4.364
773956,520,378,898,241,58,155,353.42,0.8943,0.5968,0.240965,17,39,52,236.50,0.4993,0.1579,0.018181,4.268
773976,520,228,748,245,149,176,2.08,0.7707,0.7396,0.440442,8,77,78,196.44,0.9112,0.2883,0.059092,4.496
774003,520,413,933,229,42,172,344.23,0.9166,0.5703,0.212952,3,31,34,204.91,0.8187,0.1172,0.011148,4.300
774004,520,396,916,187,74,251,310.28,0.9691,0.5814,0.224284,42,26,45,321.08,0.3806,0.1436,0.014205,4.272
774016,520,415,935,229,39,175,343.20,0.9267,0.5700,0.212069,52,6,26,358.83,0.7694,0.1180,0.009350,4.416
774019,520,383,903,204,80,228,320.77,0.8655,0.5966,0.241776,2,37,58,240.25,0.8909,0.1491,0.016414,4.393
774021,520,446,966,232,46,67,21.55,0.9352,0.5440,0.195181,21,12,37,297.85,0.5676,0.0837,0.005559,4.413
774032,520,468,988,219,19,121,358.68,0.9542,0.5167,0.169089,7,1,23,294.69,0.8740,0.0376,0.001287,4.272
774036,520,358,878,207,107,191,333.53,0.6727,0.6181,0.275439,22,46,41,178.88,0.4451,0.1771,0.022846,4.468
774037,520,433,953,147,103,220,298.52,0.7240,0.5504,0.210710,36,16,23,358.28,0.4076,0.1037,0.008076,4.489
774054,520,386,906,212,36,253,318.45,0.9911,0.5896,0.223524,63,16,4,36.12,0.8830,0.1481,0.014363,4.250
774083,520,363,883,225,106,68,38.17,0.7944,0.6059,0.267354,11,39,77,257.17,0.7687,0.1727,0.020579,4.496
774090,520,1,521,255,255,255,0.00,0.0000,1.0000,1.000000,5,140,7,142.62,0.9981,0.4844,0.188030,4.411
774093,520,479,999,200,45,150,344.54,0.8274,0.5074,0.163601,3,0,0,29.23,1.0000,0.0143,0.000194,4.256
774095,520,433,953,241,39,41,27.22,0.9692,0.5542,0.203153,22,23,25,264.47,0.0523,0.1030,0.008535,4.325
774132,520,447,967,240,28,12,29.82,0.9904,0.5443,0.193857,25,10,24,329.42,0.4607,0.0773,0.004897,4.442
774144,520,364,884,245,24,205,338.06,0.9837,0.6091,0.244766,9,47,17,147.18,0.9426,0.1671,0.021315,4.133
774167,520,464,984,199,27,193,329.94,0.9365,0.5193,0.167780,8,11,6,131.64,0.2583,0.0547,0.003041,4.106
774169,520,464,984,162,89,185,317.57,0.6406,0.5210,0.183296,6,10,15,250.83,0.2541,0.0538,0.002903,4.410
774173,520,423,943,189,56,241,314.10,0.9304,0.5581,0.199992,13,24,44,261.57,0.5094,0.1085,0.009207,4.222
774186,520,287,807,246,94,248,327.24,0.9732,0.6896,0.343781,48,57,54,173.39,0.1143,0.2362,0.038209,4.464
774198,520,345,865,248,19,237,330.81,0.9937,0.6326,0.265396,58,10,102,300.75,0.9026,0.1914,0.020760,4.457
774199,520,409,929,228,66,120,5.00,0.8277,0.5675,0.217492,37,1,77,296.56,0.9815,0.1254,0.009509,4.495
774201,520,398,918,244,55,96,14.58,0.9250,0.5811,0.228133,23,34,41,236.62,0.2532,0.1414,0.014863,4.288
774218,520,466,986,168,40,246,307.33,0.9575,0.5185,0.164970,0,9,15,227.10,1.0000,0.0461,0.002299,4.110
774228,520,476,996,132,70,251,292.33,0.9707,0.5063,0.162509,1,2,2,196.09,0.2306,0.0214,0.000543,4.205
774246,520,465,985,210,39,148,347.64,0.8698,0.5208,0.172930,9,5,22,293.32,0.5838,0.0487,0.002245,4.267
774268,520,470,990,177,33,238,312.05,0.9596,0.5205,0.166089,8,6,4,72.53,0.1846,0.0424,0.001906,4.163
774288,520,338,858,246,99,103,21.56,0.8993,0.6369,0.294989,41,44,71,278.21,0.3663,0.2021,0.027277,4.464
774291,520,423,943,239,47,81,17.95,0.9346,0.5615,0.209810,30,24,18,66.89,0.2009,0.1119,0.009730,4.350
774299,520,389,909,228,28,217,331.01,0.9746,0.5872,0.223367,59,22,15,32.36,0.6429,0.1520,0.015383,4.181
774310,520,410,930,195,85,194,327.91,0.7395,0.5683,0.219956,0,38,24,163.81,1.0000,0.1345,0.014521,4.184
774319,520,383,903,236,1,220,332.16,0.9994,0.5966,0.230246,44,31,9,78.26,0.6301,0.1464,0.015352,4.288
774322,520,448,968,211,17,204,330.15,0.9763,0.5444,0.186115,22,5,42,300.53,0.7899,0.0765,0.004463,4.335
774324,520,352,872,235,92,157,355.03,0.7988,0.6245,0.277534,17,31,114,267.96,0.9270,0.1943,0.023139,4.478
774326,520,426,946,178,67,244,309.41,0.9305,0.5553,0.200118,3,23,51,256.32,0.8340,0.1054,0.008711,4.260
774329,520,475,995,180,6,242,312.56,0.9951,0.5189,0.162454,5,0,17,298.48,1.0000,0.0283,0.000727,4.188
774351,520,434,954,190,95,136,354.44,0.5648,0.5479,0.209106,1,27,19,170.02,0.9548,0.0976,0.008373,4.439
774364,520,367,887,253,15,185,345.16,0.9910,0.6108,0.247305,21,37,74,264.53,0.6272,0.1700,0.019769,4.261
774382,520,212,732,251,150,204,347.37,0.9200,0.7597,0.466839,9,78,104,230.33,0.8874,0.3057,0.065060,4.492
774386,520,341,861,213,101,208,329.14,0.7670,0.6264,0.280093,26,54,25,143.19,0.7312,0.2006,0.029280,4.164
774388,520,345,865,234,56,244,325.70,0.9625,0.6314,0.268548,53,36,56,321.35,0.3376,0.1872,0.023042,4.361
774406,520,474,994,145,73,240,298.44,0.8995,0.5156,0.170763,6,3,0,82.32,1.0000,0.0305,0.001038,4.325
774416,520,330,850,253,10,237,331.91,0.9973,0.6395,0.272173,53,28,102,293.38,0.7593,0.2066,0.025467,4.269
774456,520,428,948,209,48,213,327.03,0.9159,0.5630,0.204752,11,20,52,268.39,0.6963,0.1035,0.008194,4.378
774458,520,452,972,200,90,38,43.12,0.8384,0.5331,0.197335,17,16,7,102.86,0.3459,0.0747,0.005051,4.493
774462,520,348,868,211,99,228,322.21,0.8430,0.6321,0.283756,1,53,36,164.89,0.9884,0.1897,0.026799,4.346
774497,520,376,896,244,60,149,356.30,0.9054,0.6017,0.246379,9,39,66,249.38,0.7338,0.1634,0.019024,4.294
774498,520,398,918,236,31,173,345.25,0.9549,0.5779,0.218329,45,27,6,67.65,0.6990,0.1374,0.013550,4.222
774503,520,468,988,211,43,130,354.91,0.8529,0.5176,0.171906,17,0,13,336.27,1.0000,0.0407,0.001482,4.310
774509,520,472,992,191,28,216,321.50,0.9530,0.5225,0.168662,0,0,28,264.05,1.0000,0.0308,0.000838,4.301
774515,520,467,987,234,7,17,28.27,0.9964,0.5247,0.176881,7,7,2,108.61,0.4754,0.0432,0.002015,4.362
774524,520,403,923,243,32,145,355.72,0.9550,0.5794,0.221353,24,15,79,280.02,0.8689,0.1305,0.011003,4.448
774534,520,396,916,246,43,116,6.73,0.9393,0.5814,0.225849,60,5,43,343.95,0.8052,0.1409,0.012438,4.418
774558,520,259,779,255,131,115,28.84,1.0000,0.7050,0.387335,35,71,42,148.67,0.6535,0.2658,0.050308,4.360
774562,520,359,879,222,72,237,323.98,0.9249,0.6214,0.262807,28,41,60,257.77,0.3726,0.1758,0.021589,4.369
774576,520,447,967,235,21,73,17.67,0.9784,0.5372,0.186827,21,7,42,297.55,0.7418,0.0788,0.004786,4.323
774582,520,272,792,231,137,188,346.98,0.6891,0.7027,0.385130,40,69,2,131.62,0.9879,0.2566,0.047116,4.481
774587,520,331,851,244,70,206,338.19,0.9328,0.6371,0.280725,15,49,80,249.36,0.7062,0.2047,0.028772,4.198
774591,520,448,968,161,81,237,303.91,0.8689,0.5442,0.195768,41,2,8,15.63,0.8882,0.0845,0.005324,4.442
774603,520,465,985,225,42,19,30.83,0.9767,0.5214,0.177134,0,7,23,253.97,0.9999,0.0456,0.002138,4.356
774617,520,330,850,143,150,204,278.36,0.4381,0.6371,0.320116,2,59,34,157.85,0.9858,0.2101,0.032562,4.483
774623,520,320,840,223,118,158,357.10,0.6474,0.6461,0.311155,36,52,54,205.74,0.2266,0.2110,0.030973,4.460
774639,520,468,988,230,6,48,23.18,0.9955,0.5184,0.171697,11,4,0,69.28,1.0000,0.0388,0.001580,4.298
774649,520,190,710,244,161,233,331.53,0.9143,0.7829,0.506078,61,84,15,126.78,0.9008,0.3219,0.073671,4.496
774650,520,358,878,235,98,125,10.76,0.7850,0.6222,0.278809,0,52,31,159.98,1.0000,0.1844,0.025548,4.352
774660,520,480,1000,162,68,216,310.38,0.8237,0.5116,0.167742,0,0,0,0.00,0.0000,0.0000,0.000000,4.355
774666,520,332,852,208,111,222,322.43,0.7793,0.6426,0.300541,6,57,32,156.21,0.9549,0.2038,0.030691,4.344
774668,520,466,986,224,17,104,5.71,0.9683,0.5205,0.172505,20,3,12,347.12,0.6312,0.0517,0.002404,4.246
774672,520,403,923,239,33,168,347.51,0.9528,0.5821,0.222686,40,25,28,5.95,0.2578,0.1308,0.012303,4.377
774678,520,21,541,249,252,172,109.95,0.9624,0.9658,0.927394,29,133,6,141.21,0.9965,0.4649,0.170487,4.433
774682,520,423,943,252,9,33,26.76,0.9965,0.5649,0.210044,39,16,36,332.18,0.5101,0.1143,0.009293,4.386
774686,520,422,942,205,47,226,322.59,0.9327,0.5647,0.205049,49,1,36,341.71,0.8974,0.1100,0.008022,4.396
774690,520,378,898,222,38,238,324.34,0.9706,0.5959,0.230910,25,36,65,266.89,0.4986,0.1632,0.018500,4.101
774694,520,454,974,201,86,76,27.42,0.7101,0.5337,0.195968,5,18,15,178.03,0.5015,0.0726,0.004994,4.473
774695,520,249,769,252,144,69,52.50,0.9567,0.7167,0.410745,63,70,10,116.32,0.8766,0.2805,0.054590,4.405
774703,520,456,976,188,13,234,316.54,0.9878,0.5264,0.169210,7,10,31,273.39,0.6097,0.0633,0.003612,4.089
774711,520,426,946,235,36,117,4.06,0.9340,0.5556,0.202113,25,12,59,289.59,0.7728,0.1062,0.007854,4.358
774714,520,476,996,206,51,128,355.24,0.8115,0.5140,0.170501,5,0,6,324.01,1.0000,0.0219,0.000454,4.370
774715,520,468,988,229,3,59,20.30,0.9973,0.5171,0.170419,4,7,12,254.03,0.2956,0.0439,0.002043,4.235
774720,520,478,998,214,50,26,31.42,0.9546,0.5058,0.166544,1,1,3,282.35,0.4200,0.0178,0.000347,4.301
774730,520,371,891,252,58,126,5.64,0.9695,0.6072,0.252314,17,44,40,182.85,0.5357,0.1675,0.020737,4.274
774750,520,333,853,232,101,185,343.73,0.7948,0.6439,0.299683,2,56,10,144.91,0.9943,0.1950,0.028630,4.447
774752,520,384,904,241,45,153,353.28,0.9246,0.5862,0.228806,32,23,79,284.38,0.7410,0.1517,0.014844,4.300
774757,520,424,944,224,49,168,344.57,0.8824,0.5640,0.208736,34,10,58,302.35,0.7754,0.1133,0.008627,4.413
774760,520,471,991,204,69,107,7.03,0.7421,0.5225,0.181572,2,8,2,143.81,0.7779,0.0408,0.001909,4.461
774763,520,397,917,187,74,252,310.06,0.9762,0.5822,0.224916,23,27,62,275.34,0.5873,0.1367,0.013138,4.354
774769,520,437,957,228,51,97,11.76,0.8876,0.5464,0.197275,22,5,52,292.96,0.8540,0.0856,0.005270,4.474
774780,520,412,932,233,44,155,350.84,0.9100,0.5711,0.214944,6,25,62,261.57,0.8327,0.1213,0.010817,4.356
774803,520,465,985,233,5,22,27.66,0.9973,0.5224,0.174933,16,6,12,342.49,0.3755,0.0533,0.002670,4.271
774814,520,447,967,233,42,35,28.53,0.9618,0.5391,0.191040,23,16,7,73.75,0.3922,0.0813,0.005681,4.329
774817,520,416,936,251,20,43,25.64,0.9905,0.5665,0.211877,48,13,36,343.32,0.6293,0.1242,0.010437,4.333
774844,520,431,951,207,44,202,329.53,0.9073,0.5494,0.193329,27,9,57,294.56,0.7972,0.1022,0.007238,4.251
774849,520,475,995,213,36,134,353.38,0.8839,0.5183,0.171315,10,2,3,9.74,0.5207,0.0333,0.001145,4.327
774860,520,374,894,187,97,234,312.36,0.8360,0.5997,0.250556,19,41,42,199.39,0.4243,0.1600,0.018914,4.361
774874,520,443,963,237,34,9,30.56,0.9921,0.5409,0.191716,21,15,1,90.82,0.8508,0.0751,0.005033,4.392
774884,520,467,987,205,65,108,5.89,0.7612,0.5197,0.178445,2,6,8,222.28,0.3979,0.0378,0.001607,4.427
774887,520,454,974,225,8,122,359.21,0.9844,0.5263,0.175891,18,9,24,310.75,0.4517,0.0670,0.003899,4.191
774905,520,270,790,246,135,130,23.58,0.8358,0.7019,0.385351,14,72,51,164.01,0.8968,0.2626,0.049669,4.368
774915,520,427,947,244,31,83,16.24,0.9681,0.5623,0.208410,18,26,11,131.49,0.4781,0.1034,0.008915,4.386
774922,520,293,813,218,130,196,336.81,0.6493,0.6757,0.348578,0,58,97,246.01,1.0000,0.2391,0.038890,4.484
774930,520,411,931,251,36,6,30.74,0.9960,0.5714,0.217878,49,6,45,332.15,0.7745,0.1221,0.009728,4.485
774934,520,418,938,209,65,184,335.69,0.8175,0.5605,0.207985,9,4,90,269.30,0.9902,0.1196,0.008830,4.385
774949,520,347,867,218,102,207,331.16,0.7761,0.6348,0.289150,25,49,40,167.90,0.4454,0.1881,0.025564,4.488
774952,520,429,949,157,85,248,299.84,0.9307,0.5539,0.204427,30,16,27,334.76,0.3565,0.0968,0.007258,4.444
774954,520,284,804,255,92,226,335.56,1.0000,0.6890,0.344083,100,34,11,38.25,0.8609,0.2517,0.038780,4.439
774958,520,426,946,248,15,61,21.58,0.9915,0.5608,0.206386,16,18,65,274.55,0.8035,0.1145,0.009244,4.328
774960,520,440,960,203,34,218,324.26,0.9487,0.5473,0.189043,10,22,12,148.60,0.4793,0.0862,0.006649,4.220
774962,520,473,993,183,60,198,323.17,0.8195,0.5208,0.173775,2,1,14,282.01,0.8384,0.0258,0.000663,4.417
774964,520,363,883,210,100,181,338.50,0.6864,0.6065,0.261539,45,38,35,44.60,0.1137,0.1725,0.020655,4.409
774984,520,471,991,170,77,192,319.55,0.7280,0.5181,0.176605,13,2,19,314.51,0.7278,0.0438,0.001760,4.378
775002,520,455,975,217,44,128,357.11,0.8647,0.5292,0.181141,17,2,35,301.11,0.8594,0.0593,0.002839,4.374
775003,520,401,921,254,25,76,18.73,0.9944,0.5791,0.222917,42,6,79,299.13,0.9033,0.1402,0.011870,4.411
775012,520,283,803,174,152,234,295.66,0.6787,0.6865,0.373957,34,67,37,146.02,0.6635,0.2509,0.044878,4.468
775029,520,453,973,214,13,174,339.46,0.9732,0.5302,0.176423,4,18,12,165.82,0.6205,0.0709,0.004850,4.128
775038,520,363,883,231,5,250,324.06,0.9983,0.6093,0.240020,28,15,106,276.93,0.9426,0.1663,0.016291,4.375
775047,520,444,964,180,82,196,321.84,0.7309,0.5426,0.197245,18,19,13,115.27,0.1862,0.0847,0.006234,4.397
775057,520,353,873,231,93,151,356.91,0.7687,0.6169,0.270545,55,30,66,314.73,0.5277,0.1831,0.021342,4.493
775058,520,333,853,235,56,251,324.33,0.9850,0.6378,0.274579,92,3,19,20.29,0.9712,0.2013,0.023879,4.393
775063,520,391,911,186,92,226,314.51,0.8093,0.5854,0.235854,2,37,58,240.25,0.8909,0.1491,0.016414,4.304
775067,520,467,987,191,35,214,321.88,0.9335,0.5247,0.171349,6,5,7,308.87,0.1336,0.0390,0.001626,4.288
775068,520,273,793,233,125,223,330.70,0.8559,0.7005,0.373206,1,73,50,164.08,0.9939,0.2626,0.050016,4.231
775080,520,435,955,218,5,191,335.47,0.9925,0.5460,0.187779,16,22,17,149.81,0.2028,0.0920,0.007244,4.154
775111,520,415,935,248,37,63,22.54,0.9700,0.5702,0.216420,5,19,75,265.76,0.9309,0.1206,0.010059,4.436
775117,520,380,900,214,70,220,326.22,0.8849,0.5956,0.238456,57,14,64,321.74,0.7422,0.1590,0.015542,4.401
775137,520,421,941,146,93,252,294.18,0.9614,0.5566,0.209680,2,14,75,264.96,0.9618,0.1100,0.008349,4.450
775154,520,439,959,222,73,37,34.51,0.9209,0.5479,0.204309,3,25,16,164.52,0.8469,0.0917,0.007520,4.421
775163,520,353,873,202,100,221,321.13,0.7915,0.6165,0.268927,19,49,30,153.87,0.6844,0.1813,0.024287,4.293
775181,520,420,940,231,2,181,341.39,0.9975,0.5641,0.203713,26,1,75,286.75,0.9862,0.1094,0.007493,4.413
775196,520,430,950,237,51,15,32.23,0.9852,0.5531,0.204099,4,0,84,266.93,1.0000,0.1029,0.006658,4.485
775200,520,425,945,248,18,6,29.53,0.9960,0.5573,0.204059,44,3,47,325.15,0.8361,0.1106,0.008059,4.376
775201,520,426,946,207,26,237,320.86,0.9781,0.5645,0.201204,3,30,7,146.64,0.9640,0.1054,0.009632,4.213
775211,520,268,788,207,141,237,314.68,0.7864,0.7022,0.384305,40,67,51,157.31,0.4201,0.2589,0.047043,4.475
775235,520,375,895,224,51,228,327.11,0.9460,0.6005,0.238186,35,15,93,285.22,0.8815,0.1572,0.014893,4.441
775251,520,463,983,207,21,194,331.84,0.9601,0.5319,0.176988,1,13,7,164.77,0.8819,0.0538,0.003096,4.275
775261,520,382,902,249,70,57,28.71,0.9685,0.5982,0.248189,5,43,35,175.44,0.8757,0.1571,0.018813,4.333
775268,520,424,944,246,32,41,26.65,0.9795,0.5607,0.207895,11,15,67,271.43,0.8930,0.1076,0.008180,4.433
775291,520,379,899,222,33,245,322.80,0.9795,0.5985,0.232120,0,4,123,264.14,0.9971,0.1641,0.015167,4.329
775292,520,376,896,237,33,202,337.11,0.9665,0.5963,0.233593,34,23,90,283.09,0.8006,0.1649,0.016910,4.238
775296,520,384,904,233,91,25,40.96,0.9563,0.5920,0.248788,3,43,4,143.21,0.9878,0.1489,0.017558,4.423
775305,520,471,991,198,61,156,342.49,0.7719,0.5222,0.177454,8,3,14,307.43,0.5560,0.0386,0.001485,4.418
775347,520,446,966,191,0,250,313.99,1.0000,0.5422,0.179798,9,15,43,270.60,0.6792,0.0838,0.005741,4.123
775364,520,300,820,246,91,224,333.82,0.9505,0.6724,0.324595,56,41,99,292.07,0.6080,0.2316,0.033275,4.498
775370,520,417,937,249,15,103,9.80,0.9878,0.5714,0.214642,50,8,41,337.78,0.7348,0.1240,0.010120,4.402
775392,520,329,849,203,119,219,321.03,0.7268,0.6476,0.310058,52,52,8,109.46,0.8263,0.2148,0.032036,4.389
775428,520,311,831,253,86,195,344.42,0.9801,0.6635,0.314815,52,48,71,291.94,0.2909,0.2238,0.032989,4.396
775432,520,385,905,244,27,175,346.32,0.9713,0.5924,0.231153,6,16,104,266.39,0.9754,0.1521,0.014087,4.387
775438,520,416,936,237,67,51,29.53,0.9230,0.5711,0.222610,7,27,54,256.63,0.7230,0.1203,0.010953,4.472
775467,520,424,944,210,85,107,12.28,0.6979,0.5552,0.212623,48,10,4,33.24,0.8409,0.1096,0.008543,4.486
775471,520,464,984,202,20,192,331.06,0.9577,0.5211,0.168645,15,7,4,48.20,0.3652,0.0518,0.002623,4.155
775481,520,341,861,252,35,218,336.32,0.9853,0.6336,0.269627,56,39,64,314.57,0.3677,0.2026,0.026620,4.172
775500,520,432,952,230,49,112,6.21,0.8886,0.5530,0.201923,26,17,45,296.12,0.5484,0.1045,0.008100,4.336
775501,520,453,973,168,98,149,337.81,0.4872,0.5261,0.192310,2,7,54,266.37,0.9598,0.0743,0.004312,4.461
775507,520,442,962,237,37,21,29.87,0.9798,0.5432,0.193850,9,21,13,154.22,0.4492,0.0830,0.006235,4.336
775531,520,408,928,208,17,252,317.91,0.9914,0.5750,0.208408,3,19,87,264.92,0.9575,0.1337,0.011731,4.186
775540,520,442,962,238,4,93,11.16,0.9957,0.5435,0.190575,21,14,25,312.87,0.3140,0.0806,0.005437,4.340
775547,520,460,980,207,36,178,336.63,0.9002,0.5292,0.177435,9,0,50,279.20,1.0000,0.0622,0.002884,4.301
775551,520,417,937,226,81,30,37.80,0.9390,0.5654,0.221500,8,23,68,265.53,0.8604,0.1232,0.010817,4.464
775552,520,437,957,240,42,15,30.95,0.9869,0.5524,0.202190,28,12,33,317.73,0.5257,0.0896,0.006196,4.488
775564,520,458,978,208,12,186,334.37,0.9764,0.5258,0.172201,20,0,32,311.26,1.0000,0.0564,0.002530,4.230
775566,520,383,903,255,26,133,1.56,1.0000,0.5962,0.236959,60,10,56,331.52,0.7637,0.1541,0.014634,4.440
775580,520,479,999,187,75,135,349.91,0.6627,0.5111,0.173478,0,0,5,264.05,1.0000,0.0116,0.000110,4.460
775586,520,454,974,223,48,66,21.57,0.9164,0.5272,0.181980,2,7,53,266.39,0.9580,0.0732,0.004219,4.279
775606,520,474,994,207,66,72,22.25,0.8140,0.5155,0.176319,0,5,1,150.49,1.0000,0.0299,0.001107,4.428
775625,520,430,950,231,4,152,350.27,0.9936,0.5500,0.193456,22,21,27,292.93,0.1440,0.0988,0.007860,4.208
775654,520,423,943,195,93,144,350.82,0.6035,0.5556,0.214460,28,17,54,293.45,0.6418,0.1137,0.009141,4.472
775655,520,477,997,165,90,158,330.62,0.5551,0.5115,0.177812,2,2,6,282.35,0.4201,0.0250,0.000695,4.494
775656,520,203,723,250,149,227,335.86,0.9562,0.7661,0.473671,29,82,64,167.58,0.7208,0.3051,0.066657,4.489
775661,520,435,955,192,79,178,332.69,0.7200,0.5461,0.200143,23,8,50,294.09,0.7784,0.0896,0.005861,4.478
775668,520,453,973,195,28,211,323.91,0.9500,0.5255,0.171374,32,1,13,358.69,0.8546,0.0670,0.003579,4.132
775678,520,441,961,190,99,73,36.82,0.6305,0.5371,0.203534,23,20,14,84.50,0.1930,0.0926,0.007142,4.437
775690,520,401,921,227,46,198,335.94,0.9269,0.5834,0.223646,41,13,72,300.41,0.7976,0.1398,0.012272,4.394
775700,520,477,997,184,68,169,333.18,0.7344,0.5136,0.171905,2,0,9,294.50,1.0000,0.0190,0.000326,4.409
775743,520,466,986,228,16,45,24.17,0.9875,0.5163,0.170570,1,2,39,266.86,0.9800,0.0477,0.001963,4.245
775748,520,445,965,222,63,40,31.35,0.9233,0.5363,0.192405,20,17,3,99.03,0.6573,0.0793,0.005562,4.363
775751,520,467,987,182,54,213,318.86,0.8714,0.5239,0.173887,19,0,8,351.36,1.0000,0.0416,0.001560,4.342
775760,520,480,1000,227,13,52,22.34,0.9889,0.5142,0.168696,0,0,0,0.00,0.0000,0.0000,0.000000,4.374
775765,520,430,950,243,19,32,27.13,0.9902,0.5482,0.196282,23,18,39,293.24,0.4464,0.0993,0.007613,4.275
775772,520,146,666,209,203,229,296.20,0.3611,0.8312,0.619243,28,103,3,140.17,0.9968,0.3647,0.099536,4.475
775782,520,401,921,244,56,82,19.27,0.9337,0.5789,0.226740,8,31,64,257.90,0.7641,0.1393,0.014017,4.323
775784,520,258,778,221,160,74,73.03,0.7469,0.7072,0.410098,42,71,50,152.07,0.4681,0.2726,0.052289,4.498
775788,520,439,959,229,54,70,21.66,0.9102,0.5452,0.197414,11,15,46,273.31,0.6927,0.0876,0.006100,4.410
775810,520,470,990,122,99,219,288.51,0.7418,0.5154,0.181756,15,2,12,335.37,0.6607,0.0427,0.001715,4.481
775824,520,439,959,205,34,211,326.62,0.9427,0.5458,0.188282,19,19,34,283.26,0.3458,0.0946,0.007197,4.166
775825,520,434,954,203,75,168,340.05,0.7441,0.5535,0.205576,27,22,20,43.05,0.1144,0.1040,0.008573,4.363
775826,520,353,873,229,89,186,341.61,0.8066,0.6232,0.273503,48,39,42,356.00,0.1262,0.1815,0.022466,4.464
775845,520,428,948,229,7,176,342.43,0.9904,0.5586,0.199473,21,0,73,282.86,1.0000,0.1003,0.006404,4.423
775847,520,455,975,175,87,170,329.47,0.6274,0.5275,0.188337,10,9,28,283.14,0.5385,0.0617,0.003437,4.460
775852,520,413,933,243,17,129,0.46,0.9805,0.5677,0.210439,53,9,18,12.98,0.7461,0.1212,0.009961,4.344
775863,520,455,975,221,55,64,23.28,0.8984,0.5292,0.184774,10,10,21,283.23,0.3474,0.0598,0.003358,4.400
775883,520,357,877,248,90,19,39.60,0.9812,0.6175,0.273191,48,35,64,303.81,0.4188,0.1831,0.022006,4.488
775925,520,350,870,235,58,237,327.60,0.9556,0.6299,0.268052,0,23,126,264.01,1.0042,0.1898,0.021190,4.468
775927,520,365,885,236,74,178,345.36,0.8584,0.6133,0.259475,30,44,7,127.85,0.8513,0.1681,0.020927,4.363
775931,520,351,871,245,22,247,327.87,0.9932,0.6348,0.267045,78,21,33,11.60,0.6978,0.1919,0.022661,4.363
775940,520,417,937,216,54,192,334.94,0.8787,0.5666,0.210452,16,12,79,274.27,0.9322,0.1198,0.009376,4.387
775942,520,452,972,160,99,176,319.08,0.5499,0.5308,0.195325,12,16,18,229.43,0.1272,0.0736,0.004924,4.467
775946,520,466,986,199,55,168,338.05,0.8076,0.5241,0.177035,12,5,19,307.14,0.5234,0.0498,0.002337,4.338
775948,520,421,941,208,53,206,328.62,0.8905,0.5607,0.204142,41,14,32,341.90,0.5465,0.1119,0.008898,4.315
775958,520,439,959,232,51,84,16.85,0.9094,0.5513,0.201665,39,4,28,342.77,0.7556,0.0912,0.006021,4.492
775961,520,367,887,241,53,199,339.15,0.9364,0.6138,0.253734,22,46,26,148.07,0.6137,0.1721,0.021991,4.219
775969,520,407,927,159,107,210,305.65,0.6610,0.5651,0.225399,55,10,33,353.16,0.7143,0.1318,0.011392,4.486
775977,520,386,906,242,18,178,344.86,0.9828,0.5871,0.225273,36,27,66,291.17,0.5713,0.1525,0.015523,4.201
775986,520,458,978,234,15,3,29.62,0.9973,0.5262,0.178438,0,15,3,150.08,1.0000,0.0570,0.003482,4.271
776016,520,469,989,228,9,85,12.59,0.9882,0.5215,0.173482,11,5,3,47.04,0.3470,0.0425,0.001863,4.309
776032,520,443,963,212,35,185,335.81,0.9188,0.5419,0.187040,34,7,12,11.35,0.6305,0.0812,0.005186,4.295
776043,520,357,877,244,94,38,38.84,0.9449,0.6169,0.273816,31,43,45,208.81,0.1915,0.1761,0.022085,4.492
776045,520,99,619,246,220,100,97.17,0.8687,0.8759,0.717006,31,113,16,141.12,0.9854,0.3998,0.121385,4.475
776050,520,430,950,217,72,95,15.10,0.7885,0.5468,0.202151,11,24,21,177.89,0.3618,0.0953,0.007785,4.364
776055,520,398,918,250,55,41,29.31,0.9790,0.5843,0.232201,24,35,20,137.58,0.4096,0.1373,0.014467,4.377
776063,520,257,777,238,141,149,15.01,0.7081,0.7065,0.393991,6,73,64,180.72,0.9419,0.2687,0.051737,4.364
776074,520,436,956,222,69,78,21.58,0.8433,0.5487,0.203385,15,20,36,269.92,0.3971,0.0947,0.007292,4.423
776082,520,360,880,245,48,206,338.03,0.9551,0.6213,0.259856,66,30,31,19.45,0.4879,0.1839,0.021859,4.312
776085,520,388,908,249,23,153,354.01,0.9773,0.5907,0.230559,56,25,10,45.03,0.6655,0.1516,0.015581,4.278
776086,520,470,990,203,67,100,9.73,0.7522,0.5160,0.176330,10,1,21,305.43,0.8399,0.0393,0.001404,4.403
776099,520,190,710,226,166,243,318.65,0.8413,0.7756,0.499133,47,86,9,133.86,0.9704,0.3175,0.072795,4.472
776100,520,353,873,245,28,223,333.48,0.9849,0.6212,0.255737,56,29,68,314.52,0.5587,0.1840,0.021369,4.284
776105,520,315,835,248,72,233,331.74,0.9696,0.6608,0.304772,46,35,111,283.32,0.7561,0.2200,0.029305,4.473
776121,520,465,985,139,93,210,299.05,0.7106,0.5157,0.179710,5,5,30,276.61,0.7762,0.0504,0.002345,4.388
776122,520,416,936,206,88,151,349.67,0.6754,0.5684,0.223375,1,31,36,210.29,0.9343,0.1172,0.011137,4.471
776129,520,433,953,242,18,78,16.73,0.9847,0.5519,0.198633,27,3,59,295.73,0.9176,0.0954,0.006139,4.429
776130,520,337,857,243,42,246,327.53,0.9808,0.6389,0.273672,30,46,70,258.28,0.4270,0.1976,0.026721,4.219
776136,520,467,987,141,91,211,300.11,0.7223,0.5152,0.178483,18,3,0,45.50,1.0000,0.0448,0.001937,4.399
776140,520,398,918,232,76,94,17.92,0.8400,0.5793,0.231357,15,39,22,151.44,0.6688,0.1442,0.016105,4.256
776144,520,478,998,226,0,21,27.47,1.0000,0.5059,0.162259,0,2,10,257.10,0.9999,0.0242,0.000653,4.190
776148,520,366,886,207,77,249,316.63,0.9620,0.6121,0.254142,18,45,48,205.00,0.5082,0.1747,0.022187,4.213
776151,520,398,918,250,23,129,1.89,0.9774,0.5837,0.225253,67,1,14,17.59,0.9776,0.1407,0.012469,4.406
776153,520,474,994,215,4,146,348.62,0.9892,0.5153,0.166117,4,1,14,295.12,0.7909,0.0284,0.000792,4.255
776196,520,257,777,249,119,216,338.07,0.9486,0.7106,0.382938,37,65,90,246.90,0.4649,0.2691,0.049119,4.368
776207,520,415,935,248,45,52,25.89,0.9696,0.5738,0.220847,11,26,56,262.52,0.6757,0.1213,0.010954,4.443
776218,520,409,929,225,83,24,39.39,0.9515,0.5660,0.222627,9,33,48,239.33,0.6332,0.1339,0.013591,4.287
776219,520,411,931,241,14,151,352.84,0.9839,0.5715,0.212524,35,25,22,37.35,0.2000,0.1219,0.011105,4.296
776220,520,272,792,244,132,137,18.15,0.8000,0.6954,0.375444,77,57,12,83.31,0.8011,0.2612,0.045307,4.464
776224,520,456,976,220,48,86,14.41,0.8863,0.5253,0.180041,26,3,15,349.41,0.6990,0.0616,0.003193,4.325
776232,520,462,982,230,10,94,9.89,0.9863,0.5282,0.178512,0,5,32,262.07,1.0000,0.0473,0.002128,4.384
776261,520,419,939,227,74,81,22.00,0.8423,0.5648,0.218253,10,28,38,235.00,0.5120,0.1140,0.010349,4.445
776285,520,418,938,178,59,254,307.81,0.9931,0.5555,0.197495,0,27,63,255.80,0.9999,0.1242,0.011427,4.029
776289,520,329,849,251,30,244,329.85,0.9901,0.6458,0.279725,4,52,84,244.55,0.8857,0.2129,0.031217,4.060
776293,520,401,921,234,1,206,335.23,0.9992,0.5841,0.219731,44,19,54,315.35,0.6047,0.1383,0.012676,4.304
776294,520,383,903,221,57,226,326.76,0.9304,0.5988,0.237915,23,40,30,157.72,0.3849,0.1549,0.017934,4.238
776296,520,432,952,234,52,30,30.75,0.9623,0.5486,0.200452,39,1,46,321.07,0.9209,0.0983,0.006504,4.433
776299,520,422,942,203,71,183,334.35,0.7835,0.5565,0.206237,42,13,23,0.68,0.5559,0.1080,0.008420,4.386
776316,520,319,839,237,89,209,335.94,0.8875,0.6477,0.297552,49,45,79,287.90,0.4147,0.2180,0.030942,4.294
776323,520,308,828,240,103,210,336.88,0.8910,0.6711,0.328814,33,62,2,133.04,0.9870,0.2286,0.037729,4.318
776324,520,199,719,245,173,70,72.47,0.8741,0.7658,0.497440,20,89,62,162.30,0.8977,0.3242,0.076410,4.331
776334,520,431,951,186,50,242,313.23,0.9378,0.5493,0.191322,18,0,72,280.29,1.0000,0.0962,0.005965,4.312
776351,520,465,985,228,1,91,10.32,0.9985,0.5212,0.172740,6,9,7,157.14,0.1657,0.0487,0.002494,4.243
776357,520,261,781,250,118,222,336.20,0.9629,0.7135,0.385574,45,73,5,130.70,0.9698,0.2735,0.053338,4.215
776362,520,387,907,228,14,232,327.38,0.9924,0.5929,0.226366,56,20,25,13.67,0.5630,0.1455,0.014114,4.311
776367,520,353,873,240,60,200,338.76,0.9230,0.6181,0.259299,42,12,110,285.84,0.9316,0.1817,0.018809,4.495
776411,520,321,841,237,96,186,344.28,0.8378,0.6454,0.299180,42,48,57,258.37,0.1536,0.2060,0.029015,4.419
776420,520,400,920,251,44,43,27.56,0.9835,0.5783,0.224887,20,17,91,274.03,0.9232,0.1443,0.013049,4.360
776422,520,456,976,203,53,165,340.21,0.8184,0.5277,0.179613,23,5,11,359.08,0.5506,0.0598,0.003149,4.320
776425,520,472,992,168,80,191,318.87,0.7098,0.5189,0.178246,10,1,10,327.85,0.7253,0.0334,0.001082,4.468
776451,520,381,901,198,75,255,312.72,1.0000,0.6013,0.242591,64,9,50,340.45,0.7704,0.1570,0.015158,4.490
776465,520,412,932,178,93,216,314.15,0.7545,0.5693,0.222524,26,25,41,286.46,0.3151,0.1199,0.010750,4.486
776474,520,479,999,221,11,77,14.41,0.9842,0.5053,0.161501,1,0,4,296.85,1.0000,0.0133,0.000152,4.217
776484,520,339,859,252,37,226,334.33,0.9867,0.6392,0.275127,88,3,46,357.93,0.9149,0.2002,0.023374,4.431
776489,520,372,892,249,69,116,10.18,0.9396,0.6087,0.256603,36,42,13,119.45,0.6422,0.1683,0.020600,4.343
776511,520,210,730,242,174,15,79.86,0.9828,0.7609,0.491860,23,87,32,145.48,0.9546,0.3115,0.071026,4.477
776542,520,469,989,201,78,63,29.65,0.7761,0.5190,0.182272,8,3,21,295.92,0.6891,0.0424,0.001709,4.492
776549,520,418,938,232,67,46,30.73,0.9231,0.5608,0.213703,27,21,56,287.84,0.5930,0.1221,0.010549,4.355
776552,520,460,980,161,67,237,305.27,0.8951,0.5260,0.177064,2,2,50,267.79,0.9864,0.0604,0.002866,4.295
776553,520,188,708,246,170,191,1.27,0.7493,0.7866,0.521058,40,90,53,150.09,0.7429,0.3329,0.080202,4.386
776565,520,479,999,193,51,160,339.05,0.8022,0.5052,0.162449,0,1,1,194.77,1.0000,0.0143,0.000239,4.229
776567,520,464,984,211,23,168,340.67,0.9406,0.5244,0.172910,3,0,41,272.10,1.0000,0.0470,0.001794,4.304
776577,520,468,988,202,66,107,6.00,0.7482,0.5151,0.175165,20,0,2,15.98,1.0000,0.0408,0.001531,4.369
776603,520,434,954,230,33,132,357.62,0.9303,0.5492,0.195795,26,6,64,290.55,0.8840,0.1038,0.007200,4.297
776618,520,400,920,255,8,106,9.49,1.0000,0.5831,0.224781,57,3,57,328.24,0.8643,0.1418,0.012305,4.410
776624,520,415,935,208,81,168,341.96,0.7338,0.5696,0.221238,17,28,42,254.87,0.3832,0.1206,0.011168,4.434
776626,520,455,975,126,89,248,288.21,0.9335,0.5255,0.183575,20,0,38,304.63,1.0000,0.0613,0.002887,4.417
776635,520,381,901,190,85,247,311.32,0.9345,0.5961,0.241606,63,16,36,357.58,0.6695,0.1563,0.015549,4.449
776639,520,464,984,215,28,140,351.27,0.9181,0.5203,0.171734,13,2,29,300.03,0.8262,0.0503,0.002177,4.250
776644,520,474,994,164,34,255,304.52,1.0000,0.5173,0.162572,4,2,16,288.65,0.7102,0.0325,0.001066,4.163
776684,520,340,860,234,79,229,329.21,0.9184,0.6427,0.287439,15,54,38,162.91,0.7768,0.1984,0.028797,4.282
776696,520,441,961,226,29,124,359.46,0.9351,0.5362,0.185055,41,6,8,20.95,0.7714,0.0911,0.006193,4.183
776705,520,402,922,244,5,164,349.30,0.9952,0.5813,0.220252,29,12,74,287.32,0.8481,0.1257,0.010186,4.490
776709,520,324,844,255,40,225,335.25,1.0000,0.6454,0.282171,40,23,121,280.25,0.9036,0.2057,0.024443,4.462
776717,520,476,996,222,25,47,24.03,0.9738,0.5072,0.164329,5,1,1,21.77,0.5474,0.0229,0.000562,4.239
776724,520,438,958,178,68,237,310.90,0.8975,0.5509,0.197146,33,12,12,21.11,0.4851,0.0881,0.006129,4.403
776737,520,434,954,239,36,46,25.90,0.9699,0.5488,0.198130,1,30,9,150.19,0.9856,0.1047,0.009547,4.167
776750,520,423,943,213,17,219,326.80,0.9831,0.5583,0.196635,31,16,44,306.95,0.5591,0.1079,0.008438,4.220
776755,520,410,930,200,61,232,319.29,0.9091,0.5727,0.214445,61,4,27,2.56,0.8441,0.1345,0.011582,4.294
776770,520,452,972,178,18,254,309.30,0.9954,0.5297,0.170543,28,6,1,41.91,0.8413,0.0665,0.003794,4.100
776783,520,419,939,225,63,113,6.87,0.8301,0.5565,0.207575,20,28,23,157.43,0.2097,0.1141,0.010411,4.264
776795,520,425,945,248,9,49,23.96,0.9956,0.5579,0.203772,6,19,67,266.12,0.9007,0.1126,0.009097,4.294
776810,520,455,975,177,42,243,310.64,0.9489,0.5305,0.174751,1,13,14,200.60,0.7992,0.0561,0.003260,4.220
776817,520,272,792,211,133,253,312.70,0.9700,0.7015,0.377168,25,71,15,140.42,0.9583,0.2557,0.047475,4.382
776824,520,452,972,178,63,216,316.34,0.8485,0.5291,0.179789,24,12,1,69.85,0.8201,0.0723,0.004593,4.209
776827,520,323,843,248,53,240,330.03,0.9745,0.6500,0.287968,12,50,83,248.95,0.7593,0.2087,0.029837,4.233
776845,520,404,924,203,41,250,316.60,0.9768,0.5757,0.211860,36,26,20,52.41,0.2413,0.1251,0.011644,4.248
776872,520,454,974,196,53,195,328.32,0.8524,0.5333,0.182237,16,3,46,289.54,0.8930,0.0699,0.003725,4.323
776873,520,438,958,236,9,129,358.96,0.9875,0.5516,0.196163,25,14,25,326.63,0.3443,0.0854,0.005910,4.403
776879,520,392,912,202,115,83,40.73,0.6128,0.5882,0.254443,19,41,23,148.51,0.6072,0.1533,0.017861,4.486
776908,520,391,911,191,94,223,316.99,0.7975,0.5933,0.244106,10,38,56,240.54,0.6699,0.1540,0.017362,4.366
776917,520,380,900,240,9,216,334.06,0.9951,0.6028,0.236814,10,43,33,169.61,0.7521,0.1583,0.019020,4.156
776935,520,427,947,237,5,144,354.13,0.9932,0.5587,0.201298,19,5,66,282.24,0.9321,0.0973,0.006403,4.455
776945,520,461,981,216,44,145,350.46,0.8646,0.5344,0.184470,15,6,1,63.97,0.7067,0.0485,0.002340,4.480
776980,520,467,987,189,86,96,16.16,0.6142,0.5178,0.183205,0,10,3,155.06,1.0000,0.0441,0.002236,4.464
776989,520,365,885,238,76,152,355.57,0.8470,0.6079,0.256159,28,36,65,270.67,0.4700,0.1655,0.018902,4.443
776994,520,424,944,232,14,166,346.20,0.9806,0.5607,0.202259,2,25,56,255.88,0.8933,0.1141,0.009936,4.209
777036,520,478,998,182,40,215,318.82,0.9160,0.5139,0.163702,8,0,4,344.76,1.0000,0.0250,0.000604,4.223
777044,520,399,919,183,82,243,310.15,0.9090,0.5795,0.225738,55,18,7,37.41,0.7569,0.1361,0.012603,4.405
777047,520,477,997,211,42,105,4.83,0.8652,0.5078,0.165271,9,0,1,12.98,1.0000,0.0247,0.000603,4.254
777064,520,373,893,204,87,216,323.87,0.8140,0.5978,0.246132,5,27,97,264.51,0.9402,0.1617,0.016791,4.434
777068,520,373,893,238,3,221,332.37,0.9984,0.6012,0.234655,50,20,71,308.37,0.7005,0.1617,0.016334,4.291
777072,520,415,935,208,88,145,353.17,0.6769,0.5693,0.224356,12,32,6,138.76,0.8989,0.1165,0.011243,4.480
777078,520,450,970,233,2,119,1.63,0.9969,0.5404,0.187020,22,8,21,329.62,0.4695,0.0684,0.003984,4.391
777083,520,432,952,197,64,208,324.63,0.8471,0.5542,0.200927,19,24,2,120.11,0.8484,0.0966,0.007961,4.329
777085,520,376,896,243,28,195,340.36,0.9752,0.6013,0.238284,14,25,97,268.46,0.9233,0.1616,0.016516,4.334
777088,520,465,985,155,53,255,300.74,1.0000,0.5193,0.167352,16,8,0,79.57,1.0000,0.0539,0.002838,4.114
777096,520,432,952,189,74,207,322.01,0.8027,0.5525,0.202227,9,27,24,181.66,0.4970,0.1040,0.009079,4.269
777106,520,387,907,234,67,151,354.12,0.8470,0.5907,0.237439,52,22,51,328.53,0.5522,0.1539,0.015430,4.393
777112,520,478,998,160,59,236,305.77,0.9031,0.5148,0.166582,0,1,14,263.36,1.0007,0.0229,0.000534,4.286
777119,520,476,996,216,2,119,358.30,0.9947,0.5053,0.159768,2,2,2,0.00,0.0000,0.0229,0.000607,4.145
777133,520,378,898,253,60,74,22.75,0.9870,0.5987,0.246124,29,26,88,278.34,0.7858,0.1637,0.017045,4.417
777150,520,321,841,249,41,248,328.46,0.9844,0.6498,0.285058,65,31,82,312.99,0.6245,0.2109,0.027131,4.344
777154,520,341,861,250,10,225,334.08,0.9965,0.6266,0.259805,64,40,5,71.46,0.8384,0.1982,0.026187,4.066
777168,520,477,997,204,53,121,357.95,0.8000,0.5094,0.167661,5,0,1,3.86,1.0000,0.0188,0.000345,4.323
777189,520,399,919,206,58,231,321.36,0.9192,0.5787,0.219191,39,25,45,315.36,0.3896,0.1374,0.013161,4.262
777198,520,329,849,255,23,250,329.40,1.0000,0.6544,0.287781,31,41,96,271.65,0.6858,0.2055,0.027216,4.374
777202,520,310,830,250,59,245,329.28,0.9825,0.6607,0.300474,38,48,92,271.73,0.5441,0.2247,0.032986,4.223
777213,520,460,980,228,41,13,31.21,0.9858,0.5267,0.181119,7,14,6,140.79,0.4378,0.0610,0.003724,4.302
777218,520,474,994,167,49,240,307.85,0.9289,0.5186,0.167041,7,0,22,298.02,1.0000,0.0341,0.001031,4.253
777222,520,400,920,230,16,200,335.92,0.9845,0.5762,0.213663,57,8,51,333.58,0.7713,0.1431,0.012827,4.197
777224,520,381,901,209,91,206,328.55,0.7831,0.6049,0.254954,25,38,53,252.58,0.3496,0.1609,0.018499,4.452
777232,520,434,954,242,35,1,31.09,0.9992,0.5518,0.200849,3,4,77,266.58,0.9898,0.0983,0.006420,4.446
777233,520,476,996,207,50,102,6.35,0.8272,0.5057,0.165081,7,0,3,348.27,1.0000,0.0231,0.000518,4.258
777260,520,454,974,223,56,11,33.96,0.9847,0.5291,0.185432,27,8,4,36.88,0.6109,0.0696,0.004155,4.347
777263,520,272,792,255,107,203,343.58,1.0000,0.6966,0.360902,70,58,37,81.03,0.3546,0.2584,0.044619,4.343
777277,520,453,973,205,82,2,43.93,0.9930,0.5271,0.190202,8,18,10,150.10,0.4352,0.0732,0.005061,4.362
777282,520,439,959,151,91,235,299.30,0.8338,0.5454,0.200599,12,24,18,161.86,0.3669,0.0949,0.007751,4.339
777289,520,480,1000,190,63,147,343.90,0.7384,0.5060,0.166104,0,0,0,0.00,0.0000,0.0000,0.000000,4.322
777300,520,279,799,230,110,254,320.69,0.9932,0.6906,0.351324,4,68,57,177.03,0.9591,0.2488,0.044553,4.244
777304,520,369,889,231,54,226,329.37,0.9467,0.6131,0.251207,73,1,55,341.66,0.9424,0.1705,0.017142,4.486
777305,520,474,994,228,30,22,29.09,0.9772,0.5202,0.174834,5,0,20,294.03,1.0000,0.0303,0.000828,4.423
777312,520,472,992,196,45,184,331.72,0.8600,0.5195,0.170749,11,2,1,34.85,0.6703,0.0336,0.001168,4.314
777319,520,451,971,189,57,216,320.17,0.8754,0.5400,0.187043,24,9,6,34.29,0.4636,0.0678,0.004027,4.387
777335,520,430,950,239,38,44,26.51,0.9681,0.5497,0.199221,7,19,51,265.05,0.7667,0.0980,0.007499,4.334
777344,520,461,981,183,58,213,319.02,0.8603,0.5294,0.178987,15,2,26,307.95,0.7948,0.0503,0.002196,4.387
777348,520,369,889,219,86,200,333.67,0.8103,0.6104,0.258878,24,44,43,191.71,0.3516,0.1729,0.021699,4.308
777370,520,405,925,220,47,204,332.45,0.9208,0.5754,0.216105,22,22,67,277.79,0.7147,0.1291,0.011496,4.327
777373,520,363,883,250,0,207,338.53,1.0000,0.6142,0.248322,54,22,72,311.27,0.6798,0.1716,0.018260,4.370
777391,520,414,934,249,26,75,18.65,0.9803,0.5689,0.213901,42,22,21,23.06,0.3660,0.1246,0.011203,4.312
777413,520,441,961,201,83,116,5.45,0.6648,0.5395,0.198668,0,15,57,261.57,1.0000,0.0906,0.006370,4.411
777427,520,382,902,253,21,162,351.97,0.9846,0.6017,0.240311,74,7,15,21.24,0.9064,0.1630,0.016426,4.370
777439,520,475,995,218,48,91,12.26,0.8755,0.5225,0.177772,3,4,7,266.51,0.2430,0.0330,0.001215,4.447
777441,520,376,896,195,87,236,315.43,0.8754,0.5978,0.244758,43,22,72,299.43,0.6833,0.1562,0.015553,4.496
777451,520,334,854,253,94,83,27.35,0.9819,0.6384,0.295160,22,55,0,136.08,1.0000,0.1981,0.029029,4.368
777454,520,411,931,237,43,132,359.61,0.9179,0.5690,0.214013,24,29,7,120.25,0.6446,0.1167,0.010883,4.336
777472,520,393,913,243,43,151,354.25,0.9328,0.5879,0.230200,25,29,52,275.05,0.4178,0.1359,0.013333,4.424
777478,520,359,879,228,70,222,329.56,0.9120,0.6195,0.261505,42,27,90,288.55,0.7316,0.1804,0.020143,4.441
777479,520,359,879,243,55,197,340.24,0.9345,0.6178,0.258212,20,49,29,151.99,0.6766,0.1816,0.024340,4.146
777486,520,316,836,240,73,252,325.06,0.9883,0.6606,0.303211,34,59,14,133.85,0.8787,0.2206,0.034996,4.156
777502,520,196,716,249,150,251,326.32,0.9774,0.7778,0.489195,56,83,55,143.63,0.4440,0.3216,0.073030,4.383
777519,520,402,922,215,24,247,320.70,0.9862,0.5847,0.218176,4,2,102,266.02,0.9974,0.1320,0.010284,4.449
777524,520,464,984,215,62,50,28.79,0.8910,0.5226,0.181251,15,3,23,311.24,0.7063,0.0507,0.002286,4.423
777525,520,431,951,138,104,226,293.23,0.7548,0.5467,0.207949,25,21,23,346.09,0.0918,0.1003,0.008049,4.444
777527,520,475,995,198,65,150,345.20,0.7508,0.5238,0.179902,7,4,1,78.54,0.5590,0.0350,0.001342,4.478
777532,520,370,890,210,68,246,318.58,0.9529,0.6050,0.244913,21,47,21,143.86,0.7478,0.1736,0.022465,4.070
777535,520,387,907,226,27,231,327.08,0.9810,0.5927,0.227245,18,35,50,246.53,0.4472,0.1457,0.015609,4.226
777541,520,379,899,250,12,180,345.92,0.9919,0.6019,0.238856,18,41,31,163.93,0.5173,0.1551,0.018133,4.240
777542,520,464,984,207,75,29,37.88,0.9145,0.5217,0.183885,3,9,11,214.83,0.3867,0.0473,0.002389,4.464
777546,520,422,942,226,53,142,354.50,0.8605,0.5592,0.206706,38,20,10,49.18,0.4954,0.1114,0.009343,4.326
777554,520,279,799,250,103,215,337.95,0.9619,0.6891,0.349336,23,66,66,195.22,0.6311,0.2519,0.044718,4.216
777560,520,412,932,229,18,185,339.88,0.9769,0.5661,0.205961,57,6,6,26.36,0.9039,0.1231,0.010134,4.257
777562,520,380,900,252,62,54,27.92,0.9848,0.5958,0.244107,12,27,96,267.12,0.9191,0.1634,0.017064,4.385
777574,520,409,929,208,92,127,3.49,0.6506,0.5687,0.225985,13,34,18,149.85,0.6602,0.1259,0.012733,4.399
777589,520,270,790,239,120,222,332.95,0.8933,0.7005,0.370598,71,51,85,310.50,0.3936,0.2620,0.043632,4.492
777602,520,453,973,181,87,159,337.03,0.6157,0.5309,0.191446,25,7,16,350.04,0.5034,0.0684,0.003961,4.474
777608,520,415,935,251,21,89,14.58,0.9843,0.5740,0.217705,28,27,32,294.78,0.1050,0.1225,0.011350,4.364
777626,520,411,931,207,48,227,322.87,0.9338,0.5694,0.209271,40,13,49,316.78,0.6697,0.1190,0.009608,4.350
777630,520,418,938,218,84,47,36.04,0.8696,0.5565,0.214537,26,7,79,283.77,0.9283,0.1220,0.009361,4.456
777631,520,421,941,205,46,222,323.61,0.9293,0.5611,0.202088,3,30,25,178.71,0.8514,0.1103,0.010180,4.189
777664,520,475,995,223,37,38,27.25,0.9603,0.5151,0.171539,1,2,14,269.54,0.8187,0.0277,0.000816,4.360
777666,520,269,789,227,131,221,329.34,0.8002,0.7013,0.377857,46,67,11,128.34,0.9003,0.2555,0.046192,4.448
777687,520,387,907,234,25,203,336.09,0.9761,0.5881,0.225022,67,7,6,27.57,0.9258,0.1460,0.013586,4.325
777707,520,26,546,241,249,235,131.45,0.5591,0.9677,0.924501,39,129,78,154.29,0.8972,0.4637,0.166812,4.495
777718,520,397,917,248,39,98,12.65,0.9553,0.5781,0.222928,21,39,4,132.53,0.9282,0.1446,0.016192,4.123
777730,520,365,885,238,51,211,335.05,0.9457,0.6138,0.252507,29,38,59,265.97,0.3695,0.1677,0.019632,4.344
777742,520,460,980,226,28,94,10.21,0.9481,0.5262,0.178103,1,14,3,148.53,0.9577,0.0552,0.003271,4.282
777758,520,456,976,204,51,175,337.00,0.8394,0.5332,0.183021,1,4,49,265.78,0.9757,0.0624,0.003150,4.384
777760,520,366,886,234,39,226,330.17,0.9693,0.6087,0.244370,18,5,119,270.46,0.9924,0.1670,0.015689,4.481
777781,520,478,998,206,61,72,20.89,0.8274,0.5076,0.169294,0,2,6,247.65,1.0000,0.0221,0.000566,4.337
777782,520,387,907,245,64,65,25.54,0.9468,0.5854,0.234643,21,39,19,141.92,0.5930,0.1472,0.016574,4.276
777809,520,181,701,247,161,237,330.96,0.9449,0.7884,0.513802,72,78,90,264.31,0.1325,0.3339,0.075646,4.487
777819,520,411,931,209,11,247,319.30,0.9942,0.5712,0.205118,34,10,62,299.65,0.7966,0.1170,0.009050,4.320
777821,520,420,940,250,22,41,26.06,0.9891,0.5648,0.210616,55,1,14,13.22,0.9576,0.1138,0.008658,4.443
777833,520,459,979,230,36,17,30.23,0.9822,0.5277,0.181282,22,3,29,316.50,0.7601,0.0631,0.003244,4.344
777842,520,409,929,253,5,39,25.79,0.9980,0.5667,0.211415,17,13,82,274.26,0.9312,0.1255,0.010162,4.345
777867,520,456,976,220,27,139,352.73,0.9304,0.5293,0.178661,20,2,24,320.92,0.7722,0.0552,0.002581,4.349
777869,520,441,961,184,48,236,314.07,0.9308,0.5398,0.183615,17,11,51,283.35,0.7619,0.0892,0.005975,4.174
777874,520,449,969,165,69,243,305.20,0.9205,0.5389,0.187272,25,11,7,37.90,0.4247,0.0732,0.004614,4.345
777903,520,468,988,200,73,88,16.74,0.7308,0.5152,0.177510,1,5,13,251.47,0.6602,0.0361,0.001440,4.423
777917,520,364,884,236,28,231,329.47,0.9838,0.6105,0.244355,50,18,87,299.81,0.7961,0.1732,0.017989,4.329
777919,520,112,632,245,201,242,328.37,0.8912,0.8676,0.675976,30,111,34,143.73,0.9657,0.3944,0.117599,4.332
777940,520,458,978,199,33,204,326.84,0.9320,0.5300,0.175912,12,6,35,287.76,0.7296,0.0623,0.003298,4.239
777982,520,478,998,197,60,143,347.44,0.7631,0.5130,0.170870,3,0,7,308.47,1.0000,0.0194,0.000347,4.387
778014,520,311,831,245,68,248,327.31,0.9767,0.6615,0.303267,74,41,18,53.51,0.6316,0.2182,0.030856,4.369
778015,520,446,966,237,3,87,12.91,0.9969,0.5397,0.187610,16,17,17,197.01,0.0239,0.0791,0.005515,4.280
778030,520,443,963,209,81,68,28.68,0.7827,0.5387,0.198597,24,15,2,79.40,0.7386,0.0790,0.005402,4.487
778032,520,137,657,237,194,225,336.29,0.6360,0.8378,0.620254,32,104,37,144.28,0.9504,0.3723,0.103409,4.369
778041,520,396,916,219,9,232,325.21,0.9943,0.5763,0.210838,60,13,15,22.18,0.7635,0.1397,0.012832,4.151
778062,520,431,951,190,82,181,330.86,0.7096,0.5489,0.203193,46,4,23,357.37,0.7865,0.1021,0.007296,4.419
778071,520,388,908,235,2,218,332.42,0.9988,0.5937,0.227702,27,33,62,273.14,0.4777,0.1548,0.016685,4.164
778092,520,404,924,244,45,121,4.87,0.9300,0.5803,0.224936,9,35,29,175.60,0.6550,0.1306,0.013488,4.331
778108,520,444,964,203,63,166,340.23,0.7860,0.5383,0.190066,21,1,56,291.04,0.9712,0.0819,0.004667,4.391
778117,520,407,927,245,12,135,358.73,0.9878,0.5726,0.214281,20,33,6,130.86,0.8090,0.1251,0.012496,4.229
778129,520,429,949,244,25,3,30.13,0.9977,0.5512,0.199384,3,18,54,262.38,0.8941,0.0960,0.007183,4.361
778140,520,368,888,215,88,206,330.49,0.8084,0.6100,0.258846,21,44,33,161.92,0.4925,0.1671,0.020705,4.368
778143,520,398,918,155,107,234,298.42,0.7895,0.5767,0.234247,6,27,79,263.58,0.9077,0.1424,0.013870,4.450
778144,520,469,989,231,15,56,21.70,0.9875,0.5239,0.176192,2,9,5,161.54,0.6052,0.0443,0.002192,4.334
778151,520,440,960,223,8,188,337.54,0.9891,0.5542,0.194950,11,17,37,269.38,0.5188,0.0853,0.006056,4.370
778158,520,408,928,246,12,116,5.10,0.9886,0.5682,0.211202,17,34,29,173.38,0.3889,0.1319,0.013519,4.112
778165,520,478,998,224,27,42,25.41,0.9739,0.5118,0.168012,6,0,1,6.99,1.0000,0.0204,0.000409,4.325
778169,520,400,920,226,4,228,327.88,0.9976,0.5847,0.218594,4,40,25,161.36,0.9238,0.1433,0.016135,4.061
778173,520,370,890,234,58,199,337.55,0.9144,0.6054,0.246447,50,6,98,296.91,0.9372,0.1722,0.016902,4.431
778200,520,345,865,214,106,198,333.19,0.7209,0.6303,0.286832,33,49,2,127.16,0.9663,0.1860,0.025243,4.477
778204,520,455,975,221,58,66,23.23,0.8883,0.5325,0.187943,15,9,8,30.31,0.1917,0.0574,0.003145,4.477
778211,520,369,889,236,88,113,13.54,0.8215,0.6066,0.260074,30,43,36,160.99,0.2498,0.1716,0.021311,4.348
778215,520,472,992,205,41,165,340.42,0.8647,0.5215,0.172836,4,2,7,305.39,0.4605,0.0281,0.000846,4.383
778217,520,388,908,246,50,135,0.75,0.9264,0.5924,0.236266,4,36,60,245.53,0.8172,0.1484,0.016137,4.328
778218,520,387,907,189,84,239,312.92,0.8889,0.5875,0.233925,27,4,105,277.65,0.9846,0.1528,0.013397,4.479
778225,520,462,982,231,16,95,9.92,0.9779,0.5322,0.181887,19,6,2,47.01,0.6200,0.0537,0.002731,4.398
778229,520,242,762,219,146,236,319.88,0.8037,0.7255,0.416752,55,72,42,132.49,0.4506,0.2838,0.056141,4.397
778244,520,352,872,187,117,221,313.79,0.7118,0.6246,0.285087,18,51,30,153.34,0.7467,0.1874,0.025899,4.415
778247,520,425,945,242,50,48,27.24,0.9536,0.5648,0.213752,15,28,16,146.27,0.4618,0.1081,0.009695,4.418
778251,520,385,905,230,28,223,329.99,0.9784,0.5947,0.229837,36,31,44,302.20,0.2354,0.1474,0.015369,4.281
778253,520,384,904,245,0,181,344.48,1.0000,0.5906,0.227519,51,19,51,327.45,0.6010,0.1472,0.014087,4.330
778254,520,418,938,246,27,57,23.05,0.9812,0.5602,0.206756,50,7,43,335.37,0.7553,0.1239,0.010046,4.276
778276,520,336,856,200,109,246,312.90,0.9073,0.6433,0.298715,37,50,47,179.32,0.1892,0.2029,0.028797,4.425
778305,520,428,948,193,90,170,336.69,0.6556,0.5596,0.215535,12,27,20,162.94,0.4382,0.1043,0.009125,4.491
778311,520,469,989,175,36,238,311.35,0.9537,0.5192,0.165497,4,5,22,275.43,0.6476,0.0440,0.001923,4.150
778313,520,352,872,235,85,164,351.24,0.8195,0.6182,0.268422,86,4,29,11.69,0.9283,0.1906,0.021543,4.451
778315,520,330,850,216,94,240,320.74,0.9115,0.6399,0.288973,58,42,62,319.46,0.3065,0.2112,0.029033,4.289
778317,520,321,841,217,125,145,6.56,0.5727,0.6454,0.314651,16,57,42,165.50,0.7689,0.2101,0.032035,4.445
778352,520,453,973,183,73,181,328.38,0.7351,0.5255,0.181698,20,2,46,296.10,0.9123,0.0724,0.003894,4.299
778371,520,472,992,115,93,241,284.43,0.8855,0.5156,0.178241,1,1,24,269.86,0.9694,0.0315,0.000941,4.480
778378,520,396,916,222,71,158,349.00,0.8000,0.5765,0.225071,32,25,64,288.25,0.5927,0.1423,0.013725,4.317
778383,520,385,905,177,123,141,357.62,0.3368,0.5852,0.254370,12,43,5,140.03,0.9660,0.1528,0.018168,4.465
778386,520,444,964,232,51,29,30.77,0.9627,0.5436,0.196152,17,14,33,289.17,0.4599,0.0809,0.005430,4.441
778400,520,344,864,253,76,122,9.63,0.9744,0.6251,0.274601,11,49,67,233.42,0.7357,0.1945,0.026729,4.230
778401,520,39,559,239,239,252,286.07,0.6743,0.9486,0.871119,40,128,10,140.03,0.9927,0.4518,0.159108,4.405
778407,520,392,912,182,90,248,308.01,0.9316,0.5928,0.240355,38,25,63,296.86,0.5739,0.1483,0.014662,4.490
778410,520,444,964,225,58,75,20.48,0.8854,0.5420,0.195444,37,2,10,9.85,0.8439,0.0772,0.004587,4.496
778411,520,447,967,218,18,169,342.04,0.9628,0.5364,0.182050,14,16,34,277.26,0.4466,0.0833,0.005794,4.159
778439,520,452,972,180,13,251,310.57,0.9914,0.5286,0.169572,18,8,25,310.03,0.5058,0.0656,0.003725,4.087
778444,520,329,849,248,107,68,36.28,0.9364,0.6463,0.308924,13,58,9,141.94,0.9719,0.2054,0.031313,4.414
778457,520,374,894,231,64,190,339.68,0.8830,0.6006,0.243760,37,28,67,291.30,0.5632,0.1566,0.016291,4.431
778458,520,415,935,216,64,186,337.00,0.8400,0.5725,0.218130,55,7,17,13.74,0.7974,0.1224,0.010048,4.465
778460,520,308,828,224,125,183,345.11,0.6691,0.6695,0.339353,22,61,63,199.89,0.6018,0.2342,0.038668,4.391
778461,520,423,943,245,2,83,15.03,0.9984,0.5555,0.200839,40,19,11,41.39,0.5054,0.1126,0.009411,4.222
778477,520,436,956,214,44,179,338.30,0.8874,0.5479,0.193544,23,20,15,80.52,0.1622,0.0929,0.007170,4.260
778484,520,359,879,212,78,246,318.75,0.9487,0.6185,0.261013,27,36,83,271.65,0.6585,0.1791,0.021192,4.369
778496,520,360,880,244,21,221,333.74,0.9893,0.6158,0.249928,68,28,31,17.17,0.5353,0.1836,0.021586,4.190
778502,520,258,778,224,140,206,335.04,0.6864,0.7064,0.390613,56,68,6,120.74,0.9262,0.2672,0.049881,4.411
778514,520,421,941,210,2,232,322.99,0.9985,0.5594,0.195731,34,13,45,312.41,0.6342,0.1073,0.008174,4.224
778516,520,418,938,171,85,227,309.41,0.8181,0.5555,0.207017,51,9,11,22.13,0.7785,0.1155,0.009235,4.339
778519,520,476,996,206,64,77,19.63,0.8069,0.5121,0.173266,3,0,11,298.58,1.0000,0.0218,0.000435,4.427
778545,520,465,985,222,33,103,6.70,0.9227,0.5232,0.175993,13,1,30,300.12,0.9014,0.0488,0.002010,4.345
778551,520,457,977,224,48,85,15.24,0.8973,0.5330,0.186198,5,8,38,271.48,0.8183,0.0631,0.003459,4.418
778552,520,447,967,195,66,184,331.44,0.7874,0.5381,0.189608,31,0,39,319.02,1.0000,0.0780,0.004378,4.406
778560,520,321,841,249,74,209,338.62,0.9608,0.6510,0.296437,24,59,0,136.11,1.0000,0.2128,0.033220,4.163
778562,520,480,1000,185,19,215,320.15,0.9694,0.5078,0.156877,0,0,0,0.00,0.0000,0.0000,0.000000,4.138
778582,520,466,986,201,81,11,43.43,0.9618,0.5186,0.183285,12,8,4,74.23,0.3079,0.0509,0.002606,4.435
778611,520,477,997,161,65,215,310.52,0.8301,0.5056,0.162647,0,0,15,264.05,1.0000,0.0196,0.000345,4.224
778619,520,332,852,231,114,114,21.59,0.7368,0.6381,0.302409,32,54,19,135.30,0.7522,0.2035,0.029924,4.409
778622,520,463,983,236,2,2,29.17,0.9991,0.5274,0.178839,1,9,27,257.04,0.8378,0.0536,0.002809,4.333
778667,520,324,844,252,55,230,333.40,0.9867,0.6521,0.291441,49,30,111,286.98,0.7889,0.2143,0.027292,4.418
778674,520,329,849,246,43,251,327.09,0.9878,0.6478,0.282884,37,16,135,276.90,0.9638,0.2126,0.025130,4.431
778701,520,359,879,248,22,221,334.63,0.9898,0.6233,0.257538,20,33,96,268.89,0.8453,0.1800,0.020809,4.343
778703,520,290,810,232,123,192,343.02,0.7533,0.6813,0.351296,35,65,31,141.46,0.7008,0.2437,0.042367,4.345
778732,520,436,956,243,10,51,23.35,0.9944,0.5476,0.195142,40,8,16,8.24,0.6585,0.0944,0.006623,4.329
778736,520,470,990,203,57,147,347.23,0.7900,0.5225,0.177313,16,1,11,339.54,0.7615,0.0411,0.001560,4.409
778737,520,443,963,239,15,33,26.70,0.9920,0.5385,0.188055,35,4,28,337.91,0.7407,0.0842,0.005281,4.306
778741,520,374,894,250,23,167,349.90,0.9797,0.5987,0.237302,54,10,74,312.32,0.8202,0.1577,0.014958,4.423
778773,520,467,987,147,67,248,298.28,0.9511,0.5175,0.169949,2,5,14,260.93,0.5436,0.0376,0.001531,4.268
778782,520,412,932,230,62,118,5.55,0.8476,0.5665,0.215790,55,11,4,33.05,0.8767,0.1249,0.010605,4.386
778787,520,311,831,237,82,244,326.06,0.9565,0.6598,0.305731,22,49,90,258.61,0.6723,0.2154,0.031052,4.389
778802,520,358,878,254,5,204,340.18,0.9978,0.6208,0.255424,76,19,27,16.38,0.7306,0.1833,0.020816,4.313
778820,520,442,962,202,69,158,343.38,0.7523,0.5394,0.192833,10,9,55,274.78,0.8870,0.0844,0.005357,4.387
778832,520,398,918,247,61,8,33.94,0.9935,0.5819,0.231327,17,13,97,272.01,0.9615,0.1443,0.012700,4.487
778839,520,463,983,213,55,124,358.93,0.8157,0.5295,0.183361,6,0,41,278.69,1.0000,0.0499,0.001988,4.489
778843,520,463,983,233,11,81,14.56,0.9882,0.5316,0.181602,10,7,2,88.42,0.4947,0.0460,0.002209,4.436
778848,520,163,683,252,166,250,327.58,0.9828,0.8097,0.548719,56,93,0,131.20,1.0000,0.3456,0.086693,4.380
778852,520,479,999,179,12,237,313.30,0.9889,0.5143,0.159622,1,0,6,289.16,1.0000,0.0150,0.000196,4.176
778858,520,353,873,247,56,183,345.40,0.9409,0.6187,0.260245,60,34,30,29.32,0.3766,0.1822,0.021986,4.310
778859,520,450,970,205,38,199,329.85,0.9176,0.5400,0.184908,30,8,6,28.35,0.6035,0.0748,0.004629,4.300
778878,520,384,904,243,27,171,347.31,0.9693,0.5886,0.227820,29,35,50,267.46,0.2799,0.1541,0.016935,4.151
778886,520,461,981,182,32,237,313.78,0.9617,0.5269,0.170937,17,7,6,27.45,0.3417,0.0547,0.002843,4.181
778890,520,353,873,240,98,37,40.77,0.9382,0.6156,0.273972,7,38,92,260.73,0.9020,0.1822,0.022040,4.497
778897,520,479,999,216,36,80,14.58,0.9199,0.5067,0.164424,0,0,3,264.05,1.0000,0.0094,0.000066,4.283
778903,520,447,967,214,9,190,334.76,0.9853,0.5388,0.182114,22,17,14,52.80,0.1524,0.0842,0.006032,4.143
778911,520,403,923,222,0,231,326.22,1.0000,0.5790,0.213014,54,11,20,12.02,0.7134,0.1263,0.010742,4.330
778949,520,359,879,235,86,157,354.17,0.8121,0.6167,0.267548,44,42,10,105.73,0.7081,0.1766,0.022133,4.402
778967,520,320,840,253,73,185,346.92,0.9802,0.6452,0.291538,14,57,38,160.60,0.8391,0.2081,0.031594,4.186
778975,520,51,571,248,234,229,40.80,0.4809,0.9380,0.844597,40,125,8,139.80,0.9937,0.4419,0.151353,4.443
778978,520,464,984,181,90,126,356.61,0.5496,0.5214,0.186438,10,9,9,17.37,0.0320,0.0529,0.002796,4.478
778983,520,420,940,225,6,194,336.34,0.9929,0.5611,0.200354,34,10,53,306.15,0.7459,0.1090,0.008142,4.306
778996,520,411,931,249,38,73,20.12,0.9682,0.5744,0.220106,4,28,58,255.27,0.8230,0.1246,0.011617,4.384
778997,520,456,976,228,42,44,26.74,0.9535,0.5296,0.183347,30,2,2,26.25,0.8983,0.0621,0.003239,4.383
778999,520,416,936,194,85,204,324.23,0.7650,0.5727,0.223273,27,28,23,116.36,0.1173,0.1207,0.011254,4.461
779017,520,454,974,160,89,210,308.94,0.7296,0.5348,0.192720,26,11,3,53.56,0.6291,0.0735,0.004656,4.441
779046,520,405,925,228,41,194,337.28,0.9357,0.5797,0.219774,33,3,85,288.66,0.9658,0.1320,0.010443,4.463
779049,520,477,997,222,32,58,21.82,0.9565,0.5124,0.168709,1,0,11,279.92,1.0000,0.0185,0.000306,4.348
779057,520,248,768,200,151,245,307.32,0.8166,0.7177,0.410057,69,63,72,314.61,0.1137,0.2824,0.052881,4.472
779089,520,467,987,177,59,218,315.71,0.8644,0.5249,0.175380,0,8,15,232.77,1.0000,0.0437,0.002081,4.327
779090,520,459,979,186,59,210,320.76,0.8531,0.5329,0.182215,13,0,44,288.43,1.0000,0.0592,0.002674,4.409
779097,520,330,850,251,9,245,329.67,0.9978,0.6410,0.273002,66,21,95,308.43,0.7825,0.2080,0.025209,4.295
779112,520,422,942,217,26,201,332.49,0.9614,0.5564,0.197098,36,21,17,35.57,0.3226,0.1123,0.009519,4.152
779114,520,431,951,238,9,124,1.01,0.9885,0.5538,0.198309,30,6,52,303.23,0.8128,0.0970,0.006542,4.392
779126,520,409,929,214,36,218,327.19,0.9529,0.5672,0.206219,0,6,100,264.20,0.9931,0.1317,0.010502,4.235
779135,520,429,949,233,47,60,23.70,0.9402,0.5457,0.196860,37,8,33,333.43,0.6614,0.0967,0.006768,4.349
779139,520,422,942,211,71,161,344.91,0.7711,0.5587,0.209306,17,24,37,262.38,0.3344,0.1070,0.009060,4.391
779151,520,475,995,162,64,227,308.07,0.8652,0.5155,0.168949,4,0,23,286.41,1.0000,0.0314,0.000877,4.304
779156,520,466,986,216,17,147,348.73,0.9569,0.5211,0.171088,24,1,4,13.34,0.8576,0.0504,0.002247,4.232
779158,520,479,999,226,21,8,29.65,0.9919,0.5111,0.167256,1,0,4,296.85,1.0000,0.0133,0.000152,4.332
779160,520,441,961,209,87,44,38.89,0.8472,0.5445,0.205557,15,23,7,130.41,0.5743,0.0915,0.007297,4.460
779177,520,470,990,99,94,254,277.89,0.9922,0.5155,0.178132,3,5,19,270.85,0.6132,0.0413,0.001749,4.408
779183,520,404,924,215,22,236,323.20,0.9843,0.5757,0.210790,35,30,0,100.47,1.0000,0.1304,0.012859,4.149
779190,520,475,995,233,2,46,23.62,0.9986,0.5238,0.175675,4,1,18,289.61,0.8483,0.0308,0.000912,4.433
779194,520,454,974,228,33,58,22.30,0.9605,0.5256,0.178901,8,16,6,138.59,0.4992,0.0669,0.004353,4.211
779236,520,445,965,224,27,149,350.17,0.9389,0.5416,0.188037,4,12,54,267.03,0.9127,0.0844,0.005551,4.285
779237,520,425,945,248,25,51,24.31,0.9850,0.5628,0.208943,31,11,54,300.99,0.7401,0.1073,0.007970,4.467
779250,520,467,987,201,16,189,331.65,0.9652,0.5160,0.164641,12,4,4,20.07,0.3756,0.0413,0.001738,4.149
779294,520,430,950,220,70,77,22.09,0.8356,0.5459,0.201343,4,23,49,256.12,0.7833,0.1044,0.008603,4.289
779315,520,470,990,211,27,164,342.02,0.9249,0.5239,0.173153,6,3,18,292.40,0.6444,0.0386,0.001475,4.335
779317,520,359,879,234,18,250,324.71,0.9938,0.6170,0.248296,13,14,127,267.75,0.9851,0.1844,0.019318,4.303
779332,520,436,956,166,82,228,307.63,0.8273,0.5452,0.197436,17,7,61,281.31,0.8954,0.0929,0.006080,4.412
779338,520,430,950,196,10,246,316.11,0.9936,0.5488,0.186081,1,28,18,165.81,0.9624,0.1004,0.008806,4.015
779350,520,422,942,189,90,181,330.53,0.6715,0.5592,0.214687,28,16,55,293.53,0.6686,0.1126,0.008933,4.491
779352,520,407,927,220,75,126,2.49,0.7676,0.5652,0.217566,7,29,56,255.09,0.7300,0.1272,0.012094,4.309
779382,520,324,844,254,11,253,328.56,0.9979,0.6519,0.284051,15,59,14,142.82,0.9572,0.2102,0.032611,4.044
779383,520,434,954,218,73,78,22.41,0.8179,0.5461,0.202230,30,14,45,305.48,0.6116,0.1037,0.007796,4.364
779385,520,435,955,229,60,28,32.61,0.9587,0.5460,0.199765,1,8,69,264.92,0.9770,0.0927,0.006097,4.452
779391,520,475,995,222,43,63,21.68,0.9294,0.5206,0.176190,0,1,26,264.16,0.9853,0.0320,0.000963,4.438
779397,520,419,939,206,22,241,319.74,0.9839,0.5644,0.200482,10,24,53,262.96,0.6771,0.1133,0.009748,4.192
779410,520,259,779,243,149,66,58.68,0.8709,0.7130,0.409454,0,78,31,149.61,1.0000,0.2750,0.055475,4.356
779412,520,14,534,237,254,232,138.56,0.8775,0.9751,0.947139,41,133,21,140.78,0.9838,0.4689,0.173000,4.471
779413,520,461,981,222,30,116,1.66,0.9265,0.5258,0.177218,19,3,19,327.68,0.6709,0.0534,0.002506,4.327
779415,520,427,947,214,58,177,339.28,0.8404,0.5583,0.204987,12,21,37,261.33,0.4493,0.0957,0.007480,4.436
779426,520,463,983,184,14,241,313.83,0.9884,0.5262,0.168565,26,0,12,352.38,1.0000,0.0541,0.002462,4.166
779434,520,46,566,254,234,206,76.36,0.8516,0.9370,0.843735,37,124,37,143.06,0.9622,0.4397,0.149416,4.482
779448,520,441,961,196,70,173,335.72,0.7556,0.5382,0.191349,33,13,22,352.72,0.4451,0.0931,0.006691,4.257
779457,520,347,867,251,25,214,337.06,0.9873,0.6256,0.260627,16,19,124,268.65,0.9736,0.1873,0.020310,4.418
779458,520,356,876,235,55,219,332.19,0.9430,0.6163,0.255116,11,50,31,158.20,0.8588,0.1813,0.024512,4.095
779460,520,476,996,184,34,216,319.33,0.9349,0.5140,0.162936,1,0,15,275.86,1.0000,0.0213,0.000409,4.224
779468,520,476,996,224,19,72,16.76,0.9748,0.5131,0.167838,5,0,5,328.36,1.0000,0.0213,0.000432,4.319
779476,520,405,925,211,49,229,323.45,0.9381,0.5782,0.217045,52,18,25,9.43,0.5573,0.1348,0.012330,4.284
779482,520,429,949,240,34,52,24.46,0.9711,0.5504,0.199206,45,8,16,11.32,0.7075,0.1037,0.007691,4.320
779496,520,449,969,211,21,188,334.59,0.9591,0.5354,0.180182,33,0,15,355.05,1.0000,0.0676,0.003579,4.296
779500,520,289,809,233,108,239,325.74,0.9198,0.6831,0.342828,74,49,50,16.51,0.2704,0.2449,0.038829,4.422
779524,520,464,984,196,41,191,329.61,0.8851,0.5210,0.170849,12,1,31,297.08,0.9108,0.0485,0.001988,4.248
779539,520,392,912,246,69,16,34.95,0.9856,0.5882,0.238899,37,26,60,296.49,0.5296,0.1469,0.014584,4.473
779550,520,470,990,150,74,233,301.51,0.8645,0.5172,0.172651,1,6,4,170.95,0.6614,0.0352,0.001455,4.327
779575,520,425,945,205,21,244,318.82,0.9857,0.5648,0.200488,49,9,23,2.96,0.7002,0.1149,0.009103,4.238
779576,520,414,934,224,29,206,332.89,0.9644,0.5735,0.211846,42,19,34,341.69,0.4496,0.1235,0.010735,4.311
779580,520,397,917,234,13,195,338.20,0.9881,0.5799,0.217232,32,33,14,111.24,0.4737,0.1377,0.014265,4.158
779615,520,386,906,210,57,241,320.10,0.9392,0.5914,0.229805,38,6,91,290.05,0.9396,0.1485,0.012976,4.443
779629,520,472,992,202,62,128,355.54,0.7613,0.5179,0.175623,2,3,2,145.00,0.2071,0.0264,0.000824,4.439
779650,520,407,927,249,35,8,30.57,0.9945,0.5667,0.213630,29,7,83,285.06,0.9309,0.1298,0.010377,4.366
779651,520,476,996,187,71,155,340.03,0.7050,0.5149,0.174393,2,1,5,297.38,0.5651,0.0207,0.000456,4.447
779659,520,252,772,247,149,65,57.69,0.9051,0.7187,0.416533,23,75,42,152.35,0.8742,0.2731,0.053813,4.494
779665,520,480,1000,179,37,221,316.49,0.9318,0.5118,0.161284,0,0,0,0.00,0.0000,0.0000,0.000000,4.226
779672,520,371,891,252,32,180,346.65,0.9785,0.6121,0.250272,25,37,67,266.14,0.5115,0.1673,0.019350,4.330
779678,520,477,997,197,77,51,33.84,0.8061,0.5084,0.174190,4,0,5,323.04,1.0000,0.0198,0.000368,4.451
779682,520,464,984,224,41,67,20.33,0.9333,0.5239,0.178412,3,12,8,167.98,0.5354,0.0534,0.002998,4.310
779684,520,412,932,231,67,95,15.51,0.8550,0.5672,0.218323,44,14,35,340.54,0.5812,0.1183,0.009710,4.494
779698,520,396,916,235,73,93,17.87,0.8618,0.5810,0.232205,27,34,37,225.63,0.1368,0.1429,0.015106,4.335
779720,520,422,942,212,25,216,327.26,0.9697,0.5572,0.196522,30,24,11,85.58,0.4098,0.1102,0.009535,4.141
779727,520,379,899,245,58,148,356.68,0.9137,0.6015,0.245799,63,24,1,48.31,0.9413,0.1611,0.017124,4.407
779737,520,387,907,242,45,159,351.49,0.9287,0.5906,0.232603,70,5,16,18.58,0.9114,0.1522,0.014483,4.383
779740,520,449,969,237,15,52,23.01,0.9897,0.5362,0.185974,22,0,40,305.66,1.0000,0.0657,0.003238,4.432
779754,520,451,971,218,35,170,342.01,0.9146,0.5445,0.190121,26,7,16,351.75,0.5175,0.0698,0.004090,4.439
779773,520,428,948,185,64,243,312.03,0.9307,0.5614,0.204532,24,17,34,302.25,0.3928,0.0952,0.007106,4.457
779793,520,362,882,243,76,121,8.63,0.8828,0.6065,0.256072,69,27,28,20.63,0.5717,0.1827,0.021331,4.291
779818,520,418,938,251,14,15,28.80,0.9949,0.5629,0.208615,52,6,27,357.43,0.7682,0.1184,0.009396,4.354
779825,520,365,885,245,58,176,347.25,0.9237,0.6133,0.255763,59,31,27,28.92,0.4218,0.1731,0.019890,4.375
779843,520,380,900,252,33,147,356.83,0.9751,0.5983,0.238933,62,18,49,341.04,0.6505,0.1635,0.016786,4.326
779857,520,420,940,228,41,151,350.95,0.9056,0.5579,0.203169,1,31,29,188.63,0.9470,0.1139,0.010751,4.167
779859,520,381,901,224,84,171,345.58,0.7778,0.6015,0.251305,34,40,28,129.48,0.2528,0.1637,0.019415,4.341
779869,520,418,938,207,81,160,345.01,0.7198,0.5641,0.216902,18,24,58,272.53,0.6277,0.1225,0.010873,4.385
779881,520,441,961,207,33,199,330.42,0.9337,0.5406,0.184786,11,18,41,268.80,0.5695,0.0904,0.006638,4.145
779888,520,438,958,196,7,247,315.92,0.9956,0.5491,0.186046,25,20,3,94.61,0.7175,0.0924,0.007136,4.131
779891,520,343,863,236,31,254,324.21,0.9966,0.6275,0.259711,59,6,98,303.75,0.9279,0.1854,0.019420,4.461
779892,520,408,928,190,106,132,0.96,0.4987,0.5661,0.229225,32,29,20,91.81,0.2260,0.1280,0.012363,4.477
779895,520,442,962,213,62,134,355.59,0.7920,0.5404,0.193149,24,12,13,14.03,0.3014,0.0754,0.004862,4.432
779898,520,441,961,164,94,191,315.87,0.6389,0.5360,0.196602,19,22,1,116.25,0.9057,0.0908,0.007145,4.315
779906,520,332,852,252,66,184,346.64,0.9729,0.6364,0.280558,27,51,44,173.35,0.4129,0.1972,0.027824,4.247
779907,520,307,827,245,107,179,350.30,0.8665,0.6705,0.331853,11,58,86,240.52,0.7933,0.2341,0.037690,4.355
779924,520,374,894,235,42,205,335.89,0.9519,0.5992,0.237286,47,7,92,296.99,0.9190,0.1623,0.015290,4.400
779936,520,429,949,239,35,84,15.74,0.9556,0.5543,0.201961,35,12,25,346.91,0.5090,0.0957,0.006905,4.428
779941,520,470,990,179,39,228,314.74,0.9367,0.5188,0.166373,14,0,24,311.09,1.0000,0.0431,0.001593,4.194
779948,520,480,1000,160,26,254,303.75,0.9952,0.5064,0.153687,0,0,0,0.00,0.0000,0.0000,0.000000,4.074
779962,520,389,909,191,84,232,315.31,0.8587,0.5854,0.232443,5,35,64,251.13,0.8062,0.1489,0.016044,4.277
779975,520,431,951,204,89,87,23.44,0.6852,0.5459,0.206722,36,17,21,6.70,0.3791,0.1050,0.008302,4.403
779976,520,376,896,210,57,251,317.82,0.9796,0.5988,0.235946,69,0,47,345.81,1.0000,0.1565,0.014707,4.419
779977,520,293,813,249,107,184,349.25,0.9151,0.6789,0.341187,46,54,79,270.22,0.3238,0.2384,0.037836,4.454
779993,520,441,961,143,85,255,293.74,1.0000,0.5435,0.195567,15,18,43,275.60,0.5505,0.0947,0.007086,4.302
779997,520,467,987,218,53,45,28.14,0.9212,0.5185,0.176437,2,8,13,234.06,0.5226,0.0448,0.002156,4.342
780001,520,249,769,241,137,191,348.57,0.7860,0.7177,0.403559,6,66,118,251.24,0.9115,0.2799,0.052429,4.428
780015,520,372,892,233,82,150,356.05,0.8055,0.6055,0.255629,40,38,37,48.59,0.0333,0.1673,0.019709,4.384
780032,520,477,997,179,95,10,56.35,0.9381,0.5051,0.177914,4,2,0,82.32,1.0000,0.0247,0.000692,4.496
780049,520,432,952,235,53,15,32.61,0.9843,0.5507,0.202460,28,5,64,293.18,0.8945,0.1047,0.007256,4.409
780060,520,324,844,254,20,249,329.41,0.9968,0.6512,0.284138,4,59,14,145.45,0.9888,0.2067,0.031853,4.082
780064,520,466,986,220,25,116,0.98,0.9386,0.5193,0.171745,0,6,34,261.70,1.0000,0.0513,0.002457,4.227
780070,520,457,977,209,61,127,357.52,0.7838,0.5293,0.184273,20,9,13,356.24,0.3167,0.0646,0.003732,4.360
780091,520,389,909,255,16,132,1.55,1.0000,0.5927,0.233002,1,31,80,259.31,0.9769,0.1507,0.015655,4.310
780099,520,390,910,254,44,60,24.23,0.9949,0.5864,0.232022,10,42,4,140.34,0.9736,0.1484,0.017292,4.191
780103,520,397,917,255,32,65,22.03,1.0000,0.5824,0.226785,45,26,28,12.68,0.3098,0.1403,0.013806,4.338
780110,520,434,954,212,33,193,333.45,0.9330,0.5457,0.189371,31,5,51,305.74,0.8258,0.0960,0.006389,4.245
780111,520,367,887,255,40,156,354.84,1.0000,0.6112,0.251815,4,32,92,262.27,0.9480,0.1666,0.018314,4.418
780115,520,418,938,213,1,224,325.65,0.9991,0.5584,0.195517,26,30,17,122.27,0.3342,0.1236,0.011886,3.967
780117,520,350,870,240,53,236,329.10,0.9644,0.6340,0.271302,31,22,119,275.55,0.9313,0.1942,0.021969,4.464
780123,520,471,991,232,5,9,28.81,0.9975,0.5196,0.172872,2,1,37,270.27,0.9849,0.0443,0.001682,4.312
780127,520,438,958,220,34,167,343.45,0.9191,0.5461,0.191522,3,6,66,267.09,0.9768,0.0872,0.005429,4.357
780131,520,407,927,217,43,211,329.76,0.9343,0.5719,0.211847,27,14,78,283.32,0.8571,0.1308,0.010971,4.295
780139,520,377,897,244,57,159,352.60,0.9108,0.6032,0.246657,15,46,7,139.81,0.9543,0.1647,0.020708,4.196
780146,520,362,882,220,89,189,337.91,0.7788,0.6101,0.260366,43,15,108,286.72,0.9064,0.1835,0.019379,4.473
780175,520,409,929,190,64,243,313.56,0.9326,0.5687,0.210862,4,36,31,180.55,0.8499,0.1322,0.013864,4.085
780194,520,427,947,198,26,248,316.00,0.9810,0.5586,0.195233,42,12,1,44.27,0.8998,0.1008,0.007575,4.259
780202,520,460,980,199,76,120,1.12,0.6901,0.5273,0.186689,9,4,41,281.14,0.8757,0.0609,0.003050,4.462
780206,520,462,982,229,30,82,14.86,0.9538,0.5305,0.181987,6,4,34,278.79,0.8458,0.0523,0.002410,4.426
780215,520,425,945,248,31,18,29.55,0.9870,0.5629,0.209837,7,31,2,139.29,0.9755,0.1099,0.010295,4.309
780237,520,304,824,231,125,155,2.97,0.6811,0.6691,0.340249,1,63,48,170.59,0.9901,0.2279,0.037747,4.447
780259,520,405,925,208,93,148,352.58,0.6568,0.5780,0.233786,32,31,24,100.59,0.1574,0.1346,0.013530,4.467
780266,520,352,872,249,80,106,15.80,0.9373,0.6181,0.269210,13,36,106,265.17,0.9023,0.1939,0.023878,4.321
780282,520,378,898,228,0,241,325.36,1.0000,0.5967,0.228472,57,28,12,48.04,0.6284,0.1599,0.017270,4.140
780283,520,431,951,195,15,243,316.44,0.9892,0.5459,0.184162,12,1,77,273.45,0.9950,0.0995,0.006356,4.155
780285,520,380,900,251,67,37,31.92,0.9807,0.5971,0.246607,35,35,55,283.59,0.3179,0.1628,0.018352,4.339
780302,520,315,835,185,130,250,303.40,0.8975,0.6635,0.331821,19,60,43,162.98,0.7453,0.2217,0.035444,4.469
780309,520,446,966,199,52,205,326.33,0.8787,0.5441,0.190075,14,19,4,123.53,0.6322,0.0789,0.005679,4.312
780321,520,358,878,208,85,241,318.45,0.9159,0.6174,0.262593,56,18,90,303.50,0.8001,0.1846,0.020116,4.458
780335,520,452,972,213,72,10,38.73,0.9779,0.5279,0.188052,13,11,27,287.82,0.4424,0.0675,0.004040,4.405
780336,520,452,972,201,86,56,35.66,0.7774,0.5303,0.193606,21,13,13,18.61,0.2039,0.0738,0.004763,4.448
780349,520,458,978,183,22,246,312.33,0.9818,0.5316,0.172960,24,0,30,319.99,1.0000,0.0606,0.002880,4.216
780353,520,429,949,233,29,110,5.73,0.9497,0.5456,0.193312,42,12,8,30.05,0.6714,0.1022,0.007728,4.215
780362,520,461,981,236,19,23,28.19,0.9895,0.5326,0.183637,17,6,11,350.11,0.3850,0.0541,0.002736,4.430
780367,520,363,883,252,62,112,10.98,0.9707,0.6067,0.253141,71,20,15,28.82,0.7673,0.1720,0.018746,4.410
780370,520,342,862,241,25,244,327.62,0.9905,0.6268,0.259304,9,54,30,155.17,0.9230,0.1940,0.027900,3.971
780372,520,297,817,238,89,254,323.72,0.9953,0.6753,0.324799,76,47,44,26.05,0.3302,0.2412,0.037516,4.283
780390,520,432,952,245,6,10,28.83,0.9976,0.5480,0.195682,14,21,35,263.50,0.3797,0.0959,0.007510,4.272
780433,520,475,995,183,12,232,315.59,0.9878,0.5164,0.161576,8,1,1,23.39,0.6912,0.0269,0.000755,4.169
780436,520,406,926,225,20,219,329.79,0.9836,0.5804,0.216247,31,9,81,287.21,0.9007,0.1320,0.010807,4.379
780447,520,350,870,186,109,253,306.27,0.9684,0.6302,0.284689,17,53,20,145.00,0.9039,0.1914,0.027158,4.338
780450,520,410,930,251,32,3,30.58,0.9980,0.5692,0.215525,57,11,28,2.05,0.7136,0.1349,0.011932,4.287
780461,520,392,912,245,71,19,35.16,0.9815,0.5886,0.239693,32,36,5,116.28,0.7979,0.1450,0.015798,4.403
780475,520,455,975,181,63,212,318.41,0.8410,0.5308,0.181334,14,2,42,289.96,0.9125,0.0622,0.003039,4.362
780476,520,434,954,206,0,223,324.10,1.0000,0.5453,0.184514,45,8,17,9.59,0.7034,0.1040,0.007721,4.063
780482,520,382,902,254,27,141,358.87,0.9915,0.5974,0.237814,18,44,31,160.10,0.5865,0.1647,0.020288,4.095
780495,520,453,973,130,94,237,290.33,0.8445,0.5287,0.188655,8,9,38,275.97,0.7327,0.0673,0.003869,4.430
780496,520,433,953,160,86,236,303.18,0.8525,0.5494,0.201857,31,5,52,304.93,0.8311,0.0969,0.006478,4.459
780510,520,480,1000,219,31,81,14.09,0.9382,0.5101,0.166368,0,0,0,0.00,0.0000,0.0000,0.000000,4.327
780513,520,387,907,246,58,99,14.19,0.9331,0.5882,0.235232,56,17,49,335.21,0.6419,0.1513,0.014635,4.413
780520,520,358,878,224,73,223,328.18,0.9016,0.6166,0.259422,58,32,43,353.34,0.3673,0.1792,0.021071,4.354
780546,520,422,942,246,24,37,26.73,0.9869,0.5568,0.203832,37,20,23,8.21,0.3218,0.1135,0.009555,4.262
780547,520,478,998,207,52,105,5.36,0.8176,0.5085,0.167435,5,0,5,328.36,1.0000,0.0213,0.000432,4.311
780555,520,223,743,245,144,215,339.04,0.8881,0.7454,0.442675,73,72,15,108.42,0.8196,0.2977,0.060857,4.444
780558,520,459,979,178,34,251,309.53,0.9805,0.5340,0.175750,7,13,9,156.45,0.2700,0.0594,0.003527,4.217
780569,520,267,787,226,130,242,321.73,0.8998,0.7092,0.385464,24,70,61,178.11,0.6768,0.2631,0.049112,4.394
780589,520,319,839,235,66,255,323.24,1.0000,0.6484,0.287809,47,53,29,120.22,0.4196,0.2157,0.032392,4.100
780590,520,417,937,231,30,184,340.77,0.9562,0.5738,0.213809,45,21,8,47.92,0.6216,0.1243,0.011118,4.316
780599,520,410,930,251,17,40,25.99,0.9925,0.5653,0.210671,32,3,84,288.17,0.9657,0.1297,0.010123,4.336
780608,520,383,903,218,57,238,322.99,0.9424,0.6021,0.240067,13,30,80,265.71,0.8329,0.1534,0.015932,4.399
780619,520,420,940,236,16,152,351.52,0.9780,0.5625,0.204735,37,12,51,311.15,0.6991,0.1145,0.008953,4.321
780629,520,460,980,215,63,67,23.72,0.8583,0.5263,0.184098,4,5,47,270.58,0.9438,0.0647,0.003396,4.384
780630,520,218,738,227,151,242,320.83,0.8704,0.7476,0.448763,86,68,22,87.22,0.7136,0.3034,0.061708,4.465
780632,520,454,974,159,74,231,305.21,0.8567,0.5272,0.180385,15,16,7,113.35,0.3447,0.0728,0.004875,4.198
780640,520,367,887,227,66,210,332.65,0.8991,0.6068,0.248828,43,7,107,288.08,0.9528,0.1747,0.017271,4.442
780645,520,454,974,229,39,56,23.53,0.9522,0.5311,0.183975,9,7,48,276.42,0.8730,0.0732,0.004234,4.314
780646,520,312,832,230,91,246,323.44,0.9556,0.6606,0.309610,68,37,76,319.16,0.5164,0.2224,0.030740,4.454
780658,520,244,764,228,157,164,12.77,0.5481,0.7290,0.432899,0,81,7,143.45,1.0000,0.2827,0.058999,4.430
780673,520,373,893,226,84,157,351.78,0.7694,0.5988,0.249461,53,31,27,30.82,0.3481,0.1635,0.018161,4.393
780676,520,441,961,237,17,50,23.56,0.9883,0.5365,0.186390,13,0,74,275.09,1.0000,0.0947,0.005799,4.236
780689,520,390,910,224,62,204,333.57,0.8926,0.5945,0.236545,29,36,41,239.19,0.1513,0.1522,0.016830,4.288
780691,520,391,911,219,17,245,322.21,0.9915,0.5877,0.220556,12,41,23,153.67,0.7775,0.1495,0.017258,4.023
780696,520,450,970,180,44,242,311.68,0.9451,0.5356,0.179165,4,12,37,265.08,0.7614,0.0693,0.004223,4.226
780713,520,414,934,206,65,212,326.20,0.8670,0.5724,0.216576,22,9,82,278.91,0.9354,0.1242,0.009751,4.461
780726,520,455,975,202,2,216,324.75,0.9975,0.5335,0.175596,23,1,25,325.02,0.8383,0.0579,0.002741,4.277
780739,520,192,712,254,151,237,333.24,0.9933,0.7794,0.493207,33,88,17,139.72,0.9672,0.3170,0.073430,4.401
780744,520,472,992,206,64,96,11.36,0.7779,0.5168,0.176353,5,4,3,71.35,0.1325,0.0336,0.001257,4.416
780748,520,477,997,144,89,201,304.23,0.6870,0.5080,0.172914,3,1,4,316.91,0.5138,0.0217,0.000498,4.414
780787,520,407,927,254,8,37,26.21,0.9970,0.5693,0.213819,10,30,50,250.57,0.6129,0.1270,0.012233,4.239
780790,520,373,893,233,69,165,348.90,0.8474,0.5969,0.242992,2,38,75,252.98,0.9253,0.1650,0.019070,4.242
780793,520,318,838,237,130,24,56.89,0.9587,0.6643,0.340383,16,62,35,153.85,0.8841,0.2248,0.036766,4.499
780796,520,381,901,159,116,241,297.01,0.8147,0.6026,0.262127,25,42,35,166.74,0.3354,0.1643,0.019839,4.469
780797,520,411,931,248,20,103,9.86,0.9819,0.5708,0.214396,24,10,80,280.99,0.9143,0.1249,0.009904,4.414
780810,520,22,542,237,253,216,126.42,0.8899,0.9681,0.932127,2,134,23,143.75,0.9991,0.4650,0.171242,4.439
780821,520,409,929,185,89,209,319.21,0.7510,0.5684,0.220636,1,25,76,261.32,0.9784,0.1324,0.012234,4.349
780830,520,374,894,246,63,137,1.27,0.9155,0.6038,0.249572,18,42,41,191.96,0.4683,0.1621,0.019446,4.314
780848,520,460,980,153,89,217,304.25,0.7565,0.5309,0.189272,25,5,17,344.97,0.5960,0.0649,0.003557,4.468
780850,520,403,923,253,22,109,8.74,0.9856,0.5834,0.225643,63,2,16,14.89,0.9426,0.1332,0.011378,4.491
780852,520,391,911,208,74,224,323.28,0.8750,0.5931,0.236909,56,20,28,8.37,0.5554,0.1464,0.014250,4.465
780861,520,258,778,249,108,250,327.33,0.9798,0.7128,0.377695,27,74,37,148.14,0.8621,0.2703,0.052640,4.167
780863,520,442,962,158,91,213,307.04,0.7342,0.5376,0.195559,15,12,42,283.26,0.6549,0.0815,0.005317,4.439
780872,520,466,986,208,18,169,339.53,0.9533,0.5174,0.167092,14,3,29,300.86,0.7721,0.0535,0.002472,4.137
780878,520,405,925,231,31,200,336.23,0.9633,0.5833,0.221417,32,28,38,303.14,0.1989,0.1323,0.012775,4.324
780901,520,403,923,246,53,65,23.80,0.9545,0.5775,0.225241,47,16,42,334.01,0.5910,0.1303,0.011422,4.481
780906,520,435,955,217,69,107,9.20,0.7867,0.5464,0.200719,13,20,38,266.80,0.4604,0.0945,0.007258,4.379
780927,520,443,963,196,21,233,318.89,0.9794,0.5412,0.181568,19,11,37,294.74,0.5950,0.0797,0.005114,4.202
780931,520,370,890,201,84,248,314.66,0.9487,0.6109,0.255367,63,29,15,42.34,0.6251,0.1729,0.019701,4.381
780973,520,395,915,231,71,150,354.25,0.8245,0.5891,0.237001,14,37,22,153.47,0.6426,0.1372,0.014744,4.433
780991,520,294,814,240,115,184,347.96,0.8156,0.6769,0.342499,23,63,56,180.11,0.6273,0.2380,0.040225,4.350
780993,520,478,998,153,93,170,318.52,0.5524,0.5069,0.175039,1,1,15,273.08,0.9139,0.0250,0.000626,4.445
781019,520,366,886,189,101,243,310.50,0.8836,0.6146,0.265981,11,37,85,261.33,0.8346,0.1745,0.020500,4.482
781029,520,472,992,224,34,79,15.65,0.9397,0.5217,0.175587,6,0,10,316.23,1.0000,0.0254,0.000606,4.458
781030,520,457,977,187,22,238,315.23,0.9787,0.5310,0.173129,4,13,19,235.00,0.4630,0.0606,0.003607,4.162
781047,520,429,949,235,47,84,16.61,0.9249,0.5541,0.203384,24,21,9,95.81,0.3969,0.0951,0.007503,4.406
781097,520,272,792,248,140,3,60.08,0.9972,0.6994,0.387220,29,71,19,140.04,0.9341,0.2581,0.048146,4.455
781100,520,456,976,175,44,246,309.30,0.9557,0.5316,0.175700,31,2,5,17.05,0.8436,0.0648,0.003457,4.222
781115,520,417,937,241,26,134,358.74,0.9637,0.5686,0.211640,36,25,22,35.78,0.2164,0.1232,0.011283,4.269
781118,520,125,645,247,197,196,19.66,0.7062,0.8453,0.636936,1,101,113,208.98,0.9924,0.3802,0.105055,4.430
781122,520,316,836,226,92,254,320.29,0.9939,0.6610,0.309807,29,58,51,176.43,0.4562,0.2233,0.035262,4.220
781127,520,373,893,232,17,233,328.09,0.9914,0.6013,0.234424,8,41,53,226.40,0.7288,0.1605,0.018945,4.125
781143,520,440,960,172,78,226,310.68,0.8322,0.5463,0.197112,4,14,54,266.02,0.8978,0.0882,0.006062,4.408
781148,520,372,892,250,66,129,5.19,0.9467,0.6115,0.258088,17,48,1,137.05,0.9933,0.1717,0.022352,4.258
781150,520,86,606,248,217,240,335.02,0.8278,0.9041,0.758743,22,118,9,141.72,0.9937,0.4137,0.131466,4.457
781153,520,285,805,238,142,88,48.92,0.7888,0.6949,0.382301,5,69,61,181.66,0.9450,0.2540,0.046252,4.491
781157,520,403,923,246,57,28,31.57,0.9727,0.5771,0.226064,26,22,62,283.53,0.6418,0.1282,0.011412,4.495
781178,520,357,877,250,47,183,345.74,0.9633,0.6178,0.257792,55,37,6,77.06,0.7894,0.1771,0.021486,4.306
781190,520,365,885,182,99,250,306.65,0.9391,0.6074,0.257716,28,39,58,261.01,0.3608,0.1690,0.020034,4.394
781200,520,320,840,239,101,161,355.67,0.8083,0.6452,0.302340,1,52,81,241.06,0.9655,0.2098,0.030563,4.373
781205,520,406,926,233,22,194,338.30,0.9763,0.5800,0.217952,37,18,60,301.47,0.6646,0.1313,0.011522,4.355
781207,520,476,996,173,23,236,311.56,0.9739,0.5076,0.155541,4,0,7,315.09,1.0000,0.0210,0.000412,4.077
781218,520,466,986,202,59,145,347.92,0.7794,0.5219,0.177308,14,7,4,51.45,0.3404,0.0507,0.002541,4.326
781222,520,445,965,221,24,170,342.54,0.9511,0.5449,0.189302,17,5,49,287.88,0.8562,0.0774,0.004495,4.391
781252,520,431,951,238,28,86,14.45,0.9660,0.5491,0.196828,4,30,0,139.69,1.0000,0.1046,0.009543,4.145
781259,520,328,848,255,51,214,338.17,1.0000,0.6454,0.284860,20,39,114,267.09,0.8841,0.2121,0.028145,4.285
781280,520,386,906,237,27,193,339.55,0.9714,0.5886,0.226415,15,40,25,155.37,0.6459,0.1483,0.016893,4.132
781281,520,394,914,244,73,12,36.21,0.9886,0.5886,0.240280,20,39,9,135.72,0.8451,0.1446,0.016194,4.385
781282,520,211,731,212,174,195,344.03,0.3463,0.7565,0.482101,8,89,11,143.00,0.9923,0.3124,0.072202,4.354
781288,520,376,896,240,83,55,32.41,0.9175,0.5963,0.249907,26,39,49,242.01,0.2910,0.1623,0.018924,4.351
781293,520,413,933,242,1,143,355.38,0.9988,0.5675,0.208854,33,15,54,301.87,0.6713,0.1161,0.009313,4.364
781294,520,363,883,251,65,106,13.36,0.9625,0.6060,0.253339,1,47,33,167.05,0.9844,0.1682,0.021492,4.243
781299,520,364,884,253,0,189,343.94,1.0000,0.6101,0.245602,67,14,49,344.42,0.7219,0.1676,0.017293,4.393
781311,520,307,827,246,118,120,20.89,0.8607,0.6701,0.339086,50,58,2,118.12,0.9636,0.2301,0.037086,4.468
781328,520,460,980,194,21,227,319.75,0.9757,0.5331,0.175532,23,5,15,346.78,0.5631,0.0613,0.003252,4.235
781349,520,391,911,229,25,225,329.26,0.9819,0.5931,0.227920,54,25,9,47.70,0.6681,0.1480,0.014994,4.276
781362,520,379,899,224,39,245,323.22,0.9745,0.6048,0.238930,64,7,51,339.31,0.7932,0.1556,0.014811,4.458
781364,520,418,938,223,72,111,9.00,0.7953,0.5622,0.214730,3,16,82,265.34,0.9610,0.1223,0.009991,4.413
781377,520,473,993,178,12,249,310.43,0.9917,0.5235,0.165685,12,0,4,353.99,1.0000,0.0301,0.000869,4.240
781412,520,356,876,230,82,193,339.06,0.8400,0.6196,0.267102,78,14,37,4.02,0.7668,0.1846,0.020676,4.487
781422,520,471,991,201,63,127,355.88,0.7544,0.5168,0.175068,1,7,4,165.33,0.7338,0.0379,0.001672,4.356
781431,520,463,983,225,39,85,14.23,0.9239,0.5283,0.181173,15,4,17,321.99,0.5627,0.0497,0.002289,4.421
781432,520,421,941,214,28,219,327.00,0.9678,0.5640,0.202432,50,3,22,1.31,0.8327,0.1084,0.008013,4.351
781435,520,462,982,214,47,128,356.71,0.8461,0.5258,0.178901,16,5,12,340.84,0.4380,0.0511,0.002453,4.364
781441,520,424,944,192,51,242,314.97,0.9387,0.5592,0.199862,13,29,4,135.20,0.8961,0.1073,0.009730,4.183
781458,520,417,937,220,69,155,349.49,0.7980,0.5694,0.218408,14,32,1,133.66,0.9796,0.1168,0.011285,4.380
781482,520,459,979,177,41,244,310.46,0.9518,0.5307,0.174656,23,6,9,8.83,0.5028,0.0613,0.003322,4.213
781506,520,461,981,186,5,243,314.06,0.9961,0.5291,0.170199,11,5,21,300.65,0.5613,0.0499,0.002338,4.207
781508,520,405,925,242,68,25,34.08,0.9720,0.5798,0.230850,17,35,2,133.10,0.9615,0.1286,0.013256,4.440
781532,520,387,907,222,19,240,324.06,0.9896,0.5896,0.222888,26,1,104,277.48,0.9962,0.1475,0.012407,4.373
781549,520,321,841,248,109,15,46.06,0.9851,0.6454,0.309314,56,49,15,97.67,0.6723,0.2118,0.030719,4.451
781564,520,350,870,234,104,134,8.04,0.7598,0.6323,0.291169,30,47,55,228.93,0.2986,0.1919,0.025848,4.498
781578,520,469,989,215,1,156,345.27,0.9974,0.5196,0.168715,7,5,13,297.14,0.3646,0.0423,0.001828,4.220
781584,520,279,799,251,126,132,18.56,0.9109,0.6943,0.370998,11,65,81,222.96,0.8235,0.2524,0.044456,4.457
781587,520,461,981,177,18,253,309.22,0.9909,0.5273,0.168725,8,5,17,295.89,0.4756,0.0451,0.002006,4.206
781588,520,468,988,214,21,145,349.04,0.9416,0.5176,0.168792,12,1,17,317.08,0.7952,0.0390,0.001404,4.256
781597,520,418,938,147,105,227,296.74,0.7554,0.5591,0.218524,13,29,48,253.78,0.5317,0.1245,0.011776,4.347
781606,520,462,982,152,70,251,299.16,0.9682,0.5301,0.180210,3,4,30,272.35,0.8699,0.0463,0.001999,4.427
781620,520,430,950,242,23,49,24.34,0.9848,0.5491,0.197152,23,0,70,286.20,1.0000,0.0987,0.006243,4.394
781629,520,448,968,210,23,201,330.69,0.9625,0.5427,0.185335,13,21,1,126.13,0.9258,0.0829,0.006241,4.184
781636,520,408,928,198,77,214,322.84,0.8260,0.5746,0.221700,48,21,5,49.79,0.7309,0.1288,0.011758,4.399
781654,520,444,964,222,55,117,3.59,0.8441,0.5442,0.195489,7,9,51,272.18,0.8905,0.0783,0.004795,4.480
781657,520,426,946,227,50,152,350.86,0.8762,0.5629,0.208818,19,30,4,128.59,0.8395,0.1147,0.010757,4.260
781677,520,462,982,195,5,222,321.37,0.9941,0.5266,0.169861,6,7,11,271.95,0.1845,0.0454,0.002148,4.216
781682,520,360,880,254,45,177,348.33,0.9916,0.6212,0.261254,43,30,77,292.95,0.6082,0.1757,0.019780,4.461
781685,520,408,928,246,13,128,1.21,0.9872,0.5724,0.214426,50,12,34,348.04,0.6548,0.1254,0.010566,4.366
781691,520,367,887,252,14,178,346.93,0.9908,0.6052,0.242273,0,50,15,148.34,1.0000,0.1739,0.023156,3.995
781696,520,468,988,190,47,202,324.57,0.8778,0.5228,0.172459,19,1,2,19.56,0.8525,0.0419,0.001646,4.307
781699,520,290,810,250,77,249,328.20,0.9822,0.6784,0.324741,68,51,31,70.27,0.4039,0.2359,0.036956,4.310
781706,520,13,533,243,250,250,197.04,0.3867,0.9765,0.943278,1,132,104,171.01,0.9976,0.4738,0.175076,4.413
781712,520,389,909,220,53,218,328.62,0.9260,0.5887,0.228259,58,19,16,26.97,0.6578,0.1451,0.014028,4.346
781720,520,390,910,233,45,184,341.52,0.9261,0.5858,0.226638,19,5,104,272.82,0.9872,0.1462,0.012464,4.429
781728,520,434,954,153,92,241,298.78,0.8669,0.5541,0.207777,11,28,4,136.80,0.9048,0.1030,0.009104,4.361
781739,520,423,943,206,41,225,323.22,0.9442,0.5616,0.201457,42,10,38,332.89,0.6636,0.1107,0.008493,4.299
781740,520,452,972,156,89,204,308.85,0.7032,0.5254,0.185728,10,14,15,214.54,0.1232,0.0661,0.004131,4.355
781746,520,435,955,238,0,117,3.15,1.0000,0.5496,0.194647,8,19,44,264.04,0.6547,0.0930,0.006992,4.293
781754,520,389,909,209,51,248,318.40,0.9675,0.5904,0.227019,19,0,111,272.08,1.0000,0.1511,0.012860,4.407
781758,520,364,884,194,86,250,311.86,0.9572,0.6051,0.250281,18,36,76,263.77,0.6894,0.1672,0.019121,4.344
781764,520,479,999,156,86,182,316.15,0.6391,0.5057,0.171015,1,0,3,302.89,1.0000,0.0124,0.000130,4.409
781766,520,460,980,98,103,248,276.27,0.9429,0.5264,0.190738,4,14,16,209.86,0.4472,0.0618,0.003773,4.477
781776,520,449,969,237,10,97,9.90,0.9887,0.5437,0.190879,8,1,57,274.93,0.9895,0.0714,0.003687,4.487
781790,520,459,979,224,57,42,29.60,0.9270,0.5342,0.189435,9,9,32,279.40,0.6223,0.0636,0.003577,4.469
781797,520,323,843,251,43,236,331.69,0.9845,0.6466,0.282962,48,10,129,284.82,0.9611,0.2104,0.024304,4.481
781827,520,399,919,196,89,208,323.52,0.7667,0.5838,0.234359,47,28,6,67.16,0.7131,0.1429,0.014481,4.410
781850,520,406,926,241,53,113,8.01,0.9072,0.5780,0.224424,57,7,36,349.93,0.7676,0.1336,0.011493,4.463
781855,520,306,826,242,119,131,15.62,0.8007,0.6683,0.337123,3,60,64,202.44,0.9420,0.2253,0.036211,4.490
781866,520,377,897,240,25,206,336.68,0.9805,0.6009,0.236797,47,31,35,2.55,0.2426,0.1574,0.017057,4.277
781877,520,466,986,229,18,65,19.28,0.9813,0.5220,0.174753,12,3,23,304.02,0.7089,0.0475,0.002052,4.318
781880,520,448,968,195,39,219,321.68,0.9329,0.5376,0.181691,3,23,10,154.17,0.8848,0.0841,0.006540,4.098
781907,520,469,989,199,12,205,326.72,0.9808,0.5223,0.168146,8,0,31,290.25,1.0000,0.0423,0.001506,4.235
781915,520,410,930,211,16,234,322.70,0.9884,0.5656,0.201619,43,22,23,17.02,0.3709,0.1268,0.011493,4.092
781929,520,432,952,226,29,153,349.34,0.9375,0.5482,0.193501,19,20,35,280.35,0.3423,0.0975,0.007601,4.227
781934,520,459,979,202,7,207,327.02,0.9896,0.5280,0.172153,10,9,32,281.52,0.6122,0.0644,0.003642,4.141
781957,520,427,947,247,26,9,29.82,0.9938,0.5581,0.205363,34,15,11,32.82,0.4564,0.0950,0.007059,4.475
781963,520,400,920,247,4,145,355.76,0.9962,0.5789,0.219087,64,9,7,27.77,0.8942,0.1418,0.013009,4.271
781975,520,321,841,215,104,228,323.34,0.8419,0.6451,0.299508,74,37,4,56.67,0.8608,0.2077,0.027880,4.488
781990,520,349,869,251,61,191,344.03,0.9690,0.6337,0.276115,66,32,22,37.22,0.5389,0.1857,0.022494,4.499
781991,520,432,952,198,20,239,318.08,0.9836,0.5490,0.187396,0,29,9,151.47,1.0000,0.1008,0.008984,4.025
781999,520,260,780,255,132,111,31.07,1.0000,0.7059,0.389133,96,48,41,29.54,0.5107,0.2750,0.047611,4.499
782018,520,438,958,191,60,215,320.95,0.8669,0.5454,0.192157,30,14,25,339.49,0.3970,0.0919,0.006603,4.278
782027,520,81,601,246,226,155,94.25,0.7700,0.8987,0.763531,13,118,32,144.82,0.9910,0.4137,0.131462,4.483
782041,520,372,892,251,1,192,342.71,0.9994,0.6080,0.243401,5,2,125,265.66,0.9984,0.1673,0.015562,4.475
782045,520,387,907,230,0,228,328.84,1.0000,0.5910,0.224269,11,1,115,268.08,0.9987,0.1536,0.013305,4.332
782050,520,434,954,183,69,226,315.11,0.8615,0.5508,0.198156,49,0,21,0.14,1.0000,0.1016,0.007072,4.348
782069,520,386,906,234,40,196,338.15,0.9476,0.5911,0.229982,47,25,50,322.60,0.4692,0.1514,0.015299,4.288
782073,520,307,827,247,85,226,333.44,0.9586,0.6683,0.317649,88,36,27,31.59,0.6437,0.2342,0.034159,4.369
782083,520,443,963,185,44,240,313.62,0.9445,0.5416,0.184081,25,8,41,304.46,0.7034,0.0845,0.005404,4.225
782084,520,465,985,230,11,66,18.76,0.9895,0.5223,0.174587,5,1,40,276.51,0.9766,0.0502,0.002072,4.313
782092,520,432,952,210,4,223,325.11,0.9963,0.5530,0.191181,12,27,2,133.59,0.9408,0.1001,0.008664,4.111
782098,520,466,986,222,11,114,1.54,0.9776,0.5179,0.169866,11,6,22,297.18,0.5293,0.0527,0.002593,4.180
782106,520,460,980,210,66,92,14.14,0.7886,0.5257,0.183730,10,12,0,115.58,1.0000,0.0568,0.003275,4.387
782114,520,371,891,247,75,90,20.24,0.9359,0.6052,0.255478,17,38,76,261.18,0.6876,0.1719,0.020271,4.347
782130,520,421,941,216,49,193,334.59,0.8943,0.5632,0.206480,15,12,70,275.21,0.9044,0.1086,0.008067,4.417
782133,520,477,997,205,27,164,340.47,0.9158,0.5126,0.164454,0,0,9,264.05,1.0000,0.0151,0.000197,4.272
782141,520,403,923,255,28,30,28.10,1.0000,0.5769,0.221881,16,34,31,182.28,0.4016,0.1320,0.013531,4.279
782144,520,453,973,206,15,191,332.42,0.9714,0.5262,0.172270,21,10,21,326.76,0.3846,0.0709,0.004307,4.093
782165,520,392,912,203,78,230,320.02,0.8745,0.5940,0.238599,51,19,61,317.39,0.6584,0.1539,0.015065,4.436
782173,520,453,973,195,48,204,325.49,0.8839,0.5334,0.180772,13,11,23,290.88,0.3534,0.0654,0.003868,4.284
782178,520,423,943,228,25,175,342.69,0.9590,0.5612,0.202871,2,17,67,263.88,0.9539,0.1063,0.008190,4.346
782189,520,278,798,249,93,247,328.30,0.9774,0.6924,0.346865,52,63,32,124.99,0.4951,0.2514,0.043893,4.227
782194,520,416,936,227,5,196,336.26,0.9945,0.5658,0.204275,9,31,40,227.69,0.5794,0.1233,0.011912,4.107
782195,520,468,988,213,59,51,27.80,0.8921,0.5155,0.175155,14,0,18,320.73,1.0000,0.0393,0.001370,4.383
782204,520,284,804,235,103,250,323.48,0.9736,0.6857,0.342669,21,70,16,141.79,0.9594,0.2507,0.045770,4.100
782235,520,452,972,231,30,22,29.09,0.9784,0.5266,0.179785,31,2,17,350.95,0.7829,0.0686,0.003752,4.275
782239,520,442,962,147,103,199,303.44,0.6177,0.5361,0.200273,8,18,27,246.45,0.4038,0.0798,0.005634,4.499
782240,520,463,983,162,83,207,311.30,0.7423,0.5259,0.183735,7,9,0,117.19,1.0000,0.0473,0.002405,4.460
782250,520,371,891,226,78,195,337.16,0.8423,0.6093,0.255600,15,45,29,157.63,0.7057,0.1658,0.020670,4.324
782258,520,349,869,244,18,249,327.22,0.9949,0.6334,0.265080,60,3,104,302.11,0.9667,0.1909,0.020253,4.485
782261,520,363,883,211,65,249,318.28,0.9683,0.6059,0.244707,16,4,121,269.47,0.9947,0.1679,0.015773,4.481
782267,520,387,907,240,51,155,352.74,0.9087,0.5893,0.232625,60,11,40,348.48,0.7259,0.1459,0.013534,4.448
782275,520,476,996,218,34,97,8.37,0.9153,0.5139,0.169151,1,2,6,265.10,0.5131,0.0236,0.000630,4.328
782288,520,424,944,235,43,103,9.63,0.9219,0.5558,0.203723,54,3,3,27.47,0.9524,0.1121,0.008561,4.333
782316,520,469,989,202,27,184,333.39,0.9301,0.5189,0.168030,13,4,3,30.80,0.4413,0.0421,0.001790,4.210
782317,520,435,955,225,55,102,10.01,0.8629,0.5454,0.197020,27,6,50,300.76,0.8074,0.0913,0.005936,4.416
782322,520,362,882,232,4,242,326.07,0.9984,0.6050,0.236559,35,33,88,280.02,0.6781,0.1833,0.021496,4.008
782333,520,418,938,244,33,35,27.68,0.9787,0.5565,0.204456,33,9,69,294.73,0.8454,0.1213,0.009484,4.278
782341,520,416,936,195,71,222,319.91,0.8589,0.5683,0.213839,10,30,30,195.42,0.5027,0.1160,0.010868,4.335
782368,520,302,822,236,108,200,339.57,0.8374,0.6672,0.327305,9,66,24,147.47,0.9733,0.2341,0.040203,4.183
782378,520,0,520,255,255,255,0.00,0.0000,1.0000,1.000000,40,137,20,140.94,0.9861,0.4815,0.183922,4.489
782379,520,467,987,183,6,239,314.08,0.9948,0.5210,0.164307,16,0,4,0.93,1.0000,0.0356,0.001189,4.187
782394,520,439,959,191,77,185,329.75,0.7414,0.5458,0.198883,3,2,76,266.70,0.9948,0.0940,0.005845,4.457
782405,520,380,900,219,94,156,351.86,0.7037,0.6005,0.254679,48,34,1,85.05,0.9521,0.1586,0.017747,4.497
782412,520,365,885,246,32,198,340.25,0.9735,0.6101,0.247062,26,43,25,143.09,0.4832,0.1650,0.020175,4.233
782423,520,478,998,176,0,242,311.48,1.0000,0.5113,0.156419,1,2,7,266.83,0.5685,0.0241,0.000652,4.075
782426,520,417,937,204,47,236,319.89,0.9447,0.5704,0.209282,32,26,11,88.30,0.4513,0.1179,0.010700,4.271
782429,520,445,965,187,22,243,314.12,0.9811,0.5353,0.176109,0,24,2,144.99,1.0000,0.0833,0.006576,3.997
782440,520,463,983,210,31,170,339.89,0.9141,0.5274,0.175861,0,10,8,182.95,1.0000,0.0458,0.002346,4.315
782444,520,434,954,209,63,159,344.59,0.7920,0.5453,0.196156,21,18,37,289.72,0.4175,0.0960,0.007256,4.299
782446,520,467,987,202,69,119,0.84,0.7316,0.5229,0.181467,17,0,19,324.78,1.0000,0.0437,0.001662,4.480
782454,520,423,943,174,69,255,305.70,1.0000,0.5611,0.204756,34,0,72,296.59,1.0000,0.1144,0.008080,4.386
782459,520,448,968,219,18,178,339.54,0.9673,0.5433,0.187094,30,5,24,337.94,0.6693,0.0757,0.004505,4.350
782461,520,411,931,227,18,190,337.98,0.9773,0.5652,0.204838,18,31,15,139.81,0.5182,0.1191,0.011430,4.148
782462,520,372,892,207,78,251,316.12,0.9733,0.6147,0.256807,33,43,21,128.74,0.4821,0.1699,0.021052,4.318
782468,520,456,976,228,48,24,31.05,0.9691,0.5326,0.186768,26,3,13,354.15,0.6973,0.0609,0.003138,4.456
782484,520,449,969,233,32,79,16.44,0.9563,0.5392,0.189242,23,12,0,75.91,1.0000,0.0707,0.004451,4.394
782496,520,452,972,222,24,135,354.47,0.9427,0.5302,0.179348,25,9,11,12.58,0.4205,0.0705,0.004262,4.227
782514,520,445,965,228,18,126,358.67,0.9664,0.5365,0.184358,9,20,0,130.24,1.0000,0.0770,0.005584,4.216
782547,520,435,955,220,45,169,343.10,0.8863,0.5542,0.199594,26,18,10,66.11,0.3315,0.0903,0.006742,4.399
782548,520,405,925,223,37,212,331.05,0.9536,0.5794,0.217669,22,31,30,187.91,0.1781,0.1270,0.012443,4.287
782549,520,451,971,237,2,93,10.97,0.9978,0.5410,0.188415,25,5,33,315.28,0.7171,0.0736,0.004250,4.395
782558,520,387,907,219,6,246,322.05,0.9972,0.5861,0.218462,58,4,69,319.84,0.8794,0.1542,0.014162,4.184
782564,520,353,873,250,4,211,337.52,0.9982,0.6172,0.251172,4,39,92,259.14,0.9337,0.1837,0.022494,4.154
782568,520,419,939,219,29,198,333.83,0.9547,0.5595,0.200183,51,9,3,33.19,0.8916,0.1140,0.009059,4.236
782571,520,474,994,223,44,55,24.18,0.9363,0.5222,0.177679,3,0,19,286.19,1.0000,0.0271,0.000664,4.494
782589,520,467,987,193,66,151,343.34,0.7361,0.5168,0.174699,1,3,28,267.05,0.9368,0.0402,0.001554,4.359
782604,520,446,966,214,27,181,337.46,0.9413,0.5391,0.184184,34,5,26,340.11,0.6992,0.0832,0.005233,4.240
782615,520,397,917,214,27,246,320.63,0.9830,0.5834,0.217357,30,24,62,287.14,0.5949,0.1364,0.012771,4.259
782622,520,367,887,245,82,69,28.35,0.9381,0.6061,0.258800,67,27,4,47.19,0.8439,0.1746,0.019861,4.420
782637,520,403,923,252,35,57,23.95,0.9861,0.5765,0.221966,49,12,48,328.85,0.6945,0.1315,0.011294,4.437
782641,520,376,896,227,90,121,9.32,0.7538,0.5959,0.250262,32,41,26,133.28,0.3343,0.1642,0.019675,4.309
782644,520,410,930,133,115,237,286.95,0.7986,0.5713,0.233622,0,37,15,153.10,1.0000,0.1288,0.013576,4.461
782648,520,2,522,255,255,255,0.00,0.0000,1.0000,1.000000,28,136,74,152.48,0.9578,0.4822,0.183488,4.497
782653,520,425,945,233,4,174,343.91,0.9950,0.5646,0.204693,1,32,11,151.21,0.9860,0.1117,0.010636,4.200
782660,520,332,852,209,100,245,316.91,0.9230,0.6414,0.292636,38,45,74,272.58,0.4028,0.2039,0.027832,4.402
782661,520,408,928,163,87,255,300.41,1.0000,0.5698,0.218233,53,12,39,343.90,0.6798,0.1334,0.011664,4.350
782664,520,398,918,242,13,175,345.68,0.9879,0.5843,0.222634,10,31,60,257.16,0.6960,0.1370,0.013707,4.280
782669,520,409,929,199,57,235,318.41,0.9212,0.5697,0.210680,10,1,100,268.90,0.9982,0.1308,0.010063,4.340
782677,520,368,888,233,90,139,2.11,0.7850,0.6119,0.265027,33,44,6,124.28,0.8526,0.1706,0.021378,4.413
782694,520,437,957,165,78,243,304.39,0.9077,0.5502,0.199197,19,22,9,119.37,0.4195,0.0926,0.007320,4.347
782710,520,427,947,241,19,116,4.51,0.9770,0.5599,0.204307,44,3,33,340.93,0.8014,0.1015,0.007105,4.453
782728,520,368,888,245,81,84,23.48,0.9245,0.6073,0.259407,35,38,47,270.70,0.1577,0.1664,0.019488,4.453
782731,520,414,934,239,64,16,34.32,0.9832,0.5692,0.220581,28,23,44,293.77,0.4022,0.1191,0.010415,4.479
782739,520,458,978,182,78,172,331.40,0.6916,0.5256,0.183737,2,14,1,140.71,0.9651,0.0554,0.003292,4.386
782754,520,475,995,217,23,129,355.50,0.9382,0.5173,0.169520,0,2,18,262.27,1.0000,0.0289,0.000871,4.315
782774,520,477,997,205,4,179,335.62,0.9902,0.5140,0.163227,3,0,8,305.48,1.0000,0.0200,0.000369,4.233
782778,520,479,999,82,102,239,271.95,0.9099,0.5053,0.175278,3,0,0,29.23,1.0000,0.0143,0.000194,4.488
782788,520,363,883,234,57,203,336.37,0.9210,0.6068,0.247331,51,34,37,7.28,0.2403,0.1710,0.019815,4.259
782795,520,443,963,230,32,101,8.63,0.9409,0.5384,0.187985,8,9,53,273.02,0.8927,0.0810,0.005040,4.324
782816,520,443,963,196,3,241,317.26,0.9978,0.5432,0.181532,29,3,33,322.44,0.7831,0.0758,0.004362,4.259
782822,520,430,950,222,38,153,348.74,0.9024,0.5454,0.192183,48,4,6,23.42,0.8929,0.1014,0.007285,4.228
782866,520,321,841,251,26,245,329.64,0.9922,0.6451,0.278436,50,48,47,48.62,0.0281,0.2100,0.029973,4.107
782879,520,310,830,247,93,184,347.31,0.9123,0.6569,0.310665,10,59,51,179.25,0.8511,0.2181,0.034313,4.278
782898,520,459,979,209,76,20,39.41,0.9461,0.5263,0.187770,1,16,3,147.53,0.9685,0.0606,0.003836,4.417
782905,520,438,958,185,41,252,311.13,0.9843,0.5496,0.189295,17,19,25,270.66,0.1640,0.0881,0.006551,4.231
782909,520,12,532,251,253,235,111.97,0.9330,0.9857,0.967580,44,134,21,140.41,0.9833,0.4732,0.176392,4.495
782916,520,450,970,243,3,33,26.35,0.9986,0.5443,0.192331,27,10,1,56.06,0.8134,0.0726,0.004523,4.445
782927,520,198,718,251,166,134,41.39,0.8757,0.7691,0.495053,1,85,91,203.13,0.9898,0.3189,0.072584,4.446
782928,520,444,964,202,76,150,347.40,0.7151,0.5445,0.199293,2,14,48,262.75,0.9132,0.0812,0.005403,4.500
782929,520,387,907,248,62,52,28.33,0.9671,0.5877,0.236531,41,32,38,338.58,0.1652,0.1531,0.016444,4.312
782930,520,442,962,214,80,30,38.68,0.9186,0.5418,0.201296,0,22,26,209.81,1.0000,0.0847,0.006484,4.449
782939,520,372,892,241,42,208,336.49,0.9605,0.6117,0.249136,67,20,31,9.10,0.6427,0.1680,0.017927,4.404
782945,520,397,917,223,58,193,336.55,0.8838,0.5828,0.225667,25,30,57,274.04,0.4704,0.1419,0.014306,4.287
782947,520,361,881,238,62,199,338.62,0.9143,0.6157,0.257487,78,13,14,25.23,0.8761,0.1775,0.019395,4.431
782978,520,377,897,215,68,234,322.88,0.9162,0.6044,0.245237,9,45,29,160.39,0.8469,0.1632,0.020235,4.204
782985,520,458,978,215,63,95,12.83,0.8122,0.5324,0.188307,12,11,17,292.47,0.1955,0.0617,0.003580,4.448
783026,520,461,981,232,10,64,19.45,0.9912,0.5260,0.177462,12,4,19,308.90,0.5848,0.0475,0.002120,4.364
783039,520,352,872,221,84,217,328.92,0.8615,0.6207,0.267246,52,31,76,303.24,0.5822,0.1881,0.022319,4.387
783046,520,400,920,213,34,236,322.55,0.9697,0.5773,0.213482,1,15,97,264.48,0.9785,0.1391,0.012111,4.242
783051,520,475,995,196,35,200,327.07,0.9182,0.5231,0.171096,0,1,21,264.02,1.0043,0.0279,0.000758,4.356
783087,520,414,934,243,2,144,355.27,0.9978,0.5701,0.211150,9,19,76,268.18,0.9146,0.1238,0.010456,4.320
783121,520,326,846,250,34,247,328.94,0.9884,0.6477,0.281864,85,10,62,344.14,0.8059,0.2070,0.024965,4.427
783134,520,409,929,234,70,10,36.36,0.9877,0.5658,0.218977,28,17,70,286.01,0.7699,0.1281,0.010900,4.417
783139,520,418,938,217,89,64,32.90,0.8055,0.5643,0.222690,34,26,11,82.09,0.4629,0.1204,0.011031,4.468
783160,520,416,936,218,26,218,328.28,0.9725,0.5695,0.207083,20,14,76,277.59,0.8861,0.1222,0.009846,4.296
783176,520,479,999,220,40,27,29.56,0.9614,0.5100,0.168151,0,0,4,264.05,1.0000,0.0106,0.000088,4.355
783186,520,403,923,202,55,251,315.68,0.9785,0.5849,0.222554,20,33,24,153.86,0.3457,0.1292,0.013024,4.325
783243,520,382,902,138,124,238,286.48,0.7863,0.5950,0.259913,23,41,45,213.26,0.3343,0.1640,0.019574,4.454
783248,520,460,980,230,35,20,29.81,0.9785,0.5272,0.180786,24,7,1,49.89,0.7917,0.0624,0.003484,4.315
783259,520,364,884,242,42,207,337.00,0.9609,0.6129,0.250411,46,30,66,302.76,0.5178,0.1709,0.019028,4.352
783271,520,410,930,186,68,251,310.35,0.9716,0.5734,0.215394,37,29,11,85.87,0.5173,0.1321,0.012962,4.215
783275,520,415,935,215,19,230,324.63,0.9852,0.5703,0.206280,3,22,69,262.81,0.9340,0.1195,0.010228,4.255
783279,520,405,925,250,49,27,30.48,0.9807,0.5786,0.226034,9,28,64,261.64,0.7706,0.1320,0.012587,4.410
783288,520,474,994,216,7,159,344.61,0.9836,0.5244,0.172565,3,0,21,283.98,1.0000,0.0286,0.000735,4.387
783318,520,39,559,254,235,238,6.61,0.8416,0.9488,0.866611,37,125,67,150.80,0.9217,0.4478,0.154652,4.479
783322,520,449,969,194,28,235,317.77,0.9701,0.5424,0.182994,29,2,33,322.71,0.8189,0.0740,0.004145,4.303
783341,520,400,920,231,9,201,335.87,0.9919,0.5771,0.214040,57,13,25,7.60,0.6884,0.1364,0.012280,4.240
783349,520,413,933,230,50,164,347.40,0.8911,0.5739,0.217872,43,19,33,345.30,0.4535,0.1246,0.010892,4.399
783369,520,442,962,238,10,50,23.31,0.9937,0.5368,0.186278,3,12,45,265.08,0.8795,0.0752,0.004717,4.318
783393,520,407,927,209,66,200,330.59,0.8444,0.5708,0.216237,49,4,64,315.56,0.8739,0.1342,0.011100,4.357
783397,520,366,886,177,103,250,304.39,0.9314,0.6074,0.259503,66,23,40,357.93,0.5828,0.1743,0.019244,4.470
783398,520,330,850,255,81,135,5.88,1.0000,0.6381,0.288976,56,47,13,94.26,0.6991,0.2060,0.029029,4.289
783406,520,352,872,239,100,68,34.38,0.8825,0.6201,0.278853,27,51,20,138.99,0.7468,0.1904,0.026511,4.298
783422,520,392,912,195,78,245,313.86,0.9324,0.5929,0.236446,6,41,29,166.13,0.8633,0.1487,0.017132,4.267
783426,520,381,901,220,42,245,322.16,0.9695,0.5999,0.234662,56,26,35,1.83,0.4430,0.1602,0.017010,4.248
783464,520,422,942,235,33,142,355.16,0.9398,0.5630,0.207059,30,24,13,82.15,0.3438,0.1107,0.009584,4.314
783466,520,381,901,219,37,255,319.79,1.0000,0.6030,0.236051,68,13,36,359.48,0.7360,0.1624,0.016444,4.305
783484,520,342,862,222,80,234,324.55,0.9088,0.6280,0.272094,2,41,90,256.75,0.9563,0.1863,0.023368,4.390
783490,520,370,890,239,27,230,330.41,0.9854,0.6147,0.248505,78,0,41,356.63,1.0000,0.1732,0.017801,4.403
783496,520,348,868,200,133,104,44.15,0.4908,0.6262,0.300553,2,55,20,149.24,0.9911,0.1930,0.027957,4.497
783518,520,453,973,206,81,4,43.21,0.9869,0.5274,0.190176,23,8,15,351.26,0.4261,0.0672,0.003903,4.456
783532,520,192,712,227,180,165,38.44,0.4572,0.7768,0.516913,17,91,27,144.80,0.9775,0.3227,0.076802,4.471
783534,520,470,990,223,31,83,13.89,0.9427,0.5188,0.172953,7,6,12,293.14,0.2655,0.0443,0.002020,4.286
783544,520,428,948,226,27,184,339.55,0.9570,0.5632,0.204159,22,11,60,285.89,0.8072,0.1025,0.007361,4.431
783562,520,462,982,233,27,61,21.29,0.9726,0.5334,0.184475,0,11,7,173.08,1.0000,0.0479,0.002547,4.462
783565,520,228,748,230,156,185,354.38,0.5926,0.7365,0.441044,31,82,2,137.81,0.9956,0.2948,0.063301,4.334
783578,520,447,967,226,62,12,34.95,0.9833,0.5413,0.196434,26,9,30,319.74,0.5663,0.0801,0.005087,4.473
783607,520,400,920,201,60,240,317.70,0.9287,0.5793,0.219420,60,5,35,352.81,0.8069,0.1368,0.011907,4.352
783629,520,342,862,217,105,196,334.97,0.7292,0.6321,0.288422,25,45,72,256.30,0.5134,0.1927,0.025512,4.482
783644,520,341,861,242,107,5,46.93,0.9938,0.6317,0.294066,27,52,52,195.65,0.3971,0.2036,0.029368,4.335
783647,520,411,931,226,51,178,341.86,0.8908,0.5743,0.217533,53,11,17,16.05,0.7201,0.1235,0.010368,4.432
783658,520,271,791,224,138,193,341.76,0.6463,0.6971,0.378762,43,68,17,131.82,0.8627,0.2569,0.046882,4.426
783659,520,463,983,204,69,128,357.05,0.7382,0.5298,0.186541,0,11,17,224.87,1.0000,0.0516,0.002798,4.480
783672,520,427,947,213,66,158,346.26,0.7909,0.5551,0.205133,29,21,3,86.97,0.7406,0.0998,0.008041,4.396
783677,520,399,919,230,14,213,332.51,0.9895,0.5838,0.219437,47,25,19,36.04,0.4183,0.1384,0.013467,4.245
783681,520,350,870,255,69,139,2.78,1.0000,0.6268,0.273838,22,50,42,172.88,0.5167,0.1902,0.026189,4.250
783693,520,441,961,232,3,128,358.40,0.9951,0.5418,0.187824,32,6,42,315.15,0.7528,0.0917,0.006045,4.243
783695,520,357,877,254,41,175,348.80,0.9917,0.6180,0.257553,59,9,89,307.86,0.8748,0.1788,0.018465,4.492
783720,520,342,862,240,38,246,326.86,0.9825,0.6318,0.265679,69,31,31,21.28,0.5045,0.1912,0.023443,4.298
783722,520,432,952,209,12,216,326.55,0.9871,0.5479,0.187781,12,11,62,274.48,0.8931,0.0962,0.006653,4.197
783726,520,452,972,224,40,77,16.98,0.9265,0.5252,0.179035,3,16,31,250.48,0.6845,0.0735,0.004888,4.173
783727,520,435,955,176,73,237,309.88,0.8890,0.5539,0.201105,8,23,1,134.77,0.9683,0.0853,0.006666,4.431
783729,520,370,890,245,88,56,33.35,0.9375,0.6121,0.266807,10,46,42,184.72,0.7387,0.1716,0.021856,4.409
783734,520,404,924,218,16,234,324.47,0.9897,0.5775,0.212186,12,14,87,270.25,0.9539,0.1299,0.010803,4.312
783753,520,343,863,252,40,199,341.41,0.9812,0.6255,0.263398,30,6,129,274.86,0.9883,0.1903,0.019911,4.483
783755,520,313,833,228,111,190,341.38,0.7557,0.6551,0.315827,32,50,86,263.00,0.5275,0.2210,0.032601,4.429
783757,520,472,992,225,39,60,22.23,0.9448,0.5234,0.177877,4,1,9,304.76,0.7000,0.0257,0.000672,4.497
783768,520,466,986,180,90,113,5.26,0.5405,0.5151,0.182092,24,2,11,354.71,0.7388,0.0549,0.002618,4.411
783774,520,419,939,236,28,134,357.87,0.9530,0.5595,0.203877,17,22,52,273.32,0.5917,0.1122,0.009409,4.273
783796,520,470,990,174,56,217,315.12,0.8690,0.5165,0.168378,5,0,37,278.67,1.0000,0.0449,0.001658,4.227
783799,520,420,940,230,8,166,345.69,0.9882,0.5555,0.197526,30,14,49,301.93,0.6493,0.1067,0.008119,4.259
783808,520,300,820,243,77,254,325.27,0.9961,0.6704,0.315207,95,13,69,344.67,0.8024,0.2337,0.031508,4.481
783817,520,272,792,245,135,109,34.33,0.8441,0.6957,0.378472,16,72,45,157.72,0.9019,0.2613,0.049341,4.313
783828,520,400,920,233,69,127,3.51,0.8346,0.5822,0.231150,48,28,4,67.93,0.7869,0.1441,0.014677,4.347
783832,520,469,989,228,32,15,30.01,0.9844,0.5210,0.175645,7,3,12,307.40,0.5056,0.0366,0.001368,4.393
783838,520,392,912,218,43,242,322.32,0.9651,0.5950,0.230460,68,1,25,7.24,0.9610,0.1458,0.013211,4.437
783839,520,328,848,249,47,249,328.20,0.9827,0.6538,0.290152,23,57,12,139.06,0.9395,0.2068,0.031349,4.181
783842,520,389,909,254,49,9,31.90,0.9960,0.5860,0.232909,24,13,94,276.93,0.9374,0.1455,0.012901,4.498
783846,520,419,939,162,101,206,309.23,0.6675,0.5552,0.214455,32,23,23,18.35,0.1697,0.1135,0.009818,4.421
783852,520,421,941,202,81,165,341.34,0.7123,0.5583,0.211598,12,16,71,271.41,0.8978,0.1144,0.009036,4.431
783869,520,452,972,235,6,28,26.98,0.9967,0.5273,0.178795,26,10,4,45.39,0.5698,0.0719,0.004455,4.202
783875,520,344,864,242,27,240,328.75,0.9888,0.6265,0.259551,47,32,86,292.49,0.6401,0.1919,0.023092,4.235
783888,520,446,966,196,72,173,335.78,0.7478,0.5407,0.193893,39,2,13,6.16,0.8407,0.0819,0.005039,4.431
783889,520,442,962,139,88,251,292.55,0.9563,0.5402,0.194334,7,20,19,189.40,0.4152,0.0808,0.005925,4.369
783899,520,385,905,200,65,245,316.05,0.9452,0.5862,0.226539,0,43,15,150.39,1.0000,0.1494,0.017622,4.090
783904,520,466,986,204,61,120,359.47,0.7704,0.5174,0.175330,3,6,34,269.48,0.8663,0.0540,0.002651,4.280
783907,520,425,945,228,57,114,6.09,0.8579,0.5566,0.206379,17,4,81,275.99,0.9768,0.1125,0.008000,4.420
783909,520,399,919,226,49,198,335.72,0.9184,0.5838,0.224450,20,29,67,270.29,0.6453,0.1433,0.014326,4.267
783923,520,392,912,230,25,223,329.99,0.9816,0.5935,0.228485,65,1,56,335.32,0.9363,0.1546,0.014312,4.330
783946,520,309,829,246,109,120,17.59,0.8679,0.6558,0.318891,24,58,42,161.23,0.6211,0.2172,0.033874,4.398
783948,520,421,941,227,49,153,350.45,0.8798,0.5625,0.208301,37,5,61,305.29,0.8626,0.1137,0.008388,4.424
783960,520,408,928,196,40,253,314.06,0.9899,0.5666,0.203465,46,23,10,48.98,0.5798,0.1305,0.012156,4.078
783964,520,337,857,244,65,227,332.31,0.9513,0.6444,0.285625,2,42,100,258.80,0.9698,0.1984,0.025888,4.423
783978,520,480,1000,208,17,158,343.07,0.9512,0.5110,0.162816,0,0,0,0.00,0.0000,0.0000,0.000000,4.256
784004,520,466,986,163,83,200,313.72,0.7198,0.5224,0.181439,15,3,25,308.20,0.7290,0.0519,0.002369,4.419
784015,520,447,967,149,87,237,298.73,0.8543,0.5383,0.193206,29,12,5,45.26,0.5583,0.0803,0.005351,4.394
784017,520,430,950,236,46,78,18.51,0.9334,0.5541,0.203400,12,27,3,134.42,0.9108,0.1003,0.008686,4.318
784019,520,291,811,228,129,176,351.06,0.6678,0.6794,0.353311,9,67,5,142.02,0.9896,0.2353,0.040832,4.440
784020,520,420,940,232,54,95,13.42,0.8920,0.5564,0.206233,9,20,59,267.34,0.8079,0.1085,0.008741,4.362
784048,520,347,867,226,69,245,323.17,0.9572,0.6301,0.270196,72,28,13,38.92,0.7286,0.1870,0.022375,4.424
784079,520,453,973,225,41,62,21.91,0.9391,0.5251,0.179441,5,16,26,245.52,0.5125,0.0721,0.004774,4.189
784092,520,477,997,223,1,83,12.30,0.9985,0.5086,0.163370,4,1,1,21.00,0.4725,0.0215,0.000497,4.225
784105,520,343,863,245,24,245,328.31,0.9920,0.6341,0.266611,36,41,64,274.03,0.3456,0.1850,0.023311,4.319
784109,520,411,931,235,60,90,16.47,0.8901,0.5666,0.216351,4,16,83,265.91,0.9598,0.1241,0.010208,4.424
784112,520,390,910,228,46,206,333.93,0.9366,0.5899,0.229067,34,36,16,113.55,0.4687,0.1489,0.016392,4.203
784132,520,424,944,183,90,197,322.25,0.7054,0.5596,0.214119,13,17,68,272.09,0.8664,0.1136,0.009038,4.474
784149,520,441,961,137,96,234,293.15,0.8186,0.5372,0.196246,21,19,23,307.96,0.1089,0.0911,0.006870,4.330
784151,520,422,942,235,17,152,351.33,0.9756,0.5608,0.203330,8,5,82,269.54,0.9846,0.1094,0.007693,4.391
784182,520,344,864,247,3,236,330.83,0.9990,0.6271,0.258984,15,54,11,141.79,0.9559,0.1926,0.027640,3.980
784223,520,319,839,233,107,169,351.64,0.7607,0.6476,0.307060,19,58,55,188.25,0.6447,0.2197,0.034403,4.230
784240,520,320,840,240,96,195,341.77,0.8723,0.6544,0.308338,25,55,54,192.64,0.4787,0.2127,0.032053,4.367
784245,520,427,947,215,43,190,335.17,0.9057,0.5553,0.198947,44,8,15,12.53,0.7029,0.1015,0.007437,4.334
784261,520,464,984,221,40,92,11.30,0.9069,0.5226,0.176651,10,6,11,320.27,0.2561,0.0467,0.002189,4.343
784265,520,332,852,208,123,167,348.32,0.5463,0.6369,0.303674,1,56,42,170.02,0.9878,0.2020,0.030018,4.420
784275,520,375,895,251,42,152,355.45,0.9657,0.6030,0.244356,16,16,108,270.03,0.9673,0.1620,0.015633,4.485
784281,520,458,978,205,67,135,353.83,0.7513,0.5320,0.187447,28,0,20,340.42,1.0000,0.0609,0.002974,4.482
784285,520,343,863,250,77,161,354.81,0.9404,0.6338,0.282082,57,42,8,83.97,0.7734,0.1932,0.025434,4.402
784295,520,448,968,143,97,221,297.76,0.7484,0.5356,0.196096,22,15,27,310.56,0.3239,0.0849,0.005914,4.401
784323,520,460,980,194,43,207,324.46,0.9031,0.5299,0.177036,10,13,16,248.36,0.1361,0.0641,0.003898,4.212
784324,520,366,886,244,34,207,337.38,0.9730,0.6124,0.248851,21,28,94,271.36,0.8624,0.1680,0.017980,4.396
784330,520,455,975,227,46,37,28.70,0.9502,0.5299,0.184214,5,0,52,272.65,1.0000,0.0612,0.002802,4.436
784332,520,220,740,243,148,221,335.92,0.8839,0.7525,0.454570,73,70,70,17.33,0.0267,0.3047,0.062390,4.489
784336,520,430,950,226,1,167,344.40,0.9983,0.5468,0.189831,28,1,67,292.81,0.9782,0.1023,0.006738,4.227
784337,520,387,907,218,13,245,321.99,0.9937,0.5850,0.217879,52,28,20,39.17,0.4429,0.1533,0.016112,4.052
784344,520,402,922,229,20,212,332.53,0.9829,0.5829,0.219143,4,10,91,266.29,0.9817,0.1258,0.009981,4.487
784383,520,396,916,197,98,163,342.15,0.6138,0.5752,0.232515,7,37,40,204.48,0.7074,0.1407,0.015214,4.332
784386,520,397,917,236,8,191,339.74,0.9927,0.5804,0.217710,7,26,76,264.23,0.8861,0.1375,0.013057,4.246
784393,520,415,935,204,0,255,316.38,1.0000,0.5674,0.200590,8,0,96,268.33,1.0000,0.1227,0.008961,4.250
784397,520,478,998,198,59,143,347.64,0.7692,0.5137,0.171187,6,0,4,338.03,1.0000,0.0222,0.000475,4.382
784403,520,247,767,221,166,6,84.43,0.9863,0.7163,0.426594,3,80,36,151.00,0.9925,0.2835,0.058838,4.379
784412,520,272,792,236,110,252,323.02,0.9830,0.6978,0.360150,48,50,121,277.39,0.6805,0.2622,0.042899,4.415
784419,520,380,900,253,54,101,13.78,0.9831,0.5991,0.244642,33,24,82,284.01,0.7454,0.1575,0.015858,4.474
784443,520,432,952,243,21,20,28.68,0.9897,0.5481,0.196450,4,13,64,266.69,0.9389,0.0967,0.006838,4.336
784445,520,447,967,231,44,18,31.10,0.9803,0.5353,0.188370,19,12,32,298.22,0.4951,0.0783,0.005057,4.330
784451,520,469,989,174,79,182,324.47,0.6971,0.5206,0.179691,1,0,40,267.05,1.0000,0.0440,0.001596,4.452
784452,520,246,766,221,144,252,315.71,0.9606,0.7327,0.423481,28,76,40,149.21,0.8470,0.2781,0.055688,4.480
784453,520,328,848,250,31,245,329.40,0.9895,0.6451,0.278995,60,9,116,296.68,0.9352,0.2089,0.024170,4.436
784463,520,436,956,183,69,230,314.12,0.8718,0.5538,0.200377,12,18,37,269.09,0.4878,0.0883,0.006443,4.436
784471,520,452,972,211,71,70,24.61,0.8162,0.5289,0.187999,13,13,20,284.65,0.2115,0.0682,0.004239,4.388
784481,520,349,869,253,61,167,352.05,0.9795,0.6264,0.270135,46,45,4,108.13,0.8818,0.1869,0.024664,4.288
784489,520,470,990,210,62,82,17.44,0.8179,0.5186,0.177584,1,9,7,179.93,0.7497,0.0441,0.002172,4.362
784490,520,333,853,244,27,249,327.18,0.9910,0.6360,0.268593,68,38,20,50.54,0.5609,0.2018,0.026658,4.156
784491,520,471,991,184,79,145,344.37,0.6436,0.5164,0.178281,10,3,12,320.45,0.5232,0.0397,0.001562,4.427
784500,520,472,992,184,9,239,314.33,0.9923,0.5233,0.166189,11,1,8,336.75,0.7125,0.0337,0.001104,4.230
784506,520,453,973,217,60,88,15.33,0.8378,0.5313,0.186905,29,4,26,332.66,0.7110,0.0734,0.004227,4.369
784509,520,358,878,244,6,232,331.09,0.9978,0.6196,0.251924,2,48,60,220.52,0.9360,0.1842,0.024529,4.051
784520,520,314,834,235,95,228,329.67,0.9053,0.6624,0.314503,57,53,2,104.76,0.9543,0.2230,0.034205,4.329
784534,520,372,892,231,97,90,25.72,0.8103,0.6054,0.262792,34,42,21,125.84,0.4544,0.1678,0.020501,4.437
784535,520,448,968,214,46,171,340.93,0.8719,0.5449,0.191926,0,9,56,263.37,1.0007,0.0785,0.004809,4.414
784551,520,435,955,185,63,225,316.33,0.8760,0.5465,0.193067,9,19,31,253.63,0.4333,0.0851,0.006227,4.323
784561,520,384,904,249,57,71,22.93,0.9653,0.5877,0.235244,8,41,20,152.12,0.8950,0.1470,0.016879,4.265
784563,520,325,845,244,55,245,327.90,0.9708,0.6479,0.285608,20,39,113,267.06,0.8810,0.2111,0.027919,4.307
784580,520,366,886,245,41,184,344.18,0.9531,0.6055,0.244622,79,3,32,6.11,0.9189,0.1748,0.018320,4.312
784594,520,473,993,162,64,231,307.17,0.8771,0.5189,0.171183,1,2,15,269.54,0.8414,0.0283,0.000844,4.350
784613,520,390,910,255,20,114,7.36,1.0000,0.5882,0.229790,66,13,11,26.89,0.8396,0.1513,0.014705,4.324
784620,520,289,809,237,109,211,335.88,0.8683,0.6755,0.336473,59,56,48,89.88,0.1186,0.2427,0.039716,4.308
784622,520,433,953,233,54,36,30.13,0.9505,0.5488,0.200924,20,13,53,285.33,0.7295,0.0972,0.006936,4.407
784635,520,427,947,217,22,204,331.68,0.9707,0.5568,0.196874,12,21,37,261.33,0.4493,0.0957,0.007480,4.295
784658,520,448,968,217,5,176,339.56,0.9904,0.5352,0.179972,4,13,47,266.02,0.8645,0.0797,0.005189,4.167
784663,520,432,952,208,40,207,328.45,0.9262,0.5518,0.194344,13,6,70,274.99,0.9560,0.0986,0.006580,4.319
784699,520,411,931,201,53,235,319.12,0.9304,0.5695,0.209634,30,21,53,293.99,0.5543,0.1231,0.010694,4.278
784713,520,419,939,242,51,26,30.99,0.9738,0.5638,0.213228,38,14,39,325.85,0.5728,0.1109,0.008727,4.482
784716,520,470,990,221,49,54,25.15,0.9241,0.5221,0.178378,6,3,26,284.89,0.7811,0.0438,0.001784,4.410
784720,520,461,981,178,87,159,335.82,0.6078,0.5263,0.187857,9,10,11,247.09,0.0496,0.0549,0.002993,4.488
784730,520,402,922,211,17,248,319.54,0.9909,0.5767,0.210289,19,28,50,266.12,0.4625,0.1271,0.011992,4.199
784731,520,280,800,216,120,253,315.78,0.9787,0.6861,0.351251,37,57,91,260.51,0.4842,0.2471,0.040748,4.422
784739,520,400,920,229,85,20,40.05,0.9647,0.5759,0.232083,37,34,1,104.50,0.9499,0.1442,0.015396,4.313
784742,520,71,591,222,233,213,130.74,0.3431,0.9072,0.786113,22,117,88,166.88,0.9252,0.4238,0.135971,4.496
784747,520,331,851,245,92,143,2.98,0.8680,0.6365,0.290530,65,41,1,74.43,0.9635,0.2017,0.027120,4.416
784751,520,448,968,209,28,196,331.80,0.9459,0.5397,0.183734,30,7,19,349.88,0.5777,0.0770,0.004750,4.269
784779,520,468,988,194,27,206,324.96,0.9467,0.5196,0.167110,2,2,30,271.46,0.9476,0.0404,0.001501,4.216
784780,520,384,904,195,66,252,312.97,0.9802,0.5851,0.225280,13,9,103,269.64,0.9824,0.1455,0.012601,4.397
784784,520,469,989,174,19,252,308.53,0.9865,0.5222,0.164936,15,1,6,353.56,0.7443,0.0378,0.001364,4.185
784786,520,423,943,224,43,177,341.46,0.9081,0.5643,0.207519,51,4,14,13.68,0.8482,0.1094,0.008225,4.423
784800,520,458,978,191,15,237,316.68,0.9870,0.5344,0.175338,7,4,40,278.21,0.8890,0.0584,0.002852,4.264
784807,520,460,980,209,62,123,359.40,0.7802,0.5289,0.184328,23,6,9,8.83,0.5028,0.0613,0.003322,4.395
784811,520,314,834,237,83,240,327.07,0.9428,0.6584,0.304847,27,50,83,257.51,0.5589,0.2157,0.031386,4.360
784819,520,418,938,203,86,152,348.01,0.6755,0.5610,0.216209,41,15,42,326.00,0.5852,0.1190,0.009803,4.451
784850,520,399,919,208,19,253,317.67,0.9916,0.5763,0.209692,59,1,45,340.62,0.9205,0.1354,0.011411,4.229
784858,520,431,951,201,31,224,322.26,0.9592,0.5468,0.187810,20,1,71,282.41,0.9879,0.0983,0.006253,4.227
784859,520,374,894,254,49,94,15.53,0.9923,0.5957,0.240793,62,22,15,31.80,0.6721,0.1576,0.016326,4.384
784876,520,456,976,205,46,169,339.18,0.8511,0.5275,0.177997,7,10,31,273.39,0.6097,0.0633,0.003612,4.253
784880,520,331,851,232,96,189,341.78,0.8134,0.6388,0.291981,59,41,45,4.13,0.2259,0.2023,0.027052,4.438
784922,520,466,986,221,26,98,7.86,0.9441,0.5161,0.169955,7,7,17,282.94,0.3721,0.0488,0.002376,4.200
784923,520,425,945,234,19,142,354.45,0.9702,0.5552,0.199141,18,14,70,277.22,0.8669,0.1140,0.008848,4.234
784932,520,415,935,215,1,233,324.02,0.9993,0.5685,0.203540,11,34,3,137.94,0.9615,0.1219,0.012217,4.075
784943,520,336,856,250,30,241,330.32,0.9893,0.6421,0.276064,49,18,114,288.68,0.8894,0.2007,0.023005,4.466
784947,520,465,985,226,31,80,15.27,0.9489,0.5244,0.177308,7,5,24,285.30,0.6349,0.0481,0.002197,4.355
784955,520,429,949,229,12,163,346.43,0.9815,0.5529,0.195681,21,15,50,286.63,0.6589,0.0992,0.007314,4.287
784962,520,431,951,236,22,98,9.91,0.9709,0.5454,0.192917,21,3,70,283.30,0.9610,0.1010,0.006667,4.287
784981,520,465,985,189,81,127,355.95,0.6318,0.5201,0.182375,10,5,16,306.06,0.4534,0.0464,0.002105,4.460
784996,520,369,889,247,27,189,342.91,0.9774,0.6051,0.242353,58,31,17,47.35,0.5404,0.1691,0.019201,4.225
784997,520,400,920,185,87,229,313.78,0.8333,0.5789,0.227888,44,17,61,309.86,0.6849,0.1401,0.012733,4.430
785001,520,417,937,242,34,134,359.30,0.9488,0.5742,0.217458,15,14,79,273.10,0.9250,0.1220,0.009801,4.472
785003,520,341,861,238,69,211,335.23,0.9160,0.6287,0.271392,62,6,105,302.76,0.9378,0.1974,0.021744,4.480
785009,520,478,998,224,18,28,27.30,0.9872,0.5067,0.163666,3,0,6,311.99,1.0000,0.0187,0.000325,4.246
785012,520,367,887,237,15,234,329.03,0.9936,0.6103,0.242893,60,32,14,51.74,0.6098,0.1741,0.020255,4.169
785015,520,407,927,219,53,193,335.43,0.8889,0.5716,0.214588,39,7,73,299.29,0.8752,0.1309,0.010644,4.363
785019,520,400,920,222,56,189,337.49,0.8813,0.5771,0.220344,13,33,51,247.77,0.5584,0.1377,0.014122,4.216
785026,520,387,907,222,24,239,324.25,0.9853,0.5904,0.224170,4,35,62,248.93,0.8224,0.1470,0.015756,4.170
785051,520,355,875,252,1,202,340.26,0.9995,0.6153,0.249848,47,30,72,300.21,0.5671,0.1766,0.020008,4.283
785055,520,361,881,255,48,155,355.57,1.0000,0.6156,0.257440,62,19,68,322.59,0.7025,0.1769,0.019074,4.451
785062,520,386,906,242,58,130,2.57,0.8953,0.5894,0.235182,5,28,85,263.36,0.9308,0.1505,0.015185,4.375
785069,520,275,795,245,109,233,331.04,0.9490,0.6988,0.362354,36,61,74,232.09,0.3800,0.2476,0.042068,4.479
785075,520,137,657,249,204,51,91.11,0.9431,0.8378,0.635663,5,103,81,171.17,0.9805,0.3735,0.103264,4.474
785080,520,443,963,174,74,220,313.22,0.8236,0.5394,0.190644,15,11,42,284.23,0.6757,0.0797,0.005081,4.369
785110,520,456,976,214,55,113,3.72,0.8220,0.5275,0.182231,21,6,13,350.89,0.4723,0.0598,0.003188,4.366
785114,520,448,968,184,15,253,311.26,0.9910,0.5371,0.176249,12,2,63,276.96,0.9793,0.0832,0.004804,4.128
785130,520,438,958,218,28,189,336.12,0.9493,0.5517,0.194124,20,7,56,287.06,0.8488,0.0905,0.005862,4.370
785142,520,330,850,203,108,236,316.66,0.8483,0.6394,0.294790,71,42,1,69.22,0.9641,0.2137,0.029979,4.311
785149,520,320,840,247,90,178,349.24,0.9095,0.6506,0.303038,45,46,66,281.86,0.2710,0.2083,0.029052,4.466
785157,520,373,893,229,84,150,355.44,0.7791,0.6011,0.252032,9,44,25,155.73,0.8696,0.1587,0.019296,4.359
785160,520,418,938,232,52,101,10.96,0.8925,0.5562,0.205543,8,28,42,241.77,0.5997,0.1153,0.010493,4.224
785168,520,413,933,245,46,17,31.18,0.9861,0.5656,0.214104,34,20,38,318.55,0.4040,0.1161,0.009804,4.416
785202,520,372,892,173,119,215,308.81,0.6521,0.6075,0.269847,19,44,50,215.28,0.4784,0.1731,0.021700,4.461
785211,520,387,907,236,38,195,338.88,0.9532,0.5931,0.231620,54,23,38,351.24,0.4866,0.1523,0.015371,4.308
785215,520,368,888,228,92,146,358.32,0.7516,0.6087,0.262261,14,43,58,234.20,0.6190,0.1719,0.021265,4.382
785226,520,412,932,207,55,224,323.48,0.9150,0.5728,0.213813,27,8,74,286.40,0.8975,0.1185,0.009011,4.471
785229,520,378,898,241,66,143,358.46,0.8787,0.5995,0.245834,17,31,87,267.92,0.8328,0.1647,0.017872,4.359
785238,520,361,881,238,0,252,325.26,1.0000,0.6219,0.252080,40,17,110,283.73,0.9071,0.1849,0.019777,4.329
785240,520,416,936,209,62,212,327.12,0.8796,0.5743,0.217559,12,17,73,270.88,0.8995,0.1183,0.009600,4.489
785245,520,458,978,227,32,80,15.47,0.9480,0.5270,0.179460,10,13,11,156.36,0.1149,0.0624,0.003765,4.268
785261,520,461,981,149,66,255,297.80,1.0000,0.5252,0.175062,2,12,15,214.46,0.6147,0.0549,0.003103,4.238
785267,520,415,935,238,25,148,353.47,0.9630,0.5677,0.210136,27,11,76,284.85,0.8763,0.1245,0.009941,4.340
785273,520,272,792,240,134,171,358.61,0.7473,0.7036,0.385181,36,69,29,140.18,0.7837,0.2570,0.047199,4.477
785281,520,471,991,184,10,233,315.67,0.9901,0.5184,0.162919,4,5,13,275.14,0.3942,0.0393,0.001634,4.124
785282,520,417,937,201,40,243,317.63,0.9612,0.5664,0.204077,33,11,70,293.62,0.8265,0.1248,0.010049,4.231
785300,520,478,998,193,73,114,2.19,0.6843,0.5104,0.173192,4,0,13,300.75,1.0000,0.0244,0.000549,4.415
785317,520,295,815,242,131,57,50.80,0.8871,0.6761,0.354080,32,58,88,253.10,0.5152,0.2447,0.040376,4.471
785332,520,369,889,225,78,191,338.22,0.8320,0.6055,0.252202,16,20,113,269.26,0.9620,0.1741,0.018026,4.442
785338,520,455,975,220,56,42,29.43,0.9224,0.5252,0.182138,18,8,2,62.08,0.6092,0.0568,0.003067,4.374
785344,520,349,869,250,60,191,343.77,0.9624,0.6311,0.273205,59,33,60,325.64,0.4475,0.1913,0.023439,4.401
785357,520,426,946,150,102,227,298.62,0.7637,0.5570,0.215330,41,18,9,41.74,0.5672,0.1117,0.009238,4.479
785359,520,403,923,242,66,52,29.07,0.9419,0.5799,0.230249,36,29,21,70.50,0.2306,0.1331,0.013080,4.443
785363,520,350,870,248,60,195,342.12,0.9516,0.6295,0.271314,73,17,63,335.91,0.7267,0.1907,0.021765,4.477
785372,520,429,949,226,32,147,351.48,0.9272,0.5470,0.193111,24,10,56,290.82,0.7846,0.0993,0.006968,4.267
785377,520,457,977,195,33,208,324.64,0.9338,0.5259,0.172455,1,14,7,162.42,0.9016,0.0564,0.003359,4.169
785395,520,381,901,217,68,219,327.38,0.8923,0.5977,0.240024,35,34,50,287.00,0.2649,0.1573,0.017317,4.308
785402,520,461,981,233,21,3,29.96,0.9972,0.5261,0.178697,14,5,15,323.70,0.4568,0.0500,0.002364,4.367
785429,520,410,930,238,62,91,16.74,0.8930,0.5746,0.223808,25,30,29,182.25,0.0946,0.1264,0.012239,4.399
785435,520,235,755,216,154,239,316.59,0.7950,0.7387,0.439431,19,78,71,183.64,0.8018,0.2911,0.060419,4.432
785438,520,319,839,216,138,18,69.05,0.9483,0.6488,0.328214,56,54,2,107.29,0.9555,0.2247,0.034835,4.458
785448,520,464,984,155,82,216,306.25,0.7755,0.5216,0.179615,9,6,21,291.93,0.5121,0.0504,0.002425,4.380
785449,520,338,858,252,80,161,355.54,0.9601,0.6406,0.290092,46,48,12,112.26,0.7197,0.1967,0.027213,4.405
785454,520,443,963,148,89,231,299.21,0.8186,0.5355,0.192104,2,2,67,266.34,0.9935,0.0812,0.004615,4.433
785461,520,453,973,219,36,136,354.00,0.8977,0.5309,0.181019,5,12,36,266.75,0.7111,0.0693,0.004226,4.260
785466,520,318,838,225,103,233,325.13,0.8859,0.6610,0.315931,19,62,1,138.63,0.9966,0.2208,0.035858,4.262
785468,520,418,938,188,65,240,313.58,0.9179,0.5645,0.207644,23,16,72,280.67,0.8235,0.1237,0.010206,4.279
785474,520,396,916,238,75,63,28.30,0.9127,0.5836,0.235713,31,29,50,287.44,0.3626,0.1404,0.014003,4.464
785488,520,434,954,231,4,161,347.42,0.9939,0.5542,0.196518,17,12,59,279.96,0.8194,0.0985,0.006979,4.327
785510,520,400,920,216,82,153,350.69,0.7372,0.5775,0.229356,16,24,75,270.63,0.8209,0.1367,0.012714,4.454
785524,520,454,974,234,14,33,26.53,0.9918,0.5274,0.179195,7,0,55,274.58,1.0000,0.0663,0.003210,4.307
785528,520,360,880,239,30,237,328.74,0.9851,0.6204,0.253964,79,10,40,0.32,0.8029,0.1839,0.020328,4.322
785534,520,341,861,202,130,128,21.41,0.4582,0.6288,0.300818,12,54,46,177.62,0.7837,0.2002,0.029136,4.433
785545,520,298,818,227,129,165,357.33,0.6437,0.6739,0.347500,33,63,6,134.05,0.9639,0.2323,0.038914,4.471
785577,520,428,948,227,40,167,345.31,0.9147,0.5628,0.206411,12,20,41,266.65,0.5253,0.0958,0.007385,4.468
785580,520,406,926,236,61,115,7.53,0.8717,0.5760,0.224112,33,26,33,326.11,0.1777,0.1261,0.011719,4.441
785612,520,470,990,227,37,29,28.87,0.9666,0.5227,0.177457,8,2,27,291.24,0.8307,0.0440,0.001742,4.396
785626,520,365,885,231,55,223,330.14,0.9422,0.6120,0.250514,67,9,61,332.84,0.7907,0.1697,0.017258,4.468
785641,520,336,856,243,52,232,330.80,0.9652,0.6358,0.273396,91,6,34,9.77,0.9016,0.2049,0.024703,4.329
785657,520,362,882,229,68,212,332.62,0.9020,0.6132,0.255481,16,49,39,170.47,0.6613,0.1827,0.024532,4.099
785658,520,14,534,247,250,240,120.27,0.5385,0.9768,0.944366,30,133,59,148.09,0.9649,0.4701,0.173661,4.446
785676,520,475,995,230,3,86,12.32,0.9961,0.5246,0.175630,0,5,1,150.49,1.0000,0.0299,0.001107,4.415
785679,520,468,988,197,49,171,336.29,0.8284,0.5167,0.170090,11,5,1,69.62,0.6471,0.0417,0.001819,4.247
785686,520,385,905,248,32,145,356.68,0.9617,0.5892,0.230372,72,0,16,16.86,1.0000,0.1515,0.014154,4.370
785691,520,384,904,221,20,246,322.46,0.9900,0.5926,0.225284,15,23,94,269.53,0.9213,0.1549,0.015224,4.221
785709,520,446,966,199,30,222,322.22,0.9583,0.5415,0.183462,41,1,6,17.86,0.9467,0.0823,0.005064,4.240
785710,520,472,992,137,87,231,295.20,0.8259,0.5194,0.179043,15,0,3,4.71,1.0000,0.0337,0.001082,4.484
785714,520,473,993,193,57,174,334.17,0.7988,0.5190,0.173213,4,4,7,284.63,0.2138,0.0341,0.001280,4.353
785723,520,475,995,219,48,62,22.56,0.9138,0.5184,0.175244,3,2,8,292.37,0.5024,0.0273,0.000803,4.434
785734,520,433,953,222,21,184,338.52,0.9660,0.5534,0.195291,14,11,60,276.88,0.8648,0.0955,0.006589,4.335
785740,520,352,872,240,56,203,337.82,0.9331,0.6165,0.256682,47,46,10,107.73,0.7446,0.1917,0.025803,4.046
785745,520,467,987,176,64,202,319.46,0.8087,0.5170,0.171622,2,4,20,269.32,0.7439,0.0382,0.001502,4.303
785753,520,414,934,234,18,183,341.62,0.9794,0.5745,0.213468,41,20,5,55.16,0.6810,0.1151,0.009827,4.404
785756,520,282,802,210,145,192,337.20,0.5165,0.6922,0.377594,0,72,18,146.04,1.0000,0.2520,0.046782,4.418
785764,520,370,890,230,60,210,333.40,0.9167,0.6064,0.247103,33,19,99,281.14,0.8819,0.1676,0.016899,4.441
785770,520,351,871,213,78,254,317.18,0.9935,0.6257,0.267523,0,30,121,263.40,1.0008,0.1949,0.023088,4.344
785771,520,425,945,222,80,31,37.70,0.9304,0.5567,0.213684,17,25,31,241.00,0.2346,0.1066,0.009133,4.459
785779,520,363,883,222,54,250,321.32,0.9785,0.6147,0.250721,38,32,65,290.09,0.4794,0.1652,0.018267,4.405
785784,520,415,935,239,9,157,350.46,0.9894,0.5691,0.209835,34,16,57,300.56,0.6769,0.1216,0.010061,4.326
785794,520,385,905,251,53,102,13.11,0.9678,0.5946,0.240183,9,42,9,143.20,0.9505,0.1487,0.017337,4.309
785796,520,291,811,253,99,194,345.66,0.9761,0.6788,0.337044,71,47,54,0.18,0.2695,0.2373,0.036391,4.480
785802,520,398,918,213,78,188,335.80,0.7928,0.5842,0.232277,15,24,81,269.79,0.8675,0.1423,0.013488,4.446
785813,520,403,923,234,62,147,355.14,0.8595,0.5842,0.230471,7,35,26,168.61,0.7544,0.1285,0.013218,4.437
785814,520,432,952,212,70,136,355.52,0.7604,0.5485,0.201571,28,23,9,90.41,0.4535,0.1048,0.008794,4.279
785850,520,476,996,135,68,249,293.88,0.9585,0.5053,0.161247,3,1,5,310.43,0.5673,0.0222,0.000520,4.181
785858,520,393,913,233,48,186,340.99,0.9209,0.5889,0.229854,47,23,32,356.66,0.4018,0.1384,0.013215,4.427
785860,520,421,941,210,0,234,322.53,1.0000,0.5605,0.196440,47,6,24,357.88,0.7455,0.1074,0.008006,4.249
785866,520,433,953,221,58,131,358.14,0.8282,0.5501,0.200395,30,19,22,0.96,0.2288,0.1012,0.007997,4.317
785870,520,471,991,219,52,73,19.63,0.8889,0.5240,0.179997,8,4,5,359.83,0.2296,0.0376,0.001494,4.466
785890,520,447,967,236,12,94,10.81,0.9864,0.5413,0.189071,25,7,31,317.06,0.6347,0.0759,0.004576,4.381
785928,520,311,831,252,51,240,330.96,0.9887,0.6555,0.293574,18,57,59,199.91,0.6446,0.2178,0.033705,4.105
785929,520,467,987,213,65,52,28.99,0.8768,0.5225,0.181771,10,2,19,306.79,0.7305,0.0406,0.001550,4.496
785941,520,444,964,235,39,55,24.06,0.9589,0.5434,0.193922,36,5,20,353.57,0.7015,0.0839,0.005342,4.408
785961,520,464,984,196,38,196,328.17,0.9029,0.5223,0.171092,10,2,37,286.98,0.9025,0.0540,0.002415,4.218
785963,520,456,976,178,6,253,309.67,0.9962,0.5258,0.166881,11,6,30,289.31,0.6676,0.0578,0.002951,4.096
785984,520,462,982,227,31,76,16.69,0.9527,0.5256,0.178356,16,5,2,45.32,0.5704,0.0477,0.002231,4.372
785986,520,388,908,220,44,229,325.91,0.9542,0.5897,0.226763,11,39,37,188.83,0.6216,0.1474,0.016557,4.158
785989,520,392,912,231,86,107,15.04,0.7998,0.5935,0.247088,12,40,37,185.78,0.6116,0.1510,0.017293,4.415
785993,520,368,888,235,44,219,332.18,0.9591,0.6089,0.245806,75,7,45,352.60,0.8154,0.1749,0.018375,4.326
786020,520,404,924,209,26,253,317.84,0.9914,0.5803,0.213876,53,14,36,348.70,0.6413,0.1346,0.011984,4.257
786024,520,473,993,228,20,64,19.60,0.9784,0.5204,0.173674,12,0,4,353.99,1.0000,0.0301,0.000869,4.397
786054,520,249,769,244,126,220,335.44,0.9144,0.7161,0.393244,42,72,65,177.63,0.3790,0.2809,0.055085,4.218
786063,520,477,997,213,42,102,6.39,0.8725,0.5108,0.167638,0,1,15,263.52,1.0011,0.0235,0.000562,4.304
786075,520,431,951,221,67,103,11.10,0.8110,0.5504,0.203683,21,11,59,285.12,0.8053,0.1005,0.007145,4.439
786090,520,465,985,234,2,35,25.74,0.9988,0.5248,0.176604,11,4,27,295.08,0.7093,0.0514,0.002371,4.327
786091,520,399,919,255,22,85,16.19,1.0000,0.5818,0.224935,9,8,102,268.08,0.9865,0.1411,0.011910,4.441
786096,520,422,942,212,69,171,341.26,0.7924,0.5630,0.211956,13,30,23,165.67,0.4592,0.1150,0.010759,4.311
786103,520,413,933,183,79,237,311.77,0.8829,0.5712,0.217746,48,16,26,2.67,0.5541,0.1246,0.010736,4.408
786105,520,478,998,93,95,252,276.05,0.9793,0.5109,0.175392,1,1,12,274.56,0.8685,0.0231,0.000547,4.459
786112,520,480,1000,219,42,5,32.19,0.9932,0.5083,0.167296,0,0,0,0.00,0.0000,0.0000,0.000000,4.346
786129,520,411,931,230,52,157,349.91,0.8809,0.5723,0.217160,12,22,65,268.73,0.8021,0.1202,0.010336,4.428
786151,520,426,946,225,48,149,351.35,0.8758,0.5562,0.202940,54,0,15,10.88,1.0000,0.1105,0.008189,4.347
786159,520,476,996,168,17,253,306.59,0.9910,0.5135,0.158183,5,0,9,314.44,1.0000,0.0236,0.000520,4.121
786183,520,441,961,207,39,187,333.90,0.9013,0.5365,0.183063,15,16,37,279.33,0.4925,0.0860,0.006057,4.158
786188,520,411,931,201,63,225,321.27,0.8923,0.5712,0.214103,13,27,54,262.20,0.6115,0.1234,0.011357,4.304
786196,520,446,966,232,46,13,31.80,0.9864,0.5387,0.191419,7,9,54,271.73,0.9077,0.0813,0.005069,4.384
786197,520,405,925,235,45,156,350.99,0.9123,0.5760,0.219421,53,9,33,351.14,0.7196,0.1267,0.010622,4.444
786198,520,428,948,203,28,243,318.41,0.9776,0.5634,0.199997,17,18,47,278.47,0.5905,0.0993,0.007570,4.342
786220,520,316,836,232,89,237,326.39,0.9244,0.6557,0.304172,95,1,68,344.59,0.9636,0.2248,0.028724,4.499
786221,520,414,934,248,41,69,21.41,0.9644,0.5735,0.219756,32,23,44,302.97,0.4039,0.1236,0.011017,4.421
786224,520,395,915,238,6,204,336.68,0.9957,0.5912,0.226699,44,27,5,70.64,0.7327,0.1358,0.013304,4.371
786238,520,443,963,203,29,208,326.91,0.9498,0.5376,0.181311,9,2,65,273.56,0.9856,0.0835,0.004831,4.219
786242,520,388,908,227,20,222,329.53,0.9852,0.5859,0.221075,19,19,95,272.48,0.9279,0.1516,0.014303,4.216
786244,520,214,734,223,157,244,317.78,0.8616,0.7551,0.463347,15,84,54,159.18,0.9336,0.3039,0.067083,4.384
786259,520,448,968,209,67,132,356.14,0.7619,0.5379,0.192377,28,15,5,59.67,0.5436,0.0850,0.005995,4.329
786275,520,392,912,243,72,81,22.35,0.9204,0.5925,0.242867,23,32,60,268.80,0.5016,0.1476,0.015414,4.477
786300,520,470,990,107,91,253,280.93,0.9830,0.5157,0.176993,11,3,7,345.03,0.4496,0.0388,0.001516,4.406
786303,520,469,989,179,27,238,312.81,0.9700,0.5205,0.165417,12,3,4,10.85,0.4583,0.0387,0.001521,4.181
786308,520,467,987,177,29,240,311.72,0.9679,0.5201,0.165181,8,4,10,316.25,0.3625,0.0395,0.001604,4.170
786345,520,410,930,167,107,209,309.74,0.6617,0.5742,0.233349,31,30,31,325.65,0.0256,0.1333,0.013188,4.484
786359,520,391,911,210,67,228,323.01,0.9009,0.5914,0.233191,67,12,10,27.11,0.8613,0.1521,0.014784,4.371
786374,520,398,918,200,72,221,321.71,0.8606,0.5764,0.221360,49,7,68,312.22,0.8390,0.1411,0.012223,4.361
786381,520,471,991,224,38,35,27.96,0.9609,0.5176,0.173577,0,6,13,237.70,1.0000,0.0377,0.001593,4.333
786395,520,375,895,239,57,177,345.52,0.9053,0.6021,0.244542,18,42,35,172.59,0.5028,0.1597,0.019058,4.265
786396,520,473,993,221,51,49,26.81,0.9253,0.5232,0.179642,12,0,14,324.12,1.0000,0.0347,0.001099,4.494
786403,520,460,980,219,55,75,19.47,0.8778,0.5272,0.183030,27,5,5,23.04,0.6621,0.0641,0.003525,4.354
786407,520,413,933,254,3,49,24.04,0.9987,0.5695,0.213615,14,15,78,272.30,0.9205,0.1218,0.009850,4.405
786433,520,464,984,179,61,203,320.34,0.8237,0.5190,0.172341,1,13,3,149.15,0.9501,0.0526,0.003009,4.194
786434,520,326,846,253,103,40,40.46,0.9845,0.6461,0.307397,18,59,18,143.31,0.9360,0.2119,0.033001,4.306
786450,520,425,945,230,48,121,2.73,0.8880,0.5551,0.203202,9,23,58,264.69,0.7609,0.1145,0.009763,4.237
786454,520,343,863,248,54,199,340.79,0.9557,0.6270,0.267214,22,35,101,269.18,0.8432,0.1907,0.023121,4.338
786456,520,462,982,196,52,184,331.73,0.8359,0.5254,0.176541,8,8,16,283.85,0.2909,0.0515,0.002627,4.305
786484,520,428,948,205,47,225,322.84,0.9313,0.5640,0.204501,5,18,53,264.26,0.8421,0.0963,0.007219,4.448
786489,520,455,975,200,66,161,341.40,0.7627,0.5339,0.187508,3,3,48,269.54,0.9726,0.0610,0.002979,4.483
786490,520,460,980,177,58,228,313.29,0.8898,0.5316,0.179756,29,2,12,358.75,0.7769,0.0634,0.003312,4.310
786494,520,372,892,237,60,200,338.03,0.9173,0.6128,0.254091,12,46,46,195.15,0.6725,0.1741,0.022293,4.206
786514,520,462,982,213,43,140,351.54,0.8592,0.5257,0.177697,5,12,2,134.07,0.7560,0.0532,0.002996,4.296
786520,520,352,872,244,20,229,331.80,0.9913,0.6206,0.253935,43,2,123,283.89,0.9916,0.1910,0.019870,4.350
786528,520,407,927,209,10,241,320.63,0.9939,0.5662,0.201251,39,12,61,305.56,0.7586,0.1256,0.010312,4.166
786531,520,457,977,199,17,212,324.87,0.9756,0.5288,0.172982,19,8,9,13.29,0.3268,0.0601,0.003319,4.182
786542,520,279,799,209,131,238,316.35,0.8249,0.6869,0.359621,17,71,0,139.83,1.0000,0.2512,0.046255,4.256
786556,520,382,902,195,98,212,321.47,0.7462,0.5981,0.250922,72,14,1,35.46,0.9765,0.1639,0.016942,4.495
786558,520,416,936,229,63,143,355.68,0.8391,0.5744,0.221989,8,22,69,266.18,0.8732,0.1220,0.010551,4.492
786566,520,365,885,243,16,222,333.26,0.9924,0.6133,0.247021,64,17,57,334.18,0.6921,0.1703,0.017864,4.377
786585,520,289,809,255,125,19,50.72,1.0000,0.6836,0.359775,10,67,16,144.30,0.9790,0.2367,0.041161,4.495
786587,520,480,1000,139,96,187,304.12,0.5919,0.5053,0.174428,0,0,0,0.00,0.0000,0.0000,0.000000,4.489
786590,520,334,854,250,66,192,343.70,0.9608,0.6367,0.280293,61,35,68,318.90,0.4773,0.2031,0.026116,4.339
786592,520,321,841,236,65,251,324.43,0.9844,0.6465,0.285809,5,57,61,202.99,0.8954,0.2146,0.032953,4.048
786600,520,328,848,237,77,244,326.15,0.9580,0.6546,0.298463,37,52,56,215.95,0.2169,0.2127,0.031348,4.284
786601,520,396,916,224,94,23,43.53,0.9469,0.5804,0.239171,23,28,68,274.23,0.6389,0.1440,0.014300,4.497
786618,520,438,958,199,59,211,324.52,0.8707,0.5545,0.199748,35,7,23,347.94,0.6365,0.0868,0.005712,4.483
786621,520,472,992,231,9,68,18.20,0.9913,0.5243,0.176047,6,2,13,303.52,0.6356,0.0332,0.001112,4.423
786630,520,476,996,225,8,32,26.20,0.9945,0.5064,0.162884,3,0,16,290.10,1.0000,0.0250,0.000568,4.210
786638,520,380,900,234,77,135,1.68,0.8192,0.5958,0.245522,10,43,29,162.02,0.7907,0.1570,0.018809,4.295
786642,520,399,919,230,24,200,335.95,0.9738,0.5787,0.216490,23,34,41,236.62,0.2532,0.1414,0.014863,4.109
786644,520,347,867,237,97,128,9.38,0.7992,0.6250,0.281152,2,47,78,245.21,0.9251,0.1931,0.025958,4.360
786657,520,438,958,232,55,48,27.90,0.9344,0.5489,0.201046,31,12,33,323.64,0.5380,0.0938,0.006641,4.432
786666,520,435,955,233,43,99,10.76,0.9198,0.5507,0.199553,21,20,1,107.08,0.8895,0.0875,0.006619,4.408
786687,520,309,829,249,70,226,333.81,0.9707,0.6566,0.300140,93,18,25,21.02,0.8390,0.2175,0.028304,4.472
786697,520,422,942,233,66,51,29.35,0.9160,0.5622,0.214621,3,18,72,264.63,0.9380,0.1143,0.009198,4.470
786701,520,438,958,194,49,230,318.42,0.9256,0.5514,0.193805,16,22,12,133.30,0.3398,0.0906,0.007105,4.269
786722,520,400,920,227,7,211,332.31,0.9942,0.5756,0.211885,26,32,49,268.93,0.3263,0.1428,0.014744,4.045
786748,520,458,978,204,58,149,346.78,0.7899,0.5263,0.180354,16,4,36,296.50,0.7891,0.0630,0.003244,4.326
786756,520,416,936,224,13,209,332.10,0.9880,0.5701,0.207410,15,21,61,272.02,0.7351,0.1161,0.009748,4.308
786758,520,372,892,230,34,237,326.59,0.9782,0.6067,0.240839,1,38,84,256.33,0.9732,0.1725,0.020326,4.136
786767,520,457,977,196,65,173,335.60,0.7744,0.5323,0.185352,13,8,24,296.77,0.4815,0.0599,0.003252,4.420
786777,520,362,882,226,93,159,352.15,0.7457,0.6118,0.265030,66,25,49,346.43,0.5646,0.1817,0.020754,4.452
786800,520,362,882,220,92,173,344.37,0.7381,0.6066,0.258892,64,21,66,325.90,0.6725,0.1817,0.020198,4.400
786803,520,466,986,155,60,253,300.63,0.9860,0.5243,0.172925,9,11,3,118.11,0.4970,0.0546,0.003040,4.203
786809,520,461,981,197,51,195,328.64,0.8603,0.5332,0.181798,11,0,32,295.32,1.0000,0.0460,0.001754,4.479
786825,520,478,998,203,37,146,346.48,0.8614,0.5051,0.160970,2,1,8,289.57,0.6935,0.0224,0.000521,4.176
786833,520,424,944,213,58,177,339.00,0.8381,0.5565,0.203487,32,22,0,86.82,1.0000,0.1056,0.008809,4.310
786846,520,250,770,223,143,227,325.21,0.7617,0.7205,0.408804,21,76,30,146.17,0.9414,0.2732,0.054218,4.402
786851,520,415,935,195,46,255,313.17,1.0000,0.5707,0.207774,31,14,67,291.89,0.7791,0.1237,0.010106,4.289
786867,520,365,885,168,107,254,299.76,0.9813,0.6061,0.259963,23,32,88,271.17,0.7737,0.1716,0.019197,4.479
786872,520,294,814,251,87,227,334.19,0.9784,0.6775,0.328745,98,31,15,34.63,0.8362,0.2435,0.036116,4.398
786887,520,468,988,218,3,153,346.99,0.9928,0.5244,0.172729,8,5,0,91.84,1.0000,0.0384,0.001602,4.316
786889,520,471,991,209,72,18,38.35,0.9551,0.5207,0.182360,1,8,3,154.57,0.8509,0.0401,0.001867,4.480
786891,520,479,999,196,45,161,339.39,0.8292,0.5059,0.161875,1,0,6,289.16,1.0000,0.0150,0.000196,4.221
786908,520,444,964,214,31,178,338.42,0.9271,0.5393,0.184927,29,11,10,24.10,0.4534,0.0796,0.005225,4.254
786921,520,469,989,229,7,45,23.82,0.9948,0.5161,0.170025,2,2,29,271.74,0.9427,0.0395,0.001450,4.276
786922,520,441,961,223,61,67,23.62,0.8844,0.5397,0.194334,14,10,56,278.41,0.8470,0.0899,0.005959,4.366
786924,520,412,932,227,30,195,336.65,0.9583,0.5727,0.212021,27,11,68,288.07,0.8351,0.1158,0.008897,4.449
786934,520,312,832,248,83,213,337.42,0.9547,0.6607,0.309499,26,51,91,259.40,0.6250,0.2238,0.033425,4.309
786944,520,438,958,240,25,50,24.18,0.9819,0.5458,0.194542,5,22,30,229.99,0.5982,0.0900,0.006998,4.290
786948,520,383,903,242,2,202,338.09,0.9987,0.5968,0.231879,70,0,38,354.89,1.0000,0.1541,0.014423,4.375
786954,520,388,908,244,22,168,348.33,0.9770,0.5873,0.226373,24,4,108,275.15,0.9883,0.1544,0.013636,4.343
786978,520,478,998,203,57,117,0.00,0.7836,0.5101,0.169092,0,1,16,263.65,1.0015,0.0242,0.000591,4.331
786992,520,414,934,252,17,27,27.81,0.9933,0.5664,0.211792,50,4,49,329.11,0.8182,0.1241,0.009868,4.373
787003,520,388,908,232,73,151,354.31,0.8227,0.5935,0.241580,46,19,70,305.07,0.7096,0.1536,0.014888,4.494
787012,520,404,924,246,18,141,357.12,0.9812,0.5784,0.219519,58,12,10,26.76,0.8063,0.1333,0.011846,4.358
787029,520,421,941,247,3,71,18.60,0.9981,0.5577,0.202978,45,14,3,41.78,0.8065,0.1100,0.008786,4.303
787035,520,469,989,217,28,117,0.18,0.9234,0.5150,0.168691,7,2,29,286.91,0.8600,0.0446,0.001773,4.224
787041,520,409,929,229,78,58,30.59,0.8809,0.5698,0.224151,26,27,52,280.32,0.4433,0.1318,0.012514,4.385
787063,520,471,991,183,21,228,316.38,0.9738,0.5158,0.162063,0,2,33,264.03,1.0045,0.0409,0.001532,4.115
787075,520,389,909,228,69,173,344.81,0.8398,0.5918,0.237699,65,9,32,0.98,0.7750,0.1504,0.014237,4.479
787110,520,479,999,165,42,240,307.56,0.9424,0.5101,0.159473,2,0,2,328.36,1.0000,0.0139,0.000173,4.175
787115,520,324,844,196,128,205,322.67,0.5997,0.6475,0.315829,10,54,72,230.35,0.7838,0.2126,0.031706,4.477
787126,520,406,926,227,78,104,13.85,0.7980,0.5750,0.227818,37,21,54,304.36,0.5620,0.1323,0.011960,4.484
787127,520,414,934,218,43,212,329.75,0.9366,0.5743,0.213888,20,29,23,155.51,0.2407,0.1170,0.010893,4.334
787133,520,438,958,181,75,220,315.59,0.8267,0.5508,0.200243,0,14,57,261.98,1.0000,0.0886,0.006094,4.461
787146,520,409,929,191,54,249,313.00,0.9669,0.5658,0.205554,14,34,33,191.32,0.4506,0.1316,0.013472,4.026
787148,520,370,890,226,77,189,339.13,0.8342,0.6050,0.251530,7,39,72,252.67,0.7971,0.1672,0.019640,4.330
787149,520,441,961,176,58,241,309.99,0.9254,0.5407,0.186080,31,14,10,34.08,0.4340,0.0883,0.006273,4.195
787178,520,477,997,219,24,98,7.40,0.9469,0.5110,0.165978,4,1,6,314.84,0.6159,0.0242,0.000607,4.268
787182,520,434,954,212,11,218,326.82,0.9893,0.5544,0.193004,11,10,69,272.66,0.9353,0.1019,0.007179,4.250
787184,520,419,939,249,22,13,29.32,0.9915,0.5610,0.207463,21,21,43,282.01,0.4481,0.1067,0.008702,4.386
787189,520,415,935,245,41,76,19.27,0.9567,0.5686,0.215236,5,8,89,267.01,0.9837,0.1211,0.009271,4.475
787192,520,376,896,205,99,186,334.60,0.6868,0.5999,0.254496,2,36,78,256.01,0.9399,0.1621,0.018246,4.462
787198,520,432,952,218,63,131,358.09,0.8026,0.5495,0.201015,13,2,78,273.87,0.9898,0.1030,0.006790,4.420
787200,520,417,937,241,13,136,357.68,0.9847,0.5652,0.207694,22,30,21,141.94,0.2715,0.1210,0.011532,4.188
787201,520,464,984,141,88,226,297.55,0.7988,0.5216,0.181333,24,1,5,9.66,0.8420,0.0507,0.002269,4.426
787218,520,425,945,175,85,228,310.63,0.8250,0.5616,0.212132,39,9,53,312.77,0.7573,0.1150,0.008838,4.455
787219,520,352,872,230,93,157,354.02,0.7665,0.6176,0.270885,45,22,108,286.88,0.8513,0.1944,0.022144,4.448
787232,520,441,961,135,93,250,290.53,0.9426,0.5431,0.198816,33,15,2,58.84,0.7722,0.0915,0.006694,4.389
787233,520,439,959,190,7,254,312.81,0.9961,0.5456,0.182561,9,12,58,271.99,0.8849,0.0917,0.006265,4.133
787254,520,420,940,238,50,30,30.38,0.9658,0.5551,0.205553,31,22,6,80.83,0.5858,0.1054,0.008783,4.347
787255,520,410,930,183,104,167,334.93,0.5449,0.5668,0.227590,3,35,28,175.32,0.8948,0.1273,0.013052,4.403
787272,520,433,953,245,3,66,19.73,0.9981,0.5526,0.198745,42,6,24,353.36,0.7154,0.0979,0.006885,4.373
787294,520,350,870,225,85,221,328.90,0.8772,0.6305,0.277271,0,55,19,149.21,1.0000,0.1921,0.027793,4.207
787314,520,113,633,248,203,220,353.63,0.7326,0.8670,0.678369,81,100,60,129.27,0.4475,0.3945,0.111898,4.499
787321,520,445,965,239,19,20,28.54,0.9903,0.5389,0.188703,10,18,30,258.29,0.3969,0.0827,0.005909,4.270
787332,520,29,549,247,241,242,5.63,0.2497,0.9570,0.890957,14,129,40,145.55,0.9911,0.4513,0.159464,4.492
787343,520,413,933,230,54,142,355.44,0.8691,0.5676,0.214171,20,15,68,279.23,0.8281,0.1152,0.009077,4.472
787345,520,397,917,194,58,251,313.27,0.9764,0.5753,0.214617,50,1,71,312.11,0.9682,0.1389,0.011548,4.299
787346,520,314,834,250,76,210,338.62,0.9668,0.6552,0.301490,95,21,17,27.89,0.8678,0.2239,0.030101,4.388
787349,520,323,843,237,95,189,343.08,0.8447,0.6454,0.298656,38,56,8,128.26,0.8971,0.2133,0.032579,4.222
787356,520,260,780,234,150,93,53.77,0.7377,0.7060,0.400976,6,74,58,171.46,0.9540,0.2698,0.052415,4.403
787388,520,477,997,208,5,170,339.13,0.9870,0.5145,0.164229,6,0,1,6.99,1.0000,0.0204,0.000409,4.250
787399,520,474,994,222,48,8,32.79,0.9894,0.5196,0.176638,5,1,5,327.43,0.5950,0.0251,0.000649,4.475
787401,520,371,891,146,124,255,287.96,1.0000,0.6146,0.277460,13,49,11,142.42,0.9477,0.1745,0.023063,4.482
787403,520,398,918,253,33,52,24.87,0.9911,0.5770,0.222221,11,13,96,269.07,0.9704,0.1396,0.012034,4.388
787405,520,466,986,225,41,25,29.95,0.9676,0.5210,0.176665,12,9,7,59.19,0.1378,0.0541,0.002889,4.286
787407,520,375,895,225,103,90,28.16,0.7611,0.6047,0.264487,14,45,26,154.00,0.7704,0.1644,0.020446,4.464
787419,520,405,925,237,10,192,339.70,0.9913,0.5832,0.220303,15,34,39,216.72,0.4298,0.1349,0.013920,4.229
787428,520,456,976,188,51,211,321.38,0.8812,0.5293,0.177635,9,14,4,128.13,0.5203,0.0620,0.003809,4.230
787432,520,409,929,213,65,185,336.51,0.8282,0.5678,0.214316,46,10,55,318.84,0.7512,0.1289,0.010738,4.352
787442,520,461,981,214,33,165,342.58,0.9102,0.5332,0.181028,1,5,33,265.20,0.9279,0.0491,0.002248,4.422
787458,520,460,980,222,30,136,354.37,0.9241,0.5334,0.182383,21,1,37,306.51,0.9176,0.0638,0.003147,4.372
787476,520,319,839,255,11,248,329.86,1.0000,0.6504,0.282798,60,26,110,296.34,0.7971,0.2203,0.028253,4.253
787483,520,406,926,252,4,127,2.37,0.9968,0.5825,0.223182,35,27,35,326.17,0.1957,0.1319,0.012626,4.362
787484,520,403,923,255,23,70,20.24,1.0000,0.5794,0.223188,48,15,44,332.46,0.6237,0.1316,0.011520,4.441
787491,520,458,978,235,0,28,26.76,1.0000,0.5260,0.177492,16,11,15,333.07,0.1789,0.0648,0.003840,4.225
787494,520,443,963,137,96,237,292.68,0.8359,0.5396,0.197985,1,18,32,242.48,0.8494,0.0777,0.005433,4.474
787498,520,355,875,237,82,161,352.54,0.8349,0.6167,0.266151,52,35,40,359.71,0.2397,0.1760,0.020854,4.462
787499,520,398,918,192,70,244,313.62,0.9329,0.5787,0.221196,23,36,4,128.59,0.8865,0.1366,0.014527,4.203
787501,520,408,928,238,40,139,357.16,0.9278,0.5716,0.215619,37,28,22,55.35,0.2165,0.1320,0.012818,4.228
787520,520,265,785,253,113,227,335.22,0.9869,0.7132,0.382417,3,66,88,228.91,0.9439,0.2578,0.046201,4.495
787535,520,247,767,201,148,249,307.31,0.8758,0.7152,0.404375,21,62,128,259.73,0.8311,0.2815,0.051629,4.471
787575,520,476,996,170,20,241,309.63,0.9805,0.5063,0.153981,0,1,12,262.93,1.0003,0.0216,0.000482,4.041
787598,520,433,953,139,100,242,291.97,0.8596,0.5528,0.210140,29,19,32,318.27,0.3246,0.1043,0.008313,4.461
787603,520,337,857,229,75,240,325.07,0.9393,0.6374,0.279836,38,49,42,157.10,0.1923,0.1988,0.027758,4.242
787609,520,423,943,223,74,71,25.42,0.8466,0.5554,0.210431,48,5,27,353.69,0.7694,0.1091,0.008162,4.478
787613,520,410,930,207,75,179,337.10,0.7715,0.5658,0.215541,58,5,29,358.65,0.8073,0.1301,0.010969,4.355
787615,520,392,912,216,41,243,321.61,0.9672,0.5913,0.226578,58,1,67,321.53,0.9561,0.1494,0.013266,4.372
787631,520,456,976,126,88,254,287.60,0.9894,0.5292,0.185706,7,0,49,276.74,1.0000,0.0594,0.002669,4.475
787639,520,478,998,158,58,240,304.33,0.9200,0.5145,0.165870,2,2,0,109.77,1.0000,0.0218,0.000563,4.269
787645,520,381,901,223,48,232,325.90,0.9535,0.5994,0.236302,49,7,88,300.54,0.9064,0.1608,0.015095,4.398
787646,520,412,932,211,54,214,327.24,0.9058,0.5718,0.213442,46,2,55,320.07,0.8982,0.1190,0.009002,4.465
787656,520,394,914,231,0,218,331.49,1.0000,0.5861,0.220535,11,39,14,145.57,0.8893,0.1403,0.015538,4.128
787658,520,371,891,229,64,212,332.60,0.9098,0.6094,0.250807,32,41,31,142.29,0.2386,0.1657,0.019919,4.302
787666,520,305,825,221,118,218,328.30,0.7816,0.6698,0.333927,52,56,35,117.14,0.3380,0.2312,0.036798,4.423
787697,520,416,936,220,20,212,330.33,0.9791,0.5668,0.204717,39,23,16,44.42,0.3688,0.1210,0.010816,4.188
787698,520,421,941,220,79,80,23.45,0.8037,0.5581,0.213893,22,25,30,260.67,0.1296,0.1104,0.009596,4.428
787702,520,437,957,196,4,254,314.46,0.9979,0.5544,0.189797,29,17,17,19.07,0.2615,0.0937,0.007026,4.205
787710,520,300,820,242,122,137,13.67,0.7905,0.6750,0.346051,31,63,9,135.64,0.9516,0.2313,0.038659,4.467
787711,520,451,971,234,25,86,13.78,0.9673,0.5395,0.188627,0,10,43,261.16,1.0000,0.0673,0.003915,4.426
787752,520,475,995,194,65,160,339.90,0.7526,0.5218,0.177897,3,1,16,286.65,0.8389,0.0283,0.000785,4.487
787761,520,422,942,213,64,165,343.48,0.8042,0.5563,0.205317,28,12,55,295.78,0.7359,0.1059,0.007857,4.413
787774,520,306,826,204,121,253,311.41,0.9712,0.6723,0.336050,59,55,23,102.23,0.5638,0.2336,0.037241,4.425
787778,520,449,969,194,44,215,322.31,0.9136,0.5364,0.181785,14,16,11,125.27,0.1754,0.0729,0.004881,4.223
787780,520,415,935,247,42,23,30.12,0.9810,0.5673,0.214955,51,2,42,337.05,0.8568,0.1188,0.009145,4.480
787784,520,314,834,249,107,109,21.83,0.9182,0.6551,0.317624,9,54,81,240.87,0.8020,0.2182,0.032903,4.434
787814,520,473,993,230,1,44,23.85,0.9993,0.5168,0.170296,7,1,17,303.24,0.8102,0.0336,0.001074,4.313
787816,520,411,931,247,45,2,31.99,0.9985,0.5686,0.216589,31,15,65,292.47,0.7533,0.1233,0.010146,4.432
787849,520,328,848,203,108,251,312.82,0.9559,0.6490,0.303878,17,54,62,214.44,0.6406,0.2094,0.031052,4.366
787859,520,419,939,171,84,240,306.52,0.8822,0.5638,0.212905,20,27,7,125.29,0.6281,0.1072,0.009479,4.420
787869,520,439,959,213,37,187,335.49,0.9165,0.5461,0.190593,13,1,73,275.20,0.9934,0.0949,0.005883,4.305
787870,520,377,897,238,23,205,336.48,0.9814,0.5959,0.232006,38,33,57,292.68,0.3729,0.1622,0.017952,4.150
787872,520,356,876,250,57,180,347.03,0.9591,0.6235,0.265488,65,28,24,27.76,0.5469,0.1763,0.020204,4.494
787887,520,346,866,244,101,9,44.22,0.9900,0.6259,0.285633,41,42,65,281.60,0.3234,0.1931,0.025090,4.470
787896,520,424,944,242,22,121,3.12,0.9725,0.5645,0.208348,48,6,26,355.66,0.7492,0.1101,0.008333,4.429
787898,520,431,951,237,22,119,2.93,0.9679,0.5537,0.199134,10,13,59,272.34,0.8726,0.0951,0.006681,4.395
787903,520,341,861,226,80,220,329.51,0.8868,0.6256,0.270755,2,57,24,151.03,0.9903,0.2007,0.030050,4.007
787906,520,476,996,148,82,208,305.33,0.7431,0.5065,0.168850,2,2,0,109.77,1.0000,0.0218,0.000563,4.328
787909,520,334,854,245,3,255,326.18,1.0000,0.6365,0.267004,2,46,86,251.40,0.9383,0.1965,0.026386,4.150
787918,520,430,950,227,62,67,23.99,0.8919,0.5485,0.201842,13,16,58,273.70,0.7957,0.1016,0.007616,4.371
787930,520,422,942,251,9,53,23.30,0.9958,0.5647,0.209654,0,11,79,263.98,1.0038,0.1091,0.008038,4.474
787951,520,462,982,234,1,54,21.84,0.9992,0.5267,0.177837,16,6,7,12.05,0.3460,0.0516,0.002558,4.335
787989,520,457,977,172,50,246,308.10,0.9525,0.5319,0.177065,16,9,16,326.44,0.2835,0.0611,0.003430,4.250
788000,520,402,922,239,15,185,342.15,0.9861,0.5842,0.221981,37,28,18,69.29,0.3053,0.1310,0.012675,4.340
788009,520,364,884,224,99,130,6.96,0.7075,0.6069,0.263850,19,43,42,192.00,0.4575,0.1663,0.020333,4.462
788010,520,407,927,219,58,186,337.68,0.8647,0.5720,0.216336,27,16,75,283.65,0.8192,0.1306,0.011116,4.358
788041,520,461,981,212,43,161,343.70,0.8683,0.5338,0.183002,18,3,5,10.63,0.5983,0.0465,0.002047,4.477
788051,520,390,910,255,28,119,6.13,1.0000,0.5925,0.234261,42,18,71,300.46,0.7314,0.1474,0.013798,4.456
788061,520,283,803,215,138,193,338.00,0.5864,0.6853,0.364757,50,64,25,125.91,0.6413,0.2513,0.044150,4.405
788067,520,468,988,198,2,210,325.20,0.9970,0.5220,0.167040,15,1,12,334.93,0.7609,0.0402,0.001498,4.215
788089,520,385,905,218,95,114,13.02,0.6926,0.5860,0.243070,8,41,40,192.21,0.7285,0.1538,0.017906,4.316
788090,520,365,885,214,70,243,320.34,0.9415,0.6110,0.251493,58,3,92,306.28,0.9535,0.1750,0.017375,4.475
788092,520,339,859,200,106,254,311.28,0.9876,0.6440,0.297442,40,51,25,127.65,0.4992,0.2019,0.028889,4.404
788113,520,469,989,228,17,71,17.37,0.9806,0.5206,0.173528,2,2,34,270.46,0.9623,0.0439,0.001718,4.322
788115,520,355,875,238,8,246,326.55,0.9974,0.6189,0.250072,27,19,113,274.64,0.9424,0.1795,0.018909,4.355
788125,520,476,996,182,87,89,20.43,0.5883,0.5060,0.174842,5,0,5,328.36,1.0000,0.0213,0.000432,4.458
788139,520,434,954,241,27,21,28.97,0.9847,0.5463,0.195422,30,17,27,335.26,0.3269,0.0989,0.007561,4.264
788179,520,428,948,246,25,34,27.25,0.9865,0.5569,0.204071,47,5,12,15.61,0.8113,0.1021,0.007395,4.427
788182,520,422,942,185,52,255,310.06,1.0000,0.5603,0.199913,23,1,79,282.28,0.9903,0.1113,0.007684,4.332
788187,520,335,855,223,109,180,344.02,0.7108,0.6399,0.299226,20,56,13,140.60,0.9403,0.2019,0.030060,4.362
788191,520,442,962,233,41,7,31.53,0.9930,0.5369,0.189280,29,11,8,30.96,0.4825,0.0791,0.005181,4.336
788200,520,402,922,248,26,130,1.33,0.9712,0.5812,0.223104,5,36,15,150.81,0.9317,0.1278,0.013285,4.315
788210,520,454,974,205,7,201,329.41,0.9888,0.5291,0.173501,23,7,32,311.76,0.6426,0.0739,0.004384,4.110
788215,520,460,980,217,61,79,19.03,0.8485,0.5303,0.186562,20,9,4,51.11,0.4670,0.0619,0.003529,4.419
788226,520,219,739,246,161,106,52.90,0.8237,0.7469,0.461255,33,82,42,147.58,0.8374,0.3008,0.065249,4.436
788231,520,471,991,193,36,197,327.04,0.9078,0.5165,0.166320,12,1,17,317.08,0.7952,0.0390,0.001404,4.208
788233,520,243,763,233,155,165,11.11,0.6089,0.7317,0.434848,5,81,3,142.35,0.9960,0.2834,0.059234,4.439
788256,520,410,930,238,14,154,351.27,0.9825,0.5669,0.208274,32,22,51,297.79,0.5112,0.1260,0.011199,4.220
788266,520,449,969,241,10,2,29.45,0.9985,0.5400,0.189257,4,15,31,255.44,0.6326,0.0718,0.004664,4.377
788273,520,276,796,244,119,215,336.96,0.9104,0.7028,0.373355,6,70,8,143.06,0.9906,0.2454,0.044364,4.486
788282,520,364,884,198,114,166,343.17,0.5390,0.6058,0.267950,11,45,48,203.40,0.6820,0.1715,0.021612,4.440
788283,520,458,978,236,8,19,28.13,0.9960,0.5294,0.180568,13,12,4,103.20,0.4263,0.0606,0.003573,4.304
788286,520,320,840,243,64,244,327.82,0.9646,0.6524,0.292558,24,59,7,137.67,0.9666,0.2136,0.033374,4.109
788291,520,428,948,243,37,20,29.93,0.9831,0.5557,0.204318,47,6,13,15.12,0.7831,0.1039,0.007637,4.412
788297,520,467,987,207,71,60,28.21,0.8279,0.5197,0.181003,10,3,17,308.45,0.6184,0.0421,0.001701,4.468
788299,520,200,720,254,141,252,327.81,0.9954,0.7697,0.471511,74,74,70,106.69,0.0439,0.3167,0.067956,4.421
788302,520,473,993,230,21,3,29.98,0.9971,0.5196,0.173690,5,2,12,300.16,0.6146,0.0316,0.001022,4.384
788323,520,408,928,184,83,231,313.25,0.8497,0.5734,0.221474,3,32,57,248.29,0.8358,0.1343,0.013477,4.277
788335,520,410,930,231,44,163,347.70,0.9095,0.5710,0.214374,45,17,46,326.10,0.5871,0.1311,0.011561,4.294
788361,520,423,943,212,10,228,324.40,0.9922,0.5614,0.198175,2,12,74,265.26,0.9671,0.1055,0.007702,4.301
788369,520,468,988,202,64,138,351.36,0.7565,0.5243,0.180603,14,4,0,59.89,1.0000,0.0421,0.001802,4.452
788370,520,413,933,250,11,103,9.82,0.9916,0.5726,0.215462,14,17,76,271.98,0.9002,0.1229,0.010160,4.413
788373,520,429,949,244,2,9,28.75,0.9992,0.5450,0.192998,34,18,12,41.29,0.4029,0.1015,0.007993,4.190
788375,520,396,916,239,8,184,342.38,0.9926,0.5822,0.219881,6,17,93,266.60,0.9641,0.1392,0.012298,4.332
788383,520,462,982,233,11,81,14.56,0.9882,0.5316,0.181602,3,12,12,195.46,0.4820,0.0546,0.003088,4.363
788392,520,460,980,231,30,52,23.70,0.9703,0.5294,0.181685,1,8,43,264.10,0.9352,0.0642,0.003545,4.327
788394,520,452,972,227,21,116,2.13,0.9595,0.5320,0.181310,6,2,55,272.77,0.9813,0.0693,0.003579,4.317
788416,520,465,985,226,5,92,9.82,0.9923,0.5182,0.170529,20,4,6,11.70,0.5629,0.0519,0.002487,4.202
788424,520,393,913,244,2,173,346.59,0.9982,0.5851,0.222968,54,0,66,319.08,1.0000,0.1402,0.011777,4.419
788425,520,425,945,220,3,212,330.36,0.9971,0.5628,0.200365,35,2,61,303.97,0.9355,0.1068,0.007377,4.364
788436,520,255,775,247,136,175,358.60,0.8218,0.7186,0.404801,36,72,40,146.44,0.6794,0.2692,0.051628,4.475
788437,520,360,880,195,100,245,312.22,0.9063,0.6223,0.273100,47,43,14,101.52,0.6257,0.1836,0.023638,4.388
788448,520,429,949,223,10,186,338.12,0.9861,0.5534,0.194527,3,28,13,154.75,0.9200,0.1002,0.008789,4.159
788490,520,345,865,240,57,220,333.15,0.9472,0.6270,0.266215,86,1,42,359.97,0.9667,0.1924,0.021677,4.412
788508,520,447,967,231,26,96,10.10,0.9585,0.5362,0.185752,5,4,63,269.68,0.9784,0.0816,0.004779,4.304
788528,520,464,984,231,19,41,25.29,0.9862,0.5233,0.176178,12,2,23,305.56,0.7734,0.0451,0.001834,4.363
788530,520,447,967,210,39,185,335.31,0.9034,0.5407,0.186575,15,13,30,287.54,0.4377,0.0752,0.004831,4.315
788531,520,463,983,217,64,38,32.17,0.9193,0.5275,0.185610,2,9,20,251.34,0.6316,0.0503,0.002588,4.480
788544,520,409,929,246,18,119,4.30,0.9816,0.5707,0.213608,51,4,57,322.89,0.8443,0.1319,0.010861,4.331
788577,520,354,874,187,108,234,311.22,0.8099,0.6171,0.272313,19,51,16,141.97,0.9017,0.1849,0.025434,4.273
788581,520,471,991,226,24,52,22.94,0.9756,0.5159,0.170729,2,0,36,270.91,1.0000,0.0409,0.001403,4.294
788604,520,317,837,241,68,252,325.39,0.9888,0.6577,0.298658,65,40,70,320.75,0.4264,0.2206,0.030837,4.313
788611,520,322,842,255,90,131,9.00,1.0000,0.6476,0.302144,33,57,20,135.90,0.7737,0.2142,0.033000,4.243
788634,520,468,988,206,22,178,336.25,0.9448,0.5204,0.169120,17,1,7,353.27,0.7632,0.0409,0.001562,4.250
788638,520,440,960,164,82,235,305.32,0.8577,0.5480,0.199258,33,14,2,55.77,0.7686,0.0895,0.006418,4.418
788639,520,387,907,249,34,134,0.57,0.9591,0.5881,0.230085,7,4,114,266.71,0.9955,0.1534,0.013468,4.413
788647,520,346,866,232,79,210,334.10,0.8833,0.6284,0.274033,9,53,5,141.72,0.9823,0.1862,0.026151,4.255
788654,520,415,935,185,64,251,310.28,0.9730,0.5678,0.209471,6,29,53,251.89,0.7315,0.1244,0.011744,4.202
788683,520,237,757,245,155,102,50.44,0.8224,0.7327,0.438169,61,72,56,135.92,0.2263,0.2931,0.059123,4.474
788687,520,430,950,200,57,205,326.54,0.8654,0.5502,0.196150,36,15,26,348.48,0.4452,0.1030,0.007913,4.250
788698,520,422,942,233,7,170,345.13,0.9909,0.5632,0.203807,5,31,12,149.83,0.9111,0.1107,0.010387,4.203
788699,520,384,904,248,51,115,8.12,0.9432,0.5907,0.235653,3,33,68,254.68,0.8850,0.1458,0.015243,4.378
788711,520,368,888,223,80,207,332.52,0.8532,0.6133,0.259324,48,24,81,299.12,0.7062,0.1740,0.018758,4.499
788725,520,362,882,223,87,194,336.93,0.8057,0.6149,0.264016,56,34,49,339.27,0.3400,0.1833,0.022066,4.357
788727,520,440,960,230,51,78,18.68,0.9107,0.5460,0.197436,35,13,12,23.89,0.4975,0.0930,0.006718,4.363
788730,520,460,980,203,52,170,338.43,0.8276,0.5295,0.180567,30,0,2,21.52,1.0000,0.0579,0.002805,4.366
788732,520,439,959,199,80,153,345.58,0.6918,0.5463,0.201811,32,15,4,55.00,0.6399,0.0905,0.006575,4.451
788741,520,391,911,229,38,207,333.87,0.9538,0.5875,0.225517,30,26,78,281.21,0.7072,0.1547,0.015648,4.197
788753,520,435,955,241,32,31,28.15,0.9790,0.5494,0.198361,36,5,34,330.56,0.7369,0.0910,0.005992,4.436
788762,520,375,895,255,57,49,28.17,1.0000,0.5968,0.244118,23,37,60,259.94,0.4596,0.1610,0.018315,4.305
788768,520,451,971,234,41,53,24.74,0.9559,0.5424,0.193385,5,13,33,263.92,0.6446,0.0693,0.004299,4.482
788777,520,457,977,222,29,139,353.26,0.9276,0.5342,0.182750,24,7,5,30.29,0.5384,0.0636,0.003571,4.345
788788,520,288,808,255,62,252,328.79,1.0000,0.6756,0.317365,2,68,24,148.35,0.9946,0.2393,0.042129,3.988
788816,520,477,997,90,101,237,274.60,0.8857,0.5069,0.175948,3,0,8,305.48,1.0000,0.0200,0.000369,4.486
788818,520,417,937,185,82,219,316.79,0.8072,0.5651,0.214644,53,7,29,355.88,0.7534,0.1225,0.009977,4.412
788829,520,418,938,226,74,60,28.96,0.8751,0.5593,0.213953,36,24,1,82.60,0.9184,0.1162,0.010306,4.377
788838,520,462,982,195,24,217,322.43,0.9642,0.5282,0.172667,18,2,9,350.56,0.6767,0.0455,0.001918,4.289
788839,520,390,910,212,109,47,48.35,0.8158,0.5874,0.251416,16,39,39,195.48,0.4736,0.1508,0.017076,4.494
788843,520,387,907,234,32,202,336.40,0.9654,0.5904,0.227924,62,16,6,34.31,0.8436,0.1464,0.014080,4.337
788846,520,477,997,156,47,248,302.77,0.9634,0.5087,0.158787,5,1,2,359.77,0.5178,0.0235,0.000584,4.128
788851,520,435,955,233,51,69,21.74,0.9253,0.5504,0.201240,11,16,43,272.15,0.6328,0.0873,0.006161,4.474
788854,520,466,986,172,58,224,312.61,0.8782,0.5210,0.171795,13,6,15,319.12,0.3852,0.0512,0.002503,4.224
788861,520,258,778,220,135,248,317.34,0.9257,0.7133,0.393222,35,75,19,138.14,0.9291,0.2748,0.054363,4.247
788865,520,365,885,242,90,6,41.14,0.9931,0.6062,0.262059,42,35,59,296.80,0.3611,0.1728,0.020101,4.452
788870,520,433,953,198,27,235,318.89,0.9728,0.5485,0.187893,8,15,66,269.25,0.9088,0.1049,0.007866,4.111
788877,520,348,868,202,122,163,348.43,0.5105,0.6251,0.291214,11,50,53,202.46,0.7298,0.1899,0.026093,4.484
788922,520,437,957,212,70,128,359.07,0.7590,0.5454,0.199381,14,22,13,141.87,0.3458,0.0893,0.006962,4.378
788930,520,460,980,206,8,196,331.03,0.9862,0.5278,0.172830,11,1,48,282.41,0.9743,0.0636,0.003062,4.199
788941,520,430,950,229,10,157,348.30,0.9839,0.5496,0.193122,11,22,38,257.70,0.4772,0.0982,0.007849,4.203
788946,520,236,756,247,134,228,333.73,0.9437,0.7370,0.424281,30,74,91,226.43,0.5976,0.2925,0.059287,4.340
788962,520,395,915,224,81,157,350.92,0.7724,0.5915,0.241689,12,36,39,206.27,0.5403,0.1394,0.014863,4.497
788976,520,430,950,223,66,77,21.30,0.8562,0.5470,0.201229,34,13,38,321.02,0.5724,0.1027,0.007679,4.356
789000,520,406,926,200,73,223,321.14,0.8631,0.5789,0.223736,57,14,4,35.61,0.8650,0.1331,0.011928,4.420
789010,520,401,921,216,7,249,320.65,0.9968,0.5836,0.215924,15,32,57,257.97,0.5773,0.1401,0.014299,4.136
789012,520,471,991,227,15,79,14.65,0.9808,0.5196,0.172400,0,6,11,229.57,1.0000,0.0368,0.001544,4.315
789021,520,413,933,174,79,246,306.74,0.9272,0.5658,0.212452,38,24,7,69.80,0.6049,0.1201,0.010807,4.316
789031,520,473,993,223,29,98,8.39,0.9389,0.5217,0.174513,9,1,6,339.45,0.6742,0.0305,0.000929,4.408
789038,520,341,861,253,32,213,337.79,0.9895,0.6312,0.267230,46,49,28,115.17,0.3798,0.2025,0.028613,4.035
789039,520,400,920,187,98,195,324.18,0.6717,0.5769,0.232414,34,32,15,102.50,0.4279,0.1373,0.014076,4.407
789048,520,333,853,249,48,231,332.45,0.9752,0.6429,0.280262,5,48,85,250.00,0.8660,0.2023,0.028019,4.233
789069,520,412,932,199,63,225,320.67,0.8899,0.5681,0.211349,46,12,27,355.69,0.6177,0.1151,0.009230,4.412
789070,520,377,897,255,23,146,357.34,1.0000,0.5998,0.239518,71,8,5,29.01,0.9323,0.1558,0.015245,4.437
789077,520,465,985,198,53,163,339.49,0.8069,0.5177,0.171981,6,10,9,179.89,0.1735,0.0516,0.002755,4.208
789088,520,429,949,193,85,162,339.96,0.6643,0.5480,0.204446,33,15,35,323.40,0.4913,0.1031,0.007864,4.397
789101,520,459,979,234,18,12,29.17,0.9905,0.5274,0.179548,3,2,53,269.00,0.9862,0.0646,0.003198,4.315
789118,520,363,883,239,7,229,330.67,0.9969,0.6089,0.241626,40,14,102,286.50,0.9038,0.1719,0.017245,4.337
789140,520,418,938,200,33,243,317.51,0.9705,0.5609,0.198397,33,27,3,95.85,0.8071,0.1203,0.011138,4.063
789141,520,475,995,146,90,206,303.71,0.7045,0.5158,0.178799,3,4,7,266.51,0.2430,0.0330,0.001215,4.467
789160,520,472,992,225,30,55,22.62,0.9645,0.5172,0.172148,10,1,8,334.06,0.7048,0.0325,0.001038,4.353
789162,520,37,557,250,236,242,349.49,0.5847,0.9485,0.867261,6,125,109,179.54,0.9802,0.4541,0.158093,4.408
789176,520,480,1000,212,38,108,3.41,0.8805,0.5078,0.164684,0,0,0,0.00,0.0000,0.0000,0.000000,4.294
789183,520,439,959,207,41,200,330.11,0.9129,0.5461,0.190233,26,8,43,304.19,0.7194,0.0873,0.005677,4.315
789191,520,457,977,192,17,227,319.24,0.9811,0.5284,0.171549,17,10,1,82.10,0.7832,0.0595,0.003385,4.150
789227,520,420,940,229,7,180,341.25,0.9909,0.5608,0.201080,7,5,84,268.71,0.9865,0.1116,0.007937,4.334
789230,520,287,807,243,133,111,32.44,0.8254,0.6895,0.369801,12,69,8,142.12,0.9837,0.2434,0.043518,4.489
789235,520,449,969,223,38,125,359.05,0.9006,0.5357,0.185575,29,2,22,339.12,0.7785,0.0675,0.003626,4.393
789255,520,237,757,165,173,243,278.72,0.7506,0.7295,0.443570,48,77,31,135.30,0.7374,0.2915,0.060349,4.473
789256,520,440,960,153,99,218,302.39,0.7278,0.5487,0.207583,0,27,2,144.56,1.0000,0.0929,0.007882,4.450
789290,520,446,966,238,28,51,24.09,0.9774,0.5430,0.192499,19,0,59,287.23,1.0000,0.0814,0.004542,4.446
789326,520,416,936,228,34,181,341.02,0.9416,0.5685,0.209769,48,16,7,36.94,0.7097,0.1196,0.010144,4.319
789330,520,276,796,228,139,187,346.95,0.6546,0.7019,0.385489,28,70,22,141.25,0.9193,0.2546,0.046850,4.497
789341,520,460,980,223,25,133,355.44,0.9413,0.5318,0.180794,7,15,3,133.59,0.6994,0.0627,0.003934,4.279
789345,520,388,908,248,64,18,33.73,0.9847,0.5871,0.236704,59,6,60,327.32,0.8166,0.1510,0.013864,4.489
789357,520,464,984,189,59,181,330.52,0.7970,0.5185,0.172844,3,12,12,195.46,0.4820,0.0546,0.003088,4.198
789376,520,407,927,250,27,16,29.41,0.9893,0.5652,0.211490,29,32,16,117.33,0.3988,0.1321,0.013316,4.130
789377,520,406,926,168,91,253,302.05,0.9747,0.5802,0.228993,35,29,23,67.02,0.1761,0.1324,0.012979,4.430
789398,520,285,805,246,106,222,334.70,0.9426,0.6904,0.351774,31,69,8,136.71,0.9692,0.2513,0.045649,4.200
789407,520,468,988,202,48,165,339.78,0.8337,0.5215,0.173890,8,3,22,294.71,0.7049,0.0430,0.001747,4.327
789420,520,471,991,209,65,63,25.42,0.8438,0.5164,0.176971,10,3,8,335.85,0.4462,0.0381,0.001472,4.410
789428,520,380,900,254,55,80,20.43,0.9931,0.5975,0.243861,58,11,71,317.72,0.7971,0.1628,0.015939,4.457
789436,520,406,926,230,70,120,5.99,0.8228,0.5756,0.225621,45,19,37,340.07,0.4910,0.1296,0.011573,4.476
789447,520,248,768,240,131,215,336.34,0.8670,0.7163,0.396663,68,64,67,334.20,0.0503,0.2818,0.053010,4.336
789455,520,453,973,238,8,15,28.51,0.9963,0.5335,0.183886,1,17,15,185.62,0.8745,0.0669,0.004418,4.298
789469,520,438,958,205,39,206,327.91,0.9242,0.5453,0.188882,2,20,47,256.55,0.8649,0.0941,0.007184,4.177
789477,520,375,895,230,45,224,329.68,0.9570,0.6040,0.240840,27,29,82,276.17,0.7233,0.1622,0.017209,4.327
789498,520,13,533,254,254,212,107.35,0.9674,0.9843,0.967082,10,134,82,157.29,0.9858,0.4748,0.177231,4.476
789499,520,391,911,242,68,104,13.54,0.8969,0.5913,0.240141,53,25,35,358.13,0.4315,0.1533,0.015736,4.414
789507,520,468,988,154,68,236,302.95,0.8890,0.5171,0.170608,14,1,3,8.31,0.7492,0.0353,0.001217,4.307
789508,520,407,927,250,13,74,18.37,0.9922,0.5666,0.211099,44,13,56,315.12,0.7145,0.1303,0.011089,4.274
789534,520,351,871,195,106,236,313.93,0.8382,0.6256,0.279673,31,43,76,267.44,0.4944,0.1943,0.025408,4.372
789537,520,410,930,243,27,125,2.17,0.9645,0.5698,0.213225,3,37,2,142.21,0.9876,0.1279,0.013468,4.147
789547,520,478,998,202,54,130,353.73,0.7919,0.5102,0.168086,4,0,4,328.36,1.0000,0.0191,0.000346,4.332
789554,520,397,917,204,88,182,335.46,0.7201,0.5798,0.231959,7,33,63,254.31,0.7648,0.1435,0.014917,4.343
789555,520,364,884,254,62,94,17.19,0.9914,0.6062,0.253279,61,19,62,326.77,0.6770,0.1710,0.018058,4.456
789562,520,470,990,194,73,141,348.81,0.6978,0.5228,0.181592,1,5,25,263.69,0.8799,0.0430,0.001852,4.466
789573,520,366,886,244,15,210,336.50,0.9916,0.6076,0.242309,66,26,21,29.03,0.6055,0.1736,0.019514,4.205
789611,520,398,918,246,32,131,0.93,0.9587,0.5801,0.222679,38,29,34,343.93,0.1662,0.1401,0.014063,4.256
789612,520,470,990,196,72,131,354.06,0.7018,0.5207,0.180110,6,3,15,296.47,0.5790,0.0370,0.001383,4.478
789617,520,420,940,207,48,215,325.95,0.9166,0.5610,0.202874,36,21,22,14.94,0.2838,0.1139,0.009694,4.236
789640,520,445,965,221,12,168,343.01,0.9779,0.5400,0.184648,14,9,42,284.33,0.7238,0.0753,0.004559,4.301
789649,520,353,873,224,57,243,323.38,0.9532,0.6152,0.252467,2,50,48,190.46,0.9527,0.1845,0.025074,4.029
789661,520,442,962,189,17,242,314.98,0.9864,0.5359,0.176318,9,15,41,270.40,0.6490,0.0823,0.005598,4.071
789671,520,436,956,207,25,218,325.44,0.9685,0.5499,0.190245,32,1,53,306.87,0.9528,0.0932,0.005859,4.301
789673,520,388,908,217,29,241,322.49,0.9799,0.5854,0.219833,40,27,52,307.13,0.4289,0.1473,0.014829,4.162
789677,520,440,960,197,1,247,316.24,0.9994,0.5495,0.186089,26,9,46,300.99,0.7228,0.0913,0.006123,4.207
789681,520,305,825,249,105,159,359.40,0.8938,0.6665,0.327491,64,49,59,338.83,0.1991,0.2346,0.036025,4.388
789683,520,384,904,245,1,186,343.08,0.9992,0.5934,0.229825,60,23,5,44.63,0.8002,0.1542,0.015846,4.250
789706,520,462,982,232,13,97,9.27,0.9827,0.5340,0.183098,13,3,21,309.65,0.6816,0.0473,0.002048,4.478
789713,520,373,893,243,53,157,352.81,0.9121,0.5973,0.240383,74,3,25,10.61,0.9237,0.1614,0.015914,4.405
789714,520,270,790,242,131,172,357.64,0.7755,0.7016,0.380908,57,66,14,118.83,0.8140,0.2627,0.047980,4.398
789729,520,370,890,219,80,206,331.68,0.8410,0.6063,0.252557,10,23,109,266.96,0.9585,0.1709,0.017813,4.462
789761,520,390,910,244,7,171,347.23,0.9937,0.5850,0.223285,50,29,26,28.50,0.3406,0.1540,0.016315,4.121
789765,520,367,887,216,109,113,19.11,0.6414,0.6056,0.267305,8,47,16,146.91,0.9522,0.1665,0.021220,4.455
789775,520,392,912,243,29,176,345.85,0.9675,0.5918,0.230711,20,15,99,273.20,0.9506,0.1514,0.013911,4.392
789785,520,401,921,233,13,198,337.15,0.9883,0.5798,0.216914,48,25,29,8.92,0.3690,0.1430,0.014124,4.162
789796,520,480,1000,217,37,86,12.63,0.9130,0.5108,0.167493,0,0,0,0.00,0.0000,0.0000,0.000000,4.350
789798,520,424,944,235,67,4,36.01,0.9952,0.5642,0.216883,36,22,9,62.69,0.5049,0.1128,0.009687,4.471
789827,520,319,839,227,86,249,322.01,0.9689,0.6521,0.298280,70,24,94,311.52,0.7511,0.2172,0.027636,4.486
789849,520,437,957,215,59,152,348.58,0.8146,0.5487,0.198443,12,21,27,238.15,0.2919,0.0902,0.006936,4.364
789869,520,310,830,251,70,219,336.18,0.9776,0.6560,0.300070,35,34,122,275.06,0.8661,0.2202,0.029064,4.428
789872,520,446,966,211,62,135,354.69,0.7867,0.5372,0.190456,35,0,33,330.75,1.0000,0.0804,0.004672,4.398
789876,520,436,956,187,90,163,337.66,0.6243,0.5469,0.205228,21,21,0,109.77,1.0000,0.0899,0.006958,4.481
789900,520,341,861,253,72,149,359.19,0.9742,0.6296,0.276907,43,32,95,285.90,0.7052,0.1956,0.023728,4.434
789901,520,476,996,221,31,54,22.75,0.9599,0.5091,0.166212,0,2,9,255.69,0.9999,0.0237,0.000631,4.270
789907,520,473,993,223,49,8,32.92,0.9895,0.5225,0.179049,1,2,21,269.01,0.9199,0.0322,0.001040,4.488
789911,520,417,937,229,44,160,348.24,0.9033,0.5658,0.210002,24,15,66,284.03,0.7866,0.1168,0.009292,4.385
789913,520,408,928,228,39,182,340.80,0.9302,0.5718,0.213250,15,35,29,172.30,0.4715,0.1337,0.013923,4.118
789919,520,441,961,238,19,77,16.67,0.9818,0.5436,0.191820,25,13,38,304.17,0.5552,0.0908,0.006345,4.292
789921,520,410,930,231,74,24,36.24,0.9626,0.5654,0.219553,35,23,44,309.63,0.4098,0.1273,0.011520,4.382
789932,520,392,912,233,7,210,333.98,0.9949,0.5859,0.221314,35,36,3,111.23,0.8696,0.1479,0.016257,4.095
789938,520,273,793,211,137,234,317.88,0.7863,0.6980,0.376818,56,65,17,119.21,0.7637,0.2590,0.046618,4.418
789939,520,401,921,214,91,124,5.97,0.6812,0.5762,0.232357,57,21,1,48.04,0.9309,0.1442,0.014085,4.406
789940,520,466,986,159,72,231,305.41,0.8610,0.5246,0.177757,3,10,22,255.22,0.5760,0.0545,0.002944,4.302
789991,520,404,924,217,77,179,340.14,0.7909,0.5849,0.233163,37,28,27,25.60,0.1543,0.1337,0.013030,4.493
790004,520,252,772,244,120,251,325.39,0.9799,0.7229,0.396333,35,71,68,188.51,0.4693,0.2746,0.052810,4.341
790006,520,294,814,236,129,130,20.26,0.7309,0.6762,0.351475,5,66,34,153.85,0.9766,0.2351,0.040440,4.439
790008,520,459,979,194,77,140,349.84,0.6778,0.5279,0.186722,4,3,46,271.64,0.9633,0.0597,0.002882,4.476
790046,520,430,950,242,38,2,31.32,0.9983,0.5536,0.202713,11,8,74,272.24,0.9584,0.1050,0.007392,4.403
790049,520,454,974,216,42,140,352.19,0.8701,0.5307,0.181507,20,13,6,68.23,0.3686,0.0707,0.004497,4.248
790051,520,449,969,213,45,172,340.31,0.8742,0.5429,0.190037,10,10,38,278.32,0.6846,0.0707,0.004215,4.427
790053,520,422,942,249,7,70,19.15,0.9958,0.5625,0.207375,43,2,54,317.91,0.8989,0.1130,0.008234,4.420
790063,520,432,952,232,21,132,357.49,0.9637,0.5479,0.193610,40,5,42,325.71,0.7746,0.1029,0.007269,4.254
790064,520,430,950,190,103,75,38.53,0.6125,0.5451,0.211572,11,27,12,145.43,0.6347,0.1015,0.008815,4.447
790071,520,429,949,193,26,248,314.64,0.9800,0.5506,0.188549,9,12,64,271.25,0.9149,0.0981,0.006911,4.192
790086,520,436,956,182,82,199,321.62,0.7423,0.5475,0.201043,15,22,14,141.54,0.2970,0.0903,0.007071,4.399
790112,520,461,981,198,47,196,328.68,0.8763,0.5323,0.180260,15,3,29,302.93,0.7697,0.0546,0.002554,4.381
790128,520,415,935,231,35,162,347.70,0.9331,0.5651,0.208024,16,4,89,273.57,0.9847,0.1224,0.009182,4.360
790131,520,391,911,240,77,13,37.37,0.9857,0.5857,0.238652,45,26,48,321.93,0.4235,0.1495,0.015101,4.434
790138,520,463,983,234,23,27,27.92,0.9854,0.5300,0.181875,22,2,15,342.03,0.7281,0.0534,0.002485,4.418
790139,520,313,833,218,113,220,326.62,0.7920,0.6586,0.318847,46,56,22,123.10,0.6080,0.2224,0.034671,4.356
790173,520,302,822,219,113,237,321.64,0.8783,0.6696,0.329863,20,63,50,169.98,0.7193,0.2344,0.039339,4.252
790190,520,395,915,200,64,253,314.31,0.9874,0.5913,0.230393,49,23,22,23.00,0.4431,0.1382,0.013238,4.434
790202,520,422,942,229,13,172,343.68,0.9815,0.5578,0.199271,40,15,18,13.88,0.4923,0.1065,0.008365,4.271
790205,520,418,938,226,76,40,34.51,0.9179,0.5596,0.214936,36,13,52,308.55,0.6894,0.1154,0.009109,4.482
790214,520,310,830,235,111,166,354.28,0.7605,0.6558,0.317867,79,38,39,19.52,0.4770,0.2249,0.031952,4.489
790215,520,334,854,245,22,250,327.20,0.9936,0.6369,0.268912,36,34,106,277.62,0.7824,0.2038,0.025596,4.219
790239,520,392,912,238,42,173,346.00,0.9343,0.5876,0.228531,70,8,1,32.41,0.9809,0.1529,0.014782,4.300
790278,520,466,986,211,0,176,338.04,1.0000,0.5227,0.169857,1,0,46,266.40,1.0000,0.0506,0.002037,4.225
790289,520,397,917,176,92,232,309.33,0.8266,0.5761,0.227113,58,14,5,34.20,0.8519,0.1353,0.012247,4.452
790292,520,471,991,215,59,67,22.81,0.8692,0.5219,0.179827,2,6,9,231.47,0.4179,0.0382,0.001629,4.452
790295,520,354,874,250,88,39,36.41,0.9693,0.6197,0.274533,19,47,35,163.69,0.5851,0.1763,0.022928,4.450
790304,520,447,967,239,16,70,18.64,0.9868,0.5435,0.191668,0,17,36,248.87,1.0000,0.0771,0.005282,4.372
790305,520,399,919,209,91,147,352.99,0.6688,0.5762,0.231460,30,27,64,283.94,0.5682,0.1446,0.014300,4.377
790310,520,339,859,228,90,213,332.17,0.8564,0.6368,0.286126,12,43,93,259.77,0.8336,0.1976,0.025961,4.425
790312,520,409,929,235,66,62,26.52,0.9080,0.5676,0.219094,10,22,75,267.66,0.8869,0.1292,0.011463,4.378
790323,520,349,869,254,87,80,26.43,0.9915,0.6306,0.284699,16,49,62,227.26,0.6274,0.1935,0.026545,4.373
790324,520,462,982,143,83,242,296.14,0.8929,0.5292,0.184371,21,3,6,8.96,0.6463,0.0510,0.002377,4.475
790330,520,465,985,194,7,211,323.82,0.9893,0.5168,0.163260,2,9,15,235.87,0.5637,0.0480,0.002428,4.068
790348,520,385,905,255,42,49,26.33,1.0000,0.5858,0.231415,65,9,38,353.98,0.7691,0.1529,0.014593,4.357
790355,520,344,864,240,35,246,326.88,0.9845,0.6304,0.263838,50,22,97,294.45,0.7978,0.1887,0.021150,4.411
790365,520,324,844,225,80,253,320.70,0.9892,0.6451,0.288387,83,23,49,357.27,0.6800,0.2104,0.026738,4.410
790394,520,233,753,241,134,248,324.94,0.9585,0.7389,0.425302,21,74,99,233.30,0.7366,0.2935,0.059576,4.338
790401,520,211,731,218,182,123,79.35,0.5451,0.7610,0.497925,7,88,44,152.39,0.9834,0.3133,0.072062,4.489
790406,520,351,871,214,96,225,324.17,0.8427,0.6304,0.280998,42,44,55,277.00,0.1656,0.1939,0.025694,4.373
790407,520,421,941,248,11,17,28.52,0.9958,0.5558,0.202399,41,8,48,320.10,0.7467,0.1130,0.008585,4.308
790422,520,374,894,198,86,239,315.73,0.8946,0.6029,0.248946,9,29,90,265.12,0.9055,0.1597,0.016749,4.479
790424,520,449,969,218,47,137,354.12,0.8571,0.5371,0.187471,27,10,7,32.09,0.4822,0.0741,0.004655,4.345
790477,520,225,745,251,153,154,19.42,0.8765,0.7486,0.456273,23,84,48,153.46,0.9012,0.3047,0.067359,4.314
790491,520,420,940,227,42,152,350.42,0.9007,0.5571,0.202565,24,13,66,284.88,0.8122,0.1136,0.008754,4.299
790498,520,406,926,224,30,210,331.83,0.9652,0.5765,0.214314,18,33,22,151.96,0.4259,0.1271,0.012742,4.213
790509,520,389,909,212,74,205,329.92,0.8387,0.5875,0.233043,64,15,3,36.00,0.9130,0.1486,0.014384,4.396
790516,520,474,994,220,36,112,3.20,0.9043,0.5239,0.176499,1,5,5,195.33,0.5527,0.0328,0.001259,4.419
790520,520,305,825,245,113,143,7.96,0.8306,0.6668,0.332087,47,60,10,123.25,0.8577,0.2341,0.038579,4.314
790524,520,409,929,240,61,39,30.74,0.9499,0.5696,0.220125,59,5,12,19.62,0.8865,0.1272,0.010651,4.454
790537,520,401,921,239,57,133,0.83,0.8868,0.5839,0.229735,56,9,49,334.71,0.7528,0.1411,0.012580,4.470
790544,520,443,963,144,88,239,296.33,0.8641,0.5356,0.191409,1,19,24,216.19,0.8661,0.0761,0.005381,4.359
790577,520,382,902,239,51,189,341.58,0.9283,0.6035,0.243954,33,38,31,136.71,0.1550,0.1578,0.018085,4.317
790579,520,435,955,221,3,195,335.09,0.9961,0.5537,0.193798,1,19,48,257.04,0.9295,0.0918,0.006856,4.288
790589,520,330,850,253,18,228,334.02,0.9939,0.6355,0.269199,1,1,152,264.28,0.9995,0.2072,0.022949,4.376
790611,520,469,989,185,17,230,316.56,0.9812,0.5193,0.164296,3,8,4,151.30,0.4574,0.0425,0.002018,4.120
790612,520,367,887,212,114,115,20.29,0.5977,0.6088,0.272714,22,47,3,134.71,0.9711,0.1715,0.022101,4.476
790615,520,451,971,215,21,181,337.67,0.9583,0.5386,0.183219,4,16,23,233.22,0.5412,0.0699,0.004582,4.273
790616,520,401,921,210,65,212,327.37,0.8736,0.5789,0.222375,10,38,7,141.58,0.9417,0.1353,0.014660,4.212
790617,520,426,946,251,16,33,27.00,0.9934,0.5644,0.209934,12,5,84,271.71,0.9818,0.1144,0.008267,4.461
790623,520,344,864,255,41,191,344.31,1.0000,0.6275,0.266109,68,8,87,315.82,0.8675,0.1911,0.020909,4.458
790626,520,438,958,243,8,37,25.91,0.9961,0.5457,0.193654,13,22,15,151.04,0.3198,0.0891,0.006939,4.279
790628,520,336,856,175,123,245,301.56,0.8408,0.6361,0.298728,58,44,29,68.05,0.3405,0.2035,0.027897,4.477
790635,520,336,856,223,115,142,5.47,0.6501,0.6354,0.299046,47,45,56,293.52,0.1578,0.2024,0.027666,4.494
790638,520,384,904,252,27,124,4.01,0.9767,0.5876,0.229382,54,1,75,312.95,0.9707,0.1495,0.013141,4.425
790643,520,472,992,217,3,148,348.41,0.9924,0.5200,0.169574,1,5,0,136.39,1.0000,0.0307,0.001150,4.293
790649,520,361,881,242,41,227,331.82,0.9730,0.6243,0.260120,20,46,58,230.09,0.5083,0.1840,0.024081,4.186
790656,520,415,935,245,10,128,0.97,0.9899,0.5697,0.211915,29,29,6,109.14,0.6759,0.1217,0.011531,4.257
790662,520,411,931,217,60,180,339.14,0.8455,0.5671,0.212809,2,32,24,171.97,0.9259,0.1157,0.011118,4.300
790663,520,453,973,139,98,212,297.58,0.7015,0.5263,0.189779,16,1,49,288.80,0.9661,0.0692,0.003536,4.479
790665,520,365,885,228,39,240,325.36,0.9737,0.6079,0.242386,42,15,97,289.54,0.8753,0.1696,0.016969,4.366
790674,520,403,923,255,27,35,27.38,1.0000,0.5768,0.221691,54,17,1,44.28,0.9321,0.1315,0.011875,4.391
790688,520,379,899,236,5,227,330.46,0.9975,0.6019,0.234901,5,36,74,255.80,0.8564,0.1598,0.017883,4.197
790702,520,335,855,213,97,245,318.37,0.9306,0.6429,0.292896,12,55,45,174.13,0.8031,0.2031,0.029999,4.286
790716,520,323,843,254,67,193,344.33,0.9914,0.6451,0.289387,16,40,116,265.45,0.9007,0.2147,0.028885,4.302
790719,520,469,989,163,75,217,309.88,0.8044,0.5230,0.178291,0,2,34,264.06,0.9807,0.0418,0.001589,4.425
790721,520,456,976,157,77,233,303.74,0.8581,0.5303,0.183595,0,11,34,256.52,0.9999,0.0618,0.003548,4.362
790742,520,441,961,222,44,121,0.84,0.8791,0.5364,0.187141,0,0,75,264.05,1.0000,0.0874,0.005079,4.305
790743,520,453,973,213,75,33,36.55,0.9132,0.5332,0.192905,15,9,32,292.51,0.5851,0.0687,0.004012,4.497
790763,520,323,843,254,38,242,330.96,0.9964,0.6531,0.288710,87,16,45,0.97,0.7698,0.2085,0.025866,4.465
790765,520,394,914,234,64,149,354.59,0.8546,0.5870,0.233320,33,34,11,111.16,0.5792,0.1411,0.014916,4.364
790766,520,364,884,212,99,183,338.26,0.7020,0.6090,0.263414,19,47,29,153.72,0.6551,0.1744,0.022601,4.317
790781,520,369,889,250,74,107,14.38,0.9493,0.6135,0.262865,23,40,61,254.38,0.4580,0.1700,0.020366,4.446
790808,520,429,949,210,85,62,32.41,0.7937,0.5455,0.205486,13,24,32,240.84,0.3435,0.1014,0.008431,4.372
790809,520,405,925,222,7,231,326.19,0.9957,0.5804,0.214533,11,22,72,268.22,0.8648,0.1266,0.011128,4.328
790814,520,398,918,243,56,92,15.96,0.9215,0.5790,0.226590,2,36,56,239.54,0.8868,0.1448,0.015601,4.216
790823,520,461,981,223,47,83,15.70,0.8999,0.5297,0.183483,11,4,25,297.29,0.6816,0.0501,0.002282,4.466
790828,520,422,942,246,25,48,24.83,0.9847,0.5582,0.205050,8,18,68,268.02,0.8967,0.1127,0.009015,4.322
790837,520,371,891,233,81,175,346.17,0.8277,0.6147,0.263062,16,39,67,254.64,0.6239,0.1672,0.019664,4.494
790849,520,353,873,252,12,210,338.23,0.9948,0.6217,0.256148,70,0,76,324.41,1.0000,0.1785,0.018241,4.486
790869,520,325,845,241,106,132,10.59,0.8109,0.6462,0.306776,43,53,17,122.81,0.6800,0.2094,0.031002,4.405
790873,520,432,952,205,26,221,324.15,0.9678,0.5491,0.189402,34,19,11,48.65,0.4192,0.1035,0.008300,4.106
790902,520,427,947,224,42,171,343.35,0.9058,0.5605,0.204460,0,4,81,264.20,0.9929,0.1020,0.006808,4.479
790906,520,350,870,253,56,189,344.90,0.9841,0.6324,0.273884,13,50,61,221.31,0.6935,0.1948,0.027036,4.204
790909,520,419,939,226,74,55,30.37,0.8853,0.5587,0.213449,8,18,67,268.02,0.8922,0.1116,0.008894,4.473
790911,520,475,995,185,41,217,319.20,0.9183,0.5210,0.169112,6,1,19,296.63,0.8395,0.0338,0.001074,4.290
790917,520,412,932,255,17,13,29.07,1.0000,0.5721,0.216938,28,16,63,289.39,0.7335,0.1197,0.009763,4.467
790921,520,416,936,215,68,178,339.54,0.8128,0.5707,0.217978,20,31,16,137.63,0.4556,0.1209,0.011661,4.346
790938,520,430,950,201,63,190,331.33,0.8187,0.5483,0.196920,12,24,26,209.03,0.3139,0.0979,0.008060,4.253
790945,520,412,932,255,7,61,21.74,1.0000,0.5739,0.217527,30,28,22,91.76,0.1472,0.1236,0.011645,4.340
790952,520,339,859,244,32,248,327.37,0.9881,0.6372,0.270462,44,32,97,286.20,0.7141,0.1986,0.024315,4.312
790961,520,428,948,194,59,225,319.31,0.8940,0.5564,0.200349,35,6,42,319.26,0.7522,0.0962,0.006548,4.427
790979,520,431,951,185,85,183,328.23,0.6911,0.5467,0.202314,41,9,7,27.27,0.7239,0.0955,0.006822,4.440
790999,520,431,951,237,14,129,359.27,0.9811,0.5547,0.199067,14,1,74,275.79,0.9933,0.0970,0.006094,4.440
791001,520,341,861,208,124,146,3.41,0.5163,0.6310,0.299021,22,48,74,250.25,0.5682,0.2009,0.027788,4.487
791003,520,382,902,235,73,147,356.52,0.8337,0.5973,0.245366,72,9,1,32.72,0.9814,0.1584,0.015755,4.492
791010,520,398,918,244,19,155,352.29,0.9794,0.5805,0.220687,59,13,22,12.83,0.7132,0.1394,0.012757,4.313
791019,520,441,961,205,51,180,335.63,0.8484,0.5378,0.186440,27,19,0,89.70,1.0000,0.0917,0.006988,4.149
791036,520,466,986,230,23,15,29.24,0.9857,0.5208,0.174733,9,4,29,288.69,0.7453,0.0510,0.002336,4.294
791057,520,473,993,192,48,198,326.30,0.8692,0.5242,0.173991,7,0,21,299.43,1.0000,0.0334,0.000993,4.393
791061,520,425,945,169,82,248,304.35,0.9361,0.5648,0.212475,39,17,22,6.20,0.4237,0.1099,0.008902,4.456
791069,520,445,965,238,9,91,11.95,0.9907,0.5441,0.191311,17,12,37,289.53,0.5755,0.0796,0.005157,4.375
791070,520,475,995,167,51,245,306.68,0.9473,0.5248,0.171764,4,0,18,292.55,1.0000,0.0277,0.000695,4.374
791072,520,324,844,181,129,237,304.81,0.7701,0.6491,0.316392,0,58,43,169.37,1.0000,0.2088,0.032004,4.468
791077,520,468,988,186,8,237,315.35,0.9929,0.5246,0.167285,19,0,14,337.76,1.0000,0.0440,0.001702,4.203
791078,520,63,583,245,231,198,87.76,0.6094,0.9193,0.806421,18,122,58,150.24,0.9783,0.4316,0.143525,4.425
791094,520,447,967,228,30,122,0.62,0.9361,0.5400,0.188305,6,21,9,149.49,0.6806,0.0800,0.005948,4.259
791108,520,410,930,224,49,185,339.10,0.8996,0.5729,0.215491,52,16,13,27.37,0.6663,0.1281,0.011298,4.331
791111,520,448,968,222,1,164,344.39,0.9980,0.5375,0.182342,29,10,24,337.99,0.4976,0.0829,0.005443,4.191
791135,520,414,934,251,23,22,28.64,0.9901,0.5660,0.211837,20,26,44,269.24,0.3862,0.1188,0.010693,4.314
791145,520,281,801,251,94,232,332.86,0.9797,0.6882,0.343436,48,60,63,214.58,0.1461,0.2487,0.042189,4.268
791151,520,443,963,215,36,177,339.05,0.9124,0.5434,0.188854,20,14,24,311.41,0.2890,0.0791,0.005288,4.320
791162,520,456,976,200,56,174,336.27,0.8137,0.5302,0.181655,24,0,32,317.47,1.0000,0.0620,0.002985,4.372
791163,520,458,978,234,11,9,29.04,0.9947,0.5253,0.177547,22,2,27,319.92,0.7914,0.0598,0.002931,4.299
791180,520,413,933,186,60,253,310.38,0.9867,0.5670,0.207637,36,15,51,308.63,0.6466,0.1178,0.009558,4.326
791185,520,473,993,221,35,93,10.41,0.9211,0.5196,0.173672,0,4,15,253.54,0.9999,0.0331,0.001213,4.367
791186,520,410,930,221,65,153,350.17,0.8125,0.5660,0.214551,18,21,69,274.25,0.7818,0.1258,0.010946,4.341
791206,520,381,901,237,6,216,333.38,0.9964,0.5968,0.230954,50,6,88,301.53,0.9162,0.1613,0.015130,4.314
791216,520,460,980,185,56,213,319.74,0.8679,0.5305,0.179480,13,9,7,51.29,0.1619,0.0550,0.002963,4.333
791220,520,22,542,249,243,251,317.74,0.5853,0.9663,0.912061,8,130,71,153.87,0.9903,0.4591,0.164711,4.481
791241,520,470,990,228,22,70,17.97,0.9734,0.5223,0.175129,5,2,23,286.04,0.8134,0.0381,0.001375,4.382
791254,520,399,919,227,24,209,332.83,0.9758,0.5788,0.215901,21,23,74,275.22,0.7732,0.1371,0.012666,4.243
791257,520,449,969,203,47,202,328.39,0.8934,0.5448,0.189956,17,5,39,294.79,0.7797,0.0684,0.003742,4.465
791262,520,444,964,189,71,190,327.41,0.7719,0.5379,0.190444,32,4,29,332.30,0.7346,0.0798,0.004827,4.386
791271,520,319,839,243,86,207,338.08,0.9186,0.6528,0.302180,70,37,73,324.05,0.5040,0.2235,0.031064,4.344
791276,520,382,902,182,94,255,306.13,1.0000,0.6037,0.251712,28,32,71,275.88,0.5819,0.1601,0.017348,4.480
791279,520,372,892,241,64,163,351.07,0.8875,0.6055,0.250149,23,44,46,203.49,0.3733,0.1736,0.021807,4.180
791290,520,399,919,232,16,197,337.20,0.9845,0.5781,0.215603,51,17,48,331.03,0.6194,0.1421,0.013182,4.204
791293,520,477,997,205,69,55,29.30,0.8404,0.5126,0.175134,5,0,11,309.75,1.0000,0.0246,0.000564,4.452
791300,520,397,917,214,21,241,321.82,0.9866,0.5774,0.211853,48,25,3,61.79,0.8099,0.1370,0.013303,4.136
791301,520,427,947,194,55,231,317.97,0.9144,0.5572,0.199726,11,20,41,265.06,0.5419,0.0951,0.007315,4.357
791305,520,438,958,198,86,135,355.18,0.6427,0.5458,0.204123,2,27,0,140.85,1.0000,0.0937,0.007967,4.384
791308,520,442,962,218,71,54,29.99,0.8728,0.5396,0.196808,42,0,14,4.80,1.0000,0.0847,0.005240,4.468
791312,520,441,961,197,70,181,333.14,0.7714,0.5443,0.195885,16,24,0,124.33,1.0000,0.0936,0.007634,4.266
791317,520,373,893,221,51,240,323.42,0.9553,0.6038,0.240331,58,29,11,50.44,0.6531,0.1637,0.018026,4.268
791352,520,423,943,218,77,105,12.06,0.7635,0.5577,0.212355,43,13,28,351.45,0.5722,0.1118,0.008854,4.458
791365,520,400,920,236,35,173,345.34,0.9464,0.5799,0.220550,31,28,59,285.80,0.4945,0.1441,0.014376,4.203
791367,520,419,939,221,53,168,343.98,0.8627,0.5617,0.207479,22,25,19,129.15,0.1654,0.1062,0.009128,4.355
791382,520,479,999,170,69,201,317.31,0.7839,0.5133,0.170203,0,0,2,264.05,1.0000,0.0079,0.000044,4.400
791390,520,375,895,232,53,206,334.98,0.9287,0.6019,0.241608,60,28,3,54.76,0.8464,0.1639,0.017979,4.290
791399,520,442,962,200,34,217,323.69,0.9456,0.5415,0.184348,3,10,58,266.64,0.9458,0.0845,0.005419,4.229
791406,520,418,938,224,69,91,16.77,0.8298,0.5553,0.208615,38,22,36,331.15,0.3579,0.1247,0.011133,4.230
791407,520,385,905,254,31,104,10.91,0.9925,0.5876,0.230540,60,14,44,344.39,0.6894,0.1516,0.014567,4.345
791415,520,390,910,191,80,240,313.62,0.9015,0.5860,0.231061,22,18,95,274.52,0.9214,0.1521,0.014293,4.372
791418,520,439,959,193,15,248,314.81,0.9903,0.5469,0.184578,42,4,23,353.79,0.7671,0.0944,0.006410,4.158
791427,520,462,982,163,77,222,308.45,0.8156,0.5295,0.183688,9,8,3,100.80,0.3806,0.0478,0.002383,4.461
791428,520,227,747,250,139,227,335.29,0.9607,0.7490,0.443376,18,83,9,141.53,0.9867,0.2938,0.063346,4.353
791432,520,210,730,250,153,184,359.64,0.8446,0.7565,0.465695,22,83,79,188.71,0.7740,0.3115,0.069213,4.326
791436,520,478,998,184,67,169,333.16,0.7387,0.5123,0.170706,0,2,7,251.28,1.0000,0.0226,0.000588,4.363
791441,520,396,916,239,26,178,344.32,0.9692,0.5840,0.223069,63,11,16,20.15,0.8023,0.1436,0.013337,4.311
791450,520,424,944,251,1,55,22.63,0.9995,0.5634,0.208105,11,29,2,135.57,0.9576,0.1057,0.009542,4.335
791453,520,463,983,191,47,210,322.67,0.8938,0.5301,0.177640,4,1,42,273.63,0.9834,0.0513,0.002147,4.365
791465,520,392,912,240,45,173,346.55,0.9314,0.5932,0.234222,25,27,75,276.39,0.7018,0.1496,0.014985,4.374
791466,520,380,900,181,120,172,332.05,0.4574,0.5969,0.262362,23,43,32,159.01,0.4346,0.1649,0.020141,4.453
791467,520,474,994,225,44,23,30.63,0.9700,0.5231,0.178736,13,0,3,1.59,1.0000,0.0310,0.000922,4.492
791469,520,464,984,172,57,221,313.40,0.8742,0.5176,0.169183,11,2,28,296.98,0.8248,0.0476,0.001984,4.216
791477,520,465,985,134,90,228,294.03,0.8046,0.5187,0.179821,9,11,4,119.47,0.3954,0.0549,0.003062,4.331
791489,520,431,951,229,60,10,34.51,0.9873,0.5451,0.199146,32,11,42,313.37,0.6474,0.0993,0.007136,4.361
791490,520,404,924,252,31,80,17.86,0.9827,0.5782,0.222583,22,23,68,276.98,0.7109,0.1321,0.012007,4.396
791492,520,288,808,237,101,235,328.19,0.9181,0.6772,0.333123,28,62,63,197.98,0.4956,0.2403,0.040509,4.233
791507,520,437,957,235,5,129,358.69,0.9927,0.5487,0.193588,4,20,32,241.76,0.6478,0.0850,0.006304,4.326
791509,520,249,769,249,115,240,330.10,0.9720,0.7168,0.386950,83,44,108,310.22,0.6192,0.2794,0.047232,4.494
791514,520,452,972,238,13,10,29.06,0.9941,0.5345,0.184902,9,7,43,277.98,0.8267,0.0686,0.003844,4.363
791520,520,437,957,218,60,145,352.11,0.8158,0.5521,0.201839,18,22,11,124.66,0.3515,0.0921,0.007266,4.398
791521,520,444,964,180,79,202,320.09,0.7597,0.5422,0.195606,8,20,11,151.30,0.4946,0.0790,0.005761,4.405
791522,520,401,921,241,7,165,348.39,0.9927,0.5763,0.215725,21,34,48,251.02,0.3684,0.1437,0.015168,4.078
791541,520,461,981,222,28,141,352.51,0.9310,0.5346,0.182858,0,12,15,210.36,1.0000,0.0531,0.002974,4.396
791543,520,460,980,200,63,163,340.48,0.7762,0.5315,0.184805,7,12,9,159.75,0.2202,0.0571,0.003278,4.407
791554,520,412,932,215,10,238,322.83,0.9941,0.5740,0.208392,57,0,34,350.32,1.0000,0.1241,0.009855,4.317
791567,520,457,977,229,13,109,4.66,0.9791,0.5312,0.180529,24,7,0,54.91,1.0000,0.0621,0.003462,4.312
791570,520,446,966,238,27,18,29.26,0.9844,0.5398,0.190080,3,22,18,178.25,0.7491,0.0834,0.006368,4.259
791580,520,428,948,224,3,202,333.93,0.9968,0.5636,0.201791,8,24,25,200.78,0.4573,0.0951,0.007751,4.360
791594,520,399,919,252,9,111,7.54,0.9932,0.5785,0.220422,21,0,100,275.11,1.0000,0.1366,0.010795,4.448
791598,520,251,771,254,104,253,327.94,0.9961,0.7168,0.380660,78,56,45,47.69,0.2874,0.2661,0.046377,4.469
791608,520,313,833,241,117,103,28.22,0.8431,0.6567,0.324054,22,60,44,163.27,0.6778,0.2234,0.035840,4.358
791610,520,406,926,248,5,141,357.23,0.9954,0.5796,0.219915,24,8,88,279.10,0.9499,0.1322,0.010724,4.445
791637,520,454,974,171,87,190,319.95,0.6785,0.5334,0.191929,10,11,29,278.84,0.5039,0.0663,0.003926,4.486
791643,520,413,933,190,92,185,329.32,0.6752,0.5660,0.221055,36,26,18,60.06,0.2834,0.1246,0.011576,4.402
791645,520,451,971,198,53,207,325.45,0.8784,0.5446,0.190586,12,2,54,280.33,0.9640,0.0728,0.003879,4.465
791659,520,282,802,239,123,182,349.88,0.7844,0.6874,0.358964,53,62,3,118.67,0.9528,0.2455,0.042087,4.441
791675,520,439,959,228,15,165,345.62,0.9761,0.5527,0.195550,10,11,57,273.53,0.8793,0.0896,0.005993,4.385
791676,520,388,908,241,52,158,351.99,0.9099,0.5932,0.236284,57,20,27,10.62,0.5672,0.1479,0.014494,4.439
791700,520,419,939,200,72,190,331.02,0.7875,0.5568,0.206334,36,22,3,73.64,0.7671,0.1117,0.009555,4.304
791711,520,422,942,229,36,166,345.97,0.9289,0.5638,0.206756,4,26,50,252.34,0.7765,0.1130,0.009948,4.283
791716,520,440,960,220,32,169,342.76,0.9265,0.5461,0.191157,17,20,19,173.77,0.0748,0.0882,0.006665,4.256
791720,520,453,973,179,34,244,311.30,0.9637,0.5293,0.172604,15,15,10,107.44,0.1740,0.0711,0.004651,4.073
791743,520,381,901,219,100,115,14.41,0.6834,0.5958,0.254144,41,35,42,321.43,0.1417,0.1626,0.018407,4.446
791749,520,470,990,189,43,207,322.97,0.8985,0.5216,0.170530,7,2,26,289.57,0.8277,0.0423,0.001632,4.271
791752,520,366,886,213,75,240,320.61,0.9254,0.6126,0.254713,54,36,18,64.85,0.4947,0.1749,0.020898,4.298
791758,520,439,959,227,57,110,7.49,0.8571,0.5535,0.203857,26,19,10,73.12,0.3414,0.0927,0.007073,4.448
791759,520,351,871,220,104,177,343.87,0.7045,0.6262,0.282926,2,47,76,243.55,0.9239,0.1916,0.025676,4.399
791763,520,408,928,192,106,131,2.23,0.5077,0.5688,0.231547,30,32,12,113.75,0.5172,0.1323,0.013356,4.444
791776,520,476,996,174,14,244,310.29,0.9885,0.5132,0.158453,0,0,15,264.05,1.0000,0.0196,0.000345,4.141
791788,520,448,968,227,48,90,13.79,0.8996,0.5402,0.191858,11,6,57,276.52,0.9239,0.0822,0.004968,4.400
791799,520,454,974,201,49,179,334.79,0.8464,0.5285,0.178706,16,3,49,287.65,0.9090,0.0729,0.003970,4.238
791805,520,346,866,242,26,252,326.07,0.9916,0.6344,0.266470,72,14,73,327.28,0.7757,0.1922,0.021730,4.412
791810,520,419,939,193,70,218,320.39,0.8488,0.5613,0.207811,30,7,61,296.57,0.8424,0.1069,0.007649,4.472
791814,520,362,882,251,62,125,6.29,0.9588,0.6084,0.254386,31,23,108,277.11,0.8970,0.1823,0.019867,4.357
791817,520,404,924,236,0,196,338.34,1.0000,0.5817,0.218212,54,16,9,32.46,0.7359,0.1312,0.011747,4.344
791818,520,415,935,253,12,85,15.59,0.9928,0.5748,0.218052,8,34,8,143.37,0.9258,0.1213,0.012132,4.314
791833,520,418,938,217,11,217,328.34,0.9900,0.5625,0.200030,31,16,55,297.79,0.6639,0.1162,0.009377,4.211
791837,520,430,950,192,68,201,325.00,0.8113,0.5461,0.195592,7,27,3,139.35,0.9479,0.0973,0.008356,4.209
791842,520,476,996,147,59,247,299.16,0.9521,0.5074,0.160467,0,2,3,218.80,1.0000,0.0204,0.000500,4.168
791844,520,435,955,191,70,204,323.71,0.8106,0.5488,0.198177,10,13,58,272.46,0.8658,0.0941,0.006578,4.386
791853,520,465,985,197,80,91,17.32,0.6840,0.5207,0.183648,0,8,27,255.73,0.9999,0.0505,0.002528,4.448
791858,520,385,905,205,72,231,320.62,0.8905,0.5909,0.233850,70,3,27,6.91,0.9042,0.1530,0.014466,4.403
791865,520,476,996,224,20,73,16.50,0.9727,0.5136,0.168315,0,1,9,261.82,1.0000,0.0198,0.000414,4.330
791874,520,420,940,191,40,252,312.88,0.9848,0.5581,0.196234,34,14,52,305.36,0.6726,0.1142,0.009021,4.172
791886,520,473,993,173,63,210,316.23,0.8296,0.5171,0.170934,4,3,1,90.93,0.4350,0.0285,0.000931,4.338
791902,520,179,699,248,159,250,326.11,0.9684,0.7919,0.516567,18,89,80,182.38,0.8632,0.3300,0.078522,4.408
791909,520,398,918,206,57,233,320.90,0.9243,0.5793,0.219329,22,28,60,272.95,0.5593,0.1367,0.013273,4.257
791917,520,441,961,229,4,140,353.77,0.9929,0.5407,0.186411,17,13,45,284.34,0.6601,0.0876,0.005965,4.224
791926,520,477,997,209,66,42,32.07,0.8918,0.5147,0.176212,2,1,2,326.51,0.3040,0.0189,0.000390,4.489
791930,520,380,900,236,12,220,332.16,0.9933,0.5986,0.232658,74,3,21,14.35,0.9361,0.1603,0.015754,4.299
791935,520,361,881,243,22,234,330.38,0.9908,0.6226,0.255719,69,26,38,4.83,0.5590,0.1841,0.021441,4.279
791947,520,473,993,230,22,43,25.04,0.9824,0.5225,0.175743,0,4,18,257.05,0.9999,0.0348,0.001305,4.400
791971,520,453,973,214,69,47,31.46,0.8841,0.5286,0.187600,16,7,40,290.59,0.7379,0.0719,0.004153,4.388
791994,520,125,645,245,191,240,329.40,0.9050,0.8460,0.629666,8,108,28,144.91,0.9936,0.3790,0.108601,4.285
792001,520,369,889,235,81,146,357.98,0.8177,0.6063,0.256251,42,29,77,292.40,0.6232,0.1725,0.019068,4.434
792006,520,13,533,250,254,211,111.74,0.9858,0.9804,0.959109,5,135,51,147.60,0.9966,0.4715,0.175984,4.465
792036,520,430,950,238,48,33,29.65,0.9618,0.5537,0.204041,27,6,63,292.24,0.8763,0.1039,0.007221,4.440
792044,520,329,849,196,127,217,318.04,0.6703,0.6518,0.319252,33,55,42,157.55,0.3941,0.2132,0.032228,4.491
792052,520,409,929,245,50,37,29.27,0.9628,0.5699,0.218307,38,13,62,303.36,0.7516,0.1265,0.010477,4.436
792053,520,413,933,243,4,153,352.46,0.9957,0.5743,0.214447,10,6,88,269.92,0.9833,0.1199,0.008993,4.483
792062,520,476,996,225,8,24,27.40,0.9950,0.5058,0.162501,5,0,9,314.44,1.0000,0.0236,0.000520,4.206
792063,520,401,921,238,56,133,0.54,0.8864,0.5811,0.227020,19,37,4,133.31,0.9256,0.1367,0.014703,4.281
792078,520,346,866,241,39,243,327.77,0.9810,0.6319,0.266256,35,47,47,196.30,0.1740,0.1922,0.025955,4.164
792088,520,460,980,227,22,97,8.92,0.9623,0.5265,0.177707,3,11,24,254.94,0.6054,0.0578,0.003246,4.276
792101,520,303,823,240,95,219,333.76,0.9131,0.6652,0.318267,61,53,33,88.61,0.3491,0.2325,0.036482,4.258
792106,520,465,985,186,65,188,327.16,0.7850,0.5246,0.178519,18,5,5,20.99,0.4717,0.0512,0.002481,4.354
792117,520,391,911,166,116,208,307.95,0.6184,0.5893,0.251523,22,41,12,136.12,0.7883,0.1530,0.017830,4.445
792120,520,364,884,242,91,30,39.30,0.9581,0.6085,0.264563,10,47,21,149.76,0.9157,0.1683,0.021516,4.398
792161,520,401,921,238,27,178,344.11,0.9666,0.5825,0.221783,10,38,36,188.76,0.6371,0.1433,0.015781,4.132
792170,520,365,885,208,71,255,315.84,1.0000,0.6116,0.251379,75,9,7,28.04,0.9263,0.1660,0.017068,4.494
792171,520,412,932,193,53,252,312.98,0.9828,0.5704,0.209132,5,18,72,265.99,0.9284,0.1154,0.009327,4.368
792173,520,442,962,137,94,237,293.03,0.8406,0.5361,0.194382,17,13,33,290.85,0.4866,0.0789,0.005168,4.430
792177,520,441,961,166,64,249,304.70,0.9588,0.5396,0.186139,27,0,54,300.42,1.0000,0.0856,0.004994,4.294
792184,520,348,868,254,87,45,34.87,0.9933,0.6262,0.280802,66,34,39,10.50,0.4083,0.1947,0.024489,4.441
792200,520,375,895,208,55,254,316.68,0.9946,0.5964,0.232996,67,14,32,4.17,0.7235,0.1601,0.016118,4.280
792224,520,437,957,243,2,57,21.75,0.9988,0.5467,0.193970,46,1,8,16.73,0.9529,0.0931,0.006202,4.341
792226,520,384,904,252,35,107,9.96,0.9776,0.5863,0.229627,68,0,37,354.65,1.0000,0.1493,0.013627,4.395
792239,520,443,963,192,57,205,324.11,0.8548,0.5371,0.185420,19,4,52,289.42,0.8877,0.0806,0.004732,4.301
792248,520,442,962,193,69,179,332.54,0.7640,0.5354,0.188499,29,4,42,311.67,0.8034,0.0841,0.005152,4.324
792251,520,472,992,194,41,202,325.86,0.9008,0.5250,0.173211,4,4,4,0.00,0.0000,0.0329,0.001214,4.358
792258,520,449,969,198,13,229,320.46,0.9877,0.5390,0.179523,19,3,39,299.79,0.8379,0.0669,0.003501,4.290
792260,520,448,968,197,71,168,337.98,0.7459,0.5384,0.192056,4,2,66,268.51,0.9916,0.0813,0.004625,4.431
792276,520,463,983,177,64,211,317.28,0.8320,0.5251,0.177181,4,9,22,262.80,0.5282,0.0532,0.002791,4.303
792277,520,445,965,210,62,137,353.61,0.7846,0.5361,0.189552,19,10,45,289.99,0.7101,0.0842,0.005450,4.320
792295,520,478,998,196,39,181,332.65,0.8768,0.5132,0.165247,0,0,16,264.05,1.0000,0.0204,0.000374,4.273
792299,520,480,1000,228,1,59,20.15,0.9991,0.5145,0.168344,0,0,0,0.00,0.0000,0.0000,0.000000,4.367
792306,520,420,940,218,77,109,10.24,0.7601,0.5588,0.213197,21,14,66,281.24,0.8181,0.1123,0.008668,4.486
792307,520,466,986,215,64,9,36.41,0.9830,0.5218,0.181361,9,6,20,293.01,0.4895,0.0499,0.002388,4.416
792331,520,454,974,158,82,218,306.96,0.7842,0.5270,0.183662,10,13,22,269.89,0.2920,0.0667,0.004103,4.319
792344,520,444,964,208,21,200,330.44,0.9648,0.5377,0.181184,4,18,31,246.52,0.6294,0.0792,0.005573,4.160
792346,520,462,982,221,34,116,1.73,0.9116,0.5260,0.177798,12,7,14,316.62,0.2943,0.0520,0.002618,4.329
792373,520,382,902,229,74,166,347.95,0.8207,0.5957,0.243113,18,32,75,266.97,0.7153,0.1563,0.016695,4.395
792374,520,472,992,215,61,2,36.23,0.9962,0.5181,0.177914,12,1,1,24.72,0.7985,0.0318,0.001021,4.467
792381,520,418,938,177,90,204,317.58,0.7191,0.5554,0.210200,5,33,15,152.40,0.9061,0.1179,0.011544,4.228
792389,520,421,941,192,40,247,314.23,0.9630,0.5555,0.194407,9,28,26,186.49,0.5092,0.1078,0.009631,4.099
792390,520,423,943,248,5,56,22.37,0.9974,0.5579,0.203541,29,25,7,97.21,0.5730,0.1109,0.009718,4.246
792395,520,451,971,186,45,240,313.88,0.9431,0.5438,0.186083,13,3,48,284.03,0.9182,0.0691,0.003641,4.401
792406,520,425,945,226,55,133,358.09,0.8530,0.5575,0.205972,41,14,30,345.74,0.5379,0.1109,0.008793,4.354
792419,520,469,989,211,69,0,38.86,1.0000,0.5199,0.181075,12,0,23,308.50,1.0000,0.0401,0.001400,4.496
792422,520,375,895,217,43,254,319.38,0.9955,0.6023,0.236371,14,33,81,264.59,0.8049,0.1621,0.017751,4.227
792426,520,377,897,238,38,206,336.30,0.9621,0.6030,0.240224,24,14,104,274.94,0.9531,0.1594,0.015077,4.460
792455,520,446,966,173,76,219,312.96,0.8137,0.5398,0.191685,35,5,15,2.59,0.6969,0.0803,0.005004,4.394
792463,520,400,920,150,110,241,294.53,0.8274,0.5818,0.239868,0,34,65,250.02,1.0000,0.1448,0.015256,4.442
792465,520,426,946,242,15,108,7.18,0.9840,0.5583,0.203049,21,26,20,140.43,0.1837,0.1084,0.009487,4.254
792472,520,442,962,197,12,234,319.04,0.9898,0.5410,0.180753,11,21,9,140.29,0.5007,0.0833,0.006272,4.101
792494,520,441,961,153,83,240,300.16,0.8799,0.5395,0.192504,20,1,66,284.54,0.9841,0.0922,0.005638,4.359
792499,520,448,968,227,44,92,12.57,0.9088,0.5376,0.189078,36,7,0,42.09,1.0000,0.0816,0.005271,4.326
792514,520,476,996,184,70,152,340.26,0.6989,0.5070,0.168391,3,1,5,310.43,0.5673,0.0222,0.000520,4.323
792542,520,402,922,230,37,184,340.65,0.9396,0.5755,0.216095,15,10,89,272.28,0.9647,0.1290,0.010398,4.406
792545,520,449,969,238,22,22,28.50,0.9878,0.5379,0.188122,26,3,30,321.89,0.7662,0.0694,0.003785,4.427
792562,520,432,952,193,45,231,318.01,0.9347,0.5476,0.189851,1,26,39,233.79,0.9043,0.1039,0.008917,4.071
792568,520,453,973,230,29,51,23.80,0.9714,0.5266,0.179438,16,14,12,67.45,0.0860,0.0703,0.004508,4.209
792569,520,443,963,242,4,16,28.32,0.9983,0.5414,0.190049,30,11,11,20.89,0.4630,0.0814,0.005396,4.333
792586,520,459,979,182,25,249,311.35,0.9797,0.5339,0.174810,1,17,5,151.90,0.9582,0.0639,0.004183,4.149
792590,520,344,864,249,16,237,331.03,0.9951,0.6336,0.266278,10,36,101,263.84,0.9091,0.1875,0.022657,4.353
792593,520,466,986,224,31,81,14.70,0.9455,0.5204,0.174241,8,9,3,114.80,0.4221,0.0492,0.002536,4.268
792596,520,438,958,218,57,150,349.94,0.8281,0.5513,0.200361,36,8,8,23.07,0.6641,0.0853,0.005663,4.498
792597,520,415,935,243,24,134,359.04,0.9695,0.5718,0.214325,45,10,48,324.51,0.7180,0.1221,0.009884,4.414
792600,520,288,808,213,143,149,13.79,0.4701,0.6764,0.359625,0,69,32,152.39,1.0000,0.2438,0.043603,4.376
792611,520,466,986,223,47,27,30.57,0.9609,0.5217,0.178029,5,8,20,269.12,0.4603,0.0508,0.002564,4.338
792621,520,375,895,255,57,66,24.47,1.0000,0.5989,0.245833,33,23,88,282.78,0.7937,0.1618,0.016407,4.455
792627,520,361,881,247,14,218,335.14,0.9938,0.6177,0.251533,67,23,49,346.58,0.6006,0.1801,0.020280,4.290
792628,520,464,984,213,63,6,36.55,0.9880,0.5166,0.177167,15,4,20,315.43,0.6073,0.0512,0.002389,4.336
792629,520,237,757,201,159,236,308.80,0.7049,0.7303,0.432705,2,82,32,149.01,0.9960,0.2894,0.061515,4.329
792631,520,457,977,220,28,146,350.31,0.9284,0.5328,0.181240,8,12,16,247.71,0.1962,0.0602,0.003520,4.321
792634,520,362,882,255,37,151,356.29,1.0000,0.6076,0.248211,2,26,114,264.17,0.9655,0.1795,0.019664,4.281
792637,520,449,969,192,22,235,317.31,0.9781,0.5366,0.177798,20,9,25,314.60,0.4763,0.0698,0.004143,4.207
792640,520,431,951,210,55,174,339.11,0.8371,0.5468,0.194921,21,17,47,286.10,0.5853,0.1008,0.007656,4.248
792642,520,445,965,239,14,79,15.95,0.9875,0.5446,0.192326,24,11,27,319.92,0.4606,0.0793,0.005127,4.396
792651,520,479,999,185,23,212,320.85,0.9583,0.5070,0.156819,0,1,1,194.77,1.0000,0.0143,0.000239,4.117
792663,520,443,963,226,38,114,3.72,0.9106,0.5378,0.187727,21,12,25,315.05,0.3806,0.0766,0.004926,4.328
792683,520,420,940,230,8,176,342.67,0.9894,0.5607,0.201340,2,28,44,238.93,0.8439,0.1134,0.010252,4.171
792697,520,475,995,198,27,200,327.70,0.9432,0.5224,0.169615,4,3,5,309.09,0.2017,0.0303,0.001019,4.305
792707,520,416,936,210,24,235,322.13,0.9804,0.5672,0.203549,46,14,37,339.80,0.6018,0.1227,0.010286,4.206
792709,520,448,968,218,23,172,341.17,0.9513,0.5399,0.184992,23,12,19,341.23,0.3113,0.0763,0.004921,4.279
792725,520,386,906,252,59,23,32.29,0.9870,0.5906,0.238889,24,22,90,275.65,0.8668,0.1543,0.015061,4.440
792736,520,361,881,244,36,223,333.27,0.9774,0.6228,0.258255,68,27,15,37.06,0.6801,0.1780,0.020475,4.374
792753,520,389,909,246,45,146,356.64,0.9335,0.5929,0.235482,9,41,10,143.77,0.9437,0.1455,0.016658,4.283
792761,520,467,987,169,40,246,307.64,0.9575,0.5199,0.166072,4,6,14,268.62,0.3829,0.0422,0.001878,4.165
792774,520,363,883,213,100,168,345.35,0.6712,0.6052,0.260895,6,47,20,150.43,0.9540,0.1666,0.021222,4.365
792776,520,443,963,231,36,84,14.96,0.9423,0.5384,0.188938,21,13,23,319.46,0.3113,0.0776,0.005091,4.337
792778,520,429,949,193,95,126,1.61,0.5710,0.5490,0.210298,2,27,34,218.87,0.8433,0.1046,0.009122,4.403
792788,520,467,987,169,36,245,308.00,0.9595,0.5164,0.162901,5,1,31,281.46,0.9482,0.0418,0.001529,4.132
792804,520,437,957,189,64,218,319.37,0.8606,0.5485,0.195488,22,13,38,298.01,0.5553,0.0874,0.005984,4.385
792808,520,476,996,211,9,148,347.06,0.9744,0.5095,0.161847,6,0,0,29.23,1.0000,0.0198,0.000387,4.204
792810,520,458,978,235,29,16,29.61,0.9855,0.5343,0.185815,21,7,6,26.05,0.4457,0.0597,0.003246,4.429
792814,520,447,967,208,33,190,333.26,0.9248,0.5366,0.182173,27,10,25,331.55,0.4884,0.0805,0.005203,4.206
792815,520,320,840,247,67,219,335.18,0.9583,0.6466,0.289058,93,10,39,7.26,0.8518,0.2140,0.026911,4.408
792841,520,450,970,196,22,230,319.58,0.9764,0.5392,0.180243,11,2,53,279.55,0.9647,0.0709,0.003716,4.286
792847,520,425,945,240,44,68,21.51,0.9496,0.5590,0.207473,2,22,59,259.84,0.9244,0.1092,0.009024,4.362
792850,520,423,943,230,12,164,346.35,0.9822,0.5554,0.197691,34,20,18,28.26,0.2904,0.1075,0.008841,4.209
792864,520,362,882,191,119,167,340.35,0.4845,0.6059,0.270612,6,46,60,226.52,0.8158,0.1793,0.023188,4.381
792889,520,442,962,216,41,168,342.30,0.8897,0.5435,0.190143,29,0,40,315.40,1.0000,0.0756,0.004144,4.435
792898,520,474,994,148,70,241,299.64,0.9090,0.5162,0.170274,3,3,14,279.91,0.5906,0.0332,0.001162,4.305
792907,520,392,912,236,46,187,341.35,0.9316,0.5935,0.233775,33,31,58,285.67,0.4272,0.1526,0.016088,4.294
792911,520,335,855,251,3,247,329.23,0.9993,0.6414,0.272928,63,12,106,302.40,0.8908,0.2047,0.023604,4.387
792933,520,228,748,252,130,225,336.24,0.9765,0.7362,0.420995,24,79,37,148.18,0.9155,0.2858,0.059195,4.313
792956,520,391,911,245,60,86,18.69,0.9343,0.5852,0.233194,50,29,28,22.61,0.3278,0.1547,0.016408,4.264
792962,520,427,947,223,6,198,334.76,0.9930,0.5598,0.198979,28,3,63,294.45,0.9285,0.1008,0.006709,4.390
792978,520,479,999,205,52,108,3.67,0.8104,0.5057,0.165200,0,0,5,264.05,1.0000,0.0116,0.000110,4.295
792989,520,359,879,160,119,252,294.96,0.9344,0.6170,0.276956,1,49,33,164.83,0.9866,0.1751,0.023128,4.471
793012,520,393,913,224,63,194,336.59,0.8745,0.5897,0.232997,35,24,56,297.56,0.5259,0.1374,0.012961,4.495
793024,520,409,929,213,20,233,323.41,0.9847,0.5694,0.205316,12,7,95,270.10,0.9831,0.1317,0.010563,4.216
793028,520,161,681,220,191,215,331.76,0.3806,0.8097,0.573842,30,94,90,189.23,0.7230,0.3537,0.090192,4.450
793033,520,476,996,195,64,131,352.62,0.7353,0.5088,0.169094,4,2,0,82.32,1.0000,0.0247,0.000692,4.322
793034,520,396,916,222,41,216,329.74,0.9489,0.5826,0.220756,41,5,84,295.90,0.9304,0.1432,0.012201,4.353
793035,520,464,984,225,28,95,9.71,0.9462,0.5244,0.176671,1,11,3,150.71,0.9277,0.0475,0.002524,4.316
793039,520,460,980,170,90,175,325.07,0.6154,0.5280,0.189544,11,13,2,116.21,0.6739,0.0606,0.003634,4.466
793045,520,469,989,189,9,225,318.96,0.9897,0.5197,0.164518,4,4,11,282.74,0.3885,0.0357,0.001368,4.176
793050,520,442,962,208,78,88,19.05,0.7422,0.5366,0.195654,19,14,23,309.62,0.2629,0.0775,0.005144,4.455
793059,520,438,958,231,4,146,352.21,0.9934,0.5473,0.191540,18,12,48,285.39,0.7077,0.0892,0.006049,4.309
793063,520,469,989,190,76,129,354.10,0.6626,0.5151,0.177026,2,3,23,271.70,0.8536,0.0376,0.001399,4.417
793065,520,430,950,227,12,160,346.92,0.9800,0.5476,0.191346,30,1,60,299.36,0.9681,0.0973,0.006240,4.291
793069,520,268,788,251,89,254,327.10,0.9964,0.6952,0.348124,109,15,62,356.56,0.8177,0.2610,0.039412,4.453
793080,520,448,968,236,25,33,27.22,0.9834,0.5356,0.186412,16,0,57,284.63,1.0000,0.0762,0.004056,4.373
793094,520,401,921,229,7,217,331.27,0.9951,0.5831,0.218222,3,41,14,149.07,0.9757,0.1436,0.016369,4.041
793098,520,434,954,202,60,200,328.56,0.8495,0.5531,0.199601,26,19,39,299.01,0.4213,0.1047,0.008318,4.280
793112,520,338,858,161,135,230,295.10,0.6914,0.6352,0.306182,12,56,8,141.89,0.9734,0.1980,0.029239,4.495
793113,520,441,961,221,54,103,8.87,0.8531,0.5370,0.189924,21,8,56,287.87,0.8276,0.0931,0.006186,4.270
793120,520,476,996,224,26,38,26.15,0.9765,0.5109,0.167289,0,1,12,262.93,1.0003,0.0216,0.000482,4.304
793139,520,475,995,223,8,119,359.87,0.9835,0.5211,0.171963,11,0,4,351.96,1.0000,0.0288,0.000799,4.369
793145,520,480,1000,224,0,97,7.62,1.0000,0.5142,0.167132,0,0,0,0.00,0.0000,0.0000,0.000000,4.343
793146,520,397,917,215,0,253,319.59,1.0000,0.5838,0.215408,16,34,53,251.17,0.5142,0.1435,0.015112,4.076
793168,520,403,923,244,19,162,350.11,0.9802,0.5836,0.223107,34,31,5,102.94,0.7471,0.1328,0.013310,4.314
793181,520,392,912,220,55,221,327.82,0.9261,0.5922,0.231706,9,19,95,267.56,0.9550,0.1463,0.013499,4.436
793184,520,374,894,231,93,84,26.67,0.8283,0.5983,0.254604,28,41,23,137.29,0.4435,0.1599,0.018946,4.418
793187,520,461,981,133,82,254,290.82,0.9900,0.5271,0.181768,0,7,34,260.82,1.0000,0.0535,0.002674,4.400
793239,520,463,983,202,40,192,331.03,0.8978,0.5315,0.178817,8,0,36,285.94,1.0000,0.0468,0.001790,4.418
793247,520,327,847,233,81,233,327.85,0.9201,0.6456,0.290940,48,47,61,288.14,0.1914,0.2114,0.029983,4.263
793248,520,474,994,204,9,185,333.60,0.9804,0.5171,0.165375,2,1,25,274.45,0.9559,0.0335,0.001048,4.219
793272,520,411,931,244,43,94,13.84,0.9436,0.5716,0.217724,39,9,61,306.41,0.7972,0.1218,0.009637,4.489
793276,520,413,933,248,7,106,8.49,0.9941,0.5684,0.211526,0,16,79,263.45,1.0009,0.1171,0.009350,4.406
793279,520,472,992,217,23,139,351.91,0.9385,0.5216,0.172311,3,4,4,196.65,0.0904,0.0317,0.001150,4.346
793281,520,466,986,200,28,196,329.36,0.9377,0.5236,0.170972,19,5,1,47.93,0.7475,0.0512,0.002492,4.210
793298,520,259,779,231,153,110,49.33,0.6663,0.7111,0.408992,0,77,45,157.68,1.0000,0.2746,0.054970,4.373
793302,520,456,976,131,92,243,290.21,0.8874,0.5313,0.189505,3,16,6,151.48,0.7851,0.0630,0.004031,4.433
793304,520,432,952,190,44,242,314.63,0.9490,0.5509,0.191606,22,20,38,287.91,0.3846,0.1021,0.008108,4.158
793306,520,362,882,248,66,123,7.06,0.9310,0.6059,0.252863,45,14,105,289.29,0.9006,0.1812,0.018919,4.394
793316,520,426,946,217,54,181,338.66,0.8651,0.5622,0.207285,38,21,9,54.98,0.5216,0.1135,0.009682,4.311
793343,520,319,839,250,67,209,338.69,0.9685,0.6462,0.289448,63,44,51,355.05,0.2334,0.2176,0.030972,4.192
793360,520,478,998,141,94,195,303.39,0.6385,0.5092,0.176085,2,2,0,109.77,1.0000,0.0218,0.000563,4.471
793361,520,460,980,200,6,209,325.97,0.9912,0.5256,0.170148,27,3,1,33.22,0.8909,0.0588,0.003004,4.153
793369,520,419,939,248,14,35,26.56,0.9939,0.5576,0.203955,3,30,24,175.79,0.8589,0.1099,0.010138,4.223
793374,520,374,894,225,58,216,330.45,0.9205,0.5999,0.239938,12,46,10,142.38,0.9460,0.1637,0.020540,4.110
793378,520,474,994,211,23,158,343.93,0.9351,0.5190,0.169325,0,1,29,264.19,0.9878,0.0346,0.001104,4.292
793387,520,330,850,240,39,255,324.85,1.0000,0.6385,0.271989,52,29,108,290.33,0.7776,0.2130,0.026915,4.186
793395,520,252,772,253,110,252,327.86,0.9918,0.7224,0.390654,59,67,6,117.37,0.9183,0.2671,0.049573,4.425
793397,520,374,894,230,96,73,31.80,0.8323,0.5991,0.256724,26,42,28,147.73,0.4050,0.1627,0.019593,4.407
793440,520,254,774,234,138,223,331.25,0.8408,0.7238,0.409989,8,76,20,145.12,0.9864,0.2681,0.052708,4.479
793466,520,433,953,221,49,139,354.19,0.8588,0.5452,0.194354,39,11,9,26.54,0.6327,0.0955,0.006905,4.294
793475,520,308,828,243,75,251,326.01,0.9852,0.6666,0.310544,55,27,127,287.50,0.8549,0.2336,0.031283,4.436
793484,520,181,701,241,173,190,2.61,0.6604,0.7862,0.523073,5,93,12,143.32,0.9956,0.3258,0.078872,4.447
793490,520,411,931,231,61,129,1.28,0.8507,0.5710,0.219142,48,10,40,337.18,0.6935,0.1223,0.009988,4.487
793520,520,479,999,157,57,241,303.86,0.9253,0.5130,0.164457,0,0,3,264.05,1.0000,0.0094,0.000066,4.284
793542,520,466,986,144,85,230,298.43,0.8247,0.5235,0.181397,15,1,31,302.80,0.9013,0.0517,0.002222,4.431
793544,520,433,953,231,55,86,16.67,0.8953,0.5532,0.203961,26,17,42,298.55,0.5108,0.1024,0.007877,4.388
793550,520,458,978,219,21,148,349.19,0.9491,0.5288,0.177370,5,16,1,135.16,0.9461,0.0632,0.004050,4.207
793551,520,475,995,175,32,243,310.39,0.9652,0.5213,0.166190,5,1,13,302.11,0.7679,0.0290,0.000830,4.253
793555,520,319,839,191,118,249,307.87,0.9108,0.6486,0.308735,0,40,128,262.35,1.0001,0.2233,0.030759,4.442
793570,520,373,893,241,33,188,341.96,0.9635,0.5959,0.234223,35,31,71,284.95,0.5607,0.1643,0.017922,4.185
793571,520,388,908,251,28,144,357.41,0.9714,0.5930,0.233569,11,38,54,238.05,0.6404,0.1532,0.017236,4.217
793584,520,389,909,255,52,43,28.56,1.0000,0.5922,0.238942,24,35,48,253.06,0.3154,0.1488,0.016096,4.372
793588,520,335,855,250,51,220,335.47,0.9754,0.6400,0.278620,57,23,98,299.49,0.7835,0.2003,0.023645,4.462
793594,520,336,856,237,97,180,346.69,0.8260,0.6441,0.298518,31,53,11,132.96,0.8800,0.1984,0.028616,4.433
793602,520,474,994,198,36,185,331.99,0.8959,0.5173,0.167721,1,1,24,269.86,0.9694,0.0315,0.000941,4.274
793615,520,441,961,173,54,244,308.62,0.9411,0.5352,0.180550,8,14,49,270.45,0.7941,0.0862,0.005874,4.126
793617,520,365,885,236,51,212,334.29,0.9440,0.6109,0.249566,12,46,28,156.91,0.8106,0.1674,0.021159,4.210
793619,520,449,969,188,24,249,313.07,0.9817,0.5428,0.181854,11,13,19,270.46,0.1988,0.0661,0.004060,4.289
793620,520,384,904,218,70,203,332.27,0.8584,0.5917,0.235996,49,6,81,304.36,0.8988,0.1525,0.013773,4.485
793623,520,447,967,233,14,113,3.99,0.9796,0.5410,0.188330,20,16,23,310.55,0.2008,0.0830,0.005812,4.270
793646,520,402,922,179,82,249,307.51,0.9466,0.5787,0.224586,11,34,28,174.06,0.5768,0.1280,0.012990,4.359
793665,520,369,889,255,68,36,32.14,1.0000,0.6058,0.255253,28,34,79,273.98,0.6356,0.1716,0.019554,4.389
793689,520,471,991,232,5,33,26.12,0.9970,0.5210,0.173773,2,3,23,271.70,0.8536,0.0376,0.001399,4.354
793690,520,357,877,223,78,225,327.29,0.8944,0.6217,0.265751,55,38,10,76.73,0.6963,0.1802,0.022205,4.373
793692,520,381,901,189,91,245,310.96,0.9132,0.6013,0.248945,32,30,75,281.36,0.6225,0.1624,0.017436,4.433
793705,520,360,880,249,7,211,337.32,0.9968,0.6159,0.249980,53,10,100,297.85,0.9041,0.1821,0.018941,4.351
793723,520,340,860,249,26,243,329.65,0.9915,0.6403,0.273526,58,29,80,307.99,0.6352,0.1956,0.023575,4.397
793725,520,433,953,222,31,178,340.42,0.9386,0.5542,0.197264,29,23,1,95.55,0.9121,0.1044,0.008762,4.208
793738,520,408,928,210,51,210,328.09,0.9052,0.5650,0.207243,2,26,72,260.68,0.9510,0.1312,0.012195,4.136
793754,520,371,891,242,8,215,334.76,0.9958,0.6056,0.239601,71,12,38,358.61,0.7584,0.1683,0.017427,4.295
793759,520,473,993,227,17,93,10.06,0.9737,0.5236,0.175250,3,4,5,244.30,0.1285,0.0322,0.001171,4.402
793761,520,411,931,190,72,236,314.75,0.8941,0.5720,0.216392,13,34,8,139.80,0.8785,0.1239,0.012471,4.264
793770,520,384,904,230,69,153,352.67,0.8287,0.5864,0.233818,30,35,48,268.23,0.2425,0.1539,0.016915,4.241
793781,520,365,885,204,82,242,317.13,0.9199,0.6086,0.252842,3,28,100,263.70,0.9679,0.1665,0.017698,4.473
793785,520,393,913,214,86,168,344.15,0.7325,0.5862,0.237809,7,38,34,183.21,0.7452,0.1412,0.015468,4.396
793792,520,465,985,226,18,74,16.29,0.9770,0.5173,0.170987,19,4,2,35.09,0.6624,0.0492,0.002297,4.226
793794,520,450,970,220,43,148,350.27,0.8790,0.5426,0.190840,19,13,3,83.72,0.5808,0.0688,0.004329,4.433
793796,520,390,910,220,75,180,340.53,0.8075,0.5881,0.235453,54,20,43,341.51,0.5592,0.1493,0.014591,4.419
793798,520,385,905,251,56,18,32.32,0.9865,0.5857,0.233849,0,42,31,170.57,1.0000,0.1502,0.017548,4.202
793799,520,454,974,163,63,243,305.01,0.9275,0.5293,0.178132,1,9,43,263.52,0.9470,0.0662,0.003762,4.243
793828,520,248,768,247,139,155,11.24,0.8104,0.7174,0.406085,56,72,29,126.44,0.6452,0.2821,0.055641,4.317
793833,520,450,970,182,27,252,310.67,0.9859,0.5375,0.177583,25,6,25,327.48,0.6109,0.0706,0.004071,4.209
793848,520,467,987,222,16,105,4.96,0.9684,0.5163,0.169228,13,3,10,337.13,0.5241,0.0421,0.001726,4.238
793864,520,469,989,213,25,153,346.15,0.9290,0.5212,0.171436,15,3,8,350.57,0.5386,0.0437,0.001842,4.271
793867,520,473,993,184,14,234,315.39,0.9863,0.5202,0.164462,6,2,16,298.24,0.6941,0.0348,0.001195,4.189
793879,520,378,898,235,29,221,331.67,0.9789,0.6026,0.237640,71,12,19,19.37,0.8199,0.1623,0.016498,4.326
793885,520,362,882,251,55,140,0.33,0.9607,0.6075,0.251385,25,37,82,269.22,0.6580,0.1792,0.021389,4.222
793889,520,373,893,253,0,176,347.57,1.0000,0.6036,0.240207,35,29,76,285.04,0.6320,0.1640,0.017578,4.294
793897,520,440,960,240,28,54,23.51,0.9777,0.5476,0.196254,6,10,61,269.53,0.9357,0.0897,0.005927,4.403
793905,520,430,950,214,55,173,340.53,0.8449,0.5534,0.200478,16,10,67,277.40,0.9006,0.1031,0.007325,4.369
793917,520,344,864,230,89,190,340.43,0.8187,0.6267,0.276878,76,24,34,11.71,0.6451,0.1927,0.023055,4.474
793930,520,459,979,207,35,182,335.39,0.9081,0.5310,0.178469,15,4,31,299.52,0.7453,0.0582,0.002873,4.321
793944,520,448,968,233,15,121,1.27,0.9771,0.5440,0.190488,28,13,9,35.82,0.4100,0.0818,0.005545,4.330
793960,520,398,918,241,29,161,350.03,0.9611,0.5809,0.221558,37,19,68,296.12,0.7057,0.1399,0.012764,4.327
793977,520,331,851,224,81,247,321.82,0.9597,0.6406,0.284495,59,39,44,2.70,0.2568,0.1971,0.025628,4.423
793978,520,409,929,240,15,157,350.76,0.9826,0.5724,0.213044,36,30,7,94.84,0.6602,0.1328,0.013190,4.163
794005,520,459,979,227,50,46,27.46,0.9378,0.5341,0.188122,2,7,43,266.49,0.9306,0.0631,0.003393,4.460
794017,520,464,984,210,51,127,356.59,0.8215,0.5212,0.176038,5,6,20,276.77,0.5291,0.0462,0.002130,4.336
794018,520,397,917,238,70,62,27.42,0.9161,0.5777,0.229084,12,36,40,209.79,0.5423,0.1399,0.014931,4.298
794019,520,388,908,237,31,187,341.31,0.9623,0.5871,0.225752,36,2,98,286.44,0.9844,0.1506,0.013003,4.377
794020,520,397,917,234,54,153,352.33,0.8842,0.5796,0.224335,49,10,67,312.40,0.7996,0.1435,0.012754,4.372
794031,520,392,912,255,46,7,31.63,1.0000,0.5859,0.232331,54,15,55,326.73,0.6901,0.1487,0.014019,4.410
794059,520,409,929,243,50,36,29.44,0.9608,0.5657,0.214666,28,4,90,282.37,0.9704,0.1340,0.010719,4.359
794071,520,389,909,232,54,191,339.37,0.9101,0.5943,0.235584,61,17,16,24.78,0.7120,0.1476,0.014306,4.441
794075,520,470,990,215,13,148,348.08,0.9672,0.5184,0.168754,9,4,7,340.33,0.3006,0.0394,0.001603,4.239
794086,520,455,975,177,62,220,315.03,0.8606,0.5296,0.179607,5,1,53,272.16,0.9907,0.0643,0.003110,4.323
794099,520,461,981,233,32,10,30.36,0.9907,0.5314,0.183817,16,6,8,4.85,0.3454,0.0520,0.002580,4.447
794103,520,297,817,238,122,180,350.39,0.7750,0.6835,0.353939,21,65,50,167.42,0.7278,0.2414,0.041702,4.405
794132,520,464,984,233,10,29,26.95,0.9944,0.5239,0.176326,13,7,11,338.45,0.2432,0.0519,0.002617,4.301
794134,520,341,861,252,3,228,333.79,0.9990,0.6309,0.263652,38,33,100,280.36,0.7447,0.1975,0.024198,4.227
794144,520,454,974,210,46,160,343.64,0.8526,0.5318,0.181959,5,15,18,217.25,0.4073,0.0659,0.004176,4.282
794154,520,398,918,245,31,140,357.71,0.9593,0.5809,0.222892,64,5,29,2.38,0.8317,0.1428,0.012874,4.340
794177,520,361,881,251,47,174,348.69,0.9677,0.6155,0.256016,4,20,119,265.23,0.9779,0.1773,0.018579,4.462
794196,520,444,964,151,84,242,298.93,0.8899,0.5402,0.193310,37,5,15,4.36,0.7152,0.0839,0.005364,4.395
794216,520,413,933,195,87,186,330.79,0.7111,0.5666,0.219651,6,35,0,139.24,1.0000,0.1223,0.012407,4.321
794222,520,320,840,216,104,227,323.97,0.8398,0.6460,0.300473,53,50,22,103.16,0.5252,0.2121,0.030960,4.329
794223,520,348,868,225,102,184,342.19,0.7502,0.6340,0.289731,40,48,24,123.99,0.4672,0.1925,0.026310,4.452
794243,520,407,927,232,78,27,36.84,0.9560,0.5725,0.226866,17,33,29,176.55,0.3628,0.1288,0.012956,4.398
794263,520,324,844,235,108,163,355.12,0.7652,0.6500,0.310341,19,58,27,147.85,0.8751,0.2106,0.032436,4.371
794264,520,448,968,236,13,68,18.80,0.9890,0.5359,0.185413,17,18,14,118.63,0.1241,0.0815,0.005835,4.216
794266,520,447,967,199,42,216,323.53,0.9246,0.5440,0.187575,35,3,23,345.68,0.7640,0.0800,0.004844,4.332
794283,520,368,888,237,45,213,334.23,0.9553,0.6093,0.246881,16,19,109,269.65,0.9603,0.1674,0.016799,4.444
794306,520,324,844,232,123,85,39.69,0.7693,0.6496,0.319801,22,58,18,141.70,0.9127,0.2104,0.032403,4.488
794319,520,417,937,196,88,183,332.31,0.7019,0.5679,0.221356,10,30,41,235.07,0.5475,0.1215,0.011531,4.410
794336,520,391,911,196,89,214,321.67,0.7857,0.5875,0.237369,46,33,2,85.55,0.9031,0.1533,0.016730,4.306
794338,520,440,960,197,51,220,321.73,0.9069,0.5504,0.194068,37,9,5,32.10,0.7151,0.0879,0.005997,4.359
794343,520,440,960,239,35,50,24.96,0.9699,0.5486,0.197864,0,21,40,246.05,1.0000,0.0902,0.006895,4.357
794347,520,474,994,222,39,79,15.97,0.9236,0.5208,0.175479,5,2,0,73.07,1.0000,0.0260,0.000757,4.442
794356,520,345,865,248,53,210,337.69,0.9614,0.6322,0.271589,0,38,106,260.74,1.0000,0.1941,0.024267,4.330
794365,520,439,959,208,51,192,332.72,0.8726,0.5502,0.195853,43,2,3,25.42,0.9431,0.0873,0.005637,4.419
794405,520,394,914,191,105,179,332.45,0.5976,0.5858,0.244354,25,38,4,127.87,0.8930,0.1445,0.016016,4.459
794414,520,436,956,213,16,203,330.93,0.9784,0.5471,0.188306,25,18,4,85.07,0.6151,0.0877,0.006481,4.219
794427,520,392,912,245,16,171,347.54,0.9855,0.5889,0.227266,23,0,108,274.83,1.0000,0.1496,0.012648,4.426
794430,520,433,953,219,47,163,344.95,0.8725,0.5508,0.197398,45,8,0,38.99,1.0000,0.1001,0.007316,4.316
794438,520,384,904,247,61,82,20.25,0.9477,0.5893,0.237243,21,40,30,160.12,0.4304,0.1535,0.017707,4.242
794440,520,445,965,206,57,167,340.49,0.8134,0.5379,0.188401,26,7,33,316.07,0.6559,0.0785,0.004814,4.349
794450,520,369,889,154,116,252,293.21,0.9382,0.6051,0.263890,0,40,75,250.10,1.0000,0.1698,0.020255,4.468
794479,520,245,765,248,127,233,332.11,0.9589,0.7297,0.410208,36,73,54,159.76,0.5549,0.2763,0.054063,4.422
794485,520,2,522,255,255,255,0.00,0.0000,1.0000,1.000000,20,139,0,141.69,1.0000,0.4826,0.186132,4.447
794486,520,433,953,162,96,204,310.55,0.6788,0.5451,0.204073,38,11,29,342.24,0.5790,0.1007,0.007402,4.426
794493,520,422,942,193,71,219,320.08,0.8487,0.5632,0.209597,44,15,10,31.48,0.6225,0.1113,0.008991,4.401
794499,520,272,792,247,139,16,59.24,0.9839,0.6962,0.382796,47,66,38,136.06,0.4757,0.2575,0.046406,4.489
794501,520,380,900,245,78,27,35.90,0.9695,0.5970,0.249437,3,42,57,229.05,0.8802,0.1640,0.019706,4.296
794511,520,428,948,242,33,81,16.80,0.9637,0.5587,0.205624,40,14,15,19.31,0.5299,0.1038,0.007997,4.408
794516,520,340,860,244,80,192,342.91,0.9122,0.6402,0.287791,74,33,22,36.01,0.6041,0.2019,0.026017,4.444
794520,520,439,959,242,19,25,28.02,0.9905,0.5456,0.194166,9,14,56,271.20,0.8505,0.0933,0.006576,4.316
794521,520,391,911,228,48,204,334.50,0.9305,0.5901,0.229700,60,17,28,7.72,0.6412,0.1490,0.014455,4.339
794535,520,415,935,224,24,196,335.61,0.9677,0.5653,0.204885,41,21,3,61.58,0.7729,0.1169,0.010144,4.238
794536,520,413,933,159,93,247,299.74,0.9105,0.5675,0.219153,11,32,25,169.44,0.5557,0.1207,0.011743,4.359
794546,520,430,950,196,16,243,316.70,0.9885,0.5478,0.185789,32,18,13,40.44,0.3499,0.0989,0.007688,4.087
794559,520,408,928,239,55,66,23.53,0.9309,0.5653,0.214797,23,24,62,278.20,0.6294,0.1298,0.011832,4.283
794562,520,371,891,243,15,214,335.25,0.9920,0.6082,0.242543,18,7,123,270.01,0.9905,0.1746,0.017105,4.359
794563,520,369,889,241,80,122,8.68,0.8621,0.6078,0.258463,17,37,71,260.32,0.6512,0.1653,0.018972,4.472
794564,520,355,875,210,78,249,317.46,0.9630,0.6177,0.259915,56,38,2,80.28,0.9221,0.1807,0.022315,4.286
794570,520,467,987,183,78,161,336.38,0.6717,0.5212,0.180906,12,5,5,19.37,0.2963,0.0442,0.001977,4.442
794580,520,476,996,178,40,214,317.84,0.9123,0.5066,0.158388,1,1,2,284.11,0.2654,0.0171,0.000325,4.141
794590,520,450,970,211,21,197,332.05,0.9648,0.5411,0.184185,15,15,1,109.49,0.8427,0.0688,0.004454,4.301
794609,520,378,898,141,124,244,287.14,0.8319,0.6020,0.266094,15,46,9,140.61,0.9421,0.1649,0.020752,4.468
794613,520,412,932,247,40,62,23.03,0.9658,0.5698,0.216431,1,34,27,175.69,0.9649,0.1228,0.012296,4.277
794642,520,315,835,247,79,216,336.20,0.9529,0.6564,0.303268,55,40,84,297.54,0.5185,0.2167,0.029699,4.433
794643,520,39,559,235,241,246,242.84,0.2949,0.9476,0.872264,82,122,4,128.96,0.9898,0.4550,0.157214,4.451
794646,520,374,894,183,106,213,315.78,0.7033,0.5954,0.251803,37,30,70,288.57,0.5605,0.1633,0.017640,4.462
794647,520,463,983,202,70,130,355.78,0.7284,0.5283,0.185505,15,8,6,39.95,0.2600,0.0546,0.002884,4.453
794651,520,363,883,255,16,181,346.71,1.0000,0.6129,0.249703,62,27,24,26.39,0.5275,0.1690,0.018741,4.360
794656,520,466,986,184,63,183,328.17,0.7798,0.5159,0.171656,1,11,7,170.90,0.8277,0.0488,0.002611,4.213
794665,520,450,970,207,20,200,330.18,0.9663,0.5355,0.179378,19,5,34,303.15,0.7301,0.0667,0.003625,4.277
794667,520,454,974,222,41,97,9.69,0.9020,0.5267,0.179812,8,18,6,139.61,0.5885,0.0722,0.004974,4.180
794681,520,406,926,242,44,139,358.19,0.9266,0.5819,0.225459,44,23,22,22.97,0.3725,0.1302,0.012063,4.438
794702,520,426,946,238,41,108,8.12,0.9306,0.5619,0.208489,10,4,82,270.87,0.9860,0.1092,0.007605,4.487
794705,520,456,976,155,76,235,302.70,0.8691,0.5279,0.181360,4,14,4,143.91,0.7199,0.0580,0.003486,4.326
794740,520,466,986,206,53,147,347.76,0.8101,0.5241,0.177767,2,12,8,170.56,0.6660,0.0525,0.002934,4.303
794758,520,434,954,243,13,66,19.91,0.9912,0.5505,0.197393,27,8,61,292.62,0.8351,0.1046,0.007436,4.307
794759,520,410,930,163,93,244,301.78,0.8874,0.5700,0.221473,32,30,10,103.56,0.5464,0.1285,0.012576,4.338
794811,520,306,826,239,130,41,54.15,0.9196,0.6683,0.344787,24,64,24,143.50,0.8993,0.2327,0.039268,4.422
794815,520,373,893,253,53,101,13.66,0.9833,0.5983,0.243721,62,23,17,30.65,0.6393,0.1598,0.016776,4.399
794834,520,248,768,240,145,164,7.29,0.7149,0.7213,0.414586,43,73,42,143.48,0.5790,0.2774,0.054457,4.448
794842,520,374,894,209,83,213,326.48,0.8271,0.5984,0.245476,56,29,10,53.40,0.6588,0.1602,0.017415,4.383
794843,520,458,978,179,7,251,310.36,0.9954,0.5257,0.167017,10,11,8,121.62,0.1255,0.0569,0.003214,4.078
794847,520,439,959,230,59,9,34.33,0.9889,0.5461,0.199736,44,1,20,358.25,0.8981,0.0924,0.006078,4.453
794851,520,428,948,229,44,143,354.14,0.8966,0.5584,0.204453,13,15,55,274.74,0.7780,0.0969,0.007030,4.462
794852,520,280,800,253,119,143,10.87,0.9465,0.6890,0.360625,21,55,116,261.00,0.8081,0.2528,0.041525,4.486
794859,520,260,780,229,142,188,347.39,0.6533,0.7093,0.396367,74,62,17,93.90,0.7452,0.2710,0.049417,4.490
794863,520,298,818,214,121,218,325.65,0.7459,0.6652,0.330343,43,51,85,272.62,0.4253,0.2316,0.035370,4.455
794865,520,367,887,228,71,206,334.13,0.8839,0.6111,0.254590,30,40,59,262.76,0.3432,0.1740,0.021093,4.284
794870,520,421,941,198,45,235,318.50,0.9431,0.5587,0.198822,39,17,24,0.48,0.4251,0.1107,0.008982,4.219
794882,520,270,790,246,126,167,359.82,0.8221,0.6972,0.373072,26,61,98,251.92,0.6426,0.2568,0.044387,4.482
794899,520,282,802,221,126,225,325.67,0.7928,0.6867,0.357317,55,62,36,120.94,0.4003,0.2522,0.043848,4.340
794900,520,372,892,253,16,173,348.61,0.9891,0.6053,0.242739,10,45,53,216.03,0.7094,0.1737,0.021982,4.067
794912,520,295,815,211,123,248,315.05,0.9231,0.6815,0.347933,66,54,23,88.43,0.5690,0.2396,0.038585,4.492
794913,520,382,902,229,35,236,326.57,0.9762,0.6048,0.239186,1,14,112,264.53,0.9859,0.1584,0.014902,4.456
794919,520,433,953,201,41,225,321.84,0.9405,0.5533,0.194413,6,28,9,146.68,0.8861,0.1011,0.008889,4.150
794934,520,456,976,208,57,150,347.39,0.8029,0.5330,0.185403,26,5,6,19.03,0.6272,0.0628,0.003413,4.407
794946,520,343,863,221,102,183,341.38,0.7271,0.6274,0.282958,52,44,24,88.44,0.4113,0.1944,0.025974,4.383
794956,520,413,933,245,16,127,1.44,0.9832,0.5708,0.213187,26,6,81,283.28,0.9426,0.1231,0.009439,4.428
794963,520,391,911,254,21,128,2.80,0.9920,0.5908,0.231694,61,5,51,336.81,0.8135,0.1476,0.013398,4.443
794975,520,398,918,252,0,134,0.08,1.0000,0.5841,0.224203,33,10,83,288.06,0.8928,0.1376,0.011649,4.448
794977,520,459,979,218,58,81,17.76,0.8573,0.5295,0.185282,7,13,21,254.69,0.3388,0.0639,0.003872,4.367
794978,520,430,950,227,49,114,4.94,0.8793,0.5477,0.197452,45,6,7,23.56,0.8219,0.0986,0.007036,4.339
794998,520,459,979,231,28,41,25.93,0.9765,0.5271,0.179826,10,8,26,286.21,0.5309,0.0584,0.003128,4.326
795006,520,432,952,201,97,31,48.02,0.8639,0.5463,0.210677,4,29,8,147.10,0.9412,0.1029,0.009220,4.402
795017,520,429,949,233,23,117,2.96,0.9618,0.5453,0.192238,2,5,76,265.81,0.9877,0.0978,0.006432,4.293
795028,520,373,893,226,4,244,324.20,0.9983,0.5962,0.227895,63,25,10,41.08,0.7215,0.1642,0.017741,4.102
795048,520,433,953,202,68,189,331.97,0.8025,0.5549,0.203667,4,27,21,173.61,0.7702,0.1001,0.008638,4.326
795058,520,316,836,249,113,93,30.35,0.9328,0.6612,0.327434,5,62,35,156.43,0.9687,0.2215,0.035987,4.389
795060,520,241,761,223,145,237,321.33,0.8295,0.7291,0.420545,36,76,47,150.97,0.6628,0.2839,0.057490,4.378
795068,520,349,869,200,96,252,312.59,0.9706,0.6282,0.276745,44,38,75,289.16,0.4790,0.1930,0.024297,4.398
795073,520,472,992,215,54,87,14.38,0.8525,0.5210,0.177760,3,2,8,292.37,0.5024,0.0273,0.000803,4.483
795074,520,473,993,189,72,150,342.98,0.6985,0.5171,0.176571,0,1,29,264.19,0.9878,0.0346,0.001104,4.434
795082,520,473,993,217,33,119,359.74,0.9055,0.5185,0.171739,4,1,23,284.39,0.9053,0.0343,0.001094,4.340
795084,520,471,991,219,32,124,358.21,0.9121,0.5238,0.175509,9,5,5,18.52,0.1915,0.0412,0.001776,4.355
795087,520,437,957,201,48,209,325.86,0.8998,0.5469,0.191366,12,19,30,259.23,0.3459,0.0866,0.006376,4.281
795106,520,442,962,237,33,30,28.35,0.9764,0.5414,0.191892,12,4,53,279.88,0.9276,0.0752,0.004220,4.461
795121,520,403,923,238,15,180,343.36,0.9848,0.5797,0.218170,62,5,8,24.11,0.9212,0.1330,0.011504,4.360
795152,520,480,1000,205,26,166,339.80,0.9209,0.5132,0.164732,0,0,0,0.00,0.0000,0.0000,0.000000,4.295
795161,520,265,785,254,116,204,343.68,0.9876,0.7082,0.379241,44,69,5,129.76,0.9634,0.2598,0.048026,4.379
795188,520,435,955,212,57,161,344.31,0.8207,0.5455,0.194987,11,25,4,135.42,0.8582,0.0938,0.007752,4.242
795208,520,431,951,243,16,39,25.88,0.9916,0.5478,0.195752,37,18,0,65.47,1.0000,0.1035,0.008260,4.218
795213,520,382,902,204,78,233,319.56,0.8866,0.5976,0.241708,9,40,58,238.38,0.7081,0.1609,0.018811,4.239
795217,520,169,689,230,188,192,11.73,0.4283,0.8058,0.565963,3,98,26,145.46,0.9970,0.3439,0.088289,4.454
795224,520,386,906,210,62,239,320.43,0.9289,0.5943,0.233806,17,34,64,260.93,0.6049,0.1518,0.016333,4.278
795232,520,409,929,245,37,81,17.43,0.9608,0.5671,0.213331,52,14,15,21.81,0.6772,0.1254,0.010787,4.332
795270,520,434,954,220,67,95,14.29,0.8162,0.5464,0.200587,4,1,84,266.93,0.9979,0.1043,0.006875,4.406
795292,520,417,937,231,36,165,346.76,0.9320,0.5671,0.209701,13,29,37,231.46,0.4257,0.1180,0.010978,4.259
795300,520,437,957,182,73,220,316.07,0.8335,0.5497,0.198785,25,18,8,75.99,0.3947,0.0886,0.006568,4.398
795313,520,465,985,232,3,42,24.43,0.9980,0.5214,0.173912,3,11,18,239.90,0.5130,0.0547,0.003024,4.223
795315,520,458,978,155,86,216,305.73,0.7626,0.5278,0.185825,17,8,14,339.56,0.3121,0.0594,0.003246,4.429
795316,520,397,917,176,94,233,308.87,0.8267,0.5799,0.231194,28,36,19,129.04,0.4144,0.1436,0.015556,4.289
795321,520,464,984,188,40,213,321.15,0.9166,0.5222,0.170144,20,2,18,331.86,0.7316,0.0520,0.002358,4.205
795334,520,474,994,121,87,249,286.64,0.9465,0.5181,0.177206,13,0,12,330.53,1.0000,0.0349,0.001121,4.444
795336,520,466,986,131,99,207,294.55,0.6751,0.5158,0.182540,9,8,1,104.35,0.7188,0.0472,0.002339,4.443
795364,520,433,953,220,30,185,337.81,0.9436,0.5540,0.196494,26,13,48,297.07,0.6634,0.0993,0.007209,4.309
795366,520,434,954,144,99,239,294.56,0.8390,0.5540,0.210850,8,26,27,200.20,0.4991,0.1017,0.008695,4.444
795367,520,380,900,252,68,49,30.00,0.9847,0.6011,0.250550,12,41,57,236.24,0.6468,0.1644,0.019594,4.319
795376,520,51,571,247,237,217,84.59,0.5543,0.9402,0.853527,9,127,28,144.14,0.9952,0.4429,0.153200,4.446
795385,520,463,983,235,10,34,26.23,0.9943,0.5287,0.179980,17,4,1,44.74,0.7296,0.0462,0.002082,4.416
795392,520,455,975,205,21,193,331.59,0.9580,0.5276,0.173677,0,13,31,250.69,1.0000,0.0641,0.003868,4.152
795401,520,413,933,245,23,117,4.99,0.9740,0.5697,0.213130,56,2,25,0.95,0.8856,0.1207,0.009545,4.419
795402,520,448,968,193,66,194,327.53,0.8037,0.5409,0.191304,22,15,6,74.39,0.4192,0.0775,0.005254,4.367
795405,520,409,929,230,18,184,340.40,0.9772,0.5675,0.207190,42,19,41,328.70,0.4977,0.1271,0.011181,4.204
795406,520,474,994,187,55,198,324.61,0.8404,0.5222,0.173758,1,3,5,238.36,0.4381,0.0266,0.000825,4.402
795412,520,399,919,217,56,207,330.81,0.8988,0.5791,0.220872,37,26,47,307.58,0.3856,0.1383,0.013374,4.274
795445,520,443,963,237,40,9,31.20,0.9918,0.5446,0.195451,8,11,44,273.18,0.7790,0.0760,0.004728,4.485
795450,520,409,929,169,85,248,304.04,0.9325,0.5689,0.217099,49,6,52,325.18,0.7944,0.1269,0.010312,4.429
795472,520,385,905,212,59,225,324.54,0.9142,0.5851,0.225631,24,2,106,275.68,0.9937,0.1496,0.012781,4.390
795487,520,297,817,246,112,170,355.23,0.8546,0.6760,0.340862,23,66,5,138.65,0.9839,0.2368,0.040894,4.300
795494,520,444,964,219,66,67,24.60,0.8617,0.5375,0.193643,38,0,25,344.69,1.0000,0.0813,0.004823,4.444
795511,520,411,931,189,76,222,317.72,0.8384,0.5652,0.212628,4,35,5,143.64,0.9729,0.1221,0.012388,4.210
795516,520,480,1000,223,29,23,28.86,0.9762,0.5091,0.166314,0,0,0,0.00,0.0000,0.0000,0.000000,4.326
795530,520,418,938,231,69,51,30.05,0.9098,0.5617,0.214871,40,11,55,311.74,0.7387,0.1207,0.009663,4.439
795533,520,384,904,236,62,149,354.83,0.8666,0.5887,0.234509,64,14,6,32.22,0.8698,0.1477,0.014174,4.433
795539,520,443,963,204,47,184,334.03,0.8659,0.5351,0.183330,16,9,49,284.06,0.7835,0.0832,0.005273,4.221
795542,520,249,769,222,163,91,70.13,0.6794,0.7174,0.424809,21,78,17,142.16,0.9673,0.2782,0.056485,4.459
795547,520,431,951,188,24,252,312.44,0.9863,0.5454,0.183741,14,3,71,276.24,0.9768,0.0961,0.006134,4.164
795557,520,475,995,210,51,126,357.00,0.8215,0.5208,0.175779,0,6,5,184.95,1.0000,0.0345,0.001412,4.392
795558,520,463,983,233,24,37,26.42,0.9827,0.5291,0.181136,23,1,19,335.09,0.8098,0.0546,0.002509,4.402
795578,520,434,954,239,31,71,19.30,0.9677,0.5496,0.197889,18,23,28,248.45,0.1682,0.1006,0.008252,4.255
795583,520,449,969,197,69,174,335.64,0.7630,0.5392,0.191842,6,0,62,271.52,1.0000,0.0742,0.003865,4.490
795586,520,410,930,190,91,202,323.20,0.7293,0.5743,0.226948,57,14,4,35.61,0.8650,0.1331,0.011928,4.472
795587,520,461,981,236,8,37,25.69,0.9954,0.5306,0.181434,9,8,21,286.13,0.4241,0.0548,0.002859,4.378
795607,520,441,961,213,79,51,33.55,0.8522,0.5406,0.199794,40,4,6,21.62,0.8382,0.0854,0.005512,4.500
795614,520,431,951,228,70,7,37.02,0.9896,0.5541,0.208925,32,17,30,331.58,0.3786,0.1030,0.008017,4.463
795629,520,465,985,201,79,38,38.08,0.8615,0.5172,0.181514,6,9,1,122.52,0.7633,0.0468,0.002363,4.421
795630,520,409,929,211,19,239,321.52,0.9871,0.5702,0.205485,12,13,87,270.40,0.9577,0.1285,0.010541,4.220
795639,520,328,848,254,64,202,341.55,0.9926,0.6470,0.290051,2,30,136,264.21,0.9711,0.2149,0.027188,4.405
795641,520,180,700,238,170,216,339.09,0.7370,0.7859,0.518860,61,88,9,127.92,0.9527,0.3340,0.079911,4.379
795655,520,399,919,250,44,58,24.52,0.9764,0.5779,0.224345,34,27,45,301.67,0.3321,0.1358,0.013134,4.345
795662,520,423,943,248,22,43,25.65,0.9883,0.5608,0.207083,5,31,12,149.83,0.9111,0.1107,0.010387,4.257
795674,520,390,910,230,81,119,8.51,0.7935,0.5884,0.240424,13,43,14,144.06,0.9053,0.1546,0.018450,4.243
795696,520,414,934,207,1,253,317.57,0.9995,0.5708,0.203806,4,15,83,266.06,0.9630,0.1224,0.009919,4.236
795697,520,413,933,187,89,209,319.95,0.7541,0.5713,0.223141,14,33,16,146.40,0.6473,0.1229,0.012185,4.392
795704,520,353,873,253,5,199,341.28,0.9975,0.6162,0.251181,49,40,41,10.40,0.1186,0.1850,0.023307,4.108
795705,520,453,973,226,48,50,26.17,0.9369,0.5309,0.185158,10,14,21,261.49,0.2492,0.0685,0.004327,4.329
795711,520,453,973,136,94,234,293.12,0.8239,0.5326,0.191801,28,7,15,357.67,0.5430,0.0724,0.004334,4.450
795714,520,376,896,191,96,230,314.93,0.8240,0.6009,0.251563,63,24,13,36.60,0.6869,0.1628,0.017393,4.475
795720,520,472,992,183,56,209,320.18,0.8572,0.5245,0.175003,1,5,3,165.31,0.6237,0.0319,0.001216,4.393
795746,520,453,973,162,75,226,307.33,0.8354,0.5286,0.182051,5,12,37,266.99,0.7272,0.0701,0.004288,4.274
795747,520,434,954,190,65,219,319.38,0.8613,0.5519,0.198435,12,25,14,148.23,0.4836,0.0967,0.008051,4.280
795770,520,334,854,233,71,237,326.94,0.9381,0.6379,0.279469,43,47,48,214.38,0.0534,0.2001,0.027600,4.246
795771,520,422,942,230,33,151,351.04,0.9327,0.5571,0.201479,19,9,76,277.98,0.9289,0.1145,0.008556,4.295
795783,520,441,961,213,49,153,347.07,0.8439,0.5364,0.186449,7,24,21,180.95,0.5224,0.0929,0.007526,4.110
795797,520,362,882,216,68,234,323.17,0.9174,0.6060,0.246756,60,34,29,31.56,0.3846,0.1819,0.021935,4.125
795800,520,406,926,254,40,6,31.07,0.9963,0.5799,0.226054,38,23,50,308.46,0.4841,0.1349,0.012552,4.413
795803,520,472,992,175,52,230,312.49,0.9076,0.5246,0.172841,7,1,0,44.62,1.0000,0.0252,0.000669,4.398
795807,520,375,895,251,44,152,355.55,0.9651,0.6042,0.245810,42,27,70,296.88,0.5982,0.1627,0.017183,4.403
795819,520,308,828,253,118,76,37.80,0.9751,0.6732,0.343645,7,65,12,143.86,0.9857,0.2284,0.038521,4.447
795838,520,335,855,251,20,240,330.78,0.9941,0.6400,0.273039,31,18,129,274.60,0.9609,0.2020,0.023088,4.420
795847,520,444,964,235,17,94,10.86,0.9791,0.5406,0.188744,35,6,7,21.42,0.7150,0.0799,0.005030,4.338
795860,520,421,941,107,118,239,275.91,0.8440,0.5567,0.223140,7,32,10,145.94,0.9054,0.1146,0.011001,4.478
795869,520,466,986,108,96,242,281.31,0.8955,0.5157,0.179642,7,0,42,280.07,1.0000,0.0518,0.002123,4.406
795879,520,410,930,226,64,138,357.09,0.8251,0.5680,0.216731,52,16,25,7.27,0.5947,0.1314,0.011709,4.322
795880,520,406,926,249,27,119,5.15,0.9714,0.5800,0.222590,1,37,31,179.11,0.9673,0.1341,0.014285,4.240
795886,520,391,911,185,80,250,309.43,0.9577,0.5851,0.229546,22,27,76,273.63,0.7356,0.1482,0.014762,4.317
795902,520,461,981,231,24,86,13.35,0.9663,0.5328,0.183171,3,11,9,179.77,0.4682,0.0513,0.002784,4.417
795947,520,430,950,230,57,63,24.34,0.9136,0.5488,0.201111,4,29,9,148.17,0.9347,0.1031,0.009242,4.239
795962,520,470,990,221,20,125,357.68,0.9534,0.5226,0.173558,16,2,12,337.69,0.6692,0.0440,0.001801,4.316
795967,520,272,792,237,134,164,2.08,0.7123,0.6969,0.377373,38,64,80,236.67,0.3940,0.2610,0.046579,4.425
795972,520,404,924,244,0,161,350.15,1.0000,0.5790,0.218096,9,16,82,268.70,0.9447,0.1254,0.010378,4.440
795975,520,452,972,208,26,184,335.00,0.9397,0.5294,0.176114,2,12,41,262.61,0.8854,0.0710,0.004359,4.160
795987,520,478,998,135,96,198,299.16,0.6430,0.5081,0.175940,4,0,11,304.75,1.0000,0.0232,0.000500,4.474
795996,520,400,920,181,85,236,310.84,0.8657,0.5756,0.223778,28,36,6,122.73,0.7804,0.1412,0.015218,4.198
795998,520,434,954,202,72,173,337.68,0.7609,0.5506,0.202102,43,8,6,27.72,0.7814,0.0975,0.007005,4.422
796017,520,416,936,247,53,4,32.92,0.9968,0.5747,0.223326,42,23,5,62.37,0.6985,0.1233,0.011161,4.469
796026,520,478,998,150,50,255,299.32,1.0000,0.5100,0.159856,3,1,5,310.43,0.5673,0.0222,0.000520,4.154
796027,520,407,927,216,87,96,18.94,0.7302,0.5657,0.222621,36,25,37,323.66,0.2789,0.1293,0.012039,4.394
796035,520,340,860,201,101,251,312.75,0.9593,0.6359,0.286910,5,46,85,251.94,0.8697,0.1966,0.026420,4.409
796047,520,425,945,216,6,221,327.11,0.9948,0.5625,0.199518,19,26,21,153.95,0.1998,0.1069,0.009314,4.207
796048,520,419,939,251,16,28,27.64,0.9936,0.5641,0.209674,32,19,31,329.25,0.3338,0.1077,0.008718,4.422
796056,520,387,907,233,29,202,336.15,0.9692,0.5873,0.224693,21,29,69,271.39,0.6557,0.1458,0.014678,4.247
796065,520,389,909,248,23,164,350.40,0.9779,0.5935,0.232529,28,6,102,278.81,0.9731,0.1517,0.013364,4.459
796080,520,409,929,179,99,200,318.99,0.6698,0.5703,0.226784,39,29,12,79.47,0.4977,0.1349,0.013366,4.368
796104,520,338,858,244,92,148,0.71,0.8595,0.6365,0.290285,22,40,98,266.81,0.7873,0.1992,0.025699,4.495
796115,520,465,985,195,73,131,353.95,0.6941,0.5203,0.180076,5,11,7,156.96,0.3352,0.0524,0.002869,4.352
796120,520,423,943,231,47,122,2.44,0.8934,0.5566,0.204300,31,9,64,295.27,0.8260,0.1138,0.008569,4.342
796127,520,472,992,216,60,24,33.75,0.9550,0.5199,0.178991,11,2,1,34.85,0.6703,0.0336,0.001168,4.475
796128,520,366,886,248,80,38,34.65,0.9622,0.6058,0.258371,66,24,20,27.73,0.6370,0.1697,0.018622,4.494
796150,520,446,966,238,16,78,16.23,0.9851,0.5429,0.191010,3,5,64,267.36,0.9791,0.0831,0.004980,4.384
796158,520,434,954,210,8,212,327.83,0.9907,0.5460,0.186308,46,8,1,36.65,0.9413,0.1022,0.007568,4.105
796165,520,463,983,186,35,228,316.96,0.9482,0.5274,0.172439,17,5,1,51.51,0.7208,0.0486,0.002299,4.253
796209,520,433,953,237,36,90,13.68,0.9481,0.5521,0.200076,37,12,28,343.24,0.5422,0.1002,0.007402,4.357
796215,520,370,890,237,42,221,332.14,0.9649,0.6124,0.248836,56,1,93,304.52,0.9845,0.1711,0.016528,4.492
796223,520,433,953,213,63,150,349.16,0.7950,0.5482,0.199054,13,20,52,270.62,0.6682,0.1048,0.008338,4.269
796225,520,331,851,252,88,121,12.12,0.9569,0.6370,0.290587,47,41,71,292.06,0.3940,0.2007,0.026451,4.455
796230,520,377,897,181,98,239,308.86,0.8549,0.5968,0.247919,6,39,65,246.83,0.7873,0.1615,0.018713,4.336
796233,520,263,783,249,140,110,36.28,0.8877,0.7110,0.400244,20,74,21,143.40,0.9578,0.2646,0.051002,4.458
796240,520,448,968,193,49,212,322.69,0.8937,0.5365,0.182890,12,5,59,277.33,0.9379,0.0835,0.005024,4.232
796241,520,369,889,222,73,216,329.57,0.8851,0.6091,0.252547,20,42,48,217.39,0.4276,0.1666,0.020180,4.311
796243,520,408,928,232,52,142,355.70,0.8807,0.5697,0.215676,46,5,61,314.75,0.8468,0.1278,0.010264,4.409
796252,520,438,958,239,32,92,12.93,0.9578,0.5545,0.201597,17,23,9,127.69,0.4652,0.0936,0.007517,4.374
796254,520,429,949,235,42,83,16.34,0.9364,0.5502,0.199457,45,10,8,26.90,0.7379,0.1047,0.007926,4.306
796255,520,342,862,253,74,134,4.91,0.9735,0.6266,0.275049,60,30,66,320.76,0.5381,0.1905,0.022826,4.463
796289,520,237,757,238,149,161,11.18,0.6833,0.7253,0.422474,6,84,14,143.71,0.9931,0.2949,0.064108,4.141
796307,520,421,941,233,35,134,357.62,0.9305,0.5570,0.202499,21,13,69,280.71,0.8501,0.1139,0.008769,4.296
796322,520,467,987,226,26,39,26.01,0.9771,0.5153,0.170569,17,2,10,345.54,0.6682,0.0445,0.001845,4.254
796325,520,362,882,158,115,255,294.49,1.0000,0.6097,0.267506,20,50,9,138.58,0.9401,0.1811,0.024496,4.262
796352,520,337,857,223,84,245,321.93,0.9489,0.6412,0.286231,12,35,114,265.46,0.9255,0.2003,0.024950,4.486
796357,520,336,856,251,3,249,328.79,0.9993,0.6427,0.274169,80,17,47,355.74,0.7339,0.1960,0.023119,4.433
796359,520,377,897,185,102,233,311.38,0.8165,0.6041,0.257011,10,43,24,154.71,0.8480,0.1555,0.018582,4.477
796370,520,442,962,230,39,97,10.65,0.9251,0.5415,0.191400,15,8,51,282.42,0.8265,0.0825,0.005142,4.378
796380,520,396,916,244,14,148,354.40,0.9853,0.5762,0.216886,41,3,80,298.30,0.9493,0.1366,0.011158,4.364
796389,520,373,893,205,71,240,318.43,0.9223,0.5962,0.237784,66,17,23,16.94,0.7055,0.1592,0.016212,4.346
796417,520,416,936,201,77,201,327.73,0.7975,0.5711,0.219439,20,31,1,126.68,0.9612,0.1181,0.011309,4.395
796419,520,444,964,210,35,181,336.50,0.9115,0.5359,0.182420,7,20,13,159.63,0.4940,0.0788,0.005745,4.169
796422,520,371,891,231,34,236,327.06,0.9782,0.6077,0.241915,26,35,73,270.95,0.5838,0.1675,0.019027,4.229
796424,520,331,851,201,113,235,315.79,0.8278,0.6441,0.302270,1,54,51,188.74,0.9801,0.1988,0.028837,4.468
796432,520,474,994,181,80,154,338.96,0.6440,0.5174,0.178955,0,1,28,264.18,0.9870,0.0337,0.001055,4.484
796435,520,335,855,237,83,203,337.69,0.8843,0.6374,0.285054,43,48,27,119.55,0.3910,0.1962,0.027066,4.348
796441,520,391,911,214,20,253,319.19,0.9919,0.5864,0.218901,3,42,21,154.94,0.9639,0.1485,0.017294,3.996
796471,520,425,945,224,21,188,337.85,0.9694,0.5594,0.200170,8,4,83,269.50,0.9881,0.1094,0.007629,4.341
796473,520,411,931,203,56,223,322.57,0.9066,0.5665,0.208542,55,2,30,354.09,0.8696,0.1206,0.009495,4.346
796482,520,423,943,221,69,124,2.53,0.7925,0.5592,0.210861,43,6,49,321.74,0.7843,0.1143,0.008657,4.447
796483,520,441,961,175,84,199,318.81,0.7249,0.5402,0.195791,8,15,52,269.69,0.8147,0.0909,0.006412,4.357
796494,520,448,968,227,55,68,22.34,0.9061,0.5418,0.194835,22,10,28,313.57,0.4967,0.0756,0.004715,4.475
796496,520,386,906,234,44,191,339.65,0.9358,0.5907,0.230581,15,9,102,270.70,0.9800,0.1452,0.012561,4.485
796511,520,412,932,197,56,244,315.77,0.9451,0.5726,0.212317,41,19,16,28.68,0.4437,0.1153,0.009746,4.391
796517,520,471,991,206,69,67,25.02,0.8126,0.5164,0.177855,13,3,6,356.83,0.4854,0.0406,0.001639,4.412
796545,520,374,894,228,98,59,37.18,0.8468,0.5968,0.255477,10,45,33,166.69,0.7874,0.1649,0.020510,4.332
796575,520,478,998,190,49,185,329.59,0.8394,0.5130,0.166481,0,1,8,261.19,1.0000,0.0192,0.000392,4.296
796578,520,465,985,169,73,211,313.85,0.7966,0.5243,0.179041,11,5,19,303.85,0.5217,0.0489,0.002267,4.382
796580,520,449,969,233,14,95,10.13,0.9822,0.5358,0.184670,25,1,41,308.44,0.9264,0.0724,0.003885,4.355
796587,520,438,958,234,18,133,357.45,0.9719,0.5513,0.196215,25,15,33,308.76,0.4342,0.0916,0.006581,4.352
796627,520,400,920,224,76,146,354.87,0.7821,0.5809,0.230940,61,8,37,352.05,0.7676,0.1432,0.012995,4.460
796644,520,271,791,209,139,243,313.96,0.8469,0.7041,0.384926,16,69,74,204.27,0.7698,0.2627,0.048606,4.411
796654,520,359,879,251,44,178,347.36,0.9694,0.6155,0.255283,76,13,28,12.16,0.7915,0.1764,0.019084,4.419
796674,520,457,977,236,21,15,29.11,0.9886,0.5329,0.184069,23,3,28,319.71,0.7524,0.0638,0.003311,4.391
796698,520,421,941,248,32,41,26.69,0.9804,0.5649,0.211532,1,15,75,264.10,0.9614,0.1111,0.008560,4.466
796710,520,470,990,166,63,223,310.49,0.8592,0.5168,0.169905,11,0,27,301.01,1.0000,0.0420,0.001503,4.270
796715,520,442,962,201,13,219,323.68,0.9851,0.5364,0.178215,13,18,8,129.75,0.3814,0.0764,0.005357,4.123
796726,520,470,990,178,74,175,328.74,0.7095,0.5154,0.174589,10,3,8,335.85,0.4462,0.0381,0.001472,4.363
796728,520,376,896,185,89,250,308.68,0.9507,0.5969,0.243620,57,13,70,317.30,0.7751,0.1625,0.016000,4.449
796733,520,409,929,251,10,66,20.40,0.9947,0.5667,0.211234,25,18,73,281.52,0.7943,0.1299,0.011203,4.268
796752,520,413,933,219,56,193,335.46,0.8807,0.5741,0.217409,45,21,8,47.92,0.6216,0.1243,0.011118,4.375
796773,520,22,542,237,247,255,241.77,1.0000,0.9662,0.917457,31,130,72,152.58,0.9435,0.4632,0.167238,4.453
796783,520,390,910,233,84,67,29.61,0.8781,0.5863,0.240724,4,26,91,264.04,0.9509,0.1524,0.015198,4.459
796785,520,394,914,248,48,107,10.53,0.9473,0.5863,0.231354,12,39,10,142.26,0.9127,0.1401,0.015511,4.295
796788,520,380,900,194,94,233,315.36,0.8468,0.6041,0.253591,8,44,26,157.44,0.8785,0.1586,0.019275,4.382
796796,520,386,906,235,9,209,334.70,0.9937,0.5893,0.224637,17,15,103,271.08,0.9630,0.1546,0.014400,4.265
796804,520,438,958,196,75,183,332.16,0.7546,0.5500,0.201884,38,5,32,335.90,0.7348,0.0932,0.006250,4.478
796810,520,438,958,205,71,158,344.40,0.7521,0.5469,0.199562,17,0,70,280.03,1.0000,0.0928,0.005613,4.487
796814,520,385,905,251,50,106,11.46,0.9675,0.5934,0.238346,40,19,78,294.36,0.7598,0.1528,0.014669,4.459
796820,520,437,957,226,9,173,342.64,0.9862,0.5516,0.193839,42,3,20,357.95,0.7983,0.0917,0.006080,4.348
796830,520,411,931,206,66,203,328.80,0.8450,0.5677,0.213318,24,25,50,280.10,0.4605,0.1237,0.011197,4.303
796844,520,432,952,242,35,45,26.09,0.9733,0.5543,0.202722,35,3,47,315.01,0.8478,0.0955,0.006277,4.491
796847,520,457,977,233,3,60,20.35,0.9975,0.5259,0.177181,3,3,48,269.54,0.9726,0.0610,0.002979,4.288
796858,520,426,946,179,60,252,308.47,0.9799,0.5562,0.198446,28,20,47,295.38,0.5070,0.1144,0.009524,4.174
796859,520,362,882,253,73,34,33.46,0.9894,0.6070,0.257668,62,18,68,322.69,0.7143,0.1755,0.018742,4.476
796873,520,419,939,237,52,80,18.76,0.9215,0.5612,0.210428,8,20,62,266.78,0.8472,0.1108,0.008997,4.414
796890,520,453,973,132,97,233,291.13,0.8132,0.5329,0.193380,29,6,8,16.53,0.6162,0.0700,0.004090,4.500
796893,520,444,964,240,2,69,18.50,0.9984,0.5422,0.190017,22,3,45,299.23,0.8669,0.0756,0.004252,4.424
796895,520,279,799,206,152,149,22.40,0.3774,0.6864,0.377494,13,69,56,173.35,0.8697,0.2540,0.046271,4.441
796911,520,394,914,236,21,198,337.89,0.9807,0.5875,0.224492,37,30,29,27.52,0.1164,0.1395,0.014106,4.282
796922,520,390,910,214,100,132,4.36,0.6452,0.5929,0.250785,40,36,8,101.21,0.6990,0.1545,0.017304,4.469
796954,520,386,906,243,15,180,344.46,0.9869,0.5892,0.226948,67,8,12,23.08,0.8847,0.1480,0.013937,4.332
796995,520,408,928,241,38,106,8.99,0.9436,0.5655,0.211309,43,12,59,311.70,0.7450,0.1298,0.010924,4.289
797001,520,474,994,166,68,218,311.33,0.8311,0.5188,0.173040,0,3,11,252.27,0.9999,0.0281,0.000893,4.383
797008,520,464,984,184,40,220,318.17,0.9250,0.5210,0.168765,2,9,19,249.15,0.6163,0.0498,0.002553,4.163
797036,520,403,923,252,30,67,21.22,0.9849,0.5755,0.220330,57,3,32,353.53,0.8413,0.1269,0.010394,4.476
797040,520,457,977,165,74,224,308.99,0.8314,0.5298,0.182794,25,1,13,350.16,0.8110,0.0550,0.002575,4.428
797049,520,459,979,219,58,72,21.10,0.8741,0.5296,0.185566,11,6,35,285.88,0.7361,0.0615,0.003227,4.426
797083,520,243,763,238,132,237,327.51,0.8996,0.7259,0.407961,57,70,46,131.32,0.3506,0.2805,0.054474,4.383
797086,520,454,974,226,19,122,359.72,0.9623,0.5313,0.180424,31,4,13,1.64,0.6992,0.0710,0.004072,4.261
797091,520,423,943,209,10,230,323.15,0.9921,0.5577,0.194874,9,7,83,269.85,0.9778,0.1140,0.008345,4.197
797095,520,432,952,218,25,195,334.40,0.9603,0.5541,0.195431,22,22,13,107.87,0.2670,0.0965,0.007735,4.251
797107,520,319,839,247,100,133,9.31,0.8780,0.6477,0.305850,18,52,92,254.53,0.7216,0.2234,0.033571,4.258
797117,520,282,802,245,107,212,337.76,0.9220,0.6853,0.346839,45,63,48,149.35,0.3100,0.2494,0.043262,4.255
797123,520,416,936,228,37,186,339.57,0.9382,0.5729,0.213649,48,11,38,339.97,0.6709,0.1224,0.010078,4.388
797125,520,417,937,243,48,59,24.51,0.9521,0.5666,0.214877,45,17,19,17.15,0.5148,0.1188,0.010059,4.410
797133,520,444,964,222,7,165,344.14,0.9868,0.5393,0.184007,27,12,22,340.50,0.3966,0.0827,0.005539,4.213
797134,520,467,987,185,79,151,341.77,0.6549,0.5209,0.181420,6,2,29,284.30,0.8714,0.0436,0.001708,4.475
797136,520,413,933,217,27,226,326.04,0.9749,0.5737,0.210287,39,3,62,307.29,0.9062,0.1150,0.008443,4.454
797140,520,458,978,226,27,99,8.37,0.9483,0.5271,0.178563,6,7,39,274.15,0.8286,0.0627,0.003371,4.282
797147,520,466,986,210,67,19,36.63,0.9569,0.5161,0.177653,15,7,10,353.74,0.2756,0.0537,0.002754,4.315
797157,520,448,968,234,16,87,12.97,0.9814,0.5364,0.185542,15,13,38,283.73,0.5762,0.0804,0.005293,4.260
797181,520,407,927,197,73,212,323.23,0.8306,0.5669,0.213903,23,27,48,274.52,0.4052,0.1265,0.011794,4.271
797225,520,401,921,251,9,130,1.35,0.9926,0.5824,0.223199,62,12,17,19.46,0.7763,0.1429,0.013277,4.317
797242,520,421,941,196,40,242,316.46,0.9581,0.5577,0.196656,23,21,48,284.48,0.5113,0.1121,0.009319,4.158
797254,520,350,870,247,85,131,6.90,0.8997,0.6273,0.279130,29,40,77,269.24,0.5480,0.1856,0.023145,4.500
797264,520,309,829,251,114,8,47.81,0.9931,0.6583,0.325646,42,55,47,157.87,0.2086,0.2222,0.034298,4.456
797282,520,439,959,199,56,213,324.04,0.8830,0.5530,0.197761,18,12,54,282.89,0.7673,0.0945,0.006579,4.379
797291,520,425,945,247,3,95,11.69,0.9975,0.5627,0.206690,49,5,33,346.30,0.7730,0.1139,0.008714,4.372
797301,520,412,932,253,20,38,26.50,0.9924,0.5702,0.215267,41,21,18,29.18,0.3919,0.1200,0.010515,4.384
797303,520,470,990,214,8,157,344.78,0.9800,0.5197,0.169065,6,7,3,117.97,0.3303,0.0426,0.001972,4.215
797308,520,421,941,220,69,124,2.33,0.7891,0.5573,0.209296,55,1,4,24.62,0.9810,0.1117,0.008428,4.438
797317,520,392,912,227,82,128,4.27,0.7706,0.5872,0.239266,13,43,13,143.44,0.9121,0.1544,0.018423,4.228
797323,520,383,903,243,0,203,338.04,1.0000,0.5988,0.233695,71,0,17,15.70,1.0000,0.1494,0.013803,4.446
797327,520,316,836,248,91,193,344.20,0.9324,0.6601,0.312918,6,62,26,149.89,0.9759,0.2197,0.035584,4.240
797330,520,453,973,180,63,209,318.90,0.8326,0.5271,0.178629,7,18,3,136.01,0.8193,0.0707,0.004843,4.169
797349,520,326,846,244,75,214,335.96,0.9376,0.6462,0.291231,58,39,79,304.50,0.4950,0.2147,0.029151,4.311
797353,520,421,941,216,53,186,336.78,0.8728,0.5624,0.206925,5,2,88,267.29,0.9959,0.1120,0.007802,4.445
797383,520,368,888,214,67,251,318.58,0.9785,0.6138,0.252772,72,17,7,32.76,0.8751,0.1685,0.017942,4.456
797384,520,418,938,191,110,48,54.73,0.7510,0.5564,0.224431,19,31,11,134.06,0.6122,0.1191,0.011426,4.468
797389,520,429,949,227,68,4,36.82,0.9939,0.5497,0.204767,40,12,0,48.09,1.0000,0.0970,0.007141,4.459
797410,520,360,880,249,16,215,336.33,0.9927,0.6200,0.254198,15,31,102,267.27,0.9060,0.1796,0.020407,4.321
797424,520,436,956,213,62,149,349.47,0.7977,0.5467,0.197635,9,11,62,271.84,0.9138,0.0943,0.006452,4.387
797437,520,442,962,221,55,117,3.40,0.8411,0.5423,0.193914,27,11,8,31.97,0.4427,0.0762,0.004899,4.443
797469,520,295,815,234,111,224,330.59,0.8806,0.6807,0.342453,74,50,5,77.44,0.8851,0.2383,0.037482,4.486
797472,520,121,641,247,207,153,74.70,0.7408,0.8560,0.667011,3,109,29,145.35,0.9976,0.3818,0.110449,4.469
797504,520,424,944,183,66,243,311.28,0.9282,0.5606,0.204358,38,4,57,309.66,0.8639,0.1102,0.007944,4.390
797507,520,453,973,195,32,215,322.83,0.9447,0.5305,0.175430,6,10,44,271.04,0.8341,0.0727,0.004376,4.146
797522,520,423,943,230,61,91,15.78,0.8720,0.5581,0.209187,43,4,44,327.03,0.8022,0.1080,0.007823,4.482
797529,520,463,983,217,15,166,342.70,0.9682,0.5320,0.178489,15,2,17,323.29,0.7079,0.0450,0.001855,4.406
797543,520,453,973,237,5,37,25.61,0.9972,0.5321,0.182499,8,9,41,275.35,0.7753,0.0698,0.004071,4.300
797563,520,279,799,248,132,97,37.57,0.8921,0.6926,0.373249,31,69,10,137.04,0.9618,0.2515,0.045693,4.423
797569,520,435,955,194,26,251,314.27,0.9821,0.5548,0.191745,0,9,70,263.95,1.0034,0.0949,0.006375,4.288
797570,520,478,998,168,64,209,314.68,0.8206,0.5100,0.165959,9,0,0,29.23,1.0000,0.0242,0.000581,4.270
797576,520,441,961,231,37,83,15.39,0.9407,0.5388,0.189396,1,5,71,265.11,0.9868,0.0906,0.005699,4.298
797585,520,374,894,238,29,213,334.41,0.9774,0.6029,0.238628,46,33,31,28.54,0.2012,0.1595,0.017675,4.265
797619,520,364,884,243,2,220,333.74,0.9990,0.6095,0.242684,78,1,25,11.43,0.9754,0.1685,0.017119,4.361
797625,520,293,813,241,133,33,56.32,0.9450,0.6765,0.355883,6,68,4,142.32,0.9923,0.2380,0.041816,4.421
797635,520,471,991,192,62,167,336.47,0.7696,0.5187,0.174433,8,0,22,300.82,1.0000,0.0352,0.001096,4.392
797638,520,163,683,252,189,102,73.42,0.9112,0.8129,0.580520,8,99,21,144.15,0.9930,0.3476,0.090291,4.494
797640,520,452,972,124,99,230,287.92,0.7979,0.5260,0.189217,9,8,43,277.20,0.8064,0.0704,0.004061,4.425
797643,520,480,1000,211,48,90,11.68,0.8577,0.5083,0.167033,0,0,0,0.00,0.0000,0.0000,0.000000,4.341
797645,520,353,873,240,24,234,329.70,0.9888,0.6180,0.251218,22,49,29,150.62,0.6346,0.1827,0.024558,4.040
797657,520,261,781,253,138,109,35.16,0.9589,0.7131,0.401666,44,72,30,136.24,0.7210,0.2724,0.052638,4.401
797670,520,478,998,168,62,210,314.54,0.8298,0.5084,0.164241,2,2,5,283.18,0.3513,0.0245,0.000673,4.228
797671,520,346,866,243,55,221,333.60,0.9541,0.6313,0.270103,5,45,80,250.08,0.8538,0.1898,0.024881,4.275
797677,520,248,768,211,149,237,315.52,0.7751,0.7222,0.414591,27,79,12,139.86,0.9747,0.2835,0.058513,4.281
797678,520,294,814,220,131,203,334.28,0.6822,0.6834,0.357617,14,66,54,173.86,0.8400,0.2436,0.042560,4.404
797683,520,455,975,211,33,172,339.55,0.9107,0.5314,0.179173,13,7,29,293.24,0.6082,0.0609,0.003262,4.303
797699,520,292,812,233,104,238,326.11,0.9188,0.6770,0.333994,31,66,29,142.71,0.8050,0.2441,0.042763,4.140
797710,520,455,975,235,2,82,14.19,0.9979,0.5341,0.183180,12,9,28,288.28,0.5269,0.0634,0.003574,4.352
797716,520,473,993,214,25,155,345.72,0.9314,0.5241,0.173603,11,0,13,323.96,1.0000,0.0330,0.001002,4.384
797718,520,423,943,186,92,184,328.15,0.6635,0.5596,0.215553,33,23,8,76.23,0.5239,0.1109,0.009537,4.460
797724,520,426,946,208,33,223,324.38,0.9587,0.5589,0.198272,27,2,72,288.88,0.9677,0.1083,0.007443,4.322
797725,520,418,938,152,99,240,297.50,0.8445,0.5637,0.218905,36,27,5,87.24,0.7109,0.1245,0.011699,4.358
797733,520,376,896,221,62,218,328.82,0.9094,0.5979,0.238815,64,21,12,33.50,0.7346,0.1592,0.016530,4.341
797743,520,435,955,232,48,75,19.39,0.9243,0.5470,0.197807,6,23,8,146.76,0.7894,0.0856,0.006690,4.371
797759,520,426,946,188,47,253,311.56,0.9888,0.5591,0.198174,15,28,24,173.02,0.3270,0.1107,0.009980,4.138
797765,520,230,750,240,146,203,343.50,0.7883,0.7373,0.433969,29,79,51,156.00,0.7714,0.2913,0.060920,4.363
797767,520,448,968,220,39,158,346.59,0.8974,0.5446,0.191378,21,12,27,310.89,0.4149,0.0776,0.005015,4.387
797774,520,418,938,226,10,182,339.99,0.9864,0.5568,0.197658,38,8,63,304.16,0.8211,0.1209,0.009446,4.166
797780,520,341,861,211,122,147,2.49,0.5449,0.6318,0.298762,19,56,20,143.93,0.9082,0.2025,0.030172,4.350
797782,520,447,967,183,39,248,311.46,0.9665,0.5419,0.182967,4,17,39,258.57,0.7246,0.0820,0.005732,4.180
797786,520,171,691,244,171,229,334.13,0.8836,0.8003,0.540177,39,93,2,137.03,0.9962,0.3356,0.082642,4.449
797787,520,400,920,232,11,208,334.26,0.9915,0.5836,0.219519,50,15,56,321.54,0.6890,0.1427,0.013054,4.274
797790,520,401,921,241,39,157,351.66,0.9394,0.5842,0.225892,49,14,52,324.48,0.6825,0.1369,0.012151,4.439
797808,520,471,991,151,71,242,300.40,0.9122,0.5222,0.174969,17,0,14,334.20,1.0000,0.0411,0.001509,4.368
797814,520,411,931,231,30,184,340.77,0.9562,0.5738,0.213809,2,33,27,177.47,0.9208,0.1200,0.011797,4.269
797820,520,400,920,232,73,101,14.51,0.8361,0.5773,0.228633,50,23,14,39.08,0.5482,0.1379,0.013227,4.407
797828,520,445,965,201,54,192,330.71,0.8512,0.5408,0.188634,34,9,10,19.86,0.5888,0.0840,0.005574,4.294
797831,520,307,827,250,92,195,344.07,0.9504,0.6655,0.319214,66,50,44,41.53,0.2075,0.2341,0.036214,4.283
797838,520,404,924,245,58,88,17.74,0.9340,0.5838,0.231465,20,34,14,136.89,0.5960,0.1297,0.013245,4.450
797844,520,450,970,205,21,218,324.94,0.9743,0.5450,0.185792,24,7,11,5.51,0.4750,0.0653,0.003703,4.391
797861,520,338,858,244,111,0,48.37,1.0000,0.6414,0.306050,38,52,30,134.70,0.4359,0.2043,0.029617,4.472
797866,520,439,959,196,1,252,314.91,0.9994,0.5521,0.187871,25,12,33,311.28,0.5169,0.0858,0.005794,4.263
797868,520,380,900,247,6,186,343.55,0.9958,0.5981,0.234528,64,15,47,344.43,0.6963,0.1620,0.016370,4.287
797893,520,456,976,207,49,170,339.47,0.8459,0.5341,0.183663,29,1,10,1.44,0.8463,0.0607,0.003049,4.405
797917,520,448,968,187,20,252,312.23,0.9866,0.5424,0.180946,31,2,33,325.49,0.8176,0.0772,0.004446,4.242
797927,520,363,883,232,59,211,333.62,0.9232,0.6096,0.249894,33,41,39,178.57,0.1279,0.1695,0.020557,4.250
797944,520,332,852,253,47,218,336.63,0.9896,0.6417,0.279808,65,34,59,334.48,0.4529,0.2019,0.025838,4.349
797950,520,433,953,205,89,104,14.60,0.6622,0.5519,0.211253,3,28,0,140.15,1.0000,0.0975,0.008498,4.466
797962,520,418,938,215,89,77,28.06,0.7593,0.5630,0.221299,8,30,40,230.50,0.6029,0.1199,0.011333,4.423
798005,520,409,929,166,92,237,304.46,0.8460,0.5669,0.218762,52,8,46,334.07,0.7515,0.1307,0.011011,4.405
798022,520,420,940,209,38,214,326.88,0.9404,0.5570,0.197985,17,27,24,174.27,0.2404,0.1092,0.009690,4.155
798024,520,450,970,153,78,245,299.80,0.9190,0.5366,0.188140,20,11,20,326.56,0.3221,0.0711,0.004386,4.379
798038,520,358,878,254,84,9,38.16,0.9944,0.6206,0.274348,16,36,96,265.66,0.8543,0.1848,0.022163,4.495
798042,520,416,936,244,42,82,17.52,0.9510,0.5683,0.215016,20,24,59,274.89,0.6199,0.1248,0.011177,4.332
798046,520,336,856,247,104,91,27.80,0.9220,0.6436,0.304332,52,48,19,101.54,0.5688,0.2047,0.028910,4.490
798049,520,386,906,226,58,192,337.64,0.8890,0.5875,0.230031,3,42,25,159.85,0.9531,0.1496,0.017454,4.151
798053,520,345,865,230,84,204,335.50,0.8561,0.6277,0.275256,41,26,106,283.56,0.8253,0.1940,0.022508,4.486
798058,520,378,898,255,62,21,32.86,1.0000,0.5992,0.247631,51,34,11,72.08,0.6304,0.1643,0.018721,4.331
798065,520,454,974,211,57,134,354.56,0.8037,0.5316,0.184986,9,15,20,243.80,0.2465,0.0697,0.004502,4.311
798069,520,477,997,211,54,51,26.66,0.8999,0.5062,0.167286,0,2,9,255.69,0.9999,0.0237,0.000631,4.292
798071,520,355,875,249,56,179,347.08,0.9521,0.6204,0.262260,15,47,52,209.20,0.6081,0.1814,0.023824,4.230
798077,520,398,918,247,56,7,33.19,0.9944,0.5773,0.226213,51,20,35,351.57,0.5120,0.1404,0.013256,4.367
798087,520,407,927,180,97,206,317.59,0.7019,0.5720,0.227098,13,26,61,265.80,0.7005,0.1265,0.011612,4.497
798090,520,444,964,210,80,48,34.96,0.8504,0.5362,0.196546,3,20,24,213.84,0.6784,0.0802,0.005856,4.414
798108,520,417,937,247,49,27,30.52,0.9757,0.5725,0.220534,8,32,38,216.85,0.6130,0.1248,0.012245,4.346
798120,520,427,947,243,45,3,32.03,0.9975,0.5603,0.209414,22,18,47,286.72,0.5613,0.1038,0.008084,4.466
798122,520,406,926,253,39,31,28.86,0.9924,0.5783,0.224364,57,14,13,25.15,0.7429,0.1347,0.012131,4.416
798124,520,303,823,241,118,148,6.35,0.7826,0.6701,0.337984,16,65,34,151.90,0.9106,0.2348,0.040061,4.308
798131,520,460,980,189,47,212,321.54,0.8957,0.5283,0.176067,7,7,32,277.96,0.7046,0.0579,0.003014,4.264
798137,520,356,876,232,60,229,328.82,0.9423,0.6214,0.260471,32,43,51,240.06,0.2183,0.1798,0.022738,4.268
798138,520,453,973,236,1,1,29.20,0.9995,0.5272,0.178600,1,2,58,265.62,0.9920,0.0690,0.003553,4.269
798152,520,477,997,215,40,101,6.92,0.8854,0.5130,0.169067,3,0,4,321.50,1.0000,0.0174,0.000281,4.357
798154,520,425,945,233,32,152,351.33,0.9408,0.5628,0.206266,6,4,81,268.42,0.9888,0.1055,0.007196,4.481
798179,520,457,977,222,46,77,17.56,0.9070,0.5256,0.180221,19,8,14,345.97,0.3480,0.0617,0.003438,4.308
798195,520,404,924,243,62,13,33.99,0.9882,0.5750,0.225323,31,16,75,287.62,0.8015,0.1347,0.011699,4.462
798230,520,462,982,211,66,95,12.95,0.7882,0.5283,0.185738,9,7,18,292.15,0.3902,0.0511,0.002537,4.487
798235,520,479,999,192,81,64,30.84,0.7276,0.5077,0.174633,0,1,1,194.77,1.0000,0.0143,0.000239,4.471
798240,520,212,732,210,167,240,310.83,0.7418,0.7585,0.476310,37,84,51,151.34,0.7230,0.3115,0.069727,4.396
798254,520,398,918,225,83,106,14.03,0.7717,0.5785,0.232372,48,24,23,22.88,0.4068,0.1389,0.013436,4.451
798255,520,423,943,239,10,145,354.29,0.9877,0.5641,0.206153,18,25,33,252.09,0.2439,0.1083,0.009336,4.317
798277,520,407,927,228,44,167,345.68,0.9055,0.5673,0.210880,15,34,33,191.22,0.4209,0.1322,0.013554,4.105
798287,520,391,911,247,4,164,349.91,0.9965,0.5870,0.225447,6,26,86,264.61,0.9207,0.1476,0.014493,4.271
798290,520,401,921,229,38,191,338.36,0.9412,0.5781,0.218084,10,38,32,176.75,0.6633,0.1417,0.015550,4.090
798291,520,385,905,244,29,170,347.87,0.9668,0.5908,0.230173,60,4,55,332.39,0.8368,0.1472,0.013235,4.431
798303,520,406,926,235,77,81,23.12,0.8734,0.5833,0.235669,4,36,32,183.29,0.8435,0.1326,0.013918,4.469
798311,520,413,933,241,52,90,15.87,0.9225,0.5713,0.218982,0,25,63,257.37,1.0000,0.1191,0.010541,4.443
798323,520,435,955,177,77,230,311.55,0.8530,0.5550,0.203689,20,18,28,293.55,0.2475,0.0900,0.006652,4.478
798327,520,268,788,225,122,246,320.63,0.9315,0.6970,0.365821,39,48,134,272.40,0.8142,0.2635,0.042663,4.487
798332,520,412,932,217,66,165,344.68,0.8081,0.5655,0.213670,26,28,9,114.11,0.5429,0.1162,0.010698,4.344
798334,520,425,945,238,51,90,15.43,0.9180,0.5645,0.212861,47,12,19,11.12,0.6368,0.1140,0.009144,4.444
798344,520,417,937,201,30,255,315.24,1.0000,0.5709,0.205675,42,13,41,328.85,0.6222,0.1168,0.009402,4.304
798347,520,466,986,215,62,29,33.48,0.9406,0.5205,0.179835,12,4,21,305.43,0.6188,0.0486,0.002191,4.404
798353,520,428,948,229,27,160,347.66,0.9496,0.5564,0.199827,33,16,16,19.97,0.3656,0.0969,0.007314,4.359
798355,520,12,532,252,254,229,110.70,0.9814,0.9871,0.972363,33,135,37,143.41,0.9747,0.4744,0.177841,4.487
798358,520,466,986,193,72,151,343.82,0.7096,0.5244,0.182082,11,8,8,17.85,0.1009,0.0512,0.002623,4.410
798371,520,401,921,224,88,96,19.82,0.7688,0.5812,0.236738,59,19,4,40.72,0.8400,0.1450,0.014045,4.477
798376,520,467,987,170,68,216,313.27,0.8277,0.5231,0.176390,10,0,20,308.75,1.0000,0.0360,0.001150,4.426
798379,520,234,754,252,136,216,340.15,0.9669,0.7418,0.432641,24,74,95,229.62,0.6919,0.2922,0.059177,4.421
798383,520,465,985,194,86,64,33.12,0.7197,0.5193,0.184968,6,12,3,133.27,0.5978,0.0544,0.003082,4.426
798390,520,409,929,246,41,86,16.39,0.9537,0.5726,0.218540,23,26,52,276.72,0.4778,0.1267,0.011689,4.353
798432,520,455,975,221,25,127,357.16,0.9383,0.5254,0.176023,9,13,14,214.42,0.1294,0.0626,0.003776,4.203
798437,520,441,961,155,77,250,299.67,0.9554,0.5420,0.191788,4,24,10,152.11,0.8605,0.0877,0.007010,4.241
798449,520,331,851,234,61,246,325.16,0.9670,0.6366,0.274861,68,34,43,3.82,0.4262,0.1995,0.025476,4.304
798458,520,411,931,224,7,207,332.62,0.9933,0.5676,0.205067,21,24,55,276.35,0.5632,0.1224,0.010885,4.189
798459,520,338,858,249,99,64,34.50,0.9517,0.6355,0.294368,35,48,59,244.36,0.2541,0.2008,0.027869,4.422
798468,520,237,757,252,145,131,28.38,0.9356,0.7292,0.425877,47,74,54,151.81,0.4135,0.2867,0.057681,4.419
798490,520,445,965,195,27,229,319.46,0.9677,0.5388,0.180446,33,6,18,355.16,0.6417,0.0797,0.004973,4.192
798520,520,373,893,244,10,200,339.09,0.9937,0.6008,0.236234,49,17,77,304.44,0.7663,0.1610,0.015897,4.344
798526,520,452,972,233,18,68,18.77,0.9825,0.5310,0.181767,2,0,58,267.06,1.0000,0.0660,0.003184,4.358
798536,520,366,886,250,39,181,346.10,0.9647,0.6122,0.251145,71,21,7,36.28,0.8437,0.1723,0.018915,4.370
798539,520,337,857,244,51,236,330.07,0.9693,0.6394,0.276597,24,25,123,271.27,0.9456,0.1988,0.023194,4.462
798541,520,404,924,218,3,247,321.60,0.9986,0.5847,0.216880,18,0,97,273.74,1.0000,0.1301,0.009916,4.454
798557,520,456,976,214,70,22,36.75,0.9512,0.5278,0.187368,18,6,30,304.83,0.6522,0.0647,0.003526,4.435
798565,520,338,858,206,108,223,321.53,0.7877,0.6357,0.291760,33,51,41,159.63,0.3223,0.2004,0.028510,4.353
798573,520,433,953,233,42,86,15.14,0.9308,0.5468,0.196545,36,0,53,311.79,1.0000,0.0978,0.006322,4.377
798577,520,384,904,212,110,39,50.77,0.8490,0.5885,0.252975,16,40,35,178.37,0.5122,0.1522,0.017490,4.489
798605,520,475,995,176,38,236,312.02,0.9479,0.5203,0.166734,5,3,12,295.63,0.5034,0.0345,0.001239,4.230
798615,520,469,989,214,59,77,19.12,0.8488,0.5219,0.179623,2,0,30,273.09,1.0000,0.0351,0.001066,4.497
798623,520,318,838,246,65,253,326.42,0.9932,0.6639,0.304679,34,59,15,134.12,0.8674,0.2207,0.035024,4.172
798624,520,430,950,182,102,128,359.94,0.4822,0.5453,0.210076,22,22,22,0.00,0.0000,0.0993,0.008023,4.482
798645,520,202,722,253,145,251,327.77,0.9904,0.7745,0.481007,27,86,42,148.69,0.9099,0.3114,0.070555,4.405
798657,520,386,906,246,38,143,357.24,0.9475,0.5876,0.229655,7,29,85,263.87,0.9090,0.1536,0.015797,4.250
798660,520,348,868,236,77,212,334.54,0.8994,0.6339,0.278966,64,37,16,56.68,0.6035,0.1924,0.024507,4.415
798665,520,416,936,188,102,161,340.21,0.5575,0.5677,0.227686,1,34,29,180.76,0.9608,0.1235,0.012392,4.451
798670,520,408,928,218,87,102,16.29,0.7307,0.5707,0.226835,23,23,67,278.17,0.6938,0.1320,0.012002,4.465
798690,520,431,951,237,8,116,3.50,0.9896,0.5489,0.194423,28,18,32,316.04,0.3470,0.1009,0.007838,4.226
798702,520,178,698,246,163,249,325.60,0.9581,0.7963,0.526285,28,92,21,141.71,0.9670,0.3288,0.079550,4.448
798738,520,352,872,211,121,107,29.78,0.5882,0.6184,0.285870,19,54,13,140.88,0.9364,0.1946,0.028057,4.303
798749,520,380,900,233,72,174,345.89,0.8482,0.6041,0.250170,6,44,15,147.66,0.9584,0.1553,0.018745,4.366
798751,520,391,911,240,58,145,356.76,0.8882,0.5910,0.235988,57,24,14,37.60,0.6166,0.1520,0.015550,4.363
798761,520,362,882,225,91,157,352.49,0.7441,0.6065,0.259264,56,31,61,320.76,0.4774,0.1834,0.021577,4.321
798796,520,399,919,207,89,162,344.95,0.6883,0.5763,0.230206,65,6,20,13.52,0.8543,0.1432,0.013048,4.444
798798,520,409,929,215,77,143,354.15,0.7461,0.5652,0.217402,17,25,64,270.77,0.6933,0.1292,0.011845,4.324
798799,520,313,833,229,109,206,335.23,0.8088,0.6611,0.320536,51,55,10,114.43,0.8095,0.2228,0.034581,4.381
798811,520,322,842,245,77,212,336.83,0.9399,0.6489,0.294765,40,44,83,277.11,0.4917,0.2095,0.028770,4.377
798813,520,429,949,199,13,245,317.10,0.9917,0.5536,0.190240,28,4,59,296.55,0.8932,0.0981,0.006495,4.252
798823,520,402,922,226,64,163,347.58,0.8382,0.5785,0.224824,27,29,46,278.42,0.3167,0.1340,0.013090,4.356
798827,520,346,866,244,10,251,326.80,0.9975,0.6331,0.264180,64,37,27,41.03,0.4264,0.1946,0.024924,4.193
798829,520,438,958,237,29,84,15.05,0.9640,0.5470,0.195265,29,8,43,308.88,0.7170,0.0913,0.006093,4.372
798839,520,286,806,253,108,186,349.55,0.9680,0.6875,0.351559,35,63,38,146.72,0.5641,0.2389,0.040522,4.436
798844,520,388,908,244,6,183,343.74,0.9952,0.5908,0.227854,3,22,94,264.58,0.9564,0.1476,0.014012,4.341
798854,520,229,749,225,158,197,343.71,0.5734,0.7388,0.444939,48,76,56,152.71,0.4148,0.2943,0.060826,4.466
798877,520,475,995,168,59,234,308.89,0.8963,0.5244,0.173940,4,5,2,121.23,0.3605,0.0349,0.001387,4.358
798885,520,376,896,215,53,252,319.06,0.9857,0.6043,0.240233,58,21,39,352.02,0.5575,0.1560,0.015825,4.409
798900,520,0,520,255,255,255,0.00,0.0000,1.0000,1.000000,56,136,23,138.78,0.9772,0.4844,0.185103,4.466
798906,520,433,953,243,32,7,30.43,0.9946,0.5524,0.201065,9,7,72,271.30,0.9651,0.0999,0.006779,4.422
798936,520,368,888,233,7,251,324.30,0.9978,0.6138,0.244431,57,29,33,11.27,0.4005,0.1673,0.018585,4.293
798953,520,218,738,251,131,251,327.30,0.9818,0.7492,0.437092,11,81,75,185.92,0.9039,0.3005,0.064637,4.249
798955,520,470,990,207,49,151,346.25,0.8285,0.5243,0.176985,0,8,1,147.32,1.0000,0.0384,0.001758,4.385
798960,520,353,873,222,86,207,332.28,0.8355,0.6190,0.266922,16,49,36,164.67,0.6864,0.1817,0.024341,4.263
798973,520,444,964,176,56,247,308.81,0.9539,0.5439,0.187747,12,15,32,274.59,0.4496,0.0782,0.005241,4.304
798983,520,354,874,185,117,219,313.53,0.6976,0.6209,0.281521,25,45,56,233.66,0.3889,0.1829,0.023689,4.499
798993,520,466,986,134,100,204,296.36,0.6552,0.5189,0.185424,13,2,33,295.80,0.8589,0.0534,0.002388,4.494
799009,520,402,922,240,24,174,345.70,0.9722,0.5832,0.222376,12,32,51,249.18,0.5787,0.1343,0.013501,4.289
799015,520,473,993,227,0,87,11.49,1.0000,0.5178,0.170219,8,1,10,321.60,0.7188,0.0311,0.000953,4.322
799019,520,381,901,246,26,185,343.81,0.9769,0.6008,0.238376,27,11,109,276.20,0.9647,0.1650,0.015764,4.385
799029,520,239,759,255,118,232,334.31,1.0000,0.7258,0.400458,49,74,34,134.88,0.6434,0.2833,0.056659,4.223
799033,520,358,878,192,115,206,321.28,0.6515,0.6189,0.279252,10,49,43,180.73,0.7768,0.1818,0.024355,4.428
799038,520,368,888,241,50,194,340.54,0.9377,0.6090,0.248799,17,15,118,269.69,0.9764,0.1748,0.017687,4.414
799048,520,329,849,250,58,226,333.97,0.9767,0.6484,0.288441,21,51,68,235.98,0.5619,0.2054,0.029443,4.260
799071,520,384,904,223,88,124,6.76,0.7345,0.5871,0.241251,20,40,15,139.59,0.7297,0.1489,0.017008,4.347
799075,520,376,896,181,124,152,348.61,0.3706,0.5966,0.265070,4,46,13,146.81,0.9785,0.1610,0.020088,4.495
799085,520,367,887,241,53,197,339.73,0.9347,0.6127,0.252811,57,31,36,7.66,0.3639,0.1727,0.019773,4.340
799101,520,391,911,204,96,187,333.75,0.6991,0.5943,0.247926,43,33,18,76.92,0.3976,0.1518,0.016450,4.483
799109,520,479,999,151,58,245,300.97,0.9426,0.5097,0.161984,0,0,2,264.05,1.0000,0.0079,0.000044,4.236
799115,520,402,922,245,21,149,354.44,0.9767,0.5805,0.221220,3,25,76,262.46,0.9435,0.1334,0.012363,4.349
799123,520,452,972,215,58,119,1.81,0.8122,0.5344,0.188075,33,0,14,356.79,1.0000,0.0672,0.003551,4.446
799133,520,412,932,206,24,253,317.09,0.9913,0.5748,0.208686,50,6,42,336.43,0.7693,0.1221,0.009756,4.329
799136,520,471,991,212,16,152,346.06,0.9567,0.5153,0.166369,1,8,5,169.33,0.7541,0.0409,0.001911,4.168
799137,520,436,956,196,54,219,321.61,0.8965,0.5506,0.194901,45,1,16,4.90,0.9163,0.0931,0.006171,4.360
799141,520,399,919,221,38,214,330.02,0.9516,0.5778,0.216157,37,26,56,299.15,0.4887,0.1441,0.014176,4.147
799145,520,466,986,223,41,62,21.78,0.9363,0.5210,0.176244,2,4,31,269.16,0.9084,0.0461,0.001987,4.352
799150,520,420,940,250,25,3,30.09,0.9980,0.5639,0.210295,7,21,58,264.71,0.8190,0.1087,0.008869,4.422
799156,520,437,957,198,54,211,324.33,0.8833,0.5482,0.193488,30,8,41,312.52,0.7013,0.0912,0.006098,4.340
799161,520,366,886,253,73,6,35.97,0.9956,0.6058,0.256645,14,43,56,230.38,0.6117,0.1708,0.021066,4.315
799172,520,391,911,222,62,209,331.59,0.8967,0.5940,0.235805,17,30,77,267.90,0.7644,0.1527,0.015835,4.341
799174,520,392,912,245,58,100,13.74,0.9264,0.5865,0.233620,24,40,4,130.30,0.9179,0.1501,0.017205,4.220
799179,520,475,995,139,88,224,297.12,0.7903,0.5177,0.178504,2,2,15,277.10,0.7504,0.0296,0.000908,4.489
799216,520,306,826,247,76,237,330.46,0.9672,0.6653,0.310602,22,63,35,151.35,0.8173,0.2307,0.038468,4.076
799259,520,431,951,170,80,234,307.90,0.8598,0.5523,0.202246,51,2,4,24.89,0.9569,0.1044,0.007561,4.382
799266,520,427,947,236,12,148,352.74,0.9838,0.5598,0.202370,17,9,67,278.65,0.9036,0.1025,0.007198,4.412
799269,520,460,980,204,37,181,334.89,0.8956,0.5262,0.174986,31,1,10,3.46,0.8612,0.0642,0.003350,4.217
799282,520,456,976,209,16,183,335.51,0.9669,0.5269,0.173469,26,6,0,48.44,1.0000,0.0631,0.003499,4.177
799301,520,419,939,188,60,236,314.76,0.9086,0.5564,0.199804,28,24,30,314.53,0.1455,0.1140,0.009939,4.168
799309,520,295,815,231,106,239,325.18,0.9182,0.6774,0.335310,69,40,95,306.29,0.5911,0.2428,0.036091,4.476
799314,520,432,952,211,34,205,329.83,0.9417,0.5522,0.194027,36,10,40,322.13,0.6577,0.1023,0.007454,4.247
799321,520,413,933,223,73,118,6.18,0.7879,0.5656,0.217636,2,28,51,248.09,0.8557,0.1182,0.010824,4.400
799355,520,395,915,221,20,241,323.58,0.9889,0.5889,0.222255,47,18,48,326.14,0.5880,0.1372,0.012504,4.356
799358,520,477,997,208,47,121,358.19,0.8315,0.5115,0.168256,0,0,15,264.05,1.0000,0.0196,0.000345,4.335
799362,520,431,951,225,74,12,37.96,0.9803,0.5534,0.209344,36,18,11,41.87,0.4547,0.1043,0.008319,4.447
799369,520,409,929,232,19,182,341.46,0.9763,0.5704,0.210017,39,26,30,358.72,0.2259,0.1325,0.012639,4.151
799371,520,434,954,208,60,175,338.35,0.8178,0.5486,0.197387,29,22,12,75.97,0.3413,0.1041,0.008616,4.220
799372,520,211,731,255,145,218,341.11,1.0000,0.7620,0.465752,50,84,26,134.57,0.8594,0.3146,0.070932,4.265
799377,520,442,962,179,58,234,312.52,0.9033,0.5394,0.185513,14,1,59,280.91,0.9842,0.0784,0.004308,4.337
799386,520,322,842,219,102,235,322.70,0.8842,0.6521,0.305627,60,48,8,91.47,0.8115,0.2134,0.030922,4.395
799387,520,347,867,247,72,186,345.18,0.9332,0.6342,0.279571,48,45,26,100.37,0.3662,0.1928,0.025798,4.348
799390,520,402,922,253,18,95,12.88,0.9874,0.5785,0.221452,34,14,67,295.29,0.7722,0.1273,0.010594,4.480
799391,520,410,930,176,104,200,317.20,0.6425,0.5749,0.233017,29,32,23,122.69,0.2083,0.1339,0.013561,4.453
799414,520,342,862,241,8,248,326.79,0.9977,0.6255,0.256545,61,27,66,322.35,0.5850,0.1865,0.021694,4.276
799417,520,399,919,252,40,15,30.56,0.9901,0.5760,0.222512,66,1,25,6.26,0.9571,0.1413,0.012504,4.360
799419,520,463,983,238,0,0,29.23,1.0000,0.5313,0.181805,1,1,42,266.77,0.9917,0.0485,0.001953,4.462
799422,520,409,929,240,42,106,9.20,0.9331,0.5660,0.212250,40,5,75,299.62,0.9085,0.1320,0.010677,4.322
799430,520,240,760,250,123,231,333.31,0.9693,0.7254,0.402619,10,70,107,242.64,0.8509,0.2839,0.055061,4.308
799440,520,429,949,213,40,189,334.92,0.9100,0.5492,0.193400,10,9,71,271.81,0.9501,0.1022,0.007148,4.259
799442,520,362,882,250,77,53,31.06,0.9717,0.6074,0.258923,45,29,78,295.28,0.6267,0.1769,0.019867,4.422
799449,520,460,980,207,58,153,346.03,0.7993,0.5336,0.185935,10,12,23,275.49,0.3411,0.0650,0.003893,4.378
799463,520,424,944,208,86,124,3.44,0.6777,0.5585,0.215227,28,22,32,311.61,0.2353,0.1100,0.009250,4.476
799468,520,368,888,249,26,188,343.61,0.9796,0.6080,0.245126,45,37,24,79.44,0.3039,0.1665,0.019470,4.248
799484,520,409,929,218,44,205,331.65,0.9262,0.5705,0.211168,18,11,88,274.25,0.9520,0.1309,0.010725,4.301
799487,520,240,760,222,145,241,319.51,0.8570,0.7299,0.421326,8,81,9,142.83,0.9908,0.2844,0.059560,4.302
799499,520,375,895,238,1,223,331.88,0.9995,0.6022,0.235293,1,5,120,264.50,0.9960,0.1609,0.014709,4.409
799515,520,345,865,243,62,215,335.26,0.9396,0.6332,0.274091,25,35,100,270.82,0.8147,0.1916,0.023287,4.422
799518,520,406,926,202,95,166,342.11,0.6510,0.5794,0.234958,10,37,14,146.51,0.8786,0.1332,0.014193,4.439
799553,520,419,939,251,12,43,25.29,0.9949,0.5643,0.209503,6,11,75,268.21,0.9611,0.1075,0.007860,4.485
799558,520,373,893,242,47,178,345.50,0.9339,0.6006,0.241277,75,2,11,22.24,0.9749,0.1596,0.015637,4.438
799579,520,404,924,229,43,196,336.97,0.9346,0.5839,0.223738,36,18,65,297.07,0.7013,0.1343,0.011893,4.423
799582,520,452,972,224,29,124,359.06,0.9315,0.5322,0.181840,19,7,26,311.92,0.5617,0.0654,0.003650,4.321
799584,520,331,851,231,73,238,326.14,0.9357,0.6373,0.279293,81,28,11,37.73,0.8069,0.2042,0.026043,4.330
799599,520,467,987,204,74,36,36.37,0.8858,0.5153,0.178644,0,1,39,264.20,0.9928,0.0443,0.001682,4.424
799601,520,388,908,234,87,34,38.27,0.9389,0.5887,0.244272,18,40,34,174.17,0.4660,0.1530,0.017616,4.352
799621,520,334,854,245,106,91,28.54,0.9046,0.6432,0.304789,26,54,30,147.32,0.6489,0.2018,0.029516,4.462
799631,520,480,1000,202,51,141,348.92,0.8054,0.5121,0.168493,0,0,0,0.00,0.0000,0.0000,0.000000,4.370
799638,520,467,987,207,40,163,341.61,0.8703,0.5234,0.174294,11,1,27,299.57,0.8879,0.0444,0.001720,4.337
799648,520,480,1000,181,22,219,317.94,0.9653,0.5055,0.155133,0,0,0,0.00,0.0000,0.0000,0.000000,4.103
799659,520,330,850,240,61,231,330.31,0.9518,0.6368,0.276349,17,52,78,244.21,0.6727,0.2129,0.031251,4.017
799661,520,418,938,232,58,113,7.26,0.8682,0.5649,0.213771,55,5,26,0.46,0.8007,0.1228,0.009955,4.399
799665,520,462,982,223,18,143,351.73,0.9614,0.5334,0.181064,2,13,5,153.74,0.8090,0.0541,0.003117,4.350
799666,520,441,961,212,60,143,351.44,0.7988,0.5402,0.192142,32,2,53,306.50,0.9149,0.0947,0.006076,4.318
799673,520,383,903,241,66,138,0.33,0.8786,0.5977,0.244352,19,37,45,228.17,0.3927,0.1494,0.016510,4.426
799687,520,471,991,178,66,193,322.78,0.7826,0.5163,0.172128,3,4,28,272.76,0.8447,0.0447,0.001900,4.280
799710,520,367,887,188,99,249,308.97,0.9334,0.6144,0.264554,30,43,15,129.84,0.6508,0.1661,0.020382,4.469
799712,520,450,970,241,12,41,25.30,0.9936,0.5427,0.191272,22,8,13,357.36,0.3982,0.0652,0.003733,4.490
799718,520,340,860,230,60,255,322.11,1.0000,0.6356,0.272769,55,33,79,303.91,0.5759,0.1983,0.024645,4.324
799721,520,362,882,245,15,210,336.72,0.9919,0.6095,0.244103,13,36,91,263.83,0.8543,0.1785,0.021025,4.141
799724,520,476,996,169,77,188,320.48,0.7158,0.5140,0.173745,4,1,7,310.77,0.6480,0.0247,0.000629,4.419
799725,520,433,953,235,55,15,32.94,0.9840,0.5525,0.204322,3,29,3,142.96,0.9741,0.1014,0.009046,4.307
799739,520,359,879,189,97,253,308.63,0.9760,0.6156,0.264609,81,13,9,28.62,0.9093,0.1834,0.020572,4.458
799749,520,407,927,250,9,111,7.25,0.9928,0.5744,0.216707,47,21,4,52.31,0.7578,0.1269,0.011495,4.337
799768,520,434,954,232,52,79,18.67,0.9118,0.5511,0.201793,25,22,19,67.38,0.1014,0.1014,0.008275,4.321
799770,520,135,655,252,184,246,329.50,0.9805,0.8422,0.616318,63,98,44,135.69,0.7051,0.3707,0.099738,4.450
799785,520,443,963,237,18,53,22.93,0.9870,0.5372,0.186974,28,10,5,39.13,0.5601,0.0751,0.004750,4.328
799805,520,474,994,162,52,244,305.22,0.9423,0.5177,0.166696,0,3,16,258.54,1.0000,0.0307,0.001025,4.247
799840,520,408,928,201,68,219,322.69,0.8673,0.5722,0.216678,24,5,90,279.02,0.9704,0.1313,0.010409,4.415
799841,520,299,819,248,67,252,327.11,0.9901,0.6681,0.310018,31,55,78,248.64,0.4636,0.2290,0.035736,4.199
799846,520,452,972,222,45,105,7.09,0.8835,0.5319,0.184289,11,9,44,278.96,0.7742,0.0746,0.004484,4.300
799847,520,459,979,209,51,159,343.94,0.8321,0.5336,0.184283,13,3,36,292.05,0.8376,0.0580,0.002781,4.439
799853,520,476,996,190,60,155,340.40,0.7589,0.5065,0.165470,0,2,7,251.28,1.0000,0.0226,0.000588,4.259
799857,520,356,876,251,33,204,339.73,0.9778,0.6230,0.259598,31,28,96,277.75,0.8054,0.1775,0.019663,4.444
799880,520,409,929,161,112,201,308.29,0.5945,0.5714,0.233829,5,37,18,153.65,0.9209,0.1318,0.013990,4.436
799889,520,477,997,169,25,244,308.56,0.9754,0.5096,0.156628,1,1,12,274.56,0.8685,0.0231,0.000547,4.088
799921,520,392,912,224,12,244,323.69,0.9947,0.5942,0.226441,25,12,101,276.35,0.9534,0.1540,0.014091,4.313
799924,520,364,884,240,68,173,347.66,0.8834,0.6119,0.256795,40,33,63,293.11,0.4400,0.1683,0.018977,4.448
799930,520,429,949,203,98,12,50.71,0.9525,0.5505,0.214604,6,28,8,145.55,0.8991,0.1009,0.008867,4.495
799933,520,475,995,168,19,254,306.35,0.9954,0.5151,0.159471,6,0,14,307.73,1.0000,0.0276,0.000704,4.131
799941,520,430,950,193,50,230,318.09,0.9227,0.5506,0.193332,8,19,58,267.11,0.8250,0.1048,0.008228,4.179
799971,520,425,945,199,38,239,318.03,0.9597,0.5589,0.197618,13,31,8,139.17,0.8247,0.1143,0.010830,4.071
799983,520,441,961,208,7,204,329.39,0.9900,0.5366,0.179235,10,16,41,270.48,0.6165,0.0851,0.005952,4.097
799996,520,403,923,255,11,96,12.59,1.0000,0.5812,0.223477,1,28,69,258.02,0.9657,0.1327,0.012666,4.364
800015,520,478,998,215,6,141,350.36,0.9838,0.5134,0.165029,0,3,3,194.77,1.0000,0.0242,0.000717,4.240
800017,520,447,967,164,72,242,304.81,0.9111,0.5403,0.189386,4,18,33,249.97,0.6489,0.0804,0.005682,4.299
800025,520,108,628,239,220,95,100.71,0.8415,0.8680,0.703644,0,113,16,143.65,1.0000,0.3938,0.118471,4.473
800028,520,386,906,244,68,73,24.03,0.9347,0.5888,0.238517,18,32,70,266.10,0.6678,0.1520,0.016037,4.369
800030,520,477,997,207,23,149,345.98,0.9253,0.5066,0.160503,2,1,7,291.58,0.6583,0.0219,0.000500,4.168
800039,520,465,985,211,51,110,3.86,0.8292,0.5170,0.173446,9,11,4,119.47,0.3954,0.0549,0.003062,4.211
800051,520,63,583,241,231,200,92.21,0.5313,0.9160,0.800232,34,121,40,144.07,0.9626,0.4293,0.141675,4.436
800057,520,375,895,214,88,188,336.41,0.7615,0.5987,0.249084,66,20,11,32.98,0.7715,0.1613,0.016829,4.475
800066,520,454,974,219,2,158,345.59,0.9955,0.5287,0.175746,0,18,8,160.11,1.0000,0.0668,0.004501,4.142
800071,520,477,997,213,9,137,351.34,0.9748,0.5083,0.161500,8,0,4,344.76,1.0000,0.0250,0.000604,4.180
800086,520,402,922,200,86,194,329.64,0.7464,0.5773,0.228315,2,35,41,212.12,0.8947,0.1327,0.013750,4.366
800116,520,405,925,231,25,205,334.85,0.9751,0.5839,0.220946,27,23,63,283.71,0.6317,0.1321,0.012047,4.367
800130,520,210,730,234,170,165,23.96,0.5832,0.7636,0.489601,25,87,23,142.66,0.9609,0.3110,0.070847,4.465
800152,520,402,922,233,73,112,10.24,0.8313,0.5821,0.232614,18,34,9,135.64,0.7692,0.1273,0.012923,4.491
800158,520,284,804,238,99,253,323.69,0.9900,0.6867,0.341949,30,68,23,140.65,0.8938,0.2491,0.044720,4.138
800168,520,465,985,222,1,113,1.64,0.9978,0.5153,0.167463,9,6,13,305.61,0.3043,0.0466,0.002174,4.168
800185,520,389,909,223,64,198,335.11,0.8760,0.5912,0.234343,11,43,17,147.20,0.9020,0.1543,0.018393,4.157
800194,520,442,962,199,6,227,321.25,0.9941,0.5375,0.178200,17,19,0,114.39,1.0000,0.0806,0.005849,4.086
800216,520,479,999,213,57,56,25.87,0.8886,0.5140,0.173603,1,0,2,311.99,1.0000,0.0114,0.000108,4.462
800218,520,394,914,237,8,201,337.25,0.9939,0.5880,0.223981,56,9,42,342.36,0.7399,0.1370,0.012034,4.417
800221,520,466,986,219,18,124,357.55,0.9566,0.5175,0.169505,0,12,8,174.59,1.0000,0.0507,0.002805,4.157
800229,520,442,962,238,16,15,28.84,0.9923,0.5355,0.185855,2,4,66,266.30,0.9862,0.0833,0.004930,4.294
800230,520,384,904,229,26,222,330.00,0.9797,0.5915,0.226732,57,2,68,319.92,0.9258,0.1495,0.013307,4.371
800231,520,459,979,197,55,189,330.44,0.8361,0.5330,0.182785,11,12,3,113.16,0.5245,0.0586,0.003407,4.359
800244,520,354,874,222,76,231,325.43,0.9073,0.6217,0.264700,4,45,65,235.57,0.8588,0.1787,0.022841,4.320
800246,520,352,872,236,42,238,327.74,0.9739,0.6217,0.256644,6,39,95,260.47,0.9184,0.1873,0.023158,4.192
800265,520,393,913,241,0,193,340.27,1.0000,0.5894,0.225540,22,38,14,136.12,0.6679,0.1437,0.015885,4.182
800295,520,396,916,226,84,113,11.29,0.7683,0.5835,0.237042,27,32,36,242.17,0.1202,0.1369,0.013934,4.490
800296,520,408,928,215,14,238,322.81,0.9915,0.5749,0.209362,1,38,4,144.36,0.9946,0.1307,0.014014,4.052
800300,520,444,964,238,16,60,21.21,0.9881,0.5397,0.188773,21,10,32,305.21,0.5520,0.0768,0.004808,4.357
800308,520,302,822,254,62,238,331.89,0.9959,0.6653,0.306922,21,49,107,262.64,0.7920,0.2294,0.034174,4.240
800309,520,322,842,254,53,226,334.85,0.9952,0.6518,0.291112,11,52,78,241.58,0.7640,0.2107,0.030770,4.223
800311,520,434,954,180,54,248,309.94,0.9603,0.5487,0.191199,32,13,37,318.97,0.5566,0.0993,0.007285,4.210
800317,520,453,973,221,40,108,5.26,0.8954,0.5272,0.179751,19,10,18,330.42,0.3156,0.0672,0.003992,4.255
800337,520,308,828,211,111,253,314.79,0.9791,0.6655,0.323109,19,64,32,149.88,0.8897,0.2321,0.039094,4.188
800339,520,436,956,236,18,121,1.91,0.9742,0.5510,0.196491,35,13,1,52.99,0.8570,0.0905,0.006474,4.365
800347,520,281,801,224,131,202,336.32,0.7038,0.6883,0.363459,55,55,85,283.40,0.3397,0.2533,0.042004,4.494
800366,520,409,929,216,96,14,46.71,0.9613,0.5693,0.229987,24,34,7,126.79,0.7445,0.1317,0.013536,4.407
800372,520,308,828,244,87,237,329.66,0.9541,0.6720,0.321665,23,64,17,141.21,0.9384,0.2311,0.038893,4.181
800413,520,284,804,230,139,126,28.84,0.6677,0.6852,0.367967,13,69,39,154.83,0.9319,0.2487,0.044881,4.405
800418,520,402,922,225,15,226,328.09,0.9901,0.5837,0.218425,24,24,61,279.59,0.6120,0.1298,0.011844,4.340
800429,520,442,962,189,57,213,320.97,0.8689,0.5379,0.185505,10,21,2,131.86,0.8917,0.0810,0.006052,4.202
800431,520,477,997,205,23,156,343.07,0.9255,0.5064,0.159943,5,0,4,333.70,1.0000,0.0207,0.000410,4.165
800435,520,441,961,198,67,174,335.91,0.7725,0.5385,0.190778,38,7,23,351.56,0.6607,0.0919,0.006260,4.280
800443,520,460,980,195,65,174,334.92,0.7741,0.5311,0.184403,9,1,48,279.67,0.9786,0.0619,0.002932,4.428
800452,520,347,867,241,31,245,327.37,0.9872,0.6297,0.262760,21,51,20,143.07,0.8433,0.1867,0.025775,4.127
800457,520,316,836,243,74,236,329.73,0.9523,0.6563,0.300110,6,23,149,265.29,0.9838,0.2236,0.028212,4.476
800460,520,454,974,167,64,232,308.66,0.8814,0.5267,0.177092,29,2,24,335.75,0.7835,0.0686,0.003706,4.228
800465,520,403,923,234,65,119,6.25,0.8523,0.5774,0.226078,1,37,29,174.47,0.9706,0.1333,0.014182,4.301
800488,520,333,853,233,117,43,48.70,0.8972,0.6354,0.302232,24,54,9,137.21,0.9418,0.1969,0.028522,4.486
800494,520,337,857,222,80,248,321.05,0.9634,0.6372,0.280461,59,29,81,308.36,0.6411,0.1978,0.024027,4.464
800501,520,418,938,223,24,190,337.05,0.9637,0.5599,0.200614,2,16,82,264.76,0.9634,0.1218,0.009926,4.182
800523,520,346,866,232,70,227,329.27,0.9255,0.6291,0.270845,54,43,25,79.21,0.3889,0.1945,0.025823,4.232
800561,520,470,990,230,11,58,20.94,0.9906,0.5210,0.173709,11,1,24,303.41,0.8638,0.0423,0.001588,4.336
800572,520,470,990,224,39,57,23.01,0.9458,0.5209,0.175966,10,4,6,354.33,0.3105,0.0400,0.001645,4.375
800586,520,415,935,250,0,115,5.76,1.0000,0.5738,0.215654,6,15,79,267.32,0.9523,0.1186,0.009448,4.469
800594,520,378,898,236,4,217,332.90,0.9976,0.5952,0.229322,2,17,107,264.80,0.9788,0.1559,0.014752,4.314
800599,520,392,912,239,30,179,344.09,0.9627,0.5862,0.225369,52,21,52,327.36,0.5756,0.1528,0.015144,4.227
800624,520,422,942,248,11,18,28.43,0.9958,0.5559,0.202431,22,15,64,282.51,0.7831,0.1129,0.008824,4.291
800625,520,456,976,213,37,152,346.87,0.8858,0.5271,0.177386,16,6,26,305.53,0.5980,0.0600,0.003150,4.278
800637,520,433,953,212,45,183,336.53,0.8854,0.5473,0.192948,1,21,50,255.95,0.9295,0.0984,0.007730,4.208
800645,520,337,857,235,66,236,327.77,0.9453,0.6359,0.276172,42,33,97,284.13,0.7102,0.1985,0.024430,4.382
800650,520,347,867,233,69,227,329.54,0.9284,0.6298,0.271283,37,46,40,156.05,0.1638,0.1883,0.025005,4.284
800664,520,51,571,255,234,202,78.42,1.0000,0.9369,0.843708,21,125,35,144.45,0.9850,0.4387,0.149474,4.480
800673,520,427,947,223,17,188,337.58,0.9759,0.5563,0.197222,16,1,72,278.17,0.9913,0.0960,0.005997,4.415
800676,520,429,949,197,64,204,325.79,0.8380,0.5516,0.198983,11,19,50,269.21,0.6844,0.0996,0.007671,4.317
800690,520,260,780,240,145,112,39.85,0.7642,0.7079,0.399483,31,73,14,138.36,0.9552,0.2653,0.050879,4.456
800696,520,432,952,229,67,0,36.71,1.0000,0.5524,0.206752,27,6,62,292.80,0.8717,0.1028,0.007111,4.496
800715,520,209,729,229,152,249,319.18,0.9354,0.7554,0.459554,74,75,16,110.43,0.8196,0.3075,0.065255,4.421
800734,520,456,976,165,60,243,305.89,0.9308,0.5288,0.177028,14,2,39,292.26,0.8957,0.0595,0.002833,4.297
800747,520,464,984,231,25,4,30.19,0.9961,0.5234,0.176960,23,2,14,346.01,0.7325,0.0545,0.002573,4.317
800765,520,210,730,243,155,202,346.91,0.7890,0.7576,0.467637,31,79,99,228.58,0.6241,0.3124,0.067838,4.393
800771,520,397,917,237,38,158,350.44,0.9348,0.5764,0.218624,31,34,11,115.52,0.5813,0.1390,0.014595,4.159
800779,520,37,557,252,236,227,51.52,0.6977,0.9456,0.862330,69,122,51,138.44,0.8220,0.4502,0.154229,4.467
800780,520,351,871,226,92,205,334.20,0.8267,0.6319,0.282330,5,40,100,260.60,0.9382,0.1943,0.024698,4.449
800781,520,431,951,187,47,242,313.65,0.9425,0.5485,0.190098,15,16,59,275.62,0.7829,0.1040,0.007879,4.148
800786,520,399,919,232,63,145,355.56,0.8495,0.5807,0.227579,9,39,21,153.94,0.8388,0.1410,0.015632,4.229
800794,520,466,986,228,15,77,15.41,0.9818,0.5212,0.173744,2,0,41,269.60,1.0000,0.0461,0.001730,4.325
800802,520,420,940,228,75,18,37.42,0.9713,0.5606,0.215726,41,17,18,18.37,0.4641,0.1119,0.009161,4.492
800804,520,459,979,154,84,221,304.42,0.7891,0.5272,0.184316,11,7,29,288.51,0.6159,0.0591,0.003118,4.411
800809,520,353,873,232,50,235,327.42,0.9607,0.6178,0.254376,65,25,58,334.60,0.5884,0.1847,0.021247,4.272
800810,520,411,931,253,27,49,25.02,0.9915,0.5739,0.218920,18,27,39,255.81,0.3271,0.1169,0.010589,4.438
800816,520,442,962,100,106,251,276.16,0.9635,0.5364,0.199817,12,20,4,129.68,0.6903,0.0800,0.005872,4.471
800819,520,408,928,213,59,196,332.94,0.8650,0.5682,0.212616,54,14,0,41.93,1.0000,0.1265,0.010985,4.306
800827,520,414,934,232,64,95,15.05,0.8662,0.5660,0.216517,57,2,10,19.04,0.9465,0.1186,0.009353,4.490
800835,520,414,934,206,5,248,318.35,0.9973,0.5658,0.200093,57,0,19,7.74,1.0000,0.1182,0.009170,4.227
800873,520,448,968,239,25,27,28.12,0.9852,0.5415,0.191284,28,7,31,322.57,0.6418,0.0800,0.004978,4.389
800877,520,363,883,231,91,132,5.12,0.7710,0.6076,0.261397,1,48,10,146.09,0.9958,0.1665,0.021422,4.360
800883,520,346,866,224,78,229,326.48,0.9036,0.6257,0.269553,36,36,85,279.55,0.6167,0.1882,0.022926,4.382
800927,520,373,893,221,66,212,330.46,0.8910,0.5980,0.240242,3,46,1,141.91,0.9959,0.1590,0.019755,4.161
800949,520,457,977,209,27,180,336.47,0.9344,0.5293,0.176366,7,14,17,225.33,0.2665,0.0645,0.003997,4.192
800972,520,407,927,250,25,50,24.59,0.9859,0.5669,0.212532,58,7,21,9.89,0.7967,0.1298,0.011058,4.300
800988,520,399,919,213,70,200,331.76,0.8413,0.5817,0.226985,21,27,69,273.03,0.6792,0.1411,0.013729,4.346
800999,520,423,943,231,40,148,352.60,0.9143,0.5617,0.206474,4,27,46,246.23,0.7535,0.1129,0.010069,4.270
801059,520,459,979,229,28,99,8.90,0.9501,0.5338,0.183923,20,9,4,51.11,0.4670,0.0619,0.003529,4.370
801071,520,400,920,249,6,125,2.54,0.9947,0.5761,0.217542,15,4,104,270.75,0.9917,0.1426,0.011878,4.324
801083,520,436,956,236,46,11,31.84,0.9895,0.5469,0.198142,24,17,12,57.14,0.2366,0.0860,0.006216,4.414
801085,520,393,913,245,21,168,348.52,0.9791,0.5889,0.227792,65,2,14,17.52,0.9537,0.1373,0.011991,4.481
801087,520,369,889,235,97,83,28.43,0.8519,0.6110,0.268389,25,40,66,260.85,0.4792,0.1747,0.021175,4.473
801095,520,409,929,217,18,231,324.91,0.9870,0.5742,0.209559,19,33,14,137.87,0.5855,0.1258,0.012578,4.148
801096,520,348,868,248,69,179,347.53,0.9378,0.6298,0.274705,81,21,17,27.76,0.8058,0.1942,0.023264,4.432
801113,520,341,861,233,49,255,323.06,1.0000,0.6326,0.267426,44,39,76,287.93,0.4746,0.1961,0.025083,4.228
801114,520,381,901,248,7,184,344.33,0.9951,0.5992,0.235724,48,33,24,52.08,0.3118,0.1601,0.017821,4.213
801118,520,436,956,224,70,19,36.32,0.9679,0.5468,0.202773,12,19,28,254.98,0.3089,0.0855,0.006277,4.492
801121,520,425,945,196,28,250,314.99,0.9794,0.5579,0.194698,45,13,11,26.20,0.6529,0.1099,0.008700,4.169
801126,520,406,926,206,83,191,332.67,0.7643,0.5809,0.230716,8,36,22,158.47,0.7901,0.1310,0.013713,4.406
801155,520,444,964,198,69,163,340.16,0.7490,0.5350,0.189081,15,4,53,283.61,0.9116,0.0778,0.004454,4.390
801181,520,411,931,240,28,138,357.29,0.9585,0.5689,0.211939,34,5,74,294.23,0.9159,0.1229,0.009430,4.407
801195,520,452,972,187,20,242,314.37,0.9829,0.5337,0.174771,6,19,9,150.90,0.5986,0.0743,0.005242,4.069
801197,520,413,933,243,5,131,359.53,0.9944,0.5657,0.208052,51,12,21,9.80,0.6679,0.1221,0.010210,4.286
801201,520,325,845,238,95,201,339.07,0.8721,0.6528,0.305811,29,56,15,136.53,0.8784,0.2074,0.031240,4.380
801209,520,478,998,226,21,20,28.58,0.9859,0.5117,0.167585,5,0,3,340.52,1.0000,0.0201,0.000388,4.318
801219,520,400,920,239,71,48,31.04,0.9281,0.5791,0.230737,36,20,67,295.00,0.6860,0.1395,0.012806,4.470
801227,520,297,817,252,98,205,341.54,0.9722,0.6809,0.338415,11,63,67,202.75,0.8175,0.2386,0.040312,4.301
801254,520,295,815,251,98,200,342.99,0.9601,0.6770,0.334177,3,67,52,171.35,0.9726,0.2434,0.042814,4.139
801267,520,468,988,202,48,159,341.91,0.8277,0.5183,0.171756,5,0,32,281.88,1.0000,0.0402,0.001365,4.317
801269,520,416,936,203,76,195,330.32,0.7907,0.5695,0.218072,56,8,10,23.33,0.8402,0.1242,0.010365,4.441
801293,520,358,878,205,104,216,323.58,0.7643,0.6239,0.278391,3,53,1,142.05,0.9969,0.1837,0.025676,4.339
801295,520,459,979,235,13,50,23.27,0.9911,0.5311,0.181835,6,12,27,264.85,0.5132,0.0641,0.003808,4.309
801301,520,412,932,252,3,67,20.01,0.9984,0.5676,0.211696,26,23,55,284.80,0.5503,0.1247,0.011082,4.284
801311,520,457,977,187,13,245,313.82,0.9906,0.5342,0.174464,18,2,29,309.88,0.8118,0.0559,0.002607,4.267
801332,520,474,994,220,48,61,22.92,0.9168,0.5203,0.176691,0,4,15,253.54,0.9999,0.0331,0.001213,4.426
801345,520,308,828,184,142,221,307.99,0.6124,0.6691,0.347573,22,64,22,143.40,0.9208,0.2314,0.038952,4.470
801348,520,22,542,252,242,249,336.14,0.7510,0.9661,0.910395,35,131,59,147.73,0.9523,0.4650,0.169050,4.384
801390,520,446,966,233,42,1,32.06,0.9990,0.5374,0.189849,33,5,12,7.30,0.6844,0.0759,0.004585,4.394
801400,520,272,792,237,129,204,339.86,0.8114,0.7037,0.380668,19,70,48,161.14,0.8375,0.2565,0.047320,4.425
801426,520,402,922,244,37,120,4.60,0.9471,0.5751,0.219156,48,0,63,316.02,1.0000,0.1269,0.009873,4.495
801427,520,255,775,252,124,206,343.10,0.9625,0.7182,0.395697,48,70,49,145.71,0.3869,0.2736,0.052303,4.357
801430,520,421,941,198,35,248,315.82,0.9707,0.5628,0.199866,7,5,82,268.91,0.9855,0.1088,0.007628,4.336
801432,520,313,833,225,104,237,323.96,0.9015,0.6648,0.320245,60,50,39,69.52,0.2165,0.2247,0.033884,4.414
801450,520,444,964,201,71,152,345.74,0.7355,0.5372,0.191928,5,19,35,251.99,0.6239,0.0849,0.006193,4.305
801462,520,332,852,224,96,213,331.02,0.8310,0.6385,0.290192,30,46,67,255.55,0.3988,0.1957,0.026352,4.456
801480,520,326,846,254,43,233,333.08,0.9958,0.6500,0.286849,8,60,20,146.81,0.9730,0.2123,0.033337,4.042
801491,520,475,995,182,51,208,320.31,0.8698,0.5174,0.168680,0,6,2,156.67,1.0000,0.0333,0.001346,4.259
801501,520,469,989,159,78,217,308.05,0.7928,0.5217,0.178300,11,1,14,320.75,0.7677,0.0363,0.001246,4.455
801522,520,357,877,199,109,212,322.42,0.7170,0.6213,0.278341,33,45,31,141.04,0.3210,0.1787,0.022990,4.498
801526,520,258,778,247,132,163,3.96,0.8198,0.7076,0.389237,51,66,69,211.17,0.1712,0.2714,0.050298,4.379
801528,520,426,946,242,30,96,11.86,0.9636,0.5606,0.206537,52,2,7,21.04,0.9447,0.1071,0.007890,4.431
801542,520,440,960,210,53,185,335.46,0.8591,0.5512,0.197527,41,2,29,342.92,0.8206,0.0922,0.006036,4.417
801551,520,392,912,223,54,214,330.48,0.9228,0.5920,0.231836,22,36,41,222.23,0.2861,0.1465,0.015924,4.275
801554,520,432,952,235,53,1,33.57,0.9989,0.5503,0.202137,3,29,13,153.95,0.9292,0.1034,0.009271,4.254
801575,520,338,858,244,30,251,326.72,0.9899,0.6385,0.271294,47,47,29,108.10,0.3274,0.1981,0.027261,4.159
801588,520,454,974,223,29,120,0.32,0.9305,0.5287,0.179255,26,6,23,333.38,0.6000,0.0710,0.004118,4.236
801597,520,442,962,227,48,98,10.86,0.8927,0.5422,0.193294,14,20,15,149.74,0.2168,0.0844,0.006282,4.323
801661,520,344,864,241,21,247,326.97,0.9930,0.6276,0.259552,65,36,13,56.45,0.6628,0.1913,0.024148,4.175
801666,520,474,994,212,60,70,21.80,0.8526,0.5177,0.176733,0,1,21,264.02,1.0043,0.0279,0.000758,4.467
801667,520,462,982,214,61,93,13.13,0.8182,0.5278,0.184263,26,1,4,14.83,0.8775,0.0537,0.002501,4.462
801677,520,416,936,203,26,251,316.70,0.9833,0.5691,0.204019,0,32,26,177.85,1.0000,0.1154,0.011076,4.159
801683,520,464,984,219,41,87,12.99,0.9040,0.5180,0.173367,13,3,21,309.65,0.6816,0.0473,0.002048,4.292
801684,520,314,834,252,54,241,330.71,0.9888,0.6581,0.296877,13,41,122,264.62,0.9176,0.2224,0.030764,4.295
801685,520,393,913,226,8,230,327.39,0.9954,0.5868,0.220579,47,24,33,355.44,0.3829,0.1409,0.013675,4.249
801712,520,400,920,254,8,100,11.19,0.9947,0.5795,0.221684,14,21,86,269.97,0.9125,0.1414,0.013015,4.311
801718,520,429,949,186,65,224,316.81,0.8694,0.5494,0.196027,35,6,47,314.11,0.7793,0.1000,0.006928,4.322
801728,520,433,953,185,76,213,318.82,0.8077,0.5530,0.202884,2,16,62,263.79,0.9472,0.0990,0.007312,4.412
801737,520,425,945,245,14,80,16.28,0.9895,0.5575,0.203092,11,15,72,270.93,0.9145,0.1131,0.008806,4.304
801747,520,331,851,244,42,242,328.68,0.9797,0.6379,0.273026,6,32,120,264.64,0.9519,0.1994,0.024276,4.349
801750,520,376,896,231,97,10,44.75,0.9827,0.5969,0.255630,16,37,67,257.55,0.6310,0.1616,0.018385,4.469
801759,520,367,887,253,56,147,358.39,0.9789,0.6146,0.258211,74,14,30,9.74,0.7647,0.1738,0.018639,4.490
801760,520,390,910,252,0,158,352.66,1.0000,0.5935,0.231676,59,12,54,332.53,0.7347,0.1532,0.014592,4.361
801762,520,476,996,202,63,98,9.60,0.7671,0.5087,0.169955,0,3,1,156.67,1.0000,0.0232,0.000673,4.341
801766,520,478,998,199,42,168,337.76,0.8532,0.5129,0.166271,3,1,8,299.53,0.6793,0.0239,0.000586,4.275
801771,520,477,997,198,65,115,1.12,0.7374,0.5092,0.170261,4,0,10,306.92,1.0000,0.0227,0.000477,4.364
801787,520,436,956,222,15,187,337.61,0.9784,0.5533,0.194616,35,0,47,315.89,1.0000,0.0909,0.005626,4.397
801791,520,448,968,237,29,63,21.19,0.9719,0.5431,0.192454,26,0,53,299.92,1.0000,0.0832,0.004767,4.427
801793,520,359,879,247,89,70,29.91,0.9453,0.6189,0.273644,5,50,45,183.80,0.8926,0.1843,0.025028,4.314
801803,520,398,918,221,40,216,329.49,0.9498,0.5802,0.218498,27,23,72,281.30,0.7126,0.1402,0.013136,4.253
801815,520,429,949,201,29,227,321.56,0.9653,0.5481,0.188439,19,25,22,163.69,0.1519,0.1045,0.008916,4.047
801825,520,392,912,245,30,163,350.27,0.9644,0.5900,0.229886,22,35,57,260.48,0.4518,0.1528,0.016680,4.197
801854,520,446,966,187,14,251,312.53,0.9912,0.5397,0.178451,28,13,4,54.32,0.5920,0.0806,0.005435,4.121
801866,520,477,997,181,71,159,336.22,0.6982,0.5071,0.168348,1,0,16,275.06,1.0000,0.0220,0.000439,4.329
801896,520,429,949,242,25,46,25.08,0.9835,0.5496,0.197732,4,26,28,203.12,0.7016,0.0998,0.008484,4.236
801898,520,369,889,191,111,203,322.22,0.6520,0.6089,0.267581,9,47,30,160.01,0.8642,0.1702,0.021848,4.420
801901,520,437,957,236,27,107,7.13,0.9590,0.5499,0.196814,6,18,49,264.46,0.7782,0.0934,0.006930,4.335
801919,520,373,893,241,42,178,345.12,0.9422,0.5956,0.235741,28,36,54,265.59,0.3342,0.1583,0.017749,4.218
801928,520,439,959,207,20,222,324.49,0.9785,0.5510,0.190415,3,13,54,265.41,0.9159,0.0856,0.005735,4.314
801934,520,432,952,236,40,56,23.98,0.9579,0.5462,0.196391,33,17,4,60.41,0.6565,0.0962,0.007330,4.298
801937,520,390,910,241,40,160,350.73,0.9382,0.5860,0.227595,53,9,72,312.88,0.8245,0.1533,0.014202,4.324
801940,520,341,861,197,123,189,330.78,0.5557,0.6315,0.297115,63,43,6,78.17,0.8299,0.2043,0.027978,4.451
801953,520,391,911,251,47,81,18.94,0.9749,0.5857,0.231400,39,26,56,302.46,0.4894,0.1465,0.014557,4.359
801963,520,428,948,220,45,174,341.47,0.8911,0.5568,0.201508,35,5,50,311.65,0.8136,0.1010,0.006962,4.415
801990,520,433,953,236,20,123,1.30,0.9703,0.5523,0.197663,5,5,76,268.11,0.9843,0.0997,0.006626,4.374
801992,520,366,886,235,88,134,4.28,0.8023,0.6110,0.263656,35,42,7,119.92,0.7938,0.1665,0.020286,4.463
802014,520,373,893,219,52,232,324.80,0.9439,0.5956,0.233443,27,22,92,277.47,0.8586,0.1590,0.015795,4.308
802028,520,473,993,186,15,234,315.95,0.9854,0.5237,0.167225,3,1,25,278.79,0.9384,0.0347,0.001112,4.250
802063,520,424,944,189,67,225,317.41,0.8696,0.5568,0.202706,36,18,17,23.44,0.3701,0.1058,0.008482,4.321
802081,520,438,958,224,11,183,339.23,0.9844,0.5538,0.195081,24,16,17,10.11,0.1834,0.0852,0.006053,4.372
802084,520,342,862,247,81,158,355.75,0.9067,0.6318,0.281307,16,54,22,146.50,0.9064,0.1947,0.028063,4.244
802097,520,385,905,255,6,124,3.85,1.0000,0.5880,0.228492,14,21,92,269.60,0.9291,0.1484,0.014023,4.350
802098,520,421,941,214,76,124,2.40,0.7425,0.5551,0.209225,22,15,60,283.90,0.7501,0.1090,0.008384,4.440
802105,520,363,883,223,65,225,327.46,0.9176,0.6084,0.249069,43,27,81,292.82,0.6753,0.1732,0.018915,4.340
802106,520,294,814,231,107,249,322.42,0.9646,0.6847,0.343458,51,61,11,120.31,0.8369,0.2412,0.040654,4.340
802126,520,389,909,254,47,75,20.83,0.9938,0.5906,0.236156,36,29,55,295.07,0.4219,0.1490,0.015296,4.382
802128,520,446,966,217,68,73,22.91,0.8388,0.5371,0.193695,22,7,42,299.20,0.7398,0.0800,0.004897,4.439
802137,520,476,996,211,48,106,5.13,0.8425,0.5130,0.170057,1,3,1,144.11,0.6096,0.0246,0.000738,4.337
802139,520,403,923,196,85,203,325.25,0.7660,0.5751,0.225460,30,23,54,291.57,0.5278,0.1281,0.011551,4.475
802154,520,337,857,247,40,241,329.61,0.9821,0.6414,0.276455,38,15,127,278.92,0.9556,0.2020,0.022859,4.481
802171,520,434,954,234,27,107,6.82,0.9565,0.5459,0.193409,37,8,40,323.87,0.7001,0.1009,0.007202,4.255
802190,520,303,823,216,123,218,326.37,0.7459,0.6713,0.338283,8,67,2,141.60,0.9958,0.2348,0.040701,4.281
802192,520,432,952,192,88,159,341.26,0.6414,0.5496,0.206906,47,3,27,351.89,0.8100,0.1043,0.007487,4.469
802202,520,452,972,226,36,108,5.77,0.9192,0.5346,0.185160,12,11,26,285.32,0.4254,0.0661,0.003921,4.361
802219,520,445,965,236,5,107,6.29,0.9936,0.5434,0.190061,34,5,21,349.28,0.6874,0.0809,0.005028,4.363
802226,520,14,534,254,247,255,321.89,1.0000,0.9811,0.948125,29,133,71,151.86,0.9549,0.4722,0.174905,4.438
802250,520,421,941,220,65,151,350.70,0.8083,0.5634,0.212330,2,29,41,230.49,0.8544,0.1144,0.010517,4.335
802260,520,391,911,167,100,255,300.21,1.0000,0.5943,0.245502,48,30,20,49.79,0.3862,0.1518,0.016075,4.472
802296,520,454,974,213,69,69,24.48,0.8312,0.5300,0.188344,1,13,34,255.88,0.8734,0.0670,0.004098,4.406
802316,520,479,999,220,42,5,32.15,0.9933,0.5104,0.168852,1,0,4,296.85,1.0000,0.0133,0.000152,4.364
802319,520,476,996,203,9,183,333.92,0.9793,0.5139,0.163127,4,0,0,29.23,1.0000,0.0164,0.000258,4.241
802338,520,472,992,209,11,167,340.36,0.9724,0.5161,0.165869,1,3,15,265.40,0.7735,0.0314,0.001061,4.228
802340,520,457,977,233,7,92,10.89,0.9914,0.5334,0.182514,27,3,16,348.61,0.7086,0.0636,0.003356,4.358
802342,520,479,999,222,7,106,4.30,0.9862,0.5143,0.167249,0,0,1,264.05,1.0000,0.0060,0.000022,4.343
802343,520,438,958,201,29,227,321.56,0.9653,0.5481,0.188439,5,0,76,268.38,1.0000,0.0922,0.005540,4.293
802345,520,429,949,204,71,174,337.89,0.7706,0.5533,0.204017,26,10,54,294.67,0.7649,0.0997,0.007030,4.454
802357,520,390,910,182,96,237,309.91,0.8487,0.5936,0.244261,28,39,25,139.04,0.3513,0.1542,0.017681,4.348
802358,520,480,1000,70,100,252,269.23,0.9864,0.5060,0.174438,0,0,0,0.00,0.0000,0.0000,0.000000,4.489
802362,520,458,978,192,24,230,318.44,0.9723,0.5334,0.175743,5,3,46,273.34,0.9571,0.0606,0.002946,4.264
802383,520,455,975,216,66,25,35.08,0.9487,0.5269,0.185680,14,10,22,298.74,0.3642,0.0638,0.003684,4.390
802386,520,392,912,207,68,224,323.16,0.8868,0.5850,0.227831,16,8,105,270.91,0.9831,0.1489,0.013037,4.407
802395,520,409,929,232,34,163,347.57,0.9378,0.5669,0.209470,27,5,84,283.33,0.9552,0.1266,0.009816,4.338
802416,520,343,863,234,82,198,338.47,0.8632,0.6287,0.276067,72,27,32,15.60,0.5809,0.1894,0.022661,4.488
802422,520,423,943,207,56,207,328.03,0.8826,0.5622,0.206006,18,1,81,277.26,0.9936,0.1093,0.007443,4.457
802430,520,283,803,243,132,110,32.36,0.8281,0.6874,0.366857,46,65,0,126.03,1.0000,0.2482,0.043614,4.453
802436,520,247,767,236,158,17,73.15,0.9739,0.7187,0.423293,39,74,48,150.86,0.5788,0.2795,0.055421,4.490
802460,520,450,970,176,90,175,327.72,0.6271,0.5367,0.196386,5,16,27,247.93,0.5255,0.0726,0.004820,4.494
802482,520,472,992,231,2,30,26.45,0.9988,0.5179,0.171292,6,1,19,296.63,0.8395,0.0338,0.001074,4.333
802486,520,450,970,234,15,96,9.97,0.9811,0.5384,0.186817,8,7,43,276.48,0.8400,0.0678,0.003780,4.403
802490,520,386,906,249,1,159,351.78,0.9992,0.5882,0.226681,36,22,74,290.73,0.7067,0.1494,0.014433,4.294
802493,520,308,828,236,107,216,333.80,0.8766,0.6736,0.333084,34,59,46,160.54,0.4168,0.2279,0.036652,4.421
802495,520,469,989,218,55,22,32.85,0.9636,0.5185,0.176983,9,4,3,36.35,0.3052,0.0379,0.001515,4.406
802504,520,229,749,240,140,231,330.35,0.9031,0.7390,0.430529,36,80,4,136.23,0.9887,0.2907,0.061210,4.321
802512,520,445,965,146,94,228,298.20,0.7910,0.5391,0.197180,29,14,4,56.53,0.6061,0.0840,0.005841,4.427
802513,520,439,959,200,14,239,318.69,0.9897,0.5505,0.188270,1,24,7,150.85,0.9778,0.0851,0.006750,4.199
802536,520,471,991,164,63,231,307.93,0.8791,0.5205,0.172177,15,2,12,335.37,0.6607,0.0427,0.001715,4.296
802537,520,408,928,251,10,70,19.40,0.9945,0.5674,0.211722,14,9,90,271.64,0.9710,0.1285,0.010269,4.343
802538,520,453,973,223,47,71,19.82,0.9132,0.5272,0.181787,13,16,18,237.00,0.1014,0.0744,0.004998,4.214
802545,520,464,984,160,86,188,315.92,0.6636,0.5151,0.177607,17,7,1,64.82,0.7367,0.0531,0.002733,4.316
802558,520,416,936,206,16,250,317.83,0.9914,0.5698,0.203962,21,25,45,274.12,0.4070,0.1177,0.010441,4.202
802559,520,361,881,246,89,85,25.24,0.9264,0.6195,0.273967,0,47,59,220.24,1.0000,0.1798,0.023487,4.409
802560,520,391,911,239,65,122,5.91,0.8716,0.5877,0.235395,16,40,31,167.01,0.5463,0.1507,0.017266,4.243
802571,520,445,965,202,70,163,341.44,0.7543,0.5430,0.195830,6,17,37,260.54,0.6270,0.0819,0.005732,4.411
802573,520,366,886,218,86,200,333.37,0.8074,0.6088,0.257331,16,45,36,170.45,0.6093,0.1686,0.021142,4.320
802580,520,402,922,254,31,42,26.58,0.9959,0.5771,0.222218,21,18,72,277.95,0.8155,0.1254,0.010599,4.492
802585,520,431,951,244,26,14,29.51,0.9897,0.5519,0.200071,42,11,3,38.34,0.8077,0.0996,0.007382,4.358
802622,520,400,920,254,7,110,8.09,0.9951,0.5820,0.223523,53,5,64,319.07,0.8490,0.1422,0.012357,4.386
802629,520,339,859,253,72,167,352.86,0.9765,0.6364,0.283107,6,47,91,254.23,0.8737,0.2047,0.028269,4.256
802632,520,445,965,184,54,236,313.81,0.9185,0.5448,0.188859,10,13,41,274.43,0.6698,0.0788,0.005125,4.333
802638,520,415,935,184,62,253,309.67,0.9862,0.5661,0.207284,50,14,25,4.10,0.6136,0.1246,0.010625,4.244
802673,520,292,812,224,107,251,319.76,0.9716,0.6761,0.333294,88,39,1,51.58,0.9665,0.2367,0.035283,4.494
802687,520,128,648,253,197,175,42.47,0.8880,0.8461,0.639120,16,105,54,152.04,0.9710,0.3743,0.104792,4.452
802702,520,428,948,207,21,238,320.69,0.9840,0.5634,0.199765,31,14,30,329.10,0.4542,0.0957,0.006991,4.383
802718,520,359,879,229,76,203,335.38,0.8699,0.6163,0.261411,72,21,13,31.42,0.7842,0.1752,0.019433,4.485
802736,520,462,982,207,26,186,334.14,0.9404,0.5288,0.175514,8,4,24,290.48,0.6776,0.0467,0.002044,4.333
802742,520,478,998,179,23,228,315.17,0.9696,0.5101,0.157991,6,0,7,324.68,1.0000,0.0239,0.000541,4.115
802746,520,470,990,177,71,188,323.84,0.7508,0.5178,0.174856,0,3,26,262.73,1.0002,0.0376,0.001397,4.375
802764,520,377,897,229,21,234,327.13,0.9882,0.5979,0.231373,18,37,58,252.21,0.5194,0.1564,0.017572,4.164
802767,520,398,918,237,13,187,341.11,0.9878,0.5810,0.218831,52,22,13,37.48,0.5953,0.1391,0.013330,4.245
802768,520,390,910,200,63,255,313.92,1.0000,0.5920,0.230557,66,13,9,28.62,0.8554,0.1510,0.014660,4.339
802782,520,327,847,235,110,155,359.43,0.7540,0.6502,0.311831,8,55,53,190.66,0.8415,0.2052,0.030409,4.500
802786,520,335,855,235,69,245,325.52,0.9623,0.6444,0.285133,72,30,40,6.84,0.5219,0.1974,0.024597,4.493
802795,520,441,961,155,78,243,300.88,0.9066,0.5374,0.188888,22,17,28,305.05,0.2808,0.0897,0.006553,4.224
802803,520,405,925,208,69,211,327.01,0.8577,0.5792,0.223711,65,0,6,23.40,1.0000,0.1335,0.011372,4.460
802810,520,480,1000,144,65,250,297.09,0.9652,0.5133,0.166122,0,0,0,0.00,0.0000,0.0000,0.000000,4.322
802816,520,199,719,201,177,231,304.91,0.5682,0.7662,0.496316,2,89,45,153.11,0.9953,0.3161,0.073468,4.425
802826,520,456,976,219,52,86,14.90,0.8715,0.5268,0.181905,11,12,6,115.05,0.2725,0.0594,0.003472,4.337
802830,520,453,973,184,51,214,319.34,0.8839,0.5251,0.174143,14,13,17,296.89,0.1260,0.0679,0.004217,4.134
802837,520,376,896,235,42,204,336.17,0.9512,0.5986,0.236804,62,9,66,324.91,0.7993,0.1640,0.016130,4.337
802850,520,283,803,242,106,234,329.88,0.9378,0.6908,0.351282,48,57,86,270.36,0.3557,0.2525,0.042264,4.349
802857,520,411,931,248,8,126,2.09,0.9927,0.5748,0.216400,11,21,71,268.69,0.8671,0.1234,0.010624,4.394
802869,520,453,973,206,70,106,8.08,0.7454,0.5271,0.185448,26,7,19,343.27,0.5327,0.0710,0.004186,4.345
802877,520,443,963,230,46,48,26.44,0.9466,0.5372,0.189934,38,2,21,351.78,0.8117,0.0829,0.005097,4.355
802881,520,364,884,234,33,236,327.79,0.9804,0.6124,0.246388,76,6,42,355.86,0.8341,0.1748,0.018342,4.337
802897,520,423,943,151,101,230,298.64,0.7823,0.5585,0.216000,2,31,15,156.00,0.9562,0.1098,0.010273,4.413
802901,520,465,985,190,17,226,318.92,0.9802,0.5243,0.168404,0,13,1,145.34,1.0000,0.0511,0.002900,4.129
802903,520,410,930,244,44,98,12.63,0.9399,0.5732,0.219197,7,16,90,267.29,0.9619,0.1343,0.011539,4.374
802909,520,306,826,250,110,139,9.68,0.9005,0.6691,0.333430,54,55,46,112.38,0.1309,0.2337,0.037139,4.400
802918,520,458,978,184,65,206,320.99,0.8228,0.5334,0.184284,5,12,20,249.33,0.4086,0.0596,0.003457,4.383
802920,520,441,961,166,87,212,311.11,0.7480,0.5410,0.196775,27,3,53,299.86,0.8943,0.0894,0.005552,4.442
802923,520,331,851,244,28,250,326.95,0.9907,0.6371,0.269685,43,44,70,281.56,0.3483,0.2034,0.027571,4.121
802961,520,454,974,194,6,233,318.50,0.9945,0.5339,0.174842,8,11,33,274.00,0.6073,0.0674,0.004008,4.163
802969,520,426,946,206,12,242,319.62,0.9925,0.5624,0.197973,35,19,33,331.27,0.3807,0.1127,0.009329,4.180
802970,520,477,997,173,2,243,310.36,0.9983,0.5079,0.153997,5,0,10,311.99,1.0000,0.0241,0.000542,4.036
802971,520,365,885,228,55,232,327.10,0.9481,0.6128,0.250548,70,2,65,331.88,0.9117,0.1719,0.017274,4.468
802975,520,427,947,216,34,198,333.07,0.9401,0.5565,0.198224,11,27,11,144.01,0.6622,0.1013,0.008792,4.222
802976,520,467,987,227,27,2,30.53,0.9979,0.5158,0.171221,4,8,7,179.90,0.2406,0.0445,0.002148,4.242
802989,520,462,982,226,47,25,30.80,0.9665,0.5277,0.182748,5,10,1,128.80,0.8285,0.0482,0.002515,4.432
802993,520,414,934,218,51,190,336.05,0.8883,0.5665,0.209930,52,11,10,25.49,0.7687,0.1200,0.009914,4.338
803008,520,401,921,222,4,226,327.39,0.9972,0.5762,0.211097,45,2,79,302.66,0.9605,0.1402,0.011659,4.235
803023,520,376,896,248,16,181,345.26,0.9881,0.5995,0.236665,33,37,48,269.28,0.1972,0.1622,0.018598,4.179
803028,520,386,906,245,13,170,347.80,0.9885,0.5877,0.226058,63,10,26,7.62,0.7659,0.1452,0.013486,4.348
803031,520,364,884,225,90,163,349.75,0.7522,0.6076,0.259666,35,37,64,279.38,0.4015,0.1736,0.020506,4.392
803045,520,401,921,181,79,253,307.58,0.9815,0.5807,0.225084,1,36,44,216.43,0.9471,0.1370,0.014500,4.265
803051,520,224,744,239,151,217,336.53,0.8251,0.7510,0.454956,20,85,32,146.22,0.9598,0.3038,0.067497,4.298
803094,520,459,979,177,82,184,324.82,0.6932,0.5308,0.188435,2,15,5,151.60,0.8748,0.0593,0.003655,4.444
803099,520,379,899,200,75,244,315.80,0.9331,0.5960,0.238445,27,44,1,129.04,0.9823,0.1649,0.020365,4.099
803103,520,432,952,184,42,251,311.01,0.9792,0.5479,0.188124,13,26,5,134.40,0.7999,0.0983,0.008353,4.081
803105,520,347,867,254,13,215,337.40,0.9951,0.6285,0.262683,85,7,40,2.49,0.8537,0.1944,0.022368,4.321
803106,520,401,921,217,61,196,334.06,0.8676,0.5769,0.220769,53,6,55,326.29,0.8032,0.1363,0.011631,4.393
803107,520,454,974,182,35,233,314.61,0.9523,0.5252,0.170315,29,2,31,325.33,0.8090,0.0727,0.004036,4.077
803157,520,367,887,182,97,252,306.45,0.9624,0.6059,0.255234,22,31,92,270.90,0.8213,0.1728,0.019232,4.409
803159,520,357,877,226,114,32,50.69,0.9141,0.6179,0.283101,6,50,36,166.80,0.9086,0.1812,0.024472,4.473
803166,520,454,974,196,82,128,357.53,0.6519,0.5337,0.193306,2,18,3,145.09,0.9514,0.0670,0.004521,4.463
803170,520,457,977,218,52,114,3.67,0.8436,0.5328,0.185788,13,7,33,289.95,0.6672,0.0637,0.003473,4.409
803171,520,341,861,243,76,174,348.56,0.8926,0.6258,0.272825,17,38,108,266.05,0.8835,0.2022,0.025880,4.254
803208,520,443,963,218,49,150,349.40,0.8547,0.5443,0.193065,2,24,0,140.51,1.0000,0.0842,0.006661,4.290
803220,520,463,983,193,70,171,335.50,0.7463,0.5321,0.186596,4,5,36,272.60,0.8807,0.0544,0.002617,4.497
803242,520,354,874,213,74,254,317.35,0.9938,0.6214,0.262011,45,44,11,107.53,0.7043,0.1837,0.023834,4.226
803259,520,428,948,201,65,207,326.13,0.8480,0.5611,0.207047,21,17,51,284.51,0.6332,0.1039,0.007993,4.432
803274,520,456,976,220,61,45,29.80,0.9110,0.5307,0.187452,5,7,35,272.87,0.7971,0.0586,0.003056,4.476
803275,520,435,955,217,62,142,353.25,0.8052,0.5510,0.201523,8,17,41,265.95,0.6369,0.0861,0.006126,4.481
803300,520,421,941,216,54,186,336.80,0.8699,0.5632,0.207846,25,23,29,300.56,0.1388,0.1078,0.009082,4.364
803307,520,420,940,235,3,167,346.45,0.9962,0.5648,0.205203,28,22,36,303.73,0.3021,0.1121,0.009481,4.291
803311,520,385,905,250,36,117,6.48,0.9620,0.5856,0.228736,12,39,50,227.90,0.6078,0.1543,0.017594,4.124
803314,520,154,674,250,192,113,73.61,0.8545,0.8187,0.592175,20,100,27,144.03,0.9784,0.3540,0.093418,4.478
803319,520,453,973,236,10,25,27.54,0.9949,0.5302,0.181234,23,7,30,314.59,0.6205,0.0727,0.004279,4.260
803327,520,467,987,225,21,79,14.74,0.9693,0.5174,0.171112,10,0,23,304.22,1.0000,0.0380,0.001264,4.313
803329,520,389,909,233,49,192,339.21,0.9243,0.5929,0.233287,46,32,24,50.94,0.2899,0.1548,0.016799,4.241
803338,520,395,915,246,45,131,1.75,0.9329,0.5875,0.231116,42,25,45,321.39,0.4023,0.1415,0.013770,4.408
803348,520,444,964,177,69,220,314.61,0.8406,0.5375,0.187716,1,12,55,263.61,0.9649,0.0834,0.005452,4.287
803357,520,340,860,239,81,209,336.29,0.9043,0.6416,0.288417,63,40,22,57.97,0.4914,0.1990,0.026324,4.434
803364,520,388,908,227,57,190,338.49,0.8911,0.5873,0.229773,32,38,3,118.71,0.8879,0.1507,0.016999,4.176
803369,520,412,932,188,69,248,311.56,0.9533,0.5749,0.217260,18,20,62,275.72,0.7271,0.1171,0.009767,4.472
803375,520,331,851,245,31,247,327.83,0.9887,0.6379,0.271107,56,23,103,296.64,0.8024,0.2039,0.024328,4.320
803377,520,371,891,230,49,226,329.15,0.9529,0.6079,0.245130,0,1,131,264.08,0.9994,0.1738,0.016602,4.431
803385,520,417,937,249,23,85,15.64,0.9817,0.5697,0.214120,0,34,3,144.62,1.0000,0.1164,0.011506,4.294
803391,520,433,953,238,45,14,31.44,0.9871,0.5503,0.200889,27,23,1,100.32,0.9106,0.1020,0.008480,4.290
803398,520,50,570,225,244,221,140.25,0.5441,0.9382,0.859289,4,127,47,147.50,0.9970,0.4445,0.154091,4.455
803411,520,376,896,242,5,201,338.37,0.9967,0.5967,0.232058,19,13,109,271.60,0.9716,0.1614,0.015303,4.319
803417,520,461,981,233,9,48,23.45,0.9937,0.5256,0.177356,9,7,22,288.35,0.4889,0.0532,0.002680,4.316
803424,520,457,977,195,13,220,321.80,0.9842,0.5268,0.170588,2,4,44,267.90,0.9618,0.0580,0.002816,4.177
803433,520,369,889,210,75,236,320.73,0.9074,0.6053,0.247916,19,24,104,270.65,0.9272,0.1707,0.017911,4.387
803441,520,361,881,239,25,241,327.84,0.9895,0.6213,0.253995,54,37,33,33.64,0.2509,0.1812,0.022173,4.212
803448,520,429,949,195,16,245,315.99,0.9889,0.5478,0.185667,16,27,9,134.35,0.6069,0.1043,0.009137,3.985
803451,520,431,951,220,1,195,334.84,0.9986,0.5514,0.191799,10,21,45,263.89,0.6065,0.0998,0.007903,4.176
803454,520,443,963,168,98,170,326.07,0.5498,0.5365,0.199633,12,17,33,269.66,0.4308,0.0834,0.005889,4.467
803469,520,305,825,151,151,249,282.25,0.8603,0.6715,0.355516,6,67,0,141.53,1.0000,0.2341,0.040529,4.479
803471,520,358,878,247,1,226,333.18,0.9996,0.6203,0.252899,42,38,64,290.14,0.3688,0.1833,0.022486,4.179
803478,520,221,741,254,157,128,37.42,0.9684,0.7541,0.467459,1,83,60,166.53,0.9949,0.2996,0.065189,4.492
803481,520,434,954,186,41,251,311.63,0.9795,0.5503,0.189911,37,16,20,8.49,0.4197,0.1042,0.008145,4.126
803499,520,452,972,179,13,251,310.28,0.9914,0.5271,0.168376,26,8,21,338.68,0.5092,0.0737,0.004474,4.009
803516,520,467,987,202,70,102,9.34,0.7345,0.5186,0.178982,13,5,0,70.75,1.0000,0.0435,0.001941,4.408
803519,520,438,958,236,33,107,7.52,0.9459,0.5529,0.199852,46,0,15,6.19,1.0000,0.0933,0.006154,4.449
803530,520,465,985,171,89,157,333.92,0.5735,0.5181,0.182380,9,9,0,109.77,1.0000,0.0491,0.002535,4.423
803544,520,426,946,227,64,121,4.12,0.8301,0.5638,0.213808,18,22,48,274.59,0.5269,0.1100,0.009158,4.459
803545,520,454,974,194,69,163,338.90,0.7402,0.5282,0.183716,14,6,41,287.42,0.7836,0.0690,0.003837,4.341
803549,520,449,969,190,76,181,330.85,0.7348,0.5406,0.194537,0,12,43,259.84,1.0000,0.0712,0.004373,4.497
803551,520,425,945,224,7,201,334.20,0.9925,0.5638,0.202187,19,26,38,260.98,0.3019,0.1145,0.010172,4.191
803560,520,433,953,176,73,236,310.11,0.8847,0.5531,0.200522,28,13,45,302.75,0.6327,0.0994,0.007242,4.377
803577,520,442,962,198,58,187,331.38,0.8242,0.5364,0.186214,14,14,40,279.90,0.5920,0.0831,0.005606,4.248
803591,520,455,975,221,50,67,21.44,0.9066,0.5250,0.180613,21,5,16,339.89,0.5453,0.0589,0.003054,4.347
803594,520,433,953,244,21,9,29.52,0.9935,0.5498,0.197927,7,28,11,148.12,0.8248,0.1021,0.008998,4.202
803595,520,384,904,254,1,151,355.18,0.9993,0.5948,0.233305,46,32,7,79.09,0.7071,0.1515,0.016293,4.274
803599,520,362,882,248,31,185,344.33,0.9720,0.6066,0.244425,21,46,55,223.66,0.4718,0.1829,0.023892,3.985
803603,520,449,969,226,46,101,9.36,0.8936,0.5395,0.190651,11,12,26,279.44,0.4036,0.0674,0.004087,4.449
803610,520,462,982,163,56,252,303.69,0.9806,0.5301,0.176437,18,2,8,353.91,0.6751,0.0452,0.001896,4.363
803622,520,469,989,172,57,228,311.71,0.8898,0.5232,0.172992,11,5,9,337.64,0.3009,0.0446,0.001994,4.289
803627,520,460,980,192,80,141,349.17,0.6576,0.5293,0.188685,12,12,0,109.77,1.0000,0.0586,0.003411,4.469
803632,520,339,859,254,49,207,339.80,0.9938,0.6386,0.277757,27,55,15,137.55,0.8850,0.2028,0.029998,4.097
803641,520,372,892,254,55,128,4.96,0.9895,0.6092,0.253653,4,48,15,147.51,0.9789,0.1683,0.021741,4.233
803646,520,446,966,243,9,16,28.50,0.9962,0.5446,0.192910,34,0,30,333.35,1.0000,0.0767,0.004339,4.470
803660,520,442,962,192,13,240,316.30,0.9899,0.5380,0.177870,34,7,18,357.39,0.6195,0.0831,0.005358,4.116
803666,520,468,988,92,98,253,275.21,0.9857,0.5168,0.181018,6,3,17,293.65,0.6237,0.0381,0.001443,4.491
803668,520,406,926,217,31,233,324.33,0.9736,0.5804,0.216169,13,29,58,261.26,0.6399,0.1317,0.012697,4.245
803669,520,432,952,211,38,205,329.82,0.9320,0.5544,0.196449,30,18,24,347.90,0.2691,0.0998,0.007746,4.268
803702,520,353,873,220,66,250,320.48,0.9757,0.6214,0.260161,60,35,21,49.46,0.4823,0.1823,0.022170,4.298
803707,520,440,960,224,39,156,348.22,0.9050,0.5512,0.197012,5,24,28,212.91,0.6122,0.0946,0.007693,4.281
803710,520,426,946,230,56,113,6.67,0.8677,0.5592,0.208464,38,10,43,321.31,0.6812,0.1074,0.008036,4.454
803712,520,264,784,230,132,224,329.31,0.8301,0.7085,0.387091,10,69,78,210.57,0.8547,0.2631,0.048706,4.428
803714,520,470,990,219,52,44,28.19,0.9256,0.5195,0.177005,14,3,7,353.19,0.5131,0.0422,0.001738,4.388
803716,520,465,985,217,35,123,358.36,0.8974,0.5212,0.173863,10,10,4,108.21,0.3532,0.0535,0.002904,4.232
803730,520,448,968,220,29,155,347.27,0.9282,0.5375,0.184634,3,16,39,258.53,0.7768,0.0790,0.005364,4.238
803733,520,391,911,218,2,254,320.10,0.9992,0.5899,0.221066,25,11,95,277.72,0.9464,0.1452,0.012722,4.322
803747,520,420,940,217,36,200,332.77,0.9384,0.5607,0.201858,14,23,43,264.67,0.4878,0.1059,0.008805,4.283
803759,520,385,905,237,81,35,36.09,0.9447,0.5862,0.240138,27,33,49,268.24,0.3056,0.1463,0.015424,4.435
803764,520,237,757,251,150,103,45.13,0.9122,0.7315,0.433039,4,78,70,183.00,0.9647,0.2872,0.059165,4.425
803766,520,468,988,219,12,132,354.52,0.9719,0.5189,0.169915,5,0,28,285.12,1.0000,0.0366,0.001161,4.298
803768,520,426,946,203,4,251,316.94,0.9979,0.5632,0.197500,4,29,36,219.21,0.7451,0.1127,0.010319,4.103
803781,520,248,768,228,152,160,12.58,0.5669,0.7176,0.414903,21,72,91,226.96,0.7199,0.2827,0.055492,4.407
803793,520,440,960,202,11,237,319.70,0.9919,0.5516,0.189120,29,12,23,341.76,0.4295,0.0859,0.005860,4.281
803799,520,355,875,231,44,250,323.75,0.9818,0.6227,0.256947,61,36,4,67.97,0.8442,0.1837,0.022627,4.226
803801,520,326,846,217,103,228,324.03,0.8483,0.6465,0.300553,54,46,42,48.26,0.1186,0.2074,0.029055,4.434
803812,520,288,808,254,101,185,349.37,0.9849,0.6792,0.338841,1,69,23,147.94,0.9975,0.2424,0.043244,4.170
803841,520,448,968,195,12,234,318.49,0.9896,0.5377,0.178070,6,19,23,219.09,0.4548,0.0791,0.005663,4.097
803849,520,346,866,244,70,184,345.03,0.9136,0.6260,0.270771,85,8,24,16.69,0.8953,0.1904,0.021712,4.473
803868,520,441,961,222,32,158,346.83,0.9237,0.5444,0.190338,3,25,18,170.02,0.8241,0.0924,0.007583,4.174
803872,520,435,955,247,3,35,26.16,0.9987,0.5531,0.199642,39,11,1,44.68,0.8872,0.0938,0.006729,4.401
803875,520,467,987,182,53,205,321.07,0.8570,0.5171,0.169003,13,2,17,318.38,0.7042,0.0427,0.001695,4.236
803884,520,446,966,176,46,248,309.10,0.9636,0.5363,0.179623,16,15,24,289.42,0.2462,0.0772,0.005178,4.162
803886,520,367,887,234,8,247,325.41,0.9973,0.6128,0.243840,42,41,20,106.10,0.4442,0.1731,0.021286,4.122
803891,520,432,952,233,48,58,24.37,0.9399,0.5462,0.197461,45,7,13,15.30,0.7451,0.1014,0.007390,4.312
803917,520,474,994,226,6,104,5.68,0.9896,0.5218,0.173013,3,1,20,282.61,0.8938,0.0310,0.000916,4.380
803929,520,332,852,250,73,185,346.24,0.9542,0.6399,0.285950,41,34,99,282.45,0.7162,0.2014,0.025163,4.470
803930,520,435,955,235,29,109,6.40,0.9528,0.5494,0.196481,33,3,48,311.62,0.8570,0.0933,0.006019,4.400
803933,520,315,835,245,113,114,21.67,0.8629,0.6590,0.324406,3,61,31,154.13,0.9838,0.2165,0.034556,4.428
803947,520,470,990,218,0,144,349.94,1.0000,0.5194,0.169216,17,0,2,13.32,1.0000,0.0362,0.001236,4.279
803953,520,371,891,229,45,229,328.18,0.9601,0.6056,0.241943,60,25,41,353.06,0.5060,0.1675,0.018161,4.283
803955,520,338,858,255,30,226,334.96,1.0000,0.6416,0.276828,37,50,35,141.30,0.3186,0.1987,0.027958,4.192
803971,520,435,955,225,37,145,352.17,0.9093,0.5470,0.193777,13,25,0,129.46,1.0000,0.0943,0.007808,4.217
803976,520,357,877,203,96,231,318.84,0.8473,0.6183,0.268331,70,26,23,26.25,0.6256,0.1815,0.021029,4.482
803982,520,262,782,237,123,242,325.76,0.9286,0.7127,0.385832,10,73,4,141.79,0.9929,0.2565,0.048382,4.430
803986,520,378,898,196,104,204,324.27,0.6969,0.6044,0.259973,15,46,2,137.91,0.9864,0.1640,0.020599,4.391
803988,520,430,950,195,56,221,320.73,0.8944,0.5522,0.196524,15,1,75,276.38,0.9931,0.0990,0.006312,4.378
803989,520,469,989,231,25,33,27.13,0.9817,0.5249,0.177971,19,1,9,350.42,0.7779,0.0445,0.001799,4.401
804015,520,468,988,183,49,213,319.36,0.8870,0.5210,0.170692,8,5,6,354.46,0.1577,0.0406,0.001733,4.266
804027,520,422,942,245,30,67,20.76,0.9750,0.5609,0.207497,20,25,38,267.91,0.3001,0.1127,0.009839,4.303
804033,520,418,938,179,117,68,57.70,0.5972,0.5560,0.227248,21,31,23,150.51,0.2810,0.1237,0.012012,4.471
804038,520,391,911,217,55,218,327.80,0.9180,0.5853,0.225481,20,0,113,272.33,1.0000,0.1547,0.013409,4.345
804043,520,423,943,199,84,170,338.46,0.6996,0.5601,0.213867,9,29,25,178.78,0.5431,0.1104,0.010070,4.393
804052,520,419,939,222,51,164,345.52,0.8679,0.5599,0.205800,26,24,15,97.07,0.2553,0.1065,0.009074,4.330
804078,520,378,898,247,27,186,343.76,0.9766,0.6036,0.241064,57,26,19,33.83,0.5323,0.1571,0.016558,4.373
804092,520,383,903,186,100,225,314.07,0.7832,0.5970,0.249906,16,38,43,214.24,0.4652,0.1496,0.016707,4.496
804114,520,463,983,220,47,102,8.16,0.8738,0.5287,0.182106,3,2,40,271.57,0.9691,0.0506,0.002160,4.450
804121,520,372,892,238,9,231,329.97,0.9961,0.6088,0.241448,22,40,64,256.04,0.5014,0.1714,0.020582,4.129
804124,520,441,961,226,44,94,11.71,0.9049,0.5361,0.187811,12,9,63,274.93,0.9151,0.0942,0.006324,4.222
804125,520,313,833,238,117,120,20.13,0.7814,0.6558,0.322584,6,54,85,243.51,0.8517,0.2201,0.033328,4.471
804151,520,463,983,179,70,201,320.51,0.7885,0.5282,0.181822,16,1,24,313.95,0.8460,0.0479,0.001978,4.460
804161,520,460,980,200,19,209,325.91,0.9705,0.5290,0.173503,13,5,37,289.27,0.7777,0.0628,0.003277,4.195
804174,520,300,820,249,118,76,38.23,0.9319,0.6666,0.336215,12,60,72,218.59,0.7829,0.2319,0.037776,4.400
804178,520,464,984,199,48,179,334.20,0.8465,0.5241,0.175125,15,3,21,314.62,0.6823,0.0495,0.002208,4.312
804180,520,365,885,250,31,176,347.39,0.9712,0.6059,0.244419,35,31,80,282.75,0.6392,0.1718,0.019164,4.257
804184,520,453,973,207,41,168,339.95,0.8716,0.5268,0.176805,31,8,0,48.55,1.0000,0.0748,0.004650,4.150
804207,520,459,979,207,20,187,333.83,0.9578,0.5270,0.173556,2,2,52,267.57,0.9877,0.0627,0.003042,4.215
804211,520,466,986,195,7,208,324.87,0.9887,0.5163,0.163098,9,6,10,318.58,0.2143,0.0455,0.002102,4.090
804213,520,358,878,219,67,242,322.06,0.9427,0.6152,0.254871,42,3,116,285.05,0.9848,0.1815,0.018183,4.471
804225,520,474,994,225,39,68,19.86,0.9383,0.5248,0.178788,8,3,4,3.38,0.3242,0.0344,0.001255,4.464
804236,520,430,950,206,59,188,333.43,0.8371,0.5516,0.198825,43,9,13,16.80,0.6835,0.1006,0.007381,4.336
804245,520,418,938,221,78,103,13.58,0.7741,0.5639,0.218027,35,21,32,334.51,0.3179,0.1165,0.009980,4.469
804272,520,469,989,187,61,188,327.56,0.8001,0.5218,0.175345,15,2,16,325.45,0.6977,0.0445,0.001824,4.348
804280,520,405,925,212,41,230,323.62,0.9539,0.5752,0.212980,20,28,57,270.00,0.5426,0.1329,0.012746,4.191
804282,520,478,998,223,24,15,29.32,0.9838,0.5062,0.163786,2,2,2,0.00,0.0000,0.0229,0.000607,4.224
804283,520,359,879,246,86,110,15.31,0.9028,0.6210,0.273774,5,39,89,258.76,0.9111,0.1812,0.022044,4.494
804300,520,452,972,190,82,134,352.59,0.6345,0.5261,0.187045,17,4,45,291.05,0.8538,0.0718,0.003955,4.393
804304,520,422,942,251,2,60,21.57,0.9990,0.5642,0.208826,22,27,25,169.46,0.1107,0.1138,0.010246,4.296
804305,520,418,938,229,14,175,342.78,0.9806,0.5596,0.200699,32,23,31,329.98,0.2229,0.1167,0.010188,4.165
804328,520,396,916,221,48,208,331.60,0.9249,0.5803,0.220424,55,7,54,328.97,0.7886,0.1403,0.012306,4.340
804344,520,361,881,248,36,214,336.46,0.9763,0.6246,0.260763,9,20,123,266.55,0.9766,0.1845,0.019883,4.447
804348,520,462,982,228,24,85,13.31,0.9637,0.5263,0.178061,4,1,42,273.63,0.9834,0.0513,0.002147,4.373
804370,520,421,941,235,0,155,350.12,1.0000,0.5585,0.200317,28,25,16,91.82,0.2524,0.1116,0.009796,4.186
804381,520,441,961,197,8,232,319.53,0.9929,0.5386,0.178717,3,22,36,241.87,0.7378,0.0921,0.007205,3.998
804384,520,468,988,202,60,128,355.28,0.7692,0.5156,0.173488,8,2,23,295.58,0.7864,0.0412,0.001569,4.334
804388,520,326,846,250,25,248,328.75,0.9928,0.6450,0.277995,43,8,135,280.67,0.9778,0.2115,0.024364,4.411
804406,520,411,931,238,59,58,26.29,0.9290,0.5658,0.216137,2,23,65,260.80,0.9413,0.1172,0.010073,4.430
804418,520,420,940,208,16,231,322.62,0.9870,0.5582,0.195518,51,3,31,350.03,0.8209,0.1141,0.008680,4.184
804423,520,397,917,208,92,148,352.39,0.6614,0.5765,0.232042,6,21,88,266.01,0.9446,0.1399,0.012795,4.491
804448,520,471,991,229,30,10,30.21,0.9901,0.5218,0.176115,9,4,17,302.81,0.5424,0.0436,0.001854,4.361
804450,520,463,983,189,38,229,317.52,0.9445,0.5349,0.178635,9,1,41,283.46,0.9638,0.0547,0.002399,4.363
804458,520,465,985,179,62,203,320.29,0.8204,0.5201,0.173419,8,9,15,276.51,0.2214,0.0533,0.002815,4.230
804469,520,451,971,194,6,238,317.36,0.9952,0.5381,0.177741,9,14,32,270.16,0.5109,0.0738,0.004764,4.159
804482,520,418,938,222,42,183,339.08,0.9128,0.5633,0.206068,12,23,63,267.89,0.7697,0.1206,0.010498,4.233
804485,520,319,839,254,36,234,332.83,0.9959,0.6472,0.282763,89,28,31,20.84,0.6977,0.2236,0.030536,4.132
804487,520,257,777,179,162,226,296.30,0.5645,0.7090,0.409154,40,73,8,133.62,0.9622,0.2702,0.052336,4.487
804494,520,439,959,215,41,182,337.57,0.9021,0.5493,0.194126,15,14,44,280.51,0.6412,0.0870,0.005975,4.361
804510,520,460,980,213,21,181,337.16,0.9565,0.5348,0.180209,25,0,24,329.85,1.0000,0.0582,0.002727,4.366
804513,520,417,937,232,2,188,339.63,0.9978,0.5700,0.208328,56,0,33,350.68,1.0000,0.1215,0.009507,4.341
804527,520,409,929,213,82,140,355.81,0.7177,0.5672,0.220763,23,27,54,275.27,0.4894,0.1306,0.012323,4.344
804529,520,467,987,224,32,58,21.95,0.9585,0.5166,0.171886,0,6,13,237.70,1.0000,0.0377,0.001593,4.301
804542,520,418,938,183,69,237,312.46,0.8983,0.5592,0.204390,8,13,83,268.59,0.9605,0.1214,0.009639,4.265
804550,520,292,812,216,124,222,324.90,0.7644,0.6751,0.342896,65,54,43,66.87,0.2099,0.2429,0.039366,4.396
804551,520,391,911,254,51,76,21.03,0.9936,0.5937,0.239640,0,30,82,259.75,1.0000,0.1499,0.015376,4.430
804552,520,424,944,236,1,144,353.86,0.9986,0.5558,0.198712,18,18,61,277.22,0.7450,0.1121,0.008981,4.217
804564,520,374,894,249,36,167,350.04,0.9602,0.6022,0.241949,29,27,79,279.51,0.7087,0.1568,0.016095,4.417
804568,520,315,835,237,72,255,323.62,1.0000,0.6569,0.298616,34,58,46,161.64,0.3981,0.2247,0.035634,4.071
804569,520,425,945,193,61,226,318.67,0.8904,0.5575,0.201673,32,0,73,294.02,1.0000,0.1129,0.007881,4.348
804579,520,336,856,234,78,226,330.03,0.9154,0.6398,0.284346,67,37,27,39.16,0.4563,0.1994,0.025957,4.402
804615,520,442,962,222,30,155,347.78,0.9285,0.5419,0.188273,6,20,18,184.09,0.4769,0.0798,0.005827,4.268
804643,520,479,999,229,8,6,29.12,0.9958,0.5137,0.168479,1,0,5,292.48,1.0000,0.0142,0.000174,4.354
804644,520,304,824,254,68,233,333.16,0.9954,0.6672,0.310913,19,54,93,253.45,0.7105,0.2302,0.035669,4.213
804654,520,224,744,231,146,254,318.87,0.9897,0.7496,0.447039,23,80,81,196.76,0.7315,0.3032,0.065133,4.317
804670,520,461,981,229,20,113,3.51,0.9646,0.5347,0.183535,2,4,38,268.49,0.9447,0.0522,0.002397,4.457
804672,520,452,972,172,80,192,320.16,0.7174,0.5254,0.183147,31,3,5,19.20,0.7984,0.0668,0.003674,4.344
804691,520,399,919,239,72,44,32.09,0.9348,0.5798,0.231704,7,25,80,265.04,0.9051,0.1394,0.013195,4.458
804696,520,457,977,218,59,97,11.65,0.8332,0.5344,0.188989,18,8,9,12.39,0.3013,0.0589,0.003220,4.491
804704,520,212,732,233,149,252,320.05,0.9712,0.7564,0.458483,34,84,50,151.73,0.7729,0.3097,0.069108,4.269
804709,520,451,971,214,60,126,358.93,0.8012,0.5371,0.190365,23,4,35,309.96,0.7670,0.0705,0.003904,4.459
804723,520,473,993,211,60,68,22.47,0.8536,0.5154,0.175003,5,1,14,300.29,0.7828,0.0296,0.000857,4.424
804739,520,407,927,217,63,176,340.60,0.8307,0.5679,0.214435,3,35,41,212.56,0.8471,0.1331,0.013815,4.144
804747,520,437,957,196,73,195,328.08,0.7875,0.5546,0.204425,21,21,12,107.90,0.2758,0.0926,0.007223,4.446
804768,520,467,987,132,95,218,293.95,0.7431,0.5175,0.181519,0,3,29,263.21,1.0005,0.0400,0.001538,4.492
804784,520,402,922,216,30,229,325.03,0.9721,0.5754,0.211867,25,16,76,281.43,0.8365,0.1297,0.010990,4.294
804787,520,462,982,194,28,218,321.85,0.9563,0.5291,0.173633,14,7,6,30.12,0.2546,0.0513,0.002585,4.253
804793,520,444,964,206,0,218,325.32,1.0000,0.5415,0.181856,14,18,26,263.98,0.2402,0.0836,0.006005,4.140
804806,520,222,742,194,175,211,308.86,0.3539,0.7461,0.468327,15,83,51,157.38,0.9375,0.2997,0.065268,4.497
804807,520,446,966,239,21,6,29.73,0.9951,0.5390,0.189035,1,2,64,265.38,0.9936,0.0766,0.004200,4.410
804829,520,437,957,237,31,70,19.42,0.9663,0.5453,0.194299,24,16,18,1.93,0.1860,0.0855,0.006085,4.356
804848,520,457,977,183,27,236,314.43,0.9694,0.5251,0.169084,1,7,37,263.98,0.9340,0.0569,0.002920,4.140
804857,520,447,967,238,24,26,28.17,0.9858,0.5389,0.189083,2,1,64,266.56,0.9964,0.0756,0.004047,4.424
804862,520,385,905,218,21,249,321.05,0.9895,0.5902,0.222833,40,13,82,294.29,0.8421,0.1485,0.013482,4.298
804890,520,373,893,255,53,81,19.95,1.0000,0.5981,0.244040,56,29,6,57.60,0.7505,0.1596,0.017327,4.367
804903,520,454,974,202,78,93,16.10,0.7101,0.5271,0.187976,18,11,10,27.83,0.2008,0.0653,0.003899,4.415
804910,520,339,859,232,57,254,322.89,0.9959,0.6358,0.272401,70,15,83,319.05,0.7930,0.1974,0.022684,4.436
804916,520,440,960,200,33,225,321.71,0.9558,0.5469,0.188049,14,7,58,279.06,0.8980,0.0872,0.005508,4.289
804925,520,283,803,246,118,187,348.68,0.8699,0.6919,0.361402,59,61,10,111.77,0.8387,0.2494,0.042892,4.429
804941,520,463,983,234,11,48,23.58,0.9925,0.5282,0.179483,17,2,21,320.02,0.7482,0.0496,0.002167,4.399
804947,520,424,944,205,81,163,343.12,0.7179,0.5622,0.215102,15,30,1,131.59,0.9721,0.1112,0.010323,4.395
804952,520,473,993,202,55,146,347.21,0.7942,0.5182,0.173662,3,3,15,279.44,0.6193,0.0337,0.001190,4.369
804959,520,455,975,228,20,98,8.62,0.9673,0.5281,0.178790,2,13,29,253.21,0.7388,0.0644,0.003894,4.245
804966,520,430,950,225,0,183,339.41,1.0000,0.5534,0.194290,17,26,11,133.72,0.4929,0.1025,0.008821,4.153
804975,520,461,981,231,35,52,24.18,0.9629,0.5322,0.184420,9,4,30,287.90,0.7583,0.0518,0.002386,4.475
804977,520,387,907,215,78,186,337.09,0.7942,0.5864,0.234431,7,18,98,266.78,0.9648,0.1476,0.013595,4.473
805010,520,397,917,210,25,253,318.11,0.9915,0.5816,0.214905,25,26,67,278.12,0.6394,0.1403,0.013507,4.171
805043,520,387,907,234,60,159,350.63,0.8708,0.5874,0.232301,15,10,105,270.31,0.9798,0.1504,0.013385,4.454
805044,520,398,918,246,50,106,10.82,0.9343,0.5835,0.229180,51,1,75,310.44,0.9725,0.1445,0.012336,4.479
805055,520,463,983,225,46,71,19.83,0.9195,0.5305,0.184193,15,5,12,337.80,0.4217,0.0499,0.002367,4.472
805088,520,377,897,226,81,165,348.20,0.7874,0.5984,0.247726,1,35,74,254.65,0.9619,0.1555,0.017028,4.442
805091,520,469,989,196,76,107,7.33,0.6825,0.5176,0.179680,6,5,8,301.68,0.1805,0.0393,0.001648,4.447
805092,520,440,960,233,42,109,7.08,0.9171,0.5528,0.200867,10,14,56,272.16,0.8389,0.0940,0.006641,4.429
805119,520,307,827,232,93,245,324.21,0.9522,0.6654,0.315792,79,28,89,320.73,0.6973,0.2333,0.032142,4.453
805125,520,418,938,239,7,143,354.89,0.9912,0.5627,0.204890,11,24,57,265.16,0.7073,0.1171,0.010198,4.234
805132,520,352,872,239,46,226,331.36,0.9648,0.6214,0.257984,23,44,78,259.59,0.5936,0.1930,0.025335,4.088
805163,520,352,872,253,22,198,341.66,0.9880,0.6194,0.255371,36,50,22,130.72,0.5737,0.1946,0.027142,3.959
805171,520,362,882,226,88,162,350.18,0.7617,0.6061,0.257592,23,23,108,272.50,0.9275,0.1764,0.018776,4.472
805178,520,462,982,219,36,133,355.11,0.8976,0.5296,0.180178,17,0,25,315.30,1.0000,0.0475,0.001894,4.436
805179,520,453,973,209,62,138,352.94,0.7822,0.5347,0.188377,31,3,3,25.35,0.8442,0.0662,0.003631,4.445
805194,520,439,959,236,9,135,356.96,0.9875,0.5538,0.197806,16,13,52,280.37,0.7465,0.0927,0.006459,4.389
805202,520,473,993,169,79,186,321.04,0.7012,0.5156,0.175731,10,1,6,342.32,0.6865,0.0317,0.000994,4.427
805215,520,424,944,233,59,95,14.30,0.8820,0.5629,0.212807,49,11,1,39.10,0.9382,0.1124,0.008946,4.458
805220,520,368,888,247,0,210,337.12,1.0000,0.6104,0.244304,34,43,7,122.33,0.8104,0.1686,0.020832,4.155
805246,520,388,908,216,64,212,329.09,0.8865,0.5878,0.230212,31,19,85,283.24,0.8260,0.1500,0.014129,4.370
805261,520,298,818,218,106,250,318.18,0.9609,0.6657,0.321172,47,60,5,122.72,0.9268,0.2337,0.038470,4.195
805270,520,431,951,204,27,222,323.62,0.9663,0.5485,0.188969,0,30,12,154.26,1.0000,0.1047,0.009550,4.013
805291,520,447,967,216,39,162,344.25,0.8915,0.5390,0.186609,15,1,63,280.37,0.9866,0.0840,0.004821,4.316
805296,520,416,936,208,85,165,343.54,0.7130,0.5736,0.226254,32,28,4,100.27,0.7609,0.1220,0.011464,4.495
805298,520,377,897,230,68,179,343.19,0.8558,0.5971,0.242145,44,38,2,99.75,0.9203,0.1642,0.019261,4.218
805302,520,429,949,160,90,229,304.18,0.8084,0.5502,0.204435,31,19,18,24.35,0.2527,0.1012,0.008008,4.386
805314,520,447,967,236,25,88,13.38,0.9685,0.5441,0.192359,35,6,15,3.87,0.6641,0.0821,0.005221,4.389
805330,520,436,956,193,77,192,328.02,0.7610,0.5531,0.204524,1,18,54,260.27,0.9553,0.0948,0.007054,4.461
805333,520,434,954,214,83,50,35.19,0.8503,0.5481,0.207153,35,17,3,59.32,0.7267,0.0990,0.007648,4.461
805336,520,391,911,247,72,33,33.65,0.9635,0.5943,0.245221,15,41,5,138.12,0.9527,0.1476,0.016983,4.407
805380,520,425,945,172,79,240,307.35,0.8917,0.5584,0.206546,7,3,87,268.53,0.9928,0.1130,0.007983,4.424
805384,520,399,919,227,17,207,333.35,0.9841,0.5753,0.212393,55,13,41,343.41,0.6773,0.1394,0.012603,4.191
805393,520,454,974,192,38,222,320.09,0.9373,0.5343,0.178681,8,14,33,268.37,0.5486,0.0737,0.004755,4.176
805395,520,434,954,228,34,148,351.66,0.9253,0.5524,0.197789,43,6,9,19.79,0.7803,0.0951,0.006637,4.375
805421,520,334,854,205,100,251,314.14,0.9625,0.6399,0.290598,61,43,9,79.50,0.7628,0.2017,0.027397,4.401
805424,520,286,806,244,115,193,345.22,0.8684,0.6867,0.353474,24,63,65,199.88,0.5822,0.2424,0.041307,4.419
805431,520,378,898,228,26,234,326.86,0.9837,0.5979,0.231756,25,43,19,138.26,0.6234,0.1629,0.019814,4.036
805435,520,389,909,255,27,103,11.11,1.0000,0.5877,0.230269,21,23,85,273.88,0.8528,0.1485,0.014280,4.360
805444,520,307,827,210,124,222,322.53,0.7458,0.6671,0.333922,29,62,45,159.56,0.5688,0.2339,0.038958,4.316
805447,520,474,994,161,67,229,307.02,0.8642,0.5194,0.172491,13,0,3,1.59,1.0000,0.0310,0.000922,4.369
805468,520,72,592,240,234,123,105.97,0.8538,0.9060,0.788016,26,121,3,141.06,0.9979,0.4244,0.139004,4.434
805475,520,313,833,247,120,61,43.54,0.9226,0.6649,0.335470,15,63,3,140.25,0.9915,0.2229,0.036630,4.450
805480,520,300,820,251,115,87,33.20,0.9520,0.6667,0.334620,29,53,96,261.14,0.6191,0.2348,0.036518,4.446
805482,520,439,959,247,6,15,28.50,0.9977,0.5525,0.199425,17,16,34,284.79,0.4267,0.0859,0.006052,4.450
805488,520,379,899,251,65,93,17.71,0.9672,0.6030,0.250836,6,39,69,250.15,0.8013,0.1645,0.019193,4.348
805502,520,204,724,232,157,251,319.35,0.9562,0.7693,0.482361,31,87,2,138.36,0.9963,0.3117,0.071118,4.395
805503,520,373,893,246,12,188,342.81,0.9916,0.5984,0.234898,2,38,75,252.98,0.9253,0.1650,0.019070,4.125
805504,520,477,997,200,61,112,2.27,0.7609,0.5071,0.167887,0,0,12,264.05,1.0000,0.0173,0.000265,4.335
805509,520,396,916,243,66,52,29.06,0.9458,0.5818,0.232023,59,17,14,27.17,0.7126,0.1433,0.013626,4.433
805520,520,364,884,196,117,170,340.41,0.5242,0.6103,0.273619,5,45,57,222.87,0.8366,0.1741,0.022043,4.492
805523,520,421,941,243,38,3,31.24,0.9976,0.5557,0.204509,3,31,22,168.48,0.8868,0.1124,0.010572,4.202
805526,520,454,974,183,77,180,328.70,0.7157,0.5303,0.186716,2,19,4,146.82,0.9473,0.0701,0.004874,4.314
805559,520,410,930,194,90,193,327.83,0.7148,0.5734,0.226333,27,31,25,135.11,0.1500,0.1297,0.012832,4.398
805570,520,434,954,215,0,206,330.66,1.0000,0.5491,0.189055,41,10,20,3.04,0.6139,0.1006,0.007391,4.165
805572,520,415,935,213,21,227,324.82,0.9814,0.5653,0.202305,6,33,26,173.05,0.7518,0.1217,0.012010,4.069
805576,520,464,984,141,67,254,295.20,0.9922,0.5158,0.168329,16,5,20,317.16,0.5537,0.0546,0.002692,4.143
805578,520,317,837,251,101,132,10.51,0.9287,0.6556,0.314857,36,45,103,272.80,0.6680,0.2250,0.032310,4.433
805596,520,445,965,223,20,162,345.48,0.9603,0.5431,0.187995,8,21,9,146.05,0.5928,0.0813,0.006077,4.244
805597,520,398,918,189,81,235,314.10,0.8752,0.5807,0.227029,56,6,58,326.40,0.8114,0.1440,0.012766,4.414
805607,520,319,839,235,124,75,43.44,0.8097,0.6546,0.325880,14,61,13,142.78,0.9652,0.2166,0.034598,4.443
805617,520,359,879,236,55,218,332.70,0.9433,0.6174,0.256298,21,37,87,266.93,0.7398,0.1811,0.021706,4.272
805618,520,467,987,215,15,145,349.14,0.9613,0.5175,0.168355,7,4,7,326.34,0.2502,0.0373,0.001473,4.242
805623,520,402,922,244,41,117,5.92,0.9395,0.5765,0.221066,16,22,70,271.89,0.8005,0.1275,0.011261,4.425
805628,520,377,897,240,5,209,335.83,0.9969,0.5977,0.232402,65,11,46,345.57,0.7475,0.1588,0.015606,4.305
805640,520,310,830,245,61,255,325.78,1.0000,0.6604,0.299726,83,32,47,4.04,0.5701,0.2235,0.030775,4.330
805649,520,446,966,189,55,222,318.69,0.8933,0.5426,0.188264,37,4,3,27.87,0.8678,0.0790,0.004868,4.343
805651,520,365,885,251,7,201,340.33,0.9964,0.6139,0.248815,24,41,53,240.20,0.3693,0.1688,0.020370,4.246
805658,520,446,966,234,36,35,27.85,0.9702,0.5372,0.188787,32,1,42,316.82,0.9165,0.0836,0.004960,4.345
805678,520,475,995,220,1,142,351.08,0.9976,0.5228,0.171929,11,1,4,356.22,0.6924,0.0319,0.001016,4.350
805683,520,407,927,207,1,254,317.36,0.9995,0.5716,0.204445,4,34,37,204.44,0.7956,0.1285,0.013034,4.037
805687,520,335,855,240,108,104,24.05,0.8375,0.6406,0.302527,11,54,45,175.86,0.8106,0.1995,0.028988,4.463
805690,520,422,942,188,72,222,317.61,0.8480,0.5589,0.206012,44,12,6,33.37,0.7333,0.1054,0.008117,4.405
805691,520,181,701,232,174,222,332.48,0.6881,0.7894,0.527031,10,93,0,141.67,1.0000,0.3259,0.078929,4.476
805692,520,376,896,243,57,148,356.21,0.9021,0.5969,0.241222,63,18,38,355.85,0.6396,0.1600,0.016295,4.393
805703,520,441,961,150,91,229,300.10,0.8038,0.5395,0.196236,46,2,0,31.49,1.0000,0.0928,0.006244,4.378
805706,520,471,991,214,48,106,5.68,0.8508,0.5189,0.174531,4,1,31,278.57,0.9572,0.0408,0.001464,4.363
805724,520,430,950,182,64,230,314.09,0.8828,0.5468,0.193261,3,18,56,262.82,0.9039,0.0978,0.007374,4.240
805728,520,367,887,219,93,189,337.79,0.7619,0.6140,0.265649,22,47,18,140.99,0.7888,0.1736,0.022472,4.355
805739,520,378,898,253,61,52,28.18,0.9900,0.5966,0.244717,28,18,99,277.80,0.9092,0.1616,0.015803,4.479
805759,520,343,863,243,31,233,330.60,0.9846,0.6252,0.259207,5,50,63,222.49,0.8616,0.1933,0.026722,4.030
805762,520,369,889,239,86,116,12.14,0.8427,0.6100,0.262702,36,41,41,196.75,0.0722,0.1731,0.021210,4.391
805816,520,427,947,214,55,184,336.91,0.8597,0.5594,0.204913,17,23,27,237.41,0.1728,0.0993,0.008111,4.387
805852,520,342,862,240,28,253,325.38,0.9936,0.6324,0.264502,82,18,1,36.07,0.9809,0.1903,0.022290,4.351
805863,520,464,984,191,23,215,321.82,0.9631,0.5195,0.165969,8,6,17,292.37,0.4170,0.0474,0.002223,4.135
805868,520,344,864,240,39,238,328.70,0.9786,0.6269,0.261520,64,5,91,311.02,0.9189,0.1855,0.019540,4.480
805884,520,468,988,207,13,180,335.87,0.9713,0.5205,0.168506,10,0,31,294.44,1.0000,0.0442,0.001635,4.232
805886,520,343,863,166,119,255,296.82,1.0000,0.6256,0.285208,6,50,63,222.81,0.8382,0.1936,0.026787,4.365
805891,520,387,907,217,48,230,324.83,0.9463,0.5881,0.225808,44,28,35,351.39,0.2683,0.1461,0.014874,4.251
805897,520,467,987,166,57,240,307.05,0.9211,0.5246,0.173252,3,1,35,273.73,0.9767,0.0434,0.001624,4.325
805901,520,433,953,235,31,112,5.48,0.9475,0.5513,0.198151,40,8,34,335.87,0.6786,0.1022,0.007403,4.323
805906,520,212,732,235,161,210,340.02,0.7117,0.7621,0.478067,5,81,95,214.90,0.9422,0.3090,0.067430,4.497
805907,520,475,995,218,27,119,359.58,0.9280,0.5173,0.170238,11,0,9,333.22,1.0000,0.0311,0.000909,4.326
805919,520,469,989,230,3,53,21.89,0.9975,0.5184,0.171482,18,1,10,345.98,0.7714,0.0434,0.001722,4.282
805931,520,328,848,218,114,204,332.45,0.7297,0.6519,0.313014,31,56,26,140.34,0.6740,0.2106,0.031942,4.430
805946,520,100,620,228,227,123,108.22,0.7625,0.8778,0.728627,23,115,4,141.26,0.9970,0.4037,0.124519,4.462
805956,520,464,984,206,60,121,359.33,0.7796,0.5204,0.177361,20,0,15,337.46,1.0000,0.0459,0.001832,4.386
805961,520,413,933,253,11,31,27.11,0.9959,0.5673,0.212247,7,21,70,266.07,0.8926,0.1204,0.010236,4.354
805968,520,331,851,233,63,248,324.41,0.9729,0.6380,0.276583,2,39,109,261.38,0.9796,0.2003,0.025679,4.315
805969,520,347,867,236,39,255,323.91,1.0000,0.6318,0.265063,71,29,8,44.50,0.7829,0.1864,0.022361,4.354
805979,520,360,880,249,77,111,13.37,0.9363,0.6159,0.265985,72,23,38,4.23,0.6243,0.1847,0.021307,4.431
805981,520,319,839,251,77,202,341.29,0.9691,0.6538,0.300843,51,50,60,289.96,0.1342,0.2222,0.033113,4.221
805999,520,379,899,254,58,103,13.73,0.9909,0.6048,0.250798,11,38,61,247.49,0.6723,0.1578,0.017942,4.427
806000,520,321,841,215,99,245,318.89,0.9311,0.6484,0.299649,56,47,5,96.43,0.8699,0.2051,0.028848,4.434
806013,520,429,949,218,75,63,28.37,0.8446,0.5461,0.202989,30,6,53,302.45,0.8182,0.0979,0.006633,4.467
806031,520,464,984,210,65,46,30.72,0.8848,0.5159,0.176818,15,8,1,78.16,0.7433,0.0531,0.002774,4.298
806032,520,428,948,241,24,101,9.73,0.9713,0.5573,0.202969,51,0,1,27.59,1.0000,0.1008,0.007061,4.433
806047,520,428,948,224,8,193,336.38,0.9902,0.5590,0.198737,41,9,7,27.27,0.7239,0.0955,0.006822,4.377
806056,520,354,874,228,65,227,328.27,0.9275,0.6179,0.258229,72,7,63,334.85,0.8163,0.1790,0.018888,4.474
806057,520,369,889,219,80,216,328.66,0.8637,0.6122,0.257572,0,40,74,249.47,1.0000,0.1690,0.020119,4.386
806069,520,457,977,202,54,165,339.96,0.8131,0.5268,0.179134,30,1,17,348.87,0.8332,0.0650,0.003382,4.292
806072,520,325,845,246,43,248,327.76,0.9820,0.6458,0.281007,1,34,125,263.32,0.9930,0.2078,0.026310,4.338
806075,520,469,989,186,73,157,338.94,0.6962,0.5170,0.176400,5,6,8,261.58,0.1266,0.0409,0.001800,4.371
806080,520,475,995,219,53,42,28.84,0.9257,0.5202,0.177761,6,1,14,304.78,0.7775,0.0308,0.000921,4.473
806081,520,358,878,247,60,174,348.43,0.9341,0.6177,0.260650,44,41,22,100.41,0.3974,0.1758,0.021793,4.327
806086,520,359,879,224,80,214,330.69,0.8704,0.6189,0.264418,29,38,73,270.81,0.5273,0.1774,0.021284,4.411
806090,520,392,912,195,77,237,315.81,0.8952,0.5859,0.230255,62,21,1,45.03,0.9448,0.1537,0.015628,4.270
806095,520,470,990,179,14,244,311.75,0.9889,0.5210,0.164305,0,8,16,236.28,1.0000,0.0441,0.002111,4.112
806112,520,443,963,220,67,50,29.98,0.8926,0.5381,0.194628,10,8,52,275.97,0.8788,0.0796,0.004861,4.459
806140,520,387,907,245,28,158,351.78,0.9668,0.5869,0.227149,37,29,53,298.44,0.3980,0.1489,0.015291,4.245
806149,520,441,961,147,87,240,297.42,0.8718,0.5384,0.193109,39,1,41,326.12,0.9018,0.0945,0.006132,4.331
806163,520,456,976,156,80,227,304.34,0.8253,0.5284,0.183517,15,8,17,318.72,0.3392,0.0584,0.003157,4.393
806165,520,405,925,240,11,165,348.22,0.9882,0.5751,0.214843,43,26,19,43.20,0.3557,0.1346,0.012995,4.204
806175,520,395,915,246,1,179,345.27,0.9992,0.5917,0.228725,43,18,59,309.91,0.6563,0.1388,0.012620,4.451
806200,520,480,1000,183,72,149,341.41,0.6827,0.5066,0.168733,0,0,0,0.00,0.0000,0.0000,0.000000,4.375
806210,520,391,911,217,48,231,324.59,0.9474,0.5888,0.226371,9,28,81,264.82,0.8811,0.1480,0.014826,4.263
806217,520,416,936,220,20,211,330.59,0.9787,0.5661,0.204214,38,18,37,328.81,0.4646,0.1170,0.009783,4.252
806226,520,321,841,251,73,201,341.45,0.9697,0.6493,0.294945,90,22,18,27.73,0.8364,0.2146,0.027915,4.427
806232,520,434,954,182,44,254,309.73,0.9943,0.5489,0.189032,37,3,49,315.54,0.8541,0.1003,0.006802,4.208
806255,520,389,909,235,16,203,336.29,0.9870,0.5872,0.223473,15,36,54,246.49,0.5445,0.1493,0.016296,4.125
806284,520,425,945,247,28,50,24.67,0.9821,0.5618,0.208385,0,0,92,264.05,1.0000,0.1124,0.007726,4.476
806310,520,419,939,248,13,33,26.81,0.9944,0.5572,0.203577,44,7,33,341.82,0.7140,0.1073,0.007973,4.374
806325,520,431,951,190,94,135,354.79,0.5696,0.5458,0.207033,4,25,26,199.29,0.6879,0.0960,0.007956,4.435
806347,520,454,974,222,55,27,32.00,0.9567,0.5269,0.183438,15,5,48,285.62,0.8606,0.0745,0.004235,4.304
806349,520,304,824,253,70,230,333.71,0.9904,0.6655,0.309792,105,2,9,26.28,0.9910,0.2297,0.030669,4.460
806358,520,360,880,196,93,253,311.30,0.9797,0.6193,0.266574,50,34,60,311.66,0.4008,0.1809,0.021484,4.429
806361,520,477,997,162,81,182,319.34,0.6716,0.5060,0.169444,0,2,5,242.21,1.0000,0.0215,0.000544,4.342
806373,520,416,936,250,32,32,28.10,0.9826,0.5683,0.214650,58,2,25,2.23,0.8939,0.1249,0.010133,4.401
806385,520,419,939,236,13,146,353.41,0.9822,0.5592,0.201991,20,22,52,277.54,0.5644,0.1146,0.009705,4.221
806393,520,424,944,194,98,124,4.25,0.5588,0.5550,0.216615,8,32,7,142.62,0.9197,0.1146,0.011000,4.371
806407,520,443,963,237,20,44,24.98,0.9866,0.5368,0.186899,9,16,41,268.98,0.6327,0.0845,0.005887,4.239
806409,520,384,904,223,77,163,347.84,0.7882,0.5875,0.236424,27,7,104,277.58,0.9725,0.1545,0.013844,4.486
806417,520,412,932,216,8,230,324.94,0.9944,0.5694,0.204878,30,13,65,292.14,0.7828,0.1191,0.009455,4.287
806418,520,431,951,205,24,221,324.17,0.9712,0.5483,0.188547,6,6,74,268.95,0.9780,0.0992,0.006633,4.212
806427,520,469,989,215,47,108,4.93,0.8558,0.5206,0.175653,0,5,24,259.08,1.0000,0.0413,0.001745,4.361
806429,520,478,998,187,40,195,325.77,0.8854,0.5074,0.160240,5,1,1,21.77,0.5474,0.0229,0.000562,4.158
806432,520,408,928,210,78,170,341.56,0.7540,0.5699,0.220547,56,13,8,29.96,0.8023,0.1303,0.011463,4.402
806445,520,447,967,185,38,239,314.04,0.9541,0.5367,0.179337,6,20,27,231.04,0.5025,0.0836,0.006181,4.082
806454,520,358,878,197,117,178,336.26,0.5508,0.6152,0.278085,16,47,50,203.92,0.5823,0.1809,0.023734,4.450
806456,520,448,968,229,16,125,359.16,0.9717,0.5376,0.185121,22,15,16,8.75,0.1672,0.0803,0.005496,4.237
806458,520,401,921,210,61,225,323.94,0.9076,0.5836,0.224772,45,23,48,322.61,0.4844,0.1433,0.013841,4.304
806459,520,401,921,208,50,235,321.16,0.9413,0.5783,0.216910,24,32,44,258.33,0.2764,0.1382,0.014090,4.165
806483,520,439,959,209,41,196,331.80,0.9101,0.5470,0.191287,23,20,7,96.99,0.4623,0.0910,0.006978,4.235
806493,520,465,985,229,25,33,27.09,0.9809,0.5207,0.174661,9,8,6,86.86,0.1162,0.0488,0.002449,4.283
806521,520,398,918,243,55,85,18.10,0.9270,0.5767,0.224462,42,28,15,63.29,0.4291,0.1370,0.013573,4.317
806537,520,452,972,184,87,155,340.18,0.6161,0.5336,0.193746,24,9,24,327.08,0.4858,0.0742,0.004555,4.468
806541,520,376,896,189,113,175,333.95,0.5360,0.5955,0.257254,20,36,71,263.87,0.6187,0.1643,0.018653,4.475
806551,520,474,994,210,54,117,1.10,0.8126,0.5203,0.176266,1,0,28,269.37,1.0000,0.0320,0.000903,4.445
806555,520,461,981,173,37,252,307.73,0.9846,0.5293,0.172365,1,8,30,260.79,0.8869,0.0535,0.002738,4.216
806563,520,397,917,245,42,133,0.67,0.9371,0.5843,0.227652,28,35,1,120.34,0.9575,0.1374,0.014511,4.304
806568,520,337,857,217,116,169,348.67,0.6316,0.6380,0.301089,11,57,27,150.82,0.9354,0.2041,0.030764,4.347
806578,520,458,978,236,24,30,27.60,0.9848,0.5349,0.185831,26,0,25,329.82,1.0000,0.0604,0.002898,4.458
806583,520,418,938,200,21,245,317.27,0.9852,0.5575,0.194098,48,13,15,19.77,0.6509,0.1163,0.009508,4.102
806590,520,377,897,238,37,200,337.93,0.9602,0.5990,0.236732,20,18,105,272.04,0.9497,0.1631,0.016012,4.344
806592,520,393,913,250,1,149,355.04,0.9991,0.5860,0.225191,13,34,48,240.08,0.5402,0.1387,0.014430,4.271
806609,520,374,894,191,101,212,319.77,0.7288,0.5973,0.251383,14,43,29,160.06,0.6881,0.1587,0.019098,4.362
806620,520,438,958,222,12,186,337.88,0.9828,0.5520,0.193402,32,10,35,322.70,0.6090,0.0931,0.006455,4.311
806627,520,478,998,197,71,105,7.22,0.7107,0.5118,0.173986,2,0,7,299.60,1.0000,0.0177,0.000282,4.455
806637,520,375,895,231,19,232,328.08,0.9897,0.5994,0.232833,39,38,11,107.05,0.6363,0.1594,0.018417,4.134
806641,520,391,911,230,29,214,332.26,0.9730,0.5892,0.225593,34,36,17,113.68,0.4410,0.1491,0.016423,4.149
806652,520,387,907,239,11,195,339.33,0.9914,0.5888,0.225331,23,29,77,273.18,0.7131,0.1544,0.015966,4.174
806655,520,341,861,241,107,67,37.19,0.8861,0.6343,0.296243,39,45,67,272.06,0.3195,0.2004,0.027133,4.489
806678,520,326,846,254,21,254,328.32,0.9973,0.6548,0.287660,28,37,109,271.46,0.8292,0.2071,0.026740,4.400
806688,520,476,996,226,11,53,21.94,0.9903,0.5116,0.166681,2,1,8,289.57,0.6935,0.0224,0.000521,4.289
806694,520,361,881,243,94,74,30.31,0.9139,0.6192,0.275576,15,49,37,166.93,0.7013,0.1815,0.024317,4.381
806707,520,321,841,185,129,224,310.21,0.6852,0.6461,0.313973,4,60,33,155.97,0.9744,0.2138,0.033672,4.350
806714,520,421,941,205,87,132,358.82,0.6626,0.5578,0.214634,51,7,16,13.38,0.7758,0.1140,0.008933,4.490
806729,520,446,966,219,43,144,351.48,0.8751,0.5390,0.188039,27,9,25,331.44,0.5195,0.0788,0.004986,4.329
806741,520,370,890,221,61,231,325.44,0.9304,0.6055,0.244812,3,49,23,153.10,0.9765,0.1730,0.022777,4.051
806742,520,467,987,230,16,47,23.82,0.9877,0.5208,0.174019,6,1,26,288.45,0.9074,0.0387,0.001350,4.363
806754,520,405,925,247,56,40,29.64,0.9674,0.5791,0.227592,7,32,51,244.77,0.6957,0.1320,0.013171,4.394
806758,520,269,789,226,150,105,50.99,0.6398,0.6972,0.390033,3,73,49,162.85,0.9823,0.2627,0.050060,4.398
806762,520,311,831,252,59,243,330.22,0.9890,0.6628,0.302974,42,36,109,280.54,0.7523,0.2161,0.028580,4.492
806765,520,418,938,192,62,229,317.58,0.8934,0.5591,0.203102,48,10,40,337.18,0.6935,0.1223,0.009988,4.219
806769,520,442,962,234,20,102,8.17,0.9717,0.5416,0.189551,17,20,6,118.73,0.5135,0.0847,0.006326,4.253
806818,520,310,830,253,94,156,359.49,0.9641,0.6572,0.312916,70,40,59,342.02,0.3864,0.2222,0.031356,4.461
806826,520,374,894,229,99,3,46.29,0.9941,0.5964,0.255909,52,32,22,47.29,0.3917,0.1630,0.018211,4.485
806827,520,288,808,240,111,194,343.29,0.8455,0.6750,0.337917,12,47,129,263.28,0.9307,0.2430,0.036959,4.461
806845,520,471,991,226,31,14,30.02,0.9852,0.5161,0.171834,10,2,19,306.79,0.7305,0.0406,0.001550,4.303
806853,520,450,970,228,41,113,4.70,0.9066,0.5434,0.192749,7,11,35,271.98,0.6612,0.0681,0.004058,4.490
806859,520,445,965,197,74,162,340.53,0.7248,0.5391,0.193782,18,1,59,285.63,0.9791,0.0821,0.004661,4.460
806868,520,305,825,202,124,253,310.33,0.9682,0.6749,0.340646,7,63,52,175.55,0.9173,0.2310,0.038479,4.415
806872,520,305,825,225,140,4,67.56,0.9910,0.6655,0.347746,18,64,26,146.60,0.9271,0.2304,0.038698,4.484
806884,520,457,977,225,7,141,352.63,0.9861,0.5337,0.180853,10,11,26,279.21,0.4395,0.0645,0.003784,4.292
806928,520,477,997,197,51,152,343.23,0.8020,0.5082,0.165068,1,1,11,275.11,0.8474,0.0225,0.000523,4.257
806937,520,453,973,235,16,29,27.25,0.9909,0.5299,0.181247,7,19,4,138.25,0.7846,0.0737,0.005197,4.190
806951,520,407,927,187,79,222,316.87,0.8277,0.5661,0.214318,10,27,59,261.66,0.7148,0.1257,0.011641,4.288
806975,520,362,882,216,114,98,30.21,0.6580,0.6109,0.275175,51,40,29,66.54,0.2671,0.1836,0.023102,4.448
806977,520,421,941,237,13,133,357.90,0.9825,0.5560,0.199889,41,16,12,30.47,0.5386,0.1084,0.008686,4.258
806988,520,475,995,221,51,52,26.03,0.9221,0.5236,0.179904,8,2,7,331.93,0.5158,0.0328,0.001104,4.499
806991,520,457,977,223,59,15,34.23,0.9781,0.5323,0.188531,32,0,10,2.96,1.0000,0.0640,0.003290,4.476
807003,520,421,941,186,85,195,324.30,0.7253,0.5553,0.208774,12,26,38,245.81,0.4466,0.1095,0.009569,4.344
807013,520,376,896,251,30,154,354.30,0.9693,0.5977,0.237743,53,29,41,348.96,0.3702,0.1642,0.017958,4.234
807021,520,260,780,248,115,222,335.52,0.9508,0.7061,0.374944,49,71,25,130.73,0.7384,0.2723,0.052295,4.154
807036,520,263,783,233,125,237,325.94,0.8950,0.7077,0.381072,34,70,4,135.04,0.9830,0.2561,0.047290,4.431
807053,520,421,941,175,69,252,306.63,0.9766,0.5600,0.203992,22,9,66,284.15,0.8703,0.1059,0.007593,4.410
807054,520,408,928,233,55,132,359.87,0.8743,0.5704,0.217248,3,33,44,226.35,0.8313,0.1286,0.012889,4.250
807088,520,303,823,235,130,77,46.14,0.7987,0.6659,0.341657,44,59,25,128.81,0.6059,0.2303,0.037335,4.485
807102,520,418,938,147,98,247,294.57,0.9024,0.5619,0.216539,17,6,88,274.21,0.9747,0.1242,0.009539,4.477
807118,520,396,916,193,76,233,316.21,0.8787,0.5789,0.223908,24,34,34,196.25,0.1851,0.1390,0.014537,4.244
807126,520,319,839,240,111,122,16.91,0.8042,0.6497,0.313020,70,46,14,70.70,0.7015,0.2232,0.032879,4.380
807134,520,402,922,254,9,102,10.60,0.9940,0.5802,0.222293,50,13,38,342.52,0.6459,0.1288,0.011060,4.459
807140,520,417,937,249,33,42,26.63,0.9798,0.5676,0.213982,52,9,20,9.54,0.7302,0.1198,0.009761,4.417
807162,520,432,952,214,57,164,343.75,0.8284,0.5506,0.199049,19,17,54,280.73,0.6790,0.1046,0.008057,4.290
807184,520,469,989,188,11,232,317.02,0.9893,0.5243,0.167582,15,0,21,317.64,1.0000,0.0423,0.001557,4.220
807190,520,354,874,238,93,129,8.07,0.8137,0.6214,0.275936,37,46,17,123.77,0.6056,0.1821,0.023878,4.412
807194,520,468,988,232,8,14,28.55,0.9959,0.5205,0.173643,8,7,0,105.16,1.0000,0.0435,0.002036,4.298
807199,520,420,940,242,46,46,27.11,0.9597,0.5615,0.210318,6,22,60,263.48,0.8433,0.1123,0.009387,4.383
807208,520,310,830,253,36,253,328.26,0.9945,0.6576,0.292393,41,58,5,126.49,0.9349,0.2220,0.035084,4.024
807216,520,386,906,207,53,252,316.91,0.9845,0.5918,0.228415,13,38,47,224.43,0.5620,0.1500,0.016770,4.170
807218,520,408,928,233,9,180,342.19,0.9896,0.5688,0.208171,41,20,40,328.71,0.4619,0.1270,0.011250,4.215
807234,520,418,938,243,9,124,1.90,0.9903,0.5641,0.207086,11,29,50,253.68,0.5931,0.1248,0.011801,4.160
807247,520,466,986,230,30,25,28.71,0.9775,0.5247,0.178248,5,5,26,277.95,0.7049,0.0476,0.002154,4.376
807254,520,377,897,240,53,172,347.19,0.9130,0.5984,0.240530,64,18,19,22.36,0.7010,0.1557,0.015698,4.422
807255,520,466,986,186,49,209,321.36,0.8814,0.5229,0.172405,1,0,48,266.23,1.0000,0.0530,0.002198,4.261
807256,520,441,961,240,23,18,28.98,0.9878,0.5424,0.191851,18,2,65,282.50,0.9711,0.0907,0.005536,4.355
807259,520,455,975,232,19,91,11.54,0.9745,0.5342,0.183799,20,7,16,339.21,0.4317,0.0617,0.003381,4.380
807277,520,390,910,230,18,227,329.04,0.9891,0.5940,0.228041,54,20,53,328.58,0.6045,0.1550,0.015417,4.250
807278,520,338,858,254,52,208,339.58,0.9938,0.6411,0.280842,58,44,5,87.86,0.8580,0.1996,0.027119,4.290
807279,520,340,860,253,91,89,24.59,0.9803,0.6354,0.290895,23,52,36,157.78,0.5876,0.1951,0.027654,4.390
807281,520,1,521,255,255,255,0.00,0.0000,1.0000,1.000000,34,137,41,143.84,0.9727,0.4815,0.183908,4.489
807289,520,401,921,223,91,79,27.92,0.7935,0.5804,0.237371,1,38,43,208.16,0.9534,0.1427,0.015670,4.376
807299,520,369,889,249,4,207,338.33,0.9980,0.6130,0.247348,9,45,51,210.82,0.7309,0.1722,0.021738,4.145
807318,520,477,997,172,85,150,337.76,0.5843,0.5093,0.174708,5,0,11,309.75,1.0000,0.0246,0.000564,4.444
807320,520,323,843,241,117,69,40.90,0.8716,0.6510,0.318559,1,61,20,148.14,0.9968,0.2137,0.033943,4.391
807322,520,390,910,207,77,212,326.27,0.8368,0.5873,0.233283,50,26,37,351.51,0.3860,0.1514,0.015505,4.325
807325,520,469,989,230,4,21,27.69,0.9977,0.5155,0.169670,7,3,12,307.40,0.5056,0.0366,0.001368,4.276
807330,520,452,972,223,54,9,33.73,0.9876,0.5271,0.183488,21,4,33,308.81,0.7537,0.0665,0.003561,4.359
807338,520,478,998,199,61,116,0.18,0.7571,0.5066,0.167425,1,3,1,144.11,0.6096,0.0246,0.000738,4.285
807341,520,421,941,231,31,163,347.26,0.9437,0.5635,0.206160,47,6,27,353.29,0.7436,0.1086,0.008138,4.406
807355,520,466,986,179,11,241,312.44,0.9908,0.5176,0.161750,2,3,38,269.09,0.9582,0.0500,0.002180,4.058
807356,520,474,994,192,55,187,329.54,0.8251,0.5233,0.175283,1,6,3,160.08,0.7162,0.0348,0.001433,4.380
807365,520,449,969,236,14,100,8.89,0.9830,0.5434,0.190702,1,20,13,168.50,0.9299,0.0746,0.005358,4.348
807375,520,468,988,210,39,156,344.78,0.8745,0.5247,0.175552,4,3,18,283.27,0.6685,0.0365,0.001346,4.393
807391,520,244,764,231,138,248,321.25,0.9425,0.7325,0.419448,37,69,94,243.72,0.4919,0.2830,0.054575,4.489
807398,520,389,909,255,45,15,31.04,1.0000,0.5854,0.231751,54,24,9,45.66,0.6713,0.1459,0.014574,4.363
807399,520,422,942,146,92,252,294.32,0.9622,0.5550,0.207936,41,5,52,316.91,0.8148,0.1120,0.008279,4.426
807424,520,394,914,254,48,91,16.35,0.9926,0.5944,0.239438,29,32,47,275.36,0.2737,0.1443,0.014995,4.453
807436,520,348,868,254,85,61,31.05,0.9931,0.6254,0.279083,2,34,112,262.89,0.9822,0.1926,0.023266,4.492
807448,520,411,931,203,69,207,326.66,0.8398,0.5686,0.214594,24,24,42,283.12,0.3583,0.1161,0.010146,4.399
807465,520,209,729,193,176,246,295.20,0.7639,0.7631,0.490420,27,84,71,175.09,0.7389,0.3133,0.070283,4.493
807484,520,440,960,194,17,252,314.20,0.9898,0.5525,0.188998,17,8,58,282.06,0.8645,0.0913,0.005983,4.269
807491,520,415,935,242,61,19,33.36,0.9813,0.5723,0.222651,50,15,17,19.40,0.6244,0.1237,0.010603,4.499
807504,520,406,926,241,63,100,14.04,0.8990,0.5834,0.231791,8,32,49,242.75,0.6592,0.1311,0.013063,4.468
807506,520,278,798,253,90,231,333.61,0.9896,0.6862,0.339674,94,41,12,45.76,0.8003,0.2526,0.039925,4.333
807514,520,456,976,188,46,215,320.47,0.9032,0.5281,0.175530,22,8,11,6.19,0.3939,0.0645,0.003684,4.201
807521,520,371,891,238,4,237,328.58,0.9985,0.6120,0.243811,48,8,98,295.07,0.9222,0.1713,0.016839,4.396
807525,520,360,880,228,85,196,337.61,0.8316,0.6214,0.269788,22,48,8,136.65,0.9296,0.1754,0.023019,4.379
807528,520,283,803,236,103,254,322.75,0.9945,0.6895,0.346912,73,50,49,21.77,0.2515,0.2455,0.039196,4.450
807538,520,471,991,180,84,141,345.73,0.5982,0.5160,0.179683,9,4,13,311.67,0.4496,0.0417,0.001740,4.439
807552,520,448,968,222,64,78,20.43,0.8569,0.5430,0.197491,13,20,15,153.68,0.2421,0.0836,0.006204,4.403
807569,520,450,970,238,21,1,30.05,0.9992,0.5367,0.187190,3,13,40,263.00,0.8274,0.0730,0.004604,4.344
807570,520,432,952,197,78,175,335.52,0.7293,0.5512,0.204159,39,12,25,352.24,0.5504,0.1021,0.007645,4.409
807586,520,433,953,225,10,167,344.25,0.9833,0.5468,0.190173,8,25,27,205.42,0.4797,0.0988,0.008260,4.122
807596,520,366,886,217,75,232,323.78,0.9034,0.6134,0.256119,2,38,80,255.28,0.9401,0.1693,0.019782,4.387
807597,520,472,992,158,75,226,305.86,0.8345,0.5232,0.177928,1,2,15,269.54,0.8414,0.0283,0.000844,4.483
807602,520,394,914,250,17,144,356.89,0.9848,0.5873,0.227420,33,22,64,291.67,0.6375,0.1372,0.012673,4.426
807609,520,452,972,238,10,16,28.50,0.9954,0.5340,0.184350,16,3,50,287.06,0.9139,0.0739,0.004056,4.335
807620,520,428,948,249,13,72,18.82,0.9921,0.5642,0.208991,41,10,29,345.68,0.6237,0.1042,0.007773,4.483
807629,520,397,917,221,67,174,342.54,0.8264,0.5779,0.224448,41,4,85,295.61,0.9447,0.1432,0.012141,4.417
807632,520,425,945,240,34,84,15.76,0.9586,0.5558,0.203127,19,29,3,127.07,0.8661,0.1115,0.010237,4.202
807633,520,333,853,224,80,255,319.96,1.0000,0.6449,0.288065,20,52,54,200.85,0.5484,0.2005,0.028709,4.295
807636,520,435,955,235,33,108,7.02,0.9440,0.5511,0.198357,18,6,55,285.49,0.8701,0.0860,0.005347,4.487
807644,520,388,908,255,50,59,25.17,1.0000,0.5924,0.238607,24,24,83,276.01,0.8076,0.1505,0.014719,4.459
807672,520,358,878,236,56,223,331.39,0.9466,0.6212,0.259915,24,25,111,272.35,0.9226,0.1839,0.020370,4.404
807679,520,341,861,203,107,224,320.19,0.7885,0.6305,0.285950,0,52,67,223.57,1.0000,0.2003,0.028611,4.274
807688,520,404,924,249,46,39,28.44,0.9765,0.5752,0.222438,42,14,53,315.18,0.6805,0.1264,0.010634,4.493
807689,520,355,875,250,12,212,337.29,0.9947,0.6192,0.253436,60,7,94,306.30,0.9077,0.1837,0.019209,4.384
807690,520,387,907,223,20,243,323.62,0.9897,0.5938,0.226615,13,9,109,269.11,0.9853,0.1539,0.013850,4.332
807694,520,456,976,182,41,231,314.88,0.9375,0.5274,0.173016,2,9,30,262.04,0.8003,0.0565,0.003020,4.206
807707,520,406,926,251,43,34,28.87,0.9847,0.5769,0.223562,28,25,60,284.20,0.5652,0.1350,0.012684,4.364
807721,520,317,837,253,56,241,330.94,0.9924,0.6611,0.300649,15,34,130,266.63,0.9459,0.2183,0.028571,4.463
807722,520,198,718,226,175,175,18.48,0.4499,0.7678,0.499251,59,81,68,158.51,0.2693,0.3219,0.072319,4.490
807724,520,399,919,229,44,183,340.85,0.9204,0.5773,0.218809,61,2,47,340.35,0.8787,0.1419,0.012409,4.307
807743,520,478,998,195,48,162,338.82,0.8179,0.5072,0.163264,2,0,15,284.68,1.0000,0.0229,0.000474,4.225
807751,520,395,915,241,11,182,343.41,0.9903,0.5855,0.223206,5,39,2,141.32,0.9875,0.1357,0.014876,4.211
807764,520,468,988,211,7,177,337.77,0.9848,0.5248,0.171774,13,2,12,330.32,0.6451,0.0403,0.001555,4.302
807770,520,358,878,252,78,90,21.16,0.9730,0.6179,0.268859,54,38,5,81.55,0.8236,0.1781,0.021815,4.440
807779,520,463,983,159,80,220,307.10,0.7982,0.5269,0.182761,7,6,29,280.62,0.6856,0.0537,0.002641,4.422
807786,520,392,912,146,120,226,292.82,0.7075,0.5865,0.250349,6,39,52,228.65,0.7683,0.1530,0.017376,4.458
807788,520,469,989,185,52,197,324.34,0.8462,0.5154,0.168028,16,1,9,344.92,0.7560,0.0403,0.001516,4.232
807794,520,453,973,224,3,136,354.04,0.9936,0.5287,0.176927,9,10,38,276.63,0.6969,0.0699,0.004151,4.191
807806,520,472,992,226,41,24,30.08,0.9698,0.5230,0.178235,12,1,4,358.26,0.7084,0.0331,0.001086,4.468
807809,520,420,940,245,34,19,29.73,0.9850,0.5581,0.206071,25,26,0,111.71,1.0000,0.1078,0.009455,4.307
807814,520,319,839,242,119,21,50.73,0.9712,0.6522,0.321279,25,58,44,163.94,0.5841,0.2184,0.034145,4.412
807821,520,349,869,227,72,234,326.10,0.9254,0.6274,0.269083,28,51,4,132.53,0.9583,0.1889,0.026232,4.186
807822,520,401,921,219,88,136,0.24,0.7151,0.5843,0.238194,13,28,75,266.36,0.8145,0.1439,0.014240,4.486
807825,520,463,983,219,20,141,351.57,0.9509,0.5253,0.174860,22,2,7,3.31,0.7266,0.0506,0.002294,4.300
807827,520,480,1000,182,74,157,337.58,0.6824,0.5118,0.172783,0,0,0,0.00,0.0000,0.0000,0.000000,4.456
807852,520,385,905,245,52,131,2.15,0.9190,0.5906,0.235104,56,15,54,329.73,0.6900,0.1515,0.014489,4.421
807860,520,459,979,166,70,227,308.99,0.8518,0.5284,0.180341,6,12,14,218.52,0.2472,0.0579,0.003334,4.319
807863,520,473,993,223,44,12,31.83,0.9853,0.5185,0.175187,0,2,17,261.94,1.0000,0.0282,0.000839,4.429
807865,520,328,848,223,94,238,323.40,0.9124,0.6489,0.298683,61,48,5,90.93,0.8763,0.2145,0.031171,4.296
807866,520,371,891,228,87,156,353.09,0.7699,0.6057,0.257131,24,45,25,145.27,0.5680,0.1700,0.021411,4.301
807882,520,388,908,255,36,91,15.34,1.0000,0.5891,0.232808,27,30,67,276.86,0.5727,0.1512,0.015668,4.307
807887,520,478,998,136,81,238,294.51,0.8761,0.5147,0.172922,0,2,3,218.80,1.0000,0.0204,0.000500,4.414
807916,520,467,987,163,78,209,311.67,0.7687,0.5213,0.178395,5,1,30,282.16,0.9431,0.0409,0.001477,4.437
807918,520,378,898,223,64,209,331.86,0.8941,0.5976,0.239604,47,17,78,301.94,0.7727,0.1591,0.015553,4.418
807928,520,447,967,212,73,89,17.45,0.7747,0.5374,0.194857,6,12,45,269.46,0.8160,0.0773,0.004911,4.459
807931,520,477,997,192,8,210,323.51,0.9873,0.5128,0.160348,7,0,4,341.66,1.0000,0.0236,0.000539,4.162
807961,520,419,939,228,60,106,9.65,0.8541,0.5571,0.207691,3,7,85,266.08,0.9858,0.1133,0.008271,4.422
807991,520,386,906,214,68,217,327.08,0.8833,0.5916,0.234420,15,22,88,270.13,0.9088,0.1461,0.013799,4.458
807996,520,340,860,237,61,238,327.82,0.9549,0.6363,0.275176,59,37,51,341.28,0.3194,0.1954,0.024920,4.340
808004,520,456,976,158,91,202,310.03,0.6881,0.5300,0.190161,7,14,11,167.35,0.2744,0.0624,0.003834,4.461
808010,520,431,951,230,14,144,352.83,0.9766,0.5466,0.191535,5,16,61,266.39,0.9044,0.0998,0.007397,4.208
808030,520,324,844,244,78,206,338.40,0.9283,0.6451,0.291409,85,28,20,30.55,0.7458,0.2134,0.028126,4.370
808041,520,272,792,232,142,145,17.90,0.6476,0.6988,0.385482,9,74,6,142.27,0.9900,0.2600,0.049686,4.369
808045,520,292,812,253,122,45,46.73,0.9806,0.6766,0.349944,38,58,81,252.62,0.3935,0.2442,0.040321,4.428
808054,520,328,848,238,117,71,40.71,0.8473,0.6464,0.313574,39,54,19,128.72,0.6793,0.2092,0.031166,4.479
808060,520,440,960,205,6,231,321.90,0.9950,0.5509,0.188807,39,2,28,342.17,0.8143,0.0880,0.005587,4.296
808075,520,449,969,233,24,91,11.95,0.9665,0.5382,0.187353,21,9,18,336.46,0.3815,0.0677,0.003985,4.397
808077,520,357,877,251,43,186,344.95,0.9715,0.6187,0.257855,50,41,8,93.53,0.7571,0.1810,0.022816,4.228
808085,520,455,975,236,7,40,25.12,0.9958,0.5307,0.181413,14,12,13,345.79,0.0625,0.0642,0.003854,4.297
808093,520,125,645,254,189,225,344.74,0.9759,0.8463,0.629040,94,91,61,103.15,0.3292,0.3822,0.101988,4.468
808099,520,284,804,253,95,230,333.95,0.9891,0.6915,0.347831,22,55,113,260.75,0.7832,0.2506,0.040950,4.374
808102,520,445,965,194,63,196,327.27,0.8192,0.5405,0.190114,27,16,0,79.94,1.0000,0.0846,0.006036,4.285
808113,520,331,851,240,45,248,326.35,0.9781,0.6368,0.271819,62,42,11,74.76,0.7180,0.2008,0.027043,4.177
808120,520,470,990,182,54,205,321.03,0.8538,0.5180,0.169924,16,4,0,55.10,1.0000,0.0446,0.001970,4.232
808152,520,429,949,210,79,108,10.02,0.7218,0.5469,0.203785,5,13,62,267.61,0.9272,0.0952,0.006679,4.478
808161,520,462,982,232,11,70,17.79,0.9895,0.5273,0.178404,24,2,5,12.49,0.7671,0.0530,0.002486,4.352
808164,520,361,881,208,91,239,318.64,0.8996,0.6237,0.271255,19,50,30,153.31,0.7051,0.1846,0.025133,4.276
808170,520,413,933,227,37,175,342.68,0.9284,0.5651,0.207518,51,3,41,338.21,0.8241,0.1195,0.009291,4.343
808174,520,467,987,172,29,252,307.70,0.9857,0.5234,0.166785,1,3,25,267.09,0.9196,0.0379,0.001418,4.216
808188,520,349,869,226,62,247,322.86,0.9667,0.6253,0.263315,6,50,47,188.09,0.8621,0.1854,0.025250,4.164
808192,520,459,979,220,7,144,350.50,0.9840,0.5250,0.173838,7,8,36,275.65,0.7422,0.0630,0.003462,4.187
808195,520,377,897,167,118,220,304.70,0.6798,0.6016,0.263401,12,42,51,220.92,0.6343,0.1640,0.019730,4.494
808209,520,294,814,215,124,236,319.89,0.8435,0.6814,0.349199,69,52,41,54.33,0.2623,0.2424,0.038814,4.495
808222,520,437,957,223,22,179,340.25,0.9624,0.5528,0.195190,26,8,40,307.14,0.6939,0.0850,0.005465,4.421
808258,520,448,968,186,51,223,317.67,0.9031,0.5351,0.181357,4,2,64,268.75,0.9908,0.0788,0.004394,4.253
808259,520,458,978,168,42,255,305.42,1.0000,0.5281,0.172014,23,8,1,55.75,0.7842,0.0630,0.003580,4.144
808307,520,401,921,241,27,168,347.80,0.9665,0.5833,0.223149,15,33,60,258.33,0.6022,0.1450,0.015155,4.192
808309,520,294,814,226,117,231,325.69,0.8596,0.6821,0.346626,52,54,78,280.23,0.2887,0.2435,0.039184,4.447
808328,520,249,769,230,159,79,66.89,0.7631,0.7173,0.421857,62,71,30,119.76,0.5970,0.2849,0.056243,4.441
808342,520,431,951,244,16,42,25.39,0.9916,0.5502,0.197743,41,11,10,24.64,0.6476,0.0993,0.007327,4.322
808345,520,396,916,201,51,249,315.98,0.9698,0.5786,0.216262,34,29,47,296.55,0.3180,0.1418,0.014240,4.145
808350,520,353,873,235,12,254,324.10,0.9967,0.6203,0.250833,80,8,41,359.40,0.8238,0.1848,0.020395,4.273
808364,520,437,957,210,42,202,330.36,0.9167,0.5533,0.196238,4,7,68,267.74,0.9723,0.0919,0.005951,4.401
808374,520,421,941,248,30,11,29.99,0.9925,0.5621,0.209128,25,0,81,283.57,1.0000,0.1145,0.008007,4.467
808376,520,471,991,190,45,196,326.32,0.8731,0.5170,0.168109,10,4,14,313.16,0.4787,0.0431,0.001831,4.208
808389,520,480,1000,223,39,13,31.05,0.9847,0.5148,0.171709,0,0,0,0.00,0.0000,0.0000,0.000000,4.434
808393,520,380,900,231,32,226,329.48,0.9757,0.6001,0.235154,7,46,23,153.14,0.9284,0.1642,0.020609,4.038
808396,520,357,877,224,102,155,355.08,0.7046,0.6203,0.277188,22,49,15,139.59,0.8694,0.1797,0.024016,4.420
808408,520,319,839,249,68,212,337.62,0.9641,0.6470,0.290305,22,60,0,137.10,1.0000,0.2152,0.034022,4.050
808419,520,418,938,246,19,75,18.00,0.9859,0.5600,0.205701,8,20,72,267.23,0.9001,0.1209,0.010198,4.248
808429,520,434,954,215,81,58,32.01,0.8341,0.5480,0.206398,30,16,28,331.90,0.3673,0.0973,0.007305,4.474
808432,520,458,978,228,23,89,11.89,0.9641,0.5268,0.178310,23,4,23,327.67,0.6685,0.0629,0.003309,4.283
808436,520,308,828,230,118,194,340.94,0.7590,0.6710,0.336770,24,61,42,158.78,0.6724,0.2270,0.036987,4.446
808437,520,298,818,220,104,252,318.42,0.9772,0.6669,0.321462,25,59,56,187.80,0.5302,0.2262,0.036200,4.309
808445,520,382,902,225,100,78,31.83,0.7847,0.5976,0.256744,36,39,18,115.58,0.4650,0.1602,0.018698,4.465
808450,520,320,840,168,137,228,298.57,0.6708,0.6454,0.318177,23,56,51,182.52,0.5469,0.2135,0.032494,4.463
808454,520,444,964,191,62,197,326.03,0.8203,0.5352,0.185543,23,4,51,295.51,0.8686,0.0841,0.005080,4.276
808457,520,319,839,239,109,146,4.39,0.7844,0.6519,0.313660,41,47,83,274.97,0.4555,0.2180,0.031289,4.474
808494,520,380,900,192,81,254,310.71,0.9911,0.5990,0.242481,49,32,23,48.83,0.3414,0.1588,0.017479,4.334
808502,520,282,802,223,115,254,318.22,0.9915,0.6882,0.351068,78,43,85,320.76,0.5105,0.2547,0.040035,4.455
808508,520,314,834,254,57,239,331.65,0.9960,0.6623,0.302322,34,59,32,142.52,0.5895,0.2238,0.035722,4.110
808511,520,295,815,247,80,247,327.92,0.9728,0.6753,0.322295,12,67,45,161.62,0.9090,0.2433,0.042818,4.011
808515,520,356,876,248,10,215,336.10,0.9956,0.6169,0.250830,76,20,4,36.56,0.9141,0.1807,0.020458,4.270
808518,520,440,960,230,50,97,11.90,0.8957,0.5495,0.199702,0,25,7,151.30,1.0000,0.0876,0.007106,4.373
808524,520,422,942,201,36,242,317.94,0.9660,0.5633,0.200916,7,28,32,211.74,0.5832,0.1093,0.009799,4.196
808529,520,282,802,229,127,201,338.29,0.7470,0.6878,0.360557,33,68,35,145.10,0.7221,0.2531,0.045788,4.286
808530,520,433,953,240,15,97,10.49,0.9842,0.5512,0.197333,14,13,62,275.59,0.8571,0.1009,0.007290,4.317
808536,520,373,893,230,4,236,326.96,0.9981,0.5973,0.229684,74,5,9,24.77,0.9471,0.1600,0.015844,4.248
808541,520,376,896,253,0,169,349.60,1.0000,0.6003,0.237507,19,22,97,271.65,0.9187,0.1589,0.015752,4.373
808544,520,377,897,227,85,150,355.13,0.7660,0.5990,0.250324,5,45,21,152.48,0.9524,0.1596,0.019631,4.313
808547,520,336,856,255,33,216,337.47,1.0000,0.6370,0.273089,20,54,28,149.13,0.7931,0.1979,0.028708,4.105
808571,520,467,987,207,6,179,336.14,0.9861,0.5183,0.166524,9,0,25,299.25,1.0000,0.0384,0.001283,4.222
808573,520,394,914,214,20,253,319.19,0.9919,0.5864,0.218901,41,30,26,40.91,0.2033,0.1436,0.014746,4.153
808603,520,383,903,234,11,231,329.04,0.9948,0.6021,0.235039,45,29,44,328.69,0.3230,0.1540,0.016185,4.307
808606,520,408,928,211,49,218,326.25,0.9233,0.5705,0.211094,17,0,99,272.77,1.0000,0.1323,0.010199,4.337
808612,520,437,957,239,43,5,31.77,0.9955,0.5507,0.200927,16,22,6,125.69,0.5787,0.0892,0.006971,4.404
808637,520,376,896,222,76,187,338.68,0.8218,0.5962,0.242886,28,22,91,278.41,0.8476,0.1587,0.015760,4.454
808646,520,428,948,222,11,194,335.63,0.9862,0.5565,0.196664,30,13,43,308.06,0.6132,0.1005,0.007383,4.299
808647,520,309,829,220,103,244,320.52,0.9284,0.6605,0.314495,46,53,35,125.44,0.3073,0.2162,0.032484,4.419
808651,520,429,949,224,52,130,358.53,0.8568,0.5499,0.199176,35,16,27,345.11,0.4123,0.1039,0.008071,4.291
808657,520,431,951,159,85,245,301.12,0.9082,0.5539,0.204609,10,28,15,151.23,0.6255,0.1047,0.009295,4.294
808662,520,317,837,235,112,167,354.00,0.7590,0.6577,0.320430,9,60,38,159.66,0.9238,0.2167,0.034296,4.394
808670,520,352,872,251,50,184,345.76,0.9695,0.6221,0.262544,50,41,38,39.28,0.1312,0.1878,0.024040,4.221
808677,520,461,981,148,79,247,297.55,0.9314,0.5336,0.186035,1,8,26,258.26,0.8389,0.0507,0.002547,4.492
808683,520,352,872,236,16,251,324.96,0.9950,0.6206,0.251710,49,17,103,292.50,0.8636,0.1872,0.020331,4.290
808686,520,373,893,226,14,241,324.83,0.9935,0.5959,0.228360,64,14,51,339.96,0.7155,0.1630,0.016432,4.190
808689,520,453,973,232,25,82,14.84,0.9669,0.5344,0.184633,2,13,43,262.28,0.8916,0.0748,0.004751,4.285
808711,520,448,968,200,48,200,328.09,0.8829,0.5391,0.185651,32,11,7,32.89,0.5578,0.0835,0.005618,4.237
808714,520,351,871,242,19,253,325.89,0.9947,0.6330,0.264375,62,10,96,306.47,0.8821,0.1913,0.020858,4.437
808729,520,406,926,246,38,120,4.99,0.9484,0.5796,0.223385,57,14,4,35.61,0.8650,0.1331,0.011928,4.415
808754,520,377,897,200,86,232,318.15,0.8657,0.6009,0.247625,49,29,52,322.15,0.4166,0.1638,0.017797,4.390
808757,520,463,983,233,29,43,25.68,0.9758,0.5320,0.183799,18,5,2,42.20,0.6136,0.0502,0.002415,4.461
808764,520,444,964,241,11,36,26.11,0.9944,0.5420,0.190709,0,21,15,173.21,1.0000,0.0775,0.005708,4.321
808782,520,465,985,221,49,16,32.32,0.9780,0.5187,0.176089,11,7,22,294.94,0.4831,0.0549,0.002810,4.281
808789,520,443,963,229,53,64,23.31,0.9188,0.5433,0.195773,10,19,3,131.18,0.7703,0.0756,0.005368,4.439
808802,520,476,996,188,52,178,331.22,0.8146,0.5079,0.163632,4,1,6,314.84,0.6159,0.0242,0.000607,4.221
808817,520,346,866,243,47,228,331.80,0.9680,0.6301,0.266920,10,39,94,261.62,0.8779,0.1876,0.023236,4.327
808830,520,347,867,226,96,196,337.45,0.7955,0.6327,0.285222,26,51,30,148.01,0.5853,0.1920,0.026809,4.364
808838,520,269,789,225,134,211,332.76,0.7351,0.6991,0.377626,18,73,7,140.89,0.9856,0.2591,0.049088,4.316
808845,520,336,856,241,92,168,351.89,0.8480,0.6389,0.291850,56,42,42,18.38,0.1761,0.1996,0.026639,4.461
808861,520,377,897,250,69,80,22.41,0.9645,0.6025,0.251629,15,44,13,142.35,0.9031,0.1588,0.019319,4.351
808874,520,421,941,242,39,28,29.24,0.9730,0.5553,0.204155,2,17,68,263.96,0.9551,0.1074,0.008311,4.359
808877,520,381,901,190,112,183,330.27,0.5705,0.5989,0.259555,3,46,27,159.05,0.9623,0.1637,0.020524,4.389
808891,520,480,1000,185,24,209,321.61,0.9531,0.5051,0.155724,0,0,0,0.00,0.0000,0.0000,0.000000,4.114
808895,520,473,993,216,11,140,351.02,0.9722,0.5161,0.167342,1,1,18,271.82,0.9413,0.0270,0.000718,4.285
808901,520,294,814,239,107,229,330.51,0.9168,0.6850,0.345256,28,65,36,148.89,0.7361,0.2406,0.041547,4.318
808903,520,315,835,221,96,253,318.90,0.9862,0.6582,0.308314,61,36,95,300.36,0.6361,0.2245,0.030801,4.435
808906,520,452,972,207,75,71,25.37,0.7860,0.5271,0.187546,24,11,0,69.65,1.0000,0.0700,0.004336,4.372
808914,520,432,952,131,104,242,288.11,0.8567,0.5519,0.211365,5,26,32,219.02,0.6518,0.1023,0.008753,4.449
808924,520,430,950,176,85,212,315.22,0.7638,0.5517,0.204815,50,2,8,19.18,0.9330,0.1031,0.007392,4.440
808932,520,384,904,189,99,216,317.90,0.7495,0.5938,0.247014,11,40,33,174.70,0.6674,0.1490,0.016985,4.434
808939,520,410,930,242,46,87,16.21,0.9381,0.5681,0.215227,54,0,55,327.53,1.0000,0.1312,0.010602,4.377
808940,520,220,740,255,154,111,43.48,1.0000,0.7463,0.455217,7,85,16,143.91,0.9919,0.2987,0.065793,4.363
808964,520,316,836,254,65,228,334.42,0.9951,0.6618,0.304560,91,23,32,17.25,0.7530,0.2209,0.029416,4.465
808991,520,416,936,230,73,61,28.38,0.8855,0.5658,0.219278,4,34,0,140.23,1.0000,0.1179,0.011698,4.364
808992,520,438,958,187,54,243,313.14,0.9393,0.5549,0.196753,22,4,55,291.57,0.8919,0.0869,0.005332,4.459
809001,520,447,967,222,57,112,5.86,0.8401,0.5445,0.196283,31,12,12,20.76,0.4492,0.0850,0.005808,4.413
809013,520,447,967,176,89,184,324.13,0.6583,0.5402,0.198366,4,19,26,228.67,0.5998,0.0791,0.005661,4.462
809018,520,301,821,252,90,205,341.14,0.9745,0.6712,0.324186,63,50,24,83.34,0.5078,0.2250,0.034040,4.452
809020,520,397,917,172,92,241,305.81,0.8729,0.5775,0.227764,23,23,75,276.85,0.7646,0.1396,0.013029,4.407
809028,520,426,946,150,96,245,296.34,0.8881,0.5603,0.214425,1,30,16,159.26,0.9741,0.1063,0.009724,4.427
809037,520,189,709,227,169,230,324.86,0.7025,0.7769,0.504211,22,89,61,161.12,0.8848,0.3245,0.076519,4.380
809055,520,378,898,240,39,199,338.70,0.9585,0.6031,0.241027,9,44,17,147.85,0.9276,0.1569,0.018998,4.218
809072,520,435,955,237,27,93,12.00,0.9644,0.5482,0.195819,25,18,19,8.60,0.1525,0.0916,0.006863,4.323
809098,520,466,986,197,5,214,323.89,0.9931,0.5239,0.168356,3,4,35,271.35,0.9135,0.0504,0.002275,4.177
809101,520,406,926,210,77,190,334.18,0.7925,0.5791,0.227290,15,23,72,270.49,0.8178,0.1309,0.011822,4.485
809117,520,386,906,190,96,220,317.32,0.7775,0.5930,0.244813,11,33,73,261.16,0.7780,0.1535,0.016398,4.440
809124,520,219,739,251,145,210,343.51,0.9400,0.7532,0.454156,26,80,57,162.01,0.7844,0.2951,0.062521,4.481
809125,520,415,935,227,18,191,337.70,0.9777,0.5658,0.205277,49,15,21,11.83,0.5933,0.1230,0.010489,4.220
809133,520,339,859,221,98,216,329.12,0.8257,0.6384,0.290673,47,44,51,304.95,0.1083,0.1974,0.026447,4.456
809134,520,331,851,251,101,42,39.70,0.9704,0.6398,0.299871,21,57,0,136.92,1.0000,0.2044,0.030856,4.327
809146,520,426,946,222,43,168,343.87,0.8961,0.5560,0.200870,6,18,65,266.48,0.8991,0.1085,0.008529,4.286
809152,520,381,901,254,5,159,352.82,0.9965,0.5988,0.236862,59,27,21,31.83,0.5219,0.1630,0.017679,4.239
809154,520,460,980,172,91,170,328.13,0.5991,0.5298,0.191561,2,16,1,141.01,0.9725,0.0608,0.003857,4.485
809157,520,467,987,225,45,13,31.84,0.9845,0.5234,0.179162,14,2,16,323.02,0.6947,0.0433,0.001742,4.429
809165,520,480,1000,119,80,250,286.82,0.9610,0.5059,0.165611,0,0,0,0.00,0.0000,0.0000,0.000000,4.312
809186,520,427,947,204,44,226,322.37,0.9379,0.5610,0.201314,9,21,52,265.27,0.7154,0.1047,0.008423,4.302
809201,520,406,926,227,0,220,330.06,1.0000,0.5802,0.215006,54,7,44,338.05,0.7658,0.1320,0.011182,4.331
809203,520,446,966,219,71,30,35.43,0.9360,0.5391,0.196628,24,12,28,317.36,0.4440,0.0817,0.005410,4.451
809217,520,420,940,243,30,74,18.70,0.9715,0.5580,0.204810,3,31,22,168.48,0.8868,0.1124,0.010572,4.207
809227,520,440,960,213,31,194,333.42,0.9404,0.5471,0.190233,26,13,40,304.01,0.5796,0.0934,0.006607,4.244
809228,520,436,956,234,27,120,2.28,0.9536,0.5500,0.196354,13,18,42,272.21,0.5574,0.0925,0.006853,4.333
809235,520,321,841,252,35,249,328.93,0.9904,0.6528,0.287401,92,9,31,13.23,0.8831,0.2086,0.025700,4.457
809250,520,422,942,194,96,145,350.56,0.5848,0.5594,0.218809,12,28,36,231.56,0.4379,0.1141,0.010360,4.453
809253,520,422,942,179,94,200,319.37,0.6916,0.5621,0.217602,22,27,23,151.23,0.1391,0.1131,0.010163,4.448
809257,520,367,887,248,44,177,347.03,0.9496,0.6094,0.249354,23,31,88,271.67,0.7834,0.1694,0.018666,4.360
809276,520,433,953,231,46,106,8.26,0.9030,0.5508,0.199864,10,14,60,271.76,0.8695,0.0979,0.007048,4.380
809286,520,383,903,223,90,152,354.07,0.7327,0.5998,0.252696,17,42,11,139.88,0.8892,0.1529,0.017992,4.452
809312,520,380,900,215,49,249,319.83,0.9736,0.5992,0.234851,21,3,114,272.57,0.9939,0.1598,0.014394,4.424
809322,520,372,892,242,88,51,34.66,0.9237,0.6061,0.260988,46,38,37,26.33,0.1125,0.1745,0.021007,4.380
809339,520,447,967,200,29,225,321.77,0.9632,0.5449,0.185960,32,7,27,335.98,0.6308,0.0838,0.005382,4.261
809340,520,430,950,196,85,148,347.65,0.6527,0.5464,0.203725,20,23,10,119.32,0.4049,0.0965,0.007834,4.387
809349,520,389,909,221,32,238,324.16,0.9768,0.5912,0.225803,58,21,17,28.28,0.6223,0.1488,0.014765,4.259
809374,520,356,876,237,43,231,329.65,0.9697,0.6193,0.255044,20,35,93,267.93,0.8126,0.1815,0.021410,4.272
809375,520,271,791,245,117,209,339.37,0.9077,0.6984,0.367410,66,61,37,97.85,0.3688,0.2617,0.046294,4.335
809408,520,432,952,246,7,24,27.70,0.9971,0.5510,0.198143,30,18,27,335.89,0.2973,0.1010,0.007878,4.287
809411,520,468,988,213,3,171,340.07,0.9931,0.5243,0.171538,1,4,25,265.48,0.8961,0.0405,0.001635,4.290
809416,520,348,868,225,61,255,320.81,1.0000,0.6285,0.265671,46,19,109,287.90,0.8744,0.1927,0.021507,4.415
809426,520,338,858,253,1,245,330.11,0.9998,0.6433,0.275001,78,23,51,352.19,0.6577,0.2016,0.024718,4.350
809427,520,434,954,242,11,97,10.63,0.9895,0.5544,0.199830,24,22,7,101.91,0.5056,0.0973,0.007834,4.320
809443,520,464,984,167,81,190,318.72,0.7013,0.5183,0.178189,18,2,25,315.50,0.7812,0.0533,0.002422,4.353
809452,520,476,996,154,46,252,301.41,0.9834,0.5090,0.158527,0,2,1,165.38,1.0000,0.0192,0.000456,4.133
809465,520,460,980,225,41,90,12.68,0.9144,0.5309,0.183344,12,2,39,288.91,0.9045,0.0576,0.002681,4.429
809488,520,392,912,253,5,141,358.15,0.9961,0.5896,0.229179,37,0,101,286.46,1.0000,0.1536,0.013329,4.408
809500,520,434,954,180,78,217,315.84,0.8077,0.5511,0.201628,32,21,2,80.91,0.8190,0.1035,0.008478,4.303
809512,520,374,894,236,0,218,332.65,1.0000,0.5951,0.228976,27,30,78,275.98,0.6786,0.1606,0.017116,4.157
809525,520,13,533,240,254,236,138.72,0.8608,0.9788,0.954647,24,133,82,156.74,0.9557,0.4736,0.175777,4.450
809530,520,374,894,225,71,199,335.45,0.8648,0.6021,0.246398,14,43,36,175.09,0.6215,0.1612,0.019484,4.266
809537,520,387,907,229,17,230,328.09,0.9903,0.5940,0.227745,50,18,54,323.08,0.6320,0.1458,0.013771,4.355
809564,520,372,892,250,81,44,33.77,0.9711,0.6113,0.263942,27,45,26,143.14,0.4968,0.1724,0.021843,4.370
809572,520,332,852,250,14,246,329.22,0.9965,0.6408,0.272949,31,19,129,274.51,0.9581,0.2032,0.023419,4.399
809595,520,324,844,232,86,239,325.92,0.9330,0.6534,0.300456,38,55,19,130.36,0.7037,0.2115,0.031914,4.278
809597,520,426,946,228,42,143,353.81,0.9003,0.5551,0.201358,2,10,83,265.36,0.9796,0.1141,0.008544,4.293
809637,520,398,918,246,30,142,357.20,0.9625,0.5832,0.224777,27,15,87,280.43,0.8902,0.1424,0.012627,4.387
809659,520,411,931,221,40,196,334.95,0.9298,0.5677,0.208776,56,0,23,2.40,1.0000,0.1173,0.009028,4.384
809660,520,444,964,203,13,223,323.24,0.9867,0.5428,0.183138,23,1,49,298.57,0.9551,0.0771,0.004256,4.297
809665,520,374,894,235,41,211,334.27,0.9579,0.6022,0.239539,23,34,70,268.58,0.5922,0.1604,0.017683,4.278
809666,520,397,917,243,8,171,347.03,0.9926,0.5833,0.221718,61,0,45,342.03,1.0000,0.1384,0.011817,4.396
809684,520,473,993,212,26,149,347.31,0.9223,0.5177,0.169081,13,0,9,337.61,1.0000,0.0336,0.001053,4.291
809692,520,220,740,232,148,252,319.73,0.9706,0.7533,0.453654,44,80,33,138.85,0.7910,0.2987,0.063824,4.425
809694,520,469,989,208,48,135,352.62,0.8277,0.5180,0.172753,10,0,20,308.75,1.0000,0.0360,0.001150,4.355
809696,520,377,897,249,24,167,349.72,0.9778,0.5971,0.235864,28,41,28,144.67,0.3459,0.1612,0.019166,4.133
809712,520,410,930,203,81,177,336.82,0.7354,0.5659,0.217574,57,1,49,335.25,0.9225,0.1339,0.011135,4.377
809716,520,467,987,222,42,75,17.70,0.9196,0.5221,0.176962,9,4,16,304.68,0.5204,0.0431,0.001823,4.380
809719,520,452,972,219,7,152,347.60,0.9841,0.5268,0.174815,15,12,13,355.57,0.0861,0.0652,0.003936,4.168
809727,520,414,934,255,9,20,28.25,1.0000,0.5705,0.215098,7,23,60,263.50,0.8166,0.1152,0.009842,4.430
809747,520,380,900,216,45,251,319.74,0.9825,0.5997,0.234426,39,20,82,291.29,0.7714,0.1571,0.015408,4.348
809750,520,479,999,224,24,40,25.58,0.9784,0.5102,0.166566,2,0,0,29.23,1.0000,0.0120,0.000129,4.320
809762,520,373,893,217,38,255,319.26,1.0000,0.6003,0.233598,18,16,102,271.59,0.9565,0.1553,0.014584,4.391
809773,520,425,945,172,88,232,308.28,0.8334,0.5649,0.215770,14,27,35,236.50,0.3659,0.1119,0.009985,4.431
809799,520,314,834,242,86,218,334.46,0.9268,0.6569,0.305974,15,58,69,218.33,0.7172,0.2249,0.035572,4.160
809805,520,414,934,233,45,145,354.35,0.9040,0.5676,0.212476,45,7,49,323.81,0.7684,0.1190,0.009317,4.425
809813,520,303,823,248,70,249,327.78,0.9806,0.6688,0.311791,61,46,76,306.57,0.3748,0.2324,0.034679,4.272
809829,520,399,919,218,22,236,323.96,0.9851,0.5808,0.215374,44,8,74,303.40,0.8573,0.1402,0.012036,4.278
809838,520,365,885,252,69,80,22.50,0.9780,0.6063,0.255344,77,12,6,30.10,0.9228,0.1732,0.018541,4.455
809847,520,404,924,230,52,178,342.87,0.8973,0.5823,0.224960,31,19,66,290.05,0.7036,0.1311,0.011504,4.471
809852,520,420,940,249,5,3,29.22,0.9982,0.5563,0.202585,12,6,82,271.92,0.9763,0.1130,0.008176,4.342
809860,520,452,972,228,37,86,14.04,0.9337,0.5334,0.184919,6,16,24,242.45,0.4351,0.0718,0.004752,4.291
809861,520,389,909,251,9,146,356.29,0.9927,0.5883,0.227835,18,37,44,223.74,0.4099,0.1482,0.016335,4.188
809864,520,429,949,231,42,103,8.94,0.9157,0.5471,0.196271,35,14,23,354.02,0.4474,0.0984,0.007333,4.295
809876,520,460,980,228,21,85,13.12,0.9696,0.5251,0.176891,0,15,14,190.08,1.0000,0.0604,0.003733,4.223
809907,520,419,939,196,46,234,318.13,0.9387,0.5554,0.196317,24,26,20,122.40,0.1542,0.1112,0.009835,4.117
809917,520,448,968,166,76,231,307.53,0.8540,0.5392,0.190460,26,13,16,4.60,0.3118,0.0810,0.005449,4.337
809927,520,335,855,252,98,46,37.94,0.9776,0.6375,0.296315,1,51,72,232.88,0.9671,0.2007,0.028418,4.416
809934,520,241,761,249,119,252,326.61,0.9866,0.7291,0.403640,70,67,33,104.12,0.5032,0.2824,0.054263,4.351
809953,520,370,890,227,27,253,322.32,0.9926,0.6102,0.242088,54,23,70,312.44,0.6554,0.1717,0.018393,4.271
809978,520,295,815,254,99,196,345.19,0.9882,0.6813,0.339831,6,66,62,187.80,0.9196,0.2448,0.042827,4.200
809983,520,377,897,245,65,135,2.05,0.9064,0.6031,0.249456,3,43,41,189.87,0.9073,0.1587,0.019071,4.335
809998,520,433,953,240,29,81,16.29,0.9680,0.5526,0.200014,2,24,38,238.58,0.8147,0.0982,0.008061,4.306
810027,520,472,992,150,61,254,298.72,0.9928,0.5199,0.169776,3,4,4,196.65,0.0904,0.0317,0.001150,4.297
810033,520,465,985,204,65,100,9.44,0.7637,0.5154,0.175402,4,10,9,185.19,0.3180,0.0499,0.002626,4.283
810034,520,355,875,234,54,235,327.88,0.9577,0.6240,0.261314,50,39,19,81.32,0.4696,0.1773,0.021762,4.338
810044,520,479,999,196,71,109,4.97,0.7054,0.5113,0.173482,1,0,3,302.89,1.0000,0.0124,0.000130,4.458
810045,520,413,933,245,10,142,356.44,0.9899,0.5749,0.215859,43,15,37,336.22,0.5635,0.1194,0.009889,4.439
810056,520,219,739,229,174,77,78.94,0.7776,0.7486,0.474676,22,85,0,139.85,1.0000,0.3013,0.066673,4.497
810059,520,417,937,205,13,254,316.75,0.9957,0.5707,0.204243,37,11,60,304.23,0.7689,0.1206,0.009589,4.267
810063,520,410,930,120,118,245,280.40,0.8737,0.5717,0.235420,34,31,14,99.50,0.4415,0.1343,0.013518,4.494
810075,520,470,990,210,58,113,3.38,0.8000,0.5229,0.179223,17,0,14,334.20,1.0000,0.0411,0.001509,4.450
810079,520,322,842,217,112,206,331.29,0.7367,0.6482,0.307980,43,52,16,121.64,0.6873,0.2062,0.030070,4.471
810083,520,329,849,253,6,248,329.44,0.9987,0.6461,0.277933,62,13,107,301.15,0.8868,0.2051,0.023736,4.447
810084,520,374,894,221,47,244,322.56,0.9636,0.6039,0.239389,77,0,9,23.03,1.0000,0.1620,0.015978,4.386
810090,520,323,843,247,72,223,334.15,0.9596,0.6534,0.297395,79,29,46,1.38,0.5839,0.2106,0.027385,4.489
810105,520,410,930,223,6,215,330.33,0.9949,0.5708,0.207269,46,22,8,49.48,0.6289,0.1280,0.011723,4.168
810116,520,379,899,238,53,184,342.92,0.9179,0.6006,0.241869,29,12,103,278.59,0.9473,0.1599,0.015034,4.488
810123,520,460,980,149,86,225,301.27,0.7995,0.5272,0.184817,27,4,0,41.01,1.0000,0.0606,0.003199,4.414
810139,520,319,839,178,150,165,344.66,0.2045,0.6547,0.339948,10,63,27,149.38,0.9600,0.2245,0.036985,4.483
810148,520,410,930,254,13,69,19.97,0.9949,0.5742,0.217922,53,6,38,343.89,0.7710,0.1255,0.010272,4.445
810150,520,442,962,225,59,76,20.33,0.8815,0.5432,0.196600,3,16,35,255.34,0.7289,0.0761,0.005113,4.474
810153,520,418,938,203,26,240,319.12,0.9784,0.5602,0.197282,25,26,37,280.44,0.2274,0.1193,0.010790,4.068
810155,520,427,947,169,77,246,305.23,0.9283,0.5565,0.203972,24,24,15,107.80,0.2508,0.1044,0.008820,4.318
810172,520,322,842,252,93,136,7.19,0.9490,0.6477,0.303050,9,57,39,163.18,0.9020,0.2068,0.031307,4.342
810175,520,464,984,218,40,106,5.50,0.8893,0.5206,0.174662,3,3,35,272.22,0.9335,0.0481,0.002058,4.316
810220,520,429,949,225,59,116,5.06,0.8411,0.5534,0.203991,39,12,5,37.22,0.6995,0.0963,0.007053,4.452
810228,520,424,944,215,69,146,351.87,0.7774,0.5567,0.207809,8,15,70,269.03,0.9232,0.1092,0.008354,4.418
810234,520,434,954,242,7,80,15.74,0.9943,0.5496,0.196118,10,21,50,265.76,0.6734,0.1036,0.008311,4.221
810241,520,477,997,178,57,198,321.60,0.8248,0.5096,0.164696,5,0,4,333.70,1.0000,0.0207,0.000410,4.259
810248,520,458,978,222,56,0,34.83,1.0000,0.5267,0.183607,13,6,25,299.10,0.5827,0.0563,0.002860,4.419
810262,520,400,920,229,32,192,338.00,0.9546,0.5755,0.214994,14,11,96,270.71,0.9715,0.1387,0.011772,4.290
810304,520,480,1000,191,22,207,323.89,0.9587,0.5130,0.161567,0,0,0,0.00,0.0000,0.0000,0.000000,4.231
810312,520,464,984,172,54,223,313.08,0.8870,0.5162,0.167376,2,3,42,268.53,0.9677,0.0539,0.002452,4.144
810313,520,396,916,223,86,108,13.72,0.7511,0.5796,0.234287,46,28,14,57.80,0.4906,0.1427,0.014431,4.412
810337,520,392,912,217,28,247,321.16,0.9833,0.5895,0.222996,23,30,66,272.31,0.5934,0.1472,0.015040,4.197
810338,520,364,884,244,63,160,352.68,0.9055,0.6088,0.253293,32,36,72,276.41,0.5180,0.1741,0.020367,4.310
810342,520,443,963,219,62,89,15.56,0.8366,0.5375,0.192291,31,2,41,316.23,0.8602,0.0829,0.004949,4.409
810347,520,425,945,230,21,160,347.75,0.9648,0.5560,0.199002,3,3,84,266.24,0.9939,0.1065,0.007245,4.350
810351,520,460,980,231,29,45,25.20,0.9741,0.5280,0.180602,14,2,42,289.96,0.9125,0.0622,0.003039,4.348
810354,520,341,861,254,13,213,337.90,0.9949,0.6273,0.261661,81,1,71,334.75,0.9565,0.1974,0.022262,4.313
810371,520,456,976,221,59,38,30.90,0.9298,0.5298,0.186427,0,15,1,144.88,1.0000,0.0564,0.003438,4.424
810374,520,460,980,189,35,227,318.07,0.9484,0.5315,0.175683,24,2,26,324.83,0.7850,0.0620,0.003122,4.248
810383,520,327,847,251,103,107,21.43,0.9457,0.6521,0.312745,37,56,15,130.58,0.8035,0.2133,0.032561,4.394
810405,520,410,930,198,59,233,318.53,0.9130,0.5685,0.210183,19,15,83,275.10,0.9136,0.1310,0.011046,4.262
810437,520,430,950,198,11,244,317.07,0.9928,0.5506,0.187783,24,10,60,288.73,0.8115,0.1031,0.007375,4.144
810451,520,350,870,226,69,238,324.88,0.9338,0.6255,0.266002,60,36,32,29.90,0.3405,0.1874,0.023268,4.313
810470,520,400,920,221,79,146,354.58,0.7610,0.5793,0.230418,15,36,27,164.25,0.5183,0.1361,0.014424,4.353
810474,520,364,884,206,91,220,323.20,0.8193,0.6087,0.257728,70,22,6,38.31,0.8458,0.1718,0.018893,4.467
810503,520,464,984,221,41,59,22.53,0.9362,0.5164,0.172765,2,10,8,179.92,0.5755,0.0477,0.002475,4.245
810505,520,454,974,212,72,0,39.64,1.0000,0.5257,0.186341,17,14,8,84.85,0.2452,0.0702,0.004508,4.336
810526,520,450,970,231,12,133,356.69,0.9805,0.5436,0.189482,0,13,43,259.05,1.0000,0.0733,0.004622,4.384
810529,520,366,886,221,61,234,324.69,0.9344,0.6075,0.246522,27,29,88,275.50,0.7695,0.1680,0.018163,4.350
810538,520,429,949,233,57,6,34.01,0.9931,0.5500,0.202661,21,0,74,282.47,1.0000,0.1016,0.006538,4.469
810586,520,262,782,230,123,249,321.41,0.9570,0.7070,0.378302,50,64,58,167.23,0.1794,0.2602,0.046503,4.438
810588,520,453,973,227,50,7,33.00,0.9914,0.5315,0.186303,28,6,24,334.94,0.6205,0.0744,0.004431,4.341
810593,520,386,906,246,69,59,28.03,0.9537,0.5916,0.241682,5,35,70,254.84,0.8387,0.1537,0.016764,4.369
810597,520,410,930,246,0,130,0.29,1.0000,0.5705,0.212080,33,29,6,99.69,0.6813,0.1262,0.012152,4.217
810612,520,384,904,243,3,188,342.10,0.9976,0.5910,0.227538,51,15,57,321.68,0.6950,0.1451,0.013409,4.377
810614,520,445,965,227,54,87,15.75,0.8863,0.5446,0.196602,29,13,9,34.96,0.4295,0.0832,0.005688,4.428
810618,520,398,918,178,87,243,308.02,0.8983,0.5795,0.227532,7,28,74,262.84,0.8729,0.1402,0.013700,4.357
810620,520,462,982,232,30,27,28.46,0.9779,0.5290,0.181666,26,0,1,24.21,1.0000,0.0504,0.002218,4.436
810628,520,428,948,226,14,193,336.88,0.9835,0.5641,0.203356,15,15,56,276.80,0.7665,0.0993,0.007287,4.423
810642,520,362,882,242,74,131,4.25,0.8746,0.6055,0.254166,80,2,47,352.79,0.9202,0.1822,0.019544,4.374
810649,520,425,945,232,64,44,30.50,0.9291,0.5574,0.210074,2,32,2,142.77,0.9870,0.1105,0.010503,4.299
810653,520,423,943,225,44,161,346.97,0.8947,0.5588,0.203847,48,7,11,19.42,0.7865,0.1068,0.008046,4.373
810656,520,386,906,245,21,174,346.73,0.9801,0.5917,0.230080,71,6,4,28.81,0.9495,0.1535,0.014788,4.323
810664,520,368,888,250,20,198,341.00,0.9879,0.6132,0.249048,68,20,28,13.51,0.6587,0.1690,0.018133,4.389
810674,520,418,938,177,83,229,311.29,0.8355,0.5622,0.211916,31,19,46,302.76,0.5161,0.1151,0.009543,4.399
810683,520,446,966,164,71,243,304.69,0.9178,0.5399,0.188706,37,4,17,359.41,0.7433,0.0829,0.005207,4.324
810729,520,379,899,236,23,215,333.42,0.9835,0.5984,0.233547,33,32,63,283.18,0.4701,0.1585,0.017152,4.222
810737,520,434,954,244,24,27,28.10,0.9874,0.5518,0.199690,26,20,19,29.10,0.1294,0.0976,0.007670,4.330
810746,520,464,984,220,33,120,359.97,0.9116,0.5248,0.176620,14,7,9,358.62,0.2420,0.0523,0.002651,4.304
810748,520,471,991,213,59,53,27.22,0.8888,0.5157,0.175335,11,5,8,345.13,0.2827,0.0442,0.001972,4.336
810749,520,332,852,248,99,115,16.82,0.9053,0.6431,0.301211,34,48,65,253.70,0.3236,0.2033,0.028356,4.482
810754,520,370,890,252,66,111,11.89,0.9696,0.6101,0.257431,52,30,47,335.43,0.3749,0.1677,0.018639,4.479
810780,520,446,966,218,53,141,353.06,0.8376,0.5438,0.193771,4,4,66,268.31,0.9830,0.0847,0.005060,4.427
810790,520,419,939,216,36,209,330.06,0.9462,0.5647,0.204663,38,17,17,20.51,0.4236,0.1068,0.008535,4.351
810791,520,250,770,246,119,240,329.22,0.9582,0.7183,0.390801,49,59,109,272.96,0.5257,0.2744,0.048849,4.459
810798,520,447,967,229,8,141,353.51,0.9861,0.5420,0.187576,34,7,10,15.95,0.6423,0.0806,0.005140,4.309
810807,520,470,990,193,80,111,5.73,0.6498,0.5196,0.182242,3,6,15,262.97,0.4657,0.0417,0.001841,4.480
810810,520,422,942,225,37,179,340.95,0.9280,0.5635,0.205879,4,32,5,143.83,0.9665,0.1121,0.010698,4.216
810811,520,436,956,230,11,151,350.47,0.9823,0.5490,0.192995,3,26,7,147.81,0.9459,0.0926,0.007735,4.209
810814,520,437,957,206,68,159,344.07,0.7670,0.5456,0.197612,33,8,37,321.95,0.6738,0.0928,0.006306,4.398
810815,520,415,935,212,47,217,326.80,0.9274,0.5701,0.210418,22,24,44,278.27,0.4008,0.1155,0.010057,4.336
810826,520,437,957,212,52,185,336.00,0.8662,0.5539,0.199579,10,17,49,270.09,0.7152,0.0937,0.006871,4.388
810867,520,326,846,253,83,180,349.27,0.9760,0.6534,0.303677,68,40,42,15.13,0.3376,0.2121,0.029138,4.469
810898,520,326,846,249,61,224,334.27,0.9711,0.6478,0.288620,92,3,48,358.17,0.9212,0.2099,0.025542,4.483
810899,520,470,990,199,71,126,357.11,0.7139,0.5227,0.181568,4,9,0,128.45,1.0000,0.0445,0.002212,4.435
810934,520,212,732,236,164,178,6.44,0.6153,0.7577,0.475999,52,82,39,136.94,0.6594,0.3117,0.069110,4.416
810984,520,467,987,225,32,73,17.54,0.9499,0.5214,0.175245,0,2,34,264.06,0.9807,0.0418,0.001589,4.366
810989,520,460,980,228,37,53,24.02,0.9565,0.5273,0.180771,22,8,4,41.72,0.5144,0.0625,0.003530,4.311
811003,520,175,695,244,172,232,332.56,0.8952,0.8035,0.545660,3,96,52,154.50,0.9933,0.3416,0.086326,4.369
811028,520,387,907,246,34,153,353.78,0.9565,0.5894,0.230401,27,34,55,269.31,0.3775,0.1527,0.016529,4.215
811031,520,420,940,251,0,31,26.72,1.0000,0.5608,0.206119,43,3,51,320.35,0.8537,0.1119,0.008178,4.402
811051,520,356,876,216,95,199,333.24,0.7699,0.6173,0.269088,24,47,24,144.07,0.6336,0.1762,0.022931,4.375
811066,520,464,984,222,37,90,11.85,0.9195,0.5221,0.175936,4,2,36,275.23,0.9478,0.0477,0.001966,4.348
811071,520,407,927,191,75,221,318.70,0.8407,0.5663,0.213302,65,0,11,19.12,1.0000,0.1343,0.011482,4.283
811078,520,401,921,248,36,111,8.17,0.9569,0.5798,0.223694,13,39,2,137.40,0.9802,0.1394,0.015409,4.184
811079,520,462,982,222,33,121,360.00,0.9156,0.5292,0.180004,7,5,28,282.82,0.7064,0.0508,0.002375,4.391
811084,520,444,964,225,35,141,353.48,0.9148,0.5441,0.191354,6,18,34,255.27,0.5758,0.0824,0.005868,4.320
811094,520,396,916,238,70,93,17.50,0.8817,0.5833,0.233508,17,30,66,266.37,0.6590,0.1430,0.014410,4.402
811128,520,284,804,239,138,61,54.49,0.8633,0.6852,0.368671,44,65,16,129.65,0.8395,0.2479,0.043534,4.476
811154,520,412,932,246,11,133,359.54,0.9892,0.5737,0.215290,16,29,39,242.49,0.3675,0.1210,0.011353,4.324
811158,520,330,850,254,28,221,335.97,0.9952,0.6361,0.271251,49,7,127,286.19,0.9696,0.2067,0.023372,4.378
811174,520,473,993,128,84,249,289.52,0.9462,0.5204,0.177692,9,0,2,1.93,1.0000,0.0253,0.000625,4.498
811176,520,460,980,228,48,0,33.14,1.0000,0.5316,0.186108,4,16,5,146.35,0.7519,0.0635,0.004073,4.366
811177,520,445,965,226,45,100,9.61,0.8973,0.5384,0.189684,37,5,9,16.09,0.7459,0.0822,0.005216,4.341
811179,520,411,931,252,20,68,20.37,0.9883,0.5718,0.216168,57,1,28,357.54,0.9282,0.1227,0.009756,4.454
811188,520,397,917,252,38,30,28.89,0.9889,0.5756,0.221791,15,12,95,271.26,0.9659,0.1392,0.011906,4.390
811191,520,376,896,240,55,161,350.94,0.9017,0.5950,0.238339,24,36,63,264.85,0.4873,0.1610,0.018148,4.231
811198,520,361,881,224,106,123,12.98,0.6917,0.6160,0.275877,24,47,34,157.99,0.4824,0.1790,0.023426,4.438
811211,520,451,971,235,35,26,29.08,0.9741,0.5381,0.189420,20,14,8,67.03,0.2842,0.0735,0.004803,4.369
811240,520,391,911,245,18,169,348.17,0.9830,0.5884,0.227129,24,24,87,275.43,0.8341,0.1547,0.015355,4.240
811270,520,302,822,244,122,110,27.26,0.8561,0.6714,0.342808,28,64,11,137.64,0.9523,0.2331,0.039377,4.395
811278,520,248,768,201,169,150,52.47,0.2821,0.7187,0.429963,9,79,12,143.18,0.9885,0.2779,0.056763,4.496
811283,520,460,980,217,22,148,348.74,0.9433,0.5253,0.174661,9,6,30,284.91,0.6804,0.0561,0.002821,4.253
811292,520,420,940,232,59,98,13.08,0.8763,0.5617,0.211685,35,13,45,313.93,0.6351,0.1088,0.008347,4.485
811307,520,282,802,252,93,236,331.99,0.9858,0.6908,0.345831,31,66,47,158.21,0.5834,0.2487,0.043928,4.214
811311,520,477,997,199,31,183,332.87,0.9120,0.5149,0.165428,0,0,16,264.05,1.0000,0.0204,0.000374,4.277
811345,520,437,957,206,70,155,345.84,0.7555,0.5461,0.198707,1,21,34,237.79,0.8722,0.0869,0.006582,4.395
811362,520,409,929,101,125,236,271.59,0.8266,0.5656,0.234893,1,33,52,239.28,0.9287,0.1327,0.013420,4.492
811383,520,405,925,220,3,232,325.48,0.9981,0.5768,0.211091,7,4,98,267.61,0.9932,0.1299,0.010138,4.342
811384,520,380,900,245,78,18,36.83,0.9819,0.5966,0.249082,43,28,59,304.99,0.4859,0.1579,0.016599,4.491
811387,520,382,902,250,64,96,16.48,0.9589,0.6008,0.248388,44,34,16,81.10,0.4661,0.1554,0.017170,4.442
811389,520,409,929,238,54,115,6.95,0.8959,0.5736,0.220564,24,32,34,214.61,0.1555,0.1333,0.013427,4.266
811390,520,407,927,244,10,138,357.53,0.9895,0.5713,0.212885,19,28,49,265.56,0.4487,0.1265,0.011907,4.246
811410,520,355,875,235,87,161,352.67,0.8128,0.6195,0.270544,10,51,12,143.81,0.9623,0.1804,0.024586,4.298
811411,520,434,954,232,31,113,4.63,0.9424,0.5455,0.193310,36,1,59,306.81,0.9609,0.1049,0.007126,4.259
811412,520,464,984,225,18,103,6.28,0.9673,0.5226,0.174223,8,7,9,308.76,0.0999,0.0466,0.002233,4.293
811421,520,320,840,250,66,226,334.02,0.9758,0.6548,0.297144,54,49,18,100.26,0.6042,0.2098,0.030246,4.326
811430,520,388,908,201,81,222,321.40,0.8422,0.5894,0.235778,9,43,19,149.81,0.9083,0.1539,0.018328,4.182
811436,520,434,954,235,50,62,23.68,0.9363,0.5524,0.202943,19,19,46,280.66,0.5434,0.1024,0.008014,4.360
811450,520,389,909,217,33,242,322.22,0.9762,0.5879,0.222522,4,41,45,205.60,0.8479,0.1546,0.018011,4.007
811451,520,415,935,232,72,54,30.01,0.9030,0.5675,0.220598,6,26,56,258.22,0.7706,0.1187,0.010630,4.463
811458,520,430,950,243,3,93,11.79,0.9972,0.5538,0.199135,23,3,71,284.94,0.9587,0.1042,0.007022,4.369
811512,520,288,808,254,65,252,328.54,0.9967,0.6763,0.318827,63,53,41,71.91,0.2212,0.2371,0.037631,4.209
811514,520,211,731,201,176,210,317.10,0.3574,0.7550,0.481217,31,87,16,140.00,0.9703,0.3127,0.071449,4.374
811515,520,341,861,244,103,23,43.84,0.9709,0.6294,0.289986,62,41,26,56.09,0.4147,0.2008,0.026847,4.424
811516,520,476,996,202,25,176,335.81,0.9290,0.5130,0.163883,2,1,2,326.51,0.3040,0.0189,0.000390,4.245
811533,520,284,804,239,133,135,19.54,0.7481,0.6892,0.368775,16,72,0,140.11,1.0000,0.2544,0.047447,4.297
811535,520,411,931,222,41,189,337.25,0.9216,0.5660,0.207920,5,22,64,263.46,0.8838,0.1156,0.009762,4.316
811539,520,441,961,202,56,185,333.20,0.8342,0.5401,0.188895,22,6,59,288.44,0.8740,0.0941,0.006166,4.253
811545,520,319,839,165,154,159,348.13,0.0786,0.6481,0.336139,7,63,28,150.58,0.9707,0.2239,0.036839,4.447
811562,520,459,979,196,84,99,14.39,0.6508,0.5273,0.189790,13,13,10,107.09,0.1071,0.0646,0.003953,4.444
811592,520,446,966,159,93,212,307.44,0.7232,0.5415,0.199536,12,16,37,273.25,0.5227,0.0837,0.005823,4.470
811598,520,445,965,229,52,25,31.55,0.9669,0.5381,0.191871,6,10,52,270.37,0.8977,0.0803,0.005037,4.395
811611,520,466,986,161,63,234,306.24,0.8896,0.5189,0.170732,1,1,42,266.77,0.9917,0.0485,0.001953,4.249
811655,520,314,834,230,119,150,3.60,0.6896,0.6555,0.322209,16,55,79,239.81,0.7011,0.2221,0.034069,4.427
811661,520,293,813,249,127,35,51.21,0.9561,0.6781,0.354428,25,65,50,166.08,0.6528,0.2432,0.042174,4.388
811672,520,434,954,200,62,202,327.34,0.8444,0.5531,0.199905,35,13,35,327.29,0.5504,0.1024,0.007666,4.334
811685,520,417,937,254,5,39,25.82,0.9981,0.5689,0.213297,50,9,22,5.25,0.7096,0.1165,0.009315,4.439
811691,520,191,711,254,151,239,332.46,0.9938,0.7803,0.494383,34,86,56,155.54,0.7466,0.3178,0.072809,4.433
811694,520,424,944,243,40,54,24.73,0.9652,0.5604,0.208420,13,13,67,273.75,0.8951,0.1055,0.007786,4.472
811706,520,478,998,182,47,200,322.65,0.8664,0.5081,0.161495,5,1,2,359.77,0.5178,0.0235,0.000584,4.181
811715,520,396,916,176,88,241,307.66,0.8831,0.5768,0.225611,28,22,70,283.47,0.7041,0.1373,0.012629,4.401
811717,520,403,923,204,37,251,316.75,0.9818,0.5758,0.211271,48,9,59,317.68,0.7803,0.1341,0.011396,4.256
811723,520,447,967,196,55,201,326.53,0.8578,0.5391,0.186868,20,11,41,293.57,0.6427,0.0837,0.005482,4.269
811761,520,424,944,244,20,107,8.00,0.9788,0.5637,0.207983,14,4,84,273.14,0.9834,0.1143,0.008202,4.433
811769,520,438,958,226,18,170,343.65,0.9701,0.5523,0.195063,20,20,25,285.43,0.1250,0.0934,0.007192,4.285
811770,520,376,896,201,85,235,317.76,0.8811,0.6031,0.249140,3,28,94,263.32,0.9638,0.1596,0.016579,4.493
811774,520,366,886,216,77,233,323.17,0.9012,0.6147,0.257917,1,44,58,225.44,0.9604,0.1701,0.021132,4.329
811775,520,362,882,247,36,191,342.48,0.9664,0.6101,0.248007,11,19,122,267.18,0.9764,0.1825,0.019419,4.293
811802,520,320,840,253,98,100,22.68,0.9753,0.6470,0.305415,38,53,21,129.90,0.6310,0.2055,0.030124,4.436
811811,520,449,969,202,66,162,341.61,0.7683,0.5378,0.190635,16,14,24,293.26,0.2771,0.0750,0.004902,4.383
811830,520,322,842,201,123,224,318.22,0.7366,0.6548,0.319663,33,56,27,139.36,0.6282,0.2123,0.032307,4.491
811843,520,472,992,198,64,144,347.65,0.7500,0.5198,0.176880,0,1,24,264.12,0.9833,0.0303,0.000876,4.459
811845,520,430,950,177,85,204,317.96,0.7390,0.5478,0.202047,41,6,28,345.74,0.7129,0.0979,0.006856,4.433
811846,520,365,885,210,98,188,335.49,0.7115,0.6069,0.260696,11,45,37,174.61,0.7298,0.1667,0.020814,4.387
811850,520,421,941,175,94,201,317.38,0.6892,0.5571,0.213373,20,27,1,122.31,0.9395,0.1060,0.009348,4.438
811879,520,460,980,218,64,19,35.24,0.9657,0.5281,0.186218,17,5,26,309.07,0.6418,0.0591,0.003023,4.455
811891,520,438,958,223,46,144,352.58,0.8753,0.5488,0.196582,6,16,47,266.04,0.7805,0.0873,0.006145,4.392
811906,520,447,967,227,38,111,5.00,0.9141,0.5388,0.188676,21,13,24,316.59,0.3292,0.0781,0.005132,4.329
811912,520,391,911,190,86,232,314.83,0.8537,0.5866,0.234300,39,24,63,298.87,0.5898,0.1475,0.014435,4.412
811916,520,355,875,240,84,157,355.02,0.8475,0.6228,0.273031,18,51,7,139.07,0.9607,0.1832,0.025115,4.300
811928,520,345,865,244,76,179,347.05,0.9036,0.6298,0.276596,1,55,28,154.99,0.9932,0.1944,0.028225,4.175
811933,520,402,922,255,23,84,16.52,1.0000,0.5819,0.225167,37,27,15,71.00,0.3765,0.1277,0.012117,4.430
811937,520,455,975,199,8,214,324.42,0.9894,0.5280,0.171725,14,11,9,56.23,0.1181,0.0608,0.003524,4.143
811954,520,446,966,187,50,231,316.06,0.9203,0.5420,0.186167,4,9,59,267.96,0.9477,0.0846,0.005369,4.265
811976,520,430,950,172,88,207,314.84,0.7313,0.5473,0.202559,21,25,7,119.61,0.5727,0.1024,0.008700,4.303
811995,520,459,979,215,65,56,27.80,0.8740,0.5269,0.185156,31,0,3,18.69,1.0000,0.0601,0.002979,4.439
812012,520,330,850,242,81,199,340.19,0.9072,0.6414,0.288884,86,20,52,354.96,0.7239,0.2138,0.027270,4.386
812024,520,478,998,178,77,160,334.90,0.6638,0.5112,0.173120,7,0,1,9.43,1.0000,0.0219,0.000474,4.421
812028,520,308,828,237,127,117,26.43,0.7676,0.6709,0.344701,31,64,1,134.43,0.9948,0.2339,0.039602,4.405
812031,520,368,888,243,89,46,35.94,0.9299,0.6088,0.263999,29,44,37,164.27,0.2813,0.1742,0.021961,4.363
812035,520,328,848,253,84,163,355.45,0.9710,0.6476,0.298709,46,39,93,285.59,0.6084,0.2115,0.028222,4.458
812044,520,444,964,168,73,239,306.73,0.8954,0.5445,0.193226,9,20,17,175.22,0.3421,0.0814,0.005988,4.344
812056,520,454,974,170,60,231,310.17,0.8880,0.5258,0.175481,24,8,16,349.63,0.4480,0.0689,0.004053,4.171
812060,520,448,968,201,9,219,323.71,0.9897,0.5355,0.177291,5,22,18,176.66,0.6027,0.0848,0.006497,4.023
812075,520,453,973,196,70,159,341.21,0.7352,0.5308,0.186210,34,1,13,0.70,0.8677,0.0706,0.003909,4.382
812090,520,362,882,242,56,176,346.48,0.9138,0.6063,0.248432,68,19,58,336.72,0.6804,0.1809,0.020003,4.263
812105,520,477,997,204,68,11,38.37,0.9716,0.5055,0.169979,2,1,3,309.84,0.4147,0.0195,0.000412,4.364
812119,520,400,920,230,31,204,334.90,0.9647,0.5839,0.221652,14,31,56,257.98,0.5892,0.1361,0.013588,4.272
812125,520,473,993,224,48,32,29.92,0.9521,0.5250,0.180683,4,5,0,116.44,1.0000,0.0341,0.001344,4.493
812134,520,39,559,254,233,252,328.82,0.9842,0.9491,0.863775,27,120,133,209.14,0.8346,0.4523,0.153587,4.488
812138,520,410,930,194,71,222,319.60,0.8576,0.5668,0.212511,38,24,42,318.57,0.3739,0.1322,0.012325,4.212
812143,520,405,925,238,36,174,345.51,0.9477,0.5847,0.224978,31,20,61,291.82,0.6478,0.1285,0.011285,4.487
812148,520,462,982,210,15,190,333.75,0.9730,0.5329,0.177631,23,1,7,2.05,0.8140,0.0498,0.002192,4.361
812163,520,425,945,240,16,138,356.90,0.9800,0.5647,0.207340,37,19,19,19.86,0.3543,0.1100,0.009061,4.357
812169,520,480,1000,200,74,55,31.13,0.8112,0.5101,0.174548,0,0,0,0.00,0.0000,0.0000,0.000000,4.491
812189,520,469,989,208,1,175,337.58,0.9975,0.5166,0.165289,1,8,15,237.62,0.7118,0.0447,0.002146,4.129
812216,520,423,943,249,9,12,28.82,0.9967,0.5574,0.203653,44,11,28,351.30,0.6231,0.1104,0.008587,4.329
812218,520,477,997,144,91,202,303.62,0.6830,0.5123,0.176760,5,0,5,328.36,1.0000,0.0213,0.000432,4.496
812232,520,472,992,202,5,198,329.43,0.9909,0.5212,0.167442,5,0,19,295.44,1.0000,0.0296,0.000793,4.281
812246,520,421,941,196,87,163,340.70,0.6650,0.5563,0.211981,15,22,56,271.08,0.6647,0.1140,0.009609,4.395
812249,520,468,988,231,14,20,28.22,0.9922,0.5201,0.173566,1,2,30,267.83,0.9634,0.0393,0.001436,4.346
812252,520,425,945,214,77,142,354.35,0.7423,0.5630,0.215591,38,20,17,30.04,0.3694,0.1131,0.009529,4.462
812255,520,428,948,184,55,248,311.10,0.9604,0.5554,0.197011,7,26,17,161.32,0.6356,0.0975,0.008244,4.241
812266,520,468,988,214,18,161,343.60,0.9558,0.5245,0.173043,2,0,37,270.62,1.0000,0.0419,0.001465,4.334
812275,520,389,909,235,83,62,30.74,0.8913,0.5879,0.241994,26,38,25,142.74,0.3542,0.1495,0.016760,4.374
812286,520,439,959,244,8,43,24.91,0.9959,0.5484,0.195847,36,9,9,22.66,0.6291,0.0872,0.005902,4.398
812287,520,474,994,206,71,48,32.09,0.8583,0.5162,0.178439,10,0,14,319.57,1.0000,0.0324,0.000962,4.482
812294,520,475,995,224,46,16,31.74,0.9799,0.5223,0.178415,3,1,23,280.18,0.9235,0.0332,0.001029,4.476
812317,520,349,869,252,53,191,343.99,0.9777,0.6294,0.270065,46,41,60,296.29,0.2729,0.1929,0.024930,4.272
812322,520,392,912,237,32,195,339.04,0.9645,0.5919,0.229805,55,2,76,313.01,0.9465,0.1532,0.013775,4.387
812334,520,269,789,247,132,152,10.05,0.8208,0.7041,0.385463,21,71,42,154.39,0.8614,0.2589,0.048329,4.429
812344,520,413,933,217,16,224,326.59,0.9869,0.5686,0.205062,51,5,41,338.42,0.7860,0.1221,0.009726,4.271
812385,520,467,987,125,88,240,289.06,0.8793,0.5158,0.176305,2,8,3,149.76,0.6634,0.0412,0.001931,4.358
812420,520,390,910,249,26,143,357.28,0.9723,0.5879,0.228651,2,43,27,162.11,0.9682,0.1531,0.018197,4.086
812442,520,381,901,240,3,212,335.06,0.9982,0.5992,0.233467,67,14,24,13.94,0.7465,0.1575,0.015735,4.312
812460,520,433,953,197,16,241,317.41,0.9881,0.5478,0.185933,8,13,64,270.09,0.9144,0.0992,0.007096,4.132
812462,520,243,763,243,134,219,335.89,0.8968,0.7273,0.412216,72,67,10,104.14,0.8640,0.2818,0.054140,4.438
812486,520,433,953,181,86,189,324.44,0.6955,0.5457,0.201546,38,9,41,323.85,0.6877,0.1046,0.007676,4.361
812496,520,182,702,247,183,4,83.00,0.9965,0.7867,0.536520,2,95,4,142.73,0.9984,0.3317,0.082057,4.441
812499,520,434,954,241,21,63,20.92,0.9838,0.5481,0.195994,25,18,43,294.63,0.5018,0.1041,0.008137,4.231
812508,520,437,957,227,21,155,348.69,0.9604,0.5478,0.192365,29,13,18,0.15,0.3712,0.0858,0.005928,4.334
812512,520,444,964,218,3,189,336.02,0.9953,0.5444,0.186470,4,11,50,267.47,0.9019,0.0787,0.004954,4.303
812535,520,405,925,230,2,212,332.76,0.9985,0.5808,0.216225,3,15,86,265.47,0.9681,0.1257,0.010328,4.413
812570,520,441,961,199,90,83,25.85,0.6680,0.5382,0.200808,45,1,15,6.36,0.9202,0.0928,0.006142,4.467
812601,520,426,946,220,23,206,331.90,0.9719,0.5639,0.202870,44,6,32,342.99,0.7332,0.1053,0.007701,4.382
812604,520,298,818,253,62,254,327.87,0.9970,0.6736,0.314866,76,38,72,331.11,0.5048,0.2342,0.033908,4.348
812643,520,461,981,216,31,157,345.69,0.9155,0.5318,0.180156,3,11,4,148.20,0.6467,0.0497,0.002675,4.369
812649,520,471,991,158,74,228,305.51,0.8446,0.5234,0.177686,2,5,24,267.41,0.7919,0.0433,0.001874,4.389
812651,520,465,985,191,35,209,323.19,0.9267,0.5210,0.168834,19,4,3,28.34,0.6042,0.0496,0.002319,4.183
812666,520,367,887,162,119,237,298.41,0.7818,0.6088,0.269896,14,48,7,140.47,0.9618,0.1710,0.022225,4.429
812670,520,397,917,220,78,145,354.63,0.7605,0.5759,0.227111,51,18,44,336.27,0.5830,0.1414,0.013184,4.386
812689,520,267,787,243,139,138,21.12,0.7823,0.7068,0.393574,4,74,43,157.07,0.9822,0.2647,0.050976,4.393
812704,520,466,986,162,84,196,314.41,0.7015,0.5199,0.180083,24,0,3,14.36,1.0000,0.0477,0.002008,4.424
812708,520,315,835,220,118,196,336.66,0.7038,0.6575,0.321598,57,51,38,86.09,0.2235,0.2234,0.033775,4.436
812719,520,324,844,254,66,212,338.75,0.9936,0.6538,0.297239,4,42,110,261.07,0.9601,0.2091,0.028073,4.448
812731,520,429,949,226,56,95,12.99,0.8694,0.5465,0.198261,27,11,53,296.21,0.7395,0.1014,0.007294,4.333
812760,520,387,907,250,44,121,5.74,0.9589,0.5915,0.235093,43,25,50,316.06,0.4553,0.1458,0.014392,4.427
812764,520,385,905,250,10,163,350.89,0.9922,0.5936,0.231889,3,31,82,260.69,0.9441,0.1536,0.016084,4.266
812766,520,451,971,236,24,85,14.28,0.9712,0.5430,0.191452,10,2,55,277.59,0.9716,0.0723,0.003838,4.485
812775,520,443,963,206,66,143,350.49,0.7617,0.5359,0.190034,36,3,2,28.71,0.9048,0.0750,0.004446,4.409
812778,520,453,973,236,3,63,19.80,0.9976,0.5328,0.182601,16,7,33,296.21,0.6579,0.0666,0.003719,4.330
812783,520,430,950,233,48,94,13.10,0.9106,0.5531,0.202487,21,15,54,284.92,0.7003,0.1026,0.007674,4.378
812784,520,398,918,248,53,53,26.71,0.9681,0.5799,0.227632,56,21,8,40.30,0.7235,0.1435,0.013947,4.342
812789,520,456,976,135,92,239,292.29,0.8583,0.5322,0.190371,0,14,15,199.68,1.0000,0.0581,0.003485,4.494
812801,520,449,969,199,40,207,325.95,0.9166,0.5363,0.181664,8,17,11,155.05,0.3654,0.0708,0.004767,4.230
812804,520,331,851,214,90,246,318.80,0.9426,0.6358,0.282639,37,52,19,129.56,0.6630,0.2012,0.028963,4.213
812847,520,268,788,250,102,232,332.67,0.9737,0.6965,0.356556,102,31,54,4.10,0.6782,0.2607,0.040715,4.482
812867,520,431,951,150,101,215,301.37,0.7056,0.5466,0.206979,7,26,18,164.14,0.6202,0.0978,0.008276,4.410
812873,520,386,906,229,59,180,342.22,0.8784,0.5873,0.230838,62,16,23,14.92,0.6885,0.1498,0.014567,4.350
812888,520,280,800,217,137,204,332.86,0.6448,0.6908,0.370041,9,72,23,146.27,0.9804,0.2548,0.047545,4.306
812908,520,397,917,242,17,166,348.43,0.9821,0.5809,0.220345,69,1,12,19.83,0.9820,0.1449,0.013137,4.282
812917,520,407,927,237,60,63,25.13,0.9213,0.5655,0.215982,38,12,67,300.45,0.7904,0.1296,0.010803,4.375
812931,520,410,930,253,8,55,22.95,0.9964,0.5690,0.213359,48,18,17,23.67,0.5495,0.1253,0.011016,4.316
812951,520,478,998,220,37,54,23.37,0.9475,0.5108,0.168078,4,0,12,302.69,1.0000,0.0238,0.000524,4.316
812957,520,424,944,222,38,183,339.01,0.9238,0.5608,0.203371,21,4,79,279.88,0.9671,0.1133,0.008107,4.360
812967,520,457,977,208,38,167,340.48,0.8833,0.5261,0.175882,23,4,24,325.83,0.6768,0.0635,0.003350,4.234
812969,520,395,915,241,13,188,341.73,0.9893,0.5891,0.226225,11,26,80,266.64,0.8767,0.1434,0.013890,4.323
812978,520,418,938,233,4,164,346.93,0.9944,0.5596,0.200937,20,9,81,277.53,0.9398,0.1213,0.009381,4.226
812987,520,431,951,216,46,168,342.45,0.8733,0.5470,0.193824,16,5,73,277.04,0.9606,0.1030,0.006997,4.278
812988,520,319,839,200,131,183,336.15,0.5051,0.6480,0.319320,54,52,30,103.76,0.3806,0.2206,0.033340,4.431
812996,520,426,946,145,96,247,294.15,0.9063,0.5563,0.211009,35,13,41,318.63,0.6014,0.1061,0.008053,4.496
813007,520,461,981,231,2,86,12.42,0.9975,0.5265,0.177073,20,6,1,51.78,0.7552,0.0547,0.002812,4.300
813016,520,27,547,253,243,246,356.99,0.6795,0.9683,0.916380,48,131,12,139.11,0.9904,0.4645,0.168869,4.415
813034,520,305,825,253,60,246,329.74,0.9929,0.6671,0.307712,55,50,60,307.83,0.1405,0.2266,0.034197,4.249
813040,520,479,999,226,12,47,23.42,0.9903,0.5111,0.166399,1,0,0,29.23,1.0000,0.0090,0.000065,4.322
813043,520,378,898,204,92,201,328.54,0.7527,0.5959,0.247103,31,27,80,281.18,0.7056,0.1596,0.016543,4.465
813077,520,353,873,250,89,67,30.68,0.9647,0.6239,0.278774,2,47,62,226.22,0.9316,0.1823,0.023936,4.447
813080,520,401,921,237,80,8,38.73,0.9900,0.5837,0.237624,30,36,8,120.09,0.7053,0.1435,0.015553,4.388
813084,520,395,915,253,3,137,359.37,0.9977,0.5878,0.227576,53,19,18,23.80,0.5859,0.1363,0.012664,4.430
813087,520,336,856,255,3,228,334.43,1.0000,0.6363,0.269299,87,14,31,13.23,0.8195,0.2019,0.024396,4.292
813092,520,416,936,242,31,131,0.16,0.9552,0.5717,0.214992,4,33,4,143.00,0.9715,0.1153,0.011222,4.328
813103,520,349,869,251,43,214,337.19,0.9791,0.6335,0.270952,39,41,68,279.66,0.3782,0.1904,0.024345,4.317
813121,520,418,938,226,64,125,2.31,0.8255,0.5633,0.213189,26,30,14,120.26,0.4239,0.1229,0.011799,4.259
813154,520,450,970,213,43,165,342.60,0.8740,0.5377,0.185927,10,14,27,270.15,0.3908,0.0715,0.004577,4.323
813156,520,401,921,251,12,107,8.73,0.9909,0.5759,0.218373,26,35,13,127.48,0.5700,0.1375,0.014507,4.160
813166,520,480,1000,213,45,81,15.00,0.8843,0.5075,0.166194,0,0,0,0.00,0.0000,0.0000,0.000000,4.324
813170,520,442,962,154,77,245,300.26,0.9204,0.5364,0.187707,20,16,22,314.46,0.1794,0.0826,0.005772,4.262
813184,520,442,962,183,94,142,348.08,0.5510,0.5378,0.200270,29,13,10,31.39,0.4122,0.0834,0.005710,4.492
813185,520,447,967,199,58,187,331.68,0.8259,0.5381,0.187578,8,2,64,272.85,0.9861,0.0816,0.004652,4.347
813189,520,397,917,255,38,22,29.76,1.0000,0.5814,0.227080,15,37,35,187.83,0.4760,0.1423,0.015460,4.233
813191,520,475,995,154,73,233,303.08,0.8666,0.5209,0.175187,8,1,10,321.60,0.7188,0.0311,0.000953,4.420
813192,520,381,901,208,95,191,333.55,0.7249,0.6009,0.253576,28,36,55,266.34,0.3473,0.1589,0.017844,4.475
813212,520,449,969,204,14,210,326.75,0.9811,0.5353,0.178064,8,18,3,134.05,0.7865,0.0714,0.004908,4.154
813223,520,421,941,224,31,189,337.64,0.9490,0.5641,0.205039,19,6,76,278.62,0.9509,0.1105,0.007905,4.404
813235,520,439,959,219,19,187,336.90,0.9692,0.5489,0.191160,32,1,53,306.87,0.9528,0.0932,0.005859,4.317
813251,520,464,984,222,0,119,359.48,1.0000,0.5172,0.168642,2,4,34,268.88,0.9270,0.0486,0.002152,4.192
813262,520,396,916,242,65,18,34.20,0.9820,0.5763,0.227048,43,21,47,321.28,0.5089,0.1359,0.012552,4.429
813275,520,428,948,203,29,232,320.92,0.9697,0.5553,0.194031,9,15,58,270.51,0.8554,0.0972,0.007052,4.277
813279,520,454,974,151,79,238,300.31,0.8772,0.5296,0.183446,29,0,36,319.75,1.0000,0.0725,0.003886,4.332
813285,520,364,884,246,25,207,337.77,0.9837,0.6124,0.247962,32,41,49,245.42,0.1969,0.1730,0.021147,4.188
813296,520,379,899,216,74,211,329.30,0.8605,0.5975,0.242016,6,43,38,182.13,0.8303,0.1587,0.019063,4.228
813332,520,451,971,221,39,133,355.73,0.8919,0.5355,0.185192,33,3,1,31.97,0.9276,0.0692,0.003907,4.363
813352,520,468,988,176,62,211,317.05,0.8375,0.5213,0.173795,8,1,29,290.82,0.9150,0.0431,0.001620,4.335
813365,520,389,909,217,0,254,319.87,1.0000,0.5879,0.219094,69,3,16,17.36,0.9388,0.1478,0.013680,4.226
813366,520,402,922,195,89,198,326.46,0.7350,0.5763,0.228255,17,29,49,260.18,0.4696,0.1277,0.012196,4.474
813371,520,384,904,217,78,195,334.61,0.8174,0.5945,0.241427,12,40,23,154.33,0.7544,0.1462,0.016575,4.377
813375,520,334,854,248,81,178,348.69,0.9277,0.6417,0.290587,0,50,74,236.53,1.0000,0.1986,0.027755,4.380
813380,520,438,958,243,6,55,22.34,0.9964,0.5473,0.194642,22,17,21,332.88,0.1478,0.0866,0.006256,4.349
813381,520,427,947,194,39,251,313.96,0.9805,0.5613,0.198867,25,4,61,291.75,0.9087,0.0966,0.006304,4.420
813400,520,478,998,172,45,220,314.25,0.9059,0.5058,0.158157,1,0,19,273.06,1.0000,0.0243,0.000535,4.119
813434,520,432,952,197,75,172,336.58,0.7362,0.5456,0.198827,29,20,27,334.25,0.2263,0.1042,0.008407,4.260
813447,520,459,979,191,87,104,11.98,0.6096,0.5251,0.188939,25,5,15,350.25,0.5880,0.0641,0.003497,4.466
813450,520,431,951,231,16,149,351.43,0.9740,0.5513,0.195323,42,11,20,4.87,0.6024,0.1038,0.007822,4.243
813458,520,399,919,241,18,165,348.54,0.9800,0.5788,0.218531,10,34,50,240.93,0.6236,0.1385,0.014388,4.171
813476,520,455,975,205,44,182,334.92,0.8748,0.5334,0.181598,19,8,14,345.97,0.3480,0.0617,0.003438,4.334
813493,520,435,955,224,3,187,338.04,0.9959,0.5545,0.195028,29,14,13,24.01,0.3559,0.0862,0.006044,4.372
813497,520,369,889,229,43,232,327.46,0.9648,0.6063,0.242143,10,26,100,266.60,0.9367,0.1652,0.017233,4.345
813498,520,473,993,225,28,74,16.86,0.9578,0.5194,0.173353,1,3,6,247.55,0.4781,0.0270,0.000847,4.393
813502,520,471,991,156,84,207,308.70,0.7346,0.5194,0.179141,14,3,5,5.55,0.5079,0.0414,0.001695,4.433
813506,520,442,962,225,60,49,28.59,0.9143,0.5400,0.194638,37,4,5,23.02,0.8272,0.0795,0.004912,4.455
813510,520,461,981,215,28,165,342.73,0.9284,0.5326,0.179965,12,2,35,292.11,0.8781,0.0541,0.002429,4.386
813529,520,462,982,212,7,188,334.81,0.9875,0.5334,0.177820,3,10,3,144.00,0.6720,0.0470,0.002430,4.345
813533,520,253,773,228,136,233,325.20,0.8415,0.7173,0.399871,8,71,73,198.28,0.8946,0.2665,0.050389,4.481
813537,520,460,980,213,67,62,26.39,0.8520,0.5263,0.185106,17,7,23,311.93,0.5098,0.0614,0.003330,4.409
813548,520,433,953,230,56,55,26.35,0.9237,0.5467,0.199301,10,11,67,271.95,0.9273,0.1004,0.007091,4.367
813552,520,373,893,249,24,163,350.93,0.9772,0.5953,0.234407,58,10,64,323.01,0.7846,0.1562,0.014869,4.384
813581,520,364,884,249,47,165,351.10,0.9514,0.6077,0.248927,22,44,48,210.45,0.4011,0.1739,0.021853,4.160
813586,520,421,941,230,28,154,349.87,0.9467,0.5560,0.199894,7,1,88,268.51,0.9977,0.1118,0.007714,4.330
813587,520,378,898,241,73,111,11.69,0.8795,0.5966,0.246167,10,44,7,141.85,0.9605,0.1557,0.018812,4.304
813591,520,468,988,216,13,143,350.02,0.9674,0.5180,0.168724,3,1,29,276.43,0.9593,0.0380,0.001298,4.264
813594,520,240,760,245,124,246,327.06,0.9571,0.7275,0.404838,1,76,79,199.39,0.9879,0.2841,0.057396,4.235
813597,520,465,985,175,52,228,312.96,0.9037,0.5229,0.171723,6,7,10,268.54,0.1475,0.0451,0.002126,4.254
813600,520,278,798,254,114,159,2.24,0.9729,0.6878,0.356117,44,56,93,269.14,0.4499,0.2511,0.041540,4.436
813607,520,407,927,204,31,252,316.66,0.9866,0.5736,0.208472,59,3,20,9.30,0.8854,0.1267,0.010456,4.275
813621,520,445,965,225,58,78,19.45,0.8814,0.5426,0.195865,4,4,66,268.31,0.9830,0.0847,0.005060,4.465
813630,520,301,821,173,140,245,296.87,0.8078,0.6668,0.342331,0,67,15,145.72,1.0000,0.2340,0.040486,4.336
813643,520,442,962,228,50,89,14.54,0.8976,0.5436,0.194993,7,7,54,272.54,0.9265,0.0779,0.004634,4.484
813656,520,426,946,236,59,42,29.87,0.9411,0.5600,0.211311,13,27,21,165.32,0.3925,0.1053,0.009236,4.411
813673,520,386,906,255,36,103,11.68,1.0000,0.5918,0.235048,33,24,73,286.82,0.6812,0.1490,0.014576,4.414
813697,520,346,866,219,97,207,331.45,0.7954,0.6290,0.281164,50,44,30,87.46,0.2734,0.1934,0.025732,4.373
813698,520,456,976,167,91,175,323.64,0.6044,0.5254,0.187937,19,7,23,317.43,0.5176,0.0637,0.003523,4.446
813700,520,446,966,206,58,177,337.04,0.8229,0.5443,0.193242,16,12,39,286.42,0.6083,0.0801,0.005196,4.407
813704,520,98,618,234,214,218,3.86,0.3010,0.8760,0.706481,46,110,31,140.16,0.9456,0.3970,0.118312,4.495
813706,520,339,859,248,74,189,344.54,0.9410,0.6393,0.285312,2,46,93,254.49,0.9527,0.2024,0.027570,4.323
813707,520,247,767,244,120,239,328.91,0.9482,0.7164,0.389003,17,80,12,142.05,0.9811,0.2833,0.058828,4.034
813721,520,400,920,251,46,26,30.22,0.9848,0.5784,0.225415,6,25,78,264.35,0.9044,0.1369,0.012840,4.383
813745,520,392,912,255,51,4,32.40,1.0000,0.5894,0.236402,2,27,84,262.22,0.9675,0.1459,0.014368,4.449
813747,520,369,889,249,53,154,355.04,0.9464,0.6074,0.250224,11,47,33,163.88,0.7975,0.1719,0.022139,4.162
813748,520,441,961,143,96,227,296.80,0.7809,0.5384,0.197515,25,14,31,312.93,0.4328,0.0884,0.006197,4.404
813752,520,171,691,255,163,232,336.48,1.0000,0.8000,0.532827,80,84,28,113.06,0.7116,0.3413,0.081300,4.439
813770,520,429,949,247,0,47,24.02,1.0000,0.5536,0.199830,24,2,70,286.69,0.9689,0.1026,0.006798,4.399
813775,520,449,969,229,50,9,32.78,0.9896,0.5357,0.189619,23,8,14,355.09,0.4210,0.0668,0.003876,4.448
813812,520,353,873,252,62,161,353.92,0.9687,0.6230,0.267173,15,33,97,266.50,0.8808,0.1785,0.020522,4.497
813815,520,320,840,254,42,237,332.12,0.9961,0.6519,0.288443,35,54,15,131.30,0.7936,0.2053,0.030301,4.215
813826,520,370,890,255,45,133,2.60,1.0000,0.6057,0.248339,27,15,109,275.78,0.9506,0.1693,0.016787,4.467
813860,520,456,976,181,78,175,329.84,0.6963,0.5257,0.183689,30,0,7,7.29,1.0000,0.0595,0.002914,4.416
813861,520,437,957,182,73,219,316.33,0.8306,0.5490,0.198257,23,7,52,293.31,0.8104,0.0899,0.005820,4.447
813864,520,456,976,216,59,88,15.03,0.8379,0.5283,0.184339,28,0,11,356.83,1.0000,0.0572,0.002711,4.446
813880,520,467,987,141,77,244,295.83,0.9160,0.5198,0.175022,1,3,23,267.04,0.9044,0.0365,0.001334,4.383
813882,520,416,936,209,60,215,326.33,0.8903,0.5744,0.216951,36,24,24,18.71,0.2173,0.1215,0.010943,4.380
813888,520,412,932,206,67,204,328.49,0.8442,0.5694,0.214975,22,24,51,278.08,0.5036,0.1203,0.010628,4.370
813892,520,332,852,247,56,223,334.03,0.9628,0.6400,0.279332,0,30,123,263.47,1.0009,0.1974,0.023584,4.476
813898,520,335,855,245,49,235,330.55,0.9713,0.6392,0.276101,13,53,47,181.32,0.7426,0.1976,0.028369,4.161
813901,520,431,951,180,66,239,311.23,0.9093,0.5531,0.198327,15,14,62,276.12,0.8367,0.1033,0.007634,4.309
813912,520,435,955,223,43,149,350.61,0.8868,0.5488,0.195882,25,3,59,293.31,0.9220,0.0929,0.005876,4.401
813914,520,409,929,237,58,72,22.19,0.9167,0.5651,0.215016,23,29,46,268.80,0.3469,0.1304,0.012581,4.235
813917,520,460,980,232,39,21,30.13,0.9774,0.5340,0.186641,27,1,4,15.50,0.8865,0.0554,0.002635,4.496
813920,520,456,976,236,23,8,29.74,0.9932,0.5334,0.184664,0,13,16,209.81,1.0000,0.0560,0.003252,4.407
813922,520,384,904,237,41,176,344.81,0.9365,0.5866,0.227279,33,19,86,284.68,0.8223,0.1531,0.014609,4.292
813959,520,455,975,229,11,94,9.78,0.9846,0.5264,0.177085,9,11,12,228.76,0.0736,0.0574,0.003240,4.265
813963,520,461,981,236,0,44,24.10,1.0000,0.5296,0.180180,12,9,8,41.04,0.1058,0.0544,0.002911,4.350
813967,520,244,764,232,149,187,351.03,0.6482,0.7261,0.422404,24,79,10,140.32,0.9807,0.2821,0.058079,4.371
813971,520,14,534,255,252,225,101.83,1.0000,0.9841,0.963173,22,135,51,146.74,0.9825,0.4737,0.177368,4.456
813980,520,409,929,239,22,156,351.01,0.9708,0.5721,0.213279,4,27,65,259.42,0.8775,0.1280,0.011913,4.252
813987,520,418,938,246,17,82,15.92,0.9868,0.5608,0.206064,35,25,17,60.01,0.2910,0.1205,0.010931,4.203
813991,520,310,830,232,92,245,324.23,0.9526,0.6642,0.314048,33,57,27,139.54,0.6476,0.2155,0.033286,4.371
814006,520,457,977,212,72,18,38.04,0.9583,0.5263,0.186778,19,4,33,305.12,0.7566,0.0641,0.003351,4.438
814007,520,451,971,228,56,25,32.28,0.9649,0.5398,0.193954,13,16,15,173.65,0.0857,0.0733,0.004906,4.443
814021,520,433,953,243,6,55,22.34,0.9964,0.5473,0.194642,33,6,50,308.79,0.7973,0.0995,0.006839,4.304
814024,520,474,994,221,47,3,33.04,0.9958,0.5165,0.174145,6,3,9,309.84,0.4149,0.0343,0.001236,4.375
814037,520,352,872,235,52,226,330.38,0.9536,0.6185,0.256117,17,30,114,268.16,0.9305,0.1924,0.022625,4.215
814039,520,416,936,235,34,153,351.50,0.9394,0.5681,0.211091,20,10,77,278.36,0.9209,0.1178,0.009016,4.424
814044,520,427,947,232,10,170,344.94,0.9868,0.5618,0.202780,28,22,3,93.13,0.7495,0.1011,0.008273,4.338
814054,520,372,892,253,53,128,4.61,0.9800,0.6058,0.249909,17,29,99,268.74,0.8984,0.1732,0.018986,4.347
814055,520,432,952,207,85,98,16.50,0.6950,0.5476,0.206463,10,11,68,271.81,0.9307,0.1016,0.007212,4.483
814056,520,441,961,228,46,73,19.42,0.9231,0.5369,0.189319,0,21,36,240.07,1.0000,0.0875,0.006637,4.226
814061,520,319,839,248,106,91,28.49,0.9304,0.6483,0.310230,36,55,41,152.24,0.3561,0.2151,0.032675,4.357
814064,520,433,953,232,54,31,30.96,0.9583,0.5464,0.198961,32,4,56,303.46,0.8714,0.1005,0.006795,4.384
814067,520,414,934,207,13,247,318.77,0.9928,0.5683,0.202704,50,10,19,10.82,0.7011,0.1169,0.009423,4.253
814103,520,348,868,238,93,164,352.93,0.8214,0.6336,0.286889,53,41,44,1.58,0.1564,0.1938,0.025247,4.477
814110,520,424,944,227,42,151,350.77,0.9003,0.5566,0.202239,47,9,30,350.07,0.6851,0.1140,0.008935,4.280
814120,520,440,960,232,27,142,354.29,0.9500,0.5542,0.198956,40,6,1,35.77,0.9302,0.0875,0.005836,4.459
814156,520,446,966,202,31,216,324.54,0.9524,0.5426,0.184961,15,15,29,283.06,0.3630,0.0789,0.005319,4.247
814158,520,450,970,227,18,146,351.60,0.9659,0.5427,0.188416,0,7,47,263.19,1.0005,0.0654,0.003572,4.450
814177,520,357,877,241,16,238,329.01,0.9941,0.6202,0.252472,19,13,125,270.01,0.9822,0.1834,0.019068,4.379
814179,520,406,926,252,20,96,12.55,0.9849,0.5773,0.220440,50,9,44,334.35,0.7271,0.1270,0.010554,4.466
814180,520,435,955,204,19,227,322.49,0.9812,0.5493,0.188509,11,19,35,263.23,0.4554,0.0888,0.006582,4.215
814195,520,465,985,211,57,88,14.04,0.8290,0.5165,0.174821,5,10,19,258.19,0.3971,0.0547,0.002964,4.245
814213,520,465,985,208,62,112,4.08,0.7801,0.5232,0.180272,14,4,18,316.82,0.5733,0.0491,0.002239,4.408
814225,520,436,956,237,12,104,7.64,0.9857,0.5461,0.192701,19,5,57,286.21,0.8939,0.0874,0.005424,4.379
814235,520,359,879,254,82,4,37.96,0.9970,0.6180,0.271178,28,43,64,256.90,0.4060,0.1839,0.023447,4.373
814267,520,353,873,239,99,55,37.56,0.8940,0.6170,0.275532,39,40,61,281.57,0.3086,0.1835,0.022858,4.468
814268,520,462,982,189,24,236,316.21,0.9753,0.5334,0.175295,3,11,17,235.70,0.4997,0.0542,0.002992,4.252
814271,520,396,916,235,14,192,339.27,0.9869,0.5803,0.217848,53,13,51,329.83,0.7004,0.1417,0.012838,4.262
814276,520,470,990,169,52,231,310.32,0.9071,0.5165,0.166613,17,0,3,7.41,1.0000,0.0366,0.001258,4.226
814279,520,464,984,209,62,110,5.16,0.7841,0.5244,0.181286,6,8,5,134.15,0.2036,0.0457,0.002233,4.428
814288,520,329,849,232,99,206,335.80,0.8437,0.6512,0.305380,8,51,80,243.87,0.8065,0.2082,0.029983,4.443
814294,520,387,907,246,62,109,11.28,0.9250,0.5944,0.241455,22,41,18,140.17,0.6481,0.1541,0.018001,4.286
814319,520,5,525,251,254,239,115.95,0.9452,0.9892,0.976248,30,136,1,140.97,0.9994,0.4748,0.178858,4.484
814338,520,469,989,215,35,119,359.46,0.8938,0.5157,0.169835,3,4,19,274.39,0.6609,0.0387,0.001532,4.266
814339,520,392,912,218,33,239,323.16,0.9750,0.5874,0.222272,10,42,16,147.11,0.9110,0.1503,0.017578,4.029
814375,520,447,967,230,29,116,3.09,0.9434,0.5415,0.189656,7,14,47,269.18,0.7881,0.0837,0.005645,4.307
814376,520,351,871,240,99,104,20.87,0.8465,0.6268,0.284513,54,38,58,319.46,0.3238,0.1943,0.024760,4.474
814381,520,410,930,237,18,158,349.86,0.9762,0.5678,0.209088,15,23,67,270.55,0.7716,0.1261,0.011195,4.234
814405,520,411,931,202,46,246,317.07,0.9591,0.5742,0.211659,33,27,2,96.49,0.8660,0.1201,0.011116,4.281
814412,520,437,957,233,6,133,356.97,0.9907,0.5464,0.191503,32,8,34,324.54,0.6496,0.0894,0.005963,4.315
814415,520,478,998,201,19,172,336.75,0.9451,0.5063,0.158638,7,0,2,357.01,1.0000,0.0225,0.000496,4.132
814431,520,473,993,176,19,243,311.00,0.9831,0.5170,0.161679,6,2,11,307.90,0.5912,0.0323,0.001063,4.145
814466,520,465,985,213,24,155,345.45,0.9333,0.5217,0.171683,18,3,3,22.76,0.6371,0.0458,0.002003,4.263
814478,520,462,982,215,3,178,338.46,0.9940,0.5321,0.177289,19,1,17,331.95,0.7955,0.0478,0.002006,4.370
814481,520,466,986,209,50,121,358.73,0.8232,0.5161,0.172192,4,10,9,185.19,0.3180,0.0499,0.002626,4.222
814492,520,451,971,213,12,199,332.01,0.9831,0.5434,0.185347,1,7,53,265.03,0.9637,0.0725,0.004154,4.346
814494,520,398,918,196,80,221,320.10,0.8341,0.5800,0.226949,32,27,51,292.21,0.4126,0.1373,0.013300,4.375
814514,520,449,969,189,66,197,325.29,0.8045,0.5364,0.187478,17,13,3,91.82,0.5679,0.0666,0.004136,4.387
814535,520,399,919,229,35,193,337.75,0.9491,0.5776,0.217129,17,20,83,272.35,0.8917,0.1380,0.012439,4.278
814540,520,400,920,198,61,247,315.19,0.9559,0.5809,0.220600,26,37,0,124.63,1.0000,0.1416,0.015427,4.136
814541,520,449,969,219,63,79,19.63,0.8488,0.5363,0.191821,7,18,7,144.17,0.5791,0.0717,0.004931,4.402
814554,520,412,932,244,26,119,4.30,0.9680,0.5695,0.213071,17,11,80,275.03,0.9367,0.1203,0.009377,4.431
814569,520,445,965,182,64,224,315.56,0.8686,0.5423,0.189948,13,20,2,125.64,0.8309,0.0803,0.005903,4.292
814577,520,428,948,239,47,95,13.36,0.9256,0.5646,0.212132,4,29,16,157.98,0.8714,0.1048,0.009419,4.412
814582,520,331,851,237,102,143,3.68,0.7844,0.6371,0.294931,41,50,16,122.19,0.6691,0.1981,0.027900,4.428
814584,520,409,929,202,62,217,323.70,0.8794,0.5663,0.210132,41,8,63,307.45,0.8164,0.1253,0.010040,4.333
814593,520,476,996,219,30,61,20.53,0.9555,0.5055,0.163282,0,2,9,255.69,0.9999,0.0237,0.000631,4.212
814599,520,463,983,216,11,175,339.65,0.9788,0.5340,0.179358,21,1,16,337.56,0.7966,0.0502,0.002186,4.395
814623,520,468,988,179,5,240,312.72,0.9956,0.5153,0.159846,11,5,6,5.85,0.2597,0.0435,0.001928,4.041
814638,520,449,969,231,3,126,358.89,0.9950,0.5390,0.185634,20,13,5,72.62,0.4285,0.0705,0.004475,4.326
814649,520,429,949,192,29,250,313.87,0.9775,0.5521,0.189886,34,6,44,315.79,0.7636,0.0962,0.006522,4.244
814651,520,478,998,223,33,31,28.07,0.9689,0.5119,0.168774,2,0,16,283.45,1.0000,0.0236,0.000503,4.332
814654,520,376,896,209,58,247,318.41,0.9611,0.5951,0.232985,63,8,60,330.54,0.7954,0.1605,0.015568,4.316
814692,520,434,954,225,54,110,6.75,0.8602,0.5469,0.197744,18,20,45,277.65,0.5174,0.1031,0.008184,4.258
814704,520,269,789,239,114,233,329.27,0.9198,0.6971,0.362708,38,62,91,253.90,0.4596,0.2618,0.046125,4.293
814716,520,396,916,175,89,245,306.34,0.9067,0.5799,0.228519,20,37,2,131.49,0.9596,0.1371,0.014762,4.301
814721,520,325,845,255,44,237,332.35,1.0000,0.6547,0.291790,14,50,89,253.34,0.7591,0.2140,0.030957,4.222
814729,520,383,903,241,54,159,351.77,0.9056,0.5952,0.238454,8,41,23,155.72,0.8680,0.1478,0.016993,4.306
814767,520,362,882,165,118,238,299.72,0.7915,0.6109,0.271295,1,43,70,243.13,0.9524,0.1750,0.021763,4.477
814768,520,409,929,246,31,115,6.22,0.9622,0.5745,0.218140,6,36,27,169.70,0.8030,0.1316,0.013795,4.203
814774,520,469,989,194,46,196,327.51,0.8744,0.5246,0.174104,14,3,13,330.23,0.5734,0.0444,0.001876,4.320
814797,520,424,944,165,104,206,310.16,0.6576,0.5644,0.223568,4,32,11,149.10,0.9427,0.1133,0.010830,4.497
814808,520,397,917,232,74,101,14.73,0.8345,0.5785,0.229958,16,25,73,270.11,0.7932,0.1369,0.012864,4.453
814818,520,434,954,231,44,119,3.28,0.9029,0.5534,0.201251,9,9,67,271.66,0.9440,0.0969,0.006587,4.440
814832,520,376,896,255,23,144,357.97,1.0000,0.5990,0.238901,6,29,93,264.14,0.9234,0.1618,0.017076,4.307
814855,520,371,891,246,77,118,10.38,0.9064,0.6123,0.262118,9,44,54,220.78,0.7269,0.1707,0.021257,4.380
814867,520,446,966,198,10,225,321.43,0.9897,0.5351,0.176607,6,20,25,222.63,0.4851,0.0827,0.006092,4.040
814879,520,436,956,229,37,132,357.64,0.9167,0.5495,0.196499,23,4,60,289.92,0.9106,0.0932,0.005952,4.406
814887,520,430,950,203,82,133,356.72,0.6789,0.5474,0.204264,32,7,48,308.87,0.7687,0.0979,0.006725,4.482
814917,520,410,930,180,80,242,309.54,0.9046,0.5721,0.218523,37,25,44,312.48,0.3708,0.1343,0.012704,4.282
814930,520,421,941,193,89,183,331.23,0.6904,0.5649,0.219025,12,31,3,136.25,0.9440,0.1128,0.010647,4.436
814932,520,402,922,212,59,223,325.06,0.9109,0.5837,0.224546,49,18,29,359.56,0.5240,0.1309,0.011744,4.447
814939,520,333,853,247,100,76,31.51,0.9331,0.6351,0.294135,35,52,20,132.10,0.6614,0.1996,0.028638,4.376
814960,520,391,911,220,68,192,336.24,0.8482,0.5867,0.231579,24,39,4,129.66,0.9095,0.1469,0.016540,4.232
814963,520,477,997,210,9,152,345.46,0.9743,0.5095,0.161663,8,0,4,344.76,1.0000,0.0250,0.000604,4.183
814971,520,463,983,224,11,125,358.02,0.9780,0.5260,0.175700,9,5,17,300.10,0.4754,0.0460,0.002071,4.334
814974,520,417,937,224,66,153,350.98,0.8184,0.5725,0.220461,16,24,57,270.18,0.6383,0.1202,0.010588,4.464
814985,520,442,962,199,30,218,323.22,0.9547,0.5385,0.181343,29,2,43,311.53,0.8757,0.0815,0.004791,4.222
814991,520,439,959,233,20,124,0.40,0.9673,0.5466,0.192822,1,0,73,265.03,1.0000,0.0853,0.004874,4.425
815010,520,398,918,255,35,43,26.75,1.0000,0.5812,0.226403,17,4,104,271.79,0.9908,0.1439,0.012054,4.454
815021,520,428,948,197,12,253,314.86,0.9936,0.5568,0.192265,7,24,32,230.41,0.5375,0.0978,0.008027,4.175
815031,520,272,792,246,125,176,355.04,0.8353,0.6988,0.373973,10,73,15,143.78,0.9836,0.2575,0.048639,4.298
815032,520,361,881,209,108,177,340.64,0.6381,0.6161,0.274564,38,46,24,125.08,0.4407,0.1845,0.024320,4.367
815037,520,346,866,254,38,199,341.81,0.9935,0.6281,0.265839,24,17,124,271.98,0.9688,0.1893,0.020502,4.480
815047,520,440,960,193,62,217,320.97,0.8681,0.5520,0.197939,32,3,43,315.13,0.8322,0.0877,0.005467,4.470
815068,520,413,933,210,53,209,328.35,0.8985,0.5660,0.208532,27,24,45,289.27,0.3967,0.1210,0.010757,4.255
815072,520,349,869,246,5,240,329.70,0.9985,0.6283,0.259956,86,5,38,4.25,0.8892,0.1942,0.022273,4.289
815083,520,362,882,238,81,131,4.73,0.8362,0.6064,0.257036,24,39,81,266.62,0.6416,0.1828,0.022392,4.241
815100,520,378,898,244,44,176,346.46,0.9422,0.6015,0.241722,42,9,98,290.18,0.9238,0.1645,0.015694,4.441
815102,520,424,944,231,63,62,25.82,0.9051,0.5566,0.208947,35,1,69,299.08,0.9756,0.1137,0.008087,4.458
815121,520,325,845,217,103,236,321.73,0.8837,0.6513,0.305100,17,51,74,241.66,0.6559,0.2073,0.029811,4.449
815141,520,364,884,246,45,180,345.71,0.9456,0.6077,0.247681,66,28,2,50.94,0.8999,0.1745,0.019933,4.257
815151,520,352,872,217,100,189,337.51,0.7296,0.6211,0.275421,40,42,62,279.47,0.2902,0.1903,0.024548,4.365
815161,520,423,943,203,86,147,350.43,0.6701,0.5589,0.214605,35,16,46,311.59,0.5833,0.1146,0.009252,4.466
815163,520,424,944,223,58,142,354.26,0.8358,0.5581,0.206696,11,20,60,269.08,0.7892,0.1105,0.008977,4.353
815168,520,451,971,209,2,204,329.66,0.9971,0.5373,0.179604,10,15,14,181.73,0.1516,0.0681,0.004379,4.222
815170,520,13,533,253,247,246,28.83,0.5790,0.9773,0.940582,31,135,0,140.81,1.0000,0.4717,0.176185,4.380
815172,520,477,997,143,80,224,299.95,0.8126,0.5096,0.169590,3,2,2,18.05,0.1289,0.0243,0.000672,4.334
815175,520,342,862,222,72,250,320.84,0.9750,0.6302,0.270684,70,33,21,38.62,0.5812,0.1946,0.024441,4.308
815187,520,416,936,229,25,184,340.24,0.9641,0.5680,0.208166,50,8,28,355.36,0.7205,0.1175,0.009357,4.349
815191,520,460,980,210,72,86,18.30,0.7757,0.5317,0.190105,0,16,15,190.23,1.0000,0.0634,0.004051,4.442
815194,520,409,929,253,11,77,17.77,0.9939,0.5730,0.216616,49,17,37,344.25,0.5620,0.1327,0.011875,4.309
815195,520,456,976,181,76,180,327.97,0.7167,0.5258,0.182892,22,1,26,321.88,0.8462,0.0571,0.002669,4.422
815216,520,324,844,247,83,203,340.24,0.9402,0.6539,0.302754,42,47,68,273.65,0.2937,0.2092,0.029426,4.441
815219,520,185,705,250,165,213,345.07,0.9033,0.7897,0.520404,31,92,51,151.16,0.8748,0.3349,0.081843,4.326
815226,520,403,923,247,30,139,358.37,0.9636,0.5840,0.225702,24,30,37,252.46,0.1850,0.1290,0.012563,4.407
815233,520,334,854,249,25,243,329.65,0.9919,0.6400,0.273090,78,12,76,329.45,0.7994,0.2037,0.024047,4.363
815241,520,391,911,209,88,181,337.49,0.7321,0.5872,0.238728,7,41,30,167.65,0.8284,0.1495,0.017247,4.294
815251,520,419,939,211,69,176,339.16,0.7969,0.5639,0.212417,2,8,85,265.43,0.9847,0.1141,0.008424,4.492
815257,520,396,916,254,10,91,13.91,0.9939,0.5778,0.220470,52,1,64,318.69,0.9552,0.1360,0.011220,4.418
815260,520,445,965,241,6,45,24.34,0.9966,0.5418,0.190239,24,5,47,299.38,0.8179,0.0833,0.005080,4.362
815282,520,271,791,242,141,95,44.59,0.8142,0.6999,0.387558,25,71,15,140.42,0.9583,0.2557,0.047475,4.489
815283,520,339,859,231,95,194,339.59,0.8197,0.6382,0.290707,35,39,97,275.68,0.6840,0.2048,0.026713,4.441
815285,520,478,998,225,20,17,28.83,0.9869,0.5089,0.165512,1,1,10,275.68,0.8223,0.0220,0.000501,4.268
815291,520,467,987,208,49,137,351.90,0.8246,0.5198,0.174148,4,2,27,279.62,0.8837,0.0400,0.001484,4.354
815300,520,389,909,236,80,68,28.14,0.8947,0.5867,0.239905,6,34,70,256.39,0.8246,0.1514,0.016249,4.376
815315,520,360,880,241,40,222,332.83,0.9709,0.6189,0.254951,16,48,51,203.68,0.5941,0.1846,0.024630,4.086
815344,520,402,922,203,47,249,316.66,0.9713,0.5789,0.215706,37,22,50,307.38,0.5029,0.1315,0.011974,4.287
815349,520,369,889,234,71,189,341.00,0.8727,0.6121,0.256756,32,24,99,279.18,0.8494,0.1745,0.018611,4.471
815371,520,428,948,229,42,151,351.22,0.9049,0.5604,0.205511,24,23,14,102.45,0.2601,0.1014,0.008387,4.376
815375,520,400,920,216,7,246,321.31,0.9966,0.5813,0.214067,49,25,1,63.06,0.9202,0.1383,0.013505,4.158
815377,520,406,926,249,52,1,32.89,0.9992,0.5779,0.226015,0,26,71,259.20,1.0000,0.1292,0.011936,4.456
815379,520,364,884,248,67,144,359.53,0.9274,0.6137,0.259877,63,27,32,12.77,0.4988,0.1731,0.019451,4.462
815389,520,373,893,234,27,217,332.44,0.9790,0.5975,0.232887,7,42,50,216.34,0.7591,0.1615,0.019313,4.081
815402,520,407,927,201,58,226,321.17,0.9054,0.5672,0.209362,34,31,8,101.97,0.6315,0.1333,0.013376,4.092
815407,520,377,897,204,105,161,346.68,0.6005,0.5966,0.255154,13,42,32,167.79,0.6618,0.1560,0.018457,4.458
815415,520,391,911,222,60,211,331.03,0.9043,0.5935,0.234667,29,36,39,225.60,0.1308,0.1513,0.016694,4.268
815419,520,379,899,242,30,201,338.51,0.9741,0.6036,0.240258,50,32,11,68.04,0.6121,0.1579,0.017354,4.309
815428,520,443,963,183,41,248,311.39,0.9658,0.5432,0.184315,32,1,31,329.54,0.8644,0.0757,0.004278,4.317
815429,520,440,960,239,10,95,10.83,0.9896,0.5474,0.193973,35,11,23,350.85,0.5277,0.0932,0.006586,4.312
815460,520,350,870,232,108,95,27.99,0.7931,0.6255,0.287097,45,43,56,291.96,0.1894,0.1949,0.025712,4.452
815466,520,478,998,183,48,196,324.09,0.8558,0.5077,0.161680,6,0,8,321.50,1.0000,0.0244,0.000563,4.187
815468,520,391,911,229,45,201,335.57,0.9351,0.5881,0.227544,9,27,86,265.61,0.9036,0.1510,0.015137,4.261
815475,520,379,899,225,24,244,323.85,0.9876,0.5992,0.231947,43,32,54,306.65,0.3596,0.1638,0.018130,4.138
815476,520,379,899,220,43,243,322.60,0.9670,0.5990,0.234165,56,18,60,323.78,0.6737,0.1598,0.015997,4.306
815486,520,446,966,185,46,238,313.99,0.9381,0.5414,0.184425,15,17,13,129.03,0.1358,0.0769,0.005315,4.238
815489,520,369,889,237,72,172,347.57,0.8609,0.6102,0.256206,35,36,63,280.96,0.4037,0.1704,0.019779,4.388
815519,520,467,987,182,77,169,332.60,0.6900,0.5225,0.181187,4,4,12,282.31,0.4238,0.0362,0.001392,4.499
815531,520,355,875,248,21,208,337.92,0.9881,0.6154,0.250500,61,35,19,51.43,0.5255,0.1834,0.022413,4.150
815541,520,430,950,213,67,145,351.56,0.7783,0.5504,0.202070,12,26,6,136.71,0.7764,0.0979,0.008301,4.324
815545,520,455,975,211,21,172,339.39,0.9491,0.5258,0.173660,11,8,30,286.24,0.5995,0.0618,0.003385,4.190
815567,520,453,973,165,54,246,305.66,0.9497,0.5256,0.172921,16,12,30,292.25,0.4634,0.0741,0.004668,4.078
815583,520,461,981,229,26,85,13.57,0.9607,0.5293,0.180556,14,5,22,307.79,0.5807,0.0535,0.002598,4.383
815590,520,347,867,251,86,107,16.90,0.9529,0.6292,0.282297,76,28,8,41.16,0.8138,0.1941,0.023848,4.500
815592,520,387,907,213,45,240,321.44,0.9579,0.5866,0.223160,45,17,76,301.07,0.7658,0.1545,0.014806,4.215
815621,520,440,960,209,45,200,330.64,0.9043,0.5523,0.196042,10,12,51,274.00,0.8170,0.0855,0.005665,4.420
815632,520,457,977,164,76,218,309.91,0.8047,0.5265,0.181240,23,3,26,322.77,0.7379,0.0626,0.003219,4.345
815645,520,441,961,186,10,254,311.68,0.9955,0.5399,0.178131,19,9,54,285.79,0.8076,0.0907,0.006002,4.074
815650,520,407,927,198,53,242,316.63,0.9394,0.5701,0.209642,40,17,50,314.54,0.6047,0.1261,0.010823,4.269
815668,520,461,981,201,54,167,338.96,0.8134,0.5261,0.178477,5,11,10,184.99,0.2718,0.0533,0.002935,4.316
815675,520,437,957,205,32,225,323.09,0.9604,0.5548,0.194502,22,17,19,351.98,0.1217,0.0859,0.006185,4.352
815681,520,464,984,219,47,88,13.39,0.8846,0.5229,0.178003,21,0,10,349.55,1.0000,0.0453,0.001814,4.400
815731,520,434,954,228,63,67,24.24,0.8921,0.5515,0.204571,3,14,66,265.56,0.9438,0.1001,0.007267,4.445
815739,520,477,997,144,87,212,301.90,0.7410,0.5127,0.174994,1,0,10,281.20,1.0000,0.0178,0.000284,4.475
815744,520,400,920,228,66,150,353.07,0.8295,0.5784,0.225950,40,15,70,299.90,0.7662,0.1393,0.012350,4.426
815791,520,368,888,234,2,244,326.09,0.9993,0.6096,0.240700,38,24,92,285.55,0.7855,0.1728,0.018380,4.251
815794,520,415,935,225,61,146,353.45,0.8336,0.5663,0.214229,0,20,75,262.30,1.0000,0.1200,0.010082,4.398
815795,520,452,972,175,83,177,326.63,0.6664,0.5252,0.184759,8,18,7,141.85,0.5407,0.0725,0.004996,4.269
815812,520,366,886,247,26,190,342.61,0.9789,0.6053,0.242339,74,17,16,25.64,0.8086,0.1741,0.018944,4.240
815815,520,317,837,250,102,134,9.78,0.9122,0.6559,0.315511,4,55,84,240.75,0.8933,0.2218,0.033981,4.352
815818,520,434,954,236,31,96,11.14,0.9543,0.5488,0.196605,30,19,0,82.45,1.0000,0.0956,0.007418,4.295
815839,520,414,934,219,26,223,327.29,0.9756,0.5747,0.211287,44,2,65,310.46,0.9338,0.1245,0.009606,4.384
815844,520,434,954,226,56,118,4.04,0.8529,0.5531,0.203078,36,8,37,326.33,0.6803,0.0974,0.006824,4.454
815849,520,469,989,199,49,167,338.25,0.8269,0.5180,0.171306,17,0,19,324.78,1.0000,0.0437,0.001662,4.284
815850,520,219,739,253,136,225,336.87,0.9831,0.7472,0.439297,19,77,94,221.91,0.7711,0.2991,0.062541,4.348
815854,520,475,995,183,23,230,315.88,0.9718,0.5183,0.163945,0,3,8,244.29,1.0000,0.0266,0.000827,4.209
815863,520,452,972,226,50,6,33.11,0.9924,0.5294,0.184660,21,3,39,303.07,0.8323,0.0692,0.003710,4.369
815864,520,408,928,213,95,67,34.65,0.7646,0.5673,0.227380,51,19,13,32.19,0.6155,0.1316,0.011987,4.475
815865,520,443,963,216,58,135,355.43,0.8139,0.5423,0.193767,5,21,22,200.52,0.5476,0.0834,0.006265,4.332
815875,520,464,984,166,85,182,320.81,0.6566,0.5181,0.179822,16,0,35,301.21,1.0000,0.0539,0.002315,4.393
815878,520,478,998,136,83,234,294.91,0.8510,0.5144,0.173613,4,0,9,309.30,1.0000,0.0221,0.000455,4.432
815882,520,250,770,255,120,219,338.76,1.0000,0.7224,0.398102,25,71,73,199.19,0.6348,0.2718,0.051940,4.396
815888,520,471,991,198,0,202,327.29,1.0000,0.5157,0.162718,1,1,30,268.48,0.9818,0.0367,0.001219,4.153
815899,520,319,839,204,123,199,329.17,0.6179,0.6456,0.311281,30,52,83,257.13,0.5163,0.2231,0.033564,4.323
815930,520,373,893,229,27,232,327.57,0.9825,0.5986,0.232705,11,34,82,262.61,0.8365,0.1641,0.018243,4.143
815932,520,446,966,205,69,151,347.13,0.7531,0.5413,0.194717,31,10,6,33.64,0.5813,0.0799,0.005216,4.432
815942,520,439,959,198,16,242,317.46,0.9885,0.5502,0.187887,21,17,30,297.96,0.3175,0.0897,0.006541,4.207
815954,520,429,949,199,46,227,320.67,0.9312,0.5549,0.196437,2,22,50,255.89,0.8730,0.1015,0.008170,4.237
815956,520,329,849,241,86,216,334.80,0.9196,0.6543,0.303168,63,45,34,52.61,0.3023,0.2143,0.030491,4.388
815963,520,300,820,246,91,216,336.21,0.9428,0.6682,0.320356,79,45,0,66.40,1.0000,0.2337,0.035393,4.337
815964,520,394,914,230,14,225,329.53,0.9917,0.5916,0.225758,49,3,68,312.89,0.9102,0.1367,0.011355,4.494
815971,520,212,732,208,182,148,74.29,0.3538,0.7557,0.490047,56,83,0,128.03,1.0000,0.3137,0.070271,4.490
815986,520,408,928,210,8,241,320.90,0.9952,0.5675,0.202280,17,35,20,148.34,0.5465,0.1321,0.013717,3.959
815988,520,321,841,222,96,231,324.96,0.8812,0.6458,0.296667,68,34,69,326.14,0.5186,0.2123,0.028028,4.443
815991,520,373,893,235,53,200,337.42,0.9274,0.6037,0.243812,49,31,37,357.66,0.2726,0.1610,0.017666,4.342
815999,520,454,974,213,63,88,15.51,0.8149,0.5269,0.184081,22,13,5,65.27,0.4542,0.0728,0.004694,4.280
816002,520,348,868,195,117,217,318.53,0.7050,0.6325,0.293355,24,53,8,136.71,0.9445,0.1934,0.027579,4.426
816003,520,442,962,225,28,131,356.70,0.9357,0.5364,0.184795,27,10,32,318.13,0.5640,0.0843,0.005544,4.227
816017,520,400,920,240,21,165,348.38,0.9749,0.5778,0.217813,30,30,39,285.03,0.1712,0.1358,0.013510,4.217
816018,520,451,971,237,34,57,23.15,0.9671,0.5448,0.194472,16,14,8,92.14,0.2365,0.0692,0.004418,4.493
816025,520,344,864,238,54,226,331.11,0.9541,0.6250,0.263091,57,37,39,12.54,0.2636,0.1876,0.023396,4.266
816034,520,476,996,208,61,67,22.91,0.8440,0.5105,0.171549,0,1,6,259.05,1.0000,0.0179,0.000349,4.400
816062,520,415,935,245,48,0,32.54,1.0000,0.5666,0.215299,44,15,27,356.10,0.5355,0.1163,0.009563,4.454
816074,520,410,930,216,31,222,326.74,0.9662,0.5709,0.208549,64,0,12,17.97,1.0000,0.1322,0.011167,4.227
816080,520,423,943,228,44,149,351.80,0.8959,0.5590,0.204680,10,17,66,269.94,0.8792,0.1097,0.008587,4.347
816082,520,388,908,216,105,66,39.56,0.7614,0.5891,0.250976,15,40,39,191.94,0.5188,0.1533,0.017656,4.449
816086,520,422,942,245,32,25,28.94,0.9815,0.5574,0.205192,41,16,9,36.61,0.5861,0.1078,0.008618,4.353
816088,520,471,991,228,13,90,11.06,0.9818,0.5237,0.175229,5,3,26,281.79,0.7977,0.0428,0.001720,4.355
816093,520,419,939,239,24,110,6.42,0.9676,0.5557,0.201330,7,13,75,268.53,0.9501,0.1111,0.008410,4.303
816096,520,445,965,151,95,216,302.68,0.7315,0.5378,0.197219,33,7,26,339.34,0.6321,0.0849,0.005499,4.454
816123,520,385,905,248,58,78,21.05,0.9565,0.5878,0.235361,39,34,25,82.17,0.2109,0.1512,0.016456,4.294
816126,520,397,917,250,41,63,23.03,0.9754,0.5767,0.222724,23,33,52,262.61,0.3913,0.1448,0.015178,4.184
816157,520,173,693,251,162,254,325.73,0.9938,0.8030,0.535075,44,88,75,172.30,0.5170,0.3355,0.080227,4.493
816170,520,432,952,244,0,70,18.51,1.0000,0.5505,0.196788,38,14,27,348.09,0.4974,0.1048,0.008053,4.251
816192,520,457,977,165,68,233,307.44,0.8777,0.5294,0.180174,10,1,45,282.65,0.9707,0.0596,0.002757,4.363
816201,520,422,942,175,76,237,309.31,0.8835,0.5562,0.203981,3,0,92,265.87,1.0000,0.1141,0.007920,4.385
816203,520,366,886,251,24,180,346.29,0.9814,0.6071,0.244612,47,22,83,297.85,0.7408,0.1712,0.018027,4.331
816207,520,351,871,245,32,231,331.54,0.9840,0.6278,0.262179,17,48,68,240.05,0.6225,0.1945,0.026503,4.081
816226,520,393,913,198,69,254,313.26,0.9930,0.5941,0.234190,28,36,10,123.96,0.6585,0.1419,0.015305,4.352
816234,520,468,988,222,12,113,1.93,0.9757,0.5178,0.169875,8,2,14,309.94,0.6550,0.0359,0.001268,4.289
816237,520,379,899,201,102,179,336.30,0.6430,0.5953,0.251764,18,38,64,255.70,0.5700,0.1633,0.018849,4.383
816251,520,382,902,230,95,65,34.05,0.8431,0.5964,0.253918,29,42,25,138.47,0.4131,0.1643,0.019873,4.350
816258,520,434,954,227,68,19,35.61,0.9709,0.5503,0.205150,34,18,16,27.46,0.3436,0.1026,0.008101,4.391
816259,520,348,868,251,3,231,332.87,0.9991,0.6310,0.263470,36,6,127,278.45,0.9837,0.1926,0.020375,4.454
816260,520,379,899,149,119,239,292.44,0.7959,0.5964,0.258151,2,44,44,194.84,0.9366,0.1630,0.019960,4.405
816277,520,444,964,210,79,66,28.70,0.7985,0.5373,0.196892,5,10,51,269.22,0.9035,0.0786,0.004883,4.498
816282,520,345,865,249,49,208,338.41,0.9663,0.6302,0.268935,37,44,57,262.68,0.2224,0.1901,0.024900,4.258
816301,520,391,911,230,63,166,347.42,0.8558,0.5860,0.231338,30,17,85,282.98,0.8498,0.1459,0.013328,4.443
816306,520,389,909,227,31,219,330.25,0.9711,0.5880,0.224277,29,39,24,135.49,0.3600,0.1548,0.017782,4.046
816336,520,448,968,149,94,218,301.53,0.7438,0.5351,0.194572,11,7,54,277.00,0.8964,0.0807,0.004894,4.455
816338,520,330,850,225,123,82,42.08,0.7247,0.6383,0.307849,11,52,79,242.56,0.7657,0.2114,0.030915,4.423
816363,520,460,980,202,67,139,351.27,0.7448,0.5283,0.184369,1,1,51,266.03,0.9947,0.0586,0.002672,4.450
816392,520,380,900,200,70,250,314.68,0.9681,0.5950,0.235631,59,27,22,30.14,0.5118,0.1633,0.017717,4.218
816396,520,395,915,194,80,241,314.35,0.9087,0.5910,0.235587,2,33,57,245.99,0.8770,0.1367,0.013959,4.465
816427,520,474,994,220,22,113,1.94,0.9484,0.5170,0.169844,2,4,10,262.03,0.4487,0.0331,0.001216,4.292
816431,520,451,971,226,14,154,348.65,0.9747,0.5432,0.188186,19,12,24,310.43,0.3519,0.0738,0.004673,4.357
816438,520,381,901,220,83,194,335.93,0.8087,0.6050,0.252993,9,44,18,148.63,0.9222,0.1571,0.019030,4.389
816441,520,429,949,238,36,73,19.09,0.9579,0.5506,0.199232,44,3,21,358.10,0.8059,0.0959,0.006548,4.407
816443,520,455,975,231,14,99,8.48,0.9803,0.5327,0.182069,9,2,47,279.61,0.9555,0.0629,0.003067,4.373
816447,520,441,961,208,86,24,42.73,0.9214,0.5396,0.201336,3,14,54,264.91,0.9091,0.0876,0.005997,4.488
816452,520,387,907,205,88,203,328.25,0.7748,0.5929,0.242720,55,24,19,30.50,0.5312,0.1496,0.015126,4.495
816469,520,438,958,167,83,229,307.66,0.8295,0.5487,0.200598,30,16,20,1.03,0.3058,0.0940,0.006971,4.399
816485,520,396,916,228,67,142,356.29,0.8233,0.5763,0.224639,10,35,49,236.38,0.6248,0.1408,0.014883,4.233
816488,520,432,952,226,62,104,10.48,0.8432,0.5548,0.206162,21,22,33,280.23,0.2498,0.1032,0.008430,4.384
816495,520,440,960,174,56,255,306.55,1.0000,0.5479,0.190478,20,18,31,290.76,0.3094,0.0915,0.006803,4.234
816522,520,418,938,229,71,8,37.11,0.9884,0.5573,0.211849,25,22,47,287.22,0.4709,0.1156,0.009857,4.375
816523,520,330,850,252,93,111,17.14,0.9591,0.6409,0.296752,18,44,102,263.32,0.8217,0.2108,0.028891,4.395
816532,520,425,945,217,50,175,340.51,0.8701,0.5556,0.201303,39,9,42,323.98,0.6952,0.1069,0.007939,4.337
816539,520,409,929,157,96,248,298.41,0.9145,0.5707,0.223114,14,30,51,255.82,0.5411,0.1298,0.012609,4.362
816540,520,329,849,241,64,247,326.62,0.9726,0.6511,0.290855,3,42,114,261.32,0.9724,0.2130,0.028900,4.320
816542,520,429,949,226,58,82,18.12,0.8789,0.5454,0.198068,20,1,69,283.23,0.9865,0.0959,0.006001,4.430
816544,520,444,964,238,16,43,24.99,0.9902,0.5375,0.187254,6,7,56,271.06,0.9407,0.0793,0.004762,4.332
816547,520,446,966,225,45,120,1.89,0.8841,0.5427,0.192431,2,22,16,171.98,0.8576,0.0821,0.006241,4.311
816560,520,447,967,218,64,80,19.39,0.8410,0.5357,0.191539,12,14,39,276.55,0.5955,0.0808,0.005387,4.361
816578,520,295,815,218,130,203,333.42,0.6740,0.6789,0.351841,3,68,13,144.63,0.9943,0.2380,0.041825,4.376
816580,520,447,967,239,4,65,19.55,0.9970,0.5398,0.188225,17,8,51,285.09,0.8123,0.0843,0.005318,4.306
816595,520,334,854,229,106,175,347.68,0.7463,0.6423,0.300635,34,50,52,205.74,0.2350,0.2025,0.028692,4.456
816597,520,431,951,232,57,3,34.26,0.9964,0.5479,0.200917,11,27,18,157.94,0.5020,0.1031,0.008987,4.254
816604,520,372,892,194,103,213,320.48,0.7317,0.6052,0.259751,20,45,39,176.28,0.4860,0.1719,0.021719,4.319
816605,520,444,964,143,83,252,294.47,0.9690,0.5379,0.190545,15,21,0,121.97,1.0000,0.0843,0.006379,4.267
816612,520,353,873,241,53,216,334.44,0.9506,0.6234,0.262076,64,25,46,348.83,0.5454,0.1767,0.019827,4.469
816634,520,455,975,223,58,44,29.36,0.9207,0.5334,0.188987,17,12,0,93.86,1.0000,0.0635,0.003821,4.440
816656,520,420,940,149,98,242,296.16,0.8609,0.5602,0.215358,20,28,16,135.50,0.3630,0.1120,0.010166,4.410
816668,520,304,824,244,87,233,330.73,0.9507,0.6697,0.319353,58,56,14,106.60,0.7456,0.2341,0.037596,4.217
816673,520,455,975,216,12,166,342.43,0.9743,0.5293,0.176174,8,3,42,279.79,0.9169,0.0590,0.002839,4.280
816678,520,426,946,243,41,12,31.01,0.9905,0.5579,0.206705,37,5,58,307.48,0.8491,0.1109,0.008074,4.420
816699,520,470,990,197,24,203,326.63,0.9533,0.5214,0.168371,8,4,6,345.04,0.2484,0.0380,0.001516,4.239
816705,520,456,976,153,77,236,301.66,0.8715,0.5276,0.181366,13,11,3,98.75,0.4984,0.0581,0.003315,4.340
816716,520,463,983,217,26,144,350.25,0.9294,0.5251,0.175066,19,1,28,313.88,0.8682,0.0544,0.002440,4.292
816719,520,403,923,246,9,150,354.08,0.9914,0.5799,0.219936,41,28,11,72.18,0.5298,0.1349,0.013261,4.267
816739,520,443,963,235,32,85,14.73,0.9558,0.5446,0.193542,14,10,41,283.92,0.6905,0.0762,0.004705,4.452
816745,520,401,921,210,44,241,320.43,0.9584,0.5818,0.218556,48,19,51,323.77,0.5921,0.1424,0.013332,4.240
816756,520,333,853,255,28,231,333.75,1.0000,0.6439,0.278633,56,36,71,309.29,0.4746,0.2002,0.025575,4.348
816763,520,451,971,205,9,214,326.02,0.9891,0.5387,0.180314,18,9,23,312.77,0.4338,0.0665,0.003858,4.276
816765,520,461,981,235,26,4,30.22,0.9964,0.5325,0.184129,10,4,31,289.24,0.7642,0.0534,0.002503,4.459
816767,520,363,883,252,21,178,347.02,0.9847,0.6071,0.244496,27,39,60,261.18,0.3958,0.1695,0.020102,4.201
816771,520,469,989,133,77,255,291.29,1.0000,0.5208,0.175142,3,0,38,273.13,1.0000,0.0439,0.001593,4.364
816773,520,137,657,240,189,244,323.96,0.8581,0.8381,0.614532,3,98,111,210.63,0.9759,0.3701,0.099019,4.459
816774,520,384,904,251,35,133,1.30,0.9674,0.5922,0.234083,0,37,67,247.95,1.0000,0.1549,0.017283,4.222
816775,520,431,951,226,73,21,36.73,0.9643,0.5544,0.209907,13,26,18,156.43,0.4059,0.1014,0.008680,4.429
816825,520,439,959,232,48,93,13.33,0.9090,0.5509,0.200630,4,25,3,142.05,0.9560,0.0893,0.007276,4.376
816849,520,453,973,234,0,61,20.06,1.0000,0.5275,0.178325,0,16,20,212.66,1.0000,0.0654,0.004211,4.212
816851,520,387,907,216,69,203,331.70,0.8566,0.5873,0.231690,63,4,46,343.06,0.8292,0.1475,0.013410,4.442
816856,520,449,969,184,48,242,312.72,0.9394,0.5447,0.187162,28,9,2,47.35,0.7303,0.0725,0.004467,4.354
816881,520,405,925,250,19,110,7.87,0.9835,0.5765,0.219191,42,2,73,303.36,0.9536,0.1293,0.010167,4.474
816888,520,376,896,210,82,208,328.33,0.8189,0.5957,0.242921,3,45,4,143.16,0.9889,0.1559,0.019048,4.242
816922,520,377,897,213,54,252,318.50,0.9853,0.6019,0.238145,13,23,97,268.45,0.9347,0.1574,0.015613,4.392
816923,520,444,964,225,65,8,35.98,0.9880,0.5425,0.198084,14,14,39,280.15,0.5766,0.0823,0.005539,4.467
816935,520,423,943,210,70,168,341.86,0.7802,0.5592,0.209111,4,13,78,266.44,0.9634,0.1131,0.008637,4.419
816938,520,395,915,245,69,48,30.49,0.9528,0.5884,0.238855,13,35,53,245.63,0.5775,0.1447,0.015446,4.414
816949,520,387,907,249,30,144,357.11,0.9662,0.5899,0.230853,16,39,33,174.66,0.5050,0.1483,0.016709,4.210
816961,520,420,940,218,20,202,332.47,0.9737,0.5567,0.196723,48,4,24,357.53,0.7940,0.1065,0.007813,4.268
816967,520,476,996,229,3,42,24.30,0.9978,0.5149,0.168933,7,0,1,9.43,1.0000,0.0219,0.000474,4.338
816969,520,438,958,191,21,251,313.53,0.9859,0.5481,0.185790,29,18,13,45.45,0.2973,0.0948,0.007229,4.120
816991,520,319,839,244,76,216,335.41,0.9390,0.6483,0.293626,32,39,117,272.53,0.8305,0.2223,0.030423,4.273
816996,520,457,977,189,16,236,316.33,0.9854,0.5306,0.172469,28,0,6,7.98,1.0000,0.0556,0.002601,4.229
817019,520,399,919,211,60,215,326.89,0.8933,0.5777,0.219888,57,13,37,350.44,0.6813,0.1412,0.012914,4.290
817020,520,445,965,156,71,253,300.04,0.9829,0.5382,0.186666,5,11,50,268.75,0.8888,0.0794,0.005019,4.302
817022,520,424,944,214,88,88,22.88,0.7320,0.5619,0.219824,30,25,13,87.81,0.3587,0.1133,0.010004,4.497
817048,520,453,973,197,65,173,335.91,0.7763,0.5340,0.186697,2,5,51,267.04,0.9670,0.0674,0.003604,4.416
817055,520,433,953,229,57,88,16.08,0.8828,0.5516,0.202917,2,26,32,216.34,0.8352,0.1006,0.008559,4.319
817073,520,423,943,158,83,254,299.32,0.9887,0.5573,0.206117,34,15,44,312.64,0.5841,0.1100,0.008636,4.368
817076,520,402,922,213,38,236,322.50,0.9643,0.5794,0.215904,5,27,63,259.42,0.8433,0.1267,0.011749,4.306
817112,520,247,767,234,133,240,325.10,0.9038,0.7237,0.405606,19,69,95,235.93,0.7387,0.2754,0.052207,4.458
817122,520,452,972,215,13,163,343.14,0.9705,0.5260,0.173816,12,0,57,279.80,1.0000,0.0726,0.003736,4.165
817174,520,330,850,251,39,234,332.17,0.9842,0.6433,0.279038,40,19,126,279.83,0.9345,0.2069,0.024231,4.433
817178,520,413,933,240,24,149,353.52,0.9672,0.5717,0.213516,57,3,16,13.11,0.8949,0.1213,0.009725,4.412
817190,520,450,970,189,45,229,317.31,0.9294,0.5397,0.183540,11,16,13,158.76,0.1758,0.0711,0.004708,4.269
817196,520,333,853,212,101,235,320.47,0.8727,0.6407,0.293041,39,46,70,271.14,0.3434,0.2049,0.028275,4.383
817198,520,431,951,191,78,192,327.31,0.7537,0.5513,0.203323,24,17,46,291.81,0.5636,0.1031,0.007923,4.373
817203,520,285,805,237,127,182,350.06,0.7570,0.6912,0.365629,45,66,11,128.56,0.8986,0.2514,0.044784,4.385
817205,520,161,681,246,186,137,60.23,0.7589,0.8053,0.565186,10,95,90,188.41,0.9340,0.3518,0.089867,4.398
817215,520,442,962,202,30,209,326.36,0.9477,0.5371,0.180903,20,11,29,305.83,0.4765,0.0757,0.004768,4.216
817217,520,379,899,255,66,33,32.20,1.0000,0.6036,0.252700,16,45,19,145.75,0.8399,0.1637,0.020339,4.303
817222,520,407,927,228,74,101,14.29,0.8176,0.5711,0.223338,56,11,10,25.78,0.8028,0.1280,0.011022,4.479
817247,520,407,927,179,94,212,315.60,0.7356,0.5696,0.223435,62,2,27,2.30,0.9037,0.1343,0.011469,4.448
817248,520,418,938,190,76,214,320.24,0.8169,0.5612,0.209723,49,14,22,8.87,0.6095,0.1217,0.010251,4.311
817249,520,355,875,252,29,192,343.17,0.9808,0.6168,0.253833,76,20,0,39.46,1.0000,0.1802,0.020371,4.318
817255,520,397,917,228,87,56,33.97,0.8703,0.5799,0.235986,20,30,63,268.67,0.5907,0.1425,0.014361,4.443
817259,520,398,918,249,48,27,30.37,0.9774,0.5758,0.223364,12,32,63,258.95,0.6844,0.1430,0.014700,4.225
817266,520,451,971,213,10,195,333.11,0.9848,0.5403,0.183055,4,14,33,259.74,0.6709,0.0708,0.004497,4.276
817281,520,435,955,239,41,54,24.69,0.9602,0.5528,0.202062,25,17,21,347.14,0.1949,0.0901,0.006617,4.452
817286,520,462,982,193,35,222,320.44,0.9447,0.5341,0.178149,26,0,0,29.23,1.0000,0.0501,0.002197,4.371
817307,520,350,870,248,7,239,330.36,0.9980,0.6315,0.263434,15,35,103,266.06,0.8908,0.1893,0.022828,4.304
817309,520,402,922,174,83,253,304.93,0.9792,0.5766,0.222777,44,23,22,22.97,0.3725,0.1302,0.012063,4.395
817316,520,407,927,149,109,224,297.34,0.7269,0.5667,0.227088,35,23,47,306.07,0.4460,0.1291,0.011754,4.487
817328,520,464,984,210,48,128,355.89,0.8321,0.5190,0.173763,9,10,8,128.21,0.0901,0.0539,0.002927,4.228
817362,520,344,864,254,89,20,38.67,0.9939,0.6273,0.282696,59,40,19,67.45,0.5251,0.1925,0.024945,4.439
817373,520,441,961,208,63,141,351.54,0.7772,0.5353,0.188901,39,10,9,24.80,0.6510,0.0940,0.006682,4.215
817379,520,374,894,251,58,94,16.35,0.9688,0.5969,0.243470,40,32,59,296.49,0.4132,0.1633,0.017999,4.316
817387,520,330,850,247,27,247,328.30,0.9912,0.6398,0.272763,45,32,109,284.01,0.7751,0.2115,0.026950,4.194
817393,520,417,937,235,58,96,14.01,0.8894,0.5661,0.215358,0,33,39,211.94,1.0000,0.1244,0.012341,4.257
817397,520,421,941,242,33,97,11.75,0.9580,0.5624,0.208313,11,25,47,259.10,0.5783,0.1120,0.009716,4.326
817413,520,470,990,178,43,229,314.06,0.9285,0.5209,0.168509,19,1,9,350.42,0.7779,0.0445,0.001799,4.218
817421,520,408,928,235,59,120,5.21,0.8717,0.5737,0.221491,8,36,15,148.98,0.8853,0.1292,0.013478,4.277
817427,520,282,802,244,138,44,56.51,0.9269,0.6912,0.375946,29,70,2,136.69,0.9931,0.2531,0.046458,4.416
817440,520,396,916,148,114,226,295.34,0.7240,0.5766,0.238216,32,33,16,111.32,0.4147,0.1381,0.014322,4.481
817447,520,208,728,191,174,250,294.07,0.8301,0.7588,0.482506,8,82,94,212.29,0.9129,0.3121,0.068940,4.477
817451,520,479,999,219,32,79,14.88,0.9371,0.5102,0.166603,0,0,2,264.05,1.0000,0.0079,0.000044,4.328
817463,520,418,938,139,108,232,291.82,0.7782,0.5598,0.220402,2,29,43,234.60,0.8521,0.1156,0.010660,4.458
817464,520,437,957,227,19,159,347.35,0.9659,0.5490,0.193026,21,21,13,107.75,0.2405,0.0928,0.007248,4.245
817493,520,389,909,235,60,167,348.07,0.8794,0.5927,0.236867,3,17,104,265.18,0.9764,0.1522,0.014196,4.469
817512,520,357,877,214,91,227,323.76,0.8591,0.6249,0.273261,17,44,68,247.89,0.6110,0.1827,0.023378,4.405
817526,520,453,973,203,18,201,328.85,0.9690,0.5284,0.173480,5,16,20,221.67,0.4429,0.0692,0.004533,4.098
817527,520,452,972,112,100,243,281.83,0.8915,0.5276,0.190297,20,4,40,299.78,0.8086,0.0707,0.003888,4.459
817529,520,412,932,186,81,224,315.87,0.8283,0.5686,0.217069,12,33,23,161.32,0.5760,0.1237,0.012277,4.288
817533,520,308,828,249,109,137,10.18,0.8882,0.6654,0.328862,56,54,43,98.78,0.1675,0.2321,0.036535,4.378
817535,520,478,998,113,95,234,284.04,0.8410,0.5113,0.176353,2,2,5,283.18,0.3513,0.0245,0.000673,4.467
817538,520,413,933,242,1,145,354.74,0.9988,0.5683,0.209465,26,29,5,115.64,0.7229,0.1183,0.011093,4.247
817540,520,389,909,247,22,151,354.22,0.9770,0.5856,0.225857,5,23,96,265.28,0.9517,0.1528,0.014895,4.251
817551,520,452,972,203,41,187,332.80,0.8887,0.5307,0.178721,4,17,24,231.57,0.5615,0.0729,0.004926,4.164
817555,520,375,895,242,73,103,14.82,0.8925,0.5965,0.246248,1,46,3,143.39,0.9966,0.1585,0.019669,4.252
817586,520,413,933,244,9,121,3.06,0.9907,0.5651,0.208123,11,6,84,271.00,0.9794,0.1151,0.008414,4.419
817594,520,326,846,255,26,244,330.74,1.0000,0.6514,0.285336,70,39,2,64.70,0.9225,0.2051,0.027577,4.323
817595,520,273,793,227,132,210,333.89,0.7508,0.6978,0.374883,77,55,41,53.57,0.3253,0.2611,0.044704,4.486
817603,520,473,993,218,53,31,31.07,0.9458,0.5172,0.175532,1,5,7,220.92,0.5658,0.0336,0.001303,4.396
817614,520,325,845,237,78,237,327.90,0.9359,0.6512,0.295701,31,41,104,271.67,0.7433,0.2129,0.028765,4.389
817616,520,376,896,168,105,244,301.98,0.8650,0.5955,0.249600,11,31,84,264.61,0.8635,0.1588,0.016911,4.478
817617,520,449,969,198,17,229,320.42,0.9831,0.5401,0.180654,22,13,10,39.20,0.2636,0.0741,0.004804,4.209
817621,520,446,966,209,84,24,41.78,0.9253,0.5383,0.199641,21,14,27,308.43,0.3513,0.0816,0.005526,4.496
817644,520,456,976,174,32,254,307.79,0.9949,0.5297,0.171883,16,9,12,351.26,0.2203,0.0597,0.003321,4.161
817646,520,362,882,226,94,138,2.07,0.7328,0.6054,0.260116,38,46,16,122.02,0.6238,0.1829,0.024035,4.189
817649,520,340,860,232,85,210,334.18,0.8712,0.6353,0.283083,16,57,4,139.69,0.9848,0.2026,0.030451,4.140
817654,520,356,876,240,71,192,341.53,0.8977,0.6239,0.268403,13,48,38,171.05,0.7239,0.1777,0.023393,4.338
817669,520,421,941,210,24,221,325.49,0.9733,0.5569,0.195773,40,19,0,63.28,1.0000,0.1104,0.009169,4.154
817675,520,361,881,251,14,202,340.11,0.9929,0.6158,0.250909,80,11,17,22.29,0.8835,0.1805,0.019856,4.308
817693,520,430,950,192,31,251,313.61,0.9815,0.5539,0.191527,0,29,19,167.05,1.0000,0.1034,0.009257,4.076
817706,520,330,850,216,113,194,335.81,0.6932,0.6425,0.303060,18,59,10,140.72,0.9643,0.2109,0.032783,4.265
817720,520,430,950,215,70,132,357.97,0.7689,0.5523,0.204956,22,14,53,287.43,0.7030,0.1009,0.007417,4.440
817725,520,318,838,236,101,212,334.99,0.8749,0.6632,0.318961,30,61,13,136.55,0.9238,0.2244,0.036425,4.269
817735,520,347,867,244,67,192,342.34,0.9226,0.6270,0.270561,73,17,69,330.97,0.7398,0.1945,0.022472,4.423
817751,520,375,895,228,97,60,36.49,0.8455,0.5953,0.253722,27,31,78,275.31,0.6672,0.1629,0.017630,4.491
817754,520,384,904,246,54,133,1.80,0.9237,0.5947,0.239279,63,10,43,347.14,0.7507,0.1523,0.014484,4.486
817762,520,424,944,240,45,67,21.91,0.9486,0.5595,0.208106,11,22,55,266.81,0.7073,0.1107,0.009208,4.359
817763,520,427,947,212,58,187,335.45,0.8508,0.5603,0.206131,11,20,53,268.53,0.7087,0.1043,0.008285,4.394
817783,520,369,889,216,91,189,336.78,0.7592,0.6065,0.257572,49,26,76,302.08,0.6509,0.1746,0.019136,4.449
817792,520,262,782,229,124,252,320.19,0.9764,0.7090,0.381033,46,66,46,144.62,0.3752,0.2588,0.046744,4.455
817809,520,341,861,243,68,206,337.91,0.9288,0.6335,0.276480,12,37,110,264.78,0.9107,0.2001,0.025269,4.337
817828,520,379,899,231,27,229,328.77,0.9821,0.6000,0.234324,26,35,65,269.57,0.4984,0.1613,0.018033,4.179
817843,520,409,929,248,35,26,29.09,0.9800,0.5653,0.212367,3,24,76,262.88,0.9450,0.1311,0.011943,4.236
817847,520,442,962,154,102,187,311.09,0.5695,0.5352,0.199611,22,13,29,309.15,0.4207,0.0818,0.005471,4.500
817854,520,113,633,226,208,250,304.63,0.7903,0.8666,0.681829,1,107,92,178.58,0.9957,0.3899,0.112940,4.491
817857,520,459,979,196,1,219,322.40,0.9987,0.5251,0.168736,1,17,1,142.85,0.9825,0.0628,0.004095,4.044
817903,520,269,789,237,123,209,337.30,0.8405,0.6961,0.367761,7,74,24,146.67,0.9855,0.2614,0.050085,4.174
817908,520,397,917,197,76,227,319.01,0.8620,0.5806,0.225866,46,10,68,308.74,0.8068,0.1397,0.012153,4.438
817926,520,464,984,211,14,163,342.16,0.9648,0.5185,0.168095,2,1,46,268.50,0.9916,0.0538,0.002319,4.169
817935,520,313,833,211,115,240,317.89,0.8751,0.6636,0.324030,27,56,62,212.60,0.4536,0.2207,0.034090,4.448
817943,520,261,781,233,155,32,71.47,0.9327,0.7088,0.408728,32,71,65,182.46,0.5305,0.2717,0.051950,4.500
817957,520,459,979,206,10,196,331.02,0.9829,0.5282,0.173264,7,11,19,262.40,0.3124,0.0585,0.003315,4.188
817962,520,397,917,229,37,200,335.79,0.9503,0.5827,0.221538,40,28,38,332.17,0.2488,0.1420,0.014216,4.229
817963,520,456,976,199,47,185,332.29,0.8592,0.5270,0.176797,1,14,24,237.84,0.8095,0.0631,0.003865,4.211
817965,520,470,990,194,63,161,339.42,0.7617,0.5200,0.175992,9,3,23,296.38,0.7158,0.0446,0.001851,4.359
817968,520,341,861,255,67,156,356.61,1.0000,0.6310,0.276781,4,32,120,264.14,0.9544,0.1988,0.024147,4.407
817974,520,418,938,209,62,193,332.74,0.8427,0.5626,0.208527,37,16,45,315.91,0.5775,0.1167,0.009534,4.343
818000,520,198,718,229,164,225,328.63,0.7300,0.7670,0.486465,67,83,19,122.64,0.8372,0.3245,0.074268,4.317
818003,520,447,967,227,37,113,4.19,0.9162,0.5388,0.188491,7,9,55,271.59,0.9127,0.0823,0.005164,4.323
818005,520,371,891,225,109,0,51.52,1.0000,0.6063,0.269473,21,44,49,213.30,0.4277,0.1738,0.021825,4.448
818007,520,405,925,244,35,140,357.71,0.9501,0.5809,0.223319,0,38,12,150.04,1.0000,0.1316,0.014127,4.262
818015,520,458,978,229,21,108,5.32,0.9635,0.5335,0.182800,26,0,17,342.86,1.0000,0.0562,0.002601,4.426
818023,520,419,939,216,38,196,333.65,0.9279,0.5575,0.199729,15,16,65,274.63,0.8374,0.1100,0.008538,4.266
818028,520,363,883,232,57,212,333.34,0.9280,0.6085,0.248380,71,17,19,22.49,0.7662,0.1684,0.017877,4.396
818029,520,362,882,245,12,206,337.74,0.9933,0.6065,0.241347,35,30,93,280.56,0.7443,0.1819,0.020761,4.117
818031,520,418,938,203,79,162,342.77,0.7192,0.5557,0.208989,2,32,31,191.76,0.8943,0.1185,0.011448,4.215
818038,520,469,989,217,57,69,21.81,0.8764,0.5241,0.181102,3,4,19,274.39,0.6609,0.0387,0.001532,4.485
818057,520,398,918,243,16,166,348.62,0.9839,0.5826,0.221816,44,19,63,307.64,0.6677,0.1450,0.013601,4.274
818058,520,339,859,192,124,207,320.20,0.6184,0.6359,0.301277,4,52,67,224.76,0.8926,0.2016,0.028869,4.454
818068,520,430,950,192,0,253,313.63,1.0000,0.5464,0.182996,33,18,16,27.86,0.3254,0.1011,0.007934,4.022
818076,520,418,938,230,54,117,4.89,0.8717,0.5587,0.207485,28,27,28,325.66,0.0274,0.1209,0.011146,4.211
818077,520,422,942,235,26,132,358.27,0.9562,0.5558,0.200699,1,12,75,264.53,0.9706,0.1062,0.007773,4.339
818079,520,381,901,202,84,232,318.90,0.8715,0.6013,0.247248,24,32,72,271.77,0.6238,0.1577,0.016950,4.440
818084,520,416,936,171,79,254,304.11,0.9899,0.5683,0.214062,14,32,15,145.26,0.6404,0.1195,0.011608,4.286
818085,520,433,953,192,38,243,315.17,0.9605,0.5510,0.190651,21,21,29,284.87,0.1890,0.0987,0.007845,4.160
818089,520,459,979,202,57,165,340.07,0.8031,0.5297,0.182013,21,8,8,20.13,0.3829,0.0624,0.003506,4.336
818092,520,465,985,221,21,120,359.53,0.9512,0.5211,0.172672,15,5,13,333.88,0.4356,0.0503,0.002392,4.250
818105,520,412,932,244,42,69,21.26,0.9571,0.5660,0.213221,16,30,21,155.37,0.4015,0.1163,0.010928,4.320
818107,520,407,927,250,26,45,25.60,0.9857,0.5668,0.212559,61,6,13,19.75,0.8747,0.1329,0.011516,4.268
818113,520,408,928,228,12,191,337.91,0.9864,0.5661,0.205211,6,12,93,267.08,0.9766,0.1320,0.010919,4.189
818126,520,453,973,237,18,6,29.56,0.9950,0.5337,0.184536,27,6,3,34.14,0.6958,0.0655,0.003699,4.368
818127,520,441,961,222,66,15,35.87,0.9756,0.5380,0.194632,24,19,8,86.17,0.4015,0.0898,0.006775,4.309
818146,520,281,801,188,155,189,325.26,0.3232,0.6863,0.378087,40,68,8,132.12,0.9492,0.2538,0.046028,4.458
818150,520,375,895,226,99,70,34.28,0.8055,0.5964,0.255372,18,41,43,202.87,0.4503,0.1599,0.018888,4.433
818153,520,341,861,248,18,233,331.74,0.9937,0.6297,0.262753,80,1,80,328.34,0.9647,0.2019,0.023066,4.280
818159,520,76,596,253,215,248,330.40,0.9782,0.9078,0.762618,35,119,20,141.10,0.9818,0.4212,0.136010,4.369
818161,520,437,957,193,48,226,319.13,0.9207,0.5460,0.189438,7,14,51,269.28,0.8341,0.0873,0.005982,4.277
818162,520,458,978,191,83,133,353.63,0.6319,0.5288,0.189579,2,12,30,256.58,0.7588,0.0628,0.003696,4.462
818186,520,424,944,248,15,39,25.98,0.9931,0.5582,0.204482,14,1,85,273.27,0.9960,0.1117,0.007709,4.410
818188,520,355,875,234,46,242,326.28,0.9711,0.6233,0.258597,29,46,23,137.89,0.5485,0.1763,0.022770,4.241
818191,520,433,953,179,50,252,308.99,0.9824,0.5473,0.188941,10,4,76,271.81,0.9819,0.1013,0.006731,4.212
818196,520,418,938,193,64,221,319.84,0.8720,0.5569,0.202261,57,3,14,15.42,0.9051,0.1208,0.009668,4.228
818203,520,420,940,141,95,253,291.94,0.9729,0.5553,0.209389,44,11,20,6.35,0.6234,0.1074,0.008254,4.453
818209,520,26,546,243,252,193,114.89,0.9441,0.9651,0.925258,16,133,15,142.58,0.9928,0.4628,0.169190,4.449
818215,520,320,840,204,122,203,327.43,0.6384,0.6458,0.310695,59,44,56,333.34,0.2273,0.2144,0.030168,4.499
818250,520,336,856,248,102,40,40.70,0.9512,0.6358,0.296156,8,55,31,155.86,0.9333,0.1973,0.028828,4.391
818257,520,449,969,235,25,87,13.58,0.9679,0.5418,0.190487,30,5,8,14.73,0.6685,0.0698,0.004021,4.452
818258,520,452,972,206,15,191,332.42,0.9714,0.5262,0.172270,22,7,25,320.87,0.5583,0.0685,0.003927,4.122
818267,520,476,996,226,4,27,26.85,0.9974,0.5072,0.163377,6,0,3,344.76,1.0000,0.0216,0.000453,4.229
818281,520,394,914,212,85,176,340.23,0.7430,0.5854,0.236306,17,35,40,217.55,0.3921,0.1396,0.014744,4.422
818283,520,285,805,220,141,171,355.56,0.5482,0.6890,0.372073,34,68,34,143.91,0.7216,0.2535,0.045897,4.401
818284,520,309,829,252,47,251,328.43,0.9905,0.6601,0.296965,73,21,101,310.58,0.7959,0.2243,0.028925,4.396
818290,520,477,997,226,20,34,26.50,0.9849,0.5123,0.167875,8,0,0,29.23,1.0000,0.0228,0.000516,4.313
818293,520,407,927,244,55,47,28.20,0.9548,0.5729,0.221741,26,34,6,123.40,0.7621,0.1333,0.013768,4.261
818307,520,343,863,237,64,227,330.58,0.9408,0.6319,0.272199,86,3,43,359.51,0.9148,0.1945,0.022183,4.464
818312,520,330,850,167,135,219,300.71,0.6101,0.6351,0.306581,40,53,33,135.01,0.3832,0.2100,0.031071,4.398
818313,520,469,989,174,48,226,313.30,0.9097,0.5163,0.166045,1,8,5,169.33,0.7541,0.0409,0.001911,4.162
818332,520,328,848,254,103,12,43.31,0.9931,0.6465,0.308013,40,55,18,128.03,0.7065,0.2131,0.032271,4.352
818333,520,434,954,238,35,66,20.97,0.9627,0.5488,0.197758,5,27,18,164.24,0.7492,0.0997,0.008598,4.228
818342,520,480,1000,192,75,104,7.92,0.6742,0.5082,0.172398,0,0,0,0.00,0.0000,0.0000,0.000000,4.448
818353,520,269,789,211,147,204,330.43,0.5635,0.7026,0.390771,3,73,51,164.82,0.9810,0.2633,0.050232,4.397
818358,520,387,907,254,29,106,10.16,0.9925,0.5873,0.229939,9,42,7,142.21,0.9578,0.1484,0.017293,4.160
818370,520,187,707,250,159,230,335.20,0.9554,0.7854,0.508355,12,86,98,211.88,0.8834,0.3275,0.076152,4.426
818393,520,437,957,212,42,195,332.90,0.9102,0.5523,0.195952,16,21,19,169.24,0.1323,0.0900,0.006935,4.320
818397,520,446,966,196,76,168,337.87,0.7230,0.5432,0.197334,4,17,34,253.96,0.6621,0.0786,0.005422,4.463
818411,520,452,972,233,20,11,29.36,0.9903,0.5259,0.178513,24,4,39,307.23,0.7934,0.0749,0.004275,4.210
818415,520,438,958,214,34,201,331.72,0.9408,0.5549,0.196594,24,17,20,350.83,0.1681,0.0885,0.006456,4.368
818426,520,421,941,206,64,191,332.51,0.8268,0.5584,0.205520,41,18,0,59.47,1.0000,0.1100,0.009041,4.328
818453,520,404,924,241,42,133,359.94,0.9291,0.5765,0.220533,63,0,25,4.26,1.0000,0.1334,0.011271,4.415
818454,520,441,961,221,33,156,347.30,0.9178,0.5420,0.188627,11,24,10,142.59,0.5839,0.0921,0.007463,4.153
818460,520,298,818,250,62,252,327.63,0.9906,0.6674,0.308003,87,18,75,336.03,0.7606,0.2258,0.029671,4.493
818464,520,363,883,231,4,246,324.94,0.9985,0.6062,0.237320,72,2,52,343.62,0.9006,0.1676,0.016693,4.308
818493,520,480,1000,218,48,16,32.25,0.9769,0.5116,0.170594,0,0,0,0.00,0.0000,0.0000,0.000000,4.412
818494,520,461,981,222,41,100,8.56,0.8998,0.5275,0.180383,10,7,6,42.37,0.1308,0.0474,0.002296,4.405
818505,520,466,986,193,43,194,327.83,0.8797,0.5192,0.169618,16,1,25,312.47,0.8543,0.0486,0.002021,4.222
818506,520,364,884,223,74,215,330.13,0.8830,0.6112,0.254940,60,31,2,61.09,0.8932,0.1702,0.019451,4.391
818514,520,437,957,232,48,81,17.44,0.9191,0.5482,0.198668,26,13,40,304.01,0.5796,0.0934,0.006607,4.393
818515,520,379,899,244,33,185,343.49,0.9654,0.6000,0.238267,40,26,70,295.01,0.6149,0.1583,0.016321,4.347
818528,520,364,884,216,71,238,322.09,0.9236,0.6117,0.252803,46,37,30,59.77,0.1930,0.1695,0.019978,4.327
818537,520,399,919,232,82,15,39.29,0.9777,0.5771,0.232278,26,33,43,257.28,0.2290,0.1421,0.014817,4.355
818562,520,427,947,243,29,85,15.39,0.9695,0.5597,0.205927,15,16,58,275.79,0.7727,0.1031,0.007776,4.430
818593,520,437,957,221,4,192,335.92,0.9945,0.5520,0.192672,37,3,40,324.63,0.8119,0.0934,0.006117,4.324
818597,520,365,885,184,102,247,307.68,0.9081,0.6124,0.264092,51,34,37,7.28,0.2403,0.1710,0.019815,4.499
818603,520,470,990,217,2,157,345.44,0.9952,0.5243,0.172319,1,5,26,263.99,0.8889,0.0437,0.001896,4.284
818608,520,416,936,255,10,62,21.60,1.0000,0.5746,0.218287,54,9,13,20.18,0.7860,0.1220,0.010088,4.465
818614,520,406,926,249,55,60,25.43,0.9698,0.5844,0.232019,23,33,19,137.00,0.3918,0.1302,0.013169,4.465
818651,520,442,962,241,17,45,24.77,0.9900,0.5445,0.192945,5,18,32,250.38,0.5901,0.0805,0.005691,4.362
818653,520,269,789,252,116,185,350.78,0.9460,0.6972,0.366919,42,64,64,195.97,0.2735,0.2560,0.045291,4.375
818666,520,447,967,174,75,220,313.14,0.8206,0.5407,0.191990,25,11,21,338.22,0.3949,0.0778,0.005002,4.400
818680,520,322,842,241,109,137,9.09,0.8027,0.6523,0.314470,18,58,41,162.37,0.7513,0.2140,0.033147,4.383
818689,520,290,810,222,112,250,319.11,0.9613,0.6799,0.340217,14,68,18,144.07,0.9691,0.2415,0.042711,4.209
818697,520,381,901,240,9,214,334.57,0.9949,0.6015,0.235786,10,43,47,206.45,0.6855,0.1643,0.019974,4.084
818700,520,288,808,237,112,215,334.57,0.8739,0.6819,0.345014,68,51,48,29.92,0.1948,0.2407,0.038101,4.484
818731,520,370,890,238,37,217,333.40,0.9696,0.6090,0.245128,24,19,105,274.09,0.9347,0.1673,0.016798,4.418
818736,520,392,912,238,36,187,341.62,0.9545,0.5913,0.230296,37,36,21,104.85,0.3331,0.1534,0.017092,4.178
818743,520,388,908,197,81,228,318.50,0.8552,0.5874,0.233579,8,37,62,248.36,0.7331,0.1544,0.017225,4.218
818744,520,468,988,144,88,217,300.63,0.7589,0.5182,0.179187,2,4,26,269.50,0.8596,0.0423,0.001743,4.429
818760,520,308,828,252,82,225,334.93,0.9835,0.6726,0.321692,5,56,87,242.36,0.8764,0.2272,0.035485,4.348
818764,520,430,950,236,41,59,23.34,0.9547,0.5473,0.197377,20,1,76,280.56,0.9907,0.1046,0.006922,4.346
818775,520,410,930,233,21,185,340.84,0.9748,0.5746,0.213655,2,14,88,265.03,0.9739,0.1262,0.010315,4.371
818779,520,352,872,221,97,176,343.88,0.7292,0.6167,0.270582,42,40,67,286.37,0.3723,0.1903,0.024151,4.323
818803,520,13,533,232,255,247,172.91,1.0000,0.9779,0.953905,62,131,34,138.30,0.9467,0.4723,0.173717,4.487
818811,520,402,922,227,34,196,336.40,0.9510,0.5752,0.214630,47,13,54,320.39,0.7051,0.1336,0.011586,4.297
818817,520,410,930,220,58,170,343.26,0.8467,0.5653,0.211464,43,19,38,335.35,0.4823,0.1270,0.011193,4.273
818827,520,409,929,213,72,166,343.59,0.7786,0.5657,0.215361,12,35,31,180.75,0.5448,0.1328,0.013791,4.160
818829,520,477,997,172,38,235,311.02,0.9457,0.5133,0.161560,1,2,3,240.75,0.2913,0.0220,0.000564,4.184
818832,520,418,938,248,9,62,21.13,0.9950,0.5596,0.205032,31,6,71,292.41,0.8984,0.1172,0.008765,4.340
818855,520,371,891,247,46,175,347.50,0.9430,0.6078,0.248265,60,15,67,321.99,0.7433,0.1676,0.017077,4.447
818861,520,379,899,188,101,216,317.35,0.7415,0.5956,0.249576,11,43,32,167.16,0.7348,0.1584,0.019031,4.340
818885,520,480,1000,182,44,206,321.07,0.8880,0.5100,0.162040,0,0,0,0.00,0.0000,0.0000,0.000000,4.241
818890,520,376,896,185,89,254,307.82,0.9889,0.5999,0.246156,17,43,41,188.82,0.5123,0.1647,0.020069,4.227
818904,520,409,929,253,20,60,22.33,0.9908,0.5727,0.217130,57,11,10,25.85,0.8106,0.1300,0.011313,4.357
818919,520,384,904,251,61,42,30.06,0.9818,0.5917,0.240175,20,37,36,191.06,0.3359,0.1458,0.015992,4.397
818928,520,465,985,185,29,226,317.28,0.9581,0.5209,0.166853,21,1,6,2.83,0.8028,0.0463,0.001943,4.175
818929,520,386,906,254,3,138,359.23,0.9977,0.5902,0.229746,57,3,68,319.82,0.8992,0.1505,0.013524,4.404
818930,520,356,876,226,60,241,324.32,0.9489,0.6195,0.257535,16,44,69,248.19,0.6337,0.1829,0.023411,4.189
818932,520,443,963,220,1,179,339.38,0.9983,0.5418,0.184945,14,20,9,131.59,0.4009,0.0828,0.006134,4.185
818934,520,407,927,233,26,171,345.08,0.9608,0.5691,0.210055,35,16,66,296.20,0.7378,0.1306,0.011213,4.248
818940,520,460,980,214,64,84,17.48,0.8211,0.5290,0.186054,0,7,41,262.45,1.0001,0.0596,0.003120,4.444
818946,520,381,901,225,100,83,29.84,0.7804,0.5985,0.257489,13,41,55,233.29,0.6174,0.1637,0.019472,4.426
818949,520,374,894,241,68,136,1.32,0.8759,0.5990,0.246157,25,29,80,274.68,0.7222,0.1587,0.016645,4.444
818954,520,367,887,217,70,230,324.42,0.9085,0.6069,0.248471,42,24,84,291.89,0.7310,0.1693,0.017856,4.399
818955,520,420,940,218,66,145,352.69,0.7960,0.5583,0.208485,12,31,7,139.31,0.8662,0.1135,0.010734,4.256
818990,520,439,959,237,17,119,2.74,0.9768,0.5521,0.197405,31,4,42,314.47,0.8006,0.0870,0.005453,4.461
818992,520,468,988,229,8,82,13.66,0.9901,0.5227,0.174439,1,8,6,177.76,0.7246,0.0412,0.001933,4.322
818993,520,474,994,228,28,6,30.32,0.9939,0.5185,0.173406,11,1,10,330.55,0.7295,0.0345,0.001148,4.368
819000,520,344,864,162,127,243,295.51,0.8097,0.6282,0.293312,26,50,40,165.54,0.4447,0.1919,0.026539,4.485
819004,520,327,847,251,111,39,43.67,0.9680,0.6548,0.320278,7,60,22,147.99,0.9740,0.2123,0.033347,4.443
819010,520,400,920,224,93,14,44.08,0.9705,0.5785,0.237103,31,32,27,116.29,0.1065,0.1373,0.014035,4.484
819012,520,365,885,214,105,155,353.05,0.6382,0.6094,0.267678,22,46,24,145.88,0.6486,0.1716,0.021904,4.418
819034,520,450,970,208,49,186,334.55,0.8695,0.5450,0.191537,20,7,35,302.28,0.6756,0.0723,0.004220,4.455
819035,520,445,965,235,9,109,5.56,0.9881,0.5428,0.189648,30,3,39,316.67,0.8135,0.0816,0.004877,4.367
819036,520,416,936,249,32,35,27.66,0.9818,0.5665,0.212977,22,21,55,280.99,0.6043,0.1165,0.009827,4.396
819038,520,338,858,248,68,201,340.58,0.9520,0.6395,0.283108,72,33,1,54.44,0.9517,0.1954,0.024678,4.461
819102,520,438,958,221,58,135,356.55,0.8284,0.5516,0.201500,15,14,43,280.80,0.6275,0.0862,0.005900,4.499
819106,520,446,966,213,71,108,8.54,0.7645,0.5418,0.197376,8,19,15,169.42,0.3734,0.0774,0.005518,4.456
819111,520,459,979,214,63,98,11.43,0.8056,0.5313,0.187354,12,8,18,302.44,0.3449,0.0559,0.002955,4.482
819120,520,421,941,221,65,137,356.52,0.8058,0.5595,0.209614,10,18,67,269.45,0.8767,0.1127,0.009023,4.398
819139,520,465,985,214,4,160,343.77,0.9899,0.5204,0.169234,3,8,29,266.15,0.7438,0.0545,0.002817,4.151
819140,520,455,975,168,49,253,305.47,0.9880,0.5317,0.176140,1,3,46,266.12,0.9792,0.0571,0.002688,4.292
819147,520,363,883,231,75,191,339.73,0.8575,0.6122,0.257852,58,24,60,325.28,0.5898,0.1726,0.018792,4.475
819168,520,344,864,239,18,253,325.21,0.9947,0.6276,0.258778,65,27,59,333.66,0.5626,0.1887,0.022236,4.275
819170,520,419,939,236,27,132,358.51,0.9553,0.5583,0.202857,7,27,42,243.57,0.6264,0.1119,0.009962,4.217
819180,520,396,916,234,44,163,348.38,0.9161,0.5766,0.219410,24,37,12,131.77,0.6656,0.1418,0.015438,4.117
819186,520,459,979,212,20,173,339.32,0.9536,0.5279,0.175167,11,10,21,287.44,0.3426,0.0606,0.003424,4.215
819200,520,470,990,217,1,154,346.40,0.9975,0.5225,0.171090,15,0,23,314.52,1.0000,0.0436,0.001634,4.282
819203,520,370,890,253,69,62,27.36,0.9882,0.6055,0.254903,12,49,2,139.56,0.9901,0.1730,0.022791,4.189
819204,520,452,972,172,87,181,323.67,0.6525,0.5294,0.189242,5,19,9,152.85,0.6558,0.0736,0.005177,4.336
819206,520,340,860,229,85,234,326.42,0.9135,0.6445,0.290977,19,46,80,255.40,0.6537,0.1979,0.026715,4.445
819211,520,302,822,241,121,115,24.46,0.8149,0.6661,0.336160,12,60,60,195.01,0.7907,0.2258,0.036360,4.472
819228,520,456,976,198,59,172,336.44,0.7975,0.5286,0.181140,9,10,24,279.01,0.4306,0.0606,0.003411,4.328
819240,520,409,929,220,64,163,346.07,0.8208,0.5677,0.215291,61,2,6,23.98,0.9671,0.1268,0.010488,4.386
819273,520,319,839,240,100,172,351.05,0.8292,0.6497,0.306208,37,51,67,252.22,0.2993,0.2154,0.031661,4.362
819280,520,455,975,167,70,221,310.79,0.8340,0.5251,0.178170,18,7,10,1.07,0.3474,0.0571,0.003025,4.303
819283,520,408,928,247,42,49,26.14,0.9677,0.5694,0.216554,55,10,26,3.07,0.7193,0.1290,0.011040,4.367
819301,520,413,933,240,53,93,14.90,0.9161,0.5708,0.218650,0,25,64,257.73,1.0000,0.1201,0.010654,4.429
819315,520,161,681,209,189,254,298.51,0.9431,0.8106,0.571064,35,97,34,143.05,0.9343,0.3498,0.090219,4.429
819327,520,388,908,251,43,102,12.08,0.9703,0.5876,0.231999,24,21,87,276.45,0.8594,0.1493,0.014186,4.393
819329,520,420,940,190,76,218,319.13,0.8283,0.5639,0.211792,14,23,48,267.08,0.5605,0.1094,0.009195,4.423
819330,520,401,921,244,18,161,350.40,0.9814,0.5828,0.222422,19,22,77,273.70,0.8270,0.1366,0.012480,4.360
819337,520,478,998,188,20,205,323.58,0.9606,0.5055,0.156009,4,1,1,21.00,0.4725,0.0215,0.000497,4.080
819343,520,456,976,227,22,114,2.89,0.9574,0.5317,0.181225,28,1,12,356.18,0.8314,0.0596,0.002952,4.367
819351,520,444,964,183,86,171,332.30,0.6525,0.5386,0.196644,23,16,0,90.45,1.0000,0.0796,0.005528,4.442
819354,520,366,886,236,38,216,333.18,0.9663,0.6054,0.241796,24,45,10,134.98,0.8675,0.1671,0.020928,4.114
819371,520,366,886,243,15,223,333.02,0.9931,0.6137,0.247270,23,25,98,273.12,0.8871,0.1680,0.017592,4.398
819391,520,407,927,193,77,225,318.19,0.8491,0.5745,0.220827,25,32,0,120.74,1.0000,0.1253,0.012397,4.340
819392,520,448,968,216,61,124,0.33,0.8038,0.5412,0.193940,38,2,24,347.01,0.8098,0.0842,0.005215,4.418
819395,520,392,912,192,89,223,317.69,0.8120,0.5875,0.236801,21,28,71,272.25,0.6871,0.1452,0.014448,4.450
819400,520,466,986,208,72,67,25.98,0.8100,0.5241,0.184521,7,9,11,245.02,0.1139,0.0509,0.002647,4.455
819403,520,331,851,231,74,245,324.39,0.9586,0.6428,0.284813,15,46,86,256.24,0.7432,0.2008,0.027273,4.333
819405,520,344,864,216,108,175,344.00,0.6666,0.6256,0.284211,16,45,76,252.38,0.6733,0.1907,0.025086,4.451
819410,520,430,950,203,74,154,345.74,0.7304,0.5454,0.199290,36,13,14,18.64,0.4974,0.0952,0.006947,4.378
819425,520,434,954,231,12,149,351.35,0.9811,0.5503,0.194247,9,22,39,255.69,0.5365,0.0976,0.007783,4.227
819433,520,444,964,219,45,139,353.45,0.8670,0.5383,0.188034,20,1,58,288.60,0.9753,0.0830,0.004759,4.347
819435,520,470,990,173,41,237,310.77,0.9423,0.5186,0.165854,10,5,7,350.42,0.2397,0.0429,0.001884,4.160
819438,520,358,878,254,49,169,350.96,0.9908,0.6202,0.261355,13,48,50,200.48,0.6659,0.1828,0.024297,4.191
819450,520,421,941,233,7,168,345.74,0.9907,0.5622,0.203056,12,28,24,176.08,0.4209,0.1087,0.009746,4.236
819454,520,376,896,249,39,168,349.83,0.9556,0.6043,0.244213,51,33,5,74.68,0.7887,0.1610,0.018026,4.325
819461,520,432,952,193,56,220,320.39,0.8904,0.5483,0.193345,49,2,15,9.68,0.8913,0.1026,0.007310,4.246
819489,520,414,934,162,90,254,299.90,0.9869,0.5722,0.221498,1,26,58,255.06,0.9423,0.1178,0.010507,4.487
819493,520,450,970,238,12,27,27.39,0.9940,0.5351,0.185225,4,17,26,238.37,0.5785,0.0739,0.005013,4.276
819505,520,476,996,195,74,82,19.55,0.7179,0.5061,0.171107,2,1,9,287.91,0.7237,0.0230,0.000543,4.375
819506,520,445,965,236,43,7,31.71,0.9933,0.5445,0.195792,3,6,64,267.22,0.9748,0.0848,0.005197,4.453
819519,520,367,887,255,65,91,18.67,1.0000,0.6103,0.257996,49,37,10,84.79,0.6726,0.1691,0.019981,4.401
819531,520,448,968,239,3,55,22.00,0.9980,0.5381,0.186950,16,15,20,294.45,0.1447,0.0755,0.005023,4.306
819538,520,433,953,218,69,104,10.66,0.7927,0.5474,0.201636,21,8,64,284.20,0.8767,0.1013,0.007032,4.412
819543,520,326,846,220,114,186,340.84,0.6906,0.6463,0.307973,56,49,5,99.79,0.8773,0.2107,0.030484,4.448
819557,520,390,910,187,91,229,314.17,0.8261,0.5874,0.237051,12,20,99,268.46,0.9515,0.1542,0.014792,4.430
819594,520,417,937,169,90,236,306.04,0.8468,0.5669,0.218041,9,29,38,229.82,0.5506,0.1164,0.010767,4.411
819605,520,476,996,198,74,62,28.58,0.7813,0.5075,0.172531,2,2,5,283.18,0.3513,0.0245,0.000673,4.392
819615,520,441,961,124,99,251,285.48,0.9523,0.5434,0.201735,26,20,0,95.19,1.0000,0.0929,0.007199,4.401
819622,520,469,989,215,31,139,351.75,0.9072,0.5214,0.172935,6,2,28,285.06,0.8609,0.0428,0.001660,4.315
819623,520,371,891,250,16,192,342.60,0.9902,0.6089,0.245037,24,17,110,273.67,0.9519,0.1709,0.017208,4.390
819636,520,425,945,250,18,34,26.93,0.9921,0.5629,0.208758,12,27,39,244.14,0.4601,0.1129,0.010085,4.307
819649,520,434,954,230,52,80,18.17,0.9063,0.5473,0.198611,47,1,14,9.06,0.9326,0.0966,0.006579,4.394
819650,520,413,933,239,10,166,347.69,0.9890,0.5735,0.213240,1,12,87,264.62,0.9790,0.1215,0.009574,4.419
819671,520,437,957,216,75,80,22.09,0.8000,0.5454,0.202127,24,19,7,88.02,0.4485,0.0896,0.006753,4.443
819676,520,459,979,215,45,144,350.65,0.8582,0.5328,0.183398,11,5,37,285.73,0.7904,0.0611,0.003133,4.393
819707,520,468,988,168,43,243,307.82,0.9449,0.5179,0.165244,2,7,6,183.03,0.4445,0.0397,0.001780,4.157
819717,520,289,809,227,106,249,321.25,0.9619,0.6777,0.334803,50,59,33,124.30,0.4259,0.2376,0.039158,4.316
819735,520,374,894,233,8,227,329.76,0.9958,0.5971,0.230459,63,2,63,328.30,0.9081,0.1567,0.014592,4.342
819738,520,49,569,253,231,240,350.88,0.8374,0.9396,0.843264,29,124,64,150.91,0.9511,0.4417,0.150461,4.456
819761,520,396,916,242,10,164,348.94,0.9899,0.5784,0.217778,15,34,51,247.33,0.5171,0.1416,0.014846,4.129
819766,520,270,790,231,148,127,34.92,0.6472,0.7046,0.397031,15,73,42,155.03,0.9259,0.2636,0.050336,4.455
819784,520,474,994,193,9,211,323.53,0.9863,0.5155,0.162376,2,1,26,273.98,0.9603,0.0344,0.001092,4.157
819789,520,445,965,185,68,215,318.68,0.8375,0.5447,0.193560,20,3,50,292.60,0.8990,0.0780,0.004441,4.474
819802,520,402,922,230,22,204,334.87,0.9782,0.5804,0.217590,44,25,12,54.18,0.5130,0.1322,0.012573,4.276
819804,520,403,923,235,48,163,348.79,0.9079,0.5813,0.224233,36,29,12,87.62,0.4814,0.1310,0.012804,4.367
819810,520,473,993,203,12,188,332.48,0.9750,0.5179,0.165922,5,1,12,304.06,0.7521,0.0285,0.000805,4.250
819815,520,473,993,192,6,225,319.82,0.9932,0.5241,0.167744,0,1,28,264.18,0.9870,0.0337,0.001055,4.265
819821,520,381,901,237,59,173,346.45,0.8922,0.5983,0.241524,66,18,1,40.07,0.9613,0.1568,0.015932,4.422
819826,520,341,861,221,123,36,56.17,0.8846,0.6270,0.296676,29,51,53,203.13,0.3430,0.2023,0.028858,4.396
819838,520,212,732,255,161,78,59.33,1.0000,0.7552,0.473025,37,85,41,145.33,0.8357,0.3124,0.070502,4.340
819843,520,300,820,224,110,228,326.13,0.8527,0.6669,0.326024,14,65,2,140.41,0.9949,0.2295,0.038782,4.235
819859,520,419,939,248,4,57,22.12,0.9979,0.5578,0.203423,18,14,69,277.45,0.8608,0.1129,0.008723,4.316
819870,520,368,888,236,98,12,44.20,0.9825,0.6073,0.265977,51,37,13,78.82,0.6042,0.1723,0.020561,4.478
819876,520,470,990,159,85,196,313.01,0.6944,0.5174,0.178541,4,3,20,281.90,0.7119,0.0377,0.001414,4.445
819888,520,472,992,208,51,137,352.06,0.8176,0.5215,0.175859,2,3,19,272.35,0.7741,0.0349,0.001250,4.407
819906,520,433,953,229,61,58,26.49,0.9095,0.5500,0.203039,43,9,10,22.03,0.7086,0.0999,0.007310,4.415
819918,520,415,935,240,10,147,353.85,0.9881,0.5669,0.208521,11,14,77,270.68,0.9359,0.1172,0.009210,4.366
819922,520,420,940,230,27,167,345.66,0.9535,0.5617,0.203996,29,6,67,292.34,0.8881,0.1105,0.007967,4.382
819937,520,422,942,243,38,33,28.45,0.9736,0.5571,0.205541,46,14,3,41.21,0.8145,0.1118,0.009016,4.330
819952,520,470,990,206,12,178,336.20,0.9722,0.5171,0.166012,8,4,18,297.45,0.5643,0.0431,0.001821,4.168
819957,520,414,934,232,1,197,337.15,0.9990,0.5750,0.212114,44,17,31,349.43,0.5005,0.1215,0.010354,4.343
819979,520,329,849,235,63,255,323.30,1.0000,0.6459,0.284395,14,40,115,264.79,0.9047,0.2129,0.028486,4.261
819983,520,396,916,158,97,253,297.75,0.9704,0.5774,0.229105,57,9,43,342.08,0.7443,0.1395,0.012398,4.473
819986,520,407,927,161,104,220,304.57,0.7239,0.5686,0.226454,37,28,12,80.74,0.4745,0.1296,0.012504,4.423
819990,520,347,867,235,89,170,349.31,0.8171,0.6258,0.277118,50,46,7,103.39,0.8134,0.1949,0.026475,4.277
819996,520,367,887,251,49,154,355.18,0.9637,0.6083,0.250424,42,20,95,289.11,0.8247,0.1740,0.018188,4.406
820010,520,413,933,244,44,99,12.30,0.9395,0.5735,0.219387,3,27,57,255.05,0.8519,0.1206,0.010986,4.417
820014,520,452,972,228,35,79,16.19,0.9433,0.5306,0.182635,1,12,42,261.20,0.9358,0.0711,0.004365,4.279
820028,520,413,933,165,89,250,301.82,0.9442,0.5712,0.220466,30,24,39,302.39,0.3051,0.1207,0.010758,4.452
820031,520,417,937,170,92,237,305.95,0.8481,0.5719,0.223153,23,30,3,122.14,0.8475,0.1180,0.011173,4.465
820039,520,423,943,222,1,199,334.24,0.9988,0.5576,0.196772,44,12,17,13.38,0.6123,0.1080,0.008390,4.226
820047,520,409,929,187,73,235,313.97,0.8866,0.5680,0.213291,50,14,29,357.11,0.6124,0.1261,0.010810,4.330
820052,520,463,983,212,58,114,3.34,0.8053,0.5271,0.182404,5,3,35,277.13,0.9022,0.0500,0.002187,4.453
820057,520,423,943,248,14,28,27.51,0.9942,0.5571,0.203580,13,29,7,137.70,0.8035,0.1079,0.009796,4.241
820058,520,397,917,254,10,112,7.54,0.9930,0.5831,0.224615,55,21,15,31.64,0.6120,0.1429,0.013832,4.302
820075,520,398,918,193,92,207,322.63,0.7470,0.5832,0.234980,39,30,14,80.89,0.4500,0.1379,0.013916,4.459
820083,520,349,869,217,97,220,326.61,0.8295,0.6333,0.284702,21,52,14,140.12,0.9115,0.1890,0.026470,4.377
820084,520,363,883,235,25,239,327.37,0.9880,0.6130,0.245920,64,22,31,9.40,0.5889,0.1656,0.017629,4.376
820116,520,391,911,224,16,239,324.79,0.9917,0.5915,0.224521,22,14,101,274.22,0.9529,0.1541,0.014242,4.273
820119,520,360,880,250,65,145,359.33,0.9464,0.6159,0.261523,60,36,15,59.99,0.5967,0.1835,0.022570,4.293
820122,520,457,977,210,6,183,335.74,0.9878,0.5264,0.172529,16,9,18,318.63,0.3239,0.0619,0.003492,4.160
820129,520,443,963,218,21,168,342.39,0.9547,0.5369,0.182713,7,17,26,246.12,0.4240,0.0760,0.005206,4.215
820131,520,394,914,232,52,179,343.04,0.9028,0.5864,0.228692,58,11,29,1.30,0.7182,0.1372,0.012277,4.475
820165,520,339,859,240,58,232,330.07,0.9561,0.6351,0.273802,21,0,146,269.36,1.0000,0.2047,0.022346,4.476
820166,520,415,935,217,56,188,336.47,0.8690,0.5678,0.212131,34,0,78,293.40,1.0000,0.1213,0.008901,4.450
820217,520,453,973,229,14,104,6.43,0.9782,0.5300,0.179745,7,4,54,273.66,0.9564,0.0726,0.003983,4.256
820220,520,480,1000,162,40,242,306.28,0.9482,0.5061,0.156104,0,0,0,0.00,0.0000,0.0000,0.000000,4.122
820239,520,304,824,232,96,241,325.18,0.9346,0.6667,0.318745,33,62,32,143.32,0.6604,0.2328,0.038728,4.156
820242,520,367,887,240,53,189,341.87,0.9261,0.6067,0.247485,65,27,16,36.97,0.6418,0.1727,0.019453,4.283
820246,520,270,790,247,120,200,343.72,0.9034,0.7019,0.373798,5,69,79,211.61,0.9231,0.2625,0.048528,4.301
820248,520,341,861,220,78,249,320.32,0.9678,0.6326,0.275058,86,6,46,357.49,0.8583,0.1982,0.023063,4.449
820254,520,458,978,217,48,121,0.22,0.8519,0.5298,0.182486,25,4,4,23.40,0.6917,0.0586,0.003023,4.385
820306,520,442,962,203,19,220,323.93,0.9777,0.5423,0.183313,9,7,58,273.88,0.9295,0.0836,0.005155,4.230
820311,520,373,893,216,51,252,319.38,0.9861,0.6044,0.239967,28,41,15,130.96,0.6305,0.1581,0.018672,4.222
820312,520,376,896,205,66,248,316.77,0.9609,0.5970,0.236544,60,21,49,339.77,0.5957,0.1645,0.017189,4.265
820338,520,432,952,211,26,203,330.40,0.9582,0.5470,0.189015,0,28,20,171.19,1.0000,0.1005,0.008810,4.064
820347,520,454,974,223,41,95,10.58,0.9059,0.5281,0.181028,20,4,42,298.03,0.8225,0.0724,0.004027,4.276
820348,520,386,906,232,55,183,341.87,0.8992,0.5908,0.233097,11,40,36,182.99,0.6457,0.1501,0.017160,4.215
820352,520,415,935,235,34,160,349.21,0.9416,0.5713,0.213472,32,11,63,296.34,0.7928,0.1167,0.009053,4.462
820362,520,352,872,232,99,132,7.29,0.7583,0.6208,0.277480,57,36,59,323.71,0.3804,0.1944,0.024474,4.397
820366,520,471,991,225,6,118,0.57,0.9883,0.5244,0.174486,1,6,14,247.31,0.6779,0.0392,0.001684,4.343
820384,520,401,921,254,36,45,26.47,0.9957,0.5799,0.225258,50,24,20,29.74,0.4586,0.1414,0.013820,4.313
820406,520,408,928,250,31,64,21.91,0.9779,0.5713,0.216778,40,12,61,306.72,0.7577,0.1270,0.010510,4.409
820426,520,426,946,237,13,146,353.61,0.9828,0.5612,0.203708,3,32,13,151.97,0.9494,0.1131,0.010814,4.172
820427,520,448,968,196,17,238,317.80,0.9860,0.5440,0.183112,23,10,40,300.63,0.6494,0.0846,0.005524,4.198
820430,520,390,910,229,75,142,357.50,0.8019,0.5870,0.236458,4,42,7,144.33,0.9799,0.1463,0.016970,4.277
820458,520,467,987,226,35,27,28.93,0.9692,0.5192,0.174529,12,3,11,330.51,0.5247,0.0414,0.001675,4.345
820465,520,388,908,251,11,137,359.16,0.9910,0.5853,0.225583,5,1,114,265.98,0.9990,0.1495,0.012688,4.396
820498,520,429,949,200,23,231,320.42,0.9767,0.5470,0.186633,22,16,51,286.86,0.6470,0.1029,0.007802,4.094
820509,520,370,890,174,115,228,306.43,0.7422,0.6093,0.268621,15,46,27,154.12,0.7536,0.1685,0.021346,4.466
820515,520,319,839,228,121,129,16.39,0.6771,0.6496,0.317560,78,41,17,51.31,0.6685,0.2247,0.032463,4.457
820524,520,435,955,203,44,207,327.03,0.9099,0.5459,0.190046,7,12,53,270.44,0.8732,0.0854,0.005651,4.313
820532,520,424,944,252,8,7,29.09,0.9973,0.5634,0.208882,7,23,52,260.90,0.7333,0.1084,0.009059,4.383
820548,520,465,985,179,65,204,319.87,0.8129,0.5242,0.177251,16,6,12,342.49,0.3755,0.0533,0.002670,4.315
820554,520,437,957,229,21,142,353.46,0.9606,0.5459,0.191502,25,11,45,299.07,0.6760,0.0924,0.006355,4.285
820600,520,460,980,143,77,248,295.85,0.9417,0.5257,0.179248,3,14,10,171.53,0.5867,0.0589,0.003553,4.281
820621,520,362,882,230,99,93,25.20,0.7941,0.6074,0.265396,21,49,25,147.07,0.7190,0.1811,0.024262,4.247
820626,520,454,974,202,78,102,11.54,0.6997,0.5296,0.189666,23,11,0,72.13,1.0000,0.0686,0.004215,4.421
820630,520,341,861,248,99,4,43.28,0.9961,0.6298,0.288922,21,44,86,261.31,0.6807,0.1982,0.026326,4.440
820665,520,428,948,211,57,196,332.37,0.8669,0.5630,0.207626,41,11,10,24.64,0.6476,0.0993,0.007327,4.494
820667,520,420,940,209,8,228,323.64,0.9934,0.5558,0.193323,12,3,80,272.61,0.9870,0.1063,0.007224,4.252
820706,520,441,961,158,91,219,305.55,0.7601,0.5419,0.198662,15,16,36,279.47,0.4750,0.0854,0.005995,4.441
820707,520,440,960,236,20,105,7.45,0.9729,0.5466,0.193562,21,3,57,289.57,0.9254,0.0863,0.005200,4.412
820716,520,413,933,208,0,253,317.83,1.0000,0.5722,0.205035,27,26,24,84.59,0.0501,0.1157,0.010378,4.224
820720,520,352,872,193,125,169,341.05,0.4623,0.6212,0.288704,13,52,22,148.03,0.9174,0.1867,0.025994,4.457
820721,520,278,798,248,93,240,329.87,0.9706,0.6868,0.340791,0,46,138,261.97,1.0000,0.2477,0.037887,4.447
820729,520,274,794,240,104,252,324.37,0.9853,0.6955,0.354564,33,65,63,190.35,0.4395,0.2526,0.044627,4.275
820742,520,370,890,252,23,174,348.22,0.9821,0.6058,0.243677,22,35,78,268.01,0.6704,0.1688,0.019226,4.242
820743,520,330,850,253,71,181,348.10,0.9797,0.6414,0.287286,71,33,60,339.27,0.5040,0.2101,0.027537,4.350
820757,520,466,986,202,24,182,333.98,0.9378,0.5163,0.165891,5,7,30,273.47,0.7122,0.0548,0.002779,4.090
820779,520,209,729,226,157,246,318.45,0.8918,0.7596,0.469377,43,79,70,176.01,0.4388,0.3051,0.065476,4.498
820786,520,391,911,209,81,196,331.89,0.7899,0.5859,0.234275,26,38,25,142.74,0.3542,0.1495,0.016760,4.258
820787,520,453,973,194,55,185,330.80,0.8244,0.5254,0.177061,23,10,13,4.99,0.3431,0.0703,0.004283,4.183
820791,520,316,836,251,104,121,15.99,0.9335,0.6569,0.317935,5,62,43,164.56,0.9553,0.2239,0.036518,4.253
820793,520,389,909,239,19,199,338.29,0.9846,0.5930,0.229429,58,5,61,325.72,0.8346,0.1488,0.013451,4.404
820795,520,442,962,198,93,49,41.90,0.7802,0.5359,0.200581,18,18,9,108.03,0.3074,0.0811,0.005809,4.490
820796,520,425,945,250,14,62,21.43,0.9925,0.5649,0.209895,11,30,1,135.26,0.9808,0.1087,0.010019,4.330
820819,520,365,885,236,7,234,328.81,0.9970,0.6070,0.239280,65,10,61,331.29,0.7799,0.1669,0.016780,4.332
820825,520,360,880,247,27,210,337.22,0.9831,0.6167,0.252143,4,2,133,265.19,0.9987,0.1793,0.017625,4.468
820831,520,467,987,232,0,0,29.23,1.0000,0.5182,0.171590,11,1,25,302.08,0.8723,0.0430,0.001630,4.292
820841,520,398,918,242,40,133,359.99,0.9357,0.5772,0.220915,2,30,68,256.78,0.9268,0.1374,0.013587,4.261
820870,520,401,921,254,43,54,25.42,0.9952,0.5850,0.230687,64,10,0,35.37,1.0000,0.1418,0.013073,4.450
820875,520,453,973,197,34,210,324.66,0.9352,0.5313,0.176691,13,14,24,279.47,0.2870,0.0723,0.004656,4.148
820892,520,418,938,193,61,226,318.67,0.8904,0.5575,0.201673,51,6,39,340.87,0.7666,0.1222,0.009806,4.208
820893,520,421,941,238,51,19,31.84,0.9808,0.5553,0.205950,36,18,17,23.44,0.3701,0.1058,0.008482,4.377
820903,520,316,836,244,59,254,325.79,0.9965,0.6567,0.295194,52,52,39,107.58,0.2059,0.2207,0.033325,4.143
820907,520,457,977,212,42,149,347.91,0.8639,0.5272,0.178252,20,9,3,56.89,0.5415,0.0616,0.003507,4.266
820915,520,309,829,255,81,202,342.39,1.0000,0.6647,0.314123,52,48,68,293.48,0.2583,0.2221,0.032613,4.408
820923,520,454,974,218,43,118,1.12,0.8730,0.5267,0.179437,21,9,18,336.46,0.3815,0.0677,0.003985,4.250
820932,520,478,998,137,87,219,297.43,0.7717,0.5097,0.172494,2,1,4,302.09,0.5000,0.0201,0.000434,4.412
820934,520,377,897,239,65,145,357.22,0.8686,0.5956,0.241786,60,5,72,319.30,0.8690,0.1613,0.015372,4.463
820956,520,319,839,161,142,229,292.87,0.6634,0.6494,0.325802,13,61,34,154.29,0.9113,0.2201,0.035384,4.401
820964,520,420,940,220,56,157,347.77,0.8413,0.5572,0.204807,1,30,37,216.49,0.9292,0.1146,0.010685,4.199
820965,520,324,844,246,63,237,330.25,0.9653,0.6521,0.292651,77,32,37,15.03,0.5408,0.2091,0.027446,4.424
820969,520,451,971,195,80,146,347.63,0.6719,0.5365,0.194164,20,13,13,18.43,0.1797,0.0726,0.004656,4.467
820988,520,431,951,241,33,58,23.03,0.9712,0.5527,0.200973,24,24,17,107.51,0.1881,0.1049,0.008879,4.263
820990,520,417,937,235,30,170,345.93,0.9545,0.5741,0.214959,3,34,22,163.81,0.9173,0.1221,0.012213,4.259
821002,520,419,939,203,87,144,352.09,0.6626,0.5591,0.215283,12,31,12,143.88,0.7376,0.1145,0.010846,4.360
821011,520,429,949,171,90,207,314.24,0.7223,0.5491,0.204760,1,23,51,254.25,0.9254,0.1042,0.008582,4.349
821013,520,400,920,215,98,74,33.15,0.7437,0.5768,0.236791,22,31,60,269.00,0.5231,0.1442,0.014767,4.428
821024,520,241,761,207,159,214,322.12,0.5315,0.7266,0.429175,41,76,17,135.27,0.9232,0.2815,0.056806,4.486
821030,520,290,810,229,104,249,321.94,0.9642,0.6777,0.334001,69,43,79,316.17,0.4550,0.2380,0.035576,4.487
821046,520,435,955,221,40,159,346.53,0.8969,0.5476,0.193954,22,5,60,288.32,0.8960,0.0937,0.006054,4.352
821055,520,423,943,209,28,230,323.00,0.9723,0.5634,0.201008,40,16,34,337.41,0.5034,0.1148,0.009372,4.228
821061,520,468,988,147,70,246,298.36,0.9361,0.5194,0.172374,6,2,30,283.57,0.8812,0.0444,0.001759,4.296
821065,520,424,944,231,24,171,344.59,0.9628,0.5645,0.205852,4,14,72,266.37,0.9509,0.1075,0.008077,4.405
821076,520,319,839,255,107,2,44.99,1.0000,0.6540,0.317832,39,53,57,217.15,0.1976,0.2177,0.032729,4.446
821087,520,477,997,208,48,100,7.08,0.8390,0.5052,0.164462,0,2,0,142.50,1.0000,0.0186,0.000434,4.252
821152,520,455,975,227,48,55,24.93,0.9340,0.5336,0.187235,22,5,4,27.06,0.5913,0.0563,0.002879,4.486
821153,520,478,998,153,51,249,301.36,0.9665,0.5091,0.159799,5,0,4,333.70,1.0000,0.0207,0.000410,4.162
821180,520,433,953,188,30,252,312.30,0.9858,0.5480,0.186494,1,3,79,264.97,0.9940,0.0983,0.006360,4.196
821183,520,377,897,242,64,145,357.71,0.8877,0.6001,0.245915,41,34,35,8.11,0.1041,0.1570,0.017368,4.392
821185,520,403,923,253,9,107,8.93,0.9936,0.5795,0.221433,0,19,85,263.29,1.0006,0.1298,0.011215,4.434
821200,520,320,840,240,109,138,8.46,0.7940,0.6510,0.313002,31,56,2,132.09,0.9826,0.2073,0.031240,4.468
821210,520,441,961,217,7,175,339.87,0.9865,0.5351,0.180012,13,3,66,276.75,0.9720,0.0892,0.005440,4.149
821217,520,405,925,222,22,229,326.60,0.9839,0.5826,0.217628,4,12,91,266.17,0.9777,0.1283,0.010440,4.428
821223,520,290,810,253,72,252,328.25,0.9932,0.6805,0.325485,27,66,12,138.57,0.9553,0.2394,0.041559,4.101
821236,520,443,963,152,75,250,298.85,0.9572,0.5356,0.186100,17,17,24,284.88,0.1867,0.0828,0.005860,4.227
821247,520,399,919,212,59,210,328.57,0.8882,0.5752,0.217801,25,22,73,279.62,0.7456,0.1374,0.012615,4.277
821249,520,464,984,192,4,217,321.78,0.9945,0.5173,0.163046,3,5,26,271.29,0.7730,0.0457,0.002025,4.095
821260,520,352,872,232,32,255,323.04,1.0000,0.6220,0.254112,74,28,16,35.67,0.7078,0.1913,0.023240,4.152
821266,520,358,878,242,44,220,333.58,0.9659,0.6217,0.258488,12,44,67,243.68,0.6945,0.1798,0.022847,4.235
821268,520,355,875,235,28,253,324.22,0.9932,0.6240,0.255870,82,9,7,28.19,0.9399,0.1817,0.020049,4.367
821271,520,445,965,226,52,73,20.17,0.9050,0.5379,0.191086,10,20,18,180.59,0.2935,0.0824,0.006085,4.299
821272,520,268,788,242,135,160,5.84,0.7584,0.7046,0.387457,5,74,29,148.88,0.9875,0.2618,0.050183,4.367
821282,520,290,810,224,133,181,347.78,0.6335,0.6830,0.359604,1,68,36,155.14,0.9955,0.2415,0.042679,4.420
821286,520,388,908,213,68,216,327.07,0.8796,0.5894,0.232401,62,11,41,348.86,0.7342,0.1504,0.014237,4.396
821289,520,424,944,198,6,254,314.97,0.9969,0.5580,0.192932,27,19,51,292.07,0.5755,0.1141,0.009378,4.091
821304,520,455,975,209,69,97,12.49,0.7678,0.5288,0.186768,14,0,43,290.71,1.0000,0.0592,0.002678,4.495
821327,520,398,918,193,101,165,339.95,0.5888,0.5751,0.233628,11,32,56,253.50,0.6400,0.1373,0.013896,4.439
821331,520,453,973,182,48,232,314.39,0.9236,0.5334,0.178863,32,3,7,14.37,0.7822,0.0691,0.003876,4.248
821334,520,429,949,238,20,106,7.43,0.9743,0.5510,0.197213,1,30,9,150.19,0.9856,0.1047,0.009547,4.152
821356,520,414,934,247,2,130,0.51,0.9981,0.5729,0.214327,45,13,42,331.37,0.6387,0.1223,0.010130,4.396
821370,520,396,916,232,73,116,8.47,0.8236,0.5814,0.231847,21,33,41,238.13,0.2906,0.1370,0.014072,4.399
821383,520,464,984,222,32,83,13.86,0.9387,0.5173,0.171899,9,0,38,286.32,1.0000,0.0496,0.001980,4.269
821385,520,417,937,212,49,212,328.11,0.9158,0.5682,0.209491,7,31,44,235.60,0.6613,0.1246,0.012069,4.181
821390,520,466,986,172,93,132,350.22,0.5011,0.5152,0.182664,11,6,20,299.99,0.4877,0.0516,0.002519,4.430
821405,520,422,942,226,61,117,5.12,0.8377,0.5576,0.207933,1,28,44,237.93,0.9107,0.1128,0.010188,4.285
821406,520,344,864,232,45,253,323.32,0.9924,0.6271,0.261267,12,45,79,252.28,0.7464,0.1914,0.025193,4.140
821428,520,426,946,214,23,216,327.78,0.9739,0.5599,0.198689,45,8,39,334.98,0.7146,0.1138,0.008781,4.231
821451,520,354,874,246,16,229,332.24,0.9938,0.6231,0.256235,39,42,44,236.73,0.0531,0.1802,0.022691,4.213
821456,520,478,998,162,81,192,315.97,0.7022,0.5125,0.173728,8,0,3,351.24,1.0000,0.0245,0.000582,4.423
821463,520,258,778,255,120,189,350.41,1.0000,0.7095,0.383700,49,69,22,129.05,0.7597,0.2655,0.049671,4.351
821465,520,376,896,210,94,183,337.32,0.7157,0.5984,0.251277,18,41,48,219.88,0.4666,0.1623,0.019278,4.349
821472,520,444,964,235,23,55,22.65,0.9807,0.5350,0.185540,27,8,29,323.73,0.5896,0.0792,0.004954,4.286
821494,520,326,846,255,82,165,354.91,1.0000,0.6496,0.300145,40,53,43,151.78,0.2365,0.2130,0.031717,4.285
821502,520,432,952,190,96,125,1.87,0.5521,0.5456,0.207950,19,24,15,131.58,0.2761,0.0995,0.008262,4.427
821505,520,413,933,237,26,162,348.77,0.9625,0.5724,0.213549,8,7,88,268.77,0.9825,0.1201,0.009081,4.461
821546,520,412,932,251,18,44,25.36,0.9916,0.5659,0.211274,13,31,23,163.66,0.4887,0.1180,0.011274,4.264
821551,520,365,885,252,7,186,344.61,0.9958,0.6079,0.243960,51,29,52,325.36,0.4255,0.1667,0.018305,4.304
821559,520,423,943,238,26,115,4.66,0.9618,0.5560,0.201569,1,11,77,264.66,0.9749,0.1071,0.007816,4.351
821562,520,441,961,195,21,236,317.93,0.9805,0.5420,0.181960,21,6,58,287.73,0.8729,0.0920,0.005952,4.146
821576,520,452,972,173,54,233,311.05,0.9077,0.5259,0.174067,14,6,42,286.82,0.7932,0.0699,0.003908,4.156
821583,520,462,982,174,49,245,308.98,0.9488,0.5331,0.177887,8,5,26,286.81,0.6625,0.0503,0.002347,4.353
821588,520,439,959,241,15,68,19.31,0.9888,0.5471,0.194631,38,8,8,23.39,0.6911,0.0888,0.006033,4.366
821609,520,444,964,177,75,206,318.04,0.7822,0.5351,0.188365,26,12,21,341.47,0.3745,0.0809,0.005367,4.305
821610,520,391,911,225,96,61,36.06,0.8325,0.5887,0.247128,0,42,14,150.04,1.0000,0.1457,0.016876,4.443
821612,520,370,890,238,81,139,1.44,0.8351,0.6090,0.259290,72,19,26,16.44,0.7088,0.1749,0.019183,4.471
821614,520,463,983,228,42,25,30.06,0.9690,0.5280,0.182230,4,5,28,274.28,0.7707,0.0480,0.002182,4.450
821617,520,428,948,249,20,37,26.56,0.9905,0.5617,0.207773,27,20,22,359.22,0.1477,0.0998,0.007913,4.451
821619,520,394,914,240,65,126,4.55,0.8760,0.5908,0.238153,15,37,24,156.17,0.5842,0.1383,0.014906,4.440
821632,520,370,890,209,84,236,320.06,0.8963,0.6143,0.259537,62,20,63,326.75,0.6698,0.1749,0.018835,4.497
821651,520,383,903,211,75,222,324.69,0.8732,0.5976,0.241567,48,30,22,44.81,0.3522,0.1523,0.016149,4.408
821675,520,421,941,186,55,246,312.13,0.9513,0.5568,0.198264,49,1,40,337.27,0.9015,0.1124,0.008280,4.260
821691,520,446,966,233,27,109,5.96,0.9546,0.5444,0.192147,37,1,11,6.83,0.8967,0.0757,0.004393,4.452
821718,520,413,933,215,66,179,339.13,0.8206,0.5691,0.216003,27,9,77,284.98,0.8994,0.1231,0.009642,4.460
821722,520,412,932,230,4,194,337.51,0.9958,0.5701,0.208075,36,2,76,295.89,0.9638,0.1241,0.009403,4.344
821727,520,444,964,214,64,127,359.04,0.7873,0.5418,0.194975,0,21,7,154.27,1.0000,0.0753,0.005516,4.413
821744,520,371,891,251,44,167,350.75,0.9671,0.6105,0.251040,58,18,68,319.01,0.7117,0.1689,0.017496,4.460
821779,520,404,924,191,72,240,314.12,0.9117,0.5765,0.220035,9,23,72,266.50,0.8731,0.1277,0.011387,4.399
821789,520,314,834,238,107,179,348.52,0.8096,0.6595,0.319497,40,56,46,157.06,0.2648,0.2231,0.034767,4.359
821791,520,476,996,170,36,234,310.70,0.9482,0.5081,0.157492,7,0,0,29.23,1.0000,0.0213,0.000452,4.113
821798,520,302,822,255,52,255,328.18,1.0000,0.6707,0.309390,93,28,43,9.99,0.6805,0.2349,0.033325,4.313
821804,520,437,957,242,27,66,20.59,0.9769,0.5531,0.200578,3,11,62,266.33,0.9496,0.0905,0.006065,4.469
821809,520,465,985,230,3,43,24.14,0.9979,0.5171,0.170656,14,3,28,302.04,0.7622,0.0528,0.002423,4.209
821826,520,458,978,212,48,144,350.11,0.8402,0.5295,0.181268,22,2,19,333.56,0.7443,0.0553,0.002610,4.396
821831,520,407,927,184,65,249,310.34,0.9605,0.5658,0.208115,31,25,48,294.75,0.4138,0.1295,0.012000,4.163
821860,520,344,864,236,61,237,327.82,0.9531,0.6340,0.272873,52,34,74,302.98,0.5246,0.1928,0.023686,4.382
821867,520,433,953,176,59,254,307.19,0.9930,0.5527,0.195146,6,22,50,260.20,0.7444,0.1038,0.008428,4.196
821875,520,443,963,208,53,173,338.84,0.8381,0.5409,0.189753,20,10,31,304.15,0.5368,0.0751,0.004647,4.387
821877,520,441,961,136,105,221,292.94,0.7253,0.5429,0.205578,27,17,22,347.57,0.2368,0.0929,0.006919,4.490
821880,520,457,977,189,8,238,315.97,0.9933,0.5303,0.171668,19,8,18,330.02,0.3985,0.0633,0.003558,4.139
821930,520,461,981,226,19,118,1.15,0.9628,0.5299,0.179453,9,11,4,119.47,0.3954,0.0549,0.003062,4.324
821933,520,402,922,255,2,116,6.26,1.0000,0.5848,0.225681,17,18,83,272.92,0.9047,0.1345,0.011763,4.464
821938,520,396,916,206,64,222,323.50,0.8902,0.5780,0.220642,15,23,83,270.09,0.8839,0.1424,0.013388,4.270
821944,520,375,895,240,64,144,357.68,0.8756,0.5961,0.242087,53,22,64,316.36,0.6338,0.1641,0.017009,4.359
821946,520,370,890,236,14,238,327.87,0.9944,0.6110,0.243226,44,23,85,293.75,0.7440,0.1709,0.018041,4.310
821966,520,375,895,230,62,202,335.72,0.9017,0.6036,0.245350,68,14,38,357.49,0.7222,0.1644,0.016832,4.419
821982,520,371,891,253,53,149,357.49,0.9797,0.6130,0.256023,76,8,33,5.28,0.8267,0.1731,0.018202,4.487
821986,520,469,989,219,50,38,29.15,0.9347,0.5170,0.174839,7,3,15,301.13,0.5774,0.0380,0.001448,4.370
821987,520,401,921,234,50,166,347.65,0.9022,0.5823,0.225296,20,15,87,275.10,0.9223,0.1365,0.011784,4.456
821992,520,431,951,228,56,89,15.45,0.8815,0.5489,0.200464,40,11,19,5.43,0.5816,0.1000,0.007375,4.365
821998,520,369,889,243,91,35,38.48,0.9500,0.6107,0.266614,29,45,23,137.54,0.5256,0.1732,0.021998,4.398
822008,520,426,946,243,25,83,15.73,0.9758,0.5575,0.203779,4,21,58,262.07,0.8752,0.1071,0.008676,4.325
822018,520,474,994,224,13,97,8.04,0.9780,0.5172,0.170010,0,6,4,174.96,1.0000,0.0341,0.001390,4.281
822022,520,472,992,208,11,169,339.47,0.9724,0.5153,0.165160,7,2,12,310.38,0.6152,0.0339,0.001151,4.206
822040,520,435,955,215,64,133,356.71,0.7905,0.5459,0.198096,37,12,8,31.04,0.6019,0.0936,0.006738,4.373
822051,520,406,926,232,34,193,338.45,0.9546,0.5825,0.221528,18,30,52,261.76,0.4846,0.1331,0.013050,4.307
822073,520,459,979,234,24,15,29.31,0.9866,0.5298,0.181834,1,11,28,253.94,0.8284,0.0585,0.003296,4.350
822076,520,468,988,196,24,210,324.50,0.9589,0.5247,0.170438,8,4,3,39.44,0.2652,0.0368,0.001450,4.284
822088,520,453,973,226,22,101,7.35,0.9598,0.5255,0.176850,16,12,20,307.26,0.2508,0.0688,0.004236,4.183
822117,520,345,865,245,12,245,328.34,0.9967,0.6311,0.262708,58,25,76,311.76,0.6637,0.1856,0.021167,4.394
822128,520,260,780,232,131,231,327.49,0.8539,0.7130,0.391597,9,72,65,183.42,0.9049,0.2665,0.050742,4.383
822134,520,181,701,231,166,252,317.69,0.9594,0.7857,0.512908,48,84,88,204.79,0.3898,0.3309,0.076734,4.442
822139,520,234,754,255,151,88,50.33,1.0000,0.7368,0.441007,68,73,9,114.26,0.8943,0.2946,0.060138,4.458
822144,520,408,928,245,10,135,358.69,0.9898,0.5722,0.213822,37,9,75,295.73,0.8622,0.1326,0.010967,4.327
822148,520,394,914,197,85,221,320.18,0.8221,0.5879,0.235891,33,31,33,325.72,0.0493,0.1390,0.014131,4.458
822150,520,398,918,236,63,123,4.75,0.8631,0.5804,0.228209,61,2,48,339.41,0.8796,0.1425,0.012491,4.452
822157,520,406,926,226,56,182,340.72,0.8815,0.5804,0.223770,23,33,2,125.17,0.9228,0.1269,0.012742,4.363
822159,520,370,890,251,60,129,4.65,0.9592,0.6079,0.253294,12,37,83,261.29,0.8107,0.1730,0.020257,4.317
822165,520,456,976,170,47,252,306.39,0.9829,0.5320,0.176081,2,16,6,153.64,0.8721,0.0622,0.003966,4.189
822166,520,325,845,227,118,164,354.79,0.6809,0.6543,0.319702,3,58,51,181.60,0.9541,0.2127,0.032843,4.463
822172,520,404,924,202,53,248,316.41,0.9650,0.5810,0.218815,34,20,60,296.39,0.6344,0.1312,0.011666,4.359
822175,520,428,948,215,67,157,347.26,0.7920,0.5593,0.208979,26,20,16,55.55,0.1760,0.0966,0.007573,4.498
822181,520,475,995,189,44,209,322.41,0.8991,0.5238,0.172250,5,3,0,90.11,1.0000,0.0293,0.000974,4.360
822183,520,410,930,231,4,191,338.57,0.9957,0.5702,0.208401,51,12,32,352.01,0.6585,0.1263,0.010711,4.256
822190,520,409,929,176,96,207,315.71,0.7044,0.5655,0.221017,10,31,55,253.58,0.6531,0.1333,0.013203,4.288
822191,520,448,968,204,54,184,334.09,0.8428,0.5411,0.189383,34,0,41,320.58,1.0000,0.0844,0.005002,4.352
822201,520,433,953,197,71,184,332.10,0.7733,0.5472,0.198391,34,12,43,314.99,0.6374,0.1043,0.007775,4.299
822202,520,420,940,230,45,129,359.50,0.8954,0.5556,0.202876,16,15,68,275.45,0.8602,0.1120,0.008691,4.309
822214,520,373,893,236,56,183,342.86,0.9059,0.5988,0.240829,57,16,64,321.52,0.7184,0.1615,0.016107,4.399
822217,520,460,980,205,11,201,329.40,0.9827,0.5300,0.174374,16,7,18,320.36,0.4159,0.0579,0.003058,4.229
822239,520,375,895,230,74,161,350.08,0.8194,0.5953,0.242964,71,7,25,10.98,0.8454,0.1587,0.015620,4.465
822249,520,386,906,224,46,221,328.93,0.9470,0.5924,0.230240,19,42,15,140.77,0.7982,0.1547,0.018288,4.104
822251,520,383,903,225,76,176,343.38,0.8136,0.5957,0.243134,44,29,40,336.48,0.2797,0.1507,0.015674,4.463
822257,520,447,967,213,42,170,340.90,0.8822,0.5397,0.187066,15,11,44,283.36,0.7003,0.0813,0.005227,4.293
822268,520,411,931,250,2,88,14.12,0.9986,0.5672,0.210756,4,16,78,265.93,0.9529,0.1180,0.009464,4.385
822285,520,320,840,233,77,244,325.10,0.9553,0.6483,0.291653,65,31,78,315.80,0.6030,0.2080,0.026540,4.464
822290,520,452,972,205,78,75,24.71,0.7576,0.5284,0.189380,2,17,7,155.38,0.8729,0.0653,0.004291,4.409
822292,520,429,949,218,64,130,358.63,0.7992,0.5502,0.201863,30,14,39,312.10,0.5489,0.0996,0.007366,4.390
822294,520,222,742,188,182,182,17.30,0.0448,0.7455,0.475248,13,86,7,142.03,0.9911,0.3027,0.067562,4.468
822295,520,306,826,200,131,224,317.00,0.7074,0.6680,0.338947,56,56,10,109.44,0.8134,0.2313,0.036910,4.475
822298,520,269,789,196,155,190,331.24,0.3659,0.6956,0.388969,4,72,58,173.74,0.9662,0.2626,0.049658,4.405
822303,520,426,946,219,44,182,338.66,0.9005,0.5586,0.202412,33,11,56,302.16,0.7505,0.1116,0.008482,4.316
822310,520,468,988,165,59,232,308.34,0.8908,0.5184,0.169542,1,7,2,149.49,0.8730,0.0371,0.001628,4.252
822312,520,447,967,237,37,13,30.60,0.9885,0.5428,0.193600,4,14,39,263.14,0.7605,0.0751,0.004863,4.440
822314,520,333,853,254,40,212,338.34,0.9944,0.6362,0.273452,30,54,8,133.32,0.9249,0.2007,0.029318,4.078
822315,520,385,905,215,72,204,331.11,0.8485,0.5895,0.234434,48,16,70,308.06,0.7463,0.1520,0.014412,4.416
822329,520,407,927,238,56,99,13.00,0.9001,0.5709,0.219095,34,17,67,294.07,0.7321,0.1320,0.011462,4.378
822338,520,183,703,253,157,244,330.29,0.9891,0.7918,0.515303,38,89,59,155.42,0.7061,0.3303,0.078723,4.392
822341,520,425,945,222,62,130,359.22,0.8182,0.5555,0.205891,36,11,47,313.96,0.6886,0.1086,0.008197,4.397
822345,520,442,962,232,43,24,30.28,0.9725,0.5369,0.189526,27,6,32,319.66,0.6786,0.0775,0.004676,4.381
822352,520,435,955,245,22,46,25.00,0.9871,0.5547,0.201871,15,23,2,125.98,0.8656,0.0904,0.007187,4.404
822354,520,431,951,230,54,89,15.35,0.8922,0.5510,0.201855,9,8,72,271.13,0.9602,0.1014,0.006996,4.419
822357,520,480,1000,113,89,249,283.59,0.9494,0.5139,0.174946,0,0,0,0.00,0.0000,0.0000,0.000000,4.499
822362,520,377,897,238,48,196,339.22,0.9382,0.6033,0.242794,67,17,23,17.21,0.7130,0.1612,0.016562,4.399
822365,520,255,775,253,115,235,332.75,0.9891,0.7201,0.391449,19,74,47,157.75,0.8776,0.2696,0.052410,4.311
822367,520,461,981,171,78,204,316.18,0.7596,0.5290,0.184672,5,6,26,275.89,0.6666,0.0499,0.002371,4.481
822371,520,376,896,233,30,215,332.72,0.9741,0.5956,0.231611,60,0,79,315.36,1.0000,0.1627,0.015253,4.316
822398,520,14,534,252,255,193,110.07,0.9999,0.9801,0.960660,24,135,24,142.74,0.9869,0.4712,0.175874,4.474
822405,520,464,984,228,19,51,22.96,0.9832,0.5181,0.172017,18,4,6,9.69,0.5199,0.0492,0.002286,4.246
822406,520,319,839,243,119,15,50.99,0.9818,0.6536,0.322857,39,54,57,211.24,0.2055,0.2207,0.033650,4.457
822427,520,316,836,239,125,5,55.21,0.9929,0.6576,0.330316,20,61,16,141.86,0.9420,0.2194,0.035235,4.462
822433,520,454,974,238,12,19,28.30,0.9943,0.5346,0.184904,0,19,21,203.08,1.0000,0.0740,0.005199,4.256
822436,520,476,996,222,30,0,31.03,1.0000,0.5066,0.164610,4,0,7,315.09,1.0000,0.0210,0.000412,4.257
822462,520,446,966,209,45,173,338.92,0.8672,0.5362,0.184513,30,13,9,34.21,0.4485,0.0847,0.005836,4.200
822463,520,410,930,223,2,220,329.09,0.9985,0.5735,0.209010,21,32,20,142.56,0.3714,0.1258,0.012429,4.149
822471,520,362,882,223,110,88,32.45,0.7302,0.6128,0.275467,37,41,58,273.99,0.2649,0.1824,0.022846,4.468
822493,520,470,990,193,42,201,325.84,0.8950,0.5233,0.172120,15,1,14,330.23,0.7723,0.0411,0.001550,4.309
822527,520,281,801,248,124,161,2.73,0.8471,0.6949,0.369477,29,69,26,142.29,0.8850,0.2524,0.045919,4.373
822535,520,385,905,245,29,157,352.12,0.9649,0.5869,0.227288,37,31,55,294.55,0.3848,0.1549,0.016491,4.170
822542,520,422,942,239,31,122,2.69,0.9516,0.5626,0.207390,35,10,57,304.31,0.7685,0.1138,0.008698,4.385
822549,520,448,968,193,74,170,336.00,0.7281,0.5367,0.191389,34,1,27,337.56,0.8534,0.0768,0.004410,4.436
822553,520,465,985,203,46,160,341.76,0.8377,0.5190,0.171905,7,1,38,281.67,0.9628,0.0501,0.002068,4.262
822558,520,162,682,232,200,58,95.78,0.8661,0.8100,0.587712,11,99,51,152.56,0.9787,0.3527,0.092334,4.480
822562,520,278,798,229,123,220,330.40,0.8259,0.6901,0.359931,7,69,39,155.90,0.9651,0.2472,0.044477,4.339
822563,520,466,986,166,47,240,307.63,0.9326,0.5155,0.164320,9,4,23,294.38,0.6564,0.0470,0.002068,4.116
822565,520,401,921,254,41,41,27.62,0.9958,0.5824,0.228206,43,13,70,303.68,0.7861,0.1407,0.012437,4.456
822610,520,372,892,252,77,60,29.45,0.9822,0.6120,0.263330,44,40,12,101.24,0.6391,0.1712,0.020796,4.426
822615,520,371,891,234,99,17,44.48,0.9722,0.6055,0.264594,47,40,3,98.27,0.8933,0.1737,0.021285,4.413
822624,520,413,933,253,6,9,28.92,0.9980,0.5652,0.210364,24,17,67,282.74,0.7679,0.1212,0.010003,4.339
822634,520,433,953,193,79,186,330.08,0.7395,0.5522,0.204760,5,21,45,257.58,0.7262,0.0968,0.007580,4.424
822669,520,475,995,205,58,125,357.07,0.7842,0.5179,0.174880,9,1,6,339.45,0.6742,0.0305,0.000929,4.416
822684,520,417,937,233,65,81,20.34,0.8828,0.5659,0.217013,43,17,22,9.15,0.4783,0.1164,0.009725,4.471
822692,520,442,962,206,9,214,326.28,0.9893,0.5405,0.181741,33,5,31,330.73,0.7158,0.0843,0.005308,4.190
822702,520,476,996,106,91,243,281.45,0.9118,0.5057,0.170170,6,0,0,29.23,1.0000,0.0198,0.000387,4.370
822706,520,420,940,209,83,142,354.02,0.7004,0.5625,0.216968,11,26,36,239.32,0.4530,0.1078,0.009373,4.496
822712,520,420,940,221,46,183,338.90,0.8997,0.5642,0.207474,21,28,21,144.96,0.2259,0.1143,0.010441,4.260
822721,520,453,973,143,87,236,296.64,0.8497,0.5304,0.187123,24,9,23,329.47,0.4740,0.0737,0.004514,4.350
822729,520,446,966,231,34,99,9.64,0.9386,0.5410,0.190368,1,15,41,257.77,0.9134,0.0768,0.005082,4.364
822739,520,461,981,202,26,198,329.36,0.9469,0.5276,0.173744,11,6,5,34.66,0.2178,0.0456,0.002124,4.293
822757,520,338,858,224,79,243,322.86,0.9440,0.6358,0.279123,6,50,78,242.75,0.8349,0.2032,0.028698,4.182
822782,520,365,885,232,51,227,329.39,0.9529,0.6133,0.250720,75,8,10,25.54,0.9216,0.1654,0.016917,4.494
822785,520,319,839,241,73,239,328.47,0.9480,0.6539,0.297004,73,18,101,310.97,0.8181,0.2210,0.027888,4.455
822795,520,463,983,237,10,46,24.10,0.9938,0.5342,0.184221,4,10,6,157.00,0.3903,0.0489,0.002560,4.456
822796,520,423,943,243,19,107,7.81,0.9794,0.5613,0.205853,25,7,66,288.09,0.8822,0.1062,0.007520,4.448
822802,520,434,954,242,7,58,21.62,0.9956,0.5458,0.193381,22,18,47,286.72,0.5613,0.1038,0.008084,4.190
822803,520,461,981,211,44,165,342.10,0.8662,0.5348,0.183690,8,7,13,293.01,0.2418,0.0480,0.002326,4.466
822817,520,133,653,237,191,235,327.63,0.7378,0.8353,0.612653,15,106,21,143.42,0.9885,0.3726,0.104633,4.285
822821,520,477,997,180,19,228,315.54,0.9765,0.5102,0.157716,2,0,11,290.67,1.0000,0.0202,0.000371,4.124
822824,520,378,898,225,48,228,327.40,0.9515,0.6001,0.237251,63,20,20,22.99,0.6588,0.1572,0.016077,4.347
822856,520,464,984,218,52,18,32.75,0.9723,0.5154,0.174077,20,3,8,359.79,0.6234,0.0503,0.002314,4.283
822865,520,435,955,227,26,153,349.47,0.9473,0.5488,0.193723,9,21,38,257.20,0.5280,0.0944,0.007343,4.250
822871,520,474,994,202,51,153,344.25,0.8123,0.5178,0.172261,5,2,15,295.13,0.6801,0.0331,0.001102,4.349
822884,520,396,916,233,55,163,348.69,0.8843,0.5830,0.227031,49,27,11,55.11,0.5842,0.1444,0.014611,4.288
822890,520,454,974,234,17,18,28.60,0.9908,0.5273,0.179402,25,0,43,307.05,1.0000,0.0724,0.003811,4.263
822898,520,424,944,228,69,61,27.39,0.8882,0.5573,0.210899,14,18,59,273.30,0.7662,0.1073,0.008417,4.466
822927,520,458,978,230,32,82,15.15,0.9509,0.5336,0.184682,16,6,25,307.00,0.5830,0.0594,0.003106,4.419
822940,520,384,904,248,51,101,12.86,0.9483,0.5869,0.232672,65,8,38,353.71,0.7809,0.1518,0.014376,4.391
822952,520,387,907,242,79,37,34.91,0.9489,0.5932,0.246060,2,36,58,242.04,0.8866,0.1461,0.015801,4.499
822969,520,317,837,252,54,248,329.07,0.9899,0.6625,0.301141,33,42,111,272.26,0.7665,0.2234,0.031268,4.321
822986,520,309,829,212,117,222,323.64,0.7729,0.6579,0.319950,41,58,21,129.84,0.6873,0.2239,0.035516,4.326
822995,520,467,987,215,18,139,351.30,0.9516,0.5157,0.167462,0,4,29,262.33,1.0001,0.0425,0.001755,4.202
822997,520,417,937,236,65,69,24.33,0.9044,0.5695,0.220462,36,23,21,28.75,0.2517,0.1181,0.010420,4.476
823008,520,410,930,156,92,252,297.89,0.9615,0.5665,0.217507,1,26,67,258.74,0.9658,0.1258,0.011504,4.349
823024,520,312,832,225,113,207,333.69,0.7794,0.6619,0.323247,6,60,51,178.21,0.9180,0.2203,0.035093,4.386
823037,520,465,985,210,26,157,344.07,0.9226,0.5179,0.168770,7,8,1,114.26,0.7183,0.0453,0.002210,4.190
823043,520,456,976,205,51,167,340.01,0.8315,0.5305,0.181388,2,9,31,262.51,0.8160,0.0572,0.003072,4.360
823056,520,337,857,234,89,209,335.12,0.8731,0.6429,0.292430,4,57,2,142.15,0.9946,0.1983,0.029563,4.304
823061,520,448,968,232,41,89,13.90,0.9292,0.5448,0.194660,22,12,36,300.95,0.5537,0.0841,0.005609,4.400
823062,520,179,699,236,167,244,323.06,0.8909,0.7896,0.520033,38,90,16,138.38,0.9667,0.3260,0.077616,4.467
823068,520,480,1000,137,69,248,294.64,0.9511,0.5079,0.163520,0,0,0,0.00,0.0000,0.0000,0.000000,4.270
823069,520,374,894,235,59,190,340.53,0.9041,0.6031,0.245105,2,37,74,253.39,0.9247,0.1614,0.018303,4.321
823075,520,469,989,230,2,42,24.30,0.9986,0.5168,0.170366,1,1,36,267.49,0.9882,0.0423,0.001555,4.274
823077,520,476,996,206,59,71,20.80,0.8362,0.5051,0.167069,0,0,9,264.05,1.0000,0.0151,0.000197,4.324
823078,520,325,845,254,100,60,35.48,0.9913,0.6453,0.305148,33,52,51,191.81,0.2797,0.2073,0.030183,4.429
823081,520,399,919,238,49,134,359.55,0.9047,0.5759,0.220981,12,38,27,163.37,0.6532,0.1409,0.015435,4.141
823086,520,22,542,247,245,244,48.72,0.1158,0.9667,0.916107,16,132,63,150.44,0.9840,0.4649,0.169708,4.397
823087,520,460,980,227,37,69,19.48,0.9447,0.5278,0.180866,3,13,8,164.62,0.5829,0.0558,0.003247,4.336
823100,520,447,967,169,62,251,305.41,0.9723,0.5433,0.188460,30,4,35,321.06,0.7628,0.0804,0.004842,4.348
823109,520,456,976,187,33,229,317.06,0.9538,0.5287,0.173109,25,0,28,324.12,1.0000,0.0607,0.002905,4.217
823121,520,423,943,198,90,153,346.50,0.6409,0.5594,0.216196,8,23,55,262.99,0.7459,0.1114,0.009402,4.481
823132,520,434,954,219,79,55,32.08,0.8588,0.5522,0.209304,19,25,16,135.35,0.2803,0.1026,0.008711,4.417
823133,520,407,927,243,6,129,0.20,0.9934,0.5652,0.207732,12,6,98,269.84,0.9869,0.1347,0.010902,4.232
823168,520,447,967,223,62,85,17.51,0.8550,0.5443,0.197918,23,14,27,315.10,0.3607,0.0839,0.005754,4.447
823177,520,371,891,238,3,232,329.74,0.9987,0.6084,0.240712,65,0,73,322.84,1.0000,0.1665,0.016050,4.401
823209,520,421,941,252,5,28,27.27,0.9981,0.5637,0.208916,12,28,24,176.08,0.4209,0.1087,0.009746,4.334
823210,520,431,951,222,10,186,337.88,0.9857,0.5515,0.192943,37,16,16,20.61,0.4347,0.1030,0.008014,4.188
823257,520,448,968,237,16,60,21.14,0.9877,0.5376,0.187046,26,5,34,315.69,0.7252,0.0757,0.004437,4.355
823269,520,433,953,242,21,30,27.50,0.9888,0.5466,0.195107,0,27,26,191.44,1.0000,0.0996,0.008584,4.184
823279,520,469,989,167,58,227,310.22,0.8829,0.5161,0.167884,12,2,12,327.57,0.6381,0.0392,0.001481,4.232
823281,520,405,925,225,86,76,27.29,0.8194,0.5761,0.231875,8,32,47,239.42,0.6499,0.1299,0.012898,4.481
823292,520,397,917,244,11,168,348.17,0.9899,0.5844,0.223028,23,24,78,275.90,0.7776,0.1446,0.013854,4.276
823301,520,378,898,255,43,108,10.65,1.0000,0.5971,0.240742,48,31,37,356.32,0.2608,0.1596,0.017420,4.312
823312,520,453,973,235,14,32,26.71,0.9921,0.5295,0.180837,19,10,19,326.60,0.3321,0.0676,0.004026,4.273
823321,520,398,918,234,74,110,11.37,0.8367,0.5846,0.235186,49,27,3,65.16,0.8220,0.1432,0.014435,4.426
823324,520,427,947,238,50,34,29.78,0.9597,0.5554,0.205771,33,20,1,77.07,0.8951,0.1023,0.008259,4.390
823328,520,374,894,246,47,169,349.20,0.9365,0.6039,0.244936,66,12,37,356.70,0.7384,0.1576,0.015550,4.499
823331,520,421,941,190,54,243,314.03,0.9401,0.5595,0.200578,26,2,77,285.66,0.9754,0.1132,0.007988,4.321
823341,520,258,778,249,135,133,22.00,0.8736,0.7071,0.391639,67,60,67,325.88,0.1040,0.2700,0.048303,4.493
823342,520,400,920,228,77,102,14.57,0.8075,0.5751,0.227637,11,18,89,268.90,0.9445,0.1381,0.012249,4.460
823350,520,452,972,184,78,181,328.69,0.7154,0.5339,0.189766,3,6,48,268.45,0.9460,0.0669,0.003630,4.471
823351,520,364,884,244,62,164,351.23,0.9082,0.6096,0.253618,6,45,54,216.98,0.8095,0.1728,0.021817,4.228
823368,520,426,946,244,31,66,21.03,0.9734,0.5592,0.206099,27,19,49,293.26,0.5528,0.1126,0.009205,4.326
823378,520,420,940,239,5,142,355.18,0.9937,0.5619,0.204154,53,3,12,16.24,0.8972,0.1117,0.008487,4.345
823382,520,344,864,227,64,255,321.25,1.0000,0.6341,0.272198,42,48,17,118.69,0.6162,0.1932,0.026466,4.214
823386,520,468,988,225,16,108,4.41,0.9705,0.5235,0.174636,19,1,7,356.56,0.7809,0.0437,0.001755,4.340
823389,520,428,948,228,46,153,350.51,0.8914,0.5622,0.207506,50,2,7,20.50,0.9385,0.1028,0.007370,4.489
823391,520,471,991,227,32,50,24.18,0.9653,0.5218,0.175971,16,1,2,17.61,0.8087,0.0376,0.001363,4.400
823429,520,461,981,217,63,21,34.81,0.9610,0.5251,0.183634,2,8,25,260.94,0.7313,0.0510,0.002567,4.444
823433,520,365,885,255,73,40,32.49,1.0000,0.6113,0.261820,27,44,39,174.10,0.3047,0.1734,0.021808,4.342
823435,520,470,990,197,18,205,326.14,0.9688,0.5205,0.167124,5,5,6,285.88,0.0683,0.0376,0.001540,4.213
823444,520,432,952,236,13,121,1.76,0.9823,0.5496,0.195043,47,0,27,350.63,1.0000,0.0999,0.006836,4.311
823449,520,347,867,243,20,246,327.65,0.9936,0.6301,0.262116,20,48,64,236.07,0.5484,0.1935,0.026327,4.089
823453,520,386,906,205,69,231,320.72,0.8965,0.5877,0.230065,66,10,20,15.94,0.8071,0.1497,0.014260,4.358
823469,520,320,840,242,77,217,334.63,0.9302,0.6466,0.291975,68,32,64,331.44,0.5223,0.2055,0.026323,4.481
823471,520,444,964,179,82,200,320.17,0.7411,0.5437,0.197895,7,8,58,271.50,0.9333,0.0839,0.005243,4.487
823472,520,465,985,221,9,125,357.36,0.9801,0.5195,0.170508,1,6,26,262.21,0.8739,0.0461,0.002113,4.231
823474,520,461,981,212,12,176,338.35,0.9748,0.5273,0.173968,12,6,22,300.25,0.5289,0.0536,0.002663,4.253
823480,520,454,974,192,73,166,337.22,0.7236,0.5316,0.187263,9,17,2,129.50,0.8181,0.0692,0.004634,4.343
823499,520,420,940,211,41,216,326.86,0.9381,0.5637,0.203946,35,18,37,323.14,0.4474,0.1128,0.009235,4.287
823506,520,462,982,233,24,45,24.88,0.9810,0.5299,0.181695,3,8,13,240.18,0.4019,0.0457,0.002221,4.437
823545,520,455,975,218,25,154,347.02,0.9372,0.5314,0.179362,7,11,29,271.18,0.5483,0.0640,0.003732,4.269
823549,520,376,896,230,49,213,332.54,0.9406,0.5997,0.238262,68,7,46,347.10,0.7982,0.1608,0.015784,4.382
823572,520,476,996,150,89,199,307.55,0.6807,0.5142,0.177527,3,0,16,290.10,1.0000,0.0250,0.000568,4.499
823594,520,320,840,222,100,226,326.32,0.8565,0.6484,0.301368,31,57,8,133.73,0.9359,0.2113,0.032350,4.267
823601,520,467,987,205,75,30,37.90,0.9072,0.5180,0.181072,8,1,27,292.85,0.9011,0.0415,0.001525,4.485
823612,520,451,971,208,62,159,344.25,0.7931,0.5424,0.193604,18,16,0,104.39,1.0000,0.0739,0.004992,4.430
823624,520,423,943,229,50,129,359.73,0.8776,0.5575,0.205270,8,22,56,264.29,0.7680,0.1099,0.009109,4.319
823632,520,426,946,196,103,86,31.61,0.6002,0.5567,0.221098,7,31,3,140.06,0.9639,0.1101,0.010317,4.495
823644,520,353,873,186,107,241,309.22,0.8542,0.6188,0.273061,41,44,2,113.78,0.9368,0.1781,0.022772,4.439
823658,520,337,857,249,75,180,347.79,0.9421,0.6379,0.284703,11,58,1,140.38,0.9968,0.2039,0.030993,4.132
823664,520,420,940,239,49,73,20.65,0.9363,0.5615,0.210316,9,17,69,269.10,0.9010,0.1123,0.008886,4.421
823667,520,397,917,216,100,29,46.63,0.9073,0.5767,0.238043,19,36,25,154.97,0.4396,0.1380,0.014703,4.452
823681,520,388,908,186,90,230,313.64,0.8318,0.5852,0.234656,16,41,25,153.89,0.6450,0.1520,0.017662,4.207
823687,520,478,998,195,77,65,28.57,0.7500,0.5070,0.172934,1,2,1,144.61,0.3698,0.0208,0.000521,4.413
823703,520,418,938,235,49,84,16.87,0.9205,0.5556,0.205020,22,4,86,278.68,0.9746,0.1232,0.009292,4.301
823713,520,446,966,226,38,115,3.35,0.9103,0.5381,0.187956,7,19,31,249.25,0.4969,0.0838,0.006098,4.242
823739,520,476,996,197,78,37,38.39,0.8566,0.5083,0.174546,4,1,5,320.09,0.5789,0.0237,0.000585,4.439
823741,520,341,861,225,89,206,333.52,0.8339,0.6270,0.276107,24,36,111,269.71,0.8690,0.2046,0.026035,4.289
823751,520,265,785,234,117,252,322.14,0.9809,0.7051,0.372452,11,65,96,240.15,0.8214,0.2618,0.046960,4.357
823756,520,396,916,200,93,182,334.25,0.6882,0.5810,0.234870,27,24,73,280.49,0.7081,0.1432,0.013673,4.474
823757,520,399,919,221,80,138,358.24,0.7540,0.5776,0.229468,51,20,24,13.57,0.5116,0.1363,0.012702,4.457
823761,520,421,941,218,0,221,327.63,1.0000,0.5649,0.201281,35,6,58,304.87,0.8342,0.1094,0.007931,4.338
823770,520,414,934,247,38,55,24.46,0.9705,0.5676,0.214398,38,20,25,1.93,0.3391,0.1156,0.009826,4.419
823782,520,424,944,253,0,2,29.12,1.0000,0.5638,0.208909,39,16,12,31.07,0.5085,0.1051,0.008285,4.442
823787,520,403,923,222,11,225,327.61,0.9924,0.5769,0.212074,56,13,20,14.48,0.6984,0.1329,0.011792,4.241
823789,520,465,985,139,73,248,294.90,0.9468,0.5156,0.170314,3,11,4,148.20,0.6467,0.0497,0.002675,4.183
823809,520,381,901,209,62,248,318.05,0.9640,0.5993,0.237795,15,3,120,269.18,0.9961,0.1649,0.015226,4.412
823817,520,410,930,234,43,151,352.37,0.9136,0.5706,0.214574,10,32,39,221.52,0.5531,0.1263,0.012440,4.237
823819,520,467,987,213,32,137,352.06,0.8991,0.5172,0.169877,3,2,26,276.60,0.8970,0.0382,0.001374,4.280
823825,520,400,920,240,58,96,14.57,0.9031,0.5758,0.223991,68,0,16,15.61,1.0000,0.1423,0.012666,4.372
823835,520,399,919,227,63,168,345.98,0.8488,0.5816,0.227156,39,25,50,308.91,0.4453,0.1404,0.013569,4.360
823848,520,273,793,241,122,204,340.51,0.8576,0.6980,0.369818,33,71,23,139.59,0.8952,0.2608,0.048915,4.244
823857,520,350,870,224,107,161,353.11,0.6943,0.6304,0.289381,13,51,41,172.38,0.7506,0.1887,0.026132,4.458
823862,520,302,822,255,73,220,336.89,1.0000,0.6660,0.311955,105,6,5,28.62,0.9777,0.2320,0.031450,4.444
823867,520,451,971,232,17,113,3.92,0.9736,0.5399,0.187520,29,5,0,42.44,1.0000,0.0659,0.003698,4.423
823870,520,268,788,235,123,230,328.93,0.8888,0.7036,0.375433,41,61,89,256.91,0.4154,0.2598,0.045300,4.464
823873,520,428,948,232,42,126,0.74,0.9095,0.5564,0.203210,14,27,16,148.35,0.4530,0.1045,0.009146,4.281
823876,520,423,943,157,90,242,300.35,0.8781,0.5565,0.208915,3,28,45,241.54,0.7948,0.1146,0.010393,4.287
823877,520,443,963,221,48,139,354.12,0.8621,0.5444,0.193527,10,16,28,263.51,0.3792,0.0767,0.005189,4.413
823899,520,352,872,219,77,227,325.62,0.8933,0.6155,0.259158,37,46,46,196.49,0.1267,0.1906,0.025445,4.098
823901,520,446,966,237,11,84,14.10,0.9891,0.5408,0.188872,26,4,45,304.51,0.8266,0.0824,0.004959,4.346
823914,520,355,875,225,79,212,331.57,0.8707,0.6182,0.263552,21,51,1,135.84,0.9931,0.1841,0.025292,4.164
823916,520,379,899,250,17,177,346.84,0.9875,0.6016,0.239026,77,3,3,28.29,0.9783,0.1641,0.016498,4.346
823918,520,327,847,248,59,230,332.48,0.9698,0.6481,0.288005,87,16,49,357.27,0.7662,0.2101,0.026189,4.436
823946,520,367,887,214,87,208,329.54,0.8141,0.6083,0.256684,73,17,28,13.15,0.7313,0.1748,0.019014,4.444
823953,520,385,905,188,79,249,310.68,0.9524,0.5872,0.231239,28,26,71,280.70,0.6592,0.1464,0.014406,4.367
823960,520,397,917,217,86,128,3.25,0.7140,0.5753,0.229681,15,18,91,270.82,0.9368,0.1427,0.012894,4.447
823962,520,411,931,247,19,114,6.13,0.9813,0.5715,0.214583,3,25,66,260.50,0.9148,0.1235,0.011079,4.332
823983,520,479,999,212,56,60,24.36,0.8822,0.5116,0.171540,1,0,6,289.16,1.0000,0.0150,0.000196,4.414
823987,520,422,942,247,14,65,20.50,0.9915,0.5590,0.204735,4,30,6,144.90,0.9566,0.1058,0.009675,4.269
823990,520,388,908,224,29,234,325.86,0.9794,0.5922,0.226688,35,11,90,287.02,0.9027,0.1490,0.013348,4.368
824011,520,387,907,248,58,98,14.74,0.9465,0.5919,0.238678,35,31,43,299.98,0.2183,0.1458,0.015117,4.433
824017,520,413,933,222,66,160,347.83,0.8175,0.5720,0.219665,6,32,35,205.67,0.6840,0.1223,0.011930,4.354
824022,520,351,871,222,115,111,23.47,0.6717,0.6250,0.289410,37,50,16,127.10,0.6924,0.1944,0.027119,4.401
824028,520,454,974,191,21,226,319.15,0.9744,0.5273,0.171051,9,18,3,132.06,0.7589,0.0722,0.004973,4.021
824045,520,401,921,236,53,146,355.18,0.8901,0.5797,0.224573,39,16,66,300.84,0.7325,0.1358,0.011953,4.432
824046,520,379,899,237,23,207,335.72,0.9815,0.5953,0.231251,13,36,71,258.71,0.7136,0.1606,0.018022,4.135
824058,520,460,980,196,70,151,344.58,0.7260,0.5269,0.183522,15,11,8,60.05,0.1727,0.0615,0.003584,4.358
824060,520,409,929,248,27,88,14.88,0.9757,0.5698,0.214485,60,8,9,24.90,0.8716,0.1325,0.011542,4.298
824061,520,455,975,185,36,236,314.78,0.9545,0.5330,0.176334,24,3,6,11.74,0.6937,0.0555,0.002725,4.293
824069,520,404,924,226,24,212,331.80,0.9766,0.5789,0.215779,50,14,31,353.73,0.6140,0.1269,0.010912,4.363
824086,520,85,605,248,224,154,91.31,0.7872,0.8959,0.756019,21,116,61,152.11,0.9646,0.4131,0.129866,4.481
824110,520,379,899,222,13,250,321.88,0.9947,0.5956,0.227217,34,40,13,120.02,0.6181,0.1602,0.018867,4.025
824115,520,364,884,233,26,232,328.53,0.9848,0.6052,0.238911,16,32,86,266.81,0.8277,0.1655,0.018150,4.239
824127,520,437,957,173,66,248,307.02,0.9520,0.5505,0.195587,19,18,35,285.43,0.3882,0.0928,0.006924,4.314
824135,520,404,924,254,29,44,26.10,0.9959,0.5763,0.221352,40,6,71,301.69,0.8802,0.1291,0.010363,4.495
824155,520,458,978,176,76,199,319.71,0.7580,0.5302,0.185235,8,11,11,196.60,0.1016,0.0562,0.003151,4.426
824159,520,428,948,216,49,188,336.10,0.8874,0.5603,0.204286,41,4,40,329.21,0.7891,0.1018,0.007115,4.452
824164,520,430,950,224,71,74,23.62,0.8516,0.5541,0.208508,1,22,53,256.49,0.9382,0.1034,0.008373,4.429
824173,520,413,933,247,41,27,29.57,0.9766,0.5669,0.214427,16,31,5,133.71,0.8606,0.1157,0.011011,4.334
824221,520,460,980,198,10,223,321.91,0.9892,0.5336,0.175522,11,11,24,282.79,0.3853,0.0642,0.003764,4.195
824222,520,464,984,203,73,79,21.17,0.7589,0.5186,0.180282,5,6,26,275.89,0.6666,0.0499,0.002371,4.397
824231,520,381,901,225,4,246,323.52,0.9983,0.5959,0.227504,45,25,67,303.49,0.6044,0.1602,0.016584,4.168
824239,520,402,922,240,20,163,348.98,0.9761,0.5765,0.216730,6,12,94,267.03,0.9773,0.1333,0.011097,4.366
824246,520,323,843,253,4,255,327.93,1.0000,0.6505,0.281925,82,28,8,39.23,0.8440,0.2058,0.026422,4.343
824253,520,446,966,207,52,171,339.21,0.8369,0.5372,0.186637,23,12,17,350.70,0.2924,0.0755,0.004856,4.314
824256,520,408,928,195,95,164,340.60,0.6244,0.5677,0.224683,20,33,14,136.40,0.5678,0.1266,0.012681,4.382
824259,520,458,978,209,50,150,347.21,0.8290,0.5284,0.180407,14,8,26,297.34,0.5191,0.0620,0.003416,4.313
824274,520,372,892,224,105,83,32.11,0.7578,0.6050,0.265774,0,48,39,176.13,1.0000,0.1734,0.022603,4.349
824285,520,419,939,197,54,226,320.12,0.9104,0.5573,0.200011,34,3,69,297.49,0.9348,0.1150,0.008349,4.285
824298,520,387,907,244,52,121,5.52,0.9151,0.5854,0.230728,35,33,34,345.51,0.0354,0.1470,0.015605,4.279
824302,520,457,977,206,11,205,328.60,0.9843,0.5346,0.177709,3,4,42,270.11,0.9474,0.0569,0.002733,4.318
824314,520,373,893,244,66,127,4.97,0.8999,0.5996,0.246650,48,27,53,319.73,0.4596,0.1588,0.016693,4.448
824321,520,457,977,235,5,4,29.15,0.9976,0.5260,0.177827,3,13,20,235.72,0.5581,0.0603,0.003577,4.252
824322,520,408,928,215,12,235,323.51,0.9924,0.5722,0.207102,35,26,40,313.23,0.2880,0.1319,0.012493,4.114
824329,520,429,949,208,64,165,342.10,0.7924,0.5476,0.197953,28,20,17,41.55,0.1919,0.0993,0.007877,4.284
824345,520,461,981,199,17,220,322.86,0.9795,0.5348,0.177120,23,2,11,353.27,0.7299,0.0534,0.002498,4.326
824364,520,314,834,255,37,253,328.70,1.0000,0.6615,0.296781,9,38,126,264.51,0.9391,0.2194,0.029505,4.362
824396,520,337,857,241,61,239,328.57,0.9593,0.6435,0.282729,37,31,109,278.79,0.8182,0.2021,0.024773,4.450
824398,520,400,920,230,13,201,335.64,0.9880,0.5760,0.213305,18,22,79,272.74,0.8488,0.1380,0.012669,4.202
824417,520,452,972,183,44,225,316.51,0.9222,0.5263,0.173061,28,2,26,331.10,0.7882,0.0681,0.003649,4.158
824424,520,115,635,243,209,152,80.20,0.6881,0.8560,0.669239,5,110,4,142.49,0.9972,0.3837,0.111924,4.442
824426,520,341,861,241,86,173,349.30,0.8639,0.6334,0.283763,33,42,85,272.05,0.5718,0.2001,0.026351,4.371
824468,520,475,995,169,45,243,308.04,0.9431,0.5209,0.167836,1,3,15,265.40,0.7735,0.0314,0.001061,4.266
824470,520,361,881,240,13,243,327.66,0.9957,0.6212,0.252869,34,1,125,278.02,0.9973,0.1839,0.018424,4.426
824476,520,415,935,157,91,254,298.02,0.9866,0.5677,0.218063,6,6,93,267.39,0.9886,0.1247,0.009592,4.498
824502,520,400,920,169,89,251,303.02,0.9547,0.5769,0.225453,44,20,56,313.10,0.6023,0.1414,0.013214,4.358
824509,520,428,948,230,28,171,344.43,0.9529,0.5642,0.205965,13,26,5,134.40,0.7999,0.0983,0.008353,4.386
824520,520,399,919,217,67,185,337.68,0.8318,0.5767,0.222710,11,5,104,268.86,0.9914,0.1416,0.011791,4.413
824526,520,406,926,226,52,180,341.25,0.8902,0.5761,0.219225,43,20,33,346.03,0.4303,0.1265,0.011238,4.396
824550,520,419,939,231,66,59,27.30,0.9031,0.5594,0.212040,6,27,41,240.57,0.6554,0.1108,0.009826,4.380
824555,520,430,950,189,52,240,314.49,0.9317,0.5539,0.195673,9,15,61,270.34,0.8758,0.1002,0.007366,4.283
824561,520,452,972,178,89,159,335.94,0.5965,0.5296,0.191141,12,11,32,282.75,0.5447,0.0698,0.004218,4.448
824575,520,333,853,238,102,133,8.56,0.7940,0.6355,0.293761,27,53,12,136.05,0.8981,0.1957,0.028057,4.404
824578,520,464,984,189,15,219,320.35,0.9798,0.5164,0.162764,10,1,40,285.76,0.9575,0.0546,0.002394,4.061
824588,520,329,849,245,44,252,326.63,0.9906,0.6474,0.282449,18,40,115,266.08,0.8910,0.2145,0.028838,4.217
824592,520,431,951,207,5,229,322.90,0.9958,0.5526,0.190329,8,6,70,271.01,0.9695,0.0954,0.006240,4.273
824594,520,434,954,243,9,44,24.72,0.9953,0.5466,0.194354,9,11,63,271.70,0.9180,0.0954,0.006563,4.320
824596,520,401,921,245,54,71,22.28,0.9464,0.5772,0.225091,19,34,46,243.64,0.3866,0.1411,0.014797,4.245
824621,520,479,999,196,5,193,329.18,0.9889,0.5068,0.156963,0,1,0,142.50,1.0000,0.0135,0.000217,4.121
824628,520,394,914,254,43,72,21.20,0.9942,0.5875,0.232702,48,23,20,27.76,0.4454,0.1360,0.012918,4.493
824647,520,199,719,203,190,142,94.75,0.4139,0.7679,0.514769,0,92,10,143.54,1.0000,0.3213,0.076759,4.455
824668,520,359,879,242,30,221,333.30,0.9813,0.6154,0.250291,7,34,98,263.29,0.9280,0.1787,0.020709,4.247
824669,520,473,993,216,50,107,5.88,0.8488,0.5249,0.179441,5,4,3,71.35,0.1325,0.0336,0.001257,4.476
824677,520,411,931,203,54,233,320.14,0.9272,0.5720,0.212196,14,32,26,170.34,0.4513,0.1227,0.012009,4.228
824689,520,351,871,245,61,202,339.39,0.9390,0.6287,0.270172,64,23,68,324.03,0.6554,0.1861,0.021203,4.497
824698,520,409,929,225,64,137,357.28,0.8217,0.5658,0.214831,50,6,57,321.73,0.8102,0.1325,0.011039,4.339
824704,520,425,945,234,55,107,9.42,0.8860,0.5643,0.212893,45,14,7,34.60,0.6989,0.1107,0.008874,4.465
824742,520,161,681,244,186,155,49.36,0.7020,0.8070,0.567192,3,91,119,227.83,0.9695,0.3531,0.088330,4.462
824755,520,374,894,193,96,222,317.85,0.7908,0.5985,0.249783,16,43,21,147.96,0.7619,0.1576,0.018920,4.350
824759,520,352,872,233,43,245,325.38,0.9750,0.6219,0.256464,75,20,37,5.20,0.6839,0.1858,0.021300,4.298
824767,520,407,927,189,109,135,359.72,0.4786,0.5714,0.235067,23,35,4,127.78,0.8745,0.1334,0.013930,4.459
824772,520,422,942,243,43,48,26.36,0.9636,0.5617,0.209992,47,14,7,34.01,0.7211,0.1144,0.009338,4.382
824800,520,375,895,254,27,157,353.85,0.9917,0.6036,0.242926,30,41,1,123.93,0.9720,0.1578,0.018641,4.268
824806,520,402,922,181,79,252,307.79,0.9730,0.5799,0.224448,5,31,54,248.58,0.7630,0.1302,0.012785,4.371
824818,520,421,941,249,4,26,27.42,0.9984,0.5570,0.203048,9,15,68,269.87,0.9104,0.1076,0.008170,4.350
824819,520,400,920,198,76,227,319.32,0.8633,0.5821,0.227221,51,16,40,341.51,0.6038,0.1360,0.012277,4.451
824853,520,356,876,212,92,214,326.95,0.8117,0.6154,0.265081,41,45,25,117.84,0.3889,0.1848,0.024184,4.247
824861,520,353,873,236,42,240,327.27,0.9749,0.6230,0.257826,72,23,8,37.20,0.8224,0.1777,0.020083,4.392
824863,520,450,970,227,1,155,348.38,0.9982,0.5428,0.187219,2,16,29,244.80,0.7391,0.0716,0.004722,4.335
824866,520,463,983,185,54,208,321.16,0.8630,0.5250,0.175080,22,4,2,33.49,0.7219,0.0535,0.002618,4.278
824873,520,422,942,220,40,189,336.73,0.9210,0.5618,0.204097,12,27,29,206.57,0.3780,0.1078,0.009507,4.270
824903,520,361,881,207,105,206,327.69,0.7286,0.6227,0.278263,20,49,20,143.71,0.8271,0.1794,0.023958,4.439
824906,520,422,942,234,62,16,34.18,0.9813,0.5573,0.209781,21,28,11,127.25,0.5018,0.1118,0.010141,4.320
824919,520,260,780,220,135,236,321.09,0.8351,0.7068,0.386011,1,68,94,232.24,0.9807,0.2672,0.049486,4.383
824920,520,339,859,248,42,232,331.97,0.9778,0.6384,0.274416,27,47,77,258.28,0.5222,0.2031,0.028018,4.158
824925,520,466,986,221,40,67,19.97,0.9309,0.5170,0.172977,17,2,15,332.30,0.6978,0.0466,0.001971,4.290
824927,520,407,927,241,9,155,351.50,0.9900,0.5721,0.212659,1,35,33,189.15,0.9564,0.1284,0.013183,4.157
824930,520,402,922,243,34,132,0.16,0.9505,0.5755,0.218680,7,4,97,267.68,0.9930,0.1285,0.009950,4.482
824935,520,415,935,237,2,170,345.97,0.9977,0.5700,0.209532,15,23,58,270.23,0.6752,0.1180,0.010198,4.311
824939,520,470,990,162,73,221,308.71,0.8226,0.5220,0.176676,19,0,16,333.83,1.0000,0.0449,0.001759,4.379
824984,520,406,926,243,1,173,346.37,0.9991,0.5829,0.220967,3,37,5,144.06,0.9819,0.1284,0.013534,4.265
824987,520,319,839,216,114,212,328.70,0.7463,0.6532,0.313887,84,36,11,45.11,0.7843,0.2244,0.031710,4.453
824993,520,319,839,195,117,245,310.47,0.8783,0.6493,0.309181,21,44,111,265.55,0.8430,0.2209,0.031083,4.430
825024,520,407,927,253,22,37,26.76,0.9924,0.5708,0.215938,31,27,32,319.46,0.1197,0.1258,0.011795,4.304
825044,520,351,871,254,26,208,339.26,0.9944,0.6280,0.263670,79,16,26,16.48,0.7846,0.1855,0.021077,4.413
825056,520,368,888,233,67,188,340.92,0.8783,0.6059,0.249714,14,46,38,174.11,0.6638,0.1716,0.021872,4.170
825061,520,475,995,188,24,220,319.70,0.9640,0.5187,0.165133,1,1,20,271.09,0.9535,0.0285,0.000787,4.236
825069,520,402,922,182,105,185,325.74,0.5931,0.5763,0.235520,24,35,4,126.54,0.8661,0.1343,0.014050,4.458
825087,520,430,950,226,3,174,342.30,0.9953,0.5509,0.192925,28,9,52,299.23,0.7635,0.0988,0.006902,4.269
825088,520,438,958,202,83,129,358.75,0.6691,0.5457,0.203299,17,22,5,122.49,0.6244,0.0899,0.007039,4.441
825097,520,284,804,212,143,180,346.35,0.5001,0.6859,0.369386,33,66,42,151.23,0.6000,0.2484,0.043868,4.468
825114,520,479,999,165,26,248,306.49,0.9760,0.5079,0.155161,0,1,0,142.50,1.0000,0.0135,0.000217,4.085
825122,520,316,836,239,76,244,326.68,0.9596,0.6568,0.300537,77,15,101,313.98,0.8375,0.2247,0.028592,4.460
825130,520,443,963,224,65,60,26.70,0.8884,0.5449,0.199568,31,11,10,24.09,0.4913,0.0827,0.005526,4.495
825143,520,454,974,233,25,54,22.92,0.9775,0.5315,0.182884,30,0,26,333.83,1.0000,0.0675,0.003506,4.352
825145,520,343,863,249,65,193,343.12,0.9548,0.6345,0.277737,17,52,29,152.28,0.8010,0.1900,0.026638,4.276
825171,520,365,885,251,12,192,342.78,0.9932,0.6100,0.245813,3,43,67,241.02,0.8779,0.1736,0.021522,4.136
825172,520,382,902,214,76,214,327.82,0.8581,0.5984,0.243219,67,11,34,0.51,0.7575,0.1574,0.015483,4.478
825186,520,450,970,217,47,145,350.88,0.8567,0.5386,0.188315,5,0,62,270.37,1.0000,0.0735,0.003800,4.430
825188,520,383,903,216,47,249,320.14,0.9742,0.5994,0.234734,0,37,61,242.51,1.0000,0.1504,0.016600,4.275
825193,520,433,953,243,16,4,29.57,0.9970,0.5459,0.194375,50,4,3,28.23,0.9292,0.1049,0.007716,4.234
825197,520,352,872,215,94,209,329.50,0.7986,0.6199,0.270577,2,54,0,142.01,1.0000,0.1868,0.026511,4.190
825199,520,476,996,224,15,21,28.08,0.9904,0.5053,0.162460,1,1,1,0.00,0.0000,0.0164,0.000304,4.224
825220,520,470,990,184,61,197,323.77,0.8150,0.5228,0.175603,16,1,2,17.61,0.8087,0.0376,0.001363,4.392
825223,520,328,848,199,121,233,314.80,0.7921,0.6538,0.317011,24,56,42,163.22,0.5854,0.2106,0.031896,4.481
825240,520,215,735,250,144,226,335.97,0.9572,0.7570,0.457638,12,82,60,166.16,0.9322,0.2984,0.064387,4.438
825253,520,479,999,162,42,248,304.95,0.9652,0.5131,0.161152,1,0,4,296.85,1.0000,0.0133,0.000152,4.210
825256,520,13,533,248,254,212,114.02,0.9814,0.9789,0.955936,25,135,10,141.75,0.9946,0.4707,0.175558,4.460
825266,520,447,967,184,41,243,312.76,0.9528,0.5405,0.182484,23,17,6,82.82,0.4596,0.0834,0.005962,4.154
825272,520,449,969,143,80,255,294.35,1.0000,0.5362,0.187970,32,1,8,8.47,0.8817,0.0655,0.003464,4.451
825281,520,354,874,240,41,225,331.85,0.9706,0.6196,0.255501,73,19,46,353.19,0.6820,0.1841,0.020797,4.315
825289,520,430,950,228,64,71,23.18,0.8844,0.5533,0.206185,23,22,12,103.12,0.3034,0.0973,0.007825,4.430
825294,520,470,990,174,11,249,309.28,0.9922,0.5171,0.160785,4,6,6,196.47,0.1300,0.0392,0.001692,4.078
825300,520,430,950,242,20,34,26.87,0.9891,0.5465,0.194965,28,16,34,313.81,0.4308,0.0978,0.007330,4.273
825304,520,245,765,224,138,254,316.87,0.9885,0.7269,0.411814,2,80,42,154.28,0.9937,0.2846,0.059171,4.230
825324,520,461,981,179,63,219,315.90,0.8567,0.5329,0.182543,8,2,30,288.49,0.8607,0.0463,0.001888,4.482
825325,520,423,943,230,22,177,342.51,0.9679,0.5649,0.205739,9,31,8,142.69,0.8880,0.1121,0.010555,4.223
825327,520,437,957,226,9,168,344.16,0.9855,0.5490,0.191939,23,6,55,291.93,0.8477,0.0912,0.005882,4.329
825331,520,364,884,249,74,101,16.41,0.9440,0.6102,0.259803,21,45,15,139.66,0.8249,0.1658,0.020706,4.382
825339,520,407,927,175,80,247,306.78,0.9330,0.5692,0.215674,4,37,3,142.31,0.9807,0.1285,0.013555,4.180
825364,520,345,865,247,72,176,348.49,0.9263,0.6296,0.275466,17,35,102,266.84,0.8780,0.1892,0.022804,4.470
825375,520,460,980,235,12,57,21.58,0.9910,0.5318,0.182237,3,6,36,269.38,0.8848,0.0556,0.002770,4.401
825399,520,453,973,165,92,177,321.80,0.6019,0.5255,0.188287,5,18,4,141.72,0.8332,0.0695,0.004736,4.353
825401,520,308,828,250,95,187,347.11,0.9414,0.6657,0.320993,26,50,100,262.99,0.6929,0.2283,0.034208,4.406
825403,520,382,902,248,17,182,344.98,0.9873,0.6003,0.237380,11,32,85,264.22,0.8620,0.1622,0.017599,4.251
825408,520,408,928,252,20,18,28.84,0.9921,0.5669,0.212432,3,8,98,265.64,0.9886,0.1326,0.010748,4.320
825430,520,351,871,247,31,230,332.23,0.9852,0.6303,0.264703,83,7,28,12.43,0.8831,0.1861,0.020751,4.448
825443,520,475,995,231,15,18,28.48,0.9917,0.5203,0.173773,6,1,14,304.78,0.7775,0.0308,0.000921,4.394
825464,520,364,884,235,50,209,334.86,0.9416,0.6067,0.245495,26,45,9,132.93,0.8629,0.1684,0.021161,4.153
825467,520,243,763,232,138,236,325.59,0.8693,0.7275,0.413906,17,78,19,143.41,0.9722,0.2771,0.056147,4.370
825468,520,416,936,246,24,94,12.63,0.9769,0.5658,0.210577,37,16,54,306.97,0.6525,0.1231,0.010303,4.321
825475,520,478,998,146,63,243,299.23,0.9286,0.5069,0.161373,1,1,2,284.11,0.2654,0.0171,0.000325,4.200
825484,520,419,939,244,46,1,32.25,0.9992,0.5631,0.211927,1,28,41,232.37,0.9145,0.1110,0.009970,4.368
825493,520,401,921,246,62,31,32.02,0.9677,0.5819,0.231404,37,25,50,305.14,0.4420,0.1379,0.013189,4.453
825502,520,478,998,220,47,9,32.62,0.9878,0.5146,0.172711,8,0,0,29.23,1.0000,0.0228,0.000516,4.409
825503,520,365,885,236,98,81,29.50,0.8604,0.6139,0.271651,28,45,16,133.90,0.6919,0.1710,0.021610,4.492
825517,520,374,894,236,31,214,333.69,0.9742,0.6008,0.236706,1,45,29,163.31,0.9851,0.1602,0.019718,4.112
825527,520,457,977,234,24,7,29.89,0.9937,0.5295,0.181642,21,5,12,352.44,0.5207,0.0574,0.002945,4.375
825532,520,421,941,245,42,27,29.68,0.9755,0.5634,0.211510,45,12,5,34.90,0.7669,0.1071,0.008319,4.484
825536,520,459,979,166,62,237,307.36,0.9031,0.5272,0.176674,14,8,26,297.34,0.5191,0.0620,0.003416,4.244
825545,520,427,947,234,35,124,1.34,0.9332,0.5553,0.201527,49,3,5,24.08,0.9258,0.1018,0.007292,4.390
825547,520,440,960,161,77,253,301.15,0.9807,0.5520,0.199771,27,16,16,18.97,0.2488,0.0886,0.006410,4.428
825557,520,417,937,165,83,255,301.52,1.0000,0.5667,0.214063,46,0,62,314.92,1.0000,0.1225,0.009287,4.454
825579,520,458,978,214,22,171,340.47,0.9489,0.5313,0.178125,27,5,4,26.86,0.6872,0.0638,0.003504,4.264
825580,520,443,963,217,7,191,335.22,0.9894,0.5446,0.186676,25,6,39,307.67,0.7364,0.0797,0.004834,4.316
825591,520,398,918,247,63,23,33.12,0.9787,0.5844,0.233945,19,35,30,172.51,0.3521,0.1366,0.014342,4.413
825596,520,316,836,231,103,208,334.94,0.8366,0.6563,0.312457,83,37,8,48.41,0.8131,0.2242,0.031799,4.431
825601,520,365,885,210,88,222,324.02,0.8414,0.6119,0.259567,54,33,37,6.97,0.2945,0.1730,0.020056,4.419
825612,520,470,990,210,66,22,35.94,0.9497,0.5150,0.176583,2,1,28,273.13,0.9676,0.0360,0.001184,4.427
825613,520,397,917,235,41,172,345.60,0.9306,0.5809,0.222295,52,22,0,55.02,1.0000,0.1369,0.013040,4.319
825628,520,270,790,232,151,25,70.11,0.9501,0.6987,0.393614,29,71,34,146.09,0.8373,0.2606,0.048830,4.489
825635,520,367,887,255,14,169,350.15,1.0000,0.6068,0.244422,63,16,60,330.48,0.7112,0.1692,0.017537,4.359
825638,520,318,838,225,119,183,344.53,0.6966,0.6606,0.326221,27,57,59,201.17,0.4586,0.2223,0.034749,4.439
825645,520,291,811,213,128,230,320.76,0.7905,0.6823,0.352990,34,63,23,137.91,0.8088,0.2350,0.039569,4.499
825653,520,444,964,217,18,177,339.34,0.9653,0.5390,0.183610,12,17,29,266.47,0.3504,0.0811,0.005678,4.196
825655,520,425,945,234,60,54,27.41,0.9242,0.5584,0.209935,32,18,39,313.72,0.4575,0.1099,0.008862,4.416
825662,520,325,845,242,72,229,331.30,0.9434,0.6486,0.291718,22,26,135,269.53,0.9608,0.2146,0.026584,4.462
825684,520,455,975,228,5,128,357.65,0.9908,0.5340,0.181639,4,13,14,203.44,0.4131,0.0586,0.003454,4.333
825692,520,438,958,193,60,216,321.30,0.8713,0.5493,0.195285,10,3,72,272.69,0.9837,0.0946,0.005975,4.382
825730,520,428,948,227,73,31,35.27,0.9434,0.5570,0.211977,22,24,14,117.33,0.2862,0.1021,0.008555,4.474
825741,520,370,890,233,90,126,7.93,0.7880,0.6077,0.261450,46,34,49,319.46,0.2742,0.1696,0.019467,4.483
825753,520,458,978,168,54,251,305.60,0.9754,0.5342,0.179289,2,1,51,267.80,0.9936,0.0595,0.002736,4.348
825769,520,395,915,233,54,185,341.45,0.9059,0.5929,0.234674,4,38,39,197.82,0.8341,0.1421,0.015585,4.341
825772,520,467,987,233,4,5,29.04,0.9980,0.5214,0.174246,5,0,27,286.04,1.0000,0.0358,0.001114,4.387
825786,520,465,985,148,88,217,302.31,0.7590,0.5230,0.182854,12,5,24,299.38,0.6136,0.0526,0.002527,4.433
825800,520,402,922,249,49,13,31.78,0.9906,0.5759,0.223690,16,8,94,272.35,0.9751,0.1339,0.010919,4.493
825832,520,478,998,187,69,148,342.97,0.7055,0.5088,0.169607,3,0,16,290.10,1.0000,0.0250,0.000568,4.343
825833,520,441,961,176,105,113,12.91,0.4321,0.5372,0.205266,3,21,42,252.47,0.7721,0.0934,0.007228,4.460
825843,520,373,893,253,34,139,359.64,0.9828,0.5978,0.238944,28,41,27,142.87,0.3637,0.1609,0.019119,4.180
825853,520,395,915,216,47,239,322.42,0.9561,0.5921,0.228659,58,14,32,358.63,0.6702,0.1423,0.013180,4.411
825858,520,319,839,237,69,246,325.79,0.9667,0.6483,0.289170,22,53,82,249.09,0.6159,0.2208,0.033258,4.074
825872,520,455,975,188,53,208,322.14,0.8690,0.5289,0.177930,11,5,36,286.36,0.7793,0.0603,0.003071,4.295
825900,520,452,972,195,92,8,50.01,0.9620,0.5262,0.192757,3,16,29,247.11,0.6650,0.0723,0.004786,4.431
825913,520,367,887,247,55,174,348.18,0.9371,0.6137,0.255657,59,21,65,322.00,0.6605,0.1727,0.018479,4.464
825933,520,32,552,252,237,251,327.79,0.9150,0.9557,0.882293,67,125,5,134.26,0.9927,0.4544,0.158711,4.467
825937,520,427,947,207,3,239,320.61,0.9980,0.5599,0.195643,30,4,62,297.01,0.9006,0.1037,0.007107,4.301
825946,520,343,863,238,42,244,326.82,0.9778,0.6291,0.263673,51,40,55,316.95,0.2453,0.1937,0.024973,4.184
825949,520,355,875,227,55,252,322.12,0.9874,0.6249,0.260937,2,49,39,174.18,0.9644,0.1775,0.023559,4.227
825956,520,457,977,223,19,137,353.82,0.9583,0.5312,0.179625,4,7,36,270.60,0.8400,0.0586,0.003051,4.328
825965,520,439,959,233,33,123,1.38,0.9367,0.5519,0.198444,5,23,30,225.41,0.6091,0.0927,0.007388,4.329
825969,520,424,944,220,49,180,339.65,0.8855,0.5629,0.207099,28,20,38,303.88,0.3840,0.1086,0.008871,4.367
825987,520,377,897,254,52,97,14.93,0.9918,0.5986,0.243935,1,35,78,256.27,0.9689,0.1591,0.017585,4.349
825988,520,429,949,203,70,181,335.03,0.7834,0.5542,0.204148,8,15,62,269.44,0.8903,0.1006,0.007410,4.427
825990,520,428,948,239,29,127,0.87,0.9553,0.5633,0.207649,1,12,74,264.52,0.9697,0.1049,0.007637,4.470
826001,520,391,911,239,71,99,15.60,0.8800,0.5877,0.237611,42,12,85,294.98,0.8594,0.1530,0.014111,4.486
826017,520,456,976,202,61,150,346.04,0.7754,0.5264,0.180980,18,11,2,79.86,0.6521,0.0630,0.003723,4.299
826022,520,417,937,200,51,245,316.59,0.9527,0.5740,0.212410,15,15,76,273.30,0.9080,0.1201,0.009650,4.399
826028,520,407,927,255,14,56,23.04,1.0000,0.5747,0.218635,45,17,42,331.51,0.5618,0.1287,0.011260,4.385
826049,520,468,988,197,77,94,14.69,0.6932,0.5170,0.179881,16,1,17,326.03,0.7925,0.0438,0.001724,4.444
826051,520,429,949,228,43,129,358.94,0.8964,0.5503,0.198095,31,20,16,40.86,0.2619,0.1029,0.008291,4.256
826057,520,461,981,217,20,153,347.01,0.9507,0.5269,0.175544,3,6,27,269.40,0.7587,0.0487,0.002287,4.314
826088,520,462,982,207,18,188,333.54,0.9635,0.5270,0.173309,10,0,38,288.08,1.0000,0.0505,0.002045,4.291
826095,520,478,998,194,63,149,344.27,0.7490,0.5140,0.171960,6,0,2,353.79,1.0000,0.0210,0.000431,4.401
826127,520,343,863,248,19,240,330.12,0.9940,0.6345,0.267164,67,12,81,318.31,0.8129,0.1876,0.020505,4.498
826133,520,404,924,237,28,170,346.33,0.9609,0.5770,0.217403,36,14,68,296.99,0.7741,0.1307,0.011065,4.379
826139,520,210,730,223,175,143,55.13,0.4807,0.7554,0.483324,58,82,24,128.95,0.8123,0.3141,0.070000,4.444
826156,520,449,969,232,41,89,13.90,0.9292,0.5448,0.194660,7,16,24,245.52,0.3907,0.0725,0.004817,4.463
826157,520,444,964,230,39,95,11.36,0.9263,0.5409,0.191032,27,9,27,327.25,0.5391,0.0798,0.005075,4.376
826162,520,480,1000,193,30,196,327.38,0.9257,0.5123,0.162531,0,0,0,0.00,0.0000,0.0000,0.000000,4.251
826164,520,434,954,237,17,120,2.40,0.9768,0.5524,0.197646,27,14,48,297.99,0.6425,0.1022,0.007605,4.299
826171,520,411,931,206,56,216,325.27,0.8977,0.5665,0.209098,12,11,79,271.66,0.9515,0.1158,0.008820,4.405
826174,520,419,939,245,36,33,28.26,0.9766,0.5601,0.207875,36,0,67,301.62,1.0000,0.1117,0.007803,4.461
826191,520,237,757,249,137,205,344.13,0.9133,0.7346,0.424413,18,78,58,166.29,0.8668,0.2860,0.058826,4.359
826203,520,378,898,186,99,225,314.16,0.7860,0.5954,0.248000,6,38,64,247.44,0.7831,0.1579,0.017950,4.386
826210,520,462,982,196,67,163,339.44,0.7526,0.5292,0.183961,4,10,19,253.38,0.4502,0.0538,0.002899,4.423
826223,520,478,998,167,71,201,316.05,0.7742,0.5115,0.169399,0,1,6,259.05,1.0000,0.0179,0.000349,4.358
826226,520,412,932,249,42,43,27.31,0.9761,0.5729,0.219737,28,27,28,325.66,0.0274,0.1209,0.011146,4.411
826251,520,471,991,208,68,45,31.91,0.8778,0.5157,0.177359,16,2,1,32.13,0.7887,0.0399,0.001558,4.410
826257,520,249,769,250,147,36,60.65,0.9583,0.7169,0.413216,58,69,52,134.63,0.2476,0.2802,0.054037,4.452
826269,520,433,953,149,100,227,298.57,0.7693,0.5523,0.210501,30,22,7,82.13,0.5334,0.1044,0.008652,4.441
826288,520,465,985,212,10,162,342.69,0.9752,0.5189,0.168250,13,5,8,352.49,0.3327,0.0463,0.002116,4.188
826297,520,417,937,225,61,145,353.83,0.8333,0.5659,0.213919,0,33,18,159.92,1.0000,0.1161,0.011313,4.304
826303,520,336,856,235,75,233,328.44,0.9308,0.6425,0.285799,42,49,29,124.18,0.3700,0.1987,0.027776,4.318
826304,520,411,931,202,56,234,319.55,0.9241,0.5728,0.213270,20,31,13,134.19,0.5383,0.1202,0.011577,4.275
826328,520,478,998,215,45,68,19.87,0.9061,0.5088,0.167437,5,0,5,328.36,1.0000,0.0213,0.000432,4.311
826329,520,471,991,194,19,205,325.30,0.9654,0.5156,0.163445,8,5,13,303.38,0.3673,0.0432,0.001892,4.113
826343,520,423,943,197,74,197,327.75,0.7904,0.5586,0.208006,5,19,61,264.83,0.8834,0.1060,0.008349,4.422
826346,520,422,942,248,10,14,28.71,0.9962,0.5555,0.202089,0,30,33,204.11,1.0000,0.1121,0.010383,4.175
826352,520,423,943,225,5,197,335.52,0.9943,0.5627,0.201498,41,13,30,345.21,0.5609,0.1093,0.008531,4.297
826360,520,446,966,193,68,191,328.46,0.7909,0.5413,0.192348,21,0,56,291.49,1.0000,0.0803,0.004450,4.451
826365,520,410,930,198,54,241,316.82,0.9351,0.5702,0.209964,48,4,64,314.62,0.8755,0.1325,0.010854,4.272
826369,520,418,938,238,3,153,351.42,0.9962,0.5641,0.205453,54,6,30,354.88,0.7741,0.1236,0.010084,4.252
826397,520,471,991,218,14,131,354.70,0.9661,0.5170,0.168607,1,6,20,257.99,0.7788,0.0423,0.001872,4.214
826417,520,476,996,190,57,160,338.32,0.7761,0.5059,0.164131,5,1,2,359.77,0.5178,0.0235,0.000584,4.233
826465,520,477,997,225,9,12,28.72,0.9948,0.5054,0.162324,1,1,7,277.79,0.7136,0.0203,0.000435,4.210
826484,520,402,922,248,45,90,15.75,0.9551,0.5801,0.225749,4,36,3,142.29,0.9796,0.1252,0.012941,4.381
826500,520,449,969,166,70,246,304.84,0.9359,0.5439,0.191417,18,10,16,335.70,0.2697,0.0653,0.003831,4.485
826509,520,298,818,254,111,94,29.08,0.9883,0.6666,0.332511,15,62,61,193.00,0.7516,0.2337,0.038836,4.306
826543,520,433,953,237,35,69,20.06,0.9604,0.5472,0.196395,22,4,63,287.19,0.9250,0.0954,0.006163,4.387
826559,520,310,830,233,127,79,44.09,0.7826,0.6576,0.330693,44,57,29,129.16,0.4988,0.2249,0.035504,4.452
826567,520,458,978,171,48,251,306.86,0.9773,0.5333,0.177376,14,8,14,326.38,0.2640,0.0562,0.002987,4.291
826584,520,385,905,254,44,97,14.10,0.9923,0.5930,0.237390,12,36,51,238.91,0.5924,0.1459,0.015789,4.368
826586,520,464,984,175,47,225,313.91,0.9108,0.5162,0.165842,26,1,0,32.23,1.0000,0.0524,0.002414,4.118
826593,520,425,945,209,3,238,321.35,0.9980,0.5625,0.197953,6,27,42,242.40,0.6606,0.1114,0.009897,4.140
826604,520,399,919,233,27,189,339.75,0.9663,0.5790,0.217844,53,4,68,316.31,0.8826,0.1446,0.012612,4.278
826612,520,363,883,248,2,207,338.11,0.9990,0.6108,0.245080,42,7,104,288.33,0.9495,0.1699,0.016437,4.442
826620,520,378,898,200,90,219,321.53,0.8067,0.5979,0.247076,63,25,11,40.12,0.7071,0.1643,0.017763,4.384
826643,520,392,912,247,49,112,8.80,0.9387,0.5864,0.231440,38,22,74,292.90,0.7026,0.1518,0.014803,4.343
826647,520,245,765,234,156,128,40.52,0.6574,0.7250,0.428299,36,77,33,142.39,0.8389,0.2840,0.057925,4.432
826654,520,454,974,232,2,103,6.91,0.9971,0.5332,0.181815,11,14,16,237.05,0.1092,0.0672,0.004226,4.275
826661,520,294,814,248,115,167,357.63,0.8689,0.6827,0.350108,10,64,56,180.35,0.8719,0.2366,0.040167,4.437
826664,520,401,921,224,40,204,333.46,0.9417,0.5779,0.217269,24,22,72,278.85,0.7442,0.1355,0.012358,4.286
826681,520,466,986,210,66,66,24.65,0.8372,0.5201,0.179937,10,9,4,100.37,0.3160,0.0513,0.002687,4.364
826682,520,452,972,182,7,249,311.63,0.9952,0.5286,0.169377,26,10,13,8.50,0.4039,0.0743,0.004658,4.014
826690,520,478,998,198,40,170,336.77,0.8614,0.5108,0.164275,8,0,3,351.24,1.0000,0.0245,0.000582,4.236
826709,520,365,885,212,84,219,325.62,0.8469,0.6079,0.254539,19,36,79,265.15,0.7036,0.1704,0.019646,4.373
826716,520,366,886,254,5,184,345.56,0.9971,0.6103,0.246436,44,32,67,297.90,0.4944,0.1735,0.019738,4.251
826725,520,474,994,181,33,228,315.53,0.9506,0.5183,0.165141,0,1,18,263.84,1.0025,0.0256,0.000654,4.247
826733,520,356,876,250,25,214,336.84,0.9870,0.6237,0.258775,53,32,55,323.75,0.4026,0.1777,0.020658,4.370
826741,520,414,934,209,60,201,330.31,0.8636,0.5655,0.210060,20,9,82,277.29,0.9423,0.1226,0.009532,4.368
826744,520,443,963,195,81,151,345.36,0.6729,0.5402,0.197230,30,11,21,348.51,0.4594,0.0847,0.005695,4.439
826748,520,404,924,202,47,247,316.82,0.9627,0.5757,0.213065,39,15,55,309.22,0.6768,0.1251,0.010489,4.349
826759,520,390,910,240,50,151,354.05,0.9097,0.5870,0.230439,59,16,32,0.47,0.6449,0.1470,0.014048,4.379
826770,520,384,904,250,12,142,357.41,0.9898,0.5853,0.225434,64,12,39,352.96,0.7292,0.1545,0.014996,4.238
826771,520,336,856,251,17,242,330.33,0.9954,0.6406,0.273240,18,11,141,268.56,0.9904,0.2040,0.022908,4.434
826773,520,385,905,247,61,54,27.72,0.9622,0.5850,0.233814,22,39,23,145.74,0.4908,0.1489,0.016834,4.247
826811,520,453,973,206,30,184,334.48,0.9251,0.5277,0.175130,15,11,32,289.77,0.5295,0.0724,0.004452,4.134
826824,520,406,926,254,28,53,24.34,0.9955,0.5769,0.221622,34,30,26,67.33,0.1116,0.1348,0.013432,4.282
826830,520,438,958,142,94,242,294.15,0.8710,0.5456,0.201670,26,17,25,330.15,0.2579,0.0929,0.006907,4.422
826841,520,396,916,210,47,234,322.01,0.9467,0.5787,0.216770,30,34,9,117.23,0.6427,0.1377,0.014398,4.143
826845,520,468,988,184,71,174,331.31,0.7308,0.5203,0.177542,8,2,14,309.94,0.6550,0.0359,0.001268,4.438
826866,520,385,905,250,27,144,357.19,0.9719,0.5906,0.231250,6,32,69,257.85,0.8305,0.1453,0.015013,4.326
826867,520,329,849,219,105,223,326.16,0.8281,0.6495,0.304927,18,50,83,251.69,0.6780,0.2110,0.030342,4.418
826869,520,449,969,178,38,253,308.98,0.9895,0.5382,0.179440,9,0,56,276.73,1.0000,0.0691,0.003436,4.294
826870,520,347,867,252,80,124,9.43,0.9602,0.6283,0.278914,31,45,53,233.74,0.2573,0.1858,0.024251,4.430
826878,520,291,811,236,99,253,323.13,0.9896,0.6838,0.338505,47,60,22,125.34,0.6576,0.2356,0.038939,4.368
826888,520,428,948,232,47,112,6.32,0.8996,0.5553,0.203616,24,22,21,48.53,0.0479,0.1010,0.008222,4.356
826901,520,261,781,252,139,59,52.16,0.9629,0.7064,0.394794,39,72,38,143.40,0.6646,0.2706,0.052059,4.358
826907,520,347,867,255,7,218,336.85,1.0000,0.6310,0.264773,69,21,58,337.74,0.6581,0.1855,0.021072,4.429
826915,520,431,951,239,35,3,31.02,0.9974,0.5455,0.195627,28,21,20,27.62,0.1452,0.1027,0.008337,4.210
826924,520,326,846,222,118,180,344.89,0.6749,0.6533,0.317837,2,60,29,153.30,0.9896,0.2123,0.033332,4.414
826941,520,384,904,241,12,188,341.72,0.9902,0.5889,0.225976,33,6,93,285.16,0.9522,0.1451,0.012439,4.420
826949,520,432,952,239,45,41,27.90,0.9603,0.5542,0.203909,32,14,40,314.49,0.5634,0.1029,0.007744,4.397
826964,520,419,939,209,89,92,21.15,0.6979,0.5557,0.214749,13,22,54,268.67,0.6662,0.1110,0.009257,4.468
826971,520,258,778,250,101,254,326.66,0.9960,0.7076,0.367897,31,44,152,269.49,0.9182,0.2703,0.043594,4.465
826975,520,375,895,233,33,222,330.94,0.9737,0.6014,0.236878,58,25,11,42.63,0.6656,0.1553,0.016191,4.334
826994,520,438,958,220,3,192,335.67,0.9958,0.5500,0.190889,33,12,3,47.03,0.7078,0.0859,0.005929,4.307
826998,520,439,959,233,24,130,358.49,0.9582,0.5503,0.195916,24,14,37,302.26,0.5166,0.0909,0.006418,4.359
827001,520,460,980,185,74,184,328.02,0.7408,0.5318,0.186738,5,7,42,271.85,0.8780,0.0646,0.003514,4.424
827002,520,480,1000,167,6,251,306.87,0.9958,0.5073,0.153115,0,0,0,0.00,0.0000,0.0000,0.000000,4.062
827003,520,451,971,232,40,31,28.93,0.9651,0.5353,0.187754,15,7,40,288.86,0.7424,0.0710,0.004067,4.397
827026,520,466,986,154,77,229,303.49,0.8409,0.5231,0.178353,16,1,20,320.44,0.8132,0.0455,0.001824,4.406
827034,520,419,939,240,13,137,357.15,0.9842,0.5636,0.206224,19,16,57,280.63,0.7264,0.1054,0.008044,4.414
827041,520,328,848,245,51,246,327.93,0.9751,0.6475,0.284367,63,45,15,77.53,0.6578,0.2104,0.029681,4.196
827048,520,409,929,231,8,185,340.28,0.9908,0.5676,0.206681,25,11,84,280.48,0.9170,0.1317,0.010861,4.218
827064,520,332,852,237,95,180,346.50,0.8301,0.6414,0.294868,3,47,92,253.69,0.9282,0.2046,0.028249,4.407
827065,520,385,905,208,76,216,325.44,0.8513,0.5902,0.235384,4,20,95,265.32,0.9613,0.1457,0.013522,4.493
827071,520,321,841,236,69,250,324.59,0.9802,0.6493,0.289936,10,48,95,256.25,0.8386,0.2120,0.030045,4.247
827074,520,381,901,229,52,206,334.22,0.9260,0.5959,0.235727,43,24,72,298.54,0.6556,0.1598,0.016348,4.307
827077,520,416,936,242,4,156,351.33,0.9956,0.5736,0.213676,32,6,74,291.95,0.9065,0.1217,0.009317,4.445
827078,520,352,872,249,85,73,27.96,0.9581,0.6178,0.271211,5,36,107,262.88,0.9541,0.1923,0.023554,4.367
827087,520,326,846,255,20,244,330.74,1.0000,0.6496,0.282951,27,9,145,271.46,0.9902,0.2133,0.024725,4.456
827099,520,311,831,250,81,211,338.46,0.9660,0.6608,0.309150,39,56,43,151.54,0.3100,0.2213,0.034340,4.258
827100,520,407,927,168,97,221,308.34,0.7554,0.5659,0.220953,29,31,2,113.23,0.8876,0.1267,0.012456,4.338
827110,520,423,943,184,64,245,311.27,0.9399,0.5615,0.204507,31,25,14,82.19,0.3337,0.1147,0.010183,4.229
827114,520,311,831,249,61,246,328.80,0.9794,0.6612,0.301339,59,29,106,296.35,0.7589,0.2196,0.028492,4.476
827120,520,448,968,186,45,239,314.10,0.9418,0.5430,0.185490,30,0,43,313.66,1.0000,0.0796,0.004505,4.321
827132,520,445,965,225,56,94,13.24,0.8675,0.5443,0.196468,26,7,41,306.68,0.7262,0.0842,0.005317,4.456
827133,520,468,988,198,23,201,327.46,0.9547,0.5213,0.168373,11,3,19,307.71,0.6524,0.0441,0.001833,4.213
827135,520,343,863,243,71,196,341.01,0.9177,0.6311,0.275496,43,44,51,279.14,0.1066,0.1930,0.025540,4.309
827146,520,352,872,202,117,172,341.75,0.5537,0.6195,0.282591,23,48,44,182.52,0.4435,0.1852,0.024778,4.448
827163,520,385,905,214,30,255,318.63,1.0000,0.5916,0.224465,4,12,109,265.69,0.9860,0.1531,0.013928,4.293
827174,520,430,950,179,55,252,308.74,0.9813,0.5515,0.193452,37,1,51,314.30,0.9407,0.0991,0.006541,4.306
827185,520,418,938,248,19,74,18.45,0.9869,0.5641,0.209202,53,12,10,26.58,0.7642,0.1233,0.010419,4.290
827187,520,0,520,255,255,255,0.00,0.0000,1.0000,1.000000,13,137,82,156.36,0.9827,0.4847,0.185852,4.452
827192,520,447,967,240,5,51,23.02,0.9969,0.5401,0.188762,24,12,32,310.46,0.5010,0.0840,0.005614,4.293
827205,520,368,888,251,27,186,344.62,0.9793,0.6111,0.248416,24,18,105,274.24,0.9390,0.1659,0.016466,4.490
827219,520,293,813,228,133,144,12.99,0.6331,0.6758,0.352847,17,68,25,145.92,0.9482,0.2436,0.043234,4.321
827221,520,462,982,163,77,219,309.18,0.8045,0.5273,0.182094,8,6,15,295.14,0.3607,0.0465,0.002164,4.449
827226,520,449,969,187,78,176,331.67,0.7099,0.5357,0.191495,23,10,12,9.93,0.3430,0.0700,0.004258,4.451
827256,520,389,909,223,80,158,350.15,0.7732,0.5890,0.238963,35,30,59,290.00,0.4517,0.1530,0.016016,4.377
827262,520,393,913,246,34,165,349.98,0.9592,0.5946,0.234568,20,32,52,260.22,0.4404,0.1399,0.014296,4.426
827279,520,442,962,229,35,113,4.38,0.9262,0.5417,0.190552,8,12,45,272.25,0.7750,0.0787,0.005040,4.370
827291,520,37,557,226,250,209,132.32,0.7750,0.9499,0.891429,3,129,65,152.17,0.9968,0.4540,0.161008,4.462
827292,520,378,898,233,42,210,334.06,0.9535,0.5986,0.236353,19,37,64,258.30,0.5584,0.1611,0.018317,4.192
827304,520,459,979,165,78,214,311.12,0.7858,0.5277,0.183039,10,11,3,113.43,0.4930,0.0554,0.003104,4.388
827307,520,385,905,219,55,217,328.61,0.9192,0.5880,0.228043,32,26,69,285.75,0.6236,0.1486,0.014755,4.294
827315,520,424,944,195,23,252,314.39,0.9866,0.5560,0.192445,0,30,18,163.52,1.0000,0.1063,0.009722,4.060
827319,520,382,902,226,42,230,327.21,0.9625,0.5993,0.235401,8,13,115,266.84,0.9845,0.1643,0.015771,4.339
827325,520,476,996,172,77,173,327.12,0.6809,0.5092,0.170966,1,0,12,278.75,1.0000,0.0192,0.000330,4.390
827329,520,363,883,254,59,112,10.85,0.9900,0.6079,0.253722,12,29,98,266.59,0.9153,0.1697,0.018386,4.441
827331,520,429,949,212,79,88,19.67,0.7548,0.5453,0.202958,17,0,75,278.33,1.0000,0.0992,0.006271,4.495
827345,520,453,973,208,60,135,353.74,0.7859,0.5295,0.183930,19,8,35,299.41,0.6476,0.0730,0.004335,4.305
827364,520,457,977,183,58,215,318.49,0.8648,0.5308,0.180009,19,9,7,33.38,0.3195,0.0616,0.003492,4.300
827374,520,421,941,221,9,198,334.28,0.9891,0.5568,0.196471,24,17,51,289.06,0.6212,0.1069,0.008341,4.225
827378,520,423,943,227,21,175,342.39,0.9665,0.5578,0.199650,17,13,69,276.88,0.8777,0.1105,0.008367,4.277
827392,520,479,999,158,51,243,304.19,0.9391,0.5104,0.161084,0,0,1,264.05,1.0000,0.0060,0.000022,4.220
827401,520,476,996,205,6,176,336.52,0.9848,0.5126,0.162460,3,0,4,321.50,1.0000,0.0174,0.000281,4.225
827424,520,460,980,229,23,109,5.07,0.9587,0.5345,0.183778,1,16,3,147.53,0.9685,0.0606,0.003836,4.342
827443,520,448,968,233,17,121,1.33,0.9735,0.5446,0.191080,15,7,46,285.38,0.8012,0.0762,0.004508,4.423
827446,520,281,801,239,104,242,326.75,0.9424,0.6881,0.346644,97,36,30,28.21,0.6826,0.2519,0.038973,4.458
827447,520,439,959,239,36,66,21.13,0.9622,0.5515,0.200091,20,19,11,101.78,0.2590,0.0862,0.006386,4.435
827453,520,453,973,208,16,190,333.23,0.9698,0.5295,0.175002,24,6,29,318.64,0.6459,0.0715,0.004132,4.157
827511,520,433,953,209,56,177,337.84,0.8357,0.5476,0.195600,10,15,64,270.94,0.8847,0.1039,0.007763,4.252
827512,520,410,930,218,51,188,336.66,0.8856,0.5654,0.209062,3,24,75,262.75,0.9432,0.1301,0.011805,4.192
827522,520,436,956,192,37,242,315.42,0.9611,0.5496,0.189417,26,16,33,310.39,0.4094,0.0948,0.007000,4.200
827523,520,371,891,224,91,173,345.41,0.7565,0.6117,0.263489,19,46,26,150.39,0.6774,0.1703,0.021670,4.374
827531,520,397,917,177,87,239,308.56,0.8743,0.5752,0.223962,9,38,31,174.42,0.7018,0.1409,0.015432,4.187
827559,520,240,760,252,140,163,7.70,0.8965,0.7288,0.420987,8,72,96,230.06,0.8835,0.2823,0.055306,4.473
827561,520,438,958,242,7,65,19.89,0.9952,0.5468,0.194143,6,26,2,139.09,0.9651,0.0934,0.007819,4.223
827565,520,469,989,166,42,244,307.03,0.9487,0.5152,0.162953,8,4,0,82.32,1.0000,0.0356,0.001385,4.144
827568,520,437,957,190,38,246,313.94,0.9624,0.5503,0.189884,40,0,33,336.31,1.0000,0.0894,0.005610,4.314
827576,520,406,926,244,52,98,13.52,0.9256,0.5791,0.225742,40,20,49,314.47,0.5383,0.1309,0.011732,4.467
827584,520,422,942,222,83,22,39.98,0.9526,0.5604,0.217766,20,24,43,273.77,0.3999,0.1131,0.009764,4.480
827588,520,434,954,164,74,250,303.02,0.9581,0.5495,0.196927,36,6,50,312.58,0.7935,0.1039,0.007356,4.305
827607,520,365,885,175,104,253,302.93,0.9680,0.6087,0.261069,6,38,75,254.88,0.8338,0.1665,0.019328,4.487
827608,520,443,963,222,30,146,350.85,0.9256,0.5377,0.185361,13,7,52,280.02,0.8671,0.0802,0.004854,4.291
827632,520,466,986,192,20,220,320.90,0.9727,0.5239,0.168756,12,7,14,316.62,0.2943,0.0520,0.002618,4.157
827644,520,433,953,235,27,113,4.90,0.9563,0.5497,0.196414,18,22,32,267.58,0.2538,0.1000,0.008067,4.244
827647,520,311,831,188,128,238,307.86,0.7884,0.6559,0.323034,29,50,93,263.04,0.6129,0.2244,0.033326,4.477
827668,520,320,840,255,26,248,329.84,1.0000,0.6540,0.287792,38,35,109,278.18,0.7802,0.2106,0.027182,4.377
827696,520,426,946,200,58,218,322.95,0.8889,0.5600,0.203690,25,21,36,295.96,0.3230,0.1064,0.008704,4.322
827712,520,122,642,233,202,246,315.92,0.7753,0.8589,0.662191,0,105,95,183.56,1.0000,0.3845,0.109288,4.471
827731,520,428,948,205,67,195,330.95,0.8233,0.5623,0.209354,2,26,37,230.46,0.8326,0.1033,0.008852,4.407
827734,520,365,885,238,4,233,329.51,0.9983,0.6093,0.241499,61,30,29,22.62,0.4441,0.1748,0.020095,4.159
827737,520,326,846,236,123,5,55.04,0.9920,0.6492,0.320124,14,59,9,141.69,0.9721,0.2092,0.032409,4.491
827739,520,409,929,189,95,194,325.46,0.6859,0.5743,0.228995,0,32,52,240.46,1.0000,0.1293,0.012809,4.442
827744,520,432,952,170,62,255,304.93,1.0000,0.5482,0.192119,14,23,28,233.02,0.2607,0.0975,0.007900,4.182
827745,520,408,928,238,35,141,356.20,0.9401,0.5695,0.213054,63,2,6,24.28,0.9698,0.1313,0.011135,4.303
827752,520,469,989,189,23,215,321.25,0.9623,0.5161,0.163393,6,5,13,290.30,0.3659,0.0413,0.001763,4.122
827785,520,451,971,194,9,243,316.23,0.9937,0.5429,0.181372,1,21,0,141.29,1.0000,0.0743,0.005428,4.174
827787,520,433,953,207,80,130,358.80,0.7012,0.5503,0.206164,32,13,44,310.32,0.6238,0.1039,0.007768,4.434
827802,520,457,977,191,46,213,321.90,0.9021,0.5315,0.178359,14,7,23,303.06,0.5033,0.0583,0.003072,4.303
827806,520,456,976,197,41,195,328.72,0.8928,0.5254,0.173980,21,3,17,336.19,0.6668,0.0551,0.002650,4.254
827808,520,434,954,240,39,18,30.36,0.9841,0.5506,0.200233,6,27,29,203.61,0.6082,0.1044,0.009113,4.233
827810,520,472,992,223,36,49,24.68,0.9559,0.5157,0.171743,5,0,23,290.24,1.0000,0.0326,0.000941,4.353
827814,520,370,890,249,82,23,37.03,0.9776,0.6092,0.262396,3,45,57,222.10,0.8956,0.1734,0.021914,4.344
827817,520,470,990,220,2,126,356.64,0.9952,0.5162,0.167680,10,0,30,295.50,1.0000,0.0434,0.001583,4.220
827825,520,419,939,244,7,117,4.33,0.9928,0.5634,0.206728,47,10,4,33.44,0.8331,0.1077,0.008303,4.403
827829,520,368,888,228,51,229,327.88,0.9509,0.6079,0.245211,56,21,72,313.53,0.6928,0.1731,0.018450,4.313
827871,520,433,953,185,75,217,317.77,0.8222,0.5545,0.203573,21,15,50,286.63,0.6589,0.0992,0.007314,4.424
827873,520,410,930,226,76,109,11.14,0.7954,0.5720,0.224444,20,35,6,132.21,0.8473,0.1314,0.013639,4.313
827876,520,345,865,253,10,215,337.18,0.9961,0.6261,0.260093,41,48,5,118.57,0.8774,0.1906,0.025963,4.082
827887,520,436,956,198,67,193,329.43,0.8064,0.5496,0.198719,16,20,22,229.34,0.1108,0.0885,0.006684,4.388
827892,520,478,998,198,62,115,0.59,0.7503,0.5056,0.166907,1,1,4,280.91,0.5250,0.0184,0.000369,4.306
827903,520,442,962,136,90,253,290.91,0.9764,0.5419,0.196383,13,19,17,172.82,0.1700,0.0816,0.005918,4.406
827927,520,410,930,222,34,197,334.88,0.9461,0.5667,0.207072,8,4,97,268.16,0.9926,0.1290,0.010014,4.284
827954,520,371,891,211,81,230,322.35,0.8801,0.6097,0.254486,59,23,63,323.54,0.6228,0.1745,0.019016,4.412
827957,520,404,924,219,58,192,335.80,0.8737,0.5753,0.218942,30,32,21,116.34,0.2562,0.1344,0.013632,4.227
827963,520,358,878,242,9,244,327.90,0.9973,0.6247,0.256070,15,38,84,262.29,0.7754,0.1778,0.021278,4.294
827964,520,459,979,194,80,133,353.90,0.6576,0.5293,0.189018,3,14,14,195.35,0.5414,0.0602,0.003651,4.455
827972,520,423,943,238,58,51,27.79,0.9358,0.5640,0.214454,25,17,56,288.14,0.6687,0.1121,0.008931,4.488
827980,520,471,991,140,86,233,296.17,0.8373,0.5229,0.181143,11,3,1,46.39,0.6267,0.0364,0.001385,4.498
827982,520,423,943,231,4,169,344.96,0.9944,0.5582,0.199431,15,29,7,135.29,0.7588,0.1092,0.009956,4.160
828001,520,398,918,203,35,255,315.67,1.0000,0.5764,0.211201,24,24,69,278.21,0.6922,0.1368,0.012771,4.161
828003,520,337,857,253,1,239,331.45,0.9997,0.6393,0.271395,69,38,17,52.96,0.6174,0.2030,0.026921,4.178
828009,520,474,994,207,34,166,340.46,0.8950,0.5212,0.171647,0,3,17,259.28,1.0000,0.0313,0.001056,4.341
828013,520,407,927,250,32,40,26.90,0.9815,0.5690,0.215139,48,0,66,313.88,1.0000,0.1297,0.010218,4.403
828016,520,448,968,210,26,193,332.91,0.9494,0.5387,0.182928,11,5,52,278.59,0.9131,0.0752,0.004276,4.292
828028,520,369,889,226,82,190,338.99,0.8219,0.6114,0.259233,32,45,4,125.75,0.9124,0.1726,0.021926,4.299
828032,520,392,912,242,44,151,354.10,0.9285,0.5866,0.229161,8,40,43,203.96,0.7085,0.1520,0.017436,4.140
828034,520,399,919,221,97,58,37.79,0.8241,0.5830,0.242294,28,36,16,126.76,0.4936,0.1429,0.015460,4.465
828038,520,259,779,248,143,63,54.42,0.9184,0.7083,0.399630,42,67,79,229.72,0.3428,0.2721,0.050709,4.465
828049,520,465,985,197,8,205,326.19,0.9867,0.5179,0.164535,1,6,27,262.63,0.8843,0.0468,0.002158,4.113
828051,520,421,941,232,38,140,355.48,0.9206,0.5591,0.204384,24,27,3,115.70,0.8033,0.1102,0.009846,4.251
828056,520,433,953,239,16,111,5.75,0.9806,0.5533,0.198722,2,25,43,244.31,0.8264,0.1042,0.008825,4.228
828059,520,415,935,252,16,25,27.99,0.9939,0.5660,0.211400,45,17,30,352.67,0.5072,0.1228,0.010526,4.319
828066,520,467,987,222,35,103,6.87,0.9165,0.5244,0.177136,14,2,16,323.02,0.6947,0.0433,0.001742,4.390
828070,520,411,931,236,16,167,346.81,0.9801,0.5695,0.209964,0,25,66,258.38,1.0000,0.1219,0.010885,4.270
828071,520,458,978,218,60,75,20.38,0.8610,0.5303,0.186477,20,0,41,301.70,1.0000,0.0640,0.003088,4.454
828082,520,435,955,188,77,205,322.14,0.7859,0.5535,0.204082,20,17,37,289.00,0.4442,0.0928,0.006832,4.471
828089,520,443,963,180,56,239,311.80,0.9203,0.5430,0.187646,23,1,53,295.60,0.9636,0.0811,0.004609,4.352
828096,520,463,983,234,8,43,24.50,0.9949,0.5269,0.178437,6,8,5,134.15,0.2036,0.0457,0.002233,4.373
828097,520,320,840,254,4,252,328.79,0.9992,0.6502,0.281891,29,17,134,273.11,0.9710,0.2061,0.023832,4.495
828098,520,454,974,209,76,17,39.78,0.9551,0.5261,0.187669,17,14,20,307.60,0.1834,0.0742,0.004838,4.334
828111,520,473,993,230,29,27,28.35,0.9782,0.5243,0.177839,0,5,0,142.50,1.0000,0.0294,0.001085,4.460
828116,520,337,857,255,71,164,354.21,1.0000,0.6378,0.284502,78,24,46,358.20,0.6435,0.2009,0.024705,4.478
828143,520,431,951,161,86,239,302.93,0.8689,0.5530,0.204651,20,20,45,281.25,0.5036,0.1049,0.008385,4.362
828151,520,453,973,100,105,240,276.83,0.8808,0.5250,0.191031,32,5,6,21.12,0.7204,0.0726,0.004288,4.440
828154,520,365,885,230,85,167,348.82,0.7948,0.6110,0.261125,37,42,24,121.17,0.3689,0.1715,0.021152,4.373
828164,520,428,948,229,24,169,344.75,0.9599,0.5596,0.201786,32,9,51,305.50,0.7514,0.1032,0.007415,4.385
828173,520,464,984,188,89,84,24.76,0.6185,0.5182,0.184778,2,11,19,239.47,0.6298,0.0543,0.002993,4.430
828179,520,387,907,220,73,181,340.09,0.8152,0.5863,0.233192,44,15,71,303.55,0.7664,0.1457,0.013321,4.472
828191,520,434,954,212,61,161,344.53,0.8076,0.5495,0.199099,15,2,75,276.21,0.9863,0.1005,0.006529,4.407
828194,520,472,992,167,37,251,306.12,0.9800,0.5197,0.165044,4,1,23,284.39,0.9053,0.0343,0.001094,4.209
828213,520,288,808,254,116,131,15.59,0.9760,0.6826,0.352035,13,64,70,206.63,0.7887,0.2438,0.041944,4.373
828236,520,388,908,241,26,176,345.35,0.9704,0.5868,0.225772,50,17,65,313.48,0.7078,0.1523,0.014607,4.268
828242,520,425,945,247,9,48,24.12,0.9955,0.5556,0.201865,47,6,31,347.45,0.7445,0.1104,0.008336,4.317
828249,520,480,1000,153,53,252,300.66,0.9817,0.5138,0.163472,0,0,0,0.00,0.0000,0.0000,0.000000,4.269
828252,520,407,927,237,66,8,35.41,0.9911,0.5672,0.219216,51,19,4,45.00,0.7878,0.1300,0.011784,4.357
828259,520,430,950,228,24,148,351.31,0.9528,0.5477,0.192881,48,1,21,360.00,0.9128,0.1010,0.007043,4.258
828264,520,395,915,238,11,200,337.76,0.9918,0.5898,0.225895,19,26,76,271.78,0.7759,0.1439,0.013990,4.312
828270,520,424,944,169,79,241,306.10,0.8959,0.5551,0.203785,16,14,65,276.46,0.8502,0.1072,0.008059,4.371
828287,520,479,999,212,36,126,356.19,0.8817,0.5131,0.167675,0,0,4,264.05,1.0000,0.0106,0.000088,4.346
828288,520,345,865,255,49,180,347.78,1.0000,0.6269,0.267554,55,43,16,85.39,0.5970,0.1942,0.025775,4.191
828291,520,453,973,196,78,121,0.36,0.6700,0.5252,0.185668,30,4,9,10.01,0.7020,0.0681,0.003826,4.378
828299,520,468,988,194,75,121,359.19,0.6780,0.5175,0.178837,2,5,19,265.70,0.6776,0.0402,0.001685,4.428
828314,520,464,984,193,77,128,355.66,0.6667,0.5213,0.182054,13,2,34,294.85,0.8664,0.0542,0.002445,4.425
828323,520,426,946,230,59,95,13.96,0.8731,0.5571,0.207800,10,7,77,271.25,0.9700,0.1068,0.007523,4.482
828334,520,417,937,185,67,252,309.89,0.9784,0.5717,0.213578,14,25,49,264.12,0.5516,0.1152,0.010103,4.385
828341,520,387,907,231,72,150,354.36,0.8216,0.5902,0.238283,64,15,10,29.34,0.8170,0.1497,0.014537,4.467
828350,520,364,884,236,87,116,12.01,0.8205,0.6060,0.259131,4,50,9,144.55,0.9857,0.1745,0.023266,4.219
828352,520,433,953,239,5,120,2.44,0.9938,0.5537,0.198185,24,2,72,285.80,0.9717,0.1050,0.007055,4.350
828359,520,464,984,223,19,101,6.71,0.9636,0.5182,0.170961,7,5,32,280.74,0.7685,0.0537,0.002580,4.202
828364,520,426,946,248,19,18,28.77,0.9920,0.5580,0.204695,21,22,37,280.52,0.3263,0.1054,0.008668,4.341
828370,520,419,939,159,104,212,305.68,0.6827,0.5608,0.220254,25,27,18,118.03,0.2328,0.1144,0.010342,4.479
828375,520,382,902,239,72,125,5.79,0.8601,0.5959,0.244691,34,33,65,283.08,0.4740,0.1634,0.018094,4.328
828378,520,370,890,249,82,78,25.73,0.9556,0.6149,0.267278,1,48,26,157.15,0.9901,0.1696,0.021948,4.410
828379,520,414,934,230,58,149,353.19,0.8593,0.5740,0.220218,21,33,0,126.82,1.0000,0.1249,0.012471,4.325
828380,520,341,861,241,5,254,325.50,0.9987,0.6293,0.259677,0,27,132,263.90,1.0029,0.2041,0.024496,4.157
828393,520,386,906,244,36,162,350.57,0.9520,0.5905,0.231067,49,15,67,311.41,0.7435,0.1496,0.013999,4.392
828400,520,411,931,200,68,212,324.32,0.8494,0.5660,0.211686,53,4,41,340.12,0.8063,0.1247,0.010039,4.359
828404,520,387,907,237,81,25,37.51,0.9644,0.5856,0.239626,20,26,82,272.23,0.8150,0.1506,0.014966,4.458
828405,520,474,994,217,13,144,349.91,0.9684,0.5205,0.170557,7,0,13,313.25,1.0000,0.0283,0.000742,4.347
828408,520,434,954,240,28,41,26.18,0.9807,0.5461,0.195192,23,21,36,289.65,0.3241,0.1043,0.008459,4.194
828412,520,341,861,247,82,136,4.39,0.9023,0.6252,0.275895,20,44,88,261.33,0.7069,0.1993,0.026545,4.258
828414,520,360,880,226,104,122,13.01,0.7113,0.6157,0.274769,22,45,48,206.40,0.4126,0.1770,0.022607,4.473
828424,520,457,977,235,17,16,28.79,0.9911,0.5294,0.181037,12,8,23,294.77,0.4616,0.0584,0.003137,4.348
828436,520,432,952,188,68,211,320.78,0.8305,0.5465,0.195300,16,14,56,278.59,0.7718,0.0982,0.007097,4.296
828439,520,381,901,240,83,92,20.95,0.8813,0.6022,0.254875,8,45,19,149.55,0.9321,0.1603,0.019753,4.371
828449,520,387,907,250,16,141,357.82,0.9858,0.5859,0.226212,1,11,112,264.57,0.9894,0.1550,0.014155,4.305
828467,520,437,957,243,16,58,22.02,0.9898,0.5500,0.197342,30,10,33,322.26,0.5844,0.0890,0.006029,4.415
828472,520,390,910,251,4,159,352.22,0.9969,0.5927,0.231028,42,30,41,329.11,0.2496,0.1508,0.015809,4.270
828473,520,465,985,225,41,23,30.22,0.9708,0.5209,0.176582,13,1,37,293.14,0.9374,0.0546,0.002408,4.323
828478,520,411,931,224,46,182,339.96,0.9046,0.5691,0.211811,8,26,59,261.19,0.7580,0.1222,0.011061,4.288
828492,520,446,966,224,53,79,18.13,0.8906,0.5360,0.189607,25,3,45,303.60,0.8591,0.0794,0.004613,4.387
828514,520,261,781,255,108,219,338.17,1.0000,0.7055,0.371025,89,50,48,23.38,0.4022,0.2695,0.046187,4.377
828527,520,429,949,187,34,248,312.77,0.9688,0.5451,0.184873,42,11,12,21.02,0.6405,0.1015,0.007582,4.079
828537,520,237,757,196,179,116,94.81,0.5062,0.7287,0.452375,6,82,50,158.23,0.9766,0.2942,0.063033,4.444
828546,520,460,980,220,59,11,34.74,0.9830,0.5262,0.183704,24,3,16,343.94,0.6847,0.0590,0.002968,4.412
828552,520,456,976,214,12,171,340.38,0.9744,0.5282,0.175017,27,3,17,346.43,0.7103,0.0640,0.003386,4.215
828560,520,471,991,202,12,188,332.21,0.9745,0.5160,0.164522,12,0,25,305.67,1.0000,0.0416,0.001484,4.167
828563,520,463,983,231,36,49,24.99,0.9628,0.5324,0.184755,6,9,21,270.20,0.4321,0.0544,0.002882,4.439
828572,520,318,838,244,115,109,24.68,0.8604,0.6595,0.326016,3,62,2,142.39,0.9956,0.2158,0.034688,4.440
828576,520,452,972,175,25,253,308.49,0.9905,0.5269,0.169020,29,1,26,332.53,0.8430,0.0678,0.003575,4.088
828589,520,424,944,220,50,171,342.61,0.8726,0.5590,0.204395,13,10,76,272.99,0.9464,0.1114,0.008244,4.368
828591,520,459,979,208,54,145,349.13,0.8102,0.5278,0.180947,27,2,13,354.12,0.7610,0.0604,0.003055,4.353
828592,520,441,961,147,80,254,295.89,0.9896,0.5399,0.190962,27,0,62,294.96,1.0000,0.0940,0.005808,4.318
828601,520,443,963,227,50,95,12.24,0.8895,0.5431,0.194411,9,8,56,273.94,0.9111,0.0831,0.005172,4.430
828607,520,452,972,181,40,232,314.38,0.9405,0.5260,0.171687,22,10,1,66.64,0.7950,0.0656,0.003899,4.113
828614,520,480,1000,170,69,199,317.90,0.7787,0.5119,0.169268,0,0,0,0.00,0.0000,0.0000,0.000000,4.385
828623,520,389,909,207,91,191,333.13,0.7374,0.5935,0.245109,21,40,10,135.67,0.8285,0.1487,0.016989,4.405
828653,520,452,972,233,10,86,12.94,0.9886,0.5326,0.182157,4,1,56,270.10,0.9932,0.0671,0.003330,4.353
828677,520,435,955,228,25,147,351.67,0.9500,0.5476,0.192986,26,16,21,347.63,0.2435,0.0891,0.006444,4.305
828678,520,453,973,233,15,85,13.45,0.9826,0.5336,0.183243,16,12,10,48.16,0.1349,0.0653,0.003950,4.323
828681,520,465,985,141,76,246,295.60,0.9299,0.5202,0.174855,3,10,13,220.49,0.4322,0.0503,0.002655,4.270
828689,520,444,964,198,9,228,320.73,0.9913,0.5373,0.178042,17,16,32,285.59,0.3890,0.0847,0.005940,4.077
828690,520,471,991,157,57,254,301.31,0.9932,0.5248,0.172505,17,0,19,324.78,1.0000,0.0437,0.001662,4.307
828700,520,407,927,246,44,78,19.09,0.9524,0.5729,0.219477,6,38,4,141.90,0.9730,0.1330,0.014337,4.189
828710,520,302,822,222,115,218,328.68,0.7956,0.6664,0.328548,3,53,100,252.53,0.9355,0.2281,0.034855,4.461
828711,520,461,981,225,10,118,0.67,0.9810,0.5253,0.175354,17,5,12,343.60,0.4546,0.0523,0.002543,4.289
828732,520,380,900,244,15,195,340.47,0.9895,0.5990,0.235180,53,30,21,42.05,0.4272,0.1596,0.017397,4.231
828756,520,400,920,241,32,145,355.32,0.9521,0.5755,0.217813,62,11,5,31.10,0.8930,0.1395,0.012746,4.268
828763,520,476,996,209,61,56,26.73,0.8696,0.5106,0.171806,2,2,6,282.35,0.4201,0.0250,0.000695,4.375
828766,520,479,999,195,53,151,343.14,0.7909,0.5060,0.163845,2,0,0,29.23,1.0000,0.0120,0.000129,4.266
828773,520,380,900,241,80,103,16.17,0.8780,0.6028,0.254204,1,43,51,213.86,0.9613,0.1629,0.019731,4.363
828781,520,357,877,253,29,191,343.66,0.9868,0.6182,0.255264,40,6,117,283.17,0.9733,0.1832,0.018657,4.446
828786,520,394,914,234,49,185,341.56,0.9197,0.5909,0.231946,19,27,70,271.20,0.7091,0.1405,0.013645,4.430
828788,520,408,928,230,27,188,339.34,0.9631,0.5729,0.212404,51,9,45,334.23,0.7323,0.1294,0.010887,4.310
828801,520,459,979,209,77,44,35.05,0.8663,0.5296,0.190471,8,12,24,268.77,0.3960,0.0640,0.003805,4.469
828831,520,259,779,233,137,199,341.75,0.7389,0.7100,0.393404,62,59,92,287.49,0.3477,0.2749,0.049247,4.468
828836,520,308,828,249,74,235,331.47,0.9743,0.6655,0.310383,106,1,18,22.45,0.9939,0.2325,0.031301,4.433
828844,520,382,902,225,34,241,324.44,0.9779,0.6011,0.235047,20,44,7,136.51,0.9261,0.1607,0.019654,4.092
828862,520,460,980,225,23,106,5.45,0.9545,0.5254,0.176638,14,7,25,300.22,0.5399,0.0594,0.003155,4.264
828870,520,368,888,219,70,223,326.83,0.8989,0.6055,0.247701,17,26,98,269.59,0.9101,0.1662,0.017397,4.417
828871,520,418,938,199,6,255,315.03,1.0000,0.5605,0.194938,55,4,9,21.07,0.9035,0.1167,0.009189,4.138
828873,520,479,999,206,59,92,12.07,0.8012,0.5100,0.170246,1,0,3,302.89,1.0000,0.0124,0.000130,4.393
828880,520,417,937,248,37,80,17.99,0.9644,0.5731,0.218623,28,12,74,286.31,0.8521,0.1246,0.010042,4.474
828881,520,334,854,193,121,227,314.09,0.7438,0.6428,0.305591,7,54,53,192.77,0.8531,0.2016,0.029404,4.478
828885,520,445,965,142,95,230,296.02,0.7987,0.5378,0.196485,3,21,4,144.83,0.9381,0.0767,0.005644,4.430
828887,520,442,962,227,51,70,21.05,0.9128,0.5385,0.191436,36,2,27,340.19,0.8055,0.0821,0.004977,4.392
828900,520,452,972,208,62,128,356.98,0.7774,0.5289,0.184158,14,8,33,290.80,0.6326,0.0665,0.003768,4.355
828925,520,429,949,232,11,141,354.19,0.9828,0.5486,0.193212,43,8,11,19.04,0.7193,0.0986,0.007115,4.258
828929,520,382,902,231,53,209,333.89,0.9305,0.6019,0.241411,6,18,108,266.15,0.9740,0.1603,0.015539,4.446
828940,520,364,884,230,75,198,337.20,0.8662,0.6142,0.259348,53,37,4,81.54,0.8484,0.1740,0.020889,4.364
828942,520,46,566,206,248,241,184.19,0.6855,0.9390,0.866063,32,126,37,143.67,0.9714,0.4448,0.153617,4.499
828954,520,348,868,230,113,108,24.16,0.7418,0.6334,0.297184,14,54,9,141.51,0.9650,0.1919,0.027513,4.479
828955,520,387,907,253,3,139,358.74,0.9977,0.5885,0.228155,63,2,51,338.18,0.8855,0.1484,0.013394,4.388
828961,520,464,984,204,3,195,330.78,0.9943,0.5223,0.168446,9,9,13,285.23,0.1472,0.0534,0.002825,4.135
828973,520,366,886,215,65,241,321.25,0.9374,0.6064,0.245803,55,24,59,322.92,0.5763,0.1672,0.017813,4.362
828977,520,458,978,211,74,19,38.65,0.9531,0.5272,0.187958,2,15,3,145.82,0.9262,0.0587,0.003611,4.439
828998,520,387,907,213,61,232,323.00,0.9227,0.5933,0.233116,69,2,11,21.12,0.9677,0.1458,0.013330,4.470
829004,520,455,975,228,0,133,355.84,1.0000,0.5349,0.181903,14,11,9,56.23,0.1181,0.0608,0.003524,4.333
829017,520,445,965,229,52,41,28.87,0.9405,0.5394,0.192770,6,17,30,252.52,0.5224,0.0775,0.005333,4.387
829018,520,432,952,202,89,107,12.57,0.6459,0.5477,0.207647,41,12,13,20.38,0.5995,0.1016,0.007635,4.470
829019,520,413,933,211,49,213,327.57,0.9160,0.5672,0.208515,35,22,33,331.97,0.3017,0.1192,0.010410,4.279
829034,520,459,979,202,11,215,324.96,0.9865,0.5347,0.177040,10,12,15,258.40,0.1195,0.0614,0.003620,4.234
829036,520,438,958,220,62,121,2.52,0.8133,0.5486,0.200439,34,7,29,335.48,0.6526,0.0880,0.005808,4.488
829045,520,457,977,199,58,172,336.71,0.8026,0.5293,0.181486,30,1,14,354.55,0.8386,0.0638,0.003295,4.343
829046,520,356,876,233,23,252,324.01,0.9915,0.6182,0.249671,71,11,67,331.06,0.7875,0.1832,0.019844,4.291
829048,520,353,873,213,106,185,338.21,0.6813,0.6224,0.279588,27,48,32,150.80,0.4704,0.1836,0.024511,4.423
829086,520,222,742,228,155,228,326.71,0.7502,0.7497,0.455395,47,82,13,133.32,0.9471,0.3047,0.066678,4.332
829103,520,397,917,243,41,126,2.65,0.9359,0.5774,0.221502,42,13,69,303.25,0.7827,0.1383,0.012098,4.372
829118,520,357,877,254,4,198,341.75,0.9981,0.6174,0.252383,82,7,11,25.12,0.9413,0.1804,0.019703,4.338
829125,520,278,798,231,110,255,320.74,1.0000,0.6926,0.353626,23,67,43,156.56,0.7751,0.2467,0.043707,4.307
829130,520,387,907,212,55,232,322.87,0.9322,0.5865,0.225574,40,19,73,296.82,0.7323,0.1482,0.013979,4.307
829134,520,424,944,234,19,148,352.47,0.9707,0.5577,0.200992,17,25,41,263.47,0.3894,0.1120,0.009745,4.201
829145,520,376,896,239,71,142,359.02,0.8591,0.6005,0.248132,69,10,41,353.55,0.7704,0.1634,0.016426,4.488
829161,520,423,943,199,19,254,315.10,0.9955,0.5627,0.197651,15,13,67,275.50,0.8808,0.1069,0.007946,4.274
829164,520,476,996,226,10,13,28.68,0.9943,0.5078,0.164178,0,2,11,258.21,1.0000,0.0247,0.000676,4.226
829173,520,479,999,156,42,251,302.45,0.9792,0.5076,0.156894,1,0,1,328.36,1.0000,0.0103,0.000086,4.131
829177,520,418,938,231,68,51,29.82,0.9107,0.5606,0.213651,23,15,73,280.76,0.8409,0.1231,0.010048,4.391
829180,520,420,940,230,49,121,2.83,0.8850,0.5558,0.204029,17,13,67,277.35,0.8658,0.1084,0.008122,4.371
829187,520,318,838,220,103,238,322.14,0.8984,0.6568,0.310909,78,40,29,36.98,0.5170,0.2248,0.032262,4.387
829190,520,407,927,220,89,30,41.21,0.9217,0.5660,0.224566,12,36,26,164.04,0.6167,0.1341,0.014144,4.280
829192,520,470,990,211,40,131,354.31,0.8641,0.5158,0.170075,13,4,0,62.70,1.0000,0.0410,0.001724,4.255
829220,520,399,919,243,54,109,9.84,0.9126,0.5816,0.228004,22,21,83,275.60,0.8509,0.1433,0.013314,4.391
829224,520,417,937,215,52,195,333.75,0.8870,0.5650,0.208453,17,19,64,275.08,0.7704,0.1162,0.009550,4.340
829226,520,152,672,253,185,159,41.82,0.9050,0.8166,0.580858,21,99,31,144.79,0.9740,0.3514,0.091817,4.448
829228,520,444,964,219,11,183,338.01,0.9823,0.5444,0.187207,16,17,19,264.46,0.0622,0.0798,0.005581,4.268
829240,520,447,967,218,56,135,355.68,0.8263,0.5441,0.194855,34,5,5,24.29,0.7649,0.0758,0.004596,4.485
829249,520,325,845,215,127,141,10.07,0.5511,0.6450,0.315507,36,57,0,128.89,1.0000,0.2141,0.033013,4.403
829303,520,333,853,237,114,67,40.67,0.8501,0.6391,0.304471,32,51,48,183.70,0.2910,0.2023,0.028881,4.494
829304,520,449,969,198,39,219,322.54,0.9351,0.5426,0.185729,21,10,5,49.25,0.4270,0.0655,0.003875,4.375
829310,520,443,963,228,38,100,9.19,0.9219,0.5376,0.188032,38,2,17,358.47,0.8190,0.0813,0.004960,4.331
829317,520,416,936,223,62,152,350.78,0.8274,0.5662,0.214027,3,5,92,265.88,0.9918,0.1205,0.009005,4.475
829323,520,320,840,245,87,195,342.53,0.9157,0.6513,0.301718,38,56,3,127.40,0.9611,0.2128,0.032469,4.265
829326,520,436,956,201,66,179,335.04,0.7898,0.5452,0.195704,18,23,0,119.63,1.0000,0.0925,0.007414,4.280
829329,520,298,818,242,109,177,350.69,0.8328,0.6680,0.329915,43,55,63,237.49,0.1900,0.2298,0.036048,4.415
829344,520,339,859,255,67,168,352.54,1.0000,0.6357,0.281049,64,33,69,321.89,0.5217,0.2042,0.026075,4.352
829347,520,422,942,213,10,223,325.85,0.9914,0.5595,0.196929,7,31,20,161.13,0.7331,0.1139,0.010756,4.064
829348,520,271,791,248,138,102,38.80,0.8801,0.7043,0.390955,26,71,28,144.26,0.9047,0.2580,0.048098,4.495
829367,520,445,965,241,2,54,22.31,0.9987,0.5420,0.190139,28,4,44,308.29,0.8166,0.0843,0.005156,4.354
829380,520,456,976,216,67,34,33.80,0.9247,0.5287,0.187312,0,7,39,262.09,1.0000,0.0578,0.002984,4.479
829385,520,460,980,189,19,239,315.62,0.9831,0.5340,0.175179,21,5,7,11.83,0.5201,0.0558,0.002833,4.262
829390,520,445,965,211,10,204,330.16,0.9867,0.5426,0.184277,15,8,52,282.01,0.8349,0.0835,0.005231,4.242
829396,520,416,936,245,38,93,13.81,0.9545,0.5703,0.215924,56,3,6,23.91,0.9416,0.1170,0.009192,4.493
829412,520,457,977,219,23,145,350.27,0.9424,0.5282,0.177197,24,0,25,326.87,1.0000,0.0573,0.002644,4.316
829448,520,385,905,252,24,135,0.33,0.9775,0.5902,0.231016,60,9,51,336.21,0.7642,0.1499,0.013952,4.394
829460,520,452,972,184,58,216,318.55,0.8680,0.5331,0.181755,8,14,20,248.31,0.2794,0.0666,0.004162,4.279
829471,520,420,940,224,15,185,338.67,0.9789,0.5559,0.196942,21,12,69,281.06,0.8607,0.1124,0.008520,4.220
829472,520,394,914,240,37,179,344.46,0.9510,0.5914,0.231061,10,30,64,260.31,0.7384,0.1376,0.013632,4.417
829476,520,366,886,217,62,240,322.12,0.9369,0.6061,0.244901,61,22,58,330.55,0.6187,0.1730,0.018715,4.292
829484,520,444,964,222,53,120,2.15,0.8496,0.5434,0.194345,34,0,30,333.35,1.0000,0.0767,0.004339,4.497
829486,520,426,946,239,33,113,5.92,0.9489,0.5607,0.206339,19,19,50,279.83,0.5971,0.1055,0.008345,4.394
829507,520,446,966,241,9,35,26.20,0.9955,0.5415,0.190209,33,10,11,19.15,0.5401,0.0843,0.005646,4.317
829511,520,432,952,223,75,17,37.97,0.9692,0.5511,0.207633,27,19,24,340.77,0.1948,0.0982,0.007647,4.469
829512,520,449,969,199,12,228,320.97,0.9886,0.5396,0.180081,33,2,12,2.89,0.8042,0.0704,0.003933,4.266
829528,520,318,838,223,100,251,319.80,0.9733,0.6650,0.317691,36,58,20,133.91,0.7543,0.2197,0.034516,4.351
829535,520,441,961,200,93,1,49.87,0.9954,0.5362,0.201122,42,5,7,21.66,0.8170,0.0911,0.006162,4.471
829548,520,470,990,222,48,9,32.71,0.9881,0.5196,0.176660,17,1,16,330.10,0.7876,0.0446,0.001783,4.377
829565,520,454,974,210,57,122,359.36,0.8010,0.5251,0.180353,32,2,1,29.89,0.9356,0.0654,0.003527,4.303
829579,520,420,940,203,32,242,318.57,0.9721,0.5645,0.201419,51,3,25,357.92,0.8296,0.1115,0.008392,4.306
829589,520,363,883,255,21,161,352.66,1.0000,0.6052,0.243731,29,45,3,128.42,0.9449,0.1700,0.021445,4.111
829594,520,400,920,239,14,171,346.23,0.9850,0.5768,0.216081,34,13,84,287.91,0.8664,0.1434,0.012680,4.245
829601,520,455,975,215,41,135,353.77,0.8704,0.5260,0.177846,11,13,12,164.47,0.0670,0.0635,0.003855,4.231
829620,520,410,930,215,65,191,335.12,0.8431,0.5746,0.219913,22,29,41,261.02,0.2813,0.1267,0.012094,4.347
829628,520,431,951,245,26,4,30.13,0.9970,0.5538,0.201636,25,6,66,288.42,0.8961,0.1048,0.007303,4.391
829640,520,468,988,215,47,113,2.91,0.8529,0.5223,0.176748,1,5,21,261.85,0.8245,0.0404,0.001691,4.387
829666,520,255,775,235,131,244,324.24,0.9295,0.7238,0.404283,4,77,15,144.41,0.9942,0.2701,0.053678,4.382
829683,520,301,821,244,80,247,327.16,0.9713,0.6705,0.316884,4,60,79,227.51,0.9145,0.2338,0.038218,4.159
829700,520,467,987,197,73,117,1.54,0.6975,0.5185,0.179216,3,3,26,274.94,0.8540,0.0408,0.001591,4.443
829711,520,471,991,227,7,104,5.88,0.9883,0.5241,0.174852,10,4,0,73.07,1.0000,0.0377,0.001514,4.365
829714,520,461,981,181,59,216,317.54,0.8626,0.5295,0.179107,17,2,22,318.28,0.7570,0.0502,0.002205,4.389
829717,520,433,953,159,83,239,302.55,0.8748,0.5461,0.197899,3,28,9,149.45,0.9460,0.0994,0.008696,4.223
829727,520,377,897,194,101,205,323.26,0.7079,0.5973,0.251857,3,43,47,204.96,0.8931,0.1616,0.019523,4.342
829761,520,467,987,224,32,94,10.23,0.9345,0.5242,0.176912,12,1,11,330.46,0.7421,0.0361,0.001240,4.428
829767,520,0,520,255,255,255,0.00,0.0000,1.0000,1.000000,3,138,50,147.22,0.9981,0.4810,0.184258,4.482
829786,520,454,974,197,85,98,15.45,0.6517,0.5303,0.192510,5,13,30,261.91,0.5915,0.0674,0.004138,4.479
829813,520,344,864,230,112,83,34.98,0.7809,0.6267,0.290384,41,48,9,118.98,0.7900,0.1911,0.026050,4.476
829818,520,352,872,247,74,157,355.35,0.9146,0.6238,0.271092,61,30,57,331.99,0.4880,0.1866,0.022162,4.450
829828,520,248,768,251,134,160,6.98,0.8810,0.7159,0.401002,32,67,97,246.62,0.5663,0.2763,0.051842,4.428
829829,520,422,942,211,15,224,325.07,0.9865,0.5579,0.195743,23,19,48,286.89,0.5505,0.1077,0.008613,4.193
829852,520,107,627,226,212,226,325.78,0.2737,0.8665,0.687470,26,108,79,164.59,0.8901,0.3930,0.115088,4.467
829870,520,473,993,177,21,241,311.69,0.9800,0.5175,0.162353,9,1,5,344.86,0.6645,0.0301,0.000908,4.171
829885,520,371,891,229,58,228,328.33,0.9407,0.6142,0.252879,27,43,41,186.27,0.2731,0.1712,0.021208,4.253
829906,520,411,931,202,77,197,329.34,0.7899,0.5703,0.218972,48,14,29,355.34,0.5960,0.1225,0.010313,4.460
829919,520,208,728,253,148,214,342.66,0.9710,0.7628,0.469199,0,88,3,142.84,1.0000,0.3069,0.069857,4.332
829928,520,454,974,188,87,121,0.84,0.5927,0.5257,0.188897,6,5,47,273.65,0.9259,0.0663,0.003525,4.463
829931,520,364,884,213,89,203,330.85,0.7917,0.6066,0.256045,31,34,77,276.97,0.5968,0.1724,0.019711,4.390
829934,520,411,931,228,78,49,32.97,0.8985,0.5668,0.221673,14,27,48,259.59,0.5217,0.1197,0.010906,4.461
829942,520,392,912,240,33,171,346.80,0.9553,0.5855,0.225563,3,22,96,264.63,0.9585,0.1501,0.014376,4.281
829951,520,480,1000,223,25,39,25.83,0.9770,0.5084,0.165326,0,0,0,0.00,0.0000,0.0000,0.000000,4.307
829956,520,365,885,252,58,121,7.38,0.9702,0.6057,0.251056,54,31,49,335.05,0.3825,0.1738,0.019861,4.309
829973,520,113,633,240,207,233,333.29,0.6462,0.8718,0.690349,39,109,40,143.52,0.9355,0.3918,0.115214,4.481
829986,520,442,962,153,104,187,310.16,0.5581,0.5378,0.202612,9,20,25,228.39,0.3535,0.0846,0.006286,4.488
830001,520,480,1000,223,17,44,24.21,0.9852,0.5058,0.162736,0,0,0,0.00,0.0000,0.0000,0.000000,4.255
830026,520,462,982,217,13,170,341.44,0.9739,0.5336,0.179442,8,8,1,109.24,0.7169,0.0462,0.002275,4.389
830032,520,389,909,232,55,176,344.11,0.8923,0.5873,0.230255,58,16,50,335.95,0.6674,0.1540,0.015005,4.311
830042,520,375,895,255,43,120,6.74,1.0000,0.6004,0.243475,39,31,54,299.38,0.3731,0.1566,0.016777,4.395
830062,520,457,977,209,45,162,342.64,0.8557,0.5303,0.180428,24,1,32,316.95,0.8816,0.0640,0.003202,4.331
830072,520,231,751,246,136,232,331.98,0.9429,0.7408,0.430295,52,77,7,128.48,0.9540,0.2919,0.060531,4.345
830091,520,460,980,223,43,91,12.29,0.9034,0.5285,0.181738,9,0,50,279.20,1.0000,0.0622,0.002884,4.382
830101,520,344,864,228,117,79,39.34,0.7618,0.6316,0.297835,14,53,37,162.76,0.7913,0.1944,0.027730,4.475
830102,520,407,927,234,1,181,342.07,0.9989,0.5697,0.208532,14,35,21,153.20,0.6050,0.1305,0.013495,4.072
830127,520,449,969,241,1,40,25.09,0.9995,0.5402,0.188791,27,4,29,324.68,0.7234,0.0721,0.004086,4.415
830128,520,438,958,192,55,229,317.86,0.9092,0.5525,0.195973,40,1,35,333.97,0.8814,0.0923,0.005942,4.397
830132,520,472,992,212,63,45,30.41,0.8944,0.5173,0.177439,9,0,5,342.32,1.0000,0.0268,0.000690,4.487
830133,520,368,888,240,40,215,334.39,0.9663,0.6129,0.249520,7,33,95,263.35,0.9238,0.1732,0.019590,4.304
830138,520,344,864,254,66,155,356.68,0.9879,0.6279,0.273373,0,42,90,255.41,0.9999,0.1883,0.023940,4.373
830141,520,466,986,180,53,209,319.33,0.8641,0.5168,0.168541,0,9,19,240.55,1.0000,0.0480,0.002424,4.169
830154,520,455,975,224,43,82,15.63,0.9140,0.5284,0.181870,31,0,14,354.62,1.0000,0.0635,0.003231,4.356
830158,520,474,994,221,35,101,7.45,0.9157,0.5218,0.175165,4,3,0,99.32,1.0000,0.0281,0.000909,4.423
830162,520,337,857,230,80,241,324.98,0.9412,0.6448,0.289133,23,54,33,152.48,0.6633,0.2008,0.029302,4.276
830165,520,447,967,239,7,70,18.30,0.9944,0.5413,0.189482,20,17,12,80.47,0.1794,0.0815,0.005762,4.295
830169,520,338,858,252,73,177,349.33,0.9684,0.6398,0.286381,54,37,76,302.53,0.4977,0.2032,0.026292,4.409
830186,520,423,943,224,12,187,338.08,0.9839,0.5563,0.197006,9,8,78,270.33,0.9692,0.1088,0.007817,4.272
830207,520,292,812,253,82,235,332.46,0.9907,0.6798,0.329183,87,42,11,50.87,0.7850,0.2418,0.037066,4.355
830223,520,449,969,230,48,13,32.15,0.9856,0.5362,0.189689,17,11,21,311.31,0.3160,0.0683,0.004127,4.428
830228,520,476,996,206,40,148,346.66,0.8573,0.5139,0.167796,0,1,13,263.17,1.0005,0.0222,0.000508,4.312
830257,520,396,916,194,81,219,319.94,0.8225,0.5769,0.224700,20,35,30,171.42,0.3265,0.1373,0.014445,4.263
830265,520,398,918,253,43,52,25.80,0.9908,0.5827,0.228621,49,21,30,0.77,0.4629,0.1368,0.012831,4.434
830269,520,405,925,246,31,121,4.22,0.9613,0.5763,0.219567,10,21,79,268.04,0.9084,0.1315,0.011653,4.372
830274,520,235,755,242,159,117,47.38,0.7599,0.7395,0.449601,19,82,18,142.78,0.9725,0.2914,0.062165,4.454
830288,520,376,896,231,43,213,332.77,0.9521,0.5976,0.235233,52,14,77,307.95,0.7945,0.1616,0.015800,4.335
830302,520,471,991,155,58,253,300.78,0.9865,0.5223,0.170869,8,4,9,320.71,0.3339,0.0391,0.001582,4.282
830306,520,376,896,237,50,181,343.53,0.9200,0.5950,0.236248,63,16,40,352.34,0.6705,0.1580,0.015807,4.350
830310,520,448,968,185,16,253,311.53,0.9910,0.5390,0.177778,8,3,61,273.34,0.9756,0.0796,0.004536,4.177
830316,520,449,969,233,26,107,6.60,0.9574,0.5434,0.191270,32,5,7,18.42,0.7064,0.0729,0.004310,4.442
830326,520,410,930,201,56,227,320.98,0.9115,0.5661,0.207935,47,19,23,12.36,0.4854,0.1272,0.011320,4.206
830337,520,394,914,232,89,46,36.81,0.9042,0.5889,0.245006,17,39,9,138.27,0.8813,0.1427,0.015899,4.477
830347,520,382,902,209,69,240,319.67,0.9269,0.6002,0.241045,48,32,38,354.80,0.2444,0.1624,0.018014,4.279
830352,520,417,937,238,17,155,351.00,0.9782,0.5681,0.209477,46,17,15,25.73,0.5580,0.1195,0.010163,4.313
830357,520,478,998,152,61,237,302.66,0.9044,0.5070,0.161277,0,3,4,211.91,1.0000,0.0247,0.000739,4.164
830360,520,427,947,215,41,199,332.54,0.9223,0.5595,0.201586,22,16,46,289.31,0.5895,0.0990,0.007384,4.384
830361,520,371,891,243,77,136,2.92,0.8763,0.6123,0.261431,6,46,36,172.19,0.8757,0.1678,0.021200,4.374
830368,520,461,981,164,56,250,304.40,0.9690,0.5296,0.176236,1,13,5,156.41,0.9164,0.0532,0.003052,4.264
830380,520,423,943,243,24,109,7.38,0.9717,0.5636,0.208154,32,19,25,350.12,0.2769,0.1050,0.008430,4.418
830388,520,225,745,225,162,216,331.54,0.6471,0.7545,0.468074,8,85,39,150.65,0.9821,0.3022,0.066948,4.430
830392,520,371,891,214,75,230,323.43,0.8951,0.6074,0.250433,26,34,83,272.25,0.6868,0.1736,0.019881,4.299
830407,520,366,886,244,3,214,335.45,0.9985,0.6078,0.241563,18,43,54,228.91,0.5125,0.1716,0.021226,4.093
830410,520,464,984,225,7,116,1.30,0.9866,0.5239,0.174233,5,5,27,277.61,0.7237,0.0483,0.002199,4.296
830413,520,385,905,215,60,231,323.83,0.9252,0.5949,0.234502,55,19,36,352.99,0.5658,0.1460,0.014055,4.442
830415,520,365,885,255,28,174,348.94,1.0000,0.6133,0.251500,24,41,50,232.32,0.3451,0.1672,0.020103,4.301
830418,520,434,954,240,32,80,16.83,0.9636,0.5539,0.201408,15,14,60,276.54,0.8200,0.1013,0.007418,4.379
830454,520,408,928,205,72,193,331.60,0.8035,0.5667,0.214659,20,25,63,273.82,0.6512,0.1305,0.012028,4.267
830458,520,391,911,233,5,220,331.46,0.9970,0.5919,0.226021,69,4,15,18.75,0.9265,0.1487,0.013868,4.322
830476,520,461,981,201,44,182,333.79,0.8681,0.5263,0.175981,3,4,35,271.35,0.9135,0.0504,0.002275,4.323
830482,520,468,988,219,36,106,5.30,0.9051,0.5199,0.173650,14,0,13,330.45,1.0000,0.0367,0.001224,4.366
830486,520,212,732,238,165,164,20.07,0.6483,0.7580,0.477696,57,80,55,142.63,0.3901,0.3132,0.068829,4.441
830525,520,351,871,235,103,127,11.29,0.7732,0.6303,0.288976,20,51,27,149.08,0.7489,0.1876,0.025954,4.463
830531,520,391,911,217,63,216,328.26,0.8976,0.5910,0.232666,48,9,76,305.80,0.8467,0.1491,0.013456,4.455
830542,520,378,898,245,67,127,5.26,0.9058,0.6024,0.249623,26,32,75,273.75,0.6360,0.1618,0.017606,4.432
830552,520,444,964,152,84,237,300.25,0.8612,0.5373,0.191308,6,16,34,260.34,0.5908,0.0776,0.005248,4.368
830560,520,461,981,205,58,150,346.66,0.7928,0.5286,0.182093,6,10,17,258.58,0.3058,0.0546,0.002963,4.382
830566,520,409,929,255,21,15,29.13,1.0000,0.5734,0.218347,27,31,13,119.28,0.4735,0.1266,0.012420,4.299
830575,520,400,920,226,22,218,330.28,0.9815,0.5821,0.218069,62,6,15,17.92,0.8673,0.1355,0.011891,4.331
830606,520,365,885,240,90,91,23.23,0.8762,0.6113,0.265959,7,48,22,151.33,0.9431,0.1708,0.022169,4.378
830609,520,390,910,222,2,239,324.37,0.9990,0.5852,0.218072,27,37,19,132.14,0.4488,0.1457,0.016031,4.060
830613,520,399,919,245,35,144,356.57,0.9519,0.5844,0.226315,46,9,71,306.97,0.8302,0.1414,0.012312,4.434
830627,520,445,965,211,76,82,21.29,0.7728,0.5380,0.196292,34,9,7,27.47,0.6277,0.0833,0.005508,4.437
830629,520,424,944,196,39,247,315.38,0.9640,0.5611,0.199036,19,23,45,274.31,0.4568,0.1111,0.009407,4.192
830638,520,390,910,232,84,115,11.21,0.8019,0.5947,0.247370,9,41,38,186.45,0.7084,0.1534,0.017838,4.384
830650,520,448,968,218,44,146,350.57,0.8699,0.5387,0.187845,8,21,18,177.68,0.4086,0.0839,0.006316,4.223
830667,520,391,911,167,100,246,301.92,0.8915,0.5875,0.239841,52,14,67,314.63,0.7543,0.1530,0.014495,4.494
830668,520,457,977,211,73,58,29.47,0.8400,0.5296,0.189218,4,14,23,243.81,0.5233,0.0649,0.004017,4.429
830671,520,377,897,227,6,247,323.77,0.9976,0.6004,0.231788,71,3,49,345.72,0.8695,0.1648,0.016267,4.252
830694,520,438,958,166,77,243,304.83,0.9095,0.5502,0.198864,30,14,31,324.89,0.4581,0.0949,0.006891,4.374
830707,520,173,693,237,190,114,78.40,0.7125,0.7992,0.560479,4,97,47,151.84,0.9927,0.3440,0.087800,4.430
830723,520,448,968,236,35,45,25.92,0.9695,0.5418,0.192276,2,16,38,256.11,0.8160,0.0775,0.005234,4.386
830727,520,264,784,252,109,236,332.10,0.9847,0.7109,0.376915,40,68,47,151.17,0.4754,0.2608,0.047905,4.361
830734,520,437,957,236,47,26,30.52,0.9711,0.5483,0.199437,12,25,0,130.64,1.0000,0.0936,0.007734,4.320
830743,520,401,921,247,44,95,13.96,0.9477,0.5785,0.224052,26,35,32,172.80,0.1731,0.1429,0.015259,4.199
830748,520,312,832,205,112,250,313.40,0.9449,0.6572,0.314707,53,51,33,102.57,0.3063,0.2173,0.032344,4.429
830752,520,358,878,237,63,202,337.50,0.9138,0.6165,0.258265,79,14,14,25.80,0.8725,0.1808,0.020083,4.399
830771,520,391,911,230,57,179,342.72,0.8851,0.5869,0.230065,32,37,30,136.71,0.1583,0.1535,0.017239,4.165
830789,520,263,783,244,120,221,334.85,0.9211,0.7072,0.378889,64,56,84,297.03,0.3120,0.2649,0.045584,4.487
830791,520,353,873,231,30,253,323.26,0.9928,0.6180,0.250116,60,34,9,61.03,0.7115,0.1780,0.021246,4.212
830793,520,470,990,161,64,238,305.30,0.9039,0.5234,0.174175,13,3,7,350.77,0.4923,0.0410,0.001660,4.339
830807,520,426,946,246,28,27,28.39,0.9849,0.5577,0.205060,45,9,24,358.11,0.6690,0.1078,0.008193,4.383
830816,520,348,868,247,46,218,335.27,0.9667,0.6305,0.267931,59,38,23,55.91,0.4386,0.1883,0.023780,4.309
830827,520,376,896,245,31,189,342.53,0.9707,0.6030,0.240697,36,23,86,285.97,0.7696,0.1628,0.016597,4.365
830833,520,329,849,254,22,242,330.98,0.9965,0.6471,0.280586,77,34,36,18.66,0.5188,0.2126,0.028494,4.212
830837,520,429,949,182,70,228,314.22,0.8633,0.5520,0.199279,3,22,49,256.38,0.8248,0.1013,0.008149,4.287
830840,520,378,898,237,40,194,339.43,0.9501,0.5954,0.234200,64,12,55,335.85,0.7463,0.1631,0.016289,4.287
830843,520,353,873,235,58,213,333.82,0.9320,0.6151,0.254950,21,30,100,270.41,0.8762,0.1786,0.020080,4.351
830858,520,480,1000,226,8,12,28.68,0.9955,0.5073,0.163719,0,0,0,0.00,0.0000,0.0000,0.000000,4.274
830861,520,436,956,200,27,231,320.37,0.9709,0.5486,0.188344,10,14,49,272.81,0.7620,0.0875,0.006003,4.256
830863,520,467,987,194,74,125,356.90,0.6838,0.5176,0.178493,18,0,7,352.66,1.0000,0.0397,0.001440,4.442
830872,520,406,926,206,38,251,317.26,0.9819,0.5795,0.214747,13,17,83,270.63,0.9289,0.1303,0.011109,4.332
830876,520,461,981,178,72,207,318.29,0.7963,0.5333,0.186058,13,6,18,310.88,0.4494,0.0526,0.002595,4.488
830882,520,460,980,232,34,51,24.36,0.9657,0.5336,0.185419,12,1,41,288.28,0.9547,0.0574,0.002600,4.476
830890,520,346,866,212,93,229,322.50,0.8599,0.6258,0.274845,3,39,94,259.25,0.9517,0.1853,0.022784,4.463
830919,520,465,985,219,46,76,17.62,0.9016,0.5193,0.175385,6,1,34,282.02,0.9540,0.0454,0.001759,4.354
830936,520,478,998,203,19,174,336.66,0.9484,0.5112,0.162202,1,2,3,240.75,0.2913,0.0220,0.000564,4.197
830962,520,459,979,222,21,147,350.22,0.9527,0.5343,0.181751,14,11,5,87.42,0.3221,0.0597,0.003437,4.337
830969,520,140,660,252,194,168,45.29,0.8522,0.8367,0.621080,28,103,1,140.01,0.9989,0.3646,0.099492,4.489
830985,520,368,888,246,16,208,337.46,0.9912,0.6104,0.245206,15,14,114,269.27,0.9777,0.1671,0.016304,4.452
830992,520,470,990,216,51,65,21.94,0.8962,0.5155,0.173508,15,1,5,358.13,0.7464,0.0374,0.001342,4.353
831000,520,422,942,185,91,193,324.39,0.6923,0.5617,0.216479,7,22,60,264.30,0.8262,0.1129,0.009452,4.482
831013,520,315,835,237,92,227,330.53,0.9136,0.6611,0.312072,2,45,114,260.11,0.9794,0.2199,0.031044,4.468
831019,520,398,918,255,39,18,30.20,1.0000,0.5818,0.227585,59,15,24,11.54,0.6756,0.1428,0.013376,4.380
831025,520,452,972,190,49,216,320.73,0.8984,0.5345,0.181030,3,3,58,268.19,0.9838,0.0724,0.003899,4.286
831033,520,480,1000,168,41,236,309.42,0.9398,0.5102,0.159676,0,0,0,0.00,0.0000,0.0000,0.000000,4.194
831038,520,260,780,198,150,232,310.43,0.6940,0.7067,0.396453,7,74,43,156.64,0.9686,0.2653,0.051169,4.413
831040,520,452,972,200,37,201,327.91,0.9176,0.5320,0.178213,1,7,46,264.82,0.9505,0.0652,0.003556,4.261
831044,520,469,989,216,54,54,25.91,0.9047,0.5167,0.175061,6,5,2,95.85,0.3602,0.0371,0.001516,4.369
831046,520,452,972,201,24,209,326.14,0.9607,0.5326,0.176760,21,4,32,310.03,0.7453,0.0658,0.003506,4.238
831060,520,249,769,215,143,251,313.67,0.9403,0.7231,0.410581,2,69,111,244.71,0.9611,0.2822,0.054165,4.422
831062,520,469,989,219,59,2,35.49,0.9966,0.5239,0.181950,18,1,13,338.64,0.7777,0.0446,0.001794,4.478
831063,520,447,967,226,39,118,2.31,0.9062,0.5398,0.189306,9,16,36,267.42,0.5504,0.0809,0.005560,4.307
831086,520,463,983,207,52,166,340.94,0.8311,0.5345,0.184766,8,1,42,281.19,0.9697,0.0549,0.002405,4.480
831099,520,368,888,248,12,205,338.66,0.9937,0.6115,0.246304,67,7,62,332.02,0.8113,0.1685,0.016932,4.427
831121,520,415,935,249,45,25,30.23,0.9794,0.5735,0.220903,39,25,10,66.57,0.5204,0.1245,0.011486,4.406
831125,520,468,988,218,39,110,3.85,0.8904,0.5212,0.174848,4,9,1,131.22,0.8309,0.0449,0.002234,4.305
831138,520,454,974,155,59,255,300.33,1.0000,0.5252,0.173169,2,15,33,253.34,0.7718,0.0717,0.004643,4.084
831141,520,430,950,241,12,98,10.20,0.9880,0.5528,0.198489,22,24,13,116.68,0.3196,0.1018,0.008529,4.246
831159,520,404,924,209,35,245,319.44,0.9726,0.5781,0.213517,62,4,18,13.49,0.8855,0.1339,0.011548,4.281
831172,520,358,878,192,103,234,313.63,0.8291,0.6156,0.268485,34,38,65,276.24,0.4050,0.1760,0.021079,4.481
831174,520,342,862,242,43,241,328.45,0.9776,0.6344,0.269586,66,29,49,348.16,0.5010,0.1888,0.022589,4.403
831180,520,439,959,198,50,219,322.30,0.9086,0.5505,0.194030,21,12,39,296.11,0.5936,0.0851,0.005689,4.382
831200,520,471,991,198,74,107,7.15,0.6992,0.5183,0.179667,17,0,15,332.19,1.0000,0.0416,0.001537,4.456
831202,520,471,991,215,53,81,16.53,0.8641,0.5186,0.175898,5,6,3,121.28,0.2735,0.0391,0.001691,4.370
831241,520,270,790,234,116,237,326.47,0.9064,0.6951,0.360996,5,66,89,230.48,0.9098,0.2589,0.046497,4.259
831249,520,479,999,220,42,52,24.57,0.9391,0.5141,0.171222,0,0,3,264.05,1.0000,0.0094,0.000066,4.419
831253,520,454,974,212,40,165,342.25,0.8822,0.5338,0.182335,5,11,43,268.75,0.8302,0.0730,0.004460,4.266
831260,520,439,959,236,3,127,359.51,0.9957,0.5496,0.194334,18,21,8,119.38,0.4379,0.0887,0.006825,4.300
831261,520,345,865,214,84,253,317.42,0.9865,0.6332,0.277302,2,51,53,199.15,0.9490,0.1902,0.026375,4.285
831267,520,366,886,243,63,165,350.74,0.9015,0.6091,0.253294,5,41,69,246.94,0.8216,0.1699,0.020477,4.303
831275,520,456,976,173,55,237,310.09,0.9129,0.5302,0.177319,5,0,50,273.23,1.0000,0.0588,0.002625,4.320
831277,520,449,969,198,43,214,323.75,0.9182,0.5416,0.185902,19,3,46,294.00,0.8816,0.0731,0.004008,4.368
831281,520,416,936,252,12,74,18.51,0.9933,0.5706,0.214565,0,33,18,159.92,1.0000,0.1161,0.011313,4.315
831282,520,471,991,222,6,110,2.84,0.9877,0.5154,0.167884,13,1,22,310.76,0.8384,0.0431,0.001652,4.218
831286,520,380,900,195,94,219,319.57,0.7867,0.5964,0.247232,11,45,32,164.51,0.7719,0.1650,0.020521,4.215
831292,520,344,864,230,66,236,326.48,0.9398,0.6278,0.267778,33,42,71,269.73,0.4350,0.1897,0.024341,4.275
831314,520,451,971,226,34,137,355.07,0.9195,0.5438,0.191217,15,9,29,295.23,0.5365,0.0667,0.003856,4.479
831341,520,341,861,254,40,197,342.39,0.9933,0.6281,0.266230,52,1,125,289.16,0.9947,0.2033,0.022324,4.372
831345,520,392,912,229,8,221,330.28,0.9948,0.5860,0.220546,62,16,25,12.17,0.6805,0.1504,0.014651,4.185
831363,520,461,981,161,66,238,305.14,0.9009,0.5257,0.176471,4,10,20,255.65,0.4714,0.0543,0.002934,4.278
831389,520,443,963,187,70,199,323.89,0.7931,0.5392,0.190699,1,1,69,265.19,0.9973,0.0815,0.004578,4.410
831391,520,464,984,162,86,197,313.89,0.6958,0.5237,0.183689,15,3,20,316.45,0.6699,0.0490,0.002172,4.479
831395,520,369,889,223,91,181,341.94,0.7664,0.6137,0.265085,0,48,2,143.25,1.0000,0.1650,0.021182,4.426
831404,520,457,977,213,43,148,348.58,0.8621,0.5293,0.180143,15,9,8,30.31,0.1917,0.0574,0.003145,4.330
831414,520,405,925,255,4,93,13.28,1.0000,0.5792,0.221410,48,17,33,350.09,0.5422,0.1291,0.011392,4.421
831439,520,471,991,204,28,182,334.54,0.9271,0.5218,0.170472,12,3,11,330.51,0.5247,0.0414,0.001675,4.267
831440,520,413,933,250,6,78,17.07,0.9962,0.5659,0.210080,5,35,1,140.42,0.9919,0.1219,0.012365,4.170
831446,520,425,945,224,31,179,340.61,0.9421,0.5585,0.200845,33,23,18,47.82,0.2417,0.1132,0.009798,4.195
831448,520,448,968,181,66,223,315.38,0.8600,0.5422,0.190490,0,17,39,251.97,1.0000,0.0792,0.005473,4.335
831474,520,444,964,215,58,140,353.18,0.8123,0.5425,0.193690,10,20,21,203.84,0.2835,0.0836,0.006190,4.337
831480,520,388,908,254,41,74,20.48,0.9941,0.5866,0.231549,39,30,38,329.83,0.1926,0.1456,0.014998,4.332
831485,520,323,843,242,92,180,347.48,0.8692,0.6456,0.298296,32,33,120,273.93,0.8783,0.2139,0.027507,4.494
831490,520,449,969,222,3,164,344.41,0.9941,0.5379,0.182776,34,1,0,31.16,1.0000,0.0669,0.003619,4.341
831497,520,411,931,207,84,157,346.64,0.7034,0.5669,0.220423,31,27,13,94.01,0.3965,0.1197,0.011042,4.430
831500,520,279,799,255,115,154,4.91,1.0000,0.6893,0.358577,13,63,80,225.66,0.7856,0.2461,0.042196,4.432
831502,520,228,748,245,130,250,325.74,0.9737,0.7389,0.422820,57,73,40,129.81,0.4828,0.2881,0.057881,4.383
831519,520,419,939,249,15,1,29.68,0.9993,0.5584,0.204873,19,30,0,126.54,1.0000,0.1140,0.010670,4.201
831520,520,404,924,218,61,197,334.03,0.8714,0.5792,0.222763,61,3,22,7.97,0.8861,0.1316,0.011153,4.460
831522,520,423,943,248,19,26,27.97,0.9916,0.5584,0.205004,46,9,32,345.99,0.6822,0.1131,0.008806,4.336
831535,520,421,941,221,1,201,333.47,0.9988,0.5570,0.196133,30,1,72,292.24,0.9814,0.1105,0.007656,4.269
831559,520,468,988,216,34,123,358.08,0.8987,0.5186,0.171755,3,2,25,277.11,0.8863,0.0374,0.001330,4.320
831563,520,401,921,247,4,148,354.82,0.9962,0.5801,0.220025,16,12,92,272.21,0.9599,0.1359,0.011457,4.394
831571,520,325,845,199,133,181,337.19,0.4828,0.6498,0.322545,19,60,8,139.97,0.9713,0.2146,0.033876,4.442
831578,520,469,989,176,66,199,320.24,0.7947,0.5173,0.172511,6,4,8,309.32,0.2712,0.0367,0.001431,4.326
831586,520,346,866,255,38,191,344.25,1.0000,0.6259,0.264113,87,9,3,30.45,0.9690,0.1925,0.022285,4.345
831589,520,478,998,187,73,147,343.78,0.6851,0.5137,0.174380,0,0,11,264.05,1.0000,0.0166,0.000242,4.466
831596,520,362,882,228,27,254,322.35,0.9963,0.6126,0.244358,60,31,33,15.98,0.4019,0.1765,0.020506,4.175
831619,520,399,919,211,64,205,329.68,0.8640,0.5752,0.219254,21,27,63,273.02,0.6159,0.1359,0.013021,4.272
831625,520,387,907,232,86,85,24.04,0.8405,0.5903,0.244700,0,35,66,249.58,1.0000,0.1484,0.015953,4.468
831628,520,302,822,237,127,104,32.97,0.7813,0.6681,0.341853,37,61,8,131.37,0.9316,0.2287,0.037483,4.479
831630,520,341,861,254,57,176,349.14,0.9906,0.6290,0.271351,36,13,131,277.26,0.9692,0.2036,0.023015,4.401
831632,520,469,989,217,7,147,348.80,0.9827,0.5204,0.170127,11,5,2,59.29,0.4579,0.0421,0.001841,4.246
831634,520,76,596,250,222,219,25.04,0.7020,0.9100,0.776819,71,114,35,133.52,0.8719,0.4246,0.134953,4.470
831648,520,409,929,189,66,242,313.38,0.9259,0.5685,0.211272,10,36,13,145.82,0.8773,0.1297,0.013553,4.111
831662,520,308,828,254,115,24,46.55,0.9919,0.6655,0.334016,47,57,35,128.26,0.3715,0.2291,0.036519,4.439
831664,520,434,954,242,7,90,12.72,0.9936,0.5518,0.197708,37,12,26,347.49,0.5336,0.0993,0.007309,4.322
831697,520,469,989,187,84,110,6.41,0.6051,0.5154,0.180328,5,2,23,286.04,0.8134,0.0381,0.001375,4.483
831703,520,418,938,191,75,205,323.24,0.7970,0.5555,0.205176,34,0,79,292.91,1.0000,0.1225,0.009046,4.322
831713,520,354,874,245,50,199,340.02,0.9474,0.6188,0.258202,29,47,3,129.61,0.9536,0.1764,0.023008,4.222
831719,520,313,833,252,48,248,329.10,0.9900,0.6587,0.295896,20,42,116,266.21,0.8769,0.2209,0.030654,4.289
831771,520,480,1000,94,93,251,276.73,0.9729,0.5070,0.171728,0,0,0,0.00,0.0000,0.0000,0.000000,4.435
831779,520,219,739,245,154,190,354.82,0.7800,0.7538,0.462435,22,85,24,143.51,0.9643,0.3033,0.067333,4.367
831783,520,373,893,243,56,147,356.48,0.9029,0.5957,0.239928,69,15,17,22.84,0.7894,0.1612,0.016475,4.361
831791,520,269,789,235,117,248,323.55,0.9590,0.7042,0.371640,16,63,101,247.52,0.7698,0.2608,0.046045,4.390
831797,520,366,886,239,84,107,15.34,0.8548,0.6051,0.257559,45,39,6,98.83,0.7915,0.1688,0.020221,4.380
831826,520,418,938,249,9,81,16.23,0.9941,0.5650,0.209328,7,6,86,268.46,0.9849,0.1156,0.008472,4.435
831829,520,400,920,212,103,52,43.74,0.8016,0.5772,0.239476,14,37,32,177.61,0.5236,0.1405,0.015207,4.439
831835,520,379,899,223,40,236,325.04,0.9674,0.5972,0.232639,15,43,28,157.77,0.6749,0.1589,0.019131,4.088
831859,520,432,952,224,48,141,354.04,0.8706,0.5510,0.198869,42,7,29,345.65,0.6963,0.1017,0.007330,4.341
831871,520,389,909,229,1,224,329.56,0.9994,0.5867,0.220640,34,34,45,284.86,0.1906,0.1536,0.016736,4.055
831876,520,379,899,228,39,228,328.22,0.9665,0.5997,0.235488,37,39,12,112.88,0.6226,0.1602,0.018709,4.155
831896,520,454,974,195,47,201,326.35,0.8815,0.5305,0.178538,29,8,11,12.63,0.5284,0.0746,0.004591,4.186
831911,520,460,980,217,54,106,7.01,0.8387,0.5301,0.184331,19,7,5,33.23,0.4217,0.0568,0.003014,4.420
831925,520,314,834,255,75,208,340.36,1.0000,0.6616,0.308494,98,15,17,25.59,0.9110,0.2241,0.029792,4.493
831947,520,471,991,208,3,180,336.10,0.9932,0.5201,0.167724,17,1,5,1.34,0.7696,0.0401,0.001519,4.226
831960,520,432,952,171,74,235,308.56,0.8766,0.5466,0.195544,4,6,76,267.28,0.9826,0.1005,0.006778,4.325
831982,520,403,923,241,55,121,5.35,0.8997,0.5820,0.228168,12,33,43,231.09,0.5276,0.1324,0.013402,4.387
831985,520,423,943,205,80,165,342.21,0.7249,0.5618,0.214349,23,28,10,121.95,0.5190,0.1134,0.010346,4.381
832002,520,424,944,239,48,35,29.33,0.9595,0.5559,0.205892,12,10,79,271.83,0.9558,0.1145,0.008597,4.367
832028,520,2,522,255,255,255,0.00,0.0000,1.0000,1.000000,0,140,15,143.16,1.0000,0.4842,0.187898,4.414
832033,520,454,974,208,77,17,40.25,0.9533,0.5257,0.187603,19,8,24,314.64,0.4930,0.0662,0.003781,4.418
832034,520,465,985,205,12,190,332.44,0.9767,0.5229,0.169618,12,9,9,17.79,0.0932,0.0547,0.002933,4.149
832055,520,449,969,202,54,185,333.19,0.8408,0.5382,0.186995,17,12,28,297.13,0.4250,0.0739,0.004660,4.336
832057,520,172,692,249,175,183,12.00,0.7888,0.7977,0.542206,49,90,74,166.81,0.4786,0.3442,0.084595,4.400
832058,520,262,782,239,117,252,323.68,0.9831,0.7121,0.381036,64,62,18,106.70,0.7191,0.2589,0.045790,4.500
832063,520,471,991,217,48,105,6.61,0.8599,0.5245,0.178880,8,2,25,293.30,0.8090,0.0425,0.001652,4.431
832097,520,351,871,236,110,10,48.96,0.9846,0.6266,0.290094,24,50,47,186.02,0.4432,0.1933,0.026805,4.428
832101,520,371,891,240,30,223,332.34,0.9810,0.6131,0.247843,26,4,120,274.27,0.9914,0.1728,0.016624,4.471
832104,520,480,1000,197,60,135,350.89,0.7588,0.5094,0.168532,0,0,0,0.00,0.0000,0.0000,0.000000,4.371
832140,520,396,916,240,29,157,351.09,0.9589,0.5772,0.218414,49,26,9,55.07,0.6290,0.1418,0.014116,4.186
832143,520,407,927,172,95,228,308.44,0.7968,0.5727,0.225572,48,14,44,332.42,0.6414,0.1301,0.011244,4.500
832146,520,391,911,249,43,126,3.81,0.9514,0.5904,0.233773,63,15,10,29.38,0.8101,0.1476,0.014205,4.420
832171,520,438,958,232,3,141,354.05,0.9951,0.5469,0.191470,29,16,1,72.79,0.8632,0.0876,0.006340,4.286
832175,520,395,915,239,19,186,341.90,0.9816,0.5858,0.223646,34,24,60,293.63,0.5668,0.1392,0.013196,4.330
832181,520,471,991,193,27,205,324.94,0.9451,0.5172,0.165307,20,0,0,29.23,1.0000,0.0400,0.001487,4.182
832182,520,409,929,252,6,60,21.75,0.9970,0.5672,0.211557,48,4,57,320.06,0.8475,0.1266,0.010107,4.352
832183,520,387,907,249,32,141,358.17,0.9627,0.5896,0.230993,16,38,39,199.37,0.4567,0.1477,0.016428,4.230
832194,520,361,881,208,108,193,333.10,0.6776,0.6222,0.279869,21,49,27,149.06,0.6859,0.1816,0.024351,4.437
832209,520,403,923,243,39,132,0.45,0.9398,0.5782,0.221749,18,34,3,132.15,0.9300,0.1263,0.012792,4.328
832214,520,480,1000,199,35,173,336.01,0.8853,0.5110,0.163632,0,0,0,0.00,0.0000,0.0000,0.000000,4.273
832223,520,333,853,241,107,89,29.78,0.8734,0.6377,0.299403,31,49,59,233.40,0.3186,0.2006,0.028036,4.477
832258,520,401,921,241,33,150,353.71,0.9508,0.5780,0.219936,43,1,84,298.43,0.9836,0.1416,0.011754,4.371
832268,520,372,892,240,68,173,347.66,0.8834,0.6119,0.256795,51,20,84,301.70,0.7629,0.1745,0.018443,4.483
832272,520,342,862,220,102,187,339.40,0.7302,0.6277,0.283082,29,46,63,249.25,0.3767,0.1926,0.025740,4.398
832278,520,278,798,239,125,182,350.25,0.7793,0.6907,0.363977,14,71,20,144.53,0.9707,0.2522,0.046502,4.290
832281,520,408,928,253,27,54,24.03,0.9911,0.5745,0.219366,30,31,15,111.47,0.4061,0.1301,0.012905,4.282
832286,520,452,972,230,45,21,30.94,0.9755,0.5341,0.187569,12,4,48,282.07,0.9018,0.0701,0.003784,4.417
832315,520,463,983,219,62,11,35.48,0.9819,0.5274,0.185321,12,2,36,291.26,0.8852,0.0549,0.002490,4.483
832330,520,292,812,211,127,233,319.06,0.8064,0.6796,0.349121,54,60,12,116.34,0.8077,0.2413,0.040425,4.414
832332,520,471,991,211,16,169,340.28,0.9617,0.5224,0.170863,0,8,16,236.28,1.0000,0.0441,0.002111,4.238
832336,520,437,957,200,39,223,322.10,0.9416,0.5489,0.190597,34,8,37,323.45,0.6757,0.0943,0.006474,4.260
832337,520,474,994,223,35,69,18.92,0.9436,0.5182,0.173225,7,3,2,40.96,0.3407,0.0325,0.001147,4.364
832363,520,379,899,244,14,196,340.19,0.9904,0.5994,0.235358,20,36,65,261.41,0.5595,0.1598,0.017921,4.201
832366,520,477,997,198,37,175,335.11,0.8788,0.5117,0.164259,9,0,0,29.23,1.0000,0.0242,0.000581,4.236
832369,520,437,957,245,20,12,29.28,0.9916,0.5517,0.199429,42,5,12,13.25,0.7720,0.0923,0.006274,4.432
832375,520,479,999,220,2,109,2.71,0.9956,0.5100,0.163659,1,0,0,29.23,1.0000,0.0090,0.000065,4.268
832391,520,463,983,194,21,222,320.95,0.9728,0.5292,0.172811,15,1,33,300.59,0.9128,0.0533,0.002331,4.258
832418,520,442,962,150,97,211,303.06,0.7009,0.5366,0.197369,14,20,4,125.31,0.6613,0.0816,0.006024,4.415
832419,520,352,872,246,84,118,11.74,0.8985,0.6205,0.272447,8,55,3,141.45,0.9903,0.1926,0.027905,4.139
832422,520,341,861,198,125,169,343.39,0.4869,0.6278,0.295388,2,51,67,226.14,0.9406,0.1978,0.027857,4.436
832423,520,420,940,228,54,144,354.27,0.8637,0.5647,0.211486,4,21,59,262.31,0.8812,0.1080,0.008779,4.449
832438,520,428,948,235,1,158,349.19,0.9986,0.5600,0.201555,12,26,22,173.99,0.3808,0.1021,0.008749,4.282
832446,520,473,993,196,21,205,325.84,0.9617,0.5198,0.166815,1,5,8,229.76,0.5809,0.0340,0.001325,4.224
832449,520,349,869,251,31,212,337.61,0.9821,0.6266,0.262459,72,21,58,340.14,0.6681,0.1910,0.022197,4.328
832453,520,402,922,208,6,255,317.36,1.0000,0.5750,0.207618,64,2,11,19.99,0.9595,0.1344,0.011578,4.184
832465,520,392,912,255,48,20,31.00,1.0000,0.5877,0.234282,42,31,21,63.59,0.3024,0.1460,0.015264,4.356
832467,520,471,991,181,23,230,315.30,0.9714,0.5150,0.161509,1,8,15,237.62,0.7118,0.0447,0.002146,4.056
832476,520,478,998,217,8,120,358.30,0.9802,0.5091,0.162840,2,0,4,311.99,1.0000,0.0155,0.000217,4.238
832478,520,414,934,204,29,252,316.70,0.9868,0.5727,0.207459,21,4,86,277.88,0.9761,0.1223,0.009181,4.350
832488,520,466,986,144,79,232,298.87,0.8491,0.5160,0.173477,18,0,23,320.07,1.0000,0.0475,0.001905,4.306
832492,520,459,979,174,38,247,309.03,0.9623,0.5269,0.171012,9,12,17,260.39,0.1949,0.0614,0.003615,4.122
832503,520,457,977,135,91,236,292.93,0.8428,0.5280,0.186892,13,3,41,288.28,0.8761,0.0623,0.003108,4.461
832513,520,479,999,160,44,245,304.82,0.9518,0.5091,0.158681,1,0,4,296.85,1.0000,0.0133,0.000152,4.161
832527,520,319,839,231,73,252,322.75,0.9864,0.6465,0.287844,0,52,91,248.05,1.0000,0.2171,0.032111,4.114
832542,520,456,976,223,52,24,31.84,0.9645,0.5259,0.182127,29,2,4,19.09,0.8418,0.0610,0.003134,4.369
832547,520,410,930,187,98,176,331.97,0.6140,0.5666,0.224360,61,4,11,20.47,0.9170,0.1302,0.011033,4.495
832550,520,478,998,221,37,25,29.46,0.9664,0.5098,0.167682,2,2,5,283.18,0.3513,0.0245,0.000673,4.296
832551,520,398,918,231,74,95,16.98,0.8366,0.5752,0.227155,24,26,69,276.79,0.6662,0.1412,0.013626,4.356
832560,520,474,994,203,50,149,346.00,0.8151,0.5168,0.171496,5,2,17,292.39,0.7182,0.0343,0.001162,4.329
832562,520,381,901,247,56,148,356.91,0.9290,0.6036,0.247439,1,43,36,178.55,0.9753,0.1559,0.018615,4.335
832570,520,319,839,237,94,196,340.49,0.8587,0.6474,0.299980,25,47,103,265.01,0.7418,0.2227,0.032188,4.258
832579,520,447,967,176,46,249,308.89,0.9682,0.5372,0.180245,1,22,11,159.75,0.9556,0.0800,0.006044,4.108
832591,520,415,935,223,82,70,28.14,0.8296,0.5658,0.221673,17,31,9,135.36,0.7073,0.1172,0.011188,4.440
832596,520,424,944,247,23,75,18.30,0.9824,0.5635,0.208985,13,30,13,144.03,0.6535,0.1122,0.010431,4.286
832615,520,475,995,228,1,98,7.95,0.9984,0.5231,0.174005,9,0,18,309.66,1.0000,0.0336,0.001018,4.391
832632,520,478,998,129,84,234,292.09,0.8520,0.5082,0.169482,0,2,6,247.65,1.0000,0.0221,0.000566,4.341
832633,520,433,953,238,47,49,26.54,0.9531,0.5544,0.204351,7,14,61,269.05,0.9016,0.0971,0.006961,4.465
832660,520,173,693,255,168,200,356.08,1.0000,0.7970,0.534376,73,84,67,134.54,0.2085,0.3427,0.081623,4.440
832662,520,170,690,241,172,230,332.22,0.8567,0.7991,0.539205,80,83,58,113.62,0.2885,0.3443,0.081975,4.465
832697,520,334,854,245,81,181,346.94,0.9069,0.6379,0.286365,59,35,62,322.89,0.4282,0.1967,0.024798,4.497
832717,520,447,967,136,96,238,292.14,0.8425,0.5393,0.197730,2,22,16,171.98,0.8576,0.0821,0.006241,4.405
832726,520,257,777,236,123,235,327.62,0.8952,0.7076,0.379990,32,66,89,240.31,0.5297,0.2684,0.049246,4.333
832728,520,314,834,251,102,145,5.18,0.9238,0.6609,0.320594,18,58,54,186.10,0.6696,0.2188,0.034209,4.401
832729,520,403,923,240,68,81,21.37,0.9069,0.5825,0.232567,8,34,34,195.20,0.6382,0.1290,0.013111,4.477
832751,520,450,970,237,7,79,15.50,0.9934,0.5388,0.187242,17,5,41,293.21,0.7963,0.0701,0.003878,4.403
832768,520,13,533,249,252,235,114.94,0.8394,0.9816,0.957587,17,130,119,184.28,0.9383,0.4748,0.174155,4.495
832784,520,341,861,230,109,122,15.29,0.7277,0.6303,0.291679,17,49,74,245.19,0.6498,0.2014,0.028101,4.375
832787,520,434,954,240,30,5,30.42,0.9959,0.5450,0.194681,40,15,6,41.04,0.6528,0.1036,0.008060,4.214
832788,520,445,965,155,85,230,302.69,0.8249,0.5369,0.191791,3,18,34,249.53,0.7120,0.0804,0.005674,4.343
832795,520,397,917,250,44,94,14.60,0.9657,0.5843,0.229371,3,35,48,229.35,0.8435,0.1371,0.014348,4.342
832798,520,384,904,213,39,247,319.96,0.9709,0.5882,0.223144,3,43,11,146.67,0.9824,0.1499,0.017712,4.034
832803,520,452,972,220,48,118,2.00,0.8612,0.5346,0.186401,21,12,14,4.26,0.2342,0.0720,0.004541,4.334
832806,520,454,974,192,29,223,320.03,0.9580,0.5300,0.174144,13,16,14,156.48,0.1024,0.0730,0.004878,4.084
832810,520,373,893,220,34,253,320.52,0.9918,0.6016,0.234535,32,38,33,150.14,0.1341,0.1575,0.018031,4.182
832819,520,400,920,225,34,207,332.88,0.9571,0.5782,0.216590,59,5,39,347.50,0.8023,0.1367,0.011850,4.310
832820,520,448,968,227,45,102,9.02,0.8984,0.5410,0.191698,4,13,52,266.45,0.8957,0.0843,0.005616,4.346
832821,520,418,938,163,93,230,304.73,0.8063,0.5595,0.213289,26,29,14,117.91,0.4004,0.1200,0.011300,4.295
832826,520,408,928,209,35,241,320.34,0.9700,0.5750,0.211100,16,32,38,223.92,0.3764,0.1291,0.012831,4.156
832832,520,444,964,212,64,125,359.47,0.7814,0.5373,0.191468,30,0,49,308.16,1.0000,0.0849,0.004978,4.392
832857,520,456,976,175,34,251,308.64,0.9805,0.5296,0.172239,11,11,9,106.91,0.0766,0.0581,0.003302,4.169
832865,520,447,967,234,0,105,6.50,1.0000,0.5375,0.185154,35,8,4,33.20,0.7347,0.0826,0.005398,4.245
832867,520,426,946,234,7,152,350.95,0.9900,0.5565,0.199143,21,27,30,229.51,0.1417,0.1149,0.010370,4.127
832908,520,479,999,200,38,164,339.32,0.8656,0.5096,0.163478,2,0,3,318.71,1.0000,0.0147,0.000195,4.253
832916,520,441,961,220,69,46,31.52,0.8993,0.5400,0.196717,28,17,16,24.80,0.2474,0.0921,0.006852,4.340
832917,520,466,986,206,13,182,335.01,0.9716,0.5199,0.167891,6,8,20,273.68,0.4340,0.0517,0.002629,4.140
832918,520,465,985,230,7,79,14.70,0.9919,0.5239,0.175425,16,1,22,317.07,0.8293,0.0466,0.001898,4.344
832921,520,338,858,237,114,17,49.96,0.9734,0.6352,0.300824,48,47,38,102.05,0.1494,0.2018,0.028014,4.497
832953,520,73,593,251,220,229,358.37,0.7465,0.9099,0.773537,0,118,74,158.91,1.0000,0.4197,0.134507,4.463
832985,520,433,953,219,77,37,35.90,0.9109,0.5475,0.205039,1,28,15,159.81,0.9701,0.0996,0.008714,4.344
832997,520,409,929,211,76,167,342.90,0.7600,0.5676,0.218098,45,0,70,308.46,1.0000,0.1286,0.010001,4.468
833018,520,465,985,164,65,224,309.40,0.8554,0.5171,0.170556,8,8,8,0.00,0.0000,0.0486,0.002428,4.207
833023,520,358,878,252,42,194,342.84,0.9799,0.6240,0.262497,32,19,114,277.36,0.9305,0.1848,0.019876,4.472
833025,520,334,854,212,99,245,317.94,0.9276,0.6442,0.295148,34,40,95,274.46,0.6661,0.2045,0.026838,4.492
833035,520,25,545,244,245,254,281.09,0.8028,0.9673,0.916936,3,130,95,165.97,0.9936,0.4648,0.168101,4.433
833042,520,306,826,218,129,198,335.74,0.6599,0.6748,0.346848,6,64,40,159.65,0.9580,0.2301,0.038585,4.480
833046,520,469,989,126,87,242,289.32,0.8931,0.5169,0.176626,8,4,1,71.76,0.5760,0.0360,0.001407,4.409
833051,520,453,973,201,50,184,333.20,0.8507,0.5323,0.181612,14,5,41,288.26,0.8101,0.0671,0.003620,4.320
833052,520,460,980,219,24,146,349.95,0.9395,0.5291,0.177912,24,7,10,9.18,0.4766,0.0650,0.003681,4.246
833055,520,445,965,223,18,151,349.03,0.9625,0.5371,0.183576,27,11,7,35.95,0.4653,0.0760,0.004877,4.256
833083,520,452,972,222,60,12,34.76,0.9821,0.5312,0.187906,30,1,18,347.05,0.8324,0.0654,0.003414,4.454
833094,520,349,869,241,39,245,327.32,0.9818,0.6333,0.267470,14,47,72,244.87,0.6867,0.1929,0.025942,4.180
833135,520,412,932,233,60,117,6.16,0.8638,0.5699,0.218426,4,30,48,242.40,0.7710,0.1228,0.011677,4.352
833148,520,467,987,168,72,203,315.78,0.7767,0.5157,0.172722,4,3,17,284.02,0.6453,0.0359,0.001314,4.340
833150,520,260,780,203,150,225,315.70,0.6487,0.7088,0.399462,33,70,72,200.10,0.4869,0.2721,0.051713,4.419
833158,520,445,965,218,60,118,3.10,0.8147,0.5418,0.194476,22,4,47,297.04,0.8488,0.0792,0.004626,4.475
833182,520,321,841,221,100,226,326.00,0.8543,0.6469,0.299793,59,44,43,22.85,0.1846,0.2090,0.029057,4.425
833185,520,431,951,245,18,51,23.78,0.9896,0.5540,0.200876,7,29,4,140.63,0.9435,0.1038,0.009326,4.229
833191,520,462,982,214,13,167,341.63,0.9709,0.5262,0.173763,15,7,5,38.80,0.3144,0.0521,0.002645,4.250
833201,520,433,953,231,34,123,1.07,0.9303,0.5485,0.195660,43,6,9,19.79,0.7803,0.0951,0.006637,4.337
833218,520,408,928,212,75,176,339.70,0.7792,0.5726,0.221658,45,25,9,57.56,0.5962,0.1332,0.012729,4.331
833247,520,407,927,208,72,182,336.24,0.7894,0.5655,0.214239,33,0,88,288.00,1.0000,0.1323,0.010279,4.384
833249,520,282,802,244,105,229,331.94,0.9410,0.6897,0.349959,78,49,47,23.84,0.3172,0.2498,0.040217,4.433
833250,520,410,930,231,55,141,356.11,0.8689,0.5700,0.216472,39,5,77,297.57,0.9158,0.1328,0.010757,4.386
833262,520,460,980,214,69,38,33.63,0.9082,0.5277,0.186947,21,1,32,312.17,0.8897,0.0598,0.002854,4.483
833272,520,447,967,208,14,202,329.91,0.9792,0.5368,0.179902,16,3,56,283.88,0.9385,0.0802,0.004608,4.210
833273,520,413,933,142,104,248,291.50,0.9040,0.5678,0.224286,18,33,8,134.49,0.7740,0.1240,0.012338,4.400
833280,520,466,986,176,19,248,309.94,0.9851,0.5215,0.164741,16,4,10,346.99,0.4890,0.0481,0.002189,4.115
833298,520,447,967,200,4,223,322.49,0.9957,0.5357,0.176956,11,18,23,239.75,0.2475,0.0799,0.005656,4.078
833302,520,455,975,179,76,192,323.05,0.7430,0.5301,0.185595,5,1,47,273.86,0.9863,0.0575,0.002592,4.480
833309,520,406,926,246,21,131,0.46,0.9770,0.5757,0.217713,25,33,3,122.76,0.8718,0.1288,0.013010,4.249
833327,520,366,886,220,74,220,327.87,0.8870,0.6094,0.252825,52,29,50,329.97,0.4155,0.1671,0.018392,4.428
833356,520,368,888,219,60,242,322.24,0.9460,0.6089,0.247045,23,41,56,244.86,0.4130,0.1698,0.020535,4.211
833367,520,253,773,225,134,252,318.13,0.9700,0.7201,0.400875,48,70,27,131.64,0.7020,0.2686,0.050877,4.470
833382,520,314,834,243,70,243,328.00,0.9605,0.6569,0.299087,3,64,12,144.64,0.9936,0.2238,0.037125,4.007
833417,520,453,973,194,87,118,4.08,0.6166,0.5346,0.195954,3,17,19,206.20,0.6146,0.0699,0.004673,4.499
833424,520,346,866,227,86,211,332.48,0.8581,0.6291,0.276918,47,45,20,104.55,0.5041,0.1903,0.025316,4.341
833436,520,393,913,225,13,235,325.97,0.9931,0.5896,0.222958,2,40,3,143.22,0.9910,0.1379,0.015370,4.176
833446,520,459,979,234,1,90,11.50,0.9988,0.5337,0.182554,13,10,16,307.46,0.2097,0.0601,0.003401,4.355
833450,520,459,979,178,57,229,313.43,0.8949,0.5329,0.180494,24,3,7,8.21,0.6860,0.0558,0.002747,4.370
833458,520,458,978,186,36,227,317.17,0.9449,0.5272,0.172482,9,10,14,273.86,0.1468,0.0559,0.003069,4.192
833492,520,332,852,243,50,236,329.83,0.9695,0.6370,0.273948,78,13,65,337.58,0.7755,0.1973,0.022894,4.444
833514,520,375,895,232,88,118,10.87,0.7911,0.6009,0.254460,5,40,65,244.73,0.8109,0.1641,0.019314,4.392
833517,520,471,991,193,28,211,323.35,0.9489,0.5221,0.168727,13,4,6,2.24,0.3955,0.0432,0.001856,4.218
833522,520,447,967,220,68,32,34.21,0.9349,0.5375,0.194568,26,2,48,302.94,0.9069,0.0817,0.004764,4.466
833527,520,435,955,232,51,72,20.76,0.9207,0.5489,0.199943,12,21,18,172.00,0.2601,0.0865,0.006582,4.417
833531,520,383,903,227,33,231,327.29,0.9749,0.5970,0.231905,27,18,94,278.11,0.8962,0.1549,0.014737,4.355
833558,520,391,911,248,47,113,8.41,0.9458,0.5872,0.231852,17,19,97,271.15,0.9392,0.1528,0.014479,4.371
833561,520,361,881,213,89,232,322.14,0.8794,0.6239,0.271187,48,42,21,93.94,0.4451,0.1833,0.023385,4.377
833564,520,343,863,244,100,76,31.63,0.9114,0.6299,0.288723,38,48,11,122.99,0.7618,0.1884,0.025501,4.486
833588,520,432,952,227,57,105,9.44,0.8606,0.5520,0.202798,17,16,51,279.67,0.6767,0.0984,0.007287,4.413
833589,520,364,884,244,34,205,337.92,0.9722,0.6112,0.247879,30,43,40,179.07,0.2170,0.1732,0.021569,4.162
833609,520,429,949,239,20,97,10.56,0.9768,0.5506,0.197174,8,20,47,263.81,0.6833,0.0977,0.007571,4.293
833615,520,459,979,230,41,36,28.21,0.9606,0.5322,0.185392,18,6,27,308.90,0.6135,0.0628,0.003380,4.410
833631,520,444,964,228,46,104,8.54,0.8967,0.5443,0.194503,5,7,60,269.44,0.9565,0.0831,0.005104,4.437
833634,520,269,789,238,122,217,334.49,0.8722,0.6997,0.371082,71,55,73,322.64,0.2464,0.2649,0.045531,4.408
833638,520,434,954,227,15,171,343.54,0.9768,0.5539,0.196155,35,16,1,61.06,0.8667,0.0964,0.007301,4.296
833646,520,272,792,255,117,179,354.20,1.0000,0.7010,0.372402,54,66,23,122.87,0.6818,0.2609,0.047425,4.336
833657,520,478,998,177,74,174,328.74,0.7057,0.5132,0.173018,0,1,11,262.64,1.0001,0.0210,0.000459,4.420
833658,520,425,945,237,32,124,1.70,0.9459,0.5597,0.204959,39,12,34,335.07,0.5882,0.1064,0.008098,4.388
833668,520,400,920,246,56,23,31.99,0.9791,0.5759,0.224865,20,34,39,222.31,0.3006,0.1382,0.014392,4.269
833670,520,378,898,253,60,100,14.87,0.9824,0.6038,0.250381,34,25,84,283.94,0.7431,0.1624,0.016754,4.500
833674,520,476,996,59,103,251,266.42,0.9850,0.5059,0.175943,0,1,14,263.36,1.0007,0.0229,0.000534,4.471
833680,520,444,964,240,4,69,18.56,0.9969,0.5426,0.190451,9,6,58,274.22,0.9388,0.0819,0.004938,4.377
833689,520,450,970,226,19,146,351.40,0.9625,0.5410,0.187125,12,11,32,282.75,0.5447,0.0698,0.004218,4.374
833695,520,404,924,195,94,188,330.05,0.6863,0.5782,0.232397,17,31,44,247.56,0.4034,0.1301,0.012810,4.496
833715,520,469,989,218,3,133,353.77,0.9923,0.5152,0.166666,20,0,5,2.38,1.0000,0.0419,0.001597,4.199
833723,520,369,889,223,45,253,321.09,0.9916,0.6124,0.246586,65,22,26,17.16,0.6138,0.1659,0.017724,4.379
833773,520,391,911,251,45,94,14.81,0.9718,0.5870,0.231977,42,34,2,95.09,0.9061,0.1506,0.016407,4.246
833774,520,416,936,253,12,21,28.24,0.9958,0.5669,0.212035,8,15,83,268.28,0.9533,0.1245,0.010177,4.354
833780,520,359,879,241,24,239,328.76,0.9901,0.6231,0.255888,47,28,80,296.97,0.6513,0.1791,0.020140,4.361
833793,520,409,929,247,15,114,5.99,0.9860,0.5704,0.213342,31,31,24,107.35,0.1561,0.1335,0.013372,4.155
833797,520,399,919,244,29,157,351.92,0.9638,0.5850,0.225494,57,3,59,326.60,0.8703,0.1433,0.012509,4.407
833810,520,333,853,246,78,198,341.37,0.9323,0.6444,0.291217,60,43,12,79.41,0.6994,0.2006,0.027151,4.423
833853,520,466,986,205,70,80,19.94,0.7756,0.5185,0.179408,10,9,5,97.77,0.2299,0.0516,0.002709,4.352
833860,520,480,1000,153,81,203,308.89,0.7318,0.5078,0.169695,0,0,0,0.00,0.0000,0.0000,0.000000,4.394
833882,520,376,896,239,64,165,349.92,0.8793,0.6027,0.247370,59,26,15,38.98,0.6067,0.1597,0.017032,4.436
833883,520,446,966,232,13,102,7.57,0.9820,0.5354,0.184060,16,7,48,285.79,0.8123,0.0789,0.004755,4.275
833910,520,433,953,198,88,126,0.66,0.6285,0.5455,0.204933,47,5,21,1.88,0.7722,0.1048,0.007671,4.420
833917,520,469,989,174,78,176,326.74,0.6866,0.5155,0.175831,1,1,34,267.78,0.9865,0.0404,0.001436,4.390
833939,520,341,861,235,103,135,7.42,0.7690,0.6327,0.291146,11,49,82,249.08,0.7688,0.2047,0.028768,4.331
833952,520,443,963,128,109,211,289.62,0.6607,0.5356,0.202295,6,22,16,167.60,0.5693,0.0847,0.006499,4.465
833974,520,381,901,254,59,70,23.71,0.9937,0.5992,0.246446,30,28,80,279.69,0.6992,0.1607,0.016857,4.434
833976,520,374,894,184,96,239,310.16,0.8622,0.5976,0.247889,21,43,17,140.64,0.7379,0.1597,0.019276,4.300
833981,520,370,890,255,61,103,14.23,1.0000,0.6093,0.255804,8,47,21,150.51,0.9337,0.1675,0.021387,4.284
834002,520,279,799,255,130,53,48.39,1.0000,0.6942,0.374855,8,72,22,146.08,0.9832,0.2544,0.047441,4.360
834008,520,374,894,248,5,185,344.03,0.9965,0.5993,0.235711,29,28,82,278.44,0.7209,0.1617,0.017009,4.264
834016,520,425,945,213,71,151,349.50,0.7676,0.5576,0.208891,38,10,46,317.98,0.7003,0.1095,0.008265,4.443
834022,520,271,791,248,115,201,343.13,0.9208,0.6963,0.364376,46,70,4,128.85,0.9696,0.2645,0.049698,4.156
834023,520,451,971,209,51,175,338.39,0.8495,0.5421,0.190202,23,12,6,51.55,0.4130,0.0723,0.004583,4.401
834031,520,381,901,181,97,251,306.31,0.9511,0.6039,0.253389,49,33,33,18.84,0.2341,0.1643,0.018505,4.429
834032,520,405,925,253,2,114,6.58,0.9985,0.5801,0.221447,35,1,86,290.40,0.9878,0.1334,0.010509,4.486
834039,520,464,984,156,92,194,311.38,0.6516,0.5238,0.186178,4,13,2,137.90,0.8508,0.0549,0.003180,4.441
834046,520,443,963,188,40,232,316.46,0.9435,0.5370,0.180364,3,21,17,177.65,0.7330,0.0802,0.005961,4.116
834052,520,427,947,227,27,170,344.02,0.9510,0.5575,0.200197,22,21,38,285.75,0.3617,0.1045,0.008468,4.279
834070,520,372,892,215,72,231,323.54,0.9040,0.6064,0.248532,50,33,47,332.85,0.3005,0.1716,0.019711,4.282
834076,520,468,988,186,68,168,334.25,0.7363,0.5163,0.174019,4,1,35,276.46,0.9705,0.0444,0.001689,4.334
834092,520,477,997,126,96,211,292.23,0.7086,0.5076,0.175045,5,0,3,340.52,1.0000,0.0201,0.000388,4.466
834098,520,408,928,233,71,71,24.92,0.8833,0.5707,0.222880,8,12,93,268.02,0.9742,0.1329,0.011048,4.470
834108,520,400,920,171,93,240,305.54,0.8640,0.5770,0.227785,58,16,18,20.73,0.6826,0.1407,0.013139,4.400
834115,520,471,991,183,81,152,340.74,0.6405,0.5212,0.182205,18,2,3,17.52,0.7121,0.0434,0.001786,4.484
834148,520,436,956,209,38,207,328.74,0.9322,0.5523,0.194485,2,15,52,262.90,0.9252,0.0870,0.006024,4.364
834158,520,412,932,244,26,109,7.63,0.9694,0.5664,0.210794,29,6,74,288.92,0.9140,0.1181,0.008859,4.431
834160,520,350,870,240,45,245,327.04,0.9767,0.6348,0.269972,41,43,59,278.89,0.2354,0.1923,0.025149,4.258
834191,520,352,872,207,94,232,320.01,0.8621,0.6218,0.270985,56,41,17,77.42,0.5611,0.1904,0.024672,4.299
834208,520,381,901,220,72,205,332.24,0.8617,0.5983,0.242603,10,40,48,218.64,0.6592,0.1554,0.017954,4.306
834239,520,409,929,194,87,187,330.06,0.7113,0.5656,0.218750,40,25,37,333.87,0.3108,0.1346,0.012800,4.279
834240,520,380,900,235,65,179,344.28,0.8778,0.6030,0.247002,57,27,16,40.58,0.5649,0.1585,0.016913,4.439
834258,520,404,924,220,14,229,326.15,0.9905,0.5769,0.211890,51,17,17,22.35,0.6023,0.1289,0.011453,4.262
834266,520,386,906,190,111,159,343.64,0.5082,0.5860,0.248205,13,40,25,156.75,0.6982,0.1472,0.016733,4.469
834285,520,408,928,244,44,74,20.09,0.9517,0.5681,0.215323,56,10,12,22.65,0.7964,0.1271,0.010845,4.361
834286,520,417,937,227,14,205,333.87,0.9869,0.5732,0.210553,14,8,82,272.99,0.9644,0.1169,0.008762,4.434
834302,520,287,807,250,95,242,329.85,0.9793,0.6934,0.349219,2,62,78,222.18,0.9592,0.2390,0.040080,4.432
834304,520,413,933,220,23,208,331.37,0.9729,0.5652,0.203848,39,7,58,309.19,0.8110,0.1166,0.008888,4.311
834314,520,351,871,213,85,247,318.49,0.9504,0.6288,0.273601,62,38,23,52.26,0.4638,0.1929,0.024723,4.331
834319,520,464,984,171,49,235,310.22,0.9218,0.5201,0.168536,21,0,23,325.18,1.0000,0.0516,0.002213,4.185
834332,520,402,922,245,58,46,28.87,0.9582,0.5774,0.226393,15,28,53,262.30,0.5591,0.1265,0.011891,4.466
834334,520,379,899,216,73,221,326.47,0.8839,0.6026,0.245864,28,30,77,277.01,0.6628,0.1606,0.017112,4.409
834341,520,138,658,240,192,229,334.38,0.7370,0.8383,0.618828,53,102,3,134.43,0.9937,0.3728,0.102659,4.381
834347,520,395,915,222,46,217,329.45,0.9407,0.5864,0.224956,28,8,95,280.33,0.9537,0.1447,0.012467,4.402
834350,520,477,997,220,47,15,32.11,0.9796,0.5148,0.172859,1,1,6,278.68,0.6638,0.0197,0.000413,4.421
834353,520,448,968,214,46,161,344.33,0.8625,0.5398,0.188256,24,2,48,300.20,0.9113,0.0791,0.004510,4.371
834359,520,378,898,228,30,237,326.13,0.9812,0.6015,0.235393,25,44,9,133.35,0.8601,0.1644,0.020277,4.061
834364,520,355,875,235,32,238,327.56,0.9824,0.6150,0.248708,56,35,34,22.35,0.2926,0.1796,0.021584,4.173
834374,520,321,841,249,89,173,351.45,0.9253,0.6506,0.303047,44,47,73,278.31,0.3409,0.2141,0.030495,4.386
834375,520,362,882,229,58,221,330.15,0.9326,0.6097,0.249070,31,10,120,276.64,0.9732,0.1820,0.018644,4.357
834376,520,474,994,136,91,220,296.10,0.7639,0.5163,0.178838,4,4,5,285.76,0.0838,0.0333,0.001236,4.466
834392,520,403,923,236,20,185,341.52,0.9783,0.5799,0.218388,45,24,7,57.65,0.6505,0.1306,0.012266,4.310
834401,520,364,884,245,60,158,353.36,0.9142,0.6072,0.251160,36,34,63,285.40,0.4304,0.1664,0.018780,4.379
834412,520,471,991,154,82,214,306.34,0.7675,0.5188,0.177601,3,2,32,274.05,0.9413,0.0431,0.001671,4.405
834423,520,403,923,251,21,100,11.24,0.9829,0.5765,0.219693,20,30,42,253.43,0.3214,0.1283,0.012444,4.319
834436,520,439,959,226,39,152,350.06,0.9076,0.5532,0.198894,0,23,25,202.19,1.0000,0.0872,0.006829,4.380
834449,520,310,830,234,85,249,323.96,0.9727,0.6616,0.308312,68,45,24,62.20,0.5023,0.2192,0.031718,4.385
834450,520,337,857,237,116,13,51.13,0.9804,0.6386,0.305271,41,52,6,122.42,0.8845,0.2031,0.029405,4.474
834453,520,430,950,225,26,170,343.53,0.9509,0.5533,0.196512,4,27,31,210.36,0.7160,0.1042,0.009086,4.172
834458,520,402,922,212,15,252,318.95,0.9930,0.5810,0.213688,55,12,30,358.30,0.6837,0.1330,0.011690,4.274
834474,520,390,910,237,61,140,358.27,0.8703,0.5862,0.232384,46,28,24,33.04,0.3149,0.1451,0.014774,4.360
834475,520,441,961,214,60,137,354.36,0.8021,0.5414,0.193363,34,1,49,312.61,0.9390,0.0926,0.005836,4.359
834480,520,299,819,239,94,229,330.51,0.9235,0.6678,0.320157,43,60,19,128.53,0.7370,0.2316,0.037923,4.210
834490,520,341,861,232,83,203,336.35,0.8621,0.6292,0.276565,20,48,71,245.76,0.5831,0.1979,0.027174,4.232
834498,520,283,803,242,97,253,324.84,0.9910,0.6902,0.345208,29,60,97,254.15,0.6031,0.2548,0.043558,4.224
834513,520,452,972,189,58,206,322.86,0.8504,0.5339,0.183025,32,3,22,343.64,0.7489,0.0744,0.004302,4.291
834515,520,426,946,147,95,247,295.04,0.9075,0.5569,0.211029,37,21,8,58.78,0.5420,0.1118,0.009472,4.389
834519,520,480,1000,195,45,176,333.98,0.8463,0.5128,0.166152,0,0,0,0.00,0.0000,0.0000,0.000000,4.323
834557,520,375,895,247,74,13,36.16,0.9886,0.5956,0.247042,31,42,5,124.61,0.8683,0.1624,0.019582,4.269
834558,520,260,780,233,135,205,338.58,0.7666,0.7090,0.390613,5,68,99,237.74,0.9096,0.2714,0.050671,4.377
834566,520,426,946,208,54,202,329.76,0.8807,0.5590,0.203144,32,24,13,74.84,0.3606,0.1131,0.009894,4.227
834567,520,390,910,250,59,75,22.17,0.9689,0.5921,0.239635,14,26,89,268.35,0.8951,0.1545,0.015533,4.420
834573,520,225,745,220,163,205,336.21,0.5394,0.7461,0.458190,18,83,50,156.17,0.9226,0.3003,0.065451,4.402
834582,520,376,896,255,57,82,20.19,1.0000,0.6015,0.247992,66,18,31,7.22,0.6644,0.1631,0.016900,4.454
834594,520,400,920,237,42,165,348.32,0.9282,0.5819,0.223800,56,17,27,7.12,0.6098,0.1411,0.013209,4.332
834595,520,407,927,226,79,98,16.52,0.7979,0.5730,0.226452,31,29,25,84.59,0.0964,0.1284,0.012402,4.430
834610,520,411,931,203,36,244,318.04,0.9683,0.5681,0.204915,49,15,22,9.96,0.5902,0.1233,0.010526,4.212
834613,520,398,918,246,29,136,359.13,0.9641,0.5805,0.222525,26,1,96,279.46,0.9947,0.1365,0.010858,4.478
834617,520,466,986,205,6,190,332.43,0.9880,0.5215,0.168291,17,0,23,318.27,1.0000,0.0462,0.001810,4.213
834629,520,408,928,234,56,135,359.04,0.8744,0.5742,0.220729,22,26,57,275.26,0.5503,0.1295,0.012047,4.363
834631,520,427,947,219,45,186,337.44,0.9022,0.5615,0.204843,11,22,38,257.70,0.4772,0.0982,0.007849,4.405
834642,520,440,960,226,54,108,7.69,0.8645,0.5482,0.198925,43,5,7,21.90,0.8258,0.0931,0.006376,4.415
834672,520,424,944,224,82,4,41.00,0.9922,0.5620,0.218933,16,27,34,236.96,0.3033,0.1128,0.010095,4.475
834694,520,422,942,214,17,214,328.32,0.9816,0.5566,0.195542,10,4,85,270.45,0.9876,0.1132,0.008072,4.228
834699,520,461,981,217,49,117,1.92,0.8497,0.5292,0.182352,7,0,41,280.63,1.0000,0.0508,0.002053,4.464
834700,520,434,954,204,26,226,322.66,0.9707,0.5511,0.190689,44,10,2,38.03,0.8722,0.1015,0.007570,4.181
834704,520,426,946,199,55,228,320.18,0.9135,0.5628,0.204774,4,28,36,222.92,0.7356,0.1097,0.009836,4.258
834718,520,440,960,167,65,255,303.76,1.0000,0.5473,0.192167,31,11,23,344.73,0.4827,0.0870,0.005925,4.330
834738,520,480,1000,210,49,106,5.07,0.8361,0.5119,0.169412,0,0,0,0.00,0.0000,0.0000,0.000000,4.388
834743,520,321,841,236,104,168,352.36,0.7873,0.6475,0.305632,53,51,2,107.17,0.9507,0.2125,0.031290,4.375
834749,520,426,946,221,23,198,334.31,0.9683,0.5606,0.200645,17,16,61,277.35,0.7823,0.1075,0.008266,4.302
834760,520,359,879,240,72,175,347.23,0.8800,0.6168,0.262580,38,28,94,283.58,0.7571,0.1819,0.020507,4.433
834769,520,400,920,253,39,76,19.68,0.9883,0.5837,0.228592,58,4,53,332.51,0.8313,0.1420,0.012435,4.462
834782,520,412,932,198,63,230,319.11,0.8991,0.5701,0.212754,53,4,29,354.60,0.8070,0.1186,0.009326,4.429
834793,520,399,919,246,35,125,3.11,0.9535,0.5796,0.222789,42,20,63,304.81,0.6528,0.1439,0.013515,4.295
834818,520,423,943,248,11,78,17.04,0.9928,0.5627,0.207495,5,32,12,149.40,0.9205,0.1140,0.010918,4.227
834840,520,438,958,227,47,137,356.10,0.8813,0.5543,0.201728,37,10,7,29.23,0.6537,0.0900,0.006258,4.475
834850,520,478,998,222,13,89,10.54,0.9786,0.5108,0.165415,1,1,12,274.56,0.8685,0.0231,0.000547,4.262
834869,520,375,895,240,85,89,22.57,0.8835,0.6042,0.257466,45,33,46,323.83,0.2572,0.1644,0.018429,4.493
834886,520,410,930,218,87,82,25.23,0.7664,0.5662,0.223334,45,15,45,327.50,0.6183,0.1272,0.010891,4.489
834890,520,389,909,233,7,209,334.23,0.9948,0.5853,0.220817,3,10,107,265.40,0.9884,0.1476,0.012979,4.300
834906,520,401,921,252,48,11,31.71,0.9927,0.5812,0.228372,36,29,47,301.77,0.3201,0.1441,0.014590,4.310
834910,520,479,999,162,82,181,319.62,0.6635,0.5069,0.170530,1,0,6,289.16,1.0000,0.0150,0.000196,4.393
834946,520,430,950,193,74,187,329.75,0.7610,0.5463,0.198244,26,15,46,297.11,0.6026,0.1014,0.007585,4.311
834953,520,448,968,185,61,225,316.43,0.8811,0.5444,0.190892,7,1,61,272.70,0.9926,0.0755,0.004038,4.458
834960,520,435,955,223,61,105,9.47,0.8354,0.5483,0.200480,15,22,16,148.87,0.2472,0.0909,0.007128,4.385
834974,520,376,896,254,25,146,357.22,0.9916,0.5985,0.238450,45,33,43,332.05,0.2269,0.1630,0.018201,4.229
834990,520,372,892,226,97,142,0.83,0.7249,0.6112,0.266735,28,40,57,257.12,0.3440,0.1712,0.020598,4.486
834996,520,422,942,226,66,92,15.94,0.8442,0.5559,0.208406,32,19,39,313.06,0.4330,0.1119,0.009193,4.365
834998,520,399,919,180,76,254,307.29,0.9909,0.5765,0.220287,40,30,17,73.24,0.3740,0.1398,0.014202,4.210
834999,520,285,805,226,150,17,72.42,0.9635,0.6881,0.380239,2,73,6,143.23,0.9972,0.2548,0.047909,4.394
835005,520,434,954,238,46,25,30.48,0.9738,0.5516,0.202046,12,21,36,260.23,0.4330,0.0951,0.007418,4.390
835016,520,454,974,216,12,167,342.11,0.9745,0.5298,0.176543,34,1,14,358.89,0.8637,0.0710,0.003936,4.200
835029,520,359,879,226,87,192,338.50,0.8113,0.6187,0.267932,55,28,70,312.05,0.5856,0.1820,0.020850,4.487
835030,520,381,901,227,96,106,18.17,0.7552,0.6006,0.257398,41,38,5,104.21,0.8119,0.1609,0.018686,4.475
835048,520,467,987,208,59,121,359.63,0.7887,0.5230,0.179205,10,4,15,310.65,0.5009,0.0436,0.001859,4.420
835055,520,299,819,235,94,244,325.28,0.9504,0.6705,0.322014,85,39,1,53.33,0.9641,0.2312,0.033848,4.437
835064,520,454,974,209,68,88,16.26,0.7834,0.5252,0.183964,18,14,14,17.85,0.1009,0.0730,0.004744,4.274
835068,520,345,865,206,99,229,320.24,0.8376,0.6256,0.277040,10,53,6,141.76,0.9783,0.1866,0.026238,4.290
835069,520,465,985,221,55,3,34.46,0.9954,0.5238,0.181138,16,4,24,310.87,0.6636,0.0546,0.002629,4.392
835075,520,281,801,228,146,99,49.96,0.6755,0.6906,0.379546,0,72,10,144.24,1.0000,0.2512,0.046564,4.448
835085,520,343,863,242,66,198,339.99,0.9178,0.6257,0.268538,35,20,119,278.10,0.9285,0.1948,0.021894,4.431
835089,520,468,988,200,80,48,35.80,0.8191,0.5180,0.182321,8,4,21,293.59,0.6247,0.0448,0.001926,4.474
835095,520,182,702,246,182,79,76.30,0.8662,0.7874,0.536153,27,93,20,141.75,0.9706,0.3317,0.081119,4.470
835117,520,350,870,219,78,249,320.04,0.9674,0.6311,0.273502,36,46,48,211.14,0.1469,0.1906,0.025424,4.289
835118,520,180,700,255,170,154,31.13,1.0000,0.7871,0.523449,37,91,36,143.16,0.9031,0.3312,0.080026,4.410
835141,520,451,971,238,26,27,28.18,0.9840,0.5399,0.189984,6,18,7,146.39,0.6252,0.0710,0.004867,4.374
835151,520,478,998,193,83,45,38.87,0.8008,0.5099,0.177152,2,1,10,286.50,0.7500,0.0235,0.000565,4.492
835160,520,290,810,237,100,240,326.80,0.9346,0.6787,0.334124,89,40,16,44.57,0.7393,0.2419,0.036792,4.426
835162,520,365,885,232,51,220,331.18,0.9465,0.6089,0.246933,77,9,21,17.58,0.8682,0.1728,0.018276,4.349
835169,520,391,911,244,44,158,352.19,0.9345,0.5933,0.235063,41,25,59,303.88,0.5375,0.1490,0.014825,4.397
835175,520,326,846,254,2,255,328.15,1.0000,0.6519,0.283373,72,28,70,329.25,0.6162,0.2087,0.026506,4.357
835182,520,469,989,130,98,212,293.42,0.7043,0.5164,0.182346,17,3,2,29.98,0.6627,0.0441,0.001887,4.478
835201,520,453,973,223,32,121,0.13,0.9208,0.5307,0.181042,33,1,8,9.26,0.8890,0.0673,0.003626,4.308
835213,520,319,839,248,36,247,328.48,0.9867,0.6451,0.279365,20,55,70,229.18,0.6089,0.2182,0.033232,3.957
835222,520,469,989,156,92,185,314.37,0.6179,0.5181,0.182256,1,7,9,213.10,0.6534,0.0398,0.001781,4.485
835232,520,468,988,223,36,74,17.42,0.9373,0.5198,0.174469,7,4,22,289.23,0.6489,0.0445,0.001899,4.325
835236,520,304,824,249,88,215,337.20,0.9604,0.6690,0.320283,75,42,36,31.07,0.4136,0.2259,0.032793,4.472
835250,520,429,949,204,68,177,336.70,0.7859,0.5514,0.201478,22,12,56,287.22,0.7621,0.1002,0.007190,4.397
835258,520,476,996,168,11,248,307.71,0.9918,0.5071,0.153423,0,1,4,253.83,0.9999,0.0166,0.000305,4.044
835281,520,477,997,229,5,15,28.33,0.9972,0.5133,0.168041,1,1,1,0.00,0.0000,0.0164,0.000304,4.335
835284,520,309,829,240,73,248,326.01,0.9740,0.6580,0.300701,85,19,68,340.14,0.7397,0.2188,0.028147,4.488
835292,520,422,942,217,55,177,339.99,0.8569,0.5609,0.206607,51,6,5,27.26,0.8867,0.1103,0.008451,4.390
835297,520,436,956,197,29,244,316.55,0.9753,0.5550,0.192821,3,24,13,158.99,0.8639,0.0878,0.007017,4.259
835316,520,359,879,193,110,220,317.35,0.7399,0.6196,0.276577,38,47,6,121.24,0.8568,0.1847,0.024582,4.379
835318,520,450,970,209,48,174,338.66,0.8582,0.5391,0.187273,5,7,47,271.12,0.9116,0.0693,0.003894,4.403
835323,520,401,921,252,37,39,27.53,0.9882,0.5757,0.221688,50,23,24,18.44,0.4450,0.1404,0.013569,4.274
835339,520,381,901,247,74,23,35.30,0.9773,0.5959,0.247370,34,34,50,284.13,0.2669,0.1562,0.017144,4.429
835344,520,409,929,181,92,206,318.39,0.7235,0.5654,0.219353,46,20,29,359.05,0.4495,0.1296,0.011699,4.366
835355,520,480,1000,227,10,18,28.22,0.9942,0.5102,0.165946,0,0,0,0.00,0.0000,0.0000,0.000000,4.319
835368,520,428,948,212,50,198,332.04,0.8919,0.5600,0.203575,29,1,65,295.06,0.9753,0.1014,0.006646,4.477
835379,520,400,920,235,10,188,340.36,0.9902,0.5772,0.215129,26,29,58,277.06,0.4900,0.1410,0.014038,4.140
835383,520,366,886,240,20,226,331.61,0.9899,0.6116,0.245194,57,23,58,326.33,0.5918,0.1680,0.017882,4.349
835397,520,414,934,198,73,208,324.71,0.8220,0.5659,0.213264,49,11,16,16.14,0.6894,0.1155,0.009298,4.440
835398,520,464,984,227,35,2,31.31,0.9978,0.5202,0.175403,1,1,47,266.32,0.9936,0.0540,0.002334,4.307
835403,520,432,952,191,81,184,330.10,0.7228,0.5507,0.204233,24,11,52,292.63,0.7388,0.0971,0.006815,4.475
835412,520,451,971,211,49,166,341.92,0.8501,0.5392,0.188008,0,14,36,253.90,0.9999,0.0699,0.004414,4.374
835429,520,341,861,220,126,56,53.96,0.8006,0.6330,0.304250,2,58,27,152.67,0.9894,0.2049,0.031180,4.364
835435,520,465,985,204,68,107,6.80,0.7463,0.5213,0.180352,0,6,29,260.04,1.0000,0.0473,0.002189,4.414
835437,520,441,961,229,15,133,356.36,0.9735,0.5403,0.186960,21,14,34,298.48,0.4716,0.0856,0.005890,4.240
835449,520,440,960,227,56,112,6.57,0.8589,0.5531,0.203318,30,13,31,325.07,0.4857,0.0930,0.006628,4.473
835467,520,387,907,236,18,212,334.17,0.9875,0.5950,0.230217,7,18,99,266.75,0.9658,0.1489,0.013785,4.393
835499,520,470,990,172,80,179,324.73,0.6815,0.5173,0.177637,12,4,13,323.60,0.4726,0.0447,0.001941,4.383
835512,520,441,961,199,41,210,325.13,0.9183,0.5391,0.183828,2,25,13,158.79,0.9248,0.0903,0.007372,4.076
835514,520,259,779,220,160,70,74.44,0.7606,0.7055,0.408011,18,75,13,141.96,0.9754,0.2665,0.051896,4.495
835561,520,466,986,117,101,223,285.41,0.7621,0.5176,0.184167,1,4,40,266.04,0.9616,0.0532,0.002465,4.463
835573,520,345,865,204,93,251,314.32,0.9657,0.6289,0.276324,48,40,54,310.47,0.2225,0.1895,0.024123,4.402
835577,520,374,894,226,79,172,345.33,0.8022,0.5991,0.247417,21,27,93,271.76,0.8645,0.1649,0.017335,4.417
835583,520,462,982,224,33,97,9.23,0.9299,0.5256,0.178008,0,5,32,262.07,1.0000,0.0473,0.002128,4.374
835588,520,384,904,219,41,232,324.96,0.9606,0.5883,0.224742,0,11,109,264.20,0.9892,0.1502,0.013433,4.331
835609,520,472,992,188,16,229,317.66,0.9825,0.5231,0.167204,8,1,11,319.02,0.7322,0.0316,0.000975,4.261
835619,520,315,835,254,74,219,336.95,0.9940,0.6647,0.310860,82,37,3,51.71,0.9018,0.2219,0.031238,4.442
835649,520,429,949,243,25,23,28.62,0.9867,0.5498,0.198153,17,26,5,128.28,0.7283,0.1013,0.008689,4.228
835658,520,459,979,227,1,131,356.34,0.9981,0.5323,0.179941,23,3,29,318.27,0.7597,0.0645,0.003360,4.309
835662,520,471,991,163,82,192,316.30,0.6986,0.5155,0.176276,5,3,23,283.82,0.7488,0.0407,0.001592,4.386
835668,520,401,921,245,63,8,34.39,0.9930,0.5798,0.229884,20,32,54,261.81,0.4649,0.1412,0.014480,4.341
835686,520,461,981,188,67,189,327.47,0.7827,0.5308,0.183812,4,11,11,195.76,0.3470,0.0528,0.002893,4.420
835691,520,470,990,214,60,21,34.27,0.9600,0.5158,0.175845,2,7,11,232.53,0.4745,0.0415,0.001890,4.352
835692,520,432,952,232,15,152,350.65,0.9769,0.5544,0.197673,25,16,43,296.75,0.5468,0.1000,0.007517,4.306
835703,520,376,896,237,92,25,40.80,0.9611,0.6007,0.257320,43,37,26,82.49,0.2466,0.1645,0.019113,4.447
835719,520,399,919,255,25,81,17.46,1.0000,0.5821,0.225531,23,15,84,277.96,0.8974,0.1354,0.011638,4.470
835727,520,305,825,237,109,203,338.79,0.8492,0.6716,0.332560,14,53,101,255.90,0.8062,0.2320,0.035790,4.459
835731,520,367,887,250,30,179,346.48,0.9733,0.6070,0.245106,17,47,5,138.22,0.9652,0.1688,0.021631,4.120
835750,520,401,921,255,23,63,21.92,1.0000,0.5783,0.222355,23,30,54,270.27,0.4486,0.1382,0.013770,4.271
835766,520,477,997,204,60,104,6.57,0.7804,0.5108,0.170707,6,0,4,338.03,1.0000,0.0222,0.000475,4.373
835768,520,447,967,233,35,61,22.00,0.9603,0.5376,0.188657,12,3,59,278.01,0.9613,0.0802,0.004590,4.372
835774,520,379,899,239,41,189,341.35,0.9477,0.5970,0.236136,2,24,105,264.19,0.9632,0.1645,0.016860,4.280
835800,520,447,967,209,56,160,343.82,0.8161,0.5387,0.189238,16,18,6,116.31,0.4602,0.0785,0.005559,4.306
835810,520,384,904,239,32,184,342.65,0.9613,0.5896,0.228474,8,41,21,153.24,0.8865,0.1472,0.016916,4.162
835816,520,385,905,229,88,74,28.64,0.8433,0.5857,0.241346,51,27,21,34.85,0.4261,0.1497,0.015419,4.454
835828,520,412,932,254,8,53,23.41,0.9965,0.5709,0.215054,48,14,30,353.57,0.5971,0.1229,0.010363,4.391
835832,520,409,929,214,99,13,48.54,0.9612,0.5709,0.232511,33,31,3,105.55,0.8370,0.1313,0.013099,4.477
835835,520,460,980,138,81,251,293.13,0.9623,0.5284,0.182532,12,8,22,295.97,0.4398,0.0579,0.003098,4.379
835837,520,314,834,255,28,250,329.39,1.0000,0.6560,0.289958,49,22,125,285.07,0.8946,0.2182,0.027074,4.411
835855,520,454,974,217,60,79,18.82,0.8515,0.5292,0.185504,25,5,28,322.50,0.6750,0.0704,0.003991,4.362
835859,520,477,997,170,42,227,312.06,0.9251,0.5062,0.157489,2,0,4,311.99,1.0000,0.0155,0.000217,4.132
835866,520,374,894,211,84,206,329.25,0.8101,0.5986,0.246476,56,23,46,340.18,0.5289,0.1595,0.016509,4.458
835890,520,476,996,115,82,255,284.63,1.0000,0.5099,0.168991,0,2,4,233.51,1.0000,0.0210,0.000522,4.335
835893,520,337,857,244,76,194,342.08,0.9177,0.6369,0.282999,26,46,76,258.29,0.5303,0.1990,0.026953,4.327
835899,520,480,1000,175,75,177,326.82,0.7048,0.5133,0.173216,0,0,0,0.00,0.0000,0.0000,0.000000,4.464
835906,520,330,850,214,133,28,65.75,0.9049,0.6360,0.311569,10,51,83,246.99,0.7854,0.2110,0.030566,4.488
835908,520,464,984,163,44,255,303.78,1.0000,0.5226,0.168085,7,2,39,280.28,0.9349,0.0532,0.002351,4.166
835923,520,433,953,239,40,41,27.30,0.9666,0.5507,0.200317,18,0,75,279.24,1.0000,0.1001,0.006366,4.441
835926,520,444,964,132,90,253,289.51,0.9771,0.5377,0.193095,23,14,3,74.97,0.6247,0.0757,0.005028,4.418
835929,520,442,962,230,43,54,24.59,0.9477,0.5357,0.188201,5,13,51,267.59,0.8762,0.0840,0.005591,4.285
835943,520,416,936,218,8,221,327.60,0.9934,0.5664,0.203017,34,16,50,306.09,0.6191,0.1161,0.009410,4.259
835947,520,463,983,234,20,42,25.26,0.9860,0.5302,0.181631,23,0,7,359.84,1.0000,0.0474,0.001975,4.457
835949,520,337,857,234,79,220,331.70,0.9045,0.6374,0.282541,38,30,109,279.75,0.8210,0.2012,0.024447,4.467
835951,520,407,927,218,45,202,332.49,0.9201,0.5693,0.210487,56,11,12,23.47,0.7834,0.1284,0.011068,4.266
835957,520,407,927,221,21,208,331.62,0.9765,0.5663,0.204649,43,21,25,8.64,0.3873,0.1253,0.011202,4.161
835971,520,277,797,246,106,232,331.61,0.9535,0.6957,0.357296,49,62,45,138.40,0.2878,0.2489,0.042876,4.385
835999,520,389,909,243,8,187,342.41,0.9937,0.5914,0.228193,24,30,69,273.48,0.6163,0.1504,0.015524,4.246
836018,520,377,897,247,77,37,34.15,0.9591,0.6003,0.252189,1,33,83,258.98,0.9779,0.1587,0.017186,4.498
836042,520,304,824,251,115,113,23.04,0.9367,0.6717,0.339661,13,63,54,178.08,0.8271,0.2334,0.039068,4.375
836058,520,478,998,190,39,189,328.45,0.8817,0.5078,0.160739,1,2,5,262.03,0.4486,0.0231,0.000608,4.164
836059,520,468,988,221,13,123,358.17,0.9716,0.5197,0.170927,3,7,7,195.92,0.2864,0.0411,0.001867,4.260
836060,520,479,999,186,36,209,321.69,0.9205,0.5132,0.163057,1,0,5,292.48,1.0000,0.0142,0.000174,4.246
836061,520,455,975,167,85,198,315.80,0.7084,0.5297,0.187905,17,12,4,82.74,0.4534,0.0646,0.003909,4.413
836070,520,446,966,234,44,2,32.22,0.9979,0.5410,0.193013,28,4,37,315.65,0.7754,0.0789,0.004673,4.445
836074,520,463,983,182,68,205,320.47,0.8085,0.5331,0.184883,0,13,9,175.68,1.0000,0.0535,0.003076,4.425
836083,520,470,990,198,72,121,359.53,0.7055,0.5204,0.180228,17,0,14,334.20,1.0000,0.0411,0.001509,4.470
836085,520,479,999,210,37,137,351.60,0.8737,0.5144,0.168332,0,0,2,264.05,1.0000,0.0079,0.000044,4.363
836095,520,466,986,210,65,65,24.74,0.8423,0.5187,0.178662,2,6,27,266.07,0.8172,0.0478,0.002223,4.379
836119,520,418,938,227,73,32,35.10,0.9411,0.5570,0.212030,3,30,36,214.85,0.8077,0.1152,0.010752,4.313
836120,520,443,963,217,15,178,339.02,0.9723,0.5387,0.183101,0,3,66,264.21,0.9919,0.0802,0.004584,4.270
836128,520,461,981,213,30,170,340.65,0.9222,0.5325,0.179792,22,4,6,13.38,0.6023,0.0547,0.002706,4.360
836145,520,411,931,237,65,7,35.27,0.9923,0.5661,0.218036,36,22,22,19.08,0.2631,0.1161,0.010069,4.462
836168,520,448,968,179,85,184,325.51,0.6826,0.5383,0.195425,9,19,16,173.65,0.3175,0.0784,0.005612,4.413
836170,520,479,999,187,36,205,323.06,0.9150,0.5119,0.162357,0,0,3,264.05,1.0000,0.0094,0.000066,4.242
836172,520,454,974,222,7,156,347.00,0.9858,0.5347,0.180844,14,17,5,119.79,0.5016,0.0739,0.005052,4.193
836176,520,466,986,182,76,165,334.22,0.6869,0.5189,0.178319,10,5,21,297.61,0.5620,0.0490,0.002272,4.368
836196,520,446,966,175,47,252,307.92,0.9829,0.5391,0.181761,19,2,53,289.83,0.9411,0.0783,0.004389,4.261
836231,520,335,855,245,101,118,15.87,0.8687,0.6416,0.300309,13,55,41,167.05,0.8095,0.2020,0.029779,4.391
836232,520,449,969,238,15,34,26.52,0.9918,0.5364,0.186376,19,11,25,309.65,0.4046,0.0724,0.004480,4.339
836264,520,451,971,241,17,7,29.44,0.9946,0.5420,0.191204,15,13,29,288.14,0.4179,0.0746,0.004781,4.403
836271,520,344,864,190,120,215,316.72,0.6734,0.6303,0.292873,37,50,6,124.89,0.8866,0.1931,0.026876,4.460
836279,520,355,875,248,46,193,342.34,0.9553,0.6185,0.257639,33,47,3,126.02,0.9408,0.1797,0.023629,4.178
836295,520,338,858,218,99,219,327.21,0.8239,0.6370,0.289454,2,40,109,261.07,0.9791,0.2027,0.026344,4.446
836306,520,459,979,221,56,26,32.38,0.9574,0.5258,0.182778,31,0,8,5.97,1.0000,0.0616,0.003089,4.385
836335,520,477,997,187,31,212,321.30,0.9391,0.5142,0.162996,2,0,14,286.01,1.0000,0.0222,0.000446,4.222
836358,520,407,927,191,107,119,11.52,0.4969,0.5652,0.229251,43,25,27,12.22,0.3020,0.1347,0.012880,4.441
836360,520,341,861,240,17,249,326.31,0.9948,0.6263,0.257684,57,6,114,295.68,0.9547,0.2002,0.022150,4.264
836367,520,426,946,240,44,97,12.47,0.9329,0.5649,0.211929,56,1,8,20.13,0.9738,0.1147,0.008801,4.454
836376,520,380,900,231,43,220,330.95,0.9576,0.6019,0.238865,53,17,70,312.86,0.7321,0.1610,0.016001,4.377
836392,520,449,969,229,15,139,354.31,0.9736,0.5428,0.188666,7,18,10,152.56,0.4781,0.0725,0.004997,4.340
836398,520,441,961,190,75,189,328.03,0.7564,0.5440,0.196548,16,3,65,280.08,0.9630,0.0904,0.005569,4.437
836410,520,344,864,253,79,128,7.89,0.9723,0.6301,0.280365,33,37,92,275.62,0.6784,0.1941,0.024191,4.453
836412,520,396,916,233,80,36,35.93,0.9367,0.5775,0.231912,0,33,61,248.24,1.0000,0.1388,0.014246,4.388
836414,520,397,917,241,63,56,27.56,0.9362,0.5754,0.225446,40,30,7,85.59,0.6716,0.1380,0.013950,4.307
836447,520,472,992,220,28,119,0.04,0.9284,0.5218,0.173807,2,0,25,275.68,1.0000,0.0306,0.000831,4.403
836465,520,435,955,176,63,245,308.82,0.9388,0.5491,0.193785,34,9,28,337.67,0.5934,0.0907,0.006193,4.338
836474,520,37,557,244,245,179,108.62,0.8452,0.9462,0.877929,9,126,96,168.44,0.9778,0.4530,0.158236,4.456
836490,520,401,921,216,71,191,335.50,0.8278,0.5826,0.228691,45,5,78,302.64,0.9097,0.1424,0.012165,4.483
836493,520,372,892,240,29,213,334.87,0.9785,0.6065,0.242109,49,11,92,298.02,0.8797,0.1688,0.016650,4.383
836500,520,478,998,211,23,137,351.22,0.9287,0.5088,0.162701,0,2,1,165.38,1.0000,0.0192,0.000456,4.216
836506,520,418,938,239,41,93,13.39,0.9395,0.5600,0.207301,19,4,87,276.10,0.9799,0.1220,0.009133,4.351
836509,520,469,989,193,62,163,338.29,0.7661,0.5182,0.174287,4,2,33,276.49,0.9325,0.0450,0.001790,4.331
836510,520,388,908,255,28,106,10.24,1.0000,0.5889,0.231349,17,20,90,271.63,0.9169,0.1460,0.013576,4.425
836554,520,432,952,236,27,90,12.86,0.9643,0.5454,0.193581,35,0,57,307.51,1.0000,0.1000,0.006528,4.309
836556,520,209,729,216,175,180,9.99,0.3373,0.7580,0.485551,12,86,43,151.87,0.9697,0.3073,0.069079,4.497
836571,520,406,926,232,37,180,342.32,0.9399,0.5770,0.217770,20,17,80,275.87,0.8813,0.1315,0.011288,4.369
836575,520,478,998,214,45,77,16.60,0.8920,0.5086,0.167112,2,2,2,0.00,0.0000,0.0229,0.000607,4.290
836580,520,364,884,234,73,182,343.43,0.8585,0.6107,0.256376,54,23,71,311.71,0.6611,0.1725,0.018521,4.471
836590,520,392,912,229,49,201,335.61,0.9267,0.5908,0.230742,9,29,78,263.96,0.8652,0.1473,0.014868,4.328
836595,520,349,869,234,81,204,336.52,0.8738,0.6307,0.277394,31,50,9,131.08,0.8761,0.1884,0.025922,4.312
836615,520,459,979,213,68,45,31.73,0.8888,0.5252,0.184722,7,15,11,163.18,0.3201,0.0649,0.004110,4.338
836616,520,479,999,218,45,26,30.47,0.9600,0.5096,0.168594,0,0,3,264.05,1.0000,0.0094,0.000066,4.366
836621,520,429,949,195,9,245,316.06,0.9940,0.5462,0.183915,33,12,41,315.76,0.6190,0.1016,0.007464,4.071
836651,520,382,902,204,96,193,331.42,0.7150,0.5974,0.250549,60,27,3,53.05,0.8457,0.1618,0.017512,4.452
836658,520,373,893,251,42,138,0.05,0.9654,0.5978,0.240036,50,32,30,26.22,0.2747,0.1623,0.018049,4.262
836662,520,288,808,254,118,109,25.90,0.9840,0.6805,0.351350,6,67,53,172.31,0.9424,0.2445,0.043099,4.311
836672,520,363,883,232,40,228,329.19,0.9680,0.6071,0.242773,49,20,87,298.40,0.7779,0.1746,0.018414,4.279
836677,520,396,916,247,57,48,28.33,0.9652,0.5807,0.229173,24,33,37,226.81,0.1881,0.1375,0.014154,4.352
836700,520,465,985,231,15,24,27.80,0.9913,0.5206,0.173996,23,1,15,342.93,0.8016,0.0527,0.002384,4.276
836705,520,344,864,249,67,187,345.07,0.9507,0.6334,0.277450,30,42,73,266.75,0.4818,0.1887,0.024129,4.417
836710,520,411,931,248,9,119,4.38,0.9920,0.5727,0.214873,37,21,33,336.23,0.3466,0.1197,0.010395,4.386
836726,520,480,1000,189,31,195,326.49,0.9178,0.5051,0.157404,0,0,0,0.00,0.0000,0.0000,0.000000,4.148
836733,520,464,984,190,49,194,326.85,0.8559,0.5190,0.170403,2,6,26,265.81,0.7990,0.0471,0.002177,4.224
836734,520,381,901,243,83,34,36.35,0.9544,0.5999,0.253599,36,31,69,286.80,0.5388,0.1637,0.017847,4.475
836763,520,429,949,175,79,217,313.97,0.7996,0.5453,0.197166,46,5,10,18.09,0.8192,0.0997,0.007114,4.328
836765,520,386,906,252,57,33,30.80,0.9870,0.5894,0.237352,57,26,2,55.00,0.8762,0.1543,0.016132,4.345
836771,520,416,936,202,56,224,322.03,0.9073,0.5656,0.207683,32,25,34,318.65,0.2105,0.1229,0.011178,4.212
836774,520,417,937,250,5,106,8.73,0.9960,0.5722,0.214768,35,12,60,301.48,0.7575,0.1192,0.009465,4.452
836775,520,403,923,249,28,112,7.49,0.9708,0.5783,0.221436,2,38,20,157.04,0.9683,0.1343,0.014496,4.209
836776,520,456,976,198,40,193,329.60,0.8941,0.5251,0.173753,10,13,16,248.36,0.1361,0.0641,0.003898,4.151
836777,520,417,937,252,21,10,29.44,0.9939,0.5669,0.212575,34,6,71,295.55,0.8916,0.1209,0.009253,4.431
836779,520,362,882,216,72,234,323.06,0.9108,0.6100,0.251760,23,28,102,271.95,0.8847,0.1781,0.019719,4.328
836809,520,398,918,226,12,213,331.55,0.9902,0.5761,0.212382,66,3,9,22.66,0.9533,0.1398,0.012433,4.203
836812,520,471,991,219,42,71,18.77,0.9183,0.5152,0.171736,4,5,22,275.43,0.6476,0.0440,0.001923,4.270
836827,520,419,939,242,50,22,31.30,0.9791,0.5627,0.212197,31,12,59,297.17,0.7575,0.1131,0.008700,4.467
836828,520,365,885,242,19,216,334.53,0.9893,0.6086,0.243038,14,47,18,145.79,0.8986,0.1693,0.021700,4.087
836845,520,388,908,243,23,174,346.33,0.9760,0.5885,0.227266,32,0,104,281.78,1.0000,0.1521,0.013065,4.397
836853,520,480,1000,223,34,27,28.81,0.9689,0.5122,0.169140,0,0,0,0.00,0.0000,0.0000,0.000000,4.383
836858,520,305,825,253,79,222,335.97,0.9884,0.6696,0.317516,74,47,20,63.61,0.6116,0.2326,0.035396,4.304
836877,520,443,963,218,4,180,338.61,0.9929,0.5392,0.182899,8,21,21,195.66,0.3885,0.0850,0.006421,4.128
836881,520,478,998,140,100,172,308.73,0.5006,0.5052,0.176687,1,1,6,278.68,0.6638,0.0197,0.000413,4.497
836897,520,441,961,239,1,90,12.16,0.9990,0.5442,0.191139,23,13,40,298.23,0.5802,0.0899,0.006232,4.288
836900,520,419,939,236,6,143,354.27,0.9916,0.5564,0.199493,24,3,76,283.91,0.9657,0.1112,0.007811,4.316
836906,520,418,938,188,103,126,3.55,0.5036,0.5555,0.218996,18,28,43,258.29,0.3790,0.1219,0.011335,4.386
836925,520,355,875,211,81,242,319.29,0.9272,0.6177,0.261461,70,23,27,17.98,0.6381,0.1774,0.019942,4.453
836935,520,472,992,205,61,132,354.39,0.7738,0.5239,0.179846,2,5,5,195.85,0.3113,0.0339,0.001324,4.478
836971,520,446,966,180,63,223,315.21,0.8673,0.5374,0.185871,18,6,46,290.55,0.8068,0.0773,0.004561,4.323
837030,520,447,967,241,15,30,27.17,0.9925,0.5425,0.191396,37,7,6,25.96,0.7319,0.0849,0.005585,4.343
837033,520,410,930,203,74,201,328.41,0.8108,0.5706,0.218128,57,11,26,4.88,0.7170,0.1342,0.011839,4.336
837038,520,465,985,216,28,137,352.58,0.9196,0.5210,0.172380,8,7,19,286.75,0.4206,0.0507,0.002506,4.235
837089,520,463,983,201,67,146,347.93,0.7467,0.5296,0.185090,17,2,29,307.98,0.8143,0.0547,0.002513,4.477
837102,520,441,961,207,85,26,42.17,0.9129,0.5363,0.198391,42,4,13,10.44,0.7930,0.0910,0.006082,4.429
837115,520,476,996,224,8,41,24.47,0.9938,0.5051,0.161839,0,1,16,263.65,1.0015,0.0242,0.000591,4.187
837134,520,335,855,250,88,154,358.79,0.9275,0.6438,0.296397,35,54,10,130.03,0.8727,0.2046,0.030175,4.321
837143,520,354,874,227,107,128,11.05,0.7059,0.6239,0.284072,10,52,13,144.16,0.9626,0.1840,0.025495,4.425
837144,520,352,872,201,121,147,359.38,0.4880,0.6157,0.282003,32,44,65,261.25,0.3634,0.1904,0.024900,4.433
837150,520,445,965,222,11,159,346.08,0.9786,0.5371,0.182747,4,8,52,268.74,0.9341,0.0754,0.004474,4.273
837156,520,459,979,216,6,166,342.38,0.9867,0.5279,0.174847,3,17,2,141.34,0.9412,0.0647,0.004246,4.145
837199,520,478,998,216,45,84,14.24,0.8879,0.5143,0.171183,1,1,5,279.71,0.6028,0.0191,0.000391,4.389
837205,520,376,896,236,49,193,339.63,0.9304,0.5988,0.238825,71,11,21,16.85,0.8186,0.1617,0.016333,4.354
837224,520,410,930,236,68,60,27.51,0.9111,0.5714,0.222964,7,34,43,223.55,0.6825,0.1330,0.013636,4.289
837227,520,437,957,225,69,42,32.27,0.9180,0.5492,0.204337,7,15,56,268.66,0.8643,0.0940,0.006723,4.484
837233,520,458,978,231,32,44,25.68,0.9705,0.5295,0.182068,5,14,18,225.52,0.3916,0.0634,0.003900,4.306
837292,520,394,914,232,36,209,334.06,0.9615,0.5930,0.230236,64,4,23,8.79,0.8719,0.1397,0.012389,4.492
837294,520,467,987,201,35,184,333.14,0.9020,0.5214,0.170821,20,0,7,355.75,1.0000,0.0427,0.001641,4.276
837304,520,325,845,241,110,121,17.10,0.8157,0.6494,0.312359,39,47,81,272.40,0.4477,0.2149,0.030584,4.497
837309,520,270,790,241,133,166,1.40,0.7551,0.7015,0.382314,16,65,94,239.73,0.7615,0.2618,0.046987,4.457
837312,520,397,917,189,91,216,318.47,0.7740,0.5816,0.232600,3,33,65,253.00,0.8698,0.1433,0.014886,4.355
837342,520,414,934,217,67,172,342.18,0.8130,0.5700,0.217468,46,20,8,44.56,0.6356,0.1239,0.010988,4.386
837356,520,417,937,175,77,251,306.20,0.9649,0.5686,0.213874,51,3,48,331.03,0.8385,0.1240,0.009824,4.411
837363,520,424,944,193,87,180,332.39,0.6920,0.5602,0.214506,8,32,7,142.62,0.9197,0.1146,0.011000,4.336
837370,520,335,855,222,84,240,322.90,0.9273,0.6364,0.281634,60,38,43,4.45,0.2825,0.1958,0.025214,4.409
837376,520,451,971,183,65,217,317.64,0.8494,0.5397,0.188588,10,11,35,277.79,0.6153,0.0703,0.004252,4.398
837389,520,258,778,244,126,197,344.81,0.8575,0.7058,0.381885,60,61,86,282.31,0.2741,0.2745,0.049700,4.332
837396,520,398,918,206,48,249,317.45,0.9717,0.5843,0.220769,11,11,95,269.33,0.9746,0.1358,0.011366,4.412
837400,520,246,766,249,133,218,338.17,0.9431,0.7335,0.419792,69,68,22,107.99,0.6958,0.2824,0.054574,4.492
837402,520,423,943,229,15,170,344.31,0.9779,0.5572,0.199047,17,23,42,269.55,0.4302,0.1075,0.008991,4.222
837464,520,470,990,172,91,141,343.73,0.5290,0.5155,0.181770,18,2,7,357.64,0.6750,0.0448,0.001874,4.468
837465,520,380,900,238,37,202,337.38,0.9613,0.6001,0.237674,55,28,20,37.31,0.4784,0.1582,0.016933,4.298
837482,520,466,986,211,60,98,10.40,0.8065,0.5223,0.179647,19,4,16,334.81,0.5815,0.0541,0.002627,4.364
837491,520,288,808,250,113,152,4.49,0.8932,0.6776,0.344042,6,63,74,214.81,0.8916,0.2409,0.040879,4.336
837494,520,422,942,249,21,47,24.90,0.9889,0.5630,0.208850,10,16,71,270.02,0.9097,0.1132,0.008900,4.395
837497,520,471,991,212,12,170,340.19,0.9729,0.5238,0.171645,9,0,30,293.44,1.0000,0.0424,0.001518,4.302
837500,520,465,985,204,28,172,337.63,0.9174,0.5158,0.166484,3,4,36,271.16,0.9199,0.0513,0.002336,4.136
837508,520,312,832,244,114,135,12.03,0.8234,0.6644,0.330198,2,60,58,191.06,0.9661,0.2221,0.035499,4.447
837509,520,347,867,235,35,255,323.72,1.0000,0.6283,0.260867,72,28,7,43.50,0.8070,0.1863,0.022238,4.303
837512,520,303,823,219,144,60,65.44,0.7864,0.6685,0.353347,11,66,4,141.46,0.9909,0.2322,0.039762,4.494
837517,520,466,986,205,74,67,26.60,0.7925,0.5213,0.182841,9,7,8,345.11,0.0893,0.0472,0.002276,4.454
837523,520,414,934,253,4,91,13.64,0.9974,0.5745,0.217286,45,7,56,317.39,0.7960,0.1244,0.009954,4.458
837533,520,344,864,250,5,239,330.80,0.9986,0.6347,0.266676,20,50,41,171.47,0.5700,0.1887,0.025899,4.172
837536,520,332,852,237,44,254,324.31,0.9964,0.6354,0.269641,41,47,40,141.17,0.1390,0.1950,0.026576,4.174
837571,520,366,886,226,54,237,325.38,0.9525,0.6121,0.249237,58,27,52,334.79,0.4974,0.1734,0.019314,4.317
837585,520,471,991,214,47,115,1.91,0.8493,0.5210,0.175694,1,8,15,237.62,0.7118,0.0447,0.002146,4.328
837595,520,330,850,253,62,188,345.43,0.9830,0.6366,0.279620,85,26,14,33.33,0.8139,0.2093,0.027021,4.280
837604,520,429,949,224,3,172,342.43,0.9949,0.5460,0.188936,30,19,6,70.45,0.5444,0.0969,0.007549,4.152
837606,520,420,940,246,32,52,24.53,0.9772,0.5619,0.208773,29,22,36,306.96,0.3050,0.1132,0.009624,4.340
837633,520,477,997,222,41,25,29.98,0.9658,0.5148,0.171884,2,1,5,297.38,0.5651,0.0207,0.000456,4.398
837635,520,354,874,246,64,178,347.13,0.9269,0.6212,0.264771,33,47,29,138.84,0.4023,0.1842,0.024450,4.228
837641,520,414,934,214,21,225,325.56,0.9809,0.5656,0.202707,1,34,8,147.82,0.9907,0.1178,0.011680,4.097
837643,520,394,914,248,2,169,348.60,0.9984,0.5909,0.228678,36,23,57,299.20,0.5538,0.1372,0.012833,4.435
837667,520,417,937,251,23,49,24.70,0.9879,0.5681,0.213475,6,22,65,264.36,0.8715,0.1170,0.009941,4.396
837675,520,447,967,158,84,235,302.89,0.8516,0.5432,0.196083,18,17,20,300.93,0.0851,0.0821,0.005800,4.410
837681,520,384,904,240,34,178,344.70,0.9562,0.5894,0.228867,28,34,55,271.15,0.3690,0.1535,0.016667,4.183
837693,520,430,950,199,79,169,338.60,0.7193,0.5526,0.206003,14,25,18,156.03,0.3421,0.0992,0.008323,4.389
837717,520,405,925,207,75,196,331.24,0.8046,0.5753,0.222849,22,30,38,248.68,0.2318,0.1278,0.012390,4.373
837732,520,463,983,206,67,114,3.68,0.7537,0.5260,0.183531,5,3,36,276.71,0.9098,0.0509,0.002248,4.470
837758,520,405,925,237,55,134,359.89,0.8861,0.5787,0.224611,5,38,9,145.44,0.9634,0.1334,0.014382,4.265
837761,520,479,999,229,9,10,28.88,0.9952,0.5140,0.168783,3,0,0,29.23,1.0000,0.0143,0.000194,4.359
837762,520,449,969,228,50,60,23.93,0.9271,0.5380,0.191043,13,9,42,282.73,0.7313,0.0744,0.004481,4.424
837780,520,459,979,197,11,215,323.61,0.9855,0.5260,0.170176,7,8,33,276.29,0.6939,0.0607,0.003286,4.132
837797,520,469,989,224,37,4,31.46,0.9953,0.5152,0.171820,12,0,22,309.99,1.0000,0.0395,0.001361,4.319
837810,520,381,901,244,0,209,336.71,1.0000,0.6042,0.238396,45,33,46,323.83,0.2572,0.1644,0.018429,4.215
837811,520,312,832,226,105,224,328.11,0.8500,0.6602,0.316557,39,51,72,261.33,0.3263,0.2199,0.032668,4.434
837816,520,373,893,240,42,189,341.60,0.9473,0.5994,0.238583,14,17,106,269.23,0.9656,0.1596,0.015348,4.416
837820,520,439,959,230,50,92,13.70,0.8999,0.5483,0.198798,26,6,54,296.50,0.8328,0.0937,0.006162,4.430
837831,520,354,874,249,10,223,334.34,0.9962,0.6236,0.256877,40,29,89,286.23,0.7094,0.1810,0.020511,4.352
837842,520,411,931,225,48,171,343.78,0.8904,0.5666,0.210643,39,0,75,299.79,1.0000,0.1247,0.009394,4.388
837880,520,282,802,227,110,254,319.77,0.9927,0.6864,0.346403,28,59,98,255.24,0.6221,0.2522,0.042565,4.282
837888,520,442,962,237,28,25,28.58,0.9821,0.5385,0.189085,24,13,14,13.22,0.2700,0.0778,0.005138,4.336
837894,520,433,953,198,6,242,317.55,0.9958,0.5480,0.185483,17,20,48,275.85,0.5693,0.1045,0.008329,4.037
837897,520,389,909,254,50,66,23.50,0.9943,0.5914,0.237491,8,21,96,266.82,0.9519,0.1505,0.014324,4.469
837904,520,401,921,216,84,163,346.63,0.7401,0.5845,0.235860,19,37,35,186.78,0.3656,0.1447,0.015829,4.342
837905,520,466,986,218,10,150,348.07,0.9769,0.5245,0.173270,25,1,9,359.10,0.8203,0.0537,0.002481,4.254
837912,520,228,748,235,142,247,322.84,0.9395,0.7440,0.437252,31,78,47,152.44,0.7646,0.2878,0.059451,4.452
837925,520,314,834,247,57,254,326.52,0.9967,0.6601,0.298589,70,27,97,309.40,0.7347,0.2239,0.029491,4.385
837945,520,281,801,244,99,237,329.60,0.9514,0.6863,0.342737,18,58,106,255.23,0.7729,0.2511,0.041951,4.271
837969,520,402,922,212,3,254,318.61,0.9987,0.5802,0.212197,24,29,50,272.73,0.3971,0.1337,0.013032,4.160
837973,520,471,991,225,34,2,31.24,0.9977,0.5153,0.171589,14,3,1,41.31,0.6958,0.0399,0.001607,4.294
837988,520,400,920,229,75,110,10.91,0.8099,0.5766,0.228187,20,36,29,165.10,0.3629,0.1400,0.014991,4.280
838010,520,442,962,202,20,222,323.16,0.9769,0.5424,0.183325,38,1,26,343.62,0.8633,0.0835,0.005084,4.236
838017,520,358,878,246,93,27,39.87,0.9677,0.6184,0.275039,39,43,45,229.08,0.0642,0.1835,0.023485,4.423
838022,520,480,1000,182,39,217,318.34,0.9220,0.5148,0.164071,0,0,0,0.00,0.0000,0.0000,0.000000,4.281
838031,520,444,964,193,33,228,319.03,0.9553,0.5377,0.180280,1,1,69,265.19,0.9973,0.0815,0.004578,4.219
838033,520,231,751,255,150,116,38.67,1.0000,0.7396,0.443365,44,76,57,157.00,0.4591,0.2918,0.059996,4.485
838035,520,390,910,254,36,110,9.34,0.9920,0.5916,0.234621,13,42,22,151.30,0.7920,0.1530,0.017994,4.186
838046,520,442,962,211,59,158,345.26,0.8091,0.5442,0.194476,6,12,49,269.44,0.8564,0.0809,0.005234,4.426
838061,520,454,974,227,52,18,32.43,0.9770,0.5337,0.188334,3,14,39,261.39,0.8012,0.0744,0.004799,4.349
838074,520,357,877,239,48,218,333.41,0.9568,0.6177,0.255293,57,21,77,311.10,0.7169,0.1787,0.019421,4.398
838075,520,462,982,182,22,245,312.26,0.9812,0.5292,0.171126,15,2,18,321.23,0.7181,0.0455,0.001887,4.262
838084,520,445,965,215,69,79,20.77,0.8173,0.5357,0.192702,7,14,37,267.77,0.6406,0.0758,0.004928,4.419
838090,520,382,902,220,65,212,330.19,0.8914,0.5953,0.237518,60,0,72,319.77,1.0000,0.1564,0.014287,4.472
838096,520,390,910,235,11,213,333.68,0.9928,0.5922,0.227083,15,41,27,157.92,0.6421,0.1521,0.017665,4.095
838104,520,364,884,239,63,175,346.46,0.8897,0.6063,0.250038,3,22,112,264.82,0.9714,0.1705,0.017629,4.437
838115,520,386,906,231,41,200,336.31,0.9449,0.5886,0.227475,10,43,17,147.66,0.9119,0.1539,0.018327,4.061
838117,520,398,918,232,61,143,356.12,0.8548,0.5780,0.224793,36,31,14,93.52,0.4481,0.1367,0.013868,4.303
838121,520,478,998,205,59,87,14.11,0.8047,0.5068,0.167974,0,3,0,142.50,1.0000,0.0226,0.000651,4.303
838124,520,433,953,241,35,39,27.17,0.9743,0.5517,0.200527,43,11,9,26.54,0.6851,0.1027,0.007727,4.340
838131,520,451,971,237,8,67,18.98,0.9935,0.5367,0.185867,22,13,7,55.99,0.3530,0.0734,0.004738,4.309
838134,520,231,751,249,131,236,331.47,0.9662,0.7388,0.424308,63,74,19,119.96,0.7874,0.2934,0.060013,4.311
838142,520,400,920,228,8,214,331.78,0.9939,0.5796,0.215252,45,20,56,314.42,0.6035,0.1429,0.013438,4.181
838162,520,460,980,226,1,140,353.08,0.9980,0.5340,0.180867,20,6,25,316.82,0.5907,0.0640,0.003492,4.316
838163,520,365,885,247,14,212,336.65,0.9931,0.6141,0.248448,52,2,100,298.12,0.9777,0.1737,0.016936,4.459
838215,520,400,920,172,90,254,303.35,0.9874,0.5845,0.232393,44,19,61,309.18,0.6544,0.1434,0.013382,4.455
838217,520,443,963,230,54,30,31.16,0.9584,0.5423,0.195580,13,16,36,275.14,0.4934,0.0838,0.005835,4.398
838221,520,455,975,224,53,73,20.19,0.8981,0.5348,0.188773,8,10,28,275.88,0.5326,0.0621,0.003525,4.461
838229,520,452,972,211,67,95,13.18,0.7846,0.5295,0.186917,12,16,17,214.51,0.1141,0.0732,0.004892,4.316
838232,520,433,953,225,63,63,25.37,0.8906,0.5451,0.199242,31,17,30,329.21,0.3699,0.1016,0.007860,4.308
838239,520,379,899,195,88,234,315.87,0.8645,0.5978,0.245233,61,6,72,320.01,0.8524,0.1641,0.015904,4.480
838243,520,319,839,233,91,221,331.17,0.8882,0.6503,0.300286,99,3,38,8.70,0.9507,0.2220,0.028582,4.458
838251,520,388,908,211,49,247,319.22,0.9646,0.5913,0.227626,30,32,61,278.88,0.4598,0.1542,0.016459,4.177
838252,520,404,924,227,88,32,39.65,0.9305,0.5773,0.234173,12,33,41,225.37,0.5156,0.1313,0.013259,4.492
838286,520,412,932,217,43,204,331.67,0.9260,0.5674,0.208413,1,34,19,159.82,0.9787,0.1202,0.011975,4.170
838296,520,355,875,233,50,232,328.40,0.9592,0.6176,0.254335,8,41,77,253.81,0.8006,0.1772,0.021732,4.243
838299,520,343,863,245,33,238,329.88,0.9853,0.6327,0.266761,41,45,28,119.08,0.3223,0.1855,0.024320,4.262
838341,520,430,950,192,57,225,318.77,0.8970,0.5513,0.195703,10,24,24,195.68,0.3794,0.0959,0.007837,4.248
838356,520,300,820,243,118,150,5.66,0.8005,0.6738,0.342163,25,58,74,231.73,0.5482,0.2321,0.037271,4.494
838363,520,469,989,179,79,166,332.74,0.6679,0.5190,0.179301,19,0,2,15.16,1.0000,0.0392,0.001429,4.459
838368,520,417,937,218,72,158,348.07,0.7845,0.5707,0.220110,20,23,59,275.86,0.6342,0.1225,0.010772,4.445
838369,520,2,522,255,255,255,0.00,0.0000,1.0000,1.000000,29,136,81,155.10,0.9467,0.4840,0.184628,4.475
838388,520,462,982,197,18,218,322.80,0.9764,0.5302,0.173665,4,11,8,169.09,0.3846,0.0518,0.002827,4.234
838391,520,420,940,204,54,218,324.20,0.9036,0.5629,0.205394,34,5,62,301.24,0.8728,0.1104,0.007964,4.406
838410,520,443,963,194,7,240,316.91,0.9947,0.5399,0.179140,18,19,7,112.48,0.4294,0.0832,0.006097,4.085
838431,520,480,1000,193,41,180,332.09,0.8639,0.5086,0.162203,0,0,0,0.00,0.0000,0.0000,0.000000,4.244
838457,520,467,987,215,62,29,33.48,0.9406,0.5205,0.179835,8,2,27,291.24,0.8307,0.0440,0.001742,4.442
838476,520,429,949,209,74,130,358.14,0.7336,0.5458,0.200667,41,11,4,36.66,0.7644,0.0980,0.007196,4.383
838489,520,385,905,217,83,168,344.76,0.7536,0.5871,0.237675,18,28,79,269.89,0.7910,0.1506,0.015235,4.410
838500,520,326,846,180,128,237,304.55,0.7716,0.6461,0.312565,29,56,7,134.40,0.9466,0.2065,0.031048,4.473
838514,520,334,854,221,107,188,339.67,0.7229,0.6374,0.295204,37,40,92,277.04,0.6252,0.2044,0.026835,4.493
838523,520,478,998,139,82,229,297.11,0.8291,0.5121,0.171808,2,2,3,285.17,0.1539,0.0234,0.000629,4.381
838524,520,398,918,232,74,97,16.30,0.8392,0.5775,0.229193,10,38,33,179.60,0.6556,0.1421,0.015605,4.256
838526,520,375,895,223,45,232,325.94,0.9578,0.5975,0.233931,35,31,61,288.05,0.4577,0.1568,0.016742,4.254
838535,520,455,975,155,84,225,303.91,0.8059,0.5315,0.187459,25,2,16,344.73,0.7490,0.0584,0.002875,4.491
838539,520,394,914,242,55,131,1.90,0.9006,0.5872,0.232515,55,12,50,332.85,0.7151,0.1433,0.013056,4.480
838548,520,476,996,214,38,106,4.58,0.8866,0.5112,0.167254,0,1,12,262.93,1.0003,0.0216,0.000482,4.304
838588,520,421,941,240,22,104,8.49,0.9731,0.5553,0.201018,13,29,12,142.79,0.6478,0.1089,0.009908,4.190
838594,520,384,904,194,84,229,317.08,0.8498,0.5876,0.234683,59,12,43,344.31,0.7116,0.1467,0.013673,4.471
838605,520,447,967,179,78,205,318.88,0.7708,0.5414,0.194413,35,2,18,353.71,0.8016,0.0761,0.004445,4.489
838615,520,442,962,195,72,178,333.59,0.7545,0.5418,0.194528,7,3,65,271.50,0.9820,0.0838,0.004919,4.453
838620,520,351,871,200,119,187,333.01,0.5799,0.6272,0.290622,15,51,33,158.50,0.7755,0.1869,0.025789,4.494
838622,520,384,904,221,14,246,322.50,0.9936,0.5911,0.223421,65,7,40,351.26,0.7918,0.1517,0.014292,4.253
838632,520,331,851,247,11,251,327.47,0.9974,0.6385,0.269814,45,18,119,284.61,0.9118,0.2021,0.023224,4.368
838633,520,446,966,200,60,184,332.96,0.8159,0.5400,0.189735,17,12,30,295.00,0.4621,0.0750,0.004759,4.378
838642,520,341,861,253,38,201,341.04,0.9876,0.6274,0.264892,89,9,7,28.31,0.9502,0.1975,0.023349,4.293
838648,520,461,981,184,13,245,312.98,0.9904,0.5295,0.170719,12,7,12,326.33,0.2457,0.0513,0.002567,4.199
838663,520,423,943,235,55,74,20.96,0.9166,0.5587,0.208920,20,3,78,279.51,0.9753,0.1099,0.007639,4.492
838666,520,302,822,248,102,171,353.61,0.8958,0.6651,0.324024,71,46,24,60.95,0.5231,0.2262,0.033597,4.474
838673,520,407,927,240,12,156,351.02,0.9863,0.5712,0.211916,31,25,49,294.07,0.4269,0.1302,0.012083,4.219
838675,520,459,979,215,61,91,14.09,0.8240,0.5292,0.185423,11,12,3,113.16,0.5245,0.0586,0.003407,4.408
838677,520,465,985,194,85,46,39.39,0.7954,0.5151,0.181654,10,9,0,106.17,1.0000,0.0500,0.002599,4.404
838680,520,449,969,203,77,121,1.73,0.6994,0.5360,0.193867,23,10,10,19.84,0.3512,0.0694,0.004212,4.498
838681,520,409,929,212,84,152,350.32,0.7145,0.5731,0.226067,37,26,25,24.50,0.1950,0.1280,0.012023,4.451
838683,520,384,904,245,60,98,14.71,0.9263,0.5878,0.235294,37,8,94,287.76,0.9315,0.1529,0.013751,4.475
838695,520,443,963,232,36,89,13.40,0.9409,0.5416,0.191418,17,8,45,288.26,0.7593,0.0789,0.004823,4.404
838713,520,479,999,219,29,75,15.97,0.9478,0.5076,0.164495,0,0,8,264.05,1.0000,0.0143,0.000175,4.275
838716,520,430,950,239,15,108,6.71,0.9823,0.5522,0.197783,1,22,46,251.89,0.9049,0.0977,0.007775,4.289
838724,520,451,971,216,52,136,354.45,0.8344,0.5371,0.188349,14,0,52,284.78,1.0000,0.0686,0.003413,4.462
838730,520,439,959,204,5,230,321.88,0.9957,0.5482,0.186608,3,17,54,263.09,0.8995,0.0938,0.006866,4.161
838747,520,418,938,202,97,83,29.33,0.6578,0.5551,0.217323,39,14,56,308.74,0.6996,0.1243,0.010310,4.433
838748,520,410,930,216,97,37,43.82,0.8795,0.5723,0.232842,12,37,10,142.20,0.8964,0.1335,0.014232,4.403
838760,520,454,974,142,100,208,299.41,0.6741,0.5307,0.194194,27,11,1,59.43,0.8180,0.0744,0.004746,4.461
838763,520,386,906,238,73,108,12.47,0.8632,0.5903,0.240280,21,34,53,257.77,0.4258,0.1467,0.015605,4.425
838773,520,465,985,220,41,81,15.28,0.9122,0.5186,0.173983,24,0,5,7.04,1.0000,0.0484,0.002052,4.303
838777,520,6,526,249,252,249,145.54,0.3950,0.9860,0.966000,38,134,41,143.45,0.9653,0.4730,0.176217,4.491
838781,520,457,977,190,30,232,317.29,0.9632,0.5344,0.177032,14,10,18,307.16,0.2679,0.0619,0.003541,4.240
838796,520,366,886,242,1,218,334.01,0.9995,0.6062,0.239638,63,0,78,318.20,1.0000,0.1672,0.016070,4.384
838826,520,446,966,206,31,207,327.97,0.9464,0.5432,0.186087,16,14,29,288.92,0.3866,0.0776,0.005129,4.282
838828,520,362,882,227,76,193,338.04,0.8468,0.6076,0.253524,23,46,39,172.33,0.4355,0.1769,0.022826,4.168
838831,520,374,894,247,53,140,359.44,0.9308,0.5983,0.242171,40,1,106,286.92,0.9932,0.1645,0.015134,4.486
838832,520,468,988,211,6,174,338.67,0.9863,0.5228,0.170373,11,3,11,327.17,0.5136,0.0403,0.001604,4.270
838863,520,330,850,229,101,190,340.89,0.7871,0.6415,0.296853,72,41,4,64.83,0.8707,0.2133,0.029725,4.351
838872,520,304,824,252,81,215,337.76,0.9803,0.6662,0.314896,21,33,139,268.29,0.9497,0.2302,0.031110,4.499
838876,520,381,901,206,65,254,315.76,0.9939,0.6020,0.240596,62,1,72,321.21,0.9616,0.1610,0.015139,4.461
838885,520,378,898,238,58,173,346.64,0.8972,0.5992,0.242233,10,32,81,263.19,0.8536,0.1579,0.016915,4.367
838895,520,237,757,225,154,190,347.81,0.5699,0.7281,0.428380,24,81,5,139.79,0.9908,0.2886,0.060898,4.314
838908,520,463,983,237,6,46,23.96,0.9962,0.5333,0.183353,0,3,41,264.01,1.0042,0.0510,0.002252,4.466
838921,520,396,916,254,10,105,9.71,0.9933,0.5812,0.223116,36,23,57,299.20,0.5538,0.1372,0.012833,4.347
838930,520,418,938,245,26,36,27.00,0.9851,0.5554,0.202822,40,3,61,309.06,0.9008,0.1156,0.008532,4.319
838945,520,453,973,217,62,69,22.89,0.8629,0.5294,0.186291,2,13,31,255.47,0.7628,0.0657,0.003997,4.376
838947,520,319,839,225,127,86,42.90,0.7083,0.6465,0.318604,45,55,41,136.82,0.2495,0.2229,0.034503,4.362
838954,520,180,700,221,175,241,315.44,0.7636,0.7873,0.523838,2,94,18,144.35,0.9981,0.3292,0.080616,4.393
838958,520,477,997,201,71,78,20.84,0.7611,0.5119,0.174761,0,1,11,262.64,1.0001,0.0210,0.000459,4.454
838959,520,364,884,232,13,242,326.04,0.9948,0.6067,0.238569,75,1,39,357.05,0.9537,0.1666,0.016643,4.330
838961,520,349,869,233,53,243,325.73,0.9641,0.6269,0.263433,22,30,108,270.53,0.8992,0.1881,0.021817,4.364
838975,520,244,764,226,142,247,319.40,0.9217,0.7326,0.422316,47,71,73,202.53,0.2759,0.2847,0.055917,4.459
838987,520,367,887,236,101,41,41.66,0.9184,0.6135,0.273032,16,47,26,151.84,0.7665,0.1720,0.022177,4.476
838988,520,474,994,219,18,133,354.32,0.9562,0.5211,0.171887,10,2,6,344.91,0.5358,0.0346,0.001211,4.333
839001,520,406,926,191,80,228,316.58,0.8505,0.5774,0.224163,42,27,14,61.16,0.4496,0.1344,0.013079,4.346
839008,520,284,804,223,150,64,67.13,0.7870,0.6871,0.378727,24,70,33,147.54,0.8846,0.2547,0.046841,4.427
839025,520,408,928,250,39,18,30.25,0.9871,0.5714,0.218224,5,24,73,263.68,0.9102,0.1290,0.011665,4.350
839027,520,452,972,233,22,40,25.73,0.9841,0.5286,0.180538,6,15,33,261.86,0.5852,0.0746,0.004902,4.199
839028,520,339,859,252,86,131,7.82,0.9550,0.6374,0.289930,63,39,39,19.40,0.3042,0.2012,0.026544,4.441
839057,520,390,910,191,93,224,316.78,0.8045,0.5925,0.242880,38,34,1,102.73,0.9503,0.1454,0.015583,4.466
839060,520,421,941,209,28,223,324.70,0.9678,0.5582,0.197154,34,18,33,329.00,0.3991,0.1093,0.008825,4.201
839066,520,401,921,160,100,244,299.68,0.8725,0.5777,0.231199,36,21,65,295.55,0.6562,0.1396,0.012931,4.468
839068,520,428,948,235,40,116,4.72,0.9241,0.5577,0.204437,49,2,2,27.78,0.9632,0.0996,0.007009,4.463
839079,520,363,883,250,55,144,358.78,0.9523,0.6070,0.250734,17,26,102,269.40,0.9207,0.1708,0.018172,4.411
839086,520,366,886,242,77,127,6.30,0.8714,0.6076,0.257204,22,42,50,225.57,0.3934,0.1688,0.020567,4.353
839100,520,351,871,250,91,61,32.77,0.9642,0.6258,0.281465,17,52,16,142.94,0.9200,0.1873,0.026125,4.354
839119,520,370,890,234,0,240,326.99,1.0000,0.6064,0.237862,39,32,68,290.32,0.5079,0.1684,0.018817,4.183
839130,520,27,547,245,244,254,290.75,0.7950,0.9660,0.912696,20,130,60,149.58,0.9789,0.4585,0.164395,4.490
839132,520,466,986,228,29,41,25.93,0.9737,0.5212,0.175358,18,0,33,306.79,1.0000,0.0547,0.002384,4.302
839135,520,410,930,244,56,54,26.86,0.9511,0.5745,0.223312,44,22,38,337.82,0.4226,0.1344,0.012493,4.373
839149,520,411,931,182,75,238,311.50,0.8933,0.5655,0.211512,43,20,7,49.07,0.6312,0.1187,0.010293,4.337
839151,520,423,943,241,1,132,358.75,0.9988,0.5612,0.203917,41,15,11,30.30,0.5674,0.1063,0.008373,4.350
839187,520,478,998,170,88,144,340.58,0.5476,0.5085,0.175402,0,1,6,259.05,1.0000,0.0179,0.000349,4.477
839188,520,386,906,212,77,207,329.30,0.8350,0.5921,0.238117,21,23,85,273.88,0.8528,0.1485,0.014280,4.482
839196,520,362,882,219,115,58,47.08,0.7930,0.6108,0.276292,5,47,50,202.16,0.8535,0.1767,0.022955,4.473
839208,520,415,935,230,61,117,5.80,0.8510,0.5652,0.214476,16,28,47,259.27,0.4672,0.1230,0.011459,4.303
839243,520,426,946,215,32,211,329.29,0.9553,0.5621,0.201854,3,10,80,266.07,0.9760,0.1107,0.008156,4.331
839251,520,417,937,188,71,243,312.55,0.9251,0.5733,0.216700,34,14,64,296.99,0.7548,0.1244,0.010243,4.427
839286,520,383,903,223,16,248,322.54,0.9931,0.5964,0.228380,4,5,112,265.69,0.9948,0.1501,0.013041,4.416
839292,520,455,975,235,12,10,29.02,0.9943,0.5278,0.179503,10,14,9,139.28,0.2211,0.0642,0.003983,4.251
839301,520,419,939,252,13,11,29.03,0.9955,0.5646,0.210112,47,10,27,355.38,0.6643,0.1141,0.009006,4.408
839305,520,440,960,206,3,228,322.89,0.9973,0.5497,0.187902,34,8,19,356.18,0.5899,0.0851,0.005608,4.278
839318,520,372,892,196,98,221,319.09,0.7858,0.6051,0.256928,11,44,58,229.89,0.6901,0.1737,0.021779,4.276
839323,520,334,854,234,110,111,21.48,0.7723,0.6356,0.297946,26,45,85,263.41,0.6109,0.2029,0.027521,4.488
839325,520,278,798,250,119,151,6.60,0.8843,0.6867,0.357549,7,71,40,155.76,0.9674,0.2543,0.047046,4.200
839334,520,362,882,240,94,62,33.94,0.9008,0.6122,0.268815,44,34,71,294.19,0.5001,0.1808,0.021345,4.469
839339,520,416,936,245,41,94,13.76,0.9489,0.5723,0.218099,9,27,54,258.41,0.6812,0.1213,0.011082,4.389
839344,520,464,984,199,44,172,336.45,0.8509,0.5168,0.169239,1,10,17,233.59,0.7508,0.0502,0.002640,4.165
839345,520,434,954,212,63,152,348.11,0.7938,0.5473,0.198212,9,9,72,270.95,0.9554,0.1028,0.007213,4.338
839378,520,463,983,173,50,246,308.41,0.9525,0.5334,0.178201,18,4,16,332.45,0.5723,0.0529,0.002529,4.344
839385,520,447,967,160,84,231,304.49,0.8331,0.5426,0.195842,35,3,29,336.22,0.7744,0.0831,0.005112,4.461
839388,520,427,947,194,26,255,313.43,1.0000,0.5582,0.194294,15,19,52,274.08,0.6588,0.1039,0.008152,4.201
839393,520,474,994,198,38,189,330.79,0.8947,0.5211,0.170679,8,3,4,3.38,0.3242,0.0344,0.001255,4.305
839395,520,450,970,190,23,248,313.86,0.9826,0.5447,0.183385,12,4,46,283.06,0.8891,0.0681,0.003622,4.352
839412,520,351,871,229,98,165,351.00,0.7549,0.6262,0.281124,36,39,83,277.50,0.5662,0.1936,0.024506,4.444
839438,520,361,881,247,55,182,345.67,0.9409,0.6174,0.258871,10,9,131,266.83,0.9923,0.1844,0.018984,4.477
839444,520,414,934,250,5,92,13.02,0.9964,0.5687,0.212089,10,0,96,269.33,1.0000,0.1237,0.009090,4.435
839469,520,403,923,219,35,230,325.51,0.9675,0.5836,0.219774,6,16,83,267.02,0.9548,0.1251,0.010338,4.471
839478,520,436,956,207,2,223,324.35,0.9980,0.5474,0.186384,32,9,39,317.60,0.6646,0.0942,0.006490,4.185
839511,520,382,902,237,26,206,335.99,0.9777,0.5958,0.232023,38,34,55,292.29,0.3303,0.1634,0.018320,4.128
839530,520,459,979,221,30,134,354.86,0.9221,0.5306,0.180245,15,7,32,295.01,0.6470,0.0649,0.003578,4.297
839537,520,420,940,239,23,113,5.36,0.9689,0.5562,0.201590,5,30,27,184.43,0.7259,0.1121,0.010399,4.165
839552,520,419,939,240,51,25,31.15,0.9740,0.5596,0.209664,48,2,35,342.15,0.8429,0.1089,0.007932,4.482
839556,520,444,964,228,5,153,349.30,0.9913,0.5447,0.189052,4,18,23,221.77,0.5666,0.0750,0.005203,4.330
839560,520,425,945,206,64,199,330.02,0.8425,0.5632,0.209139,6,20,62,265.18,0.8703,0.1097,0.008868,4.402
839566,520,399,919,252,13,119,5.11,0.9899,0.5817,0.223188,4,39,23,159.32,0.9264,0.1394,0.015386,4.178
839570,520,418,938,234,63,20,34.00,0.9753,0.5585,0.211010,33,24,39,311.32,0.3140,0.1242,0.011231,4.263
839573,520,429,949,244,20,21,28.53,0.9905,0.5499,0.197911,38,7,38,327.81,0.7123,0.0998,0.007040,4.346
839591,520,352,872,247,10,228,332.70,0.9964,0.6231,0.255957,3,48,75,241.64,0.8960,0.1942,0.026411,4.004
839600,520,434,954,174,73,241,308.32,0.9070,0.5543,0.201154,3,22,52,258.03,0.8502,0.1037,0.008411,4.300
839606,520,461,981,164,53,254,303.80,0.9935,0.5305,0.175951,12,3,25,301.31,0.7338,0.0488,0.002135,4.334
839616,520,392,912,231,50,200,336.40,0.9268,0.5945,0.234428,43,32,13,79.70,0.5223,0.1482,0.015757,4.325
839623,520,350,870,252,57,186,345.62,0.9757,0.6299,0.271702,32,28,110,276.29,0.8697,0.1937,0.022633,4.429
839629,520,369,889,241,81,125,7.66,0.8589,0.6099,0.260693,11,49,10,142.77,0.9579,0.1736,0.022896,4.262
839635,520,317,837,255,99,120,15.39,1.0000,0.6564,0.315431,24,55,75,239.34,0.5561,0.2231,0.034344,4.333
839654,520,379,899,252,66,21,33.66,0.9861,0.5971,0.246496,14,35,69,259.60,0.6886,0.1568,0.017250,4.409
839667,520,384,904,252,41,105,11.06,0.9770,0.5891,0.233049,58,24,15,35.85,0.6129,0.1540,0.015874,4.297
839685,520,461,981,195,46,206,324.97,0.8935,0.5332,0.180139,23,2,2,25.17,0.8318,0.0504,0.002300,4.400
839686,520,425,945,240,41,94,13.18,0.9407,0.5622,0.209225,14,24,51,266.57,0.5891,0.1142,0.009856,4.331
839704,520,468,988,147,87,215,302.50,0.7537,0.5186,0.179260,7,2,22,293.80,0.7797,0.0395,0.001465,4.455
839727,520,442,962,240,6,43,24.68,0.9966,0.5394,0.188333,8,15,37,267.89,0.6028,0.0787,0.005268,4.312
839734,520,397,917,244,61,27,32.42,0.9720,0.5767,0.226531,55,19,0,47.77,1.0000,0.1367,0.012781,4.405
839738,520,342,862,252,38,216,336.85,0.9848,0.6339,0.270427,19,49,57,217.72,0.5466,0.1921,0.026304,4.199
839744,520,393,913,232,2,218,331.73,0.9987,0.5883,0.222638,45,13,66,308.42,0.7656,0.1400,0.012391,4.370
839753,520,397,917,204,49,243,318.22,0.9495,0.5772,0.215066,30,12,89,282.97,0.9078,0.1437,0.012602,4.234
839792,520,420,940,227,2,192,337.35,0.9976,0.5629,0.201827,35,0,69,299.36,1.0000,0.1124,0.007870,4.352
839793,520,305,825,252,89,210,339.52,0.9770,0.6725,0.324963,42,60,18,129.17,0.7623,0.2306,0.037676,4.277
839795,520,396,916,227,89,53,35.53,0.8722,0.5806,0.237353,29,36,15,124.24,0.5138,0.1437,0.015574,4.382
839816,520,380,900,192,111,174,335.71,0.5541,0.5955,0.256326,23,40,46,222.23,0.3308,0.1615,0.018969,4.441
839838,520,456,976,193,72,161,339.54,0.7225,0.5293,0.185470,22,2,26,321.42,0.7851,0.0592,0.002886,4.452
839840,520,50,570,255,234,196,82.38,1.0000,0.9353,0.840921,13,127,41,145.89,0.9913,0.4447,0.154237,4.362
839846,520,330,850,177,128,229,305.14,0.7123,0.6378,0.304430,13,56,46,174.26,0.7894,0.2071,0.031110,4.370
839856,520,295,815,239,130,99,36.75,0.7969,0.6756,0.352194,17,60,85,238.56,0.7174,0.2413,0.040066,4.466
839857,520,452,972,234,9,88,12.39,0.9898,0.5349,0.183955,25,5,21,335.55,0.6194,0.0667,0.003694,4.357
839865,520,426,946,240,38,101,10.55,0.9438,0.5621,0.208543,52,2,23,0.79,0.8738,0.1115,0.008355,4.431
839873,520,358,878,203,111,194,330.83,0.6516,0.6206,0.279618,5,51,0,141.13,1.0000,0.1772,0.023998,4.454
839902,520,459,979,225,33,96,9.74,0.9323,0.5274,0.179426,25,3,0,39.11,1.0000,0.0552,0.002718,4.352
839904,520,382,902,250,71,28,33.96,0.9758,0.5987,0.249178,31,39,26,133.69,0.2962,0.1572,0.018169,4.389
839906,520,443,963,230,30,111,4.93,0.9422,0.5404,0.189022,26,11,9,28.41,0.4046,0.0751,0.004787,4.363
839918,520,229,749,239,140,240,326.72,0.9088,0.7421,0.434000,40,80,22,137.49,0.9151,0.2946,0.062462,4.304
839940,520,448,968,180,83,197,321.46,0.7297,0.5447,0.199221,24,16,4,78.86,0.5796,0.0817,0.005736,4.471
839949,520,473,993,115,90,247,284.32,0.9319,0.5156,0.176722,7,1,16,304.96,0.7986,0.0331,0.001043,4.442
839950,520,424,944,151,104,219,300.33,0.7157,0.5561,0.215946,1,26,43,240.95,0.9004,0.1065,0.009196,4.493
839998,520,438,958,244,25,47,24.96,0.9841,0.5539,0.201371,34,2,47,314.10,0.8850,0.0924,0.005888,4.498
840005,520,382,902,249,54,123,5.80,0.9468,0.5973,0.242116,66,12,37,356.70,0.7384,0.1576,0.015550,4.456
840006,520,423,943,210,37,214,327.15,0.9435,0.5582,0.198818,39,20,1,65.58,0.8938,0.1112,0.009339,4.193
840011,520,310,830,211,130,171,348.64,0.5386,0.6557,0.327560,43,57,31,131.62,0.4692,0.2245,0.035387,4.422
840034,520,451,971,220,58,108,7.29,0.8331,0.5404,0.193270,12,18,1,123.75,0.8966,0.0739,0.005130,4.413
840052,520,454,974,176,98,125,358.68,0.4776,0.5278,0.194473,18,12,21,314.22,0.2856,0.0714,0.004457,4.489
840075,520,357,877,252,15,202,340.32,0.9925,0.6178,0.253047,81,4,14,21.99,0.9565,0.1758,0.018682,4.412
840091,520,421,941,223,48,172,342.96,0.8867,0.5634,0.207829,41,9,45,323.09,0.7145,0.1122,0.008563,4.403
840095,520,460,980,184,41,232,315.25,0.9397,0.5313,0.176036,29,0,0,29.23,1.0000,0.0555,0.002613,4.296
840101,520,418,938,156,100,220,303.07,0.7351,0.5555,0.213499,26,21,58,285.64,0.6175,0.1228,0.010614,4.347
840104,520,454,974,207,80,34,38.70,0.8898,0.5293,0.191204,25,1,38,311.52,0.9129,0.0700,0.003683,4.493
840107,520,283,803,229,142,113,39.17,0.6595,0.6867,0.371984,22,68,34,149.22,0.8802,0.2473,0.044201,4.480
840127,520,433,953,220,12,187,337.11,0.9822,0.5488,0.190688,19,24,11,125.75,0.4051,0.0985,0.008159,4.138
840139,520,86,606,253,212,235,343.47,0.9385,0.8967,0.739689,46,114,9,138.10,0.9896,0.4084,0.126348,4.478
840148,520,477,997,187,4,216,320.62,0.9941,0.5079,0.156109,1,0,18,273.67,1.0000,0.0236,0.000501,4.081
840174,520,316,836,227,126,123,22.54,0.6667,0.6555,0.326849,30,59,33,146.40,0.6353,0.2214,0.035137,4.426
840175,520,470,990,218,54,7,34.13,0.9891,0.5169,0.175617,0,7,20,249.94,1.0000,0.0438,0.002025,4.337
840190,520,13,533,251,252,209,108.48,0.9049,0.9762,0.947337,37,132,75,152.63,0.9218,0.4719,0.174031,4.452
840191,520,474,994,168,84,175,324.43,0.6440,0.5152,0.177615,3,0,22,282.98,1.0000,0.0294,0.000773,4.483
840200,520,272,792,231,126,233,326.54,0.8690,0.7045,0.377957,23,67,74,209.59,0.6377,0.2589,0.046907,4.416
840220,520,466,986,195,73,127,355.95,0.6924,0.5187,0.179013,11,4,24,298.50,0.6669,0.0494,0.002239,4.384
840221,520,464,984,171,79,189,320.82,0.7120,0.5205,0.179250,4,8,11,233.79,0.2714,0.0459,0.002236,4.389
840232,520,434,954,169,70,244,306.25,0.9251,0.5463,0.193476,8,9,71,270.35,0.9566,0.1010,0.007019,4.270
840250,520,451,971,210,12,202,330.43,0.9830,0.5399,0.182309,19,10,20,323.19,0.3492,0.0681,0.004060,4.297
840259,520,355,875,245,24,231,331.54,0.9895,0.6248,0.258382,68,19,54,340.77,0.6712,0.1786,0.019612,4.430
840263,520,293,813,252,89,219,336.79,0.9806,0.6771,0.329576,97,33,11,38.16,0.8540,0.2441,0.036537,4.386
840265,520,389,909,227,7,228,328.11,0.9959,0.5870,0.220867,60,15,35,356.34,0.6667,0.1487,0.014238,4.217
840281,520,407,927,233,46,145,354.41,0.9012,0.5683,0.213248,3,34,47,229.99,0.8369,0.1334,0.013686,4.134
840283,520,472,992,197,51,171,336.32,0.8214,0.5185,0.171800,5,0,15,301.85,1.0000,0.0270,0.000668,4.378
840288,520,418,938,246,41,4,31.44,0.9969,0.5639,0.211910,43,17,32,346.10,0.4949,0.1204,0.010188,4.352
840293,520,480,1000,199,15,191,330.54,0.9678,0.5134,0.162472,0,0,0,0.00,0.0000,0.0000,0.000000,4.249
840302,520,392,912,239,79,83,23.09,0.8907,0.5936,0.245703,31,36,23,125.21,0.2931,0.1475,0.016149,4.470
840310,520,480,1000,125,78,248,289.41,0.9463,0.5071,0.165859,0,0,0,0.00,0.0000,0.0000,0.000000,4.317
840319,520,402,922,218,41,225,326.42,0.9537,0.5817,0.219296,43,10,66,307.02,0.8022,0.1334,0.011241,4.397
840351,520,82,602,255,211,242,336.92,1.0000,0.8992,0.742605,38,114,64,151.39,0.8886,0.4121,0.128164,4.449
840352,520,372,892,244,1,219,334.21,0.9995,0.6105,0.243723,55,24,57,325.04,0.5643,0.1659,0.017610,4.344
840357,520,476,996,223,15,79,14.17,0.9785,0.5111,0.165969,7,0,1,9.43,1.0000,0.0219,0.000474,4.279
840394,520,359,879,243,10,234,330.40,0.9964,0.6198,0.252151,76,20,24,20.23,0.7346,0.1840,0.021030,4.254
840397,520,355,875,246,13,227,332.72,0.9950,0.6212,0.254297,3,50,30,159.51,0.9673,0.1783,0.023942,4.115
840423,520,439,959,233,47,61,23.43,0.9395,0.5458,0.196966,43,4,16,6.13,0.7867,0.0938,0.006379,4.380
840430,520,420,940,228,49,148,352.45,0.8803,0.5623,0.208314,46,14,17,16.89,0.5964,0.1148,0.009355,4.352
840437,520,261,781,248,110,243,328.96,0.9704,0.7101,0.375819,105,39,8,41.83,0.8849,0.2696,0.044723,4.495
840440,520,410,930,249,34,6,30.59,0.9959,0.5661,0.213006,32,29,19,93.37,0.2535,0.1277,0.012328,4.220
840457,520,422,942,224,46,167,344.79,0.8906,0.5613,0.205938,23,26,20,129.13,0.1609,0.1102,0.009714,4.286
840464,520,433,953,226,55,97,12.07,0.8704,0.5460,0.197670,2,16,64,263.97,0.9502,0.1011,0.007536,4.305
840466,520,477,997,133,74,246,293.01,0.9347,0.5082,0.165379,4,0,3,335.23,1.0000,0.0185,0.000324,4.280
840469,520,244,764,251,125,237,331.67,0.9785,0.7328,0.412934,10,79,36,150.35,0.9738,0.2815,0.057836,4.293
840474,520,384,904,251,55,74,21.92,0.9756,0.5905,0.237396,39,35,5,101.81,0.7884,0.1500,0.016444,4.325
840476,520,437,957,210,42,200,330.92,0.9140,0.5520,0.195297,31,16,5,57.72,0.5813,0.0913,0.006729,4.324
840478,520,377,897,255,0,163,351.75,1.0000,0.6016,0.239080,1,44,34,172.83,0.9793,0.1585,0.019232,4.176
840486,520,151,671,251,183,180,21.75,0.8438,0.8157,0.576734,32,98,42,146.09,0.9288,0.3532,0.092093,4.411
840491,520,421,941,203,24,243,318.47,0.9820,0.5618,0.198225,5,32,5,143.14,0.9584,0.1127,0.010762,4.085
840494,520,365,885,219,85,204,332.34,0.8228,0.6113,0.259187,1,36,87,258.39,0.9788,0.1701,0.019562,4.445
840496,520,440,960,226,37,139,354.51,0.9104,0.5464,0.193587,38,11,2,42.95,0.8147,0.0922,0.006559,4.307
840505,520,442,962,241,12,4,29.40,0.9969,0.5405,0.189759,39,2,6,18.39,0.8942,0.0800,0.004880,4.369
840508,520,420,940,199,55,220,322.21,0.8991,0.5570,0.200434,33,0,68,297.89,1.0000,0.1085,0.007407,4.362
840509,520,417,937,252,14,42,25.57,0.9941,0.5668,0.211805,6,29,45,242.11,0.6858,0.1190,0.011069,4.287
840533,520,409,929,217,26,223,326.78,0.9747,0.5712,0.208203,41,17,57,309.39,0.6582,0.1327,0.011678,4.186
840535,520,422,942,192,74,217,320.16,0.8338,0.5638,0.211151,40,13,43,323.55,0.6288,0.1149,0.009134,4.416
840541,520,476,996,169,27,240,309.36,0.9699,0.5069,0.155110,2,0,12,289.00,1.0000,0.0208,0.000394,4.070
840544,520,371,891,235,44,226,330.40,0.9640,0.6133,0.249571,60,18,63,325.01,0.6924,0.1686,0.017523,4.437
840546,520,441,961,236,32,4,30.71,0.9964,0.5375,0.188779,23,19,12,81.44,0.2420,0.0896,0.006745,4.208
840554,520,429,949,185,74,209,320.06,0.8029,0.5478,0.198165,36,15,23,356.72,0.4339,0.1018,0.007786,4.295
840572,520,346,866,200,103,236,315.98,0.8529,0.6276,0.280372,25,37,96,269.94,0.7700,0.1921,0.023742,4.480
840574,520,412,932,218,70,170,343.34,0.8037,0.5740,0.221903,20,32,10,132.53,0.6532,0.1227,0.012036,4.383
840577,520,234,754,250,136,228,334.77,0.9630,0.7444,0.435361,67,72,14,114.40,0.8339,0.2910,0.058597,4.469
840583,520,457,977,216,42,136,353.69,0.8694,0.5290,0.180348,17,8,24,308.94,0.4862,0.0640,0.003588,4.299
840590,520,409,929,185,86,223,315.43,0.8111,0.5733,0.222986,40,24,22,27.19,0.2946,0.1264,0.011624,4.430
840597,520,421,941,238,41,83,16.54,0.9434,0.5557,0.203908,45,11,26,355.88,0.6290,0.1114,0.008719,4.324
840619,520,456,976,212,32,168,341.07,0.9124,0.5305,0.178594,13,10,13,325.97,0.1303,0.0590,0.003317,4.287
840625,520,306,826,245,99,209,338.43,0.9237,0.6730,0.329423,1,52,110,256.05,0.9842,0.2336,0.035880,4.418
840634,520,398,918,241,48,140,357.93,0.9149,0.5831,0.227113,16,38,10,139.40,0.8651,0.1390,0.015183,4.251
840643,520,422,942,227,51,142,354.56,0.8696,0.5595,0.206542,20,21,43,279.94,0.4538,0.1058,0.008595,4.378
840661,520,409,929,251,27,65,21.44,0.9822,0.5718,0.216784,50,13,34,348.43,0.6369,0.1268,0.010816,4.387
840662,520,320,840,248,35,254,326.94,0.9970,0.6494,0.283171,68,13,107,305.32,0.8797,0.2141,0.025784,4.396
840664,520,407,927,162,94,243,301.48,0.8778,0.5696,0.221582,33,24,46,301.99,0.4093,0.1283,0.011739,4.399
840666,520,352,872,170,117,239,301.83,0.8026,0.6154,0.275010,21,46,62,238.70,0.5093,0.1869,0.024611,4.356
840669,520,416,936,247,46,10,31.64,0.9925,0.5695,0.217536,31,22,49,297.48,0.4882,0.1235,0.010869,4.395
840683,520,361,881,226,58,241,324.35,0.9514,0.6179,0.255479,25,0,129,272.66,1.0000,0.1816,0.017915,4.498
840695,520,381,901,230,37,221,330.46,0.9661,0.5975,0.233691,29,40,16,129.28,0.5738,0.1561,0.018162,4.162
840705,520,467,987,221,32,93,10.14,0.9299,0.5178,0.171982,15,1,4,3.42,0.7521,0.0370,0.001320,4.325
840713,520,410,930,248,38,54,24.71,0.9715,0.5695,0.216126,60,4,14,17.13,0.8973,0.1286,0.010794,4.378
840728,520,276,796,245,107,235,330.44,0.9517,0.6972,0.359285,16,71,9,141.57,0.9814,0.2516,0.046362,4.247
840730,520,353,873,218,83,228,324.93,0.8825,0.6215,0.266952,57,38,0,80.03,1.0000,0.1819,0.022562,4.368
840735,520,397,917,235,29,188,340.53,0.9643,0.5830,0.221746,10,13,99,268.42,0.9742,0.1431,0.012531,4.346
840740,520,427,947,239,19,116,4.17,0.9754,0.5558,0.200806,27,16,32,314.80,0.3986,0.0955,0.007079,4.394
840742,520,364,884,249,74,119,9.88,0.9347,0.6147,0.263725,3,47,26,157.15,0.9672,0.1669,0.021269,4.402
840746,520,397,917,255,33,4,30.55,1.0000,0.5781,0.223603,60,9,20,13.24,0.7840,0.1360,0.012067,4.408
840751,520,384,904,233,58,165,348.17,0.8776,0.5864,0.230691,26,28,72,277.02,0.6551,0.1500,0.015180,4.306
840801,520,419,939,231,69,16,35.87,0.9783,0.5590,0.212855,13,16,66,272.74,0.8629,0.1096,0.008495,4.494
840805,520,325,845,246,57,236,330.52,0.9655,0.6469,0.285780,18,51,72,239.80,0.6318,0.2064,0.029640,4.216
840808,520,341,861,244,72,186,344.47,0.9136,0.6289,0.274159,78,21,52,350.53,0.6824,0.1993,0.024042,4.378
840816,520,464,984,169,62,222,311.83,0.8609,0.5193,0.171550,12,7,10,340.89,0.2042,0.0506,0.002520,4.218
840822,520,422,942,248,17,62,21.42,0.9900,0.5615,0.207088,50,8,14,16.74,0.7624,0.1129,0.008836,4.370
840823,520,309,829,234,100,209,335.39,0.8593,0.6572,0.312125,2,63,21,148.00,0.9939,0.2212,0.036219,4.200
840824,520,398,918,234,64,140,357.98,0.8521,0.5835,0.230555,19,35,27,161.73,0.3844,0.1356,0.014196,4.370
840827,520,445,965,231,26,121,1.33,0.9516,0.5438,0.191111,0,22,21,190.98,1.0000,0.0826,0.006279,4.284
840837,520,405,925,226,0,220,329.82,1.0000,0.5784,0.213385,24,17,74,280.69,0.8193,0.1283,0.010895,4.325
840839,520,476,996,196,80,6,44.35,0.9753,0.5078,0.174881,6,0,7,324.68,1.0000,0.0239,0.000541,4.450
840853,520,432,952,229,20,141,353.77,0.9629,0.5452,0.190842,35,3,52,310.56,0.8726,0.0998,0.006704,4.247
840857,520,249,769,255,133,152,11.44,1.0000,0.7178,0.403050,25,68,106,248.44,0.6872,0.2820,0.053813,4.364
840873,520,459,979,162,75,226,307.33,0.8354,0.5286,0.182051,14,4,29,299.62,0.7259,0.0557,0.002689,4.404
840875,520,428,948,220,43,174,341.42,0.8972,0.5554,0.200018,36,13,21,359.41,0.4824,0.0974,0.007171,4.373
840878,520,309,829,218,105,246,319.26,0.9356,0.6617,0.316640,45,57,5,122.34,0.9183,0.2224,0.034951,4.316
840891,520,233,753,235,145,229,329.30,0.8594,0.7403,0.435719,65,72,25,116.87,0.6805,0.2901,0.058287,4.485
840912,520,321,841,255,35,231,333.77,1.0000,0.6467,0.282348,17,42,110,264.75,0.8716,0.2134,0.029007,4.207
840976,520,475,995,221,1,129,355.78,0.9976,0.5192,0.169815,4,1,18,289.61,0.8483,0.0308,0.000912,4.318
840986,520,396,916,218,16,243,322.41,0.9916,0.5842,0.217491,58,4,44,341.17,0.8181,0.1363,0.011684,4.336
840989,520,441,961,201,47,206,326.70,0.8975,0.5440,0.189085,26,12,42,302.74,0.6243,0.0930,0.006497,4.232
840992,520,434,954,246,1,30,26.78,0.9996,0.5501,0.197119,5,26,17,163.39,0.7360,0.0963,0.008115,4.252
841037,520,416,936,234,36,157,350.04,0.9339,0.5691,0.211914,14,23,60,269.39,0.7107,0.1191,0.010324,4.342
841039,520,335,855,252,36,229,333.59,0.9873,0.6406,0.276175,20,19,133,269.47,0.9757,0.2016,0.023077,4.463
841050,520,406,926,245,42,127,2.72,0.9376,0.5823,0.226040,53,13,31,355.77,0.6537,0.1310,0.011438,4.493
841053,520,387,907,220,50,230,325.59,0.9458,0.5944,0.232121,44,29,40,336.48,0.2797,0.1507,0.015674,4.296
841091,520,366,886,231,69,192,339.20,0.8737,0.6065,0.250535,23,46,7,135.03,0.9223,0.1693,0.021514,4.202
841093,520,385,905,244,67,71,24.42,0.9367,0.5874,0.237056,43,31,18,68.07,0.3813,0.1466,0.015373,4.391
841100,520,413,933,227,40,188,338.78,0.9312,0.5739,0.214819,1,33,32,191.85,0.9497,0.1216,0.011984,4.272
841108,520,473,993,204,27,176,336.37,0.9246,0.5176,0.167578,2,2,22,274.06,0.8857,0.0341,0.001142,4.254
841125,520,272,792,213,146,194,337.53,0.5375,0.6988,0.386002,12,74,8,142.17,0.9861,0.2608,0.049931,4.363
841130,520,426,946,210,71,171,340.78,0.7806,0.5619,0.211504,35,17,27,346.08,0.3852,0.1058,0.008374,4.480
841139,520,410,930,202,36,248,316.89,0.9708,0.5697,0.205971,24,35,7,127.75,0.7643,0.1347,0.014116,3.992
841144,520,456,976,230,5,112,3.57,0.9919,0.5325,0.181043,22,1,26,321.88,0.8462,0.0571,0.002669,4.387
841146,520,448,968,169,60,253,305.14,0.9860,0.5431,0.187592,41,1,15,3.43,0.9007,0.0847,0.005277,4.298
841170,520,370,890,246,70,141,0.60,0.9081,0.6119,0.258994,0,47,30,163.02,1.0000,0.1669,0.021267,4.336
841198,520,479,999,185,70,155,339.29,0.7052,0.5102,0.170626,0,0,3,264.05,1.0000,0.0094,0.000066,4.407
841199,520,451,971,188,22,249,313.11,0.9838,0.5421,0.181059,22,4,37,306.05,0.7832,0.0707,0.003910,4.286
841209,520,439,959,221,76,24,37.62,0.9504,0.5490,0.206096,20,22,6,114.92,0.5544,0.0929,0.007357,4.465
841229,520,352,872,253,70,124,7.98,0.9760,0.6195,0.267217,3,29,120,264.26,0.9624,0.1928,0.022540,4.373
841240,520,381,901,237,28,208,335.47,0.9760,0.5977,0.233919,23,10,108,274.10,0.9728,0.1596,0.014819,4.380
841247,520,462,982,219,43,119,0.93,0.8753,0.5291,0.181223,2,1,38,270.04,0.9860,0.0453,0.001745,4.468
841252,520,367,887,232,34,230,328.73,0.9759,0.6054,0.240155,31,42,46,222.09,0.1879,0.1736,0.021445,4.061
841253,520,410,930,238,13,158,349.99,0.9843,0.5684,0.209367,42,14,63,306.97,0.7400,0.1344,0.011652,4.207
841262,520,442,962,207,84,71,28.67,0.7566,0.5401,0.200631,3,21,26,217.21,0.6978,0.0839,0.006302,4.452
841284,520,477,997,185,0,223,318.39,1.0000,0.5093,0.156433,0,0,9,264.05,1.0000,0.0151,0.000197,4.112
841285,520,209,729,205,168,243,306.58,0.7605,0.7567,0.474559,18,89,16,142.56,0.9798,0.3149,0.073105,4.261
841287,520,447,967,218,67,67,24.82,0.8562,0.5367,0.193275,33,4,31,330.74,0.7457,0.0826,0.005091,4.416
841294,520,459,979,216,15,159,344.70,0.9652,0.5264,0.174462,5,15,12,174.55,0.4222,0.0637,0.004004,4.156
841296,520,470,990,225,14,84,12.71,0.9800,0.5162,0.169646,10,2,17,310.35,0.7030,0.0395,0.001484,4.266
841318,520,190,710,251,155,233,334.00,0.9692,0.7807,0.498372,5,92,34,147.87,0.9927,0.3248,0.078017,4.284
841321,520,472,992,220,45,62,22.15,0.9226,0.5179,0.174429,0,2,20,262.78,1.0002,0.0303,0.000939,4.406
841325,520,476,996,206,19,160,341.92,0.9432,0.5089,0.161277,3,1,5,310.43,0.5673,0.0222,0.000520,4.182
841327,520,371,891,208,85,225,322.64,0.8529,0.6069,0.253447,8,38,79,257.52,0.8263,0.1706,0.020023,4.334
841339,520,446,966,187,73,200,323.48,0.7853,0.5436,0.195013,14,13,36,282.47,0.5507,0.0782,0.005086,4.448
841359,520,479,999,175,61,196,321.01,0.8041,0.5078,0.164381,1,0,5,292.48,1.0000,0.0142,0.000174,4.273
841362,520,453,973,210,68,79,20.16,0.8028,0.5250,0.184027,31,1,22,341.46,0.8375,0.0690,0.003710,4.357
841367,520,471,991,194,86,29,44.30,0.8688,0.5151,0.182154,10,6,1,84.50,0.6673,0.0433,0.001970,4.467
841370,520,455,975,214,46,143,350.85,0.8518,0.5312,0.182356,16,13,0,100.69,1.0000,0.0647,0.003980,4.304
841409,520,475,995,220,16,115,0.95,0.9644,0.5156,0.168267,10,0,7,336.87,1.0000,0.0290,0.000799,4.297
841411,520,405,925,188,73,252,310.44,0.9768,0.5825,0.224857,2,22,81,263.48,0.9670,0.1319,0.011807,4.447
841427,520,447,967,201,69,167,339.53,0.7611,0.5422,0.194656,8,19,22,216.75,0.3494,0.0800,0.005753,4.388
841431,520,474,994,229,5,86,12.26,0.9934,0.5230,0.174414,4,1,15,293.60,0.8059,0.0289,0.000820,4.416
841486,520,382,902,207,90,212,325.99,0.7993,0.6040,0.253328,25,34,68,270.31,0.5514,0.1603,0.017680,4.482
841497,520,437,957,215,13,210,329.61,0.9857,0.5546,0.193902,32,14,0,62.96,1.0000,0.0875,0.006212,4.339
841507,520,447,967,234,36,82,15.95,0.9480,0.5442,0.193665,8,11,47,272.83,0.8169,0.0787,0.004962,4.433
841510,520,330,850,250,70,200,341.41,0.9633,0.6443,0.288775,43,25,123,281.33,0.8887,0.2137,0.026388,4.435
841513,520,384,904,225,31,232,326.57,0.9767,0.5933,0.228160,71,7,5,28.51,0.9390,0.1547,0.015027,4.278
841515,520,282,802,249,100,223,335.07,0.9628,0.6877,0.345845,90,45,0,57.65,1.0000,0.2524,0.040507,4.374
841525,520,355,875,251,73,110,13.24,0.9577,0.6150,0.264035,29,43,57,249.02,0.3226,0.1805,0.022843,4.311
841530,520,446,966,236,17,64,20.07,0.9857,0.5364,0.186071,16,9,50,283.61,0.7928,0.0841,0.005358,4.264
841533,520,395,915,201,73,230,319.62,0.8812,0.5852,0.228972,15,37,25,158.17,0.5698,0.1386,0.014948,4.295
841542,520,459,979,187,85,138,350.01,0.6118,0.5275,0.188982,7,11,24,268.91,0.4377,0.0610,0.003505,4.467
841571,520,466,986,176,80,166,331.58,0.6566,0.5159,0.177218,16,8,0,79.57,1.0000,0.0539,0.002838,4.300
841583,520,410,930,214,20,230,324.37,0.9839,0.5689,0.205116,29,21,65,286.90,0.6723,0.1318,0.011792,4.129
841595,520,398,918,228,29,197,336.33,0.9624,0.5752,0.214065,19,5,102,273.13,0.9862,0.1435,0.012062,4.255
841612,520,471,991,193,82,98,13.81,0.6487,0.5187,0.182556,7,7,6,106.79,0.0578,0.0446,0.002103,4.463
841635,520,272,792,229,117,252,320.56,0.9783,0.6982,0.364106,34,68,60,176.73,0.4751,0.2614,0.048004,4.225
841672,520,429,949,191,76,192,327.35,0.7612,0.5487,0.200524,44,5,27,350.00,0.7510,0.1015,0.007232,4.377
841674,520,398,918,228,46,188,339.12,0.9183,0.5796,0.220814,4,1,105,265.90,0.9988,0.1353,0.010673,4.463
841680,520,341,861,223,91,211,331.34,0.8354,0.6292,0.278753,54,39,55,324.36,0.2784,0.1951,0.025112,4.377
841687,520,331,851,216,112,191,337.04,0.6885,0.6394,0.299506,28,52,51,192.28,0.3778,0.2038,0.029418,4.401
841691,520,417,937,216,65,181,338.69,0.8291,0.5708,0.217179,28,14,65,289.41,0.7755,0.1183,0.009426,4.496
841699,520,474,994,174,82,168,329.92,0.6468,0.5170,0.178615,0,0,31,264.05,1.0000,0.0336,0.000989,4.484
841706,520,456,976,204,61,142,349.88,0.7750,0.5263,0.181299,24,6,15,349.92,0.5282,0.0647,0.003590,4.316
841707,520,365,885,250,62,135,2.58,0.9485,0.6097,0.255219,35,26,90,282.84,0.7660,0.1712,0.018343,4.466
841714,520,408,928,227,67,127,2.12,0.8191,0.5690,0.218802,28,32,18,121.39,0.3450,0.1316,0.013236,4.251
841724,520,471,991,182,17,237,314.10,0.9837,0.5205,0.164616,8,0,32,289.31,1.0000,0.0432,0.001559,4.163
841729,520,440,960,185,71,220,317.19,0.8421,0.5518,0.199892,44,2,16,5.04,0.8580,0.0926,0.006164,4.449
841743,520,374,894,214,72,217,327.02,0.8742,0.5958,0.239425,69,9,32,3.22,0.7912,0.1587,0.015651,4.409
841750,520,462,982,143,93,217,299.33,0.7423,0.5255,0.186783,0,10,27,251.92,1.0000,0.0548,0.002962,4.471
841753,520,462,982,225,15,138,353.80,0.9702,0.5343,0.181869,0,6,31,260.82,1.0000,0.0488,0.002292,4.434
841761,520,430,950,204,93,48,41.21,0.8045,0.5460,0.208815,1,15,67,263.67,0.9752,0.1019,0.007533,4.499
841764,520,435,955,235,42,69,20.66,0.9458,0.5475,0.197509,34,13,5,43.10,0.6243,0.0898,0.006389,4.389
841774,520,372,892,238,17,234,329.25,0.9926,0.6125,0.245212,2,49,22,152.60,0.9853,0.1724,0.022674,4.062
841782,520,436,956,232,31,123,1.08,0.9402,0.5489,0.195688,20,19,25,292.86,0.1520,0.0909,0.006847,4.322
841790,520,434,954,124,102,252,284.83,0.9614,0.5497,0.208157,37,17,5,51.67,0.6443,0.1025,0.008052,4.447
841818,520,411,931,242,59,31,31.60,0.9651,0.5711,0.221074,15,26,46,261.62,0.4856,0.1164,0.010376,4.490
841822,520,434,954,241,35,34,27.98,0.9754,0.5512,0.200217,20,2,68,283.37,0.9722,0.0961,0.006095,4.461
841827,520,449,969,192,70,182,331.16,0.7641,0.5367,0.189657,8,11,37,273.85,0.6761,0.0703,0.004245,4.418
841829,520,359,879,247,90,78,27.80,0.9399,0.6214,0.276398,23,45,48,206.83,0.3897,0.1776,0.022723,4.488
841844,520,452,972,238,5,37,25.65,0.9972,0.5343,0.184226,20,13,10,44.32,0.2190,0.0718,0.004585,4.291
841852,520,306,826,207,127,232,317.77,0.7888,0.6739,0.342715,37,61,17,133.30,0.8380,0.2297,0.037712,4.477
841881,520,377,897,254,20,161,352.45,0.9921,0.6029,0.241479,37,8,103,284.79,0.9497,0.1639,0.015462,4.453
841911,520,438,958,233,38,115,4.58,0.9254,0.5521,0.199507,42,6,3,30.84,0.8688,0.0918,0.006291,4.432
841920,520,410,930,250,27,85,15.98,0.9778,0.5733,0.217674,32,31,8,106.70,0.6286,0.1310,0.013046,4.246
841942,520,333,853,253,56,209,339.15,0.9876,0.6426,0.283177,40,49,27,126.77,0.4213,0.1962,0.027269,4.312
841954,520,440,960,197,19,246,316.28,0.9869,0.5528,0.189913,14,4,62,278.76,0.9504,0.0868,0.005280,4.340
841958,520,417,937,253,22,4,29.83,0.9975,0.5692,0.214690,7,32,23,166.59,0.7192,0.1180,0.011400,4.311
841960,520,397,917,201,68,237,318.09,0.9105,0.5848,0.226676,57,19,19,22.56,0.6217,0.1439,0.013828,4.335
841971,520,356,876,239,32,238,328.50,0.9839,0.6219,0.255595,40,41,52,280.95,0.1707,0.1822,0.022849,4.195
841981,520,313,833,226,96,251,320.86,0.9759,0.6641,0.315014,17,59,37,157.03,0.8227,0.2157,0.033805,4.355
842003,520,311,831,251,82,199,342.44,0.9660,0.6576,0.306704,37,55,54,191.73,0.2476,0.2208,0.033920,4.251
842007,520,467,987,165,71,222,309.74,0.8329,0.5243,0.177804,12,2,22,307.05,0.7627,0.0445,0.001795,4.398
842011,520,377,897,201,95,204,326.42,0.7435,0.5975,0.249630,20,32,80,268.92,0.7377,0.1621,0.017609,4.432
842025,520,467,987,224,0,118,0.23,1.0000,0.5210,0.171581,17,0,13,336.27,1.0000,0.0407,0.001482,4.304
842045,520,375,895,224,60,218,329.63,0.9180,0.6012,0.241432,40,18,89,290.09,0.8226,0.1625,0.016050,4.412
842049,520,329,849,254,59,212,338.61,0.9939,0.6482,0.289554,51,47,53,314.64,0.0951,0.2109,0.029939,4.248
842050,520,407,927,229,16,189,338.72,0.9811,0.5678,0.207054,25,32,31,185.95,0.1300,0.1329,0.013386,4.055
842056,520,425,945,240,24,111,6.24,0.9684,0.5581,0.203295,56,2,0,30.79,1.0000,0.1145,0.008843,4.305
842064,520,283,803,187,146,238,303.75,0.7414,0.6897,0.372960,5,71,2,142.13,0.9965,0.2482,0.045429,4.432
842075,520,450,970,226,57,3,34.58,0.9959,0.5359,0.191044,7,17,23,235.12,0.3817,0.0746,0.005079,4.376
842097,520,445,965,226,22,137,354.56,0.9541,0.5382,0.185515,28,13,0,67.57,1.0000,0.0796,0.005348,4.255
842111,520,362,882,254,69,72,24.84,0.9932,0.6089,0.257986,38,28,91,284.34,0.7392,0.1789,0.019979,4.401
842130,520,457,977,188,68,188,327.79,0.7771,0.5314,0.184578,8,8,24,281.23,0.5036,0.0556,0.002912,4.433
842155,520,289,809,235,118,194,342.51,0.7936,0.6784,0.345163,68,53,22,83.57,0.5865,0.2394,0.038332,4.474
842156,520,441,961,221,63,55,27.65,0.8934,0.5361,0.192056,35,11,5,37.09,0.6587,0.0878,0.006077,4.317
842157,520,442,962,239,0,87,13.06,1.0000,0.5433,0.190421,16,17,4,112.39,0.5676,0.0755,0.005198,4.356
842165,520,334,854,251,101,21,42.40,0.9801,0.6385,0.298741,26,53,21,140.59,0.7839,0.1965,0.028199,4.460
842175,520,429,949,160,87,238,302.64,0.8609,0.5525,0.204634,34,18,20,11.55,0.3222,0.1038,0.008232,4.373
842176,520,407,927,238,46,110,7.88,0.9179,0.5659,0.212601,0,30,65,254.13,0.9999,0.1338,0.013101,4.162
842188,520,336,856,254,66,194,343.99,0.9916,0.6447,0.288656,27,50,59,225.06,0.3965,0.2008,0.028299,4.325
842189,520,417,937,209,29,239,320.89,0.9762,0.5706,0.206678,20,19,70,276.97,0.7962,0.1244,0.010566,4.238
842194,520,2,522,255,255,255,0.00,0.0000,1.0000,1.000000,15,138,56,147.98,0.9891,0.4831,0.185632,4.456
842201,520,353,873,249,71,157,355.45,0.9347,0.6243,0.270838,1,36,100,260.87,0.9871,0.1834,0.021882,4.463
842202,520,464,984,210,10,177,337.53,0.9783,0.5236,0.170952,3,9,8,185.15,0.3853,0.0463,0.002323,4.223
842210,520,442,962,213,24,190,334.54,0.9548,0.5414,0.185193,10,10,45,276.54,0.7796,0.0765,0.004711,4.299
842218,520,369,889,208,97,200,330.25,0.7420,0.6087,0.261311,26,45,9,132.93,0.8629,0.1684,0.021161,4.375
842230,520,448,968,196,50,202,326.32,0.8752,0.5353,0.182828,12,19,24,239.70,0.2391,0.0836,0.006098,4.150
842236,520,435,955,237,0,124,0.63,1.0000,0.5499,0.194629,8,20,38,258.11,0.5595,0.0913,0.006918,4.298
842239,520,403,923,235,73,70,25.75,0.8920,0.5766,0.228724,7,36,34,188.74,0.7099,0.1348,0.014224,4.340
842241,520,463,983,232,0,88,11.84,1.0000,0.5287,0.178635,5,9,9,196.22,0.1934,0.0485,0.002474,4.357
842243,520,368,888,243,15,220,333.75,0.9928,0.6119,0.245666,48,29,67,305.31,0.5431,0.1721,0.019124,4.277
842251,520,390,910,226,95,52,38.11,0.8637,0.5878,0.246037,1,44,10,146.75,0.9947,0.1524,0.018297,4.335
842259,520,337,857,248,103,29,42.61,0.9655,0.6366,0.297489,4,56,40,166.58,0.9538,0.2022,0.030072,4.340
842285,520,433,953,202,85,121,3.51,0.6586,0.5459,0.204359,21,17,50,284.89,0.6217,0.1031,0.007906,4.393
842294,520,423,943,200,90,147,350.20,0.6404,0.5601,0.217000,26,25,13,104.05,0.3424,0.1087,0.009439,4.492
842301,520,386,906,244,45,146,356.25,0.9294,0.5891,0.231884,59,0,65,323.84,1.0000,0.1486,0.013116,4.466
842319,520,331,851,219,82,254,318.71,0.9938,0.6390,0.282522,34,42,90,273.16,0.6078,0.2050,0.027341,4.299
842338,520,452,972,236,15,39,25.62,0.9910,0.5325,0.183242,27,6,12,3.32,0.5669,0.0681,0.003898,4.327
842343,520,432,952,211,86,68,30.55,0.7762,0.5497,0.209240,26,22,18,67.21,0.1375,0.1022,0.008371,4.441
842349,520,476,996,207,57,95,10.52,0.8081,0.5106,0.170201,4,0,1,359.68,1.0000,0.0171,0.000280,4.379
842357,520,374,894,168,107,240,302.49,0.8306,0.5960,0.251319,4,35,82,258.91,0.9162,0.1639,0.018370,4.407
842358,520,398,918,176,85,248,306.44,0.9348,0.5780,0.225051,55,18,3,42.46,0.8492,0.1354,0.012515,4.400
842359,520,334,854,253,65,198,342.53,0.9846,0.6440,0.287437,15,54,42,169.37,0.7450,0.1998,0.029069,4.268
842369,520,456,976,229,42,18,30.87,0.9798,0.5297,0.183606,3,1,47,270.27,0.9903,0.0558,0.002463,4.453
842383,520,413,933,233,23,167,346.26,0.9655,0.5659,0.207293,43,11,52,318.02,0.7218,0.1230,0.010009,4.288
842387,520,466,986,196,45,186,331.10,0.8632,0.5207,0.171594,5,5,25,278.30,0.6854,0.0469,0.002110,4.252
842390,520,479,999,190,82,66,30.51,0.7090,0.5061,0.173768,1,0,6,289.16,1.0000,0.0150,0.000196,4.458
842393,520,409,929,249,39,20,30.08,0.9850,0.5694,0.216449,17,34,6,134.84,0.8690,0.1261,0.012763,4.245
842401,520,479,999,226,1,70,16.82,0.9988,0.5121,0.166356,1,0,0,29.23,1.0000,0.0090,0.000065,4.322
842412,520,420,940,211,27,217,326.73,0.9664,0.5570,0.196445,3,13,76,265.81,0.9636,0.1101,0.008289,4.228
842417,520,294,814,212,125,245,316.05,0.8968,0.6843,0.352581,30,64,38,149.78,0.6607,0.2390,0.040826,4.432
842439,520,362,882,242,0,230,331.12,1.0000,0.6137,0.245933,26,48,13,135.59,0.8402,0.1787,0.023625,4.019
842452,520,426,946,247,9,53,23.10,0.9953,0.5562,0.202302,39,13,38,328.89,0.5914,0.1103,0.008592,4.306
842463,520,458,978,186,57,212,320.29,0.8637,0.5324,0.181201,20,7,9,9.37,0.3932,0.0593,0.003204,4.346
842467,520,477,997,222,15,93,9.22,0.9738,0.5125,0.166643,3,0,4,321.50,1.0000,0.0174,0.000281,4.309
842483,520,395,915,244,28,163,350.01,0.9667,0.5872,0.227112,18,7,100,272.71,0.9804,0.1422,0.012006,4.469
842484,520,396,916,254,11,85,15.66,0.9941,0.5767,0.219698,2,29,74,259.45,0.9485,0.1404,0.013860,4.223
842486,520,449,969,232,38,54,24.07,0.9581,0.5364,0.188114,21,15,0,92.64,1.0000,0.0748,0.005011,4.328
842508,520,407,927,226,20,193,336.91,0.9746,0.5658,0.205219,6,2,103,266.88,0.9972,0.1344,0.010613,4.211
842514,520,396,916,229,24,203,334.90,0.9744,0.5787,0.216256,11,13,98,268.91,0.9723,0.1423,0.012407,4.266
842516,520,384,904,203,99,165,343.38,0.6335,0.5868,0.243385,32,36,36,196.79,0.0626,0.1529,0.016962,4.381
842521,520,415,935,251,25,36,27.04,0.9878,0.5676,0.213356,32,10,70,292.84,0.8407,0.1224,0.009664,4.414
842537,520,409,929,234,0,184,341.21,1.0000,0.5711,0.209560,2,29,58,252.49,0.8852,0.1263,0.011971,4.188
842539,520,360,880,238,13,241,327.65,0.9954,0.6164,0.248185,12,33,102,265.55,0.9082,0.1826,0.021250,4.185
842541,520,420,940,201,66,197,329.11,0.8231,0.5558,0.203468,24,4,74,284.45,0.9508,0.1101,0.007754,4.389
842553,520,440,960,188,65,221,318.22,0.8641,0.5502,0.196937,31,14,11,30.81,0.4184,0.0886,0.006296,4.386
842570,520,344,864,218,98,208,330.79,0.7921,0.6295,0.281967,25,51,12,136.83,0.8959,0.1878,0.026008,4.368
842598,520,464,984,208,66,99,10.74,0.7738,0.5238,0.182094,1,10,19,240.35,0.7570,0.0512,0.002705,4.404
842610,520,426,946,237,55,11,33.17,0.9890,0.5564,0.207642,30,6,64,295.12,0.8727,0.1085,0.007764,4.460
842626,520,426,946,194,57,228,318.63,0.9046,0.5567,0.199984,26,27,10,111.61,0.4875,0.1136,0.010254,4.149
842631,520,371,891,195,99,228,316.67,0.8134,0.6096,0.261284,43,39,14,100.35,0.5742,0.1674,0.019964,4.449
842641,520,452,972,187,12,238,315.37,0.9898,0.5280,0.170021,8,13,22,261.35,0.3313,0.0652,0.003974,4.076
842655,520,474,994,193,71,137,350.16,0.7013,0.5167,0.176518,1,4,0,134.81,1.0000,0.0275,0.000933,4.447
842662,520,445,965,191,6,248,314.36,0.9961,0.5417,0.179852,33,2,31,330.79,0.8099,0.0792,0.004657,4.205
842663,520,392,912,242,59,143,357.96,0.8934,0.5949,0.239915,39,23,71,294.96,0.6670,0.1521,0.014991,4.461
842673,520,429,949,185,61,229,315.45,0.8899,0.5474,0.193101,49,1,9,16.61,0.9575,0.0996,0.006945,4.269
842677,520,451,971,174,61,242,308.95,0.9263,0.5417,0.187478,23,12,15,1.56,0.2808,0.0748,0.004796,4.334
842683,520,355,875,233,70,203,336.33,0.8926,0.6168,0.260183,19,28,105,269.73,0.9122,0.1791,0.019888,4.438
842740,520,448,968,232,40,86,14.81,0.9336,0.5435,0.193483,25,4,39,308.81,0.7918,0.0762,0.004400,4.476
842742,520,440,960,195,81,162,340.34,0.6887,0.5454,0.200972,6,14,52,268.16,0.8586,0.0876,0.006007,4.481
842744,520,319,839,244,97,169,352.82,0.8633,0.6509,0.306499,36,42,108,274.20,0.7271,0.2227,0.031136,4.394
842745,520,413,933,187,80,225,316.02,0.8353,0.5695,0.217395,9,34,10,144.24,0.8991,0.1222,0.012240,4.296
842750,520,434,954,193,56,222,319.87,0.8944,0.5498,0.194411,24,23,12,103.64,0.3287,0.1010,0.008335,4.190
842755,520,480,1000,195,44,177,333.65,0.8513,0.5126,0.165795,0,0,0,0.00,0.0000,0.0000,0.000000,4.316
842757,520,404,924,190,81,235,314.43,0.8761,0.5822,0.228313,39,24,34,339.67,0.2995,0.1296,0.012001,4.489
842759,520,445,965,230,22,132,357.12,0.9591,0.5442,0.190656,9,0,63,274.47,1.0000,0.0777,0.004169,4.443
842780,520,479,999,213,38,119,359.27,0.8781,0.5137,0.168667,0,0,2,264.05,1.0000,0.0079,0.000044,4.370
842781,520,448,968,193,54,205,324.49,0.8652,0.5359,0.183851,38,3,16,1.17,0.7853,0.0827,0.005147,4.241
842784,520,466,986,228,1,67,17.92,0.9989,0.5159,0.169239,2,8,29,263.24,0.8033,0.0536,0.002753,4.156
842807,520,371,891,195,112,186,331.08,0.5956,0.6072,0.267369,8,47,12,144.73,0.9619,0.1659,0.021111,4.463
842809,520,473,993,168,49,244,307.32,0.9444,0.5236,0.170538,3,1,16,286.65,0.8389,0.0283,0.000785,4.343
842832,520,341,861,243,65,201,339.31,0.9261,0.6281,0.270552,28,46,73,258.28,0.4792,0.1982,0.026818,4.173
842846,520,361,881,212,106,181,339.64,0.6678,0.6191,0.276431,39,45,1,117.43,0.9704,0.1789,0.023103,4.465
842849,520,432,952,242,26,13,29.59,0.9901,0.5477,0.196485,20,24,13,124.55,0.3297,0.0999,0.008310,4.227
842852,520,61,581,227,236,235,189.06,0.1750,0.9255,0.823197,37,122,45,144.63,0.9530,0.4342,0.145013,4.478
842862,520,245,765,250,122,249,327.71,0.9771,0.7332,0.410850,59,69,41,124.61,0.4026,0.2782,0.053461,4.454
842863,520,438,958,193,49,232,317.65,0.9279,0.5514,0.193616,13,11,54,277.34,0.8264,0.0887,0.005912,4.357
842867,520,473,993,214,52,94,11.12,0.8477,0.5190,0.175627,1,5,0,136.39,1.0000,0.0307,0.001150,4.411
842874,520,452,972,210,31,182,336.16,0.9252,0.5343,0.180611,31,6,13,4.79,0.6214,0.0747,0.004507,4.231
842879,520,270,790,215,136,237,318.67,0.8235,0.7028,0.381710,69,62,17,100.36,0.7398,0.2647,0.047510,4.427
842886,520,248,768,252,137,159,8.79,0.9006,0.7223,0.410927,47,71,69,189.45,0.2777,0.2830,0.055404,4.373
842906,520,449,969,232,41,64,21.77,0.9469,0.5399,0.191149,11,13,34,276.69,0.5422,0.0744,0.004745,4.405
842910,520,452,972,173,41,255,306.97,1.0000,0.5346,0.176909,5,9,38,270.49,0.7980,0.0650,0.003676,4.227
842931,520,364,884,236,28,224,331.16,0.9815,0.6059,0.240479,18,29,92,269.37,0.8661,0.1661,0.017799,4.284
842933,520,471,991,179,21,235,313.61,0.9771,0.5153,0.161193,7,6,7,325.79,0.0719,0.0425,0.001908,4.069
842952,520,382,902,243,52,162,351.08,0.9165,0.5987,0.241224,60,13,65,323.74,0.7579,0.1637,0.016303,4.392
842959,520,469,989,233,2,47,23.41,0.9986,0.5239,0.175754,12,4,9,339.67,0.4034,0.0432,0.001847,4.354
842970,520,396,916,208,88,171,341.23,0.7102,0.5807,0.233315,48,20,47,328.61,0.5480,0.1416,0.013340,4.473
842981,520,398,918,209,102,101,22.19,0.6368,0.5792,0.239996,13,33,58,255.12,0.6176,0.1424,0.014787,4.476
842988,520,418,938,245,12,104,8.83,0.9890,0.5627,0.206783,6,20,68,265.73,0.8983,0.1157,0.009563,4.311
843038,520,420,940,248,7,27,27.38,0.9971,0.5555,0.201912,33,7,58,302.16,0.8209,0.1080,0.007808,4.358
843059,520,291,811,225,114,244,321.60,0.9262,0.6835,0.345755,61,58,25,104.05,0.5554,0.2449,0.040884,4.354
843067,520,407,927,209,67,196,331.83,0.8334,0.5695,0.215570,49,12,53,323.69,0.7165,0.1349,0.011730,4.302
843075,520,437,957,200,29,236,319.17,0.9713,0.5534,0.192158,32,10,27,336.69,0.5458,0.0887,0.006033,4.322
843087,520,407,927,245,46,71,21.23,0.9514,0.5711,0.218248,9,36,27,168.20,0.6965,0.1330,0.013989,4.192
843091,520,288,808,219,117,241,320.28,0.8949,0.6781,0.341351,56,58,22,111.88,0.6115,0.2387,0.039248,4.385
843126,520,468,988,159,59,244,303.77,0.9363,0.5205,0.170310,14,4,6,4.14,0.4223,0.0443,0.001934,4.242
843129,520,381,901,243,15,201,338.63,0.9901,0.6005,0.236164,31,23,84,282.08,0.7789,0.1558,0.015442,4.373
843131,520,424,944,246,14,62,21.17,0.9916,0.5564,0.202583,23,25,29,264.38,0.0993,0.1109,0.009661,4.234
843143,520,376,896,177,107,226,309.42,0.7575,0.5975,0.253542,2,46,0,141.84,1.0000,0.1585,0.019668,4.357
843148,520,401,921,232,15,194,338.02,0.9850,0.5761,0.213952,34,30,37,310.77,0.1433,0.1392,0.014022,4.123
843151,520,424,944,232,66,26,34.02,0.9628,0.5581,0.211298,7,29,25,179.77,0.6240,0.1093,0.009941,4.359
843155,520,389,909,237,61,137,359.39,0.8700,0.5851,0.231511,1,36,61,244.66,0.9377,0.1479,0.016050,4.262
843159,520,420,940,235,42,129,0.23,0.9161,0.5633,0.209061,28,25,18,87.55,0.1936,0.1122,0.009858,4.328
843186,520,353,873,239,54,215,334.23,0.9458,0.6201,0.258981,2,51,0,141.95,1.0000,0.1762,0.023805,4.186
843189,520,405,925,218,50,215,328.91,0.9256,0.5811,0.220950,0,22,83,262.56,1.0001,0.1332,0.011983,4.371
843191,520,241,761,231,161,101,60.50,0.6882,0.7262,0.434201,8,80,19,144.62,0.9885,0.2819,0.058357,4.469
843207,520,406,926,229,1,209,333.29,0.9992,0.5768,0.212857,19,14,81,275.71,0.9128,0.1272,0.010466,4.347
843218,520,431,951,214,65,148,350.39,0.7897,0.5513,0.202171,38,1,50,316.28,0.9361,0.0999,0.006641,4.452
843219,520,476,996,204,22,170,338.20,0.9367,0.5119,0.163155,3,1,10,295.26,0.7289,0.0249,0.000630,4.210
843223,520,432,952,219,57,138,354.81,0.8263,0.5481,0.198237,13,25,10,139.51,0.5693,0.0964,0.008027,4.278
843230,520,420,940,243,29,67,20.54,0.9749,0.5563,0.203421,13,27,24,179.08,0.3591,0.1064,0.009354,4.270
843233,520,428,948,240,30,121,3.16,0.9553,0.5638,0.208375,44,10,4,34.13,0.8069,0.1020,0.007614,4.485
843236,520,455,975,208,26,184,335.00,0.9397,0.5294,0.176114,16,3,33,300.42,0.8019,0.0587,0.002851,4.278
843275,520,477,997,226,25,33,27.03,0.9798,0.5143,0.169767,3,1,7,302.32,0.6483,0.0233,0.000564,4.346
843305,520,296,816,243,123,148,8.33,0.7920,0.6815,0.353614,22,67,10,140.02,0.9711,0.2402,0.042067,4.384
843314,520,380,900,251,35,147,356.73,0.9672,0.5973,0.238214,50,23,59,317.08,0.5820,0.1577,0.016067,4.362
843325,520,384,904,217,61,221,326.94,0.9103,0.5924,0.233117,37,13,84,290.64,0.8575,0.1469,0.013212,4.479
843329,520,385,905,216,73,200,332.64,0.8397,0.5899,0.235362,37,18,78,291.71,0.7774,0.1477,0.013760,4.476
843330,520,293,813,248,93,225,334.08,0.9608,0.6785,0.332241,78,39,72,333.07,0.4989,0.2393,0.035388,4.477
843336,520,432,952,204,68,180,335.64,0.7906,0.5531,0.202687,37,8,32,334.97,0.6565,0.0961,0.006713,4.456
843337,520,453,973,197,77,127,357.24,0.6797,0.5278,0.187122,2,12,37,261.18,0.8497,0.0678,0.004094,4.384
843340,520,430,950,237,47,38,28.69,0.9572,0.5513,0.201807,4,26,22,179.74,0.7359,0.0974,0.008225,4.325
843350,520,463,983,216,36,143,350.77,0.8923,0.5281,0.178463,9,3,27,292.05,0.7682,0.0473,0.002023,4.392
843351,520,462,982,227,10,121,360.00,0.9819,0.5305,0.179313,5,8,13,255.48,0.2603,0.0476,0.002350,4.380
843355,520,394,914,243,30,161,350.48,0.9616,0.5852,0.225596,48,0,79,305.66,1.0000,0.1426,0.011929,4.450
843358,520,357,877,246,42,205,338.46,0.9638,0.6190,0.256596,13,50,12,142.82,0.9476,0.1781,0.023932,4.147
843377,520,361,881,201,103,228,318.54,0.8142,0.6240,0.277207,9,52,7,142.33,0.9746,0.1829,0.025293,4.346
843386,520,458,978,206,22,194,331.57,0.9569,0.5305,0.175926,24,7,4,35.05,0.5733,0.0633,0.003549,4.219
843389,520,473,993,164,46,244,306.20,0.9464,0.5154,0.163788,3,3,6,284.11,0.2655,0.0296,0.000976,4.194
843411,520,351,871,239,33,247,326.44,0.9859,0.6285,0.261564,38,36,82,282.00,0.5831,0.1876,0.022830,4.278
843412,520,429,949,212,6,208,329.38,0.9926,0.5463,0.186834,36,11,31,335.65,0.5752,0.0985,0.007134,4.145
843418,520,270,790,247,107,226,333.73,0.9522,0.6954,0.357831,21,69,68,193.18,0.6939,0.2616,0.048328,4.148
843420,520,478,998,188,19,209,322.55,0.9660,0.5082,0.157620,7,0,5,336.40,1.0000,0.0242,0.000561,4.106
843422,520,443,963,202,15,224,322.71,0.9845,0.5424,0.182817,14,17,31,273.94,0.3660,0.0838,0.005932,4.163
843451,520,465,985,228,12,76,15.60,0.9860,0.5202,0.172817,16,6,15,330.28,0.4174,0.0544,0.002749,4.224
843462,520,405,925,228,8,214,331.78,0.9939,0.5796,0.215252,54,13,20,13.69,0.6813,0.1290,0.011228,4.332
843463,520,476,996,172,5,241,310.46,0.9956,0.5052,0.152310,1,1,8,277.00,0.7555,0.0209,0.000457,4.010
843477,520,188,708,250,156,242,329.95,0.9717,0.7853,0.505137,26,82,113,237.27,0.7210,0.3277,0.074461,4.460
843485,520,403,923,244,28,142,356.74,0.9637,0.5784,0.220199,55,13,28,1.88,0.6687,0.1336,0.011840,4.369
843486,520,465,985,133,92,222,294.28,0.7712,0.5162,0.179148,23,1,3,16.78,0.8683,0.0484,0.002105,4.398
843497,520,478,998,175,30,230,313.34,0.9572,0.5088,0.157567,0,1,8,261.19,1.0000,0.0192,0.000392,4.119
843507,520,388,908,219,15,251,320.91,0.9936,0.5918,0.223688,53,10,63,319.24,0.7822,0.1468,0.013329,4.322
843520,520,401,921,225,14,225,328.33,0.9907,0.5828,0.217602,62,6,17,15.74,0.8552,0.1360,0.011950,4.320
843522,520,453,973,223,49,74,19.12,0.9047,0.5295,0.183817,1,4,52,265.68,0.9787,0.0657,0.003412,4.378
843529,520,469,989,151,94,187,310.88,0.6100,0.5164,0.181730,21,0,9,351.87,1.0000,0.0450,0.001792,4.474
843541,520,465,985,225,41,44,26.54,0.9523,0.5227,0.177781,13,7,1,79.19,0.7128,0.0486,0.002397,4.347
843550,520,397,917,236,1,192,339.43,0.9991,0.5796,0.216632,45,18,56,315.04,0.6370,0.1395,0.012761,4.248
843560,520,280,800,231,133,177,352.40,0.6788,0.6912,0.369404,5,71,0,141.78,1.0000,0.2480,0.045385,4.397
843573,520,405,925,239,18,181,343.33,0.9818,0.5829,0.221225,61,4,14,17.45,0.9017,0.1308,0.011108,4.438
843590,520,478,998,191,9,203,325.05,0.9832,0.5060,0.155851,0,0,20,264.05,1.0000,0.0236,0.000505,4.076
843603,520,434,954,184,100,136,353.96,0.5108,0.5476,0.210835,20,22,32,275.67,0.2354,0.1017,0.008268,4.476
843610,520,460,980,178,77,196,321.34,0.7483,0.5326,0.187593,8,10,27,275.88,0.5113,0.0615,0.003478,4.443
843642,520,296,816,246,94,233,331.27,0.9574,0.6809,0.334840,61,41,107,293.73,0.6483,0.2442,0.036395,4.454
843648,520,384,904,230,81,117,9.38,0.7948,0.5878,0.239949,34,35,37,264.50,0.0397,0.1526,0.016757,4.343
843652,520,460,980,182,36,235,314.12,0.9525,0.5275,0.172061,18,9,5,49.76,0.3680,0.0598,0.003349,4.162
843668,520,414,934,208,54,212,326.95,0.8983,0.5655,0.208035,19,14,75,276.97,0.8873,0.1203,0.009605,4.329
843672,520,236,756,233,140,246,322.52,0.9306,0.7374,0.427353,43,79,21,135.77,0.9039,0.2931,0.061595,4.278
843680,520,236,756,249,146,173,3.61,0.8283,0.7386,0.437171,3,72,114,243.96,0.9475,0.2933,0.058687,4.482
843704,520,385,905,218,44,231,324.91,0.9545,0.5878,0.224784,57,6,62,324.02,0.8229,0.1488,0.013480,4.329
843708,520,404,924,192,69,243,313.91,0.9291,0.5769,0.219350,23,27,51,275.00,0.4486,0.1285,0.012050,4.341
843735,520,330,850,243,41,249,326.86,0.9825,0.6404,0.274828,66,28,87,311.45,0.6841,0.2112,0.026770,4.231
843740,520,391,911,213,42,244,320.58,0.9652,0.5877,0.223355,61,15,21,16.47,0.7045,0.1459,0.013881,4.279
843760,520,356,876,212,85,241,319.66,0.9201,0.6233,0.268465,12,38,91,262.35,0.8520,0.1830,0.022196,4.411
843764,520,444,964,224,44,109,5.80,0.8894,0.5364,0.187555,34,0,29,334.67,1.0000,0.0761,0.004288,4.376
843780,520,402,922,236,59,140,357.87,0.8726,0.5825,0.228572,20,25,64,273.79,0.6620,0.1313,0.012141,4.483
843795,520,345,865,243,40,238,329.40,0.9792,0.6325,0.267481,30,9,129,274.71,0.9826,0.1927,0.020562,4.499
843800,520,319,839,248,60,233,331.73,0.9710,0.6507,0.290743,74,41,36,29.36,0.4128,0.2220,0.031693,4.171
843836,520,432,952,214,65,142,352.84,0.7867,0.5487,0.200320,37,2,46,318.60,0.8743,0.0964,0.006340,4.443
843852,520,400,920,216,82,165,345.61,0.7501,0.5828,0.233523,38,31,14,87.72,0.4567,0.1392,0.014238,4.414
843873,520,399,919,253,23,73,19.33,0.9894,0.5757,0.219802,11,37,24,159.19,0.6956,0.1362,0.014602,4.176
843881,520,408,928,210,36,236,321.74,0.9655,0.5734,0.210213,20,33,23,151.10,0.3624,0.1289,0.012983,4.132
843882,520,374,894,223,49,225,327.63,0.9450,0.5954,0.233230,47,10,83,300.83,0.8630,0.1556,0.014460,4.394
843885,520,425,945,220,58,165,345.01,0.8416,0.5629,0.209607,19,15,66,278.75,0.8210,0.1123,0.008734,4.420
843896,520,445,965,230,55,31,31.18,0.9562,0.5433,0.196573,28,1,49,305.21,0.9481,0.0837,0.004904,4.491
843899,520,428,948,223,7,200,334.23,0.9921,0.5613,0.200125,15,15,60,276.01,0.8068,0.1031,0.007694,4.335
843901,520,387,907,209,54,248,318.31,0.9666,0.5926,0.229726,61,5,55,333.20,0.8201,0.1502,0.013766,4.387
843932,520,458,978,178,10,254,309.42,0.9955,0.5276,0.168388,16,6,21,314.08,0.5184,0.0572,0.002946,4.125
843935,520,450,970,205,75,127,358.81,0.7156,0.5389,0.195456,4,12,43,266.33,0.8411,0.0742,0.004631,4.493
843937,520,365,885,231,93,130,6.52,0.7668,0.6097,0.264319,6,48,13,145.79,0.9716,0.1687,0.021816,4.377
843940,520,365,885,252,20,179,346.72,0.9858,0.6073,0.244539,35,5,108,282.27,0.9749,0.1654,0.015485,4.498
843943,520,425,945,242,27,102,9.71,0.9671,0.5608,0.206237,35,22,11,60.59,0.4353,0.1118,0.009553,4.303
843949,520,430,950,209,89,67,32.27,0.7626,0.5507,0.211074,8,21,49,263.25,0.6974,0.1017,0.008097,4.494
843957,520,411,931,243,40,98,12.12,0.9459,0.5686,0.214574,15,31,10,138.67,0.7188,0.1160,0.011034,4.335
843969,520,430,950,242,20,47,24.57,0.9877,0.5478,0.195862,13,0,78,274.12,1.0000,0.1001,0.006356,4.363
843988,520,401,921,251,38,85,16.89,0.9753,0.5807,0.225550,57,13,32,357.39,0.6797,0.1390,0.012621,4.400
843991,520,199,719,254,161,152,25.85,0.9677,0.7675,0.488301,63,79,74,174.23,0.1646,0.3216,0.071430,4.433
844050,520,431,951,170,76,237,307.59,0.8814,0.5494,0.198300,29,22,5,88.00,0.6281,0.1027,0.008460,4.247
844056,520,410,930,215,88,94,20.16,0.7254,0.5650,0.222369,46,21,17,30.17,0.4765,0.1278,0.011577,4.423
844064,520,349,869,248,39,220,334.94,0.9757,0.6296,0.265779,25,41,78,264.72,0.5885,0.1862,0.023425,4.301
844074,520,401,921,246,55,82,19.27,0.9445,0.5820,0.229378,54,16,25,8.41,0.6134,0.1351,0.012252,4.488
844093,520,362,882,231,20,240,326.22,0.9906,0.6053,0.237829,71,9,68,330.32,0.8051,0.1822,0.019525,4.140
844095,520,407,927,237,4,172,345.39,0.9955,0.5714,0.210729,6,37,20,155.67,0.8863,0.1328,0.014123,4.066
844097,520,462,982,179,58,221,315.65,0.8755,0.5292,0.178313,19,1,11,345.27,0.7786,0.0452,0.001843,4.404
844100,520,444,964,176,46,248,309.10,0.9636,0.5363,0.179623,30,3,31,326.59,0.7735,0.0761,0.004401,4.221
844107,520,475,995,222,4,135,353.97,0.9910,0.5244,0.173684,12,1,4,358.26,0.7084,0.0331,0.001086,4.379
844108,520,412,932,185,78,230,314.20,0.8567,0.5676,0.214773,49,7,31,349.68,0.7341,0.1156,0.009040,4.485
844131,520,469,989,180,4,245,311.94,0.9969,0.5212,0.163838,4,0,36,276.69,1.0000,0.0429,0.001532,4.150
844154,520,351,871,235,86,188,342.32,0.8470,0.6302,0.279511,35,44,60,261.73,0.2767,0.1900,0.024849,4.402
844166,520,358,878,245,66,164,351.73,0.9108,0.6150,0.259923,78,10,36,3.79,0.8064,0.1803,0.019644,4.450
844175,520,435,955,245,14,18,28.53,0.9941,0.5501,0.197738,17,19,21,248.11,0.0723,0.0864,0.006391,4.393
844181,520,447,967,239,23,14,29.32,0.9887,0.5401,0.189986,17,11,44,286.55,0.6882,0.0831,0.005404,4.332
844183,520,408,928,242,3,146,354.46,0.9966,0.5691,0.210209,34,4,81,291.09,0.9464,0.1296,0.010210,4.322
844187,520,459,979,161,75,228,306.51,0.8429,0.5288,0.182112,22,8,11,6.19,0.3939,0.0645,0.003684,4.324
844226,520,396,916,218,39,227,325.94,0.9587,0.5820,0.219046,22,2,98,276.01,0.9923,0.1369,0.010958,4.414
844239,520,389,909,246,14,170,348.02,0.9879,0.5898,0.228125,59,6,57,329.83,0.8092,0.1488,0.013556,4.376
844244,520,337,857,255,86,122,11.68,1.0000,0.6402,0.293242,30,53,27,141.55,0.6107,0.2004,0.029013,4.344
844255,520,405,925,240,70,11,35.88,0.9886,0.5775,0.229329,16,32,41,234.37,0.4011,0.1307,0.013032,4.432
844261,520,406,926,236,3,199,337.54,0.9975,0.5840,0.220243,9,33,47,237.47,0.6285,0.1332,0.013510,4.255
844266,520,461,981,185,50,217,318.91,0.8935,0.5281,0.176065,22,0,14,342.66,1.0000,0.0484,0.002023,4.345
844274,520,323,843,253,83,167,353.88,0.9724,0.6481,0.298624,54,39,80,299.00,0.5013,0.2104,0.028145,4.461
844277,520,396,916,176,91,235,308.72,0.8439,0.5768,0.227112,17,31,52,258.28,0.4941,0.1351,0.013470,4.366
844282,520,412,932,243,32,120,4.12,0.9556,0.5704,0.214471,52,7,31,352.31,0.7479,0.1214,0.009811,4.422
844293,520,470,990,195,50,177,333.69,0.8301,0.5176,0.170593,4,2,27,279.62,0.8837,0.0400,0.001484,4.285
844315,520,456,976,211,44,165,342.10,0.8662,0.5348,0.183690,4,14,14,195.54,0.4440,0.0610,0.003716,4.350
844316,520,410,930,246,31,107,8.87,0.9637,0.5722,0.216378,22,30,41,256.45,0.2744,0.1294,0.012592,4.256
844320,520,463,983,186,48,222,318.02,0.9090,0.5318,0.178282,5,10,6,151.49,0.3180,0.0498,0.002625,4.338
844332,520,125,645,226,199,254,307.04,0.9551,0.8487,0.641718,31,99,119,221.42,0.7300,0.3833,0.105464,4.449
844343,520,441,961,236,2,79,15.22,0.9980,0.5356,0.184440,32,14,6,45.55,0.5530,0.0889,0.006343,4.161
844363,520,280,800,234,142,80,52.91,0.7752,0.6880,0.374199,12,72,8,142.15,0.9852,0.2539,0.047302,4.360
844372,520,440,960,197,52,218,322.22,0.9008,0.5498,0.193898,7,24,11,150.02,0.6922,0.0899,0.007226,4.262
844374,520,475,995,199,22,198,328.56,0.9553,0.5206,0.167949,7,1,2,6.35,0.6054,0.0262,0.000713,4.298
844376,520,373,893,241,21,205,337.15,0.9849,0.6008,0.236478,58,29,8,53.52,0.7123,0.1632,0.017959,4.215
844387,520,479,999,137,90,209,298.94,0.7175,0.5072,0.172343,3,0,0,29.23,1.0000,0.0143,0.000194,4.430
844393,520,478,998,199,43,166,338.46,0.8472,0.5125,0.166249,0,1,17,263.76,1.0019,0.0249,0.000622,4.272
844439,520,317,837,229,131,57,54.16,0.8322,0.6563,0.331883,15,61,27,148.61,0.9278,0.2192,0.035180,4.483
844446,520,307,827,245,94,214,336.64,0.9334,0.6692,0.322756,73,43,40,26.03,0.3598,0.2261,0.032976,4.492
844454,520,426,946,181,68,245,310.08,0.9355,0.5615,0.205515,7,24,49,257.86,0.6926,0.1086,0.009201,4.316
844465,520,409,929,234,27,170,345.64,0.9595,0.5709,0.211814,10,32,40,224.64,0.5582,0.1268,0.012507,4.189
844483,520,321,841,251,44,233,332.41,0.9838,0.6453,0.281968,43,42,90,281.36,0.5616,0.2128,0.029076,4.198
844494,520,440,960,211,60,173,339.88,0.8218,0.5528,0.200998,8,16,48,268.66,0.7506,0.0894,0.006356,4.454
844505,520,477,997,179,62,185,325.81,0.7813,0.5079,0.165330,1,1,14,273.55,0.9013,0.0244,0.000599,4.256
844513,520,446,966,147,78,254,296.11,0.9901,0.5372,0.188077,20,17,15,55.94,0.0940,0.0823,0.005841,4.263
844516,520,380,900,218,56,242,322.06,0.9483,0.6041,0.241465,14,43,45,201.46,0.5827,0.1650,0.020105,4.158
844522,520,476,996,203,2,185,333.33,0.9953,0.5136,0.162447,1,0,19,273.06,1.0000,0.0243,0.000535,4.204
844524,520,447,967,234,14,94,10.60,0.9829,0.5376,0.186178,17,16,19,300.91,0.0878,0.0783,0.005368,4.266
844527,520,464,984,173,28,242,310.12,0.9703,0.5153,0.161265,9,7,4,83.13,0.2336,0.0458,0.002188,4.048
844528,520,453,973,165,89,198,314.56,0.6887,0.5334,0.192220,34,0,25,340.22,1.0000,0.0739,0.004103,4.477
844539,520,424,944,197,40,248,315.42,0.9678,0.5641,0.201666,40,14,40,327.41,0.5881,0.1146,0.009184,4.252
844545,520,455,975,212,72,6,39.15,0.9859,0.5259,0.186473,15,9,11,356.50,0.1867,0.0583,0.003211,4.444
844549,520,453,973,190,59,197,325.77,0.8288,0.5304,0.181077,16,12,20,307.26,0.2508,0.0688,0.004236,4.261
844560,520,366,886,228,56,230,327.59,0.9447,0.6122,0.250378,68,13,43,351.43,0.7334,0.1655,0.016914,4.489
844565,520,455,975,208,32,174,338.11,0.9112,0.5264,0.175010,13,8,29,291.72,0.5736,0.0629,0.003479,4.207
844566,520,362,882,219,69,230,325.00,0.9130,0.6090,0.250315,6,35,94,262.10,0.9265,0.1765,0.020488,4.261
844574,520,375,895,250,52,121,6.45,0.9558,0.5971,0.241639,1,7,119,264.52,0.9943,0.1613,0.014902,4.494
844575,520,403,923,236,29,173,345.21,0.9589,0.5770,0.217316,11,30,47,247.69,0.5657,0.1256,0.012049,4.308
844584,520,435,955,239,22,88,13.56,0.9758,0.5491,0.196324,35,14,1,55.57,0.8584,0.0924,0.006736,4.342
844601,520,433,953,199,34,232,319.74,0.9600,0.5512,0.191139,14,21,47,269.94,0.5730,0.1038,0.008349,4.133
844610,520,429,949,239,34,57,23.26,0.9687,0.5490,0.197935,14,26,20,162.05,0.3435,0.1027,0.008826,4.215
844619,520,479,999,190,77,100,10.43,0.6593,0.5064,0.171767,0,0,6,264.05,1.0000,0.0126,0.000131,4.424
844632,520,399,919,222,95,66,34.29,0.8072,0.5826,0.241098,18,36,39,209.18,0.3729,0.1428,0.015368,4.453
844634,520,441,961,178,57,240,310.90,0.9227,0.5418,0.186834,42,6,3,30.84,0.8688,0.0918,0.006291,4.207
844643,520,456,976,166,80,205,313.77,0.7506,0.5255,0.182529,26,5,13,357.30,0.5967,0.0649,0.003572,4.340
844648,520,429,949,238,45,47,26.70,0.9569,0.5527,0.202624,21,23,22,164.66,0.0480,0.1009,0.008301,4.333
844656,520,480,1000,216,28,117,359.98,0.9215,0.5130,0.167163,0,0,0,0.00,0.0000,0.0000,0.000000,4.343
844660,520,446,966,220,7,178,339.71,0.9880,0.5425,0.185844,9,9,55,273.74,0.8956,0.0837,0.005293,4.265
844663,520,414,934,239,5,162,348.86,0.9942,0.5706,0.210710,30,2,83,286.96,0.9775,0.1250,0.009440,4.386
844668,520,335,855,243,87,182,346.56,0.8863,0.6419,0.292513,27,45,80,262.48,0.5578,0.1997,0.026889,4.455
844695,520,353,873,217,90,221,326.45,0.8490,0.6244,0.272863,9,48,50,200.04,0.7591,0.1813,0.024022,4.362
844708,520,357,877,247,48,205,338.76,0.9568,0.6244,0.262989,16,39,85,262.31,0.7638,0.1817,0.022170,4.337
844719,520,401,921,246,39,103,10.77,0.9507,0.5753,0.220266,21,36,37,201.21,0.2915,0.1439,0.015547,4.123
844731,520,194,714,235,161,243,323.33,0.8891,0.7765,0.496244,43,82,83,197.72,0.4417,0.3196,0.071725,4.488
844739,520,432,952,200,40,226,321.34,0.9431,0.5517,0.192895,12,2,80,272.72,0.9913,0.1050,0.007007,4.261
844740,520,389,909,224,50,205,333.22,0.9213,0.5851,0.225386,7,29,86,263.97,0.9114,0.1546,0.015957,4.175
844745,520,270,790,253,126,142,13.74,0.9433,0.7001,0.377603,57,60,71,273.34,0.1361,0.2610,0.045565,4.474
844749,520,414,934,228,72,97,15.46,0.8281,0.5677,0.219945,6,24,59,261.54,0.8165,0.1162,0.010077,4.493
844758,520,316,836,252,92,171,353.19,0.9557,0.6586,0.312932,47,50,61,273.22,0.1550,0.2185,0.032224,4.414
844765,520,451,971,228,50,73,20.00,0.9140,0.5402,0.192591,23,10,18,342.84,0.3724,0.0721,0.004429,4.457
844808,520,470,990,204,13,195,330.77,0.9764,0.5246,0.170673,14,2,6,354.86,0.6111,0.0392,0.001499,4.285
844809,520,464,984,142,88,222,298.75,0.7809,0.5196,0.180043,19,1,13,340.51,0.7820,0.0460,0.001892,4.433
844822,520,386,906,255,45,46,27.20,1.0000,0.5875,0.233378,20,35,53,253.71,0.4388,0.1488,0.016078,4.289
844832,520,429,949,232,45,85,15.72,0.9227,0.5467,0.196914,23,5,69,285.22,0.9279,0.1046,0.007204,4.316
844833,520,448,968,228,19,135,355.58,0.9639,0.5403,0.187118,27,10,13,9.44,0.4231,0.0758,0.004792,4.328
844865,520,397,917,202,68,233,319.37,0.8991,0.5835,0.225755,32,34,14,113.65,0.4919,0.1406,0.014828,4.254
844868,520,399,919,218,68,179,340.03,0.8221,0.5763,0.222966,1,0,111,264.47,1.0000,0.1420,0.011540,4.436
844879,520,469,989,223,18,91,10.21,0.9691,0.5150,0.168787,16,0,4,0.93,1.0000,0.0356,0.001189,4.274
844892,520,403,923,249,25,108,8.63,0.9756,0.5760,0.219213,56,5,27,359.83,0.8029,0.1252,0.010286,4.466
844905,520,441,961,133,106,221,291.34,0.7238,0.5417,0.205150,17,17,40,281.20,0.5066,0.0920,0.006733,4.497
844911,520,418,938,235,63,17,34.24,0.9802,0.5604,0.212607,27,21,58,287.02,0.6138,0.1238,0.010748,4.323
844914,520,430,950,214,44,178,338.62,0.8863,0.5473,0.193141,43,6,13,13.24,0.7498,0.0961,0.006730,4.286
844921,520,436,956,234,11,135,356.60,0.9838,0.5502,0.194841,29,13,20,352.66,0.3790,0.0866,0.005996,4.372
844926,520,368,888,238,35,220,332.63,0.9735,0.6099,0.245492,19,18,110,271.02,0.9591,0.1690,0.016967,4.412
844927,520,403,923,241,33,145,355.36,0.9500,0.5760,0.218360,37,7,72,297.83,0.8753,0.1271,0.010132,4.463
844940,520,452,972,185,97,76,34.51,0.6004,0.5260,0.193869,7,17,20,218.21,0.3454,0.0732,0.004966,4.437
844947,520,476,996,180,33,225,315.94,0.9469,0.5142,0.162284,1,1,1,0.00,0.0000,0.0164,0.000304,4.220
844957,520,420,940,240,21,119,3.41,0.9726,0.5595,0.203967,20,27,12,129.06,0.4517,0.1082,0.009591,4.262
844971,520,441,961,222,4,160,345.68,0.9920,0.5360,0.181571,20,18,21,314.65,0.0893,0.0869,0.006355,4.109
844973,520,409,929,212,69,178,338.73,0.8022,0.5666,0.214697,56,11,4,32.89,0.8819,0.1269,0.010890,4.347
844980,520,314,834,255,77,193,345.02,1.0000,0.6563,0.304213,51,35,103,289.11,0.7008,0.2175,0.028851,4.492
844984,520,375,895,222,30,255,320.64,1.0000,0.6047,0.236802,5,33,85,261.16,0.9191,0.1622,0.017757,4.233
844997,520,388,908,235,79,101,16.16,0.8436,0.5901,0.241966,43,26,52,313.16,0.4549,0.1491,0.015003,4.492
845013,520,423,943,150,96,244,296.51,0.8801,0.5595,0.213816,54,3,6,23.58,0.9359,0.1127,0.008627,4.500
845031,520,328,848,219,104,219,327.45,0.8135,0.6457,0.300770,27,51,68,240.91,0.4543,0.2088,0.030179,4.375
845058,520,364,884,223,77,199,335.01,0.8443,0.6054,0.251215,14,43,55,228.29,0.6080,0.1702,0.020969,4.244
845078,520,467,987,205,39,164,340.71,0.8710,0.5196,0.171125,12,0,28,301.78,1.0000,0.0438,0.001620,4.284
845083,520,441,961,125,93,255,286.39,1.0000,0.5374,0.194084,23,22,0,107.56,1.0000,0.0947,0.007560,4.241
845086,520,351,871,230,76,219,330.91,0.9002,0.6271,0.271087,4,55,19,148.19,0.9830,0.1934,0.028051,4.114
845098,520,432,952,225,70,40,32.94,0.9217,0.5502,0.205438,7,25,26,200.15,0.5231,0.0978,0.008150,4.393
845105,520,466,986,206,65,88,15.17,0.7842,0.5159,0.176092,11,10,1,105.47,0.7665,0.0535,0.002904,4.274
845109,520,339,859,246,13,249,327.68,0.9967,0.6357,0.267231,63,22,90,308.49,0.7581,0.2003,0.023689,4.305
845116,520,476,996,207,39,145,347.97,0.8618,0.5136,0.167629,4,0,8,311.99,1.0000,0.0216,0.000433,4.315
845118,520,455,975,190,3,242,315.41,0.9977,0.5343,0.174244,22,6,7,16.53,0.4935,0.0593,0.003162,4.218
845136,520,329,849,244,95,166,353.76,0.8641,0.6471,0.301736,33,48,75,261.59,0.4308,0.2087,0.029452,4.427
845153,520,475,995,230,17,35,26.25,0.9885,0.5199,0.173483,6,2,15,299.86,0.6756,0.0342,0.001166,4.368
845154,520,437,957,244,18,71,18.88,0.9867,0.5548,0.201241,5,24,2,139.70,0.9623,0.0866,0.006899,4.416
845160,520,453,973,207,74,102,11.14,0.7357,0.5330,0.191244,13,7,44,283.41,0.7966,0.0726,0.004194,4.452
845163,520,409,929,249,12,78,17.16,0.9923,0.5650,0.209564,35,3,84,290.88,0.9621,0.1332,0.010625,4.281
845181,520,362,882,253,74,29,34.31,0.9895,0.6078,0.258725,63,21,72,320.15,0.6961,0.1843,0.020611,4.372
845187,520,377,897,230,38,225,329.46,0.9672,0.6006,0.236479,46,10,90,296.58,0.8873,0.1616,0.015361,4.383
845191,520,367,887,254,69,62,27.37,0.9940,0.6075,0.256785,3,33,93,261.65,0.9594,0.1696,0.018973,4.448
845197,520,440,960,215,54,168,342.48,0.8448,0.5517,0.199148,40,7,15,9.02,0.6870,0.0926,0.006376,4.419
845207,520,24,544,245,248,226,113.24,0.6767,0.9662,0.920383,10,133,44,146.20,0.9939,0.4645,0.170207,4.407
845218,520,422,942,209,22,223,324.75,0.9769,0.5559,0.194587,34,9,54,305.69,0.7674,0.1085,0.008018,4.216
845227,520,314,834,246,93,202,340.75,0.9259,0.6635,0.316886,15,48,106,260.79,0.8454,0.2234,0.032559,4.444
845238,520,257,777,183,163,211,303.72,0.4192,0.7082,0.409650,14,74,51,162.55,0.9077,0.2693,0.052297,4.493
845240,520,353,873,244,64,193,341.93,0.9253,0.6248,0.267531,60,27,64,323.17,0.5715,0.1836,0.021148,4.463
845255,520,457,977,184,0,245,313.12,1.0000,0.5266,0.167841,7,13,2,128.98,0.7263,0.0574,0.003374,4.081
845265,520,459,979,165,53,249,305.11,0.9650,0.5273,0.173857,24,7,4,35.05,0.5733,0.0633,0.003549,4.180
845282,520,389,909,210,65,227,323.32,0.9031,0.5888,0.230300,62,6,43,345.65,0.7962,0.1460,0.013290,4.429
845291,520,474,994,204,37,176,336.46,0.8895,0.5232,0.172971,4,3,3,17.77,0.0899,0.0294,0.000975,4.374
845292,520,470,990,201,6,203,327.81,0.9901,0.5231,0.168614,19,0,15,335.76,1.0000,0.0444,0.001730,4.226
845293,520,446,966,197,86,112,7.86,0.6354,0.5360,0.196975,21,17,19,346.20,0.1029,0.0848,0.006074,4.404
845300,520,452,972,235,3,62,19.98,0.9976,0.5305,0.180783,15,5,44,287.94,0.8299,0.0708,0.003919,4.280
845304,520,406,926,224,65,165,346.42,0.8311,0.5768,0.223470,3,24,77,263.00,0.9467,0.1322,0.012084,4.405
845323,520,476,996,147,53,253,298.51,0.9878,0.5070,0.158414,1,3,0,132.12,1.0000,0.0241,0.000716,4.109
845329,520,475,995,187,44,211,321.27,0.9010,0.5219,0.170707,3,0,20,285.05,1.0000,0.0279,0.000699,4.353
845336,520,442,962,215,76,66,27.66,0.8254,0.5423,0.200117,2,22,19,182.74,0.8283,0.0831,0.006337,4.440
845340,520,444,964,213,50,159,344.95,0.8448,0.5401,0.189328,23,8,38,304.00,0.6768,0.0798,0.004958,4.355
845348,520,325,845,226,122,132,14.89,0.6557,0.6492,0.317559,37,56,19,131.83,0.7294,0.2139,0.032686,4.445
845350,520,336,856,225,82,243,323.05,0.9432,0.6406,0.285152,2,56,19,148.47,0.9920,0.1963,0.028881,4.249
845383,520,411,931,241,55,59,25.45,0.9391,0.5683,0.217522,37,14,54,307.80,0.6866,0.1199,0.009738,4.478
845390,520,363,883,234,69,189,340.93,0.8775,0.6101,0.254254,3,28,103,263.85,0.9696,0.1700,0.018290,4.455
845411,520,468,988,223,39,19,30.46,0.9764,0.5151,0.171888,8,3,10,318.37,0.4622,0.0369,0.001387,4.318
845415,520,468,988,208,15,182,335.54,0.9681,0.5242,0.171310,1,1,36,267.49,0.9882,0.0423,0.001555,4.293
845419,520,328,848,233,72,254,322.83,0.9955,0.6500,0.291163,53,42,68,303.15,0.3505,0.2082,0.028302,4.357
845429,520,352,872,224,82,220,328.93,0.8788,0.6248,0.270513,10,42,83,256.50,0.8032,0.1855,0.023449,4.364
845433,520,163,683,222,188,230,319.81,0.5589,0.8111,0.572099,5,98,58,156.93,0.9875,0.3501,0.090727,4.421
845434,520,292,812,215,131,217,326.16,0.7099,0.6834,0.356908,40,62,52,164.55,0.3253,0.2437,0.041442,4.450
845440,520,415,935,237,10,174,344.86,0.9891,0.5735,0.212806,56,4,22,5.78,0.8370,0.1222,0.009857,4.391
845448,520,439,959,247,1,6,28.91,0.9996,0.5512,0.198126,12,24,15,151.41,0.4236,0.0940,0.007659,4.303
845450,520,431,951,194,0,251,314.59,1.0000,0.5478,0.184357,29,21,7,80.63,0.5134,0.1006,0.008129,4.032
845451,520,370,890,191,87,255,309.73,1.0000,0.6060,0.251137,63,17,52,338.42,0.6758,0.1656,0.017057,4.491
845453,520,428,948,207,11,237,321.01,0.9924,0.5599,0.196209,23,20,31,296.87,0.2557,0.0993,0.007814,4.259
845460,520,360,880,226,91,178,343.97,0.7737,0.6172,0.268676,4,43,79,251.18,0.8747,0.1830,0.023179,4.355
845468,520,363,883,214,85,219,326.21,0.8487,0.6122,0.259094,69,24,11,36.73,0.7595,0.1739,0.019428,4.452
845476,520,419,939,170,92,214,311.62,0.7421,0.5556,0.210561,41,6,54,314.95,0.8061,0.1150,0.008681,4.440
845477,520,459,979,189,54,209,322.15,0.8691,0.5322,0.180620,13,13,11,106.86,0.0695,0.0649,0.003976,4.273
845481,520,423,943,246,23,18,28.99,0.9892,0.5551,0.202529,24,23,30,291.71,0.1579,0.1072,0.009007,4.280
845485,520,463,983,197,41,200,327.30,0.9008,0.5287,0.176280,10,0,32,293.42,1.0000,0.0451,0.001688,4.378
845494,520,391,911,227,20,229,327.83,0.9872,0.5907,0.224907,40,26,63,298.96,0.5564,0.1528,0.015488,4.198
845497,520,436,956,237,0,117,2.97,1.0000,0.5475,0.192920,39,10,9,24.80,0.6510,0.0940,0.006682,4.286
845509,520,429,949,198,24,235,318.94,0.9769,0.5472,0.186587,17,6,70,278.58,0.9421,0.1016,0.006916,4.157
845531,520,272,792,221,139,198,337.89,0.6386,0.6972,0.379162,3,67,87,226.15,0.9466,0.2603,0.047215,4.415
845547,520,302,822,252,88,207,340.41,0.9759,0.6698,0.321829,20,64,14,141.37,0.9567,0.2294,0.038471,4.203
845550,520,459,979,237,17,7,29.44,0.9942,0.5334,0.184240,25,5,11,1.78,0.5820,0.0628,0.003394,4.387
845581,520,463,983,218,54,104,7.99,0.8432,0.5315,0.185457,2,11,15,221.60,0.5960,0.0525,0.002867,4.454
845616,520,429,949,228,52,95,12.64,0.8865,0.5468,0.197790,0,10,72,263.91,1.0030,0.0988,0.006849,4.359
845637,520,398,918,255,0,115,6.52,1.0000,0.5841,0.225016,11,21,83,268.48,0.9165,0.1364,0.012319,4.413
845640,520,471,991,177,7,247,310.62,0.9948,0.5190,0.162155,20,1,3,14.58,0.8330,0.0437,0.001770,4.098
845642,520,398,918,212,57,218,326.41,0.9069,0.5786,0.219872,33,16,82,286.93,0.8316,0.1442,0.013031,4.282
845651,520,404,924,218,92,93,22.25,0.7301,0.5760,0.233523,25,35,1,124.25,0.9637,0.1346,0.014109,4.423
845680,520,278,798,234,125,202,339.38,0.7917,0.6919,0.364260,26,69,6,138.22,0.9812,0.2485,0.044889,4.366
845684,520,457,977,210,60,115,2.82,0.7922,0.5257,0.181734,21,1,38,305.47,0.9222,0.0646,0.003211,4.355
845687,520,480,1000,222,36,29,28.73,0.9649,0.5116,0.168828,0,0,0,0.00,0.0000,0.0000,0.000000,4.377
845703,520,414,934,239,60,59,26.23,0.9282,0.5689,0.219014,43,20,14,35.52,0.4861,0.1201,0.010457,4.450
845712,520,447,967,232,39,90,13.35,0.9333,0.5437,0.193480,30,13,10,30.86,0.4316,0.0849,0.005858,4.359
845716,520,441,961,237,32,56,23.21,0.9703,0.5436,0.193263,0,5,73,264.20,0.9888,0.0926,0.005895,4.352
845727,520,467,987,216,35,121,358.91,0.8956,0.5184,0.171839,9,4,0,77.36,1.0000,0.0367,0.001449,4.312
845731,520,478,998,164,69,203,314.50,0.7851,0.5059,0.164614,1,2,0,126.59,1.0000,0.0203,0.000499,4.250
845732,520,442,962,185,48,240,313.46,0.9371,0.5445,0.187206,11,18,11,144.75,0.3123,0.0756,0.005279,4.291
845750,520,382,902,246,79,27,36.07,0.9701,0.6001,0.252673,13,42,38,183.18,0.6157,0.1583,0.018814,4.398
845751,520,456,976,236,14,13,28.89,0.9932,0.5306,0.181793,16,9,12,351.26,0.2203,0.0597,0.003321,4.347
845756,520,454,974,228,36,42,26.43,0.9637,0.5253,0.179259,6,20,0,134.48,1.0000,0.0749,0.005390,4.139
845759,520,461,981,204,13,203,328.59,0.9799,0.5301,0.174389,9,5,18,298.48,0.4989,0.0465,0.002103,4.307
845760,520,353,873,252,81,63,29.64,0.9810,0.6170,0.269427,13,50,38,168.17,0.7571,0.1843,0.025066,4.255
845771,520,388,908,225,81,137,359.71,0.7655,0.5855,0.237010,13,31,69,263.02,0.7325,0.1458,0.014951,4.419
845778,520,407,927,234,27,162,348.14,0.9568,0.5670,0.208878,38,4,78,296.32,0.9341,0.1314,0.010490,4.280
845786,520,462,982,178,34,249,309.94,0.9718,0.5322,0.174495,23,3,0,40.51,1.0000,0.0521,0.002473,4.278
845789,520,433,953,209,46,195,332.09,0.8940,0.5499,0.194514,21,23,13,117.37,0.2953,0.0981,0.008013,4.215
845794,520,427,947,209,21,225,324.27,0.9792,0.5570,0.195298,1,22,44,250.06,0.8952,0.0963,0.007621,4.257
845803,520,432,952,232,19,150,351.38,0.9691,0.5547,0.198265,34,9,37,323.27,0.6530,0.0958,0.006691,4.379
845813,520,445,965,199,75,147,347.76,0.7080,0.5367,0.192826,18,16,20,307.92,0.1190,0.0797,0.005497,4.375
845817,520,382,902,227,45,226,328.43,0.9560,0.6002,0.237010,67,16,27,11.54,0.7093,0.1610,0.016432,4.320
845831,520,296,816,238,131,126,23.65,0.7555,0.6818,0.359186,32,64,49,162.22,0.5159,0.2435,0.041955,4.450
845833,520,454,974,198,66,154,343.61,0.7506,0.5269,0.182371,6,12,35,268.49,0.6656,0.0694,0.004230,4.285
845843,520,380,900,246,57,137,0.67,0.9209,0.5985,0.243285,19,18,105,271.52,0.9521,0.1625,0.015909,4.450
845849,520,376,896,229,43,215,331.75,0.9516,0.5953,0.232945,59,25,3,50.53,0.8431,0.1559,0.016318,4.267
845868,520,381,901,254,9,157,353.47,0.9937,0.5987,0.237041,39,31,54,299.38,0.3731,0.1566,0.016777,4.299
845874,520,480,1000,196,48,163,338.76,0.8206,0.5095,0.164958,0,0,0,0.00,0.0000,0.0000,0.000000,4.299
845883,520,310,830,251,62,237,331.44,0.9838,0.6597,0.300719,81,35,37,19.05,0.5368,0.2220,0.030852,4.338
845907,520,408,928,192,73,229,317.05,0.8682,0.5710,0.216299,59,6,14,18.12,0.8573,0.1289,0.010919,4.371
845920,520,391,911,191,97,210,320.66,0.7349,0.5897,0.242801,25,39,1,127.61,0.9755,0.1472,0.016599,4.396
845931,520,319,839,245,110,84,32.61,0.9013,0.6483,0.312074,44,42,99,280.95,0.6255,0.2213,0.030922,4.474
845932,520,422,942,171,90,219,310.90,0.7704,0.5572,0.210855,51,4,27,355.70,0.8020,0.1137,0.008699,4.444
845933,520,479,999,208,51,91,11.31,0.8374,0.5054,0.165352,0,0,3,264.05,1.0000,0.0094,0.000066,4.301
845937,520,414,934,221,7,216,329.59,0.9940,0.5681,0.204843,0,25,66,258.38,1.0000,0.1219,0.010885,4.186
845944,520,468,988,207,39,151,345.79,0.8649,0.5166,0.169529,20,0,2,15.98,1.0000,0.0408,0.001531,4.260
845947,520,456,976,210,51,148,348.28,0.8267,0.5302,0.182096,0,6,42,263.07,1.0004,0.0585,0.002974,4.381
845955,520,409,929,251,7,95,12.30,0.9951,0.5718,0.214911,8,13,89,268.19,0.9678,0.1290,0.010607,4.371
845958,520,389,909,249,39,123,4.53,0.9534,0.5871,0.230243,57,20,27,10.62,0.5672,0.1479,0.014494,4.345
845974,520,435,955,232,46,87,15.16,0.9187,0.5479,0.198009,24,7,54,293.39,0.8199,0.0929,0.006125,4.419
845975,520,434,954,214,56,162,344.42,0.8298,0.5487,0.197353,3,28,13,154.75,0.9200,0.1002,0.008789,4.207
845981,520,282,802,212,143,180,346.35,0.5001,0.6859,0.369386,53,62,44,129.56,0.2757,0.2523,0.043840,4.469
845991,520,354,874,245,76,139,1.96,0.8928,0.6158,0.264486,26,50,9,134.92,0.9110,0.1848,0.025205,4.182
845993,520,395,915,240,40,164,349.22,0.9379,0.5859,0.227262,34,27,57,292.56,0.4829,0.1435,0.014194,4.319
846002,520,424,944,157,98,232,301.19,0.8012,0.5618,0.217300,5,32,2,140.80,0.9807,0.1121,0.010696,4.404
846004,520,473,993,228,34,14,30.31,0.9854,0.5221,0.176727,9,0,3,353.79,1.0000,0.0258,0.000647,4.477
846012,520,185,705,248,168,203,351.77,0.8193,0.7893,0.522755,35,88,74,173.26,0.6503,0.3305,0.078309,4.464
846014,520,442,962,233,42,8,31.59,0.9920,0.5376,0.190002,43,0,7,15.83,1.0000,0.0849,0.005290,4.341
846028,520,410,930,211,13,247,319.79,0.9932,0.5749,0.208539,44,26,3,70.37,0.8104,0.1330,0.012809,4.116
846044,520,475,995,209,53,126,356.98,0.8119,0.5208,0.176101,0,3,14,256.64,0.9999,0.0296,0.000968,4.436
846049,520,444,964,205,37,203,328.75,0.9256,0.5420,0.186159,2,18,40,254.45,0.8195,0.0838,0.005987,4.218
846072,520,365,885,238,36,225,331.38,0.9747,0.6135,0.248778,70,17,31,8.45,0.7040,0.1696,0.018021,4.392
846076,520,405,925,236,13,186,341.17,0.9872,0.5786,0.216688,37,29,21,66.68,0.2407,0.1343,0.013262,4.216
846088,520,345,865,229,116,7,53.38,0.9857,0.6254,0.291666,45,47,17,112.41,0.5987,0.1934,0.026314,4.477
846090,520,370,890,228,9,253,322.69,0.9970,0.6072,0.237835,57,31,15,51.08,0.5681,0.1671,0.018844,4.181
846104,520,407,927,215,81,141,355.66,0.7294,0.5696,0.222572,24,13,80,280.30,0.8908,0.1288,0.010612,4.497
846109,520,421,941,238,42,111,7.15,0.9271,0.5634,0.209839,33,19,35,322.33,0.3883,0.1110,0.009105,4.396
846110,520,377,897,227,101,31,44.74,0.9251,0.5973,0.257398,21,44,15,139.48,0.8051,0.1626,0.019952,4.394
846120,520,402,922,239,33,171,346.58,0.9539,0.5836,0.223817,50,14,46,332.23,0.6571,0.1347,0.011895,4.424
846125,520,477,997,179,51,204,320.44,0.8589,0.5096,0.163122,0,2,11,258.21,1.0000,0.0247,0.000676,4.206
846162,520,423,943,235,10,161,348.37,0.9870,0.5633,0.204554,21,26,16,129.62,0.2886,0.1072,0.009356,4.289
846163,520,429,949,226,18,158,347.43,0.9669,0.5463,0.190727,15,11,64,276.88,0.8823,0.1005,0.007110,4.215
846170,520,357,877,239,75,186,343.42,0.8816,0.6234,0.269308,35,47,0,123.52,1.0000,0.1811,0.023903,4.321
846172,520,319,839,231,93,220,330.90,0.8762,0.6492,0.299872,79,29,57,348.21,0.5929,0.2154,0.028366,4.465
846174,520,402,922,200,59,242,316.98,0.9365,0.5783,0.218195,49,13,39,340.06,0.6438,0.1275,0.010874,4.406
846218,520,462,982,209,45,158,344.05,0.8522,0.5282,0.179028,10,7,6,42.37,0.1308,0.0474,0.002296,4.379
846229,520,440,960,225,62,91,15.43,0.8535,0.5495,0.202108,36,11,22,354.52,0.5363,0.0944,0.006724,4.444
846239,520,419,939,202,35,238,319.15,0.9648,0.5612,0.199333,26,27,1,111.62,0.9275,0.1119,0.010057,4.152
846253,520,446,966,212,25,186,335.45,0.9484,0.5376,0.182396,23,7,34,309.19,0.6637,0.0753,0.004496,4.264
846277,520,442,962,192,59,202,324.93,0.8421,0.5370,0.186001,8,12,43,272.39,0.7477,0.0770,0.004890,4.300
846291,520,402,922,243,13,169,347.68,0.9877,0.5833,0.222103,18,9,90,274.15,0.9634,0.1311,0.010621,4.489
846294,520,474,994,224,46,16,31.74,0.9799,0.5223,0.178415,3,3,2,107.35,0.1548,0.0277,0.000889,4.489
846296,520,381,901,247,49,141,358.79,0.9334,0.5957,0.238972,45,24,74,299.68,0.6673,0.1640,0.017056,4.309
846313,520,338,858,253,69,177,349.28,0.9793,0.6378,0.283165,41,50,9,121.03,0.8101,0.1972,0.027723,4.287
846323,520,409,929,217,73,149,351.57,0.7710,0.5662,0.216890,7,25,72,264.25,0.8756,0.1312,0.012082,4.299
846341,520,464,984,192,17,215,322.17,0.9751,0.5190,0.165152,21,0,10,349.55,1.0000,0.0453,0.001814,4.152
846353,520,423,943,241,32,88,14.45,0.9617,0.5577,0.204417,55,1,10,17.67,0.9677,0.1129,0.008560,4.345
846355,520,469,989,226,23,52,22.87,0.9770,0.5155,0.170324,0,4,23,260.38,1.0000,0.0380,0.001487,4.279
846361,520,449,969,223,36,137,354.52,0.9068,0.5391,0.187585,13,10,35,284.97,0.6132,0.0708,0.004240,4.380
846373,520,415,935,217,34,222,326.97,0.9620,0.5741,0.211718,42,21,21,20.13,0.3841,0.1225,0.010828,4.303
846375,520,413,933,210,56,218,325.87,0.9064,0.5745,0.215938,11,31,30,191.18,0.4911,0.1195,0.011448,4.328
846385,520,471,991,189,57,191,327.32,0.8219,0.5228,0.175081,18,1,4,7.47,0.7899,0.0412,0.001591,4.363
846387,520,343,863,222,123,14,58.44,0.9646,0.6275,0.297294,4,55,0,141.55,1.0000,0.1910,0.027581,4.477
846392,520,392,912,210,82,193,333.23,0.7823,0.5871,0.235883,63,14,29,5.87,0.7055,0.1510,0.014597,4.426
846409,520,278,798,240,107,238,328.13,0.9312,0.6914,0.352160,31,68,15,137.86,0.9373,0.2486,0.044599,4.251
846422,520,429,949,247,13,26,27.69,0.9946,0.5546,0.201402,23,18,42,291.21,0.4909,0.1013,0.007819,4.348
846430,520,342,862,250,31,226,333.87,0.9853,0.6331,0.267981,30,52,1,130.87,0.9890,0.1933,0.027341,4.111
846435,520,449,969,210,57,149,348.31,0.8069,0.5362,0.188000,0,16,36,250.69,1.0000,0.0747,0.004979,4.329
846447,520,319,839,189,122,241,308.44,0.8255,0.6481,0.310895,29,55,68,231.52,0.4359,0.2219,0.034108,4.291
846455,520,366,886,244,71,143,359.61,0.8919,0.6100,0.257259,66,24,24,22.38,0.6064,0.1707,0.018776,4.467
846483,520,457,977,233,13,62,20.19,0.9890,0.5285,0.179624,27,1,19,341.20,0.8207,0.0608,0.003018,4.331
846509,520,461,981,229,31,92,11.56,0.9462,0.5334,0.184136,19,5,10,356.08,0.4778,0.0541,0.002689,4.444
846514,520,423,943,241,31,103,9.49,0.9585,0.5609,0.206633,11,30,12,144.97,0.7338,0.1108,0.010262,4.259
846516,520,368,888,228,107,14,49.05,0.9714,0.6082,0.270436,23,46,4,134.02,0.9556,0.1689,0.021449,4.485
846518,520,432,952,183,58,237,313.08,0.9117,0.5478,0.192089,33,9,42,315.60,0.6885,0.0977,0.006859,4.258
846520,520,380,900,195,76,253,312.19,0.9844,0.5966,0.238640,24,40,40,195.92,0.2873,0.1594,0.018649,4.205
846545,520,458,978,166,66,237,307.06,0.8972,0.5317,0.181185,12,2,45,284.92,0.9352,0.0633,0.003110,4.353
846561,520,408,928,216,58,184,337.51,0.8550,0.5656,0.210879,43,21,40,332.10,0.4519,0.1319,0.012032,4.206
846563,520,363,883,220,98,162,349.95,0.7018,0.6106,0.265618,15,39,75,258.47,0.7004,0.1728,0.020605,4.470
846570,520,432,952,219,79,7,40.44,0.9851,0.5486,0.206699,10,8,72,271.85,0.9574,0.1020,0.007060,4.499
846571,520,307,827,247,93,210,338.40,0.9416,0.6691,0.322588,75,37,77,325.38,0.5386,0.2337,0.033550,4.459
846580,520,348,868,250,18,224,334.33,0.9930,0.6277,0.261416,57,30,77,308.55,0.6040,0.1937,0.023343,4.246
846589,520,416,936,214,61,199,332.32,0.8666,0.5736,0.217592,36,18,51,307.18,0.5905,0.1231,0.010467,4.425
846598,520,377,897,236,6,219,332.40,0.9966,0.5969,0.230803,41,6,97,290.19,0.9464,0.1593,0.014647,4.344
846608,520,223,743,224,163,190,350.87,0.5107,0.7451,0.457607,25,79,79,195.13,0.6963,0.2998,0.063629,4.467
846617,520,406,926,192,68,247,313.06,0.9498,0.5789,0.220573,48,24,4,58.07,0.7673,0.1350,0.012905,4.301
846635,520,450,970,157,81,239,302.05,0.8786,0.5408,0.192853,9,12,28,273.86,0.4704,0.0670,0.004049,4.493
846637,520,219,739,212,162,234,315.26,0.7047,0.7476,0.457790,61,77,23,124.11,0.7638,0.3011,0.063617,4.469
846644,520,445,965,188,50,230,316.60,0.9193,0.5428,0.186870,9,16,40,268.75,0.6170,0.0838,0.005818,4.244
846648,520,392,912,238,5,205,336.42,0.9965,0.5917,0.226963,13,38,49,229.48,0.5713,0.1512,0.016935,4.138
846652,520,426,946,224,72,97,15.03,0.8128,0.5603,0.213477,52,6,15,14.40,0.8065,0.1144,0.008949,4.470
846662,520,474,994,173,53,222,313.70,0.8880,0.5160,0.167053,3,3,17,278.53,0.6723,0.0348,0.001250,4.235
846666,520,436,956,247,6,24,27.68,0.9975,0.5530,0.199740,24,21,6,98.65,0.5374,0.0944,0.007437,4.348
846689,520,434,954,224,21,162,345.74,0.9590,0.5454,0.189949,19,23,24,214.45,0.0905,0.0998,0.008172,4.125
846691,520,412,932,217,39,216,328.46,0.9479,0.5727,0.211627,21,17,67,279.59,0.7880,0.1185,0.009655,4.386
846700,520,445,965,242,17,8,29.37,0.9940,0.5442,0.192991,0,21,24,206.47,1.0000,0.0809,0.006022,4.337
846711,520,466,986,162,79,208,311.45,0.7611,0.5206,0.178281,12,8,8,18.07,0.1323,0.0522,0.002694,4.332
846735,520,336,856,255,30,220,336.44,1.0000,0.6381,0.273592,64,41,8,71.66,0.7758,0.2010,0.026935,4.206
846742,520,360,880,232,90,158,353.62,0.7862,0.6172,0.269393,5,48,58,217.57,0.8532,0.1841,0.024515,4.286
846749,520,418,938,200,20,249,316.42,0.9874,0.5604,0.196207,15,29,40,243.28,0.4021,0.1209,0.011335,4.014
846754,520,410,930,196,86,196,327.56,0.7430,0.5724,0.223783,38,25,28,3.63,0.2278,0.1280,0.011912,4.422
846764,520,457,977,180,26,251,310.33,0.9816,0.5331,0.174081,9,11,18,271.91,0.2435,0.0597,0.003411,4.195
846784,520,388,908,222,51,215,329.96,0.9287,0.5886,0.228058,35,27,67,289.45,0.5824,0.1522,0.015464,4.247
846787,520,397,917,254,33,23,29.24,0.9964,0.5767,0.222242,43,21,49,318.76,0.5258,0.1371,0.012717,4.341
846804,520,7,527,245,254,252,181.42,0.7516,0.9881,0.973241,15,136,30,143.87,0.9927,0.4735,0.178029,4.487
846808,520,426,946,169,79,246,305.05,0.9258,0.5591,0.206814,25,2,74,285.94,0.9730,0.1085,0.007445,4.471
846822,520,411,931,219,13,228,326.14,0.9909,0.5742,0.209515,48,6,43,333.32,0.7679,0.1190,0.009331,4.374
846824,520,398,918,214,75,188,336.02,0.8049,0.5822,0.229612,68,0,24,7.86,1.0000,0.1444,0.012951,4.442
846827,520,401,921,214,96,119,10.19,0.6629,0.5824,0.239959,15,40,6,138.38,0.9388,0.1444,0.016322,4.372
846828,520,395,915,229,34,210,333.06,0.9627,0.5872,0.224577,2,40,3,143.22,0.9910,0.1379,0.015370,4.200
846831,520,392,912,232,62,167,347.48,0.8654,0.5891,0.233938,14,37,51,237.78,0.5511,0.1498,0.016554,4.266
846835,520,355,875,246,40,210,337.09,0.9688,0.6207,0.257666,32,43,41,182.83,0.1745,0.1753,0.021949,4.276
846838,520,259,779,255,125,162,3.79,1.0000,0.7076,0.385388,15,68,91,231.90,0.7839,0.2686,0.049909,4.358
846850,520,377,897,203,71,254,314.63,0.9932,0.6035,0.243601,58,6,77,314.33,0.8730,0.1632,0.015657,4.472
846851,520,377,897,223,68,212,331.00,0.8904,0.6032,0.245779,32,40,22,128.02,0.4015,0.1601,0.018826,4.298
846875,520,459,979,214,64,80,19.07,0.8279,0.5281,0.185445,15,7,17,319.69,0.3885,0.0563,0.002940,4.447
846878,520,374,894,251,19,170,349.13,0.9852,0.6008,0.238807,70,14,20,19.28,0.7864,0.1627,0.016669,4.332
846910,520,385,905,189,88,229,315.11,0.8354,0.5859,0.234565,37,11,89,289.09,0.8940,0.1501,0.013539,4.479
846913,520,459,979,166,68,235,307.34,0.8858,0.5324,0.182401,0,10,33,257.12,0.9999,0.0590,0.003269,4.363
846945,520,364,884,244,5,219,334.21,0.9977,0.6112,0.244591,30,39,49,251.35,0.2280,0.1656,0.019488,4.239
846999,520,258,778,250,119,207,341.71,0.9456,0.7080,0.380253,98,48,13,51.07,0.7928,0.2738,0.047400,4.417
847004,520,420,940,227,32,179,341.35,0.9437,0.5646,0.206212,17,6,79,276.14,0.9625,0.1126,0.008139,4.407
847030,520,426,946,205,81,166,341.86,0.7222,0.5637,0.216190,0,30,22,172.09,1.0000,0.1075,0.009864,4.447
847033,520,452,972,149,96,199,305.88,0.6497,0.5254,0.188792,32,6,4,29.31,0.7357,0.0739,0.004461,4.385
847053,520,330,850,223,96,218,329.13,0.8419,0.6398,0.291176,24,41,107,267.89,0.8200,0.2115,0.028415,4.351
847062,520,248,768,241,126,232,330.22,0.9209,0.7177,0.394508,90,52,54,16.66,0.3732,0.2773,0.048962,4.492
847089,520,455,975,201,75,113,4.90,0.7028,0.5270,0.186438,22,3,27,319.41,0.7447,0.0618,0.003148,4.449
847114,520,463,983,160,83,210,309.67,0.7512,0.5253,0.183138,23,1,19,335.09,0.8098,0.0546,0.002509,4.440
847117,520,419,939,244,27,55,23.40,0.9807,0.5557,0.202963,29,10,60,294.86,0.7957,0.1088,0.008045,4.358
847123,520,431,951,246,6,42,25.09,0.9971,0.5522,0.198938,1,27,13,157.48,0.9717,0.0959,0.008193,4.278
847139,520,441,961,156,75,247,300.78,0.9359,0.5380,0.188158,27,10,44,303.77,0.6850,0.0925,0.006320,4.229
847168,520,456,976,208,35,185,334.75,0.9130,0.5347,0.181168,0,9,40,261.02,1.0000,0.0627,0.003486,4.322
847185,520,471,991,179,43,222,316.05,0.9179,0.5168,0.165865,2,0,39,270.08,1.0000,0.0439,0.001594,4.184
847191,520,460,980,207,17,192,332.40,0.9681,0.5292,0.174741,12,8,19,300.50,0.3698,0.0564,0.002988,4.241
847208,520,421,941,197,36,245,316.18,0.9668,0.5593,0.197261,16,27,37,246.69,0.3400,0.1144,0.010276,4.102
847210,520,410,930,232,74,29,35.50,0.9536,0.5676,0.221450,3,18,85,265.05,0.9582,0.1294,0.011078,4.444
847219,520,402,922,227,58,164,347.10,0.8599,0.5750,0.220399,10,19,79,268.66,0.9194,0.1276,0.010947,4.437
847234,520,476,996,179,5,232,314.51,0.9947,0.5082,0.155196,1,0,15,275.86,1.0000,0.0213,0.000409,4.071
847235,520,432,952,208,38,205,329.01,0.9287,0.5492,0.192058,5,10,67,268.16,0.9551,0.0959,0.006545,4.281
847243,520,404,924,243,55,80,19.66,0.9306,0.5757,0.223696,35,14,70,294.81,0.7865,0.1314,0.011136,4.477
847254,520,380,900,223,77,197,335.65,0.8404,0.6043,0.250292,20,43,6,135.80,0.9311,0.1573,0.018896,4.359
847255,520,420,940,214,68,153,348.66,0.7827,0.5568,0.207325,18,20,55,276.62,0.6502,0.1109,0.009047,4.358
847256,520,436,956,243,34,29,28.62,0.9783,0.5545,0.202909,28,6,52,300.58,0.8168,0.0944,0.006251,4.496
847262,520,454,974,231,24,81,14.98,0.9682,0.5316,0.182393,25,8,8,21.00,0.4735,0.0678,0.003979,4.305
847279,520,446,966,216,9,179,338.44,0.9834,0.5359,0.180513,11,17,31,265.76,0.4074,0.0815,0.005710,4.138
847298,520,385,905,224,54,202,334.09,0.9083,0.5864,0.227522,63,15,19,19.56,0.7320,0.1494,0.014456,4.306
847303,520,328,848,210,101,253,315.21,0.9817,0.6495,0.301022,27,50,72,248.68,0.4786,0.2083,0.029820,4.398
847333,520,444,964,211,63,142,351.88,0.7855,0.5411,0.193591,15,13,30,287.54,0.4377,0.0752,0.004831,4.443
847337,520,369,889,203,99,202,327.75,0.7272,0.6054,0.258859,5,45,43,189.96,0.8572,0.1669,0.020834,4.360
847344,520,362,882,238,53,193,340.20,0.9259,0.6053,0.245764,50,24,83,300.07,0.7150,0.1784,0.019559,4.252
847362,520,444,964,191,68,192,327.48,0.7899,0.5387,0.190178,34,3,24,342.77,0.7609,0.0788,0.004712,4.390
847369,520,374,894,236,31,210,334.73,0.9724,0.5984,0.234687,1,35,76,255.50,0.9656,0.1573,0.017302,4.230
847402,520,307,827,231,127,145,9.82,0.6751,0.6695,0.342142,25,64,18,140.76,0.9272,0.2323,0.039170,4.398
847431,520,398,918,192,111,133,3.03,0.4807,0.5788,0.242702,20,38,1,131.62,0.9816,0.1402,0.015371,4.478
847436,520,448,968,233,17,118,2.37,0.9738,0.5436,0.190356,26,12,11,24.32,0.3580,0.0775,0.005067,4.365
847443,520,352,872,247,25,210,337.21,0.9849,0.6160,0.251257,3,13,137,264.93,0.9915,0.1943,0.021131,4.235
847448,520,251,771,247,143,137,24.00,0.8357,0.7197,0.412278,20,73,68,186.17,0.7506,0.2741,0.053309,4.475
847452,520,150,670,238,186,243,323.47,0.8435,0.8293,0.597671,50,98,54,145.70,0.7169,0.3642,0.096795,4.412
847457,520,340,860,247,38,240,329.85,0.9832,0.6397,0.274546,76,30,15,38.36,0.7198,0.1986,0.024998,4.327
847462,520,473,993,201,46,173,336.72,0.8485,0.5225,0.173905,6,3,5,337.49,0.2655,0.0326,0.001148,4.378
847477,520,444,964,240,29,5,30.34,0.9959,0.5445,0.194183,25,13,23,332.76,0.3505,0.0824,0.005564,4.395
847483,520,357,877,242,30,232,330.62,0.9847,0.6224,0.256348,61,27,50,340.98,0.5054,0.1772,0.020064,4.372
847486,520,426,946,238,56,10,33.36,0.9902,0.5593,0.210306,29,24,4,96.09,0.7113,0.1076,0.009233,4.395
847495,520,319,839,169,133,241,297.55,0.7842,0.6461,0.315611,3,63,8,143.75,0.9940,0.2199,0.035918,4.255
847501,520,433,953,238,1,110,5.50,0.9988,0.5476,0.193279,20,13,57,283.70,0.7658,0.1009,0.007320,4.244
847514,520,427,947,227,20,171,343.60,0.9672,0.5554,0.197741,46,5,24,356.44,0.7621,0.1040,0.007554,4.304
847526,520,474,994,196,65,149,345.02,0.7452,0.5198,0.176880,4,3,9,292.78,0.4078,0.0321,0.001107,4.439
847536,520,351,871,250,29,215,336.61,0.9841,0.6258,0.261122,7,43,91,257.50,0.8765,0.1942,0.025281,4.133
847563,520,403,923,212,73,189,335.05,0.8081,0.5771,0.224382,19,21,71,274.89,0.7897,0.1285,0.011297,4.476
847578,520,439,959,226,39,137,355.34,0.9039,0.5468,0.194286,34,4,44,316.39,0.8070,0.0931,0.006088,4.355
847583,520,221,741,241,156,178,2.94,0.7043,0.7483,0.456941,21,83,16,142.03,0.9741,0.2953,0.063831,4.453
847598,520,348,868,251,28,226,334.08,0.9877,0.6337,0.268339,54,32,75,305.74,0.5617,0.1920,0.023253,4.346
847602,520,419,939,194,80,196,326.97,0.7615,0.5610,0.211936,2,24,56,256.91,0.8991,0.1115,0.009516,4.401
847606,520,441,961,115,105,240,282.08,0.8574,0.5373,0.200388,31,11,19,355.97,0.4649,0.0854,0.005777,4.489
847669,520,412,932,247,37,64,22.24,0.9689,0.5683,0.214710,24,29,27,169.51,0.1050,0.1219,0.011520,4.303
847673,520,424,944,203,32,233,320.63,0.9659,0.5575,0.196144,35,5,57,305.93,0.8483,0.1071,0.007613,4.272
847676,520,434,954,233,0,138,355.19,1.0000,0.5471,0.191616,37,8,37,327.71,0.6828,0.0990,0.007006,4.238
847705,520,409,929,145,99,254,292.60,0.9844,0.5671,0.220991,35,28,20,70.47,0.2365,0.1289,0.012384,4.344
847719,520,467,987,227,21,46,24.20,0.9817,0.5160,0.170674,3,5,16,269.72,0.5297,0.0397,0.001653,4.272
847737,520,465,985,167,95,141,342.20,0.4851,0.5154,0.183239,10,8,12,308.39,0.1640,0.0517,0.002647,4.430
847744,520,290,810,240,95,240,327.71,0.9406,0.6769,0.330033,16,60,89,242.12,0.7385,0.2436,0.040629,4.193
847753,520,446,966,214,67,101,10.96,0.7885,0.5368,0.192524,13,17,33,272.08,0.4175,0.0842,0.005963,4.334
847756,520,324,844,254,87,155,359.03,0.9833,0.6499,0.302571,56,46,27,82.82,0.3828,0.2057,0.028739,4.478
847774,520,382,902,229,32,229,328.26,0.9761,0.5986,0.233506,24,27,91,273.85,0.8326,0.1648,0.017333,4.210
847781,520,344,864,228,66,239,325.22,0.9411,0.6265,0.266246,29,47,48,200.33,0.2866,0.1878,0.025076,4.212
847799,520,466,986,206,43,155,344.24,0.8506,0.5196,0.172182,2,8,26,261.64,0.7498,0.0516,0.002611,4.223
847811,520,466,986,217,39,119,0.18,0.8842,0.5223,0.175372,3,11,7,165.21,0.5107,0.0506,0.002740,4.273
847813,520,281,801,242,106,230,331.08,0.9325,0.6886,0.349009,43,66,20,131.74,0.8014,0.2508,0.044604,4.218
847814,520,402,922,237,28,176,344.50,0.9631,0.5800,0.219726,49,9,48,328.94,0.7381,0.1278,0.010618,4.450
847827,520,446,966,229,24,120,1.22,0.9539,0.5386,0.186702,11,20,4,131.65,0.7092,0.0793,0.005802,4.242
847835,520,361,881,245,46,211,336.65,0.9609,0.6229,0.260726,46,38,52,310.44,0.2295,0.1810,0.022150,4.307
847838,520,465,985,139,99,194,301.49,0.6102,0.5158,0.183079,3,9,19,253.76,0.5238,0.0507,0.002617,4.430
847851,520,364,884,223,76,214,330.41,0.8768,0.6128,0.257140,76,8,38,0.26,0.8158,0.1750,0.018504,4.484
847852,520,294,814,255,119,58,42.64,1.0000,0.6760,0.347624,8,68,3,141.81,0.9940,0.2384,0.041923,4.326
847857,520,348,868,248,45,212,337.06,0.9656,0.6282,0.265898,72,18,55,342.68,0.6989,0.1854,0.020864,4.458
847858,520,353,873,223,117,33,52.80,0.9022,0.6186,0.285227,11,51,21,148.28,0.9315,0.1823,0.024928,4.474
847889,520,438,958,171,63,251,305.98,0.9720,0.5471,0.191787,19,18,30,287.67,0.2907,0.0900,0.006648,4.268
847901,520,368,888,226,51,233,326.39,0.9528,0.6072,0.244218,36,43,21,123.35,0.4631,0.1728,0.021570,4.111
847906,520,471,991,213,37,128,355.71,0.8801,0.5165,0.170302,17,0,11,340.63,1.0000,0.0398,0.001434,4.283
847955,520,373,893,198,94,212,322.76,0.7663,0.5964,0.247660,19,38,60,253.20,0.5182,0.1612,0.018508,4.345
847978,520,446,966,221,62,82,18.45,0.8531,0.5397,0.194292,0,22,12,163.10,1.0000,0.0796,0.006003,4.362
847981,520,393,913,195,100,189,329.66,0.6625,0.5883,0.243919,26,37,3,125.53,0.9058,0.1421,0.015493,4.488
847987,520,464,984,214,36,127,356.25,0.8863,0.5174,0.170926,7,2,31,285.34,0.8791,0.0462,0.001875,4.259
847992,520,463,983,209,13,192,332.92,0.9773,0.5318,0.176510,0,11,17,224.87,1.0000,0.0516,0.002798,4.290
847994,520,410,930,221,80,105,13.21,0.7651,0.5670,0.221319,16,31,39,232.77,0.3772,0.1267,0.012366,4.350
848001,520,354,874,237,81,160,352.82,0.8361,0.6151,0.264302,72,17,50,347.61,0.7048,0.1815,0.020091,4.484
848007,520,465,985,167,69,213,312.90,0.8144,0.5177,0.172766,12,8,8,18.07,0.1323,0.0522,0.002694,4.228
848010,520,406,926,215,25,239,322.49,0.9825,0.5790,0.213763,36,13,65,299.10,0.7707,0.1265,0.010446,4.364
848014,520,297,817,234,106,243,324.97,0.9394,0.6841,0.342736,65,52,42,59.34,0.2177,0.2373,0.037470,4.490
848038,520,474,994,152,70,234,302.45,0.8770,0.5153,0.169966,8,3,4,3.38,0.3242,0.0344,0.001255,4.292
848043,520,431,951,241,32,29,28.43,0.9793,0.5492,0.198259,38,13,20,4.03,0.5081,0.1003,0.007505,4.317
848085,520,411,931,206,62,207,327.67,0.8646,0.5662,0.210738,25,23,56,283.02,0.5663,0.1245,0.011050,4.271
848093,520,442,962,192,67,199,325.63,0.8099,0.5436,0.193457,39,0,5,17.55,1.0000,0.0762,0.004424,4.473
848109,520,283,803,199,136,246,309.26,0.8584,0.6884,0.364050,38,68,4,132.62,0.9769,0.2521,0.045550,4.333
848112,520,466,986,173,86,163,331.76,0.6107,0.5191,0.181852,2,5,38,267.82,0.9317,0.0544,0.002614,4.407
848117,520,327,847,252,95,125,12.09,0.9512,0.6471,0.303638,35,50,57,228.35,0.2428,0.2056,0.029339,4.457
848119,520,314,834,236,82,246,325.30,0.9629,0.6595,0.305236,48,54,22,118.19,0.5747,0.2183,0.033246,4.267
848127,520,376,896,252,63,85,19.98,0.9776,0.6014,0.249099,12,39,52,232.29,0.6157,0.1554,0.017771,4.413
848138,520,406,926,212,49,235,322.27,0.9461,0.5841,0.221937,19,31,45,252.91,0.3750,0.1321,0.013078,4.311
848150,520,406,926,211,32,241,320.91,0.9745,0.5768,0.212346,41,25,13,57.07,0.4578,0.1279,0.011958,4.234
848161,520,391,911,217,104,32,47.82,0.8955,0.5855,0.247589,33,38,10,118.26,0.6682,0.1528,0.017315,4.421
848162,520,475,995,211,24,166,341.33,0.9362,0.5237,0.172575,6,0,24,292.42,1.0000,0.0345,0.001047,4.360
848168,520,348,868,254,82,84,24.02,0.9912,0.6251,0.277490,69,32,30,24.36,0.4975,0.1929,0.023921,4.430
848203,520,413,933,185,96,193,324.19,0.6701,0.5696,0.225314,41,24,9,60.67,0.5600,0.1248,0.011445,4.481
848208,520,469,989,196,66,155,342.60,0.7471,0.5239,0.180005,8,4,13,306.87,0.4445,0.0407,0.001675,4.451
848213,520,442,962,201,1,224,322.54,0.9989,0.5376,0.178227,4,21,25,214.20,0.6205,0.0841,0.006323,4.052
848218,520,294,814,242,91,245,326.99,0.9609,0.6782,0.329544,57,59,31,112.06,0.4491,0.2444,0.040967,4.172
848262,520,357,877,236,43,235,328.44,0.9713,0.6202,0.255613,1,25,119,264.07,0.9716,0.1839,0.020335,4.345
848302,520,423,943,236,1,153,350.98,0.9986,0.5597,0.201575,42,17,15,25.89,0.5021,0.1127,0.009277,4.244
848305,520,254,774,255,104,253,328.20,1.0000,0.7183,0.382552,25,66,92,239.78,0.6400,0.2669,0.048756,4.380
848309,520,399,919,222,68,166,345.74,0.8169,0.5769,0.224194,11,40,10,142.82,0.9260,0.1430,0.016106,4.148
848315,520,319,839,226,96,229,326.74,0.8812,0.6506,0.301936,42,54,40,141.07,0.2720,0.2168,0.032837,4.249
848326,520,366,886,246,88,11,39.83,0.9893,0.6109,0.265997,46,39,25,84.23,0.3076,0.1734,0.021021,4.449
848342,520,368,888,240,33,213,334.88,0.9740,0.6082,0.244199,5,18,115,265.68,0.9787,0.1694,0.017025,4.389
848344,520,470,990,208,22,179,336.47,0.9476,0.5247,0.172405,3,5,13,267.17,0.4359,0.0382,0.001570,4.313
848351,520,385,905,232,37,211,333.53,0.9612,0.5947,0.231847,42,30,33,1.97,0.1910,0.1474,0.015306,4.316
848360,520,424,944,248,12,67,20.00,0.9929,0.5610,0.206283,36,21,15,42.61,0.3547,0.1118,0.009459,4.310
848368,520,261,781,237,125,228,330.28,0.8921,0.7085,0.382753,21,74,47,157.26,0.8560,0.2703,0.052620,4.217
848377,520,444,964,231,19,114,3.48,0.9686,0.5388,0.186725,33,8,7,25.24,0.6343,0.0799,0.005124,4.294
848378,520,379,899,225,74,197,336.14,0.8536,0.6042,0.249386,69,19,1,39.98,0.9646,0.1644,0.017334,4.446
848384,520,297,817,255,66,250,329.23,1.0000,0.6775,0.320616,79,43,47,13.21,0.3955,0.2379,0.035955,4.312
848422,520,399,919,172,108,206,312.86,0.6481,0.5804,0.239527,3,34,59,247.07,0.8431,0.1415,0.014791,4.469
848424,520,442,962,227,47,87,14.73,0.9051,0.5387,0.190549,11,11,49,276.19,0.7977,0.0825,0.005322,4.348
848431,520,465,985,190,57,188,328.58,0.8174,0.5225,0.175057,2,6,33,266.92,0.8870,0.0523,0.002529,4.284
848437,520,466,986,194,45,186,330.51,0.8605,0.5173,0.168929,10,8,12,308.39,0.1640,0.0517,0.002647,4.158
848458,520,334,854,253,65,189,345.25,0.9827,0.6397,0.283406,65,37,26,42.08,0.4490,0.1959,0.025217,4.433
848479,520,328,848,238,73,237,328.21,0.9417,0.6479,0.290591,71,40,21,51.02,0.5651,0.2115,0.029115,4.305
848494,520,383,903,191,94,227,315.89,0.8151,0.5960,0.246289,6,39,52,228.65,0.7683,0.1530,0.017376,4.398
848503,520,381,901,211,74,233,321.81,0.8989,0.6037,0.246313,59,23,44,346.27,0.5411,0.1636,0.017246,4.406
848513,520,285,805,253,128,32,51.17,0.9817,0.6861,0.364284,32,70,1,135.41,0.9961,0.2547,0.046894,4.276
848517,520,441,961,227,50,64,22.72,0.9214,0.5366,0.189851,33,8,29,334.12,0.6197,0.0881,0.005857,4.294
848524,520,319,839,238,76,229,330.28,0.9287,0.6460,0.290057,45,49,65,273.71,0.2230,0.2158,0.031361,4.180
848554,520,391,911,255,44,96,14.51,1.0000,0.5948,0.239096,8,43,14,146.37,0.9438,0.1525,0.018110,4.245
848572,520,461,981,184,4,253,311.39,0.9976,0.5346,0.173701,24,0,8,358.46,1.0000,0.0494,0.002118,4.292
848577,520,477,997,215,40,96,8.87,0.8895,0.5115,0.168117,6,0,8,321.50,1.0000,0.0244,0.000563,4.314
848578,520,399,919,244,21,160,350.77,0.9771,0.5833,0.223107,18,4,103,272.48,0.9899,0.1431,0.011946,4.409
848583,520,353,873,228,74,218,330.65,0.8983,0.6211,0.264558,57,31,53,332.66,0.4267,0.1803,0.021070,4.426
848594,520,431,951,224,12,176,341.29,0.9814,0.5501,0.192474,3,3,79,266.50,0.9929,0.0996,0.006489,4.292
848606,520,424,944,202,68,201,328.17,0.8274,0.5621,0.209095,0,28,42,233.37,1.0000,0.1110,0.009976,4.320
848633,520,399,919,251,42,58,24.35,0.9810,0.5787,0.224743,59,11,29,1.94,0.7240,0.1392,0.012580,4.390
848637,520,459,979,208,27,178,336.81,0.9314,0.5262,0.174102,4,4,40,272.51,0.9273,0.0558,0.002658,4.256
848638,520,418,938,204,32,229,321.85,0.9632,0.5561,0.195292,18,22,59,274.44,0.6669,0.1187,0.010181,4.076
848641,520,462,982,217,56,95,11.80,0.8421,0.5289,0.184088,6,3,37,278.44,0.9038,0.0527,0.002374,4.470
848663,520,280,800,217,152,103,57.36,0.5867,0.6891,0.381891,40,67,37,141.93,0.5820,0.2549,0.045989,4.499
848682,520,473,993,191,83,92,17.40,0.6433,0.5152,0.180373,2,5,3,157.00,0.3901,0.0331,0.001280,4.492
848687,520,390,910,224,87,124,6.68,0.7427,0.5874,0.241214,13,28,79,266.71,0.8422,0.1478,0.014805,4.494
848711,520,402,922,243,63,8,34.49,0.9926,0.5759,0.226306,0,32,53,241.73,1.0000,0.1300,0.012900,4.393
848716,520,479,999,176,25,234,312.86,0.9699,0.5114,0.158669,1,0,0,29.23,1.0000,0.0090,0.000065,4.168
848718,520,376,896,235,62,169,347.50,0.8758,0.5955,0.239748,4,28,94,263.71,0.9535,0.1600,0.016644,4.348
848720,520,479,999,215,50,69,20.35,0.8909,0.5133,0.171605,1,0,2,311.99,1.0000,0.0114,0.000108,4.423
848729,520,273,793,214,155,119,52.35,0.5013,0.6950,0.390722,20,70,57,172.45,0.7674,0.2599,0.048243,4.486
848740,520,14,534,249,250,235,109.85,0.7222,0.9771,0.945092,3,135,58,149.27,0.9977,0.4724,0.176520,4.393
848745,520,443,963,160,78,242,302.85,0.9011,0.5429,0.193336,1,17,33,246.75,0.8478,0.0758,0.005171,4.411
848758,520,466,986,217,62,25,34.02,0.9525,0.5242,0.182697,23,1,11,351.73,0.8019,0.0512,0.002281,4.451
848763,520,470,990,198,29,192,329.94,0.9284,0.5179,0.166920,10,0,26,300.19,1.0000,0.0402,0.001391,4.221
848778,520,429,949,207,47,194,331.83,0.8863,0.5465,0.191954,33,17,6,55.26,0.5612,0.0966,0.007374,4.217
848792,520,381,901,225,22,248,322.98,0.9899,0.6015,0.233609,26,10,107,276.05,0.9671,0.1606,0.014981,4.364
848801,520,420,940,245,40,7,31.17,0.9946,0.5612,0.209489,49,7,23,1.63,0.7384,0.1123,0.008669,4.423
848834,520,432,952,216,26,189,335.60,0.9521,0.5472,0.190141,12,25,25,195.79,0.3328,0.1003,0.008436,4.109
848842,520,466,986,233,8,24,27.54,0.9957,0.5232,0.175664,21,3,9,357.83,0.6380,0.0520,0.002443,4.303
848847,520,400,920,245,29,151,354.04,0.9640,0.5844,0.225289,7,16,93,267.17,0.9652,0.1381,0.012060,4.436
848848,520,405,925,244,40,125,3.10,0.9401,0.5784,0.222347,1,37,10,148.41,0.9915,0.1283,0.013514,4.288
848850,520,360,880,242,72,175,347.69,0.8919,0.6203,0.266101,39,43,39,145.33,0.0867,0.1811,0.023056,4.327
848854,520,391,911,241,24,187,342.12,0.9766,0.5917,0.229449,62,1,56,333.09,0.9351,0.1486,0.013315,4.414
848882,520,370,890,223,86,179,342.36,0.7798,0.6061,0.256005,24,33,87,271.34,0.7471,0.1736,0.019699,4.390
848883,520,357,877,252,22,204,339.85,0.9881,0.6208,0.256322,20,31,104,269.47,0.8905,0.1844,0.021280,4.297
848884,520,97,617,218,217,254,286.57,0.9186,0.8809,0.716867,5,114,29,144.97,0.9965,0.3990,0.121551,4.470
848889,520,314,834,254,73,219,336.93,0.9940,0.6638,0.309535,4,49,108,257.78,0.9462,0.2246,0.033049,4.329
848891,520,391,911,246,58,105,12.13,0.9299,0.5897,0.236422,48,29,26,29.26,0.3132,0.1510,0.015818,4.352
848894,520,433,953,204,0,235,320.76,1.0000,0.5511,0.188372,32,19,1,76.09,0.8880,0.0986,0.007750,4.128
848906,520,470,990,180,57,205,320.27,0.8423,0.5178,0.170385,2,4,15,267.77,0.6105,0.0354,0.001342,4.292
848911,520,379,899,254,66,14,34.13,0.9953,0.6007,0.250027,43,38,10,99.21,0.6681,0.1640,0.019218,4.335
848912,520,357,877,240,95,104,19.61,0.8512,0.6210,0.277121,19,48,22,145.91,0.7913,0.1760,0.023102,4.475
848918,520,466,986,216,7,147,348.57,0.9822,0.5185,0.168599,13,4,23,305.01,0.6497,0.0508,0.002343,4.176
848930,520,313,833,234,115,165,355.36,0.7413,0.6602,0.324729,9,62,23,147.68,0.9686,0.2200,0.035650,4.375
848940,520,424,944,222,51,158,347.61,0.8633,0.5571,0.203684,29,5,71,290.60,0.9173,0.1135,0.008247,4.355
848971,520,441,961,228,29,117,2.36,0.9399,0.5378,0.186599,29,11,30,325.26,0.5242,0.0876,0.005943,4.229
848976,520,183,703,226,171,243,318.06,0.8264,0.7856,0.517666,34,92,41,145.73,0.9024,0.3340,0.081542,4.315
848978,520,27,547,255,242,243,12.01,1.0000,0.9669,0.912358,25,131,31,143.43,0.9838,0.4589,0.165375,4.468
848985,520,449,969,233,2,106,6.05,0.9971,0.5362,0.184107,10,6,46,279.01,0.8638,0.0702,0.003920,4.342
848995,520,424,944,212,78,151,350.00,0.7379,0.5646,0.216823,13,26,35,239.82,0.3874,0.1085,0.009457,4.488
849007,520,328,848,251,1,255,327.50,1.0000,0.6465,0.277539,56,15,118,292.64,0.9066,0.2108,0.024904,4.373
849010,520,410,930,239,52,118,5.79,0.9025,0.5748,0.221178,15,20,78,271.47,0.8817,0.1312,0.011519,4.408
849013,520,419,939,207,87,119,6.15,0.6699,0.5567,0.214157,0,32,21,166.45,1.0000,0.1137,0.010871,4.340
849018,520,466,986,173,38,243,309.58,0.9549,0.5218,0.167424,16,2,24,312.96,0.7755,0.0502,0.002195,4.166
849019,520,107,627,233,209,227,334.54,0.4297,0.8670,0.684712,31,109,44,146.03,0.9507,0.3896,0.114100,4.477
849022,520,454,974,226,16,120,0.33,0.9695,0.5296,0.178982,11,15,12,152.90,0.1544,0.0683,0.004393,4.210
849025,520,362,882,232,90,131,5.52,0.7798,0.6076,0.261095,31,42,54,250.99,0.2640,0.1776,0.022135,4.313
849026,520,405,925,247,1,151,353.84,0.9991,0.5808,0.220336,18,34,2,131.63,0.9533,0.1261,0.012770,4.307
849027,520,444,964,170,85,208,314.03,0.7444,0.5406,0.195979,0,19,40,249.70,1.0000,0.0850,0.006189,4.378
849030,520,455,975,200,81,101,12.74,0.6792,0.5302,0.191057,20,9,12,1.81,0.3121,0.0643,0.003707,4.488
849031,520,392,912,224,8,238,325.05,0.9960,0.5891,0.221962,13,42,19,148.14,0.8409,0.1523,0.017884,4.006
849034,520,476,996,207,61,85,15.65,0.8067,0.5124,0.172610,0,1,5,257.10,0.9999,0.0173,0.000327,4.423
849060,520,448,968,215,68,111,6.91,0.7806,0.5428,0.197314,10,15,32,269.95,0.4763,0.0767,0.005104,4.488
849080,520,422,942,250,18,45,25.15,0.9913,0.5639,0.209498,24,22,43,286.78,0.4156,0.1119,0.009424,4.367
849082,520,414,934,188,59,251,311.46,0.9752,0.5674,0.207854,6,32,31,191.62,0.6933,0.1205,0.011706,4.179
849110,520,387,907,237,85,38,36.72,0.9363,0.5917,0.246445,43,33,14,82.15,0.5048,0.1510,0.016331,4.469
849118,520,433,953,219,77,43,34.59,0.8942,0.5481,0.205448,7,19,54,265.65,0.8018,0.1006,0.007772,4.422
849131,520,402,922,215,9,242,321.93,0.9951,0.5769,0.210552,21,11,82,277.72,0.9266,0.1258,0.010079,4.337
849154,520,391,911,234,12,211,333.96,0.9917,0.5893,0.224612,35,35,29,107.15,0.1202,0.1506,0.016481,4.131
849155,520,478,998,181,75,145,342.88,0.6568,0.5056,0.169016,2,1,10,286.50,0.7500,0.0235,0.000565,4.331
849156,520,314,834,198,129,218,318.40,0.6731,0.6586,0.327692,1,60,64,202.27,0.9804,0.2247,0.036082,4.388
849159,520,463,983,198,28,206,326.07,0.9467,0.5271,0.172942,2,7,21,260.31,0.6706,0.0463,0.002190,4.272
849168,520,454,974,207,79,55,32.66,0.8210,0.5301,0.191354,28,6,19,345.91,0.5934,0.0721,0.004242,4.450
849181,520,412,932,233,37,155,350.52,0.9288,0.5668,0.210162,13,15,78,271.63,0.9251,0.1212,0.009772,4.353
849186,520,441,961,187,46,238,314.59,0.9390,0.5445,0.186930,37,8,0,43.31,1.0000,0.0851,0.005670,4.256
849194,520,450,970,236,39,11,30.97,0.9900,0.5419,0.193113,31,5,6,20.82,0.7064,0.0709,0.004130,4.491
849201,520,467,987,203,10,194,330.78,0.9812,0.5214,0.168105,3,5,24,271.34,0.7317,0.0443,0.001938,4.199
849210,520,479,999,220,8,110,2.52,0.9828,0.5117,0.165178,0,0,6,264.05,1.0000,0.0126,0.000131,4.292
849221,520,330,850,227,80,248,322.43,0.9662,0.6448,0.288475,39,32,115,278.82,0.8299,0.2122,0.027021,4.395
849223,520,396,916,227,14,216,331.03,0.9893,0.5803,0.216053,29,33,39,258.37,0.1336,0.1429,0.014954,4.096
849235,520,373,893,232,29,222,330.71,0.9778,0.5979,0.233110,33,20,89,283.49,0.8285,0.1579,0.015449,4.326
849246,520,282,802,219,133,204,333.51,0.6726,0.6861,0.361963,22,69,35,149.63,0.8814,0.2509,0.045480,4.315
849249,520,374,894,234,39,204,335.91,0.9552,0.5951,0.233058,5,37,72,253.85,0.8408,0.1609,0.018232,4.148
849263,520,399,919,249,52,55,26.15,0.9719,0.5813,0.228751,18,34,42,231.04,0.3730,0.1383,0.014398,4.329
849268,520,400,920,249,48,59,24.73,0.9712,0.5788,0.225730,46,6,76,304.51,0.8877,0.1429,0.012329,4.424
849271,520,358,878,224,97,169,347.76,0.7345,0.6184,0.272635,7,52,20,148.62,0.9622,0.1842,0.025516,4.272
849294,520,411,931,250,40,21,30.08,0.9843,0.5721,0.218994,10,33,1,137.04,0.9867,0.1178,0.011544,4.371
849330,520,362,882,245,22,204,338.32,0.9854,0.6079,0.243490,15,50,34,160.77,0.7470,0.1839,0.024982,3.914
849335,520,471,991,179,31,236,313.15,0.9618,0.5208,0.166209,3,9,3,144.11,0.6098,0.0446,0.002213,4.141
849351,520,420,940,202,63,212,325.05,0.8661,0.5639,0.208667,39,19,10,44.51,0.5124,0.1108,0.009191,4.370
849357,520,369,889,241,14,220,333.30,0.9930,0.6080,0.241850,61,10,72,319.65,0.8073,0.1678,0.016772,4.371
849365,520,378,898,212,62,237,321.47,0.9276,0.5961,0.235585,55,0,84,308.59,1.0000,0.1591,0.014524,4.426
849374,520,373,893,239,5,223,332.11,0.9975,0.6047,0.237898,30,33,64,277.45,0.4810,0.1589,0.017339,4.275
849378,520,368,888,234,78,167,349.14,0.8304,0.6094,0.257339,64,28,1,53.30,0.9405,0.1707,0.019229,4.439
849403,520,317,837,253,90,165,355.43,0.9685,0.6555,0.309148,44,43,91,281.47,0.5552,0.2169,0.030185,4.479
849421,520,315,835,253,107,96,26.96,0.9762,0.6592,0.322458,27,58,52,179.65,0.4908,0.2225,0.035069,4.378
849435,520,466,986,189,81,119,0.52,0.6289,0.5171,0.180372,5,10,1,128.80,0.8285,0.0482,0.002515,4.387
849437,520,431,951,247,2,49,23.69,0.9990,0.5543,0.200429,18,23,19,151.14,0.1560,0.0971,0.007884,4.326
849463,520,407,927,207,81,163,343.73,0.7237,0.5655,0.217965,43,18,40,331.79,0.5176,0.1262,0.010995,4.393
849466,520,378,898,250,18,169,349.21,0.9856,0.5981,0.236246,22,31,84,271.06,0.7611,0.1648,0.017906,4.215
849470,520,136,656,238,205,125,87.75,0.7131,0.8363,0.633217,3,106,9,143.00,0.9980,0.3700,0.103467,4.452
849476,520,414,934,253,2,25,27.53,0.9993,0.5651,0.210001,54,0,30,352.62,1.0000,0.1158,0.008781,4.423
849491,520,441,961,189,14,242,315.02,0.9892,0.5351,0.175450,9,15,49,270.81,0.7613,0.0888,0.006214,4.011
849498,520,236,756,250,123,250,327.41,0.9782,0.7352,0.413944,56,63,115,275.72,0.5070,0.2948,0.056334,4.363
849500,520,446,966,217,55,119,1.82,0.8283,0.5353,0.188184,30,10,23,342.30,0.5007,0.0839,0.005550,4.288
849531,520,394,914,223,16,237,325.01,0.9912,0.5883,0.221752,54,15,34,353.04,0.6277,0.1370,0.012415,4.354
849539,520,334,854,240,50,251,325.62,0.9864,0.6419,0.277741,4,57,29,154.11,0.9747,0.2025,0.030406,4.076
849559,520,387,907,235,9,206,335.48,0.9933,0.5875,0.223165,61,19,5,38.85,0.8309,0.1490,0.014690,4.223
849561,520,452,972,120,107,213,286.15,0.6858,0.5251,0.193123,1,13,44,261.00,0.9397,0.0749,0.004761,4.440
849565,520,445,965,227,39,108,6.20,0.9125,0.5385,0.188675,14,7,47,283.44,0.8175,0.0762,0.004505,4.379
849589,520,450,970,177,57,244,309.71,0.9393,0.5437,0.188059,7,8,49,273.02,0.8887,0.0746,0.004406,4.376
849611,520,437,957,208,28,209,328.00,0.9565,0.5466,0.188458,37,9,1,42.43,0.8873,0.0870,0.005909,4.265
849646,520,477,997,210,18,138,350.48,0.9451,0.5053,0.159715,5,0,7,320.34,1.0000,0.0225,0.000476,4.155
849679,520,477,997,178,76,162,333.99,0.6728,0.5109,0.172437,4,0,5,323.04,1.0000,0.0198,0.000368,4.416
849683,520,349,869,251,10,228,333.58,0.9967,0.6303,0.263309,34,26,105,278.89,0.8520,0.1863,0.020987,4.414
849689,520,432,952,242,23,32,27.34,0.9871,0.5475,0.195977,40,10,11,21.00,0.6432,0.0962,0.006924,4.321
849704,520,290,810,213,137,194,336.41,0.5826,0.6812,0.359339,11,61,88,238.17,0.8050,0.2444,0.041130,4.492
849715,520,460,980,199,60,164,339.67,0.7861,0.5270,0.180560,5,13,5,144.26,0.5367,0.0566,0.003311,4.325
849729,520,386,906,245,15,179,345.18,0.9876,0.5925,0.230120,12,38,41,205.53,0.5696,0.1465,0.016244,4.229
849738,520,475,995,230,12,74,16.43,0.9871,0.5240,0.175834,11,1,7,340.52,0.7049,0.0332,0.001082,4.421
849741,520,438,958,232,58,48,28.44,0.9295,0.5517,0.203983,37,12,2,45.85,0.7997,0.0922,0.006607,4.487
849770,520,408,928,240,34,125,2.01,0.9462,0.5671,0.211532,17,13,85,273.75,0.9392,0.1291,0.010628,4.314
849783,520,471,991,169,48,244,307.68,0.9451,0.5242,0.170813,5,4,15,287.04,0.5041,0.0386,0.001536,4.285
849784,520,389,909,221,17,241,323.60,0.9910,0.5881,0.221261,69,6,6,27.12,0.9386,0.1494,0.014088,4.233
849790,520,409,929,202,28,249,316.83,0.9803,0.5666,0.202282,25,6,86,280.80,0.9559,0.1283,0.010088,4.199
849795,520,385,905,241,47,160,351.05,0.9225,0.5905,0.232749,61,21,16,29.38,0.6627,0.1542,0.015660,4.306
849810,520,402,922,184,77,248,309.76,0.9458,0.5785,0.222763,62,4,7,24.43,0.9384,0.1317,0.011265,4.452
849812,520,374,894,213,50,248,319.50,0.9689,0.5960,0.232064,1,44,30,165.90,0.9830,0.1571,0.019015,4.087
849834,520,433,953,216,48,174,340.52,0.8730,0.5517,0.197711,38,11,22,356.84,0.5587,0.0977,0.007094,4.339
849843,520,362,882,243,82,101,17.56,0.8919,0.6084,0.260320,44,36,62,297.41,0.3784,0.1794,0.021450,4.343
849845,520,198,718,251,143,254,326.17,0.9948,0.7700,0.473120,11,87,84,190.63,0.9107,0.3238,0.075273,4.176
849854,520,394,914,217,11,254,319.80,0.9961,0.5899,0.221487,66,1,34,356.74,0.9421,0.1447,0.012957,4.312
849860,520,396,916,242,38,142,356.81,0.9405,0.5794,0.222197,5,23,85,264.98,0.9347,0.1398,0.013008,4.320
849872,520,355,875,254,15,201,341.01,0.9942,0.6210,0.256329,84,0,30,9.05,1.0000,0.1829,0.019789,4.389
849893,520,328,848,221,112,199,335.43,0.7362,0.6505,0.310859,3,60,0,141.90,1.0000,0.2085,0.032509,4.374
849914,520,443,963,206,39,189,333.03,0.9024,0.5360,0.182489,30,9,18,354.78,0.5081,0.0801,0.005151,4.216
849915,520,457,977,219,16,148,349.08,0.9630,0.5271,0.175713,28,0,11,356.83,1.0000,0.0572,0.002711,4.282
849928,520,461,981,219,39,123,359.06,0.8881,0.5277,0.179437,9,3,30,289.33,0.8028,0.0495,0.002169,4.398
849934,520,478,998,182,76,142,344.83,0.6503,0.5073,0.170684,2,1,7,291.58,0.6583,0.0219,0.000500,4.370
849944,520,464,984,220,43,97,9.61,0.8909,0.5241,0.178091,2,1,47,268.34,0.9921,0.0549,0.002398,4.353
849967,520,439,959,238,44,15,31.23,0.9862,0.5497,0.200162,25,9,45,300.26,0.7160,0.0893,0.005915,4.474
849977,520,466,986,230,10,1,29.55,0.9991,0.5161,0.170453,3,8,22,262.20,0.6003,0.0501,0.002509,4.198
849986,520,424,944,229,46,150,351.78,0.8927,0.5628,0.208167,16,27,25,182.16,0.2601,0.1088,0.009642,4.329
850005,520,421,941,217,76,115,7.11,0.7562,0.5575,0.211607,44,12,30,348.29,0.6064,0.1128,0.008922,4.440
850014,520,368,888,244,65,161,352.49,0.9038,0.6110,0.255900,67,19,43,352.64,0.6507,0.1712,0.018336,4.476
850026,520,377,897,234,22,230,329.25,0.9877,0.6042,0.237820,59,10,67,321.57,0.7935,0.1603,0.015523,4.393
850044,520,343,863,229,80,214,332.09,0.8817,0.6269,0.272527,30,33,97,274.98,0.7726,0.1878,0.022267,4.463
850048,520,395,915,213,40,253,318.63,0.9910,0.5934,0.227573,36,32,15,96.50,0.4331,0.1397,0.014426,4.308
850064,520,439,959,194,21,251,314.36,0.9863,0.5529,0.189720,27,15,16,13.76,0.2741,0.0865,0.006121,4.271
850068,520,435,955,195,59,208,324.14,0.8590,0.5459,0.192856,26,19,11,70.06,0.3081,0.0929,0.007095,4.254
850073,520,372,892,249,30,188,343.67,0.9750,0.6095,0.247024,45,40,11,99.56,0.6661,0.1722,0.020997,4.184
850082,520,480,1000,193,72,112,3.01,0.6895,0.5083,0.171438,0,0,0,0.00,0.0000,0.0000,0.000000,4.429
850083,520,379,899,210,104,141,359.57,0.6102,0.5963,0.255272,6,34,82,260.41,0.8917,0.1622,0.017919,4.495
850096,520,473,993,203,20,195,330.49,0.9605,0.5250,0.171388,5,3,1,77.32,0.4618,0.0297,0.000996,4.341
850099,520,449,969,237,8,58,21.32,0.9942,0.5353,0.184869,15,4,42,290.01,0.8415,0.0671,0.003556,4.386
850102,520,196,716,249,154,234,332.79,0.9567,0.7768,0.491935,77,77,59,107.59,0.2119,0.3246,0.072013,4.442
850108,520,207,727,253,168,68,66.59,0.9655,0.7656,0.493078,20,85,72,176.28,0.8404,0.3145,0.071133,4.483
850116,520,421,941,225,64,134,358.48,0.8214,0.5646,0.213982,56,1,7,21.24,0.9759,0.1145,0.008780,4.491
850133,520,447,967,229,1,140,353.72,0.9982,0.5400,0.185760,16,18,10,119.47,0.2708,0.0795,0.005647,4.237
850149,520,469,989,232,14,45,24.25,0.9902,0.5243,0.176625,7,2,18,299.10,0.7235,0.0370,0.001323,4.416
850150,520,455,975,194,63,173,334.93,0.7780,0.5266,0.180431,11,5,41,283.44,0.8316,0.0645,0.003398,4.315
850157,520,407,927,211,18,242,320.86,0.9888,0.5723,0.206941,14,26,68,267.70,0.7593,0.1332,0.012494,4.111
850162,520,455,975,226,33,87,13.06,0.9397,0.5271,0.179474,12,14,5,117.95,0.4118,0.0647,0.004032,4.247
850165,520,383,903,225,24,241,324.53,0.9867,0.5970,0.230139,69,1,18,14.57,0.9742,0.1461,0.013308,4.425
850170,520,406,926,220,56,196,334.82,0.8872,0.5776,0.220318,35,25,43,309.20,0.3518,0.1312,0.012270,4.341
850177,520,467,987,213,64,40,31.86,0.9075,0.5199,0.179685,3,0,33,275.27,1.0000,0.0390,0.001292,4.478
850190,520,441,961,224,67,14,36.06,0.9782,0.5431,0.198960,34,8,23,347.25,0.5988,0.0868,0.005757,4.465
850197,520,395,915,246,59,99,14.33,0.9325,0.5891,0.236250,1,38,39,197.51,0.9574,0.1408,0.015391,4.378
850198,520,476,996,228,19,12,29.22,0.9887,0.5148,0.169893,1,2,0,126.59,1.0000,0.0203,0.000499,4.354
850203,520,458,978,148,89,224,300.63,0.7865,0.5300,0.188227,1,14,14,194.97,0.8214,0.0586,0.003522,4.451
850210,520,315,835,242,64,254,325.24,0.9963,0.6573,0.297023,30,25,135,272.76,0.9503,0.2179,0.027204,4.495
850213,520,432,952,241,20,97,10.83,0.9782,0.5548,0.200675,47,5,9,19.84,0.8359,0.1015,0.007327,4.373
850216,520,449,969,192,60,198,326.09,0.8303,0.5354,0.185169,33,3,13,2.24,0.7585,0.0726,0.004176,4.341
850234,520,446,966,239,31,28,28.46,0.9796,0.5444,0.194179,7,11,50,271.24,0.8613,0.0807,0.005148,4.428
850240,520,421,941,155,104,211,304.06,0.6759,0.5554,0.215727,26,17,58,288.58,0.6837,0.1149,0.009260,4.484
850245,520,352,872,249,0,215,336.29,1.0000,0.6170,0.250492,4,36,108,262.68,0.9630,0.1931,0.023701,4.077
850246,520,451,971,204,56,184,334.11,0.8362,0.5429,0.191283,7,6,46,274.83,0.8955,0.0680,0.003727,4.491
850252,520,430,950,207,52,195,331.54,0.8728,0.5512,0.196634,22,23,29,277.83,0.1406,0.1047,0.008721,4.200
850277,520,454,974,214,75,9,39.62,0.9795,0.5338,0.193504,2,16,27,240.45,0.7293,0.0704,0.004626,4.458
850288,520,330,850,246,98,101,22.04,0.9026,0.6350,0.292709,93,11,35,10.79,0.8550,0.2135,0.026883,4.458
850298,520,406,926,215,19,243,321.64,0.9890,0.5800,0.213858,50,7,58,320.78,0.8002,0.1344,0.011356,4.300
850302,520,470,990,167,56,232,309.20,0.8987,0.5182,0.168708,11,4,9,335.87,0.3845,0.0421,0.001777,4.224
850303,520,434,954,226,40,147,351.84,0.9027,0.5516,0.197956,43,8,13,15.58,0.7044,0.0991,0.007164,4.338
850313,520,459,979,182,38,234,314.29,0.9475,0.5279,0.172730,5,12,21,252.18,0.4279,0.0600,0.003493,4.164
850332,520,331,851,242,51,240,328.63,0.9702,0.6386,0.275389,25,20,128,271.77,0.9640,0.1989,0.022653,4.479
850333,520,449,969,220,51,114,3.92,0.8528,0.5358,0.188008,17,1,48,290.89,0.9621,0.0692,0.003543,4.445
850336,520,418,938,235,60,42,30.07,0.9393,0.5590,0.210641,40,25,2,76.12,0.8554,0.1245,0.011508,4.238
850341,520,407,927,248,8,118,4.67,0.9928,0.5722,0.214416,55,1,56,327.49,0.9358,0.1350,0.011196,4.321
850344,520,338,858,180,129,219,309.25,0.6457,0.6374,0.305188,17,56,9,140.59,0.9640,0.2001,0.029671,4.458
850348,520,477,997,223,14,57,20.82,0.9857,0.5066,0.163003,1,1,9,276.31,0.7916,0.0214,0.000479,4.220
850361,520,402,922,247,9,146,355.53,0.9916,0.5803,0.220483,22,30,49,266.12,0.3905,0.1341,0.013208,4.279
850375,520,421,941,199,31,241,317.73,0.9714,0.5567,0.194745,38,14,34,333.88,0.5364,0.1081,0.008417,4.190
850378,520,377,897,234,28,224,330.69,0.9806,0.6024,0.237074,75,0,16,17.70,1.0000,0.1585,0.015335,4.394
850396,520,469,989,229,2,59,20.26,0.9982,0.5169,0.170202,14,2,5,0.44,0.6100,0.0388,0.001477,4.278
850398,520,438,958,243,20,10,29.41,0.9927,0.5474,0.195804,44,0,26,349.26,1.0000,0.0934,0.006101,4.381
850401,520,268,788,241,113,230,330.81,0.9245,0.6970,0.362265,16,73,16,142.99,0.9718,0.2592,0.049125,4.159
850407,520,425,945,194,80,188,329.71,0.7421,0.5563,0.208390,18,18,56,278.19,0.6927,0.1076,0.008467,4.419
850416,520,417,937,222,50,191,336.77,0.9002,0.5734,0.215747,24,8,80,281.41,0.9296,0.1224,0.009470,4.469
850420,520,464,984,216,0,155,345.82,1.0000,0.5208,0.169679,9,9,14,284.93,0.1810,0.0538,0.002852,4.157
850423,520,466,986,173,56,226,312.57,0.8885,0.5221,0.172045,22,0,5,4.85,1.0000,0.0451,0.001816,4.285
850445,520,297,817,243,131,38,54.10,0.9377,0.6761,0.354300,23,66,21,142.63,0.9273,0.2385,0.041326,4.427
850449,520,476,996,217,34,72,17.26,0.9348,0.5057,0.163663,0,1,8,261.19,1.0000,0.0192,0.000392,4.240
850468,520,384,904,253,48,50,26.76,0.9907,0.5859,0.232306,66,6,36,356.04,0.8102,0.1509,0.014161,4.400
850472,520,466,986,206,40,156,343.78,0.8624,0.5179,0.170418,2,7,24,262.70,0.7325,0.0481,0.002308,4.214
850474,520,398,918,228,22,208,333.33,0.9786,0.5792,0.216244,26,30,54,275.28,0.4236,0.1407,0.014145,4.151
850475,520,480,1000,216,19,126,356.22,0.9497,0.5126,0.165735,0,0,0,0.00,0.0000,0.0000,0.000000,4.315
850476,520,448,968,236,29,66,20.30,0.9700,0.5415,0.191081,9,21,1,132.17,0.9525,0.0801,0.005966,4.308
850493,520,333,853,243,81,200,340.12,0.9141,0.6435,0.291125,63,40,34,35.24,0.3224,0.2020,0.026900,4.436
850494,520,382,902,234,84,112,12.74,0.8169,0.5974,0.250057,11,45,17,146.79,0.9173,0.1610,0.019883,4.294
850508,520,480,1000,111,92,241,283.19,0.8917,0.5101,0.173843,0,0,0,0.00,0.0000,0.0000,0.000000,4.477
850528,520,462,982,237,16,27,27.55,0.9914,0.5340,0.184575,8,9,18,278.25,0.3136,0.0546,0.002907,4.434
850532,520,396,916,238,53,137,358.81,0.8943,0.5801,0.225325,59,18,13,29.54,0.7110,0.1447,0.013916,4.308
850548,520,433,953,227,14,161,346.63,0.9765,0.5485,0.192209,29,13,39,310.79,0.5708,0.0965,0.006956,4.253
850549,520,442,962,237,35,49,25.11,0.9688,0.5443,0.194316,5,19,21,206.85,0.5031,0.0775,0.005521,4.400
850556,520,370,890,251,69,118,9.72,0.9570,0.6130,0.260769,36,41,40,182.44,0.0744,0.1727,0.021141,4.368
850560,520,311,831,201,128,217,320.24,0.6786,0.6600,0.328667,18,62,2,139.14,0.9934,0.2205,0.035781,4.414
850572,520,384,904,251,17,138,358.98,0.9852,0.5870,0.227487,30,21,79,283.34,0.7733,0.1461,0.013768,4.351
850586,520,66,586,255,227,180,80.52,1.0000,0.9155,0.794946,1,121,46,148.00,0.9992,0.4241,0.138778,4.476
850587,520,323,843,252,27,249,328.96,0.9925,0.6498,0.283219,5,59,12,144.59,0.9869,0.2068,0.031866,4.070
850602,520,478,998,173,4,246,309.70,0.9969,0.5112,0.156258,0,1,2,233.51,1.0000,0.0151,0.000261,4.104
850604,520,398,918,246,20,155,352.71,0.9794,0.5847,0.224630,38,26,46,311.07,0.3761,0.1389,0.013481,4.326
850609,520,378,898,227,7,250,323.11,0.9974,0.6029,0.233872,23,35,65,266.03,0.5295,0.1591,0.017658,4.196
850639,520,403,923,250,20,131,1.13,0.9812,0.5834,0.224665,17,28,52,264.28,0.5164,0.1271,0.011976,4.432
850649,520,474,994,157,56,245,303.12,0.9438,0.5156,0.165895,3,2,6,297.53,0.4070,0.0263,0.000759,4.253
850650,520,441,961,226,61,17,34.30,0.9759,0.5404,0.195495,42,8,1,38.09,0.9249,0.0945,0.006682,4.331
850660,520,347,867,221,105,183,341.64,0.7182,0.6320,0.288962,37,49,2,123.45,0.9584,0.1895,0.025943,4.463
850663,520,470,990,213,64,19,35.58,0.9615,0.5183,0.178624,5,5,3,107.55,0.1960,0.0364,0.001474,4.442
850668,520,386,906,254,10,128,2.51,0.9926,0.5880,0.228501,41,26,55,306.65,0.4811,0.1484,0.014861,4.294
850687,520,468,988,196,50,185,331.41,0.8444,0.5243,0.175214,11,2,20,307.74,0.7416,0.0422,0.001651,4.360
850694,520,401,921,228,28,200,335.49,0.9658,0.5766,0.214972,23,27,66,275.18,0.6308,0.1400,0.013593,4.167
850699,520,450,970,225,4,156,347.65,0.9924,0.5400,0.184974,29,5,13,1.03,0.6352,0.0696,0.003989,4.352
850724,520,441,961,141,89,242,294.55,0.8817,0.5363,0.192183,25,17,17,18.42,0.1792,0.0887,0.006481,4.288
850728,520,377,897,254,28,154,354.81,0.9916,0.6028,0.242380,64,21,17,27.95,0.6808,0.1601,0.016670,4.386
850742,520,403,923,242,11,161,349.87,0.9886,0.5772,0.216930,26,26,55,281.32,0.4992,0.1316,0.012342,4.282
850743,520,472,992,199,18,197,328.85,0.9644,0.5184,0.166077,5,1,22,289.23,0.8816,0.0347,0.001119,4.227
850749,520,441,961,204,85,95,17.75,0.6863,0.5416,0.201626,27,16,8,57.08,0.4029,0.0865,0.006212,4.476
850755,520,433,953,228,64,67,24.45,0.8900,0.5526,0.205688,12,28,10,141.60,0.6974,0.1048,0.009306,4.311
850756,520,378,898,146,120,241,290.63,0.8095,0.5967,0.258947,27,41,38,179.96,0.2471,0.1639,0.019588,4.440
850759,520,302,822,242,111,171,353.66,0.8200,0.6686,0.331891,9,62,65,200.77,0.8457,0.2338,0.038848,4.298
850760,520,411,931,215,37,215,328.21,0.9490,0.5675,0.206786,14,27,51,261.69,0.5591,0.1218,0.011162,4.198
850764,520,464,984,200,62,139,350.17,0.7599,0.5189,0.175906,1,8,31,261.25,0.8960,0.0542,0.002790,4.279
850770,520,400,920,213,83,166,344.43,0.7381,0.5796,0.230879,62,12,18,18.27,0.7698,0.1432,0.013309,4.437
850789,520,409,929,225,32,195,336.18,0.9522,0.5699,0.209832,53,5,41,340.25,0.7899,0.1259,0.010256,4.312
850790,520,480,1000,160,35,251,304.03,0.9806,0.5084,0.156413,0,0,0,0.00,0.0000,0.0000,0.000000,4.128
850806,520,443,963,235,7,103,7.53,0.9910,0.5405,0.187965,1,21,5,149.27,0.9758,0.0755,0.005537,4.285
850814,520,361,881,234,81,188,341.79,0.8498,0.6225,0.270107,25,46,47,199.62,0.3567,0.1815,0.023658,4.346
850817,520,433,953,203,91,92,21.70,0.6626,0.5486,0.209533,19,26,14,132.83,0.3708,0.1049,0.009089,4.392
850834,520,435,955,191,83,172,334.80,0.6877,0.5470,0.202429,4,13,58,266.66,0.9212,0.0903,0.006191,4.492
850847,520,368,888,243,0,229,331.58,1.0000,0.6148,0.247147,20,19,112,271.18,0.9568,0.1735,0.017842,4.380
850854,520,317,837,233,98,215,333.08,0.8697,0.6561,0.309676,34,58,10,132.56,0.9108,0.2169,0.033880,4.288
850861,520,406,926,234,1,194,338.43,0.9991,0.5770,0.214120,7,32,44,232.52,0.6690,0.1276,0.012600,4.219
850897,520,380,900,241,3,217,334.03,0.9984,0.6041,0.237785,34,38,44,258.37,0.1209,0.1640,0.019081,4.166
850899,520,230,750,255,124,252,328.28,1.0000,0.7448,0.427061,51,74,45,139.28,0.4714,0.2873,0.057907,4.421
850902,520,437,957,233,19,124,0.37,0.9694,0.5463,0.192476,25,17,25,326.33,0.2473,0.0917,0.006778,4.271
850905,520,433,953,122,101,252,284.32,0.9630,0.5460,0.204728,10,18,58,269.57,0.8082,0.1038,0.008026,4.390
850911,520,441,961,197,91,103,15.05,0.6180,0.5414,0.203335,32,16,8,47.25,0.4783,0.0934,0.006952,4.448
850923,520,445,965,193,0,247,315.17,1.0000,0.5428,0.180542,7,5,57,272.64,0.9547,0.0777,0.004491,4.231
850933,520,430,950,227,40,130,358.16,0.9031,0.5467,0.194629,29,22,2,91.59,0.8249,0.1021,0.008394,4.189
850934,520,439,959,216,6,206,330.91,0.9929,0.5522,0.191876,10,7,63,273.73,0.9417,0.0898,0.005753,4.338
850945,520,461,981,231,33,10,30.48,0.9903,0.5277,0.181016,21,4,11,353.72,0.5758,0.0549,0.002704,4.383
850957,520,289,809,209,143,184,341.95,0.4928,0.6837,0.366622,31,66,32,144.41,0.7606,0.2447,0.042919,4.484
850981,520,387,907,249,22,152,354.30,0.9786,0.5900,0.229840,34,36,20,114.25,0.3596,0.1498,0.016523,4.207
850991,520,291,811,216,131,199,334.57,0.6440,0.6762,0.349566,23,62,65,202.18,0.5915,0.2388,0.040089,4.435
851006,520,421,941,206,39,223,323.75,0.9459,0.5589,0.199023,29,4,67,292.96,0.9200,0.1077,0.007533,4.328
851030,520,404,924,251,25,110,8.27,0.9769,0.5806,0.223339,26,10,84,281.51,0.9201,0.1315,0.010768,4.498
851035,520,450,970,181,31,250,310.70,0.9767,0.5361,0.177069,27,6,6,22.41,0.6071,0.0663,0.003764,4.223
851036,520,412,932,221,50,180,339.93,0.8847,0.5655,0.209510,21,23,49,278.01,0.4998,0.1156,0.009940,4.330
851037,520,457,977,219,57,62,24.21,0.8921,0.5268,0.183367,28,0,11,356.83,1.0000,0.0572,0.002711,4.427
851047,520,377,897,228,25,242,325.02,0.9870,0.6032,0.236024,78,0,7,24.45,1.0000,0.1640,0.016353,4.311
851057,520,291,811,221,124,226,325.38,0.8040,0.6839,0.352800,17,66,37,153.55,0.8929,0.2393,0.041490,4.403
851065,520,441,961,196,66,192,329.12,0.8043,0.5445,0.194395,10,9,57,274.35,0.8989,0.0864,0.005553,4.399
851077,520,259,779,237,130,219,333.68,0.8602,0.7123,0.390863,78,59,44,59.63,0.2991,0.2734,0.049296,4.440
851084,520,416,936,234,16,177,343.35,0.9808,0.5707,0.210402,48,16,3,43.35,0.8152,0.1189,0.010056,4.336
851090,520,478,998,219,35,50,24.14,0.9532,0.5068,0.164951,8,0,3,351.24,1.0000,0.0245,0.000582,4.250
851101,520,450,970,229,26,134,356.38,0.9477,0.5446,0.191209,5,10,38,269.47,0.7786,0.0669,0.003893,4.476
851130,520,432,952,199,32,238,318.39,0.9680,0.5548,0.193497,18,17,46,281.47,0.5882,0.0972,0.007267,4.252
851138,520,435,955,197,20,246,316.26,0.9859,0.5531,0.190259,42,2,26,348.18,0.8238,0.0926,0.006103,4.282
851144,520,391,911,246,27,152,353.85,0.9686,0.5859,0.226470,1,44,10,146.75,0.9947,0.1524,0.018297,4.048
851152,520,469,989,155,67,234,303.81,0.8826,0.5154,0.169239,3,5,24,271.34,0.7317,0.0443,0.001938,4.221
851166,520,419,939,220,85,3,42.60,0.9931,0.5589,0.217217,11,29,16,151.34,0.6061,0.1086,0.009873,4.463
851173,520,457,977,213,69,57,28.58,0.8576,0.5280,0.187002,2,14,3,146.14,0.9130,0.0560,0.003335,4.444
851185,520,465,985,182,92,96,18.57,0.5513,0.5167,0.184453,12,7,19,303.00,0.4164,0.0542,0.002771,4.443
851196,520,471,991,198,71,120,359.83,0.7100,0.5187,0.178702,16,2,5,3.70,0.6475,0.0414,0.001646,4.428
851204,520,466,986,214,20,153,346.28,0.9470,0.5211,0.170987,14,6,16,319.89,0.4145,0.0527,0.002610,4.200
851205,520,447,967,213,50,159,344.95,0.8448,0.5401,0.189328,2,22,17,175.35,0.8477,0.0824,0.006272,4.253
851208,520,447,967,237,18,75,17.12,0.9829,0.5408,0.189484,11,4,55,277.95,0.9407,0.0766,0.004338,4.407
851233,520,306,826,213,116,241,318.25,0.8840,0.6685,0.329892,54,55,29,110.40,0.4388,0.2290,0.036054,4.415
851245,520,366,886,243,65,154,354.75,0.8948,0.6064,0.251715,48,24,82,298.62,0.7116,0.1749,0.018909,4.378
851253,520,346,866,219,80,242,321.66,0.9351,0.6286,0.272100,28,41,76,266.89,0.5388,0.1867,0.023545,4.380
851258,520,343,863,230,117,33,51.08,0.9201,0.6298,0.296579,2,52,52,194.82,0.9532,0.1930,0.027167,4.491
851287,520,409,929,224,74,136,358.80,0.7857,0.5747,0.225249,49,18,27,3.60,0.5234,0.1302,0.011648,4.465
851303,520,471,991,188,53,192,326.76,0.8361,0.5179,0.170448,2,8,1,138.88,0.9021,0.0404,0.001888,4.249
851307,520,346,866,251,6,228,333.57,0.9980,0.6296,0.262441,2,55,7,144.09,0.9946,0.1912,0.027605,4.026
851316,520,348,868,255,51,173,350.00,1.0000,0.6251,0.266483,72,19,53,344.89,0.6840,0.1856,0.021007,4.457
851324,520,283,803,223,148,103,51.30,0.6241,0.6886,0.378489,29,69,15,138.83,0.9459,0.2509,0.045518,4.486
851327,520,390,910,253,42,84,17.72,0.9870,0.5870,0.231824,10,11,108,267.95,0.9835,0.1531,0.013865,4.413
851328,520,408,928,226,14,196,336.05,0.9843,0.5659,0.204709,44,23,15,41.49,0.4562,0.1283,0.011828,4.120
851334,520,385,905,213,107,68,40.35,0.7373,0.5880,0.250810,16,41,24,152.40,0.6607,0.1518,0.017619,4.449
851341,520,386,906,250,49,106,11.23,0.9607,0.5907,0.235647,47,14,77,303.26,0.8000,0.1542,0.014543,4.426
851347,520,391,911,250,17,159,352.21,0.9857,0.5934,0.232315,5,37,58,242.13,0.7895,0.1504,0.016608,4.238
851351,520,293,813,244,118,163,359.35,0.8146,0.6797,0.348370,31,64,52,168.01,0.5122,0.2439,0.042059,4.327
851384,520,475,995,215,42,123,358.46,0.8674,0.5219,0.175355,3,3,2,107.35,0.1548,0.0277,0.000889,4.428
851409,520,410,930,170,97,229,307.17,0.7948,0.5740,0.227532,31,28,29,355.21,0.0543,0.1272,0.012105,4.469
851410,520,475,995,193,58,177,333.14,0.7998,0.5218,0.175395,3,3,1,108.44,0.4204,0.0273,0.000867,4.431
851414,520,332,852,236,54,255,323.71,1.0000,0.6408,0.276936,1,45,97,256.17,0.9796,0.2030,0.027461,4.221
851437,520,396,916,211,19,249,319.30,0.9898,0.5780,0.211560,13,3,103,269.93,0.9942,0.1390,0.011299,4.267
851454,520,443,963,218,6,185,337.17,0.9902,0.5426,0.185408,5,2,62,270.14,0.9887,0.0770,0.004234,4.341
851461,520,392,912,241,76,71,26.27,0.9176,0.5916,0.243277,43,32,35,0.29,0.1702,0.1544,0.016680,4.398
851466,520,427,947,246,14,63,20.92,0.9915,0.5566,0.202693,42,9,23,357.18,0.6446,0.1020,0.007496,4.395
851479,520,0,520,255,255,255,0.00,0.0000,1.0000,1.000000,38,136,59,146.94,0.9517,0.4819,0.183354,4.500
851483,520,448,968,187,44,234,315.58,0.9376,0.5398,0.183079,2,7,56,266.32,0.9632,0.0765,0.004504,4.276
851488,520,390,910,255,39,71,21.13,1.0000,0.5870,0.231698,60,18,3,40.21,0.8779,0.1451,0.014000,4.402
851494,520,451,971,230,26,119,1.86,0.9505,0.5411,0.188966,5,12,33,265.76,0.6601,0.0672,0.004050,4.421
851496,520,470,990,231,1,3,29.06,0.9995,0.5163,0.170203,0,0,37,264.05,1.0000,0.0397,0.001336,4.289
851498,520,403,923,218,62,201,332.83,0.8755,0.5825,0.225699,8,25,74,265.07,0.8768,0.1337,0.012412,4.417
851508,520,398,918,239,68,75,23.23,0.9082,0.5795,0.229961,9,38,36,188.86,0.6673,0.1429,0.015716,4.260
851512,520,274,794,237,117,226,330.90,0.8945,0.6950,0.362203,58,54,85,289.26,0.3471,0.2538,0.041937,4.484
851542,520,346,866,236,62,228,330.08,0.9432,0.6291,0.268821,4,46,81,249.26,0.8768,0.1931,0.025737,4.210
851545,520,414,934,207,7,248,318.59,0.9963,0.5679,0.201964,15,13,76,273.82,0.9211,0.1170,0.009112,4.263
851546,520,370,890,206,103,193,332.24,0.6923,0.6112,0.266741,4,46,45,192.48,0.8869,0.1707,0.021692,4.418
851549,520,479,999,175,44,226,313.79,0.9202,0.5146,0.164073,1,0,2,311.99,1.0000,0.0114,0.000108,4.272
851567,520,432,952,233,58,21,32.96,0.9743,0.5515,0.204069,18,15,59,279.51,0.7687,0.1045,0.007860,4.391
851576,520,387,907,173,99,242,305.12,0.8656,0.5903,0.242193,10,37,57,244.13,0.6698,0.1517,0.016830,4.372
851589,520,460,980,120,98,238,285.63,0.8508,0.5268,0.189012,7,9,36,274.48,0.7193,0.0650,0.003679,4.453
851592,520,301,821,248,109,148,5.00,0.8712,0.6671,0.330348,53,57,10,114.27,0.8205,0.2310,0.037051,4.369
851612,520,476,996,202,59,115,0.98,0.7736,0.5096,0.169243,5,0,6,324.01,1.0000,0.0219,0.000454,4.345
851613,520,408,928,249,10,96,11.83,0.9925,0.5685,0.212049,23,33,5,126.36,0.8087,0.1274,0.012808,4.172
851623,520,468,988,209,12,166,340.68,0.9695,0.5158,0.165736,4,5,5,196.76,0.0694,0.0361,0.001453,4.193
851629,520,467,987,228,23,48,23.93,0.9792,0.5192,0.173231,3,2,28,275.67,0.9152,0.0398,0.001466,4.337
851657,520,404,924,212,67,204,330.25,0.8557,0.5792,0.223729,14,35,7,138.53,0.8957,0.1275,0.013107,4.338
851666,520,280,800,235,108,238,326.63,0.9190,0.6855,0.345625,45,63,63,196.15,0.2167,0.2550,0.044717,4.177
851675,520,430,950,213,7,214,328.09,0.9926,0.5525,0.191552,23,24,1,111.77,0.9139,0.1003,0.008376,4.138
851692,520,416,936,221,3,224,327.63,0.9978,0.5729,0.208213,54,10,6,29.65,0.8466,0.1219,0.010146,4.293
851702,520,479,999,201,62,104,6.41,0.7635,0.5075,0.168643,0,1,1,194.77,1.0000,0.0143,0.000239,4.352
851716,520,14,534,245,252,249,168.76,0.4970,0.9825,0.958726,14,133,78,155.66,0.9808,0.4711,0.174177,4.500
851743,520,412,932,208,14,246,319.23,0.9921,0.5694,0.203795,10,35,0,137.00,1.0000,0.1242,0.012666,4.050
851745,520,456,976,234,13,44,24.50,0.9915,0.5282,0.179653,11,8,20,294.82,0.3937,0.0560,0.002953,4.337
851747,520,315,835,242,96,201,340.20,0.8951,0.6604,0.314627,34,58,9,132.36,0.9198,0.2168,0.033858,4.348
851767,520,447,967,186,50,233,315.29,0.9230,0.5420,0.186047,3,19,28,233.41,0.6816,0.0795,0.005689,4.239
851769,520,460,980,219,45,103,7.37,0.8770,0.5254,0.179187,12,9,23,292.43,0.4236,0.0605,0.003354,4.296
851804,520,340,860,219,93,235,323.03,0.8954,0.6399,0.288887,27,53,17,137.91,0.8384,0.1964,0.028196,4.334
851814,520,377,897,189,112,181,330.79,0.5609,0.5965,0.257445,15,41,54,232.75,0.5677,0.1640,0.019537,4.421
851824,520,340,860,221,103,204,333.23,0.7739,0.6392,0.294342,60,43,1,84.74,0.9677,0.1993,0.026907,4.477
851831,520,431,951,202,33,218,324.00,0.9501,0.5451,0.187079,15,27,8,135.01,0.6613,0.1034,0.009029,4.016
851832,520,219,739,196,166,250,300.04,0.8469,0.7467,0.459106,28,79,78,193.39,0.6510,0.3006,0.063886,4.470
851844,520,442,962,209,23,200,330.70,0.9611,0.5402,0.183402,9,20,14,159.62,0.3887,0.0805,0.005901,4.175
851845,520,377,897,220,90,174,343.78,0.7471,0.6042,0.255861,18,42,46,209.49,0.4687,0.1644,0.019817,4.381
851873,520,335,855,233,73,231,328.46,0.9280,0.6361,0.278606,2,53,58,205.25,0.9499,0.1992,0.028645,4.178
851881,520,478,998,108,92,241,282.14,0.8953,0.5074,0.171929,0,2,8,253.83,0.9999,0.0231,0.000609,4.385
851891,520,428,948,218,41,196,334.18,0.9230,0.5630,0.204791,19,20,38,280.21,0.3971,0.0993,0.007787,4.409
851915,520,458,978,214,65,86,16.89,0.8145,0.5306,0.187510,20,6,15,341.63,0.4714,0.0593,0.003135,4.470
851933,520,349,869,230,100,158,354.75,0.7489,0.6280,0.284084,48,36,77,295.06,0.5204,0.1944,0.024260,4.499
851950,520,473,993,225,20,77,15.33,0.9719,0.5166,0.170465,1,4,2,156.90,0.5900,0.0284,0.000977,4.325
852014,520,408,928,224,43,187,338.38,0.9177,0.5698,0.211654,8,7,96,268.12,0.9865,0.1311,0.010480,4.326
852017,520,413,933,227,48,172,343.94,0.8958,0.5708,0.214259,25,29,29,196.74,0.0735,0.1237,0.011741,4.280
852038,520,258,778,207,152,202,329.56,0.5036,0.7070,0.399871,46,67,69,203.47,0.2477,0.2702,0.050247,4.488
852043,520,387,907,252,2,158,352.69,0.9985,0.5939,0.232110,39,15,84,291.98,0.8327,0.1519,0.014131,4.399
852045,520,402,922,247,57,22,32.22,0.9806,0.5787,0.227618,40,25,16,51.75,0.3763,0.1271,0.011838,4.489
852048,520,391,911,238,14,191,340.23,0.9878,0.5853,0.222557,9,42,4,140.77,0.9749,0.1480,0.017227,4.054
852062,520,376,896,205,80,226,321.62,0.8618,0.5968,0.242090,10,45,24,153.52,0.8749,0.1622,0.020072,4.168
852078,520,375,895,230,67,189,339.84,0.8717,0.6012,0.245139,61,23,23,22.07,0.5776,0.1594,0.016669,4.427
852082,520,409,929,223,3,218,329.58,0.9976,0.5723,0.208174,28,16,74,284.97,0.8081,0.1305,0.011118,4.224
852106,520,362,882,212,91,210,328.23,0.8026,0.6117,0.261341,40,30,90,285.50,0.7047,0.1839,0.021178,4.374
852113,520,462,982,236,9,43,24.63,0.9945,0.5315,0.182059,15,5,19,316.47,0.5333,0.0529,0.002571,4.414
852134,520,400,920,233,15,195,337.98,0.9856,0.5785,0.216082,58,14,9,29.70,0.7942,0.1359,0.012335,4.269
852143,520,463,983,224,32,115,2.54,0.9245,0.5306,0.181209,27,0,5,9.90,1.0000,0.0535,0.002440,4.409
852155,520,401,921,176,83,252,305.80,0.9700,0.5784,0.224456,49,17,55,321.06,0.6520,0.1434,0.013298,4.336
852165,520,430,950,192,74,192,327.72,0.7703,0.5477,0.199112,20,25,18,136.78,0.2135,0.1041,0.008876,4.231
852174,520,433,953,245,0,17,28.13,1.0000,0.5470,0.194565,30,7,51,303.61,0.7889,0.0976,0.006670,4.316
852194,520,370,890,252,76,56,30.15,0.9826,0.6104,0.261534,33,36,65,277.73,0.4361,0.1699,0.019667,4.472
852198,520,456,976,209,42,171,339.51,0.8752,0.5329,0.181536,3,4,47,269.35,0.9614,0.0619,0.003114,4.359
852216,520,448,968,193,39,229,318.65,0.9444,0.5420,0.184471,27,5,37,313.66,0.7473,0.0792,0.004751,4.282
852217,520,438,958,238,3,119,2.55,0.9961,0.5509,0.195774,34,11,3,43.40,0.7250,0.0857,0.005861,4.400
852218,520,350,870,228,88,198,337.03,0.8277,0.6262,0.275529,5,48,72,239.32,0.8457,0.1928,0.026139,4.275
852221,520,289,809,236,129,140,14.38,0.7186,0.6790,0.354292,26,65,48,162.76,0.6486,0.2430,0.042135,4.388
852229,520,453,973,178,7,253,309.66,0.9956,0.5260,0.167098,1,18,7,155.94,0.9499,0.0673,0.004544,3.980
852246,520,475,995,204,67,98,10.83,0.7574,0.5173,0.177356,9,2,1,36.91,0.6095,0.0313,0.001037,4.455
852254,520,384,904,248,22,161,351.30,0.9788,0.5918,0.231068,69,5,8,24.97,0.9400,0.1486,0.013915,4.398
852263,520,300,820,250,63,250,328.09,0.9847,0.6669,0.307840,0,60,81,229.13,1.0000,0.2340,0.038256,4.055
852266,520,379,899,254,42,125,4.87,0.9909,0.5994,0.242111,13,22,102,268.42,0.9473,0.1617,0.016186,4.413
852270,520,405,925,217,30,234,324.10,0.9754,0.5807,0.216228,30,32,0,113.12,1.0000,0.1303,0.013090,4.220
852272,520,471,991,223,3,109,3.30,0.9940,0.5165,0.168600,6,5,10,295.07,0.2621,0.0401,0.001692,4.229
852273,520,384,904,243,23,170,347.53,0.9752,0.5866,0.225729,65,11,7,29.03,0.8825,0.1462,0.013787,4.323
852274,520,389,909,244,3,188,342.32,0.9977,0.5929,0.229322,29,33,51,274.06,0.3190,0.1493,0.015879,4.240
852288,520,260,780,253,133,121,27.09,0.9614,0.7067,0.390411,9,76,18,144.48,0.9856,0.2680,0.052704,4.288
852294,520,472,992,208,6,173,338.21,0.9852,0.5165,0.165594,2,4,2,144.61,0.3699,0.0297,0.001041,4.224
852299,520,412,932,229,68,128,2.23,0.8229,0.5741,0.223535,29,27,31,308.06,0.0890,0.1232,0.011440,4.452
852301,520,400,920,242,45,143,356.88,0.9247,0.5841,0.227404,48,19,40,338.84,0.5277,0.1360,0.012474,4.440
852303,520,457,977,200,46,191,330.74,0.8739,0.5317,0.179967,14,2,42,289.96,0.9125,0.0622,0.003039,4.336
852307,520,429,949,233,6,148,352.02,0.9909,0.5526,0.195950,38,14,16,16.17,0.4942,0.1008,0.007636,4.267
852310,520,424,944,238,57,50,27.85,0.9379,0.5630,0.213369,12,17,68,271.30,0.8746,0.1130,0.008964,4.467
852318,520,450,970,195,43,219,321.60,0.9232,0.5403,0.184458,21,14,1,86.82,0.8405,0.0728,0.004757,4.282
852321,520,372,892,239,48,210,335.53,0.9508,0.6130,0.251205,55,22,67,316.06,0.6528,0.1693,0.017914,4.435
852330,520,412,932,229,11,202,335.14,0.9899,0.5744,0.211642,49,1,52,325.61,0.9295,0.1207,0.009227,4.418
852350,520,468,988,233,14,10,29.10,0.9929,0.5240,0.176628,5,1,33,280.17,0.9569,0.0436,0.001638,4.389
852353,520,442,962,186,38,243,313.45,0.9584,0.5416,0.182976,19,11,32,299.47,0.5233,0.0764,0.004821,4.250
852361,520,455,975,198,1,215,323.94,0.9986,0.5255,0.169355,14,10,18,307.16,0.2679,0.0619,0.003541,4.097
852366,520,454,974,236,7,1,29.42,0.9992,0.5285,0.179903,3,11,44,265.68,0.8825,0.0724,0.004405,4.226
852373,520,174,694,245,167,251,324.27,0.9687,0.8035,0.540166,32,96,28,142.31,0.9516,0.3445,0.087563,4.290
852380,520,378,898,190,95,230,314.65,0.8250,0.5980,0.248458,6,36,74,256.30,0.8382,0.1602,0.017948,4.392
852388,520,354,874,247,25,218,335.17,0.9867,0.6207,0.255344,28,46,25,140.94,0.5234,0.1760,0.022710,4.199
852390,520,471,991,228,16,91,10.84,0.9768,0.5248,0.176228,10,0,24,302.83,1.0000,0.0387,0.001305,4.409
852403,520,385,905,227,35,221,329.73,0.9667,0.5912,0.227558,21,31,62,268.32,0.5574,0.1450,0.014872,4.279
852405,520,455,975,221,57,62,24.29,0.8965,0.5308,0.186489,15,12,9,67.46,0.1437,0.0640,0.003842,4.392
852412,520,421,941,236,19,138,356.19,0.9718,0.5576,0.201366,11,6,83,271.14,0.9786,0.1138,0.008259,4.315
852456,520,478,998,157,60,238,304.25,0.9095,0.5135,0.165734,0,0,11,264.05,1.0000,0.0166,0.000242,4.294
852466,520,406,926,255,39,13,30.57,1.0000,0.5816,0.227439,53,17,23,12.40,0.5914,0.1342,0.012198,4.461
852472,520,442,962,223,58,66,23.33,0.8929,0.5364,0.191101,31,11,4,43.07,0.6393,0.0812,0.005395,4.352
852473,520,424,944,170,87,235,306.96,0.8491,0.5630,0.213612,23,21,40,287.54,0.3925,0.1067,0.008717,4.490
852490,520,429,949,194,31,241,316.35,0.9699,0.5487,0.188016,20,6,62,284.65,0.8982,0.0953,0.006268,4.230
852491,520,466,986,197,2,211,324.67,0.9970,0.5209,0.166186,16,6,2,53.28,0.5649,0.0500,0.002448,4.122
852492,520,421,941,250,24,11,29.56,0.9930,0.5638,0.210051,34,9,61,300.63,0.8046,0.1148,0.008724,4.428
852496,520,462,982,182,48,224,316.30,0.9100,0.5270,0.174420,9,6,20,293.01,0.4895,0.0499,0.002388,4.284
852502,520,395,915,245,7,185,343.40,0.9947,0.5940,0.230704,36,31,14,93.52,0.4481,0.1367,0.013868,4.395
852518,520,306,826,247,106,171,353.99,0.8781,0.6691,0.330254,15,49,113,261.54,0.8702,0.2325,0.034902,4.479
852529,520,393,913,199,77,233,318.05,0.8828,0.5889,0.233344,69,1,9,22.15,0.9850,0.1444,0.013069,4.493
852541,520,420,940,246,28,56,23.34,0.9804,0.5605,0.207124,27,26,8,105.93,0.5429,0.1115,0.009893,4.293
852544,520,472,992,221,30,109,4.07,0.9272,0.5214,0.174075,5,0,24,289.10,1.0000,0.0334,0.000982,4.395
852575,520,396,916,249,37,80,18.07,0.9661,0.5751,0.220456,62,11,19,16.41,0.7764,0.1422,0.013107,4.286
852585,520,373,893,225,35,242,324.20,0.9774,0.6022,0.236226,33,41,13,122.92,0.6393,0.1623,0.019383,4.125
852605,520,420,940,178,100,176,328.03,0.5807,0.5572,0.217149,24,23,37,287.10,0.2938,0.1107,0.009405,4.497
852613,520,260,780,237,141,169,1.61,0.6959,0.7114,0.399210,6,70,83,216.13,0.9100,0.2680,0.050433,4.473
852615,520,239,759,215,151,233,318.67,0.7481,0.7287,0.424645,40,74,53,155.62,0.5176,0.2816,0.056056,4.475
852620,520,438,958,202,0,232,320.92,1.0000,0.5453,0.183844,29,5,48,305.61,0.8132,0.0906,0.005832,4.188
852632,520,477,997,166,63,211,313.50,0.8281,0.5074,0.163660,0,3,0,142.50,1.0000,0.0226,0.000651,4.218
852637,520,464,984,165,95,148,336.60,0.4952,0.5157,0.183228,7,7,21,281.56,0.4805,0.0509,0.002513,4.441
852651,520,447,967,184,36,247,312.06,0.9644,0.5407,0.181686,22,7,44,297.55,0.7561,0.0816,0.005044,4.209
852655,520,405,925,246,44,91,15.13,0.9464,0.5756,0.221530,9,35,30,178.60,0.6467,0.1309,0.013538,4.273
852665,520,457,977,140,81,255,293.20,1.0000,0.5342,0.186803,0,8,38,261.18,1.0000,0.0589,0.003136,4.457
852679,520,420,940,220,50,171,342.61,0.8726,0.5590,0.204395,47,7,29,350.74,0.7233,0.1109,0.008451,4.352
852680,520,425,945,209,4,229,323.42,0.9967,0.5558,0.193012,29,20,33,315.21,0.3116,0.1071,0.008713,4.139
852708,520,430,950,247,4,42,25.06,0.9981,0.5539,0.200318,50,0,15,8.70,1.0000,0.1018,0.007127,4.382
852715,520,436,956,246,13,1,29.61,0.9993,0.5515,0.198865,40,4,20,356.87,0.7588,0.0895,0.005885,4.453
852716,520,474,994,226,26,48,24.07,0.9743,0.5163,0.171239,5,4,1,97.09,0.5284,0.0328,0.001213,4.320
852725,520,363,883,243,73,128,5.42,0.8839,0.6053,0.253814,39,28,77,289.66,0.6420,0.1670,0.017977,4.469
852732,520,476,996,170,29,238,310.05,0.9652,0.5076,0.155987,3,0,11,298.58,1.0000,0.0218,0.000435,4.084
852735,520,355,875,219,106,166,349.03,0.6750,0.6231,0.281233,22,50,16,140.20,0.8687,0.1832,0.024891,4.423
852737,520,325,845,246,64,231,331.76,0.9618,0.6493,0.290320,81,26,56,349.72,0.6388,0.2139,0.027739,4.378
852741,520,432,952,203,88,102,15.08,0.6598,0.5464,0.206372,1,24,34,228.36,0.8973,0.0953,0.007752,4.439
852756,520,448,968,213,3,200,331.75,0.9957,0.5421,0.183835,23,2,55,293.77,0.9381,0.0848,0.005014,4.250
852763,520,2,522,255,255,255,0.00,0.0000,1.0000,1.000000,12,140,0,142.08,1.0000,0.4848,0.188335,4.406
852766,520,369,889,247,62,149,357.06,0.9244,0.6091,0.253926,36,30,79,284.64,0.6399,0.1698,0.018681,4.425
852772,520,369,889,238,57,193,340.29,0.9179,0.6084,0.249565,13,36,84,262.67,0.8139,0.1718,0.019873,4.287
852780,520,363,883,241,53,186,343.01,0.9256,0.6070,0.247951,73,1,49,346.75,0.9427,0.1671,0.016602,4.474
852789,520,0,520,255,255,255,0.00,0.0000,1.0000,1.000000,41,138,15,140.54,0.9904,0.4848,0.186822,4.434
852815,520,478,998,209,33,127,354.94,0.8864,0.5057,0.161776,2,0,14,286.01,1.0000,0.0222,0.000446,4.198
852853,520,439,959,237,29,107,7.41,0.9561,0.5529,0.199479,20,10,46,290.96,0.7163,0.0861,0.005631,4.485
852858,520,135,655,218,205,222,318.23,0.2634,0.8416,0.638423,7,106,3,142.29,0.9977,0.3703,0.103594,4.482
852890,520,452,972,210,59,116,2.23,0.7954,0.5250,0.180928,15,12,22,297.79,0.2954,0.0688,0.004224,4.259
852898,520,332,852,253,64,195,343.39,0.9841,0.6417,0.284928,55,44,33,66.65,0.2477,0.2005,0.027235,4.337
852902,520,387,907,253,51,48,27.52,0.9908,0.5879,0.234674,62,0,60,329.89,1.0000,0.1504,0.013505,4.483
852909,520,466,986,200,2,198,328.90,0.9962,0.5169,0.164018,2,8,28,262.78,0.7859,0.0529,0.002704,4.061
852911,520,368,888,235,13,236,328.10,0.9945,0.6077,0.240087,45,25,84,294.39,0.7144,0.1746,0.018932,4.208
852926,520,443,963,176,56,238,310.77,0.9157,0.5363,0.182324,25,13,15,8.50,0.2906,0.0794,0.005290,4.202
852930,520,407,927,217,4,233,324.51,0.9974,0.5726,0.207238,61,4,28,1.37,0.8413,0.1349,0.011629,4.174
852940,520,384,904,248,30,137,359.21,0.9647,0.5853,0.226946,3,38,52,229.46,0.8607,0.1486,0.016534,4.162
852941,520,459,979,219,55,99,10.31,0.8474,0.5329,0.186958,22,4,21,329.63,0.6474,0.0605,0.003116,4.461
852945,520,13,533,251,253,220,110.00,0.9689,0.9814,0.959272,21,134,53,147.31,0.9826,0.4705,0.174659,4.492
852947,520,433,953,223,67,94,15.04,0.8282,0.5518,0.205131,32,21,6,73.95,0.5803,0.1043,0.008566,4.356
852948,520,376,896,148,118,245,291.39,0.8464,0.5977,0.258452,34,41,15,121.92,0.5839,0.1636,0.019604,4.432
852970,520,350,870,254,51,178,348.25,0.9913,0.6255,0.266563,30,43,67,262.07,0.4124,0.1873,0.024090,4.273
852992,520,441,961,231,20,115,3.17,0.9664,0.5394,0.187300,39,8,17,5.46,0.6453,0.0930,0.006455,4.203
852994,520,384,904,210,110,55,47.14,0.7749,0.5869,0.251313,12,40,41,198.48,0.5977,0.1528,0.017558,4.460
853000,520,469,989,180,40,231,314.31,0.9389,0.5236,0.169915,6,3,21,289.16,0.7011,0.0404,0.001580,4.264
853003,520,462,982,200,4,220,323.22,0.9954,0.5334,0.175352,0,6,38,262.52,1.0001,0.0547,0.002702,4.276
853009,520,476,996,160,61,233,306.27,0.8892,0.5144,0.166949,4,0,10,306.92,1.0000,0.0227,0.000477,4.298
853029,520,417,937,230,51,150,352.32,0.8805,0.5684,0.213954,45,20,16,30.22,0.4878,0.1238,0.010957,4.330
853050,520,357,877,251,29,194,342.40,0.9791,0.6160,0.252863,42,24,95,287.98,0.7880,0.1802,0.019717,4.344
853051,520,480,1000,152,54,243,301.99,0.9371,0.5050,0.157852,0,0,0,0.00,0.0000,0.0000,0.000000,4.157
853053,520,413,933,253,17,18,28.70,0.9937,0.5681,0.213310,26,24,42,288.29,0.3525,0.1181,0.010400,4.359
853063,520,290,810,222,123,221,327.53,0.7826,0.6810,0.349176,33,65,2,133.92,0.9892,0.2386,0.041082,4.383
853065,520,354,874,241,4,248,326.80,0.9988,0.6249,0.255676,30,46,22,135.88,0.5560,0.1769,0.022879,4.194
853071,520,246,766,247,145,154,14.73,0.8058,0.7281,0.423605,10,79,2,141.62,0.9970,0.2774,0.056606,4.443
853077,520,450,970,233,45,14,31.56,0.9857,0.5400,0.192352,0,17,21,212.11,1.0000,0.0685,0.004550,4.443
853080,520,1,521,255,255,255,0.00,0.0000,1.0000,1.000000,38,136,69,149.73,0.9380,0.4837,0.184493,4.478
853090,520,301,821,243,127,13,54.71,0.9846,0.6677,0.342653,44,60,28,130.69,0.5670,0.2340,0.038510,4.436
853092,520,461,981,219,52,89,13.76,0.8678,0.5275,0.182399,14,2,23,310.15,0.7694,0.0473,0.001986,4.470
853099,520,382,902,228,97,68,33.99,0.8238,0.5964,0.254633,41,35,46,309.49,0.1946,0.1644,0.018707,4.434
853109,520,467,987,202,79,30,39.74,0.8947,0.5184,0.182443,8,2,28,290.28,0.8410,0.0447,0.001789,4.488
853116,520,418,938,143,98,249,292.77,0.9233,0.5592,0.214145,1,32,38,212.80,0.9369,0.1213,0.011794,4.275
853119,520,429,949,233,12,135,356.42,0.9817,0.5484,0.193388,29,21,14,62.67,0.2727,0.1022,0.008293,4.175
853132,520,247,767,227,137,237,323.38,0.8607,0.7198,0.403382,70,61,84,302.41,0.2536,0.2842,0.052797,4.410
853138,520,466,986,202,17,189,331.92,0.9633,0.5181,0.166335,13,0,33,298.01,1.0000,0.0489,0.001954,4.164
853139,520,282,802,218,122,245,318.48,0.9126,0.6871,0.354185,76,53,31,63.94,0.4576,0.2523,0.041818,4.402
853141,520,397,917,235,75,61,28.87,0.9023,0.5777,0.230342,25,30,53,273.34,0.4174,0.1392,0.013922,4.386
853150,520,465,985,214,31,147,348.65,0.9073,0.5231,0.173851,2,10,18,241.35,0.6095,0.0516,0.002736,4.245
853161,520,430,950,218,78,44,34.74,0.8876,0.5477,0.205385,23,6,65,286.67,0.8991,0.1016,0.006940,4.485
853171,520,385,905,230,49,196,337.30,0.9230,0.5897,0.230077,9,41,31,168.92,0.7603,0.1506,0.017428,4.154
853173,520,472,992,176,55,223,314.33,0.8863,0.5232,0.172912,0,3,17,259.28,1.0000,0.0313,0.001056,4.366
853177,520,294,814,244,133,47,53.39,0.9193,0.6820,0.362162,11,68,36,153.41,0.9485,0.2440,0.043326,4.416
853181,520,415,935,168,96,228,306.75,0.7913,0.5692,0.222926,36,21,42,315.86,0.4349,0.1231,0.010786,4.490
853190,520,387,907,209,102,136,1.64,0.6108,0.5896,0.248375,27,37,39,211.19,0.1768,0.1525,0.017026,4.452
853209,520,434,954,168,75,246,305.08,0.9305,0.5527,0.200114,21,19,37,287.80,0.3935,0.0982,0.007587,4.343
853213,520,443,963,131,98,238,289.83,0.8410,0.5377,0.197336,10,16,29,264.70,0.3997,0.0773,0.005238,4.478
853234,520,430,950,223,54,133,357.36,0.8473,0.5509,0.200223,20,6,63,284.21,0.9028,0.0964,0.006378,4.438
853239,520,364,884,230,106,9,48.55,0.9829,0.6097,0.271534,0,49,11,146.67,1.0000,0.1697,0.022207,4.453
853249,520,444,964,222,46,123,0.25,0.8719,0.5386,0.189163,2,1,65,266.49,0.9966,0.0769,0.004162,4.416
853252,520,429,949,195,37,242,316.26,0.9622,0.5543,0.193374,19,12,55,283.78,0.7698,0.0964,0.006772,4.287
853253,520,396,916,183,92,220,315.03,0.7799,0.5773,0.228898,41,18,69,300.53,0.7209,0.1442,0.013337,4.403
853258,520,423,943,174,83,235,308.80,0.8601,0.5626,0.211841,42,11,33,340.48,0.6227,0.1094,0.008415,4.482
853261,520,322,842,253,100,91,26.48,0.9787,0.6481,0.307557,68,42,30,45.46,0.4063,0.2133,0.029788,4.481
853264,520,447,967,190,49,221,319.45,0.9075,0.5382,0.183656,9,8,53,274.61,0.8944,0.0800,0.004888,4.257
853275,520,471,991,232,21,12,29.35,0.9892,0.5242,0.177218,7,6,7,325.79,0.0719,0.0425,0.001908,4.377
853277,520,349,869,253,89,61,32.10,0.9855,0.6286,0.283678,7,54,29,154.78,0.9444,0.1931,0.027721,4.293
853302,520,409,929,208,65,206,328.51,0.8577,0.5718,0.216485,31,30,14,105.28,0.4180,0.1281,0.012516,4.263
853306,520,247,767,252,124,218,338.49,0.9730,0.7236,0.401753,40,70,75,209.17,0.3750,0.2777,0.053393,4.369
853316,520,454,974,173,50,246,308.41,0.9525,0.5334,0.178201,22,9,21,329.67,0.4311,0.0702,0.004201,4.210
853329,520,433,953,237,41,85,15.79,0.9406,0.5541,0.202494,32,11,37,319.60,0.6034,0.0959,0.006800,4.445
853333,520,427,947,212,11,220,326.33,0.9897,0.5558,0.194057,30,12,50,302.20,0.6950,0.1042,0.007693,4.230
853346,520,247,767,248,147,86,50.29,0.8890,0.7188,0.414985,59,65,86,272.16,0.2391,0.2842,0.053822,4.479
853351,520,466,986,220,32,91,10.73,0.9295,0.5152,0.170067,13,2,31,297.83,0.8430,0.0518,0.002279,4.209
853356,520,459,979,174,64,220,313.91,0.8529,0.5273,0.178337,3,6,45,268.70,0.9359,0.0639,0.003390,4.277
853366,520,376,896,232,50,203,335.79,0.9314,0.5980,0.237514,63,9,53,336.77,0.7726,0.1569,0.015093,4.417
853376,520,450,970,195,29,226,320.15,0.9619,0.5374,0.179733,9,6,47,277.32,0.8814,0.0705,0.003935,4.259
853463,520,420,940,189,71,228,316.45,0.8672,0.5635,0.209279,12,24,46,261.60,0.5546,0.1093,0.009287,4.373
853464,520,408,928,249,24,59,22.55,0.9850,0.5655,0.211124,14,21,78,270.44,0.8812,0.1325,0.011797,4.226
853466,520,430,950,238,31,67,20.34,0.9684,0.5468,0.195656,29,20,14,55.08,0.2696,0.0997,0.007933,4.240
853472,520,440,960,240,30,17,29.58,0.9858,0.5454,0.194976,17,14,51,281.29,0.7110,0.0945,0.006722,4.319
853475,520,410,930,226,31,195,336.41,0.9553,0.5713,0.210914,1,14,92,264.52,0.9777,0.1309,0.010931,4.282
853493,520,320,840,179,125,252,301.42,0.9330,0.6488,0.312796,37,49,75,264.77,0.3864,0.2145,0.030979,4.480
853495,520,474,994,180,37,231,314.41,0.9453,0.5216,0.167971,1,2,23,268.75,0.9340,0.0337,0.001117,4.264
853508,520,475,995,175,0,249,309.71,1.0000,0.5162,0.159545,8,1,9,324.46,0.7050,0.0307,0.000931,4.114
853515,520,401,921,245,50,89,16.34,0.9373,0.5775,0.224183,40,5,86,294.08,0.9362,0.1441,0.012315,4.400
853519,520,458,978,199,36,207,326.00,0.9276,0.5338,0.179106,25,4,13,354.23,0.6333,0.0614,0.003226,4.304
853552,520,342,862,244,77,178,347.47,0.9016,0.6304,0.277582,15,53,26,150.02,0.8790,0.1917,0.027222,4.242
853560,520,269,789,242,111,244,326.95,0.9505,0.7032,0.367800,27,63,90,243.61,0.5963,0.2577,0.045260,4.386
853561,520,459,979,186,18,242,314.12,0.9850,0.5315,0.172837,18,6,24,313.76,0.5716,0.0611,0.003248,4.185
853568,520,434,954,237,34,86,14.80,0.9540,0.5501,0.198236,15,3,75,276.03,0.9797,0.1019,0.006746,4.374
853603,520,401,921,251,49,3,32.31,0.9979,0.5797,0.227161,23,34,39,227.64,0.2334,0.1405,0.014727,4.282
853605,520,327,847,253,47,238,331.66,0.9922,0.6535,0.290918,22,45,94,263.16,0.7222,0.2081,0.028554,4.340
853611,520,433,953,240,2,99,9.45,0.9979,0.5488,0.194728,28,12,42,306.24,0.6242,0.0955,0.006770,4.311
853613,520,459,979,157,87,209,308.20,0.7314,0.5269,0.185885,5,10,27,267.11,0.5801,0.0591,0.003285,4.427
853652,520,438,958,242,21,41,25.77,0.9876,0.5475,0.195771,15,6,65,278.18,0.9345,0.0942,0.006134,4.378
853672,520,362,882,225,59,228,327.28,0.9344,0.6084,0.247391,16,47,46,192.41,0.5873,0.1791,0.023404,4.051
853690,520,352,872,250,49,179,347.02,0.9615,0.6172,0.257786,10,6,136,266.65,0.9954,0.1894,0.019722,4.414
853701,520,466,986,126,86,245,289.06,0.9149,0.5179,0.176836,4,8,9,211.36,0.2362,0.0452,0.002192,4.346
853712,520,436,956,238,39,84,16.01,0.9467,0.5546,0.202715,12,20,31,256.50,0.3564,0.0896,0.006774,4.451
853721,520,473,993,177,71,197,320.96,0.7727,0.5237,0.178859,10,1,9,330.76,0.7150,0.0330,0.001060,4.482
853759,520,371,891,246,48,171,348.61,0.9355,0.6054,0.246502,51,32,53,323.40,0.3768,0.1738,0.019939,4.239
853763,520,475,995,231,2,7,28.83,0.9990,0.5167,0.170508,4,2,15,289.81,0.6893,0.0320,0.001037,4.321
853770,520,368,888,254,10,172,349.03,0.9937,0.6055,0.242700,25,37,65,265.35,0.4898,0.1659,0.019114,4.235
853780,520,454,974,216,64,58,26.95,0.8751,0.5279,0.185737,9,8,42,277.50,0.7940,0.0695,0.003989,4.366
853792,520,471,991,161,65,238,305.22,0.9024,0.5245,0.175313,10,4,16,308.40,0.5226,0.0440,0.001888,4.342
853798,520,396,916,236,66,128,3.23,0.8537,0.5850,0.232907,45,27,9,63.71,0.6049,0.1379,0.013615,4.447
853806,520,421,941,240,54,43,28.81,0.9486,0.5636,0.213413,4,30,12,151.13,0.9218,0.1070,0.009809,4.404
853817,520,334,854,255,92,92,23.91,1.0000,0.6409,0.296905,32,53,34,146.73,0.4668,0.2037,0.029687,4.353
853834,520,390,910,245,72,52,30.28,0.9504,0.5921,0.242985,1,35,64,248.69,0.9410,0.1472,0.015786,4.454
853841,520,423,943,235,60,81,19.55,0.8992,0.5647,0.214910,11,30,13,146.21,0.7081,0.1110,0.010287,4.394
853844,520,440,960,218,49,169,342.73,0.8691,0.5535,0.199690,23,12,48,293.04,0.6885,0.0942,0.006585,4.413
853850,520,334,854,226,86,235,325.29,0.9121,0.6417,0.288245,46,49,21,114.16,0.5332,0.2011,0.028316,4.319
853853,520,313,833,216,113,219,326.25,0.7810,0.6553,0.315253,31,58,46,164.00,0.4518,0.2227,0.035146,4.290
853868,520,399,919,222,37,222,328.22,0.9608,0.5843,0.221289,20,37,10,135.41,0.7797,0.1384,0.014937,4.178
853877,520,461,981,236,19,37,26.18,0.9881,0.5336,0.184354,16,7,1,67.95,0.7304,0.0520,0.002643,4.452
853879,520,424,944,219,59,155,348.45,0.8274,0.5573,0.205569,41,2,49,320.23,0.8814,0.1055,0.007366,4.455
853882,520,450,970,220,42,141,352.75,0.8802,0.5389,0.187972,28,3,26,331.08,0.7468,0.0700,0.003866,4.418
853887,520,424,944,168,99,202,313.47,0.6629,0.5568,0.215135,13,27,25,184.41,0.3516,0.1068,0.009396,4.464
853920,520,347,867,235,40,250,324.77,0.9829,0.6271,0.260843,50,28,83,298.60,0.6673,0.1854,0.021332,4.358
853929,520,464,984,181,40,230,314.85,0.9379,0.5243,0.170556,23,2,14,346.01,0.7325,0.0545,0.002573,4.195
853938,520,370,890,237,54,196,339.09,0.9249,0.6058,0.246311,12,12,121,267.82,0.9861,0.1734,0.017214,4.408
853948,520,478,998,173,76,171,328.32,0.6828,0.5081,0.169945,3,1,1,20.04,0.3720,0.0199,0.000433,4.361
853956,520,418,938,247,20,37,26.52,0.9900,0.5574,0.204116,35,14,53,305.92,0.6799,0.1163,0.009285,4.286
853969,520,329,849,254,27,249,329.40,0.9968,0.6532,0.286974,70,34,68,329.24,0.5200,0.2148,0.028636,4.285
853978,520,342,862,213,101,209,328.79,0.7702,0.6270,0.280586,57,37,49,342.84,0.2921,0.1916,0.024148,4.458
853988,520,415,935,230,32,178,342.36,0.9473,0.5697,0.210731,49,11,19,11.17,0.6748,0.1163,0.009394,4.390
854001,520,262,782,246,108,251,326.23,0.9825,0.7089,0.372854,2,73,31,150.44,0.9943,0.2580,0.048767,4.281
854003,520,432,952,192,80,180,331.94,0.7201,0.5486,0.202405,3,14,64,265.51,0.9395,0.0979,0.007036,4.425
854006,520,480,1000,179,83,133,349.79,0.5908,0.5093,0.174650,0,0,0,0.00,0.0000,0.0000,0.000000,4.493
854015,520,467,987,186,45,215,319.90,0.9045,0.5241,0.172235,9,0,29,294.51,1.0000,0.0416,0.001468,4.318
854034,520,361,881,255,78,13,36.49,1.0000,0.6154,0.267415,52,37,47,339.14,0.2368,0.1838,0.022585,4.373
854039,520,452,972,168,78,210,313.33,0.7753,0.5290,0.184275,0,19,17,186.60,1.0000,0.0724,0.005062,4.255
854041,520,386,906,227,61,180,341.80,0.8678,0.5856,0.229662,53,26,1,60.26,0.9253,0.1472,0.014980,4.304
854051,520,450,970,155,82,235,302.02,0.8558,0.5364,0.190017,12,10,41,280.64,0.7065,0.0746,0.004553,4.400
854082,520,443,963,216,44,160,345.11,0.8731,0.5415,0.189407,12,8,47,280.01,0.8160,0.0763,0.004570,4.387
854087,520,443,963,231,15,112,4.02,0.9766,0.5369,0.185034,23,12,25,321.24,0.3933,0.0789,0.005153,4.261
854100,520,71,591,218,231,242,243.43,0.3851,0.9085,0.784676,15,118,81,162.10,0.9638,0.4236,0.136519,4.475
854105,520,417,937,200,36,250,315.91,0.9772,0.5681,0.204447,45,16,38,337.46,0.5599,0.1248,0.010685,4.193
854117,520,464,984,165,88,171,324.55,0.6052,0.5152,0.179199,14,6,1,67.33,0.6982,0.0474,0.002258,4.386
854136,520,399,919,245,16,151,353.69,0.9836,0.5799,0.220207,20,30,64,268.86,0.6018,0.1433,0.014474,4.191
854144,520,433,953,246,1,31,26.64,0.9996,0.5502,0.197171,30,18,23,352.55,0.2621,0.0994,0.007705,4.283
854153,520,477,997,215,50,66,21.37,0.8953,0.5128,0.171241,1,1,2,284.11,0.2654,0.0171,0.000325,4.396
854168,520,400,920,206,57,237,319.94,0.9303,0.5822,0.221641,17,39,4,135.77,0.9479,0.1419,0.015789,4.129
854173,520,430,950,205,26,221,324.15,0.9678,0.5491,0.189402,6,1,80,268.68,0.9971,0.0999,0.006396,4.245
854178,520,410,930,242,9,135,358.11,0.9898,0.5660,0.208252,36,26,32,342.01,0.1985,0.1294,0.012182,4.153
854179,520,220,740,241,139,244,326.09,0.9347,0.7451,0.436996,26,79,80,196.91,0.6793,0.3007,0.063905,4.275
854205,520,398,918,255,26,10,29.73,1.0000,0.5751,0.220246,6,34,60,250.01,0.7661,0.1435,0.015089,4.152
854206,520,209,729,199,180,196,331.02,0.2041,0.7566,0.487705,14,87,36,148.34,0.9732,0.3097,0.070368,4.467
854215,520,373,893,251,39,160,352.75,0.9673,0.6046,0.245018,43,33,47,316.19,0.2576,0.1623,0.018066,4.334
854232,520,468,988,166,38,249,306.17,0.9708,0.5170,0.163335,7,1,27,290.28,0.9073,0.0405,0.001460,4.146
854234,520,330,850,237,94,173,349.16,0.8225,0.6370,0.290297,16,38,118,266.06,0.9125,0.2126,0.028042,4.360
854238,520,392,912,247,17,154,353.16,0.9837,0.5854,0.225115,51,21,49,329.83,0.5543,0.1494,0.014620,4.257
854247,520,335,855,242,68,218,334.25,0.9351,0.6384,0.280762,12,38,107,264.27,0.9002,0.1991,0.025258,4.395
854254,520,461,981,229,39,43,26.59,0.9595,0.5295,0.182864,12,2,24,304.15,0.7835,0.0458,0.001875,4.489
854256,520,359,879,201,90,246,314.75,0.9311,0.6172,0.263849,31,45,43,185.28,0.2223,0.1812,0.023424,4.274
854261,520,364,884,204,94,217,323.31,0.7962,0.6081,0.258540,30,42,50,237.80,0.2386,0.1747,0.021622,4.308
854276,520,468,988,202,19,196,329.94,0.9630,0.5235,0.170097,14,4,6,4.14,0.4223,0.0443,0.001934,4.238
854281,520,291,811,255,69,247,329.93,1.0000,0.6781,0.322346,88,39,2,51.10,0.9378,0.2368,0.035304,4.365
854303,520,410,930,250,24,67,20.70,0.9842,0.5688,0.213862,47,23,8,50.98,0.6366,0.1318,0.012347,4.232
854307,520,438,958,245,2,2,29.18,0.9992,0.5470,0.194638,33,13,3,49.91,0.7046,0.0878,0.006178,4.355
854314,520,364,884,253,14,188,344.32,0.9920,0.6121,0.248310,43,37,47,311.82,0.1750,0.1724,0.020420,4.236
854327,520,435,955,217,11,201,332.48,0.9863,0.5518,0.192104,11,17,43,270.79,0.6162,0.0895,0.006464,4.288
854328,520,447,967,228,51,44,28.08,0.9388,0.5368,0.190464,13,4,57,279.48,0.9386,0.0804,0.004678,4.398
854339,520,455,975,206,13,195,331.30,0.9773,0.5282,0.173518,15,5,37,292.88,0.7686,0.0648,0.003437,4.183
854345,520,415,935,250,15,61,21.70,0.9919,0.5650,0.210062,33,5,74,293.22,0.9178,0.1217,0.009263,4.388
854346,520,320,840,238,100,170,351.39,0.8125,0.6457,0.301964,37,52,49,181.23,0.2150,0.2097,0.030710,4.361
854347,520,431,951,241,41,22,30.17,0.9797,0.5541,0.203479,27,21,14,70.98,0.2475,0.0997,0.008011,4.370
854381,520,470,990,201,63,142,349.26,0.7600,0.5231,0.179274,7,7,2,108.61,0.4754,0.0432,0.002015,4.408
854413,520,444,964,236,22,50,23.80,0.9833,0.5361,0.186402,5,4,63,269.68,0.9784,0.0816,0.004779,4.316
854414,520,462,982,191,23,228,318.64,0.9724,0.5297,0.172920,13,0,31,300.18,1.0000,0.0473,0.001845,4.300
854419,520,476,996,194,79,47,36.27,0.8058,0.5055,0.172684,3,1,5,310.43,0.5673,0.0222,0.000520,4.408
854427,520,470,990,159,74,217,308.47,0.8059,0.5161,0.172788,1,0,34,267.98,1.0000,0.0378,0.001219,4.350
854441,520,399,919,241,11,179,344.28,0.9900,0.5840,0.221979,33,30,42,296.12,0.2211,0.1405,0.014190,4.237
854444,520,384,904,183,84,250,308.45,0.9540,0.5875,0.233109,12,24,85,268.02,0.9023,0.1450,0.013872,4.432
854448,520,400,920,228,58,167,346.30,0.8653,0.5783,0.223127,53,17,29,1.79,0.5812,0.1363,0.012466,4.372
854452,520,359,879,215,73,255,317.73,1.0000,0.6241,0.264338,3,24,119,264.70,0.9717,0.1830,0.020044,4.488
854464,520,380,900,235,48,195,338.79,0.9326,0.5974,0.237189,0,7,120,264.19,0.9946,0.1624,0.015079,4.413
854465,520,330,850,238,116,26,49.75,0.9558,0.6407,0.307453,46,52,15,117.62,0.6984,0.2091,0.030713,4.429
854466,520,362,882,242,15,219,333.78,0.9924,0.6094,0.243363,50,38,41,1.67,0.1645,0.1811,0.022245,4.061
854494,520,469,989,203,74,54,31.36,0.8242,0.5155,0.178625,7,0,26,293.01,1.0000,0.0371,0.001198,4.466
854516,520,392,912,221,41,232,325.47,0.9619,0.5917,0.227864,33,19,79,287.01,0.7834,0.1457,0.013536,4.373
854517,520,373,893,246,26,182,344.68,0.9761,0.5993,0.237122,17,20,99,270.79,0.9392,0.1568,0.015202,4.404
854520,520,249,769,187,164,228,300.69,0.5808,0.7224,0.427173,28,76,61,169.68,0.6822,0.2842,0.057525,4.438
854526,520,466,986,163,43,248,305.22,0.9648,0.5153,0.162922,3,8,15,248.87,0.4429,0.0466,0.002275,4.073
854530,520,367,887,222,91,184,340.49,0.7685,0.6136,0.264746,5,48,34,166.27,0.9202,0.1734,0.022616,4.334
854532,520,434,954,191,69,207,322.86,0.8212,0.5496,0.198390,38,8,33,334.78,0.6657,0.0983,0.006956,4.361
854536,520,304,824,253,93,183,349.08,0.9735,0.6664,0.321334,43,59,2,125.08,0.9730,0.2266,0.036459,4.295
854550,520,271,791,254,123,167,0.68,0.9695,0.7045,0.380297,51,68,12,125.28,0.8747,0.2630,0.048645,4.362
854551,520,458,978,196,69,160,340.74,0.7406,0.5301,0.185318,25,3,3,24.33,0.7680,0.0562,0.002784,4.458
854555,520,433,953,220,29,179,339.60,0.9419,0.5501,0.193515,0,15,65,262.65,1.0001,0.0990,0.007232,4.255
854583,520,449,969,223,38,130,357.20,0.9001,0.5376,0.186886,20,4,39,300.70,0.8015,0.0699,0.003820,4.401
854586,520,260,780,236,117,253,322.49,0.9877,0.7084,0.376493,52,51,121,279.57,0.6566,0.2679,0.044781,4.500
854599,520,463,983,234,11,1,29.57,0.9991,0.5251,0.177372,6,10,4,133.60,0.4003,0.0500,0.002646,4.319
854600,520,333,853,248,42,234,331.49,0.9786,0.6397,0.275559,6,26,130,265.33,0.9720,0.2017,0.023890,4.406
854602,520,289,809,221,114,247,319.46,0.9386,0.6798,0.341238,9,66,30,150.55,0.9649,0.2352,0.040481,4.324
854604,520,321,841,247,47,243,329.12,0.9778,0.6465,0.282811,55,45,49,352.04,0.1295,0.2087,0.029108,4.207
854605,520,417,937,233,6,186,340.45,0.9935,0.5715,0.210019,47,11,39,337.52,0.6696,0.1212,0.009903,4.341
854611,520,355,875,241,8,233,330.18,0.9969,0.6153,0.247604,75,21,17,27.76,0.7676,0.1819,0.020729,4.208
854640,520,402,922,247,24,133,0.09,0.9733,0.5794,0.221243,10,9,96,268.92,0.9809,0.1344,0.011043,4.443
854641,520,193,713,247,176,100,66.33,0.8399,0.7784,0.517471,7,90,59,160.85,0.9743,0.3239,0.076729,4.478
854642,520,381,901,238,87,23,39.36,0.9674,0.5953,0.250584,46,32,49,320.35,0.3149,0.1648,0.018357,4.397
854663,520,378,898,186,93,244,309.99,0.9010,0.5994,0.248003,11,41,43,201.32,0.6369,0.1564,0.018314,4.362
854668,520,444,964,197,34,227,320.37,0.9543,0.5440,0.185620,9,15,37,269.67,0.5840,0.0794,0.005333,4.258
854669,520,379,899,226,20,246,323.68,0.9909,0.6011,0.233251,33,41,20,125.89,0.4643,0.1636,0.019597,4.070
854696,520,425,945,242,36,86,15.52,0.9568,0.5614,0.208142,34,22,24,7.79,0.2261,0.1141,0.009799,4.317
854697,520,397,917,204,61,239,318.76,0.9259,0.5841,0.224084,36,31,11,95.60,0.5397,0.1362,0.013792,4.297
854707,520,437,957,235,0,143,353.96,1.0000,0.5532,0.196484,40,3,29,342.12,0.7877,0.0920,0.006050,4.398
854716,520,454,974,218,0,172,340.97,1.0000,0.5338,0.178864,23,13,0,79.67,1.0000,0.0728,0.004700,4.184
854717,520,443,963,191,92,116,6.46,0.5776,0.5372,0.199932,6,21,23,206.40,0.4893,0.0845,0.006369,4.434
854738,520,434,954,185,46,250,311.36,0.9735,0.5514,0.191715,28,19,35,309.45,0.3647,0.1047,0.008340,4.143
854739,520,402,922,246,47,103,11.52,0.9372,0.5805,0.226085,28,29,36,278.88,0.1408,0.1296,0.012530,4.415
854746,520,411,931,162,99,233,302.82,0.8054,0.5702,0.224886,6,27,57,257.53,0.7722,0.1221,0.011179,4.493
854753,520,420,940,213,82,127,2.02,0.7144,0.5624,0.217152,23,28,11,122.47,0.4861,0.1136,0.010368,4.425
854769,520,467,987,229,17,4,29.67,0.9961,0.5160,0.170707,6,5,14,289.18,0.3976,0.0417,0.001790,4.262
854777,520,444,964,155,82,240,301.01,0.8820,0.5405,0.192948,3,5,61,267.60,0.9762,0.0795,0.004648,4.446
854814,520,457,977,234,8,88,12.36,0.9909,0.5347,0.183738,13,9,19,302.28,0.3292,0.0594,0.003280,4.387
854839,520,373,893,228,22,233,327.12,0.9869,0.5958,0.229534,15,34,72,262.44,0.7080,0.1571,0.017134,4.164
854844,520,479,999,148,60,247,299.42,0.9512,0.5098,0.162433,2,0,1,344.76,1.0000,0.0130,0.000151,4.236
854851,520,466,986,122,93,237,287.47,0.8531,0.5188,0.180805,18,3,12,343.10,0.6075,0.0490,0.002203,4.421
854852,520,440,960,241,34,53,24.28,0.9715,0.5526,0.201052,38,9,15,10.26,0.6145,0.0922,0.006420,4.450
854862,520,383,903,255,59,17,32.73,1.0000,0.5963,0.244322,22,32,70,269.67,0.6229,0.1546,0.016457,4.429
854869,520,465,985,184,52,206,321.46,0.8641,0.5201,0.171038,5,9,13,243.11,0.2561,0.0499,0.002567,4.205
854916,520,369,889,236,22,240,327.39,0.9904,0.6145,0.247005,49,23,75,303.80,0.6843,0.1685,0.017738,4.385
854920,520,433,953,216,21,189,335.58,0.9637,0.5452,0.188116,30,15,32,322.66,0.4421,0.0973,0.007220,4.161
854926,520,393,913,192,83,236,314.71,0.8790,0.5883,0.234503,27,36,4,123.57,0.8565,0.1400,0.015035,4.375
854927,520,407,927,214,80,146,352.99,0.7328,0.5686,0.221109,18,18,80,274.04,0.8863,0.1317,0.011403,4.415
854935,520,430,950,214,34,192,334.26,0.9317,0.5492,0.192481,38,5,44,321.15,0.7828,0.1010,0.007025,4.252
854939,520,457,977,200,80,115,4.95,0.6754,0.5330,0.192564,6,14,17,221.89,0.3181,0.0638,0.003933,4.498
854944,520,452,972,231,33,54,23.49,0.9650,0.5313,0.183460,2,18,23,218.39,0.7412,0.0736,0.005074,4.239
854957,520,448,968,220,69,29,34.98,0.9415,0.5385,0.195632,32,5,18,352.93,0.6675,0.0763,0.004593,4.499
854958,520,449,969,216,63,105,8.74,0.8056,0.5371,0.191763,23,7,18,340.01,0.4901,0.0664,0.003778,4.496
854965,520,397,917,223,83,120,7.41,0.7522,0.5789,0.232330,54,20,13,33.14,0.6376,0.1388,0.013138,4.472
854990,520,348,868,182,118,243,305.72,0.8406,0.6339,0.293736,5,54,34,160.53,0.9490,0.1938,0.027860,4.415
854995,520,275,795,254,110,194,346.91,0.9855,0.6953,0.361207,21,58,105,255.95,0.7380,0.2515,0.042053,4.467
855000,520,380,900,239,56,169,348.09,0.9016,0.5975,0.240466,9,29,94,265.34,0.9156,0.1641,0.017448,4.306
855005,520,462,982,206,51,160,342.77,0.8264,0.5287,0.180296,15,4,6,5.78,0.4481,0.0455,0.002016,4.427
855031,520,444,964,120,97,253,284.24,0.9770,0.5379,0.196339,30,9,8,24.69,0.5439,0.0771,0.004890,4.488
855040,520,439,959,202,50,216,324.24,0.9077,0.5549,0.197973,30,13,33,321.44,0.5074,0.0941,0.006737,4.371
855054,520,480,1000,183,67,169,332.82,0.7370,0.5107,0.169475,0,0,0,0.00,0.0000,0.0000,0.000000,4.390
855062,520,358,878,248,33,201,339.88,0.9748,0.6159,0.252644,8,43,76,251.01,0.7912,0.1820,0.023011,4.145
855071,520,326,846,250,74,196,342.79,0.9598,0.6461,0.292102,70,38,44,8.19,0.3840,0.2116,0.028703,4.347
855086,520,409,929,222,67,151,351.37,0.8078,0.5691,0.217807,32,1,83,288.99,0.9876,0.1261,0.009533,4.498
855090,520,405,925,246,32,133,0.26,0.9587,0.5808,0.223227,0,39,1,143.04,1.0000,0.1332,0.014532,4.234
855093,520,471,991,216,56,65,22.90,0.8831,0.5204,0.178114,1,1,32,268.11,0.9844,0.0385,0.001324,4.445
855095,520,370,890,241,37,204,337.53,0.9653,0.6067,0.243865,33,42,21,127.69,0.4611,0.1669,0.020334,4.178
855103,520,336,856,250,83,152,358.87,0.9323,0.6372,0.287807,34,54,8,130.41,0.9041,0.2036,0.029959,4.225
855111,520,384,904,249,62,16,33.50,0.9873,0.5871,0.236259,29,37,16,126.10,0.5084,0.1469,0.016217,4.323
855117,520,476,996,139,62,255,294.82,1.0000,0.5085,0.161543,0,0,11,264.05,1.0000,0.0166,0.000242,4.211
855122,520,270,790,250,137,16,57.44,0.9858,0.6971,0.382557,8,69,71,198.38,0.8887,0.2591,0.047626,4.431
855123,520,479,999,223,8,95,8.41,0.9862,0.5133,0.166906,1,0,4,296.85,1.0000,0.0133,0.000152,4.325
855126,520,474,994,174,10,247,309.71,0.9925,0.5150,0.159321,6,3,0,82.32,1.0000,0.0305,0.001038,4.101
855145,520,400,920,220,70,176,341.71,0.8171,0.5804,0.227328,59,15,14,25.07,0.7381,0.1403,0.013033,4.400
855159,520,431,951,204,90,76,29.16,0.7100,0.5453,0.206735,6,28,8,145.55,0.8991,0.1009,0.008867,4.361
855164,520,459,979,183,29,244,312.61,0.9719,0.5329,0.174788,0,7,45,262.99,1.0003,0.0634,0.003414,4.208
855177,520,413,933,222,37,207,332.13,0.9483,0.5745,0.213600,26,19,54,288.96,0.6104,0.1154,0.009517,4.429
855186,520,355,875,253,81,37,34.77,0.9882,0.6163,0.269046,66,30,15,42.44,0.6451,0.1803,0.021215,4.480
855188,520,300,820,242,83,249,326.11,0.9767,0.6718,0.319058,24,42,126,267.91,0.8895,0.2335,0.033563,4.417
855212,520,477,997,197,75,84,19.07,0.7176,0.5116,0.175445,2,1,0,82.32,1.0000,0.0176,0.000346,4.478
855220,520,411,931,205,52,223,323.24,0.9177,0.5664,0.207645,47,15,9,32.43,0.6743,0.1165,0.009658,4.319
855224,520,439,959,230,12,145,352.46,0.9802,0.5466,0.191331,43,7,1,36.30,0.9358,0.0949,0.006678,4.258
855228,520,426,946,233,24,160,348.48,0.9616,0.5629,0.205179,34,21,9,62.76,0.4790,0.1077,0.008962,4.328
855242,520,476,996,175,59,202,319.35,0.8247,0.5099,0.165072,0,1,17,263.76,1.0019,0.0249,0.000622,4.249
855260,520,434,954,245,18,25,28.00,0.9917,0.5516,0.199188,0,28,24,182.14,1.0000,0.1019,0.008964,4.226
855272,520,468,988,205,49,149,346.48,0.8229,0.5196,0.173477,6,4,16,291.39,0.5235,0.0401,0.001630,4.328
855282,520,321,841,190,132,206,318.80,0.5713,0.6483,0.319067,46,53,29,122.03,0.4226,0.2147,0.032157,4.492
855285,520,431,951,201,58,195,329.78,0.8441,0.5464,0.193855,2,24,44,247.66,0.8273,0.1022,0.008480,4.170
855334,520,426,946,208,57,199,330.62,0.8667,0.5597,0.204616,15,27,25,183.05,0.2894,0.1081,0.009556,4.275
855351,520,463,983,168,62,231,309.37,0.8822,0.5251,0.175404,15,2,31,301.73,0.8360,0.0539,0.002439,4.298
855373,520,360,880,189,119,207,319.22,0.6336,0.6228,0.285184,2,53,9,144.86,0.9937,0.1843,0.025787,4.423
855374,520,280,800,210,133,230,319.15,0.7670,0.6874,0.361910,18,69,6,140.51,0.9856,0.2451,0.043978,4.383
855381,520,453,973,174,80,202,317.77,0.7489,0.5349,0.190012,4,14,36,261.73,0.7166,0.0729,0.004672,4.390
855383,520,317,837,240,96,198,340.71,0.8775,0.6558,0.309708,20,60,44,164.05,0.7176,0.2224,0.035622,4.201
855384,520,474,994,117,86,255,284.74,1.0000,0.5182,0.176571,3,0,25,280.33,1.0000,0.0318,0.000895,4.452
855397,520,199,719,168,193,231,258.65,0.5132,0.7733,0.522335,17,91,40,148.86,0.9664,0.3247,0.077542,4.487
855399,520,434,954,197,52,219,321.96,0.9026,0.5505,0.194423,6,25,23,186.35,0.5849,0.0960,0.007958,4.217
855403,520,395,915,234,23,212,333.72,0.9817,0.5929,0.228614,35,18,75,290.97,0.7658,0.1424,0.012979,4.424
855431,520,459,979,185,90,121,1.06,0.5634,0.5259,0.190085,1,17,1,142.85,0.9825,0.0628,0.004095,4.438
855446,520,384,904,237,47,170,346.90,0.9191,0.5875,0.229427,41,26,58,304.03,0.5104,0.1504,0.015157,4.289
855449,520,367,887,140,127,244,285.88,0.8288,0.6072,0.272855,14,47,27,154.05,0.7974,0.1714,0.022054,4.481
855468,520,125,645,204,225,76,117.00,0.8235,0.8452,0.672095,33,108,25,141.75,0.9694,0.3845,0.111182,4.480
855469,520,387,907,251,33,118,6.12,0.9694,0.5864,0.229085,66,4,30,2.02,0.8568,0.1464,0.013390,4.403
855474,520,392,912,236,18,201,337.06,0.9849,0.5884,0.224853,41,26,55,306.65,0.4811,0.1484,0.014861,4.238
855475,520,378,898,229,40,223,329.70,0.9625,0.5987,0.235057,68,2,47,345.41,0.8928,0.1564,0.014778,4.401
855479,520,455,975,167,63,241,306.75,0.9186,0.5331,0.181221,6,0,50,274.82,1.0000,0.0597,0.002690,4.388
855487,520,465,985,226,30,34,27.30,0.9735,0.5168,0.172157,4,6,32,272.14,0.8076,0.0533,0.002603,4.223
855495,520,379,899,251,13,170,349.04,0.9906,0.5993,0.237028,52,0,90,303.06,1.0000,0.1607,0.014683,4.437
855508,520,361,881,188,109,229,312.83,0.7814,0.6169,0.272867,55,37,37,18.90,0.2426,0.1840,0.022690,4.442
855518,520,422,942,216,60,171,341.94,0.8313,0.5606,0.207731,39,19,17,26.33,0.4020,0.1124,0.009376,4.341
855522,520,409,929,227,59,158,349.29,0.8524,0.5732,0.219300,22,28,52,271.73,0.4568,0.1308,0.012490,4.310
855532,520,474,994,195,67,148,345.32,0.7335,0.5200,0.177563,1,4,2,156.90,0.5900,0.0284,0.000977,4.464
855561,520,405,925,237,25,169,346.57,0.9663,0.5753,0.215673,53,18,13,30.18,0.6505,0.1334,0.012187,4.272
855572,520,380,900,220,23,252,320.87,0.9893,0.5965,0.228587,35,31,62,287.69,0.4689,0.1575,0.016851,4.167
855584,520,400,920,222,75,159,348.98,0.7877,0.5816,0.230673,45,24,42,332.15,0.4146,0.1420,0.013784,4.400
855592,520,330,850,196,113,235,313.89,0.8181,0.6376,0.295452,38,37,105,277.97,0.7392,0.2106,0.027550,4.455
855593,520,454,974,215,50,122,359.61,0.8391,0.5280,0.181358,24,11,8,34.25,0.3788,0.0721,0.004511,4.244
855612,520,474,994,212,57,75,19.29,0.8526,0.5154,0.174337,6,1,11,311.08,0.7328,0.0292,0.000846,4.412
855617,520,424,944,218,16,205,331.67,0.9812,0.5574,0.196860,27,23,33,302.98,0.2219,0.1118,0.009556,4.145
855618,520,480,1000,176,72,182,325.48,0.7312,0.5138,0.172434,0,0,0,0.00,0.0000,0.0000,0.000000,4.449
855629,520,419,939,205,69,179,336.32,0.7878,0.5553,0.204919,30,14,47,303.63,0.6309,0.1051,0.007953,4.399
855636,520,347,867,252,43,211,338.20,0.9834,0.6336,0.271296,77,18,41,0.75,0.7139,0.1887,0.021707,4.481
855643,520,420,940,242,19,120,3.34,0.9774,0.5632,0.207024,14,1,86,273.08,0.9962,0.1131,0.007869,4.441
855647,520,445,965,156,73,252,300.04,0.9740,0.5398,0.188616,25,14,8,49.94,0.3695,0.0795,0.005383,4.308
855663,520,309,829,253,54,236,332.14,0.9918,0.6567,0.295802,95,11,32,13.78,0.8726,0.2171,0.027769,4.446
855666,520,430,950,202,64,184,333.60,0.8065,0.5475,0.196858,7,2,78,269.58,0.9933,0.0992,0.006386,4.378
855670,520,480,1000,224,30,12,30.11,0.9870,0.5112,0.168052,0,0,0,0.00,0.0000,0.0000,0.000000,4.361
855673,520,430,950,210,62,168,341.46,0.8069,0.5505,0.199761,0,19,53,258.12,1.0000,0.0955,0.007227,4.364
855677,520,459,979,212,32,167,341.40,0.9116,0.5300,0.178223,23,2,23,327.99,0.7678,0.0588,0.002875,4.316
855694,520,428,948,217,43,195,334.22,0.9151,0.5619,0.204218,37,12,30,339.27,0.5524,0.1012,0.007500,4.421
855704,520,464,984,183,69,174,330.95,0.7376,0.5161,0.173809,23,0,9,354.73,1.0000,0.0481,0.002019,4.302
855705,520,478,998,207,64,24,35.31,0.9423,0.5069,0.170004,0,1,6,259.05,1.0000,0.0179,0.000349,4.370
855713,520,436,956,222,4,187,337.57,0.9942,0.5509,0.192067,0,20,38,245.45,1.0000,0.0861,0.006402,4.292
855721,520,339,859,240,110,100,26.56,0.8442,0.6429,0.306000,25,55,6,136.12,0.9612,0.2005,0.029521,4.477
855749,520,396,916,251,40,76,19.63,0.9772,0.5802,0.225523,17,20,83,272.35,0.8917,0.1380,0.012439,4.413
855751,520,237,757,246,132,230,332.62,0.9416,0.7333,0.418108,52,75,20,129.25,0.8326,0.2867,0.058126,4.329
855752,520,373,893,250,0,183,344.97,1.0000,0.6013,0.237463,16,45,6,138.76,0.9552,0.1617,0.020000,4.107
855768,520,248,768,253,116,222,336.97,0.9848,0.7150,0.386501,81,60,45,56.78,0.3086,0.2803,0.051707,4.292
855771,520,231,751,253,135,205,345.06,0.9685,0.7369,0.426210,79,67,14,95.79,0.8166,0.2908,0.057084,4.447
855778,520,430,950,184,72,213,318.69,0.8190,0.5465,0.196303,1,15,66,263.60,0.9745,0.1008,0.007414,4.290
855780,520,290,810,251,79,251,327.94,0.9868,0.6831,0.330690,25,58,91,250.60,0.6216,0.2429,0.039879,4.236
855783,520,317,837,229,97,239,324.82,0.9222,0.6623,0.314414,4,52,99,253.12,0.9178,0.2247,0.033824,4.347
855807,520,479,999,212,2,142,349.25,0.9939,0.5069,0.159958,2,0,3,318.71,1.0000,0.0147,0.000195,4.183
855813,520,385,905,246,15,169,348.34,0.9868,0.5896,0.228023,31,36,41,248.29,0.1229,0.1541,0.017131,4.141
855814,520,404,924,227,17,211,332.31,0.9852,0.5778,0.214374,43,23,8,55.94,0.6026,0.1254,0.011440,4.303
855820,520,390,910,249,16,150,354.78,0.9856,0.5874,0.227158,4,42,11,146.43,0.9750,0.1469,0.017058,4.133
855823,520,456,976,227,24,98,8.69,0.9574,0.5276,0.178689,4,3,49,271.00,0.9697,0.0629,0.003127,4.305
855826,520,359,879,237,92,122,10.78,0.8130,0.6162,0.270668,2,52,3,142.94,0.9947,0.1801,0.024754,4.290
855831,520,422,942,247,21,8,29.57,0.9945,0.5562,0.203316,27,25,8,102.65,0.5249,0.1088,0.009458,4.260
855837,520,385,905,165,105,243,301.02,0.8555,0.5912,0.245739,4,35,70,254.29,0.8607,0.1533,0.016700,4.434
855838,520,476,996,220,42,22,30.55,0.9695,0.5112,0.169322,3,0,14,293.16,1.0000,0.0236,0.000511,4.342
855849,520,339,859,248,38,232,331.97,0.9810,0.6364,0.271719,78,1,81,326.49,0.9661,0.1988,0.022357,4.446
855886,520,437,957,232,17,142,353.98,0.9723,0.5506,0.195126,42,2,8,16.10,0.8944,0.0865,0.005533,4.414
855892,520,475,995,231,15,34,26.34,0.9905,0.5213,0.174492,7,1,3,354.07,0.6042,0.0267,0.000735,4.425
855916,520,446,966,224,63,48,29.48,0.9092,0.5411,0.196184,41,1,12,8.13,0.9141,0.0838,0.005198,4.460
855924,520,439,959,236,44,58,23.96,0.9505,0.5493,0.199429,23,15,38,298.00,0.5053,0.0923,0.006638,4.404
855925,520,419,939,230,72,31,34.82,0.9480,0.5615,0.215595,14,23,54,268.64,0.6398,0.1141,0.009725,4.447
855928,520,477,997,218,49,15,32.52,0.9783,0.5125,0.171392,5,0,5,328.36,1.0000,0.0213,0.000432,4.390
855938,520,444,964,189,83,171,334.49,0.6809,0.5433,0.199470,30,14,2,60.86,0.7525,0.0850,0.005945,4.459
855962,520,436,956,226,28,156,348.31,0.9413,0.5491,0.194022,35,11,20,358.27,0.5207,0.0920,0.006472,4.321
855964,520,452,972,205,15,194,331.31,0.9724,0.5263,0.172178,28,5,5,23.24,0.6789,0.0657,0.003664,4.140
855975,520,478,998,202,40,158,342.00,0.8560,0.5115,0.165447,8,0,2,359.68,1.0000,0.0239,0.000560,4.261
855979,520,452,972,201,58,173,336.96,0.8076,0.5333,0.184626,36,1,6,15.47,0.9246,0.0724,0.004100,4.337
855985,520,468,988,214,55,94,11.61,0.8374,0.5218,0.178391,2,8,2,143.81,0.7779,0.0408,0.001909,4.400
855987,520,377,897,212,75,221,325.26,0.8726,0.5985,0.242515,46,34,6,85.25,0.7561,0.1565,0.017381,4.341
856007,520,456,976,201,17,213,325.16,0.9767,0.5330,0.176243,1,13,11,184.05,0.8259,0.0550,0.003184,4.254
856018,520,429,949,181,79,208,318.66,0.7783,0.5477,0.199709,45,7,12,16.91,0.7521,0.1012,0.007365,4.353
856036,520,465,985,174,80,185,323.35,0.7005,0.5239,0.182398,15,1,35,298.52,0.9230,0.0550,0.002446,4.431
856040,520,409,929,231,37,166,346.47,0.9299,0.5681,0.210680,0,38,15,152.56,1.0000,0.1322,0.014207,4.060
856048,520,374,894,254,61,38,30.67,0.9953,0.5973,0.245520,38,34,52,294.19,0.2909,0.1617,0.018041,4.343
856072,520,330,850,231,88,222,330.31,0.8868,0.6441,0.292445,46,35,105,284.64,0.7242,0.2141,0.028028,4.389
856089,520,453,973,230,27,95,10.37,0.9554,0.5343,0.184360,3,16,23,230.72,0.6197,0.0691,0.004518,4.299
856097,520,318,838,251,53,245,329.54,0.9861,0.6582,0.296510,65,37,74,317.56,0.4975,0.2168,0.029415,4.363
856100,520,477,997,206,68,50,30.55,0.8591,0.5125,0.174885,6,0,2,353.79,1.0000,0.0210,0.000431,4.459
856101,520,301,821,255,59,243,330.91,1.0000,0.6678,0.308621,69,44,59,343.05,0.3164,0.2296,0.033825,4.278
856117,520,340,860,246,44,242,329.14,0.9791,0.6424,0.278078,47,47,39,107.20,0.1305,0.2010,0.027839,4.215
856166,520,467,987,215,6,152,346.64,0.9846,0.5187,0.168467,6,7,8,245.81,0.0708,0.0444,0.002082,4.195
856172,520,347,867,243,103,85,29.69,0.8974,0.6342,0.294141,2,52,44,178.65,0.9648,0.1895,0.026506,4.498
856175,520,87,607,236,225,218,54.92,0.2453,0.9028,0.767456,3,118,48,148.74,0.9971,0.4146,0.131890,4.494
856185,520,311,831,255,69,209,339.90,1.0000,0.6566,0.301229,21,60,24,144.93,0.8953,0.2177,0.034570,4.153
856189,520,399,919,242,65,19,34.11,0.9807,0.5763,0.227081,7,21,85,266.47,0.9361,0.1368,0.012373,4.442
856191,520,424,944,198,33,248,315.86,0.9731,0.5618,0.198722,44,11,36,338.28,0.6452,0.1144,0.009023,4.214
856192,520,367,887,190,113,204,321.28,0.6463,0.6116,0.271181,6,48,10,144.46,0.9753,0.1683,0.021744,4.477
856195,520,366,886,244,52,182,344.89,0.9304,0.6097,0.250695,22,33,85,269.93,0.7498,0.1704,0.019141,4.349
856202,520,418,938,232,66,13,35.38,0.9837,0.5575,0.210843,23,12,72,282.07,0.8660,0.1175,0.009130,4.411
856212,520,422,942,212,28,212,328.27,0.9617,0.5557,0.195830,39,19,4,57.02,0.7069,0.1096,0.009059,4.162
856246,520,443,963,200,45,210,325.35,0.9086,0.5436,0.188110,1,9,60,264.71,0.9643,0.0837,0.005280,4.307
856263,520,414,934,240,26,139,356.88,0.9626,0.5685,0.211313,3,25,63,259.62,0.9012,0.1207,0.010734,4.303
856280,520,439,959,220,74,39,34.51,0.9109,0.5456,0.202622,24,18,14,55.49,0.1875,0.0889,0.006585,4.464
856292,520,454,974,235,26,33,27.28,0.9821,0.5339,0.185140,25,6,25,327.48,0.6109,0.0706,0.004071,4.349
856293,520,415,935,248,14,99,10.89,0.9886,0.5681,0.211749,10,24,62,265.41,0.7762,0.1209,0.010655,4.315
856306,520,469,989,227,17,54,22.04,0.9844,0.5157,0.170011,0,4,22,259.88,1.0000,0.0374,0.001448,4.276
856312,520,411,931,232,41,170,345.54,0.9238,0.5743,0.216467,48,0,58,319.82,1.0000,0.1225,0.009339,4.491
856313,520,454,974,220,52,89,13.89,0.8706,0.5295,0.183955,19,6,34,302.27,0.6970,0.0686,0.003842,4.345
856333,520,440,960,185,68,218,317.88,0.8453,0.5468,0.195117,24,10,42,300.58,0.6690,0.0873,0.005784,4.394
856334,520,365,885,255,55,119,8.16,1.0000,0.6085,0.253279,49,28,69,305.65,0.5745,0.1729,0.019132,4.387
856349,520,453,973,219,60,16,34.57,0.9739,0.5254,0.183318,19,11,14,354.61,0.2254,0.0677,0.004095,4.313
856364,520,421,941,183,81,224,314.83,0.8254,0.5643,0.213350,32,23,22,25.70,0.1741,0.1132,0.009778,4.405
856369,520,407,927,199,44,248,315.86,0.9671,0.5698,0.207222,29,13,81,284.44,0.8720,0.1347,0.011431,4.187
856370,520,390,910,181,85,250,307.70,0.9525,0.5861,0.232237,23,13,101,274.96,0.9543,0.1536,0.014095,4.403
856379,520,480,1000,185,69,156,338.80,0.7113,0.5094,0.169723,0,0,0,0.00,0.0000,0.0000,0.000000,4.394
856385,520,399,919,243,41,143,356.83,0.9358,0.5835,0.226269,52,18,36,349.58,0.5616,0.1391,0.012902,4.392
856404,520,432,952,225,63,67,24.13,0.8848,0.5457,0.199706,5,21,45,257.58,0.7262,0.0968,0.007580,4.337
856430,520,447,967,163,87,212,309.90,0.7462,0.5370,0.193570,5,4,62,269.82,0.9773,0.0804,0.004669,4.455
856437,520,442,962,175,79,207,316.74,0.7687,0.5383,0.192119,4,13,52,266.45,0.8957,0.0843,0.005616,4.353
856438,520,460,980,176,46,244,309.95,0.9466,0.5328,0.177167,23,4,6,14.13,0.6208,0.0562,0.002822,4.301
856439,520,170,690,240,189,113,76.21,0.7398,0.8003,0.561144,18,96,36,146.72,0.9735,0.3412,0.086214,4.487
856470,520,448,968,236,37,11,30.75,0.9901,0.5407,0.191834,9,21,1,132.17,0.9525,0.0801,0.005966,4.321
856472,520,460,980,204,74,100,11.67,0.7265,0.5270,0.186571,18,11,2,79.86,0.6521,0.0630,0.003723,4.403
856474,520,457,977,168,47,250,306.18,0.9725,0.5273,0.172607,24,5,15,348.57,0.5757,0.0627,0.003372,4.171
856477,520,225,745,242,149,209,341.51,0.8245,0.7479,0.449776,62,76,51,131.92,0.3431,0.3044,0.064320,4.372
856479,520,324,844,243,63,235,330.03,0.9560,0.6459,0.286106,87,24,2,38.24,0.9609,0.2091,0.026842,4.374
856499,520,387,907,209,101,146,355.65,0.6215,0.5915,0.249399,48,32,3,78.91,0.8540,0.1538,0.016680,4.490
856502,520,457,977,159,70,239,303.89,0.8989,0.5287,0.179837,2,15,13,184.19,0.7039,0.0616,0.003836,4.269
856509,520,422,942,243,7,119,3.50,0.9925,0.5620,0.205419,34,24,1,86.91,0.9185,0.1134,0.009956,4.260
856515,520,450,970,193,66,199,325.98,0.8146,0.5441,0.193589,8,18,6,139.61,0.5885,0.0722,0.004974,4.431
856519,520,458,978,216,0,171,340.79,1.0000,0.5294,0.175416,12,8,25,292.66,0.5029,0.0596,0.003220,4.236
856520,520,342,862,243,61,212,336.08,0.9383,0.6307,0.271485,55,28,76,307.77,0.6238,0.1865,0.021646,4.487
856553,520,375,895,222,72,196,335.59,0.8493,0.5965,0.241521,19,41,32,165.63,0.4816,0.1560,0.018286,4.269
856571,520,306,826,224,142,56,63.03,0.8181,0.6709,0.354808,26,65,5,137.46,0.9809,0.2348,0.040110,4.492
856573,520,458,978,235,19,22,28.30,0.9894,0.5304,0.181891,14,1,46,287.89,0.9635,0.0642,0.003123,4.365
856576,520,422,942,243,24,87,14.45,0.9762,0.5580,0.203995,12,30,11,142.82,0.7335,0.1112,0.010308,4.212
856594,520,408,928,157,93,254,297.76,0.9859,0.5708,0.221528,46,8,59,315.78,0.7939,0.1297,0.010703,4.473
856599,520,463,983,209,4,190,333.47,0.9925,0.5285,0.173619,2,9,11,211.58,0.5215,0.0464,0.002324,4.274
856627,520,456,976,219,60,23,33.74,0.9599,0.5258,0.183563,15,8,19,312.83,0.3816,0.0593,0.003222,4.388
856631,520,461,981,213,28,176,338.74,0.9332,0.5348,0.181135,3,7,18,261.69,0.5245,0.0456,0.002150,4.432
856642,520,413,933,202,36,245,317.55,0.9687,0.5673,0.204124,13,32,26,171.19,0.4819,0.1221,0.011931,4.103
856643,520,460,980,193,68,170,335.82,0.7526,0.5291,0.183756,29,2,15,352.43,0.7727,0.0645,0.003392,4.378
856656,520,421,941,228,31,160,347.54,0.9378,0.5563,0.200147,2,23,55,257.44,0.8992,0.1081,0.009015,4.239
856676,520,412,932,246,19,103,9.54,0.9819,0.5664,0.210413,39,22,6,62.59,0.6356,0.1167,0.010184,4.327
856695,520,290,810,232,124,186,346.03,0.7353,0.6805,0.351184,68,54,24,84.61,0.5550,0.2424,0.039333,4.491
856710,520,234,754,233,152,202,342.48,0.6945,0.7390,0.440461,35,78,53,156.09,0.6515,0.2915,0.060629,4.433
856715,520,426,946,221,10,201,333.47,0.9886,0.5589,0.198086,7,29,22,169.82,0.6546,0.1082,0.009818,4.147
856717,520,374,894,229,2,238,326.27,0.9991,0.5966,0.228769,31,23,84,282.08,0.7789,0.1558,0.015442,4.260
856736,520,472,992,155,70,238,302.70,0.8942,0.5226,0.175224,9,1,2,10.26,0.6677,0.0287,0.000842,4.430
856740,520,407,927,246,26,101,10.52,0.9728,0.5684,0.212747,45,20,33,348.74,0.4501,0.1296,0.011681,4.260
856764,520,372,892,255,65,106,13.80,1.0000,0.6136,0.260848,5,40,75,252.40,0.8448,0.1717,0.020577,4.404
856787,520,456,976,184,10,246,312.80,0.9928,0.5297,0.170624,12,14,1,115.48,0.8333,0.0636,0.003944,4.090
856802,520,476,996,212,62,11,35.97,0.9787,0.5136,0.174689,2,2,1,107.87,0.2671,0.0224,0.000585,4.442
856803,520,471,991,174,45,236,311.13,0.9330,0.5222,0.169325,14,1,16,323.72,0.7852,0.0408,0.001525,4.257
856810,520,407,927,189,87,207,321.42,0.7582,0.5700,0.221414,25,31,39,255.70,0.1956,0.1337,0.013331,4.286
856822,520,417,937,234,34,163,348.02,0.9411,0.5707,0.212837,59,2,8,21.58,0.9579,0.1227,0.009909,4.387
856823,520,391,911,237,64,145,356.71,0.8632,0.5909,0.237186,22,37,40,211.47,0.2901,0.1490,0.016469,4.321
856826,520,407,927,179,97,210,315.93,0.7168,0.5731,0.227871,31,27,38,301.35,0.2198,0.1286,0.012151,4.471
856834,520,469,989,205,27,176,336.63,0.9259,0.5195,0.168996,6,0,33,283.77,1.0000,0.0421,0.001485,4.254
856862,520,338,858,228,78,240,324.73,0.9369,0.6390,0.282361,8,51,67,228.12,0.8014,0.1997,0.028244,4.248
856863,520,346,866,209,93,237,319.37,0.8890,0.6265,0.274999,66,28,56,338.31,0.5397,0.1905,0.022744,4.468
856872,520,428,948,222,68,119,4.68,0.8007,0.5582,0.209983,30,15,44,305.83,0.5802,0.1047,0.007995,4.483
856896,520,407,927,213,10,232,323.71,0.9930,0.5661,0.201914,54,4,52,329.98,0.8273,0.1337,0.011191,4.117
856899,520,352,872,244,94,84,27.01,0.9113,0.6226,0.278817,18,35,105,267.34,0.8834,0.1928,0.023504,4.473
856913,520,328,848,244,91,189,344.61,0.8970,0.6517,0.303922,20,55,47,176.07,0.6175,0.2071,0.030862,4.377
856954,520,434,954,180,61,238,311.75,0.9112,0.5471,0.192148,12,20,52,269.48,0.6818,0.1041,0.008264,4.156
856960,520,362,882,239,77,157,353.98,0.8536,0.6128,0.260957,15,49,44,182.19,0.6523,0.1842,0.024799,4.157
856983,520,453,973,234,33,2,30.97,0.9981,0.5338,0.185877,8,16,26,254.13,0.3894,0.0743,0.004968,4.291
856990,520,143,663,243,192,190,20.99,0.6373,0.8283,0.604731,46,100,2,136.09,0.9964,0.3623,0.096993,4.454
856991,520,457,977,180,80,180,327.53,0.6971,0.5300,0.187371,2,16,14,184.66,0.7245,0.0646,0.004152,4.383
856997,520,404,924,178,90,235,309.55,0.8478,0.5779,0.227762,25,33,19,132.41,0.3665,0.1319,0.013414,4.380
857002,520,463,983,216,52,122,0.04,0.8349,0.5317,0.184625,9,8,9,325.74,0.0551,0.0498,0.002515,4.468
857010,520,319,839,252,67,201,341.48,0.9780,0.6455,0.289300,11,3,159,266.12,0.9985,0.2225,0.026392,4.442
857021,520,369,889,255,17,178,347.58,1.0000,0.6117,0.248788,31,44,2,125.56,0.9545,0.1683,0.020970,4.210
857036,520,375,895,220,84,178,341.76,0.7749,0.5981,0.247728,13,44,34,168.98,0.6838,0.1632,0.020023,4.252
857038,520,350,870,237,98,149,0.03,0.7943,0.6333,0.289125,33,48,39,158.00,0.2787,0.1904,0.025837,4.472
857042,520,435,955,241,5,84,14.37,0.9956,0.5479,0.194528,19,18,23,294.56,0.1321,0.0867,0.006329,4.341
857043,520,421,941,217,60,169,342.91,0.8316,0.5614,0.208503,8,0,89,269.02,1.0000,0.1125,0.007728,4.478
857051,520,372,892,237,57,201,337.69,0.9242,0.6109,0.251506,68,23,0,45.23,1.0000,0.1687,0.018419,4.407
857054,520,465,985,217,54,57,25.07,0.9024,0.5191,0.176880,6,11,4,135.17,0.4535,0.0523,0.002868,4.291
857067,520,478,998,84,100,243,272.87,0.9302,0.5061,0.174695,0,0,21,264.05,1.0000,0.0245,0.000541,4.446
857070,520,402,922,209,51,235,321.41,0.9404,0.5807,0.219229,54,13,19,15.22,0.6861,0.1288,0.011193,4.400
857083,520,404,924,254,21,67,20.80,0.9949,0.5761,0.220162,40,21,50,312.92,0.5277,0.1335,0.012178,4.345
857090,520,198,718,255,164,137,37.28,1.0000,0.7711,0.496196,51,83,64,157.30,0.4190,0.3206,0.072603,4.455
857099,520,471,991,211,65,15,36.45,0.9686,0.5154,0.176663,0,3,30,263.33,1.0007,0.0408,0.001588,4.394
857112,520,358,878,243,59,197,340.34,0.9275,0.6209,0.262168,0,51,14,147.63,1.0000,0.1772,0.023993,4.219
857122,520,328,848,243,109,128,13.64,0.8274,0.6530,0.315533,37,55,25,134.01,0.5977,0.2118,0.031958,4.460
857126,520,378,898,215,89,181,339.43,0.7465,0.5981,0.249300,41,34,51,303.12,0.2808,0.1645,0.018545,4.366
857136,520,397,917,239,40,144,355.64,0.9304,0.5755,0.218850,45,18,56,315.04,0.6370,0.1395,0.012761,4.284
857143,520,319,839,225,117,154,359.59,0.6614,0.6459,0.310654,43,55,34,132.44,0.3793,0.2191,0.033614,4.313
857145,520,390,910,204,94,181,336.10,0.6929,0.5882,0.241806,5,40,39,192.20,0.8193,0.1489,0.016963,4.358
857156,520,375,895,219,103,92,27.37,0.7163,0.5952,0.255355,14,43,33,167.93,0.6466,0.1601,0.019309,4.406
857191,520,293,813,244,110,198,342.76,0.8866,0.6815,0.344648,65,55,40,77.64,0.2604,0.2448,0.040095,4.380
857193,520,382,902,247,50,142,358.52,0.9328,0.5968,0.240117,68,8,51,342.39,0.7895,0.1645,0.016418,4.368
857201,520,466,986,224,36,36,27.53,0.9634,0.5164,0.172393,3,0,42,271.79,1.0000,0.0481,0.001865,4.288
857233,520,283,803,254,82,245,330.13,0.9961,0.6872,0.337009,31,67,23,140.11,0.8806,0.2464,0.043673,4.131
857238,520,371,891,175,113,226,307.70,0.7376,0.6056,0.264158,25,41,51,236.67,0.3334,0.1684,0.020315,4.468
857243,520,407,927,234,69,24,34.83,0.9671,0.5652,0.218176,40,16,52,312.90,0.6384,0.1259,0.010697,4.418
857254,520,385,905,239,14,200,337.99,0.9896,0.5923,0.228378,18,38,47,228.84,0.4373,0.1528,0.017200,4.143
857263,520,462,982,174,79,191,321.33,0.7214,0.5262,0.183532,1,6,26,262.21,0.8739,0.0461,0.002113,4.481
857265,520,432,952,227,32,153,349.66,0.9307,0.5516,0.196665,9,9,71,271.09,0.9534,0.1016,0.007083,4.321
857271,520,401,921,237,48,142,356.43,0.9053,0.5762,0.220744,35,0,90,288.92,1.0000,0.1372,0.010955,4.442
857292,520,363,883,222,60,235,324.72,0.9382,0.6089,0.247615,4,46,49,202.17,0.8768,0.1726,0.022014,4.133
857296,520,384,904,247,4,180,345.22,0.9970,0.5947,0.231596,39,19,77,293.81,0.7563,0.1507,0.014329,4.377
857303,520,450,970,241,0,20,27.81,1.0000,0.5385,0.187547,11,11,35,279.69,0.6050,0.0711,0.004318,4.373
857310,520,386,906,245,22,167,348.85,0.9775,0.5887,0.227796,12,12,101,269.19,0.9759,0.1455,0.012806,4.423
857340,520,457,977,234,27,47,24.72,0.9776,0.5336,0.184847,10,13,4,121.87,0.4674,0.0604,0.003611,4.381
857346,520,460,980,155,83,221,304.94,0.7923,0.5269,0.183760,0,12,34,255.19,0.9999,0.0640,0.003784,4.346
857363,520,320,840,239,93,199,339.93,0.8771,0.6508,0.303055,39,49,58,245.73,0.1925,0.2066,0.029334,4.450
857371,520,456,976,178,80,186,324.57,0.7091,0.5305,0.187486,20,4,21,325.46,0.6377,0.0578,0.002897,4.490
857374,520,443,963,192,60,209,322.90,0.8545,0.5428,0.190431,17,12,35,290.87,0.5455,0.0782,0.005035,4.369
857395,520,422,942,195,48,234,317.79,0.9342,0.5553,0.196579,28,23,28,326.00,0.1407,0.1106,0.009435,4.149
857396,520,432,952,237,49,10,32.30,0.9904,0.5512,0.202263,28,10,46,303.55,0.7012,0.0953,0.006612,4.456
857409,520,459,979,161,59,250,303.23,0.9675,0.5285,0.176076,2,13,24,244.56,0.6888,0.0615,0.003667,4.213
857417,520,416,936,249,7,109,7.68,0.9942,0.5713,0.213994,14,17,73,272.32,0.8865,0.1196,0.009752,4.418
857418,520,262,782,234,132,205,338.66,0.7831,0.7051,0.384047,46,67,34,135.00,0.5631,0.2589,0.047106,4.470
857419,520,468,988,167,34,248,306.84,0.9677,0.5150,0.161376,10,1,18,310.33,0.8095,0.0374,0.001299,4.120
857426,520,362,882,233,28,242,326.20,0.9861,0.6128,0.245674,26,49,23,141.53,0.6624,0.1838,0.024780,3.954
857432,520,403,923,230,14,209,333.54,0.9887,0.5812,0.217431,45,20,34,346.57,0.4542,0.1301,0.011738,4.332
857453,520,434,954,244,25,48,24.76,0.9839,0.5540,0.201452,6,18,57,265.87,0.8560,0.1006,0.007667,4.360
857475,520,388,908,234,80,89,20.95,0.8528,0.5868,0.239539,12,33,73,261.73,0.7646,0.1539,0.016468,4.356
857488,520,346,866,254,89,66,30.84,0.9925,0.6311,0.286124,4,47,70,238.29,0.8660,0.1881,0.025009,4.481
857489,520,441,961,190,23,241,315.39,0.9795,0.5388,0.179121,1,23,25,202.64,0.9010,0.0878,0.006894,4.027
857491,520,368,888,246,2,209,337.16,0.9989,0.6083,0.242428,35,39,53,272.17,0.2327,0.1723,0.020654,4.139
857493,520,403,923,248,39,110,8.73,0.9518,0.5812,0.225368,30,18,72,286.95,0.7627,0.1339,0.011765,4.458
857496,520,432,952,246,4,15,28.43,0.9984,0.5500,0.197177,22,15,55,285.87,0.7050,0.1045,0.007880,4.270
857556,520,428,948,213,26,216,327.51,0.9686,0.5593,0.198448,5,26,20,172.22,0.6965,0.0973,0.008215,4.268
857557,520,372,892,244,85,102,17.98,0.8953,0.6142,0.266925,23,45,19,140.64,0.7046,0.1679,0.021059,4.460
857558,520,480,1000,206,65,51,29.36,0.8629,0.5088,0.171436,0,0,0,0.00,0.0000,0.0000,0.000000,4.429
857566,520,454,974,152,93,212,304.40,0.7206,0.5327,0.192579,16,4,49,287.07,0.8844,0.0747,0.004187,4.477
857573,520,478,998,212,56,24,33.03,0.9538,0.5076,0.168938,7,0,6,332.05,1.0000,0.0247,0.000583,4.328
857575,520,462,982,190,67,184,329.81,0.7757,0.5310,0.184236,6,8,7,165.18,0.1052,0.0464,0.002277,4.481
857584,520,425,945,230,69,32,33.93,0.9475,0.5580,0.211864,50,8,14,16.74,0.7624,0.1129,0.008836,4.451
857587,520,434,954,244,18,38,26.18,0.9906,0.5505,0.198091,34,5,53,307.87,0.8305,0.1020,0.007057,4.348
857608,520,466,986,217,16,141,351.01,0.9600,0.5199,0.170479,14,5,22,307.79,0.5807,0.0535,0.002598,4.192
857612,520,464,984,201,41,183,333.46,0.8799,0.5247,0.174241,1,10,3,151.71,0.9108,0.0451,0.002301,4.288
857617,520,407,927,233,31,169,345.81,0.9492,0.5702,0.211710,54,8,43,339.27,0.7497,0.1326,0.011325,4.268
857618,520,470,990,193,12,221,321.01,0.9855,0.5240,0.168224,19,0,9,348.75,1.0000,0.0419,0.001582,4.231
857620,520,268,788,216,143,195,337.92,0.5760,0.6971,0.381854,38,71,15,135.18,0.9249,0.2629,0.049529,4.339
857624,520,423,943,229,53,123,2.30,0.8696,0.5579,0.206371,27,18,48,294.84,0.5616,0.1098,0.008790,4.361
857642,520,393,913,223,21,243,323.61,0.9890,0.5941,0.226975,51,3,70,313.33,0.9135,0.1419,0.012112,4.459
857646,520,371,891,208,101,200,330.26,0.7271,0.6147,0.268890,13,47,15,144.38,0.9250,0.1683,0.021530,4.458
857655,520,418,938,238,10,150,352.48,0.9875,0.5642,0.205993,45,13,31,348.14,0.5957,0.1165,0.009447,4.306
857663,520,429,949,170,92,207,313.62,0.7132,0.5509,0.207061,26,21,8,89.23,0.4495,0.0972,0.007735,4.452
857670,520,424,944,217,17,218,328.07,0.9840,0.5647,0.202167,26,17,50,292.77,0.6054,0.1082,0.008508,4.310
857671,520,419,939,243,30,85,15.46,0.9680,0.5601,0.206425,47,3,35,341.39,0.8098,0.1083,0.007909,4.428
857742,520,417,937,241,19,139,356.84,0.9761,0.5680,0.210338,3,3,91,265.93,0.9950,0.1165,0.008397,4.458
857745,520,398,918,245,26,141,357.18,0.9683,0.5792,0.220777,21,30,52,266.23,0.4437,0.1352,0.013359,4.274
857755,520,362,882,164,121,229,300.50,0.7245,0.6096,0.272246,19,36,92,266.82,0.8072,0.1823,0.021728,4.493
857760,520,419,939,220,58,153,349.37,0.8321,0.5573,0.205441,14,30,19,153.16,0.4914,0.1143,0.010689,4.209
857785,520,364,884,229,71,195,337.78,0.8682,0.6067,0.251071,17,32,92,267.65,0.8533,0.1721,0.019248,4.348
857794,520,383,903,236,16,217,332.90,0.9901,0.5976,0.232159,25,27,74,276.51,0.6929,0.1487,0.014849,4.351
857799,520,460,980,229,43,24,30.31,0.9709,0.5307,0.184547,4,2,49,271.31,0.9797,0.0609,0.002910,4.433
857805,520,457,977,176,50,238,311.08,0.9264,0.5310,0.176853,3,0,50,269.82,1.0000,0.0571,0.002496,4.321
857825,520,446,966,197,80,136,353.20,0.6695,0.5356,0.193869,26,14,1,72.67,0.8431,0.0791,0.005359,4.405
857826,520,355,875,240,17,242,327.87,0.9940,0.6214,0.253397,83,0,9,23.86,1.0000,0.1761,0.018591,4.423
857827,520,412,932,229,69,105,11.75,0.8321,0.5682,0.219369,14,24,54,267.42,0.6275,0.1165,0.010129,4.480
857837,520,280,800,204,151,173,352.28,0.3797,0.6898,0.379888,18,69,49,163.26,0.8356,0.2532,0.046064,4.475
857856,520,449,969,127,93,252,287.43,0.9661,0.5367,0.193687,12,14,29,276.76,0.4103,0.0742,0.004809,4.446
857857,520,399,919,208,59,233,321.41,0.9226,0.5842,0.224227,37,20,67,296.19,0.6846,0.1407,0.012989,4.354
857870,520,365,885,255,3,186,345.20,1.0000,0.6129,0.248738,15,43,57,233.02,0.5934,0.1718,0.021246,4.193
857873,520,413,933,167,89,250,302.52,0.9446,0.5736,0.222628,4,31,45,234.90,0.7727,0.1238,0.011952,4.401
857879,520,412,932,234,4,186,340.66,0.9958,0.5730,0.211273,10,18,70,269.35,0.8919,0.1159,0.009393,4.399
857880,520,431,951,201,82,136,354.67,0.6734,0.5452,0.202315,3,24,44,248.85,0.7801,0.1028,0.008544,4.310
857888,520,445,965,189,95,108,12.72,0.5560,0.5367,0.200875,28,14,13,24.16,0.3356,0.0848,0.005900,4.488
857892,520,462,982,232,7,68,18.22,0.9934,0.5260,0.177282,15,8,3,66.05,0.4530,0.0537,0.002818,4.303
857903,520,477,997,227,20,9,29.51,0.9911,0.5129,0.168539,0,2,7,251.28,1.0000,0.0226,0.000588,4.320
857909,520,459,979,229,24,69,18.49,0.9712,0.5250,0.177439,20,7,8,14.69,0.3969,0.0590,0.003182,4.277
857942,520,441,961,211,81,39,37.54,0.8808,0.5385,0.198825,1,21,44,251.68,0.8980,0.0937,0.007246,4.347
857946,520,470,990,218,54,6,34.20,0.9906,0.5169,0.175595,0,7,12,226.57,1.0000,0.0399,0.001785,4.356
857951,520,389,909,243,51,145,356.79,0.9133,0.5910,0.234698,46,22,60,311.41,0.6004,0.1508,0.014810,4.393
857957,520,473,993,220,18,125,357.40,0.9577,0.5199,0.171315,1,2,9,268.54,0.6581,0.0251,0.000696,4.366
857988,520,457,977,204,58,166,340.32,0.8048,0.5348,0.186186,9,5,37,282.25,0.8083,0.0594,0.003002,4.456
858002,520,409,929,242,29,127,1.41,0.9594,0.5694,0.212915,34,29,27,43.10,0.0958,0.1325,0.012980,4.175
858016,520,419,939,228,15,187,339.05,0.9815,0.5646,0.204261,45,12,22,4.19,0.6094,0.1114,0.008788,4.325
858019,520,270,790,255,104,214,339.63,1.0000,0.6977,0.360186,73,60,7,94.06,0.8844,0.2633,0.046636,4.245
858021,520,297,817,250,126,32,50.93,0.9629,0.6778,0.353531,17,66,33,150.62,0.9134,0.2383,0.041252,4.422
858023,520,228,748,243,141,224,334.21,0.9025,0.7415,0.434883,13,78,68,179.65,0.8871,0.2883,0.059514,4.428
858044,520,460,980,136,91,234,293.64,0.8314,0.5275,0.186569,19,8,15,341.44,0.3587,0.0621,0.003466,4.425
858050,520,447,967,187,49,230,316.34,0.9209,0.5404,0.184758,34,0,41,320.58,1.0000,0.0844,0.005002,4.268
858051,520,253,773,251,119,224,335.84,0.9712,0.7174,0.390873,51,63,79,255.73,0.2347,0.2676,0.048232,4.488
858055,520,354,874,244,10,234,330.62,0.9965,0.6216,0.253936,9,15,124,266.72,0.9845,0.1797,0.018548,4.434
858056,520,450,970,186,7,254,311.71,0.9959,0.5393,0.177480,18,13,22,309.58,0.2708,0.0739,0.004744,4.155
858057,520,471,991,206,16,176,336.82,0.9610,0.5171,0.166290,14,0,24,311.09,1.0000,0.0431,0.001593,4.192
858070,520,379,899,226,17,244,324.14,0.9923,0.5988,0.231036,64,21,18,26.73,0.6716,0.1603,0.016702,4.213
858075,520,459,979,174,70,209,316.43,0.8049,0.5263,0.179834,18,0,39,300.50,1.0000,0.0598,0.002751,4.357
858096,520,450,970,235,28,83,15.07,0.9641,0.5422,0.191203,28,6,19,345.91,0.5934,0.0721,0.004242,4.447
858108,520,381,901,254,36,124,4.80,0.9913,0.5957,0.237915,73,3,31,4.30,0.9029,0.1610,0.015808,4.375
858112,520,433,953,151,87,243,298.36,0.8906,0.5455,0.198670,14,5,70,276.08,0.9602,0.0978,0.006441,4.406
858115,520,440,960,222,41,157,347.49,0.8948,0.5492,0.195523,8,16,49,268.75,0.7635,0.0903,0.006439,4.350
858126,520,208,728,205,169,248,304.79,0.8227,0.7612,0.481328,38,84,23,138.98,0.9313,0.3068,0.068144,4.497
858137,520,410,930,251,24,75,18.69,0.9834,0.5722,0.216742,15,7,89,272.61,0.9750,0.1254,0.009747,4.465
858140,520,435,955,213,61,158,345.92,0.8074,0.5498,0.199544,11,22,19,175.39,0.3166,0.0890,0.006920,4.384
858147,520,377,897,244,69,115,9.88,0.9016,0.5990,0.247304,25,25,92,275.12,0.8475,0.1628,0.016746,4.454
858149,520,378,898,226,55,213,331.53,0.9239,0.5973,0.237076,12,38,67,253.35,0.6910,0.1625,0.018695,4.179
858167,520,397,917,219,2,236,324.32,0.9988,0.5779,0.211617,11,36,32,181.54,0.5908,0.1358,0.014371,4.064
858170,520,37,557,241,246,180,111.51,0.8327,0.9461,0.879078,35,128,38,143.44,0.9677,0.4523,0.159350,4.438
858190,520,442,962,215,27,178,338.62,0.9403,0.5393,0.184476,32,0,38,321.35,1.0000,0.0788,0.004471,4.305
858194,520,464,984,226,16,66,18.62,0.9823,0.5151,0.169356,6,8,24,274.51,0.5342,0.0539,0.002783,4.156
858220,520,465,985,220,55,3,34.52,0.9953,0.5218,0.179573,4,12,6,153.13,0.5013,0.0536,0.003019,4.330
858260,520,349,869,208,110,203,329.13,0.7020,0.6306,0.288751,9,52,27,153.35,0.9251,0.1864,0.025931,4.461
858277,520,322,842,247,110,24,45.83,0.9719,0.6456,0.309951,14,57,40,163.22,0.8241,0.2087,0.031727,4.404
858285,520,255,775,249,129,204,343.59,0.9212,0.7209,0.402024,1,76,4,142.99,0.9988,0.2650,0.051839,4.439
858305,520,387,907,248,17,160,351.50,0.9847,0.5899,0.228988,58,1,68,320.83,0.9578,0.1503,0.013387,4.401
858316,520,433,953,211,84,57,33.66,0.8162,0.5451,0.204872,42,12,2,42.13,0.8399,0.1010,0.007596,4.425
858319,520,327,847,214,100,244,318.78,0.9233,0.6478,0.299437,37,43,91,274.97,0.5876,0.2107,0.028763,4.437
858330,520,419,939,192,85,194,326.84,0.7335,0.5637,0.215999,28,26,10,102.17,0.4699,0.1130,0.010076,4.428
858331,520,476,996,192,45,175,333.42,0.8403,0.5068,0.161800,5,0,7,320.34,1.0000,0.0225,0.000476,4.196
858342,520,393,913,225,34,230,327.03,0.9722,0.5933,0.228671,20,15,91,274.42,0.9336,0.1414,0.012456,4.462
858347,520,344,864,255,14,221,336.13,1.0000,0.6340,0.267979,28,46,54,227.65,0.3229,0.1870,0.024671,4.258
858352,520,313,833,230,84,255,321.46,1.0000,0.6583,0.303857,22,57,56,192.80,0.5652,0.2183,0.033822,4.222
858362,520,455,975,223,54,47,27.88,0.9244,0.5298,0.185343,29,0,16,348.63,1.0000,0.0608,0.002987,4.442
858384,520,459,979,191,57,200,325.24,0.8429,0.5320,0.181742,13,12,1,105.93,0.8022,0.0598,0.003507,4.331
858406,520,430,950,212,1,218,326.86,0.9990,0.5523,0.190827,27,16,36,308.37,0.4555,0.0977,0.007310,4.202
858424,520,477,997,113,86,245,284.48,0.9245,0.5051,0.167585,4,1,0,56.89,1.0000,0.0209,0.000475,4.311
858429,520,455,975,223,29,127,357.77,0.9293,0.5313,0.181017,6,6,38,275.32,0.8386,0.0599,0.003089,4.352
858465,520,337,857,246,21,254,326.56,0.9970,0.6411,0.272877,33,53,10,131.16,0.8774,0.1998,0.028914,4.092
858468,520,472,992,200,34,180,334.08,0.8991,0.5165,0.167206,13,0,8,340.39,1.0000,0.0332,0.001031,4.256
858471,520,462,982,160,74,238,304.07,0.8874,0.5343,0.185447,9,5,28,287.88,0.6879,0.0525,0.002505,4.484
858502,520,305,825,251,112,126,16.28,0.9243,0.6702,0.336070,35,57,69,233.14,0.3509,0.2324,0.037131,4.431
858512,520,454,974,231,10,109,4.91,0.9850,0.5347,0.183131,9,11,39,275.36,0.6919,0.0726,0.004439,4.282
858538,520,401,921,216,79,157,348.63,0.7524,0.5753,0.226274,64,0,23,6.95,1.0000,0.1350,0.011520,4.491
858564,520,268,788,250,94,250,327.78,0.9819,0.6969,0.352342,55,42,126,284.13,0.7447,0.2570,0.039744,4.483
858571,520,313,833,239,96,205,338.02,0.8838,0.6576,0.311268,72,40,57,347.44,0.3924,0.2243,0.031909,4.411
858576,520,356,876,235,73,190,341.01,0.8722,0.6164,0.261476,48,38,54,312.58,0.2598,0.1845,0.022810,4.278
858597,520,427,947,202,31,245,317.65,0.9749,0.5648,0.201307,32,17,32,326.81,0.4003,0.1040,0.008123,4.324
858637,520,467,987,213,23,151,346.78,0.9351,0.5193,0.169956,4,2,24,281.57,0.8471,0.0378,0.001352,4.283
858651,520,384,904,250,12,161,351.52,0.9905,0.5931,0.231636,69,5,17,17.39,0.9031,0.1502,0.014144,4.391
858655,520,452,972,179,88,159,336.29,0.6048,0.5294,0.190675,16,10,31,294.42,0.5382,0.0709,0.004262,4.435
858659,520,369,889,239,19,232,329.95,0.9914,0.6134,0.246454,1,36,87,258.39,0.9788,0.1701,0.019562,4.262
858660,520,474,994,234,1,29,26.63,0.9994,0.5241,0.176060,13,0,8,340.39,1.0000,0.0332,0.001031,4.430
858669,520,429,949,221,13,182,338.80,0.9797,0.5480,0.190398,37,10,36,329.01,0.6339,0.1014,0.007378,4.190
858672,520,479,999,168,82,173,325.31,0.6489,0.5108,0.173775,0,0,2,264.05,1.0000,0.0079,0.000044,4.472
858687,520,381,901,245,62,137,0.99,0.9094,0.6010,0.246671,32,41,9,123.34,0.7437,0.1608,0.019127,4.292
858693,520,423,943,249,15,7,29.33,0.9954,0.5586,0.205004,35,12,46,313.23,0.6624,0.1079,0.008176,4.383
858710,520,330,850,203,103,247,314.21,0.9264,0.6389,0.291136,25,42,106,267.90,0.7982,0.2134,0.029031,4.317
858716,520,300,820,246,88,227,332.92,0.9540,0.6706,0.321210,47,58,1,120.87,0.9830,0.2271,0.036326,4.300
858726,520,349,869,240,50,237,328.88,0.9680,0.6326,0.269235,75,23,42,0.79,0.6405,0.1920,0.022760,4.387
858753,520,438,958,209,61,172,339.71,0.8127,0.5498,0.198734,8,13,52,271.04,0.8407,0.0870,0.005874,4.452
858757,520,307,827,223,116,218,329.02,0.7988,0.6694,0.332425,23,64,33,149.11,0.8377,0.2340,0.039586,4.269
858773,520,472,992,219,36,109,4.16,0.9035,0.5209,0.174285,0,0,26,264.05,1.0000,0.0289,0.000746,4.420
858778,520,344,864,245,90,128,8.84,0.8754,0.6292,0.282864,16,49,56,213.90,0.6106,0.1902,0.025922,4.384
858783,520,414,934,251,40,32,28.83,0.9851,0.5749,0.221348,15,31,22,158.38,0.4439,0.1190,0.011394,4.420
858787,520,407,927,203,31,254,315.97,0.9953,0.5737,0.208338,35,2,86,290.21,0.9761,0.1345,0.010726,4.254
858803,520,389,909,202,76,232,319.29,0.8835,0.5916,0.235531,56,22,32,3.23,0.5158,0.1514,0.015190,4.380
858809,520,476,996,218,38,63,20.74,0.9349,0.5087,0.166532,2,1,10,286.50,0.7500,0.0235,0.000565,4.282
858851,520,450,970,210,63,142,351.63,0.7829,0.5393,0.192118,9,13,30,271.86,0.4907,0.0704,0.004397,4.451
858862,520,457,977,234,9,58,21.15,0.9930,0.5291,0.179965,2,12,29,255.57,0.7454,0.0622,0.003645,4.287
858892,520,465,985,212,66,32,34.14,0.9249,0.5196,0.180001,18,2,27,312.58,0.7966,0.0546,0.002512,4.380
858918,520,391,911,255,39,100,12.84,1.0000,0.5927,0.236349,32,38,9,119.75,0.6986,0.1516,0.017130,4.266
858921,520,183,703,251,173,143,41.86,0.8626,0.7854,0.523818,41,90,5,136.32,0.9889,0.3268,0.077945,4.485
858945,520,440,960,216,19,193,334.44,0.9700,0.5470,0.189172,17,21,28,261.57,0.1997,0.0946,0.007393,4.167
858971,520,258,778,237,149,92,52.49,0.7663,0.7080,0.402744,11,65,114,251.23,0.8517,0.2750,0.050664,4.498
858973,520,404,924,211,38,238,321.50,0.9648,0.5776,0.214100,19,0,99,274.01,1.0000,0.1337,0.010392,4.373
858974,520,383,903,222,35,249,321.88,0.9795,0.6024,0.235733,58,16,32,359.78,0.6379,0.1451,0.013745,4.482
858987,520,363,883,221,74,215,329.57,0.8790,0.6080,0.251781,71,19,27,14.98,0.6975,0.1732,0.018847,4.383
858991,520,427,947,251,2,51,23.49,0.9991,0.5631,0.207954,12,25,12,144.26,0.5356,0.0962,0.007999,4.448
859001,520,289,809,214,132,205,330.90,0.6516,0.6781,0.352079,46,61,45,143.21,0.2975,0.2432,0.041077,4.415
859019,520,342,862,238,51,235,328.88,0.9643,0.6286,0.265455,40,46,20,119.91,0.5236,0.1856,0.024556,4.231
859026,520,474,994,151,67,246,300.02,0.9390,0.5207,0.172478,2,3,2,145.00,0.2071,0.0264,0.000824,4.377
859036,520,411,931,244,43,62,23.20,0.9589,0.5655,0.213121,2,34,28,177.83,0.9244,0.1236,0.012407,4.216
859037,520,319,839,229,103,192,340.24,0.7867,0.6454,0.301665,88,31,1,43.82,0.9724,0.2220,0.030572,4.365
859041,520,423,943,217,32,200,332.77,0.9477,0.5585,0.199571,15,17,64,274.29,0.8176,0.1108,0.008726,4.250
859045,520,397,917,243,1,175,345.79,0.9991,0.5839,0.221747,39,27,47,311.10,0.3695,0.1431,0.014205,4.233
859050,520,360,880,251,49,182,346.32,0.9692,0.6205,0.260866,48,41,29,80.93,0.2530,0.1824,0.023030,4.257
859052,520,363,883,241,11,225,332.08,0.9951,0.6106,0.243792,61,28,28,21.01,0.4774,0.1704,0.019066,4.254
859066,520,405,925,225,39,209,332.35,0.9494,0.5822,0.220644,51,19,16,27.24,0.5806,0.1322,0.012071,4.360
859070,520,180,700,239,166,237,327.57,0.8668,0.7881,0.517391,65,85,10,124.39,0.9308,0.3281,0.076427,4.488
859075,520,432,952,142,103,223,295.72,0.7403,0.5470,0.207791,32,17,17,19.56,0.3192,0.0979,0.007485,4.485
859076,520,281,801,247,134,50,52.62,0.9249,0.6887,0.370575,0,70,43,159.75,1.0000,0.2500,0.045545,4.402
859087,520,418,938,242,16,121,2.90,0.9816,0.5626,0.206316,39,20,19,23.24,0.3679,0.1151,0.009787,4.287
859088,520,449,969,151,77,251,298.11,0.9636,0.5379,0.188523,3,13,41,263.32,0.8385,0.0738,0.004673,4.363
859109,520,354,874,239,21,247,326.51,0.9927,0.6242,0.256051,61,33,40,4.09,0.3736,0.1849,0.022331,4.231
859115,520,434,954,240,30,77,17.57,0.9679,0.5523,0.199929,5,1,78,268.15,0.9972,0.0965,0.006040,4.460
859126,520,431,951,176,80,224,312.43,0.8222,0.5531,0.203501,13,8,72,274.12,0.9477,0.1039,0.007271,4.426
859135,520,330,850,253,81,153,358.80,0.9707,0.6405,0.290707,65,43,6,75.48,0.8305,0.2073,0.028648,4.332
859150,520,317,837,255,86,175,351.73,1.0000,0.6581,0.310140,50,53,49,137.81,0.0662,0.2248,0.034461,4.264
859155,520,417,937,187,86,206,321.05,0.7555,0.5650,0.216778,31,23,36,312.08,0.2869,0.1179,0.010315,4.423
859158,520,468,988,188,82,115,2.93,0.6194,0.5155,0.179653,8,6,2,90.93,0.4352,0.0417,0.001863,4.428
859162,520,467,987,217,14,133,353.77,0.9651,0.5158,0.167618,1,2,26,268.35,0.9496,0.0360,0.001244,4.247
859163,520,348,868,247,29,228,332.71,0.9861,0.6282,0.262573,39,19,117,281.08,0.9172,0.1948,0.021814,4.353
859164,520,472,992,129,80,250,290.27,0.9573,0.5162,0.173064,7,2,8,322.52,0.5250,0.0321,0.001061,4.369
859188,520,136,656,246,193,196,14.62,0.6879,0.8356,0.617198,65,94,94,196.02,0.2655,0.3747,0.099371,4.467
859197,520,408,928,240,22,140,356.41,0.9701,0.5674,0.209957,48,20,21,18.99,0.4873,0.1302,0.011829,4.204
859222,520,430,950,193,67,205,324.16,0.8253,0.5491,0.197610,50,3,10,17.55,0.8940,0.1049,0.007653,4.295
859231,520,435,955,213,51,178,338.49,0.8618,0.5509,0.197303,37,9,22,353.93,0.5977,0.0929,0.006467,4.380
859233,520,470,990,184,51,211,320.14,0.8777,0.5228,0.172624,5,4,15,287.04,0.5041,0.0386,0.001536,4.320
859244,520,417,937,204,55,226,322.12,0.9150,0.5694,0.210624,34,25,2,88.73,0.8537,0.1162,0.010398,4.315
859250,520,457,977,213,31,157,344.95,0.9100,0.5261,0.175627,3,5,41,269.68,0.9307,0.0580,0.002880,4.267
859252,520,472,992,156,83,211,307.78,0.7530,0.5207,0.179581,6,3,8,313.81,0.3807,0.0339,0.001214,4.483
859254,520,473,993,208,59,101,8.43,0.7982,0.5164,0.174796,10,0,5,344.76,1.0000,0.0280,0.000755,4.429
859255,520,449,969,216,29,171,341.08,0.9307,0.5382,0.184203,0,1,63,264.14,0.9972,0.0728,0.003806,4.353
859270,520,371,891,225,28,250,322.48,0.9864,0.6050,0.237424,5,45,54,216.64,0.8372,0.1724,0.021753,4.006
859283,520,459,979,164,82,206,312.50,0.7444,0.5264,0.183840,9,12,7,131.96,0.2330,0.0581,0.003364,4.382
859289,520,461,981,195,23,220,321.70,0.9683,0.5301,0.173838,6,9,7,157.14,0.1657,0.0487,0.002494,4.264
859295,520,398,918,254,33,18,29.69,0.9964,0.5764,0.222060,69,0,11,20.13,1.0000,0.1436,0.012896,4.326
859303,520,472,992,217,20,147,349.04,0.9492,0.5241,0.173611,3,3,2,107.35,0.1548,0.0277,0.000889,4.394
859312,520,423,943,180,69,247,309.27,0.9453,0.5628,0.206758,27,24,20,75.13,0.1187,0.1091,0.009368,4.325
859341,520,308,828,194,135,219,315.40,0.6462,0.6657,0.339126,19,64,39,155.59,0.8372,0.2338,0.039516,4.347
859349,520,416,936,195,52,252,313.59,0.9832,0.5726,0.210876,4,15,80,266.09,0.9593,0.1187,0.009466,4.387
859370,520,474,994,231,10,27,27.19,0.9942,0.5195,0.172882,6,3,3,18.81,0.2282,0.0318,0.001104,4.361
859378,520,458,978,206,34,180,335.72,0.9077,0.5274,0.175632,8,10,21,274.74,0.3672,0.0582,0.003228,4.239
859380,520,478,998,145,69,239,299.06,0.9015,0.5094,0.165082,1,1,8,277.00,0.7555,0.0209,0.000457,4.263
859386,520,420,940,239,42,85,16.11,0.9419,0.5588,0.206658,10,7,82,270.56,0.9755,0.1132,0.008256,4.406
859400,520,470,990,231,6,66,18.66,0.9943,0.5233,0.175156,11,0,20,310.98,1.0000,0.0370,0.001217,4.396
859424,520,14,534,255,252,198,104.96,1.0000,0.9770,0.949584,31,132,79,155.01,0.9361,0.4712,0.173576,4.471
859428,520,232,752,244,160,62,66.05,0.8863,0.7363,0.447249,21,83,8,140.88,0.9873,0.2946,0.063632,4.376
859450,520,330,850,242,58,234,330.05,0.9595,0.6397,0.278466,76,5,94,317.64,0.9133,0.2091,0.024534,4.407
859453,520,429,949,222,69,81,20.47,0.8381,0.5493,0.203825,9,22,39,255.69,0.5365,0.0976,0.007783,4.393
859464,520,446,966,204,28,209,326.92,0.9537,0.5396,0.182732,2,24,3,144.19,0.9740,0.0849,0.006727,4.103
859477,520,471,991,200,60,144,347.86,0.7705,0.5189,0.175266,0,4,21,259.31,1.0000,0.0367,0.001410,4.382
859482,520,397,917,226,70,156,350.67,0.8143,0.5816,0.229519,42,21,56,309.97,0.5829,0.1404,0.013141,4.427
859493,520,432,952,228,21,160,347.30,0.9627,0.5521,0.195711,15,11,67,276.16,0.8984,0.1038,0.007461,4.276
859505,520,458,978,212,60,121,0.63,0.7962,0.5316,0.186115,9,13,6,130.88,0.3352,0.0602,0.003591,4.406
859518,520,436,956,235,43,76,18.68,0.9392,0.5495,0.199148,1,21,40,247.47,0.8794,0.0908,0.006959,4.374
859534,520,109,629,224,220,165,104.28,0.5381,0.8653,0.697507,9,112,37,146.35,0.9922,0.3937,0.117795,4.455
859551,520,440,960,195,16,249,315.13,0.9899,0.5512,0.188136,2,12,62,265.11,0.9502,0.0915,0.006236,4.235
859556,520,439,959,223,0,181,339.51,1.0000,0.5485,0.190267,17,19,24,268.11,0.1406,0.0877,0.006509,4.252
859575,520,446,966,193,24,242,315.98,0.9793,0.5448,0.184029,28,4,34,319.32,0.7567,0.0768,0.004492,4.295
859584,520,453,973,112,97,253,281.56,0.9796,0.5307,0.190855,28,2,36,317.63,0.8373,0.0746,0.004177,4.446
859605,520,100,620,254,206,215,5.64,0.9132,0.8782,0.701212,31,113,28,142.54,0.9694,0.4007,0.121849,4.371
859612,520,442,962,236,34,1,31.10,0.9991,0.5386,0.189823,12,3,56,279.11,0.9536,0.0768,0.004288,4.418
859617,520,422,942,221,33,187,337.50,0.9389,0.5584,0.200501,21,3,76,281.07,0.9710,0.1083,0.007463,4.359
859621,520,478,998,201,38,158,341.66,0.8617,0.5082,0.162743,1,1,7,277.79,0.7136,0.0203,0.000435,4.218
859629,520,304,824,255,74,228,334.74,1.0000,0.6714,0.317621,50,58,15,119.06,0.7498,0.2314,0.037387,4.207
859639,520,464,984,228,0,81,13.58,1.0000,0.5185,0.170910,0,7,33,260.48,1.0000,0.0527,0.002617,4.198
859646,520,370,890,229,4,255,322.52,1.0000,0.6095,0.239671,28,11,109,276.82,0.9629,0.1658,0.015903,4.395
859657,520,411,931,217,47,197,333.66,0.9070,0.5659,0.208182,53,8,13,19.08,0.7934,0.1187,0.009597,4.332
859660,520,452,972,188,39,218,319.89,0.9269,0.5253,0.172057,19,12,11,27.82,0.1935,0.0688,0.004256,4.093
859683,520,373,893,154,123,217,297.61,0.6381,0.5952,0.260458,13,44,30,161.27,0.7230,0.1619,0.019806,4.447
859686,520,145,665,238,185,252,319.12,0.9560,0.8311,0.599044,44,100,4,136.77,0.9932,0.3613,0.096583,4.428
859701,520,400,920,231,62,140,357.15,0.8480,0.5760,0.223304,9,29,71,262.70,0.8223,0.1407,0.013917,4.276
859704,520,397,917,186,95,205,320.47,0.7162,0.5765,0.230324,31,30,44,287.52,0.2537,0.1394,0.014017,4.379
859717,520,392,912,228,67,176,343.66,0.8490,0.5912,0.236454,58,5,67,321.17,0.8542,0.1536,0.014134,4.466
859793,520,462,982,169,65,235,308.58,0.8913,0.5331,0.182145,1,10,22,247.65,0.7744,0.0527,0.002814,4.395
859805,520,369,889,238,86,105,16.55,0.8474,0.6054,0.258556,40,35,60,292.28,0.3731,0.1712,0.019794,4.421
859813,520,388,908,239,34,190,340.94,0.9607,0.5938,0.232154,29,30,66,279.39,0.5500,0.1522,0.015831,4.286
859825,520,394,914,244,33,163,350.15,0.9579,0.5894,0.229684,54,14,37,348.18,0.6488,0.1369,0.012320,4.488
859837,520,359,879,218,82,234,323.35,0.9021,0.6241,0.268824,6,52,5,142.51,0.9834,0.1817,0.025056,4.248
859845,520,372,892,251,32,180,346.44,0.9720,0.6102,0.248409,19,35,76,265.39,0.6856,0.1653,0.018622,4.349
859859,520,380,900,225,3,251,322.43,0.9989,0.5995,0.230399,7,21,107,266.25,0.9655,0.1639,0.016429,4.221
859862,520,368,888,236,86,129,6.20,0.8142,0.6085,0.260762,32,43,26,134.92,0.3808,0.1702,0.021094,4.371
859863,520,336,856,240,112,13,48.80,0.9826,0.6367,0.301456,19,55,6,138.90,0.9717,0.1972,0.028839,4.458
859868,520,451,971,150,92,227,300.35,0.7917,0.5397,0.196846,21,14,8,62.53,0.3001,0.0746,0.004911,4.495
859873,520,318,838,247,92,189,345.42,0.9190,0.6579,0.311055,33,50,81,261.71,0.4747,0.2182,0.031985,4.404
859874,520,419,939,251,8,29,27.23,0.9969,0.5623,0.207753,47,10,0,40.56,1.0000,0.1069,0.008215,4.428
859886,520,400,920,236,20,191,339.81,0.9799,0.5832,0.220976,9,19,92,267.68,0.9507,0.1425,0.012964,4.304
859887,520,383,903,248,12,177,346.37,0.9911,0.5966,0.233970,23,7,104,275.02,0.9778,0.1512,0.013335,4.484
859894,520,446,966,239,1,69,18.38,0.9992,0.5398,0.188054,17,18,17,145.47,0.0366,0.0825,0.005923,4.257
859898,520,374,894,235,3,220,331.93,0.9983,0.5952,0.228973,26,19,101,275.92,0.9176,0.1639,0.016249,4.211
859910,520,411,931,235,48,133,359.25,0.8996,0.5690,0.214725,5,31,27,181.45,0.7468,0.1152,0.010913,4.346
859926,520,466,986,230,17,39,25.52,0.9880,0.5203,0.173734,17,6,7,13.02,0.3729,0.0528,0.002648,4.250
859929,520,458,978,216,42,140,352.19,0.8701,0.5307,0.181507,2,9,38,264.59,0.8845,0.0626,0.003482,4.329
859944,520,433,953,196,62,212,323.25,0.8605,0.5533,0.199360,29,14,40,309.00,0.5584,0.0989,0.007285,4.353
859946,520,420,940,236,48,76,19.39,0.9309,0.5552,0.204717,3,27,48,247.62,0.7999,0.1138,0.010166,4.234
859989,520,452,972,224,37,93,11.04,0.9212,0.5269,0.179635,15,16,11,116.68,0.1693,0.0738,0.004963,4.178
860001,520,472,992,182,60,200,322.25,0.8229,0.5206,0.173482,1,2,22,268.88,0.9274,0.0329,0.001078,4.375
860014,520,440,960,244,15,8,29.28,0.9943,0.5479,0.195958,4,21,30,232.74,0.6450,0.0866,0.006559,4.349
860017,520,396,916,233,84,52,33.76,0.8973,0.5844,0.239151,16,39,21,149.25,0.6621,0.1445,0.016153,4.371
860020,520,300,820,220,119,216,328.66,0.7679,0.6690,0.333688,59,52,48,51.76,0.0989,0.2318,0.035992,4.462
860032,520,462,982,223,11,134,354.67,0.9771,0.5276,0.176512,12,7,11,332.87,0.2235,0.0509,0.002543,4.311
860048,520,440,960,233,19,137,355.92,0.9690,0.5512,0.195985,5,13,60,267.64,0.9204,0.0930,0.006463,4.357
860049,520,458,978,204,17,201,329.12,0.9716,0.5298,0.174572,2,13,22,239.28,0.6743,0.0604,0.003587,4.191
860052,520,412,932,240,40,116,5.55,0.9343,0.5676,0.213070,37,23,5,71.62,0.6747,0.1159,0.010171,4.372
860060,520,304,824,254,81,219,337.09,0.9937,0.6716,0.320732,84,35,53,358.93,0.5380,0.2329,0.033442,4.443
860067,520,469,989,207,71,10,39.07,0.9746,0.5152,0.177960,2,0,40,269.84,1.0000,0.0450,0.001661,4.413
860082,520,438,958,221,9,184,338.20,0.9863,0.5483,0.190307,35,5,32,332.03,0.7259,0.0881,0.005702,4.314
860097,520,364,884,237,24,234,329.00,0.9880,0.6128,0.246009,76,12,12,26.05,0.8869,0.1718,0.018263,4.336
860102,520,401,921,224,55,186,338.92,0.8845,0.5782,0.221273,1,19,91,264.03,0.9864,0.1376,0.012274,4.356
860133,520,427,947,203,22,240,319.17,0.9829,0.5587,0.195632,19,18,51,280.63,0.6272,0.1042,0.008101,4.228
860140,520,459,979,204,57,154,344.76,0.7969,0.5277,0.180987,16,0,39,297.28,1.0000,0.0575,0.002566,4.394
860161,520,458,978,203,56,167,339.60,0.8106,0.5316,0.183168,7,8,31,276.70,0.6590,0.0593,0.003178,4.385
860187,520,343,863,248,51,200,340.44,0.9571,0.6254,0.264974,72,20,66,332.69,0.6992,0.1944,0.022716,4.332
860195,520,459,979,202,16,211,325.95,0.9777,0.5330,0.176321,6,15,9,155.85,0.4181,0.0636,0.004001,4.191
860212,520,470,990,172,48,238,309.92,0.9291,0.5233,0.170585,0,3,26,262.73,1.0002,0.0376,0.001397,4.292
860216,520,38,558,220,245,253,218.94,0.7809,0.9468,0.876115,48,126,37,141.31,0.9506,0.4502,0.156831,4.478
860221,520,370,890,224,50,243,323.51,0.9612,0.6101,0.246017,6,48,24,153.47,0.9449,0.1709,0.022185,4.101
860228,520,395,915,216,35,244,321.48,0.9747,0.5888,0.223346,41,16,68,301.86,0.7417,0.1403,0.012594,4.367
860237,520,425,945,246,4,107,7.80,0.9963,0.5640,0.207447,27,26,19,100.67,0.1792,0.1140,0.010188,4.277
860251,520,338,858,238,88,197,340.11,0.8745,0.6419,0.291904,51,47,9,103.24,0.7760,0.1992,0.027566,4.408
860256,520,438,958,231,22,141,354.25,0.9605,0.5498,0.194887,39,4,26,345.87,0.7532,0.0902,0.005928,4.379
860269,520,391,911,245,48,146,356.63,0.9250,0.5930,0.236050,7,43,14,146.80,0.9509,0.1521,0.018046,4.204
860278,520,312,832,243,82,234,330.22,0.9489,0.6632,0.310324,54,44,76,297.47,0.3974,0.2192,0.031074,4.444
860281,520,333,853,244,37,250,326.90,0.9857,0.6408,0.274611,15,17,136,267.79,0.9834,0.2012,0.022798,4.459
860282,520,411,931,255,3,60,21.84,1.0000,0.5729,0.216552,56,7,0,34.79,1.0000,0.1211,0.009929,4.448
860285,520,409,929,198,91,172,337.67,0.6691,0.5698,0.224681,13,15,87,270.64,0.9473,0.1320,0.011153,4.492
860302,520,438,958,202,37,215,324.71,0.9378,0.5452,0.187877,1,19,43,253.85,0.9012,0.0878,0.006466,4.213
860329,520,472,992,169,55,235,309.25,0.9077,0.5227,0.171663,2,1,23,275.47,0.9451,0.0320,0.000965,4.349
860340,520,319,839,230,127,17,57.95,0.9657,0.6476,0.320446,19,62,15,141.91,0.9508,0.2222,0.036181,4.298
860345,520,476,996,161,78,196,314.58,0.7271,0.5092,0.170121,6,0,6,328.36,1.0000,0.0233,0.000519,4.357
860346,520,182,702,239,177,170,26.09,0.6350,0.7858,0.526990,15,93,26,144.71,0.9823,0.3289,0.080045,4.437
860359,520,305,825,250,119,92,33.13,0.9359,0.6724,0.342934,6,65,7,142.94,0.9892,0.2277,0.038345,4.448
860364,520,339,859,249,103,41,40.76,0.9567,0.6392,0.300036,18,53,54,197.84,0.6052,0.2028,0.029410,4.408
860367,520,398,918,211,55,225,324.34,0.9210,0.5800,0.220193,56,8,48,335.69,0.7635,0.1394,0.012279,4.338
860379,520,384,904,227,93,70,31.84,0.8248,0.5889,0.246044,39,33,28,62.00,0.1423,0.1495,0.016029,4.484
860382,520,319,839,253,28,247,329.62,0.9934,0.6505,0.284316,40,56,49,166.19,0.2394,0.2242,0.035011,3.933
860383,520,466,986,149,66,246,299.43,0.9402,0.5170,0.169401,8,0,40,283.10,1.0000,0.0507,0.002048,4.215
860396,520,366,886,250,9,202,339.87,0.9954,0.6129,0.247869,13,44,44,195.22,0.6241,0.1672,0.020687,4.214
860397,520,319,839,223,93,245,321.61,0.9439,0.6521,0.301111,96,4,56,353.95,0.9014,0.2229,0.028596,4.467
860403,520,440,960,197,28,239,317.69,0.9736,0.5505,0.189343,42,3,11,12.55,0.8351,0.0889,0.005816,4.288
860407,520,413,933,221,21,217,329.30,0.9803,0.5723,0.209205,14,34,7,138.27,0.8839,0.1243,0.012527,4.145
860409,520,465,985,124,99,219,289.38,0.7402,0.5174,0.183231,4,12,7,158.66,0.4641,0.0539,0.003041,4.397
860419,520,298,818,229,96,254,320.99,0.9940,0.6704,0.321814,83,41,3,56.09,0.9050,0.2319,0.034317,4.410
860450,520,406,926,206,51,234,320.82,0.9367,0.5751,0.214316,17,30,43,249.33,0.3918,0.1267,0.012221,4.248
860456,520,446,966,203,22,219,324.15,0.9724,0.5426,0.183866,7,16,29,256.90,0.4747,0.0752,0.005044,4.249
860457,520,475,995,199,23,190,330.81,0.9455,0.5156,0.164744,5,2,15,295.13,0.6801,0.0331,0.001102,4.202
860484,520,391,911,235,33,201,336.92,0.9642,0.5921,0.229697,54,16,47,335.44,0.6428,0.1451,0.013602,4.398
860493,520,475,995,205,58,121,358.82,0.7844,0.5163,0.173878,3,0,20,285.05,1.0000,0.0279,0.000699,4.416
860507,520,358,878,200,96,246,313.99,0.9238,0.6240,0.273001,41,43,30,114.99,0.2432,0.1802,0.022929,4.429
860511,520,432,952,215,42,186,336.36,0.9037,0.5523,0.196504,27,21,11,79.88,0.3430,0.0990,0.007935,4.255
860517,520,375,895,156,115,249,294.65,0.8943,0.6032,0.261690,24,44,7,133.48,0.9003,0.1634,0.020108,4.446
860525,520,420,940,205,31,237,320.26,0.9710,0.5634,0.200752,21,2,82,279.33,0.9854,0.1146,0.008120,4.314
860533,520,450,970,239,4,87,13.19,0.9961,0.5442,0.191290,5,6,48,271.47,0.9278,0.0684,0.003759,4.488
860541,520,337,857,253,88,138,5.60,0.9670,0.6437,0.297004,16,56,20,145.11,0.9276,0.2012,0.029889,4.344
860546,520,448,968,171,52,255,305.84,1.0000,0.5402,0.183346,24,12,31,312.01,0.4870,0.0834,0.005561,4.200
860550,520,457,977,202,16,206,327.25,0.9753,0.5294,0.173852,3,13,10,175.78,0.5435,0.0564,0.003291,4.201
860566,520,456,976,216,4,164,342.99,0.9908,0.5264,0.173685,7,8,33,276.29,0.6939,0.0607,0.003286,4.198
860612,520,400,920,206,37,247,318.16,0.9703,0.5758,0.211620,62,15,2,37.54,0.9298,0.1443,0.013703,4.107
860625,520,388,908,225,49,212,331.54,0.9331,0.5904,0.229600,21,11,98,274.46,0.9614,0.1459,0.012805,4.452
860643,520,471,991,169,56,235,309.19,0.9054,0.5236,0.172623,2,5,24,267.41,0.7919,0.0433,0.001874,4.292
860647,520,365,885,255,24,174,348.85,1.0000,0.6119,0.249728,76,8,3,30.44,0.9593,0.1667,0.017170,4.462
860648,520,381,901,216,105,119,13.86,0.6462,0.6004,0.260361,23,43,16,138.16,0.7238,0.1608,0.019473,4.467
860653,520,362,882,214,85,219,326.21,0.8487,0.6122,0.259094,36,45,36,145.01,0.2053,0.1830,0.023792,4.189
860664,520,460,980,188,45,212,321.29,0.9007,0.5251,0.173230,15,5,27,303.00,0.6554,0.0575,0.002892,4.220
860714,520,453,973,194,79,135,352.68,0.6640,0.5287,0.188122,1,7,55,265.05,0.9665,0.0746,0.004342,4.382
860739,520,385,905,241,23,178,344.71,0.9755,0.5867,0.225310,50,24,47,331.40,0.4806,0.1522,0.015367,4.212
860740,520,380,900,224,34,243,323.73,0.9784,0.6008,0.234646,16,43,9,139.71,0.9232,0.1554,0.018576,4.151
860750,520,454,974,195,13,222,321.31,0.9849,0.5284,0.171654,23,10,22,329.62,0.4181,0.0738,0.004572,4.062
860778,520,452,972,144,106,182,306.12,0.5162,0.5281,0.196150,0,20,0,142.50,1.0000,0.0705,0.005003,4.475
860787,520,411,931,234,69,41,32.16,0.9347,0.5665,0.219118,41,23,1,70.23,0.9112,0.1211,0.010865,4.422
860788,520,322,842,229,82,255,321.26,1.0000,0.6546,0.299146,18,52,78,244.74,0.6570,0.2133,0.031345,4.292
860790,520,372,892,238,77,158,353.37,0.8481,0.6114,0.259564,67,25,21,27.65,0.6261,0.1736,0.019429,4.459
860802,520,469,989,222,43,52,24.79,0.9396,0.5189,0.175080,1,4,29,265.92,0.9233,0.0435,0.001820,4.344
860813,520,454,974,169,75,220,311.34,0.8171,0.5336,0.186353,3,9,41,266.88,0.8824,0.0660,0.003748,4.397
860817,520,469,989,154,56,251,300.97,0.9749,0.5171,0.166638,15,1,18,321.98,0.7996,0.0431,0.001670,4.193
860824,520,390,910,253,46,60,24.41,0.9898,0.5857,0.231666,67,6,16,18.30,0.8856,0.1467,0.013612,4.428
860834,520,431,951,187,36,254,311.44,0.9948,0.5514,0.189834,28,5,55,298.84,0.8534,0.0957,0.006313,4.259
860843,520,475,995,180,28,239,312.85,0.9693,0.5234,0.167669,5,1,16,297.00,0.8102,0.0308,0.000914,4.275
860850,520,475,995,223,16,122,359.02,0.9664,0.5242,0.174664,0,3,18,259.92,1.0000,0.0320,0.001088,4.398
860856,520,37,557,254,244,170,101.42,0.9715,0.9513,0.886752,33,128,50,145.97,0.9624,0.4533,0.159913,4.463
860859,520,374,894,227,26,243,324.55,0.9863,0.6025,0.235430,76,2,4,27.13,0.9837,0.1609,0.015890,4.332
860864,520,209,729,253,151,181,1.45,0.9188,0.7559,0.463546,21,84,53,157.38,0.8958,0.3053,0.067568,4.368
860868,520,423,943,243,1,100,9.53,0.9990,0.5552,0.199999,29,25,2,100.33,0.8485,0.1099,0.009609,4.194
860880,520,381,901,251,36,141,358.73,0.9669,0.5955,0.236976,70,13,26,12.14,0.7682,0.1631,0.016647,4.306
860889,520,407,927,239,21,161,349.41,0.9733,0.5740,0.214633,21,25,60,275.05,0.6086,0.1288,0.011809,4.281
860913,520,461,981,211,55,133,354.77,0.8104,0.5292,0.182770,24,0,1,23.59,1.0000,0.0470,0.001964,4.479
860917,520,296,816,241,127,120,24.81,0.8011,0.6777,0.352382,30,66,2,135.52,0.9912,0.2401,0.041767,4.385
860922,520,350,870,255,90,7,39.69,1.0000,0.6300,0.285912,13,54,11,142.46,0.9594,0.1918,0.027480,4.335
860924,520,387,907,250,35,138,359.48,0.9601,0.5920,0.233645,22,28,71,273.17,0.6777,0.1459,0.014560,4.394
860941,520,369,889,228,80,182,342.25,0.8204,0.6084,0.256111,23,24,104,272.73,0.9126,0.1732,0.018348,4.479
860945,520,417,937,244,43,78,18.82,0.9513,0.5682,0.215143,34,23,29,345.02,0.2252,0.1184,0.010416,4.389
860946,520,473,993,151,61,254,299.05,0.9928,0.5212,0.170729,0,0,32,264.05,1.0000,0.0346,0.001043,4.324
860964,520,449,969,189,48,230,316.97,0.9244,0.5427,0.186472,14,13,9,95.65,0.1514,0.0653,0.004009,4.378
860976,520,420,940,206,62,191,332.50,0.8331,0.5563,0.203305,47,11,13,20.42,0.6902,0.1109,0.008728,4.313
860989,520,478,998,212,50,68,20.47,0.8855,0.5071,0.166980,4,0,10,306.92,1.0000,0.0227,0.000477,4.299
860999,520,427,947,209,42,220,325.28,0.9389,0.5637,0.203804,4,19,52,262.09,0.8482,0.0971,0.007394,4.422
861001,520,444,964,159,70,248,302.09,0.9476,0.5364,0.185290,2,20,14,170.55,0.8377,0.0757,0.005449,4.243
861004,520,444,964,223,67,40,32.27,0.9212,0.5428,0.198582,18,13,36,291.06,0.5327,0.0818,0.005438,4.484
861023,520,434,954,217,79,89,19.59,0.7737,0.5545,0.210673,14,25,14,144.48,0.4305,0.0981,0.008203,4.479
861047,520,403,923,252,17,91,13.92,0.9882,0.5753,0.218554,14,15,87,271.22,0.9444,0.1325,0.011231,4.386
861048,520,288,808,240,98,236,328.78,0.9349,0.6784,0.333191,9,64,56,180.45,0.8852,0.2364,0.040102,4.253
861052,520,402,922,216,3,248,320.89,0.9986,0.5821,0.214433,49,17,39,341.06,0.5694,0.1337,0.012004,4.265
861053,520,459,979,234,17,16,28.79,0.9910,0.5273,0.179339,24,4,13,352.71,0.6212,0.0599,0.003101,4.319
861064,520,452,972,166,73,226,308.97,0.8414,0.5314,0.183638,4,14,30,256.90,0.6244,0.0689,0.004336,4.300
861086,520,361,881,237,64,200,338.12,0.9095,0.6163,0.258441,77,20,16,27.85,0.7988,0.1844,0.021158,4.335
861102,520,392,912,255,46,7,31.63,1.0000,0.5859,0.232331,37,35,9,104.89,0.6537,0.1482,0.016151,4.268
861111,520,357,877,209,84,243,318.31,0.9274,0.6190,0.263685,50,29,76,301.89,0.6100,0.1815,0.020787,4.431
861120,520,437,957,240,13,98,10.09,0.9865,0.5509,0.196982,42,7,2,34.43,0.8877,0.0932,0.006487,4.372
861139,520,252,772,226,139,223,328.15,0.7755,0.7151,0.399633,10,77,2,141.57,0.9968,0.2704,0.053764,4.333
861151,520,456,976,164,88,195,315.18,0.6819,0.5284,0.188128,1,17,5,151.90,0.9582,0.0639,0.004183,4.395
861159,520,471,991,173,58,222,313.43,0.8742,0.5209,0.171852,3,9,0,132.12,1.0000,0.0436,0.002147,4.254
861165,520,471,991,223,23,90,10.85,0.9583,0.5167,0.170417,10,2,8,334.75,0.5643,0.0354,0.001255,4.300
861166,520,408,928,211,30,234,322.55,0.9729,0.5706,0.207198,52,15,5,36.93,0.7993,0.1250,0.010828,4.228
861177,520,229,749,249,154,94,51.73,0.8872,0.7350,0.440617,35,80,32,142.44,0.8782,0.2932,0.061987,4.381
861180,520,459,979,217,15,163,343.66,0.9672,0.5304,0.177401,12,9,13,317.72,0.1632,0.0560,0.003026,4.288
861186,520,469,989,230,20,19,28.65,0.9878,0.5198,0.173734,3,4,28,272.76,0.8447,0.0447,0.001900,4.311
861194,520,345,865,223,102,171,347.23,0.7171,0.6251,0.281331,40,48,17,121.64,0.6229,0.1912,0.026055,4.356
861196,520,338,858,232,70,241,325.70,0.9471,0.6379,0.278893,49,32,91,292.53,0.6685,0.1986,0.024413,4.420
861197,520,393,913,197,84,231,317.55,0.8614,0.5933,0.239818,1,37,51,228.85,0.9456,0.1441,0.015685,4.412
861203,520,405,925,229,50,178,342.56,0.9003,0.5789,0.221562,17,25,62,270.67,0.6716,0.1275,0.011622,4.407
861204,520,409,929,244,41,79,18.32,0.9541,0.5671,0.213869,27,26,45,285.54,0.3561,0.1258,0.011613,4.283
861215,520,437,957,242,10,83,14.94,0.9916,0.5509,0.197222,17,21,17,145.16,0.1462,0.0902,0.006960,4.340
861220,520,343,863,252,23,221,335.51,0.9902,0.6309,0.265319,1,53,47,182.75,0.9817,0.1938,0.027578,4.065
861221,520,457,977,220,54,58,24.87,0.9068,0.5252,0.181621,13,5,28,297.15,0.6719,0.0561,0.002779,4.388
861242,520,420,940,232,42,146,353.61,0.9104,0.5641,0.208899,22,15,65,282.18,0.7909,0.1139,0.008939,4.393
861266,520,370,890,217,89,192,335.91,0.7760,0.6069,0.257042,10,48,27,155.15,0.8829,0.1731,0.022575,4.231
861269,520,458,978,201,86,7,45.89,0.9728,0.5264,0.190904,2,11,33,260.55,0.8136,0.0627,0.003620,4.493
861273,520,348,868,211,119,161,352.10,0.5718,0.6314,0.296174,1,53,47,182.75,0.9817,0.1938,0.027578,4.462
861277,520,351,871,245,92,104,19.08,0.8947,0.6256,0.280694,15,54,10,141.47,0.9597,0.1924,0.027617,4.261
861285,520,418,938,251,21,11,29.39,0.9932,0.5648,0.210735,12,4,86,271.50,0.9865,0.1157,0.008368,4.467
861300,520,477,997,192,77,96,12.97,0.6710,0.5088,0.173605,4,1,7,310.77,0.6480,0.0247,0.000629,4.417
861307,520,320,840,240,74,239,328.21,0.9459,0.6533,0.296573,50,39,84,292.45,0.5345,0.2086,0.027692,4.461
861330,520,440,960,234,21,130,358.57,0.9659,0.5512,0.196435,41,2,23,351.65,0.8224,0.0894,0.005768,4.419
861335,520,472,992,215,36,138,352.36,0.8889,0.5239,0.175462,8,0,21,302.26,1.0000,0.0345,0.001058,4.416
861404,520,468,988,227,31,29,28.22,0.9741,0.5191,0.174025,0,2,29,263.86,1.0026,0.0373,0.001321,4.365
861408,520,418,938,234,43,119,3.72,0.9130,0.5586,0.205551,40,3,70,303.02,0.9289,0.1245,0.009585,4.289
861412,520,395,915,241,49,147,355.56,0.9136,0.5865,0.230071,60,8,35,353.72,0.7647,0.1403,0.012558,4.477
861413,520,375,895,221,47,236,324.43,0.9570,0.5982,0.234634,24,42,29,152.33,0.4280,0.1615,0.019388,4.102
861416,520,402,922,224,38,213,331.04,0.9536,0.5824,0.220400,40,5,71,301.93,0.8958,0.1279,0.010146,4.496
861429,520,469,989,134,89,232,293.53,0.8268,0.5202,0.180393,1,5,13,251.47,0.6602,0.0361,0.001440,4.479
861433,520,364,884,233,56,218,331.96,0.9378,0.6131,0.252165,44,18,91,292.79,0.8216,0.1694,0.017234,4.494
861446,520,395,915,211,54,239,320.93,0.9421,0.5891,0.227210,51,7,58,321.74,0.7998,0.1361,0.011613,4.499
861451,520,446,966,218,15,180,338.67,0.9737,0.5417,0.185447,10,15,40,271.82,0.6178,0.0822,0.005594,4.235
861455,520,366,886,241,36,208,336.45,0.9687,0.6085,0.245195,23,41,58,248.11,0.4300,0.1710,0.020735,4.173
861470,520,408,928,246,47,66,22.75,0.9556,0.5730,0.220227,30,26,41,296.28,0.2901,0.1266,0.011749,4.376
861481,520,304,824,239,98,221,332.91,0.9094,0.6685,0.323090,43,59,12,126.45,0.8412,0.2276,0.036680,4.304
861485,520,441,961,236,6,107,6.31,0.9923,0.5436,0.190278,20,4,64,284.47,0.9350,0.0945,0.006057,4.286
861487,520,454,974,201,65,155,344.02,0.7624,0.5315,0.185665,8,5,46,276.87,0.9012,0.0669,0.003574,4.399
861494,520,409,929,205,87,170,340.62,0.7036,0.5740,0.226996,31,32,16,111.42,0.3957,0.1342,0.013617,4.354
861497,520,478,998,188,57,180,330.54,0.8008,0.5141,0.169144,4,0,11,304.75,1.0000,0.0232,0.000500,4.340
861501,520,244,764,236,139,222,332.43,0.8489,0.7277,0.415739,69,67,49,102.37,0.2404,0.2850,0.055013,4.435
861514,520,294,814,251,78,244,329.67,0.9848,0.6779,0.324925,76,30,101,311.34,0.7210,0.2407,0.034048,4.461
861523,520,427,947,230,51,128,0.40,0.8776,0.5599,0.207520,23,23,18,107.23,0.1332,0.1015,0.008386,4.411
861538,520,289,809,252,119,93,32.63,0.9599,0.6758,0.346825,29,63,53,172.25,0.5269,0.2399,0.040731,4.374
861557,520,26,546,236,254,201,122.97,0.9639,0.9657,0.929333,22,133,15,142.22,0.9916,0.4638,0.169794,4.456
861575,520,350,870,241,53,233,330.08,0.9632,0.6338,0.271329,38,36,84,281.65,0.5998,0.1892,0.023139,4.393
861577,520,459,979,209,65,114,3.90,0.7710,0.5291,0.185530,6,11,18,254.35,0.3216,0.0572,0.003217,4.426
861584,520,386,906,191,93,218,318.48,0.7791,0.5886,0.239682,36,35,15,106.07,0.4802,0.1481,0.016116,4.381
861594,520,410,930,229,38,167,345.71,0.9241,0.5654,0.208370,42,2,72,303.97,0.9518,0.1283,0.010036,4.304
861598,520,370,890,235,37,221,331.67,0.9696,0.6062,0.242084,19,42,61,245.45,0.5278,0.1733,0.021312,4.096
861603,520,480,1000,152,90,179,314.78,0.6023,0.5054,0.172430,0,0,0,0.00,0.0000,0.0000,0.000000,4.449
861610,520,464,984,183,63,196,323.68,0.8050,0.5227,0.176091,13,6,18,310.88,0.4494,0.0526,0.002595,4.299
861611,520,465,985,182,4,244,312.73,0.9969,0.5234,0.165647,0,1,44,264.19,0.9943,0.0497,0.002035,4.144
861650,520,445,965,216,62,122,1.31,0.8007,0.5415,0.194517,25,10,30,317.19,0.5340,0.0805,0.005175,4.432
861652,520,454,974,208,71,84,18.72,0.7754,0.5262,0.185587,19,13,3,83.72,0.5808,0.0688,0.004329,4.336
861653,520,393,913,216,20,249,320.56,0.9899,0.5866,0.219407,61,10,12,23.42,0.8317,0.1374,0.012359,4.320
861659,520,412,932,214,72,177,339.78,0.7960,0.5729,0.221073,23,31,3,123.38,0.8606,0.1210,0.011687,4.394
861675,520,431,951,220,52,148,350.81,0.8490,0.5497,0.198122,8,1,79,270.23,0.9966,0.0997,0.006378,4.401
861688,520,1,521,255,255,255,0.00,0.0000,1.0000,1.000000,20,138,20,142.68,0.9906,0.4801,0.183754,4.492
861691,520,393,913,239,81,76,25.93,0.8984,0.5948,0.247604,6,40,26,162.06,0.8730,0.1444,0.016308,4.488
861708,520,459,979,224,32,113,3.27,0.9251,0.5299,0.180753,26,1,13,351.54,0.8166,0.0567,0.002704,4.378
861716,520,418,938,215,38,203,331.42,0.9344,0.5602,0.201472,4,13,87,266.20,0.9724,0.1245,0.010017,4.190
861719,520,471,991,209,35,155,344.74,0.8866,0.5198,0.171261,4,4,24,277.36,0.7365,0.0429,0.001786,4.273
861720,520,439,959,237,34,84,15.44,0.9549,0.5496,0.197919,13,19,31,263.62,0.3463,0.0878,0.006502,4.388
861723,520,380,900,187,89,244,310.69,0.9078,0.5951,0.242421,53,8,80,308.06,0.8649,0.1597,0.015098,4.492
861728,520,432,952,237,39,82,16.55,0.9464,0.5521,0.200679,21,9,59,285.98,0.8328,0.0976,0.006706,4.421
861753,520,397,917,249,44,61,23.79,0.9712,0.5763,0.222816,20,31,51,261.75,0.4348,0.1365,0.013677,4.284
861754,520,425,945,250,16,54,23.29,0.9919,0.5644,0.209646,18,28,1,126.40,0.9533,0.1073,0.009613,4.356
861757,520,453,973,225,44,86,14.47,0.9096,0.5321,0.184836,7,10,41,272.85,0.7743,0.0709,0.004223,4.331
861764,520,365,885,227,53,232,326.86,0.9500,0.6096,0.247056,73,2,43,352.35,0.9079,0.1650,0.016345,4.477
861779,520,429,949,220,13,183,338.27,0.9795,0.5467,0.189248,22,20,25,303.59,0.1279,0.0954,0.007411,4.167
861793,520,407,927,219,88,58,34.33,0.8332,0.5655,0.223474,9,37,1,138.57,0.9909,0.1306,0.013834,4.284
861797,520,464,984,223,10,123,358.50,0.9794,0.5230,0.173378,14,8,7,31.01,0.2053,0.0539,0.002824,4.229
861798,520,447,967,237,23,82,15.27,0.9744,0.5440,0.192297,20,11,38,295.92,0.6064,0.0815,0.005280,4.383
861812,520,469,989,222,51,39,29.12,0.9356,0.5241,0.180465,0,9,2,151.47,1.0000,0.0413,0.001997,4.432
861817,520,419,939,248,28,30,28.04,0.9852,0.5621,0.208843,46,10,6,30.21,0.7813,0.1062,0.008112,4.454
861827,520,476,996,191,83,65,31.40,0.7132,0.5093,0.176463,0,2,0,142.50,1.0000,0.0186,0.000434,4.490
861841,520,363,883,251,9,191,343.03,0.9948,0.6089,0.244695,61,30,7,53.68,0.7491,0.1704,0.019361,4.249
861849,520,478,998,221,9,94,8.48,0.9838,0.5091,0.163784,1,2,4,255.89,0.3738,0.0225,0.000586,4.226
861857,520,422,942,177,69,252,307.26,0.9767,0.5627,0.206324,47,10,20,7.42,0.6717,0.1115,0.008720,4.365
861870,520,391,911,200,86,215,322.87,0.8059,0.5899,0.238427,62,6,57,332.28,0.8107,0.1545,0.014499,4.472
861887,520,459,979,207,49,153,345.51,0.8299,0.5253,0.177640,19,11,3,72.03,0.5482,0.0645,0.003844,4.228
861901,520,420,940,190,63,227,317.41,0.8849,0.5556,0.200495,45,16,3,45.40,0.7939,0.1135,0.009351,4.221
861907,520,422,942,248,18,23,28.25,0.9923,0.5579,0.204546,41,7,49,319.30,0.7681,0.1124,0.008452,4.355
861910,520,448,968,240,14,18,28.49,0.9935,0.5394,0.188864,28,8,30,323.92,0.6031,0.0812,0.005143,4.332
861919,520,362,882,207,87,225,322.25,0.8469,0.6080,0.255196,75,1,68,333.07,0.9526,0.1831,0.019351,4.401
861929,520,423,943,235,46,105,9.22,0.9133,0.5585,0.206391,1,29,24,179.15,0.9504,0.1056,0.009511,4.308
861932,520,358,878,234,20,248,325.13,0.9926,0.6161,0.247725,51,23,88,298.89,0.7492,0.1827,0.020212,4.240
861954,520,409,929,198,69,227,319.63,0.8794,0.5742,0.218095,1,9,96,264.69,0.9878,0.1300,0.010463,4.434
861968,520,359,879,235,53,228,329.87,0.9540,0.6204,0.258123,38,31,90,283.27,0.7009,0.1838,0.021302,4.321
862011,520,418,938,230,15,169,344.84,0.9783,0.5586,0.200320,22,8,78,280.25,0.9307,0.1182,0.008943,4.247
862013,520,354,874,236,82,162,351.92,0.8297,0.6154,0.264788,83,8,8,27.27,0.9444,0.1832,0.020305,4.477
862016,520,458,978,221,59,50,28.11,0.9083,0.5311,0.187330,14,8,18,311.39,0.3538,0.0578,0.003107,4.469
862024,520,475,995,218,9,140,351.45,0.9782,0.5197,0.169968,1,5,10,241.51,0.6099,0.0348,0.001369,4.282
862048,520,58,578,253,231,191,82.46,0.8231,0.9253,0.817970,46,121,22,139.60,0.9755,0.4319,0.143130,4.494
862063,520,429,949,191,79,190,327.98,0.7450,0.5514,0.203874,26,16,43,298.66,0.5462,0.1011,0.007646,4.404
862072,520,468,988,213,43,125,357.32,0.8583,0.5195,0.173569,5,2,20,288.93,0.7688,0.0361,0.001262,4.361
862073,520,451,971,230,6,136,355.36,0.9897,0.5415,0.187337,27,10,2,52.11,0.7171,0.0728,0.004545,4.351
862075,520,468,988,192,65,157,340.48,0.7448,0.5168,0.174230,0,2,31,263.96,1.0035,0.0391,0.001423,4.360
862078,520,474,994,145,67,251,297.07,0.9704,0.5178,0.169993,5,3,10,299.48,0.4423,0.0336,0.001193,4.297
862089,520,411,931,239,29,136,357.81,0.9550,0.5666,0.210102,26,25,44,285.45,0.3634,0.1217,0.010967,4.266
862097,520,396,916,246,15,150,354.18,0.9853,0.5812,0.221398,56,15,42,343.53,0.6527,0.1445,0.013497,4.274
862105,520,427,947,203,63,203,327.93,0.8484,0.5597,0.205650,33,15,27,340.68,0.4176,0.0990,0.007441,4.451
862115,520,477,997,126,96,208,292.74,0.6939,0.5053,0.173554,2,0,6,302.89,1.0000,0.0170,0.000261,4.448
862129,520,422,942,178,85,220,313.77,0.7949,0.5600,0.211302,20,24,44,274.03,0.4159,0.1137,0.009838,4.367
862140,520,375,895,242,54,164,350.31,0.9106,0.5992,0.241990,42,37,20,93.60,0.3870,0.1618,0.018659,4.253
862143,520,374,894,223,30,252,321.53,0.9885,0.6040,0.236469,12,15,106,268.59,0.9730,0.1560,0.014603,4.434
862145,520,447,967,239,15,74,17.46,0.9872,0.5439,0.191901,14,18,23,254.14,0.1751,0.0822,0.005878,4.329
862152,520,422,942,210,73,159,345.59,0.7589,0.5585,0.209720,9,23,56,264.19,0.7389,0.1128,0.009563,4.360
862161,520,468,988,222,16,114,1.70,0.9666,0.5193,0.171178,3,8,2,138.68,0.6631,0.0418,0.001974,4.256
862182,520,380,900,236,30,211,334.46,0.9741,0.5985,0.234673,7,39,58,239.36,0.7485,0.1571,0.018016,4.185
862184,520,359,879,233,31,251,324.16,0.9866,0.6203,0.252710,50,26,79,301.45,0.6687,0.1784,0.019814,4.336
862192,520,438,958,241,34,32,28.19,0.9768,0.5505,0.199525,31,14,28,333.66,0.4345,0.0947,0.006893,4.386
862208,520,446,966,205,45,193,331.57,0.8878,0.5409,0.187081,22,16,22,326.18,0.1990,0.0848,0.005991,4.234
862216,520,389,909,246,58,90,17.18,0.9384,0.5862,0.233605,67,1,42,349.31,0.9357,0.1506,0.013824,4.444
862221,520,316,836,250,114,53,42.41,0.9548,0.6591,0.326188,59,52,0,101.11,1.0000,0.2225,0.033859,4.486
862228,520,331,851,252,90,104,19.03,0.9638,0.6354,0.290106,4,50,71,234.38,0.8798,0.1979,0.027618,4.382
862236,520,63,583,219,238,220,146.80,0.4100,0.9186,0.813760,34,123,21,141.42,0.9824,0.4341,0.145596,4.416
862238,520,434,954,226,64,88,17.06,0.8549,0.5528,0.205429,20,9,63,283.14,0.8641,0.1008,0.007030,4.479
862247,520,423,943,206,74,179,336.77,0.7726,0.5629,0.212759,7,32,9,145.06,0.9142,0.1145,0.010979,4.309
862273,520,400,920,145,113,233,293.07,0.7704,0.5764,0.237132,0,37,52,230.06,1.0000,0.1443,0.015710,4.370
862275,520,388,908,204,85,207,326.68,0.7936,0.5897,0.238410,37,27,57,297.57,0.4810,0.1470,0.014726,4.456
862295,520,460,980,226,34,89,12.46,0.9358,0.5282,0.180369,13,10,15,311.78,0.1825,0.0598,0.003371,4.316
862319,520,469,989,162,74,216,309.85,0.8041,0.5195,0.175375,11,2,5,354.18,0.5471,0.0353,0.001255,4.397
862323,520,411,931,229,2,191,338.10,0.9977,0.5660,0.204657,22,30,22,144.90,0.2505,0.1213,0.011570,4.136
862329,520,390,910,184,80,255,308.05,1.0000,0.5876,0.231485,42,30,48,314.11,0.3279,0.1544,0.016342,4.243
862338,520,469,989,167,75,203,315.17,0.7647,0.5184,0.175603,3,6,19,267.02,0.5764,0.0437,0.001966,4.341
862345,520,473,993,141,80,240,296.15,0.8875,0.5207,0.176914,0,4,1,152.72,1.0000,0.0267,0.000890,4.459
862373,520,387,907,232,53,175,344.36,0.8966,0.5852,0.227999,55,0,72,315.82,1.0000,0.1474,0.012802,4.427
862392,520,441,961,219,64,106,8.97,0.8114,0.5442,0.197700,20,0,67,284.38,1.0000,0.0919,0.005540,4.460
862396,520,455,975,180,83,169,331.92,0.6564,0.5282,0.187556,17,2,40,296.40,0.8909,0.0635,0.003158,4.469
862401,520,318,838,251,71,229,333.50,0.9809,0.6625,0.306758,98,15,3,31.91,0.9724,0.2226,0.029454,4.490
862402,520,465,985,208,35,163,341.75,0.8905,0.5220,0.172584,8,8,9,286.07,0.0440,0.0489,0.002450,4.244
862403,520,460,980,137,82,249,292.96,0.9451,0.5270,0.181925,1,7,37,263.98,0.9340,0.0569,0.002920,4.383
862407,520,437,957,244,14,24,27.92,0.9938,0.5483,0.196166,27,15,24,336.05,0.3207,0.0895,0.006406,4.364
862408,520,414,934,235,51,120,4.29,0.8935,0.5668,0.213889,28,21,47,294.30,0.4859,0.1165,0.009884,4.407
862412,520,464,984,170,77,188,320.87,0.7170,0.5155,0.174856,13,5,19,310.35,0.5258,0.0508,0.002411,4.290
862414,520,363,883,236,53,210,334.85,0.9388,0.6112,0.250349,49,37,9,85.40,0.6982,0.1690,0.019959,4.293
862416,520,448,968,170,56,255,305.31,1.0000,0.5424,0.185951,0,22,6,151.68,1.0000,0.0781,0.005869,4.223
862427,520,360,880,232,108,17,48.41,0.9688,0.6167,0.279241,33,47,7,126.90,0.8632,0.1802,0.023717,4.466
862429,520,433,953,183,72,224,315.43,0.8483,0.5529,0.200849,9,27,26,190.74,0.4842,0.1048,0.009165,4.240
862444,520,359,879,249,45,202,340.00,0.9646,0.6245,0.262839,29,44,48,216.09,0.2525,0.1788,0.022759,4.300
862446,520,399,919,170,97,232,306.47,0.8096,0.5761,0.229222,29,25,70,282.70,0.6586,0.1444,0.013986,4.364
862448,520,454,974,232,23,60,21.19,0.9778,0.5294,0.180979,7,1,59,273.20,0.9917,0.0730,0.003826,4.291
862460,520,161,681,229,200,119,90.33,0.6697,0.8140,0.592996,8,101,3,142.20,0.9974,0.3533,0.093652,4.476
862461,520,478,998,196,56,146,345.60,0.7783,0.5084,0.166412,1,0,13,277.69,1.0000,0.0199,0.000355,4.298
862465,520,467,987,218,3,136,352.72,0.9923,0.5165,0.167507,14,3,7,353.19,0.5131,0.0422,0.001738,4.204
862466,520,469,989,140,70,253,294.74,0.9840,0.5174,0.170477,21,1,1,26.57,0.9147,0.0446,0.001834,4.254
862468,520,354,874,246,88,107,16.95,0.9037,0.6228,0.276370,14,48,50,200.61,0.6421,0.1832,0.024375,4.388
862488,520,362,882,221,80,209,331.33,0.8526,0.6112,0.257150,58,22,74,313.85,0.6908,0.1793,0.019679,4.408
862489,520,318,838,240,92,222,332.82,0.9193,0.6631,0.314560,80,39,16,47.74,0.6953,0.2238,0.031942,4.449
862494,520,281,801,234,123,213,334.74,0.8328,0.6937,0.364645,35,59,95,258.29,0.5264,0.2541,0.043113,4.453
862504,520,430,950,228,55,112,6.60,0.8651,0.5542,0.203990,22,17,50,286.43,0.6172,0.1041,0.008017,4.378
862505,520,417,937,225,41,187,338.60,0.9246,0.5703,0.211838,21,26,43,270.90,0.3599,0.1190,0.010726,4.312
862506,520,436,956,234,38,101,9.71,0.9331,0.5500,0.198213,7,21,39,255.15,0.5951,0.0938,0.007280,4.333
862534,520,426,946,227,55,125,1.38,0.8569,0.5565,0.205467,41,13,23,359.74,0.5449,0.1063,0.008212,4.389
862538,520,365,885,161,119,237,297.97,0.7816,0.6077,0.268853,1,47,44,188.05,0.9746,0.1725,0.022212,4.415
862549,520,432,952,207,70,164,342.53,0.7677,0.5521,0.203280,20,22,24,248.08,0.0662,0.0981,0.007885,4.376
862555,520,387,907,245,31,152,353.79,0.9605,0.5857,0.226627,19,36,54,251.01,0.4654,0.1516,0.016665,4.150
862557,520,354,874,250,46,191,343.36,0.9661,0.6211,0.260428,40,43,18,114.75,0.5244,0.1763,0.022225,4.298
862566,520,367,887,247,31,204,338.83,0.9774,0.6148,0.251169,51,30,54,322.36,0.4229,0.1699,0.018988,4.366
862568,520,375,895,246,73,78,23.62,0.9397,0.5988,0.249113,44,36,6,94.04,0.7685,0.1592,0.018104,4.392
862583,520,479,999,222,19,69,17.49,0.9746,0.5082,0.164278,1,0,1,328.36,1.0000,0.0103,0.000086,4.278
862593,520,415,935,189,85,208,321.21,0.7684,0.5678,0.218711,46,10,46,327.80,0.7105,0.1225,0.009953,4.482
862600,520,372,892,246,10,205,338.22,0.9945,0.6074,0.242208,54,25,57,323.71,0.5446,0.1662,0.017750,4.313
862637,520,474,994,222,40,93,11.07,0.9083,0.5249,0.178402,1,4,16,261.68,0.7507,0.0348,0.001307,4.452
862655,520,464,984,190,49,202,324.53,0.8714,0.5244,0.174095,6,2,38,278.82,0.9380,0.0514,0.002221,4.291
862659,520,396,916,248,44,67,22.25,0.9646,0.5751,0.221666,47,25,37,346.53,0.3772,0.1447,0.014332,4.223
862671,520,335,855,246,85,161,354.87,0.8940,0.6359,0.286661,8,56,30,154.42,0.9414,0.2005,0.029736,4.222
862673,520,404,924,176,92,231,309.57,0.8218,0.5754,0.226547,42,25,5,68.33,0.7114,0.1280,0.011985,4.461
862675,520,381,901,247,26,171,348.14,0.9743,0.5959,0.234565,55,28,36,1.46,0.3963,0.1631,0.017702,4.203
862711,520,356,876,192,110,219,317.25,0.7331,0.6176,0.274738,5,50,20,149.78,0.9693,0.1765,0.023639,4.410
862712,520,341,861,193,107,249,309.90,0.9281,0.6331,0.286933,60,43,17,75.92,0.5919,0.2013,0.027290,4.359
862718,520,392,912,222,38,225,327.47,0.9616,0.5868,0.223543,64,1,46,343.41,0.9287,0.1464,0.013091,4.336
862721,520,426,946,207,32,232,321.94,0.9669,0.5634,0.201264,42,12,38,333.00,0.6252,0.1135,0.008952,4.262
862733,520,301,821,248,90,208,339.18,0.9476,0.6661,0.318257,0,62,70,209.06,1.0000,0.2340,0.038872,4.144
862759,520,478,998,211,62,19,35.20,0.9609,0.5120,0.173435,3,0,10,300.63,1.0000,0.0212,0.000413,4.432
862780,520,394,914,202,82,216,323.39,0.8243,0.5883,0.235505,5,36,48,227.94,0.7754,0.1410,0.015073,4.387
862801,520,49,569,245,242,184,105.26,0.7924,0.9412,0.863778,40,125,45,144.08,0.9503,0.4450,0.153072,4.500
862806,520,400,920,221,20,229,326.37,0.9856,0.5802,0.215318,26,32,41,258.36,0.2063,0.1383,0.014127,4.137
862812,520,358,878,250,87,83,25.44,0.9584,0.6238,0.277683,0,48,43,183.99,1.0000,0.1750,0.022882,4.496
862816,520,448,968,232,32,101,8.93,0.9442,0.5425,0.191314,32,4,35,323.93,0.7634,0.0835,0.005153,4.375
862839,520,396,916,237,31,174,345.17,0.9565,0.5803,0.220434,27,31,46,272.54,0.2857,0.1392,0.014102,4.219
862841,520,472,992,183,54,199,323.06,0.8417,0.5154,0.168304,3,1,21,281.75,0.9048,0.0317,0.000952,4.285
862861,520,348,868,241,28,241,328.29,0.9881,0.6258,0.258849,69,23,68,328.51,0.6643,0.1946,0.022955,4.233
862865,520,300,820,245,103,198,342.49,0.9034,0.6731,0.331929,32,55,72,241.70,0.4099,0.2261,0.035072,4.489
862878,520,386,906,253,48,52,26.36,0.9906,0.5861,0.232482,50,19,55,321.91,0.6217,0.1481,0.014198,4.400
862882,520,434,954,181,76,222,315.01,0.8297,0.5535,0.202676,30,6,51,304.02,0.8073,0.0961,0.006453,4.476
862883,520,375,895,241,79,89,21.11,0.8950,0.5985,0.250171,45,36,15,86.63,0.5188,0.1618,0.018542,4.379
862911,520,272,792,192,152,221,310.39,0.5810,0.6986,0.388839,20,72,20,143.15,0.9558,0.2576,0.048338,4.463
862918,520,442,962,206,34,202,329.31,0.9335,0.5414,0.185320,38,0,20,352.07,1.0000,0.0790,0.004626,4.308
862925,520,256,776,227,135,238,323.14,0.8704,0.7169,0.398335,4,72,72,194.82,0.9497,0.2684,0.051282,4.427
862945,520,456,976,226,6,129,356.92,0.9883,0.5306,0.178868,0,13,24,238.73,1.0000,0.0599,0.003538,4.275
862947,520,359,879,252,82,27,36.38,0.9831,0.6151,0.268127,39,40,54,281.42,0.2162,0.1795,0.022152,4.409
862952,520,433,953,241,4,90,12.50,0.9962,0.5491,0.195291,47,8,4,31.05,0.8553,0.1048,0.007869,4.239
862955,520,315,835,245,69,244,328.26,0.9648,0.6599,0.302031,1,60,53,182.13,0.9857,0.2197,0.034950,4.144
862968,520,466,986,223,39,56,23.23,0.9454,0.5187,0.174273,1,5,38,265.49,0.9464,0.0535,0.002549,4.268
862969,520,406,926,244,15,164,349.43,0.9854,0.5834,0.222583,35,10,77,292.52,0.8640,0.1334,0.011102,4.461
862979,520,382,902,247,73,34,33.71,0.9618,0.5955,0.246581,33,41,16,123.95,0.5638,0.1628,0.019466,4.269
862984,520,153,673,228,186,249,314.27,0.8718,0.8211,0.584521,46,96,45,143.35,0.8237,0.3537,0.091358,4.489
863000,520,412,932,193,71,234,316.23,0.8899,0.5738,0.217857,33,26,27,8.31,0.1236,0.1236,0.011413,4.362
863019,520,391,911,238,22,188,341.13,0.9776,0.5859,0.223847,48,27,30,10.46,0.3296,0.1478,0.015061,4.209
863030,520,384,904,248,56,101,13.47,0.9460,0.5909,0.237278,54,19,45,338.43,0.5847,0.1487,0.014396,4.461
863031,520,424,944,202,2,255,315.85,1.0000,0.5645,0.198215,40,9,50,316.73,0.7408,0.1142,0.008768,4.224
863042,520,447,967,181,49,240,312.22,0.9334,0.5393,0.183127,13,12,36,281.90,0.5813,0.0753,0.004759,4.257
863045,520,316,836,237,122,112,26.44,0.7825,0.6609,0.330960,35,59,14,133.17,0.8713,0.2213,0.035169,4.473
863059,520,443,963,116,103,246,282.38,0.9065,0.5393,0.200669,6,23,1,137.12,0.9755,0.0840,0.006537,4.434
863092,520,224,744,197,173,226,305.28,0.5265,0.7512,0.472487,22,84,38,148.30,0.9396,0.3021,0.066509,4.485
863099,520,466,986,172,90,153,336.55,0.5605,0.5193,0.183839,22,2,6,6.86,0.7322,0.0502,0.002272,4.474
863111,520,450,970,189,17,243,314.76,0.9867,0.5368,0.176921,10,13,35,274.69,0.5720,0.0744,0.004737,4.146
863141,520,389,909,199,59,253,314.24,0.9880,0.5853,0.223632,40,27,52,307.13,0.4289,0.1473,0.014829,4.221
863150,520,438,958,234,12,133,357.29,0.9823,0.5497,0.194518,23,20,19,39.36,0.0696,0.0942,0.007295,4.268
863164,520,445,965,236,41,25,29.87,0.9736,0.5439,0.194921,0,23,2,145.16,1.0000,0.0802,0.006171,4.360
863180,520,456,976,157,85,215,306.93,0.7624,0.5281,0.185719,9,11,26,276.22,0.4503,0.0637,0.003720,4.388
863198,520,410,930,204,74,200,329.03,0.8105,0.5716,0.219068,5,27,65,260.11,0.8573,0.1285,0.011977,4.341
863203,520,423,943,246,0,97,10.86,1.0000,0.5605,0.204594,47,5,23,358.81,0.7686,0.1056,0.007748,4.409
863206,520,424,944,240,44,46,26.82,0.9605,0.5560,0.205272,18,30,7,131.87,0.7308,0.1145,0.010725,4.204
863217,520,327,847,255,105,8,44.03,1.0000,0.6511,0.313841,5,55,71,225.41,0.8806,0.2137,0.032194,4.427
863219,520,363,883,223,82,193,337.11,0.8185,0.6081,0.255750,67,22,25,19.01,0.6362,0.1694,0.018375,4.472
863220,520,432,952,221,19,190,336.53,0.9719,0.5544,0.195580,40,11,8,28.55,0.6611,0.0971,0.007081,4.302
863233,520,458,978,226,54,33,30.75,0.9491,0.5345,0.189197,7,9,32,274.98,0.6514,0.0620,0.003448,4.475
863268,520,409,929,232,52,148,353.54,0.8823,0.5722,0.217527,21,29,44,262.53,0.3403,0.1275,0.012200,4.301
863279,520,220,740,252,138,220,338.67,0.9701,0.7469,0.440422,4,83,63,169.23,0.9774,0.3012,0.065709,4.238
863287,520,445,965,221,18,155,347.25,0.9613,0.5350,0.181739,21,2,49,295.26,0.9221,0.0765,0.004246,4.272
863312,520,290,810,214,126,231,320.95,0.8053,0.6807,0.349887,45,62,17,127.46,0.7828,0.2394,0.040436,4.422
863321,520,351,871,245,27,242,328.98,0.9899,0.6330,0.266100,21,51,32,154.06,0.6566,0.1895,0.026313,4.142
863345,520,468,988,210,66,60,26.75,0.8505,0.5190,0.179266,8,4,9,320.71,0.3339,0.0391,0.001582,4.445
863349,520,394,914,198,70,242,315.91,0.9269,0.5861,0.227982,40,32,8,90.81,0.6578,0.1434,0.015017,4.276
863352,520,474,994,199,61,157,342.39,0.7750,0.5245,0.179157,6,3,5,337.49,0.2655,0.0326,0.001148,4.480
863361,520,346,866,244,56,206,337.92,0.9420,0.6252,0.265206,34,43,65,266.75,0.3513,0.1893,0.024494,4.231
863370,520,474,994,220,47,84,15.00,0.8916,0.5239,0.178914,1,2,21,269.01,0.9199,0.0322,0.001040,4.485
863371,520,385,905,254,39,99,13.04,0.9925,0.5905,0.234264,3,41,41,194.89,0.8927,0.1522,0.017652,4.202
863374,520,432,952,213,33,191,334.29,0.9322,0.5463,0.189976,18,24,16,137.94,0.2613,0.0989,0.008193,4.124
863375,520,225,745,233,168,121,56.59,0.6463,0.7474,0.467112,61,78,21,124.43,0.7990,0.3039,0.064950,4.499
863381,520,451,971,242,13,12,28.94,0.9944,0.5432,0.191951,24,5,30,317.62,0.6908,0.0703,0.003965,4.483
863392,520,434,954,194,69,202,325.32,0.8134,0.5510,0.199913,16,6,68,278.24,0.9400,0.0985,0.006577,4.417
863401,520,371,891,226,86,172,345.90,0.7796,0.6078,0.258052,27,39,60,261.18,0.3958,0.1695,0.020102,4.394
863440,520,419,939,235,7,149,352.13,0.9901,0.5572,0.199871,33,5,60,301.45,0.8662,0.1071,0.007581,4.339
863469,520,282,802,230,137,140,18.17,0.6451,0.6850,0.366099,46,64,31,132.19,0.5638,0.2488,0.043465,4.452
863482,520,419,939,235,41,116,4.80,0.9215,0.5583,0.205120,28,25,22,67.42,0.0934,0.1134,0.010001,4.252
863487,520,361,881,245,28,214,335.74,0.9824,0.6158,0.251010,57,38,18,66.05,0.5242,0.1843,0.022999,4.124
863509,520,472,992,192,12,215,322.22,0.9832,0.5176,0.163772,0,5,10,233.51,1.0000,0.0336,0.001304,4.167
863517,520,456,976,202,76,111,6.37,0.7027,0.5295,0.188751,10,7,33,283.89,0.6854,0.0611,0.003263,4.483
863521,520,348,868,255,84,52,32.75,1.0000,0.6250,0.278522,36,37,90,278.28,0.6457,0.1949,0.024363,4.418
863548,520,466,986,184,88,110,7.34,0.5702,0.5171,0.182970,2,0,47,268.45,1.0000,0.0527,0.002181,4.465
863577,520,352,872,245,64,177,347.23,0.9198,0.6189,0.262567,3,44,86,253.46,0.9183,0.1912,0.024925,4.172
863578,520,383,903,249,25,174,347.64,0.9778,0.6007,0.238943,46,21,61,310.93,0.6238,0.1497,0.014541,4.477
863583,520,447,967,204,76,120,2.23,0.7075,0.5360,0.193643,1,11,58,264.17,0.9528,0.0848,0.005512,4.389
863590,520,467,987,227,17,70,17.57,0.9803,0.5183,0.171769,11,1,18,312.81,0.8066,0.0385,0.001365,4.317
863599,520,400,920,235,12,191,339.53,0.9888,0.5793,0.216895,25,30,50,272.47,0.3751,0.1372,0.013655,4.193
863606,520,461,981,232,26,31,27.54,0.9814,0.5274,0.179966,6,5,33,278.02,0.8005,0.0536,0.002571,4.374
863640,520,443,963,212,36,187,335.22,0.9180,0.5437,0.188488,5,16,35,259.21,0.6407,0.0775,0.005242,4.317
863661,520,445,965,211,16,200,331.23,0.9762,0.5415,0.183917,23,16,19,350.89,0.1732,0.0847,0.005998,4.177
863680,520,317,837,214,133,154,3.23,0.5212,0.6594,0.334059,42,58,9,126.24,0.8787,0.2232,0.035380,4.498
863681,520,281,801,244,97,241,328.51,0.9554,0.6861,0.341358,20,52,120,262.76,0.8493,0.2485,0.039605,4.368
863706,520,375,895,232,44,207,334.64,0.9465,0.5963,0.234648,19,11,106,272.12,0.9738,0.1552,0.014183,4.435
863710,520,346,866,246,95,106,19.19,0.8986,0.6319,0.288210,24,51,2,134.51,0.9837,0.1860,0.025662,4.470
863721,520,205,725,243,151,248,325.13,0.9534,0.7704,0.479670,58,81,42,133.56,0.5582,0.3139,0.069515,4.432
863742,520,418,938,168,101,203,312.90,0.6590,0.5609,0.219446,34,24,37,318.29,0.2912,0.1244,0.011269,4.398
863758,520,381,901,251,43,148,356.81,0.9652,0.6021,0.243786,12,31,88,265.44,0.8742,0.1633,0.017626,4.344
863776,520,464,984,207,70,56,29.25,0.8409,0.5178,0.179335,13,5,10,340.12,0.3583,0.0470,0.002160,4.397
863788,520,466,986,231,20,27,27.69,0.9872,0.5225,0.175715,8,3,35,283.60,0.8635,0.0527,0.002381,4.309
863797,520,398,918,250,49,55,25.78,0.9766,0.5811,0.228001,18,30,67,267.46,0.6571,0.1445,0.014623,4.302
863806,520,366,886,241,34,206,336.97,0.9703,0.6064,0.243040,51,4,92,300.70,0.9466,0.1652,0.015634,4.465
863812,520,459,979,148,78,244,298.21,0.9131,0.5296,0.182766,19,5,29,309.22,0.6784,0.0633,0.003357,4.362
863813,520,421,941,240,55,6,33.36,0.9943,0.5623,0.212741,33,21,24,2.46,0.2338,0.1105,0.009256,4.434
863818,520,389,909,215,98,128,6.13,0.6582,0.5900,0.247431,30,37,10,121.93,0.6645,0.1468,0.016211,4.492
863841,520,339,859,253,19,242,330.76,0.9949,0.6446,0.277623,52,22,103,293.77,0.8168,0.1974,0.022832,4.498
863843,520,394,914,235,57,174,345.56,0.8929,0.5934,0.236472,14,26,79,268.30,0.8492,0.1439,0.013966,4.479
863868,520,446,966,201,59,182,333.91,0.8176,0.5395,0.189246,14,8,52,280.74,0.8430,0.0827,0.005149,4.338
863881,520,423,943,198,50,237,317.88,0.9366,0.5639,0.204028,21,28,5,123.70,0.7307,0.1106,0.010009,4.233
863898,520,469,989,171,60,228,311.20,0.8816,0.5248,0.174919,11,4,8,341.71,0.3668,0.0418,0.001755,4.346
863914,520,396,916,223,61,185,339.13,0.8642,0.5812,0.225306,61,0,41,345.93,1.0000,0.1362,0.011524,4.475
863926,520,396,916,210,90,152,350.64,0.6818,0.5783,0.232829,2,36,55,238.18,0.8874,0.1441,0.015504,4.318
863929,520,366,886,226,72,212,331.82,0.8879,0.6122,0.255592,17,46,15,142.39,0.8857,0.1669,0.021076,4.300
863939,520,473,993,194,66,155,341.98,0.7426,0.5205,0.177340,6,1,9,316.19,0.6988,0.0283,0.000802,4.475
863954,520,475,995,174,45,233,311.81,0.9285,0.5197,0.167596,2,3,9,270.98,0.4653,0.0297,0.000978,4.268
863960,520,440,960,232,33,123,1.20,0.9349,0.5499,0.196765,41,2,30,341.55,0.8213,0.0928,0.006086,4.400
863963,520,464,984,225,26,73,17.02,0.9624,0.5183,0.172302,4,11,0,131.15,1.0000,0.0493,0.002652,4.222
863964,520,464,984,187,19,225,318.28,0.9761,0.5192,0.164681,6,0,39,279.78,1.0000,0.0478,0.001852,4.140
863965,520,438,958,237,31,94,11.95,0.9564,0.5504,0.197958,0,26,6,149.46,1.0000,0.0905,0.007519,4.311
863967,520,319,839,251,66,221,335.58,0.9788,0.6536,0.296292,45,31,123,281.36,0.8449,0.2247,0.029678,4.346
863969,520,393,913,236,53,162,349.60,0.8969,0.5864,0.229906,65,6,8,25.10,0.9194,0.1408,0.012718,4.463
863972,520,421,941,214,70,145,352.15,0.7703,0.5557,0.207230,11,26,35,236.43,0.4434,0.1073,0.009313,4.337
863984,520,362,882,232,18,245,325.34,0.9928,0.6100,0.241834,52,35,57,318.38,0.3609,0.1841,0.022276,4.038
863999,520,387,907,235,11,210,334.44,0.9924,0.5903,0.225574,21,9,105,273.51,0.9754,0.1531,0.013746,4.323
864000,520,394,914,236,28,195,338.77,0.9699,0.5883,0.226063,45,10,72,305.16,0.8245,0.1419,0.012429,4.422
864003,520,292,812,219,128,213,329.43,0.7254,0.6814,0.353041,38,64,20,134.51,0.8232,0.2406,0.041293,4.415
864004,520,443,963,238,22,64,20.50,0.9811,0.5423,0.191244,16,7,53,283.39,0.8519,0.0837,0.005191,4.371
864009,520,280,800,228,114,249,321.20,0.9592,0.6906,0.353699,32,58,98,258.75,0.5813,0.2516,0.042149,4.381
864025,520,398,918,219,86,139,358.41,0.7239,0.5825,0.235820,36,33,18,98.27,0.3623,0.1431,0.015065,4.393
864036,520,405,925,239,21,170,346.63,0.9751,0.5782,0.217924,55,5,46,336.67,0.7993,0.1328,0.011181,4.379
864044,520,464,984,146,101,173,311.91,0.5052,0.5151,0.184359,6,9,0,120.96,1.0000,0.0464,0.002341,4.478
864056,520,381,901,254,18,146,357.02,0.9919,0.5963,0.235824,5,44,43,192.39,0.8472,0.1637,0.020080,4.079
864068,520,423,943,161,93,238,302.24,0.8474,0.5630,0.215792,13,28,24,175.20,0.3885,0.1093,0.009820,4.443
864069,520,396,916,231,67,148,354.61,0.8355,0.5841,0.231441,43,21,50,317.57,0.5343,0.1378,0.012803,4.481
864086,520,452,972,199,79,121,1.30,0.6759,0.5319,0.191164,5,4,56,270.78,0.9691,0.0734,0.004046,4.462
864088,520,391,911,245,56,127,3.96,0.9165,0.5924,0.237764,53,22,30,5.08,0.4860,0.1455,0.014245,4.479
864123,520,393,913,231,7,228,329.06,0.9962,0.5941,0.227448,62,12,21,14.59,0.7530,0.1439,0.013414,4.375
864125,520,324,844,247,102,132,10.26,0.8757,0.6503,0.309459,35,56,14,131.95,0.8388,0.2116,0.032173,4.374
864134,520,444,964,224,32,148,350.69,0.9236,0.5435,0.190211,21,11,28,310.12,0.4628,0.0763,0.004826,4.381
864137,520,285,805,187,151,221,307.48,0.5768,0.6911,0.379189,5,71,23,147.00,0.9886,0.2503,0.046004,4.471
864150,520,388,908,222,37,224,327.72,0.9623,0.5856,0.222368,3,36,67,250.83,0.8699,0.1533,0.016863,4.074
864152,520,471,991,220,44,82,15.31,0.9026,0.5211,0.176289,8,0,22,300.82,1.0000,0.0352,0.001096,4.429
864153,520,391,911,201,60,250,315.42,0.9719,0.5869,0.225528,9,33,72,259.76,0.7974,0.1517,0.016136,4.166
864157,520,425,945,232,65,16,34.91,0.9797,0.5565,0.209768,36,19,30,341.17,0.3639,0.1127,0.009346,4.377
864159,520,414,934,218,88,69,30.69,0.7973,0.5653,0.223169,23,31,10,126.52,0.5913,0.1222,0.011840,4.417
864190,520,421,941,231,33,149,351.94,0.9340,0.5581,0.202494,10,27,33,223.17,0.4657,0.1085,0.009582,4.238
864191,520,466,986,201,60,132,353.27,0.7675,0.5154,0.173171,22,2,10,354.33,0.7207,0.0516,0.002359,4.262
864219,520,382,902,202,101,183,334.86,0.6610,0.5971,0.252843,13,37,72,258.07,0.7159,0.1641,0.018765,4.404
864221,520,447,967,206,75,119,2.93,0.7190,0.5379,0.194879,1,22,21,190.90,0.9061,0.0832,0.006344,4.346
864246,520,375,895,250,57,126,5.22,0.9525,0.6025,0.247600,59,29,0,60.39,1.0000,0.1638,0.018087,4.371
864266,520,395,915,203,72,227,321.04,0.8790,0.5851,0.228788,0,37,35,189.44,1.0000,0.1353,0.014444,4.326
864268,520,440,960,188,45,240,314.46,0.9439,0.5469,0.188606,10,21,31,247.04,0.4039,0.0909,0.006998,4.186
864269,520,12,532,248,254,246,137.78,0.7808,0.9887,0.974938,21,136,19,142.55,0.9898,0.4737,0.178140,4.493
864328,520,37,557,241,243,218,110.73,0.5488,0.9488,0.878640,1,129,51,148.34,0.9992,0.4513,0.159453,4.434
864332,520,365,885,211,98,196,332.75,0.7357,0.6125,0.265715,8,45,54,217.67,0.7580,0.1735,0.021946,4.388
864339,520,449,969,194,5,243,316.26,0.9964,0.5420,0.180504,21,10,13,1.80,0.3002,0.0678,0.004056,4.264
864345,520,364,884,245,0,223,333.46,1.0000,0.6146,0.247432,63,1,77,318.73,0.9678,0.1672,0.016144,4.497
864346,520,441,961,221,65,55,28.12,0.8892,0.5383,0.194312,6,20,34,249.34,0.5720,0.0875,0.006545,4.321
864351,520,458,978,173,66,223,312.69,0.8544,0.5304,0.181093,18,5,22,318.31,0.5903,0.0579,0.002951,4.364
864365,520,467,987,213,63,67,23.64,0.8526,0.5224,0.181088,9,4,10,321.93,0.3748,0.0405,0.001668,4.473
864367,520,409,929,250,25,51,24.39,0.9857,0.5670,0.212619,52,13,24,6.27,0.6511,0.1265,0.010840,4.317
864373,520,462,982,233,0,84,13.26,1.0000,0.5299,0.179668,19,3,19,327.68,0.6709,0.0534,0.002506,4.374
864374,520,318,838,243,105,157,359.07,0.8287,0.6561,0.315950,61,46,58,333.30,0.2211,0.2228,0.032516,4.435
864386,520,294,814,243,106,216,335.81,0.9167,0.6828,0.343231,72,47,67,333.96,0.3307,0.2445,0.038161,4.460
864387,520,469,989,230,13,6,29.33,0.9944,0.5171,0.171271,6,6,7,285.97,0.0577,0.0415,0.001843,4.268
864388,520,479,999,206,62,97,10.48,0.7846,0.5148,0.174323,0,0,8,264.05,1.0000,0.0143,0.000175,4.471
864390,520,412,932,230,23,179,341.92,0.9668,0.5664,0.206932,22,5,83,279.36,0.9641,0.1206,0.009036,4.352
864403,520,310,830,240,82,243,327.10,0.9554,0.6639,0.310334,49,50,51,247.90,0.0185,0.2161,0.031732,4.409
864416,520,236,756,234,147,212,336.68,0.7663,0.7350,0.431151,46,75,62,164.43,0.3804,0.2917,0.059606,4.390
864417,520,412,932,246,9,126,1.77,0.9912,0.5709,0.212980,23,28,38,264.02,0.2297,0.1232,0.011526,4.274
864421,520,429,949,233,50,92,14.06,0.9072,0.5542,0.203805,13,22,46,266.62,0.5594,0.1049,0.008566,4.334
864447,520,413,933,254,10,76,18.09,0.9946,0.5748,0.218135,12,29,36,226.70,0.4463,0.1169,0.010842,4.407
864448,520,430,950,233,53,81,18.25,0.9099,0.5543,0.204669,3,28,11,151.89,0.9342,0.0998,0.008740,4.336
864451,520,390,910,230,50,193,338.20,0.9176,0.5888,0.229570,54,27,13,47.04,0.5864,0.1529,0.015973,4.238
864464,520,453,973,234,22,19,28.80,0.9871,0.5292,0.181164,14,8,36,288.68,0.6737,0.0687,0.003944,4.285
864465,520,475,995,220,9,121,358.58,0.9797,0.5159,0.167941,2,4,3,165.23,0.2657,0.0301,0.001063,4.268
864476,520,401,921,198,53,251,314.62,0.9783,0.5772,0.215184,56,16,24,11.06,0.6341,0.1385,0.012774,4.224
864494,520,454,974,203,11,207,327.28,0.9842,0.5306,0.174427,33,3,4,22.73,0.8396,0.0700,0.003973,4.158
864501,520,401,921,211,44,238,321.39,0.9562,0.5812,0.218251,32,30,41,293.11,0.2042,0.1389,0.013957,4.194
864507,520,332,852,254,78,157,357.16,0.9857,0.6405,0.289573,5,54,58,203.40,0.8844,0.2033,0.029759,4.257
864513,520,326,846,254,62,220,336.50,0.9945,0.6549,0.296866,78,31,35,16.97,0.5680,0.2085,0.027213,4.492
864527,520,390,910,239,79,24,36.93,0.9686,0.5867,0.240117,15,29,78,267.28,0.8063,0.1502,0.015303,4.443
864529,520,427,947,224,70,89,17.78,0.8297,0.5560,0.209515,2,23,49,253.95,0.8596,0.1032,0.008474,4.438
864540,520,401,921,157,111,218,301.88,0.6878,0.5754,0.235992,31,33,6,113.20,0.7281,0.1353,0.013922,4.474
864546,520,374,894,237,19,212,334.41,0.9869,0.5971,0.232265,51,3,90,301.82,0.9561,0.1620,0.015072,4.338
864548,520,288,808,221,127,199,336.29,0.6885,0.6758,0.346761,16,68,26,146.61,0.9500,0.2434,0.043188,4.258
864552,520,402,922,214,55,212,328.61,0.9045,0.5763,0.217840,18,29,58,266.44,0.5673,0.1347,0.013128,4.243
864555,520,405,925,194,79,233,316.36,0.8748,0.5840,0.229457,8,35,21,157.74,0.7814,0.1275,0.013078,4.430
864557,520,453,973,221,63,28,33.59,0.9492,0.5334,0.190137,1,4,58,265.49,0.9834,0.0727,0.003987,4.448
864567,520,353,873,242,43,222,333.07,0.9682,0.6223,0.258818,3,52,19,149.18,0.9847,0.1826,0.025223,4.105
864600,520,480,1000,193,55,166,336.97,0.7952,0.5124,0.168247,0,0,0,0.00,0.0000,0.0000,0.000000,4.365
864606,520,72,592,240,229,200,89.69,0.5006,0.9105,0.787345,7,121,37,145.83,0.9951,0.4236,0.138529,4.441
864608,520,332,852,255,94,94,23.76,1.0000,0.6439,0.300770,47,48,33,111.01,0.2599,0.2020,0.028281,4.481
864622,520,395,915,251,27,123,4.17,0.9730,0.5853,0.227267,62,10,9,26.44,0.8616,0.1390,0.012611,4.428
864640,520,415,935,231,3,186,339.97,0.9965,0.5671,0.206020,17,29,42,251.20,0.3806,0.1234,0.011650,4.153
864641,520,353,873,235,52,224,330.89,0.9519,0.6172,0.255025,27,47,24,141.22,0.5816,0.1783,0.023319,4.160
864654,520,362,882,248,70,112,11.66,0.9323,0.6068,0.255100,11,34,99,264.71,0.8999,0.1812,0.021159,4.288
864659,520,425,945,240,36,84,15.94,0.9551,0.5569,0.204304,17,29,10,135.01,0.6180,0.1113,0.010198,4.224
864695,520,457,977,231,7,103,6.89,0.9898,0.5322,0.181232,3,11,34,263.32,0.7736,0.0643,0.003742,4.303
864704,520,466,986,190,57,176,332.53,0.7973,0.5151,0.170095,7,8,12,272.54,0.1671,0.0490,0.002454,4.196
864719,520,423,943,211,63,172,340.35,0.8108,0.5553,0.203845,39,1,63,307.11,0.9650,0.1134,0.008120,4.368
864722,520,448,968,242,3,52,22.85,0.9982,0.5441,0.191937,8,17,34,261.91,0.5238,0.0813,0.005680,4.345
864724,520,479,999,122,77,255,287.57,1.0000,0.5092,0.166651,0,0,7,264.05,1.0000,0.0135,0.000153,4.320
864740,520,363,883,234,100,50,39.65,0.8900,0.6093,0.268398,3,47,37,173.32,0.9424,0.1704,0.021859,4.431
864749,520,472,992,213,16,150,346.98,0.9572,0.5163,0.167211,2,1,14,282.01,0.8384,0.0258,0.000663,4.287
864773,520,461,981,227,45,2,32.58,0.9976,0.5272,0.182150,16,4,15,330.05,0.5422,0.0500,0.002315,4.438
864778,520,400,920,154,109,234,297.61,0.7847,0.5792,0.237480,37,27,48,305.43,0.3768,0.1412,0.013906,4.498
864792,520,473,993,223,41,28,29.53,0.9613,0.5170,0.173605,14,0,1,18.32,1.0000,0.0314,0.000956,4.388
864793,520,398,918,200,86,202,326.93,0.7677,0.5820,0.232007,34,28,50,295.70,0.3790,0.1412,0.014009,4.406
864801,520,353,873,250,70,133,4.25,0.9433,0.6166,0.264011,48,35,52,318.11,0.2956,0.1761,0.020784,4.436
864808,520,408,928,157,110,212,303.56,0.6587,0.5697,0.230737,46,25,3,64.60,0.8064,0.1338,0.012828,4.468
864815,520,430,950,231,32,135,356.71,0.9349,0.5518,0.197741,21,26,2,119.54,0.8637,0.1042,0.009026,4.197
864823,520,478,998,212,61,22,34.49,0.9553,0.5130,0.173949,6,1,0,47.34,1.0000,0.0238,0.000604,4.425
864828,520,422,942,182,87,209,318.21,0.7540,0.5612,0.213660,14,27,18,153.46,0.4113,0.1050,0.009209,4.453
864847,520,466,986,210,12,167,340.62,0.9706,0.5183,0.167568,23,0,5,5.98,1.0000,0.0467,0.001931,4.190
864848,520,474,994,120,91,244,286.24,0.9045,0.5194,0.180066,2,4,6,240.75,0.2914,0.0314,0.001129,4.500
864850,520,406,926,208,74,204,329.03,0.8279,0.5804,0.226689,48,21,15,33.64,0.5282,0.1306,0.011993,4.463
864858,520,384,904,229,91,88,24.39,0.8097,0.5926,0.248474,4,40,31,172.42,0.8948,0.1453,0.016423,4.494
864864,520,475,995,160,68,225,307.49,0.8482,0.5159,0.170447,9,1,11,322.30,0.7335,0.0327,0.001040,4.319
864875,520,396,916,179,99,217,313.66,0.7406,0.5809,0.235180,1,31,71,256.57,0.9636,0.1422,0.014413,4.427
864884,520,463,983,210,23,185,335.21,0.9510,0.5324,0.178193,9,0,40,284.88,1.0000,0.0516,0.002113,4.379
864889,520,385,905,207,62,240,319.35,0.9306,0.5904,0.230035,21,21,92,273.62,0.8990,0.1527,0.014684,4.329
864905,520,386,906,229,29,224,329.50,0.9772,0.5940,0.229210,26,21,87,277.98,0.8468,0.1509,0.014440,4.333
864930,520,374,894,254,20,152,355.21,0.9919,0.5992,0.238417,3,44,39,182.85,0.9206,0.1612,0.019671,4.140
864943,520,471,991,181,66,196,322.89,0.7926,0.5230,0.177069,2,8,11,221.61,0.4961,0.0440,0.002107,4.358
864950,520,411,931,208,39,232,322.10,0.9565,0.5688,0.206889,13,33,1,134.93,0.9831,0.1194,0.011754,4.160
864953,520,396,916,208,101,101,21.66,0.6336,0.5759,0.236588,50,25,1,61.79,0.9206,0.1400,0.013757,4.495
864972,520,440,960,211,43,200,331.19,0.9127,0.5544,0.197488,33,14,4,50.13,0.6502,0.0900,0.006462,4.383
864987,520,311,831,250,92,176,350.87,0.9350,0.6572,0.311159,2,59,52,181.88,0.9704,0.2162,0.033886,4.305
865013,520,424,944,230,62,95,14.47,0.8650,0.5601,0.210973,41,20,2,60.67,0.8215,0.1146,0.009762,4.367
865014,520,330,850,239,90,190,342.91,0.8667,0.6427,0.293834,5,40,113,262.30,0.9574,0.2079,0.027419,4.441
865019,520,477,997,210,62,2,36.88,0.9956,0.5094,0.171536,2,1,0,82.32,1.0000,0.0176,0.000346,4.400
865020,520,433,953,245,3,61,20.97,0.9982,0.5518,0.198180,39,7,27,345.50,0.6747,0.0954,0.006625,4.383
865062,520,383,903,237,33,200,337.66,0.9655,0.5952,0.232652,21,19,93,273.96,0.9141,0.1505,0.014154,4.406
865092,520,369,889,242,42,201,338.64,0.9573,0.6095,0.247532,62,26,36,4.04,0.5009,0.1709,0.018904,4.318
865124,520,402,922,255,31,20,29.36,1.0000,0.5777,0.222943,0,22,81,262.38,1.0001,0.1309,0.011678,4.425
865126,520,476,996,143,89,203,303.26,0.6954,0.5082,0.172965,5,1,1,21.77,0.5474,0.0229,0.000562,4.410
865138,520,376,896,234,91,68,31.49,0.8694,0.5980,0.253948,11,46,11,143.23,0.9475,0.1634,0.020492,4.312
865142,520,437,957,241,3,96,10.58,0.9970,0.5503,0.196138,13,21,22,205.73,0.2079,0.0887,0.006798,4.334
865165,520,455,975,208,62,139,352.27,0.7800,0.5333,0.187213,11,7,28,289.26,0.5989,0.0585,0.003069,4.470
865194,520,477,997,119,88,236,287.37,0.8611,0.5062,0.169573,4,1,7,310.77,0.6480,0.0247,0.000629,4.337
865205,520,410,930,196,62,232,318.06,0.9032,0.5675,0.210086,37,11,66,300.26,0.7991,0.1260,0.010260,4.316
865213,520,479,999,208,58,90,13.01,0.8135,0.5122,0.171764,1,0,2,311.99,1.0000,0.0114,0.000108,4.426
865224,520,408,928,170,100,213,310.94,0.7100,0.5682,0.224651,8,22,76,266.54,0.9029,0.1293,0.011472,4.468
865228,520,450,970,234,16,96,10.01,0.9796,0.5387,0.187106,12,11,28,284.39,0.4678,0.0673,0.004013,4.390
865229,520,477,997,182,10,227,316.48,0.9884,0.5100,0.157094,0,2,10,257.10,0.9999,0.0242,0.000653,4.088
865242,520,441,961,213,78,3,41.19,0.9923,0.5359,0.196038,7,1,71,270.69,0.9955,0.0883,0.005218,4.456
865244,520,405,925,253,25,90,14.70,0.9874,0.5798,0.223198,60,6,6,26.58,0.9148,0.1295,0.011042,4.476
865273,520,419,939,192,60,235,316.21,0.9096,0.5617,0.204376,39,17,21,9.10,0.4244,0.1096,0.008864,4.321
865284,520,446,966,230,19,130,357.71,0.9660,0.5424,0.189033,27,13,10,32.75,0.3718,0.0806,0.005428,4.313
865289,520,479,999,173,61,202,318.56,0.8165,0.5090,0.164870,2,0,2,328.36,1.0000,0.0139,0.000173,4.283
865312,520,454,974,221,36,121,0.00,0.9035,0.5290,0.180170,10,7,44,279.06,0.8255,0.0702,0.003983,4.264
865331,520,313,833,242,107,163,356.54,0.8201,0.6596,0.320397,35,59,1,130.62,0.9911,0.2200,0.034874,4.364
865333,520,461,981,202,77,101,11.75,0.7050,0.5279,0.188059,6,11,6,144.73,0.3213,0.0530,0.002912,4.499
865346,520,382,902,240,17,214,334.58,0.9898,0.6032,0.237841,37,37,21,108.19,0.3505,0.1562,0.017706,4.251
865352,520,346,866,251,27,217,336.31,0.9865,0.6280,0.263060,56,2,109,297.32,0.9817,0.1899,0.019883,4.480
865374,520,333,853,246,101,100,23.37,0.9021,0.6392,0.298234,42,50,12,120.21,0.7479,0.1986,0.028000,4.465
865384,520,412,932,235,14,169,345.95,0.9827,0.5680,0.208437,10,21,71,268.04,0.8749,0.1229,0.010557,4.268
865389,520,467,987,162,73,213,310.71,0.7983,0.5158,0.172513,17,2,9,348.65,0.6647,0.0442,0.001823,4.294
865390,520,409,929,218,48,196,334.22,0.9047,0.5678,0.210071,2,15,86,264.93,0.9699,0.1252,0.010264,4.316
865394,520,381,901,228,43,220,330.21,0.9549,0.5967,0.233914,55,21,54,328.55,0.5966,0.1589,0.016150,4.292
865396,520,442,962,209,83,16,42.43,0.9534,0.5363,0.197814,20,19,4,105.77,0.6137,0.0845,0.006232,4.407
865398,520,455,975,217,59,74,20.46,0.8626,0.5271,0.183766,2,8,31,263.99,0.8335,0.0551,0.002855,4.423
865401,520,388,908,250,27,131,1.40,0.9716,0.5859,0.227501,65,11,34,359.30,0.7486,0.1533,0.014788,4.283
865421,520,319,839,232,94,223,330.29,0.8852,0.6537,0.304912,63,49,35,66.38,0.2954,0.2249,0.033748,4.238
865423,520,394,914,240,32,179,344.35,0.9603,0.5890,0.228160,4,37,33,183.55,0.8506,0.1362,0.014587,4.307
865425,520,468,988,210,66,75,21.24,0.8176,0.5218,0.181084,0,7,0,142.50,1.0000,0.0353,0.001520,4.485
865433,520,395,915,228,10,223,329.55,0.9936,0.5859,0.220412,56,20,5,42.34,0.7906,0.1412,0.013522,4.257
865437,520,350,870,213,78,254,317.18,0.9935,0.6257,0.267523,83,13,0,34.02,1.0000,0.1867,0.021272,4.455
865454,520,466,986,147,70,246,298.36,0.9361,0.5194,0.172374,11,8,6,60.41,0.1542,0.0506,0.002580,4.229
865455,520,162,682,224,185,243,314.54,0.7612,0.8122,0.570170,32,96,40,145.56,0.9283,0.3463,0.088257,4.486
865460,520,476,996,224,34,10,30.68,0.9888,0.5135,0.170161,6,0,7,324.68,1.0000,0.0239,0.000541,4.356
865461,520,410,930,196,79,209,323.58,0.8028,0.5708,0.219326,36,26,37,323.35,0.2540,0.1316,0.012475,4.311
865467,520,386,906,239,61,134,0.88,0.8764,0.5878,0.234125,15,0,114,269.79,1.0000,0.1531,0.013164,4.498
865470,520,436,956,189,43,243,314.15,0.9514,0.5495,0.190189,6,18,46,263.56,0.7405,0.0910,0.006686,4.237
865483,520,364,884,219,47,252,320.25,0.9869,0.6065,0.241233,38,29,79,287.33,0.6464,0.1697,0.018553,4.248
865484,520,478,998,169,66,197,318.30,0.7840,0.5052,0.163636,4,1,7,310.77,0.6480,0.0247,0.000629,4.220
865488,520,218,738,236,152,217,335.40,0.7932,0.7490,0.453008,15,85,40,150.25,0.9632,0.3039,0.067515,4.280
865491,520,391,911,226,14,235,326.20,0.9926,0.5916,0.224833,65,12,15,22.26,0.8115,0.1488,0.014214,4.280
865511,520,480,1000,180,9,229,315.44,0.9899,0.5082,0.155570,0,0,0,0.00,0.0000,0.0000,0.000000,4.111
865553,520,459,979,230,33,75,17.48,0.9528,0.5327,0.184217,26,4,18,343.45,0.6568,0.0649,0.003501,4.378
865561,520,319,839,244,102,135,8.51,0.8430,0.6461,0.304880,70,27,94,310.99,0.7234,0.2214,0.028942,4.495
865569,520,344,864,235,54,249,324.82,0.9783,0.6350,0.271425,41,41,63,283.65,0.3135,0.1893,0.024162,4.334
865577,520,472,992,158,54,247,303.19,0.9547,0.5168,0.166233,10,3,0,62.51,1.0000,0.0350,0.001297,4.215
865580,520,26,546,239,254,193,119.13,0.9759,0.9663,0.930845,57,130,5,137.14,0.9951,0.4649,0.168455,4.490
865586,520,411,931,199,79,202,326.73,0.7896,0.5711,0.219999,1,29,55,249.39,0.9246,0.1234,0.011610,4.382
865588,520,392,912,243,25,178,345.18,0.9742,0.5912,0.229674,69,1,22,10.72,0.9678,0.1472,0.013451,4.408
865592,520,445,965,193,8,242,316.18,0.9941,0.5402,0.179233,21,13,33,300.85,0.4833,0.0830,0.005571,4.125
865628,520,470,990,217,44,91,11.58,0.8858,0.5172,0.173110,0,8,9,201.68,1.0000,0.0413,0.001934,4.296
865630,520,477,997,174,85,135,347.16,0.5641,0.5055,0.172461,5,0,3,340.52,1.0000,0.0201,0.000388,4.415
865634,520,442,962,209,44,179,336.96,0.8779,0.5388,0.186134,1,0,67,265.21,1.0000,0.0771,0.004117,4.363
865653,520,273,793,247,97,249,327.21,0.9768,0.6953,0.351656,60,38,134,286.64,0.7942,0.2632,0.040680,4.429
865677,520,418,938,241,22,104,8.64,0.9740,0.5573,0.202774,44,3,53,319.62,0.8610,0.1152,0.008577,4.315
865689,520,476,996,205,58,99,8.63,0.7947,0.5090,0.169083,8,0,0,29.23,1.0000,0.0228,0.000516,4.337
865690,520,411,931,255,1,72,18.94,1.0000,0.5744,0.217534,29,27,22,88.80,0.1256,0.1198,0.011030,4.384
865691,520,432,952,222,71,91,17.04,0.8164,0.5539,0.207940,15,20,41,271.90,0.4838,0.0979,0.007619,4.477
865694,520,337,857,249,89,146,1.93,0.9133,0.6406,0.293630,6,57,20,147.79,0.9761,0.2012,0.030154,4.287
865713,520,454,974,221,31,134,354.91,0.9188,0.5311,0.180759,37,2,1,29.70,0.9506,0.0748,0.004390,4.243
865739,520,331,851,228,68,255,321.40,1.0000,0.6392,0.278503,79,12,73,332.21,0.7950,0.2035,0.024065,4.435
865755,520,336,856,205,100,245,315.60,0.9182,0.6359,0.286873,87,20,3,35.22,0.9539,0.2038,0.025335,4.472
865761,520,451,971,217,29,174,340.39,0.9343,0.5417,0.186888,11,14,24,271.06,0.3069,0.0707,0.004512,4.346
865767,520,358,878,212,120,98,34.41,0.6097,0.6159,0.283137,1,52,6,144.20,0.9970,0.1801,0.024755,4.456
865775,520,387,907,252,15,154,354.10,0.9882,0.5947,0.233737,10,42,30,165.03,0.7612,0.1540,0.018141,4.164
865776,520,420,940,205,71,188,333.25,0.7969,0.5627,0.211183,43,16,16,21.53,0.5258,0.1128,0.009217,4.411
865796,520,349,869,228,64,240,325.01,0.9447,0.6254,0.264542,32,48,35,149.83,0.3430,0.1883,0.025423,4.170
865801,520,420,940,197,61,222,320.91,0.8862,0.5608,0.204832,25,14,55,290.59,0.7103,0.1058,0.007966,4.396
865840,520,338,858,192,116,246,309.21,0.8846,0.6445,0.303519,1,59,2,142.80,0.9980,0.2045,0.031386,4.344
865841,520,439,959,229,14,146,351.95,0.9760,0.5455,0.190502,9,14,51,271.54,0.8015,0.0886,0.006111,4.286
865848,520,442,962,183,69,206,320.48,0.8088,0.5365,0.187809,34,4,24,343.19,0.7264,0.0805,0.004929,4.329
865849,520,354,874,225,76,219,329.54,0.8905,0.6190,0.262931,80,13,12,26.75,0.8935,0.1816,0.020202,4.458
865850,520,460,980,179,0,254,309.82,1.0000,0.5270,0.167405,15,1,40,293.94,0.9436,0.0594,0.002765,4.120
865852,520,375,895,253,36,136,0.72,0.9826,0.5977,0.239256,61,24,26,18.56,0.5461,0.1620,0.017201,4.304
865876,520,282,802,244,97,248,326.66,0.9716,0.6902,0.345622,81,47,36,38.68,0.4338,0.2467,0.039100,4.440
865882,520,412,932,227,39,182,340.56,0.9286,0.5700,0.211619,1,20,76,263.04,0.9803,0.1217,0.010285,4.340
865884,520,397,917,244,13,165,349.09,0.9877,0.5834,0.222408,21,37,31,168.77,0.3435,0.1445,0.015815,4.139
865908,520,469,989,199,53,166,338.71,0.8120,0.5211,0.174433,6,2,24,288.51,0.8136,0.0398,0.001481,4.360
865913,520,316,836,212,131,164,354.22,0.5274,0.6563,0.329116,37,59,0,129.16,1.0000,0.2214,0.035212,4.449
865919,520,304,824,237,94,235,328.26,0.9223,0.6682,0.320104,45,59,11,124.50,0.8446,0.2293,0.037099,4.249
865927,520,461,981,232,18,70,18.11,0.9815,0.5293,0.180337,1,5,34,265.28,0.9322,0.0500,0.002305,4.404
865929,520,421,941,251,15,16,28.76,0.9945,0.5632,0.208920,5,31,4,142.32,0.9604,0.1092,0.010210,4.300
865934,520,385,905,247,14,173,347.35,0.9886,0.5932,0.231087,32,38,3,118.71,0.8879,0.1507,0.016999,4.195
865948,520,451,971,235,43,14,31.25,0.9865,0.5427,0.194248,17,16,5,104.34,0.4688,0.0742,0.005007,4.440
865951,520,398,918,248,0,150,354.33,1.0000,0.5822,0.221619,11,34,58,251.75,0.6523,0.1443,0.015206,4.166
865976,520,397,917,222,10,224,327.85,0.9929,0.5760,0.211308,48,26,13,50.40,0.5306,0.1409,0.013963,4.085
865981,520,352,872,236,58,217,332.98,0.9377,0.6192,0.258713,63,38,12,63.79,0.6792,0.1926,0.024697,4.133
866000,520,234,754,230,160,174,6.07,0.5586,0.7408,0.450223,18,82,17,142.75,0.9749,0.2910,0.062034,4.465
866004,520,363,883,238,58,199,338.53,0.9220,0.6124,0.253295,21,44,48,209.91,0.4243,0.1733,0.021741,4.228
866015,520,407,927,243,6,152,352.81,0.9936,0.5742,0.214552,25,27,53,278.50,0.4623,0.1316,0.012476,4.234
866018,520,409,929,104,122,249,273.66,0.9334,0.5709,0.237009,9,35,37,202.21,0.6152,0.1339,0.013937,4.489
866022,520,14,534,242,255,230,129.64,1.0000,0.9810,0.961101,8,136,38,145.16,0.9958,0.4735,0.177991,4.435
866031,520,477,997,207,15,165,340.51,0.9594,0.5122,0.163258,0,3,2,174.96,1.0000,0.0237,0.000695,4.207
866036,520,431,951,191,72,201,324.56,0.7968,0.5492,0.199295,20,16,53,283.19,0.6785,0.1027,0.007763,4.316
866044,520,480,1000,195,0,204,325.95,1.0000,0.5118,0.159634,0,0,0,0.00,0.0000,0.0000,0.000000,4.193
866050,520,431,951,243,19,51,23.74,0.9883,0.5500,0.197629,33,5,55,305.07,0.8425,0.1024,0.007077,4.338
866058,520,429,949,240,20,97,10.70,0.9775,0.5527,0.198919,5,0,85,267.54,1.0000,0.1050,0.006881,4.376
866063,520,377,897,244,67,117,8.83,0.9027,0.5976,0.245350,38,36,26,98.04,0.2107,0.1558,0.017484,4.377
866064,520,438,958,247,13,31,27.07,0.9944,0.5549,0.201645,9,20,39,260.63,0.5501,0.0925,0.007048,4.411
866070,520,200,720,232,171,176,13.36,0.5388,0.7666,0.494178,19,78,126,248.15,0.8016,0.3227,0.070932,4.500
866073,520,476,996,201,63,119,359.56,0.7541,0.5138,0.173064,6,0,9,318.71,1.0000,0.0249,0.000584,4.410
866075,520,386,906,238,34,188,341.29,0.9586,0.5909,0.229549,60,5,59,329.00,0.8286,0.1511,0.013851,4.378
866095,520,395,915,233,13,218,331.96,0.9918,0.5921,0.226761,42,5,78,299.87,0.9140,0.1380,0.011509,4.500
866101,520,390,910,151,116,237,294.31,0.7879,0.5913,0.251845,3,44,6,144.09,0.9872,0.1527,0.018338,4.417
866107,520,479,999,197,77,50,34.17,0.8098,0.5083,0.174103,2,0,0,29.23,1.0000,0.0120,0.000129,4.471
866117,520,452,972,162,88,195,314.30,0.6798,0.5257,0.186016,23,1,42,304.58,0.9343,0.0706,0.003710,4.394
866144,520,308,828,228,110,222,329.35,0.8480,0.6694,0.329217,51,56,31,117.97,0.4158,0.2292,0.036311,4.394
866151,520,459,979,230,36,20,29.92,0.9784,0.5278,0.181383,18,10,8,35.48,0.2525,0.0627,0.003632,4.314
866163,520,465,985,203,63,121,359.10,0.7596,0.5182,0.176340,21,3,14,343.54,0.6504,0.0538,0.002563,4.306
866168,520,459,979,227,41,48,25.68,0.9518,0.5273,0.181331,19,2,26,315.94,0.7876,0.0552,0.002565,4.401
866174,520,370,890,253,33,175,348.35,0.9847,0.6121,0.250690,53,5,96,300.26,0.9404,0.1734,0.017100,4.481
866179,520,400,920,236,67,115,8.43,0.8558,0.5820,0.230879,37,8,87,290.44,0.9136,0.1447,0.012551,4.490
866185,520,443,963,216,9,183,337.26,0.9843,0.5383,0.182155,2,12,47,263.91,0.9165,0.0763,0.004811,4.236
866205,520,312,832,223,100,251,319.80,0.9733,0.6650,0.317691,12,51,98,255.69,0.8199,0.2234,0.033275,4.415
866231,520,338,858,246,106,24,44.52,0.9711,0.6375,0.299700,21,55,12,139.74,0.9387,0.1989,0.029183,4.416
866237,520,454,974,187,22,235,315.90,0.9771,0.5285,0.171380,6,8,42,272.77,0.8439,0.0673,0.003795,4.115
866240,520,436,956,238,31,59,22.44,0.9713,0.5456,0.194761,44,2,0,31.68,1.0000,0.0887,0.005790,4.387
866242,520,475,995,209,69,34,34.79,0.9104,0.5178,0.179293,11,0,16,317.97,1.0000,0.0346,0.001086,4.488
866270,520,392,912,240,42,171,347.07,0.9368,0.5904,0.231245,25,32,66,272.37,0.5520,0.1537,0.016330,4.240
866274,520,477,997,152,67,232,303.16,0.8749,0.5097,0.165163,6,0,8,321.50,1.0000,0.0244,0.000563,4.255
866290,520,469,989,168,43,248,306.78,0.9646,0.5224,0.168306,2,0,40,269.84,1.0000,0.0450,0.001661,4.226
866325,520,425,945,217,70,143,353.72,0.7784,0.5602,0.211175,30,23,15,70.28,0.2717,0.1086,0.009233,4.409
866331,520,386,906,211,98,156,350.29,0.6545,0.5938,0.249865,40,34,28,67.12,0.1569,0.1533,0.016790,4.490
866334,520,416,936,238,35,144,355.19,0.9405,0.5707,0.213959,44,19,2,54.37,0.8274,0.1174,0.010057,4.395
866339,520,435,955,246,0,11,28.58,1.0000,0.5490,0.196206,8,8,59,272.35,0.9307,0.0856,0.005410,4.443
866348,520,444,964,102,106,250,276.82,0.9533,0.5371,0.200343,21,18,10,89.87,0.2785,0.0845,0.006140,4.459
866372,520,422,942,213,74,146,351.94,0.7529,0.5591,0.211212,46,13,12,24.55,0.6542,0.1119,0.008953,4.431
866404,520,386,906,250,32,131,1.63,0.9639,0.5881,0.229992,68,5,21,13.10,0.8799,0.1490,0.013918,4.380
866413,520,350,870,250,63,179,347.64,0.9562,0.6279,0.271369,3,51,61,215.95,0.9171,0.1947,0.027238,4.161
866430,520,436,956,195,58,222,320.41,0.8914,0.5548,0.199036,19,13,45,287.60,0.6500,0.0894,0.006157,4.435
866447,520,359,879,248,88,33,37.47,0.9612,0.6156,0.270491,57,29,65,318.40,0.5403,0.1834,0.021303,4.495
866449,520,415,935,218,39,205,331.65,0.9377,0.5673,0.207664,48,9,32,348.01,0.6931,0.1168,0.009281,4.346
866465,520,469,989,225,15,110,3.66,0.9722,0.5238,0.174778,0,8,1,147.32,1.0000,0.0384,0.001758,4.343
866467,520,444,964,200,66,178,335.08,0.7862,0.5429,0.193919,12,21,9,138.06,0.4768,0.0840,0.006342,4.329
866475,520,478,998,167,66,203,315.83,0.7977,0.5065,0.164246,0,0,20,264.05,1.0000,0.0236,0.000505,4.242
866488,520,411,931,207,70,197,330.92,0.8223,0.5701,0.216787,50,8,30,352.41,0.7204,0.1183,0.009456,4.487
866497,520,410,930,205,48,234,320.62,0.9412,0.5713,0.210352,53,11,34,350.45,0.6888,0.1296,0.011118,4.260
866504,520,161,681,244,190,120,72.67,0.7635,0.8084,0.574178,67,93,5,126.44,0.9742,0.3542,0.090328,4.448
866514,520,14,534,252,251,235,103.87,0.7453,0.9820,0.956881,43,131,86,157.09,0.8579,0.4733,0.174174,4.492
866519,520,324,844,219,106,229,324.29,0.8518,0.6544,0.310270,0,54,72,227.34,1.0000,0.2097,0.031060,4.444
866527,520,365,885,251,32,169,349.72,0.9700,0.6051,0.244102,77,5,18,18.58,0.9256,0.1684,0.017303,4.370
866540,520,448,968,179,78,200,320.40,0.7566,0.5381,0.192037,22,8,35,305.36,0.6456,0.0765,0.004656,4.428
866557,520,353,873,209,111,179,339.98,0.6290,0.6220,0.281805,14,48,43,182.10,0.6659,0.1801,0.023816,4.495
866562,520,426,946,197,73,197,327.77,0.7937,0.5574,0.206682,11,16,70,270.78,0.8997,0.1127,0.008839,4.362
866568,520,410,930,139,110,240,290.23,0.8243,0.5696,0.229319,20,31,43,251.20,0.3318,0.1317,0.013031,4.431
866571,520,446,966,185,7,255,311.22,1.0000,0.5386,0.176874,29,8,22,341.80,0.5466,0.0785,0.004928,4.130
866605,520,341,861,165,123,250,296.48,0.8960,0.6284,0.290675,49,48,1,108.43,0.9720,0.1989,0.027691,4.385
866631,520,434,954,152,98,229,299.78,0.7852,0.5537,0.210681,10,24,36,245.98,0.4721,0.1017,0.008451,4.460
866645,520,307,827,185,140,220,309.35,0.6151,0.6656,0.342383,29,63,2,135.26,0.9901,0.2294,0.038205,4.449
866651,520,380,900,238,22,212,334.64,0.9844,0.5998,0.235072,9,43,35,174.32,0.7627,0.1587,0.019071,4.127
866654,520,429,949,219,22,189,336.34,0.9639,0.5511,0.193104,3,10,71,266.33,0.9676,0.0994,0.006913,4.271
866661,520,308,828,242,116,154,2.89,0.7959,0.6703,0.337038,8,60,62,198.91,0.8551,0.2256,0.036310,4.484
866663,520,402,922,235,56,138,358.13,0.8776,0.5772,0.223284,58,8,17,15.60,0.8013,0.1299,0.011138,4.470
866667,520,468,988,197,79,80,22.52,0.7093,0.5166,0.180433,15,1,9,342.87,0.7486,0.0390,0.001430,4.481
866671,520,400,920,223,66,163,346.97,0.8232,0.5751,0.222312,6,35,51,237.00,0.7395,0.1403,0.014797,4.203
866672,520,81,601,227,224,232,303.10,0.1684,0.8968,0.754684,38,116,4,139.40,0.9963,0.4115,0.129111,4.493
866685,520,459,979,226,33,106,6.27,0.9289,0.5323,0.182999,29,1,1,27.47,0.9525,0.0579,0.002852,4.409
866690,520,407,927,207,60,213,326.30,0.8835,0.5698,0.213030,1,24,74,261.40,0.9774,0.1281,0.011541,4.274
866698,520,423,943,237,31,137,357.17,0.9476,0.5640,0.207937,45,15,0,49.10,1.0000,0.1111,0.008996,4.372
866702,520,480,1000,163,61,221,310.07,0.8588,0.5086,0.163452,0,0,0,0.00,0.0000,0.0000,0.000000,4.269
866719,520,480,1000,203,72,9,39.96,0.9740,0.5089,0.173531,0,0,0,0.00,0.0000,0.0000,0.000000,4.471
866722,520,443,963,153,78,246,299.61,0.9255,0.5374,0.188752,29,7,36,317.25,0.6854,0.0847,0.005406,4.309
866723,520,430,950,190,25,252,312.97,0.9863,0.5489,0.186719,43,8,15,11.99,0.6931,0.0996,0.007218,4.137
866737,520,426,946,237,12,154,351.02,0.9847,0.5644,0.206036,14,28,22,165.42,0.3803,0.1093,0.009818,4.280
866758,520,385,905,240,4,189,341.17,0.9966,0.5860,0.222892,69,6,8,25.50,0.9306,0.1497,0.014132,4.255
866764,520,333,853,252,49,224,334.88,0.9857,0.6446,0.282770,82,18,47,357.13,0.7310,0.2012,0.024320,4.478
866771,520,412,932,222,45,199,334.38,0.9225,0.5745,0.215322,21,17,64,280.38,0.7626,0.1156,0.009305,4.474
866780,520,400,920,155,101,250,296.57,0.9282,0.5782,0.231782,38,26,46,311.07,0.3761,0.1389,0.013481,4.439
866792,520,336,856,244,92,147,1.12,0.8594,0.6361,0.289969,27,51,54,205.91,0.3851,0.2014,0.028669,4.322
866796,520,425,945,244,46,33,29.36,0.9666,0.5645,0.213003,0,33,6,147.10,1.0000,0.1135,0.011008,4.311
866836,520,415,935,248,32,63,22.11,0.9758,0.5675,0.213519,36,1,73,297.77,0.9788,0.1195,0.008778,4.483
866844,520,419,939,244,15,92,12.60,0.9867,0.5583,0.203509,11,8,79,271.47,0.9665,0.1112,0.008093,4.364
866875,520,458,978,232,3,93,10.30,0.9961,0.5306,0.180143,12,9,12,325.99,0.1370,0.0556,0.003001,4.342
866878,520,420,940,184,93,187,326.15,0.6633,0.5599,0.216080,15,29,24,169.70,0.3569,0.1136,0.010462,4.401
866893,520,413,933,248,50,5,32.41,0.9962,0.5744,0.222522,13,33,22,158.05,0.5605,0.1239,0.012312,4.374
866898,520,169,689,231,176,254,315.69,0.9824,0.8062,0.551963,5,96,4,142.49,0.9963,0.3357,0.084064,4.490
866910,520,422,942,206,35,222,324.06,0.9527,0.5559,0.195996,16,17,60,275.89,0.7684,0.1077,0.008373,4.214
866932,520,388,908,238,7,199,338.01,0.9946,0.5885,0.224555,26,23,85,277.66,0.8163,0.1523,0.014882,4.232
866943,520,441,961,190,52,224,318.60,0.9055,0.5430,0.187863,9,22,16,163.31,0.4302,0.0867,0.006693,4.196
866947,520,420,940,239,3,128,359.73,0.9962,0.5561,0.199776,37,21,4,66.61,0.7070,0.1110,0.009385,4.206
866960,520,330,850,255,37,217,337.24,1.0000,0.6393,0.275962,90,17,35,11.67,0.7922,0.2125,0.026963,4.235
866972,520,461,981,234,8,33,26.29,0.9954,0.5260,0.177791,18,5,12,346.11,0.4714,0.0535,0.002637,4.328
866973,520,456,976,234,1,58,20.86,0.9992,0.5273,0.178228,1,13,20,229.53,0.7971,0.0586,0.003448,4.270
867005,520,330,850,245,34,244,328.49,0.9862,0.6371,0.270910,32,52,61,228.00,0.3285,0.2113,0.030999,3.962
867015,520,295,815,252,89,219,336.79,0.9806,0.6771,0.329576,29,67,7,136.99,0.9726,0.2434,0.042907,4.086
867018,520,441,961,187,36,240,314.46,0.9591,0.5395,0.181190,0,25,16,167.22,1.0000,0.0898,0.007326,4.033
867030,520,432,952,245,11,23,27.93,0.9954,0.5497,0.197172,23,16,42,293.62,0.5363,0.0971,0.007199,4.321
867040,520,445,965,170,87,196,317.51,0.6965,0.5358,0.193488,37,1,12,5.13,0.8915,0.0760,0.004416,4.475
867044,520,359,879,225,67,232,326.16,0.9273,0.6180,0.258502,67,19,58,335.89,0.6776,0.1791,0.019647,4.430
867051,520,421,941,174,93,204,316.10,0.7028,0.5560,0.211878,51,7,1,34.29,0.9591,0.1108,0.008581,4.470
867067,520,399,919,228,78,114,9.72,0.7934,0.5796,0.231603,1,30,70,256.94,0.9637,0.1387,0.013771,4.416
867076,520,462,982,220,53,99,10.16,0.8569,0.5330,0.186653,0,7,35,261.13,1.0000,0.0543,0.002733,4.488
867095,520,412,932,213,66,184,336.86,0.8235,0.5683,0.215053,6,25,62,261.57,0.8327,0.1213,0.010817,4.358
867103,520,410,930,229,47,171,344.72,0.9023,0.5732,0.216340,22,29,53,270.20,0.4575,0.1341,0.013063,4.223
867123,520,453,973,216,35,140,351.81,0.8951,0.5261,0.176969,13,14,9,116.71,0.1840,0.0667,0.004194,4.188
867132,520,356,876,238,82,169,349.71,0.8476,0.6218,0.270791,46,40,34,67.21,0.1388,0.1788,0.022139,4.447
867141,520,362,882,209,78,233,321.08,0.8921,0.6051,0.248889,47,39,31,66.94,0.1927,0.1764,0.021543,4.178
867142,520,475,995,214,49,113,2.95,0.8431,0.5220,0.176874,3,3,9,282.35,0.4202,0.0309,0.001042,4.445
867144,520,371,891,221,64,232,325.13,0.9270,0.6088,0.248672,48,33,49,324.42,0.3052,0.1698,0.019379,4.305
867150,520,471,991,198,6,202,327.27,0.9894,0.5170,0.164020,13,5,4,30.57,0.3527,0.0449,0.002029,4.113
867160,520,422,942,161,95,224,305.03,0.7717,0.5559,0.211438,33,14,53,303.13,0.6809,0.1137,0.008945,4.435
867164,520,420,940,201,67,202,327.57,0.8309,0.5600,0.206977,42,13,15,18.11,0.5781,0.1055,0.008147,4.419
867166,520,439,959,205,78,135,355.49,0.7048,0.5460,0.201791,9,12,56,272.24,0.8719,0.0897,0.006065,4.491
867173,520,354,874,211,77,255,316.43,1.0000,0.6223,0.263782,48,32,70,301.55,0.5210,0.1805,0.021036,4.417
867175,520,477,997,135,84,225,295.97,0.8072,0.5073,0.169279,0,0,20,264.05,1.0000,0.0236,0.000505,4.342
867180,520,480,1000,167,5,252,306.68,0.9965,0.5080,0.153531,0,0,0,0.00,0.0000,0.0000,0.000000,4.071
867185,520,466,986,150,61,250,299.45,0.9670,0.5162,0.167240,17,2,19,323.74,0.7307,0.0485,0.002096,4.170
867200,520,413,933,255,15,8,29.27,1.0000,0.5715,0.216231,24,30,13,124.79,0.4662,0.1207,0.011518,4.328
867202,520,437,957,194,38,244,315.51,0.9621,0.5549,0.193886,15,20,16,151.06,0.1717,0.0855,0.006393,4.325
867209,520,461,981,189,80,146,345.70,0.6541,0.5266,0.186330,4,7,26,270.51,0.6651,0.0512,0.002523,4.500
867226,520,281,801,254,82,245,330.13,0.9961,0.6872,0.337009,60,44,111,290.49,0.6418,0.2524,0.039097,4.344
867239,520,468,988,188,55,188,327.97,0.8216,0.5172,0.170560,0,8,14,228.79,1.0000,0.0432,0.002054,4.237
867248,520,392,912,243,48,153,353.86,0.9221,0.5920,0.234717,60,18,39,352.17,0.6217,0.1548,0.015399,4.354
867250,520,432,952,244,11,10,29.00,0.9956,0.5470,0.194979,4,22,52,259.05,0.8193,0.1043,0.008475,4.189
867263,520,414,934,218,5,220,327.86,0.9958,0.5652,0.201835,43,7,51,319.68,0.7765,0.1172,0.009046,4.265
867301,520,476,996,207,51,115,0.94,0.8161,0.5110,0.168731,4,0,12,302.69,1.0000,0.0238,0.000524,4.329
867305,520,431,951,230,38,126,0.07,0.9164,0.5499,0.197184,31,11,48,305.83,0.6966,0.1023,0.007441,4.303
867318,520,473,993,202,70,104,8.36,0.7330,0.5192,0.179384,9,2,5,348.60,0.5006,0.0331,0.001125,4.487
867376,520,372,892,231,30,244,325.25,0.9847,0.6116,0.244515,38,24,92,285.55,0.7855,0.1728,0.018380,4.307
867385,520,420,940,246,3,107,7.78,0.9972,0.5638,0.207230,49,2,24,357.22,0.8569,0.1056,0.007624,4.464
867386,520,374,894,236,26,221,331.91,0.9824,0.6032,0.237948,11,22,98,267.77,0.9453,0.1559,0.015267,4.412
867389,520,423,943,181,71,238,311.45,0.8987,0.5594,0.205042,12,5,79,272.55,0.9775,0.1078,0.007512,4.435
867406,520,391,911,243,21,178,345.12,0.9796,0.5899,0.228085,45,14,73,303.63,0.7858,0.1476,0.013530,4.377
867417,520,377,897,210,62,249,318.10,0.9689,0.6016,0.239881,26,36,59,265.51,0.4182,0.1598,0.017971,4.265
867438,520,424,944,233,61,62,25.47,0.9129,0.5585,0.210119,10,31,8,141.88,0.8750,0.1126,0.010620,4.291
867443,520,434,954,239,21,103,8.63,0.9741,0.5526,0.198696,15,24,15,144.67,0.3450,0.0962,0.007893,4.296
867450,520,458,978,221,9,148,349.42,0.9806,0.5293,0.177082,17,7,18,323.74,0.4244,0.0590,0.003148,4.273
867471,520,373,893,247,30,180,345.55,0.9710,0.6018,0.240012,10,17,111,267.46,0.9743,0.1645,0.016130,4.385
867491,520,420,940,214,10,225,325.62,0.9919,0.5627,0.199515,13,28,29,201.17,0.3643,0.1113,0.010048,4.155
867501,520,474,994,193,48,189,329.28,0.8539,0.5199,0.171271,2,3,2,145.00,0.2071,0.0264,0.000824,4.354
867504,520,313,833,250,59,246,329.05,0.9828,0.6613,0.301086,75,31,67,334.80,0.5751,0.2170,0.028813,4.455
867505,520,462,982,204,62,150,346.67,0.7763,0.5310,0.184866,17,1,31,306.48,0.8952,0.0540,0.002398,4.482
867508,520,415,935,232,0,194,337.96,1.0000,0.5730,0.210536,42,10,47,322.02,0.7096,0.1165,0.009146,4.405
867510,520,471,991,151,66,248,299.74,0.9515,0.5213,0.172534,0,7,1,148.05,1.0000,0.0357,0.001541,4.318
867519,520,462,982,187,57,206,322.26,0.8513,0.5297,0.179486,17,6,10,355.06,0.3779,0.0538,0.002713,4.353
867528,520,352,872,242,97,22,42.16,0.9713,0.6168,0.274876,19,52,3,137.57,0.9828,0.1866,0.026009,4.274
867547,520,419,939,218,84,86,22.51,0.7671,0.5626,0.219203,20,28,8,127.26,0.6141,0.1103,0.009968,4.489
867562,520,451,971,225,53,71,20.92,0.9028,0.5365,0.190115,29,8,10,15.61,0.5338,0.0743,0.004568,4.400
867564,520,455,975,187,65,199,324.04,0.8097,0.5334,0.184702,13,13,3,108.84,0.5534,0.0626,0.003800,4.363
867578,520,433,953,217,73,112,7.82,0.7689,0.5528,0.206890,34,13,40,318.30,0.5904,0.1040,0.007812,4.444
867584,520,426,946,239,49,89,15.61,0.9251,0.5647,0.212718,46,4,45,329.15,0.8059,0.1141,0.008572,4.485
867588,520,173,693,184,201,216,244.74,0.2364,0.7994,0.569210,29,97,2,139.58,0.9974,0.3447,0.088147,4.482
867591,520,450,970,193,14,236,317.47,0.9880,0.5366,0.177091,4,11,41,266.97,0.8333,0.0705,0.004252,4.186
867592,520,407,927,226,51,167,345.48,0.8805,0.5687,0.213290,49,23,6,51.81,0.7061,0.1348,0.012790,4.193
867618,520,350,870,197,116,216,319.79,0.7076,0.6328,0.293201,11,54,11,143.06,0.9658,0.1910,0.027335,4.438
867619,520,458,978,206,69,111,5.49,0.7467,0.5274,0.185279,10,8,21,289.90,0.4199,0.0556,0.002923,4.446
867624,520,228,748,223,150,239,320.24,0.8331,0.7394,0.437339,3,78,82,200.87,0.9652,0.2924,0.060770,4.400
867636,520,317,837,252,52,251,328.40,0.9904,0.6631,0.301194,92,22,2,36.07,0.9702,0.2170,0.028539,4.472
867650,520,417,937,243,50,43,28.23,0.9568,0.5663,0.215137,10,32,36,211.03,0.5403,0.1248,0.012249,4.259
867653,520,431,951,214,9,203,331.19,0.9884,0.5472,0.188055,38,13,26,349.57,0.5186,0.1026,0.007746,4.122
867676,520,460,980,212,70,59,28.23,0.8480,0.5277,0.186955,14,4,30,298.52,0.7371,0.0564,0.002739,4.493
867689,520,373,893,221,33,244,322.77,0.9787,0.5961,0.229936,29,9,102,279.17,0.9585,0.1556,0.014158,4.363
867697,520,453,973,182,76,190,324.83,0.7422,0.5335,0.188329,24,1,41,307.00,0.9285,0.0711,0.003760,4.433
867703,520,455,975,215,67,51,29.79,0.8797,0.5286,0.187028,14,3,41,289.90,0.8708,0.0633,0.003186,4.457
867735,520,465,985,217,50,83,15.48,0.8761,0.5203,0.176600,8,6,29,283.12,0.6734,0.0545,0.002706,4.299
867740,520,415,935,227,59,148,352.97,0.8468,0.5689,0.215996,55,9,9,25.15,0.8299,0.1232,0.010275,4.413
867763,520,454,974,204,46,178,335.93,0.8606,0.5308,0.180076,3,9,40,266.80,0.8748,0.0651,0.003679,4.286
867767,520,395,915,223,19,237,324.99,0.9891,0.5891,0.222704,14,8,96,270.96,0.9793,0.1353,0.011115,4.462
867777,520,398,918,254,0,119,5.13,1.0000,0.5832,0.224065,40,28,27,24.05,0.2020,0.1376,0.013608,4.309
867788,520,358,878,234,39,249,324.76,0.9806,0.6243,0.257854,44,40,47,310.86,0.1193,0.1815,0.022583,4.241
867789,520,252,772,255,108,244,330.61,1.0000,0.7183,0.385195,55,66,59,157.44,0.1480,0.2709,0.050244,4.341
867793,520,350,870,248,14,227,333.16,0.9948,0.6250,0.258196,34,50,16,130.38,0.7183,0.1918,0.026587,4.024
867806,520,337,857,253,15,241,330.99,0.9962,0.6430,0.275783,34,54,10,130.84,0.8797,0.2039,0.030003,4.072
867812,520,433,953,241,1,106,7.30,0.9989,0.5527,0.197664,2,22,47,253.87,0.8510,0.0991,0.007919,4.276
867817,520,91,611,243,209,249,321.22,0.8788,0.8852,0.714959,28,112,47,147.08,0.9585,0.3990,0.120400,4.489
867824,520,419,939,187,65,235,314.43,0.8978,0.5592,0.203447,24,15,58,287.20,0.7232,0.1092,0.008413,4.339
867827,520,432,952,214,72,118,4.37,0.7592,0.5480,0.202412,0,26,41,236.53,1.0000,0.1046,0.008988,4.279
867847,520,479,999,196,64,132,352.43,0.7383,0.5110,0.170703,0,1,0,142.50,1.0000,0.0135,0.000217,4.395
867869,520,456,976,188,22,231,317.11,0.9751,0.5268,0.170360,22,3,24,324.23,0.7216,0.0601,0.003017,4.156
867877,520,461,981,222,56,37,30.46,0.9355,0.5287,0.184942,8,9,4,115.98,0.3149,0.0496,0.002558,4.470
867882,520,373,893,253,13,153,354.56,0.9903,0.5958,0.234740,39,37,22,101.53,0.3271,0.1587,0.018124,4.180
867888,520,445,965,205,79,127,359.61,0.6979,0.5444,0.201054,1,20,30,231.65,0.8687,0.0819,0.006005,4.483
867902,520,455,975,205,41,180,335.52,0.8822,0.5301,0.178623,4,14,6,150.78,0.6051,0.0586,0.003530,4.271
867929,520,355,875,254,59,140,1.22,0.9887,0.6164,0.260957,14,42,75,254.45,0.7025,0.1806,0.022572,4.285
867931,520,465,985,204,13,186,333.32,0.9723,0.5187,0.166724,18,0,32,307.95,1.0000,0.0539,0.002329,4.142
867937,520,473,993,185,67,175,331.28,0.7509,0.5175,0.174251,5,0,16,300.12,1.0000,0.0276,0.000697,4.423
867951,520,400,920,245,49,95,14.28,0.9345,0.5780,0.224387,11,19,86,268.86,0.9340,0.1362,0.012087,4.419
867970,520,345,865,252,59,189,344.79,0.9761,0.6329,0.275008,36,47,38,150.21,0.2227,0.1896,0.025480,4.306
867981,520,400,920,172,110,200,314.60,0.6106,0.5806,0.240933,3,41,8,145.39,0.9830,0.1426,0.016227,4.393
867987,520,477,997,223,32,60,21.32,0.9563,0.5148,0.170500,3,1,0,66.15,1.0000,0.0193,0.000411,4.374
867991,520,335,855,254,67,173,350.68,0.9892,0.6360,0.281056,27,49,70,248.55,0.4638,0.2041,0.028717,4.206
868000,520,458,978,188,21,236,315.98,0.9792,0.5306,0.172851,20,3,32,308.96,0.7853,0.0626,0.003181,4.190
868003,520,446,966,200,43,204,327.02,0.9046,0.5380,0.183685,11,7,55,276.70,0.9022,0.0817,0.004989,4.250
868011,520,348,868,213,83,251,317.64,0.9739,0.6292,0.272993,44,44,35,107.34,0.1568,0.1879,0.024582,4.331
868014,520,380,900,225,83,167,347.34,0.7795,0.6001,0.249865,60,23,41,351.79,0.5409,0.1639,0.017337,4.453
868023,520,471,991,205,72,45,33.32,0.8627,0.5153,0.178055,8,0,24,298.10,1.0000,0.0366,0.001176,4.456
868060,520,461,981,229,11,114,2.85,0.9819,0.5324,0.181152,18,1,30,309.49,0.8856,0.0545,0.002441,4.408
868070,520,360,880,251,87,59,32.12,0.9729,0.6221,0.276448,15,44,67,245.47,0.6410,0.1811,0.023081,4.467
868075,520,359,879,225,70,223,328.48,0.9087,0.6152,0.257178,14,44,71,248.79,0.6775,0.1834,0.023495,4.180
868085,520,444,964,194,35,229,319.03,0.9529,0.5412,0.183300,19,2,59,286.44,0.9574,0.0847,0.004976,4.244
868095,520,411,931,237,47,114,6.40,0.9114,0.5658,0.212555,8,17,74,268.25,0.9243,0.1173,0.009469,4.415
868115,520,331,851,255,43,210,339.13,1.0000,0.6385,0.276442,6,55,43,171.83,0.9147,0.2005,0.029454,4.109
868116,520,412,932,229,78,16,38.35,0.9748,0.5663,0.221470,15,30,24,166.95,0.3867,0.1166,0.010960,4.453
868140,520,376,896,210,78,219,325.15,0.8574,0.5975,0.242666,3,21,105,264.87,0.9688,0.1598,0.015755,4.451
868152,520,427,947,242,21,106,8.08,0.9760,0.5596,0.204575,15,24,12,138.07,0.4287,0.0954,0.007814,4.403
868180,520,393,913,245,46,146,356.50,0.9293,0.5917,0.234450,30,34,4,116.48,0.8197,0.1369,0.014288,4.425
868192,520,431,951,222,41,161,346.13,0.8972,0.5511,0.196912,25,13,44,298.51,0.6244,0.0951,0.006764,4.350
868195,520,448,968,235,23,60,21.40,0.9794,0.5358,0.186044,8,21,5,138.94,0.7642,0.0803,0.005989,4.216
868200,520,457,977,236,8,47,23.78,0.9948,0.5317,0.182150,6,10,31,271.00,0.6316,0.0625,0.003547,4.335
868207,520,433,953,209,15,217,326.28,0.9838,0.5493,0.189087,36,13,18,7.62,0.4820,0.0964,0.007066,4.190
868228,520,385,905,226,42,216,330.75,0.9511,0.5901,0.227849,39,18,75,295.13,0.7574,0.1472,0.013720,4.361
868256,520,434,954,244,8,9,28.96,0.9968,0.5463,0.194300,35,11,44,315.70,0.6661,0.1050,0.007786,4.228
868266,520,460,980,209,23,187,334.37,0.9516,0.5318,0.177580,25,6,0,49.71,1.0000,0.0616,0.003370,4.264
868270,520,360,880,212,94,220,325.07,0.8247,0.6217,0.271714,6,51,11,144.61,0.9780,0.1789,0.024304,4.330
868276,520,389,909,255,32,120,6.02,1.0000,0.5945,0.236528,38,32,29,48.26,0.1149,0.1459,0.015338,4.385
868280,520,434,954,177,84,213,315.40,0.7718,0.5524,0.204928,3,15,67,265.30,0.9413,0.1030,0.007662,4.421
868285,520,475,995,232,17,27,27.53,0.9898,0.5236,0.176390,5,3,13,294.04,0.5317,0.0349,0.001264,4.416
868287,520,366,886,240,56,186,342.87,0.9174,0.6075,0.249017,23,37,78,267.08,0.6420,0.1745,0.020553,4.238
868302,520,467,987,202,42,177,335.64,0.8697,0.5236,0.173887,11,2,19,309.43,0.7291,0.0416,0.001616,4.338
868311,520,188,708,248,170,188,4.23,0.7786,0.7881,0.523388,35,91,49,149.21,0.8463,0.3328,0.080610,4.390
868338,520,476,996,193,15,196,327.48,0.9681,0.5060,0.156663,3,0,8,305.48,1.0000,0.0200,0.000369,4.103
868339,520,375,895,252,15,174,348.10,0.9897,0.6036,0.240965,61,16,59,329.61,0.7044,0.1649,0.016786,4.357
868342,520,475,995,231,18,48,23.76,0.9859,0.5238,0.176380,13,0,1,17.47,1.0000,0.0300,0.000878,4.449
868354,520,440,960,238,14,109,6.19,0.9830,0.5501,0.195985,23,20,7,96.99,0.4623,0.0910,0.006978,4.317
868384,520,413,933,251,18,36,26.66,0.9922,0.5652,0.210729,12,17,76,270.63,0.9114,0.1217,0.010008,4.345
868400,520,364,884,250,78,16,36.63,0.9865,0.6060,0.258137,18,36,78,264.25,0.7068,0.1689,0.019403,4.440
868404,520,369,889,248,84,46,34.25,0.9588,0.6114,0.264977,14,47,28,155.28,0.7836,0.1716,0.022102,4.369
868423,520,439,959,200,3,246,317.23,0.9981,0.5539,0.189998,4,18,45,260.54,0.7873,0.0889,0.006479,4.249
868424,520,366,886,221,45,255,320.14,1.0000,0.6107,0.244709,67,5,68,327.49,0.8515,0.1710,0.017194,4.386
868442,520,364,884,250,28,186,344.42,0.9775,0.6096,0.247030,32,42,31,142.50,0.2627,0.1687,0.020619,4.206
868450,520,396,916,174,83,254,304.73,0.9893,0.5774,0.223416,4,2,107,265.84,0.9977,0.1394,0.011307,4.460
868461,520,323,843,251,87,166,354.27,0.9449,0.6488,0.300820,42,44,77,279.70,0.4254,0.2071,0.028294,4.481
868479,520,313,833,240,80,235,329.18,0.9394,0.6569,0.302633,54,45,69,301.18,0.3152,0.2173,0.030907,4.358
868492,520,269,789,235,148,21,67.57,0.9640,0.6966,0.388984,20,73,11,141.10,0.9766,0.2601,0.049378,4.417
868501,520,409,929,247,1,108,7.56,0.9991,0.5657,0.208821,29,23,63,286.25,0.6237,0.1341,0.012329,4.153
868511,520,453,973,210,64,115,3.47,0.7775,0.5301,0.186085,2,9,41,265.05,0.9027,0.0652,0.003684,4.398
868518,520,466,986,231,12,27,27.27,0.9931,0.5200,0.173341,21,2,4,14.29,0.7410,0.0480,0.002116,4.285
868531,520,341,861,238,79,192,341.37,0.8786,0.6289,0.275776,80,20,58,345.69,0.7058,0.2048,0.025115,4.337
868535,520,377,897,221,57,232,325.25,0.9381,0.6028,0.241267,47,36,2,90.53,0.9152,0.1626,0.018705,4.239
868536,520,466,986,217,27,122,358.25,0.9256,0.5164,0.169432,13,0,37,294.09,1.0000,0.0525,0.002191,4.204
868548,520,22,542,254,240,254,325.76,0.9658,0.9652,0.905471,47,130,52,144.30,0.9313,0.4646,0.168169,4.379
868551,520,441,961,146,96,221,299.24,0.7514,0.5373,0.196974,11,19,42,267.39,0.5705,0.0934,0.007040,4.330
868553,520,416,936,242,42,86,16.09,0.9461,0.5651,0.212084,4,21,73,264.34,0.9214,0.1220,0.010431,4.337
868556,520,335,855,247,83,165,353.35,0.9078,0.6368,0.286804,43,49,33,124.79,0.2861,0.2007,0.028200,4.307
868573,520,424,944,218,63,146,351.99,0.8064,0.5555,0.205381,51,3,5,24.40,0.9327,0.1060,0.007800,4.418
868584,520,259,779,238,123,230,329.91,0.9037,0.7078,0.380583,0,74,68,185.60,1.0000,0.2724,0.053147,4.174
868598,520,400,920,232,83,52,33.51,0.8958,0.5812,0.235931,1,28,80,260.73,0.9795,0.1435,0.014161,4.456
868601,520,429,949,215,43,174,340.14,0.8870,0.5462,0.192331,42,13,6,35.74,0.6977,0.1035,0.007933,4.183
868613,520,435,955,198,60,212,323.92,0.8687,0.5545,0.199925,5,21,32,239.89,0.6023,0.0883,0.006729,4.406
868617,520,389,909,171,95,247,303.83,0.9107,0.5853,0.235583,54,11,67,317.01,0.7858,0.1528,0.014290,4.442
868619,520,382,902,242,77,114,11.40,0.8788,0.6038,0.254030,42,32,51,308.05,0.3224,0.1608,0.017643,4.495
868626,520,435,955,198,14,247,316.39,0.9913,0.5538,0.190367,14,9,54,279.51,0.8443,0.0863,0.005551,4.327
868635,520,471,991,175,51,225,313.72,0.9005,0.5196,0.169188,1,9,1,143.17,0.9551,0.0420,0.002040,4.212
868646,520,422,942,220,59,149,350.96,0.8266,0.5565,0.205159,19,26,38,260.98,0.3019,0.1145,0.010172,4.241
868655,520,280,800,251,94,239,330.92,0.9823,0.6921,0.347494,69,42,105,300.81,0.6230,0.2544,0.039411,4.446
868663,520,412,932,230,44,156,349.83,0.9035,0.5659,0.210274,23,25,50,278.32,0.4664,0.1228,0.011077,4.261
868679,520,450,970,233,20,86,13.37,0.9750,0.5354,0.184989,24,5,34,312.27,0.7255,0.0730,0.004182,4.337
868698,520,391,911,198,74,238,316.66,0.9056,0.5875,0.230777,31,34,52,276.45,0.3073,0.1544,0.016833,4.201
868699,520,432,952,245,23,8,29.70,0.9943,0.5527,0.200463,43,6,21,359.41,0.7237,0.0986,0.006981,4.396
868710,520,421,941,222,10,199,334.26,0.9884,0.5594,0.198726,45,13,26,357.35,0.5875,0.1144,0.009204,4.201
868713,520,376,896,227,61,205,334.06,0.9022,0.5992,0.240785,5,17,109,265.85,0.9773,0.1598,0.015372,4.448
868722,520,329,849,202,113,236,315.88,0.8357,0.6461,0.304241,25,50,74,249.03,0.5227,0.2084,0.029822,4.438
868725,520,396,916,239,19,178,344.21,0.9798,0.5816,0.220338,46,5,76,304.70,0.9024,0.1418,0.012112,4.352
868732,520,366,886,228,35,243,324.71,0.9791,0.6080,0.241694,64,11,66,326.44,0.7818,0.1695,0.017228,4.339
868736,520,363,883,237,97,41,40.07,0.9229,0.6091,0.267169,25,42,48,222.14,0.3164,0.1699,0.020759,4.482
868745,520,390,910,255,19,133,1.32,1.0000,0.5939,0.234229,14,31,72,264.42,0.7466,0.1489,0.015411,4.345
868750,520,407,927,157,111,205,305.21,0.6173,0.5672,0.229451,21,34,18,139.80,0.4770,0.1313,0.013471,4.403
868765,520,346,866,243,20,244,328.09,0.9933,0.6287,0.260894,69,32,7,50.75,0.7826,0.1886,0.023138,4.251
868788,520,395,915,201,66,244,316.53,0.9405,0.5879,0.228470,27,34,16,126.15,0.4545,0.1360,0.014145,4.341
868791,520,465,985,186,73,161,337.23,0.7025,0.5191,0.177788,25,1,4,14.11,0.8678,0.0520,0.002372,4.349
868819,520,410,930,229,61,140,356.63,0.8445,0.5713,0.218917,24,29,39,264.04,0.2245,0.1273,0.012194,4.324
868834,520,454,974,194,69,172,335.42,0.7538,0.5331,0.187057,29,3,17,349.26,0.7246,0.0672,0.003668,4.417
868839,520,387,907,245,71,51,30.28,0.9512,0.5909,0.241613,10,38,46,219.89,0.6365,0.1482,0.016479,4.387
868842,520,348,868,216,103,203,331.93,0.7537,0.6312,0.286130,6,53,14,145.62,0.9775,0.1863,0.026165,4.413
868861,520,288,808,245,110,181,349.88,0.8641,0.6758,0.339033,28,67,18,139.79,0.9282,0.2440,0.043047,4.181
868863,520,446,966,240,10,46,24.24,0.9942,0.5406,0.189430,3,21,14,166.90,0.7731,0.0792,0.005874,4.285
868890,520,455,975,176,44,237,311.57,0.9372,0.5253,0.171469,3,15,1,138.78,0.9603,0.0589,0.003632,4.129
868904,520,451,971,212,56,143,351.09,0.8122,0.5362,0.188108,25,7,20,338.72,0.5288,0.0700,0.004092,4.402
868914,520,457,977,139,89,232,295.49,0.8250,0.5258,0.184600,17,6,28,305.17,0.6266,0.0623,0.003333,4.399
868935,520,455,975,193,52,194,327.72,0.8496,0.5267,0.176900,0,4,46,263.96,1.0035,0.0584,0.002841,4.294
868960,520,391,911,240,42,176,345.51,0.9395,0.5928,0.233188,62,3,50,338.40,0.8526,0.1468,0.013197,4.481
868964,520,221,741,240,155,203,345.21,0.7583,0.7541,0.462817,19,83,34,147.36,0.9564,0.2970,0.064402,4.483
868965,520,476,996,222,0,107,3.74,1.0000,0.5130,0.165939,7,0,1,9.43,1.0000,0.0219,0.000474,4.278
868990,520,473,993,217,42,119,0.43,0.8736,0.5244,0.177420,2,3,14,272.66,0.6396,0.0320,0.001097,4.451
869000,520,138,658,225,209,146,95.59,0.5695,0.8361,0.636845,12,104,69,160.78,0.9662,0.3740,0.104080,4.458
869022,520,354,874,229,53,242,324.96,0.9605,0.6197,0.256173,12,27,113,266.96,0.9490,0.1836,0.020541,4.340
869041,520,432,952,236,26,115,4.32,0.9593,0.5520,0.198126,46,3,18,4.25,0.8248,0.0989,0.006897,4.361
869073,520,405,925,232,38,192,338.79,0.9461,0.5841,0.223505,41,14,64,305.13,0.7462,0.1338,0.011557,4.443
869076,520,480,1000,168,40,231,310.59,0.9352,0.5051,0.156128,0,0,0,0.00,0.0000,0.0000,0.000000,4.123
869081,520,188,708,255,164,208,349.61,1.0000,0.7923,0.523672,19,92,55,155.87,0.9350,0.3319,0.080682,4.390
869084,520,454,974,225,0,141,352.51,1.0000,0.5322,0.179334,5,12,31,264.82,0.6242,0.0658,0.003941,4.252
869088,520,274,794,254,90,247,329.59,0.9962,0.6968,0.351014,10,68,51,168.09,0.9130,0.2481,0.044376,4.249
869093,520,431,951,214,56,159,345.51,0.8272,0.5472,0.196299,14,4,74,275.27,0.9737,0.1013,0.006746,4.340
869098,520,409,929,243,50,91,15.49,0.9300,0.5739,0.220945,31,27,45,293.79,0.3300,0.1325,0.012646,4.325
869116,520,464,984,189,42,212,321.66,0.9100,0.5245,0.172296,10,8,18,293.09,0.3427,0.0541,0.002819,4.209
869119,520,410,930,216,63,176,340.33,0.8282,0.5661,0.212907,15,14,82,272.67,0.9338,0.1256,0.010248,4.364
869121,520,417,937,222,35,201,333.77,0.9473,0.5697,0.209511,28,18,59,290.12,0.6701,0.1197,0.009952,4.329
869122,520,475,995,226,33,73,17.73,0.9491,0.5240,0.177404,7,1,14,308.71,0.7738,0.0319,0.000986,4.460
869129,520,454,974,224,1,134,354.68,0.9978,0.5274,0.175930,27,5,14,355.94,0.6106,0.0668,0.003733,4.205
869135,520,429,949,206,12,224,323.79,0.9886,0.5485,0.187684,24,15,48,292.40,0.6275,0.1007,0.007492,4.134
869163,520,210,730,240,146,247,324.52,0.9454,0.7573,0.458002,53,81,21,131.11,0.8654,0.3066,0.066958,4.343
869164,520,373,893,224,77,195,336.58,0.8393,0.6049,0.250974,56,28,18,40.24,0.5177,0.1594,0.017150,4.482
869173,520,478,998,158,40,255,302.41,1.0000,0.5128,0.160072,2,0,11,290.67,1.0000,0.0202,0.000371,4.171
869188,520,382,902,253,8,165,350.87,0.9944,0.6000,0.237765,70,9,21,15.63,0.8348,0.1575,0.015518,4.392
869192,520,138,658,235,199,205,6.68,0.4403,0.8395,0.629178,51,102,39,139.93,0.8756,0.3748,0.103527,4.424
869201,520,235,755,253,138,199,348.27,0.9599,0.7395,0.431857,20,76,73,189.89,0.7624,0.2859,0.057984,4.462
869209,520,303,823,247,95,198,342.48,0.9267,0.6658,0.320386,1,52,105,254.55,0.9807,0.2291,0.034821,4.367
869215,520,394,914,216,43,233,323.91,0.9564,0.5852,0.222119,24,30,55,272.14,0.4527,0.1397,0.013985,4.253
869221,520,476,996,198,72,103,8.68,0.7109,0.5143,0.176217,5,1,0,51.16,1.0000,0.0224,0.000540,4.476
869223,520,354,874,224,59,249,321.95,0.9742,0.6210,0.258168,16,45,67,244.22,0.6256,0.1845,0.023921,4.169
869227,520,459,979,217,59,90,14.34,0.8383,0.5307,0.186203,3,16,10,165.18,0.6689,0.0642,0.004118,4.365
869238,520,479,999,187,4,216,320.62,0.9941,0.5079,0.156109,1,0,6,289.16,1.0000,0.0150,0.000196,4.106
869239,520,420,940,203,4,243,318.67,0.9974,0.5566,0.192560,23,28,7,120.64,0.6292,0.1128,0.010280,4.024
869252,520,467,987,177,50,219,315.88,0.8923,0.5170,0.167439,3,4,14,274.45,0.5194,0.0360,0.001379,4.232
869253,520,452,972,180,50,226,315.11,0.9075,0.5272,0.174766,15,5,42,289.22,0.8133,0.0690,0.003773,4.180
869256,520,444,964,238,34,15,30.12,0.9870,0.5432,0.193590,13,2,62,278.32,0.9762,0.0828,0.004768,4.448
869267,520,37,557,232,244,240,174.16,0.3262,0.9500,0.881481,17,130,6,142.05,0.9967,0.4526,0.160969,4.415
869268,520,466,986,232,21,21,28.51,0.9872,0.5246,0.177494,19,2,17,331.99,0.7213,0.0501,0.002224,4.356
869283,520,369,889,248,32,184,344.64,0.9703,0.6065,0.244534,13,43,48,210.11,0.6108,0.1660,0.020266,4.192
869299,520,478,998,199,64,128,355.06,0.7450,0.5147,0.173693,2,0,7,299.60,1.0000,0.0177,0.000282,4.449
869301,520,466,986,173,57,220,313.98,0.8724,0.5183,0.169788,26,0,6,6.05,1.0000,0.0521,0.002328,4.200
869310,520,299,819,254,100,163,357.84,0.9799,0.6693,0.328327,46,58,44,141.08,0.2549,0.2338,0.037888,4.305
869323,520,232,752,247,130,242,328.85,0.9623,0.7375,0.421525,28,60,144,264.64,0.8540,0.2942,0.054919,4.494
869353,520,307,827,246,108,158,359.85,0.8522,0.6657,0.327894,40,60,26,133.78,0.6375,0.2303,0.037573,4.315
869366,520,429,949,236,48,17,31.64,0.9829,0.5486,0.199904,5,0,79,268.07,1.0000,0.0964,0.005967,4.465
869368,520,368,888,198,116,168,342.31,0.5327,0.6103,0.273251,28,44,41,181.67,0.2716,0.1750,0.022083,4.484
869369,520,440,960,238,5,112,4.94,0.9938,0.5491,0.194587,7,8,67,270.24,0.9572,0.0941,0.006240,4.349
869372,520,470,990,229,28,10,30.03,0.9902,0.5208,0.175135,3,8,4,151.30,0.4574,0.0425,0.002018,4.328
869375,520,424,944,251,6,6,29.08,0.9979,0.5609,0.206564,20,8,70,280.93,0.9105,0.1070,0.007646,4.451
869383,520,477,997,202,3,187,332.49,0.9932,0.5133,0.162115,2,2,5,283.18,0.3513,0.0245,0.000673,4.186
869407,520,241,761,241,129,252,323.90,0.9821,0.7330,0.414316,1,77,70,184.43,0.9907,0.2833,0.057561,4.317
869416,520,432,952,192,31,246,314.69,0.9727,0.5496,0.188416,21,18,36,290.34,0.4005,0.0954,0.007194,4.169
869417,520,465,985,179,79,160,335.36,0.6556,0.5158,0.177150,6,7,29,276.27,0.6697,0.0550,0.002794,4.303
869420,520,14,534,237,253,253,196.88,0.7945,0.9793,0.953464,71,130,23,134.90,0.9615,0.4732,0.173663,4.487
869425,520,395,915,217,68,211,329.63,0.8770,0.5928,0.235911,43,27,28,14.99,0.2619,0.1397,0.013813,4.480
869439,520,374,894,234,88,93,21.63,0.8360,0.5982,0.252650,9,37,69,254.24,0.7539,0.1600,0.018108,4.444
869440,520,388,908,226,19,238,325.49,0.9899,0.5950,0.228098,68,0,48,344.24,1.0000,0.1549,0.014425,4.317
869443,520,410,930,254,24,24,28.52,0.9965,0.5728,0.217939,45,21,40,335.23,0.4655,0.1349,0.012475,4.289
869446,520,413,933,251,19,77,17.90,0.9876,0.5709,0.215145,56,2,4,25.54,0.9658,0.1153,0.008931,4.499
869452,520,432,952,239,41,55,24.46,0.9598,0.5530,0.202157,34,5,49,311.30,0.8100,0.0986,0.006704,4.447
869471,520,241,761,246,148,131,30.64,0.8296,0.7263,0.424138,56,72,24,125.36,0.7224,0.2813,0.055414,4.498
869472,520,471,991,184,20,236,314.85,0.9798,0.5238,0.167480,4,4,10,283.18,0.3515,0.0353,0.001346,4.236
869495,520,475,995,222,42,21,30.64,0.9722,0.5153,0.172424,6,4,1,86.94,0.5425,0.0339,0.001277,4.338
869498,520,402,922,206,55,233,320.96,0.9280,0.5776,0.217390,14,34,27,168.94,0.4948,0.1293,0.013165,4.233
869502,520,377,897,250,22,162,351.40,0.9803,0.5962,0.235099,44,14,85,296.34,0.8361,0.1580,0.015054,4.382
869505,520,448,968,228,55,3,34.10,0.9961,0.5380,0.192358,15,10,42,285.12,0.6963,0.0779,0.004858,4.418
869515,520,419,939,200,57,223,321.67,0.9010,0.5626,0.205349,21,27,18,135.32,0.2644,0.1106,0.009870,4.265
869516,520,458,978,233,17,32,26.82,0.9896,0.5261,0.178320,26,4,6,16.06,0.6715,0.0608,0.003196,4.292
869537,520,399,919,249,52,65,23.79,0.9686,0.5827,0.229809,7,39,22,156.37,0.8715,0.1404,0.015541,4.269
869551,520,403,923,210,50,234,321.94,0.9416,0.5808,0.219251,13,33,35,203.98,0.4602,0.1289,0.012946,4.278
869567,520,319,839,227,94,222,329.13,0.8667,0.6454,0.296123,65,43,64,328.14,0.3374,0.2240,0.032218,4.210
869568,520,397,917,249,22,112,7.20,0.9791,0.5760,0.218870,67,1,27,4.67,0.9555,0.1442,0.012943,4.272
869572,520,260,780,203,142,249,309.26,0.8913,0.7060,0.388828,23,65,100,247.12,0.6879,0.2684,0.048826,4.440
869574,520,421,941,194,95,143,351.50,0.5878,0.5570,0.216385,10,32,2,137.41,0.9712,0.1147,0.011019,4.366
869615,520,398,918,254,26,56,23.59,0.9954,0.5764,0.220989,18,34,44,237.10,0.3902,0.1394,0.014545,4.198
869617,520,437,957,171,68,242,307.49,0.9178,0.5450,0.192037,28,16,20,357.66,0.2709,0.0913,0.006680,4.270
869627,520,401,921,233,78,59,30.22,0.8914,0.5774,0.230911,26,15,87,279.63,0.8949,0.1414,0.012493,4.495
869632,520,399,919,206,42,252,316.95,0.9858,0.5827,0.218076,37,31,35,338.19,0.1161,0.1444,0.014947,4.128
869633,520,477,997,201,22,168,338.04,0.9317,0.5050,0.158204,2,2,6,282.35,0.4201,0.0250,0.000695,4.107
869634,520,378,898,255,41,122,5.94,1.0000,0.5998,0.242547,71,7,14,21.52,0.9004,0.1561,0.015235,4.485
869647,520,433,953,224,62,117,4.91,0.8278,0.5548,0.205795,23,12,57,288.03,0.7657,0.1022,0.007405,4.456
869666,520,392,912,240,22,189,341.30,0.9791,0.5902,0.227762,6,14,102,266.58,0.9782,0.1467,0.013120,4.401
869687,520,324,844,235,104,172,350.35,0.7855,0.6475,0.305438,40,51,39,142.73,0.2463,0.2056,0.029652,4.462
869689,520,451,971,243,1,37,25.67,0.9995,0.5442,0.192134,15,11,29,292.08,0.4761,0.0705,0.004296,4.460
869691,520,435,955,228,54,93,13.67,0.8829,0.5480,0.199255,7,25,12,151.20,0.7025,0.0931,0.007670,4.322
869692,520,407,927,249,43,4,31.59,0.9971,0.5714,0.218799,20,13,82,276.51,0.9182,0.1277,0.010457,4.446
869700,520,432,952,193,17,246,315.21,0.9881,0.5458,0.183935,19,13,57,282.46,0.7723,0.1000,0.007217,4.089
869703,520,448,968,179,71,213,317.03,0.8170,0.5378,0.188953,21,15,23,317.59,0.2422,0.0819,0.005629,4.295
869718,520,344,864,226,81,217,330.37,0.8789,0.6250,0.270655,63,27,66,324.44,0.5895,0.1897,0.022341,4.433
869731,520,459,979,183,42,232,314.92,0.9371,0.5305,0.175506,19,10,11,11.72,0.2502,0.0647,0.003797,4.192
869736,520,376,896,229,5,239,326.03,0.9977,0.5979,0.230009,2,44,31,167.19,0.9638,0.1578,0.019131,4.050
869749,520,407,927,231,40,160,348.53,0.9189,0.5670,0.210474,42,18,53,313.97,0.6124,0.1329,0.011819,4.213
869791,520,351,871,244,75,192,342.67,0.9165,0.6349,0.280739,4,48,71,237.79,0.8702,0.1918,0.025945,4.355
869800,520,437,957,243,22,68,19.82,0.9827,0.5535,0.200493,34,16,0,65.14,1.0000,0.0947,0.007107,4.386
869805,520,440,960,241,20,75,17.60,0.9825,0.5499,0.197124,38,7,10,17.68,0.6939,0.0876,0.005860,4.424
869815,520,476,996,171,69,190,321.04,0.7570,0.5072,0.166329,5,0,4,333.70,1.0000,0.0207,0.000410,4.291
869837,520,303,823,243,124,77,41.46,0.8695,0.6674,0.340086,20,64,7,139.79,0.9782,0.2287,0.038307,4.417
869844,520,474,994,231,26,2,30.40,0.9980,0.5238,0.177352,0,5,11,237.61,1.0000,0.0341,0.001327,4.429
869855,520,373,893,254,23,161,352.52,0.9920,0.6039,0.242604,8,46,20,150.03,0.9329,0.1639,0.020560,4.147
869856,520,357,877,251,84,13,38.19,0.9894,0.6151,0.268824,50,38,28,61.31,0.2685,0.1767,0.021482,4.460
869861,520,396,916,165,105,223,305.41,0.7383,0.5772,0.234307,25,28,62,276.76,0.5585,0.1407,0.013849,4.453
869874,520,397,917,227,70,150,353.24,0.8138,0.5809,0.229158,24,29,61,274.34,0.5408,0.1416,0.014098,4.355
869879,520,354,874,210,74,255,316.28,1.0000,0.6177,0.258207,7,50,17,147.26,0.9637,0.1767,0.023668,4.184
869880,520,414,934,247,20,120,4.21,0.9796,0.5737,0.216340,40,13,52,313.85,0.6895,0.1212,0.009869,4.449
869884,520,430,950,246,16,29,27.44,0.9928,0.5534,0.200557,2,18,60,262.61,0.9407,0.1011,0.007717,4.341
869888,520,472,992,222,0,117,0.19,1.0000,0.5165,0.168167,9,3,0,66.15,1.0000,0.0339,0.001232,4.258
869890,520,363,883,224,77,207,332.78,0.8628,0.6115,0.256622,22,34,84,269.28,0.7321,0.1718,0.019546,4.409
869897,520,359,879,249,61,172,349.57,0.9468,0.6213,0.264590,36,31,93,280.94,0.7294,0.1848,0.021453,4.403
869912,520,467,987,207,15,172,338.31,0.9625,0.5163,0.165877,13,1,9,338.43,0.7341,0.0365,0.001270,4.211
869932,520,190,710,230,168,242,320.90,0.8439,0.7837,0.512402,38,88,40,144.38,0.8603,0.3226,0.075445,4.483
869938,520,476,996,229,5,24,27.36,0.9970,0.5138,0.168355,1,0,16,275.06,1.0000,0.0220,0.000439,4.329
869945,520,424,944,252,5,6,29.05,0.9983,0.5628,0.208209,23,11,67,284.17,0.8480,0.1107,0.008267,4.431
869957,520,431,951,197,37,237,317.96,0.9586,0.5535,0.193093,50,1,10,15.78,0.9568,0.1020,0.007219,4.249
869965,520,423,943,205,20,242,319.28,0.9860,0.5629,0.198919,15,15,70,274.23,0.8799,0.1135,0.008854,4.229
869986,520,200,720,174,187,251,275.27,0.8792,0.7733,0.515037,7,90,53,156.75,0.9790,0.3222,0.076142,4.479
869990,520,13,533,240,253,235,136.88,0.7908,0.9762,0.947737,70,128,70,143.94,0.7168,0.4727,0.171821,4.498
870002,520,426,946,237,5,148,352.84,0.9933,0.5603,0.202543,50,10,6,29.88,0.8180,0.1139,0.009085,4.274
870004,520,431,951,186,49,244,312.83,0.9462,0.5501,0.191685,33,17,25,348.72,0.3473,0.1021,0.007945,4.171
870005,520,469,989,212,39,136,352.57,0.8706,0.5192,0.172280,7,6,10,297.70,0.1944,0.0436,0.001973,4.277
870006,520,272,792,226,131,225,327.45,0.7980,0.7020,0.378393,36,65,76,224.38,0.4085,0.2606,0.046773,4.427
870012,520,455,975,175,78,190,322.11,0.7242,0.5256,0.182815,23,6,14,351.27,0.5091,0.0629,0.003441,4.356
870042,520,459,979,170,53,248,306.89,0.9601,0.5334,0.178703,2,3,46,268.04,0.9745,0.0580,0.002753,4.335
870049,520,464,984,190,57,180,331.18,0.8035,0.5175,0.171702,12,5,25,298.13,0.6297,0.0532,0.002569,4.217
870050,520,391,911,209,100,143,357.07,0.6239,0.5888,0.246547,30,30,66,280.66,0.5449,0.1531,0.015979,4.495
870094,520,391,911,251,57,8,33.14,0.9943,0.5863,0.234566,6,42,11,145.57,0.9626,0.1478,0.017187,4.235
870097,520,438,958,244,12,42,25.23,0.9940,0.5492,0.196667,18,17,33,285.71,0.3791,0.0884,0.006393,4.374
870121,520,423,943,246,33,66,21.32,0.9724,0.5643,0.210774,31,25,15,80.06,0.3033,0.1149,0.010211,4.331
870124,520,462,982,234,22,62,20.74,0.9796,0.5336,0.184172,5,0,43,275.74,1.0000,0.0511,0.002067,4.498
870128,520,449,969,238,15,62,20.65,0.9887,0.5397,0.188699,16,0,48,290.06,1.0000,0.0663,0.003236,4.484
870146,520,362,882,245,65,151,356.23,0.9074,0.6089,0.254306,2,10,129,264.75,0.9929,0.1794,0.018148,4.465
870155,520,208,728,219,165,221,325.28,0.6030,0.7557,0.471918,4,87,45,153.48,0.9898,0.3096,0.070313,4.338
870156,520,377,897,252,63,47,29.49,0.9857,0.5960,0.244593,55,29,0,64.88,1.0000,0.1571,0.016911,4.403
870165,520,478,998,173,60,210,316.40,0.8393,0.5138,0.167701,2,0,10,292.48,1.0000,0.0196,0.000348,4.324
870185,520,362,882,244,63,159,353.03,0.9051,0.6084,0.252944,68,29,10,44.49,0.7365,0.1811,0.021298,4.249
870187,520,465,985,148,92,207,304.02,0.7014,0.5225,0.184555,20,4,3,28.17,0.6269,0.0509,0.002422,4.474
870193,520,340,860,248,24,246,328.75,0.9926,0.6399,0.272665,13,48,84,252.30,0.7520,0.2041,0.028394,4.116
870195,520,476,996,218,39,65,20.24,0.9305,0.5098,0.167407,0,0,11,264.05,1.0000,0.0166,0.000242,4.327
870215,520,322,842,237,104,167,353.05,0.7931,0.6487,0.306977,55,48,22,94.67,0.5076,0.2089,0.029841,4.471
870217,520,311,831,235,121,110,26.98,0.7697,0.6556,0.324652,31,55,70,237.25,0.4133,0.2243,0.034658,4.425
870224,520,415,935,230,44,170,345.17,0.9119,0.5725,0.215293,52,9,30,354.54,0.7140,0.1235,0.010193,4.407
870225,520,385,905,228,55,194,337.48,0.9032,0.5896,0.231239,28,9,97,279.68,0.9522,0.1483,0.013053,4.460
870227,520,334,854,195,107,253,309.69,0.9735,0.6384,0.292103,48,48,9,109.37,0.7810,0.1986,0.027620,4.407
870228,520,465,985,191,11,224,319.74,0.9874,0.5227,0.166990,14,2,27,304.53,0.8058,0.0499,0.002159,4.160
870237,520,410,930,211,28,240,321.20,0.9785,0.5742,0.209725,43,14,49,320.45,0.6560,0.1251,0.010495,4.293
870244,520,361,881,183,117,218,312.94,0.6891,0.6178,0.278526,22,46,47,199.07,0.4250,0.1796,0.023297,4.482
870251,520,13,533,238,254,241,151.20,0.8084,0.9786,0.954112,20,135,10,142.09,0.9948,0.4698,0.174978,4.463
870254,520,454,974,185,78,174,331.72,0.7017,0.5314,0.188204,20,4,42,298.03,0.8225,0.0724,0.004027,4.409
870261,520,311,831,240,109,157,359.29,0.7954,0.6572,0.318995,42,55,19,126.18,0.6734,0.2150,0.032716,4.461
870278,520,188,708,252,179,71,73.29,0.9455,0.7877,0.533929,31,91,63,159.87,0.7941,0.3348,0.081320,4.447
870295,520,433,953,225,18,167,344.34,0.9684,0.5488,0.192328,43,4,31,342.81,0.7733,0.1001,0.006994,4.252
870300,520,414,934,237,45,121,3.69,0.9143,0.5666,0.212648,1,23,68,260.75,0.9720,0.1197,0.010365,4.351
870310,520,471,991,204,76,55,31.70,0.8189,0.5203,0.182842,3,5,19,270.85,0.6132,0.0413,0.001749,4.499
870331,520,377,897,239,75,126,5.88,0.8549,0.5996,0.248922,17,40,45,213.50,0.4686,0.1572,0.018262,4.379
870335,520,450,970,177,60,230,312.70,0.8892,0.5352,0.182930,20,13,0,88.32,1.0000,0.0691,0.004366,4.284
870359,520,429,949,208,89,45,39.61,0.8367,0.5460,0.207462,5,16,64,266.50,0.9156,0.1029,0.007730,4.460
870369,520,363,883,210,90,215,326.04,0.8156,0.6103,0.259219,33,45,1,124.10,0.9765,0.1731,0.022023,4.293
870372,520,360,880,224,88,194,337.26,0.8059,0.6178,0.267240,20,43,72,255.18,0.5905,0.1842,0.023443,4.320
870386,520,253,773,219,140,248,316.50,0.9179,0.7209,0.405948,37,72,43,148.15,0.6293,0.2705,0.052023,4.469
870395,520,418,938,247,26,20,29.01,0.9873,0.5586,0.205670,4,27,54,253.97,0.8000,0.1187,0.010760,4.208
870400,520,408,928,195,64,241,315.53,0.9263,0.5747,0.216211,48,1,70,311.00,0.9683,0.1346,0.010924,4.370
870402,520,346,866,244,77,184,345.41,0.9070,0.6332,0.280045,53,41,30,64.03,0.2702,0.1891,0.024366,4.438
870404,520,360,880,231,34,249,324.09,0.9833,0.6168,0.249749,31,28,100,277.12,0.8285,0.1818,0.020418,4.257
870406,520,405,925,219,65,191,336.23,0.8525,0.5814,0.226044,22,28,47,269.90,0.3848,0.1275,0.012063,4.448
870412,520,432,952,215,37,194,333.96,0.9271,0.5539,0.196674,33,3,52,308.16,0.8768,0.0968,0.006364,4.376
870414,520,371,891,245,88,43,36.08,0.9417,0.6108,0.265696,13,48,10,142.01,0.9494,0.1710,0.022213,4.372
870453,520,390,910,225,81,152,353.25,0.7721,0.5912,0.241618,28,26,77,279.50,0.7105,0.1519,0.015214,4.472
870454,520,443,963,222,50,111,5.35,0.8635,0.5378,0.189611,14,4,55,281.46,0.9259,0.0790,0.004560,4.392
870464,520,466,986,211,59,86,15.26,0.8250,0.5181,0.176510,20,5,6,16.01,0.5064,0.0541,0.002704,4.298
870488,520,431,951,238,48,47,27.10,0.9527,0.5550,0.204995,46,4,14,11.18,0.8153,0.0992,0.006995,4.474
870492,520,426,946,230,55,132,359.28,0.8652,0.5647,0.212241,20,26,18,137.93,0.2461,0.1069,0.009312,4.421
870506,520,425,945,197,48,238,317.43,0.9408,0.5616,0.201587,30,24,0,96.75,1.0000,0.1081,0.009293,4.243
870527,520,310,830,228,85,254,321.12,0.9945,0.6558,0.301487,64,49,15,84.84,0.6871,0.2223,0.033212,4.224
870533,520,408,928,236,66,35,32.51,0.9503,0.5665,0.218537,43,18,48,320.74,0.5761,0.1310,0.011597,4.360
870537,520,320,840,249,45,238,330.76,0.9783,0.6455,0.281925,68,21,96,309.44,0.7844,0.2119,0.026099,4.362
870546,520,467,987,230,17,31,26.91,0.9890,0.5196,0.173259,14,2,9,342.07,0.6275,0.0404,0.001565,4.330
870563,520,429,949,210,69,141,352.72,0.7603,0.5457,0.198831,10,24,22,184.17,0.3886,0.0951,0.007757,4.308
870578,520,452,972,151,77,246,299.02,0.9270,0.5336,0.185412,35,2,1,29.77,0.9453,0.0710,0.004030,4.357
870586,520,357,877,247,21,213,336.42,0.9887,0.6164,0.251177,5,51,20,149.49,0.9713,0.1800,0.024503,4.042
870588,520,480,1000,197,75,50,33.37,0.8154,0.5053,0.171347,0,0,0,0.00,0.0000,0.0000,0.000000,4.427
870590,520,469,989,204,71,98,11.83,0.7410,0.5224,0.182278,3,4,26,273.17,0.8130,0.0433,0.001808,4.483
870596,520,310,830,231,98,219,331.22,0.8690,0.6552,0.308410,73,40,26,43.39,0.5086,0.2157,0.030088,4.475
870600,520,407,927,227,47,162,347.23,0.8910,0.5651,0.209752,39,20,53,308.84,0.5728,0.1323,0.011887,4.197
870604,520,367,887,248,69,131,4.53,0.9264,0.6113,0.258547,0,48,8,145.60,1.0000,0.1658,0.021313,4.327
870632,520,375,895,194,99,210,321.69,0.7334,0.5971,0.250474,43,32,47,316.91,0.2786,0.1599,0.017519,4.450
870660,520,425,945,228,21,166,345.40,0.9644,0.5551,0.197862,26,22,43,291.36,0.4114,0.1140,0.009678,4.153
870671,520,390,910,240,80,2,38.81,0.9977,0.5891,0.242701,64,18,15,27.06,0.7345,0.1549,0.015573,4.464
870680,520,381,901,226,64,198,335.91,0.8827,0.5963,0.239151,51,0,94,300.33,1.0000,0.1636,0.015120,4.440
870691,520,366,886,230,30,240,325.92,0.9830,0.6070,0.240452,57,32,2,66.51,0.8962,0.1675,0.019074,4.205
870695,520,368,888,231,28,246,324.82,0.9867,0.6122,0.244756,54,35,12,68.94,0.6263,0.1714,0.020130,4.203
870722,520,478,998,70,101,249,269.05,0.9728,0.5052,0.174481,1,2,7,266.83,0.5685,0.0241,0.000652,4.432
870726,520,420,940,204,5,240,319.59,0.9966,0.5561,0.192389,38,21,13,45.81,0.4240,0.1143,0.009775,4.055
870735,520,414,934,164,99,225,305.44,0.7661,0.5670,0.222529,6,32,40,221.57,0.6929,0.1248,0.012249,4.378
870739,520,392,912,248,66,28,33.07,0.9726,0.5896,0.239402,50,23,50,327.18,0.5196,0.1520,0.015213,4.438
870752,520,416,936,193,83,206,323.33,0.7760,0.5697,0.219815,40,22,17,36.26,0.3756,0.1205,0.010655,4.448
870753,520,471,991,159,73,223,307.13,0.8287,0.5194,0.174643,5,0,37,278.67,1.0000,0.0449,0.001658,4.349
870761,520,391,911,216,98,133,3.62,0.6633,0.5933,0.250299,19,40,18,143.03,0.6815,0.1488,0.016997,4.482
870763,520,410,930,248,39,83,17.29,0.9605,0.5748,0.220356,49,17,25,6.47,0.5451,0.1277,0.011241,4.415
870805,520,386,906,199,62,255,313.68,1.0000,0.5896,0.228087,59,19,12,31.95,0.7112,0.1462,0.014222,4.330
870812,520,464,984,221,22,109,3.60,0.9510,0.5177,0.170528,9,1,36,286.90,0.9467,0.0500,0.002072,4.235
870832,520,453,973,142,104,189,303.25,0.5615,0.5259,0.193258,29,4,23,337.97,0.6971,0.0718,0.004099,4.496
870836,520,458,978,220,63,44,30.50,0.9111,0.5328,0.189551,22,9,1,62.26,0.7853,0.0637,0.003682,4.462
870840,520,477,997,179,43,211,318.83,0.8986,0.5081,0.160158,1,1,6,278.68,0.6638,0.0197,0.000413,4.169
870841,520,445,965,233,46,24,30.67,0.9725,0.5413,0.193467,28,4,34,319.32,0.7567,0.0768,0.004492,4.468
870859,520,359,879,235,67,200,337.68,0.8991,0.6156,0.258492,41,41,47,285.68,0.0949,0.1809,0.022625,4.248
870861,520,469,989,190,72,144,346.05,0.6944,0.5160,0.175971,11,0,22,307.86,1.0000,0.0384,0.001291,4.406
870865,520,439,959,208,49,201,330.07,0.8931,0.5542,0.198255,12,6,59,276.97,0.9267,0.0851,0.005242,4.494
870869,520,434,954,209,52,190,333.61,0.8681,0.5516,0.197310,37,13,8,33.38,0.5865,0.0954,0.006988,4.340
870878,520,385,905,245,13,174,346.62,0.9889,0.5896,0.227595,56,15,51,332.85,0.6791,0.1496,0.014215,4.323
870882,520,388,908,200,102,168,341.18,0.6141,0.5886,0.246108,34,37,1,114.30,0.9568,0.1495,0.016654,4.442
870887,520,419,939,236,51,65,23.05,0.9338,0.5557,0.205853,0,8,86,264.18,0.9870,0.1144,0.008455,4.377
870891,520,336,856,248,18,251,327.67,0.9955,0.6416,0.273570,9,57,20,147.06,0.9642,0.2021,0.030347,4.027
870916,520,455,975,207,65,123,359.41,0.7630,0.5286,0.184782,19,5,18,329.79,0.5450,0.0572,0.002907,4.438
870918,520,478,998,198,60,135,351.16,0.7612,0.5112,0.169886,2,1,6,294.08,0.6164,0.0213,0.000478,4.356
870925,520,449,969,218,48,148,350.08,0.8571,0.5426,0.191599,27,9,14,3.35,0.4546,0.0743,0.004601,4.425
870926,520,357,877,235,22,250,324.92,0.9920,0.6198,0.251406,53,21,88,301.22,0.7676,0.1825,0.019978,4.307
870932,520,451,971,225,58,18,33.62,0.9745,0.5354,0.190801,5,15,32,258.80,0.6038,0.0732,0.004782,4.396
870935,520,458,978,217,64,19,35.30,0.9649,0.5261,0.184681,14,4,29,299.62,0.7259,0.0557,0.002689,4.454
870944,520,257,777,217,142,227,322.64,0.7410,0.7111,0.396450,3,72,85,215.26,0.9557,0.2748,0.053097,4.330
870946,520,396,916,255,29,5,30.20,1.0000,0.5762,0.221535,36,24,54,300.64,0.5049,0.1372,0.012947,4.314
870949,520,478,998,82,96,255,272.74,1.0000,0.5081,0.173788,5,0,4,333.70,1.0000,0.0207,0.000410,4.439
870952,520,435,955,223,15,176,341.08,0.9756,0.5489,0.191667,32,9,37,320.15,0.6486,0.0928,0.006361,4.288
870958,520,478,998,196,36,173,335.17,0.8771,0.5062,0.160164,0,0,19,264.05,1.0000,0.0228,0.000470,4.164
870979,520,358,878,253,14,198,341.59,0.9929,0.6173,0.252773,66,5,76,321.27,0.8752,0.1755,0.017887,4.460
870989,520,434,954,234,43,100,10.55,0.9214,0.5530,0.201433,34,18,7,54.84,0.5360,0.1005,0.007881,4.344
870994,520,477,997,178,2,238,312.91,0.9981,0.5113,0.156825,2,0,17,282.31,1.0000,0.0243,0.000534,4.093
871002,520,439,959,245,4,25,27.47,0.9983,0.5483,0.195730,22,1,63,288.25,0.9792,0.0908,0.005512,4.427
871012,520,259,779,209,140,248,312.39,0.8955,0.7087,0.390897,40,70,62,175.20,0.3950,0.2722,0.051791,4.331
871030,520,452,972,194,81,119,1.74,0.6476,0.5255,0.186878,24,7,29,318.17,0.6116,0.0734,0.004349,4.358
871031,520,355,875,245,84,105,16.68,0.9010,0.6154,0.267762,35,43,36,148.65,0.1722,0.1761,0.022124,4.406
871056,520,362,882,219,89,198,334.41,0.7962,0.6132,0.262841,35,44,43,188.23,0.1330,0.1817,0.023331,4.266
871057,520,455,975,199,63,158,342.11,0.7686,0.5272,0.181676,5,6,39,273.16,0.8685,0.0599,0.003090,4.364
871059,520,411,931,227,75,81,22.26,0.8398,0.5660,0.219598,32,22,35,318.28,0.3037,0.1163,0.010023,4.492
871065,520,455,975,206,32,193,331.85,0.9287,0.5344,0.180070,29,1,18,345.76,0.8279,0.0637,0.003266,4.319
871067,520,372,892,248,2,206,338.36,0.9990,0.6102,0.244593,21,43,38,177.65,0.4266,0.1658,0.020271,4.192
871128,520,402,922,204,50,252,316.18,0.9846,0.5849,0.221484,10,32,45,237.36,0.5854,0.1296,0.012870,4.318
871138,520,378,898,221,85,174,343.66,0.7684,0.5992,0.249274,30,40,26,136.92,0.3312,0.1593,0.018682,4.357
871143,520,456,976,203,66,132,354.53,0.7487,0.5260,0.182609,0,15,11,176.98,1.0000,0.0594,0.003658,4.335
871146,520,363,883,221,77,205,332.55,0.8515,0.6055,0.250898,79,1,30,7.35,0.9706,0.1723,0.017780,4.439
871148,520,442,962,210,12,206,329.37,0.9843,0.5426,0.184228,23,2,48,298.81,0.9135,0.0779,0.004390,4.306
871162,520,421,941,240,12,122,2.11,0.9857,0.5579,0.201966,38,17,14,29.09,0.4510,0.1060,0.008447,4.311
871184,520,469,989,176,76,177,327.19,0.7017,0.5163,0.175744,0,7,21,251.46,1.0000,0.0443,0.002061,4.336
871188,520,435,955,212,46,185,335.92,0.8849,0.5492,0.194559,19,22,12,121.82,0.3095,0.0933,0.007388,4.262
871193,520,473,993,171,42,244,308.59,0.9487,0.5225,0.168463,13,1,1,24.99,0.8189,0.0331,0.001095,4.276
871198,520,469,989,168,63,219,312.16,0.8499,0.5166,0.169951,9,4,14,309.07,0.4739,0.0422,0.001766,4.249
871200,520,448,968,146,91,237,297.00,0.8452,0.5411,0.197077,12,14,31,276.93,0.4518,0.0754,0.004912,4.500
871202,520,407,927,243,42,82,17.43,0.9496,0.5663,0.213232,1,37,24,164.57,0.9778,0.1316,0.013955,4.116
871203,520,364,884,241,43,206,337.05,0.9578,0.6111,0.248876,21,16,115,271.64,0.9669,0.1742,0.017677,4.416
871216,520,419,939,214,77,130,359.80,0.7385,0.5585,0.212178,7,31,2,139.29,0.9755,0.1099,0.010295,4.348
871219,520,211,731,237,165,182,3.75,0.6271,0.7623,0.482940,51,82,48,142.24,0.5565,0.3130,0.069516,4.459
871224,520,480,1000,205,69,48,31.49,0.8601,0.5116,0.174510,0,0,0,0.00,0.0000,0.0000,0.000000,4.490
871229,520,399,919,229,85,12,40.78,0.9802,0.5756,0.231843,5,36,42,213.02,0.7707,0.1377,0.014611,4.362
871234,520,452,972,210,67,108,7.19,0.7695,0.5314,0.188009,0,4,56,264.15,0.9846,0.0696,0.003723,4.430
871240,520,248,768,247,145,98,44.85,0.8619,0.7153,0.409094,25,67,110,251.72,0.7021,0.2820,0.053465,4.437
871251,520,373,893,243,48,180,345.14,0.9350,0.6041,0.244669,3,39,71,250.03,0.8794,0.1649,0.019252,4.255
871273,520,436,956,242,27,76,17.83,0.9742,0.5549,0.201863,18,11,53,283.86,0.7739,0.0919,0.006250,4.478
871282,520,411,931,243,57,32,31.10,0.9649,0.5713,0.220886,20,30,23,154.04,0.2716,0.1199,0.011391,4.412
871308,520,421,941,242,36,77,18.25,0.9606,0.5596,0.206782,1,33,4,144.89,0.9927,0.1137,0.011029,4.208
871318,520,363,883,233,59,208,334.72,0.9212,0.6096,0.250082,69,7,65,331.15,0.8179,0.1745,0.017990,4.414
871321,520,422,942,243,39,32,28.70,0.9727,0.5576,0.206134,39,18,7,47.81,0.5940,0.1081,0.008793,4.357
871322,520,400,920,208,66,215,325.93,0.8740,0.5786,0.222144,35,33,20,100.47,0.3044,0.1424,0.014956,4.190
871324,520,458,978,231,44,3,32.24,0.9967,0.5348,0.187999,7,13,8,150.01,0.3003,0.0591,0.003505,4.448
871325,520,357,877,234,18,248,325.15,0.9935,0.6156,0.247048,79,17,15,26.71,0.8431,0.1845,0.020979,4.185
871330,520,338,858,203,111,224,319.93,0.7774,0.6370,0.294485,55,42,55,326.27,0.2291,0.2038,0.027440,4.448
871334,520,423,943,221,59,162,346.39,0.8384,0.5642,0.211111,41,16,16,21.23,0.4971,0.1094,0.008795,4.441
871335,520,392,912,241,19,186,342.34,0.9827,0.5896,0.227147,1,42,36,180.47,0.9732,0.1525,0.017897,4.082
871340,520,425,945,248,28,4,30.25,0.9972,0.5610,0.207994,48,9,13,18.53,0.7344,0.1101,0.008529,4.408
871344,520,469,989,228,24,69,18.40,0.9705,0.5229,0.175799,5,4,22,282.06,0.6726,0.0425,0.001770,4.362
871357,520,1,521,255,255,255,0.00,0.0000,1.0000,1.000000,37,137,55,146.06,0.9589,0.4842,0.185597,4.457
871360,520,453,973,230,34,22,29.48,0.9760,0.5267,0.180280,16,6,41,290.74,0.7734,0.0709,0.004005,4.264
871368,520,428,948,236,39,118,4.10,0.9282,0.5597,0.205950,8,24,29,220.34,0.4744,0.0969,0.007936,4.418
871370,520,412,932,215,91,81,27.17,0.7430,0.5668,0.225256,25,29,20,127.29,0.2309,0.1206,0.011359,4.486
871378,520,341,861,243,42,233,330.58,0.9754,0.6304,0.265966,72,2,92,316.30,0.9593,0.1979,0.021940,4.392
871381,520,479,999,184,45,201,323.05,0.8767,0.5105,0.162855,1,0,2,311.99,1.0000,0.0114,0.000108,4.248
871382,520,441,961,177,69,218,315.13,0.8351,0.5360,0.186663,2,19,43,255.25,0.8390,0.0885,0.006530,4.186
871386,520,359,879,252,44,182,346.38,0.9772,0.6192,0.258776,7,47,52,207.30,0.7973,0.1784,0.023260,4.215
871394,520,261,781,220,138,223,325.69,0.7397,0.7055,0.387217,0,75,44,157.90,1.0000,0.2675,0.052138,4.281
871400,520,407,927,229,14,186,339.57,0.9831,0.5656,0.205199,12,17,86,269.81,0.9397,0.1333,0.011509,4.149
871409,520,464,984,210,2,176,337.79,0.9953,0.5212,0.168818,18,4,4,21.76,0.5466,0.0486,0.002242,4.189
871421,520,476,996,189,75,124,356.29,0.6622,0.5100,0.173078,0,1,9,261.82,1.0000,0.0198,0.000414,4.425
871434,520,395,915,194,105,172,337.13,0.5876,0.5867,0.245524,8,38,40,201.37,0.6867,0.1443,0.015910,4.484
871455,520,454,974,186,58,203,322.76,0.8404,0.5270,0.177783,29,5,10,8.70,0.6423,0.0687,0.003917,4.225
871479,520,385,905,255,54,10,32.46,1.0000,0.5919,0.239240,33,28,61,288.16,0.5114,0.1476,0.014907,4.456
871493,520,401,921,230,59,154,351.44,0.8588,0.5770,0.222867,41,27,37,337.27,0.2724,0.1405,0.013889,4.271
871496,520,364,884,247,62,144,358.84,0.9239,0.6072,0.252363,23,42,52,232.47,0.3857,0.1705,0.020860,4.267
871509,520,331,851,214,85,255,316.91,1.0000,0.6358,0.280147,23,55,3,136.37,0.9824,0.1990,0.029210,4.168
871526,520,458,978,191,44,208,323.28,0.8990,0.5264,0.174333,0,5,44,263.61,1.0013,0.0584,0.002904,4.240
871541,520,400,920,250,20,134,0.17,0.9811,0.5845,0.225491,38,11,81,293.33,0.8626,0.1425,0.012455,4.411
871555,520,377,897,251,55,127,4.83,0.9616,0.6032,0.247774,30,38,41,222.55,0.1421,0.1589,0.018223,4.365
871559,520,318,838,253,108,59,38.47,0.9810,0.6553,0.319269,17,49,103,260.26,0.8066,0.2241,0.032949,4.452
871563,520,403,923,237,32,176,344.58,0.9554,0.5818,0.221751,42,4,72,303.52,0.9128,0.1307,0.010470,4.494
871576,520,398,918,213,29,238,322.16,0.9771,0.5765,0.211998,64,8,14,20.66,0.8574,0.1419,0.012955,4.162
871586,520,431,951,229,27,135,356.07,0.9450,0.5455,0.191940,5,21,51,260.78,0.7913,0.1016,0.008076,4.166
871592,520,424,944,166,86,242,304.11,0.8882,0.5617,0.211739,46,1,49,325.47,0.9233,0.1129,0.008244,4.494
871595,520,290,810,236,132,131,21.27,0.7252,0.6819,0.359765,13,67,47,163.64,0.8913,0.2442,0.043049,4.404
871604,520,330,850,251,100,35,40.46,0.9720,0.6378,0.297483,16,57,49,177.77,0.7226,0.2127,0.032580,4.208
871612,520,373,893,230,50,211,333.08,0.9368,0.5992,0.238098,30,27,82,279.85,0.7261,0.1605,0.016690,4.320
871619,520,430,950,196,49,227,319.73,0.9224,0.5523,0.194799,34,16,12,33.36,0.4261,0.0973,0.007373,4.267
871671,520,421,941,246,34,13,30.20,0.9906,0.5600,0.207695,45,14,22,6.32,0.5675,0.1145,0.009300,4.346
871674,520,407,927,209,83,170,341.59,0.7318,0.5749,0.226460,20,33,14,136.40,0.5678,0.1266,0.012681,4.411
871710,520,475,995,169,40,242,308.48,0.9494,0.5163,0.163642,5,0,21,292.70,1.0000,0.0311,0.000864,4.200
871743,520,463,983,181,29,244,312.03,0.9715,0.5298,0.172352,19,3,0,44.28,1.0000,0.0462,0.002036,4.273
871776,520,430,950,243,6,57,21.88,0.9963,0.5476,0.194838,6,17,59,266.67,0.8773,0.1004,0.007553,4.254
871783,520,398,918,253,36,15,30.18,0.9928,0.5758,0.221827,27,35,0,121.45,1.0000,0.1363,0.014351,4.224
871786,520,410,930,234,37,149,352.75,0.9290,0.5661,0.209884,34,23,45,306.25,0.4200,0.1266,0.011424,4.231
871788,520,380,900,196,92,222,319.18,0.8062,0.5968,0.246652,11,36,72,257.98,0.7497,0.1605,0.018007,4.362
871792,520,111,631,246,198,252,322.63,0.9611,0.8664,0.670104,0,106,108,197.06,1.0000,0.3932,0.113902,4.393
871806,520,361,881,245,50,194,341.46,0.9439,0.6162,0.255918,32,35,87,276.39,0.6658,0.1842,0.021972,4.251
871807,520,285,805,232,143,97,47.45,0.7161,0.6898,0.376660,31,69,16,138.25,0.9357,0.2521,0.045848,4.451
871819,520,411,931,199,66,225,320.57,0.8830,0.5711,0.214763,2,16,77,264.65,0.9576,0.1158,0.009192,4.473
871826,520,388,908,253,31,130,2.41,0.9834,0.5932,0.234779,41,32,16,81.02,0.4278,0.1461,0.015419,4.353
871828,520,411,931,252,13,74,18.54,0.9926,0.5708,0.214814,54,9,9,25.05,0.8227,0.1212,0.009995,4.414
871829,520,473,993,202,11,198,329.41,0.9806,0.5225,0.168750,1,2,12,269.41,0.7607,0.0266,0.000764,4.309
871836,520,417,937,222,82,94,18.70,0.7769,0.5688,0.223748,23,30,19,134.41,0.3047,0.1213,0.011577,4.446
871841,520,463,983,175,28,254,308.21,0.9951,0.5292,0.171011,15,5,6,11.95,0.3796,0.0479,0.002233,4.231
871848,520,420,940,221,82,67,29.19,0.8292,0.5617,0.218145,1,30,35,210.65,0.9307,0.1136,0.010563,4.428
871852,520,354,874,253,43,173,349.27,0.9834,0.6163,0.256310,52,36,42,354.61,0.2278,0.1792,0.021590,4.279
871857,520,415,935,224,41,194,336.29,0.9298,0.5725,0.213306,36,25,9,75.17,0.5297,0.1201,0.010901,4.324
871864,520,365,885,227,77,199,336.12,0.8550,0.6120,0.257645,48,39,8,92.65,0.7390,0.1729,0.020970,4.335
871871,520,406,926,254,30,29,28.36,0.9963,0.5756,0.220919,16,32,43,239.87,0.4189,0.1318,0.013176,4.288
871893,520,464,984,166,90,171,324.93,0.5957,0.5200,0.183604,13,1,34,295.92,0.9238,0.0520,0.002228,4.473
871905,520,449,969,218,23,179,339.03,0.9551,0.5438,0.187753,2,15,32,252.18,0.7619,0.0710,0.004588,4.355
871908,520,445,965,210,67,131,356.82,0.7647,0.5394,0.193568,4,1,65,268.71,0.9956,0.0783,0.004291,4.486
871910,520,439,959,226,30,165,345.43,0.9395,0.5545,0.198165,20,19,15,95.48,0.1207,0.0872,0.006490,4.393
871929,520,352,872,216,72,255,318.05,1.0000,0.6246,0.264554,21,7,133,270.30,0.9918,0.1908,0.020047,4.491
871933,520,431,951,235,35,113,5.40,0.9376,0.5537,0.200595,40,12,5,36.75,0.7116,0.0981,0.007251,4.377
871934,520,438,958,241,30,53,23.94,0.9763,0.5505,0.198897,18,5,62,282.76,0.9213,0.0919,0.005849,4.457
871952,520,385,905,236,39,189,340.62,0.9474,0.5903,0.229608,58,16,38,351.05,0.6407,0.1477,0.014102,4.362
871958,520,450,970,234,12,119,2.05,0.9828,0.5446,0.190903,15,6,40,289.74,0.7685,0.0691,0.003850,4.474
871960,520,341,861,247,18,232,331.75,0.9934,0.6273,0.260360,44,45,64,281.82,0.2628,0.2035,0.027824,3.988
871968,520,477,997,216,44,45,26.53,0.9365,0.5065,0.165923,1,0,12,278.75,1.0000,0.0192,0.000330,4.290
871975,520,250,770,231,130,246,322.28,0.9350,0.7180,0.396097,23,70,67,189.31,0.6715,0.2651,0.049675,4.476
871978,520,269,789,244,118,206,340.30,0.8924,0.6971,0.366487,6,71,58,174.65,0.9459,0.2597,0.048505,4.228
872014,520,432,952,192,30,248,314.28,0.9751,0.5508,0.189136,34,19,6,61.18,0.5792,0.1025,0.008190,4.110
872026,520,410,930,230,41,178,342.56,0.9256,0.5746,0.216259,16,1,95,272.77,0.9970,0.1271,0.009580,4.469
872042,520,480,1000,196,41,169,336.55,0.8531,0.5073,0.161880,0,0,0,0.00,0.0000,0.0000,0.000000,4.238
872048,520,472,992,177,55,220,315.40,0.8803,0.5224,0.172478,2,0,25,275.68,1.0000,0.0306,0.000831,4.377
872053,520,438,958,108,111,242,278.03,0.8741,0.5452,0.209672,0,26,20,175.58,1.0000,0.0942,0.007893,4.485
872058,520,437,957,196,82,169,337.75,0.6987,0.5519,0.206365,1,23,37,238.10,0.8850,0.0942,0.007528,4.456
872073,520,460,980,132,88,247,290.64,0.9236,0.5292,0.186003,12,5,37,287.49,0.7835,0.0619,0.003203,4.436
872078,520,456,976,207,27,182,335.34,0.9338,0.5268,0.174287,23,0,28,321.11,1.0000,0.0577,0.002660,4.259
872103,520,216,736,249,144,233,332.83,0.9593,0.7588,0.459716,20,82,64,169.39,0.8486,0.3018,0.065532,4.412
872119,520,437,957,236,54,9,33.17,0.9908,0.5534,0.204941,19,19,24,285.40,0.1286,0.0895,0.006701,4.496
872135,520,445,965,194,14,238,317.29,0.9887,0.5398,0.179579,35,4,24,344.46,0.7316,0.0822,0.005102,4.166
872148,520,430,950,220,6,198,334.03,0.9925,0.5543,0.194255,0,28,10,153.25,1.0000,0.0978,0.008524,4.174
872162,520,425,945,221,53,172,342.63,0.8668,0.5637,0.208993,20,18,54,281.24,0.6555,0.1075,0.008477,4.429
872169,520,410,930,223,67,143,354.78,0.8072,0.5676,0.216879,32,31,4,107.37,0.7891,0.1303,0.012958,4.239
872172,520,348,868,239,32,252,325.34,0.9903,0.6315,0.264146,34,9,126,277.32,0.9772,0.1919,0.020417,4.461
872173,520,359,879,231,62,220,330.91,0.9275,0.6158,0.256039,59,24,69,318.19,0.6402,0.1803,0.020128,4.364
872180,520,391,911,220,90,142,358.01,0.7134,0.5910,0.244832,18,38,33,176.04,0.4274,0.1464,0.016246,4.451
872186,520,450,970,223,10,166,344.09,0.9822,0.5424,0.186608,16,15,16,325.69,0.0382,0.0739,0.004892,4.310
872192,520,351,871,231,67,242,325.25,0.9507,0.6342,0.274163,38,40,71,279.48,0.4280,0.1889,0.023845,4.390
872209,520,283,803,204,134,240,313.34,0.8200,0.6873,0.361798,56,62,13,116.18,0.8029,0.2495,0.043151,4.421
872210,520,408,928,172,104,194,317.48,0.6120,0.5661,0.225671,26,30,25,139.43,0.1328,0.1259,0.012183,4.433
872217,520,371,891,217,71,234,323.37,0.9137,0.6105,0.252006,52,35,11,73.15,0.6416,0.1683,0.019564,4.341
872220,520,471,991,229,24,66,19.37,0.9724,0.5245,0.177076,22,0,1,22.88,1.0000,0.0436,0.001728,4.390
872236,520,332,852,232,77,227,329.23,0.9150,0.6361,0.280119,75,33,8,47.69,0.7901,0.2016,0.026013,4.343
872248,520,314,834,228,100,223,329.08,0.8629,0.6556,0.309381,90,27,21,28.76,0.7765,0.2220,0.030120,4.486
872249,520,390,910,236,12,205,335.98,0.9912,0.5893,0.225064,10,38,46,219.89,0.6365,0.1482,0.016479,4.138
872268,520,386,906,237,19,200,337.56,0.9840,0.5899,0.226432,55,24,11,42.56,0.6442,0.1480,0.014898,4.260
872288,520,473,993,157,50,254,301.76,0.9939,0.5183,0.166055,3,2,11,287.93,0.6036,0.0287,0.000869,4.247
872292,520,407,927,212,88,122,5.80,0.6857,0.5676,0.223837,27,28,39,280.53,0.2176,0.1275,0.012100,4.410
872300,520,402,922,221,13,235,324.99,0.9925,0.5827,0.216603,40,22,38,330.79,0.3917,0.1285,0.011649,4.325
872308,520,381,901,235,85,118,10.55,0.8161,0.6022,0.254700,9,43,39,184.17,0.7354,0.1602,0.019322,4.395
872321,520,404,924,228,58,162,348.04,0.8611,0.5759,0.221313,25,20,72,280.87,0.7625,0.1325,0.011748,4.394
872327,520,434,954,211,34,195,332.61,0.9311,0.5457,0.189351,4,29,10,149.28,0.9279,0.1033,0.009264,4.039
872331,520,417,937,224,50,174,342.62,0.8850,0.5678,0.211870,55,9,8,26.32,0.8402,0.1231,0.010253,4.346
872355,520,414,934,231,0,199,336.38,1.0000,0.5741,0.211151,39,14,56,308.74,0.6996,0.1243,0.010310,4.330
872357,520,456,976,194,84,103,11.84,0.6383,0.5250,0.187910,8,7,39,277.70,0.7925,0.0643,0.003501,4.447
872367,520,419,939,228,11,179,341.34,0.9853,0.5591,0.199907,4,29,39,227.62,0.7498,0.1143,0.010510,4.130
872385,520,319,839,227,97,217,330.66,0.8483,0.6466,0.298921,91,5,69,342.03,0.8700,0.2198,0.027627,4.495
872394,520,343,863,222,96,206,332.72,0.8052,0.6317,0.283536,37,49,26,131.04,0.4629,0.1932,0.026645,4.352
872399,520,268,788,220,124,253,316.85,0.9796,0.6977,0.367242,25,53,130,265.03,0.8506,0.2627,0.043643,4.456
872403,520,331,851,244,109,27,45.62,0.9632,0.6390,0.302525,5,57,26,151.63,0.9730,0.2021,0.030330,4.388
872408,520,357,877,253,86,9,38.74,0.9931,0.6212,0.275615,18,44,65,245.29,0.5760,0.1812,0.023115,4.453
872409,520,430,950,216,6,204,331.43,0.9926,0.5509,0.190910,15,15,54,277.21,0.7451,0.0974,0.007095,4.219
872411,520,438,958,240,19,74,17.74,0.9834,0.5472,0.194887,9,18,42,266.19,0.6185,0.0898,0.006578,4.328
872427,520,477,997,139,89,207,300.48,0.7124,0.5063,0.171389,3,0,6,311.99,1.0000,0.0187,0.000325,4.399
872438,520,475,995,170,55,230,310.71,0.8981,0.5199,0.169924,11,1,0,38.79,1.0000,0.0301,0.000929,4.318
872457,520,384,904,247,37,145,356.72,0.9513,0.5897,0.231450,62,16,9,31.33,0.8037,0.1469,0.014146,4.388
872470,520,392,912,228,25,218,330.76,0.9788,0.5867,0.222537,26,15,97,277.37,0.9279,0.1534,0.014243,4.242
872471,520,378,898,244,41,179,345.46,0.9493,0.6011,0.240768,28,39,34,165.50,0.2127,0.1572,0.018134,4.268
872475,520,465,985,209,24,158,343.44,0.9288,0.5156,0.166794,9,5,20,295.68,0.5431,0.0476,0.002171,4.155
872487,520,457,977,143,100,198,302.32,0.6255,0.5250,0.190314,2,15,8,161.96,0.7878,0.0601,0.003721,4.473
872495,520,469,989,181,36,230,314.98,0.9465,0.5217,0.167998,9,3,10,323.03,0.4728,0.0379,0.001451,4.237
872516,520,368,888,249,24,191,342.74,0.9825,0.6089,0.245579,8,41,72,250.74,0.7768,0.1732,0.021053,4.160
872525,520,428,948,230,16,165,346.09,0.9757,0.5569,0.199130,16,27,9,134.35,0.6069,0.1043,0.009137,4.213
872529,520,425,945,198,58,220,321.83,0.8906,0.5581,0.202007,7,13,76,268.47,0.9520,0.1123,0.008548,4.304
872536,520,472,992,177,8,249,310.19,0.9944,0.5210,0.163613,5,1,13,302.11,0.7679,0.0290,0.000830,4.202
872537,520,427,947,224,9,202,333.94,0.9906,0.5648,0.203094,33,18,11,45.68,0.4080,0.0999,0.007801,4.379
872545,520,392,912,220,11,246,322.27,0.9950,0.5888,0.221109,15,9,107,270.16,0.9829,0.1521,0.013584,4.264
872551,520,473,993,198,48,171,336.56,0.8336,0.5176,0.170617,8,1,1,23.39,0.6912,0.0269,0.000755,4.347
872569,520,293,813,193,153,157,11.61,0.2669,0.6756,0.365551,21,67,33,149.14,0.8880,0.2433,0.042834,4.476
872570,520,401,921,199,75,223,320.74,0.8568,0.5797,0.225034,6,21,88,266.01,0.9446,0.1399,0.012795,4.380
872573,520,346,866,219,77,248,320.31,0.9629,0.6294,0.271469,25,30,107,272.12,0.8817,0.1888,0.021966,4.467
872574,520,467,987,209,65,62,25.77,0.8460,0.5162,0.176860,4,1,27,281.17,0.9365,0.0374,0.001266,4.425
872587,520,456,976,225,55,46,28.31,0.9264,0.5346,0.189400,11,11,23,283.08,0.3610,0.0637,0.003723,4.456
872598,520,459,979,205,74,87,18.00,0.7475,0.5254,0.185669,14,7,32,292.86,0.6497,0.0639,0.003496,4.405
872620,520,444,964,238,18,45,24.70,0.9884,0.5384,0.188025,14,12,47,279.95,0.7252,0.0848,0.005615,4.280
872632,520,370,890,237,4,241,327.45,0.9985,0.6130,0.244449,39,9,109,284.36,0.9509,0.1745,0.017308,4.375
872634,520,420,940,190,43,254,312.07,0.9945,0.5602,0.198318,22,23,40,280.57,0.3539,0.1105,0.009366,4.183
872638,520,425,945,251,3,53,23.11,0.9986,0.5635,0.208351,43,15,16,19.65,0.5450,0.1109,0.008927,4.384
872640,520,407,927,227,23,202,334.69,0.9742,0.5740,0.212105,19,2,97,274.23,0.9933,0.1332,0.010449,4.336
872646,520,294,814,237,115,210,336.49,0.8571,0.6840,0.349214,14,67,33,151.09,0.9373,0.2407,0.042173,4.331
872651,520,379,899,199,88,228,318.77,0.8443,0.5995,0.247243,36,35,38,301.14,0.0552,0.1551,0.017171,4.425
872666,520,433,953,186,47,242,313.35,0.9420,0.5470,0.188841,16,19,46,275.72,0.5675,0.0999,0.007731,4.137
872669,520,435,955,230,35,132,357.73,0.9246,0.5503,0.196939,24,17,14,44.40,0.1906,0.0865,0.006268,4.389
872690,520,456,976,156,62,253,300.80,0.9855,0.5278,0.176054,19,6,17,332.71,0.4802,0.0588,0.003092,4.258
872699,520,418,938,203,11,246,317.96,0.9935,0.5605,0.195913,34,7,66,298.11,0.8568,0.1170,0.008854,4.178
872701,520,338,858,227,119,115,23.38,0.6944,0.6408,0.307646,16,57,13,142.17,0.9530,0.2035,0.030654,4.434
872704,520,411,931,209,13,244,319.94,0.9925,0.5692,0.203766,3,25,65,260.22,0.9106,0.1225,0.010962,4.163
872705,520,480,1000,200,29,180,334.06,0.9167,0.5137,0.164552,0,0,0,0.00,0.0000,0.0000,0.000000,4.291
872722,520,440,960,202,18,229,321.49,0.9828,0.5471,0.186480,14,10,55,278.71,0.8389,0.0889,0.005863,4.233
872729,520,290,810,244,130,61,48.89,0.8932,0.6778,0.355381,15,68,6,141.13,0.9863,0.2406,0.042488,4.383
872731,520,453,973,211,45,144,349.67,0.8484,0.5252,0.177415,2,15,30,249.44,0.7438,0.0697,0.004483,4.174
872734,520,476,996,214,29,115,0.39,0.9147,0.5088,0.164151,2,1,0,82.32,1.0000,0.0176,0.000346,4.254
872739,520,399,919,250,28,122,4.38,0.9706,0.5833,0.225632,15,37,17,145.86,0.7143,0.1365,0.014651,4.263
872769,520,418,938,216,16,212,329.34,0.9829,0.5585,0.197251,18,23,60,273.50,0.6643,0.1218,0.010676,4.075
872771,520,436,956,214,27,195,333.39,0.9522,0.5476,0.190223,11,22,24,210.15,0.3017,0.0909,0.007109,4.206
872783,520,358,878,239,17,236,329.02,0.9931,0.6156,0.248105,24,16,120,272.51,0.9675,0.1828,0.019207,4.307
872785,520,478,998,180,30,216,318.22,0.9435,0.5052,0.155909,2,2,0,109.77,1.0000,0.0218,0.000563,4.072
872797,520,389,909,254,37,89,15.91,0.9932,0.5871,0.231190,58,20,32,2.70,0.5697,0.1515,0.015043,4.323
872802,520,421,941,223,10,196,335.32,0.9881,0.5594,0.198930,13,2,86,272.32,0.9928,0.1138,0.008008,4.291
872835,520,419,939,243,29,72,19.19,0.9734,0.5571,0.204047,35,21,14,47.41,0.3592,0.1102,0.009254,4.287
872841,520,444,964,229,52,68,21.95,0.9167,0.5430,0.195343,34,3,28,336.43,0.7694,0.0808,0.004891,4.470
872859,520,470,990,186,4,228,317.45,0.9955,0.5161,0.161287,11,1,20,309.39,0.8263,0.0397,0.001434,4.108
872860,520,399,919,233,70,103,13.24,0.8459,0.5763,0.226861,50,20,41,340.00,0.5256,0.1416,0.013386,4.368
872866,520,448,968,136,91,251,291.05,0.9544,0.5417,0.196813,28,12,9,31.56,0.4264,0.0798,0.005296,4.464
872869,520,473,993,204,46,157,343.10,0.8371,0.5192,0.172277,7,0,8,325.17,1.0000,0.0257,0.000627,4.390
872874,520,334,854,237,89,193,341.27,0.8612,0.6396,0.290021,78,32,5,46.78,0.8534,0.2049,0.026639,4.437
872877,520,441,961,178,76,206,318.34,0.7797,0.5379,0.190911,32,0,50,309.72,1.0000,0.0888,0.005374,4.351
872889,520,198,718,234,182,3,87.75,0.9953,0.7685,0.509566,2,90,53,157.22,0.9941,0.3214,0.075819,4.447
872893,520,290,810,244,94,235,330.17,0.9508,0.6790,0.332392,93,37,9,43.54,0.8394,0.2430,0.036704,4.410
872897,520,398,918,249,45,75,20.28,0.9663,0.5792,0.225281,13,16,94,269.84,0.9555,0.1422,0.012642,4.394
872904,520,468,988,207,21,180,335.90,0.9502,0.5231,0.170991,13,1,21,312.35,0.8292,0.0425,0.001614,4.282
872913,520,310,830,254,66,215,337.91,0.9939,0.6554,0.298767,59,28,104,297.38,0.7598,0.2161,0.027598,4.495
872931,520,461,981,219,16,153,347.40,0.9640,0.5295,0.177331,9,0,41,284.20,1.0000,0.0526,0.002182,4.357
872939,520,376,896,244,50,157,352.84,0.9212,0.5970,0.239518,61,19,42,349.27,0.6159,0.1596,0.016252,4.370
872954,520,309,829,225,105,222,328.42,0.8413,0.6576,0.313866,5,64,8,143.35,0.9904,0.2240,0.037164,4.174
872955,520,453,973,203,27,199,329.36,0.9461,0.5305,0.176058,13,15,24,274.52,0.2619,0.0746,0.004932,4.115
872957,520,442,962,178,82,196,321.07,0.7281,0.5397,0.194861,7,18,24,232.83,0.4033,0.0776,0.005437,4.417
872969,520,361,881,232,43,241,326.06,0.9723,0.6175,0.252368,20,33,100,268.90,0.8643,0.1842,0.021564,4.225
872990,520,478,998,185,68,159,337.50,0.7202,0.5097,0.169532,1,1,0,109.77,1.0000,0.0157,0.000282,4.366
873009,520,322,842,252,38,242,330.51,0.9893,0.6496,0.284955,43,47,72,276.50,0.3340,0.2125,0.030145,4.179
873012,520,416,936,213,10,243,321.20,0.9945,0.5745,0.208362,18,0,93,274.52,1.0000,0.1245,0.009189,4.365
873026,520,370,890,228,59,215,331.50,0.9219,0.6052,0.245306,36,17,100,283.53,0.8884,0.1690,0.016960,4.410
873029,520,424,944,213,10,219,326.83,0.9906,0.5566,0.194797,49,5,8,21.77,0.8597,0.1053,0.007792,4.236
873032,520,445,965,232,27,83,14.65,0.9628,0.5355,0.185673,20,18,4,102.07,0.5942,0.0820,0.005901,4.216
873036,520,470,990,217,30,125,357.30,0.9147,0.5191,0.171634,11,2,18,311.22,0.7162,0.0411,0.001582,4.297
873048,520,423,943,248,5,51,23.43,0.9975,0.5573,0.203076,32,23,2,87.35,0.8367,0.1085,0.009243,4.272
873065,520,422,942,210,63,178,337.97,0.8167,0.5568,0.204730,34,19,26,350.21,0.3117,0.1082,0.008804,4.332
873067,520,400,920,194,62,253,312.66,0.9871,0.5806,0.220076,38,29,38,326.21,0.2081,0.1419,0.014308,4.200
873073,520,377,897,214,80,208,329.57,0.8337,0.5995,0.245894,51,20,71,309.41,0.7003,0.1632,0.016591,4.443
873096,520,426,946,249,11,25,27.76,0.9957,0.5584,0.204529,38,17,22,5.32,0.4093,0.1084,0.008709,4.335
873104,520,456,976,161,55,254,302.73,0.9934,0.5282,0.174657,27,0,18,342.47,1.0000,0.0583,0.002767,4.258
873108,520,446,966,237,27,9,29.96,0.9924,0.5373,0.188114,32,3,33,326.69,0.7838,0.0805,0.004820,4.344
873137,520,476,996,189,12,210,322.64,0.9805,0.5085,0.157364,0,1,5,257.10,0.9999,0.0173,0.000327,4.120
873142,520,401,921,248,9,148,355.09,0.9919,0.5831,0.222934,50,24,31,3.39,0.4137,0.1448,0.014304,4.244
873143,520,361,881,208,78,250,316.64,0.9677,0.6154,0.257623,76,5,47,350.98,0.8434,0.1762,0.018505,4.490
873164,520,353,873,216,80,230,323.88,0.8890,0.6162,0.260512,46,34,63,302.11,0.4238,0.1777,0.020838,4.383
873178,520,407,927,220,74,141,355.79,0.7731,0.5694,0.220387,28,32,1,116.42,0.9464,0.1284,0.012821,4.304
873180,520,475,995,216,30,135,353.39,0.9124,0.5211,0.172792,0,4,4,194.77,1.0000,0.0280,0.000956,4.372
873186,520,377,897,210,72,238,320.34,0.9176,0.6034,0.245111,2,44,27,161.14,0.9708,0.1565,0.018933,4.281
873202,520,403,923,220,79,144,355.21,0.7564,0.5768,0.228236,13,30,58,259.85,0.6327,0.1343,0.013195,4.403
873212,520,434,954,208,75,134,356.21,0.7272,0.5468,0.201653,7,29,9,145.53,0.8801,0.1048,0.009436,4.234
873213,520,420,940,245,42,30,29.30,0.9718,0.5636,0.211656,19,27,24,170.15,0.1890,0.1108,0.009882,4.369
873214,520,369,889,249,75,105,15.18,0.9411,0.6122,0.261952,24,45,26,146.46,0.5503,0.1702,0.021455,4.366
873216,520,391,911,226,43,207,333.15,0.9409,0.5851,0.224039,26,4,103,277.43,0.9843,0.1492,0.012856,4.360
873236,520,346,866,246,60,203,339.32,0.9453,0.6302,0.271393,44,47,16,114.03,0.6223,0.1921,0.026059,4.226
873248,520,446,966,225,10,151,349.35,0.9812,0.5389,0.184617,14,5,58,279.85,0.9240,0.0840,0.005074,4.260
873250,520,372,892,247,80,64,29.20,0.9531,0.6066,0.258850,64,22,50,342.48,0.6026,0.1737,0.018942,4.480
873252,520,395,915,212,43,249,319.18,0.9740,0.5905,0.225661,52,22,15,34.29,0.5665,0.1395,0.013385,4.349
873257,520,338,858,238,79,211,335.39,0.9039,0.6388,0.284748,74,32,23,33.44,0.6015,0.2001,0.025509,4.433
873275,520,431,951,194,51,230,318.35,0.9213,0.5530,0.195516,7,9,70,269.70,0.9580,0.0992,0.006827,4.320
873287,520,328,848,245,93,175,350.20,0.8850,0.6497,0.303392,28,54,61,217.06,0.4146,0.2146,0.032220,4.298
873291,520,453,973,212,51,131,355.42,0.8267,0.5266,0.180057,25,6,25,327.48,0.6109,0.0706,0.004071,4.255
873297,520,394,914,248,15,165,349.95,0.9873,0.5916,0.230181,24,33,32,187.97,0.1692,0.1353,0.013862,4.387
873304,520,320,840,232,88,230,328.31,0.9038,0.6503,0.298507,32,54,43,161.76,0.3823,0.2097,0.031197,4.292
873340,520,272,792,175,157,232,294.64,0.6436,0.6972,0.390541,26,72,1,137.82,0.9972,0.2584,0.048564,4.470
873342,520,407,927,194,90,182,332.01,0.6859,0.5673,0.221605,44,15,57,313.75,0.6904,0.1340,0.011726,4.400
873343,520,392,912,241,5,195,339.75,0.9962,0.5915,0.227525,30,38,11,123.46,0.6556,0.1500,0.016864,4.151
873351,520,397,917,244,54,90,16.44,0.9294,0.5789,0.226129,19,38,18,143.01,0.6286,0.1424,0.015683,4.204
873354,520,362,882,229,86,160,351.52,0.7807,0.6077,0.258542,20,10,127,270.35,0.9868,0.1840,0.018980,4.473
873360,520,430,950,215,81,77,25.14,0.7835,0.5512,0.208701,15,21,36,266.89,0.3822,0.0972,0.007652,4.487
873364,520,200,720,201,172,255,299.78,0.9999,0.7669,0.491428,46,85,62,156.70,0.5255,0.3229,0.074254,4.357
873408,520,472,992,168,62,222,311.49,0.8604,0.5178,0.170448,0,3,11,252.27,0.9999,0.0281,0.000893,4.332
873415,520,344,864,253,85,95,21.09,0.9792,0.6290,0.282093,51,42,19,88.53,0.5033,0.1867,0.024068,4.484
873418,520,383,903,227,85,151,354.70,0.7665,0.5994,0.250647,2,41,45,205.16,0.9212,0.1538,0.017882,4.429
873426,520,386,906,234,71,125,4.80,0.8332,0.5856,0.234824,60,20,3,42.65,0.8662,0.1484,0.014677,4.404
873430,520,421,941,231,42,146,353.40,0.9080,0.5621,0.207230,44,11,20,6.35,0.6234,0.1074,0.008254,4.416
873441,520,429,949,235,44,58,23.91,0.9493,0.5472,0.197721,17,9,69,278.08,0.9125,0.1047,0.007442,4.313
873451,520,436,956,213,55,173,340.26,0.8426,0.5516,0.198978,15,7,60,279.48,0.9022,0.0901,0.005797,4.462
873466,520,474,994,228,22,48,23.86,0.9804,0.5188,0.172842,2,3,11,272.10,0.5411,0.0306,0.001022,4.368
873477,520,404,924,216,68,183,338.10,0.8230,0.5750,0.221542,8,36,4,140.72,0.9651,0.1273,0.013221,4.295
873487,520,418,938,211,57,193,333.28,0.8617,0.5612,0.206274,39,17,37,330.51,0.4944,0.1166,0.009659,4.296
873491,520,456,976,206,2,203,329.15,0.9969,0.5312,0.174790,1,10,34,260.07,0.9015,0.0606,0.003390,4.210
873495,520,462,982,207,16,198,330.73,0.9734,0.5329,0.177152,6,2,35,280.41,0.9209,0.0487,0.002035,4.365
873497,520,341,861,246,4,241,329.47,0.9988,0.6288,0.260335,0,55,39,167.11,1.0000,0.1972,0.028787,3.939
873516,520,354,874,250,87,33,37.04,0.9705,0.6180,0.272536,32,40,72,271.59,0.4730,0.1843,0.022925,4.423
873529,520,348,868,250,20,231,332.65,0.9928,0.6325,0.265969,60,21,86,308.37,0.7541,0.1908,0.021690,4.407
873532,520,399,919,252,45,24,30.31,0.9885,0.5797,0.226419,3,14,95,265.47,0.9771,0.1359,0.011596,4.488
873543,520,434,954,223,17,185,338.44,0.9749,0.5546,0.195941,9,26,28,205.44,0.4604,0.1027,0.008807,4.182
873551,520,480,1000,212,41,101,6.51,0.8744,0.5077,0.165249,0,0,0,0.00,0.0000,0.0000,0.000000,4.305
873554,520,466,986,164,93,164,327.10,0.5520,0.5186,0.184024,15,3,22,312.88,0.6945,0.0501,0.002246,4.479
873583,520,479,999,192,49,171,334.79,0.8204,0.5079,0.163450,0,0,4,264.05,1.0000,0.0106,0.000088,4.262
873584,520,403,923,207,49,240,319.73,0.9481,0.5797,0.217550,8,27,61,260.88,0.7683,0.1264,0.011724,4.335
873620,520,376,896,254,66,41,31.04,0.9950,0.6023,0.251310,57,29,5,57.56,0.7805,0.1611,0.017597,4.457
873621,520,422,942,209,32,224,324.41,0.9619,0.5608,0.199720,4,29,39,227.62,0.7498,0.1143,0.010510,4.127
873643,520,460,980,168,81,210,313.06,0.7643,0.5333,0.188636,9,10,20,278.91,0.3282,0.0585,0.003257,4.481
873656,520,302,822,247,80,234,331.24,0.9649,0.6675,0.314547,54,34,119,287.32,0.7783,0.2346,0.032602,4.413
873675,520,304,824,250,84,221,335.60,0.9708,0.6693,0.318880,65,36,96,303.48,0.6405,0.2307,0.032302,4.482
873728,520,403,923,225,72,145,355.01,0.7984,0.5776,0.226891,2,29,59,253.15,0.8902,0.1271,0.012073,4.461
873741,520,448,968,164,66,253,303.11,0.9844,0.5426,0.188813,3,7,59,267.36,0.9635,0.0806,0.004870,4.352
873743,520,333,853,255,36,216,337.49,1.0000,0.6383,0.274829,46,47,40,113.74,0.1134,0.2002,0.027671,4.182
873753,520,396,916,178,84,249,307.00,0.9443,0.5800,0.226459,51,23,1,56.57,0.9161,0.1374,0.013189,4.375
873763,520,171,691,224,181,239,317.24,0.7257,0.8021,0.551278,37,94,5,137.92,0.9915,0.3381,0.084094,4.484
873788,520,378,898,224,91,148,356.31,0.7329,0.6013,0.254699,31,32,71,279.28,0.5638,0.1627,0.017792,4.495
873800,520,371,891,239,79,140,0.91,0.8452,0.6088,0.258391,18,40,69,256.06,0.6056,0.1725,0.020758,4.358
873814,520,447,967,187,14,250,312.74,0.9910,0.5389,0.177822,36,5,0,38.27,1.0000,0.0781,0.004837,4.155
873838,520,352,872,214,116,139,5.98,0.5865,0.6226,0.286529,6,53,14,145.62,0.9775,0.1863,0.026165,4.418
873859,520,352,872,250,79,100,17.83,0.9505,0.6174,0.268394,15,54,25,148.94,0.8956,0.1949,0.028100,4.077
873863,520,456,976,129,95,232,290.47,0.8145,0.5253,0.186776,2,14,8,164.31,0.7491,0.0575,0.003445,4.430
873870,520,477,997,200,44,165,339.11,0.8443,0.5146,0.167992,1,1,4,280.91,0.5250,0.0184,0.000369,4.328
873872,520,329,849,241,114,66,40.42,0.8785,0.6456,0.311316,13,52,75,239.11,0.7285,0.2094,0.030494,4.489
873882,520,292,812,253,112,135,12.43,0.9541,0.6759,0.342234,6,48,130,261.96,0.9612,0.2448,0.037641,4.475
873888,520,464,984,216,60,38,31.24,0.9219,0.5210,0.179731,18,0,30,310.37,1.0000,0.0523,0.002223,4.399
873889,520,448,968,185,76,192,325.24,0.7516,0.5393,0.192902,27,11,14,8.34,0.3915,0.0779,0.005041,4.413
873891,520,372,892,253,14,179,346.85,0.9912,0.6076,0.244549,39,40,42,264.50,0.0361,0.1738,0.021161,4.139
873896,520,343,863,245,27,236,330.36,0.9887,0.6291,0.262554,57,0,109,298.23,1.0000,0.1897,0.019740,4.482
873903,520,375,895,236,77,132,3.28,0.8312,0.5984,0.248094,30,39,29,142.27,0.2490,0.1572,0.018157,4.374
873908,520,414,934,200,75,212,324.13,0.8297,0.5740,0.220665,34,20,48,305.50,0.5194,0.1222,0.010538,4.471
873913,520,478,998,175,80,155,336.15,0.6311,0.5084,0.172190,3,2,2,18.05,0.1289,0.0243,0.000672,4.385
873958,520,276,796,224,131,217,329.78,0.7631,0.6953,0.370913,13,67,69,198.71,0.8101,0.2529,0.045293,4.417
873969,520,382,902,238,62,176,345.84,0.8903,0.6041,0.247598,59,27,16,39.50,0.5851,0.1620,0.017512,4.408
873976,520,348,868,238,23,253,324.95,0.9935,0.6273,0.258843,23,28,114,271.05,0.9204,0.1920,0.022274,4.273
873987,520,451,971,234,5,99,8.65,0.9935,0.5369,0.185049,28,0,34,320.73,1.0000,0.0695,0.003624,4.383
873992,520,452,972,222,3,146,350.22,0.9934,0.5291,0.176727,7,8,42,274.39,0.8257,0.0680,0.003860,4.210
873998,520,294,814,214,125,233,320.38,0.8200,0.6801,0.348479,40,63,1,129.18,0.9911,0.2369,0.040082,4.423
873999,520,418,938,210,87,116,8.26,0.6835,0.5609,0.217811,41,8,61,308.89,0.8075,0.1235,0.009820,4.477
874055,520,359,879,227,50,244,324.04,0.9640,0.6157,0.251460,79,5,45,354.54,0.8541,0.1817,0.019605,4.331
874065,520,380,900,218,106,100,24.84,0.6853,0.6004,0.261358,25,43,20,139.08,0.6016,0.1631,0.019849,4.458
874066,520,366,886,222,61,237,324.22,0.9392,0.6111,0.249836,62,11,73,319.69,0.8011,0.1713,0.017446,4.446
874081,520,466,986,179,43,232,313.67,0.9333,0.5250,0.171387,16,7,7,19.39,0.2988,0.0539,0.002775,4.195
874094,520,395,915,231,57,183,341.68,0.8919,0.5907,0.233367,20,27,74,272.04,0.7367,0.1449,0.014269,4.409
874099,520,428,948,218,54,173,341.56,0.8575,0.5597,0.205632,27,11,53,296.21,0.7395,0.1014,0.007294,4.462
874103,520,385,905,230,90,75,28.95,0.8448,0.5905,0.246460,20,32,69,267.65,0.6342,0.1524,0.016114,4.484
874111,520,425,945,246,14,66,20.17,0.9912,0.5571,0.203038,15,28,22,163.93,0.3509,0.1100,0.009900,4.224
874116,520,379,899,248,71,40,32.31,0.9658,0.5957,0.246196,65,21,6,38.81,0.8234,0.1603,0.016735,4.438
874119,520,395,915,234,80,108,13.46,0.8282,0.5913,0.243153,8,38,28,167.64,0.7612,0.1394,0.015216,4.495
874124,520,422,942,200,61,220,322.34,0.8855,0.5642,0.207857,18,20,49,277.31,0.5742,0.1061,0.008506,4.407
874125,520,409,929,230,21,189,338.99,0.9741,0.5712,0.210361,30,30,21,107.62,0.2124,0.1288,0.012587,4.160
874163,520,333,853,247,47,237,330.54,0.9752,0.6426,0.279245,52,44,47,353.25,0.1055,0.2016,0.027367,4.256
874185,520,468,988,221,25,116,1.18,0.9402,0.5214,0.173310,4,7,10,241.77,0.2397,0.0431,0.001997,4.295
874201,520,464,984,228,15,75,16.04,0.9823,0.5208,0.173466,10,10,0,109.77,1.0000,0.0523,0.002816,4.231
874221,520,395,915,206,52,247,317.78,0.9622,0.5856,0.222948,57,19,17,25.55,0.6382,0.1434,0.013762,4.281
874264,520,407,927,252,15,72,19.14,0.9915,0.5710,0.215087,34,30,16,94.04,0.3650,0.1320,0.013061,4.204
874275,520,476,996,203,72,32,36.65,0.9007,0.5102,0.174376,0,1,15,263.52,1.0011,0.0235,0.000562,4.438
874285,520,408,928,154,113,216,300.45,0.6686,0.5746,0.236384,1,37,26,168.23,0.9750,0.1323,0.014041,4.472
874287,520,349,869,235,62,234,328.30,0.9481,0.6312,0.270504,31,51,17,134.16,0.7496,0.1927,0.026994,4.163
874289,520,424,944,219,83,57,32.82,0.8459,0.5580,0.215445,14,28,7,136.06,0.7507,0.1055,0.009392,4.469
874311,520,47,567,243,243,186,107.72,0.7862,0.9422,0.867014,4,128,10,142.84,0.9982,0.4445,0.154854,4.476
874314,520,453,973,148,85,227,300.60,0.8110,0.5259,0.183392,37,0,1,26.35,1.0000,0.0711,0.003956,4.326
874316,520,429,949,204,55,200,329.19,0.8677,0.5518,0.197417,6,21,46,259.47,0.7082,0.0982,0.007723,4.286
874322,520,454,974,185,86,142,347.29,0.6043,0.5276,0.189243,22,5,32,311.18,0.7085,0.0690,0.003834,4.444
874330,520,434,954,238,31,70,19.50,0.9672,0.5473,0.196026,16,17,48,277.93,0.6303,0.0971,0.007244,4.298
874341,520,475,995,168,64,221,311.60,0.8521,0.5193,0.172129,8,0,6,335.23,1.0000,0.0260,0.000648,4.386
874349,520,447,967,224,48,113,4.69,0.8746,0.5407,0.191561,11,10,51,276.32,0.8336,0.0827,0.005272,4.370
874351,520,380,900,238,1,223,331.88,0.9995,0.6022,0.235293,28,22,90,278.61,0.8423,0.1576,0.015588,4.350
874353,520,240,760,230,158,133,39.94,0.6027,0.7251,0.429720,19,80,5,140.73,0.9916,0.2834,0.058865,4.407
874357,520,374,894,228,91,122,9.26,0.7568,0.5993,0.253838,26,44,2,130.18,0.9672,0.1642,0.020253,4.325
874361,520,426,946,230,3,176,342.63,0.9959,0.5597,0.200255,50,6,27,355.85,0.7586,0.1144,0.008876,4.251
874364,520,465,985,213,44,133,354.28,0.8544,0.5235,0.176433,11,9,7,70.62,0.1168,0.0531,0.002819,4.287
874365,520,162,682,225,181,247,314.23,0.8415,0.8067,0.557715,76,90,22,120.49,0.8224,0.3543,0.089067,4.370
874383,520,315,835,251,112,31,45.16,0.9695,0.6559,0.321997,43,56,39,138.41,0.3162,0.2235,0.034884,4.382
874395,520,448,968,223,63,24,34.07,0.9599,0.5370,0.193117,24,13,16,1.46,0.2720,0.0784,0.005195,4.405
874397,520,437,957,239,41,15,30.85,0.9867,0.5496,0.199744,23,7,49,295.32,0.7905,0.0871,0.005559,4.495
874401,520,386,906,224,79,159,349.88,0.7810,0.5899,0.239449,62,19,22,19.04,0.6504,0.1541,0.015480,4.420
874410,520,465,985,198,43,174,335.49,0.8555,0.5154,0.167913,7,0,39,281.84,1.0000,0.0488,0.001916,4.197
874416,520,356,876,232,104,120,14.67,0.7553,0.6250,0.284151,11,50,37,167.04,0.8106,0.1832,0.024858,4.464
874439,520,384,904,211,96,166,345.16,0.6778,0.5950,0.249697,6,41,33,174.39,0.8355,0.1501,0.017343,4.450
874441,520,317,837,215,121,196,334.99,0.6664,0.6556,0.321090,58,48,54,341.43,0.1355,0.2223,0.032798,4.482
874443,520,319,839,211,136,131,23.86,0.4996,0.6542,0.330975,29,59,32,146.22,0.6664,0.2205,0.034933,4.486
874450,520,357,877,232,46,247,324.65,0.9728,0.6234,0.258275,28,30,98,274.70,0.8204,0.1811,0.020572,4.368
874454,520,422,942,200,103,29,51.96,0.8674,0.5554,0.220704,9,31,17,153.61,0.7101,0.1140,0.010785,4.453
874457,520,340,860,245,82,185,345.63,0.9097,0.6408,0.289528,72,35,22,39.87,0.5742,0.2024,0.026379,4.445
874480,520,436,956,214,8,212,328.85,0.9914,0.5531,0.192254,7,18,45,264.51,0.7030,0.0908,0.006672,4.275
874495,520,341,861,229,97,188,341.38,0.7925,0.6349,0.288405,37,42,80,275.83,0.5004,0.1996,0.026284,4.436
874509,520,479,999,183,41,209,320.66,0.9036,0.5116,0.162579,0,0,6,264.05,1.0000,0.0126,0.000131,4.240
874510,520,284,804,212,134,218,324.38,0.6943,0.6855,0.361105,29,57,108,261.28,0.6795,0.2549,0.042700,4.435
874549,520,409,929,236,58,110,9.00,0.8823,0.5717,0.219878,0,34,43,219.19,1.0000,0.1297,0.013184,4.271
874554,520,397,917,217,16,239,323.07,0.9906,0.5795,0.213563,36,34,9,104.72,0.6402,0.1442,0.015389,4.031
874584,520,362,882,234,87,147,358.28,0.7992,0.6124,0.264181,55,38,8,78.06,0.7438,0.1799,0.022161,4.354
874599,520,476,996,221,27,83,13.30,0.9499,0.5126,0.167833,5,1,2,359.77,0.5178,0.0235,0.000584,4.306
874607,520,400,920,246,20,140,357.50,0.9784,0.5787,0.219900,39,7,81,295.12,0.9022,0.1394,0.011774,4.369
874640,520,407,927,236,41,148,353.71,0.9224,0.5719,0.215598,44,16,56,314.36,0.6687,0.1347,0.011916,4.290
874641,520,258,778,252,124,179,354.82,0.9304,0.7073,0.383682,38,70,57,166.06,0.4556,0.2690,0.050876,4.299
874654,520,388,908,242,60,138,359.86,0.8922,0.5939,0.239471,4,40,42,200.42,0.8453,0.1499,0.017105,4.314
874658,520,475,995,204,61,126,356.78,0.7703,0.5196,0.176833,8,0,15,312.37,1.0000,0.0306,0.000861,4.460
874678,520,439,959,187,66,224,317.08,0.8678,0.5520,0.198442,3,14,58,265.23,0.9233,0.0916,0.006389,4.406
874687,520,299,819,231,105,236,326.06,0.9069,0.6743,0.331502,81,43,14,54.48,0.7259,0.2338,0.035090,4.483
874698,520,399,919,248,54,78,20.47,0.9577,0.5844,0.231483,0,27,80,260.63,1.0000,0.1407,0.013630,4.424
874702,520,453,973,203,85,19,43.86,0.9327,0.5288,0.192426,9,16,13,166.72,0.2414,0.0696,0.004577,4.442
874714,520,346,866,220,107,177,344.22,0.6949,0.6309,0.289074,9,53,4,141.41,0.9857,0.1861,0.026129,4.454
874723,520,428,948,190,57,241,314.35,0.9300,0.5605,0.202255,21,10,64,283.50,0.8524,0.1042,0.007467,4.390
874734,520,466,986,196,33,196,328.21,0.9189,0.5192,0.168107,0,10,24,247.74,1.0000,0.0530,0.002830,4.128
874746,520,475,995,186,35,223,318.16,0.9423,0.5234,0.169702,3,5,1,127.14,0.6269,0.0334,0.001301,4.283
874750,520,445,965,229,50,75,19.44,0.9139,0.5426,0.194501,25,15,7,60.31,0.4088,0.0815,0.005637,4.395
874758,520,417,937,202,46,242,317.97,0.9518,0.5711,0.209229,27,29,9,113.93,0.5608,0.1201,0.011315,4.228
874763,520,327,847,245,90,175,349.89,0.8895,0.6459,0.298229,54,44,53,329.33,0.1681,0.2066,0.028427,4.440
874785,520,427,947,182,60,247,310.45,0.9523,0.5563,0.198932,46,5,22,359.55,0.7647,0.1032,0.007474,4.331
874791,520,435,955,234,14,120,1.77,0.9796,0.5454,0.191656,16,23,4,125.60,0.7198,0.0916,0.007317,4.216
874864,520,336,856,246,28,250,327.40,0.9911,0.6405,0.273283,46,43,56,295.51,0.1898,0.1960,0.025941,4.257
874869,520,426,946,195,86,178,333.88,0.6967,0.5608,0.214735,36,22,11,58.43,0.4465,0.1132,0.009731,4.432
874881,520,327,847,234,95,216,333.01,0.8796,0.6542,0.306370,6,61,10,143.73,0.9864,0.2139,0.033980,4.244
874887,520,452,972,231,7,106,5.86,0.9896,0.5331,0.181845,36,1,1,27.95,0.9686,0.0710,0.003990,4.294
874891,520,375,895,249,22,176,347.00,0.9817,0.6007,0.238515,67,15,35,0.92,0.7065,0.1624,0.016565,4.334
874892,520,411,931,252,16,73,18.92,0.9907,0.5714,0.215508,20,32,0,127.12,1.0000,0.1210,0.011817,4.295
874902,520,443,963,225,45,105,7.58,0.8913,0.5379,0.189070,22,12,21,330.05,0.3237,0.0759,0.004877,4.356
874908,520,399,919,253,43,24,30.08,0.9924,0.5804,0.226801,58,12,25,7.47,0.7109,0.1371,0.012328,4.441
874916,520,414,934,248,15,121,3.88,0.9862,0.5746,0.216821,1,36,5,145.22,0.9935,0.1240,0.012791,4.249
874917,520,344,864,255,53,190,344.93,1.0000,0.6344,0.275273,37,50,17,127.42,0.6713,0.1945,0.027150,4.216
874925,520,409,929,250,21,97,12.04,0.9827,0.5737,0.217270,56,1,46,337.25,0.9176,0.1300,0.010599,4.411
874992,520,406,926,228,14,217,331.02,0.9898,0.5828,0.218203,50,12,44,334.52,0.6816,0.1307,0.011230,4.380
875004,520,434,954,218,57,150,349.94,0.8281,0.5513,0.200361,11,17,50,271.27,0.7138,0.0952,0.007023,4.391
875006,520,392,912,233,8,209,334.23,0.9941,0.5855,0.221034,63,8,46,343.59,0.7757,0.1518,0.014278,4.217
875014,520,195,715,255,161,180,6.78,1.0000,0.7770,0.500475,59,85,25,129.69,0.8217,0.3244,0.074969,4.405
875024,520,339,859,244,73,214,335.93,0.9385,0.6443,0.288560,17,56,14,142.14,0.9441,0.2007,0.029791,4.243
875026,520,333,853,250,98,91,25.84,0.9500,0.6400,0.298180,15,56,6,140.45,0.9774,0.1989,0.029429,4.384
875028,520,468,988,184,47,212,320.00,0.8917,0.5202,0.169781,2,7,4,160.11,0.5156,0.0390,0.001736,4.248
875054,520,437,957,206,19,217,325.47,0.9773,0.5453,0.185992,8,8,64,271.52,0.9464,0.0913,0.005954,4.218
875064,520,436,956,225,47,132,357.53,0.8757,0.5485,0.197092,43,4,19,1.19,0.7781,0.0948,0.006475,4.375
875078,520,378,898,234,52,204,336.02,0.9317,0.6035,0.243107,9,44,8,142.69,0.9586,0.1554,0.018769,4.262
875079,520,425,945,238,30,123,2.12,0.9521,0.5604,0.205389,30,5,62,296.66,0.8814,0.1051,0.007324,4.455
875091,520,229,749,234,144,233,327.34,0.8480,0.7392,0.433238,33,70,111,252.73,0.6198,0.2948,0.058511,4.453
875101,520,365,885,232,41,229,328.94,0.9674,0.6083,0.244013,60,5,82,313.01,0.9005,0.1702,0.016785,4.402
875102,520,356,876,227,92,174,345.93,0.7706,0.6184,0.270435,54,36,41,0.82,0.2470,0.1816,0.022062,4.447
875105,520,272,792,235,120,224,330.97,0.8762,0.6958,0.364790,38,69,30,139.47,0.7432,0.2585,0.047619,4.249
875122,520,257,777,241,113,248,325.50,0.9657,0.7068,0.372905,61,56,92,289.33,0.3824,0.2664,0.045931,4.408
875128,520,383,903,203,80,232,319.41,0.8789,0.5978,0.242615,40,30,40,326.25,0.2234,0.1478,0.015329,4.479
875134,520,478,998,215,45,45,26.67,0.9332,0.5052,0.165159,5,0,6,324.01,1.0000,0.0219,0.000454,4.264
875149,520,346,866,250,92,46,36.31,0.9665,0.6256,0.281789,14,47,75,247.68,0.6985,0.1949,0.026343,4.346
875155,520,402,922,237,56,139,358.16,0.8836,0.5814,0.226999,55,15,14,24.77,0.7012,0.1324,0.011857,4.478
875167,520,475,995,174,3,249,309.38,0.9978,0.5153,0.159043,0,4,7,227.14,1.0000,0.0294,0.001022,4.097
875174,520,427,947,235,29,148,352.98,0.9504,0.5635,0.206820,2,17,60,263.11,0.9425,0.0990,0.007400,4.474
875184,520,436,956,244,24,16,29.22,0.9882,0.5512,0.199273,33,10,23,347.20,0.5328,0.0884,0.006023,4.449
875196,520,336,856,207,118,198,330.83,0.6473,0.6403,0.303009,3,52,72,231.82,0.9132,0.2044,0.029431,4.444
875203,520,345,865,235,87,189,342.03,0.8469,0.6319,0.281552,23,52,20,141.89,0.8308,0.1912,0.026886,4.312
875220,520,363,883,252,5,190,343.49,0.9971,0.6096,0.245251,77,9,26,12.94,0.8443,0.1741,0.018480,4.311
875257,520,374,894,143,118,254,288.29,0.9779,0.5993,0.259520,1,46,21,153.50,0.9914,0.1614,0.020145,4.413
875259,520,363,883,242,60,174,347.32,0.9036,0.6086,0.251680,20,37,77,264.54,0.6663,0.1718,0.020076,4.305
875292,520,427,947,169,79,249,304.44,0.9469,0.5616,0.208671,16,22,30,255.74,0.2456,0.0973,0.007777,4.477
875294,520,449,969,178,59,232,312.61,0.8964,0.5373,0.184201,33,4,3,27.77,0.8336,0.0717,0.004168,4.324
875308,520,440,960,247,10,15,28.63,0.9961,0.5534,0.200293,25,17,7,72.64,0.4267,0.0860,0.006229,4.451
875333,520,469,989,223,20,112,2.78,0.9581,0.5220,0.173609,0,4,23,260.38,1.0000,0.0380,0.001487,4.343
875340,520,408,928,230,77,78,23.98,0.8527,0.5735,0.226836,20,19,78,275.56,0.8537,0.1328,0.011645,4.491
875353,520,463,983,183,63,213,318.80,0.8453,0.5346,0.184276,17,5,6,13.85,0.4334,0.0503,0.002409,4.470
875355,520,369,889,245,6,217,334.93,0.9972,0.6119,0.245555,40,38,38,17.34,0.0278,0.1677,0.019773,4.236
875373,520,366,886,251,51,165,351.71,0.9647,0.6142,0.255969,66,15,61,332.12,0.7307,0.1740,0.018370,4.475
875386,520,389,909,215,64,213,328.53,0.8866,0.5867,0.229199,31,32,47,281.17,0.2645,0.1463,0.015296,4.276
875387,520,399,919,239,54,115,7.10,0.8986,0.5755,0.222300,50,18,36,347.50,0.5464,0.1356,0.012382,4.365
875391,520,423,943,182,60,248,310.23,0.9574,0.5571,0.199551,13,19,59,271.61,0.7647,0.1087,0.008670,4.253
875423,520,433,953,236,38,64,21.68,0.9569,0.5461,0.195924,5,27,19,166.93,0.7356,0.1000,0.008631,4.194
875432,520,350,870,229,55,251,322.86,0.9838,0.6274,0.263576,3,47,78,245.59,0.8957,0.1934,0.026023,4.125
875433,520,438,958,230,33,139,355.16,0.9305,0.5520,0.197776,18,3,65,282.19,0.9577,0.0922,0.005754,4.444
875434,520,453,973,130,90,248,289.48,0.9301,0.5312,0.188353,1,17,19,204.40,0.8505,0.0684,0.004543,4.370
875440,520,387,907,219,27,237,323.94,0.9809,0.5850,0.219604,66,10,12,24.08,0.8603,0.1480,0.014021,4.211
875445,520,340,860,251,82,161,355.56,0.9470,0.6411,0.291203,67,38,33,30.45,0.3911,0.2032,0.026895,4.437
875449,520,421,941,231,51,135,357.98,0.8801,0.5643,0.211087,25,25,23,106.72,0.0475,0.1105,0.009638,4.378
875459,520,404,924,250,8,116,5.63,0.9934,0.5757,0.217622,16,32,43,239.87,0.4189,0.1318,0.013176,4.236
875462,520,425,945,238,56,53,26.99,0.9374,0.5624,0.212657,37,18,8,47.96,0.5405,0.1052,0.008435,4.495
875465,520,389,909,220,53,224,327.06,0.9338,0.5926,0.231458,34,36,15,113.43,0.4967,0.1487,0.016363,4.241
875473,520,416,936,244,46,73,20.61,0.9490,0.5694,0.216715,32,14,66,293.54,0.7707,0.1239,0.010145,4.435
875487,520,289,809,254,124,56,45.31,0.9887,0.6825,0.357749,33,62,63,198.50,0.4022,0.2433,0.041273,4.467
875489,520,455,975,185,82,155,340.12,0.6456,0.5273,0.187168,5,11,20,255.06,0.4117,0.0573,0.003221,4.456
875499,520,363,883,199,91,239,315.73,0.8883,0.6109,0.258575,11,43,58,232.41,0.6836,0.1707,0.021043,4.344
875509,520,460,980,178,67,214,316.65,0.8312,0.5322,0.183354,25,5,4,26.89,0.6516,0.0607,0.003240,4.383
875511,520,478,998,121,82,252,286.98,0.9743,0.5129,0.171275,0,1,2,233.51,1.0000,0.0151,0.000261,4.403
875516,520,21,541,255,241,246,353.63,1.0000,0.9657,0.908249,5,130,58,149.81,0.9956,0.4562,0.163023,4.498
875549,520,414,934,243,58,15,33.14,0.9865,0.5713,0.221186,6,34,19,156.67,0.8535,0.1227,0.012297,4.353
875576,520,424,944,162,87,238,303.38,0.8614,0.5550,0.206713,18,2,78,277.94,0.9854,0.1068,0.007220,4.486
875579,520,457,977,219,19,153,347.46,0.9560,0.5305,0.178282,17,11,10,29.23,0.1745,0.0642,0.003804,4.243
875583,520,319,839,234,71,246,324.99,0.9647,0.6453,0.286550,75,40,42,16.75,0.4067,0.2233,0.031808,4.114
875599,520,474,994,201,30,188,331.94,0.9236,0.5211,0.169787,1,3,18,266.42,0.8428,0.0331,0.001152,4.297
875614,520,387,907,253,50,50,27.01,0.9907,0.5873,0.233978,59,14,40,348.49,0.6794,0.1477,0.013972,4.439
875629,520,382,902,234,61,176,344.85,0.8820,0.5961,0.239672,20,39,58,249.76,0.4826,0.1633,0.019052,4.195
875637,520,467,987,189,2,227,318.55,0.9977,0.5198,0.164097,7,4,4,18.44,0.1816,0.0362,0.001408,4.165
875646,520,420,940,185,76,218,317.44,0.8222,0.5565,0.205463,2,30,36,214.23,0.8659,0.1146,0.010688,4.209
875647,520,460,980,215,18,167,341.93,0.9592,0.5296,0.176720,6,2,44,276.20,0.9610,0.0573,0.002640,4.307
875652,520,366,886,242,70,167,350.33,0.8885,0.6148,0.260506,48,35,32,33.27,0.2002,0.1676,0.019348,4.478
875665,520,478,998,228,9,45,23.85,0.9932,0.5144,0.168818,4,1,5,320.09,0.5789,0.0237,0.000585,4.326
875669,520,473,993,208,40,154,345.01,0.8652,0.5206,0.172627,9,1,0,41.05,1.0000,0.0277,0.000798,4.383
875673,520,426,946,216,15,208,330.38,0.9828,0.5555,0.194968,46,9,27,353.92,0.6765,0.1109,0.008554,4.184
875680,520,447,967,178,91,169,331.22,0.6098,0.5380,0.198128,2,19,30,236.94,0.7654,0.0799,0.005724,4.453
875687,520,393,913,221,78,172,343.92,0.7892,0.5894,0.238018,24,37,11,131.23,0.6920,0.1416,0.015415,4.403
875700,520,387,907,243,60,124,5.16,0.9008,0.5911,0.237448,29,25,78,280.79,0.7246,0.1517,0.015065,4.418
875707,520,292,812,253,86,225,335.24,0.9886,0.6785,0.329774,79,40,57,353.45,0.4416,0.2355,0.034755,4.481
875720,520,405,925,229,50,178,342.56,0.9003,0.5789,0.221562,20,29,51,266.18,0.4529,0.1312,0.012664,4.334
875727,520,472,992,187,26,220,319.38,0.9595,0.5180,0.164722,6,3,6,326.51,0.3042,0.0331,0.001170,4.196
875731,520,377,897,240,88,60,32.59,0.9096,0.6035,0.258340,0,45,26,159.71,1.0000,0.1589,0.019513,4.436
875737,520,360,880,250,25,203,339.70,0.9846,0.6175,0.253343,26,14,117,274.07,0.9666,0.1779,0.018179,4.449
875746,520,358,878,244,61,184,344.61,0.9207,0.6178,0.260343,18,50,14,141.50,0.9161,0.1807,0.024414,4.170
875764,520,395,915,238,63,132,1.68,0.8680,0.5871,0.234011,12,38,16,146.90,0.8331,0.1379,0.015017,4.368
875765,520,448,968,210,76,98,13.99,0.7433,0.5400,0.197546,25,11,32,313.43,0.5313,0.0834,0.005503,4.460
875773,520,423,943,231,59,79,19.74,0.8934,0.5555,0.206843,20,2,81,278.77,0.9856,0.1124,0.007862,4.439
875775,520,479,999,225,5,49,22.62,0.9957,0.5075,0.163408,2,0,3,318.71,1.0000,0.0147,0.000195,4.252
875778,520,399,919,233,37,176,343.78,0.9390,0.5768,0.217841,7,41,1,140.10,0.9937,0.1433,0.016332,4.038
875779,520,417,937,190,74,231,315.85,0.8718,0.5707,0.216154,12,20,71,269.82,0.8670,0.1219,0.010334,4.411
875785,520,464,984,206,32,165,340.49,0.8997,0.5176,0.168735,6,7,20,277.57,0.4690,0.0494,0.002412,4.173
875787,520,432,952,214,18,199,332.27,0.9736,0.5468,0.188544,46,2,24,354.76,0.8431,0.0996,0.006903,4.192
875788,520,208,728,207,172,235,309.56,0.6552,0.7634,0.487691,19,87,53,156.47,0.9233,0.3147,0.072116,4.403
875801,520,439,959,190,22,250,313.45,0.9844,0.5461,0.184243,9,5,68,272.34,0.9696,0.0920,0.005839,4.195
875814,520,401,921,223,19,218,329.55,0.9837,0.5758,0.212180,24,29,55,273.81,0.4661,0.1371,0.013487,4.130
875815,520,388,908,183,114,172,332.77,0.5010,0.5878,0.250815,30,38,14,124.56,0.5759,0.1505,0.016939,4.494
875850,520,453,973,233,34,8,30.68,0.9924,0.5325,0.184884,4,2,55,270.11,0.9857,0.0678,0.003450,4.394
875861,520,416,936,197,72,217,321.86,0.8463,0.5691,0.215162,39,23,28,359.15,0.2889,0.1248,0.011280,4.327
875862,520,420,940,196,29,246,315.84,0.9762,0.5550,0.192697,22,24,28,264.37,0.1019,0.1069,0.009077,4.108
875865,520,446,966,154,81,239,300.97,0.8784,0.5370,0.189872,5,17,29,248.29,0.5531,0.0762,0.005218,4.344
875869,520,434,954,221,62,128,359.83,0.8152,0.5530,0.203784,0,28,6,148.63,1.0000,0.0970,0.008436,4.343
875885,520,400,920,228,49,179,341.97,0.9017,0.5769,0.219479,64,8,15,19.64,0.8507,0.1421,0.012983,4.279
875887,520,14,534,231,254,248,178.40,0.8323,0.9751,0.946491,24,132,98,165.91,0.9349,0.4749,0.175778,4.414
875910,520,401,921,240,50,126,2.87,0.9081,0.5777,0.223160,60,7,41,346.46,0.7778,0.1420,0.012729,4.355
875914,520,416,936,233,34,175,344.02,0.9453,0.5747,0.215656,44,10,52,319.37,0.7366,0.1233,0.010006,4.427
875932,520,436,956,193,68,208,323.26,0.8295,0.5523,0.200272,33,9,22,348.79,0.5568,0.0864,0.005767,4.488
875951,520,396,916,239,53,126,2.99,0.8979,0.5781,0.224064,50,22,28,7.41,0.4537,0.1397,0.013359,4.326
875965,520,375,895,242,51,181,344.71,0.9278,0.6049,0.245841,23,37,60,259.94,0.4596,0.1610,0.018315,4.331
875976,520,346,866,227,64,244,323.79,0.9559,0.6265,0.265315,63,21,73,319.41,0.7003,0.1851,0.020743,4.457
875977,520,455,975,156,77,237,302.55,0.8764,0.5323,0.184905,15,8,24,302.95,0.4822,0.0619,0.003412,4.398
875983,520,448,968,185,45,232,315.41,0.9317,0.5358,0.180184,14,12,43,281.26,0.6754,0.0815,0.005307,4.162
875989,520,352,872,226,100,148,358.57,0.7182,0.6178,0.274236,17,36,97,266.19,0.8521,0.1862,0.022439,4.476
875990,520,337,857,245,68,214,336.10,0.9452,0.6413,0.284046,40,51,7,122.76,0.8622,0.1992,0.028341,4.264
876011,520,376,896,230,8,232,327.88,0.9959,0.5952,0.228253,63,16,39,353.63,0.6699,0.1576,0.015740,4.233
876019,520,439,959,206,34,221,324.32,0.9537,0.5546,0.194881,34,13,7,37.53,0.5623,0.0903,0.006433,4.339
876077,520,390,910,246,44,143,357.58,0.9353,0.5912,0.233807,1,41,32,173.76,0.9760,0.1477,0.016965,4.238
876124,520,479,999,204,15,172,337.52,0.9602,0.5106,0.161596,1,0,6,289.16,1.0000,0.0150,0.000196,4.215
876151,520,312,832,231,103,211,333.90,0.8440,0.6578,0.313948,3,64,20,147.22,0.9916,0.2249,0.037365,4.166
876170,520,439,959,239,39,51,25.15,0.9643,0.5512,0.200441,10,10,58,273.76,0.8950,0.0891,0.005871,4.483
876175,520,350,870,234,49,244,325.79,0.9694,0.6266,0.262231,69,20,73,324.65,0.7161,0.1938,0.022467,4.309
876198,520,362,882,249,31,193,342.28,0.9752,0.6126,0.249732,24,17,118,272.66,0.9627,0.1813,0.019030,4.342
876219,520,463,983,182,40,237,313.54,0.9471,0.5317,0.175782,13,7,2,72.71,0.5296,0.0490,0.002419,4.307
876223,520,326,846,212,114,220,324.43,0.7714,0.6519,0.312005,33,54,34,145.52,0.4726,0.2076,0.030771,4.482
876231,520,409,929,210,74,181,337.25,0.7857,0.5706,0.219373,50,22,7,47.26,0.6887,0.1346,0.012674,4.298
876233,520,403,923,245,47,116,6.94,0.9291,0.5821,0.227098,41,26,29,5.89,0.2522,0.1349,0.012990,4.399
876235,520,424,944,209,60,184,335.60,0.8334,0.5554,0.202497,46,5,39,335.82,0.7729,0.1115,0.008360,4.327
876237,520,364,884,207,82,236,319.54,0.8964,0.6089,0.253576,42,37,48,305.64,0.1847,0.1718,0.020288,4.319
876242,520,284,804,235,123,199,340.83,0.7949,0.6887,0.359538,64,61,2,106.45,0.9645,0.2545,0.044319,4.342
876249,520,478,998,184,72,153,339.94,0.6906,0.5103,0.171264,0,1,4,253.83,0.9999,0.0166,0.000305,4.398
876260,520,404,924,209,79,182,336.76,0.7676,0.5757,0.225266,16,35,10,138.73,0.8084,0.1293,0.013341,4.346
876275,520,406,926,230,40,193,338.05,0.9399,0.5822,0.221934,65,0,8,21.64,1.0000,0.1338,0.011416,4.428
876277,520,468,988,202,24,192,331.06,0.9469,0.5227,0.170175,6,1,24,290.49,0.8907,0.0372,0.001264,4.295
876279,520,444,964,215,0,199,332.52,1.0000,0.5445,0.185728,0,11,56,262.86,1.0002,0.0819,0.005248,4.267
876282,520,333,853,245,83,188,344.67,0.9118,0.6433,0.292327,62,40,24,56.33,0.4479,0.1979,0.026078,4.500
876284,520,450,970,229,42,87,14.35,0.9224,0.5390,0.190050,25,12,2,63.73,0.7096,0.0739,0.004740,4.385
876289,520,399,919,225,85,110,12.77,0.7629,0.5823,0.236329,32,27,58,288.83,0.4974,0.1421,0.013964,4.476
876296,520,408,928,194,63,240,315.51,0.9226,0.5714,0.213169,39,3,74,299.67,0.9397,0.1272,0.009909,4.393
876297,520,388,908,255,42,84,17.89,1.0000,0.5910,0.235598,57,20,40,349.04,0.5699,0.1530,0.015235,4.378
876328,520,381,901,203,72,248,315.92,0.9572,0.6001,0.241100,23,38,48,238.43,0.3354,0.1566,0.017817,4.292
876329,520,454,974,203,72,135,354.01,0.7247,0.5346,0.190824,35,1,16,356.35,0.8630,0.0735,0.004165,4.446
876349,520,435,955,230,17,140,354.24,0.9704,0.5458,0.191202,3,23,23,195.08,0.7316,0.0883,0.006940,4.236
876354,520,424,944,236,33,129,359.84,0.9413,0.5600,0.205086,11,18,67,270.18,0.8685,0.1133,0.009090,4.317
876358,520,424,944,223,60,152,350.62,0.8337,0.5642,0.211892,20,28,9,127.94,0.5780,0.1105,0.009989,4.366
876370,520,407,927,164,101,221,306.11,0.7403,0.5676,0.224208,8,22,75,266.50,0.8993,0.1282,0.011334,4.471
876372,520,136,656,255,194,183,30.24,1.0000,0.8442,0.632643,38,104,2,138.41,0.9974,0.3717,0.103167,4.457
876376,520,405,925,246,13,141,357.00,0.9872,0.5771,0.218071,46,13,50,323.23,0.6830,0.1291,0.010990,4.395
876385,520,478,998,192,50,175,333.45,0.8225,0.5112,0.165844,1,2,3,240.75,0.2913,0.0220,0.000564,4.269
876393,520,270,790,220,141,200,336.58,0.6309,0.7005,0.384370,47,68,17,129.04,0.8358,0.2601,0.047790,4.442
876394,520,372,892,224,56,231,326.30,0.9416,0.6063,0.244473,73,9,33,4.17,0.8043,0.1676,0.017219,4.381
876395,520,467,987,190,60,187,328.87,0.8055,0.5250,0.177682,8,2,20,299.50,0.7487,0.0392,0.001455,4.425
876421,520,441,961,231,34,102,8.58,0.9371,0.5418,0.190953,8,16,53,268.97,0.8120,0.0938,0.006792,4.243
876423,520,443,963,167,85,218,310.14,0.7789,0.5435,0.197751,17,18,6,112.50,0.4580,0.0794,0.005649,4.452
876430,520,388,908,246,48,119,6.14,0.9307,0.5857,0.230420,2,23,96,264.06,0.9576,0.1515,0.014701,4.334
876432,520,436,956,240,0,110,5.80,1.0000,0.5515,0.196543,25,12,41,301.90,0.6139,0.0911,0.006297,4.379
876453,520,460,980,213,49,134,354.29,0.8366,0.5280,0.180663,1,16,4,150.08,0.9603,0.0609,0.003858,4.283
876461,520,239,759,238,128,255,322.11,1.0000,0.7291,0.408374,26,69,103,245.63,0.6668,0.2832,0.054549,4.384
876467,520,480,1000,198,46,169,337.21,0.8382,0.5148,0.168261,0,0,0,0.00,0.0000,0.0000,0.000000,4.365
876474,520,439,959,171,78,231,309.13,0.8516,0.5487,0.198770,6,24,22,185.99,0.5653,0.0926,0.007499,4.327
876478,520,397,917,182,103,191,323.34,0.6242,0.5761,0.234082,39,27,38,329.18,0.2642,0.1383,0.013552,4.470
876491,520,433,953,200,32,224,321.97,0.9568,0.5456,0.186958,20,4,71,281.65,0.9542,0.1026,0.006905,4.164
876492,520,349,869,245,42,230,331.77,0.9752,0.6320,0.267845,18,28,116,268.82,0.9384,0.1917,0.022199,4.402
876497,520,394,914,234,44,189,340.24,0.9342,0.5897,0.229707,43,30,2,83.75,0.8880,0.1413,0.014466,4.339
876498,520,374,894,245,23,195,340.75,0.9823,0.6032,0.239685,28,35,59,270.61,0.4091,0.1588,0.017647,4.282
876515,520,430,950,183,85,186,326.34,0.6952,0.5454,0.201106,16,22,28,248.61,0.2105,0.0963,0.007678,4.354
876549,520,325,845,234,68,254,323.17,0.9957,0.6479,0.287847,8,33,124,265.05,0.9510,0.2068,0.025944,4.449
876561,520,367,887,249,4,196,341.22,0.9977,0.6069,0.242154,58,11,84,309.54,0.8409,0.1743,0.017791,4.310
876577,520,375,895,233,39,219,331.70,0.9643,0.6025,0.238917,57,29,3,59.57,0.8422,0.1609,0.017553,4.277
876593,520,392,912,177,98,230,309.53,0.8026,0.5853,0.237964,25,18,94,276.69,0.9054,0.1532,0.014474,4.466
876612,520,470,990,216,60,51,28.04,0.8957,0.5225,0.180722,9,4,16,304.68,0.5204,0.0431,0.001823,4.452
876622,520,410,930,245,43,55,24.91,0.9627,0.5666,0.214195,34,31,14,99.50,0.4415,0.1343,0.013518,4.159
876623,520,475,995,216,53,79,17.38,0.8697,0.5202,0.177122,2,4,9,259.54,0.4126,0.0327,0.001195,4.436
876633,520,385,905,252,16,132,1.04,0.9867,0.5867,0.227356,15,39,35,181.50,0.5183,0.1485,0.016739,4.156
876640,520,475,995,190,26,221,320.00,0.9615,0.5237,0.169078,4,4,6,285.17,0.1539,0.0337,0.001258,4.274
876648,520,473,993,160,78,210,310.22,0.7701,0.5178,0.175761,4,1,13,296.75,0.7750,0.0278,0.000766,4.447
876651,520,200,720,219,176,185,4.27,0.3658,0.7652,0.496146,43,86,36,140.95,0.8361,0.3180,0.072963,4.442
876655,520,397,917,243,70,14,35.48,0.9865,0.5834,0.234700,41,29,24,43.69,0.2353,0.1404,0.014161,4.437
876701,520,476,996,168,50,230,310.33,0.9098,0.5123,0.163200,4,0,0,29.23,1.0000,0.0164,0.000258,4.242
876709,520,380,900,251,73,3,36.26,0.9976,0.6019,0.252844,29,41,20,132.82,0.4989,0.1600,0.018976,4.391
876714,520,361,881,254,25,191,343.82,0.9934,0.6186,0.255311,70,27,15,36.46,0.6962,0.1817,0.021206,4.288
876717,520,362,882,236,68,188,341.71,0.8838,0.6121,0.256007,8,50,4,141.57,0.9841,0.1753,0.023415,4.168
876729,520,459,979,200,20,212,325.12,0.9705,0.5316,0.175349,4,14,19,228.03,0.4752,0.0630,0.003869,4.183
876730,520,443,963,215,27,179,338.32,0.9410,0.5398,0.184879,23,18,2,94.48,0.7734,0.0848,0.006192,4.180
876735,520,443,963,232,14,127,358.99,0.9778,0.5438,0.190052,2,10,57,265.53,0.9498,0.0827,0.005254,4.345
876755,520,428,948,216,46,187,336.37,0.8949,0.5575,0.201430,34,19,2,69.85,0.8026,0.1016,0.008103,4.327
876757,520,378,898,244,8,195,340.43,0.9945,0.5976,0.233500,66,2,59,333.64,0.8998,0.1597,0.015176,4.350
876760,520,437,957,232,59,18,33.51,0.9780,0.5504,0.203304,11,17,45,271.01,0.6457,0.0911,0.006615,4.474
876775,520,420,940,249,7,68,19.66,0.9959,0.5622,0.207127,0,29,40,226.47,1.0000,0.1128,0.010319,4.263
876795,520,438,958,243,6,82,15.23,0.9951,0.5519,0.197976,20,19,31,287.75,0.2833,0.0939,0.007134,4.340
876802,520,409,929,209,90,132,0.49,0.6647,0.5690,0.225356,24,17,77,279.90,0.8386,0.1315,0.011309,4.491
876817,520,366,886,239,30,221,332.61,0.9798,0.6101,0.245025,46,36,33,37.34,0.1570,0.1678,0.019524,4.243
876821,520,404,924,209,87,164,344.46,0.7064,0.5776,0.230539,23,27,59,275.39,0.5524,0.1343,0.012818,4.466
876827,520,463,983,208,21,185,334.68,0.9546,0.5280,0.174511,8,0,41,282.47,1.0000,0.0517,0.002117,4.308
876832,520,442,962,185,73,194,324.68,0.7678,0.5367,0.189757,17,9,45,287.54,0.7387,0.0806,0.005040,4.356
876852,520,402,922,255,10,67,20.44,1.0000,0.5754,0.218862,1,22,82,263.01,0.9830,0.1325,0.011894,4.344
876853,520,414,934,233,8,185,340.74,0.9913,0.5713,0.210029,44,17,29,353.68,0.4946,0.1207,0.010251,4.316
876854,520,356,876,220,60,249,320.88,0.9727,0.6155,0.252888,64,29,20,35.45,0.5667,0.1756,0.020194,4.315
876861,520,467,987,164,75,207,312.89,0.7743,0.5169,0.174304,7,0,30,288.84,1.0000,0.0404,0.001389,4.365
876862,520,162,682,252,170,229,337.51,0.9661,0.8081,0.551040,13,97,49,151.94,0.9741,0.3459,0.088563,4.338
876878,520,434,954,213,62,164,343.74,0.8097,0.5538,0.202739,37,13,30,339.62,0.5280,0.1028,0.007749,4.376
876882,520,461,981,174,69,220,313.58,0.8384,0.5331,0.184231,9,5,30,286.43,0.7177,0.0539,0.002604,4.453
876884,520,470,990,200,68,119,0.20,0.7298,0.5180,0.177474,13,0,15,324.27,1.0000,0.0364,0.001201,4.443
876890,520,426,946,237,26,120,2.77,0.9598,0.5556,0.201025,24,25,11,111.92,0.4102,0.1061,0.009136,4.245
876894,520,362,882,192,120,172,337.77,0.4970,0.6114,0.276191,37,45,21,124.14,0.4955,0.1798,0.023242,4.454
876898,520,422,942,229,70,77,22.55,0.8649,0.5630,0.215770,4,25,46,250.27,0.7519,0.1074,0.009183,4.491
876912,520,429,949,206,72,162,343.15,0.7553,0.5518,0.203671,35,11,37,324.48,0.6122,0.1004,0.007303,4.427
876929,520,457,977,233,26,65,20.12,0.9726,0.5336,0.184472,2,15,19,216.69,0.6862,0.0639,0.004016,4.341
876942,520,290,810,218,136,172,352.32,0.5584,0.6770,0.354939,42,59,67,228.55,0.2429,0.2425,0.040253,4.487
876944,520,441,961,178,48,250,309.20,0.9725,0.5425,0.184819,22,8,51,292.02,0.7887,0.0894,0.005833,4.206
876946,520,441,961,168,70,242,306.34,0.9146,0.5433,0.191166,20,17,29,295.42,0.2968,0.0882,0.006383,4.277
876951,520,404,924,224,82,107,13.20,0.7691,0.5756,0.229459,14,30,47,251.24,0.4989,0.1272,0.012271,4.488
876963,520,471,991,170,23,251,307.46,0.9820,0.5168,0.161247,3,5,20,271.05,0.6388,0.0418,0.001784,4.079
876991,520,466,986,190,73,142,347.11,0.6876,0.5164,0.176668,8,6,22,287.59,0.5389,0.0501,0.002398,4.326
876997,520,473,993,191,10,224,319.75,0.9885,0.5225,0.166767,1,0,22,271.53,1.0000,0.0268,0.000644,4.280
876998,520,479,999,193,64,150,343.62,0.7435,0.5139,0.172079,1,0,6,289.16,1.0000,0.0150,0.000196,4.424
877006,520,314,834,193,123,254,306.82,0.9803,0.6629,0.326598,7,56,78,233.82,0.8422,0.2217,0.034234,4.471
877039,520,450,970,234,35,21,29.68,0.9788,0.5357,0.187518,24,8,16,349.63,0.4480,0.0689,0.004053,4.394
877064,520,472,992,227,40,14,31.02,0.9845,0.5239,0.178831,14,0,7,345.51,1.0000,0.0341,0.001087,4.479
877096,520,410,930,252,9,92,13.37,0.9940,0.5736,0.216672,38,26,37,329.20,0.2694,0.1342,0.012845,4.243
877104,520,432,952,241,30,76,17.95,0.9691,0.5542,0.201545,9,6,72,271.47,0.9699,0.0985,0.006562,4.447
877107,520,356,876,229,65,226,328.79,0.9275,0.6189,0.259319,21,44,54,228.09,0.4528,0.1763,0.022271,4.280
877117,520,427,947,236,14,144,354.08,0.9806,0.5586,0.201636,11,22,41,260.71,0.5210,0.1001,0.008050,4.335
877124,520,362,882,252,76,22,35.54,0.9845,0.6077,0.259258,5,19,122,265.53,0.9802,0.1804,0.019030,4.480
877135,520,468,988,213,38,140,351.25,0.8774,0.5222,0.174281,18,3,0,45.50,1.0000,0.0448,0.001937,4.318
877140,520,381,901,228,24,231,327.58,0.9846,0.5951,0.229192,24,43,18,138.56,0.6619,0.1619,0.019656,4.008
877150,520,441,961,236,27,68,19.59,0.9722,0.5409,0.190373,40,3,24,349.63,0.7855,0.0895,0.005823,4.306
877158,520,477,997,219,13,111,2.11,0.9715,0.5112,0.164982,4,0,9,309.30,1.0000,0.0221,0.000455,4.261
877161,520,470,990,169,91,152,335.81,0.5434,0.5161,0.181852,13,4,2,41.66,0.5151,0.0417,0.001768,4.479
877187,520,467,987,231,10,33,26.29,0.9939,0.5199,0.173189,18,0,3,8.62,1.0000,0.0381,0.001352,4.346
877188,520,458,978,218,52,118,2.06,0.8419,0.5341,0.186719,9,5,40,280.79,0.8409,0.0620,0.003198,4.450
877193,520,401,921,172,107,207,312.68,0.6570,0.5792,0.237917,41,30,16,72.42,0.4083,0.1409,0.014374,4.473
877197,520,286,806,240,101,255,323.69,1.0000,0.6934,0.350548,60,56,46,88.81,0.1521,0.2432,0.039863,4.457
877205,520,387,907,254,40,90,15.87,0.9930,0.5890,0.233303,16,35,63,258.04,0.6047,0.1532,0.016710,4.247
877210,520,368,888,251,15,195,341.98,0.9915,0.6122,0.247943,55,29,55,327.01,0.4656,0.1743,0.019669,4.277
877219,520,464,984,198,76,105,8.75,0.6911,0.5205,0.181964,13,5,17,314.78,0.4875,0.0498,0.002346,4.431
877238,520,475,995,197,72,113,3.36,0.7028,0.5158,0.176991,1,4,0,134.81,1.0000,0.0275,0.000933,4.457
877242,520,430,950,242,23,29,27.76,0.9874,0.5473,0.195822,2,16,65,264.06,0.9377,0.1022,0.007651,4.264
877248,520,428,948,241,4,135,357.83,0.9952,0.5629,0.205401,2,18,55,261.59,0.9254,0.0963,0.007213,4.464
877249,520,400,920,212,62,208,329.11,0.8769,0.5767,0.219983,49,27,6,61.53,0.7153,0.1437,0.014501,4.186
877253,520,407,927,231,67,106,11.25,0.8442,0.5700,0.220467,49,14,40,338.86,0.6293,0.1295,0.011203,4.419
877259,520,469,989,176,43,228,313.67,0.9262,0.5170,0.165603,3,6,1,130.56,0.7107,0.0362,0.001518,4.185
877285,520,454,974,187,29,232,316.45,0.9640,0.5291,0.172710,3,10,40,265.96,0.8630,0.0670,0.003896,4.132
877290,520,420,940,171,92,216,311.48,0.7514,0.5583,0.212708,9,28,34,221.02,0.5163,0.1114,0.010040,4.376
877292,520,424,944,171,79,248,305.31,0.9400,0.5634,0.210278,33,20,28,342.03,0.2856,0.1098,0.009075,4.406
877297,520,393,913,247,32,143,357.14,0.9603,0.5865,0.227937,36,27,43,309.71,0.3095,0.1371,0.013334,4.388
877309,520,478,998,175,75,166,331.14,0.6801,0.5069,0.169004,0,0,20,264.05,1.0000,0.0236,0.000505,4.336
877334,520,480,1000,202,14,183,333.66,0.9674,0.5133,0.162915,0,0,0,0.00,0.0000,0.0000,0.000000,4.258
877338,520,437,957,245,16,11,29.14,0.9933,0.5504,0.198108,12,23,0,128.96,1.0000,0.0877,0.006909,4.360
877343,520,461,981,207,48,156,344.36,0.8356,0.5259,0.177817,22,0,9,353.33,1.0000,0.0465,0.001903,4.389
877353,520,400,920,204,97,143,354.97,0.6172,0.5760,0.233717,39,30,22,63.29,0.2453,0.1398,0.014178,4.421
877370,520,341,861,225,123,6,58.03,0.9859,0.6319,0.301889,43,52,5,120.20,0.8970,0.2049,0.029805,4.409
877371,520,268,788,231,124,224,329.65,0.8494,0.6966,0.367880,48,64,73,233.05,0.2194,0.2649,0.047761,4.274
877380,520,205,725,233,161,229,328.55,0.8067,0.7677,0.484720,65,79,45,126.98,0.4523,0.3146,0.069052,4.491
877393,520,373,893,251,57,105,12.60,0.9657,0.5986,0.244589,7,43,49,210.97,0.7662,0.1641,0.019946,4.212
877400,520,445,965,234,40,34,28.46,0.9655,0.5397,0.191286,5,2,66,269.52,0.9906,0.0820,0.004690,4.412
877406,520,452,972,194,45,207,324.42,0.8972,0.5314,0.178526,6,12,39,269.14,0.7308,0.0724,0.004481,4.195
877420,520,400,920,220,61,188,337.37,0.8614,0.5776,0.221862,50,25,16,40.41,0.5009,0.1425,0.014109,4.241
877422,520,427,947,224,49,167,344.91,0.8815,0.5635,0.208365,4,28,5,144.15,0.9536,0.0991,0.008672,4.404
877431,520,325,845,203,123,210,324.11,0.6656,0.6498,0.315168,15,59,11,141.92,0.9652,0.2098,0.032535,4.424
877441,520,365,885,239,71,162,351.53,0.8661,0.6084,0.254687,64,24,42,354.15,0.5546,0.1732,0.019106,4.409
877443,520,426,946,222,2,199,334.25,0.9976,0.5578,0.196989,16,10,70,276.63,0.9140,0.1065,0.007694,4.281
877444,520,33,553,254,238,254,325.78,0.9702,0.9608,0.893761,1,128,77,157.15,0.9985,0.4532,0.159799,4.498
877446,520,461,981,192,65,177,332.89,0.7737,0.5278,0.181629,18,1,25,316.30,0.8482,0.0510,0.002205,4.437
877460,520,416,936,217,32,223,326.74,0.9659,0.5738,0.211145,8,14,82,268.51,0.9554,0.1217,0.009748,4.371
877464,520,362,882,242,61,178,346.07,0.9054,0.6114,0.254321,25,42,62,253.25,0.4324,0.1777,0.022103,4.221
877472,520,381,901,213,47,255,318.03,1.0000,0.5992,0.234009,45,32,34,8.30,0.1952,0.1567,0.017065,4.235
877474,520,450,970,213,27,193,333.69,0.9497,0.5446,0.187824,13,14,10,118.75,0.1434,0.0669,0.004216,4.387
877486,520,321,841,254,54,229,334.10,0.9954,0.6542,0.293695,29,58,11,135.89,0.9270,0.2135,0.033114,4.135
877540,520,314,834,233,97,217,332.43,0.8749,0.6558,0.308851,4,54,87,244.48,0.8919,0.2210,0.033521,4.297
877568,520,476,996,90,93,253,275.46,0.9873,0.5060,0.170935,1,1,6,278.68,0.6638,0.0197,0.000413,4.382
877579,520,461,981,177,61,225,313.85,0.8753,0.5323,0.181218,14,6,6,19.36,0.2947,0.0491,0.002368,4.415
877599,520,371,891,213,100,182,339.08,0.6991,0.6116,0.266397,6,49,13,145.66,0.9732,0.1722,0.022643,4.356
877607,520,282,802,202,146,200,327.72,0.4980,0.6879,0.372854,14,70,42,156.59,0.9191,0.2532,0.046407,4.386
877613,520,341,861,168,139,182,314.63,0.3414,0.6260,0.301678,15,51,69,234.01,0.6772,0.2033,0.028988,4.452
877651,520,351,871,229,105,134,7.55,0.7222,0.6257,0.284848,9,53,12,143.99,0.9693,0.1870,0.026307,4.388
877658,520,288,808,230,124,188,344.41,0.7257,0.6784,0.348712,62,56,38,91.80,0.2905,0.2433,0.039925,4.434
877672,520,302,822,255,62,238,332.12,1.0000,0.6670,0.308814,9,59,75,224.82,0.8253,0.2297,0.036938,4.127
877677,520,477,997,222,31,7,30.61,0.9919,0.5074,0.165277,0,0,20,264.05,1.0000,0.0236,0.000505,4.262
877717,520,443,963,197,23,222,321.76,0.9704,0.5350,0.177586,23,14,14,18.74,0.2201,0.0786,0.005280,4.117
877738,520,361,881,226,45,251,322.28,0.9842,0.6158,0.250127,51,22,90,298.25,0.7682,0.1831,0.020158,4.278
877742,520,416,936,220,37,207,331.62,0.9462,0.5710,0.210460,52,13,18,16.05,0.6729,0.1246,0.010617,4.297
877755,520,458,978,200,45,182,333.51,0.8630,0.5253,0.175353,12,9,14,311.86,0.1908,0.0564,0.003052,4.248
877769,520,413,933,222,37,204,332.95,0.9457,0.5726,0.212147,17,23,61,272.42,0.6860,0.1220,0.010688,4.320
877770,520,255,775,239,119,253,323.34,0.9884,0.7156,0.386383,35,66,80,228.96,0.4465,0.2651,0.048328,4.438
877772,520,445,965,222,0,167,343.45,1.0000,0.5388,0.183222,37,1,23,346.99,0.8602,0.0802,0.004769,4.258
877775,520,450,970,186,5,253,311.94,0.9970,0.5380,0.176406,36,0,19,351.58,1.0000,0.0747,0.004221,4.176
877781,520,411,931,252,17,18,28.69,0.9936,0.5659,0.211438,0,35,13,152.24,1.0000,0.1216,0.012311,4.196
877789,520,405,925,228,6,212,332.29,0.9952,0.5779,0.213802,6,26,68,262.32,0.8662,0.1292,0.011948,4.258
877791,520,416,936,236,34,160,349.43,0.9433,0.5732,0.215179,28,27,25,84.59,0.0489,0.1197,0.011009,4.347
877798,520,26,546,230,252,234,150.86,0.7359,0.9652,0.923837,14,132,45,146.26,0.9909,0.4618,0.167846,4.470
877805,520,410,930,248,46,9,31.68,0.9934,0.5715,0.219337,18,22,68,273.76,0.7601,0.1269,0.011197,4.401
877821,520,337,857,249,92,115,15.07,0.9221,0.6353,0.290351,44,41,79,285.27,0.4759,0.2030,0.026858,4.428
877829,520,421,941,214,23,223,326.04,0.9775,0.5649,0.202387,13,29,30,200.82,0.3845,0.1147,0.010580,4.166
877830,520,362,882,228,96,120,11.62,0.7460,0.6060,0.262183,24,46,49,206.81,0.3814,0.1818,0.023699,4.236
877831,520,410,930,199,58,238,317.66,0.9243,0.5729,0.213427,42,25,25,19.32,0.2919,0.1326,0.012577,4.210
877834,520,421,941,202,3,251,316.68,0.9984,0.5614,0.195883,3,30,32,201.81,0.8115,0.1132,0.010521,4.063
877837,520,465,985,233,2,36,25.54,0.9988,0.5227,0.174976,13,0,36,295.02,1.0000,0.0516,0.002129,4.316
877840,520,463,983,232,11,69,18.08,0.9896,0.5271,0.178279,5,7,21,273.35,0.5169,0.0491,0.002384,4.358
877849,520,478,998,161,66,220,309.21,0.8406,0.5108,0.166415,3,2,0,94.54,1.0000,0.0233,0.000628,4.275
877851,520,366,886,236,64,200,337.87,0.9074,0.6146,0.256725,14,36,78,261.77,0.7562,0.1669,0.019051,4.442
877857,520,467,987,225,7,111,3.07,0.9869,0.5222,0.173100,5,3,27,281.18,0.8128,0.0435,0.001765,4.310
877864,520,470,990,228,19,84,13.34,0.9735,0.5241,0.176028,5,3,24,283.11,0.7657,0.0414,0.001633,4.378
877865,520,477,997,192,37,187,329.65,0.8880,0.5086,0.161191,3,1,1,20.04,0.3720,0.0199,0.000433,4.188
877875,520,442,962,236,41,34,28.59,0.9656,0.5445,0.195374,7,20,12,156.26,0.5147,0.0786,0.005720,4.404
877877,520,424,944,247,13,78,17.01,0.9911,0.5610,0.206156,36,16,27,346.79,0.4238,0.1054,0.008248,4.398
877897,520,398,918,207,55,231,321.72,0.9259,0.5778,0.217690,43,23,53,313.48,0.5220,0.1436,0.013835,4.193
877900,520,369,889,239,65,186,342.96,0.8960,0.6135,0.256793,24,45,26,146.46,0.5503,0.1702,0.021455,4.294
877932,520,449,969,238,4,47,23.73,0.9975,0.5351,0.184725,19,10,14,350.97,0.2635,0.0657,0.003872,4.357
877944,520,464,984,116,93,242,284.68,0.8911,0.5174,0.179522,26,0,9,358.57,1.0000,0.0531,0.002394,4.381
877950,520,460,980,235,6,14,28.50,0.9971,0.5265,0.178274,22,0,38,307.69,1.0000,0.0639,0.003105,4.299
877962,520,390,910,249,61,79,21.28,0.9609,0.5926,0.240452,12,36,58,248.79,0.6330,0.1504,0.016453,4.371
877975,520,331,851,250,54,222,334.97,0.9757,0.6432,0.282393,20,45,82,258.18,0.6580,0.1972,0.026346,4.354
877989,520,302,822,226,133,121,28.15,0.6503,0.6667,0.343264,11,64,3,141.18,0.9926,0.2251,0.037444,4.497
877995,520,362,882,238,35,218,333.14,0.9726,0.6087,0.244439,33,46,4,125.50,0.9148,0.1767,0.022861,4.041
878004,520,312,832,214,123,191,337.11,0.6383,0.6554,0.322252,53,52,41,103.10,0.1714,0.2225,0.033730,4.446
878010,520,458,978,230,12,105,6.18,0.9819,0.5318,0.181088,29,0,5,11.55,1.0000,0.0570,0.002722,4.383
878013,520,453,973,192,18,232,318.06,0.9819,0.5328,0.174667,6,16,9,154.20,0.4652,0.0662,0.004290,4.138
878015,520,427,947,243,17,90,13.18,0.9844,0.5563,0.201972,20,7,66,282.66,0.9038,0.1011,0.006940,4.425
878018,520,408,928,247,49,27,30.52,0.9757,0.5725,0.220534,33,25,45,301.85,0.3743,0.1300,0.012081,4.358
878051,520,423,943,118,108,252,281.57,0.9610,0.5556,0.216044,13,27,27,195.77,0.3436,0.1076,0.009485,4.472
878052,520,98,618,217,219,239,281.28,0.4081,0.8788,0.716466,1,114,58,152.73,0.9986,0.4029,0.123460,4.419
878119,520,441,961,194,85,141,350.62,0.6386,0.5401,0.198910,24,15,31,309.26,0.4003,0.0893,0.006348,4.417
878124,520,343,863,236,97,135,6.01,0.7893,0.6255,0.281342,37,47,30,132.90,0.3422,0.1881,0.025201,4.406
878136,520,471,991,201,50,168,338.50,0.8283,0.5230,0.175277,1,0,40,267.05,1.0000,0.0440,0.001596,4.366
878137,520,396,916,243,49,124,4.00,0.9183,0.5821,0.227098,53,18,33,355.61,0.5643,0.1395,0.012994,4.399
878148,520,435,955,216,32,193,334.48,0.9403,0.5524,0.194844,22,3,63,287.54,0.9419,0.0939,0.005946,4.376
878151,520,391,911,199,74,242,316.01,0.9238,0.5919,0.234518,43,22,65,303.77,0.6360,0.1504,0.014691,4.398
878152,520,347,867,244,42,233,330.81,0.9760,0.6321,0.267750,46,34,77,293.97,0.5498,0.1876,0.022607,4.376
878181,520,401,921,225,90,14,42.83,0.9722,0.5757,0.233542,5,35,48,230.71,0.7679,0.1380,0.014477,4.398
878193,520,391,911,225,71,169,345.61,0.8200,0.5868,0.233810,12,37,50,234.06,0.5936,0.1483,0.016315,4.280
878208,520,409,929,223,22,208,332.11,0.9761,0.5702,0.208182,35,4,76,294.44,0.9338,0.1252,0.009660,4.328
878223,520,301,821,248,74,240,329.95,0.9727,0.6668,0.311481,87,19,87,328.00,0.7734,0.2349,0.031804,4.419
878224,520,428,948,207,32,227,323.14,0.9631,0.5596,0.198463,45,1,25,351.97,0.8910,0.0965,0.006499,4.398
878254,520,468,988,189,81,123,358.22,0.6300,0.5186,0.181353,7,2,28,287.76,0.8496,0.0438,0.001724,4.473
878261,520,385,905,196,66,255,312.62,1.0000,0.5889,0.228534,10,36,65,253.52,0.7149,0.1546,0.017079,4.152
878271,520,466,986,192,63,160,339.18,0.7566,0.5161,0.173012,8,5,30,284.14,0.7266,0.0531,0.002539,4.245
878276,520,330,850,238,58,251,325.04,0.9855,0.6441,0.281708,70,1,110,306.42,0.9885,0.2115,0.024497,4.453
878288,520,459,979,202,57,165,340.07,0.8031,0.5297,0.182013,3,12,30,259.14,0.6955,0.0636,0.003760,4.316
878302,520,213,733,249,149,212,342.44,0.9142,0.7584,0.463903,16,85,42,151.07,0.9567,0.3046,0.067740,4.365
878304,520,323,843,253,90,160,357.34,0.9673,0.6536,0.307363,1,52,84,243.59,0.9656,0.2120,0.031024,4.411
878306,520,354,874,248,64,155,355.33,0.9316,0.6150,0.259931,0,25,119,263.79,1.0022,0.1835,0.020270,4.411
878309,520,175,695,214,184,252,304.50,0.8890,0.8038,0.556058,26,92,84,183.59,0.7762,0.3436,0.085136,4.485
878316,520,315,835,255,112,4,46.60,1.0000,0.6618,0.328605,2,62,44,166.30,0.9818,0.2234,0.036398,4.382
878331,520,311,831,207,115,245,315.11,0.9018,0.6614,0.321206,19,61,36,154.20,0.8265,0.2229,0.036032,4.315
878337,520,471,991,197,9,212,324.38,0.9872,0.5233,0.168208,4,7,12,254.03,0.2956,0.0439,0.002043,4.193
878388,520,477,997,184,82,116,1.35,0.6039,0.5092,0.174874,0,0,16,264.05,1.0000,0.0204,0.000374,4.464
878397,520,318,838,245,101,181,348.76,0.8799,0.6629,0.320588,11,60,33,154.40,0.9263,0.2159,0.034125,4.405
878402,520,480,1000,188,65,160,337.98,0.7406,0.5116,0.170116,0,0,0,0.00,0.0000,0.0000,0.000000,4.402
878419,520,364,884,255,20,167,350.84,1.0000,0.6075,0.245539,60,26,48,342.51,0.5087,0.1727,0.019130,4.275
878423,520,349,869,222,72,247,321.54,0.9619,0.6281,0.268817,31,23,115,275.99,0.9175,0.1907,0.021418,4.464
878429,520,331,851,234,66,244,325.55,0.9593,0.6395,0.279229,24,45,89,263.16,0.6641,0.2050,0.027921,4.225
878435,520,467,987,195,27,203,326.04,0.9442,0.5192,0.166994,4,4,26,276.64,0.7746,0.0442,0.001872,4.183
878442,520,392,912,207,88,199,330.26,0.7688,0.5937,0.243701,61,20,24,16.93,0.6160,0.1544,0.015585,4.478
878445,520,259,779,231,147,144,22.02,0.6288,0.7069,0.398720,61,68,11,116.53,0.8582,0.2725,0.051505,4.421
878451,520,343,863,252,56,183,346.50,0.9752,0.6277,0.269460,29,26,111,274.85,0.8986,0.1891,0.021476,4.469
878458,520,463,983,196,59,185,331.41,0.8142,0.5328,0.183681,9,8,2,102.76,0.5235,0.0475,0.002361,4.463
878469,520,430,950,193,88,158,342.10,0.6426,0.5507,0.207870,19,25,15,133.21,0.3088,0.1023,0.008682,4.394
878479,520,479,999,176,2,236,312.77,0.9980,0.5063,0.153307,0,1,1,194.77,1.0000,0.0143,0.000239,4.047
878486,520,293,813,248,84,247,328.13,0.9736,0.6810,0.330152,15,59,92,245.56,0.7553,0.2424,0.040020,4.223
878499,520,301,821,224,104,242,322.26,0.9228,0.6663,0.321605,61,53,29,91.62,0.4268,0.2316,0.036271,4.307
878500,520,268,788,215,146,186,344.07,0.5222,0.6980,0.385514,18,72,5,140.51,0.9892,0.2554,0.047741,4.456
878504,520,444,964,220,59,117,3.75,0.8247,0.5442,0.196304,37,5,12,10.27,0.7265,0.0830,0.005285,4.455
878507,520,377,897,246,45,157,352.98,0.9360,0.5974,0.239072,67,13,37,357.68,0.7306,0.1608,0.016149,4.370
878510,520,434,954,243,19,65,20.44,0.9863,0.5520,0.199055,17,17,54,278.15,0.6948,0.1030,0.007864,4.304
878513,520,464,984,199,70,135,352.66,0.7216,0.5250,0.182736,5,12,5,144.37,0.4830,0.0542,0.003062,4.386
878519,520,382,902,206,95,202,328.86,0.7498,0.6038,0.255721,17,35,77,264.20,0.7184,0.1650,0.018570,4.459
878534,520,309,829,227,97,247,322.12,0.9552,0.6643,0.315976,42,45,93,277.86,0.5584,0.2215,0.031593,4.485
878554,520,435,955,214,3,203,331.20,0.9960,0.5459,0.186752,29,10,34,318.92,0.5909,0.0882,0.005938,4.232
878559,520,338,858,241,54,243,327.66,0.9686,0.6409,0.278128,55,45,1,95.49,0.9699,0.1978,0.026913,4.266
878571,520,470,990,211,54,101,8.08,0.8249,0.5170,0.174291,13,2,12,330.32,0.6451,0.0403,0.001555,4.350
878582,520,469,989,229,23,40,25.67,0.9816,0.5205,0.174270,3,4,25,273.37,0.7941,0.0426,0.001764,4.333
878589,520,416,936,192,51,253,312.56,0.9885,0.5682,0.206672,18,32,17,142.80,0.4991,0.1227,0.012021,4.138
878593,520,435,955,220,24,176,340.45,0.9531,0.5462,0.190059,26,12,30,318.47,0.4809,0.0853,0.005763,4.305
878600,520,338,858,170,134,230,300.02,0.6962,0.6426,0.313096,0,59,2,143.00,1.0000,0.2042,0.031322,4.465
878623,520,434,954,180,93,172,330.74,0.6118,0.5459,0.205117,31,4,57,301.53,0.8780,0.1001,0.006736,4.497
878647,520,375,895,229,17,243,325.08,0.9926,0.6032,0.235323,69,9,37,357.66,0.7839,0.1607,0.015944,4.327
878662,520,398,918,230,84,13,40.27,0.9793,0.5761,0.231955,48,24,38,344.88,0.4132,0.1446,0.014217,4.391
878670,520,475,995,208,19,171,338.91,0.9514,0.5189,0.168180,5,2,8,310.18,0.5051,0.0298,0.000932,4.284
878672,520,429,949,239,31,91,13.18,0.9600,0.5537,0.200893,19,14,55,282.58,0.7382,0.0998,0.007283,4.380
878674,520,378,898,254,53,100,14.09,0.9915,0.6001,0.245408,10,27,97,266.35,0.9273,0.1637,0.017113,4.402
878698,520,419,939,196,41,246,315.55,0.9603,0.5615,0.199768,44,3,43,329.21,0.8220,0.1077,0.007751,4.325
878699,520,452,972,236,17,8,29.38,0.9933,0.5313,0.182545,27,1,38,314.39,0.9083,0.0728,0.003947,4.311
878700,520,479,999,218,0,126,356.17,1.0000,0.5116,0.164144,2,0,2,328.36,1.0000,0.0139,0.000173,4.268
878701,520,408,928,196,91,183,332.36,0.6889,0.5724,0.226383,44,24,18,37.46,0.4002,0.1313,0.012325,4.435
878703,520,464,984,215,60,27,33.34,0.9470,0.5181,0.177604,17,4,8,357.91,0.4970,0.0486,0.002236,4.357
878706,520,379,899,244,23,187,342.77,0.9798,0.5970,0.234369,28,35,58,270.24,0.3965,0.1581,0.017544,4.210
878707,520,354,874,245,32,223,333.49,0.9815,0.6228,0.257762,79,13,23,17.89,0.8288,0.1815,0.020123,4.389
878717,520,442,962,231,15,132,357.11,0.9751,0.5440,0.189994,31,13,3,52.67,0.6851,0.0847,0.005858,4.297
878718,520,304,824,248,78,237,330.70,0.9708,0.6689,0.315224,11,49,116,260.96,0.9072,0.2342,0.035285,4.282
878758,520,415,935,226,48,176,342.41,0.8972,0.5710,0.214198,47,9,49,325.78,0.7395,0.1250,0.010215,4.388
878774,520,466,986,167,84,188,319.17,0.6812,0.5217,0.181878,3,4,32,271.94,0.8901,0.0479,0.002105,4.450
878776,520,418,938,228,19,182,340.53,0.9736,0.5629,0.203398,7,28,46,247.13,0.6561,0.1173,0.010729,4.173
878777,520,442,962,238,0,59,20.87,1.0000,0.5358,0.184962,37,4,4,25.39,0.8465,0.0792,0.004890,4.281
878782,520,338,858,255,57,203,341.30,1.0000,0.6437,0.285014,15,36,115,266.16,0.9164,0.2046,0.026009,4.408
878795,520,463,983,194,60,176,333.82,0.7931,0.5251,0.178373,19,0,17,331.95,1.0000,0.0454,0.001789,4.410
878797,520,248,768,252,139,134,23.50,0.9281,0.7189,0.408847,37,69,92,241.49,0.4825,0.2819,0.054221,4.403
878802,520,415,935,246,19,118,4.66,0.9804,0.5707,0.213700,31,18,55,296.55,0.6285,0.1198,0.009998,4.395
878812,520,430,950,237,16,106,7.11,0.9799,0.5477,0.194189,14,27,7,135.52,0.7202,0.1024,0.008925,4.144
878814,520,360,880,232,47,243,325.55,0.9695,0.6213,0.256623,16,38,81,262.08,0.7405,0.1756,0.020904,4.324
878820,520,324,844,232,73,248,323.95,0.9705,0.6454,0.287004,54,49,38,86.43,0.1913,0.2143,0.031209,4.150
878828,520,419,939,219,48,188,336.88,0.8961,0.5649,0.208071,30,6,68,292.90,0.8895,0.1127,0.008236,4.431
878833,520,417,937,230,37,183,340.95,0.9389,0.5749,0.215677,53,11,6,30.67,0.8300,0.1212,0.010095,4.421
878867,520,461,981,221,36,129,357.02,0.9022,0.5320,0.182215,3,4,31,272.14,0.8806,0.0471,0.002051,4.461
878876,520,421,941,217,47,183,337.88,0.8889,0.5577,0.202059,14,28,30,207.24,0.3355,0.1124,0.010176,4.189
878877,520,431,951,225,71,9,37.38,0.9856,0.5496,0.205365,1,15,69,263.81,0.9765,0.1041,0.007777,4.420
878881,520,408,928,233,17,176,343.43,0.9785,0.5686,0.208620,29,32,4,115.05,0.8005,0.1299,0.013030,4.103
878894,520,444,964,203,43,200,328.99,0.9019,0.5405,0.185962,16,7,48,285.79,0.8123,0.0789,0.004755,4.309
878911,520,430,950,217,64,130,358.42,0.7962,0.5484,0.200326,2,14,70,264.86,0.9552,0.1041,0.007691,4.339
878912,520,362,882,252,15,187,344.39,0.9909,0.6099,0.246284,6,33,100,263.46,0.9402,0.1783,0.020464,4.205
878914,520,325,845,228,100,207,334.29,0.8238,0.6470,0.301155,4,60,33,155.97,0.9744,0.2138,0.033672,4.197
878921,520,436,956,219,45,157,346.94,0.8747,0.5464,0.193736,16,21,29,259.71,0.2351,0.0942,0.007352,4.250
878923,520,445,965,226,33,136,355.37,0.9225,0.5429,0.190368,10,1,61,275.85,0.9900,0.0776,0.004231,4.432
878928,520,303,823,254,113,82,33.89,0.9879,0.6677,0.334936,64,48,65,324.44,0.2594,0.2350,0.035856,4.483
878932,520,350,870,247,46,222,334.24,0.9688,0.6328,0.270051,1,46,75,243.59,0.9575,0.1876,0.024683,4.285
878944,520,460,980,216,67,24,35.49,0.9505,0.5280,0.186817,4,14,9,164.09,0.5094,0.0595,0.003596,4.419
878958,520,115,635,247,196,232,337.13,0.8615,0.8554,0.650815,27,106,22,142.22,0.9760,0.3756,0.105986,4.493
878964,520,379,899,237,26,210,334.94,0.9791,0.5982,0.233992,70,13,18,20.72,0.8101,0.1611,0.016338,4.281
878975,520,443,963,224,63,23,34.15,0.9628,0.5389,0.194669,16,12,33,289.97,0.5162,0.0759,0.004829,4.462
878985,520,362,882,253,73,89,20.54,0.9826,0.6141,0.263725,70,24,14,33.84,0.7322,0.1763,0.019873,4.490
879003,520,445,965,235,37,46,25.89,0.9658,0.5410,0.191857,26,11,25,329.37,0.4491,0.0809,0.005292,4.374
879028,520,408,928,250,23,85,15.75,0.9823,0.5717,0.215963,15,34,35,199.99,0.4177,0.1331,0.013669,4.177
879031,520,399,919,196,79,226,318.80,0.8508,0.5821,0.228200,55,15,44,340.01,0.6532,0.1438,0.013358,4.391
879042,520,417,937,244,18,118,4.30,0.9804,0.5663,0.209771,32,22,43,305.17,0.4133,0.1208,0.010553,4.290
879058,520,417,937,230,3,200,335.89,0.9971,0.5734,0.210609,30,3,81,287.57,0.9640,0.1237,0.009352,4.391
879074,520,447,967,184,71,201,322.21,0.7908,0.5371,0.189151,6,1,64,270.99,0.9943,0.0785,0.004306,4.404
879100,520,438,958,210,14,213,327.56,0.9840,0.5480,0.188218,7,22,27,221.50,0.4775,0.0897,0.006981,4.181
879115,520,452,972,221,27,124,358.35,0.9324,0.5252,0.176139,36,3,0,34.56,1.0000,0.0745,0.004403,4.157
879116,520,206,726,249,154,215,341.63,0.9154,0.7687,0.481594,33,82,83,197.11,0.5927,0.3144,0.069822,4.437
879128,520,466,986,234,3,6,28.94,0.9985,0.5234,0.175739,14,5,17,318.11,0.4931,0.0509,0.002424,4.306
879143,520,353,873,237,34,242,327.10,0.9829,0.6221,0.255620,65,33,1,60.36,0.9470,0.1831,0.022139,4.237
879156,520,418,938,248,28,56,23.44,0.9814,0.5647,0.210761,14,17,70,272.66,0.8702,0.1163,0.009364,4.393
879170,520,349,869,237,99,145,2.06,0.7912,0.6333,0.289752,14,54,0,138.91,1.0000,0.1909,0.027316,4.394
879182,520,209,729,247,147,230,333.43,0.9399,0.7600,0.463569,9,87,39,150.12,0.9814,0.3093,0.070206,4.272
879197,520,237,757,221,165,133,50.90,0.5028,0.7286,0.439773,27,80,51,156.16,0.8128,0.2937,0.062091,4.369
879202,520,446,966,230,3,128,358.01,0.9948,0.5377,0.184495,4,21,1,138.93,0.9770,0.0766,0.005643,4.214
879205,520,366,886,246,59,157,353.84,0.9215,0.6077,0.251583,74,10,41,356.61,0.7864,0.1738,0.018333,4.413
879225,520,378,898,254,55,70,23.14,0.9939,0.5958,0.242491,11,41,43,201.32,0.6369,0.1564,0.018314,4.282
879254,520,313,833,255,29,250,329.39,1.0000,0.6563,0.290440,38,40,113,275.91,0.7625,0.2248,0.031218,4.192
879261,520,432,952,171,76,234,308.61,0.8684,0.5484,0.197681,48,1,21,360.00,0.9128,0.1010,0.007043,4.342
879276,520,375,895,236,29,212,334.20,0.9758,0.5987,0.234678,29,28,84,278.12,0.7362,0.1637,0.017318,4.229
879293,520,380,900,253,17,157,353.41,0.9869,0.5985,0.237214,40,37,25,95.74,0.2557,0.1606,0.018445,4.196
879299,520,428,948,204,16,245,318.39,0.9900,0.5625,0.198022,31,5,53,304.13,0.8364,0.0978,0.006569,4.384
879315,520,399,919,246,36,137,359.14,0.9511,0.5843,0.226641,5,28,73,261.51,0.8951,0.1383,0.013437,4.361
879316,520,372,892,229,46,235,326.71,0.9633,0.6102,0.246125,9,19,116,266.82,0.9744,0.1736,0.017846,4.365
879320,520,399,919,246,63,40,30.82,0.9609,0.5835,0.233045,58,17,6,36.34,0.8078,0.1400,0.013137,4.483
879336,520,418,938,223,0,204,333.16,1.0000,0.5624,0.200500,50,13,6,33.40,0.7821,0.1182,0.009792,4.190
879341,520,353,873,253,5,206,339.45,0.9978,0.6201,0.254508,67,24,34,8.07,0.5777,0.1755,0.019622,4.374
879347,520,422,942,248,19,53,23.55,0.9895,0.5609,0.206829,17,30,6,132.55,0.7866,0.1136,0.010608,4.238
879348,520,466,986,133,101,198,296.84,0.6209,0.5156,0.183712,13,3,27,301.08,0.7542,0.0511,0.002298,4.469
879352,520,461,981,205,70,107,7.43,0.7413,0.5256,0.184231,6,10,4,133.60,0.4003,0.0500,0.002646,4.449
879373,520,385,905,238,65,134,1.16,0.8628,0.5897,0.236820,61,17,24,14.02,0.6614,0.1497,0.014591,4.441
879387,520,444,964,217,9,175,339.88,0.9829,0.5355,0.180446,15,17,22,268.07,0.1494,0.0801,0.005604,4.144
879396,520,297,817,239,130,97,37.63,0.7990,0.6752,0.351816,17,66,55,174.92,0.7847,0.2450,0.042913,4.325
879401,520,459,979,195,73,150,344.98,0.7091,0.5286,0.185709,25,7,1,48.49,0.8006,0.0639,0.003609,4.397
879407,520,398,918,215,85,143,355.41,0.7143,0.5759,0.229294,4,29,71,259.78,0.8977,0.1385,0.013594,4.392
879422,520,441,961,204,90,19,45.87,0.9301,0.5387,0.201987,35,12,6,36.88,0.6166,0.0898,0.006335,4.473
879426,520,385,905,224,22,236,325.45,0.9866,0.5910,0.224795,57,8,59,326.33,0.7908,0.1487,0.013594,4.321
879428,520,253,773,239,129,226,331.70,0.8944,0.7168,0.395443,62,67,38,116.71,0.4182,0.2746,0.051784,4.376
879431,520,471,991,229,32,31,28.03,0.9734,0.5241,0.177930,4,3,27,278.00,0.8369,0.0425,0.001701,4.409
879449,520,424,944,242,40,59,23.52,0.9623,0.5590,0.207140,24,12,65,285.68,0.8181,0.1110,0.008388,4.404
879466,520,407,927,177,69,255,306.65,1.0000,0.5652,0.208241,43,19,37,337.19,0.4759,0.1265,0.011130,4.224
879470,520,206,726,251,140,254,326.23,0.9949,0.7651,0.464233,25,86,54,156.43,0.8697,0.3136,0.071283,4.240
879476,520,358,878,230,60,225,329.34,0.9354,0.6156,0.254933,17,19,121,269.20,0.9704,0.1838,0.019652,4.378
879482,520,299,819,252,96,176,351.76,0.9555,0.6657,0.321989,36,54,86,261.30,0.4673,0.2348,0.036852,4.283
879485,520,405,925,250,1,127,1.97,0.9991,0.5778,0.218816,10,36,16,148.79,0.8343,0.1304,0.013636,4.224
879501,520,471,991,230,16,73,16.91,0.9824,0.5250,0.176776,7,1,31,286.64,0.9331,0.0438,0.001658,4.390
879503,520,439,959,233,20,127,359.37,0.9671,0.5477,0.193592,8,22,21,189.74,0.4163,0.0878,0.006796,4.289
879509,520,471,991,184,29,228,316.52,0.9597,0.5209,0.166717,6,4,10,301.87,0.3456,0.0375,0.001475,4.210
879529,520,285,805,249,91,250,327.55,0.9819,0.6919,0.345267,44,62,63,200.43,0.2201,0.2512,0.043395,4.232
879544,520,466,986,213,41,140,351.42,0.8664,0.5243,0.176278,25,1,7,4.36,0.8315,0.0530,0.002438,4.315
879551,520,434,954,215,83,29,39.80,0.9206,0.5480,0.207247,13,18,49,272.65,0.6589,0.0978,0.007399,4.482
879553,520,228,748,250,128,238,331.08,0.9736,0.7365,0.419378,70,71,16,110.46,0.8019,0.2915,0.058460,4.328
879564,520,437,957,194,65,209,323.38,0.8422,0.5512,0.198548,17,17,39,281.43,0.4904,0.0913,0.006665,4.386
879570,520,404,924,235,43,174,345.03,0.9271,0.5831,0.224488,42,23,27,6.10,0.3296,0.1288,0.011842,4.439
879587,520,424,944,245,31,84,16.04,0.9687,0.5645,0.210360,43,12,34,340.37,0.6122,0.1130,0.008921,4.419
879596,520,473,993,205,50,141,349.64,0.8154,0.5168,0.171855,10,1,5,347.61,0.6796,0.0312,0.000972,4.352
879598,520,446,966,193,51,216,321.58,0.8957,0.5410,0.186644,7,6,56,272.52,0.9431,0.0783,0.004609,4.333
879606,520,476,996,220,32,58,21.68,0.9545,0.5082,0.165569,2,0,5,306.92,1.0000,0.0163,0.000239,4.291
879619,520,319,839,233,94,209,334.95,0.8623,0.6476,0.299348,95,15,0,33.52,1.0000,0.2155,0.027750,4.493
879659,520,342,862,219,116,139,6.92,0.6195,0.6301,0.294169,4,55,11,144.82,0.9879,0.1923,0.027822,4.423
879672,520,368,888,252,30,186,344.88,0.9797,0.6142,0.251725,12,41,59,239.43,0.6539,0.1657,0.019797,4.323
879688,520,477,997,157,57,239,304.27,0.9172,0.5112,0.163269,0,2,2,194.77,1.0000,0.0198,0.000478,4.225
879690,520,421,941,238,53,59,25.04,0.9379,0.5606,0.210423,33,18,31,331.54,0.3702,0.1069,0.008549,4.448
879698,520,433,953,229,14,153,349.65,0.9767,0.5486,0.192748,28,4,59,296.55,0.8932,0.0981,0.006495,4.297
879732,520,413,933,180,79,241,309.85,0.9007,0.5700,0.216470,1,32,28,182.94,0.9546,0.1167,0.011233,4.352
879751,520,467,987,190,46,205,323.75,0.8866,0.5241,0.173104,7,3,25,288.66,0.7556,0.0440,0.001805,4.307
879757,520,372,892,247,32,189,342.98,0.9711,0.6072,0.244845,70,15,30,8.55,0.7318,0.1667,0.017377,4.376
879760,520,477,997,193,81,47,37.29,0.7974,0.5069,0.174294,4,0,9,309.30,1.0000,0.0221,0.000455,4.445
879764,520,260,780,250,126,175,356.69,0.8864,0.7061,0.383436,42,70,58,165.42,0.3868,0.2721,0.051779,4.259
879768,520,195,715,241,169,181,8.18,0.6676,0.7751,0.504147,34,88,25,140.96,0.9432,0.3183,0.073895,4.473
879825,520,311,831,241,74,244,327.22,0.9614,0.6580,0.301325,68,36,73,322.04,0.5126,0.2186,0.029719,4.407
879833,520,293,813,215,115,255,315.33,1.0000,0.6781,0.339299,14,65,61,187.37,0.7994,0.2431,0.042107,4.227
879837,520,453,973,227,47,47,26.76,0.9422,0.5317,0.185720,3,5,52,268.42,0.9635,0.0692,0.003758,4.385
879855,520,447,967,218,24,166,343.07,0.9454,0.5370,0.183143,12,15,37,275.07,0.5421,0.0815,0.005534,4.198
879870,520,467,987,225,31,51,23.74,0.9649,0.5172,0.172294,4,0,37,276.19,1.0000,0.0439,0.001594,4.309
879876,520,397,917,247,57,21,32.32,0.9817,0.5787,0.227580,47,22,46,328.57,0.4977,0.1432,0.013755,4.354
879898,520,433,953,245,14,10,29.11,0.9943,0.5498,0.197520,26,1,65,291.71,0.9777,0.0977,0.006230,4.402
879902,520,439,959,186,37,250,311.97,0.9758,0.5470,0.186655,29,13,27,331.56,0.4359,0.0896,0.006282,4.205
879904,520,374,894,230,48,212,332.80,0.9414,0.5984,0.236929,27,1,112,276.43,0.9970,0.1595,0.014245,4.466
879905,520,391,911,249,34,127,2.89,0.9594,0.5857,0.228196,2,16,106,264.85,0.9801,0.1531,0.014240,4.331
879915,520,241,761,232,147,200,342.37,0.6979,0.7274,0.421952,47,73,55,153.65,0.3883,0.2839,0.056451,4.433
879918,520,304,824,227,122,182,346.12,0.6974,0.6682,0.336294,40,61,32,137.48,0.5519,0.2347,0.038928,4.344
879928,520,429,949,237,46,63,22.96,0.9453,0.5535,0.203206,39,11,28,345.48,0.5831,0.1019,0.007546,4.400
879931,520,434,954,232,38,117,3.69,0.9227,0.5508,0.198293,28,21,15,62.31,0.2328,0.1012,0.008177,4.268
879939,520,375,895,237,6,218,332.88,0.9966,0.5980,0.231995,38,37,26,103.32,0.2272,0.1586,0.018098,4.141
879949,520,476,996,189,68,142,346.25,0.7089,0.5081,0.169077,7,0,2,357.01,1.0000,0.0225,0.000496,4.339
879950,520,385,905,221,7,250,321.67,0.9971,0.5927,0.224283,11,39,45,214.12,0.6163,0.1511,0.017116,4.087
879953,520,441,961,168,88,205,313.80,0.7203,0.5405,0.197128,8,13,57,270.67,0.8789,0.0918,0.006348,4.386
879956,520,443,963,215,43,171,341.11,0.8839,0.5446,0.191174,12,21,11,142.09,0.4114,0.0845,0.006386,4.277
879972,520,433,953,197,34,232,319.18,0.9590,0.5479,0.188421,27,19,36,305.16,0.3771,0.1041,0.008261,4.092
879986,520,455,975,216,59,76,19.65,0.8564,0.5256,0.182511,3,4,42,270.11,0.9474,0.0569,0.002733,4.409
879992,520,389,909,194,118,113,24.13,0.4730,0.5892,0.256199,25,41,9,131.79,0.8129,0.1547,0.018122,4.495
880014,520,427,947,214,32,210,329.29,0.9536,0.5597,0.199844,42,10,7,28.75,0.7193,0.0989,0.007247,4.364
880019,520,461,981,233,31,55,23.16,0.9691,0.5345,0.185826,3,4,38,270.79,0.9308,0.0531,0.002461,4.495
880027,520,396,916,212,88,144,354.71,0.6911,0.5755,0.229922,14,38,29,166.76,0.5745,0.1426,0.015682,4.262
880044,520,448,968,234,28,78,16.53,0.9651,0.5391,0.188761,5,18,30,246.64,0.5673,0.0793,0.005586,4.295
880054,520,448,968,191,27,235,316.94,0.9707,0.5371,0.178597,21,15,2,88.84,0.7286,0.0754,0.005055,4.152
880063,520,357,877,253,19,192,343.26,0.9889,0.6154,0.251576,66,27,32,13.82,0.5277,0.1784,0.020466,4.280
880070,520,411,931,249,39,49,25.88,0.9750,0.5716,0.218161,20,33,2,128.83,0.9382,0.1244,0.012408,4.297
880080,520,478,998,142,97,178,308.46,0.5479,0.5052,0.175149,6,0,7,324.68,1.0000,0.0239,0.000541,4.455
880087,520,432,952,144,102,220,297.39,0.7274,0.5452,0.205995,9,16,61,269.85,0.8666,0.1021,0.007655,4.440
880093,520,310,830,200,116,250,311.22,0.9355,0.6571,0.316732,7,63,19,146.20,0.9804,0.2223,0.036470,4.241
880102,520,362,882,233,43,233,328.20,0.9682,0.6138,0.249371,12,13,126,267.53,0.9865,0.1815,0.018722,4.356
880110,520,284,804,244,102,229,331.92,0.9422,0.6857,0.343955,4,65,81,221.62,0.9280,0.2507,0.044003,4.191
880111,520,392,912,255,7,142,358.23,1.0000,0.5944,0.233686,0,41,47,209.55,1.0000,0.1540,0.017910,4.177
880115,520,297,817,233,108,238,326.03,0.9157,0.6826,0.342239,62,56,15,100.92,0.7308,0.2390,0.038870,4.414
880117,520,441,961,195,80,154,343.85,0.6816,0.5401,0.196741,13,25,3,131.87,0.8703,0.0949,0.007874,4.263
880118,520,336,856,235,80,224,330.84,0.9111,0.6424,0.287837,23,43,86,263.48,0.6644,0.1967,0.025817,4.456
880123,520,327,847,228,86,241,324.29,0.9361,0.6485,0.295025,51,49,22,104.87,0.5114,0.2069,0.029584,4.335
880128,520,467,987,209,61,80,17.93,0.8215,0.5151,0.174743,8,3,15,305.35,0.5777,0.0391,0.001512,4.363
880141,520,454,974,235,20,28,27.61,0.9881,0.5311,0.182495,9,8,37,279.09,0.7270,0.0654,0.003653,4.333
880146,520,473,993,159,77,219,307.67,0.8032,0.5218,0.177937,8,0,15,312.37,1.0000,0.0306,0.000861,4.482
880165,520,397,917,239,75,9,37.22,0.9899,0.5813,0.234057,26,30,51,274.75,0.3819,0.1387,0.013871,4.447
880172,520,442,962,214,53,149,349.05,0.8303,0.5398,0.190146,24,15,16,11.30,0.2110,0.0827,0.005733,4.309
880190,520,434,954,197,40,231,319.29,0.9471,0.5506,0.191589,46,4,5,24.67,0.8928,0.0971,0.006787,4.254
880197,520,449,969,188,80,169,334.87,0.6886,0.5363,0.192947,5,19,12,161.73,0.5868,0.0744,0.005245,4.398
880213,520,279,799,253,84,248,329.13,0.9927,0.6895,0.340034,51,47,116,281.32,0.6638,0.2538,0.039977,4.335
880217,520,391,911,203,60,253,315.33,0.9883,0.5922,0.230215,12,40,31,169.31,0.6565,0.1487,0.016946,4.186
880226,520,375,895,224,67,207,332.72,0.8860,0.6009,0.243688,39,33,43,311.78,0.1877,0.1555,0.016935,4.388
880250,520,466,986,211,57,97,10.27,0.8181,0.5189,0.176405,9,11,3,118.11,0.4970,0.0546,0.003040,4.269
880251,520,450,970,204,66,160,342.97,0.7707,0.5403,0.192738,17,11,18,321.54,0.2525,0.0670,0.004022,4.493
880265,520,424,944,246,24,43,25.71,0.9862,0.5573,0.204241,21,0,82,279.66,1.0000,0.1119,0.007686,4.407
880269,520,459,979,178,28,245,310.96,0.9731,0.5256,0.168891,2,14,8,164.31,0.7491,0.0575,0.003445,4.096
880281,520,475,995,210,19,163,341.97,0.9493,0.5182,0.168139,0,2,23,263.31,1.0006,0.0325,0.001053,4.273
880302,520,420,940,177,87,224,312.18,0.8047,0.5643,0.215462,28,18,49,295.86,0.5717,0.1117,0.009012,4.498
880306,520,394,914,237,43,175,345.18,0.9315,0.5873,0.228303,30,17,84,283.27,0.8447,0.1448,0.013170,4.406
880308,520,352,872,237,103,50,40.45,0.8971,0.6192,0.279382,47,40,53,309.14,0.2072,0.1878,0.023790,4.464
880309,520,416,936,206,27,242,319.45,0.9791,0.5671,0.203182,40,21,3,63.15,0.7697,0.1154,0.009941,4.224
880315,520,464,984,230,12,65,19.08,0.9886,0.5224,0.174706,17,1,23,317.45,0.8349,0.0485,0.002028,4.319
880326,520,397,917,253,42,64,23.04,0.9895,0.5836,0.229125,42,19,63,305.22,0.6681,0.1422,0.013169,4.419
880349,520,379,899,233,29,225,330.21,0.9795,0.6016,0.236412,38,21,83,289.59,0.7682,0.1586,0.015729,4.357
880355,520,468,988,205,7,194,331.32,0.9871,0.5244,0.170281,2,3,32,270.06,0.9350,0.0446,0.001823,4.251
880365,520,430,950,220,29,170,342.38,0.9360,0.5452,0.189991,49,4,8,20.78,0.8799,0.1039,0.007574,4.168
880368,520,344,864,252,6,223,334.99,0.9979,0.6283,0.261566,27,50,9,134.21,0.9048,0.1855,0.025339,4.136
880394,520,410,930,243,54,10,32.85,0.9914,0.5676,0.217183,19,2,95,274.61,0.9927,0.1304,0.010080,4.447
880395,520,453,973,205,81,19,41.90,0.9394,0.5262,0.189131,2,5,53,266.92,0.9701,0.0695,0.003785,4.446
880417,520,382,902,254,38,120,6.23,0.9913,0.5956,0.238168,66,20,9,34.74,0.7949,0.1610,0.016785,4.315
880431,520,379,899,233,84,140,0.56,0.7986,0.6043,0.255604,29,33,73,275.97,0.5830,0.1650,0.018299,4.474
880436,520,452,972,203,46,184,333.74,0.8676,0.5326,0.181131,0,1,57,264.16,0.9965,0.0651,0.003171,4.347
880437,520,447,967,175,47,255,307.31,1.0000,0.5418,0.183678,30,2,43,312.87,0.8734,0.0830,0.004939,4.253
880448,520,216,736,253,134,252,327.58,0.9906,0.7572,0.449635,36,82,7,136.90,0.9820,0.2976,0.064248,4.373
880456,520,398,918,239,47,147,355.03,0.9137,0.5813,0.224934,16,1,104,271.41,0.9978,0.1400,0.011313,4.484
880457,520,401,921,245,60,1,34.28,0.9991,0.5768,0.226498,60,3,48,338.71,0.8473,0.1416,0.012393,4.432
880481,520,390,910,252,43,84,17.73,0.9807,0.5856,0.230669,4,13,108,265.68,0.9842,0.1528,0.013962,4.388
880486,520,406,926,234,66,123,4.83,0.8479,0.5796,0.228218,2,30,60,252.62,0.8913,0.1306,0.012676,4.439
880505,520,397,917,217,88,139,358.35,0.7079,0.5820,0.235974,21,34,39,223.87,0.2773,0.1389,0.014499,4.434
880507,520,459,979,215,0,172,340.24,1.0000,0.5280,0.174280,5,2,47,273.48,0.9729,0.0596,0.002809,4.247
880540,520,311,831,250,60,250,328.11,0.9849,0.6646,0.304607,94,21,12,30.61,0.8920,0.2211,0.029430,4.464
880542,520,378,898,215,52,252,319.09,0.9858,0.6036,0.239331,61,9,61,328.05,0.7868,0.1584,0.015245,4.435
880547,520,312,832,248,82,207,339.21,0.9505,0.6565,0.304990,47,34,116,283.27,0.7854,0.2243,0.030093,4.432
880567,520,377,897,249,7,184,344.54,0.9953,0.6011,0.237557,57,25,42,348.50,0.4849,0.1629,0.017324,4.271
880575,520,365,885,234,96,107,18.24,0.8012,0.6128,0.269224,44,39,37,43.14,0.0780,0.1747,0.021201,4.483
880580,520,323,843,249,50,244,329.33,0.9793,0.6523,0.289555,22,47,95,261.91,0.7168,0.2141,0.030297,4.229
880583,520,449,969,197,30,229,319.97,0.9634,0.5435,0.184575,24,10,13,6.29,0.3638,0.0716,0.004404,4.312
880592,520,435,955,231,19,137,355.51,0.9670,0.5472,0.192637,11,19,29,254.42,0.3498,0.0853,0.006256,4.313
880673,520,474,994,179,69,187,324.96,0.7589,0.5177,0.174290,6,0,11,313.96,1.0000,0.0260,0.000629,4.430
880692,520,437,957,228,62,6,35.26,0.9918,0.5451,0.199553,11,22,10,142.40,0.5073,0.0864,0.006669,4.404
880700,520,438,958,241,32,36,27.39,0.9781,0.5498,0.198645,36,12,2,46.77,0.7917,0.0906,0.006425,4.407
880704,520,396,916,235,75,81,22.64,0.8754,0.5809,0.232914,48,24,31,1.68,0.3902,0.1416,0.013807,4.434
880706,520,343,863,238,110,55,42.01,0.8833,0.6327,0.296077,26,51,35,154.74,0.5170,0.1934,0.027085,4.490
880714,520,411,931,213,59,198,332.33,0.8685,0.5694,0.213533,3,35,2,142.18,0.9862,0.1211,0.012258,4.233
880716,520,463,983,183,69,196,323.48,0.7844,0.5298,0.183103,3,12,9,174.34,0.5150,0.0537,0.003020,4.396
880724,520,464,984,207,64,88,15.05,0.7913,0.5166,0.176390,13,4,25,302.20,0.6780,0.0520,0.002426,4.318
880737,520,470,990,110,97,240,281.98,0.8779,0.5176,0.181552,18,1,0,34.41,1.0000,0.0396,0.001503,4.496
880759,520,328,848,215,111,212,328.36,0.7529,0.6469,0.305711,31,52,64,234.48,0.3647,0.2121,0.031174,4.382
880769,520,395,915,255,15,134,0.89,1.0000,0.5931,0.233266,37,26,57,298.44,0.4992,0.1448,0.014275,4.407
880794,520,478,998,211,7,150,346.36,0.9800,0.5100,0.162051,2,2,5,283.18,0.3513,0.0245,0.000673,4.185
880813,520,384,904,239,77,42,33.68,0.9359,0.5855,0.238288,65,5,45,345.66,0.8165,0.1521,0.014220,4.489
880822,520,341,861,235,70,228,329.79,0.9311,0.6346,0.276464,54,28,98,295.70,0.7404,0.2040,0.024966,4.355
880828,520,467,987,196,4,216,323.13,0.9946,0.5234,0.167821,11,3,19,307.71,0.6524,0.0441,0.001833,4.202
880834,520,431,951,181,60,235,312.81,0.9021,0.5451,0.190547,26,22,8,94.04,0.4672,0.0997,0.008110,4.140
880841,520,410,930,237,63,45,30.02,0.9350,0.5663,0.217521,54,11,35,349.93,0.6949,0.1320,0.011451,4.353
880862,520,430,950,218,48,154,347.90,0.8603,0.5454,0.193548,28,16,39,306.74,0.4972,0.1008,0.007640,4.225
880864,520,399,919,181,88,241,309.41,0.8865,0.5835,0.231549,26,31,56,273.83,0.4362,0.1446,0.014851,4.341
880868,520,476,996,200,66,92,12.83,0.7546,0.5069,0.169505,0,2,7,251.28,1.0000,0.0226,0.000588,4.339
880870,520,414,934,237,68,50,29.97,0.9231,0.5721,0.223722,25,29,4,117.44,0.7735,0.1171,0.010942,4.492
880881,520,419,939,224,79,51,32.95,0.8827,0.5609,0.216809,1,29,27,188.33,0.9411,0.1068,0.009643,4.473
880891,520,441,961,240,13,2,29.57,0.9984,0.5386,0.188209,23,19,5,94.71,0.5550,0.0880,0.006589,4.209
880893,520,377,897,233,70,162,350.07,0.8421,0.5966,0.243153,39,33,50,300.38,0.2839,0.1591,0.017493,4.343
880902,520,440,960,234,22,115,3.78,0.9653,0.5463,0.193071,18,21,1,116.44,0.8997,0.0871,0.006671,4.289
880911,520,429,949,209,77,119,3.98,0.7212,0.5459,0.201971,36,3,52,311.73,0.8706,0.1013,0.006882,4.430
880914,520,470,990,152,71,239,301.34,0.8972,0.5208,0.174142,2,2,31,271.19,0.9519,0.0412,0.001552,4.348
880918,520,419,939,241,39,71,20.19,0.9574,0.5582,0.206101,16,13,72,275.36,0.8996,0.1131,0.008658,4.366
880926,520,433,953,213,75,106,10.40,0.7507,0.5463,0.202212,25,17,34,305.03,0.3946,0.0963,0.007231,4.407
880934,520,11,531,252,254,238,112.56,0.9649,0.9898,0.977522,4,137,13,142.94,0.9984,0.4746,0.179454,4.478
880958,520,475,995,209,20,174,338.25,0.9512,0.5229,0.171138,11,2,3,11.12,0.5497,0.0344,0.001211,4.318
880966,520,344,864,218,88,225,325.64,0.8658,0.6258,0.273230,27,52,10,135.17,0.9096,0.1922,0.027108,4.192
880968,520,442,962,152,87,239,299.47,0.8656,0.5435,0.197240,0,14,47,259.71,1.0000,0.0789,0.005193,4.480
880984,520,440,960,187,20,255,311.61,1.0000,0.5451,0.182863,28,16,5,64.34,0.5503,0.0871,0.006284,4.137
881002,520,386,906,254,1,137,359.51,0.9992,0.5894,0.229024,44,19,74,300.53,0.7331,0.1543,0.014957,4.296
881008,520,452,972,205,75,81,21.05,0.7549,0.5254,0.186075,24,3,30,318.59,0.7664,0.0665,0.003531,4.410
881021,520,359,879,251,9,217,336.25,0.9964,0.6234,0.257176,67,28,36,8.81,0.5136,0.1834,0.021513,4.295
881029,520,323,843,253,68,197,342.93,0.9840,0.6462,0.290513,61,47,15,85.21,0.6667,0.2129,0.030597,4.225
881036,520,310,830,254,86,185,348.01,0.9880,0.6607,0.312324,60,51,17,94.47,0.6533,0.2227,0.033689,4.329
881063,520,473,993,228,0,101,6.89,1.0000,0.5238,0.174365,8,2,7,331.93,0.5158,0.0328,0.001104,4.390
881067,520,414,934,209,8,241,320.64,0.9951,0.5658,0.200817,3,3,90,265.97,0.9949,0.1151,0.008226,4.308
881069,520,382,902,224,48,235,325.43,0.9570,0.6031,0.239615,56,7,72,315.78,0.8446,0.1563,0.014607,4.483
881076,520,370,890,255,73,36,33.09,1.0000,0.6110,0.261561,22,45,11,136.94,0.8739,0.1659,0.020715,4.406
881078,520,386,906,199,84,215,322.62,0.8101,0.5857,0.233905,46,29,25,33.74,0.2942,0.1478,0.015298,4.348
881091,520,343,863,236,100,119,14.25,0.7935,0.6252,0.282819,1,56,1,142.55,0.9979,0.1937,0.028369,4.247
881094,520,457,977,210,50,153,346.35,0.8332,0.5317,0.182849,11,10,27,284.19,0.4818,0.0639,0.003674,4.338
881095,520,445,965,229,40,107,6.98,0.9146,0.5429,0.192400,7,8,57,271.66,0.9297,0.0828,0.005142,4.396
881100,520,225,745,243,157,153,22.61,0.7463,0.7453,0.454707,30,82,16,139.92,0.9655,0.2954,0.063478,4.448
881106,520,362,882,210,81,237,320.24,0.9050,0.6128,0.257025,81,5,29,10.24,0.8988,0.1802,0.019469,4.420
881121,520,442,962,221,58,105,8.68,0.8385,0.5414,0.194208,8,22,0,133.11,1.0000,0.0821,0.006254,4.341
881133,520,365,885,210,73,251,317.22,0.9758,0.6137,0.254333,61,28,29,19.14,0.4726,0.1707,0.019115,4.403
881139,520,433,953,243,1,94,11.42,0.9991,0.5536,0.198880,42,1,42,328.29,0.9034,0.1005,0.006812,4.381
881145,520,440,960,190,52,234,316.18,0.9229,0.5507,0.193449,0,4,73,264.21,0.9911,0.0910,0.005678,4.372
881146,520,410,930,215,19,233,323.93,0.9862,0.5725,0.207980,37,12,68,298.76,0.7968,0.1292,0.010736,4.248
881157,520,424,944,222,53,156,348.44,0.8556,0.5578,0.204786,40,10,47,319.53,0.7078,0.1133,0.008735,4.338
881163,520,475,995,219,45,87,13.49,0.8918,0.5210,0.176276,5,2,11,302.17,0.5902,0.0311,0.000998,4.437
881203,520,408,928,238,44,130,0.58,0.9177,0.5709,0.215933,31,1,91,284.99,0.9915,0.1350,0.010683,4.382
881213,520,437,957,234,39,111,6.26,0.9263,0.5535,0.200942,15,7,62,278.81,0.9120,0.0923,0.006013,4.480
881215,520,436,956,237,35,77,17.71,0.9565,0.5487,0.197456,42,4,8,18.59,0.8304,0.0898,0.005967,4.421
881221,520,303,823,248,121,75,39.97,0.9200,0.6699,0.341422,24,62,55,179.59,0.5981,0.2349,0.039151,4.391
881226,520,450,970,169,64,243,306.92,0.9269,0.5386,0.185736,9,16,2,128.17,0.7867,0.0666,0.004330,4.339
881227,520,400,920,239,21,176,344.83,0.9765,0.5812,0.220247,10,1,105,268.46,0.9984,0.1382,0.011061,4.426
881240,520,409,929,226,67,125,2.75,0.8160,0.5665,0.216664,3,32,51,241.48,0.8223,0.1301,0.012913,4.239
881271,520,438,958,193,42,237,316.69,0.9481,0.5502,0.191092,34,11,16,7.98,0.5073,0.0890,0.006169,4.292
881273,520,354,874,244,15,226,332.51,0.9937,0.6174,0.250687,77,9,53,346.73,0.7983,0.1849,0.020304,4.277
881292,520,358,878,231,112,5,51.18,0.9904,0.6215,0.285908,21,50,24,146.01,0.7579,0.1842,0.025065,4.475
881302,520,478,998,220,31,60,21.00,0.9552,0.5080,0.165246,2,1,10,286.50,0.7500,0.0235,0.000565,4.257
881314,520,472,992,218,49,72,19.39,0.8962,0.5191,0.175725,2,0,23,277.00,1.0000,0.0289,0.000748,4.448
881315,520,459,979,208,58,147,348.64,0.7978,0.5327,0.185447,18,2,37,300.83,0.8696,0.0621,0.003056,4.438
881322,520,429,949,244,19,2,29.84,0.9985,0.5489,0.197067,21,25,10,121.14,0.4543,0.1030,0.008766,4.204
881332,520,370,890,243,43,200,339.16,0.9563,0.6114,0.249555,36,10,110,281.91,0.9532,0.1735,0.017179,4.459
881348,520,315,835,217,111,238,320.78,0.8823,0.6643,0.322952,35,52,78,258.65,0.4182,0.2232,0.033633,4.459
881350,520,401,921,214,37,235,323.01,0.9655,0.5798,0.216194,57,17,14,27.18,0.6937,0.1395,0.013026,4.224
881363,520,247,767,233,135,222,331.22,0.8357,0.7168,0.399274,37,77,24,138.84,0.9018,0.2832,0.057668,4.173
881372,520,362,882,232,26,238,326.89,0.9862,0.6075,0.240701,54,18,84,304.90,0.7802,0.1760,0.018570,4.239
881383,520,438,958,245,13,39,25.82,0.9937,0.5513,0.198503,27,18,12,54.98,0.2872,0.0920,0.006922,4.366
881412,520,476,996,200,46,148,345.35,0.8225,0.5073,0.163734,5,0,7,320.34,1.0000,0.0225,0.000476,4.234
881416,520,477,997,194,74,99,10.67,0.6902,0.5088,0.172695,9,0,0,29.23,1.0000,0.0242,0.000581,4.403
881427,520,392,912,244,28,168,348.46,0.9679,0.5895,0.228939,33,27,72,285.30,0.6322,0.1543,0.015751,4.242
881430,520,57,577,228,238,227,142.82,0.2968,0.9284,0.831889,18,124,24,143.26,0.9894,0.4338,0.146092,4.497
881436,520,407,927,213,81,138,356.57,0.7209,0.5650,0.218681,35,20,52,303.55,0.5611,0.1263,0.011056,4.401
881455,520,397,917,206,57,235,320.41,0.9274,0.5807,0.220479,29,34,7,118.70,0.7107,0.1363,0.014206,4.213
881457,520,458,978,210,50,146,348.98,0.8292,0.5284,0.180604,14,7,30,294.65,0.6210,0.0625,0.003391,4.319
881458,520,342,862,201,120,195,329.65,0.6068,0.6342,0.297919,15,52,43,174.23,0.7069,0.1936,0.027319,4.500
881464,520,431,951,199,88,122,3.17,0.6319,0.5458,0.205285,0,26,38,230.57,1.0000,0.1028,0.008787,4.343
881465,520,431,951,201,64,190,331.33,0.8155,0.5494,0.198037,5,22,45,255.94,0.7194,0.0994,0.007955,4.280
881514,520,386,906,205,66,236,319.59,0.9118,0.5882,0.229333,14,40,27,159.62,0.6449,0.1483,0.016900,4.175
881534,520,417,937,200,68,220,322.12,0.8682,0.5713,0.215824,23,28,23,145.15,0.1535,0.1168,0.010745,4.376
881543,520,360,880,230,34,253,322.97,0.9926,0.6181,0.250612,70,26,9,40.37,0.7777,0.1791,0.020608,4.257
881562,520,409,929,204,76,197,329.98,0.7973,0.5722,0.220392,41,26,18,48.98,0.3468,0.1314,0.012539,4.324
881574,520,373,893,237,89,31,39.05,0.9496,0.5967,0.252512,3,31,92,262.23,0.9602,0.1639,0.017719,4.467
881585,520,449,969,233,19,115,3.48,0.9703,0.5432,0.190302,18,11,9,36.77,0.2159,0.0650,0.003877,4.460
881586,520,480,1000,228,1,1,29.20,0.9995,0.5097,0.165209,0,0,0,0.00,0.0000,0.0000,0.000000,4.304
881605,520,375,895,208,79,229,321.78,0.8761,0.6021,0.246606,50,29,31,13.41,0.3180,0.1557,0.016558,4.456
881617,520,439,959,224,39,151,349.94,0.9027,0.5489,0.195353,17,14,51,281.29,0.7110,0.0945,0.006722,4.326
881622,520,389,909,253,53,23,31.39,0.9917,0.5875,0.234944,20,31,65,267.93,0.6022,0.1467,0.015103,4.377
881638,520,444,964,227,54,52,26.70,0.9255,0.5384,0.192200,16,10,42,286.79,0.6906,0.0788,0.004944,4.408
881640,520,362,882,253,76,43,32.68,0.9887,0.6110,0.262295,21,37,89,267.14,0.7555,0.1830,0.022037,4.335
881661,520,388,908,251,42,107,10.37,0.9694,0.5882,0.232303,58,21,33,1.88,0.5520,0.1536,0.015458,4.313
881674,520,433,953,238,37,74,18.89,0.9557,0.5514,0.199979,16,19,52,275.35,0.6483,0.1047,0.008238,4.292
881688,520,422,942,244,40,36,28.21,0.9714,0.5606,0.208815,4,22,54,259.91,0.8373,0.1059,0.008659,4.412
881711,520,423,943,240,24,113,5.57,0.9681,0.5587,0.203740,54,1,5,23.18,0.9778,0.1097,0.008171,4.362
881712,520,419,939,235,47,94,13.22,0.9176,0.5564,0.205064,6,25,53,257.87,0.7502,0.1138,0.009910,4.257
881717,520,235,755,243,149,188,353.89,0.7655,0.7411,0.441826,23,82,11,140.83,0.9814,0.2921,0.062407,4.375
881725,520,13,533,255,254,169,107.63,1.0000,0.9754,0.950087,4,131,114,179.34,0.9879,0.4745,0.174725,4.450
881757,520,413,933,250,28,89,14.85,0.9758,0.5746,0.218794,32,27,9,94.18,0.5343,0.1202,0.011107,4.399
881758,520,404,924,242,45,135,359.64,0.9242,0.5811,0.225065,22,21,74,277.11,0.7881,0.1339,0.012013,4.436
881761,520,425,945,213,0,222,326.13,1.0000,0.5568,0.194221,9,28,33,217.19,0.5106,0.1109,0.009984,4.071
881778,520,237,757,245,143,189,352.20,0.8070,0.7332,0.427338,1,76,81,202.45,0.9875,0.2851,0.057691,4.432
881786,520,466,986,191,1,223,320.06,0.9988,0.5197,0.164273,5,6,18,276.84,0.4752,0.0451,0.002062,4.116
881792,520,412,932,202,13,254,315.96,0.9957,0.5659,0.200017,31,1,75,291.73,0.9831,0.1153,0.008210,4.295
881796,520,388,908,201,72,237,317.92,0.9063,0.5891,0.231681,19,26,81,271.57,0.8170,0.1489,0.014712,4.353
881797,520,477,997,142,74,235,298.17,0.8744,0.5089,0.166467,3,0,8,305.48,1.0000,0.0200,0.000369,4.298
881801,520,473,993,154,82,214,306.34,0.7675,0.5188,0.177601,1,4,16,261.68,0.7507,0.0348,0.001307,4.436
881804,520,460,980,199,63,155,343.30,0.7655,0.5257,0.180655,16,11,0,93.22,1.0000,0.0603,0.003495,4.312
881812,520,422,942,242,46,70,21.32,0.9479,0.5648,0.212768,35,21,24,5.13,0.2666,0.1132,0.009596,4.409
881816,520,309,829,253,36,254,328.04,0.9972,0.6583,0.293032,17,5,156,267.55,0.9969,0.2215,0.026278,4.497
881823,520,478,998,197,76,50,33.77,0.8126,0.5068,0.172714,3,0,2,338.03,1.0000,0.0160,0.000237,4.433
881830,520,348,868,244,58,208,337.39,0.9406,0.6278,0.268162,55,39,35,34.47,0.2300,0.1882,0.023847,4.308
881852,520,372,892,218,53,253,319.63,0.9906,0.6098,0.245453,29,3,116,276.72,0.9914,0.1687,0.015872,4.485
881859,520,342,862,215,88,233,322.52,0.8875,0.6262,0.273114,15,44,82,256.41,0.7265,0.1921,0.025120,4.301
881865,520,454,974,227,27,105,6.38,0.9474,0.5309,0.181375,7,10,38,273.14,0.7299,0.0684,0.004022,4.283
881878,520,423,943,243,30,59,22.64,0.9759,0.5555,0.203024,34,22,10,65.19,0.4540,0.1102,0.009358,4.263
881885,520,386,906,233,86,37,37.54,0.9307,0.5857,0.241157,2,35,65,250.05,0.8989,0.1485,0.015965,4.414
881896,520,403,923,221,24,227,326.82,0.9807,0.5802,0.215737,62,2,17,13.46,0.9363,0.1312,0.011082,4.350
881902,520,385,905,241,51,156,352.61,0.9115,0.5916,0.234718,22,41,1,131.54,0.9839,0.1514,0.017586,4.213
881903,520,473,993,200,34,190,331.07,0.9119,0.5229,0.171429,13,0,3,1.59,1.0000,0.0310,0.000922,4.348
881906,520,417,937,210,14,246,319.75,0.9924,0.5727,0.206713,3,7,90,265.91,0.9877,0.1202,0.009094,4.344
881907,520,397,917,192,68,251,312.18,0.9728,0.5820,0.223069,44,28,19,50.21,0.3613,0.1408,0.014131,4.258
881919,520,415,935,252,26,3,30.13,0.9981,0.5686,0.214446,46,2,59,316.83,0.9126,0.1224,0.009401,4.452
881932,520,451,971,200,60,191,330.71,0.8284,0.5442,0.192744,10,12,28,276.56,0.4578,0.0677,0.004113,4.486
881954,520,429,949,240,9,85,14.08,0.9918,0.5469,0.193798,29,10,46,305.09,0.7005,0.0966,0.006756,4.296
881967,520,403,923,234,68,110,10.26,0.8492,0.5779,0.227554,56,12,28,1.94,0.6918,0.1342,0.011877,4.486
881974,520,467,987,229,0,73,16.20,1.0000,0.5190,0.171421,13,0,13,328.36,1.0000,0.0354,0.001146,4.329
881976,520,382,902,246,13,193,341.44,0.9914,0.6013,0.237341,47,24,71,303.70,0.6469,0.1642,0.017126,4.281
882003,520,438,958,208,82,119,4.98,0.6960,0.5511,0.207784,4,25,13,156.65,0.8329,0.0915,0.007501,4.483
882004,520,396,916,203,78,205,327.11,0.8082,0.5779,0.225547,55,11,49,333.87,0.7255,0.1415,0.012734,4.392
882007,520,473,993,201,16,194,330.24,0.9682,0.5193,0.166850,6,3,10,306.72,0.4461,0.0347,0.001258,4.231
882041,520,400,920,243,62,81,20.46,0.9262,0.5822,0.230973,6,34,54,243.68,0.7417,0.1393,0.014490,4.357
882062,520,420,940,221,25,201,333.49,0.9663,0.5633,0.202868,31,23,11,76.88,0.4037,0.1089,0.009283,4.265
882063,520,281,801,240,142,20,62.62,0.9717,0.6917,0.379243,40,67,33,139.39,0.6409,0.2541,0.045751,4.483
882065,520,432,952,242,35,2,31.03,0.9984,0.5518,0.200871,32,20,1,79.29,0.8954,0.1009,0.008096,4.318
882068,520,458,978,213,33,160,343.99,0.9048,0.5287,0.177742,23,7,4,35.77,0.5526,0.0619,0.003429,4.263
882078,520,270,790,254,87,255,327.63,1.0000,0.6983,0.351100,23,66,81,224.45,0.6441,0.2595,0.046725,4.147
882083,520,454,974,190,60,198,325.45,0.8276,0.5321,0.182575,7,12,30,269.28,0.5485,0.0667,0.004018,4.305
882088,520,421,941,154,99,227,300.84,0.7726,0.5563,0.213400,16,28,18,148.97,0.3928,0.1094,0.009843,4.402
882091,520,355,875,238,52,215,333.98,0.9476,0.6169,0.255421,25,11,120,273.36,0.9778,0.1783,0.018020,4.490
882092,520,403,923,214,80,171,342.47,0.7595,0.5797,0.229758,10,30,52,252.68,0.6297,0.1284,0.012410,4.483
882113,520,471,991,166,53,236,308.17,0.9132,0.5173,0.167101,4,5,17,275.88,0.5193,0.0412,0.001748,4.195
882116,520,436,956,223,69,79,21.28,0.8449,0.5508,0.205114,4,24,11,153.84,0.8433,0.0880,0.007032,4.473
882123,520,454,974,233,17,87,12.89,0.9794,0.5347,0.184157,16,7,41,289.91,0.7480,0.0727,0.004222,4.318
882126,520,418,938,249,5,82,15.83,0.9966,0.5644,0.208611,3,7,87,266.01,0.9866,0.1161,0.008594,4.414
882128,520,359,879,240,38,231,330.38,0.9766,0.6218,0.256837,22,32,100,270.28,0.8579,0.1833,0.021236,4.307
882133,520,431,951,231,12,155,349.41,0.9816,0.5530,0.196213,30,22,10,76.79,0.4163,0.1050,0.008718,4.193
882142,520,436,956,178,56,251,308.59,0.9751,0.5501,0.192592,12,4,65,275.85,0.9639,0.0888,0.005466,4.374
882196,520,480,1000,154,55,242,302.79,0.9317,0.5078,0.160137,0,0,0,0.00,0.0000,0.0000,0.000000,4.203
882202,520,476,996,175,19,242,310.92,0.9826,0.5145,0.159915,1,2,6,265.10,0.5131,0.0236,0.000630,4.146
882206,520,410,930,235,42,134,358.45,0.9159,0.5651,0.210423,55,11,21,11.02,0.7172,0.1286,0.011058,4.265
882224,520,424,944,208,57,202,329.74,0.8722,0.5616,0.206023,45,15,14,24.05,0.5881,0.1139,0.009313,4.316
882225,520,386,906,234,15,206,335.26,0.9883,0.5869,0.222930,56,5,67,319.49,0.8564,0.1500,0.013546,4.295
882230,520,479,999,138,83,229,296.58,0.8267,0.5125,0.172470,0,0,7,264.05,1.0000,0.0135,0.000153,4.436
882239,520,359,879,204,109,197,329.96,0.6734,0.6202,0.278073,32,45,39,164.98,0.2302,0.1805,0.023303,4.476
882248,520,319,839,230,98,214,332.52,0.8534,0.6509,0.304156,48,51,45,128.86,0.0962,0.2155,0.031855,4.327
882251,520,327,847,249,57,230,332.71,0.9740,0.6483,0.287821,89,12,55,352.29,0.7998,0.2133,0.026630,4.408
882260,520,368,888,236,59,204,336.61,0.9218,0.6125,0.253231,8,41,72,250.74,0.7768,0.1732,0.021053,4.268
882274,520,381,901,225,50,229,327.13,0.9495,0.6021,0.239481,36,41,5,117.03,0.8367,0.1642,0.019719,4.152
882276,520,405,925,253,2,121,4.38,0.9985,0.5822,0.223102,49,19,23,13.28,0.5100,0.1306,0.011807,4.419
882280,520,376,896,250,29,155,353.76,0.9699,0.5958,0.235727,71,14,3,33.97,0.9379,0.1620,0.016605,4.290
882286,520,422,942,243,17,93,12.24,0.9839,0.5570,0.202493,19,28,11,131.53,0.5252,0.1100,0.009931,4.213
882299,520,449,969,203,22,222,323.41,0.9742,0.5448,0.185460,13,11,24,290.01,0.3768,0.0659,0.003909,4.368
882318,520,376,896,223,83,172,344.84,0.7791,0.5990,0.248553,60,24,14,36.44,0.6462,0.1574,0.016458,4.492
882323,520,425,945,246,9,76,17.34,0.9938,0.5577,0.203135,25,25,15,107.90,0.2752,0.1081,0.009364,4.264
882338,520,414,934,243,12,141,356.41,0.9870,0.5709,0.212440,20,22,55,277.23,0.6021,0.1170,0.009983,4.375
882373,520,364,884,247,46,174,347.80,0.9425,0.6074,0.247874,26,18,111,274.51,0.9452,0.1749,0.017998,4.381
882382,520,454,974,228,25,113,3.57,0.9515,0.5346,0.183844,12,15,14,173.62,0.0889,0.0697,0.004515,4.290
882412,520,425,945,220,74,113,8.08,0.7759,0.5598,0.213079,33,20,14,45.69,0.3327,0.1051,0.008554,4.493
882440,520,410,930,235,69,34,33.37,0.9497,0.5678,0.220369,48,22,14,37.87,0.5325,0.1325,0.012340,4.337
882449,520,295,815,247,117,146,7.99,0.8457,0.6772,0.345749,30,53,103,263.65,0.6583,0.2409,0.038013,4.496
882450,520,401,921,235,5,199,337.32,0.9958,0.5825,0.218970,8,39,8,143.21,0.9495,0.1380,0.015201,4.125
882465,520,180,700,252,177,92,67.35,0.9278,0.7858,0.529148,13,93,7,142.10,0.9925,0.3269,0.079293,4.479
882479,520,309,829,238,97,216,334.18,0.8969,0.6630,0.316868,85,35,14,41.76,0.7595,0.2247,0.031654,4.493
882488,520,384,904,222,14,243,323.41,0.9933,0.5905,0.223169,71,0,33,0.36,1.0000,0.1543,0.014496,4.235
882490,520,362,882,204,92,218,323.09,0.8057,0.6059,0.255551,67,17,58,335.75,0.7022,0.1764,0.018998,4.428
882501,520,336,856,244,65,228,332.05,0.9520,0.6450,0.286179,61,34,64,323.36,0.4656,0.1987,0.025064,4.479
882504,520,325,845,240,89,206,337.71,0.8983,0.6509,0.301289,20,53,71,235.39,0.6016,0.2127,0.031497,4.310
882506,520,377,897,248,38,166,350.21,0.9553,0.6009,0.240992,33,39,38,184.57,0.0938,0.1633,0.019143,4.209
882509,520,434,954,206,94,17,47.55,0.9387,0.5488,0.211697,8,24,36,242.86,0.5324,0.1006,0.008322,4.487
882538,520,417,937,229,32,175,343.04,0.9442,0.5662,0.207889,49,7,32,348.27,0.7346,0.1160,0.009093,4.364
882561,520,357,877,243,68,172,348.68,0.9003,0.6168,0.261705,57,35,23,49.18,0.4207,0.1780,0.021339,4.369
882570,520,345,865,217,92,218,327.31,0.8360,0.6253,0.274698,31,41,73,269.28,0.4816,0.1868,0.023582,4.413
882584,520,397,917,182,82,244,309.60,0.9143,0.5789,0.225122,18,36,27,161.30,0.4371,0.1380,0.014694,4.253
882629,520,446,966,232,23,91,11.76,0.9674,0.5357,0.185270,7,14,41,268.62,0.7039,0.0788,0.005193,4.263
882634,520,458,978,220,26,135,354.11,0.9333,0.5271,0.177063,7,14,2,130.43,0.7651,0.0599,0.003636,4.233
882648,520,480,1000,205,16,164,340.32,0.9540,0.5081,0.160321,0,0,0,0.00,0.0000,0.0000,0.000000,4.206
882652,520,445,965,221,32,147,350.35,0.9176,0.5373,0.185143,10,3,64,274.52,0.9754,0.0846,0.004998,4.275
882660,520,378,898,228,69,191,338.74,0.8644,0.6008,0.245143,26,43,12,133.07,0.7690,0.1624,0.019739,4.232
882669,520,471,991,223,45,32,29.45,0.9526,0.5204,0.176718,3,5,20,271.05,0.6388,0.0418,0.001784,4.378
882682,520,186,706,248,158,253,325.05,0.9870,0.7916,0.515039,52,90,22,134.27,0.9130,0.3347,0.081001,4.313
882695,520,445,965,224,62,43,30.43,0.9207,0.5394,0.194697,7,16,35,263.09,0.5779,0.0789,0.005371,4.419
882700,520,479,999,94,101,232,276.07,0.8492,0.5055,0.175126,2,0,2,328.36,1.0000,0.0139,0.000173,4.487
882709,520,423,943,215,79,107,11.24,0.7424,0.5555,0.211029,6,29,36,220.84,0.6517,0.1138,0.010448,4.318
882711,520,449,969,157,79,245,301.09,0.9175,0.5429,0.193530,28,8,3,40.13,0.6751,0.0709,0.004272,4.487
882713,520,462,982,201,4,213,325.23,0.9946,0.5299,0.173102,4,10,16,243.23,0.3897,0.0524,0.002803,4.225
882721,520,358,878,205,110,191,332.87,0.6529,0.6203,0.278941,35,45,29,134.11,0.3361,0.1799,0.023228,4.492
882728,520,456,976,174,36,249,308.69,0.9712,0.5274,0.171008,20,10,1,72.21,0.7901,0.0631,0.003680,4.117
882729,520,380,900,254,60,89,18.46,0.9920,0.6034,0.250275,15,29,91,267.80,0.8802,0.1634,0.017355,4.458
882742,520,468,988,223,3,123,358.34,0.9935,0.5214,0.171859,3,4,13,274.25,0.4868,0.0355,0.001352,4.320
882743,520,412,932,205,58,223,323.10,0.9044,0.5715,0.213346,6,17,74,266.97,0.9335,0.1162,0.009340,4.438
882747,520,400,920,248,21,125,2.77,0.9787,0.5777,0.219769,59,3,51,335.12,0.8504,0.1415,0.012341,4.327
882749,520,433,953,218,64,130,358.63,0.7992,0.5502,0.201863,5,23,37,243.74,0.6495,0.0967,0.007786,4.359
882756,520,465,985,158,85,206,309.69,0.7282,0.5229,0.182229,16,2,15,330.07,0.6926,0.0453,0.001881,4.476
882773,520,316,836,234,97,219,332.09,0.8834,0.6584,0.311586,47,48,76,281.66,0.3511,0.2216,0.032400,4.388
882782,520,421,941,250,10,32,26.89,0.9960,0.5608,0.206491,51,1,18,6.12,0.9335,0.1063,0.007693,4.446
882791,520,355,875,237,95,104,19.43,0.8288,0.6158,0.271913,7,50,7,142.92,0.9772,0.1753,0.023416,4.385
882794,520,282,802,246,119,177,353.34,0.8499,0.6895,0.359635,59,62,11,112.85,0.8295,0.2525,0.043992,4.358
882798,520,418,938,249,10,25,27.73,0.9961,0.5582,0.204307,54,1,35,347.13,0.9100,0.1196,0.009275,4.290
882803,520,453,973,118,104,226,284.75,0.7698,0.5269,0.192429,10,17,11,148.65,0.2959,0.0723,0.004896,4.416
882808,520,448,968,228,53,18,32.57,0.9773,0.5366,0.190868,36,1,15,359.08,0.8723,0.0750,0.004313,4.435
882829,520,426,946,211,11,222,325.58,0.9900,0.5555,0.193641,45,10,29,350.12,0.6519,0.1113,0.008638,4.155
882830,520,456,976,210,17,179,336.96,0.9631,0.5267,0.173594,13,2,43,287.70,0.9217,0.0622,0.003034,4.216
882865,520,472,992,217,37,123,358.49,0.8903,0.5224,0.175074,0,2,23,263.31,1.0006,0.0325,0.001053,4.409
882873,520,466,986,224,24,82,13.81,0.9610,0.5172,0.171126,15,4,26,305.58,0.6889,0.0547,0.002630,4.202
882886,520,369,889,246,56,179,346.42,0.9327,0.6150,0.256790,16,38,72,258.88,0.6680,0.1682,0.019642,4.405
882929,520,418,938,221,13,204,332.68,0.9858,0.5614,0.200220,35,22,35,326.57,0.3239,0.1201,0.010525,4.134
882941,520,398,918,224,61,178,341.69,0.8575,0.5793,0.224016,19,37,32,174.49,0.3850,0.1435,0.015658,4.173
882952,520,406,926,230,28,202,335.43,0.9685,0.5814,0.219204,9,6,94,268.81,0.9871,0.1276,0.009964,4.489
882971,520,466,986,200,38,182,333.48,0.8875,0.5203,0.170448,17,2,19,323.74,0.7307,0.0485,0.002096,4.232
883034,520,439,959,193,20,244,315.61,0.9846,0.5450,0.183708,10,16,46,270.97,0.6902,0.0890,0.006323,4.149
883035,520,475,995,201,31,181,334.03,0.9122,0.5172,0.167356,4,3,7,297.61,0.3190,0.0312,0.001063,4.257
883038,520,13,533,247,255,207,115.25,1.0000,0.9791,0.957992,36,130,108,173.55,0.8405,0.4748,0.174223,4.495
883043,520,268,788,238,130,176,354.18,0.7463,0.6955,0.372793,80,56,0,81.72,1.0000,0.2620,0.045340,4.435
883051,520,413,933,248,41,3,31.46,0.9978,0.5680,0.215525,40,19,35,336.37,0.4389,0.1209,0.010383,4.397
883052,520,460,980,230,31,33,27.62,0.9746,0.5258,0.179158,2,14,22,234.59,0.6858,0.0628,0.003849,4.256
883058,520,422,942,251,3,29,27.07,0.9988,0.5613,0.206668,4,13,72,266.58,0.9550,0.1059,0.007815,4.439
883073,520,338,858,251,45,226,334.13,0.9820,0.6416,0.278801,31,34,107,274.32,0.8199,0.2009,0.024968,4.386
883092,520,414,934,207,31,236,321.02,0.9711,0.5659,0.203032,11,30,40,233.57,0.5129,0.1214,0.011529,4.112
883093,520,340,860,250,54,214,337.08,0.9729,0.6387,0.278205,11,52,53,197.42,0.7499,0.1963,0.027840,4.216
883096,520,411,931,233,33,171,345.23,0.9455,0.5722,0.213544,16,31,9,136.64,0.7271,0.1165,0.011098,4.313
883097,520,480,1000,168,58,221,312.00,0.8695,0.5127,0.165722,0,0,0,0.00,0.0000,0.0000,0.000000,4.314
883098,520,474,994,211,29,160,343.39,0.9154,0.5228,0.172679,13,1,3,6.91,0.7327,0.0340,0.001139,4.354
883104,520,417,937,244,47,45,27.46,0.9606,0.5663,0.214590,15,33,1,133.30,0.9800,0.1207,0.011914,4.273
883114,520,456,976,170,82,199,316.97,0.7275,0.5300,0.187050,15,8,25,301.48,0.5007,0.0624,0.003454,4.435
883118,520,367,887,212,104,175,342.21,0.6631,0.6131,0.269946,6,42,69,246.00,0.8021,0.1732,0.021242,4.491
883121,520,436,956,236,42,44,26.90,0.9606,0.5461,0.196738,38,7,1,38.20,0.9114,0.0855,0.005663,4.433
883124,520,370,890,247,41,186,344.03,0.9567,0.6102,0.249084,7,40,77,254.38,0.8194,0.1740,0.020985,4.213
883141,520,302,822,252,118,2,49.47,0.9983,0.6664,0.336599,45,58,42,139.80,0.2917,0.2323,0.037511,4.418
883163,520,468,988,212,64,76,20.48,0.8287,0.5234,0.181880,4,2,30,277.95,0.9117,0.0424,0.001630,4.491
883166,520,318,838,250,111,116,20.28,0.9207,0.6645,0.329569,49,55,21,117.83,0.6056,0.2222,0.034395,4.498
883175,520,342,862,233,92,178,345.95,0.8093,0.6299,0.281948,4,54,7,143.64,0.9889,0.1883,0.026794,4.323
883176,520,467,987,231,0,12,28.40,1.0000,0.5164,0.170186,4,6,13,267.17,0.3500,0.0418,0.001851,4.246
883180,520,401,921,250,17,113,6.84,0.9854,0.5768,0.219207,38,20,68,296.83,0.6902,0.1429,0.013297,4.253
883213,520,342,862,236,84,182,344.60,0.8473,0.6266,0.275535,23,50,42,172.37,0.4941,0.1907,0.026304,4.266
883225,520,442,962,227,32,125,359.46,0.9280,0.5401,0.188474,9,19,4,134.50,0.7195,0.0751,0.005326,4.310
883230,520,444,964,209,63,158,344.97,0.7911,0.5448,0.195810,20,6,48,292.22,0.8136,0.0812,0.004924,4.475
883234,520,473,993,212,21,156,344.81,0.9422,0.5191,0.169360,1,4,15,260.73,0.7259,0.0343,0.001278,4.278
883237,520,372,892,248,63,149,357.35,0.9313,0.6118,0.256847,30,44,20,133.37,0.5555,0.1702,0.021279,4.305
883243,520,393,913,227,74,156,351.30,0.8051,0.5879,0.236313,30,29,56,283.73,0.4450,0.1433,0.014403,4.446
883251,520,463,983,234,27,31,27.65,0.9811,0.5321,0.183784,2,5,30,267.98,0.8791,0.0477,0.002152,4.483
883254,520,472,992,187,30,216,320.30,0.9464,0.5168,0.164526,3,2,14,284.75,0.6843,0.0302,0.000945,4.211
883260,520,397,917,231,54,160,349.21,0.8797,0.5771,0.221681,40,19,60,304.90,0.6473,0.1371,0.012431,4.352
883267,520,424,944,195,29,250,314.70,0.9781,0.5568,0.193843,40,16,33,339.34,0.4973,0.1143,0.009316,4.111
883268,520,472,992,218,44,110,4.34,0.8732,0.5248,0.178351,9,2,6,341.63,0.5156,0.0335,0.001146,4.465
883284,520,376,896,245,55,145,357.49,0.9160,0.5979,0.241924,45,29,58,308.43,0.4609,0.1620,0.017421,4.330
883286,520,372,892,242,94,51,36.52,0.9180,0.6145,0.271248,39,43,15,116.20,0.5999,0.1747,0.021936,4.466
883298,520,453,973,194,24,222,320.91,0.9675,0.5304,0.173980,26,1,32,319.97,0.8769,0.0669,0.003456,4.190
883339,520,433,953,221,52,146,351.79,0.8509,0.5507,0.199059,18,0,73,279.93,1.0000,0.0975,0.006096,4.440
883350,520,467,987,232,9,5,29.23,0.9956,0.5204,0.173653,9,1,30,292.09,0.9163,0.0449,0.001735,4.323
883354,520,426,946,240,47,68,21.88,0.9446,0.5612,0.209789,24,24,18,107.36,0.1583,0.1052,0.008911,4.410
883357,520,455,975,183,82,162,336.12,0.6534,0.5277,0.187118,15,7,23,306.08,0.5047,0.0593,0.003154,4.461
883373,520,323,843,227,114,169,351.28,0.7005,0.6495,0.312323,11,56,49,180.30,0.8124,0.2076,0.031211,4.461
883381,520,409,929,243,51,24,31.21,0.9770,0.5657,0.214917,46,22,7,51.06,0.6556,0.1279,0.011701,4.294
883386,520,331,851,253,54,204,340.50,0.9869,0.6385,0.278839,69,37,31,31.49,0.4369,0.2037,0.026874,4.278
883402,520,254,774,243,129,211,338.82,0.8816,0.7154,0.394607,52,69,10,124.88,0.8980,0.2669,0.050082,4.442
883406,520,339,859,179,132,211,310.75,0.5806,0.6379,0.307899,26,56,9,136.58,0.9428,0.2048,0.030676,4.436
883417,520,392,912,238,78,69,27.32,0.9041,0.5881,0.240586,31,38,12,122.13,0.6234,0.1511,0.017041,4.334
883426,520,436,956,231,12,153,350.06,0.9814,0.5521,0.195546,16,19,33,274.12,0.3466,0.0913,0.006857,4.319
883429,520,391,911,223,72,172,344.06,0.8144,0.5858,0.233036,61,17,15,25.99,0.7210,0.1474,0.014276,4.403
883449,520,407,927,226,83,14,40.34,0.9750,0.5674,0.223897,42,17,47,320.73,0.5852,0.1271,0.010984,4.491
883451,520,426,946,252,3,10,28.76,0.9990,0.5625,0.207863,53,0,18,6.67,1.0000,0.1091,0.008007,4.445
883473,520,461,981,209,8,194,332.36,0.9864,0.5319,0.176261,15,7,6,28.96,0.2844,0.0524,0.002667,4.296
883474,520,445,965,157,84,238,301.90,0.8669,0.5443,0.196822,13,14,39,278.32,0.5853,0.0815,0.005461,4.450
883500,520,372,892,226,66,221,329.32,0.9143,0.6117,0.252879,27,45,30,148.82,0.4293,0.1735,0.022035,4.205
883538,520,476,996,209,66,15,36.90,0.9666,0.5127,0.174885,6,1,2,3.56,0.5657,0.0248,0.000648,4.440
883546,520,315,835,215,111,238,320.10,0.8782,0.6616,0.319905,13,62,21,145.86,0.9579,0.2209,0.035848,4.309
883551,520,397,917,249,48,41,28.36,0.9759,0.5768,0.224173,54,20,3,46.03,0.8325,0.1372,0.012913,4.358
883553,520,462,982,187,29,228,317.39,0.9606,0.5258,0.170463,9,2,30,290.72,0.8535,0.0472,0.001952,4.244
883565,520,322,842,255,47,230,334.05,1.0000,0.6521,0.290094,30,56,6,133.57,0.9513,0.2071,0.031174,4.190
883585,520,367,887,249,26,199,340.57,0.9823,0.6138,0.250053,71,13,31,6.88,0.7584,0.1668,0.017266,4.461
883591,520,348,868,225,106,151,358.23,0.6954,0.6266,0.285522,22,47,67,244.61,0.5234,0.1934,0.026088,4.410
883603,520,387,907,230,19,218,331.24,0.9861,0.5883,0.223532,34,14,91,285.25,0.8855,0.1526,0.014095,4.268
883612,520,460,980,154,90,209,306.50,0.7193,0.5280,0.187863,7,9,25,275.23,0.5092,0.0575,0.003107,4.479
883617,520,326,846,247,59,234,331.24,0.9678,0.6489,0.288455,44,36,100,283.78,0.6919,0.2093,0.027173,4.386
883630,520,464,984,219,27,131,355.37,0.9283,0.5239,0.174852,2,4,34,268.88,0.9270,0.0486,0.002152,4.311
883635,520,409,929,233,22,184,341.14,0.9728,0.5744,0.213609,48,22,12,41.39,0.5663,0.1321,0.012288,4.232
883640,520,474,994,139,90,218,297.95,0.7573,0.5164,0.178634,9,0,14,317.08,1.0000,0.0312,0.000898,4.492
883643,520,356,876,254,39,187,345.20,0.9926,0.6226,0.261131,69,25,32,12.73,0.5836,0.1803,0.020649,4.404
883649,520,382,902,253,62,20,33.02,0.9910,0.5952,0.243821,43,35,35,17.95,0.1161,0.1621,0.018370,4.297
883657,520,343,863,255,85,55,32.37,1.0000,0.6265,0.280364,1,52,52,194.80,0.9765,0.1926,0.027102,4.285
883660,520,463,983,180,1,250,310.92,0.9993,0.5250,0.166282,12,8,15,310.62,0.2668,0.0546,0.002863,4.091
883661,520,456,976,230,21,102,7.59,0.9660,0.5337,0.183216,23,5,11,359.08,0.5506,0.0598,0.003149,4.388
883702,520,475,995,227,25,48,24.03,0.9762,0.5180,0.172425,4,5,1,118.05,0.5965,0.0345,0.001365,4.330
883712,520,462,982,218,61,58,26.27,0.8867,0.5285,0.185510,14,7,0,80.92,1.0000,0.0494,0.002453,4.490
883718,520,454,974,181,16,250,311.02,0.9889,0.5301,0.170975,16,10,30,295.37,0.5216,0.0702,0.004210,4.076
883727,520,474,994,154,74,236,302.35,0.8777,0.5248,0.178241,10,0,9,330.88,1.0000,0.0299,0.000843,4.489
883734,520,411,931,204,6,255,316.34,1.0000,0.5685,0.201892,51,14,12,26.16,0.6949,0.1228,0.010445,4.167
883739,520,443,963,224,55,73,20.54,0.8931,0.5367,0.190634,16,2,54,285.34,0.9523,0.0763,0.004199,4.440
883750,520,331,851,233,54,255,322.97,1.0000,0.6359,0.271843,19,34,117,268.03,0.9163,0.2046,0.025667,4.253
883752,520,440,960,204,36,224,323.01,0.9515,0.5545,0.194827,22,16,23,321.50,0.2169,0.0852,0.006030,4.370
883757,520,432,952,198,5,245,316.90,0.9967,0.5502,0.187084,18,11,65,279.61,0.8668,0.1040,0.007496,4.124
883767,520,418,938,213,48,191,334.38,0.8890,0.5560,0.200237,26,23,51,286.18,0.5014,0.1217,0.010714,4.122
883769,520,30,550,255,239,251,334.28,1.0000,0.9629,0.899585,12,130,39,145.43,0.9928,0.4542,0.161892,4.481
883771,520,382,902,255,6,160,352.72,1.0000,0.6014,0.239319,54,12,69,315.42,0.7830,0.1555,0.014770,4.467
883772,520,415,935,205,18,252,317.12,0.9904,0.5704,0.204416,8,32,25,171.35,0.6581,0.1192,0.011548,4.134
883782,520,455,975,148,79,238,299.21,0.8774,0.5259,0.180612,26,2,4,17.58,0.8080,0.0559,0.002718,4.374
883809,520,455,975,204,66,146,348.67,0.7584,0.5337,0.188111,24,6,2,40.73,0.7059,0.0607,0.003289,4.468
883813,520,339,859,255,62,194,344.06,1.0000,0.6431,0.286036,64,36,51,347.03,0.3761,0.2007,0.025909,4.427
883817,520,471,991,231,8,63,19.57,0.9928,0.5232,0.175245,14,3,11,336.50,0.5492,0.0436,0.001827,4.346
883839,520,391,911,246,59,86,18.61,0.9404,0.5863,0.233960,45,26,46,325.08,0.4053,0.1484,0.014940,4.373
883844,520,307,827,235,108,207,336.67,0.8483,0.6691,0.328946,51,58,0,117.04,1.0000,0.2310,0.037299,4.341
883851,520,414,934,231,19,178,342.40,0.9745,0.5664,0.206718,15,11,83,273.06,0.9507,0.1226,0.009654,4.303
883854,520,260,780,204,162,160,21.50,0.3049,0.7093,0.412170,37,72,52,157.33,0.5397,0.2731,0.052758,4.498
883858,520,470,990,107,100,236,280.61,0.8513,0.5173,0.182958,0,9,0,142.50,1.0000,0.0406,0.001954,4.484
883861,520,380,900,242,71,119,8.41,0.8835,0.5986,0.247188,60,15,61,326.94,0.7220,0.1632,0.016394,4.476
883876,520,467,987,167,42,246,306.93,0.9566,0.5185,0.165260,14,1,13,330.30,0.7634,0.0394,0.001441,4.185
883877,520,373,893,209,60,247,318.35,0.9603,0.5968,0.235041,66,19,29,10.64,0.6546,0.1639,0.017129,4.246
883888,520,441,961,144,106,196,301.91,0.5878,0.5366,0.202231,18,15,44,284.40,0.6012,0.0916,0.006521,4.463
883894,520,451,971,236,12,104,7.49,0.9852,0.5440,0.190984,25,3,35,313.83,0.7978,0.0714,0.003932,4.468
883895,520,438,958,237,36,75,18.41,0.9557,0.5489,0.197775,24,19,16,52.85,0.1429,0.0919,0.006974,4.349
883920,520,386,906,249,9,165,350.07,0.9928,0.5923,0.230551,60,22,20,25.23,0.6029,0.1550,0.015851,4.260
883921,520,389,909,207,76,213,326.00,0.8420,0.5867,0.232401,10,41,7,141.73,0.9525,0.1454,0.016657,4.237
883922,520,409,929,159,105,223,302.80,0.7355,0.5700,0.228021,7,35,22,160.16,0.8019,0.1273,0.013051,4.409
883930,520,471,991,212,52,99,8.76,0.8367,0.5164,0.173562,13,3,9,341.04,0.5124,0.0417,0.001704,4.324
883938,520,478,998,222,17,92,9.66,0.9700,0.5129,0.167059,4,0,5,323.04,1.0000,0.0198,0.000368,4.309
883939,520,377,897,242,29,190,341.55,0.9714,0.5971,0.234767,25,10,109,275.10,0.9709,0.1624,0.015278,4.362
883969,520,467,987,153,67,243,301.29,0.9228,0.5206,0.172581,13,5,2,52.27,0.5027,0.0442,0.001985,4.282
883978,520,432,952,126,102,247,286.07,0.9072,0.5474,0.206534,13,26,4,133.48,0.8458,0.0981,0.008331,4.398
883981,520,39,559,240,251,122,113.32,0.9553,0.9468,0.889250,5,130,41,146.07,0.9969,0.4537,0.161569,4.439
883987,520,448,968,198,55,195,328.90,0.8489,0.5385,0.186799,2,22,8,152.68,0.9335,0.0799,0.006042,4.225
883993,520,450,970,234,30,67,19.96,0.9665,0.5380,0.188293,35,1,0,31.06,1.0000,0.0688,0.003791,4.430
884002,520,463,983,209,66,106,7.73,0.7713,0.5277,0.184946,1,4,39,266.06,0.9594,0.0522,0.002398,4.484
884009,520,427,947,247,25,43,25.81,0.9857,0.5598,0.206474,34,19,13,42.57,0.3753,0.1040,0.008349,4.396
884024,520,346,866,223,100,188,339.80,0.7531,0.6298,0.284353,31,49,11,131.09,0.8333,0.1854,0.025120,4.451
884028,520,327,847,255,100,37,39.75,1.0000,0.6450,0.305114,30,53,60,219.22,0.3650,0.2124,0.031484,4.358
884033,520,461,981,189,29,235,316.34,0.9670,0.5348,0.176970,7,4,24,287.49,0.6849,0.0458,0.001979,4.367
884044,520,348,868,249,96,80,28.92,0.9511,0.6335,0.290879,0,54,8,144.96,1.0000,0.1871,0.026557,4.453
884074,520,110,630,245,218,74,98.36,0.9073,0.8675,0.700510,17,112,13,142.37,0.9903,0.3927,0.117361,4.484
884100,520,331,851,255,55,202,341.53,1.0000,0.6418,0.282600,4,52,72,232.15,0.8884,0.2047,0.029495,4.184
884107,520,419,939,251,3,48,24.10,0.9986,0.5629,0.207915,6,31,16,154.45,0.8372,0.1122,0.010561,4.259
884118,520,414,934,254,5,3,29.22,0.9984,0.5670,0.211898,20,0,90,276.62,1.0000,0.1219,0.008869,4.449
884124,520,407,927,224,59,162,347.13,0.8468,0.5696,0.215864,7,30,61,256.84,0.7649,0.1338,0.013106,4.213
884126,520,411,931,210,63,200,330.88,0.8550,0.5694,0.214287,12,32,2,135.94,0.9661,0.1158,0.011155,4.322
884127,520,460,980,169,57,245,306.96,0.9430,0.5331,0.179546,18,0,40,299.55,1.0000,0.0607,0.002818,4.346
884137,520,333,853,225,101,204,334.45,0.7987,0.6423,0.296766,59,44,6,85.95,0.8338,0.2011,0.027444,4.478
884142,520,379,899,217,52,238,322.83,0.9488,0.5966,0.233827,36,29,69,288.44,0.5684,0.1592,0.016835,4.247
884146,520,400,920,187,89,217,317.59,0.7812,0.5764,0.227204,2,37,33,183.93,0.9269,0.1353,0.014458,4.301
884159,520,457,977,222,45,78,17.08,0.9086,0.5250,0.179591,23,8,0,60.67,1.0000,0.0627,0.003559,4.287
884162,520,466,986,231,8,62,19.84,0.9929,0.5231,0.175135,10,1,35,289.54,0.9385,0.0500,0.002076,4.323
884175,520,160,680,250,184,199,3.85,0.7963,0.8224,0.587303,16,98,65,160.44,0.9454,0.3538,0.092268,4.480
884178,520,398,918,250,54,35,30.11,0.9795,0.5830,0.230873,32,18,77,287.13,0.7866,0.1410,0.012755,4.476
884196,520,348,868,245,32,236,330.35,0.9854,0.6310,0.265045,3,44,87,253.90,0.9214,0.1921,0.025087,4.196
884210,520,442,962,231,11,127,358.72,0.9822,0.5411,0.187635,25,9,37,308.08,0.6409,0.0833,0.005356,4.293
884233,520,441,961,190,47,224,318.76,0.9176,0.5389,0.183633,24,12,42,299.18,0.6255,0.0906,0.006243,4.154
884236,520,472,992,214,54,75,18.86,0.8674,0.5163,0.174449,16,0,2,12.28,1.0000,0.0347,0.001146,4.388
884240,520,462,982,222,35,125,358.64,0.9082,0.5318,0.182150,12,6,7,5.98,0.2297,0.0473,0.002238,4.444
884277,520,452,972,217,4,171,341.06,0.9917,0.5322,0.177812,23,0,44,303.33,1.0000,0.0706,0.003640,4.247
884306,520,435,955,223,63,97,13.04,0.8369,0.5482,0.201087,25,18,2,88.59,0.7779,0.0872,0.006437,4.449
884313,520,440,960,187,48,246,312.73,0.9551,0.5525,0.193337,25,15,21,342.57,0.2603,0.0857,0.006025,4.343
884318,520,461,981,195,19,226,320.29,0.9784,0.5333,0.175604,12,7,0,88.51,1.0000,0.0473,0.002301,4.314
884320,520,453,973,206,60,137,352.40,0.7815,0.5267,0.181617,7,1,60,272.95,0.9921,0.0742,0.003931,4.295
884332,520,431,951,230,54,88,15.71,0.8932,0.5508,0.201688,9,6,74,271.16,0.9725,0.1010,0.006827,4.429
884339,520,347,867,248,83,139,3.54,0.9103,0.6292,0.280102,51,43,30,79.59,0.2687,0.1919,0.025253,4.387
884340,520,439,959,226,60,97,12.88,0.8558,0.5509,0.202663,27,15,26,329.53,0.3449,0.0904,0.006493,4.472
884343,520,341,861,250,32,225,334.12,0.9843,0.6329,0.267964,80,5,74,332.15,0.8651,0.2006,0.023087,4.350
884354,520,397,917,217,19,237,323.50,0.9878,0.5789,0.213339,39,8,85,293.07,0.9037,0.1449,0.012609,4.206
884355,520,461,981,215,59,96,11.64,0.8247,0.5284,0.184220,17,4,14,335.64,0.5409,0.0508,0.002377,4.472
884357,520,431,951,211,91,45,40.09,0.8428,0.5545,0.215227,10,28,6,139.63,0.8686,0.1028,0.009082,4.489
884376,520,435,955,210,70,158,345.75,0.7690,0.5544,0.205526,0,23,37,236.77,1.0000,0.0936,0.007463,4.447
884379,520,326,846,225,92,233,325.40,0.8982,0.6463,0.295470,45,53,26,122.55,0.4870,0.2130,0.031787,4.224
884384,520,476,996,215,10,129,354.66,0.9737,0.5091,0.162516,0,0,11,264.05,1.0000,0.0166,0.000242,4.230
884387,520,473,993,151,61,248,300.16,0.9554,0.5156,0.166944,1,0,21,272.00,1.0000,0.0260,0.000606,4.287
884393,520,445,965,172,82,216,312.87,0.7837,0.5446,0.197639,36,6,11,13.14,0.6907,0.0826,0.005295,4.478
884400,520,478,998,206,36,138,350.19,0.8688,0.5064,0.162207,8,0,3,351.24,1.0000,0.0245,0.000582,4.195
884402,520,318,838,197,128,225,315.64,0.7172,0.6593,0.327458,34,60,2,131.79,0.9844,0.2227,0.035761,4.401
884407,520,470,990,166,56,236,307.98,0.9072,0.5202,0.169922,4,4,22,278.12,0.6954,0.0416,0.001706,4.253
884419,520,474,994,167,49,238,308.28,0.9256,0.5169,0.165859,0,3,19,260.47,1.0000,0.0326,0.001121,4.222
884420,520,409,929,235,68,44,31.30,0.9310,0.5676,0.219813,1,30,57,249.67,0.9290,0.1278,0.012303,4.331
884431,520,445,965,203,86,81,25.07,0.7057,0.5382,0.199481,6,21,21,195.45,0.4892,0.0837,0.006292,4.432
884438,520,343,863,254,45,191,344.20,0.9927,0.6279,0.267126,21,50,37,162.70,0.5808,0.1878,0.025741,4.187
884461,520,435,955,243,36,6,30.86,0.9952,0.5546,0.203330,26,17,13,45.07,0.2488,0.0887,0.006496,4.484
884463,520,411,931,218,0,234,324.54,1.0000,0.5743,0.208480,37,8,62,303.73,0.8181,0.1185,0.009148,4.370
884472,520,446,966,208,32,192,332.67,0.9299,0.5373,0.182507,29,6,38,315.19,0.7268,0.0844,0.005314,4.203
884476,520,366,886,245,31,199,339.74,0.9743,0.6084,0.245191,11,47,1,139.31,0.9946,0.1656,0.021063,4.154
884477,520,394,914,214,26,255,318.69,1.0000,0.5900,0.222568,14,11,94,270.94,0.9694,0.1361,0.011408,4.439
884494,520,438,958,233,50,71,20.98,0.9255,0.5499,0.200628,1,17,51,260.08,0.9497,0.0898,0.006463,4.439
884495,520,295,815,242,90,253,325.00,0.9914,0.6819,0.332838,11,67,30,149.91,0.9591,0.2392,0.041790,4.171
884498,520,450,970,210,24,194,332.62,0.9552,0.5385,0.182520,19,12,24,310.43,0.3519,0.0738,0.004673,4.253
884516,520,457,977,148,81,245,297.67,0.9148,0.5347,0.187735,4,10,31,266.06,0.6952,0.0609,0.003418,4.450
884519,520,13,533,249,251,222,110.30,0.9064,0.9756,0.944081,56,133,1,137.42,0.9991,0.4739,0.176174,4.395
884550,520,352,872,249,56,178,347.40,0.9517,0.6200,0.261857,43,44,42,128.61,0.0343,0.1892,0.024821,4.168
884559,520,416,936,251,36,6,30.74,0.9960,0.5714,0.217878,6,25,63,261.85,0.8405,0.1222,0.010928,4.397
884594,520,449,969,232,43,36,28.48,0.9593,0.5378,0.190140,27,7,10,11.74,0.5325,0.0694,0.004069,4.441
884596,520,429,949,214,11,210,329.36,0.9878,0.5523,0.191907,28,5,64,293.18,0.8945,0.1047,0.007256,4.225
884602,520,437,957,240,36,59,23.01,0.9660,0.5525,0.201061,34,13,15,15.01,0.4591,0.0923,0.006625,4.434
884631,520,471,991,230,18,16,28.83,0.9896,0.5190,0.172961,9,5,3,55.94,0.2882,0.0405,0.001732,4.310
884635,520,458,978,232,2,98,8.60,0.9972,0.5318,0.180841,10,10,10,0.00,0.0000,0.0554,0.003035,4.353
884639,520,401,921,214,39,230,324.17,0.9585,0.5773,0.214623,43,20,51,316.77,0.5617,0.1365,0.012530,4.232
884668,520,438,958,199,6,245,317.16,0.9962,0.5521,0.188665,26,5,53,297.65,0.8478,0.0912,0.005852,4.273
884669,520,476,996,198,9,197,328.61,0.9826,0.5142,0.162341,2,0,13,287.44,1.0000,0.0215,0.000420,4.211
884671,520,330,850,250,72,196,342.70,0.9606,0.6442,0.289473,97,7,6,28.35,0.9682,0.2143,0.027070,4.405
884674,520,386,906,246,53,111,9.43,0.9304,0.5872,0.232901,5,12,104,266.21,0.9835,0.1465,0.012946,4.494
884684,520,321,841,219,102,223,326.23,0.8342,0.6451,0.298923,46,50,33,118.92,0.2938,0.2068,0.029718,4.377
884692,520,398,918,217,66,198,333.49,0.8574,0.5830,0.227275,13,17,93,269.77,0.9504,0.1425,0.012767,4.418
884701,520,424,944,174,86,225,310.91,0.8091,0.5595,0.210913,23,28,7,120.64,0.6292,0.1128,0.010280,4.328
884740,520,408,928,226,37,196,336.18,0.9435,0.5749,0.214799,28,16,74,284.97,0.8081,0.1305,0.011118,4.333
884750,520,288,808,215,129,220,325.06,0.7339,0.6814,0.353163,12,68,35,152.52,0.9458,0.2440,0.043336,4.319
884751,520,426,946,228,47,135,357.04,0.8839,0.5555,0.202790,46,12,25,359.33,0.6170,0.1143,0.009141,4.274
884788,520,389,909,236,27,203,336.57,0.9747,0.5925,0.229313,53,21,52,328.55,0.5791,0.1544,0.015412,4.270
884789,520,403,923,252,44,20,30.58,0.9887,0.5788,0.225510,41,27,7,73.85,0.6467,0.1317,0.012707,4.394
884794,520,422,942,216,17,217,328.07,0.9834,0.5622,0.200117,5,29,39,228.56,0.7043,0.1149,0.010574,4.129
884798,520,404,924,218,53,208,330.81,0.9091,0.5789,0.220078,19,33,38,222.36,0.3085,0.1341,0.013661,4.242
884800,520,332,852,244,77,207,338.07,0.9299,0.6445,0.290487,26,53,43,167.88,0.4797,0.2025,0.029401,4.288
884824,520,433,953,200,71,178,335.18,0.7684,0.5488,0.200019,38,12,24,353.25,0.5376,0.1001,0.007410,4.355
884825,520,476,996,187,75,141,346.88,0.6683,0.5137,0.175216,4,1,7,310.77,0.6480,0.0247,0.000629,4.448
884840,520,437,957,193,66,202,325.07,0.8214,0.5460,0.194996,35,5,39,322.91,0.7590,0.0926,0.006124,4.365
884843,520,375,895,184,94,243,309.43,0.8909,0.5975,0.246676,15,35,71,261.10,0.6918,0.1589,0.017585,4.390
884850,520,435,955,246,7,12,28.74,0.9973,0.5505,0.197749,4,12,60,267.03,0.9337,0.0906,0.006150,4.412
884853,520,432,952,228,9,168,344.63,0.9863,0.5529,0.195192,21,13,51,287.65,0.7055,0.0964,0.006863,4.312
884858,520,401,921,253,41,31,29.06,0.9924,0.5795,0.225712,21,13,89,275.82,0.9351,0.1369,0.011685,4.470
884865,520,402,922,239,7,179,343.81,0.9931,0.5794,0.217604,45,21,13,39.11,0.5196,0.1252,0.011234,4.370
884912,520,454,974,236,21,29,27.55,0.9874,0.5337,0.184611,2,17,10,164.57,0.8152,0.0661,0.004357,4.316
884920,520,295,815,254,113,127,16.40,0.9780,0.6769,0.344166,61,56,39,93.65,0.2701,0.2423,0.039670,4.396
884938,520,459,979,178,16,251,309.95,0.9890,0.5264,0.168016,6,5,44,274.44,0.9095,0.0633,0.003291,4.091
884942,520,436,956,230,31,140,354.72,0.9361,0.5513,0.196993,21,6,59,287.23,0.8783,0.0931,0.006054,4.406
884961,520,467,987,158,90,190,313.87,0.6486,0.5204,0.182998,2,5,24,267.41,0.7919,0.0433,0.001874,4.492
884983,520,377,897,247,12,190,342.47,0.9920,0.6013,0.237580,14,40,58,241.68,0.6033,0.1630,0.019164,4.158
884998,520,479,999,177,62,196,321.66,0.8024,0.5121,0.167790,1,0,6,289.16,1.0000,0.0150,0.000196,4.339
885026,520,206,726,218,164,253,311.37,0.9561,0.7676,0.485490,42,85,29,139.08,0.8889,0.3131,0.070777,4.434
885027,520,472,992,129,85,245,290.29,0.9147,0.5194,0.177566,4,0,19,291.17,1.0000,0.0284,0.000728,4.486
885037,520,452,972,217,69,39,33.26,0.9111,0.5335,0.191569,28,4,17,348.79,0.6711,0.0675,0.003742,4.495
885052,520,398,918,218,69,175,341.48,0.8133,0.5754,0.222590,43,20,56,311.76,0.6013,0.1400,0.012995,4.327
885054,520,447,967,204,48,183,334.36,0.8611,0.5353,0.183721,13,1,59,279.78,0.9854,0.0775,0.004230,4.310
885061,520,415,935,213,74,167,343.34,0.7728,0.5686,0.218358,15,22,59,271.21,0.6998,0.1166,0.009911,4.479
885072,520,377,897,251,67,74,23.82,0.9737,0.6014,0.250215,33,40,8,120.57,0.7502,0.1585,0.018584,4.377
885096,520,417,937,176,76,253,306.20,0.9819,0.5703,0.214916,31,2,80,289.15,0.9734,0.1225,0.009139,4.480
885099,520,429,949,237,25,111,5.81,0.9633,0.5523,0.198506,23,23,25,286.05,0.0474,0.1040,0.008651,4.237
885104,520,386,906,184,97,220,314.97,0.7663,0.5863,0.239080,18,42,6,136.89,0.9353,0.1527,0.017976,4.253
885111,520,421,941,170,73,253,304.50,0.9825,0.5587,0.204036,42,18,1,56.28,0.8884,0.1118,0.009271,4.286
885113,520,468,988,198,73,126,357.22,0.7016,0.5236,0.182790,7,7,7,0.00,0.0000,0.0450,0.002125,4.466
885114,520,426,946,240,8,118,3.35,0.9906,0.5557,0.200102,4,15,75,266.14,0.9520,0.1128,0.008754,4.257
885122,520,480,1000,223,17,64,18.99,0.9800,0.5087,0.164619,0,0,0,0.00,0.0000,0.0000,0.000000,4.292
885130,520,338,858,239,53,246,326.49,0.9704,0.6389,0.275533,87,3,39,3.37,0.9245,0.1952,0.022382,4.497
885136,520,312,832,249,96,184,348.06,0.9277,0.6640,0.319691,42,56,0,123.71,1.0000,0.2160,0.033206,4.443
885140,520,441,961,239,15,25,27.79,0.9925,0.5379,0.187659,20,22,2,114.21,0.8176,0.0920,0.007269,4.150
885194,520,424,944,207,25,228,322.99,0.9746,0.5573,0.195639,4,31,1,140.61,0.9902,0.1081,0.010079,4.089
885201,520,441,961,217,60,129,358.33,0.8096,0.5438,0.195708,10,18,41,267.29,0.5854,0.0897,0.006572,4.343
885215,520,331,851,247,27,248,328.07,0.9914,0.6405,0.273382,5,47,80,247.85,0.8526,0.1956,0.026443,4.230
885225,520,438,958,218,62,145,352.29,0.8092,0.5541,0.203974,7,24,12,151.93,0.6672,0.0901,0.007250,4.436
885229,520,360,880,241,72,177,346.77,0.8876,0.6195,0.265127,5,44,67,240.30,0.8272,0.1773,0.022388,4.353
885237,520,422,942,247,29,49,24.95,0.9813,0.5622,0.208782,7,30,20,162.58,0.7067,0.1107,0.010242,4.296
885242,520,348,868,232,63,241,325.81,0.9508,0.6317,0.270640,7,54,11,144.12,0.9780,0.1897,0.027076,4.160
885245,520,462,982,231,4,114,3.03,0.9936,0.5350,0.182936,24,3,4,19.68,0.7240,0.0549,0.002681,4.422
885251,520,426,946,210,34,212,327.70,0.9479,0.5551,0.196011,13,2,83,272.86,0.9918,0.1097,0.007535,4.276
885262,520,225,745,246,156,146,26.72,0.8059,0.7455,0.454474,3,85,14,143.99,0.9966,0.2978,0.065478,4.369
885280,520,382,902,255,34,130,2.90,1.0000,0.5986,0.240194,60,1,77,316.47,0.9695,0.1618,0.015183,4.452
885281,520,374,894,175,103,239,306.01,0.8382,0.5971,0.250470,23,41,26,148.65,0.4697,0.1568,0.018426,4.391
885304,520,426,946,203,87,147,350.59,0.6654,0.5604,0.216213,17,19,62,275.35,0.7507,0.1143,0.009327,4.487
885306,520,423,943,222,7,208,331.87,0.9931,0.5646,0.202380,11,21,58,268.17,0.7544,0.1110,0.009129,4.268
885311,520,477,997,216,49,47,26.87,0.9243,0.5110,0.170034,0,0,21,264.05,1.0000,0.0245,0.000541,4.354
885322,520,452,972,135,84,253,291.40,0.9793,0.5314,0.185833,4,15,25,244.64,0.5535,0.0684,0.004376,4.337
885323,520,432,952,189,25,251,312.91,0.9820,0.5465,0.184803,35,9,35,327.58,0.6421,0.0961,0.006741,4.138
885328,520,347,867,238,71,205,337.02,0.9046,0.6273,0.270941,67,35,3,60.29,0.8749,0.1911,0.024021,4.336
885345,520,375,895,198,85,242,315.07,0.9111,0.6037,0.249148,45,35,1,92.37,0.9542,0.1571,0.017622,4.424
885361,520,325,845,251,46,246,329.34,0.9865,0.6546,0.291200,9,61,1,140.98,0.9973,0.2138,0.033976,4.063
885383,520,462,982,162,67,243,304.36,0.9228,0.5325,0.181673,21,1,3,15.37,0.8454,0.0453,0.001877,4.466
885391,520,450,970,187,70,198,324.20,0.7908,0.5386,0.190236,6,8,44,272.46,0.8634,0.0691,0.003942,4.454
885396,520,23,543,242,250,215,117.73,0.8228,0.9651,0.921547,24,130,72,153.26,0.9625,0.4616,0.166266,4.492
885409,520,441,961,187,46,233,315.74,0.9320,0.5404,0.184032,3,20,44,255.84,0.7950,0.0924,0.007015,4.105
885417,520,418,938,219,40,195,334.72,0.9259,0.5635,0.205201,44,17,13,29.93,0.5534,0.1156,0.009655,4.278
885418,520,461,981,239,0,23,27.46,1.0000,0.5343,0.184159,18,6,5,27.24,0.4276,0.0534,0.002698,4.443
885439,520,453,973,215,54,104,7.50,0.8342,0.5257,0.180873,0,2,58,264.20,0.9931,0.0682,0.003489,4.316
885440,520,422,942,202,72,182,334.40,0.7761,0.5555,0.205704,28,14,53,296.00,0.6864,0.1075,0.008180,4.395
885448,520,439,959,236,43,66,21.70,0.9473,0.5498,0.199571,35,14,4,47.68,0.6722,0.0931,0.006802,4.394
885459,520,298,818,240,94,222,332.84,0.9181,0.6655,0.318071,20,58,74,229.03,0.6366,0.2297,0.036691,4.246
885465,520,375,895,239,3,216,333.83,0.9983,0.5999,0.233766,34,38,23,120.46,0.3233,0.1564,0.017882,4.180
885466,520,463,983,187,47,215,320.14,0.8996,0.5273,0.175054,17,3,10,347.26,0.5827,0.0469,0.002062,4.323
885476,520,444,964,225,9,143,351.99,0.9824,0.5350,0.181888,17,18,18,197.01,0.0231,0.0828,0.005955,4.144
885480,520,412,932,181,73,251,308.45,0.9683,0.5719,0.215547,30,25,33,312.80,0.1821,0.1201,0.010811,4.367
885485,520,422,942,233,63,51,28.72,0.9204,0.5591,0.211207,19,25,33,255.72,0.2263,0.1092,0.009435,4.395
885495,520,360,880,255,67,107,13.75,1.0000,0.6158,0.263395,33,48,0,126.10,1.0000,0.1826,0.024372,4.214
885505,520,475,995,206,16,173,337.74,0.9594,0.5153,0.165116,4,2,16,288.65,0.7102,0.0325,0.001066,4.212
885514,520,462,982,210,66,93,13.70,0.7873,0.5259,0.183906,13,6,16,316.04,0.4068,0.0516,0.002532,4.453
885536,520,395,915,229,78,153,353.41,0.7975,0.5948,0.244093,3,41,5,143.79,0.9857,0.1421,0.016161,4.445
885540,520,398,918,239,41,163,349.37,0.9335,0.5842,0.225840,31,17,75,287.25,0.7900,0.1363,0.012002,4.449
885545,520,431,951,225,41,145,352.38,0.8967,0.5495,0.196404,29,21,7,80.63,0.5134,0.1006,0.008129,4.239
885546,520,407,927,216,10,236,323.54,0.9939,0.5742,0.208742,25,32,11,124.52,0.5678,0.1272,0.012638,4.131
885552,520,466,986,187,79,138,348.98,0.6444,0.5182,0.179932,20,1,20,328.13,0.8106,0.0507,0.002210,4.404
885568,520,364,884,249,45,183,345.46,0.9575,0.6147,0.254387,47,19,90,295.55,0.8026,0.1735,0.018083,4.471
885608,520,473,993,122,85,250,287.16,0.9558,0.5168,0.175364,8,0,5,339.56,1.0000,0.0255,0.000626,4.452
885609,520,389,909,254,44,99,13.47,0.9922,0.5935,0.237767,20,42,9,136.75,0.8857,0.1544,0.018243,4.217
885612,520,455,975,233,18,78,15.80,0.9801,0.5330,0.183094,30,2,1,30.00,0.9276,0.0618,0.003217,4.380
885614,520,117,637,236,204,225,338.74,0.5191,0.8583,0.664556,5,108,50,150.72,0.9932,0.3818,0.109872,4.470
885621,520,451,971,237,16,53,22.83,0.9888,0.5366,0.186354,4,4,54,269.82,0.9697,0.0704,0.003790,4.394
885626,520,399,919,202,70,225,321.33,0.8776,0.5800,0.223747,34,24,61,293.11,0.5764,0.1400,0.013303,4.324
885640,520,462,982,206,31,182,335.09,0.9198,0.5270,0.174812,23,0,8,357.17,1.0000,0.0478,0.001997,4.324
885642,520,347,867,242,98,91,25.77,0.8845,0.6261,0.283709,19,49,55,212.50,0.5406,0.1911,0.026108,4.385
885644,520,480,1000,144,64,251,297.00,0.9721,0.5130,0.165613,0,0,0,0.00,0.0000,0.0000,0.000000,4.312
885648,520,400,920,252,44,8,31.42,0.9947,0.5784,0.225181,22,30,57,269.70,0.4976,0.1395,0.013945,4.303
885663,520,296,816,247,106,189,346.66,0.9027,0.6765,0.337591,38,64,7,131.73,0.9483,0.2392,0.040941,4.262
885676,520,305,825,248,69,253,326.85,0.9932,0.6704,0.313073,14,66,15,143.27,0.9697,0.2342,0.040241,4.023
885680,520,381,901,178,102,236,307.98,0.8252,0.5971,0.250245,2,43,43,194.84,0.9339,0.1593,0.019150,4.342
885681,520,311,831,212,111,236,319.63,0.8610,0.6563,0.314235,66,42,60,336.12,0.3337,0.2211,0.031405,4.474
885684,520,113,633,239,205,233,331.97,0.6503,0.8664,0.678974,19,107,86,171.95,0.9177,0.3904,0.113252,4.465
885686,520,467,987,175,59,212,316.60,0.8487,0.5172,0.169964,1,7,7,195.18,0.6543,0.0390,0.001737,4.252
885698,520,279,799,254,98,226,335.43,0.9939,0.6945,0.353001,20,69,28,146.35,0.9292,0.2486,0.044886,4.247
885701,520,474,994,212,37,144,349.49,0.8800,0.5214,0.173361,10,0,14,319.57,1.0000,0.0324,0.000962,4.383
885705,520,382,902,221,87,164,347.91,0.7475,0.5973,0.248711,72,11,20,18.12,0.8296,0.1636,0.016678,4.480
885730,520,425,945,222,21,197,334.83,0.9721,0.5611,0.200995,10,30,19,157.65,0.6121,0.1120,0.010401,4.156
885735,520,405,925,197,77,227,318.96,0.8597,0.5818,0.227255,13,35,12,142.89,0.8248,0.1278,0.013141,4.391
885742,520,477,997,166,53,233,308.83,0.9076,0.5147,0.165371,2,0,16,283.45,1.0000,0.0236,0.000503,4.265
885755,520,392,912,253,15,129,2.14,0.9882,0.5874,0.228129,54,5,71,314.99,0.8734,0.1500,0.013478,4.381
885756,520,440,960,237,26,113,5.18,0.9609,0.5534,0.199387,17,15,37,285.38,0.5030,0.0856,0.005944,4.458
885758,520,474,994,202,56,146,347.28,0.7907,0.5192,0.174622,10,1,3,1.86,0.6774,0.0303,0.000928,4.411
885766,520,479,999,173,34,228,313.07,0.9461,0.5062,0.156307,0,0,7,264.05,1.0000,0.0135,0.000153,4.114
885789,520,383,903,254,42,112,9.14,0.9915,0.5956,0.239003,48,22,49,325.84,0.5235,0.1465,0.014240,4.499
885790,520,373,893,241,68,131,3.22,0.8767,0.5973,0.244768,40,13,95,289.02,0.8898,0.1627,0.015652,4.490
885825,520,480,1000,170,23,245,308.71,0.9787,0.5112,0.157523,0,0,0,0.00,0.0000,0.0000,0.000000,4.150
885828,520,402,922,226,29,214,331.28,0.9705,0.5821,0.219049,50,7,49,329.00,0.7714,0.1278,0.010519,4.446
885875,520,341,861,218,108,174,345.12,0.6753,0.6282,0.286885,3,58,10,144.53,0.9922,0.2024,0.030673,4.176
885895,520,393,913,225,14,230,327.13,0.9916,0.5863,0.220371,12,21,85,268.93,0.9182,0.1392,0.012703,4.312
885902,520,399,919,182,97,217,315.05,0.7506,0.5817,0.235051,45,25,40,336.45,0.3776,0.1431,0.014064,4.449
885919,520,469,989,192,56,179,332.14,0.8081,0.5193,0.172911,7,3,15,301.13,0.5774,0.0380,0.001448,4.333
885932,520,330,850,252,85,137,5.31,0.9547,0.6380,0.290019,27,56,21,140.28,0.8228,0.2070,0.031154,4.190
885938,520,451,971,237,37,30,28.75,0.9720,0.5437,0.194246,1,21,2,144.29,0.9852,0.0748,0.005471,4.403
885951,520,299,819,235,113,192,342.86,0.8007,0.6696,0.332805,21,53,98,257.51,0.7174,0.2322,0.035873,4.458
885954,520,424,944,224,78,23,38.07,0.9554,0.5572,0.213606,31,18,45,304.52,0.5264,0.1124,0.009134,4.458
885960,520,457,977,236,25,5,30.07,0.9956,0.5342,0.185423,25,5,14,353.03,0.5851,0.0638,0.003470,4.403
885963,520,404,924,212,21,252,318.89,0.9893,0.5827,0.215635,58,10,6,29.49,0.8688,0.1301,0.011299,4.333
885997,520,386,906,219,85,158,349.69,0.7410,0.5887,0.240279,46,27,35,352.86,0.3136,0.1467,0.014861,4.475
886004,520,478,998,188,87,11,48.89,0.9437,0.5054,0.175336,5,0,5,328.36,1.0000,0.0213,0.000432,4.468
886009,520,440,960,202,72,177,336.20,0.7674,0.5528,0.203674,12,23,24,203.12,0.2875,0.0943,0.007569,4.406
886011,520,400,920,235,35,183,342.08,0.9503,0.5831,0.222860,56,17,12,29.80,0.7058,0.1372,0.012683,4.353
886024,520,400,920,196,65,251,313.53,0.9746,0.5848,0.224826,17,15,95,272.00,0.9513,0.1443,0.012870,4.371
886045,520,465,985,151,89,204,306.64,0.7012,0.5190,0.180841,26,0,14,348.45,1.0000,0.0549,0.002514,4.396
886051,520,474,994,223,25,91,10.62,0.9530,0.5178,0.171413,12,0,7,341.40,1.0000,0.0315,0.000935,4.347
886052,520,453,973,230,21,86,13.04,0.9709,0.5295,0.180342,10,13,32,274.56,0.5164,0.0723,0.004567,4.221
886074,520,406,926,207,42,251,317.43,0.9815,0.5835,0.218880,62,4,9,22.54,0.9296,0.1320,0.011309,4.386
886078,520,358,878,255,4,190,344.11,1.0000,0.6151,0.250680,14,22,119,268.01,0.9655,0.1839,0.019989,4.296
886080,520,421,941,248,19,20,28.59,0.9919,0.5581,0.204763,41,18,0,59.47,1.0000,0.1100,0.009041,4.315
886087,520,313,833,232,94,241,325.23,0.9358,0.6642,0.315142,50,45,84,287.84,0.4584,0.2225,0.031949,4.456
886090,520,338,858,253,3,237,331.91,0.9992,0.6384,0.270654,6,58,21,148.11,0.9763,0.2049,0.031188,3.950
886094,520,450,970,234,12,88,12.49,0.9864,0.5356,0.184631,17,9,27,302.93,0.5019,0.0676,0.003937,4.350
886105,520,258,778,237,132,199,342.47,0.7871,0.7067,0.386327,1,73,75,197.96,0.9871,0.2724,0.052793,4.245
886112,520,466,986,221,6,118,359.78,0.9868,0.5161,0.168131,4,5,29,274.07,0.7886,0.0488,0.002231,4.176
886113,520,470,990,182,31,232,314.95,0.9589,0.5221,0.167524,15,0,16,326.42,1.0000,0.0395,0.001390,4.233
886141,520,459,979,235,3,34,25.98,0.9983,0.5271,0.178460,2,17,4,147.59,0.9300,0.0644,0.004226,4.213
886151,520,430,950,239,30,82,15.96,0.9651,0.5512,0.198917,39,5,46,320.29,0.7911,0.1041,0.007372,4.339
886152,520,415,935,236,41,138,357.17,0.9209,0.5680,0.212567,25,9,80,282.09,0.9180,0.1246,0.009812,4.390
886162,520,457,977,237,0,37,25.44,1.0000,0.5310,0.181414,12,13,12,145.45,0.0436,0.0643,0.003926,4.291
886164,520,433,953,234,43,96,11.95,0.9238,0.5520,0.200678,49,5,1,32.58,0.9618,0.1039,0.007638,4.349
886223,520,459,979,228,35,86,13.84,0.9386,0.5321,0.183708,2,8,42,265.84,0.9171,0.0641,0.003537,4.365
886225,520,390,910,236,7,204,336.23,0.9948,0.5877,0.223473,66,0,45,345.62,1.0000,0.1489,0.013479,4.308
886242,520,25,545,253,252,156,107.89,0.9779,0.9664,0.929043,6,133,18,143.21,0.9974,0.4618,0.168567,4.479
886250,520,462,982,221,44,115,2.96,0.8786,0.5324,0.184139,4,9,6,160.15,0.3307,0.0466,0.002343,4.473
886253,520,410,930,206,38,240,319.71,0.9639,0.5710,0.208010,11,19,82,269.07,0.9239,0.1316,0.011460,4.198
886255,520,356,876,247,7,230,332.23,0.9975,0.6239,0.256423,27,26,104,274.57,0.8835,0.1795,0.019712,4.396
886265,520,459,979,205,42,175,337.12,0.8724,0.5278,0.177322,6,14,16,213.91,0.3070,0.0634,0.003902,4.217
886293,520,440,960,229,42,120,2.38,0.9036,0.5484,0.196728,39,7,7,23.98,0.7397,0.0887,0.005987,4.407
886298,520,408,928,205,67,215,325.02,0.8667,0.5748,0.219014,37,26,39,321.17,0.2856,0.1339,0.012786,4.285
886299,520,407,927,222,41,200,334.07,0.9330,0.5725,0.212879,29,24,49,291.36,0.4491,0.1257,0.011362,4.284
886306,520,340,860,241,51,242,327.92,0.9707,0.6382,0.274819,90,2,37,6.05,0.9541,0.2005,0.023510,4.419
886328,520,473,993,229,3,50,22.55,0.9976,0.5158,0.169565,2,2,21,274.45,0.8726,0.0334,0.001105,4.296
886332,520,307,827,228,135,112,34.76,0.6697,0.6713,0.349939,25,64,22,142.23,0.9044,0.2329,0.039313,4.478
886335,520,450,970,229,46,72,19.82,0.9259,0.5388,0.190828,25,8,11,9.45,0.4552,0.0686,0.004045,4.456
886342,520,452,972,139,100,210,297.55,0.6842,0.5287,0.192566,19,11,10,26.82,0.2267,0.0664,0.003997,4.492
886378,520,392,912,219,97,94,23.79,0.7233,0.5858,0.244199,28,36,35,187.18,0.1375,0.1487,0.016300,4.437
886379,520,429,949,192,90,157,342.45,0.6277,0.5518,0.209546,11,27,11,144.01,0.6622,0.1013,0.008792,4.415
886383,520,441,961,225,3,148,350.23,0.9940,0.5360,0.182135,17,0,71,279.67,1.0000,0.0941,0.005741,4.165
886384,520,417,937,234,52,139,357.21,0.8859,0.5724,0.218154,30,25,38,301.98,0.2651,0.1226,0.011112,4.388
886385,520,401,921,240,31,152,352.77,0.9538,0.5759,0.217754,25,17,82,279.52,0.8609,0.1379,0.012167,4.307
886397,520,420,940,239,21,123,1.88,0.9713,0.5588,0.203203,31,9,64,295.27,0.8260,0.1138,0.008569,4.323
886403,520,374,894,252,68,14,34.59,0.9897,0.5988,0.248650,8,28,91,265.12,0.9163,0.1582,0.016374,4.500
886405,520,456,976,217,60,57,26.33,0.8884,0.5253,0.182814,25,2,11,356.08,0.7474,0.0565,0.002743,4.414
886406,520,314,834,247,114,109,24.31,0.8926,0.6627,0.329159,18,62,26,146.89,0.9178,0.2236,0.036483,4.384
886407,520,414,934,239,12,167,347.41,0.9869,0.5744,0.214067,45,18,11,35.57,0.5825,0.1188,0.010147,4.390
886421,520,368,888,250,23,184,344.91,0.9826,0.6068,0.244008,23,40,62,255.37,0.4675,0.1707,0.020475,4.172
886425,520,457,977,211,69,80,20.09,0.8010,0.5284,0.186866,14,9,4,73.55,0.3593,0.0551,0.002975,4.471
886436,520,349,869,249,61,187,344.81,0.9534,0.6282,0.270682,33,50,1,127.57,0.9844,0.1891,0.026067,4.216
886445,520,414,934,250,0,108,7.97,1.0000,0.5717,0.214103,22,7,83,279.01,0.9508,0.1230,0.009470,4.441
886447,520,468,988,165,75,209,312.72,0.7810,0.5198,0.176357,10,6,2,77.32,0.4620,0.0436,0.001992,4.354
886461,520,480,1000,219,37,30,28.68,0.9611,0.5060,0.164796,0,0,0,0.00,0.0000,0.0000,0.000000,4.296
886472,520,469,989,214,50,112,3.48,0.8401,0.5226,0.177496,6,3,11,304.13,0.4751,0.0351,0.001280,4.436
886478,520,374,894,237,66,158,352.11,0.8634,0.5980,0.243724,60,19,36,357.07,0.6029,0.1551,0.015539,4.482
886489,520,380,900,237,51,192,340.21,0.9272,0.6015,0.241807,23,41,22,143.07,0.5441,0.1557,0.018259,4.275
886494,520,409,929,175,84,243,307.27,0.9016,0.5714,0.219264,19,18,74,275.79,0.8457,0.1259,0.010654,4.439
886507,520,440,960,219,36,176,340.38,0.9183,0.5502,0.194588,43,3,19,0.40,0.8054,0.0933,0.006258,4.348
886508,520,26,546,231,255,209,130.05,1.0000,0.9660,0.931119,18,133,38,144.82,0.9891,0.4648,0.170429,4.451
886526,520,436,956,168,83,226,308.74,0.8174,0.5478,0.200030,10,13,51,273.34,0.8020,0.0873,0.005914,4.472
886529,520,461,981,225,15,122,359.39,0.9706,0.5280,0.177571,9,9,1,109.29,0.7433,0.0495,0.002556,4.330
886569,520,460,980,207,54,156,344.65,0.8149,0.5312,0.183061,15,8,26,300.14,0.5187,0.0630,0.003498,4.356
886586,520,447,967,233,37,87,14.29,0.9414,0.5438,0.193379,20,17,4,97.92,0.5745,0.0795,0.005584,4.379
886592,520,467,987,217,59,44,29.63,0.9106,0.5225,0.180640,9,3,12,316.61,0.5162,0.0387,0.001498,4.479
886600,520,316,836,204,142,123,37.75,0.4398,0.6552,0.336148,25,61,25,143.63,0.8604,0.2233,0.036142,4.483
886604,520,447,967,211,61,138,353.33,0.7910,0.5373,0.190235,12,0,67,276.17,1.0000,0.0849,0.004834,4.381
886607,520,404,924,246,30,127,2.16,0.9626,0.5778,0.220571,23,33,7,127.25,0.7345,0.1277,0.012852,4.305
886618,520,360,880,238,1,248,326.13,0.9997,0.6192,0.249788,30,34,85,275.47,0.6731,0.1785,0.020759,4.237
886632,520,468,988,175,68,204,318.32,0.7992,0.5217,0.176089,14,1,17,321.71,0.7928,0.0413,0.001556,4.385
886633,520,420,940,239,42,79,17.99,0.9453,0.5576,0.205744,5,27,36,227.65,0.6767,0.1073,0.009435,4.303
886661,520,355,875,208,81,245,317.67,0.9389,0.6153,0.258888,31,36,76,275.26,0.5642,0.1764,0.020748,4.366
886670,520,330,850,237,108,113,19.88,0.7961,0.6377,0.299246,30,54,55,199.13,0.3619,0.2131,0.031901,4.264
886689,520,402,922,232,0,198,336.88,1.0000,0.5754,0.212357,43,23,6,59.22,0.6667,0.1251,0.011396,4.273
886718,520,446,966,229,8,126,358.61,0.9861,0.5360,0.183409,33,2,26,337.99,0.7971,0.0763,0.004414,4.290
886724,520,453,973,192,12,229,318.82,0.9879,0.5287,0.171280,20,5,30,309.92,0.6891,0.0652,0.003510,4.135
886726,520,410,930,203,82,184,334.20,0.7454,0.5710,0.221935,23,34,21,140.71,0.3739,0.1337,0.013803,4.262
886728,520,480,1000,149,80,211,305.28,0.7618,0.5069,0.168305,0,0,0,0.00,0.0000,0.0000,0.000000,4.366
886744,520,470,990,208,70,67,25.37,0.8162,0.5215,0.181977,17,3,1,38.13,0.7568,0.0438,0.001865,4.473
886764,520,452,972,216,16,174,339.99,0.9679,0.5348,0.180278,17,3,50,288.44,0.9098,0.0749,0.004146,4.253
886775,520,349,869,254,43,198,342.17,0.9933,0.6303,0.268792,45,47,7,112.29,0.8182,0.1921,0.026063,4.191
886779,520,13,533,253,254,177,108.69,0.9814,0.9752,0.949410,58,132,37,139.61,0.9462,0.4738,0.175351,4.435
886782,520,477,997,224,23,8,29.80,0.9916,0.5077,0.164805,3,1,0,66.15,1.0000,0.0193,0.000411,4.261
886811,520,467,987,197,10,211,324.63,0.9856,0.5227,0.167922,13,5,1,62.03,0.6701,0.0439,0.001963,4.194
886816,520,471,991,216,54,73,19.75,0.8759,0.5199,0.177208,18,1,5,2.79,0.7805,0.0415,0.001613,4.402
886840,520,402,922,249,28,123,3.89,0.9695,0.5817,0.224038,34,19,61,296.38,0.6590,0.1302,0.011428,4.461
886841,520,478,998,187,82,103,9.96,0.6192,0.5099,0.175802,4,0,3,335.23,1.0000,0.0185,0.000324,4.487
886849,520,372,892,219,52,251,320.36,0.9822,0.6092,0.244830,67,7,70,325.97,0.8293,0.1744,0.017876,4.344
886869,520,339,859,246,60,224,333.56,0.9585,0.6419,0.282092,78,15,70,333.76,0.7661,0.2024,0.024038,4.485
886878,520,370,890,226,68,208,332.97,0.8896,0.6059,0.248594,35,28,80,284.52,0.6760,0.1655,0.017670,4.413
886882,520,400,920,234,43,169,346.39,0.9220,0.5788,0.220876,33,29,50,291.97,0.3598,0.1425,0.014323,4.211
886891,520,445,965,204,31,212,326.11,0.9498,0.5432,0.185726,19,15,22,310.52,0.2068,0.0793,0.005380,4.257
886920,520,247,767,224,137,245,319.62,0.9071,0.7202,0.403326,59,71,13,120.78,0.8547,0.2798,0.054653,4.332
886933,520,362,882,255,8,180,346.92,1.0000,0.6108,0.247325,8,51,9,143.31,0.9732,0.1794,0.024389,3.997
886936,520,415,935,248,42,74,20.16,0.9624,0.5750,0.221103,35,22,30,341.92,0.2728,0.1178,0.010249,4.500
886958,520,459,979,206,74,85,19.00,0.7548,0.5268,0.186774,23,1,35,311.83,0.9021,0.0648,0.003252,4.446
886966,520,357,877,214,86,225,324.47,0.8620,0.6172,0.263897,78,17,10,30.20,0.8725,0.1816,0.020428,4.457
886967,520,370,890,246,28,196,340.75,0.9776,0.6074,0.244120,5,48,28,158.04,0.9418,0.1716,0.022299,4.068
886968,520,296,816,223,128,190,341.56,0.6696,0.6763,0.348458,54,58,52,135.00,0.0917,0.2443,0.040583,4.399
886976,520,434,954,224,35,148,350.81,0.9143,0.5452,0.191901,32,11,43,312.26,0.6559,0.1000,0.007209,4.228
886978,520,258,778,252,145,3,61.37,0.9977,0.7149,0.409557,10,76,45,156.81,0.9558,0.2733,0.054226,4.409
886982,520,445,965,235,38,19,30.20,0.9813,0.5395,0.190986,5,1,65,269.77,0.9951,0.0791,0.004356,4.433
886989,520,384,904,190,109,180,331.66,0.5767,0.5920,0.251809,26,40,6,128.96,0.8574,0.1519,0.017503,4.471
886990,520,446,966,217,69,74,22.80,0.8340,0.5385,0.195048,23,9,38,303.29,0.6517,0.0815,0.005175,4.441
887001,520,426,946,233,65,2,35.84,0.9975,0.5580,0.211116,47,2,47,328.25,0.8675,0.1146,0.008531,4.461
887007,520,441,961,198,70,164,339.82,0.7464,0.5368,0.190681,18,5,59,284.05,0.9083,0.0886,0.005529,4.334
887020,520,467,987,143,70,255,295.42,1.0000,0.5228,0.174401,0,7,20,249.94,1.0000,0.0438,0.002025,4.313
887028,520,352,872,114,139,255,271.87,1.0000,0.6198,0.292617,21,52,29,150.15,0.7186,0.1920,0.027040,4.447
887033,520,389,909,233,44,195,338.25,0.9376,0.5912,0.230678,0,2,117,264.11,0.9984,0.1529,0.013276,4.436
887034,520,400,920,192,107,144,353.38,0.5136,0.5754,0.237369,23,36,19,138.52,0.4760,0.1393,0.014909,4.427
887043,520,349,869,255,11,220,336.37,1.0000,0.6328,0.266700,11,53,7,141.79,0.9740,0.1871,0.026326,4.149
887050,520,478,998,193,0,206,324.87,1.0000,0.5097,0.157953,7,0,2,357.01,1.0000,0.0225,0.000496,4.118
887056,520,391,911,243,61,126,4.55,0.8991,0.5927,0.239017,48,31,21,51.30,0.3666,0.1544,0.016626,4.338
887065,520,357,877,244,13,229,331.80,0.9949,0.6189,0.251810,61,36,2,69.42,0.9129,0.1834,0.022584,4.158
887072,520,406,926,232,23,198,336.97,0.9757,0.5808,0.218485,52,16,27,3.73,0.5921,0.1321,0.011799,4.344
887076,520,389,909,237,38,182,342.90,0.9464,0.5879,0.227710,11,38,48,225.65,0.6176,0.1497,0.016707,4.163
887092,520,420,940,192,62,236,315.89,0.9076,0.5644,0.207091,18,4,78,277.58,0.9715,0.1095,0.007655,4.459
887098,520,449,969,236,30,56,22.99,0.9722,0.5404,0.190501,17,13,8,73.67,0.2274,0.0680,0.004246,4.434
887108,520,447,967,216,54,143,351.90,0.8294,0.5418,0.192228,11,18,27,255.00,0.3188,0.0818,0.005829,4.339
887124,520,418,938,248,6,62,21.03,0.9966,0.5589,0.204381,10,30,29,191.12,0.5060,0.1156,0.010817,4.183
887125,520,399,919,224,86,80,25.77,0.8046,0.5750,0.230846,46,25,25,19.83,0.3512,0.1386,0.013464,4.425
887135,520,444,964,215,69,78,21.16,0.8193,0.5355,0.192558,21,11,30,306.98,0.4941,0.0774,0.004925,4.416
887147,520,458,978,210,63,108,6.42,0.7845,0.5267,0.183416,14,11,0,99.94,1.0000,0.0582,0.003327,4.377
887150,520,452,972,214,46,134,354.28,0.8498,0.5274,0.179737,8,1,53,276.26,0.9864,0.0667,0.003304,4.310
887156,520,472,992,190,61,184,329.84,0.7968,0.5242,0.177468,2,2,23,273.69,0.8972,0.0348,0.001182,4.444
887167,520,392,912,236,67,146,356.44,0.8519,0.5924,0.239254,1,38,61,241.48,0.9419,0.1537,0.017295,4.298
887168,520,409,929,208,16,249,318.56,0.9914,0.5723,0.206217,34,29,19,84.35,0.2646,0.1301,0.012658,4.089
887170,520,417,937,231,5,196,337.21,0.9951,0.5733,0.210857,50,7,41,337.67,0.7509,0.1227,0.009903,4.355
887175,520,317,837,252,53,242,330.48,0.9890,0.6580,0.296555,18,49,100,259.91,0.7792,0.2219,0.032452,4.203
887184,520,452,972,164,51,253,304.11,0.9877,0.5278,0.173526,17,11,31,295.54,0.5084,0.0737,0.004574,4.096
887195,520,444,964,202,87,76,27.85,0.7111,0.5370,0.198967,11,15,40,273.40,0.6041,0.0829,0.005660,4.473
887196,520,13,533,241,255,221,125.52,1.0000,0.9776,0.954410,4,134,79,156.25,0.9947,0.4734,0.176397,4.436
887202,520,448,968,144,93,231,296.99,0.8085,0.5374,0.195276,27,13,10,32.75,0.3718,0.0806,0.005428,4.425
887204,520,447,967,237,35,40,26.91,0.9717,0.5434,0.193630,23,7,40,302.69,0.7210,0.0796,0.004873,4.440
887221,520,345,865,244,78,169,350.73,0.8931,0.6276,0.275494,6,46,74,244.75,0.8195,0.1885,0.024870,4.347
887223,520,399,919,230,85,53,33.99,0.8860,0.5804,0.235798,36,34,8,104.92,0.6717,0.1441,0.015367,4.372
887246,520,480,1000,185,3,217,319.81,0.9956,0.5051,0.153905,0,0,0,0.00,0.0000,0.0000,0.000000,4.078
887259,520,393,913,251,34,112,8.14,0.9701,0.5851,0.228267,67,0,27,4.29,1.0000,0.1431,0.012726,4.436
887264,520,431,951,177,96,187,323.07,0.6351,0.5549,0.213017,11,28,13,146.71,0.6428,0.1048,0.009307,4.435
887268,520,418,938,205,28,236,320.54,0.9744,0.5612,0.198675,40,6,57,311.36,0.8209,0.1159,0.008768,4.231
887273,520,358,878,229,67,227,328.51,0.9257,0.6213,0.262207,80,15,8,30.23,0.9035,0.1833,0.020649,4.419
887275,520,477,997,114,82,251,284.74,0.9690,0.5051,0.165767,1,0,7,286.54,1.0000,0.0158,0.000218,4.297
887283,520,242,762,218,149,230,321.46,0.7424,0.7270,0.421147,53,73,40,133.93,0.5086,0.2847,0.056751,4.414
887295,520,445,965,189,2,252,313.00,0.9988,0.5412,0.178917,19,13,37,292.51,0.5454,0.0835,0.005599,4.117
887304,520,375,895,223,46,239,324.25,0.9622,0.6030,0.238761,6,37,73,254.88,0.8272,0.1621,0.018428,4.220
887325,520,479,999,177,13,239,312.26,0.9883,0.5131,0.158680,1,0,2,311.99,1.0000,0.0114,0.000108,4.165
887343,520,399,919,247,53,26,31.19,0.9764,0.5756,0.223985,66,4,17,15.98,0.9075,0.1425,0.012858,4.359
887345,520,381,901,237,73,135,1.64,0.8440,0.5966,0.245218,59,12,64,323.73,0.7648,0.1601,0.015630,4.498
887347,520,377,897,239,17,218,333.35,0.9903,0.6039,0.238164,58,29,1,60.47,0.9358,0.1623,0.017806,4.250
887349,520,390,910,255,8,127,2.95,1.0000,0.5893,0.229697,11,27,82,266.31,0.8791,0.1477,0.014641,4.327
887351,520,278,798,245,98,248,326.92,0.9719,0.6929,0.349276,38,64,56,172.73,0.3655,0.2499,0.043643,4.264
887357,520,474,994,187,53,193,326.14,0.8369,0.5169,0.169627,11,2,2,22.11,0.5791,0.0340,0.001190,4.290
887374,520,357,877,211,98,211,327.48,0.7809,0.6207,0.272891,4,46,63,230.71,0.8661,0.1805,0.023386,4.400
887378,520,289,809,254,102,178,352.17,0.9827,0.6776,0.337910,74,49,49,19.12,0.2723,0.2445,0.038744,4.371
887386,520,438,958,212,55,182,337.00,0.8525,0.5548,0.201089,43,6,6,24.99,0.8189,0.0944,0.006571,4.438
887395,520,392,912,209,49,255,316.92,1.0000,0.5943,0.229736,59,2,66,322.96,0.9184,0.1515,0.013667,4.394
887397,520,419,939,235,63,9,34.85,0.9898,0.5601,0.212400,2,31,13,153.31,0.9631,0.1093,0.010219,4.357
887411,520,434,954,223,15,173,341.99,0.9747,0.5473,0.190493,34,19,14,39.20,0.3568,0.1042,0.008376,4.120
887420,520,374,894,227,81,172,345.74,0.7994,0.6032,0.251967,24,38,57,256.27,0.4081,0.1626,0.018758,4.392
887455,520,360,880,231,37,249,324.06,0.9810,0.6183,0.251539,56,24,74,311.39,0.6651,0.1794,0.019885,4.315
887469,520,368,888,251,84,3,38.75,0.9975,0.6148,0.268599,7,44,56,224.19,0.7778,0.1711,0.021320,4.467
887472,520,418,938,218,6,216,328.85,0.9945,0.5626,0.199957,56,2,19,8.38,0.9066,0.1186,0.009313,4.214
887522,520,449,969,225,2,160,346.35,0.9963,0.5415,0.185917,19,4,40,298.13,0.8113,0.0696,0.003785,4.386
887525,520,479,999,213,14,128,354.67,0.9612,0.5057,0.160211,0,0,8,264.05,1.0000,0.0143,0.000175,4.190
887544,520,436,956,189,58,233,315.87,0.9078,0.5537,0.197293,32,9,32,327.48,0.6090,0.0898,0.006068,4.411
887546,520,416,936,226,34,189,338.16,0.9446,0.5693,0.209895,32,24,38,310.16,0.2957,0.1225,0.011003,4.260
887548,520,455,975,197,61,166,338.36,0.7811,0.5257,0.179627,28,1,5,12.98,0.8801,0.0574,0.002796,4.349
887551,520,423,943,219,43,181,338.95,0.9023,0.5574,0.201264,5,20,64,264.62,0.8902,0.1111,0.009027,4.257
887554,520,186,706,189,188,249,285.10,0.8011,0.7875,0.536245,15,92,68,166.39,0.9293,0.3348,0.081728,4.450
887571,520,183,703,227,170,244,318.30,0.8456,0.7852,0.516130,65,83,67,147.96,0.2480,0.3325,0.077155,4.452
887574,520,302,822,220,142,56,64.56,0.8048,0.6653,0.348491,31,62,43,155.55,0.5519,0.2345,0.039109,4.472
887630,520,397,917,210,98,115,12.57,0.6371,0.5778,0.236768,33,34,8,111.18,0.6700,0.1407,0.014849,4.422
887633,520,391,911,236,77,110,12.24,0.8433,0.5918,0.242693,10,38,40,201.74,0.6262,0.1451,0.016039,4.432
887636,520,479,999,119,97,218,287.84,0.7454,0.5078,0.175331,0,0,7,264.05,1.0000,0.0135,0.000153,4.493
887640,520,471,991,206,53,140,350.52,0.8069,0.5209,0.175636,2,5,15,262.32,0.5717,0.0381,0.001559,4.376
887641,520,355,875,226,45,251,322.28,0.9842,0.6158,0.250127,62,33,33,20.22,0.3951,0.1841,0.022218,4.156
887650,520,414,934,203,37,241,318.69,0.9647,0.5663,0.203721,1,11,90,264.67,0.9824,0.1242,0.009839,4.240
887652,520,465,985,91,99,254,274.71,0.9928,0.5189,0.183028,18,1,18,328.09,0.7992,0.0470,0.001940,4.486
887663,520,384,904,161,104,245,299.25,0.8728,0.5863,0.240705,29,36,28,141.63,0.2026,0.1471,0.016068,4.400
887679,520,462,982,221,52,56,25.12,0.9155,0.5251,0.181163,11,9,3,96.25,0.4287,0.0519,0.002731,4.384
887686,520,237,757,219,164,139,45.53,0.4696,0.7255,0.434765,15,78,64,174.00,0.8781,0.2873,0.059202,4.439
887702,520,411,931,206,93,136,358.38,0.6400,0.5702,0.227300,19,29,39,248.95,0.3024,0.1232,0.011636,4.499
887728,520,430,950,229,39,131,358.13,0.9108,0.5504,0.197506,1,24,40,240.85,0.8899,0.0989,0.008129,4.258
887729,520,452,972,213,73,17,38.36,0.9612,0.5295,0.189541,19,12,18,331.22,0.2381,0.0712,0.004451,4.399
887730,520,443,963,220,41,150,349.45,0.8866,0.5421,0.190060,4,19,25,224.80,0.5932,0.0786,0.005617,4.316
887736,520,429,949,180,91,184,325.73,0.6560,0.5492,0.206472,16,16,53,277.90,0.7084,0.0993,0.007378,4.470
887741,520,441,961,204,27,203,328.53,0.9506,0.5350,0.179349,41,0,28,343.69,1.0000,0.0885,0.005553,4.128
887743,520,418,938,233,22,154,350.37,0.9645,0.5594,0.202335,18,11,82,275.38,0.9383,0.1235,0.009771,4.222
887744,520,476,996,162,63,225,308.62,0.8629,0.5127,0.166733,0,2,1,165.38,1.0000,0.0192,0.000456,4.295
887759,520,469,989,210,32,159,343.54,0.9022,0.5220,0.172401,4,5,21,275.58,0.6241,0.0434,0.001885,4.286
887772,520,479,999,193,59,157,340.49,0.7706,0.5117,0.169014,1,0,0,29.23,1.0000,0.0090,0.000065,4.375
887779,520,431,951,231,57,53,27.06,0.9254,0.5494,0.201752,34,18,16,27.46,0.3436,0.1026,0.008101,4.333
887797,520,423,943,215,88,88,22.92,0.7366,0.5637,0.221334,20,29,6,127.21,0.7180,0.1129,0.010406,4.492
887803,520,382,902,254,38,134,1.65,0.9909,0.6000,0.241819,4,44,45,197.43,0.8713,0.1642,0.020165,4.159
887817,520,410,930,203,56,225,322.06,0.9101,0.5679,0.209627,0,34,37,203.34,1.0000,0.1266,0.012776,4.136
887825,520,463,983,212,70,62,27.22,0.8411,0.5282,0.187275,17,7,4,43.34,0.4147,0.0541,0.002799,4.494
887828,520,305,825,237,93,241,326.65,0.9417,0.6705,0.321864,11,46,120,262.57,0.9230,0.2310,0.033810,4.437
887830,520,467,987,193,83,87,20.35,0.6607,0.5174,0.182138,13,0,26,306.33,1.0000,0.0434,0.001602,4.499
887837,520,410,930,211,53,217,326.45,0.9129,0.5730,0.214067,12,35,25,163.19,0.6034,0.1306,0.013504,4.158
887839,520,379,899,253,14,160,352.44,0.9898,0.5990,0.237383,41,26,76,293.33,0.6579,0.1645,0.017320,4.269
887854,520,477,997,217,5,123,357.14,0.9872,0.5096,0.162929,0,0,10,264.05,1.0000,0.0158,0.000219,4.240
887861,520,466,986,209,68,68,24.44,0.8234,0.5210,0.181092,6,4,28,281.82,0.7628,0.0476,0.002094,4.436
887883,520,458,978,174,87,173,327.76,0.6334,0.5277,0.188332,16,7,30,299.26,0.6176,0.0645,0.003559,4.450
887925,520,275,795,239,133,163,2.74,0.7336,0.6976,0.377725,42,67,30,136.36,0.6652,0.2549,0.046002,4.455
887936,520,339,859,252,12,243,330.33,0.9971,0.6420,0.274326,60,43,26,65.61,0.4057,0.2030,0.027631,4.178
887973,520,391,911,229,29,215,331.76,0.9729,0.5881,0.224455,72,3,5,26.59,0.9712,0.1528,0.014540,4.252
887974,520,420,940,250,10,14,28.72,0.9964,0.5598,0.205765,38,17,12,34.34,0.4786,0.1055,0.008396,4.380
887983,520,415,935,179,75,254,307.05,0.9910,0.5740,0.217724,27,29,9,113.93,0.5608,0.1201,0.011315,4.366
887985,520,341,861,241,99,113,17.09,0.8414,0.6307,0.288196,4,56,33,158.27,0.9666,0.2001,0.029638,4.247
888001,520,295,815,236,126,166,358.10,0.7274,0.6820,0.355101,18,68,7,140.63,0.9827,0.2417,0.042780,4.366
888014,520,407,927,246,50,46,27.69,0.9633,0.5727,0.220748,26,29,31,236.82,0.0694,0.1254,0.011973,4.369
888020,520,419,939,222,39,184,338.72,0.9220,0.5619,0.204437,16,30,3,131.76,0.9079,0.1123,0.010453,4.209
888029,520,460,980,206,77,58,30.96,0.8135,0.5259,0.187372,27,3,8,7.99,0.7189,0.0609,0.003157,4.465
888031,520,480,1000,139,90,203,301.22,0.6911,0.5052,0.171133,0,0,0,0.00,0.0000,0.0000,0.000000,4.423
888039,520,429,949,222,66,86,17.87,0.8388,0.5469,0.201005,2,27,11,153.50,0.9517,0.0960,0.008209,4.312
888040,520,411,931,243,46,82,17.87,0.9426,0.5690,0.216212,5,22,73,264.58,0.9106,0.1246,0.010871,4.373
888045,520,335,855,239,70,226,331.34,0.9344,0.6400,0.282246,61,34,64,323.36,0.4656,0.1987,0.025064,4.426
888046,520,407,927,170,89,237,306.29,0.8549,0.5674,0.218058,28,8,84,283.63,0.9283,0.1311,0.010606,4.423
888048,520,412,932,238,63,10,34.62,0.9896,0.5660,0.217572,9,30,29,191.21,0.5411,0.1150,0.010753,4.404
888052,520,347,867,234,74,216,332.82,0.9067,0.6298,0.273503,13,53,31,155.51,0.8632,0.1922,0.027306,4.185
888081,520,338,858,246,37,237,330.33,0.9825,0.6356,0.270333,32,7,133,275.22,0.9869,0.1983,0.021524,4.479
888083,520,381,901,230,70,184,341.59,0.8570,0.6017,0.246665,70,12,14,23.91,0.8482,0.1592,0.015970,4.497
888097,520,447,967,190,47,229,317.55,0.9256,0.5428,0.186386,30,12,9,30.57,0.4655,0.0827,0.005587,4.253
888099,520,421,941,241,42,81,17.55,0.9472,0.5620,0.209541,2,14,77,264.99,0.9641,0.1124,0.008627,4.427
888104,520,435,955,231,17,141,354.11,0.9714,0.5482,0.193158,18,1,64,283.24,0.9843,0.0879,0.005205,4.405
888107,520,420,940,198,101,87,29.65,0.6135,0.5565,0.220030,11,31,1,135.66,0.9826,0.1119,0.010533,4.461
888112,520,354,874,218,82,227,325.22,0.8822,0.6197,0.264879,2,47,65,230.92,0.9292,0.1841,0.024275,4.239
888115,520,454,974,219,58,61,24.73,0.8912,0.5277,0.184257,5,8,48,270.46,0.9062,0.0721,0.004193,4.323
888129,520,319,839,239,76,227,331.07,0.9289,0.6464,0.290682,81,35,4,49.33,0.8775,0.2162,0.029604,4.280
888145,520,316,836,246,99,172,352.34,0.8811,0.6581,0.314980,34,58,42,154.27,0.4364,0.2234,0.035333,4.277
888169,520,431,951,205,91,60,36.14,0.7655,0.5459,0.207896,25,24,9,105.18,0.4617,0.1041,0.008797,4.386
888170,520,367,887,206,72,253,315.67,0.9870,0.6082,0.248498,39,15,98,286.82,0.8868,0.1673,0.016548,4.485
888174,520,329,849,223,124,121,22.56,0.6417,0.6453,0.314859,0,60,23,150.03,1.0000,0.2105,0.032934,4.399
888178,520,433,953,233,46,75,19.20,0.9304,0.5475,0.197887,0,11,75,263.90,1.0029,0.1040,0.007473,4.313
888189,520,470,990,202,64,122,358.56,0.7526,0.5179,0.176305,18,1,0,34.41,1.0000,0.0396,0.001503,4.394
888214,520,447,967,189,13,250,313.31,0.9918,0.5418,0.180100,30,4,31,326.43,0.7402,0.0778,0.004618,4.213
888216,520,439,959,227,38,139,354.78,0.9095,0.5490,0.195839,9,9,57,273.35,0.9065,0.0858,0.005488,4.430
888220,520,370,890,244,1,220,333.96,0.9995,0.6111,0.244251,78,5,18,18.82,0.9283,0.1707,0.017722,4.345
888237,520,408,928,228,55,149,352.51,0.8624,0.5676,0.213990,27,15,79,282.71,0.8526,0.1333,0.011391,4.300
888240,520,462,982,201,55,166,339.35,0.8089,0.5265,0.179049,18,3,6,5.44,0.5922,0.0469,0.002069,4.399
888241,520,275,795,248,97,254,326.20,0.9960,0.6998,0.356641,61,57,47,88.81,0.1499,0.2475,0.041236,4.457
888248,520,418,938,234,65,24,33.96,0.9683,0.5608,0.213420,34,5,74,294.23,0.9159,0.1229,0.009430,4.432
888276,520,458,978,215,51,134,354.92,0.8349,0.5335,0.185383,21,1,35,308.67,0.9074,0.0622,0.003025,4.439
888292,520,416,936,219,70,150,351.33,0.7883,0.5666,0.216447,56,4,13,16.91,0.8836,0.1197,0.009568,4.473
888300,520,452,972,199,28,204,326.89,0.9454,0.5274,0.173340,13,5,41,286.63,0.8163,0.0662,0.003542,4.171
888303,520,307,827,215,129,193,337.03,0.6260,0.6685,0.339994,18,64,20,143.93,0.9455,0.2294,0.038458,4.409
888324,520,416,936,238,36,141,356.25,0.9377,0.5701,0.213651,37,5,72,298.33,0.9042,0.1247,0.009698,4.416
888333,520,400,920,254,23,78,18.08,0.9943,0.5787,0.222375,10,0,106,268.39,1.0000,0.1385,0.011050,4.461
888337,520,459,979,205,48,172,338.22,0.8477,0.5307,0.180736,20,6,15,341.63,0.4714,0.0593,0.003135,4.342
888360,520,448,968,222,56,100,10.51,0.8524,0.5400,0.192807,26,8,33,315.60,0.6270,0.0802,0.005031,4.412
888366,520,349,869,242,93,124,10.81,0.8474,0.6268,0.281641,54,43,20,84.38,0.5007,0.1935,0.025626,4.385
888373,520,352,872,241,34,230,330.86,0.9803,0.6210,0.255608,65,2,94,310.48,0.9660,0.1876,0.019755,4.381
888391,520,84,604,251,218,196,55.72,0.7619,0.8954,0.746387,14,118,30,144.44,0.9906,0.4137,0.131434,4.389
888393,520,352,872,236,29,239,327.58,0.9854,0.6162,0.249462,78,9,62,339.76,0.8034,0.1920,0.021631,4.181
888400,520,444,964,236,15,78,15.98,0.9854,0.5384,0.187278,7,23,1,135.95,0.9721,0.0846,0.006601,4.192
888411,520,477,997,187,35,198,325.00,0.9073,0.5062,0.158455,7,0,0,29.23,1.0000,0.0213,0.000452,4.132
888412,520,426,946,198,28,244,316.84,0.9768,0.5561,0.193694,13,30,15,146.84,0.6036,0.1126,0.010486,4.029
888415,520,352,872,248,58,185,345.08,0.9472,0.6230,0.264885,64,21,72,321.05,0.6968,0.1860,0.020943,4.439
888418,520,407,927,242,18,132,359.31,0.9783,0.5670,0.209791,43,6,71,304.67,0.8750,0.1335,0.010988,4.260
888420,520,390,910,253,39,121,5.82,0.9829,0.5944,0.237178,6,37,60,245.09,0.7690,0.1521,0.016880,4.294
888429,520,376,896,254,10,162,351.98,0.9932,0.6010,0.239001,65,13,39,353.97,0.7208,0.1577,0.015583,4.407
888437,520,456,976,129,90,242,289.94,0.8855,0.5250,0.183901,9,8,26,283.45,0.5377,0.0576,0.003063,4.408
888460,520,352,872,255,8,201,341.19,1.0000,0.6216,0.256542,64,18,88,311.10,0.7865,0.1950,0.022273,4.241
888462,520,358,878,245,62,177,347.12,0.9214,0.6171,0.260351,1,48,52,203.76,0.9699,0.1795,0.023682,4.212
888476,520,423,943,169,74,252,304.29,0.9739,0.5577,0.203614,5,30,28,187.91,0.7189,0.1125,0.010446,4.196
888480,520,259,779,250,124,190,349.31,0.9138,0.7085,0.384597,13,59,125,258.62,0.8890,0.2686,0.046939,4.483
888488,520,295,815,216,133,203,332.73,0.6510,0.6817,0.356873,21,64,57,180.75,0.6751,0.2408,0.041215,4.461
888494,520,454,974,230,36,15,30.41,0.9846,0.5276,0.181223,23,10,1,64.17,0.7978,0.0669,0.004015,4.281
888501,520,470,990,195,32,207,324.91,0.9352,0.5246,0.171417,17,0,16,330.24,1.0000,0.0421,0.001566,4.294
888502,520,339,859,252,27,234,332.39,0.9901,0.6401,0.274230,26,41,88,267.56,0.6650,0.1950,0.025100,4.317
888508,520,473,993,231,12,22,27.90,0.9934,0.5196,0.173129,0,1,28,264.18,0.9870,0.0337,0.001055,4.370
888513,520,366,886,235,42,222,331.41,0.9639,0.6096,0.245946,61,26,45,348.09,0.5057,0.1729,0.019205,4.276
888548,520,372,892,212,75,231,322.59,0.8943,0.6050,0.248005,15,3,125,268.78,0.9966,0.1724,0.016472,4.483
888549,520,39,559,248,245,170,106.11,0.8898,0.9480,0.881640,63,125,19,136.02,0.9725,0.4527,0.157706,4.485
888566,520,305,825,249,121,33,48.84,0.9594,0.6676,0.339274,45,60,5,124.44,0.9320,0.2319,0.038005,4.423
888596,520,467,987,228,26,71,17.94,0.9662,0.5242,0.176906,1,5,15,255.54,0.7001,0.0370,0.001495,4.406
888608,520,367,887,238,67,173,347.13,0.8755,0.6074,0.252114,9,38,81,258.67,0.8257,0.1727,0.020383,4.292
888637,520,401,921,181,82,250,307.96,0.9550,0.5822,0.227613,22,29,67,272.29,0.6253,0.1448,0.014545,4.301
888650,520,22,542,245,252,200,113.89,0.9444,0.9685,0.932035,29,131,67,150.82,0.9570,0.4649,0.168984,4.485
888664,520,407,927,215,82,128,1.95,0.7221,0.5662,0.220424,21,32,20,142.56,0.3714,0.1258,0.012429,4.332
888677,520,313,833,189,140,193,323.98,0.4515,0.6570,0.334260,32,60,3,133.12,0.9791,0.2214,0.035453,4.497
888684,520,470,990,225,3,117,0.85,0.9941,0.5234,0.173598,18,2,1,31.53,0.8246,0.0426,0.001742,4.321
888686,520,401,921,242,30,144,355.77,0.9575,0.5761,0.218226,17,38,14,141.27,0.7644,0.1403,0.015371,4.103
888696,520,386,906,233,81,87,21.91,0.8490,0.5859,0.238995,6,37,62,247.13,0.7753,0.1536,0.017096,4.307
888704,520,378,898,236,48,189,340.80,0.9290,0.5959,0.236237,32,19,91,282.40,0.8520,0.1575,0.015281,4.385
888712,520,456,976,231,9,88,12.00,0.9888,0.5286,0.178919,20,9,11,7.60,0.3101,0.0640,0.003683,4.264
888718,520,476,996,227,7,18,28.10,0.9959,0.5095,0.165295,1,3,1,144.11,0.6096,0.0246,0.000738,4.243
888723,520,325,845,239,58,251,325.28,0.9857,0.6458,0.283444,45,49,55,258.37,0.1002,0.2108,0.030303,4.152
888732,520,271,791,229,118,252,320.51,0.9780,0.6997,0.366449,35,60,93,255.85,0.5100,0.2555,0.043792,4.440
888743,520,366,886,215,104,145,358.53,0.6397,0.6055,0.263940,6,49,7,143.25,0.9794,0.1714,0.022506,4.330
888756,520,245,765,255,112,251,328.66,1.0000,0.7275,0.398160,3,65,121,252.48,0.9553,0.2789,0.051801,4.402
888762,520,460,980,147,68,255,296.95,1.0000,0.5252,0.175575,21,8,16,342.91,0.4012,0.0650,0.003705,4.200
888775,520,383,903,250,2,184,344.71,0.9987,0.6021,0.238315,51,26,33,2.37,0.3871,0.1514,0.015525,4.400
888781,520,406,926,211,43,243,320.26,0.9620,0.5843,0.220495,3,36,27,171.05,0.9092,0.1302,0.013602,4.253
888788,520,174,694,247,186,106,72.32,0.8257,0.8009,0.559346,34,96,17,140.00,0.9740,0.3442,0.087460,4.433
888792,520,87,607,251,222,159,85.97,0.8143,0.8954,0.752562,59,113,31,136.91,0.9267,0.4134,0.128386,4.499
888803,520,344,864,246,67,184,345.34,0.9286,0.6267,0.270709,11,23,124,266.85,0.9702,0.1908,0.021390,4.492
888808,520,404,924,255,16,87,15.37,1.0000,0.5804,0.223225,41,19,47,318.73,0.5431,0.1292,0.011424,4.448
888828,520,378,898,229,49,221,330.18,0.9473,0.6030,0.240775,60,27,6,50.05,0.7669,0.1622,0.017578,4.303
888889,520,302,822,253,74,227,334.53,0.9897,0.6675,0.313293,6,39,130,263.86,0.9639,0.2252,0.031012,4.484
888912,520,439,959,207,48,200,330.08,0.8929,0.5511,0.195513,0,5,72,264.20,0.9884,0.0913,0.005764,4.403
888915,520,421,941,240,51,46,27.76,0.9512,0.5613,0.210934,22,17,56,284.08,0.6816,0.1091,0.008570,4.455
888917,520,442,962,215,66,104,9.59,0.7927,0.5383,0.193454,10,21,14,155.68,0.3928,0.0839,0.006326,4.322
888930,520,299,819,187,135,244,304.68,0.8193,0.6715,0.344249,34,63,14,135.07,0.9083,0.2338,0.039267,4.417
888934,520,400,920,197,82,208,324.12,0.7922,0.5756,0.224604,38,26,54,302.43,0.4677,0.1439,0.014172,4.279
888942,520,369,889,230,63,208,333.99,0.9080,0.6079,0.249345,7,45,47,200.18,0.7860,0.1695,0.021271,4.200
888947,520,399,919,210,31,254,317.80,0.9956,0.5848,0.218391,8,22,89,266.70,0.9368,0.1439,0.013466,4.229
888978,520,379,899,231,76,171,346.75,0.8270,0.6037,0.251007,29,36,62,271.30,0.4265,0.1643,0.018707,4.381
889009,520,472,992,228,16,90,11.18,0.9770,0.5246,0.176057,3,3,5,284.80,0.1947,0.0291,0.000954,4.436
889011,520,441,961,219,74,50,31.93,0.8801,0.5449,0.201904,31,16,6,54.83,0.5356,0.0916,0.006751,4.439
889019,520,327,847,245,62,241,329.04,0.9641,0.6522,0.292113,51,40,81,294.16,0.4966,0.2098,0.028155,4.377
889029,520,475,995,188,24,221,319.46,0.9648,0.5195,0.165665,12,0,14,324.12,1.0000,0.0347,0.001099,4.221
889052,520,436,956,223,53,122,1.55,0.8519,0.5460,0.196419,35,4,37,325.48,0.7744,0.0896,0.005778,4.418
889074,520,339,859,229,65,255,321.74,1.0000,0.6381,0.276607,27,48,65,244.20,0.4265,0.1982,0.027285,4.226
889079,520,255,775,241,141,175,358.77,0.7434,0.7190,0.408479,35,73,28,140.63,0.8567,0.2694,0.052061,4.492
889080,520,326,846,249,34,255,326.95,1.0000,0.6513,0.285067,73,36,47,1.95,0.4409,0.2134,0.028836,4.250
889100,520,411,931,250,13,75,18.11,0.9921,0.5668,0.211235,31,5,72,292.18,0.9159,0.1170,0.008677,4.452
889104,520,352,872,252,14,213,337.48,0.9941,0.6238,0.258169,27,35,95,272.19,0.7633,0.1879,0.022612,4.244
889106,520,455,975,223,7,134,354.59,0.9851,0.5267,0.175639,29,0,20,341.74,1.0000,0.0626,0.003118,4.248
889119,520,426,946,203,61,200,328.84,0.8482,0.5558,0.202059,31,7,63,296.53,0.8498,0.1101,0.008022,4.344
889134,520,459,979,167,69,233,308.04,0.8764,0.5333,0.183556,7,7,36,276.78,0.7672,0.0610,0.003245,4.386
889152,520,397,917,236,43,158,350.44,0.9205,0.5775,0.220322,50,2,72,311.30,0.9434,0.1410,0.011895,4.367
889169,520,376,896,228,87,146,357.42,0.7646,0.6018,0.253882,30,40,27,138.54,0.3113,0.1596,0.018727,4.422
889175,520,463,983,228,34,51,24.19,0.9625,0.5252,0.178800,4,8,12,241.44,0.2940,0.0463,0.002260,4.378
889176,520,377,897,165,110,250,298.89,0.9163,0.6049,0.260536,0,40,66,243.09,1.0000,0.1629,0.019108,4.493
889182,520,347,867,244,42,223,333.28,0.9713,0.6259,0.262196,47,44,4,105.09,0.8781,0.1852,0.024145,4.211
889197,520,434,954,218,78,59,30.58,0.8475,0.5495,0.206724,32,3,61,300.29,0.9149,0.1039,0.007091,4.497
889203,520,447,967,203,64,174,337.36,0.7929,0.5436,0.194211,34,5,21,349.28,0.6874,0.0809,0.005028,4.438
889206,520,476,996,222,29,11,30.11,0.9878,0.5064,0.164353,6,0,2,353.79,1.0000,0.0210,0.000431,4.250
889233,520,430,950,240,16,103,8.56,0.9822,0.5531,0.198784,15,16,56,276.13,0.7516,0.1012,0.007576,4.321
889245,520,474,994,210,43,133,353.51,0.8506,0.5170,0.171251,5,4,4,17.62,0.0691,0.0340,0.001279,4.315
889259,520,400,920,212,64,203,330.56,0.8619,0.5756,0.219776,28,33,26,136.73,0.1732,0.1368,0.014092,4.209
889263,520,433,953,217,62,145,352.05,0.8064,0.5522,0.202436,0,18,59,260.55,1.0000,0.0989,0.007483,4.391
889273,520,435,955,237,39,83,16.23,0.9458,0.5524,0.200833,31,7,39,316.71,0.7096,0.0896,0.005898,4.487
889274,520,433,953,216,38,181,338.10,0.9119,0.5487,0.193236,4,10,69,267.22,0.9619,0.0976,0.006725,4.288
889287,520,442,962,178,84,184,325.15,0.6856,0.5353,0.192674,14,8,49,281.93,0.8169,0.0798,0.004888,4.421
889290,520,320,840,245,97,165,354.68,0.8684,0.6510,0.306814,3,53,71,228.63,0.9179,0.2068,0.030203,4.449
889292,520,425,945,194,84,177,333.88,0.7008,0.5558,0.209858,31,20,36,314.89,0.3646,0.1111,0.009190,4.390
889324,520,364,884,247,5,212,336.62,0.9976,0.6124,0.246393,16,48,11,141.08,0.9346,0.1725,0.022482,4.089
889356,520,453,973,230,33,54,23.44,0.9642,0.5292,0.181801,17,14,12,55.89,0.1044,0.0713,0.004598,4.246
889358,520,420,940,233,56,75,20.68,0.9092,0.5558,0.206630,27,25,25,17.40,0.0367,0.1134,0.009985,4.278
889364,520,389,909,237,77,76,24.87,0.8908,0.5862,0.238371,20,28,78,271.35,0.7613,0.1510,0.015292,4.417
889370,520,388,908,206,79,214,325.33,0.8346,0.5894,0.235705,65,11,2,33.79,0.9510,0.1454,0.013677,4.487
889371,520,448,968,216,51,153,347.93,0.8445,0.5436,0.192688,28,4,34,319.32,0.7567,0.0768,0.004492,4.454
889376,520,198,718,236,162,228,330.45,0.8252,0.7728,0.492765,44,86,50,147.26,0.6704,0.3215,0.074211,4.370
889392,520,466,986,198,78,107,8.28,0.6805,0.5240,0.185179,6,8,18,272.65,0.3782,0.0507,0.002561,4.474
889402,520,381,901,246,17,198,340.11,0.9889,0.6049,0.240741,46,33,42,337.90,0.2268,0.1638,0.018358,4.253
889413,520,247,767,232,135,229,328.17,0.8510,0.7188,0.401427,15,79,46,155.48,0.9368,0.2850,0.058905,4.145
889436,520,388,908,247,39,149,355.50,0.9479,0.5924,0.233985,22,38,26,151.49,0.4110,0.1467,0.016313,4.282
889439,520,422,942,239,16,125,1.04,0.9795,0.5579,0.202052,25,18,46,292.59,0.5406,0.1062,0.008365,4.319
889440,520,385,905,162,105,243,299.86,0.8544,0.5877,0.242559,22,37,34,180.59,0.2951,0.1464,0.016092,4.427
889458,520,387,907,234,81,102,16.14,0.8333,0.5910,0.243394,25,39,10,130.93,0.7481,0.1485,0.016796,4.392
889466,520,428,948,202,44,225,322.06,0.9350,0.5569,0.197958,44,8,9,22.58,0.7490,0.1001,0.007290,4.328
889514,520,445,965,233,51,0,33.40,1.0000,0.5444,0.196944,10,20,24,225.00,0.3072,0.0848,0.006308,4.386
889537,520,396,916,226,54,189,338.48,0.8953,0.5825,0.224837,35,34,6,107.31,0.7391,0.1426,0.015145,4.219
889549,520,407,927,245,22,103,9.53,0.9773,0.5653,0.209690,28,29,45,281.03,0.2964,0.1344,0.013151,4.112
889550,520,414,934,234,8,186,340.69,0.9917,0.5738,0.212141,21,32,16,136.32,0.4692,0.1247,0.012298,4.208
889552,520,0,520,255,255,255,0.00,0.0000,1.0000,1.000000,12,140,1,142.12,0.9995,0.4849,0.188357,4.405
889556,520,467,987,187,65,172,333.04,0.7570,0.5166,0.173254,11,2,8,337.84,0.5780,0.0365,0.001321,4.350
889562,520,467,987,182,3,239,313.83,0.9973,0.5188,0.162434,14,0,10,337.18,1.0000,0.0353,0.001153,4.153
889564,520,410,930,202,74,208,325.96,0.8259,0.5734,0.220098,13,35,7,139.31,0.9048,0.1270,0.013029,4.285
889567,520,363,883,249,60,157,354.52,0.9428,0.6141,0.258091,10,46,34,167.20,0.7955,0.1686,0.021339,4.319
889595,520,466,986,184,84,124,357.03,0.5953,0.5154,0.179877,8,5,29,284.76,0.7114,0.0524,0.002489,4.380
889602,520,476,996,163,57,222,310.11,0.8729,0.5051,0.159875,7,0,4,341.66,1.0000,0.0236,0.000539,4.153
889604,520,443,963,199,71,160,341.79,0.7394,0.5377,0.191884,4,20,21,200.38,0.5952,0.0796,0.005802,4.335
889611,520,458,978,175,33,248,309.29,0.9679,0.5263,0.169799,19,6,12,350.50,0.4311,0.0569,0.002953,4.151
889620,520,323,843,239,82,217,333.92,0.9141,0.6470,0.293976,42,47,70,274.30,0.3164,0.2104,0.029674,4.317
889628,520,379,899,244,6,198,339.61,0.9961,0.5989,0.234437,12,32,79,263.83,0.8210,0.1568,0.016756,4.261
889631,520,315,835,248,117,61,42.09,0.9327,0.6615,0.330190,7,62,19,146.32,0.9795,0.2188,0.035373,4.453
889632,520,264,784,230,126,244,322.72,0.9244,0.7090,0.382781,22,69,60,178.21,0.7051,0.2586,0.047529,4.437
889635,520,424,944,240,3,140,355.99,0.9963,0.5627,0.204870,19,26,27,207.04,0.1519,0.1092,0.009564,4.279
889649,520,31,551,250,244,207,99.63,0.7781,0.9562,0.895308,11,129,59,149.96,0.9898,0.4538,0.160867,4.483
889654,520,316,836,218,97,253,317.94,0.9852,0.6552,0.305483,11,62,7,142.00,0.9821,0.2185,0.035316,4.167
889675,520,322,842,226,93,231,326.23,0.8917,0.6479,0.297690,19,44,98,263.10,0.7873,0.2076,0.028215,4.445
889684,520,319,839,247,51,249,327.71,0.9819,0.6528,0.289842,20,58,47,171.34,0.6653,0.2169,0.033799,4.055
889698,520,465,985,206,52,147,347.69,0.8135,0.5232,0.176865,19,2,7,359.21,0.6886,0.0462,0.001972,4.365
889712,520,354,874,243,95,26,40.94,0.9657,0.6158,0.273168,31,47,7,128.87,0.8773,0.1785,0.023396,4.403
889715,520,359,879,241,65,201,338.82,0.9170,0.6247,0.267012,40,41,49,279.78,0.1269,0.1807,0.022587,4.367
889725,520,319,839,245,79,209,337.77,0.9362,0.6493,0.296107,30,60,15,136.87,0.9031,0.2213,0.035421,4.052
889727,520,446,966,194,3,243,316.28,0.9978,0.5416,0.180069,13,7,54,279.29,0.8810,0.0822,0.005038,4.180
889731,520,406,926,230,23,202,335.41,0.9760,0.5795,0.217027,27,25,57,283.59,0.5355,0.1317,0.012237,4.291
889743,520,271,791,236,135,162,3.48,0.6989,0.6966,0.377717,3,67,92,231.93,0.9439,0.2634,0.048061,4.362
889753,520,425,945,239,18,125,1.10,0.9763,0.5585,0.202672,36,18,35,328.89,0.4334,0.1131,0.009291,4.262
889756,520,396,916,252,44,53,25.67,0.9861,0.5814,0.227575,48,24,21,27.91,0.4221,0.1384,0.013359,4.381
889758,520,437,957,174,56,252,307.15,0.9808,0.5453,0.188561,33,6,40,318.78,0.7404,0.0917,0.006068,4.255
889777,520,319,839,245,57,246,327.89,0.9723,0.6516,0.289953,90,20,35,12.86,0.7653,0.2159,0.027957,4.361
889788,520,261,781,199,154,217,316.11,0.5560,0.7086,0.402638,12,74,38,152.49,0.9555,0.2652,0.051154,4.475
889791,520,125,645,212,212,214,286.34,0.0277,0.8493,0.659390,5,108,44,148.78,0.9943,0.3807,0.109388,4.451
889793,520,352,872,237,75,194,340.30,0.8807,0.6239,0.269344,18,38,99,265.91,0.8425,0.1934,0.024155,4.306
889807,520,365,885,245,87,68,29.96,0.9356,0.6123,0.266494,21,41,63,252.04,0.5065,0.1729,0.021041,4.455
889808,520,329,849,230,100,204,335.94,0.8268,0.6485,0.302992,63,43,42,22.15,0.2450,0.2118,0.029518,4.439
889813,520,409,929,253,12,45,25.01,0.9950,0.5687,0.213389,16,22,70,271.89,0.8005,0.1275,0.011261,4.299
889825,520,371,891,216,109,113,19.11,0.6414,0.6056,0.267305,14,49,0,138.17,1.0000,0.1736,0.022899,4.353
889829,520,376,896,243,52,158,352.41,0.9148,0.5970,0.239824,1,37,73,252.37,0.9566,0.1601,0.018105,4.256
889847,520,468,988,179,66,197,321.89,0.7928,0.5206,0.175125,10,5,8,340.32,0.2585,0.0433,0.001906,4.337
889855,520,291,811,242,103,218,334.79,0.9164,0.6782,0.336422,43,54,80,266.26,0.3532,0.2364,0.037310,4.426
889858,520,225,745,223,157,228,324.25,0.7175,0.7475,0.454046,22,84,20,142.62,0.9669,0.2994,0.065615,4.360
889859,520,454,974,204,63,140,350.92,0.7665,0.5276,0.182878,31,1,14,355.70,0.8448,0.0655,0.003448,4.357
889861,520,474,994,221,31,89,11.51,0.9355,0.5162,0.170761,4,4,7,284.63,0.2138,0.0341,0.001280,4.305
889865,520,470,990,229,12,86,12.49,0.9845,0.5246,0.175958,0,1,32,264.20,0.9897,0.0374,0.001260,4.408
889873,520,423,943,194,76,206,323.91,0.8010,0.5621,0.210959,0,29,32,204.32,1.0000,0.1085,0.009830,4.362
889885,520,447,967,203,54,182,334.45,0.8378,0.5381,0.187141,24,2,50,298.63,0.9192,0.0810,0.004679,4.337
889886,520,418,938,208,0,240,320.66,1.0000,0.5618,0.197030,36,25,6,79.41,0.6449,0.1196,0.010835,4.061
889931,520,279,799,232,104,255,321.30,1.0000,0.6857,0.342784,14,44,142,264.96,0.9361,0.2516,0.038475,4.440
889936,520,466,986,225,12,104,5.69,0.9791,0.5211,0.172728,10,10,8,106.95,0.0843,0.0548,0.002991,4.203
889946,520,407,927,199,80,203,326.39,0.7889,0.5730,0.221927,32,31,8,106.70,0.6286,0.1310,0.013046,4.313
889948,520,409,929,237,11,171,345.76,0.9877,0.5722,0.211871,35,1,82,292.20,0.9857,0.1285,0.009882,4.373
889970,520,443,963,210,5,200,330.98,0.9925,0.5371,0.179824,15,17,27,275.38,0.2696,0.0825,0.005816,4.118
889991,520,433,953,213,67,151,349.11,0.7819,0.5530,0.203970,19,14,58,281.56,0.7664,0.1026,0.007580,4.411
889992,520,433,953,247,8,32,26.76,0.9966,0.5539,0.200557,0,30,6,147.94,1.0000,0.1035,0.009417,4.217
889995,520,409,929,203,67,208,326.41,0.8478,0.5671,0.212666,37,12,67,299.35,0.7920,0.1283,0.010615,4.333
890031,520,448,968,182,76,201,321.29,0.7706,0.5405,0.193322,4,15,37,260.64,0.7188,0.0759,0.005010,4.423
890078,520,480,1000,203,14,169,338.19,0.9608,0.5066,0.158772,0,0,0,0.00,0.0000,0.0000,0.000000,4.175
890129,520,410,930,244,50,62,24.07,0.9489,0.5706,0.218655,13,37,15,145.43,0.8084,0.1349,0.014431,4.170
890130,520,419,939,224,74,85,20.31,0.8245,0.5600,0.214034,2,30,14,155.40,0.9551,0.1063,0.009731,4.420
890134,520,419,939,200,12,247,316.94,0.9928,0.5566,0.192592,42,15,16,19.41,0.5312,0.1092,0.008714,4.132
890138,520,410,930,218,78,140,356.35,0.7513,0.5705,0.222499,32,26,35,314.42,0.1998,0.1258,0.011672,4.419
890175,520,434,954,240,14,107,7.17,0.9843,0.5537,0.199041,35,1,54,309.55,0.9514,0.0986,0.006454,4.411
890199,520,442,962,229,38,87,13.92,0.9323,0.5363,0.187353,5,21,7,147.15,0.8034,0.0788,0.005839,4.251
890207,520,423,943,171,92,216,311.48,0.7514,0.5583,0.212708,0,29,42,230.78,1.0000,0.1140,0.010458,4.345
890223,520,462,982,233,29,54,23.23,0.9723,0.5334,0.184718,23,1,11,351.73,0.8019,0.0512,0.002281,4.490
890226,520,430,950,218,68,114,6.11,0.7892,0.5492,0.202570,30,13,41,310.25,0.5931,0.0991,0.007240,4.412
890227,520,400,920,232,76,87,20.57,0.8499,0.5777,0.230157,30,13,86,283.69,0.8891,0.1414,0.012357,4.493
890229,520,430,950,198,85,157,343.95,0.6708,0.5537,0.209387,44,9,15,13.63,0.6820,0.1030,0.007654,4.499
890243,520,479,999,206,54,123,357.67,0.8011,0.5149,0.171923,0,0,8,264.05,1.0000,0.0143,0.000175,4.423
890253,520,402,922,220,4,239,323.87,0.9978,0.5822,0.215366,17,20,78,272.89,0.8675,0.1325,0.011695,4.301
890259,520,386,906,231,26,213,332.75,0.9771,0.5892,0.225344,66,4,40,351.26,0.8388,0.1506,0.013985,4.303
890270,520,399,919,190,77,244,312.57,0.9250,0.5838,0.227876,35,24,56,297.56,0.5259,0.1374,0.012961,4.413
890277,520,465,985,215,65,16,36.03,0.9693,0.5232,0.182676,17,2,12,339.88,0.6778,0.0453,0.001891,4.484
890305,520,402,922,219,8,239,323.61,0.9957,0.5812,0.214678,41,7,72,301.86,0.8679,0.1327,0.010913,4.345
890330,520,401,921,223,90,103,17.24,0.7477,0.5841,0.239820,36,32,30,48.41,0.0759,0.1439,0.015018,4.458
890352,520,343,863,245,4,241,329.25,0.9988,0.6270,0.258531,8,10,137,266.12,0.9928,0.1934,0.020747,4.361
890357,520,447,967,238,21,29,27.58,0.9879,0.5380,0.188055,3,1,67,267.42,0.9964,0.0802,0.004463,4.371
890358,520,347,867,252,72,166,352.99,0.9656,0.6342,0.280867,53,39,52,328.68,0.2458,0.1923,0.024559,4.438
890359,520,402,922,227,48,194,337.12,0.9180,0.5825,0.223423,42,19,49,317.87,0.5623,0.1319,0.011798,4.424
890360,520,386,906,196,97,196,327.37,0.6992,0.5888,0.242720,50,27,34,0.46,0.3571,0.1523,0.015775,4.450
890369,520,400,920,216,70,183,338.16,0.8169,0.5772,0.224003,4,37,45,217.43,0.8184,0.1420,0.015383,4.191
890372,520,296,816,240,112,206,338.73,0.8713,0.6820,0.345723,24,68,6,138.75,0.9818,0.2442,0.043414,4.236
890386,520,463,983,230,8,83,13.46,0.9903,0.5251,0.176242,2,1,39,269.81,0.9870,0.0463,0.001811,4.367
890399,520,431,951,179,70,231,312.50,0.8715,0.5499,0.197345,22,9,62,285.82,0.8470,0.1016,0.007137,4.329
890417,520,433,953,229,44,120,2.55,0.8976,0.5498,0.198183,18,26,16,139.44,0.3296,0.1046,0.009048,4.203
890430,520,403,923,241,50,137,359.13,0.9099,0.5835,0.227913,37,29,14,82.29,0.4261,0.1326,0.013038,4.409
890445,520,351,871,234,41,254,323.63,0.9963,0.6288,0.262364,13,51,52,197.60,0.6972,0.1933,0.027010,4.056
890456,520,410,930,234,25,161,348.41,0.9608,0.5657,0.207638,19,1,95,274.70,0.9964,0.1292,0.009863,4.304
890471,520,385,905,241,65,128,3.96,0.8814,0.5933,0.240430,6,40,29,167.54,0.8504,0.1454,0.016449,4.371
890477,520,386,906,196,83,223,319.40,0.8320,0.5852,0.232513,27,37,38,203.87,0.1733,0.1520,0.016961,4.219
890495,520,399,919,218,44,214,329.22,0.9368,0.5762,0.215640,16,21,81,271.55,0.8821,0.1370,0.012405,4.257
890497,520,429,949,213,19,213,328.31,0.9780,0.5547,0.194180,7,16,63,268.14,0.8961,0.1030,0.007746,4.229
890502,520,382,902,232,16,226,329.76,0.9908,0.5963,0.230199,50,21,67,310.90,0.6642,0.1601,0.016197,4.233
890515,520,349,869,232,69,224,330.08,0.9229,0.6263,0.267963,87,9,14,24.48,0.9299,0.1939,0.022537,4.383
890535,520,449,969,202,44,194,330.43,0.8881,0.5356,0.182548,20,0,49,294.99,1.0000,0.0717,0.003705,4.330
890540,520,476,996,172,10,242,310.18,0.9915,0.5073,0.153995,3,0,2,338.03,1.0000,0.0160,0.000237,4.061
890544,520,231,751,221,152,235,320.67,0.7853,0.7388,0.438280,26,77,66,176.35,0.7022,0.2884,0.059205,4.471
890549,520,344,864,242,104,35,42.98,0.9446,0.6281,0.289022,15,47,72,245.42,0.6700,0.1933,0.026023,4.459
890566,520,336,856,250,64,202,340.63,0.9660,0.6400,0.282582,66,38,26,43.76,0.4542,0.1998,0.026192,4.365
890570,520,472,992,160,69,230,306.27,0.8636,0.5213,0.174436,6,0,15,305.84,1.0000,0.0282,0.000732,4.424
890581,520,453,973,132,97,223,292.68,0.7616,0.5250,0.187826,7,7,49,273.55,0.9010,0.0728,0.004189,4.389
890584,520,443,963,198,84,114,6.26,0.6486,0.5352,0.195631,27,9,35,314.25,0.6219,0.0845,0.005498,4.426
890586,520,456,976,232,36,3,31.25,0.9970,0.5314,0.184272,28,1,4,16.13,0.8950,0.0571,0.002774,4.439
890607,520,457,977,227,9,133,355.81,0.9833,0.5348,0.182225,12,7,28,291.71,0.5950,0.0594,0.003140,4.370
890623,520,457,977,210,21,181,336.39,0.9537,0.5292,0.175763,18,4,30,306.77,0.7301,0.0608,0.003092,4.252
890636,520,421,941,204,50,223,323.00,0.9210,0.5632,0.204480,19,24,32,259.72,0.2165,0.1060,0.008960,4.316
890638,520,408,928,245,49,37,29.14,0.9630,0.5691,0.217461,8,32,44,233.39,0.6371,0.1281,0.012664,4.268
890655,520,414,934,217,22,225,326.32,0.9807,0.5711,0.207639,39,13,51,313.49,0.6826,0.1189,0.009582,4.324
890658,520,367,887,249,9,207,338.35,0.9956,0.6139,0.248433,74,11,26,12.67,0.8098,0.1694,0.017700,4.408
890664,520,305,825,242,89,228,331.60,0.9369,0.6660,0.316260,75,39,69,333.45,0.4733,0.2329,0.033767,4.372
890692,520,350,870,242,4,252,326.15,0.9990,0.6294,0.259951,57,2,112,296.84,0.9830,0.1948,0.020832,4.376
890694,520,383,903,231,11,240,326.26,0.9954,0.6031,0.235220,58,7,64,323.24,0.8156,0.1532,0.014218,4.441
890702,520,388,908,238,30,188,341.23,0.9655,0.5890,0.227394,16,41,5,137.50,0.9493,0.1481,0.017069,4.136
890707,520,369,889,243,68,157,353.94,0.8922,0.6105,0.256263,29,32,84,275.94,0.6929,0.1723,0.019343,4.417
890711,520,349,869,231,65,239,326.01,0.9455,0.6305,0.270038,49,43,29,87.45,0.2788,0.1891,0.024695,4.285
890722,520,379,899,212,55,249,318.87,0.9715,0.5989,0.235707,25,42,25,144.39,0.4753,0.1611,0.019327,4.121
890734,520,350,870,232,90,192,340.32,0.8307,0.6322,0.282763,1,52,56,203.20,0.9741,0.1946,0.027478,4.295
890751,520,445,965,232,47,51,25.94,0.9453,0.5424,0.194309,30,9,8,24.69,0.5439,0.0771,0.004890,4.451
890760,520,306,826,255,96,165,356.64,1.0000,0.6664,0.323456,36,60,36,144.30,0.5207,0.2294,0.037341,4.276
890778,520,458,978,164,71,227,308.20,0.8491,0.5268,0.179457,22,2,27,319.92,0.7914,0.0598,0.002931,4.335
890781,520,389,909,210,71,220,325.04,0.8761,0.5903,0.233772,64,12,33,0.30,0.7323,0.1520,0.014629,4.391
890790,520,457,977,225,40,69,19.67,0.9353,0.5256,0.179576,17,1,42,295.46,0.9459,0.0634,0.003080,4.325
890793,520,397,917,200,62,238,317.80,0.9192,0.5781,0.218991,64,6,21,12.02,0.8442,0.1413,0.012746,4.287
890794,520,457,977,165,60,250,304.46,0.9670,0.5350,0.181338,11,10,14,296.76,0.1404,0.0576,0.003199,4.349
890797,520,470,990,216,29,130,355.17,0.9158,0.5185,0.170918,8,7,1,103.44,0.6870,0.0438,0.002058,4.244
890799,520,376,896,211,93,191,334.50,0.7413,0.6026,0.254410,7,44,17,148.68,0.9443,0.1561,0.018869,4.420
890813,520,390,910,217,61,218,327.74,0.9054,0.5904,0.231532,12,10,106,268.90,0.9829,0.1502,0.013357,4.444
890819,520,396,916,245,38,113,7.21,0.9482,0.5755,0.219943,48,6,73,308.17,0.8741,0.1431,0.012397,4.326
890825,520,399,919,231,19,199,336.44,0.9809,0.5782,0.215808,37,34,2,104.27,0.9030,0.1443,0.015418,4.063
890842,520,358,878,222,58,253,320.55,0.9907,0.6199,0.256495,53,17,90,301.18,0.8125,0.1790,0.018960,4.445
890848,520,347,867,255,47,198,342.47,1.0000,0.6344,0.273736,12,45,76,250.28,0.7321,0.1891,0.024766,4.330
890850,520,391,911,252,3,145,356.69,0.9976,0.5888,0.228085,64,1,53,337.11,0.9324,0.1506,0.013689,4.366
890857,520,456,976,186,61,209,320.96,0.8447,0.5343,0.183813,1,8,40,263.70,0.9409,0.0615,0.003333,4.384
890860,520,446,966,214,48,158,345.47,0.8532,0.5398,0.188809,3,22,14,164.76,0.8023,0.0821,0.006249,4.246
890878,520,445,965,167,58,255,304.24,1.0000,0.5401,0.184622,11,21,14,153.49,0.3608,0.0846,0.006392,4.161
890886,520,14,534,247,253,210,113.89,0.9610,0.9752,0.946779,15,136,36,144.59,0.9921,0.4741,0.178365,4.365
890891,520,429,949,194,47,225,319.70,0.9222,0.5461,0.189400,7,24,29,219.14,0.5167,0.0963,0.007871,4.137
890892,520,469,989,140,89,218,298.55,0.7603,0.5159,0.177823,8,5,12,306.09,0.3377,0.0428,0.001867,4.392
890905,520,445,965,178,62,235,311.74,0.8981,0.5428,0.189093,24,12,23,329.66,0.3733,0.0792,0.005190,4.332
890924,520,310,830,252,65,227,334.22,0.9854,0.6579,0.300251,77,22,89,319.86,0.7514,0.2220,0.028731,4.449
890962,520,370,890,246,42,185,344.13,0.9533,0.6084,0.247547,37,17,98,284.86,0.8777,0.1677,0.016760,4.457
890969,520,435,955,187,73,214,319.38,0.8222,0.5530,0.201861,36,11,2,44.51,0.7974,0.0888,0.006189,4.482
890998,520,442,962,221,8,167,343.29,0.9849,0.5386,0.183384,17,10,44,287.35,0.7082,0.0814,0.005181,4.229
891005,520,437,957,231,41,110,6.31,0.9148,0.5485,0.197035,45,3,6,21.65,0.8988,0.0937,0.006363,4.383
891009,520,433,953,222,10,183,338.74,0.9851,0.5498,0.191681,41,0,40,329.42,1.0000,0.0958,0.006247,4.297
891015,520,318,838,238,125,97,34.99,0.8004,0.6646,0.337100,21,62,7,139.26,0.9751,0.2223,0.036199,4.491
891016,520,417,937,243,49,46,27.52,0.9568,0.5658,0.214519,20,16,73,277.62,0.8513,0.1222,0.010003,4.408
891020,520,199,719,253,172,17,74.48,0.9883,0.7710,0.504307,22,89,25,143.65,0.9678,0.3170,0.073852,4.476
891035,520,465,985,212,53,109,4.74,0.8254,0.5205,0.176497,6,6,17,282.23,0.4300,0.0456,0.002094,4.348
891061,520,423,943,249,0,50,23.53,1.0000,0.5583,0.203737,34,20,13,47.37,0.3696,0.1062,0.008695,4.323
891103,520,429,949,237,43,32,29.15,0.9644,0.5478,0.198398,13,20,48,270.16,0.6149,0.1016,0.007992,4.283
891107,520,341,861,200,99,245,314.01,0.9134,0.6276,0.277968,84,17,30,14.47,0.7829,0.1983,0.023798,4.444
891122,520,371,891,247,58,154,355.00,0.9285,0.6076,0.251366,44,36,35,26.35,0.1168,0.1660,0.019186,4.356
891136,520,419,939,240,57,3,33.88,0.9971,0.5640,0.214614,20,24,37,270.84,0.2968,0.1095,0.009355,4.458
891137,520,173,693,251,177,161,32.61,0.8690,0.7980,0.545288,7,92,89,190.87,0.9487,0.3413,0.084203,4.436
891155,520,319,839,248,73,214,336.91,0.9586,0.6510,0.295795,37,55,50,175.54,0.2626,0.2191,0.033559,4.138
891165,520,332,852,243,74,209,337.15,0.9284,0.6409,0.285585,26,54,9,136.09,0.9343,0.1981,0.028776,4.260
891173,520,388,908,251,53,79,20.25,0.9745,0.5898,0.236235,42,33,32,25.53,0.1386,0.1546,0.016843,4.282
891193,520,252,772,243,134,213,338.37,0.8798,0.7246,0.409112,35,75,21,138.63,0.9186,0.2750,0.054435,4.396
891199,520,358,878,224,98,159,352.43,0.7203,0.6157,0.270881,13,49,36,165.89,0.7571,0.1803,0.024095,4.331
891205,520,359,879,253,33,198,341.79,0.9875,0.6234,0.260509,71,20,51,346.51,0.6647,0.1840,0.020791,4.386
891207,520,10,530,254,251,254,325.61,0.7846,0.9898,0.972210,38,135,9,140.50,0.9944,0.4739,0.177591,4.491
891224,520,374,894,240,68,146,357.36,0.8703,0.6007,0.247378,64,21,27,14.42,0.6155,0.1626,0.017056,4.435
891237,520,422,942,231,64,48,29.64,0.9199,0.5559,0.208720,30,16,53,297.70,0.6477,0.1133,0.009036,4.382
891243,520,427,947,193,35,252,313.58,0.9855,0.5583,0.195691,9,22,45,260.91,0.6157,0.1017,0.008213,4.221
891244,520,454,974,211,61,121,0.56,0.7898,0.5308,0.185691,27,3,24,332.86,0.7345,0.0673,0.003641,4.394
891256,520,471,991,172,72,201,317.86,0.7745,0.5202,0.176234,7,0,32,287.03,1.0000,0.0422,0.001495,4.393
891259,520,478,998,196,33,182,332.33,0.9000,0.5099,0.162026,7,0,6,332.05,1.0000,0.0247,0.000583,4.192
891260,520,390,910,249,49,104,11.77,0.9545,0.5882,0.233393,63,0,55,334.65,1.0000,0.1489,0.013328,4.475
891268,520,354,874,242,59,202,338.64,0.9304,0.6218,0.262723,59,34,22,46.10,0.4589,0.1786,0.021319,4.385
891272,520,462,982,202,16,207,326.99,0.9758,0.5302,0.174339,12,4,24,301.04,0.6652,0.0504,0.002309,4.289
891275,520,426,946,212,52,202,330.88,0.8927,0.5641,0.207193,49,2,29,350.54,0.8478,0.1078,0.007852,4.446
891286,520,447,967,237,27,3,30.34,0.9974,0.5371,0.187982,2,22,13,163.23,0.8870,0.0812,0.006158,4.238
891287,520,429,949,232,31,116,3.56,0.9416,0.5465,0.193997,3,11,68,266.25,0.9601,0.0974,0.006760,4.299
891289,520,0,520,255,255,255,0.00,0.0000,1.0000,1.000000,38,137,58,146.62,0.9540,0.4849,0.186081,4.448
891300,520,323,843,253,59,218,336.76,0.9890,0.6498,0.290757,27,51,72,246.52,0.4796,0.2112,0.030684,4.223
891301,520,356,876,244,10,234,330.62,0.9965,0.6216,0.253936,26,46,51,215.32,0.3453,0.1841,0.024125,4.100
891306,520,450,970,232,24,89,12.48,0.9662,0.5356,0.185334,1,20,6,151.78,0.9679,0.0728,0.005199,4.263
891307,520,468,988,216,3,142,350.20,0.9920,0.5152,0.166195,10,6,2,77.32,0.4620,0.0436,0.001992,4.158
891311,520,420,940,207,68,185,334.82,0.8054,0.5609,0.209043,17,26,24,179.70,0.2113,0.1064,0.009239,4.373
891382,520,479,999,214,47,95,9.98,0.8638,0.5148,0.171578,1,0,4,296.85,1.0000,0.0133,0.000152,4.418
891385,520,476,996,216,46,63,21.74,0.9119,0.5108,0.169144,1,0,13,277.69,1.0000,0.0199,0.000355,4.352
891416,520,414,934,191,93,178,332.58,0.6546,0.5653,0.221208,8,22,69,266.18,0.8732,0.1220,0.010551,4.479
891424,520,477,997,200,25,182,333.44,0.9325,0.5130,0.163539,5,0,8,317.19,1.0000,0.0230,0.000498,4.229
891429,520,461,981,235,1,58,20.93,0.9992,0.5294,0.179926,8,5,17,295.89,0.4756,0.0451,0.002006,4.421
891440,520,397,917,171,90,252,303.40,0.9646,0.5817,0.229991,53,21,30,3.89,0.5052,0.1436,0.013871,4.384
891442,520,446,966,212,42,166,341.97,0.8762,0.5357,0.184084,33,4,31,330.74,0.7457,0.0826,0.005091,4.249
891443,520,470,990,171,49,234,310.45,0.9202,0.5193,0.167959,0,9,4,162.37,1.0000,0.0420,0.002041,4.188
891454,520,441,961,217,69,95,14.38,0.7988,0.5432,0.198366,4,14,59,266.27,0.9184,0.0932,0.006556,4.391
891469,520,392,912,234,78,104,14.63,0.8358,0.5878,0.239435,38,20,79,291.55,0.7576,0.1530,0.014769,4.469
891472,520,425,945,251,11,49,24.16,0.9950,0.5647,0.209741,9,16,67,269.57,0.8993,0.1083,0.008339,4.452
891474,520,413,933,173,96,217,311.56,0.7444,0.5680,0.222605,26,30,2,116.88,0.8854,0.1207,0.011525,4.431
891488,520,467,987,222,40,82,15.04,0.9181,0.5222,0.176591,9,6,4,62.01,0.2102,0.0434,0.001971,4.360
891492,520,423,943,236,57,11,33.55,0.9886,0.5562,0.207864,13,3,83,272.75,0.9878,0.1110,0.007752,4.465
891514,520,419,939,213,11,222,326.09,0.9903,0.5590,0.196614,4,13,79,266.41,0.9646,0.1143,0.008781,4.195
891516,520,388,908,218,92,141,358.44,0.6965,0.5902,0.244850,1,36,61,244.66,0.9377,0.1479,0.016050,4.464
891523,520,396,916,213,69,204,330.54,0.8523,0.5830,0.227640,63,7,0,33.62,1.0000,0.1362,0.012089,4.472
891531,520,411,931,231,6,198,336.67,0.9943,0.5747,0.211991,5,22,64,263.46,0.8838,0.1156,0.009762,4.384
891534,520,399,919,154,107,235,297.81,0.7952,0.5763,0.233837,25,36,5,126.54,0.8384,0.1384,0.014794,4.381
891542,520,400,920,255,8,70,19.65,1.0000,0.5754,0.218797,29,34,25,131.37,0.2113,0.1403,0.014754,4.151
891566,520,426,946,248,13,62,21.26,0.9927,0.5604,0.205957,39,8,45,320.76,0.7304,0.1076,0.007945,4.417
891567,520,442,962,235,6,117,2.77,0.9916,0.5447,0.190799,13,11,40,281.68,0.6636,0.0764,0.004781,4.396
891569,520,477,997,198,71,74,22.45,0.7589,0.5055,0.170086,1,0,11,279.92,1.0000,0.0185,0.000306,4.375
891573,520,339,859,254,97,74,30.92,0.9912,0.6428,0.301181,2,55,52,188.79,0.9615,0.2029,0.029931,4.394
891575,520,386,906,224,74,162,348.22,0.8002,0.5852,0.233559,47,23,57,315.13,0.5623,0.1520,0.015126,4.354
891579,520,468,988,231,19,21,28.38,0.9886,0.5217,0.175119,14,2,1,32.95,0.7463,0.0373,0.001390,4.381
891582,520,13,533,244,255,216,120.17,1.0000,0.9788,0.957108,47,132,69,148.91,0.8970,0.4740,0.175359,4.469
891594,520,401,921,254,11,90,14.23,0.9939,0.5778,0.220521,52,23,2,54.24,0.8593,0.1393,0.013473,4.262
891597,520,419,939,212,19,218,326.79,0.9798,0.5565,0.195268,32,13,50,304.63,0.6755,0.1084,0.008252,4.210
891598,520,449,969,162,66,252,302.65,0.9771,0.5391,0.186066,27,5,16,350.76,0.6142,0.0675,0.003790,4.389
891602,520,469,989,223,28,87,12.25,0.9477,0.5182,0.172094,12,3,6,354.46,0.4616,0.0395,0.001564,4.307
891608,520,324,844,243,97,180,348.22,0.8685,0.6538,0.309021,12,47,100,259.04,0.8482,0.2144,0.030311,4.470
891609,520,366,886,235,2,237,327.90,0.9992,0.6064,0.238226,18,22,105,270.45,0.9402,0.1680,0.017222,4.288
891620,520,456,976,230,39,46,25.97,0.9589,0.5319,0.184743,21,2,27,318.16,0.7923,0.0584,0.002820,4.444
891640,520,425,945,248,13,25,27.82,0.9947,0.5567,0.203181,20,13,70,279.44,0.8628,0.1141,0.008787,4.307
891658,520,370,890,215,81,218,326.88,0.8577,0.6083,0.253957,67,12,64,330.39,0.7696,0.1746,0.018266,4.453
891659,520,462,982,198,19,213,324.33,0.9722,0.5285,0.172773,3,9,7,174.80,0.4030,0.0460,0.002301,4.259
891671,520,471,991,210,61,109,5.62,0.7913,0.5248,0.181455,5,3,21,285.36,0.7129,0.0394,0.001515,4.493
891672,520,470,990,165,81,194,316.59,0.7113,0.5181,0.177800,2,0,31,272.67,1.0000,0.0360,0.001118,4.456
891698,520,297,817,253,124,36,48.94,0.9817,0.6794,0.354285,31,65,19,138.49,0.8983,0.2391,0.041188,4.434
891702,520,419,939,231,62,86,17.86,0.8781,0.5599,0.211090,48,9,20,7.22,0.6991,0.1120,0.008744,4.445
891708,520,293,813,255,90,203,342.51,1.0000,0.6751,0.328872,43,62,36,137.57,0.4745,0.2412,0.040861,4.170
891711,520,476,996,158,92,164,324.03,0.5459,0.5085,0.176044,3,0,12,296.66,1.0000,0.0224,0.000459,4.480
891713,520,377,897,240,11,206,336.62,0.9929,0.5970,0.232238,39,18,83,291.54,0.7977,0.1551,0.014885,4.350
891719,520,424,944,236,56,41,29.53,0.9442,0.5571,0.208244,46,5,31,346.15,0.7613,0.1071,0.007884,4.461
891723,520,397,917,213,91,127,4.22,0.6765,0.5755,0.231627,23,36,26,151.24,0.3354,0.1413,0.015185,4.320
891737,520,410,930,199,45,242,317.17,0.9517,0.5657,0.204312,55,1,55,328.32,0.9336,0.1342,0.011099,4.162
891740,520,399,919,177,83,246,307.39,0.9233,0.5750,0.221882,42,22,52,313.44,0.5302,0.1396,0.013140,4.306
891748,520,436,956,181,82,204,319.68,0.7556,0.5492,0.202191,25,15,32,310.34,0.4191,0.0910,0.006526,4.461
891752,520,417,937,168,84,255,302.43,1.0000,0.5719,0.218860,2,32,37,210.40,0.8794,0.1213,0.011794,4.351
891759,520,420,940,242,40,52,25.14,0.9651,0.5581,0.206461,20,18,51,282.09,0.6207,0.1051,0.008203,4.406
891767,520,443,963,234,41,8,31.44,0.9922,0.5390,0.190990,0,21,7,154.27,1.0000,0.0753,0.005516,4.341
891770,520,442,962,233,43,7,31.79,0.9929,0.5383,0.190698,11,20,9,139.89,0.4603,0.0805,0.005912,4.305
891780,520,477,997,213,36,125,356.80,0.8842,0.5146,0.168909,1,0,7,286.54,1.0000,0.0158,0.000218,4.359
891801,520,285,805,252,119,136,14.09,0.9292,0.6854,0.356697,19,65,71,207.31,0.6922,0.2495,0.043738,4.339
891805,520,472,992,196,26,196,328.26,0.9403,0.5156,0.164618,5,3,0,90.11,1.0000,0.0293,0.000974,4.210
891806,520,250,770,222,144,229,323.95,0.7683,0.7220,0.411346,18,74,51,161.78,0.8685,0.2705,0.052650,4.494
891810,520,403,923,226,21,210,332.32,0.9797,0.5766,0.213607,37,24,33,338.24,0.2698,0.1264,0.011564,4.282
891817,520,425,945,231,28,163,347.18,0.9510,0.5621,0.204666,25,20,38,295.91,0.3811,0.1052,0.008469,4.356
891823,520,448,968,181,65,217,316.98,0.8476,0.5366,0.186152,5,20,16,174.98,0.5607,0.0784,0.005700,4.240
891830,520,459,979,234,34,3,31.00,0.9971,0.5344,0.186462,17,0,42,296.20,1.0000,0.0614,0.002863,4.473
891854,520,373,893,251,17,171,348.80,0.9872,0.6007,0.238538,17,28,88,269.25,0.8603,0.1592,0.016542,4.336
891856,520,468,988,201,68,111,4.30,0.7346,0.5171,0.177014,1,1,37,267.35,0.9889,0.0433,0.001617,4.398
891857,520,407,927,248,14,95,12.13,0.9890,0.5671,0.211003,20,18,77,276.09,0.8568,0.1299,0.011171,4.267
891872,520,413,933,244,56,52,27.31,0.9522,0.5743,0.223128,9,33,30,184.34,0.6024,0.1247,0.012395,4.377
891886,520,175,695,243,173,211,345.63,0.7600,0.7960,0.536467,56,89,53,142.36,0.5507,0.3396,0.082424,4.429
891896,520,456,976,175,65,225,312.94,0.8635,0.5337,0.183317,11,7,31,287.13,0.6480,0.0605,0.003220,4.384
891932,520,330,850,255,42,215,337.80,1.0000,0.6407,0.278255,54,37,91,295.03,0.6049,0.2145,0.028627,4.175
891935,520,458,978,230,44,28,29.90,0.9650,0.5338,0.187112,0,11,33,255.83,0.9999,0.0611,0.003491,4.433
891936,520,444,964,205,84,80,24.75,0.7240,0.5383,0.199010,27,14,16,9.45,0.3018,0.0844,0.005845,4.459
891943,520,444,964,226,57,17,33.48,0.9769,0.5364,0.191383,23,15,13,34.43,0.2083,0.0805,0.005529,4.347
891953,520,317,837,254,105,84,30.40,0.9896,0.6558,0.318174,20,57,69,222.50,0.6177,0.2238,0.035045,4.329
891959,520,377,897,205,83,218,323.74,0.8328,0.5954,0.242292,31,16,100,280.05,0.9129,0.1628,0.015819,4.441
891967,520,422,942,235,60,18,33.56,0.9793,0.5574,0.209407,20,2,81,278.77,0.9856,0.1124,0.007862,4.483
891968,520,444,964,152,82,249,298.25,0.9426,0.5444,0.195498,30,9,20,349.28,0.5151,0.0809,0.005219,4.446
891985,520,393,913,239,23,186,341.94,0.9763,0.5871,0.225116,63,8,9,25.22,0.8857,0.1389,0.012503,4.402
891989,520,280,800,250,85,247,328.62,0.9818,0.6852,0.335391,3,62,100,244.72,0.9321,0.2538,0.043845,4.107
892009,520,446,966,206,88,18,44.73,0.9388,0.5389,0.201470,1,24,4,146.58,0.9849,0.0844,0.006685,4.436
892014,520,168,688,250,173,213,347.08,0.8830,0.8052,0.550171,25,92,88,189.25,0.7778,0.3449,0.085652,4.424
892016,520,404,924,243,60,83,19.49,0.9257,0.5807,0.229142,25,22,69,280.52,0.7120,0.1335,0.012101,4.495
892026,520,454,974,155,75,242,301.40,0.9058,0.5325,0.184119,13,13,29,282.27,0.4274,0.0728,0.004621,4.286
892028,520,480,1000,220,36,29,28.73,0.9637,0.5073,0.165688,0,0,0,0.00,0.0000,0.0000,0.000000,4.314
892032,520,256,776,248,141,128,27.90,0.8705,0.7153,0.405674,9,73,66,183.56,0.9073,0.2702,0.052163,4.460
892042,520,398,918,176,104,201,316.86,0.6469,0.5755,0.233486,41,26,42,324.51,0.3441,0.1407,0.013774,4.445
892079,520,390,910,242,39,166,348.98,0.9443,0.5901,0.230846,59,0,72,319.00,1.0000,0.1545,0.013978,4.390
892097,520,458,978,217,31,154,346.95,0.9159,0.5323,0.180672,6,11,30,268.91,0.5922,0.0638,0.003718,4.294
892101,520,459,979,211,17,189,334.29,0.9689,0.5347,0.179260,12,11,3,103.74,0.4944,0.0572,0.003241,4.306
892112,520,448,968,210,76,84,20.36,0.7649,0.5366,0.195128,40,1,16,1.02,0.8913,0.0831,0.005103,4.449
892122,520,281,801,232,118,218,332.07,0.8452,0.6853,0.351767,14,70,46,160.23,0.9040,0.2543,0.046707,4.154
892126,520,435,955,239,20,99,9.91,0.9764,0.5512,0.197551,26,13,36,308.61,0.5311,0.0907,0.006348,4.393
892139,520,346,866,252,77,143,1.82,0.9595,0.6309,0.279897,54,37,58,319.82,0.3417,0.1920,0.024129,4.450
892157,520,469,989,208,56,122,358.80,0.7992,0.5203,0.176456,20,1,5,5.39,0.8010,0.0445,0.001814,4.371
892167,520,313,833,244,120,77,39.39,0.8829,0.6621,0.332047,15,62,10,141.75,0.9720,0.2201,0.035686,4.459
892171,520,399,919,236,76,9,37.71,0.9889,0.5768,0.230245,56,7,51,332.68,0.7824,0.1402,0.012318,4.497
892189,520,464,984,190,84,109,7.62,0.6178,0.5201,0.183935,2,8,14,238.91,0.5365,0.0452,0.002183,4.483
892216,520,460,980,200,54,185,332.60,0.8373,0.5347,0.184222,9,2,48,279.16,0.9586,0.0639,0.003149,4.407
892221,520,400,920,201,67,225,321.14,0.8832,0.5753,0.218696,48,20,45,331.36,0.5355,0.1405,0.013182,4.253
892232,520,369,889,240,63,169,348.71,0.8876,0.6054,0.249478,13,38,73,257.45,0.7183,0.1676,0.019527,4.307
892233,520,390,910,245,31,159,351.56,0.9618,0.5886,0.228989,51,0,83,305.93,1.0000,0.1516,0.013284,4.409
892260,520,478,998,164,84,174,323.05,0.6347,0.5088,0.172900,4,0,6,318.71,1.0000,0.0204,0.000390,4.424
892270,520,431,951,225,72,39,33.67,0.9222,0.5525,0.207915,5,19,51,262.88,0.8139,0.0968,0.007370,4.496
892271,520,327,847,216,118,182,341.82,0.6446,0.6455,0.309349,30,57,5,133.68,0.9621,0.2103,0.032132,4.375
892273,520,412,932,209,70,192,333.12,0.8164,0.5704,0.217433,4,33,4,143.00,0.9715,0.1153,0.011222,4.368
892301,520,399,919,206,83,182,335.95,0.7451,0.5761,0.226875,3,41,20,154.47,0.9633,0.1449,0.016557,4.160
892309,520,466,986,228,17,45,24.22,0.9865,0.5166,0.170873,5,5,24,278.66,0.6651,0.0462,0.002067,4.242
892315,520,480,1000,182,58,189,325.64,0.8064,0.5110,0.166466,0,0,0,0.00,0.0000,0.0000,0.000000,4.329
892318,520,379,899,217,106,89,30.33,0.7018,0.5964,0.257832,8,42,54,225.78,0.7373,0.1641,0.019738,4.414
892330,520,324,844,254,67,206,340.48,0.9929,0.6516,0.295446,43,52,31,127.32,0.3794,0.2092,0.030685,4.281
892338,520,355,875,228,38,252,322.66,0.9887,0.6159,0.249107,62,33,33,20.22,0.3951,0.1841,0.022218,4.142
892339,520,475,995,223,40,19,30.59,0.9762,0.5158,0.172554,4,1,12,298.51,0.7581,0.0273,0.000741,4.386
892346,520,453,973,205,72,103,9.84,0.7358,0.5270,0.185952,21,11,9,31.85,0.2903,0.0685,0.004185,4.355
892360,520,426,946,224,3,192,336.64,0.9962,0.5574,0.197207,19,14,70,278.14,0.8597,0.1148,0.008947,4.194
892367,520,385,905,255,31,86,16.43,1.0000,0.5856,0.229156,5,41,41,194.97,0.8229,0.1531,0.017782,4.118
892371,520,334,854,255,12,231,333.73,1.0000,0.6397,0.272957,50,25,105,290.82,0.8031,0.2013,0.023933,4.368
892372,520,445,965,182,24,254,310.33,0.9952,0.5380,0.177551,6,17,36,259.77,0.6120,0.0813,0.005670,4.088
892385,520,348,868,255,19,212,338.40,1.0000,0.6299,0.264826,27,31,106,273.02,0.8608,0.1910,0.022535,4.340
892389,520,470,990,169,79,199,316.82,0.7388,0.5242,0.181514,14,0,26,308.29,1.0000,0.0445,0.001680,4.480
892417,520,444,964,218,68,65,25.75,0.8576,0.5376,0.194238,26,13,13,19.55,0.3175,0.0801,0.005365,4.411
892423,520,369,889,239,71,166,350.09,0.8687,0.6101,0.256132,21,32,84,269.79,0.7611,0.1664,0.018325,4.481
892426,520,446,966,168,68,237,307.58,0.8945,0.5368,0.185742,34,9,3,38.70,0.7448,0.0823,0.005421,4.254
892431,520,381,901,230,92,85,25.93,0.8210,0.5952,0.251358,52,31,0,72.97,1.0000,0.1569,0.017101,4.491
892450,520,389,909,244,41,149,355.01,0.9386,0.5878,0.229921,24,37,40,213.55,0.2447,0.1505,0.016705,4.196
892453,520,387,907,246,22,159,351.51,0.9771,0.5871,0.226732,2,44,12,147.41,0.9884,0.1532,0.018407,4.045
892457,520,435,955,197,39,232,319.07,0.9500,0.5508,0.191490,13,23,19,167.82,0.2857,0.0931,0.007454,4.203
892490,520,418,938,215,81,112,9.39,0.7310,0.5597,0.215041,13,6,89,271.49,0.9809,0.1229,0.009370,4.464
892510,520,366,886,231,21,244,325.31,0.9908,0.6084,0.240593,3,25,105,264.41,0.9593,0.1667,0.017344,4.315
892513,520,353,873,236,94,122,11.16,0.8022,0.6173,0.272462,9,50,37,167.61,0.8504,0.1826,0.024727,4.315
892515,520,459,979,232,34,51,24.36,0.9657,0.5336,0.185419,11,11,8,107.17,0.1220,0.0578,0.003280,4.419
892530,520,369,889,235,21,234,328.55,0.9896,0.6083,0.241416,26,19,108,274.81,0.9352,0.1725,0.017680,4.306
892573,520,457,977,214,66,65,25.13,0.8512,0.5275,0.185766,22,3,19,333.72,0.6858,0.0574,0.002827,4.463
892574,520,475,995,219,0,130,354.98,1.0000,0.5153,0.166744,0,0,23,264.05,1.0000,0.0262,0.000619,4.282
892578,520,444,964,199,67,180,334.09,0.7841,0.5435,0.194534,36,0,29,337.00,1.0000,0.0797,0.004638,4.476
892599,520,381,901,216,59,233,323.62,0.9309,0.5970,0.236120,12,6,117,268.22,0.9925,0.1619,0.014926,4.407
892611,520,288,808,254,81,233,333.23,0.9952,0.6793,0.328419,31,41,128,270.96,0.8700,0.2375,0.034355,4.486
892631,520,321,841,247,57,236,330.75,0.9690,0.6486,0.287594,27,50,67,241.96,0.4451,0.2053,0.029194,4.263
892638,520,247,767,166,168,246,282.28,0.7926,0.7206,0.427656,2,80,21,145.81,0.9969,0.2808,0.058041,4.421
892646,520,474,994,229,14,23,27.85,0.9918,0.5159,0.170370,6,2,1,43.81,0.4842,0.0278,0.000843,4.334
892655,520,361,881,233,59,225,330.11,0.9407,0.6198,0.258903,67,14,68,327.18,0.7605,0.1795,0.019249,4.461
892665,520,445,965,223,52,101,9.68,0.8671,0.5385,0.190862,34,6,1,38.12,0.8955,0.0766,0.004726,4.401
892675,520,351,871,236,78,200,338.23,0.8805,0.6286,0.274544,40,34,90,283.54,0.6607,0.1920,0.023333,4.426
892680,520,384,904,184,95,234,311.47,0.8371,0.5926,0.243162,3,42,26,161.26,0.9502,0.1499,0.017498,4.343
892684,520,445,965,207,5,208,328.09,0.9932,0.5372,0.179300,12,14,40,276.44,0.6112,0.0815,0.005454,4.135
892686,520,408,928,242,42,120,4.64,0.9327,0.5741,0.218925,27,9,86,281.94,0.9297,0.1337,0.011002,4.408
892693,520,419,939,213,39,211,328.73,0.9387,0.5625,0.203024,10,13,75,270.48,0.9396,0.1128,0.008603,4.318
892697,520,480,1000,203,73,0,41.10,1.0000,0.5100,0.174637,0,0,0,0.00,0.0000,0.0000,0.000000,4.493
892701,520,406,926,247,4,144,356.08,0.9962,0.5785,0.218780,44,21,37,339.45,0.4387,0.1319,0.012054,4.331
892706,520,410,930,172,88,238,306.91,0.8636,0.5693,0.219238,36,26,20,52.41,0.2413,0.1251,0.011644,4.368
892711,520,340,860,249,13,253,327.47,0.9971,0.6437,0.275224,63,38,37,22.10,0.3240,0.1982,0.025767,4.292
892712,520,329,849,252,50,238,331.43,0.9884,0.6536,0.291527,17,44,97,262.03,0.8012,0.2058,0.027835,4.388
892714,520,405,925,251,16,114,6.63,0.9869,0.5789,0.220983,0,11,98,264.17,0.9863,0.1346,0.011211,4.427
892737,520,438,958,194,78,174,334.90,0.7206,0.5458,0.199756,36,5,38,325.42,0.7548,0.0935,0.006236,4.441
892752,520,410,930,244,50,36,29.43,0.9616,0.5677,0.216451,22,21,68,278.23,0.7370,0.1280,0.011242,4.351
892756,520,437,957,233,43,108,7.54,0.9149,0.5532,0.201371,24,21,0,102.81,1.0000,0.0931,0.007305,4.387
892757,520,427,947,241,30,95,12.06,0.9628,0.5583,0.204588,43,7,22,358.42,0.6987,0.1005,0.007236,4.448
892759,520,435,955,207,39,202,329.56,0.9211,0.5461,0.189826,27,0,54,300.42,1.0000,0.0856,0.004994,4.361
892788,520,357,877,253,43,171,349.88,0.9832,0.6154,0.255541,57,7,99,301.69,0.9224,0.1843,0.019227,4.414
892791,520,307,827,247,121,87,36.09,0.9021,0.6701,0.341400,54,58,4,114.08,0.9249,0.2345,0.038192,4.438
892802,520,445,965,227,10,142,352.78,0.9817,0.5388,0.185037,34,6,20,352.07,0.6531,0.0822,0.005209,4.257
892809,520,339,859,253,52,211,338.54,0.9883,0.6409,0.280450,73,36,4,55.96,0.8573,0.2038,0.026872,4.299
892828,520,409,929,248,6,112,6.55,0.9947,0.5699,0.212601,25,3,92,279.54,0.9824,0.1325,0.010445,4.344
892831,520,384,904,193,77,251,311.95,0.9692,0.5934,0.236114,57,24,20,28.45,0.5443,0.1533,0.015738,4.352
892832,520,387,907,229,6,227,328.83,0.9965,0.5897,0.223368,58,11,58,327.95,0.7562,0.1529,0.014445,4.242
892888,520,325,845,209,111,229,320.62,0.8174,0.6481,0.305827,67,45,3,78.12,0.9137,0.2150,0.030768,4.406
892890,520,14,534,238,255,242,152.90,1.0000,0.9813,0.961075,44,134,35,141.82,0.9646,0.4743,0.177064,4.453
892898,520,396,916,213,2,251,319.50,0.9991,0.5792,0.211564,40,29,26,35.76,0.1969,0.1397,0.014045,4.084
892900,520,469,989,218,58,18,33.97,0.9702,0.5214,0.179778,6,4,10,301.87,0.3456,0.0375,0.001475,4.464
892913,520,367,887,236,2,240,327.45,0.9992,0.6102,0.241702,16,36,82,263.85,0.7637,0.1714,0.019810,4.179
892921,520,405,925,254,28,76,18.91,0.9943,0.5803,0.224269,29,25,58,286.28,0.5396,0.1344,0.012619,4.380
892951,520,370,890,252,14,183,345.51,0.9913,0.6077,0.244318,73,19,14,28.82,0.8001,0.1744,0.019142,4.257
892962,520,479,999,195,50,159,339.98,0.8079,0.5073,0.163883,0,0,4,264.05,1.0000,0.0106,0.000088,4.270
892963,520,350,870,249,99,11,42.76,0.9900,0.6318,0.290909,43,46,36,121.08,0.1740,0.1928,0.025950,4.489
892973,520,426,946,230,60,98,13.00,0.8675,0.5588,0.209394,43,12,26,354.62,0.5906,0.1093,0.008512,4.433
892984,520,453,973,163,69,231,307.10,0.8678,0.5262,0.178129,29,3,30,326.53,0.7679,0.0739,0.004201,4.209
892990,520,454,974,170,101,132,352.03,0.4389,0.5274,0.195203,8,19,5,138.11,0.6857,0.0747,0.005283,4.435
893026,520,315,835,210,111,248,315.71,0.9342,0.6610,0.318491,13,51,99,256.36,0.8146,0.2245,0.033539,4.411
893038,520,425,945,237,40,111,6.82,0.9299,0.5601,0.206729,57,0,1,27.90,1.0000,0.1142,0.008722,4.372
893050,520,370,890,203,89,240,316.91,0.9009,0.6146,0.261339,3,46,38,176.89,0.9350,0.1674,0.021132,4.377
893052,520,314,834,253,53,242,330.71,0.9926,0.6597,0.298427,99,6,1,30.27,0.9922,0.2177,0.027856,4.475
893053,520,478,998,170,46,225,312.35,0.9115,0.5077,0.159372,2,0,17,282.31,1.0000,0.0243,0.000534,4.143
893075,520,404,924,178,77,254,306.57,0.9907,0.5750,0.219292,2,17,84,264.65,0.9625,0.1260,0.010538,4.448
893081,520,415,935,231,73,60,28.66,0.8893,0.5676,0.220831,22,30,2,123.33,0.9018,0.1169,0.011035,4.437
893103,520,335,855,247,55,218,335.33,0.9604,0.6364,0.275715,72,29,59,340.46,0.5638,0.2041,0.025724,4.301
893128,520,332,852,227,98,200,336.39,0.8055,0.6390,0.292386,34,51,47,178.42,0.2588,0.2034,0.029129,4.327
893132,520,433,953,231,59,26,32.62,0.9644,0.5488,0.201944,40,0,52,316.92,1.0000,0.1034,0.006991,4.421
893137,520,352,872,244,47,214,335.63,0.9605,0.6235,0.261241,85,7,10,25.92,0.9488,0.1871,0.021055,4.380
893138,520,311,831,227,115,183,344.62,0.7222,0.6569,0.320134,9,48,107,259.30,0.8980,0.2225,0.032333,4.496
893144,520,377,897,254,31,143,358.39,0.9913,0.5998,0.240376,19,41,39,188.05,0.4305,0.1587,0.018707,4.226
893156,520,357,877,252,75,110,13.69,0.9667,0.6190,0.268568,6,44,71,244.90,0.8100,0.1805,0.022949,4.367
893160,520,352,872,233,86,176,346.19,0.8191,0.6213,0.271164,42,49,3,118.25,0.9269,0.1945,0.026954,4.173
893165,520,316,836,204,123,235,316.02,0.8109,0.6648,0.330025,14,61,22,146.18,0.9492,0.2179,0.034886,4.477
893175,520,434,954,203,13,229,321.80,0.9884,0.5474,0.186432,29,3,65,294.41,0.9324,0.1042,0.007080,4.142
893206,520,389,909,221,52,217,329.16,0.9280,0.5890,0.228401,39,31,48,305.68,0.2978,0.1531,0.016247,4.202
893210,520,397,917,254,29,59,23.14,0.9952,0.5781,0.222691,67,4,17,16.30,0.9113,0.1447,0.013208,4.314
893216,520,473,993,171,86,162,331.36,0.6036,0.5156,0.179232,8,3,4,3.38,0.3242,0.0344,0.001255,4.472
893218,520,359,879,219,72,248,320.48,0.9647,0.6242,0.264739,20,42,69,254.58,0.5696,0.1792,0.022342,4.351
893248,520,443,963,208,60,148,348.40,0.7915,0.5352,0.187818,20,17,15,55.94,0.0940,0.0823,0.005841,4.259
893261,520,423,943,222,62,149,351.69,0.8227,0.5631,0.211472,23,19,54,284.56,0.6216,0.1124,0.009142,4.421
893274,520,347,867,212,110,190,335.93,0.6742,0.6298,0.288683,36,49,26,132.53,0.4716,0.1923,0.026462,4.429
893279,520,399,919,243,39,130,1.14,0.9399,0.5775,0.221207,60,6,33,355.49,0.7940,0.1371,0.012009,4.374
893281,520,321,841,252,90,150,1.04,0.9508,0.6484,0.302130,59,44,41,31.38,0.1936,0.2083,0.028913,4.462
893295,520,480,1000,219,36,76,16.33,0.9291,0.5120,0.168463,0,0,0,0.00,0.0000,0.0000,0.000000,4.369
893296,520,257,777,203,148,234,312.74,0.7298,0.7094,0.398176,40,72,38,142.79,0.6519,0.2712,0.052257,4.383
893298,520,322,842,227,113,162,354.67,0.6950,0.6452,0.307520,47,51,42,126.90,0.1469,0.2134,0.031391,4.393
893308,520,480,1000,225,28,33,27.27,0.9758,0.5136,0.169508,0,0,0,0.00,0.0000,0.0000,0.000000,4.390
893311,520,429,949,200,36,224,321.91,0.9489,0.5478,0.189246,3,28,19,166.65,0.8691,0.1019,0.008968,4.057
893347,520,424,944,187,92,175,332.28,0.6418,0.5562,0.213155,33,22,17,45.54,0.2644,0.1105,0.009377,4.432
893367,520,397,917,219,87,124,5.81,0.7190,0.5788,0.233340,20,21,84,273.98,0.8702,0.1429,0.013251,4.480
893371,520,403,923,195,68,239,315.81,0.9143,0.5772,0.219696,28,23,54,288.32,0.5321,0.1259,0.011260,4.402
893396,520,479,999,160,53,243,304.71,0.9373,0.5150,0.164914,0,0,2,264.05,1.0000,0.0079,0.000044,4.295
893410,520,369,889,252,39,165,351.38,0.9754,0.6086,0.248665,37,33,63,288.24,0.4438,0.1650,0.018399,4.367
893423,520,344,864,245,39,231,331.53,0.9783,0.6310,0.266359,44,43,58,287.68,0.2160,0.1949,0.025687,4.180
893445,520,457,977,198,9,215,323.89,0.9882,0.5272,0.171091,6,0,49,275.18,1.0000,0.0585,0.002605,4.203
893453,520,470,990,197,10,212,324.37,0.9859,0.5235,0.168425,9,3,4,5.95,0.3623,0.0355,0.001320,4.256
893485,520,408,928,216,40,221,326.91,0.9500,0.5750,0.213390,57,1,36,348.37,0.9172,0.1263,0.010191,4.376
893523,520,469,989,214,17,146,348.60,0.9545,0.5166,0.167747,0,5,29,261.26,1.0000,0.0449,0.001972,4.190
893533,520,419,939,188,107,106,21.24,0.4940,0.5568,0.222488,3,32,2,142.12,0.9836,0.1110,0.010567,4.499
893545,520,311,831,182,129,253,301.71,0.9503,0.6602,0.327378,10,59,52,181.10,0.8467,0.2185,0.034402,4.471
893552,520,362,882,219,70,226,326.02,0.9043,0.6074,0.249334,63,14,81,314.97,0.7990,0.1828,0.019650,4.298
893572,520,381,901,204,100,178,337.72,0.6595,0.5960,0.251677,50,34,7,77.21,0.7324,0.1623,0.018376,4.412
893578,520,445,965,243,0,9,28.68,1.0000,0.5424,0.190779,9,19,23,225.00,0.3197,0.0811,0.005857,4.311
893580,520,350,870,254,92,31,38.32,0.9933,0.6318,0.288276,34,47,43,174.11,0.2060,0.1897,0.025475,4.482
893601,520,43,563,245,236,250,313.83,0.6425,0.9466,0.863057,11,127,44,146.56,0.9924,0.4448,0.154311,4.469
893603,520,444,964,162,89,218,307.70,0.7638,0.5431,0.198887,7,19,21,208.90,0.3888,0.0789,0.005650,4.472
893621,520,408,928,251,30,30,28.21,0.9857,0.5694,0.215352,36,18,65,297.07,0.7013,0.1343,0.011893,4.287
893629,520,446,966,204,63,161,342.41,0.7825,0.5374,0.189675,3,19,21,205.16,0.6564,0.0761,0.005392,4.327
893635,520,290,810,231,101,253,321.62,0.9882,0.6791,0.333901,10,49,126,262.04,0.9338,0.2440,0.037673,4.379
893648,520,382,902,243,62,156,353.79,0.8988,0.6044,0.249033,25,32,78,272.82,0.6721,0.1637,0.017897,4.404
893649,520,445,965,173,88,199,317.70,0.7056,0.5435,0.199881,23,13,32,307.15,0.4706,0.0847,0.005743,4.483
893675,520,413,933,201,63,227,320.76,0.8963,0.5726,0.215201,47,17,14,27.58,0.5815,0.1210,0.010370,4.393
893682,520,372,892,250,85,4,39.04,0.9966,0.6142,0.268332,28,45,21,137.10,0.5816,0.1719,0.021777,4.435
893688,520,393,913,208,43,254,317.03,0.9951,0.5880,0.222950,55,14,32,356.39,0.6504,0.1366,0.012307,4.381
893695,520,438,958,240,32,37,27.21,0.9774,0.5477,0.196952,34,12,4,43.12,0.6716,0.0877,0.006118,4.401
893697,520,464,984,197,26,201,327.16,0.9462,0.5208,0.168278,2,9,22,254.83,0.6641,0.0514,0.002662,4.145
893707,520,416,936,229,8,199,335.93,0.9922,0.5720,0.209578,52,9,22,6.51,0.7240,0.1204,0.009835,4.338
893715,520,476,996,177,50,215,316.90,0.8841,0.5139,0.165357,0,1,16,263.65,1.0015,0.0242,0.000591,4.257
893737,520,477,997,133,98,197,297.86,0.6294,0.5090,0.177532,2,2,2,0.00,0.0000,0.0229,0.000607,4.496
893738,520,399,919,240,73,49,31.26,0.9293,0.5834,0.235153,53,23,21,25.13,0.5018,0.1446,0.014239,4.439
893739,520,388,908,217,71,205,331.38,0.8576,0.5923,0.236680,4,42,2,141.87,0.9899,0.1456,0.016861,4.288
893776,520,359,879,245,92,65,32.24,0.9310,0.6186,0.274516,21,51,1,135.84,0.9931,0.1841,0.025292,4.310
893780,520,465,985,144,94,210,301.13,0.7067,0.5234,0.185881,16,4,23,312.51,0.6507,0.0540,0.002589,4.485
893800,520,307,827,251,96,192,345.64,0.9550,0.6708,0.326837,16,65,2,139.95,0.9946,0.2302,0.038950,4.237
893808,520,394,914,216,82,173,342.41,0.7613,0.5865,0.236527,39,29,23,52.49,0.2241,0.1375,0.013720,4.497
893821,520,326,846,212,108,232,320.96,0.8460,0.6493,0.305498,7,56,62,207.44,0.8493,0.2124,0.032212,4.324
893834,520,427,947,210,68,171,340.64,0.7909,0.5585,0.207782,35,17,2,61.65,0.7902,0.0987,0.007627,4.473
893837,520,318,838,252,110,100,26.51,0.9621,0.6628,0.327706,23,55,76,240.00,0.5771,0.2232,0.034362,4.477
893847,520,430,950,206,19,225,323.50,0.9809,0.5512,0.190256,30,6,54,301.70,0.8236,0.0988,0.006726,4.235
893848,520,364,884,250,53,153,355.57,0.9540,0.6089,0.251735,23,44,43,191.81,0.3748,0.1723,0.021579,4.215
893858,520,272,792,254,92,252,328.31,0.9965,0.7020,0.357562,36,62,83,244.17,0.4338,0.2556,0.044447,4.315
893864,520,475,995,167,83,185,320.29,0.6769,0.5182,0.179056,11,1,1,24.44,0.7759,0.0306,0.000951,4.496
893872,520,343,863,247,33,227,332.96,0.9829,0.6292,0.264109,52,39,41,8.05,0.1718,0.1863,0.023413,4.279
893881,520,394,914,220,11,245,322.49,0.9949,0.5880,0.220496,22,36,1,128.49,0.9736,0.1353,0.014345,4.204
893883,520,443,963,158,86,231,303.49,0.8275,0.5430,0.196946,7,16,36,263.72,0.5945,0.0796,0.005431,4.455
893895,520,447,967,218,72,16,37.69,0.9686,0.5377,0.195801,16,13,32,289.00,0.4718,0.0773,0.005023,4.467
893907,520,306,826,255,64,247,329.95,1.0000,0.6740,0.316452,53,55,43,115.22,0.1804,0.2316,0.036637,4.230
893925,520,366,886,233,30,237,327.33,0.9830,0.6101,0.243691,53,34,31,29.13,0.2836,0.1718,0.019999,4.196
893926,520,475,995,219,31,123,358.52,0.9157,0.5228,0.174727,5,1,19,292.77,0.8482,0.0326,0.001010,4.406
893958,520,328,848,242,114,76,37.24,0.8755,0.6486,0.314366,12,59,3,140.71,0.9908,0.2079,0.032125,4.437
893964,520,480,1000,224,17,29,27.09,0.9879,0.5065,0.163398,0,0,0,0.00,0.0000,0.0000,0.000000,4.268
893965,520,275,795,238,132,173,356.38,0.7363,0.6979,0.376991,6,67,72,203.69,0.9071,0.2527,0.045207,4.485
893968,520,466,986,205,8,184,334.16,0.9825,0.5181,0.166155,14,4,10,341.54,0.4535,0.0457,0.002021,4.155
893969,520,474,994,219,23,124,357.75,0.9417,0.5194,0.171307,3,2,8,292.37,0.5024,0.0273,0.000803,4.356
893989,520,357,877,217,107,153,355.42,0.6456,0.6165,0.275690,38,43,50,256.79,0.1322,0.1847,0.023701,4.419
894001,520,310,830,240,120,86,36.70,0.8392,0.6570,0.326328,41,58,11,127.41,0.8579,0.2226,0.035216,4.416
894003,520,429,949,202,71,176,336.54,0.7694,0.5510,0.201994,21,2,70,283.58,0.9734,0.0995,0.006450,4.464
894005,520,400,920,252,14,108,8.62,0.9895,0.5787,0.220959,4,3,104,265.95,0.9963,0.1361,0.010903,4.449
894016,520,376,896,227,70,191,338.51,0.8591,0.6001,0.244752,38,36,24,99.75,0.2587,0.1553,0.017398,4.373
894027,520,479,999,181,40,217,318.01,0.9187,0.5138,0.163523,3,0,0,29.23,1.0000,0.0143,0.000194,4.254
894040,520,388,908,231,74,144,356.98,0.8131,0.5902,0.239028,72,3,6,25.82,0.9693,0.1530,0.014562,4.477
894044,520,474,994,222,43,71,19.16,0.9212,0.5221,0.177150,11,2,0,49.03,1.0000,0.0332,0.001146,4.441
894055,520,448,968,179,76,203,319.59,0.7724,0.5373,0.190655,39,4,0,35.44,1.0000,0.0820,0.005182,4.361
894060,520,423,943,238,50,69,21.89,0.9358,0.5596,0.208912,51,4,22,2.62,0.8119,0.1118,0.008487,4.427
894071,520,470,990,190,71,150,343.22,0.7057,0.5175,0.176572,11,3,19,307.71,0.6524,0.0441,0.001833,4.371
894105,520,430,950,207,55,187,334.01,0.8501,0.5489,0.195876,20,21,39,280.32,0.3879,0.1032,0.008315,4.216
894108,520,376,896,247,54,139,359.88,0.9301,0.5987,0.242799,68,18,8,33.31,0.8368,0.1618,0.016793,4.384
894110,520,376,896,251,56,128,4.58,0.9611,0.6043,0.248996,19,40,51,232.90,0.4536,0.1615,0.018950,4.336
894112,520,442,962,114,102,249,281.64,0.9367,0.5382,0.199192,15,18,20,236.96,0.0947,0.0818,0.005847,4.462
894113,520,13,533,251,248,242,84.57,0.4449,0.9764,0.940550,53,133,15,138.58,0.9870,0.4731,0.175658,4.390
894116,520,351,871,250,26,219,335.58,0.9873,0.6270,0.261804,23,48,56,220.83,0.4483,0.1907,0.025815,4.113
894122,520,209,729,255,161,120,44.11,1.0000,0.7616,0.481084,12,82,97,216.71,0.8719,0.3145,0.069755,4.435
894137,520,394,914,245,43,143,357.33,0.9354,0.5886,0.231267,19,35,47,242.03,0.3989,0.1446,0.015457,4.297
894162,520,462,982,192,34,217,321.42,0.9405,0.5281,0.173617,9,9,4,108.06,0.3130,0.0504,0.002622,4.249
894180,520,410,930,236,63,76,21.79,0.9007,0.5687,0.219127,32,28,27,34.30,0.0725,0.1276,0.012167,4.329
894204,520,362,882,252,6,191,343.22,0.9966,0.6103,0.245907,11,50,38,168.78,0.8029,0.1836,0.024922,3.950
894210,520,474,994,158,54,247,303.19,0.9547,0.5168,0.166233,5,0,24,289.10,1.0000,0.0334,0.000982,4.241
894232,520,370,890,201,92,233,317.87,0.8607,0.6111,0.259563,46,39,17,92.17,0.5035,0.1717,0.020724,4.377
894249,520,320,840,240,117,51,45.70,0.8976,0.6474,0.314897,3,54,75,232.26,0.9182,0.2125,0.031655,4.469
894256,520,414,934,226,74,114,8.58,0.7982,0.5710,0.222838,9,29,42,239.73,0.5757,0.1187,0.011039,4.470
894270,520,392,912,229,49,192,338.23,0.9170,0.5857,0.226630,35,34,31,91.59,0.0610,0.1485,0.016003,4.191
894291,520,400,920,200,73,230,319.31,0.8799,0.5837,0.227591,59,9,46,340.49,0.7540,0.1450,0.013226,4.390
894293,520,398,918,221,8,238,324.33,0.9957,0.5839,0.217210,21,34,47,249.17,0.3572,0.1431,0.015087,4.105
894294,520,466,986,207,62,98,10.18,0.7867,0.5170,0.175947,7,0,41,280.63,1.0000,0.0508,0.002053,4.341
894343,520,74,594,210,238,203,139.43,0.5399,0.9062,0.791619,12,121,1,141.98,0.9994,0.4217,0.137545,4.488
894354,520,445,965,203,7,217,324.74,0.9918,0.5370,0.178600,12,12,46,277.44,0.7330,0.0824,0.005383,4.128
894357,520,331,851,253,92,103,19.96,0.9752,0.6395,0.295196,44,47,53,264.39,0.0965,0.2033,0.028255,4.411
894359,520,443,963,191,80,170,335.52,0.6974,0.5416,0.197174,1,21,20,190.78,0.8997,0.0799,0.005933,4.419
894370,520,418,938,210,62,183,336.26,0.8276,0.5585,0.205678,30,27,6,101.45,0.6496,0.1172,0.010730,4.210
894375,520,283,803,214,143,183,345.01,0.5222,0.6896,0.373614,14,70,35,151.48,0.9419,0.2514,0.045948,4.415
894378,520,454,974,200,87,36,42.17,0.8518,0.5279,0.192251,35,0,15,357.11,1.0000,0.0713,0.003919,4.493
894384,520,451,971,227,35,113,4.03,0.9222,0.5376,0.187280,19,12,9,44.53,0.2282,0.0682,0.004211,4.377
894398,520,421,941,205,99,4,51.35,0.9836,0.5554,0.219136,9,28,34,221.02,0.5163,0.1114,0.010040,4.483
894401,520,400,920,222,83,141,357.63,0.7477,0.5843,0.236416,0,34,61,246.91,1.0000,0.1416,0.014809,4.419
894403,520,474,994,226,30,57,22.15,0.9643,0.5196,0.173956,9,0,13,319.14,1.0000,0.0307,0.000871,4.402
894404,520,379,899,251,73,25,34.66,0.9801,0.6026,0.253481,27,36,56,265.23,0.3704,0.1587,0.017802,4.476
894416,520,469,989,197,43,183,332.32,0.8669,0.5191,0.170187,5,2,20,288.93,0.7688,0.0361,0.001262,4.295
894418,520,421,941,247,13,89,13.80,0.9901,0.5633,0.207868,29,20,41,302.76,0.4286,0.1116,0.009216,4.355
894424,520,459,979,185,51,215,319.40,0.8867,0.5274,0.175895,15,11,6,75.83,0.2679,0.0609,0.003541,4.219
894429,520,423,943,241,46,30,29.80,0.9687,0.5581,0.207518,17,21,46,274.39,0.5238,0.1054,0.008527,4.400
894454,520,422,942,186,74,219,317.63,0.8320,0.5562,0.204523,5,31,5,143.17,0.9551,0.1094,0.010232,4.226
894456,520,467,987,216,61,38,31.47,0.9209,0.5221,0.180789,6,1,26,288.45,0.9074,0.0387,0.001350,4.494
894472,520,342,862,250,39,206,339.04,0.9722,0.6251,0.262345,52,42,37,48.11,0.1596,0.1926,0.025196,4.154
894476,520,452,972,188,38,224,318.43,0.9377,0.5293,0.174607,7,7,42,275.18,0.8445,0.0661,0.003643,4.187
894501,520,410,930,181,76,246,309.30,0.9331,0.5715,0.216473,40,22,36,335.21,0.3744,0.1275,0.011524,4.331
894503,520,433,953,226,20,165,345.23,0.9643,0.5504,0.193883,47,4,0,33.62,1.0000,0.0980,0.006913,4.285
894504,520,317,837,244,70,250,326.57,0.9825,0.6629,0.305181,62,49,29,77.61,0.3962,0.2221,0.033095,4.274
894506,520,38,558,241,244,209,111.24,0.6543,0.9486,0.880057,15,129,13,142.52,0.9930,0.4493,0.158305,4.465
894533,520,478,998,172,19,238,310.90,0.9806,0.5063,0.154104,1,1,10,275.68,0.8223,0.0220,0.000501,4.042
894535,520,250,770,196,155,240,305.75,0.7483,0.7188,0.414702,25,75,32,146.05,0.9120,0.2717,0.053429,4.493
894545,520,359,879,243,94,40,38.60,0.9391,0.6153,0.272164,17,38,88,264.12,0.7825,0.1824,0.022099,4.468
894555,520,450,970,235,20,75,17.02,0.9793,0.5372,0.186736,24,9,15,355.13,0.4043,0.0704,0.004241,4.365
894557,520,378,898,243,73,89,19.90,0.9120,0.5952,0.245443,61,22,13,34.36,0.6868,0.1554,0.015951,4.480
894566,520,478,998,209,5,167,340.31,0.9868,0.5147,0.164561,1,1,15,273.08,0.9139,0.0250,0.000626,4.238
894567,520,334,854,227,122,62,48.07,0.8079,0.6368,0.306001,1,57,22,150.08,0.9956,0.2000,0.029905,4.455
894579,520,477,997,144,88,209,302.43,0.7247,0.5121,0.175125,1,0,14,276.73,1.0000,0.0206,0.000382,4.468
894642,520,440,960,197,26,234,318.86,0.9733,0.5456,0.185511,26,14,34,310.58,0.4786,0.0914,0.006492,4.169
894672,520,437,957,219,76,57,30.54,0.8593,0.5484,0.205269,11,22,30,240.99,0.3653,0.0937,0.007387,4.448
894674,520,357,877,215,79,238,321.54,0.9162,0.6187,0.262138,55,16,91,302.57,0.8225,0.1817,0.019382,4.499
894681,520,454,974,210,55,148,348.55,0.8131,0.5338,0.185743,1,2,56,265.71,0.9913,0.0666,0.003354,4.419
894697,520,296,816,246,93,234,330.99,0.9584,0.6803,0.333647,28,65,0,135.77,1.0000,0.2355,0.040273,4.250
894704,520,325,845,246,107,87,30.35,0.9141,0.6457,0.307994,53,49,25,100.00,0.4481,0.2098,0.030237,4.462
894713,520,448,968,200,78,146,348.88,0.6965,0.5420,0.198053,3,13,50,265.05,0.8989,0.0818,0.005375,4.480
894724,520,444,964,233,34,64,21.08,0.9604,0.5375,0.188409,4,19,23,215.99,0.5812,0.0777,0.005534,4.293
894730,520,359,879,251,85,82,25.27,0.9670,0.6229,0.276188,11,46,59,226.72,0.7052,0.1805,0.023408,4.444
894733,520,71,591,232,227,235,313.21,0.2009,0.9092,0.780922,24,116,98,175.89,0.8925,0.4244,0.135662,4.475
894734,520,323,843,232,73,249,323.71,0.9744,0.6460,0.287627,48,47,61,288.14,0.1914,0.2114,0.029983,4.221
894739,520,1,521,255,255,255,0.00,0.0000,1.0000,1.000000,13,139,3,142.16,0.9986,0.4818,0.185566,4.457
894741,520,385,905,236,80,75,25.94,0.8848,0.5879,0.240812,13,42,2,138.07,0.9841,0.1495,0.017458,4.311
894751,520,409,929,251,32,25,28.95,0.9861,0.5700,0.216162,53,19,2,46.45,0.8699,0.1333,0.012271,4.274
894759,520,281,801,238,107,232,329.31,0.9174,0.6851,0.345210,38,59,82,251.51,0.3999,0.2477,0.041491,4.320
894772,520,417,937,217,17,223,326.83,0.9856,0.5682,0.204824,28,27,19,101.60,0.2024,0.1178,0.010778,4.193
894787,520,393,913,216,21,247,320.98,0.9887,0.5854,0.218526,33,18,78,287.74,0.7889,0.1431,0.013060,4.258
894789,520,446,966,201,26,215,324.57,0.9614,0.5378,0.180643,16,15,23,290.30,0.2218,0.0768,0.005137,4.183
894795,520,416,936,236,65,39,31.60,0.9435,0.5658,0.217630,55,6,9,22.67,0.8705,0.1194,0.009623,4.489
894800,520,458,978,235,14,2,29.63,0.9983,0.5280,0.179839,16,9,17,322.25,0.3034,0.0615,0.003460,4.299
894820,520,438,958,216,14,199,332.77,0.9812,0.5493,0.190388,15,19,23,248.39,0.1496,0.0855,0.006292,4.270
894827,520,390,910,242,63,112,9.81,0.8968,0.5885,0.236053,11,19,101,268.10,0.9591,0.1547,0.014764,4.417
894833,520,465,985,182,17,232,315.23,0.9816,0.5162,0.161734,13,1,30,300.12,0.9014,0.0488,0.002010,4.071
894848,520,436,956,214,24,202,331.45,0.9638,0.5509,0.192158,10,8,64,273.25,0.9373,0.0925,0.006083,4.318
894850,520,452,972,191,53,202,324.75,0.8598,0.5296,0.178883,14,3,47,286.00,0.9079,0.0690,0.003637,4.267
894855,520,447,967,219,14,168,342.55,0.9725,0.5367,0.182037,20,18,1,104.12,0.8746,0.0813,0.005835,4.156
894863,520,462,982,202,38,184,333.42,0.8931,0.5251,0.174053,0,4,38,263.55,1.0011,0.0503,0.002268,4.287
894865,520,405,925,214,81,167,344.14,0.7502,0.5790,0.229731,39,27,25,29.39,0.2129,0.1331,0.012854,4.450
894867,520,478,998,222,33,69,18.62,0.9468,0.5149,0.170497,0,1,7,260.32,1.0000,0.0186,0.000370,4.378
894870,520,465,985,220,50,40,28.73,0.9342,0.5193,0.176527,0,13,13,194.77,1.0000,0.0549,0.003169,4.261
894884,520,377,897,178,97,248,305.89,0.9201,0.5978,0.247923,3,44,21,153.78,0.9695,0.1553,0.018748,4.334
894918,520,479,999,194,38,188,329.93,0.8883,0.5134,0.164881,0,0,2,264.05,1.0000,0.0079,0.000044,4.294
894926,520,463,983,219,21,146,349.87,0.9487,0.5279,0.176742,8,0,39,283.77,1.0000,0.0497,0.001981,4.362
894938,520,452,972,203,32,201,328.78,0.9347,0.5343,0.179484,24,9,11,11.79,0.3996,0.0691,0.004138,4.239
894940,520,361,881,225,52,247,322.81,0.9686,0.6159,0.251810,23,48,7,135.68,0.9340,0.1759,0.023113,4.128
894945,520,451,971,223,20,160,346.13,0.9597,0.5421,0.187289,5,3,52,271.85,0.9708,0.0670,0.003453,4.439
894950,520,424,944,210,51,202,330.33,0.8923,0.5599,0.203355,30,20,30,326.42,0.2755,0.1068,0.008701,4.316
894954,520,400,920,249,28,100,11.35,0.9728,0.5751,0.218939,16,34,39,217.61,0.4025,0.1355,0.014007,4.202
894978,520,430,950,226,19,169,343.97,0.9677,0.5521,0.195017,32,10,39,317.29,0.6429,0.0957,0.006707,4.321
894980,520,401,921,225,32,213,331.29,0.9646,0.5811,0.218471,40,26,34,344.02,0.2616,0.1355,0.013054,4.258
895000,520,201,721,237,157,232,328.93,0.8657,0.7663,0.479463,39,79,91,219.69,0.4905,0.3121,0.067784,4.495
895024,520,403,923,194,84,212,321.81,0.7921,0.5764,0.225648,3,32,55,246.31,0.8294,0.1329,0.013281,4.356
895050,520,405,925,206,82,187,334.08,0.7591,0.5774,0.227460,15,36,19,148.59,0.6444,0.1337,0.014103,4.328
895056,520,428,948,232,26,159,348.63,0.9557,0.5613,0.204006,43,7,27,349.94,0.6994,0.1025,0.007448,4.422
895067,520,453,973,233,27,68,19.35,0.9699,0.5346,0.185280,22,10,22,326.84,0.4086,0.0725,0.004456,4.321
895068,520,376,896,222,40,239,324.08,0.9688,0.5977,0.232813,26,41,34,164.10,0.3003,0.1616,0.019209,4.086
895087,520,463,983,220,58,50,27.90,0.9085,0.5281,0.184747,20,1,24,321.46,0.8360,0.0531,0.002364,4.483
895096,520,407,927,255,12,50,24.17,1.0000,0.5735,0.217571,35,21,51,303.73,0.5315,0.1276,0.011327,4.363
895112,520,389,909,238,45,173,346.10,0.9276,0.5895,0.230740,17,34,57,256.39,0.5347,0.1467,0.015586,4.281
895125,520,408,928,233,76,24,36.61,0.9639,0.5717,0.225614,57,14,5,34.40,0.8456,0.1333,0.011950,4.449
895126,520,454,974,216,26,154,346.57,0.9308,0.5279,0.176732,8,15,13,175.53,0.2402,0.0663,0.004223,4.181
895150,520,368,888,181,99,253,305.67,0.9727,0.6083,0.258399,64,27,9,44.53,0.7339,0.1698,0.018937,4.474
895152,520,387,907,200,69,241,316.80,0.9247,0.5873,0.228879,66,6,26,7.28,0.8330,0.1472,0.013633,4.383
895154,520,424,944,174,74,252,305.92,0.9743,0.5644,0.209252,48,4,36,341.31,0.7918,0.1122,0.008427,4.437
895159,520,393,913,241,75,65,27.75,0.9241,0.5896,0.241178,11,40,3,139.15,0.9759,0.1419,0.015953,4.415
895160,520,478,998,165,49,228,309.86,0.9078,0.5053,0.157982,0,1,5,257.10,0.9999,0.0173,0.000327,4.133
895168,520,296,816,221,115,244,320.23,0.9189,0.6795,0.341669,52,59,20,118.27,0.6644,0.2371,0.039085,4.397
895176,520,457,977,182,68,207,319.90,0.8136,0.5345,0.185855,11,9,20,291.71,0.3530,0.0581,0.003170,4.436
895182,520,442,962,168,89,195,316.82,0.6817,0.5355,0.194105,10,11,42,276.38,0.7221,0.0757,0.004710,4.462
895187,520,405,925,248,49,48,27.19,0.9703,0.5762,0.223700,51,14,39,342.41,0.6365,0.1325,0.011645,4.440
895196,520,324,844,221,122,153,0.90,0.6151,0.6484,0.315931,1,60,33,156.62,0.9937,0.2130,0.033478,4.384
895209,520,367,887,220,64,237,323.62,0.9328,0.6106,0.249988,74,8,46,351.21,0.8019,0.1742,0.018270,4.394
895214,520,370,890,214,86,209,329.23,0.8196,0.6076,0.255570,41,26,84,290.11,0.7099,0.1717,0.018503,4.461
895215,520,451,971,154,73,254,299.00,0.9909,0.5390,0.187912,28,7,17,352.06,0.5476,0.0732,0.004393,4.374
895231,520,392,912,183,92,232,311.89,0.8331,0.5854,0.235487,6,27,85,264.19,0.9140,0.1487,0.014784,4.407
895234,520,457,977,181,62,212,318.46,0.8440,0.5297,0.180236,10,6,40,281.51,0.8046,0.0648,0.003480,4.305
895290,520,304,824,245,81,236,330.20,0.9583,0.6665,0.313561,62,47,63,324.29,0.2496,0.2290,0.034161,4.320
895304,520,391,911,250,57,30,31.24,0.9791,0.5852,0.233476,38,31,35,342.77,0.1277,0.1456,0.015134,4.352
895315,520,382,902,237,59,169,347.79,0.8890,0.5964,0.239999,46,24,65,306.60,0.6052,0.1582,0.016158,4.383
895319,520,443,963,142,91,238,295.29,0.8518,0.5374,0.194061,35,1,32,331.98,0.8689,0.0815,0.004834,4.451
895326,520,447,967,169,82,212,312.80,0.7680,0.5375,0.192238,17,4,55,285.17,0.9115,0.0817,0.004818,4.419
895342,520,453,973,216,66,51,29.51,0.8835,0.5293,0.187369,26,10,6,36.90,0.4884,0.0724,0.004499,4.355
895347,520,454,974,236,2,44,24.18,0.9987,0.5300,0.180614,1,12,35,258.07,0.8919,0.0655,0.003907,4.278
895354,520,464,984,207,61,110,4.61,0.7819,0.5195,0.177308,10,8,2,97.09,0.5286,0.0484,0.002426,4.336
895375,520,422,942,216,16,218,327.82,0.9849,0.5626,0.200336,38,10,48,315.93,0.7129,0.1109,0.008426,4.285
895381,520,457,977,229,19,113,3.47,0.9668,0.5343,0.183189,14,10,13,334.88,0.1478,0.0600,0.003395,4.367
895387,520,379,899,240,61,169,348.59,0.8923,0.6036,0.247303,27,37,59,264.94,0.3988,0.1633,0.018719,4.326
895392,520,364,884,240,79,142,0.30,0.8519,0.6113,0.260732,63,29,10,47.53,0.7046,0.1722,0.019576,4.466
895402,520,451,971,192,55,205,324.16,0.8609,0.5352,0.183481,19,12,15,351.14,0.1967,0.0701,0.004359,4.295
895416,520,390,910,181,93,243,308.47,0.8901,0.5921,0.241243,36,29,53,296.42,0.3977,0.1477,0.015108,4.473
895418,520,319,839,215,96,255,316.61,1.0000,0.6510,0.300343,28,58,41,157.41,0.5527,0.2191,0.034330,4.154
895421,520,373,893,242,17,205,337.36,0.9888,0.6015,0.236889,0,32,84,259.26,1.0000,0.1568,0.016730,4.299
895436,520,480,1000,201,31,164,339.46,0.8943,0.5071,0.160798,0,0,0,0.00,0.0000,0.0000,0.000000,4.216
895440,520,467,987,197,20,199,327.74,0.9600,0.5170,0.164959,10,1,14,318.13,0.7681,0.0353,0.001180,4.200
895443,520,480,1000,183,20,219,318.56,0.9697,0.5080,0.156833,0,0,0,0.00,0.0000,0.0000,0.000000,4.137
895448,520,384,904,198,65,252,313.90,0.9809,0.5886,0.228159,20,0,113,272.33,1.0000,0.1547,0.013409,4.387
895453,520,451,971,241,23,4,29.96,0.9968,0.5440,0.193257,10,13,29,274.10,0.4556,0.0705,0.004411,4.471
895468,520,365,885,221,84,204,332.93,0.8310,0.6132,0.260745,22,46,20,142.32,0.7255,0.1707,0.021750,4.331
895483,520,451,971,216,32,165,343.06,0.9170,0.5365,0.183509,22,12,11,25.49,0.2672,0.0723,0.004577,4.279
895489,520,467,987,214,56,98,10.14,0.8297,0.5239,0.180087,4,1,30,279.17,0.9528,0.0399,0.001413,4.475
895516,520,465,985,173,39,242,309.75,0.9521,0.5216,0.167470,13,0,34,296.98,1.0000,0.0498,0.002011,4.181
895519,520,406,926,199,55,250,315.05,0.9730,0.5795,0.217780,62,0,34,353.87,1.0000,0.1348,0.011398,4.361
895520,520,408,928,242,51,56,25.61,0.9482,0.5666,0.215338,31,31,23,107.47,0.1812,0.1332,0.013331,4.190
895543,520,349,869,230,73,221,330.35,0.9087,0.6251,0.268109,88,0,22,16.57,1.0000,0.1901,0.021330,4.460
895567,520,316,836,254,85,179,350.01,0.9871,0.6569,0.308257,68,40,58,341.38,0.3687,0.2187,0.030521,4.449
895570,520,478,998,206,9,161,341.49,0.9738,0.5065,0.158925,2,1,3,309.84,0.4147,0.0195,0.000412,4.144
895575,520,470,990,172,40,239,310.06,0.9465,0.5182,0.165211,18,0,18,328.36,1.0000,0.0445,0.001723,4.161
895587,520,451,971,222,63,47,29.75,0.9079,0.5370,0.192925,27,4,29,324.68,0.7234,0.0721,0.004086,4.491
895590,520,470,990,167,50,241,307.58,0.9318,0.5204,0.168483,18,0,16,332.06,1.0000,0.0435,0.001660,4.229
895613,520,447,967,126,102,233,287.69,0.8058,0.5361,0.198213,17,19,11,119.41,0.2614,0.0832,0.006091,4.425
895631,520,479,999,223,28,62,20.36,0.9626,0.5130,0.168691,1,0,3,302.89,1.0000,0.0124,0.000130,4.362
895637,520,454,974,211,76,7,40.46,0.9821,0.5295,0.190354,12,16,0,119.50,1.0000,0.0683,0.004487,4.411
895643,520,480,1000,182,28,221,317.63,0.9544,0.5115,0.159973,0,0,0,0.00,0.0000,0.0000,0.000000,4.199
895644,520,411,931,232,64,117,6.56,0.8490,0.5720,0.221098,21,32,8,129.80,0.7017,0.1232,0.012100,4.366
895654,520,446,966,211,68,134,355.88,0.7645,0.5435,0.197065,17,13,37,288.27,0.5511,0.0815,0.005406,4.459
895671,520,419,939,204,89,125,2.87,0.6477,0.5567,0.214647,32,23,7,80.62,0.5583,0.1094,0.009352,4.459
895680,520,249,769,250,151,39,62.42,0.9537,0.7249,0.426064,18,80,21,143.66,0.9705,0.2845,0.059198,4.360
895693,520,450,970,240,7,39,25.44,0.9962,0.5392,0.188271,17,5,38,295.62,0.7711,0.0676,0.003677,4.439
895696,520,343,863,250,65,169,351.03,0.9515,0.6253,0.269724,63,27,59,331.62,0.5547,0.1854,0.021565,4.468
895698,520,476,996,146,63,242,299.42,0.9239,0.5060,0.160771,0,0,9,264.05,1.0000,0.0151,0.000197,4.199
895703,520,411,931,239,5,165,347.94,0.9944,0.5720,0.211789,11,22,65,267.97,0.8150,0.1196,0.010266,4.344
895708,520,472,992,216,41,120,359.75,0.8743,0.5221,0.175433,4,2,14,291.07,0.6672,0.0314,0.001009,4.419
895739,520,464,984,210,69,15,37.67,0.9658,0.5185,0.179947,3,2,41,271.32,0.9713,0.0516,0.002229,4.403
895769,520,445,965,199,46,199,328.11,0.8860,0.5352,0.182213,14,18,5,122.34,0.5332,0.0765,0.005369,4.194
895780,520,413,933,225,35,196,335.92,0.9466,0.5721,0.211976,19,21,64,275.81,0.7243,0.1218,0.010449,4.334
895786,520,455,975,216,64,36,32.62,0.9227,0.5253,0.183956,14,0,43,290.71,1.0000,0.0592,0.002678,4.441
895796,520,436,956,243,22,13,29.32,0.9904,0.5482,0.196610,26,2,55,297.58,0.9324,0.0885,0.005389,4.452
895814,520,319,839,227,84,244,323.30,0.9479,0.6466,0.292052,83,19,75,333.50,0.7470,0.2193,0.028130,4.378
895822,520,398,918,235,34,168,346.65,0.9448,0.5750,0.216363,35,28,46,301.72,0.3260,0.1400,0.013851,4.172
895823,520,445,965,181,68,211,318.43,0.8229,0.5358,0.186623,24,0,52,298.11,1.0000,0.0796,0.004421,4.348
895833,520,369,889,236,54,198,338.26,0.9251,0.6052,0.245511,28,35,73,273.00,0.5672,0.1690,0.019299,4.264
895846,520,430,950,197,83,155,344.34,0.6745,0.5482,0.204250,22,20,27,298.16,0.1717,0.0963,0.007500,4.422
895868,520,460,980,221,9,158,346.14,0.9817,0.5342,0.180387,11,10,10,17.35,0.0296,0.0562,0.003101,4.339
895877,520,415,935,230,55,139,356.64,0.8656,0.5673,0.214222,37,14,51,310.44,0.6647,0.1176,0.009464,4.443
895892,520,451,971,190,37,233,316.89,0.9515,0.5391,0.181548,10,6,50,277.59,0.8934,0.0742,0.004251,4.268
895893,520,397,917,215,63,208,329.95,0.8797,0.5827,0.225582,6,16,98,266.57,0.9712,0.1441,0.012910,4.381
895954,520,437,957,241,30,47,25.22,0.9778,0.5498,0.198379,24,7,49,296.77,0.7880,0.0883,0.005679,4.461
895975,520,448,968,230,40,81,16.26,0.9337,0.5383,0.189376,18,15,26,296.54,0.2919,0.0801,0.005448,4.317
895983,520,411,931,237,57,97,13.73,0.8966,0.5693,0.217969,29,29,17,108.02,0.3044,0.1238,0.011804,4.336
895986,520,460,980,205,5,197,330.49,0.9912,0.5259,0.171208,12,10,18,295.74,0.2612,0.0601,0.003389,4.143
896002,520,449,969,194,4,243,316.27,0.9971,0.5418,0.180286,10,9,45,277.28,0.7978,0.0747,0.004493,4.226
896007,520,269,789,247,111,222,335.11,0.9463,0.6989,0.364195,46,59,95,267.98,0.4326,0.2620,0.045349,4.344
896012,520,346,866,211,117,158,353.41,0.5765,0.6267,0.290418,18,52,32,155.14,0.7403,0.1913,0.026888,4.427
896025,520,432,952,223,46,137,355.16,0.8738,0.5459,0.194507,10,12,64,272.07,0.9086,0.0987,0.006976,4.291
896041,520,392,912,186,84,244,310.76,0.9141,0.5870,0.233123,52,9,74,310.68,0.8333,0.1535,0.014199,4.410
896056,520,271,791,237,113,242,325.99,0.9351,0.6977,0.362277,53,67,9,122.77,0.8944,0.2615,0.047909,4.211
896058,520,432,952,168,99,185,319.47,0.5969,0.5466,0.207521,0,14,69,263.22,1.0005,0.1017,0.007437,4.484
896066,520,425,945,200,77,191,330.69,0.7722,0.5636,0.213503,33,20,35,321.99,0.3622,0.1131,0.009450,4.432
896083,520,353,873,251,41,185,345.19,0.9717,0.6171,0.256012,6,15,123,265.92,0.9855,0.1772,0.018103,4.493
896089,520,457,977,227,41,50,25.21,0.9505,0.5275,0.181500,11,8,21,293.59,0.4178,0.0565,0.002990,4.369
896091,520,362,882,236,58,201,337.46,0.9204,0.6100,0.250787,28,39,69,267.40,0.4848,0.1763,0.021275,4.220
896101,520,389,909,242,47,152,353.93,0.9219,0.5890,0.231804,65,11,11,25.49,0.8529,0.1468,0.013875,4.412
896108,520,366,886,211,73,237,320.84,0.9139,0.6054,0.247301,13,41,71,252.59,0.6948,0.1744,0.021263,4.172
896112,520,430,950,238,48,11,32.06,0.9898,0.5525,0.203184,40,1,46,322.16,0.9196,0.1000,0.006701,4.465
896115,520,442,962,195,81,149,346.31,0.6705,0.5393,0.196585,22,15,19,343.35,0.1892,0.0813,0.005592,4.436
896117,520,306,826,247,85,223,334.29,0.9564,0.6666,0.316016,75,29,94,314.54,0.7042,0.2321,0.031829,4.473
896124,520,400,920,196,85,206,324.29,0.7745,0.5769,0.226904,41,6,83,296.19,0.9161,0.1432,0.012262,4.447
896132,520,388,908,223,98,38,42.92,0.8948,0.5860,0.245658,15,32,74,264.69,0.7427,0.1537,0.016289,4.460
896148,520,430,950,239,5,97,10.04,0.9946,0.5468,0.193256,32,19,6,65.47,0.5614,0.0996,0.007860,4.204
896154,520,477,997,118,91,232,286.95,0.8335,0.5070,0.171597,4,0,1,359.68,1.0000,0.0171,0.000280,4.407
896167,520,356,876,246,63,178,347.07,0.9276,0.6203,0.263653,30,44,42,185.25,0.2270,0.1770,0.022445,4.330
896180,520,313,833,238,73,253,324.32,0.9918,0.6581,0.300365,37,58,12,130.83,0.8714,0.2194,0.034459,4.148
896185,520,450,970,182,73,200,321.73,0.7788,0.5359,0.188815,12,17,4,124.99,0.5909,0.0720,0.004878,4.352
896201,520,473,993,200,53,158,341.91,0.8057,0.5186,0.172961,10,1,7,337.87,0.6952,0.0321,0.001016,4.370
896215,520,423,943,237,62,37,31.33,0.9496,0.5645,0.215865,18,30,6,131.20,0.7697,0.1143,0.010703,4.380
896216,520,445,965,213,73,93,15.79,0.7725,0.5402,0.197038,28,6,35,317.28,0.7040,0.0809,0.004985,4.493
896222,520,371,891,234,40,227,329.92,0.9687,0.6099,0.245586,76,2,27,9.18,0.9453,0.1655,0.016593,4.439
896245,520,469,989,196,74,114,3.10,0.6897,0.5171,0.178500,15,0,14,330.38,1.0000,0.0384,0.001333,4.451
896247,520,304,824,202,135,210,323.02,0.6119,0.6708,0.345387,33,62,17,136.20,0.8807,0.2301,0.038090,4.488
896249,520,324,844,217,105,234,322.21,0.8715,0.6530,0.307970,64,44,37,40.11,0.2796,0.2141,0.030250,4.461
896253,520,362,882,247,42,176,347.05,0.9505,0.6059,0.245679,11,27,110,266.69,0.9468,0.1795,0.019807,4.236
896264,520,473,993,209,53,123,358.23,0.8122,0.5196,0.175338,8,0,14,314.33,1.0000,0.0301,0.000833,4.433
896265,520,306,826,247,93,221,335.00,0.9522,0.6748,0.328260,27,61,40,154.78,0.6363,0.2280,0.037236,4.336
896268,520,369,889,243,55,175,346.98,0.9175,0.6068,0.248853,0,50,17,149.44,1.0000,0.1742,0.023216,4.082
896275,520,456,976,214,49,131,355.70,0.8390,0.5287,0.181338,20,9,12,1.81,0.3121,0.0643,0.003707,4.307
896282,520,412,932,252,12,44,25.15,0.9949,0.5665,0.211440,18,32,15,140.09,0.5488,0.1222,0.011961,4.219
896301,520,444,964,232,34,86,14.23,0.9471,0.5398,0.189748,39,5,1,34.44,0.9338,0.0840,0.005421,4.326
896327,520,419,939,233,52,91,14.68,0.9031,0.5557,0.205379,18,24,37,265.04,0.3199,0.1078,0.009154,4.317
896339,520,473,993,216,59,24,33.52,0.9556,0.5188,0.177953,11,1,9,333.46,0.7208,0.0341,0.001126,4.459
896343,520,273,793,196,158,181,341.57,0.3032,0.6986,0.395264,8,75,12,143.39,0.9885,0.2637,0.051101,4.404
896349,520,411,931,208,68,194,332.17,0.8243,0.5677,0.214410,29,29,19,107.77,0.2460,0.1244,0.011870,4.274
896350,520,441,961,225,46,110,5.80,0.8852,0.5402,0.190901,9,16,43,269.35,0.6630,0.0860,0.006031,4.299
896358,520,480,1000,215,32,95,8.46,0.9173,0.5060,0.163088,0,0,0,0.00,0.0000,0.0000,0.000000,4.262
896383,520,387,907,247,64,34,31.93,0.9650,0.5860,0.235599,33,37,28,127.11,0.1908,0.1539,0.017303,4.243
896388,520,469,989,224,27,80,14.70,0.9554,0.5181,0.172132,5,2,30,280.85,0.8952,0.0434,0.001694,4.297
896390,520,479,999,203,22,176,336.06,0.9402,0.5136,0.164069,2,0,0,29.23,1.0000,0.0120,0.000129,4.270
896391,520,456,976,206,75,101,11.75,0.7288,0.5323,0.190956,3,15,7,155.95,0.7028,0.0607,0.003763,4.482
896400,520,404,924,229,56,169,345.75,0.8755,0.5793,0.223536,5,24,73,263.68,0.9102,0.1290,0.011665,4.436
896412,520,342,862,233,72,229,328.99,0.9267,0.6339,0.276179,26,50,33,152.28,0.5206,0.1896,0.026106,4.286
896414,520,425,945,219,20,197,334.08,0.9720,0.5553,0.195939,45,7,25,355.15,0.7111,0.1054,0.007801,4.255
896417,520,375,895,211,78,219,325.45,0.8593,0.5991,0.244139,44,36,28,66.88,0.2049,0.1637,0.018811,4.275
896421,520,380,900,224,41,231,326.48,0.9632,0.5960,0.232049,0,26,103,263.15,1.0004,0.1650,0.017179,4.198
896437,520,471,991,137,77,244,294.40,0.9171,0.5152,0.171578,7,0,35,284.60,1.0000,0.0449,0.001665,4.289
896444,520,411,931,228,47,168,345.46,0.8977,0.5699,0.213568,27,29,17,115.92,0.3061,0.1217,0.011522,4.284
896462,520,396,916,236,58,140,357.77,0.8753,0.5816,0.227554,35,33,20,100.47,0.3044,0.1424,0.014956,4.273
896471,520,379,899,240,66,141,359.01,0.8726,0.5969,0.243478,20,29,84,270.72,0.8008,0.1590,0.016675,4.402
896480,520,377,897,237,5,223,331.66,0.9974,0.6011,0.234435,3,0,125,265.01,1.0000,0.1646,0.014999,4.376
896483,520,378,898,246,46,153,354.35,0.9328,0.5964,0.238500,45,1,100,292.89,0.9902,0.1632,0.014997,4.439
896505,520,391,911,181,100,231,310.58,0.8065,0.5944,0.247084,14,39,27,160.76,0.6211,0.1451,0.016235,4.485
896507,520,420,940,231,35,146,353.04,0.9278,0.5579,0.202692,33,10,52,305.64,0.7405,0.1068,0.007884,4.366
896524,520,337,857,251,39,226,334.11,0.9824,0.6384,0.274544,3,46,89,253.18,0.9223,0.1993,0.026945,4.218
896530,520,362,882,242,20,225,332.31,0.9902,0.6145,0.248167,54,37,43,356.02,0.2349,0.1848,0.022819,4.095
896545,520,448,968,217,54,127,358.45,0.8300,0.5373,0.189248,16,18,6,116.31,0.4602,0.0785,0.005559,4.306
896558,520,365,885,194,96,240,313.43,0.8794,0.6117,0.261274,43,38,32,72.28,0.1358,0.1691,0.020041,4.444
896572,520,420,940,244,23,79,16.90,0.9799,0.5580,0.204138,2,16,70,264.38,0.9472,0.1077,0.008256,4.362
896583,520,314,834,251,107,125,15.16,0.9284,0.6624,0.325084,1,58,59,196.72,0.9803,0.2157,0.033482,4.493
896594,520,387,907,220,18,244,322.67,0.9908,0.5889,0.221820,70,0,13,18.79,1.0000,0.1463,0.013314,4.293
896597,520,472,992,220,18,136,353.49,0.9575,0.5244,0.174284,1,5,4,179.92,0.5753,0.0323,0.001238,4.377
896601,520,449,969,159,88,215,307.36,0.7532,0.5354,0.192572,9,18,5,135.36,0.6151,0.0727,0.005016,4.409
896602,520,463,983,202,55,168,338.93,0.8131,0.5294,0.181180,19,3,19,327.68,0.6709,0.0534,0.002506,4.403
896631,520,409,929,231,44,158,349.37,0.9068,0.5687,0.212617,22,31,25,155.60,0.2280,0.1252,0.012207,4.222
896640,520,279,799,248,133,12,56.30,0.9887,0.6865,0.367610,44,65,46,147.02,0.3806,0.2541,0.045132,4.390
896653,520,442,962,238,10,55,22.18,0.9933,0.5374,0.186734,4,21,12,159.67,0.7290,0.0793,0.005887,4.236
896662,520,294,814,248,90,230,332.61,0.9650,0.6777,0.329847,4,65,67,198.42,0.9363,0.2433,0.042114,4.124
896674,520,466,986,224,41,49,25.35,0.9480,0.5212,0.176577,28,0,1,24.73,1.0000,0.0540,0.002491,4.316
896688,520,424,944,220,52,171,342.68,0.8664,0.5606,0.206143,7,28,32,211.74,0.5832,0.1093,0.009799,4.283
896722,520,307,827,209,128,226,320.49,0.7537,0.6750,0.344859,35,58,67,224.68,0.3442,0.2343,0.037886,4.493
896738,520,0,520,255,255,255,0.00,0.0000,1.0000,1.000000,66,134,44,138.96,0.9167,0.4848,0.183897,4.489
896750,520,316,836,232,115,172,351.36,0.7357,0.6599,0.323981,33,59,3,132.20,0.9763,0.2188,0.034578,4.422
896760,520,433,953,146,92,246,295.29,0.9042,0.5501,0.204192,7,19,54,265.65,0.8018,0.1006,0.007772,4.400
896775,520,397,917,238,60,122,5.08,0.8779,0.5810,0.228170,61,10,9,26.38,0.8562,0.1369,0.012291,4.466
896776,520,345,865,198,110,230,316.33,0.8011,0.6322,0.288719,14,46,76,249.92,0.7024,0.1928,0.025690,4.475
896778,520,454,974,190,8,241,315.58,0.9938,0.5345,0.174730,0,13,40,257.72,1.0000,0.0708,0.004410,4.130
896798,520,447,967,177,61,236,311.25,0.9027,0.5411,0.187417,13,19,6,128.42,0.5178,0.0786,0.005645,4.267
896804,520,408,928,228,18,189,338.50,0.9776,0.5665,0.206033,52,9,34,348.89,0.7154,0.1253,0.010410,4.238
896808,520,425,945,247,24,47,25.00,0.9860,0.5598,0.206362,1,18,72,263.25,0.9783,0.1132,0.009069,4.340
896815,520,476,996,167,43,234,309.46,0.9325,0.5085,0.158846,5,0,11,309.75,1.0000,0.0246,0.000564,4.130
896820,520,477,997,201,46,159,341.56,0.8329,0.5148,0.168766,0,2,2,194.77,1.0000,0.0198,0.000478,4.334
896823,520,319,839,252,59,223,335.21,0.9849,0.6509,0.291542,65,30,96,305.22,0.7035,0.2203,0.028970,4.325
896826,520,413,933,245,54,42,29.00,0.9605,0.5735,0.222214,20,28,38,254.29,0.2727,0.1207,0.011191,4.449
896832,520,447,967,204,74,131,356.47,0.7176,0.5374,0.193756,18,8,48,288.05,0.7814,0.0825,0.005157,4.419
896833,520,404,924,252,46,66,22.93,0.9839,0.5845,0.230465,31,31,23,107.47,0.1812,0.1332,0.013331,4.429
896854,520,431,951,190,60,226,317.79,0.8900,0.5518,0.196711,39,15,1,52.98,0.8748,0.1009,0.007752,4.272
896870,520,476,996,137,83,227,296.55,0.8181,0.5096,0.170510,6,0,8,321.50,1.0000,0.0244,0.000563,4.361
896877,520,422,942,196,66,222,320.43,0.8727,0.5643,0.209075,7,26,42,246.35,0.6226,0.1091,0.009511,4.353
896879,520,369,889,235,26,237,327.83,0.9868,0.6120,0.245179,56,24,54,329.65,0.5504,0.1657,0.017605,4.366
896885,520,381,901,248,68,85,20.57,0.9492,0.5986,0.247500,5,36,71,254.34,0.8396,0.1573,0.017489,4.408
896888,520,372,892,246,27,204,338.57,0.9810,0.6114,0.247394,25,18,111,273.96,0.9476,0.1742,0.017869,4.382
896890,520,223,743,229,152,228,327.21,0.7663,0.7452,0.447174,16,81,77,188.75,0.8454,0.3025,0.065305,4.312
896891,520,421,941,214,4,220,326.86,0.9963,0.5579,0.195524,13,2,83,272.86,0.9918,0.1097,0.007535,4.267
896897,520,323,843,254,52,229,334.09,0.9954,0.6529,0.291871,14,34,126,266.37,0.9426,0.2131,0.027436,4.415
896906,520,479,999,208,40,120,357.96,0.8580,0.5056,0.162858,1,0,2,311.99,1.0000,0.0114,0.000108,4.248
896910,520,409,929,221,44,194,335.56,0.9177,0.5691,0.210709,50,18,7,39.50,0.7115,0.1268,0.011262,4.256
896927,520,323,843,247,69,222,334.39,0.9597,0.6500,0.293072,88,23,16,29.68,0.8338,0.2114,0.027253,4.441
896955,520,298,818,248,76,241,329.69,0.9730,0.6693,0.314790,30,49,103,266.49,0.6833,0.2306,0.034518,4.316
896957,520,439,959,239,31,65,20.95,0.9699,0.5486,0.197156,2,24,29,214.11,0.8165,0.0932,0.007548,4.295
896959,520,463,983,163,79,223,308.01,0.8140,0.5331,0.187068,12,9,6,71.59,0.1865,0.0538,0.002867,4.484
896970,520,464,984,172,77,183,323.40,0.7061,0.5153,0.174983,5,11,9,174.58,0.2852,0.0530,0.002913,4.252
896981,520,406,926,252,30,75,19.16,0.9836,0.5768,0.221357,21,20,75,276.50,0.8158,0.1322,0.011677,4.400
896983,520,441,961,176,45,253,308.11,0.9887,0.5400,0.181996,23,1,59,291.69,0.9733,0.0875,0.005196,4.203
896984,520,426,946,239,49,50,26.62,0.9508,0.5581,0.207809,4,7,79,267.02,0.9816,0.1059,0.007422,4.490
896988,520,329,849,247,73,212,337.24,0.9519,0.6482,0.292956,25,50,79,253.38,0.5561,0.2117,0.030523,4.259
896996,520,316,836,255,45,241,331.40,1.0000,0.6577,0.294908,9,62,5,141.93,0.9876,0.2178,0.035141,4.051
897006,520,407,927,254,25,9,29.72,0.9966,0.5726,0.217896,34,10,71,294.46,0.8403,0.1258,0.010121,4.456
897014,520,272,792,254,122,157,5.20,0.9684,0.6996,0.374272,21,63,91,241.62,0.6837,0.2557,0.044696,4.480
897015,520,423,943,247,18,90,13.69,0.9852,0.5649,0.209485,26,9,67,288.08,0.8574,0.1111,0.008202,4.458
897021,520,471,991,220,5,139,352.17,0.9882,0.5223,0.171909,16,2,7,354.13,0.6460,0.0421,0.001689,4.293
897040,520,467,987,102,99,241,278.74,0.8927,0.5155,0.180988,0,2,35,264.08,0.9817,0.0428,0.001648,4.472
897041,520,342,862,255,89,2,39.70,1.0000,0.6286,0.284127,17,47,60,229.24,0.5870,0.1867,0.024783,4.468
897043,520,450,970,229,51,19,32.09,0.9767,0.5369,0.190756,5,11,34,267.69,0.6949,0.0658,0.003871,4.469
897051,520,470,990,232,0,42,24.32,1.0000,0.5207,0.173261,9,6,7,354.48,0.1355,0.0444,0.002037,4.290
897057,520,351,871,207,93,241,317.70,0.9058,0.6263,0.274464,9,46,75,246.85,0.7723,0.1902,0.025199,4.315
897063,520,416,936,219,67,165,345.27,0.8104,0.5701,0.217933,37,9,66,300.83,0.8233,0.1236,0.009821,4.479
897066,520,477,997,160,72,210,310.82,0.7920,0.5094,0.167621,3,0,10,300.63,1.0000,0.0212,0.000413,4.317
897071,520,401,921,228,7,214,331.78,0.9946,0.5794,0.215035,57,17,29,4.48,0.6154,0.1436,0.013596,4.167
897083,520,477,997,191,3,216,321.75,0.9957,0.5146,0.161009,1,1,2,284.11,0.2654,0.0171,0.000325,4.193
897096,520,431,951,240,21,85,14.57,0.9786,0.5502,0.197208,20,9,64,282.75,0.8700,0.1018,0.007142,4.326
897099,520,369,889,244,66,145,358.31,0.8983,0.6057,0.251770,19,37,77,263.82,0.6782,0.1712,0.019973,4.313
897101,520,451,971,225,15,146,351.09,0.9707,0.5378,0.184272,13,12,27,285.48,0.4129,0.0696,0.004276,4.316
897108,520,469,989,187,88,87,22.43,0.6112,0.5155,0.182339,4,6,14,268.62,0.3829,0.0422,0.001878,4.479
897111,520,350,870,235,71,211,334.49,0.9066,0.6256,0.268743,24,53,14,138.59,0.8998,0.1941,0.027720,4.101
897112,520,398,918,232,19,196,337.49,0.9805,0.5783,0.216098,25,13,88,279.03,0.9168,0.1390,0.011991,4.293
897121,520,419,939,228,32,162,346.92,0.9359,0.5578,0.201383,31,21,29,333.46,0.2441,0.1099,0.009164,4.249
897138,520,408,928,198,33,253,314.79,0.9905,0.5659,0.201867,16,32,46,246.32,0.4470,0.1335,0.013404,3.972
897148,520,446,966,224,47,104,8.03,0.8832,0.5372,0.188825,27,13,16,5.89,0.3312,0.0824,0.005583,4.297
897149,520,460,980,201,71,123,359.06,0.7197,0.5251,0.183560,6,7,35,275.00,0.7720,0.0594,0.003120,4.397
897156,520,329,849,226,79,255,320.54,1.0000,0.6469,0.289827,66,25,93,308.73,0.7397,0.2116,0.026439,4.446
897160,520,363,883,246,83,58,31.48,0.9464,0.6077,0.260881,46,33,56,309.56,0.3693,0.1711,0.019541,4.470
897172,520,381,901,185,111,206,318.49,0.6544,0.6026,0.261403,18,45,8,138.43,0.9326,0.1630,0.020228,4.434
897194,520,410,930,233,63,91,16.44,0.8760,0.5659,0.216369,2,31,62,252.75,0.8971,0.1349,0.013406,4.201
897196,520,408,928,212,2,243,321.00,0.9989,0.5713,0.205134,53,12,39,343.90,0.6798,0.1334,0.011664,4.137
897217,520,400,920,183,95,214,316.50,0.7454,0.5780,0.231077,44,17,62,309.08,0.6911,0.1409,0.012842,4.473
897219,520,456,976,209,41,175,338.19,0.8831,0.5344,0.182384,6,10,23,267.97,0.4594,0.0576,0.003177,4.370
897228,520,427,947,236,30,145,354.22,0.9491,0.5647,0.208088,2,21,46,254.55,0.8497,0.0958,0.007465,4.491
897254,520,419,939,199,25,245,316.94,0.9809,0.5573,0.194314,16,2,84,274.81,0.9904,0.1131,0.007936,4.217
897270,520,353,873,246,40,202,339.25,0.9649,0.6162,0.253778,73,15,57,341.11,0.7376,0.1848,0.020537,4.307
897276,520,369,889,219,58,249,320.66,0.9728,0.6123,0.249276,50,13,90,299.44,0.8536,0.1702,0.017042,4.464
897280,520,391,911,224,56,209,332.11,0.9134,0.5922,0.232814,6,5,113,266.39,0.9945,0.1525,0.013394,4.461
897319,520,14,534,239,251,249,185.10,0.5555,0.9751,0.941843,10,132,98,166.66,0.9785,0.4728,0.174481,4.418
897344,520,352,872,217,88,211,329.51,0.8270,0.6160,0.264362,21,50,40,168.76,0.5546,0.1889,0.025937,4.140
897347,520,480,1000,162,64,224,308.77,0.8575,0.5131,0.167307,0,0,0,0.00,0.0000,0.0000,0.000000,4.346
897357,520,289,809,233,105,247,323.62,0.9570,0.6836,0.341442,71,52,34,64.30,0.3763,0.2433,0.039112,4.393
897362,520,464,984,175,41,233,312.28,0.9376,0.5182,0.165840,14,5,13,330.51,0.4220,0.0492,0.002310,4.126
897392,520,448,968,188,86,159,339.64,0.6401,0.5402,0.198516,6,18,31,250.77,0.5350,0.0806,0.005702,4.461
897407,520,420,940,213,62,180,338.10,0.8298,0.5620,0.208888,29,21,38,305.27,0.3611,0.1120,0.009375,4.360
897409,520,465,985,228,22,2,30.13,0.9980,0.5157,0.170752,8,5,30,284.14,0.7266,0.0531,0.002539,4.202
897415,520,374,894,242,61,155,353.86,0.8935,0.6013,0.245844,62,24,21,26.51,0.5893,0.1625,0.017317,4.395
897431,520,464,984,194,24,204,325.52,0.9525,0.5168,0.164838,5,12,2,134.07,0.7560,0.0532,0.002996,4.054
897443,520,35,555,248,240,250,319.45,0.5982,0.9583,0.891790,6,130,26,143.97,0.9970,0.4523,0.160779,4.468
897460,520,451,971,226,46,106,7.48,0.8902,0.5409,0.191661,34,0,15,356.10,1.0000,0.0694,0.003746,4.496
897475,520,444,964,206,10,215,326.02,0.9884,0.5414,0.182471,9,11,48,273.96,0.8129,0.0802,0.005108,4.218
897493,520,410,930,204,81,173,338.70,0.7308,0.5655,0.217411,19,32,34,207.97,0.2727,0.1293,0.012869,4.253
897496,520,433,953,187,57,228,316.50,0.8988,0.5458,0.190937,37,17,15,26.47,0.4235,0.1047,0.008288,4.134
897511,520,281,801,233,136,136,20.36,0.6815,0.6863,0.367117,55,59,62,240.04,0.0579,0.2521,0.042879,4.491
897517,520,420,940,197,70,204,325.66,0.8197,0.5582,0.206118,12,16,63,272.22,0.8515,0.1059,0.008076,4.410
897523,520,403,923,253,27,103,10.86,0.9858,0.5836,0.226495,43,16,57,312.25,0.6747,0.1340,0.011796,4.474
897528,520,424,944,222,12,192,336.19,0.9844,0.5556,0.196007,11,12,75,271.34,0.9410,0.1118,0.008420,4.211
897532,520,461,981,234,20,34,26.69,0.9871,0.5294,0.181114,12,5,16,313.73,0.4618,0.0484,0.002241,4.424
897534,520,454,974,233,20,83,14.33,0.9758,0.5347,0.184516,10,7,48,277.69,0.8628,0.0740,0.004299,4.319
897562,520,419,939,196,34,253,314.22,0.9903,0.5633,0.199730,1,13,78,264.46,0.9704,0.1114,0.008443,4.273
897563,520,467,987,218,30,123,358.25,0.9171,0.5203,0.172666,16,0,11,338.78,1.0000,0.0384,0.001343,4.337
897573,520,442,962,170,74,229,309.59,0.8519,0.5406,0.191015,31,4,31,327.91,0.7418,0.0794,0.004771,4.400
897578,520,351,871,216,98,214,328.16,0.8050,0.6298,0.281911,64,37,27,41.03,0.4264,0.1946,0.024924,4.430
897583,520,395,915,251,57,3,33.42,0.9978,0.5861,0.234457,38,30,5,91.57,0.7448,0.1350,0.013516,4.479
897591,520,457,977,229,25,94,10.44,0.9590,0.5310,0.181644,29,0,22,338.52,1.0000,0.0636,0.003192,4.355
897594,520,397,917,223,68,176,342.42,0.8317,0.5835,0.229592,8,31,70,260.26,0.8122,0.1444,0.014737,4.319
897605,520,383,903,247,24,175,346.91,0.9778,0.5970,0.235258,31,34,43,270.63,0.1701,0.1495,0.016098,4.316
897607,520,477,997,85,104,232,272.43,0.8639,0.5053,0.176574,2,2,2,0.00,0.0000,0.0229,0.000607,4.477
897615,520,444,964,235,37,49,25.24,0.9646,0.5414,0.192102,23,6,45,298.92,0.7842,0.0820,0.005019,4.400
897621,520,440,960,235,41,83,16.23,0.9385,0.5496,0.198757,22,20,6,101.58,0.5115,0.0897,0.006840,4.376
897637,520,441,961,233,42,73,19.32,0.9401,0.5442,0.194637,29,9,33,320.73,0.6067,0.0860,0.005664,4.395
897651,520,399,919,241,62,81,20.32,0.9160,0.5783,0.227433,7,39,25,161.00,0.8423,0.1413,0.015663,4.225
897684,520,285,805,237,107,250,323.94,0.9738,0.6939,0.354242,40,52,114,271.58,0.6635,0.2543,0.041219,4.432
897685,520,466,986,166,57,235,308.14,0.9024,0.5203,0.170321,8,6,12,301.48,0.2680,0.0453,0.002084,4.230
897693,520,465,985,213,56,72,20.27,0.8637,0.5158,0.174448,1,8,18,246.75,0.7340,0.0461,0.002238,4.297
897694,520,466,986,228,12,84,13.02,0.9845,0.5220,0.174000,16,6,11,347.35,0.3646,0.0529,0.002646,4.255
897698,520,463,983,232,2,87,12.23,0.9975,0.5289,0.178904,15,6,7,10.92,0.3182,0.0505,0.002472,4.362
897701,520,477,997,196,13,197,328.05,0.9743,0.5115,0.160565,6,0,0,29.23,1.0000,0.0198,0.000387,4.179
897708,520,324,844,243,79,222,333.49,0.9389,0.6531,0.299233,27,46,90,264.52,0.6343,0.2102,0.029251,4.407
897724,520,361,881,232,94,142,1.39,0.7695,0.6168,0.271168,10,50,14,144.74,0.9560,0.1772,0.023773,4.353
897726,520,414,934,250,27,35,27.30,0.9861,0.5663,0.212329,48,11,27,356.85,0.6530,0.1173,0.009470,4.411
897730,520,443,963,210,38,177,337.78,0.8973,0.5354,0.182643,34,8,4,33.51,0.7212,0.0809,0.005226,4.213
897736,520,373,893,234,52,201,336.88,0.9287,0.6018,0.241681,21,42,19,142.15,0.6701,0.1568,0.018623,4.250
897744,520,385,905,234,60,173,345.80,0.8817,0.5937,0.237440,45,23,65,305.80,0.6205,0.1549,0.015524,4.387
897750,520,434,954,192,44,240,315.66,0.9476,0.5524,0.193004,43,2,32,341.00,0.8281,0.0976,0.006614,4.292
897758,520,449,969,237,21,50,23.78,0.9847,0.5379,0.187744,24,6,22,331.61,0.5776,0.0677,0.003824,4.417
897770,520,367,887,229,29,245,324.55,0.9851,0.6085,0.241316,12,37,79,260.18,0.7819,0.1695,0.019657,4.182
897776,520,431,951,147,98,232,297.15,0.8005,0.5502,0.207647,26,19,29,315.62,0.2588,0.0993,0.007741,4.462
897777,520,435,955,225,4,168,343.89,0.9932,0.5460,0.189242,10,22,22,195.79,0.3325,0.0894,0.006963,4.200
897779,520,274,794,232,113,255,320.91,1.0000,0.6982,0.361879,26,67,38,150.85,0.7774,0.2467,0.043737,4.394
897785,520,161,681,243,194,8,90.11,0.9921,0.8065,0.576576,45,95,45,143.72,0.8231,0.3500,0.089315,4.498
897796,520,307,827,253,59,252,328.35,0.9935,0.6701,0.310418,45,56,49,157.26,0.1709,0.2286,0.036079,4.187
897797,520,363,883,246,49,178,346.46,0.9373,0.6094,0.250070,27,33,77,273.87,0.6358,0.1667,0.018565,4.376
897810,520,469,989,211,19,157,344.19,0.9478,0.5169,0.167512,0,9,0,142.50,1.0000,0.0406,0.001954,4.187
897814,520,346,866,240,33,247,326.67,0.9862,0.6302,0.263310,61,35,35,19.79,0.3484,0.1876,0.023156,4.283
897820,520,389,909,242,6,188,341.90,0.9952,0.5897,0.226414,19,20,96,272.17,0.9257,0.1544,0.014832,4.264
897827,520,377,897,242,57,155,353.56,0.8994,0.5978,0.241731,2,41,59,233.91,0.9096,0.1618,0.019144,4.219
897833,520,464,984,209,65,54,28.41,0.8635,0.5150,0.176045,10,7,11,318.33,0.1912,0.0491,0.002407,4.313
897834,520,417,937,224,49,186,338.79,0.9008,0.5734,0.215915,22,15,74,279.55,0.8535,0.1233,0.010066,4.427
897837,520,435,955,240,33,31,28.23,0.9776,0.5478,0.197152,21,12,45,291.75,0.6634,0.0896,0.006118,4.404
897838,520,33,553,234,253,172,119.15,0.9579,0.9550,0.907214,8,131,7,142.52,0.9966,0.4549,0.162989,4.494
897840,520,476,996,199,68,97,10.79,0.7372,0.5091,0.171414,8,0,1,11.38,1.0000,0.0234,0.000538,4.381
897862,520,366,886,220,66,226,326.37,0.9131,0.6051,0.246051,45,36,46,322.94,0.1942,0.1718,0.020169,4.219
897863,520,368,888,226,26,251,322.53,0.9882,0.6067,0.238748,53,25,58,321.38,0.5484,0.1653,0.017577,4.273
897876,520,439,959,204,56,190,332.21,0.8464,0.5465,0.193853,30,18,6,65.85,0.5351,0.0946,0.007218,4.262
897905,520,454,974,231,30,3,30.67,0.9970,0.5258,0.179271,22,10,26,317.32,0.4672,0.0745,0.004623,4.197
897909,520,430,950,183,97,147,345.61,0.5411,0.5452,0.207245,25,20,25,326.04,0.1518,0.0987,0.007772,4.453
897912,520,453,973,137,86,240,293.84,0.8766,0.5254,0.182652,8,14,22,255.33,0.3214,0.0675,0.004236,4.290
897922,520,398,918,215,6,241,322.17,0.9966,0.5755,0.209302,50,27,4,62.60,0.7853,0.1449,0.014708,4.007
897926,520,348,868,239,55,225,331.60,0.9530,0.6268,0.265220,38,3,128,279.59,0.9913,0.1934,0.020356,4.480
897933,520,410,930,245,52,61,24.63,0.9525,0.5741,0.222088,47,18,34,347.73,0.5157,0.1296,0.011525,4.422
897934,520,416,936,226,0,200,334.94,1.0000,0.5654,0.203414,9,33,16,150.79,0.7872,0.1202,0.011832,4.098
897986,520,338,858,228,75,246,323.32,0.9602,0.6398,0.281821,81,23,15,30.74,0.8055,0.1968,0.023969,4.486
898004,520,469,989,207,68,76,21.19,0.7983,0.5188,0.179236,6,6,14,283.34,0.3378,0.0442,0.002007,4.408
898009,520,354,874,188,109,229,312.83,0.7814,0.6169,0.272867,11,42,73,251.59,0.7349,0.1779,0.022080,4.479
898011,520,463,983,155,74,237,302.50,0.8823,0.5269,0.179810,2,7,29,264.90,0.8246,0.0514,0.002536,4.374
898029,520,467,987,214,55,84,15.62,0.8505,0.5193,0.176710,1,6,13,244.21,0.6650,0.0387,0.001658,4.389
898032,520,480,1000,163,64,215,311.32,0.8341,0.5073,0.163604,0,0,0,0.00,0.0000,0.0000,0.000000,4.272
898047,520,360,880,248,27,220,334.89,0.9860,0.6244,0.259107,18,35,91,266.73,0.8180,0.1785,0.020859,4.362
898080,520,430,950,184,47,255,309.98,1.0000,0.5549,0.194444,10,7,75,271.55,0.9673,0.1042,0.007244,4.270
898088,520,331,851,239,102,141,4.97,0.7992,0.6397,0.297793,20,55,4,137.96,0.9800,0.1975,0.028898,4.408
898114,520,407,927,200,63,223,321.49,0.8869,0.5682,0.211636,6,16,90,266.81,0.9637,0.1338,0.011474,4.256
898120,520,480,1000,204,71,8,39.59,0.9776,0.5094,0.173635,0,0,0,0.00,0.0000,0.0000,0.000000,4.473
898145,520,362,882,253,74,65,27.60,0.9875,0.6112,0.261654,49,39,32,56.80,0.1954,0.1792,0.022083,4.324
898148,520,322,842,231,88,238,325.87,0.9273,0.6536,0.301436,0,59,45,171.05,1.0000,0.2129,0.033172,4.225
898153,520,14,534,243,255,208,119.19,1.0000,0.9759,0.951286,46,133,43,142.68,0.9493,0.4726,0.175297,4.444
898157,520,429,949,241,7,80,15.63,0.9941,0.5475,0.194353,13,26,25,189.67,0.3249,0.1039,0.008945,4.145
898160,520,443,963,228,33,114,3.70,0.9296,0.5388,0.187994,26,2,42,308.35,0.8775,0.0764,0.004302,4.383
898167,520,380,900,230,52,217,331.47,0.9395,0.6043,0.242912,43,25,73,297.53,0.6484,0.1625,0.016899,4.378
898190,520,416,936,217,15,220,327.58,0.9868,0.5655,0.202628,28,12,68,288.82,0.8193,0.1183,0.009272,4.262
898197,520,444,964,237,26,55,22.97,0.9782,0.5405,0.190224,1,14,52,262.28,0.9590,0.0843,0.005684,4.314
898202,520,435,955,235,7,125,0.08,0.9900,0.5477,0.192979,7,19,37,257.87,0.5798,0.0875,0.006445,4.305
898205,520,274,794,248,130,144,13.75,0.8434,0.6998,0.379381,21,71,16,141.82,0.9610,0.2541,0.047031,4.425
898213,520,290,810,255,97,206,341.90,1.0000,0.6850,0.342687,58,56,32,104.17,0.3941,0.2371,0.038322,4.446
898228,520,365,885,254,45,142,359.45,0.9903,0.6069,0.249042,58,9,85,309.23,0.8636,0.1734,0.017509,4.430
898242,520,387,907,182,96,231,311.38,0.8176,0.5894,0.240812,46,25,56,313.99,0.5170,0.1537,0.015617,4.432
898247,520,354,874,246,34,214,336.00,0.9771,0.6200,0.255950,36,20,103,282.13,0.8779,0.1765,0.018546,4.463
898255,520,456,976,215,26,171,340.78,0.9384,0.5349,0.181284,26,0,25,329.82,1.0000,0.0604,0.002898,4.372
898282,520,422,942,148,93,254,294.57,0.9861,0.5605,0.212804,3,27,45,243.82,0.7902,0.1117,0.009926,4.385
898302,520,440,960,208,8,221,325.06,0.9921,0.5489,0.188059,28,7,45,305.93,0.7539,0.0899,0.005883,4.260
898303,520,378,898,249,54,120,6.85,0.9474,0.5964,0.241376,5,43,47,205.37,0.8275,0.1624,0.019652,4.183
898306,520,427,947,237,52,39,29.24,0.9502,0.5554,0.206102,8,12,67,270.13,0.9313,0.1008,0.007198,4.477
898307,520,428,948,232,44,124,1.63,0.9042,0.5570,0.204153,13,23,39,259.48,0.4446,0.1027,0.008448,4.348
898313,520,409,929,250,28,41,26.44,0.9846,0.5672,0.213183,4,20,78,264.98,0.9371,0.1255,0.010761,4.331
898314,520,418,938,129,105,255,285.72,1.0000,0.5624,0.219899,36,26,10,77.84,0.5077,0.1228,0.011358,4.399
898326,520,281,801,244,124,153,6.17,0.7992,0.6862,0.359510,53,62,19,119.93,0.7110,0.2471,0.042491,4.428
898330,520,478,998,142,64,251,296.32,0.9723,0.5106,0.163828,0,1,12,262.93,1.0003,0.0216,0.000482,4.236
898333,520,373,893,252,52,117,8.11,0.9726,0.5998,0.244393,16,40,46,216.15,0.4981,0.1572,0.018249,4.313
898382,520,448,968,241,2,18,28.07,0.9991,0.5388,0.187913,12,8,48,279.64,0.8258,0.0772,0.004652,4.353
898397,520,321,841,241,96,183,346.47,0.8596,0.6505,0.304881,52,51,11,107.91,0.7641,0.2122,0.031219,4.369
898412,520,402,922,231,64,136,358.92,0.8416,0.5765,0.224361,49,23,2,57.41,0.8512,0.1342,0.012702,4.376
898466,520,432,952,223,12,175,341.36,0.9806,0.5476,0.190486,35,7,46,314.79,0.7545,0.1007,0.007066,4.214
898474,520,414,934,162,89,250,300.76,0.9438,0.5675,0.217286,58,3,13,16.90,0.9145,0.1227,0.009939,4.459
898494,520,433,953,226,8,161,346.33,0.9862,0.5452,0.189183,25,7,60,291.14,0.8516,0.0999,0.006849,4.207
898500,520,376,896,236,36,201,337.18,0.9603,0.5954,0.233144,6,31,90,263.19,0.9259,0.1630,0.017568,4.191
898514,520,454,974,213,60,101,9.42,0.8098,0.5270,0.183198,8,16,19,222.90,0.2744,0.0710,0.004692,4.264
898539,520,331,851,234,66,239,326.77,0.9473,0.6362,0.276232,85,15,36,8.32,0.7872,0.2001,0.024006,4.408
898548,520,458,978,194,73,159,340.76,0.7177,0.5313,0.187393,26,4,4,23.60,0.7086,0.0602,0.003152,4.466
898550,520,448,968,172,60,248,307.11,0.9561,0.5429,0.187804,38,4,6,21.06,0.8202,0.0816,0.005121,4.314
898551,520,442,962,217,71,83,19.84,0.8108,0.5428,0.198852,9,19,4,134.50,0.7195,0.0751,0.005326,4.498
898555,520,458,978,207,4,200,330.20,0.9936,0.5314,0.175243,22,3,26,320.96,0.7370,0.0612,0.003103,4.242
898579,520,464,984,193,83,94,16.46,0.6490,0.5192,0.183338,7,6,17,287.44,0.4211,0.0465,0.002159,4.474
898591,520,222,742,238,145,242,325.54,0.9123,0.7505,0.448405,61,78,1,122.85,0.9911,0.3024,0.064430,4.356
898600,520,366,886,227,10,254,322.23,0.9967,0.6064,0.237060,42,32,61,298.63,0.4352,0.1670,0.018622,4.183
898602,520,354,874,233,100,101,22.19,0.7977,0.6157,0.273802,37,45,12,121.41,0.7052,0.1783,0.022966,4.438
898622,520,438,958,195,15,248,315.35,0.9905,0.5501,0.187225,21,18,24,307.71,0.1629,0.0891,0.006580,4.193
898623,520,472,992,204,56,140,350.25,0.7922,0.5202,0.175612,3,4,8,269.72,0.2935,0.0334,0.001237,4.403
898654,520,398,918,192,115,101,31.09,0.4958,0.5772,0.244089,18,37,30,168.41,0.4296,0.1421,0.015454,4.493
898666,520,356,876,250,14,220,335.30,0.9945,0.6243,0.258085,38,6,118,281.62,0.9761,0.1824,0.018503,4.497
898670,520,465,985,220,51,59,24.03,0.9123,0.5226,0.179017,3,0,42,271.79,1.0000,0.0481,0.001865,4.416
898672,520,333,853,255,1,234,333.03,1.0000,0.6397,0.272255,54,19,105,295.18,0.8449,0.1982,0.022700,4.433
898675,520,340,860,250,28,240,330.55,0.9902,0.6408,0.274488,76,33,17,40.42,0.6784,0.2046,0.026649,4.233
898677,520,372,892,253,65,102,14.93,0.9811,0.6088,0.256261,0,45,46,197.10,1.0000,0.1664,0.020739,4.329
898701,520,375,895,254,39,139,0.08,0.9908,0.6023,0.243896,29,42,17,131.47,0.5926,0.1625,0.019576,4.224
898743,520,470,990,157,89,192,312.88,0.6598,0.5186,0.181192,5,7,4,134.03,0.2433,0.0420,0.001930,4.452
898745,520,391,911,254,19,111,8.13,0.9926,0.5850,0.226880,46,20,58,313.86,0.6189,0.1458,0.013867,4.335
898761,520,397,917,248,50,46,27.71,0.9707,0.5768,0.224385,55,20,23,16.87,0.5605,0.1430,0.013745,4.304
898765,520,409,929,219,85,83,24.14,0.7747,0.5652,0.221840,3,36,8,146.18,0.9761,0.1255,0.012986,4.316
898768,520,368,888,254,8,183,345.87,0.9954,0.6104,0.246669,12,46,40,179.43,0.7007,0.1716,0.021853,4.129
898769,520,409,929,246,33,72,19.73,0.9706,0.5653,0.211519,46,13,49,324.29,0.6777,0.1285,0.010905,4.294
898779,520,471,991,206,11,177,336.50,0.9741,0.5163,0.165375,7,2,26,289.57,0.8277,0.0423,0.001632,4.171
898822,520,423,943,236,46,97,12.19,0.9202,0.5584,0.206530,26,9,67,288.08,0.8574,0.1111,0.008202,4.408
898831,520,456,976,212,31,172,339.77,0.9190,0.5322,0.179578,11,3,42,284.48,0.8951,0.0615,0.003034,4.329
898852,520,312,832,242,90,209,337.31,0.9127,0.6569,0.307957,0,49,104,255.71,0.9999,0.2198,0.031959,4.368
898861,520,437,957,227,1,168,344.32,0.9984,0.5493,0.191824,29,15,22,348.54,0.3296,0.0913,0.006608,4.272
898874,520,459,979,223,20,125,358.09,0.9559,0.5267,0.176717,0,16,1,144.69,1.0000,0.0592,0.003728,4.220
898880,520,330,850,251,25,236,331.70,0.9913,0.6389,0.272637,88,21,16,28.48,0.8473,0.2088,0.026488,4.218
898894,520,454,974,217,11,166,342.66,0.9770,0.5310,0.177466,32,7,0,45.10,1.0000,0.0747,0.004591,4.167
898904,520,349,869,242,19,245,327.65,0.9938,0.6274,0.259383,10,18,132,266.61,0.9830,0.1948,0.021629,4.319
898905,520,462,982,228,0,118,0.99,1.0000,0.5293,0.178049,9,8,5,94.11,0.1852,0.0485,0.002427,4.350
898910,520,475,995,213,21,149,347.42,0.9412,0.5175,0.168547,6,2,6,326.97,0.4507,0.0301,0.000953,4.289
898911,520,411,931,201,76,200,328.06,0.7983,0.5693,0.217581,44,18,5,46.77,0.7074,0.1159,0.009791,4.475
898914,520,473,993,213,30,151,346.98,0.9106,0.5226,0.173114,2,4,1,133.14,0.5926,0.0292,0.001019,4.373
898920,520,230,750,250,142,204,345.64,0.9168,0.7442,0.440320,28,82,19,141.02,0.9599,0.2948,0.063283,4.328
898923,520,397,917,168,98,243,303.17,0.8719,0.5833,0.235317,30,32,38,270.90,0.1193,0.1407,0.014490,4.424
898936,520,441,961,234,41,47,26.11,0.9589,0.5417,0.192867,43,6,5,26.85,0.8356,0.0942,0.006549,4.295
898940,520,472,992,146,78,237,298.79,0.8747,0.5212,0.176744,5,1,21,290.34,0.8711,0.0340,0.001081,4.439
898944,520,415,935,226,44,178,341.66,0.9102,0.5692,0.211870,32,11,65,295.19,0.8034,0.1186,0.009281,4.417
898950,520,378,898,233,68,180,343.60,0.8657,0.6029,0.247558,26,38,51,250.97,0.3119,0.1605,0.018448,4.347
898966,520,438,958,226,54,111,6.53,0.8626,0.5491,0.199575,42,4,23,353.79,0.7671,0.0944,0.006410,4.424
898969,520,467,987,154,82,220,304.91,0.7911,0.5233,0.180724,6,8,0,118.13,1.0000,0.0440,0.002124,4.426
898982,520,478,998,176,84,143,343.10,0.5888,0.5105,0.175551,0,0,12,264.05,1.0000,0.0173,0.000265,4.487
898984,520,73,593,218,232,231,191.75,0.2146,0.9071,0.783878,2,122,16,143.38,0.9990,0.4245,0.139688,4.396
899001,520,446,966,209,46,181,336.36,0.8739,0.5415,0.188475,10,19,10,144.52,0.4117,0.0773,0.005522,4.295
899002,520,473,993,167,40,254,305.39,0.9945,0.5244,0.168895,6,3,5,337.49,0.2655,0.0326,0.001148,4.280
899009,520,474,994,230,16,68,18.40,0.9836,0.5240,0.176140,5,2,12,300.16,0.6146,0.0316,0.001022,4.432
899017,520,420,940,224,77,15,38.65,0.9734,0.5555,0.211922,15,29,3,132.25,0.9056,0.1085,0.009868,4.375
899019,520,475,995,220,5,131,354.95,0.9882,0.5189,0.169655,0,4,14,251.96,1.0000,0.0326,0.001185,4.291
899046,520,445,965,224,42,116,2.95,0.8925,0.5372,0.187669,14,11,45,281.43,0.7198,0.0813,0.005222,4.304
899065,520,423,943,202,8,244,318.16,0.9950,0.5566,0.192635,51,8,4,30.68,0.8791,0.1128,0.008864,4.122
899069,520,434,954,195,0,252,314.65,1.0000,0.5503,0.186318,9,15,56,270.62,0.8391,0.0953,0.006852,4.157
899076,520,311,831,254,32,249,329.38,0.9968,0.6550,0.289465,32,59,15,135.43,0.8825,0.2193,0.034694,4.008
899085,520,460,980,150,90,212,304.01,0.7310,0.5251,0.185502,19,6,18,329.83,0.4927,0.0593,0.003124,4.433
899089,520,434,954,219,22,194,334.92,0.9667,0.5542,0.195313,37,15,19,9.38,0.4456,0.1019,0.007820,4.243
899118,520,452,972,176,17,255,308.54,1.0000,0.5273,0.168519,16,2,48,288.86,0.9323,0.0700,0.003670,4.072
899123,520,347,867,225,100,175,345.79,0.7400,0.6270,0.282192,15,53,32,155.87,0.8209,0.1933,0.027519,4.285
899158,520,450,970,229,2,141,353.40,0.9964,0.5407,0.186274,5,15,27,251.91,0.5252,0.0702,0.004530,4.333
899169,520,393,913,200,100,172,339.03,0.6327,0.5871,0.243738,2,39,30,172.71,0.9474,0.1407,0.015576,4.479
899175,520,399,919,242,26,166,348.60,0.9687,0.5839,0.223723,43,10,70,304.41,0.8192,0.1371,0.011729,4.434
899177,520,479,999,131,72,253,291.46,0.9843,0.5098,0.165518,0,1,0,142.50,1.0000,0.0135,0.000217,4.292
899183,520,399,919,208,55,234,321.27,0.9313,0.5815,0.220845,28,30,43,277.54,0.2467,0.1359,0.013498,4.265
899197,520,444,964,189,46,231,316.80,0.9302,0.5420,0.185436,24,14,0,80.65,1.0000,0.0763,0.005083,4.274
899200,520,61,581,241,229,244,319.45,0.4935,0.9251,0.812713,39,122,41,143.51,0.9532,0.4344,0.145100,4.422
899201,520,289,809,254,85,234,332.99,0.9952,0.6840,0.335113,54,47,98,287.13,0.5390,0.2418,0.036991,4.427
899207,520,286,806,249,126,116,26.23,0.9040,0.6874,0.363253,2,68,47,164.63,0.9857,0.2448,0.043522,4.419
899214,520,423,943,190,96,163,339.31,0.6014,0.5613,0.219586,1,31,6,146.94,0.9899,0.1074,0.009995,4.493
899228,520,307,827,255,81,206,341.17,1.0000,0.6667,0.316043,58,53,15,101.81,0.7058,0.2256,0.034803,4.316
899253,520,345,865,241,32,244,327.59,0.9863,0.6294,0.262681,75,21,35,8.14,0.6746,0.1865,0.021538,4.371
899274,520,405,925,218,4,236,324.06,0.9976,0.5765,0.210505,16,17,84,272.39,0.9191,0.1333,0.011511,4.235
899280,520,440,960,213,63,151,348.76,0.7956,0.5487,0.199377,22,18,15,59.06,0.1302,0.0869,0.006377,4.423
899303,520,453,973,215,59,98,10.81,0.8225,0.5289,0.184593,18,11,27,303.10,0.4386,0.0724,0.004471,4.307
899306,520,417,937,249,35,56,24.04,0.9749,0.5702,0.216309,30,28,20,95.66,0.2000,0.1230,0.011570,4.325
899315,520,446,966,198,35,221,322.11,0.9465,0.5417,0.184299,17,8,46,287.69,0.7687,0.0798,0.004901,4.268
899318,520,466,986,147,80,230,300.28,0.8375,0.5195,0.176538,3,11,3,143.89,0.7291,0.0494,0.002653,4.302
899319,520,475,995,231,8,14,28.55,0.9958,0.5183,0.171974,8,2,8,327.25,0.5375,0.0332,0.001126,4.342
899331,520,367,887,255,57,123,7.02,1.0000,0.6112,0.256199,19,44,49,212.17,0.4749,0.1726,0.021615,4.276
899334,520,394,914,223,69,181,340.73,0.8356,0.5870,0.232828,29,32,34,236.79,0.0648,0.1379,0.014097,4.412
899348,520,397,917,210,22,251,318.58,0.9880,0.5789,0.212422,1,39,31,175.17,0.9728,0.1407,0.015563,4.003
899378,520,465,985,226,39,22,30.07,0.9733,0.5215,0.176806,12,5,21,303.66,0.5615,0.0509,0.002409,4.328
899387,520,464,984,200,71,102,9.26,0.7232,0.5163,0.177471,16,7,7,19.39,0.2988,0.0539,0.002775,4.310
899388,520,460,980,204,34,196,330.44,0.9242,0.5339,0.179688,3,14,3,143.63,0.8629,0.0569,0.003400,4.301
899402,520,463,983,179,45,240,311.78,0.9403,0.5331,0.177528,2,9,13,225.31,0.5407,0.0471,0.002373,4.344
899405,520,393,913,254,48,25,30.53,0.9960,0.5859,0.232587,34,31,42,297.34,0.2011,0.1442,0.014872,4.356
899427,520,457,977,140,78,251,294.19,0.9641,0.5264,0.179893,7,3,44,277.29,0.9354,0.0602,0.002921,4.344
899428,520,434,954,233,52,46,27.85,0.9418,0.5480,0.199799,36,15,5,46.89,0.6380,0.0969,0.007277,4.361
899433,520,458,978,226,29,94,10.28,0.9456,0.5267,0.178585,18,8,11,359.56,0.3043,0.0595,0.003264,4.292
899439,520,360,880,235,36,244,326.16,0.9813,0.6210,0.254581,47,41,14,96.94,0.6049,0.1780,0.022220,4.217
899453,520,392,912,248,38,125,3.63,0.9510,0.5852,0.228268,53,23,36,354.04,0.4728,0.1498,0.014971,4.283
899457,520,409,929,224,86,11,41.82,0.9786,0.5679,0.225296,6,32,52,245.24,0.7277,0.1322,0.013196,4.356
899465,520,461,981,234,8,56,21.61,0.9939,0.5286,0.179548,20,5,5,21.49,0.5210,0.0538,0.002682,4.357
899477,520,432,952,227,48,115,4.45,0.8820,0.5472,0.196854,14,28,0,130.65,1.0000,0.1041,0.009239,4.167
899479,520,374,894,230,46,219,330.95,0.9513,0.6014,0.238939,17,43,4,136.96,0.9627,0.1552,0.018556,4.215
899492,520,407,927,245,43,60,23.74,0.9607,0.5673,0.214699,26,29,32,248.15,0.0841,0.1259,0.012026,4.268
899543,520,378,898,210,99,180,338.86,0.6884,0.6045,0.259224,12,41,48,216.30,0.6171,0.1593,0.018774,4.496
899547,520,449,969,233,27,81,15.41,0.9647,0.5371,0.187047,29,1,28,329.62,0.8513,0.0689,0.003668,4.417
899558,520,387,907,208,50,247,318.38,0.9634,0.5873,0.224081,44,33,8,85.08,0.6789,0.1514,0.016408,4.127
899564,520,296,816,251,120,121,21.41,0.9264,0.6816,0.353257,15,65,47,164.90,0.8510,0.2381,0.040872,4.438
899568,520,456,976,184,41,235,314.56,0.9435,0.5338,0.177755,8,6,31,282.09,0.7059,0.0560,0.002808,4.313
899582,520,434,954,216,49,174,340.55,0.8699,0.5525,0.198538,49,2,5,23.08,0.9467,0.1003,0.007075,4.355
899583,520,374,894,209,77,228,322.42,0.8794,0.6006,0.244662,21,22,98,272.68,0.9134,0.1614,0.016150,4.454
899585,520,400,920,247,24,122,3.71,0.9738,0.5757,0.218360,35,30,42,303.72,0.2248,0.1427,0.014530,4.159
899589,520,469,989,219,15,139,352.14,0.9646,0.5227,0.172683,0,3,34,263.69,1.0016,0.0443,0.001806,4.298
899615,520,454,974,170,47,252,306.39,0.9829,0.5320,0.176081,6,14,35,265.13,0.6326,0.0737,0.004741,4.130
899616,520,351,871,252,26,223,335.03,0.9887,0.6330,0.267651,66,35,31,28.15,0.4255,0.1944,0.024594,4.258
899623,520,352,872,161,133,208,300.60,0.5386,0.6183,0.289064,24,50,45,180.01,0.4527,0.1925,0.026648,4.424
899627,520,396,916,217,86,145,355.14,0.7190,0.5814,0.234538,28,37,4,123.28,0.8618,0.1440,0.015788,4.325
899649,520,451,971,207,12,204,329.12,0.9828,0.5359,0.178899,18,2,46,293.15,0.9178,0.0702,0.003693,4.263
899650,520,389,909,245,19,162,350.32,0.9808,0.5855,0.224901,61,0,62,327.60,1.0000,0.1500,0.013400,4.336
899652,520,10,530,251,252,249,121.56,0.3666,0.9877,0.969696,16,135,60,149.21,0.9862,0.4741,0.177636,4.480
899664,520,344,864,226,77,240,324.21,0.9357,0.6348,0.277698,24,50,32,152.52,0.5734,0.1880,0.025796,4.323
899665,520,454,974,193,24,222,320.63,0.9672,0.5287,0.172661,4,13,32,261.04,0.6666,0.0679,0.004179,4.110
899679,520,380,900,246,22,184,344.04,0.9815,0.5989,0.236305,6,40,59,238.11,0.7795,0.1603,0.018720,4.166
899699,520,400,920,244,18,149,354.17,0.9802,0.5776,0.218389,7,14,94,267.33,0.9714,0.1365,0.011673,4.352
899708,520,326,846,216,114,201,332.93,0.7104,0.6476,0.308523,29,55,22,139.32,0.7565,0.2052,0.030514,4.453
899718,520,405,925,202,72,221,322.33,0.8635,0.5795,0.224133,45,14,54,317.90,0.6885,0.1318,0.011384,4.466
899722,520,342,862,239,34,249,325.99,0.9858,0.6303,0.263369,90,2,8,25.72,0.9870,0.1943,0.022350,4.331
899723,520,465,985,206,72,64,27.09,0.8109,0.5199,0.181289,4,6,27,272.61,0.7166,0.0496,0.002352,4.418
899725,520,454,974,171,49,244,308.26,0.9445,0.5279,0.173870,11,1,51,280.89,0.9792,0.0668,0.003319,4.199
899730,520,419,939,230,73,35,34.41,0.9387,0.5630,0.217123,7,27,40,239.77,0.6140,0.1107,0.009822,4.465
899757,520,324,844,253,87,152,359.99,0.9676,0.6471,0.299693,53,50,29,101.14,0.3748,0.2135,0.031268,4.303
899768,520,390,910,211,50,248,318.97,0.9683,0.5928,0.229091,63,10,35,356.46,0.7511,0.1485,0.013954,4.364
899774,520,14,534,245,255,198,115.87,1.0000,0.9751,0.950097,9,133,83,158.07,0.9865,0.4717,0.174569,4.453
899801,520,248,768,220,158,163,13.62,0.4638,0.7207,0.423151,7,81,14,143.70,0.9912,0.2846,0.059615,4.316
899815,520,418,938,237,57,40,29.88,0.9466,0.5599,0.210871,41,3,63,308.66,0.9063,0.1191,0.008955,4.425
899846,520,356,876,250,50,179,347.06,0.9612,0.6179,0.258632,79,18,6,33.32,0.9064,0.1845,0.021083,4.342
899856,520,420,940,232,69,31,33.98,0.9520,0.5618,0.215139,7,27,34,223.57,0.5803,0.1074,0.009445,4.460
899863,520,417,937,235,19,177,343.61,0.9770,0.5735,0.213051,19,30,36,232.58,0.2687,0.1245,0.011943,4.247
899866,520,27,547,236,248,250,208.77,0.4994,0.9660,0.918694,39,131,0,139.82,1.0000,0.4609,0.166633,4.472
899867,520,457,977,216,34,148,348.90,0.9010,0.5292,0.178835,18,10,2,74.28,0.6362,0.0610,0.003501,4.277
899868,520,371,891,247,34,185,344.17,0.9669,0.6060,0.244242,64,14,63,328.75,0.7441,0.1706,0.017631,4.351
899911,520,326,846,250,78,197,342.65,0.9588,0.6507,0.298071,28,56,24,141.27,0.7552,0.2082,0.031411,4.275
899918,520,356,876,220,86,207,331.69,0.8301,0.6158,0.263782,48,39,28,72.23,0.2566,0.1768,0.021633,4.380
899924,520,409,929,226,80,51,33.16,0.8865,0.5660,0.221478,59,11,11,24.95,0.8157,0.1343,0.011935,4.383
899944,520,304,824,251,84,210,339.10,0.9712,0.6652,0.315060,49,49,82,282.76,0.3936,0.2300,0.034587,4.316
899954,520,459,979,192,40,212,322.59,0.9180,0.5281,0.174790,5,14,12,179.98,0.3796,0.0612,0.003729,4.184
899956,520,444,964,219,24,172,341.43,0.9497,0.5422,0.186943,23,17,8,77.51,0.3602,0.0838,0.006006,4.231
899959,520,396,916,235,76,30,35.67,0.9543,0.5758,0.229278,17,32,56,259.42,0.5337,0.1406,0.014377,4.338
899962,520,388,908,226,68,170,345.32,0.8332,0.5858,0.232078,54,6,64,319.85,0.8318,0.1451,0.012848,4.488
899975,520,417,937,197,67,224,320.18,0.8760,0.5684,0.212679,0,21,77,262.24,1.0000,0.1243,0.010721,4.326
899977,520,473,993,213,60,82,17.30,0.8342,0.5221,0.179894,0,5,3,171.05,1.0000,0.0307,0.001151,4.494
899981,520,419,939,249,7,52,23.34,0.9966,0.5599,0.205433,19,4,74,279.66,0.9629,0.1054,0.007197,4.466
899995,520,468,988,175,69,203,318.55,0.7932,0.5223,0.176830,8,0,30,291.23,1.0000,0.0414,0.001454,4.408
899999,520,320,840,255,95,110,18.25,1.0000,0.6486,0.305736,56,50,16,99.35,0.6593,0.2147,0.031594,4.360
900000,520,476,996,201,54,123,356.50,0.7891,0.5055,0.164879,5,0,1,3.86,1.0000,0.0188,0.000345,4.268
900036,520,429,949,189,27,251,312.86,0.9818,0.5474,0.185689,4,9,71,267.27,0.9683,0.0986,0.006761,4.152
900039,520,469,989,217,13,132,354.10,0.9677,0.5151,0.167080,3,1,27,277.54,0.9501,0.0363,0.001202,4.240
900040,520,452,972,170,93,175,324.95,0.5989,0.5331,0.194708,6,15,31,260.08,0.5509,0.0733,0.004793,4.466
900046,520,289,809,235,138,25,61.63,0.9536,0.6767,0.359117,8,65,54,175.93,0.9099,0.2387,0.040984,4.497
900048,520,352,872,204,86,253,314.32,0.9838,0.6213,0.265861,70,19,62,334.58,0.6958,0.1870,0.021158,4.439
900065,520,467,987,214,15,146,348.56,0.9604,0.5160,0.167155,0,10,0,142.50,1.0000,0.0431,0.002171,4.162
900083,520,457,977,216,9,160,344.31,0.9793,0.5254,0.173348,28,3,4,21.24,0.7821,0.0613,0.003208,4.198
900134,520,186,706,253,154,242,331.02,0.9886,0.7856,0.504068,35,92,16,139.36,0.9718,0.3312,0.080488,4.246
900137,520,302,822,255,102,144,6.23,1.0000,0.6673,0.327796,38,59,50,165.99,0.3181,0.2322,0.037702,4.308
900156,520,447,967,163,78,232,306.04,0.8528,0.5387,0.190621,30,0,49,308.16,1.0000,0.0849,0.004978,4.377
900169,520,377,897,232,28,233,328.05,0.9830,0.6048,0.238720,52,8,79,307.78,0.8629,0.1572,0.014683,4.464
900182,520,270,790,242,140,86,47.42,0.8307,0.6966,0.383079,20,66,86,230.64,0.7005,0.2612,0.047168,4.457
900187,520,447,967,201,83,111,8.16,0.6667,0.5379,0.197536,37,3,19,354.86,0.7743,0.0819,0.005055,4.496
900191,520,328,848,245,52,252,326.56,0.9903,0.6521,0.288994,50,45,58,302.54,0.1872,0.2068,0.028604,4.313
900205,520,332,852,199,112,243,313.01,0.8780,0.6449,0.302026,21,54,22,144.20,0.8579,0.1971,0.028556,4.481
900210,520,380,900,221,68,210,331.03,0.8829,0.5987,0.241617,37,0,109,283.93,1.0000,0.1641,0.014974,4.488
900224,520,420,940,227,63,95,14.31,0.8525,0.5553,0.207149,14,29,13,142.77,0.5956,0.1097,0.010011,4.285
900226,520,341,861,247,100,6,43.63,0.9940,0.6296,0.289049,4,55,41,169.11,0.9485,0.1992,0.029182,4.282
900275,520,332,852,243,39,249,326.88,0.9838,0.6394,0.273480,35,7,133,276.76,0.9850,0.2008,0.022026,4.491
900289,520,294,814,250,110,159,0.61,0.8998,0.6754,0.339820,30,60,68,217.06,0.4475,0.2377,0.039250,4.368
900292,520,443,963,215,6,195,333.61,0.9911,0.5432,0.185197,10,21,10,144.34,0.4951,0.0829,0.006228,4.183
900294,520,352,872,221,71,241,322.74,0.9384,0.6215,0.262314,35,47,40,159.22,0.2146,0.1894,0.025435,4.140
900337,520,472,992,231,9,68,18.20,0.9913,0.5243,0.176047,11,1,11,327.90,0.7386,0.0349,0.001170,4.418
900341,520,278,798,254,127,51,47.62,0.9889,0.6872,0.364918,20,70,25,144.95,0.9414,0.2515,0.045991,4.322
900348,520,467,987,231,16,34,26.39,0.9897,0.5216,0.174781,8,4,19,296.06,0.5853,0.0437,0.001855,4.335
900360,520,384,904,250,0,151,354.41,1.0000,0.5866,0.225619,34,30,53,290.95,0.3799,0.1479,0.015257,4.224
900361,520,427,947,235,52,92,14.56,0.9072,0.5599,0.208939,32,16,31,329.08,0.4169,0.1015,0.007766,4.483
900383,520,418,938,228,63,89,16.68,0.8628,0.5558,0.207731,31,27,1,101.37,0.9290,0.1175,0.010774,4.241
900386,520,445,965,220,57,116,3.88,0.8318,0.5419,0.194054,33,2,39,320.98,0.8456,0.0846,0.005133,4.427
900388,520,400,920,229,25,197,336.54,0.9702,0.5754,0.213871,5,20,91,265.75,0.9547,0.1412,0.012878,4.197
900389,520,469,989,214,51,102,7.71,0.8433,0.5203,0.176255,4,0,31,279.62,1.0000,0.0382,0.001247,4.415
900423,520,382,902,234,43,202,336.49,0.9466,0.5963,0.234871,14,20,104,269.02,0.9546,0.1615,0.015930,4.321
900428,520,448,968,224,11,155,347.83,0.9793,0.5390,0.184558,5,21,16,171.66,0.5950,0.0812,0.006060,4.184
900435,520,387,907,219,41,231,325.20,0.9597,0.5876,0.224175,37,35,3,105.99,0.8643,0.1473,0.016020,4.153
900485,520,254,774,222,134,252,317.03,0.9673,0.7163,0.396094,17,76,9,141.52,0.9838,0.2693,0.053076,4.328
900490,520,423,943,246,41,28,29.45,0.9749,0.5648,0.212661,16,10,77,275.06,0.9379,0.1147,0.008630,4.480
900508,520,312,832,249,101,159,358.66,0.9001,0.6609,0.319533,5,63,20,146.99,0.9854,0.2219,0.036376,4.278
900514,520,393,913,248,19,163,350.62,0.9828,0.5918,0.230699,58,13,30,0.95,0.6871,0.1401,0.012813,4.469
900517,520,396,916,218,52,210,330.26,0.9143,0.5794,0.220167,38,28,33,347.00,0.1822,0.1372,0.013524,4.253
900522,520,401,921,193,89,202,324.39,0.7426,0.5757,0.227478,42,26,45,321.08,0.3806,0.1436,0.014205,4.322
900579,520,470,990,214,62,9,35.99,0.9831,0.5175,0.177636,1,7,12,231.93,0.6741,0.0409,0.001849,4.390
900593,520,370,890,244,3,211,336.21,0.9984,0.6060,0.240044,69,20,3,39.16,0.9080,0.1662,0.017723,4.283
900612,520,366,886,249,17,189,343.22,0.9886,0.6057,0.242180,58,30,24,32.99,0.4483,0.1684,0.018942,4.238
900630,520,466,986,182,66,194,323.86,0.7893,0.5233,0.177378,1,10,15,224.88,0.7456,0.0493,0.002580,4.324
900638,520,467,987,205,64,99,9.84,0.7717,0.5158,0.175489,2,6,4,165.27,0.4303,0.0363,0.001519,4.377
900640,520,362,882,253,77,51,31.41,0.9882,0.6129,0.264330,3,44,65,236.95,0.8833,0.1753,0.022023,4.364
900642,520,469,989,228,27,71,18.02,0.9644,0.5246,0.177357,10,1,25,299.88,0.8762,0.0420,0.001564,4.409
900653,520,465,985,200,51,156,342.57,0.8108,0.5157,0.170492,8,0,40,283.10,1.0000,0.0507,0.002048,4.236
900664,520,478,998,222,15,80,13.71,0.9776,0.5092,0.164532,6,0,2,353.79,1.0000,0.0210,0.000431,4.254
900677,520,443,963,171,70,230,310.03,0.8643,0.5377,0.187522,24,13,13,19.17,0.2736,0.0775,0.005111,4.310
900683,520,444,964,236,15,100,8.93,0.9816,0.5437,0.190978,1,22,6,150.45,0.9752,0.0788,0.005934,4.308
900685,520,430,950,232,57,6,34.06,0.9930,0.5480,0.200982,24,22,9,100.66,0.4176,0.0977,0.007877,4.336
900706,520,478,998,221,20,74,15.85,0.9701,0.5075,0.163696,5,0,9,314.44,1.0000,0.0236,0.000520,4.230
900718,520,400,920,246,58,29,31.61,0.9712,0.5780,0.227111,51,16,50,328.71,0.6457,0.1418,0.013048,4.395
900726,520,399,919,235,77,1,38.57,0.9987,0.5759,0.229751,47,20,46,328.61,0.5372,0.1395,0.013020,4.439
900741,520,386,906,253,41,90,15.86,0.9863,0.5876,0.232104,50,12,72,309.61,0.7974,0.1517,0.014090,4.402
900788,520,312,832,234,79,253,323.15,0.9908,0.6578,0.301784,69,40,64,333.28,0.4051,0.2231,0.031531,4.315
900799,520,419,939,204,18,247,317.94,0.9890,0.5647,0.199870,47,12,1,41.28,0.9253,0.1100,0.008696,4.257
900805,520,384,904,194,87,220,319.34,0.8082,0.5856,0.234543,23,39,34,172.80,0.3183,0.1532,0.017486,4.216
900806,520,434,954,242,10,47,24.13,0.9945,0.5450,0.193030,14,9,64,276.58,0.9074,0.0968,0.006589,4.295
900826,520,457,977,210,18,184,335.49,0.9633,0.5300,0.175971,8,2,44,279.51,0.9501,0.0590,0.002769,4.282
900827,520,237,757,216,153,227,321.42,0.6956,0.7309,0.429285,74,67,62,57.91,0.0898,0.2948,0.058180,4.430
900850,520,403,923,254,18,73,19.16,0.9947,0.5762,0.219883,53,14,13,24.85,0.7053,0.1269,0.011001,4.424
900859,520,478,998,201,55,142,348.55,0.7900,0.5146,0.171048,7,0,2,357.01,1.0000,0.0225,0.000496,4.378
900860,520,452,972,197,13,217,323.09,0.9835,0.5280,0.171696,10,15,9,140.27,0.2671,0.0667,0.004259,4.086
900871,520,381,901,226,33,240,324.92,0.9788,0.6016,0.235500,48,25,64,309.46,0.5832,0.1621,0.016939,4.265
900879,520,412,932,253,5,17,28.36,0.9983,0.5653,0.210355,40,16,45,320.49,0.5843,0.1211,0.010112,4.331
900881,520,389,909,214,86,177,340.51,0.7471,0.5905,0.241280,23,40,22,143.04,0.5181,0.1525,0.017576,4.310
900888,520,362,882,237,63,183,343.37,0.8922,0.6066,0.249812,6,17,126,265.80,0.9840,0.1838,0.019458,4.316
900908,520,454,974,170,44,247,307.56,0.9598,0.5252,0.170636,15,7,35,292.45,0.6856,0.0670,0.003749,4.105
900919,520,260,780,207,153,208,325.90,0.5249,0.7116,0.406029,36,73,11,135.86,0.9571,0.2679,0.051642,4.487
900926,520,325,845,235,82,234,328.11,0.9233,0.6505,0.296396,64,38,51,348.64,0.3422,0.2051,0.027153,4.490
900929,520,460,980,207,63,123,359.10,0.7708,0.5263,0.182526,11,13,16,258.37,0.1151,0.0649,0.003964,4.309
900935,520,366,886,233,75,184,342.59,0.8530,0.6121,0.258191,42,27,82,291.41,0.6834,0.1729,0.018853,4.476
900939,520,413,933,236,63,65,25.10,0.9122,0.5668,0.217726,20,31,1,126.68,0.9612,0.1181,0.011309,4.367
900943,520,479,999,181,83,123,356.49,0.5894,0.5085,0.174417,3,0,0,29.23,1.0000,0.0143,0.000194,4.471
900961,520,474,994,193,12,221,321.01,0.9855,0.5240,0.168224,7,1,11,315.32,0.7319,0.0304,0.000910,4.286
900963,520,411,931,246,51,32,30.15,0.9684,0.5723,0.220682,20,29,19,142.19,0.3189,0.1158,0.010745,4.456
900964,520,409,929,213,57,206,329.99,0.8879,0.5726,0.215306,58,1,44,340.81,0.9185,0.1328,0.011032,4.347
900968,520,351,871,240,100,92,26.05,0.8665,0.6258,0.284152,15,50,48,189.99,0.6492,0.1891,0.025961,4.399
900971,520,251,771,253,138,135,22.48,0.9485,0.7189,0.408117,4,76,42,155.50,0.9846,0.2713,0.053616,4.421
900977,520,336,856,234,71,233,328.22,0.9345,0.6370,0.278845,12,58,0,139.90,1.0000,0.2041,0.031042,4.058
900995,520,415,935,243,27,120,3.85,0.9650,0.5682,0.211979,36,24,32,339.26,0.2497,0.1246,0.011326,4.272
900997,520,379,899,244,47,163,350.70,0.9300,0.5974,0.239136,46,24,72,301.95,0.6538,0.1637,0.017020,4.314
900999,520,465,985,225,20,79,14.68,0.9712,0.5170,0.170752,11,2,37,288.71,0.8970,0.0549,0.002481,4.206
901000,520,335,855,252,80,156,357.37,0.9589,0.6387,0.288364,32,51,54,208.30,0.2871,0.2049,0.029410,4.261
901008,520,413,933,204,42,236,320.01,0.9530,0.5671,0.205511,24,24,48,281.99,0.4501,0.1200,0.010608,4.216
901017,520,405,925,231,6,211,333.25,0.9955,0.5827,0.218249,13,17,85,270.45,0.9340,0.1327,0.011423,4.367
901022,520,396,916,210,7,253,318.29,0.9968,0.5769,0.209472,57,14,39,348.10,0.6681,0.1435,0.013305,4.099
901027,520,411,931,226,37,179,341.20,0.9297,0.5654,0.207491,16,13,76,274.59,0.9161,0.1177,0.009198,4.350
901047,520,283,803,250,105,207,340.74,0.9540,0.6879,0.349349,68,55,45,59.39,0.2082,0.2500,0.041509,4.364
901053,520,346,866,247,83,157,356.37,0.9037,0.6337,0.283981,12,54,0,139.51,1.0000,0.1901,0.027164,4.328
901055,520,432,952,238,45,36,28.77,0.9614,0.5517,0.201845,23,16,43,292.93,0.5494,0.0978,0.007272,4.397
901064,520,387,907,241,52,149,355.08,0.9068,0.5895,0.233298,42,35,0,98.02,1.0000,0.1530,0.016943,4.232
901072,520,468,988,191,57,181,331.16,0.8065,0.5198,0.173404,0,0,38,264.05,1.0000,0.0408,0.001399,4.346
901093,520,463,983,221,23,140,352.46,0.9446,0.5299,0.178810,15,5,22,310.53,0.5822,0.0545,0.002680,4.343
901138,520,434,954,227,28,146,351.89,0.9402,0.5466,0.192395,44,6,17,7.04,0.7399,0.0991,0.007063,4.248
901143,520,432,952,223,37,169,343.61,0.9170,0.5545,0.198782,4,25,37,236.06,0.7102,0.1016,0.008546,4.249
901152,520,319,839,249,62,220,335.34,0.9692,0.6463,0.287553,89,28,32,19.88,0.6928,0.2238,0.030590,4.189
901165,520,446,966,223,45,110,5.35,0.8831,0.5354,0.186932,2,20,21,199.55,0.7723,0.0782,0.005673,4.256
901170,520,328,848,189,121,245,307.61,0.8612,0.6488,0.310868,28,56,39,155.89,0.5352,0.2120,0.032216,4.389
901192,520,377,897,212,105,129,7.43,0.6163,0.5970,0.256871,2,39,69,248.08,0.9068,0.1630,0.018935,4.452
901193,520,362,882,245,34,208,337.34,0.9741,0.6148,0.251136,22,16,122,271.37,0.9719,0.1842,0.019462,4.335
901200,520,420,940,246,23,25,28.29,0.9887,0.5555,0.202794,34,19,38,319.00,0.4288,0.1140,0.009458,4.252
901204,520,331,851,240,50,255,324.73,1.0000,0.6446,0.280290,28,45,85,264.94,0.5902,0.2042,0.027794,4.246
901212,520,282,802,225,131,198,338.62,0.6966,0.6879,0.363192,53,62,0,118.50,1.0000,0.2453,0.042021,4.490
901227,520,433,953,136,105,232,291.23,0.7867,0.5510,0.211635,22,24,5,114.29,0.6466,0.1001,0.008348,4.484
901236,520,336,856,225,71,254,320.75,0.9949,0.6366,0.276718,80,27,32,17.51,0.6432,0.2046,0.025939,4.302
901238,520,426,946,237,57,64,24.33,0.9256,0.5628,0.213041,7,27,41,241.75,0.6200,0.1113,0.009891,4.392
901251,520,443,963,228,43,87,14.35,0.9178,0.5377,0.189127,7,20,8,146.07,0.6261,0.0775,0.005630,4.299
901258,520,426,946,248,30,40,26.70,0.9823,0.5638,0.210418,24,26,27,228.98,0.0445,0.1137,0.010121,4.332
901295,520,436,956,197,42,228,319.96,0.9395,0.5496,0.191292,38,7,11,15.73,0.6863,0.0879,0.005883,4.318
901299,520,447,967,231,4,139,354.52,0.9933,0.5443,0.189428,5,20,18,184.71,0.5391,0.0791,0.005762,4.294
901311,520,424,944,225,43,169,344.27,0.9033,0.5620,0.206024,51,3,26,356.57,0.8275,0.1119,0.008436,4.381
901316,520,456,976,226,18,106,5.38,0.9675,0.5256,0.176448,2,3,46,268.04,0.9745,0.0580,0.002753,4.293
901326,520,353,873,255,34,180,347.32,1.0000,0.6186,0.257028,66,31,24,32.49,0.5254,0.1841,0.022043,4.262
901327,520,446,966,160,64,253,301.96,0.9849,0.5352,0.182327,18,17,9,101.85,0.2797,0.0786,0.005492,4.187
901336,520,399,919,253,25,87,15.58,0.9877,0.5791,0.222698,29,27,59,283.86,0.5177,0.1398,0.013608,4.287
901338,520,14,534,241,255,212,122.13,1.0000,0.9752,0.949740,14,135,23,143.26,0.9936,0.4696,0.174824,4.447
901348,520,402,922,254,45,19,30.75,0.9961,0.5835,0.229984,15,30,47,252.59,0.4781,0.1278,0.012353,4.490
901369,520,407,927,235,44,141,356.11,0.9109,0.5691,0.213896,27,12,77,284.23,0.8714,0.1269,0.010318,4.375
901370,520,447,967,194,61,202,325.51,0.8385,0.5423,0.190726,6,2,64,270.85,0.9886,0.0802,0.004523,4.415
901374,520,453,973,182,20,243,312.73,0.9827,0.5267,0.169176,23,6,25,323.44,0.6015,0.0679,0.003826,4.072
901384,520,437,957,226,51,133,357.71,0.8657,0.5540,0.202325,26,15,24,333.12,0.3089,0.0882,0.006272,4.484
901389,520,442,962,199,38,215,323.86,0.9330,0.5407,0.184363,24,9,37,306.22,0.6407,0.0820,0.005231,4.243
901392,520,409,929,165,95,230,305.24,0.8019,0.5652,0.218974,49,18,28,1.57,0.5235,0.1305,0.011695,4.360
901400,520,261,781,226,150,154,16.05,0.5573,0.7091,0.403163,43,74,0,131.48,1.0000,0.2750,0.054110,4.353
901416,520,480,1000,216,32,98,7.49,0.9171,0.5089,0.165163,0,0,0,0.00,0.0000,0.0000,0.000000,4.303
901424,520,472,992,208,18,171,338.90,0.9543,0.5185,0.167849,1,4,0,134.81,1.0000,0.0275,0.000933,4.277
901442,520,395,915,251,54,87,18.01,0.9719,0.5921,0.238393,10,38,37,191.97,0.6328,0.1438,0.015843,4.380
901456,520,467,987,167,88,167,327.24,0.5972,0.5158,0.179859,5,6,15,276.42,0.3855,0.0437,0.001970,4.423
901459,520,386,906,219,96,102,19.53,0.7109,0.5861,0.243874,12,39,38,191.98,0.5888,0.1483,0.016691,4.407
901488,520,420,940,153,102,227,299.90,0.7640,0.5604,0.218213,17,24,45,268.68,0.4634,0.1120,0.009619,4.499
901491,520,311,831,246,82,212,337.20,0.9430,0.6558,0.303837,60,36,87,303.38,0.5897,0.2169,0.029106,4.473
901513,520,419,939,243,27,67,20.40,0.9773,0.5554,0.202472,39,7,46,319.90,0.7538,0.1069,0.007806,4.368
901518,520,476,996,184,40,206,321.79,0.9021,0.5103,0.161655,2,1,4,302.09,0.5000,0.0201,0.000434,4.197
901536,520,456,976,150,80,240,299.44,0.8859,0.5315,0.185129,4,14,7,154.80,0.5654,0.0589,0.003552,4.391
901548,520,444,964,198,23,229,320.35,0.9750,0.5421,0.182773,12,21,8,136.34,0.5151,0.0838,0.006320,4.133
901571,520,458,978,222,24,136,354.12,0.9428,0.5306,0.179631,27,0,20,339.06,1.0000,0.0592,0.002836,4.346
901584,520,456,976,204,80,75,25.42,0.7465,0.5295,0.190847,21,9,10,14.23,0.3354,0.0649,0.003767,4.479
901594,520,404,924,177,84,250,306.46,0.9521,0.5795,0.225906,44,14,56,314.88,0.6996,0.1317,0.011351,4.497
901596,520,291,811,251,109,161,359.71,0.9180,0.6763,0.340227,0,67,47,165.74,1.0000,0.2409,0.042193,4.233
901615,520,163,683,254,165,241,332.12,0.9934,0.8063,0.543340,110,71,64,30.60,0.3399,0.3533,0.081920,4.498
901629,520,270,790,235,122,225,330.64,0.8767,0.6994,0.370195,6,65,98,240.69,0.8860,0.2620,0.047009,4.332
901630,520,415,935,224,56,161,347.31,0.8552,0.5664,0.212514,30,8,73,289.86,0.8835,0.1207,0.009307,4.426
901634,520,435,955,242,1,88,13.15,0.9991,0.5501,0.196069,41,0,29,342.38,1.0000,0.0890,0.005602,4.426
901644,520,468,988,172,71,203,317.34,0.7836,0.5203,0.175899,16,0,4,0.93,1.0000,0.0356,0.001189,4.413
901661,520,453,973,233,19,61,20.75,0.9829,0.5302,0.181294,22,2,37,307.41,0.8581,0.0670,0.003476,4.325
901675,520,402,922,245,34,133,0.19,0.9535,0.5798,0.222533,46,0,73,307.47,1.0000,0.1332,0.010619,4.496
901692,520,472,992,175,19,244,310.49,0.9835,0.5164,0.161123,6,4,1,86.94,0.5425,0.0339,0.001277,4.117
901697,520,397,917,220,60,202,333.07,0.8863,0.5847,0.227138,48,20,46,329.96,0.5417,0.1411,0.013260,4.381
901705,520,452,972,173,84,191,320.64,0.6981,0.5322,0.189874,1,8,48,264.53,0.9485,0.0691,0.003935,4.447
901714,520,297,817,227,117,222,328.99,0.8324,0.6787,0.343293,25,55,96,256.84,0.6544,0.2380,0.037834,4.478
901723,520,404,924,254,31,69,20.92,0.9947,0.5804,0.224843,35,27,27,18.10,0.1375,0.1286,0.012203,4.418
901730,520,426,946,247,13,94,12.28,0.9896,0.5645,0.208737,46,13,14,21.07,0.6357,0.1124,0.009005,4.385
901732,520,447,967,195,21,229,319.55,0.9771,0.5364,0.177971,3,23,12,158.13,0.8573,0.0846,0.006587,4.029
901736,520,368,888,212,100,183,338.32,0.6979,0.6105,0.265321,33,41,51,254.18,0.2070,0.1749,0.021482,4.411
901769,520,283,803,247,103,231,332.16,0.9581,0.6927,0.352468,34,57,93,259.04,0.5294,0.2465,0.040565,4.444
901798,520,420,940,246,24,24,28.46,0.9881,0.5558,0.203156,9,13,75,269.84,0.9432,0.1122,0.008539,4.325
901799,520,454,974,188,76,165,336.38,0.6997,0.5285,0.185783,17,13,18,319.46,0.1740,0.0712,0.004507,4.326
901803,520,391,911,252,56,21,32.03,0.9874,0.5879,0.235816,9,40,24,157.42,0.8185,0.1451,0.016415,4.303
901806,520,226,746,252,148,184,358.37,0.8994,0.7501,0.453384,36,80,27,140.39,0.9035,0.2930,0.061913,4.498
901819,520,393,913,252,56,60,25.66,0.9842,0.5912,0.238537,13,33,53,250.31,0.5746,0.1390,0.014303,4.487
901821,520,431,951,178,67,231,312.36,0.8761,0.5450,0.192498,20,20,34,283.57,0.3184,0.0979,0.007645,4.207
901832,520,438,958,195,4,248,315.46,0.9975,0.5477,0.184676,3,12,63,266.07,0.9470,0.0933,0.006411,4.160
901833,520,468,988,232,5,2,29.29,0.9982,0.5194,0.172719,2,7,2,143.94,0.7006,0.0382,0.001692,4.309
901844,520,377,897,236,47,196,338.72,0.9370,0.5991,0.238542,42,37,20,93.60,0.3870,0.1618,0.018659,4.203
901848,520,366,886,188,95,249,309.36,0.9379,0.6085,0.257162,4,37,82,257.60,0.9084,0.1691,0.019580,4.415
901861,520,433,953,188,55,230,316.41,0.9081,0.5471,0.191381,30,11,40,312.39,0.6277,0.0951,0.006686,4.258
901899,520,370,890,245,68,137,1.67,0.9029,0.6067,0.253561,44,38,21,90.76,0.3821,0.1672,0.019759,4.352
901937,520,452,972,183,95,113,8.20,0.5250,0.5288,0.194453,19,14,15,4.54,0.1264,0.0744,0.004870,4.455
901939,520,367,887,213,86,219,325.88,0.8442,0.6120,0.259179,43,41,9,105.74,0.7224,0.1724,0.021192,4.343
901953,520,478,998,206,0,171,338.28,1.0000,0.5101,0.160642,1,1,5,279.71,0.6028,0.0191,0.000391,4.180
901959,520,437,957,186,59,230,315.61,0.8974,0.5477,0.192814,17,19,21,248.11,0.0723,0.0864,0.006391,4.306
901981,520,456,976,231,39,39,27.43,0.9629,0.5332,0.185895,21,7,4,37.54,0.5092,0.0591,0.003202,4.434
901989,520,396,916,245,6,146,355.09,0.9939,0.5757,0.216214,64,2,24,6.76,0.9197,0.1377,0.011995,4.294
901994,520,445,965,179,88,176,328.59,0.6464,0.5384,0.196989,25,16,11,50.26,0.2803,0.0847,0.006014,4.409
902013,520,344,864,247,28,228,332.71,0.9868,0.6279,0.262091,56,10,105,298.02,0.9119,0.1918,0.020778,4.409
902017,520,423,943,248,0,42,24.97,1.0000,0.5553,0.201273,3,13,77,265.80,0.9647,0.1113,0.008430,4.300
902021,520,376,896,202,74,252,314.62,0.9794,0.6037,0.244837,37,21,89,286.59,0.8028,0.1636,0.016509,4.433
902033,520,408,928,172,103,204,314.16,0.6594,0.5703,0.228315,23,26,58,276.59,0.5547,0.1312,0.012264,4.470
902035,520,405,925,238,59,106,10.90,0.8882,0.5754,0.223488,23,30,35,239.31,0.1738,0.1272,0.012320,4.388
902037,520,480,1000,199,24,177,334.68,0.9300,0.5076,0.159716,0,0,0,0.00,0.0000,0.0000,0.000000,4.194
902048,520,228,748,244,143,209,341.41,0.8597,0.7398,0.434836,16,82,17,143.08,0.9784,0.2904,0.061850,4.335
902061,520,388,908,248,66,1,35.19,0.9992,0.5886,0.238586,5,39,39,194.99,0.8069,0.1457,0.016297,4.353
902118,520,351,871,198,130,142,8.04,0.4219,0.6277,0.299253,20,53,25,146.90,0.8202,0.1938,0.027650,4.498
902129,520,280,800,202,130,255,309.09,1.0000,0.6865,0.357427,10,58,104,252.12,0.8430,0.2471,0.040899,4.482
902133,520,459,979,218,27,154,347.08,0.9308,0.5322,0.180248,9,15,2,126.62,0.7543,0.0640,0.004041,4.261
902163,520,319,839,248,84,188,345.45,0.9332,0.6495,0.299309,52,55,12,113.23,0.7743,0.2241,0.034890,4.115
902178,520,468,988,223,45,8,32.28,0.9899,0.5191,0.175851,19,0,6,357.44,1.0000,0.0408,0.001516,4.384
902190,520,411,931,253,22,2,29.94,0.9988,0.5692,0.214647,13,19,66,271.29,0.8329,0.1154,0.009446,4.452
902239,520,401,921,248,22,123,3.47,0.9774,0.5774,0.219638,14,36,42,217.81,0.4936,0.1419,0.015222,4.134
902254,520,424,944,251,2,26,27.39,0.9992,0.5609,0.206310,25,25,21,107.04,0.0988,0.1099,0.009561,4.303
902255,520,310,830,251,35,255,327.39,1.0000,0.6551,0.289342,2,46,114,259.76,0.9788,0.2223,0.031816,4.148
902265,520,417,937,239,49,120,4.76,0.9093,0.5731,0.219065,0,34,17,157.52,1.0000,0.1191,0.011845,4.351
902269,520,407,927,220,51,190,336.57,0.8923,0.5701,0.213033,45,12,49,323.23,0.6921,0.1254,0.010427,4.353
902274,520,220,740,237,149,221,333.67,0.8313,0.7465,0.447217,35,70,121,257.90,0.6506,0.3030,0.061178,4.472
902275,520,420,940,197,14,252,315.05,0.9922,0.5564,0.192141,12,31,10,141.89,0.7918,0.1141,0.010800,3.983
902276,520,455,975,184,63,205,321.36,0.8268,0.5305,0.181544,11,4,41,284.27,0.8588,0.0626,0.003181,4.354
902287,520,438,958,213,45,178,338.37,0.8811,0.5462,0.192394,24,11,40,301.74,0.6261,0.0875,0.005867,4.339
902296,520,408,928,252,22,25,28.28,0.9907,0.5679,0.213432,47,5,56,319.77,0.8249,0.1253,0.009985,4.392
902308,520,458,978,229,39,6,31.45,0.9935,0.5271,0.181252,14,2,35,295.75,0.8697,0.0560,0.002581,4.398
902324,520,337,857,242,82,202,339.27,0.9100,0.6440,0.291788,47,38,83,290.10,0.5432,0.2022,0.026151,4.488
902333,520,351,871,253,70,153,357.56,0.9752,0.6290,0.275663,75,19,59,341.16,0.7028,0.1945,0.022776,4.475
902334,520,442,962,205,86,44,38.96,0.8366,0.5359,0.198186,0,22,13,165.47,1.0000,0.0798,0.006028,4.430
902346,520,415,935,224,81,66,29.16,0.8440,0.5656,0.221281,13,32,17,149.24,0.6215,0.1194,0.011590,4.405
902352,520,412,932,194,72,221,319.82,0.8525,0.5672,0.213259,38,26,3,81.82,0.8051,0.1243,0.011575,4.275
902355,520,378,898,247,0,185,343.78,1.0000,0.5965,0.232802,31,38,35,167.71,0.1262,0.1573,0.017989,4.160
902357,520,396,916,233,59,140,357.26,0.8632,0.5769,0.223479,41,29,32,2.02,0.1950,0.1432,0.014545,4.237
902358,520,476,996,192,43,181,331.48,0.8568,0.5090,0.162720,0,2,4,233.51,1.0000,0.0210,0.000522,4.210
902360,520,454,974,193,72,166,337.51,0.7300,0.5319,0.187269,18,12,3,81.95,0.5552,0.0655,0.003981,4.395
902365,520,438,958,229,57,52,27.28,0.9231,0.5453,0.198351,2,0,79,265.71,1.0000,0.0945,0.005774,4.453
902381,520,423,943,219,65,139,355.26,0.8001,0.5566,0.207071,28,20,40,301.51,0.4133,0.1098,0.009004,4.357
902385,520,417,937,250,30,63,22.07,0.9791,0.5707,0.216151,53,12,6,31.71,0.8193,0.1226,0.010331,4.412
902395,520,474,994,232,12,0,29.69,1.0000,0.5209,0.174219,4,2,16,288.65,0.7102,0.0325,0.001066,4.391
902405,520,362,882,202,91,233,318.26,0.8639,0.6112,0.259233,35,28,94,281.16,0.7704,0.1790,0.019959,4.420
902406,520,461,981,228,40,22,30.18,0.9741,0.5264,0.180724,18,3,21,321.53,0.6870,0.0531,0.002479,4.397
902421,520,379,899,231,6,232,328.12,0.9970,0.5966,0.229479,46,16,85,297.68,0.8131,0.1632,0.016073,4.230
902432,520,429,949,231,42,108,7.13,0.9130,0.5486,0.197305,48,2,14,10.49,0.8911,0.1002,0.007036,4.336
902447,520,386,906,217,15,249,320.85,0.9931,0.5869,0.219349,45,21,64,307.35,0.6442,0.1506,0.014644,4.167
902460,520,432,952,229,21,146,352.11,0.9610,0.5476,0.192725,19,24,13,128.14,0.3383,0.0990,0.008208,4.170
902465,520,438,958,246,2,36,25.95,0.9991,0.5508,0.197672,32,5,40,317.67,0.7643,0.0886,0.005689,4.447
902466,520,408,928,214,58,200,332.01,0.8766,0.5714,0.214944,15,34,22,154.94,0.5326,0.1282,0.013035,4.203
902469,520,307,827,202,143,158,2.42,0.3891,0.6652,0.346713,16,62,60,190.94,0.7357,0.2336,0.038815,4.467
902476,520,409,929,227,81,49,33.91,0.8926,0.5689,0.224402,37,20,60,300.44,0.6319,0.1349,0.012199,4.412
902497,520,359,879,246,31,211,336.76,0.9791,0.6170,0.252790,33,23,101,279.75,0.8611,0.1760,0.018756,4.404
902498,520,431,951,219,77,62,29.29,0.8453,0.5504,0.207181,11,27,10,142.74,0.6909,0.1011,0.008769,4.376
902508,520,373,893,216,70,228,324.65,0.9035,0.6040,0.245826,13,46,14,143.89,0.9246,0.1647,0.020712,4.184
902514,520,231,751,242,135,239,328.17,0.9313,0.7372,0.424392,68,70,4,111.59,0.9461,0.2854,0.056181,4.468
902536,520,420,940,239,51,36,29.60,0.9571,0.5584,0.208490,44,12,15,17.28,0.6232,0.1074,0.008330,4.432
902562,520,158,678,233,180,254,316.18,0.9824,0.8165,0.571229,7,101,8,142.69,0.9950,0.3534,0.093697,4.323
902580,520,391,911,188,78,249,310.75,0.9532,0.5860,0.229807,51,16,55,323.46,0.6705,0.1451,0.013503,4.406
902581,520,382,902,156,113,246,295.53,0.8636,0.5974,0.255321,57,28,30,16.22,0.4238,0.1642,0.017942,4.494
902612,520,180,700,244,168,210,345.37,0.7903,0.7869,0.518933,40,92,19,138.44,0.9589,0.3339,0.081522,4.326
902616,520,290,810,225,117,225,327.30,0.8287,0.6775,0.341682,68,52,52,18.34,0.1724,0.2446,0.039330,4.385
902619,520,407,927,251,25,8,29.79,0.9949,0.5662,0.212258,34,18,59,298.17,0.6594,0.1267,0.010885,4.307
902641,520,421,941,192,57,230,317.54,0.9066,0.5551,0.198472,39,19,0,64.82,1.0000,0.1088,0.008971,4.213
902643,520,125,645,221,210,198,69.97,0.1988,0.8479,0.655429,29,101,110,207.12,0.7551,0.3842,0.106939,4.495
902650,520,380,900,229,3,241,325.59,0.9987,0.5990,0.230764,64,21,2,43.03,0.9116,0.1578,0.016309,4.234
902658,520,478,998,187,76,134,350.59,0.6566,0.5121,0.174564,5,0,5,328.36,1.0000,0.0213,0.000432,4.453
902664,520,433,953,232,36,124,1.03,0.9266,0.5519,0.198757,14,3,72,275.97,0.9780,0.0974,0.006263,4.421
902665,520,451,971,211,73,90,16.91,0.7693,0.5358,0.193544,14,14,13,106.63,0.0326,0.0687,0.004365,4.480
902666,520,418,938,221,14,208,331.62,0.9857,0.5643,0.202426,10,28,42,244.08,0.5433,0.1163,0.010622,4.164
902674,520,381,901,230,43,223,329.94,0.9590,0.6021,0.238809,14,31,84,266.09,0.8407,0.1602,0.017133,4.302
902682,520,466,986,210,38,141,350.16,0.8708,0.5169,0.170132,13,4,18,313.88,0.5698,0.0480,0.002161,4.220
902684,520,405,925,209,56,223,324.28,0.9135,0.5762,0.217132,55,12,7,30.23,0.8193,0.1268,0.010906,4.386
902693,520,465,985,216,26,125,356.88,0.9268,0.5151,0.168209,7,7,22,281.21,0.5049,0.0514,0.002551,4.152
902699,520,439,959,244,17,69,19.37,0.9879,0.5542,0.200671,20,7,57,286.56,0.8552,0.0915,0.005961,4.479
902706,520,381,901,252,13,174,348.08,0.9912,0.6031,0.240427,65,22,12,34.48,0.7336,0.1628,0.017244,4.319
902711,520,397,917,217,97,71,33.73,0.7648,0.5780,0.237583,24,35,33,182.55,0.2088,0.1416,0.015060,4.420
902714,520,430,950,231,65,3,35.91,0.9960,0.5541,0.207790,34,15,25,348.01,0.4162,0.0996,0.007520,4.482
902725,520,370,890,198,84,246,314.19,0.9345,0.6052,0.250015,36,29,82,284.42,0.6751,0.1704,0.018630,4.372
902732,520,414,934,240,4,151,352.48,0.9952,0.5674,0.208496,36,20,42,316.37,0.4579,0.1210,0.010426,4.278
902733,520,390,910,219,85,157,350.12,0.7400,0.5883,0.239936,11,38,47,223.11,0.6138,0.1491,0.016625,4.352
902746,520,449,969,218,30,174,340.65,0.9328,0.5440,0.188923,30,6,0,44.33,1.0000,0.0695,0.004063,4.419
902747,520,469,989,137,77,253,292.95,0.9819,0.5234,0.177180,1,1,32,268.11,0.9844,0.0385,0.001324,4.426
902756,520,477,997,204,71,20,38.29,0.9440,0.5099,0.173965,4,0,1,359.68,1.0000,0.0171,0.000280,4.454
902765,520,435,955,217,22,190,335.55,0.9629,0.5480,0.190455,35,12,10,26.57,0.5400,0.0907,0.006422,4.262
902774,520,460,980,220,39,125,358.51,0.8901,0.5304,0.181499,18,6,30,304.83,0.6522,0.0647,0.003526,4.325
902776,520,476,996,208,34,133,352.47,0.8803,0.5068,0.162496,3,0,8,305.48,1.0000,0.0200,0.000369,4.219
902789,520,375,895,192,99,225,316.41,0.7946,0.6036,0.255675,6,39,69,250.15,0.8013,0.1645,0.019193,4.418
902816,520,312,832,231,103,213,333.22,0.8489,0.6589,0.314957,32,58,25,139.29,0.7153,0.2176,0.034033,4.343
902820,520,416,936,242,51,52,26.52,0.9503,0.5661,0.214962,38,7,67,301.82,0.8532,0.1235,0.009693,4.439
902825,520,457,977,225,19,133,355.65,0.9605,0.5335,0.181695,8,11,13,235.97,0.1274,0.0569,0.003200,4.355
902835,520,267,787,250,107,239,330.67,0.9768,0.7068,0.370740,51,57,94,275.64,0.4134,0.2604,0.044381,4.458
902836,520,388,908,254,53,29,30.72,0.9957,0.5899,0.237095,40,35,3,100.52,0.8667,0.1509,0.016598,4.311
902842,520,439,959,236,23,108,6.57,0.9668,0.5486,0.195315,29,12,21,347.84,0.4156,0.0851,0.005783,4.398
902849,520,258,778,204,151,231,313.81,0.6963,0.7150,0.407409,43,70,56,160.87,0.3860,0.2721,0.051793,4.494
902853,520,416,936,232,40,160,348.76,0.9209,0.5689,0.212143,17,22,65,273.05,0.7412,0.1234,0.010746,4.315
902869,520,463,983,187,64,196,324.99,0.8064,0.5303,0.182185,20,3,12,347.12,0.6312,0.0517,0.002404,4.431
902876,520,479,999,156,88,177,317.78,0.6111,0.5061,0.172223,1,0,0,29.23,1.0000,0.0090,0.000065,4.439
902888,520,387,907,221,7,244,322.98,0.9967,0.5882,0.220579,17,36,47,235.52,0.4484,0.1462,0.015861,4.108
902889,520,289,809,241,103,219,334.18,0.9126,0.6772,0.335182,72,45,74,324.39,0.4028,0.2436,0.037490,4.403
902906,520,396,916,235,63,139,358.45,0.8582,0.5840,0.230841,49,4,75,308.19,0.9114,0.1444,0.012479,4.495
902935,520,378,898,246,66,106,12.94,0.9236,0.5974,0.245332,47,23,71,304.10,0.6609,0.1624,0.016721,4.426
902951,520,318,838,220,124,168,352.02,0.6170,0.6560,0.324600,57,53,4,104.56,0.9115,0.2232,0.034249,4.446
902953,520,472,992,231,12,36,25.86,0.9924,0.5207,0.173823,8,1,0,42.60,1.0000,0.0265,0.000733,4.412
902955,520,446,966,239,6,83,14.48,0.9944,0.5437,0.191088,24,13,20,341.15,0.3023,0.0799,0.005326,4.358
902956,520,428,948,229,5,173,343.31,0.9928,0.5566,0.197864,19,21,27,270.71,0.1550,0.0959,0.007539,4.308
902985,520,435,955,189,78,196,325.28,0.7602,0.5506,0.202544,22,19,13,84.49,0.1995,0.0888,0.006654,4.458
902986,520,458,978,187,22,234,316.13,0.9765,0.5277,0.170804,23,0,34,313.59,1.0000,0.0621,0.002977,4.168
902989,520,445,965,235,36,41,26.79,0.9689,0.5399,0.190872,2,23,15,166.67,0.8840,0.0847,0.006602,4.256
903021,520,405,925,255,12,92,13.79,1.0000,0.5805,0.222995,44,17,45,326.03,0.5769,0.1289,0.011259,4.456
903024,520,431,951,202,84,133,356.88,0.6659,0.5487,0.205925,43,10,15,14.31,0.6510,0.1026,0.007652,4.439
903025,520,299,819,234,124,142,10.76,0.7098,0.6677,0.338631,16,65,26,147.03,0.9413,0.2331,0.039652,4.335
903042,520,398,918,222,50,203,333.26,0.9156,0.5805,0.221249,12,4,105,269.23,0.9930,0.1424,0.011848,4.386
903061,520,439,959,225,46,128,358.96,0.8792,0.5463,0.195227,8,17,41,265.95,0.6369,0.0861,0.006126,4.369
903073,520,464,984,214,68,1,38.19,0.9978,0.5244,0.184350,9,8,18,288.25,0.3449,0.0533,0.002754,4.442
903076,520,479,999,193,9,204,325.35,0.9840,0.5103,0.158941,1,0,2,311.99,1.0000,0.0114,0.000108,4.170
903094,520,420,940,222,1,209,331.61,0.9990,0.5641,0.201571,16,29,7,133.96,0.7389,0.1099,0.010042,4.190
903095,520,173,693,231,188,154,60.00,0.5204,0.7961,0.552898,3,95,71,168.01,0.9875,0.3436,0.086583,4.414
903114,520,375,895,236,42,202,336.96,0.9509,0.5993,0.237558,28,16,99,278.17,0.9208,0.1589,0.015182,4.412
903119,520,341,861,255,42,190,344.62,1.0000,0.6275,0.266371,54,47,3,99.79,0.9182,0.2023,0.028239,4.044
903125,520,369,889,249,35,181,345.79,0.9661,0.6083,0.246813,55,2,91,304.62,0.9685,0.1683,0.016110,4.490
903136,520,439,959,236,44,22,30.59,0.9771,0.5458,0.196953,15,8,58,279.77,0.8784,0.0896,0.005807,4.425
903145,520,425,945,239,57,13,33.28,0.9874,0.5623,0.213093,29,20,33,315.21,0.3116,0.1071,0.008713,4.481
903151,520,443,963,230,29,126,359.53,0.9417,0.5450,0.192110,26,7,32,317.48,0.6464,0.0779,0.004759,4.421
903167,520,422,942,207,54,213,326.39,0.8986,0.5645,0.207096,9,21,61,266.81,0.8157,0.1126,0.009313,4.335
903170,520,400,920,240,70,0,36.56,1.0000,0.5772,0.229088,30,30,44,284.23,0.2557,0.1384,0.013864,4.370
903184,520,464,984,127,83,253,288.77,0.9810,0.5214,0.177902,0,6,31,260.82,1.0000,0.0488,0.002292,4.358
903220,520,434,954,224,53,120,2.53,0.8555,0.5472,0.197522,15,13,59,277.27,0.8242,0.0986,0.007051,4.339
903221,520,124,644,245,203,154,70.79,0.7063,0.8451,0.644589,5,100,123,221.18,0.9601,0.3830,0.105761,4.459
903226,520,447,967,195,17,233,318.67,0.9841,0.5383,0.178877,31,9,12,13.27,0.5270,0.0797,0.005133,4.151
903239,520,456,976,220,28,131,355.64,0.9268,0.5264,0.176874,5,9,26,269.07,0.5795,0.0564,0.003022,4.279
903241,520,413,933,252,14,33,26.93,0.9945,0.5660,0.211231,28,5,81,285.30,0.9468,0.1240,0.009495,4.391
903263,520,377,897,253,45,129,3.60,0.9815,0.6005,0.243480,24,40,29,153.85,0.3771,0.1553,0.018004,4.316
903284,520,390,910,255,33,93,14.52,1.0000,0.5880,0.231418,35,25,70,289.61,0.6380,0.1505,0.014948,4.333
903287,520,420,940,245,6,114,5.44,0.9941,0.5643,0.207611,41,15,18,14.35,0.5064,0.1081,0.008568,4.398
903290,520,431,951,225,36,149,350.73,0.9136,0.5481,0.194419,33,19,7,60.85,0.5286,0.1012,0.008045,4.211
903301,520,299,819,234,129,119,26.52,0.7327,0.6705,0.345272,27,64,12,138.29,0.9502,0.2326,0.039262,4.428
903303,520,442,962,165,78,227,307.90,0.8329,0.5375,0.189948,7,15,33,263.99,0.5564,0.0753,0.004966,4.365
903341,520,472,992,224,27,77,15.70,0.9571,0.5175,0.171698,2,2,20,274.85,0.8576,0.0327,0.001068,4.341
903345,520,441,961,221,38,142,352.39,0.8964,0.5386,0.187139,35,11,25,346.22,0.5353,0.0940,0.006669,4.185
903346,520,272,792,238,140,143,18.38,0.7168,0.7029,0.389188,4,75,14,144.30,0.9939,0.2630,0.050895,4.353
903352,520,354,874,240,8,245,327.23,0.9975,0.6217,0.252942,49,34,52,320.72,0.3196,0.1751,0.020450,4.300
903358,520,471,991,226,17,100,7.46,0.9711,0.5235,0.174926,6,3,13,299.87,0.5296,0.0360,0.001329,4.382
903367,520,410,930,230,79,15,38.63,0.9770,0.5694,0.224523,3,26,70,260.85,0.9256,0.1297,0.012003,4.428
903373,520,369,889,218,57,253,319.53,0.9903,0.6128,0.249254,67,1,74,323.56,0.9617,0.1721,0.017096,4.460
903375,520,463,983,187,13,241,314.69,0.9896,0.5308,0.172048,22,1,0,33.11,1.0000,0.0458,0.001923,4.276
903386,520,357,877,246,48,199,340.21,0.9518,0.6193,0.258333,60,18,83,310.68,0.7718,0.1843,0.020179,4.394
903388,520,405,925,230,35,199,336.29,0.9545,0.5829,0.221512,17,36,19,146.56,0.5956,0.1350,0.014279,4.224
903412,520,388,908,234,72,133,1.74,0.8292,0.5894,0.238234,20,41,26,152.00,0.5341,0.1547,0.018091,4.233
903427,520,443,963,212,20,189,334.56,0.9629,0.5375,0.181736,9,4,61,274.09,0.9647,0.0820,0.004818,4.227
903433,520,396,916,201,54,249,315.87,0.9689,0.5810,0.218968,41,13,70,301.58,0.7886,0.1379,0.012015,4.337
903436,520,449,969,179,60,226,314.31,0.8815,0.5351,0.183074,9,13,26,269.95,0.4042,0.0680,0.004205,4.300
903442,520,480,1000,221,33,64,20.09,0.9493,0.5119,0.168328,0,0,0,0.00,0.0000,0.0000,0.000000,4.367
903443,520,339,859,247,88,157,357.02,0.8967,0.6397,0.291910,35,52,37,147.71,0.3583,0.2038,0.029468,4.302
903459,520,387,907,254,13,135,0.36,0.9921,0.5910,0.231116,38,8,87,291.32,0.9115,0.1459,0.012738,4.481
903464,520,430,950,224,65,87,17.46,0.8469,0.5499,0.203187,37,12,35,330.51,0.5836,0.1038,0.007777,4.382
903470,520,444,964,240,12,24,27.79,0.9943,0.5392,0.188575,13,21,7,132.55,0.5389,0.0843,0.006372,4.232
903472,520,472,992,182,5,242,313.15,0.9959,0.5219,0.164656,9,2,1,36.91,0.6095,0.0313,0.001037,4.206
903475,520,462,982,231,9,100,7.97,0.9873,0.5318,0.181074,0,10,9,188.93,1.0000,0.0462,0.002368,4.413
903483,520,316,836,229,89,249,322.47,0.9691,0.6586,0.306443,62,45,48,6.84,0.2008,0.2175,0.031144,4.393
903489,520,478,998,215,49,59,23.45,0.9078,0.5107,0.169620,1,0,15,275.86,1.0000,0.0213,0.000409,4.357
903505,520,380,900,252,68,51,29.60,0.9846,0.6013,0.250723,49,32,31,22.81,0.2560,0.1612,0.017850,4.432
903508,520,424,944,236,57,77,20.41,0.9118,0.5631,0.212980,43,15,8,35.40,0.6432,0.1091,0.008728,4.478
903532,520,407,927,214,75,168,343.30,0.7733,0.5720,0.221576,37,15,68,297.75,0.7597,0.1335,0.011523,4.414
903538,520,422,942,235,42,113,5.97,0.9199,0.5580,0.205134,10,3,82,270.96,0.9895,0.1078,0.007388,4.446
903544,520,210,730,192,179,216,301.21,0.3702,0.7553,0.484047,36,85,25,140.20,0.9314,0.3093,0.069420,4.472
903546,520,448,968,160,78,238,303.67,0.8798,0.5396,0.190959,6,3,59,271.63,0.9778,0.0758,0.004196,4.446
903550,520,389,909,246,64,88,18.77,0.9367,0.5913,0.239676,2,39,47,215.65,0.9107,0.1484,0.016691,4.344
903558,520,444,964,164,92,200,313.16,0.6814,0.5383,0.197176,25,5,44,303.39,0.7971,0.0819,0.004971,4.496
903560,520,473,993,205,23,178,335.99,0.9407,0.5189,0.168083,11,0,7,339.18,1.0000,0.0302,0.000865,4.287
903562,520,449,969,221,7,166,343.59,0.9866,0.5378,0.182798,16,9,28,298.93,0.5186,0.0671,0.003894,4.320
903568,520,398,918,213,40,241,321.30,0.9654,0.5843,0.220164,5,38,25,163.15,0.8823,0.1371,0.014886,4.164
903579,520,330,850,234,93,201,337.88,0.8530,0.6438,0.295406,10,56,50,182.39,0.8261,0.2077,0.031230,4.252
903593,520,414,934,208,46,226,323.43,0.9373,0.5689,0.208567,1,10,91,264.70,0.9846,0.1243,0.009788,4.325
903614,520,365,885,245,80,88,21.90,0.9211,0.6069,0.258576,72,18,25,16.89,0.7256,0.1733,0.018807,4.485
903647,520,371,891,212,59,253,317.86,0.9894,0.6051,0.242185,10,49,1,139.87,0.9954,0.1721,0.022633,4.023
903652,520,270,790,250,110,219,336.91,0.9629,0.7005,0.365930,11,70,60,178.28,0.8863,0.2583,0.047775,4.254
903663,520,372,892,254,73,6,35.90,0.9957,0.6077,0.258527,4,36,84,258.84,0.9195,0.1684,0.019275,4.454
903670,520,461,981,192,20,231,318.26,0.9788,0.5327,0.174777,3,7,17,260.23,0.4990,0.0451,0.002118,4.313
903683,520,450,970,205,13,210,327.02,0.9829,0.5368,0.179220,1,3,54,265.74,0.9856,0.0661,0.003379,4.294
903695,520,462,982,228,5,127,358.00,0.9908,0.5336,0.181377,1,1,40,266.98,0.9907,0.0464,0.001813,4.466
903705,520,401,921,187,68,255,309.81,1.0000,0.5780,0.219200,4,37,33,183.55,0.8506,0.1362,0.014587,4.168
903714,520,272,792,197,155,190,332.02,0.3711,0.6967,0.390315,20,72,11,141.06,0.9757,0.2566,0.048074,4.490
903718,520,450,970,233,19,99,8.99,0.9734,0.5384,0.186933,18,7,31,302.61,0.6296,0.0673,0.003795,4.404
903727,520,294,814,255,78,230,334.25,1.0000,0.6763,0.324250,37,60,62,202.81,0.3089,0.2394,0.039727,4.171
903729,520,452,972,183,39,230,315.48,0.9409,0.5268,0.172327,32,3,0,35.78,1.0000,0.0671,0.003723,4.138
903732,520,361,881,237,57,213,334.30,0.9366,0.6177,0.257375,45,26,91,291.25,0.7409,0.1830,0.020520,4.359
903733,520,407,927,233,65,98,14.21,0.8638,0.5696,0.219890,6,20,78,266.13,0.9289,0.1264,0.010890,4.432
903736,520,350,870,224,86,219,329.19,0.8686,0.6290,0.276194,15,48,65,234.46,0.6504,0.1917,0.025970,4.294
903753,520,311,831,208,133,177,344.13,0.5197,0.6599,0.333607,30,61,10,135.87,0.9424,0.2241,0.036353,4.442
903754,520,74,594,248,220,232,350.02,0.6620,0.9078,0.769699,44,119,16,139.32,0.9838,0.4242,0.137661,4.368
903773,520,305,825,234,87,251,323.42,0.9810,0.6651,0.312760,26,28,144,270.18,0.9594,0.2313,0.030635,4.499
903797,520,330,850,239,39,253,325.06,0.9933,0.6354,0.268962,2,50,91,250.46,0.9432,0.2119,0.030493,3.963
903809,520,384,904,241,45,164,349.64,0.9287,0.5909,0.232609,26,23,82,278.22,0.7958,0.1492,0.014415,4.387
903822,520,314,834,240,98,205,338.38,0.8873,0.6618,0.316710,17,56,74,231.92,0.6787,0.2224,0.034418,4.344
903826,520,346,866,209,92,243,317.89,0.9198,0.6292,0.276821,40,47,15,120.05,0.6534,0.1878,0.025186,4.347
903840,520,474,994,138,71,254,293.79,0.9917,0.5173,0.170655,10,1,3,1.86,0.6774,0.0303,0.000928,4.333
903844,520,461,981,229,20,78,15.46,0.9745,0.5252,0.177114,12,6,22,300.25,0.5289,0.0536,0.002663,4.313
903846,520,380,900,245,70,104,14.22,0.9147,0.5991,0.247955,12,37,66,254.06,0.6866,0.1590,0.017946,4.385
903868,520,474,994,229,5,42,24.37,0.9964,0.5153,0.169368,1,5,2,153.09,0.7142,0.0315,0.001194,4.285
903872,520,464,984,228,18,66,18.91,0.9806,0.5201,0.173229,19,2,13,341.33,0.6994,0.0484,0.002109,4.284
903876,520,459,979,204,65,130,355.54,0.7551,0.5258,0.182317,8,15,3,130.90,0.6706,0.0635,0.003998,4.302
903877,520,474,994,224,48,4,33.01,0.9948,0.5235,0.179728,4,4,5,285.76,0.0838,0.0333,0.001236,4.484
903890,520,416,936,229,56,152,351.72,0.8637,0.5716,0.217560,22,28,41,265.17,0.2910,0.1240,0.011612,4.343
903917,520,437,957,187,74,210,320.46,0.8081,0.5515,0.201167,31,15,20,359.90,0.3513,0.0933,0.006835,4.419
903924,520,472,992,233,10,36,25.84,0.9940,0.5245,0.176713,6,1,14,304.78,0.7775,0.0308,0.000921,4.452
903934,520,407,927,240,42,132,0.10,0.9270,0.5742,0.218503,63,2,1,29.37,0.9822,0.1304,0.011026,4.400
903940,520,480,1000,166,58,221,311.31,0.8687,0.5097,0.163544,0,0,0,0.00,0.0000,0.0000,0.000000,4.271
903947,520,384,904,249,32,131,1.46,0.9626,0.5861,0.228149,13,14,99,269.64,0.9679,0.1459,0.013004,4.415
903965,520,352,872,236,15,244,326.51,0.9946,0.6154,0.247087,90,2,3,28.24,0.9895,0.1937,0.022240,4.112
903967,520,478,998,203,73,49,32.60,0.8424,0.5134,0.176854,3,2,2,18.05,0.1289,0.0243,0.000672,4.477
903976,520,330,850,189,142,124,41.90,0.3361,0.6364,0.316210,30,53,62,224.90,0.3751,0.2134,0.031699,4.482
903977,520,427,947,234,37,146,353.78,0.9283,0.5649,0.208938,18,16,54,280.21,0.7027,0.1018,0.007655,4.491
903985,520,474,994,219,27,131,355.37,0.9283,0.5239,0.174852,0,1,26,264.16,0.9853,0.0320,0.000963,4.412
903988,520,454,974,209,18,181,336.11,0.9608,0.5263,0.173262,13,6,41,285.79,0.7900,0.0681,0.003759,4.153
904019,520,401,921,224,43,212,331.29,0.9435,0.5847,0.223308,7,40,17,150.02,0.9215,0.1425,0.016032,4.139
904021,520,441,961,197,62,197,327.92,0.8291,0.5450,0.193484,23,4,52,294.82,0.8738,0.0851,0.005169,4.413
904024,520,465,985,171,70,212,314.54,0.8109,0.5240,0.177926,13,6,6,19.10,0.2637,0.0480,0.002290,4.359
904035,520,410,930,225,1,205,333.38,0.9990,0.5669,0.204395,17,19,76,273.49,0.8646,0.1284,0.011067,4.166
904038,520,261,781,242,109,255,324.02,1.0000,0.7068,0.370367,103,37,40,20.46,0.6580,0.2674,0.043604,4.491
904044,520,442,962,227,10,147,351.11,0.9820,0.5410,0.186573,13,13,37,280.17,0.5747,0.0780,0.005070,4.296
904049,520,392,912,150,112,246,293.34,0.8664,0.5891,0.247262,33,37,14,117.42,0.5437,0.1504,0.016782,4.451
904052,520,413,933,248,24,96,12.25,0.9780,0.5704,0.214578,4,12,81,266.48,0.9698,0.1153,0.008828,4.498
904064,520,386,906,200,85,212,323.81,0.7999,0.5867,0.235313,47,12,77,303.70,0.8204,0.1518,0.014031,4.456
904075,520,224,744,254,129,243,330.69,0.9952,0.7462,0.432449,52,76,76,196.03,0.2577,0.3046,0.064206,4.224
904079,520,419,939,235,6,145,353.41,0.9914,0.5553,0.198398,30,10,56,298.67,0.7699,0.1063,0.007786,4.299
904087,520,447,967,213,54,161,344.42,0.8331,0.5446,0.193599,19,1,58,287.38,0.9766,0.0820,0.004656,4.457
904098,520,473,993,211,12,158,343.76,0.9686,0.5153,0.165827,1,4,14,259.58,0.7007,0.0338,0.001250,4.211
904101,520,429,949,232,28,141,354.67,0.9474,0.5543,0.199123,1,26,35,224.31,0.9099,0.1016,0.008665,4.247
904103,520,330,850,255,96,2,41.60,1.0000,0.6380,0.296337,2,58,55,189.05,0.9650,0.2142,0.033147,4.165
904120,520,452,972,221,59,58,25.90,0.8976,0.5322,0.188082,30,7,11,11.07,0.5779,0.0743,0.004522,4.367
904123,520,445,965,212,65,135,355.29,0.7787,0.5423,0.195291,14,13,32,283.93,0.4805,0.0755,0.004855,4.472
904126,520,382,902,250,51,123,5.66,0.9558,0.5969,0.241252,32,16,98,281.27,0.9029,0.1613,0.015594,4.440
904137,520,308,828,251,78,237,331.44,0.9828,0.6737,0.320753,27,56,72,234.62,0.4954,0.2260,0.035291,4.347
904139,520,411,931,234,9,186,340.69,0.9907,0.5740,0.212358,21,31,13,132.39,0.5239,0.1211,0.011684,4.253
904143,520,422,942,233,20,154,350.32,0.9686,0.5587,0.201600,22,15,56,285.45,0.7144,0.1054,0.007977,4.340
904152,520,385,905,215,96,125,7.12,0.6657,0.5859,0.242956,6,33,75,259.17,0.8621,0.1532,0.016343,4.416
904161,520,430,950,228,1,158,347.65,0.9983,0.5462,0.189871,31,12,42,311.32,0.6257,0.0995,0.007214,4.192
904169,520,338,858,208,108,227,321.03,0.8122,0.6408,0.296825,0,46,93,253.85,0.9999,0.2018,0.027441,4.479
904179,520,468,988,187,4,232,316.81,0.9960,0.5211,0.164791,9,0,31,292.42,1.0000,0.0433,0.001570,4.165
904192,520,446,966,204,64,167,340.20,0.7858,0.5416,0.192961,16,3,57,283.40,0.9419,0.0813,0.004707,4.441
904204,520,474,994,212,30,151,346.73,0.9087,0.5207,0.171623,2,0,29,273.54,1.0000,0.0341,0.001016,4.344
904213,520,478,998,219,42,44,26.54,0.9445,0.5110,0.169005,5,1,0,51.16,1.0000,0.0224,0.000540,4.333
904217,520,443,963,174,88,184,323.34,0.6598,0.5357,0.194398,5,21,6,145.33,0.8395,0.0785,0.005817,4.379
904246,520,335,855,245,26,248,327.63,0.9915,0.6367,0.269314,61,29,74,315.22,0.6025,0.1955,0.023653,4.335
904255,520,421,941,233,6,161,347.88,0.9915,0.5585,0.200300,30,18,40,308.10,0.4648,0.1079,0.008618,4.270
904258,520,464,984,194,55,181,332.10,0.8176,0.5229,0.175395,17,5,8,1.75,0.4295,0.0509,0.002453,4.297
904262,520,269,789,250,108,229,333.65,0.9709,0.7028,0.367089,60,57,81,289.87,0.2714,0.2613,0.044810,4.399
904266,520,356,876,234,60,219,331.95,0.9339,0.6186,0.258411,9,50,26,153.37,0.9176,0.1793,0.024138,4.160
904271,520,38,558,253,244,179,101.15,0.9370,0.9523,0.888393,33,129,27,142.22,0.9778,0.4539,0.161023,4.447
904275,520,344,864,255,25,207,339.72,1.0000,0.6289,0.264636,32,27,108,276.83,0.8680,0.1897,0.021736,4.386
904295,520,425,945,225,8,189,337.74,0.9898,0.5585,0.198579,8,32,9,144.31,0.9011,0.1150,0.011043,4.072
904297,520,402,922,245,0,154,352.50,1.0000,0.5779,0.217489,32,9,74,291.18,0.8703,0.1253,0.009969,4.460
904307,520,388,908,244,73,51,30.73,0.9455,0.5912,0.242405,35,36,23,111.60,0.2810,0.1516,0.016809,4.377
904319,520,391,911,228,27,223,329.51,0.9786,0.5908,0.226080,50,27,24,27.99,0.3826,0.1489,0.015280,4.229
904325,520,431,951,152,111,183,309.51,0.4992,0.5483,0.214635,17,26,18,147.72,0.3014,0.1043,0.009016,4.484
904335,520,401,921,215,69,188,336.17,0.8259,0.5771,0.223362,39,22,53,307.77,0.5351,0.1362,0.012622,4.365
904359,520,397,917,199,57,247,315.64,0.9581,0.5789,0.217852,43,31,2,86.23,0.8933,0.1439,0.014980,4.122
904363,520,449,969,209,49,183,335.76,0.8670,0.5450,0.191729,15,14,7,101.27,0.2826,0.0680,0.004310,4.451
904382,520,97,617,210,225,210,145.36,0.2592,0.8769,0.722049,42,110,76,158.58,0.7685,0.4040,0.121655,4.498
904389,520,352,872,233,41,237,327.26,0.9727,0.6154,0.250264,31,13,126,275.43,0.9710,0.1928,0.020854,4.238
904390,520,341,861,252,28,220,335.78,0.9868,0.6319,0.266965,71,30,60,338.63,0.5480,0.2046,0.025946,4.174
904394,520,480,1000,224,25,42,25.25,0.9765,0.5109,0.167126,0,0,0,0.00,0.0000,0.0000,0.000000,4.343
904402,520,220,740,253,159,89,55.55,0.9562,0.7498,0.464029,34,82,24,140.40,0.9321,0.2981,0.064404,4.493
904422,520,319,839,254,5,254,328.35,0.9990,0.6517,0.283382,35,27,132,275.16,0.9271,0.2205,0.028070,4.270
904425,520,458,978,207,47,169,339.76,0.8516,0.5319,0.181650,8,5,38,279.98,0.8317,0.0595,0.003001,4.371
904431,520,412,932,252,26,14,29.49,0.9912,0.5689,0.214697,39,7,64,304.85,0.8383,0.1220,0.009535,4.446
904454,520,476,996,226,14,36,25.79,0.9900,0.5104,0.166131,6,1,1,22.40,0.6057,0.0243,0.000626,4.269
904456,520,133,653,235,195,223,337.09,0.5795,0.8371,0.620211,21,106,10,141.70,0.9913,0.3732,0.104890,4.327
904457,520,455,975,228,4,118,1.09,0.9928,0.5301,0.178917,31,0,0,29.23,1.0000,0.0592,0.002914,4.326
904458,520,395,915,255,18,105,10.09,1.0000,0.5851,0.227163,48,18,43,334.06,0.5628,0.1359,0.012355,4.445
904461,520,427,947,247,33,27,28.80,0.9812,0.5622,0.209446,14,25,24,188.87,0.2711,0.1013,0.008546,4.432
904485,520,385,905,225,76,159,349.83,0.7944,0.5880,0.236821,21,27,82,272.48,0.7954,0.1534,0.015524,4.377
904519,520,365,885,170,110,243,302.19,0.8472,0.6057,0.261694,57,31,32,17.58,0.3701,0.1713,0.019542,4.482
904527,520,408,928,251,1,102,10.00,0.9992,0.5724,0.214939,20,19,77,275.72,0.8476,0.1317,0.011502,4.308
904530,520,402,922,213,15,246,320.50,0.9921,0.5779,0.211435,13,24,71,268.47,0.8214,0.1310,0.011937,4.221
904537,520,401,921,245,60,61,25.87,0.9504,0.5810,0.229845,17,28,67,268.43,0.6902,0.1389,0.013549,4.404
904567,520,439,959,238,4,114,4.25,0.9950,0.5495,0.194821,5,19,36,253.28,0.6354,0.0855,0.006254,4.352
904581,520,342,862,242,41,239,328.93,0.9783,0.6320,0.266978,82,2,56,346.44,0.9180,0.1911,0.021231,4.450
904586,520,407,927,235,69,13,35.85,0.9845,0.5667,0.219505,44,1,73,305.45,0.9744,0.1312,0.010383,4.463
904587,520,377,897,248,3,181,345.14,0.9978,0.5969,0.233611,67,1,56,336.76,0.9375,0.1587,0.015007,4.363
904609,520,449,969,161,71,245,303.27,0.9285,0.5376,0.186766,3,17,19,206.20,0.6146,0.0699,0.004673,4.331
904613,520,440,960,221,69,75,22.63,0.8453,0.5463,0.201390,33,8,31,330.74,0.6322,0.0892,0.005960,4.492
904636,520,405,925,249,45,55,25.27,0.9728,0.5762,0.222959,16,19,81,272.19,0.8958,0.1333,0.011699,4.424
904640,520,397,917,192,87,214,320.37,0.7853,0.5788,0.228791,60,14,14,24.22,0.7592,0.1409,0.013066,4.421
904665,520,456,976,189,80,153,342.31,0.6635,0.5298,0.188575,1,14,27,244.70,0.8150,0.0648,0.003996,4.418
904670,520,418,938,234,2,152,350.88,0.9971,0.5555,0.198058,21,28,32,233.19,0.1701,0.1186,0.010942,4.070
904674,520,457,977,221,52,73,19.79,0.8937,0.5279,0.183118,6,12,19,250.54,0.3396,0.0599,0.003487,4.358
904689,520,260,780,238,115,253,323.18,0.9885,0.7083,0.375325,115,26,32,22.15,0.8350,0.2750,0.044885,4.483
904697,520,425,945,201,39,234,319.72,0.9543,0.5588,0.198106,44,13,8,31.40,0.6817,0.1075,0.008409,4.248
904708,520,449,969,232,35,81,15.96,0.9478,0.5392,0.189550,6,0,61,271.74,1.0000,0.0729,0.003756,4.456
904719,520,377,897,218,91,160,349.31,0.7162,0.5962,0.249278,7,43,36,177.16,0.8133,0.1582,0.019002,4.337
904726,520,379,899,247,4,193,341.60,0.9974,0.6015,0.237145,6,29,94,264.21,0.9253,0.1629,0.017255,4.270
904727,520,396,916,200,109,96,29.28,0.5756,0.5764,0.240629,15,37,35,187.83,0.4760,0.1423,0.015460,4.440
904729,520,465,985,203,72,86,17.67,0.7495,0.5188,0.180052,27,0,8,1.99,1.0000,0.0545,0.002506,4.381
904756,520,478,998,181,32,213,319.23,0.9348,0.5056,0.156621,0,2,3,218.80,1.0000,0.0204,0.000500,4.092
904766,520,328,848,237,87,216,333.74,0.9003,0.6490,0.297813,89,21,27,20.21,0.7845,0.2129,0.027397,4.494
904797,520,368,888,209,101,197,331.73,0.7211,0.6146,0.268955,5,49,5,142.82,0.9841,0.1708,0.022398,4.406
904802,520,409,929,237,44,128,1.11,0.9156,0.5682,0.213675,26,34,13,126.29,0.5470,0.1345,0.013927,4.125
904806,520,202,722,254,147,225,337.94,0.9903,0.7671,0.473769,45,81,52,149.06,0.5665,0.3067,0.066905,4.480
904823,520,469,989,176,81,174,328.26,0.6704,0.5219,0.181721,5,4,15,287.04,0.5041,0.0386,0.001536,4.496
904825,520,420,940,245,25,74,18.53,0.9792,0.5599,0.206056,36,16,32,334.82,0.4579,0.1077,0.008500,4.377
904828,520,396,916,238,52,125,3.08,0.8979,0.5751,0.221169,53,15,47,334.32,0.6551,0.1419,0.013039,4.302
904830,520,386,906,214,103,101,22.81,0.6646,0.5890,0.249383,30,37,24,131.05,0.3005,0.1498,0.016651,4.492
904832,520,407,927,204,61,222,322.99,0.8945,0.5720,0.214504,19,31,44,251.14,0.3629,0.1315,0.013002,4.198
904833,520,449,969,180,61,229,313.85,0.8864,0.5399,0.186990,5,16,28,250.05,0.5390,0.0732,0.004867,4.319
904834,520,323,843,254,105,60,37.11,0.9906,0.6526,0.315036,9,58,33,155.87,0.9320,0.2084,0.031939,4.455
904844,520,415,935,253,8,58,22.31,0.9963,0.5694,0.213656,32,18,59,295.48,0.6619,0.1243,0.010555,4.354
904868,520,377,897,218,40,255,319.48,1.0000,0.6030,0.236449,27,27,86,276.65,0.7753,0.1619,0.016887,4.283
904872,520,470,990,233,3,10,28.67,0.9985,0.5214,0.174139,0,6,16,246.21,1.0000,0.0391,0.001677,4.337
904873,520,295,815,214,144,138,24.82,0.4879,0.6765,0.360792,34,65,9,134.61,0.9498,0.2399,0.041403,4.494
904878,520,347,867,248,63,197,341.62,0.9516,0.6330,0.275458,65,35,22,43.78,0.5123,0.1905,0.023840,4.408
904895,520,309,829,249,99,150,2.09,0.9000,0.6550,0.312685,37,57,32,139.48,0.5111,0.2197,0.034238,4.305
904909,520,477,997,178,24,228,314.85,0.9676,0.5090,0.157208,4,0,13,300.75,1.0000,0.0244,0.000549,4.099
904911,520,270,790,223,128,240,321.37,0.8826,0.7008,0.374191,81,54,34,56.88,0.4447,0.2627,0.045034,4.464
904912,520,347,867,240,3,255,325.06,1.0000,0.6279,0.258130,25,49,49,195.64,0.3996,0.1917,0.026250,4.041
904987,520,403,923,216,23,244,321.63,0.9863,0.5837,0.217453,16,28,53,263.52,0.5438,0.1271,0.011977,4.315
904990,520,478,998,183,53,192,325.16,0.8305,0.5096,0.164206,3,1,0,66.15,1.0000,0.0193,0.000411,4.249
904999,520,475,995,208,6,171,338.82,0.9848,0.5154,0.164826,5,4,4,17.62,0.0691,0.0340,0.001279,4.189
905012,520,399,919,245,17,161,350.59,0.9832,0.5845,0.223899,3,14,97,265.44,0.9783,0.1386,0.011964,4.420
905016,520,388,908,150,115,236,294.28,0.7837,0.5876,0.248016,18,38,35,183.47,0.4139,0.1471,0.016361,4.491
905017,520,438,958,228,34,146,352.35,0.9248,0.5515,0.197161,4,11,64,267.22,0.9488,0.0934,0.006353,4.386
905069,520,341,861,243,71,197,340.70,0.9186,0.6316,0.275953,69,39,14,57.68,0.6705,0.2048,0.027481,4.207
905087,520,477,997,164,82,187,318.39,0.6842,0.5136,0.175158,0,3,4,211.91,1.0000,0.0247,0.000739,4.438
905097,520,445,965,230,16,117,2.14,0.9733,0.5368,0.184809,1,21,19,186.76,0.9053,0.0796,0.005898,4.201
905126,520,430,950,197,31,235,318.54,0.9665,0.5487,0.188499,35,16,26,347.91,0.4065,0.1034,0.008025,4.110
905137,520,345,865,229,106,148,0.66,0.7198,0.6319,0.291066,27,50,25,142.34,0.6302,0.1882,0.025843,4.497
905140,520,465,985,221,14,123,358.20,0.9693,0.5199,0.171189,15,2,23,312.36,0.7678,0.0484,0.002068,4.248
905141,520,384,904,243,73,8,36.52,0.9921,0.5866,0.238406,36,35,27,101.47,0.1662,0.1511,0.016563,4.333
905151,520,325,845,243,108,110,21.52,0.8535,0.6469,0.309085,0,58,56,190.98,1.0000,0.2140,0.033115,4.320
905171,520,352,872,242,45,214,335.15,0.9611,0.6187,0.256119,58,38,29,45.13,0.3341,0.1883,0.023746,4.151
905188,520,387,907,224,71,180,341.43,0.8312,0.5904,0.236514,68,6,15,19.50,0.8953,0.1486,0.013939,4.481
905201,520,461,981,226,46,57,24.06,0.9347,0.5302,0.184210,8,7,9,308.76,0.0999,0.0466,0.002233,4.484
905208,520,388,908,242,9,182,343.62,0.9923,0.5871,0.224531,10,43,0,138.71,1.0000,0.1512,0.017922,4.042
905224,520,375,895,215,75,219,326.70,0.8736,0.6019,0.245956,17,43,10,139.55,0.9081,0.1561,0.018688,4.309
905229,520,460,980,233,10,58,21.12,0.9921,0.5272,0.178493,12,13,8,116.60,0.1959,0.0632,0.003835,4.244
905233,520,467,987,188,62,182,329.85,0.7870,0.5207,0.175155,7,5,18,290.27,0.5036,0.0446,0.001974,4.332
905239,520,260,780,252,102,252,327.69,0.9888,0.7107,0.372291,73,50,100,303.67,0.5092,0.2720,0.046178,4.391
905258,520,423,943,251,10,32,26.91,0.9961,0.5629,0.208343,40,17,20,12.58,0.4411,0.1109,0.009026,4.377
905264,520,311,831,243,121,35,49.78,0.9444,0.6580,0.328537,6,62,18,146.14,0.9830,0.2184,0.035275,4.439
905266,520,419,939,217,80,109,10.85,0.7450,0.5610,0.215955,33,24,9,79.01,0.4984,0.1136,0.009964,4.435
905283,520,410,930,255,7,8,29.01,1.0000,0.5697,0.214334,38,19,56,305.30,0.6161,0.1313,0.011634,4.289
905286,520,453,973,193,93,45,44.10,0.7820,0.5270,0.193573,8,14,23,257.86,0.3429,0.0680,0.004276,4.488
905287,520,454,974,196,40,207,325.09,0.9137,0.5312,0.177599,4,12,31,262.39,0.6629,0.0651,0.003877,4.224
905291,520,431,951,177,86,200,319.14,0.7224,0.5467,0.201738,3,5,75,266.64,0.9862,0.0971,0.006358,4.467
905305,520,469,989,179,34,228,314.90,0.9478,0.5157,0.163303,17,0,10,342.91,1.0000,0.0394,0.001411,4.149
905309,520,372,892,254,67,101,15.67,0.9902,0.6124,0.260283,43,40,31,91.79,0.1757,0.1742,0.021301,4.352
905315,520,440,960,179,80,212,316.72,0.7846,0.5489,0.200755,11,16,52,272.12,0.7539,0.0948,0.006896,4.407
905325,520,365,885,254,22,184,345.74,0.9930,0.6141,0.251088,5,33,92,262.27,0.9361,0.1693,0.018926,4.368
905328,520,385,905,246,33,150,354.71,0.9579,0.5877,0.228859,65,17,5,35.62,0.8688,0.1538,0.015359,4.267
905343,520,290,810,234,124,182,348.62,0.7417,0.6817,0.352873,50,58,57,187.54,0.0923,0.2422,0.039996,4.477
905363,520,475,995,160,58,243,304.38,0.9327,0.5199,0.169713,1,3,16,265.83,0.8001,0.0320,0.001090,4.301
905366,520,400,920,180,80,246,308.66,0.9283,0.5752,0.220953,36,26,45,307.85,0.3581,0.1359,0.013033,4.299
905385,520,220,740,202,164,248,304.48,0.8283,0.7477,0.458852,26,83,27,143.50,0.9465,0.2983,0.064850,4.431
905386,520,471,991,182,8,234,314.89,0.9921,0.5155,0.160604,4,4,21,278.51,0.6735,0.0409,0.001668,4.076
905393,520,421,941,225,63,127,1.17,0.8249,0.5611,0.210975,35,15,49,309.02,0.6298,0.1149,0.009208,4.408
905429,520,475,995,189,14,229,317.97,0.9852,0.5242,0.167914,0,5,6,205.57,1.0000,0.0320,0.001217,4.255
905430,520,472,992,133,88,232,293.31,0.8299,0.5175,0.177922,6,1,16,301.22,0.8035,0.0319,0.000978,4.471
905436,520,418,938,238,25,119,3.24,0.9632,0.5569,0.202075,0,7,92,264.21,0.9903,0.1214,0.009246,4.255
905443,520,373,893,250,71,7,35.69,0.9944,0.5979,0.248493,39,32,59,294.68,0.4134,0.1622,0.017801,4.402
905468,520,332,852,187,123,224,312.09,0.7090,0.6372,0.301133,1,56,24,151.61,0.9949,0.1969,0.029006,4.444
905477,520,433,953,234,24,116,3.53,0.9610,0.5474,0.194097,25,15,41,299.41,0.5447,0.0966,0.007084,4.276
905481,520,446,966,241,19,31,27.23,0.9899,0.5438,0.192688,33,2,26,337.99,0.7971,0.0763,0.004414,4.460
905482,520,477,997,187,75,137,348.89,0.6644,0.5119,0.174046,6,0,6,328.36,1.0000,0.0233,0.000519,4.435
905487,520,396,916,238,67,95,16.21,0.8828,0.5805,0.230207,11,26,72,266.05,0.8319,0.1354,0.012777,4.464
905494,520,468,988,225,20,78,15.01,0.9716,0.5168,0.170608,4,9,1,131.22,0.8309,0.0449,0.002234,4.223
905517,520,338,858,250,70,183,346.72,0.9547,0.6361,0.281264,1,55,54,192.79,0.9795,0.2035,0.030050,4.138
905518,520,470,990,220,42,87,13.24,0.9033,0.5207,0.175623,7,5,17,291.35,0.4782,0.0441,0.001942,4.344
905530,520,461,981,185,75,179,329.81,0.7256,0.5301,0.186024,11,3,34,290.01,0.8307,0.0545,0.002518,4.494
905539,520,441,961,143,95,231,296.25,0.8035,0.5397,0.197937,9,6,66,272.51,0.9600,0.0911,0.005816,4.442
905544,520,469,989,219,51,67,21.48,0.8999,0.5219,0.178356,0,8,4,165.38,1.0000,0.0395,0.001824,4.406
905566,520,364,884,248,2,204,338.88,0.9989,0.6091,0.243627,1,48,35,168.98,0.9841,0.1723,0.022416,4.055
905598,520,375,895,229,61,201,335.75,0.9005,0.6004,0.242150,2,5,121,264.82,0.9960,0.1628,0.015018,4.493
905614,520,426,946,207,73,176,338.13,0.7736,0.5618,0.211670,25,20,40,294.23,0.4125,0.1065,0.008602,4.465
905615,520,435,955,208,52,189,333.64,0.8647,0.5492,0.195420,29,14,13,24.01,0.3559,0.0862,0.006044,4.379
905627,520,449,969,217,16,181,338.13,0.9714,0.5407,0.184608,4,0,62,269.19,1.0000,0.0727,0.003736,4.366
905630,520,414,934,185,83,217,317.27,0.7976,0.5651,0.215116,34,13,62,298.59,0.7567,0.1211,0.009757,4.437
905638,520,428,948,246,25,24,28.53,0.9874,0.5562,0.203576,33,11,39,318.59,0.6232,0.0987,0.007092,4.442
905643,520,284,804,245,136,14,58.44,0.9849,0.6875,0.370553,6,70,34,152.27,0.9775,0.2492,0.045343,4.411
905647,520,462,982,170,75,211,314.06,0.7905,0.5284,0.182822,14,5,15,323.70,0.4568,0.0500,0.002364,4.446
905659,520,464,984,229,29,9,30.19,0.9911,0.5213,0.175595,7,7,12,284.67,0.2095,0.0467,0.002237,4.319
905668,520,439,959,214,29,204,330.90,0.9549,0.5543,0.195366,26,16,30,316.01,0.3639,0.0932,0.006839,4.317
905672,520,460,980,172,60,228,311.53,0.8821,0.5263,0.176047,18,10,10,18.80,0.2274,0.0633,0.003676,4.211
905673,520,451,971,209,4,207,328.87,0.9947,0.5398,0.181491,34,4,7,17.32,0.7655,0.0745,0.004423,4.254
905679,520,465,985,231,7,73,16.66,0.9927,0.5248,0.176250,8,3,31,286.32,0.8221,0.0494,0.002157,4.338
905702,520,360,880,245,52,198,340.35,0.9435,0.6197,0.259487,26,17,119,273.52,0.9604,0.1840,0.019523,4.452
905704,520,447,967,220,60,114,5.13,0.8228,0.5443,0.196648,25,11,31,315.00,0.5185,0.0828,0.005450,4.448
905720,520,362,882,236,28,233,328.99,0.9844,0.6118,0.245492,49,34,62,307.95,0.4178,0.1808,0.021449,4.136
905727,520,379,899,212,51,250,318.76,0.9766,0.5966,0.232686,27,3,108,277.09,0.9897,0.1559,0.013808,4.430
905732,520,474,994,180,27,232,314.45,0.9657,0.5169,0.163145,3,0,20,285.05,1.0000,0.0279,0.000699,4.204
905754,520,477,997,158,75,207,310.54,0.7710,0.5085,0.168069,0,1,3,247.65,1.0000,0.0159,0.000283,4.337
905767,520,477,997,225,4,67,17.73,0.9954,0.5101,0.165025,8,0,1,11.38,1.0000,0.0234,0.000538,4.255
905776,520,417,937,235,34,163,348.24,0.9428,0.5727,0.214535,47,12,28,354.86,0.6265,0.1173,0.009512,4.445
905787,520,436,956,232,51,83,17.19,0.9103,0.5511,0.201510,32,15,14,23.74,0.3835,0.0928,0.006805,4.428
905794,520,437,957,207,0,228,323.16,1.0000,0.5508,0.188687,23,14,33,304.70,0.4577,0.0872,0.006060,4.258
905795,520,446,966,221,3,175,340.82,0.9947,0.5419,0.185349,22,11,38,299.86,0.6042,0.0837,0.005499,4.241
905798,520,408,928,239,44,123,3.24,0.9210,0.5705,0.215853,35,30,7,97.23,0.6577,0.1316,0.013012,4.219
905801,520,445,965,188,76,180,330.51,0.7290,0.5368,0.191569,10,0,61,276.10,1.0000,0.0759,0.004014,4.472
905808,520,422,942,219,50,181,339.09,0.8816,0.5625,0.206798,36,20,23,7.31,0.3059,0.1120,0.009373,4.325
905813,520,476,996,219,14,116,0.32,0.9683,0.5133,0.166377,2,2,1,107.87,0.2671,0.0224,0.000585,4.277
905820,520,385,905,231,24,222,330.48,0.9827,0.5943,0.229186,42,21,68,301.07,0.6721,0.1497,0.014459,4.331
905821,520,469,989,226,34,5,31.01,0.9944,0.5176,0.173267,6,1,21,293.97,0.8615,0.0351,0.001146,4.365
905822,520,357,877,239,100,2,45.05,0.9972,0.6154,0.274724,24,45,49,211.01,0.3702,0.1787,0.022926,4.453
905832,520,368,888,174,120,222,307.12,0.6905,0.6148,0.277060,3,50,6,143.75,0.9904,0.1737,0.023136,4.472
905835,520,368,888,219,84,206,331.70,0.8304,0.6112,0.258590,43,34,51,308.38,0.2856,0.1669,0.018967,4.474
905836,520,359,879,227,94,162,351.23,0.7512,0.6160,0.269473,4,37,96,260.88,0.9469,0.1826,0.021933,4.441
905841,520,476,996,218,14,102,5.26,0.9703,0.5065,0.161814,1,2,2,196.09,0.2306,0.0214,0.000543,4.191
905872,520,452,972,235,3,22,27.62,0.9984,0.5262,0.177885,0,17,13,178.02,1.0000,0.0654,0.004299,4.197
905874,520,389,909,245,20,163,350.03,0.9796,0.5863,0.225604,0,34,67,251.33,1.0000,0.1464,0.015492,4.208
905880,520,400,920,213,31,238,322.13,0.9747,0.5774,0.213010,48,23,38,344.22,0.4345,0.1426,0.013812,4.122
905889,520,421,941,159,86,246,300.81,0.9138,0.5562,0.206807,23,9,65,285.65,0.8597,0.1058,0.007592,4.459
905892,520,476,996,205,66,57,27.72,0.8436,0.5090,0.171732,1,2,4,255.89,0.3738,0.0225,0.000586,4.383
905911,520,448,968,232,46,15,31.63,0.9841,0.5388,0.191473,22,2,55,292.49,0.9402,0.0837,0.004898,4.399
905924,520,317,837,246,59,247,327.87,0.9752,0.6554,0.294389,19,54,74,236.99,0.6340,0.2171,0.032711,4.164
905931,520,414,934,240,4,150,352.80,0.9952,0.5670,0.208173,51,6,31,351.09,0.7613,0.1181,0.009331,4.351
905956,520,351,871,250,35,214,336.90,0.9785,0.6277,0.263843,28,43,68,260.22,0.4458,0.1865,0.023919,4.246
905967,520,317,837,238,79,248,325.39,0.9720,0.6607,0.305488,48,50,54,264.46,0.0615,0.2163,0.031759,4.348
905974,520,468,988,162,51,244,305.28,0.9430,0.5168,0.165813,4,5,4,145.26,0.1102,0.0357,0.001431,4.196
905988,520,382,902,252,3,164,350.90,0.9978,0.5967,0.234444,18,41,44,206.49,0.4518,0.1604,0.018963,4.125
905991,520,432,952,219,16,186,337.17,0.9746,0.5474,0.189782,16,12,57,279.43,0.8108,0.0957,0.006685,4.230
905992,520,425,945,222,25,186,337.97,0.9584,0.5561,0.197725,21,26,20,140.43,0.1837,0.1084,0.009487,4.164
906014,520,469,989,214,42,109,3.79,0.8703,0.5150,0.170586,8,4,7,334.30,0.2749,0.0384,0.001538,4.280
906019,520,467,987,222,43,57,23.43,0.9352,0.5197,0.175555,5,5,10,284.11,0.2656,0.0391,0.001627,4.369
906023,520,326,846,249,57,227,333.47,0.9729,0.6466,0.286150,87,22,22,24.67,0.7946,0.2090,0.026583,4.389
906034,520,478,998,211,55,30,31.85,0.9392,0.5050,0.166774,4,0,6,318.71,1.0000,0.0204,0.000390,4.302
906039,520,465,985,109,92,252,281.50,0.9736,0.5183,0.179333,17,2,15,332.30,0.6978,0.0466,0.001971,4.413
906042,520,380,900,232,70,167,348.01,0.8432,0.5971,0.243288,41,33,49,307.14,0.2750,0.1610,0.017809,4.325
906048,520,460,980,225,0,131,355.90,1.0000,0.5280,0.176490,9,14,9,144.91,0.2458,0.0634,0.003919,4.201
906051,520,385,905,227,56,198,336.05,0.9039,0.5909,0.232389,38,12,87,290.55,0.8758,0.1502,0.013631,4.438
906074,520,436,956,244,10,64,20.39,0.9936,0.5516,0.198238,41,0,23,350.58,1.0000,0.0861,0.005334,4.486
906076,520,341,861,246,58,210,337.30,0.9504,0.6324,0.272751,23,48,78,254.17,0.5802,0.2042,0.028460,4.114
906082,520,416,936,196,57,246,315.00,0.9528,0.5735,0.213172,31,28,14,97.57,0.3816,0.1226,0.011535,4.277
906083,520,353,873,248,59,170,349.90,0.9399,0.6169,0.259899,30,44,44,196.13,0.2226,0.1778,0.022592,4.269
906091,520,328,848,253,46,226,334.59,0.9907,0.6457,0.283308,52,16,123,288.34,0.9179,0.2126,0.025307,4.426
906093,520,367,887,239,15,231,330.19,0.9935,0.6118,0.244646,51,33,37,4.51,0.2583,0.1686,0.019252,4.255
906106,520,418,938,211,2,229,323.94,0.9984,0.5588,0.195514,50,0,44,334.01,1.0000,0.1156,0.008601,4.190
906115,520,418,938,151,93,249,296.47,0.9288,0.5598,0.212477,19,30,22,152.81,0.3106,0.1188,0.011249,4.285
906118,520,422,942,237,36,123,2.30,0.9365,0.5615,0.206994,40,16,33,339.34,0.4973,0.1143,0.009316,4.333
906142,520,388,908,160,105,247,298.34,0.8894,0.5884,0.242923,18,40,23,149.81,0.6042,0.1494,0.017080,4.367
906154,520,455,975,212,49,143,350.56,0.8363,0.5299,0.181791,2,8,32,264.30,0.8448,0.0558,0.002908,4.381
906173,520,424,944,235,61,15,34.02,0.9832,0.5582,0.210372,37,17,38,325.37,0.4917,0.1142,0.009342,4.388
906178,520,382,902,254,33,131,2.36,0.9913,0.5965,0.238009,58,23,44,345.28,0.5344,0.1619,0.016943,4.302
906181,520,338,858,246,86,170,351.58,0.8988,0.6407,0.291537,42,52,12,122.16,0.7706,0.2047,0.029747,4.283
906185,520,297,817,249,88,227,333.70,0.9682,0.6754,0.326680,48,49,102,279.63,0.5640,0.2437,0.037842,4.288
906208,520,367,887,242,36,208,336.68,0.9695,0.6103,0.246960,37,41,4,115.52,0.8650,0.1651,0.019880,4.250
906213,520,300,820,245,100,196,343.00,0.9037,0.6681,0.325151,25,53,97,259.14,0.6679,0.2333,0.036158,4.354
906216,520,451,971,199,61,178,334.69,0.8012,0.5358,0.186957,35,0,7,11.22,1.0000,0.0688,0.003727,4.410
906224,520,367,887,241,4,223,332.56,0.9981,0.6081,0.241182,65,23,37,1.68,0.5750,0.1712,0.018703,4.238
906235,520,477,997,214,6,138,351.17,0.9833,0.5100,0.162638,0,3,2,174.96,1.0000,0.0237,0.000695,4.194
906237,520,458,978,193,63,186,330.13,0.7980,0.5326,0.184392,5,15,1,134.45,0.9362,0.0606,0.003761,4.360
906252,520,404,924,193,90,203,324.02,0.7419,0.5778,0.229629,1,38,2,143.18,0.9953,0.1304,0.013970,4.371
906283,520,362,882,237,33,224,331.39,0.9769,0.6097,0.244767,18,32,102,268.27,0.8883,0.1832,0.021208,4.140
906302,520,432,952,172,77,230,309.80,0.8502,0.5480,0.197924,20,19,43,283.25,0.4940,0.1012,0.007889,4.283
906310,520,433,953,213,34,189,334.88,0.9273,0.5456,0.189665,17,21,29,264.05,0.2201,0.0950,0.007442,4.172
906318,520,433,953,216,55,161,345.25,0.8372,0.5509,0.199068,35,15,10,34.97,0.4898,0.0964,0.007209,4.354
906330,520,326,846,246,94,156,358.12,0.8770,0.6453,0.300015,76,31,58,345.47,0.5527,0.2139,0.028222,4.475
906335,520,395,915,220,75,175,342.34,0.8000,0.5856,0.233452,22,32,43,251.29,0.2941,0.1360,0.013780,4.444
906342,520,416,936,207,19,250,318.06,0.9894,0.5723,0.206349,42,6,54,316.06,0.8051,0.1166,0.008889,4.353
906422,520,426,946,247,8,100,10.27,0.9933,0.5649,0.208714,50,4,22,1.92,0.8070,0.1098,0.008230,4.443
906423,520,365,885,253,51,151,356.68,0.9802,0.6123,0.254882,52,34,33,22.62,0.2595,0.1710,0.019840,4.365
906428,520,392,912,237,76,94,18.33,0.8680,0.5885,0.239846,10,23,92,267.31,0.9331,0.1501,0.014499,4.494
906434,520,470,990,165,71,222,309.74,0.8329,0.5243,0.177804,5,7,7,196.57,0.1067,0.0431,0.001996,4.381
906435,520,376,896,241,69,136,1.45,0.8745,0.6000,0.247376,57,20,58,326.54,0.6375,0.1631,0.016758,4.455
906437,520,442,962,208,11,211,327.56,0.9866,0.5423,0.183543,13,17,22,254.15,0.1809,0.0785,0.005444,4.212
906440,520,474,994,196,64,150,344.53,0.7502,0.5191,0.176063,11,1,1,24.44,0.7759,0.0306,0.000951,4.437
906447,520,431,951,159,97,213,306.58,0.7133,0.5490,0.207249,32,9,53,303.88,0.7639,0.1049,0.007595,4.467
906448,520,473,993,217,17,132,354.21,0.9567,0.5163,0.168211,8,1,13,314.33,0.7585,0.0326,0.001024,4.277
906457,520,465,985,188,78,134,351.23,0.6492,0.5167,0.178629,1,7,23,258.02,0.8109,0.0465,0.002203,4.380
906459,520,383,903,251,67,77,22.97,0.9726,0.6019,0.250629,4,42,11,146.43,0.9750,0.1469,0.017058,4.483
906464,520,456,976,232,8,101,7.76,0.9889,0.5339,0.182721,7,10,18,266.78,0.3033,0.0559,0.003059,4.386
906467,520,478,998,184,27,220,318.48,0.9563,0.5135,0.161428,1,0,16,275.06,1.0000,0.0220,0.000439,4.192
906469,520,414,934,220,36,207,331.62,0.9483,0.5704,0.209846,9,32,27,177.02,0.6023,0.1204,0.011702,4.211
906483,520,423,943,239,18,128,0.09,0.9762,0.5595,0.203450,0,32,5,146.51,1.0000,0.1100,0.010439,4.193
906490,520,407,927,236,1,172,345.15,0.9988,0.5688,0.208361,32,7,82,288.17,0.9202,0.1319,0.010682,4.258
906501,520,396,916,230,83,52,33.62,0.8907,0.5775,0.232602,31,31,42,284.75,0.2019,0.1410,0.014384,4.389
906524,520,395,915,234,1,217,332.44,0.9994,0.5910,0.225266,64,7,11,22.93,0.8885,0.1402,0.012663,4.393
906531,520,472,992,137,85,230,295.70,0.8263,0.5153,0.175286,5,3,1,77.32,0.4618,0.0297,0.000996,4.418
906536,520,391,911,202,59,251,315.53,0.9775,0.5883,0.226509,3,42,33,173.53,0.9282,0.1522,0.017850,4.075
906552,520,398,918,209,32,250,318.39,0.9790,0.5805,0.214922,67,1,4,26.01,0.9885,0.1389,0.012240,4.256
906568,520,383,903,228,21,240,325.50,0.9894,0.6004,0.233239,33,30,54,288.46,0.3943,0.1475,0.015182,4.345
906572,520,399,919,185,99,210,318.18,0.7177,0.5846,0.238921,8,39,31,172.80,0.7530,0.1437,0.016015,4.377
906576,520,425,945,191,50,249,313.17,0.9683,0.5626,0.201983,15,28,13,141.16,0.5387,0.1074,0.009611,4.227
906577,520,434,954,179,73,228,313.02,0.8548,0.5513,0.199512,36,14,25,350.09,0.4672,0.1008,0.007594,4.332
906583,520,369,889,218,59,241,322.23,0.9431,0.6058,0.243862,38,6,110,283.71,0.9686,0.1720,0.016681,4.407
906584,520,442,962,238,13,23,27.92,0.9936,0.5351,0.185302,2,16,47,260.84,0.8962,0.0847,0.005887,4.210
906589,520,451,971,238,32,40,26.65,0.9757,0.5438,0.193666,24,5,36,309.89,0.7419,0.0744,0.004301,4.487
906591,520,432,952,182,75,210,318.68,0.7988,0.5452,0.196315,15,10,66,276.71,0.9020,0.1012,0.007120,4.312
906609,520,398,918,242,33,156,351.96,0.9534,0.5825,0.223684,43,0,87,297.13,1.0000,0.1440,0.012017,4.413
906613,520,409,929,163,98,240,301.90,0.8489,0.5749,0.228135,26,30,38,264.18,0.1761,0.1314,0.012881,4.423
906625,520,384,904,237,62,138,359.12,0.8674,0.5864,0.232877,21,41,24,147.89,0.5457,0.1548,0.018112,4.153
906643,520,454,974,188,28,227,317.94,0.9620,0.5261,0.170693,12,2,50,282.20,0.9534,0.0684,0.003519,4.124
906667,520,475,995,179,53,216,317.16,0.8786,0.5205,0.170889,7,3,1,60.52,0.5214,0.0321,0.001125,4.321
906669,520,404,924,228,26,200,335.48,0.9692,0.5758,0.214055,26,23,63,282.47,0.6365,0.1312,0.011913,4.265
906679,520,467,987,224,30,84,13.58,0.9460,0.5206,0.174187,9,5,13,309.00,0.3724,0.0442,0.001957,4.315
906682,520,443,963,233,4,108,5.43,0.9942,0.5372,0.184962,23,3,53,294.63,0.9039,0.0844,0.005043,4.269
906687,520,330,850,217,103,223,325.55,0.8272,0.6436,0.297816,30,55,33,147.07,0.5555,0.2084,0.031181,4.284
906698,520,107,627,242,204,230,337.68,0.6797,0.8663,0.677771,49,108,39,140.87,0.9082,0.3930,0.115242,4.404
906710,520,320,840,247,37,255,326.48,1.0000,0.6492,0.283201,48,52,25,115.92,0.4852,0.2129,0.031545,4.086
906718,520,449,969,214,4,194,333.63,0.9938,0.5403,0.182802,35,1,18,352.90,0.8578,0.0743,0.004228,4.293
906740,520,466,986,230,10,17,28.35,0.9946,0.5167,0.170836,5,4,33,276.87,0.8532,0.0505,0.002289,4.223
906749,520,392,912,214,75,203,331.13,0.8359,0.5907,0.236420,34,7,98,284.19,0.9525,0.1535,0.013738,4.494
906759,520,468,988,197,30,195,328.80,0.9279,0.5186,0.167407,6,2,24,288.51,0.8136,0.0398,0.001481,4.223
906762,520,400,920,253,28,105,10.29,0.9856,0.5845,0.227368,37,33,20,93.01,0.3110,0.1447,0.015316,4.247
906780,520,352,872,234,37,243,326.14,0.9797,0.6191,0.252891,55,25,83,304.54,0.7003,0.1870,0.021321,4.247
906786,520,412,932,252,7,76,17.83,0.9960,0.5699,0.213729,1,12,89,264.62,0.9801,0.1241,0.009906,4.402
906790,520,446,966,237,4,66,19.12,0.9968,0.5357,0.184880,22,16,18,356.23,0.1455,0.0832,0.005848,4.206
906796,520,474,994,231,7,37,25.49,0.9955,0.5196,0.172775,1,6,2,150.91,0.8132,0.0344,0.001411,4.333
906797,520,278,798,226,117,240,322.94,0.9036,0.6871,0.351843,5,57,112,254.72,0.9259,0.2498,0.041281,4.402
906812,520,480,1000,79,99,249,271.60,0.9679,0.5064,0.174247,0,0,0,0.00,0.0000,0.0000,0.000000,4.485
906824,520,365,885,243,33,213,335.57,0.9759,0.6136,0.249494,9,30,94,265.03,0.9114,0.1662,0.017947,4.408
906827,520,308,828,244,100,194,343.46,0.8930,0.6656,0.322452,36,61,1,130.81,0.9918,0.2273,0.037147,4.274
906837,520,433,953,147,95,235,297.12,0.8240,0.5474,0.203858,44,3,36,337.17,0.8052,0.1032,0.007281,4.432
906845,520,429,949,246,15,0,29.75,1.0000,0.5519,0.199381,6,25,24,190.78,0.5787,0.0964,0.007999,4.300
906852,520,464,984,228,17,61,20.26,0.9831,0.5189,0.172348,15,0,28,307.55,1.0000,0.0472,0.001854,4.288
906859,520,431,951,233,55,55,26.24,0.9302,0.5518,0.203349,15,10,61,278.04,0.8742,0.0958,0.006555,4.480
906861,520,454,974,192,86,124,359.76,0.6148,0.5318,0.193189,20,11,27,309.03,0.4433,0.0746,0.004672,4.448
906862,520,286,806,223,138,166,358.91,0.5782,0.6855,0.366199,0,69,11,144.60,1.0000,0.2406,0.042802,4.485
906889,520,397,917,244,35,137,358.71,0.9500,0.5798,0.222446,8,23,86,266.43,0.9263,0.1423,0.013362,4.300
906927,520,427,947,245,33,4,30.68,0.9970,0.5571,0.205125,36,11,39,323.25,0.6302,0.1031,0.007609,4.429
906968,520,418,938,230,54,113,6.42,0.8735,0.5575,0.206564,53,5,16,12.72,0.8264,0.1154,0.009030,4.346
906974,520,345,865,245,63,204,338.86,0.9396,0.6314,0.273301,67,30,38,7.63,0.4806,0.1879,0.022619,4.452
906978,520,378,898,188,86,253,309.27,0.9802,0.5991,0.244397,43,24,68,300.87,0.6274,0.1565,0.015842,4.471
906981,520,384,904,250,6,151,354.50,0.9950,0.5877,0.226921,16,24,84,270.29,0.8753,0.1461,0.014034,4.325
906985,520,446,966,189,35,238,315.51,0.9596,0.5404,0.181952,18,2,56,286.80,0.9523,0.0804,0.004575,4.250
907006,520,455,975,170,77,203,316.16,0.7595,0.5255,0.181665,28,0,12,354.88,1.0000,0.0575,0.002735,4.393
907008,520,348,868,204,116,196,330.44,0.6391,0.6316,0.293151,45,47,25,112.87,0.4156,0.1949,0.026611,4.479
907020,520,367,887,242,90,45,36.52,0.9287,0.6083,0.263822,58,32,20,45.15,0.4873,0.1719,0.019832,4.494
907021,520,420,940,199,53,221,322.00,0.9058,0.5560,0.199103,30,18,37,312.27,0.4257,0.1061,0.008422,4.264
907024,520,471,991,233,11,7,29.17,0.9946,0.5231,0.175815,6,2,18,295.33,0.7282,0.0359,0.001258,4.405
907030,520,465,985,167,49,246,306.58,0.9529,0.5239,0.170666,7,10,4,127.57,0.3749,0.0509,0.002710,4.186
907054,520,447,967,203,66,156,344.27,0.7642,0.5366,0.189951,18,19,14,116.58,0.1524,0.0850,0.006260,4.265
907112,520,476,996,217,27,98,7.27,0.9349,0.5083,0.164200,0,2,9,255.69,0.9999,0.0237,0.000631,4.231
907114,520,471,991,223,42,60,22.50,0.9359,0.5214,0.176729,9,5,1,79.28,0.6257,0.0397,0.001688,4.386
907120,520,443,963,199,25,217,323.53,0.9639,0.5354,0.178488,12,20,18,177.68,0.2251,0.0838,0.006221,4.064
907126,520,384,904,227,17,224,329.05,0.9885,0.5864,0.221160,22,11,104,274.07,0.9673,0.1545,0.014093,4.231
907133,520,444,964,144,98,217,298.82,0.7255,0.5356,0.196746,4,20,14,168.06,0.6600,0.0771,0.005578,4.440
907142,520,454,974,235,7,10,28.83,0.9966,0.5266,0.178393,14,15,8,114.48,0.2623,0.0697,0.004525,4.189
907157,520,456,976,236,4,71,17.64,0.9964,0.5344,0.183779,0,12,24,242.00,1.0000,0.0575,0.003289,4.387
907166,520,414,934,198,44,253,314.50,0.9896,0.5723,0.209003,7,34,18,154.45,0.8373,0.1229,0.012329,4.155
907168,520,445,965,235,37,65,21.24,0.9569,0.5436,0.193701,38,1,14,2.59,0.8882,0.0785,0.004656,4.459
907179,520,461,981,234,4,42,24.55,0.9974,0.5259,0.177496,19,0,28,314.65,1.0000,0.0522,0.002223,4.356
907193,520,449,969,217,9,188,336.07,0.9858,0.5432,0.185802,23,3,39,306.27,0.8273,0.0718,0.003938,4.372
907220,520,397,917,233,53,164,348.24,0.8904,0.5818,0.225530,28,18,79,282.64,0.8168,0.1390,0.012440,4.413
907222,520,436,956,201,24,231,320.68,0.9756,0.5491,0.188419,9,18,43,266.54,0.6333,0.0905,0.006651,4.209
907229,520,393,913,205,58,251,316.41,0.9784,0.5920,0.229718,18,38,7,136.11,0.8903,0.1398,0.015301,4.283
907232,520,6,526,255,252,232,99.90,1.0000,0.9861,0.967072,5,136,45,146.38,0.9971,0.4740,0.178293,4.455
907239,520,389,909,238,21,196,338.89,0.9811,0.5901,0.227019,25,6,104,276.37,0.9787,0.1518,0.013363,4.372
907253,520,365,885,215,118,21,57.20,0.9317,0.6073,0.274602,18,47,31,157.28,0.6520,0.1745,0.022605,4.471
907262,520,366,886,241,22,222,332.81,0.9879,0.6114,0.245514,65,21,33,6.08,0.6092,0.1665,0.017701,4.365
907266,520,279,799,249,110,193,346.03,0.9238,0.6870,0.351447,71,48,73,323.89,0.3490,0.2484,0.039346,4.493
907278,520,385,905,179,87,254,306.02,0.9887,0.5893,0.235566,23,37,34,179.77,0.2714,0.1471,0.016208,4.313
907280,520,404,924,244,31,131,0.52,0.9579,0.5757,0.218551,1,32,47,233.57,0.9288,0.1265,0.012446,4.300
907282,520,392,912,230,86,78,26.58,0.8426,0.5854,0.240314,18,36,48,239.15,0.4332,0.1474,0.016037,4.396
907284,520,464,984,222,27,86,12.39,0.9494,0.5154,0.169881,7,4,29,283.87,0.7637,0.0492,0.002207,4.212
907286,520,436,956,225,47,124,0.56,0.8766,0.5456,0.194985,28,10,34,317.05,0.5883,0.0869,0.005795,4.391
907295,520,412,932,194,63,232,317.41,0.8992,0.5654,0.208519,30,10,72,289.77,0.8563,0.1221,0.009610,4.337
907302,520,469,989,212,62,91,13.92,0.8108,0.5246,0.182000,21,0,9,351.87,1.0000,0.0450,0.001792,4.479
907307,520,428,948,239,48,51,26.26,0.9517,0.5575,0.207069,38,9,38,327.67,0.6700,0.1027,0.007474,4.473
907315,520,470,990,195,45,184,331.43,0.8586,0.5177,0.169412,17,0,21,321.42,1.0000,0.0449,0.001733,4.241
907323,520,342,862,229,80,227,328.39,0.9053,0.6346,0.279436,30,45,54,235.21,0.2824,0.1855,0.024191,4.440
907327,520,402,922,236,53,144,355.89,0.8896,0.5789,0.223956,30,26,38,299.80,0.2413,0.1250,0.011548,4.451
907336,520,409,929,234,64,86,18.49,0.8821,0.5678,0.218341,24,25,57,279.22,0.5510,0.1289,0.011848,4.339
907350,520,435,955,156,87,238,301.16,0.8602,0.5475,0.200577,16,17,35,279.84,0.4273,0.0878,0.006324,4.449
907364,520,380,900,246,77,59,29.76,0.9507,0.6005,0.252197,11,36,74,258.81,0.7646,0.1622,0.018272,4.426
907370,520,372,892,253,69,89,19.81,0.9832,0.6099,0.258637,24,43,45,204.27,0.3356,0.1708,0.021113,4.340
907382,520,445,965,232,41,47,26.05,0.9571,0.5375,0.189500,25,4,42,305.80,0.8105,0.0786,0.004607,4.386
907388,520,341,861,255,7,224,335.39,1.0000,0.6345,0.267971,85,1,57,347.25,0.9560,0.1972,0.022487,4.387
907392,520,268,788,191,149,239,304.83,0.7476,0.7007,0.388037,28,69,52,163.94,0.6435,0.2584,0.047509,4.492
907405,520,419,939,239,0,143,354.77,1.0000,0.5612,0.203370,20,9,74,279.42,0.9175,0.1130,0.008385,4.340
907409,520,392,912,248,63,39,30.95,0.9689,0.5874,0.236614,42,29,35,349.53,0.2219,0.1457,0.014924,4.415
907414,520,425,945,230,44,143,354.36,0.8991,0.5603,0.206103,15,1,83,274.40,0.9953,0.1097,0.007478,4.456
907417,520,464,984,219,43,71,18.90,0.9157,0.5159,0.172454,9,0,40,284.88,1.0000,0.0516,0.002113,4.269
907435,520,450,970,212,41,173,339.63,0.8866,0.5388,0.186022,25,3,26,326.25,0.7406,0.0655,0.003464,4.415
907438,520,442,962,214,31,176,339.03,0.9254,0.5382,0.184130,35,3,23,345.68,0.7640,0.0800,0.004844,4.269
907447,520,458,978,198,5,221,322.43,0.9942,0.5310,0.173364,29,1,0,31.74,1.0000,0.0576,0.002830,4.228
907460,520,437,957,135,99,243,290.48,0.8714,0.5476,0.205455,9,24,1,134.18,0.9686,0.0889,0.007135,4.471
907503,520,342,862,179,117,249,303.37,0.8998,0.6325,0.291463,15,52,35,160.43,0.7720,0.1908,0.026788,4.447
907506,520,414,934,227,61,139,356.59,0.8379,0.5672,0.215351,47,7,45,330.09,0.7557,0.1198,0.009458,4.463
907527,520,339,859,232,77,239,326.08,0.9378,0.6435,0.286978,62,41,2,77.74,0.9307,0.1973,0.026145,4.425
907528,520,434,954,211,63,165,342.88,0.8026,0.5518,0.201226,22,13,51,289.10,0.7016,0.0974,0.006974,4.409
907529,520,424,944,238,12,130,359.07,0.9845,0.5566,0.200549,6,31,24,171.87,0.7272,0.1146,0.010846,4.118
907540,520,347,867,241,100,97,24.10,0.8653,0.6285,0.286811,32,45,64,257.77,0.3478,0.1926,0.025539,4.459
907549,520,363,883,197,114,175,337.61,0.5582,0.6084,0.270014,5,47,30,161.40,0.9294,0.1688,0.021589,4.470
907552,520,412,932,238,54,109,9.14,0.8987,0.5718,0.219227,27,16,67,286.52,0.7662,0.1225,0.010088,4.481
907574,520,468,988,203,26,181,334.56,0.9315,0.5184,0.167734,9,3,23,296.38,0.7158,0.0446,0.001851,4.199
907578,520,453,973,231,26,78,16.07,0.9658,0.5319,0.182808,14,2,46,287.25,0.9312,0.0661,0.003340,4.365
907623,520,335,855,249,33,244,329.40,0.9880,0.6436,0.277621,79,28,2,43.96,0.9360,0.1992,0.024974,4.370
907626,520,72,592,251,229,127,97.45,0.9077,0.9057,0.780813,7,121,12,142.87,0.9965,0.4215,0.137459,4.432
907631,520,434,954,211,72,144,352.05,0.7533,0.5523,0.204994,10,7,71,272.20,0.9608,0.0993,0.006714,4.496
907632,520,289,809,254,98,189,347.61,0.9866,0.6769,0.334834,43,55,79,263.67,0.3372,0.2385,0.038104,4.368
907634,520,421,941,202,74,184,333.73,0.7727,0.5591,0.209165,40,20,10,46.67,0.5207,0.1145,0.009734,4.339
907637,520,2,522,255,255,255,0.00,0.0000,1.0000,1.000000,6,140,6,142.54,0.9978,0.4844,0.188072,4.410
907656,520,461,981,218,39,125,358.09,0.8852,0.5265,0.178396,9,3,33,286.96,0.8346,0.0519,0.002330,4.365
907657,520,330,850,253,47,211,338.47,0.9886,0.6377,0.276221,11,12,148,266.43,0.9924,0.2123,0.024720,4.366
907663,520,208,728,251,134,255,326.05,1.0000,0.7560,0.447817,46,81,63,160.49,0.4622,0.3107,0.068244,4.210
907665,520,451,971,200,6,223,322.48,0.9936,0.5361,0.177390,7,17,5,139.34,0.6364,0.0685,0.004570,4.167
907668,520,409,929,236,35,160,349.46,0.9409,0.5737,0.215759,55,2,44,338.47,0.8657,0.1280,0.010376,4.402
907669,520,433,953,203,56,195,330.38,0.8537,0.5479,0.194668,4,4,75,267.50,0.9881,0.0963,0.006206,4.353
907671,520,364,884,207,97,201,329.54,0.7422,0.6077,0.260334,41,39,34,88.77,0.0959,0.1701,0.020380,4.409
907677,520,409,929,239,63,53,28.25,0.9309,0.5711,0.221660,16,34,27,167.15,0.4370,0.1305,0.013333,4.289
907681,520,369,889,223,80,202,334.10,0.8426,0.6105,0.256917,15,35,87,264.76,0.8205,0.1731,0.019916,4.390
907686,520,477,997,179,10,237,313.33,0.9907,0.5138,0.159163,2,2,2,0.00,0.0000,0.0229,0.000607,4.133
907691,520,237,757,251,122,236,331.96,0.9783,0.7278,0.404869,9,59,149,261.40,0.9558,0.2910,0.053556,4.393
907713,520,416,936,243,45,88,15.88,0.9411,0.5696,0.216394,35,18,52,304.77,0.5993,0.1225,0.010379,4.412
907736,520,252,772,242,125,228,331.90,0.9191,0.7156,0.391481,68,65,16,105.83,0.7713,0.2719,0.050470,4.394
907765,520,398,918,251,21,128,2.31,0.9807,0.5847,0.226076,64,5,32,358.95,0.8249,0.1439,0.013030,4.380
907775,520,477,997,190,19,203,324.70,0.9622,0.5071,0.157262,2,2,0,109.77,1.0000,0.0218,0.000563,4.099
907788,520,438,958,242,9,99,9.93,0.9912,0.5545,0.199768,28,5,53,300.28,0.8429,0.0938,0.006125,4.450
907807,520,480,1000,223,14,95,8.62,0.9759,0.5148,0.168311,0,0,0,0.00,0.0000,0.0000,0.000000,4.366
907818,520,330,850,215,93,237,321.26,0.8977,0.6352,0.283919,59,26,96,301.28,0.7463,0.2056,0.025132,4.444
907819,520,456,976,228,40,77,17.38,0.9334,0.5334,0.185503,6,8,38,273.38,0.7932,0.0638,0.003523,4.400
907820,520,388,908,202,83,218,322.77,0.8273,0.5908,0.238065,68,8,28,6.83,0.8079,0.1542,0.014867,4.441
907827,520,476,996,199,12,191,330.54,0.9746,0.5126,0.161685,7,0,6,332.05,1.0000,0.0247,0.000583,4.185
907828,520,434,954,236,47,71,20.77,0.9366,0.5536,0.203240,40,15,0,54.05,1.0000,0.1024,0.007928,4.372
907830,520,320,840,253,93,135,7.74,0.9647,0.6491,0.304639,17,59,20,144.52,0.9343,0.2118,0.032975,4.274
907835,520,476,996,189,75,114,1.76,0.6604,0.5063,0.170675,1,1,13,274.04,0.8863,0.0237,0.000572,4.364
907846,520,420,940,181,71,245,309.88,0.9326,0.5648,0.209237,18,9,77,276.87,0.9361,0.1149,0.008598,4.424
907847,520,402,922,207,74,208,327.51,0.8353,0.5813,0.227188,38,24,37,328.99,0.3185,0.1296,0.011989,4.472
907848,520,421,941,252,0,14,28.42,1.0000,0.5620,0.207309,10,30,9,142.76,0.8382,0.1096,0.010128,4.279
907855,520,469,989,173,67,210,315.99,0.8167,0.5218,0.175526,0,8,4,165.38,1.0000,0.0395,0.001824,4.352
907862,520,480,1000,173,26,232,312.38,0.9662,0.5054,0.154502,0,0,0,0.00,0.0000,0.0000,0.000000,4.090
907876,520,416,936,202,64,221,322.58,0.8829,0.5710,0.214454,28,23,51,289.69,0.4961,0.1237,0.010987,4.336
907902,520,367,887,252,18,191,343.31,0.9892,0.6127,0.248930,14,24,102,268.49,0.9378,0.1657,0.017058,4.458
907908,520,296,816,222,122,214,330.14,0.7636,0.6757,0.343054,38,64,34,141.14,0.5981,0.2432,0.041943,4.275
907916,520,376,896,255,3,151,355.40,1.0000,0.5971,0.235632,62,23,29,12.70,0.5602,0.1629,0.017258,4.247
907917,520,476,996,195,61,150,344.01,0.7601,0.5139,0.171433,1,0,10,281.20,1.0000,0.0178,0.000284,4.404
907938,520,339,859,252,99,88,27.19,0.9704,0.6444,0.303270,44,50,22,119.19,0.5288,0.2021,0.028746,4.486
907951,520,386,906,212,69,213,327.61,0.8693,0.5869,0.230593,33,5,98,283.69,0.9666,0.1504,0.013137,4.444
907956,520,446,966,182,67,218,316.94,0.8453,0.5412,0.190225,25,5,36,311.57,0.7411,0.0757,0.004426,4.414
907968,520,424,944,236,57,51,27.60,0.9345,0.5591,0.210013,21,24,40,275.26,0.3414,0.1121,0.009659,4.358
907989,520,407,927,166,109,195,313.48,0.5839,0.5682,0.229850,1,36,18,156.60,0.9837,0.1266,0.013118,4.434
907997,520,384,904,217,28,247,321.16,0.9833,0.5895,0.222996,64,15,27,9.62,0.7028,0.1536,0.015109,4.193
908000,520,422,942,188,88,185,328.58,0.6889,0.5569,0.211749,35,15,45,313.14,0.5947,0.1121,0.008885,4.445
908002,520,247,767,190,166,209,309.98,0.3937,0.7211,0.428234,29,78,1,137.74,0.9976,0.2802,0.057120,4.464
908014,520,397,917,250,26,96,12.61,0.9769,0.5753,0.219109,2,34,64,250.55,0.8971,0.1449,0.015270,4.123
908028,520,369,889,234,81,160,352.13,0.8189,0.6100,0.259180,54,27,60,320.13,0.5313,0.1719,0.018945,4.484
908059,520,386,906,246,9,179,345.34,0.9930,0.5932,0.230461,2,42,18,152.39,0.9805,0.1474,0.017124,4.178
908065,520,426,946,211,5,231,323.46,0.9962,0.5609,0.197289,21,5,78,280.00,0.9574,0.1134,0.008180,4.250
908078,520,441,961,164,93,202,312.43,0.6843,0.5413,0.199861,29,13,35,316.20,0.5260,0.0939,0.006704,4.406
908081,520,464,984,166,57,231,309.03,0.8939,0.5169,0.168035,7,9,15,268.45,0.2373,0.0524,0.002750,4.133
908084,520,358,878,224,107,114,18.18,0.6991,0.6152,0.275799,36,45,12,122.78,0.7100,0.1773,0.022784,4.476
908086,520,476,996,170,80,166,329.11,0.6449,0.5066,0.170376,1,1,7,277.79,0.7136,0.0203,0.000435,4.369
908103,520,423,943,221,79,89,19.87,0.7904,0.5618,0.216879,30,24,21,48.18,0.1392,0.1129,0.009834,4.460
908106,520,414,934,253,2,39,25.69,0.9992,0.5661,0.210764,29,14,67,289.63,0.7850,0.1214,0.009805,4.360
908140,520,369,889,225,66,213,331.26,0.9001,0.6052,0.247103,68,23,25,20.20,0.6315,0.1730,0.019121,4.298
908149,520,448,968,159,83,234,303.59,0.8493,0.5422,0.194984,27,2,50,302.63,0.9130,0.0849,0.005067,4.449
908156,520,366,886,232,48,225,329.91,0.9554,0.6100,0.247084,23,46,26,147.20,0.5936,0.1728,0.022107,4.120
908166,520,411,931,236,31,166,347.42,0.9521,0.5745,0.215689,15,33,7,137.05,0.8561,0.1217,0.012046,4.282
908191,520,464,984,209,64,100,10.02,0.7837,0.5236,0.181444,8,0,42,281.86,1.0000,0.0527,0.002188,4.435
908199,520,460,980,236,3,71,17.61,0.9973,0.5342,0.183561,2,16,5,150.76,0.8962,0.0620,0.003944,4.330
908233,520,442,962,231,22,123,0.45,0.9609,0.5429,0.189957,26,12,10,28.65,0.3695,0.0773,0.005045,4.359
908246,520,381,901,225,37,244,323.72,0.9764,0.6047,0.238645,68,16,26,13.15,0.7195,0.1627,0.016743,4.325
908257,520,149,669,254,194,127,68.59,0.9458,0.8302,0.611887,25,103,5,140.75,0.9950,0.3639,0.099177,4.437
908258,520,290,810,235,115,199,340.15,0.8140,0.6759,0.340494,77,46,45,21.77,0.3461,0.2407,0.037214,4.477
908268,520,392,912,222,71,182,340.20,0.8284,0.5880,0.234158,56,19,50,334.21,0.6140,0.1549,0.015369,4.347
908270,520,430,950,229,45,103,8.95,0.9027,0.5453,0.195169,47,3,20,1.99,0.8234,0.1015,0.007201,4.286
908271,520,399,919,232,54,170,346.04,0.8896,0.5836,0.226991,43,27,18,50.17,0.3701,0.1367,0.013412,4.368
908277,520,348,868,240,29,245,327.15,0.9882,0.6272,0.259992,48,42,54,307.60,0.1858,0.1947,0.025507,4.105
908278,520,412,932,209,45,226,323.73,0.9401,0.5699,0.209249,31,28,8,100.94,0.5833,0.1215,0.011394,4.223
908282,520,471,991,223,22,108,4.32,0.9539,0.5215,0.173472,4,4,26,276.64,0.7746,0.0442,0.001872,4.308
908288,520,361,881,239,71,192,341.29,0.8925,0.6222,0.266657,76,20,10,32.43,0.8448,0.1814,0.020590,4.486
908294,520,471,991,173,51,230,311.90,0.9091,0.5207,0.169660,9,3,5,354.28,0.3704,0.0359,0.001342,4.278
908310,520,359,879,230,32,250,323.65,0.9848,0.6150,0.247605,20,4,127,270.54,0.9947,0.1789,0.017677,4.397
908312,520,370,890,254,31,178,347.63,0.9924,0.6145,0.252686,64,23,43,352.15,0.5721,0.1719,0.018774,4.401
908317,520,478,998,204,3,178,335.65,0.9923,0.5113,0.161189,9,0,1,12.98,1.0000,0.0247,0.000603,4.173
908327,520,444,964,196,28,222,321.42,0.9608,0.5355,0.178418,37,0,25,343.61,1.0000,0.0794,0.004636,4.181
908330,520,415,935,244,46,74,20.32,0.9485,0.5695,0.216849,55,6,6,26.20,0.8956,0.1188,0.009558,4.481
908340,520,348,868,226,115,96,31.14,0.7289,0.6279,0.292771,6,54,14,145.50,0.9786,0.1898,0.027086,4.447
908348,520,404,924,218,28,235,324.14,0.9786,0.5823,0.217362,7,36,5,141.91,0.9599,0.1269,0.013178,4.232
908354,520,343,863,244,47,225,332.79,0.9670,0.6300,0.267052,40,44,41,153.41,0.0729,0.1857,0.024126,4.277
908378,520,445,965,206,15,218,325.25,0.9833,0.5448,0.185273,20,7,49,290.98,0.8001,0.0838,0.005224,4.260
908398,520,436,956,230,57,42,29.55,0.9348,0.5461,0.199194,39,3,34,334.20,0.7940,0.0930,0.006120,4.440
908400,520,366,886,229,69,213,332.33,0.9016,0.6148,0.257207,30,43,43,196.18,0.2075,0.1744,0.021781,4.280
908410,520,415,935,225,78,101,14.90,0.7930,0.5706,0.223985,1,34,10,149.43,0.9892,0.1181,0.011724,4.439
908414,520,431,951,178,91,182,325.68,0.6462,0.5451,0.203256,12,4,75,273.45,0.9783,0.1012,0.006730,4.464
908421,520,375,895,215,61,230,324.06,0.9219,0.5951,0.234996,8,33,85,262.43,0.8863,0.1634,0.017951,4.194
908425,520,354,874,225,100,168,348.88,0.7300,0.6240,0.279513,27,49,13,135.15,0.8430,0.1827,0.024586,4.418
908426,520,155,675,254,175,217,346.47,0.9757,0.8155,0.567425,15,99,48,150.88,0.9725,0.3528,0.092382,4.336
908435,520,377,897,232,84,120,9.04,0.7982,0.5961,0.248552,25,31,76,273.58,0.6647,0.1596,0.017084,4.450
908436,520,353,873,235,103,56,39.25,0.8751,0.6164,0.276510,41,42,45,271.22,0.0498,0.1827,0.023168,4.462
908442,520,252,772,229,130,251,320.12,0.9668,0.7181,0.395899,22,74,19,142.36,0.9557,0.2651,0.051150,4.408
908446,520,410,930,222,75,118,6.40,0.7773,0.5662,0.218722,1,18,87,264.05,0.9851,0.1309,0.011271,4.386
908447,520,383,903,223,38,248,322.31,0.9766,0.6048,0.238536,23,33,66,268.94,0.5598,0.1547,0.016632,4.330
908448,520,454,974,114,97,254,282.14,0.9893,0.5334,0.192821,32,5,8,15.83,0.6957,0.0731,0.004332,4.469
908465,520,442,962,191,82,167,336.86,0.6825,0.5429,0.199024,32,11,1,51.62,0.8418,0.0820,0.005487,4.488
908479,520,354,874,230,102,114,16.71,0.7521,0.6169,0.275432,29,44,51,228.54,0.2721,0.1803,0.023015,4.457
908483,520,39,559,232,251,180,120.36,0.9006,0.9502,0.894452,18,130,8,142.09,0.9956,0.4529,0.161107,4.474
908484,520,273,793,251,112,200,344.05,0.9522,0.6961,0.362705,26,72,40,150.89,0.8271,0.2638,0.050074,4.124
908490,520,257,777,229,145,178,354.90,0.6175,0.7112,0.401250,8,74,50,162.46,0.9525,0.2675,0.051792,4.433
908495,520,312,832,237,81,243,326.33,0.9534,0.6581,0.303628,39,59,10,129.40,0.8905,0.2240,0.035811,4.121
908500,520,429,949,203,61,194,330.67,0.8363,0.5521,0.199308,38,10,31,338.34,0.6110,0.1002,0.007281,4.352
908502,520,339,859,238,85,192,341.66,0.8709,0.6359,0.284826,57,36,65,316.30,0.4284,0.1978,0.025133,4.456
908506,520,363,883,202,88,232,318.69,0.8649,0.6065,0.253636,55,19,75,310.96,0.7311,0.1710,0.017860,4.474
908549,520,363,883,189,115,188,327.43,0.5694,0.6055,0.267122,23,46,6,134.69,0.9335,0.1692,0.021492,4.436
908561,520,320,840,252,75,201,341.75,0.9764,0.6530,0.299478,70,31,75,322.96,0.5951,0.2137,0.027902,4.486
908576,520,479,999,204,21,175,336.63,0.9437,0.5144,0.164708,2,0,2,328.36,1.0000,0.0139,0.000173,4.279
908586,520,412,932,217,66,178,340.02,0.8242,0.5720,0.218647,22,28,32,237.28,0.1503,0.1194,0.011053,4.400
908596,520,449,969,220,9,167,343.06,0.9826,0.5369,0.182035,16,14,24,293.26,0.2771,0.0750,0.004902,4.226
908620,520,411,931,243,49,92,15.04,0.9313,0.5734,0.220273,4,30,35,212.30,0.7537,0.1152,0.010757,4.448
908628,520,447,967,240,8,73,17.59,0.9936,0.5442,0.191833,34,0,32,330.80,1.0000,0.0780,0.004444,4.442
908634,520,480,1000,215,46,81,15.39,0.8860,0.5124,0.169976,0,0,0,0.00,0.0000,0.0000,0.000000,4.400
908642,520,466,986,211,11,162,342.45,0.9722,0.5172,0.166991,15,5,22,310.53,0.5822,0.0545,0.002680,4.119
908649,520,415,935,183,84,223,314.87,0.8141,0.5677,0.217366,46,16,11,31.20,0.6203,0.1168,0.009757,4.474
908651,520,475,995,214,0,169,340.91,1.0000,0.5244,0.171630,2,1,26,273.98,0.9603,0.0344,0.001092,4.338
908656,520,63,583,235,241,131,111.48,0.8638,0.9194,0.822118,46,122,6,138.57,0.9943,0.4343,0.145126,4.470
908660,520,463,983,203,58,161,341.87,0.7976,0.5304,0.182978,22,1,10,352.59,0.7971,0.0493,0.002142,4.468
908665,520,480,1000,207,68,8,38.32,0.9803,0.5112,0.174194,0,0,0,0.00,0.0000,0.0000,0.000000,4.484
908678,520,443,963,230,4,138,354.65,0.9931,0.5419,0.187477,20,6,49,291.56,0.8206,0.0822,0.005007,4.317
908693,520,455,975,215,7,181,337.59,0.9870,0.5348,0.179375,30,1,11,0.47,0.8490,0.0628,0.003219,4.310
908703,520,468,988,135,94,218,295.46,0.7452,0.5189,0.182183,16,1,16,328.05,0.7863,0.0433,0.001693,4.492
908709,520,430,950,214,54,161,344.68,0.8355,0.5464,0.195099,33,13,32,329.01,0.5136,0.0978,0.007155,4.288
908714,520,421,941,221,62,135,356.98,0.8153,0.5556,0.205692,15,5,78,274.96,0.9711,0.1085,0.007601,4.439
908723,520,397,917,200,79,221,321.44,0.8429,0.5847,0.230932,57,17,13,28.46,0.7042,0.1393,0.013000,4.459
908730,520,438,958,202,79,145,350.07,0.6972,0.5464,0.201947,42,3,20,357.95,0.7983,0.0917,0.006080,4.493
908735,520,211,731,250,165,119,48.88,0.8645,0.7627,0.485686,13,85,77,183.48,0.8990,0.3147,0.071181,4.421
908753,520,376,896,202,74,244,316.45,0.9352,0.5978,0.239872,40,22,83,291.13,0.7523,0.1626,0.016495,4.359
908763,520,401,921,237,67,86,19.30,0.8871,0.5767,0.226938,13,32,63,259.71,0.6687,0.1435,0.014774,4.275
908764,520,393,913,242,60,140,359.14,0.8922,0.5946,0.240055,20,38,25,152.08,0.4710,0.1449,0.016051,4.391
908775,520,372,892,196,97,227,317.45,0.8153,0.6073,0.258324,15,48,19,145.86,0.8896,0.1733,0.022624,4.245
908782,520,383,903,230,58,196,337.44,0.9027,0.5967,0.238372,55,25,14,40.52,0.5886,0.1505,0.015393,4.410
908783,520,392,912,243,70,65,26.67,0.9354,0.5877,0.238199,10,43,12,144.29,0.9383,0.1530,0.018188,4.227
908800,520,425,945,172,72,250,305.84,0.9604,0.5577,0.203082,51,7,15,14.81,0.7815,0.1138,0.008904,4.297
908803,520,408,928,253,19,9,29.40,0.9946,0.5684,0.213719,34,1,86,289.52,0.9882,0.1321,0.010337,4.371
908806,520,393,913,253,26,113,7.65,0.9850,0.5859,0.228174,12,32,57,255.17,0.6301,0.1385,0.014065,4.342
908846,520,432,952,190,54,228,317.54,0.9081,0.5478,0.191882,12,7,71,273.74,0.9549,0.1006,0.006850,4.255
908852,520,441,961,234,35,29,28.67,0.9729,0.5362,0.187863,2,19,51,259.55,0.9007,0.0950,0.007176,4.160
908870,520,427,947,224,29,189,337.62,0.9535,0.5632,0.204026,47,2,24,355.60,0.8477,0.1016,0.007138,4.446
908887,520,237,757,234,166,1,79.08,0.9984,0.7329,0.447691,1,80,68,178.11,0.9925,0.2924,0.061608,4.459
908899,520,468,988,159,91,181,317.41,0.6123,0.5179,0.181900,11,3,18,309.53,0.6363,0.0436,0.001800,4.477
908933,520,310,830,229,130,73,48.88,0.7742,0.6563,0.331066,16,60,39,158.95,0.8351,0.2192,0.034882,4.489
908962,520,246,766,247,123,247,327.38,0.9636,0.7294,0.406578,2,60,142,259.32,0.9863,0.2849,0.051973,4.477
908974,520,441,961,171,52,253,306.24,0.9876,0.5384,0.182065,14,22,7,131.42,0.5569,0.0878,0.006825,4.084
908979,520,357,877,228,69,230,327.44,0.9254,0.6235,0.264656,53,34,60,316.61,0.4089,0.1849,0.022272,4.354
908982,520,353,873,215,83,230,323.49,0.8829,0.6182,0.263485,6,51,0,140.86,1.0000,0.1776,0.024063,4.233
909004,520,282,802,226,140,167,359.86,0.5958,0.6937,0.377168,4,69,59,178.70,0.9588,0.2530,0.045976,4.451
909006,520,430,950,185,79,195,324.15,0.7475,0.5453,0.198476,2,5,75,265.85,0.9873,0.0965,0.006294,4.414
909007,520,442,962,174,70,223,312.75,0.8438,0.5366,0.187076,2,7,63,266.10,0.9724,0.0845,0.005237,4.292
909010,520,464,984,182,72,170,332.13,0.7151,0.5161,0.174834,9,10,0,113.08,1.0000,0.0514,0.002752,4.262
909015,520,456,976,213,69,43,32.52,0.8926,0.5263,0.185792,7,13,19,247.62,0.2965,0.0630,0.003800,4.383
909019,520,448,968,239,9,52,22.89,0.9943,0.5390,0.187974,37,3,20,353.11,0.7734,0.0823,0.005090,4.320
909037,520,427,947,239,2,146,353.84,0.9975,0.5629,0.204726,46,3,13,11.71,0.8498,0.0974,0.006751,4.488
909041,520,411,931,200,43,249,315.94,0.9717,0.5715,0.208481,0,32,34,200.74,1.0000,0.1188,0.011485,4.204
909061,520,465,985,191,82,104,10.05,0.6350,0.5171,0.181121,2,10,20,247.11,0.6329,0.0526,0.002805,4.377
909066,520,454,974,202,86,51,37.25,0.8001,0.5314,0.194531,19,15,2,95.60,0.7220,0.0731,0.004845,4.459
909071,520,295,815,221,116,247,319.35,0.9371,0.6828,0.345799,60,55,40,91.82,0.2395,0.2386,0.038463,4.474
909086,520,471,991,220,35,88,12.10,0.9231,0.5162,0.171250,4,5,22,275.43,0.6476,0.0440,0.001923,4.261
909089,520,479,999,107,87,254,281.44,0.9920,0.5098,0.170975,1,0,1,328.36,1.0000,0.0103,0.000086,4.412
909094,520,465,985,229,32,12,30.26,0.9880,0.5230,0.177206,15,7,13,335.60,0.3142,0.0547,0.002826,4.301
909095,520,447,967,158,89,214,307.06,0.7453,0.5350,0.192694,15,19,14,139.43,0.1825,0.0823,0.005990,4.335
909103,520,376,896,246,10,187,343.08,0.9929,0.5975,0.234010,63,13,45,345.49,0.7159,0.1566,0.015342,4.346
909117,520,457,977,236,8,33,26.35,0.9956,0.5303,0.181196,21,0,32,312.86,1.0000,0.0578,0.002637,4.392
909149,520,389,909,235,74,111,11.10,0.8416,0.5867,0.237103,4,29,83,262.25,0.9366,0.1503,0.015290,4.397
909160,520,400,920,237,23,172,345.62,0.9707,0.5761,0.215988,19,25,77,272.27,0.7955,0.1428,0.013695,4.176
909165,520,447,967,197,38,220,322.02,0.9380,0.5410,0.184254,25,2,46,303.26,0.9002,0.0786,0.004474,4.300
909167,520,335,855,246,94,127,10.29,0.8797,0.6360,0.291336,46,50,9,114.83,0.7970,0.2024,0.028818,4.331
909175,520,401,921,228,57,178,342.55,0.8791,0.5828,0.226371,7,35,44,222.84,0.6936,0.1366,0.014290,4.299
909182,520,435,955,181,56,248,310.14,0.9594,0.5519,0.194304,5,20,31,241.31,0.5873,0.0851,0.006315,4.338
909183,520,459,979,222,48,99,9.76,0.8785,0.5326,0.185470,31,1,3,20.83,0.9306,0.0622,0.003196,4.426
909185,520,479,999,188,74,143,346.11,0.6782,0.5149,0.175736,3,0,0,29.23,1.0000,0.0143,0.000194,4.497
909188,520,387,907,239,81,18,38.07,0.9778,0.5890,0.242824,0,33,70,253.94,0.9999,0.1462,0.015298,4.484
909207,520,429,949,217,42,167,342.92,0.8877,0.5455,0.192000,38,4,43,322.39,0.7994,0.0988,0.006734,4.266
909208,520,476,996,208,19,163,341.46,0.9470,0.5144,0.165221,6,0,7,324.68,1.0000,0.0239,0.000541,4.258
909220,520,460,980,163,80,215,309.89,0.7809,0.5285,0.184308,11,12,19,278.19,0.2245,0.0639,0.003811,4.354
909224,520,397,917,247,53,90,16.59,0.9465,0.5840,0.230620,19,9,100,273.12,0.9736,0.1450,0.012538,4.487
909229,520,446,966,242,15,21,28.26,0.9931,0.5441,0.192765,28,6,29,325.95,0.6567,0.0771,0.004659,4.441
909246,520,423,943,235,48,119,4.35,0.9020,0.5642,0.211110,10,25,38,246.42,0.4962,0.1056,0.008997,4.426
909248,520,394,914,210,67,233,321.74,0.9102,0.5949,0.236009,23,38,12,133.67,0.7030,0.1441,0.015949,4.337
909258,520,381,901,216,60,240,321.90,0.9386,0.6028,0.241238,58,29,1,60.47,0.9358,0.1623,0.017806,4.295
909260,520,443,963,225,45,118,2.65,0.8848,0.5420,0.191950,5,0,67,269.54,1.0000,0.0800,0.004375,4.450
909271,520,454,974,207,19,194,331.84,0.9648,0.5312,0.176282,29,9,0,53.73,1.0000,0.0735,0.004566,4.147
909283,520,387,907,214,43,245,320.60,0.9652,0.5907,0.226183,29,15,88,281.80,0.8853,0.1454,0.013074,4.379
909303,520,466,986,176,28,245,310.37,0.9727,0.5225,0.166541,2,6,25,265.50,0.7792,0.0464,0.002133,4.154
909312,520,289,809,221,124,227,325.04,0.8096,0.6844,0.353351,21,64,60,186.75,0.6625,0.2420,0.041523,4.407
909327,520,434,954,193,72,195,327.11,0.7858,0.5486,0.199138,23,5,67,286.09,0.9210,0.1024,0.006959,4.374
909337,520,210,730,227,180,18,89.29,0.9642,0.7558,0.490186,57,82,34,131.86,0.6869,0.3147,0.070198,4.494
909344,520,436,956,237,44,51,25.68,0.9554,0.5504,0.200481,34,7,36,324.94,0.6929,0.0921,0.006195,4.457
909377,520,466,986,175,75,192,321.60,0.7420,0.5227,0.179529,8,6,19,290.20,0.4688,0.0484,0.002289,4.390
909382,520,401,921,240,72,24,35.16,0.9712,0.5803,0.232291,45,17,60,311.84,0.6788,0.1408,0.012851,4.491
909386,520,464,984,230,16,22,28.08,0.9906,0.5186,0.172546,1,6,28,262.99,0.8933,0.0475,0.002205,4.263
909391,520,396,916,238,1,190,340.43,0.9991,0.5822,0.219195,54,0,62,322.00,1.0000,0.1368,0.011322,4.390
909398,520,440,960,199,32,232,319.78,0.9633,0.5501,0.190029,45,2,5,22.17,0.9337,0.0919,0.006124,4.277
909403,520,445,965,225,44,106,7.10,0.8938,0.5374,0.188523,31,3,39,318.05,0.8122,0.0831,0.005029,4.334
909418,520,198,718,200,173,249,300.26,0.8202,0.7650,0.490063,19,89,29,145.15,0.9706,0.3167,0.073716,4.365
909445,520,435,955,184,41,250,311.26,0.9748,0.5464,0.186794,30,16,1,70.54,0.8632,0.0890,0.006488,4.192
909448,520,427,947,235,10,149,352.17,0.9861,0.5578,0.200522,17,14,61,278.42,0.8097,0.1039,0.007701,4.342
909459,520,380,900,233,21,223,330.71,0.9865,0.5975,0.231903,8,27,95,265.57,0.9289,0.1606,0.016616,4.232
909462,520,441,961,218,71,0,38.70,1.0000,0.5359,0.194144,17,14,44,283.78,0.6273,0.0887,0.006151,4.348
909469,520,470,990,233,3,22,27.59,0.9984,0.5219,0.174499,4,0,36,276.69,1.0000,0.0429,0.001532,4.357
909481,520,469,989,217,27,137,352.76,0.9249,0.5225,0.173442,22,0,4,8.54,1.0000,0.0447,0.001794,4.314
909483,520,382,902,224,87,149,355.18,0.7449,0.5962,0.248360,32,38,48,260.59,0.1962,0.1640,0.019067,4.320
909510,520,369,889,214,59,251,318.85,0.9800,0.6067,0.243909,54,26,55,325.91,0.5145,0.1669,0.017990,4.323
909522,520,380,900,235,50,192,339.71,0.9257,0.5972,0.237519,74,2,7,24.83,0.9790,0.1567,0.015149,4.413
909524,520,460,980,158,86,216,306.96,0.7635,0.5317,0.188831,4,13,23,248.57,0.5193,0.0626,0.003755,4.443
909543,520,341,861,200,133,110,39.72,0.4676,0.6276,0.301816,8,56,6,142.32,0.9820,0.1965,0.028930,4.457
909544,520,412,932,244,22,119,4.12,0.9745,0.5679,0.211422,24,25,51,279.98,0.4743,0.1244,0.011284,4.266
909551,520,432,952,240,30,18,29.49,0.9848,0.5455,0.195008,11,23,43,260.10,0.5410,0.1040,0.008583,4.182
909556,520,467,987,172,81,177,325.46,0.6713,0.5176,0.178309,6,0,28,288.11,1.0000,0.0377,0.001226,4.457
909565,520,373,893,249,62,106,12.69,0.9479,0.5993,0.246290,26,36,65,268.11,0.4883,0.1640,0.018630,4.317
909568,520,412,932,240,11,143,355.16,0.9868,0.5655,0.207510,14,9,83,272.68,0.9617,0.1194,0.009132,4.355
909569,520,470,990,201,55,150,345.36,0.7947,0.5183,0.173538,0,6,25,257.86,1.0000,0.0445,0.002004,4.298
909575,520,378,898,224,2,253,321.77,0.9993,0.5992,0.229847,16,45,14,142.37,0.8947,0.1628,0.020186,3.987
909578,520,407,927,159,111,212,304.33,0.6558,0.5739,0.234936,27,31,37,258.37,0.1395,0.1345,0.013465,4.490
909597,520,432,952,222,48,136,355.47,0.8644,0.5451,0.194236,1,26,31,212.29,0.9134,0.0995,0.008441,4.179
909601,520,447,967,170,79,219,311.61,0.8021,0.5397,0.192533,9,13,45,272.72,0.7413,0.0814,0.005354,4.382
909612,520,433,953,245,3,19,28.05,0.9987,0.5478,0.195282,25,14,54,291.13,0.7017,0.1049,0.007871,4.238
909621,520,429,949,219,75,41,34.44,0.9023,0.5452,0.202548,32,10,44,311.59,0.6837,0.0992,0.007060,4.426
909666,520,407,927,228,72,97,15.46,0.8281,0.5677,0.219945,38,28,7,83.80,0.6442,0.1301,0.012580,4.314
909697,520,444,964,210,47,166,341.59,0.8547,0.5357,0.184900,26,6,34,315.21,0.6946,0.0774,0.004654,4.298
909699,520,308,828,223,118,203,334.76,0.7420,0.6651,0.329585,9,66,11,143.24,0.9829,0.2324,0.039785,4.228
909709,520,461,981,228,36,79,16.29,0.9411,0.5312,0.183232,0,12,5,160.70,1.0000,0.0498,0.002739,4.422
909721,520,409,929,207,15,246,318.97,0.9914,0.5680,0.202626,30,20,64,289.15,0.6757,0.1300,0.011465,4.110
909723,520,395,915,212,58,227,324.05,0.9194,0.5856,0.225711,7,25,83,265.23,0.9137,0.1427,0.013649,4.332
909730,520,441,961,238,11,61,20.75,0.9920,0.5385,0.187567,29,8,42,309.90,0.7093,0.0905,0.006021,4.241
909736,520,451,971,212,49,173,339.82,0.8600,0.5447,0.192130,1,11,43,262.24,0.9430,0.0700,0.004202,4.467
909739,520,393,913,206,67,235,320.09,0.9093,0.5900,0.231359,42,24,48,317.34,0.4531,0.1411,0.013589,4.425
909744,520,288,808,232,110,227,329.01,0.8793,0.6779,0.338558,75,49,29,57.68,0.4725,0.2405,0.037814,4.425
909759,520,441,961,156,85,237,301.61,0.8592,0.5437,0.196797,8,23,30,229.84,0.4716,0.0946,0.007581,4.286
909769,520,391,911,252,4,157,353.02,0.9969,0.5938,0.232201,7,27,89,264.91,0.9195,0.1535,0.015502,4.308
909776,520,420,940,225,50,143,353.67,0.8674,0.5553,0.202746,53,4,0,32.72,1.0000,0.1107,0.008439,4.325
909790,520,473,993,228,2,102,6.60,0.9967,0.5245,0.174996,7,2,10,315.61,0.5725,0.0330,0.001105,4.403
909802,520,456,976,180,17,250,310.72,0.9880,0.5288,0.170074,28,3,0,37.44,1.0000,0.0602,0.003120,4.143
909813,520,170,690,223,178,252,311.69,0.9281,0.8007,0.545578,14,94,66,163.50,0.9439,0.3405,0.084917,4.414
909820,520,405,925,239,0,186,341.76,1.0000,0.5818,0.218989,5,4,99,266.61,0.9940,0.1304,0.010199,4.468
909823,520,410,930,218,96,14,46.32,0.9636,0.5728,0.233052,1,34,43,219.77,0.9412,0.1302,0.013249,4.475
909833,520,409,929,185,92,201,321.57,0.7132,0.5680,0.221867,3,22,83,264.14,0.9417,0.1346,0.012176,4.373
909834,520,350,870,254,34,208,339.33,0.9943,0.6311,0.267723,26,40,88,268.31,0.6733,0.1925,0.024417,4.270
909835,520,468,988,186,74,167,334.79,0.7082,0.5236,0.181281,7,6,4,87.65,0.1640,0.0414,0.001842,4.461
909846,520,334,854,251,42,233,332.41,0.9839,0.6442,0.280514,3,53,49,186.52,0.9403,0.1952,0.027872,4.244
909848,520,408,928,207,63,212,326.53,0.8738,0.5720,0.215756,39,27,26,24.07,0.2066,0.1335,0.012898,4.225
909855,520,399,919,250,46,42,27.95,0.9796,0.5775,0.224488,12,29,74,264.99,0.8089,0.1449,0.014512,4.255
909858,520,447,967,242,1,60,20.94,0.9993,0.5448,0.192286,7,19,17,182.62,0.3972,0.0774,0.005514,4.364
909874,520,326,846,204,115,228,318.80,0.7899,0.6472,0.307015,39,54,0,124.91,1.0000,0.2070,0.030696,4.424
909881,520,415,935,253,13,83,16.19,0.9922,0.5746,0.217988,16,9,86,273.52,0.9618,0.1246,0.009774,4.483
909882,520,371,891,208,75,243,318.42,0.9340,0.6071,0.249147,17,45,31,159.72,0.6330,0.1674,0.020948,4.216
909886,520,372,892,223,51,240,323.94,0.9568,0.6070,0.243490,36,22,99,282.65,0.8462,0.1750,0.018497,4.285
909887,520,425,945,248,13,36,26.37,0.9943,0.5575,0.203753,5,30,0,138.98,1.0000,0.1052,0.009608,4.257
909892,520,200,720,237,159,235,327.61,0.8553,0.7714,0.488005,45,82,88,208.93,0.4164,0.3231,0.072968,4.375
909904,520,457,977,218,61,38,31.42,0.9238,0.5260,0.183854,15,3,35,296.57,0.8211,0.0592,0.002880,4.422
909907,520,389,909,233,44,200,336.82,0.9418,0.5940,0.232978,39,20,77,293.44,0.7443,0.1523,0.014675,4.375
909919,520,400,920,217,38,221,327.19,0.9544,0.5755,0.213605,18,38,20,146.39,0.6077,0.1422,0.015653,4.015
909931,520,468,988,227,28,17,29.45,0.9822,0.5168,0.172048,0,9,10,200.94,1.0000,0.0441,0.002173,4.256
909933,520,360,880,250,40,202,340.14,0.9708,0.6235,0.261091,47,38,57,305.87,0.2910,0.1849,0.022860,4.270
909943,520,438,958,245,20,39,26.14,0.9894,0.5533,0.200628,9,17,45,268.41,0.6767,0.0898,0.006484,4.437
909960,520,459,979,234,9,39,25.30,0.9945,0.5267,0.178375,19,5,14,341.45,0.5033,0.0555,0.002787,4.326
909972,520,422,942,234,65,15,34.88,0.9821,0.5604,0.213105,5,25,44,249.15,0.7025,0.1066,0.009093,4.452
909988,520,425,945,221,10,204,332.67,0.9892,0.5608,0.199512,50,3,19,5.50,0.8433,0.1073,0.007904,4.309
909990,520,454,974,150,72,247,299.01,0.9396,0.5266,0.178344,0,10,46,261.82,1.0000,0.0701,0.004143,4.217
909993,520,452,972,180,17,253,310.10,0.9909,0.5316,0.171971,2,1,58,267.05,0.9954,0.0679,0.003401,4.157
909997,520,418,938,241,14,122,2.34,0.9837,0.5604,0.204233,5,10,87,266.99,0.9782,0.1209,0.009374,4.282
910000,520,364,884,250,30,175,347.66,0.9723,0.6051,0.243510,26,25,94,275.53,0.8515,0.1657,0.017229,4.366
910010,520,376,896,231,93,87,25.50,0.8218,0.5988,0.255084,26,39,35,173.76,0.2440,0.1559,0.017920,4.492
910011,520,237,757,253,149,51,58.70,0.9752,0.7261,0.426194,92,59,48,39.20,0.3632,0.2945,0.056169,4.485
910018,520,280,800,236,116,212,335.48,0.8546,0.6850,0.350793,61,54,75,299.76,0.2518,0.2514,0.041384,4.386
910020,520,425,945,228,12,186,339.32,0.9853,0.5633,0.203047,37,9,53,310.31,0.7587,0.1120,0.008458,4.329
910023,520,424,944,209,32,221,325.15,0.9594,0.5587,0.198107,40,17,16,23.47,0.4627,0.1097,0.008895,4.213
910029,520,390,910,250,17,140,358.16,0.9847,0.5858,0.226219,40,34,30,55.80,0.1236,0.1540,0.016889,4.129
910051,520,454,974,103,102,249,278.00,0.9466,0.5291,0.192252,0,18,18,194.77,1.0000,0.0700,0.004763,4.424
910057,520,347,867,250,26,217,336.08,0.9869,0.6258,0.260757,37,3,125,279.64,0.9908,0.1884,0.019390,4.478
910065,520,445,965,230,27,105,6.87,0.9517,0.5371,0.186297,29,8,21,344.22,0.5410,0.0781,0.004891,4.305
910089,520,331,851,252,63,206,339.92,0.9801,0.6447,0.287099,20,46,86,258.83,0.6820,0.2031,0.027745,4.336
910096,520,396,916,235,83,15,39.27,0.9794,0.5841,0.238861,42,31,15,75.75,0.4514,0.1446,0.015067,4.439
910118,520,398,918,240,53,125,3.52,0.9008,0.5797,0.225553,32,29,52,288.79,0.3880,0.1427,0.014337,4.283
910133,520,422,942,231,26,156,349.38,0.9536,0.5580,0.201308,2,12,81,265.23,0.9735,0.1142,0.008699,4.281
910145,520,360,880,228,67,231,327.21,0.9298,0.6222,0.262800,0,42,86,253.91,0.9999,0.1847,0.023277,4.269
910147,520,282,802,253,99,225,335.49,0.9876,0.6937,0.352454,16,62,88,238.23,0.7437,0.2489,0.042598,4.346
910163,520,407,927,217,87,106,14.27,0.7216,0.5700,0.226110,50,20,20,21.45,0.5189,0.1333,0.012290,4.433
910178,520,469,989,172,50,233,310.94,0.9165,0.5208,0.169359,0,2,28,263.80,1.0022,0.0365,0.001272,4.278
910179,520,373,893,205,96,189,333.31,0.7071,0.5968,0.250206,15,40,50,226.79,0.5416,0.1587,0.018494,4.383
910184,520,464,984,173,34,245,309.29,0.9634,0.5212,0.166217,5,2,39,276.28,0.9509,0.0514,0.002222,4.140
910186,520,341,861,170,123,239,300.66,0.7898,0.6266,0.289442,58,44,9,86.23,0.7652,0.2000,0.027207,4.397
910187,520,379,899,238,36,203,337.10,0.9634,0.6002,0.237535,68,5,46,346.79,0.8234,0.1589,0.015349,4.400
910189,520,300,820,230,128,154,4.50,0.6634,0.6727,0.345966,8,64,35,154.86,0.9552,0.2292,0.038396,4.479
910193,520,467,987,189,1,229,318.09,0.9989,0.5212,0.164990,17,2,3,16.83,0.6927,0.0420,0.001692,4.159
910196,520,441,961,226,48,101,9.60,0.8877,0.5411,0.192250,18,18,23,285.36,0.1323,0.0857,0.006231,4.308
910212,520,419,939,215,31,211,329.29,0.9573,0.5617,0.201323,36,21,21,19.28,0.2871,0.1135,0.009656,4.213
910213,520,428,948,248,0,86,14.42,1.0000,0.5621,0.206319,29,19,6,73.22,0.5362,0.0956,0.007401,4.465
910217,520,436,956,215,10,205,330.92,0.9879,0.5505,0.190741,7,19,47,263.91,0.7169,0.0947,0.007161,4.212
910218,520,389,909,255,31,98,12.88,1.0000,0.5882,0.231256,6,32,70,258.25,0.8373,0.1461,0.015139,4.318
910232,520,453,973,233,9,90,11.61,0.9892,0.5333,0.182603,18,13,2,90.21,0.6860,0.0674,0.004208,4.291
910245,520,464,984,117,104,212,285.78,0.6933,0.5153,0.184358,7,11,5,133.79,0.3459,0.0535,0.002955,4.426
910297,520,405,925,227,14,209,332.82,0.9878,0.5758,0.212509,39,26,26,18.76,0.2234,0.1310,0.012447,4.204
910305,520,437,957,239,33,55,23.64,0.9707,0.5482,0.197176,14,17,34,274.85,0.4256,0.0856,0.006097,4.406
910309,520,440,960,227,35,145,352.52,0.9197,0.5497,0.195800,22,2,58,290.65,0.9485,0.0869,0.005195,4.453
910311,520,373,893,250,31,154,354.14,0.9667,0.5962,0.236405,63,3,69,323.87,0.8961,0.1624,0.015517,4.371
910312,520,458,978,218,61,31,32.77,0.9403,0.5254,0.183444,3,11,29,260.46,0.6912,0.0608,0.003474,4.366
910330,520,398,918,251,1,131,0.87,0.9992,0.5812,0.221732,19,14,90,274.10,0.9395,0.1380,0.011906,4.389
910335,520,389,909,236,25,208,335.23,0.9791,0.5948,0.230850,7,39,47,217.82,0.7324,0.1505,0.017014,4.191
910349,520,211,731,246,150,225,335.36,0.9186,0.7618,0.468438,49,83,27,135.07,0.8485,0.3108,0.069185,4.350
910354,520,222,742,239,162,145,32.97,0.6925,0.7479,0.462377,14,85,18,143.50,0.9828,0.3003,0.066338,4.404
910359,520,378,898,213,50,253,318.39,0.9903,0.5997,0.235209,27,28,83,276.58,0.7421,0.1610,0.016880,4.264
910364,520,354,874,232,109,69,38.40,0.8220,0.6227,0.285254,2,51,32,161.38,0.9778,0.1819,0.024847,4.479
910379,520,384,904,224,60,205,333.26,0.8987,0.5932,0.234891,18,42,0,134.45,1.0000,0.1519,0.017845,4.199
910385,520,386,906,236,81,64,29.59,0.8983,0.5874,0.240909,54,17,56,325.60,0.6658,0.1522,0.014708,4.496
910393,520,418,938,239,1,129,359.36,0.9987,0.5560,0.199606,31,18,53,297.89,0.6098,0.1182,0.009810,4.173
910411,520,436,956,243,11,26,27.56,0.9951,0.5455,0.193721,6,12,59,269.02,0.9156,0.0909,0.006174,4.339
910413,520,477,997,208,46,123,357.28,0.8348,0.5115,0.167962,8,0,3,351.24,1.0000,0.0245,0.000582,4.309
910427,520,434,954,240,39,35,28.23,0.9703,0.5516,0.201010,6,28,5,142.38,0.9314,0.1003,0.008802,4.269
910429,520,442,962,176,86,198,319.39,0.7148,0.5440,0.199639,8,18,33,258.04,0.4980,0.0831,0.005940,4.463
910439,520,417,937,244,29,112,6.80,0.9638,0.5686,0.212850,20,24,59,274.89,0.6199,0.1248,0.011177,4.297
910442,520,276,796,194,146,237,307.61,0.7428,0.6969,0.381421,3,68,70,198.24,0.9560,0.2542,0.045956,4.496
910455,520,390,910,224,82,140,358.35,0.7588,0.5861,0.237778,29,35,48,265.33,0.2513,0.1530,0.016766,4.310
910476,520,457,977,197,0,226,320.99,1.0000,0.5321,0.173629,12,9,20,296.05,0.3525,0.0589,0.003240,4.200
910500,520,472,992,225,29,63,20.32,0.9620,0.5179,0.172480,2,0,20,279.36,1.0000,0.0265,0.000634,4.394
910508,520,432,952,185,89,183,328.18,0.6727,0.5528,0.208792,23,24,7,111.77,0.5453,0.1016,0.008508,4.423
910516,520,400,920,227,91,3,43.66,0.9941,0.5805,0.238223,25,29,64,275.62,0.5674,0.1447,0.014555,4.465
910526,520,349,869,251,26,218,336.05,0.9874,0.6282,0.263132,48,34,72,299.04,0.5075,0.1863,0.022403,4.325
910527,520,340,860,244,60,225,332.82,0.9523,0.6391,0.279039,13,55,36,159.99,0.8467,0.2004,0.029452,4.141
910528,520,471,991,226,30,28,28.27,0.9751,0.5164,0.171841,12,1,13,325.54,0.7590,0.0370,0.001289,4.325
910534,520,452,972,232,21,31,27.19,0.9861,0.5253,0.177942,18,10,16,335.70,0.2697,0.0653,0.003831,4.234
910539,520,470,990,148,78,227,301.53,0.8299,0.5153,0.172911,15,2,12,335.37,0.6607,0.0427,0.001715,4.310
910541,520,442,962,186,37,241,313.92,0.9581,0.5393,0.181143,26,2,50,301.31,0.9151,0.0836,0.004933,4.208
910550,520,369,889,246,57,164,351.34,0.9253,0.6090,0.252026,38,35,68,285.96,0.4649,0.1744,0.020315,4.295
910573,520,414,934,246,20,106,8.62,0.9802,0.5675,0.211372,12,32,10,141.96,0.8197,0.1173,0.011331,4.262
910577,520,467,987,216,58,8,35.00,0.9864,0.5170,0.176451,0,7,20,249.94,1.0000,0.0438,0.002025,4.353
910585,520,256,776,254,106,247,329.52,0.9960,0.7159,0.380970,38,58,113,266.54,0.6303,0.2669,0.046303,4.475
910588,520,327,847,240,102,175,350.06,0.8290,0.6538,0.311258,37,56,15,130.58,0.8035,0.2133,0.032561,4.376
910589,520,361,881,226,67,225,328.24,0.9186,0.6152,0.256215,36,26,100,281.30,0.8179,0.1826,0.020339,4.353
910605,520,304,824,249,124,52,47.01,0.9429,0.6741,0.348060,35,60,54,177.28,0.3617,0.2346,0.038553,4.495
910624,520,468,988,230,12,52,22.48,0.9905,0.5203,0.173369,9,6,0,94.54,1.0000,0.0419,0.001883,4.305
910653,520,162,682,251,173,217,344.78,0.9179,0.8079,0.554080,11,96,78,173.43,0.9467,0.3505,0.089865,4.319
910668,520,298,818,188,148,183,330.49,0.3437,0.6685,0.352907,12,66,0,140.48,1.0000,0.2322,0.039744,4.490
910670,520,283,803,252,104,213,339.18,0.9751,0.6925,0.354030,34,66,35,144.65,0.6735,0.2472,0.043577,4.318
910679,520,417,937,176,87,232,309.83,0.8386,0.5687,0.218735,35,19,48,307.88,0.5411,0.1215,0.010365,4.452
910685,520,365,885,222,62,233,325.18,0.9327,0.6093,0.248601,15,37,74,260.15,0.7040,0.1666,0.019190,4.316
910700,520,389,909,206,64,237,319.71,0.9182,0.5885,0.229046,1,28,88,261.91,0.9845,0.1520,0.015414,4.266
910707,520,469,989,223,50,5,33.30,0.9932,0.5233,0.179829,18,0,12,340.21,1.0000,0.0416,0.001552,4.458
910721,520,448,968,223,24,155,347.84,0.9477,0.5411,0.187104,26,2,49,302.11,0.9111,0.0827,0.004848,4.323
910735,520,258,778,232,142,175,356.75,0.6514,0.7085,0.395989,0,72,69,190.02,1.0000,0.2662,0.050642,4.431
910756,520,173,693,247,168,226,336.82,0.9072,0.7969,0.532722,82,81,68,103.61,0.1423,0.3437,0.080961,4.450
910759,520,361,881,252,78,119,10.94,0.9626,0.6247,0.274796,20,48,30,153.82,0.6411,0.1785,0.023563,4.415
910767,520,455,975,190,55,199,325.26,0.8460,0.5278,0.178045,0,7,37,261.66,1.0000,0.0560,0.002855,4.315
910778,520,424,944,202,32,244,317.85,0.9731,0.5644,0.201228,52,5,7,23.71,0.8867,0.1113,0.008541,4.292
910788,520,368,888,238,4,228,330.68,0.9981,0.6060,0.238681,32,25,89,280.96,0.7847,0.1655,0.017236,4.294
910791,520,444,964,200,77,138,352.55,0.6948,0.5373,0.194239,30,10,11,18.15,0.4881,0.0796,0.005173,4.427
910795,520,284,804,228,129,197,339.99,0.7208,0.6881,0.362276,12,70,15,143.56,0.9780,0.2475,0.044928,4.343
910797,520,448,968,239,31,1,30.77,0.9991,0.5433,0.193362,7,16,40,265.60,0.6580,0.0824,0.005689,4.370
910803,520,465,985,194,89,19,47.51,0.9134,0.5196,0.186629,12,6,20,303.39,0.4886,0.0526,0.002589,4.500
910805,520,450,970,170,67,241,307.45,0.9141,0.5417,0.189119,32,0,26,336.37,1.0000,0.0709,0.003817,4.443
910807,520,335,855,248,54,215,336.36,0.9636,0.6357,0.275041,83,7,65,340.45,0.8307,0.2023,0.023729,4.409
910812,520,416,936,206,18,255,316.74,1.0000,0.5744,0.207760,3,29,47,242.25,0.8029,0.1187,0.011033,4.223
910825,520,463,983,234,18,52,23.00,0.9862,0.5307,0.181761,13,4,27,299.70,0.7042,0.0533,0.002515,4.413
910831,520,374,894,230,6,236,326.95,0.9972,0.5977,0.230118,6,46,11,145.08,0.9710,0.1615,0.020168,3.992
910837,520,372,892,241,76,147,358.12,0.8644,0.6114,0.259792,21,44,28,152.50,0.5557,0.1656,0.020446,4.398
910843,520,332,852,255,18,223,335.66,1.0000,0.6361,0.270236,69,34,22,39.52,0.5538,0.1951,0.024674,4.288
910846,520,426,946,217,20,206,331.15,0.9751,0.5575,0.197105,32,19,36,318.03,0.3952,0.1102,0.009002,4.188
910847,520,472,992,168,38,249,306.79,0.9707,0.5199,0.165513,3,3,13,280.38,0.5604,0.0327,0.001135,4.215
910851,520,427,947,251,6,12,28.73,0.9979,0.5610,0.206698,50,2,13,12.88,0.9067,0.1042,0.007507,4.464
910868,520,452,972,117,104,225,284.44,0.7653,0.5252,0.191185,3,5,51,268.53,0.9616,0.0681,0.003669,4.494
910876,520,397,917,243,8,173,346.44,0.9927,0.5842,0.222486,0,39,29,171.37,1.0000,0.1395,0.015397,4.167
910893,520,425,945,241,17,115,4.77,0.9800,0.5590,0.203428,11,14,70,271.44,0.9135,0.1092,0.008274,4.349
910921,520,442,962,202,23,223,322.88,0.9728,0.5442,0.184988,19,7,40,295.80,0.7282,0.0750,0.004436,4.317
910923,520,437,957,228,54,92,14.04,0.8838,0.5478,0.199078,8,24,12,150.56,0.6258,0.0907,0.007314,4.346
910926,520,427,947,209,30,223,324.68,0.9645,0.5591,0.198134,44,1,42,330.34,0.9029,0.1042,0.007244,4.335
910932,520,424,944,206,56,212,326.35,0.8904,0.5639,0.207054,19,26,37,259.28,0.2857,0.1139,0.010108,4.277
910944,520,344,864,223,77,244,322.39,0.9481,0.6328,0.275293,70,26,57,340.39,0.5913,0.1945,0.023365,4.434
910957,520,437,957,224,49,131,357.87,0.8665,0.5478,0.196852,26,18,10,66.11,0.3315,0.0903,0.006742,4.350
910961,520,453,973,227,4,121,359.86,0.9925,0.5291,0.178010,25,8,22,334.07,0.5080,0.0728,0.004383,4.193
910964,520,411,931,244,24,121,3.54,0.9711,0.5693,0.212702,21,7,83,278.19,0.9536,0.1222,0.009359,4.426
910973,520,471,991,229,3,62,19.49,0.9971,0.5176,0.170740,11,5,2,59.29,0.4579,0.0421,0.001841,4.258
910985,520,449,969,170,62,240,308.03,0.9159,0.5354,0.182833,7,11,37,272.02,0.6947,0.0696,0.004181,4.297
911057,520,311,831,251,112,33,44.90,0.9691,0.6560,0.322106,16,59,39,159.66,0.8224,0.2159,0.033844,4.438
911060,520,448,968,237,7,72,17.55,0.9939,0.5374,0.186276,6,21,11,153.97,0.6274,0.0804,0.005992,4.220
911067,520,423,943,236,29,137,356.89,0.9507,0.5611,0.205208,1,20,66,261.81,0.9726,0.1109,0.009000,4.326
911075,520,379,899,245,27,192,341.63,0.9769,0.6030,0.240052,9,39,67,250.20,0.7386,0.1641,0.019143,4.195
911079,520,450,970,229,8,126,358.61,0.9861,0.5360,0.183409,21,6,27,315.67,0.6179,0.0664,0.003688,4.347
911080,520,361,881,244,28,230,331.55,0.9863,0.6238,0.257797,32,18,112,277.87,0.9306,0.1810,0.019095,4.455
911124,520,361,881,154,122,250,292.22,0.8982,0.6150,0.276911,25,48,9,134.95,0.9022,0.1775,0.023402,4.454
911126,520,336,856,232,69,240,325.96,0.9444,0.6363,0.277056,74,26,58,342.57,0.6113,0.2021,0.025003,4.361
911127,520,449,969,239,18,54,22.81,0.9875,0.5416,0.190530,23,9,18,341.75,0.4093,0.0702,0.004212,4.437
911143,520,463,983,234,19,64,20.02,0.9827,0.5328,0.183315,8,6,20,289.26,0.4931,0.0490,0.002324,4.459
911169,520,404,924,219,51,204,332.20,0.9097,0.5766,0.217896,13,34,39,215.19,0.4863,0.1338,0.013761,4.202
911172,520,440,960,241,23,56,22.75,0.9831,0.5479,0.196025,39,1,37,330.53,0.8871,0.0917,0.005867,4.404
911174,520,419,939,252,0,4,29.01,1.0000,0.5617,0.207080,31,23,22,26.51,0.1559,0.1119,0.009620,4.312
911183,520,471,991,177,50,222,315.14,0.8983,0.5194,0.169033,3,4,22,273.94,0.7316,0.0405,0.001641,4.241
911188,520,444,964,186,61,211,320.41,0.8494,0.5357,0.184810,18,7,47,289.27,0.7931,0.0799,0.004858,4.280
911194,520,405,925,206,79,190,332.97,0.7762,0.5752,0.224332,25,24,61,280.86,0.6060,0.1307,0.011968,4.427
911203,520,450,970,210,28,196,332.06,0.9468,0.5415,0.185197,21,0,47,297.94,1.0000,0.0709,0.003647,4.384
911212,520,465,985,220,51,67,21.54,0.9020,0.5239,0.179912,6,10,10,196.32,0.1664,0.0520,0.002777,4.356
911223,520,471,991,184,77,150,341.71,0.6611,0.5158,0.177015,5,1,31,281.46,0.9482,0.0418,0.001529,4.406
911226,520,343,863,229,106,153,358.14,0.7222,0.6337,0.292683,6,53,27,153.76,0.9547,0.1888,0.026639,4.471
911227,520,426,946,236,47,112,6.96,0.9097,0.5632,0.210388,35,19,21,11.46,0.3140,0.1077,0.008773,4.430
911238,520,465,985,219,14,135,353.51,0.9670,0.5207,0.171260,1,6,31,263.83,0.9134,0.0498,0.002356,4.226
911248,520,435,955,182,40,254,309.87,0.9946,0.5463,0.186194,13,14,51,276.11,0.7483,0.0913,0.006386,4.189
911250,520,412,932,184,72,246,310.55,0.9382,0.5710,0.214799,38,7,66,302.46,0.8489,0.1225,0.009574,4.445
911273,520,463,983,196,2,228,320.24,0.9980,0.5324,0.173822,8,10,3,119.37,0.4646,0.0515,0.002753,4.243
911274,520,448,968,184,34,252,311.06,0.9852,0.5440,0.183637,6,1,65,270.81,0.9946,0.0798,0.004420,4.293
911277,520,370,890,227,70,204,334.45,0.8806,0.6072,0.250732,23,45,29,151.64,0.5221,0.1704,0.021476,4.207
911278,520,13,533,245,253,228,121.48,0.8869,0.9784,0.952644,29,135,9,141.39,0.9949,0.4716,0.176082,4.435
911279,520,436,956,237,43,19,30.77,0.9815,0.5470,0.197825,42,2,3,25.28,0.9400,0.0853,0.005423,4.472
911288,520,420,940,193,65,222,319.54,0.8717,0.5586,0.203933,49,9,2,35.19,0.9091,0.1098,0.008528,4.339
911305,520,345,865,234,44,247,325.16,0.9756,0.6256,0.260116,8,44,85,254.84,0.8299,0.1920,0.025087,4.130
911307,520,404,924,240,48,129,1.62,0.9126,0.5772,0.222273,48,12,41,336.11,0.6636,0.1255,0.010515,4.499
911327,520,457,977,199,55,175,335.62,0.8167,0.5280,0.179714,3,3,45,270.05,0.9672,0.0578,0.002739,4.356
911336,520,301,821,232,91,254,322.02,0.9946,0.6687,0.317958,23,59,57,190.43,0.5682,0.2256,0.036054,4.276
911354,520,453,973,195,88,76,28.48,0.6767,0.5266,0.191051,2,15,34,254.39,0.7821,0.0723,0.004700,4.407
911357,520,432,952,218,54,143,352.38,0.8349,0.5455,0.195293,41,4,30,342.07,0.7656,0.0959,0.006521,4.340
911359,520,465,985,169,58,225,311.37,0.8792,0.5174,0.168982,5,0,39,277.60,1.0000,0.0469,0.001787,4.228
911371,520,468,988,208,45,141,350.06,0.8402,0.5182,0.172119,3,5,9,257.57,0.2969,0.0366,0.001476,4.315
911397,520,367,887,234,32,240,326.86,0.9827,0.6147,0.248192,57,31,7,59.78,0.7349,0.1659,0.018653,4.343
911405,520,472,992,206,43,157,343.53,0.8522,0.5206,0.172860,9,0,5,342.32,1.0000,0.0268,0.000690,4.396
911413,520,407,927,245,19,116,5.16,0.9798,0.5681,0.211426,32,14,77,288.49,0.8308,0.1349,0.011570,4.246
911435,520,331,851,252,28,238,331.45,0.9903,0.6430,0.277021,77,24,51,351.89,0.6404,0.2011,0.024703,4.378
911437,520,379,899,207,69,245,317.91,0.9463,0.6007,0.241158,69,11,23,14.12,0.7976,0.1579,0.015666,4.434
911438,520,357,877,221,58,252,320.51,0.9861,0.6176,0.254285,60,10,89,308.52,0.8640,0.1813,0.018991,4.410
911480,520,423,943,171,88,227,309.10,0.8102,0.5599,0.211841,31,21,28,337.61,0.2327,0.1095,0.009115,4.429
911481,520,351,871,246,3,236,330.61,0.9990,0.6253,0.257170,11,14,132,266.97,0.9874,0.1907,0.020510,4.356
911510,520,348,868,242,103,15,44.85,0.9816,0.6256,0.286153,48,44,30,94.05,0.2658,0.1910,0.025235,4.468
911512,520,389,909,236,29,189,340.47,0.9657,0.5854,0.223886,21,40,22,145.41,0.5569,0.1511,0.017349,4.067
911518,520,448,968,236,27,52,23.69,0.9772,0.5385,0.188679,19,17,16,48.50,0.0557,0.0816,0.005768,4.280
911538,520,417,937,207,55,213,326.38,0.8961,0.5653,0.208037,10,32,7,141.13,0.9023,0.1156,0.011129,4.221
911556,520,453,973,166,89,193,316.61,0.6726,0.5315,0.191028,10,2,55,277.59,0.9716,0.0723,0.003838,4.477
911563,520,316,836,238,88,237,328.06,0.9321,0.6637,0.312734,47,46,76,284.47,0.3760,0.2164,0.030801,4.489
911568,520,49,569,251,242,153,103.28,0.9281,0.9404,0.863141,11,127,36,145.15,0.9934,0.4439,0.153766,4.481
911569,520,355,875,249,57,182,346.19,0.9529,0.6226,0.264466,80,3,50,350.36,0.8905,0.1845,0.020012,4.492
911575,520,445,965,232,38,91,12.91,0.9350,0.5434,0.193004,8,7,58,272.86,0.9354,0.0829,0.005090,4.411
911585,520,371,891,250,74,103,15.80,0.9513,0.6125,0.262042,56,33,34,16.78,0.3215,0.1749,0.020441,4.430
911593,520,365,885,251,39,165,351.18,0.9680,0.6067,0.246803,3,21,113,264.90,0.9739,0.1703,0.017478,4.399
911603,520,479,999,221,6,108,3.37,0.9875,0.5127,0.165878,0,0,4,264.05,1.0000,0.0106,0.000088,4.310
911629,520,249,769,255,111,241,331.47,1.0000,0.7207,0.389825,117,31,22,29.75,0.8597,0.2835,0.048205,4.479
911636,520,422,942,242,9,115,4.70,0.9903,0.5591,0.203137,36,8,53,309.37,0.7753,0.1092,0.008058,4.360
911642,520,436,956,170,66,248,306.05,0.9517,0.5464,0.192205,11,23,0,130.24,1.0000,0.0870,0.006839,4.261
911650,520,393,913,205,68,242,318.08,0.9329,0.5945,0.235257,3,37,39,200.66,0.8658,0.1384,0.014889,4.396
911672,520,478,998,210,61,4,36.46,0.9915,0.5083,0.170503,3,1,6,305.83,0.6115,0.0228,0.000542,4.363
911675,520,407,927,177,83,236,309.62,0.8668,0.5674,0.215906,33,29,31,345.92,0.0756,0.1329,0.013010,4.220
911681,520,441,961,190,16,241,315.49,0.9872,0.5364,0.176699,24,13,34,306.81,0.5014,0.0870,0.005975,4.050
911689,520,480,1000,188,51,177,331.55,0.8165,0.5064,0.162349,0,0,0,0.00,0.0000,0.0000,0.000000,4.247
911705,520,330,850,225,76,246,322.48,0.9580,0.6361,0.278323,86,17,41,4.63,0.7625,0.2060,0.025398,4.355
911719,520,285,805,245,117,179,351.82,0.8468,0.6856,0.353924,36,54,105,266.96,0.6152,0.2489,0.040332,4.472
911720,520,470,990,134,79,248,292.44,0.9418,0.5183,0.174376,1,8,3,154.57,0.8509,0.0401,0.001867,4.326
911754,520,452,972,223,17,143,351.70,0.9639,0.5331,0.180747,27,6,6,22.41,0.6071,0.0663,0.003764,4.292
911761,520,467,987,187,2,235,316.14,0.9981,0.5232,0.166077,16,0,13,334.40,1.0000,0.0393,0.001392,4.204
911770,520,426,946,187,84,200,323.05,0.7451,0.5584,0.210768,14,24,52,266.88,0.6021,0.1149,0.009945,4.350
911814,520,423,943,246,16,54,23.09,0.9910,0.5559,0.202333,19,16,61,279.53,0.7648,0.1091,0.008459,4.316
911838,520,421,941,188,51,252,311.61,0.9828,0.5614,0.200884,10,10,79,270.56,0.9608,0.1133,0.008461,4.292
911844,520,469,989,203,58,138,351.00,0.7819,0.5195,0.175596,21,0,1,22.47,1.0000,0.0420,0.001616,4.371
911847,520,237,757,206,160,230,313.73,0.6560,0.7349,0.439773,62,71,67,167.12,0.1000,0.2950,0.059358,4.479
911855,520,416,936,251,14,51,23.88,0.9934,0.5656,0.210660,22,9,79,279.75,0.9264,0.1206,0.009304,4.395
911880,520,332,852,235,92,188,342.70,0.8366,0.6378,0.289498,45,42,67,288.90,0.3385,0.1985,0.026191,4.456
911883,520,433,953,244,5,9,28.85,0.9980,0.5456,0.193649,36,4,47,315.94,0.8191,0.0986,0.006672,4.299
911890,520,469,989,212,31,140,350.68,0.9013,0.5160,0.168728,7,7,7,0.00,0.0000,0.0450,0.002125,4.196
911902,520,398,918,222,95,26,43.85,0.9339,0.5787,0.237911,46,28,23,36.19,0.3258,0.1448,0.014733,4.448
911906,520,410,930,243,61,14,33.73,0.9873,0.5741,0.224272,57,15,2,39.14,0.9107,0.1343,0.012160,4.412
911913,520,332,852,241,88,180,346.88,0.8687,0.6389,0.289783,70,38,6,60.47,0.8115,0.2033,0.027016,4.412
911925,520,476,996,219,22,92,9.47,0.9551,0.5084,0.164093,1,0,8,284.42,1.0000,0.0165,0.000240,4.261
911927,520,367,887,242,64,164,350.94,0.8939,0.6077,0.252274,72,17,2,36.69,0.9497,0.1679,0.017832,4.456
911952,520,354,874,241,32,229,331.10,0.9817,0.6195,0.253937,79,10,2,31.83,0.9716,0.1752,0.018840,4.415
911959,520,406,926,249,44,85,17.27,0.9629,0.5804,0.226005,14,35,7,138.53,0.8957,0.1275,0.013107,4.374
911961,520,367,887,242,47,198,339.56,0.9473,0.6109,0.249904,34,42,34,145.05,0.1900,0.1715,0.021115,4.217
911967,520,458,978,232,13,76,16.08,0.9864,0.5290,0.179685,0,15,22,225.01,1.0000,0.0638,0.003996,4.254
911970,520,370,890,228,63,211,332.62,0.9086,0.6063,0.247545,69,18,31,8.62,0.6845,0.1690,0.017970,4.378
911981,520,425,945,210,53,205,329.47,0.8918,0.5634,0.206576,24,25,22,121.95,0.0749,0.1092,0.009474,4.314
911991,520,464,984,215,53,70,20.55,0.8809,0.5163,0.174380,0,6,37,262.34,1.0001,0.0539,0.002638,4.263
911992,520,394,914,215,68,213,328.49,0.8772,0.5907,0.233874,44,22,52,316.45,0.5344,0.1424,0.013573,4.465
911995,520,462,982,189,75,163,337.52,0.7031,0.5277,0.184968,18,4,20,322.98,0.6179,0.0548,0.002660,4.462
911997,520,467,987,160,64,235,305.60,0.8918,0.5195,0.171391,15,1,15,328.03,0.7787,0.0415,0.001578,4.292
912018,520,381,901,215,59,239,321.89,0.9379,0.5996,0.238088,35,4,103,283.81,0.9757,0.1579,0.014234,4.485
912029,520,442,962,167,81,217,310.81,0.7871,0.5369,0.191108,38,3,0,34.07,1.0000,0.0783,0.004773,4.402
912042,520,399,919,198,52,251,314.66,0.9785,0.5764,0.214281,27,15,87,280.43,0.8902,0.1424,0.012627,4.220
912052,520,421,941,222,70,118,5.45,0.7944,0.5602,0.212204,36,20,10,52.19,0.4700,0.1084,0.008973,4.446
912054,520,358,878,249,65,170,350.48,0.9437,0.6239,0.268258,56,35,39,6.85,0.2845,0.1814,0.021894,4.427
912056,520,384,904,160,110,234,299.95,0.7832,0.5878,0.245662,3,34,73,256.09,0.9042,0.1528,0.016444,4.450
912065,520,470,990,177,36,238,311.95,0.9542,0.5223,0.167829,15,1,17,323.91,0.7924,0.0426,0.001638,4.218
912083,520,464,984,210,68,45,31.84,0.8823,0.5195,0.180277,2,7,20,259.22,0.6494,0.0457,0.002154,4.415
912089,520,384,904,251,10,159,352.30,0.9923,0.5938,0.232330,26,39,12,130.59,0.6854,0.1497,0.016972,4.216
912095,520,371,891,254,72,2,35.92,0.9986,0.6066,0.257136,70,22,11,34.34,0.7827,0.1725,0.019003,4.451
912096,520,434,954,199,71,185,332.40,0.7791,0.5511,0.201530,2,27,16,162.23,0.9244,0.0973,0.008341,4.311
912110,520,386,906,188,80,247,311.05,0.9384,0.5869,0.231451,63,7,50,339.48,0.7906,0.1530,0.014392,4.371
912130,520,377,897,225,88,149,355.58,0.7471,0.5992,0.251593,24,41,39,186.61,0.3082,0.1620,0.019265,4.354
912138,520,441,961,125,95,250,286.64,0.9452,0.5365,0.194462,25,7,48,298.97,0.7791,0.0886,0.005720,4.387
912140,520,335,855,187,118,241,308.20,0.8315,0.6386,0.298732,32,45,80,267.10,0.5078,0.2033,0.027629,4.492
912148,520,468,988,165,60,232,308.27,0.8883,0.5195,0.170580,6,7,6,145.36,0.0751,0.0437,0.002038,4.239
912149,520,385,905,214,48,236,322.58,0.9503,0.5874,0.224681,34,8,97,284.36,0.9443,0.1532,0.013768,4.308
912157,520,407,927,251,13,84,15.70,0.9917,0.5706,0.214409,47,8,63,313.69,0.8086,0.1346,0.011370,4.308
912161,520,418,938,228,71,48,31.32,0.9083,0.5580,0.212167,19,14,71,277.90,0.8658,0.1159,0.009074,4.438
912165,520,420,940,212,78,131,359.08,0.7276,0.5567,0.210867,53,1,20,4.77,0.9344,0.1112,0.008292,4.475
912193,520,421,941,241,41,97,12.30,0.9410,0.5650,0.211530,33,20,37,318.04,0.3870,0.1142,0.009572,4.390
912201,520,314,834,241,99,199,340.79,0.8816,0.6618,0.317506,52,53,8,110.77,0.8318,0.2178,0.032938,4.431
912203,520,384,904,200,96,181,334.77,0.6725,0.5851,0.239828,14,26,89,268.35,0.8951,0.1545,0.015533,4.423
912214,520,432,952,237,35,93,12.59,0.9487,0.5523,0.200001,1,30,6,147.20,0.9890,0.1041,0.009481,4.203
912216,520,376,896,223,3,250,322.17,0.9988,0.5954,0.226574,42,5,98,290.76,0.9549,0.1607,0.014826,4.266
912219,520,465,985,210,39,155,345.14,0.8738,0.5242,0.175214,15,4,19,317.47,0.5925,0.0507,0.002354,4.302
912222,520,348,868,249,47,209,338.11,0.9670,0.6295,0.267793,33,30,107,276.81,0.8376,0.1947,0.023133,4.345
912228,520,407,927,248,9,122,3.41,0.9919,0.5736,0.215605,33,14,67,294.16,0.7743,0.1260,0.010427,4.395
912231,520,467,987,214,62,54,27.65,0.8822,0.5212,0.180102,13,1,9,338.43,0.7341,0.0365,0.001270,4.488
912243,520,234,754,254,151,90,49.92,0.9780,0.7357,0.439451,32,79,48,152.51,0.7540,0.2918,0.061122,4.405
912246,520,346,866,232,66,232,328.01,0.9374,0.6285,0.268808,39,49,19,124.67,0.5990,0.1936,0.026750,4.154
912257,520,423,943,252,6,0,29.42,1.0000,0.5628,0.208295,31,14,53,300.30,0.6825,0.1111,0.008624,4.406
912264,520,435,955,230,12,160,347.60,0.9817,0.5534,0.196268,42,6,0,37.47,1.0000,0.0911,0.006226,4.380
912266,520,335,855,195,123,213,319.41,0.6613,0.6411,0.305731,24,56,2,135.88,0.9883,0.2029,0.030268,4.432
912286,520,436,956,200,81,144,350.25,0.6808,0.5454,0.201796,9,20,37,258.77,0.5202,0.0912,0.006919,4.424
912287,520,478,998,229,0,25,27.03,1.0000,0.5127,0.167312,0,2,3,218.80,1.0000,0.0204,0.000500,4.303
912288,520,396,916,253,21,114,7.11,0.9852,0.5844,0.226376,53,22,15,33.94,0.5782,0.1412,0.013653,4.342
912290,520,439,959,190,49,241,314.68,0.9391,0.5538,0.194959,21,17,23,314.47,0.1743,0.0864,0.006222,4.357
912343,520,360,880,251,82,91,21.64,0.9631,0.6209,0.273026,19,51,13,140.65,0.9233,0.1844,0.025351,4.287
912352,520,365,885,214,91,199,332.54,0.7774,0.6087,0.259037,0,48,4,144.02,1.0000,0.1653,0.021226,4.339
912356,520,396,916,185,70,255,309.08,1.0000,0.5774,0.219155,32,23,66,288.88,0.6416,0.1398,0.013132,4.263
912360,520,470,990,181,0,246,312.06,1.0000,0.5228,0.164787,2,4,18,268.95,0.6938,0.0370,0.001434,4.176
912378,520,461,981,237,0,11,28.52,1.0000,0.5294,0.180320,13,7,7,18.66,0.2094,0.0506,0.002529,4.385
912382,520,472,992,220,8,127,356.42,0.9815,0.5180,0.169242,3,0,18,287.41,1.0000,0.0264,0.000630,4.330
912409,520,410,930,254,11,68,20.15,0.9950,0.5736,0.217313,1,17,88,264.20,0.9682,0.1305,0.011118,4.374
912427,520,436,956,210,14,211,328.07,0.9833,0.5466,0.187209,5,26,12,152.79,0.8281,0.0949,0.007976,4.092
912431,520,369,889,213,66,253,317.89,0.9888,0.6128,0.251361,46,18,90,294.94,0.8137,0.1709,0.017516,4.464
912460,520,415,935,252,3,98,11.41,0.9979,0.5739,0.216461,49,10,32,349.33,0.6810,0.1199,0.009744,4.460
912463,520,446,966,225,30,136,355.01,0.9297,0.5393,0.187164,8,16,37,266.06,0.5875,0.0809,0.005558,4.269
912492,520,342,862,239,93,144,1.65,0.8179,0.6279,0.281959,45,36,80,290.24,0.5482,0.1932,0.023988,4.487
912496,520,281,801,246,101,235,330.71,0.9575,0.6908,0.349009,60,58,39,102.81,0.2907,0.2468,0.041333,4.369
912498,520,438,958,235,32,116,4.15,0.9441,0.5531,0.199592,9,23,27,218.17,0.4079,0.0937,0.007500,4.341
912505,520,455,975,225,46,31,29.76,0.9556,0.5253,0.180633,10,8,31,283.48,0.6234,0.0617,0.003371,4.321
912533,520,442,962,161,98,186,315.73,0.5956,0.5361,0.198582,19,18,7,103.94,0.4037,0.0817,0.005864,4.450
912535,520,337,857,237,66,236,328.27,0.9475,0.6392,0.279596,73,32,19,38.20,0.6372,0.1975,0.024967,4.397
912566,520,399,919,215,47,225,325.56,0.9406,0.5806,0.219183,30,33,26,126.32,0.1569,0.1387,0.014383,4.181
912581,520,452,972,231,28,52,23.53,0.9731,0.5284,0.180704,32,2,13,359.93,0.7947,0.0689,0.003796,4.288
912585,520,406,926,221,6,238,324.33,0.9968,0.5835,0.216776,11,35,18,151.01,0.7434,0.1281,0.013168,4.223
912592,520,320,840,254,69,192,344.72,0.9911,0.6464,0.291361,3,58,54,187.11,0.9492,0.2140,0.033117,4.107
912597,520,419,939,233,25,159,348.83,0.9592,0.5628,0.205250,31,22,5,82.39,0.6368,0.1052,0.008761,4.344
912603,520,465,985,165,44,248,305.80,0.9643,0.5189,0.165787,13,9,1,92.36,0.7544,0.0532,0.002831,4.084
912626,520,431,951,193,96,118,7.18,0.5650,0.5480,0.210128,7,27,5,141.38,0.9146,0.0977,0.008400,4.454
912629,520,477,997,165,74,204,314.19,0.7699,0.5148,0.172573,4,0,2,344.76,1.0000,0.0178,0.000302,4.425
912653,520,291,811,238,123,172,354.61,0.7596,0.6821,0.353240,61,57,28,101.51,0.4869,0.2426,0.040022,4.479
912655,520,451,971,195,53,201,326.26,0.8627,0.5356,0.183669,30,4,16,353.75,0.6877,0.0704,0.004003,4.327
912657,520,458,978,226,11,133,355.65,0.9791,0.5333,0.181043,17,7,9,5.29,0.3203,0.0556,0.002909,4.367
912659,520,441,961,198,49,210,324.70,0.8954,0.5433,0.188571,35,6,34,329.19,0.7088,0.0909,0.006031,4.258
912662,520,430,950,233,54,48,27.74,0.9373,0.5500,0.201784,11,8,67,273.50,0.9421,0.0966,0.006500,4.456
912664,520,460,980,212,72,37,34.86,0.9031,0.5277,0.187677,14,3,41,289.90,0.8708,0.0633,0.003186,4.469
912670,520,480,1000,207,46,112,1.61,0.8357,0.5054,0.163915,0,0,0,0.00,0.0000,0.0000,0.000000,4.278
912681,520,449,969,208,23,198,330.98,0.9590,0.5371,0.181019,15,8,31,294.69,0.6003,0.0661,0.003742,4.299
912697,520,471,991,163,77,211,311.23,0.7787,0.5213,0.177981,8,2,24,294.41,0.7979,0.0418,0.001610,4.417
912702,520,425,945,245,0,106,7.87,1.0000,0.5608,0.204565,27,19,42,298.46,0.4644,0.1077,0.008659,4.340
912704,520,414,934,196,87,185,331.53,0.7109,0.5676,0.220564,18,31,12,136.47,0.6006,0.1185,0.011351,4.410
912736,520,413,933,251,34,18,29.79,0.9877,0.5707,0.217007,52,10,23,5.65,0.7047,0.1220,0.010091,4.443
912739,520,260,780,234,128,229,328.92,0.8760,0.7098,0.385898,4,78,25,146.92,0.9926,0.2748,0.055445,4.134
912750,520,409,929,223,69,152,351.41,0.8051,0.5735,0.222137,22,21,66,278.62,0.7187,0.1261,0.011002,4.461
912751,520,362,882,208,108,159,349.68,0.5997,0.6068,0.266399,45,34,70,296.08,0.4905,0.1813,0.021441,4.429
912752,520,436,956,212,3,211,328.61,0.9965,0.5478,0.187674,44,0,26,349.26,1.0000,0.0934,0.006101,4.237
912760,520,385,905,185,92,236,311.62,0.8550,0.5909,0.240256,43,30,22,52.84,0.2911,0.1451,0.015001,4.465
912786,520,347,867,245,18,242,329.00,0.9943,0.6304,0.262588,64,15,88,311.53,0.8114,0.1916,0.021363,4.380
912788,520,309,829,249,84,198,342.37,0.9492,0.6559,0.305606,4,61,42,164.42,0.9637,0.2199,0.035303,4.169
912803,520,431,951,239,42,7,31.52,0.9938,0.5501,0.200253,14,23,23,196.12,0.2228,0.0953,0.007680,4.339
912805,520,473,993,175,73,196,320.43,0.7604,0.5226,0.178656,6,2,14,301.61,0.6561,0.0337,0.001138,4.471
912812,520,478,998,208,63,65,24.15,0.8423,0.5124,0.173488,3,1,2,344.98,0.3863,0.0205,0.000455,4.429
912818,520,427,947,198,31,247,316.12,0.9749,0.5600,0.197026,1,12,69,264.41,0.9645,0.0989,0.006990,4.335
912849,520,433,953,214,33,188,335.42,0.9305,0.5463,0.190169,8,26,23,181.59,0.5176,0.1001,0.008522,4.104
912855,520,309,829,245,70,237,329.99,0.9608,0.6564,0.299099,85,24,57,350.64,0.6793,0.2192,0.028803,4.430
912868,520,448,968,204,53,187,333.13,0.8509,0.5420,0.189733,15,11,38,286.16,0.6223,0.0766,0.004808,4.374
912869,520,452,972,184,59,208,320.67,0.8465,0.5283,0.178736,18,12,2,85.20,0.6690,0.0652,0.003959,4.239
912876,520,463,983,169,53,242,307.84,0.9332,0.5268,0.173928,15,7,5,38.80,0.3144,0.0521,0.002645,4.254
912880,520,380,900,241,18,207,336.61,0.9880,0.6011,0.236413,6,45,1,140.83,0.9951,0.1567,0.019176,4.140
912899,520,320,840,250,53,227,333.69,0.9775,0.6455,0.284193,49,41,79,291.67,0.4678,0.2084,0.028033,4.283
912915,520,409,929,217,28,220,327.51,0.9701,0.5699,0.207516,4,22,74,264.05,0.9294,0.1252,0.010940,4.226
912921,520,448,968,216,60,123,0.61,0.8073,0.5398,0.192631,18,18,13,107.35,0.1561,0.0822,0.005903,4.340
912928,520,477,997,189,42,193,326.93,0.8769,0.5109,0.163265,2,0,16,283.45,1.0000,0.0236,0.000503,4.223
912946,520,368,888,241,30,211,335.62,0.9772,0.6075,0.243354,25,32,81,272.78,0.6986,0.1664,0.018337,4.293
912958,520,352,872,229,38,249,323.57,0.9795,0.6154,0.248861,5,51,60,214.48,0.8677,0.1947,0.027260,3.868
912969,520,331,851,237,57,248,325.49,0.9753,0.6398,0.277105,66,35,52,346.72,0.4118,0.2021,0.026084,4.299
912976,520,447,967,203,75,127,358.34,0.7089,0.5354,0.192629,33,5,26,338.74,0.6940,0.0815,0.005065,4.406
912977,520,344,864,253,5,216,336.92,0.9981,0.6258,0.259524,29,50,27,142.25,0.5617,0.1901,0.026215,4.061
913009,520,426,946,217,52,185,337.34,0.8765,0.5627,0.207127,49,6,8,22.78,0.8414,0.1068,0.008009,4.433
913033,520,360,880,191,104,245,310.43,0.8955,0.6232,0.275705,9,38,94,261.79,0.8905,0.1848,0.022523,4.491
913036,520,336,856,253,101,13,42.75,0.9897,0.6418,0.302225,19,53,48,182.52,0.6020,0.2006,0.028979,4.460
913040,520,479,999,140,79,236,296.62,0.8689,0.5146,0.172237,2,0,3,318.71,1.0000,0.0147,0.000195,4.427
913053,520,473,993,185,36,221,318.33,0.9369,0.5208,0.167978,3,3,10,281.84,0.4592,0.0313,0.001064,4.269
913054,520,452,972,207,69,126,358.68,0.7471,0.5345,0.190301,15,1,55,284.00,0.9781,0.0747,0.003991,4.451
913079,520,445,965,224,59,56,26.54,0.9062,0.5379,0.192635,28,6,39,312.49,0.7343,0.0837,0.005236,4.393
913085,520,256,776,242,120,247,325.92,0.9598,0.7179,0.390277,13,72,66,184.80,0.8554,0.2678,0.051134,4.353
913102,520,437,957,196,12,243,316.74,0.9917,0.5468,0.184712,35,8,33,330.60,0.6532,0.0934,0.006408,4.161
913109,520,289,809,240,107,209,337.39,0.8845,0.6762,0.336466,52,53,72,282.09,0.2360,0.2374,0.037441,4.420
913119,520,406,926,202,71,224,321.56,0.8730,0.5804,0.224464,52,8,47,333.01,0.7541,0.1313,0.011091,4.493
913138,520,285,805,252,129,82,40.96,0.9556,0.6910,0.370082,39,64,63,192.63,0.3227,0.2534,0.044569,4.442
913203,520,398,918,218,43,224,326.65,0.9494,0.5823,0.220171,45,3,80,301.92,0.9452,0.1423,0.012022,4.356
913204,520,416,936,242,11,151,352.99,0.9880,0.5728,0.213542,23,6,79,281.26,0.9461,0.1178,0.008769,4.484
913210,520,359,879,212,76,255,316.76,1.0000,0.6227,0.263875,62,33,13,53.11,0.6420,0.1795,0.021410,4.395
913227,520,403,923,197,83,206,324.70,0.7832,0.5757,0.225145,37,22,46,311.83,0.4601,0.1289,0.011644,4.463
913239,520,476,996,216,43,87,12.84,0.8908,0.5134,0.170173,5,0,4,333.70,1.0000,0.0207,0.000410,4.368
913289,520,373,893,243,45,173,347.21,0.9369,0.5988,0.239517,35,39,12,116.58,0.6255,0.1581,0.018349,4.236
913298,520,448,968,216,34,170,341.49,0.9143,0.5402,0.186476,0,21,8,156.21,1.0000,0.0756,0.005538,4.258
913300,520,427,947,200,71,191,330.69,0.7929,0.5562,0.205491,25,21,17,67.19,0.1417,0.0982,0.007835,4.418
913301,520,402,922,224,21,223,328.55,0.9835,0.5816,0.217137,53,5,49,331.89,0.8025,0.1309,0.010873,4.388
913305,520,367,887,226,43,251,322.31,0.9844,0.6146,0.248637,30,35,74,275.15,0.5627,0.1715,0.019724,4.283
913314,520,291,811,202,140,207,324.12,0.5707,0.6791,0.358187,22,65,56,177.07,0.6739,0.2440,0.042365,4.419
913318,520,441,961,177,96,158,336.53,0.5504,0.5396,0.201826,3,24,19,175.77,0.7892,0.0897,0.007196,4.403
913324,520,476,996,157,89,180,317.03,0.6172,0.5110,0.176088,0,3,3,194.77,1.0000,0.0242,0.000717,4.458
913329,520,335,855,250,91,113,15.70,0.9354,0.6352,0.290017,13,56,9,141.89,0.9693,0.1985,0.029335,4.286
913344,520,331,851,245,108,24,45.41,0.9699,0.6390,0.302066,52,47,31,92.78,0.2945,0.2044,0.028621,4.478
913347,520,378,898,237,31,215,333.66,0.9753,0.6032,0.238935,75,2,28,7.81,0.9407,0.1635,0.016234,4.362
913356,520,330,850,242,95,168,352.50,0.8498,0.6445,0.298916,9,58,28,151.72,0.9483,0.2072,0.031679,4.272
913374,520,478,998,180,31,226,315.76,0.9524,0.5139,0.161754,0,3,4,211.91,1.0000,0.0247,0.000739,4.173
913380,520,476,996,147,83,216,302.87,0.7711,0.5129,0.173478,1,0,9,282.67,1.0000,0.0172,0.000262,4.446
913383,520,394,914,223,60,209,331.86,0.9030,0.5939,0.235254,2,40,29,169.11,0.9542,0.1437,0.016191,4.310
913391,520,448,968,149,77,253,297.07,0.9809,0.5373,0.187893,0,0,72,264.05,1.0000,0.0832,0.004678,4.351
913394,520,430,950,184,44,255,310.10,1.0000,0.5528,0.192127,29,18,21,1.03,0.2350,0.0973,0.007480,4.212
913424,520,442,962,241,9,22,27.91,0.9959,0.5406,0.189575,29,3,35,319.91,0.7936,0.0772,0.004477,4.398
913436,520,479,999,229,0,14,28.22,1.0000,0.5121,0.166928,0,1,0,142.50,1.0000,0.0135,0.000217,4.320
913450,520,460,980,232,7,92,10.75,0.9911,0.5313,0.180835,23,3,28,319.71,0.7524,0.0638,0.003311,4.330
913476,520,196,716,254,155,220,341.02,0.9867,0.7791,0.496831,15,91,15,142.79,0.9850,0.3210,0.076179,4.334
913481,520,466,986,70,104,255,268.56,1.0000,0.5170,0.184218,13,8,10,351.62,0.1728,0.0538,0.002812,4.435
913484,520,464,984,225,8,92,9.77,0.9874,0.5167,0.169568,10,7,14,305.02,0.2793,0.0502,0.002482,4.184
913493,520,429,949,205,85,114,7.86,0.6724,0.5487,0.206930,32,14,30,331.14,0.4618,0.0971,0.007149,4.496
913496,520,434,954,207,76,146,350.61,0.7264,0.5513,0.205116,11,24,34,242.86,0.4221,0.1012,0.008399,4.369
913509,520,447,967,200,12,228,321.24,0.9887,0.5413,0.181454,13,14,33,279.26,0.4816,0.0774,0.005094,4.201
913533,520,305,825,252,96,178,351.01,0.9567,0.6665,0.322786,58,56,20,106.04,0.6319,0.2349,0.037784,4.247
913555,520,374,894,237,62,165,349.34,0.8784,0.5973,0.241692,71,4,39,355.45,0.8560,0.1608,0.015731,4.438
913565,520,464,984,196,77,110,6.01,0.6764,0.5200,0.181711,3,9,19,253.76,0.5238,0.0507,0.002617,4.404
913566,520,332,852,249,0,255,327.07,1.0000,0.6429,0.273627,77,26,45,359.82,0.6117,0.2016,0.025063,4.311
913574,520,361,881,239,51,223,332.12,0.9565,0.6228,0.260488,66,28,12,42.29,0.6986,0.1758,0.020155,4.426
913579,520,302,822,249,67,254,326.88,0.9967,0.6710,0.313126,35,38,128,273.55,0.8665,0.2343,0.033019,4.374
913585,520,480,1000,216,17,126,356.15,0.9558,0.5119,0.165087,0,0,0,0.00,0.0000,0.0000,0.000000,4.302
913595,520,387,907,223,20,231,326.38,0.9867,0.5851,0.219601,11,41,29,163.97,0.7249,0.1508,0.017457,3.997
913605,520,354,874,250,40,195,342.08,0.9686,0.6197,0.257850,72,27,0,47.62,1.0000,0.1836,0.021618,4.298
913608,520,456,976,213,3,179,337.66,0.9938,0.5289,0.174682,13,9,20,300.36,0.3536,0.0599,0.003314,4.214
913610,520,372,892,244,4,213,335.71,0.9979,0.6073,0.241270,18,45,31,159.07,0.6088,0.1679,0.021042,4.100
913635,520,432,952,204,8,230,321.86,0.9932,0.5488,0.187259,24,18,34,300.73,0.3658,0.0973,0.007423,4.132
913642,520,454,974,229,43,62,22.41,0.9406,0.5348,0.187365,26,7,12,4.37,0.5103,0.0685,0.003981,4.397
913647,520,388,908,254,46,71,21.77,0.9941,0.5893,0.234835,65,9,35,357.44,0.7713,0.1516,0.014407,4.422
913667,520,220,740,185,174,236,292.38,0.6316,0.7463,0.466424,9,85,47,154.71,0.9727,0.3042,0.067600,4.391
913669,520,390,910,243,27,176,345.81,0.9706,0.5910,0.229763,23,11,98,275.74,0.9570,0.1474,0.013033,4.438
913675,520,433,953,244,6,3,29.25,0.9978,0.5457,0.193734,5,27,3,141.21,0.9583,0.0961,0.008227,4.186
913682,520,322,842,250,108,43,42.06,0.9607,0.6487,0.312268,6,55,69,222.47,0.8613,0.2128,0.032006,4.418
913716,520,384,904,214,29,255,318.65,1.0000,0.5912,0.223967,48,24,42,336.88,0.4357,0.1465,0.014489,4.248
913717,520,409,929,190,84,218,318.69,0.8046,0.5744,0.223509,47,18,35,345.87,0.5193,0.1301,0.011584,4.441
913728,520,359,879,251,1,209,338.24,0.9995,0.6174,0.251377,61,15,84,311.42,0.8014,0.1832,0.019739,4.321
913729,520,354,874,251,38,185,345.12,0.9722,0.6155,0.254016,9,49,43,180.89,0.8003,0.1815,0.024290,4.092
913730,520,431,951,184,72,219,317.07,0.8355,0.5508,0.199407,3,4,75,266.70,0.9890,0.0956,0.006141,4.442
913737,520,340,860,227,83,231,326.70,0.9043,0.6373,0.282890,11,40,104,262.95,0.9005,0.2003,0.025880,4.387
913743,520,469,989,230,8,31,26.50,0.9951,0.5171,0.170987,12,1,26,302.93,0.8766,0.0447,0.001745,4.271
913755,520,362,882,255,44,148,357.61,1.0000,0.6104,0.252031,45,42,11,103.79,0.6854,0.1779,0.022380,4.173
913784,520,480,1000,204,48,134,352.03,0.8182,0.5100,0.166746,0,0,0,0.00,0.0000,0.0000,0.000000,4.335
913787,520,469,989,187,43,210,321.56,0.9022,0.5205,0.169471,0,7,8,202.63,1.0000,0.0383,0.001695,4.246
913799,520,438,958,222,40,159,346.77,0.8991,0.5495,0.195529,37,10,21,357.03,0.5711,0.0941,0.006646,4.334
913842,520,300,820,199,127,249,309.78,0.9085,0.6739,0.341612,5,63,61,191.17,0.9229,0.2342,0.039240,4.388
913868,520,431,951,181,93,174,330.27,0.6196,0.5484,0.207096,16,21,44,272.46,0.5039,0.1032,0.008283,4.411
913874,520,394,914,218,32,247,321.36,0.9800,0.5929,0.226558,61,0,42,344.94,1.0000,0.1367,0.011594,4.490
913881,520,347,867,245,73,173,349.14,0.9089,0.6258,0.271977,54,33,74,305.95,0.5401,0.1933,0.023664,4.371
913893,520,412,932,241,37,114,6.17,0.9433,0.5672,0.212421,51,6,25,359.52,0.7659,0.1156,0.009044,4.445
913902,520,354,874,240,16,246,326.98,0.9949,0.6239,0.255523,8,46,57,221.51,0.7674,0.1783,0.023009,4.185
913903,520,378,898,219,45,240,323.01,0.9616,0.5964,0.232301,1,27,101,263.24,0.9889,0.1649,0.017298,4.195
913932,520,438,958,242,33,3,30.78,0.9976,0.5507,0.199749,38,7,17,3.50,0.6615,0.0896,0.006046,4.456
913935,520,415,935,210,76,180,337.68,0.7771,0.5725,0.221677,24,29,21,133.82,0.2146,0.1199,0.011271,4.434
913968,520,435,955,152,89,238,299.39,0.8553,0.5458,0.199935,20,19,13,99.56,0.1871,0.0867,0.006435,4.429
913970,520,367,887,252,8,193,342.69,0.9956,0.6117,0.247227,19,13,116,270.84,0.9771,0.1709,0.016871,4.445
913977,520,474,994,187,62,183,329.19,0.7874,0.5197,0.174304,6,2,6,326.97,0.4507,0.0301,0.000953,4.402
913987,520,338,858,253,22,233,332.84,0.9927,0.6397,0.273428,70,20,81,319.83,0.7434,0.2015,0.023966,4.373
913989,520,452,972,109,102,249,279.96,0.9411,0.5340,0.195930,10,14,29,271.31,0.4343,0.0727,0.004673,4.498
914007,520,353,873,242,39,228,331.57,0.9754,0.6239,0.259325,28,32,89,274.71,0.7394,0.1762,0.020011,4.418
914057,520,468,988,170,50,230,310.98,0.9105,0.5153,0.165413,6,5,3,88.28,0.2067,0.0374,0.001538,4.180
914067,520,439,959,165,81,243,304.09,0.9029,0.5542,0.203558,30,10,39,314.01,0.6403,0.0929,0.006396,4.496
914070,520,464,984,206,62,122,359.17,0.7719,0.5229,0.179743,10,7,5,61.22,0.1774,0.0471,0.002274,4.395
914071,520,326,846,243,103,160,357.35,0.8348,0.6542,0.312960,14,57,52,184.20,0.7488,0.2132,0.032674,4.390
914089,520,5,525,252,254,243,115.03,0.9322,0.9913,0.980501,1,137,7,142.77,0.9996,0.4741,0.179123,4.498
914094,520,459,979,230,32,66,20.11,0.9598,0.5305,0.182524,18,2,30,308.60,0.8194,0.0566,0.002658,4.416
914108,520,437,957,213,64,151,348.85,0.7923,0.5497,0.200495,0,26,4,147.01,1.0000,0.0901,0.007475,4.358
914137,520,471,991,220,11,124,357.55,0.9753,0.5175,0.169129,8,5,8,326.22,0.2125,0.0413,0.001777,4.232
914142,520,464,984,194,68,140,348.68,0.7200,0.5158,0.174987,6,7,21,277.52,0.4949,0.0500,0.002448,4.290
914152,520,469,989,202,20,190,331.63,0.9562,0.5198,0.167765,10,3,22,300.34,0.6987,0.0449,0.001876,4.198
914153,520,409,929,239,67,18,34.75,0.9802,0.5725,0.224119,21,32,32,196.13,0.2188,0.1300,0.012967,4.353
914158,520,38,558,252,247,122,106.79,0.9730,0.9483,0.886229,5,129,53,148.64,0.9960,0.4521,0.159891,4.461
914165,520,415,935,226,50,172,343.77,0.8878,0.5704,0.214311,33,15,60,297.75,0.7160,0.1212,0.009912,4.412
914166,520,411,931,206,39,240,319.69,0.9624,0.5715,0.208658,31,20,46,301.90,0.4945,0.1172,0.009889,4.319
914195,520,341,861,240,31,249,326.24,0.9879,0.6307,0.263474,57,44,8,88.22,0.7859,0.1985,0.026888,4.077
914206,520,376,896,225,71,199,335.45,0.8648,0.6021,0.246398,39,36,40,317.71,0.0796,0.1620,0.018463,4.329
914208,520,453,973,170,55,243,307.83,0.9357,0.5309,0.177502,32,1,19,347.76,0.8411,0.0693,0.003759,4.232
914223,520,430,950,239,29,88,14.00,0.9646,0.5521,0.199373,20,12,53,285.95,0.7461,0.0955,0.006687,4.399
914224,520,461,981,164,61,239,306.33,0.9123,0.5251,0.174626,7,8,10,262.32,0.0960,0.0483,0.002407,4.286
914231,520,368,888,236,99,9,44.74,0.9867,0.6088,0.267791,10,47,39,175.67,0.7729,0.1737,0.022440,4.387
914232,520,478,998,205,32,155,343.62,0.8902,0.5104,0.163808,0,1,7,260.32,1.0000,0.0186,0.000370,4.245
914241,520,432,952,227,20,155,348.67,0.9627,0.5474,0.192005,35,10,34,329.03,0.6125,0.0971,0.006899,4.253
914262,520,387,907,218,62,215,328.82,0.8997,0.5911,0.232590,50,9,78,306.44,0.8510,0.1541,0.014236,4.399
914284,520,442,962,238,21,75,17.37,0.9797,0.5439,0.192247,15,8,49,283.29,0.8089,0.0806,0.004970,4.407
914286,520,440,960,234,24,125,0.41,0.9598,0.5505,0.196294,22,13,47,291.36,0.6617,0.0941,0.006637,4.349
914289,520,444,964,237,38,27,29.27,0.9719,0.5442,0.194731,31,8,21,347.42,0.5622,0.0811,0.005192,4.434
914292,520,413,933,179,84,234,310.70,0.8567,0.5700,0.218657,34,15,59,299.68,0.7077,0.1216,0.009975,4.479
914309,520,359,879,250,76,134,4.71,0.9385,0.6232,0.272174,8,44,70,244.86,0.7718,0.1805,0.022951,4.416
914317,520,386,906,243,55,121,5.67,0.9066,0.5859,0.231708,52,25,40,346.62,0.4368,0.1538,0.015786,4.282
914320,520,14,534,238,255,239,147.03,1.0000,0.9804,0.959287,4,134,74,154.29,0.9953,0.4723,0.175696,4.472
914321,520,382,902,219,46,246,321.61,0.9651,0.6014,0.236698,43,12,87,294.97,0.8647,0.1565,0.014647,4.435
914330,520,403,923,217,21,240,322.80,0.9870,0.5817,0.215813,24,9,83,280.31,0.9312,0.1272,0.010141,4.420
914332,520,424,944,241,45,55,25.01,0.9561,0.5598,0.208567,47,1,44,331.24,0.9084,0.1112,0.008080,4.452
914336,520,434,954,218,71,106,10.21,0.7840,0.5504,0.204549,12,21,50,268.00,0.6424,0.1048,0.008447,4.355
914339,520,382,902,181,108,216,313.79,0.7079,0.5980,0.255076,3,45,9,145.38,0.9859,0.1566,0.019158,4.411
914340,520,448,968,213,44,173,339.96,0.8786,0.5427,0.189668,9,16,27,259.12,0.3808,0.0755,0.005078,4.351
914346,520,288,808,255,64,249,329.48,1.0000,0.6753,0.317694,76,40,80,323.43,0.5175,0.2427,0.036334,4.259
914358,520,363,883,250,26,183,345.24,0.9791,0.6074,0.244850,16,18,115,269.31,0.9689,0.1739,0.017804,4.349
914360,520,438,958,218,41,165,343.80,0.8914,0.5456,0.192103,33,1,49,311.42,0.9406,0.0910,0.005668,4.349
914361,520,420,940,195,101,119,9.09,0.5481,0.5603,0.222430,12,31,5,137.73,0.9065,0.1132,0.010691,4.489
914373,520,353,873,249,53,187,344.52,0.9565,0.6220,0.262770,45,41,23,97.17,0.3754,0.1772,0.022057,4.341
914386,520,374,894,195,110,188,330.13,0.6122,0.6047,0.263861,2,45,41,185.45,0.9473,0.1649,0.020497,4.452
914391,520,461,981,232,36,0,31.45,1.0000,0.5313,0.184206,10,4,21,299.75,0.6199,0.0467,0.002055,4.499
914393,520,362,882,253,67,84,21.01,0.9845,0.6070,0.255406,70,11,65,331.88,0.7831,0.1800,0.019233,4.411
914405,520,335,855,241,68,226,331.84,0.9397,0.6414,0.283287,28,55,0,133.07,1.0000,0.2017,0.029792,4.177
914431,520,471,991,227,1,79,14.13,0.9987,0.5162,0.169201,4,5,8,267.45,0.1995,0.0373,0.001519,4.255
914440,520,303,823,252,99,181,350.20,0.9565,0.6716,0.329584,44,55,62,236.10,0.1698,0.2302,0.036156,4.406
914458,520,476,996,170,17,241,309.69,0.9842,0.5053,0.152987,3,0,2,338.03,1.0000,0.0160,0.000237,4.041
914474,520,448,968,225,42,113,4.26,0.8963,0.5382,0.188585,27,2,47,305.14,0.9003,0.0822,0.004817,4.352
914486,520,457,977,175,74,199,319.45,0.7646,0.5260,0.181361,18,7,17,330.06,0.4187,0.0597,0.003210,4.348
914495,520,387,907,198,61,255,313.43,1.0000,0.5872,0.225645,47,30,8,70.54,0.6638,0.1480,0.015505,4.208
914502,520,352,872,221,109,123,13.82,0.6631,0.6162,0.277417,23,43,80,261.61,0.6155,0.1919,0.024890,4.372
914512,520,433,953,236,49,37,29.15,0.9541,0.5507,0.201662,13,20,42,268.70,0.5260,0.0972,0.007530,4.374
914518,520,454,974,235,7,81,14.66,0.9928,0.5350,0.184114,15,14,7,101.27,0.2826,0.0680,0.004310,4.311
914519,520,440,960,235,53,57,25.46,0.9350,0.5543,0.205069,2,24,16,167.38,0.8902,0.0881,0.007036,4.472
914522,520,456,976,131,98,222,292.19,0.7541,0.5250,0.188345,30,1,7,9.12,0.8746,0.0616,0.003131,4.486
914538,520,259,779,235,147,153,15.50,0.6597,0.7149,0.408316,45,71,40,140.47,0.5499,0.2720,0.052175,4.486
914545,520,348,868,247,25,231,331.99,0.9894,0.6287,0.262419,13,45,70,245.67,0.6910,0.1852,0.024044,4.219
914546,520,348,868,248,16,227,333.16,0.9939,0.6255,0.258761,56,19,90,303.29,0.7912,0.1859,0.020447,4.383
914549,520,375,895,207,86,220,323.70,0.8346,0.6035,0.250899,41,38,10,103.21,0.6649,0.1616,0.018796,4.374
914551,520,420,940,248,32,29,28.47,0.9821,0.5639,0.210818,12,28,34,224.25,0.4214,0.1130,0.010241,4.330
914582,520,455,975,236,9,27,27.24,0.9953,0.5301,0.181106,26,4,5,19.71,0.6866,0.0605,0.003174,4.346
914589,520,438,958,213,47,187,335.58,0.8864,0.5529,0.197691,20,18,34,288.77,0.3669,0.0932,0.006968,4.348
914604,520,406,926,157,101,249,297.49,0.9169,0.5797,0.233152,41,27,18,53.70,0.3457,0.1339,0.012990,4.495
914607,520,448,968,238,26,16,29.36,0.9865,0.5393,0.189566,10,16,32,267.28,0.4592,0.0791,0.005394,4.325
914608,520,445,965,240,12,17,28.50,0.9946,0.5388,0.188321,6,18,20,208.69,0.4169,0.0751,0.005218,4.316
914628,520,480,1000,224,25,55,22.13,0.9718,0.5126,0.168212,0,0,0,0.00,0.0000,0.0000,0.000000,4.364
914633,520,474,994,227,10,83,13.15,0.9868,0.5192,0.171754,1,3,14,264.87,0.7458,0.0308,0.001033,4.345
914638,520,439,959,206,0,224,323.86,1.0000,0.5460,0.185055,15,15,47,278.73,0.6619,0.0914,0.006484,4.161
914688,520,367,887,247,65,157,354.51,0.9235,0.6149,0.259923,7,43,64,239.43,0.7769,0.1730,0.021430,4.339
914691,520,409,929,229,71,114,8.47,0.8192,0.5730,0.223821,8,35,15,149.36,0.8717,0.1259,0.012881,4.355
914702,520,462,982,179,49,238,312.05,0.9296,0.5346,0.179544,20,1,19,329.95,0.8056,0.0502,0.002175,4.400
914703,520,457,977,212,4,182,336.53,0.9920,0.5291,0.174635,21,1,31,313.40,0.8833,0.0591,0.002801,4.254
914719,520,394,914,240,38,178,344.79,0.9486,0.5915,0.231288,55,8,57,326.25,0.7847,0.1436,0.012814,4.478
914728,520,390,910,254,29,98,12.64,0.9930,0.5853,0.228351,70,6,1,31.38,0.9826,0.1508,0.014348,4.326
914729,520,452,972,221,17,152,348.22,0.9632,0.5333,0.180426,11,11,33,280.23,0.5707,0.0697,0.004203,4.251
914744,520,408,928,234,5,186,340.67,0.9947,0.5732,0.211490,62,2,1,29.37,0.9816,0.1282,0.010699,4.308
914746,520,443,963,195,2,234,318.58,0.9982,0.5356,0.175875,28,8,20,345.05,0.5245,0.0762,0.004711,4.129
914753,520,446,966,232,40,62,22.21,0.9501,0.5389,0.190242,4,14,45,264.87,0.8363,0.0800,0.005293,4.345
914762,520,434,954,235,43,54,24.78,0.9533,0.5460,0.196594,35,5,44,317.39,0.7842,0.0962,0.006478,4.366
914774,520,323,843,239,73,230,330.28,0.9351,0.6452,0.288315,35,51,67,249.03,0.3247,0.2138,0.031301,4.161
914775,520,440,960,241,20,67,19.82,0.9841,0.5484,0.196097,31,14,6,46.83,0.5382,0.0874,0.006186,4.380
914776,520,392,912,228,45,208,333.38,0.9405,0.5905,0.229273,63,13,41,350.13,0.7126,0.1546,0.015049,4.293
914781,520,400,920,210,52,225,324.12,0.9260,0.5760,0.215957,16,37,14,142.08,0.7603,0.1364,0.014650,4.114
914783,520,401,921,244,10,152,353.07,0.9898,0.5770,0.217205,12,30,71,263.71,0.7732,0.1446,0.014616,4.135
914790,520,438,958,219,62,118,3.59,0.8111,0.5458,0.198158,30,15,19,2.55,0.3319,0.0915,0.006647,4.381
914799,520,462,982,210,56,133,354.63,0.8044,0.5283,0.182256,8,6,28,283.67,0.6563,0.0538,0.002657,4.411
914800,520,59,579,252,225,244,336.47,0.9205,0.9269,0.810783,8,121,82,161.82,0.9830,0.4326,0.143349,4.452
914801,520,359,879,227,46,254,321.85,0.9959,0.6202,0.254428,61,20,73,317.74,0.7109,0.1804,0.019736,4.365
914806,520,403,923,229,17,201,335.42,0.9831,0.5752,0.212785,24,25,63,278.38,0.6189,0.1337,0.012483,4.206
914814,520,338,858,218,112,178,343.72,0.6689,0.6365,0.297100,10,54,39,165.88,0.8636,0.1970,0.028492,4.422
914817,520,374,894,245,56,140,359.33,0.9150,0.5969,0.241375,7,46,11,144.71,0.9663,0.1619,0.020232,4.149
914833,520,401,921,248,27,136,359.41,0.9696,0.5837,0.225213,49,24,13,43.93,0.5474,0.1381,0.013354,4.344
914848,520,365,885,239,25,224,331.86,0.9854,0.6101,0.244306,76,14,17,23.15,0.8404,0.1748,0.018913,4.271
914849,520,480,1000,140,81,224,298.62,0.8103,0.5075,0.168423,0,0,0,0.00,0.0000,0.0000,0.000000,4.368
914863,520,419,939,238,61,22,33.22,0.9752,0.5645,0.215757,1,31,29,188.63,0.9470,0.1139,0.010751,4.375
914879,520,414,934,235,48,126,1.80,0.9003,0.5665,0.212854,16,3,90,273.48,0.9889,0.1225,0.009134,4.445
914880,520,395,915,203,58,251,315.85,0.9780,0.5889,0.226891,26,15,90,278.91,0.9062,0.1450,0.012994,4.396
914892,520,351,871,251,67,167,352.05,0.9585,0.6281,0.273168,53,27,88,299.45,0.7041,0.1919,0.022454,4.460
914902,520,460,980,220,57,32,31.64,0.9432,0.5253,0.182488,9,10,30,278.21,0.5598,0.0642,0.003689,4.330
914903,520,474,994,197,45,185,331.70,0.8631,0.5219,0.172516,8,2,3,6.09,0.4530,0.0311,0.001016,4.362
914926,520,454,974,197,19,222,321.81,0.9769,0.5336,0.176116,7,18,15,175.35,0.3823,0.0740,0.005123,4.102
914929,520,395,915,249,38,140,358.80,0.9522,0.5923,0.234228,19,32,53,259.63,0.4678,0.1398,0.014285,4.421
914934,520,393,913,218,21,244,322.15,0.9883,0.5864,0.219754,8,27,76,264.26,0.8731,0.1403,0.013572,4.243
914944,520,407,927,243,1,146,354.62,0.9989,0.5707,0.211550,29,15,71,287.51,0.7971,0.1269,0.010578,4.318
914947,520,446,966,192,3,247,314.87,0.9980,0.5418,0.179883,23,15,19,347.26,0.2066,0.0825,0.005708,4.127
914953,520,399,919,255,0,103,10.21,1.0000,0.5808,0.222431,47,23,23,20.37,0.4098,0.1352,0.012791,4.339
914963,520,320,840,250,108,53,40.13,0.9575,0.6495,0.313094,22,59,20,142.58,0.9055,0.2141,0.033489,4.349
914969,520,363,883,221,62,237,323.93,0.9368,0.6104,0.249338,49,35,25,56.77,0.3056,0.1668,0.019253,4.322
915017,520,372,892,249,76,89,20.90,0.9505,0.6098,0.260333,51,36,34,27.31,0.2161,0.1748,0.020811,4.383
915018,520,422,942,219,44,189,336.52,0.9085,0.5626,0.205378,8,28,25,182.64,0.5557,0.1068,0.009523,4.290
915032,520,410,930,181,94,213,316.10,0.7421,0.5730,0.226342,32,30,31,345.53,0.0377,0.1344,0.013346,4.362
915072,520,320,840,222,97,235,323.81,0.8956,0.6496,0.300790,4,42,114,261.57,0.9643,0.2133,0.028964,4.442
915075,520,396,916,163,110,219,304.64,0.6995,0.5812,0.240533,14,36,38,203.24,0.4811,0.1399,0.014950,4.473
915094,520,472,992,211,18,154,345.17,0.9500,0.5150,0.166169,7,2,2,20.55,0.4264,0.0295,0.000930,4.244
915099,520,424,944,216,59,169,342.60,0.8322,0.5586,0.205937,30,24,14,80.02,0.3124,0.1109,0.009610,4.294
915101,520,404,924,200,65,236,318.16,0.9092,0.5795,0.221175,4,33,49,236.99,0.7896,0.1322,0.013352,4.280
915113,520,443,963,212,62,148,349.61,0.7946,0.5445,0.195826,37,6,1,36.81,0.9150,0.0820,0.005258,4.449
915121,520,388,908,186,90,241,310.95,0.8871,0.5930,0.241032,27,38,7,126.49,0.7890,0.1466,0.016346,4.387
915135,520,454,974,217,17,161,344.32,0.9616,0.5300,0.177282,27,1,27,328.21,0.8468,0.0652,0.003339,4.261
915165,520,444,964,143,106,201,300.10,0.6136,0.5387,0.203649,2,23,6,148.70,0.9556,0.0825,0.006388,4.498
915206,520,356,876,252,62,141,0.81,0.9670,0.6155,0.260672,85,2,14,21.94,0.9800,0.1833,0.020068,4.434
915210,520,406,926,227,41,199,335.61,0.9388,0.5808,0.220428,45,15,52,319.65,0.6607,0.1318,0.011475,4.399
915242,520,398,918,214,103,52,43.38,0.8089,0.5805,0.242467,22,34,48,252.84,0.3508,0.1444,0.015280,4.480
915259,520,398,918,252,50,1,32.52,0.9993,0.5824,0.229825,64,4,22,9.90,0.8761,0.1394,0.012349,4.488
915260,520,435,955,134,99,243,290.10,0.8720,0.5466,0.204629,1,25,5,147.60,0.9844,0.0878,0.007126,4.457
915262,520,386,906,229,84,118,9.48,0.7817,0.5903,0.243093,17,40,16,143.00,0.7690,0.1472,0.016741,4.391
915301,520,464,984,205,23,178,335.99,0.9407,0.5189,0.168083,23,1,8,359.16,0.8091,0.0501,0.002214,4.177
915305,520,168,688,251,169,235,333.91,0.9661,0.8074,0.548852,29,90,91,196.67,0.7048,0.3413,0.083285,4.493
915312,520,323,843,224,106,198,336.54,0.7658,0.6451,0.302346,62,45,31,60.55,0.3392,0.2121,0.029999,4.404
915315,520,292,812,230,111,225,329.01,0.8642,0.6754,0.336301,62,54,30,91.64,0.4197,0.2358,0.037563,4.412
915331,520,332,852,194,108,253,309.23,0.9725,0.6387,0.292872,21,56,11,139.55,0.9472,0.2022,0.030118,4.280
915335,520,437,957,203,32,227,322.06,0.9610,0.5529,0.192773,0,19,48,255.81,0.9999,0.0912,0.006791,4.275
915337,520,437,957,194,70,194,327.79,0.7920,0.5472,0.197462,29,18,5,70.97,0.5780,0.0930,0.007048,4.338
915345,520,355,875,245,68,179,346.79,0.9179,0.6235,0.268044,49,41,16,91.89,0.5599,0.1808,0.022763,4.371
915349,520,397,917,210,14,255,317.81,1.0000,0.5799,0.212374,50,10,56,322.16,0.7561,0.1363,0.011808,4.245
915354,520,397,917,201,83,208,325.42,0.7966,0.5831,0.231596,7,30,66,259.13,0.8049,0.1379,0.013670,4.423
915355,520,246,766,233,141,236,325.89,0.8677,0.7341,0.424312,4,80,42,154.03,0.9874,0.2850,0.059300,4.340
915375,520,449,969,213,50,164,343.18,0.8493,0.5426,0.191099,25,9,11,12.58,0.4205,0.0705,0.004262,4.443
915400,520,198,718,250,146,252,326.41,0.9839,0.7727,0.479121,32,89,10,139.14,0.9829,0.3194,0.074735,4.242
915408,520,376,896,231,69,187,340.82,0.8666,0.6039,0.248356,27,42,16,133.45,0.6403,0.1606,0.019263,4.308
915421,520,419,939,191,63,230,316.98,0.8924,0.5593,0.203458,6,11,73,268.35,0.9580,0.1051,0.007590,4.401
915432,520,461,981,178,48,240,311.34,0.9342,0.5340,0.178711,18,0,20,324.89,1.0000,0.0457,0.001791,4.416
915441,520,480,1000,205,45,134,352.04,0.8314,0.5094,0.165793,0,0,0,0.00,0.0000,0.0000,0.000000,4.316
915452,520,409,929,199,97,153,347.93,0.6091,0.5722,0.229930,36,29,8,91.07,0.6115,0.1303,0.012714,4.464
915454,520,386,906,184,90,245,309.35,0.9107,0.5932,0.240961,0,43,4,144.37,1.0000,0.1477,0.017364,4.319
915455,520,467,987,220,34,95,9.43,0.9207,0.5174,0.171886,3,0,32,275.78,1.0000,0.0380,0.001236,4.331
915461,520,479,999,179,89,92,19.37,0.5585,0.5054,0.175025,2,0,2,328.36,1.0000,0.0139,0.000173,4.485
915478,520,280,800,181,154,215,304.48,0.5036,0.6882,0.378415,27,65,75,217.50,0.5558,0.2550,0.045214,4.499
915491,520,463,983,193,3,235,317.79,0.9973,0.5333,0.174022,19,5,8,4.87,0.4742,0.0534,0.002645,4.255
915512,520,407,927,166,91,242,303.53,0.8784,0.5691,0.220004,19,29,50,264.00,0.4526,0.1298,0.012474,4.322
915531,520,302,822,203,137,188,335.19,0.5056,0.6658,0.342198,17,62,55,180.89,0.7368,0.2318,0.038401,4.437
915539,520,361,881,252,9,202,340.29,0.9957,0.6167,0.251584,65,29,19,36.45,0.5885,0.1772,0.020497,4.278
915546,520,354,874,203,104,211,324.50,0.7392,0.6182,0.273017,38,41,44,248.08,0.0656,0.1764,0.021798,4.499
915558,520,434,954,209,83,101,14.53,0.7079,0.5489,0.206835,24,19,38,294.94,0.4058,0.1019,0.007999,4.428
915566,520,454,974,209,22,182,335.83,0.9507,0.5284,0.175086,20,1,50,293.70,0.9616,0.0745,0.004007,4.168
915567,520,257,777,214,149,198,335.83,0.5442,0.7077,0.398695,40,73,17,135.06,0.9133,0.2710,0.052565,4.375
915570,520,327,847,255,81,172,352.32,1.0000,0.6513,0.301267,41,49,59,254.14,0.1807,0.2089,0.029838,4.400
915601,520,464,984,156,62,247,301.95,0.9488,0.5223,0.172290,5,9,18,261.77,0.3850,0.0520,0.002713,4.217
915602,520,414,934,254,10,44,25.15,0.9960,0.5703,0.214736,49,12,22,6.94,0.6473,0.1187,0.009739,4.432
915641,520,369,889,225,63,225,328.02,0.9239,0.6099,0.250010,55,17,76,310.73,0.7576,0.1691,0.017350,4.454
915647,520,473,993,118,88,251,285.22,0.9636,0.5187,0.177957,0,3,11,252.27,0.9999,0.0281,0.000893,4.479
915649,520,430,950,213,24,204,330.65,0.9645,0.5504,0.191611,39,0,52,315.87,1.0000,0.1018,0.006793,4.254
915662,520,317,837,247,81,216,336.24,0.9522,0.6585,0.306197,4,45,111,260.13,0.9578,0.2174,0.030501,4.425
915672,520,421,941,220,66,152,350.40,0.8057,0.5649,0.213815,25,21,47,288.55,0.4911,0.1133,0.009482,4.435
915682,520,433,953,188,78,194,325.59,0.7536,0.5479,0.200365,7,7,75,269.46,0.9734,0.1025,0.007051,4.388
915684,520,432,952,242,8,93,11.81,0.9925,0.5527,0.198446,31,16,28,334.29,0.3770,0.0986,0.007458,4.324
915685,520,443,963,201,1,222,323.02,0.9989,0.5360,0.177149,26,13,5,54.57,0.5103,0.0780,0.005184,4.116
915686,520,449,969,167,62,253,304.37,0.9855,0.5424,0.187532,32,3,21,345.44,0.7474,0.0739,0.004264,4.377
915690,520,359,879,253,3,212,337.91,0.9988,0.6231,0.257046,70,17,58,338.14,0.7099,0.1820,0.020087,4.381
915716,520,433,953,199,65,201,327.28,0.8315,0.5540,0.201414,15,24,14,142.13,0.3711,0.0959,0.007865,4.345
915744,520,403,923,207,46,245,318.66,0.9576,0.5814,0.218136,24,15,79,280.02,0.8689,0.1305,0.011003,4.395
915745,520,420,940,228,29,178,341.84,0.9515,0.5645,0.205897,20,27,13,130.13,0.4202,0.1084,0.009616,4.292
915748,520,341,861,207,92,244,317.01,0.9231,0.6270,0.274527,22,13,137,270.16,0.9854,0.2020,0.022644,4.467
915769,520,424,944,222,30,181,339.50,0.9433,0.5554,0.197968,14,30,1,132.59,0.9747,0.1105,0.010241,4.116
915777,520,464,984,213,36,138,351.89,0.8844,0.5200,0.172452,9,4,27,290.38,0.7179,0.0496,0.002240,4.258
915784,520,337,857,247,47,239,330.06,0.9761,0.6439,0.280421,78,23,54,348.99,0.6602,0.2030,0.024991,4.406
915794,520,480,1000,180,24,228,315.45,0.9680,0.5122,0.159592,0,0,0,0.00,0.0000,0.0000,0.000000,4.192
915799,520,380,900,222,65,219,328.79,0.9067,0.6030,0.244268,59,24,36,0.07,0.5086,0.1619,0.017106,4.385
915811,520,416,936,246,48,72,21.26,0.9524,0.5747,0.221781,20,29,28,187.85,0.1880,0.1189,0.011113,4.447
915815,520,459,979,219,60,9,35.17,0.9854,0.5252,0.183141,24,6,12,359.50,0.5193,0.0636,0.003510,4.357
915817,520,436,956,206,0,231,322.20,1.0000,0.5514,0.188931,2,3,70,266.15,0.9912,0.0868,0.005202,4.328
915828,520,476,996,192,52,163,337.67,0.8004,0.5060,0.163085,0,2,2,194.77,1.0000,0.0198,0.000478,4.221
915836,520,282,802,224,149,75,63.02,0.7450,0.6876,0.378521,39,68,7,132.53,0.9577,0.2530,0.045808,4.473
915842,520,444,964,231,6,121,0.67,0.9902,0.5378,0.185026,10,16,32,267.28,0.4592,0.0791,0.005394,4.243
915848,520,474,994,223,39,50,24.80,0.9498,0.5178,0.173721,0,0,25,264.05,1.0000,0.0280,0.000702,4.412
915855,520,268,788,252,129,122,24.75,0.9417,0.6985,0.378041,76,56,48,42.81,0.2425,0.2642,0.045784,4.469
915866,520,14,534,247,250,235,115.95,0.6631,0.9753,0.941435,28,130,105,171.75,0.9000,0.4717,0.172313,4.460
915874,520,380,900,202,77,238,317.74,0.9055,0.5969,0.240388,22,40,48,227.97,0.3664,0.1618,0.019015,4.208
915903,520,318,838,233,84,244,324.95,0.9528,0.6558,0.301981,59,43,70,310.81,0.3641,0.2193,0.030998,4.346
915906,520,360,880,239,7,247,326.56,0.9979,0.6212,0.252207,78,5,39,359.58,0.8609,0.1770,0.018750,4.396
915909,520,419,939,238,48,76,19.54,0.9344,0.5593,0.208160,15,30,9,137.46,0.7190,0.1127,0.010498,4.267
915911,520,376,896,255,21,135,0.75,1.0000,0.5952,0.235493,4,24,104,264.87,0.9594,0.1640,0.016784,4.275
915955,520,348,868,218,91,227,325.00,0.8662,0.6309,0.279355,21,38,96,267.16,0.7992,0.1920,0.023901,4.457
915962,520,315,835,250,59,239,330.72,0.9808,0.6570,0.296868,67,43,60,337.90,0.3238,0.2249,0.032474,4.206
915966,520,315,835,225,133,94,43.33,0.6804,0.6595,0.335929,19,63,2,138.95,0.9935,0.2244,0.036977,4.437
915981,520,456,976,219,55,96,11.51,0.8504,0.5321,0.186395,19,5,24,316.98,0.6191,0.0603,0.003129,4.449
916005,520,440,960,224,57,120,3.01,0.8427,0.5509,0.201322,1,25,1,142.70,0.9907,0.0869,0.007039,4.406
916033,520,376,896,237,11,216,333.38,0.9936,0.5977,0.232045,26,42,11,132.10,0.7721,0.1590,0.018997,4.088
916034,520,332,852,253,24,232,333.08,0.9919,0.6396,0.273653,37,51,15,127.55,0.7286,0.1974,0.027954,4.152
916040,520,49,569,249,233,233,17.47,0.5267,0.9379,0.843013,47,124,3,138.38,0.9972,0.4411,0.150257,4.459
916044,520,400,920,248,44,110,9.14,0.9480,0.5843,0.228871,1,20,93,263.97,0.9870,0.1419,0.012970,4.429
916047,520,380,900,248,68,77,23.02,0.9540,0.5971,0.246299,18,44,6,137.41,0.9450,0.1594,0.019431,4.268
916049,520,135,655,225,206,202,31.79,0.2336,0.8439,0.644150,20,106,14,142.15,0.9877,0.3732,0.104881,4.482
916052,520,341,861,254,80,122,10.43,0.9860,0.6314,0.282168,34,32,108,276.71,0.8219,0.2004,0.024557,4.455
916083,520,356,876,223,98,167,348.50,0.7237,0.6174,0.272156,27,47,13,134.39,0.8111,0.1762,0.022951,4.416
916084,520,412,932,255,2,63,21.14,1.0000,0.5732,0.216662,47,15,34,346.15,0.5780,0.1245,0.010616,4.399
916090,520,282,802,250,103,211,339.28,0.9586,0.6871,0.347304,9,67,74,207.45,0.8619,0.2544,0.045666,4.153
916105,520,346,866,215,110,175,343.92,0.6541,0.6274,0.286959,23,49,50,198.79,0.4434,0.1909,0.026090,4.428
916127,520,431,951,193,77,183,331.16,0.7408,0.5478,0.200656,44,8,17,8.98,0.6944,0.1021,0.007497,4.359
916134,520,349,869,248,95,51,36.36,0.9514,0.6266,0.283832,22,52,30,150.59,0.6839,0.1928,0.027202,4.324
916143,520,368,888,231,12,254,323.17,0.9965,0.6135,0.244100,11,45,50,208.77,0.6823,0.1725,0.021781,4.097
916147,520,357,877,233,50,241,326.23,0.9658,0.6235,0.259581,72,25,19,29.66,0.6876,0.1827,0.021202,4.348
916164,520,404,924,217,27,239,322.97,0.9811,0.5831,0.217696,7,11,91,267.75,0.9762,0.1285,0.010398,4.432
916169,520,473,993,222,14,128,356.63,0.9698,0.5239,0.174049,8,1,7,331.57,0.6759,0.0298,0.000887,4.403
916202,520,406,926,196,57,248,314.55,0.9619,0.5751,0.214406,6,26,73,263.25,0.8906,0.1340,0.012585,4.225
916214,520,449,969,192,44,219,320.70,0.9184,0.5361,0.181237,0,10,48,262.17,1.0000,0.0720,0.004305,4.258
916216,520,456,976,217,35,145,350.24,0.8986,0.5303,0.180005,19,2,27,314.49,0.7949,0.0558,0.002610,4.372
916221,520,432,952,159,104,187,313.46,0.5644,0.5453,0.208600,46,7,8,23.32,0.7990,0.1022,0.007504,4.497
916242,520,207,727,249,166,144,35.52,0.8362,0.7688,0.494281,36,85,52,152.15,0.7404,0.3145,0.071198,4.491
916244,520,424,944,158,90,242,300.72,0.8783,0.5577,0.209926,42,15,5,41.73,0.7051,0.1068,0.008449,4.447
916250,520,467,987,212,59,78,18.56,0.8411,0.5182,0.176774,4,3,24,279.52,0.7884,0.0404,0.001569,4.398
916252,520,454,974,236,24,27,28.02,0.9851,0.5347,0.185685,5,15,29,255.22,0.5562,0.0714,0.004626,4.315
916259,520,400,920,247,49,83,18.26,0.9515,0.5795,0.225988,23,36,2,127.81,0.9432,0.1362,0.014483,4.280
916273,520,447,967,231,39,72,19.12,0.9440,0.5379,0.189108,9,20,2,132.54,0.8885,0.0774,0.005628,4.298
916279,520,454,974,230,13,96,9.31,0.9818,0.5295,0.179584,11,1,54,279.53,0.9830,0.0701,0.003592,4.284
916286,520,438,958,224,65,93,15.13,0.8389,0.5513,0.204209,21,22,8,112.08,0.4563,0.0943,0.007508,4.420
916289,520,372,892,240,51,197,339.45,0.9366,0.6095,0.249270,19,47,5,137.16,0.9608,0.1699,0.021824,4.167
916293,520,46,566,229,242,219,131.35,0.4914,0.9362,0.852765,6,127,26,144.05,0.9969,0.4424,0.152914,4.449
916299,520,397,917,157,99,251,297.44,0.9428,0.5779,0.230570,21,39,5,132.95,0.9100,0.1447,0.016214,4.237
916301,520,367,887,254,22,172,349.20,0.9924,0.6084,0.246267,76,2,35,1.60,0.9284,0.1682,0.017015,4.421
916305,520,341,861,244,103,40,41.54,0.9383,0.6304,0.290899,7,57,27,151.84,0.9597,0.2029,0.030504,4.235
916336,520,358,878,227,70,230,327.16,0.9225,0.6228,0.264266,21,50,8,137.71,0.9432,0.1815,0.024581,4.214
916355,520,434,954,203,61,190,331.93,0.8287,0.5496,0.197535,26,11,47,299.07,0.6929,0.0952,0.006642,4.370
916361,520,476,996,222,38,18,30.46,0.9777,0.5122,0.169623,2,0,12,289.00,1.0000,0.0208,0.000394,4.358
916368,520,448,968,203,69,154,345.31,0.7507,0.5392,0.192877,1,16,41,256.53,0.9065,0.0791,0.005371,4.386
916399,520,341,861,239,105,50,40.98,0.9020,0.6258,0.286871,32,39,94,273.58,0.6813,0.1997,0.025662,4.452
916437,520,364,884,243,39,209,336.66,0.9670,0.6142,0.251121,47,18,92,294.95,0.8197,0.1742,0.018097,4.422
916495,520,400,920,254,5,106,9.28,0.9966,0.5805,0.222237,46,25,34,352.87,0.3533,0.1419,0.013917,4.259
916503,520,464,984,206,55,133,353.56,0.7982,0.5199,0.175498,1,7,27,260.88,0.8688,0.0491,0.002375,4.305
916512,520,458,978,178,29,247,310.51,0.9730,0.5278,0.170601,15,0,39,295.64,1.0000,0.0564,0.002480,4.203
916513,520,378,898,171,107,236,304.56,0.8073,0.5968,0.252299,45,34,16,78.69,0.4716,0.1567,0.017394,4.486
916590,520,478,998,193,56,166,336.99,0.7917,0.5134,0.169206,1,0,13,277.69,1.0000,0.0199,0.000355,4.353
916600,520,459,979,148,79,242,298.46,0.8994,0.5293,0.182989,6,1,51,274.18,0.9879,0.0628,0.002994,4.396
916601,520,400,920,175,97,225,310.13,0.7796,0.5777,0.231003,48,21,44,332.92,0.5097,0.1418,0.013466,4.428
916604,520,370,890,252,4,196,341.86,0.9979,0.6125,0.247712,52,9,94,299.84,0.8985,0.1734,0.017336,4.421
916606,520,457,977,215,67,26,35.26,0.9442,0.5262,0.185384,14,7,33,292.03,0.6633,0.0646,0.003551,4.395
916611,520,444,964,235,6,110,5.14,0.9919,0.5424,0.189213,21,4,52,292.12,0.8802,0.0828,0.004942,4.354
916621,520,125,645,243,207,118,87.93,0.7759,0.8451,0.649897,64,103,20,132.00,0.9333,0.3841,0.108408,4.418
916632,520,454,974,197,79,112,5.69,0.6697,0.5253,0.186339,22,9,24,322.09,0.4719,0.0717,0.004319,4.351
916636,520,434,954,241,16,93,11.94,0.9841,0.5525,0.198650,7,26,11,148.96,0.7620,0.0959,0.008081,4.281
916640,520,340,860,249,96,97,23.07,0.9359,0.6366,0.293718,10,50,78,244.20,0.7724,0.2045,0.028956,4.353
916641,520,472,992,223,3,107,4.01,0.9941,0.5158,0.168174,8,0,10,323.04,1.0000,0.0280,0.000735,4.300
916642,520,379,899,216,67,234,323.19,0.9191,0.6050,0.245556,43,35,35,17.95,0.1161,0.1621,0.018370,4.323
916648,520,459,979,219,14,145,350.05,0.9677,0.5252,0.174210,10,12,3,117.35,0.5279,0.0577,0.003340,4.203
916653,520,376,896,215,46,252,319.23,0.9864,0.5995,0.234312,30,8,103,279.74,0.9624,0.1568,0.014289,4.422
916694,520,418,938,162,101,208,308.65,0.6768,0.5565,0.215433,18,21,68,274.36,0.7725,0.1248,0.010822,4.364
916697,520,448,968,173,61,240,309.07,0.9175,0.5386,0.185138,9,19,14,162.08,0.3485,0.0777,0.005555,4.233
916720,520,479,999,186,69,150,341.75,0.7056,0.5081,0.168988,0,0,4,264.05,1.0000,0.0106,0.000088,4.372
916737,520,410,930,138,124,191,292.87,0.4687,0.5654,0.235801,3,36,33,186.27,0.8791,0.1326,0.013909,4.472
916758,520,413,933,234,68,53,29.30,0.9124,0.5666,0.218867,12,29,38,233.27,0.4621,0.1180,0.010968,4.410
916765,520,349,869,217,94,220,326.67,0.8368,0.6292,0.279262,26,43,77,262.90,0.5546,0.1915,0.024831,4.400
916766,520,400,920,253,46,54,25.72,0.9904,0.5849,0.231067,12,29,69,264.08,0.7644,0.1403,0.013865,4.401
916768,520,399,919,206,89,169,341.53,0.6963,0.5780,0.231329,41,11,78,297.65,0.8446,0.1433,0.012608,4.493
916773,520,435,955,199,47,220,322.40,0.9185,0.5505,0.193440,18,5,63,282.35,0.9253,0.0930,0.005960,4.350
916793,520,299,819,243,82,238,329.16,0.9522,0.6656,0.312649,22,62,32,149.28,0.8363,0.2266,0.037200,4.159
916794,520,478,998,189,3,219,320.46,0.9959,0.5135,0.159999,7,0,3,348.27,1.0000,0.0231,0.000518,4.157
916796,520,418,938,232,67,58,27.80,0.9045,0.5623,0.214785,29,28,14,104.73,0.3767,0.1204,0.011234,4.324
916798,520,289,809,232,117,212,334.24,0.8284,0.6808,0.346339,3,68,6,143.18,0.9951,0.2374,0.041666,4.324
916803,520,405,925,246,7,147,354.99,0.9932,0.5783,0.218547,58,3,24,3.92,0.8649,0.1258,0.010308,4.453
916813,520,334,854,253,36,223,335.29,0.9907,0.6388,0.274753,68,7,97,310.58,0.9057,0.1996,0.022441,4.483
916815,520,421,941,245,7,91,12.78,0.9942,0.5583,0.203232,10,24,51,262.10,0.6534,0.1118,0.009568,4.251
916820,520,350,870,237,27,254,324.48,0.9966,0.6277,0.259467,70,9,83,319.52,0.8431,0.1920,0.021222,4.345
916827,520,445,965,218,40,158,346.14,0.8897,0.5415,0.188940,21,11,32,304.27,0.5241,0.0786,0.005031,4.342
916830,520,419,939,251,19,14,29.09,0.9926,0.5643,0.210104,23,28,6,120.27,0.6716,0.1126,0.010258,4.317
916838,520,312,832,255,17,254,328.55,1.0000,0.6555,0.288198,14,63,8,141.58,0.9788,0.2231,0.036658,3.903
916844,520,401,921,241,34,145,355.41,0.9479,0.5765,0.218923,28,20,81,281.35,0.8081,0.1445,0.013412,4.241
916865,520,368,888,254,57,123,6.87,0.9895,0.6093,0.254307,62,24,31,10.51,0.5393,0.1654,0.017765,4.491
916876,520,388,908,216,87,170,344.00,0.7383,0.5918,0.243197,2,35,63,248.51,0.8928,0.1469,0.015738,4.460
916879,520,379,899,251,26,154,354.17,0.9750,0.5961,0.235846,62,11,60,329.68,0.7654,0.1616,0.015899,4.338
916900,520,399,919,212,82,165,344.46,0.7375,0.5761,0.227503,8,35,44,223.48,0.6617,0.1370,0.014355,4.312
916901,520,426,946,229,40,142,354.26,0.9084,0.5553,0.201314,32,17,46,306.02,0.5595,0.1124,0.009052,4.256
916915,520,387,907,241,35,179,344.64,0.9561,0.5923,0.231605,37,24,63,296.16,0.5911,0.1450,0.014055,4.396
916919,520,369,889,178,117,207,314.16,0.6229,0.6052,0.266933,5,50,10,144.62,0.9814,0.1749,0.023353,4.321
916928,520,171,691,227,180,220,331.34,0.5830,0.7954,0.541417,5,93,84,183.39,0.9685,0.3421,0.085007,4.381
916938,520,433,953,236,44,22,30.59,0.9771,0.5458,0.196953,37,15,6,43.44,0.6153,0.0987,0.007482,4.296
916945,520,474,994,207,53,130,354.85,0.8070,0.5186,0.174255,5,1,16,297.00,0.8102,0.0308,0.000914,4.405
916946,520,399,919,230,15,210,333.28,0.9879,0.5821,0.218204,49,16,52,324.26,0.6511,0.1398,0.012716,4.277
916961,520,295,815,240,109,202,340.04,0.8667,0.6757,0.337293,74,46,59,350.42,0.3228,0.2414,0.037258,4.439
916966,520,420,940,237,38,128,0.68,0.9309,0.5644,0.209523,12,31,4,136.98,0.9254,0.1130,0.010669,4.278
916969,520,453,973,221,22,136,353.83,0.9473,0.5278,0.177262,1,20,7,153.82,0.9628,0.0731,0.005221,4.116
916971,520,399,919,241,66,51,29.29,0.9386,0.5778,0.228395,37,32,13,95.00,0.4960,0.1405,0.014554,4.313
916983,520,411,931,231,67,95,15.51,0.8550,0.5672,0.218323,9,19,74,268.22,0.9078,0.1216,0.010182,4.459
916995,520,460,980,226,22,116,1.99,0.9558,0.5303,0.180063,3,17,1,139.39,0.9695,0.0644,0.004224,4.243
917035,520,372,892,221,46,254,320.34,0.9956,0.6106,0.244839,73,11,23,15.40,0.8185,0.1665,0.017179,4.389
917039,520,422,942,201,56,220,322.77,0.8989,0.5612,0.204148,26,5,68,288.87,0.9152,0.1067,0.007455,4.423
917062,520,423,943,222,56,161,346.82,0.8497,0.5628,0.209336,38,21,10,52.89,0.4945,0.1136,0.009704,4.344
917064,520,446,966,222,9,171,342.30,0.9842,0.5429,0.186678,12,3,60,277.66,0.9636,0.0813,0.004695,4.327
917069,520,448,968,208,73,130,357.74,0.7344,0.5427,0.197888,1,14,49,261.65,0.9524,0.0815,0.005422,4.473
917071,520,466,986,217,7,151,347.46,0.9831,0.5224,0.171405,13,3,32,295.64,0.8029,0.0548,0.002550,4.213
917103,520,375,895,238,88,71,29.49,0.8950,0.6014,0.256145,44,37,21,86.82,0.3700,0.1645,0.019128,4.429
917108,520,397,917,212,39,236,322.22,0.9623,0.5784,0.215061,17,23,84,271.27,0.8756,0.1447,0.013720,4.160
917117,520,198,718,255,147,224,338.69,1.0000,0.7680,0.475117,59,82,34,130.44,0.6738,0.3163,0.070798,4.347
917131,520,414,934,170,83,255,303.20,1.0000,0.5730,0.219531,34,27,9,88.49,0.5425,0.1226,0.011437,4.387
917140,520,442,962,199,86,113,7.65,0.6433,0.5397,0.199918,0,22,13,165.47,1.0000,0.0798,0.006028,4.461
917141,520,430,950,194,38,241,316.18,0.9594,0.5525,0.192078,3,5,76,266.59,0.9867,0.0985,0.006496,4.285
917151,520,476,996,224,22,66,18.80,0.9721,0.5131,0.168173,1,0,16,275.06,1.0000,0.0220,0.000439,4.326
917159,520,415,935,240,53,108,9.66,0.9070,0.5746,0.221574,26,28,8,113.99,0.5799,0.1160,0.010677,4.476
917185,520,373,893,246,4,191,341.93,0.9973,0.5985,0.234444,43,36,11,93.77,0.6207,0.1586,0.017995,4.183
917186,520,14,534,253,249,239,88.68,0.6827,0.9796,0.948662,64,131,45,139.41,0.9108,0.4745,0.175115,4.436
917241,520,437,957,234,56,25,32.10,0.9692,0.5519,0.203940,21,15,44,289.66,0.5888,0.0945,0.006829,4.468
917247,520,475,995,225,39,64,21.07,0.9416,0.5241,0.178316,2,2,16,276.62,0.7755,0.0302,0.000937,4.482
917259,520,439,959,239,39,47,26.01,0.9658,0.5507,0.200103,3,2,76,266.70,0.9948,0.0940,0.005845,4.478
917261,520,398,918,251,46,3,31.95,0.9979,0.5775,0.224735,39,14,69,299.73,0.7747,0.1356,0.011751,4.449
917278,520,377,897,200,99,199,327.74,0.7101,0.5994,0.253280,41,34,44,315.74,0.1892,0.1609,0.017973,4.462
917283,520,391,911,230,89,65,31.91,0.8544,0.5875,0.243521,9,41,14,146.27,0.9257,0.1461,0.016756,4.397
917287,520,460,980,194,31,221,321.05,0.9528,0.5328,0.176713,24,3,21,333.33,0.7076,0.0613,0.003135,4.267
917288,520,405,925,253,28,94,13.68,0.9868,0.5819,0.225250,21,31,47,259.56,0.3674,0.1348,0.013446,4.338
917298,520,433,953,217,58,154,348.26,0.8245,0.5522,0.201132,19,26,7,125.91,0.6123,0.1034,0.008926,4.262
917308,520,384,904,183,90,240,310.15,0.8787,0.5882,0.236717,35,31,43,299.98,0.2183,0.1458,0.015117,4.403
917321,520,391,911,248,61,54,27.73,0.9665,0.5870,0.235638,8,16,101,267.26,0.9711,0.1489,0.013617,4.490
917322,520,396,916,254,36,67,21.81,0.9947,0.5826,0.227416,35,9,87,288.49,0.9094,0.1434,0.012408,4.445
917333,520,413,933,189,86,206,321.78,0.7587,0.5679,0.219318,4,25,67,261.44,0.8994,0.1249,0.011263,4.396
917355,520,352,872,238,83,168,350.19,0.8448,0.6226,0.271936,77,10,66,336.01,0.7985,0.1933,0.021884,4.479
917360,520,437,957,237,21,109,6.30,0.9712,0.5502,0.196481,29,11,33,320.11,0.5555,0.0893,0.006104,4.393
917374,520,393,913,234,58,166,348.06,0.8811,0.5887,0.232745,0,40,11,148.67,1.0000,0.1383,0.015417,4.322
917375,520,414,934,250,19,90,14.08,0.9856,0.5715,0.215316,54,8,6,27.87,0.8672,0.1193,0.009712,4.443
917382,520,337,857,246,8,255,326.39,1.0000,0.6390,0.269893,26,54,26,143.92,0.7139,0.2008,0.029324,4.033
917408,520,426,946,249,1,61,21.18,0.9995,0.5599,0.205020,48,11,17,14.08,0.6741,0.1139,0.009083,4.316
917421,520,469,989,218,37,112,2.91,0.8963,0.5205,0.174010,21,0,6,0.24,1.0000,0.0439,0.001726,4.331
917449,520,454,974,232,32,8,30.50,0.9923,0.5292,0.182095,12,8,45,280.77,0.7950,0.0745,0.004413,4.265
917466,520,326,846,214,109,226,323.40,0.8197,0.6501,0.307260,1,59,14,146.11,0.9972,0.2058,0.031659,4.375
917490,520,351,871,251,9,232,332.63,0.9972,0.6326,0.265339,54,41,40,23.43,0.1694,0.1936,0.025234,4.191
917493,520,478,998,182,56,191,325.07,0.8172,0.5102,0.165363,3,0,8,305.48,1.0000,0.0200,0.000369,4.276
917504,520,455,975,204,28,194,331.03,0.9393,0.5294,0.175648,0,10,37,259.20,1.0000,0.0621,0.003506,4.217
917513,520,319,839,244,62,248,327.13,0.9771,0.6550,0.294583,28,60,26,142.62,0.7954,0.2218,0.035531,4.029
917524,520,381,901,255,55,93,16.64,1.0000,0.6020,0.247864,42,36,20,89.72,0.3739,0.1590,0.018045,4.377
917525,520,437,957,227,64,63,25.64,0.8931,0.5500,0.203594,39,6,26,346.76,0.6985,0.0934,0.006362,4.499
917535,520,320,840,243,85,210,337.12,0.9230,0.6532,0.302075,12,52,69,230.59,0.7370,0.2053,0.029637,4.421
917540,520,450,970,236,28,46,25.08,0.9777,0.5382,0.188638,21,12,19,334.61,0.2819,0.0739,0.004694,4.363
917547,520,456,976,157,62,249,301.89,0.9600,0.5255,0.174533,18,4,31,305.54,0.7398,0.0615,0.003144,4.225
917553,520,407,927,242,22,144,355.49,0.9722,0.5729,0.214679,12,32,48,244.89,0.5554,0.1324,0.013245,4.185
917559,520,396,916,189,98,200,323.18,0.6925,0.5826,0.237255,0,34,64,249.31,1.0000,0.1440,0.015141,4.410
917578,520,309,829,255,45,241,331.40,1.0000,0.6577,0.294908,94,2,63,347.63,0.9346,0.2206,0.027824,4.432
917584,520,350,870,228,103,147,0.21,0.7215,0.6253,0.283034,12,52,44,176.99,0.7682,0.1928,0.027159,4.316
917607,520,428,948,236,1,154,350.66,0.9986,0.5602,0.201907,5,28,4,142.27,0.9501,0.0995,0.008715,4.290
917623,520,247,767,223,134,250,317.97,0.9494,0.7165,0.396417,21,71,97,235.67,0.7227,0.2833,0.055287,4.240
917640,520,387,907,211,62,235,321.68,0.9235,0.5931,0.232940,12,34,62,255.64,0.6657,0.1476,0.015699,4.307
917643,520,394,914,238,55,153,353.27,0.8926,0.5879,0.232124,0,15,101,264.08,0.9812,0.1440,0.012811,4.492
917647,520,333,853,241,59,242,327.86,0.9634,0.6439,0.282421,38,52,32,136.58,0.3998,0.2048,0.029723,4.170
917649,520,405,925,216,55,213,328.88,0.9090,0.5803,0.221375,53,12,37,346.59,0.6763,0.1324,0.011535,4.410
917651,520,370,890,226,70,210,332.40,0.8886,0.6090,0.252045,31,44,27,138.46,0.3957,0.1727,0.021718,4.212
917675,520,433,953,237,29,79,16.60,0.9659,0.5460,0.194510,27,22,9,89.15,0.4312,0.1011,0.008266,4.196
917677,520,389,909,207,76,224,322.92,0.8690,0.5938,0.238177,35,36,31,116.24,0.0976,0.1541,0.017180,4.290
917678,520,479,999,207,61,86,15.22,0.8052,0.5126,0.172770,1,0,6,289.16,1.0000,0.0150,0.000196,4.438
917682,520,399,919,248,58,4,33.64,0.9968,0.5810,0.229949,17,31,52,258.28,0.4941,0.1351,0.013470,4.411
917696,520,290,810,213,119,250,315.59,0.9479,0.6787,0.342432,8,63,70,208.09,0.8613,0.2393,0.040486,4.337
917716,520,405,925,229,26,206,334.11,0.9728,0.5812,0.218556,6,28,63,259.20,0.8153,0.1297,0.012280,4.312
917738,520,314,834,232,88,240,325.62,0.9354,0.6563,0.304287,86,27,34,16.62,0.6759,0.2169,0.028781,4.497
917753,520,433,953,224,71,70,24.99,0.8587,0.5534,0.207986,41,13,17,13.32,0.5542,0.1043,0.007998,4.448
917754,520,425,945,249,7,27,27.40,0.9972,0.5577,0.203745,13,24,48,264.07,0.5645,0.1113,0.009522,4.263
917756,520,308,828,222,100,255,318.51,1.0000,0.6661,0.318656,39,51,93,269.90,0.5211,0.2340,0.035892,4.292
917760,520,386,906,224,100,55,39.60,0.8406,0.5926,0.252400,29,39,16,128.34,0.5521,0.1530,0.017496,4.480
917761,520,469,989,140,77,250,294.47,0.9570,0.5240,0.177854,6,2,25,287.58,0.8262,0.0406,0.001523,4.422
917778,520,405,925,229,42,190,338.71,0.9314,0.5799,0.220342,34,12,68,295.45,0.8023,0.1254,0.010204,4.490
917794,520,438,958,241,0,95,10.81,1.0000,0.5495,0.195303,25,13,43,299.34,0.6136,0.0943,0.006689,4.327
917845,520,424,944,247,7,56,22.38,0.9962,0.5562,0.202152,17,26,35,248.91,0.2915,0.1113,0.009793,4.217
917880,520,476,996,189,73,134,350.72,0.6780,0.5112,0.173067,5,0,8,317.19,1.0000,0.0230,0.000498,4.417
917889,520,14,534,255,251,201,103.72,1.0000,0.9755,0.944718,16,134,72,153.03,0.9811,0.4732,0.176275,4.396
917896,520,418,938,201,94,112,11.48,0.6144,0.5556,0.215946,37,24,15,55.58,0.3609,0.1203,0.010811,4.373
917897,520,454,974,150,84,234,300.09,0.8459,0.5324,0.187655,24,13,1,73.91,0.8313,0.0743,0.004843,4.333
917904,520,421,941,240,25,106,7.97,0.9676,0.5570,0.202644,30,18,35,315.58,0.3990,0.1050,0.008300,4.334
917906,520,433,953,207,79,132,357.62,0.7061,0.5497,0.205253,40,5,38,330.38,0.7597,0.1002,0.006997,4.478
917907,520,421,941,232,62,52,28.27,0.9194,0.5562,0.208520,5,24,48,254.98,0.7372,0.1068,0.008989,4.383
917933,520,413,933,254,20,47,25.03,0.9958,0.5732,0.217802,7,19,71,266.95,0.9087,0.1173,0.009658,4.489
917941,520,385,905,237,48,181,343.46,0.9244,0.5936,0.234575,23,39,37,186.10,0.2992,0.1544,0.017667,4.206
917946,520,421,941,235,35,121,2.58,0.9356,0.5563,0.202477,42,15,3,45.75,0.7764,0.1064,0.008405,4.323
917957,520,380,900,246,78,31,35.32,0.9642,0.5991,0.251439,6,46,2,141.29,0.9909,0.1603,0.019970,4.308
917962,520,411,931,228,41,185,339.94,0.9278,0.5747,0.215852,25,28,19,122.81,0.2307,0.1175,0.010842,4.370
917970,520,403,923,213,76,177,339.67,0.7800,0.5760,0.224914,23,32,31,187.94,0.1736,0.1312,0.013141,4.354
917985,520,465,985,226,34,30,28.37,0.9696,0.5188,0.174094,7,6,14,290.32,0.3317,0.0451,0.002071,4.304
917997,520,465,985,143,69,251,296.19,0.9695,0.5179,0.170611,8,8,10,285.76,0.0839,0.0492,0.002472,4.204
918007,520,439,959,230,37,124,0.72,0.9196,0.5485,0.196042,18,14,49,283.41,0.6819,0.0937,0.006644,4.344
918009,520,393,913,240,36,174,345.96,0.9506,0.5884,0.228460,49,16,50,326.43,0.6403,0.1385,0.012539,4.453
918021,520,409,929,238,63,59,26.77,0.9222,0.5699,0.220511,45,23,31,357.04,0.3760,0.1349,0.012697,4.315
918031,520,473,993,165,58,234,307.96,0.8975,0.5191,0.169667,11,1,4,356.22,0.6924,0.0319,0.001016,4.306
918033,520,419,939,192,37,249,313.89,0.9720,0.5554,0.193704,11,19,63,269.77,0.8304,0.1113,0.008957,4.134
918076,520,401,921,255,41,44,27.13,1.0000,0.5847,0.230315,53,23,1,54.56,0.9195,0.1409,0.013720,4.399
918080,520,455,975,185,77,165,335.35,0.6884,0.5251,0.183400,11,6,39,283.61,0.7839,0.0647,0.003479,4.364
918081,520,426,946,221,23,202,333.22,0.9704,0.5631,0.202516,47,7,25,356.91,0.7236,0.1092,0.008266,4.334
918085,520,399,919,228,9,218,330.78,0.9937,0.5824,0.217538,29,34,34,196.69,0.0835,0.1435,0.015207,4.103
918087,520,424,944,240,54,47,28.01,0.9465,0.5640,0.213721,32,20,40,310.87,0.4214,0.1146,0.009606,4.424
918093,520,475,995,224,45,7,32.32,0.9913,0.5212,0.177422,7,0,10,319.87,1.0000,0.0267,0.000671,4.488
918101,520,446,966,120,101,248,284.01,0.9231,0.5408,0.200773,32,11,13,15.34,0.4854,0.0850,0.005755,4.498
918110,520,435,955,220,53,143,352.76,0.8437,0.5484,0.197475,26,11,34,312.63,0.5583,0.0859,0.005745,4.439
918112,520,455,975,229,39,64,21.34,0.9469,0.5323,0.184822,1,14,8,166.45,0.8881,0.0567,0.003380,4.399
918130,520,448,968,233,23,89,12.55,0.9690,0.5373,0.186608,19,16,1,100.63,0.8571,0.0752,0.005112,4.293
918161,520,401,921,238,40,159,350.41,0.9323,0.5799,0.222009,0,16,99,264.01,1.0041,0.1427,0.012713,4.337
918169,520,398,918,210,97,113,13.31,0.6428,0.5756,0.234453,39,24,58,302.31,0.5453,0.1437,0.013901,4.451
918171,520,471,991,201,41,175,335.99,0.8690,0.5199,0.171004,11,1,15,318.61,0.7777,0.0368,0.001274,4.310
918181,520,411,931,189,66,238,314.30,0.9091,0.5655,0.208895,58,2,4,25.76,0.9686,0.1197,0.009519,4.350
918191,520,275,795,251,101,235,332.06,0.9802,0.6984,0.358175,70,54,54,18.31,0.1679,0.2531,0.042069,4.433
918212,520,338,858,250,98,91,25.84,0.9500,0.6400,0.298180,9,51,63,221.46,0.7810,0.1977,0.027845,4.473
918214,520,357,877,246,77,144,0.36,0.8996,0.6204,0.269173,17,44,64,243.25,0.5893,0.1801,0.022906,4.378
918226,520,465,985,211,30,144,348.95,0.9041,0.5154,0.167933,9,9,8,106.70,0.0441,0.0517,0.002710,4.135
918259,520,474,994,227,5,69,17.38,0.9945,0.5150,0.168721,5,2,5,326.77,0.3882,0.0284,0.000866,4.300
918278,520,423,943,229,46,136,356.81,0.8896,0.5570,0.203924,29,13,60,293.61,0.7535,0.1132,0.008753,4.322
918284,520,474,994,189,15,228,318.19,0.9836,0.5237,0.167633,2,1,13,283.01,0.8184,0.0252,0.000637,4.298
918285,520,25,545,246,245,254,291.29,0.7822,0.9691,0.920534,45,130,52,144.64,0.9364,0.4639,0.167705,4.458
918295,520,403,923,243,57,83,19.03,0.9274,0.5780,0.226088,37,25,27,7.62,0.2105,0.1263,0.011677,4.476
918297,520,415,935,246,6,130,0.41,0.9940,0.5717,0.213382,3,6,89,265.97,0.9892,0.1175,0.008708,4.486
918301,520,355,875,243,33,228,331.80,0.9814,0.6228,0.257467,6,40,84,256.93,0.8715,0.1796,0.021963,4.273
918311,520,379,899,234,91,51,36.17,0.8954,0.5959,0.252165,38,36,32,84.59,0.0824,0.1578,0.017781,4.458
918314,520,408,928,250,26,92,13.83,0.9777,0.5744,0.218391,22,12,85,277.60,0.9257,0.1316,0.010893,4.408
918319,520,321,841,228,114,172,350.06,0.7115,0.6522,0.315093,50,51,25,110.52,0.4702,0.2121,0.031160,4.498
918331,520,468,988,223,0,133,354.79,1.0000,0.5247,0.173841,10,3,6,348.67,0.4124,0.0374,0.001428,4.353
918333,520,332,852,241,82,201,339.33,0.9033,0.6418,0.289551,35,40,92,275.37,0.6367,0.2027,0.026475,4.440
918380,520,384,904,252,45,87,17.05,0.9799,0.5875,0.232640,48,23,46,330.02,0.4829,0.1467,0.014385,4.390
918384,520,420,940,199,71,197,328.44,0.8038,0.5582,0.206814,40,15,22,3.70,0.4853,0.1078,0.008508,4.389
918394,520,401,921,214,95,125,6.63,0.6641,0.5826,0.239633,1,37,35,189.37,0.9602,0.1357,0.014509,4.490
918408,520,247,767,238,125,240,326.65,0.9198,0.7162,0.391377,14,79,2,141.10,0.9968,0.2783,0.056895,4.129
918411,520,399,919,198,70,228,319.33,0.8794,0.5760,0.219889,57,18,7,36.74,0.7735,0.1399,0.013179,4.272
918421,520,331,851,247,49,223,334.00,0.9662,0.6353,0.273015,5,25,129,265.16,0.9739,0.1985,0.023123,4.417
918425,520,408,928,170,112,175,324.02,0.4875,0.5683,0.232303,3,35,39,206.87,0.8489,0.1321,0.013678,4.433
918428,520,477,997,199,45,164,339.20,0.8377,0.5130,0.167011,1,2,6,265.10,0.5131,0.0236,0.000630,4.286
918431,520,433,953,158,94,228,303.05,0.7923,0.5534,0.208763,51,2,4,24.89,0.9569,0.1044,0.007561,4.495
918446,520,407,927,208,99,100,21.26,0.6413,0.5722,0.232556,1,35,28,176.05,0.9664,0.1264,0.012923,4.491
918448,520,367,887,237,11,234,329.03,0.9954,0.6094,0.241870,21,21,110,271.60,0.9450,0.1745,0.018214,4.279
918454,520,421,941,202,32,237,319.43,0.9684,0.5589,0.197056,16,17,59,276.05,0.7582,0.1067,0.008268,4.240
918461,520,408,928,214,95,33,44.05,0.8913,0.5652,0.225926,47,12,56,318.72,0.7293,0.1337,0.011529,4.485
918465,520,420,940,248,5,34,26.40,0.9978,0.5556,0.201841,32,20,29,335.79,0.2834,0.1089,0.008961,4.271
918492,520,383,903,239,54,186,342.57,0.9195,0.6042,0.245371,23,36,52,254.11,0.3752,0.1531,0.016918,4.414
918494,520,435,955,206,80,127,0.05,0.6970,0.5475,0.203934,45,4,1,31.95,0.9577,0.0941,0.006470,4.497
918516,520,406,926,233,68,110,10.12,0.8455,0.5760,0.225865,54,14,18,17.72,0.6756,0.1299,0.011421,4.491
918525,520,438,958,205,4,232,321.68,0.9967,0.5512,0.188939,10,19,39,264.42,0.5405,0.0907,0.006767,4.209
918562,520,371,891,237,3,235,328.82,0.9988,0.6087,0.240705,17,48,18,144.17,0.8775,0.1741,0.022767,3.995
918565,520,381,901,251,58,121,7.23,0.9614,0.6038,0.249193,20,38,56,249.67,0.4650,0.1592,0.018204,4.387
918572,520,426,946,195,31,247,315.30,0.9741,0.5552,0.192988,16,28,8,134.13,0.6727,0.1071,0.009582,4.078
918576,520,192,712,255,154,216,343.19,1.0000,0.7770,0.493314,26,86,82,188.79,0.7334,0.3237,0.074841,4.352
918583,520,479,999,138,80,233,296.28,0.8527,0.5112,0.170239,0,0,7,264.05,1.0000,0.0135,0.000153,4.391
918586,520,419,939,160,81,252,300.59,0.9695,0.5553,0.203871,5,19,61,264.83,0.8834,0.1060,0.008349,4.351
918594,520,382,902,161,114,233,299.80,0.7676,0.5956,0.254951,23,41,45,213.26,0.3343,0.1640,0.019574,4.383
918597,520,341,861,222,119,116,22.74,0.6538,0.6334,0.299863,13,55,34,157.59,0.8618,0.1998,0.029333,4.410
918600,520,447,967,231,11,120,1.13,0.9826,0.5385,0.185873,13,19,9,133.34,0.3786,0.0793,0.005710,4.234
918603,520,387,907,221,102,4,49.02,0.9896,0.5876,0.248861,5,37,57,240.85,0.7881,0.1497,0.016507,4.494
918605,520,416,936,208,55,220,324.80,0.9095,0.5717,0.213114,20,10,80,277.59,0.9307,0.1214,0.009449,4.426
918611,520,399,919,204,52,241,318.59,0.9425,0.5779,0.216458,19,5,103,272.98,0.9867,0.1448,0.012262,4.280
918628,520,448,968,186,61,221,317.76,0.8728,0.5430,0.189983,39,0,26,344.34,1.0000,0.0837,0.005060,4.359
918631,520,456,976,192,15,233,317.87,0.9859,0.5327,0.174327,8,14,12,172.87,0.2119,0.0635,0.003922,4.160
918636,520,449,969,168,80,216,311.54,0.7874,0.5361,0.190208,24,9,13,3.29,0.3983,0.0697,0.004186,4.433
918645,520,479,999,155,35,255,301.69,1.0000,0.5053,0.153911,0,0,3,264.05,1.0000,0.0094,0.000066,4.073
918654,520,432,952,244,15,73,18.20,0.9891,0.5543,0.200592,39,13,10,28.40,0.5842,0.0991,0.007412,4.365
918671,520,410,930,217,30,216,328.52,0.9643,0.5681,0.206403,17,25,65,270.81,0.7039,0.1301,0.011960,4.138
918679,520,308,828,244,82,239,329.16,0.9566,0.6677,0.315023,10,57,78,232.99,0.7998,0.2256,0.035407,4.274
918683,520,411,931,184,71,241,311.73,0.9137,0.5660,0.210487,39,23,20,31.01,0.3109,0.1221,0.010947,4.274
918697,520,426,946,248,10,76,17.56,0.9935,0.5621,0.206989,18,18,61,277.22,0.7450,0.1121,0.008981,4.357
918698,520,235,755,254,132,215,340.81,0.9887,0.7377,0.424823,57,71,66,171.54,0.1580,0.2900,0.057696,4.409
918709,520,419,939,214,58,174,340.29,0.8365,0.5567,0.203804,12,25,39,251.36,0.4575,0.1074,0.009199,4.287
918711,520,13,533,248,250,244,121.63,0.4081,0.9790,0.948593,30,135,14,141.55,0.9919,0.4720,0.176350,4.412
918743,520,339,859,241,40,254,325.30,0.9967,0.6399,0.273767,45,46,43,121.79,0.0484,0.1974,0.026863,4.212
918757,520,357,877,213,78,250,318.10,0.9698,0.6228,0.264987,30,34,89,275.18,0.7050,0.1822,0.021413,4.411
918762,520,392,912,209,53,246,318.79,0.9588,0.5904,0.227570,32,12,95,282.80,0.9198,0.1529,0.013962,4.340
918767,520,334,854,243,98,143,3.84,0.8391,0.6412,0.297761,7,49,77,243.61,0.8132,0.1999,0.027775,4.471
918804,520,455,975,224,24,128,357.38,0.9459,0.5314,0.180618,8,13,15,223.64,0.1808,0.0622,0.003740,4.291
918812,520,248,768,250,136,157,9.24,0.8595,0.7170,0.403693,93,56,3,68.16,0.9383,0.2822,0.051624,4.464
918819,520,454,974,159,79,226,305.81,0.8245,0.5301,0.184544,0,11,49,261.91,1.0000,0.0748,0.004611,4.295
918824,520,407,927,244,52,34,30.03,0.9640,0.5692,0.218080,5,25,67,262.11,0.8824,0.1254,0.011327,4.371
918826,520,357,877,237,11,255,324.35,1.0000,0.6242,0.254664,44,38,52,304.26,0.2236,0.1787,0.021696,4.249
918835,520,363,883,220,60,239,323.22,0.9411,0.6084,0.246813,55,34,27,39.20,0.3460,0.1736,0.020355,4.219
918868,520,427,947,247,14,52,23.48,0.9926,0.5572,0.203398,30,21,14,59.24,0.2863,0.1034,0.008441,4.336
918875,520,280,800,252,96,224,335.46,0.9816,0.6879,0.344459,7,63,86,232.05,0.8691,0.2482,0.042719,4.254
918876,520,378,898,231,8,236,327.18,0.9963,0.5998,0.232212,41,39,4,106.21,0.8513,0.1637,0.019312,4.072
918878,520,472,992,224,1,109,3.43,0.9980,0.5181,0.169759,0,2,26,263.65,1.0015,0.0348,0.001180,4.294
918900,520,285,805,254,124,96,33.53,0.9844,0.6879,0.363338,45,67,2,127.91,0.9824,0.2539,0.045765,4.316
918904,520,191,711,254,170,109,55.86,0.9664,0.7764,0.509269,26,85,90,203.15,0.7138,0.3242,0.074545,4.491
918920,520,116,636,221,209,248,299.34,0.7181,0.8633,0.677505,7,110,0,142.09,1.0000,0.3838,0.111966,4.492
918925,520,451,971,214,50,160,344.85,0.8480,0.5424,0.191177,1,13,40,259.50,0.9204,0.0716,0.004475,4.427
918957,520,438,958,217,10,199,333.02,0.9870,0.5503,0.190946,13,19,40,269.96,0.5088,0.0934,0.007045,4.224
918960,520,321,841,206,123,206,327.01,0.6544,0.6517,0.317453,11,54,72,230.68,0.7676,0.2129,0.031772,4.494
918963,520,451,971,203,41,206,327.34,0.9166,0.5431,0.187404,35,0,13,0.51,1.0000,0.0706,0.003864,4.407
918965,520,368,888,239,83,123,8.58,0.8427,0.6082,0.259702,40,32,75,288.97,0.5697,0.1749,0.019921,4.429
918979,520,248,768,229,130,255,318.99,1.0000,0.7203,0.398449,70,67,1,106.76,0.9849,0.2788,0.053187,4.346
918981,520,421,941,223,32,184,338.87,0.9417,0.5599,0.201842,27,10,62,291.32,0.8129,0.1084,0.007979,4.344
918983,520,394,914,239,40,175,345.54,0.9415,0.5892,0.229664,42,29,0,84.86,1.0000,0.1370,0.013710,4.390
918988,520,315,835,232,106,205,336.41,0.8293,0.6606,0.318739,33,59,25,138.74,0.7198,0.2216,0.035214,4.327
918993,520,384,904,199,114,111,22.63,0.5212,0.5881,0.253260,0,44,24,158.13,1.0000,0.1549,0.018672,4.416
919006,520,441,961,221,54,105,8.08,0.8515,0.5376,0.190330,12,0,68,275.87,1.0000,0.0862,0.004955,4.373
919011,520,272,792,225,130,233,324.27,0.8435,0.7030,0.378576,21,72,17,142.08,0.9596,0.2576,0.048345,4.358
919016,520,478,998,183,3,228,316.61,0.9965,0.5109,0.157351,3,1,5,310.43,0.5673,0.0222,0.000520,4.104
919020,520,368,888,222,63,233,325.17,0.9311,0.6102,0.249699,70,12,47,348.31,0.7524,0.1703,0.017705,4.427
919035,520,439,959,227,18,166,345.12,0.9698,0.5522,0.195194,32,14,15,16.83,0.3998,0.0911,0.006557,4.335
919051,520,387,907,248,65,19,33.83,0.9836,0.5881,0.237876,43,32,17,74.27,0.4142,0.1490,0.015871,4.370
919065,520,443,963,215,64,130,357.98,0.7903,0.5447,0.197279,31,4,35,322.51,0.7630,0.0819,0.004995,4.496
919069,520,444,964,175,67,229,311.84,0.8684,0.5391,0.187863,12,19,25,244.73,0.2556,0.0841,0.006141,4.237
919071,520,476,996,215,40,93,10.03,0.8922,0.5107,0.167575,0,0,14,264.05,1.0000,0.0188,0.000317,4.324
919081,520,362,882,227,100,133,6.24,0.7227,0.6144,0.271411,13,43,66,244.96,0.6699,0.1766,0.022066,4.460
919082,520,389,909,227,8,226,328.59,0.9951,0.5858,0.219980,40,33,39,330.72,0.1428,0.1549,0.016853,4.038
919091,520,462,982,180,50,232,313.69,0.9182,0.5320,0.178118,10,8,3,93.78,0.3874,0.0487,0.002448,4.349
919099,520,432,952,204,74,164,341.89,0.7450,0.5519,0.204171,48,2,19,3.46,0.8678,0.1018,0.007189,4.444
919120,520,460,980,171,74,209,315.06,0.7888,0.5271,0.181598,32,0,13,357.52,1.0000,0.0650,0.003362,4.340
919130,520,455,975,202,53,170,338.17,0.8223,0.5286,0.180069,7,12,23,263.99,0.3957,0.0627,0.003700,4.284
919154,520,337,857,227,102,193,339.19,0.7801,0.6413,0.296861,44,47,45,156.89,0.0486,0.1999,0.027580,4.471
919159,520,451,971,195,0,244,316.36,1.0000,0.5435,0.181352,18,12,3,81.95,0.5552,0.0655,0.003981,4.286
919170,520,478,998,137,66,250,294.60,0.9657,0.5060,0.161170,7,0,1,9.43,1.0000,0.0219,0.000474,4.184
919181,520,333,853,247,3,250,327.70,0.9993,0.6365,0.267443,25,17,131,271.69,0.9733,0.1994,0.022461,4.381
919198,520,354,874,252,49,175,348.67,0.9750,0.6191,0.259906,26,30,99,273.34,0.8400,0.1807,0.020489,4.397
919208,520,359,879,242,63,190,342.34,0.9129,0.6189,0.261529,15,49,27,152.52,0.8140,0.1785,0.023772,4.223
919224,520,479,999,184,20,217,319.34,0.9686,0.5081,0.157017,1,0,4,296.85,1.0000,0.0133,0.000152,4.128
919225,520,467,987,219,58,30,32.23,0.9458,0.5241,0.181825,4,4,18,279.73,0.6018,0.0392,0.001563,4.496
919233,520,220,740,230,147,252,319.02,0.9690,0.7491,0.447201,63,72,80,245.09,0.1253,0.3042,0.062706,4.411
919255,520,478,998,226,16,4,29.63,0.9959,0.5092,0.165510,0,0,15,264.05,1.0000,0.0196,0.000345,4.281
919267,520,452,972,207,67,121,0.65,0.7553,0.5302,0.186623,0,19,21,203.08,1.0000,0.0740,0.005199,4.287
919280,520,408,928,195,96,156,344.80,0.6046,0.5657,0.223697,49,21,8,44.48,0.6604,0.1310,0.012069,4.410
919282,520,470,990,193,44,192,328.41,0.8729,0.5187,0.169462,6,0,25,291.26,1.0000,0.0353,0.001089,4.296
919293,520,408,928,207,99,88,27.64,0.6620,0.5678,0.228956,26,34,15,127.55,0.4904,0.1349,0.013981,4.360
919307,520,432,952,203,71,164,341.40,0.7542,0.5465,0.198852,17,5,71,278.52,0.9534,0.1014,0.006826,4.379
919310,520,360,880,245,77,149,358.27,0.8922,0.6204,0.268933,20,49,9,138.40,0.9357,0.1777,0.023650,4.330
919313,520,468,988,193,60,175,333.86,0.7900,0.5228,0.176659,21,1,0,33.39,1.0000,0.0442,0.001812,4.375
919322,520,414,934,209,40,233,322.11,0.9564,0.5718,0.209579,11,14,77,270.68,0.9359,0.1172,0.009210,4.384
919333,520,443,963,207,21,207,328.30,0.9687,0.5406,0.183087,10,7,51,276.76,0.8854,0.0769,0.004555,4.273
919334,520,325,845,220,104,227,325.28,0.8491,0.6517,0.306641,16,47,98,259.94,0.7989,0.2140,0.030249,4.444
919343,520,367,887,231,10,255,322.97,1.0000,0.6139,0.244283,69,11,49,345.42,0.7609,0.1683,0.017265,4.375
919344,520,431,951,210,90,18,44.86,0.9435,0.5492,0.210598,3,25,27,203.00,0.7540,0.0958,0.007937,4.498
919348,520,424,944,185,91,183,328.16,0.6633,0.5560,0.212166,25,20,42,292.76,0.4425,0.1077,0.008742,4.463
919373,520,382,902,250,0,177,346.67,1.0000,0.5983,0.235017,59,19,54,332.73,0.6405,0.1625,0.016620,4.278
919384,520,328,848,251,48,240,330.74,0.9852,0.6520,0.289174,87,23,15,30.38,0.8365,0.2092,0.026739,4.420
919391,520,421,941,228,69,54,29.33,0.8979,0.5563,0.210194,25,25,4,109.24,0.7175,0.1058,0.009107,4.402
919398,520,448,968,232,15,115,3.16,0.9770,0.5399,0.187383,6,15,43,266.29,0.7413,0.0818,0.005548,4.274
919400,520,355,875,223,89,192,337.72,0.7951,0.6164,0.266407,64,32,31,22.52,0.4399,0.1846,0.022221,4.381
919401,520,406,926,227,88,43,37.57,0.9003,0.5781,0.234874,3,38,8,145.83,0.9793,0.1323,0.014231,4.435
919409,520,460,980,178,40,247,310.16,0.9617,0.5341,0.176989,20,2,30,312.24,0.8146,0.0591,0.002859,4.294
919412,520,473,993,212,53,99,8.92,0.8332,0.5174,0.174465,1,3,5,238.36,0.4381,0.0266,0.000825,4.416
919413,520,305,825,232,113,192,341.95,0.7805,0.6651,0.327741,64,53,13,93.38,0.7511,0.2329,0.036653,4.359
919422,520,400,920,252,43,54,25.36,0.9861,0.5809,0.226932,30,30,42,284.56,0.2228,0.1373,0.013717,4.346
919439,520,441,961,223,34,137,354.42,0.9133,0.5380,0.186408,36,4,35,329.27,0.7670,0.0900,0.005833,4.234
919440,520,447,967,200,69,162,341.17,0.7523,0.5379,0.191460,10,2,59,276.22,0.9778,0.0770,0.004237,4.452
919448,520,449,969,243,11,6,29.24,0.9956,0.5447,0.193107,6,15,25,250.55,0.4479,0.0699,0.004505,4.460
919451,520,428,948,245,14,96,11.44,0.9877,0.5611,0.205745,31,19,2,76.45,0.7987,0.0974,0.007615,4.439
919458,520,417,937,224,47,187,338.45,0.9072,0.5725,0.214706,14,15,79,272.17,0.9237,0.1229,0.009995,4.412
919459,520,425,945,161,93,238,302.24,0.8474,0.5630,0.215792,23,26,13,119.13,0.3691,0.1083,0.009500,4.467
919461,520,453,973,216,50,134,355.06,0.8410,0.5345,0.186038,18,6,42,293.33,0.7746,0.0738,0.004260,4.350
919464,520,292,812,236,108,228,329.93,0.9009,0.6814,0.341616,58,58,2,109.71,0.9608,0.2388,0.039301,4.385
919473,520,437,957,206,16,223,324.01,0.9839,0.5488,0.188219,7,18,48,265.39,0.7425,0.0932,0.006912,4.186
919476,520,462,982,226,32,83,14.35,0.9447,0.5256,0.178292,13,1,33,296.91,0.9187,0.0512,0.002171,4.376
919482,520,469,989,221,32,108,4.59,0.9213,0.5222,0.174905,4,8,4,144.61,0.3701,0.0435,0.002082,4.318
919489,520,353,873,246,60,177,347.24,0.9291,0.6172,0.260020,33,43,42,188.91,0.1530,0.1765,0.022182,4.295
919496,520,319,839,245,101,141,5.73,0.8523,0.6482,0.306459,64,45,44,22.20,0.2267,0.2188,0.031487,4.374
919499,520,418,938,237,17,128,359.69,0.9763,0.5552,0.199671,5,8,91,266.90,0.9846,0.1239,0.009612,4.188
919500,520,363,883,246,78,93,19.78,0.9246,0.6073,0.258352,18,38,69,258.89,0.6140,0.1670,0.019444,4.440
919501,520,409,929,252,1,77,17.38,0.9994,0.5689,0.212567,61,4,22,8.48,0.8620,0.1328,0.011370,4.278
919507,520,478,998,226,5,5,29.07,0.9972,0.5064,0.162912,1,0,18,273.67,1.0000,0.0236,0.000501,4.216
919543,520,443,963,226,23,132,356.34,0.9514,0.5366,0.184502,22,16,21,331.81,0.1823,0.0843,0.005953,4.191
919581,520,460,980,176,62,219,314.95,0.8575,0.5273,0.177908,1,1,56,265.73,0.9957,0.0646,0.003137,4.289
919587,520,446,966,210,45,169,340.52,0.8647,0.5358,0.184451,10,20,6,136.50,0.6135,0.0791,0.005780,4.203
919590,520,380,900,232,4,234,327.89,0.9981,0.5994,0.231857,9,25,96,266.44,0.9357,0.1582,0.015978,4.272
919620,520,420,940,234,9,154,350.34,0.9873,0.5578,0.200238,30,13,55,298.01,0.7162,0.1099,0.008397,4.285
919622,520,426,946,208,12,241,320.36,0.9926,0.5650,0.200255,45,10,34,342.19,0.6625,0.1137,0.008905,4.248
919637,520,412,932,245,36,74,19.36,0.9649,0.5652,0.211721,38,10,54,310.41,0.7486,0.1156,0.008955,4.439
919650,520,351,871,248,92,120,12.95,0.9076,0.6348,0.289700,15,54,16,143.69,0.9395,0.1932,0.027772,4.368
919654,520,441,961,159,93,204,309.62,0.6889,0.5361,0.195598,14,17,38,275.36,0.4982,0.0881,0.006342,4.359
919669,520,458,978,237,4,21,27.79,0.9980,0.5308,0.181488,3,4,43,269.95,0.9507,0.0579,0.002806,4.384
919672,520,382,902,239,55,171,347.38,0.9053,0.5977,0.240263,33,39,42,229.31,0.1072,0.1649,0.019415,4.182
919710,520,412,932,225,26,207,332.87,0.9707,0.5747,0.212538,29,16,57,293.76,0.6837,0.1155,0.009272,4.429
919727,520,457,977,225,51,6,33.32,0.9922,0.5283,0.183912,3,6,41,269.03,0.9180,0.0601,0.003097,4.405
919734,520,433,953,213,35,189,334.88,0.9245,0.5461,0.190245,15,26,15,144.51,0.4169,0.1020,0.008748,4.089
919742,520,413,933,228,6,206,333.84,0.9946,0.5741,0.210830,52,8,28,356.98,0.7317,0.1214,0.009877,4.356
919759,520,295,815,246,85,244,328.37,0.9665,0.6771,0.326241,92,34,37,19.74,0.6297,0.2406,0.035533,4.399
919773,520,426,946,204,70,188,332.93,0.7981,0.5599,0.208503,1,32,6,146.69,0.9907,0.1107,0.010526,4.271
919802,520,377,897,211,72,229,322.90,0.8945,0.5989,0.241425,71,3,30,4.32,0.8988,0.1563,0.014987,4.484
919814,520,426,946,130,105,247,286.95,0.8996,0.5568,0.215641,32,21,29,336.58,0.2553,0.1112,0.009321,4.478
919833,520,229,749,255,151,77,53.60,1.0000,0.7354,0.439319,37,76,71,184.76,0.4897,0.2926,0.060169,4.442
919850,520,423,943,214,66,155,347.70,0.7911,0.5555,0.205613,10,29,2,136.43,0.9614,0.1051,0.009476,4.298
919855,520,480,1000,228,0,4,28.95,1.0000,0.5095,0.165058,0,0,0,0.00,0.0000,0.0000,0.000000,4.301
919858,520,435,955,220,36,171,342.21,0.9159,0.5494,0.194201,23,15,30,308.04,0.3806,0.0876,0.006176,4.347
919872,520,422,942,188,57,241,313.75,0.9293,0.5575,0.199697,20,19,59,279.21,0.6935,0.1139,0.009302,4.211
919881,520,425,945,240,52,17,32.12,0.9839,0.5601,0.210250,3,29,34,212.20,0.7982,0.1111,0.010135,4.328
919892,520,442,962,197,38,218,322.53,0.9354,0.5396,0.183201,19,12,28,303.20,0.4269,0.0759,0.004852,4.251
919894,520,304,824,240,124,125,20.74,0.7840,0.6721,0.344238,11,66,1,140.86,0.9977,0.2320,0.039696,4.395
919905,520,453,973,201,0,220,323.51,1.0000,0.5343,0.175865,30,7,11,11.07,0.5779,0.0743,0.004522,4.143
919912,520,411,931,235,52,139,357.41,0.8888,0.5743,0.219852,29,28,28,17.27,0.0171,0.1246,0.011756,4.370
919927,520,343,863,201,95,253,312.76,0.9805,0.6288,0.276949,72,27,43,0.12,0.5652,0.1932,0.023362,4.457
919950,520,259,779,240,126,217,335.29,0.8800,0.7090,0.384589,31,61,108,259.07,0.6438,0.2667,0.047113,4.475
919953,520,458,978,153,80,237,301.12,0.8700,0.5327,0.186244,15,7,32,295.01,0.6470,0.0649,0.003578,4.409
919955,520,369,889,242,58,187,343.10,0.9185,0.6132,0.254942,66,23,8,39.01,0.7848,0.1659,0.017888,4.492
919958,520,458,978,200,5,217,323.95,0.9938,0.5314,0.173994,5,16,4,141.44,0.7509,0.0640,0.004116,4.139
919979,520,443,963,142,96,230,295.84,0.7961,0.5395,0.198298,34,7,21,350.78,0.6233,0.0843,0.005462,4.477
919989,520,479,999,202,52,145,347.40,0.8039,0.5149,0.170589,0,0,3,264.05,1.0000,0.0094,0.000066,4.406
920005,520,437,957,218,32,187,336.74,0.9375,0.5524,0.195286,36,7,19,357.39,0.6402,0.0868,0.005741,4.400
920016,520,402,922,228,17,213,332.03,0.9861,0.5809,0.217015,26,14,76,283.03,0.8515,0.1276,0.010555,4.409
920044,520,367,887,238,16,238,328.33,0.9937,0.6150,0.247234,43,23,88,291.62,0.7612,0.1726,0.018310,4.351
920047,520,456,976,236,18,5,29.63,0.9957,0.5315,0.182797,8,9,19,278.48,0.3423,0.0551,0.002940,4.397
920059,520,364,884,203,78,249,315.39,0.9596,0.6074,0.249862,55,32,32,19.64,0.3305,0.1705,0.019496,4.315
920063,520,391,911,214,44,247,320.13,0.9667,0.5928,0.228147,33,8,92,285.17,0.9357,0.1460,0.012697,4.436
920069,520,396,916,234,45,163,348.42,0.9135,0.5773,0.220164,53,7,60,321.97,0.8054,0.1412,0.012352,4.333
920088,520,378,898,252,55,95,15.73,0.9765,0.5966,0.242576,70,6,38,356.37,0.8206,0.1602,0.015725,4.452
920098,520,329,849,223,93,241,322.64,0.9258,0.6495,0.298694,86,26,32,18.00,0.6946,0.2149,0.028218,4.458
920100,520,410,930,242,28,126,1.70,0.9614,0.5686,0.212174,23,35,11,131.08,0.6584,0.1346,0.014084,4.091
920108,520,431,951,210,64,170,340.82,0.8028,0.5536,0.202728,20,19,41,283.85,0.4632,0.0998,0.007746,4.377
920114,520,402,922,214,55,218,326.99,0.9140,0.5803,0.220924,57,11,14,21.21,0.7741,0.1308,0.011411,4.412
920119,520,378,898,211,66,241,320.11,0.9342,0.6011,0.240979,44,21,80,296.71,0.7408,0.1630,0.016510,4.375
920130,520,341,861,249,65,178,347.85,0.9472,0.6274,0.271379,77,5,79,326.97,0.8759,0.1985,0.022511,4.432
920150,520,412,932,215,65,185,337.07,0.8330,0.5712,0.217326,28,25,36,297.11,0.2275,0.1193,0.010695,4.404
920155,520,452,972,209,78,1,41.90,0.9971,0.5284,0.190085,5,18,0,134.78,1.0000,0.0684,0.004649,4.393
920165,520,462,982,160,69,238,304.54,0.8961,0.5279,0.179034,10,8,2,97.09,0.5286,0.0484,0.002426,4.369
920169,520,408,928,202,60,220,322.96,0.8904,0.5664,0.209572,33,24,45,303.03,0.3963,0.1277,0.011661,4.210
920180,520,477,997,201,30,162,340.11,0.8964,0.5054,0.159566,4,0,8,311.99,1.0000,0.0216,0.000433,4.155
920193,520,466,986,164,93,161,328.60,0.5428,0.5171,0.182953,21,1,18,333.60,0.8027,0.0511,0.002248,4.459
920205,520,479,999,171,83,161,331.78,0.6183,0.5102,0.174187,0,0,7,264.05,1.0000,0.0135,0.000153,4.470
920218,520,479,999,186,20,218,319.68,0.9698,0.5122,0.160027,0,0,5,264.05,1.0000,0.0116,0.000110,4.191
920219,520,383,903,226,50,219,329.94,0.9402,0.5973,0.235668,16,41,14,142.26,0.8493,0.1495,0.017277,4.246
920225,520,399,919,247,54,9,32.77,0.9930,0.5757,0.224357,50,24,7,51.70,0.6854,0.1388,0.013468,4.323
920227,520,446,966,185,66,216,318.51,0.8459,0.5431,0.191698,36,3,27,340.46,0.7730,0.0838,0.005194,4.379
920234,520,478,998,217,43,74,17.69,0.9082,0.5125,0.169765,0,1,16,263.65,1.0015,0.0242,0.000591,4.344
920250,520,439,959,194,9,253,314.08,0.9950,0.5514,0.187579,22,21,14,100.76,0.2080,0.0941,0.007386,4.140
920259,520,462,982,210,57,129,356.40,0.8006,0.5277,0.182151,10,8,0,101.83,1.0000,0.0477,0.002382,4.432
920266,520,459,979,232,29,29,28.09,0.9786,0.5287,0.181263,7,13,19,247.62,0.2965,0.0630,0.003800,4.299
920267,520,452,972,211,46,146,348.98,0.8457,0.5269,0.178804,14,13,20,291.24,0.2096,0.0691,0.004317,4.212
920271,520,392,912,212,103,123,10.20,0.6257,0.5918,0.251296,31,37,36,184.53,0.0978,0.1548,0.017418,4.469
920278,520,373,893,253,54,94,16.02,0.9843,0.5975,0.243328,18,22,99,270.93,0.9275,0.1607,0.016032,4.442
920287,520,430,950,224,5,170,343.05,0.9914,0.5454,0.188607,26,18,40,299.29,0.4601,0.1032,0.008054,4.110
920290,520,399,919,250,42,100,12.51,0.9645,0.5845,0.229036,55,20,20,22.08,0.5780,0.1422,0.013632,4.385
920308,520,424,944,244,6,106,7.88,0.9942,0.5599,0.204074,0,3,85,264.18,0.9952,0.1062,0.007209,4.441
920311,520,377,897,233,20,232,328.55,0.9894,0.6032,0.236527,9,33,81,262.14,0.8576,0.1599,0.017398,4.251
920320,520,432,952,180,50,249,309.92,0.9670,0.5462,0.188250,44,3,38,334.78,0.8089,0.1045,0.007406,4.150
920324,520,288,808,166,148,253,290.02,0.9312,0.6811,0.363785,21,66,45,160.02,0.7783,0.2431,0.042452,4.476
920325,520,390,910,250,57,73,22.43,0.9700,0.5900,0.237348,35,28,65,289.46,0.5480,0.1528,0.015695,4.374
920349,520,467,987,181,73,175,329.86,0.7190,0.5188,0.176853,6,5,3,88.28,0.2067,0.0374,0.001538,4.402
920384,520,394,914,245,56,111,9.65,0.9220,0.5877,0.233918,26,30,58,275.65,0.4756,0.1435,0.014536,4.399
920404,520,430,950,232,8,138,355.13,0.9873,0.5468,0.191674,21,8,61,285.48,0.8596,0.0982,0.006700,4.262
920408,520,304,824,252,118,72,39.07,0.9647,0.6710,0.341234,13,65,12,142.73,0.9735,0.2301,0.038926,4.400
920414,520,73,593,228,226,250,289.57,0.6888,0.9087,0.777887,24,118,72,156.26,0.9445,0.4229,0.136184,4.447
920419,520,385,905,245,39,150,354.78,0.9448,0.5889,0.230688,14,27,87,268.00,0.8817,0.1544,0.015653,4.275
920422,520,459,979,211,54,128,356.72,0.8135,0.5263,0.180480,16,7,24,307.33,0.5242,0.0609,0.003281,4.326
920440,520,348,868,244,20,243,328.55,0.9934,0.6298,0.262073,42,26,100,285.87,0.7936,0.1887,0.021511,4.364
920454,520,432,952,240,43,3,31.87,0.9973,0.5527,0.202629,3,25,30,214.37,0.7539,0.0973,0.008083,4.349
920480,520,471,991,167,45,241,307.84,0.9382,0.5162,0.164439,14,5,0,67.46,1.0000,0.0446,0.002019,4.122
920484,520,356,876,251,14,214,337.01,0.9941,0.6226,0.256816,58,3,100,302.45,0.9637,0.1835,0.018848,4.456
920485,520,303,823,249,117,88,33.80,0.9280,0.6668,0.335700,43,61,8,127.05,0.9071,0.2335,0.038686,4.349
920488,520,272,792,234,149,7,69.24,0.9887,0.6969,0.390049,4,75,4,142.61,0.9950,0.2622,0.050665,4.371
920496,520,414,934,221,49,196,335.02,0.9073,0.5738,0.215566,57,1,26,359.93,0.9323,0.1219,0.009663,4.451
920502,520,464,984,176,40,232,312.86,0.9388,0.5182,0.165749,11,4,19,305.87,0.5837,0.0465,0.002050,4.145
920510,520,431,951,192,19,247,314.70,0.9865,0.5456,0.183889,17,25,9,130.52,0.5282,0.0992,0.008341,4.009
920511,520,470,990,205,42,154,344.30,0.8515,0.5164,0.169702,10,3,18,306.59,0.6359,0.0426,0.001733,4.247
920513,520,441,961,217,13,182,337.82,0.9776,0.5405,0.184193,12,19,43,269.21,0.5707,0.0948,0.007183,4.095
920518,520,428,948,239,34,96,11.77,0.9524,0.5565,0.203425,4,27,12,153.06,0.8863,0.0974,0.008362,4.342
920519,520,460,980,236,3,14,28.40,0.9985,0.5280,0.179330,2,1,54,267.45,0.9945,0.0630,0.003009,4.326
920528,520,350,870,249,97,73,31.37,0.9514,0.6339,0.291734,14,54,9,141.51,0.9650,0.1919,0.027513,4.409
920536,520,35,555,251,243,220,91.02,0.7072,0.9585,0.897781,25,129,42,145.13,0.9799,0.4535,0.160737,4.497
920538,520,411,931,207,63,201,329.71,0.8513,0.5650,0.210393,50,12,17,15.91,0.6761,0.1191,0.009816,4.353
920548,520,452,972,233,26,51,23.70,0.9771,0.5315,0.183046,31,2,10,5.03,0.7981,0.0662,0.003567,4.351
920554,520,413,933,217,61,191,335.61,0.8592,0.5741,0.218529,24,27,26,173.91,0.0612,0.1160,0.010526,4.437
920558,520,316,836,239,125,37,52.27,0.9303,0.6588,0.331542,0,64,22,148.62,1.0000,0.2244,0.037246,4.373
920565,520,366,886,246,24,199,339.89,0.9827,0.6076,0.243727,49,22,84,299.26,0.7435,0.1748,0.018669,4.277
920570,520,441,961,212,68,117,3.68,0.7680,0.5392,0.194179,1,25,21,180.78,0.9347,0.0922,0.007558,4.242
920577,520,205,725,246,146,254,324.38,0.9938,0.7685,0.473083,69,79,17,118.36,0.8312,0.3142,0.068976,4.397
920581,520,387,907,160,101,252,298.07,0.9537,0.5854,0.238094,31,25,71,284.65,0.6586,0.1472,0.014415,4.472
920593,520,304,824,254,79,225,335.37,0.9944,0.6728,0.321021,82,27,86,324.97,0.6997,0.2348,0.032498,4.497
920595,520,448,968,165,64,255,303.20,1.0000,0.5435,0.188867,14,19,17,169.15,0.1415,0.0824,0.005996,4.266
920597,520,380,900,234,60,186,341.57,0.8950,0.6001,0.242720,62,17,50,339.73,0.6673,0.1626,0.016555,4.398
920600,520,421,941,218,44,192,335.37,0.9104,0.5625,0.205148,46,11,23,2.20,0.6381,0.1121,0.008821,4.338
920605,520,338,858,247,53,226,333.25,0.9648,0.6397,0.278143,47,49,18,112.30,0.5993,0.2016,0.028446,4.183
920610,520,435,955,191,35,244,314.74,0.9655,0.5485,0.188114,33,9,36,323.09,0.6431,0.0937,0.006461,4.217
920677,520,467,987,171,29,251,307.60,0.9813,0.5210,0.165025,11,3,3,20.71,0.4435,0.0372,0.001429,4.181
920679,520,456,976,212,65,108,7.14,0.7835,0.5328,0.188626,1,6,47,265.24,0.9595,0.0643,0.003419,4.467
920700,520,424,944,199,68,205,326.04,0.8314,0.5598,0.206857,52,6,0,34.71,1.0000,0.1113,0.008604,4.383
920705,520,382,902,245,44,175,346.99,0.9433,0.6028,0.243121,45,20,82,297.06,0.7607,0.1646,0.016674,4.396
920734,520,461,981,154,76,239,301.53,0.8882,0.5300,0.182713,6,8,20,273.68,0.4340,0.0517,0.002629,4.422
920735,520,426,946,183,65,246,310.68,0.9438,0.5619,0.205027,38,17,25,356.46,0.4141,0.1095,0.008832,4.335
920744,520,458,978,208,56,136,352.91,0.8001,0.5258,0.180180,3,16,4,145.95,0.8707,0.0625,0.003987,4.264
920758,520,408,928,228,73,84,20.70,0.8436,0.5660,0.219019,33,29,8,98.73,0.6025,0.1266,0.012196,4.325
920766,520,368,888,241,54,190,341.83,0.9269,0.6098,0.250597,1,43,69,242.17,0.9523,0.1743,0.021638,4.196
920780,520,402,922,239,40,162,349.65,0.9353,0.5831,0.224800,20,36,6,132.80,0.8632,0.1346,0.014236,4.278
920781,520,428,948,231,50,120,3.49,0.8852,0.5583,0.206291,21,21,33,284.06,0.2721,0.1007,0.008056,4.415
920789,520,468,988,180,31,233,314.13,0.9593,0.5198,0.165676,13,2,18,316.39,0.7161,0.0432,0.001727,4.170
920802,520,441,961,227,31,123,0.13,0.9312,0.5389,0.187437,0,20,46,253.41,0.9999,0.0920,0.006975,4.167
920823,520,441,961,227,16,139,353.92,0.9698,0.5390,0.185683,6,6,64,270.16,0.9659,0.0868,0.005391,4.255
920833,520,460,980,236,3,52,22.50,0.9979,0.5312,0.181492,17,0,43,295.35,1.0000,0.0624,0.002936,4.373
920840,520,404,924,221,54,200,333.89,0.9001,0.5800,0.221829,14,35,3,136.10,0.9553,0.1269,0.013020,4.313
920847,520,257,777,255,100,243,330.88,1.0000,0.7077,0.368482,69,48,106,298.07,0.5664,0.2671,0.044198,4.443
920848,520,467,987,199,80,70,27.59,0.7400,0.5196,0.183236,2,8,8,195.47,0.4786,0.0429,0.002041,4.482
920850,520,359,879,214,79,248,318.81,0.9594,0.6240,0.266671,60,35,24,44.36,0.4353,0.1829,0.022288,4.381
920855,520,449,969,209,17,198,331.25,0.9724,0.5368,0.180355,1,14,30,249.63,0.8311,0.0666,0.004142,4.255
920856,520,435,955,199,70,180,334.13,0.7735,0.5470,0.198194,30,13,32,323.20,0.4965,0.0936,0.006682,4.379
920865,520,425,945,242,36,98,11.65,0.9520,0.5642,0.210242,41,11,31,342.57,0.6088,0.1067,0.008098,4.479
920868,520,442,962,197,24,234,318.89,0.9761,0.5448,0.184656,14,19,20,211.11,0.1300,0.0835,0.006096,4.183
920882,520,427,947,242,48,11,31.96,0.9907,0.5607,0.210187,3,25,35,229.94,0.7609,0.0999,0.008359,4.458
920883,520,432,952,208,69,165,342.37,0.7750,0.5531,0.203847,39,11,26,349.43,0.5768,0.1010,0.007453,4.418
920900,520,213,733,249,157,161,17.04,0.8231,0.7555,0.468293,28,83,45,150.64,0.8712,0.3025,0.066226,4.459
920906,520,476,996,153,53,246,301.81,0.9510,0.5082,0.159728,0,2,4,233.51,1.0000,0.0210,0.000522,4.151
920928,520,393,913,188,81,246,311.20,0.9311,0.5874,0.232310,7,39,23,157.81,0.8619,0.1407,0.015580,4.305
920949,520,317,837,238,105,188,344.57,0.8303,0.6604,0.319136,9,54,86,245.23,0.8080,0.2217,0.033681,4.411
920951,520,471,991,204,59,142,349.69,0.7824,0.5241,0.179203,3,0,36,273.91,1.0000,0.0419,0.001467,4.453
920954,520,479,999,202,29,174,336.47,0.9130,0.5137,0.164932,0,1,1,194.77,1.0000,0.0143,0.000239,4.278
920958,520,453,973,210,24,173,338.85,0.9395,0.5257,0.173742,13,14,19,276.28,0.1548,0.0700,0.004467,4.108
920963,520,420,940,221,44,181,339.48,0.9033,0.5617,0.205121,4,30,9,147.84,0.9413,0.1064,0.009740,4.270
920974,520,370,890,213,72,236,321.70,0.9131,0.6067,0.248387,20,9,121,270.98,0.9859,0.1747,0.017244,4.437
920981,520,297,817,255,92,205,341.97,1.0000,0.6784,0.333252,25,64,52,170.50,0.6248,0.2407,0.041212,4.202
920987,520,388,908,223,72,182,340.51,0.8283,0.5908,0.237024,60,19,35,358.58,0.6025,0.1547,0.015479,4.383
920995,520,391,911,252,6,155,353.66,0.9954,0.5933,0.231958,14,2,113,269.41,0.9970,0.1531,0.013289,4.455
921020,520,330,850,244,100,110,18.90,0.8704,0.6365,0.294762,61,37,76,311.19,0.5041,0.2124,0.028371,4.399
921036,520,371,891,233,102,46,41.46,0.8962,0.6103,0.270264,4,41,76,251.48,0.8679,0.1749,0.021334,4.490
921039,520,344,864,246,40,220,334.49,0.9734,0.6265,0.262807,77,21,11,32.41,0.8339,0.1851,0.021385,4.382
921041,520,456,976,198,20,215,323.81,0.9716,0.5303,0.174140,16,8,22,309.61,0.4465,0.0618,0.003418,4.196
921054,520,440,960,232,6,153,350.19,0.9908,0.5528,0.195889,35,4,36,326.71,0.7701,0.0890,0.005716,4.413
921060,520,300,820,255,50,254,328.41,1.0000,0.6689,0.307000,55,25,127,287.85,0.8677,0.2309,0.030397,4.440
921062,520,331,851,251,85,156,357.80,0.9430,0.6427,0.294098,5,52,55,201.51,0.8778,0.1954,0.027640,4.432
921081,520,407,927,239,44,126,2.18,0.9205,0.5715,0.216616,33,24,45,303.03,0.3963,0.1277,0.011661,4.324
921086,520,399,919,216,100,19,47.98,0.9439,0.5762,0.237626,13,36,34,187.95,0.5184,0.1376,0.014628,4.451
921114,520,371,891,255,5,180,346.89,1.0000,0.6103,0.246674,46,16,88,296.29,0.8248,0.1662,0.016560,4.457
921124,520,383,903,229,52,214,332.02,0.9350,0.6007,0.239715,6,30,81,262.42,0.9046,0.1514,0.015612,4.416
921127,520,426,946,188,81,201,323.21,0.7608,0.5563,0.207945,45,2,41,332.40,0.8484,0.1068,0.007615,4.477
921130,520,409,929,241,56,58,25.85,0.9383,0.5690,0.218379,2,22,76,263.03,0.9624,0.1263,0.011084,4.394
921153,520,450,970,215,37,172,340.65,0.9045,0.5412,0.187510,28,7,10,12.47,0.5499,0.0709,0.004208,4.381
921156,520,436,956,219,58,145,352.17,0.8252,0.5519,0.201329,6,21,35,247.90,0.5841,0.0907,0.006964,4.412
921173,520,476,996,205,41,143,348.31,0.8489,0.5103,0.165503,6,0,0,29.23,1.0000,0.0198,0.000387,4.277
921180,520,474,994,212,34,145,349.00,0.8915,0.5200,0.171877,10,1,12,322.72,0.7464,0.0343,0.001128,4.340
921189,520,362,882,122,131,254,277.15,0.9818,0.6074,0.275252,56,39,0,83.42,1.0000,0.1830,0.022919,4.460
921190,520,367,887,237,97,18,43.22,0.9735,0.6078,0.266005,27,39,62,262.68,0.4184,0.1708,0.020318,4.494
921191,520,479,999,221,32,3,31.03,0.9963,0.5057,0.164145,2,0,1,344.76,1.0000,0.0130,0.000151,4.270
921205,520,381,901,217,53,239,322.57,0.9484,0.5980,0.235318,39,18,83,291.54,0.7977,0.1551,0.014885,4.397
921234,520,396,916,213,64,207,329.67,0.8716,0.5797,0.223199,35,28,47,300.65,0.3396,0.1406,0.013931,4.273
921237,520,468,988,196,46,178,333.63,0.8472,0.5166,0.169058,9,6,6,18.05,0.1291,0.0441,0.002015,4.211
921239,520,422,942,200,24,244,317.45,0.9817,0.5577,0.194658,30,25,11,90.45,0.4253,0.1128,0.009955,4.081
921240,520,369,889,232,51,220,331.18,0.9465,0.6089,0.246933,60,29,36,6.36,0.4305,0.1733,0.019669,4.262
921243,520,403,923,240,30,157,351.12,0.9569,0.5776,0.218912,37,29,4,91.69,0.7787,0.1309,0.012808,4.281
921257,520,472,992,166,69,215,312.02,0.8195,0.5178,0.172703,2,3,10,271.66,0.5048,0.0301,0.000999,4.367
921264,520,336,856,214,86,254,317.09,0.9929,0.6363,0.281090,6,47,85,251.34,0.8500,0.1998,0.027275,4.285
921285,520,398,918,203,66,232,319.99,0.9022,0.5823,0.224207,38,7,80,294.66,0.9010,0.1370,0.011432,4.464
921301,520,408,928,202,74,202,327.78,0.8113,0.5696,0.217200,48,19,25,8.43,0.4935,0.1296,0.011644,4.335
921306,520,447,967,214,40,173,340.14,0.8938,0.5418,0.188331,14,6,56,280.19,0.9003,0.0834,0.005091,4.326
921319,520,478,998,226,22,4,30.01,0.9958,0.5114,0.167543,0,1,15,263.52,1.0011,0.0235,0.000562,4.303
921341,520,215,735,242,142,251,324.07,0.9740,0.7550,0.451902,62,74,53,132.15,0.2880,0.2990,0.061787,4.490
921347,520,466,986,189,49,201,324.50,0.8684,0.5221,0.172339,7,10,6,136.99,0.2304,0.0516,0.002754,4.215
921359,520,465,985,225,36,77,16.63,0.9379,0.5246,0.178080,18,4,5,15.46,0.5285,0.0489,0.002264,4.364
921371,520,375,895,216,82,201,332.39,0.8162,0.6011,0.248525,58,25,42,349.51,0.4927,0.1646,0.017621,4.415
921376,520,279,799,223,140,159,5.08,0.5645,0.6869,0.369491,41,66,38,141.80,0.5382,0.2527,0.045077,4.412
921385,520,469,989,108,97,245,280.88,0.9152,0.5202,0.183296,2,7,9,217.42,0.4443,0.0408,0.001846,4.500
921388,520,432,952,220,33,179,339.65,0.9310,0.5521,0.195604,9,1,82,270.47,0.9967,0.1045,0.006889,4.317
921393,520,479,999,193,54,163,338.03,0.7952,0.5098,0.166218,2,0,3,318.71,1.0000,0.0147,0.000195,4.308
921394,520,418,938,168,79,245,304.91,0.9191,0.5570,0.205099,41,6,64,307.23,0.8505,0.1238,0.009719,4.272
921412,520,456,976,220,54,69,21.42,0.8916,0.5271,0.182863,22,3,16,340.43,0.6687,0.0561,0.002731,4.416
921418,520,415,935,226,77,94,17.66,0.8096,0.5695,0.222873,10,28,51,255.57,0.6262,0.1222,0.011340,4.449
921426,520,475,995,140,75,244,295.71,0.9192,0.5159,0.171394,10,0,12,323.79,1.0000,0.0313,0.000911,4.349
921430,520,395,915,208,57,243,319.09,0.9452,0.5898,0.228089,37,31,4,96.94,0.7951,0.1363,0.013821,4.357
921434,520,454,974,197,74,139,350.78,0.7002,0.5284,0.186337,9,17,17,196.06,0.2405,0.0735,0.004994,4.297
921443,520,24,544,242,246,246,197.09,0.1661,0.9652,0.914425,44,128,73,151.53,0.8837,0.4611,0.164542,4.495
921469,520,385,905,201,85,218,322.37,0.8199,0.5919,0.239779,24,36,36,196.13,0.2202,0.1458,0.015833,4.402
921472,520,434,954,232,8,141,354.13,0.9873,0.5480,0.192555,5,24,29,216.96,0.6160,0.0951,0.007742,4.201
921476,520,455,975,185,66,195,324.57,0.7950,0.5287,0.181522,30,0,12,357.19,1.0000,0.0610,0.003026,4.366
921490,520,431,951,213,76,98,14.35,0.7550,0.5454,0.201991,37,17,11,37.50,0.4798,0.1037,0.008184,4.331
921496,520,467,987,227,14,89,11.30,0.9799,0.5216,0.173691,15,3,9,346.34,0.5454,0.0441,0.001864,4.313
921501,520,418,938,245,16,95,11.83,0.9858,0.5614,0.206127,37,2,71,299.67,0.9550,0.1200,0.008917,4.347
921513,520,365,885,254,64,92,18.12,0.9914,0.6076,0.255140,33,42,29,136.18,0.2874,0.1690,0.020679,4.317
921540,520,373,893,223,45,236,324.98,0.9611,0.6002,0.236230,26,35,56,265.86,0.3901,0.1552,0.017072,4.268
921546,520,428,948,201,51,228,320.87,0.9238,0.5627,0.203882,40,4,39,329.22,0.7852,0.0994,0.006845,4.466
921548,520,420,940,195,64,224,319.68,0.8809,0.5621,0.206521,15,27,35,238.47,0.3399,0.1126,0.010067,4.271
921560,520,456,976,203,67,142,350.22,0.7492,0.5313,0.186658,4,13,24,250.86,0.5347,0.0631,0.003796,4.399
921564,520,445,965,157,79,239,302.28,0.8826,0.5379,0.189925,32,11,9,26.97,0.5219,0.0840,0.005662,4.310
921567,520,387,907,218,45,239,322.98,0.9602,0.5941,0.230162,63,10,38,352.87,0.7498,0.1498,0.014140,4.368
921569,520,471,991,179,74,175,329.11,0.7112,0.5170,0.175776,1,6,16,252.09,0.7081,0.0402,0.001741,4.364
921576,520,450,970,238,21,76,17.08,0.9795,0.5441,0.192385,2,16,26,237.90,0.7253,0.0699,0.004580,4.441
921589,520,319,839,253,68,212,338.56,0.9872,0.6538,0.297735,80,36,39,17.24,0.5096,0.2227,0.031140,4.286
921616,520,472,992,195,17,203,326.12,0.9688,0.5152,0.163164,4,2,11,295.56,0.5929,0.0299,0.000934,4.185
921632,520,309,829,255,58,237,332.36,1.0000,0.6635,0.304037,41,52,68,257.68,0.2625,0.2221,0.033447,4.243
921643,520,453,973,182,44,232,314.54,0.9324,0.5303,0.175738,31,3,20,345.99,0.7407,0.0718,0.004070,4.175
921655,520,474,994,223,42,0,32.44,1.0000,0.5165,0.173467,4,1,12,298.51,0.7581,0.0273,0.000741,4.404
921679,520,402,922,194,76,238,315.31,0.9000,0.5840,0.228125,36,25,44,310.17,0.3676,0.1330,0.012522,4.448
921685,520,452,972,216,19,163,343.47,0.9559,0.5297,0.177114,2,18,13,172.62,0.7985,0.0697,0.004746,4.149
921692,520,357,877,254,36,176,348.34,0.9921,0.6158,0.254706,29,40,71,267.78,0.4876,0.1812,0.022337,4.212
921713,520,463,983,190,30,221,319.93,0.9531,0.5257,0.170976,12,7,9,350.97,0.1885,0.0503,0.002498,4.209
921732,520,473,993,224,37,1,31.68,0.9988,0.5151,0.171755,2,5,4,174.77,0.3329,0.0335,0.001302,4.323
921754,520,348,868,253,21,221,335.72,0.9916,0.6321,0.266427,21,53,2,136.59,0.9880,0.1910,0.027099,4.104
921762,520,319,839,253,42,230,333.58,0.9914,0.6459,0.282549,35,60,9,132.46,0.9263,0.2241,0.036087,3.863
921768,520,460,980,210,72,51,31.37,0.8582,0.5254,0.185777,2,10,28,258.90,0.7520,0.0572,0.003138,4.437
921792,520,314,834,254,99,123,14.09,0.9819,0.6555,0.314279,38,57,10,129.16,0.8802,0.2167,0.033602,4.357
921795,520,436,956,220,44,160,346.10,0.8823,0.5489,0.195575,23,17,14,48.06,0.1712,0.0854,0.006148,4.374
921800,520,390,910,183,100,220,314.30,0.7559,0.5898,0.243498,39,32,35,350.27,0.1173,0.1494,0.015857,4.457
921816,520,328,848,228,116,146,4.46,0.6828,0.6460,0.310623,0,56,67,215.61,1.0000,0.2131,0.032334,4.380
921828,520,284,804,206,130,245,313.23,0.8755,0.6854,0.356807,66,53,63,334.25,0.1756,0.2490,0.040634,4.488
921840,520,201,721,227,172,188,359.56,0.4821,0.7668,0.494681,20,87,43,150.45,0.9441,0.3126,0.071392,4.487
921850,520,433,953,229,57,69,22.50,0.9048,0.5478,0.200168,26,11,56,292.98,0.7635,0.1030,0.007445,4.355
921851,520,476,996,188,3,221,319.69,0.9961,0.5134,0.159784,4,0,8,311.99,1.0000,0.0216,0.000433,4.160
921854,520,480,1000,190,18,211,322.61,0.9702,0.5128,0.160844,0,0,0,0.00,0.0000,0.0000,0.000000,4.217
921864,520,464,984,230,20,39,25.70,0.9852,0.5213,0.174728,17,7,2,58.16,0.5864,0.0535,0.002755,4.260
921877,520,381,901,245,38,166,349.59,0.9509,0.5952,0.235551,40,33,55,298.19,0.3486,0.1632,0.018147,4.190
921879,520,366,886,253,17,190,343.79,0.9901,0.6138,0.250047,0,34,94,260.32,1.0000,0.1719,0.019521,4.316
921886,520,453,973,231,25,81,15.04,0.9664,0.5321,0.182813,26,0,33,319.15,1.0000,0.0657,0.003294,4.368
921894,520,259,779,251,138,99,39.60,0.9260,0.7083,0.395899,52,68,28,127.43,0.6321,0.2660,0.049481,4.482
921896,520,398,918,251,45,63,23.51,0.9797,0.5813,0.227485,4,33,55,245.31,0.7985,0.1362,0.013893,4.343
921904,520,472,992,194,8,213,323.30,0.9884,0.5186,0.164487,7,1,11,315.32,0.7319,0.0304,0.000910,4.213
921908,520,470,990,191,38,202,325.03,0.9073,0.5178,0.167284,14,0,15,326.35,1.0000,0.0377,0.001279,4.237
921929,520,466,986,174,58,215,315.53,0.8583,0.5169,0.169321,14,6,0,74.52,1.0000,0.0471,0.002236,4.199
921931,520,349,869,239,43,245,326.82,0.9778,0.6320,0.266736,62,34,46,353.13,0.3770,0.1911,0.023656,4.300
921939,520,355,875,193,110,221,317.04,0.7449,0.6202,0.277108,32,42,60,261.86,0.3200,0.1818,0.022892,4.488
921943,520,413,933,209,34,238,321.04,0.9692,0.5722,0.208742,10,33,19,154.66,0.6987,0.1214,0.011992,4.174
921948,520,340,860,252,58,202,340.93,0.9797,0.6386,0.279890,23,54,26,145.84,0.7677,0.1990,0.028950,4.178
921953,520,436,956,224,67,75,22.30,0.8600,0.5496,0.203723,23,19,16,59.08,0.1261,0.0907,0.006853,4.463
921957,520,421,941,219,75,102,13.03,0.7775,0.5561,0.210540,24,9,67,285.90,0.8660,0.1089,0.007948,4.496
921959,520,381,901,223,42,234,325.49,0.9634,0.5970,0.232866,26,1,110,276.21,0.9969,0.1559,0.013670,4.443
921962,520,389,909,246,12,169,348.30,0.9897,0.5889,0.227236,56,15,44,340.98,0.6575,0.1456,0.013644,4.356
921964,520,477,997,222,25,80,14.31,0.9576,0.5130,0.168068,2,1,0,82.32,1.0000,0.0176,0.000346,4.331
921966,520,135,655,223,202,217,335.93,0.2992,0.8379,0.629393,17,106,9,142.02,0.9925,0.3722,0.104465,4.398
921968,520,323,843,233,67,254,322.94,0.9957,0.6455,0.284959,5,60,17,146.21,0.9850,0.2109,0.033043,4.034
921971,520,403,923,255,6,89,14.49,1.0000,0.5787,0.221153,27,24,60,283.75,0.5854,0.1318,0.012125,4.365
921984,520,421,941,250,7,41,25.43,0.9970,0.5609,0.206398,44,1,52,320.81,0.9343,0.1117,0.008052,4.417
922007,520,446,966,240,20,19,28.70,0.9899,0.5413,0.190760,16,17,12,116.64,0.1632,0.0775,0.005376,4.348
922023,520,359,879,246,28,213,336.22,0.9826,0.6170,0.252305,58,25,73,313.87,0.6476,0.1833,0.020759,4.272
922024,520,431,951,180,87,199,320.57,0.7194,0.5519,0.206443,17,27,6,130.07,0.7075,0.1045,0.009162,4.335
922033,520,401,921,249,56,11,32.89,0.9918,0.5815,0.229958,37,32,1,100.52,0.9456,0.1386,0.014286,4.355
922038,520,388,908,204,67,245,317.13,0.9459,0.5942,0.234457,5,24,91,264.96,0.9413,0.1487,0.014408,4.417
922055,520,381,901,194,117,148,354.67,0.4704,0.5986,0.263314,3,45,25,157.42,0.9637,0.1598,0.019662,4.498
922066,520,426,946,203,79,161,343.19,0.7178,0.5553,0.208635,21,20,54,280.80,0.6155,0.1126,0.009261,4.364
922095,520,262,782,246,118,229,332.68,0.9462,0.7111,0.382093,7,73,8,142.88,0.9900,0.2562,0.048276,4.397
922097,520,418,938,208,86,136,357.28,0.6802,0.5628,0.218450,16,24,57,270.18,0.6383,0.1202,0.010588,4.431
922102,520,431,951,245,8,42,25.12,0.9961,0.5505,0.197568,17,24,19,153.87,0.2122,0.0990,0.008194,4.254
922110,520,391,911,222,44,226,327.17,0.9531,0.5910,0.228241,29,27,67,281.94,0.6026,0.1461,0.014503,4.314
922115,520,470,990,177,30,240,311.69,0.9663,0.5206,0.165679,8,2,22,296.82,0.7744,0.0405,0.001530,4.186
922119,520,441,961,199,77,150,346.62,0.7020,0.5407,0.196536,19,15,36,290.48,0.4797,0.0869,0.006075,4.397
922126,520,395,915,247,19,162,350.73,0.9820,0.5894,0.228519,20,35,31,175.79,0.3178,0.1377,0.014497,4.318
922132,520,474,994,167,27,255,305.66,1.0000,0.5179,0.162201,8,2,10,320.09,0.5791,0.0341,0.001170,4.147
922137,520,427,947,198,88,154,345.73,0.6522,0.5568,0.213200,7,27,11,148.51,0.7951,0.0990,0.008532,4.497
922140,520,417,937,235,51,135,358.78,0.8913,0.5720,0.217820,24,30,23,141.12,0.1990,0.1234,0.011846,4.330
922142,520,364,884,238,16,235,329.02,0.9933,0.6129,0.245486,28,39,63,264.73,0.4186,0.1722,0.020567,4.187
922150,520,439,959,224,1,181,339.75,0.9985,0.5506,0.192077,13,0,73,275.36,1.0000,0.0934,0.005666,4.349
922151,520,336,856,234,56,255,323.19,1.0000,0.6390,0.275431,6,44,93,257.12,0.8933,0.1983,0.026302,4.265
922175,520,464,984,142,84,227,298.38,0.8142,0.5171,0.176377,3,12,9,174.34,0.5150,0.0537,0.003020,4.270
922183,520,424,944,222,52,169,343.86,0.8693,0.5632,0.208526,33,11,48,308.74,0.6958,0.1051,0.007761,4.476
922193,520,259,779,232,141,181,352.52,0.6660,0.7088,0.395437,43,65,88,250.33,0.3807,0.2719,0.049986,4.455
922194,520,480,1000,214,36,116,0.49,0.8889,0.5132,0.168213,0,0,0,0.00,0.0000,0.0000,0.000000,4.364
922197,520,460,980,213,30,172,340.02,0.9238,0.5336,0.180555,15,10,9,31.69,0.1543,0.0597,0.003384,4.319
922199,520,434,954,228,9,162,346.49,0.9855,0.5498,0.193007,0,26,31,211.60,1.0000,0.0989,0.008377,4.163
922200,520,468,988,131,83,249,290.71,0.9460,0.5220,0.178512,1,7,5,174.88,0.6953,0.0383,0.001694,4.421
922203,520,417,937,190,63,246,312.94,0.9474,0.5701,0.211571,12,24,56,265.83,0.6806,0.1169,0.010169,4.347
922205,520,418,938,191,103,139,355.18,0.5264,0.5647,0.226424,21,30,30,196.27,0.1808,0.1233,0.011817,4.472
922215,520,311,831,244,68,241,328.76,0.9601,0.6555,0.297209,32,50,88,263.72,0.5440,0.2225,0.032927,4.187
922218,520,425,945,235,60,71,22.74,0.9096,0.5628,0.213519,12,26,43,254.16,0.5042,0.1125,0.009913,4.398
922226,520,431,951,195,36,240,316.74,0.9620,0.5521,0.191565,31,19,10,57.47,0.4035,0.0991,0.007790,4.180
922232,520,445,965,203,40,201,328.73,0.9122,0.5391,0.184330,32,3,26,336.88,0.7581,0.0764,0.004468,4.302
922237,520,446,966,240,4,36,25.84,0.9979,0.5383,0.187429,22,12,19,338.10,0.2963,0.0751,0.004805,4.332
922240,520,427,947,201,68,203,327.25,0.8301,0.5618,0.208652,0,22,53,255.48,0.9999,0.1028,0.008308,4.436
922265,520,344,864,230,68,242,324.97,0.9497,0.6335,0.273703,49,46,15,103.79,0.6353,0.1947,0.026415,4.236
922268,520,376,896,245,81,34,35.70,0.9575,0.6011,0.254161,38,38,15,108.76,0.5278,0.1589,0.018328,4.451
922273,520,392,912,235,68,129,2.94,0.8444,0.5855,0.233843,55,9,62,322.00,0.7888,0.1484,0.013555,4.466
922288,520,474,994,213,59,79,18.26,0.8424,0.5204,0.178410,3,5,1,127.14,0.6269,0.0334,0.001301,4.452
922304,520,333,853,233,61,248,324.44,0.9733,0.6363,0.274407,49,22,107,290.12,0.8373,0.1979,0.022883,4.451
922312,520,309,829,214,113,227,322.92,0.8152,0.6569,0.316540,36,57,38,146.84,0.4339,0.2205,0.034412,4.342
922365,520,397,917,216,48,222,326.57,0.9362,0.5809,0.219888,3,39,34,181.66,0.9029,0.1427,0.015858,4.098
922371,520,340,860,237,51,249,325.34,0.9792,0.6362,0.272142,2,47,83,248.74,0.9316,0.1969,0.026703,4.200
922375,520,398,918,217,51,216,328.37,0.9235,0.5808,0.220793,9,19,87,267.86,0.9421,0.1365,0.012119,4.359
922389,520,335,855,217,88,243,320.53,0.9319,0.6357,0.282039,44,46,51,268.36,0.0790,0.1996,0.027285,4.296
922393,520,364,884,250,45,175,348.10,0.9615,0.6128,0.252992,6,32,92,263.03,0.9282,0.1674,0.018443,4.427
922397,520,416,936,200,38,251,315.64,0.9812,0.5701,0.206321,32,17,55,298.62,0.6453,0.1192,0.009838,4.284
922403,520,421,941,237,35,111,6.43,0.9417,0.5571,0.203574,9,32,1,137.41,0.9865,0.1140,0.010933,4.162
922407,520,411,931,200,78,207,325.53,0.8077,0.5745,0.222347,8,31,32,199.16,0.5899,0.1189,0.011358,4.439
922408,520,349,869,216,93,227,324.32,0.8595,0.6305,0.279754,3,36,109,262.48,0.9719,0.1938,0.023851,4.465
922416,520,365,885,244,67,144,358.78,0.8970,0.6063,0.252642,79,3,3,28.34,0.9795,0.1687,0.017343,4.494
922417,520,439,959,198,76,167,338.93,0.7262,0.5459,0.199663,31,14,27,336.15,0.4253,0.0943,0.006845,4.392
922424,520,376,896,249,71,42,31.94,0.9701,0.5978,0.248169,54,32,4,68.68,0.8180,0.1630,0.018262,4.368
922425,520,380,900,234,52,201,336.88,0.9287,0.6018,0.241681,49,35,2,84.93,0.9116,0.1628,0.018595,4.252
922460,520,467,987,189,26,224,318.98,0.9636,0.5245,0.169408,3,1,30,275.91,0.9631,0.0389,0.001348,4.273
922485,520,430,950,173,81,222,311.77,0.8098,0.5488,0.200438,24,20,20,17.72,0.0836,0.0956,0.007450,4.359
922508,520,477,997,194,68,136,350.53,0.7173,0.5141,0.173829,5,1,1,21.77,0.5474,0.0229,0.000562,4.427
922515,520,437,957,207,57,180,336.30,0.8326,0.5467,0.194889,32,12,12,20.94,0.4674,0.0865,0.005966,4.376
922528,520,353,873,225,82,213,331.27,0.8662,0.6223,0.268484,41,38,62,289.03,0.3469,0.1810,0.022054,4.420
922532,520,180,700,247,163,238,330.57,0.9457,0.7926,0.521434,39,90,43,145.19,0.8466,0.3302,0.079178,4.424
922548,520,374,894,217,88,180,340.36,0.7547,0.5995,0.250285,15,43,16,144.28,0.8649,0.1560,0.018667,4.373
922551,520,354,874,241,55,205,337.47,0.9382,0.6186,0.258438,61,36,4,67.97,0.8442,0.1837,0.022627,4.247
922593,520,399,919,238,71,51,30.39,0.9228,0.5775,0.229257,2,40,15,150.67,0.9813,0.1399,0.015649,4.254
922611,520,448,968,235,8,105,6.88,0.9896,0.5413,0.188589,11,20,21,204.69,0.2487,0.0842,0.006256,4.241
922625,520,351,871,237,112,17,49.11,0.9736,0.6318,0.296361,8,55,13,144.50,0.9742,0.1938,0.028129,4.433
922636,520,458,978,228,37,90,12.65,0.9310,0.5343,0.185582,28,2,5,15.34,0.8128,0.0596,0.003013,4.444
922663,520,453,973,218,59,49,28.36,0.9043,0.5251,0.182577,1,7,50,264.97,0.9587,0.0693,0.003887,4.316
922695,520,390,910,246,61,92,16.98,0.9356,0.5893,0.237064,34,18,82,287.24,0.8073,0.1483,0.013819,4.498
922699,520,423,943,225,10,189,337.75,0.9873,0.5589,0.199013,13,27,33,227.13,0.3739,0.1103,0.009792,4.165
922718,520,411,931,201,71,218,322.87,0.8573,0.5748,0.219875,7,30,49,246.54,0.6794,0.1249,0.011954,4.356
922719,520,400,920,253,39,37,28.03,0.9921,0.5788,0.224710,27,12,87,281.09,0.9122,0.1384,0.011840,4.442
922721,520,465,985,228,20,67,18.73,0.9774,0.5209,0.174025,7,5,26,284.01,0.6720,0.0494,0.002283,4.285
922740,520,409,929,135,117,220,289.31,0.6833,0.5653,0.230406,7,34,44,226.12,0.6852,0.1336,0.013710,4.401
922754,520,449,969,201,28,213,325.06,0.9555,0.5373,0.180538,9,6,46,277.66,0.8737,0.0695,0.003856,4.281
922779,520,444,964,211,2,208,329.13,0.9975,0.5437,0.184484,21,15,19,338.64,0.1724,0.0802,0.005481,4.226
922786,520,296,816,251,119,127,18.25,0.9196,0.6815,0.352382,28,63,49,165.38,0.5722,0.2379,0.040235,4.459
922837,520,470,990,221,40,72,18.36,0.9260,0.5180,0.173603,11,3,12,323.95,0.5312,0.0407,0.001628,4.331
922840,520,461,981,191,21,226,319.15,0.9744,0.5273,0.171051,15,1,29,305.18,0.8883,0.0502,0.002120,4.241
922848,520,387,907,172,100,237,305.71,0.8307,0.5871,0.240000,47,16,74,304.51,0.7659,0.1541,0.014694,4.483
922853,520,408,928,242,38,128,1.58,0.9405,0.5743,0.218252,32,6,77,290.54,0.9161,0.1250,0.009731,4.491
922870,520,415,935,226,64,154,350.91,0.8315,0.5745,0.221712,32,27,8,94.92,0.5715,0.1200,0.011085,4.448
922875,520,380,900,210,67,234,321.49,0.9120,0.5956,0.236582,4,46,17,149.26,0.9729,0.1618,0.020202,4.082
922876,520,304,824,221,125,190,340.45,0.6681,0.6682,0.337589,75,48,6,72.50,0.8564,0.2350,0.036231,4.495
922893,520,355,875,247,55,189,343.53,0.9445,0.6208,0.261838,81,10,11,26.17,0.9197,0.1808,0.019909,4.461
922909,520,345,865,243,12,248,327.23,0.9967,0.6297,0.260977,47,9,112,289.09,0.9435,0.1873,0.019695,4.462
922913,520,423,943,225,78,48,33.36,0.8939,0.5611,0.216724,19,22,49,276.20,0.5321,0.1115,0.009340,4.495
922927,520,374,894,244,45,162,350.93,0.9338,0.5957,0.237217,33,40,10,120.97,0.6982,0.1588,0.018628,4.185
922934,520,348,868,245,55,212,336.48,0.9496,0.6295,0.269013,26,44,65,253.09,0.4411,0.1860,0.024026,4.309
922961,520,91,611,255,204,244,333.84,1.0000,0.8853,0.709787,46,110,65,150.87,0.7959,0.4029,0.121139,4.440
922966,520,319,839,241,71,237,328.99,0.9473,0.6508,0.293243,47,49,68,279.62,0.2512,0.2195,0.032183,4.177
922975,520,396,916,230,40,196,337.19,0.9423,0.5839,0.223287,30,13,86,283.69,0.8891,0.1414,0.012357,4.383
922982,520,448,968,173,69,232,310.32,0.8743,0.5409,0.189675,29,7,30,325.89,0.6367,0.0809,0.005069,4.352
923022,520,374,894,177,99,253,304.27,0.9717,0.6033,0.253632,50,34,7,77.21,0.7324,0.1623,0.018376,4.441
923045,520,448,968,216,74,10,39.01,0.9789,0.5363,0.195209,7,17,36,261.60,0.5826,0.0819,0.005734,4.400
923046,520,405,925,247,56,21,32.17,0.9818,0.5778,0.226601,24,32,21,137.28,0.3015,0.1286,0.012813,4.404
923059,520,451,971,181,48,244,311.38,0.9460,0.5418,0.184703,22,13,11,32.86,0.2466,0.0744,0.004826,4.281
923067,520,457,977,154,73,245,300.67,0.9259,0.5311,0.182280,21,5,11,355.92,0.5173,0.0571,0.002922,4.389
923073,520,476,996,194,15,202,326.13,0.9721,0.5121,0.160769,1,1,8,277.00,0.7555,0.0209,0.000457,4.177
923074,520,407,927,238,62,87,18.12,0.8968,0.5737,0.223136,11,35,33,188.05,0.5634,0.1331,0.013830,4.279
923075,520,423,943,227,66,118,5.64,0.8251,0.5650,0.215380,8,29,27,187.07,0.5668,0.1107,0.010094,4.416
923077,520,470,990,222,35,79,15.53,0.9340,0.5182,0.172989,3,2,25,277.11,0.8863,0.0374,0.001330,4.344
923080,520,432,952,194,36,245,315.34,0.9658,0.5546,0.193250,33,17,13,34.76,0.3791,0.0982,0.007533,4.228
923084,520,477,997,208,58,94,11.29,0.8086,0.5133,0.172464,4,1,5,320.09,0.5789,0.0237,0.000585,4.398
923092,520,419,939,202,11,244,318.13,0.9931,0.5572,0.193292,38,12,42,322.14,0.6366,0.1096,0.008422,4.164
923098,520,314,834,246,119,35,48.30,0.9504,0.6594,0.329108,27,60,5,136.07,0.9736,0.2184,0.034756,4.473
923128,520,447,967,206,75,117,3.91,0.7194,0.5372,0.194404,10,9,46,277.00,0.8094,0.0756,0.004571,4.479
923141,520,455,975,196,77,138,351.42,0.6823,0.5304,0.188802,13,13,2,109.13,0.6708,0.0624,0.003778,4.441
923174,520,371,891,252,1,198,341.31,0.9995,0.6131,0.247977,2,4,128,264.73,0.9972,0.1726,0.016581,4.475
923175,520,416,936,193,92,181,332.07,0.6719,0.5684,0.223293,11,30,43,240.71,0.5344,0.1231,0.011741,4.426
923182,520,414,934,253,10,43,25.29,0.9959,0.5681,0.212780,33,28,13,91.62,0.4214,0.1248,0.011829,4.250
923183,520,429,949,188,50,243,313.61,0.9421,0.5531,0.194448,0,20,50,255.88,0.9999,0.0953,0.007306,4.266
923187,520,417,937,211,3,249,319.42,0.9985,0.5745,0.207554,28,29,4,111.45,0.7680,0.1202,0.011344,4.199
923204,520,426,946,238,29,114,5.16,0.9558,0.5570,0.202739,42,16,7,39.98,0.6421,0.1091,0.008782,4.300
923215,520,238,758,238,138,218,334.79,0.8502,0.7268,0.414181,20,79,4,140.36,0.9928,0.2803,0.057492,4.318
923225,520,475,995,160,62,239,304.91,0.9108,0.5206,0.171514,9,0,9,328.36,1.0000,0.0287,0.000778,4.362
923237,520,367,887,249,15,198,340.75,0.9913,0.6101,0.245618,70,11,56,339.49,0.7694,0.1742,0.018272,4.330
923242,520,437,957,229,20,152,350.10,0.9643,0.5500,0.194281,25,17,21,347.14,0.1949,0.0901,0.006617,4.315
923248,520,471,991,230,7,45,23.87,0.9949,0.5183,0.171675,6,0,28,288.11,1.0000,0.0377,0.001226,4.327
923249,520,389,909,204,78,225,321.65,0.8622,0.5922,0.237239,64,13,13,24.87,0.8101,0.1475,0.014071,4.483
923260,520,363,883,239,62,179,345.09,0.8957,0.6073,0.250535,71,3,57,338.82,0.8725,0.1695,0.017003,4.485
923269,520,321,841,224,126,113,28.57,0.6629,0.6486,0.319634,14,59,9,141.69,0.9721,0.2092,0.032409,4.485
923284,520,352,872,254,39,190,344.34,0.9929,0.6240,0.262430,83,15,3,33.09,0.9573,0.1892,0.021875,4.347
923285,520,409,929,252,19,6,29.57,0.9963,0.5661,0.211781,2,33,54,242.64,0.8730,0.1346,0.013669,4.112
923305,520,472,992,172,76,190,321.05,0.7291,0.5183,0.176582,4,0,20,289.88,1.0000,0.0291,0.000763,4.464
923309,520,373,893,207,99,189,334.09,0.7007,0.6044,0.258649,8,45,6,142.20,0.9704,0.1582,0.019415,4.446
923333,520,466,986,198,0,206,326.24,1.0000,0.5186,0.164637,11,6,21,298.52,0.5089,0.0522,0.002555,4.084
923334,520,401,921,210,44,238,321.12,0.9556,0.5796,0.216778,1,20,88,263.78,0.9853,0.1357,0.012112,4.295
923349,520,320,840,240,114,105,26.04,0.8310,0.6505,0.315826,38,55,18,130.02,0.7230,0.2114,0.031881,4.468
923355,520,376,896,255,57,52,27.59,1.0000,0.5971,0.244379,43,37,17,93.18,0.4695,0.1624,0.018772,4.280
923387,520,400,920,244,49,102,11.82,0.9281,0.5778,0.223924,10,37,39,201.96,0.6126,0.1415,0.015341,4.192
923398,520,419,939,232,23,159,348.56,0.9623,0.5601,0.202747,1,33,9,148.96,0.9891,0.1146,0.011138,4.134
923412,520,390,910,233,33,206,335.09,0.9652,0.5915,0.228702,15,29,73,266.80,0.7623,0.1455,0.014613,4.313
923416,520,444,964,222,50,129,358.31,0.8577,0.5440,0.193984,17,16,24,290.36,0.2153,0.0805,0.005557,4.392
923422,520,372,892,219,78,217,328.39,0.8704,0.6104,0.255206,40,25,85,289.21,0.7298,0.1697,0.018022,4.487
923423,520,431,951,156,84,241,300.94,0.8839,0.5455,0.197598,26,11,48,298.30,0.7015,0.0960,0.006724,4.365
923425,520,455,975,185,55,216,318.99,0.8774,0.5318,0.180058,20,8,16,340.23,0.3859,0.0637,0.003598,4.292
923434,520,442,962,241,1,68,18.82,0.9993,0.5439,0.191432,34,8,3,36.42,0.7587,0.0806,0.005204,4.373
923444,520,460,980,233,1,87,12.33,0.9988,0.5308,0.180366,18,12,0,90.66,1.0000,0.0646,0.003916,4.273
923445,520,351,871,242,94,119,13.20,0.8501,0.6268,0.282175,44,46,7,112.34,0.8118,0.1880,0.025048,4.426
923450,520,401,921,177,99,213,314.01,0.7205,0.5756,0.230757,11,31,57,255.97,0.6519,0.1352,0.013465,4.424
923461,520,375,895,230,99,65,35.60,0.8370,0.6026,0.261310,18,45,11,139.67,0.9073,0.1634,0.020295,4.429
923468,520,403,923,250,55,22,31.84,0.9822,0.5831,0.231179,30,33,2,114.76,0.8990,0.1336,0.013681,4.415
923473,520,387,907,235,2,206,335.46,0.9985,0.5862,0.221646,17,37,47,231.70,0.4545,0.1492,0.016475,4.086
923479,520,439,959,231,51,61,23.93,0.9290,0.5451,0.196965,43,4,4,26.08,0.8889,0.0908,0.006093,4.403
923486,520,266,786,255,123,182,353.95,1.0000,0.7114,0.388062,62,64,23,111.65,0.6476,0.2631,0.047528,4.492
923497,520,354,874,246,63,167,350.71,0.9218,0.6154,0.259410,10,33,102,264.89,0.9144,0.1819,0.021114,4.351
923502,520,311,831,235,92,226,330.26,0.9040,0.6575,0.308098,25,57,53,184.87,0.5116,0.2186,0.033899,4.268
923504,520,446,966,177,57,243,309.93,0.9349,0.5429,0.187453,36,4,22,349.16,0.7347,0.0830,0.005199,4.302
923507,520,341,861,247,99,32,41.01,0.9596,0.6291,0.288053,49,32,97,290.45,0.7026,0.2041,0.025490,4.478
923510,520,412,932,249,18,94,12.71,0.9857,0.5700,0.213841,33,16,51,303.71,0.6280,0.1155,0.009329,4.447
923514,520,475,995,220,32,105,5.53,0.9208,0.5192,0.172712,2,1,15,281.08,0.8567,0.0264,0.000691,4.394
923521,520,441,961,218,69,60,27.63,0.8648,0.5380,0.194904,28,12,32,319.37,0.5141,0.0891,0.006141,4.362
923522,520,375,895,217,81,201,332.68,0.8218,0.6015,0.248556,16,38,67,256.13,0.6270,0.1644,0.019015,4.326
923528,520,425,945,235,56,86,17.21,0.9031,0.5620,0.211654,23,20,54,283.65,0.6042,0.1145,0.009488,4.398
923530,520,421,941,222,82,36,37.45,0.9145,0.5599,0.216941,3,32,4,143.69,0.9769,0.1114,0.010611,4.404
923540,520,446,966,227,24,125,359.06,0.9505,0.5363,0.184676,22,9,33,306.98,0.5939,0.0769,0.004758,4.286
923541,520,384,904,236,53,168,347.59,0.9007,0.5892,0.232091,26,25,76,278.36,0.7271,0.1472,0.014366,4.383
923552,520,466,986,178,89,145,343.47,0.5685,0.5229,0.186553,2,9,24,257.43,0.6982,0.0526,0.002742,4.485
923558,520,397,917,222,70,168,345.14,0.8129,0.5800,0.227394,54,20,1,48.65,0.9238,0.1368,0.012869,4.412
923563,520,397,917,218,35,228,325.74,0.9655,0.5805,0.217110,47,5,74,306.82,0.8945,0.1414,0.012073,4.303
923568,520,422,942,219,48,187,337.18,0.8948,0.5643,0.207641,43,14,9,31.60,0.6387,0.1076,0.008475,4.406
923574,520,467,987,211,0,175,338.34,1.0000,0.5221,0.169462,7,3,19,295.08,0.6586,0.0402,0.001573,4.255
923580,520,421,941,211,65,175,339.36,0.8084,0.5590,0.207267,52,1,27,355.13,0.9138,0.1117,0.008310,4.412
923590,520,359,879,219,60,255,319.26,1.0000,0.6183,0.255136,1,50,34,165.20,0.9869,0.1788,0.024030,4.122
923603,520,342,862,253,42,208,339.21,0.9884,0.6332,0.270959,55,43,6,90.13,0.8259,0.1929,0.025532,4.249
923604,520,458,978,229,35,81,15.64,0.9435,0.5331,0.184571,7,0,49,276.74,1.0000,0.0594,0.002669,4.454
923631,520,454,974,234,24,12,29.55,0.9895,0.5297,0.181754,6,11,43,270.29,0.8066,0.0737,0.004525,4.250
923637,520,468,988,215,48,114,2.62,0.8489,0.5235,0.177783,9,2,11,321.04,0.6042,0.0356,0.001257,4.444
923645,520,162,682,242,197,11,91.93,0.9890,0.8123,0.588356,11,101,10,142.58,0.9921,0.3542,0.094000,4.433
923648,520,403,923,196,64,243,315.37,0.9352,0.5777,0.218749,61,0,29,358.66,1.0000,0.1305,0.010810,4.420
923655,520,360,880,241,101,2,45.08,0.9974,0.6204,0.280155,26,48,2,132.13,0.9767,0.1773,0.023378,4.499
923658,520,455,975,221,33,120,0.17,0.9137,0.5268,0.178186,20,8,16,340.23,0.3859,0.0637,0.003598,4.257
923679,520,386,906,235,60,166,348.41,0.8786,0.5923,0.236499,8,32,77,261.44,0.8527,0.1533,0.016204,4.328
923684,520,391,911,157,112,232,298.67,0.7657,0.5867,0.245828,32,32,51,283.56,0.3207,0.1496,0.015791,4.496
923720,520,387,907,228,12,224,329.30,0.9925,0.5870,0.221412,56,22,40,349.12,0.5268,0.1548,0.015679,4.132
923738,520,464,984,129,92,228,291.64,0.8018,0.5167,0.179228,23,3,8,3.79,0.6675,0.0546,0.002648,4.354
923750,520,439,959,193,17,249,314.57,0.9889,0.5483,0.185792,30,12,29,329.14,0.4927,0.0902,0.006277,4.190
923770,520,447,967,227,47,100,10.00,0.8940,0.5420,0.192868,42,1,8,14.90,0.9390,0.0848,0.005316,4.391
923780,520,360,880,218,70,243,321.46,0.9442,0.6172,0.257587,39,33,76,286.74,0.5668,0.1769,0.020408,4.369
923789,520,412,932,225,83,54,33.37,0.8721,0.5686,0.224630,19,29,29,196.16,0.2112,0.1185,0.011059,4.498
923800,520,446,966,239,31,33,27.75,0.9788,0.5448,0.194438,37,3,5,21.34,0.8573,0.0777,0.004695,4.469
923805,520,467,987,221,37,80,15.28,0.9262,0.5176,0.172772,8,6,0,99.32,1.0000,0.0410,0.001819,4.299
923806,520,419,939,221,26,191,336.29,0.9583,0.5576,0.198749,44,15,15,21.95,0.5661,0.1124,0.009117,4.208
923822,520,453,973,239,2,7,28.86,0.9991,0.5341,0.184128,20,12,10,34.45,0.2315,0.0697,0.004336,4.309
923830,520,233,753,255,137,206,345.46,1.0000,0.7435,0.436102,19,74,99,232.73,0.7616,0.2929,0.059366,4.445
923832,520,435,955,186,65,222,317.32,0.8646,0.5479,0.194948,18,5,57,284.98,0.8986,0.0864,0.005325,4.427
923835,520,409,929,220,93,51,38.23,0.8491,0.5741,0.232858,22,32,39,239.18,0.2453,0.1339,0.013501,4.454
923836,520,402,922,203,75,211,325.36,0.8324,0.5780,0.224334,32,28,25,59.22,0.0984,0.1269,0.012078,4.419
923849,520,411,931,195,51,245,315.16,0.9512,0.5662,0.205637,34,19,52,302.62,0.5801,0.1231,0.010538,4.223
923857,520,453,973,212,72,65,26.77,0.8286,0.5312,0.190158,1,10,46,263.41,0.9523,0.0708,0.004208,4.430
923887,520,465,985,209,55,113,2.74,0.8079,0.5180,0.174822,26,1,7,5.42,0.8404,0.0547,0.002567,4.277
923892,520,437,957,204,24,228,322.20,0.9749,0.5518,0.190938,11,18,41,268.80,0.5695,0.0904,0.006638,4.254
923899,520,447,967,238,13,49,23.64,0.9918,0.5374,0.186900,9,14,45,271.76,0.7244,0.0834,0.005616,4.260
923905,520,322,842,233,118,125,17.65,0.7294,0.6509,0.317636,26,58,22,141.53,0.8487,0.2133,0.033036,4.427
923908,520,260,780,232,152,91,56.77,0.7265,0.7070,0.403697,12,72,70,191.51,0.8565,0.2693,0.051549,4.468
923916,520,369,889,228,91,142,359.96,0.7531,0.6058,0.259316,5,41,72,249.31,0.8307,0.1721,0.020859,4.365
923921,520,366,886,229,44,240,325.55,0.9690,0.6124,0.247530,68,21,29,13.00,0.6414,0.1709,0.018542,4.341
923927,520,468,988,211,46,124,357.54,0.8423,0.5176,0.172604,2,8,2,143.81,0.7779,0.0408,0.001909,4.288
923947,520,446,966,221,56,113,5.14,0.8397,0.5419,0.193953,12,0,63,277.47,1.0000,0.0799,0.004370,4.487
923960,520,46,566,247,236,236,17.37,0.3726,0.9438,0.858215,29,126,33,143.40,0.9771,0.4435,0.152921,4.476
923963,520,303,823,230,104,227,328.44,0.8763,0.6663,0.322717,77,42,22,49.18,0.5887,0.2261,0.032918,4.495
923966,520,353,873,242,3,235,329.95,0.9989,0.6175,0.249434,20,40,79,262.23,0.6618,0.1813,0.022307,4.141
923971,520,429,949,229,32,134,356.65,0.9312,0.5475,0.194151,19,19,43,281.30,0.4995,0.1003,0.007786,4.225
923992,520,444,964,234,46,21,31.00,0.9772,0.5432,0.195037,28,1,47,306.93,0.9423,0.0819,0.004738,4.477
924001,520,398,918,198,80,224,319.93,0.8456,0.5849,0.231263,60,14,7,31.67,0.8342,0.1396,0.012902,4.471
924028,520,350,870,243,47,232,330.81,0.9702,0.6326,0.269167,18,46,76,252.22,0.6424,0.1945,0.026043,4.197
924032,520,390,910,222,28,230,326.33,0.9779,0.5855,0.220755,49,28,24,31.35,0.3565,0.1496,0.015495,4.134
924036,520,449,969,231,12,133,356.69,0.9805,0.5436,0.189482,15,3,45,288.71,0.8917,0.0680,0.003561,4.471
924043,520,458,978,231,39,49,25.33,0.9582,0.5343,0.186647,3,2,53,269.00,0.9862,0.0646,0.003198,4.448
924052,520,478,998,116,87,250,284.81,0.9571,0.5142,0.174312,4,0,10,306.92,1.0000,0.0227,0.000477,4.444
924068,520,446,966,190,11,250,313.61,0.9932,0.5429,0.180899,32,0,38,321.35,1.0000,0.0788,0.004471,4.239
924072,520,373,893,236,13,218,332.65,0.9924,0.5975,0.231854,57,21,56,328.55,0.6127,0.1634,0.016918,4.212
924077,520,457,977,196,66,163,339.39,0.7565,0.5280,0.182782,16,7,21,312.95,0.4712,0.0593,0.003163,4.379
924084,520,26,546,247,247,237,106.64,0.4192,0.9690,0.924102,0,129,102,171.35,1.0000,0.4636,0.166590,4.497
924095,520,447,967,195,5,239,317.42,0.9961,0.5403,0.179441,9,11,53,273.17,0.8605,0.0850,0.005544,4.131
924098,520,459,979,163,73,225,308.12,0.8369,0.5265,0.179885,12,10,5,91.90,0.2771,0.0556,0.003062,4.332
924100,520,442,962,186,95,121,3.19,0.5388,0.5362,0.200054,12,18,26,255.77,0.2772,0.0820,0.005853,4.477
924119,520,435,955,187,56,232,315.58,0.9089,0.5480,0.192205,21,20,22,308.22,0.0546,0.0932,0.007177,4.236
924141,520,359,879,238,5,245,326.78,0.9984,0.6177,0.248809,13,49,39,171.51,0.7331,0.1814,0.024286,4.022
924158,520,476,996,180,78,142,344.37,0.6337,0.5070,0.171064,0,2,6,247.65,1.0000,0.0221,0.000566,4.372
924160,520,416,936,244,9,135,358.49,0.9905,0.5700,0.211811,58,4,9,21.75,0.9159,0.1232,0.010063,4.359
924170,520,461,981,222,16,152,348.43,0.9666,0.5349,0.181698,17,3,18,325.34,0.6522,0.0503,0.002280,4.432
924174,520,401,921,210,80,184,336.37,0.7704,0.5796,0.229015,27,24,64,282.66,0.6264,0.1351,0.012564,4.460
924176,520,422,942,167,75,255,302.96,1.0000,0.5589,0.204682,28,18,41,302.66,0.4749,0.1061,0.008396,4.361
924184,520,452,972,202,26,206,327.19,0.9543,0.5331,0.177534,11,8,44,279.72,0.7941,0.0728,0.004266,4.193
924197,520,428,948,209,48,201,330.35,0.8975,0.5552,0.198882,22,3,66,286.09,0.9499,0.0973,0.006290,4.421
924208,520,455,975,100,100,253,277.22,0.9827,0.5265,0.189149,27,4,7,13.36,0.6762,0.0626,0.003352,4.482
924209,520,432,952,244,2,80,15.79,0.9984,0.5528,0.198592,21,24,20,137.84,0.1193,0.1029,0.008632,4.240
924212,520,426,946,209,14,234,322.19,0.9898,0.5617,0.198117,4,0,90,266.56,1.0000,0.1117,0.007639,4.305
924216,520,472,992,222,18,126,357.46,0.9600,0.5244,0.174712,10,2,3,9.74,0.5207,0.0333,0.001145,4.394
924224,520,442,962,210,70,128,358.62,0.7526,0.5418,0.196426,14,3,61,279.44,0.9598,0.0841,0.004954,4.484
924228,520,330,850,242,43,254,325.50,0.9967,0.6432,0.277634,72,18,94,313.85,0.7992,0.2131,0.026186,4.300
924243,520,438,958,234,14,142,354.33,0.9792,0.5538,0.197625,18,15,46,283.63,0.6271,0.0931,0.006675,4.369
924247,520,392,912,212,53,245,319.83,0.9561,0.5944,0.231376,59,9,57,329.77,0.7758,0.1519,0.014207,4.382
924264,520,376,896,161,113,238,299.01,0.8010,0.5972,0.255606,21,40,49,229.81,0.3955,0.1617,0.018987,4.430
924267,520,364,884,255,53,116,8.96,1.0000,0.6061,0.250708,27,33,77,273.87,0.6358,0.1667,0.018565,4.386
924279,520,416,936,183,84,221,315.40,0.8063,0.5663,0.216294,11,22,65,267.97,0.8150,0.1196,0.010266,4.419
924282,520,400,920,178,94,226,311.36,0.7953,0.5776,0.229622,45,29,11,67.54,0.5635,0.1431,0.014608,4.328
924283,520,279,799,245,108,223,334.14,0.9373,0.6922,0.354678,16,64,84,230.24,0.7485,0.2525,0.044168,4.297
924284,520,243,763,247,132,215,338.68,0.9212,0.7277,0.411854,20,72,84,216.36,0.7269,0.2785,0.054233,4.431
924286,520,51,571,245,234,244,328.50,0.4852,0.9401,0.847901,17,122,102,175.34,0.9417,0.4434,0.149969,4.490
924287,520,361,881,231,100,144,1.58,0.7482,0.6246,0.281194,15,50,28,153.10,0.8186,0.1821,0.024665,4.436
924294,520,421,941,178,85,215,315.13,0.7760,0.5566,0.208692,37,11,46,316.38,0.6821,0.1093,0.008300,4.437
924315,520,325,845,225,98,230,326.11,0.8805,0.6524,0.304580,33,55,18,134.44,0.7763,0.2074,0.030993,4.378
924316,520,442,962,232,35,80,16.28,0.9484,0.5390,0.189401,24,17,4,83.73,0.5945,0.0841,0.006039,4.272
924322,520,473,993,195,13,214,323.30,0.9819,0.5222,0.167466,4,4,2,107.87,0.2672,0.0320,0.001170,4.250
924347,520,445,965,215,5,198,332.79,0.9929,0.5449,0.186350,16,12,44,284.07,0.6738,0.0840,0.005549,4.255
924349,520,322,842,255,12,240,331.65,1.0000,0.6453,0.278174,31,7,142,273.51,0.9903,0.2102,0.023961,4.437
924355,520,409,929,198,46,246,315.96,0.9581,0.5680,0.206150,11,11,89,269.90,0.9688,0.1279,0.010317,4.247
924361,520,407,927,238,20,161,349.17,0.9742,0.5717,0.212537,1,18,85,263.98,0.9843,0.1285,0.010949,4.308
924373,520,455,975,232,4,67,18.40,0.9962,0.5252,0.176510,3,15,12,177.80,0.5968,0.0621,0.003875,4.204
924374,520,376,896,215,67,236,322.41,0.9211,0.6048,0.245193,19,29,88,270.01,0.8376,0.1625,0.017217,4.392
924397,520,474,994,208,25,174,338.03,0.9346,0.5230,0.171633,0,4,4,194.77,1.0000,0.0280,0.000956,4.349
924398,520,395,915,249,53,91,16.46,0.9580,0.5882,0.234448,6,39,20,154.27,0.9074,0.1394,0.015402,4.349
924403,520,477,997,212,55,15,33.96,0.9735,0.5061,0.167664,7,0,1,9.43,1.0000,0.0219,0.000474,4.312
924408,520,478,998,226,10,29,26.79,0.9935,0.5088,0.164775,0,1,3,247.65,1.0000,0.0159,0.000283,4.271
924410,520,323,843,253,107,30,43.19,0.9848,0.6515,0.314951,10,58,38,160.89,0.9019,0.2101,0.032304,4.434
924430,520,424,944,199,44,233,319.28,0.9431,0.5580,0.198282,8,29,15,152.58,0.7255,0.1067,0.009648,4.162
924435,520,430,950,193,83,166,338.05,0.6810,0.5470,0.202787,30,6,56,300.25,0.8342,0.1007,0.006918,4.441
924444,520,470,990,209,61,104,7.65,0.7915,0.5214,0.178945,0,5,25,259.63,1.0000,0.0420,0.001787,4.421
924446,520,393,913,239,6,199,338.23,0.9955,0.5902,0.226074,12,36,46,228.06,0.5673,0.1430,0.015371,4.223
924448,520,62,582,245,231,242,332.87,0.5167,0.9327,0.829755,6,125,2,142.34,0.9989,0.4344,0.147097,4.464
924454,520,469,989,185,54,204,322.28,0.8544,0.5221,0.173136,16,3,2,30.29,0.6386,0.0428,0.001797,4.308
924487,520,479,999,209,62,19,35.34,0.9592,0.5081,0.170499,0,0,1,264.05,1.0000,0.0060,0.000022,4.408
924501,520,464,984,187,87,102,12.63,0.5935,0.5179,0.183420,12,4,22,303.87,0.6349,0.0492,0.002229,4.469
924506,520,390,910,245,47,140,358.62,0.9265,0.5901,0.233422,63,16,26,11.22,0.6846,0.1527,0.015021,4.359
924530,520,397,917,200,97,156,346.67,0.6173,0.5750,0.232307,16,24,82,270.38,0.8654,0.1439,0.013725,4.430
924539,520,474,994,205,2,191,332.15,0.9960,0.5213,0.167861,0,4,2,165.38,1.0000,0.0271,0.000912,4.279
924545,520,425,945,207,74,176,338.17,0.7701,0.5630,0.212994,3,31,8,147.33,0.9639,0.1089,0.010168,4.371
924549,520,237,757,245,131,225,334.09,0.9273,0.7279,0.410836,80,58,93,312.35,0.3781,0.2941,0.055220,4.380
924555,520,436,956,238,43,47,26.45,0.9597,0.5513,0.201134,3,11,65,266.30,0.9553,0.0939,0.006403,4.452
924556,520,327,847,250,58,233,332.20,0.9790,0.6526,0.292363,59,46,45,23.36,0.1563,0.2149,0.030733,4.241
924561,520,444,964,201,64,167,339.31,0.7795,0.5364,0.188761,0,23,15,168.61,1.0000,0.0834,0.006473,4.228
924574,520,405,925,216,57,217,327.78,0.9108,0.5846,0.225370,10,23,77,267.28,0.8890,0.1334,0.012131,4.432
924576,520,458,978,220,4,162,344.58,0.9916,0.5332,0.179136,20,4,19,329.73,0.6179,0.0568,0.002826,4.338
924578,520,467,987,180,68,194,323.09,0.7798,0.5226,0.177338,0,3,26,262.73,1.0002,0.0376,0.001397,4.423
924583,520,367,887,241,17,227,331.60,0.9922,0.6132,0.246505,76,6,37,0.73,0.8428,0.1727,0.018006,4.360
924586,520,407,927,238,65,9,35.08,0.9904,0.5681,0.219806,13,28,59,262.99,0.6590,0.1299,0.012318,4.330
924604,520,379,899,217,72,222,326.50,0.8897,0.6038,0.246623,54,27,37,357.00,0.4066,0.1598,0.017018,4.426
924613,520,321,841,189,119,249,306.97,0.9068,0.6479,0.308527,37,49,69,260.40,0.3259,0.2109,0.030195,4.471
924621,520,479,999,192,79,78,23.32,0.6932,0.5073,0.173502,0,0,3,264.05,1.0000,0.0094,0.000066,4.464
924629,520,468,988,217,58,24,33.25,0.9571,0.5197,0.178463,9,1,16,311.30,0.7917,0.0352,0.001172,4.465
924659,520,474,994,227,10,90,10.81,0.9857,0.5209,0.172891,3,2,12,286.78,0.6321,0.0292,0.000893,4.380
924670,520,353,873,239,2,244,327.24,0.9993,0.6182,0.249285,0,17,122,264.16,0.9855,0.1759,0.018059,4.397
924682,520,388,908,254,10,143,357.79,0.9927,0.5933,0.232747,14,37,49,233.59,0.5397,0.1487,0.016382,4.259
924698,520,474,994,216,44,93,10.67,0.8813,0.5158,0.171931,11,1,9,333.46,0.7208,0.0341,0.001126,4.341
924703,520,401,921,235,77,30,35.93,0.9539,0.5770,0.230667,8,30,71,261.37,0.8277,0.1428,0.014350,4.362
924705,520,418,938,186,67,232,314.72,0.8837,0.5575,0.202807,29,24,42,296.23,0.3502,0.1213,0.010816,4.157
924707,520,413,933,222,61,165,345.68,0.8377,0.5693,0.215861,49,15,0,46.06,1.0000,0.1185,0.009947,4.435
924713,520,321,841,201,110,247,312.92,0.9155,0.6469,0.302858,29,43,100,269.31,0.7148,0.2125,0.029089,4.462
924726,520,13,533,248,250,245,124.45,0.3638,0.9793,0.949202,25,134,19,142.27,0.9886,0.4679,0.173032,4.480
924743,520,462,982,128,86,253,288.70,0.9797,0.5271,0.183364,19,1,15,336.07,0.7878,0.0469,0.001947,4.492
924747,520,364,884,249,18,189,343.23,0.9878,0.6060,0.242498,2,11,123,264.81,0.9912,0.1714,0.016822,4.377
924765,520,355,875,243,55,196,340.54,0.9337,0.6173,0.257755,69,17,51,344.37,0.6949,0.1762,0.019053,4.457
924779,520,415,935,188,79,226,316.16,0.8421,0.5703,0.217754,13,17,74,271.49,0.8977,0.1200,0.009808,4.477
924786,520,454,974,187,56,210,321.18,0.8632,0.5315,0.180476,6,3,56,272.27,0.9738,0.0723,0.003893,4.277
924793,520,339,859,232,71,243,325.20,0.9533,0.6402,0.281356,24,51,49,189.33,0.4528,0.1973,0.027835,4.257
924794,520,336,856,242,68,214,335.37,0.9315,0.6362,0.278693,8,32,121,265.15,0.9504,0.2013,0.024649,4.403
924807,520,455,975,219,11,154,347.00,0.9759,0.5287,0.176350,7,1,46,277.57,0.9803,0.0581,0.002641,4.300
924809,520,409,929,230,17,193,337.84,0.9813,0.5723,0.210768,53,15,11,28.77,0.7130,0.1280,0.011228,4.259
924813,520,159,679,254,183,171,29.71,0.9632,0.8168,0.578801,11,95,91,189.67,0.9258,0.3524,0.090105,4.488
924827,520,468,988,227,36,10,30.85,0.9893,0.5211,0.176175,4,6,4,145.00,0.2072,0.0384,0.001648,4.379
924843,520,285,805,255,120,125,19.76,1.0000,0.6890,0.361768,16,67,61,183.85,0.7848,0.2503,0.044612,4.352
924854,520,431,951,175,70,244,308.23,0.9265,0.5545,0.200267,16,27,1,128.11,0.9557,0.1027,0.008962,4.245
924890,520,454,974,192,85,110,7.75,0.6205,0.5254,0.188309,8,11,38,273.78,0.6920,0.0711,0.004309,4.388
924891,520,449,969,219,9,182,338.30,0.9852,0.5433,0.186352,12,15,1,117.97,0.8496,0.0661,0.004220,4.359
924910,520,417,937,246,2,118,4.21,0.9980,0.5669,0.209477,11,23,67,267.46,0.8217,0.1238,0.010891,4.261
924929,520,362,882,235,46,215,333.23,0.9532,0.6076,0.245251,3,41,79,252.71,0.9032,0.1770,0.021696,4.118
924940,520,372,892,233,10,247,325.17,0.9965,0.6114,0.242586,79,4,15,20.94,0.9507,0.1714,0.017839,4.313
924957,520,428,948,237,4,137,356.40,0.9945,0.5556,0.199006,18,19,43,279.41,0.5060,0.0994,0.007687,4.316
924973,520,440,960,196,82,158,342.54,0.6806,0.5465,0.202406,26,15,27,323.79,0.3496,0.0896,0.006404,4.475
924974,520,310,830,210,118,223,322.50,0.7696,0.6574,0.319876,66,43,63,331.23,0.3359,0.2249,0.032450,4.486
924989,520,373,893,236,55,196,338.87,0.9211,0.6048,0.245535,0,47,1,142.89,1.0000,0.1614,0.020351,4.201
925033,520,397,917,215,73,176,340.47,0.7939,0.5753,0.223489,32,33,4,111.29,0.8072,0.1360,0.014036,4.271
925035,520,429,949,163,89,220,307.60,0.7728,0.5458,0.200992,39,10,30,341.41,0.6132,0.1013,0.007422,4.371
925048,520,437,957,246,4,29,27.00,0.9983,0.5507,0.197720,40,6,17,4.09,0.7074,0.0916,0.006219,4.406
925049,520,426,946,217,75,115,6.89,0.7599,0.5562,0.210240,25,21,34,298.22,0.2878,0.1053,0.008585,4.442
925050,520,348,868,254,9,224,335.18,0.9971,0.6331,0.266513,66,4,93,311.50,0.9345,0.1900,0.020355,4.499
925055,520,285,805,245,129,113,29.21,0.8606,0.6857,0.363080,28,68,23,141.50,0.9044,0.2480,0.044428,4.375
925057,520,466,986,163,86,194,315.27,0.6867,0.5231,0.183379,5,3,34,277.56,0.8939,0.0491,0.002129,4.477
925071,520,398,918,225,79,119,7.29,0.7749,0.5769,0.229340,33,31,30,48.57,0.0384,0.1378,0.013970,4.367
925073,520,425,945,213,73,154,348.46,0.7627,0.5614,0.212465,34,19,26,350.21,0.3117,0.1082,0.008804,4.463
925077,520,349,869,246,8,236,330.61,0.9974,0.6261,0.258256,79,13,38,3.14,0.7789,0.1860,0.020903,4.348
925079,520,259,779,192,156,219,310.16,0.5443,0.7061,0.400983,26,75,22,142.08,0.9408,0.2706,0.053095,4.374
925082,520,307,827,237,105,210,336.09,0.8712,0.6693,0.327632,20,50,104,261.04,0.7775,0.2288,0.034292,4.480
925126,520,446,966,207,27,204,329.07,0.9538,0.5410,0.184108,26,3,46,304.14,0.8622,0.0816,0.004820,4.270
925134,520,329,849,234,87,234,327.78,0.9185,0.6546,0.302516,58,45,43,28.39,0.1625,0.2103,0.029508,4.434
925153,520,461,981,233,17,32,26.82,0.9896,0.5261,0.178320,7,4,28,284.53,0.7490,0.0485,0.002158,4.377
925164,520,392,912,245,64,92,17.37,0.9278,0.5903,0.238553,30,31,59,280.43,0.4503,0.1503,0.015717,4.391
925166,520,477,997,198,20,187,331.41,0.9510,0.5106,0.160957,1,1,6,278.68,0.6638,0.0197,0.000413,4.185
925182,520,472,992,162,73,221,308.71,0.8226,0.5220,0.176676,1,1,22,270.44,0.9625,0.0300,0.000861,4.457
925219,520,325,845,242,85,200,340.02,0.9049,0.6464,0.295471,73,30,68,332.00,0.5853,0.2125,0.027625,4.450
925227,520,363,883,142,126,246,286.80,0.8487,0.6084,0.273260,27,47,2,130.94,0.9729,0.1748,0.022704,4.446
925235,520,474,994,198,34,191,330.21,0.9110,0.5200,0.169132,6,3,0,82.32,1.0000,0.0305,0.001038,4.293
925257,520,429,949,248,2,4,29.06,0.9993,0.5535,0.200123,22,18,34,294.75,0.3646,0.0952,0.007187,4.374
925263,520,290,810,230,116,217,331.74,0.8341,0.6788,0.343255,25,57,93,253.13,0.6328,0.2414,0.039231,4.407
925273,520,380,900,224,28,242,324.02,0.9835,0.5975,0.230908,52,28,31,11.97,0.3613,0.1565,0.016596,4.218
925276,520,443,963,220,64,75,21.38,0.8557,0.5386,0.193930,15,19,21,229.36,0.1145,0.0847,0.006214,4.339
925299,520,400,920,206,49,240,319.46,0.9474,0.5781,0.216113,42,28,21,47.63,0.2998,0.1385,0.013769,4.173
925313,520,480,1000,223,2,77,14.32,0.9972,0.5074,0.162700,0,0,0,0.00,0.0000,0.0000,0.000000,4.254
925322,520,391,911,242,45,156,352.48,0.9277,0.5893,0.231574,20,26,80,272.35,0.7995,0.1486,0.014666,4.354
925337,520,441,961,214,45,153,347.12,0.8602,0.5351,0.184751,21,12,45,291.75,0.6634,0.0896,0.006118,4.183
925339,520,350,870,254,71,140,2.49,0.9867,0.6273,0.274742,30,39,89,272.08,0.6564,0.1938,0.024482,4.360
925362,520,470,990,189,34,217,320.55,0.9387,0.5231,0.169740,7,6,12,293.14,0.2655,0.0443,0.002020,4.224
925372,520,427,947,242,31,69,20.09,0.9709,0.5555,0.202903,8,10,69,270.39,0.9476,0.1001,0.006983,4.438
925376,520,398,918,212,100,88,28.02,0.6886,0.5777,0.238181,42,27,42,326.58,0.3278,0.1443,0.014433,4.473
925377,520,414,934,214,27,232,323.84,0.9768,0.5729,0.209082,35,6,70,297.14,0.8859,0.1212,0.009298,4.369
925402,520,380,900,250,20,162,351.35,0.9827,0.5956,0.234364,63,10,49,340.76,0.7562,0.1555,0.014958,4.378
925410,520,474,994,228,37,22,29.82,0.9746,0.5244,0.178780,3,3,8,282.90,0.3759,0.0305,0.001020,4.484
925411,520,422,942,200,73,197,328.73,0.7991,0.5622,0.210773,35,10,51,309.16,0.7325,0.1088,0.008135,4.486
925418,520,445,965,234,43,60,23.22,0.9485,0.5448,0.195495,4,9,52,268.34,0.9265,0.0772,0.004691,4.489
925420,520,476,996,220,19,105,4.73,0.9590,0.5132,0.167040,1,0,16,275.06,1.0000,0.0220,0.000439,4.303
925429,520,447,967,222,52,115,4.01,0.8549,0.5408,0.192260,11,1,61,276.87,0.9891,0.0784,0.004298,4.462
925441,520,448,968,216,34,178,338.97,0.9211,0.5446,0.189596,30,2,35,321.63,0.8285,0.0769,0.004408,4.404
925454,520,452,972,188,53,210,321.59,0.8732,0.5304,0.178921,9,15,8,140.71,0.3302,0.0656,0.004173,4.226
925458,520,352,872,245,80,134,4.52,0.8878,0.6187,0.268742,1,34,113,262.68,0.9910,0.1934,0.023426,4.341
925459,520,454,974,198,89,67,33.01,0.7164,0.5317,0.195576,13,18,1,121.66,0.8889,0.0747,0.005204,4.449
925468,520,330,850,255,47,204,340.81,1.0000,0.6376,0.276560,55,48,37,79.00,0.2047,0.2125,0.030597,4.052
925469,520,437,957,227,35,137,355.33,0.9185,0.5464,0.193419,1,10,62,264.57,0.9630,0.0876,0.005713,4.369
925486,520,399,919,160,99,243,300.02,0.8668,0.5753,0.228686,15,27,74,268.22,0.7922,0.1417,0.013798,4.368
925487,520,398,918,209,77,194,332.53,0.7984,0.5798,0.227599,30,34,11,117.61,0.5837,0.1380,0.014442,4.308
925488,520,446,966,233,28,72,18.26,0.9667,0.5358,0.186251,22,10,42,297.12,0.6716,0.0850,0.005548,4.253
925489,520,6,526,242,254,252,185.11,0.8086,0.9855,0.967888,3,137,1,142.43,0.9995,0.4740,0.179121,4.443
925531,520,471,991,227,5,74,15.85,0.9940,0.5160,0.169368,12,4,8,345.32,0.3889,0.0428,0.001825,4.233
925546,520,387,907,241,76,76,24.74,0.9122,0.5925,0.243946,25,32,67,272.46,0.5630,0.1544,0.016449,4.424
925547,520,426,946,239,31,107,7.84,0.9547,0.5579,0.203954,14,24,48,265.39,0.5487,0.1119,0.009600,4.261
925560,520,448,968,231,50,10,32.65,0.9890,0.5398,0.192951,3,9,56,266.97,0.9465,0.0806,0.005002,4.417
925575,520,369,889,231,55,225,329.63,0.9442,0.6133,0.251600,50,32,54,320.16,0.3813,0.1729,0.019775,4.322
925593,520,386,906,217,95,119,10.30,0.6830,0.5858,0.242702,37,35,10,104.70,0.6246,0.1484,0.016173,4.423
925612,520,260,780,142,176,224,257.03,0.5320,0.7089,0.421824,21,77,18,142.38,0.9638,0.2749,0.055106,4.489
925615,520,435,955,230,29,148,351.91,0.9427,0.5538,0.198427,47,0,4,22.13,1.0000,0.0927,0.006132,4.426
925623,520,437,957,190,53,233,316.38,0.9192,0.5507,0.193778,0,20,47,254.10,0.9999,0.0928,0.007055,4.273
925625,520,426,946,219,50,178,340.05,0.8780,0.5608,0.205579,21,23,33,275.72,0.2295,0.1057,0.008820,4.345
925630,520,378,898,233,94,29,41.46,0.9457,0.5967,0.254206,1,45,14,148.71,0.9939,0.1566,0.019148,4.399
925634,520,445,965,236,40,8,31.28,0.9926,0.5425,0.193712,6,20,25,222.63,0.4851,0.0827,0.006092,4.345
925645,520,399,919,239,36,152,352.76,0.9413,0.5765,0.218825,27,35,7,123.37,0.7375,0.1374,0.014504,4.168
925652,520,455,975,207,12,198,330.74,0.9806,0.5318,0.176075,18,7,12,350.57,0.3591,0.0578,0.003071,4.260
925655,520,395,915,249,17,153,353.87,0.9847,0.5889,0.228440,34,6,91,286.68,0.9466,0.1438,0.012256,4.472
925663,520,455,975,232,27,29,27.92,0.9807,0.5277,0.180315,0,2,50,264.21,0.9907,0.0586,0.002737,4.367
925682,520,446,966,188,64,215,319.85,0.8523,0.5448,0.192657,9,15,34,268.69,0.5308,0.0773,0.005152,4.400
925686,520,468,988,202,67,117,1.43,0.7405,0.5197,0.178572,3,6,0,126.59,1.0000,0.0358,0.001496,4.439
925701,520,437,957,162,70,255,301.75,1.0000,0.5464,0.192821,17,0,71,279.67,1.0000,0.0941,0.005741,4.356
925702,520,442,962,220,35,155,347.47,0.9089,0.5407,0.187868,8,12,44,272.32,0.7615,0.0779,0.004964,4.328
925710,520,407,927,147,99,249,294.09,0.9208,0.5652,0.219663,13,33,40,223.10,0.4815,0.1313,0.013264,4.262
925718,520,457,977,219,5,165,343.41,0.9896,0.5330,0.178877,2,0,50,268.00,1.0000,0.0562,0.002432,4.365
925719,520,184,704,234,169,241,323.27,0.8510,0.7898,0.522205,13,94,13,142.73,0.9885,0.3307,0.081197,4.361
925720,520,420,940,216,87,71,29.63,0.7857,0.5606,0.218726,12,26,46,257.41,0.5405,0.1145,0.010142,4.468
925738,520,339,859,254,3,232,333.28,0.9991,0.6370,0.269654,16,51,55,205.60,0.6275,0.1960,0.027535,4.123
925750,520,345,865,245,66,195,341.62,0.9312,0.6294,0.272520,6,40,93,259.53,0.9088,0.1879,0.023465,4.390
925763,520,457,977,225,43,58,23.31,0.9384,0.5260,0.180436,20,3,25,318.74,0.7275,0.0580,0.002841,4.361
925774,520,406,926,221,59,188,337.60,0.8694,0.5775,0.221332,21,12,86,276.61,0.9325,0.1320,0.010942,4.452
925778,520,405,925,190,63,254,311.21,0.9931,0.5765,0.216590,40,16,51,313.87,0.6309,0.1252,0.010608,4.399
925792,520,471,991,142,79,241,296.47,0.8947,0.5213,0.176938,17,2,6,0.27,0.6614,0.0431,0.001758,4.385
925803,520,279,799,242,122,170,356.38,0.7941,0.6857,0.357011,15,59,102,251.68,0.7847,0.2498,0.041886,4.430
925812,520,456,976,235,10,6,29.20,0.9953,0.5272,0.178956,9,3,37,284.24,0.8720,0.0553,0.002568,4.355
925820,520,437,957,197,38,228,320.05,0.9475,0.5471,0.188595,20,22,0,114.02,1.0000,0.0916,0.007225,4.169
925827,520,328,848,242,51,251,326.09,0.9867,0.6458,0.282126,62,24,95,304.69,0.7589,0.2060,0.025037,4.426
925830,520,465,985,213,66,34,33.69,0.9210,0.5217,0.181605,14,5,20,311.42,0.5468,0.0524,0.002524,4.409
925833,520,438,958,231,36,117,3.36,0.9262,0.5476,0.195380,27,6,53,298.52,0.8247,0.0940,0.006203,4.366
925834,520,461,981,197,16,212,324.33,0.9767,0.5250,0.169960,16,5,16,327.10,0.4918,0.0527,0.002561,4.185
925835,520,474,994,177,4,246,310.87,0.9969,0.5174,0.160888,1,0,24,270.69,1.0000,0.0285,0.000724,4.158
925846,520,422,942,216,43,198,333.10,0.9173,0.5619,0.204061,1,30,19,164.80,0.9677,0.1071,0.009820,4.247
925855,520,244,764,248,122,243,328.89,0.9688,0.7272,0.403490,15,69,107,244.78,0.7980,0.2822,0.054191,4.353
925873,520,316,836,254,100,117,16.77,0.9831,0.6553,0.314729,31,60,10,135.07,0.9349,0.2214,0.035448,4.268
925876,520,442,962,238,34,19,29.77,0.9828,0.5434,0.193715,5,23,3,140.76,0.9385,0.0838,0.006516,4.312
925879,520,470,990,203,33,183,333.98,0.9103,0.5232,0.172050,2,8,2,143.81,0.7779,0.0408,0.001909,4.278
925898,520,390,910,234,77,105,14.01,0.8364,0.5868,0.238230,56,21,35,356.93,0.5358,0.1508,0.014986,4.435
925902,520,425,945,236,15,144,354.10,0.9790,0.5588,0.201912,28,19,38,305.08,0.4091,0.1064,0.008526,4.304
925905,520,404,924,239,47,155,352.29,0.9160,0.5846,0.227533,35,30,17,89.34,0.3404,0.1335,0.013264,4.387
925906,520,420,940,196,55,236,317.37,0.9243,0.5641,0.205257,21,26,16,129.62,0.2886,0.1072,0.009356,4.300
925913,520,341,861,204,111,218,322.23,0.7499,0.6349,0.292695,38,44,71,273.52,0.3809,0.1993,0.026683,4.469
925918,520,415,935,244,24,137,358.23,0.9705,0.5749,0.216958,42,8,57,313.11,0.7889,0.1216,0.009614,4.478
925925,520,475,995,220,0,129,355.54,1.0000,0.5170,0.168032,5,0,15,301.85,1.0000,0.0270,0.000668,4.303
925936,520,389,909,251,32,139,359.19,0.9679,0.5929,0.234099,49,22,55,320.10,0.5690,0.1518,0.015027,4.369
925943,520,438,958,171,69,251,305.54,0.9691,0.5537,0.198799,6,2,74,269.33,0.9927,0.0932,0.005765,4.462
925976,520,444,964,227,28,125,359.25,0.9395,0.5381,0.186449,11,2,57,277.97,0.9727,0.0754,0.004100,4.371
925977,520,360,880,254,70,128,6.69,0.9873,0.6225,0.270132,31,40,74,270.79,0.5015,0.1849,0.023032,4.383
925990,520,357,877,242,20,226,332.06,0.9904,0.6151,0.248714,37,16,113,281.12,0.9286,0.1844,0.019561,4.294
925994,520,471,991,125,99,215,290.41,0.7189,0.5154,0.181898,1,9,6,172.44,0.7735,0.0437,0.002150,4.447
925995,520,413,933,237,52,107,9.47,0.9021,0.5676,0.215251,5,34,25,169.07,0.8249,0.1240,0.012465,4.246
926003,520,340,860,252,3,236,331.92,0.9992,0.6360,0.268199,25,11,135,271.59,0.9856,0.1992,0.021951,4.422
926007,520,460,980,232,6,91,11.05,0.9924,0.5308,0.180444,17,6,23,312.98,0.5539,0.0594,0.003113,4.339
926011,520,317,837,234,84,250,323.74,0.9772,0.6611,0.307374,8,56,82,238.61,0.8246,0.2246,0.034890,4.210
926012,520,460,980,223,40,101,8.24,0.9045,0.5291,0.181479,10,12,9,134.82,0.1280,0.0595,0.003472,4.329
926040,520,477,997,135,95,206,297.62,0.6849,0.5118,0.177917,3,2,2,18.05,0.1289,0.0243,0.000672,4.498
926049,520,288,808,224,146,30,69.74,0.9193,0.6774,0.365008,25,68,10,139.14,0.9690,0.2450,0.043627,4.433
926069,520,437,957,243,14,16,28.68,0.9940,0.5458,0.194097,18,3,60,284.37,0.9446,0.0865,0.005200,4.422
926076,520,365,885,250,61,133,3.18,0.9493,0.6082,0.253583,7,38,73,254.35,0.8057,0.1652,0.019123,4.392
926080,520,394,914,226,66,185,340.07,0.8581,0.5912,0.235704,5,33,53,243.67,0.7634,0.1353,0.013770,4.480
926081,520,387,907,255,34,111,9.02,1.0000,0.5929,0.235555,6,40,42,200.71,0.7739,0.1507,0.017234,4.247
926088,520,448,968,228,34,125,359.78,0.9241,0.5432,0.191215,17,7,48,287.23,0.8063,0.0799,0.004845,4.398
926093,520,408,928,233,52,128,1.06,0.8833,0.5665,0.213410,61,6,11,21.76,0.8874,0.1326,0.011467,4.285
926097,520,417,937,220,60,184,338.64,0.8584,0.5745,0.219103,52,8,31,352.70,0.7307,0.1226,0.010028,4.483
926099,520,480,1000,173,58,207,317.32,0.8385,0.5094,0.164164,0,0,0,0.00,0.0000,0.0000,0.000000,4.283
926100,520,450,970,242,12,23,27.93,0.9946,0.5434,0.192055,0,18,22,211.60,1.0000,0.0717,0.004905,4.409
926119,520,465,985,215,50,107,5.71,0.8459,0.5229,0.177923,20,0,14,339.45,1.0000,0.0454,0.001805,4.400
926131,520,458,978,215,68,12,37.22,0.9764,0.5267,0.186103,12,12,9,107.12,0.1129,0.0612,0.003608,4.404
926134,520,479,999,221,11,78,14.08,0.9840,0.5055,0.161643,0,0,4,264.05,1.0000,0.0106,0.000088,4.225
926137,520,448,968,177,32,255,308.47,1.0000,0.5351,0.176010,15,15,23,284.53,0.2239,0.0758,0.005051,4.105
926144,520,353,873,210,86,236,320.28,0.8951,0.6182,0.264149,1,50,27,156.88,0.9909,0.1768,0.023667,4.264
926161,520,363,883,249,49,167,350.56,0.9511,0.6099,0.251297,17,22,109,269.70,0.9493,0.1725,0.017970,4.433
926167,520,427,947,189,78,204,322.75,0.7813,0.5557,0.206285,21,22,21,145.48,0.0325,0.0979,0.007874,4.428
926171,520,457,977,197,60,167,337.96,0.7859,0.5251,0.178938,7,3,45,276.91,0.9398,0.0612,0.002997,4.320
926176,520,341,861,229,84,211,333.02,0.8676,0.6299,0.277041,15,44,86,258.07,0.7520,0.1954,0.025747,4.318
926179,520,342,862,246,84,137,4.17,0.8902,0.6262,0.277427,41,42,55,281.36,0.1958,0.1875,0.024032,4.423
926182,520,313,833,242,75,237,329.21,0.9494,0.6562,0.300264,33,37,115,273.83,0.8278,0.2168,0.028841,4.443
926204,520,391,911,247,65,37,31.66,0.9643,0.5872,0.236918,35,17,84,287.75,0.8243,0.1500,0.013983,4.484
926211,520,332,852,246,29,242,329.20,0.9890,0.6355,0.268852,44,43,63,286.30,0.2787,0.1976,0.026221,4.183
926225,520,283,803,245,96,239,329.34,0.9577,0.6852,0.340127,62,55,60,335.95,0.0939,0.2480,0.040828,4.295
926230,520,470,990,220,34,88,12.00,0.9260,0.5156,0.170669,2,7,14,246.70,0.5262,0.0428,0.001966,4.246
926235,520,380,900,240,87,52,34.26,0.9144,0.6012,0.255927,8,46,3,141.00,0.9854,0.1612,0.020121,4.363
926241,520,335,855,246,22,249,327.65,0.9936,0.6379,0.270090,81,21,44,0.75,0.6957,0.2017,0.024678,4.286
926248,520,431,951,237,8,123,1.14,0.9894,0.5512,0.196114,18,24,24,196.46,0.1329,0.1016,0.008478,4.209
926251,520,414,934,211,28,238,321.65,0.9775,0.5727,0.208543,48,10,30,351.45,0.6729,0.1172,0.009393,4.353
926252,520,441,961,161,79,239,303.71,0.8832,0.5431,0.194015,16,22,20,172.98,0.1535,0.0930,0.007345,4.255
926257,520,377,897,251,18,168,349.71,0.9860,0.5996,0.237724,26,1,116,275.10,0.9975,0.1644,0.015022,4.425
926258,520,369,889,245,14,218,334.69,0.9934,0.6140,0.247915,23,41,58,248.11,0.4300,0.1710,0.020735,4.212
926265,520,446,966,159,90,214,307.34,0.7423,0.5380,0.195388,6,9,55,270.48,0.9211,0.0817,0.005099,4.454
926269,520,419,939,241,46,21,30.88,0.9803,0.5576,0.207122,6,24,56,260.48,0.7878,0.1137,0.009775,4.302
926276,520,312,832,245,102,174,351.69,0.8688,0.6614,0.319740,39,56,39,144.65,0.3600,0.2200,0.034061,4.398
926281,520,450,970,207,14,203,329.38,0.9792,0.5357,0.178932,5,13,28,260.04,0.5549,0.0661,0.004039,4.236
926292,520,434,954,241,36,28,28.93,0.9756,0.5514,0.200497,37,15,7,41.03,0.5861,0.0989,0.007504,4.356
926296,520,464,984,214,59,65,23.44,0.8702,0.5196,0.178082,4,3,33,275.46,0.9030,0.0473,0.002007,4.386
926302,520,423,943,181,88,207,318.37,0.7423,0.5599,0.213092,16,28,13,139.48,0.5170,0.1081,0.009697,4.407
926305,520,466,986,186,4,238,315.17,0.9965,0.5246,0.167002,16,5,18,321.74,0.5225,0.0536,0.002624,4.124
926317,520,456,976,225,33,89,12.23,0.9367,0.5255,0.178193,18,1,42,297.02,0.9439,0.0645,0.003175,4.291
926320,520,472,992,179,58,209,318.79,0.8476,0.5202,0.172144,3,0,19,286.19,1.0000,0.0271,0.000664,4.385
926349,520,473,993,203,0,200,329.16,1.0000,0.5233,0.168685,2,2,13,278.10,0.6963,0.0285,0.000854,4.300
926353,520,350,870,216,108,187,338.51,0.6918,0.6310,0.289137,4,48,73,240.01,0.8695,0.1931,0.026206,4.450
926396,520,441,961,205,1,218,325.05,0.9989,0.5400,0.180646,19,3,66,282.85,0.9574,0.0943,0.005969,4.121
926406,520,466,986,218,30,128,356.40,0.9164,0.5222,0.173950,5,10,8,170.79,0.2540,0.0504,0.002669,4.252
926427,520,466,986,114,92,244,283.94,0.9085,0.5155,0.177630,0,7,27,257.47,1.0000,0.0482,0.002311,4.351
926429,520,387,907,248,60,45,29.39,0.9695,0.5851,0.233811,43,31,38,342.92,0.2090,0.1532,0.016335,4.278
926433,520,421,941,232,39,129,359.44,0.9176,0.5555,0.201947,24,21,37,292.02,0.3405,0.1059,0.008641,4.296
926439,520,431,951,188,90,164,337.56,0.6292,0.5489,0.206854,6,16,63,267.31,0.9042,0.1024,0.007681,4.453
926440,520,452,972,112,104,234,281.68,0.8236,0.5278,0.192855,9,9,41,276.92,0.7603,0.0705,0.004135,4.486
926442,520,476,996,177,73,177,327.63,0.7169,0.5136,0.172877,4,0,0,29.23,1.0000,0.0164,0.000258,4.435
926452,520,26,546,233,250,250,196.86,0.6084,0.9681,0.925964,16,130,89,161.83,0.9677,0.4645,0.167959,4.478
926458,520,432,952,204,77,147,349.45,0.7139,0.5479,0.202536,11,2,78,272.39,0.9911,0.1016,0.006646,4.458
926475,520,406,926,207,40,254,316.83,0.9952,0.5846,0.219403,7,14,92,267.43,0.9696,0.1339,0.011319,4.393
926499,520,442,962,236,39,26,29.51,0.9725,0.5426,0.193617,18,16,10,91.80,0.2136,0.0765,0.005211,4.412
926528,520,475,995,219,5,133,354.03,0.9878,0.5177,0.168646,0,4,8,233.51,1.0000,0.0298,0.001044,4.284
926533,520,471,991,188,77,137,349.50,0.6570,0.5165,0.178068,6,5,5,17.53,0.0561,0.0382,0.001582,4.421
926554,520,400,920,211,74,199,331.49,0.8231,0.5823,0.228719,7,14,96,267.24,0.9731,0.1391,0.012037,4.493
926573,520,478,998,151,88,198,308.44,0.6821,0.5131,0.176364,2,1,1,18.81,0.2281,0.0183,0.000368,4.494
926575,520,412,932,232,35,165,346.96,0.9362,0.5684,0.210773,52,5,40,340.48,0.7868,0.1234,0.009919,4.352
926577,520,368,888,237,41,218,332.91,0.9643,0.6100,0.246551,35,26,84,284.42,0.7279,0.1653,0.017362,4.402
926592,520,453,973,192,64,178,332.53,0.7790,0.5273,0.180892,9,16,16,196.15,0.2123,0.0706,0.004661,4.224
926597,520,374,894,241,82,71,27.77,0.9147,0.5990,0.251934,34,38,42,248.18,0.0935,0.1631,0.018935,4.380
926603,520,468,988,157,74,227,305.37,0.8407,0.5213,0.176122,3,7,1,132.75,0.7838,0.0389,0.001735,4.371
926612,520,384,904,223,43,221,328.69,0.9511,0.5888,0.226384,45,24,62,307.62,0.5820,0.1546,0.015590,4.214
926618,520,258,778,220,152,162,9.56,0.4894,0.7080,0.402823,27,68,93,238.53,0.6215,0.2743,0.051573,4.458
926625,520,473,993,221,0,128,356.10,1.0000,0.5186,0.169333,5,1,11,306.17,0.7354,0.0280,0.000781,4.319
926635,520,372,892,230,34,235,327.06,0.9773,0.6053,0.239676,22,9,119,272.12,0.9837,0.1731,0.016977,4.325
926652,520,397,917,249,24,127,2.41,0.9752,0.5814,0.223288,44,22,44,327.02,0.4675,0.1376,0.012912,4.344
926657,520,398,918,224,47,198,335.19,0.9198,0.5788,0.219599,13,33,59,255.88,0.6266,0.1432,0.014890,4.155
926659,520,467,987,184,22,225,317.37,0.9704,0.5153,0.162017,8,3,20,297.22,0.6726,0.0418,0.001673,4.103
926663,520,445,965,223,62,13,35.05,0.9805,0.5354,0.191650,0,0,73,264.05,1.0000,0.0846,0.004810,4.409
926669,520,398,918,197,70,233,317.77,0.8906,0.5780,0.221352,2,39,17,152.97,0.9766,0.1369,0.015043,4.172
926679,520,373,893,255,60,65,25.15,1.0000,0.6013,0.248771,4,43,32,169.67,0.9146,0.1556,0.018578,4.357
926690,520,451,971,238,11,35,26.19,0.9941,0.5354,0.185411,26,0,37,314.55,1.0000,0.0687,0.003532,4.398
926694,520,355,875,249,12,214,336.57,0.9947,0.6185,0.252609,65,28,45,352.85,0.5011,0.1835,0.021439,4.236
926701,520,452,972,205,70,117,2.65,0.7373,0.5289,0.186459,16,13,10,67.19,0.1370,0.0675,0.004199,4.363
926723,520,354,874,235,97,106,19.07,0.8082,0.6158,0.272549,46,44,2,106.81,0.9362,0.1838,0.023866,4.367
926732,520,477,997,142,68,243,297.36,0.9231,0.5080,0.163563,3,1,6,305.83,0.6115,0.0228,0.000542,4.225
926746,520,355,875,223,53,254,320.70,0.9955,0.6185,0.253919,72,5,66,332.53,0.8473,0.1792,0.018798,4.418
926748,520,477,997,199,63,118,359.57,0.7485,0.5097,0.170071,3,0,11,298.58,1.0000,0.0218,0.000435,4.363
926751,520,448,968,239,19,54,22.87,0.9866,0.5419,0.190861,34,2,23,344.00,0.7962,0.0765,0.004454,4.423
926762,520,283,803,188,149,224,307.61,0.6120,0.6895,0.375685,12,70,43,157.83,0.9302,0.2529,0.046327,4.419
926769,520,477,997,202,46,152,344.39,0.8292,0.5130,0.167795,2,2,6,282.35,0.4201,0.0250,0.000695,4.296
926771,520,331,851,247,51,224,333.75,0.9647,0.6372,0.275266,76,29,18,34.51,0.6935,0.1972,0.024591,4.361
926782,520,288,808,245,124,110,28.17,0.8668,0.6764,0.349564,53,59,41,123.02,0.2756,0.2426,0.040449,4.418
926790,520,393,913,245,46,146,356.50,0.9293,0.5917,0.234450,31,35,17,119.05,0.4279,0.1431,0.015338,4.353
926793,520,480,1000,222,0,80,13.13,1.0000,0.5055,0.161116,0,0,0,0.00,0.0000,0.0000,0.000000,4.222
926797,520,477,997,206,69,25,36.70,0.9330,0.5113,0.174505,5,1,1,21.77,0.5474,0.0229,0.000562,4.440
926800,520,399,919,217,55,217,328.07,0.9165,0.5846,0.224959,14,40,0,136.17,1.0000,0.1429,0.016109,4.159
926809,520,461,981,167,80,207,313.60,0.7577,0.5283,0.184586,17,4,4,21.49,0.5214,0.0473,0.002148,4.498
926814,520,9,529,251,255,229,114.12,1.0000,0.9885,0.976864,24,136,22,142.57,0.9873,0.4744,0.178597,4.492
926829,520,375,895,216,58,234,323.40,0.9339,0.5969,0.235675,71,10,14,22.98,0.8713,0.1592,0.015886,4.336
926844,520,471,991,213,56,99,9.57,0.8257,0.5223,0.178777,16,2,10,343.43,0.6572,0.0432,0.001755,4.420
926846,520,311,831,234,92,233,328.00,0.9118,0.6600,0.310322,1,61,36,158.71,0.9932,0.2172,0.034712,4.254
926852,520,428,948,208,52,211,327.25,0.9016,0.5631,0.205709,20,22,35,277.09,0.2947,0.1033,0.008439,4.376
926862,520,465,985,211,67,12,37.30,0.9744,0.5177,0.178921,1,8,16,241.13,0.7180,0.0451,0.002175,4.388
926867,520,417,937,228,47,158,348.83,0.8910,0.5652,0.209983,42,18,29,352.29,0.4502,0.1193,0.010136,4.323
926880,520,457,977,199,46,189,331.06,0.8691,0.5287,0.177720,6,2,46,275.46,0.9663,0.0594,0.002794,4.313
926901,520,477,997,183,15,219,318.63,0.9787,0.5063,0.155247,5,0,4,333.70,1.0000,0.0207,0.000410,4.072
926946,520,423,943,214,21,221,326.54,0.9792,0.5627,0.200550,24,18,54,286.85,0.6350,0.1113,0.008931,4.252
926972,520,449,969,228,55,1,34.24,0.9987,0.5379,0.192315,18,13,23,307.03,0.2924,0.0744,0.004783,4.423
926975,520,377,897,228,78,159,350.77,0.7984,0.5956,0.244485,70,16,12,28.27,0.8268,0.1637,0.016994,4.396
926982,520,331,851,218,100,215,328.47,0.8083,0.6362,0.289279,11,52,65,223.47,0.7509,0.2026,0.029086,4.290
926993,520,416,936,250,34,40,27.07,0.9808,0.5700,0.216249,54,4,34,349.10,0.8065,0.1229,0.009867,4.447
926995,520,351,871,233,78,216,332.58,0.8977,0.6324,0.277327,34,38,83,276.35,0.5881,0.1895,0.023508,4.453
926996,520,284,804,230,120,231,326.97,0.8658,0.6924,0.360273,45,60,70,237.71,0.2266,0.2494,0.042317,4.444
926999,520,420,940,229,58,111,7.56,0.8598,0.5586,0.208346,34,24,8,77.78,0.5418,0.1148,0.010109,4.298
927024,520,330,850,236,107,125,13.67,0.7745,0.6376,0.298316,41,55,22,128.27,0.6210,0.2146,0.032617,4.216
927039,520,297,817,255,69,244,330.65,1.0000,0.6762,0.320509,16,53,110,259.19,0.8310,0.2404,0.037819,4.219
927041,520,352,872,249,77,129,6.60,0.9286,0.6209,0.270358,3,42,96,258.18,0.9495,0.1948,0.025197,4.260
927042,520,332,852,231,82,219,331.18,0.8916,0.6353,0.281403,54,37,70,306.79,0.4484,0.1991,0.025496,4.390
927050,520,429,949,211,62,165,342.83,0.8059,0.5507,0.200128,27,22,5,93.90,0.6203,0.1003,0.008178,4.299
927051,520,399,919,209,98,131,3.27,0.6279,0.5813,0.239313,41,30,28,30.23,0.1842,0.1442,0.014838,4.462
927053,520,392,912,247,42,135,0.35,0.9409,0.5889,0.231827,63,13,18,19.23,0.7642,0.1465,0.013885,4.412
927065,520,445,965,233,32,82,15.48,0.9547,0.5398,0.189689,16,18,20,248.12,0.0746,0.0826,0.005933,4.285
927094,520,465,985,176,76,176,327.57,0.6993,0.5157,0.175347,17,1,24,315.90,0.8430,0.0491,0.002068,4.328
927097,520,374,894,242,10,206,337.07,0.9939,0.6006,0.235535,41,26,67,297.88,0.5901,0.1571,0.016155,4.316
927099,520,349,869,243,30,244,328.06,0.9881,0.6320,0.265176,24,32,105,271.14,0.8677,0.1899,0.022470,4.349
927108,520,383,903,254,51,85,18.48,0.9929,0.5953,0.240981,6,44,13,146.41,0.9632,0.1549,0.018691,4.236
927109,520,414,934,244,36,109,8.26,0.9515,0.5712,0.216023,20,28,34,240.90,0.2161,0.1187,0.010947,4.365
927113,520,421,941,195,54,239,316.41,0.9302,0.5640,0.204738,41,16,18,16.26,0.4849,0.1100,0.008857,4.328
927120,520,454,974,221,54,62,23.71,0.9034,0.5279,0.183610,33,2,13,0.94,0.8009,0.0707,0.003959,4.329
927134,520,382,902,253,21,159,352.88,0.9844,0.6004,0.239257,38,37,21,105.10,0.3513,0.1573,0.017894,4.260
927139,520,377,897,230,18,233,327.61,0.9904,0.5981,0.231412,38,40,14,112.87,0.5835,0.1646,0.019614,4.042
927142,520,383,903,228,46,216,331.24,0.9464,0.5961,0.234083,64,16,9,31.13,0.8178,0.1509,0.014805,4.384
927160,520,462,982,184,19,240,313.98,0.9828,0.5269,0.169485,22,4,1,39.38,0.8070,0.0531,0.002596,4.173
927188,520,382,902,230,26,236,326.87,0.9850,0.6027,0.236203,13,43,24,153.21,0.7816,0.1568,0.018792,4.160
927195,520,479,999,213,57,4,35.29,0.9926,0.5098,0.170836,0,1,1,194.77,1.0000,0.0143,0.000239,4.396
927199,520,427,947,246,22,46,25.04,0.9874,0.5569,0.203675,19,25,5,123.16,0.6820,0.1001,0.008447,4.340
927220,520,347,867,244,13,244,328.34,0.9962,0.6288,0.260554,33,18,122,276.69,0.9474,0.1945,0.021610,4.337
927223,520,413,933,242,47,73,20.60,0.9445,0.5660,0.213946,35,24,15,60.36,0.3363,0.1175,0.010451,4.366
927232,520,449,969,201,17,225,322.19,0.9822,0.5420,0.182563,10,4,52,277.87,0.9342,0.0726,0.003993,4.307
927238,520,418,938,239,52,30,30.67,0.9660,0.5588,0.209037,4,28,58,255.27,0.8230,0.1246,0.011617,4.204
927239,520,387,907,223,81,157,350.67,0.7688,0.5898,0.240095,33,18,89,284.07,0.8468,0.1548,0.014772,4.479
927241,520,428,948,245,8,104,8.72,0.9926,0.5619,0.205891,8,22,41,256.38,0.5874,0.0984,0.007855,4.423
927247,520,356,876,254,23,186,345.19,0.9931,0.6154,0.252323,25,9,121,273.33,0.9823,0.1779,0.017824,4.457
927249,520,383,903,235,1,221,331.68,0.9994,0.5954,0.229070,52,18,58,321.41,0.6577,0.1518,0.014682,4.314
927256,520,463,983,191,29,230,318.07,0.9637,0.5339,0.176697,14,3,18,317.87,0.6415,0.0468,0.002022,4.358
927257,520,258,778,249,141,103,39.96,0.8894,0.7116,0.401715,31,76,6,137.53,0.9834,0.2748,0.054732,4.313
927259,520,417,937,234,57,106,10.07,0.8814,0.5658,0.214623,46,17,4,44.82,0.7612,0.1173,0.009906,4.417
927262,520,458,978,191,78,142,348.07,0.6657,0.5252,0.184797,2,15,7,158.28,0.8150,0.0599,0.003699,4.372
927267,520,434,954,240,18,97,10.61,0.9803,0.5521,0.198242,36,17,4,55.39,0.6799,0.1007,0.007848,4.291
927270,520,474,994,175,8,248,309.82,0.9942,0.5170,0.160659,1,0,31,268.61,1.0000,0.0348,0.001054,4.126
927288,520,458,978,212,47,139,351.95,0.8421,0.5265,0.178964,12,9,13,317.72,0.1632,0.0560,0.003026,4.318
927312,520,337,857,157,134,240,291.84,0.7745,0.6353,0.305095,22,55,27,147.02,0.7897,0.2020,0.029820,4.449
927332,520,396,916,223,17,220,329.06,0.9864,0.5766,0.212585,49,23,8,48.97,0.6536,0.1351,0.012834,4.179
927333,520,425,945,246,28,24,28.74,0.9852,0.5575,0.204928,24,24,34,284.62,0.2152,0.1116,0.009629,4.275
927383,520,410,930,199,72,221,321.40,0.8592,0.5749,0.219988,53,11,23,6.95,0.6957,0.1253,0.010582,4.457
927399,520,418,938,168,76,251,303.98,0.9647,0.5581,0.204593,15,9,79,274.09,0.9517,0.1151,0.008614,4.344
927400,520,409,929,113,122,234,277.01,0.7917,0.5663,0.233697,16,34,22,153.81,0.5059,0.1289,0.013121,4.494
927404,520,326,846,253,28,252,328.52,0.9939,0.6538,0.287445,13,58,10,142.20,0.9690,0.2055,0.031335,4.149
927423,520,261,781,181,162,218,299.98,0.4872,0.7072,0.407265,26,75,12,139.83,0.9714,0.2695,0.052781,4.449
927436,520,327,847,253,25,240,331.21,0.9928,0.6450,0.278723,68,28,77,319.94,0.6390,0.2068,0.025954,4.328
927439,520,391,911,236,14,203,336.51,0.9892,0.5885,0.224615,8,3,109,267.35,0.9961,0.1454,0.012208,4.414
927443,520,291,811,238,132,127,23.63,0.7526,0.6838,0.362144,3,69,19,146.20,0.9935,0.2423,0.043224,4.421
927461,520,417,937,221,28,202,333.23,0.9613,0.5651,0.204693,23,27,41,271.73,0.2939,0.1222,0.011261,4.157
927466,520,378,898,220,72,209,331.04,0.8696,0.6006,0.244559,54,22,52,329.72,0.5657,0.1577,0.016061,4.459
927468,520,37,557,254,239,195,91.45,0.9073,0.9455,0.867447,5,124,112,183.10,0.9820,0.4520,0.156167,4.450
927470,520,469,989,209,61,107,6.32,0.7895,0.5223,0.179566,12,0,20,313.15,1.0000,0.0381,0.001287,4.476
927478,520,429,949,230,62,22,33.76,0.9697,0.5497,0.203291,28,10,52,298.78,0.7469,0.1003,0.007119,4.434
927479,520,365,885,237,63,183,343.37,0.8922,0.6066,0.249812,32,43,17,128.06,0.5848,0.1682,0.020753,4.237
927490,520,426,946,203,78,169,339.82,0.7337,0.5578,0.210116,20,29,4,126.11,0.8090,0.1125,0.010362,4.309
927497,520,433,953,195,93,118,6.39,0.5897,0.5461,0.207405,28,18,34,312.17,0.3766,0.1020,0.007950,4.442
927498,520,456,976,234,23,32,27.20,0.9848,0.5304,0.182127,6,12,23,260.23,0.4270,0.0619,0.003635,4.328
927504,520,453,973,213,19,180,337.44,0.9610,0.5335,0.179094,20,12,4,70.20,0.4864,0.0680,0.004204,4.226
927506,520,325,845,249,73,214,337.15,0.9640,0.6527,0.297628,11,48,90,254.58,0.8038,0.2082,0.029231,4.388
927507,520,430,950,202,95,60,38.50,0.7447,0.5476,0.210691,6,22,50,260.20,0.7444,0.1038,0.008428,4.462
927518,520,414,934,209,48,228,323.17,0.9369,0.5734,0.212724,51,10,7,28.42,0.8109,0.1161,0.009363,4.426
927527,520,333,853,235,70,234,328.23,0.9383,0.6383,0.279854,68,25,71,325.00,0.6495,0.1979,0.023793,4.470
927531,520,420,940,191,46,246,313.97,0.9567,0.5571,0.196854,2,2,88,265.43,0.9967,0.1103,0.007608,4.285
927537,520,327,847,246,55,242,329.08,0.9705,0.6493,0.287388,20,59,12,140.53,0.9534,0.2120,0.033031,4.063
927541,520,479,999,213,58,25,33.28,0.9511,0.5118,0.172449,1,0,2,311.99,1.0000,0.0114,0.000108,4.439
927542,520,314,834,241,115,117,20.91,0.8160,0.6565,0.322494,14,63,21,145.50,0.9564,0.2246,0.037024,4.280
927553,520,374,894,211,64,237,321.13,0.9232,0.5963,0.236318,36,31,63,288.87,0.4778,0.1592,0.017139,4.265
927568,520,360,880,248,90,86,25.21,0.9399,0.6246,0.279439,6,50,25,153.42,0.9498,0.1780,0.023900,4.458
927598,520,382,902,246,65,103,13.85,0.9262,0.5957,0.243560,4,43,47,205.16,0.8597,0.1620,0.019587,4.219
927609,520,431,951,241,29,30,28.04,0.9820,0.5478,0.196766,19,20,46,279.28,0.5246,0.1047,0.008360,4.228
927613,520,343,863,245,76,169,350.78,0.9028,0.6272,0.274490,8,53,42,172.45,0.8716,0.1940,0.027649,4.179
927614,520,446,966,238,17,4,29.63,0.9967,0.5355,0.185901,3,21,0,138.84,1.0000,0.0757,0.005557,4.246
927617,520,309,829,245,118,37,47.77,0.9443,0.6562,0.325059,51,54,8,113.24,0.8379,0.2197,0.033597,4.487
927632,520,471,991,219,53,34,30.50,0.9405,0.5195,0.177244,1,3,23,267.04,0.9044,0.0365,0.001334,4.427
927636,520,476,996,198,29,174,335.36,0.9076,0.5063,0.159423,2,0,12,289.00,1.0000,0.0208,0.000394,4.156
927648,520,399,919,240,28,169,347.29,0.9640,0.5823,0.222234,21,31,51,263.36,0.4209,0.1372,0.013784,4.268
927650,520,428,948,143,97,250,292.79,0.9353,0.5583,0.212911,27,22,22,17.83,0.0985,0.1047,0.008648,4.483
927652,520,37,557,235,240,253,269.09,0.8015,0.9478,0.870739,7,128,80,158.27,0.9887,0.4546,0.160620,4.372
927661,520,253,773,222,148,208,333.70,0.6482,0.7199,0.412649,44,72,37,139.52,0.6187,0.2738,0.053037,4.490
927680,520,402,922,252,32,80,17.93,0.9826,0.5787,0.223113,50,19,10,37.00,0.6477,0.1292,0.011659,4.429
927684,520,398,918,218,81,144,355.03,0.7417,0.5759,0.228062,40,27,48,311.88,0.3841,0.1449,0.014484,4.312
927739,520,325,845,246,51,249,327.48,0.9816,0.6512,0.288028,72,39,20,49.35,0.5884,0.2107,0.028794,4.290
927741,520,425,945,231,62,76,21.30,0.8902,0.5579,0.209589,11,29,12,145.11,0.7018,0.1077,0.009764,4.344
927743,520,399,919,246,52,99,13.42,0.9365,0.5833,0.229531,14,33,53,251.32,0.5543,0.1395,0.014381,4.342
927760,520,373,893,244,62,136,1.17,0.9027,0.5988,0.244591,40,20,87,290.26,0.7940,0.1633,0.016395,4.437
927763,520,471,991,207,11,183,334.98,0.9768,0.5219,0.169257,20,1,0,33.69,1.0000,0.0426,0.001705,4.241
927764,520,394,914,240,52,148,355.22,0.9040,0.5873,0.231224,17,30,58,263.87,0.5713,0.1367,0.013532,4.427
927786,520,425,945,248,6,30,26.98,0.9975,0.5555,0.201841,11,1,88,270.83,0.9971,0.1140,0.007974,4.344
927805,520,343,863,230,56,250,323.31,0.9802,0.6290,0.265557,42,47,2,116.06,0.9449,0.1883,0.025297,4.191
927817,520,457,977,236,18,12,29.17,0.9908,0.5317,0.182953,15,3,41,291.52,0.8661,0.0643,0.003268,4.373
927818,520,398,918,229,77,103,14.26,0.8106,0.5771,0.229478,66,7,1,32.23,0.9789,0.1430,0.013126,4.427
927837,520,410,930,196,47,254,313.63,0.9945,0.5721,0.209259,17,34,26,162.88,0.4212,0.1308,0.013378,4.091
927851,520,254,774,249,119,236,331.34,0.9686,0.7205,0.393920,9,74,64,179.23,0.9166,0.2727,0.053256,4.299
927852,520,452,972,216,59,78,18.91,0.8531,0.5260,0.182794,11,7,38,283.15,0.7455,0.0658,0.003630,4.341
927858,520,446,966,228,39,100,9.28,0.9191,0.5382,0.188680,29,3,41,313.13,0.8266,0.0816,0.004865,4.350
927859,520,378,898,194,91,229,316.62,0.8351,0.5971,0.246098,5,45,25,156.66,0.9379,0.1606,0.019791,4.243
927862,520,420,940,183,66,246,310.62,0.9430,0.5630,0.206185,33,24,0,90.15,1.0000,0.1119,0.009766,4.286
927885,520,416,936,171,83,254,303.73,0.9891,0.5735,0.220008,10,33,27,173.92,0.5933,0.1240,0.012313,4.333
927887,520,474,994,169,70,216,312.76,0.8209,0.5241,0.177740,6,3,1,67.51,0.4917,0.0309,0.001060,4.460
927890,520,415,935,234,65,76,22.06,0.8915,0.5668,0.217978,16,28,43,254.54,0.4155,0.1205,0.011151,4.382
927891,520,441,961,191,10,246,314.75,0.9933,0.5408,0.179486,19,10,51,286.70,0.7665,0.0894,0.005945,4.102
927908,520,332,852,242,107,96,27.02,0.8707,0.6407,0.302401,44,48,46,164.56,0.0588,0.2032,0.028466,4.491
927909,520,399,919,220,74,172,343.38,0.7992,0.5829,0.230940,14,25,76,268.74,0.8385,0.1387,0.013104,4.452
927915,520,396,916,245,23,151,353.85,0.9739,0.5820,0.222629,32,34,22,115.72,0.2696,0.1425,0.015091,4.188
927917,520,358,878,219,100,170,346.25,0.7006,0.6154,0.270787,19,49,31,155.20,0.6713,0.1816,0.024339,4.315
927922,520,381,901,240,25,198,338.83,0.9780,0.5962,0.233007,76,6,1,31.04,0.9857,0.1644,0.016692,4.243
927923,520,452,972,232,26,56,22.44,0.9750,0.5301,0.181832,5,5,52,271.18,0.9520,0.0707,0.003887,4.302
927928,520,421,941,191,53,248,313.26,0.9625,0.5642,0.204011,41,17,9,39.09,0.5757,0.1097,0.008921,4.311
927945,520,409,929,220,81,109,11.52,0.7537,0.5677,0.222070,44,13,61,311.00,0.7415,0.1343,0.011603,4.417
927949,520,475,995,160,48,252,303.21,0.9827,0.5188,0.166163,2,4,1,133.14,0.5926,0.0292,0.001019,4.237
927952,520,434,954,210,6,223,325.10,0.9945,0.5535,0.191615,31,18,24,350.20,0.2840,0.1011,0.007899,4.173
927965,520,384,904,224,7,246,323.27,0.9970,0.5948,0.226553,64,7,44,346.27,0.7889,0.1516,0.014240,4.305
927967,520,475,995,178,73,178,327.64,0.7207,0.5158,0.174456,14,0,0,29.23,1.0000,0.0310,0.000934,4.407
927968,520,387,907,236,84,25,38.44,0.9624,0.5877,0.242467,12,30,79,265.05,0.8360,0.1520,0.015711,4.451
927971,520,352,872,221,58,249,321.19,0.9735,0.6154,0.252398,22,51,43,173.44,0.5287,0.1937,0.027126,3.921
927972,520,399,919,214,77,173,341.51,0.7732,0.5769,0.226231,28,35,15,124.83,0.4984,0.1397,0.014834,4.261
927994,520,402,922,211,34,249,319.09,0.9767,0.5839,0.218343,46,13,46,327.65,0.6621,0.1265,0.010660,4.424
928008,520,431,951,243,34,35,27.76,0.9772,0.5549,0.203235,37,11,28,342.78,0.5666,0.0986,0.007166,4.430
928014,520,446,966,195,80,146,347.63,0.6719,0.5365,0.194164,6,15,41,265.78,0.7125,0.0803,0.005404,4.407
928015,520,354,874,242,99,19,43.12,0.9759,0.6196,0.278510,19,48,21,145.12,0.8096,0.1758,0.023064,4.496
928028,520,402,922,230,79,81,23.45,0.8452,0.5766,0.230118,27,31,14,119.71,0.4429,0.1268,0.012447,4.486
928043,520,261,781,245,106,255,324.95,1.0000,0.7072,0.369429,33,66,97,248.70,0.5528,0.2740,0.050826,4.160
928047,520,180,700,243,186,81,79.95,0.8406,0.7928,0.547685,0,95,31,147.10,1.0000,0.3338,0.082830,4.500
928049,520,474,994,220,24,118,0.20,0.9412,0.5196,0.171795,1,2,12,269.41,0.7607,0.0266,0.000764,4.369
928050,520,364,884,249,14,196,341.28,0.9918,0.6087,0.244426,62,18,63,326.85,0.6953,0.1720,0.018158,4.320
928052,520,450,970,238,8,69,18.52,0.9936,0.5392,0.187838,32,3,21,345.44,0.7474,0.0739,0.004264,4.383
928053,520,384,904,248,61,86,19.08,0.9514,0.5920,0.239693,6,28,80,263.25,0.9079,0.1457,0.014483,4.493
928075,520,430,950,205,19,219,324.71,0.9779,0.5450,0.185612,6,25,36,236.31,0.6141,0.1022,0.008613,4.020
928086,520,435,955,220,0,196,334.57,1.0000,0.5518,0.192035,38,6,30,339.05,0.7028,0.0936,0.006361,4.294
928091,520,409,929,228,79,36,36.01,0.9288,0.5669,0.222161,51,16,30,357.66,0.5830,0.1314,0.011682,4.412
928094,520,338,858,242,42,252,325.95,0.9903,0.6413,0.275641,60,34,75,311.89,0.5384,0.2043,0.026128,4.278
928098,520,445,965,189,89,138,351.47,0.5966,0.5371,0.198000,2,15,43,260.31,0.8751,0.0791,0.005289,4.485
928100,520,447,967,199,63,177,335.07,0.7930,0.5374,0.188732,29,8,28,329.23,0.5902,0.0815,0.005187,4.326
928105,520,378,898,234,80,135,2.18,0.8130,0.5994,0.249818,55,26,38,354.76,0.4379,0.1598,0.016911,4.481
928112,520,353,873,208,78,254,315.73,0.9930,0.6183,0.260159,17,46,47,198.39,0.5459,0.1768,0.022783,4.261
928124,520,442,962,230,27,104,7.23,0.9520,0.5368,0.186093,37,5,1,34.99,0.9248,0.0802,0.005041,4.289
928133,520,382,902,249,48,142,358.75,0.9480,0.5992,0.242100,2,16,110,264.83,0.9818,0.1586,0.015091,4.488
928136,520,259,779,248,121,207,341.30,0.9251,0.7081,0.381388,31,74,35,145.53,0.8386,0.2718,0.053100,4.184
928151,520,476,996,107,95,239,281.40,0.8791,0.5103,0.175418,5,0,7,320.34,1.0000,0.0225,0.000476,4.466
928165,520,464,984,200,43,170,337.39,0.8537,0.5166,0.169113,0,10,17,229.81,1.0000,0.0493,0.002575,4.168
928172,520,417,937,218,88,99,18.03,0.7312,0.5714,0.227881,2,35,3,143.41,0.9882,0.1208,0.012215,4.466
928200,520,419,939,224,49,153,349.75,0.8719,0.5569,0.203464,20,27,4,123.65,0.7693,0.1066,0.009413,4.266
928203,520,330,850,214,130,104,37.97,0.5841,0.6396,0.312627,34,54,43,159.69,0.3473,0.2112,0.031528,4.448
928207,520,430,950,213,13,215,327.82,0.9866,0.5545,0.193423,18,24,7,125.05,0.5680,0.0968,0.007972,4.199
928215,520,362,882,198,103,219,320.11,0.7661,0.6143,0.268220,44,39,43,332.54,0.0908,0.1771,0.021609,4.444
928224,520,459,979,213,48,150,348.11,0.8455,0.5341,0.184643,13,14,0,112.53,1.0000,0.0642,0.003996,4.346
928241,520,392,912,241,10,182,343.41,0.9912,0.5853,0.222983,3,29,85,262.07,0.9531,0.1519,0.015539,4.165
928252,520,451,971,236,35,44,26.12,0.9698,0.5417,0.192200,7,16,26,251.15,0.4234,0.0736,0.004903,4.411
928256,520,380,900,232,70,181,343.11,0.8589,0.6036,0.248749,25,34,64,269.49,0.5071,0.1572,0.017208,4.445
928257,520,411,931,208,34,241,320.09,0.9708,0.5728,0.209066,34,20,45,308.66,0.4862,0.1203,0.010299,4.296
928273,520,351,871,247,86,131,7.09,0.8984,0.6285,0.280716,1,47,75,242.26,0.9589,0.1906,0.025473,4.382
928275,520,448,968,233,3,131,357.59,0.9953,0.5450,0.190305,35,2,23,345.20,0.7995,0.0783,0.004627,4.399
928283,520,476,996,127,87,230,291.45,0.8259,0.5076,0.170415,2,1,1,18.81,0.2281,0.0183,0.000368,4.376
928291,520,336,856,249,7,244,329.46,0.9982,0.6365,0.268263,29,9,132,273.80,0.9848,0.1962,0.021224,4.468
928293,520,443,963,238,30,23,28.98,0.9809,0.5415,0.191708,17,12,42,286.69,0.6434,0.0833,0.005493,4.356
928298,520,448,968,217,5,183,337.50,0.9913,0.5393,0.182815,17,19,12,120.76,0.2254,0.0835,0.006115,4.149
928309,520,390,910,239,80,32,36.14,0.9539,0.5885,0.241954,53,19,57,323.33,0.6389,0.1543,0.015181,4.479
928328,520,423,943,229,62,90,16.22,0.8674,0.5570,0.208443,42,16,21,9.30,0.4891,0.1126,0.009170,4.368
928336,520,291,811,254,99,191,346.97,0.9869,0.6791,0.337592,7,69,22,146.58,0.9833,0.2437,0.043592,4.141
928349,520,476,996,175,16,242,310.98,0.9860,0.5136,0.158963,1,0,18,273.67,1.0000,0.0236,0.000501,4.138
928351,520,426,946,219,5,216,329.10,0.9955,0.5642,0.201287,46,6,26,353.91,0.7386,0.1063,0.007858,4.343
928355,520,420,940,186,94,170,334.18,0.6165,0.5554,0.213480,40,10,48,318.49,0.7136,0.1140,0.008816,4.480
928371,520,25,545,252,251,188,107.04,0.9422,0.9696,0.933210,20,133,3,141.75,0.9984,0.4630,0.169296,4.483
928374,520,421,941,182,73,229,313.78,0.8604,0.5563,0.203683,42,17,3,50.13,0.7699,0.1102,0.008998,4.300
928375,520,382,902,248,40,172,348.42,0.9538,0.6047,0.244559,0,28,95,262.22,1.0000,0.1595,0.016566,4.425
928377,520,436,956,200,31,226,321.50,0.9605,0.5467,0.187519,40,6,14,9.72,0.7173,0.0907,0.006131,4.231
928393,520,453,973,205,32,192,331.87,0.9265,0.5320,0.178199,8,16,18,214.70,0.2633,0.0706,0.004659,4.175
928394,520,416,936,204,40,246,317.78,0.9650,0.5736,0.210104,8,9,84,268.97,0.9741,0.1173,0.008870,4.418
928406,520,444,964,227,58,5,34.58,0.9933,0.5389,0.193708,41,0,8,13.17,1.0000,0.0810,0.004890,4.440
928410,520,395,915,251,40,100,12.45,0.9714,0.5853,0.229505,58,17,5,37.49,0.8266,0.1399,0.013115,4.428
928411,520,466,986,207,76,1,41.49,0.9970,0.5218,0.184387,21,3,15,340.99,0.6552,0.0542,0.002591,4.457
928412,520,437,957,224,1,180,340.04,0.9985,0.5500,0.191668,8,19,35,257.51,0.5224,0.0868,0.006387,4.286
928436,520,399,919,196,105,140,356.72,0.5383,0.5762,0.237339,19,28,70,270.43,0.6977,0.1429,0.014111,4.482
928441,520,398,918,237,60,111,9.05,0.8796,0.5758,0.223870,61,6,40,348.14,0.7935,0.1424,0.012757,4.364
928453,520,365,885,233,0,249,324.76,1.0000,0.6111,0.241656,57,27,43,347.99,0.4511,0.1673,0.018282,4.271
928455,520,467,987,191,4,220,320.76,0.9948,0.5180,0.163320,2,0,31,272.67,1.0000,0.0360,0.001118,4.173
928468,520,408,928,228,30,187,339.18,0.9545,0.5699,0.210130,1,29,61,253.63,0.9432,0.1282,0.012220,4.181
928496,520,403,923,222,71,166,345.95,0.8075,0.5801,0.227916,33,32,3,107.60,0.8439,0.1341,0.013629,4.368
928512,520,340,860,221,82,250,320.22,0.9720,0.6392,0.283107,9,57,15,144.85,0.9715,0.2013,0.030187,4.154
928524,520,401,921,212,88,154,349.96,0.6998,0.5795,0.233116,54,14,48,334.12,0.6775,0.1429,0.013119,4.485
928536,520,411,931,249,30,61,22.49,0.9790,0.5684,0.214088,46,16,24,5.25,0.5339,0.1204,0.010175,4.389
928544,520,417,937,252,30,38,27.10,0.9885,0.5721,0.217677,51,12,23,6.50,0.6626,0.1228,0.010287,4.440
928550,520,379,899,201,70,255,313.87,1.0000,0.6003,0.240191,37,23,84,287.54,0.7546,0.1619,0.016462,4.366
928560,520,379,899,253,11,171,349.13,0.9927,0.6032,0.240658,74,2,4,27.02,0.9826,0.1563,0.015083,4.466
928567,520,344,864,240,0,252,325.72,1.0000,0.6253,0.255562,43,18,107,286.51,0.8830,0.1858,0.020077,4.360
928576,520,417,937,224,29,194,336.19,0.9567,0.5661,0.206235,42,23,5,62.37,0.6985,0.1233,0.011161,4.190
928578,520,428,948,186,57,244,312.48,0.9411,0.5569,0.198981,36,17,12,35.58,0.4464,0.1024,0.008026,4.291
928588,520,415,935,210,60,208,328.56,0.8786,0.5715,0.214893,33,27,21,66.98,0.1852,0.1242,0.011614,4.299
928589,520,383,903,253,0,163,351.36,1.0000,0.5976,0.235305,32,21,84,283.73,0.7953,0.1532,0.014835,4.401
928593,520,428,948,175,69,249,307.24,0.9562,0.5575,0.202105,47,3,20,1.99,0.8234,0.1015,0.007201,4.407
928595,520,331,851,247,25,252,327.20,0.9929,0.6426,0.275005,2,56,28,154.26,0.9873,0.1981,0.029250,4.101
928606,520,460,980,189,77,164,337.19,0.6956,0.5310,0.188084,3,12,21,244.45,0.5604,0.0584,0.003364,4.461
928615,520,476,996,205,70,4,39.50,0.9888,0.5098,0.173704,2,2,6,282.35,0.4201,0.0250,0.000695,4.413
928621,520,376,896,254,37,141,359.32,0.9909,0.6019,0.243207,19,45,3,135.92,0.9724,0.1629,0.020217,4.176
928623,520,411,931,247,45,19,30.85,0.9849,0.5691,0.217015,43,12,45,325.22,0.6668,0.1195,0.009661,4.476
928628,520,414,934,211,45,225,324.52,0.9406,0.5725,0.211638,36,11,62,301.68,0.7807,0.1210,0.009622,4.388
928633,520,359,879,194,117,202,323.60,0.6288,0.6230,0.284573,26,48,37,161.37,0.4303,0.1845,0.024670,4.481
928642,520,395,915,240,58,131,1.85,0.8874,0.5859,0.231932,8,21,91,266.90,0.9443,0.1444,0.013432,4.445
928679,520,453,973,229,33,47,25.06,0.9666,0.5262,0.179539,31,7,6,25.65,0.6455,0.0746,0.004565,4.207
928688,520,454,974,209,73,71,24.78,0.8002,0.5280,0.187776,18,1,47,293.05,0.9580,0.0693,0.003555,4.440
928712,520,421,941,216,18,216,328.31,0.9818,0.5618,0.199915,14,27,39,247.45,0.4106,0.1141,0.010237,4.149
928722,520,361,881,244,18,228,332.03,0.9923,0.6194,0.252701,46,23,87,294.77,0.7509,0.1753,0.018818,4.399
928727,520,466,986,197,42,186,331.40,0.8751,0.5202,0.170731,12,10,2,99.78,0.5968,0.0547,0.002996,4.165
928729,520,480,1000,216,30,103,5.43,0.9206,0.5093,0.165093,0,0,0,0.00,0.0000,0.0000,0.000000,4.302
928732,520,470,990,163,84,194,315.47,0.6959,0.5199,0.180230,3,8,4,151.30,0.4574,0.0425,0.002018,4.426
928743,520,468,988,201,76,87,18.29,0.7239,0.5210,0.182765,0,8,8,194.77,1.0000,0.0409,0.001912,4.484
928757,520,424,944,136,100,254,289.21,0.9850,0.5594,0.215041,36,18,35,328.89,0.4334,0.1131,0.009291,4.470
928760,520,469,989,132,90,227,293.39,0.8008,0.5156,0.177639,3,1,28,276.97,0.9550,0.0371,0.001249,4.442
928762,520,452,972,183,10,249,311.88,0.9933,0.5308,0.171250,28,9,6,31.95,0.5451,0.0735,0.004554,4.056
928766,520,422,942,204,83,150,348.84,0.6902,0.5575,0.212277,20,23,35,273.28,0.2761,0.1058,0.008829,4.458
928781,520,364,884,180,105,239,307.67,0.8384,0.6066,0.260391,55,29,54,328.36,0.4589,0.1737,0.019574,4.461
928790,520,436,956,195,30,246,315.54,0.9747,0.5539,0.191858,36,0,38,326.11,1.0000,0.0855,0.005151,4.385
928800,520,431,951,162,81,240,303.65,0.8849,0.5479,0.198580,14,12,61,276.23,0.8609,0.0982,0.006932,4.366
928824,520,310,830,250,53,249,328.39,0.9838,0.6591,0.297126,17,41,121,265.70,0.9052,0.2227,0.030853,4.293
928844,520,231,751,236,143,223,332.14,0.8454,0.7353,0.428073,79,67,22,94.16,0.6990,0.2916,0.057346,4.454
928848,520,462,982,223,10,136,353.95,0.9791,0.5282,0.176853,12,6,16,311.98,0.4003,0.0506,0.002458,4.324
928849,520,446,966,204,47,192,331.59,0.8784,0.5400,0.186780,3,16,41,259.71,0.8010,0.0805,0.005500,4.266
928867,520,389,909,234,72,130,2.94,0.8297,0.5883,0.237417,42,33,8,89.29,0.6734,0.1487,0.015975,4.356
928870,520,347,867,238,62,217,333.49,0.9343,0.6258,0.266348,42,9,120,283.42,0.9618,0.1916,0.020436,4.491
928878,520,381,901,239,12,206,336.40,0.9920,0.5954,0.230728,16,45,0,136.47,1.0000,0.1609,0.019869,4.018
928886,520,372,892,218,105,133,6.20,0.6514,0.6078,0.267041,38,43,12,117.46,0.6747,0.1732,0.021664,4.424
928892,520,447,967,176,80,198,319.78,0.7395,0.5351,0.190457,28,6,37,314.80,0.7194,0.0823,0.005107,4.363
928909,520,332,852,217,97,230,323.66,0.8666,0.6392,0.290160,23,54,20,141.98,0.8574,0.1978,0.028709,4.322
928911,520,366,886,250,76,65,28.01,0.9697,0.6077,0.258780,13,40,62,246.15,0.6436,0.1651,0.019509,4.442
928914,520,428,948,201,14,244,317.84,0.9910,0.5562,0.192648,41,6,30,342.63,0.7165,0.0989,0.006955,4.260
928918,520,380,900,246,12,183,344.22,0.9911,0.5958,0.232779,16,30,89,267.89,0.8588,0.1640,0.017599,4.183
928931,520,473,993,211,66,45,31.24,0.8878,0.5189,0.179371,10,1,6,342.32,0.6865,0.0317,0.000994,4.498
928934,520,389,909,225,25,235,325.90,0.9840,0.5930,0.227032,7,40,47,214.75,0.7405,0.1536,0.017679,4.093
928940,520,407,927,235,11,182,342.08,0.9884,0.5741,0.212818,60,8,7,26.94,0.8871,0.1321,0.011498,4.274
928956,520,477,997,211,32,138,351.22,0.8951,0.5137,0.167192,0,2,1,165.38,1.0000,0.0192,0.000456,4.305
928967,520,391,911,231,15,222,330.50,0.9906,0.5916,0.226070,48,27,27,19.70,0.3367,0.1467,0.014914,4.253
928972,520,437,957,221,42,154,348.33,0.8876,0.5466,0.193637,8,17,45,267.10,0.6952,0.0892,0.006420,4.318
928986,520,5,525,250,252,248,128.52,0.4324,0.9865,0.967221,35,133,75,152.69,0.9313,0.4745,0.176397,4.493
928993,520,435,955,240,33,5,30.68,0.9958,0.5466,0.196273,38,7,5,28.30,0.7648,0.0864,0.005751,4.417
928998,520,428,948,230,16,169,344.85,0.9766,0.5589,0.200609,10,23,32,240.10,0.4235,0.0968,0.007816,4.335
929002,520,391,911,203,58,250,316.07,0.9730,0.5881,0.226262,40,9,84,294.22,0.8887,0.1461,0.012866,4.394
929004,520,382,902,251,23,156,353.47,0.9791,0.5959,0.235258,25,41,26,145.99,0.4316,0.1583,0.018671,4.154
929009,520,412,932,218,89,64,32.84,0.8096,0.5661,0.224227,13,30,37,226.60,0.4338,0.1209,0.011476,4.461
929017,520,388,908,221,69,191,336.86,0.8461,0.5889,0.233922,5,16,100,266.10,0.9739,0.1463,0.013228,4.490
929036,520,478,998,213,35,109,2.94,0.8934,0.5082,0.164547,0,3,2,174.96,1.0000,0.0237,0.000695,4.232
929039,520,330,850,251,37,234,332.17,0.9843,0.6424,0.277760,21,45,95,262.85,0.7396,0.2084,0.028623,4.169
929052,520,443,963,219,48,132,356.34,0.8560,0.5378,0.188424,11,12,48,275.70,0.7693,0.0834,0.005475,4.298
929057,520,470,990,174,54,230,312.06,0.9023,0.5249,0.173511,1,9,2,147.74,0.9265,0.0423,0.002062,4.293
929059,520,388,908,247,11,168,348.79,0.9909,0.5902,0.228440,58,24,2,50.77,0.8790,0.1520,0.015573,4.246
929069,520,427,947,231,16,158,348.52,0.9752,0.5554,0.198310,7,22,42,255.96,0.6265,0.0984,0.007861,4.291
929070,520,397,917,142,116,227,291.90,0.7264,0.5750,0.237875,38,26,52,304.22,0.4457,0.1426,0.013988,4.499
929073,520,237,757,169,178,200,267.88,0.2199,0.7251,0.444456,12,82,21,144.50,0.9830,0.2899,0.061666,4.428
929101,520,423,943,216,84,71,28.52,0.7941,0.5562,0.213969,7,16,72,267.95,0.9287,0.1127,0.008836,4.487
929110,520,317,837,254,78,197,343.58,0.9910,0.6575,0.305540,81,35,30,27.97,0.5749,0.2201,0.030454,4.419
929112,520,424,944,217,46,188,336.33,0.8980,0.5598,0.203388,45,10,23,0.61,0.6492,0.1088,0.008369,4.341
929128,520,415,935,195,89,186,330.80,0.7026,0.5695,0.222935,38,26,1,84.01,0.9274,0.1240,0.011531,4.436
929133,520,463,983,198,70,141,349.61,0.7225,0.5258,0.183110,11,9,3,96.25,0.4287,0.0519,0.002731,4.421
929149,520,327,847,253,96,139,6.73,0.9624,0.6542,0.311157,25,57,3,135.88,0.9827,0.2069,0.031394,4.437
929158,520,447,967,173,55,249,307.51,0.9643,0.5404,0.184569,6,18,37,258.43,0.6179,0.0844,0.006049,4.185
929159,520,440,960,235,40,76,18.34,0.9451,0.5475,0.197047,22,21,14,100.76,0.2080,0.0941,0.007386,4.305
929161,520,370,890,199,81,253,313.10,0.9839,0.6081,0.251200,45,27,74,298.29,0.6259,0.1696,0.018362,4.406
929179,520,438,958,216,72,118,4.74,0.7662,0.5516,0.205440,0,26,12,157.79,1.0000,0.0919,0.007653,4.431
929182,520,406,926,226,13,213,331.55,0.9893,0.5763,0.212631,55,10,31,355.93,0.7145,0.1309,0.011284,4.286
929192,520,409,929,233,60,119,5.39,0.8629,0.5705,0.218902,58,3,23,5.15,0.8685,0.1255,0.010267,4.462
929227,520,472,992,228,25,16,29.30,0.9839,0.5175,0.172296,6,2,12,305.61,0.6139,0.0327,0.001087,4.351
929243,520,395,915,216,89,158,349.39,0.7145,0.5892,0.242144,12,39,11,142.86,0.9049,0.1403,0.015533,4.458
929246,520,453,973,234,15,52,22.85,0.9889,0.5297,0.180852,3,19,7,151.56,0.8549,0.0716,0.005004,4.197
929250,520,465,985,200,79,64,29.68,0.7658,0.5188,0.182435,14,7,5,41.18,0.2863,0.0510,0.002563,4.422
929252,520,434,954,238,22,85,14.39,0.9758,0.5464,0.194101,29,5,57,298.71,0.8610,0.0989,0.006652,4.309
929277,520,457,977,228,9,113,2.96,0.9847,0.5295,0.178845,9,2,48,279.16,0.9586,0.0639,0.003149,4.306
929287,520,474,994,226,14,91,10.47,0.9789,0.5201,0.172410,1,5,2,153.09,0.7142,0.0315,0.001194,4.344
929290,520,462,982,192,71,160,339.57,0.7232,0.5258,0.182526,20,3,5,12.54,0.6375,0.0493,0.002248,4.450
929304,520,469,989,226,14,91,10.47,0.9789,0.5201,0.172410,2,6,17,259.67,0.5996,0.0417,0.001836,4.291
929313,520,458,978,166,56,251,304.84,0.9747,0.5333,0.179010,9,3,37,284.24,0.8720,0.0553,0.002568,4.356
929318,520,474,994,223,33,77,16.12,0.9421,0.5186,0.173143,10,1,10,327.85,0.7253,0.0334,0.001082,4.368
929334,520,467,987,188,58,190,327.30,0.8153,0.5215,0.174366,6,5,19,285.04,0.5361,0.0442,0.001943,4.319
929336,520,351,871,247,51,216,335.83,0.9601,0.6325,0.271027,57,41,25,65.70,0.3945,0.1934,0.025260,4.266
929338,520,444,964,211,28,193,333.17,0.9452,0.5414,0.185317,28,4,44,308.29,0.8166,0.0843,0.005156,4.266
929341,520,341,861,218,95,209,330.45,0.8044,0.6258,0.276952,17,55,14,142.12,0.9411,0.1972,0.028832,4.147
929343,520,405,925,223,26,224,328.04,0.9779,0.5823,0.218109,3,35,36,197.94,0.8556,0.1307,0.013487,4.223
929369,520,302,822,253,83,209,339.85,0.9849,0.6669,0.316757,29,61,52,173.33,0.5005,0.2332,0.038465,4.146
929378,520,450,970,238,8,92,11.60,0.9916,0.5441,0.191268,27,9,14,3.35,0.4546,0.0743,0.004601,4.419
929384,520,358,878,205,96,223,321.78,0.8165,0.6161,0.266740,34,43,55,255.73,0.2344,0.1835,0.023436,4.313
929386,520,470,990,227,21,50,23.27,0.9807,0.5165,0.171005,3,8,7,183.05,0.3443,0.0436,0.002084,4.243
929387,520,171,691,250,179,155,39.46,0.8289,0.7994,0.549328,21,95,24,143.45,0.9753,0.3370,0.084095,4.469
929390,520,478,998,206,57,96,9.93,0.8041,0.5090,0.168948,3,2,3,326.14,0.1845,0.0248,0.000694,4.319
929391,520,365,885,238,76,160,352.51,0.8511,0.6111,0.258869,30,32,79,277.32,0.6442,0.1686,0.018735,4.494
929397,520,340,860,251,68,195,343.08,0.9685,0.6417,0.285868,5,53,61,211.87,0.8767,0.2017,0.029153,4.243
929410,520,453,973,232,24,25,28.24,0.9842,0.5261,0.178824,1,16,21,218.45,0.8356,0.0666,0.004312,4.213
929413,520,311,831,229,104,212,332.97,0.8347,0.6568,0.313142,74,43,28,46.18,0.4813,0.2246,0.032676,4.392
929422,520,462,982,183,6,245,312.77,0.9955,0.5263,0.167912,10,10,7,107.25,0.1360,0.0545,0.002970,4.114
929425,520,415,935,223,2,211,331.34,0.9981,0.5674,0.204369,56,0,23,2.40,1.0000,0.1173,0.009028,4.309
929426,520,399,919,248,30,115,6.47,0.9662,0.5780,0.221263,59,16,15,24.85,0.7159,0.1420,0.013350,4.282
929432,520,385,905,227,72,165,347.67,0.8191,0.5895,0.236847,17,37,43,219.33,0.4290,0.1471,0.016167,4.335
929436,520,473,993,189,62,171,334.03,0.7703,0.5159,0.172059,2,0,21,278.52,1.0000,0.0273,0.000670,4.382
929448,520,415,935,241,61,52,28.12,0.9396,0.5729,0.222895,18,29,29,196.07,0.2377,0.1177,0.010960,4.477
929449,520,469,989,221,38,82,14.69,0.9217,0.5188,0.173703,6,1,22,292.75,0.8718,0.0358,0.001184,4.371
929456,520,330,850,214,93,242,319.65,0.9195,0.6370,0.285372,55,32,96,296.03,0.6889,0.2103,0.026898,4.361
929461,520,466,986,228,22,3,30.06,0.9970,0.5157,0.170774,21,1,10,351.06,0.7908,0.0477,0.002031,4.243
929467,520,402,922,217,77,178,340.50,0.7893,0.5844,0.232760,2,38,15,151.54,0.9779,0.1331,0.014336,4.395
929476,520,458,978,161,64,250,302.86,0.9648,0.5338,0.181465,11,12,20,278.71,0.2526,0.0643,0.003846,4.299
929497,520,414,934,221,54,179,340.35,0.8718,0.5682,0.212675,36,16,52,307.28,0.6365,0.1202,0.009936,4.383
929509,520,351,871,254,58,168,351.75,0.9898,0.6263,0.269275,21,47,56,222.85,0.4837,0.1865,0.024779,4.270
929527,520,433,953,218,8,203,332.20,0.9905,0.5543,0.193932,49,0,29,349.81,1.0000,0.1050,0.007418,4.248
929540,520,468,988,187,41,211,321.35,0.9098,0.5197,0.168552,6,4,19,288.28,0.5954,0.0417,0.001726,4.225
929559,520,416,936,220,59,181,339.59,0.8571,0.5719,0.216821,13,4,92,271.23,0.9886,0.1246,0.009450,4.488
929569,520,438,958,229,36,123,0.83,0.9206,0.5456,0.193527,12,22,4,131.82,0.7544,0.0857,0.006607,4.302
929584,520,421,941,233,55,106,9.65,0.8838,0.5621,0.210996,4,23,61,261.33,0.8799,0.1145,0.009755,4.368
929603,520,319,839,241,103,152,0.51,0.8138,0.6481,0.306710,45,56,3,121.36,0.9472,0.2191,0.033928,4.250
929604,520,462,982,144,84,234,297.82,0.8464,0.5252,0.182106,0,14,4,153.95,1.0000,0.0546,0.003228,4.361
929611,520,384,904,225,60,202,334.40,0.8962,0.5932,0.235059,27,31,58,275.68,0.4548,0.1469,0.015184,4.373
929616,520,346,866,235,64,222,331.40,0.9325,0.6255,0.266054,5,49,57,213.05,0.8589,0.1867,0.025242,4.201
929617,520,444,964,234,40,25,29.76,0.9727,0.5391,0.190833,8,16,28,257.96,0.4264,0.0753,0.005060,4.374
929637,520,435,955,192,36,240,315.89,0.9609,0.5473,0.187608,13,10,61,276.01,0.8893,0.0943,0.006395,4.213
929640,520,444,964,169,77,222,310.66,0.8181,0.5378,0.190175,29,4,37,317.14,0.7747,0.0803,0.004816,4.381
929646,520,456,976,235,5,41,24.82,0.9969,0.5282,0.179340,22,3,28,317.93,0.7524,0.0625,0.003196,4.311
929661,520,409,929,213,77,166,343.94,0.7607,0.5718,0.222091,33,13,76,290.20,0.8333,0.1336,0.011330,4.437
929664,520,347,867,255,34,200,341.69,1.0000,0.6286,0.265776,40,46,42,156.48,0.1039,0.1919,0.025723,4.170
929680,520,247,767,241,119,255,323.41,1.0000,0.7195,0.391165,46,74,37,138.44,0.6287,0.2816,0.056119,4.157
929681,520,466,986,229,24,67,19.08,0.9720,0.5247,0.177195,9,7,7,17.69,0.0782,0.0468,0.002254,4.348
929693,520,475,995,207,68,58,27.98,0.8413,0.5155,0.177074,3,0,21,283.98,1.0000,0.0286,0.000735,4.476
929701,520,152,672,214,192,239,306.18,0.6211,0.8154,0.582277,14,98,52,153.00,0.9699,0.3501,0.090763,4.492
929708,520,406,926,199,68,230,319.21,0.8894,0.5767,0.219910,51,16,11,30.33,0.6789,0.1259,0.010987,4.426
929716,520,435,955,219,74,67,26.73,0.8416,0.5473,0.203654,6,25,19,170.58,0.6252,0.0945,0.007810,4.388
929721,520,419,939,221,45,170,343.02,0.8895,0.5565,0.201536,32,22,21,25.10,0.1971,0.1104,0.009351,4.238
929724,520,409,929,221,60,163,346.08,0.8362,0.5656,0.212506,41,1,74,302.04,0.9770,0.1277,0.009876,4.384
929740,520,369,889,242,66,162,351.78,0.8905,0.6088,0.253853,9,44,46,200.55,0.7228,0.1666,0.020566,4.306
929757,520,410,930,249,43,31,29.28,0.9781,0.5726,0.219700,52,1,59,322.49,0.9446,0.1318,0.010676,4.445
929765,520,476,996,219,0,125,356.74,1.0000,0.5133,0.165433,5,0,8,317.19,1.0000,0.0230,0.000498,4.266
929769,520,343,863,244,35,240,329.18,0.9841,0.6332,0.267292,0,31,114,262.97,1.0003,0.1882,0.021947,4.410
929771,520,381,901,207,88,205,328.25,0.7851,0.5971,0.246543,48,35,2,86.63,0.9116,0.1614,0.018349,4.339
929778,520,339,859,233,118,36,50.41,0.9183,0.6366,0.304105,10,54,58,203.99,0.7806,0.2049,0.030082,4.422
929784,520,371,891,248,4,208,337.86,0.9980,0.6117,0.246005,67,26,9,41.59,0.7585,0.1734,0.019520,4.258
929804,520,478,998,99,95,246,278.22,0.9345,0.5099,0.174903,1,1,6,278.68,0.6638,0.0197,0.000413,4.461
929824,520,479,999,112,88,244,283.92,0.9162,0.5067,0.169555,1,0,3,302.89,1.0000,0.0124,0.000130,4.380
929858,520,370,890,232,16,248,324.69,0.9942,0.6116,0.243061,61,25,42,352.29,0.5158,0.1697,0.018547,4.275
929874,520,394,914,249,47,118,6.85,0.9512,0.5906,0.234842,42,28,32,0.14,0.2302,0.1421,0.014271,4.432
929890,520,435,955,189,37,247,313.47,0.9644,0.5490,0.188586,43,2,25,350.61,0.8285,0.0941,0.006273,4.240
929896,520,404,924,246,19,131,0.40,0.9798,0.5750,0.217007,35,29,11,91.39,0.5084,0.1295,0.012602,4.265
929905,520,383,903,210,78,215,326.30,0.8476,0.5950,0.240585,15,34,64,259.19,0.6349,0.1507,0.016157,4.392
929910,520,325,845,231,93,213,333.07,0.8622,0.6453,0.296240,1,36,126,263.09,0.9930,0.2130,0.027743,4.454
929912,520,475,995,181,27,228,315.68,0.9627,0.5151,0.162102,10,0,14,319.57,1.0000,0.0324,0.000962,4.162
929914,520,479,999,149,74,229,301.97,0.8481,0.5125,0.169446,3,0,0,29.23,1.0000,0.0143,0.000194,4.372
929915,520,413,933,232,17,183,341.15,0.9797,0.5704,0.209784,2,5,91,265.35,0.9921,0.1185,0.008767,4.421
929955,520,428,948,195,65,215,322.03,0.8577,0.5569,0.202904,16,22,31,258.33,0.2638,0.0978,0.007829,4.373
929963,520,404,924,237,56,145,355.98,0.8846,0.5837,0.228802,38,28,1,89.24,0.9350,0.1291,0.012448,4.465
929994,520,190,710,243,159,243,326.81,0.9171,0.7825,0.503237,32,87,63,161.93,0.7381,0.3222,0.074821,4.432
930000,520,280,800,217,122,250,316.75,0.9503,0.6888,0.355743,45,51,109,275.54,0.6092,0.2515,0.040295,4.493
930005,520,441,961,204,61,177,336.53,0.8091,0.5438,0.193511,24,6,50,296.57,0.8144,0.0876,0.005547,4.384
930011,520,440,960,215,79,85,21.17,0.7727,0.5500,0.206973,3,25,0,139.69,1.0000,0.0880,0.007146,4.497
930020,520,375,895,254,35,142,358.89,0.9911,0.6013,0.242295,13,42,38,183.18,0.6157,0.1583,0.018814,4.248
930025,520,419,939,224,75,84,20.96,0.8234,0.5610,0.215222,19,19,61,277.65,0.7220,0.1149,0.009411,4.464
930035,520,450,970,239,9,80,15.48,0.9920,0.5437,0.191286,28,3,23,336.17,0.7338,0.0684,0.003739,4.490
930037,520,320,840,230,78,249,323.06,0.9725,0.6479,0.291134,7,51,78,241.67,0.8203,0.2065,0.029627,4.284
930048,520,454,974,180,94,125,358.35,0.5203,0.5265,0.191906,5,9,43,270.28,0.8579,0.0693,0.004020,4.478
930054,520,398,918,233,78,75,25.36,0.8714,0.5798,0.232833,35,27,52,297.52,0.4240,0.1413,0.013891,4.427
930056,520,475,995,186,59,184,328.56,0.7983,0.5154,0.170291,3,2,5,301.87,0.3454,0.0258,0.000737,4.342
930058,520,391,911,187,83,243,311.40,0.9102,0.5864,0.232234,48,19,63,312.33,0.6683,0.1508,0.014531,4.374
930059,520,441,961,210,81,65,29.79,0.7955,0.5400,0.199704,19,21,12,118.28,0.2791,0.0906,0.007013,4.380
930060,520,295,815,199,144,195,328.97,0.4753,0.6780,0.360297,17,66,50,167.44,0.8132,0.2432,0.042457,4.438
930064,520,473,993,177,27,238,312.21,0.9696,0.5174,0.163050,7,0,21,299.43,1.0000,0.0334,0.000993,4.178
930086,520,450,970,189,1,253,312.80,0.9994,0.5418,0.179336,6,15,33,261.86,0.5852,0.0746,0.004902,4.177
930101,520,460,980,220,64,34,32.85,0.9334,0.5330,0.190005,6,15,8,151.53,0.4480,0.0633,0.003979,4.446
930121,520,272,792,253,97,246,329.56,0.9921,0.7027,0.360886,5,70,72,198.22,0.9313,0.2622,0.048802,4.159
930128,520,466,986,204,41,163,340.83,0.8608,0.5186,0.170696,7,2,37,281.39,0.9239,0.0514,0.002222,4.226
930131,520,346,866,247,45,216,335.78,0.9668,0.6287,0.266118,59,34,49,343.50,0.3633,0.1878,0.022957,4.333
930135,520,361,881,242,55,199,339.43,0.9345,0.6171,0.257360,20,38,79,264.12,0.6761,0.1761,0.020994,4.329
930139,520,430,950,240,4,100,9.18,0.9957,0.5495,0.195355,37,2,50,314.90,0.8928,0.0997,0.006671,4.329
930147,520,419,939,242,51,10,32.44,0.9914,0.5631,0.212702,36,19,18,23.44,0.3435,0.1082,0.008845,4.464
930162,520,416,936,241,28,124,2.20,0.9603,0.5659,0.209898,52,9,33,350.28,0.7147,0.1248,0.010354,4.306
930167,520,219,739,222,176,86,82.14,0.7210,0.7458,0.472536,11,86,18,143.82,0.9872,0.3031,0.067701,4.440
930169,520,362,882,227,89,160,351.41,0.7626,0.6083,0.260161,45,40,30,84.48,0.2055,0.1763,0.021692,4.326
930170,520,427,947,239,15,139,356.35,0.9808,0.5628,0.205596,44,2,32,342.01,0.8307,0.0995,0.006833,4.497
930178,520,428,948,246,21,78,17.26,0.9834,0.5613,0.206827,1,29,14,157.08,0.9755,0.1025,0.009168,4.341
930189,520,452,972,181,66,201,321.39,0.8043,0.5264,0.179384,24,8,6,29.86,0.4858,0.0658,0.003810,4.263
930190,520,307,827,233,88,255,322.15,1.0000,0.6673,0.315252,77,34,73,330.93,0.5654,0.2290,0.032031,4.453
930191,520,334,854,221,94,222,327.31,0.8522,0.6363,0.286534,20,37,111,267.64,0.8840,0.2046,0.026194,4.417
930209,520,412,932,175,81,240,308.20,0.8896,0.5651,0.212908,46,12,43,331.28,0.6646,0.1232,0.010183,4.368
930211,520,385,905,246,17,163,350.18,0.9840,0.5873,0.226414,43,29,36,347.59,0.2399,0.1475,0.015197,4.240
930213,520,446,966,226,40,112,4.63,0.9053,0.5385,0.188590,24,9,33,311.13,0.5959,0.0793,0.004994,4.338
930218,520,461,981,233,30,46,25.14,0.9736,0.5329,0.184526,0,11,21,238.24,1.0000,0.0535,0.002935,4.430
930245,520,63,583,219,241,187,125.83,0.6503,0.9167,0.815581,29,122,22,142.09,0.9822,0.4294,0.142376,4.499
930253,520,283,803,237,132,145,12.88,0.7182,0.6873,0.365538,4,62,99,244.29,0.9128,0.2533,0.043717,4.434
930254,520,290,810,246,83,250,326.89,0.9817,0.6786,0.326841,61,43,103,294.27,0.6056,0.2449,0.036991,4.332
930272,520,427,947,221,37,189,336.95,0.9304,0.5618,0.203718,45,0,40,333.44,1.0000,0.1033,0.007112,4.442
930280,520,480,1000,185,28,218,319.25,0.9524,0.5140,0.162081,0,0,0,0.00,0.0000,0.0000,0.000000,4.242
930324,520,416,936,234,47,141,356.11,0.9002,0.5693,0.214515,48,19,4,47.20,0.7675,0.1246,0.011030,4.334
930340,520,410,930,237,55,89,16.23,0.9076,0.5657,0.214613,10,30,51,251.67,0.6212,0.1277,0.012320,4.246
930341,520,180,700,228,169,254,315.17,0.9828,0.7891,0.520267,18,90,62,162.02,0.9165,0.3270,0.077884,4.459
930345,520,473,993,222,40,93,11.07,0.9083,0.5249,0.178402,11,0,7,339.18,1.0000,0.0302,0.000865,4.490
930357,520,450,970,220,16,167,343.13,0.9686,0.5386,0.183787,29,2,21,340.88,0.7765,0.0670,0.003588,4.363
930375,520,448,968,193,73,177,333.31,0.7448,0.5392,0.192784,0,22,24,202.39,1.0000,0.0838,0.006397,4.305
930377,520,398,918,214,81,160,347.03,0.7415,0.5758,0.227212,38,12,78,294.50,0.8401,0.1405,0.012251,4.453
930383,520,363,883,251,23,185,344.84,0.9834,0.6092,0.246282,3,9,126,265.07,0.9931,0.1744,0.017209,4.408
930405,520,342,862,251,72,152,357.74,0.9522,0.6270,0.274143,34,39,81,275.56,0.5593,0.1903,0.023851,4.389
930411,520,480,1000,196,56,155,342.03,0.7854,0.5128,0.169324,0,0,0,0.00,0.0000,0.0000,0.000000,4.386
930435,520,172,692,248,167,228,336.06,0.9256,0.7970,0.531972,97,77,42,80.31,0.4916,0.3445,0.080165,4.471
930443,520,396,916,170,103,220,308.62,0.7330,0.5779,0.234144,52,20,37,349.01,0.5256,0.1430,0.013640,4.465
930500,520,441,961,200,45,208,325.89,0.9053,0.5422,0.187119,37,1,39,326.02,0.8957,0.0896,0.005616,4.264
930532,520,368,888,240,76,156,354.46,0.8610,0.6131,0.260974,47,37,40,358.26,0.1429,0.1743,0.020807,4.392
930535,520,387,907,163,109,240,300.17,0.8237,0.5937,0.250154,2,42,11,147.28,0.9874,0.1461,0.016929,4.485
930538,520,409,929,167,93,236,304.93,0.8386,0.5689,0.221008,26,30,26,145.25,0.1139,0.1263,0.012227,4.355
930551,520,460,980,137,90,237,293.71,0.8500,0.5293,0.187451,19,4,28,311.46,0.7093,0.0606,0.003091,4.473
930600,520,387,907,234,73,128,3.90,0.8283,0.5888,0.238189,41,24,66,299.62,0.6132,0.1523,0.015180,4.421
930606,520,471,991,222,40,75,17.45,0.9248,0.5207,0.175579,1,5,23,262.91,0.8564,0.0417,0.001768,4.357
930609,520,373,893,233,65,177,344.46,0.8700,0.5985,0.242812,45,35,4,90.81,0.8322,0.1575,0.017688,4.326
930614,520,449,969,224,6,154,348.09,0.9883,0.5375,0.183133,18,10,33,297.23,0.5665,0.0742,0.004555,4.273
930625,520,409,929,205,72,206,327.53,0.8325,0.5745,0.220718,42,5,74,302.11,0.9023,0.1339,0.010952,4.441
930632,520,279,799,243,105,240,328.44,0.9490,0.6943,0.354515,11,59,102,250.57,0.8247,0.2486,0.041582,4.417
930641,520,417,937,246,1,134,359.03,0.9990,0.5721,0.213392,2,2,94,265.26,0.9971,0.1191,0.008644,4.491
930654,520,448,968,211,25,192,333.45,0.9520,0.5395,0.183520,12,3,55,279.50,0.9507,0.0756,0.004191,4.309
930668,520,420,940,201,9,246,317.45,0.9946,0.5568,0.192683,24,8,71,284.58,0.8966,0.1120,0.008228,4.168
930678,520,445,965,241,10,7,29.14,0.9958,0.5402,0.189366,26,14,18,357.84,0.2870,0.0837,0.005774,4.292
930684,520,472,992,207,44,149,346.74,0.8452,0.5192,0.172388,2,2,14,277.60,0.7241,0.0290,0.000880,4.371
930693,520,434,954,211,1,223,325.38,0.9991,0.5542,0.192003,26,19,39,299.01,0.4213,0.1047,0.008318,4.150
930699,520,431,951,233,15,135,356.49,0.9766,0.5492,0.194175,17,15,50,280.80,0.6823,0.0955,0.006911,4.290
930701,520,464,984,184,62,194,324.66,0.8052,0.5219,0.175319,4,7,31,270.80,0.7622,0.0547,0.002767,4.270
930706,520,414,934,180,76,247,308.76,0.9389,0.5709,0.215884,16,22,61,272.23,0.7103,0.1190,0.010209,4.416
930724,520,454,974,204,71,122,0.23,0.7292,0.5301,0.187510,10,4,54,277.17,0.9419,0.0748,0.004177,4.384
930727,520,398,918,204,47,252,316.27,0.9850,0.5828,0.219002,47,20,50,323.49,0.5644,0.1419,0.013350,4.246
930733,520,433,953,208,9,216,326.30,0.9901,0.5455,0.185651,31,4,52,305.32,0.8542,0.0954,0.006261,4.189
930749,520,397,917,162,96,251,299.68,0.9465,0.5789,0.230125,21,30,55,267.63,0.4830,0.1373,0.013638,4.402
930752,520,270,790,222,127,250,318.14,0.9529,0.7035,0.376119,18,66,79,219.57,0.7223,0.2565,0.045893,4.444
930755,520,212,732,181,188,202,264.45,0.1547,0.7604,0.500542,18,89,12,142.01,0.9850,0.3146,0.072996,4.476
930756,520,474,994,230,5,17,28.15,0.9973,0.5156,0.169751,0,1,29,264.19,0.9878,0.0346,0.001104,4.300
930762,520,452,972,182,17,253,310.67,0.9909,0.5346,0.174389,13,15,23,273.58,0.2370,0.0741,0.004891,4.088
930764,520,439,959,241,35,46,25.86,0.9724,0.5524,0.201034,22,17,27,307.20,0.2613,0.0893,0.006506,4.443
930765,520,341,861,238,40,249,325.70,0.9813,0.6315,0.265368,84,25,5,37.95,0.9049,0.2047,0.025914,4.154
930776,520,422,942,236,31,125,1.12,0.9465,0.5576,0.202966,10,28,34,222.01,0.4832,0.1119,0.010105,4.209
930779,520,384,904,217,68,204,331.68,0.8634,0.5885,0.232477,29,34,43,262.16,0.1867,0.1476,0.015797,4.293
930786,520,425,945,230,64,70,23.59,0.8909,0.5570,0.209349,47,10,7,28.51,0.7739,0.1083,0.008369,4.443
930798,520,448,968,192,53,210,322.82,0.8773,0.5368,0.184073,3,21,26,217.21,0.6978,0.0839,0.006302,4.157
930809,520,431,951,210,89,14,44.87,0.9575,0.5474,0.208803,31,19,13,47.53,0.3263,0.0998,0.007861,4.473
930818,520,357,877,245,90,61,32.70,0.9342,0.6154,0.270649,20,49,2,136.12,0.9852,0.1769,0.023497,4.363
930827,520,393,913,246,50,124,4.59,0.9281,0.5887,0.233326,49,22,37,346.87,0.4599,0.1417,0.013604,4.455
930829,520,350,870,224,64,251,321.37,0.9816,0.6266,0.264811,74,26,33,13.90,0.6072,0.1917,0.023047,4.310
930836,520,449,969,216,13,178,338.76,0.9758,0.5363,0.181035,14,15,11,118.72,0.1381,0.0705,0.004592,4.232
930844,520,420,940,234,5,165,346.86,0.9934,0.5622,0.203205,26,26,19,107.46,0.1777,0.1130,0.010054,4.216
930864,520,390,910,219,97,106,17.93,0.7024,0.5887,0.246523,26,38,13,130.32,0.6378,0.1467,0.016349,4.469
930869,520,456,976,149,84,228,300.92,0.8181,0.5264,0.183319,3,8,41,267.63,0.8939,0.0640,0.003531,4.359
930880,520,470,990,230,9,23,27.65,0.9949,0.5168,0.170833,4,4,17,280.15,0.5757,0.0386,0.001531,4.285
930881,520,473,993,219,52,65,22.30,0.9001,0.5225,0.179003,10,2,1,35.76,0.6414,0.0325,0.001101,4.481
930890,520,359,879,247,28,213,336.45,0.9830,0.6188,0.254118,19,44,66,247.27,0.5640,0.1824,0.023331,4.147
930894,520,454,974,209,1,196,331.81,0.9983,0.5317,0.175646,9,11,40,275.21,0.7069,0.0734,0.004506,4.140
930907,520,379,899,246,41,166,349.91,0.9468,0.5988,0.239351,39,26,72,292.87,0.6318,0.1588,0.016380,4.359
930915,520,342,862,237,77,198,339.09,0.8837,0.6281,0.273921,66,30,47,351.82,0.4798,0.1898,0.022922,4.442
930921,520,411,931,230,70,88,18.67,0.8524,0.5671,0.219107,33,23,30,337.53,0.2221,0.1175,0.010299,4.463
930922,520,365,885,235,68,185,342.44,0.8774,0.6088,0.253019,62,25,48,344.15,0.5381,0.1742,0.019329,4.371
930933,520,296,816,239,136,36,58.06,0.9333,0.6793,0.360890,6,68,36,154.29,0.9725,0.2427,0.043001,4.418
930969,520,320,840,251,81,183,347.64,0.9577,0.6491,0.298161,69,38,46,3.58,0.3751,0.2107,0.028488,4.436
930977,520,340,860,248,73,195,342.59,0.9458,0.6412,0.286647,59,44,28,67.75,0.3660,0.2046,0.028151,4.308
930995,520,448,968,214,73,64,27.43,0.8348,0.5361,0.194338,31,9,20,350.81,0.5272,0.0824,0.005372,4.413
931006,520,389,909,213,79,194,333.77,0.8018,0.5887,0.236351,32,19,87,283.52,0.8320,0.1531,0.014609,4.432
931016,520,435,955,234,8,124,0.25,0.9882,0.5455,0.191244,23,18,25,316.27,0.1968,0.0917,0.006850,4.244
931029,520,416,936,224,81,71,27.47,0.8334,0.5664,0.221897,16,23,60,271.37,0.6861,0.1204,0.010492,4.495
931033,520,411,931,245,10,133,359.34,0.9898,0.5715,0.213264,9,28,50,253.72,0.6375,0.1210,0.011188,4.303
931045,520,422,942,214,19,225,325.58,0.9832,0.5649,0.202002,35,20,17,31.77,0.3185,0.1087,0.008981,4.273
931051,520,417,937,253,0,62,21.18,1.0000,0.5684,0.212342,40,19,42,323.90,0.4962,0.1247,0.010841,4.312
931053,520,406,926,209,57,221,324.78,0.9080,0.5757,0.217038,41,0,79,299.45,1.0000,0.1320,0.010360,4.424
931063,520,338,858,254,56,210,339.10,0.9938,0.6449,0.285556,25,39,101,269.09,0.7885,0.2015,0.025972,4.417
931078,520,432,952,188,34,250,312.62,0.9765,0.5483,0.187387,31,16,24,346.84,0.3422,0.0969,0.007279,4.144
931080,520,379,899,254,43,108,10.52,0.9916,0.5951,0.238850,66,3,55,336.97,0.8640,0.1580,0.014994,4.444
931103,520,448,968,197,38,217,322.78,0.9341,0.5388,0.182679,24,6,42,303.09,0.7608,0.0807,0.004916,4.237
931115,520,478,998,219,11,115,0.60,0.9754,0.5121,0.165398,1,1,11,275.11,0.8474,0.0225,0.000523,4.263
931132,520,391,911,234,89,14,41.28,0.9793,0.5905,0.246718,34,34,45,284.86,0.1906,0.1536,0.016736,4.446
931133,520,390,910,242,48,141,357.77,0.9174,0.5854,0.229174,23,35,57,261.88,0.4382,0.1535,0.016796,4.180
931142,520,443,963,225,2,147,350.55,0.9960,0.5353,0.181603,14,8,45,283.69,0.7777,0.0761,0.004565,4.245
931145,520,348,868,247,28,225,333.44,0.9861,0.6260,0.260439,6,43,87,255.76,0.8720,0.1903,0.024544,4.164
931172,520,379,899,194,90,233,315.65,0.8549,0.5984,0.246660,66,19,13,30.07,0.7596,0.1601,0.016532,4.459
931177,520,467,987,189,55,189,327.97,0.8248,0.5195,0.172268,7,3,10,312.98,0.4530,0.0358,0.001322,4.331
931181,520,233,753,244,154,131,35.09,0.7832,0.7352,0.439853,22,78,64,173.00,0.7858,0.2894,0.059893,4.458
931187,520,283,803,217,143,167,358.67,0.5095,0.6876,0.371882,22,68,48,161.74,0.7643,0.2511,0.045180,4.432
931190,520,392,912,227,67,172,344.80,0.8414,0.5875,0.233263,20,32,62,265.85,0.5591,0.1469,0.015295,4.338
931207,520,439,959,225,62,73,21.95,0.8783,0.5457,0.199366,24,11,48,295.23,0.7051,0.0937,0.006469,4.416
931216,520,480,1000,202,67,63,25.84,0.8161,0.5056,0.169318,0,0,0,0.00,0.0000,0.0000,0.000000,4.386
931228,520,458,978,181,55,225,315.45,0.8935,0.5324,0.179935,2,15,17,206.28,0.6814,0.0631,0.003950,4.262
931255,520,318,838,205,116,248,313.53,0.9222,0.6623,0.322483,22,59,35,152.89,0.7509,0.2174,0.034197,4.424
931257,520,479,999,180,54,192,324.15,0.8241,0.5056,0.161487,1,0,4,296.85,1.0000,0.0133,0.000152,4.217
931264,520,445,965,207,71,137,353.98,0.7417,0.5412,0.195801,35,7,7,23.35,0.6885,0.0816,0.005247,4.449
931270,520,457,977,204,6,206,327.82,0.9911,0.5306,0.174257,6,12,12,196.08,0.2344,0.0572,0.003282,4.209
931317,520,467,987,178,67,196,321.81,0.7859,0.5196,0.174659,2,0,34,271.55,1.0000,0.0389,0.001284,4.381
931334,520,403,923,226,66,165,346.99,0.8340,0.5814,0.227843,22,33,12,131.60,0.5935,0.1278,0.012848,4.421
931353,520,402,922,230,29,200,335.98,0.9658,0.5806,0.218745,50,0,57,322.42,1.0000,0.1253,0.009736,4.499
931401,520,394,914,219,36,238,323.60,0.9714,0.5898,0.224969,25,4,96,278.36,0.9803,0.1389,0.011380,4.480
931402,520,433,953,235,50,11,32.44,0.9890,0.5480,0.199707,0,10,72,263.91,1.0030,0.0988,0.006849,4.392
931421,520,397,917,255,17,63,21.63,1.0000,0.5764,0.220236,23,27,71,274.87,0.6809,0.1444,0.014209,4.209
931425,520,320,840,251,45,236,331.69,0.9844,0.6477,0.284452,94,10,21,21.24,0.9174,0.2117,0.026513,4.371
931426,520,477,997,211,20,136,351.49,0.9394,0.5071,0.161291,1,1,6,278.68,0.6638,0.0197,0.000413,4.191
931436,520,450,970,220,60,94,13.30,0.8398,0.5385,0.192581,20,11,3,68.56,0.5590,0.0657,0.003947,4.497
931440,520,381,901,239,20,206,336.43,0.9853,0.5974,0.233101,1,22,104,264.03,0.9901,0.1593,0.015796,4.303
931460,520,190,710,224,169,241,318.06,0.8005,0.7784,0.505751,61,84,14,126.69,0.9086,0.3218,0.073644,4.495
931461,520,350,870,252,72,166,352.99,0.9656,0.6342,0.280867,33,47,36,150.93,0.2916,0.1863,0.024837,4.421
931462,520,374,894,229,20,235,326.90,0.9892,0.5983,0.231589,51,19,72,309.01,0.7181,0.1625,0.016375,4.242
931464,520,237,757,228,139,243,321.66,0.8999,0.7277,0.414318,45,62,128,269.62,0.6547,0.2940,0.055614,4.396
931469,520,377,897,248,17,187,343.57,0.9880,0.6028,0.239485,1,14,114,264.52,0.9865,0.1612,0.015353,4.430
931499,520,438,958,205,15,224,323.51,0.9852,0.5475,0.187044,0,14,56,261.82,1.0000,0.0876,0.005996,4.233
931509,520,410,930,239,48,105,10.01,0.9177,0.5679,0.214877,42,17,49,318.44,0.6003,0.1284,0.011149,4.332
931516,520,392,912,211,52,248,318.91,0.9678,0.5943,0.230839,18,16,99,271.94,0.9519,0.1514,0.013999,4.388
931520,520,422,942,238,21,119,3.06,0.9708,0.5554,0.200486,43,18,3,51.39,0.7750,0.1139,0.009529,4.208
931525,520,259,779,237,135,196,344.36,0.7692,0.7107,0.393201,35,68,86,234.17,0.4806,0.2743,0.051633,4.361
931558,520,380,900,246,2,196,340.57,0.9987,0.6009,0.236249,45,33,31,29.29,0.1871,0.1581,0.017446,4.244
931569,520,477,997,213,51,87,13.62,0.8567,0.5142,0.172043,0,3,0,142.50,1.0000,0.0226,0.000651,4.384
931578,520,416,936,238,44,120,4.14,0.9194,0.5675,0.213377,0,26,62,256.19,0.9999,0.1208,0.010865,4.327
931581,520,464,984,166,47,240,307.63,0.9326,0.5155,0.164320,17,4,14,335.64,0.5409,0.0508,0.002377,4.092
931589,520,391,911,226,4,242,324.65,0.9982,0.5947,0.226687,65,13,27,8.88,0.7362,0.1531,0.014910,4.263
931592,520,468,988,205,51,151,345.83,0.8172,0.5224,0.175832,0,7,12,226.57,1.0000,0.0399,0.001785,4.361
931619,520,414,934,222,65,162,347.02,0.8224,0.5719,0.219212,20,29,20,144.79,0.2967,0.1161,0.010779,4.429
931660,520,402,922,232,4,210,333.74,0.9970,0.5835,0.218984,43,22,19,28.80,0.3976,0.1256,0.011345,4.385
931670,520,475,995,228,7,98,8.13,0.9893,0.5245,0.175307,9,3,0,66.15,1.0000,0.0339,0.001232,4.398
931677,520,412,932,227,8,199,335.46,0.9918,0.5683,0.206306,52,11,4,33.57,0.8591,0.1189,0.009783,4.287
931686,520,366,886,228,43,237,326.02,0.9675,0.6081,0.243385,48,1,104,293.60,0.9908,0.1720,0.016496,4.412
931702,520,470,990,164,80,201,314.13,0.7364,0.5199,0.178476,1,9,2,147.74,0.9265,0.0423,0.002062,4.389
931704,520,349,869,229,71,227,328.47,0.9195,0.6252,0.267128,48,29,86,294.84,0.6749,0.1873,0.021790,4.417
931710,520,452,972,233,28,8,30.13,0.9926,0.5293,0.181748,3,19,8,153.92,0.8294,0.0719,0.005026,4.212
931715,520,344,864,234,52,240,326.69,0.9637,0.6259,0.262421,47,32,84,293.28,0.6268,0.1903,0.022775,4.293
931721,520,463,983,181,71,193,323.65,0.7676,0.5272,0.181817,11,4,20,304.18,0.6017,0.0471,0.002085,4.451
931730,520,463,983,180,22,251,310.42,0.9836,0.5314,0.172432,21,5,3,32.91,0.6097,0.0546,0.002746,4.217
931753,520,308,828,254,87,208,340.55,0.9919,0.6725,0.324444,88,33,42,12.64,0.5977,0.2328,0.033299,4.495
931796,520,387,907,240,33,175,345.58,0.9568,0.5874,0.227111,50,17,60,317.57,0.6811,0.1485,0.014053,4.326
931823,520,423,943,226,75,17,37.70,0.9716,0.5568,0.212441,11,22,53,266.38,0.6832,0.1090,0.009020,4.447
931824,520,399,919,215,43,225,325.61,0.9478,0.5779,0.216131,42,1,86,296.57,0.9851,0.1425,0.011859,4.302
931826,520,368,888,236,65,185,342.56,0.8872,0.6077,0.251190,79,4,23,14.54,0.9274,0.1731,0.018113,4.422
931863,520,85,605,247,219,225,3.17,0.5881,0.9023,0.758743,21,116,67,154.70,0.9578,0.4145,0.130549,4.479
931865,520,261,781,253,126,165,2.23,0.9392,0.7071,0.385239,74,61,10,93.80,0.8451,0.2676,0.048154,4.434
931871,520,480,1000,173,78,161,332.51,0.6500,0.5054,0.169073,0,0,0,0.00,0.0000,0.0000,0.000000,4.381
931873,520,476,996,207,66,51,29.63,0.8632,0.5120,0.174031,0,2,5,242.21,1.0000,0.0215,0.000544,4.432
931915,520,379,899,220,47,246,321.85,0.9646,0.6037,0.239045,27,42,0,127.49,1.0000,0.1583,0.018889,4.196
931919,520,461,981,216,33,142,350.99,0.9027,0.5258,0.176421,17,3,19,323.22,0.6631,0.0508,0.002313,4.328
931968,520,329,849,248,24,255,326.78,1.0000,0.6460,0.278326,24,20,133,270.90,0.9697,0.2050,0.023878,4.444
931978,520,463,983,171,63,230,310.54,0.8787,0.5297,0.179269,24,0,17,339.99,1.0000,0.0529,0.002347,4.380
931979,520,452,972,117,103,235,283.72,0.8250,0.5311,0.194802,12,16,20,248.44,0.1654,0.0744,0.004992,4.452
931987,520,420,940,185,55,247,311.61,0.9557,0.5561,0.197631,19,28,22,155.47,0.2476,0.1130,0.010269,4.109
932006,520,453,973,136,94,232,293.44,0.8133,0.5310,0.190658,5,8,48,270.46,0.9062,0.0721,0.004193,4.441
932020,520,473,993,221,39,97,9.33,0.9059,0.5233,0.176889,0,3,15,257.67,1.0000,0.0302,0.000996,4.449
932024,520,328,848,221,95,235,323.57,0.8962,0.6454,0.295566,38,56,8,128.26,0.8971,0.2133,0.032579,4.185
932025,520,468,988,164,64,224,309.48,0.8582,0.5159,0.169418,3,4,13,274.25,0.4868,0.0355,0.001352,4.273
932033,520,425,945,205,71,189,332.91,0.7988,0.5632,0.211615,18,30,3,129.34,0.8897,0.1138,0.010637,4.314
932042,520,0,520,255,255,255,0.00,0.0000,1.0000,1.000000,23,135,96,163.40,0.9463,0.4836,0.183538,4.496
932050,520,385,905,216,50,237,322.84,0.9499,0.5928,0.229965,49,18,68,309.95,0.7106,0.1547,0.015030,4.305
932062,520,399,919,226,62,160,348.53,0.8418,0.5751,0.221546,38,26,52,304.22,0.4457,0.1426,0.013988,4.244
932070,520,458,978,232,13,64,19.57,0.9884,0.5267,0.178169,17,2,40,296.40,0.8909,0.0635,0.003158,4.292
932087,520,472,992,221,30,93,9.98,0.9357,0.5167,0.170937,0,4,7,227.14,1.0000,0.0294,0.001022,4.330
932093,520,404,924,190,74,242,313.22,0.9181,0.5788,0.222566,51,17,13,28.89,0.6413,0.1280,0.011339,4.444
932097,520,396,916,231,15,202,335.62,0.9865,0.5790,0.215975,21,33,47,252.86,0.3586,0.1403,0.014523,4.122
932102,520,456,976,229,43,37,28.29,0.9565,0.5317,0.185223,7,8,38,275.22,0.7721,0.0646,0.003588,4.390
932106,520,382,902,240,62,150,355.30,0.8795,0.5965,0.241755,70,13,19,19.71,0.8035,0.1613,0.016372,4.396
932109,520,386,906,216,26,251,320.06,0.9861,0.5902,0.223047,7,43,6,142.57,0.9692,0.1509,0.017860,4.024
932114,520,450,970,237,25,22,28.70,0.9851,0.5370,0.187610,9,14,17,234.46,0.1866,0.0661,0.004126,4.390
932115,520,407,927,211,83,160,346.38,0.7240,0.5735,0.225755,18,20,75,274.01,0.8413,0.1299,0.011369,4.493
932119,520,476,996,226,3,14,28.31,0.9983,0.5062,0.162685,1,0,12,278.75,1.0000,0.0192,0.000330,4.226
932121,520,376,896,255,25,138,359.93,1.0000,0.5976,0.237939,45,32,48,319.93,0.2994,0.1630,0.018043,4.232
932155,520,460,980,189,53,212,321.36,0.8783,0.5334,0.181199,9,3,46,279.50,0.9309,0.0638,0.003204,4.345
932156,520,432,952,230,29,138,355.32,0.9414,0.5496,0.195396,16,21,38,270.54,0.4048,0.0992,0.007864,4.241
932158,520,244,764,239,126,254,322.80,0.9937,0.7267,0.404301,79,62,24,84.98,0.6365,0.2785,0.051736,4.465
932170,520,398,918,189,94,212,319.47,0.7494,0.5835,0.235788,27,36,6,124.18,0.7876,0.1403,0.015079,4.391
932174,520,368,888,244,64,149,356.66,0.9012,0.6053,0.250730,12,46,34,166.49,0.7465,0.1693,0.021476,4.207
932178,520,458,978,210,59,120,0.49,0.7943,0.5264,0.181879,10,8,35,281.66,0.6870,0.0646,0.003595,4.326
932183,520,326,846,252,44,242,330.50,0.9892,0.6527,0.289107,58,33,89,301.54,0.6379,0.2101,0.027086,4.399
932193,520,466,986,186,65,187,327.49,0.7830,0.5240,0.178089,11,6,24,294.80,0.5679,0.0539,0.002673,4.330
932198,520,451,971,214,4,200,332.00,0.9944,0.5442,0.185553,12,9,38,282.82,0.6879,0.0704,0.004135,4.351
932204,520,278,798,253,80,254,327.70,0.9967,0.6891,0.337785,31,32,155,270.82,0.9542,0.2541,0.036906,4.462
932216,520,320,840,247,37,249,327.80,0.9864,0.6452,0.279397,55,38,75,303.89,0.4759,0.2059,0.027065,4.274
932225,520,384,904,253,52,15,31.94,0.9919,0.5864,0.233768,67,9,10,25.33,0.8870,0.1488,0.014108,4.426
932227,520,467,987,209,65,81,18.48,0.8059,0.5199,0.179322,0,9,0,142.50,1.0000,0.0406,0.001954,4.414
932228,520,384,904,209,43,252,317.73,0.9860,0.5880,0.223130,52,26,20,33.91,0.4609,0.1489,0.015195,4.189
932232,520,477,997,136,80,233,295.52,0.8534,0.5088,0.168548,0,0,10,264.05,1.0000,0.0158,0.000219,4.352
932244,520,450,970,236,33,19,29.68,0.9822,0.5386,0.189708,28,1,36,318.02,0.8955,0.0728,0.003960,4.442
932247,520,320,840,246,53,245,328.39,0.9736,0.6498,0.287344,41,51,38,138.52,0.2511,0.2062,0.029790,4.228
932252,520,434,954,204,26,229,321.94,0.9726,0.5534,0.192350,17,11,64,278.88,0.8677,0.1021,0.007287,4.230
932272,520,446,966,235,14,92,11.40,0.9837,0.5392,0.187521,18,11,41,289.96,0.6486,0.0817,0.005280,4.297
932276,520,395,915,252,61,53,27.97,0.9850,0.5948,0.242936,15,38,28,163.59,0.5575,0.1428,0.015716,4.458
932288,520,293,813,242,125,145,10.53,0.7801,0.6824,0.355914,15,69,11,142.10,0.9764,0.2445,0.043818,4.327
932290,520,437,957,192,34,249,313.96,0.9726,0.5537,0.191914,3,2,73,266.90,0.9942,0.0899,0.005438,4.364
932301,520,403,923,245,6,145,355.41,0.9939,0.5753,0.215904,15,27,65,267.32,0.7052,0.1335,0.012670,4.243
932314,520,430,950,212,33,201,331.19,0.9411,0.5508,0.193039,3,7,72,266.65,0.9783,0.0963,0.006391,4.310
932321,520,432,952,239,32,50,24.68,0.9736,0.5470,0.196173,11,0,80,272.22,1.0000,0.1015,0.006503,4.357
932324,520,420,940,243,38,66,21.59,0.9632,0.5609,0.208377,26,17,54,290.53,0.6463,0.1115,0.008868,4.389
932325,520,480,1000,210,49,109,3.82,0.8342,0.5129,0.170047,0,0,0,0.00,0.0000,0.0000,0.000000,4.401
932327,520,465,985,211,68,37,33.73,0.9067,0.5206,0.181190,7,9,13,261.76,0.1741,0.0517,0.002696,4.387
932328,520,381,901,247,28,168,349.09,0.9708,0.5952,0.234351,32,19,94,281.62,0.8657,0.1609,0.015809,4.321
932336,520,407,927,230,15,195,337.28,0.9844,0.5729,0.211074,23,8,90,277.83,0.9563,0.1339,0.010940,4.284
932350,520,430,950,237,52,23,31.60,0.9749,0.5543,0.205256,6,16,58,267.18,0.8799,0.0974,0.007147,4.467
932362,520,366,886,255,67,66,26.05,1.0000,0.6079,0.256713,43,38,40,351.45,0.0750,0.1720,0.020530,4.349
932365,520,452,972,188,7,238,315.70,0.9940,0.5285,0.170177,6,16,7,147.17,0.5333,0.0656,0.004246,4.059
932371,520,235,755,196,174,192,331.98,0.2204,0.7384,0.458141,15,83,17,143.21,0.9806,0.2936,0.063283,4.486
932395,520,458,978,224,53,62,23.67,0.9116,0.5329,0.187441,10,11,7,118.11,0.1765,0.0566,0.003192,4.464
932396,520,407,927,216,55,204,331.40,0.8948,0.5747,0.216930,55,13,3,36.35,0.8842,0.1275,0.011068,4.371
932397,520,309,829,254,111,79,34.08,0.9884,0.6641,0.330075,19,62,13,141.33,0.9580,0.2220,0.036126,4.413
932410,520,13,533,243,255,217,121.60,1.0000,0.9782,0.955843,20,135,60,148.97,0.9814,0.4747,0.178021,4.411
932422,520,323,843,252,29,242,330.53,0.9905,0.6459,0.279881,12,58,20,146.15,0.9545,0.2065,0.031547,4.045
932429,520,437,957,232,50,82,17.39,0.9136,0.5500,0.200492,9,17,39,266.75,0.5857,0.0853,0.006054,4.469
932433,520,433,953,183,74,213,318.24,0.8117,0.5475,0.197701,30,20,4,78.89,0.6660,0.0988,0.007851,4.282
932473,520,410,930,236,56,126,2.77,0.8813,0.5749,0.221706,9,35,20,155.41,0.7650,0.1276,0.013106,4.306
932480,520,452,972,204,45,171,338.21,0.8551,0.5260,0.176564,25,8,21,336.61,0.4988,0.0723,0.004345,4.169
932483,520,374,894,199,76,255,312.96,1.0000,0.6038,0.245322,37,30,61,292.35,0.4713,0.1566,0.016588,4.435
932492,520,409,929,206,46,237,320.23,0.9488,0.5737,0.211919,52,19,11,34.85,0.6543,0.1330,0.012201,4.211
932497,520,444,964,216,75,16,38.78,0.9655,0.5378,0.196709,18,16,15,48.49,0.0575,0.0779,0.005337,4.458
932505,520,433,953,220,64,114,5.76,0.8095,0.5485,0.200998,17,4,67,280.10,0.9535,0.0952,0.006112,4.473
932532,520,460,980,154,64,252,300.17,0.9780,0.5265,0.175654,13,0,49,285.16,1.0000,0.0644,0.003073,4.252
932557,520,331,851,216,117,165,350.80,0.6154,0.6367,0.300400,22,46,87,260.39,0.6655,0.2049,0.028126,4.485
932568,520,417,937,223,1,217,329.83,0.9992,0.5712,0.207218,5,32,20,161.29,0.8400,0.1160,0.011158,4.206
932576,520,436,956,235,4,143,354.03,0.9942,0.5540,0.197352,8,18,47,266.35,0.7086,0.0930,0.006894,4.348
932607,520,386,906,198,92,202,326.09,0.7417,0.5875,0.239257,34,37,7,114.64,0.7385,0.1504,0.016786,4.331
932617,520,343,863,224,66,253,320.86,0.9903,0.6298,0.268376,40,43,57,275.26,0.2129,0.1902,0.024743,4.260
932622,520,420,940,248,26,22,28.81,0.9874,0.5608,0.207568,13,28,36,233.02,0.4095,0.1147,0.010434,4.262
932648,520,413,933,190,80,212,320.62,0.7987,0.5650,0.214392,5,33,3,141.62,0.9736,0.1156,0.011265,4.316
932652,520,390,910,246,53,116,7.69,0.9285,0.5886,0.234033,21,14,102,273.48,0.9568,0.1546,0.014327,4.415
932659,520,440,960,209,70,157,345.87,0.7653,0.5522,0.203720,14,15,50,276.75,0.7092,0.0931,0.006653,4.479
932675,520,429,949,136,101,238,291.20,0.8313,0.5482,0.207145,19,25,21,156.02,0.1670,0.1041,0.008878,4.367
932682,520,435,955,210,73,130,358.20,0.7409,0.5463,0.200806,9,19,38,262.12,0.5445,0.0894,0.006637,4.428
932684,520,419,939,250,5,69,19.42,0.9971,0.5641,0.208659,29,7,70,290.52,0.8864,0.1150,0.008554,4.417
932688,520,468,988,197,72,117,1.32,0.7022,0.5172,0.177912,7,2,26,289.57,0.8277,0.0423,0.001632,4.414
932706,520,319,839,232,85,235,326.99,0.9204,0.6498,0.296532,26,62,5,136.93,0.9776,0.2246,0.036757,3.994
932707,520,393,913,220,1,255,320.39,1.0000,0.5939,0.224594,51,15,55,323.58,0.6853,0.1437,0.013214,4.344
932712,520,448,968,212,51,157,345.46,0.8375,0.5381,0.188012,23,12,24,323.84,0.3782,0.0785,0.005111,4.319
932738,520,410,930,242,55,33,30.65,0.9631,0.5676,0.217228,38,23,46,313.13,0.4411,0.1324,0.012221,4.295
932746,520,436,956,198,52,220,321.99,0.9054,0.5529,0.196306,34,5,30,333.63,0.7143,0.0853,0.005424,4.444
932773,520,432,952,192,29,250,313.87,0.9775,0.5521,0.189886,38,10,35,331.91,0.6320,0.1024,0.007506,4.172
932790,520,424,944,211,37,220,325.88,0.9506,0.5640,0.203413,38,4,52,313.76,0.8404,0.1058,0.007469,4.410
932809,520,418,938,226,76,46,33.20,0.9034,0.5602,0.215376,19,10,78,277.26,0.9286,0.1182,0.009055,4.494
932824,520,418,938,214,88,73,29.30,0.7686,0.5589,0.217589,18,27,50,266.56,0.4864,0.1238,0.011427,4.356
932826,520,339,859,223,125,52,53.50,0.8277,0.6352,0.306053,13,54,54,195.08,0.7264,0.2039,0.029901,4.456
932840,520,21,541,248,245,251,308.36,0.4648,0.9699,0.922264,2,133,36,145.25,0.9989,0.4628,0.169146,4.437
932842,520,172,692,222,179,247,312.79,0.8344,0.7994,0.544859,52,91,44,140.27,0.7157,0.3412,0.083939,4.441
932849,520,304,824,243,82,250,326.14,0.9808,0.6729,0.319939,1,67,20,147.13,0.9975,0.2349,0.040711,4.078
932862,520,361,881,241,19,240,328.55,0.9930,0.6223,0.254605,82,10,8,27.97,0.9317,0.1827,0.020288,4.334
932865,520,325,845,254,69,205,340.82,0.9927,0.6528,0.297381,73,35,50,356.16,0.4592,0.2126,0.028490,4.426
932869,520,375,895,247,82,6,38.44,0.9944,0.6049,0.258253,22,43,24,146.38,0.5759,0.1619,0.019642,4.426
932880,520,391,911,254,25,106,9.95,0.9927,0.5857,0.228104,50,23,38,346.78,0.4520,0.1457,0.014309,4.324
932888,520,341,861,249,59,186,345.04,0.9538,0.6261,0.268160,57,36,72,309.79,0.4838,0.2022,0.025995,4.187
932889,520,450,970,234,32,73,18.38,0.9604,0.5401,0.190096,5,5,54,270.83,0.9572,0.0729,0.004071,4.440
932893,520,396,916,240,42,138,358.02,0.9270,0.5764,0.220193,54,20,3,46.03,0.8325,0.1372,0.012913,4.295
932895,520,420,940,206,42,219,324.72,0.9349,0.5579,0.198940,15,12,75,274.24,0.9240,0.1143,0.008725,4.239
932897,520,268,788,178,152,246,295.64,0.8009,0.6971,0.385753,57,65,26,119.18,0.6106,0.2612,0.047250,4.481
932916,520,436,956,217,52,154,347.88,0.8444,0.5468,0.195431,42,0,26,347.36,1.0000,0.0894,0.005669,4.409
932954,520,458,978,158,69,249,301.65,0.9549,0.5348,0.183653,26,4,16,348.12,0.6502,0.0640,0.003439,4.372
932972,520,310,830,247,85,207,339.06,0.9428,0.6582,0.307790,5,50,100,255.17,0.9107,0.2203,0.032334,4.346
932990,520,384,904,252,10,134,0.27,0.9921,0.5860,0.226374,8,25,89,265.93,0.9245,0.1497,0.014681,4.273
933036,520,476,996,189,54,168,334.98,0.7950,0.5056,0.162859,5,0,9,314.44,1.0000,0.0236,0.000520,4.213
933043,520,333,853,253,100,9,42.66,0.9929,0.6403,0.300201,23,52,52,195.47,0.4832,0.2012,0.028860,4.441
933047,520,360,880,231,87,171,347.70,0.8000,0.6170,0.267481,26,38,75,268.13,0.5744,0.1767,0.021138,4.463
933055,520,477,997,204,30,156,342.95,0.8969,0.5079,0.161683,0,0,21,264.05,1.0000,0.0245,0.000541,4.188
933073,520,14,534,252,255,181,109.96,0.9999,0.9775,0.955520,38,134,43,143.77,0.9641,0.4732,0.176360,4.442
933102,520,418,938,204,54,210,326.36,0.8892,0.5575,0.201306,21,25,46,274.34,0.4224,0.1184,0.010519,4.152
933112,520,456,976,223,4,140,352.48,0.9914,0.5286,0.176709,8,13,12,181.93,0.1700,0.0611,0.003660,4.225
933113,520,465,985,198,76,105,8.75,0.6911,0.5205,0.181964,20,1,9,352.06,0.7851,0.0459,0.001902,4.469
933125,520,351,871,229,69,236,326.17,0.9347,0.6289,0.269726,46,46,19,108.79,0.5397,0.1919,0.025819,4.217
933128,520,471,991,183,21,235,314.77,0.9778,0.5217,0.166030,14,3,5,5.55,0.5079,0.0414,0.001695,4.179
933130,520,469,989,172,39,243,309.23,0.9529,0.5210,0.166936,15,0,10,339.17,1.0000,0.0367,0.001235,4.234
933131,520,278,798,240,108,226,331.74,0.9159,0.6863,0.347437,10,46,140,263.80,0.9511,0.2524,0.039117,4.460
933140,520,456,976,221,42,111,4.30,0.8872,0.5296,0.181784,10,12,20,273.40,0.2621,0.0635,0.003780,4.310
933144,520,381,901,246,35,181,345.14,0.9629,0.6027,0.241343,36,21,85,287.02,0.7851,0.1584,0.015673,4.436
933175,520,403,923,238,58,130,1.86,0.8814,0.5818,0.228180,41,25,8,65.73,0.5966,0.1270,0.011843,4.498
933176,520,372,892,250,16,194,342.05,0.9904,0.6100,0.245929,1,37,80,255.58,0.9690,0.1662,0.019087,4.283
933195,520,431,951,170,78,235,307.86,0.8684,0.5504,0.199937,1,6,80,264.92,0.9879,0.1040,0.007158,4.373
933226,520,374,894,251,21,156,353.42,0.9815,0.5953,0.234493,51,23,64,313.81,0.6168,0.1628,0.016868,4.255
933232,520,478,998,184,69,169,333.19,0.7301,0.5149,0.173125,1,0,7,286.54,1.0000,0.0158,0.000218,4.443
933276,520,433,953,240,12,107,7.11,0.9867,0.5532,0.198530,12,11,65,273.91,0.9081,0.0995,0.006991,4.361
933279,520,368,888,229,66,213,332.32,0.9074,0.6119,0.253609,6,48,17,148.02,0.9645,0.1694,0.021930,4.221
933291,520,470,990,231,21,45,24.59,0.9834,0.5245,0.177178,16,2,1,32.13,0.7887,0.0399,0.001558,4.406
933297,520,453,973,209,56,149,347.97,0.8079,0.5334,0.185557,22,2,41,303.40,0.8822,0.0703,0.003741,4.383
933313,520,38,558,240,239,246,292.79,0.2959,0.9475,0.869121,55,125,8,137.20,0.9915,0.4481,0.154965,4.484
933347,520,24,544,253,254,124,109.33,0.9873,0.9661,0.932221,1,131,85,160.00,0.9983,0.4650,0.168941,4.486
933357,520,449,969,191,72,178,332.26,0.7468,0.5353,0.189269,26,11,8,32.61,0.4220,0.0748,0.004765,4.369
933365,520,299,819,208,115,249,314.43,0.9363,0.6652,0.325121,12,60,68,211.22,0.7815,0.2297,0.037271,4.298
933389,520,443,963,230,50,25,31.20,0.9682,0.5384,0.191774,18,12,37,291.60,0.5725,0.0806,0.005251,4.376
933398,520,461,981,216,47,125,358.33,0.8518,0.5285,0.181151,7,9,3,121.19,0.4294,0.0483,0.002471,4.405
933400,520,475,995,162,74,216,309.85,0.8041,0.5195,0.175375,0,0,22,264.05,1.0000,0.0253,0.000579,4.456
933403,520,350,870,254,77,126,8.45,0.9862,0.6292,0.278884,0,46,80,247.08,1.0000,0.1910,0.025330,4.366
933436,520,456,976,217,51,111,4.57,0.8457,0.5290,0.182695,0,15,7,162.38,1.0000,0.0582,0.003570,4.344
933438,520,438,958,237,44,22,30.58,0.9776,0.5479,0.198670,19,21,24,258.37,0.0886,0.0946,0.007407,4.332
933464,520,408,928,252,9,73,18.68,0.9950,0.5698,0.213756,38,27,22,45.62,0.2322,0.1308,0.012539,4.217
933476,520,280,800,237,133,147,12.12,0.7148,0.6897,0.368885,48,60,73,250.67,0.2173,0.2534,0.043411,4.484
933494,520,452,972,228,0,128,357.55,1.0000,0.5329,0.180554,9,11,38,275.50,0.6765,0.0718,0.004373,4.240
933495,520,351,871,237,46,249,325.40,0.9797,0.6331,0.268006,75,10,74,328.82,0.8096,0.1949,0.022076,4.412
933516,520,377,897,189,83,252,310.05,0.9729,0.5959,0.240346,54,14,76,310.40,0.7890,0.1638,0.016202,4.386
933517,520,475,995,193,29,201,326.00,0.9349,0.5153,0.164348,4,4,4,0.00,0.0000,0.0329,0.001214,4.185
933525,520,359,879,250,80,99,18.40,0.9507,0.6184,0.269655,11,48,40,175.81,0.7577,0.1777,0.023382,4.356
933530,520,466,986,177,19,246,310.66,0.9844,0.5212,0.164677,16,3,10,345.02,0.5681,0.0457,0.001972,4.131
933543,520,403,923,249,23,135,359.76,0.9765,0.5838,0.225053,12,33,40,222.21,0.5098,0.1308,0.013190,4.353
933544,520,438,958,233,36,103,8.69,0.9352,0.5473,0.195677,34,12,12,21.29,0.5022,0.0896,0.006296,4.364
933545,520,391,911,223,101,15,47.39,0.9649,0.5897,0.250323,1,43,0,142.12,1.0000,0.1475,0.017341,4.460
933547,520,423,943,221,54,157,347.89,0.8504,0.5573,0.204473,46,9,29,350.66,0.6780,0.1117,0.008650,4.339
933553,520,452,972,210,5,188,334.30,0.9906,0.5293,0.174431,4,15,29,252.71,0.6046,0.0706,0.004561,4.113
933561,520,353,873,175,115,236,304.93,0.7914,0.6156,0.274320,40,42,44,247.99,0.0425,0.1813,0.022889,4.450
933568,520,476,996,224,17,13,29.02,0.9894,0.5055,0.162801,0,2,5,242.21,1.0000,0.0215,0.000544,4.210
933582,520,416,936,221,16,219,328.82,0.9866,0.5721,0.208595,41,5,57,312.70,0.8373,0.1162,0.008754,4.401
933594,520,379,899,250,52,129,3.69,0.9545,0.5996,0.243684,45,17,86,296.06,0.8089,0.1642,0.016307,4.429
933598,520,403,923,216,32,235,323.59,0.9731,0.5806,0.216321,58,5,31,356.17,0.8044,0.1310,0.011072,4.361
933614,520,402,922,210,62,221,324.96,0.8983,0.5819,0.223692,11,23,71,267.68,0.8508,0.1277,0.011388,4.458
933622,520,384,904,250,26,135,0.05,0.9731,0.5869,0.228156,69,3,5,26.38,0.9681,0.1459,0.013415,4.386
933624,520,151,671,232,186,224,332.21,0.6255,0.8151,0.576565,16,97,78,172.24,0.9199,0.3547,0.092092,4.410
933630,520,437,957,239,36,30,28.65,0.9742,0.5473,0.197095,13,22,26,227.23,0.2567,0.0931,0.007339,4.309
933642,520,428,948,236,32,124,1.52,0.9443,0.5577,0.203242,35,10,32,332.26,0.5991,0.0959,0.006787,4.459
933661,520,398,918,254,35,69,21.23,0.9946,0.5824,0.227063,11,7,103,268.87,0.9875,0.1423,0.012023,4.467
933682,520,393,913,222,29,232,325.84,0.9776,0.5873,0.222367,31,34,3,114.71,0.8594,0.1377,0.014419,4.228
933687,520,312,832,240,121,70,42.65,0.8584,0.6564,0.326450,26,55,70,232.95,0.4989,0.2213,0.033941,4.485
933691,520,418,938,251,0,48,24.01,1.0000,0.5623,0.207264,6,31,39,222.31,0.6809,0.1213,0.011651,4.173
933707,520,399,919,253,47,38,28.74,0.9918,0.5840,0.230593,2,34,64,250.55,0.8971,0.1449,0.015270,4.299
933710,520,453,973,207,80,48,35.20,0.8413,0.5307,0.192183,11,15,19,248.47,0.1714,0.0708,0.004598,4.436
933713,520,338,858,214,98,228,323.23,0.8510,0.6350,0.286346,62,36,45,357.65,0.3400,0.1950,0.024755,4.499
933732,520,470,990,175,7,254,308.59,0.9956,0.5224,0.164226,4,2,22,283.05,0.8177,0.0363,0.001272,4.178
933736,520,442,962,229,5,144,352.46,0.9912,0.5426,0.187830,15,14,30,285.32,0.4103,0.0773,0.005094,4.317
933756,520,478,998,212,27,141,350.16,0.9164,0.5144,0.167063,0,1,12,262.93,1.0003,0.0216,0.000482,4.300
933769,520,347,867,241,40,241,328.23,0.9795,0.6311,0.265719,28,33,103,273.19,0.8255,0.1925,0.023138,4.317
933777,520,401,921,186,87,227,314.65,0.8259,0.5789,0.228026,8,3,108,267.41,0.9960,0.1439,0.011993,4.485
933778,520,475,995,168,26,254,306.18,0.9952,0.5180,0.162201,0,3,16,258.54,1.0000,0.0307,0.001025,4.159
933779,520,431,951,230,58,66,23.64,0.9083,0.5502,0.202454,36,18,14,33.29,0.4026,0.1050,0.008394,4.323
933781,520,398,918,230,57,158,349.86,0.8670,0.5769,0.222206,26,34,33,187.14,0.1441,0.1404,0.014735,4.205
933783,520,374,894,237,47,201,337.54,0.9426,0.6036,0.242574,31,35,52,273.75,0.2934,0.1571,0.017413,4.340
933787,520,258,778,210,138,255,311.18,1.0000,0.7103,0.390995,20,71,71,195.09,0.7233,0.2689,0.051099,4.362
933809,520,343,863,249,9,229,332.90,0.9969,0.6271,0.259953,2,52,53,196.95,0.9519,0.1934,0.027258,4.012
933810,520,414,934,252,19,17,28.87,0.9927,0.5665,0.212054,31,23,47,297.98,0.4425,0.1243,0.011093,4.289
933811,520,375,895,238,65,156,352.97,0.8681,0.5981,0.243610,42,29,55,306.21,0.4259,0.1562,0.016468,4.417
933820,520,327,847,208,114,234,318.58,0.8351,0.6544,0.313863,15,54,62,213.82,0.6816,0.2086,0.030876,4.499
933867,520,472,992,161,72,222,308.20,0.8282,0.5201,0.174863,2,3,4,243.12,0.1775,0.0274,0.000868,4.421
933873,520,365,885,234,60,207,335.26,0.9199,0.6115,0.252317,39,36,47,297.49,0.1835,0.1653,0.018983,4.382
933880,520,464,984,182,38,227,315.92,0.9388,0.5221,0.168785,3,1,42,271.47,0.9865,0.0504,0.002082,4.201
933889,520,343,863,200,105,233,316.63,0.8327,0.6288,0.282669,25,45,69,253.85,0.4884,0.1907,0.025130,4.428
933902,520,324,844,187,127,229,310.01,0.7277,0.6476,0.314014,6,57,39,163.86,0.9367,0.2059,0.031113,4.488
933914,520,397,917,254,43,18,30.62,0.9962,0.5822,0.228460,22,38,0,129.46,1.0000,0.1415,0.015568,4.247
933932,520,419,939,252,5,4,29.16,0.9983,0.5628,0.208165,29,5,66,293.19,0.8998,0.1080,0.007631,4.480
933948,520,419,939,224,13,191,336.95,0.9835,0.5589,0.198992,20,25,23,169.39,0.1171,0.1057,0.009058,4.216
933959,520,397,917,213,83,164,345.26,0.7354,0.5786,0.230150,68,1,13,18.75,0.9799,0.1428,0.012799,4.461
933972,520,404,924,255,40,49,26.13,1.0000,0.5846,0.230031,17,31,48,253.99,0.4479,0.1325,0.013125,4.436
933981,520,385,905,230,10,223,330.02,0.9939,0.5895,0.223703,7,43,17,148.98,0.9396,0.1527,0.018133,4.017
934009,520,429,949,212,86,12,43.51,0.9668,0.5462,0.206814,12,7,73,273.34,0.9590,0.1030,0.007111,4.497
934024,520,418,938,234,60,53,27.65,0.9251,0.5582,0.209842,47,1,60,317.18,0.9516,0.1237,0.009524,4.365
934041,520,472,992,215,53,95,11.02,0.8461,0.5221,0.178220,6,1,19,296.63,0.8395,0.0338,0.001074,4.468
934055,520,465,985,206,65,87,15.62,0.7857,0.5157,0.175927,7,10,13,245.72,0.1633,0.0538,0.002913,4.270
934069,520,386,906,245,32,150,354.47,0.9584,0.5853,0.226508,1,40,50,219.36,0.9551,0.1528,0.017542,4.094
934072,520,323,843,190,126,231,310.95,0.7487,0.6505,0.316391,37,55,24,133.48,0.6167,0.2116,0.031916,4.473
934080,520,457,977,222,50,98,10.41,0.8731,0.5340,0.186953,18,7,6,26.95,0.3691,0.0559,0.002937,4.476
934083,520,299,819,254,116,13,47.77,0.9922,0.6667,0.335940,43,60,30,132.79,0.5393,0.2336,0.038390,4.366
934088,520,477,997,202,62,112,2.87,0.7625,0.5120,0.171737,7,0,1,9.43,1.0000,0.0219,0.000474,4.393
934118,520,438,958,208,47,204,329.23,0.9034,0.5546,0.198045,9,25,5,138.87,0.8576,0.0928,0.007643,4.303
934126,520,371,891,234,92,105,17.87,0.8109,0.6066,0.261694,3,48,9,145.04,0.9880,0.1671,0.021529,4.358
934139,520,479,999,173,78,167,329.93,0.6634,0.5087,0.171241,0,0,7,264.05,1.0000,0.0135,0.000153,4.411
934143,520,479,999,189,18,209,322.84,0.9685,0.5096,0.158564,0,0,5,264.05,1.0000,0.0116,0.000110,4.162
934145,520,465,985,131,100,205,294.67,0.6611,0.5163,0.183474,8,8,9,286.07,0.0440,0.0489,0.002450,4.451
934146,520,432,952,214,87,28,41.60,0.9178,0.5521,0.211987,22,24,15,118.14,0.2538,0.1023,0.008583,4.472
934155,520,476,996,202,39,147,345.93,0.8521,0.5051,0.161162,7,0,3,348.27,1.0000,0.0231,0.000518,4.180
934158,520,405,925,250,45,47,26.93,0.9788,0.5773,0.224096,59,4,34,352.95,0.8224,0.1332,0.011323,4.470
934161,520,406,926,213,30,245,320.56,0.9794,0.5822,0.216691,9,33,34,199.01,0.5860,0.1264,0.012612,4.259
934171,520,459,979,230,27,53,23.15,0.9735,0.5259,0.178669,5,3,44,273.91,0.9507,0.0585,0.002792,4.331
934173,520,428,948,218,34,192,335.29,0.9368,0.5565,0.198575,37,12,16,11.85,0.5260,0.0956,0.006937,4.366
934187,520,410,930,189,69,237,314.37,0.9015,0.5679,0.211906,57,8,5,29.10,0.8915,0.1254,0.010546,4.326
934190,520,10,530,255,250,252,350.79,1.0000,0.9878,0.966596,14,134,75,154.23,0.9827,0.4736,0.176508,4.488
934196,520,341,861,228,64,245,323.81,0.9599,0.6288,0.267555,86,14,35,9.28,0.8024,0.2009,0.024142,4.283
934215,520,441,961,200,91,63,35.51,0.7341,0.5378,0.201223,7,18,50,265.83,0.7677,0.0949,0.007080,4.401
934236,520,401,921,223,78,140,357.48,0.7692,0.5793,0.230326,6,27,74,262.86,0.8903,0.1374,0.013169,4.438
934243,520,424,944,184,68,237,312.84,0.9001,0.5595,0.204401,28,8,69,289.63,0.8724,0.1141,0.008502,4.349
934257,520,332,852,248,25,240,330.11,0.9913,0.6363,0.269460,16,27,125,267.91,0.9567,0.2003,0.023745,4.332
934258,520,449,969,234,24,94,11.08,0.9665,0.5410,0.189569,32,2,2,26.49,0.9106,0.0657,0.003549,4.474
934259,520,174,694,232,177,240,322.14,0.8029,0.8030,0.548925,59,92,1,129.71,0.9959,0.3446,0.085861,4.408
934262,520,424,944,240,12,121,2.44,0.9858,0.5576,0.201719,2,31,7,147.13,0.9780,0.1081,0.010082,4.190
934264,520,301,821,250,58,255,326.99,1.0000,0.6664,0.305729,105,0,39,9.35,1.0000,0.2340,0.031503,4.365
934265,520,13,533,255,255,173,108.15,1.0000,0.9785,0.957976,18,136,3,141.90,0.9985,0.4725,0.177427,4.432
934277,520,366,886,236,38,228,330.16,0.9729,0.6130,0.248231,72,11,47,349.48,0.7685,0.1733,0.018225,4.371
934286,520,365,885,255,20,182,346.48,1.0000,0.6144,0.251412,0,21,113,263.94,1.0033,0.1691,0.017284,4.480
934323,520,335,855,208,101,249,315.53,0.9483,0.6441,0.295581,23,55,18,141.05,0.8870,0.2008,0.029581,4.343
934327,520,446,966,128,99,245,287.60,0.8925,0.5422,0.201052,11,20,4,131.65,0.7092,0.0793,0.005802,4.499
934348,520,360,880,244,49,204,338.37,0.9511,0.6191,0.257923,66,2,87,314.92,0.9562,0.1826,0.018899,4.469
934351,520,368,888,243,34,202,338.50,0.9701,0.6077,0.244660,44,2,106,289.76,0.9847,0.1702,0.016195,4.451
934368,520,300,820,224,124,177,348.15,0.6597,0.6653,0.334389,37,51,95,268.54,0.5520,0.2340,0.035871,4.476
934369,520,415,935,188,69,248,311.56,0.9533,0.5749,0.217260,29,29,3,109.45,0.8193,0.1211,0.011465,4.348
934371,520,412,932,224,58,172,343.59,0.8594,0.5735,0.218544,16,31,19,149.62,0.4699,0.1187,0.011371,4.376
934373,520,316,836,227,110,203,335.76,0.7862,0.6582,0.317966,29,53,76,248.72,0.4778,0.2207,0.033291,4.418
934385,520,469,989,217,55,18,33.38,0.9707,0.5163,0.175303,1,1,38,267.22,0.9896,0.0443,0.001681,4.360
934392,520,319,839,201,137,147,9.05,0.4080,0.6477,0.324167,19,56,65,216.47,0.6207,0.2181,0.033483,4.482
934407,520,410,930,220,40,196,334.69,0.9284,0.5659,0.207211,11,32,42,231.22,0.5412,0.1284,0.012713,4.101
934410,520,473,993,199,21,198,328.57,0.9578,0.5202,0.167574,3,4,2,127.75,0.2841,0.0309,0.001106,4.257
934423,520,453,973,132,97,225,292.35,0.7718,0.5266,0.188911,10,14,23,265.75,0.2978,0.0695,0.004405,4.391
934427,520,401,921,217,61,197,333.76,0.8693,0.5775,0.221225,47,26,6,61.73,0.7018,0.1382,0.013564,4.267
934428,520,397,917,226,44,194,336.82,0.9257,0.5780,0.218676,24,22,77,277.88,0.7844,0.1405,0.013038,4.262
934445,520,408,928,237,50,104,10.31,0.9087,0.5652,0.212883,37,28,21,59.53,0.2362,0.1318,0.012780,4.187
934447,520,391,911,241,23,189,341.54,0.9785,0.5925,0.229907,16,15,99,271.00,0.9597,0.1489,0.013526,4.406
934455,520,464,984,207,75,5,40.81,0.9857,0.5205,0.183107,0,11,20,235.42,1.0000,0.0530,0.002898,4.407
934461,520,412,932,207,13,246,318.98,0.9927,0.5675,0.202088,35,18,43,314.13,0.5108,0.1163,0.009644,4.227
934463,520,419,939,238,53,17,32.34,0.9830,0.5569,0.207670,31,22,7,79.18,0.5397,0.1056,0.008805,4.382
934464,520,455,975,197,16,214,323.82,0.9777,0.5265,0.170976,3,10,25,259.23,0.6321,0.0562,0.003066,4.164
934487,520,418,938,245,12,81,15.92,0.9910,0.5572,0.202730,0,19,78,262.83,1.0002,0.1215,0.010157,4.201
934500,520,449,969,196,31,221,321.61,0.9538,0.5362,0.179377,17,9,25,305.95,0.4667,0.0664,0.003847,4.260
934508,520,466,986,210,60,89,14.10,0.8140,0.5180,0.176569,2,8,25,260.94,0.7313,0.0510,0.002567,4.310
934544,520,386,906,247,54,112,9.34,0.9358,0.5902,0.235857,4,8,112,265.68,0.9915,0.1532,0.013692,4.488
934547,520,477,997,222,26,28,27.86,0.9782,0.5058,0.163550,4,0,3,335.23,1.0000,0.0185,0.000324,4.244
934553,520,413,933,163,95,240,302.32,0.8557,0.5701,0.222626,28,28,18,107.80,0.2527,0.1203,0.011211,4.454
934564,520,362,882,234,62,194,339.14,0.8999,0.6061,0.248354,8,52,18,147.14,0.9614,0.1841,0.025512,3.951
934565,520,433,953,186,61,228,316.01,0.8885,0.5482,0.193792,32,9,48,308.10,0.7316,0.1008,0.007159,4.265
934582,520,437,957,241,1,90,12.41,0.9990,0.5484,0.194640,0,21,40,246.05,1.0000,0.0902,0.006895,4.300
934605,520,420,940,232,36,156,349.93,0.9299,0.5648,0.208207,4,27,41,238.30,0.7367,0.1097,0.009697,4.325
934607,520,471,991,173,48,231,311.81,0.9181,0.5189,0.167686,14,2,8,345.79,0.6207,0.0400,0.001543,4.223
934614,520,464,984,143,69,249,296.54,0.9562,0.5160,0.169356,9,11,1,116.40,0.7883,0.0540,0.002996,4.139
934617,520,341,861,174,117,254,300.44,0.9776,0.6302,0.288773,78,24,53,350.34,0.6469,0.2039,0.025303,4.499
934624,520,457,977,186,50,221,318.20,0.9019,0.5327,0.179420,12,10,19,294.18,0.2884,0.0605,0.003423,4.294
934633,520,258,778,245,139,119,31.71,0.8348,0.7052,0.392122,57,69,35,124.96,0.5065,0.2749,0.052474,4.314
934661,520,374,894,245,11,203,338.52,0.9936,0.6046,0.239667,20,9,112,272.00,0.9815,0.1620,0.015138,4.447
934665,520,431,951,233,45,97,11.69,0.9160,0.5516,0.200665,33,17,26,345.39,0.3539,0.1026,0.007988,4.323
934690,520,452,972,178,76,193,322.35,0.7443,0.5293,0.184852,17,8,37,293.71,0.6752,0.0724,0.004264,4.328
934693,520,294,814,254,110,162,0.05,0.9754,0.6829,0.348344,60,58,12,106.87,0.7929,0.2420,0.040134,4.419
934694,520,466,986,218,3,147,348.97,0.9926,0.5215,0.170796,9,9,4,108.06,0.3130,0.0504,0.002622,4.196
934709,520,401,921,211,34,247,319.53,0.9756,0.5824,0.217101,17,21,81,272.22,0.8754,0.1376,0.012495,4.274
934714,520,474,994,175,74,192,321.65,0.7461,0.5213,0.178183,4,1,23,284.39,0.9053,0.0343,0.001094,4.466
934751,520,249,769,196,162,215,313.27,0.4857,0.7213,0.424832,36,76,16,137.25,0.9436,0.2783,0.055812,4.488
934753,520,349,869,255,76,126,8.43,1.0000,0.6299,0.279388,7,47,78,247.13,0.8117,0.1947,0.026281,4.318
934784,520,321,841,240,93,185,345.20,0.8608,0.6458,0.298594,54,48,4,101.22,0.8961,0.2052,0.029070,4.409
934795,520,355,875,250,83,104,17.25,0.9461,0.6230,0.275133,40,38,69,285.24,0.4272,0.1845,0.022670,4.474
934798,520,467,987,213,58,78,18.44,0.8473,0.5191,0.177247,14,4,5,11.94,0.4247,0.0439,0.001912,4.378
934799,520,456,976,222,49,69,20.70,0.9086,0.5265,0.181586,7,14,13,185.55,0.2476,0.0631,0.003883,4.298
934806,520,478,998,202,7,188,332.21,0.9848,0.5149,0.163413,7,0,4,341.66,1.0000,0.0236,0.000539,4.223
934810,520,326,846,253,76,182,348.08,0.9787,0.6468,0.294322,5,57,52,184.96,0.9150,0.2104,0.032063,4.196
934825,520,291,811,253,112,137,11.53,0.9532,0.6764,0.342803,19,59,86,241.99,0.6869,0.2397,0.039381,4.395
934827,520,425,945,211,79,136,356.68,0.7213,0.5581,0.212205,41,16,20,11.18,0.4778,0.1106,0.008926,4.450
934832,520,474,994,186,66,172,332.71,0.7513,0.5161,0.173155,3,3,10,281.84,0.4592,0.0313,0.001064,4.370
934852,520,399,919,250,49,7,32.11,0.9950,0.5778,0.225396,53,3,58,323.97,0.8699,0.1351,0.011276,4.494
934877,520,450,970,238,6,46,24.01,0.9963,0.5354,0.185080,7,4,48,275.34,0.9362,0.0662,0.003454,4.398
934886,520,304,824,255,115,80,35.21,1.0000,0.6722,0.341040,4,65,10,143.94,0.9922,0.2274,0.038282,4.429
934887,520,466,986,191,84,100,13.16,0.6283,0.5191,0.183388,7,6,19,285.95,0.4747,0.0475,0.002224,4.469
934897,520,380,900,246,15,191,342.00,0.9896,0.6006,0.236992,36,29,68,288.81,0.5591,0.1584,0.016711,4.302
934910,520,399,919,206,98,142,356.32,0.6198,0.5804,0.238120,44,29,20,51.93,0.3411,0.1435,0.014648,4.457
934922,520,439,959,215,34,191,334.81,0.9320,0.5504,0.193549,4,0,73,267.84,1.0000,0.0874,0.005068,4.423
934926,520,434,954,200,87,132,357.57,0.6434,0.5495,0.207635,42,11,7,30.30,0.7039,0.1004,0.007470,4.483
934929,520,448,968,224,2,160,346.12,0.9962,0.5395,0.184314,18,17,26,289.55,0.2323,0.0847,0.006041,4.181
934946,520,400,920,222,75,146,354.28,0.7786,0.5761,0.226395,39,25,53,305.84,0.4773,0.1424,0.013837,4.330
934964,520,341,861,246,92,110,16.78,0.8968,0.6288,0.283761,24,45,85,261.98,0.6328,0.2017,0.027267,4.320
934969,520,450,970,223,11,170,342.86,0.9812,0.5447,0.188322,18,15,10,80.42,0.1930,0.0741,0.004922,4.339
934974,520,463,983,194,58,188,329.83,0.8198,0.5302,0.181279,17,2,21,320.02,0.7482,0.0496,0.002167,4.433
934982,520,477,997,196,79,20,42.35,0.9231,0.5068,0.173801,3,1,1,20.04,0.3720,0.0199,0.000433,4.438
934991,520,440,960,245,19,49,24.24,0.9891,0.5540,0.201035,33,12,20,357.16,0.4670,0.0906,0.006368,4.453
934992,520,320,840,244,63,237,329.77,0.9585,0.6488,0.289053,69,24,83,317.22,0.7104,0.2067,0.025431,4.495
934994,520,422,942,239,2,131,358.72,0.9974,0.5570,0.200360,1,9,78,264.81,0.9803,0.1056,0.007518,4.353
935005,520,450,970,172,61,242,308.31,0.9260,0.5388,0.185197,24,1,43,305.09,0.9360,0.0728,0.003903,4.363
935007,520,272,792,255,113,181,352.71,1.0000,0.6959,0.364095,80,50,59,0.16,0.3135,0.2594,0.043026,4.451
935008,520,380,900,228,26,242,325.01,0.9862,0.6035,0.236459,57,27,30,14.47,0.4402,0.1622,0.017476,4.245
935009,520,430,950,235,35,99,10.29,0.9429,0.5497,0.197682,5,22,47,257.38,0.7399,0.1009,0.008113,4.262
935011,520,353,873,248,75,142,1.22,0.9194,0.6211,0.269448,4,47,65,231.72,0.8698,0.1848,0.024404,4.293
935024,520,368,888,235,83,136,2.46,0.8126,0.6052,0.256290,44,39,30,82.22,0.1893,0.1724,0.020803,4.326
935032,520,432,952,242,30,9,30.15,0.9930,0.5494,0.198289,22,21,32,288.45,0.2497,0.1012,0.008112,4.273
935035,520,464,984,212,46,121,358.97,0.8455,0.5184,0.173339,10,6,23,293.01,0.5511,0.0524,0.002566,4.249
935059,520,447,967,179,85,187,324.41,0.6910,0.5401,0.196697,17,16,9,100.91,0.2492,0.0752,0.005095,4.478
935073,520,358,878,246,55,194,341.82,0.9416,0.6216,0.262233,3,44,71,243.55,0.8828,0.1794,0.022755,4.292
935078,520,387,907,233,67,141,357.73,0.8403,0.5850,0.232638,9,20,97,267.35,0.9545,0.1504,0.014214,4.402
935092,520,410,930,238,24,147,353.76,0.9648,0.5669,0.209401,11,37,16,147.82,0.8335,0.1341,0.014316,4.033
935094,520,446,966,205,56,173,338.07,0.8220,0.5384,0.188265,21,9,44,294.60,0.7146,0.0838,0.005367,4.303
935101,520,365,885,225,62,227,327.51,0.9283,0.6103,0.250010,71,10,38,358.03,0.7794,0.1662,0.016968,4.480
935104,520,341,861,221,96,211,330.74,0.8164,0.6328,0.284430,69,37,3,61.72,0.8829,0.1990,0.025951,4.403
935114,520,477,997,206,7,176,336.79,0.9828,0.5148,0.164104,7,0,6,332.05,1.0000,0.0247,0.000583,4.233
935129,520,82,602,255,220,175,73.72,1.0000,0.8986,0.755429,43,116,27,140.48,0.9652,0.4148,0.130830,4.454
935157,520,341,861,255,57,179,348.41,1.0000,0.6321,0.274444,34,12,132,276.12,0.9748,0.2024,0.022688,4.463
935165,520,429,949,207,43,204,328.98,0.9130,0.5500,0.193547,23,20,40,289.37,0.4151,0.1044,0.008357,4.173
935174,520,463,983,214,18,178,338.29,0.9633,0.5339,0.179454,2,12,2,143.44,0.9141,0.0506,0.002802,4.346
935181,520,375,895,247,9,182,344.69,0.9934,0.5966,0.233502,2,43,37,180.53,0.9478,0.1567,0.018741,4.124
935187,520,404,924,223,2,224,328.12,0.9986,0.5762,0.211155,1,25,73,260.78,0.9756,0.1293,0.011827,4.224
935189,520,444,964,231,24,111,4.76,0.9583,0.5397,0.187929,26,11,22,337.51,0.4169,0.0795,0.005169,4.313
935200,520,446,966,223,44,112,4.48,0.8853,0.5353,0.186619,12,21,13,147.52,0.3555,0.0850,0.006435,4.193
935203,520,381,901,215,69,230,323.88,0.9075,0.6027,0.244183,64,2,69,324.69,0.9221,0.1633,0.015632,4.482
935204,520,336,856,241,84,185,344.79,0.8807,0.6364,0.285470,7,41,99,260.58,0.9140,0.1965,0.025317,4.454
935224,520,435,955,227,60,75,21.00,0.8857,0.5479,0.200734,32,9,31,329.12,0.6013,0.0892,0.006014,4.476
935225,520,472,992,222,7,114,1.44,0.9854,0.5170,0.168992,5,2,15,295.13,0.6801,0.0331,0.001102,4.285
935234,520,466,986,226,37,59,22.33,0.9506,0.5240,0.178105,0,9,26,252.82,0.9999,0.0520,0.002699,4.328
935235,520,476,996,187,85,69,30.76,0.6751,0.5065,0.174931,7,0,5,336.40,1.0000,0.0242,0.000561,4.449
935240,520,417,937,215,31,227,325.25,0.9690,0.5727,0.209751,32,25,34,318.65,0.2105,0.1229,0.011178,4.246
935241,520,388,908,233,43,186,340.88,0.9323,0.5856,0.225993,46,26,37,345.96,0.3453,0.1454,0.014533,4.277
935266,520,456,976,210,33,175,338.34,0.9119,0.5313,0.178866,12,11,11,17.35,0.0285,0.0595,0.003417,4.285
935268,520,338,858,251,83,152,359.06,0.9439,0.6389,0.289660,2,49,79,243.53,0.9288,0.1997,0.027739,4.369
935282,520,390,910,244,60,98,14.60,0.9203,0.5859,0.233499,28,18,85,280.98,0.8508,0.1455,0.013353,4.475
935290,520,419,939,188,61,241,313.56,0.9259,0.5613,0.203809,18,5,75,278.24,0.9592,0.1071,0.007451,4.418
935313,520,475,995,186,5,228,317.44,0.9944,0.5163,0.161504,3,3,3,0.00,0.0000,0.0282,0.000911,4.154
935316,520,333,853,246,58,225,333.29,0.9594,0.6410,0.280581,5,48,85,250.00,0.8660,0.2023,0.028019,4.237
935318,520,442,962,203,20,222,323.42,0.9772,0.5441,0.184725,18,17,9,101.85,0.2797,0.0786,0.005492,4.230
935327,520,385,905,238,41,175,345.34,0.9377,0.5880,0.228611,7,36,63,250.18,0.7579,0.1518,0.016657,4.180
935353,520,457,977,216,26,153,346.91,0.9304,0.5274,0.176400,24,1,26,325.12,0.8434,0.0600,0.002905,4.279
935359,520,472,992,198,34,190,330.50,0.9096,0.5193,0.168693,7,2,9,318.75,0.5496,0.0325,0.001083,4.281
935365,520,445,965,207,62,155,345.52,0.7873,0.5387,0.190792,6,21,10,151.64,0.6524,0.0802,0.005969,4.302
935370,520,422,942,230,10,181,341.21,0.9876,0.5638,0.203790,46,14,13,24.33,0.6275,0.1138,0.009241,4.284
935372,520,327,847,251,39,240,330.75,0.9855,0.6471,0.282546,92,19,5,33.06,0.9429,0.2136,0.027524,4.290
935380,520,308,828,236,90,251,323.88,0.9812,0.6716,0.321124,45,46,91,280.12,0.5195,0.2251,0.032671,4.489
935385,520,316,836,235,126,52,50.95,0.8743,0.6556,0.328344,46,57,18,123.10,0.6982,0.2248,0.035507,4.425
935393,520,347,867,207,106,212,325.57,0.7462,0.6276,0.283284,8,49,54,207.00,0.7871,0.1862,0.025145,4.435
935403,520,434,954,154,94,232,300.62,0.8109,0.5516,0.207019,11,14,66,271.91,0.8959,0.1048,0.007785,4.448
935414,520,457,977,195,78,132,354.33,0.6703,0.5277,0.187185,17,8,6,35.80,0.3144,0.0569,0.003060,4.470
935422,520,451,971,235,25,50,23.95,0.9796,0.5352,0.185909,33,1,2,24.55,0.9519,0.0656,0.003495,4.410
935425,520,316,836,255,27,253,328.74,1.0000,0.6576,0.291388,94,18,16,27.09,0.8872,0.2182,0.028501,4.349
935448,520,354,874,236,35,238,327.78,0.9803,0.6181,0.252105,78,12,39,1.34,0.7832,0.1833,0.020294,4.298
935464,520,329,849,219,107,225,325.49,0.8325,0.6536,0.310134,2,47,103,257.04,0.9672,0.2142,0.030250,4.488
935474,520,419,939,223,51,164,345.77,0.8704,0.5618,0.207385,39,8,44,321.85,0.7250,0.1069,0.007869,4.448
935475,520,463,983,218,7,171,341.33,0.9862,0.5348,0.180001,22,3,4,18.73,0.6902,0.0519,0.002445,4.386
935498,520,389,909,248,37,151,354.95,0.9536,0.5940,0.235173,27,37,40,218.04,0.1825,0.1529,0.017093,4.250
935503,520,418,938,242,8,127,0.72,0.9910,0.5629,0.205865,4,32,39,217.36,0.7761,0.1233,0.012053,4.123
935520,520,454,974,209,18,179,336.71,0.9597,0.5251,0.172447,31,3,6,16.40,0.7832,0.0671,0.003696,4.143
935528,520,442,962,210,66,137,354.08,0.7700,0.5406,0.194064,30,8,20,348.34,0.5473,0.0792,0.005002,4.437
935546,520,392,912,227,42,219,330.22,0.9547,0.5938,0.231037,70,2,34,359.39,0.9137,0.1545,0.014612,4.350
935555,520,479,999,179,0,235,313.89,1.0000,0.5097,0.155830,0,0,2,264.05,1.0000,0.0079,0.000044,4.113
935558,520,450,970,229,1,128,357.77,0.9982,0.5352,0.182411,31,7,7,22.65,0.6285,0.0749,0.004586,4.258
935567,520,407,927,222,11,211,331.09,0.9899,0.5674,0.204744,63,3,4,26.86,0.9632,0.1322,0.011308,4.155
935569,520,466,986,62,106,254,266.54,0.9958,0.5163,0.184869,8,7,22,284.85,0.4951,0.0523,0.002615,4.464
935574,520,374,894,226,30,240,324.95,0.9816,0.6002,0.233908,36,39,1,114.13,0.9604,0.1576,0.018283,4.158
935599,520,446,966,238,35,27,28.96,0.9753,0.5444,0.194616,17,2,58,284.53,0.9598,0.0817,0.004681,4.474
935613,520,325,845,252,33,249,328.94,0.9904,0.6520,0.286257,71,23,88,315.86,0.7390,0.2125,0.026571,4.391
935645,520,421,941,214,3,219,327.11,0.9972,0.5570,0.194778,40,2,53,315.62,0.9000,0.1071,0.007516,4.256
935649,520,421,941,206,57,199,330.05,0.8632,0.5564,0.201734,18,12,69,278.14,0.8802,0.1098,0.008212,4.324
935660,520,471,991,148,65,255,297.55,1.0000,0.5228,0.172967,6,6,7,285.97,0.0577,0.0415,0.001843,4.301
935662,520,387,907,228,14,225,329.05,0.9913,0.5881,0.222467,23,9,102,275.20,0.9695,0.1506,0.013368,4.300
935672,520,455,975,200,72,137,352.28,0.7168,0.5302,0.187221,1,11,37,260.31,0.9152,0.0650,0.003793,4.410
935684,520,446,966,180,90,169,332.05,0.6200,0.5393,0.198814,22,17,13,60.65,0.1768,0.0839,0.006005,4.443
935686,520,445,965,214,50,151,348.11,0.8417,0.5381,0.188140,31,7,20,348.95,0.5914,0.0790,0.004938,4.335
935688,520,424,944,247,17,12,29.12,0.9931,0.5550,0.202052,1,4,89,264.81,0.9938,0.1138,0.008145,4.335
935690,520,452,972,158,74,240,302.96,0.8970,0.5333,0.184584,10,15,8,136.47,0.3065,0.0664,0.004237,4.325
935694,520,399,919,249,40,100,12.21,0.9588,0.5812,0.225810,8,33,64,255.57,0.7530,0.1447,0.015094,4.237
935698,520,448,968,210,69,135,355.34,0.7579,0.5433,0.197093,10,11,50,274.80,0.8212,0.0828,0.005341,4.465
935699,520,407,927,223,67,149,352.39,0.8098,0.5700,0.218747,19,17,78,275.44,0.8778,0.1285,0.010894,4.413
935701,520,468,988,168,69,212,313.52,0.8122,0.5184,0.173354,7,7,1,109.16,0.6845,0.0429,0.001993,4.296
935703,520,404,924,220,27,231,325.59,0.9786,0.5824,0.217712,50,7,52,326.09,0.7807,0.1299,0.010781,4.405
935723,520,479,999,209,61,48,29.13,0.8847,0.5095,0.171085,2,0,0,29.23,1.0000,0.0120,0.000129,4.410
935724,520,285,805,236,122,192,344.15,0.7857,0.6855,0.355600,30,57,100,259.33,0.6188,0.2492,0.041222,4.446
935727,520,428,948,238,45,107,8.85,0.9216,0.5643,0.211186,8,28,14,151.57,0.7159,0.1034,0.009138,4.417
935734,520,479,999,197,74,70,25.24,0.7539,0.5071,0.172120,0,1,1,194.77,1.0000,0.0143,0.000239,4.421
935735,520,478,998,208,62,57,26.65,0.8624,0.5099,0.171528,6,0,5,332.72,1.0000,0.0228,0.000497,4.387
935743,520,430,950,233,50,66,22.47,0.9299,0.5490,0.200012,34,6,53,307.53,0.8111,0.1035,0.007274,4.365
935755,520,447,967,166,75,228,308.32,0.8443,0.5356,0.187413,15,13,40,282.95,0.6060,0.0819,0.005426,4.283
935782,520,402,922,254,5,105,9.59,0.9966,0.5802,0.222030,11,29,58,259.52,0.6726,0.1306,0.012553,4.349
935791,520,384,904,166,100,247,301.35,0.9002,0.5870,0.239371,10,42,7,141.77,0.9554,0.1488,0.017357,4.296
935792,520,476,996,166,78,187,319.53,0.7051,0.5104,0.171445,1,2,0,126.59,1.0000,0.0203,0.000499,4.385
935808,520,422,942,230,21,167,345.54,0.9666,0.5594,0.201521,33,2,67,297.91,0.9519,0.1102,0.007720,4.358
935812,520,388,908,245,62,109,11.15,0.9183,0.5924,0.239651,52,28,23,32.53,0.4062,0.1540,0.016225,4.374
935818,520,454,974,208,7,187,334.07,0.9862,0.5253,0.171518,7,10,39,273.05,0.7451,0.0692,0.004087,4.096
935823,520,458,978,169,64,236,308.43,0.8967,0.5328,0.181587,3,3,50,269.23,0.9756,0.0632,0.003147,4.357
935830,520,430,950,221,36,167,343.74,0.9148,0.5492,0.194264,10,16,54,271.01,0.7916,0.0960,0.007014,4.284
935832,520,479,999,170,7,245,308.99,0.9944,0.5063,0.152914,0,0,3,264.05,1.0000,0.0094,0.000066,4.053
935835,520,441,961,209,85,9,43.85,0.9728,0.5392,0.200742,25,19,10,77.29,0.3308,0.0915,0.006943,4.403
935837,520,441,961,239,26,53,23.54,0.9797,0.5445,0.193499,36,10,22,353.60,0.5618,0.0928,0.006501,4.310
935861,520,373,893,248,67,96,16.79,0.9431,0.5998,0.248187,31,36,59,273.76,0.3747,0.1641,0.018688,4.341
935869,520,375,895,230,74,165,348.57,0.8231,0.5970,0.244397,29,39,40,203.88,0.1658,0.1604,0.018654,4.288
935872,520,437,957,219,1,188,336.54,0.9984,0.5452,0.187150,1,12,60,264.01,0.9696,0.0887,0.005956,4.238
935874,520,313,833,248,67,231,332.24,0.9693,0.6552,0.297432,5,55,77,233.68,0.8759,0.2174,0.033003,4.186
935888,520,460,980,199,86,66,31.93,0.7331,0.5283,0.191929,13,13,10,107.09,0.1071,0.0646,0.003953,4.484
935896,520,449,969,221,4,179,339.64,0.9933,0.5443,0.187161,31,6,11,9.80,0.6274,0.0741,0.004458,4.355
935900,520,479,999,212,51,84,14.68,0.8579,0.5115,0.170072,2,0,3,318.71,1.0000,0.0147,0.000195,4.384
935902,520,462,982,225,30,114,2.96,0.9327,0.5312,0.181538,7,1,37,282.29,0.9595,0.0491,0.002004,4.452
935905,520,97,617,239,212,215,10.09,0.4205,0.8755,0.703448,7,114,37,146.31,0.9943,0.4001,0.122128,4.377
935918,520,361,881,216,69,246,320.22,0.9556,0.6152,0.255108,58,37,20,58.95,0.4855,0.1837,0.022733,4.195
935928,520,447,967,187,26,249,312.75,0.9793,0.5421,0.181443,27,9,33,317.03,0.6014,0.0833,0.005382,4.179
935930,520,218,738,253,135,235,333.15,0.9876,0.7503,0.442112,97,61,25,62.97,0.6622,0.3022,0.059494,4.494
935933,520,405,925,240,62,74,22.44,0.9175,0.5751,0.224681,35,22,46,307.98,0.4558,0.1263,0.011284,4.482
935936,520,413,933,226,10,209,332.58,0.9912,0.5731,0.209917,12,28,46,252.65,0.5336,0.1199,0.011059,4.257
935942,520,413,933,237,65,6,35.33,0.9933,0.5660,0.218014,40,19,41,325.44,0.4875,0.1241,0.010770,4.410
935952,520,442,962,219,50,122,0.44,0.8503,0.5357,0.187489,25,8,32,315.10,0.6148,0.0783,0.004846,4.330
935961,520,391,911,200,101,175,337.70,0.6348,0.5902,0.246834,10,40,26,160.14,0.7654,0.1461,0.016566,4.459
935963,520,392,912,247,73,14,35.87,0.9877,0.5945,0.245744,43,32,24,57.55,0.2555,0.1507,0.016126,4.472
936002,520,446,966,239,27,3,30.32,0.9975,0.5414,0.191445,5,18,26,235.84,0.5267,0.0772,0.005394,4.359
936007,520,470,990,203,35,180,334.91,0.8998,0.5225,0.171958,13,0,24,309.10,1.0000,0.0420,0.001515,4.309
936010,520,421,941,205,22,234,321.08,0.9808,0.5573,0.194952,47,4,41,334.47,0.7974,0.1133,0.008514,4.186
936011,520,448,968,209,83,60,32.38,0.8017,0.5404,0.200702,17,19,15,128.99,0.1269,0.0843,0.006194,4.461
936015,520,457,977,178,65,211,317.57,0.8296,0.5277,0.179498,24,3,12,353.81,0.6765,0.0574,0.002859,4.342
936056,520,355,875,249,21,208,338.14,0.9885,0.6172,0.252333,77,15,36,4.98,0.7539,0.1832,0.020471,4.290
936057,520,441,961,231,12,109,4.97,0.9820,0.5351,0.183590,17,19,33,277.13,0.3381,0.0922,0.006947,4.102
936090,520,426,946,222,24,190,336.81,0.9628,0.5580,0.199030,25,26,18,113.48,0.2073,0.1116,0.009891,4.158
936093,520,346,866,177,119,237,304.87,0.7901,0.6259,0.286557,3,53,48,184.51,0.9424,0.1948,0.027788,4.327
936114,520,364,884,250,56,152,356.12,0.9524,0.6108,0.254227,47,39,16,90.57,0.5325,0.1728,0.020928,4.289
936120,520,228,748,248,137,227,334.55,0.9473,0.7429,0.433961,27,76,77,197.08,0.6416,0.2903,0.059375,4.425
936132,520,425,945,222,27,189,337.11,0.9558,0.5586,0.199900,19,26,28,217.01,0.1582,0.1096,0.009611,4.192
936147,520,172,692,186,193,251,279.09,0.8566,0.7971,0.555436,28,95,49,150.16,0.9164,0.3432,0.086527,4.435
936148,520,368,888,245,25,202,338.87,0.9820,0.6077,0.243751,7,17,118,266.27,0.9803,0.1729,0.017539,4.349
936157,520,410,930,207,104,22,51.70,0.9149,0.5683,0.232259,0,33,47,230.39,1.0000,0.1290,0.012929,4.485
936164,520,357,877,249,30,214,336.65,0.9825,0.6238,0.259265,30,25,104,276.68,0.8747,0.1801,0.019707,4.437
936172,520,406,926,244,57,56,26.56,0.9498,0.5756,0.224482,0,36,15,153.68,1.0000,0.1254,0.012962,4.360
936184,520,430,950,235,41,102,9.78,0.9273,0.5542,0.202104,19,11,61,282.00,0.8328,0.1007,0.007147,4.412
936202,520,450,970,173,77,214,314.20,0.7951,0.5376,0.190479,20,1,43,299.22,0.9433,0.0678,0.003449,4.499
936219,520,394,914,207,67,226,322.66,0.8930,0.5854,0.227724,11,22,82,268.19,0.9080,0.1372,0.012541,4.441
936225,520,388,908,211,55,242,320.20,0.9442,0.5921,0.229938,29,31,54,278.95,0.3906,0.1460,0.015075,4.302
936233,520,478,998,177,7,242,311.69,0.9941,0.5144,0.159109,1,1,3,282.35,0.4200,0.0178,0.000347,4.153
936240,520,401,921,219,15,240,323.34,0.9918,0.5834,0.216951,19,1,105,272.92,0.9975,0.1434,0.011800,4.320
936242,520,439,959,180,61,243,310.64,0.9320,0.5511,0.195128,14,15,41,278.36,0.5867,0.0859,0.005951,4.381
936252,520,291,811,230,121,193,341.68,0.7478,0.6755,0.343501,64,51,63,328.65,0.1951,0.2414,0.038166,4.463
936254,520,372,892,247,3,208,337.64,0.9984,0.6097,0.243965,12,30,100,266.35,0.9159,0.1740,0.019267,4.244
936257,520,430,950,235,40,62,22.38,0.9536,0.5451,0.195307,23,23,16,107.54,0.1938,0.1009,0.008324,4.206
936259,520,414,934,229,32,189,338.86,0.9527,0.5738,0.213678,16,13,81,273.72,0.9324,0.1236,0.009920,4.400
936265,520,429,949,222,42,156,347.88,0.8910,0.5494,0.195883,33,9,49,308.58,0.7376,0.1030,0.007405,4.283
936269,520,473,993,212,61,63,24.50,0.8633,0.5175,0.176958,6,2,1,43.81,0.4842,0.0278,0.000843,4.464
936279,520,441,961,176,90,175,327.72,0.6271,0.5367,0.196386,17,15,48,281.40,0.6585,0.0939,0.006742,4.342
936285,520,364,884,232,23,247,324.87,0.9904,0.6129,0.244864,51,29,56,320.02,0.4577,0.1690,0.018681,4.293
936292,520,480,1000,170,39,230,311.49,0.9366,0.5066,0.157112,0,0,0,0.00,0.0000,0.0000,0.000000,4.142
936296,520,336,856,240,100,149,1.04,0.8115,0.6411,0.298123,39,51,19,126.49,0.6314,0.1998,0.028460,4.437
936305,520,431,951,208,47,189,333.61,0.8803,0.5452,0.191190,39,14,13,23.88,0.5315,0.1016,0.007745,4.177
936311,520,466,986,217,40,105,5.71,0.8875,0.5183,0.172917,2,2,42,268.90,0.9785,0.0517,0.002235,4.268
936350,520,426,946,230,62,72,22.55,0.8926,0.5552,0.207390,54,0,10,16.56,1.0000,0.1093,0.008063,4.433
936363,520,304,824,254,99,179,351.42,0.9838,0.6741,0.332523,11,61,52,177.84,0.8493,0.2254,0.036564,4.419
936375,520,429,949,221,62,123,1.89,0.8160,0.5512,0.202500,29,23,1,95.55,0.9121,0.1044,0.008762,4.297
936391,520,474,994,212,1,162,342.61,0.9973,0.5169,0.166297,5,1,21,290.34,0.8711,0.0340,0.001081,4.234
936396,520,404,924,248,37,120,5.24,0.9534,0.5830,0.226391,48,16,43,333.85,0.6007,0.1326,0.011735,4.477
936397,520,399,919,236,38,174,345.11,0.9404,0.5820,0.222780,23,6,100,275.88,0.9778,0.1448,0.012324,4.377
936403,520,478,998,222,13,93,9.13,0.9776,0.5119,0.166105,5,0,0,29.23,1.0000,0.0182,0.000323,4.294
936414,520,346,866,253,45,198,341.99,0.9867,0.6296,0.268400,44,45,12,110.82,0.6910,0.1856,0.024388,4.280
936417,520,412,932,224,32,195,335.93,0.9511,0.5681,0.208229,28,6,77,286.65,0.9262,0.1205,0.009129,4.367
936422,520,429,949,220,62,126,0.45,0.8123,0.5504,0.201697,18,21,42,275.90,0.4525,0.1034,0.008321,4.316
936434,520,414,934,251,21,42,25.86,0.9899,0.5667,0.212164,17,30,21,153.68,0.3757,0.1170,0.011018,4.296
936451,520,456,976,224,41,110,5.12,0.8984,0.5345,0.185617,28,4,9,8.34,0.6769,0.0648,0.003535,4.401
936486,520,429,949,182,72,219,316.39,0.8335,0.5478,0.196954,36,14,33,332.47,0.5160,0.1045,0.007990,4.259
936536,520,463,983,215,14,175,339.42,0.9720,0.5329,0.178586,0,7,34,260.82,1.0000,0.0535,0.002674,4.340
936554,520,364,884,248,84,8,38.75,0.9928,0.6093,0.263180,4,41,64,241.49,0.8388,0.1659,0.019817,4.486
936566,520,366,886,246,84,42,35.10,0.9495,0.6074,0.261039,43,39,6,102.40,0.7892,0.1663,0.019778,4.458
936577,520,22,542,217,254,255,198.55,1.0000,0.9664,0.928542,15,133,29,143.83,0.9924,0.4636,0.169646,4.455
936589,520,460,980,200,56,180,334.25,0.8226,0.5336,0.184048,5,9,25,268.66,0.5574,0.0558,0.002978,4.418
936590,520,456,976,230,35,23,29.46,0.9744,0.5274,0.180899,16,1,36,299.27,0.9251,0.0569,0.002592,4.390
936618,520,418,938,217,45,194,334.53,0.9085,0.5626,0.205257,4,32,36,208.21,0.7750,0.1218,0.011862,4.126
936622,520,374,894,185,112,202,319.85,0.6316,0.6021,0.261678,16,44,24,150.90,0.7322,0.1616,0.019774,4.467
936664,520,403,923,223,18,218,329.55,0.9848,0.5755,0.211849,28,23,60,285.99,0.5976,0.1306,0.011859,4.233
936667,520,474,994,162,65,225,308.46,0.8573,0.5151,0.168989,3,3,16,278.98,0.6465,0.0343,0.001219,4.276
936680,520,392,912,248,67,42,31.18,0.9672,0.5916,0.241414,52,21,53,326.21,0.5815,0.1534,0.015235,4.467
936687,520,431,951,206,57,187,333.74,0.8418,0.5491,0.196378,14,18,49,273.96,0.6469,0.0985,0.007477,4.287
936699,520,439,959,224,32,170,343.41,0.9337,0.5542,0.197852,8,20,41,260.64,0.6019,0.0933,0.007120,4.339
936718,520,389,909,243,16,183,343.61,0.9864,0.5910,0.228473,7,42,12,145.71,0.9536,0.1483,0.017276,4.139
936733,520,414,934,236,40,154,351.64,0.9267,0.5739,0.216865,29,24,33,309.87,0.2033,0.1165,0.010243,4.430
936751,520,224,744,237,158,186,356.77,0.6609,0.7497,0.460053,22,83,31,145.66,0.9519,0.2975,0.064558,4.452
936765,520,461,981,231,21,77,16.06,0.9747,0.5296,0.180641,5,4,29,278.51,0.7984,0.0474,0.002078,4.429
936767,520,412,932,252,28,14,29.62,0.9912,0.5697,0.215614,49,6,38,340.17,0.7597,0.1179,0.009233,4.484
936771,520,454,974,199,69,143,348.88,0.7309,0.5272,0.183834,22,3,34,310.08,0.7962,0.0666,0.003512,4.370
936774,520,352,872,157,126,248,292.82,0.8635,0.6245,0.288671,44,46,30,113.91,0.2913,0.1921,0.025832,4.466
936780,520,417,937,244,35,102,10.52,0.9554,0.5688,0.213978,9,32,36,210.52,0.5726,0.1243,0.012184,4.245
936788,520,390,910,255,9,137,359.83,1.0000,0.5929,0.232652,66,8,13,22.01,0.8741,0.1460,0.013612,4.443
936790,520,464,984,199,4,200,328.08,0.9926,0.5169,0.164009,22,1,14,343.45,0.7966,0.0508,0.002240,4.097
936791,520,435,955,238,35,79,17.20,0.9567,0.5512,0.199469,16,19,24,260.65,0.1530,0.0868,0.006418,4.422
936792,520,444,964,217,51,138,353.82,0.8409,0.5389,0.189568,18,13,39,289.13,0.5768,0.0839,0.005629,4.307
936794,520,387,907,248,19,149,354.97,0.9815,0.5859,0.225955,20,21,94,272.76,0.9107,0.1543,0.014931,4.250
936807,520,379,899,250,73,20,35.21,0.9827,0.6005,0.251431,1,45,18,151.47,0.9923,0.1573,0.019268,4.352
936825,520,280,800,250,124,130,18.68,0.8970,0.6889,0.363539,21,64,81,227.78,0.6666,0.2525,0.044201,4.390
936836,520,421,941,210,23,229,323.55,0.9788,0.5623,0.199735,43,13,6,35.36,0.7094,0.1053,0.008147,4.295
936858,520,422,942,238,54,33,30.55,0.9601,0.5587,0.209285,30,9,58,297.73,0.7962,0.1068,0.007769,4.488
936869,520,467,987,195,39,195,328.16,0.8970,0.5205,0.169949,13,1,19,315.73,0.8109,0.0413,0.001543,4.267
936871,520,422,942,237,50,78,19.12,0.9272,0.5592,0.208389,29,23,33,311.63,0.2300,0.1140,0.009838,4.318
936879,520,424,944,244,40,58,23.85,0.9645,0.5630,0.210596,15,28,27,189.77,0.3051,0.1118,0.010112,4.335
936891,520,448,968,225,45,119,2.27,0.8844,0.5423,0.192189,23,14,6,64.18,0.4206,0.0765,0.005094,4.396
936918,520,321,841,182,132,228,307.02,0.6980,0.6507,0.320496,25,59,13,138.70,0.9347,0.2147,0.033636,4.430
936924,520,407,927,180,69,252,308.21,0.9771,0.5668,0.209887,32,32,1,109.68,0.9442,0.1327,0.013423,4.098
936942,520,474,994,203,11,197,329.95,0.9806,0.5236,0.169690,5,2,12,300.16,0.6146,0.0316,0.001022,4.306
936944,520,463,983,218,17,159,345.21,0.9619,0.5309,0.178120,9,2,30,290.72,0.8535,0.0472,0.001952,4.391
936968,520,425,945,249,27,15,29.49,0.9899,0.5630,0.209617,17,10,72,277.03,0.9167,0.1095,0.008041,4.473
936969,520,352,872,252,68,122,8.28,0.9664,0.6150,0.262383,24,22,118,272.11,0.9475,0.1880,0.020759,4.415
936979,520,310,830,239,124,28,52.98,0.9525,0.6565,0.328526,46,56,5,120.58,0.9109,0.2203,0.034201,4.495
936980,520,458,978,219,60,69,22.55,0.8736,0.5311,0.187240,3,13,19,231.56,0.5480,0.0598,0.003542,4.431
936987,520,431,951,223,51,136,355.93,0.8573,0.5495,0.198358,34,5,56,305.51,0.8454,0.1047,0.007342,4.331
937006,520,410,930,236,4,166,346.98,0.9950,0.5664,0.206758,28,25,51,287.18,0.4580,0.1283,0.011811,4.154
937014,520,434,954,204,83,121,3.40,0.6757,0.5463,0.204063,44,6,0,36.78,1.0000,0.0950,0.006658,4.484
937015,520,458,978,224,8,147,350.41,0.9840,0.5346,0.181302,13,12,16,296.86,0.1305,0.0644,0.003859,4.295
937036,520,38,558,220,255,156,124.68,1.0000,0.9452,0.891353,8,127,90,164.05,0.9831,0.4543,0.159678,4.490
937040,520,354,874,242,17,231,330.87,0.9929,0.6176,0.250505,51,38,38,18.38,0.1756,0.1813,0.022300,4.156
937047,520,431,951,189,75,203,323.17,0.7889,0.5512,0.201641,29,21,6,82.37,0.5613,0.1004,0.008107,4.331
937053,520,478,998,214,32,119,359.05,0.9026,0.5119,0.166635,2,0,7,299.60,1.0000,0.0177,0.000282,4.308
937065,520,402,922,253,46,23,30.51,0.9922,0.5823,0.229022,11,34,31,184.17,0.5532,0.1292,0.013141,4.419
937087,520,457,977,192,52,203,324.79,0.8661,0.5311,0.179757,12,12,10,106.88,0.0722,0.0615,0.003630,4.284
937092,520,406,926,255,22,64,21.63,1.0000,0.5781,0.222078,31,30,25,97.75,0.1122,0.1311,0.012900,4.326
937096,520,357,877,226,73,221,329.27,0.9016,0.6186,0.261565,40,34,72,288.44,0.5146,0.1771,0.020630,4.411
937101,520,479,999,192,21,205,324.72,0.9599,0.5129,0.161521,0,0,5,264.05,1.0000,0.0116,0.000110,4.221
937115,520,383,903,216,44,254,319.10,0.9954,0.6013,0.235579,13,42,4,138.96,0.9688,0.1497,0.017502,4.231
937117,520,394,914,252,47,104,11.93,0.9761,0.5927,0.237316,8,31,64,257.90,0.7641,0.1393,0.014017,4.488
937126,520,471,991,201,23,187,332.23,0.9444,0.5172,0.166200,11,2,21,306.15,0.7535,0.0428,0.001687,4.183
937135,520,250,770,243,134,199,344.67,0.8363,0.7186,0.402307,43,68,75,217.27,0.3153,0.2737,0.051557,4.454
937149,520,374,894,233,32,224,330.45,0.9758,0.6023,0.237410,12,45,21,149.59,0.8752,0.1623,0.020090,4.101
937175,520,387,907,241,43,171,347.33,0.9365,0.5929,0.233718,69,6,20,14.94,0.8737,0.1520,0.014462,4.401
937180,520,291,811,251,96,220,336.41,0.9737,0.6842,0.340451,81,46,17,57.30,0.6861,0.2409,0.037440,4.465
937187,520,401,921,220,37,222,327.72,0.9593,0.5808,0.218149,17,36,24,155.13,0.5046,0.1364,0.014468,4.159
937201,520,418,938,235,45,109,7.68,0.9138,0.5589,0.206461,28,28,25,106.85,0.0673,0.1224,0.011476,4.172
937203,520,264,784,216,137,243,317.09,0.8704,0.7091,0.389625,24,71,48,159.03,0.7703,0.2618,0.049139,4.434
937206,520,389,909,197,64,251,313.87,0.9752,0.5853,0.225034,9,43,10,143.67,0.9508,0.1523,0.018077,4.040
937216,520,478,998,181,58,192,324.38,0.8113,0.5114,0.166569,0,0,17,264.05,1.0000,0.0212,0.000405,4.297
937218,520,422,942,221,50,174,341.87,0.8781,0.5623,0.207117,21,19,52,282.30,0.6090,0.1089,0.008731,4.378
937227,520,473,993,193,66,156,341.26,0.7416,0.5193,0.176358,5,3,3,18.32,0.1648,0.0306,0.001040,4.435
937235,520,476,996,199,31,176,335.03,0.9038,0.5105,0.162585,0,3,3,194.77,1.0000,0.0242,0.000717,4.192
937236,520,429,949,201,61,201,327.95,0.8469,0.5531,0.199737,31,2,55,303.74,0.9237,0.0952,0.006106,4.451
937239,520,421,941,144,104,230,295.12,0.7751,0.5561,0.215431,5,24,51,257.05,0.7647,0.1091,0.009245,4.480
937242,520,450,970,242,6,2,29.31,0.9985,0.5413,0.190153,17,2,47,290.97,0.9250,0.0701,0.003678,4.474
937248,520,377,897,187,87,252,309.08,0.9704,0.5983,0.244104,43,31,47,317.54,0.2997,0.1575,0.016988,4.390
937279,520,464,984,205,51,146,347.75,0.8142,0.5200,0.174242,2,10,16,233.57,0.5890,0.0507,0.002674,4.257
937280,520,364,884,226,31,254,321.82,0.9961,0.6109,0.243066,59,4,80,313.53,0.9120,0.1657,0.015959,4.443
937289,520,465,985,198,70,133,353.33,0.7178,0.5224,0.180814,4,11,12,205.14,0.3481,0.0531,0.002917,4.362
937291,520,474,994,228,24,38,26.10,0.9806,0.5186,0.172902,9,0,13,319.14,1.0000,0.0307,0.000871,4.382
937293,520,417,937,215,64,189,335.74,0.8426,0.5724,0.217901,6,17,76,266.95,0.9381,0.1185,0.009614,4.494
937313,520,466,986,195,72,138,350.40,0.7030,0.5219,0.180735,23,3,4,19.22,0.7075,0.0534,0.002561,4.390
937323,520,408,928,191,84,212,320.77,0.7872,0.5719,0.221717,12,33,41,225.37,0.5156,0.1313,0.013259,4.295
937332,520,326,846,237,71,243,326.49,0.9565,0.6481,0.289845,83,29,25,27.04,0.6837,0.2120,0.027882,4.364
937342,520,460,980,238,6,26,27.30,0.9970,0.5337,0.183853,14,10,7,61.65,0.1867,0.0581,0.003258,4.391
937346,520,470,990,168,39,245,307.58,0.9543,0.5169,0.163692,18,0,6,355.93,1.0000,0.0393,0.001418,4.156
937353,520,466,986,209,57,113,3.03,0.8008,0.5200,0.176761,2,0,48,268.29,1.0000,0.0539,0.002263,4.339
937379,520,360,880,244,57,190,342.61,0.9274,0.6175,0.258801,31,48,22,135.58,0.5867,0.1841,0.024631,4.138
937399,520,443,963,222,27,152,348.69,0.9366,0.5390,0.185830,25,5,40,307.21,0.7706,0.0787,0.004684,4.313
937418,520,459,979,167,61,238,307.54,0.9085,0.5284,0.177267,18,9,2,68.38,0.6215,0.0589,0.003284,4.265
937425,520,453,973,218,64,47,30.04,0.8995,0.5304,0.187800,5,14,34,262.56,0.6476,0.0722,0.004618,4.354
937429,520,397,917,245,62,36,31.32,0.9595,0.5803,0.229885,25,24,75,278.15,0.7377,0.1433,0.013679,4.395
937440,520,423,943,194,73,210,322.84,0.8208,0.5610,0.208890,16,27,34,236.96,0.3033,0.1128,0.010095,4.308
937461,520,407,927,225,46,173,343.07,0.8980,0.5661,0.209812,37,24,31,345.66,0.2532,0.1255,0.011455,4.228
937473,520,413,933,196,70,229,318.46,0.8794,0.5736,0.217746,21,26,51,273.36,0.4802,0.1243,0.011372,4.363
937481,520,416,936,187,69,241,312.81,0.9174,0.5681,0.211730,11,11,80,270.90,0.9561,0.1164,0.008896,4.444
937491,520,368,888,236,26,236,328.29,0.9868,0.6131,0.246304,60,25,35,3.52,0.4998,0.1651,0.017774,4.372
937496,520,444,964,151,87,235,299.87,0.8436,0.5391,0.193941,10,4,55,276.84,0.9453,0.0759,0.004272,4.495
937511,520,432,952,197,53,222,321.16,0.9056,0.5535,0.196920,6,21,52,262.21,0.7769,0.1030,0.008229,4.240
937518,520,453,973,190,38,226,318.53,0.9413,0.5341,0.178257,2,9,41,265.05,0.9027,0.0652,0.003684,4.252
937532,520,184,704,244,185,27,84.52,0.9671,0.7879,0.540122,19,94,22,143.38,0.9787,0.3328,0.082015,4.470
937545,520,422,942,239,50,11,32.32,0.9899,0.5562,0.206594,34,17,33,328.98,0.4255,0.1072,0.008508,4.386
937547,520,432,952,232,13,151,350.94,0.9802,0.5534,0.196809,10,4,72,272.54,0.9783,0.0961,0.006192,4.392
937587,520,429,949,214,52,171,341.11,0.8522,0.5497,0.196946,20,8,67,281.98,0.8972,0.1037,0.007276,4.311
937603,520,451,971,235,32,24,29.04,0.9776,0.5363,0.187643,3,19,1,139.86,0.9758,0.0701,0.004873,4.331
937606,520,441,961,206,59,169,339.85,0.8091,0.5409,0.191163,34,3,46,314.73,0.8445,0.0931,0.006025,4.305
937615,520,471,991,171,46,234,310.59,0.9269,0.5168,0.165533,7,0,34,285.37,1.0000,0.0440,0.001607,4.176
937632,520,432,952,237,23,105,7.75,0.9684,0.5498,0.196404,41,2,34,336.35,0.8271,0.0950,0.006304,4.376
937644,520,473,993,162,45,248,304.80,0.9640,0.5154,0.163361,2,4,10,262.03,0.4487,0.0331,0.001216,4.166
937670,520,476,996,158,47,246,303.82,0.9544,0.5096,0.159565,7,0,4,341.66,1.0000,0.0236,0.000539,4.147
937683,520,439,959,206,53,190,332.77,0.8595,0.5472,0.193876,33,14,6,44.39,0.5675,0.0904,0.006506,4.316
937693,520,407,927,205,97,128,3.83,0.6141,0.5722,0.230889,21,35,13,135.19,0.6331,0.1333,0.013905,4.395
937719,520,437,957,243,31,9,30.23,0.9931,0.5520,0.200578,18,20,17,135.01,0.0952,0.0885,0.006694,4.420
937724,520,436,956,236,29,119,3.09,0.9520,0.5546,0.200466,24,20,13,81.46,0.2340,0.0935,0.007236,4.376
937730,520,462,982,219,34,135,354.26,0.9046,0.5293,0.179559,5,9,16,256.98,0.3322,0.0511,0.002650,4.360
937731,520,422,942,161,86,249,300.95,0.9381,0.5611,0.210726,42,8,44,325.54,0.7281,0.1118,0.008478,4.459
937758,520,398,918,242,12,156,351.44,0.9872,0.5752,0.215437,6,34,55,244.92,0.7450,0.1400,0.014585,4.110
937767,520,361,881,213,84,239,320.51,0.9134,0.6222,0.267204,27,41,68,262.62,0.4693,0.1803,0.022362,4.384
937769,520,452,972,191,91,93,20.55,0.6045,0.5288,0.193505,7,19,6,141.98,0.6686,0.0742,0.005241,4.408
937771,520,477,997,199,69,88,15.42,0.7439,0.5079,0.171049,4,0,7,315.09,1.0000,0.0210,0.000412,4.385
937773,520,458,978,209,58,127,357.14,0.7945,0.5261,0.181159,0,8,42,262.08,1.0000,0.0625,0.003408,4.328
937802,520,406,926,245,51,78,19.86,0.9433,0.5760,0.223336,21,33,23,149.19,0.3410,0.1297,0.013090,4.332
937821,520,391,911,235,59,157,351.49,0.8754,0.5874,0.232273,46,18,66,308.10,0.7003,0.1487,0.014068,4.406
937828,520,441,961,209,27,198,331.24,0.9502,0.5406,0.184184,27,18,4,78.92,0.6260,0.0902,0.006744,4.127
937833,520,457,977,228,17,100,7.78,0.9727,0.5276,0.178179,24,0,30,319.99,1.0000,0.0606,0.002880,4.315
937843,520,361,881,244,86,131,6.63,0.8714,0.6232,0.275304,16,50,34,160.33,0.7242,0.1843,0.025068,4.333
937844,520,446,966,153,83,241,299.97,0.8857,0.5403,0.193100,33,1,40,320.15,0.9056,0.0836,0.004983,4.421
937850,520,480,1000,167,3,254,306.30,0.9980,0.5095,0.154371,0,0,0,0.00,0.0000,0.0000,0.000000,4.087
937859,520,444,964,179,43,250,309.71,0.9740,0.5403,0.182145,18,4,50,289.26,0.8808,0.0776,0.004457,4.263
937877,520,472,992,222,40,38,27.62,0.9547,0.5151,0.171899,0,5,13,244.12,1.0000,0.0350,0.001376,4.319
937894,520,367,887,233,65,203,336.24,0.9030,0.6120,0.254186,21,17,114,271.66,0.9632,0.1741,0.017751,4.490
937910,520,336,856,210,96,248,316.74,0.9467,0.6392,0.288461,70,38,18,51.10,0.6072,0.2048,0.027322,4.377
937919,520,418,938,241,35,68,20.63,0.9648,0.5554,0.203235,2,6,94,265.27,0.9911,0.1241,0.009512,4.255
937938,520,322,842,240,78,221,332.99,0.9254,0.6466,0.291971,27,25,134,271.59,0.9545,0.2147,0.026493,4.471
937942,520,476,996,199,68,87,15.61,0.7496,0.5063,0.169665,1,1,11,275.11,0.8474,0.0225,0.000523,4.348
937962,520,449,969,222,57,82,17.57,0.8704,0.5365,0.190677,11,10,40,279.37,0.7027,0.0730,0.004414,4.423
937985,520,478,998,208,16,149,346.09,0.9515,0.5060,0.159526,3,2,3,326.14,0.1845,0.0248,0.000694,4.133
937986,520,374,894,227,65,205,334.09,0.8934,0.6029,0.245216,22,43,26,149.03,0.5410,0.1624,0.019729,4.234
937992,520,462,982,222,3,156,346.95,0.9937,0.5338,0.179976,13,5,21,306.63,0.5624,0.0519,0.002483,4.382
938007,520,386,906,200,69,247,315.41,0.9524,0.5917,0.232524,31,36,15,120.14,0.5038,0.1456,0.015875,4.289
938011,520,385,905,252,46,83,18.33,0.9806,0.5874,0.232776,7,25,92,265.59,0.9338,0.1527,0.015130,4.342
938033,520,410,930,234,37,158,349.75,0.9318,0.5701,0.212871,60,8,11,22.92,0.8566,0.1328,0.011587,4.268
938038,520,477,997,173,67,197,319.71,0.7836,0.5125,0.169308,1,1,7,277.79,0.7136,0.0203,0.000435,4.348
938042,520,386,906,250,18,149,355.33,0.9839,0.5895,0.229300,39,14,82,293.10,0.8342,0.1485,0.013546,4.395
938061,520,430,950,199,59,201,327.37,0.8498,0.5478,0.194887,28,9,55,297.14,0.7827,0.1015,0.007181,4.283
938063,520,398,918,242,1,170,347.04,0.9990,0.5795,0.218044,6,33,60,251.51,0.7674,0.1407,0.014526,4.154
938107,520,403,923,248,41,94,14.10,0.9547,0.5784,0.223540,5,21,79,265.30,0.9308,0.1291,0.011330,4.460
938125,520,426,946,251,16,38,26.27,0.9931,0.5648,0.210235,40,8,47,319.90,0.7414,0.1106,0.008301,4.464
938126,520,449,969,226,49,88,14.53,0.8963,0.5385,0.190728,17,7,38,293.85,0.7135,0.0713,0.004111,4.449
938136,520,468,988,219,53,60,24.05,0.9045,0.5226,0.179351,6,1,27,287.50,0.9150,0.0395,0.001396,4.462
938152,520,441,961,213,72,82,20.23,0.7943,0.5364,0.193924,30,14,14,19.99,0.3679,0.0879,0.006218,4.339
938201,520,418,938,242,34,79,17.48,0.9629,0.5589,0.205892,59,2,1,29.39,0.9797,0.1214,0.009756,4.282
938226,520,450,970,184,62,217,318.11,0.8589,0.5380,0.186465,4,18,1,137.99,0.9672,0.0680,0.004606,4.330
938260,520,444,964,235,22,102,8.41,0.9690,0.5444,0.191984,31,8,11,13.89,0.5615,0.0777,0.004892,4.408
938268,520,458,978,235,16,25,27.78,0.9912,0.5296,0.181062,3,17,1,139.39,0.9695,0.0644,0.004224,4.261
938289,520,431,951,218,4,202,332.46,0.9951,0.5528,0.192588,17,17,55,277.94,0.7060,0.1038,0.007959,4.186
938294,520,411,931,199,36,252,315.21,0.9858,0.5682,0.204336,47,13,25,0.98,0.6058,0.1176,0.009625,4.266
938297,520,338,858,222,115,166,351.62,0.6609,0.6425,0.305463,19,55,34,155.25,0.7508,0.2023,0.029862,4.451
938300,520,441,961,223,32,149,350.11,0.9220,0.5421,0.188935,23,15,38,298.00,0.5053,0.0923,0.006638,4.219
938314,520,394,914,243,36,160,351.00,0.9499,0.5877,0.228577,42,27,36,342.69,0.2746,0.1414,0.014035,4.350
938329,520,456,976,210,75,46,33.76,0.8666,0.5289,0.189333,11,12,12,196.98,0.0286,0.0612,0.003606,4.465
938333,520,393,913,224,47,210,331.83,0.9335,0.5861,0.225358,46,21,39,338.52,0.4665,0.1360,0.012637,4.396
938343,520,441,961,119,105,240,283.56,0.8522,0.5409,0.203160,23,20,15,80.52,0.1622,0.0929,0.007170,4.428
938366,520,399,919,220,69,178,340.96,0.8230,0.5803,0.226885,23,14,91,276.67,0.9278,0.1423,0.012515,4.429
938375,520,398,918,209,56,228,323.01,0.9215,0.5797,0.219869,21,33,44,246.82,0.3236,0.1386,0.014290,4.198
938421,520,461,981,149,74,247,298.46,0.9375,0.5280,0.180028,6,8,5,134.15,0.2036,0.0457,0.002233,4.404
938422,520,433,953,216,75,96,15.32,0.7729,0.5491,0.204780,24,17,48,290.65,0.5875,0.1046,0.008085,4.386
938439,520,448,968,240,18,12,29.17,0.9915,0.5403,0.189878,17,15,26,292.26,0.2917,0.0792,0.005354,4.334
938455,520,412,932,229,49,155,350.20,0.8860,0.5672,0.212239,12,17,70,271.14,0.8854,0.1151,0.009212,4.429
938460,520,349,869,242,40,237,329.40,0.9784,0.6302,0.265120,87,3,29,11.75,0.9456,0.1920,0.021804,4.389
938471,520,408,928,247,20,100,10.68,0.9816,0.5680,0.211981,14,26,60,266.49,0.6755,0.1262,0.011583,4.254
938475,520,327,847,238,113,107,24.70,0.8099,0.6461,0.310516,20,59,0,137.65,1.0000,0.2108,0.032765,4.356
938488,520,365,885,234,39,230,329.19,0.9716,0.6113,0.246592,24,32,87,271.88,0.7568,0.1713,0.019153,4.289
938500,520,414,934,237,27,159,349.75,0.9597,0.5714,0.212946,30,19,55,294.38,0.6118,0.1206,0.010176,4.370
938552,520,386,906,234,66,148,355.16,0.8486,0.5885,0.235298,65,16,1,38.59,0.9639,0.1518,0.014968,4.391
938557,520,416,936,227,74,85,20.51,0.8358,0.5656,0.218870,8,14,83,268.44,0.9570,0.1229,0.009902,4.489
938558,520,415,935,179,74,248,308.37,0.9468,0.5679,0.212594,13,19,69,271.11,0.8546,0.1185,0.009809,4.391
938559,520,381,901,196,77,248,313.54,0.9510,0.5954,0.238220,62,9,64,326.46,0.7944,0.1625,0.015898,4.374
938569,520,416,936,224,17,203,333.68,0.9816,0.5673,0.205624,47,15,7,35.63,0.7096,0.1161,0.009614,4.288
938579,520,459,979,213,62,100,10.23,0.8038,0.5289,0.185138,18,6,23,315.60,0.5570,0.0605,0.003207,4.419
938581,520,294,814,253,115,136,12.89,0.9521,0.6807,0.349248,15,64,49,168.57,0.8302,0.2355,0.039899,4.441
938582,520,421,941,198,5,254,314.98,0.9974,0.5578,0.192715,2,8,84,265.45,0.9843,0.1128,0.008266,4.166
938590,520,437,957,189,31,253,312.35,0.9903,0.5509,0.188918,2,27,4,144.98,0.9772,0.0945,0.008055,4.115
938612,520,374,894,238,61,158,351.94,0.8795,0.5952,0.239862,56,27,9,50.17,0.6794,0.1557,0.016445,4.362
938614,520,378,898,242,80,94,19.61,0.8947,0.6026,0.254258,27,40,24,139.80,0.4113,0.1562,0.018165,4.464
938639,520,389,909,249,60,68,24.19,0.9659,0.5899,0.237923,50,29,20,43.88,0.4127,0.1524,0.016074,4.358
938648,520,460,980,123,89,251,286.79,0.9607,0.5252,0.183205,5,3,45,273.62,0.9540,0.0595,0.002868,4.411
938654,520,442,962,226,50,105,8.33,0.8787,0.5438,0.194726,34,5,18,355.31,0.6851,0.0797,0.004923,4.456
938662,520,335,855,226,102,192,339.27,0.7724,0.6393,0.294794,56,46,13,92.17,0.6915,0.2032,0.028239,4.407
938665,520,473,993,200,56,157,342.42,0.7947,0.5210,0.175439,12,0,3,359.86,1.0000,0.0296,0.000848,4.434
938672,520,474,994,221,1,136,353.35,0.9976,0.5221,0.171741,11,0,3,358.00,1.0000,0.0283,0.000777,4.367
938686,520,366,886,240,35,214,334.63,0.9720,0.6098,0.245852,19,37,80,264.53,0.7041,0.1738,0.020407,4.202
938697,520,403,923,227,11,211,332.31,0.9909,0.5764,0.212759,23,35,8,129.55,0.7443,0.1341,0.014017,4.104
938703,520,271,791,233,146,97,49.39,0.7217,0.6972,0.387467,5,74,10,143.47,0.9928,0.2594,0.049515,4.396
938704,520,12,532,254,251,245,84.57,0.7086,0.9869,0.966579,45,134,11,139.67,0.9922,0.4730,0.176316,4.492
938712,520,345,865,243,10,244,328.12,0.9970,0.6266,0.258062,11,52,29,154.66,0.8939,0.1876,0.026157,4.045
938713,520,343,863,252,79,145,1.34,0.9583,0.6337,0.283351,2,46,81,248.51,0.9286,0.1925,0.025608,4.409
938725,520,367,887,245,41,199,339.87,0.9609,0.6133,0.251249,54,36,8,74.83,0.7281,0.1734,0.020636,4.265
938737,520,369,889,235,76,174,346.66,0.8459,0.6119,0.258897,45,36,29,59.75,0.1970,0.1652,0.019084,4.471
938747,520,0,520,255,255,255,0.00,0.0000,1.0000,1.000000,37,137,44,143.98,0.9670,0.4827,0.184658,4.475
938750,520,444,964,166,70,246,304.84,0.9359,0.5439,0.191417,7,0,66,271.73,1.0000,0.0801,0.004385,4.439
938757,520,440,960,205,83,123,2.56,0.6795,0.5487,0.205977,17,19,32,276.87,0.3180,0.0916,0.006892,4.499
938763,520,462,982,192,55,193,327.68,0.8364,0.5271,0.177906,7,10,6,136.99,0.2304,0.0516,0.002754,4.320
938769,520,341,861,239,42,242,327.52,0.9773,0.6294,0.264201,79,27,1,43.66,0.9664,0.1974,0.024486,4.218
938781,520,443,963,229,48,78,18.16,0.9157,0.5415,0.193249,26,3,43,306.87,0.8450,0.0790,0.004592,4.456
938793,520,468,988,172,72,200,318.16,0.7719,0.5195,0.175765,18,0,17,330.18,1.0000,0.0440,0.001691,4.368
938808,520,396,916,188,85,225,316.02,0.8248,0.5776,0.226257,48,11,67,311.24,0.7902,0.1430,0.012730,4.404
938821,520,416,936,201,61,228,320.57,0.9026,0.5714,0.213580,39,5,62,306.76,0.8632,0.1176,0.008877,4.477
938823,520,470,990,225,18,87,11.88,0.9721,0.5182,0.171311,0,8,15,232.77,1.0000,0.0437,0.002081,4.249
938829,520,444,964,186,19,254,311.55,0.9954,0.5423,0.180617,10,3,63,274.78,0.9740,0.0834,0.004885,4.202
938840,520,439,959,240,43,17,30.90,0.9848,0.5532,0.202968,17,15,48,281.40,0.6585,0.0939,0.006742,4.458
938845,520,478,998,160,32,250,304.34,0.9768,0.5057,0.154093,3,1,4,316.91,0.5138,0.0217,0.000498,4.042
938851,520,422,942,198,68,204,326.02,0.8274,0.5576,0.205012,11,14,69,271.56,0.9095,0.1081,0.008148,4.386
938862,520,415,935,238,12,166,347.50,0.9864,0.5719,0.211963,23,28,29,211.07,0.0993,0.1190,0.011014,4.294
938874,520,318,838,231,112,188,343.26,0.7672,0.6603,0.322103,46,55,39,131.81,0.2737,0.2233,0.034597,4.399
938877,520,388,908,242,44,155,352.77,0.9296,0.5883,0.230483,67,10,10,25.90,0.8783,0.1499,0.014325,4.360
938878,520,430,950,220,39,160,345.91,0.8986,0.5456,0.192072,41,9,32,340.34,0.6545,0.1043,0.007711,4.195
938900,520,365,885,254,10,186,345.05,0.9945,0.6122,0.248366,10,42,58,234.32,0.6984,0.1673,0.020259,4.247
938908,520,473,993,185,17,233,315.87,0.9825,0.5219,0.165996,4,1,15,293.60,0.8059,0.0289,0.000820,4.250
938930,520,289,809,254,119,71,39.54,0.9875,0.6758,0.347227,31,57,83,249.82,0.4966,0.2379,0.038420,4.493
938932,520,335,855,239,47,248,326.10,0.9771,0.6363,0.271636,12,22,128,267.06,0.9738,0.1951,0.022103,4.461
938939,520,363,883,227,53,236,325.89,0.9538,0.6123,0.249355,12,15,117,267.93,0.9799,0.1710,0.017040,4.465
938954,520,403,923,255,21,72,19.63,1.0000,0.5790,0.222680,27,21,67,283.87,0.6975,0.1316,0.011746,4.416
938955,520,376,896,236,24,222,331.66,0.9846,0.6031,0.237627,8,20,104,266.77,0.9640,0.1589,0.015513,4.390
938958,520,394,914,228,17,232,327.37,0.9905,0.5936,0.227235,28,28,58,281.40,0.4941,0.1404,0.013828,4.343
938964,520,337,857,255,97,7,41.62,1.0000,0.6395,0.298283,18,50,66,233.15,0.6061,0.1997,0.028030,4.463
938972,520,420,940,238,52,77,19.79,0.9259,0.5627,0.211721,5,12,76,267.32,0.9616,0.1097,0.008170,4.499
938979,520,350,870,249,15,225,333.86,0.9943,0.6258,0.259207,57,10,106,298.34,0.9129,0.1943,0.021276,4.338
938984,520,464,984,229,7,73,16.45,0.9923,0.5206,0.172940,0,2,42,264.18,0.9870,0.0498,0.002106,4.279
938991,520,432,952,175,86,214,314.19,0.7659,0.5532,0.206254,24,12,53,291.48,0.7301,0.0996,0.007142,4.485
938997,520,420,940,235,62,31,32.36,0.9581,0.5601,0.212094,33,14,49,306.50,0.6484,0.1106,0.008592,4.473
939030,520,356,876,247,8,228,332.70,0.9971,0.6227,0.255523,23,47,31,153.60,0.5407,0.1774,0.023141,4.177
939055,520,432,952,219,77,26,37.83,0.9418,0.5467,0.204449,28,17,38,307.11,0.4593,0.1022,0.007877,4.396
939065,520,249,769,237,155,51,67.49,0.8872,0.7155,0.416885,36,75,37,144.34,0.7641,0.2783,0.055406,4.429
939080,520,474,994,213,35,150,347.50,0.8920,0.5249,0.175525,0,3,5,224.61,1.0000,0.0252,0.000761,4.443
939097,520,447,967,192,59,211,322.38,0.8619,0.5432,0.190390,7,17,30,254.87,0.4859,0.0782,0.005398,4.339
939108,520,365,885,237,40,221,332.14,0.9674,0.6113,0.247452,67,17,42,353.12,0.6779,0.1680,0.017615,4.399
939114,520,429,949,218,59,147,351.25,0.8199,0.5519,0.201423,31,4,54,303.75,0.8641,0.0972,0.006445,4.454
939116,520,430,950,225,43,140,354.29,0.8892,0.5488,0.196314,41,2,39,330.42,0.8406,0.0982,0.006614,4.351
939122,520,464,984,183,65,186,326.80,0.7771,0.5185,0.173943,7,4,27,285.21,0.7339,0.0478,0.002111,4.297
939126,520,327,847,246,114,59,41.60,0.9206,0.6530,0.319463,19,58,31,150.92,0.8372,0.2116,0.032634,4.471
939130,520,415,935,221,69,152,350.92,0.7990,0.5699,0.218978,17,31,15,141.37,0.5387,0.1184,0.011336,4.385
939133,520,474,994,230,6,10,28.77,0.9968,0.5155,0.169782,6,3,3,18.81,0.2282,0.0318,0.001104,4.301
939164,520,409,929,237,69,56,28.76,0.9185,0.5739,0.225494,40,26,19,47.57,0.3147,0.1303,0.012370,4.417
939173,520,476,996,222,26,35,26.67,0.9764,0.5064,0.163925,2,1,7,291.58,0.6583,0.0219,0.000500,4.236
939183,520,368,888,247,77,92,19.98,0.9332,0.6078,0.258579,50,35,39,1.15,0.2134,0.1728,0.020267,4.392
939193,520,456,976,202,67,132,354.41,0.7418,0.5254,0.182388,19,9,0,74.98,1.0000,0.0595,0.003338,4.357
939194,520,445,965,202,37,214,324.97,0.9366,0.5445,0.187365,19,13,35,294.08,0.5153,0.0822,0.005476,4.279
939206,520,467,987,196,59,157,341.40,0.7764,0.5170,0.172998,5,0,37,278.67,1.0000,0.0449,0.001658,4.317
939213,520,385,905,178,102,226,310.47,0.7730,0.5904,0.244594,50,27,38,350.17,0.3691,0.1540,0.016020,4.462
939232,520,334,854,243,75,209,337.18,0.9279,0.6419,0.286931,3,49,81,245.49,0.9019,0.2015,0.028099,4.314
939243,520,434,954,240,17,67,19.58,0.9867,0.5454,0.193347,46,4,16,8.13,0.8053,0.0997,0.007052,4.265
939247,520,393,913,218,35,236,323.83,0.9709,0.5862,0.221657,47,26,17,43.80,0.4415,0.1402,0.013837,4.255
939270,520,479,999,205,11,170,338.38,0.9709,0.5102,0.161228,1,0,1,328.36,1.0000,0.0103,0.000086,4.217
939287,520,461,981,227,39,68,20.01,0.9412,0.5289,0.182022,6,3,32,280.99,0.8583,0.0484,0.002081,4.455
939299,520,478,998,113,93,235,284.33,0.8511,0.5085,0.173372,4,0,11,304.75,1.0000,0.0232,0.000500,4.423
939318,520,424,944,116,109,252,280.67,0.9617,0.5559,0.216780,18,28,17,142.36,0.3712,0.1107,0.009996,4.447
939323,520,222,742,209,169,214,322.62,0.4759,0.7499,0.467870,57,79,23,128.14,0.8024,0.3038,0.065236,4.494
939328,520,388,908,218,24,242,322.57,0.9853,0.5859,0.219715,28,28,70,279.41,0.6233,0.1500,0.015195,4.137
939329,520,405,925,226,32,201,334.75,0.9574,0.5754,0.214213,49,12,51,325.68,0.7076,0.1335,0.011550,4.293
939336,520,457,977,224,27,133,355.73,0.9369,0.5347,0.183273,1,12,20,234.36,0.7836,0.0562,0.003199,4.385
939344,520,438,958,227,67,36,32.90,0.9363,0.5502,0.204754,8,19,39,261.23,0.5825,0.0894,0.006638,4.498
939349,520,342,862,228,74,236,325.82,0.9268,0.6322,0.274498,30,49,31,145.68,0.4561,0.1887,0.025715,4.286
939353,520,406,926,247,58,58,26.31,0.9611,0.5828,0.231092,14,36,18,148.16,0.6904,0.1329,0.013987,4.393
939356,520,397,917,240,55,121,5.19,0.8968,0.5801,0.226413,16,39,20,147.99,0.6813,0.1442,0.016117,4.181
939367,520,337,857,248,75,179,347.90,0.9335,0.6357,0.282464,36,53,7,128.02,0.8989,0.2019,0.029366,4.189
939369,520,429,949,238,42,53,25.00,0.9583,0.5513,0.200933,16,27,3,129.41,0.8667,0.1031,0.009006,4.253
939377,520,374,894,244,41,167,349.17,0.9439,0.5955,0.236122,3,47,13,146.98,0.9848,0.1641,0.020814,4.040
939381,520,431,951,212,31,205,330.11,0.9496,0.5524,0.193869,39,13,1,48.61,0.8779,0.0972,0.007214,4.262
939397,520,242,762,250,123,234,332.32,0.9716,0.7269,0.404329,53,70,56,149.88,0.2603,0.2799,0.054226,4.359
939401,520,467,987,230,21,13,29.27,0.9879,0.5199,0.173914,15,1,17,323.91,0.7924,0.0426,0.001638,4.336
939462,520,331,851,241,73,217,334.33,0.9277,0.6409,0.284783,93,3,23,17.86,0.9665,0.2044,0.024546,4.491
939469,520,458,978,216,65,67,24.25,0.8557,0.5305,0.187872,16,7,22,310.91,0.4892,0.0598,0.003201,4.471
939478,520,459,979,197,4,220,322.41,0.9952,0.5282,0.171261,13,11,16,303.32,0.1692,0.0622,0.003623,4.126
939493,520,477,997,207,5,167,339.80,0.9862,0.5109,0.161661,7,0,1,9.43,1.0000,0.0219,0.000474,4.193
939510,520,425,945,243,20,89,13.62,0.9810,0.5570,0.202797,30,0,76,290.50,1.0000,0.1139,0.007978,4.360
939519,520,473,993,215,54,72,20.03,0.8749,0.5177,0.175558,4,2,15,289.81,0.6893,0.0320,0.001037,4.419
939526,520,409,929,205,59,219,324.12,0.8947,0.5696,0.212232,44,18,48,322.14,0.5788,0.1325,0.011815,4.242
939528,520,400,920,207,38,254,316.88,0.9953,0.5835,0.218090,37,23,53,303.89,0.5141,0.1356,0.012632,4.280
939538,520,427,947,208,33,224,324.13,0.9595,0.5596,0.198813,35,11,33,330.64,0.5825,0.0980,0.007065,4.360
939553,520,470,990,190,82,115,3.39,0.6271,0.5189,0.182212,12,4,6,0.04,0.3678,0.0421,0.001782,4.484
939558,520,426,946,191,72,219,319.39,0.8435,0.5613,0.208269,20,15,61,281.22,0.7715,0.1082,0.008273,4.432
939562,520,363,883,199,113,166,343.40,0.5485,0.6054,0.267070,1,43,62,233.84,0.9553,0.1695,0.020819,4.477
939570,520,454,974,232,12,73,16.94,0.9880,0.5281,0.179029,29,3,28,329.47,0.7582,0.0727,0.004102,4.233
939573,520,385,905,253,27,119,5.78,0.9844,0.5881,0.230021,21,37,51,246.04,0.3998,0.1540,0.017215,4.166
939576,520,385,905,229,71,153,352.63,0.8192,0.5868,0.234670,48,21,53,321.18,0.5701,0.1471,0.014218,4.433
939578,520,385,905,232,56,182,342.21,0.8957,0.5911,0.233642,62,2,53,335.66,0.8872,0.1477,0.013247,4.485
939591,520,441,961,208,7,208,328.34,0.9908,0.5394,0.181179,16,19,26,266.77,0.1978,0.0877,0.006505,4.091
939614,520,462,982,204,33,196,330.45,0.9271,0.5333,0.179125,14,5,21,309.54,0.5640,0.0529,0.002561,4.359
939625,520,470,990,221,27,116,1.29,0.9341,0.5223,0.174196,4,6,14,268.62,0.3829,0.0422,0.001878,4.322
939627,520,408,928,232,21,172,344.46,0.9699,0.5658,0.206735,51,11,33,350.09,0.6766,0.1254,0.010531,4.241
939629,520,377,897,235,27,224,330.93,0.9820,0.6037,0.238305,0,46,3,143.73,1.0000,0.1581,0.019605,4.142
939635,520,324,844,239,118,14,51.50,0.9803,0.6453,0.313421,0,54,77,233.77,1.0000,0.2129,0.031740,4.446
939671,520,420,940,252,8,17,28.45,0.9972,0.5638,0.209134,52,6,10,20.85,0.8436,0.1133,0.008824,4.405
939673,520,326,846,209,108,232,319.91,0.8393,0.6451,0.301080,65,42,20,63.06,0.5482,0.2066,0.028304,4.484
939674,520,400,920,247,64,11,34.29,0.9910,0.5849,0.234686,6,29,76,262.08,0.8896,0.1441,0.014392,4.421
939699,520,342,862,247,28,235,331.04,0.9884,0.6323,0.266058,28,32,98,273.96,0.8033,0.1852,0.021616,4.413
939727,520,371,891,255,64,109,12.64,1.0000,0.6134,0.260345,25,44,17,137.16,0.6911,0.1657,0.020485,4.403
939739,520,437,957,213,56,170,341.33,0.8357,0.5510,0.198789,6,10,64,269.26,0.9441,0.0931,0.006259,4.422
939745,520,468,988,205,60,134,353.42,0.7780,0.5236,0.179341,9,3,6,344.98,0.3865,0.0363,0.001364,4.465
939761,520,425,945,176,84,220,313.12,0.7960,0.5558,0.207389,42,18,7,44.81,0.6280,0.1130,0.009403,4.333
939763,520,420,940,246,18,47,24.63,0.9903,0.5556,0.202342,31,8,66,294.47,0.8494,0.1145,0.008583,4.307
939766,520,404,924,237,33,167,347.38,0.9496,0.5779,0.218852,29,32,22,121.41,0.2334,0.1336,0.013522,4.232
939786,520,419,939,210,71,172,340.41,0.7820,0.5624,0.211887,14,18,58,273.39,0.7554,0.1064,0.008314,4.491
939805,520,422,942,214,53,186,336.24,0.8687,0.5588,0.203897,19,15,65,279.00,0.8131,0.1113,0.008617,4.331
939812,520,479,999,204,31,161,341.27,0.8967,0.5111,0.163926,0,0,4,264.05,1.0000,0.0106,0.000088,4.271
939826,520,38,558,254,236,239,5.98,0.8368,0.9513,0.872943,9,130,23,143.55,0.9957,0.4525,0.160845,4.377
939827,520,364,884,236,92,102,19.29,0.8291,0.6093,0.264493,31,45,4,126.77,0.9171,0.1718,0.021768,4.382
939842,520,370,890,232,61,217,331.98,0.9270,0.6148,0.255055,4,30,96,263.31,0.9548,0.1665,0.017988,4.487
939846,520,435,955,229,16,165,345.86,0.9750,0.5550,0.197480,18,14,42,286.38,0.5956,0.0881,0.006098,4.412
939863,520,364,884,242,17,220,333.53,0.9913,0.6105,0.244483,67,21,29,12.64,0.6336,0.1690,0.018185,4.319
939866,520,430,950,195,48,222,320.71,0.9158,0.5462,0.189914,8,1,76,270.68,0.9961,0.0956,0.005951,4.288
939872,520,339,859,249,19,248,328.55,0.9950,0.6416,0.273857,84,15,41,3.11,0.7737,0.1997,0.023869,4.384
939887,520,343,863,245,74,189,343.83,0.9208,0.6341,0.279871,33,50,8,129.09,0.8764,0.1899,0.026220,4.328
939890,520,298,818,251,65,242,330.21,0.9849,0.6651,0.307035,55,40,102,290.69,0.6379,0.2310,0.032891,4.307
939899,520,280,800,248,96,240,329.86,0.9702,0.6904,0.346161,35,51,114,269.18,0.7045,0.2484,0.039397,4.431
939907,520,441,961,238,10,92,11.66,0.9896,0.5445,0.191702,43,5,9,18.55,0.8034,0.0936,0.006419,4.284
939911,520,414,934,215,6,227,325.41,0.9954,0.5651,0.201254,14,26,52,263.90,0.5805,0.1199,0.010800,4.132
939918,520,100,620,236,220,192,81.70,0.4494,0.8837,0.728257,26,113,54,149.46,0.9561,0.4030,0.122957,4.500
939928,520,412,932,242,38,128,1.58,0.9405,0.5743,0.218252,2,21,72,262.95,0.9583,0.1199,0.010170,4.458
939942,520,441,961,222,52,102,9.13,0.8633,0.5369,0.189475,6,26,3,140.13,0.9486,0.0936,0.007841,4.140
939955,520,394,914,255,21,102,11.13,1.0000,0.5853,0.227594,55,14,31,357.90,0.6504,0.1362,0.012254,4.459
939973,520,462,982,168,79,203,315.23,0.7500,0.5255,0.182294,0,7,23,253.97,0.9999,0.0456,0.002138,4.455
939977,520,452,972,232,24,24,28.36,0.9843,0.5260,0.178781,4,4,57,269.39,0.9741,0.0738,0.004080,4.230
939979,520,383,903,201,96,204,326.39,0.7398,0.5990,0.251443,2,43,32,170.31,0.9587,0.1548,0.018449,4.404
939989,520,330,850,245,110,32,45.22,0.9551,0.6426,0.306717,43,45,82,279.57,0.4585,0.2140,0.029995,4.459
940000,520,477,997,157,54,241,304.07,0.9284,0.5100,0.161578,5,0,3,340.52,1.0000,0.0201,0.000388,4.199
940001,520,457,977,201,80,88,19.20,0.7056,0.5270,0.188614,26,3,21,336.71,0.7169,0.0643,0.003389,4.469
940017,520,436,956,181,91,177,328.98,0.6381,0.5467,0.204814,31,17,9,50.32,0.4311,0.0944,0.007120,4.461
940028,520,443,963,231,34,76,17.36,0.9515,0.5356,0.186578,13,5,57,279.09,0.9250,0.0821,0.004895,4.310
940029,520,375,895,157,109,253,295.51,0.9618,0.5964,0.251973,2,34,82,258.63,0.9547,0.1606,0.017660,4.463
940057,520,442,962,186,85,159,338.82,0.6398,0.5355,0.194407,1,10,57,264.38,0.9556,0.0820,0.005189,4.429
940062,520,464,984,215,51,95,10.71,0.8529,0.5203,0.176434,7,2,30,286.11,0.8698,0.0454,0.001823,4.369
940076,520,452,972,226,16,111,3.52,0.9708,0.5265,0.176899,10,4,50,278.62,0.9253,0.0705,0.003816,4.216
940078,520,391,911,223,75,167,346.13,0.7990,0.5869,0.235125,60,14,48,339.78,0.6970,0.1538,0.014883,4.394
940087,520,431,951,238,21,95,11.13,0.9749,0.5484,0.195429,16,12,65,277.25,0.8710,0.1039,0.007547,4.265
940091,520,461,981,223,15,147,350.31,0.9691,0.5343,0.181388,23,0,23,328.36,1.0000,0.0546,0.002440,4.412
940105,520,379,899,238,20,213,334.38,0.9866,0.5998,0.234844,52,32,4,71.59,0.8166,0.1599,0.017719,4.206
940116,520,468,988,212,37,132,353.96,0.8777,0.5162,0.169885,2,3,24,271.52,0.8676,0.0383,0.001440,4.275
940117,520,447,967,189,48,222,318.93,0.9111,0.5366,0.182080,9,20,6,138.42,0.6405,0.0784,0.005715,4.165
940134,520,466,986,204,77,47,34.59,0.8424,0.5207,0.183525,7,8,18,277.98,0.3607,0.0516,0.002625,4.438
940135,520,461,981,235,2,30,26.55,0.9989,0.5265,0.178026,7,2,34,283.24,0.9038,0.0487,0.002041,4.382
940157,520,452,972,232,30,72,18.33,0.9623,0.5347,0.185553,17,13,3,91.82,0.5679,0.0666,0.004136,4.351
940160,520,448,968,191,81,155,342.15,0.6670,0.5355,0.193293,31,10,3,43.49,0.6965,0.0792,0.005150,4.411
940169,520,417,937,232,62,119,5.49,0.8539,0.5706,0.219358,41,22,12,48.02,0.4818,0.1208,0.010718,4.436
940183,520,382,902,208,66,250,317.17,0.9720,0.6030,0.242100,41,12,95,290.01,0.8954,0.1628,0.015606,4.452
940187,520,434,954,245,23,20,28.81,0.9888,0.5531,0.200793,29,12,45,304.98,0.6529,0.0990,0.007136,4.389
940208,520,421,941,226,31,176,342.01,0.9429,0.5606,0.202859,11,9,77,271.61,0.9592,0.1101,0.008023,4.358
940211,520,442,962,216,63,102,10.02,0.8082,0.5363,0.191157,27,5,32,320.02,0.7103,0.0757,0.004459,4.428
940232,520,434,954,175,69,246,307.87,0.9384,0.5550,0.200248,21,20,42,283.99,0.4531,0.1037,0.008269,4.295
940233,520,277,797,251,93,254,327.04,0.9963,0.6997,0.354963,33,63,65,201.16,0.4136,0.2473,0.042599,4.373
940250,520,248,768,238,132,224,332.16,0.8795,0.7194,0.400635,74,56,94,305.20,0.4004,0.2826,0.050924,4.465
940263,520,438,958,236,27,120,2.64,0.9563,0.5540,0.199759,5,23,20,181.58,0.6119,0.0884,0.006955,4.385
940265,520,443,963,213,68,107,8.36,0.7764,0.5378,0.193442,37,6,0,39.64,1.0000,0.0817,0.005236,4.407
940286,520,414,934,212,95,80,29.38,0.7198,0.5678,0.227628,35,28,0,96.01,1.0000,0.1250,0.011879,4.487
940306,520,418,938,233,68,50,30.03,0.9162,0.5643,0.216911,12,33,3,136.94,0.9542,0.1192,0.011724,4.324
940315,520,461,981,222,56,3,34.61,0.9955,0.5268,0.183672,12,3,30,295.60,0.7879,0.0523,0.002370,4.462
940338,520,400,920,216,56,205,331.11,0.8939,0.5761,0.218371,6,18,96,266.41,0.9644,0.1446,0.013158,4.249
940345,520,445,965,205,64,156,344.70,0.7764,0.5378,0.190482,23,8,39,302.99,0.6867,0.0806,0.005023,4.371
940362,520,376,896,231,94,57,35.93,0.8682,0.5956,0.252925,46,30,52,316.51,0.3855,0.1619,0.017574,4.483
940371,520,365,885,229,101,86,28.91,0.8015,0.6074,0.266398,10,47,22,150.62,0.9095,0.1685,0.021554,4.422
940377,520,249,769,168,171,230,281.92,0.5812,0.7210,0.431635,18,79,13,142.02,0.9783,0.2803,0.057494,4.481
940400,520,439,959,239,37,35,28.00,0.9719,0.5483,0.197985,20,18,24,300.42,0.1584,0.0881,0.006473,4.391
940448,520,399,919,236,42,172,345.86,0.9301,0.5834,0.224702,55,9,51,331.79,0.7561,0.1405,0.012467,4.398
940450,520,443,963,218,62,106,8.45,0.8148,0.5401,0.193938,30,8,22,343.48,0.5565,0.0800,0.005076,4.429
940465,520,432,952,155,84,252,298.53,0.9675,0.5534,0.203377,37,1,51,314.30,0.9407,0.0991,0.006541,4.481
940489,520,444,964,223,52,113,4.98,0.8588,0.5421,0.193389,18,18,9,108.03,0.3074,0.0811,0.005809,4.361
940494,520,300,820,235,99,240,326.25,0.9327,0.6745,0.328793,7,63,38,158.16,0.9520,0.2263,0.037400,4.334
940502,520,180,700,249,158,249,326.89,0.9642,0.7909,0.514349,30,91,13,140.08,0.9801,0.3255,0.077870,4.413
940506,520,384,904,224,31,224,328.26,0.9721,0.5861,0.222114,20,15,100,273.06,0.9523,0.1527,0.014104,4.245
940515,520,421,941,186,75,225,315.99,0.8461,0.5617,0.209086,24,25,14,112.40,0.3081,0.1068,0.009212,4.376
940523,520,370,890,228,16,253,322.65,0.9944,0.6086,0.239587,3,39,73,251.33,0.8865,0.1665,0.019513,4.166
940538,520,436,956,239,5,113,4.77,0.9940,0.5514,0.196548,38,1,35,331.76,0.8802,0.0886,0.005552,4.438
940540,520,479,999,211,58,50,27.84,0.8921,0.5103,0.171077,2,0,0,29.23,1.0000,0.0120,0.000129,4.410
940547,520,473,993,190,63,172,334.00,0.7697,0.5193,0.174823,8,0,17,308.71,1.0000,0.0318,0.000921,4.415
940562,520,466,986,205,21,179,335.68,0.9476,0.5187,0.167722,6,11,12,209.69,0.2047,0.0549,0.003046,4.104
940580,520,292,812,165,146,253,290.19,0.9326,0.6760,0.356488,32,64,36,146.86,0.6545,0.2397,0.041011,4.466
940582,520,358,878,213,75,253,317.54,0.9877,0.6217,0.262718,32,43,45,209.88,0.1733,0.1769,0.022243,4.329
940590,520,368,888,244,8,215,335.21,0.9960,0.6092,0.243161,42,38,36,48.45,0.0673,0.1693,0.020059,4.185
940629,520,281,801,240,120,198,342.52,0.8374,0.6907,0.360378,6,71,33,151.39,0.9796,0.2524,0.046548,4.251
940630,520,413,933,228,15,203,334.64,0.9856,0.5741,0.211500,2,33,34,197.97,0.8927,0.1230,0.012161,4.207
940633,520,454,974,212,18,177,338.08,0.9611,0.5296,0.176062,29,4,4,24.17,0.7546,0.0650,0.003569,4.220
940635,520,351,871,233,105,130,10.18,0.7522,0.6310,0.290411,47,47,2,109.67,0.9429,0.1937,0.026418,4.455
940644,520,393,913,207,46,254,316.68,0.9950,0.5884,0.223767,27,36,26,142.25,0.2664,0.1446,0.015693,4.167
940646,520,465,985,110,98,238,281.95,0.8632,0.5177,0.182230,0,5,40,263.29,1.0006,0.0544,0.002617,4.414
940654,520,370,890,240,5,227,331.38,0.9978,0.6090,0.241827,67,10,53,339.95,0.7697,0.1656,0.016676,4.377
940712,520,339,859,236,67,246,325.57,0.9666,0.6449,0.285034,84,19,43,2.47,0.7319,0.2049,0.025253,4.452
940714,520,340,860,255,49,210,339.21,1.0000,0.6420,0.281131,9,49,74,241.44,0.7775,0.1984,0.027490,4.273
940719,520,307,827,233,105,216,332.86,0.8635,0.6663,0.323869,78,38,61,345.92,0.4731,0.2317,0.033431,4.481
940731,520,390,910,226,97,20,44.72,0.9567,0.5885,0.247712,30,39,12,124.94,0.6478,0.1532,0.017536,4.408
940735,520,326,846,250,75,196,342.83,0.9594,0.6471,0.293448,45,48,67,277.29,0.2579,0.2142,0.030770,4.252
940736,520,373,893,218,61,232,324.38,0.9283,0.6013,0.240711,28,38,39,203.87,0.1695,0.1562,0.017796,4.288
940739,520,459,979,169,38,255,305.89,1.0000,0.5269,0.170420,1,14,11,179.59,0.8518,0.0576,0.003447,4.124
940756,520,388,908,251,2,150,354.94,0.9984,0.5886,0.227582,2,31,81,260.01,0.9587,0.1522,0.015869,4.214
940780,520,360,880,252,33,197,341.85,0.9814,0.6211,0.258177,28,48,26,142.17,0.5508,0.1827,0.024353,4.145
940791,520,466,986,212,55,116,2.07,0.8150,0.5247,0.179927,15,5,19,316.47,0.5333,0.0529,0.002571,4.374
940793,520,472,992,194,65,156,341.51,0.7479,0.5198,0.176519,9,2,8,331.28,0.5508,0.0343,0.001190,4.425
940838,520,449,969,230,10,120,0.92,0.9836,0.5363,0.183991,2,16,31,248.29,0.7521,0.0728,0.004824,4.268
940844,520,187,707,249,162,224,338.03,0.9304,0.7872,0.513642,49,83,88,207.61,0.3687,0.3286,0.075438,4.493
940846,520,420,940,224,84,0,41.92,1.0000,0.5647,0.221906,18,30,2,128.78,0.9266,0.1136,0.010615,4.486
940854,520,458,978,237,11,25,27.59,0.9945,0.5325,0.183173,27,3,17,346.43,0.7103,0.0640,0.003386,4.368
940868,520,458,978,178,3,255,309.30,1.0000,0.5270,0.167511,28,4,8,11.10,0.6826,0.0646,0.003513,4.065
940876,520,305,825,252,52,255,327.50,1.0000,0.6657,0.303744,17,27,146,267.45,0.9720,0.2283,0.029781,4.434
940877,520,310,830,210,126,197,332.76,0.6249,0.6581,0.326560,30,60,28,142.62,0.7314,0.2235,0.035915,4.383
940894,520,468,988,198,32,186,331.69,0.9111,0.5155,0.165857,1,7,10,220.32,0.6598,0.0401,0.001803,4.167
940896,520,384,904,223,10,241,324.12,0.9952,0.5899,0.222581,37,36,24,103.79,0.2568,0.1541,0.017210,4.056
940897,520,474,994,180,13,240,312.92,0.9888,0.5187,0.162835,13,0,7,343.50,1.0000,0.0327,0.001009,4.172
940904,520,466,986,185,48,208,321.35,0.8816,0.5197,0.169836,22,3,4,18.73,0.6902,0.0519,0.002445,4.192
940922,520,373,893,231,75,156,352.35,0.8161,0.5960,0.244240,75,2,5,26.35,0.9821,0.1587,0.015505,4.492
940952,520,466,986,218,53,23,32.32,0.9624,0.5166,0.175161,1,7,21,255.88,0.7785,0.0453,0.002125,4.320
940955,520,427,947,199,44,232,319.52,0.9418,0.5573,0.197712,46,2,31,345.24,0.8361,0.1028,0.007233,4.328
940957,520,414,934,245,47,44,27.66,0.9619,0.5682,0.216308,16,34,0,132.42,1.0000,0.1244,0.012542,4.258
940961,520,448,968,199,53,195,329.22,0.8568,0.5384,0.186301,32,10,12,16.00,0.5165,0.0830,0.005507,4.257
941001,520,133,653,243,190,224,340.10,0.7538,0.8355,0.612647,93,91,11,108.04,0.9132,0.3740,0.098336,4.467
941014,520,366,886,232,94,136,4.15,0.7694,0.6148,0.269414,2,49,26,156.19,0.9814,0.1734,0.022840,4.385
941021,520,451,971,238,2,57,21.42,0.9986,0.5360,0.185193,0,17,25,226.68,1.0000,0.0705,0.004711,4.299
941031,520,427,947,223,37,172,342.65,0.9192,0.5561,0.199922,1,30,9,150.19,0.9856,0.1047,0.009547,4.197
941056,520,464,984,216,60,53,27.48,0.8926,0.5227,0.180902,0,9,30,256.45,0.9999,0.0547,0.002891,4.366
941067,520,418,938,206,25,229,322.48,0.9748,0.5563,0.194760,26,13,72,284.74,0.8395,0.1218,0.009753,4.096
941073,520,382,902,195,92,228,317.17,0.8300,0.5993,0.248590,35,33,62,285.31,0.4371,0.1623,0.017928,4.396
941077,520,406,926,206,42,245,318.49,0.9625,0.5772,0.213719,41,25,27,11.00,0.2723,0.1318,0.012459,4.222
941081,520,467,987,190,39,202,324.72,0.9033,0.5168,0.166639,15,2,13,332.68,0.6692,0.0432,0.001740,4.187
941087,520,223,743,254,160,17,67.77,0.9892,0.7476,0.462557,47,80,29,135.98,0.8128,0.3001,0.064302,4.484
941091,520,469,989,178,45,227,314.45,0.9206,0.5208,0.168889,0,8,8,194.77,1.0000,0.0409,0.001912,4.217
941094,520,448,968,196,16,231,319.42,0.9847,0.5380,0.178774,15,14,35,283.37,0.5037,0.0804,0.005370,4.132
941108,520,412,932,242,47,91,15.03,0.9339,0.5697,0.216689,49,13,31,352.24,0.6255,0.1236,0.010398,4.415
941157,520,339,859,248,7,250,327.91,0.9983,0.6389,0.270135,67,2,100,308.90,0.9711,0.1970,0.021569,4.473
941165,520,412,932,193,69,236,315.85,0.9001,0.5731,0.216511,7,11,87,268.00,0.9729,0.1233,0.009726,4.462
941176,520,448,968,217,74,13,38.66,0.9735,0.5383,0.196808,40,2,4,22.80,0.9219,0.0815,0.005034,4.485
941182,520,336,856,254,86,113,14.95,0.9862,0.6361,0.289221,56,39,66,312.35,0.3854,0.2038,0.026852,4.414
941189,520,441,961,239,8,76,16.63,0.9932,0.5427,0.190495,23,16,25,318.63,0.2617,0.0872,0.006229,4.277
941191,520,392,912,230,6,224,329.78,0.9964,0.5894,0.223376,16,13,102,270.89,0.9692,0.1502,0.013572,4.300
941197,520,471,991,218,57,41,29.88,0.9208,0.5221,0.179944,10,4,5,5.85,0.3019,0.0396,0.001623,4.454
941217,520,423,943,213,44,196,332.88,0.9074,0.5561,0.199351,42,17,10,36.54,0.5705,0.1116,0.009151,4.215
941254,520,429,949,240,39,61,22.81,0.9609,0.5546,0.203165,2,6,76,265.76,0.9852,0.0993,0.006649,4.469
941257,520,373,893,236,92,61,33.79,0.8828,0.6020,0.258270,34,41,14,121.62,0.6092,0.1634,0.019577,4.431
941270,520,470,990,189,81,125,357.08,0.6308,0.5193,0.181859,1,6,23,260.55,0.8325,0.0441,0.001986,4.460
941282,520,469,989,177,78,180,326.41,0.7013,0.5225,0.180923,4,4,10,283.18,0.3515,0.0353,0.001346,4.497
941301,520,449,969,239,18,43,25.13,0.9890,0.5403,0.189611,5,17,22,225.24,0.4766,0.0727,0.004911,4.364
941309,520,417,937,228,57,148,353.03,0.8559,0.5689,0.215610,0,36,11,150.04,1.0000,0.1246,0.012859,4.226
941311,520,457,977,182,13,254,310.52,0.9955,0.5344,0.173897,8,9,27,278.13,0.5381,0.0595,0.003261,4.204
941314,520,397,917,244,20,145,355.50,0.9771,0.5766,0.217810,33,34,0,111.39,1.0000,0.1394,0.014674,4.141
941317,520,91,611,203,226,244,241.48,0.5441,0.8852,0.736201,7,116,10,142.77,0.9962,0.4046,0.125573,4.478
941331,520,460,980,208,28,178,336.82,0.9282,0.5267,0.174568,7,8,37,275.44,0.7574,0.0638,0.003524,4.196
941343,520,468,988,195,65,156,341.82,0.7500,0.5215,0.177847,3,7,5,165.25,0.3286,0.0404,0.001823,4.397
941359,520,475,995,219,32,107,4.60,0.9178,0.5178,0.171572,4,2,2,18.81,0.2281,0.0257,0.000736,4.367
941377,520,476,996,78,105,235,270.14,0.8935,0.5056,0.177202,2,1,8,289.57,0.6935,0.0224,0.000521,4.497
941381,520,311,831,206,138,143,14.59,0.4402,0.6551,0.332833,36,60,10,131.99,0.9132,0.2249,0.036286,4.437
941389,520,480,1000,151,77,213,305.99,0.7800,0.5065,0.166916,0,0,0,0.00,0.0000,0.0000,0.000000,4.338
941414,520,333,853,247,108,18,45.64,0.9808,0.6422,0.305461,37,53,2,126.26,0.9691,0.2022,0.029439,4.475
941424,520,340,860,229,82,238,325.43,0.9288,0.6436,0.288678,44,49,0,115.76,1.0000,0.1962,0.027321,4.380
941430,520,467,987,205,3,190,332.43,0.9939,0.5208,0.167639,19,1,4,8.63,0.8014,0.0426,0.001689,4.211
941439,520,455,975,186,68,195,324.85,0.7894,0.5327,0.185148,8,13,17,241.97,0.2176,0.0629,0.003799,4.371
941451,520,396,916,219,39,224,326.94,0.9569,0.5816,0.218951,26,24,75,279.09,0.7309,0.1442,0.013808,4.215
941454,520,479,999,133,97,197,298.12,0.6339,0.5070,0.175673,2,0,3,318.71,1.0000,0.0147,0.000195,4.496
941459,520,422,942,208,18,232,322.37,0.9852,0.5595,0.196705,4,20,65,263.97,0.9110,0.1115,0.009077,4.176
941481,520,400,920,246,58,59,26.05,0.9563,0.5809,0.229381,57,8,47,337.61,0.7635,0.1407,0.012489,4.471
941503,520,407,927,248,46,0,32.20,1.0000,0.5713,0.219140,19,25,64,272.75,0.6718,0.1306,0.012038,4.338
941508,520,476,996,193,51,172,334.78,0.8163,0.5120,0.166853,4,0,1,359.68,1.0000,0.0171,0.000280,4.313
941518,520,439,959,210,41,190,333.82,0.9036,0.5451,0.190073,19,5,55,287.24,0.8832,0.0853,0.005228,4.347
941526,520,383,903,255,44,128,4.18,1.0000,0.6035,0.246235,42,35,9,94.19,0.6631,0.1543,0.017141,4.412
941529,520,421,941,193,93,162,340.65,0.6244,0.5604,0.217763,4,29,23,174.76,0.7947,0.1069,0.009664,4.488
941546,520,364,884,164,118,245,297.96,0.8450,0.6146,0.274421,9,48,31,160.52,0.8682,0.1739,0.022708,4.462
941550,520,400,920,217,90,115,10.77,0.7025,0.5770,0.233041,3,38,36,189.35,0.8853,0.1403,0.015329,4.333
941559,520,401,921,241,15,168,347.58,0.9844,0.5794,0.218727,12,16,95,269.28,0.9590,0.1430,0.012749,4.283
941564,520,464,984,200,55,147,346.26,0.7907,0.5151,0.171202,17,3,26,311.08,0.7374,0.0549,0.002589,4.206
941565,520,414,934,219,16,221,327.83,0.9866,0.5700,0.206533,46,10,49,324.60,0.7238,0.1245,0.010197,4.262
941575,520,458,978,208,19,189,333.52,0.9623,0.5298,0.175518,14,8,14,326.38,0.2640,0.0562,0.002987,4.256
941580,520,401,921,220,91,109,14.43,0.7202,0.5819,0.238043,10,32,62,256.99,0.7079,0.1413,0.014453,4.469
941585,520,419,939,216,78,123,3.66,0.7421,0.5609,0.214801,10,31,16,151.08,0.6987,0.1143,0.010819,4.354
941605,520,435,955,238,12,108,6.46,0.9857,0.5493,0.195260,31,16,2,65.88,0.7710,0.0907,0.006663,4.328
941608,520,458,978,181,44,237,313.09,0.9390,0.5329,0.177406,14,10,22,298.74,0.3642,0.0638,0.003684,4.236
941610,520,452,972,182,13,254,310.52,0.9955,0.5344,0.173897,30,0,30,328.36,1.0000,0.0699,0.003698,4.170
941611,520,390,910,253,40,82,18.11,0.9874,0.5854,0.230131,3,34,75,256.88,0.9126,0.1545,0.016713,4.199
941627,520,470,990,228,21,47,24.02,0.9818,0.5183,0.172385,14,2,18,318.85,0.7168,0.0444,0.001805,4.293
941632,520,343,863,214,115,162,351.43,0.6075,0.6291,0.291681,6,52,51,192.70,0.8647,0.1938,0.027336,4.418
941636,520,471,991,222,36,70,18.63,0.9391,0.5170,0.172363,7,1,21,297.25,0.8544,0.0362,0.001210,4.342
941642,520,428,948,209,41,209,328.17,0.9274,0.5555,0.197466,23,17,44,291.19,0.5404,0.1005,0.007649,4.293
941662,520,441,961,229,2,131,356.77,0.9964,0.5366,0.183430,2,13,61,264.78,0.9435,0.0922,0.006376,4.141
941663,520,380,900,238,4,224,331.64,0.9980,0.6033,0.236486,34,38,45,261.68,0.1352,0.1645,0.019158,4.143
941670,520,446,966,185,58,218,318.35,0.8733,0.5362,0.184036,33,6,19,352.97,0.6427,0.0801,0.005006,4.255
941675,520,439,959,220,25,185,337.77,0.9558,0.5518,0.194161,42,3,18,1.19,0.8027,0.0910,0.006011,4.359
941679,520,477,997,225,9,5,29.23,0.9950,0.5051,0.162168,2,0,9,294.50,1.0000,0.0190,0.000326,4.216
941685,520,479,999,160,71,217,309.13,0.8161,0.5134,0.169905,0,1,0,142.50,1.0000,0.0135,0.000217,4.379
941694,520,423,943,205,50,213,325.89,0.9061,0.5579,0.200662,32,2,68,296.25,0.9550,0.1099,0.007679,4.346
941696,520,436,956,238,42,41,27.51,0.9634,0.5500,0.199964,11,22,14,152.30,0.4001,0.0874,0.006767,4.403
941700,520,438,958,209,37,207,328.74,0.9347,0.5517,0.193854,17,23,6,124.98,0.5973,0.0929,0.007451,4.245
941707,520,341,861,235,100,138,5.19,0.7751,0.6292,0.286141,36,48,64,255.78,0.2899,0.2043,0.028591,4.277
941712,520,477,997,173,71,191,321.37,0.7535,0.5136,0.171533,6,0,7,324.68,1.0000,0.0239,0.000541,4.383
941725,520,383,903,237,75,136,1.54,0.8403,0.5992,0.248171,26,35,50,260.42,0.3122,0.1515,0.016519,4.482
941726,520,423,943,226,77,18,38.16,0.9690,0.5594,0.215229,15,28,25,178.24,0.3176,0.1110,0.010022,4.419
941734,520,452,972,177,36,250,309.37,0.9756,0.5328,0.175119,26,5,22,335.25,0.6331,0.0686,0.003861,4.180
941739,520,419,939,205,24,236,320.59,0.9794,0.5596,0.196902,37,7,59,306.15,0.8188,0.1145,0.008611,4.213
941743,520,341,861,240,58,216,334.23,0.9422,0.6254,0.265120,35,30,111,277.48,0.8456,0.2008,0.024335,4.239
941751,520,366,886,248,86,17,38.68,0.9840,0.6122,0.266559,7,49,0,140.43,1.0000,0.1709,0.022417,4.371
941754,520,474,994,220,51,31,30.65,0.9489,0.5194,0.176849,4,0,17,294.00,1.0000,0.0270,0.000663,4.478
941767,520,400,920,176,86,252,305.52,0.9682,0.5824,0.229146,67,4,6,25.90,0.9528,0.1427,0.012935,4.435
941777,520,198,718,197,179,238,298.47,0.6426,0.7698,0.502837,30,86,77,180.82,0.6909,0.3232,0.074671,4.434
941793,520,454,974,217,8,161,344.22,0.9822,0.5277,0.175010,5,6,47,271.64,0.9232,0.0674,0.003677,4.192
941806,520,397,917,233,32,183,341.57,0.9539,0.5779,0.217783,6,31,62,255.50,0.7872,0.1368,0.013664,4.206
941808,520,457,977,134,92,242,291.47,0.8786,0.5336,0.191333,0,15,12,181.12,1.0000,0.0597,0.003682,4.496
941814,520,320,840,201,121,225,318.07,0.7487,0.6518,0.315296,17,52,80,246.09,0.6799,0.2142,0.031542,4.480
941817,520,446,966,190,36,238,315.77,0.9583,0.5425,0.183832,21,9,32,306.09,0.5804,0.0751,0.004591,4.283
941838,520,412,932,250,5,99,10.90,0.9962,0.5703,0.213370,57,7,9,23.79,0.8677,0.1249,0.010417,4.359
941853,520,470,990,132,90,235,292.10,0.8412,0.5222,0.182160,2,1,37,270.27,0.9849,0.0443,0.001682,4.492
941856,520,401,921,212,60,212,328.00,0.8894,0.5774,0.219842,62,2,30,358.90,0.8961,0.1355,0.011615,4.380
941860,520,433,953,186,77,202,322.36,0.7750,0.5485,0.200124,0,13,67,263.29,1.0006,0.0977,0.006930,4.393
941881,520,397,917,230,87,19,40.68,0.9672,0.5805,0.236892,22,36,10,132.58,0.7231,0.1367,0.014542,4.445
941883,520,424,944,206,2,236,321.04,0.9985,0.5557,0.192231,37,21,12,49.84,0.4326,0.1126,0.009562,4.067
941887,520,413,933,227,16,198,335.75,0.9827,0.5694,0.207812,35,27,14,79.02,0.3888,0.1249,0.011729,4.177
941889,520,473,993,187,68,170,333.83,0.7414,0.5191,0.176028,10,1,10,327.85,0.7253,0.0334,0.001082,4.425
941923,520,445,965,232,43,35,28.66,0.9597,0.5377,0.190080,15,11,47,282.15,0.7349,0.0839,0.005461,4.329
941937,520,359,879,253,8,201,340.76,0.9962,0.6178,0.252767,75,20,33,9.90,0.6917,0.1844,0.021062,4.261
941943,520,385,905,250,62,21,33.04,0.9826,0.5893,0.238270,41,29,52,307.45,0.3912,0.1531,0.015981,4.369
941947,520,408,928,249,39,11,30.77,0.9924,0.5691,0.216186,4,13,91,266.10,0.9755,0.1297,0.010689,4.386
941949,520,407,927,230,40,162,347.64,0.9178,0.5661,0.209520,34,22,49,303.01,0.4890,0.1270,0.011357,4.230
941958,520,451,971,218,23,181,338.43,0.9563,0.5449,0.188568,20,7,35,302.28,0.6756,0.0723,0.004220,4.400
941965,520,374,894,164,117,221,303.22,0.6874,0.5969,0.258359,3,44,36,176.28,0.9302,0.1600,0.019480,4.438
941976,520,465,985,177,63,211,317.34,0.8351,0.5239,0.176063,9,4,22,295.54,0.6394,0.0464,0.002028,4.345
941980,520,425,945,231,22,164,346.73,0.9647,0.5602,0.202459,51,1,27,354.36,0.9103,0.1096,0.008048,4.349
941993,520,449,969,236,33,27,28.76,0.9765,0.5391,0.190029,24,1,36,312.23,0.9051,0.0670,0.003433,4.492
942008,520,448,968,201,36,205,327.10,0.9268,0.5359,0.180888,18,14,20,314.44,0.1906,0.0752,0.004932,4.203
942016,520,477,997,197,57,148,345.15,0.7780,0.5122,0.169365,6,0,2,353.79,1.0000,0.0210,0.000431,4.350
942017,520,416,936,214,52,208,329.73,0.9054,0.5713,0.213082,23,31,21,139.44,0.2863,0.1248,0.012163,4.232
942032,520,35,555,248,241,240,27.23,0.3118,0.9572,0.891586,29,128,61,149.33,0.9600,0.4541,0.160358,4.476
942038,520,436,956,236,36,85,15.19,0.9492,0.5489,0.197536,42,2,17,1.95,0.8420,0.0890,0.005762,4.439
942045,520,358,878,238,0,248,326.13,1.0000,0.6190,0.249571,66,31,19,39.46,0.5836,0.1830,0.021854,4.169
942056,520,381,901,243,58,143,358.06,0.9005,0.5959,0.240671,35,12,100,283.65,0.9247,0.1620,0.015403,4.444
942115,520,411,931,230,47,151,351.71,0.8926,0.5658,0.210931,47,1,59,317.95,0.9494,0.1228,0.009419,4.391
942130,520,425,945,243,36,57,23.64,0.9692,0.5584,0.206153,9,26,33,227.01,0.4888,0.1051,0.009066,4.337
942131,520,307,827,244,102,200,341.43,0.9003,0.6711,0.329086,72,47,32,51.61,0.4051,0.2318,0.035152,4.452
942154,520,337,857,250,47,232,332.43,0.9795,0.6447,0.281862,24,53,20,141.33,0.8323,0.1951,0.027908,4.260
942181,520,359,879,223,68,231,325.86,0.9217,0.6151,0.255938,49,34,66,304.51,0.4551,0.1834,0.021904,4.255
942195,520,460,980,204,0,201,329.16,1.0000,0.5258,0.170563,21,2,23,324.43,0.7656,0.0560,0.002647,4.189
942196,520,460,980,236,7,18,28.19,0.9966,0.5291,0.180318,0,13,26,243.08,1.0000,0.0610,0.003624,4.295
942215,520,429,949,215,33,196,333.38,0.9395,0.5530,0.195225,9,27,15,153.11,0.6254,0.1011,0.008764,4.173
942218,520,444,964,228,40,91,12.61,0.9225,0.5365,0.187698,1,13,52,262.80,0.9602,0.0823,0.005422,4.289
942220,520,457,977,202,37,193,330.74,0.9088,0.5302,0.177318,7,8,30,276.90,0.6407,0.0586,0.003126,4.279
942228,520,446,966,222,13,170,342.64,0.9771,0.5432,0.187223,6,17,27,246.17,0.4805,0.0758,0.005187,4.298
942242,520,451,971,226,51,98,11.12,0.8812,0.5427,0.194210,0,18,27,228.88,1.0000,0.0742,0.005117,4.431
942247,520,375,895,225,21,240,324.78,0.9887,0.5953,0.228374,75,0,32,3.39,1.0000,0.1629,0.016004,4.218
942253,520,456,976,213,29,174,339.37,0.9285,0.5342,0.180831,14,6,30,295.99,0.6571,0.0605,0.003174,4.341
942255,520,357,877,226,80,212,331.85,0.8709,0.6210,0.266617,50,36,45,340.16,0.2245,0.1778,0.021294,4.441
942263,520,447,967,153,85,233,301.30,0.8387,0.5368,0.191528,23,7,42,300.85,0.7380,0.0812,0.005013,4.390
942268,520,403,923,210,33,250,318.63,0.9790,0.5826,0.216932,57,9,19,13.31,0.7697,0.1296,0.011124,4.367
942281,520,330,850,230,99,191,340.66,0.7996,0.6407,0.295106,42,41,95,280.40,0.6146,0.2137,0.029043,4.366
942287,520,446,966,228,54,61,24.31,0.9180,0.5417,0.194721,15,4,55,282.68,0.9210,0.0799,0.004642,4.479
942308,520,331,851,231,69,246,324.25,0.9636,0.6387,0.279012,3,56,26,152.49,0.9828,0.1980,0.029222,4.153
942329,520,444,964,229,53,14,32.91,0.9833,0.5385,0.192389,20,18,5,101.29,0.5240,0.0822,0.005923,4.334
942337,520,424,944,240,47,72,20.75,0.9421,0.5618,0.210294,51,6,22,3.88,0.7717,0.1145,0.008921,4.418
942338,520,409,929,228,68,127,2.45,0.8195,0.5719,0.221632,24,12,81,280.26,0.9029,0.1286,0.010512,4.489
942347,520,474,994,221,7,117,0.17,0.9847,0.5160,0.168111,4,3,7,297.61,0.3190,0.0312,0.001063,4.271
942353,520,408,928,236,66,27,33.69,0.9646,0.5660,0.218115,38,20,56,304.78,0.5984,0.1331,0.011979,4.326
942364,520,422,942,193,67,226,318.42,0.8761,0.5636,0.208441,47,6,22,1.02,0.7483,0.1066,0.007926,4.462
942366,520,371,891,231,83,169,348.10,0.8065,0.6111,0.260426,25,46,18,138.37,0.7141,0.1723,0.022043,4.309
942368,520,451,971,234,12,110,5.13,0.9835,0.5417,0.188842,0,1,58,264.15,0.9966,0.0663,0.003272,4.483
942384,520,476,996,229,1,2,29.13,0.9995,0.5119,0.166872,5,0,2,349.81,1.0000,0.0195,0.000367,4.306
942393,520,386,906,246,65,54,28.42,0.9572,0.5869,0.236432,2,38,58,238.38,0.8956,0.1521,0.017045,4.272
942398,520,390,910,230,68,155,351.81,0.8329,0.5862,0.233265,44,10,81,299.14,0.8609,0.1493,0.013467,4.463
942406,520,305,825,248,98,193,344.70,0.9263,0.6689,0.325449,47,57,32,126.43,0.4258,0.2284,0.036348,4.348
942422,520,444,964,235,14,77,16.13,0.9863,0.5358,0.185152,5,12,44,267.96,0.8272,0.0758,0.004770,4.293
942427,520,441,961,206,85,60,33.38,0.7847,0.5381,0.199471,19,16,37,288.29,0.4713,0.0896,0.006426,4.421
942431,520,445,965,212,49,167,341.85,0.8533,0.5415,0.189859,32,11,3,45.29,0.7018,0.0825,0.005530,4.319
942440,520,377,897,233,36,215,332.72,0.9660,0.5984,0.234943,5,44,32,167.93,0.9000,0.1593,0.019378,4.107
942457,520,363,883,222,43,251,321.31,0.9837,0.6081,0.242244,65,2,80,318.27,0.9451,0.1744,0.017466,4.332
942494,520,209,729,250,144,222,337.64,0.9513,0.7552,0.455467,82,62,104,305.28,0.4083,0.3122,0.062386,4.498
942504,520,330,850,233,118,45,48.80,0.8907,0.6373,0.304726,66,44,19,67.65,0.5817,0.2129,0.030068,4.430
942512,520,453,973,228,48,18,31.75,0.9783,0.5323,0.186545,17,15,0,104.20,1.0000,0.0705,0.004608,4.332
942514,520,373,893,222,36,239,324.13,0.9734,0.5956,0.230255,29,42,25,138.47,0.4131,0.1643,0.019873,4.011
942526,520,444,964,237,35,19,29.87,0.9823,0.5419,0.192569,30,11,16,4.21,0.4445,0.0829,0.005528,4.368
942539,520,477,997,179,80,137,346.97,0.6130,0.5062,0.171285,7,0,4,341.66,1.0000,0.0236,0.000539,4.378
942549,520,359,879,240,18,238,328.78,0.9930,0.6189,0.251336,20,48,17,141.81,0.8544,0.1755,0.023030,4.126
942550,520,426,946,173,86,227,310.05,0.8168,0.5596,0.210866,49,1,39,338.35,0.9001,0.1118,0.008213,4.481
942569,520,389,909,244,73,30,34.42,0.9650,0.5894,0.240952,7,42,33,172.28,0.8201,0.1538,0.018108,4.272
942571,520,385,905,231,26,216,331.98,0.9783,0.5911,0.226881,26,27,77,277.06,0.7118,0.1523,0.015392,4.234
942595,520,246,766,252,120,248,328.60,0.9879,0.7326,0.409082,88,57,50,33.26,0.3274,0.2844,0.052315,4.487
942596,520,463,983,164,55,255,303.49,1.0000,0.5332,0.178454,3,3,35,272.22,0.9335,0.0481,0.002058,4.388
942601,520,447,967,149,92,235,298.38,0.8313,0.5447,0.200422,1,21,24,207.19,0.8850,0.0816,0.006087,4.465
942611,520,340,860,235,58,247,325.22,0.9712,0.6366,0.274061,44,41,72,286.99,0.4078,0.1981,0.025892,4.270
942621,520,400,920,238,29,171,346.26,0.9605,0.5798,0.219991,18,4,98,273.26,0.9879,0.1361,0.010972,4.428
942624,520,382,902,239,39,198,338.75,0.9568,0.6007,0.238818,40,35,32,53.07,0.0957,0.1574,0.017575,4.274
942631,520,402,922,235,28,191,339.66,0.9673,0.5842,0.222571,43,19,44,325.74,0.5256,0.1303,0.011612,4.424
942636,520,461,981,229,5,97,8.57,0.9926,0.5258,0.176326,19,0,30,312.07,1.0000,0.0536,0.002322,4.326
942666,520,407,927,222,90,33,40.81,0.9157,0.5713,0.229542,25,33,19,132.41,0.3665,0.1319,0.013414,4.408
942669,520,407,927,223,22,211,331.33,0.9774,0.5722,0.209673,63,4,2,29.55,0.9636,0.1330,0.011482,4.224
942678,520,465,985,228,5,75,15.66,0.9941,0.5184,0.171135,1,4,41,266.01,0.9636,0.0542,0.002534,4.209
942688,520,478,998,208,68,21,36.82,0.9485,0.5136,0.176006,2,1,11,285.24,0.7741,0.0240,0.000588,4.468
942699,520,268,788,244,119,201,342.36,0.8797,0.6964,0.366463,26,70,46,156.85,0.7399,0.2588,0.047970,4.251
942713,520,389,909,190,102,195,325.25,0.6603,0.5877,0.243912,0,39,50,221.44,1.0000,0.1493,0.016812,4.399
942717,520,360,880,242,4,239,329.03,0.9986,0.6204,0.251989,21,26,104,271.23,0.9109,0.1754,0.018976,4.378
942725,520,434,954,241,32,75,18.40,0.9665,0.5550,0.202451,34,4,56,305.84,0.8673,0.1033,0.007125,4.419
942733,520,288,808,244,84,255,325.16,1.0000,0.6797,0.327962,74,45,67,336.00,0.3716,0.2429,0.037380,4.325
942736,520,339,859,251,99,42,39.06,0.9711,0.6368,0.296034,49,46,30,98.80,0.2945,0.1978,0.027007,4.494
942764,520,194,714,246,167,180,8.59,0.7488,0.7770,0.505276,50,87,12,133.14,0.9572,0.3229,0.075209,4.435
942773,520,472,992,194,52,184,331.12,0.8328,0.5220,0.173876,2,4,12,265.22,0.5166,0.0340,0.001263,4.367
942775,520,410,930,251,24,25,28.39,0.9893,0.5665,0.212364,38,24,37,328.99,0.3185,0.1296,0.011989,4.232
942779,520,459,979,197,68,162,340.20,0.7495,0.5316,0.186149,2,15,16,200.74,0.6823,0.0627,0.003919,4.380
942841,520,367,887,244,16,216,334.97,0.9918,0.6115,0.245645,70,8,56,339.28,0.7966,0.1715,0.017615,4.372
942847,520,455,975,188,22,229,317.57,0.9739,0.5252,0.169237,6,3,40,277.14,0.9235,0.0554,0.002570,4.170
942851,520,476,996,208,58,96,10.43,0.8064,0.5139,0.172828,0,1,11,262.64,1.0001,0.0210,0.000459,4.416
942857,520,451,971,223,37,141,353.14,0.9040,0.5414,0.189368,14,4,47,285.37,0.8829,0.0708,0.003854,4.445
942859,520,396,916,232,51,165,347.57,0.8940,0.5788,0.222428,3,29,68,258.21,0.9047,0.1353,0.013154,4.314
942861,520,383,903,235,66,164,349.51,0.8612,0.5970,0.242417,32,23,82,283.52,0.7611,0.1547,0.015290,4.479
942864,520,402,922,214,20,250,319.84,0.9898,0.5841,0.217004,55,12,5,32.73,0.8503,0.1264,0.010863,4.387
942866,520,440,960,226,68,55,28.83,0.8940,0.5514,0.205816,9,23,26,212.92,0.4011,0.0933,0.007454,4.453
942872,520,466,986,202,9,188,332.21,0.9807,0.5153,0.163847,21,4,10,356.95,0.5737,0.0546,0.002682,4.059
942879,520,472,992,228,8,58,20.68,0.9927,0.5160,0.169761,1,2,20,269.13,0.9112,0.0315,0.001004,4.309
942881,520,397,917,205,61,231,320.99,0.9123,0.5798,0.220878,18,20,82,273.14,0.8810,0.1375,0.012380,4.342
942893,520,433,953,135,101,236,291.09,0.8194,0.5456,0.205143,14,14,55,276.51,0.7816,0.0957,0.006832,4.489
942896,520,371,891,242,68,169,349.49,0.8922,0.6137,0.258790,4,48,14,146.97,0.9800,0.1682,0.021713,4.306
942898,520,423,943,182,94,182,327.29,0.6395,0.5559,0.213290,28,9,68,289.80,0.8551,0.1143,0.008596,4.493
942916,520,5,525,249,254,248,140.52,0.7457,0.9902,0.978005,15,136,40,145.16,0.9916,0.4745,0.178623,4.497
942922,520,432,952,197,13,241,317.45,0.9906,0.5470,0.185105,27,17,34,310.43,0.4002,0.0986,0.007494,4.089
942926,520,480,1000,223,19,57,21.10,0.9794,0.5082,0.164520,0,0,0,0.00,0.0000,0.0000,0.000000,4.290
942940,520,377,897,198,99,202,325.91,0.7148,0.5982,0.251951,8,42,51,219.13,0.7329,0.1624,0.019465,4.347
942944,520,477,997,216,49,10,33.04,0.9850,0.5082,0.168200,2,0,5,306.92,1.0000,0.0163,0.000239,4.343
942949,520,301,821,201,135,212,321.67,0.6206,0.6706,0.344999,37,60,48,160.85,0.3683,0.2338,0.038383,4.469
942950,520,453,973,180,1,250,310.92,0.9993,0.5250,0.166282,8,17,1,130.12,0.9222,0.0682,0.004547,3.965
942988,520,420,940,248,6,62,21.03,0.9966,0.5589,0.204381,22,26,6,118.83,0.6359,0.1059,0.009225,4.295
942995,520,454,974,92,110,235,273.09,0.8572,0.5255,0.194246,13,14,17,271.00,0.0976,0.0692,0.004401,4.490
942998,520,454,974,213,59,108,6.25,0.8079,0.5281,0.183591,8,15,16,206.89,0.2276,0.0674,0.004307,4.301
943000,520,342,862,246,36,226,332.98,0.9796,0.6282,0.263485,84,7,14,23.48,0.9370,0.1854,0.020688,4.435
943008,520,397,917,204,43,246,317.70,0.9611,0.5754,0.212205,41,18,67,301.76,0.7090,0.1425,0.013093,4.156
943013,520,408,928,226,83,31,38.27,0.9350,0.5682,0.224569,12,33,31,187.36,0.4991,0.1266,0.012648,4.383
943020,520,466,986,227,32,46,25.11,0.9671,0.5213,0.175641,6,3,39,277.56,0.9175,0.0545,0.002503,4.298
943031,520,420,940,231,15,173,343.85,0.9797,0.5626,0.203505,11,29,7,139.82,0.8455,0.1067,0.009652,4.250
943042,520,378,898,205,84,219,323.42,0.8330,0.5973,0.244358,29,25,91,278.18,0.8151,0.1649,0.017117,4.386
943044,520,457,977,228,14,101,7.32,0.9780,0.5270,0.177506,20,6,20,327.21,0.5266,0.0614,0.003295,4.269
943056,520,450,970,234,45,0,32.49,1.0000,0.5416,0.193723,11,7,48,278.96,0.8531,0.0747,0.004365,4.483
943090,520,361,881,218,96,189,337.63,0.7478,0.6167,0.269473,35,40,69,275.10,0.4208,0.1848,0.023045,4.374
943091,520,393,913,254,46,99,13.66,0.9921,0.5948,0.239294,26,30,56,275.50,0.4501,0.1421,0.014337,4.497
943096,520,411,931,243,56,23,32.07,0.9775,0.5699,0.219483,21,31,15,134.43,0.4671,0.1215,0.011739,4.365
943100,520,344,864,218,123,90,39.76,0.6581,0.6291,0.298116,15,54,21,146.28,0.9194,0.1941,0.027939,4.466
943104,520,419,939,196,84,170,337.44,0.6916,0.5553,0.209803,13,24,49,264.54,0.5778,0.1120,0.009605,4.359
943105,520,437,957,231,14,139,354.71,0.9770,0.5465,0.191700,29,0,58,299.94,1.0000,0.0924,0.005667,4.342
943116,520,75,595,239,231,189,98.40,0.5847,0.9112,0.791771,22,121,21,142.67,0.9858,0.4244,0.138989,4.454
943119,520,356,876,231,90,174,346.81,0.7970,0.6222,0.273597,11,41,78,255.64,0.7658,0.1790,0.022070,4.490
943124,520,472,992,138,71,252,294.12,0.9763,0.5154,0.169381,7,1,0,44.62,1.0000,0.0252,0.000669,4.330
943127,520,471,991,208,10,169,339.47,0.9747,0.5151,0.164937,7,4,20,291.21,0.6098,0.0433,0.001825,4.147
943144,520,354,874,245,75,149,358.02,0.8950,0.6182,0.266177,27,43,56,243.79,0.3456,0.1785,0.022462,4.363
943150,520,301,821,237,93,237,327.72,0.9281,0.6681,0.319500,53,56,40,116.53,0.2465,0.2336,0.037384,4.228
943155,520,476,996,186,10,222,318.82,0.9874,0.5125,0.159315,9,0,0,29.23,1.0000,0.0242,0.000581,4.138
943171,520,420,940,241,13,111,5.97,0.9857,0.5567,0.201396,7,4,86,268.58,0.9900,0.1130,0.008038,4.332
943172,520,305,825,249,94,211,338.63,0.9551,0.6740,0.328511,57,54,13,105.13,0.7498,0.2270,0.035373,4.434
943192,520,458,978,225,49,64,22.46,0.9200,0.5317,0.185771,4,4,49,270.64,0.9598,0.0649,0.003344,4.420
943201,520,388,908,235,38,190,340.08,0.9486,0.5885,0.227689,11,10,108,268.36,0.9845,0.1525,0.013708,4.359
943210,520,410,930,232,10,193,338.28,0.9901,0.5744,0.212259,20,33,7,131.42,0.7735,0.1253,0.012518,4.195
943222,520,375,895,251,68,62,27.15,0.9773,0.6007,0.249948,38,35,41,307.96,0.1108,0.1586,0.017742,4.428
943231,520,480,1000,219,38,65,20.19,0.9345,0.5112,0.168306,0,0,0,0.00,0.0000,0.0000,0.000000,4.366
943232,520,423,943,226,34,176,342.06,0.9353,0.5621,0.204500,29,17,44,302.56,0.5358,0.1073,0.008440,4.355
943239,520,314,834,251,107,131,12.54,0.9239,0.6640,0.326664,23,58,61,202.89,0.5511,0.2243,0.035451,4.408
943241,520,470,990,147,87,213,302.96,0.7453,0.5171,0.178239,15,0,10,339.17,1.0000,0.0367,0.001235,4.455
943256,520,454,974,216,69,33,34.53,0.9253,0.5311,0.189675,0,0,60,264.05,1.0000,0.0670,0.003262,4.500
943257,520,407,927,234,50,143,355.61,0.8922,0.5724,0.217597,28,31,34,248.14,0.0803,0.1342,0.013423,4.219
943263,520,428,948,223,2,203,333.42,0.9978,0.5622,0.200456,30,4,63,296.39,0.9043,0.1047,0.007217,4.377
943267,520,353,873,255,51,172,350.31,1.0000,0.6247,0.266097,38,44,3,117.74,0.9110,0.1751,0.022200,4.378
943284,520,246,766,241,134,232,330.27,0.9159,0.7307,0.415792,17,72,85,217.30,0.7717,0.2781,0.054095,4.475
943298,520,458,978,222,58,56,26.29,0.9045,0.5329,0.188439,3,5,43,269.43,0.9390,0.0599,0.003023,4.497
943304,520,438,958,214,54,172,340.84,0.8469,0.5520,0.199152,35,8,35,327.66,0.6653,0.0946,0.006524,4.408
943311,520,373,893,238,38,199,338.22,0.9579,0.5989,0.236897,19,33,72,266.39,0.6660,0.1568,0.016940,4.286
943322,520,440,960,222,50,151,350.06,0.8624,0.5531,0.200477,28,15,12,33.57,0.3286,0.0866,0.006151,4.461
943327,520,454,974,194,34,209,324.07,0.9316,0.5255,0.172184,27,7,13,2.36,0.5264,0.0703,0.004141,4.104
943356,520,347,867,239,67,215,334.33,0.9259,0.6308,0.272740,66,30,52,344.23,0.4937,0.1921,0.023349,4.400
943370,520,312,832,254,49,251,328.87,0.9968,0.6646,0.302355,25,56,69,227.73,0.5179,0.2232,0.034646,4.163
943389,520,465,985,212,21,148,347.52,0.9395,0.5151,0.166738,18,3,21,321.53,0.6870,0.0531,0.002479,4.130
943394,520,246,766,250,145,147,19.23,0.8662,0.7304,0.426840,11,79,27,146.57,0.9794,0.2801,0.057420,4.439
943409,520,471,991,188,76,141,347.34,0.6660,0.5168,0.177849,8,6,1,95.71,0.6532,0.0413,0.001841,4.395
943418,520,415,935,244,27,126,2.01,0.9656,0.5722,0.215267,47,11,27,355.97,0.6454,0.1154,0.009229,4.479
943431,520,430,950,215,84,12,42.30,0.9703,0.5486,0.208166,8,22,43,258.19,0.6125,0.0997,0.007998,4.451
943435,520,444,964,199,43,205,326.45,0.9050,0.5370,0.182793,1,7,63,265.06,0.9754,0.0839,0.005172,4.219
943439,520,430,950,204,1,235,320.75,0.9992,0.5513,0.188590,46,3,21,359.74,0.8155,0.0999,0.007002,4.186
943441,520,408,928,252,0,103,9.81,1.0000,0.5746,0.216784,2,38,19,155.80,0.9705,0.1340,0.014461,4.139
943469,520,432,952,211,59,168,341.61,0.8190,0.5492,0.198061,37,17,0,62.84,1.0000,0.1014,0.007943,4.281
943475,520,472,992,172,79,183,323.31,0.6969,0.5182,0.177825,7,1,6,332.22,0.6486,0.0281,0.000800,4.485
943476,520,447,967,174,54,248,308.09,0.9598,0.5400,0.184151,16,20,9,124.75,0.3774,0.0845,0.006302,4.159
943480,520,438,958,223,49,147,351.68,0.8665,0.5524,0.199937,27,6,48,302.36,0.7957,0.0895,0.005767,4.482
943481,520,375,895,231,65,195,338.15,0.8875,0.6042,0.247122,64,21,22,21.51,0.6407,0.1613,0.016844,4.445
943502,520,436,956,232,24,122,1.08,0.9576,0.5454,0.192172,35,10,2,43.14,0.7957,0.0854,0.005788,4.341
943513,520,274,794,236,121,217,333.81,0.8612,0.6953,0.365195,20,70,14,141.58,0.9663,0.2500,0.045606,4.343
943516,520,370,890,220,89,188,338.28,0.7767,0.6096,0.259933,21,38,64,258.63,0.5241,0.1651,0.019158,4.482
943537,520,410,930,251,15,72,19.06,0.9912,0.5689,0.213225,31,4,82,287.88,0.9532,0.1273,0.009873,4.396
943553,520,283,803,242,110,217,335.31,0.9093,0.6875,0.350413,27,57,103,258.76,0.6684,0.2499,0.041383,4.382
943554,520,366,886,253,13,193,342.93,0.9931,0.6145,0.250242,40,37,54,292.31,0.2638,0.1727,0.020406,4.264
943558,520,330,850,246,105,68,35.70,0.9229,0.6398,0.301164,58,45,31,68.40,0.3094,0.2066,0.028753,4.459
943559,520,412,932,244,57,44,29.10,0.9557,0.5743,0.223446,33,28,12,92.58,0.4534,0.1246,0.011804,4.424
943565,520,428,948,234,33,138,356.33,0.9377,0.5594,0.204181,7,25,25,195.38,0.5248,0.0974,0.008106,4.374
943571,520,396,916,251,33,102,11.29,0.9722,0.5820,0.225599,54,10,50,331.85,0.7392,0.1392,0.012318,4.422
943579,520,2,522,255,255,255,0.00,0.0000,1.0000,1.000000,54,136,36,140.42,0.9570,0.4846,0.185193,4.464
943580,520,411,931,234,69,44,31.56,0.9288,0.5668,0.219335,10,26,59,262.77,0.7240,0.1232,0.011190,4.402
943585,520,453,973,230,2,108,4.87,0.9968,0.5305,0.179521,15,1,55,284.00,0.9781,0.0747,0.003991,4.251
943589,520,355,875,188,104,241,310.30,0.8630,0.6166,0.269437,43,44,8,110.91,0.7730,0.1811,0.023325,4.356
943605,520,414,934,228,79,55,31.73,0.8836,0.5688,0.223645,24,31,0,120.96,1.0000,0.1214,0.011742,4.432
943609,520,468,988,203,22,179,335.15,0.9426,0.5154,0.165270,3,7,14,253.44,0.4220,0.0437,0.002030,4.137
943623,520,429,949,145,99,235,295.63,0.8145,0.5520,0.209417,13,18,53,272.60,0.7099,0.1012,0.007752,4.492
943624,520,431,951,206,42,202,329.27,0.9116,0.5463,0.190439,38,14,6,40.01,0.6365,0.0984,0.007394,4.189
943631,520,368,888,229,16,255,322.46,1.0000,0.6117,0.242509,78,1,19,16.51,0.9820,0.1671,0.016887,4.373
943649,520,359,879,243,22,228,331.81,0.9897,0.6188,0.252328,21,0,130,270.76,1.0000,0.1805,0.017710,4.465
943650,520,424,944,222,48,166,344.71,0.8790,0.5586,0.203991,42,14,26,355.21,0.5360,0.1109,0.008810,4.319
943653,520,405,925,166,90,252,301.67,0.9638,0.5754,0.224480,43,15,57,312.55,0.6902,0.1325,0.011507,4.463
943677,520,260,780,252,120,195,347.14,0.9533,0.7073,0.380713,1,65,110,247.40,0.9787,0.2696,0.049126,4.345
943693,520,412,932,247,25,84,15.85,0.9783,0.5660,0.211130,26,27,34,278.83,0.1472,0.1214,0.011190,4.268
943703,520,480,1000,214,10,134,352.65,0.9729,0.5092,0.162369,0,0,0,0.00,0.0000,0.0000,0.000000,4.247
943715,520,445,965,238,7,52,22.76,0.9954,0.5364,0.185803,36,3,4,23.46,0.8662,0.0756,0.004490,4.327
943741,520,441,961,225,53,90,14.27,0.8804,0.5405,0.192947,25,12,44,299.23,0.6456,0.0933,0.006515,4.299
943760,520,446,966,221,7,173,341.44,0.9876,0.5416,0.185437,23,13,25,320.74,0.3604,0.0809,0.005402,4.250
943768,520,362,882,189,114,195,324.35,0.6012,0.6072,0.267946,47,40,19,91.51,0.4676,0.1761,0.021690,4.435
943774,520,355,875,235,104,76,33.61,0.8431,0.6206,0.280874,5,48,52,204.36,0.8572,0.1809,0.023940,4.475
943776,520,459,979,208,55,143,350.00,0.8059,0.5279,0.181276,11,10,17,291.01,0.2325,0.0588,0.003287,4.340
943791,520,451,971,210,69,125,359.81,0.7564,0.5395,0.194407,22,11,12,13.41,0.2888,0.0706,0.004365,4.496
943814,520,299,819,253,86,214,338.44,0.9859,0.6727,0.323963,57,54,35,100.28,0.3114,0.2310,0.036296,4.334
943836,520,325,845,226,82,253,320.90,0.9892,0.6488,0.292971,58,46,25,80.61,0.4340,0.2079,0.029238,4.328
943841,520,441,961,220,64,75,21.38,0.8557,0.5386,0.193930,27,5,52,299.70,0.8398,0.0916,0.005895,4.364
943843,520,320,840,193,118,244,309.83,0.8646,0.6479,0.308268,33,53,45,167.48,0.3280,0.2080,0.030589,4.446
943860,520,433,953,210,49,180,336.99,0.8647,0.5450,0.191956,8,1,77,270.53,0.9963,0.0970,0.006091,4.314
943863,520,302,822,227,114,211,332.88,0.8015,0.6683,0.330706,59,54,11,102.57,0.7873,0.2292,0.035924,4.431
943872,520,360,880,246,79,131,5.69,0.8984,0.6184,0.268267,11,50,39,170.60,0.7953,0.1840,0.024987,4.244
943881,520,381,901,227,50,216,330.98,0.9382,0.5971,0.235723,21,16,103,273.09,0.9512,0.1585,0.015092,4.390
943886,520,420,940,218,23,199,333.29,0.9668,0.5558,0.196440,35,21,5,68.78,0.6469,0.1083,0.009047,4.174
943888,520,381,901,242,15,197,339.48,0.9892,0.5964,0.232531,1,12,116,264.54,0.9892,0.1618,0.015302,4.327
943902,520,327,847,234,91,219,332.05,0.8888,0.6508,0.300914,58,35,90,300.27,0.6202,0.2147,0.028398,4.476
943905,520,391,911,213,71,205,330.23,0.8490,0.5857,0.230623,2,42,33,173.82,0.9529,0.1518,0.017786,4.140
943910,520,426,946,209,58,199,330.91,0.8656,0.5623,0.207069,12,24,52,264.61,0.6323,0.1137,0.009793,4.299
943912,520,408,928,183,91,208,318.62,0.7372,0.5680,0.221046,38,26,21,43.65,0.2528,0.1281,0.012050,4.368
943921,520,437,957,237,43,42,27.43,0.9609,0.5487,0.199027,2,24,9,152.82,0.9427,0.0862,0.006859,4.380
943933,520,437,957,243,16,78,16.74,0.9872,0.5534,0.199787,0,14,58,262.13,1.0000,0.0896,0.006195,4.445
943942,520,437,957,199,72,188,331.38,0.7815,0.5540,0.204093,37,10,18,3.97,0.5708,0.0930,0.006541,4.494
943946,520,260,780,254,108,238,332.05,0.9951,0.7136,0.379717,50,62,86,263.78,0.3090,0.2678,0.047951,4.387
943963,520,425,945,183,56,251,310.11,0.9756,0.5574,0.198616,42,16,11,32.25,0.5671,0.1099,0.008871,4.223
943968,520,407,927,244,43,63,22.95,0.9584,0.5657,0.213231,25,29,49,274.44,0.3747,0.1340,0.013071,4.174
943972,520,457,977,201,43,187,332.24,0.8790,0.5286,0.177349,18,5,25,312.96,0.6298,0.0596,0.003073,4.284
943975,520,474,994,213,55,78,17.84,0.8568,0.5160,0.174310,8,0,12,318.49,1.0000,0.0290,0.000782,4.417
944004,520,446,966,231,46,61,23.20,0.9385,0.5410,0.192828,22,15,7,70.77,0.3676,0.0778,0.005276,4.393
944011,520,362,882,220,70,222,327.38,0.8987,0.6065,0.248719,53,0,105,297.01,1.0000,0.1792,0.017768,4.408
944016,520,458,978,194,52,201,325.97,0.8646,0.5330,0.181439,7,10,22,271.14,0.4106,0.0579,0.003202,4.350
944028,520,347,867,230,65,240,325.51,0.9455,0.6295,0.268971,18,54,2,138.06,0.9902,0.1929,0.027712,4.105
944035,520,363,883,242,89,33,38.28,0.9530,0.6060,0.261349,34,36,63,279.31,0.4079,0.1695,0.019607,4.473
944036,520,429,949,206,51,203,328.92,0.8878,0.5537,0.198031,2,24,46,249.84,0.8367,0.1036,0.008634,4.230
944052,520,369,889,235,28,228,329.95,0.9824,0.6067,0.240967,31,29,90,278.33,0.7564,0.1733,0.019082,4.212
944062,520,414,934,211,2,249,319.43,0.9990,0.5743,0.207337,16,5,89,273.47,0.9809,0.1236,0.009399,4.332
944078,520,378,898,240,72,129,4.39,0.8650,0.5990,0.247480,40,19,90,289.45,0.8176,0.1650,0.016550,4.470
944079,520,419,939,238,21,140,355.98,0.9700,0.5630,0.206100,28,20,39,302.65,0.3988,0.1092,0.008937,4.345
944081,520,442,962,203,14,214,325.46,0.9824,0.5364,0.178674,0,11,55,262.76,1.0002,0.0809,0.005151,4.146
944082,520,390,910,174,117,186,320.47,0.5126,0.5888,0.252671,20,41,14,139.11,0.7776,0.1519,0.017663,4.473
944096,520,466,986,217,32,114,1.57,0.9106,0.5161,0.170022,5,6,28,275.49,0.7059,0.0512,0.002463,4.194
944108,520,385,905,170,100,251,302.04,0.9438,0.5948,0.246259,43,33,0,92.15,1.0000,0.1489,0.016014,4.488
944113,520,304,824,248,117,124,18.72,0.8799,0.6727,0.341372,28,62,17,138.89,0.9110,0.2270,0.037325,4.482
944121,520,423,943,246,30,61,22.33,0.9772,0.5621,0.208618,43,5,38,333.82,0.7648,0.1055,0.007621,4.488
944130,520,417,937,234,42,147,353.69,0.9152,0.5683,0.212579,8,27,49,253.71,0.6540,0.1171,0.010572,4.335
944132,520,409,929,222,48,190,337.05,0.9043,0.5713,0.213636,62,5,12,20.37,0.9002,0.1337,0.011594,4.280
944142,520,442,962,154,102,189,310.40,0.5786,0.5364,0.200473,9,17,36,265.28,0.5358,0.0833,0.005863,4.484
944145,520,410,930,242,50,67,22.67,0.9432,0.5673,0.215670,9,32,52,247.73,0.6514,0.1336,0.013390,4.191
944147,520,468,988,186,32,215,320.22,0.9397,0.5154,0.163798,8,1,25,295.08,0.8855,0.0400,0.001435,4.157
944158,520,356,876,225,101,161,352.26,0.7189,0.6227,0.278904,14,47,50,203.51,0.6306,0.1800,0.023566,4.471
944159,520,471,991,210,6,176,337.81,0.9864,0.5221,0.169687,5,2,25,284.37,0.8404,0.0395,0.001459,4.269
944173,520,330,850,224,109,171,348.54,0.7009,0.6376,0.297270,37,54,36,143.24,0.3874,0.2113,0.031590,4.256
944177,520,346,866,242,49,228,331.57,0.9651,0.6297,0.266781,89,4,15,22.56,0.9655,0.1945,0.022456,4.372
944180,520,436,956,215,9,201,331.98,0.9882,0.5477,0.188617,9,23,15,157.74,0.4848,0.0892,0.007053,4.182
944191,520,432,952,214,79,80,23.22,0.7789,0.5471,0.204696,44,12,1,42.96,0.9107,0.1044,0.008007,4.391
944198,520,452,972,206,62,144,349.67,0.7773,0.5319,0.185827,31,1,30,329.57,0.8602,0.0734,0.004068,4.362
944205,520,418,938,207,81,144,352.22,0.7037,0.5572,0.211658,25,22,58,283.41,0.6053,0.1239,0.010860,4.299
944206,520,398,918,208,62,218,325.19,0.8898,0.5766,0.219189,63,8,3,31.07,0.9378,0.1379,0.012372,4.316
944207,520,290,810,228,126,188,344.04,0.7051,0.6790,0.350485,2,67,54,174.17,0.9806,0.2439,0.042934,4.309
944208,520,323,843,234,95,199,338.65,0.8460,0.6454,0.298028,82,29,38,12.53,0.6138,0.2135,0.028128,4.455
944210,520,21,541,255,242,240,28.01,1.0000,0.9660,0.910560,63,126,66,144.75,0.7823,0.4618,0.163713,4.495
944217,520,455,975,186,70,184,328.43,0.7582,0.5282,0.182815,2,0,55,267.37,1.0000,0.0623,0.002887,4.402
944224,520,380,900,223,50,229,326.62,0.9476,0.5988,0.236285,64,24,6,42.94,0.7987,0.1636,0.017566,4.237
944250,520,452,972,221,57,35,31.07,0.9378,0.5275,0.184224,4,20,2,140.17,0.9500,0.0740,0.005305,4.235
944252,520,345,865,240,66,211,335.69,0.9246,0.6293,0.271276,47,45,37,95.52,0.1383,0.1947,0.026147,4.219
944262,520,463,983,195,76,133,353.46,0.6807,0.5253,0.184662,9,6,18,295.53,0.4414,0.0488,0.002320,4.485
944264,520,313,833,239,103,200,340.12,0.8650,0.6647,0.322238,23,61,11,139.30,0.9559,0.2202,0.035437,4.357
944268,520,388,908,245,70,3,36.04,0.9972,0.5870,0.238027,13,23,88,268.78,0.9126,0.1469,0.014029,4.498
944277,520,271,791,245,142,24,60.76,0.9706,0.6993,0.388271,16,65,97,242.33,0.7652,0.2638,0.047536,4.493
944278,520,383,903,244,41,179,345.46,0.9493,0.6011,0.240768,52,25,36,354.97,0.4235,0.1521,0.015528,4.437
944289,520,465,985,224,4,112,2.45,0.9921,0.5198,0.171068,2,1,45,268.66,0.9911,0.0527,0.002241,4.232
944291,520,382,902,255,53,92,16.70,1.0000,0.6002,0.245826,26,39,34,169.01,0.2524,0.1555,0.017861,4.359
944300,520,418,938,237,5,139,355.76,0.9932,0.5566,0.199802,56,5,3,29.17,0.9336,0.1191,0.009560,4.194
944304,520,38,558,252,251,10,109.46,0.9996,0.9503,0.897125,27,129,48,146.11,0.9745,0.4547,0.161463,4.479
944305,520,456,976,177,55,229,313.21,0.8993,0.5295,0.177376,23,6,4,31.25,0.5783,0.0598,0.003212,4.273
944327,520,365,885,231,16,242,325.79,0.9933,0.6056,0.237727,61,28,28,21.01,0.4774,0.1704,0.019066,4.166
944329,520,319,839,234,82,243,325.52,0.9507,0.6545,0.300003,28,46,104,267.30,0.7287,0.2228,0.032002,4.268
944330,520,436,956,246,4,3,29.19,0.9985,0.5496,0.196898,4,2,69,268.17,0.9926,0.0852,0.004989,4.490
944339,520,480,1000,150,77,218,304.41,0.7979,0.5091,0.168542,0,0,0,0.00,0.0000,0.0000,0.000000,4.371
944342,520,38,558,239,241,236,124.45,0.1704,0.9479,0.873174,84,121,9,128.12,0.9749,0.4536,0.155790,4.486
944346,520,411,931,211,31,235,322.31,0.9721,0.5718,0.208289,43,0,68,307.90,1.0000,0.1233,0.009310,4.355
944350,520,459,979,228,9,127,358.08,0.9839,0.5345,0.182245,21,2,27,318.16,0.7923,0.0584,0.002820,4.397
944355,520,418,938,211,3,235,322.54,0.9979,0.5636,0.199141,59,2,11,18.63,0.9484,0.1232,0.009976,4.154
944356,520,458,978,230,41,51,25.07,0.9530,0.5339,0.186509,24,3,11,356.44,0.6762,0.0571,0.002835,4.476
944359,520,400,920,240,66,61,26.87,0.9272,0.5771,0.227618,17,39,10,138.81,0.8667,0.1428,0.015921,4.211
944360,520,425,945,189,46,248,312.96,0.9648,0.5557,0.195513,1,32,20,163.91,0.9720,0.1139,0.010899,4.031
944379,520,307,827,248,75,246,328.46,0.9752,0.6714,0.316452,63,41,86,304.97,0.5214,0.2303,0.033146,4.407
944386,520,467,987,224,7,121,359.34,0.9858,0.5236,0.173825,15,2,13,332.68,0.6692,0.0432,0.001740,4.326
944389,520,354,874,254,22,200,341.33,0.9940,0.6223,0.258182,20,38,78,263.86,0.6674,0.1752,0.020849,4.350
944394,520,459,979,232,31,17,29.71,0.9834,0.5290,0.181793,17,3,33,302.29,0.7993,0.0598,0.002941,4.378
944396,520,272,792,225,132,216,330.58,0.7623,0.6979,0.374696,57,65,5,117.53,0.9275,0.2589,0.046614,4.396
944399,520,5,525,255,250,248,43.34,1.0000,0.9865,0.964087,35,135,35,142.94,0.9730,0.4747,0.178059,4.447
944406,520,211,731,229,156,242,321.34,0.8679,0.7594,0.468471,63,77,61,141.61,0.2326,0.3112,0.067014,4.431
944415,520,449,969,203,37,198,329.59,0.9168,0.5352,0.180987,22,4,31,313.15,0.7360,0.0664,0.003564,4.312
944418,520,426,946,171,83,237,307.29,0.8683,0.5601,0.209595,31,11,57,298.88,0.7596,0.1099,0.008261,4.456
944426,520,387,907,254,54,32,30.48,0.9957,0.5909,0.238172,13,33,65,259.42,0.6807,0.1477,0.015549,4.396
944433,520,407,927,247,45,48,26.68,0.9670,0.5713,0.218679,13,6,95,270.69,0.9847,0.1311,0.010420,4.447
944439,520,473,993,128,91,230,291.13,0.8149,0.5156,0.177844,0,2,17,261.94,1.0000,0.0282,0.000839,4.482
944440,520,420,940,234,14,151,351.38,0.9798,0.5576,0.200438,36,17,22,3.36,0.3797,0.1053,0.008339,4.293
944441,520,404,924,190,88,218,318.45,0.7921,0.5799,0.229897,38,28,10,80.57,0.5415,0.1306,0.012645,4.468
944451,520,459,979,233,30,38,26.72,0.9759,0.5320,0.183952,9,2,40,283.29,0.9264,0.0559,0.002547,4.452
944472,520,401,921,226,90,34,40.14,0.9214,0.5786,0.235992,18,33,47,247.75,0.4157,0.1382,0.014215,4.454
944473,520,418,938,202,50,221,322.94,0.9159,0.5585,0.200599,9,15,81,268.96,0.9470,0.1225,0.009937,4.181
944488,520,455,975,236,3,36,25.68,0.9983,0.5294,0.180286,26,3,10,1.60,0.7000,0.0599,0.003067,4.340
944493,520,441,961,220,67,71,23.51,0.8547,0.5412,0.196875,5,2,71,268.86,0.9925,0.0885,0.005306,4.464
944500,520,204,724,253,147,230,335.52,0.9839,0.7680,0.474656,50,83,25,134.11,0.8608,0.3112,0.069347,4.396
944527,520,345,865,255,52,185,346.38,1.0000,0.6313,0.272222,7,35,109,263.86,0.9425,0.1930,0.023512,4.383
944541,520,480,1000,221,32,23,29.16,0.9716,0.5065,0.164698,0,0,0,0.00,0.0000,0.0000,0.000000,4.294
944545,520,362,882,199,94,226,318.97,0.8230,0.6065,0.256398,81,3,17,19.51,0.9607,0.1755,0.018552,4.470
944552,520,420,940,185,84,209,319.52,0.7690,0.5612,0.212595,37,16,42,319.67,0.5507,0.1148,0.009311,4.427
944558,520,411,931,203,77,188,332.69,0.7722,0.5667,0.216368,11,27,55,260.74,0.6561,0.1231,0.011308,4.345
944562,520,321,841,245,106,133,10.64,0.8475,0.6531,0.314169,37,56,1,127.84,0.9876,0.2118,0.032238,4.428
944566,520,464,984,189,36,213,321.53,0.9282,0.5212,0.168861,16,6,7,12.05,0.3460,0.0516,0.002558,4.164
944580,520,455,975,234,13,19,28.31,0.9933,0.5262,0.178305,16,10,7,50.36,0.2313,0.0602,0.003426,4.273
944605,520,443,963,241,1,10,28.64,0.9996,0.5383,0.187478,20,3,54,290.05,0.9168,0.0821,0.004802,4.333
944624,520,351,871,251,64,175,349.20,0.9624,0.6288,0.272744,36,33,93,280.02,0.7090,0.1889,0.022530,4.450
944635,520,375,895,211,92,196,332.65,0.7576,0.6038,0.254905,21,42,42,195.66,0.3904,0.1644,0.019825,4.367
944642,520,445,965,169,69,238,307.62,0.8975,0.5402,0.188650,10,7,54,275.90,0.9039,0.0800,0.004828,4.353
944644,520,364,884,236,39,221,331.91,0.9679,0.6090,0.245070,55,26,56,325.98,0.5246,0.1690,0.018366,4.316
944648,520,446,966,211,61,150,348.48,0.7967,0.5425,0.193905,14,5,52,282.30,0.8934,0.0776,0.004498,4.475
944657,520,460,980,230,10,83,13.53,0.9879,0.5255,0.176676,12,10,14,307.77,0.1458,0.0585,0.003270,4.255
944668,520,325,845,253,22,251,328.75,0.9947,0.6513,0.284246,38,55,13,128.65,0.8158,0.2107,0.031735,4.089
944687,520,424,944,194,64,224,319.37,0.8799,0.5606,0.205193,26,27,7,111.53,0.6017,0.1130,0.010188,4.240
944697,520,406,926,232,34,180,342.26,0.9467,0.5754,0.215979,48,14,44,332.42,0.6414,0.1301,0.011244,4.343
944700,520,39,559,245,240,234,72.66,0.2765,0.9503,0.876734,26,122,126,199.26,0.8525,0.4549,0.156443,4.489
944706,520,446,966,233,26,106,6.95,0.9576,0.5431,0.191061,33,8,6,28.02,0.6530,0.0797,0.005102,4.375
944723,520,468,988,179,3,246,311.45,0.9977,0.5203,0.163037,4,2,31,277.44,0.9193,0.0433,0.001681,4.122
944728,520,424,944,220,0,209,331.13,1.0000,0.5602,0.198214,32,17,45,307.03,0.5489,0.1117,0.008975,4.209
944742,520,453,973,199,82,90,18.78,0.6854,0.5270,0.189168,13,14,13,145.45,0.0420,0.0678,0.004287,4.406
944749,520,224,744,249,134,242,329.48,0.9707,0.7466,0.436030,27,82,31,144.56,0.9317,0.2960,0.063663,4.276
944752,520,460,980,218,10,152,347.41,0.9771,0.5255,0.173920,9,0,51,278.74,1.0000,0.0633,0.002971,4.227
944756,520,385,905,234,49,181,342.79,0.9162,0.5888,0.230280,7,9,105,267.06,0.9871,0.1455,0.012604,4.477
944765,520,370,890,219,64,237,323.35,0.9317,0.6090,0.248432,65,24,15,33.85,0.6796,0.1669,0.018117,4.381
944775,520,381,901,217,77,211,329.57,0.8552,0.6025,0.247646,31,29,75,281.01,0.6401,0.1592,0.016780,4.457
944795,520,359,879,241,55,211,335.80,0.9435,0.6220,0.261391,30,44,47,212.33,0.2286,0.1791,0.022826,4.276
944799,520,457,977,191,46,212,322.16,0.9003,0.5308,0.177853,20,0,41,301.70,1.0000,0.0640,0.003088,4.292
944803,520,158,678,177,204,252,261.85,0.8917,0.8158,0.595602,11,101,13,142.86,0.9918,0.3543,0.094072,4.481
944806,520,422,942,244,26,56,23.10,0.9815,0.5554,0.202609,21,27,20,141.11,0.2157,0.1112,0.009938,4.215
944817,520,452,972,212,16,175,338.68,0.9652,0.5278,0.174650,12,10,33,283.85,0.5875,0.0686,0.004050,4.156
944823,520,383,903,246,48,154,354.13,0.9289,0.5981,0.240431,10,33,73,260.62,0.7914,0.1530,0.016332,4.378
944833,520,466,986,203,77,4,42.17,0.9867,0.5159,0.180151,2,8,19,253.67,0.6182,0.0475,0.002336,4.398
944842,520,476,996,207,66,69,23.42,0.8208,0.5149,0.175937,2,1,6,294.08,0.6164,0.0213,0.000478,4.476
944849,520,453,973,222,2,145,350.54,0.9955,0.5284,0.176200,30,4,17,351.55,0.6884,0.0708,0.004034,4.186
944850,520,458,978,199,3,213,324.70,0.9958,0.5262,0.170130,5,13,13,195.79,0.3331,0.0590,0.003492,4.115
944860,520,364,884,247,57,153,355.27,0.9291,0.6064,0.250036,39,17,101,285.50,0.8820,0.1733,0.017718,4.431
944874,520,424,944,207,35,231,322.14,0.9615,0.5641,0.202388,20,25,42,270.83,0.3680,0.1150,0.010111,4.199
944877,520,399,919,190,68,248,312.23,0.9545,0.5768,0.218598,13,38,2,137.15,0.9786,0.1360,0.014761,4.148
944885,520,372,892,214,109,137,4.50,0.6128,0.6096,0.270415,28,43,44,201.25,0.2479,0.1732,0.021564,4.477
944915,520,478,998,168,12,247,307.90,0.9908,0.5064,0.153040,1,2,3,240.75,0.2913,0.0220,0.000564,4.015
944925,520,443,963,196,29,228,319.95,0.9639,0.5406,0.182174,27,3,47,304.66,0.8652,0.0838,0.005034,4.219
944935,520,329,849,251,74,195,343.33,0.9667,0.6474,0.293500,59,46,8,89.15,0.7997,0.2067,0.029014,4.347
944936,520,466,986,229,11,37,25.57,0.9927,0.5162,0.170340,3,6,27,269.40,0.7587,0.0487,0.002287,4.214
944963,520,454,974,188,11,241,314.99,0.9914,0.5319,0.172829,7,0,56,274.27,1.0000,0.0675,0.003307,4.180
944967,520,385,905,252,48,69,22.41,0.9832,0.5863,0.232427,29,10,100,279.53,0.9507,0.1540,0.013983,4.414
944979,520,389,909,218,102,64,38.49,0.7825,0.5870,0.247806,31,39,3,121.22,0.8987,0.1528,0.017489,4.413
944983,520,446,966,194,67,186,330.44,0.7860,0.5388,0.190304,23,12,18,345.78,0.3011,0.0759,0.004888,4.378
944985,520,374,894,248,37,155,353.66,0.9543,0.5957,0.236495,5,6,121,265.78,0.9946,0.1650,0.015428,4.379
944996,520,474,994,174,23,247,309.48,0.9801,0.5191,0.163278,10,1,2,11.70,0.6928,0.0299,0.000906,4.190
945001,520,426,946,243,38,56,24.07,0.9670,0.5595,0.207298,30,21,23,3.65,0.1793,0.1062,0.008742,4.380
945006,520,384,904,193,71,250,312.53,0.9655,0.5859,0.227472,55,21,45,339.98,0.5548,0.1538,0.015381,4.244
945018,520,443,963,206,86,58,34.51,0.7890,0.5394,0.200850,19,18,4,105.53,0.5919,0.0809,0.005798,4.496
945026,520,420,940,214,16,216,327.81,0.9836,0.5577,0.196267,14,16,64,273.87,0.8393,0.1082,0.008341,4.221
945048,520,456,976,220,36,119,0.55,0.9018,0.5263,0.178119,10,12,12,196.81,0.0593,0.0604,0.003540,4.261
945053,520,392,912,223,91,124,7.53,0.7263,0.5914,0.246278,23,38,38,195.95,0.2774,0.1518,0.017083,4.417
945054,520,374,894,197,95,211,322.68,0.7574,0.5958,0.247592,60,24,29,13.12,0.5246,0.1612,0.017028,4.440
945058,520,390,910,220,73,196,335.05,0.8415,0.5943,0.239684,12,40,43,204.88,0.5969,0.1537,0.017701,4.279
945087,520,417,937,224,54,173,343.09,0.8722,0.5705,0.215052,53,2,40,340.94,0.8579,0.1216,0.009536,4.452
945103,520,322,842,221,102,220,327.81,0.8279,0.6463,0.300441,53,46,41,57.75,0.1199,0.2059,0.028710,4.452
945118,520,471,991,189,73,158,339.53,0.7045,0.5225,0.180540,13,4,10,338.39,0.4361,0.0446,0.001943,4.438
945129,520,383,903,249,72,26,34.44,0.9750,0.5977,0.248525,22,41,6,133.45,0.9034,0.1521,0.017696,4.410
945140,520,353,873,229,60,237,326.06,0.9476,0.6217,0.260064,64,5,90,311.55,0.9166,0.1846,0.019368,4.470
945155,520,378,898,207,67,251,316.62,0.9766,0.6032,0.242463,32,42,12,125.16,0.6872,0.1643,0.019895,4.184
945187,520,448,968,232,51,3,33.24,0.9966,0.5425,0.195331,3,22,21,190.69,0.7214,0.0846,0.006473,4.344
945189,520,407,927,212,52,216,327.01,0.9149,0.5732,0.214128,8,34,38,209.07,0.6357,0.1309,0.013356,4.169
945191,520,457,977,233,36,30,28.63,0.9710,0.5347,0.186822,2,12,16,220.16,0.6209,0.0553,0.003132,4.457
945193,520,436,956,229,58,85,17.32,0.8836,0.5519,0.203429,34,11,28,338.25,0.5421,0.0939,0.006633,4.475
945205,520,388,908,239,39,179,344.29,0.9457,0.5907,0.230594,33,12,89,285.48,0.8976,0.1468,0.013075,4.449
945210,520,370,890,233,65,191,339.90,0.8869,0.6055,0.248684,7,47,42,182.94,0.8298,0.1738,0.022453,4.122
945217,520,436,956,181,64,237,312.12,0.9040,0.5508,0.196060,8,18,49,266.78,0.7348,0.0947,0.007060,4.312
945219,520,469,989,225,33,60,21.56,0.9564,0.5196,0.174244,17,0,13,336.27,1.0000,0.0407,0.001482,4.356
945230,520,457,977,210,69,104,9.45,0.7646,0.5326,0.189596,1,6,46,265.22,0.9576,0.0632,0.003339,4.492
945240,520,455,975,216,3,170,341.12,0.9935,0.5295,0.175687,28,5,0,43.25,1.0000,0.0642,0.003555,4.214
945248,520,408,928,233,53,132,359.67,0.8800,0.5687,0.215387,19,5,89,275.53,0.9770,0.1258,0.009682,4.447
945269,520,478,998,142,67,245,297.10,0.9348,0.5086,0.163578,4,0,11,304.75,1.0000,0.0232,0.000500,4.229
945273,520,370,890,251,60,138,1.49,0.9584,0.6109,0.255794,26,43,27,145.86,0.4470,0.1656,0.020265,4.352
945274,520,337,857,228,116,118,20.27,0.7028,0.6379,0.302951,8,58,13,144.30,0.9776,0.2043,0.031067,4.354
945276,520,279,799,255,127,13,51.94,1.0000,0.6868,0.364710,20,64,82,228.87,0.6845,0.2527,0.044245,4.400
945278,520,377,897,230,16,242,325.55,0.9931,0.6039,0.236068,39,9,97,288.15,0.9272,0.1598,0.014898,4.408
945279,520,408,928,203,24,253,316.30,0.9912,0.5699,0.204432,48,18,33,350.76,0.5214,0.1309,0.011709,4.123
945293,520,409,929,248,28,67,20.82,0.9792,0.5663,0.211958,49,15,30,355.17,0.5855,0.1263,0.010884,4.303
945331,520,384,904,182,92,239,309.84,0.8683,0.5891,0.238322,18,25,86,271.06,0.8643,0.1514,0.014957,4.439
945332,520,438,958,233,39,98,10.71,0.9304,0.5478,0.196595,28,19,7,73.87,0.4800,0.0945,0.007280,4.305
945339,520,437,957,246,9,41,25.37,0.9957,0.5527,0.199519,5,22,34,240.90,0.6235,0.0922,0.007215,4.361
945356,520,380,900,215,59,242,321.18,0.9441,0.6017,0.239876,26,7,111,275.57,0.9798,0.1631,0.015192,4.447
945365,520,455,975,224,50,17,32.29,0.9776,0.5257,0.181718,10,1,46,282.09,0.9728,0.0606,0.002835,4.386
945372,520,439,959,163,96,206,310.41,0.6882,0.5477,0.206091,9,24,14,153.63,0.5419,0.0919,0.007430,4.459
945373,520,410,930,237,66,61,26.83,0.9151,0.5713,0.222410,41,9,67,304.49,0.8211,0.1302,0.010721,4.486
945390,520,377,897,227,88,153,354.28,0.7600,0.6041,0.256127,49,30,50,325.02,0.3798,0.1649,0.018119,4.494
945398,520,363,883,253,13,183,345.70,0.9922,0.6094,0.245928,26,46,2,131.22,0.9725,0.1708,0.021779,4.123
945432,520,454,974,191,79,141,348.71,0.6596,0.5262,0.185930,16,13,24,296.38,0.3094,0.0728,0.004640,4.318
945434,520,386,906,243,58,121,6.01,0.9038,0.5884,0.234645,66,1,40,350.61,0.9352,0.1474,0.013334,4.494
945440,520,432,952,224,68,60,27.41,0.8821,0.5483,0.203105,15,19,52,274.08,0.6588,0.1039,0.008152,4.352
945449,520,411,931,214,56,199,332.30,0.8804,0.5691,0.212501,56,6,10,21.76,0.8685,0.1217,0.009931,4.380
945460,520,457,977,168,55,245,306.77,0.9445,0.5298,0.176505,17,11,12,7.16,0.1664,0.0648,0.003851,4.206
945478,520,211,731,246,143,238,329.90,0.9492,0.7555,0.454129,8,73,128,250.75,0.9030,0.3077,0.063749,4.432
945479,520,359,879,212,111,168,346.65,0.6219,0.6216,0.281949,35,47,15,126.75,0.6802,0.1830,0.024248,4.471
945484,520,469,989,182,14,238,313.92,0.9874,0.5204,0.164334,15,3,9,346.34,0.5454,0.0441,0.001864,4.133
945487,520,433,953,244,10,52,23.19,0.9944,0.5499,0.197016,7,25,29,213.92,0.5301,0.0991,0.008291,4.238
945490,520,457,977,169,87,188,319.80,0.6695,0.5293,0.188831,17,9,4,59.93,0.4106,0.0584,0.003233,4.487
945497,520,333,853,238,91,182,345.64,0.8469,0.6386,0.290394,31,48,67,251.93,0.3813,0.2022,0.028104,4.358
945498,520,445,965,195,40,224,320.41,0.9373,0.5420,0.185030,13,14,32,279.39,0.4625,0.0768,0.005039,4.270
945499,520,476,996,219,6,99,6.26,0.9877,0.5056,0.160938,8,0,3,351.24,1.0000,0.0245,0.000582,4.170
945514,520,365,885,250,31,187,344.19,0.9742,0.6113,0.248951,37,25,84,286.72,0.7322,0.1655,0.017286,4.443
945522,520,462,982,191,38,221,320.05,0.9354,0.5319,0.176845,4,8,11,233.79,0.2714,0.0459,0.002236,4.343
945545,520,421,941,237,41,115,5.49,0.9261,0.5620,0.208313,14,23,48,267.08,0.5605,0.1094,0.009195,4.364
945549,520,39,559,236,244,232,134.92,0.3891,0.9509,0.883602,43,127,26,140.76,0.9744,0.4505,0.157663,4.496
945551,520,455,975,227,50,11,32.71,0.9868,0.5316,0.186392,25,3,10,0.40,0.6885,0.0583,0.002937,4.465
945553,520,71,591,251,226,164,88.57,0.8163,0.9056,0.775834,2,117,90,169.50,0.9942,0.4215,0.134730,4.470
945591,520,479,999,223,32,7,30.70,0.9920,0.5101,0.167392,1,0,0,29.23,1.0000,0.0090,0.000065,4.342
945597,520,369,889,240,3,227,331.38,0.9986,0.6087,0.241392,44,39,9,99.81,0.7056,0.1679,0.020063,4.159
945625,520,411,931,227,45,170,344.49,0.9027,0.5676,0.211126,15,31,32,200.83,0.3624,0.1227,0.011858,4.221
945645,520,397,917,234,5,196,337.90,0.9955,0.5789,0.215893,31,19,71,287.95,0.7396,0.1357,0.012120,4.280
945653,520,369,889,247,78,80,24.13,0.9423,0.6067,0.258055,27,40,48,235.80,0.2662,0.1655,0.019639,4.424
945684,520,409,929,220,67,163,346.27,0.8113,0.5709,0.218766,25,33,13,126.95,0.5320,0.1306,0.013234,4.250
945697,520,448,968,199,55,192,330.12,0.8448,0.5383,0.186820,28,11,14,9.28,0.4104,0.0793,0.005180,4.292
945704,520,357,877,252,30,199,341.26,0.9820,0.6209,0.257508,70,18,53,343.21,0.6891,0.1805,0.019919,4.398
945720,520,460,980,210,45,151,346.83,0.8496,0.5266,0.178150,6,4,44,275.05,0.9259,0.0614,0.003074,4.299
945723,520,421,941,186,81,208,320.34,0.7779,0.5578,0.208792,3,30,31,198.40,0.8146,0.1127,0.010468,4.280
945747,520,135,655,250,194,182,32.27,0.8131,0.8382,0.622866,27,104,54,150.85,0.9354,0.3737,0.103996,4.369
945749,520,460,980,172,49,243,308.79,0.9405,0.5285,0.174392,5,13,22,249.52,0.4451,0.0628,0.003780,4.172
945756,520,428,948,215,18,211,329.34,0.9794,0.5566,0.195850,40,9,30,342.37,0.6419,0.1016,0.007403,4.283
945758,520,325,845,151,139,251,286.34,0.8999,0.6470,0.320092,28,58,16,137.91,0.8928,0.2135,0.033103,4.453
945761,520,480,1000,224,13,62,19.46,0.9861,0.5093,0.164858,0,0,0,0.00,0.0000,0.0000,0.000000,4.297
945763,520,436,956,221,23,183,338.58,0.9603,0.5517,0.194063,28,11,37,312.52,0.5954,0.0904,0.006198,4.343
945764,520,373,893,246,77,8,37.21,0.9926,0.5970,0.249215,24,34,68,269.23,0.5611,0.1595,0.017555,4.429
945770,520,380,900,246,30,170,348.32,0.9672,0.5951,0.234269,3,28,96,263.46,0.9653,0.1618,0.016943,4.246
945781,520,423,943,227,67,106,10.70,0.8298,0.5625,0.213885,9,32,2,138.10,0.9734,0.1142,0.010954,4.329
945782,520,437,957,217,56,157,347.01,0.8333,0.5518,0.200167,30,18,3,73.09,0.7103,0.0939,0.007152,4.377
945783,520,476,996,217,8,123,357.21,0.9800,0.5103,0.163580,0,3,0,142.50,1.0000,0.0226,0.000651,4.217
945784,520,463,983,190,46,218,320.30,0.9100,0.5336,0.179645,4,7,22,269.51,0.5744,0.0487,0.002357,4.386
945816,520,385,905,201,70,244,316.35,0.9377,0.5920,0.233309,15,36,48,235.65,0.5031,0.1457,0.015767,4.308
945827,520,456,976,223,36,122,0.03,0.9078,0.5333,0.183575,16,5,33,298.37,0.7255,0.0627,0.003285,4.384
945837,520,400,920,221,19,222,328.07,0.9844,0.5750,0.211141,46,22,50,321.73,0.5237,0.1441,0.013850,4.090
945847,520,341,861,233,109,82,33.71,0.8118,0.6264,0.288727,26,54,35,152.95,0.5795,0.2031,0.029792,4.245
945855,520,438,958,232,25,136,356.26,0.9545,0.5510,0.196316,28,13,34,315.67,0.5111,0.0920,0.006502,4.359
945876,520,424,944,212,7,225,325.13,0.9941,0.5586,0.195872,47,12,16,16.50,0.6511,0.1132,0.009048,4.164
945877,520,400,920,247,39,100,11.88,0.9532,0.5766,0.221488,38,30,5,91.57,0.7448,0.1350,0.013516,4.274
945883,520,434,954,243,19,35,26.68,0.9900,0.5484,0.196452,20,26,6,123.21,0.6479,0.1041,0.009007,4.177
945894,520,418,938,239,52,9,32.74,0.9916,0.5578,0.208297,33,24,34,323.02,0.2440,0.1217,0.010921,4.240
945908,520,396,916,237,2,197,338.30,0.9983,0.5845,0.220820,32,14,80,287.32,0.8456,0.1381,0.012003,4.368
945915,520,398,918,228,91,10,43.05,0.9818,0.5825,0.240008,28,36,24,135.37,0.2948,0.1449,0.015746,4.411
945916,520,0,520,255,255,255,0.00,0.0000,1.0000,1.000000,19,138,46,145.80,0.9878,0.4823,0.185119,4.466
945924,520,476,996,167,49,230,310.06,0.9120,0.5100,0.161261,8,0,2,359.68,1.0000,0.0239,0.000560,4.178
945925,520,474,994,157,68,238,303.59,0.8976,0.5227,0.174759,0,3,8,244.29,1.0000,0.0266,0.000827,4.422
945932,520,206,726,230,156,252,318.25,0.9645,0.7655,0.476295,19,87,19,142.93,0.9757,0.3086,0.070016,4.385
945936,520,447,967,224,13,149,349.83,0.9746,0.5367,0.183077,11,9,49,277.43,0.8293,0.0791,0.004883,4.247
945953,520,441,961,180,100,121,3.92,0.4815,0.5361,0.201994,11,9,64,273.83,0.9249,0.0947,0.006367,4.471
945954,520,419,939,197,51,233,318.51,0.9282,0.5600,0.201226,10,12,75,270.69,0.9445,0.1112,0.008354,4.305
945977,520,337,857,248,76,189,344.64,0.9398,0.6413,0.288025,56,46,12,92.54,0.7130,0.2031,0.028214,4.322
945987,520,395,915,204,57,248,316.83,0.9642,0.5873,0.225424,31,33,28,124.92,0.1078,0.1404,0.014629,4.262
945992,520,392,912,254,54,35,30.07,0.9956,0.5911,0.238343,68,8,16,19.58,0.8652,0.1510,0.014402,4.477
945993,520,480,1000,145,69,236,299.63,0.8881,0.5067,0.163324,0,0,0,0.00,0.0000,0.0000,0.000000,4.266
946003,520,314,834,221,121,178,346.06,0.6535,0.6561,0.322631,6,62,35,156.23,0.9623,0.2218,0.036052,4.330
946004,520,416,936,251,11,90,13.90,0.9926,0.5715,0.214904,16,18,66,274.42,0.8125,0.1154,0.009361,4.463
946008,520,381,901,229,9,240,325.79,0.9961,0.5993,0.231470,10,39,61,245.00,0.6934,0.1603,0.018524,4.108
946017,520,384,904,254,10,135,0.30,0.9926,0.5904,0.230409,15,40,38,188.52,0.5225,0.1529,0.017590,4.149
946029,520,463,983,206,50,155,344.55,0.8257,0.5253,0.177716,23,1,17,338.89,0.8046,0.0536,0.002444,4.342
946037,520,416,936,213,32,226,324.97,0.9657,0.5691,0.206721,39,10,60,306.87,0.7796,0.1221,0.009747,4.297
946039,520,448,968,186,59,220,318.10,0.8759,0.5402,0.187356,12,21,6,133.34,0.6065,0.0833,0.006276,4.218
946044,520,390,910,223,41,225,327.70,0.9578,0.5902,0.227123,5,4,114,266.00,0.9959,0.1525,0.013339,4.375
946047,520,474,994,194,37,204,325.37,0.9161,0.5237,0.171537,5,1,19,292.77,0.8482,0.0326,0.001010,4.343
946052,520,431,951,172,99,178,324.33,0.5794,0.5481,0.209096,34,12,43,314.99,0.6374,0.1043,0.007775,4.485
946055,520,434,954,220,70,101,12.43,0.7995,0.5515,0.205380,9,26,9,143.86,0.7458,0.0967,0.008166,4.391
946060,520,476,996,189,81,100,11.70,0.6350,0.5109,0.176254,0,2,11,258.21,1.0000,0.0247,0.000676,4.465
946075,520,372,892,237,76,155,354.19,0.8425,0.6074,0.255428,34,38,60,275.48,0.3441,0.1727,0.020525,4.331
946077,520,354,874,231,49,237,326.70,0.9627,0.6168,0.253023,45,38,52,307.40,0.2263,0.1799,0.021921,4.213
946103,520,472,992,223,30,89,11.70,0.9414,0.5197,0.173406,7,2,12,310.38,0.6152,0.0339,0.001151,4.368
946107,520,388,908,238,9,200,337.75,0.9932,0.5894,0.225455,67,0,41,350.09,1.0000,0.1490,0.013536,4.335
946119,520,452,972,182,64,206,320.36,0.8240,0.5292,0.180693,31,3,15,355.98,0.7393,0.0698,0.003910,4.279
946122,520,443,963,235,15,111,5.05,0.9795,0.5448,0.191546,5,18,36,255.70,0.6397,0.0830,0.005922,4.319
946132,520,387,907,222,4,249,322.14,0.9983,0.5931,0.224581,14,43,11,141.81,0.9187,0.1546,0.018452,4.011
946141,520,240,760,246,143,169,4.29,0.7905,0.7276,0.421048,19,78,25,144.66,0.9614,0.2785,0.056572,4.420
946174,520,400,920,248,42,97,13.24,0.9533,0.5797,0.224790,6,17,97,266.50,0.9679,0.1443,0.013026,4.360
946176,520,464,984,209,57,98,9.53,0.8110,0.5153,0.173657,13,2,24,306.42,0.7811,0.0468,0.001949,4.305
946177,520,378,898,251,48,118,7.24,0.9656,0.5952,0.239347,14,36,66,256.82,0.6580,0.1571,0.017484,4.288
946180,520,471,991,222,38,96,9.75,0.9119,0.5243,0.177630,9,7,0,100.74,1.0000,0.0444,0.002100,4.369
946184,520,433,953,237,7,107,6.50,0.9914,0.5459,0.192212,41,8,25,351.80,0.6608,0.0995,0.007153,4.238
946207,520,414,934,240,59,65,24.50,0.9269,0.5708,0.220381,29,25,42,294.43,0.3278,0.1237,0.011236,4.415
946217,520,452,972,140,92,227,296.28,0.7926,0.5280,0.187759,8,17,7,141.64,0.4959,0.0698,0.004679,4.348
946230,520,343,863,254,7,226,334.70,0.9978,0.6339,0.267171,14,46,76,249.92,0.7024,0.1928,0.025690,4.190
946240,520,476,996,201,5,188,331.94,0.9888,0.5126,0.161588,3,1,3,326.97,0.4506,0.0211,0.000476,4.192
946252,520,471,991,196,46,177,333.96,0.8457,0.5160,0.168658,16,2,12,337.69,0.6692,0.0440,0.001801,4.221
946254,520,342,862,242,100,72,32.98,0.8993,0.6258,0.284625,49,45,16,101.53,0.6018,0.1920,0.025672,4.422
946256,520,409,929,163,107,205,309.01,0.6386,0.5668,0.227102,3,35,28,175.32,0.8948,0.1273,0.013052,4.395
946259,520,396,916,208,94,155,349.23,0.6599,0.5824,0.237837,45,29,16,59.45,0.4373,0.1440,0.014741,4.446
946269,520,270,790,236,111,246,324.61,0.9527,0.6957,0.358576,2,70,76,204.70,0.9703,0.2634,0.049148,4.121
946272,520,416,936,216,46,203,331.68,0.9160,0.5671,0.208669,55,4,23,3.88,0.8285,0.1204,0.009611,4.339
946294,520,447,967,177,84,199,319.59,0.7275,0.5431,0.198123,16,18,15,135.02,0.1016,0.0809,0.005773,4.449
946330,520,364,884,236,97,8,44.09,0.9883,0.6057,0.264027,48,32,61,308.55,0.4411,0.1744,0.019984,4.487
946334,520,386,906,225,65,194,336.90,0.8717,0.5933,0.236855,46,15,74,303.78,0.7781,0.1513,0.014169,4.470
946345,520,410,930,248,34,82,17.15,0.9680,0.5718,0.217133,30,30,25,107.10,0.1106,0.1300,0.012748,4.257
946359,520,476,996,176,40,223,314.98,0.9259,0.5107,0.160765,2,0,13,287.44,1.0000,0.0215,0.000420,4.180
946370,520,414,934,234,43,138,356.90,0.9110,0.5654,0.210581,24,29,14,123.72,0.4099,0.1181,0.011046,4.269
946378,520,414,934,239,3,156,350.69,0.9964,0.5674,0.208193,34,15,62,297.76,0.7280,0.1242,0.010295,4.282
946385,520,354,874,244,44,209,336.94,0.9613,0.6188,0.256409,54,27,65,315.33,0.5658,0.1752,0.019499,4.409
946426,520,343,863,238,37,247,326.18,0.9828,0.6286,0.262182,65,27,59,333.66,0.5626,0.1887,0.022236,4.322
946443,520,374,894,242,76,114,11.21,0.8801,0.6027,0.252641,37,34,59,288.39,0.3812,0.1648,0.018531,4.416
946448,520,282,802,240,104,246,325.95,0.9591,0.6919,0.350820,77,54,19,74.90,0.6718,0.2543,0.042633,4.327
946476,520,398,918,227,4,219,330.30,0.9971,0.5803,0.215346,41,15,74,298.71,0.7843,0.1444,0.013075,4.207
946481,520,466,986,212,39,135,352.95,0.8705,0.5188,0.171997,22,4,3,27.94,0.6689,0.0538,0.002640,4.217
946491,520,473,993,232,4,5,29.04,0.9980,0.5192,0.172567,2,4,0,126.59,1.0000,0.0288,0.000997,4.364
946493,520,381,901,191,96,233,314.14,0.8384,0.6029,0.253263,25,28,88,274.45,0.7953,0.1644,0.017417,4.498
946499,520,348,868,242,96,119,13.73,0.8470,0.6296,0.285779,36,48,16,126.68,0.6674,0.1872,0.025264,4.461
946502,520,332,852,250,65,199,341.55,0.9644,0.6393,0.282312,35,53,29,138.14,0.5068,0.2047,0.029922,4.158
946506,520,440,960,236,38,104,8.96,0.9355,0.5549,0.202217,26,17,11,54.93,0.2968,0.0882,0.006447,4.468
946514,520,444,964,228,51,62,23.52,0.9231,0.5392,0.192123,25,7,35,311.65,0.6741,0.0785,0.004800,4.418
946516,520,443,963,203,33,211,326.08,0.9434,0.5418,0.184892,6,21,19,184.65,0.5005,0.0829,0.006220,4.178
946520,520,466,986,198,19,198,328.30,0.9622,0.5177,0.165505,19,0,27,316.01,1.0000,0.0515,0.002176,4.130
946522,520,478,998,225,27,6,30.27,0.9936,0.5116,0.168075,5,1,0,51.16,1.0000,0.0224,0.000540,4.315
946523,520,453,973,173,28,255,307.41,1.0000,0.5271,0.169356,11,1,51,280.89,0.9792,0.0668,0.003319,4.114
946533,520,388,908,235,26,201,336.87,0.9746,0.5891,0.226208,47,27,36,351.35,0.3292,0.1486,0.015156,4.239
946545,520,431,951,207,89,52,37.71,0.8074,0.5451,0.206602,8,24,36,242.86,0.5324,0.1006,0.008322,4.400
946547,520,461,981,236,10,34,26.26,0.9944,0.5308,0.181687,1,10,20,243.11,0.7615,0.0517,0.002740,4.393
946563,520,439,959,218,24,194,334.68,0.9618,0.5531,0.194560,34,0,52,310.37,1.0000,0.0937,0.005881,4.376
946566,520,437,957,221,65,108,8.62,0.8133,0.5496,0.202380,4,24,1,139.61,0.9829,0.0857,0.006812,4.442
946572,520,453,973,231,26,70,18.52,0.9691,0.5303,0.181729,2,8,50,266.09,0.9449,0.0719,0.004168,4.278
946575,520,259,779,251,122,194,347.55,0.9364,0.7085,0.383261,81,59,11,82.14,0.8264,0.2720,0.049016,4.376
946583,520,474,994,218,22,140,351.75,0.9433,0.5236,0.173752,6,2,10,310.43,0.5674,0.0318,0.001041,4.384
946592,520,382,902,255,50,111,10.32,1.0000,0.6025,0.246926,55,23,56,326.22,0.5748,0.1635,0.017106,4.425
946600,520,359,879,214,75,243,320.17,0.9384,0.6162,0.258011,53,25,79,304.86,0.6800,0.1808,0.020167,4.390
946605,520,441,961,217,44,157,346.40,0.8733,0.5419,0.189898,15,2,63,280.07,0.9738,0.0856,0.005038,4.359
946625,520,434,954,224,35,158,347.40,0.9183,0.5498,0.195206,20,20,45,281.25,0.5036,0.1049,0.008385,4.200
946634,520,338,858,255,81,140,4.01,1.0000,0.6397,0.290418,23,39,105,268.16,0.8301,0.2043,0.026530,4.448
946650,520,426,946,186,65,235,314.12,0.8973,0.5577,0.202190,21,25,35,267.68,0.2353,0.1119,0.009760,4.220
946684,520,419,939,240,40,75,19.06,0.9525,0.5575,0.205541,27,23,21,48.34,0.0944,0.1068,0.009000,4.331
946685,520,464,984,176,21,251,309.28,0.9842,0.5250,0.167324,5,9,0,124.72,1.0000,0.0455,0.002276,4.157
946688,520,467,987,135,90,230,294.09,0.8139,0.5214,0.181764,5,6,5,145.32,0.0893,0.0398,0.001735,4.480
946695,520,459,979,210,30,167,340.84,0.9151,0.5252,0.174224,20,4,22,323.48,0.6480,0.0583,0.002935,4.236
946699,520,473,993,173,6,250,308.84,0.9958,0.5154,0.159175,1,3,18,266.42,0.8428,0.0331,0.001152,4.089
946710,520,372,892,242,84,102,17.58,0.8815,0.6093,0.261803,59,33,13,56.15,0.6231,0.1746,0.020467,4.425
946718,520,391,911,214,101,105,19.75,0.6628,0.5866,0.246255,16,38,46,223.97,0.4802,0.1511,0.016936,4.426
946726,520,438,958,203,62,187,332.90,0.8201,0.5489,0.197314,17,1,64,282.14,0.9854,0.0870,0.005110,4.488
946753,520,410,930,228,66,129,1.35,0.8254,0.5705,0.219781,26,7,85,281.77,0.9442,0.1292,0.010274,4.476
946768,520,438,958,176,79,224,312.51,0.8247,0.5517,0.202048,33,13,3,49.91,0.7046,0.0878,0.006178,4.487
946777,520,478,998,218,46,30,29.99,0.9518,0.5108,0.169558,3,0,5,316.23,1.0000,0.0181,0.000303,4.365
946787,520,434,954,159,89,231,303.49,0.8200,0.5489,0.202856,12,22,37,258.28,0.4412,0.0982,0.007855,4.370
946789,520,377,897,247,33,163,350.77,0.9617,0.5952,0.235095,54,4,86,306.14,0.9325,0.1634,0.015431,4.357
946805,520,432,952,229,59,89,16.06,0.8764,0.5537,0.205101,19,23,20,153.13,0.1177,0.0983,0.008017,4.397
946825,520,414,934,217,65,185,337.63,0.8378,0.5747,0.220373,12,27,52,260.05,0.6052,0.1214,0.011099,4.425
946830,520,447,967,210,56,161,343.72,0.8193,0.5410,0.191053,14,10,47,281.43,0.7608,0.0813,0.005157,4.370
946839,520,443,963,206,20,207,328.04,0.9701,0.5385,0.181290,6,18,29,246.68,0.5094,0.0795,0.005600,4.160
946842,520,458,978,192,52,206,323.95,0.8722,0.5331,0.181202,24,0,28,322.63,1.0000,0.0592,0.002781,4.380
946844,520,477,997,96,98,243,276.87,0.9156,0.5106,0.176926,3,0,15,291.58,1.0000,0.0243,0.000538,4.490
946854,520,474,994,233,8,33,26.26,0.9953,0.5238,0.176103,9,0,11,323.52,1.0000,0.0297,0.000822,4.449
946872,520,9,529,250,254,230,114.66,0.9690,0.9856,0.969208,5,137,6,142.58,0.9981,0.4744,0.179360,4.444
946898,520,466,986,216,38,115,1.45,0.8868,0.5182,0.172254,8,7,7,17.43,0.0407,0.0459,0.002189,4.259
946900,520,392,912,255,51,69,22.92,1.0000,0.5946,0.240611,63,19,15,28.11,0.7144,0.1545,0.015572,4.432
946902,520,344,864,248,41,226,333.44,0.9762,0.6342,0.270363,35,46,46,196.35,0.1600,0.1888,0.025085,4.267
946907,520,419,939,231,38,136,356.69,0.9181,0.5556,0.201556,22,20,48,284.00,0.5350,0.1089,0.008843,4.275
946915,520,475,995,166,44,244,306.94,0.9476,0.5167,0.164407,5,2,12,300.16,0.6146,0.0316,0.001022,4.202
946916,520,344,864,232,51,247,324.58,0.9712,0.6266,0.262412,69,15,75,323.55,0.7711,0.1893,0.021150,4.391
946927,520,461,981,236,3,48,23.39,0.9980,0.5307,0.181146,10,8,8,17.62,0.0692,0.0504,0.002557,4.398
946928,520,450,970,196,70,180,333.17,0.7676,0.5421,0.194130,4,18,21,211.94,0.5545,0.0741,0.005125,4.429
946938,520,270,790,237,142,126,30.36,0.7326,0.7009,0.388592,17,72,28,146.74,0.9515,0.2578,0.048376,4.458
946943,520,339,859,250,102,11,43.59,0.9903,0.6379,0.298542,13,55,44,172.10,0.7886,0.2031,0.029997,4.357
946950,520,450,970,235,13,107,6.35,0.9830,0.5431,0.190147,14,3,52,283.31,0.9315,0.0741,0.004064,4.442
946954,520,461,981,181,26,245,311.89,0.9762,0.5293,0.171562,21,2,21,327.94,0.7528,0.0549,0.002570,4.215
946955,520,426,946,243,31,66,20.96,0.9726,0.5571,0.204314,28,24,20,67.25,0.1299,0.1102,0.009507,4.274
946974,520,434,954,243,20,20,28.62,0.9904,0.5478,0.196090,12,18,50,271.44,0.6850,0.0980,0.007410,4.287
946988,520,433,953,228,68,4,36.74,0.9941,0.5517,0.206398,34,14,20,1.63,0.4262,0.0958,0.007047,4.495
946997,520,261,781,223,145,188,345.85,0.5920,0.7071,0.395712,6,72,78,204.75,0.9182,0.2718,0.052233,4.360
947005,520,477,997,195,60,143,346.87,0.7586,0.5094,0.168188,0,1,6,259.05,1.0000,0.0179,0.000349,4.334
947020,520,357,877,231,59,225,329.61,0.9382,0.6164,0.255555,75,2,56,342.20,0.9063,0.1762,0.018250,4.477
947029,520,360,880,243,36,218,334.30,0.9747,0.6180,0.253813,14,49,46,187.37,0.6665,0.1846,0.024871,4.058
947078,520,448,968,207,34,197,330.98,0.9287,0.5398,0.184426,15,1,63,280.37,0.9866,0.0840,0.004821,4.276
947084,520,408,928,208,80,165,343.12,0.7334,0.5668,0.218658,40,22,42,323.31,0.4293,0.1307,0.011921,4.339
947090,520,366,886,250,27,179,346.42,0.9771,0.6058,0.243659,49,34,48,328.66,0.2818,0.1730,0.020105,4.189
947091,520,368,888,194,101,220,318.45,0.7692,0.6063,0.259451,60,30,17,43.57,0.5625,0.1702,0.019298,4.466
947108,520,448,968,243,2,7,28.87,0.9992,0.5428,0.191169,7,9,49,272.48,0.8766,0.0763,0.004623,4.415
947118,520,299,819,231,117,198,339.46,0.7793,0.6727,0.337908,58,52,57,331.30,0.0903,0.2341,0.036510,4.484
947124,520,434,954,200,86,132,357.33,0.6484,0.5480,0.206027,2,21,47,255.26,0.8575,0.0966,0.007544,4.449
947131,520,312,832,236,121,119,22.37,0.7601,0.6592,0.328421,17,61,28,148.61,0.9093,0.2202,0.035404,4.431
947135,520,433,953,226,16,168,344.24,0.9735,0.5507,0.193691,0,15,68,262.93,1.0003,0.1024,0.007589,4.232
947138,520,431,951,231,26,126,359.58,0.9510,0.5456,0.192370,39,1,51,316.49,0.9378,0.1024,0.006921,4.258
947154,520,404,924,251,8,125,2.92,0.9934,0.5805,0.221672,61,9,1,34.14,0.9710,0.1344,0.011898,4.389
947170,520,348,868,245,12,249,327.46,0.9969,0.6338,0.265178,21,48,62,233.22,0.5191,0.1929,0.026210,4.136
947173,520,396,916,237,50,150,353.76,0.9019,0.5809,0.224907,24,31,58,271.18,0.4787,0.1444,0.014796,4.243
947186,520,416,936,248,9,105,8.86,0.9925,0.5686,0.211753,20,20,63,277.70,0.7194,0.1196,0.010079,4.357
947201,520,399,919,227,29,209,332.83,0.9684,0.5807,0.218155,50,13,53,324.66,0.7035,0.1379,0.012231,4.309
947215,520,439,959,203,64,178,335.95,0.7988,0.5458,0.195795,18,22,3,119.07,0.7476,0.0903,0.007090,4.305
947220,520,370,890,211,101,191,334.75,0.7105,0.6145,0.269196,24,47,12,136.42,0.8640,0.1739,0.022537,4.400
947222,520,453,973,219,63,14,35.45,0.9766,0.5287,0.186494,12,7,43,282.38,0.7947,0.0709,0.004045,4.376
947223,520,347,867,240,84,174,348.51,0.8616,0.6297,0.279247,45,46,24,110.69,0.4232,0.1918,0.025778,4.345
947229,520,425,945,242,27,110,7.05,0.9654,0.5631,0.207902,19,27,24,170.15,0.1890,0.1108,0.009882,4.307
947234,520,453,973,214,9,179,337.94,0.9826,0.5321,0.177485,1,17,29,239.42,0.8399,0.0734,0.004960,4.139
947257,520,375,895,223,64,206,332.73,0.8892,0.5958,0.238132,74,1,36,359.35,0.9554,0.1632,0.016052,4.362
947280,520,387,907,255,6,135,0.40,1.0000,0.5917,0.231432,24,26,81,275.37,0.7711,0.1525,0.015270,4.312
947292,520,457,977,184,61,206,321.15,0.8356,0.5290,0.179853,5,7,31,273.37,0.7303,0.0555,0.002831,4.351
947294,520,474,994,175,52,229,312.72,0.9057,0.5237,0.172280,7,2,7,327.13,0.4990,0.0317,0.001039,4.355
947308,520,382,902,253,31,155,354.41,0.9834,0.6025,0.242327,39,30,57,298.16,0.4265,0.1561,0.016553,4.392
947315,520,471,991,156,63,247,301.87,0.9480,0.5235,0.173388,15,1,17,323.91,0.7924,0.0426,0.001638,4.326
947317,520,429,949,198,49,216,323.10,0.9059,0.5475,0.191618,8,14,63,269.80,0.9029,0.0998,0.007245,4.221
947333,520,479,999,209,51,99,8.11,0.8317,0.5096,0.168261,0,0,6,264.05,1.0000,0.0126,0.000131,4.354
947344,520,398,918,237,9,179,343.38,0.9907,0.5759,0.214575,61,9,10,24.73,0.8584,0.1359,0.012096,4.261
947356,520,412,932,250,32,51,24.89,0.9796,0.5701,0.215997,28,17,56,292.31,0.6602,0.1153,0.009333,4.483
947363,520,369,889,211,78,237,320.66,0.9092,0.6109,0.254137,45,34,58,304.64,0.3705,0.1734,0.020075,4.340
947365,520,469,989,144,86,226,299.07,0.8040,0.5219,0.180761,12,5,6,7.83,0.2911,0.0446,0.001999,4.438
947397,520,415,935,225,71,127,2.35,0.7992,0.5698,0.220489,55,11,0,38.45,1.0000,0.1242,0.010517,4.470
947408,520,473,993,223,15,100,6.89,0.9727,0.5166,0.169525,7,3,6,334.39,0.3314,0.0342,0.001234,4.285
947415,520,365,885,224,48,240,324.24,0.9612,0.6066,0.242546,31,41,49,242.63,0.2115,0.1721,0.020989,4.121
947418,520,291,811,240,119,174,353.27,0.7891,0.6792,0.347774,39,64,30,137.91,0.6487,0.2431,0.041918,4.328
947448,520,348,868,230,75,228,328.44,0.9164,0.6314,0.274589,14,54,3,139.75,0.9877,0.1912,0.027382,4.195
947472,520,398,918,227,7,215,331.29,0.9946,0.5782,0.213916,49,18,41,338.25,0.5585,0.1364,0.012458,4.226
947483,520,463,983,186,54,216,319.34,0.8811,0.5324,0.180366,17,7,5,35.43,0.3694,0.0544,0.002821,4.361
947495,520,434,954,216,72,106,10.14,0.7731,0.5480,0.202766,36,7,49,313.20,0.7706,0.1045,0.007488,4.397
947501,520,361,881,211,99,207,328.81,0.7647,0.6199,0.272792,51,42,3,95.59,0.9024,0.1845,0.023664,4.382
947507,520,330,850,252,86,132,7.43,0.9548,0.6377,0.290203,45,48,58,272.13,0.1468,0.2095,0.029773,4.265
947524,520,398,918,252,39,71,20.94,0.9836,0.5808,0.226051,35,15,78,290.72,0.8156,0.1408,0.012490,4.418
947548,520,425,945,192,75,206,323.28,0.8011,0.5577,0.206962,34,15,41,316.28,0.5552,0.1081,0.008419,4.399
947579,520,329,849,244,75,226,332.61,0.9480,0.6530,0.297590,66,41,24,54.31,0.4799,0.2065,0.028102,4.450
947583,520,418,938,247,31,59,22.93,0.9772,0.5644,0.210734,14,28,49,258.29,0.5277,0.1231,0.011456,4.243
947604,520,449,969,232,44,79,17.58,0.9297,0.5447,0.195247,1,16,31,246.14,0.8375,0.0721,0.004759,4.479
947613,520,426,946,210,60,195,332.40,0.8544,0.5635,0.208754,19,17,61,278.94,0.7506,0.1110,0.008762,4.403
947622,520,449,969,186,12,252,312.07,0.9927,0.5386,0.177315,28,5,7,16.56,0.6481,0.0662,0.003708,4.232
947629,520,345,865,233,83,193,339.91,0.8491,0.6257,0.273629,85,11,30,12.51,0.8424,0.1945,0.022647,4.455
947630,520,420,940,222,24,188,337.38,0.9617,0.5568,0.198161,22,27,26,182.18,0.1022,0.1142,0.010290,4.116
947631,520,408,928,224,19,205,333.15,0.9796,0.5691,0.207232,17,9,87,274.02,0.9611,0.1266,0.010026,4.285
947635,520,398,918,207,101,104,19.91,0.6227,0.5750,0.235742,3,40,3,142.78,0.9866,0.1384,0.015435,4.367
947645,520,423,943,238,53,43,28.65,0.9478,0.5587,0.209010,28,25,22,67.42,0.0934,0.1134,0.010001,4.317
947655,520,422,942,170,83,241,306.06,0.8892,0.5619,0.210841,20,29,10,129.82,0.5722,0.1136,0.010494,4.312
947657,520,409,929,233,70,41,32.42,0.9325,0.5657,0.218670,8,34,44,226.84,0.6532,0.1340,0.013775,4.213
947671,520,442,962,241,0,59,21.08,1.0000,0.5423,0.190199,15,18,13,132.85,0.1737,0.0794,0.005632,4.318
947676,520,388,908,233,62,164,348.77,0.8659,0.5896,0.234520,24,40,4,130.30,0.9179,0.1501,0.017205,4.234
947677,520,470,990,196,75,117,1.77,0.6846,0.5195,0.180541,5,2,24,285.18,0.8272,0.0388,0.001416,4.484
947682,520,399,919,248,56,1,33.50,0.9992,0.5792,0.227905,22,20,84,275.77,0.8648,0.1426,0.013109,4.404
947690,520,402,922,252,14,105,9.55,0.9897,0.5779,0.220331,52,15,12,27.46,0.6913,0.1263,0.010984,4.433
947713,520,376,896,252,60,72,23.25,0.9813,0.5964,0.243986,22,36,60,260.66,0.4793,0.1575,0.017585,4.350
947714,520,432,952,163,95,207,310.26,0.6964,0.5466,0.204765,26,0,70,289.37,1.0000,0.1020,0.006618,4.500
947739,520,430,950,222,58,112,6.01,0.8368,0.5455,0.197282,41,4,32,339.26,0.7689,0.0969,0.006626,4.367
947740,520,464,984,180,12,243,312.28,0.9904,0.5212,0.164384,1,9,29,258.61,0.8631,0.0549,0.002905,4.052
947741,520,398,918,227,77,111,10.64,0.7947,0.5757,0.227890,30,33,29,137.83,0.0952,0.1398,0.014524,4.307
947744,520,455,975,225,45,69,20.32,0.9239,0.5293,0.183168,21,10,3,59.93,0.5615,0.0649,0.003831,4.331
947748,520,458,978,191,25,232,317.67,0.9718,0.5337,0.175992,4,1,51,271.12,0.9910,0.0612,0.002865,4.275
947770,520,414,934,212,58,209,328.86,0.8889,0.5737,0.216286,20,31,21,147.03,0.3389,0.1223,0.011828,4.307
947773,520,459,979,164,65,234,307.11,0.8866,0.5253,0.176143,9,9,27,280.90,0.5267,0.0603,0.003326,4.241
947781,520,410,930,254,12,41,25.72,0.9961,0.5705,0.214977,13,35,24,160.09,0.5869,0.1308,0.013535,4.171
947794,520,447,967,176,85,200,318.82,0.7252,0.5438,0.198982,5,20,9,151.91,0.6962,0.0764,0.005523,4.484
947822,520,442,962,193,63,196,326.95,0.8177,0.5389,0.188795,18,14,37,289.05,0.5232,0.0845,0.005762,4.282
947827,520,466,986,228,15,45,24.11,0.9884,0.5160,0.170281,16,0,30,306.87,1.0000,0.0499,0.002039,4.233
947831,520,407,927,245,51,22,31.38,0.9803,0.5697,0.218415,19,10,88,275.08,0.9535,0.1305,0.010601,4.429
947839,520,456,976,216,45,123,358.93,0.8592,0.5262,0.179082,14,11,3,93.79,0.5040,0.0591,0.003393,4.290
947871,520,387,907,236,7,209,334.93,0.9952,0.5908,0.225910,39,33,36,346.19,0.1026,0.1524,0.016464,4.151
947873,520,442,962,226,32,140,353.91,0.9259,0.5440,0.190979,29,7,36,317.25,0.6854,0.0847,0.005406,4.349
947883,520,399,919,231,45,182,341.66,0.9208,0.5811,0.222458,7,38,31,175.15,0.7678,0.1400,0.015303,4.172
947895,520,378,898,194,102,201,324.63,0.6899,0.5967,0.251904,35,37,34,134.95,0.0625,0.1580,0.017959,4.442
947899,520,443,963,192,78,169,336.21,0.7068,0.5399,0.195213,37,1,32,334.33,0.8704,0.0850,0.005194,4.443
947921,520,445,965,178,72,212,316.89,0.8101,0.5369,0.188542,8,11,51,272.32,0.8562,0.0824,0.005300,4.314
947929,520,452,972,214,66,66,24.78,0.8492,0.5277,0.185883,18,10,24,309.58,0.4162,0.0689,0.004116,4.359
947932,520,479,999,227,9,58,20.64,0.9917,0.5141,0.168347,1,0,5,292.48,1.0000,0.0142,0.000174,4.352
947933,520,477,997,192,42,181,331.48,0.8604,0.5082,0.162002,5,1,4,334.75,0.5642,0.0245,0.000627,4.187
947934,520,397,917,182,115,143,353.38,0.4175,0.5761,0.241908,4,35,55,241.52,0.8054,0.1420,0.015036,4.488
947936,520,289,809,215,125,236,319.82,0.8414,0.6830,0.351718,27,64,54,173.46,0.5746,0.2424,0.041660,4.383
947949,520,359,879,249,62,168,350.95,0.9448,0.6204,0.264154,9,50,43,179.00,0.8135,0.1848,0.025136,4.181
947952,520,479,999,212,59,5,35.73,0.9903,0.5100,0.171384,0,0,4,264.05,1.0000,0.0106,0.000088,4.420
948000,520,337,857,252,15,240,331.00,0.9960,0.6406,0.273315,89,8,22,19.12,0.9153,0.1990,0.023558,4.395
948034,520,396,916,240,57,124,4.31,0.8911,0.5828,0.229099,42,25,48,316.92,0.4324,0.1432,0.014009,4.360
948062,520,357,877,235,69,209,335.05,0.9075,0.6225,0.265244,23,48,12,137.42,0.8845,0.1766,0.023225,4.305
948065,520,393,913,239,13,190,340.72,0.9889,0.5864,0.223592,34,35,2,111.29,0.9065,0.1438,0.015465,4.179
948074,520,474,994,202,37,177,335.59,0.8875,0.5202,0.170559,9,1,7,334.94,0.6855,0.0310,0.000951,4.329
948086,520,313,833,253,54,243,330.47,0.9927,0.6610,0.299951,18,51,90,254.56,0.7135,0.2191,0.032343,4.250
948104,520,319,839,230,118,123,18.55,0.7073,0.6457,0.312123,57,48,52,349.33,0.1142,0.2202,0.032317,4.399
948105,520,475,995,223,45,9,32.21,0.9887,0.5192,0.175873,12,1,8,339.28,0.7206,0.0348,0.001174,4.414
948117,520,390,910,234,57,170,346.65,0.8869,0.5897,0.233237,50,26,21,32.59,0.4237,0.1459,0.014711,4.377
948120,520,380,900,213,69,226,324.35,0.8973,0.5969,0.238952,42,27,72,295.84,0.6137,0.1643,0.017440,4.285
948139,520,436,956,242,10,58,21.72,0.9937,0.5464,0.194032,39,6,28,343.44,0.7024,0.0943,0.006455,4.323
948145,520,480,1000,190,56,170,334.62,0.7922,0.5105,0.166794,0,0,0,0.00,0.0000,0.0000,0.000000,4.336
948150,520,276,796,238,114,232,329.28,0.9136,0.6951,0.360402,1,73,5,143.20,0.9986,0.2545,0.047823,4.195
948161,520,220,740,217,160,229,320.45,0.6863,0.7469,0.455515,23,82,59,163.39,0.8347,0.3012,0.065322,4.383
948168,520,377,897,236,93,42,38.60,0.9206,0.6015,0.258316,39,39,18,108.57,0.4632,0.1635,0.019261,4.452
948188,520,441,961,189,33,235,316.25,0.9603,0.5368,0.179060,14,24,10,137.16,0.5115,0.0942,0.007685,3.971
948194,520,431,951,190,35,246,314.02,0.9667,0.5486,0.188043,47,4,4,26.45,0.9087,0.0989,0.007000,4.176
948196,520,458,978,223,6,147,350.16,0.9875,0.5322,0.179275,19,9,16,338.30,0.3270,0.0645,0.003712,4.269
948207,520,471,991,217,61,19,34.58,0.9663,0.5227,0.181388,0,6,16,246.21,1.0000,0.0391,0.001677,4.478
948224,520,321,841,231,121,95,34.42,0.7515,0.6462,0.314923,26,58,20,140.59,0.8703,0.2129,0.032961,4.399
948231,520,416,936,254,2,35,26.31,0.9992,0.5679,0.212394,44,22,1,63.01,0.9059,0.1235,0.011116,4.293
948251,520,479,999,216,49,61,22.88,0.9070,0.5130,0.171350,0,1,1,194.77,1.0000,0.0143,0.000239,4.406
948258,520,477,997,172,34,236,310.94,0.9547,0.5116,0.159718,4,0,12,302.69,1.0000,0.0238,0.000524,4.151
948265,520,458,978,177,44,245,310.13,0.9518,0.5337,0.177420,4,2,49,271.31,0.9797,0.0609,0.002910,4.298
948268,520,399,919,228,8,222,329.79,0.9948,0.5849,0.219440,62,10,26,7.11,0.7605,0.1431,0.013160,4.266
948278,520,430,950,186,85,190,326.04,0.7114,0.5523,0.206550,46,3,22,358.25,0.8132,0.1003,0.007040,4.498
948283,520,360,880,254,55,162,353.51,0.9898,0.6215,0.264153,50,42,8,95.65,0.7642,0.1838,0.023516,4.273
948291,520,355,875,229,43,246,324.18,0.9735,0.6160,0.250419,33,41,61,267.19,0.3303,0.1805,0.022461,4.146
948292,520,475,995,230,24,12,29.56,0.9887,0.5211,0.175059,0,1,27,264.17,0.9862,0.0328,0.001008,4.412
948306,520,452,972,161,77,223,307.47,0.8187,0.5276,0.182131,28,8,3,40.13,0.6751,0.0709,0.004272,4.277
948319,520,369,889,238,63,186,342.65,0.8979,0.6099,0.252801,52,24,72,308.58,0.6529,0.1720,0.018513,4.420
948325,520,473,993,178,71,194,322.26,0.7664,0.5232,0.178676,8,3,0,70.54,1.0000,0.0328,0.001168,4.469
948334,520,437,957,245,6,26,27.42,0.9974,0.5488,0.196209,27,13,32,316.73,0.4827,0.0896,0.006252,4.377
948335,520,462,982,232,9,97,9.14,0.9881,0.5330,0.182173,1,3,43,266.28,0.9757,0.0540,0.002460,4.426
948342,520,396,916,249,44,86,16.97,0.9625,0.5806,0.226165,18,32,58,261.83,0.5408,0.1426,0.014671,4.270
948354,520,393,913,235,31,197,338.01,0.9653,0.5889,0.226761,65,2,19,12.57,0.9386,0.1384,0.012145,4.454
948361,520,449,969,207,2,209,327.84,0.9973,0.5372,0.179142,17,5,43,291.74,0.8121,0.0718,0.004021,4.242
948365,520,435,955,247,10,23,27.91,0.9960,0.5537,0.200567,19,22,14,124.58,0.2424,0.0938,0.007440,4.362
948373,520,460,980,220,17,155,347.00,0.9628,0.5328,0.179856,25,6,4,30.57,0.6189,0.0627,0.003457,4.300
948381,520,439,959,190,33,252,312.79,0.9855,0.5526,0.190644,37,8,8,23.23,0.6779,0.0870,0.005846,4.309
948390,520,392,912,240,54,157,352.24,0.9022,0.5925,0.236009,5,23,91,265.18,0.9448,0.1468,0.014003,4.469
948409,520,434,954,200,18,242,317.98,0.9870,0.5541,0.191243,22,12,51,289.75,0.7193,0.0957,0.006725,4.253
948411,520,439,959,214,65,152,348.80,0.7922,0.5531,0.203459,10,22,10,144.26,0.5353,0.0857,0.006602,4.478
948433,520,470,990,184,54,207,321.12,0.8599,0.5227,0.173349,5,5,20,280.16,0.5752,0.0438,0.001913,4.302
948440,520,418,938,241,11,115,4.59,0.9877,0.5574,0.201812,31,28,12,98.93,0.4461,0.1222,0.011484,4.096
948442,520,282,802,249,95,236,331.22,0.9723,0.6885,0.343830,38,43,131,273.51,0.8359,0.2494,0.037783,4.486
948463,520,465,985,222,43,38,28.04,0.9498,0.5173,0.174000,24,0,5,7.04,1.0000,0.0484,0.002052,4.303
948468,520,397,917,170,98,231,306.57,0.8020,0.5770,0.230515,6,37,38,198.12,0.7466,0.1393,0.015017,4.314
948484,520,455,975,184,69,199,322.90,0.7927,0.5333,0.185714,29,0,4,14.46,1.0000,0.0567,0.002700,4.473
948487,520,426,946,244,18,84,15.17,0.9847,0.5573,0.203092,24,24,18,107.36,0.1583,0.1052,0.008911,4.296
948494,520,444,964,206,28,200,329.89,0.9469,0.5370,0.181244,3,12,54,265.88,0.9225,0.0837,0.005486,4.168
948499,520,480,1000,160,81,199,312.97,0.7228,0.5145,0.174826,0,0,0,0.00,0.0000,0.0000,0.000000,4.497
948500,520,410,930,251,3,91,13.38,0.9979,0.5701,0.213334,19,32,27,168.57,0.3010,0.1265,0.012506,4.213
948528,520,467,987,191,62,166,336.52,0.7664,0.5164,0.172764,12,3,10,334.04,0.5100,0.0410,0.001652,4.313
948536,520,290,810,230,117,209,334.72,0.8065,0.6764,0.341511,8,63,79,223.07,0.8579,0.2442,0.041709,4.269
948544,520,335,855,244,50,235,330.31,0.9697,0.6381,0.275152,8,21,136,265.95,0.9813,0.2034,0.023653,4.415
948551,520,442,962,236,31,3,30.69,0.9973,0.5370,0.188226,28,9,23,338.08,0.5110,0.0792,0.005041,4.328
948555,520,409,929,204,50,227,321.99,0.9271,0.5660,0.206663,27,1,90,282.01,0.9927,0.1295,0.009929,4.283
948582,520,465,985,197,9,204,326.45,0.9848,0.5174,0.164270,23,1,7,2.05,0.8140,0.0498,0.002192,4.105
948600,520,357,877,251,31,208,338.65,0.9810,0.6244,0.260465,84,3,25,14.06,0.9486,0.1841,0.020205,4.422
948609,520,431,951,230,46,115,4.77,0.8960,0.5516,0.200177,3,17,62,264.25,0.9182,0.1016,0.007680,4.337
948614,520,387,907,230,47,191,338.74,0.9225,0.5855,0.226202,56,14,46,338.40,0.6781,0.1453,0.013522,4.348
948622,520,474,994,206,71,66,26.01,0.8087,0.5189,0.180238,6,3,10,306.72,0.4461,0.0347,0.001258,4.492
948652,520,298,818,254,80,210,339.69,0.9926,0.6659,0.314644,85,36,37,20.65,0.5577,0.2311,0.033269,4.379
948659,520,465,985,217,63,1,36.63,0.9981,0.5243,0.183115,17,7,5,35.43,0.3694,0.0544,0.002821,4.413
948681,520,426,946,221,9,198,334.28,0.9891,0.5568,0.196471,21,11,72,280.43,0.8868,0.1142,0.008666,4.201
948699,520,419,939,181,67,240,311.26,0.9127,0.5564,0.201303,0,29,29,194.77,1.0000,0.1071,0.009674,4.211
948717,520,451,971,209,45,174,338.59,0.8684,0.5367,0.184902,15,7,37,290.92,0.7093,0.0686,0.003871,4.360
948718,520,469,989,229,30,17,29.63,0.9826,0.5221,0.176300,5,5,2,108.21,0.3529,0.0360,0.001452,4.398
948736,520,188,708,252,156,237,332.72,0.9795,0.7856,0.505889,82,79,7,106.97,0.9266,0.3274,0.074012,4.483
948758,520,446,966,239,13,76,16.80,0.9889,0.5438,0.191637,11,7,50,278.27,0.8693,0.0766,0.004534,4.431
948761,520,412,932,207,35,242,319.58,0.9698,0.5725,0.208800,32,23,37,313.17,0.3062,0.1196,0.010535,4.275
948764,520,430,950,226,9,161,346.34,0.9845,0.5454,0.189400,23,12,49,292.41,0.6979,0.0951,0.006669,4.225
948782,520,261,781,240,114,250,324.62,0.9740,0.7080,0.374642,53,70,8,124.53,0.9195,0.2707,0.051547,4.182
948795,520,385,905,231,58,189,339.83,0.8963,0.5947,0.236918,54,2,79,310.37,0.9530,0.1544,0.013923,4.488
948819,520,464,984,216,61,3,36.07,0.9945,0.5201,0.179455,16,2,28,307.31,0.8088,0.0529,0.002374,4.381
948877,520,173,693,213,195,166,79.74,0.3159,0.7959,0.559301,17,96,25,144.14,0.9814,0.3395,0.085547,4.495
948929,520,39,559,205,253,227,161.34,0.8069,0.9460,0.887745,20,129,30,143.73,0.9880,0.4512,0.159423,4.478
948932,520,454,974,171,69,218,313.04,0.8308,0.5273,0.179770,24,12,7,44.61,0.3935,0.0738,0.004725,4.199
948933,520,409,929,202,72,205,326.90,0.8245,0.5691,0.216007,21,35,12,134.46,0.6600,0.1331,0.013880,4.164
948953,520,478,998,137,94,202,299.68,0.6701,0.5094,0.175882,1,0,17,274.34,1.0000,0.0228,0.000469,4.476
948957,520,468,988,182,84,136,349.27,0.5984,0.5170,0.180647,2,6,22,264.18,0.7161,0.0445,0.002011,4.435
948958,520,459,979,233,22,0,30.23,1.0000,0.5263,0.179006,18,7,22,316.78,0.4974,0.0620,0.003385,4.290
948961,520,407,927,250,5,113,6.52,0.9959,0.5742,0.216284,9,34,40,216.11,0.6079,0.1323,0.013553,4.190
948989,520,449,969,224,46,108,6.39,0.8837,0.5376,0.188867,5,13,37,265.61,0.7108,0.0722,0.004537,4.380
949000,520,454,974,197,61,174,335.47,0.7918,0.5301,0.182655,13,11,31,285.54,0.5204,0.0700,0.004238,4.289
949008,520,391,911,218,88,155,351.14,0.7228,0.5899,0.242536,1,44,2,143.02,0.9964,0.1513,0.018121,4.294
949016,520,468,988,211,68,31,34.95,0.9239,0.5201,0.180844,8,4,0,82.32,1.0000,0.0356,0.001385,4.492
949026,520,442,962,240,13,55,22.41,0.9916,0.5424,0.190923,7,20,4,138.65,0.8216,0.0766,0.005542,4.338
949031,520,412,932,227,26,200,335.24,0.9685,0.5739,0.212423,2,18,81,264.40,0.9559,0.1241,0.010395,4.345
949039,520,401,921,221,0,232,325.74,1.0000,0.5780,0.212005,30,22,72,285.01,0.7111,0.1411,0.013177,4.147
949041,520,384,904,236,54,170,346.97,0.8997,0.5909,0.233763,20,42,1,133.50,0.9873,0.1533,0.018068,4.169
949053,520,311,831,249,81,215,337.03,0.9625,0.6613,0.309338,94,21,28,20.18,0.8039,0.2237,0.030003,4.492
949058,520,418,938,240,50,62,23.90,0.9435,0.5625,0.211575,25,24,47,284.19,0.4315,0.1203,0.010652,4.313
949072,520,378,898,231,31,223,330.22,0.9754,0.5977,0.232991,18,5,114,271.00,0.9912,0.1598,0.014519,4.386
949080,520,471,991,210,33,145,348.47,0.8911,0.5156,0.168359,10,5,2,63.80,0.4363,0.0411,0.001775,4.217
949082,520,336,856,235,70,233,328.49,0.9371,0.6377,0.279281,21,52,47,181.75,0.5452,0.1980,0.028205,4.210
949087,520,400,920,206,49,242,319.00,0.9496,0.5796,0.217309,53,19,20,20.32,0.5714,0.1368,0.012732,4.261
949090,520,479,999,172,67,198,319.05,0.7852,0.5117,0.168632,0,0,2,264.05,1.0000,0.0079,0.000044,4.369
949116,520,390,910,227,78,149,354.58,0.7878,0.5897,0.239521,14,29,76,266.47,0.8014,0.1477,0.014938,4.458
949117,520,419,939,240,50,8,32.48,0.9927,0.5581,0.208273,40,20,3,60.32,0.7644,0.1132,0.009581,4.335
949120,520,459,979,104,102,247,278.44,0.9295,0.5282,0.191606,3,15,17,207.49,0.5673,0.0639,0.004015,4.473
949133,520,386,906,182,82,253,307.66,0.9806,0.5859,0.230723,56,7,62,323.07,0.8103,0.1481,0.013406,4.427
949135,520,395,915,238,70,104,13.44,0.8708,0.5859,0.235600,2,34,52,237.96,0.8783,0.1361,0.014048,4.459
949142,520,332,852,254,58,198,342.53,0.9926,0.6402,0.281775,66,30,67,326.30,0.5596,0.2004,0.024922,4.428
949164,520,392,912,232,30,203,335.64,0.9674,0.5865,0.223988,66,4,47,344.28,0.8360,0.1542,0.014505,4.248
949166,520,402,922,245,46,94,14.27,0.9397,0.5756,0.221780,14,35,26,164.13,0.5325,0.1320,0.013700,4.267
949167,520,259,779,232,143,169,1.26,0.6404,0.7083,0.396673,49,69,34,133.03,0.5693,0.2676,0.050246,4.456
949186,520,422,942,223,27,183,339.11,0.9531,0.5570,0.198932,16,7,78,275.41,0.9574,0.1120,0.008121,4.283
949190,520,458,978,208,30,184,335.02,0.9276,0.5313,0.178012,17,9,5,52.83,0.3462,0.0587,0.003255,4.281
949196,520,418,938,204,31,238,319.76,0.9712,0.5625,0.199920,23,24,47,280.20,0.4408,0.1184,0.010406,4.137
949197,520,477,997,166,9,253,306.12,0.9940,0.5084,0.153949,0,0,14,264.05,1.0000,0.0188,0.000317,4.053
949199,520,441,961,220,18,176,340.38,0.9673,0.5441,0.187853,4,3,70,268.00,0.9892,0.0882,0.005331,4.299
949240,520,280,800,247,133,16,56.33,0.9837,0.6850,0.365895,66,59,16,99.95,0.7360,0.2525,0.043237,4.461
949241,520,291,811,187,148,220,308.64,0.5828,0.6843,0.369124,31,67,4,135.65,0.9827,0.2443,0.043143,4.500
949247,520,442,962,168,74,233,307.97,0.8671,0.5409,0.191063,20,17,7,93.77,0.3839,0.0802,0.005650,4.332
949248,520,372,892,230,35,244,324.97,0.9803,0.6121,0.245591,16,30,93,267.96,0.8766,0.1682,0.018289,4.329
949261,520,457,977,213,63,81,18.36,0.8261,0.5252,0.182976,13,9,21,298.70,0.3773,0.0604,0.003351,4.367
949262,520,374,894,245,3,197,340.08,0.9980,0.5997,0.235119,56,14,72,314.85,0.7727,0.1636,0.016228,4.305
949270,520,430,950,163,75,246,303.38,0.9298,0.5461,0.194730,13,7,71,274.55,0.9516,0.1012,0.006924,4.299
949282,520,426,946,251,19,10,29.34,0.9938,0.5641,0.210006,15,17,65,274.15,0.8261,0.1118,0.008841,4.419
949284,520,362,882,212,94,200,331.58,0.7641,0.6103,0.261744,4,28,110,264.43,0.9549,0.1789,0.019820,4.465
949294,520,472,992,213,62,53,27.94,0.8818,0.5191,0.178508,3,3,7,283.48,0.3250,0.0300,0.000998,4.481
949322,520,464,984,216,63,35,32.57,0.9262,0.5241,0.182778,12,7,16,309.90,0.3443,0.0529,0.002675,4.419
949329,520,382,902,252,66,43,30.74,0.9853,0.5985,0.247699,21,37,66,261.43,0.5496,0.1638,0.018758,4.330
949364,520,358,878,238,58,208,335.95,0.9313,0.6174,0.257600,49,16,102,293.05,0.8684,0.1849,0.019829,4.405
949366,520,386,906,224,4,234,325.99,0.9978,0.5854,0.218769,33,34,35,247.92,0.0244,0.1479,0.015887,4.079
949369,520,397,917,214,92,138,359.02,0.6785,0.5825,0.237875,6,39,10,145.41,0.9565,0.1374,0.015116,4.421
949370,520,321,841,229,125,63,49.03,0.8122,0.6456,0.316865,13,59,21,146.23,0.9505,0.2105,0.032675,4.437
949375,520,456,976,229,35,55,23.34,0.9596,0.5284,0.181389,8,13,3,127.66,0.5891,0.0585,0.003460,4.328
949378,520,448,968,241,5,60,21.00,0.9966,0.5435,0.191389,8,19,8,144.24,0.5437,0.0754,0.005349,4.361
949386,520,424,944,181,87,208,318.14,0.7494,0.5591,0.211952,54,2,15,12.27,0.9152,0.1132,0.008623,4.468
949392,520,344,864,245,31,237,330.12,0.9863,0.6312,0.265097,44,25,104,286.57,0.8142,0.1934,0.022302,4.358
949396,520,452,972,218,68,25,35.47,0.9496,0.5331,0.191124,8,9,41,275.35,0.7753,0.0698,0.004071,4.459
949397,520,402,922,243,57,82,19.34,0.9281,0.5778,0.225934,7,33,34,198.70,0.6589,0.1254,0.012483,4.416
949428,520,478,998,222,36,6,31.24,0.9928,0.5104,0.168073,0,0,16,264.05,1.0000,0.0204,0.000374,4.329
949434,520,341,861,251,78,139,3.28,0.9472,0.6288,0.278254,84,11,51,352.90,0.7980,0.2001,0.023635,4.458
949437,520,419,939,177,69,252,307.26,0.9767,0.5627,0.206324,10,24,43,256.49,0.5551,0.1061,0.008922,4.350
949462,520,472,992,214,1,168,341.22,0.9976,0.5241,0.171473,0,6,1,149.05,1.0000,0.0329,0.001324,4.315
949478,520,414,934,218,28,217,328.52,0.9688,0.5696,0.207479,7,33,27,175.40,0.7010,0.1225,0.012120,4.145
949484,520,440,960,187,77,206,321.49,0.7873,0.5527,0.203300,24,17,15,36.51,0.1743,0.0868,0.006296,4.499
949491,520,366,886,241,69,153,355.07,0.8767,0.6062,0.252599,57,32,5,63.82,0.7913,0.1679,0.019140,4.377
949509,520,366,886,252,36,182,346.16,0.9784,0.6149,0.253380,68,11,59,335.34,0.7703,0.1722,0.017842,4.472
949510,520,266,786,242,113,250,325.24,0.9754,0.7094,0.375918,49,67,22,127.99,0.7354,0.2593,0.047251,4.380
949512,520,386,906,250,46,128,3.53,0.9571,0.5950,0.238400,57,20,24,15.75,0.5770,0.1470,0.014362,4.481
949519,520,315,835,254,97,145,4.63,0.9796,0.6591,0.316678,28,48,99,265.39,0.6794,0.2235,0.032615,4.438
949526,520,440,960,183,48,247,311.33,0.9588,0.5474,0.188976,30,17,4,66.68,0.6342,0.0919,0.006857,4.203
949528,520,469,989,233,12,32,26.58,0.9930,0.5247,0.176940,15,1,17,323.91,0.7924,0.0426,0.001638,4.395
949537,520,431,951,234,44,88,14.81,0.9267,0.5507,0.200014,24,22,9,100.66,0.4176,0.0977,0.007877,4.320
949570,520,387,907,251,4,146,356.21,0.9967,0.5873,0.226749,26,31,61,274.44,0.4989,0.1482,0.015365,4.234
949574,520,384,904,255,42,68,22.17,1.0000,0.5883,0.233371,24,15,99,275.66,0.9393,0.1543,0.014366,4.402
949583,520,318,838,253,75,208,339.89,0.9857,0.6582,0.304720,36,31,128,275.52,0.8971,0.2227,0.029134,4.483
949599,520,478,998,221,33,48,24.51,0.9599,0.5095,0.166760,1,2,2,196.09,0.2306,0.0214,0.000543,4.289
949604,520,382,902,233,2,228,329.53,0.9990,0.5967,0.229711,50,9,82,304.18,0.8652,0.1580,0.014827,4.315
949614,520,384,904,243,52,135,0.38,0.9102,0.5881,0.232631,1,41,42,197.35,0.9627,0.1519,0.017594,4.181
949621,520,339,859,218,86,245,320.41,0.9436,0.6360,0.281553,73,34,9,49.64,0.7652,0.2001,0.025805,4.374
949627,520,478,998,178,25,234,313.45,0.9702,0.5145,0.161018,0,2,11,258.21,1.0000,0.0247,0.000676,4.164
949633,520,463,983,190,69,175,332.99,0.7514,0.5281,0.183000,0,12,16,215.20,1.0000,0.0535,0.003003,4.396
949639,520,403,923,222,51,197,335.00,0.9053,0.5776,0.219308,56,0,48,335.32,1.0000,0.1301,0.010543,4.448
949669,520,381,901,242,57,160,351.84,0.9016,0.5999,0.243446,63,22,2,44.72,0.9037,0.1576,0.016351,4.423
949670,520,469,989,183,2,240,313.90,0.9983,0.5210,0.164031,15,0,16,326.42,1.0000,0.0395,0.001390,4.165
949674,520,469,989,215,57,58,25.31,0.8896,0.5183,0.176813,9,0,28,295.63,1.0000,0.0408,0.001419,4.411
949678,520,380,900,242,46,171,347.66,0.9320,0.5967,0.237746,35,11,97,284.70,0.9232,0.1573,0.014597,4.454
949680,520,365,885,233,20,247,325.12,0.9922,0.6137,0.245418,24,37,73,266.90,0.5840,0.1711,0.019983,4.221
949681,520,434,954,231,65,23,34.23,0.9677,0.5549,0.208343,37,11,35,330.49,0.6060,0.1023,0.007541,4.490
949689,520,416,936,227,0,209,332.82,1.0000,0.5730,0.209368,4,34,12,149.30,0.9488,0.1200,0.011964,4.186
949693,520,448,968,237,24,41,25.81,0.9834,0.5380,0.188211,8,19,26,237.31,0.3947,0.0818,0.005919,4.260
949706,520,459,979,188,8,240,315.25,0.9935,0.5304,0.171576,21,7,15,345.28,0.4372,0.0626,0.003459,4.145
949707,520,371,891,221,71,228,326.03,0.9090,0.6129,0.254821,2,47,29,161.07,0.9743,0.1674,0.021345,4.272
949713,520,388,908,227,49,209,332.87,0.9324,0.5921,0.231334,6,14,103,266.55,0.9787,0.1480,0.013320,4.443
949718,520,454,974,133,95,238,291.16,0.8465,0.5344,0.193439,7,17,16,188.05,0.3356,0.0717,0.004835,4.440
949726,520,381,901,243,37,179,345.13,0.9551,0.5971,0.236356,19,37,55,249.72,0.4745,0.1551,0.017374,4.250
949729,520,401,921,238,40,156,351.40,0.9313,0.5786,0.220980,11,12,95,269.24,0.9721,0.1370,0.011602,4.399
949734,520,438,958,236,46,5,32.23,0.9951,0.5467,0.198010,20,10,50,288.63,0.7530,0.0895,0.005961,4.432
949742,520,375,895,244,62,135,1.53,0.9028,0.5984,0.244308,35,17,93,284.77,0.8652,0.1599,0.015485,4.494
949746,520,455,975,200,64,148,346.53,0.7578,0.5252,0.180861,10,13,13,196.66,0.0888,0.0630,0.003814,4.290
949749,520,454,974,204,47,169,338.93,0.8457,0.5265,0.177369,25,2,39,309.92,0.8627,0.0726,0.003966,4.213
949750,520,454,974,113,95,252,282.32,0.9705,0.5271,0.187229,8,10,41,274.45,0.7559,0.0716,0.004288,4.370
949758,520,38,558,253,244,153,103.41,0.9632,0.9470,0.878847,79,122,37,132.37,0.8671,0.4549,0.157146,4.484
949766,520,474,994,162,89,176,320.99,0.6105,0.5155,0.179615,5,1,22,289.23,0.8816,0.0347,0.001119,4.492
949776,520,474,994,155,76,219,306.24,0.8052,0.5151,0.172524,6,3,7,319.10,0.3435,0.0335,0.001192,4.347
949779,520,432,952,201,63,191,331.01,0.8206,0.5489,0.197358,24,21,32,296.92,0.2495,0.1032,0.008348,4.239
949839,520,404,924,250,0,136,359.09,1.0000,0.5808,0.221051,5,19,79,265.85,0.9394,0.1252,0.010624,4.471
949840,520,331,851,227,73,247,322.87,0.9642,0.6369,0.278135,42,45,69,278.02,0.3279,0.2044,0.027986,4.208
949843,520,430,950,232,1,150,351.08,0.9984,0.5504,0.193824,40,10,31,340.99,0.6236,0.1035,0.007672,4.228
949844,520,399,919,237,74,86,20.77,0.8803,0.5845,0.235770,33,29,53,290.37,0.3995,0.1444,0.014591,4.424
949857,520,475,995,229,24,26,28.07,0.9832,0.5197,0.173889,0,3,7,239.77,1.0000,0.0262,0.000805,4.407
949859,520,478,998,223,26,29,27.72,0.9784,0.5080,0.165183,3,0,8,305.48,1.0000,0.0200,0.000369,4.272
949877,520,446,966,174,71,230,310.98,0.8635,0.5432,0.192192,17,7,45,288.97,0.7809,0.0772,0.004606,4.435
949891,520,355,875,228,103,128,9.84,0.7232,0.6191,0.277554,19,51,15,141.50,0.9093,0.1847,0.025405,4.344
949903,520,429,949,179,59,244,310.22,0.9380,0.5485,0.192442,17,15,53,279.94,0.7161,0.0981,0.007178,4.240
949905,520,354,874,237,66,198,338.77,0.9031,0.6171,0.259809,79,8,23,15.96,0.8773,0.1768,0.018981,4.491
949921,520,432,952,244,8,34,26.40,0.9963,0.5476,0.195258,3,16,66,264.95,0.9342,0.1038,0.007832,4.241
949932,520,454,974,223,3,133,354.85,0.9934,0.5254,0.174493,32,3,19,349.18,0.7456,0.0731,0.004193,4.142
949933,520,413,933,238,26,160,349.62,0.9631,0.5734,0.214570,45,0,66,311.13,1.0000,0.1246,0.009513,4.446
949936,520,446,966,180,35,251,310.08,0.9804,0.5376,0.178714,0,7,63,263.99,1.0038,0.0832,0.005108,4.150
949937,520,409,929,249,25,56,23.29,0.9846,0.5655,0.211242,31,20,62,291.33,0.6563,0.1294,0.011394,4.255
949957,520,418,938,145,113,204,298.55,0.5993,0.5569,0.221898,35,26,6,85.35,0.6519,0.1208,0.011093,4.451
949962,520,401,921,176,83,253,305.60,0.9794,0.5792,0.225091,15,2,103,270.97,0.9957,0.1390,0.011242,4.492
949972,520,473,993,230,4,46,23.54,0.9970,0.5177,0.171101,0,2,20,262.78,1.0002,0.0303,0.000939,4.341
949985,520,473,993,221,18,119,359.77,0.9596,0.5197,0.171393,5,0,16,300.12,1.0000,0.0276,0.000697,4.367
950007,520,432,952,222,29,167,343.82,0.9372,0.5474,0.192009,14,21,44,269.15,0.5286,0.1017,0.008115,4.164
950017,520,439,959,214,28,195,333.39,0.9498,0.5481,0.190689,36,11,18,4.40,0.5330,0.0929,0.006581,4.254
950052,520,460,980,216,8,169,341.46,0.9831,0.5300,0.176395,13,12,7,98.62,0.2139,0.0615,0.003639,4.221
950071,520,362,882,217,57,245,321.07,0.9568,0.6054,0.242724,64,24,58,333.56,0.5993,0.1813,0.020489,4.153
950089,520,37,557,249,234,250,323.91,0.7728,0.9459,0.858879,43,118,135,215.57,0.6877,0.4521,0.152191,4.495
950098,520,426,946,245,29,56,23.37,0.9789,0.5588,0.205802,45,5,35,339.75,0.7628,0.1074,0.007879,4.420
950105,520,388,908,243,19,181,344.22,0.9827,0.5908,0.228597,52,21,55,323.99,0.5934,0.1547,0.015423,4.258
950122,520,390,910,250,10,147,355.80,0.9916,0.5869,0.226512,38,32,45,305.66,0.2336,0.1528,0.016346,4.168
950129,520,431,951,228,1,171,343.64,0.9985,0.5528,0.194587,29,11,47,303.71,0.6898,0.0989,0.007058,4.287
950141,520,476,996,196,74,79,21.07,0.7279,0.5072,0.171997,1,1,5,279.71,0.6028,0.0191,0.000391,4.405
950143,520,432,952,241,10,68,19.12,0.9927,0.5458,0.193386,38,14,0,54.21,1.0000,0.0971,0.007262,4.250
950147,520,357,877,236,55,223,331.39,0.9480,0.6205,0.258955,40,38,55,289.60,0.2600,0.1758,0.021132,4.343
950155,520,324,844,234,78,244,325.34,0.9557,0.6509,0.294751,69,35,49,354.72,0.4264,0.2056,0.026892,4.484
950169,520,450,970,214,46,171,340.93,0.8719,0.5449,0.191926,4,18,19,200.99,0.5500,0.0733,0.005054,4.394
950192,520,346,866,241,37,246,327.10,0.9835,0.6330,0.266804,27,49,26,143.21,0.5898,0.1852,0.025042,4.222
950205,520,397,917,247,36,117,6.02,0.9543,0.5796,0.223237,37,34,5,103.55,0.7781,0.1448,0.015483,4.173
950217,520,425,945,211,64,177,338.63,0.8144,0.5590,0.206920,42,12,38,333.00,0.6252,0.1135,0.008952,4.358
950225,520,375,895,221,79,182,340.28,0.8012,0.5955,0.243437,48,28,43,336.31,0.3583,0.1555,0.016334,4.424
950234,520,421,941,154,98,230,300.39,0.7905,0.5568,0.213188,35,21,10,58.32,0.4595,0.1093,0.009156,4.449
950235,520,398,918,243,41,140,357.85,0.9356,0.5823,0.225372,11,39,13,144.81,0.8985,0.1401,0.015512,4.203
950242,520,341,861,234,76,220,331.70,0.9094,0.6342,0.278310,69,36,17,49.09,0.6184,0.1985,0.025676,4.338
950264,520,327,847,232,98,200,337.87,0.8321,0.6468,0.300636,77,36,10,49.36,0.7659,0.2115,0.028617,4.460
950283,520,350,870,202,115,197,329.18,0.6408,0.6276,0.288506,12,55,7,141.57,0.9754,0.1944,0.028258,4.326
950302,520,279,799,246,99,239,329.59,0.9611,0.6905,0.347510,61,59,4,107.37,0.9263,0.2453,0.041288,4.354
950322,520,475,995,152,83,215,305.15,0.7677,0.5185,0.177686,7,3,5,345.02,0.3024,0.0338,0.001213,4.446
950325,520,170,690,252,173,178,15.12,0.8672,0.7959,0.537991,55,91,25,133.65,0.8864,0.3403,0.083644,4.400
950331,520,436,956,185,87,184,327.83,0.6846,0.5503,0.205926,21,19,25,300.45,0.1540,0.0920,0.006954,4.494
950336,520,368,888,241,68,167,349.96,0.8849,0.6110,0.256280,64,13,70,323.30,0.7743,0.1745,0.018202,4.491
950337,520,468,988,199,76,84,19.58,0.7214,0.5166,0.179530,6,1,23,291.59,0.8815,0.0365,0.001223,4.481
950338,520,444,964,192,65,193,327.54,0.8035,0.5375,0.188388,17,8,50,285.58,0.8039,0.0834,0.005231,4.316
950350,520,435,955,245,22,6,29.76,0.9957,0.5522,0.200030,11,16,47,272.25,0.6898,0.0905,0.006469,4.428
950363,520,477,997,196,78,43,36.87,0.8303,0.5071,0.173609,4,0,1,359.68,1.0000,0.0171,0.000280,4.447
950371,520,384,904,250,41,120,5.84,0.9601,0.5893,0.232695,62,19,2,41.62,0.9122,0.1505,0.014944,4.353
950382,520,417,937,189,55,254,311.31,0.9938,0.5678,0.207081,42,19,37,335.65,0.4685,0.1249,0.010916,4.220
950384,520,404,924,203,49,250,316.38,0.9752,0.5811,0.217968,8,37,10,144.58,0.9321,0.1316,0.013966,4.189
950385,520,408,928,235,53,136,358.59,0.8858,0.5740,0.219889,21,6,89,276.86,0.9691,0.1286,0.010109,4.490
950392,520,478,998,149,73,232,301.46,0.8626,0.5137,0.169812,4,1,6,314.84,0.6159,0.0242,0.000607,4.344
950403,520,442,962,233,29,100,9.21,0.9530,0.5427,0.191255,23,16,6,76.87,0.4439,0.0810,0.005659,4.335
950424,520,399,919,202,90,185,333.68,0.7134,0.5812,0.233733,23,35,35,196.11,0.2256,0.1416,0.015055,4.361
950429,520,415,935,240,15,151,352.66,0.9820,0.5697,0.211044,17,14,75,275.30,0.8995,0.1188,0.009412,4.394
950435,520,436,956,204,74,165,341.49,0.7463,0.5524,0.204534,21,13,48,289.21,0.6754,0.0939,0.006607,4.497
950439,520,200,720,225,162,245,317.82,0.8682,0.7676,0.484419,24,88,55,156.54,0.8863,0.3201,0.074492,4.293
950458,520,398,918,211,82,175,340.15,0.7497,0.5793,0.229806,52,15,50,329.83,0.6642,0.1420,0.013021,4.440
950487,520,381,901,242,40,176,345.90,0.9467,0.5953,0.235325,29,38,36,180.19,0.1548,0.1559,0.017748,4.212
950494,520,294,814,231,120,207,335.97,0.7994,0.6817,0.349289,35,62,51,166.33,0.4143,0.2397,0.040415,4.416
950502,520,411,931,247,32,93,13.57,0.9667,0.5711,0.216010,33,6,72,293.98,0.8973,0.1207,0.009215,4.492
950523,520,364,884,250,64,115,9.95,0.9515,0.6055,0.252320,51,23,71,308.51,0.6605,0.1681,0.017716,4.465
950530,520,443,963,232,21,92,11.31,0.9708,0.5352,0.184679,27,10,17,354.80,0.4285,0.0771,0.004906,4.274
950537,520,467,987,199,19,203,327.22,0.9662,0.5230,0.169214,12,3,6,354.46,0.4616,0.0395,0.001564,4.251
950548,520,443,963,219,39,152,348.42,0.8920,0.5398,0.187806,20,15,28,301.43,0.3361,0.0832,0.005742,4.266
950557,520,381,901,241,52,175,346.40,0.9195,0.6009,0.242549,57,7,79,312.16,0.8678,0.1643,0.015864,4.442
950558,520,480,1000,87,96,253,274.14,0.9875,0.5095,0.174831,0,0,0,0.00,0.0000,0.0000,0.000000,4.497
950569,520,421,941,223,22,192,336.47,0.9686,0.5603,0.200700,44,7,40,332.57,0.7337,0.1113,0.008407,4.292
950584,520,288,808,252,123,22,50.26,0.9797,0.6754,0.349225,17,64,61,189.04,0.7350,0.2409,0.041227,4.376
950599,520,479,999,225,20,24,28.02,0.9861,0.5093,0.165767,2,0,1,344.76,1.0000,0.0130,0.000151,4.302
950605,520,354,874,233,84,189,341.33,0.8413,0.6249,0.273409,28,49,7,132.49,0.9144,0.1827,0.024588,4.336
950608,520,422,942,135,100,253,288.98,0.9713,0.5576,0.213569,7,28,29,199.49,0.5798,0.1079,0.009643,4.419
950617,520,433,953,248,0,36,25.94,1.0000,0.5547,0.200875,2,9,72,265.63,0.9742,0.0986,0.006761,4.420
950622,520,476,996,205,18,159,341.98,0.9450,0.5060,0.159170,3,1,7,302.32,0.6483,0.0233,0.000564,4.137
950638,520,404,924,223,6,227,327.39,0.9960,0.5791,0.213666,61,7,15,18.25,0.8471,0.1346,0.011787,4.267
950654,520,198,718,237,159,242,324.69,0.8918,0.7747,0.492131,45,83,75,178.81,0.4409,0.3206,0.072522,4.425
950669,520,341,861,201,106,225,319.21,0.7919,0.6268,0.281631,13,43,98,261.26,0.8503,0.2025,0.026950,4.310
950694,520,413,933,221,16,214,330.08,0.9852,0.5687,0.206001,29,24,46,293.17,0.4085,0.1237,0.011117,4.189
950700,520,404,924,232,68,128,2.79,0.8337,0.5796,0.228514,41,23,38,332.89,0.3756,0.1321,0.012242,4.475
950702,520,467,987,222,2,126,357.06,0.9955,0.5203,0.170821,5,6,8,261.58,0.1266,0.0409,0.001800,4.263
950707,520,465,985,153,91,194,310.10,0.6541,0.5182,0.181500,5,6,30,275.07,0.7424,0.0526,0.002562,4.404
950708,520,477,997,100,91,254,278.66,0.9924,0.5109,0.173467,0,1,15,263.52,1.0011,0.0235,0.000562,4.420
950709,520,433,953,221,74,12,38.34,0.9780,0.5458,0.202989,30,22,5,85.15,0.6323,0.1040,0.008608,4.317
950714,520,373,893,223,24,247,322.69,0.9879,0.5980,0.230588,39,23,79,291.35,0.7196,0.1593,0.016086,4.246
950718,520,315,835,250,49,252,327.74,0.9911,0.6586,0.295518,0,41,126,262.02,1.0000,0.2231,0.030920,4.270
950736,520,465,985,219,53,3,34.19,0.9953,0.5178,0.176155,23,0,5,5.98,1.0000,0.0467,0.001931,4.355
950753,520,312,832,219,112,216,328.35,0.7796,0.6563,0.316080,60,49,1,95.10,0.9742,0.2155,0.031596,4.487
950756,520,397,917,220,94,81,28.32,0.7656,0.5801,0.238175,15,32,63,261.35,0.6382,0.1446,0.014934,4.438
950764,520,23,543,235,251,230,138.21,0.7173,0.9658,0.923693,47,128,84,156.23,0.8204,0.4649,0.166821,4.491
950766,520,330,850,246,47,239,329.83,0.9755,0.6422,0.278607,35,55,4,129.34,0.9528,0.2073,0.030984,4.058
950771,520,442,962,190,60,211,321.72,0.8567,0.5410,0.188834,22,15,11,51.20,0.2266,0.0788,0.005364,4.314
950791,520,422,942,217,85,60,32.71,0.8265,0.5577,0.215773,17,25,31,241.00,0.2346,0.1066,0.009133,4.494
950797,520,360,880,241,43,229,331.09,0.9713,0.6249,0.260884,10,43,76,251.88,0.7625,0.1827,0.023140,4.251
950807,520,411,931,186,66,245,311.78,0.9389,0.5665,0.209291,0,20,79,262.69,1.0001,0.1246,0.010647,4.275
950821,520,420,940,238,55,72,21.75,0.9243,0.5643,0.213806,29,25,0,101.40,1.0000,0.1095,0.009565,4.429
950822,520,380,900,254,34,151,355.97,0.9912,0.6042,0.244528,77,0,21,14.19,1.0000,0.1642,0.016322,4.441
950827,520,327,847,255,44,226,335.02,1.0000,0.6481,0.285556,53,48,25,97.41,0.4365,0.2070,0.029410,4.226
950850,520,476,996,190,30,195,326.79,0.9219,0.5063,0.158174,0,3,1,156.67,1.0000,0.0232,0.000673,4.108
950852,520,410,930,183,81,225,314.57,0.8292,0.5651,0.213894,49,19,24,11.16,0.5072,0.1309,0.011848,4.267
950854,520,431,951,224,30,157,347.58,0.9328,0.5467,0.192128,39,8,26,347.74,0.6476,0.0965,0.006796,4.263
950892,520,324,844,221,98,237,322.92,0.9012,0.6507,0.302237,5,53,74,233.33,0.8688,0.2093,0.030727,4.363
950895,520,401,921,209,72,203,329.65,0.8335,0.5791,0.225037,4,14,94,265.95,0.9753,0.1350,0.011479,4.474
950920,520,373,893,231,42,216,331.98,0.9561,0.5988,0.236052,31,39,21,128.06,0.4105,0.1559,0.017965,4.209
950944,520,453,973,232,34,0,31.24,1.0000,0.5301,0.183030,24,10,11,15.50,0.3678,0.0710,0.004355,4.287
950957,520,466,986,152,88,202,307.77,0.6975,0.5172,0.179196,13,4,16,318.49,0.5350,0.0471,0.002098,4.399
950976,520,372,892,238,29,217,333.38,0.9789,0.6054,0.240684,28,8,113,276.32,0.9763,0.1683,0.016127,4.396
950986,520,467,987,180,90,113,5.26,0.5405,0.5151,0.182092,5,6,2,118.00,0.4246,0.0387,0.001669,4.492
950987,520,470,990,200,69,115,2.35,0.7259,0.5179,0.177753,9,0,24,300.56,1.0000,0.0377,0.001240,4.445
950988,520,424,944,212,46,205,330.05,0.9131,0.5614,0.203608,30,2,66,295.25,0.9536,0.1051,0.007128,4.439
950989,520,435,955,194,56,217,321.47,0.8853,0.5478,0.193089,6,9,64,269.50,0.9495,0.0915,0.006042,4.338
951010,520,459,979,198,78,113,5.07,0.6780,0.5260,0.186486,5,3,50,272.31,0.9669,0.0648,0.003277,4.439
951062,520,248,768,241,153,85,56.56,0.8162,0.7206,0.421415,19,79,9,141.23,0.9846,0.2803,0.057499,4.385
951067,520,463,983,220,2,165,343.62,0.9959,0.5343,0.179782,1,5,29,264.68,0.9063,0.0459,0.002037,4.416
951070,520,445,965,236,21,60,21.34,0.9822,0.5371,0.186987,26,16,5,69.78,0.5306,0.0845,0.006012,4.231
951079,520,384,904,173,94,247,304.66,0.9132,0.5862,0.236056,8,26,83,265.35,0.9042,0.1452,0.014149,4.459
951100,520,402,922,239,48,131,0.73,0.9099,0.5760,0.221064,39,15,64,302.49,0.7345,0.1325,0.011432,4.412
951102,520,14,534,239,252,249,180.72,0.6237,0.9774,0.948107,9,135,60,149.54,0.9927,0.4733,0.177115,4.395
951105,520,410,930,224,83,50,34.48,0.8796,0.5663,0.222667,6,36,35,191.93,0.7429,0.1348,0.014218,4.246
951106,520,443,963,215,40,169,341.69,0.8919,0.5415,0.188315,28,11,10,24.13,0.4336,0.0782,0.005082,4.327
951129,520,396,916,245,39,120,4.90,0.9448,0.5782,0.222229,43,30,21,55.88,0.3102,0.1448,0.014963,4.191
951140,520,440,960,217,47,178,339.46,0.8829,0.5549,0.200014,38,5,18,359.45,0.7178,0.0867,0.005643,4.493
951149,520,371,891,250,41,172,348.88,0.9619,0.6091,0.248918,62,22,41,352.91,0.5720,0.1658,0.017582,4.423
951157,520,461,981,169,82,201,315.96,0.7327,0.5300,0.186875,8,11,5,127.75,0.3246,0.0544,0.003019,4.468
951173,520,450,970,189,50,223,318.62,0.9078,0.5390,0.184291,33,6,0,42.01,1.0000,0.0746,0.004536,4.296
951174,520,407,927,209,72,185,335.50,0.7969,0.5688,0.216947,51,20,11,37.01,0.6334,0.1331,0.012284,4.286
951179,520,367,887,248,4,208,337.86,0.9980,0.6117,0.246005,54,35,18,61.72,0.4902,0.1724,0.020301,4.211
951193,520,468,988,195,75,126,356.84,0.6824,0.5211,0.181424,4,9,0,128.45,1.0000,0.0445,0.002212,4.432
951204,520,412,932,197,59,235,317.75,0.9157,0.5684,0.209978,47,1,52,323.74,0.9312,0.1171,0.008741,4.426
951205,520,411,931,192,74,230,316.75,0.8698,0.5729,0.218184,41,16,44,323.21,0.5795,0.1220,0.010239,4.452
951232,520,296,816,208,125,239,316.23,0.8428,0.6757,0.343103,59,57,14,106.67,0.7527,0.2381,0.038878,4.423
951241,520,335,855,238,96,163,353.78,0.8140,0.6373,0.291899,13,47,85,253.90,0.7591,0.2020,0.027743,4.398
951259,520,415,935,200,74,210,324.74,0.8275,0.5715,0.218316,7,26,54,258.02,0.7293,0.1177,0.010502,4.435
951266,520,360,880,247,19,215,335.90,0.9905,0.6171,0.251493,62,21,62,327.61,0.6524,0.1757,0.019084,4.364
951277,520,284,804,239,105,237,328.15,0.9267,0.6866,0.345706,97,29,68,348.67,0.6783,0.2542,0.038379,4.477
951288,520,449,969,203,23,218,324.39,0.9701,0.5422,0.183730,24,5,21,333.65,0.6123,0.0653,0.003569,4.363
951289,520,464,984,192,13,217,321.71,0.9825,0.5194,0.165056,0,6,30,260.45,1.0000,0.0481,0.002240,4.117
951301,520,444,964,163,83,228,306.41,0.8235,0.5427,0.195750,10,0,68,274.06,1.0000,0.0848,0.004819,4.483
951308,520,470,990,230,20,44,24.70,0.9843,0.5218,0.175082,0,0,35,264.05,1.0000,0.0376,0.001213,4.395
951318,520,385,905,252,2,143,357.30,0.9984,0.5878,0.227256,5,36,55,240.17,0.7807,0.1454,0.015698,4.220
951322,520,385,905,234,47,195,338.53,0.9330,0.5949,0.234683,25,33,59,269.62,0.4585,0.1510,0.016101,4.307
951326,520,455,975,228,37,33,28.23,0.9658,0.5251,0.179299,30,1,14,354.55,0.8386,0.0638,0.003295,4.302
951341,520,426,946,203,43,225,322.36,0.9379,0.5579,0.198622,36,13,50,310.36,0.6748,0.1138,0.008932,4.219
951343,520,258,778,242,136,156,8.65,0.7566,0.7051,0.388883,52,67,55,150.78,0.2304,0.2698,0.050201,4.380
951346,520,452,972,225,54,3,34.07,0.9959,0.5309,0.186553,21,4,33,308.81,0.7537,0.0665,0.003561,4.417
951352,520,461,981,227,38,62,21.67,0.9477,0.5272,0.180678,4,0,43,273.69,1.0000,0.0501,0.002002,4.436
951369,520,348,868,250,57,191,343.67,0.9633,0.6287,0.270150,53,30,82,301.35,0.6347,0.1922,0.022947,4.389
951391,520,374,894,220,55,228,326.02,0.9353,0.5969,0.235515,10,38,67,252.17,0.7232,0.1617,0.018559,4.165
951407,520,476,996,224,15,22,27.96,0.9903,0.5053,0.162498,1,1,4,280.91,0.5250,0.0184,0.000369,4.219
951409,520,464,984,211,62,62,25.05,0.8599,0.5166,0.176443,18,1,23,319.37,0.8325,0.0498,0.002122,4.344
951434,520,401,921,238,13,177,344.22,0.9866,0.5776,0.216423,62,7,31,359.60,0.7898,0.1416,0.012752,4.246
951440,520,352,872,243,99,61,35.70,0.9130,0.6246,0.283184,7,50,63,223.14,0.8161,0.1939,0.026851,4.335
951441,520,480,1000,222,18,54,21.77,0.9811,0.5053,0.162314,0,0,0,0.00,0.0000,0.0000,0.000000,4.246
951442,520,335,855,243,37,255,325.57,1.0000,0.6425,0.276005,83,25,2,39.98,0.9521,0.2023,0.025390,4.324
951469,520,467,987,198,82,48,36.86,0.8076,0.5175,0.182557,13,5,2,52.27,0.5027,0.0442,0.001985,4.474
951473,520,417,937,242,53,70,22.26,0.9364,0.5702,0.218690,45,14,42,331.39,0.6201,0.1239,0.010392,4.449
951476,520,400,920,182,93,226,312.96,0.8021,0.5814,0.232657,48,27,3,66.61,0.8209,0.1416,0.014189,4.404
951483,520,315,835,226,110,200,336.59,0.7720,0.6552,0.314928,39,51,74,262.91,0.3462,0.2211,0.032933,4.400
951499,520,331,851,178,124,239,303.96,0.7932,0.6375,0.301127,34,54,2,129.19,0.9759,0.2030,0.029827,4.399
951508,520,417,937,240,27,136,357.92,0.9605,0.5677,0.210899,10,17,71,269.68,0.9031,0.1150,0.009203,4.407
951515,520,199,719,244,153,240,328.44,0.9376,0.7714,0.483087,1,91,6,143.05,0.9991,0.3178,0.075014,4.264
951524,520,417,937,217,31,213,329.28,0.9603,0.5665,0.205379,26,17,59,288.13,0.6925,0.1157,0.009363,4.302
951526,520,472,992,208,57,124,358.07,0.7955,0.5221,0.177936,2,5,1,135.76,0.7113,0.0323,0.001236,4.449
951528,520,478,998,228,12,14,28.69,0.9934,0.5127,0.167916,1,1,13,274.04,0.8863,0.0237,0.000572,4.309
951547,520,387,907,224,91,103,17.65,0.7515,0.5873,0.243112,35,36,22,111.46,0.3064,0.1514,0.016770,4.390
951551,520,427,947,210,4,238,321.60,0.9974,0.5644,0.199634,8,27,19,164.16,0.5935,0.1017,0.008825,4.244
951555,520,314,834,254,62,227,334.66,0.9951,0.6589,0.300653,41,26,129,278.88,0.9068,0.2204,0.027951,4.498
951559,520,418,938,217,53,170,342.28,0.8550,0.5555,0.202025,32,19,48,302.73,0.5389,0.1177,0.009862,4.210
951560,520,199,719,254,160,181,5.44,0.9469,0.7741,0.495510,46,85,44,142.95,0.6993,0.3182,0.072595,4.450
951562,520,445,965,153,90,226,302.07,0.7930,0.5393,0.195760,27,14,4,60.71,0.5846,0.0812,0.005559,4.423
951570,520,448,968,206,57,165,341.21,0.8111,0.5368,0.187667,37,4,2,30.47,0.8938,0.0787,0.004846,4.333
951584,520,436,956,244,21,29,27.66,0.9893,0.5508,0.198616,24,10,43,299.71,0.6787,0.0881,0.005857,4.451
951588,520,363,883,248,18,204,338.95,0.9897,0.6123,0.247519,21,20,105,272.27,0.9396,0.1667,0.016796,4.454
951602,520,417,937,248,34,47,25.78,0.9774,0.5665,0.213093,22,32,13,131.48,0.5384,0.1249,0.012326,4.221
951615,520,285,805,253,130,50,49.35,0.9783,0.6908,0.370813,16,71,21,144.43,0.9644,0.2529,0.046706,4.351
951617,520,311,831,245,81,227,332.62,0.9514,0.6613,0.308461,71,44,20,60.55,0.5873,0.2207,0.031916,4.376
951629,520,395,915,242,8,190,341.36,0.9938,0.5911,0.227717,26,33,46,262.55,0.2723,0.1437,0.015046,4.270
951630,520,451,971,220,69,25,35.59,0.9513,0.5382,0.195447,27,9,15,359.88,0.4558,0.0746,0.004629,4.493
951631,520,472,992,206,30,178,336.31,0.9190,0.5240,0.172667,2,0,25,275.68,1.0000,0.0306,0.000831,4.381
951634,520,431,951,189,69,207,322.21,0.8186,0.5465,0.195814,36,5,47,315.67,0.7978,0.1001,0.006889,4.321
951665,520,412,932,212,31,236,322.34,0.9732,0.5742,0.210350,22,0,85,279.58,1.0000,0.1168,0.008264,4.468
951678,520,355,875,245,15,231,331.55,0.9944,0.6224,0.255266,60,33,11,57.09,0.6685,0.1759,0.020727,4.316
951680,520,436,956,198,55,210,324.58,0.8785,0.5484,0.193929,4,18,46,260.99,0.7990,0.0897,0.006556,4.313
951688,520,379,899,245,77,16,36.76,0.9844,0.5953,0.247610,62,26,11,42.15,0.6933,0.1645,0.017872,4.385
951692,520,377,897,226,24,237,325.69,0.9858,0.5958,0.229387,32,35,55,276.94,0.3295,0.1598,0.017849,4.118
951693,520,396,916,227,87,47,36.33,0.8906,0.5771,0.233552,7,28,73,262.65,0.8678,0.1392,0.013566,4.461
951699,520,467,987,169,80,187,320.63,0.6994,0.5178,0.177611,16,3,6,2.52,0.5521,0.0443,0.001884,4.387
951711,520,422,942,170,96,205,313.78,0.6898,0.5562,0.213203,25,25,17,107.63,0.2127,0.1086,0.009424,4.429
951713,520,352,872,213,78,240,320.50,0.9230,0.6159,0.258879,53,41,36,43.79,0.1847,0.1910,0.024702,4.135
951717,520,90,610,251,224,31,100.16,0.9867,0.8854,0.739209,8,116,0,142.08,1.0000,0.4043,0.125419,4.499
951727,520,318,838,254,54,236,332.37,0.9959,0.6584,0.297684,61,48,19,85.26,0.5897,0.2161,0.031531,4.264
951730,520,415,935,240,55,61,24.91,0.9363,0.5666,0.215978,34,17,51,304.67,0.6090,0.1186,0.009800,4.448
951735,520,457,977,149,93,210,303.56,0.7111,0.5276,0.188717,13,7,27,295.19,0.5755,0.0596,0.003167,4.490
951736,520,441,961,220,60,100,10.89,0.8333,0.5401,0.193700,14,12,50,279.05,0.7594,0.0875,0.005866,4.362
951745,520,409,929,221,86,69,29.86,0.8149,0.5677,0.224599,32,17,72,289.49,0.7685,0.1344,0.011758,4.446
951765,520,480,1000,152,67,233,302.95,0.8787,0.5106,0.165733,0,0,0,0.00,0.0000,0.0000,0.000000,4.315
951766,520,365,885,225,83,196,336.70,0.8278,0.6141,0.261818,23,46,10,136.10,0.8879,0.1697,0.021580,4.356
951772,520,436,956,199,13,235,319.34,0.9894,0.5454,0.184297,24,15,38,300.19,0.5052,0.0935,0.006758,4.128
951798,520,374,894,180,107,222,311.75,0.7401,0.5988,0.254934,14,35,75,261.77,0.7394,0.1617,0.018033,4.482
951801,520,438,958,229,38,127,359.51,0.9141,0.5483,0.195794,7,19,35,255.65,0.5516,0.0862,0.006322,4.364
951805,520,412,932,220,58,185,338.26,0.8656,0.5732,0.217468,8,31,43,234.36,0.6252,0.1245,0.012060,4.310
951807,520,374,894,237,41,199,338.02,0.9517,0.5988,0.237167,10,44,29,160.97,0.8093,0.1603,0.019545,4.129
951811,520,278,798,245,137,36,56.89,0.9472,0.6903,0.374339,13,69,45,160.08,0.9110,0.2503,0.045311,4.452
951818,520,389,909,226,69,181,341.53,0.8441,0.5922,0.237636,33,34,30,118.36,0.0808,0.1460,0.015611,4.384
951821,520,363,883,237,68,181,344.25,0.8783,0.6104,0.254777,78,8,11,25.14,0.9256,0.1723,0.018178,4.470
951826,520,472,992,167,38,253,305.68,0.9895,0.5222,0.166943,6,0,22,294.92,1.0000,0.0330,0.000966,4.257
951829,520,461,981,222,55,24,32.43,0.9626,0.5267,0.183306,21,2,14,342.60,0.7182,0.0516,0.002346,4.457
951834,520,382,902,247,9,183,344.41,0.9935,0.5971,0.233917,59,4,76,315.99,0.9005,0.1621,0.015386,4.342
951841,520,413,933,217,44,200,332.79,0.9187,0.5656,0.207254,13,9,84,271.88,0.9654,0.1201,0.009210,4.345
951843,520,362,882,249,28,190,343.07,0.9779,0.6098,0.246912,40,0,122,282.40,1.0000,0.1848,0.018562,4.331
951849,520,396,916,253,35,28,28.87,0.9927,0.5759,0.221723,2,19,92,264.53,0.9646,0.1394,0.012513,4.347
951858,520,225,745,249,143,211,342.13,0.9198,0.7474,0.444901,51,81,5,130.30,0.9747,0.3038,0.065995,4.267
951876,520,418,938,197,26,250,315.30,0.9817,0.5587,0.195126,34,27,5,92.02,0.7057,0.1219,0.011349,3.996
951877,520,441,961,174,89,188,321.80,0.6672,0.5397,0.197752,37,6,35,330.50,0.7186,0.0948,0.006450,4.389
951879,520,407,927,226,70,121,4.89,0.8076,0.5685,0.219322,8,23,76,266.14,0.8971,0.1314,0.011861,4.354
951882,520,469,989,207,19,172,338.34,0.9510,0.5176,0.167118,0,7,13,231.02,1.0000,0.0403,0.001810,4.191
951894,520,418,938,222,76,89,19.11,0.8040,0.5597,0.214223,5,20,71,265.24,0.9153,0.1183,0.009874,4.413
951899,520,371,891,227,11,253,322.44,0.9962,0.6058,0.236643,63,26,8,44.47,0.7480,0.1659,0.018132,4.207
951910,520,465,985,188,72,150,342.65,0.6961,0.5154,0.175296,19,4,7,5.80,0.5375,0.0509,0.002406,4.299
951912,520,422,942,201,78,177,336.06,0.7423,0.5587,0.210423,32,21,14,53.59,0.3148,0.1060,0.008751,4.433
951932,520,443,963,219,52,123,0.25,0.8433,0.5378,0.189486,6,14,49,268.03,0.8322,0.0848,0.005745,4.296
951945,520,376,896,251,69,9,35.13,0.9932,0.5977,0.247888,17,44,29,157.24,0.6351,0.1635,0.020092,4.250
951949,520,451,971,210,26,189,334.06,0.9461,0.5362,0.181166,33,0,8,7.69,1.0000,0.0653,0.003409,4.328
951962,520,449,969,226,46,109,6.35,0.8884,0.5418,0.192296,25,2,39,309.92,0.8627,0.0726,0.003966,4.490
951969,520,459,979,228,45,57,24.00,0.9394,0.5335,0.186691,19,1,33,307.63,0.9016,0.0580,0.002700,4.491
951982,520,422,942,195,34,255,313.53,1.0000,0.5634,0.199675,43,11,36,337.07,0.6402,0.1126,0.008804,4.246
952033,520,398,918,206,55,237,319.99,0.9338,0.5805,0.219702,32,9,87,285.88,0.9174,0.1400,0.011905,4.357
952043,520,463,983,231,14,72,17.22,0.9856,0.5263,0.177739,4,7,19,267.85,0.4979,0.0471,0.002248,4.359
952046,520,404,924,213,34,239,321.86,0.9717,0.5796,0.215241,3,25,77,262.60,0.9454,0.1344,0.012504,4.244
952059,520,414,934,233,51,147,354.04,0.8876,0.5728,0.218007,5,8,91,266.90,0.9846,0.1239,0.009612,4.496
952063,520,426,946,244,38,14,30.53,0.9891,0.5581,0.206545,39,5,58,309.72,0.8454,0.1140,0.008454,4.389
952066,520,417,937,255,14,54,23.46,1.0000,0.5744,0.218443,17,17,71,275.00,0.8520,0.1195,0.009750,4.493
952072,520,376,896,245,77,32,35.01,0.9618,0.5961,0.248278,44,36,31,53.89,0.1552,0.1646,0.018962,4.325
952083,520,352,872,234,40,235,327.98,0.9732,0.6152,0.250107,20,51,28,150.07,0.7334,0.1879,0.026001,3.949
952087,520,381,901,252,60,101,14.44,0.9739,0.6021,0.248703,35,34,54,285.83,0.3209,0.1596,0.017677,4.414
952090,520,450,970,235,33,52,24.16,0.9689,0.5394,0.190010,7,18,2,134.38,0.8855,0.0704,0.004822,4.378
952102,520,418,938,242,19,111,6.34,0.9783,0.5604,0.204940,11,13,80,270.56,0.9477,0.1193,0.009381,4.293
952112,520,295,815,214,137,184,342.93,0.5557,0.6783,0.356496,61,58,25,104.05,0.5554,0.2449,0.040884,4.473
952116,520,474,994,219,37,92,10.69,0.9118,0.5165,0.171585,3,4,1,121.14,0.5308,0.0304,0.001084,4.338
952123,520,429,949,216,74,85,19.76,0.7935,0.5452,0.201548,13,18,49,272.65,0.6589,0.0978,0.007399,4.382
952171,520,372,892,232,86,151,355.99,0.7914,0.6092,0.260484,43,39,37,48.46,0.0660,0.1735,0.020982,4.374
952181,520,474,994,223,34,90,11.70,0.9299,0.5223,0.175730,6,2,3,359.80,0.3648,0.0287,0.000887,4.436
952190,520,376,896,234,30,216,332.70,0.9751,0.5981,0.233815,13,19,101,268.92,0.9556,0.1556,0.014908,4.373
952211,520,422,942,196,40,248,315.14,0.9676,0.5625,0.200320,36,12,44,316.87,0.6479,0.1079,0.008199,4.301
952225,520,465,985,173,72,202,317.93,0.7781,0.5224,0.177842,23,0,12,348.24,1.0000,0.0492,0.002087,4.374
952232,520,454,974,210,76,60,29.80,0.8240,0.5321,0.191990,6,18,7,146.39,0.6252,0.0710,0.004867,4.411
952239,520,359,879,223,88,199,335.24,0.8140,0.6188,0.267931,20,40,81,262.83,0.6784,0.1830,0.022603,4.379
952259,520,465,985,171,25,252,307.51,0.9861,0.5200,0.163823,6,5,31,278.82,0.7703,0.0521,0.002462,4.076
952266,520,379,899,222,50,231,325.86,0.9487,0.5985,0.235825,12,35,76,260.92,0.7735,0.1617,0.018019,4.202
952268,520,80,600,254,218,193,56.77,0.8974,0.8977,0.750652,17,116,49,148.41,0.9811,0.4101,0.128312,4.490
952274,520,427,947,197,81,181,333.30,0.7290,0.5585,0.210929,21,26,5,120.64,0.6897,0.1048,0.009092,4.416
952278,520,402,922,204,77,210,325.93,0.8260,0.5813,0.227999,7,36,30,176.88,0.7379,0.1332,0.014006,4.343
952282,520,319,839,203,109,243,314.72,0.8896,0.6454,0.301060,78,35,53,355.24,0.4989,0.2224,0.030790,4.345
952290,520,408,928,113,119,244,277.63,0.8738,0.5674,0.232354,23,32,32,196.30,0.1715,0.1316,0.013194,4.468
952295,520,372,892,252,29,182,346.01,0.9792,0.6118,0.249550,50,26,73,305.00,0.6315,0.1735,0.018980,4.343
952308,520,445,965,219,3,175,340.33,0.9944,0.5380,0.182228,1,6,64,265.16,0.9798,0.0834,0.005068,4.217
952317,520,470,990,218,9,132,354.24,0.9780,0.5162,0.167693,14,1,11,335.22,0.7510,0.0385,0.001392,4.236
952331,520,182,702,253,170,166,22.49,0.9227,0.7877,0.523876,64,87,1,125.37,0.9937,0.3329,0.079085,4.446
952356,520,478,998,177,16,239,312.22,0.9851,0.5140,0.159507,4,0,13,300.75,1.0000,0.0244,0.000549,4.145
952358,520,476,996,97,95,250,277.35,0.9634,0.5121,0.176273,1,3,1,144.11,0.6096,0.0246,0.000738,4.460
952360,520,442,962,170,94,181,322.40,0.6129,0.5382,0.198885,2,13,52,264.04,0.9297,0.0830,0.005487,4.486
952362,520,449,969,216,20,175,339.72,0.9586,0.5366,0.181967,21,12,10,32.87,0.2556,0.0708,0.004443,4.261
952374,520,407,927,253,7,65,20.69,0.9965,0.5702,0.214200,19,35,15,139.52,0.6167,0.1323,0.013750,4.144
952409,520,378,898,230,3,243,325.38,0.9988,0.6021,0.233616,15,43,40,186.01,0.5694,0.1632,0.019824,4.062
952417,520,368,888,186,94,255,307.48,1.0000,0.6089,0.256653,33,41,27,132.22,0.3043,0.1654,0.019883,4.388
952420,520,243,763,246,153,108,46.13,0.8275,0.7312,0.434605,11,81,7,142.22,0.9902,0.2849,0.059711,4.417
952430,520,301,821,225,116,207,333.78,0.7719,0.6666,0.330052,1,57,84,237.19,0.9716,0.2270,0.035726,4.433
952436,520,259,779,253,107,242,330.63,0.9911,0.7129,0.378115,14,57,127,260.09,0.8946,0.2656,0.045516,4.482
952446,520,469,989,173,37,242,309.83,0.9556,0.5203,0.166191,8,1,31,288.96,0.9272,0.0447,0.001723,4.180
952448,520,400,920,250,45,36,28.80,0.9807,0.5763,0.223318,4,33,66,254.21,0.8478,0.1446,0.015068,4.201
952476,520,453,973,164,61,241,305.91,0.9207,0.5268,0.175815,13,9,33,287.37,0.6082,0.0675,0.003907,4.189
952485,520,408,928,217,49,206,331.11,0.9142,0.5729,0.214067,0,15,88,263.87,1.0027,0.1267,0.010461,4.368
952508,520,430,950,179,54,254,308.38,0.9936,0.5524,0.193787,37,9,38,326.29,0.6673,0.1011,0.007287,4.256
952515,520,354,874,254,73,123,8.92,0.9872,0.6241,0.272695,14,42,80,257.02,0.7349,0.1846,0.023284,4.403
952528,520,479,999,190,69,144,345.74,0.7086,0.5120,0.172186,1,0,3,302.89,1.0000,0.0124,0.000130,4.432
952535,520,463,983,228,7,117,1.52,0.9877,0.5305,0.179332,3,7,17,260.23,0.4990,0.0451,0.002118,4.400
952543,520,361,881,235,49,236,327.92,0.9649,0.6229,0.259174,23,48,36,161.74,0.5045,0.1822,0.024234,4.165
952546,520,419,939,249,11,67,20.04,0.9937,0.5629,0.207880,14,27,21,163.83,0.3620,0.1060,0.009313,4.348
952548,520,359,879,234,55,221,331.41,0.9437,0.6158,0.254478,46,41,13,99.28,0.6279,0.1766,0.021958,4.231
952556,520,403,923,218,58,211,329.95,0.9021,0.5850,0.226368,17,34,21,150.57,0.4981,0.1292,0.013173,4.375
952557,520,403,923,240,29,166,348.25,0.9612,0.5813,0.221602,55,11,15,19.47,0.7502,0.1270,0.010862,4.463
952564,520,250,770,236,130,246,324.00,0.9429,0.7246,0.404538,20,75,1,139.66,0.9979,0.2662,0.051829,4.464
952573,520,237,757,193,159,252,300.09,0.8990,0.7302,0.431623,43,76,62,165.23,0.4384,0.2928,0.060301,4.366
952582,520,325,845,253,106,26,43.30,0.9853,0.6497,0.312687,40,52,51,190.10,0.1601,0.2130,0.031461,4.452
952583,520,459,979,192,61,186,329.83,0.8032,0.5288,0.180907,32,1,0,31.37,1.0000,0.0631,0.003288,4.333
952586,520,442,962,233,25,82,14.95,0.9679,0.5365,0.186312,15,4,52,284.10,0.9065,0.0767,0.004363,4.347
952587,520,335,855,240,45,251,325.68,0.9867,0.6389,0.273696,90,11,9,27.97,0.9381,0.2017,0.024331,4.355
952588,520,391,911,227,15,232,327.14,0.9916,0.5914,0.225011,55,26,15,41.15,0.5662,0.1528,0.015856,4.176
952604,520,430,950,229,43,124,0.98,0.8996,0.5505,0.198438,40,9,13,15.56,0.6489,0.0951,0.006756,4.377
952605,520,409,929,242,57,23,32.26,0.9768,0.5688,0.218687,5,33,50,239.40,0.7566,0.1333,0.013502,4.231
952624,520,461,981,225,6,134,354.99,0.9879,0.5305,0.178618,17,0,29,309.89,1.0000,0.0503,0.002079,4.390
952627,520,410,930,211,14,240,321.34,0.9914,0.5697,0.204561,8,31,58,254.37,0.7166,0.1346,0.013370,4.017
952667,520,391,911,205,67,244,317.65,0.9420,0.5950,0.235266,41,33,0,95.71,1.0000,0.1462,0.015592,4.349
952680,520,361,881,247,7,218,335.13,0.9969,0.6164,0.249912,47,9,104,291.84,0.9288,0.1778,0.017992,4.411
952703,520,478,998,216,12,135,352.79,0.9695,0.5141,0.166136,0,0,19,264.05,1.0000,0.0228,0.000470,4.282
952714,520,398,918,236,57,143,356.58,0.8785,0.5819,0.227452,36,25,49,304.20,0.4290,0.1360,0.012921,4.410
952730,520,347,867,232,40,254,323.16,0.9963,0.6250,0.258315,25,35,94,270.92,0.7730,0.1856,0.022168,4.272
952731,520,330,850,178,117,255,301.78,1.0000,0.6355,0.294080,49,40,81,291.71,0.4983,0.2075,0.027646,4.431
952734,520,322,842,218,108,227,324.50,0.8367,0.6548,0.311783,53,48,48,17.54,0.0585,0.2138,0.030842,4.475
952755,520,432,952,185,54,239,313.43,0.9241,0.5487,0.191857,29,21,11,72.22,0.3623,0.1014,0.008217,4.154
952778,520,449,969,242,8,28,27.19,0.9963,0.5429,0.191382,22,11,2,66.89,0.6795,0.0679,0.004143,4.458
952779,520,479,999,198,43,166,338.17,0.8455,0.5107,0.164885,2,0,2,328.36,1.0000,0.0139,0.000173,4.283
952782,520,478,998,208,68,38,33.67,0.8980,0.5149,0.176863,9,0,0,29.23,1.0000,0.0242,0.000581,4.485
952789,520,415,935,234,47,149,353.29,0.9020,0.5726,0.216983,32,17,57,297.29,0.6622,0.1208,0.010034,4.447
952800,520,398,918,206,62,221,323.81,0.8928,0.5754,0.217892,65,5,1,31.13,0.9803,0.1385,0.012348,4.297
952814,520,396,916,252,40,7,31.05,0.9954,0.5758,0.222321,25,12,93,278.02,0.9369,0.1439,0.012599,4.350
952836,520,325,845,253,27,246,329.85,0.9933,0.6495,0.283234,41,51,43,151.01,0.1835,0.2079,0.030135,4.158
952839,520,439,959,234,0,137,355.73,1.0000,0.5487,0.193016,11,21,32,251.60,0.3920,0.0921,0.007117,4.255
952848,520,363,883,252,56,151,356.85,0.9696,0.6142,0.257616,56,33,34,16.78,0.3215,0.1749,0.020441,4.367
952858,520,476,996,215,29,111,2.12,0.9182,0.5094,0.164760,1,1,14,273.55,0.9013,0.0244,0.000599,4.244
952861,520,457,977,219,66,30,34.10,0.9400,0.5330,0.190528,11,10,23,286.20,0.3923,0.0616,0.003501,4.496
952863,520,429,949,160,85,242,302.07,0.8885,0.5527,0.203818,48,5,15,11.67,0.7998,0.1049,0.007715,4.398
952865,520,268,788,251,118,177,354.34,0.9185,0.6956,0.366433,24,73,2,138.66,0.9950,0.2610,0.049635,4.180
952866,520,361,881,254,45,179,347.73,0.9918,0.6221,0.262057,47,34,71,298.28,0.4990,0.1844,0.022033,4.332
952892,520,478,998,213,7,146,348.19,0.9806,0.5120,0.163758,0,0,9,264.05,1.0000,0.0151,0.000197,4.258
952895,520,479,999,208,26,152,345.27,0.9169,0.5114,0.164179,0,0,8,264.05,1.0000,0.0143,0.000175,4.269
952900,520,406,926,215,58,205,330.83,0.8870,0.5762,0.218830,52,4,46,333.93,0.8122,0.1258,0.010143,4.470
952919,520,426,946,221,69,129,0.39,0.7919,0.5609,0.212158,6,7,84,267.97,0.9822,0.1136,0.008307,4.496
952925,520,416,936,251,20,29,27.70,0.9914,0.5653,0.211020,50,9,18,11.57,0.7226,0.1153,0.009173,4.411
952932,520,367,887,182,101,245,307.52,0.8913,0.6069,0.258457,30,34,79,275.86,0.6214,0.1732,0.019845,4.416
952934,520,381,901,253,26,144,357.70,0.9836,0.5962,0.236386,50,14,77,306.10,0.7966,0.1586,0.015281,4.387
952940,520,410,930,203,66,218,323.63,0.8729,0.5726,0.216565,20,26,59,272.77,0.5925,0.1295,0.012032,4.297
953003,520,460,980,185,55,220,317.96,0.8859,0.5348,0.182152,16,8,26,302.92,0.5192,0.0640,0.003584,4.332
953012,520,478,998,194,12,196,327.77,0.9752,0.5070,0.157195,1,0,9,282.67,1.0000,0.0172,0.000262,4.122
953015,520,379,899,235,43,197,338.14,0.9440,0.5953,0.234239,46,31,39,345.87,0.2481,0.1577,0.017073,4.238
953020,520,458,978,174,64,225,312.67,0.8655,0.5312,0.181026,16,6,23,310.28,0.5514,0.0583,0.003023,4.357
953038,520,423,943,210,48,210,328.12,0.9127,0.5627,0.204706,54,1,7,20.73,0.9732,0.1101,0.008215,4.375
953041,520,479,999,144,53,255,297.17,1.0000,0.5051,0.156957,1,0,2,311.99,1.0000,0.0114,0.000108,4.130
953077,520,447,967,229,48,41,28.23,0.9468,0.5360,0.189350,37,1,28,339.67,0.8620,0.0827,0.004989,4.353
953087,520,370,890,226,85,176,344.26,0.7888,0.6084,0.258027,14,45,31,161.41,0.7071,0.1659,0.020690,4.357
953089,520,362,882,255,8,174,348.63,1.0000,0.6080,0.244932,18,15,122,269.77,0.9780,0.1808,0.018752,4.290
953090,520,421,941,214,0,218,327.37,1.0000,0.5557,0.193602,27,14,53,294.56,0.6882,0.1063,0.008041,4.197
953099,520,440,960,159,77,249,301.23,0.9478,0.5461,0.195186,17,19,19,196.88,0.0462,0.0857,0.006319,4.354
953119,520,467,987,212,61,96,11.60,0.8082,0.5248,0.181814,1,4,24,265.30,0.8872,0.0398,0.001592,4.493
953123,520,332,852,252,61,204,340.44,0.9798,0.6420,0.283958,42,44,64,279.55,0.2817,0.1988,0.026637,4.358
953127,520,394,914,228,24,222,329.76,0.9815,0.5890,0.224236,32,33,23,112.40,0.2227,0.1399,0.014567,4.247
953132,520,364,884,247,40,178,346.38,0.9548,0.6057,0.245093,8,46,34,167.85,0.8427,0.1678,0.021210,4.144
953133,520,391,911,247,56,94,15.69,0.9431,0.5873,0.234141,27,27,69,279.25,0.6329,0.1460,0.014465,4.408
953135,520,373,893,252,58,114,9.79,0.9715,0.6037,0.249400,12,42,45,204.31,0.6224,0.1609,0.019235,4.324
953146,520,430,950,216,73,113,7.20,0.7647,0.5513,0.205586,17,25,5,127.09,0.7025,0.0984,0.008254,4.387
953148,520,460,980,199,73,134,353.58,0.7077,0.5285,0.186303,17,8,20,317.51,0.4139,0.0619,0.003434,4.422
953159,520,394,914,233,50,186,341.04,0.9163,0.5904,0.231527,31,34,18,117.24,0.3792,0.1404,0.014790,4.345
953168,520,271,791,245,138,72,50.05,0.8825,0.6953,0.380600,39,64,78,233.96,0.3687,0.2606,0.046480,4.463
953183,520,406,926,222,62,191,336.98,0.8679,0.5836,0.227387,49,15,46,331.12,0.6370,0.1344,0.011920,4.480
953184,520,418,938,223,9,190,336.98,0.9881,0.5556,0.196035,2,23,64,260.55,0.9384,0.1163,0.009958,4.103
953187,520,430,950,238,16,109,6.26,0.9802,0.5507,0.196551,7,29,6,142.49,0.9169,0.1042,0.009370,4.153
953197,520,477,997,217,44,24,30.62,0.9635,0.5066,0.166216,1,1,4,280.91,0.5250,0.0184,0.000369,4.293
953205,520,439,959,236,0,123,0.78,1.0000,0.5475,0.192660,33,12,17,6.06,0.4641,0.0895,0.006268,4.313
953210,520,369,889,221,67,233,324.82,0.9237,0.6123,0.252717,36,21,95,283.97,0.8362,0.1690,0.017376,4.493
953211,520,468,988,198,40,183,332.61,0.8790,0.5187,0.169440,1,7,8,204.67,0.6502,0.0394,0.001759,4.240
953234,520,426,946,215,58,176,339.88,0.8415,0.5595,0.206100,13,1,82,273.15,0.9957,0.1069,0.007164,4.480
953247,520,471,991,226,4,103,5.98,0.9931,0.5211,0.172377,8,7,0,105.16,1.0000,0.0435,0.002036,4.274
953258,520,480,1000,182,54,192,324.81,0.8261,0.5089,0.163905,0,0,0,0.00,0.0000,0.0000,0.000000,4.278
953263,520,426,946,182,93,184,326.50,0.6503,0.5553,0.212356,12,29,1,133.93,0.9765,0.1061,0.009591,4.403
953270,520,269,789,232,148,67,61.49,0.8120,0.6956,0.387430,6,68,79,213.55,0.9058,0.2595,0.047372,4.492
953272,520,466,986,230,12,38,25.46,0.9921,0.5187,0.172289,12,6,5,32.45,0.2502,0.0466,0.002194,4.259
953275,520,477,997,190,85,17,46.68,0.9196,0.5057,0.174863,0,0,20,264.05,1.0000,0.0236,0.000505,4.452
953278,520,72,592,249,216,253,322.62,0.9639,0.9077,0.763441,31,109,139,228.50,0.7739,0.4239,0.130920,4.496
953279,520,403,923,230,33,191,338.54,0.9530,0.5773,0.216749,3,33,49,236.21,0.8281,0.1317,0.013288,4.215
953293,520,443,963,221,62,62,25.35,0.8849,0.5360,0.191678,36,3,28,338.94,0.7748,0.0843,0.005241,4.375
953297,520,412,932,251,22,87,15.21,0.9835,0.5739,0.217748,12,32,8,140.31,0.8622,0.1169,0.011287,4.369
953300,520,468,988,162,76,218,309.15,0.8037,0.5237,0.179129,1,6,15,249.90,0.6923,0.0397,0.001712,4.431
953313,520,462,982,207,52,164,341.65,0.8290,0.5334,0.184038,2,12,6,159.86,0.7210,0.0519,0.002890,4.425
953318,520,369,889,246,81,68,28.37,0.9447,0.6065,0.258983,42,38,24,94.06,0.3008,0.1655,0.019444,4.449
953321,520,425,945,203,63,206,327.06,0.8548,0.5616,0.207095,9,13,77,269.66,0.9476,0.1146,0.008817,4.371
953322,520,375,895,247,29,170,348.51,0.9697,0.5966,0.235584,3,37,76,254.84,0.9048,0.1635,0.018642,4.160
953330,520,402,922,227,81,98,17.14,0.7975,0.5774,0.231002,7,36,13,147.67,0.9174,0.1283,0.013359,4.435
953352,520,412,932,227,42,185,339.71,0.9236,0.5735,0.214922,36,25,12,70.12,0.4363,0.1207,0.010969,4.345
953366,520,463,983,214,7,176,338.83,0.9857,0.5299,0.175850,7,8,7,145.39,0.0648,0.0473,0.002342,4.315
953376,520,446,966,196,75,172,336.25,0.7340,0.5440,0.197481,20,13,32,299.45,0.4669,0.0813,0.005409,4.466
953379,520,382,902,234,92,22,41.52,0.9637,0.5951,0.252075,22,39,53,244.49,0.4022,0.1616,0.018786,4.392
953383,520,438,958,209,9,219,325.81,0.9909,0.5494,0.188671,22,15,33,300.83,0.4286,0.0881,0.006220,4.245
953389,520,456,976,150,82,231,300.96,0.8367,0.5270,0.182884,16,11,9,43.26,0.1656,0.0628,0.003692,4.337
953399,520,431,951,183,62,236,313.10,0.9035,0.5509,0.195697,11,21,37,259.46,0.4691,0.0950,0.007410,4.280
953410,520,428,948,247,24,75,18.36,0.9813,0.5639,0.209390,5,26,24,186.95,0.6581,0.0987,0.008370,4.444
953411,520,400,920,235,15,183,341.82,0.9839,0.5755,0.214256,31,4,94,283.52,0.9710,0.1421,0.011863,4.272
953437,520,337,857,255,15,229,334.21,1.0000,0.6390,0.272621,48,21,110,288.66,0.8580,0.1987,0.022905,4.425
953450,520,452,972,172,104,99,24.61,0.4339,0.5252,0.195732,24,11,17,350.88,0.3451,0.0748,0.004740,4.489
953466,520,393,913,229,64,167,346.88,0.8509,0.5857,0.231174,7,30,63,257.85,0.7809,0.1354,0.013325,4.440
953480,520,27,547,228,252,255,205.81,1.0000,0.9703,0.933340,24,133,14,142.01,0.9921,0.4641,0.170003,4.470
953481,520,21,541,242,250,222,120.08,0.7682,0.9671,0.925223,52,129,61,145.71,0.8910,0.4649,0.167669,4.480
953497,520,457,977,189,74,165,336.65,0.7110,0.5274,0.184345,24,4,22,331.47,0.6654,0.0638,0.003390,4.389
953512,520,326,846,249,85,174,350.68,0.9301,0.6463,0.296958,1,52,79,239.18,0.9659,0.2084,0.030268,4.323
953514,520,416,936,201,82,185,333.18,0.7428,0.5684,0.219565,5,30,40,227.71,0.7156,0.1184,0.011140,4.409
953532,520,464,984,218,51,69,20.75,0.8949,0.5203,0.177053,20,0,21,326.70,1.0000,0.0490,0.002029,4.364
953579,520,350,870,255,50,179,348.12,1.0000,0.6271,0.267993,27,40,90,269.21,0.6804,0.1950,0.024887,4.246
953591,520,469,989,217,44,100,8.10,0.8775,0.5197,0.174757,18,1,0,34.41,1.0000,0.0396,0.001503,4.364
953597,520,107,627,252,215,51,95.28,0.9613,0.8664,0.695370,7,112,30,145.11,0.9947,0.3926,0.117267,4.456
953601,520,381,901,247,18,194,341.42,0.9878,0.6049,0.241050,21,22,101,272.35,0.9218,0.1650,0.016727,4.362
953604,520,431,951,235,29,126,0.48,0.9496,0.5550,0.200503,36,15,20,5.59,0.4297,0.1007,0.007673,4.344
953627,520,445,965,230,7,136,355.38,0.9880,0.5417,0.187554,25,7,34,312.92,0.6645,0.0778,0.004741,4.340
953632,520,417,937,205,33,238,319.99,0.9689,0.5651,0.202416,55,5,9,21.86,0.8862,0.1181,0.009406,4.249
953633,520,272,792,255,106,210,341.07,1.0000,0.6985,0.362242,94,45,4,53.48,0.9011,0.2598,0.042656,4.449
953643,520,299,819,172,151,205,302.20,0.4300,0.6675,0.353118,15,66,3,140.45,0.9924,0.2334,0.040044,4.477
953645,520,459,979,191,17,229,318.49,0.9817,0.5284,0.171358,25,2,23,331.33,0.7712,0.0618,0.003120,4.167
953668,520,452,972,225,5,122,359.14,0.9900,0.5256,0.175240,4,10,46,267.99,0.8877,0.0731,0.004401,4.140
953674,520,451,971,169,71,230,309.26,0.8616,0.5362,0.186554,21,11,11,19.14,0.2689,0.0691,0.004230,4.362
953691,520,418,938,240,56,38,30.04,0.9534,0.5649,0.214968,49,7,37,341.59,0.7405,0.1186,0.009386,4.462
953703,520,334,854,250,57,216,336.58,0.9732,0.6419,0.282112,10,41,102,261.97,0.8985,0.2004,0.026096,4.364
953718,520,479,999,219,46,26,30.62,0.9603,0.5125,0.170913,1,0,3,302.89,1.0000,0.0124,0.000130,4.407
953725,520,389,909,206,64,239,319.23,0.9249,0.5900,0.230222,29,15,90,281.25,0.8932,0.1477,0.013410,4.419
953726,520,386,906,235,86,19,39.80,0.9721,0.5883,0.243677,55,21,46,338.57,0.5588,0.1543,0.015459,4.486
953729,520,421,941,214,33,208,329.82,0.9497,0.5589,0.199400,49,11,5,32.62,0.8165,0.1131,0.009034,4.225
953739,520,397,917,223,6,229,326.91,0.9962,0.5805,0.214776,4,24,85,264.22,0.9342,0.1414,0.013349,4.180
953753,520,361,881,251,7,220,335.51,0.9974,0.6249,0.258317,6,36,95,261.83,0.9265,0.1799,0.021266,4.326
953761,520,297,817,189,143,233,306.84,0.7100,0.6831,0.363474,23,68,13,140.40,0.9625,0.2443,0.043453,4.424
953791,520,422,942,249,27,35,27.29,0.9858,0.5642,0.210486,23,15,61,284.73,0.7531,0.1110,0.008607,4.445
953793,520,450,970,231,1,130,357.49,0.9983,0.5401,0.186253,27,8,1,49.39,0.8133,0.0688,0.004089,4.368
953795,520,415,935,232,61,119,5.35,0.8568,0.5696,0.218281,21,27,38,262.33,0.2646,0.1188,0.010832,4.410
953812,520,384,904,252,48,75,20.82,0.9820,0.5873,0.233210,61,19,12,31.64,0.7292,0.1501,0.014845,4.367
953823,520,450,970,232,47,29,30.16,0.9639,0.5403,0.192806,31,3,20,345.99,0.7407,0.0718,0.004070,4.491
953838,520,349,869,253,74,132,5.64,0.9737,0.6259,0.274496,26,50,11,135.53,0.8903,0.1850,0.025249,4.312
953839,520,373,893,219,74,214,329.29,0.8730,0.6042,0.248147,70,10,36,359.64,0.7781,0.1633,0.016468,4.486
953854,520,398,918,206,102,111,16.17,0.6041,0.5770,0.237741,5,38,28,168.99,0.8611,0.1381,0.015023,4.425
953857,520,450,970,232,37,91,12.82,0.9374,0.5427,0.192373,13,7,46,282.48,0.8164,0.0744,0.004348,4.460
953862,520,379,899,236,61,183,343.04,0.8943,0.6031,0.245920,6,45,19,150.34,0.9497,0.1595,0.019624,4.250
953868,520,403,923,246,32,137,358.93,0.9587,0.5822,0.224354,11,24,71,267.13,0.8423,0.1299,0.011793,4.440
953871,520,445,965,190,65,197,325.64,0.8092,0.5369,0.187604,24,13,23,329.79,0.3396,0.0812,0.005439,4.286
953875,520,433,953,167,69,251,304.24,0.9688,0.5483,0.194373,38,7,45,319.69,0.7485,0.1046,0.007535,4.247
953885,520,453,973,198,29,205,326.33,0.9431,0.5268,0.172940,31,4,20,346.65,0.7005,0.0736,0.004287,4.107
953899,520,435,955,236,53,27,31.29,0.9682,0.5533,0.204614,18,19,36,280.16,0.3886,0.0948,0.007217,4.450
953901,520,400,920,189,77,237,313.88,0.8904,0.5772,0.222421,41,1,81,298.18,0.9825,0.1354,0.010872,4.475
953919,520,372,892,225,37,254,321.50,0.9960,0.6120,0.244886,42,3,106,288.16,0.9787,0.1687,0.015979,4.469
953922,520,434,954,211,5,219,326.34,0.9950,0.5521,0.190739,35,12,38,322.89,0.5981,0.1025,0.007602,4.179
953924,520,453,973,232,26,5,30.18,0.9953,0.5261,0.179087,18,15,1,100.23,0.8463,0.0718,0.004724,4.186
953930,520,387,907,221,52,224,327.33,0.9367,0.5935,0.232121,69,5,9,24.19,0.9365,0.1487,0.013937,4.412
953957,520,360,880,218,74,242,321.58,0.9381,0.6206,0.262156,37,30,91,282.64,0.7222,0.1818,0.020771,4.411
953966,520,415,935,205,12,250,317.61,0.9937,0.5672,0.201458,15,25,57,267.96,0.6386,0.1220,0.010922,4.128
953977,520,401,921,229,21,202,335.16,0.9783,0.5770,0.214612,4,29,70,259.48,0.8929,0.1375,0.013467,4.169
953979,520,410,930,144,108,236,293.29,0.8000,0.5680,0.227105,27,23,64,283.42,0.6414,0.1330,0.012159,4.458
953982,520,399,919,246,58,71,22.94,0.9499,0.5827,0.230773,42,24,45,321.68,0.4239,0.1393,0.013350,4.432
954003,520,375,895,221,25,247,322.19,0.9867,0.5950,0.227849,34,20,89,284.33,0.8241,0.1589,0.015616,4.234
954009,520,410,930,215,92,70,32.06,0.7710,0.5664,0.225458,46,23,6,55.17,0.6861,0.1299,0.012069,4.438
954049,520,428,948,200,17,244,317.54,0.9884,0.5554,0.192135,44,6,17,7.04,0.7399,0.0991,0.007063,4.243
954053,520,416,936,226,71,114,8.00,0.8078,0.5675,0.218928,45,18,27,0.26,0.4796,0.1234,0.010697,4.431
954054,520,449,969,215,25,177,338.91,0.9453,0.5378,0.183189,17,13,17,326.04,0.1524,0.0708,0.004475,4.281
954065,520,423,943,249,4,45,24.61,0.9981,0.5585,0.204197,35,14,37,323.98,0.5439,0.1053,0.008050,4.379
954067,520,363,883,254,19,180,346.83,0.9929,0.6113,0.248354,5,46,30,162.36,0.9234,0.1654,0.020799,4.214
954068,520,455,975,166,57,244,306.21,0.9382,0.5281,0.175656,6,6,32,277.05,0.7530,0.0550,0.002732,4.279
954071,520,390,910,235,68,144,357.10,0.8451,0.5909,0.238129,6,39,49,222.20,0.7657,0.1512,0.017114,4.293
954091,520,426,946,237,53,40,29.22,0.9483,0.5564,0.207071,12,29,8,139.73,0.7926,0.1075,0.009744,4.303
954098,520,135,655,254,179,252,327.51,0.9939,0.8374,0.603410,94,89,24,104.90,0.7853,0.3705,0.095905,4.478
954104,520,386,906,233,75,118,8.17,0.8234,0.5862,0.236666,9,34,66,256.11,0.7457,0.1494,0.015954,4.346
954107,520,409,929,224,20,198,335.04,0.9754,0.5651,0.204273,19,12,83,275.74,0.9317,0.1268,0.010259,4.220
954112,520,442,962,243,9,3,29.35,0.9978,0.5442,0.192601,27,3,39,312.37,0.8186,0.0772,0.004446,4.456
954113,520,448,968,221,64,57,27.31,0.8883,0.5375,0.193370,21,15,16,6.94,0.1448,0.0791,0.005385,4.394
954139,520,396,916,217,42,227,325.65,0.9532,0.5820,0.219557,29,2,99,280.76,0.9890,0.1445,0.012054,4.344
954160,520,296,816,235,114,206,337.33,0.8352,0.6776,0.341553,27,65,2,136.52,0.9919,0.2351,0.040179,4.342
954163,520,379,899,237,41,204,336.64,0.9552,0.6016,0.239528,30,41,34,156.85,0.2249,0.1649,0.019774,4.150
954195,520,472,992,219,32,99,7.61,0.9223,0.5154,0.169966,2,3,18,272.48,0.7497,0.0343,0.001217,4.295
954198,520,466,986,145,89,222,299.82,0.7776,0.5249,0.184387,9,5,18,298.48,0.4989,0.0465,0.002103,4.499
954218,520,370,890,218,62,250,320.06,0.9759,0.6148,0.252547,1,42,64,238.26,0.9514,0.1678,0.020324,4.302
954223,520,455,975,180,91,140,347.56,0.5552,0.5272,0.190802,8,14,5,134.01,0.4666,0.0615,0.003767,4.479
954227,520,351,871,187,108,251,307.18,0.9435,0.6285,0.282557,50,43,26,88.07,0.3478,0.1896,0.024805,4.446
954248,520,470,990,223,51,5,33.48,0.9931,0.5242,0.180694,5,1,34,279.57,0.9607,0.0445,0.001695,4.463
954255,520,375,895,236,93,46,37.79,0.9110,0.6018,0.258617,19,42,35,171.97,0.4771,0.1603,0.019157,4.463
954306,520,332,852,247,93,136,6.44,0.8870,0.6390,0.293835,27,49,67,244.58,0.4426,0.2023,0.028348,4.389
954313,520,433,953,239,28,90,13.29,0.9657,0.5521,0.199227,29,20,21,11.02,0.1824,0.1019,0.008157,4.285
954316,520,371,891,242,92,44,37.33,0.9298,0.6110,0.267165,17,46,4,137.66,0.9700,0.1653,0.020819,4.479
954320,520,468,988,213,51,105,6.30,0.8381,0.5193,0.175361,2,7,4,160.11,0.5156,0.0390,0.001736,4.356
954322,520,471,991,192,17,214,322.43,0.9745,0.5182,0.164639,6,7,7,196.87,0.0473,0.0440,0.002060,4.123
954329,520,409,929,209,100,32,47.57,0.8775,0.5651,0.227760,43,24,20,32.51,0.3601,0.1303,0.012174,4.467
954333,520,419,939,148,94,252,294.75,0.9603,0.5605,0.213296,44,12,34,341.58,0.6183,0.1147,0.009140,4.452
954345,520,425,945,198,28,253,314.90,0.9908,0.5636,0.199295,33,4,63,299.78,0.8983,0.1087,0.007691,4.321
954362,520,423,943,230,47,126,0.77,0.8898,0.5560,0.203652,21,17,63,280.65,0.7538,0.1146,0.009192,4.285
954382,520,450,970,170,68,240,307.59,0.9081,0.5420,0.189723,13,17,1,119.78,0.8747,0.0720,0.004887,4.368
954385,520,407,927,245,46,38,28.59,0.9649,0.5669,0.215099,9,30,51,250.76,0.6430,0.1272,0.012256,4.258
954390,520,412,932,228,26,183,340.31,0.9606,0.5659,0.206543,57,0,22,4.21,1.0000,0.1191,0.009279,4.328
954393,520,441,961,240,6,43,24.68,0.9966,0.5394,0.188333,34,9,24,345.74,0.5742,0.0888,0.006015,4.255
954413,520,441,961,139,98,232,293.91,0.8022,0.5413,0.200505,12,24,4,133.46,0.8154,0.0915,0.007402,4.364
954433,520,445,965,217,69,66,25.65,0.8501,0.5371,0.194038,14,15,26,279.71,0.3020,0.0764,0.005096,4.429
954446,520,454,974,227,48,20,31.56,0.9749,0.5303,0.184982,19,13,12,29.21,0.1620,0.0712,0.004528,4.309
954451,520,426,946,236,58,43,29.49,0.9398,0.5592,0.210365,38,18,2,59.75,0.8042,0.1055,0.008491,4.451
954467,520,361,881,249,72,142,1.02,0.9316,0.6198,0.267307,46,31,78,295.32,0.5987,0.1821,0.021109,4.462
954473,520,404,924,251,0,134,359.90,1.0000,0.5821,0.222340,2,17,85,264.67,0.9635,0.1272,0.010696,4.487
954482,520,304,824,226,100,247,321.71,0.9529,0.6668,0.320003,56,54,22,105.58,0.5710,0.2271,0.035370,4.334
954491,520,434,954,217,80,13,40.55,0.9712,0.5465,0.205205,24,13,55,289.81,0.7301,0.1030,0.007579,4.432
954505,520,362,882,240,27,218,333.59,0.9822,0.6088,0.243739,41,40,48,291.16,0.1267,0.1786,0.022024,4.078
954507,520,234,754,215,153,250,312.63,0.9142,0.7412,0.441326,32,73,97,237.00,0.5817,0.2939,0.059350,4.493
954512,520,389,909,251,36,138,359.71,0.9670,0.5945,0.236095,49,23,43,336.25,0.4694,0.1466,0.014403,4.442
954526,520,362,882,244,27,203,338.39,0.9796,0.6072,0.243318,75,17,33,8.26,0.7279,0.1805,0.020068,4.186
954541,520,418,938,193,49,249,313.78,0.9689,0.5649,0.203749,44,22,3,59.88,0.7870,0.1239,0.011159,4.149
954564,520,468,988,156,85,201,310.23,0.7094,0.5167,0.177825,21,0,3,11.79,1.0000,0.0428,0.001660,4.410
954577,520,399,919,182,77,255,307.64,1.0000,0.5812,0.224737,38,1,88,292.17,0.9876,0.1396,0.011384,4.476
954581,520,464,984,228,13,53,22.16,0.9890,0.5164,0.170419,11,7,2,82.76,0.5051,0.0470,0.002275,4.217
954600,520,459,979,202,31,203,327.96,0.9388,0.5334,0.178501,5,2,49,272.91,0.9763,0.0618,0.002974,4.313
954622,520,421,941,225,61,129,0.11,0.8311,0.5598,0.209326,38,17,30,343.26,0.4367,0.1116,0.009068,4.390
954659,520,420,940,232,10,166,346.16,0.9863,0.5598,0.201289,24,11,61,287.84,0.8046,0.1055,0.007704,4.355
954682,520,443,963,220,32,155,347.37,0.9186,0.5391,0.186177,31,4,29,330.86,0.7320,0.0782,0.004669,4.320
954698,520,409,929,171,81,253,304.12,0.9797,0.5700,0.216352,53,9,41,340.81,0.7286,0.1308,0.011125,4.358
954708,520,424,944,198,63,221,321.41,0.8803,0.5637,0.207827,51,0,34,345.54,1.0000,0.1116,0.008194,4.430
954715,520,370,890,242,10,214,335.02,0.9947,0.6053,0.239523,78,0,35,2.07,1.0000,0.1708,0.017413,4.295
954730,520,375,895,234,8,224,330.72,0.9956,0.5969,0.230505,28,37,59,266.54,0.3885,0.1641,0.018857,4.074
954738,520,423,943,243,44,40,27.99,0.9651,0.5616,0.210127,24,20,43,289.96,0.4587,0.1073,0.008689,4.432
954742,520,429,949,245,25,2,30.19,0.9985,0.5533,0.201157,38,9,25,348.98,0.6128,0.0958,0.006777,4.424
954784,520,352,872,219,75,239,322.57,0.9270,0.6212,0.263261,52,13,106,294.30,0.8978,0.1901,0.020585,4.438
954798,520,211,731,255,155,145,26.28,1.0000,0.7556,0.467497,34,71,132,259.87,0.7118,0.3138,0.065122,4.495
954799,520,477,997,183,66,167,333.57,0.7379,0.5083,0.167551,4,0,13,300.75,1.0000,0.0244,0.000549,4.304
954810,520,355,875,253,80,50,32.28,0.9878,0.6163,0.268538,59,34,27,36.39,0.3924,0.1798,0.021531,4.453
954824,520,465,985,219,44,92,11.48,0.8898,0.5215,0.176367,8,1,36,284.97,0.9511,0.0491,0.002007,4.353
954840,520,467,987,212,64,31,33.79,0.9297,0.5171,0.177652,3,7,2,137.73,0.5872,0.0393,0.001757,4.398
954848,520,344,864,249,26,229,332.91,0.9890,0.6313,0.265387,56,5,111,296.21,0.9591,0.1946,0.020970,4.444
954867,520,455,975,221,26,134,354.69,0.9350,0.5287,0.178348,10,6,36,283.50,0.7566,0.0614,0.003221,4.291
954868,520,384,904,217,28,244,321.83,0.9821,0.5872,0.221159,42,35,5,96.00,0.7924,0.1537,0.017053,4.044
954870,520,334,854,254,97,43,37.99,0.9925,0.6394,0.297981,11,55,37,161.85,0.8703,0.2000,0.029370,4.384
954891,520,427,947,208,54,198,330.93,0.8737,0.5565,0.201274,22,23,19,118.52,0.1062,0.1008,0.008304,4.310
954895,520,409,929,166,95,232,305.18,0.8123,0.5679,0.221181,11,22,72,268.22,0.8648,0.1266,0.011128,4.436
954899,520,224,744,233,144,250,321.01,0.9568,0.7465,0.441739,64,69,81,267.48,0.1402,0.2973,0.059403,4.495
954912,520,421,941,198,76,196,328.38,0.7831,0.5621,0.211617,1,31,8,148.79,0.9880,0.1078,0.010039,4.357
954920,520,464,984,196,65,139,349.38,0.7376,0.5152,0.173822,3,10,20,251.29,0.5397,0.0534,0.002869,4.233
954930,520,428,948,188,46,254,311.39,0.9943,0.5593,0.198022,18,26,5,126.51,0.7156,0.1021,0.008783,4.219
954933,520,460,980,185,69,195,324.48,0.7846,0.5323,0.185119,7,10,32,273.41,0.6285,0.0640,0.003665,4.381
954942,520,462,982,202,19,211,325.93,0.9726,0.5340,0.177272,9,3,30,289.33,0.8028,0.0495,0.002169,4.356
954963,520,388,908,225,59,201,334.69,0.8971,0.5917,0.233549,50,27,10,55.19,0.6146,0.1459,0.014840,4.373
954967,520,415,935,216,16,228,325.38,0.9878,0.5697,0.205730,20,33,3,129.31,0.9073,0.1246,0.012430,4.096
954968,520,455,975,179,72,193,322.90,0.7613,0.5254,0.180698,24,3,8,4.95,0.6811,0.0562,0.002769,4.372
954971,520,48,568,254,233,232,20.86,0.8757,0.9424,0.851755,43,124,53,145.49,0.9292,0.4440,0.151854,4.467
954972,520,442,962,219,74,8,38.84,0.9842,0.5419,0.199777,17,11,46,285.56,0.7106,0.0848,0.005558,4.496
954993,520,461,981,218,41,139,352.96,0.8783,0.5335,0.183578,10,6,21,295.28,0.5098,0.0513,0.002489,4.450
955034,520,470,990,168,54,229,310.34,0.8979,0.5152,0.166211,8,3,11,315.15,0.4863,0.0373,0.001409,4.206
955044,520,361,881,230,35,249,323.84,0.9822,0.6156,0.248669,63,9,86,312.59,0.8602,0.1825,0.019241,4.313
955049,520,411,931,214,49,212,328.66,0.9185,0.5716,0.212483,20,11,77,278.13,0.9138,0.1191,0.009238,4.431
955059,520,397,917,242,68,21,34.51,0.9777,0.5796,0.230689,51,21,22,19.29,0.5023,0.1375,0.012982,4.457
955062,520,440,960,245,19,17,28.85,0.9915,0.5516,0.199222,36,9,9,22.66,0.6291,0.0872,0.005902,4.458
955067,520,445,965,228,49,53,25.64,0.9352,0.5362,0.189505,15,19,13,135.22,0.2119,0.0820,0.005964,4.280
955075,520,300,820,220,124,203,333.93,0.7064,0.6710,0.339444,22,60,64,204.69,0.5919,0.2315,0.037723,4.439
955077,520,425,945,233,52,103,10.37,0.8938,0.5587,0.207619,43,8,31,343.97,0.6838,0.1059,0.007863,4.452
955087,520,464,984,216,51,72,19.56,0.8860,0.5168,0.174370,8,8,18,283.20,0.3504,0.0524,0.002690,4.258
955089,520,398,918,218,34,232,324.79,0.9696,0.5828,0.218777,31,3,94,283.67,0.9780,0.1410,0.011645,4.360
955095,520,465,985,225,37,69,19.32,0.9419,0.5236,0.177632,18,4,19,325.14,0.6061,0.0543,0.002625,4.326
955097,520,479,999,229,7,3,29.29,0.9972,0.5133,0.168196,2,0,2,328.36,1.0000,0.0139,0.000173,4.349
955100,520,466,986,222,29,104,6.03,0.9342,0.5214,0.174105,8,9,0,113.45,1.0000,0.0483,0.002470,4.271
955101,520,48,568,231,243,206,121.98,0.6144,0.9366,0.855462,11,126,38,145.52,0.9930,0.4408,0.151321,4.498
955103,520,415,935,223,45,193,336.37,0.9173,0.5727,0.214174,54,5,18,10.55,0.8218,0.1180,0.009366,4.450
955124,520,348,868,144,135,245,285.08,0.8259,0.6283,0.298494,15,54,6,140.29,0.9751,0.1920,0.027529,4.495
955143,520,410,930,250,3,97,11.46,0.9978,0.5695,0.212558,39,26,0,83.09,1.0000,0.1252,0.011702,4.255
955152,520,475,995,204,44,158,342.67,0.8452,0.5182,0.171094,2,0,22,277.73,1.0000,0.0281,0.000708,4.360
955165,520,467,987,225,15,91,10.37,0.9765,0.5182,0.171074,5,7,1,121.07,0.6977,0.0409,0.001864,4.263
955176,520,476,996,201,75,15,40.69,0.9529,0.5097,0.174862,1,1,0,109.77,1.0000,0.0157,0.000282,4.472
955180,520,476,996,136,92,207,298.52,0.7011,0.5082,0.173937,5,0,1,3.86,1.0000,0.0188,0.000345,4.448
955182,520,463,983,223,16,138,353.40,0.9660,0.5306,0.178962,5,1,37,277.93,0.9699,0.0473,0.001875,4.414
955190,520,433,953,192,60,218,320.46,0.8746,0.5491,0.195015,44,9,12,18.90,0.7018,0.1022,0.007575,4.256
955219,520,451,971,201,35,216,324.21,0.9429,0.5430,0.185791,26,2,29,323.62,0.8004,0.0668,0.003518,4.406
955229,520,479,999,214,56,3,35.09,0.9946,0.5107,0.171336,1,0,4,296.85,1.0000,0.0133,0.000152,4.413
955233,520,466,986,190,83,102,11.44,0.6273,0.5163,0.180946,19,5,5,21.24,0.4969,0.0525,0.002580,4.392
955244,520,441,961,192,80,167,337.12,0.6942,0.5416,0.197353,21,4,55,290.28,0.8953,0.0858,0.005221,4.479
955250,520,332,852,253,84,151,359.94,0.9691,0.6432,0.294610,20,49,77,249.81,0.6170,0.2048,0.028810,4.373
955257,520,378,898,235,71,148,355.90,0.8379,0.5955,0.243096,25,41,15,134.68,0.6689,0.1557,0.018270,4.293
955263,520,373,893,200,87,235,317.32,0.8768,0.6043,0.250952,22,42,32,161.34,0.4332,0.1611,0.019307,4.342
955269,520,408,928,237,23,156,350.61,0.9670,0.5685,0.210206,57,13,8,29.89,0.8102,0.1323,0.011754,4.214
955292,520,348,868,240,97,143,3.09,0.8169,0.6348,0.290606,10,51,39,169.48,0.8302,0.1869,0.025786,4.494
955297,520,477,997,136,75,246,293.95,0.9325,0.5130,0.169202,5,1,0,51.16,1.0000,0.0224,0.000540,4.337
955302,520,409,929,250,33,71,20.29,0.9743,0.5734,0.218703,5,27,72,261.91,0.8955,0.1350,0.012839,4.276
955316,520,422,942,241,27,115,5.20,0.9634,0.5625,0.207257,14,28,16,147.91,0.4873,0.1075,0.009613,4.315
955320,520,441,961,229,52,56,25.37,0.9285,0.5412,0.194024,14,18,30,269.66,0.3262,0.0856,0.006197,4.342
955326,520,457,977,196,27,218,322.42,0.9594,0.5320,0.175832,0,14,9,172.33,1.0000,0.0561,0.003338,4.234
955342,520,411,931,238,44,116,5.56,0.9205,0.5662,0.212426,12,33,1,135.68,0.9844,0.1189,0.011680,4.255
955350,520,414,934,197,43,254,314.04,0.9947,0.5709,0.207552,35,25,4,84.26,0.7374,0.1179,0.010614,4.249
955354,520,350,870,241,91,159,355.38,0.8424,0.6341,0.286890,2,55,12,145.66,0.9937,0.1917,0.027717,4.335
955357,520,264,784,220,134,241,319.54,0.8716,0.7077,0.386181,40,68,57,167.36,0.3921,0.2641,0.048806,4.415
955374,520,368,888,234,31,232,328.75,0.9807,0.6088,0.243011,55,2,92,304.12,0.9696,0.1694,0.016284,4.421
955378,520,392,912,209,70,226,323.16,0.8895,0.5916,0.234283,46,23,57,313.77,0.5607,0.1505,0.014891,4.381
955392,520,354,874,246,95,20,41.21,0.9781,0.6209,0.278310,37,46,15,123.19,0.6516,0.1818,0.023818,4.448
955431,520,355,875,228,61,232,327.03,0.9397,0.6176,0.256599,13,50,14,143.70,0.9419,0.1784,0.023984,4.144
955436,520,376,896,247,19,182,344.79,0.9849,0.5989,0.236205,12,40,56,237.05,0.6374,0.1608,0.018812,4.159
955446,520,443,963,152,88,237,299.72,0.8520,0.5434,0.197695,10,7,57,275.12,0.9191,0.0832,0.005119,4.494
955453,520,479,999,193,82,35,41.21,0.8457,0.5072,0.174952,1,0,3,302.89,1.0000,0.0124,0.000130,4.487
955455,520,361,881,248,78,136,3.92,0.9165,0.6224,0.271860,62,32,41,1.28,0.4014,0.1848,0.022174,4.460
955456,520,447,967,221,71,31,35.12,0.9363,0.5430,0.199802,22,13,32,304.61,0.4688,0.0835,0.005627,4.491
955467,520,364,884,240,51,191,341.21,0.9317,0.6063,0.246574,12,18,115,267.85,0.9732,0.1721,0.017484,4.395
955479,520,395,915,238,82,8,39.17,0.9902,0.5881,0.242323,31,34,23,120.32,0.2470,0.1417,0.014972,4.499
955483,520,430,950,170,79,227,309.62,0.8326,0.5456,0.196848,39,11,7,30.80,0.6652,0.0951,0.006861,4.341
955513,520,192,712,234,169,209,341.88,0.6561,0.7764,0.504733,5,90,61,162.57,0.9806,0.3241,0.076812,4.374
955531,520,13,533,254,251,217,103.04,0.9451,0.9787,0.950753,58,130,68,146.53,0.8357,0.4721,0.172816,4.491
955532,520,404,924,195,65,251,313.24,0.9744,0.5834,0.223490,23,29,46,268.80,0.3469,0.1304,0.012581,4.370
955534,520,462,982,227,40,74,18.25,0.9342,0.5307,0.183458,6,4,36,277.93,0.8673,0.0540,0.002529,4.444
955535,520,317,837,235,124,126,19.99,0.7352,0.6647,0.335863,14,60,54,182.77,0.7757,0.2238,0.035913,4.491
955544,520,465,985,180,34,227,315.44,0.9470,0.5164,0.163945,12,6,3,57.23,0.3715,0.0459,0.002150,4.103
955552,520,194,714,219,176,218,326.98,0.5089,0.7774,0.511736,35,90,3,137.80,0.9945,0.3237,0.076760,4.431
955563,520,360,880,215,71,247,319.64,0.9586,0.6164,0.256707,13,15,124,267.87,0.9826,0.1812,0.018823,4.456
955565,520,248,768,245,155,16,68.22,0.9832,0.7248,0.428951,22,76,64,175.28,0.7652,0.2829,0.057094,4.472
955568,520,358,878,243,62,198,340.12,0.9253,0.6239,0.265801,37,45,9,120.90,0.7718,0.1779,0.022898,4.332
955576,520,456,976,230,44,14,31.49,0.9849,0.5331,0.186591,2,14,0,138.32,1.0000,0.0551,0.003270,4.441
955581,520,407,927,244,50,70,21.95,0.9444,0.5718,0.219599,63,2,9,21.50,0.9626,0.1318,0.011201,4.405
955601,520,459,979,156,71,248,300.98,0.9467,0.5338,0.183521,12,1,44,286.22,0.9632,0.0603,0.002817,4.421
955603,520,410,930,250,23,72,19.36,0.9843,0.5693,0.214083,3,11,91,265.72,0.9808,0.1265,0.010139,4.391
955604,520,324,844,243,61,243,328.09,0.9638,0.6494,0.288659,39,37,105,278.67,0.7340,0.2115,0.027743,4.356
955611,520,322,842,242,111,126,15.16,0.8172,0.6540,0.317553,27,58,16,138.47,0.8993,0.2129,0.032964,4.430
955626,520,463,983,169,66,229,309.88,0.8677,0.5294,0.179894,19,2,22,322.34,0.7573,0.0528,0.002398,4.387
955633,520,324,844,251,106,80,32.14,0.9601,0.6516,0.313997,3,55,64,212.87,0.9281,0.2091,0.031217,4.482
955645,520,427,947,201,9,246,317.45,0.9946,0.5568,0.192683,31,4,59,300.13,0.8866,0.1020,0.006939,4.262
955646,520,371,891,237,37,221,332.14,0.9710,0.6097,0.245508,12,14,117,267.97,0.9816,0.1699,0.016765,4.426
955650,520,392,912,229,20,222,330.01,0.9859,0.5894,0.224347,1,31,76,258.25,0.9720,0.1469,0.015081,4.215
955652,520,471,991,224,10,112,2.61,0.9810,0.5211,0.172370,0,0,36,264.05,1.0000,0.0387,0.001274,4.337
955653,520,442,962,182,43,243,312.10,0.9487,0.5388,0.181450,21,15,3,86.66,0.6274,0.0756,0.005077,4.202
955657,520,343,863,211,115,172,344.83,0.6078,0.6287,0.290906,23,49,50,198.79,0.4434,0.1909,0.026090,4.480
955666,520,386,906,245,48,136,0.07,0.9241,0.5894,0.233072,70,5,0,31.75,1.0000,0.1496,0.014109,4.416
955672,520,368,888,238,48,216,333.69,0.9542,0.6148,0.252516,15,30,97,267.53,0.8961,0.1720,0.018931,4.389
955692,520,376,896,250,16,178,346.54,0.9885,0.6019,0.239123,65,10,52,339.37,0.7645,0.1611,0.015890,4.388
955712,520,384,904,183,85,254,307.52,0.9895,0.5919,0.237208,63,18,20,20.94,0.6855,0.1540,0.015401,4.392
955715,520,433,953,176,72,235,310.41,0.8822,0.5511,0.198638,46,8,7,26.10,0.7949,0.1035,0.007699,4.309
955721,520,424,944,188,53,247,312.60,0.9573,0.5589,0.199541,13,30,23,165.67,0.4592,0.1150,0.010759,4.107
955726,520,63,583,250,225,233,356.30,0.6788,0.9211,0.800584,12,122,41,146.27,0.9911,0.4280,0.141567,4.440
955727,520,446,966,192,7,242,315.92,0.9948,0.5384,0.177706,38,2,23,348.57,0.8101,0.0837,0.005174,4.127
955729,520,369,889,142,132,223,287.21,0.6547,0.6059,0.275808,5,48,33,164.72,0.9239,0.1731,0.022559,4.490
955731,520,362,882,240,19,223,332.34,0.9900,0.6094,0.243215,1,52,28,156.63,0.9917,0.1839,0.025462,3.886
955760,520,426,946,213,46,193,333.77,0.8977,0.5557,0.199525,29,23,33,311.63,0.2300,0.1140,0.009838,4.170
955768,520,378,898,219,96,138,1.09,0.6870,0.5968,0.252630,51,32,25,41.04,0.3355,0.1623,0.018071,4.446
955769,520,342,862,182,113,246,305.78,0.8775,0.6272,0.284098,11,54,17,145.47,0.9552,0.1919,0.027498,4.311
955770,520,375,895,199,98,204,325.61,0.7276,0.5992,0.252385,0,41,61,235.71,1.0000,0.1624,0.019227,4.368
955772,520,399,919,189,107,155,344.98,0.5193,0.5755,0.237020,15,37,15,143.84,0.7597,0.1360,0.014591,4.444
955780,520,446,966,239,29,25,28.67,0.9819,0.5432,0.193030,33,8,21,350.29,0.5831,0.0843,0.005512,4.378
955787,520,257,777,178,158,246,293.58,0.7925,0.7098,0.405725,5,77,21,145.71,0.9915,0.2710,0.053939,4.385
955813,520,441,961,239,19,4,29.74,0.9967,0.5383,0.188286,1,22,28,217.84,0.8889,0.0864,0.006641,4.207
955833,520,298,818,243,116,148,6.07,0.8043,0.6700,0.336863,30,63,28,142.67,0.7849,0.2334,0.039148,4.340
955856,520,393,913,226,21,233,326.64,0.9872,0.5920,0.225906,58,4,52,333.41,0.8292,0.1413,0.012344,4.426
955896,520,311,831,254,84,185,347.86,0.9883,0.6584,0.309175,43,40,105,280.28,0.6886,0.2214,0.030510,4.461
955920,520,480,1000,196,54,160,340.04,0.7970,0.5135,0.169139,0,0,0,0.00,0.0000,0.0000,0.000000,4.383
955923,520,471,991,174,23,243,310.33,0.9780,0.5154,0.160835,14,0,23,312.57,1.0000,0.0424,0.001552,4.090
955936,520,370,890,220,85,197,334.96,0.8092,0.6091,0.257459,61,25,39,357.25,0.5110,0.1684,0.018340,4.499
955947,520,448,968,202,39,200,328.74,0.9125,0.5361,0.181795,29,7,28,329.26,0.6210,0.0798,0.004970,4.217
955951,520,366,886,235,85,152,356.09,0.8114,0.6135,0.264289,42,39,33,84.58,0.1196,0.1709,0.020531,4.456
955958,520,14,534,248,254,198,112.71,0.9864,0.9754,0.949174,34,128,123,189.70,0.8154,0.4738,0.172077,4.499
955971,520,8,528,252,253,233,109.19,0.9334,0.9860,0.968293,20,134,76,154.26,0.9717,0.4747,0.177199,4.482
955977,520,374,894,223,31,240,324.20,0.9796,0.5956,0.229614,48,0,97,296.62,1.0000,0.1627,0.014915,4.307
955980,520,454,974,235,17,16,28.79,0.9911,0.5294,0.181037,15,8,42,286.80,0.7396,0.0744,0.004424,4.245
955992,520,348,868,253,81,112,14.19,0.9750,0.6281,0.279408,52,43,11,93.30,0.7051,0.1895,0.024820,4.403
956003,520,282,802,225,134,185,346.00,0.6465,0.6878,0.365623,20,70,10,140.78,0.9761,0.2497,0.045508,4.352
956018,520,472,992,226,28,35,26.93,0.9757,0.5159,0.171235,12,0,1,16.52,1.0000,0.0287,0.000804,4.355
956032,520,444,964,196,8,241,317.22,0.9942,0.5443,0.182618,15,12,42,283.26,0.6549,0.0815,0.005317,4.205
956036,520,430,950,171,63,254,305.37,0.9925,0.5497,0.193694,32,16,24,348.82,0.3560,0.0983,0.007436,4.243
956089,520,436,956,227,52,110,6.83,0.8723,0.5490,0.199154,13,10,61,276.01,0.8893,0.0943,0.006395,4.418
956092,520,450,970,196,2,235,318.62,0.9983,0.5381,0.177789,11,14,22,268.51,0.2572,0.0697,0.004431,4.185
956119,520,429,949,196,69,195,328.13,0.8008,0.5498,0.199337,23,22,7,105.32,0.5035,0.0962,0.007713,4.320
956148,520,396,916,242,62,80,20.71,0.9219,0.5801,0.229049,62,9,1,33.98,0.9723,0.1366,0.012219,4.485
956155,520,448,968,185,66,212,319.60,0.8358,0.5403,0.189654,24,16,6,73.19,0.4541,0.0822,0.005779,4.296
956164,520,421,941,209,61,193,332.74,0.8457,0.5616,0.207450,31,22,16,55.16,0.2541,0.1077,0.009026,4.362
956165,520,420,940,204,14,238,319.98,0.9900,0.5564,0.193262,21,27,24,163.76,0.1434,0.1125,0.010092,4.048
956168,520,409,929,250,0,80,16.35,1.0000,0.5651,0.209068,2,39,5,144.39,0.9892,0.1348,0.014748,4.001
956180,520,405,925,211,29,250,318.96,0.9820,0.5824,0.216315,10,16,85,269.03,0.9477,0.1295,0.010909,4.372
956182,520,462,982,195,39,213,323.22,0.9245,0.5332,0.178588,6,4,34,278.79,0.8458,0.0523,0.002410,4.362
956194,520,394,914,229,76,151,353.97,0.8026,0.5917,0.240639,16,39,14,142.18,0.8116,0.1429,0.015929,4.408
956243,520,473,993,217,55,39,29.91,0.9257,0.5178,0.176331,4,4,8,284.11,0.2656,0.0345,0.001302,4.412
956258,520,479,999,131,95,206,295.72,0.6859,0.5074,0.174660,1,0,2,311.99,1.0000,0.0114,0.000108,4.483
956269,520,455,975,212,41,146,348.96,0.8661,0.5251,0.176605,18,11,1,83.44,0.7995,0.0628,0.003701,4.220
956271,520,456,976,235,28,5,30.31,0.9955,0.5334,0.185068,2,15,13,184.19,0.7039,0.0616,0.003836,4.366
956278,520,281,801,250,104,222,335.74,0.9670,0.6939,0.355013,16,70,31,148.73,0.9431,0.2512,0.045892,4.224
956290,520,467,987,211,59,106,6.76,0.8033,0.5236,0.180197,6,6,13,283.71,0.3043,0.0438,0.001980,4.429
956317,520,418,938,218,14,203,332.20,0.9833,0.5556,0.195336,1,11,90,264.67,0.9824,0.1242,0.009839,4.100
956361,520,302,822,247,112,132,13.15,0.8623,0.6653,0.330314,12,58,83,237.80,0.7780,0.2324,0.037286,4.357
956369,520,452,972,224,3,141,352.34,0.9937,0.5308,0.178382,23,3,39,306.27,0.8273,0.0718,0.003938,4.234
956381,520,328,848,252,108,22,44.52,0.9795,0.6509,0.314818,51,50,37,103.93,0.2136,0.2133,0.031186,4.494
956391,520,403,923,212,73,188,335.39,0.8062,0.5766,0.223949,34,23,48,303.08,0.4566,0.1285,0.011663,4.443
956392,520,402,922,248,40,81,17.97,0.9601,0.5750,0.220717,3,34,48,231.95,0.8361,0.1341,0.013767,4.245
956394,520,329,849,250,64,219,335.86,0.9733,0.6491,0.291083,1,59,25,151.25,0.9955,0.2076,0.032044,4.157
956396,520,422,942,237,32,125,1.36,0.9458,0.5601,0.205213,35,22,2,77.37,0.8299,0.1101,0.009356,4.300
956402,520,333,853,249,48,219,335.48,0.9708,0.6358,0.273712,31,34,107,274.32,0.8199,0.2009,0.024968,4.318
956403,520,466,986,166,85,183,320.44,0.6596,0.5187,0.180237,16,4,23,312.51,0.6507,0.0540,0.002589,4.378
956426,520,458,978,226,43,54,24.43,0.9429,0.5275,0.181657,10,7,25,289.03,0.5480,0.0557,0.002867,4.382
956434,520,445,965,199,58,186,332.00,0.8241,0.5375,0.187151,5,1,65,269.77,0.9951,0.0791,0.004356,4.363
956444,520,417,937,254,7,11,28.84,0.9977,0.5677,0.212508,36,6,63,302.51,0.8554,0.1155,0.008642,4.476
956447,520,426,946,216,41,202,331.96,0.9272,0.5631,0.204512,28,25,3,102.20,0.7812,0.1089,0.009487,4.278
956450,520,469,989,232,14,7,29.30,0.9937,0.5217,0.174884,2,5,14,260.93,0.5436,0.0376,0.001531,4.364
956460,520,370,890,243,33,211,336.09,0.9751,0.6124,0.248485,47,36,34,30.16,0.1630,0.1695,0.019816,4.275
956466,520,228,748,248,158,57,64.34,0.9195,0.7373,0.447081,7,81,52,160.14,0.9691,0.2916,0.061777,4.447
956484,520,372,892,251,68,109,12.77,0.9603,0.6096,0.257511,25,36,71,268.55,0.5628,0.1677,0.019233,4.442
956489,520,449,969,241,11,33,26.58,0.9946,0.5417,0.190533,14,17,8,123.14,0.3333,0.0747,0.005118,4.364
956491,520,365,885,241,67,167,349.89,0.8862,0.6101,0.255081,54,32,20,49.04,0.4470,0.1656,0.018679,4.442
956498,520,389,909,249,50,125,4.73,0.9484,0.5949,0.239050,41,33,32,26.38,0.1239,0.1533,0.016634,4.338
956503,520,464,984,221,11,114,1.35,0.9769,0.5159,0.168291,18,5,0,56.99,1.0000,0.0495,0.002372,4.168
956532,520,441,961,223,41,135,355.55,0.8902,0.5415,0.190257,9,13,55,271.84,0.8537,0.0905,0.006217,4.274
956538,520,432,952,220,68,85,18.54,0.8275,0.5452,0.200083,34,17,12,37.16,0.4130,0.0994,0.007676,4.336
956543,520,340,860,252,22,244,330.09,0.9939,0.6449,0.278040,94,0,1,28.74,1.0000,0.2013,0.023823,4.444
956544,520,474,994,176,50,230,312.90,0.9128,0.5243,0.172255,0,2,12,259.14,1.0000,0.0252,0.000700,4.384
956550,520,456,976,209,71,70,24.55,0.8092,0.5252,0.185062,29,1,15,351.40,0.8306,0.0624,0.003175,4.421
956571,520,381,901,184,93,253,307.33,0.9765,0.6034,0.251117,32,35,62,277.61,0.4193,0.1644,0.018569,4.391
956581,520,477,997,157,60,234,305.10,0.8943,0.5100,0.163409,1,2,2,196.09,0.2306,0.0214,0.000543,4.222
956583,520,266,786,249,109,234,331.87,0.9689,0.7053,0.370201,51,65,28,126.43,0.5975,0.2558,0.045682,4.392
956584,520,278,798,244,121,172,355.64,0.8173,0.6878,0.358890,80,51,38,44.90,0.3889,0.2550,0.042133,4.438
956597,520,359,879,255,16,189,344.47,1.0000,0.6169,0.253082,52,5,102,296.89,0.9508,0.1787,0.017979,4.458
956609,520,400,920,220,48,212,330.25,0.9285,0.5811,0.220852,28,36,17,127.44,0.4667,0.1432,0.015491,4.136
956622,520,461,981,188,56,202,323.74,0.8468,0.5275,0.177854,21,2,8,358.67,0.7119,0.0494,0.002204,4.365
956636,520,411,931,227,79,69,27.55,0.8521,0.5690,0.223552,17,30,18,146.35,0.4349,0.1161,0.010914,4.491
956638,520,415,935,205,11,254,316.76,0.9958,0.5703,0.203758,11,10,82,270.80,0.9632,0.1176,0.008974,4.303
956716,520,339,859,235,103,146,2.13,0.7681,0.6363,0.294406,32,52,11,131.73,0.8616,0.1959,0.027872,4.423
956741,520,350,870,250,31,214,336.87,0.9821,0.6260,0.261622,32,44,69,264.07,0.4059,0.1929,0.025380,4.134
956753,520,378,898,251,11,178,346.69,0.9927,0.6027,0.239663,29,21,95,278.63,0.8693,0.1624,0.016237,4.373
956754,520,401,921,224,70,170,344.93,0.8211,0.5844,0.231323,59,17,21,17.71,0.6582,0.1449,0.013850,4.406
956787,520,330,850,188,114,249,307.25,0.9134,0.6382,0.295663,55,50,18,100.53,0.6152,0.2138,0.031371,4.248
956797,520,367,887,252,26,187,344.53,0.9813,0.6131,0.250255,69,14,37,359.27,0.7275,0.1660,0.017131,4.473
956803,520,343,863,206,97,235,318.70,0.8689,0.6265,0.276708,30,42,80,268.61,0.5500,0.1939,0.025111,4.350
956811,520,336,856,241,53,250,326.05,0.9832,0.6448,0.281517,1,25,134,264.24,0.9784,0.2040,0.024227,4.466
956816,520,391,911,244,42,144,356.74,0.9357,0.5864,0.229059,67,0,50,341.79,1.0000,0.1539,0.014238,4.344
956846,520,459,979,182,68,193,324.11,0.7799,0.5250,0.179308,27,4,6,16.63,0.6870,0.0624,0.003330,4.300
956850,520,418,938,183,67,244,311.00,0.9320,0.5625,0.206142,45,20,7,47.09,0.6506,0.1220,0.010736,4.217
956868,520,416,936,250,31,65,21.66,0.9777,0.5715,0.216893,30,25,35,307.44,0.2156,0.1210,0.010926,4.381
956899,520,364,884,240,60,187,342.70,0.9100,0.6113,0.253477,20,35,79,266.65,0.7009,0.1684,0.019152,4.389
956922,520,385,905,236,82,63,30.15,0.8971,0.5886,0.242293,35,33,34,345.51,0.0354,0.1470,0.015605,4.455
956923,520,446,966,213,70,88,17.18,0.7907,0.5352,0.192334,21,7,40,299.26,0.7240,0.0772,0.004646,4.435
956938,520,478,998,186,79,122,357.48,0.6298,0.5101,0.174377,2,0,6,302.89,1.0000,0.0170,0.000261,4.464
956956,520,406,926,181,78,250,308.29,0.9580,0.5771,0.221755,48,15,43,333.77,0.6190,0.1310,0.011445,4.423
956963,520,374,894,226,48,231,326.91,0.9551,0.6038,0.240544,71,13,14,24.61,0.8442,0.1624,0.016594,4.363
956983,520,417,937,220,46,201,333.30,0.9194,0.5729,0.213889,32,16,55,299.20,0.6628,0.1174,0.009535,4.433
956994,520,383,903,249,68,73,24.21,0.9619,0.5984,0.247585,10,41,35,178.07,0.6993,0.1525,0.017717,4.395
957000,520,470,990,232,17,21,28.27,0.9903,0.5232,0.176140,4,6,2,127.44,0.4462,0.0377,0.001604,4.382
957001,520,23,543,247,246,236,102.01,0.4083,0.9664,0.917419,24,132,2,141.41,0.9989,0.4604,0.167004,4.458
957002,520,384,904,215,61,222,326.12,0.9091,0.5897,0.230604,7,33,73,259.03,0.8342,0.1518,0.016138,4.243
957004,520,458,978,174,69,213,315.40,0.8191,0.5279,0.180600,0,6,43,263.17,1.0005,0.0594,0.003046,4.347
957009,520,353,873,247,36,204,338.88,0.9717,0.6171,0.253987,10,45,62,233.92,0.7243,0.1789,0.022890,4.170
957027,520,443,963,190,13,246,314.44,0.9911,0.5399,0.178901,23,8,41,301.09,0.7055,0.0821,0.005159,4.150
957037,520,347,867,197,105,237,314.48,0.8494,0.6273,0.280890,54,41,10,85.68,0.7161,0.1866,0.023921,4.476
957042,520,459,979,133,89,247,290.85,0.9217,0.5319,0.188466,15,9,6,52.05,0.2510,0.0568,0.003101,4.491
957055,520,441,961,238,29,49,24.61,0.9768,0.5433,0.192809,10,11,62,272.70,0.9072,0.0949,0.006516,4.296
957078,520,366,886,253,57,121,7.41,0.9798,0.6068,0.251929,16,47,2,137.64,0.9865,0.1679,0.021475,4.224
957091,520,279,799,217,149,137,30.31,0.5012,0.6905,0.380543,11,70,50,164.98,0.9168,0.2547,0.046816,4.447
957096,520,330,850,247,95,135,7.28,0.8844,0.6414,0.297109,10,52,72,234.19,0.7733,0.2065,0.029882,4.345
957099,520,413,933,241,44,101,11.24,0.9329,0.5680,0.214450,24,28,19,127.31,0.2371,0.1165,0.010717,4.355
957106,520,440,960,235,3,131,357.98,0.9956,0.5490,0.193690,13,18,33,269.14,0.3998,0.0865,0.006280,4.330
957118,520,434,954,192,71,197,326.16,0.7922,0.5470,0.197456,23,2,69,286.10,0.9689,0.1004,0.006552,4.376
957119,520,332,852,247,37,240,329.86,0.9838,0.6393,0.273915,59,43,27,65.81,0.3798,0.2018,0.027368,4.187
957124,520,39,559,254,232,253,327.24,0.9825,0.9472,0.858765,54,121,91,162.07,0.6683,0.4481,0.152138,4.496
957133,520,432,952,212,60,157,345.97,0.8074,0.5466,0.196653,35,1,50,312.90,0.9406,0.0950,0.006094,4.397
957136,520,348,868,248,96,6,42.23,0.9943,0.6255,0.283386,2,47,77,244.40,0.9244,0.1924,0.025816,4.397
957154,520,452,972,233,20,50,23.52,0.9842,0.5290,0.180574,1,17,9,163.08,0.9241,0.0650,0.004271,4.249
957157,520,388,908,254,50,10,31.97,0.9960,0.5868,0.233777,58,23,0,51.45,1.0000,0.1497,0.015125,4.357
957166,520,453,973,232,39,5,31.45,0.9949,0.5334,0.186209,10,16,1,124.70,0.8835,0.0670,0.004373,4.344
957170,520,453,973,157,77,229,304.61,0.8412,0.5270,0.181335,8,11,37,273.85,0.6761,0.0703,0.004245,4.265
957181,520,411,931,220,33,202,332.98,0.9502,0.5657,0.205699,10,2,89,270.07,0.9947,0.1162,0.008291,4.387
957231,520,399,919,194,88,211,321.93,0.7758,0.5813,0.231532,16,32,51,253.66,0.4973,0.1366,0.013821,4.411
957242,520,318,838,236,83,244,325.78,0.9554,0.6593,0.305533,19,60,46,167.43,0.7228,0.2227,0.035673,4.150
957245,520,465,985,188,93,18,51.34,0.9056,0.5165,0.185654,1,11,13,207.30,0.7595,0.0508,0.002748,4.467
957246,520,431,951,244,16,67,19.85,0.9890,0.5535,0.200124,35,6,43,318.18,0.7577,0.0969,0.006620,4.418
957254,520,259,779,245,120,225,333.76,0.9340,0.7106,0.382841,92,52,10,61.17,0.8182,0.2719,0.047535,4.438
957257,520,466,986,153,68,241,301.59,0.9115,0.5201,0.172578,4,9,12,228.38,0.3043,0.0486,0.002477,4.241
957272,520,360,880,198,106,227,317.51,0.7959,0.6239,0.278610,33,46,17,129.20,0.6340,0.1785,0.023178,4.491
957273,520,319,839,242,47,254,325.46,0.9966,0.6454,0.280686,69,20,106,305.56,0.8211,0.2215,0.028062,4.236
957288,520,463,983,150,72,249,298.64,0.9528,0.5284,0.179586,10,8,14,300.58,0.2265,0.0524,0.002699,4.357
957289,520,209,729,244,145,242,327.74,0.9363,0.7583,0.458967,78,69,72,355.51,0.0847,0.3085,0.063439,4.487
957290,520,444,964,221,56,122,1.51,0.8360,0.5449,0.196082,25,12,25,326.84,0.4089,0.0814,0.005398,4.442
957304,520,347,867,245,43,230,331.77,0.9743,0.6325,0.268563,21,44,73,255.15,0.5809,0.1882,0.024417,4.281
957313,520,342,862,231,91,190,340.82,0.8199,0.6309,0.281912,9,43,83,255.22,0.8109,0.1879,0.024102,4.479
957317,520,477,997,212,51,93,11.07,0.8465,0.5138,0.171574,3,1,9,297.22,0.7058,0.0244,0.000608,4.378
957332,520,422,942,243,4,128,0.48,0.9956,0.5644,0.207034,36,12,47,313.64,0.6705,0.1101,0.008433,4.399
957337,520,436,956,136,100,239,291.24,0.8400,0.5472,0.205805,23,16,37,297.72,0.4655,0.0937,0.006863,4.499
957338,520,350,870,196,119,200,325.24,0.6158,0.6282,0.291007,23,52,31,151.05,0.6497,0.1937,0.027370,4.407
957345,520,247,767,173,169,231,287.05,0.5938,0.7215,0.430295,31,77,33,144.37,0.8798,0.2814,0.057087,4.485
957355,520,425,945,190,98,155,343.80,0.5745,0.5610,0.220504,10,31,15,149.56,0.7204,0.1141,0.010790,4.450
957366,520,446,966,224,0,164,344.85,1.0000,0.5411,0.185303,9,22,0,131.88,1.0000,0.0827,0.006319,4.178
957370,520,281,801,197,136,251,307.16,0.9197,0.6890,0.364443,47,61,62,201.74,0.1656,0.2503,0.042896,4.461
957381,520,341,861,241,32,240,328.50,0.9852,0.6267,0.260278,51,36,81,296.75,0.5502,0.2009,0.025597,4.104
957382,520,360,880,252,45,184,345.81,0.9775,0.6208,0.260363,68,7,78,321.31,0.8516,0.1825,0.019311,4.478
957386,520,434,954,237,26,113,5.18,0.9609,0.5534,0.199387,27,22,15,75.98,0.2291,0.1025,0.008413,4.269
957396,520,284,804,245,99,249,326.64,0.9755,0.6947,0.351782,77,54,17,75.98,0.7060,0.2540,0.042568,4.340
957401,520,447,967,234,37,44,26.28,0.9658,0.5387,0.190005,33,3,22,344.93,0.7537,0.0761,0.004464,4.407
957421,520,434,954,140,92,250,292.48,0.9421,0.5468,0.201318,0,17,62,261.59,1.0000,0.0998,0.007486,4.372
957430,520,319,839,253,55,229,333.88,0.9909,0.6532,0.292753,58,43,70,309.17,0.3620,0.2180,0.030695,4.247
957448,520,345,865,247,5,242,329.47,0.9986,0.6314,0.262964,15,53,24,148.46,0.8945,0.1913,0.027136,4.057
957453,520,475,995,215,7,156,345.34,0.9827,0.5209,0.170017,0,5,0,142.50,1.0000,0.0294,0.001085,4.307
957472,520,458,978,210,62,118,1.81,0.7840,0.5289,0.184571,20,0,31,312.48,1.0000,0.0557,0.002477,4.470
957479,520,360,880,233,75,196,338.63,0.8709,0.6182,0.263438,4,49,42,179.56,0.9179,0.1794,0.023895,4.242
957490,520,308,828,236,102,216,333.70,0.8821,0.6666,0.322958,92,31,17,34.35,0.7909,0.2317,0.032961,4.496
957491,520,419,939,201,49,233,319.71,0.9351,0.5648,0.204989,46,10,15,15.61,0.6832,0.1081,0.008325,4.372
957494,520,411,931,252,7,70,19.39,0.9962,0.5689,0.212933,42,22,19,29.13,0.3824,0.1240,0.011131,4.301
957513,520,281,801,241,136,76,48.64,0.8431,0.6861,0.368335,13,67,65,191.27,0.8200,0.2511,0.044813,4.412
957515,520,417,937,246,7,110,6.92,0.9935,0.5654,0.208740,37,23,5,71.62,0.6747,0.1159,0.010171,4.300
957517,520,376,896,248,58,123,6.08,0.9368,0.5986,0.244160,59,23,39,354.14,0.5298,0.1613,0.016892,4.398
957523,520,422,942,187,70,234,314.39,0.8872,0.5638,0.208867,9,26,42,248.83,0.5643,0.1102,0.009640,4.341
957526,520,454,974,235,10,15,28.56,0.9951,0.5275,0.179170,32,0,20,345.49,1.0000,0.0678,0.003576,4.277
957534,520,351,871,249,39,211,337.49,0.9727,0.6261,0.262971,14,40,88,261.33,0.8011,0.1861,0.023154,4.278
957544,520,352,872,216,96,192,335.84,0.7483,0.6151,0.267724,78,4,70,333.62,0.8744,0.1931,0.021490,4.444
957547,520,412,932,220,29,215,329.54,0.9672,0.5722,0.210029,32,26,0,97.42,1.0000,0.1159,0.010459,4.301
957559,520,424,944,250,6,12,28.73,0.9978,0.5589,0.204845,21,6,71,282.12,0.9300,0.1064,0.007446,4.436
957574,520,403,923,233,0,196,337.65,1.0000,0.5761,0.213119,57,15,0,41.68,1.0000,0.1339,0.012116,4.236
957582,520,460,980,194,39,209,323.99,0.9178,0.5286,0.175254,23,3,25,324.39,0.7307,0.0620,0.003175,4.236
957587,520,480,1000,135,76,246,293.48,0.9316,0.5133,0.169736,0,0,0,0.00,0.0000,0.0000,0.000000,4.395
957589,520,392,912,238,53,165,349.04,0.9037,0.5915,0.234429,0,16,108,264.10,0.9824,0.1550,0.014532,4.408
957592,520,386,906,251,54,47,28.10,0.9821,0.5861,0.233564,70,8,9,25.84,0.9116,0.1541,0.014957,4.365
957596,520,461,981,233,3,55,21.61,0.9977,0.5251,0.176677,1,7,28,261.39,0.8800,0.0498,0.002422,4.324
957609,520,477,997,217,53,18,32.98,0.9714,0.5143,0.173442,3,0,15,291.58,1.0000,0.0243,0.000538,4.421
957611,520,429,949,233,27,113,4.56,0.9536,0.5457,0.193028,40,12,26,351.32,0.5626,0.1042,0.007887,4.198
957622,520,474,994,199,64,135,351.88,0.7474,0.5176,0.175601,7,1,9,320.63,0.7012,0.0295,0.000866,4.435
957623,520,427,947,242,32,86,15.19,0.9635,0.5593,0.205855,13,20,52,270.62,0.6682,0.1048,0.008338,4.386
957625,520,385,905,210,48,244,319.65,0.9556,0.5868,0.223489,59,12,51,335.51,0.7270,0.1513,0.014319,4.252
957645,520,395,915,223,10,246,323.01,0.9957,0.5936,0.225610,11,34,47,236.16,0.5837,0.1371,0.014204,4.293
957685,520,387,907,250,65,28,32.81,0.9774,0.5925,0.241920,46,22,61,310.56,0.6077,0.1515,0.014916,4.497
957692,520,389,909,222,48,223,327.89,0.9436,0.5917,0.229734,53,25,8,49.78,0.6818,0.1461,0.014698,4.324
957722,520,373,893,230,24,233,327.59,0.9858,0.5999,0.233619,39,38,30,101.42,0.1558,0.1638,0.019113,4.104
957734,520,464,984,210,58,104,7.28,0.8053,0.5200,0.177295,10,7,4,73.88,0.2507,0.0467,0.002253,4.350
957752,520,314,834,253,94,162,357.12,0.9654,0.6594,0.314999,64,44,63,328.18,0.3090,0.2244,0.032503,4.424
957776,520,389,909,206,69,238,319.29,0.9170,0.5942,0.235527,38,30,44,310.30,0.2630,0.1473,0.015225,4.378
957778,520,457,977,203,54,173,337.45,0.8247,0.5330,0.183539,0,10,31,255.73,0.9999,0.0576,0.003160,4.393
957801,520,465,985,219,47,94,11.11,0.8783,0.5244,0.179038,18,3,11,346.15,0.6018,0.0486,0.002179,4.389
957814,520,397,917,217,47,216,328.40,0.9319,0.5779,0.217447,45,26,29,9.26,0.3090,0.1407,0.013854,4.188
957826,520,294,814,231,140,55,59.50,0.8481,0.6768,0.360232,11,69,7,142.10,0.9860,0.2430,0.043426,4.391
957841,520,475,995,226,35,29,28.63,0.9686,0.5193,0.174624,9,2,4,357.28,0.4900,0.0326,0.001103,4.396
957843,520,464,984,231,1,43,24.11,0.9993,0.5188,0.171881,11,1,36,290.49,0.9394,0.0518,0.002202,4.250
957855,520,417,937,246,13,133,359.58,0.9871,0.5742,0.215775,49,2,50,327.33,0.8769,0.1205,0.009268,4.484
957877,520,393,913,236,1,214,333.65,0.9994,0.5928,0.227124,55,21,1,49.47,0.9251,0.1405,0.013509,4.364
957901,520,74,594,251,216,248,328.77,0.9554,0.9079,0.763992,8,121,45,147.42,0.9935,0.4247,0.139152,4.303
957908,520,284,804,253,100,224,335.81,0.9872,0.6944,0.353817,29,69,19,139.86,0.9271,0.2514,0.045643,4.222
957918,520,427,947,237,8,151,351.92,0.9896,0.5623,0.204156,11,13,64,272.54,0.8939,0.1010,0.007291,4.436
957924,520,390,910,250,51,108,10.77,0.9594,0.5927,0.237779,59,11,50,336.47,0.7370,0.1495,0.013996,4.497
957930,520,429,949,204,14,236,320.43,0.9895,0.5548,0.192093,16,26,22,168.06,0.2591,0.1049,0.009069,4.099
957974,520,425,945,246,12,95,11.81,0.9901,0.5624,0.206855,1,21,58,259.37,0.9576,0.1054,0.008482,4.392
957975,520,423,943,223,20,196,335.34,0.9740,0.5620,0.201762,24,13,64,285.68,0.7985,0.1116,0.008522,4.302
957995,520,468,988,190,86,88,20.98,0.6319,0.5174,0.183089,2,7,15,249.85,0.5453,0.0432,0.001993,4.483
958005,520,370,890,246,21,199,339.87,0.9856,0.6066,0.242558,5,49,15,146.99,0.9752,0.1722,0.022633,4.028
958013,520,463,983,226,40,58,22.97,0.9456,0.5259,0.179947,12,3,29,296.64,0.7779,0.0515,0.002320,4.395
958024,520,476,996,218,47,24,31.09,0.9630,0.5112,0.170070,2,1,2,326.51,0.3040,0.0189,0.000390,4.367
958034,520,453,973,212,3,184,335.95,0.9941,0.5301,0.175251,28,5,4,26.86,0.7039,0.0654,0.003642,4.199
958036,520,415,935,190,88,197,325.00,0.7261,0.5668,0.219591,0,31,49,238.25,1.0000,0.1243,0.012017,4.347
958048,520,367,887,246,84,3,39.22,0.9970,0.6055,0.259434,71,22,2,41.22,0.9317,0.1733,0.019180,4.473
958055,520,311,831,235,78,253,323.44,0.9911,0.6583,0.302050,38,58,32,138.67,0.5186,0.2236,0.035424,4.121
958060,520,384,904,255,46,81,19.14,1.0000,0.5930,0.238118,43,28,43,326.56,0.3220,0.1484,0.015186,4.420
958115,520,415,935,237,65,32,32.74,0.9572,0.5672,0.218925,15,32,3,133.98,0.9336,0.1179,0.011411,4.379
958117,520,436,956,199,48,219,322.64,0.9145,0.5506,0.193721,22,15,38,295.80,0.5058,0.0913,0.006522,4.312
958129,520,447,967,170,71,238,307.79,0.8946,0.5439,0.192263,27,1,44,308.33,0.9341,0.0778,0.004366,4.456
958132,520,454,974,204,6,207,327.56,0.9913,0.5313,0.174745,34,2,1,29.81,0.9423,0.0691,0.003857,4.173
958137,520,398,918,204,42,249,317.06,0.9726,0.5771,0.213344,14,24,78,269.22,0.8590,0.1386,0.012966,4.182
958140,520,445,965,224,54,69,21.67,0.9007,0.5350,0.189180,30,6,22,342.32,0.6244,0.0765,0.004642,4.377
958146,520,477,997,222,15,92,9.57,0.9740,0.5122,0.166467,2,0,4,311.99,1.0000,0.0155,0.000217,4.311
958149,520,311,831,226,94,249,321.44,0.9657,0.6603,0.310156,52,49,58,300.67,0.1254,0.2197,0.032322,4.375
958151,520,445,965,237,21,37,26.33,0.9867,0.5365,0.186777,27,13,18,356.97,0.3366,0.0831,0.005646,4.255
958154,520,374,894,223,85,162,349.05,0.7597,0.5971,0.247959,47,35,23,66.17,0.3260,0.1636,0.018683,4.338
958158,520,452,972,233,19,73,17.37,0.9800,0.5323,0.182735,3,14,29,253.15,0.6655,0.0675,0.004221,4.292
958160,520,351,871,253,68,167,352.54,0.9777,0.6326,0.278103,69,33,15,45.76,0.6559,0.1918,0.023876,4.441
958164,520,479,999,211,41,114,1.10,0.8638,0.5100,0.166520,0,0,2,264.05,1.0000,0.0079,0.000044,4.327
958175,520,407,927,249,26,76,18.38,0.9801,0.5690,0.214039,11,33,46,237.21,0.5717,0.1336,0.013561,4.154
958197,520,441,961,235,18,80,15.40,0.9807,0.5376,0.186771,27,12,38,308.83,0.5811,0.0915,0.006359,4.201
958232,520,352,872,249,81,86,22.98,0.9506,0.6151,0.266998,82,14,28,14.49,0.8096,0.1903,0.021921,4.408
958243,520,467,987,223,39,65,20.62,0.9380,0.5201,0.175234,2,4,25,269.53,0.8456,0.0415,0.001699,4.357
958259,520,174,694,241,183,163,39.86,0.6505,0.7990,0.552138,63,90,6,127.43,0.9690,0.3417,0.083821,4.500
958261,520,418,938,185,104,151,345.29,0.5138,0.5625,0.224505,7,33,30,184.83,0.6768,0.1237,0.012266,4.409
958271,520,462,982,168,71,224,310.33,0.8402,0.5301,0.182139,14,5,15,323.70,0.4568,0.0500,0.002364,4.433
958275,520,454,974,213,3,177,338.26,0.9936,0.5277,0.173878,16,5,38,293.86,0.7743,0.0666,0.003586,4.178
958277,520,219,739,234,171,63,77.06,0.8414,0.7467,0.469790,50,81,4,130.70,0.9806,0.3030,0.065716,4.492
958287,520,333,853,244,25,252,326.53,0.9924,0.6374,0.269594,19,55,9,139.73,0.9584,0.1976,0.028905,4.050
958301,520,404,924,242,50,130,1.80,0.9126,0.5829,0.227733,11,30,60,259.23,0.6854,0.1348,0.013259,4.390
958305,520,459,979,236,7,16,28.38,0.9966,0.5290,0.180255,2,14,2,143.31,0.9369,0.0557,0.003314,4.319
958321,520,371,891,238,26,224,331.63,0.9841,0.6087,0.243005,3,39,80,254.92,0.9131,0.1723,0.020495,4.156
958329,520,430,950,197,92,131,358.64,0.6058,0.5521,0.211650,1,28,24,181.80,0.9446,0.1025,0.009029,4.433
958334,520,241,761,248,138,190,351.34,0.8599,0.7289,0.418536,51,75,5,128.05,0.9646,0.2846,0.057468,4.360
958343,520,422,942,214,8,223,326.11,0.9932,0.5608,0.197996,3,31,10,149.25,0.9568,0.1093,0.010212,4.119
958373,520,434,954,243,13,14,28.80,0.9945,0.5454,0.193777,6,20,49,262.24,0.7537,0.0981,0.007607,4.232
958388,520,405,925,216,5,241,322.43,0.9972,0.5771,0.210603,1,36,13,151.18,0.9887,0.1254,0.012972,4.138
958392,520,480,1000,214,50,13,33.05,0.9796,0.5051,0.166089,0,0,0,0.00,0.0000,0.0000,0.000000,4.322
958428,520,357,877,229,83,197,337.48,0.8419,0.6212,0.268781,68,30,15,41.45,0.6609,0.1838,0.021922,4.432
958429,520,474,994,225,36,48,25.00,0.9582,0.5197,0.174856,9,1,0,41.05,1.0000,0.0277,0.000798,4.426
958431,520,315,835,239,112,150,3.23,0.7783,0.6579,0.321437,0,63,28,151.98,1.0000,0.2220,0.036387,4.300
958436,520,442,962,238,23,33,27.12,0.9858,0.5390,0.189030,36,5,11,11.60,0.7216,0.0809,0.005078,4.340
958437,520,354,874,253,3,205,339.70,0.9986,0.6192,0.253589,60,10,90,307.99,0.8671,0.1823,0.019160,4.390
958442,520,379,899,254,25,138,359.76,0.9916,0.5956,0.236047,35,38,36,156.82,0.0571,0.1616,0.018709,4.163
958450,520,444,964,192,13,244,315.42,0.9908,0.5414,0.180273,16,14,34,286.12,0.4811,0.0806,0.005397,4.157
958452,520,479,999,201,73,51,32.07,0.8301,0.5099,0.174237,3,0,0,29.23,1.0000,0.0143,0.000194,4.467
958472,520,398,918,210,24,254,317.91,0.9957,0.5820,0.215124,57,19,18,24.08,0.6296,0.1437,0.013794,4.156
958483,520,188,708,229,178,219,333.22,0.6097,0.7930,0.536144,7,92,69,168.00,0.9685,0.3336,0.081288,4.465
958511,520,321,841,236,122,67,44.74,0.8347,0.6515,0.321598,16,60,16,143.19,0.9521,0.2143,0.033792,4.435
958519,520,456,976,221,8,141,351.76,0.9822,0.5259,0.174715,13,2,35,293.93,0.8737,0.0550,0.002503,4.280
958521,520,407,927,206,16,245,318.92,0.9903,0.5658,0.200867,9,18,81,268.30,0.9337,0.1276,0.010847,4.123
958530,520,421,941,236,58,31,31.58,0.9604,0.5582,0.209610,35,20,32,334.08,0.3445,0.1143,0.009620,4.354
958538,520,315,835,215,110,237,320.44,0.8744,0.6595,0.317149,30,59,38,151.50,0.5687,0.2227,0.035438,4.297
958553,520,478,998,144,91,195,305.47,0.6529,0.5074,0.173519,4,1,6,314.84,0.6159,0.0242,0.000607,4.417
958555,520,403,923,245,24,140,357.44,0.9715,0.5780,0.219625,0,11,96,264.16,0.9856,0.1319,0.010838,4.432
958559,520,443,963,207,31,201,329.87,0.9412,0.5409,0.184644,5,8,51,270.13,0.9211,0.0751,0.004449,4.309
958561,520,379,899,232,65,187,340.92,0.8792,0.6017,0.245269,54,29,3,63.06,0.8381,0.1559,0.016697,4.427
958564,520,344,864,237,108,37,44.99,0.9282,0.6261,0.288660,20,51,35,158.90,0.6430,0.1899,0.026376,4.434
958573,520,447,967,237,27,2,30.41,0.9982,0.5371,0.187960,16,7,48,285.79,0.8123,0.0789,0.004755,4.346
958575,520,430,950,247,0,25,27.37,1.0000,0.5518,0.198480,27,12,55,294.43,0.7380,0.1047,0.007718,4.305
958596,520,473,993,166,52,239,307.57,0.9225,0.5190,0.167957,7,4,0,88.03,1.0000,0.0346,0.001320,4.247
958612,520,292,812,250,115,163,359.88,0.8940,0.6844,0.352327,23,59,90,247.43,0.6442,0.2441,0.040481,4.447
958622,520,258,778,168,165,228,286.18,0.5777,0.7063,0.408363,25,74,35,147.67,0.8919,0.2690,0.052254,4.483
958628,520,340,860,248,105,39,41.90,0.9501,0.6403,0.302093,38,52,16,127.48,0.7159,0.2016,0.029054,4.454
958629,520,430,950,194,57,217,321.44,0.8826,0.5487,0.194068,22,24,16,119.20,0.2225,0.1026,0.008613,4.164
958634,520,301,821,246,66,255,325.95,1.0000,0.6660,0.307119,102,13,24,21.31,0.9087,0.2325,0.031791,4.366
958639,520,296,816,201,140,208,323.11,0.5734,0.6784,0.357287,18,66,30,148.46,0.9200,0.2380,0.041186,4.467
958650,520,331,851,244,102,104,22.03,0.8774,0.6381,0.297383,22,56,4,137.28,0.9791,0.2020,0.030076,4.338
958661,520,388,908,165,114,216,305.58,0.6699,0.5892,0.249922,27,38,22,136.21,0.4029,0.1495,0.016771,4.492
958672,520,376,896,226,102,31,45.33,0.9223,0.5972,0.257730,18,43,15,141.62,0.8363,0.1574,0.018908,4.466
958677,520,389,909,247,2,179,345.49,0.9985,0.5938,0.230755,42,33,16,82.37,0.4445,0.1501,0.016174,4.243
958681,520,363,883,245,70,128,5.30,0.9022,0.6058,0.253545,16,25,102,269.16,0.9282,0.1685,0.017646,4.487
958692,520,375,895,242,72,107,13.14,0.8903,0.5964,0.245767,29,39,48,245.91,0.2310,0.1642,0.019256,4.271
958716,520,400,920,180,78,254,307.13,0.9906,0.5789,0.223086,38,24,51,306.75,0.4746,0.1376,0.013044,4.332
958755,520,450,970,198,61,187,331.38,0.8144,0.5394,0.189328,12,11,35,281.65,0.5962,0.0719,0.004388,4.400
958759,520,358,878,242,57,204,338.03,0.9356,0.6213,0.261660,75,16,44,355.67,0.7263,0.1834,0.020485,4.422
958770,520,443,963,212,49,163,343.23,0.8494,0.5395,0.188402,2,21,14,168.08,0.8590,0.0785,0.005809,4.272
958807,520,420,940,230,13,166,345.74,0.9810,0.5566,0.198668,24,23,26,301.02,0.0720,0.1054,0.008816,4.228
958840,520,420,940,202,58,207,326.55,0.8695,0.5558,0.200894,48,9,23,2.23,0.6928,0.1130,0.008857,4.263
958865,520,408,928,206,94,117,9.34,0.6346,0.5653,0.224135,55,3,52,330.87,0.8503,0.1344,0.011254,4.475
958885,520,426,946,226,79,7,39.64,0.9878,0.5617,0.217788,41,19,7,48.49,0.6132,0.1134,0.009526,4.499
958914,520,460,980,228,0,121,359.96,1.0000,0.5303,0.178773,16,3,34,299.38,0.8098,0.0594,0.002908,4.324
958926,520,416,936,224,31,204,333.44,0.9595,0.5731,0.211893,4,25,67,261.44,0.8994,0.1249,0.011263,4.275
958928,520,317,837,232,103,219,331.55,0.8680,0.6635,0.319730,26,57,44,164.53,0.5462,0.2157,0.033276,4.440
958943,520,273,793,250,98,248,328.25,0.9809,0.7005,0.358393,40,52,124,271.68,0.7261,0.2633,0.043622,4.362
958957,520,387,907,210,106,90,30.23,0.6559,0.5853,0.247499,42,35,10,93.71,0.6347,0.1545,0.017163,4.430
958960,520,145,665,250,194,131,69.02,0.8251,0.8262,0.605481,20,102,24,143.44,0.9807,0.3604,0.097170,4.454
958969,520,330,850,252,70,183,347.17,0.9714,0.6396,0.284979,12,33,122,265.99,0.9434,0.2057,0.025708,4.425
958975,520,398,918,251,19,127,2.56,0.9831,0.5838,0.225109,45,29,20,50.25,0.3529,0.1449,0.014872,4.241
958976,520,424,944,237,42,95,12.57,0.9326,0.5571,0.204898,34,23,13,63.11,0.3729,0.1133,0.009820,4.261
958993,520,388,908,230,29,209,333.56,0.9705,0.5861,0.223077,35,25,68,290.44,0.6214,0.1488,0.014699,4.221
958997,520,387,907,253,55,51,27.48,0.9904,0.5913,0.238577,36,35,24,103.36,0.2377,0.1502,0.016431,4.344
959003,520,480,1000,193,48,170,335.43,0.8241,0.5082,0.163553,0,0,0,0.00,0.0000,0.0000,0.000000,4.271
959004,520,261,781,251,113,236,331.86,0.9794,0.7149,0.383782,19,66,102,245.85,0.7420,0.2712,0.049939,4.340
959024,520,409,929,248,27,83,16.36,0.9768,0.5687,0.213684,3,29,67,257.84,0.8999,0.1344,0.013033,4.183
959032,520,455,975,235,17,52,23.00,0.9874,0.5325,0.183142,25,3,5,16.18,0.7207,0.0568,0.002828,4.413
959062,520,466,986,202,28,191,331.34,0.9342,0.5239,0.171505,19,3,0,44.28,1.0000,0.0462,0.002036,4.257
959076,520,463,983,203,18,199,329.39,0.9678,0.5270,0.172545,9,8,18,288.25,0.3449,0.0533,0.002754,4.219
959077,520,408,928,223,36,191,336.86,0.9376,0.5660,0.207137,51,18,18,22.08,0.5784,0.1309,0.011802,4.161
959078,520,373,893,209,113,88,35.57,0.6338,0.5961,0.260720,13,45,21,149.11,0.8610,0.1627,0.020164,4.428
959080,520,424,944,189,62,240,314.04,0.9213,0.5629,0.205565,30,8,61,296.21,0.8270,0.1083,0.007866,4.416
959088,520,352,872,222,106,140,3.41,0.6727,0.6181,0.277333,3,34,110,263.04,0.9731,0.1906,0.022890,4.491
959097,520,452,972,172,71,210,315.37,0.8027,0.5253,0.179312,5,16,15,188.68,0.4287,0.0673,0.004373,4.217
959101,520,410,930,253,11,60,21.96,0.9948,0.5703,0.214520,47,10,53,321.76,0.7424,0.1290,0.010785,4.352
959102,520,319,839,250,48,236,331.46,0.9806,0.6477,0.284970,42,57,28,131.14,0.5319,0.2229,0.035023,3.940
959117,520,433,953,181,65,238,311.84,0.9068,0.5527,0.197784,11,22,44,262.86,0.5640,0.1022,0.008268,4.252
959123,520,380,900,202,69,252,314.87,0.9807,0.5984,0.238424,27,20,95,277.44,0.8866,0.1591,0.015595,4.397
959128,520,406,926,240,65,68,24.76,0.9214,0.5771,0.227264,54,15,18,18.78,0.6597,0.1315,0.011697,4.494
959131,520,476,996,162,44,238,306.93,0.9352,0.5055,0.156565,2,1,5,297.38,0.5651,0.0207,0.000456,4.094
959144,520,405,925,235,14,195,338.44,0.9874,0.5820,0.219192,46,7,62,313.62,0.8189,0.1310,0.010807,4.427
959154,520,391,911,253,21,124,3.92,0.9846,0.5875,0.228779,23,31,67,271.35,0.5925,0.1504,0.015673,4.245
959163,520,453,973,208,45,156,344.50,0.8485,0.5253,0.176891,8,16,12,162.81,0.2996,0.0685,0.004487,4.164
959164,520,362,882,216,106,144,359.89,0.6376,0.6100,0.269226,15,42,71,252.40,0.6621,0.1781,0.022123,4.426
959171,520,225,745,246,161,102,54.53,0.8306,0.7462,0.460443,32,79,83,202.89,0.5833,0.3046,0.065233,4.430
959179,520,475,995,229,10,64,19.20,0.9904,0.5196,0.172483,0,0,26,264.05,1.0000,0.0289,0.000746,4.384
959188,520,358,878,249,42,189,343.62,0.9604,0.6159,0.254730,61,25,63,325.42,0.5982,0.1811,0.020464,4.325
959203,520,396,916,243,28,146,355.23,0.9628,0.5780,0.219638,22,22,75,276.46,0.7845,0.1368,0.012523,4.313
959212,520,441,961,217,38,163,344.13,0.8977,0.5408,0.187846,31,14,14,20.17,0.3871,0.0894,0.006371,4.219
959242,520,449,969,230,37,101,9.04,0.9280,0.5413,0.190886,6,10,40,271.26,0.7820,0.0693,0.004090,4.453
959246,520,398,918,249,51,40,28.92,0.9758,0.5790,0.226642,6,30,65,258.08,0.8156,0.1366,0.013488,4.357
959249,520,340,860,227,96,199,336.67,0.8074,0.6358,0.288223,36,51,42,158.12,0.2633,0.2031,0.029098,4.276
959265,520,367,887,228,11,254,322.47,0.9964,0.6083,0.238913,26,37,75,269.18,0.5837,0.1741,0.020507,4.098
959268,520,348,868,248,43,215,336.25,0.9694,0.6288,0.265936,24,26,115,271.81,0.9275,0.1905,0.021707,4.406
959290,520,469,989,229,11,37,25.57,0.9927,0.5162,0.170340,12,2,2,22.44,0.6087,0.0352,0.001260,4.298
959299,520,374,894,221,65,217,329.07,0.9017,0.6001,0.241646,42,30,54,306.41,0.3960,0.1579,0.016872,4.361
959303,520,476,996,216,43,66,20.31,0.9159,0.5089,0.167226,2,0,7,299.60,1.0000,0.0177,0.000282,4.320
959304,520,413,933,236,21,160,349.07,0.9705,0.5677,0.209102,35,9,64,299.85,0.8175,0.1190,0.009229,4.375
959320,520,374,894,228,50,216,331.23,0.9394,0.5988,0.237355,42,27,67,298.57,0.5740,0.1603,0.016814,4.301
959323,520,378,898,243,28,188,342.33,0.9729,0.5975,0.235191,8,40,63,244.26,0.7425,0.1638,0.019280,4.117
959330,520,433,953,213,71,141,353.72,0.7616,0.5534,0.205779,38,0,57,310.75,1.0000,0.1047,0.007075,4.481
959331,520,471,991,204,54,136,351.72,0.7977,0.5164,0.172553,8,3,14,307.43,0.5560,0.0386,0.001485,4.323
959334,520,463,983,216,64,69,23.31,0.8546,0.5297,0.186979,2,12,0,137.49,1.0000,0.0500,0.002758,4.492
959337,520,355,875,238,81,158,353.82,0.8409,0.6161,0.265334,61,28,53,337.02,0.5013,0.1806,0.020798,4.454
959346,520,413,933,228,81,36,36.61,0.9273,0.5696,0.225090,2,28,57,253.04,0.8840,0.1228,0.011388,4.481
959351,520,443,963,189,71,188,328.08,0.7676,0.5367,0.189575,32,9,17,0.10,0.5336,0.0829,0.005430,4.322
959356,520,410,930,253,28,51,24.70,0.9913,0.5745,0.219559,48,10,52,323.79,0.7387,0.1300,0.010935,4.424
959361,520,257,777,226,135,229,325.90,0.8118,0.7109,0.391554,76,62,11,92.69,0.8364,0.2730,0.050060,4.413
959362,520,367,887,235,55,206,335.74,0.9297,0.6087,0.248534,53,36,8,76.45,0.7259,0.1719,0.020363,4.243
959363,520,303,823,251,99,178,351.12,0.9416,0.6687,0.326503,19,60,65,206.37,0.6513,0.2307,0.037517,4.302
959364,520,428,948,241,1,137,357.12,0.9988,0.5631,0.205319,11,18,52,270.38,0.7242,0.0990,0.007517,4.439
959373,520,208,728,243,153,208,343.04,0.8198,0.7562,0.463932,103,62,32,55.21,0.5964,0.3149,0.064335,4.495
959376,520,389,909,214,46,243,320.99,0.9598,0.5911,0.227230,50,17,61,316.71,0.6865,0.1493,0.014160,4.321
959385,520,388,908,234,49,182,342.48,0.9170,0.5894,0.230692,9,2,114,267.43,0.9976,0.1522,0.013163,4.444
959390,520,386,906,254,2,130,1.72,0.9985,0.5872,0.227296,4,14,105,265.71,0.9814,0.1499,0.013597,4.360
959392,520,470,990,179,73,189,324.16,0.7476,0.5242,0.180241,16,3,5,8.35,0.5552,0.0439,0.001863,4.439
959395,520,285,805,255,88,242,331.13,1.0000,0.6933,0.346532,96,35,39,19.06,0.6378,0.2504,0.038357,4.488
959402,520,480,1000,223,37,34,28.01,0.9621,0.5147,0.171294,0,0,0,0.00,0.0000,0.0000,0.000000,4.426
959405,520,402,922,237,45,166,348.11,0.9215,0.5843,0.226374,15,26,64,268.07,0.7057,0.1303,0.012105,4.450
959438,520,356,876,246,42,201,339.55,0.9616,0.6168,0.254689,81,12,13,25.70,0.8988,0.1830,0.020416,4.327
959460,520,459,979,215,13,171,340.63,0.9729,0.5304,0.176775,2,14,6,156.21,0.8094,0.0569,0.003401,4.247
959465,520,476,996,170,81,172,326.60,0.6548,0.5116,0.174105,0,3,1,156.67,1.0000,0.0232,0.000673,4.423
959478,520,429,949,227,52,103,9.50,0.8770,0.5469,0.197689,28,19,22,356.77,0.1937,0.0987,0.007706,4.292
959479,520,338,858,229,83,230,327.53,0.9059,0.6398,0.285599,65,26,82,314.11,0.6833,0.2026,0.024719,4.491
959482,520,423,943,236,58,61,25.28,0.9248,0.5613,0.211990,38,18,29,346.60,0.4055,0.1131,0.009334,4.415
959484,520,407,927,183,76,243,310.62,0.9170,0.5720,0.217082,0,33,55,242.37,1.0000,0.1343,0.013635,4.197
959497,520,411,931,193,73,225,318.40,0.8591,0.5697,0.215401,43,17,37,336.64,0.5203,0.1228,0.010481,4.388
959501,520,405,925,235,10,199,337.34,0.9917,0.5835,0.220056,9,36,0,137.81,1.0000,0.1271,0.013198,4.273
959512,520,417,937,232,16,186,340.28,0.9818,0.5718,0.210743,9,25,55,261.60,0.7076,0.1169,0.010291,4.325
959519,520,381,901,246,44,166,350.03,0.9411,0.6006,0.241506,20,38,53,245.03,0.4390,0.1574,0.017919,4.292
959521,520,443,963,179,57,233,312.80,0.9036,0.5376,0.183942,16,16,15,106.61,0.0304,0.0760,0.005152,4.242
959540,520,459,979,229,46,7,32.31,0.9921,0.5323,0.186303,17,5,24,312.23,0.6151,0.0579,0.002937,4.464
959545,520,349,869,250,88,86,24.72,0.9562,0.6256,0.279787,21,43,75,257.81,0.5998,0.1869,0.023951,4.460
959548,520,398,918,231,83,12,39.93,0.9817,0.5765,0.232048,7,41,11,145.26,0.9532,0.1448,0.016551,4.238
959600,520,448,968,194,66,190,329.13,0.7972,0.5400,0.190850,8,15,43,269.18,0.6970,0.0832,0.005677,4.326
959603,520,368,888,164,119,228,301.16,0.7239,0.6051,0.266879,21,42,60,246.04,0.4834,0.1739,0.021415,4.437
959604,520,344,864,248,19,233,331.74,0.9932,0.6300,0.263084,79,13,50,351.31,0.7691,0.1911,0.021807,4.360
959605,520,455,975,218,5,160,344.75,0.9888,0.5284,0.175545,9,0,50,279.20,1.0000,0.0622,0.002884,4.265
959606,520,409,929,231,64,131,0.87,0.8416,0.5747,0.222972,13,23,77,269.04,0.8688,0.1349,0.012341,4.379
959608,520,295,815,233,132,126,24.22,0.7051,0.6762,0.353348,18,56,105,256.40,0.7748,0.2449,0.039767,4.493
959609,520,14,534,252,255,174,109.93,0.9999,0.9760,0.952718,5,135,21,143.45,0.9978,0.4685,0.174136,4.474
959624,520,337,857,250,25,242,330.10,0.9920,0.6411,0.274331,31,18,127,274.88,0.9585,0.1994,0.022561,4.470
959629,520,401,921,164,103,236,302.37,0.8129,0.5816,0.236495,5,35,47,228.62,0.7671,0.1374,0.014395,4.449
959632,520,437,957,220,39,174,341.32,0.9093,0.5528,0.197251,11,24,15,153.21,0.4541,0.0934,0.007589,4.293
959634,520,380,900,238,44,186,342.07,0.9384,0.5954,0.235266,0,36,73,252.79,0.9999,0.1570,0.017427,4.231
959635,520,442,962,230,42,94,12.02,0.9192,0.5427,0.192900,0,11,58,263.05,1.0003,0.0841,0.005448,4.381
959647,520,403,923,253,33,44,26.37,0.9917,0.5761,0.221560,9,35,21,157.08,0.7489,0.1279,0.013142,4.301
959660,520,461,981,168,76,211,313.23,0.7855,0.5269,0.181977,17,2,19,323.74,0.7307,0.0485,0.002096,4.453
959678,520,452,972,179,75,190,323.76,0.7420,0.5275,0.183347,10,17,15,175.39,0.2165,0.0735,0.004999,4.243
959687,520,453,973,200,85,92,18.99,0.6736,0.5339,0.195510,22,13,4,69.34,0.5217,0.0726,0.004672,4.491
959701,520,460,980,228,35,82,15.19,0.9413,0.5312,0.183081,15,11,17,314.39,0.2102,0.0645,0.003814,4.331
959706,520,425,945,238,51,62,23.96,0.9390,0.5593,0.208958,39,16,18,15.48,0.4554,0.1067,0.008456,4.430
959709,520,457,977,222,55,81,17.58,0.8774,0.5344,0.188587,19,2,35,304.59,0.8533,0.0616,0.003032,4.499
959715,520,380,900,248,42,155,353.89,0.9450,0.5985,0.239823,71,7,40,355.15,0.8086,0.1642,0.016450,4.362
959734,520,395,915,228,0,230,327.89,1.0000,0.5889,0.222096,13,38,2,137.15,0.9786,0.1360,0.014761,4.202
959740,520,390,910,216,42,240,322.28,0.9637,0.5896,0.225481,37,18,77,292.14,0.7721,0.1467,0.013617,4.330
959753,520,446,966,241,11,58,21.69,0.9929,0.5445,0.192490,4,19,33,247.02,0.6505,0.0830,0.006013,4.329
959756,520,370,890,247,85,21,38.15,0.9785,0.6092,0.263286,47,38,18,85.85,0.4706,0.1704,0.020343,4.454
959794,520,319,839,230,79,243,324.50,0.9488,0.6451,0.288882,62,7,122,296.03,0.9541,0.2171,0.025813,4.470
959801,520,461,981,236,7,1,29.42,0.9992,0.5285,0.179903,1,10,13,214.07,0.7398,0.0485,0.002526,4.377
959805,520,399,919,240,68,40,31.94,0.9454,0.5769,0.228159,8,30,63,258.53,0.7625,0.1358,0.013390,4.388
959808,520,476,996,177,21,232,313.69,0.9752,0.5096,0.157107,3,0,13,294.85,1.0000,0.0230,0.000484,4.102
959824,520,396,916,181,93,229,311.81,0.8146,0.5822,0.233105,21,31,48,260.68,0.3809,0.1354,0.013528,4.456
959828,520,466,986,224,40,44,26.38,0.9530,0.5199,0.175495,24,1,4,13.34,0.8576,0.0504,0.002247,4.316
959852,520,365,885,232,77,186,341.75,0.8476,0.6136,0.260113,39,41,17,112.94,0.5201,0.1691,0.020577,4.394
959862,520,440,960,189,48,236,315.56,0.9334,0.5475,0.189901,31,4,41,315.52,0.7953,0.0862,0.005383,4.332
959865,520,457,977,221,38,108,5.07,0.9020,0.5259,0.178437,14,12,14,325.83,0.0829,0.0645,0.003880,4.240
959870,520,458,978,180,60,216,317.16,0.8589,0.5290,0.178940,6,11,28,268.12,0.5517,0.0626,0.003619,4.270
959886,520,476,996,215,52,11,33.57,0.9826,0.5090,0.169298,2,2,5,283.18,0.3513,0.0245,0.000673,4.328
959890,520,330,850,251,38,231,332.89,0.9836,0.6410,0.276681,17,54,56,200.16,0.6365,0.2064,0.030429,4.062
959910,520,411,931,185,77,230,314.27,0.8586,0.5663,0.213363,54,4,35,347.89,0.8063,0.1234,0.009926,4.395
959917,520,413,933,206,75,189,333.27,0.7878,0.5696,0.218299,35,22,37,321.97,0.3475,0.1212,0.010647,4.424
959934,520,370,890,236,5,235,328.58,0.9979,0.6073,0.239422,62,29,24,29.84,0.5039,0.1731,0.019690,4.153
959946,520,477,997,177,69,182,325.93,0.7452,0.5114,0.169819,3,1,4,316.91,0.5138,0.0217,0.000498,4.353
959951,520,451,971,213,60,128,357.86,0.7983,0.5360,0.189387,6,17,6,144.08,0.6252,0.0680,0.004528,4.390
959952,520,479,999,140,83,218,299.54,0.7796,0.5059,0.168241,0,0,2,264.05,1.0000,0.0079,0.000044,4.361
959977,520,397,917,239,18,184,342.46,0.9824,0.5845,0.222470,19,24,73,273.07,0.7719,0.1367,0.012727,4.344
959983,520,425,945,245,16,85,14.89,0.9870,0.5591,0.204424,30,17,47,301.64,0.5694,0.1106,0.008822,4.325
960001,520,402,922,250,22,121,4.44,0.9790,0.5808,0.222818,1,16,87,264.29,0.9699,0.1275,0.010651,4.498
960002,520,423,943,222,24,196,335.11,0.9661,0.5616,0.201708,48,1,32,345.55,0.8945,0.1059,0.007545,4.374
960024,520,295,815,239,132,78,46.12,0.8263,0.6758,0.354059,23,65,41,155.60,0.7646,0.2394,0.041227,4.429
960031,520,194,714,247,168,165,21.76,0.7832,0.7758,0.504981,7,91,47,153.07,0.9838,0.3242,0.077322,4.359
960034,520,476,996,221,24,64,19.28,0.9672,0.5072,0.163983,2,0,5,306.92,1.0000,0.0163,0.000239,4.259
960077,520,468,988,151,74,237,301.07,0.8824,0.5218,0.175916,16,1,2,17.61,0.8087,0.0376,0.001363,4.398
960078,520,453,973,138,98,217,296.14,0.7263,0.5289,0.191485,27,6,11,6.26,0.5684,0.0678,0.003875,4.482
960084,520,408,928,199,60,237,317.82,0.9189,0.5739,0.214897,6,26,65,261.60,0.8469,0.1265,0.011591,4.301
960087,520,318,838,242,64,255,325.01,1.0000,0.6579,0.297666,60,48,37,64.22,0.2384,0.2188,0.032082,4.236
960095,520,446,966,239,10,37,25.86,0.9946,0.5375,0.187047,4,22,18,177.49,0.6708,0.0841,0.006433,4.201
960111,520,423,943,223,56,152,350.33,0.8464,0.5605,0.207858,9,20,63,267.63,0.8428,0.1123,0.009172,4.358
960119,520,382,902,240,64,155,353.68,0.8782,0.6003,0.245616,73,6,12,22.98,0.9259,0.1592,0.015735,4.497
960154,520,461,981,201,37,198,329.03,0.9145,0.5317,0.178196,7,7,21,281.56,0.4805,0.0509,0.002513,4.346
960157,520,450,970,177,63,231,312.29,0.8842,0.5392,0.186726,9,16,18,217.19,0.2229,0.0713,0.004723,4.326
960165,520,374,894,227,30,240,325.20,0.9820,0.6019,0.235530,20,21,102,271.89,0.9322,0.1639,0.016443,4.297
960178,520,360,880,235,18,245,326.04,0.9932,0.6151,0.246899,23,35,91,269.63,0.7689,0.1814,0.021395,4.159
960182,520,413,933,213,62,193,333.88,0.8510,0.5693,0.214437,45,8,45,327.89,0.7365,0.1175,0.009211,4.466
960184,520,418,938,202,12,243,318.35,0.9923,0.5566,0.192922,0,18,77,262.97,1.0003,0.1184,0.009684,4.070
960203,520,480,1000,216,44,67,20.13,0.9121,0.5098,0.168081,0,0,0,0.00,0.0000,0.0000,0.000000,4.362
960207,520,367,887,252,7,197,341.61,0.9964,0.6136,0.248820,65,4,74,321.91,0.8876,0.1711,0.017052,4.457
960217,520,453,973,175,93,154,337.59,0.5531,0.5295,0.192768,3,18,17,189.99,0.6458,0.0718,0.004924,4.420
960219,520,333,853,249,33,235,331.49,0.9859,0.6378,0.272286,15,10,142,267.65,0.9922,0.2034,0.022714,4.432
960235,520,261,781,211,162,134,51.05,0.4214,0.7102,0.414120,21,76,21,143.13,0.9581,0.2718,0.053823,4.470
960236,520,332,852,242,74,212,336.03,0.9266,0.6408,0.285310,47,37,82,291.13,0.5482,0.1992,0.025367,4.449
960262,520,476,996,158,64,229,306.22,0.8698,0.5117,0.165936,2,0,15,284.68,1.0000,0.0229,0.000474,4.278
960271,520,475,995,226,31,79,15.60,0.9496,0.5241,0.177161,9,0,15,315.11,1.0000,0.0318,0.000926,4.461
960272,520,270,790,217,159,63,76.59,0.7803,0.6987,0.399085,16,72,51,163.63,0.8761,0.2631,0.049837,4.498
960279,520,426,946,244,14,89,13.49,0.9881,0.5573,0.202719,6,22,61,263.69,0.8505,0.1133,0.009494,4.248
960280,520,414,934,247,9,121,3.56,0.9916,0.5713,0.213535,57,0,23,3.03,1.0000,0.1195,0.009319,4.443
960285,520,298,818,237,131,19,57.84,0.9695,0.6660,0.342867,36,62,7,132.21,0.9470,0.2312,0.038356,4.446
960293,520,381,901,223,48,227,327.14,0.9487,0.5960,0.233501,20,40,36,179.82,0.3997,0.1550,0.017936,4.173
960297,520,448,968,204,89,6,46.70,0.9774,0.5366,0.199973,2,14,50,263.15,0.9213,0.0831,0.005572,4.498
960303,520,458,978,208,54,147,348.35,0.8112,0.5287,0.181569,13,1,47,285.80,0.9679,0.0643,0.003125,4.359
960309,520,315,835,196,135,197,326.13,0.5228,0.6572,0.330959,26,56,70,230.32,0.5039,0.2243,0.034900,4.487
960338,520,479,999,213,25,116,359.57,0.9268,0.5051,0.161048,1,0,2,311.99,1.0000,0.0114,0.000108,4.212
960339,520,352,872,217,73,245,320.61,0.9501,0.6201,0.261112,76,25,25,23.14,0.6727,0.1918,0.023022,4.261
960345,520,225,745,203,174,195,335.86,0.2805,0.7469,0.469093,36,83,34,142.84,0.8784,0.3040,0.066769,4.445
960377,520,421,941,188,43,253,311.71,0.9892,0.5563,0.195121,14,28,34,227.05,0.3630,0.1143,0.010393,4.059
960387,520,430,950,228,34,153,349.96,0.9268,0.5546,0.199407,8,4,78,270.12,0.9856,0.1027,0.006885,4.384
960414,520,452,972,189,58,199,324.88,0.8350,0.5291,0.179699,25,6,30,319.01,0.6575,0.0735,0.004307,4.230
960428,520,376,896,183,106,215,315.16,0.7128,0.5966,0.252825,13,38,60,247.82,0.6285,0.1580,0.017980,4.455
960436,520,344,864,252,71,162,354.30,0.9651,0.6316,0.278139,21,49,49,195.45,0.4901,0.1893,0.025777,4.330
960442,520,477,997,197,61,134,351.44,0.7543,0.5101,0.169309,4,1,4,327.25,0.5374,0.0231,0.000563,4.337
960449,520,385,905,234,34,206,335.33,0.9645,0.5937,0.230954,54,23,20,26.97,0.5224,0.1461,0.014477,4.357
960460,520,401,921,211,67,202,330.56,0.8497,0.5764,0.221294,35,4,87,289.42,0.9558,0.1379,0.011323,4.424
960461,520,432,952,207,39,214,326.32,0.9363,0.5542,0.195733,28,1,63,295.14,0.9738,0.0979,0.006275,4.367
960472,520,426,946,246,13,94,12.16,0.9893,0.5624,0.206923,31,0,69,295.20,1.0000,0.1070,0.007210,4.491
960475,520,299,819,241,127,89,39.00,0.8325,0.6714,0.346035,16,64,12,142.01,0.9681,0.2276,0.038034,4.499
960485,520,387,907,225,99,13,46.35,0.9722,0.5897,0.249628,14,39,44,212.47,0.5329,0.1520,0.017262,4.455
960490,520,278,798,236,108,240,326.36,0.9285,0.6881,0.348514,49,64,43,136.94,0.3507,0.2543,0.044941,4.197
960494,520,304,824,231,115,202,337.69,0.7957,0.6714,0.335168,19,51,107,260.70,0.7989,0.2336,0.035674,4.496
960512,520,285,805,250,82,253,327.18,0.9930,0.6857,0.334531,96,36,11,40.80,0.8359,0.2472,0.037731,4.383
960521,520,305,825,244,119,107,27.27,0.8630,0.6657,0.334911,28,58,72,230.17,0.4876,0.2326,0.037407,4.404
960539,520,413,933,225,17,206,333.13,0.9830,0.5710,0.208671,41,18,24,4.12,0.4279,0.1158,0.009700,4.333
960557,520,435,955,234,42,97,11.50,0.9256,0.5515,0.200145,32,12,25,342.07,0.4773,0.0911,0.006402,4.435
960568,520,456,976,207,5,204,329.14,0.9926,0.5344,0.177355,3,2,52,269.15,0.9855,0.0635,0.003107,4.281
960570,520,479,999,125,90,224,291.02,0.7907,0.5057,0.170540,0,0,1,264.05,1.0000,0.0060,0.000022,4.409
960575,520,466,986,217,35,111,2.94,0.9014,0.5169,0.171040,17,5,11,347.63,0.4459,0.0519,0.002519,4.209
960584,520,429,949,233,17,147,352.54,0.9735,0.5547,0.198341,7,15,59,268.65,0.8833,0.0970,0.007025,4.355
960588,520,363,883,246,28,197,340.47,0.9779,0.6079,0.244577,50,6,95,298.22,0.9316,0.1689,0.016346,4.440
960590,520,395,915,255,47,31,29.71,1.0000,0.5876,0.233958,16,34,49,245.31,0.4787,0.1410,0.014759,4.385
960594,520,436,956,247,3,2,29.21,0.9989,0.5515,0.198473,8,18,49,266.78,0.7348,0.0947,0.007060,4.355
960596,520,198,718,247,174,34,76.84,0.9589,0.7679,0.501640,22,91,25,143.60,0.9697,0.3238,0.077226,4.336
960607,520,472,992,233,1,3,29.07,0.9995,0.5207,0.173551,2,2,16,276.62,0.7755,0.0302,0.000937,4.389
960610,520,368,888,242,49,196,340.17,0.9425,0.6112,0.250623,34,37,66,277.81,0.4294,0.1741,0.020565,4.260
960638,520,363,883,248,32,193,342.07,0.9733,0.6111,0.248429,19,48,12,139.92,0.9133,0.1742,0.022788,4.100
960642,520,333,853,251,5,240,330.79,0.9987,0.6371,0.269121,47,27,100,289.54,0.7708,0.1959,0.023083,4.367
960655,520,392,912,232,85,75,27.33,0.8600,0.5871,0.241636,66,14,20,18.34,0.7603,0.1544,0.015230,4.471
960656,520,365,885,240,52,188,342.14,0.9273,0.6055,0.246150,67,9,63,331.22,0.7942,0.1711,0.017477,4.389
960661,520,393,913,223,3,248,322.60,0.9987,0.5939,0.225326,41,10,71,301.76,0.8265,0.1351,0.011435,4.482
960664,520,454,974,234,33,11,30.37,0.9899,0.5341,0.186075,1,11,46,262.87,0.9511,0.0727,0.004430,4.337
960666,520,469,989,154,51,255,300.55,1.0000,0.5161,0.164581,5,8,4,136.74,0.3152,0.0444,0.002147,4.115
960667,520,366,886,246,38,183,344.62,0.9589,0.6052,0.244011,54,24,60,320.74,0.5801,0.1663,0.017639,4.347
960680,520,364,884,216,66,248,319.85,0.9654,0.6138,0.252745,75,7,36,1.48,0.8279,0.1711,0.017754,4.468
960686,520,389,909,211,92,171,342.51,0.7033,0.5913,0.244453,12,38,53,237.03,0.6135,0.1530,0.017214,4.381
960731,520,63,583,252,238,30,105.13,0.9947,0.9195,0.819394,27,123,0,140.85,1.0000,0.4312,0.143984,4.482
960739,520,423,943,172,79,241,307.13,0.8970,0.5591,0.207142,36,18,20,12.81,0.3558,0.1067,0.008582,4.389
960781,520,391,911,240,68,96,16.23,0.8919,0.5856,0.235072,54,14,63,319.69,0.7372,0.1531,0.014573,4.415
960788,520,418,938,189,101,131,359.38,0.5222,0.5551,0.217663,46,16,22,9.50,0.5369,0.1197,0.010094,4.454
960801,520,458,978,178,44,236,312.41,0.9365,0.5275,0.173235,16,1,43,293.09,0.9511,0.0632,0.003063,4.207
960809,520,433,953,156,99,208,306.22,0.6813,0.5455,0.205461,33,17,22,359.68,0.3334,0.1010,0.007822,4.418
960812,520,475,995,213,40,134,353.62,0.8691,0.5210,0.173873,12,0,14,324.12,1.0000,0.0347,0.001099,4.381
960817,520,388,908,243,72,33,33.83,0.9594,0.5866,0.238025,69,9,12,23.90,0.8836,0.1535,0.014873,4.440
960824,520,479,999,210,52,81,15.80,0.8534,0.5078,0.167540,1,0,5,292.48,1.0000,0.0142,0.000174,4.336
960831,520,429,949,225,44,147,351.83,0.8878,0.5524,0.199181,35,8,46,314.50,0.7355,0.1021,0.007283,4.350
960835,520,453,973,236,26,12,29.69,0.9898,0.5348,0.186014,17,15,2,102.48,0.7163,0.0710,0.004652,4.318
960860,520,419,939,239,50,9,32.45,0.9917,0.5561,0.206549,13,21,61,270.14,0.7599,0.1149,0.009588,4.305
960868,520,356,876,230,99,146,0.19,0.7449,0.6221,0.278245,21,47,33,158.57,0.5597,0.1768,0.023022,4.495
960881,520,416,936,173,87,237,307.59,0.8610,0.5684,0.218157,38,25,12,65.20,0.4544,0.1234,0.011339,4.372
960886,520,449,969,183,63,217,317.74,0.8551,0.5375,0.186332,30,4,22,341.34,0.6991,0.0729,0.004208,4.360
960909,520,383,903,237,89,15,40.84,0.9797,0.5960,0.251868,9,37,61,248.01,0.7086,0.1541,0.017181,4.493
960913,520,369,889,242,84,111,14.05,0.8720,0.6115,0.263687,25,38,69,265.46,0.5242,0.1714,0.020225,4.467
960917,520,405,925,246,50,95,14.50,0.9395,0.5808,0.227037,9,28,61,260.57,0.7425,0.1295,0.012254,4.450
960925,520,438,958,200,31,234,319.60,0.9669,0.5528,0.192014,37,5,35,330.51,0.7431,0.0932,0.006233,4.304
960940,520,432,952,193,73,199,325.82,0.7917,0.5523,0.202275,4,14,63,266.37,0.9309,0.0974,0.006987,4.427
960948,520,432,952,181,56,250,309.72,0.9699,0.5536,0.195552,2,24,47,250.80,0.8422,0.1043,0.008714,4.182
960963,520,443,963,240,11,70,18.52,0.9916,0.5443,0.192101,24,15,16,11.30,0.2110,0.0827,0.005733,4.344
960972,520,392,912,214,26,253,319.12,0.9917,0.5885,0.221286,24,41,12,134.13,0.7559,0.1544,0.018066,3.986
960976,520,424,944,239,29,111,6.35,0.9578,0.5581,0.203804,44,13,11,26.20,0.6404,0.1081,0.008476,4.340
960991,520,477,997,192,74,125,356.37,0.6774,0.5141,0.175864,3,0,14,293.16,1.0000,0.0236,0.000511,4.472
961006,520,423,943,198,75,198,327.74,0.7912,0.5621,0.211167,44,11,30,347.82,0.6269,0.1113,0.008686,4.450
961012,520,341,861,204,133,76,57.96,0.6490,0.6265,0.301358,3,52,67,224.46,0.9173,0.2013,0.028804,4.459
961044,520,467,987,213,49,114,2.34,0.8398,0.5204,0.175600,2,4,23,269.54,0.8112,0.0402,0.001616,4.371
961045,520,441,961,214,80,20,40.18,0.9496,0.5412,0.200863,32,13,12,23.86,0.4449,0.0884,0.006215,4.463
961053,520,396,916,226,52,181,340.93,0.8913,0.5766,0.219634,47,23,24,17.74,0.4051,0.1355,0.012832,4.291
961068,520,436,956,242,31,44,25.92,0.9779,0.5521,0.200425,19,16,31,292.35,0.3648,0.0860,0.006080,4.466
961070,520,454,974,213,42,144,349.99,0.8640,0.5268,0.178180,11,11,36,279.42,0.6214,0.0718,0.004379,4.196
961072,520,424,944,206,62,194,331.56,0.8387,0.5581,0.204639,25,21,43,290.65,0.4349,0.1106,0.009174,4.303
961074,520,430,950,212,54,182,336.99,0.8556,0.5539,0.200149,24,7,59,290.47,0.8496,0.0978,0.006619,4.418
961078,520,375,895,248,33,180,345.83,0.9676,0.6050,0.243427,64,11,57,333.97,0.7609,0.1633,0.016249,4.429
961082,520,407,927,238,36,138,357.28,0.9375,0.5689,0.212770,32,29,18,94.67,0.2818,0.1275,0.012295,4.218
961094,520,420,940,164,94,222,306.86,0.7668,0.5566,0.211724,44,5,48,323.94,0.7972,0.1140,0.008575,4.468
961103,520,454,974,226,52,30,30.89,0.9558,0.5324,0.187213,28,5,8,13.48,0.6390,0.0665,0.003730,4.415
961106,520,39,559,238,244,222,119.37,0.5246,0.9496,0.881524,39,127,36,142.61,0.9619,0.4500,0.157369,4.492
961131,520,473,993,200,77,64,28.89,0.7724,0.5159,0.179593,3,3,13,280.38,0.5604,0.0327,0.001135,4.490
961133,520,375,895,255,61,32,31.50,1.0000,0.5989,0.247055,43,26,69,299.24,0.6048,0.1611,0.016821,4.446
961143,520,351,871,255,37,196,342.83,1.0000,0.6279,0.265721,66,23,64,329.42,0.6428,0.1868,0.021414,4.421
961144,520,413,933,209,62,212,327.12,0.8796,0.5743,0.217559,21,19,68,278.34,0.7707,0.1232,0.010425,4.428
961145,520,416,936,221,88,44,37.94,0.8813,0.5675,0.225359,27,28,27,145.49,0.0278,0.1221,0.011426,4.483
961175,520,379,899,196,79,246,313.88,0.9377,0.5963,0.239827,27,27,87,276.51,0.7825,0.1629,0.017049,4.323
961180,520,464,984,226,21,75,16.15,0.9717,0.5186,0.172160,13,8,13,326.27,0.2277,0.0548,0.002883,4.201
961202,520,396,916,228,62,173,344.44,0.8597,0.5848,0.229589,62,1,43,344.84,0.9253,0.1405,0.012204,4.495
961205,520,446,966,209,20,205,329.36,0.9705,0.5425,0.184654,28,10,20,346.88,0.4583,0.0797,0.005145,4.255
961221,520,401,921,207,95,148,352.68,0.6435,0.5795,0.235898,11,24,85,267.53,0.9070,0.1445,0.013802,4.481
961226,520,453,973,182,35,234,314.38,0.9533,0.5260,0.170888,0,12,36,256.57,0.9999,0.0655,0.003903,4.098
961234,520,288,808,203,140,202,327.19,0.5457,0.6780,0.357180,10,67,37,154.73,0.9482,0.2405,0.042122,4.420
961246,520,405,925,227,44,194,337.07,0.9273,0.5798,0.220298,45,18,45,327.32,0.5612,0.1322,0.011800,4.374
961247,520,456,976,228,49,16,32.10,0.9809,0.5330,0.187309,19,7,18,329.90,0.4440,0.0613,0.003341,4.449
961275,520,411,931,199,58,228,320.08,0.9070,0.5655,0.207712,1,23,66,260.30,0.9692,0.1177,0.010125,4.286
961284,520,426,946,227,70,64,26.73,0.8793,0.5570,0.210841,16,10,74,275.70,0.9288,0.1111,0.008216,4.481
961287,520,373,893,247,75,48,31.73,0.9583,0.5989,0.250231,68,18,13,29.03,0.7849,0.1626,0.016908,4.487
961289,520,377,897,190,101,218,317.52,0.7536,0.5996,0.253175,2,41,55,227.31,0.9138,0.1593,0.018745,4.410
961306,520,479,999,209,32,144,348.54,0.8925,0.5126,0.166042,2,0,0,29.23,1.0000,0.0120,0.000129,4.310
961321,520,478,998,150,68,235,301.73,0.8850,0.5110,0.166168,9,0,0,29.23,1.0000,0.0242,0.000581,4.274
961341,520,312,832,255,42,246,330.25,1.0000,0.6593,0.295729,90,19,38,9.70,0.7661,0.2156,0.027797,4.444
961342,520,465,985,182,73,167,333.33,0.7049,0.5158,0.175015,25,0,16,343.28,1.0000,0.0541,0.002441,4.291
961353,520,477,997,222,4,106,4.22,0.9919,0.5136,0.166598,3,1,0,66.15,1.0000,0.0193,0.000411,4.297
961356,520,466,986,179,3,243,312.09,0.9975,0.5176,0.161210,3,12,12,195.46,0.4820,0.0546,0.003088,3.978
961359,520,418,938,217,81,108,11.58,0.7421,0.5621,0.217216,48,4,53,323.48,0.8319,0.1234,0.009723,4.474
961364,520,21,541,240,250,240,145.44,0.5469,0.9707,0.931875,49,131,1,138.46,0.9992,0.4645,0.168872,4.486
961374,520,380,900,188,114,175,333.54,0.5270,0.5960,0.258222,23,44,10,135.43,0.8653,0.1631,0.020054,4.400
961382,520,400,920,162,103,239,300.96,0.8304,0.5814,0.236142,16,27,75,268.97,0.7893,0.1433,0.014020,4.470
961384,520,418,938,205,85,149,349.89,0.6835,0.5616,0.216479,21,30,29,187.88,0.1830,0.1229,0.011767,4.314
961388,520,434,954,226,58,93,14.07,0.8658,0.5479,0.199879,8,22,49,261.90,0.6869,0.1041,0.008472,4.274
961389,520,379,899,214,69,227,324.37,0.9006,0.5991,0.241003,2,46,15,148.68,0.9880,0.1606,0.020013,4.156
961399,520,470,990,222,33,106,5.58,0.9211,0.5242,0.176606,0,9,1,146.75,1.0000,0.0410,0.001976,4.360
961415,520,363,883,254,56,133,3.34,0.9892,0.6116,0.255962,45,23,86,294.27,0.7475,0.1731,0.018426,4.471
961438,520,479,999,216,50,44,27.80,0.9254,0.5116,0.170645,0,0,5,264.05,1.0000,0.0116,0.000110,4.403
961455,520,452,972,234,16,57,21.69,0.9873,0.5307,0.181616,17,11,28,298.79,0.4559,0.0719,0.004424,4.256
961456,520,413,933,243,14,124,2.02,0.9847,0.5652,0.208273,4,33,21,162.61,0.8818,0.1190,0.011676,4.188
961482,520,170,690,233,175,240,322.85,0.8168,0.8001,0.542760,35,91,76,172.80,0.6735,0.3408,0.083610,4.437
961540,520,465,985,203,43,164,340.26,0.8525,0.5188,0.171066,18,3,23,317.94,0.7072,0.0542,0.002556,4.206
961542,520,375,895,181,100,232,310.33,0.8116,0.5951,0.247651,69,14,31,6.40,0.7362,0.1638,0.016784,4.457
961545,520,376,896,251,49,123,5.64,0.9644,0.5974,0.241394,2,22,107,264.44,0.9692,0.1636,0.016481,4.383
961573,520,366,886,221,112,4,53.67,0.9892,0.6051,0.269716,8,42,70,247.85,0.7687,0.1746,0.021496,4.472
961580,520,412,932,250,29,43,26.16,0.9836,0.5678,0.213808,18,4,85,275.82,0.9794,0.1185,0.008713,4.493
961592,520,439,959,190,41,240,315.18,0.9518,0.5473,0.188256,0,1,73,264.12,0.9979,0.0863,0.005027,4.330
961593,520,404,924,191,59,255,311.50,1.0000,0.5750,0.214254,18,34,27,164.93,0.3826,0.1318,0.013518,4.160
961612,520,415,935,231,72,55,29.77,0.8989,0.5657,0.219024,32,20,44,305.88,0.4714,0.1171,0.009893,4.492
961620,520,203,723,251,141,255,325.90,1.0000,0.7672,0.467811,65,77,47,126.28,0.3983,0.3091,0.066368,4.450
961637,520,380,900,230,96,88,26.16,0.8094,0.6018,0.258960,20,42,28,154.79,0.5295,0.1585,0.018884,4.485
961650,520,478,998,215,48,28,30.71,0.9523,0.5062,0.166474,3,2,0,94.54,1.0000,0.0233,0.000628,4.276
961657,520,366,886,245,36,191,342.04,0.9644,0.6064,0.244389,77,0,37,359.73,1.0000,0.1693,0.017116,4.386
961660,520,434,954,229,64,14,35.04,0.9814,0.5495,0.203594,35,12,36,325.81,0.5819,0.1013,0.007477,4.412
961662,520,446,966,219,17,174,340.73,0.9679,0.5408,0.185194,13,18,14,150.99,0.1840,0.0780,0.005499,4.238
961671,520,425,945,239,50,20,31.57,0.9802,0.5565,0.206857,1,19,65,262.08,0.9723,0.1077,0.008538,4.388
961694,520,106,626,239,203,253,316.48,0.9532,0.8699,0.681552,32,111,14,140.74,0.9868,0.3933,0.117072,4.379
961708,520,373,893,249,32,177,346.90,0.9691,0.6050,0.243504,62,7,69,322.82,0.8287,0.1644,0.016059,4.443
961750,520,271,791,240,112,245,326.06,0.9520,0.7023,0.367084,46,63,67,213.75,0.2092,0.2575,0.045410,4.371
961755,520,452,972,170,43,249,307.19,0.9691,0.5262,0.171141,11,9,41,279.98,0.7369,0.0720,0.004266,4.075
961775,520,419,939,237,56,10,33.40,0.9899,0.5573,0.208580,32,18,31,329.17,0.3616,0.1055,0.008386,4.429
961792,520,222,742,239,153,216,337.22,0.8145,0.7543,0.460929,16,86,15,142.69,0.9815,0.3040,0.068000,4.330
961805,520,465,985,169,87,169,327.28,0.6125,0.5181,0.181169,20,2,10,351.13,0.7005,0.0486,0.002141,4.434
961807,520,365,885,227,44,245,323.90,0.9710,0.6126,0.247270,63,9,67,324.97,0.8017,0.1665,0.016575,4.465
961830,520,398,918,252,37,76,19.43,0.9829,0.5805,0.225441,11,37,29,170.36,0.6383,0.1379,0.014829,4.249
961836,520,368,888,241,44,196,339.85,0.9497,0.6062,0.244906,69,21,19,25.65,0.7060,0.1703,0.018488,4.306
961839,520,388,908,250,27,150,355.27,0.9723,0.5929,0.233133,40,26,61,300.29,0.5383,0.1513,0.015268,4.338
961863,520,452,972,238,6,5,29.12,0.9973,0.5327,0.183217,9,16,26,257.21,0.3611,0.0750,0.005032,4.238
961892,520,386,906,253,49,48,27.27,0.9909,0.5864,0.232964,42,3,92,293.49,0.9657,0.1516,0.013301,4.470
961899,520,470,990,125,81,255,288.09,1.0000,0.5182,0.174646,14,3,5,5.55,0.5079,0.0414,0.001695,4.346
961924,520,374,894,208,84,217,324.95,0.8333,0.6006,0.247619,46,33,35,8.26,0.1915,0.1609,0.017900,4.383
961926,520,406,926,231,14,203,335.35,0.9877,0.5793,0.216174,45,18,44,328.68,0.5545,0.1316,0.011724,4.312
961944,520,305,825,245,125,54,47.83,0.9107,0.6697,0.343489,5,64,27,150.13,0.9812,0.2266,0.037780,4.483
961957,520,462,982,214,53,119,0.97,0.8266,0.5277,0.181766,18,2,26,314.01,0.7890,0.0539,0.002466,4.417
961972,520,430,950,180,91,184,325.73,0.6560,0.5492,0.206472,42,12,13,20.61,0.6128,0.1033,0.007843,4.434
961990,520,442,962,147,82,254,295.65,0.9892,0.5428,0.193935,35,9,4,35.35,0.7185,0.0843,0.005615,4.386
961992,520,381,901,229,85,155,353.48,0.7794,0.6043,0.255241,27,41,26,142.94,0.3977,0.1598,0.018934,4.428
962010,520,429,949,191,71,210,321.93,0.8227,0.5540,0.202373,22,22,30,284.91,0.1842,0.1026,0.008381,4.323
962024,520,471,991,216,42,111,3.37,0.8744,0.5197,0.174050,12,2,16,317.86,0.6903,0.0411,0.001590,4.343
962032,520,378,898,248,76,60,29.27,0.9613,0.6033,0.254550,36,38,15,113.16,0.5282,0.1567,0.017958,4.481
962040,520,453,973,101,99,254,277.65,0.9912,0.5263,0.188455,19,1,46,295.26,0.9538,0.0694,0.003574,4.451
962044,520,384,904,209,61,233,321.63,0.9200,0.5876,0.227777,37,32,31,31.13,0.0813,0.1454,0.015253,4.257
962051,520,362,882,250,74,70,26.26,0.9679,0.6062,0.256672,54,27,71,310.49,0.6057,0.1794,0.020231,4.367
962064,520,474,994,209,57,110,4.33,0.8022,0.5190,0.176096,0,2,20,262.78,1.0002,0.0303,0.000939,4.439
962067,520,328,848,250,56,232,332.44,0.9788,0.6505,0.289815,3,39,116,262.34,0.9751,0.2083,0.027312,4.395
962075,520,470,990,184,5,234,315.49,0.9951,0.5181,0.162406,10,5,6,3.32,0.2276,0.0426,0.001862,4.096
962079,520,429,949,232,45,113,5.75,0.9048,0.5542,0.202278,34,3,51,310.21,0.8699,0.0974,0.006443,4.470
962082,520,368,888,248,43,187,344.01,0.9554,0.6137,0.252753,69,18,43,353.66,0.6748,0.1737,0.018724,4.405
962091,520,418,938,212,42,206,329.79,0.9245,0.5593,0.201112,34,19,54,301.05,0.5990,0.1246,0.010722,4.135
962099,520,373,893,235,40,216,332.95,0.9627,0.6047,0.241403,9,37,74,256.84,0.7861,0.1641,0.018755,4.238
962126,520,459,979,224,29,130,356.89,0.9309,0.5345,0.183404,10,2,39,285.59,0.9150,0.0558,0.002544,4.442
962175,520,438,958,235,39,91,13.38,0.9380,0.5501,0.198716,18,16,31,289.16,0.3664,0.0850,0.005981,4.443
962181,520,399,919,240,68,14,35.24,0.9855,0.5754,0.226944,2,15,97,264.93,0.9774,0.1395,0.012175,4.454
962196,520,417,937,222,37,199,334.33,0.9411,0.5695,0.209786,42,20,28,357.34,0.4000,0.1228,0.010765,4.275
962198,520,63,583,247,230,190,87.72,0.6823,0.9168,0.800862,25,124,6,141.38,0.9961,0.4342,0.146345,4.334
962216,520,464,984,139,80,246,294.41,0.9250,0.5236,0.178802,9,3,29,290.19,0.7916,0.0488,0.002119,4.390
962218,520,423,943,243,32,75,18.57,0.9684,0.5591,0.205991,27,23,33,302.98,0.2219,0.1118,0.009556,4.298
962228,520,392,912,208,51,247,318.35,0.9631,0.5880,0.224946,71,6,1,31.31,0.9832,0.1531,0.014723,4.248
962236,520,450,970,235,36,37,27.52,0.9702,0.5395,0.190607,7,17,10,153.83,0.4336,0.0698,0.004680,4.400
962242,520,474,994,194,76,110,5.33,0.6739,0.5151,0.177658,0,4,6,218.80,1.0000,0.0290,0.001000,4.464
962282,520,313,833,230,104,220,330.63,0.8599,0.6625,0.318930,43,53,45,151.04,0.1774,0.2164,0.032492,4.472
962311,520,419,939,236,58,12,33.65,0.9874,0.5572,0.208887,13,28,8,138.28,0.7367,0.1050,0.009336,4.363
962336,520,386,906,229,72,151,353.52,0.8150,0.5871,0.235297,20,31,68,268.48,0.6340,0.1491,0.015460,4.358
962337,520,380,900,248,70,83,21.57,0.9497,0.6003,0.249647,4,42,49,212.86,0.8513,0.1598,0.019034,4.341
962338,520,417,937,210,62,197,331.79,0.8522,0.5666,0.211800,41,20,15,34.25,0.4422,0.1171,0.010063,4.359
962341,520,347,867,241,93,137,5.05,0.8331,0.6290,0.283385,10,51,53,199.81,0.7611,0.1928,0.026891,4.336
962376,520,444,964,239,32,20,29.48,0.9821,0.5445,0.194376,34,2,34,328.16,0.8213,0.0827,0.004990,4.444
962410,520,344,864,242,86,158,355.32,0.8586,0.6291,0.280044,7,34,112,264.26,0.9354,0.1942,0.023589,4.485
962411,520,468,988,136,87,228,295.34,0.8120,0.5158,0.176521,11,5,3,47.04,0.3470,0.0425,0.001863,4.368
962421,520,429,949,149,88,249,296.44,0.9356,0.5497,0.202087,9,26,10,145.18,0.7157,0.0969,0.008188,4.332
962429,520,433,953,212,72,129,358.94,0.7513,0.5482,0.202190,31,22,1,87.86,0.9080,0.1044,0.008673,4.298
962468,520,401,921,239,57,105,11.11,0.8965,0.5753,0.223000,50,1,71,312.11,0.9682,0.1389,0.011548,4.436
962469,520,457,977,228,11,108,4.77,0.9820,0.5284,0.178189,10,3,40,284.11,0.8879,0.0588,0.002828,4.319
962482,520,421,941,199,7,254,315.23,0.9964,0.5598,0.194513,21,26,20,140.43,0.1837,0.1084,0.009487,4.110
962486,520,467,987,230,19,5,29.71,0.9952,0.5189,0.173028,2,3,32,270.06,0.9350,0.0446,0.001823,4.304
962540,520,471,991,206,2,184,334.41,0.9955,0.5186,0.166280,10,2,17,310.35,0.7030,0.0395,0.001484,4.201
962547,520,349,869,195,120,194,327.40,0.5840,0.6257,0.289312,23,47,63,239.53,0.4811,0.1916,0.025740,4.480
962556,520,419,939,215,15,214,328.58,0.9845,0.5578,0.196459,30,22,13,69.55,0.3205,0.1056,0.008789,4.192
962559,520,378,898,238,11,223,331.88,0.9945,0.6039,0.237470,45,33,28,43.73,0.2156,0.1572,0.017295,4.272
962569,520,411,931,216,59,188,336.25,0.8580,0.5688,0.213599,51,9,29,355.18,0.7084,0.1211,0.009880,4.402
962591,520,410,930,199,87,185,332.58,0.7181,0.5722,0.224628,30,30,27,106.83,0.0642,0.1307,0.012837,4.370
962596,520,160,680,230,186,245,317.41,0.8198,0.8215,0.585342,20,100,28,144.23,0.9780,0.3541,0.093465,4.429
962615,520,475,995,183,63,186,326.84,0.7843,0.5162,0.171688,10,2,2,21.77,0.5475,0.0329,0.001123,4.336
962617,520,196,716,252,164,192,359.20,0.8815,0.7827,0.510544,17,91,30,145.57,0.9756,0.3231,0.076948,4.416
962622,520,387,907,208,56,244,318.89,0.9494,0.5897,0.227715,47,30,17,57.77,0.4366,0.1496,0.015734,4.225
962631,520,402,922,225,9,217,330.31,0.9931,0.5763,0.212151,41,15,52,314.56,0.6565,0.1257,0.010610,4.325
962632,520,475,995,184,36,220,318.28,0.9351,0.5184,0.166207,5,4,6,308.95,0.1607,0.0348,0.001322,4.213
962634,520,429,949,229,9,156,348.61,0.9853,0.5489,0.192565,37,13,16,13.70,0.5022,0.0973,0.007186,4.242
962639,520,260,780,248,108,239,330.11,0.9680,0.7052,0.369161,10,70,91,227.65,0.8545,0.2735,0.051999,4.109
962641,520,447,967,192,70,181,331.51,0.7622,0.5361,0.189245,39,0,10,8.72,1.0000,0.0775,0.004533,4.387
962658,520,448,968,228,11,139,354.02,0.9804,0.5398,0.186002,13,19,13,144.90,0.2497,0.0803,0.005804,4.229
962663,520,443,963,224,65,51,29.19,0.9009,0.5436,0.198696,9,20,6,138.42,0.6405,0.0784,0.005715,4.464
962670,520,377,897,225,64,215,330.70,0.9073,0.6045,0.245829,3,18,111,265.08,0.9782,0.1631,0.015995,4.483
962676,520,410,930,232,10,187,339.96,0.9892,0.5710,0.209635,19,17,80,275.09,0.8875,0.1308,0.011185,4.243
962680,520,377,897,188,86,249,310.14,0.9467,0.5961,0.241874,65,0,68,326.23,1.0000,0.1624,0.015413,4.462
962693,520,421,941,245,13,87,14.18,0.9896,0.5587,0.203919,2,13,74,265.11,0.9640,0.1071,0.007951,4.382
962707,520,348,868,246,28,235,330.82,0.9881,0.6305,0.264244,85,8,36,6.32,0.8522,0.1938,0.022327,4.345
962716,520,391,911,238,66,138,359.76,0.8610,0.5921,0.239115,1,32,72,256.20,0.9636,0.1457,0.015073,4.443
962720,520,437,957,229,22,147,351.80,0.9588,0.5484,0.193412,15,24,8,132.61,0.5648,0.0945,0.007723,4.217
962735,520,480,1000,175,84,139,344.99,0.5794,0.5071,0.173199,0,0,0,0.00,0.0000,0.0000,0.000000,4.464
962739,520,444,964,213,69,103,10.36,0.7759,0.5379,0.193840,6,13,46,268.67,0.8130,0.0802,0.005238,4.414
962743,520,211,731,242,171,49,75.63,0.9127,0.7559,0.482270,35,85,24,140.28,0.9377,0.3086,0.069200,4.465
962745,520,408,928,239,20,143,355.16,0.9729,0.5659,0.208373,44,19,47,323.19,0.5522,0.1336,0.012065,4.163
962748,520,409,929,252,22,76,18.40,0.9856,0.5738,0.217948,33,15,74,290.43,0.8008,0.1344,0.011594,4.350
962756,520,354,874,255,24,197,342.37,1.0000,0.6232,0.259479,3,30,107,263.67,0.9718,0.1788,0.020093,4.415
962773,520,359,879,223,101,159,352.69,0.7055,0.6187,0.275007,13,41,82,258.28,0.7658,0.1831,0.022805,4.464
962780,520,370,890,239,31,225,331.62,0.9803,0.6130,0.247697,9,9,124,266.85,0.9913,0.1737,0.017085,4.438
962787,520,397,917,241,39,149,354.31,0.9374,0.5808,0.223249,14,22,82,269.88,0.8922,0.1388,0.012763,4.354
962795,520,328,848,250,58,227,333.71,0.9770,0.6490,0.288992,22,57,33,151.74,0.7402,0.2102,0.032065,4.131
962811,520,324,844,221,124,132,15.43,0.6113,0.6454,0.314554,17,54,64,218.77,0.6448,0.2105,0.031275,4.485
962813,520,346,866,239,53,239,328.14,0.9656,0.6342,0.271315,77,18,47,354.29,0.7114,0.1912,0.022159,4.453
962814,520,156,676,252,178,210,351.71,0.9000,0.8164,0.571913,69,92,0,124.71,1.0000,0.3526,0.089194,4.468
962826,520,449,969,210,66,127,358.44,0.7680,0.5367,0.191326,17,7,30,301.55,0.6168,0.0656,0.003649,4.498
962837,520,440,960,204,50,204,328.08,0.8895,0.5501,0.194800,38,9,17,5.85,0.6090,0.0928,0.006480,4.334
962838,520,400,920,224,35,205,333.17,0.9527,0.5757,0.214595,34,33,18,104.92,0.3581,0.1408,0.014715,4.089
962843,520,402,922,221,80,137,358.69,0.7538,0.5772,0.229180,24,26,58,277.96,0.5477,0.1320,0.012384,4.475
962849,520,411,931,234,29,174,344.45,0.9569,0.5737,0.214300,36,20,32,336.29,0.3540,0.1157,0.009797,4.420
962851,520,448,968,169,78,217,311.84,0.7981,0.5354,0.188943,11,18,13,153.57,0.2605,0.0762,0.005328,4.319
962857,520,451,971,213,68,106,8.80,0.7772,0.5375,0.193233,12,15,15,196.69,0.0822,0.0700,0.004543,4.459
962874,520,414,934,187,76,230,315.00,0.8621,0.5680,0.214480,1,35,18,157.42,0.9820,0.1232,0.012521,4.230
962882,520,480,1000,222,39,42,26.65,0.9541,0.5148,0.171506,0,0,0,0.00,0.0000,0.0000,0.000000,4.430
962884,520,429,949,196,94,108,13.21,0.5942,0.5463,0.208256,21,21,35,283.65,0.3108,0.1018,0.008171,4.440
962889,520,319,839,241,64,241,328.05,0.9579,0.6472,0.287210,35,53,71,249.16,0.3571,0.2218,0.033584,4.034
962891,520,259,779,243,148,43,62.46,0.9277,0.7091,0.404115,40,73,5,133.23,0.9762,0.2700,0.052270,4.440
962902,520,450,970,207,74,129,358.14,0.7268,0.5419,0.197500,1,19,13,170.98,0.9192,0.0718,0.005012,4.499
962903,520,392,912,237,67,143,357.78,0.8546,0.5931,0.240049,15,38,51,235.65,0.5335,0.1533,0.017267,4.312
962928,520,479,999,217,32,93,9.53,0.9226,0.5096,0.165776,0,1,0,142.50,1.0000,0.0135,0.000217,4.297
962929,520,367,887,239,29,226,331.37,0.9825,0.6128,0.247232,32,30,78,280.78,0.6483,0.1650,0.017856,4.380
962939,520,478,998,170,0,249,308.25,1.0000,0.5085,0.153864,1,0,19,273.06,1.0000,0.0243,0.000535,4.034
962949,520,467,987,206,73,6,40.18,0.9832,0.5159,0.179022,1,7,10,220.32,0.6598,0.0401,0.001803,4.421
962957,520,476,996,186,72,142,345.71,0.6818,0.5083,0.170283,1,2,3,240.75,0.2913,0.0220,0.000564,4.356
962966,520,308,828,243,79,250,326.19,0.9812,0.6698,0.315513,56,48,77,296.17,0.3511,0.2318,0.034905,4.305
962981,520,376,896,226,33,238,325.39,0.9779,0.6001,0.234318,46,28,58,310.58,0.4805,0.1612,0.017169,4.233
962992,520,477,997,157,61,232,305.45,0.8856,0.5094,0.163323,1,1,10,275.68,0.8223,0.0220,0.000501,4.224
962996,520,396,916,255,27,16,29.41,1.0000,0.5757,0.220851,35,26,48,302.12,0.3946,0.1364,0.013095,4.293
963039,520,384,904,243,71,39,32.65,0.9497,0.5859,0.237109,15,39,26,158.05,0.6071,0.1453,0.016271,4.332
963044,520,396,916,236,70,90,18.42,0.8743,0.5789,0.229544,47,26,3,65.62,0.8137,0.1377,0.013498,4.402
963054,520,369,889,206,95,208,326.82,0.7682,0.6072,0.258619,55,26,62,319.56,0.5633,0.1728,0.018989,4.473
963062,520,359,879,219,89,212,329.81,0.8323,0.6209,0.269602,15,50,36,163.95,0.7278,0.1845,0.025100,4.256
963064,520,452,972,198,90,39,43.23,0.8282,0.5297,0.194664,27,9,9,21.01,0.4744,0.0728,0.004481,4.491
963075,520,467,987,189,59,191,327.29,0.8152,0.5248,0.177098,4,1,32,278.00,0.9611,0.0417,0.001518,4.408
963091,520,406,926,227,19,221,329.78,0.9859,0.5849,0.220195,39,29,10,81.77,0.5577,0.1345,0.013320,4.267
963095,520,454,974,208,43,170,339.60,0.8687,0.5312,0.180420,31,3,18,349.86,0.7389,0.0709,0.004001,4.267
963101,520,354,874,223,63,245,322.52,0.9576,0.6200,0.258376,79,10,29,11.10,0.8306,0.1802,0.019683,4.425
963119,520,409,929,207,88,145,352.89,0.6732,0.5676,0.222911,32,28,42,297.41,0.2633,0.1343,0.013048,4.329
963131,520,471,991,170,67,210,314.92,0.8146,0.5174,0.172144,1,8,11,217.36,0.6906,0.0430,0.002043,4.268
963140,520,467,987,229,34,23,29.36,0.9741,0.5247,0.178669,11,2,23,303.20,0.7758,0.0441,0.001764,4.418
963159,520,450,970,228,46,65,21.89,0.9306,0.5355,0.188325,23,2,43,303.05,0.8904,0.0733,0.004000,4.413
963177,520,443,963,220,18,165,343.78,0.9632,0.5382,0.183674,3,17,30,245.76,0.6772,0.0754,0.005140,4.238
963178,520,2,522,255,255,255,0.00,0.0000,1.0000,1.000000,5,140,13,142.89,0.9981,0.4846,0.188167,4.409
963183,520,458,978,170,47,248,307.21,0.9630,0.5284,0.173571,15,8,22,306.30,0.4433,0.0608,0.003332,4.192
963211,520,422,942,249,26,36,27.07,0.9864,0.5638,0.210095,22,23,41,280.52,0.3708,0.1111,0.009434,4.376
963229,520,407,927,249,33,58,23.42,0.9765,0.5694,0.215366,0,13,92,264.06,0.9808,0.1290,0.010605,4.379
963237,520,461,981,147,72,252,297.09,0.9749,0.5274,0.178662,8,1,42,281.19,0.9697,0.0549,0.002405,4.363
963248,520,376,896,235,6,231,329.28,0.9972,0.6030,0.235646,59,11,68,320.74,0.7873,0.1621,0.015866,4.337
963254,520,345,865,247,96,96,23.37,0.9188,0.6329,0.289876,30,51,30,144.30,0.5167,0.1947,0.027373,4.393
963259,520,435,955,145,97,240,295.12,0.8499,0.5524,0.208605,1,27,3,144.77,0.9897,0.0937,0.007969,4.461
963276,520,380,900,228,101,0,47.46,1.0000,0.5978,0.258040,34,40,0,118.00,1.0000,0.1584,0.018577,4.492
963277,520,364,884,249,76,88,21.22,0.9511,0.6096,0.260166,2,35,90,259.95,0.9662,0.1710,0.019530,4.461
963281,520,416,936,203,63,212,325.35,0.8676,0.5655,0.210067,29,14,64,291.05,0.7658,0.1185,0.009454,4.374
963325,520,467,987,175,23,245,310.20,0.9792,0.5188,0.163203,15,0,17,324.54,1.0000,0.0400,0.001420,4.146
963329,520,464,984,59,111,242,264.48,0.9489,0.5151,0.187085,6,11,5,139.39,0.3791,0.0527,0.002890,4.483
963342,520,450,970,191,9,250,313.90,0.9945,0.5440,0.181752,4,16,30,251.18,0.6159,0.0736,0.004901,4.221
963355,520,383,903,249,11,188,343.45,0.9930,0.6039,0.240132,8,38,56,239.25,0.7150,0.1532,0.017233,4.315
963363,520,474,994,220,39,106,5.75,0.8975,0.5239,0.177099,6,1,19,296.63,0.8395,0.0338,0.001074,4.446
963386,520,378,898,231,66,180,343.01,0.8652,0.5974,0.241832,18,43,11,139.36,0.8901,0.1568,0.018805,4.241
963403,520,266,786,252,101,246,329.28,0.9881,0.7060,0.366593,12,72,44,157.64,0.9352,0.2599,0.048945,4.210
963407,520,420,940,238,25,135,357.79,0.9621,0.5626,0.206248,0,32,17,159.42,1.0000,0.1125,0.010734,4.219
963415,520,423,943,198,90,154,346.00,0.6423,0.5599,0.216528,27,25,28,314.68,0.0742,0.1146,0.010121,4.433
963457,520,348,868,246,78,154,356.69,0.9004,0.6251,0.273778,14,46,72,246.52,0.6845,0.1899,0.025151,4.308
963466,520,398,918,249,28,100,11.35,0.9728,0.5751,0.218939,29,35,20,126.13,0.3570,0.1418,0.015138,4.129
963467,520,466,986,223,38,60,21.98,0.9443,0.5186,0.174032,25,2,5,13.27,0.7792,0.0546,0.002611,4.258
963468,520,396,916,217,20,243,322.13,0.9886,0.5837,0.217251,39,27,35,339.14,0.2345,0.1370,0.013366,4.218
963475,520,459,979,198,3,218,323.18,0.9962,0.5282,0.171345,23,0,34,313.59,1.0000,0.0621,0.002977,4.178
963488,520,416,936,192,79,218,319.65,0.8224,0.5707,0.218617,20,33,3,129.31,0.9073,0.1246,0.012430,4.303
963506,520,386,906,254,32,126,3.92,0.9915,0.5944,0.236139,32,34,45,276.76,0.1968,0.1515,0.016406,4.309
963517,520,463,983,158,63,249,302.15,0.9594,0.5279,0.176641,10,5,21,297.61,0.5620,0.0490,0.002272,4.336
963520,520,402,922,218,35,229,325.50,0.9662,0.5812,0.217667,53,8,42,339.49,0.7452,0.1301,0.010978,4.390
963521,520,447,967,191,15,249,314.05,0.9903,0.5446,0.182589,5,19,31,245.08,0.5816,0.0825,0.005969,4.156
963525,520,477,997,171,46,224,312.91,0.9101,0.5084,0.159947,5,0,9,314.44,1.0000,0.0236,0.000520,4.156
963531,520,444,964,210,19,196,332.06,0.9678,0.5379,0.181550,4,19,36,251.54,0.6785,0.0849,0.006189,4.121
963536,520,386,906,232,44,200,336.58,0.9404,0.5922,0.231299,28,24,81,279.71,0.7643,0.1518,0.014942,4.332
963544,520,425,945,231,26,159,348.41,0.9544,0.5594,0.202337,6,23,52,259.90,0.7566,0.1079,0.008994,4.277
963551,520,426,946,239,22,112,5.65,0.9708,0.5556,0.200976,35,21,16,40.46,0.3212,0.1107,0.009311,4.232
963555,520,400,920,217,57,199,333.13,0.8834,0.5751,0.218036,46,1,80,303.18,0.9797,0.1416,0.011818,4.336
963568,520,472,992,209,69,25,36.44,0.9373,0.5171,0.178840,1,3,9,259.20,0.5914,0.0284,0.000913,4.495
963578,520,380,900,207,64,251,316.74,0.9774,0.6003,0.238988,41,15,86,292.95,0.8364,0.1564,0.014850,4.456
963579,520,337,857,248,92,146,2.27,0.8981,0.6426,0.296892,8,49,83,248.70,0.8107,0.2046,0.028726,4.406
963594,520,414,934,224,23,209,332.10,0.9756,0.5730,0.210659,16,4,88,273.76,0.9840,0.1211,0.009015,4.417
963599,520,379,899,246,1,199,339.76,0.9994,0.6024,0.237412,22,16,101,273.95,0.9450,0.1566,0.014807,4.435
963601,520,344,864,244,53,221,333.83,0.9576,0.6316,0.270026,63,29,62,328.33,0.5390,0.1908,0.022834,4.394
963609,520,455,975,204,25,191,331.88,0.9449,0.5261,0.172961,14,8,12,338.75,0.2253,0.0555,0.002936,4.212
963622,520,423,943,189,63,234,315.39,0.8991,0.5593,0.203155,43,16,5,43.16,0.7083,0.1104,0.008952,4.294
963626,520,319,839,246,113,80,35.12,0.9072,0.6541,0.319853,55,52,11,105.13,0.7724,0.2186,0.032924,4.460
963628,520,420,940,235,61,14,34.10,0.9844,0.5582,0.210345,8,30,3,139.13,0.9568,0.1074,0.009867,4.349
963670,520,401,921,169,111,194,315.12,0.5732,0.5752,0.236996,41,27,41,326.52,0.3109,0.1424,0.014154,4.474
963678,520,439,959,231,58,28,32.15,0.9613,0.5480,0.201019,29,7,43,309.34,0.7388,0.0897,0.005876,4.492
963682,520,322,842,207,113,225,321.00,0.7865,0.6462,0.305132,51,48,29,100.34,0.3459,0.2055,0.029064,4.492
963692,520,409,929,238,12,170,346.29,0.9868,0.5739,0.213454,21,28,45,266.57,0.3655,0.1255,0.011794,4.263
963697,520,404,924,252,35,58,23.73,0.9859,0.5767,0.222067,34,24,53,297.99,0.4940,0.1341,0.012504,4.353
963715,520,432,952,179,52,251,309.10,0.9765,0.5481,0.190056,22,6,61,287.43,0.8844,0.0962,0.006377,4.258
963734,520,351,871,255,49,181,347.47,1.0000,0.6274,0.267963,64,10,92,309.97,0.8679,0.1906,0.020799,4.491
963753,520,437,957,218,28,181,338.48,0.9434,0.5470,0.190745,11,24,20,172.63,0.3725,0.0950,0.007749,4.169
963760,520,403,923,235,8,194,338.69,0.9928,0.5802,0.217337,5,30,63,256.48,0.8216,0.1345,0.013196,4.230
963764,520,426,946,239,46,94,13.58,0.9283,0.5636,0.211161,29,23,26,346.45,0.1278,0.1110,0.009486,4.390
963772,520,162,682,241,182,214,345.20,0.7000,0.8130,0.570132,19,97,51,152.18,0.9548,0.3476,0.089265,4.453
963778,520,336,856,232,83,230,328.36,0.9110,0.6445,0.290578,22,43,90,263.79,0.7062,0.1995,0.026364,4.460
963786,520,211,731,251,142,228,335.38,0.9682,0.7558,0.454590,95,60,85,337.86,0.3602,0.3148,0.063207,4.457
963801,520,296,816,246,86,253,326.12,0.9923,0.6836,0.333428,50,51,89,281.12,0.4325,0.2407,0.037670,4.374
963804,520,461,981,214,57,115,3.16,0.8141,0.5302,0.184626,17,1,28,310.24,0.8746,0.0518,0.002247,4.491
963813,520,433,953,195,27,239,317.15,0.9744,0.5468,0.186194,33,5,51,308.29,0.8220,0.0988,0.006709,4.165
963834,520,411,931,235,62,89,17.16,0.8864,0.5683,0.218317,18,21,65,274.68,0.7438,0.1220,0.010465,4.438
963845,520,449,969,239,20,65,20.19,0.9836,0.5439,0.192360,5,9,45,270.15,0.8750,0.0711,0.004171,4.474
963868,520,378,898,223,76,199,334.99,0.8470,0.6042,0.249826,33,39,28,131.09,0.2371,0.1597,0.018582,4.372
963878,520,433,953,226,39,143,353.20,0.9048,0.5493,0.196057,7,18,54,266.48,0.8144,0.0984,0.007441,4.284
963880,520,460,980,182,39,238,313.35,0.9501,0.5319,0.175703,12,12,2,109.07,0.6466,0.0591,0.003455,4.222
963882,520,37,557,241,247,182,112.26,0.8401,0.9489,0.885999,39,128,20,140.81,0.9838,0.4520,0.159196,4.474
963883,520,416,936,206,36,240,319.75,0.9666,0.5698,0.206765,47,10,45,330.04,0.7083,0.1235,0.010110,4.272
963896,520,445,965,176,92,167,331.30,0.5942,0.5357,0.196755,31,3,38,319.18,0.8070,0.0824,0.004964,4.489
963932,520,24,544,253,241,255,321.35,1.0000,0.9668,0.910135,67,127,36,136.93,0.9249,0.4626,0.164990,4.466
963937,520,299,819,227,120,195,339.69,0.7364,0.6704,0.337060,36,59,47,160.79,0.3746,0.2296,0.037081,4.445
963940,520,454,974,159,92,198,311.53,0.6693,0.5304,0.191030,14,10,29,291.07,0.5080,0.0677,0.003992,4.464
963947,520,414,934,211,68,195,332.73,0.8327,0.5733,0.219252,4,33,10,147.83,0.9523,0.1164,0.011354,4.389
963955,520,396,916,171,93,250,303.46,0.9412,0.5845,0.233893,50,24,17,35.96,0.4944,0.1406,0.013719,4.455
963964,520,426,946,207,48,219,324.90,0.9226,0.5638,0.204956,46,13,9,29.42,0.6900,0.1113,0.008885,4.330
963965,520,381,901,161,111,248,297.53,0.8892,0.6007,0.257234,28,41,23,137.29,0.4435,0.1599,0.018946,4.456
963978,520,479,999,137,92,204,299.65,0.6875,0.5071,0.173325,0,0,7,264.05,1.0000,0.0135,0.000153,4.453
963982,520,364,884,244,12,216,334.97,0.9941,0.6106,0.244569,36,22,97,283.16,0.8370,0.1728,0.018119,4.324
964007,520,418,938,241,17,115,4.77,0.9800,0.5590,0.203428,14,13,83,272.06,0.9447,0.1247,0.010057,4.220
964022,520,480,1000,223,26,73,16.82,0.9604,0.5141,0.169106,0,0,0,0.00,0.0000,0.0000,0.000000,4.382
964041,520,416,936,220,4,227,326.66,0.9972,0.5734,0.208507,34,26,22,48.04,0.1777,0.1231,0.011368,4.212
964052,520,39,559,223,245,248,206.62,0.5608,0.9475,0.877694,20,127,77,156.43,0.9641,0.4524,0.158626,4.447
964054,520,312,832,254,40,251,328.91,0.9968,0.6598,0.295565,19,50,95,258.05,0.7339,0.2207,0.032457,4.191
964058,520,363,883,236,24,234,328.77,0.9878,0.6110,0.244293,41,35,63,292.59,0.4065,0.1742,0.020324,4.185
964059,520,391,911,171,95,251,303.03,0.9494,0.5883,0.238079,69,10,4,30.95,0.9314,0.1533,0.014913,4.438
964073,520,433,953,224,53,114,4.89,0.8581,0.5453,0.196111,17,17,51,278.77,0.6596,0.1004,0.007591,4.273
964095,520,453,973,130,88,249,289.65,0.9410,0.5288,0.185647,2,13,39,260.85,0.8589,0.0715,0.004472,4.326
964102,520,445,965,229,49,70,20.87,0.9212,0.5408,0.192997,39,1,4,21.06,0.9532,0.0778,0.004619,4.449
964104,520,428,948,203,6,247,317.78,0.9965,0.5603,0.195438,27,12,44,302.61,0.6442,0.0957,0.006778,4.323
964108,520,296,816,232,116,213,333.84,0.8333,0.6797,0.344528,45,63,31,132.71,0.5556,0.2449,0.042118,4.283
964114,520,375,895,232,75,150,354.93,0.8162,0.5954,0.243927,35,27,75,286.59,0.6504,0.1589,0.016492,4.421
964116,520,408,928,253,29,0,30.50,1.0000,0.5719,0.217652,34,29,20,82.10,0.2382,0.1303,0.012693,4.269
964124,520,465,985,206,40,164,341.00,0.8693,0.5221,0.173218,18,2,13,339.34,0.6915,0.0470,0.002011,4.292
964132,520,368,888,255,76,5,36.51,1.0000,0.6129,0.264435,21,38,74,263.45,0.6196,0.1726,0.020400,4.466
964133,520,465,985,215,59,9,35.21,0.9842,0.5161,0.175972,18,0,28,312.94,1.0000,0.0509,0.002125,4.335
964139,520,433,953,179,75,219,315.16,0.8219,0.5472,0.197313,23,6,64,287.14,0.8947,0.1005,0.006826,4.352
964143,520,397,917,229,86,55,33.85,0.8771,0.5802,0.235922,13,33,50,246.34,0.5506,0.1370,0.014035,4.465
964148,520,282,802,248,104,213,338.12,0.9456,0.6863,0.346639,64,56,48,67.19,0.1448,0.2486,0.041318,4.343
964157,520,465,985,219,15,124,357.45,0.9648,0.5165,0.168595,10,8,19,291.89,0.3694,0.0546,0.002852,4.136
964174,520,401,921,253,30,89,15.30,0.9872,0.5816,0.225362,1,36,46,221.15,0.9460,0.1381,0.014654,4.259
964176,520,403,923,187,89,217,317.59,0.7812,0.5764,0.227204,46,21,31,355.52,0.4317,0.1324,0.012162,4.459
964181,520,388,908,240,78,42,33.88,0.9370,0.5886,0.241444,56,21,42,345.47,0.5506,0.1540,0.015444,4.453
964182,520,383,903,191,87,247,311.49,0.9331,0.6001,0.246092,19,39,36,183.54,0.4036,0.1513,0.017168,4.408
964186,520,387,907,248,13,159,351.74,0.9888,0.5885,0.227509,23,7,105,274.85,0.9786,0.1526,0.013540,4.367
964191,520,368,888,178,126,181,324.77,0.4462,0.6094,0.277236,0,49,30,161.22,1.0000,0.1738,0.022903,4.489
964192,520,397,917,213,64,208,329.38,0.8735,0.5803,0.223689,0,23,86,262.59,1.0001,0.1387,0.012846,4.355
964198,520,443,963,232,33,77,17.05,0.9542,0.5373,0.187824,8,5,54,274.49,0.9404,0.0751,0.004265,4.383
964218,520,438,958,224,8,179,340.38,0.9879,0.5509,0.192782,31,12,18,0.74,0.4334,0.0868,0.005980,4.337
964231,520,467,987,222,48,22,31.44,0.9688,0.5202,0.177042,0,3,29,263.21,1.0005,0.0400,0.001538,4.405
964239,520,413,933,246,43,70,21.23,0.9576,0.5709,0.217663,50,12,13,22.19,0.7051,0.1181,0.009702,4.483
964245,520,292,812,237,114,204,338.71,0.8429,0.6796,0.344011,26,60,71,221.67,0.5305,0.2370,0.039061,4.424
964262,520,416,936,237,10,173,345.15,0.9890,0.5730,0.212417,48,14,27,358.95,0.5947,0.1217,0.010217,4.358
964267,520,317,837,254,47,238,331.89,0.9961,0.6553,0.292800,3,33,139,264.23,0.9670,0.2242,0.029709,4.301
964268,520,345,865,233,76,219,331.71,0.9060,0.6320,0.276094,77,20,47,354.92,0.6881,0.1937,0.022836,4.477
964274,520,442,962,186,52,232,315.44,0.9170,0.5429,0.187225,29,10,8,27.70,0.5024,0.0773,0.004959,4.316
964276,520,23,543,251,245,243,39.46,0.4120,0.9700,0.922853,10,131,78,156.36,0.9860,0.4641,0.168464,4.453
964281,520,375,895,191,101,222,316.73,0.7735,0.6034,0.256587,34,38,41,240.17,0.0812,0.1626,0.018864,4.452
964288,520,455,975,193,31,216,322.02,0.9470,0.5273,0.172768,26,1,22,334.52,0.8250,0.0607,0.002993,4.204
964293,520,347,867,255,65,158,355.76,1.0000,0.6299,0.275127,43,46,20,114.50,0.5173,0.1888,0.025181,4.325
964298,520,405,925,238,65,92,16.91,0.8879,0.5778,0.227335,30,29,20,102.32,0.2191,0.1257,0.012053,4.469
964315,520,441,961,187,18,251,312.47,0.9880,0.5409,0.179636,9,15,48,270.80,0.7484,0.0880,0.006131,4.091
964320,520,465,985,181,89,117,2.33,0.5512,0.5164,0.182542,22,2,1,30.75,0.8748,0.0485,0.002162,4.458
964327,520,410,930,248,0,99,10.50,1.0000,0.5652,0.208609,22,6,87,278.11,0.9643,0.1269,0.009889,4.318
964337,520,340,860,244,67,209,337.26,0.9368,0.6359,0.278537,46,26,106,287.23,0.8086,0.1993,0.023602,4.464
964339,520,264,784,241,120,227,331.85,0.9151,0.7059,0.376820,24,64,90,240.44,0.6418,0.2592,0.045990,4.447
964345,520,336,856,242,61,238,329.05,0.9594,0.6445,0.283904,38,35,101,279.37,0.7323,0.2026,0.025536,4.420
964353,520,476,996,116,98,217,286.42,0.7402,0.5060,0.174579,1,1,5,279.71,0.6028,0.0191,0.000391,4.457
964355,520,300,820,250,114,121,19.13,0.9133,0.6704,0.337422,6,59,73,220.98,0.8770,0.2277,0.036475,4.480
964367,520,480,1000,171,55,215,314.69,0.8658,0.5093,0.162975,0,0,0,0.00,0.0000,0.0000,0.000000,4.260
964386,520,99,619,242,215,186,69.14,0.5652,0.8767,0.710243,42,112,2,138.30,0.9977,0.3998,0.120845,4.450
964390,520,236,756,251,134,227,335.38,0.9697,0.7421,0.431079,45,74,78,206.84,0.3380,0.2945,0.060053,4.371
964392,520,458,978,218,28,155,346.77,0.9280,0.5332,0.181049,5,3,50,272.31,0.9669,0.0648,0.003277,4.337
964396,520,435,955,208,43,202,329.81,0.9114,0.5505,0.194038,15,16,41,278.73,0.5579,0.0888,0.006322,4.333
964418,520,137,657,239,206,99,92.32,0.7962,0.8357,0.633955,27,105,24,142.50,0.9724,0.3724,0.104017,4.441
964420,520,342,862,204,112,209,325.31,0.7047,0.6315,0.290305,18,53,31,153.44,0.7719,0.1943,0.027736,4.378
964423,520,369,889,226,91,156,353.18,0.7487,0.6078,0.260536,26,41,49,232.18,0.2976,0.1681,0.020272,4.419
964436,520,273,793,252,94,251,328.04,0.9886,0.7006,0.356686,100,37,24,33.37,0.7377,0.2583,0.040988,4.470
964437,520,406,926,232,60,152,352.70,0.8609,0.5807,0.226573,22,23,66,277.27,0.6917,0.1303,0.011767,4.478
964441,520,444,964,193,26,241,316.17,0.9763,0.5448,0.184285,20,19,5,105.33,0.5455,0.0848,0.006254,4.165
964457,520,399,919,234,67,119,6.56,0.8467,0.5794,0.228415,40,15,71,299.33,0.7712,0.1402,0.012477,4.456
964471,520,415,935,171,99,217,310.38,0.7327,0.5704,0.225920,3,34,30,182.98,0.8726,0.1249,0.012571,4.410
964480,520,310,830,228,109,203,336.03,0.7944,0.6581,0.317451,66,48,25,71.94,0.4868,0.2241,0.033425,4.405
964488,520,477,997,219,38,41,26.67,0.9538,0.5077,0.166091,3,0,11,298.58,1.0000,0.0218,0.000435,4.285
964510,520,353,873,249,43,204,339.42,0.9658,0.6244,0.262303,34,44,30,136.88,0.3044,0.1762,0.022352,4.316
964525,520,436,956,195,56,211,323.38,0.8741,0.5451,0.191351,12,4,65,275.85,0.9639,0.0888,0.005466,4.351
964539,520,411,931,248,37,39,27.47,0.9761,0.5674,0.214297,37,5,65,302.58,0.8793,0.1176,0.008835,4.492
964551,520,479,999,141,61,254,295.74,0.9931,0.5088,0.161561,1,0,2,311.99,1.0000,0.0114,0.000108,4.222
964556,520,411,931,231,50,148,353.18,0.8854,0.5687,0.214110,53,7,21,7.23,0.7679,0.1195,0.009631,4.429
964559,520,392,912,230,64,163,348.55,0.8504,0.5856,0.231368,51,18,54,324.24,0.6342,0.1475,0.014028,4.394
964563,520,453,973,209,54,156,345.19,0.8195,0.5348,0.185961,23,12,8,41.39,0.3429,0.0728,0.004627,4.320
964574,520,419,939,236,59,30,31.90,0.9617,0.5590,0.210577,43,17,9,37.88,0.6019,0.1131,0.009343,4.391
964588,520,460,980,151,79,234,301.10,0.8577,0.5263,0.181121,15,6,29,299.32,0.6416,0.0609,0.003205,4.344
964589,520,410,930,252,26,66,21.20,0.9853,0.5736,0.218313,56,16,2,40.69,0.9006,0.1338,0.012159,4.317
964595,520,344,864,207,119,165,348.24,0.5557,0.6273,0.291772,21,49,56,216.15,0.4993,0.1927,0.026415,4.473
964601,520,311,831,206,123,228,318.97,0.7725,0.6634,0.328904,11,59,55,186.81,0.8167,0.2200,0.034748,4.471
964612,520,313,833,251,65,240,330.70,0.9844,0.6639,0.305840,23,40,122,268.05,0.8906,0.2244,0.031047,4.391
964623,520,429,949,194,28,244,315.74,0.9757,0.5497,0.188329,35,16,26,347.91,0.4065,0.1034,0.008025,4.107
964624,520,415,935,211,52,220,325.68,0.9197,0.5742,0.214741,5,29,53,251.02,0.7587,0.1239,0.011680,4.292
964642,520,411,931,254,18,7,29.46,0.9967,0.5701,0.215226,29,28,1,107.69,0.9314,0.1179,0.010939,4.352
964643,520,430,950,229,31,153,350.08,0.9370,0.5550,0.199407,8,2,79,270.16,0.9931,0.1012,0.006595,4.407
964648,520,425,945,217,27,212,329.56,0.9667,0.5641,0.202912,32,25,8,87.47,0.5433,0.1147,0.010199,4.201
964668,520,302,822,253,99,181,350.43,0.9699,0.6732,0.331456,23,53,100,259.13,0.7079,0.2348,0.036483,4.411
964683,520,332,852,252,41,232,332.87,0.9876,0.6448,0.281106,36,35,97,278.45,0.7164,0.1969,0.024401,4.450
964692,520,470,990,225,15,82,13.42,0.9789,0.5160,0.169613,4,6,0,120.96,1.0000,0.0369,0.001561,4.259
964696,520,460,980,166,91,185,319.23,0.6357,0.5299,0.190927,16,8,27,301.56,0.5361,0.0646,0.003630,4.492
964697,520,354,874,212,92,214,326.95,0.8117,0.6154,0.265081,68,26,31,14.88,0.5637,0.1799,0.020668,4.459
964708,520,431,951,244,23,16,29.16,0.9888,0.5508,0.198868,27,19,37,303.81,0.3924,0.1047,0.008323,4.267
964715,520,472,992,156,70,230,304.74,0.8611,0.5172,0.171619,12,1,8,339.28,0.7206,0.0348,0.001174,4.331
964722,520,407,927,215,19,229,324.87,0.9849,0.5696,0.205720,39,9,66,303.00,0.8199,0.1264,0.010201,4.248
964726,520,420,940,237,53,85,17.28,0.9153,0.5631,0.212097,15,22,49,270.26,0.5741,0.1084,0.008971,4.445
964739,520,377,897,255,39,114,8.40,1.0000,0.5964,0.239297,30,39,46,241.77,0.1937,0.1641,0.019243,4.178
964751,520,400,920,211,64,216,326.56,0.8857,0.5821,0.224754,23,29,62,273.14,0.5609,0.1415,0.014086,4.287
964761,520,457,977,185,14,239,314.56,0.9880,0.5261,0.168616,7,9,22,274.76,0.4369,0.0558,0.002985,4.126
964767,520,470,990,203,65,124,358.03,0.7514,0.5216,0.179343,11,5,3,47.04,0.3470,0.0425,0.001863,4.422
964779,520,292,812,249,91,237,330.95,0.9733,0.6844,0.337390,83,38,69,340.49,0.5225,0.2439,0.036551,4.476
964780,520,415,935,222,85,60,32.45,0.8440,0.5667,0.223554,12,32,16,148.73,0.6709,0.1185,0.011486,4.449
964782,520,453,973,233,0,90,11.33,1.0000,0.5313,0.180649,14,15,12,122.11,0.1024,0.0708,0.004616,4.223
964791,520,112,632,254,212,129,83.38,0.9430,0.8703,0.697444,35,110,32,142.57,0.9570,0.3926,0.116130,4.499
964793,520,387,907,189,78,254,309.99,0.9912,0.5912,0.234243,25,5,106,276.06,0.9835,0.1535,0.013557,4.472
964810,520,343,863,236,40,245,326.13,0.9789,0.6253,0.259455,43,4,122,283.98,0.9829,0.1913,0.020055,4.417
964825,520,385,905,238,5,194,339.35,0.9958,0.5852,0.221836,52,27,11,51.64,0.6086,0.1493,0.015382,4.158
964835,520,408,928,195,64,231,317.92,0.8960,0.5672,0.210398,54,2,45,336.62,0.8657,0.1266,0.010173,4.328
964843,520,231,751,241,148,192,350.54,0.7562,0.7380,0.436885,38,78,38,143.82,0.7692,0.2894,0.060006,4.426
964849,520,317,837,252,57,237,331.67,0.9879,0.6577,0.297391,94,17,14,27.77,0.9009,0.2168,0.028127,4.446
964851,520,391,911,217,73,189,336.50,0.8207,0.5854,0.231930,52,22,42,341.47,0.5046,0.1490,0.014711,4.357
964876,520,325,845,213,124,172,347.26,0.5805,0.6477,0.315416,20,52,77,244.89,0.6211,0.2135,0.031404,4.489
964917,520,422,942,204,61,211,325.96,0.8724,0.5645,0.208797,49,5,25,357.43,0.7758,0.1103,0.008318,4.438
964925,520,406,926,248,18,143,356.85,0.9825,0.5832,0.223757,21,16,80,276.96,0.8831,0.1307,0.011091,4.481
964926,520,396,916,240,51,133,0.45,0.9048,0.5809,0.225895,33,8,89,286.21,0.9282,0.1424,0.012182,4.437
964935,520,468,988,217,10,147,348.84,0.9759,0.5211,0.170779,7,3,26,287.78,0.7696,0.0447,0.001849,4.258
964957,520,475,995,230,28,14,29.72,0.9864,0.5231,0.176883,3,2,11,287.93,0.6036,0.0287,0.000869,4.460
964958,520,473,993,220,37,87,12.67,0.9181,0.5172,0.172296,3,3,11,281.35,0.4948,0.0318,0.001086,4.351
964960,520,429,949,211,28,211,328.26,0.9602,0.5533,0.193845,10,16,56,270.94,0.8137,0.0978,0.007206,4.263
964963,520,451,971,183,38,251,310.86,0.9799,0.5439,0.184196,3,17,27,238.89,0.6562,0.0737,0.004994,4.259
964992,520,415,935,210,40,230,323.10,0.9542,0.5712,0.209342,20,31,17,139.07,0.4298,0.1212,0.011691,4.204
965016,520,426,946,245,30,79,17.44,0.9716,0.5631,0.209090,17,24,46,269.09,0.4785,0.1127,0.009697,4.340
965017,520,454,974,203,65,146,348.30,0.7597,0.5308,0.185544,11,0,53,280.38,1.0000,0.0671,0.003282,4.421
965018,520,447,967,231,49,35,29.51,0.9524,0.5404,0.193099,16,6,51,284.86,0.8553,0.0801,0.004794,4.437
965027,520,465,985,190,84,92,17.74,0.6341,0.5151,0.180622,4,6,28,272.54,0.7361,0.0503,0.002399,4.401
965030,520,465,985,162,94,167,324.59,0.5514,0.5193,0.184776,0,4,41,263.74,1.0019,0.0532,0.002469,4.475
965034,520,433,953,200,68,183,333.37,0.7878,0.5481,0.198342,40,7,34,335.75,0.7007,0.1008,0.007186,4.343
965037,520,479,999,216,36,106,4.76,0.8983,0.5139,0.169038,0,1,0,142.50,1.0000,0.0135,0.000217,4.362
965048,520,367,887,226,68,223,328.77,0.9138,0.6149,0.256329,20,48,1,135.54,0.9920,0.1734,0.022648,4.217
965054,520,427,947,226,53,155,349.75,0.8659,0.5648,0.210841,2,26,34,222.50,0.8346,0.1016,0.008671,4.446
965072,520,413,933,242,54,7,33.07,0.9937,0.5655,0.215343,27,25,41,289.38,0.3132,0.1210,0.010884,4.358
965075,520,464,984,157,83,205,309.78,0.7323,0.5177,0.177630,0,7,30,259.22,1.0000,0.0503,0.002457,4.339
965078,520,459,979,222,39,123,359.67,0.8953,0.5336,0.184133,7,6,38,277.20,0.8206,0.0607,0.003153,4.405
965098,520,459,979,224,52,24,31.81,0.9652,0.5279,0.183720,11,14,0,117.72,1.0000,0.0625,0.003852,4.340
965118,520,308,828,252,119,28,48.05,0.9757,0.6689,0.339761,15,63,56,181.38,0.7818,0.2348,0.039419,4.359
965122,520,398,918,251,41,86,16.86,0.9746,0.5827,0.227706,35,24,60,295.08,0.5656,0.1404,0.013368,4.382
965123,520,461,981,174,35,254,307.70,0.9948,0.5314,0.173573,6,0,37,280.99,1.0000,0.0459,0.001723,4.323
965129,520,281,801,246,113,204,341.26,0.9105,0.6916,0.357653,58,61,15,112.94,0.7623,0.2488,0.042715,4.397
965139,520,401,921,235,59,146,355.45,0.8707,0.5829,0.228683,50,23,19,29.54,0.4819,0.1390,0.013380,4.397
965140,520,284,804,227,126,221,329.33,0.8117,0.6928,0.364748,64,57,52,57.84,0.1017,0.2527,0.042642,4.477
965144,520,391,911,229,72,162,349.29,0.8229,0.5917,0.239040,4,42,32,171.19,0.9071,0.1523,0.017859,4.259
965161,520,359,879,252,79,89,21.69,0.9732,0.6188,0.270122,61,30,51,340.49,0.4580,0.1835,0.021598,4.471
965162,520,480,1000,186,81,111,4.55,0.6173,0.5092,0.174732,0,0,0,0.00,0.0000,0.0000,0.000000,4.495
965163,520,443,963,225,30,131,356.79,0.9297,0.5374,0.185775,33,10,4,38.72,0.6777,0.0826,0.005492,4.249
965177,520,410,930,217,66,177,340.37,0.8228,0.5715,0.218247,35,29,20,77.69,0.2459,0.1316,0.012866,4.267
965182,520,354,874,237,87,160,353.54,0.8242,0.6225,0.273617,49,40,21,84.96,0.4266,0.1790,0.022247,4.479
965192,520,401,921,221,25,220,328.54,0.9764,0.5757,0.212370,30,5,93,282.89,0.9644,0.1409,0.011748,4.249
965211,520,376,896,246,72,68,26.32,0.9473,0.5961,0.246483,70,7,39,355.58,0.8067,0.1617,0.016007,4.492
965212,520,462,982,206,51,163,341.69,0.8293,0.5302,0.181358,4,2,34,276.05,0.9381,0.0459,0.001847,4.462
965213,520,378,898,210,57,250,318.05,0.9749,0.5981,0.235317,35,24,81,286.21,0.7312,0.1586,0.016046,4.320
965221,520,301,821,218,109,249,318.25,0.9522,0.6694,0.326838,26,58,65,213.75,0.4978,0.2278,0.036272,4.368
965225,520,373,893,252,68,62,27.16,0.9827,0.6026,0.251811,24,33,77,271.18,0.6612,0.1644,0.018177,4.427
965227,520,458,978,196,84,101,13.26,0.6487,0.5279,0.190178,3,14,2,140.89,0.9097,0.0566,0.003378,4.500
965235,520,428,948,222,43,177,340.96,0.9041,0.5606,0.204341,41,8,24,353.62,0.6599,0.0991,0.007111,4.453
965237,520,450,970,239,23,29,27.72,0.9866,0.5409,0.190556,26,10,13,8.50,0.4039,0.0743,0.004658,4.401
965275,520,420,940,243,42,43,27.22,0.9665,0.5605,0.208884,18,27,17,142.17,0.3379,0.1077,0.009529,4.349
965278,520,425,945,226,44,169,344.55,0.9026,0.5646,0.208373,48,8,13,17.51,0.7523,0.1087,0.008312,4.431
965289,520,400,920,197,63,240,316.41,0.9242,0.5760,0.217180,1,12,99,264.61,0.9844,0.1377,0.011701,4.330
965290,520,328,848,250,53,229,333.18,0.9781,0.6467,0.285304,52,46,54,317.68,0.1295,0.2098,0.029504,4.217
965294,520,344,864,234,71,218,332.24,0.9147,0.6279,0.270633,24,51,37,159.66,0.5357,0.1928,0.026953,4.167
965296,520,420,940,165,99,210,309.74,0.6959,0.5581,0.215767,18,25,40,264.70,0.3590,0.1122,0.009770,4.446
965308,520,480,1000,196,47,157,340.90,0.8182,0.5054,0.162049,0,0,0,0.00,0.0000,0.0000,0.000000,4.241
965311,520,354,874,211,107,175,342.20,0.6459,0.6165,0.274612,8,47,55,214.56,0.7726,0.1803,0.023604,4.410
965313,520,471,991,182,42,227,315.79,0.9296,0.5248,0.171482,0,7,15,238.37,1.0000,0.0412,0.001864,4.270
965323,520,387,907,235,11,204,336.01,0.9916,0.5866,0.222639,35,34,31,91.59,0.0610,0.1485,0.016003,4.131
965331,520,293,813,238,94,249,324.83,0.9728,0.6781,0.330244,60,57,40,99.27,0.2614,0.2442,0.040401,4.206
965335,520,466,986,193,74,135,351.56,0.6856,0.5199,0.179860,27,0,0,29.23,1.0000,0.0518,0.002331,4.392
965344,520,418,938,187,100,155,342.94,0.5527,0.5600,0.220470,18,29,27,182.27,0.2450,0.1169,0.010864,4.444
965354,520,352,872,246,51,191,342.59,0.9418,0.6172,0.257252,62,31,47,348.74,0.4323,0.1852,0.022095,4.262
965373,520,412,932,215,20,224,326.07,0.9820,0.5663,0.203313,9,11,80,269.71,0.9610,0.1154,0.008765,4.311
965381,520,425,945,237,55,51,27.27,0.9389,0.5593,0.209791,14,22,51,269.33,0.6142,0.1093,0.009062,4.399
965394,520,445,965,197,58,201,326.78,0.8499,0.5436,0.191151,9,6,57,274.46,0.9352,0.0808,0.004837,4.398
965405,520,453,973,214,71,6,38.64,0.9868,0.5284,0.188182,20,11,10,26.09,0.2521,0.0676,0.004100,4.403
965453,520,423,943,232,15,155,349.68,0.9773,0.5557,0.198669,16,13,71,275.56,0.8949,0.1120,0.008529,4.249
965462,520,364,884,235,33,226,330.43,0.9767,0.6075,0.242435,17,43,57,234.52,0.5497,0.1728,0.021422,4.094
965467,520,470,990,229,22,46,24.36,0.9813,0.5207,0.174321,4,3,19,282.57,0.6907,0.0371,0.001380,4.366
965474,520,403,923,254,26,60,22.72,0.9952,0.5769,0.221397,2,1,104,265.02,0.9989,0.1328,0.010340,4.498
965475,520,436,956,202,15,229,321.52,0.9862,0.5462,0.185570,32,8,33,326.02,0.6422,0.0888,0.005906,4.214
965476,520,354,874,215,119,90,37.60,0.6474,0.6170,0.283809,32,48,22,134.41,0.5747,0.1849,0.024789,4.463
965494,520,351,871,239,62,214,334.56,0.9326,0.6258,0.266537,30,34,98,274.47,0.7703,0.1909,0.023018,4.335
965500,520,440,960,247,4,42,25.06,0.9981,0.5539,0.200318,6,21,34,246.05,0.5743,0.0901,0.006905,4.399
965534,520,478,998,179,44,216,317.51,0.9047,0.5128,0.163441,2,0,17,282.31,1.0000,0.0243,0.000534,4.224
965553,520,317,837,243,84,227,332.12,0.9419,0.6613,0.309440,36,48,86,268.98,0.5061,0.2186,0.031608,4.404
965563,520,427,947,240,19,118,3.67,0.9760,0.5585,0.203023,26,15,46,297.11,0.6026,0.1014,0.007585,4.394
965571,520,400,920,253,14,99,11.53,0.9904,0.5784,0.221013,44,24,30,0.52,0.3389,0.1351,0.012825,4.314
965591,520,469,989,207,74,12,39.88,0.9683,0.5194,0.181917,2,1,36,270.53,0.9838,0.0434,0.001620,4.493
965605,520,427,947,242,35,83,16.36,0.9597,0.5602,0.207072,39,15,8,37.35,0.5899,0.1024,0.007906,4.439
965609,520,457,977,204,11,209,327.02,0.9851,0.5338,0.176820,4,8,39,269.51,0.8555,0.0631,0.003459,4.243
965613,520,369,889,226,82,178,343.30,0.8014,0.6055,0.254201,6,48,1,141.02,0.9958,0.1672,0.021547,4.252
965624,520,447,967,188,35,244,313.89,0.9645,0.5438,0.184263,4,12,50,266.92,0.8934,0.0805,0.005190,4.245
965625,520,421,941,245,19,82,15.91,0.9844,0.5593,0.204909,17,20,52,275.62,0.6226,0.1077,0.008674,4.345
965650,520,371,891,232,35,234,327.77,0.9767,0.6085,0.243008,81,0,8,24.19,1.0000,0.1713,0.017672,4.330
965653,520,410,930,186,70,239,312.89,0.9069,0.5662,0.210525,31,15,68,291.00,0.7722,0.1262,0.010503,4.306
965663,520,280,800,253,89,231,333.60,0.9897,0.6851,0.337998,6,69,53,170.19,0.9486,0.2512,0.045518,4.062
965667,520,458,978,200,75,116,3.17,0.6986,0.5262,0.185744,4,10,24,261.61,0.5569,0.0565,0.003088,4.441
965696,520,431,951,238,16,92,11.88,0.9827,0.5460,0.193237,12,10,70,273.27,0.9340,0.1036,0.007374,4.239
965719,520,425,945,240,42,77,18.68,0.9479,0.5592,0.207203,38,22,3,69.65,0.7714,0.1146,0.009925,4.292
965727,520,367,887,237,77,155,354.31,0.8406,0.6085,0.256817,38,40,34,122.16,0.1118,0.1697,0.020451,4.355
965750,520,470,990,219,25,127,356.74,0.9350,0.5214,0.172902,0,6,23,256.31,0.9999,0.0431,0.001921,4.293
965773,520,270,790,203,152,189,336.62,0.4204,0.6969,0.388281,27,72,17,140.31,0.9499,0.2602,0.049080,4.423
965782,520,402,922,221,73,161,347.75,0.7930,0.5784,0.227128,11,24,70,267.07,0.8353,0.1289,0.011665,4.494
965791,520,385,905,223,82,149,354.18,0.7592,0.5878,0.238949,28,36,36,196.45,0.1357,0.1491,0.016360,4.354
965802,520,375,895,242,74,103,15.01,0.8915,0.5976,0.247572,1,43,37,180.71,0.9742,0.1563,0.018677,4.333
965803,520,300,820,242,124,100,32.80,0.8395,0.6697,0.342154,36,62,8,132.38,0.9395,0.2313,0.038378,4.437
965815,520,449,969,233,0,116,2.60,1.0000,0.5389,0.185876,15,10,32,291.19,0.5568,0.0705,0.004229,4.350
965840,520,435,955,231,9,143,353.28,0.9854,0.5470,0.191704,4,2,75,267.60,0.9941,0.0933,0.005772,4.334
965845,520,396,916,228,24,212,332.29,0.9776,0.5825,0.219032,46,26,18,42.50,0.4119,0.1389,0.013634,4.228
965849,520,319,839,213,115,203,331.04,0.6990,0.6460,0.307210,61,49,20,87.05,0.5765,0.2190,0.032393,4.335
965873,520,459,979,165,59,241,306.38,0.9230,0.5261,0.174788,3,0,50,269.82,1.0000,0.0571,0.002496,4.282
965884,520,356,876,174,112,250,302.01,0.9170,0.6187,0.274895,60,33,44,354.31,0.3709,0.1849,0.022303,4.494
965886,520,332,852,249,50,218,335.75,0.9702,0.6365,0.274860,77,15,73,330.85,0.7705,0.2025,0.024007,4.390
965889,520,398,918,243,63,33,32.00,0.9619,0.5771,0.227228,0,19,90,263.52,1.0011,0.1359,0.012038,4.469
965900,520,445,965,200,23,226,321.61,0.9739,0.5431,0.183848,4,3,60,269.16,0.9833,0.0756,0.004171,4.317
965905,520,423,943,193,44,248,314.17,0.9660,0.5605,0.199174,2,13,77,265.13,0.9672,0.1108,0.008365,4.269
965932,520,423,943,249,4,39,25.63,0.9982,0.5579,0.203767,46,8,38,337.36,0.7147,0.1150,0.008945,4.305
965947,520,372,892,232,67,205,335.42,0.8996,0.6133,0.255804,64,25,25,21.95,0.5676,0.1691,0.018556,4.461
965954,520,468,988,214,15,159,344.21,0.9634,0.5225,0.171433,13,3,5,3.89,0.4826,0.0403,0.001617,4.290
965955,520,399,919,251,40,82,17.94,0.9757,0.5813,0.226396,15,38,12,141.45,0.8474,0.1387,0.015143,4.243
965992,520,416,936,207,0,255,317.15,1.0000,0.5723,0.204871,52,3,38,342.45,0.8232,0.1197,0.009352,4.294
965994,520,419,939,248,11,82,15.90,0.9925,0.5635,0.208086,27,24,27,325.83,0.0853,0.1116,0.009654,4.326
965998,520,466,986,56,107,254,265.26,0.9962,0.5159,0.185108,3,7,21,264.72,0.5985,0.0472,0.002255,4.499
966002,520,252,772,217,153,195,340.09,0.5300,0.7181,0.414756,14,75,51,161.88,0.9127,0.2726,0.053643,4.484
966014,520,278,798,252,91,247,329.08,0.9887,0.6948,0.348958,82,47,40,32.07,0.4097,0.2494,0.039803,4.443
966022,520,444,964,202,30,219,323.79,0.9573,0.5443,0.186013,24,10,26,322.41,0.4782,0.0770,0.004859,4.302
966027,520,252,772,234,131,234,327.16,0.8754,0.7173,0.396674,42,71,15,133.06,0.9081,0.2657,0.050331,4.452
966045,520,461,981,232,3,100,7.95,0.9958,0.5325,0.181441,5,3,36,276.71,0.9098,0.0509,0.002248,4.430
966048,520,423,943,195,84,181,332.66,0.7120,0.5595,0.212804,6,29,16,156.24,0.7872,0.1059,0.009548,4.413
966052,520,453,973,229,35,88,13.28,0.9390,0.5347,0.185676,12,15,18,248.31,0.1263,0.0711,0.004635,4.314
966053,520,461,981,226,41,83,15.27,0.9224,0.5313,0.183820,3,9,26,262.65,0.6659,0.0547,0.002893,4.421
966055,520,408,928,212,86,125,3.74,0.6938,0.5657,0.221354,27,28,48,280.84,0.3644,0.1327,0.012769,4.323
966064,520,431,951,207,24,219,325.20,0.9708,0.5503,0.190350,15,8,64,277.87,0.9108,0.0961,0.006454,4.257
966100,520,427,947,243,33,45,25.93,0.9761,0.5553,0.203353,15,25,16,147.21,0.3571,0.0993,0.008342,4.343
966101,520,409,929,254,8,6,29.15,0.9974,0.5677,0.212615,25,8,83,281.35,0.9349,0.1270,0.010048,4.373
966104,520,346,866,246,24,241,329.44,0.9915,0.6331,0.265999,28,40,82,269.13,0.6035,0.1889,0.023736,4.286
966113,520,426,946,232,63,34,32.18,0.9490,0.5554,0.208293,47,0,49,326.51,1.0000,0.1134,0.008262,4.433
966115,520,466,986,178,73,177,328.00,0.7184,0.5152,0.174056,5,5,29,276.93,0.7593,0.0497,0.002295,4.284
966132,520,451,971,234,34,65,20.87,0.9609,0.5398,0.190213,26,7,16,351.75,0.5175,0.0698,0.004090,4.441
966133,520,444,964,225,59,46,29.10,0.9193,0.5386,0.193355,1,21,14,169.19,0.9338,0.0779,0.005745,4.366
966139,520,461,981,159,66,247,302.63,0.9453,0.5308,0.179832,1,10,21,245.53,0.7673,0.0522,0.002777,4.355
966147,520,470,990,206,68,82,18.58,0.7828,0.5182,0.178674,15,2,8,348.05,0.6348,0.0412,0.001625,4.430
966150,520,467,987,172,27,254,307.35,0.9951,0.5243,0.167111,3,4,22,273.94,0.7316,0.0405,0.001641,4.204
966160,520,403,923,243,62,41,30.52,0.9501,0.5767,0.226634,13,28,60,263.35,0.6698,0.1307,0.012423,4.432
966173,520,465,985,218,56,48,27.98,0.9117,0.5219,0.179498,5,7,13,266.38,0.2808,0.0452,0.002133,4.402
966193,520,417,937,252,22,13,29.32,0.9920,0.5673,0.213021,28,23,49,290.70,0.4707,0.1223,0.010814,4.325
966196,520,435,955,200,23,234,319.73,0.9783,0.5494,0.188343,34,11,26,342.49,0.5305,0.0929,0.006541,4.215
966222,520,436,956,200,14,242,318.02,0.9904,0.5530,0.190058,22,15,39,294.97,0.5201,0.0919,0.006587,4.242
966249,520,370,890,250,33,187,344.22,0.9717,0.6122,0.250029,53,36,21,61.89,0.4229,0.1741,0.020729,4.242
966269,520,433,953,209,57,182,336.21,0.8398,0.5514,0.198610,24,0,68,288.23,1.0000,0.0974,0.006115,4.430
966270,520,380,900,213,116,50,51.38,0.8030,0.6024,0.268692,0,47,22,154.22,1.0000,0.1648,0.020909,4.494
966277,520,480,1000,188,12,215,321.09,0.9825,0.5107,0.158620,0,0,0,0.00,0.0000,0.0000,0.000000,4.172
966285,520,253,773,224,133,255,317.01,1.0000,0.7189,0.398438,4,75,45,158.11,0.9817,0.2686,0.052472,4.376
966298,520,387,907,209,43,252,317.73,0.9860,0.5880,0.223130,19,20,96,272.17,0.9257,0.1544,0.014832,4.213
966303,520,474,994,210,49,130,355.18,0.8286,0.5206,0.175122,3,5,3,144.86,0.2656,0.0342,0.001345,4.385
966310,520,412,932,183,73,239,311.74,0.9013,0.5653,0.210653,51,16,1,44.65,0.9245,0.1241,0.010767,4.289
966327,520,409,929,196,99,157,345.07,0.5940,0.5726,0.230953,41,28,6,78.23,0.6930,0.1340,0.013151,4.449
966332,520,360,880,231,41,250,323.79,0.9820,0.6210,0.254792,33,46,9,126.63,0.8102,0.1773,0.022970,4.177
966355,520,459,979,210,42,168,340.77,0.8741,0.5331,0.181869,28,4,3,27.72,0.7714,0.0631,0.003403,4.342
966390,520,307,827,251,83,227,334.14,0.9789,0.6731,0.322447,30,46,110,268.80,0.7523,0.2296,0.033556,4.457
966398,520,360,880,255,37,176,348.58,1.0000,0.6182,0.257212,37,7,117,281.13,0.9725,0.1810,0.018296,4.498
966401,520,426,946,252,7,20,28.16,0.9975,0.5637,0.209017,51,2,30,350.94,0.8542,0.1123,0.008411,4.434
966402,520,441,961,215,40,168,342.02,0.8910,0.5409,0.187941,31,12,25,340.26,0.4669,0.0897,0.006245,4.230
966413,520,425,945,248,9,7,29.11,0.9967,0.5551,0.201708,26,2,71,288.32,0.9676,0.1060,0.007180,4.402
966434,520,467,987,210,68,19,36.91,0.9562,0.5174,0.178852,4,3,28,277.53,0.8506,0.0433,0.001748,4.422
966439,520,468,988,192,27,213,322.56,0.9528,0.5214,0.167959,10,1,21,305.43,0.8399,0.0393,0.001404,4.240
966445,520,457,977,219,25,138,352.78,0.9351,0.5260,0.175928,9,6,30,284.91,0.6804,0.0561,0.002821,4.277
966454,520,479,999,166,0,252,306.45,1.0000,0.5054,0.151360,2,0,0,29.23,1.0000,0.0120,0.000129,4.017
966459,520,330,850,223,113,176,346.44,0.6902,0.6447,0.306348,27,42,106,268.93,0.7809,0.2145,0.029294,4.494
966463,520,426,946,244,12,115,5.10,0.9879,0.5638,0.207372,32,22,11,68.34,0.4029,0.1078,0.009051,4.358
966464,520,413,933,251,14,80,16.87,0.9913,0.5701,0.214062,29,22,40,301.38,0.3666,0.1154,0.009882,4.410
966467,520,400,920,219,71,180,340.08,0.8170,0.5818,0.228640,3,25,78,262.73,0.9471,0.1355,0.012646,4.448
966471,520,388,908,228,81,140,359.04,0.7780,0.5918,0.242749,3,30,84,261.51,0.9500,0.1532,0.015879,4.444
966475,520,302,822,197,142,183,335.98,0.4272,0.6664,0.346362,25,63,42,156.98,0.6868,0.2341,0.039287,4.439
966479,520,219,739,248,132,249,326.96,0.9708,0.7456,0.433008,41,77,86,215.75,0.4362,0.3047,0.064508,4.218
966501,520,374,894,238,42,198,338.55,0.9505,0.6006,0.239131,28,14,98,278.72,0.9291,0.1551,0.014427,4.488
966506,520,408,928,230,40,178,342.53,0.9281,0.5740,0.215576,8,29,57,256.56,0.7173,0.1284,0.012257,4.266
966519,520,470,990,205,43,160,342.20,0.8526,0.5203,0.172470,9,5,13,309.00,0.3724,0.0442,0.001957,4.282
966524,520,432,952,237,24,114,4.73,0.9648,0.5529,0.198758,17,17,51,278.77,0.6596,0.1004,0.007591,4.319
966537,520,451,971,229,52,15,32.65,0.9822,0.5376,0.191514,16,14,2,102.07,0.6963,0.0676,0.004286,4.449
966543,520,448,968,233,28,104,7.76,0.9538,0.5434,0.191567,18,11,36,293.48,0.5833,0.0780,0.004953,4.396
966546,520,436,956,237,34,73,18.82,0.9601,0.5474,0.196328,15,21,29,255.75,0.2528,0.0934,0.007266,4.301
966609,520,442,962,205,39,201,329.29,0.9174,0.5419,0.186491,5,15,38,262.98,0.6972,0.0773,0.005138,4.289
966614,520,399,919,219,22,234,324.68,0.9847,0.5810,0.215765,37,32,20,87.95,0.2966,0.1420,0.014769,4.103
966617,520,370,890,227,78,186,340.48,0.8294,0.6063,0.253272,37,35,70,284.07,0.4883,0.1749,0.020375,4.309
966621,520,389,909,252,9,139,358.67,0.9928,0.5876,0.227585,22,17,91,275.37,0.9147,0.1458,0.013267,4.387
966628,520,414,934,228,38,183,340.48,0.9335,0.5718,0.213017,42,18,35,339.18,0.4786,0.1220,0.010463,4.350
966629,520,398,918,209,89,156,348.31,0.6871,0.5769,0.231023,44,27,8,66.78,0.6283,0.1363,0.013369,4.435
966658,520,435,955,245,24,10,29.64,0.9929,0.5531,0.200912,4,12,60,267.03,0.9337,0.0906,0.006150,4.469
966661,520,475,995,227,7,104,5.88,0.9883,0.5241,0.174852,6,1,7,323.06,0.6585,0.0273,0.000758,4.430
966665,520,236,756,253,127,232,333.96,0.9873,0.7363,0.418901,36,66,116,260.04,0.6269,0.2890,0.055322,4.452
966676,520,480,1000,190,68,144,345.64,0.7132,0.5107,0.170966,0,0,0,0.00,0.0000,0.0000,0.000000,4.419
966683,520,464,984,213,27,151,346.89,0.9213,0.5211,0.171667,4,10,10,195.85,0.3116,0.0502,0.002648,4.210
966684,520,170,690,249,189,48,83.31,0.9408,0.8039,0.567504,22,97,3,140.76,0.9966,0.3425,0.087262,4.499
966702,520,386,906,232,81,94,19.17,0.8324,0.5855,0.238516,65,13,7,30.43,0.8694,0.1486,0.014272,4.489
966707,520,476,996,203,45,149,345.73,0.8329,0.5125,0.167452,0,2,6,247.65,1.0000,0.0221,0.000566,4.300
966716,520,455,975,194,73,146,346.48,0.7023,0.5251,0.183114,0,14,17,209.29,1.0000,0.0589,0.003545,4.354
966717,520,408,928,221,27,212,330.57,0.9693,0.5711,0.209118,58,7,22,8.60,0.7929,0.1301,0.011096,4.241
966725,520,474,994,223,37,50,24.55,0.9535,0.5165,0.172442,3,0,22,282.98,1.0000,0.0294,0.000773,4.381
966729,520,362,882,231,64,203,335.71,0.9009,0.6076,0.249700,75,7,60,339.29,0.8162,0.1830,0.019743,4.297
966734,520,476,996,107,94,241,281.43,0.8933,0.5102,0.174816,7,0,4,341.66,1.0000,0.0236,0.000539,4.448
966755,520,391,911,222,100,59,38.69,0.8199,0.5897,0.249621,13,42,0,137.21,1.0000,0.1492,0.017414,4.444
966758,520,466,986,230,8,63,19.49,0.9926,0.5211,0.173586,5,2,34,278.59,0.9257,0.0468,0.001912,4.307
966776,520,452,972,187,95,87,26.43,0.5811,0.5279,0.194388,13,18,1,121.66,0.8889,0.0747,0.005204,4.427
966778,520,387,907,223,50,215,330.22,0.9320,0.5896,0.228777,42,23,58,307.27,0.5644,0.1457,0.014106,4.349
966785,520,428,948,208,18,227,323.55,0.9835,0.5558,0.193904,47,4,20,2.70,0.7974,0.1030,0.007418,4.248
966792,520,419,939,230,3,181,341.17,0.9962,0.5624,0.202270,19,27,20,148.32,0.2514,0.1094,0.009728,4.224
966813,520,469,989,229,16,33,26.51,0.9894,0.5172,0.171414,11,0,30,297.47,1.0000,0.0444,0.001649,4.287
966821,520,451,971,227,40,98,9.96,0.9155,0.5363,0.187332,15,13,8,89.26,0.2038,0.0659,0.004069,4.389
966826,520,426,946,239,46,56,24.83,0.9520,0.5566,0.205935,34,13,47,310.35,0.6509,0.1088,0.008332,4.388
966827,520,458,978,192,68,170,335.50,0.7507,0.5274,0.182446,11,5,34,287.70,0.7563,0.0587,0.002952,4.390
966834,520,476,996,230,3,9,28.72,0.9984,0.5148,0.169109,3,2,1,74.90,0.3058,0.0238,0.000650,4.326
966843,520,375,895,232,70,167,348.01,0.8432,0.5971,0.243288,40,36,35,34.30,0.0612,0.1611,0.018342,4.291
966850,520,406,926,225,69,153,351.50,0.8121,0.5775,0.225662,10,36,29,172.89,0.6457,0.1342,0.014149,4.297
966851,520,459,979,210,45,164,342.21,0.8597,0.5331,0.182609,12,14,4,117.08,0.4905,0.0644,0.004010,4.307
966863,520,415,935,224,50,172,343.28,0.8831,0.5668,0.211095,22,8,81,279.38,0.9393,0.1218,0.009383,4.397
966874,520,442,962,199,71,157,343.03,0.7358,0.5362,0.190847,14,17,28,272.17,0.3019,0.0821,0.005781,4.318
966884,520,398,918,217,11,242,322.42,0.9942,0.5806,0.214039,15,10,97,271.21,0.9737,0.1395,0.011816,4.271
966904,520,425,945,248,32,15,29.87,0.9895,0.5632,0.210276,36,10,55,307.10,0.7560,0.1135,0.008680,4.435
966910,520,424,944,237,50,102,11.02,0.9099,0.5647,0.212481,38,19,1,64.52,0.8874,0.1075,0.008801,4.464
966915,520,374,894,252,5,165,350.63,0.9964,0.5975,0.235241,40,38,10,105.20,0.6636,0.1604,0.018593,4.158
966921,520,421,941,181,74,234,312.17,0.8772,0.5599,0.206628,33,14,49,306.50,0.6484,0.1106,0.008592,4.380
966933,520,409,929,208,95,99,19.99,0.6583,0.5653,0.224972,1,35,26,171.47,0.9699,0.1257,0.012830,4.376
966937,520,453,973,169,82,201,315.96,0.7327,0.5300,0.186875,15,8,40,287.97,0.7176,0.0728,0.004284,4.364
966940,520,361,881,239,29,237,328.75,0.9858,0.6200,0.253466,9,15,122,266.80,0.9838,0.1768,0.018047,4.460
966945,520,440,960,226,3,180,340.53,0.9957,0.5542,0.195318,13,15,49,275.62,0.7077,0.0915,0.006489,4.343
966953,520,448,968,217,77,18,39.08,0.9605,0.5425,0.201056,14,20,9,131.59,0.4009,0.0828,0.006134,4.472
966978,520,466,986,143,94,212,300.22,0.7158,0.5236,0.185987,1,12,5,158.05,0.8980,0.0507,0.002803,4.469
966989,520,442,962,190,25,245,314.47,0.9790,0.5429,0.182363,31,8,15,2.89,0.5505,0.0789,0.004995,4.225
966993,520,367,887,249,4,207,338.33,0.9980,0.6130,0.247348,28,46,18,135.46,0.6687,0.1745,0.022445,4.104
967048,520,316,836,184,130,240,305.25,0.7934,0.6562,0.324474,16,58,63,206.28,0.6930,0.2222,0.034950,4.408
967051,520,422,942,211,71,155,347.32,0.7652,0.5559,0.207240,20,17,56,281.46,0.6935,0.1073,0.008351,4.408
967057,520,393,913,223,13,237,325.02,0.9931,0.5876,0.220925,20,9,97,274.21,0.9688,0.1417,0.012071,4.365
967080,520,332,852,252,52,206,339.68,0.9815,0.6364,0.276109,69,8,99,310.20,0.8996,0.2039,0.023399,4.443
967099,520,280,800,239,121,187,347.19,0.7998,0.6861,0.356157,35,60,87,251.46,0.4702,0.2516,0.042770,4.378
967106,520,361,881,238,105,25,45.30,0.9594,0.6223,0.283534,0,51,30,159.63,1.0000,0.1807,0.024613,4.470
967114,520,463,983,211,33,174,338.91,0.9126,0.5326,0.179948,5,0,42,276.18,1.0000,0.0500,0.001994,4.423
967126,520,470,990,211,69,16,37.47,0.9642,0.5204,0.181449,12,2,21,308.62,0.7517,0.0439,0.001757,4.472
967148,520,405,925,252,37,41,27.20,0.9880,0.5759,0.221824,39,28,0,88.10,1.0000,0.1303,0.012619,4.341
967167,520,429,949,239,23,86,14.25,0.9748,0.5491,0.196387,42,9,27,349.88,0.6482,0.1036,0.007668,4.272
967168,520,441,961,163,68,247,303.80,0.9435,0.5384,0.186367,4,20,35,247.46,0.6698,0.0868,0.006474,4.185
967172,520,419,939,185,63,248,310.98,0.9563,0.5644,0.206476,8,14,72,269.18,0.9346,0.1098,0.008335,4.397
967183,520,376,896,232,43,211,333.55,0.9515,0.5981,0.235893,75,4,1,30.20,0.9864,0.1602,0.015852,4.341
967195,520,337,857,250,19,239,330.79,0.9942,0.6374,0.270248,50,34,89,293.33,0.6317,0.2020,0.025434,4.245
967198,520,384,904,219,58,212,329.95,0.9053,0.5873,0.228418,18,37,42,216.54,0.3980,0.1472,0.016188,4.206
967200,520,453,973,205,77,79,22.61,0.7517,0.5278,0.188535,3,6,47,268.54,0.9429,0.0659,0.003548,4.455
967212,520,425,945,225,55,147,352.57,0.8529,0.5612,0.208491,40,18,18,20.55,0.4287,0.1122,0.009275,4.361
967216,520,465,985,219,42,89,12.37,0.8990,0.5192,0.174399,4,6,21,272.44,0.5830,0.0458,0.002102,4.307
967217,520,454,974,211,68,85,17.75,0.7954,0.5283,0.186413,24,5,28,320.65,0.6728,0.0691,0.003866,4.389
967218,520,445,965,183,67,214,318.34,0.8358,0.5398,0.189378,24,15,22,334.45,0.2581,0.0849,0.005938,4.279
967224,520,316,836,221,102,242,321.41,0.9203,0.6592,0.312874,79,36,45,8.18,0.4897,0.2229,0.031137,4.472
967229,520,266,786,221,131,246,318.63,0.9154,0.7066,0.382600,9,73,35,151.49,0.9697,0.2604,0.049443,4.350
967241,520,417,937,252,23,75,18.72,0.9848,0.5740,0.218200,14,25,50,264.61,0.5649,0.1159,0.010189,4.456
967246,520,456,976,235,5,29,26.81,0.9973,0.5271,0.178626,1,8,40,263.70,0.9409,0.0615,0.003333,4.287
967257,520,360,880,245,95,45,37.82,0.9362,0.6207,0.277895,35,43,48,235.47,0.1453,0.1810,0.022984,4.493
967266,520,468,988,217,43,116,1.70,0.8711,0.5241,0.177429,3,1,32,274.97,0.9695,0.0406,0.001453,4.420
967268,520,437,957,243,20,65,20.49,0.9853,0.5523,0.199401,31,10,28,332.92,0.5457,0.0877,0.005923,4.460
967273,520,295,815,220,134,185,344.15,0.6116,0.6810,0.357703,21,64,51,170.09,0.7077,0.2385,0.040651,4.498
967283,520,299,819,245,122,114,25.39,0.8586,0.6738,0.345493,6,64,38,157.78,0.9616,0.2295,0.038453,4.471
967291,520,413,933,241,23,133,358.96,0.9692,0.5671,0.210102,6,34,23,164.04,0.8054,0.1239,0.012446,4.165
967298,520,418,938,222,8,198,334.52,0.9905,0.5584,0.197829,54,8,17,14.06,0.7746,0.1217,0.009985,4.131
967319,520,436,956,244,8,62,20.82,0.9950,0.5508,0.197580,38,3,24,347.49,0.7774,0.0859,0.005432,4.466
967350,520,318,838,242,89,216,335.11,0.9227,0.6594,0.309825,6,45,115,261.20,0.9472,0.2220,0.031531,4.413
967357,520,444,964,180,77,207,318.71,0.7813,0.5429,0.195171,9,3,63,273.84,0.9761,0.0827,0.004821,4.472
967368,520,441,961,221,3,179,339.63,0.9950,0.5441,0.186944,9,26,1,135.22,0.9753,0.0950,0.007990,4.086
967383,520,379,899,253,40,122,5.56,0.9827,0.5953,0.238090,25,43,17,136.82,0.6683,0.1625,0.019749,4.130
967396,520,354,874,247,45,197,340.95,0.9563,0.6182,0.256853,27,15,117,274.51,0.9621,0.1798,0.018589,4.474
967406,520,459,979,221,42,113,3.53,0.8862,0.5302,0.182230,20,4,27,314.95,0.6993,0.0612,0.003147,4.370
967415,520,376,896,248,60,123,6.31,0.9355,0.6003,0.246216,29,27,87,278.09,0.7686,0.1646,0.017331,4.399
967416,520,447,967,238,13,23,27.92,0.9936,0.5351,0.185302,20,14,21,321.52,0.2298,0.0777,0.005169,4.265
967445,520,125,645,173,221,247,232.03,0.7122,0.8516,0.673112,17,109,31,144.75,0.9850,0.3841,0.111549,4.476
967467,520,470,990,229,26,11,29.79,0.9894,0.5199,0.174240,0,6,23,256.31,0.9999,0.0431,0.001921,4.319
967493,520,473,993,164,82,196,315.45,0.7122,0.5195,0.179134,0,6,1,149.05,1.0000,0.0329,0.001324,4.464
967498,520,447,967,207,43,185,334.53,0.8857,0.5380,0.184979,12,4,59,277.67,0.9494,0.0818,0.004807,4.287
967514,520,382,902,252,3,170,349.14,0.9979,0.5994,0.236663,67,20,17,26.85,0.7181,0.1643,0.017343,4.257
967517,520,323,843,222,104,220,328.11,0.8259,0.6507,0.305994,34,57,9,131.96,0.9138,0.2135,0.032860,4.296
967521,520,356,876,248,37,206,338.58,0.9721,0.6205,0.257390,30,43,59,254.02,0.3284,0.1824,0.023195,4.200
967529,520,300,820,247,74,245,328.47,0.9715,0.6683,0.312670,13,63,49,170.09,0.8512,0.2315,0.038622,4.092
967531,520,290,810,219,123,218,327.51,0.7561,0.6753,0.342895,18,51,118,262.30,0.8596,0.2434,0.038040,4.463
967533,520,471,991,212,14,162,342.73,0.9653,0.5199,0.169220,5,7,7,196.57,0.1067,0.0431,0.001996,4.216
967540,520,398,918,214,65,211,328.80,0.8786,0.5848,0.227818,18,21,85,272.49,0.8876,0.1427,0.013207,4.395
967544,520,365,885,193,113,185,330.69,0.5811,0.6058,0.266517,6,43,60,233.25,0.7973,0.1701,0.020926,4.463
967552,520,390,910,241,56,139,358.93,0.8952,0.5889,0.233963,30,29,60,282.85,0.4933,0.1462,0.014810,4.381
967554,520,366,886,188,93,253,308.67,0.9775,0.6086,0.256128,19,37,76,263.55,0.6694,0.1704,0.019833,4.384
967573,520,476,996,214,56,36,30.81,0.9277,0.5126,0.172543,0,1,6,259.05,1.0000,0.0179,0.000349,4.420
967576,520,401,921,254,12,100,11.29,0.9933,0.5803,0.222576,13,35,38,207.10,0.4955,0.1363,0.014275,4.241
967588,520,390,910,246,43,147,356.18,0.9379,0.5921,0.234305,30,21,80,283.06,0.7799,0.1471,0.013915,4.448
967590,520,108,628,248,198,253,323.33,0.9764,0.8689,0.674376,67,104,5,130.01,0.9842,0.3885,0.111047,4.498
967592,520,346,866,238,84,176,347.28,0.8514,0.6272,0.276551,52,26,93,296.64,0.7400,0.1935,0.022592,4.498
967594,520,345,865,254,30,211,338.51,0.9946,0.6311,0.267059,46,29,92,290.67,0.7124,0.1904,0.022323,4.384
967607,520,401,921,192,73,245,313.22,0.9353,0.5828,0.225653,10,9,102,268.44,0.9841,0.1426,0.012191,4.432
967608,520,461,981,194,32,215,322.54,0.9441,0.5288,0.174102,19,1,28,313.88,0.8682,0.0544,0.002440,4.273
967632,520,421,941,194,58,236,316.66,0.9170,0.5636,0.205529,8,25,47,255.71,0.6416,0.1103,0.009521,4.293
967641,520,473,993,227,0,83,12.81,1.0000,0.5169,0.169584,0,6,1,149.05,1.0000,0.0329,0.001324,4.278
967643,520,439,959,190,35,248,313.59,0.9683,0.5503,0.189278,46,0,13,8.96,1.0000,0.0927,0.006100,4.265
967650,520,477,997,218,40,83,14.20,0.9089,0.5142,0.170501,3,1,8,299.53,0.6793,0.0239,0.000586,4.359
967673,520,210,730,255,143,226,337.55,1.0000,0.7621,0.463984,9,88,29,146.46,0.9871,0.3110,0.071259,4.239
967676,520,474,994,232,8,7,29.06,0.9960,0.5202,0.173479,0,6,0,142.50,1.0000,0.0324,0.001302,4.356
967680,520,426,946,240,14,127,0.49,0.9829,0.5601,0.203749,1,25,55,254.42,0.9346,0.1127,0.009775,4.245
967683,520,449,969,226,44,97,10.61,0.9025,0.5369,0.188360,21,11,12,12.58,0.2653,0.0694,0.004253,4.393
967687,520,329,849,236,98,196,340.44,0.8464,0.6511,0.305562,30,58,11,135.31,0.9225,0.2142,0.033262,4.270
967694,520,460,980,190,0,236,316.77,1.0000,0.5285,0.170046,2,4,45,267.81,0.9639,0.0590,0.002892,4.160
967696,520,388,908,246,0,176,346.13,1.0000,0.5900,0.227307,36,15,85,288.84,0.8453,0.1494,0.013726,4.352
967720,520,407,927,235,32,168,346.60,0.9493,0.5740,0.215252,19,0,93,275.21,1.0000,0.1252,0.009287,4.474
967734,520,369,889,250,52,159,353.52,0.9553,0.6105,0.252865,58,21,61,324.59,0.6395,0.1683,0.017729,4.472
967736,520,412,932,254,3,16,28.38,0.9990,0.5670,0.211772,12,8,83,271.53,0.9698,0.1169,0.008763,4.455
967741,520,448,968,219,67,43,31.75,0.9071,0.5354,0.192514,30,5,29,329.33,0.6960,0.0784,0.004733,4.431
967743,520,333,853,248,28,246,328.74,0.9908,0.6412,0.274437,3,55,46,177.42,0.9534,0.2007,0.029489,4.082
967748,520,187,707,240,167,238,327.56,0.8774,0.7916,0.523373,60,87,4,127.73,0.9785,0.3298,0.077857,4.484
967751,520,418,938,220,59,155,348.70,0.8302,0.5591,0.207125,26,27,26,145.49,0.0285,0.1180,0.010781,4.230
967765,520,472,992,229,26,17,29.28,0.9829,0.5201,0.174403,5,2,16,293.71,0.6997,0.0337,0.001131,4.389
967766,520,343,863,188,109,253,306.99,0.9693,0.6327,0.287212,29,50,30,145.42,0.5108,0.1908,0.026361,4.416
967793,520,420,940,191,59,234,316.19,0.9091,0.5584,0.201461,29,23,17,66.86,0.2067,0.1079,0.009145,4.252
967829,520,423,943,232,48,125,1.61,0.8925,0.5603,0.207533,15,5,80,274.53,0.9737,0.1111,0.007892,4.448
967836,520,291,811,203,138,212,322.45,0.6130,0.6788,0.356280,35,64,5,133.11,0.9685,0.2369,0.040350,4.497
967858,520,470,990,207,60,126,357.36,0.7820,0.5241,0.180056,7,7,5,107.20,0.1280,0.0443,0.002081,4.417
967865,520,401,921,205,73,207,327.21,0.8319,0.5763,0.222509,7,9,101,267.27,0.9856,0.1399,0.011800,4.410
967866,520,436,956,200,57,205,326.54,0.8654,0.5502,0.196150,18,1,69,281.17,0.9882,0.0940,0.005800,4.411
967868,520,396,916,254,21,77,18.25,0.9944,0.5778,0.221468,19,17,89,273.68,0.9214,0.1412,0.012605,4.336
967882,520,280,800,248,100,226,333.89,0.9597,0.6877,0.345645,80,48,29,50.73,0.5050,0.2459,0.039083,4.441
967883,520,417,937,240,61,25,32.80,0.9721,0.5686,0.219362,2,34,22,164.38,0.9464,0.1216,0.012148,4.334
967896,520,437,957,230,33,124,0.46,0.9310,0.5463,0.193688,24,18,3,89.98,0.6869,0.0862,0.006334,4.326
967901,520,374,894,239,40,203,337.37,0.9583,0.6041,0.241829,63,21,16,29.21,0.6815,0.1580,0.016307,4.401
967902,520,418,938,181,70,235,312.21,0.8878,0.5559,0.202032,22,32,12,130.70,0.5674,0.1247,0.012301,4.045
967908,520,450,970,181,55,232,313.77,0.9073,0.5379,0.183834,14,12,33,285.26,0.5244,0.0741,0.004661,4.278
967926,520,331,851,253,97,56,35.53,0.9840,0.6388,0.297210,20,53,53,195.32,0.5620,0.2032,0.029519,4.366
967939,520,332,852,204,96,255,313.19,1.0000,0.6357,0.284243,17,53,41,168.23,0.6921,0.1970,0.028254,4.271
967955,520,355,875,248,19,213,336.63,0.9904,0.6177,0.252294,24,19,115,272.80,0.9528,0.1800,0.018976,4.383
967956,520,445,965,225,53,104,8.95,0.8674,0.5442,0.195560,32,6,30,330.79,0.6777,0.0838,0.005311,4.440
967989,520,435,955,200,64,190,331.02,0.8137,0.5477,0.196656,13,8,62,276.45,0.9135,0.0923,0.006070,4.399
968035,520,48,568,252,228,255,322.45,1.0000,0.9373,0.834029,20,122,82,160.69,0.9521,0.4376,0.146763,4.493
968048,520,449,969,220,55,115,4.02,0.8389,0.5397,0.191884,8,12,29,271.48,0.5077,0.0668,0.004033,4.477
968050,520,369,889,226,24,255,321.68,1.0000,0.6090,0.240442,52,8,92,300.92,0.9026,0.1703,0.016765,4.350
968073,520,461,981,224,28,117,1.56,0.9360,0.5292,0.179649,10,1,37,287.94,0.9469,0.0518,0.002198,4.400
968094,520,280,800,242,98,248,326.10,0.9702,0.6884,0.343923,38,58,91,260.01,0.4704,0.2506,0.041934,4.285
968106,520,392,912,241,18,181,343.77,0.9828,0.5867,0.224726,9,17,97,267.74,0.9635,0.1456,0.013219,4.346
968133,520,440,960,220,68,100,12.42,0.8072,0.5489,0.202725,21,11,52,288.40,0.7492,0.0939,0.006467,4.476
968164,520,451,971,236,19,74,17.36,0.9814,0.5388,0.187962,16,0,49,289.37,1.0000,0.0673,0.003319,4.463
968174,520,403,923,240,10,175,345.22,0.9902,0.5798,0.218406,8,22,77,266.57,0.9063,0.1303,0.011612,4.356
968188,520,475,995,170,57,233,309.90,0.8994,0.5244,0.173563,12,0,3,359.86,1.0000,0.0296,0.000848,4.397
968214,520,419,939,199,63,216,323.05,0.8706,0.5618,0.206565,9,26,49,256.59,0.6353,0.1150,0.010186,4.263
968233,520,454,974,170,87,184,321.68,0.6584,0.5283,0.188240,12,17,12,144.98,0.2166,0.0741,0.005056,4.327
968243,520,430,950,243,29,21,29.12,0.9837,0.5515,0.199910,10,27,2,135.61,0.9518,0.0989,0.008528,4.270
968258,520,391,911,242,70,61,27.71,0.9341,0.5853,0.235977,36,36,22,108.02,0.3063,0.1525,0.016948,4.272
968260,520,418,938,239,40,107,8.53,0.9353,0.5630,0.209330,18,32,7,133.26,0.7822,0.1207,0.011769,4.198
968292,520,373,893,246,21,187,343.18,0.9832,0.6002,0.237202,63,23,9,39.20,0.7490,0.1604,0.016894,4.293
968302,520,449,969,229,24,116,2.64,0.9547,0.5372,0.185751,6,19,9,150.90,0.5986,0.0743,0.005242,4.268
968324,520,466,986,221,50,27,31.10,0.9582,0.5202,0.177352,12,5,24,299.38,0.6136,0.0526,0.002527,4.328
968325,520,394,914,227,77,150,354.04,0.7916,0.5889,0.238432,9,33,61,254.31,0.7130,0.1428,0.014826,4.449
968337,520,421,941,224,70,111,8.76,0.8056,0.5617,0.213779,2,23,56,257.88,0.9049,0.1090,0.009112,4.462
968348,520,445,965,232,47,61,23.38,0.9381,0.5438,0.195288,9,20,16,169.38,0.3553,0.0811,0.005958,4.383
968351,520,438,958,242,8,72,18.05,0.9940,0.5483,0.195222,31,3,53,304.91,0.8856,0.0948,0.006135,4.368
968352,520,417,937,152,100,242,296.98,0.8563,0.5670,0.222007,17,27,40,255.30,0.3598,0.1167,0.010562,4.491
968356,520,373,893,242,71,118,8.80,0.8840,0.5983,0.246949,45,30,49,319.05,0.3511,0.1589,0.017082,4.427
968358,520,453,973,231,31,44,25.59,0.9718,0.5289,0.181538,9,17,6,136.53,0.5152,0.0703,0.004721,4.231
968370,520,437,957,208,34,203,329.58,0.9366,0.5456,0.188677,15,23,3,126.73,0.7978,0.0906,0.007209,4.172
968386,520,407,927,255,16,27,27.80,1.0000,0.5725,0.217136,29,23,60,287.36,0.5943,0.1316,0.012002,4.308
968392,520,394,914,245,51,127,3.47,0.9205,0.5885,0.233157,31,29,42,291.46,0.2415,0.1358,0.013372,4.468
968402,520,418,938,229,12,183,340.41,0.9851,0.5635,0.203425,42,8,60,310.74,0.8019,0.1242,0.009922,4.229
968404,520,457,977,225,47,49,26.24,0.9382,0.5279,0.182652,26,1,20,337.95,0.8194,0.0597,0.002919,4.396
968418,520,260,780,194,160,195,325.28,0.3449,0.7062,0.405517,9,70,93,229.82,0.8656,0.2745,0.052284,4.453
968429,520,383,903,225,16,251,322.37,0.9938,0.6020,0.233453,61,16,18,21.28,0.7092,0.1466,0.014065,4.424
968455,520,480,1000,192,59,148,343.81,0.7601,0.5054,0.164742,0,0,0,0.00,0.0000,0.0000,0.000000,4.295
968462,520,268,788,205,144,218,320.39,0.6301,0.6959,0.379886,44,68,30,135.12,0.6607,0.2596,0.047634,4.403
968475,520,434,954,177,78,217,314.77,0.8047,0.5468,0.198066,39,14,22,1.35,0.4967,0.1044,0.008034,4.274
968477,520,422,942,229,18,168,344.96,0.9720,0.5570,0.199205,4,29,24,177.82,0.7849,0.1073,0.009704,4.174
968508,520,415,935,245,41,91,14.72,0.9501,0.5716,0.217571,18,20,60,275.98,0.7063,0.1153,0.009551,4.493
968519,520,465,985,228,14,66,18.70,0.9856,0.5188,0.172044,26,0,4,12.23,1.0000,0.0514,0.002284,4.247
968529,520,460,980,174,53,237,310.52,0.9176,0.5298,0.176602,16,3,37,296.52,0.8331,0.0618,0.003089,4.268
968532,520,411,931,235,23,173,344.87,0.9692,0.5727,0.212950,7,34,25,167.97,0.7431,0.1250,0.012594,4.201
968535,520,356,876,251,13,203,339.84,0.9936,0.6161,0.251122,37,5,121,280.37,0.9826,0.1846,0.018823,4.375
968549,520,336,856,234,61,249,324.46,0.9771,0.6386,0.276718,33,51,48,183.19,0.2723,0.2030,0.029043,4.133
968550,520,404,924,229,69,141,357.13,0.8203,0.5799,0.228400,49,20,21,19.20,0.5001,0.1319,0.012075,4.485
968558,520,426,946,186,73,227,315.61,0.8567,0.5607,0.207514,16,22,47,271.33,0.5336,0.1077,0.008892,4.373
968560,520,360,880,242,80,149,358.06,0.8651,0.6185,0.267875,19,47,49,201.60,0.5098,0.1819,0.023931,4.300
968562,520,336,856,249,98,111,18.24,0.9211,0.6425,0.300260,5,57,12,144.74,0.9857,0.1997,0.029849,4.387
968566,520,427,947,198,36,250,315.36,0.9770,0.5650,0.201711,34,17,25,350.53,0.3608,0.1036,0.008112,4.331
968567,520,430,950,158,101,200,309.10,0.6370,0.5463,0.207471,23,22,12,103.12,0.3034,0.0973,0.007825,4.453
968573,520,353,873,242,19,227,331.82,0.9912,0.6155,0.248919,31,5,119,277.18,0.9859,0.1764,0.017317,4.440
968581,520,420,940,145,100,241,294.44,0.8501,0.5584,0.214850,34,22,13,57.71,0.3687,0.1109,0.009430,4.457
968583,520,392,912,238,62,144,357.08,0.8715,0.5905,0.236390,67,11,12,24.77,0.8561,0.1513,0.014594,4.434
968584,520,451,971,240,23,19,28.88,0.9877,0.5424,0.191884,23,10,6,40.23,0.4263,0.0683,0.004124,4.469
968585,520,439,959,217,35,177,339.55,0.9188,0.5465,0.191304,33,15,15,20.23,0.3943,0.0946,0.006995,4.234
968588,520,472,992,203,32,185,333.38,0.9160,0.5239,0.172342,5,1,5,327.43,0.5950,0.0251,0.000649,4.390
968620,520,214,734,240,146,250,323.52,0.9644,0.7588,0.459869,22,85,21,142.83,0.9671,0.3029,0.067215,4.350
968627,520,444,964,188,64,210,321.22,0.8401,0.5413,0.190126,3,12,51,265.71,0.9110,0.0808,0.005213,4.349
968633,520,432,952,207,27,218,325.42,0.9649,0.5508,0.191131,41,0,45,324.34,1.0000,0.0995,0.006609,4.260
968635,520,416,936,190,73,226,317.17,0.8582,0.5659,0.212044,8,25,54,260.25,0.7159,0.1156,0.010132,4.358
968645,520,222,742,254,135,221,338.67,0.9904,0.7452,0.436218,45,75,91,232.81,0.3906,0.3038,0.063452,4.286
968647,520,391,911,247,35,145,356.62,0.9550,0.5887,0.230239,72,2,0,30.18,1.0000,0.1510,0.014214,4.364
968650,520,416,936,224,66,144,354.50,0.8139,0.5687,0.217599,35,24,13,65.71,0.3900,0.1171,0.010397,4.431
968652,520,457,977,223,29,128,357.41,0.9292,0.5317,0.181279,7,4,44,276.67,0.9163,0.0622,0.003138,4.352
968657,520,330,850,175,121,253,300.34,0.9545,0.6377,0.298809,59,45,25,75.43,0.4312,0.2066,0.028768,4.428
968697,520,433,953,177,84,213,315.40,0.7718,0.5524,0.204928,38,3,48,317.62,0.8474,0.1011,0.006906,4.480
968718,520,372,892,212,96,187,336.48,0.7233,0.6065,0.259525,20,45,45,195.51,0.4595,0.1744,0.022149,4.290
968719,520,448,968,234,19,92,11.48,0.9758,0.5386,0.187340,20,16,23,310.55,0.2008,0.0830,0.005812,4.253
968730,520,451,971,173,66,239,308.95,0.9071,0.5431,0.190135,4,11,37,266.32,0.7783,0.0673,0.003987,4.448
968754,520,447,967,238,5,47,23.77,0.9969,0.5353,0.184942,32,5,18,352.93,0.6675,0.0763,0.004593,4.303
968775,520,75,595,246,225,216,44.71,0.5219,0.9118,0.784018,34,119,46,145.45,0.9548,0.4236,0.137305,4.453
968783,520,475,995,222,33,92,10.74,0.9295,0.5201,0.173927,7,1,6,332.22,0.6486,0.0281,0.000800,4.408
968789,520,442,962,237,15,88,12.99,0.9841,0.5427,0.190540,17,17,15,106.80,0.0602,0.0793,0.005546,4.330
968797,520,439,959,222,67,77,21.47,0.8504,0.5462,0.200823,36,5,40,323.05,0.7643,0.0949,0.006369,4.450
968814,520,415,935,253,19,11,29.28,0.9935,0.5684,0.213764,27,14,65,288.25,0.7791,0.1172,0.009287,4.449
968843,520,407,927,191,96,169,336.75,0.6178,0.5656,0.223080,42,25,11,59.11,0.5186,0.1290,0.012117,4.396
968859,520,421,941,214,70,154,348.44,0.7764,0.5596,0.210117,43,7,39,332.66,0.7279,0.1089,0.008121,4.475
968873,520,395,915,195,79,246,313.56,0.9371,0.5948,0.238491,38,29,42,315.31,0.2589,0.1438,0.014580,4.467
968876,520,391,911,253,7,137,359.44,0.9946,0.5885,0.228444,36,11,87,288.99,0.8899,0.1467,0.013025,4.418
968892,520,436,956,246,11,51,23.53,0.9943,0.5542,0.200747,22,17,37,293.89,0.4407,0.0948,0.007050,4.395
968918,520,449,969,201,42,209,325.95,0.9162,0.5425,0.186786,4,3,54,270.07,0.9773,0.0685,0.003573,4.420
968936,520,466,986,207,57,131,354.85,0.7933,0.5229,0.178325,27,0,0,29.23,1.0000,0.0518,0.002331,4.363
968941,520,375,895,226,75,181,341.81,0.8270,0.5987,0.245395,57,27,7,51.48,0.7286,0.1571,0.016692,4.429
968969,520,281,801,206,140,218,321.24,0.6507,0.6893,0.369410,25,67,43,155.79,0.7404,0.2476,0.043952,4.464
968970,520,411,931,208,35,232,322.17,0.9629,0.5666,0.204399,34,24,10,74.55,0.4718,0.1151,0.010153,4.229
968971,520,454,974,157,77,237,302.91,0.8765,0.5335,0.185907,13,8,36,286.77,0.6789,0.0678,0.003866,4.380
968991,520,325,845,254,36,240,331.42,0.9963,0.6509,0.286270,84,1,86,327.18,0.9695,0.2144,0.025787,4.437
969006,520,341,861,207,128,111,32.89,0.5285,0.6273,0.298531,39,53,0,124.24,1.0000,0.2038,0.029775,4.369
969022,520,451,971,237,24,48,24.41,0.9820,0.5388,0.188744,24,0,38,310.63,1.0000,0.0667,0.003342,4.476
969038,520,351,871,246,11,239,329.92,0.9967,0.6286,0.260671,46,43,38,80.65,0.0940,0.1883,0.024486,4.171
969048,520,394,914,253,14,150,355.51,0.9893,0.5949,0.234023,33,27,51,294.24,0.4119,0.1384,0.013462,4.475
969056,520,372,892,233,46,224,330.41,0.9583,0.6098,0.246620,75,9,29,9.23,0.8237,0.1706,0.017802,4.375
969097,520,443,963,226,52,78,18.50,0.8992,0.5389,0.191776,21,3,47,296.18,0.8807,0.0763,0.004298,4.453
969114,520,375,895,229,82,143,358.12,0.7814,0.5959,0.246784,52,31,10,63.20,0.6408,0.1583,0.017320,4.409
969116,520,452,972,203,20,201,328.84,0.9647,0.5290,0.174157,29,3,23,337.67,0.7379,0.0699,0.003882,4.160
969130,520,445,965,223,62,7,35.51,0.9893,0.5352,0.191513,33,9,18,358.63,0.5476,0.0848,0.005624,4.342
969131,520,473,993,229,0,70,17.10,1.0000,0.5184,0.171032,1,4,1,143.81,0.7779,0.0280,0.000955,4.338
969135,520,471,991,179,15,237,313.26,0.9857,0.5151,0.160409,11,1,14,320.75,0.7677,0.0363,0.001246,4.106
969155,520,477,997,163,55,225,309.53,0.8852,0.5055,0.159559,1,2,3,240.75,0.2913,0.0220,0.000564,4.144
969157,520,390,910,246,66,62,26.70,0.9527,0.5889,0.238404,64,16,11,29.29,0.7966,0.1512,0.014849,4.447
969160,520,452,972,119,101,234,285.04,0.8208,0.5283,0.191695,20,5,38,300.89,0.7638,0.0709,0.003972,4.478
969175,520,385,905,248,44,122,5.08,0.9449,0.5878,0.231664,39,18,77,294.17,0.7680,0.1491,0.013998,4.401
969202,520,356,876,239,86,135,4.15,0.8324,0.6157,0.267585,12,47,56,218.12,0.6846,0.1823,0.023966,4.294
969204,520,401,921,251,32,71,20.28,0.9792,0.5750,0.220009,29,19,76,284.12,0.7814,0.1386,0.012487,4.321
969238,520,359,879,231,57,239,326.13,0.9550,0.6239,0.261495,20,45,60,237.03,0.5133,0.1822,0.023516,4.237
969249,520,400,920,199,56,252,314.58,0.9830,0.5819,0.220001,28,14,84,282.35,0.8809,0.1385,0.012010,4.354
969254,520,359,879,215,100,183,339.31,0.7084,0.6151,0.269822,15,48,33,161.15,0.7203,0.1769,0.023252,4.366
969257,520,406,926,204,63,229,321.14,0.9036,0.5787,0.220511,16,13,84,273.23,0.9403,0.1272,0.010380,4.480
969262,520,445,965,209,9,209,328.34,0.9887,0.5423,0.183561,6,16,35,261.15,0.6067,0.0782,0.005306,4.223
969263,520,310,830,196,130,217,317.72,0.6585,0.6575,0.327117,60,51,29,88.04,0.4044,0.2249,0.034171,4.480
969264,520,389,909,219,45,224,326.89,0.9468,0.5853,0.223208,14,18,95,269.95,0.9476,0.1470,0.013521,4.301
969268,520,404,924,237,9,186,341.37,0.9915,0.5797,0.217480,43,15,47,322.50,0.6253,0.1253,0.010605,4.413
969278,520,400,920,238,55,138,358.62,0.8891,0.5821,0.227475,59,5,39,347.50,0.8023,0.1367,0.011850,4.486
969286,520,361,881,241,31,234,329.91,0.9841,0.6223,0.256240,45,40,39,31.12,0.0696,0.1793,0.022220,4.240
969296,520,417,937,199,42,248,315.92,0.9676,0.5685,0.205768,6,24,60,261.84,0.8253,0.1171,0.010182,4.250
969314,520,178,698,251,175,165,27.53,0.8762,0.7950,0.538879,3,92,72,171.16,0.9855,0.3340,0.081411,4.481
969331,520,448,968,193,50,217,321.35,0.9002,0.5409,0.186299,4,18,24,226.11,0.5737,0.0755,0.005244,4.277
969337,520,452,972,228,36,47,25.34,0.9613,0.5259,0.179639,17,13,22,304.69,0.2660,0.0729,0.004649,4.202
969345,520,430,950,220,74,84,20.44,0.8109,0.5523,0.207558,9,24,40,251.51,0.5433,0.1036,0.008645,4.392
969347,520,362,882,235,29,229,329.71,0.9819,0.6078,0.242006,58,15,82,310.09,0.7974,0.1766,0.018505,4.263
969362,520,450,970,206,74,115,4.66,0.7242,0.5352,0.192592,20,14,1,89.99,0.8393,0.0716,0.004650,4.439
969421,520,453,973,202,35,199,329.04,0.9229,0.5329,0.178840,0,11,41,259.90,1.0000,0.0675,0.003994,4.238
969432,520,449,969,211,22,199,331.50,0.9640,0.5428,0.185483,2,15,29,247.83,0.7357,0.0691,0.004432,4.326
969459,520,351,871,220,83,242,321.85,0.9340,0.6335,0.278148,6,49,62,223.26,0.8330,0.1899,0.025830,4.327
969474,520,333,853,247,36,249,327.81,0.9869,0.6447,0.278783,0,33,124,263.17,1.0005,0.2043,0.025427,4.359
969504,520,478,998,223,28,29,27.90,0.9760,0.5090,0.166100,0,1,5,257.10,0.9999,0.0173,0.000327,4.294
969518,520,433,953,214,57,154,347.43,0.8200,0.5458,0.195577,31,18,21,4.11,0.2704,0.1000,0.007781,4.250
969519,520,408,928,190,78,222,317.94,0.8342,0.5692,0.216711,18,32,39,230.75,0.3339,0.1310,0.013081,4.228
969528,520,385,905,239,68,133,2.10,0.8641,0.5943,0.241814,23,29,71,273.34,0.6570,0.1490,0.015158,4.479
969536,520,336,856,249,18,245,329.21,0.9951,0.6393,0.271679,68,13,93,312.06,0.8398,0.2007,0.023072,4.402
969539,520,447,967,196,39,223,320.97,0.9388,0.5423,0.185160,40,0,12,6.35,1.0000,0.0801,0.004777,4.293
969543,520,391,911,249,36,131,1.67,0.9557,0.5881,0.230436,40,36,6,101.76,0.7626,0.1542,0.017260,4.169
969548,520,420,940,187,68,227,316.22,0.8701,0.5564,0.202463,37,9,49,313.91,0.7356,0.1088,0.008105,4.345
969552,520,417,937,229,18,199,335.96,0.9813,0.5743,0.212167,0,16,82,263.58,1.0012,0.1208,0.009797,4.384
969564,520,441,961,228,50,37,29.32,0.9456,0.5353,0.189117,19,17,25,296.21,0.2095,0.0852,0.006095,4.263
969570,520,451,971,232,9,113,3.68,0.9865,0.5378,0.185464,32,0,28,333.58,1.0000,0.0721,0.003910,4.368
969602,520,288,808,227,138,128,27.00,0.6358,0.6795,0.360684,15,67,25,146.54,0.9536,0.2394,0.041859,4.471
969615,520,357,877,211,97,214,326.53,0.7940,0.6210,0.272550,6,51,3,141.84,0.9893,0.1779,0.024128,4.351
969632,520,406,926,178,79,251,307.02,0.9642,0.5751,0.220227,1,31,58,249.13,0.9307,0.1313,0.012918,4.295
969638,520,420,940,224,42,176,341.75,0.9100,0.5631,0.206403,47,3,39,336.66,0.8148,0.1107,0.008160,4.409
969641,520,457,977,215,3,181,337.58,0.9943,0.5339,0.178507,6,13,4,137.27,0.5567,0.0571,0.003353,4.283
969648,520,478,998,179,18,234,313.89,0.9808,0.5134,0.159579,1,0,13,277.69,1.0000,0.0199,0.000355,4.162
969652,520,305,825,225,132,142,13.47,0.6116,0.6691,0.344651,32,61,42,154.12,0.5268,0.2316,0.038116,4.479
969655,520,448,968,234,6,114,3.61,0.9914,0.5416,0.188407,37,6,1,36.81,0.9150,0.0820,0.005258,4.314
969657,520,403,923,146,104,255,291.99,1.0000,0.5775,0.232315,1,36,31,181.31,0.9641,0.1308,0.013671,4.434
969674,520,363,883,247,46,184,344.76,0.9476,0.6121,0.251920,25,34,84,271.47,0.7039,0.1738,0.019907,4.319
969680,520,446,966,213,77,32,37.40,0.9138,0.5359,0.195605,34,5,29,335.18,0.7101,0.0848,0.005374,4.435
969686,520,313,833,228,119,177,348.45,0.7041,0.6625,0.328641,39,57,43,151.01,0.3297,0.2244,0.035319,4.438
969690,520,376,896,230,64,186,340.71,0.8753,0.5967,0.240375,69,12,9,27.97,0.8771,0.1562,0.015481,4.434
969698,520,332,852,246,80,177,348.50,0.9118,0.6367,0.285075,7,42,99,260.10,0.9107,0.1990,0.026018,4.408
969700,520,454,974,199,86,64,32.76,0.7401,0.5280,0.191698,17,0,54,287.57,1.0000,0.0738,0.003855,4.488
969701,520,465,985,183,66,190,325.47,0.7817,0.5223,0.176827,9,4,30,287.90,0.7583,0.0518,0.002386,4.330
969719,520,325,845,252,18,250,328.77,0.9958,0.6479,0.280332,80,34,14,42.53,0.7361,0.2135,0.028815,4.191
969720,520,429,949,200,90,120,5.15,0.6263,0.5500,0.209495,30,21,14,59.24,0.2863,0.1034,0.008441,4.440
969727,520,379,899,194,89,236,314.96,0.8708,0.5991,0.246714,17,42,33,167.90,0.5462,0.1584,0.018848,4.310
969732,520,427,947,236,12,157,349.86,0.9845,0.5638,0.205331,4,29,4,143.10,0.9619,0.1021,0.009133,4.318
969741,520,340,860,244,66,219,334.45,0.9452,0.6406,0.282468,71,37,16,50.42,0.6462,0.2039,0.027003,4.318
969746,520,378,898,229,23,236,326.65,0.9871,0.5999,0.233293,43,3,95,293.05,0.9682,0.1565,0.014049,4.423
969747,520,271,791,175,156,236,294.32,0.6875,0.6972,0.389470,12,72,37,152.51,0.9526,0.2582,0.048463,4.463
969758,520,367,887,231,68,199,336.99,0.8864,0.6092,0.252492,18,43,56,233.34,0.5230,0.1727,0.021418,4.236
969761,520,423,943,188,65,235,314.74,0.8984,0.5606,0.204713,3,2,84,266.25,0.9960,0.1051,0.007028,4.466
969765,520,444,964,218,31,168,342.57,0.9256,0.5413,0.187149,13,3,62,278.03,0.9649,0.0844,0.004985,4.313
969768,520,478,998,221,39,42,26.62,0.9532,0.5127,0.169931,2,0,14,286.01,1.0000,0.0222,0.000446,4.360
969785,520,389,909,205,97,175,339.20,0.6696,0.5913,0.246253,19,40,22,147.50,0.5996,0.1498,0.017139,4.413
969786,520,466,986,227,26,5,30.23,0.9948,0.5154,0.170836,8,6,15,295.14,0.3607,0.0465,0.002164,4.234
969802,520,457,977,152,66,252,299.34,0.9773,0.5262,0.176004,2,13,23,242.09,0.6812,0.0610,0.003626,4.214
969804,520,327,847,179,124,249,302.21,0.8876,0.6451,0.308390,17,60,12,141.62,0.9609,0.2142,0.033773,4.278
969817,520,294,814,233,116,216,333.07,0.8480,0.6826,0.347744,62,56,22,99.44,0.5971,0.2399,0.039105,4.464
969821,520,257,777,243,125,211,338.53,0.8872,0.7089,0.384274,9,72,72,194.89,0.8886,0.2695,0.051604,4.274
969823,520,419,939,186,68,228,315.64,0.8716,0.5556,0.201759,35,18,29,341.24,0.3720,0.1087,0.008787,4.283
969824,520,379,899,237,56,182,343.42,0.9073,0.6001,0.242131,48,24,68,306.86,0.6269,0.1632,0.016990,4.361
969830,520,454,974,177,59,221,314.95,0.8714,0.5272,0.176965,9,12,36,274.38,0.6236,0.0723,0.004484,4.166
969841,520,237,757,232,137,241,323.92,0.8999,0.7284,0.413997,83,61,65,6.53,0.2075,0.2919,0.055583,4.395
969846,520,337,857,255,36,214,338.00,1.0000,0.6372,0.273801,47,29,103,288.00,0.7665,0.2022,0.024623,4.339
969849,520,454,974,204,76,116,4.23,0.7082,0.5347,0.192692,18,3,48,291.13,0.8959,0.0739,0.004071,4.488
969859,520,376,896,252,59,104,13.31,0.9734,0.6020,0.248264,9,42,49,214.58,0.7037,0.1618,0.019357,4.300
969865,520,433,953,194,87,162,340.47,0.6574,0.5526,0.208959,16,21,40,271.39,0.4393,0.1005,0.007997,4.465
969866,520,419,939,191,54,243,314.33,0.9404,0.5610,0.201870,26,24,32,296.50,0.1750,0.1127,0.009772,4.214
969882,520,431,951,188,54,232,315.97,0.9139,0.5477,0.191571,12,22,40,261.45,0.4870,0.1001,0.008052,4.161
969907,520,479,999,175,44,223,314.51,0.9151,0.5121,0.162441,0,0,1,264.05,1.0000,0.0060,0.000022,4.247
969928,520,420,940,238,59,17,33.35,0.9822,0.5623,0.213487,27,23,22,34.30,0.0822,0.1072,0.009037,4.463
969930,520,426,946,192,52,245,314.26,0.9500,0.5624,0.202563,4,27,48,248.62,0.7631,0.1143,0.010230,4.193
969934,520,355,875,251,34,189,343.89,0.9737,0.6155,0.253307,64,27,47,348.33,0.5150,0.1808,0.020792,4.284
969972,520,414,934,248,48,9,31.92,0.9934,0.5730,0.220937,16,33,7,136.04,0.8408,0.1224,0.012132,4.361
970003,520,480,1000,99,92,252,278.34,0.9778,0.5100,0.173346,0,0,0,0.00,0.0000,0.0000,0.000000,4.467
970008,520,385,905,208,96,161,346.59,0.6590,0.5881,0.243507,46,30,31,14.84,0.2460,0.1521,0.016084,4.441
970016,520,325,845,249,96,138,6.54,0.9049,0.6471,0.303436,21,56,48,176.16,0.6060,0.2113,0.032011,4.310
970035,520,417,937,203,40,247,317.28,0.9654,0.5728,0.209310,3,35,6,144.92,0.9778,0.1218,0.012345,4.159
970039,520,443,963,235,28,69,19.31,0.9696,0.5394,0.189255,0,8,55,263.52,1.0011,0.0757,0.004495,4.390
970046,520,392,912,232,82,102,16.20,0.8196,0.5887,0.241525,11,38,56,241.22,0.6486,0.1545,0.017428,4.323
970066,520,410,930,242,43,111,7.85,0.9330,0.5720,0.217560,7,29,59,256.96,0.7546,0.1295,0.012396,4.288
970082,520,309,829,246,80,215,336.26,0.9465,0.6552,0.302393,43,57,14,125.47,0.7869,0.2215,0.034715,4.160
970094,520,447,967,224,59,38,30.83,0.9337,0.5358,0.191179,24,13,7,50.57,0.3888,0.0759,0.004974,4.387
970124,520,472,992,221,0,122,358.22,1.0000,0.5163,0.167800,3,1,14,289.10,0.8057,0.0271,0.000728,4.294
970132,520,451,971,242,10,25,27.63,0.9955,0.5431,0.191680,27,8,0,53.64,1.0000,0.0685,0.004067,4.470
970134,520,473,993,210,2,177,337.49,0.9954,0.5218,0.169216,8,1,2,8.52,0.6389,0.0274,0.000777,4.317
970140,520,385,905,237,76,117,9.36,0.8456,0.5944,0.244607,31,32,56,280.88,0.3925,0.1518,0.016098,4.457
970155,520,395,915,191,79,245,312.53,0.9290,0.5884,0.232620,51,25,11,47.73,0.6027,0.1432,0.014233,4.400
970172,520,406,926,224,68,161,348.11,0.8182,0.5781,0.225572,40,24,41,324.70,0.3737,0.1344,0.012645,4.399
970176,520,443,963,228,4,138,354.23,0.9926,0.5378,0.184186,14,13,36,282.47,0.5507,0.0782,0.005086,4.251
970180,520,361,881,253,58,152,356.85,0.9787,0.6180,0.261792,46,35,61,302.86,0.3862,0.1788,0.021198,4.379
970183,520,181,701,222,187,163,56.32,0.3916,0.7862,0.537156,13,94,7,142.11,0.9927,0.3303,0.081060,4.480
970205,520,408,928,185,68,254,309.41,0.9923,0.5744,0.216052,27,34,10,123.11,0.6262,0.1349,0.013990,4.158
970214,520,470,990,196,55,165,338.24,0.7989,0.5172,0.171865,8,3,13,309.73,0.5335,0.0381,0.001458,4.312
970235,520,432,952,222,24,184,338.54,0.9595,0.5545,0.196460,17,1,76,277.84,0.9924,0.1020,0.006626,4.352
970261,520,39,559,229,250,197,125.32,0.8235,0.9493,0.890601,53,127,7,137.73,0.9932,0.4536,0.159504,4.490
970268,520,477,997,215,27,104,4.65,0.9283,0.5060,0.162329,2,0,17,282.31,1.0000,0.0243,0.000534,4.202
970272,520,407,927,250,27,40,26.53,0.9856,0.5667,0.212647,8,36,23,160.26,0.7762,0.1313,0.013752,4.120
970276,520,214,734,234,149,255,319.49,1.0000,0.7591,0.462088,14,84,18,143.52,0.9823,0.2969,0.064774,4.462
970279,520,469,989,190,55,189,328.29,0.8261,0.5212,0.173551,5,4,24,280.94,0.7119,0.0438,0.001850,4.311
970287,520,418,938,189,89,183,329.73,0.6813,0.5588,0.213838,47,8,45,330.08,0.7396,0.1210,0.009675,4.421
970314,520,431,951,227,23,161,346.79,0.9572,0.5514,0.195196,1,17,57,261.63,0.9636,0.0954,0.007027,4.300
970326,520,467,987,209,25,164,341.48,0.9288,0.5192,0.169331,4,5,6,245.00,0.1010,0.0365,0.001475,4.261
970327,520,388,908,221,32,233,325.33,0.9742,0.5877,0.222905,59,24,1,51.09,0.9321,0.1536,0.015854,4.144
970332,520,454,974,209,36,178,337.17,0.9034,0.5329,0.180335,3,13,29,255.81,0.6709,0.0652,0.003959,4.269
970344,520,459,979,225,0,134,354.88,1.0000,0.5292,0.177315,26,1,23,332.87,0.8285,0.0613,0.003032,4.286
970349,520,354,874,235,15,252,324.52,0.9954,0.6194,0.250346,84,0,22,15.50,1.0000,0.1808,0.019431,4.326
970352,520,432,952,242,31,65,21.16,0.9722,0.5548,0.202423,18,12,61,280.45,0.8274,0.1014,0.007284,4.406
970370,520,388,908,245,66,87,19.37,0.9303,0.5912,0.240003,27,38,38,196.24,0.1889,0.1550,0.017591,4.291
970371,520,445,965,214,63,125,359.76,0.7909,0.5399,0.193341,31,1,42,315.55,0.9184,0.0820,0.004802,4.440
970377,520,260,780,250,112,228,334.04,0.9694,0.7078,0.375164,96,40,75,344.27,0.5690,0.2726,0.045127,4.469
970381,520,413,933,228,59,139,356.60,0.8473,0.5672,0.214887,28,30,7,113.59,0.6506,0.1236,0.011908,4.279
970390,520,336,856,254,96,5,41.56,0.9962,0.6363,0.294510,15,54,33,156.40,0.8256,0.1969,0.028496,4.389
970391,520,394,914,247,54,113,8.99,0.9355,0.5905,0.236081,38,28,46,309.30,0.3328,0.1436,0.014399,4.442
970403,520,419,939,246,16,83,15.59,0.9877,0.5607,0.205915,45,15,18,16.00,0.5593,0.1150,0.009433,4.306
970413,520,341,861,249,70,176,348.80,0.9432,0.6312,0.276578,36,50,37,146.63,0.3015,0.1984,0.027898,4.192
970416,520,338,858,237,56,242,326.91,0.9632,0.6350,0.272462,42,47,51,242.01,0.0898,0.2004,0.027643,4.153
970419,520,400,920,249,54,69,23.03,0.9667,0.5849,0.232113,31,26,56,289.14,0.4942,0.1373,0.013156,4.467
970422,520,420,940,247,7,47,24.25,0.9965,0.5551,0.201350,24,20,42,290.54,0.4440,0.1067,0.008617,4.288
970445,520,327,847,254,26,240,331.43,0.9963,0.6471,0.281041,90,1,64,344.76,0.9598,0.2119,0.025659,4.375
970466,520,412,932,240,31,136,358.10,0.9522,0.5695,0.212860,5,15,81,266.67,0.9580,0.1205,0.009679,4.405
970470,520,428,948,204,49,223,323.02,0.9232,0.5624,0.203634,25,24,2,107.17,0.8365,0.1027,0.008643,4.325
970473,520,397,917,230,60,163,348.29,0.8619,0.5818,0.227017,11,22,87,268.09,0.9227,0.1429,0.013330,4.374
970483,520,463,983,213,22,173,339.60,0.9490,0.5306,0.177393,9,7,9,325.93,0.1163,0.0475,0.002298,4.348
970494,520,476,996,189,31,205,323.73,0.9314,0.5124,0.162080,5,0,7,320.34,1.0000,0.0225,0.000476,4.202
970502,520,417,937,241,54,58,25.54,0.9413,0.5673,0.216479,26,28,36,274.07,0.1677,0.1250,0.011775,4.314
970505,520,474,994,228,29,55,22.71,0.9684,0.5230,0.176515,3,3,9,282.35,0.4202,0.0309,0.001042,4.438
970516,520,471,991,141,72,248,295.71,0.9474,0.5166,0.170749,8,1,28,291.81,0.9083,0.0423,0.001572,4.280
970524,520,331,851,242,100,124,12.64,0.8360,0.6367,0.294497,1,57,32,157.41,0.9927,0.2023,0.030369,4.286
970577,520,401,921,249,44,55,25.16,0.9729,0.5755,0.222205,5,10,99,266.46,0.9846,0.1373,0.011501,4.426
970578,520,471,991,231,20,8,29.56,0.9926,0.5215,0.175099,12,0,15,322.12,1.0000,0.0352,0.001127,4.403
970581,520,395,915,214,39,252,319.12,0.9869,0.5937,0.227773,16,39,10,139.58,0.8783,0.1422,0.015831,4.220
970603,520,419,939,246,6,67,19.65,0.9962,0.5555,0.201319,34,19,29,339.96,0.3337,0.1094,0.008946,4.264
970630,520,325,845,244,101,138,6.91,0.8435,0.6456,0.303784,30,54,35,149.71,0.5068,0.2057,0.030356,4.403
970647,520,98,618,249,222,7,100.35,0.9974,0.8781,0.723990,22,114,44,146.80,0.9749,0.4036,0.123865,4.452
970648,520,464,984,219,49,48,26.68,0.9274,0.5172,0.174727,7,5,30,281.74,0.7385,0.0522,0.002474,4.283
970654,520,342,862,228,59,250,322.75,0.9793,0.6281,0.265262,48,44,39,73.51,0.0988,0.1938,0.025762,4.161
970665,520,477,997,146,92,186,308.97,0.6128,0.5057,0.173109,0,1,6,259.05,1.0000,0.0179,0.000349,4.431
970684,520,309,829,251,50,246,329.33,0.9864,0.6570,0.294472,93,1,75,338.93,0.9633,0.2248,0.028572,4.384
970711,520,444,964,185,50,230,315.70,0.9175,0.5381,0.183098,37,2,5,19.71,0.8928,0.0759,0.004478,4.279
970725,520,391,911,204,52,254,315.69,0.9946,0.5880,0.224506,58,25,6,48.06,0.7597,0.1546,0.016081,4.154
970731,520,392,912,243,52,142,357.91,0.9106,0.5906,0.234668,32,33,39,278.04,0.1122,0.1459,0.015413,4.352
970734,520,435,955,179,46,255,308.55,1.0000,0.5468,0.187586,38,5,20,355.70,0.7162,0.0875,0.005712,4.265
970743,520,467,987,214,20,155,345.61,0.9476,0.5221,0.171654,6,0,30,286.24,1.0000,0.0394,0.001325,4.319
970774,520,441,961,236,0,108,5.82,1.0000,0.5426,0.189187,41,5,23,353.44,0.7349,0.0941,0.006419,4.239
970777,520,363,883,150,118,253,291.10,0.9558,0.6055,0.265326,63,30,11,48.39,0.6859,0.1744,0.020096,4.498
970779,520,406,926,234,19,199,337.14,0.9824,0.5838,0.220844,45,13,54,318.10,0.7037,0.1304,0.011121,4.431
970785,520,388,908,211,90,179,339.03,0.7262,0.5922,0.244178,29,36,36,196.53,0.1164,0.1500,0.016503,4.424
970802,520,429,949,241,19,51,23.64,0.9877,0.5458,0.194089,34,18,1,68.77,0.8798,0.0992,0.007749,4.227
970803,520,440,960,220,11,188,336.82,0.9840,0.5492,0.190882,4,12,56,267.05,0.9206,0.0864,0.005742,4.321
970805,520,329,849,253,15,254,328.12,0.9973,0.6516,0.283831,82,21,48,357.06,0.6984,0.2053,0.025439,4.425
970830,520,398,918,181,79,248,308.64,0.9429,0.5768,0.221939,36,18,66,296.50,0.7081,0.1352,0.012010,4.385
970842,520,426,946,186,84,200,322.68,0.7435,0.5569,0.209511,25,26,17,112.99,0.2370,0.1114,0.009859,4.335
970844,520,419,939,237,52,57,25.36,0.9395,0.5574,0.207591,1,0,90,264.69,1.0000,0.1099,0.007446,4.484
970879,520,433,953,220,46,156,347.58,0.8731,0.5485,0.195724,43,0,44,327.37,1.0000,0.1023,0.006955,4.314
970889,520,467,987,210,5,180,336.62,0.9893,0.5243,0.171076,13,4,10,338.39,0.4361,0.0446,0.001943,4.256
970899,520,458,978,225,42,93,11.71,0.9091,0.5324,0.184566,6,15,13,179.62,0.3433,0.0648,0.004094,4.336
970913,520,447,967,222,38,143,352.25,0.8989,0.5409,0.189016,4,12,46,266.66,0.8673,0.0768,0.004860,4.357
970925,520,341,861,233,94,173,348.14,0.7979,0.6304,0.283487,54,41,50,337.68,0.1990,0.1977,0.026005,4.388
970930,520,429,949,200,45,213,324.55,0.9134,0.5457,0.189619,13,25,21,171.40,0.3277,0.0995,0.008349,4.107
970938,520,202,722,234,159,230,328.52,0.8278,0.7655,0.480034,50,82,48,142.90,0.5668,0.3123,0.069259,4.444
970939,520,313,833,237,106,194,342.02,0.8340,0.6630,0.322101,1,60,61,196.66,0.9816,0.2232,0.035749,4.339
970942,520,400,920,254,12,92,13.68,0.9937,0.5784,0.221103,8,16,91,267.72,0.9612,0.1360,0.011774,4.389
970943,520,429,949,238,31,57,22.94,0.9719,0.5453,0.194558,10,19,46,267.28,0.6455,0.0958,0.007275,4.270
970949,520,447,967,176,90,176,327.30,0.6300,0.5372,0.196781,1,19,33,241.55,0.8569,0.0810,0.005820,4.421
970964,520,391,911,193,98,211,321.04,0.7386,0.5947,0.247772,4,40,44,205.84,0.8415,0.1509,0.017252,4.428
970998,520,343,863,254,75,131,6.30,0.9862,0.6285,0.277451,62,29,70,319.51,0.5809,0.1943,0.023452,4.458
971006,520,370,890,236,17,239,327.64,0.9930,0.6124,0.244684,66,12,66,328.01,0.7736,0.1742,0.018147,4.324
971012,520,475,995,203,30,184,333.67,0.9214,0.5222,0.170877,3,2,10,289.18,0.5735,0.0282,0.000847,4.344
971030,520,452,972,236,13,50,23.32,0.9913,0.5332,0.183542,19,10,31,301.74,0.5363,0.0740,0.004545,4.282
971033,520,418,938,138,105,244,290.34,0.8662,0.5623,0.220379,4,35,5,143.64,0.9729,0.1221,0.012388,4.334
971037,520,347,867,248,48,210,337.63,0.9624,0.6289,0.267266,64,25,71,321.32,0.6433,0.1913,0.022403,4.382
971042,520,474,994,215,25,143,350.10,0.9292,0.5203,0.171279,6,2,12,305.61,0.6139,0.0327,0.001087,4.331
971061,520,367,887,253,19,172,348.95,0.9864,0.6056,0.243304,69,1,64,331.93,0.9473,0.1682,0.016573,4.406
971072,520,452,972,215,52,134,355.01,0.8314,0.5344,0.186266,33,2,19,349.66,0.7917,0.0729,0.004138,4.364
971092,520,345,865,210,122,150,0.12,0.5403,0.6314,0.298244,25,53,2,134.57,0.9850,0.1933,0.027572,4.489
971107,520,418,938,241,9,132,358.91,0.9894,0.5628,0.205653,35,10,60,302.17,0.7847,0.1165,0.009007,4.333
971113,520,441,961,120,111,223,283.94,0.7323,0.5407,0.206893,6,25,13,154.35,0.7254,0.0927,0.007630,4.458
971115,520,454,974,199,88,17,46.21,0.9318,0.5265,0.191639,22,10,24,321.69,0.4376,0.0735,0.004536,4.431
971123,520,392,912,237,70,115,9.07,0.8565,0.5870,0.236256,64,7,39,351.66,0.7893,0.1492,0.013886,4.481
971138,520,391,911,242,68,77,22.75,0.9211,0.5856,0.235505,62,19,15,28.14,0.7056,0.1526,0.015245,4.376
971148,520,448,968,238,19,22,28.32,0.9900,0.5368,0.187041,36,1,25,342.85,0.8563,0.0793,0.004670,4.336
971164,520,480,1000,213,5,148,347.49,0.9860,0.5125,0.163952,0,0,0,0.00,0.0000,0.0000,0.000000,4.279
971173,520,464,984,210,59,114,3.10,0.7961,0.5243,0.180467,3,9,11,214.83,0.3867,0.0473,0.002389,4.399
971196,520,452,972,198,82,118,3.46,0.6577,0.5335,0.193502,24,9,11,11.79,0.3996,0.0691,0.004138,4.498
971206,520,417,937,205,26,252,317.01,0.9870,0.5731,0.207478,32,6,68,295.07,0.8846,0.1152,0.008547,4.398
971220,520,443,963,236,15,69,18.61,0.9869,0.5366,0.186074,4,14,46,265.07,0.8456,0.0808,0.005371,4.263
971233,520,472,992,225,41,57,23.32,0.9432,0.5244,0.178917,1,3,15,265.40,0.7735,0.0314,0.001061,4.483
971258,520,320,840,253,91,153,0.20,0.9655,0.6524,0.306680,29,56,20,138.50,0.8114,0.2082,0.031400,4.382
971260,520,472,992,213,47,104,6.18,0.8531,0.5154,0.171810,16,0,0,29.23,1.0000,0.0339,0.001102,4.341
971268,520,478,998,196,68,124,356.81,0.7181,0.5127,0.173271,5,0,9,314.44,1.0000,0.0236,0.000520,4.419
971276,520,442,962,164,88,213,309.92,0.7474,0.5406,0.196767,17,17,25,284.66,0.2109,0.0833,0.005903,4.414
971281,520,412,932,233,58,127,2.07,0.8663,0.5713,0.218849,34,14,61,298.81,0.7362,0.1217,0.009911,4.487
971289,520,479,999,188,46,195,325.98,0.8657,0.5137,0.165869,1,0,0,29.23,1.0000,0.0090,0.000065,4.312
971293,520,466,986,186,38,220,318.82,0.9311,0.5229,0.169939,11,7,5,53.78,0.2029,0.0480,0.002341,4.202
971294,520,473,993,226,28,69,18.53,0.9616,0.5206,0.174318,5,3,8,305.16,0.3704,0.0328,0.001149,4.386
971303,520,444,964,226,46,85,15.19,0.9074,0.5354,0.187814,0,21,24,206.47,1.0000,0.0809,0.006022,4.245
971305,520,363,883,238,34,225,331.38,0.9768,0.6126,0.247601,79,7,9,26.07,0.9410,0.1733,0.018342,4.355
971307,520,401,921,228,53,170,345.04,0.8823,0.5755,0.219451,49,23,14,39.70,0.5363,0.1362,0.012976,4.279
971330,520,393,913,246,45,136,0.03,0.9328,0.5892,0.232505,30,24,64,286.42,0.6142,0.1381,0.012994,4.485
971333,520,418,938,249,4,53,23.04,0.9980,0.5594,0.204873,16,32,15,142.86,0.5919,0.1208,0.011776,4.126
971352,520,259,779,225,127,251,318.92,0.9644,0.7079,0.381529,103,40,46,16.91,0.6094,0.2740,0.045988,4.496
971374,520,470,990,226,34,8,30.79,0.9913,0.5177,0.173333,12,3,6,354.46,0.4616,0.0395,0.001564,4.331
971384,520,407,927,188,75,227,316.15,0.8538,0.5660,0.212707,43,27,4,73.66,0.7716,0.1341,0.013063,4.166
971393,520,340,860,222,89,230,325.41,0.8861,0.6362,0.283895,55,39,64,312.87,0.3650,0.2013,0.026335,4.374
971394,520,406,926,217,21,236,323.72,0.9857,0.5787,0.213462,10,35,29,175.17,0.6228,0.1310,0.013553,4.146
971401,520,459,979,204,58,166,340.32,0.8048,0.5348,0.186186,13,9,13,326.11,0.1770,0.0569,0.003100,4.448
971406,520,316,836,246,112,112,22.22,0.8776,0.6586,0.323540,39,57,16,129.64,0.7813,0.2183,0.033949,4.450
971409,520,466,986,204,80,31,39.68,0.8939,0.5236,0.186757,8,10,1,117.11,0.7703,0.0509,0.002709,4.492
971421,520,478,998,226,15,33,26.37,0.9896,0.5105,0.166231,5,1,3,344.91,0.5356,0.0240,0.000606,4.273
971435,520,431,951,241,18,72,18.35,0.9853,0.5487,0.196046,3,24,44,248.85,0.7801,0.1028,0.008544,4.203
971442,520,342,862,255,24,216,337.41,1.0000,0.6337,0.268745,82,16,7,31.27,0.9131,0.1886,0.021801,4.439
971464,520,289,809,223,117,232,324.35,0.8564,0.6785,0.342385,34,65,26,139.51,0.7928,0.2421,0.041951,4.267
971469,520,436,956,246,11,11,28.94,0.9957,0.5513,0.198599,22,12,47,292.11,0.6813,0.0923,0.006388,4.409
971473,520,401,921,253,17,117,6.02,0.9867,0.5841,0.225716,9,39,33,177.53,0.7054,0.1449,0.016189,4.166
971474,520,284,804,251,108,188,348.27,0.9426,0.6852,0.348681,21,61,89,242.72,0.6725,0.2484,0.042180,4.325
971475,520,392,912,235,48,176,344.56,0.9166,0.5875,0.229135,5,35,62,249.56,0.7974,0.1474,0.015820,4.241
971489,520,466,986,141,83,230,297.56,0.8305,0.5168,0.175626,4,7,27,270.63,0.6858,0.0519,0.002569,4.292
971520,520,435,955,235,34,86,14.58,0.9513,0.5459,0.194812,6,2,73,269.46,0.9924,0.0919,0.005631,4.401
971533,520,124,644,249,190,242,330.41,0.9491,0.8492,0.633789,12,105,91,178.95,0.9448,0.3846,0.109361,4.291
971536,520,396,916,192,67,253,311.81,0.9860,0.5826,0.223138,58,2,55,330.77,0.8894,0.1412,0.012189,4.392
971557,520,284,804,255,101,201,343.84,1.0000,0.6877,0.347875,24,60,100,253.15,0.6766,0.2545,0.043458,4.257
971584,520,456,976,211,5,185,335.41,0.9903,0.5292,0.174624,12,8,21,297.31,0.4172,0.0574,0.003060,4.233
971605,520,344,864,209,89,250,316.36,0.9633,0.6300,0.276036,39,49,7,122.11,0.8490,0.1920,0.026433,4.266
971619,520,350,870,224,96,190,339.09,0.7725,0.6266,0.279329,17,52,2,138.12,0.9895,0.1855,0.025795,4.345
971634,520,437,957,228,26,157,348.38,0.9498,0.5526,0.196698,13,15,47,275.90,0.6819,0.0898,0.006324,4.380
971636,520,459,979,161,54,253,302.98,0.9872,0.5264,0.173078,28,2,7,9.45,0.7903,0.0602,0.003057,4.205
971638,520,387,907,229,77,137,359.88,0.7945,0.5875,0.237745,51,26,29,12.60,0.3882,0.1499,0.015314,4.406
971640,520,421,941,154,95,239,299.09,0.8474,0.5586,0.212867,23,21,40,287.54,0.3925,0.1067,0.008717,4.477
971665,520,349,869,244,17,238,329.69,0.9941,0.6257,0.258099,20,48,52,207.65,0.5012,0.1870,0.025105,4.102
971666,520,418,938,201,94,118,7.90,0.6115,0.5575,0.217327,1,25,62,257.76,0.9572,0.1187,0.010494,4.419
971672,520,376,896,254,59,46,29.03,0.9953,0.5962,0.243997,58,30,4,59.48,0.8139,0.1649,0.018370,4.300
971687,520,383,903,253,50,131,3.33,0.9805,0.6045,0.248061,18,41,28,157.46,0.5528,0.1541,0.017983,4.384
971698,520,388,908,245,39,153,353.79,0.9453,0.5902,0.231667,51,15,58,320.77,0.6999,0.1458,0.013510,4.435
971709,520,430,950,209,67,164,342.92,0.7834,0.5521,0.202520,22,4,68,284.89,0.9409,0.1010,0.006747,4.450
971739,520,474,994,213,30,150,347.33,0.9101,0.5221,0.172790,3,3,7,283.48,0.3250,0.0300,0.000998,4.369
971758,520,347,867,245,44,227,332.51,0.9719,0.6312,0.267628,69,11,83,318.65,0.8258,0.1918,0.021292,4.455
971770,520,455,975,228,24,83,13.97,0.9646,0.5258,0.177747,21,2,28,316.72,0.7989,0.0591,0.002867,4.308
971774,520,431,951,222,32,173,341.99,0.9324,0.5520,0.195822,8,15,64,269.35,0.9001,0.1027,0.007634,4.265
971789,520,457,977,215,34,146,349.37,0.8982,0.5263,0.176688,4,12,16,226.66,0.4102,0.0570,0.003262,4.256
971797,520,371,891,239,15,226,331.38,0.9928,0.6085,0.241861,15,6,124,268.80,0.9930,0.1736,0.016869,4.365
971817,520,444,964,225,0,165,344.77,1.0000,0.5436,0.187268,32,5,33,326.42,0.7240,0.0839,0.005255,4.294
971819,520,428,948,248,28,8,30.01,0.9945,0.5611,0.208081,27,20,33,308.69,0.3025,0.1047,0.008431,4.417
971838,520,469,989,212,65,64,25.16,0.8503,0.5223,0.181502,3,4,26,273.17,0.8130,0.0433,0.001808,4.468
971857,520,147,667,246,194,156,57.61,0.7246,0.8269,0.605784,32,99,68,159.72,0.8265,0.3626,0.096477,4.477
971858,520,365,885,243,58,166,350.09,0.9068,0.6052,0.248370,45,39,15,95.58,0.5525,0.1701,0.020435,4.236
971861,520,436,956,238,18,88,13.24,0.9808,0.5457,0.193176,39,7,25,349.01,0.6709,0.0945,0.006535,4.301
971878,520,321,841,251,23,248,328.97,0.9938,0.6461,0.279023,94,7,29,14.83,0.9146,0.2111,0.026208,4.317
971894,520,419,939,160,85,252,300.15,0.9669,0.5608,0.209992,41,13,25,355.37,0.5472,0.1071,0.008295,4.460
971914,520,464,984,162,90,174,321.73,0.5983,0.5161,0.180505,3,9,5,156.95,0.4699,0.0453,0.002257,4.411
971917,520,408,928,223,87,60,33.10,0.8437,0.5714,0.228332,4,37,24,163.09,0.9048,0.1330,0.014148,4.339
971920,520,468,988,221,50,27,31.10,0.9582,0.5202,0.177352,4,7,13,257.84,0.3252,0.0443,0.002068,4.366
971922,520,452,972,227,20,117,1.73,0.9617,0.5319,0.181184,8,11,39,273.70,0.7075,0.0719,0.004374,4.252
971969,520,423,943,199,22,255,314.85,1.0000,0.5645,0.199374,6,30,2,139.85,0.9756,0.1061,0.009716,4.176
971971,520,430,950,229,52,85,16.36,0.8988,0.5464,0.197728,26,8,55,294.94,0.8032,0.0977,0.006691,4.370
971987,520,411,931,196,67,223,320.13,0.8725,0.5661,0.210792,52,9,15,16.89,0.7553,0.1184,0.009600,4.376
972015,520,366,886,231,78,172,346.54,0.8224,0.6064,0.254188,80,6,9,25.75,0.9497,0.1747,0.018558,4.437
972016,520,468,988,219,35,119,0.28,0.9029,0.5237,0.175966,3,5,24,271.34,0.7317,0.0443,0.001938,4.351
972071,520,374,894,232,80,147,356.79,0.8033,0.6001,0.250024,32,35,55,276.94,0.3295,0.1598,0.017849,4.422
972076,520,402,922,224,39,207,332.64,0.9465,0.5792,0.218057,2,24,78,262.55,0.9633,0.1328,0.012161,4.312
972093,520,464,984,194,81,83,21.68,0.6818,0.5150,0.179805,10,7,8,354.49,0.1188,0.0481,0.002340,4.391
972109,520,390,910,247,47,115,7.58,0.9388,0.5858,0.230484,17,20,91,271.53,0.9198,0.1472,0.013747,4.400
972114,520,438,958,221,6,194,335.37,0.9921,0.5537,0.193998,24,17,24,326.25,0.2210,0.0901,0.006610,4.310
972126,520,368,888,226,79,203,334.61,0.8551,0.6148,0.260748,71,20,24,19.29,0.6994,0.1739,0.019061,4.500
972136,520,469,989,216,51,95,10.85,0.8558,0.5222,0.177953,9,5,9,326.38,0.2619,0.0427,0.001863,4.395
972147,520,354,874,235,98,113,16.28,0.7967,0.6190,0.275925,2,49,54,205.95,0.9420,0.1842,0.024758,4.360
972157,520,393,913,223,26,236,325.17,0.9828,0.5907,0.224851,38,18,70,296.61,0.7305,0.1413,0.012869,4.372
972161,520,419,939,184,78,228,314.36,0.8482,0.5647,0.212416,13,27,27,195.77,0.3436,0.1076,0.009485,4.411
972166,520,381,901,197,77,251,313.18,0.9704,0.5991,0.241443,43,11,91,293.43,0.8871,0.1597,0.015083,4.478
972184,520,452,972,207,24,191,332.69,0.9503,0.5311,0.176823,14,3,47,286.00,0.9079,0.0690,0.003637,4.229
972190,520,441,961,238,7,76,16.49,0.9938,0.5403,0.188542,18,5,63,282.35,0.9253,0.0930,0.005960,4.263
972201,520,63,583,250,235,114,102.29,0.9313,0.9169,0.809566,32,122,32,142.96,0.9715,0.4311,0.143299,4.447
972205,520,436,956,193,59,221,320.02,0.8848,0.5519,0.196872,33,5,42,316.85,0.7750,0.0916,0.005991,4.409
972220,520,472,992,223,30,104,6.27,0.9330,0.5239,0.176187,3,1,25,278.79,0.9384,0.0347,0.001112,4.425
972239,520,374,894,219,46,249,320.94,0.9751,0.6036,0.238556,16,15,108,270.12,0.9698,0.1607,0.015344,4.416
972255,520,363,883,238,59,201,337.97,0.9222,0.6143,0.255249,29,38,68,269.77,0.4743,0.1737,0.020647,4.321
972258,520,434,954,213,14,206,330.14,0.9825,0.5485,0.189185,46,5,13,13.67,0.7972,0.1004,0.007185,4.183
972259,520,426,946,228,69,81,20.86,0.8582,0.5607,0.213471,29,17,49,298.33,0.5909,0.1109,0.008839,4.478
972272,520,363,883,247,45,181,345.63,0.9477,0.6101,0.249903,40,38,34,84.59,0.0792,0.1662,0.019528,4.313
972283,520,478,998,209,41,132,353.52,0.8555,0.5131,0.168094,7,0,3,348.27,1.0000,0.0231,0.000518,4.317
972287,520,369,889,231,43,239,326.28,0.9706,0.6145,0.249511,36,37,58,281.41,0.3235,0.1708,0.020037,4.276
972289,520,391,911,251,49,90,16.48,0.9721,0.5889,0.234476,30,28,64,283.01,0.5530,0.1469,0.014767,4.392
972304,520,457,977,151,73,246,299.44,0.9321,0.5283,0.179985,2,14,15,201.07,0.6599,0.0598,0.003615,4.290
972309,520,430,950,228,66,44,31.02,0.9214,0.5518,0.205751,18,11,60,281.22,0.8325,0.0988,0.006942,4.491
972318,520,370,890,228,107,8,49.45,0.9836,0.6080,0.270295,8,48,29,158.22,0.8971,0.1730,0.022541,4.415
972319,520,386,906,209,70,221,324.49,0.8789,0.5883,0.231578,62,4,55,333.98,0.8380,0.1511,0.013870,4.409
972333,520,330,850,250,78,181,347.88,0.9492,0.6432,0.291121,93,11,22,20.70,0.9045,0.2104,0.026248,4.474
972338,520,476,996,169,7,246,308.48,0.9945,0.5057,0.152416,4,1,0,56.89,1.0000,0.0209,0.000475,4.010
972341,520,428,948,242,8,111,6.00,0.9915,0.5576,0.202019,21,15,45,289.11,0.6012,0.0952,0.006905,4.429
972342,520,365,885,243,85,86,23.74,0.9069,0.6090,0.262267,55,31,46,342.32,0.3722,0.1738,0.019895,4.468
972348,520,474,994,224,21,110,3.73,0.9572,0.5238,0.175122,5,4,2,89.26,0.2799,0.0332,0.001235,4.394
972354,520,431,951,208,10,222,324.81,0.9904,0.5501,0.189028,19,18,43,282.79,0.5198,0.0981,0.007455,4.160
972356,520,480,1000,190,3,215,321.72,0.9956,0.5121,0.159201,0,0,0,0.00,0.0000,0.0000,0.000000,4.184
972359,520,452,972,180,56,227,314.59,0.8944,0.5334,0.180788,29,3,17,349.26,0.7246,0.0672,0.003668,4.300
972363,520,372,892,254,47,145,358.59,0.9901,0.6093,0.251518,51,31,56,319.43,0.4213,0.1733,0.019694,4.326
972380,520,382,902,236,11,224,331.18,0.9943,0.6010,0.234567,39,23,77,292.19,0.7071,0.1575,0.015799,4.325
972390,520,438,958,234,5,128,358.83,0.9925,0.5463,0.191625,26,13,26,326.80,0.3985,0.0851,0.005821,4.329
972398,520,465,985,214,9,162,343.18,0.9786,0.5226,0.171025,2,10,3,148.02,0.7910,0.0461,0.002366,4.221
972402,520,399,919,232,84,55,33.05,0.8880,0.5829,0.237751,10,39,8,142.20,0.9385,0.1389,0.015330,4.405
972405,520,367,887,225,72,209,332.43,0.8804,0.6088,0.252480,50,34,37,6.43,0.2278,0.1696,0.019558,4.349
972416,520,369,889,224,94,163,350.01,0.7360,0.6115,0.264993,20,47,27,150.47,0.6626,0.1744,0.022608,4.338
972440,520,442,962,151,79,251,297.89,0.9621,0.5407,0.191365,18,18,20,285.99,0.0545,0.0845,0.006117,4.301
972448,520,358,878,255,37,185,345.94,1.0000,0.6224,0.260894,45,39,43,338.06,0.1001,0.1782,0.021834,4.328
972452,520,360,880,235,17,254,324.08,0.9966,0.6213,0.252213,28,41,63,260.56,0.4049,0.1777,0.021916,4.202
972454,520,346,866,250,50,197,341.72,0.9673,0.6268,0.266396,57,36,56,328.29,0.3573,0.1928,0.024172,4.266
972468,520,352,872,215,114,129,11.68,0.6031,0.6174,0.280686,5,42,94,258.32,0.9172,0.1936,0.024962,4.411
972492,520,467,987,192,10,215,322.23,0.9860,0.5171,0.163314,5,2,31,280.25,0.9038,0.0442,0.001746,4.122
972493,520,365,885,255,61,99,15.53,1.0000,0.6084,0.255020,1,48,8,145.28,0.9961,0.1662,0.021378,4.273
972535,520,472,992,195,7,213,323.59,0.9899,0.5201,0.165598,10,2,0,51.16,1.0000,0.0320,0.001080,4.221
972544,520,479,999,208,62,74,20.49,0.8263,0.5130,0.173518,2,0,2,328.36,1.0000,0.0139,0.000173,4.455
972545,520,469,989,150,69,245,299.68,0.9312,0.5210,0.173331,6,5,5,17.53,0.0561,0.0382,0.001582,4.330
972548,520,311,831,230,96,233,326.79,0.9023,0.6590,0.310740,48,45,79,286.50,0.4163,0.2169,0.030696,4.470
972553,520,310,830,243,67,254,325.44,0.9963,0.6614,0.302273,10,51,95,253.89,0.8271,0.2203,0.032582,4.266
972557,520,461,981,229,5,115,2.35,0.9915,0.5314,0.180073,16,4,13,336.15,0.5179,0.0492,0.002261,4.402
972581,520,432,952,231,55,39,29.77,0.9426,0.5460,0.198708,0,22,51,254.35,0.9999,0.1011,0.008128,4.279
972588,520,310,830,246,79,232,331.51,0.9598,0.6637,0.310137,27,53,82,252.51,0.5455,0.2234,0.033883,4.293
972593,520,333,853,222,113,172,348.11,0.6772,0.6415,0.303204,16,54,32,154.88,0.8178,0.1971,0.028527,4.498
972600,520,448,968,212,39,175,338.95,0.8954,0.5386,0.185454,11,19,18,186.57,0.2251,0.0805,0.005806,4.219
972604,520,229,749,251,149,136,28.03,0.9106,0.7364,0.437843,71,70,40,106.73,0.4159,0.2935,0.058731,4.487
972620,520,458,978,213,70,50,30.96,0.8724,0.5284,0.187591,5,11,24,261.87,0.4991,0.0594,0.003375,4.451
972621,520,437,957,191,14,251,313.64,0.9915,0.5460,0.183568,9,20,29,244.28,0.4041,0.0866,0.006471,4.136
972625,520,338,858,209,97,254,314.93,0.9910,0.6432,0.292618,14,47,87,255.30,0.7574,0.2040,0.028144,4.384
972631,520,382,902,210,88,208,328.26,0.8009,0.6035,0.252369,25,40,36,176.10,0.2810,0.1585,0.018516,4.413
972632,520,417,937,219,83,119,7.22,0.7359,0.5716,0.225808,41,24,9,60.67,0.5600,0.1248,0.011445,4.489
972638,520,459,979,173,57,233,310.88,0.9007,0.5288,0.176946,9,9,21,282.76,0.3873,0.0569,0.003076,4.276
972654,520,451,971,232,30,104,7.74,0.9478,0.5423,0.190868,27,7,11,8.61,0.5290,0.0697,0.004092,4.453
972687,520,256,776,250,131,192,349.54,0.9069,0.7207,0.403650,19,75,27,145.56,0.9529,0.2686,0.052495,4.426
972698,520,410,930,211,27,236,322.13,0.9777,0.5708,0.206907,10,27,60,262.03,0.7250,0.1266,0.011746,4.161
972707,520,466,986,133,87,233,293.31,0.8374,0.5166,0.176861,14,5,13,330.51,0.4220,0.0492,0.002310,4.337
972770,520,475,995,232,7,26,27.23,0.9961,0.5209,0.173855,4,4,7,284.63,0.2138,0.0341,0.001280,4.365
972774,520,359,879,220,76,236,323.57,0.9167,0.6218,0.264426,9,37,90,261.59,0.8792,0.1785,0.021193,4.417
972780,520,436,956,197,33,238,317.81,0.9657,0.5521,0.191325,26,12,37,308.08,0.5685,0.0896,0.006161,4.297
972795,520,356,876,148,133,226,289.63,0.6703,0.6156,0.285618,20,50,24,146.63,0.7778,0.1836,0.024958,4.477
972845,520,450,970,170,51,253,305.99,0.9877,0.5361,0.180063,20,12,12,18.67,0.2112,0.0702,0.004382,4.230
972847,520,398,918,250,54,27,31.16,0.9798,0.5825,0.230451,24,25,71,277.23,0.6978,0.1408,0.013443,4.420
972872,520,434,954,243,33,14,30.07,0.9892,0.5532,0.201776,19,23,22,178.92,0.0906,0.0990,0.008092,4.334
972878,520,416,936,202,53,234,319.64,0.9297,0.5703,0.210448,1,20,70,262.39,0.9764,0.1151,0.009489,4.378
972881,520,466,986,229,19,44,24.60,0.9850,0.5193,0.173086,15,7,0,77.39,1.0000,0.0505,0.002535,4.246
972890,520,353,873,247,70,156,355.31,0.9185,0.6193,0.265580,51,19,96,296.39,0.8189,0.1848,0.020141,4.499
972893,520,368,888,205,84,235,319.08,0.8874,0.6077,0.253194,47,28,63,307.57,0.5256,0.1659,0.017938,4.463
972904,520,257,777,254,138,43,54.08,0.9889,0.7063,0.394253,23,74,52,161.62,0.7947,0.2726,0.053274,4.302
972929,520,377,897,246,78,19,36.67,0.9812,0.5985,0.250920,3,46,10,145.70,0.9860,0.1602,0.019952,4.302
972940,520,379,899,240,72,145,358.19,0.8640,0.6045,0.252073,29,42,17,131.47,0.5926,0.1625,0.019576,4.342
972944,520,269,789,250,138,26,57.15,0.9732,0.6993,0.385785,40,69,10,132.73,0.9404,0.2572,0.047292,4.479
972955,520,457,977,226,46,74,18.94,0.9184,0.5331,0.186200,25,5,2,36.08,0.7432,0.0601,0.003196,4.440
972957,520,431,951,162,77,246,302.84,0.9271,0.5474,0.196434,9,10,67,271.43,0.9382,0.0983,0.006804,4.338
972964,520,455,975,200,59,159,341.81,0.7862,0.5251,0.179123,9,11,9,145.29,0.1000,0.0564,0.003171,4.309
972982,520,454,974,220,56,94,12.60,0.8524,0.5345,0.188547,12,16,16,196.56,0.1092,0.0728,0.004861,4.348
972984,520,458,978,213,2,186,335.63,0.9963,0.5330,0.177369,25,4,21,335.28,0.6644,0.0647,0.003477,4.252
972985,520,343,863,254,38,195,342.91,0.9933,0.6261,0.264006,83,13,5,30.95,0.9408,0.1874,0.021381,4.399
972986,520,393,913,247,41,130,1.98,0.9431,0.5866,0.229751,25,29,53,275.19,0.4316,0.1366,0.013424,4.411
972990,520,443,963,232,15,102,7.64,0.9788,0.5359,0.184598,15,10,41,285.62,0.6841,0.0771,0.004787,4.282
972992,520,431,951,197,22,239,317.78,0.9811,0.5481,0.186776,30,14,35,317.77,0.5037,0.0971,0.007115,4.146
973004,520,465,985,231,10,13,28.71,0.9948,0.5187,0.172382,10,7,5,61.22,0.1774,0.0471,0.002274,4.254
973027,520,475,995,214,27,135,352.80,0.9193,0.5157,0.168317,1,5,2,153.09,0.7142,0.0315,0.001194,4.265
973031,520,430,950,183,93,166,334.80,0.6040,0.5472,0.206504,25,15,40,300.34,0.5320,0.0959,0.007015,4.499
973035,520,418,938,240,35,78,17.69,0.9595,0.5551,0.202807,8,35,10,144.80,0.9191,0.1249,0.012756,4.028
973042,520,415,935,231,62,113,7.67,0.8535,0.5668,0.216293,29,13,67,290.02,0.7976,0.1199,0.009543,4.472
973055,520,472,992,227,13,85,12.60,0.9824,0.5204,0.172775,10,1,3,1.86,0.6774,0.0303,0.000928,4.374
973073,520,402,922,250,20,109,8.23,0.9824,0.5766,0.219320,12,10,93,270.09,0.9741,0.1325,0.010855,4.426
973085,520,477,997,194,27,189,329.69,0.9276,0.5077,0.159290,0,1,6,259.05,1.0000,0.0179,0.000349,4.157
973110,520,395,915,209,62,240,319.91,0.9318,0.5935,0.232935,28,18,83,281.51,0.8401,0.1433,0.013040,4.488
973117,520,452,972,233,33,26,28.88,0.9753,0.5327,0.184891,15,11,30,291.26,0.4945,0.0711,0.004346,4.322
973119,520,391,911,243,9,191,341.31,0.9933,0.5937,0.230147,40,34,27,71.34,0.1760,0.1530,0.016743,4.197
973122,520,399,919,238,1,186,341.55,0.9991,0.5800,0.217470,28,1,96,280.98,0.9940,0.1384,0.011131,4.375
973141,520,433,953,236,9,114,4.03,0.9881,0.5464,0.192463,22,21,38,285.75,0.3617,0.1045,0.008468,4.147
973143,520,479,999,214,37,115,0.96,0.8856,0.5135,0.168595,0,0,2,264.05,1.0000,0.0079,0.000044,4.368
973156,520,247,767,232,157,99,57.55,0.7025,0.7187,0.421726,74,67,6,102.26,0.9154,0.2839,0.054834,4.500
973157,520,434,954,191,3,255,312.91,1.0000,0.5472,0.183628,9,9,71,271.09,0.9534,0.1016,0.007083,4.093
973175,520,302,822,227,118,207,334.53,0.7787,0.6727,0.337947,60,55,16,102.00,0.7033,0.2338,0.037305,4.444
973184,520,432,952,192,61,215,321.23,0.8652,0.5480,0.194516,23,13,55,288.46,0.7337,0.1020,0.007458,4.256
973188,520,477,997,108,96,235,281.90,0.8516,0.5096,0.175516,5,1,4,334.75,0.5642,0.0245,0.000627,4.454
973199,520,359,879,243,72,170,349.66,0.8944,0.6199,0.265947,29,46,28,143.13,0.4526,0.1776,0.022990,4.329
973244,520,333,853,189,126,210,317.37,0.6194,0.6375,0.303945,47,50,2,113.39,0.9494,0.2027,0.028899,4.486
973247,520,453,973,196,90,72,31.39,0.6872,0.5309,0.195178,12,16,11,139.43,0.2033,0.0713,0.004729,4.480
973249,520,269,789,236,148,9,67.87,0.9866,0.6977,0.390347,39,71,2,132.75,0.9898,0.2625,0.049421,4.429
973256,520,408,928,185,58,255,309.77,1.0000,0.5654,0.205614,34,29,33,332.65,0.1099,0.1348,0.013286,4.039
973265,520,38,558,228,244,251,225.72,0.6233,0.9503,0.881598,44,127,21,140.14,0.9807,0.4505,0.157678,4.486
973266,520,418,938,213,74,146,351.94,0.7529,0.5591,0.211212,27,25,40,289.94,0.2966,0.1204,0.010815,4.295
973268,520,383,903,247,31,167,349.48,0.9659,0.5960,0.235474,45,23,54,315.39,0.5346,0.1471,0.014371,4.435
973276,520,290,810,178,144,237,299.85,0.7298,0.6755,0.355261,14,65,48,166.41,0.8597,0.2381,0.040872,4.460
973281,520,343,863,237,58,233,329.08,0.9540,0.6307,0.269164,22,33,102,269.89,0.8607,0.1875,0.022175,4.422
973296,520,417,937,240,17,145,354.63,0.9787,0.5678,0.209737,12,9,87,270.88,0.9710,0.1234,0.009616,4.357
973305,520,419,939,223,42,173,342.46,0.9054,0.5597,0.203635,4,28,40,233.24,0.7426,0.1120,0.010095,4.221
973306,520,440,960,203,2,239,319.58,0.9986,0.5530,0.189736,29,5,49,304.76,0.8188,0.0915,0.005915,4.287
973330,520,419,939,239,53,69,22.38,0.9321,0.5641,0.213298,23,22,41,285.17,0.3870,0.1097,0.009161,4.451
973341,520,446,966,240,8,62,20.53,0.9944,0.5423,0.190501,32,7,14,4.89,0.5979,0.0784,0.004908,4.380
973343,520,338,858,249,54,219,335.53,0.9700,0.6398,0.278956,49,29,103,289.57,0.7619,0.2045,0.025109,4.380
973348,520,445,965,201,77,136,353.79,0.6967,0.5382,0.195047,14,10,44,282.62,0.7270,0.0787,0.004923,4.462
973366,520,356,876,255,45,170,350.67,1.0000,0.6199,0.260426,79,10,14,24.00,0.9020,0.1768,0.019113,4.492
973369,520,477,997,100,91,253,278.73,0.9850,0.5099,0.172828,4,1,6,314.84,0.6159,0.0242,0.000607,4.403
973377,520,465,985,201,81,33,40.06,0.8773,0.5198,0.184142,19,3,6,6.71,0.6111,0.0482,0.002167,4.488
973378,520,392,912,235,85,75,27.33,0.8758,0.5925,0.246701,27,36,38,212.72,0.1608,0.1491,0.016347,4.472
973384,520,426,946,222,63,142,354.52,0.8166,0.5612,0.210401,19,20,58,277.42,0.6757,0.1143,0.009442,4.381
973393,520,452,972,140,78,252,294.03,0.9725,0.5273,0.180525,24,7,21,334.12,0.5276,0.0691,0.004003,4.269
973412,520,367,887,241,72,142,359.54,0.8700,0.6052,0.252915,79,8,11,25.23,0.9280,0.1745,0.018604,4.415
973435,520,375,895,236,78,135,2.22,0.8288,0.6005,0.250338,21,38,57,252.19,0.4564,0.1605,0.018410,4.390
973446,520,377,897,244,18,188,342.43,0.9856,0.5960,0.232997,33,34,64,280.51,0.4521,0.1642,0.018375,4.139
973448,520,377,897,205,86,221,322.77,0.8336,0.6011,0.248567,54,25,46,338.42,0.4795,0.1599,0.016769,4.472
973465,520,454,974,178,58,226,314.09,0.8860,0.5315,0.179831,16,7,36,293.58,0.6943,0.0688,0.003895,4.264
973472,520,346,866,231,47,251,323.49,0.9850,0.6252,0.259893,84,13,19,22.16,0.8728,0.1916,0.022200,4.292
973473,520,436,956,194,6,254,313.90,0.9967,0.5517,0.187567,37,9,24,349.75,0.6017,0.0937,0.006547,4.201
973476,520,457,977,226,0,133,355.43,1.0000,0.5308,0.178650,11,4,41,284.27,0.8588,0.0626,0.003181,4.299
973498,520,360,880,254,73,92,19.65,0.9908,0.6166,0.266122,0,38,89,257.46,1.0000,0.1768,0.021074,4.448
973522,520,333,853,244,51,242,328.63,0.9725,0.6432,0.280143,7,47,86,252.23,0.8384,0.2009,0.027499,4.260
973525,520,434,954,242,15,53,23.06,0.9908,0.5470,0.194794,33,19,17,28.30,0.2984,0.1036,0.008296,4.199
973548,520,466,986,208,73,5,40.02,0.9866,0.5196,0.181882,15,3,16,324.98,0.6190,0.0469,0.002041,4.456
973556,520,471,991,205,44,161,341.88,0.8499,0.5216,0.173557,9,3,21,298.94,0.6860,0.0434,0.001773,4.318
973564,520,433,953,161,78,254,300.87,0.9899,0.5542,0.201820,49,1,20,2.10,0.9198,0.1027,0.007253,4.398
973567,520,442,962,239,30,9,30.18,0.9926,0.5430,0.193023,15,13,36,284.56,0.5446,0.0790,0.005168,4.405
973579,520,328,848,246,64,228,332.53,0.9601,0.6475,0.288639,31,48,84,263.81,0.5323,0.2135,0.030452,4.209
973582,520,476,996,176,35,231,313.26,0.9482,0.5141,0.162027,2,2,6,282.35,0.4201,0.0250,0.000695,4.182
973584,520,433,953,217,64,124,0.96,0.7966,0.5462,0.198761,29,19,31,320.71,0.3101,0.1038,0.008259,4.270
973604,520,352,872,211,97,207,328.83,0.7715,0.6170,0.269050,64,20,80,315.59,0.7395,0.1907,0.021696,4.450
973606,520,419,939,250,6,32,26.76,0.9976,0.5599,0.205622,51,2,33,347.24,0.8516,0.1138,0.008571,4.364
973618,520,471,991,171,27,255,306.85,1.0000,0.5237,0.166626,11,1,15,318.61,0.7777,0.0368,0.001274,4.225
973622,520,426,946,218,20,203,332.20,0.9742,0.5573,0.197198,9,12,77,269.84,0.9519,0.1131,0.008568,4.221
973624,520,305,825,225,108,237,323.82,0.8971,0.6705,0.328489,26,62,34,149.01,0.7443,0.2291,0.037802,4.311
973640,520,438,958,164,74,248,303.41,0.9440,0.5478,0.195679,36,14,4,46.60,0.6831,0.0947,0.006980,4.312
973660,520,426,946,231,58,87,16.80,0.8869,0.5562,0.207061,7,31,6,142.52,0.9309,0.1107,0.010383,4.257
973662,520,445,965,208,77,103,11.62,0.7263,0.5391,0.196990,14,7,52,281.27,0.8591,0.0810,0.004932,4.496
973668,520,410,930,234,5,185,340.95,0.9947,0.5727,0.211066,4,38,7,144.70,0.9743,0.1326,0.014273,4.062
973687,520,366,886,198,109,192,329.64,0.6390,0.6092,0.267501,15,47,7,139.93,0.9572,0.1681,0.021499,4.441
973700,520,439,959,204,63,184,334.19,0.8136,0.5499,0.198549,34,6,39,321.35,0.7349,0.0925,0.006169,4.425
973702,520,429,949,234,38,116,4.39,0.9272,0.5544,0.201426,32,6,47,310.16,0.7824,0.0955,0.006426,4.456
973704,520,472,992,202,23,192,331.06,0.9496,0.5223,0.169770,7,2,8,322.52,0.5250,0.0321,0.001061,4.304
973725,520,411,931,196,42,254,313.79,0.9948,0.5687,0.205488,31,21,46,300.96,0.4728,0.1193,0.010249,4.241
973742,520,416,936,203,4,255,316.09,1.0000,0.5665,0.200049,41,13,51,316.08,0.6835,0.1219,0.009983,4.169
973754,520,423,943,228,12,177,341.94,0.9835,0.5583,0.199339,44,16,10,33.46,0.6091,0.1131,0.009280,4.206
973768,520,409,929,245,57,14,32.98,0.9882,0.5744,0.223739,4,25,71,262.26,0.9151,0.1288,0.011759,4.432
973774,520,379,899,220,80,193,336.19,0.8156,0.6007,0.248054,11,45,4,140.24,0.9768,0.1591,0.019566,4.284
973796,520,427,947,209,56,198,331.21,0.8696,0.5599,0.204628,5,27,8,146.75,0.9068,0.0972,0.008336,4.365
973800,520,397,917,204,65,223,322.62,0.8873,0.5765,0.219473,21,36,16,138.22,0.5823,0.1371,0.014586,4.172
973801,520,410,930,168,98,224,307.46,0.7665,0.5696,0.224426,21,27,51,271.64,0.4661,0.1268,0.011823,4.439
973810,520,385,905,236,1,210,334.66,0.9993,0.5903,0.225105,52,11,65,316.61,0.7795,0.1478,0.013511,4.332
973844,520,451,971,227,50,54,25.51,0.9311,0.5351,0.188813,6,2,57,272.29,0.9834,0.0717,0.003775,4.441
973849,520,456,976,223,32,124,359.03,0.9203,0.5318,0.181789,15,5,32,297.35,0.7169,0.0609,0.003144,4.362
973874,520,379,899,237,74,137,0.99,0.8420,0.5984,0.247111,55,13,76,311.47,0.7977,0.1643,0.016220,4.487
973882,520,413,933,246,37,72,20.08,0.9652,0.5675,0.213873,52,9,10,23.58,0.7966,0.1173,0.009475,4.437
973892,520,409,929,200,41,246,316.66,0.9620,0.5678,0.205205,8,32,39,220.04,0.6168,0.1253,0.012311,4.096
973932,520,381,901,183,92,247,308.38,0.9218,0.5962,0.244378,46,30,49,321.06,0.3557,0.1602,0.017312,4.373
973935,520,250,770,225,143,225,326.88,0.7567,0.7220,0.410902,19,75,28,145.94,0.9510,0.2687,0.052542,4.495
973947,520,421,941,230,72,33,34.50,0.9437,0.5616,0.215704,33,23,19,42.84,0.2246,0.1135,0.009832,4.441
973953,520,344,864,251,16,221,335.28,0.9938,0.6272,0.261035,3,41,92,257.68,0.9431,0.1885,0.023778,4.216
973965,520,398,918,216,30,239,322.68,0.9775,0.5827,0.217614,37,9,82,292.37,0.8883,0.1401,0.011979,4.318
973968,520,460,980,212,36,161,343.48,0.8930,0.5291,0.178342,25,1,28,323.79,0.8542,0.0627,0.003122,4.298
973976,520,478,998,168,65,201,316.83,0.7968,0.5053,0.163234,2,0,11,290.67,1.0000,0.0202,0.000371,4.233
973977,520,460,980,209,47,165,341.67,0.8515,0.5334,0.183071,24,0,33,316.26,1.0000,0.0627,0.003040,4.394
973978,520,479,999,185,18,217,319.66,0.9727,0.5090,0.157580,1,0,2,311.99,1.0000,0.0114,0.000108,4.143
973989,520,407,927,249,21,71,19.43,0.9859,0.5663,0.211346,18,33,18,144.32,0.5064,0.1260,0.012600,4.175
973990,520,377,897,214,48,253,318.71,0.9906,0.5999,0.235037,19,33,70,265.96,0.6465,0.1551,0.016683,4.275
973993,520,252,772,243,124,228,332.20,0.9253,0.7154,0.390737,18,77,11,141.66,0.9806,0.2732,0.054603,4.213
974010,520,445,965,224,28,151,349.52,0.9365,0.5429,0.189148,2,9,55,265.79,0.9507,0.0789,0.004841,4.361
974019,520,457,977,223,55,22,32.66,0.9671,0.5286,0.184810,22,3,18,335.86,0.6796,0.0569,0.002794,4.448
974030,520,395,915,242,14,184,343.09,0.9881,0.5891,0.226551,9,39,2,139.44,0.9844,0.1375,0.015134,4.246
974038,520,440,960,240,29,42,26.08,0.9794,0.5467,0.195745,7,24,12,151.93,0.6672,0.0901,0.007250,4.293
974041,520,420,940,233,65,32,32.89,0.9530,0.5594,0.212115,24,26,29,258.37,0.0776,0.1145,0.010217,4.353
974075,520,394,914,243,7,183,343.54,0.9942,0.5891,0.226287,11,36,50,236.22,0.6113,0.1448,0.015631,4.210
974077,520,415,935,216,66,168,343.30,0.8087,0.5652,0.213247,27,15,61,289.62,0.7364,0.1151,0.009116,4.453
974079,520,386,906,249,40,131,1.92,0.9520,0.5903,0.232995,58,9,53,332.56,0.7652,0.1474,0.013521,4.455
974085,520,344,864,233,70,218,331.98,0.9146,0.6253,0.267684,33,49,2,127.16,0.9663,0.1860,0.025243,4.222
974100,520,326,846,238,75,242,326.93,0.9529,0.6529,0.296225,64,42,36,35.88,0.3012,0.2089,0.028734,4.397
974114,520,477,997,156,79,202,310.66,0.7384,0.5080,0.169248,5,0,9,314.44,1.0000,0.0236,0.000520,4.340
974138,520,471,991,227,30,73,17.55,0.9565,0.5244,0.177434,4,8,3,138.04,0.4618,0.0431,0.002060,4.369
974141,520,442,962,203,48,197,329.82,0.8820,0.5423,0.188434,16,14,29,288.92,0.3866,0.0776,0.005129,4.325
974144,520,394,914,202,62,250,315.63,0.9715,0.5902,0.229054,21,12,93,275.22,0.9490,0.1407,0.012126,4.492
974146,520,460,980,232,13,92,10.95,0.9836,0.5326,0.182194,13,7,20,304.86,0.4410,0.0557,0.002880,4.391
974148,520,403,923,222,31,213,330.55,0.9640,0.5753,0.213160,47,15,36,342.84,0.5845,0.1255,0.010734,4.333
974155,520,440,960,244,6,59,21.48,0.9963,0.5500,0.196826,6,26,7,144.70,0.8871,0.0945,0.007928,4.261
974157,520,458,978,230,3,105,5.93,0.9953,0.5298,0.179110,1,2,47,266.23,0.9870,0.0561,0.002551,4.360
974159,520,448,968,177,46,248,309.40,0.9636,0.5378,0.180793,11,22,3,132.32,0.8391,0.0847,0.006515,4.084
974178,520,442,962,153,95,209,305.27,0.7001,0.5353,0.195606,12,19,12,144.77,0.3008,0.0793,0.005704,4.409
974202,520,344,864,199,130,133,16.73,0.4318,0.6262,0.298022,14,54,14,143.21,0.9495,0.1925,0.027633,4.483
974203,520,383,903,241,3,203,337.61,0.9980,0.5957,0.230807,1,39,58,235.88,0.9464,0.1547,0.017629,4.152
974210,520,400,920,235,81,16,38.62,0.9782,0.5814,0.235874,48,26,11,53.54,0.5746,0.1406,0.013914,4.473
974213,520,293,813,249,94,216,337.07,0.9592,0.6766,0.331058,100,22,47,6.27,0.7604,0.2428,0.034888,4.489
974223,520,453,973,216,63,94,13.38,0.8168,0.5341,0.189645,26,4,28,324.54,0.7148,0.0700,0.003903,4.446
974233,520,423,943,239,14,133,358.31,0.9822,0.5603,0.203614,19,23,38,272.11,0.3404,0.1067,0.008912,4.305
974242,520,458,978,221,45,99,9.24,0.8854,0.5282,0.181524,27,0,10,357.64,1.0000,0.0551,0.002550,4.406
974245,520,464,984,200,11,206,326.73,0.9831,0.5246,0.169767,3,8,24,263.81,0.6438,0.0513,0.002590,4.179
974246,520,1,521,255,255,255,0.00,0.0000,1.0000,1.000000,49,137,2,138.88,0.9985,0.4839,0.185480,4.459
974266,520,323,843,195,133,184,333.10,0.4741,0.6460,0.318389,27,57,32,147.89,0.6617,0.2127,0.032635,4.458
974297,520,389,909,246,36,155,353.22,0.9532,0.5913,0.232244,68,0,31,0.71,1.0000,0.1468,0.013281,4.460
974314,520,420,940,208,52,203,329.48,0.8880,0.5579,0.201796,27,24,24,17.53,0.0564,0.1104,0.009522,4.230
974359,520,389,909,238,25,200,337.83,0.9774,0.5937,0.230454,46,30,16,61.43,0.4503,0.1479,0.015469,4.284
974362,520,398,918,216,91,115,10.93,0.6940,0.5768,0.233211,33,33,33,0.00,0.0000,0.1444,0.015209,4.343
974365,520,454,974,168,66,236,307.95,0.8935,0.5336,0.182781,15,7,39,289.52,0.7317,0.0701,0.004000,4.311
974376,520,474,994,151,73,235,301.58,0.8753,0.5188,0.173429,1,4,10,251.74,0.6008,0.0319,0.001152,4.368
974395,520,349,869,253,50,192,343.83,0.9853,0.6297,0.269729,22,44,75,257.22,0.5824,0.1903,0.024798,4.275
974410,520,445,965,196,35,228,319.83,0.9529,0.5437,0.185408,9,13,42,272.88,0.6990,0.0789,0.005131,4.270
974412,520,376,896,222,73,192,336.91,0.8393,0.5954,0.241027,67,0,64,330.53,1.0000,0.1633,0.015636,4.434
974415,520,401,921,149,108,239,294.86,0.8178,0.5755,0.233467,21,28,68,272.22,0.6571,0.1425,0.014072,4.424
974428,520,376,896,231,31,220,330.97,0.9740,0.5957,0.231387,19,37,69,261.04,0.6057,0.1648,0.018912,4.083
974440,520,443,963,206,43,189,333.04,0.8897,0.5387,0.185256,37,7,4,30.79,0.7785,0.0844,0.005541,4.236
974461,520,317,837,253,84,192,345.28,0.9796,0.6598,0.310322,58,49,35,78.54,0.2639,0.2184,0.032176,4.385
974466,520,463,983,231,29,69,19.05,0.9645,0.5315,0.183004,11,7,18,300.81,0.3904,0.0528,0.002668,4.424
974469,520,397,917,243,24,163,349.70,0.9723,0.5837,0.223555,49,5,68,312.56,0.8701,0.1389,0.011789,4.427
974476,520,364,884,238,12,236,328.80,0.9953,0.6127,0.244989,2,30,96,262.57,0.9755,0.1657,0.017859,4.347
974484,520,449,969,151,87,233,300.27,0.8335,0.5375,0.192792,23,4,40,304.64,0.8018,0.0744,0.004222,4.478
974496,520,429,949,153,97,224,301.41,0.7634,0.5495,0.207038,30,19,11,56.91,0.3613,0.0980,0.007660,4.458
974498,520,427,947,197,16,255,314.40,1.0000,0.5595,0.194623,3,22,49,256.38,0.8248,0.1013,0.008149,4.207
974499,520,391,911,227,69,170,345.63,0.8333,0.5886,0.234919,51,22,44,337.03,0.5076,0.1484,0.014596,4.411
974500,520,370,890,202,95,222,321.09,0.8090,0.6097,0.260163,49,36,36,18.43,0.1821,0.1728,0.020421,4.404
974509,520,418,938,210,77,149,350.21,0.7340,0.5590,0.211814,17,31,13,138.95,0.5919,0.1180,0.011282,4.272
974516,520,442,962,229,44,79,17.30,0.9242,0.5386,0.190268,1,21,3,145.88,0.9825,0.0750,0.005493,4.330
974527,520,390,910,241,20,195,339.84,0.9835,0.5948,0.231442,22,28,76,273.01,0.7244,0.1505,0.015228,4.315
974544,520,433,953,226,69,10,36.72,0.9849,0.5491,0.204497,32,17,14,31.87,0.3466,0.0970,0.007397,4.434
974595,520,442,962,206,19,205,328.57,0.9708,0.5368,0.179973,6,13,45,268.61,0.8003,0.0793,0.005160,4.169
974599,520,364,884,238,32,225,331.38,0.9789,0.6117,0.246491,74,13,0,35.32,1.0000,0.1669,0.017439,4.396
974600,520,414,934,189,63,248,312.20,0.9572,0.5702,0.211522,43,18,17,23.42,0.4812,0.1168,0.009867,4.368
974601,520,419,939,199,70,201,327.20,0.8160,0.5595,0.207411,53,2,7,21.29,0.9476,0.1093,0.008158,4.426
974606,520,314,834,242,122,23,51.88,0.9676,0.6575,0.328610,5,62,14,144.97,0.9877,0.2176,0.035091,4.449
974609,520,453,973,208,60,127,357.16,0.7847,0.5263,0.181761,21,12,8,45.65,0.2999,0.0703,0.004399,4.260
974634,520,347,867,253,42,204,340.29,0.9878,0.6311,0.269015,42,38,74,286.80,0.4732,0.1901,0.023729,4.327
974636,520,463,983,184,45,231,315.34,0.9297,0.5334,0.178378,18,3,1,37.33,0.7752,0.0451,0.001959,4.395
974669,520,463,983,209,16,182,335.81,0.9663,0.5263,0.173054,23,0,1,23.25,1.0000,0.0453,0.001844,4.302
974674,520,458,978,174,93,151,338.84,0.5433,0.5266,0.190628,1,16,14,185.28,0.8644,0.0638,0.004087,4.449
974679,520,395,915,223,71,180,341.16,0.8283,0.5887,0.234921,12,35,37,202.96,0.5237,0.1354,0.014137,4.442
974696,520,445,965,212,65,117,3.15,0.7792,0.5357,0.190643,8,20,13,157.71,0.4486,0.0795,0.005810,4.312
974704,520,355,875,247,94,15,41.20,0.9852,0.6211,0.278173,14,46,52,211.94,0.6224,0.1779,0.022952,4.498
974712,520,464,984,178,12,248,310.64,0.9914,0.5225,0.165062,3,8,28,265.82,0.7249,0.0538,0.002769,4.076
974717,520,237,757,218,168,103,72.60,0.6126,0.7255,0.438914,39,76,58,161.30,0.5243,0.2889,0.059055,4.483
974723,520,412,932,167,95,228,306.49,0.7935,0.5663,0.220019,23,28,34,253.12,0.1630,0.1212,0.011281,4.406
974738,520,425,945,222,5,206,332.39,0.9948,0.5629,0.200967,45,1,42,331.34,0.9029,0.1061,0.007468,4.367
974739,520,444,964,234,35,31,28.38,0.9724,0.5363,0.187966,29,12,15,9.13,0.3984,0.0829,0.005587,4.281
974758,520,446,966,235,39,22,30.00,0.9774,0.5403,0.191743,22,13,24,320.15,0.3365,0.0792,0.005244,4.376
974788,520,414,934,251,16,69,19.87,0.9908,0.5686,0.213132,41,21,22,16.80,0.3643,0.1212,0.010657,4.338
974798,520,175,695,245,187,61,82.56,0.8986,0.7955,0.552920,43,92,60,153.30,0.6709,0.3427,0.084939,4.468
974819,520,355,875,244,8,232,331.09,0.9971,0.6200,0.252359,51,32,62,312.24,0.4557,0.1791,0.020847,4.268
974822,520,220,740,215,157,248,312.64,0.8799,0.7479,0.453392,21,81,68,175.27,0.8112,0.3003,0.064614,4.392
974831,520,146,666,252,183,207,356.44,0.8720,0.8254,0.590692,18,100,44,148.84,0.9705,0.3560,0.094244,4.442
974832,520,430,950,222,72,14,37.51,0.9755,0.5452,0.201987,9,0,79,271.00,1.0000,0.0989,0.006225,4.482
974838,520,223,743,239,157,197,349.19,0.7174,0.7543,0.464978,0,85,32,148.73,1.0000,0.2994,0.066010,4.439
974860,520,49,569,253,227,252,327.09,0.9678,0.9350,0.828498,79,116,69,139.15,0.5427,0.4421,0.145824,4.486
974872,520,418,938,218,81,78,24.80,0.7937,0.5568,0.213428,22,29,35,244.41,0.1916,0.1236,0.011706,4.269
974887,520,440,960,232,29,133,357.47,0.9445,0.5516,0.197309,6,22,22,195.41,0.5120,0.0869,0.006704,4.361
974899,520,429,949,231,56,41,29.56,0.9384,0.5471,0.199803,8,16,60,269.02,0.8703,0.1005,0.007484,4.346
974902,520,468,988,210,4,168,340.25,0.9898,0.5170,0.166178,5,5,13,282.92,0.3740,0.0403,0.001699,4.182
974903,520,373,893,224,16,249,322.56,0.9934,0.5989,0.230596,41,27,65,298.44,0.5574,0.1576,0.016369,4.228
974909,520,248,768,238,131,231,329.59,0.8997,0.7212,0.401813,70,57,98,297.55,0.4153,0.2827,0.051102,4.469
974911,520,445,965,223,37,140,353.50,0.9039,0.5410,0.189072,28,3,43,309.71,0.8404,0.0818,0.004864,4.358
974920,520,462,982,223,55,7,34.06,0.9901,0.5280,0.184384,6,7,25,277.02,0.5889,0.0523,0.002609,4.455
974937,520,379,899,236,92,43,38.07,0.9188,0.6001,0.256645,6,45,16,148.10,0.9588,0.1589,0.019528,4.410
974939,520,439,959,235,50,8,32.64,0.9918,0.5479,0.199640,32,0,54,306.44,1.0000,0.0926,0.005734,4.479
974948,520,0,520,255,255,255,0.00,0.0000,1.0000,1.000000,14,138,53,147.39,0.9906,0.4825,0.185266,4.463
974961,520,386,906,185,89,234,312.37,0.8514,0.5852,0.234005,49,20,56,319.50,0.6096,0.1489,0.014389,4.411
974969,520,475,995,144,78,235,298.43,0.8653,0.5170,0.173764,3,0,21,283.98,1.0000,0.0286,0.000735,4.410
974994,520,392,912,240,65,120,6.82,0.8783,0.5889,0.236650,34,37,14,115.34,0.5416,0.1515,0.016949,4.282
975000,520,419,939,244,20,82,15.86,0.9828,0.5576,0.203460,9,30,18,156.41,0.6623,0.1112,0.010303,4.203
975006,520,472,992,182,29,233,314.77,0.9635,0.5219,0.167082,7,3,6,334.39,0.3314,0.0342,0.001234,4.237
975019,520,477,997,183,28,215,319.41,0.9485,0.5083,0.158054,2,2,2,0.00,0.0000,0.0229,0.000607,4.111
975020,520,366,886,243,85,102,17.90,0.8878,0.6124,0.265141,11,42,65,244.53,0.6991,0.1722,0.021086,4.433
975022,520,425,945,247,16,73,18.50,0.9892,0.5609,0.206293,20,28,5,125.47,0.7400,0.1097,0.009902,4.279
975024,520,386,906,248,64,10,34.30,0.9920,0.5868,0.236487,0,44,9,146.65,1.0000,0.1519,0.018210,4.200
975037,520,384,904,252,47,88,16.96,0.9794,0.5891,0.234367,28,21,89,279.12,0.8455,0.1548,0.015044,4.372
975040,520,167,687,254,172,226,340.27,0.9859,0.8132,0.560689,27,96,2,139.87,0.9975,0.3406,0.086028,4.489
975065,520,368,888,249,70,98,16.72,0.9478,0.6052,0.254053,48,33,48,326.47,0.2957,0.1693,0.019295,4.388
975080,520,444,964,214,68,114,5.40,0.7757,0.5419,0.196476,7,17,32,257.72,0.5182,0.0794,0.005503,4.441
975084,520,362,882,204,82,241,317.37,0.9151,0.6079,0.252242,63,2,88,312.21,0.9598,0.1784,0.018049,4.442
975106,520,432,952,219,67,114,6.11,0.7961,0.5499,0.202917,32,13,36,320.45,0.5467,0.0987,0.007223,4.420
975110,520,422,942,192,41,246,314.42,0.9587,0.5553,0.194474,19,19,60,277.84,0.7118,0.1140,0.009304,4.122
975112,520,470,990,194,53,181,332.09,0.8244,0.5210,0.173534,5,5,2,108.21,0.3529,0.0360,0.001452,4.345
975144,520,305,825,238,125,112,27.93,0.7901,0.6677,0.340168,54,57,22,113.38,0.6020,0.2336,0.037685,4.450
975149,520,366,886,237,48,218,332.93,0.9547,0.6142,0.251831,20,20,108,271.45,0.9476,0.1699,0.017316,4.484
975153,520,344,864,254,10,211,338.40,0.9960,0.6256,0.259944,43,46,17,114.21,0.5875,0.1882,0.025081,4.128
975155,520,382,902,210,63,246,318.75,0.9552,0.6003,0.239121,32,40,8,122.01,0.7552,0.1576,0.018422,4.226
975156,520,420,940,191,54,241,314.78,0.9326,0.5594,0.200668,31,6,65,295.67,0.8746,0.1108,0.008032,4.319
975159,520,457,977,152,101,179,313.11,0.5386,0.5260,0.192379,3,16,7,154.57,0.7462,0.0633,0.004053,4.484
975175,520,384,904,237,38,191,340.26,0.9519,0.5927,0.231552,34,23,80,286.01,0.7399,0.1548,0.015320,4.310
975185,520,448,968,177,52,245,309.76,0.9472,0.5401,0.183966,1,21,5,149.27,0.9758,0.0755,0.005537,4.213
975192,520,466,986,136,96,208,297.45,0.6903,0.5163,0.181542,12,5,18,309.12,0.5034,0.0493,0.002304,4.427
975196,520,426,946,169,73,255,303.78,1.0000,0.5591,0.204207,20,23,34,272.51,0.2568,0.1053,0.008770,4.325
975207,520,364,884,194,107,204,323.33,0.6798,0.6066,0.263455,8,43,53,220.91,0.7429,0.1667,0.020363,4.455
975214,520,429,949,214,59,160,345.31,0.8182,0.5506,0.199644,18,5,67,280.83,0.9391,0.0975,0.006424,4.424
975217,520,387,907,177,101,233,308.44,0.8102,0.5922,0.245383,33,34,43,280.13,0.1605,0.1515,0.016418,4.447
975219,520,400,920,225,62,172,344.03,0.8502,0.5790,0.224338,64,5,22,10.39,0.8566,0.1405,0.012566,4.385
975225,520,397,917,248,41,93,14.42,0.9551,0.5781,0.223362,65,1,33,357.17,0.9412,0.1421,0.012555,4.370
975230,520,410,930,252,15,89,14.43,0.9900,0.5743,0.217621,31,33,1,113.06,0.9473,0.1345,0.013812,4.194
975242,520,456,976,215,47,132,355.36,0.8487,0.5293,0.181484,11,10,21,287.44,0.3426,0.0606,0.003424,4.333
975248,520,73,593,244,220,254,316.04,0.9657,0.9118,0.775758,39,117,58,148.33,0.9140,0.4209,0.134589,4.473
975261,520,469,989,216,46,89,12.48,0.8789,0.5163,0.172767,13,2,14,325.11,0.6681,0.0412,0.001607,4.317
975277,520,469,989,177,47,222,315.27,0.9063,0.5168,0.166551,2,4,17,268.65,0.6672,0.0365,0.001402,4.213
975284,520,322,842,211,132,133,19.04,0.5093,0.6467,0.320465,23,59,9,138.57,0.9595,0.2132,0.033297,4.448
975291,520,366,886,217,116,12,56.31,0.9652,0.6063,0.272712,28,46,3,129.89,0.9527,0.1724,0.022074,4.478
975314,520,380,900,242,68,125,5.67,0.8848,0.5972,0.244953,40,33,47,307.29,0.2460,0.1587,0.017441,4.374
975316,520,423,943,177,99,193,320.61,0.6411,0.5634,0.221220,1,32,8,148.44,0.9890,0.1111,0.010570,4.478
975321,520,298,818,252,77,226,334.59,0.9842,0.6681,0.314972,17,48,112,262.47,0.8561,0.2298,0.034027,4.343
975332,520,409,929,245,41,102,11.14,0.9458,0.5743,0.219611,39,18,57,306.34,0.6413,0.1316,0.011594,4.377
975339,520,433,953,242,30,19,29.40,0.9843,0.5497,0.198562,2,11,69,265.40,0.9647,0.0979,0.006819,4.375
975342,520,464,984,200,16,201,328.04,0.9718,0.5224,0.168688,10,2,38,286.27,0.9089,0.0549,0.002479,4.167
975355,520,479,999,166,63,211,313.50,0.8281,0.5074,0.163660,1,0,1,328.36,1.0000,0.0103,0.000086,4.266
975361,520,384,904,254,23,137,0.01,0.9917,0.5945,0.234934,17,42,12,140.41,0.8775,0.1530,0.018016,4.189
975367,520,349,869,255,9,224,335.40,1.0000,0.6349,0.268405,20,48,65,237.72,0.5531,0.1941,0.026442,4.165
975382,520,422,942,239,37,101,10.33,0.9442,0.5595,0.206167,33,17,47,306.74,0.5704,0.1144,0.009295,4.320
975411,520,419,939,234,37,125,1.11,0.9278,0.5568,0.202992,17,17,66,275.85,0.8146,0.1143,0.009134,4.278
975423,520,361,881,242,65,185,344.00,0.9072,0.6183,0.261635,44,43,4,108.05,0.8726,0.1788,0.022720,4.285
975429,520,363,883,215,62,245,320.40,0.9539,0.6065,0.244867,47,29,67,303.99,0.5426,0.1708,0.018883,4.281
975435,520,334,854,191,113,244,309.68,0.8713,0.6370,0.294191,50,44,49,331.36,0.1013,0.2000,0.027012,4.469
975436,520,379,899,234,64,174,345.67,0.8723,0.5979,0.242179,26,32,72,273.75,0.6068,0.1593,0.017205,4.348
975442,520,456,976,212,68,90,15.72,0.7911,0.5313,0.188718,0,7,46,263.09,1.0004,0.0644,0.003492,4.463
975453,520,316,836,246,101,157,358.91,0.8651,0.6552,0.313374,3,50,104,255.92,0.9493,0.2233,0.032998,4.378
975454,520,427,947,222,38,188,337.51,0.9284,0.5636,0.205491,15,21,41,269.81,0.4680,0.1004,0.007980,4.407
975456,520,398,918,197,63,251,313.92,0.9755,0.5844,0.223916,20,13,93,274.41,0.9475,0.1412,0.012268,4.399
975465,520,299,819,235,105,212,334.81,0.8646,0.6672,0.325211,60,50,47,37.34,0.1239,0.2273,0.034472,4.442
975467,520,443,963,210,70,109,7.36,0.7572,0.5354,0.191883,21,3,49,294.70,0.8911,0.0782,0.004463,4.441
975485,520,415,935,187,83,215,318.55,0.7939,0.5666,0.216588,29,2,83,286.05,0.9784,0.1238,0.009291,4.496
975488,520,470,990,193,9,213,323.02,0.9869,0.5171,0.163385,2,6,18,260.92,0.6237,0.0422,0.001868,4.114
975500,520,457,977,195,70,159,340.89,0.7329,0.5291,0.184873,3,5,39,269.92,0.9208,0.0562,0.002744,4.453
975502,520,445,965,207,8,213,326.80,0.9904,0.5413,0.182451,13,19,2,124.12,0.8083,0.0776,0.005557,4.184
975516,520,387,907,185,124,100,42.27,0.4389,0.5857,0.256509,7,42,35,176.80,0.8052,0.1546,0.018224,4.493
975525,520,415,935,230,27,180,341.68,0.9592,0.5685,0.209048,29,28,12,105.34,0.4417,0.1200,0.011183,4.234
975540,520,400,920,216,84,158,348.76,0.7343,0.5823,0.234103,31,22,75,285.09,0.7293,0.1450,0.013731,4.458
975557,520,342,862,248,49,218,335.52,0.9658,0.6341,0.272181,19,34,105,268.10,0.8835,0.1912,0.023023,4.412
975560,520,347,867,236,51,245,326.02,0.9693,0.6319,0.267956,40,36,86,283.24,0.6084,0.1929,0.023847,4.306
975563,520,472,992,228,4,92,10.08,0.9942,0.5222,0.173565,0,5,13,244.12,1.0000,0.0350,0.001376,4.352
975566,520,432,952,239,24,71,18.79,0.9775,0.5464,0.194622,16,19,44,275.77,0.5379,0.0985,0.007577,4.249
975570,520,335,855,251,37,232,332.65,0.9838,0.6411,0.276616,59,26,86,306.30,0.7021,0.1968,0.023405,4.449
975587,520,380,900,218,73,208,330.77,0.8608,0.5979,0.242266,75,3,2,29.00,0.9785,0.1593,0.015656,4.451
975589,520,445,965,240,20,50,23.86,0.9866,0.5439,0.192592,37,0,30,336.81,1.0000,0.0821,0.004871,4.421
975596,520,475,995,227,18,56,21.59,0.9827,0.5163,0.170520,6,4,2,74.90,0.3060,0.0343,0.001299,4.299
975610,520,454,974,170,73,216,312.89,0.8120,0.5294,0.182698,9,18,12,154.89,0.3474,0.0745,0.005172,4.218
975611,520,333,853,245,32,251,326.94,0.9890,0.6410,0.274133,20,53,32,153.54,0.7174,0.1956,0.027991,4.156
975614,520,425,945,183,62,247,310.64,0.9512,0.5597,0.202289,49,8,19,8.63,0.7291,0.1123,0.008738,4.295
975615,520,373,893,238,75,117,9.31,0.8533,0.5950,0.244966,63,13,50,340.06,0.7231,0.1594,0.015751,4.486
975623,520,361,881,252,43,185,345.46,0.9780,0.6201,0.259293,13,51,13,143.22,0.9480,0.1817,0.024822,4.134
975645,520,455,975,215,24,161,343.95,0.9389,0.5287,0.176759,24,4,1,37.96,0.8339,0.0561,0.002832,4.292
975656,520,403,923,252,34,100,12.11,0.9789,0.5840,0.227633,48,22,22,20.72,0.4463,0.1345,0.012602,4.435
975669,520,320,840,248,110,22,45.87,0.9760,0.6472,0.311694,45,52,40,132.35,0.2081,0.2137,0.031671,4.429
975680,520,444,964,240,1,68,18.73,0.9992,0.5418,0.189677,0,21,27,217.31,1.0000,0.0824,0.006154,4.268
975710,520,378,898,223,66,206,332.74,0.8845,0.5977,0.240429,57,23,51,334.44,0.5563,0.1638,0.017218,4.321
975715,520,385,905,224,18,236,325.47,0.9898,0.5898,0.223383,31,36,27,131.34,0.2019,0.1487,0.016322,4.122
975719,520,438,958,196,57,216,322.31,0.8828,0.5512,0.196214,33,12,9,29.55,0.5201,0.0873,0.006060,4.392
975720,520,378,898,252,30,156,353.87,0.9760,0.6005,0.240278,13,45,12,142.86,0.9289,0.1610,0.019888,4.153
975721,520,406,926,211,16,254,318.26,0.9959,0.5812,0.213770,16,33,37,214.42,0.3801,0.1316,0.013314,4.166
975726,520,383,903,253,0,162,351.66,1.0000,0.5972,0.234948,0,35,70,252.10,1.0000,0.1517,0.016442,4.289
975741,520,397,917,235,7,196,338.14,0.9939,0.5812,0.218025,50,21,29,3.78,0.4734,0.1381,0.013032,4.252
975781,520,362,882,233,74,182,343.23,0.8528,0.6101,0.256012,61,0,99,305.42,1.0000,0.1846,0.018930,4.439
975793,520,445,965,204,38,199,329.58,0.9164,0.5382,0.183490,29,10,25,335.62,0.5056,0.0833,0.005485,4.208
975794,520,454,974,217,60,56,26.62,0.8900,0.5251,0.182715,20,9,18,333.46,0.3683,0.0665,0.003878,4.319
975803,520,452,972,210,59,128,357.06,0.7937,0.5294,0.183903,21,10,16,345.98,0.3205,0.0688,0.004139,4.320
975808,520,438,958,194,47,231,318.24,0.9312,0.5507,0.192733,31,15,15,19.89,0.3573,0.0917,0.006675,4.283
975822,520,383,903,229,18,232,327.61,0.9899,0.5957,0.229192,6,32,71,258.62,0.8439,0.1470,0.015266,4.278
975824,520,475,995,181,42,218,317.69,0.9149,0.5161,0.165428,4,2,4,326.51,0.3041,0.0267,0.000780,4.242
975826,520,362,882,237,37,223,331.64,0.9721,0.6110,0.246581,2,51,19,149.75,0.9892,0.1788,0.024275,3.993
975844,520,167,687,242,176,244,325.58,0.8988,0.8141,0.564610,9,97,43,149.84,0.9856,0.3440,0.087815,4.460
975847,520,438,958,222,35,165,344.61,0.9184,0.5495,0.194508,6,4,69,269.80,0.9819,0.0898,0.005552,4.401
975853,520,404,924,156,106,240,297.88,0.8288,0.5804,0.236674,30,33,9,115.45,0.6263,0.1347,0.013835,4.491
975862,520,359,879,246,87,98,20.11,0.9137,0.6195,0.272943,47,43,19,100.02,0.5034,0.1844,0.023791,4.376
975876,520,463,983,226,5,131,356.21,0.9902,0.5311,0.179188,7,10,5,131.47,0.2943,0.0513,0.002732,4.346
975879,520,467,987,162,82,201,313.11,0.7265,0.5202,0.179337,11,3,20,306.02,0.6679,0.0447,0.001868,4.422
975906,520,302,822,255,70,230,334.18,1.0000,0.6689,0.313566,91,29,23,28.65,0.7512,0.2274,0.031651,4.453
975907,520,375,895,203,82,227,320.64,0.8573,0.5969,0.242786,41,17,89,291.23,0.8296,0.1623,0.015936,4.440
975908,520,333,853,246,22,251,327.21,0.9938,0.6393,0.271345,33,6,136,275.31,0.9892,0.2025,0.022310,4.444
975920,520,431,951,172,82,222,311.31,0.8065,0.5489,0.200800,20,0,77,280.41,1.0000,0.1045,0.006845,4.412
975937,520,418,938,241,47,14,31.64,0.9878,0.5580,0.207688,32,7,67,295.33,0.8657,0.1155,0.008643,4.394
975963,520,423,943,197,87,165,340.14,0.6714,0.5588,0.214049,43,15,17,17.45,0.5387,0.1112,0.008958,4.479
975986,520,301,821,248,74,252,327.03,0.9897,0.6742,0.318850,69,47,34,51.50,0.3533,0.2279,0.034139,4.384
975987,520,396,916,215,85,153,350.82,0.7219,0.5799,0.232461,29,28,52,284.35,0.4135,0.1372,0.013396,4.455
975988,520,410,930,175,101,195,318.81,0.6354,0.5653,0.223623,54,12,34,351.69,0.6783,0.1328,0.011628,4.440
976005,520,271,791,246,139,48,55.82,0.9236,0.6964,0.382742,40,67,60,175.99,0.3594,0.2621,0.047915,4.420
976017,520,467,987,164,49,249,305.02,0.9669,0.5224,0.169293,10,5,1,74.11,0.6363,0.0407,0.001753,4.237
976027,520,400,920,238,52,149,354.46,0.8990,0.5839,0.228060,9,19,89,267.78,0.9458,0.1389,0.012450,4.453
976034,520,326,846,225,93,237,324.29,0.9121,0.6500,0.299526,23,46,96,263.40,0.7196,0.2129,0.029805,4.380
976047,520,443,963,237,17,56,22.18,0.9874,0.5373,0.186942,5,16,39,261.89,0.6992,0.0803,0.005493,4.270
976048,520,327,847,243,105,139,7.32,0.8267,0.6501,0.310248,35,56,17,132.86,0.7880,0.2120,0.032261,4.379
976049,520,309,829,243,74,234,330.24,0.9507,0.6551,0.298954,100,10,10,27.53,0.9539,0.2238,0.029488,4.390
976051,520,326,846,239,105,147,2.89,0.7930,0.6461,0.305632,45,54,12,120.59,0.7798,0.2138,0.032228,4.325
976056,520,477,997,190,24,201,325.19,0.9473,0.5077,0.158190,1,0,12,278.75,1.0000,0.0192,0.000330,4.137
976069,520,432,952,193,26,242,315.95,0.9769,0.5456,0.184884,44,8,1,37.33,0.9338,0.0983,0.007114,4.113
976073,520,416,936,205,70,208,326.96,0.8428,0.5736,0.219152,56,1,36,347.60,0.9146,0.1242,0.009900,4.493
976078,520,480,1000,210,45,119,359.25,0.8445,0.5130,0.169126,0,0,0,0.00,0.0000,0.0000,0.000000,4.383
976087,520,391,911,238,7,205,336.42,0.9951,0.5920,0.227397,19,16,100,272.36,0.9511,0.1533,0.014290,4.315
976098,520,464,984,142,97,197,302.73,0.6342,0.5174,0.183316,15,0,29,306.28,1.0000,0.0479,0.001903,4.495
976102,520,319,839,251,78,198,342.57,0.9668,0.6528,0.300383,51,41,88,290.81,0.5389,0.2172,0.029942,4.383
976116,520,478,998,119,91,240,286.35,0.8786,0.5149,0.176951,3,1,4,316.91,0.5138,0.0217,0.000498,4.494
976141,520,371,891,251,50,154,355.24,0.9634,0.6090,0.251269,62,25,39,358.01,0.5192,0.1702,0.018660,4.388
976143,520,356,876,226,50,249,322.64,0.9763,0.6176,0.252916,32,20,111,277.75,0.9184,0.1824,0.019550,4.355
976156,520,441,961,192,61,201,325.17,0.8336,0.5384,0.187625,40,3,19,357.79,0.7902,0.0875,0.005633,4.271
976177,520,472,992,167,78,196,317.02,0.7322,0.5178,0.176506,6,0,22,294.92,1.0000,0.0330,0.000966,4.444
976184,520,434,954,195,52,229,318.86,0.9183,0.5547,0.197166,24,20,28,307.52,0.1996,0.0989,0.007783,4.277
976185,520,397,917,254,5,119,5.24,0.9963,0.5842,0.225150,17,39,19,145.97,0.6779,0.1446,0.016172,4.158
976192,520,469,989,181,55,213,318.50,0.8676,0.5233,0.173614,7,7,4,107.64,0.2152,0.0439,0.002059,4.295
976198,520,401,921,250,47,34,29.33,0.9808,0.5776,0.224761,21,31,58,267.10,0.5100,0.1420,0.014448,4.263
976204,520,401,921,213,37,236,322.51,0.9657,0.5789,0.215273,30,18,75,285.85,0.7822,0.1369,0.012166,4.267
976225,520,396,916,229,82,66,29.39,0.8635,0.5762,0.230887,33,29,41,299.92,0.2269,0.1374,0.013622,4.415
976227,520,353,873,244,29,228,332.03,0.9851,0.6229,0.257162,19,51,3,137.38,0.9817,0.1832,0.025126,4.089
976231,520,386,906,192,83,234,315.20,0.8702,0.5869,0.233346,50,9,72,310.14,0.8284,0.1485,0.013414,4.468
976288,520,471,991,229,13,79,14.80,0.9846,0.5232,0.175134,4,4,10,283.18,0.3515,0.0353,0.001346,4.385
976295,520,461,981,215,56,106,6.97,0.8258,0.5282,0.183184,3,7,27,267.46,0.7297,0.0510,0.002504,4.441
976309,520,410,930,236,52,113,7.14,0.8963,0.5674,0.214841,49,20,11,37.94,0.6110,0.1296,0.011775,4.287
976324,520,449,969,221,50,114,3.99,0.8590,0.5368,0.188709,28,10,0,58.18,1.0000,0.0738,0.004640,4.369
976338,520,393,913,250,31,126,3.22,0.9657,0.5859,0.228139,27,15,83,281.52,0.8726,0.1378,0.011992,4.487
976356,520,399,919,254,19,66,20.95,0.9950,0.5753,0.219337,11,8,100,269.08,0.9843,0.1392,0.011648,4.369
976363,520,479,999,206,39,138,350.35,0.8571,0.5085,0.164100,0,0,8,264.05,1.0000,0.0143,0.000175,4.267
976368,520,410,930,243,35,112,7.02,0.9512,0.5695,0.214299,36,13,70,296.23,0.7965,0.1312,0.011051,4.329
976379,520,411,931,225,3,212,331.57,0.9974,0.5719,0.208286,12,15,79,270.87,0.9322,0.1218,0.009843,4.316
976385,520,414,934,220,53,181,339.42,0.8749,0.5667,0.211004,43,13,46,323.95,0.6550,0.1216,0.009988,4.351
976392,520,419,939,246,30,29,28.30,0.9831,0.5588,0.206136,18,6,76,277.75,0.9539,0.1097,0.007806,4.431
976394,520,452,972,157,80,227,304.71,0.8254,0.5297,0.184519,10,6,44,279.79,0.8461,0.0684,0.003766,4.362
976404,520,404,924,251,28,88,15.26,0.9767,0.5764,0.220480,60,7,12,21.21,0.8621,0.1318,0.011393,4.406
976419,520,405,925,193,100,173,335.88,0.6129,0.5772,0.234703,16,35,15,142.94,0.6808,0.1302,0.013467,4.486
976422,520,442,962,215,73,67,26.39,0.8311,0.5385,0.196198,20,16,13,59.01,0.1393,0.0794,0.005484,4.437
976425,520,366,886,245,77,126,7.15,0.8944,0.6127,0.262298,3,45,56,220.13,0.8962,0.1728,0.021815,4.349
976437,520,452,972,137,82,248,293.12,0.9374,0.5261,0.181303,2,12,38,261.59,0.8600,0.0686,0.004158,4.271
976471,520,220,740,246,158,146,28.18,0.8075,0.7494,0.461242,39,79,64,167.22,0.5293,0.3005,0.063933,4.487
976472,520,387,907,246,7,182,344.47,0.9947,0.5943,0.231254,52,11,62,318.95,0.7680,0.1454,0.013173,4.452
976483,520,37,557,219,251,215,142.06,0.7885,0.9483,0.889599,58,126,39,139.55,0.9314,0.4550,0.159672,4.481
976486,520,438,958,211,8,212,328.09,0.9909,0.5477,0.187780,10,3,67,273.78,0.9790,0.0883,0.005349,4.296
976495,520,452,972,218,56,101,9.52,0.8391,0.5325,0.186759,11,10,42,278.76,0.7297,0.0746,0.004554,4.340
976496,520,454,974,232,28,75,17.26,0.9645,0.5343,0.184974,8,12,40,272.52,0.7039,0.0746,0.004678,4.297
976510,520,378,898,241,17,207,336.61,0.9889,0.6008,0.236096,66,16,15,25.34,0.7732,0.1560,0.015635,4.359
976532,520,453,973,216,26,167,342.30,0.9373,0.5346,0.181301,17,2,51,288.38,0.9401,0.0741,0.004016,4.282
976537,520,477,997,210,64,47,30.18,0.8839,0.5148,0.175760,4,0,10,306.92,1.0000,0.0227,0.000477,4.473
976542,520,464,984,191,79,122,358.81,0.6475,0.5185,0.180751,4,0,47,272.39,1.0000,0.0545,0.002310,4.411
976548,520,424,944,232,33,157,349.49,0.9381,0.5636,0.206807,7,13,72,268.73,0.9438,0.1076,0.008008,4.427
976551,520,415,935,239,60,32,31.71,0.9608,0.5661,0.216899,11,28,45,250.13,0.5457,0.1187,0.010911,4.382
976567,520,433,953,230,67,3,36.43,0.9958,0.5544,0.208468,0,26,38,230.57,1.0000,0.1028,0.008787,4.397
976570,520,372,892,234,65,204,336.20,0.9064,0.6142,0.256352,17,46,14,141.83,0.8952,0.1667,0.021048,4.312
976576,520,463,983,216,62,63,24.87,0.8710,0.5264,0.184055,0,3,38,263.91,1.0030,0.0481,0.002050,4.497
976582,520,368,888,215,105,141,1.05,0.6343,0.6057,0.264753,41,41,27,107.89,0.2746,0.1736,0.021364,4.411
976587,520,408,928,246,13,109,7.40,0.9880,0.5664,0.209883,47,23,19,30.37,0.4415,0.1341,0.012642,4.149
976595,520,459,979,235,16,51,23.18,0.9885,0.5320,0.182750,9,2,49,278.73,0.9613,0.0650,0.003232,4.372
976607,520,453,973,205,46,176,336.86,0.8598,0.5314,0.180697,19,10,29,304.30,0.5052,0.0727,0.004442,4.237
976613,520,398,918,189,85,229,315.32,0.8420,0.5818,0.229741,7,36,40,207.89,0.6958,0.1376,0.014601,4.330
976618,520,462,982,231,20,77,16.00,0.9762,0.5292,0.180281,13,8,6,47.07,0.2053,0.0525,0.002724,4.368
976623,520,387,907,234,79,123,7.02,0.8186,0.5943,0.245173,48,30,8,68.82,0.6680,0.1495,0.015745,4.490
976625,520,244,764,233,132,251,321.39,0.9696,0.7266,0.407929,45,75,34,137.89,0.6964,0.2835,0.057054,4.278
976630,520,456,976,203,53,167,339.51,0.8207,0.5288,0.180347,23,0,29,319.78,1.0000,0.0584,0.002709,4.370
976635,520,430,950,230,65,19,34.73,0.9739,0.5527,0.206535,15,12,64,276.52,0.8725,0.1021,0.007346,4.473
976649,520,372,892,230,46,231,327.93,0.9611,0.6092,0.245489,40,0,113,284.85,1.0000,0.1727,0.016433,4.448
976653,520,424,944,183,65,238,312.47,0.9075,0.5556,0.200219,49,5,23,0.36,0.7789,0.1095,0.008235,4.297
976660,520,392,912,228,9,227,328.58,0.9947,0.5885,0.222378,35,35,17,108.44,0.4227,0.1473,0.015999,4.127
976678,520,480,1000,223,34,33,27.84,0.9669,0.5127,0.169447,0,0,0,0.00,0.0000,0.0000,0.000000,4.389
976689,520,410,930,176,108,179,325.47,0.5411,0.5705,0.232108,17,34,12,138.92,0.7069,0.1271,0.012897,4.485
976693,520,456,976,223,10,134,354.65,0.9791,0.5274,0.176290,13,6,33,291.18,0.6998,0.0617,0.003256,4.249
976705,520,435,955,224,30,163,345.61,0.9354,0.5496,0.194228,5,7,62,269.22,0.9605,0.0854,0.005320,4.415
976706,520,356,876,232,80,201,336.91,0.8652,0.6247,0.271126,7,48,58,218.18,0.8038,0.1848,0.024644,4.302
976708,520,466,986,209,30,168,340.26,0.9143,0.5238,0.173132,12,6,15,314.86,0.3770,0.0502,0.002429,4.256
976712,520,351,871,240,15,253,325.45,0.9959,0.6286,0.259614,45,44,36,101.35,0.1386,0.1893,0.024866,4.136
976728,520,197,717,232,167,229,328.09,0.7653,0.7782,0.504517,0,92,26,146.17,1.0000,0.3228,0.077285,4.356
976739,520,392,912,232,50,192,338.98,0.9203,0.5918,0.232454,24,36,52,255.84,0.3596,0.1539,0.017038,4.213
976761,520,412,932,240,27,134,358.59,0.9605,0.5670,0.210335,17,3,89,274.35,0.9877,0.1219,0.009055,4.408
976763,520,477,997,213,37,120,358.80,0.8815,0.5134,0.168277,2,0,11,290.67,1.0000,0.0202,0.000371,4.333
976770,520,475,995,195,2,213,323.62,0.9971,0.5190,0.164512,10,1,6,342.32,0.6865,0.0317,0.000994,4.207
976776,520,407,927,207,8,247,318.80,0.9956,0.5673,0.201562,47,0,73,308.37,1.0000,0.1348,0.010854,4.134
976799,520,392,912,219,7,250,321.18,0.9970,0.5894,0.221162,65,13,0,37.20,1.0000,0.1476,0.014119,4.229
976803,520,457,977,226,45,27,30.22,0.9637,0.5262,0.181275,1,14,3,148.53,0.9577,0.0552,0.003271,4.341
976826,520,372,892,252,12,181,346.05,0.9925,0.6063,0.242980,14,47,10,141.55,0.9434,0.1680,0.021482,4.099
976831,520,382,902,199,78,247,314.63,0.9460,0.6001,0.243076,14,40,61,245.69,0.6190,0.1649,0.019478,4.218
976833,520,400,920,243,31,155,352.42,0.9585,0.5830,0.224044,64,2,19,12.16,0.9357,0.1362,0.011806,4.434
976843,520,337,857,252,47,217,336.67,0.9844,0.6393,0.277414,14,30,123,266.98,0.9497,0.2021,0.024518,4.394
976845,520,381,901,243,87,15,39.59,0.9836,0.6042,0.259088,3,45,27,159.88,0.9590,0.1603,0.019752,4.431
976854,520,459,979,188,20,230,317.37,0.9775,0.5253,0.169062,28,3,7,11.67,0.7379,0.0622,0.003274,4.112
976870,520,375,895,245,73,105,14.39,0.9114,0.6026,0.252007,11,44,19,148.59,0.8951,0.1581,0.019195,4.365
976874,520,457,977,212,74,1,40.18,0.9975,0.5284,0.188992,2,12,33,258.99,0.7997,0.0649,0.003856,4.438
976878,520,385,905,242,18,183,343.41,0.9837,0.5896,0.227318,53,17,60,320.80,0.6838,0.1533,0.014841,4.277
976888,520,407,927,252,19,36,26.73,0.9918,0.5676,0.212923,48,14,44,332.42,0.6414,0.1301,0.011244,4.293
976893,520,360,880,243,9,241,328.80,0.9972,0.6244,0.256037,66,8,73,323.07,0.8268,0.1757,0.018131,4.492
976897,520,456,976,209,17,184,335.22,0.9650,0.5279,0.174190,29,1,8,5.84,0.8582,0.0601,0.003005,4.230
976906,520,479,999,216,18,114,0.60,0.9547,0.5076,0.162490,1,0,3,302.89,1.0000,0.0124,0.000130,4.239
976914,520,329,849,220,91,250,319.56,0.9686,0.6484,0.296017,8,55,59,203.59,0.8265,0.2080,0.030996,4.272
976919,520,379,899,229,84,158,352.10,0.7839,0.6043,0.254698,37,33,59,289.79,0.3979,0.1624,0.017968,4.483
976944,520,416,936,228,23,186,339.40,0.9679,0.5665,0.206546,18,30,20,149.06,0.3703,0.1174,0.011076,4.200
976955,520,476,996,207,56,98,9.03,0.8087,0.5104,0.169778,3,0,4,321.50,1.0000,0.0174,0.000281,4.371
976967,520,333,853,248,29,239,330.33,0.9889,0.6370,0.270701,55,4,116,293.80,0.9716,0.1983,0.021600,4.479
976981,520,412,932,178,88,222,312.98,0.7945,0.5658,0.217192,11,29,45,247.39,0.5468,0.1215,0.011393,4.352
976999,520,469,989,230,13,50,23.00,0.9899,0.5203,0.173442,17,3,4,15.68,0.5891,0.0448,0.001931,4.303
977003,520,441,961,142,100,222,296.54,0.7442,0.5407,0.201391,24,17,12,57.14,0.2366,0.0860,0.006216,4.472
977012,520,472,992,231,21,38,25.98,0.9848,0.5237,0.176683,7,2,0,60.92,1.0000,0.0285,0.000886,4.455
977015,520,451,971,230,28,105,6.94,0.9492,0.5375,0.186764,33,0,24,340.49,1.0000,0.0716,0.003893,4.393
977017,520,380,900,180,103,227,310.88,0.7773,0.5953,0.249506,64,21,26,15.88,0.6194,0.1623,0.017011,4.470
977035,520,431,951,219,28,177,339.95,0.9419,0.5466,0.190673,52,1,0,30.12,1.0000,0.1042,0.007519,4.184
977037,520,200,720,229,166,214,335.28,0.6494,0.7664,0.487868,63,82,18,124.82,0.8552,0.3177,0.071349,4.432
977048,520,112,632,253,204,211,8.64,0.8568,0.8716,0.687730,44,109,43,143.17,0.9129,0.3944,0.116468,4.432
977051,520,459,979,141,80,250,294.46,0.9542,0.5295,0.183022,0,11,37,258.24,1.0000,0.0642,0.003729,4.337
977056,520,413,933,174,97,213,312.98,0.7243,0.5684,0.223529,13,32,18,150.91,0.6009,0.1196,0.011622,4.439
977076,520,455,975,158,74,240,302.96,0.8970,0.5333,0.184584,22,3,30,315.12,0.7676,0.0638,0.003295,4.402
977085,520,316,836,242,103,176,350.28,0.8438,0.6588,0.317150,56,48,48,17.78,0.0931,0.2174,0.031681,4.495
977086,520,245,765,254,114,247,329.48,0.9959,0.7265,0.398235,16,72,90,224.32,0.7876,0.2806,0.054828,4.276
977090,520,434,954,193,74,185,330.44,0.7568,0.5451,0.197393,0,18,63,261.35,1.0000,0.1030,0.007914,4.272
977101,520,448,968,196,81,150,346.15,0.6746,0.5414,0.198243,7,22,5,140.73,0.8339,0.0826,0.006299,4.409
977114,520,395,915,242,29,169,347.75,0.9644,0.5865,0.226237,48,1,74,308.45,0.9732,0.1386,0.011446,4.496
977115,520,467,987,199,49,166,338.60,0.8257,0.5175,0.170938,11,3,1,46.39,0.6267,0.0364,0.001385,4.300
977138,520,465,985,218,27,120,359.21,0.9278,0.5177,0.170479,21,3,7,4.92,0.6411,0.0514,0.002399,4.208
977144,520,343,863,251,77,136,4.27,0.9482,0.6267,0.275979,12,52,28,153.33,0.8891,0.1877,0.026179,4.279
977146,520,288,808,239,135,45,56.13,0.9089,0.6780,0.358707,5,66,45,163.56,0.9620,0.2381,0.041180,4.482
977155,520,402,922,200,94,178,335.95,0.6744,0.5805,0.235007,2,38,22,159.79,0.9636,0.1348,0.014570,4.414
977165,520,475,995,179,42,225,315.35,0.9252,0.5185,0.166770,5,1,14,300.29,0.7828,0.0296,0.000857,4.262
977177,520,365,885,246,11,213,336.16,0.9947,0.6122,0.246393,20,30,96,270.01,0.8651,0.1736,0.019217,4.282
977182,520,382,902,198,79,246,314.50,0.9389,0.5991,0.242528,47,32,21,57.18,0.3564,0.1555,0.016916,4.372
977193,520,403,923,221,53,204,332.73,0.9082,0.5816,0.222802,20,17,82,275.51,0.8906,0.1338,0.011588,4.430
977195,520,442,962,234,0,97,9.17,1.0000,0.5353,0.183586,2,24,3,144.19,0.9740,0.0849,0.006727,4.118
977199,520,392,912,218,19,254,319.99,0.9960,0.5935,0.225289,64,4,51,339.07,0.8345,0.1525,0.014160,4.291
977202,520,401,921,236,37,168,346.96,0.9396,0.5785,0.219861,36,26,56,297.47,0.4888,0.1429,0.013994,4.217
977203,520,443,963,240,29,13,29.83,0.9896,0.5448,0.194364,12,20,20,196.15,0.2136,0.0846,0.006290,4.341
977204,520,410,930,253,0,55,22.71,1.0000,0.5674,0.211623,13,35,34,191.54,0.4979,0.1345,0.014031,4.086
977216,520,380,900,248,24,185,344.22,0.9806,0.6039,0.241158,5,40,65,244.73,0.8109,0.1641,0.019314,4.201
977221,520,318,838,206,125,212,324.53,0.6765,0.6584,0.325438,15,57,64,210.65,0.7053,0.2191,0.033978,4.471
977226,520,430,950,182,50,255,309.27,1.0000,0.5543,0.194472,27,3,63,293.30,0.9305,0.0996,0.006570,4.322
977239,520,404,924,220,60,188,337.35,0.8642,0.5766,0.220805,36,11,70,296.84,0.8197,0.1286,0.010566,4.471
977244,520,352,872,252,21,199,341.17,0.9880,0.6178,0.253586,81,11,43,358.68,0.7966,0.1903,0.021634,4.238
977250,520,465,985,139,100,197,300.49,0.6201,0.5197,0.186347,20,4,8,2.77,0.5554,0.0526,0.002531,4.499
977260,520,425,945,205,94,98,19.91,0.6494,0.5584,0.218683,6,30,12,149.47,0.8767,0.1081,0.009938,4.483
977262,520,387,907,205,78,218,323.90,0.8458,0.5892,0.234915,29,12,94,280.76,0.9265,0.1487,0.013323,4.499
977307,520,440,960,227,35,144,352.87,0.9195,0.5493,0.195493,30,16,19,5.56,0.3037,0.0936,0.006936,4.312
977309,520,397,917,237,80,22,37.58,0.9700,0.5842,0.238028,38,32,20,84.25,0.3023,0.1432,0.014956,4.434
977310,520,473,993,218,23,139,352.13,0.9400,0.5236,0.173848,8,2,12,314.58,0.6180,0.0349,0.001216,4.371
977338,520,480,1000,180,37,212,319.06,0.9188,0.5062,0.157811,0,0,0,0.00,0.0000,0.0000,0.000000,4.156
977347,520,455,975,213,37,163,343.09,0.8930,0.5327,0.181159,15,8,20,310.40,0.4025,0.0598,0.003257,4.340
977356,520,458,978,192,49,212,322.39,0.8927,0.5348,0.181580,2,11,28,256.78,0.7405,0.0593,0.003361,4.340
977366,520,385,905,215,23,252,319.62,0.9884,0.5882,0.220900,43,27,56,308.34,0.4750,0.1538,0.015830,4.115
977368,520,400,920,234,59,138,358.22,0.8661,0.5780,0.224582,61,16,6,34.51,0.8374,0.1444,0.013760,4.306
977374,520,468,988,150,95,186,310.53,0.5997,0.5163,0.182141,13,1,23,309.23,0.8475,0.0438,0.001691,4.491
977388,520,334,854,249,25,244,329.42,0.9921,0.6406,0.273696,22,47,79,255.51,0.6033,0.2015,0.027680,4.167
977392,520,401,921,196,59,255,312.95,1.0000,0.5824,0.220849,32,29,46,291.90,0.3034,0.1391,0.013831,4.243
977394,520,479,999,172,16,246,309.24,0.9871,0.5126,0.157959,0,1,1,194.77,1.0000,0.0143,0.000239,4.139
977398,520,336,856,226,78,245,322.95,0.9538,0.6391,0.282121,2,58,20,148.53,0.9924,0.2035,0.030894,4.106
977402,520,445,965,219,60,111,6.20,0.8213,0.5414,0.194420,25,4,41,306.78,0.8043,0.0778,0.004536,4.482
977418,520,419,939,240,41,78,18.27,0.9492,0.5587,0.206645,28,11,60,293.24,0.7846,0.1090,0.008125,4.415
977451,520,452,972,189,92,100,16.52,0.5794,0.5291,0.193948,5,16,21,227.00,0.4534,0.0697,0.004570,4.470
977455,520,278,798,211,132,233,318.66,0.7932,0.6884,0.362358,38,64,56,172.73,0.3655,0.2499,0.043643,4.404
977459,520,388,908,210,79,213,326.86,0.8400,0.5950,0.240995,36,36,16,108.59,0.4681,0.1511,0.016742,4.360
977462,520,470,990,114,90,250,283.67,0.9559,0.5174,0.177915,13,4,6,2.24,0.3955,0.0432,0.001856,4.395
977463,520,479,999,228,11,12,28.81,0.9940,0.5124,0.167629,3,0,0,29.23,1.0000,0.0143,0.000194,4.336
977466,520,457,977,172,83,193,319.63,0.7072,0.5305,0.188084,7,12,26,267.08,0.4642,0.0643,0.003827,4.423
977473,520,396,916,242,13,165,348.67,0.9868,0.5795,0.218849,58,18,21,18.51,0.6337,0.1446,0.013864,4.210
977486,520,472,992,232,12,18,28.35,0.9937,0.5216,0.174656,5,0,20,294.03,1.0000,0.0303,0.000828,4.420
977493,520,434,954,235,52,35,29.95,0.9549,0.5510,0.202426,0,11,75,263.90,1.0029,0.1040,0.007473,4.392
977520,520,445,965,206,50,187,333.68,0.8642,0.5429,0.189928,22,17,8,82.03,0.3503,0.0827,0.005890,4.293
977521,520,403,923,214,71,189,335.59,0.8192,0.5782,0.224788,24,33,5,124.92,0.7990,0.1283,0.012928,4.367
977581,520,409,929,225,78,76,24.82,0.8341,0.5652,0.219808,52,18,1,46.98,0.9218,0.1295,0.011650,4.376
977582,520,467,987,185,44,208,321.46,0.8940,0.5164,0.166710,0,8,3,158.75,1.0000,0.0391,0.001802,4.183
977587,520,474,994,163,50,247,305.05,0.9569,0.5201,0.167837,5,0,26,287.00,1.0000,0.0350,0.001068,4.266
977590,520,377,897,220,66,220,327.97,0.9031,0.6013,0.242815,63,17,43,348.89,0.6587,0.1608,0.016322,4.415
977621,520,378,898,253,67,41,31.24,0.9900,0.6013,0.250607,32,38,44,248.36,0.1431,0.1621,0.018751,4.372
977623,520,459,979,208,74,85,19.16,0.7625,0.5304,0.189655,23,7,14,353.05,0.4634,0.0649,0.003658,4.466
977631,520,415,935,203,38,250,316.67,0.9773,0.5740,0.209864,34,4,72,295.54,0.9252,0.1195,0.008948,4.408
977636,520,437,957,207,67,176,337.92,0.7942,0.5548,0.204162,6,19,45,261.85,0.7159,0.0926,0.006939,4.464
977638,520,468,988,121,91,243,286.72,0.8966,0.5195,0.180179,14,1,9,340.71,0.7413,0.0377,0.001348,4.483
977645,520,439,959,212,37,193,333.46,0.9219,0.5480,0.191725,42,5,12,13.25,0.7720,0.0923,0.006274,4.296
977649,520,267,787,253,140,34,56.50,0.9800,0.7079,0.397573,9,75,3,141.81,0.9950,0.2632,0.050966,4.433
977656,520,433,953,218,3,195,334.35,0.9958,0.5481,0.189130,1,9,73,264.82,0.9771,0.0992,0.006828,4.208
977674,520,371,891,233,25,238,327.13,0.9872,0.6089,0.241944,80,1,30,7.76,0.9718,0.1746,0.018212,4.280
977698,520,472,992,208,50,126,356.44,0.8200,0.5161,0.171997,0,6,4,174.96,1.0000,0.0341,0.001390,4.320
977702,520,382,902,231,24,228,329.02,0.9846,0.5983,0.232461,46,34,31,34.41,0.1906,0.1620,0.018239,4.139
977706,520,464,984,216,56,72,20.49,0.8717,0.5217,0.178977,1,6,37,264.75,0.9326,0.0547,0.002703,4.345
977711,520,382,902,254,44,129,3.69,0.9906,0.6018,0.244608,56,28,8,53.36,0.7005,0.1577,0.016889,4.404
977714,520,459,979,199,29,204,326.88,0.9428,0.5279,0.173822,20,1,29,314.29,0.8725,0.0564,0.002592,4.256
977721,520,355,875,219,82,223,326.63,0.8752,0.6187,0.264243,4,52,20,149.50,0.9785,0.1831,0.025322,4.172
977725,520,229,749,245,132,251,325.39,0.9783,0.7426,0.428821,51,66,107,267.70,0.4516,0.2927,0.056616,4.491
977726,520,293,813,243,82,254,325.18,0.9960,0.6754,0.322475,103,11,52,0.93,0.8457,0.2412,0.033713,4.449
977727,520,436,956,224,36,156,348.11,0.9143,0.5494,0.195119,42,5,3,29.41,0.8816,0.0902,0.006074,4.371
977730,520,289,809,244,82,253,325.67,0.9922,0.6763,0.323620,75,42,77,324.97,0.4723,0.2434,0.036878,4.301
977737,520,248,768,242,140,184,353.40,0.7714,0.7218,0.410964,37,77,29,140.41,0.8662,0.2839,0.057896,4.272
977738,520,446,966,227,11,143,352.46,0.9800,0.5395,0.185562,33,3,29,333.62,0.7699,0.0797,0.004772,4.301
977741,520,442,962,200,77,155,344.69,0.7105,0.5447,0.199554,27,12,21,343.77,0.3881,0.0823,0.005501,4.496
977743,520,440,960,233,15,145,353.15,0.9770,0.5533,0.197126,8,18,42,264.75,0.6385,0.0892,0.006514,4.373
977748,520,389,909,203,111,108,22.79,0.5610,0.5877,0.251498,26,40,19,135.84,0.5357,0.1541,0.017842,4.444
977780,520,227,747,217,153,255,312.05,1.0000,0.7462,0.447551,53,77,28,131.10,0.7385,0.2949,0.061484,4.463
977781,520,472,992,226,29,53,23.11,0.9678,0.5185,0.173074,6,0,15,305.84,1.0000,0.0282,0.000732,4.397
977795,520,376,896,213,96,171,343.52,0.6935,0.6004,0.254541,35,41,12,119.52,0.6554,0.1641,0.019697,4.369
977806,520,409,929,195,68,235,316.76,0.8989,0.5743,0.217358,58,11,9,26.99,0.8278,0.1319,0.011588,4.341
977821,520,422,942,239,42,85,16.11,0.9419,0.5588,0.206658,36,3,60,305.48,0.9042,0.1086,0.007665,4.451
977824,520,464,984,191,71,159,339.66,0.7195,0.5237,0.180876,22,4,1,39.38,0.8070,0.0531,0.002596,4.390
977842,520,428,948,210,25,223,324.99,0.9730,0.5587,0.197265,13,23,29,235.36,0.3009,0.0972,0.007870,4.273
977853,520,210,730,232,157,228,328.54,0.8041,0.7584,0.468727,29,87,25,142.23,0.9498,0.3128,0.071475,4.270
977866,520,249,769,254,137,150,13.99,0.9638,0.7226,0.411670,80,64,17,89.57,0.7617,0.2843,0.054129,4.434
977870,520,187,707,244,182,120,65.40,0.7638,0.7909,0.540470,46,91,25,137.37,0.9214,0.3345,0.081330,4.496
977880,520,423,943,210,54,195,332.38,0.8721,0.5580,0.202821,5,29,34,213.46,0.6915,0.1122,0.010264,4.195
977891,520,357,877,253,69,117,10.34,0.9774,0.6165,0.264268,28,48,2,130.67,0.9733,0.1788,0.023651,4.267
977900,520,393,913,231,15,216,331.99,0.9895,0.5877,0.222910,35,30,39,309.97,0.1791,0.1413,0.014324,4.243
977906,520,409,929,252,19,39,26.27,0.9916,0.5679,0.213114,1,12,96,264.62,0.9833,0.1336,0.011138,4.304
977926,520,331,851,245,96,146,2.48,0.8610,0.6428,0.298565,47,46,55,290.51,0.1288,0.2047,0.028342,4.449
977929,520,173,693,230,177,241,320.51,0.8027,0.8013,0.546192,23,91,86,187.82,0.8013,0.3403,0.083358,4.471
977934,520,392,912,224,28,231,326.58,0.9791,0.5897,0.224496,5,10,108,266.14,0.9877,0.1499,0.013319,4.335
977950,520,385,905,227,57,189,338.80,0.8898,0.5868,0.229337,5,13,109,266.03,0.9840,0.1547,0.014241,4.348
977951,520,402,922,204,73,218,323.73,0.8569,0.5818,0.226660,42,23,39,332.63,0.3917,0.1340,0.012516,4.425
977952,520,397,917,250,34,97,12.81,0.9671,0.5792,0.223347,47,4,71,308.89,0.9021,0.1374,0.011462,4.447
977966,520,377,897,246,52,156,353.71,0.9265,0.6018,0.244523,8,37,71,254.85,0.7821,0.1612,0.018296,4.312
977973,520,278,798,248,121,154,5.39,0.8508,0.6877,0.359671,40,67,37,141.93,0.5820,0.2549,0.045989,4.268
977987,520,439,959,238,29,75,17.90,0.9684,0.5473,0.195671,12,21,34,257.53,0.4004,0.0939,0.007300,4.287
977992,520,376,896,227,64,195,337.09,0.8805,0.5963,0.239402,17,8,114,270.41,0.9866,0.1621,0.015076,4.447
977994,520,456,976,218,65,2,36.96,0.9962,0.5286,0.186930,9,1,45,281.17,0.9733,0.0588,0.002692,4.496
978000,520,303,823,230,107,221,330.31,0.8587,0.6673,0.325609,73,46,18,64.31,0.6388,0.2283,0.034143,4.464
978003,520,432,952,241,32,7,30.46,0.9943,0.5482,0.197525,24,21,23,337.87,0.0761,0.0992,0.007924,4.273
978026,520,413,933,190,70,242,313.46,0.9224,0.5743,0.217394,17,26,46,264.83,0.4545,0.1178,0.010552,4.416
978027,520,286,806,221,127,223,326.36,0.7784,0.6874,0.358802,9,68,8,142.61,0.9851,0.2391,0.042097,4.439
978033,520,456,976,196,71,159,341.27,0.7310,0.5321,0.187471,0,7,45,262.99,1.0003,0.0634,0.003414,4.446
978052,520,457,977,228,42,52,24.88,0.9485,0.5306,0.184008,1,9,34,261.25,0.9098,0.0586,0.003173,4.401
978055,520,471,991,215,40,130,355.60,0.8738,0.5232,0.175788,10,3,1,48.73,0.6024,0.0354,0.001319,4.400
978065,520,468,988,209,69,74,22.40,0.8064,0.5234,0.183082,5,8,4,136.74,0.3152,0.0444,0.002147,4.470
978072,520,414,934,222,11,216,329.82,0.9908,0.5707,0.207291,31,5,78,289.36,0.9330,0.1238,0.009499,4.324
978094,520,434,954,236,30,87,14.05,0.9599,0.5461,0.194527,22,12,60,285.44,0.7933,0.1040,0.007597,4.245
978103,520,299,819,205,134,194,332.41,0.5535,0.6652,0.339256,9,62,49,171.93,0.8963,0.2270,0.037249,4.461
978109,520,423,943,204,27,239,319.60,0.9770,0.5615,0.198549,17,30,1,129.42,0.9664,0.1126,0.010499,4.108
978113,520,311,831,251,59,242,330.23,0.9852,0.6605,0.300509,50,48,73,287.32,0.3137,0.2228,0.032730,4.237
978118,520,349,869,233,87,196,339.06,0.8479,0.6320,0.281280,30,48,53,217.03,0.2929,0.1939,0.026469,4.332
978135,520,453,973,223,9,150,349.21,0.9818,0.5342,0.180880,34,0,12,1.30,1.0000,0.0684,0.003667,4.302
978168,520,420,940,231,17,161,347.58,0.9739,0.5572,0.199659,33,7,55,304.36,0.8056,0.1052,0.007511,4.341
978223,520,478,998,199,37,172,336.36,0.8766,0.5117,0.164457,4,2,0,82.32,1.0000,0.0247,0.000692,4.231
978231,520,421,941,214,27,213,328.53,0.9655,0.5594,0.198862,45,3,41,332.41,0.8168,0.1082,0.007832,4.303
978233,520,449,969,183,65,211,319.26,0.8342,0.5354,0.185522,10,14,27,270.15,0.3908,0.0715,0.004577,4.315
978238,520,447,967,233,41,35,28.41,0.9632,0.5384,0.190340,21,15,24,314.27,0.2615,0.0823,0.005670,4.317
978248,520,364,884,245,1,215,335.42,0.9995,0.6098,0.243435,48,38,13,87.57,0.6026,0.1709,0.020437,4.166
978252,520,392,912,249,34,146,356.63,0.9597,0.5925,0.233625,53,24,41,345.30,0.4689,0.1539,0.015703,4.317
978255,520,473,993,213,21,160,343.73,0.9452,0.5231,0.172228,9,3,1,51.64,0.5771,0.0343,0.001254,4.336
978259,520,365,885,224,66,228,326.93,0.9218,0.6129,0.253473,37,36,65,283.95,0.4202,0.1738,0.020367,4.313
978262,520,1,521,255,255,255,0.00,0.0000,1.0000,1.000000,22,136,81,155.67,0.9653,0.4826,0.183722,4.493
978264,520,377,897,247,18,189,342.80,0.9870,0.6022,0.238841,23,32,70,270.64,0.6129,0.1553,0.016573,4.339
978299,520,477,997,213,52,27,31.68,0.9504,0.5058,0.166837,3,1,8,299.53,0.6793,0.0239,0.000586,4.287
978309,520,452,972,182,28,238,313.66,0.9690,0.5257,0.169498,0,18,14,178.50,1.0000,0.0685,0.004643,4.017
978336,520,389,909,249,53,98,14.20,0.9552,0.5897,0.235713,30,35,44,262.16,0.1830,0.1518,0.016599,4.290
978338,520,445,965,235,37,27,29.16,0.9716,0.5393,0.190676,5,16,33,257.33,0.6110,0.0762,0.005126,4.366
978350,520,451,971,224,11,163,345.27,0.9805,0.5430,0.187336,22,7,22,327.20,0.5218,0.0669,0.003805,4.411
978356,520,397,917,192,104,171,336.73,0.5838,0.5816,0.240487,19,39,2,133.35,0.9693,0.1429,0.015938,4.405
978388,520,46,566,237,238,230,112.37,0.2093,0.9373,0.848668,35,125,27,141.95,0.9754,0.4414,0.151031,4.470
978396,520,474,994,214,61,65,23.90,0.8647,0.5218,0.180177,12,2,1,34.10,0.6974,0.0348,0.001238,4.492
978414,520,457,977,176,60,222,314.31,0.8704,0.5275,0.177367,8,11,10,174.32,0.1094,0.0559,0.003129,4.280
978419,520,440,960,205,36,215,325.55,0.9426,0.5497,0.191490,11,18,37,267.20,0.5033,0.0876,0.006373,4.284
978442,520,305,825,230,131,107,34.57,0.7037,0.6655,0.341194,13,57,88,244.27,0.7680,0.2331,0.037162,4.488
978444,520,457,977,154,75,241,301.24,0.9004,0.5303,0.182534,13,2,43,287.70,0.9217,0.0622,0.003034,4.385
978478,520,426,946,231,11,178,342.33,0.9863,0.5643,0.204454,17,11,70,277.26,0.9004,0.1086,0.008007,4.387
978479,520,430,950,233,6,132,357.31,0.9907,0.5460,0.191228,24,21,19,56.00,0.0831,0.0978,0.007775,4.175
978493,520,420,940,229,7,185,339.81,0.9915,0.5636,0.203154,2,8,79,265.56,0.9818,0.1061,0.007510,4.402
978501,520,452,972,174,86,175,326.95,0.6441,0.5272,0.187504,20,4,39,300.70,0.8015,0.0699,0.003820,4.413
978513,520,433,953,190,19,251,313.29,0.9875,0.5459,0.183792,1,29,12,154.22,0.9793,0.1021,0.009117,3.955
978523,520,451,971,228,9,134,355.68,0.9838,0.5373,0.184134,20,1,46,296.72,0.9521,0.0706,0.003677,4.362
978531,520,338,858,253,5,240,331.23,0.9987,0.6406,0.272856,69,18,82,318.62,0.7651,0.1981,0.023072,4.418
978534,520,247,767,237,131,236,327.52,0.8934,0.7223,0.402952,38,77,19,137.20,0.9266,0.2831,0.057667,4.207
978535,520,273,793,238,118,239,327.08,0.9207,0.7049,0.373681,17,71,63,181.04,0.7998,0.2645,0.049843,4.243
978548,520,387,907,253,21,143,357.86,0.9840,0.5941,0.234057,19,7,107,272.26,0.9838,0.1525,0.013518,4.472
978558,520,443,963,228,57,9,34.05,0.9886,0.5401,0.194429,38,5,9,16.55,0.7564,0.0841,0.005404,4.412
978578,520,476,996,178,23,227,315.11,0.9687,0.5077,0.156249,4,0,6,318.71,1.0000,0.0204,0.000390,4.093
978586,520,452,972,171,101,127,356.65,0.4369,0.5269,0.194986,28,6,25,332.99,0.6273,0.0749,0.004473,4.497
978589,520,475,995,173,48,233,311.36,0.9214,0.5206,0.168822,2,3,3,196.47,0.1299,0.0269,0.000846,4.304
978597,520,394,914,250,17,144,356.89,0.9848,0.5873,0.227420,22,35,28,160.57,0.3005,0.1381,0.014564,4.297
978606,520,389,909,254,51,47,27.72,0.9954,0.5898,0.236475,53,16,59,321.84,0.6928,0.1512,0.014433,4.446
978609,520,367,887,255,21,165,351.46,1.0000,0.6069,0.245165,17,6,124,269.55,0.9924,0.1746,0.017045,4.402
978617,520,459,979,226,12,127,357.75,0.9773,0.5311,0.179668,8,11,21,270.30,0.3423,0.0603,0.003451,4.297
978623,520,326,846,248,94,166,354.51,0.9035,0.6524,0.307181,32,52,53,199.88,0.2972,0.2075,0.030200,4.454
978635,520,408,928,197,72,213,322.98,0.8360,0.5664,0.213106,54,10,24,5.37,0.7166,0.1263,0.010674,4.336
978639,520,282,802,251,113,182,351.36,0.9308,0.6900,0.356998,54,61,32,120.04,0.4605,0.2474,0.042260,4.411
978646,520,449,969,193,43,225,319.52,0.9306,0.5415,0.185029,17,13,9,67.17,0.1878,0.0682,0.004267,4.331
978652,520,355,875,250,64,151,357.12,0.9476,0.6172,0.262285,4,34,97,262.16,0.9528,0.1766,0.020328,4.440
978679,520,443,963,187,96,107,13.65,0.5420,0.5350,0.199935,13,17,34,272.46,0.4368,0.0848,0.006019,4.462
978691,520,391,911,203,77,220,322.74,0.8502,0.5862,0.231731,48,11,78,304.27,0.8331,0.1531,0.014178,4.390
978695,520,392,912,207,63,241,319.08,0.9336,0.5920,0.231729,6,28,83,263.61,0.9160,0.1488,0.014937,4.339
978712,520,314,834,218,127,160,357.39,0.5804,0.6557,0.326240,7,58,59,196.95,0.8663,0.2174,0.033869,4.486
978713,520,339,859,247,55,222,334.29,0.9625,0.6387,0.277834,27,51,59,221.41,0.4031,0.2039,0.029163,4.141
978730,520,341,861,232,77,212,333.48,0.8907,0.6274,0.272194,4,17,138,265.12,0.9879,0.2002,0.022615,4.437
978736,520,437,957,201,67,178,335.41,0.7847,0.5458,0.196479,8,11,60,271.20,0.9119,0.0915,0.006172,4.388
978747,520,326,846,245,47,255,325.94,1.0000,0.6511,0.286682,80,26,40,7.34,0.6339,0.2055,0.025977,4.431
978754,520,374,894,239,47,179,344.51,0.9290,0.5956,0.236414,40,28,65,296.38,0.5417,0.1585,0.016633,4.298
978761,520,231,751,254,142,170,4.80,0.9574,0.7375,0.433218,26,79,55,160.62,0.7862,0.2912,0.060872,4.358
978765,520,316,836,241,70,248,326.30,0.9749,0.6569,0.298609,73,39,46,7.17,0.3967,0.2193,0.030649,4.323
978799,520,391,911,248,50,107,10.74,0.9464,0.5877,0.233026,43,22,66,303.09,0.6431,0.1512,0.014808,4.367
978803,520,299,819,222,118,224,326.57,0.8119,0.6744,0.338700,12,66,21,145.66,0.9683,0.2344,0.040286,4.305
978813,520,465,985,164,73,217,310.44,0.8114,0.5217,0.176681,12,1,33,295.04,0.9219,0.0502,0.002097,4.351
978816,520,454,974,195,74,156,342.43,0.7117,0.5328,0.189016,18,7,31,302.61,0.6296,0.0673,0.003795,4.443
978819,520,433,953,235,48,50,26.39,0.9478,0.5492,0.200095,40,11,15,14.21,0.5941,0.0988,0.007250,4.368
978824,520,436,956,206,4,232,321.94,0.9968,0.5529,0.190366,31,15,0,67.79,1.0000,0.0881,0.006330,4.267
978842,520,456,976,206,23,200,329.90,0.9591,0.5348,0.179067,8,6,30,282.60,0.6899,0.0552,0.002756,4.342
978868,520,417,937,184,96,191,324.52,0.6617,0.5670,0.223188,5,33,12,149.00,0.9286,0.1172,0.011465,4.445
978870,520,385,905,236,74,130,3.61,0.8372,0.5942,0.243450,41,34,2,96.93,0.9055,0.1493,0.016199,4.433
978874,520,429,949,219,70,91,16.51,0.8083,0.5471,0.201982,2,28,4,144.83,0.9790,0.0978,0.008521,4.306
978882,520,32,552,234,246,243,179.47,0.3648,0.9573,0.898747,16,130,39,145.22,0.9899,0.4548,0.162212,4.471
978885,520,351,871,234,96,150,358.56,0.7794,0.6258,0.280628,18,39,92,264.64,0.7930,0.1891,0.023522,4.497
978895,520,473,993,191,59,186,329.52,0.8084,0.5250,0.177510,8,1,5,341.64,0.6482,0.0289,0.000843,4.475
978898,520,478,998,205,67,4,38.57,0.9894,0.5059,0.170044,0,1,3,247.65,1.0000,0.0159,0.000283,4.376
978900,520,390,910,238,40,176,345.00,0.9404,0.5879,0.228323,20,35,61,260.77,0.5244,0.1542,0.016876,4.162
978905,520,447,967,176,42,252,308.44,0.9839,0.5369,0.179152,15,9,49,282.67,0.7909,0.0823,0.005187,4.152
978911,520,465,985,204,52,140,349.93,0.8059,0.5163,0.171888,3,5,33,270.66,0.8767,0.0510,0.002377,4.236
978962,520,439,959,213,53,167,342.26,0.8423,0.5467,0.194845,32,13,26,340.16,0.4559,0.0934,0.006695,4.319
978963,520,452,972,124,93,252,286.39,0.9672,0.5338,0.191418,5,11,37,268.26,0.7447,0.0681,0.004052,4.466
978985,520,302,822,230,121,178,348.91,0.7134,0.6692,0.337142,19,65,12,141.21,0.9662,0.2322,0.039454,4.328
978990,520,424,944,199,37,247,316.26,0.9677,0.5647,0.201821,26,18,45,295.13,0.5267,0.1065,0.008417,4.311
978995,520,455,975,233,32,24,29.04,0.9768,0.5320,0.184257,20,7,8,14.69,0.3969,0.0590,0.003182,4.405
979008,520,348,868,239,75,192,341.45,0.8884,0.6263,0.271914,66,32,42,2.14,0.4395,0.1917,0.023586,4.375
979016,520,230,750,229,155,210,336.44,0.6816,0.7430,0.447554,2,78,84,203.83,0.9760,0.2932,0.061015,4.482
979043,520,377,897,203,67,254,314.82,0.9935,0.5995,0.238680,11,34,82,262.61,0.8365,0.1641,0.018243,4.230
979078,520,291,811,248,109,181,350.48,0.8969,0.6790,0.342328,56,60,6,113.99,0.8965,0.2428,0.040856,4.318
979081,520,464,984,192,84,89,19.61,0.6481,0.5178,0.182701,10,2,31,291.88,0.8565,0.0489,0.002069,4.469
979094,520,458,978,172,68,225,311.71,0.8535,0.5329,0.183420,4,0,49,271.83,1.0000,0.0568,0.002475,4.448
979122,520,379,899,213,68,234,322.32,0.9138,0.6012,0.242227,48,23,63,311.04,0.6075,0.1576,0.016001,4.428
979141,520,282,802,243,109,224,333.27,0.9273,0.6911,0.353762,21,65,79,222.56,0.6679,0.2545,0.045043,4.248
979147,520,399,919,216,80,173,342.27,0.7685,0.5840,0.233555,42,19,62,305.95,0.6613,0.1414,0.013058,4.497
979150,520,446,966,179,64,224,314.58,0.8663,0.5378,0.186333,30,4,35,321.06,0.7628,0.0804,0.004842,4.309
979153,520,429,949,206,26,219,324.91,0.9669,0.5493,0.189769,46,4,15,9.66,0.8100,0.0994,0.007023,4.205
979168,520,471,991,141,78,242,296.05,0.9025,0.5195,0.175224,15,3,4,14.05,0.5407,0.0423,0.001755,4.352
979201,520,433,953,239,11,106,7.26,0.9876,0.5506,0.196339,44,10,10,23.52,0.7021,0.1032,0.007746,4.266
979223,520,403,923,215,22,241,322.06,0.9860,0.5794,0.213737,18,8,87,274.85,0.9631,0.1261,0.009903,4.403
979227,520,395,915,221,30,239,323.95,0.9794,0.5911,0.225348,34,30,39,305.25,0.1752,0.1401,0.014151,4.292
979228,520,445,965,236,12,86,13.38,0.9875,0.5393,0.187709,35,2,21,348.51,0.7994,0.0774,0.004549,4.358
979234,520,315,835,255,49,233,333.32,1.0000,0.6551,0.293430,27,46,105,266.86,0.7442,0.2232,0.032068,4.185
979238,520,459,979,233,33,2,30.99,0.9980,0.5317,0.184189,1,0,50,266.07,1.0000,0.0553,0.002367,4.472
979264,520,444,964,241,3,48,23.64,0.9982,0.5415,0.189827,1,15,45,259.63,0.9352,0.0801,0.005375,4.331
979291,520,346,866,207,101,229,320.48,0.8353,0.6299,0.282313,60,37,36,22.18,0.3063,0.1910,0.024113,4.484
979322,520,452,972,238,5,2,29.28,0.9984,0.5324,0.182934,5,10,40,269.53,0.8083,0.0686,0.004025,4.312
979351,520,397,917,254,18,110,8.40,0.9927,0.5844,0.226330,47,26,24,25.73,0.3551,0.1420,0.014091,4.311
979354,520,272,792,248,130,152,9.42,0.8371,0.7021,0.381914,23,72,47,157.75,0.8080,0.2644,0.050219,4.310
979356,520,423,943,233,7,172,344.53,0.9911,0.5642,0.204570,31,24,14,76.08,0.3211,0.1121,0.009763,4.260
979371,520,424,944,198,72,196,328.42,0.7965,0.5572,0.206276,32,1,73,293.76,0.9810,0.1142,0.008098,4.411
979377,520,397,917,236,76,71,26.19,0.8932,0.5822,0.234597,35,34,19,104.89,0.3494,0.1450,0.015484,4.346
979412,520,402,922,240,28,159,350.42,0.9613,0.5776,0.218621,27,4,87,282.50,0.9680,0.1291,0.010079,4.471
979419,520,360,880,246,73,145,359.47,0.9048,0.6164,0.264054,82,11,9,27.77,0.9230,0.1837,0.020532,4.453
979425,520,450,970,186,61,215,319.33,0.8589,0.5386,0.186841,5,15,29,255.22,0.5562,0.0714,0.004626,4.336
979428,520,424,944,208,2,242,320.20,0.9988,0.5638,0.198659,17,6,75,277.16,0.9547,0.1077,0.007574,4.319
979430,520,459,979,192,51,196,326.84,0.8555,0.5254,0.175612,5,4,44,273.36,0.9355,0.0605,0.003009,4.256
979431,520,292,812,207,131,235,316.45,0.7983,0.6827,0.354972,36,64,9,133.23,0.9404,0.2379,0.040615,4.469
979445,520,425,945,197,86,165,340.07,0.6760,0.5573,0.212441,0,30,30,194.77,1.0000,0.1107,0.010222,4.358
979453,520,421,941,251,18,4,29.64,0.9975,0.5636,0.209544,35,13,40,319.93,0.5928,0.1054,0.007984,4.476
979470,520,462,982,232,22,84,14.00,0.9715,0.5336,0.183728,12,3,33,292.76,0.8161,0.0546,0.002531,4.449
979473,520,476,996,200,75,8,41.52,0.9734,0.5076,0.173311,3,0,11,298.58,1.0000,0.0218,0.000435,4.428
979485,520,321,841,243,55,245,327.66,0.9702,0.6462,0.283823,8,48,99,256.98,0.8776,0.2149,0.030662,4.139
979487,520,476,996,152,80,215,305.54,0.7774,0.5139,0.173195,0,1,10,262.28,1.0000,0.0204,0.000436,4.425
979492,520,474,994,206,51,136,351.97,0.8126,0.5173,0.172692,7,3,1,60.52,0.5214,0.0321,0.001125,4.356
979504,520,427,947,236,13,148,352.76,0.9824,0.5600,0.202619,10,25,23,184.77,0.4107,0.0983,0.008216,4.339
979519,520,308,828,237,103,214,334.67,0.8821,0.6685,0.325624,15,58,73,225.38,0.7225,0.2272,0.036085,4.363
979524,520,408,928,210,0,246,319.84,1.0000,0.5699,0.203573,19,4,95,274.43,0.9856,0.1327,0.010514,4.190
979526,520,447,967,229,33,125,359.91,0.9289,0.5446,0.192292,17,17,2,109.30,0.7489,0.0759,0.005245,4.386
979528,520,368,888,210,73,246,318.38,0.9503,0.6101,0.251221,13,22,112,267.98,0.9601,0.1744,0.018291,4.411
979531,520,349,869,225,78,239,324.16,0.9306,0.6336,0.276904,70,31,25,30.23,0.5554,0.1914,0.023524,4.446
979535,520,448,968,233,28,109,6.02,0.9523,0.5449,0.192613,4,16,40,260.78,0.7482,0.0804,0.005496,4.372
979541,520,465,985,209,31,153,345.31,0.9004,0.5164,0.168374,17,2,26,312.04,0.7907,0.0527,0.002372,4.170
979546,520,438,958,185,47,247,311.96,0.9595,0.5496,0.190638,20,7,54,288.10,0.8356,0.0886,0.005670,4.323
979553,520,338,858,253,44,223,335.33,0.9904,0.6428,0.280149,81,17,50,353.34,0.7368,0.1993,0.023808,4.473
979559,520,341,861,249,97,47,37.71,0.9577,0.6308,0.288977,63,40,35,32.75,0.3142,0.2023,0.026958,4.405
979565,520,312,832,251,108,90,29.50,0.9583,0.6562,0.319758,37,59,15,131.98,0.8424,0.2230,0.035557,4.322
979579,520,431,951,208,69,152,347.55,0.7619,0.5470,0.199352,21,17,50,284.89,0.6217,0.1031,0.007906,4.306
979591,520,439,959,228,64,24,34.04,0.9638,0.5480,0.202296,10,20,35,258.28,0.4665,0.0906,0.006862,4.437
979596,520,389,909,254,17,142,358.25,0.9919,0.5945,0.234284,17,40,23,150.70,0.6279,0.1488,0.016986,4.244
979619,520,453,973,233,23,17,29.06,0.9862,0.5273,0.179800,29,6,8,16.53,0.6162,0.0700,0.004090,4.248
979626,520,477,997,211,53,93,11.25,0.8366,0.5138,0.171877,0,2,11,258.21,1.0000,0.0247,0.000676,4.378
979634,520,470,990,187,77,154,340.89,0.6747,0.5227,0.182071,3,6,8,230.67,0.2641,0.0389,0.001671,4.491
979635,520,449,969,220,19,161,345.08,0.9594,0.5364,0.182571,17,12,16,333.03,0.1728,0.0682,0.004195,4.291
979648,520,427,947,243,26,86,14.88,0.9736,0.5586,0.204688,41,9,25,352.42,0.6376,0.1010,0.007370,4.439
979650,520,390,910,252,5,143,357.35,0.9960,0.5884,0.227907,35,15,83,288.69,0.8395,0.1461,0.013235,4.395
979653,520,374,894,243,29,198,339.54,0.9750,0.6033,0.240137,62,27,0,54.32,1.0000,0.1649,0.018082,4.262
979655,520,475,995,230,11,37,25.61,0.9928,0.5184,0.171990,8,1,16,308.30,0.7947,0.0342,0.001107,4.344
979657,520,345,865,222,77,235,324.37,0.9146,0.6253,0.268375,50,35,69,303.07,0.4669,0.1889,0.023099,4.355
979669,520,382,902,220,53,233,324.81,0.9444,0.5987,0.236471,0,36,75,253.78,0.9999,0.1587,0.017696,4.232
979677,520,474,994,208,37,150,346.32,0.8740,0.5166,0.169372,4,1,15,293.60,0.8059,0.0289,0.000820,4.317
979683,520,440,960,240,30,26,28.63,0.9812,0.5459,0.195317,28,14,29,324.52,0.4214,0.0912,0.006497,4.342
979708,520,363,883,252,17,177,347.26,0.9883,0.6055,0.242741,54,34,21,53.50,0.4274,0.1706,0.019826,4.192
979715,520,376,896,238,15,211,334.88,0.9903,0.5973,0.232248,26,35,56,265.86,0.3901,0.1552,0.017072,4.208
979721,520,443,963,219,63,109,7.53,0.8125,0.5440,0.197217,13,15,25,275.24,0.2863,0.0751,0.004974,4.497
979723,520,237,757,254,150,84,51.24,0.9799,0.7329,0.435265,24,81,7,140.05,0.9872,0.2888,0.060942,4.374
979729,520,477,997,200,4,191,330.82,0.9913,0.5125,0.161296,4,0,1,359.68,1.0000,0.0171,0.000280,4.202
979735,520,472,992,214,16,153,346.21,0.9590,0.5197,0.169690,1,3,20,266.78,0.8729,0.0344,0.001221,4.289
979750,520,387,907,234,34,201,336.69,0.9616,0.5908,0.228562,31,38,6,120.68,0.7916,0.1502,0.016907,4.163
979781,520,345,865,225,91,211,331.93,0.8410,0.6323,0.281950,53,40,50,334.48,0.2099,0.1939,0.025048,4.423
979789,520,362,882,209,99,195,332.45,0.7231,0.6105,0.264208,11,52,12,143.46,0.9607,0.1842,0.025536,4.160
979791,520,429,949,195,88,139,352.57,0.6246,0.5456,0.204473,44,6,13,13.74,0.7585,0.0980,0.006949,4.468
979804,520,423,943,225,67,104,11.24,0.8244,0.5582,0.210240,28,25,21,75.14,0.1155,0.1131,0.009963,4.340
979822,520,480,1000,175,71,176,327.28,0.7207,0.5071,0.167562,0,0,0,0.00,0.0000,0.0000,0.000000,4.351
979851,520,376,896,254,61,6,33.75,0.9959,0.5958,0.244252,58,16,61,325.02,0.7072,0.1610,0.016072,4.454
979852,520,410,930,228,62,136,358.08,0.8377,0.5689,0.217195,44,17,42,330.14,0.5570,0.1271,0.011036,4.378
979872,520,462,982,209,23,182,335.84,0.9479,0.5288,0.175476,20,2,15,338.41,0.7154,0.0506,0.002267,4.314
979884,520,422,942,201,75,183,333.79,0.7650,0.5581,0.208703,22,23,32,279.76,0.2037,0.1061,0.008876,4.394
979890,520,440,960,171,92,197,317.17,0.6787,0.5459,0.203443,14,15,47,277.29,0.6714,0.0906,0.006402,4.493
979903,520,414,934,216,45,204,331.40,0.9198,0.5670,0.208375,57,0,18,8.90,1.0000,0.1179,0.009137,4.369
979904,520,411,931,240,47,95,13.48,0.9276,0.5666,0.213877,25,16,67,284.31,0.7756,0.1204,0.009825,4.411
979906,520,469,989,190,41,206,323.58,0.9037,0.5211,0.169907,3,8,6,170.84,0.3668,0.0432,0.002062,4.224
979916,520,355,875,243,8,232,330.87,0.9970,0.6182,0.250574,71,14,58,338.65,0.7447,0.1804,0.019594,4.319
979928,520,374,894,205,83,221,322.88,0.8412,0.5973,0.243877,32,38,40,219.84,0.1011,0.1603,0.018465,4.292
979961,520,400,920,247,16,130,0.81,0.9842,0.5759,0.217599,27,31,55,275.36,0.4158,0.1448,0.014888,4.124
979969,520,222,742,237,169,63,74.44,0.8536,0.7462,0.467414,39,82,21,137.96,0.9311,0.3005,0.065199,4.491
979974,520,445,965,196,67,179,333.49,0.7768,0.5380,0.190064,15,0,60,281.97,1.0000,0.0787,0.004278,4.423
979977,520,464,984,228,20,26,27.78,0.9866,0.5159,0.170719,23,0,17,338.48,1.0000,0.0514,0.002227,4.226
979982,520,355,875,254,71,125,7.91,0.9874,0.6226,0.270615,57,33,53,332.97,0.3905,0.1846,0.022147,4.444
979992,520,371,891,194,115,184,331.67,0.5704,0.6103,0.271927,13,47,22,149.37,0.8754,0.1697,0.021764,4.486
979997,520,466,986,159,50,254,302.40,0.9938,0.5210,0.168084,6,0,42,278.18,1.0000,0.0509,0.002059,4.189
980021,520,410,930,217,83,125,4.00,0.7261,0.5701,0.224212,17,36,4,134.61,0.9306,0.1321,0.013897,4.291
980023,520,402,922,243,5,161,350.01,0.9949,0.5780,0.217397,21,35,20,142.85,0.4600,0.1349,0.014120,4.170
980031,520,352,872,239,14,241,327.88,0.9951,0.6183,0.250183,69,29,49,350.73,0.5211,0.1940,0.023659,4.075
980046,520,296,816,222,130,186,343.62,0.6443,0.6768,0.350418,45,59,62,212.19,0.1754,0.2427,0.040335,4.433
980053,520,442,962,179,76,204,319.30,0.7752,0.5380,0.191133,14,19,6,125.57,0.5055,0.0794,0.005723,4.327
980055,520,354,874,243,29,227,332.05,0.9844,0.6205,0.254823,79,15,4,32.86,0.9388,0.1806,0.020130,4.347
980062,520,353,873,237,65,201,337.84,0.9088,0.6177,0.260049,43,44,15,110.79,0.6095,0.1820,0.023495,4.219
980075,520,452,972,220,64,9,36.03,0.9850,0.5316,0.189048,8,12,26,270.19,0.4425,0.0651,0.003891,4.436
980088,520,469,989,225,23,83,13.53,0.9636,0.5191,0.172477,1,4,28,265.84,0.9175,0.0427,0.001771,4.297
980163,520,408,928,170,104,197,315.45,0.6214,0.5652,0.224786,25,32,15,127.01,0.4494,0.1280,0.012742,4.380
980164,520,428,948,212,11,222,325.84,0.9902,0.5572,0.195123,6,6,75,268.85,0.9788,0.1005,0.006769,4.318
980180,520,480,1000,194,33,182,331.76,0.8976,0.5063,0.159361,0,0,0,0.00,0.0000,0.0000,0.000000,4.187
980181,520,363,883,223,111,65,41.94,0.7881,0.6109,0.274408,18,47,28,153.05,0.6917,0.1736,0.022454,4.477
980188,520,457,977,184,70,196,323.79,0.7821,0.5326,0.185574,6,5,36,276.92,0.8400,0.0561,0.002746,4.466
980191,520,467,987,228,24,36,26.47,0.9810,0.5184,0.172776,13,4,10,338.39,0.4361,0.0446,0.001943,4.289
980203,520,475,995,226,29,50,23.85,0.9692,0.5181,0.172807,7,1,7,327.66,0.6667,0.0286,0.000822,4.384
980216,520,359,879,247,33,214,336.22,0.9787,0.6214,0.257200,81,12,16,23.59,0.8845,0.1834,0.020500,4.357
980223,520,459,979,239,1,21,27.71,0.9995,0.5344,0.184299,1,1,49,266.16,0.9942,0.0563,0.002499,4.463
980232,520,283,803,245,114,199,342.99,0.8913,0.6894,0.355732,17,70,26,146.13,0.9510,0.2506,0.045739,4.238
980234,520,418,938,169,80,247,304.75,0.9313,0.5613,0.208883,52,7,13,17.92,0.8023,0.1153,0.009112,4.380
980236,520,442,962,167,54,254,304.69,0.9934,0.5355,0.180102,16,4,50,286.50,0.8903,0.0756,0.004273,4.240
980252,520,340,860,249,9,246,329.01,0.9978,0.6382,0.269919,58,4,113,296.94,0.9674,0.1989,0.021787,4.457
980265,520,396,916,232,76,101,15.17,0.8311,0.5809,0.232671,21,36,23,147.88,0.4281,0.1388,0.014830,4.360
980272,520,291,811,221,111,253,318.07,0.9834,0.6789,0.338344,47,51,86,277.56,0.4156,0.2358,0.036438,4.493
980274,520,448,968,232,43,43,27.16,0.9561,0.5385,0.190610,3,23,13,160.41,0.8429,0.0848,0.006612,4.250
980281,520,1,521,255,255,255,0.00,0.0000,1.0000,1.000000,29,139,7,141.37,0.9963,0.4846,0.187410,4.423
980285,520,448,968,186,45,232,315.71,0.9322,0.5373,0.181433,27,8,29,323.73,0.5896,0.0792,0.004954,4.211
980291,520,436,956,232,36,105,7.83,0.9325,0.5459,0.194405,33,8,27,337.76,0.6082,0.0870,0.005762,4.383
980304,520,396,916,241,71,30,34.13,0.9626,0.5814,0.233042,56,13,45,339.44,0.6902,0.1434,0.013182,4.480
980322,520,478,998,210,49,111,2.99,0.8331,0.5136,0.170483,5,0,6,324.01,1.0000,0.0219,0.000454,4.370
980328,520,296,816,232,117,210,334.99,0.8222,0.6798,0.345336,28,57,84,248.44,0.5438,0.2368,0.038131,4.486
980337,520,332,852,242,110,55,41.45,0.9002,0.6394,0.303079,12,54,37,162.46,0.8441,0.1970,0.028500,4.498
980338,520,390,910,252,43,89,16.25,0.9797,0.5866,0.231481,69,5,6,26.59,0.9470,0.1483,0.013871,4.407
980349,520,322,842,238,76,230,330.01,0.9299,0.6466,0.290617,56,48,7,97.71,0.8291,0.2081,0.029701,4.274
980371,520,404,924,218,71,188,337.06,0.8275,0.5843,0.230449,40,26,29,4.80,0.2376,0.1335,0.012787,4.467
980383,520,376,896,252,14,171,348.96,0.9902,0.6019,0.239533,46,2,99,293.94,0.9797,0.1643,0.015251,4.437
980407,520,465,985,201,9,193,330.53,0.9821,0.5168,0.164650,2,11,18,235.85,0.6211,0.0538,0.002959,4.053
980412,520,441,961,115,113,223,281.17,0.7338,0.5405,0.207824,1,26,1,142.69,0.9913,0.0901,0.007474,4.486
980419,520,363,883,247,14,197,340.58,0.9914,0.6055,0.241226,18,9,116,270.61,0.9851,0.1664,0.015848,4.423
980428,520,432,952,225,75,15,37.98,0.9747,0.5548,0.210769,8,24,42,252.77,0.5919,0.1043,0.008720,4.441
980443,520,411,931,255,1,68,19.93,1.0000,0.5737,0.217029,22,26,42,272.81,0.3343,0.1193,0.010765,4.394
980445,520,468,988,214,51,88,13.35,0.8582,0.5165,0.173708,1,3,25,267.09,0.9196,0.0379,0.001418,4.351
980471,520,373,893,249,58,136,1.65,0.9425,0.6047,0.249468,1,43,38,182.94,0.9729,0.1567,0.018741,4.356
980487,520,37,557,254,233,242,349.73,0.9134,0.9457,0.857601,65,124,6,134.68,0.9914,0.4501,0.155518,4.416
980489,520,363,883,243,59,177,346.52,0.9119,0.6110,0.253600,75,0,53,344.48,1.0000,0.1727,0.017531,4.496
980509,520,470,990,150,67,246,299.68,0.9391,0.5195,0.171525,8,1,22,298.84,0.8587,0.0379,0.001313,4.317
980512,520,444,964,235,30,67,20.03,0.9673,0.5401,0.189991,2,18,26,229.54,0.7477,0.0751,0.005201,4.348
980551,520,392,912,245,36,163,350.46,0.9537,0.5928,0.233218,62,11,49,340.05,0.7425,0.1546,0.014854,4.367
980556,520,474,994,225,22,70,17.68,0.9712,0.5159,0.170264,1,0,26,269.98,1.0000,0.0302,0.000810,4.335
980557,520,335,855,239,44,250,325.67,0.9835,0.6360,0.270568,87,5,49,355.27,0.8713,0.2008,0.023569,4.357
980562,520,448,968,239,11,65,19.79,0.9919,0.5413,0.189750,14,17,20,248.27,0.1178,0.0784,0.005448,4.324
980575,520,389,909,234,61,152,353.22,0.8643,0.5853,0.230997,58,6,55,330.72,0.8045,0.1455,0.013058,4.456
980578,520,431,951,234,54,16,32.72,0.9825,0.5496,0.201713,16,3,74,277.16,0.9770,0.1014,0.006697,4.440
980584,520,465,985,198,79,101,11.79,0.6803,0.5237,0.185392,0,9,24,250.29,1.0000,0.0508,0.002613,4.474
980592,520,362,882,209,107,176,341.02,0.6404,0.6139,0.272070,51,35,57,316.56,0.3572,0.1828,0.022013,4.472
980595,520,414,934,253,26,2,30.18,0.9987,0.5707,0.216296,12,30,45,245.66,0.5253,0.1249,0.011961,4.298
980608,520,454,974,193,35,212,322.98,0.9322,0.5266,0.172945,2,17,21,214.88,0.7227,0.0700,0.004679,4.077
980614,520,409,929,228,74,73,24.86,0.8591,0.5651,0.218753,2,24,73,261.85,0.9565,0.1275,0.011471,4.372
980634,520,434,954,220,6,189,336.52,0.9912,0.5488,0.190224,21,14,55,285.18,0.7264,0.1017,0.007493,4.178
980643,520,462,982,209,52,146,348.86,0.8199,0.5283,0.180888,14,0,37,295.80,1.0000,0.0535,0.002269,4.417
980647,520,334,854,252,30,235,332.15,0.9886,0.6418,0.276253,26,39,100,269.63,0.7727,0.2012,0.025906,4.298
980650,520,313,833,193,130,225,313.56,0.7021,0.6581,0.327398,6,61,52,178.44,0.9203,0.2240,0.036240,4.376
980660,520,458,978,177,59,229,313.00,0.8895,0.5334,0.181332,27,0,10,357.64,1.0000,0.0551,0.002550,4.402
980674,520,323,843,248,37,255,326.70,1.0000,0.6509,0.285024,64,30,79,314.33,0.6201,0.2054,0.025831,4.418
980687,520,474,994,231,14,25,27.63,0.9919,0.5204,0.173763,4,2,19,285.59,0.7674,0.0344,0.001162,4.374
980697,520,276,796,253,115,183,351.71,0.9616,0.6965,0.365659,40,66,36,141.15,0.5790,0.2515,0.044748,4.387
980702,520,376,896,223,18,253,321.44,0.9928,0.6007,0.232145,67,17,20,20.78,0.7306,0.1605,0.016449,4.246
980705,520,426,946,224,46,164,345.79,0.8883,0.5598,0.204842,49,0,38,339.33,1.0000,0.1098,0.007930,4.399
980722,520,288,808,243,102,226,332.54,0.9337,0.6826,0.340509,77,50,14,70.14,0.7360,0.2437,0.038909,4.392
980727,520,386,906,232,55,178,343.46,0.8942,0.5883,0.231052,18,13,100,272.18,0.9635,0.1488,0.013365,4.435
980733,520,328,848,254,81,174,351.41,0.9871,0.6504,0.300150,44,50,47,164.28,0.0882,0.2093,0.030219,4.365
980739,520,411,931,226,6,200,334.95,0.9937,0.5666,0.204716,53,9,23,5.62,0.7283,0.1227,0.010142,4.235
980773,520,325,845,231,88,224,329.73,0.8907,0.6452,0.293524,57,47,23,87.39,0.4817,0.2088,0.029648,4.313
980777,520,400,920,244,47,131,1.55,0.9242,0.5850,0.229081,59,9,34,354.56,0.7473,0.1389,0.012408,4.472
980789,520,455,975,200,45,184,332.88,0.8661,0.5265,0.176186,7,8,32,276.50,0.6767,0.0600,0.003231,4.249
980814,520,269,789,206,145,218,320.83,0.6288,0.6990,0.384355,74,60,0,94.11,1.0000,0.2641,0.046877,4.484
980827,520,439,959,229,61,60,25.93,0.9072,0.5503,0.203246,20,8,58,285.65,0.8461,0.0941,0.006279,4.500
980829,520,469,989,228,21,9,29.57,0.9913,0.5155,0.170530,3,0,32,275.78,1.0000,0.0380,0.001236,4.304
980830,520,336,856,250,76,176,349.44,0.9478,0.6389,0.286306,49,41,73,294.26,0.4127,0.2043,0.027199,4.356
980841,520,471,991,168,86,175,324.34,0.6334,0.5184,0.180765,8,3,11,315.15,0.4863,0.0373,0.001409,4.489
980845,520,375,895,205,77,233,319.91,0.8890,0.5979,0.241716,70,11,18,19.61,0.8311,0.1589,0.015853,4.430
980854,520,401,921,204,50,252,316.18,0.9846,0.5849,0.221484,3,30,68,257.40,0.8997,0.1378,0.013652,4.265
980864,520,476,996,201,69,81,18.88,0.7629,0.5099,0.172699,5,1,1,21.77,0.5474,0.0229,0.000562,4.404
980866,520,371,891,249,29,191,342.81,0.9770,0.6107,0.247833,53,22,69,312.39,0.6629,0.1678,0.017604,4.406
980867,520,337,857,246,73,202,339.96,0.9387,0.6413,0.286251,8,55,38,163.94,0.9051,0.1994,0.029238,4.244
980872,520,463,983,226,11,125,358.43,0.9793,0.5301,0.178916,13,3,19,313.22,0.6537,0.0462,0.001977,4.404
980877,520,465,985,201,78,36,38.17,0.8711,0.5155,0.179957,16,4,7,1.26,0.4729,0.0470,0.002123,4.412
980879,520,335,855,254,53,206,340.15,0.9936,0.6407,0.280765,65,29,68,324.42,0.5763,0.1977,0.024200,4.458
980884,520,355,875,220,109,130,9.69,0.6519,0.6167,0.277668,8,47,63,230.23,0.7775,0.1849,0.024434,4.402
980885,520,400,920,225,85,84,23.91,0.8032,0.5762,0.231472,13,39,3,137.90,0.9706,0.1395,0.015431,4.302
980899,520,469,989,181,66,186,326.08,0.7708,0.5165,0.172666,3,0,32,275.78,1.0000,0.0380,0.001236,4.346
980910,520,480,1000,211,9,152,345.71,0.9750,0.5115,0.163135,0,0,0,0.00,0.0000,0.0000,0.000000,4.263
980943,520,304,824,245,125,47,49.24,0.9220,0.6691,0.342878,26,65,0,136.54,1.0000,0.2344,0.040001,4.365
980944,520,414,934,250,1,104,9.25,0.9992,0.5709,0.213488,18,17,74,275.33,0.8628,0.1234,0.010239,4.374
980948,520,374,894,231,1,234,327.66,0.9995,0.5971,0.229536,61,23,15,33.39,0.6523,0.1576,0.016395,4.210
980952,520,469,989,204,33,176,336.42,0.9037,0.5208,0.170616,7,7,7,0.00,0.0000,0.0450,0.002125,4.232
980954,520,442,962,214,24,192,334.23,0.9571,0.5445,0.187574,33,0,39,321.49,1.0000,0.0812,0.004699,4.343
980955,520,398,918,227,70,155,351.29,0.8168,0.5830,0.230803,20,25,75,273.19,0.7682,0.1415,0.013519,4.421
980956,520,391,911,235,80,79,24.58,0.8736,0.5867,0.239669,3,22,98,264.67,0.9605,0.1526,0.014749,4.474
980971,520,419,939,235,34,125,1.11,0.9375,0.5571,0.202899,26,27,14,111.94,0.3539,0.1144,0.010352,4.190
980977,520,377,897,234,76,160,351.60,0.8288,0.6041,0.252021,49,29,47,330.28,0.3749,0.1611,0.017370,4.483
980980,520,459,979,163,94,178,320.27,0.5909,0.5268,0.190070,4,14,6,150.78,0.6051,0.0586,0.003530,4.485
980988,520,374,894,225,65,208,332.69,0.8941,0.6013,0.243445,34,33,61,283.89,0.4283,0.1606,0.017647,4.338
980990,520,362,882,244,70,148,357.63,0.8939,0.6108,0.257546,72,25,10,37.79,0.7843,0.1813,0.020951,4.335
981006,520,445,965,195,79,165,338.93,0.7026,0.5441,0.199123,9,19,10,147.00,0.4426,0.0766,0.005457,4.492
981009,520,444,964,218,73,13,38.26,0.9745,0.5389,0.197021,32,11,7,32.89,0.5578,0.0835,0.005618,4.441
981026,520,476,996,167,68,206,314.86,0.7986,0.5112,0.168068,3,0,4,321.50,1.0000,0.0174,0.000281,4.337
981035,520,374,894,246,60,131,3.12,0.9190,0.5991,0.244665,8,45,11,144.43,0.9592,0.1588,0.019525,4.238
981040,520,473,993,188,22,224,318.76,0.9707,0.5211,0.166484,0,3,5,224.61,1.0000,0.0252,0.000761,4.265
981058,520,388,908,243,48,136,359.70,0.9195,0.5855,0.229494,11,39,32,174.18,0.6550,0.1454,0.016264,4.218
981072,520,330,850,197,141,101,56.24,0.4882,0.6388,0.318609,12,59,35,156.49,0.9025,0.2133,0.033273,4.427
981075,520,433,953,170,104,162,331.33,0.4914,0.5464,0.210562,26,22,15,81.50,0.2196,0.1013,0.008279,4.471
981078,520,464,984,228,25,6,30.07,0.9940,0.5171,0.172054,8,9,9,196.94,0.0359,0.0512,0.002667,4.216
981083,520,453,973,192,89,96,17.83,0.6134,0.5279,0.191974,2,20,9,156.72,0.8983,0.0743,0.005329,4.373
981086,520,456,976,210,72,70,24.88,0.8096,0.5284,0.187808,26,2,25,329.63,0.7815,0.0644,0.003332,4.459
981093,520,433,953,206,65,173,338.63,0.7945,0.5493,0.199215,9,6,77,270.72,0.9758,0.1048,0.007241,4.354
981099,520,353,873,245,42,209,337.15,0.9649,0.6194,0.256749,83,0,14,20.92,1.0000,0.1768,0.018710,4.464
981107,520,314,834,242,104,179,349.17,0.8462,0.6615,0.320352,39,50,79,267.52,0.4023,0.2215,0.032770,4.474
981111,520,399,919,213,15,249,319.85,0.9926,0.5803,0.213292,40,30,14,78.22,0.4563,0.1392,0.014114,4.107
981116,520,324,844,195,120,232,313.57,0.7806,0.6465,0.308622,0,59,46,172.49,1.0000,0.2133,0.033250,4.308
981123,520,341,861,233,66,230,328.78,0.9363,0.6289,0.269356,86,21,10,32.13,0.8807,0.2038,0.025370,4.237
981128,520,339,859,215,108,207,330.18,0.7457,0.6395,0.296789,35,51,21,132.02,0.6226,0.1967,0.027791,4.458
981131,520,383,903,223,7,253,321.50,0.9974,0.5984,0.229339,46,32,3,82.41,0.8536,0.1509,0.016205,4.219
981133,520,447,967,212,80,0,42.25,1.0000,0.5368,0.197367,35,8,8,22.90,0.6498,0.0835,0.005486,4.458
981145,520,441,961,194,45,224,320.00,0.9253,0.5438,0.187294,12,18,43,270.79,0.5861,0.0925,0.006852,4.174
981155,520,426,946,246,28,17,29.41,0.9875,0.5572,0.204674,25,16,50,291.99,0.6269,0.1052,0.008075,4.385
981165,520,399,919,229,32,205,334.39,0.9628,0.5832,0.221014,2,39,25,163.36,0.9599,0.1391,0.015341,4.148
981167,520,182,702,244,163,234,331.13,0.9152,0.7871,0.513697,72,81,63,129.32,0.2177,0.3319,0.076214,4.466
981178,520,457,977,163,83,215,309.57,0.7713,0.5330,0.188800,27,4,11,2.12,0.6581,0.0638,0.003440,4.469
981189,520,350,870,249,50,202,340.09,0.9636,0.6276,0.266884,9,37,103,263.37,0.9181,0.1916,0.023603,4.305
981193,520,463,983,190,76,157,340.50,0.6915,0.5277,0.185519,24,0,21,333.08,1.0000,0.0550,0.002484,4.487
981195,520,436,956,208,50,194,332.11,0.8789,0.5506,0.195881,6,17,49,265.46,0.7916,0.0912,0.006613,4.343
981203,520,444,964,181,65,226,314.68,0.8701,0.5434,0.190964,11,19,21,214.86,0.2300,0.0816,0.005910,4.310
981204,520,309,829,216,106,245,318.82,0.9261,0.6598,0.315011,56,48,46,34.31,0.0997,0.2167,0.031520,4.478
981211,520,411,931,223,22,200,334.25,0.9724,0.5652,0.204343,42,0,69,306.30,1.0000,0.1228,0.009220,4.295
981239,520,419,939,243,13,99,10.19,0.9876,0.5574,0.202468,22,19,55,282.82,0.6377,0.1123,0.009121,4.270
981244,520,381,901,208,62,252,316.88,0.9833,0.6008,0.238850,49,31,23,44.83,0.3446,0.1564,0.016949,4.314
981248,520,417,937,203,55,235,319.62,0.9283,0.5743,0.214286,24,20,65,281.67,0.7101,0.1249,0.010761,4.350
981255,520,338,858,202,109,235,316.49,0.8386,0.6390,0.294932,41,48,45,167.93,0.1042,0.1998,0.027748,4.437
981261,520,392,912,241,67,126,4.99,0.8794,0.5947,0.242245,63,16,31,4.36,0.6732,0.1544,0.015264,4.478
981266,520,409,929,230,78,4,39.13,0.9938,0.5678,0.222834,18,29,50,262.46,0.4669,0.1290,0.012376,4.374
981267,520,381,901,242,66,132,2.76,0.8855,0.5975,0.244427,11,44,24,153.65,0.8449,0.1593,0.019384,4.243
981269,520,372,892,246,38,199,340.05,0.9661,0.6135,0.251057,62,24,46,346.60,0.5490,0.1715,0.018748,4.379
981272,520,407,927,253,30,24,28.91,0.9929,0.5732,0.218809,56,9,11,23.01,0.8184,0.1257,0.010604,4.435
981284,520,382,902,221,62,226,326.70,0.9217,0.6031,0.243105,41,37,20,96.52,0.3838,0.1606,0.018451,4.282
981302,520,466,986,138,75,246,294.66,0.9319,0.5153,0.170893,4,2,34,276.05,0.9381,0.0459,0.001847,4.260
981307,520,432,952,234,48,62,23.35,0.9384,0.5488,0.199572,7,27,27,195.32,0.5638,0.1041,0.009081,4.224
981311,520,379,899,250,70,22,34.41,0.9808,0.5973,0.247658,6,30,92,263.74,0.9310,0.1629,0.017399,4.416
981312,520,331,851,254,12,231,333.52,0.9965,0.6379,0.271065,16,34,116,266.97,0.9228,0.2021,0.025150,4.272
981342,520,459,979,211,31,168,340.80,0.9141,0.5281,0.176582,8,8,24,281.23,0.5036,0.0556,0.002912,4.282
981366,520,409,929,218,11,228,325.90,0.9923,0.5720,0.207483,14,30,47,251.24,0.4989,0.1272,0.012271,4.135
981368,520,476,996,152,75,218,305.43,0.8041,0.5089,0.167700,2,2,0,109.77,1.0000,0.0218,0.000563,4.305
981371,520,396,916,250,23,125,3.18,0.9775,0.5824,0.224210,3,32,67,255.15,0.8845,0.1423,0.014575,4.246
981372,520,353,873,237,58,216,333.49,0.9380,0.6203,0.259911,67,17,66,328.67,0.7240,0.1816,0.019877,4.435
981407,520,464,984,204,68,93,13.41,0.7589,0.5172,0.177640,5,8,23,270.69,0.5358,0.0524,0.002678,4.321
981423,520,429,949,219,41,177,340.16,0.9042,0.5538,0.198226,21,0,72,283.27,1.0000,0.0991,0.006273,4.411
981424,520,235,755,210,152,255,309.11,1.0000,0.7363,0.433789,32,80,14,138.83,0.9658,0.2894,0.060759,4.368
981430,520,422,942,241,0,116,3.99,1.0000,0.5555,0.199650,16,26,24,181.02,0.2391,0.1056,0.009149,4.221
981431,520,420,940,208,24,225,323.98,0.9747,0.5563,0.195013,30,22,18,47.97,0.1976,0.1070,0.008935,4.157
981475,520,468,988,172,27,254,307.35,0.9951,0.5243,0.167111,0,7,14,234.94,1.0000,0.0407,0.001837,4.188
981489,520,291,811,252,110,154,3.21,0.9320,0.6770,0.341835,86,44,12,53.61,0.7698,0.2444,0.038066,4.449
981494,520,474,994,188,67,162,337.25,0.7349,0.5151,0.173158,8,0,20,303.78,1.0000,0.0338,0.001021,4.374
981499,520,375,895,249,23,165,350.30,0.9788,0.5959,0.234725,59,12,59,327.93,0.7491,0.1565,0.015086,4.375
981506,520,392,912,209,53,250,317.90,0.9756,0.5934,0.230053,70,2,10,22.07,0.9708,0.1479,0.013677,4.398
981507,520,341,861,117,144,243,270.50,0.8440,0.6251,0.301986,48,49,20,110.61,0.5545,0.2031,0.028755,4.469
981513,520,444,964,239,30,4,30.50,0.9966,0.5429,0.192914,30,9,24,339.39,0.5370,0.0826,0.005374,4.387
981518,520,480,1000,153,81,200,309.72,0.7217,0.5056,0.168278,0,0,0,0.00,0.0000,0.0000,0.000000,4.366
981524,520,414,934,245,34,95,12.85,0.9606,0.5685,0.213862,37,3,70,300.00,0.9330,0.1202,0.009007,4.472
981526,520,356,876,240,29,229,330.88,0.9838,0.6165,0.250639,30,39,78,271.43,0.5588,0.1846,0.022770,4.131
981529,520,452,972,221,41,125,358.86,0.8857,0.5337,0.184413,4,9,42,268.66,0.8692,0.0676,0.003883,4.350
981547,520,366,886,222,90,187,339.30,0.7779,0.6137,0.264319,52,35,21,60.03,0.4111,0.1701,0.019863,4.499
981550,520,409,929,232,71,71,24.89,0.8803,0.5688,0.221201,12,34,17,149.31,0.7082,0.1251,0.012626,4.330
981553,520,455,975,223,29,124,358.86,0.9297,0.5302,0.180246,17,11,2,83.68,0.6458,0.0619,0.003629,4.293
981559,520,354,874,252,28,195,342.33,0.9815,0.6180,0.254694,30,46,39,165.75,0.2883,0.1819,0.023764,4.131
981562,520,450,970,224,15,149,349.87,0.9702,0.5372,0.183615,9,15,21,248.69,0.2662,0.0701,0.004539,4.283
981567,520,444,964,234,29,88,13.40,0.9591,0.5417,0.190788,16,13,40,284.78,0.5999,0.0828,0.005512,4.338
981596,520,401,921,227,93,3,44.38,0.9940,0.5835,0.241688,38,33,5,99.28,0.7711,0.1432,0.015108,4.480
981607,520,467,987,186,88,95,17.43,0.5920,0.5159,0.182463,6,5,15,288.19,0.4279,0.0422,0.001817,4.486
981629,520,455,975,195,78,143,348.82,0.6786,0.5323,0.190357,2,16,1,141.01,0.9725,0.0608,0.003857,4.463
981633,520,396,916,253,20,106,9.59,0.9860,0.5819,0.224273,33,32,9,106.66,0.6100,0.1351,0.013761,4.302
981638,520,225,745,246,150,193,352.03,0.8111,0.7488,0.452580,22,79,88,210.06,0.7360,0.3031,0.064668,4.383
981652,520,389,909,244,40,155,352.98,0.9421,0.5896,0.231204,58,21,17,28.28,0.6223,0.1488,0.014765,4.342
981653,520,211,731,240,145,248,324.22,0.9521,0.7561,0.455552,100,60,58,23.00,0.3667,0.3118,0.062469,4.495
981656,520,385,905,231,66,163,348.93,0.8478,0.5894,0.235324,41,20,68,300.33,0.6871,0.1467,0.013891,4.466
981671,520,454,974,230,29,92,11.54,0.9523,0.5345,0.184774,27,8,16,354.84,0.4937,0.0731,0.004441,4.312
981702,520,459,979,168,62,239,307.59,0.9114,0.5317,0.180028,13,6,32,292.00,0.6869,0.0610,0.003201,4.324
981727,520,476,996,175,59,206,318.23,0.8342,0.5128,0.166992,0,1,12,262.93,1.0003,0.0216,0.000482,4.298
981736,520,343,863,254,58,174,349.82,0.9903,0.6288,0.271563,58,40,35,36.11,0.2575,0.1950,0.025386,4.266
981737,520,327,847,255,47,222,336.05,1.0000,0.6475,0.285702,81,31,21,32.98,0.6849,0.2109,0.027837,4.313
981747,520,466,986,178,84,149,340.65,0.6050,0.5165,0.179768,20,1,19,329.95,0.8056,0.0502,0.002175,4.404
981752,520,171,691,237,178,208,347.02,0.6348,0.7980,0.544008,48,92,1,134.05,0.9973,0.3372,0.082846,4.471
981768,520,357,877,246,29,210,337.01,0.9808,0.6156,0.251278,71,17,48,349.04,0.6993,0.1786,0.019541,4.332
981777,520,374,894,218,57,237,323.23,0.9412,0.6014,0.239481,25,28,86,274.66,0.7805,0.1624,0.017090,4.315
981795,520,376,896,212,61,247,319.15,0.9611,0.6024,0.240516,21,44,24,147.10,0.6210,0.1645,0.020267,4.134
981806,520,447,967,224,55,84,16.69,0.8790,0.5390,0.192225,28,7,34,318.22,0.6676,0.0819,0.005144,4.393
981824,520,361,881,222,80,216,329.53,0.8702,0.6169,0.262269,47,29,75,299.04,0.6039,0.1769,0.019911,4.467
981829,520,443,963,227,49,67,21.67,0.9205,0.5363,0.189356,22,8,36,304.25,0.6566,0.0772,0.004716,4.375
981842,520,346,866,211,107,202,330.61,0.7197,0.6295,0.286302,28,51,29,145.18,0.5658,0.1931,0.027032,4.366
981849,520,461,981,177,57,222,314.80,0.8792,0.5259,0.175483,18,5,4,27.76,0.4966,0.0509,0.002459,4.298
981853,520,424,944,189,71,225,317.21,0.8596,0.5613,0.207627,39,5,56,311.29,0.8361,0.1122,0.008254,4.422
981855,520,405,925,190,63,254,311.21,0.9931,0.5765,0.216590,8,28,64,260.96,0.7871,0.1315,0.012522,4.264
981863,520,416,936,215,49,201,331.98,0.9041,0.5663,0.208629,16,27,50,263.68,0.5146,0.1224,0.011243,4.223
981889,520,429,949,221,74,27,36.61,0.9442,0.5465,0.203514,5,13,62,267.61,0.9272,0.0952,0.006679,4.473
981910,520,480,1000,176,78,165,331.98,0.6647,0.5123,0.173967,0,0,0,0.00,0.0000,0.0000,0.000000,4.479
981912,520,434,954,189,29,248,313.46,0.9757,0.5457,0.184761,38,9,32,336.48,0.6382,0.0992,0.007118,4.110
981921,520,388,908,203,74,229,320.45,0.8793,0.5887,0.232527,14,9,108,269.62,0.9842,0.1530,0.013713,4.434
981930,520,471,991,222,29,104,6.03,0.9342,0.5214,0.174105,3,7,10,232.68,0.3281,0.0422,0.001932,4.315
981940,520,416,936,234,64,75,22.19,0.8948,0.5656,0.216702,9,33,3,139.02,0.9639,0.1177,0.011523,4.335
981943,520,317,837,204,115,255,311.56,1.0000,0.6638,0.323199,9,53,90,249.14,0.8165,0.2217,0.033423,4.474
981947,520,476,996,218,33,96,8.66,0.9192,0.5130,0.168403,7,0,3,348.27,1.0000,0.0231,0.000518,4.323
981948,520,409,929,245,49,9,32.13,0.9928,0.5676,0.216323,47,16,44,331.29,0.6015,0.1315,0.011568,4.326
981949,520,451,971,212,35,174,339.20,0.9076,0.5355,0.182573,10,16,3,127.17,0.6679,0.0676,0.004417,4.274
981955,520,383,903,248,16,178,346.12,0.9877,0.5980,0.235447,57,20,22,19.08,0.5869,0.1464,0.014282,4.441
981975,520,441,961,168,95,187,319.07,0.6250,0.5407,0.200979,37,12,8,31.04,0.6019,0.0936,0.006738,4.423
981981,520,466,986,231,5,53,22.03,0.9960,0.5210,0.173576,15,6,4,38.20,0.3802,0.0495,0.002406,4.266
981990,520,436,956,221,6,181,339.06,0.9903,0.5459,0.188411,36,9,0,45.99,1.0000,0.0850,0.005705,4.280
981996,520,419,939,249,4,83,15.52,0.9973,0.5644,0.208547,1,32,5,145.85,0.9914,0.1105,0.010504,4.273
981998,520,461,981,183,59,212,319.25,0.8549,0.5296,0.179499,10,1,29,295.22,0.9057,0.0450,0.001749,4.435
982021,520,431,951,241,29,82,16.09,0.9686,0.5549,0.201920,44,7,12,16.52,0.7427,0.0992,0.007141,4.409
982052,520,424,944,193,40,251,313.65,0.9802,0.5604,0.198213,25,19,45,292.11,0.5064,0.1076,0.008619,4.234
982056,520,399,919,207,46,249,317.77,0.9723,0.5845,0.220606,32,17,79,286.76,0.8091,0.1415,0.012725,4.314
982057,520,471,991,226,20,67,18.55,0.9762,0.5167,0.170772,6,1,31,284.15,0.9401,0.0428,0.001594,4.279
982074,520,466,986,165,39,251,305.42,0.9796,0.5181,0.164161,18,4,4,21.76,0.5466,0.0486,0.002242,4.099
982075,520,441,961,238,2,90,12.06,0.9979,0.5423,0.189620,36,2,45,318.41,0.8713,0.0940,0.006080,4.273
982078,520,463,983,212,48,137,352.80,0.8380,0.5265,0.179194,19,6,4,33.52,0.4864,0.0544,0.002775,4.343
982088,520,475,995,212,65,40,32.17,0.9044,0.5191,0.179332,0,3,17,259.28,1.0000,0.0313,0.001056,4.492
982089,520,330,850,244,78,188,344.13,0.9099,0.6361,0.283156,59,42,47,359.41,0.2139,0.2056,0.027910,4.276
982107,520,437,957,229,38,125,0.24,0.9144,0.5475,0.195277,17,10,52,283.52,0.7875,0.0885,0.005842,4.392
982124,520,437,957,242,6,77,16.58,0.9952,0.5488,0.195467,17,22,15,136.80,0.2340,0.0923,0.007275,4.286
982129,520,455,975,204,30,198,329.89,0.9378,0.5331,0.178450,6,12,26,263.97,0.4921,0.0635,0.003762,4.249
982142,520,418,938,247,20,15,29.06,0.9914,0.5561,0.203126,30,27,18,91.82,0.2385,0.1198,0.011036,4.147
982202,520,461,981,210,68,95,13.29,0.7774,0.5289,0.186644,12,8,10,345.79,0.1476,0.0528,0.002737,4.487
982209,520,454,974,205,67,121,0.21,0.7492,0.5266,0.183760,13,8,42,283.58,0.7530,0.0727,0.004264,4.308
982214,520,455,975,164,55,250,304.47,0.9694,0.5287,0.175276,0,0,53,264.05,1.0000,0.0581,0.002570,4.285
982234,520,434,954,171,83,220,311.35,0.7952,0.5475,0.200125,45,6,7,23.56,0.8219,0.0986,0.007036,4.385
982237,520,351,871,211,113,176,342.44,0.6241,0.6270,0.287954,35,51,9,128.10,0.8566,0.1949,0.027447,4.364
982259,520,447,967,210,68,134,355.64,0.7615,0.5417,0.195593,6,12,53,269.32,0.8853,0.0848,0.005587,4.418
982269,520,352,872,243,56,205,337.96,0.9396,0.6229,0.262937,80,22,8,34.68,0.8694,0.1924,0.022971,4.289
982271,520,473,993,201,76,68,26.88,0.7677,0.5169,0.180058,3,4,11,273.42,0.4168,0.0346,0.001304,4.484
982279,520,380,900,186,111,196,322.71,0.6126,0.5984,0.257945,27,43,4,129.30,0.9232,0.1620,0.019695,4.418
982282,520,449,969,198,54,199,327.73,0.8598,0.5402,0.187693,32,4,17,354.06,0.7050,0.0741,0.004344,4.374
982288,520,426,946,191,54,240,315.01,0.9291,0.5586,0.200072,5,4,85,267.45,0.9909,0.1105,0.007749,4.330
982296,520,467,987,226,15,80,14.21,0.9800,0.5177,0.170925,10,5,12,317.52,0.3539,0.0447,0.001996,4.249
982302,520,381,901,222,50,238,324.17,0.9555,0.6033,0.239859,48,34,24,56.73,0.3122,0.1626,0.018384,4.239
982311,520,318,838,242,67,250,326.12,0.9822,0.6571,0.297962,94,17,3,32.95,0.9671,0.2156,0.027876,4.468
982320,520,430,950,224,4,178,340.65,0.9937,0.5495,0.191510,27,9,55,295.82,0.7849,0.1003,0.007042,4.234
982329,520,479,999,229,4,30,26.47,0.9975,0.5140,0.168416,1,0,3,302.89,1.0000,0.0124,0.000130,4.357
982330,520,480,1000,152,82,207,307.28,0.7408,0.5110,0.172155,0,0,0,0.00,0.0000,0.0000,0.000000,4.443
982334,520,448,968,223,32,141,352.90,0.9202,0.5385,0.186467,4,20,30,236.86,0.6352,0.0839,0.006198,4.208
982353,520,410,930,180,81,232,311.78,0.8549,0.5659,0.214153,53,8,46,335.03,0.7535,0.1325,0.011279,4.311
982366,520,454,974,226,44,84,15.28,0.9137,0.5337,0.186130,12,17,8,131.57,0.3566,0.0730,0.004966,4.296
982368,520,465,985,200,41,171,337.02,0.8622,0.5157,0.168074,24,0,14,345.66,1.0000,0.0516,0.002259,4.173
982370,520,429,949,224,66,66,25.08,0.8769,0.5469,0.201398,23,23,5,109.03,0.6276,0.0984,0.008059,4.330
982371,520,400,920,201,78,206,326.16,0.8069,0.5754,0.223241,14,8,103,270.16,0.9836,0.1450,0.012462,4.375
982385,520,376,896,211,99,175,341.38,0.6812,0.6037,0.258695,11,41,47,213.10,0.6402,0.1584,0.018622,4.499
982386,520,448,968,164,79,230,306.75,0.8423,0.5398,0.191982,0,22,12,163.10,1.0000,0.0796,0.006003,4.321
982392,520,319,839,248,56,244,329.07,0.9758,0.6546,0.293193,78,11,99,315.95,0.8632,0.2214,0.027601,4.423
982400,520,418,938,135,100,253,288.98,0.9713,0.5576,0.213569,36,23,15,52.55,0.3473,0.1165,0.010224,4.376
982404,520,445,965,203,45,193,331.01,0.8848,0.5374,0.184254,13,9,49,279.98,0.8085,0.0807,0.005027,4.257
982410,520,390,910,229,61,186,340.36,0.8804,0.5922,0.235432,16,37,42,214.98,0.4500,0.1460,0.016004,4.324
982429,520,437,957,219,53,159,346.62,0.8498,0.5537,0.201119,28,7,51,300.89,0.7923,0.0950,0.006379,4.454
982436,520,328,848,212,121,183,340.19,0.6134,0.6455,0.310923,15,58,41,163.37,0.8112,0.2128,0.032876,4.355
982446,520,459,979,148,93,217,301.49,0.7424,0.5315,0.191346,15,10,22,302.69,0.3660,0.0648,0.003766,4.489
982449,520,448,968,213,13,189,334.79,0.9780,0.5372,0.181103,0,19,24,214.92,1.0000,0.0753,0.005317,4.178
982457,520,455,975,203,4,203,328.35,0.9935,0.5262,0.170970,22,7,10,7.05,0.4360,0.0622,0.003445,4.135
982460,520,404,924,218,13,233,324.72,0.9917,0.5761,0.210786,63,3,11,20.33,0.9399,0.1334,0.011462,4.243
982476,520,437,957,192,39,244,314.92,0.9599,0.5524,0.191905,7,20,44,261.15,0.6667,0.0948,0.007273,4.224
982477,520,304,824,242,85,240,328.36,0.9497,0.6684,0.316680,42,46,96,276.96,0.5724,0.2263,0.032907,4.423
982480,520,434,954,227,29,156,348.57,0.9401,0.5515,0.196126,10,26,26,195.58,0.4234,0.1024,0.008779,4.187
982499,520,364,884,236,13,243,326.74,0.9953,0.6143,0.245943,75,11,6,29.67,0.9213,0.1678,0.017486,4.385
982502,520,444,964,230,43,66,21.32,0.9389,0.5375,0.189471,7,20,16,172.49,0.4447,0.0798,0.005829,4.289
982504,520,467,987,225,45,37,28.55,0.9499,0.5250,0.180207,4,4,16,280.57,0.5482,0.0381,0.001501,4.470
982511,520,441,961,241,6,51,23.11,0.9964,0.5425,0.190734,43,3,13,9.98,0.8295,0.0914,0.006079,4.293
982523,520,283,803,241,128,153,7.07,0.7623,0.6885,0.364415,34,69,18,137.40,0.9129,0.2541,0.046399,4.299
982524,520,447,967,190,1,252,313.29,0.9994,0.5425,0.179984,8,2,66,272.41,0.9875,0.0841,0.004884,4.190
982527,520,317,837,254,46,247,329.79,0.9966,0.6603,0.297433,50,49,53,297.42,0.0571,0.2152,0.031318,4.273
982534,520,301,821,218,126,197,336.00,0.6679,0.6690,0.338600,71,50,10,79.20,0.7939,0.2343,0.036429,4.496
982537,520,400,920,214,70,189,335.57,0.8222,0.5771,0.223526,17,26,76,270.28,0.7974,0.1426,0.013797,4.287
982538,520,391,911,193,87,228,316.81,0.8383,0.5895,0.237565,64,15,14,25.42,0.7785,0.1503,0.014635,4.449
982570,520,397,917,225,67,170,345.00,0.8332,0.5830,0.229266,37,33,11,99.18,0.5695,0.1429,0.015052,4.293
982573,520,408,928,240,13,161,349.48,0.9855,0.5737,0.213894,27,10,78,284.38,0.8943,0.1255,0.010001,4.398
982583,520,437,957,237,30,93,12.20,0.9587,0.5496,0.197266,4,21,36,246.28,0.6803,0.0901,0.006895,4.346
982584,520,469,989,229,25,51,23.43,0.9763,0.5226,0.175953,13,5,4,30.57,0.3527,0.0449,0.002029,4.343
982587,520,448,968,159,81,235,303.61,0.8587,0.5401,0.192544,41,3,1,31.03,0.9538,0.0845,0.005388,4.379
982588,520,431,951,145,96,242,294.96,0.8659,0.5523,0.207963,6,19,53,264.45,0.8117,0.0992,0.007615,4.477
982589,520,401,921,229,62,149,353.30,0.8443,0.5759,0.222759,47,22,43,333.22,0.4771,0.1415,0.013526,4.294
982597,520,448,968,233,40,66,21.15,0.9487,0.5416,0.192376,22,14,21,330.63,0.2526,0.0800,0.005388,4.376
982615,520,425,945,207,24,228,323.00,0.9760,0.5569,0.195219,55,1,14,13.22,0.9576,0.1138,0.008658,4.181
982631,520,473,993,119,88,249,285.79,0.9467,0.5178,0.177406,2,4,8,255.89,0.3739,0.0323,0.001173,4.444
982639,520,319,839,232,111,174,349.71,0.7501,0.6543,0.315830,38,48,82,270.16,0.4548,0.2174,0.031351,4.497
982642,520,369,889,194,98,226,316.94,0.8050,0.6054,0.256968,8,47,27,156.51,0.9009,0.1690,0.021637,4.285
982656,520,453,973,115,102,242,282.57,0.8771,0.5332,0.195580,15,13,26,290.26,0.3548,0.0729,0.004640,4.495
982659,520,455,975,220,54,97,11.10,0.8556,0.5334,0.187196,10,11,9,128.48,0.0820,0.0572,0.003236,4.456
982670,520,430,950,223,41,149,350.51,0.8933,0.5474,0.194464,48,0,21,359.39,1.0000,0.0995,0.006826,4.302
982673,520,431,951,236,4,133,357.52,0.9943,0.5520,0.196162,26,20,18,39.28,0.1400,0.0972,0.007636,4.271
982674,520,477,997,212,21,131,353.57,0.9371,0.5073,0.161744,5,0,9,314.44,1.0000,0.0236,0.000520,4.191
982686,520,37,557,224,248,219,140.28,0.6782,0.9463,0.880960,45,127,49,144.06,0.9362,0.4538,0.159578,4.442
982692,520,473,993,217,49,75,18.25,0.8898,0.5176,0.174589,4,2,16,288.65,0.7102,0.0325,0.001066,4.398
982694,520,452,972,226,51,52,26.16,0.9296,0.5337,0.187872,1,11,47,263.04,0.9533,0.0736,0.004510,4.364
982716,520,365,885,246,43,185,344.16,0.9517,0.6090,0.248265,42,37,33,61.02,0.1056,0.1655,0.019252,4.307
982719,520,479,999,208,63,25,34.80,0.9417,0.5077,0.170374,0,1,0,142.50,1.0000,0.0135,0.000217,4.388
982747,520,292,812,251,123,93,34.44,0.9435,0.6809,0.354685,28,62,62,195.44,0.4966,0.2399,0.040398,4.477
982753,520,364,884,243,55,189,342.62,0.9279,0.6136,0.254642,59,31,30,22.47,0.4021,0.1739,0.020036,4.350
982754,520,342,862,252,64,179,348.12,0.9721,0.6324,0.276202,65,37,16,55.65,0.6096,0.1940,0.024845,4.358
982755,520,408,928,224,86,64,31.45,0.8389,0.5723,0.228756,39,27,25,29.39,0.2129,0.1331,0.012854,4.435
982766,520,477,997,183,78,132,350.74,0.6317,0.5075,0.171834,4,1,7,310.77,0.6480,0.0247,0.000629,4.382
982787,520,445,965,201,7,220,323.47,0.9921,0.5358,0.177385,33,8,15,4.88,0.5779,0.0821,0.005315,4.111
982796,520,430,950,224,73,52,30.95,0.8886,0.5533,0.208630,4,24,37,239.25,0.7023,0.0988,0.008126,4.449
982800,520,369,889,250,77,39,33.69,0.9731,0.6061,0.257817,69,21,24,19.75,0.6714,0.1714,0.018677,4.482
982803,520,464,984,169,33,248,307.49,0.9679,0.5174,0.163008,1,8,27,259.01,0.8526,0.0514,0.002592,4.050
982815,520,392,912,176,97,245,305.81,0.8937,0.5931,0.243727,27,30,66,276.92,0.5620,0.1504,0.015549,4.481
982828,520,330,850,245,79,181,346.80,0.9090,0.6357,0.283436,94,2,35,9.09,0.9630,0.2090,0.025449,4.419
982857,520,170,690,247,190,21,86.18,0.9804,0.8025,0.566572,11,96,59,157.79,0.9686,0.3446,0.087523,4.483
982859,520,310,830,253,77,212,338.78,0.9864,0.6623,0.309470,40,34,122,277.84,0.8425,0.2242,0.030002,4.493
982863,520,338,858,254,56,198,342.48,0.9927,0.6387,0.279797,48,38,79,292.76,0.5094,0.2003,0.025791,4.351
982917,520,378,898,216,57,244,321.04,0.9527,0.6031,0.240587,30,19,96,279.63,0.8833,0.1613,0.015862,4.412
982918,520,397,917,231,50,164,347.63,0.8935,0.5758,0.219532,30,17,83,283.58,0.8395,0.1437,0.013014,4.277
982938,520,390,910,210,75,215,326.35,0.8551,0.5915,0.236419,59,20,20,22.55,0.6204,0.1496,0.014808,4.420
982940,520,431,951,181,61,239,311.84,0.9154,0.5493,0.193942,31,1,60,300.51,0.9672,0.0987,0.006393,4.326
982946,520,386,906,241,15,195,339.80,0.9885,0.5934,0.229855,1,27,91,262.51,0.9859,0.1532,0.015455,4.276
982967,520,447,967,188,59,211,321.12,0.8575,0.5368,0.185238,38,1,7,14.55,0.9272,0.0766,0.004492,4.317
982982,520,423,943,236,55,44,28.77,0.9421,0.5565,0.207502,6,16,71,267.29,0.9309,0.1110,0.008642,4.391
983004,520,397,917,235,56,144,355.93,0.8785,0.5795,0.225070,27,35,12,125.21,0.5898,0.1382,0.014616,4.257
983022,520,462,982,217,44,131,355.96,0.8645,0.5304,0.181942,4,6,34,271.89,0.8366,0.0548,0.002715,4.400
983025,520,455,975,195,65,172,335.65,0.7710,0.5300,0.183629,16,5,22,313.21,0.5843,0.0556,0.002766,4.428
983030,520,374,894,202,64,255,314.45,1.0000,0.5959,0.234447,65,5,59,332.93,0.8303,0.1607,0.015483,4.344
983040,520,450,970,230,33,86,13.90,0.9464,0.5351,0.185856,1,1,57,265.68,0.9959,0.0659,0.003235,4.430
983117,520,375,895,251,13,162,351.43,0.9901,0.5957,0.234092,62,5,67,324.40,0.8509,0.1609,0.015381,4.345
983119,520,302,822,252,100,172,353.82,0.9500,0.6693,0.327914,18,63,48,167.46,0.7705,0.2329,0.038969,4.248
983127,520,369,889,231,37,242,325.65,0.9780,0.6133,0.247252,0,10,126,264.20,0.9929,0.1742,0.017233,4.421
983128,520,468,988,180,74,185,325.86,0.7354,0.5246,0.181048,5,3,17,289.05,0.6311,0.0370,0.001379,4.497
983138,520,182,702,250,160,240,330.83,0.9687,0.7916,0.517588,19,93,48,151.69,0.9519,0.3336,0.081802,4.306
983145,520,477,997,205,66,51,29.67,0.8583,0.5081,0.171168,0,0,11,264.05,1.0000,0.0166,0.000242,4.402
983147,520,466,986,158,56,247,303.05,0.9533,0.5188,0.168133,23,0,23,328.36,1.0000,0.0546,0.002440,4.160
983161,520,351,871,254,90,34,37.39,0.9934,0.6293,0.285022,50,41,51,322.91,0.1792,0.1931,0.025030,4.465
983194,520,433,953,237,26,114,4.83,0.9607,0.5537,0.199614,24,21,20,39.36,0.0676,0.0981,0.007810,4.318
983216,520,442,962,186,76,195,324.61,0.7605,0.5427,0.195494,20,13,36,295.50,0.5291,0.0839,0.005639,4.412
983220,520,118,638,249,207,143,77.58,0.7896,0.8561,0.667501,21,109,10,141.75,0.9918,0.3833,0.111182,4.452
983232,520,408,928,205,43,233,320.97,0.9488,0.5671,0.205918,16,29,60,264.95,0.6172,0.1350,0.013151,4.052
983242,520,477,997,188,51,187,328.33,0.8335,0.5127,0.166484,0,1,16,263.65,1.0015,0.0242,0.000591,4.279
983248,520,452,972,222,10,139,352.70,0.9786,0.5275,0.176134,13,5,46,283.83,0.8591,0.0708,0.003914,4.194
983258,520,48,568,249,237,201,91.76,0.7155,0.9376,0.849258,43,124,41,142.84,0.9473,0.4423,0.150884,4.476
983263,520,469,989,165,57,236,307.59,0.9059,0.5197,0.169824,19,2,2,24.35,0.7692,0.0444,0.001863,4.239
983277,520,373,893,251,3,173,348.06,0.9979,0.5988,0.235949,48,33,36,5.52,0.2191,0.1640,0.018435,4.178
983288,520,339,859,237,80,211,335.14,0.8986,0.6383,0.284475,19,55,12,140.62,0.9449,0.1979,0.028973,4.235
983304,520,414,934,242,11,149,353.63,0.9879,0.5719,0.212897,39,24,19,39.21,0.3121,0.1241,0.011317,4.288
983306,520,453,973,136,97,226,293.87,0.7750,0.5316,0.192746,30,4,20,345.26,0.6935,0.0720,0.004134,4.484
983307,520,446,966,169,91,191,318.43,0.6601,0.5377,0.196796,9,9,54,273.94,0.8895,0.0827,0.005198,4.471
983363,520,396,916,194,66,248,313.55,0.9570,0.5805,0.221443,58,4,54,331.62,0.8336,0.1427,0.012528,4.341
983368,520,458,978,231,32,59,22.12,0.9643,0.5314,0.183408,5,16,5,143.97,0.6862,0.0643,0.004138,4.311
983385,520,455,975,176,64,221,314.33,0.8568,0.5310,0.181183,8,14,2,127.64,0.7398,0.0607,0.003701,4.305
983387,520,401,921,236,75,64,28.02,0.9028,0.5800,0.232382,11,32,54,251.64,0.6236,0.1358,0.013705,4.433
983393,520,452,972,191,18,232,317.78,0.9817,0.5312,0.173366,3,12,33,261.26,0.7427,0.0656,0.003921,4.142
983417,520,380,900,235,92,4,42.78,0.9940,0.5963,0.253281,14,38,56,243.53,0.5846,0.1558,0.017650,4.483
983419,520,343,863,237,61,234,328.81,0.9514,0.6337,0.272850,23,36,94,269.19,0.7824,0.1866,0.022520,4.452
983430,520,455,975,216,35,153,347.19,0.8997,0.5321,0.181033,29,3,3,25.04,0.8225,0.0627,0.003330,4.332
983434,520,446,966,238,7,75,16.79,0.9939,0.5401,0.188404,32,6,10,12.93,0.6462,0.0755,0.004593,4.367
983435,520,363,883,245,24,206,337.80,0.9840,0.6097,0.245250,10,47,6,141.55,0.9709,0.1658,0.021106,4.152
983442,520,454,974,186,79,162,337.08,0.6756,0.5280,0.186411,19,2,40,299.63,0.8848,0.0658,0.003351,4.431
983446,520,339,859,249,43,238,330.76,0.9798,0.6444,0.280435,78,26,22,27.31,0.6988,0.1967,0.024167,4.455
983448,520,475,995,184,36,216,319.28,0.9296,0.5153,0.164113,7,2,13,308.10,0.6355,0.0343,0.001176,4.184
983454,520,400,920,196,80,220,320.37,0.8312,0.5793,0.226417,55,16,29,2.39,0.6164,0.1384,0.012716,4.407
983465,520,377,897,181,99,236,309.46,0.8353,0.5962,0.248043,68,15,22,17.23,0.7503,0.1603,0.016287,4.496
983472,520,431,951,174,63,249,307.34,0.9600,0.5496,0.193940,46,7,0,37.37,1.0000,0.1005,0.007329,4.255
983473,520,460,980,222,45,92,12.03,0.8941,0.5283,0.181818,1,13,27,247.62,0.8120,0.0624,0.003734,4.314
983476,520,350,870,238,71,209,335.84,0.9099,0.6295,0.272897,72,29,3,47.72,0.8846,0.1877,0.022632,4.446
983477,520,447,967,201,74,146,348.68,0.7172,0.5384,0.193922,16,3,60,282.06,0.9510,0.0846,0.005015,4.434
983487,520,342,862,207,87,255,314.72,1.0000,0.6282,0.273032,66,18,81,316.88,0.7623,0.1923,0.021851,4.496
983490,520,95,615,226,219,242,299.64,0.4866,0.8881,0.732427,12,115,29,144.53,0.9917,0.4032,0.124278,4.490
983495,520,431,951,147,87,250,295.69,0.9462,0.5467,0.199217,32,21,3,79.29,0.7483,0.1037,0.008500,4.260
983506,520,446,966,222,23,163,344.98,0.9519,0.5427,0.187893,27,4,39,311.89,0.7888,0.0789,0.004664,4.352
983527,520,439,959,188,75,196,325.02,0.7697,0.5452,0.197104,5,6,66,268.98,0.9717,0.0886,0.005558,4.448
983544,520,474,994,226,34,17,30.05,0.9811,0.5180,0.173562,9,0,15,315.11,1.0000,0.0318,0.000926,4.390
983548,520,433,953,237,4,130,358.71,0.9945,0.5529,0.197062,11,25,10,142.65,0.6206,0.0951,0.007883,4.268
983552,520,410,930,210,52,220,325.41,0.9185,0.5725,0.213268,30,22,65,287.47,0.6539,0.1348,0.012315,4.225
983557,520,439,959,230,3,147,351.65,0.9949,0.5455,0.189976,19,20,17,122.02,0.0865,0.0894,0.006792,4.225
983581,520,457,977,209,78,2,41.82,0.9942,0.5285,0.190107,20,10,1,72.21,0.7901,0.0631,0.003680,4.473
983582,520,349,869,245,16,241,329.23,0.9950,0.6292,0.261368,49,0,119,289.14,1.0000,0.1911,0.019849,4.458
983596,520,466,986,215,47,103,6.94,0.8593,0.5191,0.174618,17,2,16,330.00,0.7055,0.0470,0.002000,4.320
983620,520,373,893,225,102,78,32.70,0.7789,0.6009,0.260628,35,40,19,119.91,0.4599,0.1624,0.019219,4.488
983641,520,375,895,227,32,233,326.82,0.9770,0.5979,0.232494,14,2,118,268.97,0.9974,0.1605,0.014447,4.383
983662,520,478,998,188,24,210,322.22,0.9553,0.5110,0.159992,1,0,10,281.20,1.0000,0.0178,0.000284,4.176
983674,520,456,976,228,22,93,10.46,0.9647,0.5275,0.178610,10,8,26,286.21,0.5309,0.0584,0.003128,4.303
983679,520,365,885,235,57,199,337.78,0.9183,0.6063,0.247146,43,40,4,104.65,0.8578,0.1689,0.020400,4.221
983682,520,355,875,249,85,62,30.93,0.9613,0.6163,0.269879,68,27,31,15.99,0.5494,0.1817,0.021119,4.498
983691,520,409,929,253,8,11,28.86,0.9973,0.5657,0.210843,37,28,9,84.20,0.5687,0.1291,0.012436,4.178
983695,520,463,983,189,71,176,332.31,0.7434,0.5296,0.184613,19,0,28,314.65,1.0000,0.0522,0.002223,4.493
983696,520,469,989,129,94,224,291.88,0.7769,0.5171,0.180543,0,5,19,254.98,0.9999,0.0381,0.001555,4.472
983698,520,334,854,250,5,254,327.49,0.9990,0.6447,0.275913,45,50,8,116.07,0.8185,0.2012,0.028566,4.148
983703,520,470,990,199,69,115,2.13,0.7227,0.5161,0.176381,7,7,6,106.79,0.0578,0.0446,0.002103,4.345
983711,520,446,966,222,64,40,31.58,0.9224,0.5374,0.193523,15,18,23,260.64,0.1578,0.0830,0.005960,4.352
983712,520,458,978,214,0,184,336.44,1.0000,0.5332,0.177591,5,15,6,147.18,0.5852,0.0620,0.003871,4.225
983720,520,366,886,201,84,243,315.84,0.9202,0.6074,0.252305,4,43,56,225.37,0.8543,0.1669,0.020390,4.295
983721,520,453,973,233,21,33,26.89,0.9861,0.5276,0.179729,29,7,7,22.28,0.5947,0.0716,0.004285,4.232
983725,520,364,884,223,39,255,320.76,1.0000,0.6105,0.243611,11,34,85,263.15,0.8534,0.1670,0.018710,4.273
983730,520,468,988,206,52,129,354.93,0.8080,0.5153,0.171649,1,5,16,257.09,0.7210,0.0375,0.001524,4.302
983733,520,447,967,223,56,90,14.52,0.8660,0.5394,0.192572,5,15,41,264.21,0.7410,0.0796,0.005340,4.383
983738,520,409,929,244,47,86,16.84,0.9403,0.5726,0.219414,8,28,62,260.24,0.7690,0.1298,0.012299,4.325
983741,520,421,941,241,50,8,32.45,0.9929,0.5602,0.210028,36,14,41,319.94,0.5824,0.1092,0.008493,4.445
983746,520,466,986,228,26,36,26.63,0.9788,0.5193,0.173631,13,4,21,308.19,0.6193,0.0496,0.002265,4.279
983747,520,462,982,187,41,227,317.32,0.9344,0.5321,0.176980,0,9,30,256.45,0.9999,0.0547,0.002891,4.291
983749,520,390,910,225,89,126,6.40,0.7423,0.5926,0.246611,22,37,45,232.38,0.3252,0.1514,0.016831,4.438
983769,520,390,910,230,74,149,354.76,0.8114,0.5903,0.238931,68,9,6,28.71,0.9134,0.1504,0.014377,4.488
983782,520,414,934,253,14,68,20.18,0.9927,0.5722,0.216179,2,19,80,264.15,0.9512,0.1248,0.010578,4.394
983784,520,458,978,213,70,61,27.56,0.8464,0.5299,0.188657,7,14,14,196.05,0.2430,0.0634,0.003909,4.427
983816,520,441,961,191,89,141,350.41,0.6070,0.5416,0.201457,13,23,15,150.14,0.3578,0.0919,0.007328,4.386
983825,520,316,836,215,103,252,316.91,0.9750,0.6585,0.311773,8,63,29,150.99,0.9647,0.2244,0.036952,4.161
983831,520,465,985,211,40,140,350.88,0.8654,0.5197,0.172622,5,7,13,266.38,0.2808,0.0452,0.002133,4.270
983838,520,463,983,204,50,176,336.64,0.8442,0.5329,0.182551,3,6,23,268.73,0.6739,0.0461,0.002115,4.462
983847,520,384,904,247,19,162,350.73,0.9820,0.5894,0.228519,47,23,54,318.24,0.5391,0.1500,0.014835,4.296
983860,520,409,929,249,28,95,12.91,0.9737,0.5739,0.218000,2,35,43,217.37,0.8934,0.1337,0.013893,4.195
983864,520,439,959,197,45,219,322.13,0.9200,0.5450,0.188631,18,5,64,281.95,0.9290,0.0941,0.006073,4.256
983874,520,422,942,246,2,111,6.47,0.9981,0.5647,0.207874,49,7,4,29.77,0.8777,0.1074,0.008138,4.436
983879,520,374,894,241,0,210,335.79,1.0000,0.5993,0.233569,8,5,119,266.81,0.9948,0.1623,0.014919,4.368
983892,520,355,875,244,5,235,330.40,0.9983,0.6214,0.253427,83,0,12,22.16,1.0000,0.1765,0.018659,4.419
983897,520,387,907,204,82,207,326.74,0.8031,0.5857,0.233786,44,32,11,79.54,0.5830,0.1493,0.015927,4.305
983900,520,316,836,209,117,239,317.29,0.8610,0.6636,0.325112,8,55,79,236.93,0.8203,0.2195,0.033483,4.493
983906,520,313,833,241,94,211,336.52,0.9069,0.6613,0.314119,59,52,7,100.02,0.8492,0.2231,0.034012,4.334
983908,520,454,974,189,78,163,337.67,0.6892,0.5319,0.189134,4,17,15,183.72,0.5412,0.0691,0.004612,4.379
983913,520,448,968,188,51,230,316.57,0.9171,0.5436,0.187734,29,6,33,321.60,0.6897,0.0810,0.005013,4.321
983924,520,417,937,216,21,220,327.30,0.9795,0.5655,0.203047,34,14,62,298.19,0.7426,0.1226,0.010020,4.216
983925,520,458,978,223,6,149,349.50,0.9876,0.5331,0.179908,19,7,3,46.65,0.5254,0.0562,0.002970,4.340
983927,520,406,926,222,73,160,348.40,0.7952,0.5797,0.228351,43,26,12,59.23,0.5057,0.1331,0.012790,4.433
983938,520,163,683,236,195,88,88.16,0.7934,0.8057,0.575691,4,101,24,144.85,0.9965,0.3542,0.093987,4.345
983943,520,413,933,219,44,198,333.88,0.9192,0.5679,0.209409,52,0,49,331.03,1.0000,0.1229,0.009519,4.358
983964,520,414,934,251,33,2,30.71,0.9987,0.5696,0.216050,14,27,49,260.36,0.5342,0.1204,0.010989,4.362
983966,520,419,939,228,62,122,3.61,0.8393,0.5640,0.213471,4,17,69,265.52,0.9310,0.1096,0.008563,4.499
983972,520,415,935,237,60,79,20.35,0.9061,0.5682,0.218039,7,17,79,267.49,0.9408,0.1225,0.010105,4.459
983974,520,341,861,225,110,153,358.19,0.6839,0.6338,0.294615,73,36,2,57.27,0.9168,0.2036,0.026828,4.486
983976,520,0,520,255,255,255,0.00,0.0000,1.0000,1.000000,17,138,60,148.82,0.9861,0.4840,0.186216,4.445
983979,520,407,927,223,79,93,18.35,0.7923,0.5663,0.220728,35,28,23,57.48,0.1724,0.1298,0.012497,4.332
983982,520,461,981,176,63,226,313.15,0.8718,0.5338,0.182771,11,0,41,287.45,1.0000,0.0543,0.002312,4.450
984020,520,359,879,225,64,238,324.71,0.9394,0.6193,0.258495,55,32,61,319.13,0.4576,0.1840,0.021822,4.295
984021,520,211,731,244,167,120,51.93,0.7720,0.7591,0.482288,24,86,43,149.87,0.9226,0.3106,0.070239,4.427
984037,520,419,939,235,58,63,24.70,0.9212,0.5596,0.210502,16,27,34,236.96,0.3033,0.1128,0.010095,4.335
984049,520,439,959,240,45,3,32.12,0.9973,0.5541,0.204119,3,22,32,232.84,0.7261,0.0898,0.006974,4.460
984068,520,374,894,205,87,225,321.61,0.8437,0.6050,0.252333,29,39,42,218.01,0.1746,0.1613,0.018794,4.395
984076,520,200,720,212,172,238,311.68,0.7051,0.7700,0.496758,13,88,78,181.22,0.9095,0.3249,0.076147,4.334
984086,520,474,994,197,7,214,323.88,0.9904,0.5243,0.168790,14,1,1,25.24,0.8368,0.0344,0.001173,4.276
984088,520,359,879,247,70,147,358.58,0.9165,0.6159,0.262643,11,49,37,168.33,0.7954,0.1799,0.024012,4.224
984090,520,432,952,246,10,57,22.20,0.9944,0.5548,0.201089,9,10,71,270.89,0.9485,0.1030,0.007300,4.382
984103,520,465,985,228,19,72,17.17,0.9774,0.5215,0.174306,0,6,32,261.14,1.0000,0.0496,0.002345,4.285
984105,520,389,909,224,71,170,344.99,0.8181,0.5855,0.232585,66,10,21,14.82,0.8019,0.1500,0.014297,4.395
984110,520,387,907,188,84,248,310.52,0.9413,0.5928,0.238103,15,30,73,266.07,0.7524,0.1479,0.015111,4.425
984114,520,432,952,225,33,160,346.91,0.9271,0.5516,0.196359,20,4,69,282.40,0.9494,0.1003,0.006652,4.349
984135,520,480,1000,204,69,52,30.29,0.8460,0.5102,0.173437,0,0,0,0.00,0.0000,0.0000,0.000000,4.469
984153,520,373,893,223,97,134,4.19,0.7065,0.6035,0.259609,28,42,13,130.70,0.6999,0.1609,0.019318,4.466
984165,520,432,952,218,39,184,337.71,0.9154,0.5546,0.198195,32,18,19,14.67,0.2885,0.1006,0.007867,4.289
984178,520,378,898,249,5,181,345.37,0.9965,0.5992,0.235878,22,35,70,266.51,0.5935,0.1622,0.018148,4.195
984180,520,385,905,241,36,173,346.49,0.9516,0.5898,0.229827,5,29,82,262.58,0.9222,0.1496,0.015201,4.292
984187,520,453,973,203,67,137,352.42,0.7466,0.5292,0.185189,25,4,24,329.52,0.6840,0.0663,0.003595,4.388
984199,520,430,950,209,19,211,327.79,0.9754,0.5463,0.187262,32,16,21,359.79,0.3421,0.0971,0.007318,4.139
984201,520,478,998,119,96,222,287.56,0.7687,0.5090,0.175614,1,2,7,266.83,0.5685,0.0241,0.000652,4.454
984205,520,410,930,247,34,104,10.19,0.9606,0.5749,0.219212,5,33,42,222.88,0.7452,0.1285,0.012871,4.282
984211,520,405,925,213,42,231,323.62,0.9540,0.5782,0.215735,7,34,36,201.98,0.6711,0.1294,0.013165,4.207
984232,520,394,914,200,84,222,320.95,0.8328,0.5917,0.238953,21,38,6,132.88,0.8797,0.1417,0.015588,4.406
984254,520,425,945,199,80,176,335.86,0.7277,0.5576,0.210157,41,1,60,311.32,0.9578,0.1137,0.008194,4.470
984255,520,329,849,248,59,239,330.25,0.9736,0.6536,0.293192,42,40,99,280.40,0.6532,0.2150,0.029106,4.338
984270,520,407,927,175,78,255,305.31,1.0000,0.5731,0.217834,42,22,38,334.47,0.4067,0.1314,0.012061,4.316
984282,520,429,949,230,43,117,3.75,0.9040,0.5501,0.198380,4,0,83,267.00,1.0000,0.1015,0.006503,4.396
984311,520,478,998,189,48,177,331.86,0.8284,0.5054,0.161086,1,1,2,284.11,0.2654,0.0171,0.000325,4.194
984313,520,358,878,244,47,213,335.90,0.9598,0.6229,0.260732,32,43,48,227.38,0.1916,0.1783,0.022482,4.287
984347,520,397,917,191,99,193,326.51,0.6695,0.5831,0.238515,21,36,14,136.46,0.6332,0.1367,0.014529,4.471
984385,520,427,947,235,4,155,350.17,0.9945,0.5593,0.201185,41,10,30,343.94,0.6267,0.1047,0.007823,4.344
984393,520,361,881,201,86,253,313.39,0.9831,0.6170,0.261662,44,31,84,290.72,0.6438,0.1848,0.021555,4.356
984399,520,431,951,239,0,101,8.60,1.0000,0.5469,0.192936,38,15,12,28.73,0.5089,0.1016,0.007803,4.203
984408,520,412,932,172,83,251,304.67,0.9603,0.5724,0.219228,29,29,3,109.45,0.8193,0.1211,0.011465,4.380
984413,520,399,919,217,42,220,327.41,0.9462,0.5772,0.215770,50,16,51,326.48,0.6480,0.1408,0.012878,4.227
984415,520,270,790,252,102,233,332.91,0.9842,0.7001,0.360841,85,51,36,44.37,0.4499,0.2622,0.044266,4.358
984418,520,409,929,236,68,45,31.07,0.9307,0.5696,0.221596,38,24,38,326.58,0.3292,0.1301,0.012053,4.377
984421,520,426,946,223,12,194,335.87,0.9852,0.5586,0.198484,3,4,82,266.32,0.9913,0.1052,0.007153,4.348
984422,520,448,968,221,20,165,344.05,0.9593,0.5408,0.185916,18,8,49,287.50,0.7898,0.0834,0.005240,4.271
984428,520,390,910,252,31,136,0.29,0.9755,0.5933,0.234566,19,29,70,269.63,0.6867,0.1452,0.014593,4.406
984437,520,381,901,228,85,155,353.24,0.7741,0.6026,0.253600,48,34,21,63.73,0.3725,0.1619,0.018266,4.447
984438,520,395,915,238,43,173,346.03,0.9321,0.5882,0.229250,37,9,85,291.07,0.8983,0.1435,0.012446,4.472
984441,520,421,941,240,26,119,3.63,0.9635,0.5614,0.205992,35,18,28,344.15,0.3647,0.1083,0.008738,4.358
984450,520,461,981,182,65,212,318.65,0.8358,0.5345,0.184803,10,4,30,290.06,0.7520,0.0526,0.002451,4.477
984458,520,426,946,219,42,192,335.61,0.9174,0.5630,0.205241,17,27,12,135.76,0.4943,0.1057,0.009296,4.305
984474,520,209,729,252,164,70,64.06,0.9508,0.7562,0.476911,67,77,57,129.47,0.2563,0.3137,0.067964,4.467
984497,520,268,788,235,140,148,14.85,0.6793,0.7001,0.385586,43,69,32,137.07,0.6554,0.2624,0.048740,4.411
984504,520,431,951,245,6,19,28.15,0.9975,0.5484,0.195933,13,10,63,275.55,0.9001,0.0964,0.006615,4.344
984536,520,422,942,234,22,157,349.62,0.9661,0.5627,0.205035,16,8,74,276.14,0.9419,0.1084,0.007782,4.414
984538,520,479,999,143,96,180,308.56,0.5633,0.5057,0.175010,2,0,3,318.71,1.0000,0.0147,0.000195,4.483
984543,520,410,930,207,79,177,338.00,0.7534,0.5698,0.220335,7,33,47,235.79,0.6860,0.1323,0.013381,4.265
984552,520,348,868,253,10,227,334.25,0.9968,0.6333,0.266490,65,34,14,51.47,0.6434,0.1869,0.022997,4.336
984575,520,365,885,208,116,133,8.91,0.5490,0.6117,0.275959,15,47,36,167.75,0.6732,0.1746,0.022619,4.489
984605,520,429,949,139,93,248,292.26,0.9220,0.5457,0.200949,11,16,60,271.61,0.8385,0.1023,0.007679,4.351
984613,520,135,655,250,204,18,92.00,0.9884,0.8376,0.635552,32,102,75,163.83,0.8170,0.3744,0.103174,4.476
984619,520,475,995,204,53,156,343.78,0.8119,0.5248,0.177859,7,0,19,302.43,1.0000,0.0320,0.000922,4.475
984639,520,333,853,246,68,205,338.92,0.9434,0.6381,0.281378,77,9,81,325.58,0.8334,0.2031,0.023675,4.498
984646,520,453,973,210,26,182,336.12,0.9403,0.5319,0.178199,14,14,7,107.93,0.2805,0.0670,0.004228,4.208
984664,520,358,878,231,109,79,35.01,0.8007,0.6226,0.284933,18,51,15,142.00,0.9148,0.1842,0.025307,4.448
984665,520,371,891,252,57,149,357.60,0.9691,0.6142,0.257951,28,45,19,135.67,0.6250,0.1715,0.021706,4.295
984669,520,446,966,213,60,144,351.28,0.8018,0.5425,0.193937,2,19,22,208.98,0.7538,0.0758,0.005366,4.406
984671,520,452,972,155,91,201,308.97,0.6823,0.5254,0.186683,21,8,31,308.24,0.5977,0.0726,0.004320,4.357
984695,520,447,967,228,10,143,352.66,0.9823,0.5412,0.186970,0,21,16,176.40,1.0000,0.0778,0.005737,4.252
984699,520,430,950,212,36,204,330.36,0.9369,0.5544,0.196205,22,21,19,84.59,0.0575,0.0956,0.007539,4.279
984703,520,470,990,223,49,44,27.70,0.9363,0.5249,0.180692,6,6,2,108.44,0.4206,0.0397,0.001734,4.459
984721,520,392,912,238,7,208,335.64,0.9954,0.5938,0.228860,33,35,36,228.93,0.0362,0.1511,0.016528,4.192
984722,520,409,929,238,71,0,36.93,1.0000,0.5744,0.226868,21,22,69,276.47,0.7413,0.1302,0.011629,4.493
984734,520,472,992,224,21,80,14.29,0.9680,0.5155,0.169656,11,1,6,344.90,0.6984,0.0328,0.001060,4.302
984736,520,472,992,205,16,187,333.30,0.9664,0.5220,0.169396,3,0,23,282.04,1.0000,0.0302,0.000812,4.318
984751,520,449,969,237,37,3,31.26,0.9972,0.5425,0.193375,18,11,29,300.39,0.4741,0.0735,0.004567,4.460
984760,520,467,987,191,52,186,329.57,0.8321,0.5181,0.170791,4,6,8,243.12,0.1777,0.0399,0.001736,4.268
984774,520,386,906,250,5,167,349.64,0.9962,0.5945,0.232260,35,36,22,111.46,0.3064,0.1514,0.016770,4.227
984777,520,220,740,255,150,153,18.53,1.0000,0.7483,0.453753,34,75,97,234.49,0.5617,0.3008,0.062351,4.484
984778,520,441,961,221,15,157,346.54,0.9691,0.5351,0.181507,22,22,4,109.13,0.6703,0.0945,0.007532,4.024
984783,520,457,977,177,39,242,310.97,0.9530,0.5276,0.172099,8,14,11,163.54,0.2292,0.0632,0.003899,4.121
984790,520,422,942,190,53,249,312.75,0.9671,0.5635,0.203341,15,2,81,274.73,0.9898,0.1084,0.007390,4.414
984793,520,466,986,221,24,113,2.23,0.9440,0.5199,0.172203,11,0,35,292.40,1.0000,0.0487,0.001925,4.279
984821,520,299,819,240,122,128,18.26,0.7816,0.6694,0.340055,48,56,58,214.47,0.0982,0.2350,0.037622,4.452
984822,520,475,995,199,70,114,2.84,0.7184,0.5170,0.177392,1,2,16,269.50,0.8603,0.0289,0.000873,4.470
984832,520,380,900,243,33,184,343.56,0.9639,0.5976,0.236062,18,32,77,267.23,0.7333,0.1581,0.016974,4.271
984858,520,471,991,181,4,247,311.80,0.9971,0.5245,0.166271,16,0,5,356.50,1.0000,0.0360,0.001211,4.223
984859,520,475,995,180,73,174,329.87,0.7152,0.5166,0.175256,1,4,8,243.70,0.5539,0.0311,0.001108,4.407
984861,520,388,908,248,48,103,11.87,0.9488,0.5852,0.230531,14,2,113,269.41,0.9970,0.1531,0.013289,4.433
984866,520,198,718,251,171,37,73.38,0.9614,0.7669,0.497711,3,85,92,204.61,0.9695,0.3197,0.072887,4.457
984883,520,470,990,174,62,212,316.10,0.8386,0.5190,0.171984,4,4,26,276.64,0.7746,0.0442,0.001872,4.279
984914,520,444,964,189,44,232,316.63,0.9359,0.5413,0.184477,10,19,17,179.22,0.2682,0.0794,0.005707,4.209
984920,520,480,1000,211,62,32,33.13,0.9277,0.5129,0.174008,0,0,0,0.00,0.0000,0.0000,0.000000,4.480
984930,520,435,955,205,39,208,327.37,0.9268,0.5466,0.189861,24,18,8,79.99,0.3850,0.0874,0.006443,4.250
984952,520,363,883,233,69,193,339.39,0.8803,0.6104,0.254327,62,28,8,48.35,0.7356,0.1681,0.018723,4.428
984975,520,389,909,194,87,224,318.23,0.8236,0.5883,0.236688,14,23,88,269.30,0.9081,0.1474,0.014107,4.472
984994,520,412,932,252,24,29,27.94,0.9894,0.5689,0.214412,35,23,34,329.27,0.2865,0.1219,0.010856,4.345
985011,520,373,893,177,122,177,326.66,0.4515,0.5981,0.264413,8,45,24,154.34,0.9031,0.1614,0.019943,4.495
985028,520,436,956,243,3,68,19.05,0.9979,0.5486,0.195406,38,10,16,9.40,0.5872,0.0940,0.006666,4.331
985030,520,422,942,204,66,198,329.71,0.8307,0.5614,0.208128,35,14,37,323.98,0.5439,0.1053,0.008050,4.447
985036,520,454,974,221,18,145,350.60,0.9594,0.5303,0.178517,11,16,16,196.42,0.1411,0.0720,0.004791,4.171
985046,520,441,961,226,62,51,28.51,0.9101,0.5443,0.198558,15,20,31,265.37,0.3017,0.0919,0.007008,4.360
985064,520,466,986,223,34,89,12.05,0.9306,0.5220,0.175561,13,6,1,71.06,0.6901,0.0463,0.002180,4.323
985079,520,457,977,228,40,33,28.59,0.9617,0.5271,0.181243,24,6,1,45.86,0.7981,0.0604,0.003267,4.341
985095,520,456,976,164,69,233,307.01,0.8757,0.5292,0.180326,4,11,19,247.80,0.4492,0.0560,0.003122,4.336
985117,520,325,845,176,129,253,299.25,0.9474,0.6536,0.320227,1,61,6,143.74,0.9979,0.2120,0.033569,4.430
985124,520,479,999,217,43,45,26.40,0.9396,0.5077,0.166715,0,1,1,194.77,1.0000,0.0143,0.000239,4.314
985127,520,398,918,194,73,240,315.00,0.9125,0.5820,0.225269,41,5,78,298.93,0.9155,0.1366,0.011300,4.490
985136,520,427,947,228,11,181,340.76,0.9856,0.5602,0.200722,30,21,7,77.59,0.5205,0.1019,0.008277,4.302
985148,520,375,895,238,80,121,8.65,0.8425,0.6021,0.252979,67,21,2,41.74,0.9225,0.1637,0.017342,4.499
985152,520,472,992,221,34,79,15.31,0.9350,0.5155,0.170834,4,5,2,121.23,0.3605,0.0349,0.001387,4.297
985153,520,419,939,247,26,68,20.36,0.9805,0.5635,0.209339,27,25,18,93.98,0.1879,0.1111,0.009720,4.343
985177,520,398,918,254,13,74,18.71,0.9947,0.5750,0.218569,32,18,74,288.27,0.7685,0.1380,0.012341,4.308
985178,520,445,965,219,28,172,341.49,0.9387,0.5439,0.188715,16,10,46,284.78,0.7353,0.0822,0.005245,4.321
985179,520,372,892,234,99,50,39.27,0.8908,0.6077,0.266492,49,38,24,72.88,0.3395,0.1744,0.021052,4.454
985223,520,247,767,249,119,233,332.29,0.9662,0.7190,0.392191,58,57,111,281.93,0.5229,0.2790,0.049734,4.434
985233,520,393,913,237,24,192,339.80,0.9754,0.5870,0.224664,24,7,98,276.85,0.9705,0.1440,0.012279,4.410
985244,520,389,909,231,67,155,351.95,0.8391,0.5870,0.233725,5,20,100,265.72,0.9645,0.1525,0.014526,4.397
985261,520,480,1000,117,98,216,286.98,0.7340,0.5062,0.174749,0,0,0,0.00,0.0000,0.0000,0.000000,4.495
985263,520,394,914,226,42,213,331.53,0.9485,0.5882,0.226312,46,6,75,305.10,0.8843,0.1419,0.012191,4.443
985288,520,386,906,210,69,221,324.81,0.8827,0.5888,0.231801,29,31,53,278.93,0.3769,0.1454,0.014982,4.337
985289,520,449,969,184,70,203,321.66,0.7991,0.5372,0.188837,31,3,15,355.98,0.7393,0.0698,0.003910,4.430
985291,520,182,702,203,187,219,307.82,0.3603,0.7853,0.533519,41,91,29,139.96,0.9188,0.3322,0.080420,4.474
985330,520,452,972,156,70,248,301.07,0.9476,0.5325,0.182259,21,13,5,68.76,0.4411,0.0716,0.004582,4.255
985334,520,369,889,252,75,3,36.61,0.9977,0.6060,0.257378,20,45,26,150.05,0.6323,0.1676,0.021000,4.329
985335,520,471,991,201,75,90,16.50,0.7232,0.5203,0.181898,18,1,10,345.98,0.7714,0.0434,0.001722,4.484
985336,520,379,899,253,13,163,351.53,0.9908,0.6001,0.238184,45,27,64,304.57,0.5491,0.1619,0.017119,4.294
985357,520,470,990,227,2,103,6.09,0.9966,0.5227,0.173565,6,3,26,284.89,0.7811,0.0438,0.001784,4.317
985370,520,376,896,198,112,156,348.95,0.5297,0.5980,0.259958,15,45,18,145.55,0.8672,0.1630,0.020219,4.414
985393,520,453,973,183,43,233,314.65,0.9364,0.5320,0.176794,23,11,12,14.14,0.3117,0.0719,0.004481,4.163
985407,520,473,993,189,63,171,334.04,0.7665,0.5170,0.173156,4,1,18,289.61,0.8483,0.0308,0.000912,4.383
985444,520,23,543,254,244,247,356.99,0.7943,0.9718,0.924879,45,130,48,143.78,0.9421,0.4633,0.167359,4.485
985449,520,355,875,224,54,250,321.83,0.9790,0.6179,0.253898,78,14,9,29.12,0.8949,0.1779,0.019538,4.370
985452,520,381,901,249,18,186,344.07,0.9874,0.6045,0.241208,14,45,17,145.36,0.8889,0.1624,0.020105,4.154
985460,520,461,981,207,71,93,14.58,0.7577,0.5266,0.185643,1,10,21,245.53,0.7673,0.0522,0.002777,4.465
985461,520,418,938,210,80,139,355.19,0.7150,0.5589,0.213051,22,29,11,126.46,0.5192,0.1156,0.010735,4.331
985473,520,464,984,197,75,124,358.37,0.6885,0.5238,0.183595,4,10,19,253.38,0.4502,0.0538,0.002899,4.416
985475,520,352,872,242,84,151,357.82,0.8589,0.6240,0.274552,42,46,34,122.72,0.2150,0.1912,0.025617,4.292
985493,520,457,977,224,40,105,6.91,0.9043,0.5323,0.183875,3,16,10,165.18,0.6689,0.0642,0.004118,4.322
985496,520,401,921,224,38,207,332.64,0.9485,0.5786,0.217409,67,2,2,28.40,0.9811,0.1398,0.012413,4.284
985543,520,443,963,236,0,87,12.69,1.0000,0.5369,0.185242,3,19,33,245.15,0.7069,0.0823,0.005949,4.205
985550,520,332,852,222,128,30,59.62,0.9111,0.6378,0.310638,24,56,17,140.18,0.8961,0.2046,0.030629,4.473
985552,520,352,872,216,76,236,322.44,0.9125,0.6156,0.258257,44,31,85,290.36,0.6505,0.1856,0.021713,4.298
985594,520,438,958,242,7,62,20.65,0.9954,0.5464,0.193804,19,9,55,285.32,0.8153,0.0917,0.006096,4.346
985597,520,284,804,200,137,247,309.28,0.8695,0.6920,0.368868,6,71,19,145.53,0.9880,0.2500,0.045920,4.367
985603,520,420,940,242,8,116,4.35,0.9913,0.5592,0.203152,16,13,71,275.56,0.8949,0.1120,0.008529,4.325
985604,520,449,969,239,10,75,16.98,0.9916,0.5429,0.190791,0,6,54,263.86,1.0026,0.0710,0.003966,4.462
985611,520,453,973,157,73,238,303.11,0.8890,0.5290,0.181067,23,1,39,307.52,0.9222,0.0680,0.003504,4.319
985620,520,461,981,149,70,255,297.44,1.0000,0.5300,0.179901,0,2,44,264.19,0.9881,0.0519,0.002252,4.400
985637,520,380,900,214,56,244,320.53,0.9521,0.5991,0.236579,31,39,37,178.52,0.1333,0.1610,0.018759,4.168
985648,520,330,850,254,100,36,40.00,0.9925,0.6432,0.303160,30,51,63,234.53,0.3712,0.2079,0.030025,4.413
985649,520,435,955,195,32,245,315.72,0.9715,0.5541,0.192291,25,8,52,295.56,0.7869,0.0937,0.006283,4.305
985655,520,358,878,215,73,254,317.96,0.9940,0.6234,0.263696,65,19,67,326.07,0.7021,0.1813,0.019950,4.485
985658,520,479,999,151,74,225,303.57,0.8326,0.5118,0.169135,1,0,3,302.89,1.0000,0.0124,0.000130,4.371
985669,520,479,999,200,40,157,341.80,0.8513,0.5072,0.162332,2,0,3,318.71,1.0000,0.0147,0.000195,4.230
985683,520,459,979,233,29,18,29.43,0.9827,0.5301,0.182492,17,0,40,297.97,1.0000,0.0595,0.002724,4.410
985705,520,330,850,251,30,231,332.88,0.9875,0.6376,0.272104,81,21,70,336.04,0.7159,0.2147,0.027281,4.168
985717,520,447,967,232,28,86,13.75,0.9596,0.5366,0.186612,14,14,39,280.15,0.5766,0.0823,0.005539,4.260
985722,520,369,889,238,23,224,331.63,0.9867,0.6076,0.241745,76,4,31,6.02,0.8920,0.1687,0.017225,4.340
985723,520,356,876,235,89,147,358.82,0.8008,0.6168,0.269162,51,34,55,319.82,0.3569,0.1794,0.021237,4.480
985738,520,380,900,241,56,165,349.87,0.9041,0.5994,0.242487,10,39,66,249.93,0.7167,0.1638,0.019088,4.234
985764,520,420,940,196,54,237,317.17,0.9278,0.5640,0.204899,36,4,60,305.18,0.8808,0.1100,0.007882,4.404
985775,520,470,990,163,50,249,304.65,0.9664,0.5219,0.169079,4,2,28,279.04,0.8939,0.0408,0.001531,4.251
985778,520,384,904,213,29,253,318.82,0.9915,0.5880,0.221185,56,24,21,26.81,0.5238,0.1518,0.015483,4.141
985790,520,454,974,191,42,218,320.71,0.9212,0.5323,0.177957,2,11,40,263.26,0.8860,0.0682,0.004054,4.217
985799,520,474,994,171,55,225,312.21,0.8881,0.5173,0.168274,3,4,3,145.17,0.1439,0.0313,0.001128,4.269
985801,520,332,852,241,110,62,39.82,0.8872,0.6385,0.302033,14,53,48,183.37,0.7151,0.1984,0.028529,4.483
985813,520,445,965,221,39,132,356.10,0.8919,0.5351,0.184917,22,17,6,86.83,0.4519,0.0822,0.005846,4.206
985834,520,392,912,213,50,237,322.04,0.9475,0.5879,0.225436,51,18,53,325.30,0.6287,0.1468,0.013935,4.308
985846,520,262,782,254,98,248,329.29,0.9962,0.7066,0.365863,20,67,82,222.97,0.6994,0.2619,0.047720,4.256
985867,520,447,967,224,29,145,351.61,0.9321,0.5407,0.187730,15,20,9,128.30,0.3876,0.0836,0.006216,4.229
985879,520,389,909,199,93,202,326.43,0.7402,0.5905,0.242365,14,39,44,212.47,0.5329,0.1520,0.017262,4.347
985885,520,312,832,211,112,241,317.82,0.8861,0.6595,0.317895,23,56,67,222.50,0.5480,0.2211,0.034156,4.372
985909,520,415,935,241,5,144,354.93,0.9941,0.5667,0.208261,31,29,2,105.54,0.8756,0.1232,0.011744,4.183
985941,520,442,962,192,10,244,315.45,0.9930,0.5407,0.179566,18,4,56,285.91,0.9117,0.0838,0.005009,4.173
985942,520,356,876,209,86,242,318.46,0.9207,0.6208,0.266232,58,31,47,344.26,0.4009,0.1789,0.020848,4.463
985948,520,432,952,201,76,165,340.69,0.7306,0.5499,0.203048,7,27,25,186.72,0.5735,0.1033,0.008992,4.290
985960,520,422,942,225,36,174,342.48,0.9270,0.5603,0.203279,21,27,26,184.30,0.1247,0.1133,0.010179,4.209
985965,520,442,962,184,70,202,321.95,0.7966,0.5366,0.188362,5,8,57,269.49,0.9427,0.0814,0.005013,4.333
985968,520,435,955,178,64,236,311.39,0.8991,0.5457,0.191888,6,22,34,242.55,0.5789,0.0928,0.007280,4.223
985979,520,457,977,178,81,182,325.98,0.6941,0.5296,0.187284,4,12,26,257.78,0.5736,0.0619,0.003633,4.424
985982,520,399,919,226,75,141,357.27,0.7907,0.5813,0.231265,10,40,6,141.16,0.9560,0.1419,0.015952,4.265
985990,520,295,815,255,79,236,332.67,1.0000,0.6806,0.329111,88,40,11,47.88,0.7908,0.2396,0.036168,4.400
986001,520,460,980,232,2,87,12.23,0.9975,0.5289,0.178904,13,2,38,291.37,0.8938,0.0576,0.002689,4.344
986003,520,436,956,224,58,97,12.29,0.8554,0.5450,0.197392,15,17,46,276.74,0.6124,0.0947,0.006997,4.340
986005,520,398,918,244,63,26,32.90,0.9730,0.5786,0.228661,67,2,16,16.26,0.9526,0.1422,0.012743,4.441
986013,520,436,956,154,81,254,298.18,0.9892,0.5496,0.199109,3,18,45,259.20,0.8233,0.0883,0.006414,4.416
986024,520,464,984,220,42,80,15.77,0.9105,0.5191,0.174534,4,8,20,264.53,0.4990,0.0499,0.002500,4.277
986025,520,476,996,207,49,106,4.51,0.8279,0.5061,0.165049,1,0,7,286.54,1.0000,0.0158,0.000218,4.282
986029,520,318,838,239,121,101,31.08,0.8182,0.6599,0.329677,4,61,28,151.83,0.9813,0.2161,0.034470,4.495
986030,520,385,905,227,96,27,43.32,0.9396,0.5891,0.247784,14,38,41,206.19,0.5135,0.1475,0.016396,4.485
986055,520,255,775,248,147,76,53.39,0.9022,0.7174,0.413484,4,76,35,151.39,0.9885,0.2697,0.053158,4.493
986061,520,302,822,250,66,255,326.90,1.0000,0.6725,0.314432,93,27,11,34.65,0.8684,0.2268,0.031356,4.479
986066,520,468,988,146,71,249,297.37,0.9541,0.5222,0.174572,6,4,16,291.39,0.5235,0.0401,0.001630,4.350
986090,520,480,1000,206,66,32,34.50,0.9151,0.5080,0.171248,0,0,0,0.00,0.0000,0.0000,0.000000,4.425
986093,520,341,861,219,79,241,321.95,0.9318,0.6268,0.270047,41,48,41,145.17,0.1462,0.1983,0.027454,4.132
986109,520,427,947,208,19,234,321.89,0.9849,0.5614,0.198180,31,0,65,297.58,1.0000,0.1025,0.006730,4.375
986139,520,454,974,180,17,250,310.72,0.9880,0.5288,0.170074,18,11,24,308.26,0.3819,0.0708,0.004339,4.050
986143,520,418,938,242,7,128,0.37,0.9920,0.5630,0.205910,5,20,75,265.45,0.9261,0.1226,0.010405,4.237
986151,520,475,995,225,30,68,18.92,0.9573,0.5193,0.173563,5,2,4,337.56,0.3453,0.0279,0.000845,4.397
986191,520,389,909,255,48,21,30.91,1.0000,0.5877,0.234319,15,40,17,145.40,0.7927,0.1462,0.016596,4.269
986197,520,2,522,255,255,255,0.00,0.0000,1.0000,1.000000,20,139,7,141.99,0.9966,0.4829,0.186285,4.444
986200,520,464,984,224,7,109,3.60,0.9867,0.5195,0.171062,20,3,4,17.65,0.6528,0.0489,0.002226,4.233
986207,520,400,920,238,74,49,31.55,0.9226,0.5807,0.232995,31,31,49,283.65,0.3119,0.1448,0.014930,4.358
986261,520,415,935,243,39,114,6.64,0.9426,0.5724,0.217239,49,12,26,0.03,0.6422,0.1201,0.009906,4.461
986274,520,405,925,207,81,197,330.92,0.7875,0.5833,0.231832,26,32,15,124.67,0.4419,0.1289,0.012871,4.483
986292,520,439,959,210,65,155,346.55,0.7841,0.5473,0.198509,9,22,24,208.16,0.3733,0.0896,0.006978,4.361
986293,520,362,882,253,71,79,23.21,0.9851,0.6101,0.259572,44,42,2,106.69,0.9309,0.1756,0.021958,4.302
986299,520,460,980,206,24,188,333.29,0.9469,0.5274,0.174079,11,7,27,290.05,0.5814,0.0578,0.003022,4.226
986302,520,464,984,227,10,102,6.67,0.9839,0.5242,0.175102,20,5,6,16.01,0.5064,0.0541,0.002704,4.271
986305,520,449,969,218,58,107,7.37,0.8275,0.5363,0.189956,23,9,24,324.65,0.4786,0.0729,0.004435,4.408
986322,520,456,976,226,47,48,26.50,0.9403,0.5298,0.184180,13,1,38,292.29,0.9414,0.0555,0.002472,4.463
986331,520,417,937,178,87,234,310.08,0.8495,0.5729,0.222227,26,29,25,137.83,0.1045,0.1231,0.011685,4.413
986340,520,315,835,253,47,244,330.25,0.9929,0.6573,0.294504,89,21,52,356.80,0.7248,0.2210,0.029085,4.356
986354,520,435,955,215,28,201,331.98,0.9555,0.5537,0.194968,1,26,14,160.44,0.9652,0.0930,0.007769,4.240
986355,520,393,913,226,43,211,332.07,0.9448,0.5876,0.226020,41,29,26,34.44,0.2118,0.1411,0.014248,4.296
986366,520,408,928,233,34,169,345.88,0.9422,0.5717,0.213351,49,18,30,357.57,0.5249,0.1313,0.011794,4.262
986374,520,458,978,232,9,92,10.81,0.9886,0.5317,0.181269,18,0,34,305.66,1.0000,0.0555,0.002441,4.410
986378,520,412,932,247,10,122,3.26,0.9907,0.5718,0.213998,29,28,12,105.34,0.4417,0.1200,0.011183,4.315
986389,520,373,893,231,12,241,326.03,0.9951,0.6040,0.236052,7,8,119,266.46,0.9919,0.1647,0.015506,4.367
986397,520,390,910,230,49,197,337.01,0.9241,0.5903,0.230534,20,30,68,269.45,0.6446,0.1466,0.014946,4.320
986410,520,353,873,248,10,222,334.37,0.9961,0.6211,0.254506,73,22,5,38.24,0.8766,0.1777,0.020015,4.349
986451,520,377,897,217,68,222,326.57,0.8979,0.5997,0.241618,75,6,9,25.32,0.9406,0.1633,0.016461,4.388
986457,520,261,781,244,124,215,337.22,0.9054,0.7106,0.385571,53,60,89,273.21,0.3339,0.2669,0.047098,4.486
986465,520,465,985,181,88,137,349.13,0.5727,0.5224,0.186107,12,7,20,301.23,0.4391,0.0547,0.002806,4.471
986468,520,310,830,235,127,85,41.47,0.7866,0.6615,0.334993,16,61,33,152.58,0.8887,0.2209,0.035573,4.499
986477,520,284,804,252,104,205,341.90,0.9703,0.6887,0.350067,37,49,121,271.38,0.7484,0.2515,0.039702,4.460
986485,520,390,910,245,28,156,352.41,0.9664,0.5860,0.226466,26,40,22,138.87,0.4681,0.1549,0.017951,4.069
986491,520,401,921,232,58,150,353.27,0.8658,0.5781,0.223867,58,10,36,351.58,0.7290,0.1390,0.012441,4.386
986495,520,379,899,215,113,78,39.44,0.6997,0.6036,0.268095,14,46,11,141.93,0.9339,0.1647,0.020714,4.498
986507,520,328,848,235,71,246,325.25,0.9652,0.6469,0.288248,65,46,2,82.93,0.9436,0.2145,0.030823,4.185
986520,520,421,941,210,58,186,335.21,0.8450,0.5563,0.202749,12,26,39,247.86,0.4577,0.1101,0.009634,4.238
986529,520,457,977,207,64,139,352.23,0.7700,0.5337,0.187983,20,1,38,303.90,0.9245,0.0633,0.003104,4.481
986547,520,326,846,241,84,208,337.19,0.9106,0.6477,0.295982,44,33,108,283.19,0.7649,0.2113,0.027058,4.490
986554,520,374,894,245,26,178,345.63,0.9743,0.5954,0.233688,42,28,69,296.82,0.5751,0.1639,0.017524,4.201
986579,520,424,944,207,34,229,322.63,0.9615,0.5621,0.200684,43,7,45,325.70,0.7511,0.1128,0.008551,4.281
986603,520,452,972,178,85,175,328.62,0.6568,0.5316,0.190582,0,20,11,164.20,1.0000,0.0734,0.005244,4.355
986604,520,471,991,230,0,82,13.51,1.0000,0.5230,0.174352,18,1,8,351.66,0.7709,0.0427,0.001679,4.341
986621,520,362,882,232,21,237,327.14,0.9896,0.6052,0.238090,63,34,15,52.18,0.6124,0.1837,0.022354,3.982
986628,520,475,995,232,4,13,28.48,0.9979,0.5195,0.172748,6,2,3,359.80,0.3648,0.0287,0.000887,4.377
986652,520,455,975,232,41,9,31.42,0.9909,0.5349,0.187645,7,9,24,275.13,0.4859,0.0569,0.003065,4.478
986695,520,477,997,192,57,165,337.07,0.7853,0.5122,0.168510,3,0,1,353.79,1.0000,0.0152,0.000216,4.351
986711,520,463,983,189,65,189,327.84,0.7911,0.5301,0.182750,9,7,23,287.58,0.5113,0.0537,0.002719,4.415
986712,520,470,990,198,63,157,342.21,0.7654,0.5249,0.179969,2,6,8,222.28,0.3979,0.0378,0.001607,4.456
986713,520,292,812,217,120,236,320.87,0.8565,0.6774,0.342423,69,53,21,82.63,0.6086,0.2407,0.038657,4.426
986736,520,391,911,241,58,125,4.23,0.8913,0.5859,0.232107,56,18,42,344.38,0.6032,0.1490,0.014407,4.380
986746,520,457,977,223,50,66,21.88,0.9118,0.5289,0.183653,10,9,26,284.05,0.4976,0.0605,0.003345,4.380
986751,520,450,970,213,38,180,337.63,0.9057,0.5426,0.188298,3,17,7,153.41,0.7878,0.0660,0.004356,4.384
986759,520,427,947,199,39,238,318.24,0.9572,0.5587,0.197677,37,8,45,318.19,0.7295,0.1044,0.007565,4.303
986764,520,436,956,202,17,232,320.80,0.9850,0.5491,0.187853,15,4,63,279.46,0.9496,0.0888,0.005472,4.288
986776,520,237,757,204,156,248,307.43,0.8514,0.7337,0.433922,24,74,98,233.16,0.6964,0.2940,0.059733,4.410
986810,520,459,979,200,68,151,345.61,0.7443,0.5313,0.186498,9,4,36,283.84,0.8286,0.0565,0.002723,4.486
986811,520,352,872,246,40,210,337.09,0.9688,0.6207,0.257666,48,46,16,105.41,0.6111,0.1937,0.026198,4.038
986812,520,458,978,227,53,25,31.77,0.9652,0.5350,0.189502,26,3,18,342.76,0.7058,0.0629,0.003284,4.495
986815,520,340,860,254,50,210,339.00,0.9940,0.6408,0.280084,92,5,20,20.20,0.9524,0.2031,0.024348,4.440
986816,520,479,999,193,19,205,325.02,0.9650,0.5139,0.162126,1,0,2,311.99,1.0000,0.0114,0.000108,4.233
986823,520,469,989,131,88,236,291.90,0.8520,0.5186,0.178608,21,1,0,33.39,1.0000,0.0442,0.001812,4.412
986827,520,367,887,238,27,232,329.70,0.9856,0.6142,0.247899,56,32,38,3.63,0.3360,0.1741,0.020138,4.247
986829,520,376,896,239,18,211,335.12,0.9882,0.5998,0.234893,14,27,94,267.99,0.9062,0.1620,0.016853,4.262
986856,520,459,979,183,92,119,2.63,0.5426,0.5255,0.190549,19,9,12,359.82,0.2895,0.0631,0.003604,4.488
986858,520,356,876,248,25,210,337.43,0.9853,0.6178,0.253080,2,40,82,254.55,0.9404,0.1764,0.021396,4.245
986871,520,463,983,184,69,196,323.82,0.7857,0.5314,0.184334,20,3,17,334.19,0.6600,0.0537,0.002543,4.460
986894,520,464,984,215,58,27,32.88,0.9484,0.5159,0.175548,1,6,27,262.63,0.8843,0.0468,0.002158,4.324
986896,520,438,958,223,3,175,341.29,0.9950,0.5457,0.188508,8,16,44,268.13,0.6958,0.0862,0.006040,4.256
986904,520,431,951,201,76,171,338.30,0.7399,0.5530,0.205284,9,21,46,263.13,0.6388,0.1000,0.007916,4.408
986912,520,360,880,225,77,214,330.97,0.8790,0.6171,0.261725,9,52,1,140.43,0.9961,0.1822,0.025162,4.147
986921,520,432,952,239,38,45,26.31,0.9678,0.5499,0.199297,48,2,18,4.88,0.8719,0.1014,0.007156,4.362
986929,520,354,874,249,58,165,351.70,0.9461,0.6158,0.258857,57,32,45,347.79,0.3654,0.1786,0.020924,4.355
986934,520,315,835,234,80,253,323.12,0.9908,0.6588,0.303238,28,32,130,271.42,0.9242,0.2212,0.028914,4.476
986946,520,412,932,209,74,176,338.77,0.7750,0.5663,0.215894,9,27,53,257.79,0.6711,0.1205,0.010989,4.360
986948,520,459,979,202,16,208,326.73,0.9763,0.5309,0.174830,4,6,42,270.79,0.9086,0.0618,0.003232,4.224
986959,520,285,805,244,125,149,8.65,0.7983,0.6867,0.360729,44,61,61,196.18,0.2084,0.2473,0.042098,4.460
986970,520,392,912,202,115,66,48.55,0.6910,0.5854,0.252131,0,44,4,144.29,1.0000,0.1512,0.018101,4.437
986986,520,409,929,238,37,143,355.62,0.9356,0.5714,0.214865,41,16,60,307.36,0.6941,0.1335,0.011683,4.294
987019,520,353,873,241,55,204,337.76,0.9373,0.6180,0.257956,83,4,23,15.70,0.9376,0.1822,0.019880,4.407
987022,520,433,953,238,29,66,20.45,0.9716,0.5457,0.194525,34,11,44,314.23,0.6653,0.1035,0.007613,4.244
987031,520,301,821,247,87,224,334.03,0.9566,0.6694,0.319751,6,48,119,260.70,0.9487,0.2334,0.034843,4.358
987032,520,416,936,221,13,213,330.34,0.9881,0.5673,0.204664,47,4,45,330.16,0.8063,0.1159,0.008807,4.330
987049,520,417,937,161,90,249,300.47,0.9331,0.5669,0.217293,21,31,26,162.96,0.2359,0.1247,0.012140,4.301
987076,520,446,966,220,0,184,337.92,1.0000,0.5445,0.186788,1,22,4,147.19,0.9815,0.0783,0.005890,4.237
987078,520,424,944,195,35,245,315.65,0.9675,0.5556,0.193981,35,22,20,28.78,0.2582,0.1141,0.009817,4.079
987079,520,478,998,197,48,159,340.49,0.8183,0.5092,0.164892,4,0,12,302.69,1.0000,0.0238,0.000524,4.253
987091,520,409,929,219,47,191,335.96,0.9027,0.5658,0.208570,1,37,25,166.35,0.9764,0.1319,0.013997,4.040
987093,520,420,940,241,37,75,18.84,0.9587,0.5577,0.205352,41,0,56,314.65,1.0000,0.1086,0.007570,4.436
987107,520,329,849,253,57,217,337.00,0.9889,0.6477,0.288218,1,43,108,259.62,0.9878,0.2086,0.028167,4.327
987131,520,447,967,223,19,163,345.15,0.9631,0.5432,0.188006,12,14,40,276.44,0.6112,0.0815,0.005454,4.292
987136,520,417,937,247,50,46,27.70,0.9670,0.5747,0.222561,40,23,0,73.45,1.0000,0.1194,0.010640,4.495
987140,520,464,984,196,66,150,344.68,0.7420,0.5215,0.178359,7,10,0,119.83,1.0000,0.0497,0.002623,4.340
987144,520,414,934,219,64,170,343.28,0.8254,0.5694,0.216314,32,16,52,301.40,0.6372,0.1150,0.009256,4.494
987146,520,422,942,232,66,61,26.75,0.9028,0.5616,0.213921,0,31,28,185.80,1.0000,0.1130,0.010638,4.352
987163,520,401,921,217,13,247,321.30,0.9939,0.5849,0.217569,22,34,42,238.09,0.2838,0.1412,0.014818,4.128
987187,520,464,984,162,63,233,306.80,0.8860,0.5194,0.171202,24,0,3,14.36,1.0000,0.0477,0.002008,4.253
987194,520,405,925,234,28,182,342.03,0.9624,0.5775,0.217031,5,26,65,260.90,0.8645,0.1260,0.011526,4.340
987207,520,410,930,170,80,254,303.69,0.9897,0.5683,0.214397,15,24,70,269.93,0.7887,0.1312,0.011970,4.267
987211,520,446,966,218,46,145,351.06,0.8627,0.5397,0.189062,22,13,33,303.32,0.4841,0.0841,0.005682,4.293
987226,520,330,850,251,102,38,40.67,0.9709,0.6409,0.301552,68,37,63,333.04,0.4413,0.2148,0.029111,4.444
987232,520,429,949,215,6,210,329.62,0.9933,0.5531,0.192326,17,26,16,142.16,0.3483,0.1038,0.008954,4.110
987241,520,466,986,190,91,34,46.65,0.8276,0.5173,0.185465,9,4,31,287.15,0.7710,0.0525,0.002438,4.490
987255,520,363,883,235,53,209,334.88,0.9364,0.6089,0.248145,40,13,101,286.98,0.9079,0.1697,0.016785,4.464
987257,520,401,921,208,88,179,337.96,0.7251,0.5846,0.236458,7,40,21,154.34,0.8924,0.1435,0.016168,4.329
987265,520,327,847,243,53,253,325.85,0.9932,0.6502,0.286954,28,51,64,234.56,0.4124,0.2072,0.029846,4.220
987267,520,401,921,250,43,90,15.75,0.9672,0.5828,0.227935,49,15,61,316.04,0.7139,0.1448,0.013316,4.390
987272,520,341,861,237,88,184,344.41,0.8490,0.6341,0.284473,7,49,78,244.50,0.8147,0.2006,0.027917,4.293
987301,520,463,983,228,10,125,358.80,0.9823,0.5340,0.181946,7,2,34,283.24,0.9038,0.0487,0.002041,4.457
987312,520,391,911,243,45,151,354.36,0.9283,0.5892,0.231690,50,20,58,318.76,0.6239,0.1518,0.014840,4.344
987326,520,401,921,238,20,176,344.60,0.9773,0.5790,0.218150,48,21,44,332.92,0.5097,0.1418,0.013466,4.225
987327,520,406,926,233,67,111,9.56,0.8476,0.5752,0.224885,7,33,39,215.58,0.6622,0.1278,0.012793,4.378
987337,520,387,907,206,102,152,351.68,0.6102,0.5909,0.248933,1,39,45,210.41,0.9549,0.1469,0.016469,4.497
987357,520,419,939,249,7,72,18.63,0.9958,0.5629,0.207632,47,5,28,351.35,0.7646,0.1076,0.007968,4.444
987360,520,417,937,192,60,252,312.38,0.9812,0.5750,0.214676,41,18,40,328.74,0.5066,0.1231,0.010573,4.370
987370,520,315,835,252,92,185,348.04,0.9632,0.6644,0.318556,18,60,28,148.49,0.8943,0.2172,0.034440,4.365
987393,520,351,871,211,87,253,316.38,0.9852,0.6325,0.277586,37,46,55,248.52,0.1901,0.1947,0.026231,4.297
987396,520,410,930,199,76,211,324.07,0.8225,0.5730,0.220156,13,36,5,138.29,0.9380,0.1299,0.013582,4.249
987397,520,463,983,228,6,112,3.24,0.9897,0.5285,0.177970,10,0,41,285.85,1.0000,0.0535,0.002246,4.363
987398,520,429,949,234,53,14,32.72,0.9851,0.5486,0.200734,38,14,26,350.41,0.4936,0.1043,0.008008,4.322
987413,520,437,957,159,74,253,300.77,0.9818,0.5457,0.193607,42,5,17,4.66,0.7500,0.0938,0.006413,4.318
987415,520,374,894,249,22,175,347.29,0.9815,0.6002,0.238120,40,14,90,290.68,0.8638,0.1583,0.015034,4.430
987440,520,441,961,194,95,85,27.45,0.6206,0.5388,0.203113,1,18,49,258.50,0.9387,0.0903,0.006608,4.471
987447,520,386,906,249,38,144,357.48,0.9524,0.5938,0.235430,29,20,89,280.22,0.8485,0.1540,0.014827,4.403
987464,520,356,876,253,12,210,338.45,0.9950,0.6235,0.258021,62,34,3,63.67,0.8674,0.1805,0.021749,4.293
987469,520,334,854,240,55,237,328.85,0.9630,0.6360,0.273747,62,42,14,72.73,0.6563,0.2012,0.027119,4.198
987476,520,397,917,191,70,242,313.77,0.9229,0.5757,0.218686,24,36,1,126.33,0.9693,0.1369,0.014581,4.160
987488,520,303,823,213,111,250,316.21,0.9536,0.6662,0.324185,62,50,41,58.70,0.2032,0.2279,0.034655,4.420
987503,520,371,891,236,51,205,336.22,0.9375,0.6069,0.246110,4,38,85,257.87,0.9156,0.1745,0.020678,4.190
987508,520,401,921,216,11,246,321.28,0.9947,0.5820,0.214941,32,19,70,289.46,0.7296,0.1359,0.012150,4.263
987516,520,470,990,204,18,186,333.32,0.9601,0.5202,0.168171,11,5,1,69.62,0.6471,0.0417,0.001819,4.210
987524,520,468,988,189,66,171,334.09,0.7548,0.5205,0.176570,4,6,14,268.62,0.3829,0.0422,0.001878,4.367
987538,520,243,763,250,150,96,48.13,0.9022,0.7289,0.429839,11,78,39,152.04,0.9657,0.2789,0.056662,4.499
987547,520,375,895,237,64,175,346.05,0.8818,0.6037,0.247693,40,34,44,311.79,0.1844,0.1597,0.017770,4.393
987550,520,364,884,223,40,251,321.61,0.9842,0.6081,0.241727,55,30,38,359.54,0.3619,0.1682,0.018808,4.240
987562,520,469,989,203,34,175,336.47,0.8975,0.5189,0.169377,9,5,8,334.24,0.2349,0.0423,0.001842,4.232
987577,520,438,958,235,17,133,357.62,0.9746,0.5530,0.197596,10,22,25,215.33,0.3425,0.0907,0.007085,4.337
987591,520,411,931,231,41,155,350.25,0.9139,0.5654,0.209442,29,20,48,296.51,0.5184,0.1162,0.009749,4.342
987597,520,392,912,242,76,28,35.49,0.9655,0.5890,0.241332,32,36,15,117.97,0.5004,0.1466,0.016033,4.412
987602,520,453,973,182,85,153,340.24,0.6178,0.5263,0.187433,32,3,1,32.14,0.9228,0.0674,0.003744,4.418
987607,520,379,899,210,105,134,4.05,0.6044,0.5955,0.255279,52,32,12,63.74,0.5989,0.1610,0.017897,4.496
987652,520,405,925,199,88,191,330.36,0.7288,0.5769,0.228847,20,31,34,216.44,0.2349,0.1271,0.012442,4.466
987667,520,438,958,201,38,222,322.64,0.9432,0.5492,0.190793,27,1,59,296.51,0.9693,0.0923,0.005705,4.323
987672,520,467,987,221,10,136,353.52,0.9778,0.5242,0.173694,12,0,29,300.58,1.0000,0.0446,0.001669,4.329
987691,520,459,979,195,70,155,342.56,0.7280,0.5271,0.183507,2,7,42,266.47,0.9266,0.0622,0.003320,4.379
987696,520,441,961,200,31,211,325.28,0.9460,0.5356,0.179642,42,0,15,3.30,1.0000,0.0850,0.005268,4.155
987699,520,466,986,201,67,110,4.58,0.7393,0.5155,0.175596,2,8,24,260.13,0.7125,0.0504,0.002525,4.295
987702,520,428,948,180,59,254,308.42,0.9931,0.5583,0.199879,22,0,74,283.45,1.0000,0.1026,0.006650,4.411
987714,520,431,951,243,25,40,26.22,0.9848,0.5511,0.199066,1,5,81,264.93,0.9903,0.1040,0.007090,4.363
987731,520,448,968,204,3,221,324.04,0.9968,0.5409,0.181247,28,2,44,309.21,0.8834,0.0809,0.004722,4.226
987738,520,432,952,129,99,250,287.37,0.9388,0.5474,0.204927,18,10,64,280.27,0.8713,0.1015,0.007158,4.460
987753,520,389,909,239,24,198,338.59,0.9786,0.5940,0.230841,65,11,31,2.95,0.7527,0.1521,0.014623,4.346
987757,520,196,716,244,161,219,338.57,0.8594,0.7770,0.498392,38,86,65,162.88,0.6292,0.3225,0.074490,4.405
987760,520,443,963,237,3,104,7.39,0.9963,0.5441,0.190723,14,17,19,236.98,0.0979,0.0780,0.005413,4.344
987781,520,466,986,218,49,71,19.73,0.8975,0.5189,0.175596,13,0,33,298.01,1.0000,0.0489,0.001954,4.342
987790,520,343,863,250,64,172,349.97,0.9531,0.6257,0.269726,20,45,74,253.59,0.6008,0.1912,0.025198,4.252
987800,520,361,881,218,70,244,321.22,0.9481,0.6179,0.258192,42,27,88,289.22,0.7201,0.1784,0.019807,4.415
987824,520,403,923,194,77,236,315.73,0.8901,0.5837,0.228344,51,19,18,23.67,0.5623,0.1327,0.012133,4.480
987826,520,436,956,237,46,34,29.22,0.9601,0.5502,0.200772,8,23,3,137.03,0.9051,0.0857,0.006710,4.422
987841,520,301,821,238,115,169,354.38,0.7762,0.6679,0.333057,66,50,38,58.31,0.2757,0.2323,0.035795,4.465
987871,520,438,958,173,75,231,310.09,0.8589,0.5475,0.196867,2,1,74,265.96,0.9975,0.0890,0.005290,4.465
987872,520,358,878,232,46,244,325.33,0.9711,0.6214,0.256438,65,8,76,320.30,0.8365,0.1764,0.018194,4.494
987881,520,410,930,253,8,39,25.88,0.9968,0.5673,0.212066,26,32,15,124.67,0.4419,0.1289,0.012871,4.168
987884,520,415,935,232,57,136,358.37,0.8654,0.5717,0.218625,4,18,79,265.51,0.9470,0.1228,0.010229,4.460
987910,520,99,619,251,222,35,99.25,0.9825,0.8808,0.728746,32,114,4,140.18,0.9965,0.4028,0.123500,4.488
987913,520,446,966,239,10,59,21.28,0.9931,0.5402,0.188869,25,15,7,60.31,0.4088,0.0815,0.005637,4.293
987918,520,362,882,230,97,108,17.82,0.7702,0.6077,0.264577,53,34,45,343.91,0.2914,0.1772,0.020905,4.437
987919,520,472,992,192,44,203,324.95,0.8912,0.5245,0.173211,9,0,12,321.28,1.0000,0.0302,0.000846,4.390
987925,520,442,962,198,74,162,340.85,0.7272,0.5408,0.195137,21,10,34,302.81,0.5791,0.0781,0.004920,4.464
987929,520,436,956,150,86,252,296.54,0.9663,0.5504,0.201680,29,18,3,75.60,0.7063,0.0926,0.007004,4.415
987936,520,443,963,228,27,133,356.57,0.9435,0.5427,0.189741,23,1,52,296.31,0.9616,0.0801,0.004518,4.397
987945,520,468,988,232,4,0,29.38,1.0000,0.5191,0.172458,11,1,25,302.08,0.8723,0.0430,0.001630,4.309
987949,520,447,967,220,63,75,21.16,0.8584,0.5375,0.192812,26,10,18,349.52,0.4179,0.0761,0.004804,4.431
987964,520,385,905,194,80,237,315.31,0.8901,0.5881,0.233223,38,28,59,296.99,0.4840,0.1518,0.015583,4.319
987968,520,408,928,199,110,34,55.54,0.8393,0.5675,0.234112,2,37,27,169.79,0.9461,0.1331,0.014151,4.429
987969,520,475,995,217,56,25,32.67,0.9560,0.5177,0.176528,8,0,8,328.36,1.0000,0.0270,0.000692,4.469
987979,520,391,911,228,53,195,337.15,0.9091,0.5886,0.229828,25,37,38,202.57,0.2156,0.1504,0.016697,4.196
987990,520,421,941,237,56,10,33.40,0.9899,0.5573,0.208580,42,19,6,49.32,0.6540,0.1148,0.009712,4.330
987991,520,455,975,210,60,128,357.19,0.7901,0.5304,0.184941,9,11,5,121.37,0.3123,0.0552,0.003084,4.426
988001,520,375,895,233,36,223,330.69,0.9706,0.6035,0.239157,20,6,115,271.79,0.9888,0.1634,0.015167,4.437
988008,520,464,984,107,94,248,280.85,0.9418,0.5165,0.179080,21,1,5,6.56,0.8110,0.0460,0.001921,4.412
988016,520,428,948,244,36,6,30.85,0.9953,0.5567,0.205115,4,27,22,176.82,0.7597,0.1004,0.008676,4.348
988020,520,385,905,239,59,142,357.73,0.8821,0.5889,0.234347,15,40,30,165.26,0.5835,0.1498,0.017128,4.236
988027,520,14,534,255,249,246,48.66,1.0000,0.9836,0.956654,7,136,36,144.92,0.9964,0.4732,0.177801,4.419
988029,520,362,882,246,28,196,340.75,0.9776,0.6074,0.244120,60,18,78,313.76,0.7530,0.1800,0.019434,4.236
988043,520,387,907,253,18,141,358.41,0.9852,0.5924,0.232420,60,19,34,0.10,0.6024,0.1543,0.015420,4.317
988048,520,357,877,236,105,49,41.60,0.8953,0.6206,0.281606,34,47,19,129.60,0.5992,0.1828,0.024201,4.469
988056,520,386,906,178,93,240,308.08,0.8688,0.5860,0.235857,17,30,79,268.05,0.7817,0.1546,0.016122,4.323
988088,520,353,873,234,30,250,324.62,0.9873,0.6209,0.253255,7,49,31,160.31,0.9085,0.1766,0.023406,4.131
988109,520,418,938,244,28,87,14.81,0.9713,0.5617,0.207551,44,12,47,324.19,0.6798,0.1224,0.010037,4.290
988130,520,326,846,237,73,244,326.21,0.9592,0.6507,0.293037,49,33,105,287.68,0.7346,0.2135,0.027606,4.420
988150,520,406,926,241,55,97,13.91,0.9115,0.5754,0.222994,19,28,53,267.49,0.5029,0.1292,0.012260,4.385
988154,520,298,818,250,70,247,328.74,0.9826,0.6707,0.314225,90,17,79,335.04,0.7770,0.2332,0.031394,4.475
988178,520,422,942,212,3,227,324.67,0.9975,0.5593,0.196102,5,31,19,160.57,0.8327,0.1125,0.010592,4.062
988183,520,400,920,232,2,198,336.89,0.9981,0.5758,0.212792,49,26,21,33.05,0.4104,0.1443,0.014460,4.077
988189,520,439,959,235,11,138,355.80,0.9843,0.5534,0.197395,10,13,52,273.22,0.8132,0.0883,0.006003,4.418
988195,520,277,797,250,104,241,330.10,0.9781,0.7040,0.365781,11,71,12,143.04,0.9821,0.2504,0.046040,4.329
988196,520,423,943,248,19,72,18.99,0.9871,0.5637,0.208937,24,26,2,113.71,0.8546,0.1071,0.009374,4.361
988202,520,452,972,161,59,255,302.27,1.0000,0.5330,0.179255,0,14,29,245.73,1.0000,0.0652,0.004028,4.243
988211,520,373,893,228,20,245,324.38,0.9911,0.6037,0.235892,3,2,119,265.15,0.9983,0.1573,0.013945,4.471
988223,520,401,921,181,102,207,317.24,0.6881,0.5823,0.238324,10,39,8,142.20,0.9385,0.1389,0.015330,4.413
988236,520,442,962,204,57,174,337.46,0.8180,0.5381,0.188215,30,12,14,13.54,0.4191,0.0841,0.005707,4.276
988241,520,400,920,226,48,200,335.13,0.9230,0.5842,0.224552,6,14,99,266.69,0.9763,0.1426,0.012535,4.390
988243,520,374,894,245,40,170,348.40,0.9486,0.5981,0.238355,12,25,97,267.60,0.9296,0.1606,0.016364,4.345
988266,520,448,968,189,62,207,322.45,0.8403,0.5387,0.187704,3,18,29,240.10,0.6768,0.0774,0.005407,4.290
988267,520,419,939,250,7,40,25.60,0.9970,0.5608,0.206329,22,26,16,125.77,0.2800,0.1081,0.009468,4.310
988271,520,465,985,223,15,112,2.58,0.9702,0.5204,0.172022,0,13,3,151.65,1.0000,0.0517,0.002944,4.194
988297,520,374,894,229,14,236,326.69,0.9932,0.5975,0.230306,67,17,13,28.19,0.7881,0.1591,0.016234,4.232
988306,520,390,910,229,91,64,32.96,0.8481,0.5885,0.245130,23,33,61,267.59,0.5031,0.1509,0.016067,4.467
988310,520,449,969,203,65,161,342.23,0.7731,0.5379,0.190522,19,12,15,351.14,0.1967,0.0701,0.004359,4.425
988318,520,348,868,235,90,171,349.02,0.8161,0.6275,0.279174,15,50,57,213.12,0.6431,0.1934,0.026781,4.287
988349,520,367,887,197,109,201,325.60,0.6676,0.6125,0.270259,43,41,12,105.32,0.6485,0.1728,0.021260,4.494
988364,520,464,984,212,16,163,342.43,0.9602,0.5211,0.170142,20,5,5,21.49,0.5210,0.0538,0.002682,4.179
988370,520,382,902,217,51,237,323.08,0.9492,0.5951,0.232357,58,23,42,348.38,0.5287,0.1609,0.016796,4.227
988380,520,471,991,176,30,237,312.06,0.9637,0.5164,0.162741,8,4,12,309.54,0.4178,0.0403,0.001650,4.119
988381,520,460,980,212,7,185,335.67,0.9869,0.5316,0.176540,12,2,44,285.53,0.9308,0.0623,0.003034,4.272
988395,520,443,963,210,67,126,359.04,0.7642,0.5375,0.192245,7,17,28,251.13,0.4543,0.0771,0.005299,4.381
988408,520,477,997,179,33,216,317.84,0.9353,0.5053,0.156305,3,2,2,18.05,0.1289,0.0243,0.000672,4.071
988416,520,407,927,226,31,201,334.75,0.9593,0.5749,0.213682,27,28,49,280.77,0.3791,0.1333,0.012853,4.195
988427,520,477,997,223,19,65,18.81,0.9767,0.5096,0.165382,4,1,7,310.77,0.6480,0.0247,0.000629,4.254
988440,520,467,987,181,52,213,318.62,0.8766,0.5205,0.170850,0,5,19,254.98,0.9999,0.0381,0.001555,4.284
988445,520,447,967,179,57,231,313.27,0.8996,0.5360,0.182805,13,16,33,274.72,0.4373,0.0819,0.005659,4.183
988448,520,271,791,223,151,130,36.96,0.5561,0.7007,0.394346,9,73,30,148.93,0.9755,0.2594,0.049167,4.481
988452,520,453,973,229,39,11,31.10,0.9885,0.5273,0.181362,3,15,31,253.15,0.6867,0.0711,0.004599,4.237
988453,520,347,867,252,21,213,337.51,0.9902,0.6256,0.260391,25,36,101,270.40,0.8130,0.1948,0.024079,4.190
988456,520,212,732,217,169,212,329.80,0.5182,0.7579,0.478821,28,87,6,139.48,0.9900,0.3107,0.070762,4.379
988465,520,383,903,253,31,148,356.62,0.9832,0.5997,0.240043,11,33,72,260.85,0.7699,0.1526,0.016267,4.377
988468,520,472,992,221,17,119,359.74,0.9622,0.5194,0.171076,12,0,4,353.99,1.0000,0.0301,0.000869,4.346
988469,520,477,997,180,79,151,339.95,0.6417,0.5128,0.175309,1,0,14,276.73,1.0000,0.0206,0.000382,4.472
988470,520,449,969,203,46,198,329.54,0.8898,0.5414,0.187295,5,12,30,264.24,0.6056,0.0652,0.003889,4.403
988477,520,413,933,173,80,249,305.69,0.9468,0.5681,0.214618,7,4,91,268.14,0.9915,0.1199,0.008873,4.495
988483,520,468,988,211,61,88,14.85,0.8151,0.5208,0.178933,7,4,16,296.20,0.5201,0.0411,0.001694,4.429
988489,520,424,944,229,41,155,349.80,0.9095,0.5616,0.206132,36,10,50,311.38,0.7256,0.1095,0.008225,4.399
988496,520,397,917,212,13,254,318.54,0.9959,0.5821,0.214424,9,32,63,256.88,0.7328,0.1416,0.014499,4.100
988521,520,460,980,235,29,2,30.60,0.9982,0.5338,0.185485,0,17,5,153.68,1.0000,0.0631,0.004118,4.351
988526,520,448,968,194,59,198,326.73,0.8362,0.5376,0.186760,17,17,5,108.67,0.4945,0.0767,0.005310,4.281
988543,520,408,928,144,121,198,296.70,0.5271,0.5690,0.236813,1,39,1,142.60,0.9958,0.1337,0.014596,4.440
988544,520,417,937,150,99,246,295.70,0.8909,0.5661,0.220616,46,16,31,351.01,0.5408,0.1231,0.010504,4.473
988547,520,361,881,239,40,233,329.65,0.9750,0.6224,0.257542,60,24,63,324.47,0.6104,0.1778,0.019729,4.411
988552,520,390,910,218,63,213,329.37,0.8941,0.5907,0.232666,4,42,14,148.33,0.9699,0.1474,0.017134,4.210
988557,520,448,968,222,61,85,17.21,0.8548,0.5413,0.195256,16,14,36,285.20,0.5152,0.0820,0.005516,4.418
988560,520,456,976,178,43,237,312.22,0.9399,0.5276,0.173082,18,8,21,318.26,0.4382,0.0635,0.003564,4.165
988561,520,340,860,242,50,241,328.40,0.9716,0.6386,0.275120,87,18,14,28.13,0.8744,0.2027,0.024909,4.340
988566,520,445,965,185,73,205,321.28,0.7954,0.5438,0.194884,31,9,0,51.09,1.0000,0.0766,0.004867,4.463
988590,520,385,905,227,44,210,332.59,0.9431,0.5893,0.227878,50,18,62,315.65,0.6778,0.1515,0.014586,4.302
988622,520,425,945,248,6,30,26.98,0.9975,0.5555,0.201841,7,14,71,268.55,0.9364,0.1081,0.008141,4.332
988630,520,387,907,233,49,195,338.33,0.9272,0.5945,0.234631,9,29,85,264.75,0.8902,0.1544,0.015926,4.317
988639,520,440,960,165,75,242,304.88,0.9068,0.5454,0.194429,13,0,72,275.63,1.0000,0.0921,0.005534,4.401
988646,520,412,932,247,50,42,28.43,0.9682,0.5744,0.222260,44,18,29,354.66,0.4720,0.1225,0.010569,4.495
988657,520,304,824,251,69,238,331.19,0.9837,0.6660,0.309414,55,48,76,295.03,0.3414,0.2301,0.034479,4.254
988660,520,373,893,239,14,217,333.59,0.9922,0.6025,0.236774,6,11,117,266.17,0.9886,0.1643,0.015623,4.370
988662,520,434,954,188,30,252,312.30,0.9858,0.5480,0.186494,6,20,52,263.25,0.7884,0.1006,0.007869,4.087
988667,520,388,908,245,54,127,3.75,0.9181,0.5908,0.235864,46,25,43,332.11,0.4075,0.1461,0.014506,4.432
988669,520,296,816,207,123,250,313.05,0.9368,0.6776,0.343345,56,60,16,114.21,0.7395,0.2438,0.041099,4.318
988670,520,402,922,248,41,97,13.15,0.9536,0.5791,0.224089,56,7,39,345.50,0.7652,0.1331,0.011393,4.464
988672,520,418,938,184,54,250,310.72,0.9709,0.5562,0.197318,31,2,77,290.52,0.9699,0.1189,0.008705,4.213
988677,520,220,740,250,153,148,23.27,0.8679,0.7456,0.452471,62,72,75,217.74,0.1037,0.3011,0.061668,4.500
988679,520,451,971,186,17,252,312.00,0.9890,0.5399,0.178694,35,3,4,23.23,0.8580,0.0737,0.004313,4.211
988705,520,237,757,219,145,248,315.99,0.9113,0.7299,0.420893,0,75,100,228.86,1.0000,0.2923,0.059519,4.300
988710,520,352,872,251,80,102,17.41,0.9582,0.6209,0.272093,16,49,47,189.81,0.6143,0.1859,0.025119,4.288
988713,520,86,606,246,224,164,90.26,0.7338,0.8959,0.755855,46,116,2,137.87,0.9978,0.4146,0.130756,4.458
988714,520,456,976,136,96,220,295.12,0.7482,0.5252,0.187673,7,8,29,277.10,0.6217,0.0579,0.003075,4.478
988728,520,409,929,208,10,249,318.61,0.9949,0.5709,0.204683,22,13,84,277.63,0.9161,0.1317,0.010985,4.176
988733,520,362,882,234,14,240,326.95,0.9944,0.6089,0.241003,9,35,96,263.39,0.9064,0.1796,0.021045,4.096
988739,520,375,895,239,83,69,28.64,0.9064,0.5963,0.249700,40,35,33,43.13,0.0842,0.1577,0.017630,4.431
988743,520,383,903,223,10,253,321.49,0.9963,0.5989,0.229990,32,36,12,117.27,0.5846,0.1461,0.015954,4.245
988756,520,464,984,193,46,199,326.34,0.8787,0.5250,0.174165,8,9,5,117.94,0.2290,0.0499,0.002580,4.263
988762,520,438,958,242,1,62,20.45,0.9993,0.5451,0.192502,2,19,42,254.48,0.8303,0.0877,0.006458,4.295
988770,520,357,877,235,57,219,332.19,0.9399,0.6179,0.257055,59,10,89,307.73,0.8653,0.1797,0.018682,4.471
988774,520,379,899,225,61,210,332.10,0.9059,0.5988,0.240005,70,11,7,28.98,0.9002,0.1570,0.015570,4.423
988777,520,467,987,212,56,111,4.32,0.8137,0.5240,0.179754,0,7,22,252.79,0.9999,0.0449,0.002099,4.410
988779,520,426,946,242,43,74,19.83,0.9506,0.5634,0.211027,11,15,68,271.33,0.8979,0.1087,0.008301,4.477
988782,520,378,898,221,58,230,325.74,0.9340,0.6023,0.241135,44,19,82,296.41,0.7730,0.1618,0.016104,4.404
988788,520,426,946,171,75,250,305.26,0.9581,0.5600,0.205928,50,10,4,32.87,0.8551,0.1135,0.009041,4.335
988804,520,416,936,235,72,47,31.59,0.9225,0.5724,0.225051,12,31,36,216.94,0.4667,0.1228,0.011855,4.447
988822,520,267,787,228,130,239,323.40,0.8867,0.7102,0.386929,20,74,2,139.73,0.9957,0.2628,0.050505,4.347
988846,520,479,999,158,61,229,306.46,0.8770,0.5082,0.162643,0,0,8,264.05,1.0000,0.0143,0.000175,4.238
988856,520,376,896,242,3,202,338.09,0.9980,0.5969,0.232096,12,24,95,267.87,0.9294,0.1564,0.015576,4.302
988857,520,387,907,244,70,63,27.21,0.9416,0.5894,0.239756,35,28,59,292.15,0.4862,0.1483,0.015036,4.455
988864,520,477,997,186,47,188,327.44,0.8470,0.5064,0.161044,3,1,2,344.98,0.3863,0.0205,0.000455,4.183
988894,520,457,977,203,2,206,327.57,0.9969,0.5279,0.171980,28,3,4,21.24,0.7821,0.0613,0.003208,4.172
988914,520,390,910,242,60,139,359.50,0.8922,0.5943,0.239762,39,31,38,330.21,0.1690,0.1481,0.015513,4.423
988917,520,432,952,203,45,217,324.35,0.9225,0.5535,0.195848,9,25,27,206.00,0.4397,0.0994,0.008324,4.215
988918,520,448,968,231,44,60,23.20,0.9429,0.5393,0.191195,11,15,30,271.41,0.4214,0.0763,0.005065,4.380
988925,520,407,927,249,25,56,23.29,0.9846,0.5655,0.211242,25,29,37,264.17,0.1801,0.1272,0.012190,4.201
988927,520,440,960,231,33,132,357.82,0.9322,0.5512,0.197455,4,16,53,264.68,0.8765,0.0913,0.006534,4.377
988932,520,458,978,184,35,235,314.74,0.9550,0.5300,0.173917,19,7,20,324.32,0.4727,0.0622,0.003409,4.192
988936,520,474,994,220,28,106,4.87,0.9329,0.5174,0.170894,8,2,10,320.09,0.5791,0.0341,0.001170,4.317
988939,520,307,827,253,79,216,337.67,0.9871,0.6664,0.314355,6,56,94,247.67,0.8674,0.2326,0.036750,4.200
988956,520,373,893,241,83,87,22.80,0.8942,0.6030,0.255785,2,47,7,144.65,0.9923,0.1629,0.020612,4.331
988970,520,444,964,209,31,197,331.52,0.9390,0.5418,0.185685,15,4,53,283.61,0.9116,0.0778,0.004454,4.328
988973,520,420,940,205,38,221,324.00,0.9450,0.5552,0.195876,10,24,46,259.11,0.5923,0.1081,0.009150,4.157
988974,520,420,940,229,5,186,339.52,0.9939,0.5637,0.203144,18,29,20,149.66,0.3382,0.1145,0.010578,4.179
988979,520,391,911,239,72,86,20.46,0.8930,0.5859,0.236604,36,35,31,95.35,0.0795,0.1524,0.016761,4.293
988992,520,344,864,234,68,222,331.14,0.9249,0.6274,0.269031,84,5,42,359.82,0.8742,0.1913,0.021608,4.455
988993,520,468,988,207,71,52,30.85,0.8495,0.5186,0.180220,7,4,19,292.31,0.5889,0.0427,0.001790,4.445
989003,520,432,952,176,90,194,320.45,0.6847,0.5478,0.204384,24,23,7,105.57,0.5254,0.0999,0.008223,4.369
989010,520,412,932,214,54,207,330.00,0.8988,0.5723,0.214415,35,20,40,317.38,0.4318,0.1185,0.010109,4.399
989018,520,333,853,241,43,248,326.61,0.9800,0.6374,0.272085,31,27,119,274.75,0.9093,0.2017,0.024070,4.348
989051,520,458,978,198,3,221,322.45,0.9965,0.5305,0.172930,11,4,32,290.44,0.7702,0.0550,0.002623,4.236
989054,520,332,852,236,87,194,340.55,0.8602,0.6360,0.285469,69,27,73,324.09,0.6348,0.2040,0.025303,4.455
989074,520,477,997,180,66,176,329.18,0.7494,0.5087,0.167356,6,0,0,29.23,1.0000,0.0198,0.000387,4.314
989075,520,385,905,245,61,94,16.22,0.9283,0.5878,0.235614,34,35,32,121.86,0.0593,0.1506,0.016464,4.297
989123,520,100,620,237,222,137,99.49,0.7335,0.8769,0.720540,6,114,53,150.65,0.9927,0.4026,0.123298,4.446
989125,520,402,922,237,65,99,14.29,0.8759,0.5775,0.226890,24,33,12,128.20,0.5704,0.1295,0.013084,4.389
989128,520,474,994,221,48,21,31.59,0.9700,0.5181,0.175429,1,0,20,272.51,1.0000,0.0251,0.000570,4.458
989146,520,464,984,230,25,50,23.71,0.9771,0.5246,0.177516,8,8,0,109.77,1.0000,0.0459,0.002253,4.354
989149,520,366,886,241,32,210,335.89,0.9745,0.6078,0.243898,42,42,1,109.71,0.9645,0.1732,0.021504,4.110
989157,520,448,968,240,15,32,26.87,0.9922,0.5405,0.189746,25,11,25,326.94,0.4409,0.0796,0.005162,4.346
989166,520,314,834,254,68,221,336.31,0.9944,0.6604,0.304287,34,60,8,132.90,0.9381,0.2233,0.035892,4.125
989170,520,446,966,190,37,235,316.43,0.9536,0.5407,0.182698,20,2,57,288.75,0.9502,0.0836,0.004875,4.240
989172,520,440,960,236,40,72,19.63,0.9489,0.5488,0.198215,35,12,8,31.63,0.5708,0.0903,0.006379,4.403
989174,520,454,974,189,90,120,2.71,0.5799,0.5320,0.194887,14,14,25,283.70,0.3054,0.0737,0.004776,4.471
989186,520,334,854,236,57,249,325.02,0.9783,0.6388,0.276011,77,31,25,29.37,0.6179,0.2041,0.026282,4.274
989206,520,391,911,217,58,227,325.42,0.9252,0.5937,0.233259,47,25,46,328.53,0.4369,0.1492,0.014969,4.360
989211,520,386,906,232,36,208,334.33,0.9608,0.5924,0.229742,8,32,77,261.44,0.8527,0.1533,0.016204,4.225
989212,520,437,957,241,27,41,26.14,0.9821,0.5478,0.196481,39,11,6,33.00,0.6864,0.0949,0.006839,4.336
989245,520,380,900,254,52,114,9.39,0.9905,0.6029,0.247453,2,47,15,148.42,0.9887,0.1641,0.020803,4.201
989266,520,385,905,247,3,178,345.79,0.9977,0.5935,0.230569,68,6,8,25.40,0.9280,0.1474,0.013769,4.400
989284,520,419,939,223,18,186,338.16,0.9734,0.5555,0.196682,18,0,81,277.41,1.0000,0.1080,0.007226,4.311
989294,520,474,994,231,2,18,27.95,0.9989,0.5171,0.170791,2,2,7,281.60,0.4770,0.0255,0.000717,4.353
989298,520,316,836,243,72,250,326.30,0.9820,0.6631,0.305941,67,43,49,2.99,0.2830,0.2201,0.031429,4.371
989304,520,374,894,235,77,132,3.10,0.8253,0.5966,0.246387,14,27,90,268.01,0.8932,0.1576,0.016153,4.480
989321,520,347,867,238,93,157,355.86,0.8159,0.6309,0.284429,60,37,46,354.51,0.3062,0.1947,0.024811,4.470
989340,520,455,975,178,29,246,310.72,0.9723,0.5269,0.169985,5,12,25,259.65,0.5078,0.0622,0.003654,4.100
989345,520,358,878,243,46,209,336.73,0.9576,0.6182,0.256150,15,21,117,268.54,0.9649,0.1803,0.019221,4.423
989347,520,288,808,219,118,238,321.09,0.8762,0.6780,0.341915,11,62,70,210.54,0.8093,0.2369,0.039584,4.375
989361,520,478,998,180,86,117,0.98,0.5649,0.5096,0.176446,1,1,10,275.68,0.8223,0.0220,0.000501,4.484
989363,520,368,888,214,67,242,320.68,0.9393,0.6074,0.247230,11,4,127,267.33,0.9962,0.1745,0.016901,4.443
989380,520,322,842,245,100,149,1.99,0.8541,0.6494,0.306997,50,45,69,293.33,0.3131,0.2128,0.029845,4.471
989381,520,425,945,223,58,147,352.35,0.8375,0.5602,0.208232,32,21,16,45.52,0.2719,0.1066,0.008808,4.391
989396,520,362,882,237,62,190,341.11,0.9020,0.6092,0.251702,54,12,94,301.01,0.8696,0.1790,0.018554,4.401
989398,520,461,981,226,46,31,29.76,0.9564,0.5273,0.182245,3,9,10,205.68,0.3785,0.0470,0.002366,4.435
989409,520,25,545,250,250,194,107.66,0.9013,0.9669,0.925906,11,132,66,151.62,0.9889,0.4649,0.169663,4.443
989415,520,372,892,197,89,244,314.00,0.9164,0.6089,0.255479,39,41,27,114.66,0.2756,0.1714,0.020963,4.305
989417,520,447,967,211,53,155,346.03,0.8268,0.5371,0.187638,14,18,20,229.38,0.1184,0.0809,0.005765,4.261
989419,520,394,914,225,28,223,328.77,0.9759,0.5859,0.221681,48,25,4,60.47,0.7710,0.1372,0.013325,4.290
989447,520,480,1000,225,16,10,29.20,0.9905,0.5072,0.164030,0,0,0,0.00,0.0000,0.0000,0.000000,4.281
989455,520,419,939,248,35,18,29.89,0.9868,0.5649,0.212058,47,9,25,358.12,0.6836,0.1119,0.008700,4.464
989468,520,276,796,254,92,244,330.36,0.9959,0.6973,0.352596,76,53,0,81.69,1.0000,0.2484,0.040829,4.432
989474,520,446,966,237,33,41,26.54,0.9738,0.5423,0.192556,30,13,10,30.86,0.4316,0.0849,0.005858,4.342
989478,520,442,962,199,30,223,321.97,0.9592,0.5422,0.184000,12,18,27,258.32,0.2970,0.0825,0.005899,4.186
989504,520,359,879,230,60,225,329.34,0.9354,0.6156,0.254933,32,45,43,184.61,0.2035,0.1820,0.023582,4.144
989527,520,425,945,241,43,55,24.77,0.9589,0.5584,0.207077,18,4,78,277.58,0.9715,0.1095,0.007655,4.459
989532,520,354,874,244,52,194,341.28,0.9390,0.6158,0.255871,16,50,18,144.53,0.9040,0.1804,0.024350,4.114
989567,520,438,958,240,0,120,2.50,1.0000,0.5547,0.198846,29,16,22,350.37,0.2991,0.0934,0.006897,4.374
989575,520,419,939,215,0,215,328.36,1.0000,0.5553,0.193555,25,3,76,284.87,0.9640,0.1122,0.007936,4.204
989577,520,460,980,209,49,151,346.78,0.8331,0.5280,0.179885,30,1,10,2.48,0.8538,0.0625,0.003197,4.321
989579,520,382,902,243,3,202,338.32,0.9981,0.5988,0.233871,5,45,27,159.13,0.9297,0.1611,0.019881,4.062
989615,520,454,974,229,38,60,22.35,0.9515,0.5310,0.183734,11,12,22,279.27,0.3061,0.0653,0.003920,4.335
989619,520,355,875,235,59,225,330.61,0.9431,0.6231,0.262289,49,22,93,295.22,0.7834,0.1834,0.020171,4.450
989620,520,408,928,200,41,247,316.44,0.9641,0.5686,0.205821,13,29,59,261.72,0.6505,0.1324,0.012800,4.074
989658,520,315,835,233,82,249,323.76,0.9729,0.6568,0.302000,28,55,60,210.77,0.4196,0.2172,0.033054,4.238
989676,520,430,950,235,52,22,31.76,0.9752,0.5502,0.201792,33,4,56,304.66,0.8693,0.1019,0.006957,4.421
989685,520,286,806,253,93,233,333.08,0.9899,0.6907,0.345974,31,61,61,195.58,0.4283,0.2381,0.039656,4.417
989691,520,441,961,237,25,49,24.26,0.9808,0.5393,0.189248,38,10,16,9.40,0.5872,0.0940,0.006666,4.222
989695,520,396,916,246,33,126,2.66,0.9572,0.5789,0.221903,44,10,69,306.06,0.8135,0.1376,0.011823,4.398
989719,520,281,801,244,121,170,356.62,0.8149,0.6871,0.358127,37,65,31,140.11,0.6744,0.2451,0.042727,4.401
989721,520,409,929,205,18,249,317.76,0.9896,0.5679,0.202529,49,7,49,328.00,0.7706,0.1260,0.010268,4.190
989725,520,455,975,217,64,29,33.87,0.9415,0.5267,0.185098,32,0,13,357.52,1.0000,0.0650,0.003362,4.406
989730,520,413,933,251,2,110,7.54,0.9984,0.5748,0.216821,16,19,66,273.88,0.8001,0.1174,0.009692,4.470
989762,520,380,900,255,3,159,352.98,1.0000,0.6004,0.238320,60,1,78,315.86,0.9707,0.1628,0.015325,4.414
989795,520,386,906,207,94,165,344.13,0.6708,0.5852,0.239892,74,0,6,24.66,1.0000,0.1545,0.014693,4.481
989800,520,410,930,242,26,119,3.97,0.9658,0.5654,0.209512,2,36,9,147.45,0.9829,0.1252,0.012943,4.123
989803,520,430,950,198,84,161,342.02,0.6815,0.5541,0.209213,40,14,4,43.08,0.7252,0.1013,0.007740,4.489
989817,520,446,966,236,32,45,25.63,0.9732,0.5401,0.190586,0,12,54,262.29,1.0000,0.0817,0.005292,4.351
989826,520,393,913,237,62,142,357.62,0.8679,0.5879,0.234057,57,20,2,45.41,0.8855,0.1426,0.013747,4.456
989843,520,360,880,252,57,155,355.57,0.9696,0.6165,0.259917,7,19,124,266.04,0.9799,0.1838,0.019660,4.449
989844,520,441,961,193,57,207,323.86,0.8603,0.5401,0.187702,27,15,33,313.77,0.4407,0.0940,0.006845,4.182
989848,520,400,920,236,63,133,0.93,0.8613,0.5837,0.230843,12,35,45,229.01,0.5544,0.1394,0.014696,4.341
989850,520,405,925,217,50,217,328.12,0.9269,0.5807,0.220447,22,24,62,277.02,0.6368,0.1290,0.011716,4.382
989866,520,394,914,217,57,218,327.78,0.9138,0.5869,0.227420,67,1,17,14.82,0.9731,0.1413,0.012557,4.435
989869,520,299,819,236,110,195,341.66,0.8215,0.6679,0.329272,31,63,19,138.17,0.8842,0.2324,0.038932,4.265
989872,520,421,941,230,30,150,351.27,0.9405,0.5551,0.199564,46,13,16,17.41,0.6213,0.1129,0.009062,4.225
989880,520,459,979,237,8,36,25.89,0.9955,0.5327,0.183088,2,9,28,260.88,0.7670,0.0551,0.002921,4.404
989881,520,341,861,255,62,174,350.25,1.0000,0.6339,0.277647,37,32,101,279.82,0.7649,0.1957,0.023659,4.448
989885,520,414,934,236,22,158,349.73,0.9683,0.5671,0.208783,31,26,13,89.25,0.3802,0.1171,0.010592,4.271
989888,520,344,864,225,107,149,359.52,0.6912,0.6275,0.286951,49,46,5,105.16,0.8612,0.1935,0.026179,4.423
989890,520,473,993,174,7,250,309.12,0.9951,0.5171,0.160537,8,0,15,312.37,1.0000,0.0306,0.000861,4.139
989898,520,437,957,217,77,51,32.67,0.8673,0.5452,0.203009,4,18,45,260.54,0.7873,0.0889,0.006479,4.480
989909,520,374,894,239,75,117,9.45,0.8596,0.5969,0.246702,55,25,36,357.82,0.4531,0.1570,0.016350,4.472
989914,520,402,922,243,12,160,350.40,0.9879,0.5789,0.218589,23,18,74,279.35,0.8150,0.1292,0.011091,4.397
989927,520,465,985,194,3,219,321.84,0.9961,0.5221,0.166505,2,6,36,267.06,0.9081,0.0548,0.002705,4.108
989934,520,329,849,252,5,251,328.57,0.9989,0.6462,0.277721,34,53,55,204.24,0.2745,0.2129,0.031620,4.015
989961,520,406,926,210,69,205,329.36,0.8484,0.5787,0.223675,5,29,65,258.37,0.8428,0.1335,0.012926,4.349
989978,520,434,954,172,92,195,318.27,0.6731,0.5460,0.203659,48,4,13,13.67,0.8351,0.1029,0.007444,4.416
989984,520,397,917,245,44,110,8.72,0.9371,0.5784,0.223430,45,17,56,315.32,0.6533,0.1378,0.012444,4.379
989990,520,358,878,228,104,127,10.68,0.7212,0.6204,0.279293,3,51,17,148.28,0.9854,0.1788,0.024274,4.434
990008,520,466,986,196,76,106,7.87,0.6831,0.5173,0.179471,12,8,0,94.15,1.0000,0.0496,0.002518,4.369
990024,520,407,927,208,62,213,326.56,0.8800,0.5733,0.216610,52,17,4,41.19,0.8068,0.1282,0.011398,4.342
990030,520,395,915,249,59,75,22.12,0.9632,0.5901,0.237792,23,37,1,128.19,0.9742,0.1392,0.015075,4.422
990032,520,361,881,221,72,241,322.71,0.9378,0.6225,0.263597,50,40,7,91.73,0.7763,0.1781,0.022111,4.349
990057,520,456,976,215,5,180,337.88,0.9904,0.5337,0.178532,12,0,41,289.07,1.0000,0.0553,0.002383,4.363
990076,520,425,945,227,53,136,356.96,0.8624,0.5588,0.206574,5,31,14,152.32,0.8920,0.1112,0.010439,4.245
990081,520,475,995,226,26,77,15.85,0.9614,0.5212,0.174462,11,2,2,22.11,0.5791,0.0340,0.001190,4.385
990107,520,431,951,195,37,242,316.26,0.9622,0.5543,0.193374,3,28,4,143.99,0.9688,0.0983,0.008586,4.154
990137,520,385,905,188,91,236,312.75,0.8602,0.5936,0.242307,14,42,11,141.76,0.9123,0.1513,0.017734,4.316
990141,520,366,886,247,48,175,347.57,0.9411,0.6091,0.249864,8,12,122,266.59,0.9880,0.1733,0.017196,4.463
990143,520,438,958,215,48,172,340.92,0.8686,0.5488,0.195418,2,1,74,265.96,0.9975,0.0890,0.005290,4.439
990160,520,466,986,209,65,56,27.78,0.8592,0.5153,0.176237,3,7,17,260.23,0.4990,0.0451,0.002118,4.341
990174,520,414,934,208,51,218,325.39,0.9154,0.5671,0.208413,22,10,81,278.99,0.9259,0.1243,0.009817,4.320
990185,520,390,910,250,64,23,33.19,0.9802,0.5913,0.240562,57,26,7,49.55,0.7295,0.1550,0.016241,4.386
990225,520,454,974,212,55,141,351.79,0.8149,0.5344,0.186548,24,2,34,313.97,0.8332,0.0674,0.003531,4.419
990236,520,410,930,247,39,78,18.66,0.9612,0.5718,0.217788,0,17,89,263.71,1.0017,0.1312,0.011221,4.374
990240,520,231,751,199,163,235,306.90,0.6753,0.7360,0.443351,27,80,48,153.81,0.8355,0.2929,0.061835,4.411
990242,520,430,950,234,31,105,7.77,0.9481,0.5472,0.194954,33,4,54,306.20,0.8599,0.1000,0.006765,4.315
990251,520,374,894,253,2,165,350.79,0.9986,0.5989,0.236462,45,1,94,295.40,0.9880,0.1560,0.013878,4.485
990258,520,389,909,195,95,198,326.31,0.7112,0.5853,0.238651,0,42,41,192.33,1.0000,0.1543,0.018159,4.235
990260,520,460,980,176,35,245,310.16,0.9624,0.5263,0.170257,24,3,5,15.55,0.7056,0.0552,0.002703,4.179
990265,520,439,959,188,67,211,320.82,0.8336,0.5454,0.194101,15,1,65,279.60,0.9881,0.0864,0.005049,4.434
990271,520,448,968,225,16,144,351.79,0.9683,0.5372,0.183945,35,8,13,11.34,0.6103,0.0848,0.005601,4.208
990272,520,388,908,226,35,218,330.25,0.9640,0.5875,0.224351,5,12,107,266.12,0.9847,0.1507,0.013566,4.316
990290,520,309,829,241,121,67,43.37,0.8699,0.6577,0.327836,16,63,5,140.42,0.9856,0.2235,0.036760,4.355
990298,520,478,998,206,23,156,343.32,0.9269,0.5083,0.161370,3,0,7,308.47,1.0000,0.0194,0.000347,4.198
990307,520,450,970,235,27,58,22.19,0.9749,0.5372,0.187547,2,13,35,258.72,0.8134,0.0685,0.004221,4.381
990318,520,449,969,239,21,53,23.21,0.9849,0.5425,0.191474,5,10,42,269.55,0.8334,0.0702,0.004165,4.458
990331,520,468,988,151,91,197,308.26,0.6643,0.5176,0.180931,11,5,7,354.46,0.2680,0.0439,0.001950,4.445
990333,520,470,990,166,89,168,326.30,0.5923,0.5166,0.180798,2,5,9,246.05,0.4024,0.0355,0.001412,4.489
990340,520,398,918,220,59,193,335.77,0.8746,0.5785,0.221961,49,2,73,309.78,0.9466,0.1403,0.011775,4.402
990342,520,458,978,188,85,128,356.06,0.6069,0.5251,0.187484,5,15,13,181.11,0.4091,0.0640,0.004030,4.395
990362,520,337,857,254,90,115,15.07,0.9852,0.6415,0.296244,12,52,53,197.48,0.7284,0.1967,0.027911,4.444
990369,520,442,962,237,29,63,21.19,0.9719,0.5431,0.192454,10,18,16,177.53,0.2425,0.0764,0.005345,4.381
990406,520,326,846,217,117,185,340.58,0.6611,0.6465,0.309789,44,51,44,145.19,0.1390,0.2111,0.030849,4.450
990426,520,444,964,209,72,120,2.45,0.7417,0.5397,0.195482,1,18,32,242.48,0.8494,0.0777,0.005433,4.428
990430,520,480,1000,163,56,224,309.70,0.8803,0.5057,0.159974,0,0,0,0.00,0.0000,0.0000,0.000000,4.199
990433,520,417,937,231,38,164,347.15,0.9262,0.5677,0.210583,29,26,28,337.80,0.0671,0.1193,0.010838,4.283
990445,520,448,968,224,56,57,25.67,0.9112,0.5350,0.189738,9,21,17,171.01,0.3785,0.0842,0.006349,4.255
990447,520,409,929,158,101,233,300.91,0.7992,0.5689,0.224600,38,25,39,324.14,0.3160,0.1329,0.012538,4.391
990451,520,409,929,225,44,187,338.65,0.9169,0.5722,0.213992,59,9,16,17.82,0.8003,0.1329,0.011627,4.284
990466,520,383,903,224,85,160,350.15,0.7612,0.5979,0.248847,9,44,4,140.92,0.9776,0.1548,0.018681,4.351
990499,520,470,990,176,32,239,311.56,0.9620,0.5193,0.164961,8,5,13,303.38,0.3673,0.0432,0.001892,4.142
990515,520,445,965,220,39,140,352.94,0.8903,0.5364,0.185627,17,4,55,285.17,0.9115,0.0817,0.004818,4.298
990529,520,460,980,184,35,236,314.51,0.9560,0.5308,0.174497,16,7,29,300.40,0.6033,0.0639,0.003508,4.196
990535,520,380,900,244,71,125,6.43,0.8947,0.6041,0.252234,49,27,60,313.49,0.5205,0.1646,0.017631,4.469
990538,520,476,996,161,31,255,303.71,1.0000,0.5114,0.157776,0,2,8,253.83,0.9999,0.0231,0.000609,4.105
990552,520,466,986,209,62,94,12.24,0.7973,0.5196,0.178110,2,10,3,148.02,0.7910,0.0461,0.002366,4.356
990553,520,429,949,204,67,173,338.11,0.7833,0.5481,0.198707,7,24,34,236.41,0.5522,0.0989,0.008139,4.278
990563,520,480,1000,200,27,177,334.97,0.9206,0.5109,0.162394,0,0,0,0.00,0.0000,0.0000,0.000000,4.248
990569,520,474,994,191,42,208,323.32,0.9050,0.5249,0.172878,1,4,12,256.46,0.6499,0.0328,0.001198,4.353
990582,520,452,972,205,26,198,330.18,0.9493,0.5330,0.177971,13,6,48,282.23,0.8539,0.0745,0.004292,4.199
990595,520,308,828,245,74,247,327.49,0.9728,0.6663,0.310281,52,38,111,286.64,0.7124,0.2319,0.032639,4.360
990610,520,309,829,249,108,122,16.61,0.9023,0.6598,0.322731,58,50,41,70.36,0.1728,0.2228,0.033409,4.469
990615,520,447,967,225,61,21,33.91,0.9682,0.5387,0.194020,11,16,25,261.91,0.2962,0.0759,0.005119,4.427
990616,520,470,990,220,2,139,352.12,0.9952,0.5217,0.171257,12,0,29,300.58,1.0000,0.0446,0.001669,4.282
990622,520,311,831,226,105,215,331.03,0.8263,0.6553,0.311802,19,47,98,261.19,0.7680,0.2153,0.030532,4.493
990638,520,353,873,247,28,214,336.19,0.9833,0.6194,0.254628,83,6,27,12.99,0.8989,0.1850,0.020487,4.322
990648,520,404,924,253,45,17,30.93,0.9923,0.5814,0.228036,24,22,68,279.69,0.7095,0.1317,0.011853,4.495
990654,520,343,863,245,7,244,328.57,0.9980,0.6295,0.260989,32,48,34,147.92,0.3569,0.1880,0.025364,4.126
990665,520,415,935,232,4,188,339.64,0.9957,0.5703,0.208762,17,22,63,273.16,0.7207,0.1215,0.010518,4.276
990676,520,450,970,164,75,239,305.17,0.8911,0.5417,0.191572,30,6,7,19.94,0.6433,0.0714,0.004217,4.456
990690,520,450,970,213,39,172,340.18,0.8942,0.5387,0.185779,13,10,40,282.68,0.6848,0.0746,0.004558,4.322
990716,520,366,886,239,31,220,332.86,0.9785,0.6099,0.245008,52,15,86,302.73,0.8179,0.1713,0.017436,4.375
990738,520,444,964,233,49,11,32.36,0.9885,0.5431,0.195475,4,19,21,205.97,0.5737,0.0768,0.005457,4.426
990794,520,299,819,250,95,206,340.55,0.9578,0.6744,0.329675,0,67,9,144.31,1.0000,0.2334,0.040339,4.203
990798,520,452,972,233,23,63,20.46,0.9774,0.5320,0.182984,15,8,40,287.97,0.7176,0.0728,0.004284,4.292
990799,520,437,957,201,17,240,318.70,0.9874,0.5538,0.191113,5,16,55,265.99,0.8744,0.0938,0.006786,4.246
990808,520,422,942,231,23,154,349.95,0.9601,0.5559,0.199377,9,24,55,262.79,0.7172,0.1144,0.009871,4.165
990816,520,425,945,207,36,227,323.08,0.9563,0.5617,0.200750,33,22,26,355.18,0.2165,0.1135,0.009718,4.199
990829,520,385,905,234,8,216,332.69,0.9949,0.5917,0.226266,25,36,50,254.77,0.3208,0.1535,0.016987,4.124
990834,520,444,964,239,11,15,28.63,0.9950,0.5364,0.186279,4,4,63,268.63,0.9806,0.0809,0.004715,4.318
990839,520,317,837,233,103,208,335.53,0.8473,0.6593,0.315805,43,50,76,272.00,0.3458,0.2230,0.033165,4.399
990867,520,400,920,230,67,146,355.16,0.8314,0.5815,0.229153,50,23,25,16.10,0.4409,0.1407,0.013612,4.388
990871,520,399,919,239,59,121,5.49,0.8839,0.5817,0.228622,9,3,108,267.80,0.9958,0.1443,0.012058,4.490
990887,520,415,935,253,17,4,29.58,0.9976,0.5676,0.212961,54,4,26,359.28,0.8159,0.1194,0.009458,4.423
990891,520,479,999,191,59,151,342.27,0.7608,0.5051,0.164403,1,0,6,289.16,1.0000,0.0150,0.000196,4.271
990901,520,433,953,238,20,88,13.34,0.9780,0.5463,0.193853,17,10,60,280.51,0.8523,0.0964,0.006625,4.306
990907,520,210,730,250,149,219,339.43,0.9423,0.7627,0.469356,1,87,41,151.83,0.9978,0.3082,0.069826,4.334
990912,520,446,966,202,78,120,2.25,0.6914,0.5353,0.193633,3,20,12,162.89,0.7750,0.0758,0.005462,4.393
990913,520,442,962,242,0,27,27.04,1.0000,0.5411,0.189598,34,5,22,347.35,0.6890,0.0813,0.005066,4.351
990919,520,389,909,230,17,228,328.80,0.9901,0.5944,0.228278,19,40,19,144.02,0.6599,0.1491,0.017030,4.152
990936,520,424,944,194,90,159,342.17,0.6373,0.5558,0.212864,7,21,56,264.30,0.7990,0.1070,0.008670,4.480
990938,520,335,855,236,58,255,323.64,1.0000,0.6436,0.280813,40,48,51,222.43,0.1173,0.2013,0.028040,4.239
990945,520,468,988,208,55,129,355.71,0.8025,0.5220,0.177294,9,2,10,324.00,0.5867,0.0352,0.001234,4.436
990947,520,327,847,240,58,250,325.75,0.9826,0.6467,0.284560,51,43,73,295.39,0.3832,0.2114,0.029126,4.228
990955,520,341,861,200,100,239,315.43,0.8750,0.6251,0.276269,55,7,118,292.81,0.9548,0.2030,0.022722,4.487
990969,520,390,910,246,61,82,20.18,0.9420,0.5873,0.235429,57,21,19,25.30,0.5931,0.1474,0.014533,4.423
990978,520,468,988,227,38,13,30.86,0.9859,0.5225,0.177491,7,4,4,18.44,0.1816,0.0362,0.001408,4.425
990985,520,471,991,230,21,21,28.50,0.9868,0.5203,0.174165,4,3,30,276.65,0.8746,0.0449,0.001847,4.324
991005,520,258,778,241,123,228,331.55,0.9150,0.7110,0.384703,20,71,71,195.09,0.7233,0.2689,0.051099,4.300
991015,520,439,959,243,34,10,30.43,0.9923,0.5536,0.202241,30,16,0,72.98,1.0000,0.0888,0.006466,4.467
991065,520,424,944,219,37,189,336.45,0.9275,0.5582,0.200596,6,28,25,183.42,0.6458,0.1057,0.009394,4.219
991078,520,464,984,222,21,114,1.91,0.9537,0.5211,0.172835,15,3,29,302.93,0.7697,0.0546,0.002554,4.240
991082,520,454,974,218,70,0,38.42,1.0000,0.5346,0.192883,17,4,47,289.72,0.8670,0.0737,0.004112,4.488
991096,520,349,869,227,91,197,337.19,0.8138,0.6280,0.278465,43,46,12,113.92,0.7020,0.1875,0.024941,4.383
991102,520,416,936,220,83,98,17.08,0.7589,0.5675,0.222864,47,19,3,49.64,0.7963,0.1227,0.010767,4.490
991136,520,290,810,253,93,203,342.18,0.9814,0.6754,0.330262,74,34,100,309.54,0.6796,0.2431,0.035201,4.463
991139,520,427,947,204,22,236,320.35,0.9814,0.5572,0.194690,33,8,51,307.21,0.7673,0.1032,0.007360,4.266
991170,520,367,887,251,24,182,345.71,0.9818,0.6081,0.245433,17,5,123,269.66,0.9935,0.1723,0.016576,4.438
991171,520,422,942,212,59,184,336.43,0.8430,0.5596,0.205877,19,29,1,126.05,0.9550,0.1111,0.010194,4.251
991184,520,470,990,186,42,219,318.96,0.9194,0.5249,0.172108,17,2,1,31.81,0.8077,0.0412,0.001648,4.300
991187,520,469,989,167,83,183,321.01,0.6709,0.5170,0.178218,2,8,3,149.76,0.6634,0.0412,0.001931,4.395
991188,520,428,948,247,19,40,25.98,0.9904,0.5574,0.203967,41,15,2,48.70,0.8155,0.1045,0.008175,4.366
991192,520,415,935,250,28,7,30.06,0.9954,0.5653,0.211735,2,5,91,265.35,0.9921,0.1185,0.008767,4.454
991194,520,477,997,202,56,121,357.86,0.7842,0.5086,0.167674,0,2,1,165.38,1.0000,0.0192,0.000456,4.314
991195,520,458,978,206,41,173,338.03,0.8753,0.5278,0.177268,5,5,38,274.26,0.8792,0.0570,0.002807,4.304
991200,520,328,848,247,90,180,348.50,0.9115,0.6514,0.303847,27,57,13,137.32,0.9166,0.2092,0.031882,4.321
991205,520,376,896,213,85,201,331.50,0.7992,0.6002,0.248620,45,28,52,315.64,0.4214,0.1561,0.016364,4.500
991217,520,444,964,216,68,94,14.46,0.7999,0.5398,0.195437,16,16,26,284.13,0.2650,0.0805,0.005553,4.418
991231,520,444,964,217,17,178,339.03,0.9680,0.5393,0.183693,25,1,54,297.47,0.9631,0.0846,0.004947,4.253
991243,520,341,861,167,125,236,299.51,0.7628,0.6251,0.289391,74,33,0,53.70,1.0000,0.1989,0.025438,4.499
991255,520,230,750,248,158,88,56.75,0.8806,0.7407,0.451173,5,83,19,144.79,0.9934,0.2917,0.062655,4.449
991256,520,423,943,246,11,84,15.11,0.9918,0.5597,0.204758,34,9,55,304.91,0.7730,0.1094,0.008113,4.384
991258,520,436,956,217,46,168,342.71,0.8755,0.5489,0.195352,0,9,69,263.93,1.0032,0.0936,0.006250,4.362
991289,520,373,893,232,78,162,350.56,0.8158,0.6038,0.252158,60,28,8,49.85,0.7238,0.1645,0.018088,4.438
991293,520,438,958,224,38,160,346.84,0.9102,0.5525,0.197742,33,0,51,310.05,1.0000,0.0913,0.005624,4.454
991299,520,116,636,242,207,178,61.65,0.5941,0.8566,0.667184,27,108,10,141.03,0.9909,0.3815,0.109796,4.488
991301,520,361,881,248,86,92,22.11,0.9362,0.6206,0.273880,9,50,18,147.21,0.9505,0.1776,0.023829,4.387
991322,520,418,938,206,10,241,319.85,0.9936,0.5612,0.196915,14,9,82,272.85,0.9601,0.1182,0.008979,4.187
991324,520,416,936,210,96,98,21.06,0.6659,0.5700,0.229513,16,33,7,136.04,0.8408,0.1224,0.012132,4.499
991342,520,455,975,216,68,13,37.04,0.9750,0.5287,0.187647,3,13,19,231.56,0.5480,0.0598,0.003542,4.439
991375,520,360,880,253,28,189,344.21,0.9867,0.6168,0.253907,61,26,58,330.60,0.5579,0.1798,0.020365,4.319
991382,520,470,990,220,31,115,1.71,0.9198,0.5220,0.174360,2,5,20,266.20,0.7021,0.0408,0.001719,4.338
991383,520,401,921,212,83,160,346.67,0.7272,0.5752,0.227237,39,31,7,90.82,0.6790,0.1393,0.014267,4.314
991387,520,372,892,232,43,234,327.72,0.9682,0.6128,0.248265,57,32,25,36.41,0.4076,0.1715,0.019732,4.277
991412,520,386,906,231,13,216,331.99,0.9911,0.5873,0.222372,48,24,41,338.76,0.4296,0.1460,0.014418,4.228
991414,520,470,990,223,28,105,5.77,0.9384,0.5232,0.175411,6,1,30,284.93,0.9345,0.0419,0.001542,4.373
991415,520,442,962,210,67,129,357.71,0.7644,0.5386,0.193031,10,20,0,128.80,1.0000,0.0776,0.005648,4.367
991431,520,479,999,174,66,193,321.35,0.7786,0.5101,0.167464,1,0,3,302.89,1.0000,0.0124,0.000130,4.338
991443,520,474,994,181,52,206,320.50,0.8616,0.5153,0.167372,10,0,3,356.00,1.0000,0.0271,0.000711,4.286
991445,520,442,962,211,70,120,2.48,0.7563,0.5408,0.195875,4,15,43,263.33,0.8010,0.0805,0.005418,4.437
991453,520,360,880,246,13,231,331.77,0.9953,0.6238,0.256532,5,50,36,167.07,0.9248,0.1808,0.024407,4.120
991454,520,38,558,227,244,238,172.79,0.3999,0.9451,0.872048,16,129,61,150.28,0.9835,0.4548,0.161469,4.360
991483,520,471,991,212,64,56,27.53,0.8692,0.5199,0.179517,12,3,14,321.51,0.5727,0.0426,0.001750,4.435
991488,520,457,977,208,60,143,350.42,0.7889,0.5329,0.186269,21,6,2,44.03,0.6557,0.0564,0.002941,4.463
991497,520,425,945,156,101,225,301.77,0.7571,0.5607,0.218118,11,31,7,140.19,0.8797,0.1130,0.010664,4.420
991499,520,394,914,235,63,153,353.24,0.8624,0.5894,0.235199,28,29,55,280.43,0.4405,0.1407,0.014014,4.455
991500,520,410,930,211,34,232,322.97,0.9659,0.5710,0.208210,4,36,24,164.38,0.8950,0.1297,0.013535,4.064
991511,520,434,954,234,53,26,31.46,0.9684,0.5492,0.201163,0,16,62,261.97,1.0000,0.0978,0.007183,4.392
991520,520,423,943,249,16,11,29.14,0.9939,0.5590,0.205382,50,1,32,347.31,0.9005,0.1099,0.008042,4.400
991525,520,381,901,231,85,118,10.00,0.7914,0.5951,0.247966,5,45,9,144.64,0.9767,0.1574,0.019287,4.300
991529,520,353,873,235,23,250,324.91,0.9915,0.6201,0.251796,6,48,46,190.19,0.8473,0.1784,0.023498,4.106
991535,520,428,948,221,50,165,344.88,0.8694,0.5578,0.203724,5,2,80,267.92,0.9947,0.1007,0.006548,4.487
991540,520,356,876,242,42,217,334.35,0.9666,0.6188,0.255458,80,8,41,359.40,0.8238,0.1848,0.020395,4.339
991552,520,479,999,202,51,134,351.77,0.8032,0.5090,0.166475,0,0,2,264.05,1.0000,0.0079,0.000044,4.326
991556,520,458,978,204,79,63,29.95,0.7844,0.5259,0.187903,16,9,15,331.33,0.2646,0.0607,0.003400,4.455
991578,520,465,985,215,65,28,34.41,0.9407,0.5239,0.183140,0,1,43,264.19,0.9940,0.0486,0.001961,4.487
991585,520,374,894,240,46,179,344.71,0.9330,0.5968,0.237369,26,20,96,276.57,0.8954,0.1594,0.015644,4.378
991597,520,415,935,247,2,113,5.98,0.9981,0.5674,0.210133,30,22,40,304.00,0.3682,0.1166,0.010030,4.333
991611,520,374,894,244,40,175,346.64,0.9492,0.5986,0.238490,50,20,64,313.51,0.6606,0.1562,0.015486,4.405
991617,520,444,964,234,7,117,2.61,0.9899,0.5428,0.189318,35,6,3,31.81,0.8076,0.0789,0.004942,4.356
991624,520,446,966,190,23,240,315.61,0.9790,0.5379,0.178525,21,4,53,291.49,0.8854,0.0838,0.005033,4.153
991625,520,462,982,229,25,69,18.56,0.9696,0.5255,0.177859,8,10,5,123.90,0.2772,0.0521,0.002797,4.316
991627,520,14,534,242,251,246,162.06,0.5022,0.9767,0.945252,17,134,9,142.21,0.9954,0.4660,0.171884,4.485
991664,520,460,980,236,18,32,26.93,0.9894,0.5329,0.183730,21,2,33,310.26,0.8337,0.0626,0.003127,4.399
991668,520,474,994,173,16,247,309.33,0.9875,0.5151,0.159711,7,2,11,312.87,0.5942,0.0334,0.001128,4.102
991695,520,464,984,216,36,135,353.70,0.8908,0.5246,0.176124,12,2,34,292.99,0.8708,0.0532,0.002371,4.318
991701,520,436,956,206,13,230,322.36,0.9892,0.5533,0.191246,0,26,17,167.76,1.0000,0.0933,0.007792,4.174
991706,520,288,808,246,104,200,342.10,0.9133,0.6770,0.336663,49,63,5,123.07,0.9342,0.2449,0.042189,4.194
991709,520,449,969,222,61,63,24.85,0.8880,0.5371,0.192286,19,10,17,334.73,0.3001,0.0668,0.003960,4.490
991729,520,397,917,203,54,242,318.01,0.9408,0.5787,0.217472,45,24,39,338.19,0.3928,0.1405,0.013577,4.207
991737,520,438,958,230,30,136,356.06,0.9386,0.5492,0.195320,24,17,20,350.83,0.1681,0.0885,0.006456,4.345
991738,520,321,841,252,69,210,338.92,0.9804,0.6519,0.296079,31,39,103,272.62,0.7532,0.2075,0.027215,4.482
991752,520,399,919,193,69,248,313.09,0.9549,0.5822,0.223722,18,32,59,262.37,0.5520,0.1433,0.014773,4.226
991771,520,298,818,201,133,214,321.00,0.6410,0.6678,0.340486,31,62,36,147.86,0.6339,0.2325,0.038638,4.405
991787,520,462,982,207,62,133,354.58,0.7755,0.5290,0.184062,15,4,11,340.45,0.4814,0.0472,0.002126,4.490
991789,520,363,883,246,53,176,347.24,0.9329,0.6113,0.252768,35,41,39,173.57,0.0954,0.1713,0.020897,4.271
991790,520,412,932,221,72,150,352.03,0.7878,0.5725,0.222113,17,24,60,271.49,0.6618,0.1234,0.010986,4.462
991811,520,377,897,248,33,169,349.13,0.9644,0.5998,0.239121,22,22,100,273.03,0.9151,0.1644,0.016644,4.338
991823,520,447,967,194,22,235,317.87,0.9786,0.5399,0.180428,4,20,18,185.24,0.6108,0.0784,0.005698,4.137
991853,520,378,898,222,19,251,321.62,0.9918,0.5978,0.229625,44,36,14,89.73,0.5419,0.1604,0.018290,4.095
991872,520,476,996,138,78,232,296.73,0.8529,0.5073,0.166784,7,0,4,341.66,1.0000,0.0236,0.000539,4.289
991879,520,464,984,194,6,214,323.07,0.9914,0.5189,0.164562,3,11,2,140.15,0.8367,0.0490,0.002631,4.077
991900,520,423,943,210,63,187,334.96,0.8311,0.5618,0.208465,28,25,14,94.68,0.3155,0.1111,0.009739,4.327
991907,520,440,960,161,79,250,301.52,0.9538,0.5521,0.200716,38,12,5,37.73,0.6870,0.0946,0.006860,4.409
991915,520,348,868,204,104,229,319.26,0.8227,0.6303,0.283965,22,53,1,135.85,0.9936,0.1914,0.027189,4.327
991925,520,437,957,223,1,178,340.39,0.9984,0.5470,0.189266,34,7,39,321.12,0.7117,0.0941,0.006386,4.243
991934,520,476,996,168,19,247,307.78,0.9841,0.5085,0.155068,0,0,21,264.05,1.0000,0.0245,0.000541,4.057
991939,520,449,969,217,31,178,339.18,0.9315,0.5449,0.189484,5,1,59,270.82,0.9934,0.0715,0.003697,4.460
991953,520,420,940,175,93,209,314.98,0.7224,0.5606,0.215470,11,29,2,135.57,0.9576,0.1057,0.009542,4.458
991956,520,385,905,229,91,67,32.02,0.8433,0.5890,0.245481,12,39,40,198.60,0.5840,0.1492,0.016823,4.422
991961,520,348,868,252,91,39,37.08,0.9802,0.6273,0.283276,43,41,67,286.69,0.3560,0.1938,0.025047,4.441
991962,520,433,953,226,52,109,7.05,0.8700,0.5467,0.197316,15,6,74,275.72,0.9584,0.1049,0.007262,4.319
991965,520,460,980,236,16,41,25.30,0.9900,0.5330,0.183668,18,11,2,79.86,0.6521,0.0630,0.003723,4.349
991971,520,337,857,215,99,232,322.38,0.8680,0.6403,0.291986,32,52,6,130.54,0.9256,0.1954,0.027762,4.398
991981,520,399,919,179,88,239,309.17,0.8737,0.5793,0.227959,8,33,55,248.34,0.6937,0.1380,0.014151,4.333
991984,520,379,899,240,23,198,338.81,0.9804,0.5956,0.232182,51,12,83,304.01,0.8372,0.1635,0.015913,4.281
991989,520,420,940,226,63,109,8.64,0.8362,0.5572,0.208306,8,30,20,161.75,0.6668,0.1112,0.010306,4.283
991996,520,440,960,184,42,250,311.22,0.9745,0.5471,0.187495,19,21,8,115.89,0.4341,0.0897,0.006923,4.172
992012,520,5,525,254,250,254,325.63,0.8548,0.9875,0.965979,28,135,17,141.90,0.9899,0.4717,0.176146,4.493
992022,520,424,944,236,2,153,350.99,0.9973,0.5599,0.201792,50,0,37,341.31,1.0000,0.1112,0.008118,4.332
992046,520,418,938,233,24,162,347.85,0.9621,0.5639,0.205884,4,15,81,266.08,0.9606,0.1200,0.009615,4.292
992051,520,367,887,222,46,248,321.93,0.9723,0.6078,0.242629,26,45,3,131.01,0.9551,0.1676,0.021029,4.120
992065,520,272,792,234,138,172,357.83,0.6797,0.7027,0.386500,14,73,6,141.50,0.9887,0.2577,0.048714,4.422
992087,520,332,852,169,133,224,301.16,0.6546,0.6359,0.305921,41,52,5,122.28,0.9030,0.2030,0.029383,4.484
992091,520,306,826,199,130,232,314.07,0.7610,0.6693,0.339345,19,62,36,153.75,0.8393,0.2263,0.037109,4.470
992141,520,426,946,195,70,211,322.97,0.8338,0.5597,0.206870,26,24,24,17.41,0.0377,0.1093,0.009388,4.325
992152,520,467,987,232,4,48,23.21,0.9971,0.5223,0.174592,6,2,25,287.58,0.8262,0.0406,0.001523,4.359
992169,520,371,891,226,52,241,324.45,0.9586,0.6133,0.249778,69,5,62,333.47,0.8383,0.1706,0.017217,4.460
992182,520,392,912,232,36,212,333.27,0.9634,0.5948,0.231736,3,42,12,147.45,0.9801,0.1467,0.017018,4.204
992189,520,396,916,222,29,225,327.53,0.9742,0.5825,0.218468,60,9,27,4.25,0.7606,0.1382,0.012353,4.306
992196,520,321,841,205,120,208,325.85,0.6730,0.6461,0.309675,15,58,35,156.17,0.8583,0.2109,0.032489,4.360
992204,520,447,967,185,20,248,312.51,0.9850,0.5358,0.175931,22,11,27,314.66,0.4507,0.0769,0.004891,4.116
992207,520,455,975,221,2,143,350.99,0.9954,0.5255,0.174013,4,12,23,252.94,0.5199,0.0603,0.003506,4.187
992218,520,424,944,239,35,89,14.15,0.9534,0.5554,0.202773,42,15,24,0.71,0.5105,0.1118,0.008999,4.284
992220,520,399,919,207,54,238,320.06,0.9376,0.5820,0.220784,33,4,92,285.82,0.9659,0.1418,0.011828,4.380
992226,520,462,982,216,54,104,7.66,0.8372,0.5276,0.182392,0,10,8,182.95,1.0000,0.0458,0.002346,4.440
992234,520,444,964,226,61,39,31.01,0.9328,0.5419,0.196555,36,0,32,333.14,1.0000,0.0815,0.004794,4.500
992238,520,408,928,243,59,48,28.64,0.9498,0.5745,0.223994,38,22,49,310.16,0.4941,0.1322,0.012077,4.414
992242,520,390,910,229,57,181,341.83,0.8849,0.5861,0.229230,52,26,0,62.60,1.0000,0.1454,0.014690,4.316
992248,520,347,867,255,77,115,12.58,1.0000,0.6280,0.278091,69,28,53,344.87,0.5459,0.1941,0.023529,4.462
992311,520,284,804,202,139,231,314.59,0.7333,0.6892,0.367922,50,63,42,133.91,0.3407,0.2519,0.044002,4.446
992319,520,475,995,226,38,49,25.04,0.9552,0.5233,0.177796,5,3,2,54.77,0.2372,0.0302,0.001018,4.465
992332,520,423,943,214,57,173,340.60,0.8385,0.5552,0.202417,18,11,70,278.18,0.8944,0.1094,0.008101,4.344
992334,520,385,905,243,24,167,348.46,0.9731,0.5856,0.225011,1,22,99,263.90,0.9887,0.1530,0.014810,4.243
992337,520,371,891,242,43,195,340.35,0.9520,0.6068,0.245481,39,42,25,116.53,0.3400,0.1738,0.021574,4.128
992342,520,457,977,215,25,161,343.97,0.9357,0.5291,0.177179,0,5,43,263.54,1.0011,0.0574,0.002829,4.300
992347,520,475,995,210,21,158,343.64,0.9405,0.5163,0.167088,9,1,2,10.26,0.6677,0.0287,0.000842,4.270
992361,520,405,925,191,90,214,319.85,0.7736,0.5817,0.232449,32,32,6,109.23,0.7156,0.1335,0.013533,4.446
992382,520,452,972,215,59,116,3.22,0.8098,0.5344,0.188383,0,11,40,259.54,1.0000,0.0666,0.003925,4.421
992395,520,465,985,211,46,137,352.41,0.8427,0.5229,0.176113,4,7,26,270.51,0.6651,0.0512,0.002523,4.305
992396,520,430,950,205,3,232,321.69,0.9976,0.5510,0.188722,27,13,53,295.15,0.7057,0.1046,0.007779,4.132
992401,520,452,972,202,35,196,329.89,0.9190,0.5309,0.177460,15,14,17,300.87,0.0937,0.0710,0.004561,4.169
992422,520,381,901,217,48,250,320.15,0.9782,0.6025,0.237696,28,0,111,277.34,1.0000,0.1580,0.013945,4.499
992430,520,445,965,211,57,151,347.79,0.8106,0.5390,0.190117,28,7,38,313.18,0.7011,0.0846,0.005388,4.335
992438,520,244,764,251,117,245,329.20,0.9830,0.7253,0.398269,61,59,102,284.45,0.4312,0.2804,0.050793,4.447
992440,520,424,944,207,78,159,345.16,0.7308,0.5597,0.212193,19,29,12,133.44,0.5242,0.1132,0.010437,4.338
992469,520,427,947,180,70,237,311.42,0.8954,0.5560,0.201990,9,22,37,253.05,0.5104,0.0964,0.007654,4.371
992480,520,440,960,238,34,98,10.97,0.9501,0.5550,0.202062,29,19,2,81.37,0.7960,0.0947,0.007314,4.398
992481,520,390,910,210,72,222,324.47,0.8782,0.5927,0.236120,14,26,83,268.36,0.8704,0.1480,0.014566,4.431
992487,520,384,904,165,110,223,304.56,0.7225,0.5862,0.244793,52,25,41,344.67,0.4410,0.1543,0.015855,4.476
992492,520,330,850,209,135,73,58.77,0.6849,0.6373,0.313660,25,51,77,250.09,0.5423,0.2132,0.031100,4.484
992495,520,13,533,249,253,217,112.41,0.9619,0.9788,0.954001,4,135,4,142.53,0.9984,0.4676,0.173618,4.490
992496,520,378,898,238,81,115,11.31,0.8450,0.6016,0.253028,24,44,14,136.38,0.7746,0.1644,0.020272,4.312
992497,520,331,851,253,23,240,331.21,0.9931,0.6444,0.277898,73,30,33,17.61,0.5460,0.1970,0.024550,4.398
992500,520,429,949,240,31,68,20.21,0.9696,0.5512,0.199259,31,9,43,311.51,0.6956,0.0956,0.006611,4.403
992507,520,441,961,220,66,33,33.52,0.9341,0.5352,0.192245,36,14,1,54.24,0.8621,0.0940,0.006914,4.256
992508,520,200,720,246,169,135,44.64,0.7796,0.7690,0.497202,10,89,42,150.91,0.9789,0.3169,0.073761,4.421
992512,520,435,955,241,20,43,25.31,0.9879,0.5452,0.193789,36,9,2,40.34,0.8147,0.0855,0.005749,4.373
992522,520,454,974,206,38,178,336.39,0.8917,0.5287,0.177244,21,7,23,322.55,0.5279,0.0662,0.003733,4.229
992540,520,471,991,220,50,38,29.15,0.9358,0.5191,0.176395,0,1,31,264.20,0.9891,0.0364,0.001206,4.421
992552,520,444,964,222,66,51,29.45,0.8957,0.5409,0.196677,0,19,40,249.70,1.0000,0.0850,0.006189,4.390
992559,520,419,939,231,28,162,347.50,0.9506,0.5616,0.204309,35,8,60,302.80,0.8119,0.1139,0.008573,4.342
992560,520,468,988,144,95,198,303.89,0.6481,0.5168,0.181912,7,2,24,291.57,0.8044,0.0409,0.001545,4.499
992563,520,469,989,198,22,201,327.46,0.9572,0.5209,0.167984,4,3,18,283.27,0.6685,0.0365,0.001346,4.245
992572,520,373,893,246,21,186,343.46,0.9830,0.5996,0.236775,77,2,12,21.90,0.9755,0.1644,0.016480,4.314
992580,520,1,521,255,255,255,0.00,0.0000,1.0000,1.000000,5,138,36,144.92,0.9975,0.4795,0.183358,4.500
992583,520,401,921,245,60,31,31.70,0.9673,0.5780,0.227465,44,26,24,26.43,0.3115,0.1375,0.013403,4.376
992586,520,425,945,242,35,97,11.90,0.9543,0.5634,0.209457,23,2,79,282.08,0.9809,0.1126,0.007901,4.481
992591,520,371,891,226,68,216,330.69,0.9027,0.6106,0.252631,19,23,103,270.92,0.9292,0.1678,0.017304,4.496
992607,520,429,949,233,21,129,358.72,0.9649,0.5488,0.194479,43,10,4,34.40,0.7971,0.1001,0.007395,4.260
992613,520,420,940,244,27,66,20.73,0.9782,0.5573,0.204138,19,29,17,140.36,0.3849,0.1144,0.010576,4.195
992629,520,416,936,197,73,222,320.46,0.8564,0.5736,0.219107,19,27,34,245.18,0.2356,0.1151,0.010378,4.457
992642,520,381,901,255,55,65,24.43,1.0000,0.5971,0.243778,9,38,67,251.62,0.7396,0.1613,0.018495,4.289
992650,520,468,988,226,29,42,25.66,0.9723,0.5171,0.172176,12,2,13,324.90,0.6509,0.0396,0.001506,4.314
992651,520,391,911,212,87,185,336.87,0.7528,0.5926,0.243181,27,34,49,264.97,0.2951,0.1490,0.015988,4.443
992669,520,450,970,226,39,113,4.17,0.9080,0.5381,0.188148,27,6,11,6.26,0.5684,0.0678,0.003875,4.420
992716,520,322,842,248,59,225,333.76,0.9675,0.6452,0.285236,55,49,13,99.79,0.7127,0.2103,0.030380,4.171
992729,520,398,918,217,76,180,339.73,0.7958,0.5842,0.232180,36,23,66,293.87,0.6334,0.1443,0.013812,4.422
992733,520,449,969,234,26,66,19.92,0.9729,0.5359,0.186277,8,15,24,254.64,0.3564,0.0708,0.004592,4.328
992742,520,475,995,155,58,251,301.15,0.9741,0.5204,0.169601,2,4,1,133.14,0.5926,0.0292,0.001019,4.304
992746,520,397,917,228,91,40,39.14,0.9082,0.5841,0.241320,22,36,32,174.80,0.2855,0.1426,0.015366,4.457
992758,520,431,951,227,35,140,354.27,0.9188,0.5476,0.194291,8,14,59,270.05,0.8821,0.0957,0.006814,4.300
992761,520,330,850,252,31,226,334.31,0.9869,0.6367,0.271696,18,55,59,205.04,0.6246,0.2115,0.031766,3.934
992762,520,419,939,223,79,0,40.47,1.0000,0.5559,0.212826,49,10,0,39.68,1.0000,0.1108,0.008702,4.477
992764,520,430,950,211,78,112,7.98,0.7272,0.5485,0.204697,1,16,62,262.89,0.9710,0.0984,0.007248,4.449
992765,520,376,896,233,20,223,330.72,0.9874,0.5972,0.231543,22,1,113,273.35,0.9978,0.1571,0.013844,4.410
992772,520,356,876,220,61,254,319.72,0.9950,0.6199,0.257108,25,14,122,272.90,0.9727,0.1840,0.019258,4.434
992777,520,480,1000,217,45,23,30.92,0.9650,0.5074,0.166930,0,0,0,0.00,0.0000,0.0000,0.000000,4.339
992786,520,260,780,235,133,214,335.15,0.8226,0.7123,0.392943,63,62,63,325.62,0.0153,0.2692,0.048609,4.492
992793,520,410,930,230,41,168,345.72,0.9186,0.5696,0.212387,56,7,27,0.78,0.7701,0.1277,0.010720,4.321
992796,520,415,935,222,38,192,336.34,0.9322,0.5659,0.207240,7,34,4,141.13,0.9625,0.1201,0.011979,4.150
992807,520,453,973,229,4,102,6.82,0.9937,0.5271,0.177071,17,9,28,301.59,0.5187,0.0682,0.003984,4.206
992830,520,428,948,226,58,119,3.91,0.8462,0.5553,0.205295,23,14,51,289.88,0.6800,0.1002,0.007352,4.451
992848,520,449,969,190,46,227,318.06,0.9248,0.5404,0.184485,23,7,25,323.12,0.5630,0.0698,0.004043,4.339
992852,520,403,923,229,68,133,0.21,0.8225,0.5759,0.224884,14,36,8,139.38,0.8917,0.1310,0.013726,4.314
992865,520,427,947,217,43,186,336.90,0.9043,0.5566,0.200269,17,11,63,279.17,0.8613,0.1010,0.007174,4.377
992874,520,362,882,245,39,203,338.74,0.9657,0.6144,0.251784,27,43,54,239.21,0.3284,0.1774,0.022270,4.176
992880,520,293,813,229,112,236,325.27,0.8960,0.6815,0.343044,19,66,49,165.59,0.7844,0.2436,0.042565,4.246
992886,520,8,528,239,255,255,196.89,1.0000,0.9863,0.970902,8,136,26,143.75,0.9964,0.4724,0.177338,4.491
992931,520,444,964,220,57,98,11.18,0.8450,0.5365,0.190263,27,5,39,311.40,0.7613,0.0806,0.004881,4.378
992932,520,448,968,186,55,223,317.51,0.8929,0.5386,0.185004,11,10,49,276.82,0.8136,0.0808,0.005100,4.265
992940,520,461,981,191,22,228,318.66,0.9740,0.5293,0.172530,12,5,13,322.87,0.3978,0.0471,0.002158,4.266
992951,520,133,653,202,210,217,244.28,0.1279,0.8367,0.636592,12,104,57,153.99,0.9766,0.3709,0.102737,4.495
992959,520,350,870,249,81,143,1.85,0.9226,0.6299,0.280110,24,48,44,182.16,0.4208,0.1858,0.024899,4.407
992965,520,426,946,235,66,3,35.86,0.9964,0.5631,0.215682,34,22,2,79.56,0.8294,0.1087,0.009183,4.489
992973,520,350,870,244,42,228,332.03,0.9737,0.6290,0.264933,62,9,94,307.57,0.8855,0.1885,0.020278,4.481
992974,520,421,941,217,46,188,336.33,0.8980,0.5598,0.203388,18,8,74,277.86,0.9340,0.1100,0.007966,4.371
992976,520,318,838,232,119,160,358.48,0.7101,0.6620,0.328898,11,60,58,190.92,0.8149,0.2246,0.036082,4.402
992985,520,401,921,230,81,84,22.89,0.8374,0.5798,0.233507,25,18,86,278.30,0.8726,0.1439,0.013111,4.492
992988,520,396,916,247,26,122,3.80,0.9707,0.5765,0.219215,35,13,84,288.82,0.8633,0.1446,0.012853,4.283
992995,520,352,872,246,49,205,338.55,0.9542,0.6232,0.262003,31,42,68,265.90,0.4199,0.1860,0.023645,4.237
993011,520,299,819,240,91,234,329.38,0.9349,0.6686,0.319504,28,53,89,257.60,0.5806,0.2289,0.035142,4.340
993020,520,457,977,172,80,192,320.16,0.7174,0.5254,0.183147,7,7,29,278.89,0.6520,0.0558,0.002858,4.411
993036,520,284,804,253,85,243,330.38,0.9919,0.6875,0.338536,83,40,64,346.94,0.4823,0.2452,0.037270,4.452
993043,520,378,898,244,33,177,345.85,0.9624,0.5960,0.234983,22,13,104,273.87,0.9610,0.1567,0.014578,4.413
993048,520,410,930,203,76,202,328.07,0.8070,0.5736,0.221313,33,29,33,325.88,0.0999,0.1337,0.013119,4.298
993054,520,254,774,253,110,254,327.33,0.9961,0.7236,0.391928,33,72,59,169.48,0.5561,0.2731,0.052737,4.302
993073,520,396,916,244,4,167,348.39,0.9962,0.5825,0.221132,3,26,78,262.32,0.9457,0.1377,0.013081,4.298
993074,520,445,965,233,15,98,9.16,0.9802,0.5369,0.185502,32,10,6,33.20,0.5982,0.0815,0.005374,4.253
993078,520,453,973,194,68,168,336.91,0.7515,0.5297,0.184324,20,11,13,4.35,0.2425,0.0685,0.004171,4.326
993079,520,444,964,218,57,121,1.45,0.8239,0.5398,0.192146,22,2,47,298.20,0.9116,0.0757,0.004192,4.468
993087,520,420,940,220,71,132,359.21,0.7817,0.5625,0.213905,24,25,23,128.68,0.0510,0.1095,0.009513,4.434
993094,520,443,963,191,9,245,314.97,0.9938,0.5397,0.178656,41,0,17,359.46,1.0000,0.0837,0.005120,4.148
993098,520,414,934,234,23,179,342.85,0.9703,0.5739,0.213627,32,5,73,292.71,0.9168,0.1193,0.008967,4.471
993103,520,261,781,215,149,202,333.82,0.5683,0.7106,0.402075,25,73,39,150.27,0.8579,0.2665,0.051181,4.468
993105,520,416,936,234,49,144,355.18,0.8952,0.5720,0.217056,22,23,55,278.91,0.5715,0.1210,0.010592,4.407
993118,520,245,765,245,130,232,331.55,0.9400,0.7297,0.412062,24,76,50,158.11,0.8173,0.2790,0.055931,4.362
993130,520,458,978,217,33,147,349.45,0.9062,0.5301,0.179484,25,3,21,335.05,0.7121,0.0628,0.003260,4.309
993143,520,435,955,198,68,186,331.72,0.7895,0.5465,0.196868,13,23,23,196.02,0.2541,0.0946,0.007602,4.286
993144,520,405,925,204,51,239,319.08,0.9416,0.5757,0.214386,12,30,49,251.42,0.5611,0.1274,0.012284,4.245
993148,520,435,955,177,79,221,313.64,0.8142,0.5510,0.201604,6,24,15,160.30,0.6530,0.0903,0.007265,4.394
993153,520,471,991,219,52,57,24.76,0.9107,0.5212,0.178141,5,7,11,259.64,0.2138,0.0445,0.002084,4.380
993156,520,392,912,250,23,141,358.01,0.9774,0.5880,0.228634,0,34,66,250.70,1.0000,0.1456,0.015373,4.262
993162,520,428,948,216,51,188,336.13,0.8816,0.5619,0.205996,0,15,69,263.01,1.0003,0.1035,0.007713,4.436
993203,520,447,967,209,57,166,341.69,0.8188,0.5427,0.192368,21,6,40,299.99,0.7502,0.0755,0.004429,4.453
993211,520,405,925,218,25,230,325.35,0.9797,0.5775,0.213160,59,4,23,6.23,0.8482,0.1289,0.010787,4.329
993212,520,465,985,190,7,226,319.02,0.9922,0.5218,0.165915,5,9,13,243.11,0.2561,0.0499,0.002567,4.107
993235,520,479,999,219,27,88,11.26,0.9441,0.5097,0.165512,0,1,0,142.50,1.0000,0.0135,0.000217,4.292
993238,520,468,988,193,75,139,349.74,0.6837,0.5230,0.182354,6,6,8,285.56,0.1086,0.0419,0.001865,4.480
993262,520,403,923,235,49,160,349.84,0.9037,0.5806,0.223997,9,31,47,243.05,0.6174,0.1274,0.012432,4.389
993271,520,381,901,235,45,209,334.83,0.9500,0.6034,0.241451,59,23,44,346.27,0.5411,0.1636,0.017246,4.334
993281,520,414,934,253,14,69,19.94,0.9926,0.5723,0.216302,18,24,56,272.43,0.6035,0.1208,0.010674,4.389
993285,520,407,927,214,11,235,323.26,0.9929,0.5703,0.205356,30,28,31,314.69,0.0692,0.1269,0.012055,4.115
993287,520,438,958,231,33,140,355.02,0.9324,0.5543,0.199730,8,16,47,268.56,0.7373,0.0886,0.006274,4.438
993295,520,389,909,248,63,14,33.87,0.9887,0.5860,0.235467,35,31,55,290.53,0.3862,0.1527,0.016131,4.317
993319,520,477,997,215,29,110,2.50,0.9186,0.5090,0.164541,2,1,10,286.50,0.7500,0.0235,0.000565,4.243
993340,520,290,810,244,108,199,342.22,0.8912,0.6790,0.340844,13,67,10,142.29,0.9781,0.2369,0.041216,4.285
993347,520,446,966,220,47,136,354.95,0.8623,0.5405,0.190288,23,5,48,297.16,0.8267,0.0830,0.005041,4.366
993353,520,478,998,187,40,202,323.80,0.8975,0.5124,0.163481,1,2,7,266.83,0.5685,0.0241,0.000652,4.215
993360,520,430,950,214,67,138,354.74,0.7782,0.5493,0.201477,31,7,56,301.12,0.8144,0.1034,0.007288,4.390
993374,520,335,855,248,67,210,337.93,0.9579,0.6433,0.286269,23,36,111,269.25,0.8743,0.2041,0.025915,4.430
993378,520,480,1000,226,3,47,23.06,0.9975,0.5089,0.164421,0,0,0,0.00,0.0000,0.0000,0.000000,4.288
993387,520,457,977,192,50,203,324.83,0.8724,0.5293,0.178010,19,5,27,312.08,0.6555,0.0620,0.003261,4.281
993411,520,288,808,252,109,161,359.90,0.9351,0.6779,0.342090,11,63,65,198.86,0.8208,0.2376,0.040076,4.353
993444,520,472,992,221,33,106,5.41,0.9191,0.5221,0.175031,3,3,15,279.44,0.6193,0.0337,0.001190,4.396
993453,520,285,805,231,127,207,336.36,0.7816,0.6933,0.366746,13,68,64,187.74,0.8315,0.2539,0.045898,4.346
993463,520,392,912,227,51,200,335.41,0.9179,0.5882,0.228711,53,15,56,324.73,0.6929,0.1477,0.013841,4.366
993468,520,350,870,249,15,239,330.58,0.9956,0.6347,0.267164,29,11,129,274.11,0.9797,0.1936,0.020854,4.476
993482,520,433,953,237,48,11,32.09,0.9896,0.5505,0.201458,48,0,17,4.80,1.0000,0.0981,0.006690,4.436
993483,520,356,876,248,10,225,333.64,0.9963,0.6230,0.256129,27,5,127,273.70,0.9910,0.1844,0.018737,4.454
993487,520,423,943,241,34,72,19.43,0.9647,0.5555,0.203160,23,22,42,284.85,0.4031,0.1103,0.009231,4.274
993504,520,470,990,177,6,246,310.84,0.9954,0.5178,0.161322,3,5,11,263.83,0.3681,0.0374,0.001521,4.102
993515,520,410,930,232,70,81,21.33,0.8686,0.5694,0.221331,8,29,64,260.00,0.7786,0.1341,0.013005,4.307
993532,520,313,833,226,133,62,54.96,0.8008,0.6563,0.332938,12,61,42,162.82,0.8820,0.2221,0.035827,4.462
993549,520,441,961,202,91,30,44.98,0.8775,0.5376,0.201344,14,7,63,277.49,0.9219,0.0927,0.006042,4.485
993576,520,415,935,222,84,70,28.80,0.8211,0.5668,0.223150,33,26,28,358.99,0.1270,0.1240,0.011460,4.444
993577,520,453,973,151,86,229,301.22,0.8173,0.5327,0.188923,23,6,25,323.44,0.6015,0.0679,0.003826,4.439
993579,520,452,972,174,39,250,308.37,0.9749,0.5302,0.173527,16,10,37,289.77,0.6275,0.0750,0.004608,4.093
993585,520,398,918,245,34,134,359.85,0.9535,0.5802,0.222811,41,19,64,303.31,0.6752,0.1416,0.013074,4.325
993595,520,418,938,196,63,219,321.33,0.8735,0.5591,0.204067,34,14,55,302.97,0.6952,0.1166,0.009300,4.284
993599,520,471,991,206,22,180,335.65,0.9463,0.5216,0.169929,3,7,12,245.54,0.3729,0.0429,0.001979,4.231
993620,520,473,993,224,36,56,22.92,0.9523,0.5187,0.173974,6,1,7,323.06,0.6585,0.0273,0.000758,4.413
993622,520,449,969,229,13,139,354.27,0.9775,0.5422,0.188128,16,8,39,290.38,0.7017,0.0729,0.004303,4.385
993626,520,447,967,211,22,198,331.77,0.9633,0.5421,0.185020,35,4,14,3.38,0.7339,0.0783,0.004759,4.292
993662,520,388,908,232,59,180,342.96,0.8860,0.5927,0.235817,12,37,60,248.99,0.6465,0.1546,0.017275,4.249
993668,520,392,912,250,66,23,33.55,0.9800,0.5932,0.242858,13,27,85,267.44,0.8795,0.1518,0.015252,4.488
993674,520,424,944,183,70,234,313.10,0.8849,0.5580,0.203891,42,7,43,326.75,0.7417,0.1097,0.008187,4.363
993681,520,387,907,241,6,183,343.09,0.9947,0.5851,0.222530,69,6,13,21.50,0.9091,0.1505,0.014247,4.242
993683,520,348,868,221,73,255,319.39,1.0000,0.6332,0.273591,87,8,0,31.82,1.0000,0.1913,0.022003,4.494
993686,520,447,967,234,40,39,27.59,0.9637,0.5401,0.191596,25,13,22,336.18,0.3385,0.0820,0.005525,4.351
993689,520,434,954,222,66,115,6.03,0.8091,0.5547,0.206664,48,6,7,24.05,0.8454,0.1045,0.007741,4.445
993696,520,412,932,243,5,144,355.32,0.9945,0.5707,0.211801,44,18,29,354.66,0.4720,0.1225,0.010569,4.322
993725,520,466,986,196,32,192,329.36,0.9167,0.5159,0.165763,22,3,6,9.96,0.6628,0.0525,0.002489,4.111
993735,520,430,950,246,10,20,28.20,0.9960,0.5514,0.198640,7,22,40,253.87,0.6033,0.0971,0.007722,4.308
993743,520,479,999,159,71,214,309.50,0.8068,0.5097,0.167331,2,0,2,328.36,1.0000,0.0139,0.000173,4.332
993747,520,457,977,199,62,172,336.81,0.7892,0.5335,0.185677,22,9,4,47.01,0.5051,0.0645,0.003747,4.385
993756,520,468,988,177,56,221,315.10,0.8797,0.5241,0.173970,0,0,38,264.05,1.0000,0.0408,0.001399,4.357
993766,520,436,956,239,15,83,14.79,0.9858,0.5458,0.193202,3,6,66,267.09,0.9768,0.0872,0.005429,4.388
993778,520,480,1000,218,51,26,31.51,0.9573,0.5149,0.173503,0,0,0,0.00,0.0000,0.0000,0.000000,4.470
993800,520,407,927,238,41,129,0.71,0.9254,0.5686,0.213511,55,5,34,350.20,0.7923,0.1262,0.010364,4.365
993801,520,475,995,195,42,188,330.21,0.8756,0.5180,0.168905,4,0,26,283.50,1.0000,0.0338,0.001004,4.292
993805,520,451,971,184,42,239,313.62,0.9465,0.5378,0.180794,19,9,27,308.35,0.5050,0.0697,0.004130,4.264
993808,520,433,953,177,57,246,309.28,0.9485,0.5454,0.189281,22,22,18,107.09,0.1075,0.0979,0.007881,4.134
993863,520,433,953,219,12,187,336.86,0.9818,0.5470,0.189132,17,23,21,173.03,0.1487,0.0969,0.007861,4.133
993878,520,427,947,232,27,151,351.27,0.9514,0.5581,0.201769,24,17,38,297.84,0.4553,0.0976,0.007350,4.390
993879,520,407,927,184,80,229,313.97,0.8478,0.5680,0.215858,44,2,72,305.86,0.9497,0.1314,0.010468,4.397
993893,520,379,899,255,6,164,351.53,1.0000,0.6031,0.240742,64,21,26,15.88,0.6194,0.1623,0.017011,4.339
993896,520,399,919,233,40,177,343.55,0.9326,0.5791,0.220183,61,11,23,11.02,0.7512,0.1413,0.012935,4.293
993907,520,378,898,231,66,181,342.68,0.8664,0.5979,0.242241,27,32,72,274.78,0.5991,0.1601,0.017339,4.340
993920,520,466,986,201,37,181,334.06,0.8911,0.5208,0.170787,0,7,30,259.22,1.0000,0.0503,0.002457,4.209
993935,520,412,932,242,16,139,356.95,0.9813,0.5691,0.211152,27,29,3,113.45,0.8204,0.1190,0.011183,4.268
993954,520,467,987,171,31,254,306.93,0.9950,0.5248,0.167944,2,4,21,269.43,0.7674,0.0389,0.001539,4.229
993976,520,365,885,252,78,37,34.14,0.9833,0.6109,0.262813,14,39,75,257.87,0.7142,0.1724,0.020523,4.436
993981,520,469,989,174,19,254,308.12,0.9953,0.5240,0.166210,16,0,17,326.48,1.0000,0.0413,0.001506,4.198
993990,520,426,946,229,52,144,354.33,0.8727,0.5649,0.211303,49,10,14,18.31,0.7195,0.1136,0.009019,4.427
994006,520,475,995,230,7,37,25.45,0.9954,0.5174,0.171116,0,4,18,257.05,0.9999,0.0348,0.001305,4.310
994008,520,420,940,243,35,32,28.30,0.9768,0.5553,0.203645,45,8,31,346.13,0.6946,0.1095,0.008306,4.350
994050,520,430,950,243,19,28,27.67,0.9905,0.5479,0.196077,6,17,61,266.78,0.8880,0.1024,0.007765,4.260
994059,520,397,917,221,3,229,326.43,0.9980,0.5764,0.210966,37,16,70,296.28,0.7581,0.1368,0.012061,4.205
994080,520,358,878,233,96,132,6.66,0.7721,0.6181,0.273580,65,33,0,61.15,1.0000,0.1829,0.022117,4.487
994108,520,430,950,132,104,232,289.80,0.7913,0.5451,0.206322,41,10,29,345.68,0.6237,0.1042,0.007773,4.437
994111,520,476,996,116,81,251,285.55,0.9688,0.5054,0.165626,5,0,11,309.75,1.0000,0.0246,0.000564,4.264
994124,520,477,997,191,14,201,325.56,0.9727,0.5058,0.156091,5,1,4,334.75,0.5642,0.0245,0.000627,4.071
994161,520,273,793,247,101,242,329.02,0.9669,0.6962,0.354949,2,73,36,153.11,0.9931,0.2590,0.049051,4.088
994175,520,390,910,220,16,247,322.02,0.9926,0.5906,0.223037,43,14,81,297.33,0.8220,0.1526,0.014218,4.252
994202,520,319,839,224,92,235,324.56,0.9040,0.6460,0.295017,51,55,8,114.37,0.8437,0.2226,0.034537,4.081
994212,520,455,975,204,61,159,343.07,0.7876,0.5343,0.186800,18,4,35,301.12,0.7755,0.0644,0.003368,4.437
994220,520,365,885,255,51,131,3.73,1.0000,0.6091,0.252700,14,46,45,192.39,0.6253,0.1745,0.022367,4.183
994226,520,400,920,234,57,138,358.02,0.8717,0.5762,0.222565,36,16,74,293.20,0.7817,0.1394,0.012401,4.368
994238,520,444,964,231,35,110,5.81,0.9312,0.5448,0.193197,9,21,7,140.51,0.6337,0.0815,0.006097,4.335
994244,520,403,923,197,73,231,318.13,0.8794,0.5799,0.224063,16,34,37,209.24,0.3929,0.1346,0.013877,4.290
994251,520,449,969,192,69,183,330.81,0.7697,0.5361,0.188831,28,5,19,345.12,0.6336,0.0703,0.004025,4.421
994255,520,457,977,208,59,136,353.21,0.7898,0.5289,0.183175,29,1,5,13.69,0.8885,0.0592,0.002939,4.405
994257,520,233,753,255,142,179,359.99,1.0000,0.7419,0.438634,32,80,10,138.26,0.9761,0.2891,0.060661,4.416
994267,520,345,865,243,54,218,334.39,0.9531,0.6288,0.267578,82,9,27,13.62,0.8614,0.1853,0.020687,4.493
994270,520,385,905,233,49,188,340.40,0.9205,0.5907,0.231538,27,33,53,270.67,0.3621,0.1488,0.015777,4.280
994272,520,439,959,206,8,223,324.06,0.9922,0.5469,0.186250,28,3,50,303.49,0.8782,0.0879,0.005423,4.263
994292,520,292,812,243,136,24,58.26,0.9676,0.6848,0.367317,10,67,48,165.33,0.9170,0.2437,0.042921,4.491
994296,520,411,931,200,54,235,318.80,0.9278,0.5687,0.209174,30,22,52,293.67,0.5240,0.1244,0.010978,4.250
994302,520,466,986,204,38,169,338.74,0.8780,0.5198,0.170902,13,8,12,333.03,0.2061,0.0545,0.002858,4.179
994307,520,37,557,250,245,148,105.88,0.9368,0.9457,0.877676,54,124,70,148.86,0.8108,0.4519,0.156412,4.494
994311,520,352,872,251,83,66,29.37,0.9741,0.6180,0.270925,1,56,8,144.56,0.9973,0.1945,0.028522,4.087
994313,520,373,893,252,24,168,350.03,0.9801,0.6034,0.241793,34,1,110,281.45,0.9954,0.1632,0.014875,4.498
994331,520,456,976,188,82,150,343.61,0.6462,0.5298,0.189294,0,15,18,208.81,1.0000,0.0619,0.003853,4.443
994333,520,448,968,192,61,209,322.87,0.8515,0.5438,0.191488,0,17,44,255.67,0.9999,0.0831,0.005827,4.326
994338,520,430,950,194,20,251,314.37,0.9871,0.5525,0.189360,19,18,50,280.88,0.6149,0.1034,0.008013,4.126
994347,520,440,960,230,20,145,352.63,0.9643,0.5488,0.193705,0,15,57,261.57,1.0000,0.0906,0.006370,4.323
994369,520,453,973,221,59,39,30.69,0.9276,0.5299,0.186492,27,6,15,354.73,0.5690,0.0691,0.003978,4.381
994383,520,394,914,231,1,225,329.79,0.9994,0.5909,0.224494,22,34,48,252.84,0.3508,0.1444,0.015280,4.205
994398,520,352,872,207,93,224,322.29,0.8311,0.6154,0.264774,5,20,130,265.38,0.9818,0.1928,0.021441,4.406
994418,520,357,877,224,74,223,328.16,0.8998,0.6177,0.260747,38,43,29,124.00,0.2732,0.1768,0.022285,4.299
994420,520,403,923,230,57,164,347.76,0.8712,0.5796,0.224323,29,29,24,107.12,0.1133,0.1259,0.012059,4.420
994431,520,392,912,239,59,150,354.84,0.8841,0.5920,0.236837,11,10,109,268.29,0.9849,0.1539,0.013922,4.487
994432,520,459,979,198,56,183,332.66,0.8240,0.5320,0.182547,20,6,16,338.36,0.4809,0.0597,0.003164,4.374
994434,520,312,832,244,79,234,330.48,0.9534,0.6617,0.307682,46,39,100,284.02,0.6556,0.2176,0.029519,4.498
994435,520,471,991,216,14,141,350.74,0.9645,0.5174,0.168386,15,1,5,358.13,0.7464,0.0374,0.001342,4.254
994442,520,475,995,197,4,203,326.74,0.9929,0.5155,0.162707,12,1,1,24.72,0.7985,0.0318,0.001021,4.169
994451,520,434,954,189,81,181,330.50,0.7119,0.5459,0.200412,26,12,49,296.98,0.6915,0.0984,0.007043,4.390
994452,520,392,912,255,18,133,1.29,1.0000,0.5936,0.233898,20,16,95,273.63,0.9384,0.1477,0.013455,4.474
994461,520,466,986,209,31,163,341.92,0.9069,0.5216,0.171818,16,5,0,61.72,1.0000,0.0470,0.002187,4.250
994468,520,397,917,238,36,162,349.29,0.9427,0.5790,0.220505,63,10,4,31.35,0.9154,0.1403,0.012828,4.305
994470,520,318,838,221,96,249,319.88,0.9616,0.6556,0.305792,46,57,15,122.57,0.7534,0.2244,0.035416,4.165
994473,520,399,919,223,76,154,351.34,0.7836,0.5824,0.231924,11,36,44,221.91,0.5849,0.1414,0.015147,4.328
994476,520,423,943,225,62,134,358.24,0.8278,0.5626,0.211766,31,23,10,78.73,0.4369,0.1087,0.009260,4.417
994478,520,14,534,239,252,242,152.83,0.6558,0.9751,0.943820,19,129,121,187.00,0.9241,0.4728,0.172186,4.473
994502,520,455,975,224,31,117,1.74,0.9269,0.5307,0.181143,4,7,39,270.38,0.8714,0.0611,0.003242,4.341
994552,520,463,983,191,31,230,318.03,0.9601,0.5349,0.177709,6,7,14,276.19,0.2901,0.0466,0.002224,4.360
994582,520,225,745,229,150,242,321.74,0.8791,0.7482,0.448829,50,78,62,158.59,0.3724,0.3038,0.064745,4.347
994588,520,357,877,220,90,207,331.71,0.8192,0.6210,0.270350,34,45,44,189.51,0.1644,0.1842,0.023987,4.330
994596,520,479,999,155,49,252,301.56,0.9827,0.5129,0.161939,0,0,1,264.05,1.0000,0.0060,0.000022,4.237
994599,520,248,768,230,146,188,348.78,0.6452,0.7182,0.410134,9,71,104,239.10,0.8640,0.2846,0.055637,4.356
994600,520,410,930,252,31,44,26.19,0.9879,0.5731,0.218610,50,18,10,35.19,0.6578,0.1274,0.011327,4.380
994604,520,460,980,203,50,174,337.03,0.8396,0.5300,0.180356,5,0,50,273.23,1.0000,0.0588,0.002625,4.377
994637,520,362,882,253,53,140,0.52,0.9796,0.6098,0.253258,77,2,58,341.86,0.9099,0.1816,0.019269,4.378
994654,520,415,935,208,45,232,321.99,0.9463,0.5726,0.211146,4,35,3,142.28,0.9784,0.1218,0.012344,4.189
994658,520,372,892,253,62,110,11.79,0.9802,0.6080,0.254572,30,40,50,248.70,0.2375,0.1689,0.020239,4.336
994668,520,435,955,201,18,231,320.75,0.9833,0.5470,0.186213,11,10,59,274.51,0.8930,0.0908,0.006040,4.215
994672,520,447,967,196,60,191,329.49,0.8219,0.5375,0.187307,5,13,44,267.08,0.8128,0.0778,0.005019,4.313
994694,520,440,960,236,45,77,18.69,0.9361,0.5532,0.202486,17,22,16,140.42,0.2070,0.0926,0.007304,4.406
994704,520,396,916,245,57,28,31.60,0.9720,0.5751,0.224260,42,27,34,349.66,0.2616,0.1406,0.013916,4.291
994707,520,472,992,218,54,38,29.91,0.9300,0.5188,0.176863,9,1,3,359.74,0.6560,0.0291,0.000864,4.460
994711,520,385,905,250,65,5,34.67,0.9961,0.5916,0.241191,52,28,15,48.41,0.5269,0.1522,0.015952,4.415
994713,520,456,976,177,76,194,321.66,0.7457,0.5284,0.184121,7,10,30,273.35,0.5903,0.0626,0.003560,4.371
994727,520,330,850,161,142,205,297.75,0.4731,0.6363,0.313309,6,61,15,145.17,0.9841,0.2145,0.034106,4.320
994728,520,446,966,208,84,0,44.36,1.0000,0.5355,0.197527,0,13,50,261.14,1.0000,0.0797,0.005181,4.486
994732,520,460,980,153,76,243,300.39,0.9099,0.5321,0.184126,11,13,16,258.37,0.1151,0.0649,0.003964,4.339
994736,520,362,882,248,45,179,346.45,0.9500,0.6110,0.250911,66,26,30,15.83,0.5489,0.1760,0.019909,4.304
994749,520,441,961,236,37,13,30.61,0.9882,0.5407,0.191883,11,21,23,211.44,0.2782,0.0877,0.006693,4.267
994753,520,386,906,255,49,71,22.17,1.0000,0.5934,0.239153,64,16,27,10.30,0.6887,0.1550,0.015399,4.421
994756,520,412,932,255,11,3,29.40,1.0000,0.5704,0.215098,11,32,26,172.62,0.5452,0.1210,0.011787,4.291
994757,520,448,968,210,23,199,331.23,0.9611,0.5413,0.184400,26,1,43,307.91,0.9323,0.0755,0.004158,4.328
994782,520,409,929,214,22,236,322.95,0.9840,0.5740,0.209280,49,8,59,318.83,0.7920,0.1346,0.011425,4.221
994795,520,363,883,233,26,233,328.29,0.9851,0.6058,0.239481,40,32,64,293.60,0.4668,0.1667,0.018543,4.223
994826,520,334,854,234,106,150,0.71,0.7548,0.6406,0.300050,26,50,59,224.19,0.4160,0.2002,0.028165,4.478
994876,520,25,545,255,250,166,105.27,1.0000,0.9654,0.923850,1,132,39,145.79,0.9994,0.4597,0.166547,4.497
994882,520,428,948,246,40,22,30.02,0.9818,0.5639,0.211719,9,23,45,259.07,0.6076,0.1043,0.008603,4.466
994897,520,428,948,200,51,226,321.08,0.9198,0.5596,0.201396,14,25,1,128.92,0.9528,0.0952,0.007908,4.341
994904,520,471,991,170,39,242,308.83,0.9514,0.5171,0.164087,5,1,31,281.46,0.9482,0.0418,0.001529,4.155
994907,520,321,841,252,26,243,330.31,0.9921,0.6455,0.279084,30,58,12,135.56,0.9148,0.2143,0.033286,3.951
994911,520,455,975,238,2,16,28.21,0.9991,0.5322,0.182613,18,8,11,359.56,0.3043,0.0595,0.003264,4.367
994970,520,468,988,231,12,34,26.20,0.9926,0.5205,0.173705,3,7,2,137.73,0.5872,0.0393,0.001757,4.322
994975,520,347,867,238,59,235,328.83,0.9555,0.6344,0.273058,74,25,33,13.05,0.6204,0.1901,0.022611,4.449
994989,520,388,908,196,79,233,317.00,0.8768,0.5869,0.232122,14,21,94,269.47,0.9336,0.1508,0.014378,4.382
995001,520,477,997,212,30,132,353.58,0.9042,0.5120,0.165939,0,2,1,165.38,1.0000,0.0192,0.000456,4.280
995014,520,450,970,236,28,73,18.23,0.9689,0.5422,0.191476,27,10,4,44.10,0.5863,0.0734,0.004589,4.424
995029,520,467,987,127,89,241,289.50,0.8822,0.5204,0.180075,14,2,18,318.85,0.7168,0.0444,0.001805,4.441
995046,520,332,852,229,106,170,349.95,0.7389,0.6402,0.298707,10,55,22,148.30,0.9500,0.1959,0.028547,4.439
995056,520,474,994,208,65,84,17.13,0.7973,0.5187,0.178328,2,3,4,243.12,0.1775,0.0274,0.000868,4.489
995058,520,123,643,237,200,253,315.62,0.9522,0.8615,0.664057,43,106,35,141.47,0.9319,0.3831,0.109426,4.479
995078,520,434,954,210,67,145,350.80,0.7699,0.5451,0.197624,40,8,36,333.03,0.6870,0.1034,0.007522,4.305
995079,520,423,943,232,16,156,349.38,0.9756,0.5565,0.199296,35,20,12,48.71,0.4071,0.1074,0.008842,4.237
995097,520,424,944,222,0,207,332.13,1.0000,0.5626,0.200370,34,20,11,53.26,0.4179,0.1058,0.008646,4.269
995111,520,449,969,230,37,95,11.17,0.9314,0.5397,0.189753,34,0,19,349.42,1.0000,0.0710,0.003872,4.450
995113,520,408,928,252,2,97,11.68,0.9986,0.5734,0.216056,56,6,40,344.15,0.7806,0.1324,0.011243,4.344
995115,520,427,947,240,3,137,356.96,0.9963,0.5615,0.203997,27,21,3,92.45,0.7354,0.0973,0.007759,4.398
995121,520,425,945,198,16,255,314.66,1.0000,0.5611,0.195978,55,0,6,21.38,1.0000,0.1107,0.008255,4.222
995123,520,452,972,180,93,138,349.25,0.5402,0.5298,0.193682,12,16,2,120.90,0.7455,0.0689,0.004531,4.469
995136,520,417,937,226,16,205,333.63,0.9843,0.5719,0.209496,9,8,89,269.14,0.9796,0.1232,0.009529,4.359
995174,520,458,978,203,84,26,42.38,0.9057,0.5276,0.191138,20,9,10,13.47,0.3112,0.0637,0.003660,4.494
995176,520,405,925,219,93,78,29.16,0.7692,0.5763,0.234412,16,36,18,146.29,0.6406,0.1341,0.014155,4.433
995177,520,412,932,223,3,219,329.33,0.9976,0.5730,0.208699,19,26,40,263.67,0.3344,0.1156,0.010304,4.290
995206,520,405,925,228,55,167,346.14,0.8739,0.5757,0.220190,38,27,19,57.36,0.2881,0.1300,0.012430,4.328
995212,520,442,962,186,59,214,319.68,0.8623,0.5358,0.184233,6,14,38,266.28,0.6818,0.0758,0.004927,4.264
995215,520,401,921,212,65,210,328.51,0.8731,0.5809,0.224327,1,33,64,251.11,0.9430,0.1416,0.014642,4.244
995217,520,282,802,246,117,187,348.54,0.8718,0.6903,0.359059,82,49,38,39.18,0.4133,0.2534,0.041306,4.480
995232,520,338,858,252,99,67,33.54,0.9742,0.6412,0.300277,52,47,10,101.51,0.7562,0.2006,0.027851,4.499
995239,520,320,840,204,117,223,320.23,0.7570,0.6477,0.308889,19,53,67,228.15,0.6071,0.2099,0.030898,4.436
995243,520,260,780,188,160,221,305.27,0.5337,0.7113,0.410537,32,74,15,138.32,0.9517,0.2693,0.052390,4.498
995244,520,347,867,242,87,152,357.86,0.8538,0.6280,0.279636,25,53,1,134.32,0.9924,0.1932,0.027550,4.251
995245,520,475,995,184,66,188,326.46,0.7788,0.5226,0.177189,2,4,14,267.12,0.5804,0.0349,0.001314,4.427
995247,520,237,757,234,140,225,330.48,0.8452,0.7283,0.416866,30,75,72,189.39,0.5911,0.2862,0.057758,4.333
995279,520,379,899,232,50,204,335.51,0.9325,0.5985,0.237992,48,32,27,38.07,0.2731,0.1585,0.017406,4.273
995293,520,459,979,234,21,18,28.83,0.9880,0.5287,0.180756,31,1,4,17.80,0.9167,0.0625,0.003218,4.336
995302,520,299,819,213,147,63,69.52,0.7581,0.6671,0.353741,0,66,30,152.19,1.0000,0.2329,0.039900,4.491
995305,520,417,937,211,85,134,358.79,0.6952,0.5657,0.220692,2,33,10,149.17,0.9763,0.1153,0.011225,4.421
995317,520,401,921,222,80,137,358.90,0.7575,0.5789,0.230755,28,26,68,281.34,0.6314,0.1438,0.014030,4.385
995342,520,480,1000,181,9,226,316.43,0.9892,0.5073,0.155113,0,0,0,0.00,0.0000,0.0000,0.000000,4.102
995345,520,435,955,245,2,65,19.95,0.9987,0.5522,0.198411,21,13,45,290.94,0.6429,0.0914,0.006367,4.407
995373,520,428,948,190,73,213,320.66,0.8232,0.5568,0.205176,40,12,11,24.34,0.6046,0.0994,0.007383,4.447
995376,520,364,884,243,50,181,344.90,0.9317,0.6060,0.246751,51,18,83,302.74,0.7792,0.1708,0.017610,4.389
995403,520,387,907,240,72,91,18.79,0.8931,0.5889,0.239184,27,23,81,279.27,0.7818,0.1490,0.014398,4.491
995416,520,396,916,223,33,213,330.80,0.9614,0.5780,0.215821,12,38,14,145.10,0.8634,0.1375,0.014960,4.092
995435,520,410,930,190,66,238,314.61,0.9096,0.5669,0.210178,40,26,25,23.53,0.2436,0.1321,0.012601,4.156
995436,520,454,974,220,55,69,21.61,0.8890,0.5280,0.183803,29,0,27,331.10,1.0000,0.0664,0.003404,4.378
995446,520,447,967,197,40,218,322.49,0.9306,0.5408,0.184514,14,2,59,280.56,0.9692,0.0801,0.004525,4.301
995448,520,430,950,181,66,238,311.77,0.9055,0.5537,0.198942,21,22,15,114.26,0.2007,0.0960,0.007677,4.316
995469,520,472,992,149,83,216,303.69,0.7713,0.5154,0.175343,7,3,0,75.86,1.0000,0.0317,0.001103,4.410
995489,520,461,981,226,37,71,18.78,0.9418,0.5261,0.179497,6,11,8,160.07,0.2447,0.0536,0.002956,4.334
995500,520,433,953,231,51,82,17.44,0.9090,0.5488,0.199687,14,11,67,275.26,0.9047,0.1030,0.007379,4.352
995522,520,372,892,237,2,231,329.75,0.9991,0.6058,0.238202,49,22,82,300.27,0.7338,0.1730,0.018360,4.216
995526,520,441,961,226,22,147,351.14,0.9551,0.5425,0.188519,10,10,57,273.95,0.8892,0.0880,0.005770,4.277
995529,520,479,999,156,41,251,302.50,0.9795,0.5069,0.156193,1,0,4,296.85,1.0000,0.0133,0.000152,4.111
995548,520,472,992,224,42,29,29.51,0.9599,0.5199,0.175948,8,3,3,19.66,0.3303,0.0340,0.001233,4.410
995571,520,460,980,230,31,50,24.22,0.9690,0.5276,0.180363,17,9,15,335.74,0.2804,0.0618,0.003490,4.307
995572,520,475,995,179,59,212,317.94,0.8516,0.5234,0.174662,0,2,20,262.78,1.0002,0.0303,0.000939,4.410
995581,520,449,969,206,19,205,328.57,0.9708,0.5368,0.179973,22,9,8,25.24,0.3762,0.0656,0.003835,4.272
995584,520,459,979,161,91,199,312.26,0.6794,0.5320,0.191834,6,16,0,131.52,1.0000,0.0637,0.004093,4.471
995590,520,429,949,227,21,158,347.71,0.9611,0.5492,0.193386,38,14,25,352.80,0.4903,0.1039,0.007964,4.199
995594,520,360,880,233,60,217,332.23,0.9301,0.6157,0.255676,25,33,88,272.03,0.7461,0.1752,0.019989,4.367
995622,520,460,980,202,28,195,330.20,0.9384,0.5265,0.173290,8,8,31,279.03,0.6440,0.0601,0.003242,4.194
995630,520,477,997,186,45,195,325.38,0.8671,0.5096,0.162574,0,2,3,218.80,1.0000,0.0204,0.000500,4.209
995631,520,412,932,213,69,175,340.09,0.8003,0.5668,0.214996,52,9,0,37.57,1.0000,0.1154,0.009256,4.472
995644,520,319,839,237,82,235,328.38,0.9284,0.6543,0.300397,84,29,38,13.13,0.6274,0.2173,0.029038,4.433
995645,520,212,732,246,153,199,349.25,0.8215,0.7566,0.465010,62,79,11,123.33,0.9081,0.3070,0.066402,4.424
995665,520,447,967,222,42,142,352.84,0.8854,0.5431,0.191411,31,10,9,24.35,0.5254,0.0807,0.005282,4.367
995667,520,454,974,221,57,0,35.09,1.0000,0.5257,0.183011,21,11,0,77.53,1.0000,0.0661,0.003988,4.316
995670,520,369,889,245,82,70,28.06,0.9372,0.6062,0.258925,57,25,61,323.05,0.5774,0.1734,0.019021,4.476
995678,520,429,949,221,13,182,338.80,0.9797,0.5480,0.190398,4,12,65,266.95,0.9462,0.0961,0.006704,4.240
995682,520,468,988,172,79,190,320.88,0.7161,0.5226,0.180813,1,6,6,195.24,0.6095,0.0360,0.001498,4.482
995685,520,433,953,230,56,95,13.48,0.8812,0.5543,0.204804,39,3,47,319.71,0.8411,0.1020,0.007018,4.469
995689,520,1,521,255,255,255,0.00,0.0000,1.0000,1.000000,59,135,39,139.83,0.9442,0.4839,0.184036,4.486
995693,520,303,823,252,75,224,335.11,0.9839,0.6651,0.311124,55,50,63,302.63,0.1747,0.2281,0.034523,4.272
995696,520,423,943,225,75,22,37.24,0.9603,0.5551,0.211003,29,15,48,300.54,0.6209,0.1064,0.008163,4.487
995706,520,475,995,222,30,96,9.04,0.9355,0.5196,0.173054,13,0,12,330.53,1.0000,0.0349,0.001121,4.363
995723,520,370,890,233,30,239,326.87,0.9837,0.6115,0.244867,22,39,70,261.50,0.5629,0.1728,0.020637,4.174
995731,520,384,904,198,59,255,313.52,1.0000,0.5854,0.223550,51,30,1,71.32,0.9391,0.1531,0.016346,4.123
995733,520,455,975,221,11,143,351.13,0.9761,0.5275,0.175973,3,14,19,225.17,0.5620,0.0622,0.003804,4.200
995735,520,411,931,228,66,118,5.81,0.8286,0.5668,0.217011,0,33,15,155.74,1.0000,0.1153,0.011222,4.361
995773,520,288,808,215,145,121,39.70,0.5190,0.6755,0.360800,26,64,55,175.71,0.5883,0.2423,0.041621,4.484
995794,520,475,995,162,69,229,307.20,0.8602,0.5232,0.175954,8,2,1,38.46,0.5732,0.0302,0.000972,4.433
995799,520,423,943,209,73,163,343.70,0.7606,0.5586,0.209667,7,4,85,268.68,0.9896,0.1116,0.007878,4.486
995813,520,444,964,190,53,222,319.07,0.8992,0.5424,0.187686,33,3,35,325.47,0.7925,0.0834,0.005099,4.314
995831,520,398,918,224,83,113,10.76,0.7605,0.5786,0.232286,36,33,3,103.88,0.8523,0.1405,0.014694,4.363
995847,520,429,949,219,66,123,2.08,0.7962,0.5518,0.203890,46,0,31,344.69,1.0000,0.0999,0.006799,4.470
995851,520,418,938,210,95,4,48.28,0.9862,0.5570,0.218970,46,19,11,37.31,0.5846,0.1224,0.010708,4.431
995855,520,407,927,148,110,228,295.92,0.7471,0.5703,0.230493,43,24,25,16.25,0.3256,0.1318,0.012371,4.497
995856,520,438,958,215,18,205,330.91,0.9769,0.5526,0.192896,45,1,3,24.52,0.9721,0.0898,0.005863,4.348
995861,520,338,858,242,64,224,332.61,0.9441,0.6384,0.279286,32,35,99,275.31,0.7540,0.1956,0.024099,4.444
995884,520,418,938,201,39,231,320.43,0.9512,0.5565,0.196397,39,21,15,39.19,0.4010,0.1162,0.010022,4.105
995887,520,423,943,203,36,234,320.33,0.9604,0.5603,0.199004,10,21,58,267.30,0.7691,0.1104,0.009063,4.216
995901,520,421,941,194,58,228,318.59,0.9023,0.5576,0.200983,8,17,70,268.37,0.9112,0.1129,0.008947,4.258
995908,520,369,889,225,46,243,323.83,0.9664,0.6091,0.244348,30,43,20,132.73,0.5334,0.1671,0.020542,4.173
995909,520,388,908,209,50,254,317.11,0.9949,0.5942,0.229939,37,12,84,290.87,0.8671,0.1457,0.012963,4.446
995913,520,416,936,210,67,187,335.02,0.8186,0.5660,0.213058,15,6,85,273.40,0.9747,0.1189,0.008876,4.468
995939,520,382,902,229,74,182,342.20,0.8405,0.6032,0.249355,18,34,68,263.45,0.6307,0.1555,0.016899,4.475
995940,520,475,995,230,24,3,30.19,0.9970,0.5208,0.174859,2,0,24,276.32,1.0000,0.0298,0.000788,4.427
995944,520,437,957,242,17,67,19.74,0.9874,0.5496,0.196868,13,4,66,276.50,0.9631,0.0908,0.005657,4.436
995954,520,367,887,247,81,59,30.70,0.9530,0.6072,0.259781,10,46,28,157.74,0.8506,0.1667,0.021023,4.362
995960,520,251,771,232,141,214,334.48,0.7777,0.7223,0.410624,37,74,34,142.32,0.7758,0.2750,0.054062,4.426
995974,520,403,923,205,61,238,319.29,0.9241,0.5849,0.224912,8,30,49,247.48,0.6526,0.1254,0.012019,4.433
995975,520,329,849,189,120,243,308.24,0.8458,0.6458,0.307235,33,56,14,133.48,0.8567,0.2101,0.031833,4.365
995996,520,455,975,226,40,82,15.50,0.9258,0.5303,0.182984,2,7,41,266.44,0.9223,0.0612,0.003249,4.375
996006,520,463,983,232,35,44,26.01,0.9671,0.5333,0.185428,15,5,11,342.08,0.4092,0.0495,0.002343,4.498
996028,520,449,969,200,28,224,322.03,0.9642,0.5437,0.184933,20,10,9,25.81,0.2878,0.0653,0.003855,4.362
996033,520,397,917,227,50,195,336.86,0.9144,0.5845,0.225547,3,2,108,265.39,0.9978,0.1405,0.011454,4.484
996040,520,397,917,221,1,229,326.44,0.9993,0.5760,0.210532,17,27,67,269.29,0.7012,0.1365,0.013082,4.130
996054,520,464,984,181,68,193,323.76,0.7787,0.5235,0.178095,14,6,14,326.73,0.3755,0.0518,0.002553,4.340
996064,520,292,812,246,83,254,325.93,0.9962,0.6811,0.329377,20,62,68,208.23,0.6500,0.2389,0.040112,4.210
996072,520,441,961,223,45,134,356.21,0.8769,0.5439,0.192886,4,24,7,147.43,0.9065,0.0871,0.006944,4.265
996086,520,471,991,190,82,119,1.05,0.6273,0.5203,0.183152,5,6,13,275.48,0.3190,0.0428,0.001916,4.491
996117,520,396,916,241,27,156,351.56,0.9638,0.5778,0.218881,32,31,32,325.65,0.0250,0.1375,0.013913,4.207
996157,520,419,939,243,17,89,13.49,0.9845,0.5561,0.201803,35,22,13,55.45,0.3815,0.1123,0.009602,4.225
996161,520,472,992,207,30,160,342.38,0.9049,0.5157,0.167341,0,2,16,261.55,1.0000,0.0276,0.000808,4.278
996170,520,455,975,212,60,106,7.11,0.8027,0.5266,0.182717,19,9,4,53.63,0.4479,0.0607,0.003426,4.356
996181,520,413,933,230,67,123,4.29,0.8307,0.5732,0.222701,13,28,40,244.06,0.4481,0.1168,0.010692,4.493
996183,520,399,919,232,37,182,341.72,0.9412,0.5781,0.218591,39,24,59,301.57,0.5545,0.1445,0.014004,4.196
996188,520,479,999,176,69,188,323.54,0.7576,0.5136,0.171183,1,0,5,292.48,1.0000,0.0142,0.000174,4.408
996216,520,409,929,227,71,124,3.98,0.8071,0.5724,0.222953,59,10,0,36.47,1.0000,0.1312,0.011471,4.440
996218,520,431,951,229,60,57,26.56,0.9125,0.5489,0.201880,43,12,1,43.59,0.9054,0.1026,0.007788,4.359
996220,520,430,950,167,77,245,304.76,0.9216,0.5531,0.201164,5,10,67,268.16,0.9551,0.0959,0.006545,4.442
996224,520,395,915,251,2,145,356.49,0.9983,0.5866,0.226005,20,20,81,274.73,0.8623,0.1378,0.012431,4.421
996238,520,441,961,202,21,219,323.89,0.9737,0.5405,0.182091,8,16,45,268.29,0.7100,0.0870,0.006116,4.136
996246,520,419,939,238,37,121,3.24,0.9363,0.5634,0.208839,43,16,9,35.64,0.6127,0.1112,0.009040,4.384
996252,520,391,911,216,62,223,326.12,0.9102,0.5929,0.233739,43,26,53,312.02,0.4647,0.1497,0.015095,4.359
996266,520,362,882,241,67,175,347.15,0.8917,0.6136,0.258132,31,29,100,276.80,0.8203,0.1837,0.020901,4.346
996294,520,449,969,203,35,212,325.80,0.9398,0.5436,0.186538,23,9,1,60.00,0.7897,0.0650,0.003797,4.397
996297,520,384,904,158,111,244,297.05,0.8490,0.5945,0.251698,4,43,15,148.75,0.9702,0.1510,0.017880,4.445
996300,520,473,993,199,75,92,15.29,0.7125,0.5172,0.179489,0,4,10,242.21,1.0000,0.0307,0.001087,4.492
996325,520,407,927,237,68,9,35.77,0.9899,0.5694,0.221616,0,33,52,238.53,1.0000,0.1323,0.013356,4.287
996347,520,334,854,252,52,210,338.59,0.9825,0.6386,0.278078,41,48,52,232.84,0.1116,0.2027,0.028332,4.188
996349,520,461,981,211,47,154,346.09,0.8467,0.5315,0.182172,5,10,15,244.11,0.3041,0.0529,0.002838,4.394
996350,520,445,965,232,52,12,32.79,0.9869,0.5436,0.196414,31,6,28,332.53,0.6619,0.0811,0.005054,4.476
996365,520,440,960,193,49,231,317.88,0.9264,0.5506,0.193050,7,22,36,248.15,0.5595,0.0946,0.007463,4.230
996369,520,472,992,224,45,38,28.35,0.9484,0.5230,0.178668,2,0,29,273.54,1.0000,0.0341,0.001016,4.482
996373,520,356,876,213,114,133,8.82,0.5884,0.6155,0.278761,13,50,39,170.02,0.7494,0.1847,0.025132,4.376
996376,520,386,906,241,23,190,341.25,0.9787,0.5930,0.230343,55,26,22,28.95,0.4770,0.1544,0.016091,4.242
996390,520,372,892,240,18,230,330.65,0.9918,0.6136,0.246738,37,34,61,287.68,0.4050,0.1661,0.018743,4.317
996393,520,466,986,214,20,143,349.71,0.9445,0.5163,0.167820,18,2,11,344.69,0.6825,0.0462,0.001962,4.192
996408,520,338,858,250,18,238,331.02,0.9945,0.6365,0.269327,48,4,128,285.54,0.9833,0.2047,0.022737,4.390
996411,520,409,929,252,4,72,18.79,0.9978,0.5686,0.212539,21,34,25,153.92,0.3367,0.1333,0.013736,4.119
996420,520,339,859,253,49,219,336.39,0.9897,0.6434,0.281969,79,22,40,4.64,0.6775,0.1976,0.023895,4.492
996423,520,431,951,230,56,70,22.06,0.9080,0.5490,0.200965,31,17,27,337.77,0.3381,0.1002,0.007714,4.348
996424,520,313,833,247,55,251,327.22,0.9874,0.6568,0.294743,45,48,72,278.16,0.3147,0.2171,0.031396,4.235
996428,520,400,920,236,60,121,5.12,0.8719,0.5769,0.224480,24,36,1,126.33,0.9693,0.1369,0.014581,4.250
996434,520,419,939,241,37,85,15.82,0.9542,0.5597,0.206831,40,20,9,48.69,0.5447,0.1143,0.009712,4.301
996451,520,455,975,224,4,144,351.35,0.9917,0.5324,0.179504,16,0,42,294.64,1.0000,0.0603,0.002773,4.349
996460,520,452,972,195,79,128,356.61,0.6634,0.5276,0.187543,12,15,3,119.32,0.6135,0.0666,0.004264,4.378
996467,520,449,969,190,69,191,327.46,0.7828,0.5377,0.189664,17,5,36,297.40,0.7530,0.0660,0.003551,4.475
996470,520,436,956,232,37,103,8.63,0.9309,0.5459,0.194612,24,15,34,304.79,0.4471,0.0910,0.006513,4.328
996471,520,442,962,219,42,142,352.15,0.8780,0.5374,0.186715,13,19,22,229.74,0.1808,0.0835,0.006092,4.220
996478,520,444,964,198,72,164,339.92,0.7383,0.5392,0.193225,31,10,0,53.63,1.0000,0.0784,0.005084,4.416
996483,520,400,920,134,113,250,286.43,0.9203,0.5781,0.237804,22,36,0,128.11,1.0000,0.1351,0.014323,4.474
996488,520,272,792,210,146,205,329.31,0.5676,0.6998,0.386683,7,73,37,152.97,0.9744,0.2604,0.049436,4.392
996492,520,455,975,184,9,251,311.75,0.9943,0.5339,0.173519,1,12,33,256.70,0.8731,0.0641,0.003792,4.155
996495,520,454,974,183,26,237,314.22,0.9716,0.5255,0.169217,22,9,29,312.63,0.5416,0.0744,0.004547,4.019
996510,520,286,806,244,108,229,331.97,0.9399,0.6938,0.356178,21,59,91,247.23,0.6750,0.2439,0.040425,4.492
996511,520,395,915,244,52,120,5.87,0.9154,0.5851,0.230484,42,16,68,302.97,0.7407,0.1416,0.012802,4.466
996529,520,464,984,189,78,145,345.94,0.6631,0.5232,0.183135,1,11,3,150.71,0.9277,0.0475,0.002524,4.439
996535,520,471,991,149,90,200,306.65,0.6799,0.5154,0.178724,16,0,15,330.31,1.0000,0.0403,0.001447,4.446
996542,520,418,938,212,34,217,326.94,0.9543,0.5620,0.201528,37,22,29,349.98,0.2908,0.1201,0.010559,4.153
996556,520,407,927,208,92,116,9.53,0.6531,0.5652,0.223271,49,17,31,354.81,0.5467,0.1300,0.011529,4.441
996581,520,432,952,247,7,29,27.12,0.9970,0.5535,0.200184,43,6,16,8.09,0.7355,0.0969,0.006813,4.404
996584,520,444,964,194,23,235,317.85,0.9772,0.5403,0.180817,4,22,2,140.51,0.9598,0.0799,0.006040,4.119
996585,520,380,900,209,92,192,333.44,0.7417,0.5986,0.250171,64,21,26,15.88,0.6194,0.1623,0.017011,4.479
996594,520,392,912,255,32,110,9.21,1.0000,0.5917,0.234225,48,30,30,19.18,0.2764,0.1547,0.016507,4.274
996595,520,295,815,250,127,44,49.65,0.9540,0.6803,0.356876,33,63,57,179.61,0.4313,0.2439,0.041736,4.435
996596,520,397,917,253,45,23,30.40,0.9923,0.5817,0.228250,9,32,61,255.70,0.7169,0.1401,0.014280,4.329
996605,520,473,993,185,29,229,316.57,0.9609,0.5234,0.168514,1,0,27,269.66,1.0000,0.0311,0.000856,4.297
996626,520,365,885,241,41,202,338.12,0.9583,0.6077,0.245538,8,30,98,264.88,0.9234,0.1703,0.018619,4.307
996636,520,422,942,214,63,164,344.07,0.8089,0.5566,0.205337,24,13,67,284.50,0.8189,0.1146,0.008873,4.337
996648,520,440,960,221,51,155,348.44,0.8587,0.5538,0.201088,1,25,9,153.15,0.9753,0.0887,0.007214,4.389
996656,520,420,940,239,15,139,356.35,0.9808,0.5628,0.205596,21,20,45,283.11,0.4982,0.1058,0.008492,4.370
996674,520,420,940,247,8,78,16.85,0.9945,0.5600,0.205014,47,9,6,28.92,0.8051,0.1067,0.008130,4.387
996721,520,428,948,243,38,48,25.81,0.9697,0.5585,0.206577,42,10,7,28.75,0.7193,0.0989,0.007247,4.482
996725,520,39,559,254,245,136,104.41,0.9859,0.9475,0.881540,29,126,76,155.40,0.9360,0.4508,0.157041,4.499
996740,520,278,798,171,157,233,291.95,0.6544,0.6939,0.386550,24,71,9,139.58,0.9763,0.2547,0.047202,4.491
996743,520,452,972,136,97,224,294.21,0.7650,0.5301,0.191655,12,13,22,279.14,0.2706,0.0683,0.004239,4.455
996747,520,424,944,251,6,27,27.40,0.9977,0.5617,0.207224,57,0,4,24.16,1.0000,0.1148,0.008788,4.375
996748,520,378,898,225,54,220,329.40,0.9331,0.5992,0.238155,47,34,15,75.44,0.5090,0.1593,0.017829,4.248
996766,520,332,852,248,103,29,42.61,0.9655,0.6366,0.297489,45,47,37,116.66,0.1685,0.1982,0.027245,4.499
996767,520,418,938,205,89,117,7.48,0.6530,0.5557,0.214102,4,21,72,264.26,0.9188,0.1209,0.010300,4.380
996769,520,418,938,187,56,247,312.17,0.9556,0.5599,0.201096,40,23,12,53.09,0.4685,0.1216,0.010905,4.123
996777,520,460,980,151,81,230,301.67,0.8348,0.5259,0.181777,28,3,7,11.67,0.7379,0.0622,0.003274,4.351
996783,520,398,918,242,53,104,11.34,0.9141,0.5775,0.224262,48,28,5,66.77,0.7505,0.1443,0.014699,4.239
996790,520,331,851,191,113,245,309.44,0.8797,0.6376,0.294800,0,57,27,153.55,1.0000,0.2008,0.030053,4.307
996820,520,452,972,231,2,104,6.41,0.9970,0.5314,0.180348,4,4,50,270.47,0.9621,0.0659,0.003429,4.311
996823,520,444,964,202,29,220,323.55,0.9601,0.5446,0.186043,2,10,55,265.48,0.9454,0.0806,0.005058,4.287
996836,520,474,994,164,34,254,304.71,0.9949,0.5163,0.161930,3,2,18,281.41,0.7739,0.0326,0.001064,4.150
996837,520,424,944,225,46,158,348.08,0.8866,0.5588,0.204328,46,12,26,357.50,0.6171,0.1147,0.009185,4.297
996838,520,384,904,248,19,160,351.54,0.9824,0.5905,0.229636,27,4,104,277.87,0.9840,0.1514,0.013193,4.425
996844,520,417,937,231,41,158,349.24,0.9152,0.5667,0.210462,4,9,85,266.58,0.9804,0.1165,0.008770,4.432
996855,520,431,951,214,24,205,330.64,0.9658,0.5529,0.193593,25,22,8,97.66,0.4630,0.0986,0.007980,4.201
996862,520,439,959,229,54,104,9.69,0.8762,0.5529,0.202987,0,22,39,242.59,1.0000,0.0922,0.007203,4.423
996865,520,459,979,224,46,80,16.73,0.9080,0.5303,0.183832,14,11,18,304.21,0.2288,0.0640,0.003764,4.349
996870,520,424,944,192,43,252,313.06,0.9844,0.5616,0.199637,0,18,73,262.64,1.0001,0.1138,0.009136,4.221
996880,520,456,976,163,81,213,310.30,0.7706,0.5285,0.184761,0,2,48,264.21,0.9900,0.0564,0.002568,4.466
996897,520,306,826,243,76,250,326.24,0.9816,0.6669,0.311282,35,60,52,171.88,0.3730,0.2338,0.038369,4.088
996917,520,363,883,242,4,230,331.12,0.9984,0.6144,0.246801,30,24,101,277.43,0.8689,0.1750,0.018688,4.321
996920,520,112,632,250,211,163,72.38,0.7779,0.8704,0.695583,26,111,6,140.96,0.9949,0.3911,0.116012,4.491
996922,520,409,929,249,29,72,19.66,0.9776,0.5696,0.214900,25,28,52,276.86,0.4329,0.1334,0.012851,4.215
996925,520,469,989,177,28,238,312.19,0.9680,0.5179,0.163517,17,0,5,358.10,1.0000,0.0374,0.001301,4.162
996930,520,356,876,234,39,237,327.52,0.9752,0.6160,0.250604,53,36,25,53.87,0.3467,0.1750,0.020889,4.240
996937,520,375,895,233,92,102,19.08,0.8086,0.6041,0.259400,23,43,24,145.35,0.5562,0.1626,0.019758,4.435
996945,520,396,916,230,9,202,335.37,0.9919,0.5758,0.212853,2,19,93,264.55,0.9655,0.1406,0.012689,4.193
996948,520,387,907,247,66,21,33.87,0.9808,0.5872,0.237282,16,39,47,223.04,0.4939,0.1546,0.017664,4.246
996985,520,416,936,251,21,78,17.72,0.9858,0.5717,0.215993,6,15,80,267.29,0.9539,0.1198,0.009595,4.463
997012,520,445,965,168,91,190,318.34,0.6554,0.5357,0.195255,17,18,10,113.80,0.2673,0.0804,0.005737,4.400
997018,520,432,952,174,82,219,312.82,0.7963,0.5495,0.201486,0,24,36,231.93,1.0000,0.0958,0.007806,4.351
997035,520,308,828,224,105,241,322.50,0.9171,0.6671,0.323031,35,61,14,133.87,0.8886,0.2279,0.037264,4.275
997043,520,422,942,237,61,30,32.25,0.9620,0.5630,0.214389,19,29,9,130.89,0.6179,0.1126,0.010369,4.380
997051,520,342,862,207,97,242,317.21,0.9062,0.6324,0.282270,74,29,24,28.41,0.6204,0.1946,0.024007,4.490
997054,520,434,954,171,72,240,307.61,0.9026,0.5481,0.195846,0,29,6,148.27,1.0000,0.1002,0.008918,4.173
997056,520,466,986,197,65,149,345.32,0.7476,0.5216,0.178226,2,5,33,267.99,0.9038,0.0501,0.002312,4.363
997063,520,464,984,217,40,103,6.48,0.8888,0.5176,0.172511,11,7,9,345.24,0.1625,0.0493,0.002428,4.244
997080,520,457,977,205,68,132,355.31,0.7463,0.5319,0.187813,20,9,5,45.02,0.4120,0.0622,0.003551,4.441
997101,520,409,929,250,41,15,30.69,0.9896,0.5725,0.219480,45,14,44,328.80,0.6309,0.1251,0.010539,4.451
997113,520,350,870,247,88,116,13.52,0.9048,0.6268,0.280177,0,40,98,258.65,1.0000,0.1907,0.023993,4.462
997116,520,410,930,248,10,102,9.83,0.9919,0.5680,0.211364,22,1,96,276.55,0.9958,0.1330,0.010368,4.330
997119,520,471,991,173,23,246,309.39,0.9795,0.5166,0.161517,0,3,26,262.73,1.0002,0.0376,0.001397,4.115
997137,520,416,936,241,37,122,3.41,0.9416,0.5697,0.214323,5,24,66,262.56,0.8829,0.1221,0.010788,4.348
997141,520,421,941,201,13,245,317.63,0.9919,0.5568,0.192995,45,3,49,324.26,0.8432,0.1138,0.008448,4.157
997152,520,402,922,240,16,167,347.68,0.9824,0.5773,0.216890,55,6,38,345.63,0.7767,0.1294,0.010825,4.388
997160,520,13,533,248,249,253,274.97,0.5272,0.9796,0.947996,47,130,91,159.63,0.8035,0.4730,0.173243,4.470
997179,520,338,858,253,24,229,333.79,0.9916,0.6378,0.271963,24,15,134,271.10,0.9797,0.2009,0.022569,4.437
997186,520,453,973,195,86,98,15.63,0.6383,0.5285,0.191413,5,16,26,245.52,0.5125,0.0721,0.004774,4.407
997210,520,448,968,225,47,108,6.67,0.8832,0.5403,0.191260,25,15,9,52.08,0.3364,0.0820,0.005681,4.333
997224,520,439,959,229,49,124,1.52,0.8815,0.5549,0.203127,19,12,52,285.03,0.7422,0.0936,0.006493,4.481
997229,520,397,917,240,33,164,348.99,0.9528,0.5822,0.222964,53,13,45,336.52,0.6795,0.1380,0.012343,4.378
997235,520,442,962,239,0,71,17.79,1.0000,0.5400,0.188090,18,16,15,48.49,0.0575,0.0779,0.005337,4.303
997248,520,451,971,205,19,212,326.48,0.9743,0.5399,0.182002,17,12,29,296.02,0.4438,0.0744,0.004708,4.241
997251,520,480,1000,225,13,41,24.73,0.9900,0.5085,0.164584,0,0,0,0.00,0.0000,0.0000,0.000000,4.292
997252,520,377,897,238,57,167,348.58,0.8952,0.5956,0.238963,72,3,24,10.79,0.9207,0.1566,0.015090,4.439
997273,520,389,909,240,21,188,341.57,0.9801,0.5894,0.226954,21,20,89,274.29,0.8938,0.1475,0.013809,4.340
997286,520,418,938,248,19,38,26.33,0.9908,0.5593,0.205658,23,28,31,234.21,0.1187,0.1199,0.011116,4.183
997304,520,327,847,229,91,228,327.99,0.8897,0.6481,0.297438,12,58,43,167.01,0.8498,0.2124,0.032786,4.197
997324,520,469,989,163,77,212,310.97,0.7818,0.5220,0.178484,8,2,17,304.19,0.7052,0.0375,0.001355,4.449
997331,520,374,894,255,54,107,12.05,1.0000,0.6045,0.249635,67,21,3,40.84,0.8950,0.1638,0.017364,4.448
997346,520,445,965,222,42,145,351.75,0.8862,0.5444,0.192324,1,18,30,238.42,0.8488,0.0765,0.005328,4.380
997361,520,469,989,148,59,254,298.22,0.9931,0.5153,0.165798,11,1,16,316.57,0.7875,0.0374,0.001303,4.206
997374,520,478,998,223,27,11,29.92,0.9881,0.5075,0.164988,3,0,5,316.23,1.0000,0.0181,0.000303,4.274
997375,520,474,994,203,61,135,352.59,0.7695,0.5215,0.177853,0,3,10,250.22,1.0000,0.0276,0.000870,4.479
997383,520,403,923,228,37,191,338.10,0.9420,0.5757,0.215813,44,17,41,331.61,0.5507,0.1266,0.010965,4.360
997402,520,419,939,238,49,98,12.44,0.9171,0.5649,0.212588,42,13,31,344.61,0.5726,0.1114,0.008791,4.466
997420,520,431,951,220,73,78,22.50,0.8252,0.5499,0.205333,0,29,10,152.59,1.0000,0.1011,0.009006,4.327
997421,520,421,941,225,27,185,339.01,0.9565,0.5619,0.202967,29,16,48,299.85,0.6007,0.1083,0.008452,4.328
997429,520,328,848,177,132,230,304.03,0.7070,0.6462,0.315632,18,59,13,141.54,0.9536,0.2113,0.032855,4.413
997433,520,97,617,244,205,244,326.12,0.8210,0.8757,0.694283,28,110,74,159.75,0.8985,0.3985,0.118927,4.406
997447,520,409,929,221,69,153,350.53,0.7996,0.5703,0.219307,5,23,75,264.34,0.9113,0.1289,0.011530,4.377
997450,520,477,997,222,26,19,29.07,0.9799,0.5052,0.163182,4,0,3,335.23,1.0000,0.0185,0.000324,4.236
997454,520,410,930,250,34,60,23.10,0.9769,0.5723,0.217979,8,30,56,254.41,0.7044,0.1304,0.012656,4.277
997458,520,442,962,241,0,45,24.13,1.0000,0.5405,0.188936,30,9,2,45.11,0.7525,0.0756,0.004758,4.363
997500,520,336,856,244,22,251,326.76,0.9935,0.6358,0.267747,47,28,106,287.44,0.7891,0.2036,0.024754,4.251
997503,520,354,874,251,29,201,340.49,0.9810,0.6197,0.256083,69,27,2,47.70,0.9103,0.1781,0.020537,4.339
997504,520,471,991,171,61,225,311.85,0.8720,0.5235,0.174325,2,4,29,269.32,0.8922,0.0445,0.001884,4.324
997506,520,433,953,219,47,154,348.09,0.8661,0.5464,0.194286,10,25,21,174.87,0.4287,0.0976,0.008139,4.202
997513,520,440,960,206,61,183,335.08,0.8223,0.5506,0.198801,8,7,65,271.61,0.9550,0.0909,0.005852,4.455
997521,520,474,994,187,16,228,317.61,0.9820,0.5207,0.165381,10,1,2,11.70,0.6928,0.0299,0.000906,4.231
997529,520,477,997,215,55,5,34.65,0.9914,0.5118,0.171929,2,1,11,285.24,0.7741,0.0240,0.000588,4.387
997543,520,428,948,252,3,45,24.69,0.9987,0.5647,0.209538,22,20,42,286.14,0.4492,0.1047,0.008380,4.446
997544,520,447,967,208,43,191,332.99,0.8957,0.5435,0.189012,32,0,34,325.92,1.0000,0.0759,0.004226,4.408
997548,520,338,858,252,56,200,341.46,0.9795,0.6361,0.276972,83,20,36,9.62,0.7288,0.2016,0.024670,4.379
997573,520,367,887,255,52,120,7.52,1.0000,0.6065,0.250757,64,24,20,27.83,0.6180,0.1660,0.017939,4.427
997575,520,466,986,193,43,193,328.12,0.8780,0.5186,0.169171,21,1,7,359.47,0.7976,0.0467,0.001965,4.218
997577,520,393,913,232,24,220,331.22,0.9824,0.5947,0.229789,41,22,59,305.56,0.5896,0.1431,0.013610,4.398
997580,520,398,918,218,71,174,341.93,0.8057,0.5771,0.224701,24,36,18,135.74,0.4851,0.1399,0.014996,4.226
997582,520,480,1000,223,27,5,30.36,0.9944,0.5073,0.164856,0,0,0,0.00,0.0000,0.0000,0.000000,4.297
997590,520,423,943,204,23,237,320.11,0.9807,0.5584,0.195663,8,31,5,140.92,0.9359,0.1110,0.010425,4.066
997608,520,355,875,252,39,184,345.65,0.9783,0.6174,0.256105,8,27,115,265.79,0.9569,0.1846,0.020731,4.328
997633,520,400,920,204,89,176,337.92,0.7034,0.5782,0.231184,16,37,8,138.01,0.8827,0.1354,0.014508,4.359
997657,520,364,884,254,50,141,0.13,0.9898,0.6099,0.252787,48,31,51,321.37,0.3642,0.1663,0.018474,4.422
997669,520,388,908,213,45,246,320.07,0.9630,0.5911,0.226785,50,16,58,319.53,0.6848,0.1456,0.013543,4.356
997678,520,273,793,249,137,95,40.93,0.9002,0.7028,0.388601,31,69,63,182.14,0.5292,0.2640,0.049063,4.428
997682,520,444,964,239,22,14,29.25,0.9888,0.5397,0.189596,10,18,27,251.98,0.3433,0.0811,0.005763,4.297
997683,520,434,954,238,30,88,13.96,0.9618,0.5505,0.198135,29,20,19,25.77,0.1887,0.1012,0.008086,4.272
997689,520,446,966,238,22,55,22.75,0.9831,0.5410,0.190301,27,7,37,312.70,0.6926,0.0826,0.005186,4.354
997692,520,404,924,245,13,155,352.38,0.9873,0.5809,0.220702,6,20,80,266.17,0.9334,0.1287,0.011181,4.425
997693,520,432,952,211,9,219,326.33,0.9912,0.5529,0.191607,9,11,65,271.43,0.9256,0.0976,0.006790,4.254
997697,520,392,912,221,70,185,338.87,0.8333,0.5867,0.232575,23,21,86,275.87,0.8606,0.1474,0.013903,4.422
997707,520,368,888,253,66,106,13.73,0.9801,0.6107,0.258232,58,31,15,50.11,0.5763,0.1687,0.019141,4.458
997712,520,339,859,238,75,224,331.63,0.9235,0.6420,0.285937,64,41,18,64.01,0.5776,0.2023,0.027197,4.352
997714,520,394,914,229,4,227,328.83,0.9977,0.5893,0.222934,20,39,4,133.40,0.9338,0.1439,0.016085,4.130
997735,520,398,918,204,97,142,355.53,0.6163,0.5756,0.233415,0,40,19,155.39,1.0000,0.1399,0.015645,4.317
997765,520,479,999,168,50,222,312.21,0.8943,0.5056,0.158808,3,0,0,29.23,1.0000,0.0143,0.000194,4.160
997767,520,474,994,194,64,151,343.51,0.7467,0.5161,0.173722,1,2,23,268.75,0.9340,0.0337,0.001117,4.377
997777,520,446,966,239,1,50,23.05,0.9994,0.5370,0.186061,20,5,48,292.81,0.8362,0.0795,0.004707,4.315
997797,520,404,924,184,90,220,315.57,0.7868,0.5757,0.226710,29,18,74,285.19,0.7800,0.1348,0.011882,4.472
997799,520,339,859,252,42,219,336.11,0.9851,0.6376,0.274690,18,48,80,252.27,0.6637,0.2031,0.028216,4.151
997808,520,419,939,232,52,123,2.75,0.8814,0.5628,0.210447,38,18,9,44.52,0.5275,0.1069,0.008645,4.441
997814,520,422,942,241,51,39,29.09,0.9553,0.5627,0.212182,35,8,58,304.23,0.8021,0.1121,0.008365,4.492
997827,520,465,985,218,45,93,11.09,0.8831,0.5206,0.175751,6,0,40,279.22,1.0000,0.0489,0.001919,4.348
997834,520,318,838,254,107,105,23.59,0.9855,0.6627,0.326094,19,57,60,202.41,0.6233,0.2187,0.033908,4.482
997841,520,440,960,200,77,166,340.03,0.7254,0.5501,0.203420,17,20,27,266.79,0.1921,0.0915,0.006986,4.447
997845,520,480,1000,212,14,135,351.92,0.9601,0.5067,0.160628,0,0,0,0.00,0.0000,0.0000,0.000000,4.213
997849,520,319,839,252,100,89,27.16,0.9697,0.6460,0.305344,79,39,21,43.97,0.6229,0.2228,0.031677,4.351
997852,520,475,995,162,55,241,305.66,0.9272,0.5179,0.167652,0,5,1,150.49,1.0000,0.0299,0.001107,4.259
997868,520,411,931,217,36,221,327.21,0.9579,0.5744,0.212360,30,25,21,60.85,0.1390,0.1154,0.010254,4.354
997871,520,410,930,234,70,15,35.99,0.9812,0.5660,0.219102,41,26,11,64.65,0.5149,0.1299,0.012344,4.316
997881,520,470,990,194,33,205,325.15,0.9292,0.5220,0.169664,13,1,18,317.54,0.8021,0.0407,0.001510,4.265
997904,520,397,917,242,49,119,5.61,0.9170,0.5786,0.224090,14,38,1,136.04,0.9884,0.1364,0.014817,4.229
997905,520,323,843,226,99,225,327.88,0.8631,0.6523,0.305307,7,54,62,211.99,0.8382,0.2060,0.030312,4.424
997919,520,417,937,211,22,237,321.95,0.9836,0.5697,0.205390,40,22,26,5.26,0.3225,0.1233,0.010996,4.187
997935,520,419,939,221,30,192,336.03,0.9500,0.5599,0.201088,0,17,75,263.03,1.0003,0.1142,0.009088,4.249
997940,520,476,996,175,42,225,314.11,0.9236,0.5122,0.162072,3,0,10,300.63,1.0000,0.0212,0.000413,4.207
997958,520,384,904,240,42,176,345.51,0.9395,0.5928,0.233188,16,40,38,188.37,0.4950,0.1534,0.017676,4.184
997959,520,315,835,233,81,254,322.60,0.9952,0.6590,0.303664,48,41,99,284.92,0.6229,0.2230,0.031151,4.358
997968,520,479,999,190,63,146,344.33,0.7375,0.5055,0.165791,0,0,5,264.05,1.0000,0.0116,0.000110,4.306
997969,520,246,766,245,133,224,334.55,0.9238,0.7307,0.415716,33,75,45,151.02,0.7123,0.2785,0.055448,4.417
997977,520,419,939,184,75,224,315.58,0.8413,0.5580,0.206054,0,20,67,261.21,1.0000,0.1114,0.009055,4.336
997996,520,443,963,200,72,151,345.97,0.7277,0.5363,0.191503,32,4,30,330.80,0.7391,0.0804,0.004877,4.401
997998,520,439,959,164,79,242,304.15,0.9001,0.5494,0.198958,3,20,36,247.34,0.7293,0.0868,0.006470,4.409
998016,520,14,534,248,253,218,113.85,0.9548,0.9782,0.952690,18,134,48,146.47,0.9873,0.4693,0.173914,4.478
998036,520,449,969,235,16,108,6.11,0.9783,0.5442,0.191186,13,9,42,282.73,0.7313,0.0744,0.004481,4.427
998044,520,61,581,253,223,251,328.05,0.9760,0.9260,0.806238,43,120,29,140.89,0.9649,0.4280,0.140347,4.498
998054,520,380,900,203,77,234,319.04,0.8906,0.5956,0.239462,28,30,71,277.65,0.6070,0.1554,0.016303,4.366
998070,520,418,938,178,96,198,319.48,0.6743,0.5627,0.219089,12,24,64,267.23,0.7683,0.1238,0.011015,4.410
998087,520,461,981,207,16,201,329.91,0.9748,0.5349,0.178550,17,5,16,329.99,0.5015,0.0538,0.002651,4.341
998093,520,478,998,166,83,175,323.60,0.6461,0.5107,0.173895,2,1,0,82.32,1.0000,0.0176,0.000346,4.447
998102,520,9,529,254,255,226,108.68,1.0000,0.9904,0.980820,9,137,4,142.35,0.9981,0.4748,0.179574,4.490
998107,520,473,993,204,2,193,331.33,0.9961,0.5208,0.167330,2,2,19,275.27,0.8406,0.0321,0.001033,4.259
998128,520,348,868,243,81,162,353.39,0.8767,0.6264,0.275511,34,49,22,132.55,0.5734,0.1897,0.025946,4.286
998136,520,97,617,233,212,239,318.68,0.5471,0.8780,0.706431,62,107,67,146.77,0.5904,0.4027,0.119445,4.464
998142,520,419,939,169,80,240,306.22,0.8887,0.5557,0.204642,13,5,79,273.25,0.9759,0.1084,0.007586,4.422
998145,520,339,859,243,50,235,330.08,0.9690,0.6364,0.273368,9,45,93,257.42,0.8534,0.2019,0.027250,4.186
998148,520,348,868,242,11,253,325.92,0.9972,0.6313,0.262111,24,41,83,265.23,0.6432,0.1896,0.024045,4.215
998180,520,338,858,242,57,239,328.84,0.9640,0.6421,0.280382,4,53,66,221.00,0.8973,0.2041,0.029652,4.148
998234,520,403,923,233,67,135,0.07,0.8396,0.5829,0.230900,17,35,26,161.21,0.4488,0.1339,0.013958,4.392
998237,520,362,882,253,37,169,350.28,0.9837,0.6113,0.250738,60,18,77,314.41,0.7491,0.1792,0.019292,4.340
998259,520,362,882,198,84,251,313.04,0.9675,0.6089,0.253126,2,28,113,263.92,0.9827,0.1819,0.020355,4.309
998264,520,389,909,254,17,117,6.17,0.9924,0.5862,0.227598,69,10,7,28.44,0.9038,0.1537,0.014979,4.272
998265,520,400,920,212,49,227,324.22,0.9365,0.5784,0.217416,39,5,85,293.64,0.9355,0.1417,0.011958,4.316
998273,520,362,882,240,45,197,339.35,0.9473,0.6055,0.244361,18,25,113,269.44,0.9434,0.1829,0.020160,4.196
998275,520,474,994,221,28,96,8.73,0.9396,0.5165,0.170499,11,1,8,336.75,0.7125,0.0337,0.001104,4.315
998277,520,455,975,227,42,29,29.50,0.9619,0.5262,0.180784,3,0,50,269.82,1.0000,0.0571,0.002496,4.396
998287,520,478,998,185,41,198,324.29,0.8854,0.5069,0.159788,2,2,2,0.00,0.0000,0.0229,0.000607,4.145
998299,520,470,990,178,25,240,312.12,0.9741,0.5198,0.164525,3,4,12,273.92,0.4527,0.0351,0.001327,4.180
998301,520,306,826,244,106,178,350.34,0.8578,0.6671,0.327583,30,60,51,172.33,0.4707,0.2302,0.037466,4.317
998329,520,459,979,193,21,225,319.95,0.9743,0.5299,0.173115,17,6,31,301.49,0.6652,0.0643,0.003484,4.172
998335,520,363,883,226,91,150,355.87,0.7448,0.6054,0.258553,15,46,11,141.44,0.9298,0.1652,0.020796,4.358
998338,520,454,974,226,49,71,20.34,0.9144,0.5350,0.188231,2,18,23,218.39,0.7412,0.0736,0.005074,4.326
998345,520,395,915,243,23,178,345.15,0.9770,0.5905,0.228850,66,0,22,8.96,1.0000,0.1392,0.012164,4.486
998364,520,402,922,255,23,43,25.91,1.0000,0.5759,0.220511,9,28,59,259.72,0.7234,0.1278,0.012043,4.360
998383,520,398,918,221,33,222,328.00,0.9662,0.5805,0.217360,21,26,68,273.84,0.6813,0.1379,0.013155,4.233
998384,520,377,897,192,105,210,320.55,0.7080,0.6040,0.259639,12,44,36,173.85,0.6936,0.1635,0.020068,4.419
998392,520,356,876,245,14,231,331.55,0.9948,0.6222,0.254990,5,47,55,213.71,0.8486,0.1793,0.023410,4.155
998398,520,389,909,244,26,171,347.50,0.9718,0.5901,0.229153,17,35,53,249.83,0.4945,0.1469,0.015782,4.244
998408,520,455,975,153,63,253,299.74,0.9853,0.5250,0.174195,0,12,27,247.49,1.0000,0.0593,0.003421,4.197
998422,520,411,931,234,64,75,22.19,0.8948,0.5656,0.216702,3,23,63,261.07,0.9113,0.1159,0.009910,4.452
998435,520,341,861,253,38,205,339.96,0.9882,0.6295,0.266800,23,55,11,138.47,0.9374,0.1999,0.029386,3.991
998436,520,398,918,203,37,252,316.27,0.9860,0.5750,0.210494,68,0,20,11.83,1.0000,0.1432,0.012797,4.148
998444,520,373,893,252,64,45,30.03,0.9855,0.5968,0.245553,52,32,19,53.37,0.4458,0.1623,0.018102,4.340
998446,520,445,965,145,90,240,296.24,0.8656,0.5408,0.196235,34,9,3,38.70,0.7448,0.0823,0.005421,4.443
998448,520,445,965,202,76,136,353.89,0.7045,0.5385,0.195049,14,9,45,282.96,0.7577,0.0779,0.004782,4.473
998451,520,400,920,217,41,225,326.16,0.9529,0.5800,0.217759,8,38,17,150.29,0.8891,0.1363,0.014783,4.133
998455,520,423,943,230,64,84,18.87,0.8726,0.5596,0.211327,36,21,5,66.70,0.6528,0.1097,0.009224,4.413
998469,520,355,875,225,73,222,328.72,0.9016,0.6176,0.260487,43,38,64,291.98,0.3680,0.1844,0.022700,4.271
998500,520,387,907,218,41,231,324.94,0.9590,0.5859,0.222629,16,20,90,271.05,0.9211,0.1454,0.013486,4.294
998529,520,432,952,164,83,233,305.65,0.8460,0.5478,0.199628,15,22,32,257.29,0.2997,0.0975,0.007796,4.319
998530,520,234,754,223,155,217,329.68,0.6707,0.7386,0.441417,1,82,22,146.00,0.9985,0.2877,0.060987,4.428
998532,520,319,839,225,134,29,62.24,0.9222,0.6542,0.331486,26,59,37,152.92,0.6522,0.2200,0.034810,4.498
998535,520,419,939,236,57,86,17.46,0.9034,0.5649,0.214341,0,21,68,260.97,1.0000,0.1146,0.009536,4.440
998542,520,426,946,201,31,239,318.72,0.9708,0.5584,0.196310,3,29,40,229.14,0.7998,0.1144,0.010512,4.070
998568,520,452,972,232,23,44,24.98,0.9819,0.5273,0.179535,14,7,41,286.57,0.7584,0.0709,0.004054,4.246
998571,520,389,909,186,102,207,319.32,0.6956,0.5890,0.244479,7,38,54,235.45,0.7359,0.1515,0.016977,4.397
998579,520,473,993,152,73,240,300.94,0.8987,0.5243,0.177321,16,0,2,12.28,1.0000,0.0347,0.001146,4.445
998581,520,456,976,236,15,0,29.81,1.0000,0.5304,0.181778,18,3,35,302.00,0.8120,0.0625,0.003151,4.361
998590,520,375,895,242,50,165,349.77,0.9202,0.5967,0.238781,63,13,44,346.62,0.7148,0.1561,0.015266,4.425
998601,520,459,979,210,50,146,348.98,0.8292,0.5284,0.180604,3,2,51,269.31,0.9847,0.0623,0.003018,4.350
998605,520,477,997,218,44,59,22.79,0.9250,0.5125,0.170252,0,1,11,262.64,1.0001,0.0210,0.000459,4.365
998634,520,425,945,184,62,246,311.17,0.9463,0.5603,0.202904,1,9,79,264.80,0.9809,0.1069,0.007663,4.386
998647,520,330,850,194,139,126,33.74,0.3735,0.6366,0.314421,48,52,27,116.27,0.4433,0.2133,0.031635,4.464
998649,520,446,966,240,2,78,15.96,0.9983,0.5439,0.191221,19,3,49,291.88,0.8974,0.0760,0.004253,4.446
998658,520,459,979,231,30,79,16.06,0.9578,0.5340,0.184850,1,0,52,265.93,1.0000,0.0577,0.002544,4.470
998661,520,302,822,253,76,229,334.02,0.9900,0.6705,0.317117,16,49,109,261.16,0.8461,0.2291,0.034107,4.365
998679,520,393,913,218,29,247,321.40,0.9827,0.5916,0.225015,52,9,60,320.82,0.7828,0.1417,0.012518,4.399
998681,520,366,886,240,63,178,345.70,0.8951,0.6095,0.252975,73,11,27,11.26,0.8012,0.1676,0.017352,4.498
998702,520,299,819,214,113,250,316.40,0.9533,0.6706,0.330099,42,56,50,167.01,0.2027,0.2263,0.035508,4.445
998706,520,374,894,254,54,81,20.01,0.9931,0.5969,0.243069,19,43,24,149.10,0.6397,0.1600,0.019321,4.228
998715,520,463,983,189,32,223,319.11,0.9504,0.5266,0.171809,22,3,9,359.29,0.6519,0.0535,0.002554,4.221
998743,520,331,851,251,71,186,346.04,0.9637,0.6402,0.285641,47,45,46,345.44,0.0285,0.1980,0.026784,4.371
998756,520,468,988,175,19,243,310.71,0.9831,0.5154,0.160517,7,3,16,299.42,0.5992,0.0386,0.001477,4.090
998767,520,361,881,235,55,226,330.37,0.9496,0.6206,0.258881,21,23,109,271.39,0.9358,0.1763,0.018762,4.492
998770,520,456,976,183,81,167,333.89,0.6686,0.5288,0.187435,15,12,11,39.33,0.0910,0.0645,0.003887,4.406
998788,520,479,999,209,37,140,350.23,0.8721,0.5138,0.167741,1,0,5,292.48,1.0000,0.0142,0.000174,4.340
998795,520,341,861,243,76,188,343.78,0.9056,0.6323,0.278573,13,37,107,264.91,0.9008,0.1972,0.024701,4.399
998798,520,355,875,253,28,200,341.18,0.9880,0.6225,0.258866,47,43,7,102.92,0.7926,0.1827,0.023475,4.204
998802,520,445,965,206,31,203,329.05,0.9423,0.5405,0.184155,9,19,9,144.39,0.4738,0.0764,0.005435,4.224
998824,520,386,906,251,56,42,29.28,0.9828,0.5873,0.235084,44,21,60,309.22,0.6154,0.1461,0.013981,4.456
998825,520,448,968,180,36,252,309.84,0.9849,0.5391,0.179943,10,20,16,167.53,0.3180,0.0818,0.006022,4.104
998827,520,361,881,236,3,253,324.58,0.9991,0.6197,0.249924,25,31,100,272.32,0.8448,0.1831,0.021066,4.220
998832,520,401,921,142,110,245,290.75,0.8636,0.5764,0.234951,39,33,2,98.50,0.9004,0.1440,0.015235,4.368
998834,520,423,943,191,75,216,320.06,0.8268,0.5628,0.210677,17,25,44,265.87,0.4358,0.1139,0.009963,4.347
998841,520,319,839,234,119,108,27.00,0.7673,0.6501,0.317713,9,60,57,188.99,0.8519,0.2236,0.035850,4.283
998844,520,404,924,227,66,167,346.52,0.8390,0.5841,0.230199,18,32,42,240.48,0.3628,0.1325,0.013287,4.427
998850,520,440,960,233,52,14,32.60,0.9849,0.5457,0.198144,25,15,27,320.73,0.3420,0.0884,0.006275,4.410
998851,520,446,966,205,36,207,327.66,0.9332,0.5442,0.187477,8,21,11,150.47,0.5356,0.0818,0.006121,4.232
998877,520,438,958,222,14,179,339.94,0.9777,0.5484,0.191008,11,20,26,238.21,0.3018,0.0864,0.006460,4.269
998881,520,191,711,242,157,240,327.63,0.9112,0.7762,0.492842,24,85,88,199.82,0.7430,0.3225,0.073954,4.379
998918,520,414,934,219,6,230,325.70,0.9960,0.5742,0.209056,33,2,78,291.98,0.9692,0.1225,0.009168,4.378
998954,520,220,740,254,163,4,69.84,0.9974,0.7534,0.472767,30,84,21,141.00,0.9547,0.3026,0.066706,4.479
998957,520,429,949,233,35,111,5.78,0.9346,0.5491,0.196764,37,13,22,357.93,0.4967,0.0994,0.007391,4.300
998965,520,477,997,216,48,41,28.14,0.9323,0.5094,0.168755,7,0,5,336.40,1.0000,0.0242,0.000561,4.327
998975,520,343,863,237,61,223,331.63,0.9407,0.6269,0.266723,16,47,67,240.17,0.6330,0.1904,0.025483,4.196
998980,520,466,986,210,3,177,337.50,0.9932,0.5220,0.169433,1,10,7,174.91,0.7913,0.0465,0.002389,4.189
999034,520,400,920,198,98,174,337.21,0.6405,0.5818,0.237986,19,33,50,253.94,0.4286,0.1407,0.014564,4.460
999040,520,456,976,217,9,174,340.18,0.9827,0.5349,0.180055,22,2,21,329.76,0.7549,0.0563,0.002682,4.367
999042,520,470,990,233,15,21,28.18,0.9918,0.5247,0.177226,8,5,4,43.47,0.1798,0.0399,0.001689,4.396
999043,520,473,993,227,2,94,9.19,0.9969,0.5201,0.171854,0,4,8,233.51,1.0000,0.0298,0.001044,4.346
999045,520,452,972,170,71,219,312.28,0.8270,0.5291,0.181678,9,10,41,276.01,0.7405,0.0724,0.004352,4.263
999054,520,434,954,186,95,149,345.22,0.5669,0.5472,0.207948,48,5,12,16.02,0.8186,0.1042,0.007636,4.475
999064,520,387,907,255,46,30,29.72,1.0000,0.5868,0.233115,10,12,108,267.90,0.9819,0.1542,0.014101,4.417
999073,520,367,887,244,43,193,341.37,0.9534,0.6094,0.248141,51,36,20,67.27,0.4290,0.1710,0.020161,4.249
999098,520,384,904,223,49,220,328.91,0.9396,0.5921,0.230541,45,31,18,63.53,0.3989,0.1494,0.015816,4.263
999103,520,468,988,227,26,18,29.18,0.9817,0.5159,0.171163,12,2,8,340.70,0.5921,0.0376,0.001391,4.304
999125,520,351,871,254,77,121,10.29,0.9867,0.6278,0.277625,12,55,2,140.16,0.9926,0.1938,0.028148,4.192
999129,520,409,929,235,52,127,1.80,0.8891,0.5700,0.216534,7,8,95,267.67,0.9849,0.1304,0.010450,4.409
999140,520,408,928,215,84,138,357.59,0.7160,0.5726,0.226249,33,27,37,311.70,0.2109,0.1304,0.012408,4.427
999145,520,357,877,240,98,59,36.10,0.8977,0.6177,0.275794,15,47,58,223.91,0.6233,0.1846,0.024400,4.379
999148,520,391,911,245,67,76,23.00,0.9381,0.5901,0.239519,27,33,62,273.14,0.4777,0.1548,0.016685,4.342
999151,520,308,828,246,114,129,15.13,0.8512,0.6660,0.332153,42,60,36,138.09,0.4481,0.2341,0.038513,4.317
999152,520,417,937,222,35,205,332.67,0.9506,0.5722,0.211418,3,8,89,265.90,0.9855,0.1201,0.009142,4.420
999164,520,464,984,192,4,219,321.29,0.9948,0.5189,0.164093,5,7,28,273.64,0.6741,0.0534,0.002681,4.064
999171,520,355,875,244,98,9,43.22,0.9901,0.6214,0.279913,19,50,22,145.64,0.8299,0.1826,0.024775,4.412
999174,520,426,946,242,14,125,1.52,0.9841,0.5635,0.206753,13,11,75,272.96,0.9386,0.1116,0.008329,4.402
999177,520,317,837,195,127,228,313.92,0.7353,0.6567,0.323831,5,61,48,172.25,0.9426,0.2222,0.035830,4.355
999208,520,21,541,226,251,253,202.57,0.8205,0.9657,0.922542,30,132,20,141.90,0.9867,0.4625,0.168284,4.455
999211,520,445,965,176,79,206,317.41,0.7667,0.5390,0.192793,12,1,64,276.89,0.9901,0.0828,0.004700,4.439
999222,520,468,988,199,83,15,44.20,0.9439,0.5183,0.183651,3,8,6,170.84,0.3668,0.0432,0.002062,4.488
999225,520,298,818,254,117,52,43.24,0.9898,0.6705,0.340446,35,59,54,179.64,0.3452,0.2315,0.037515,4.461
999227,520,415,935,252,21,67,20.67,0.9876,0.5719,0.216408,11,28,54,258.69,0.6383,0.1249,0.011679,4.319
999239,520,428,948,228,35,153,350.00,0.9240,0.5552,0.199987,17,7,68,278.93,0.9264,0.1007,0.006885,4.395
999247,520,373,893,227,81,157,351.66,0.7833,0.5967,0.246526,51,30,17,51.93,0.4754,0.1556,0.016729,4.444
999249,520,471,991,225,5,116,1.25,0.9903,0.5235,0.173798,9,5,10,320.54,0.2894,0.0430,0.001885,4.313
999257,520,440,960,229,8,162,346.70,0.9875,0.5516,0.194431,8,15,49,269.63,0.7786,0.0882,0.006150,4.353
999286,520,438,958,217,44,170,341.98,0.8839,0.5484,0.194577,14,7,59,278.72,0.9033,0.0883,0.005611,4.398
999329,520,467,987,174,37,240,310.57,0.9537,0.5201,0.166140,10,1,24,301.17,0.8678,0.0413,0.001522,4.195
999334,520,431,951,211,21,211,328.30,0.9730,0.5505,0.190904,19,26,11,129.12,0.4655,0.1042,0.009014,4.082
999335,520,291,811,251,107,170,355.47,0.9265,0.6766,0.339299,18,53,111,260.06,0.8186,0.2420,0.038223,4.413
999337,520,469,989,226,31,7,30.55,0.9925,0.5159,0.171670,15,3,2,30.65,0.6131,0.0415,0.001711,4.287
999354,520,363,883,187,91,255,308.09,1.0000,0.6060,0.252678,4,16,119,265.39,0.9839,0.1719,0.017282,4.499
999359,520,448,968,198,68,173,336.30,0.7672,0.5391,0.191588,18,15,24,299.75,0.2474,0.0792,0.005362,4.364
999383,520,464,984,215,43,118,0.51,0.8651,0.5208,0.174853,22,1,7,0.80,0.8056,0.0482,0.002077,4.318
999386,520,355,875,215,103,175,343.09,0.6790,0.6161,0.272446,7,51,8,143.25,0.9773,0.1789,0.024303,4.340
999403,520,426,946,235,62,42,30.45,0.9383,0.5610,0.212777,9,30,17,154.44,0.6805,0.1109,0.010271,4.360
999404,520,397,917,210,35,248,319.03,0.9747,0.5820,0.216828,13,27,70,266.46,0.7806,0.1369,0.013116,4.228
999411,520,457,977,198,23,218,323.03,0.9681,0.5337,0.176822,27,1,23,334.35,0.8299,0.0629,0.003166,4.266
999426,520,297,817,254,67,250,328.99,0.9966,0.6766,0.319902,63,30,116,295.48,0.7827,0.2360,0.032463,4.486
999442,520,307,827,230,135,61,55.28,0.8221,0.6660,0.344902,54,57,28,113.77,0.4838,0.2347,0.037944,4.490
999454,520,361,881,220,66,252,320.02,0.9849,0.6228,0.261422,1,53,1,142.55,0.9976,0.1830,0.025547,4.122
999456,520,480,1000,223,6,93,9.05,0.9898,0.5123,0.166113,0,0,0,0.00,0.0000,0.0000,0.000000,4.322
999461,520,470,990,133,83,249,291.42,0.9453,0.5241,0.180125,19,0,14,337.76,1.0000,0.0440,0.001702,4.451
999470,520,407,927,227,83,23,39.30,0.9565,0.5696,0.225820,48,21,13,37.32,0.5576,0.1302,0.011939,4.453
999475,520,444,964,213,44,167,341.95,0.8724,0.5395,0.187397,38,1,11,7.59,0.9027,0.0776,0.004580,4.350
999476,520,411,931,206,32,238,320.28,0.9707,0.5663,0.203296,20,14,76,277.59,0.8861,0.1222,0.009846,4.232
999488,520,338,858,223,97,219,328.81,0.8424,0.6417,0.293538,6,48,83,249.11,0.8420,0.2011,0.027770,4.417
999505,520,452,972,206,49,160,342.69,0.8333,0.5269,0.178585,9,15,8,140.71,0.3302,0.0656,0.004173,4.220
999512,520,429,949,229,37,123,0.89,0.9177,0.5462,0.194141,14,9,70,275.14,0.9313,0.1036,0.007309,4.260
999516,520,468,988,167,35,255,305.39,1.0000,0.5222,0.166382,9,5,5,18.52,0.1915,0.0412,0.001776,4.179
999520,520,440,960,203,37,221,323.46,0.9456,0.5512,0.192418,12,10,57,275.96,0.8722,0.0894,0.005906,4.336
999525,520,432,952,226,25,168,344.38,0.9537,0.5538,0.196938,30,14,37,314.78,0.5265,0.0983,0.007237,4.314
999527,520,300,820,251,69,251,328.04,0.9874,0.6740,0.317333,69,27,110,302.65,0.7803,0.2340,0.031749,4.493
999549,520,356,876,228,61,233,326.78,0.9408,0.6182,0.257169,31,22,110,276.96,0.9088,0.1832,0.019908,4.394
999557,520,292,812,206,129,245,313.34,0.8774,0.6836,0.354159,25,64,62,190.77,0.5790,0.2447,0.042211,4.383
999561,520,361,881,238,11,252,325.23,0.9969,0.6237,0.254473,30,47,0,128.04,1.0000,0.1768,0.023090,4.166
999575,520,477,997,228,16,20,28.29,0.9904,0.5142,0.169181,2,1,6,294.08,0.6164,0.0213,0.000478,4.342
999579,520,408,928,243,49,57,25.12,0.9517,0.5671,0.215501,16,35,2,133.96,0.9646,0.1279,0.013166,4.203
999600,520,13,533,241,251,252,204.13,0.5807,0.9778,0.947231,13,133,64,150.75,0.9876,0.4680,0.172300,4.486
999602,520,436,956,175,85,211,315.12,0.7594,0.5496,0.203150,15,22,25,225.93,0.1893,0.0942,0.007456,4.406
999606,520,442,962,227,5,136,354.71,0.9905,0.5352,0.182198,18,14,31,293.40,0.4218,0.0807,0.005416,4.190
999636,520,473,993,171,61,219,313.32,0.8573,0.5187,0.171108,4,2,9,299.49,0.5347,0.0290,0.000890,4.345
999645,520,457,977,234,7,73,16.97,0.9933,0.5312,0.181286,9,4,42,280.66,0.8837,0.0619,0.003121,4.354
999651,520,337,857,249,59,207,338.86,0.9638,0.6368,0.277757,15,27,126,267.56,0.9591,0.2012,0.023916,4.434
999667,520,409,929,233,18,169,345.56,0.9753,0.5653,0.206237,13,27,57,263.50,0.6460,0.1257,0.011648,4.156
999683,520,366,886,193,118,171,338.60,0.5095,0.6085,0.272358,33,45,4,124.71,0.9079,0.1735,0.022088,4.472
999697,520,399,919,211,74,196,332.45,0.8167,0.5806,0.227339,5,27,79,263.07,0.9193,0.1419,0.013806,4.347
999702,520,407,927,237,56,104,11.07,0.8940,0.5702,0.218354,8,32,45,235.55,0.6413,0.1286,0.012741,4.277
999704,520,348,868,251,87,91,22.83,0.9618,0.6271,0.280843,55,42,1,90.14,0.9664,0.1896,0.024704,4.429
999711,520,478,998,210,12,153,345.17,0.9666,0.5108,0.162667,6,0,2,353.79,1.0000,0.0210,0.000431,4.217
999718,520,410,930,208,70,195,331.86,0.8202,0.5705,0.217322,15,20,79,271.39,0.8864,0.1323,0.011663,4.335
999724,520,463,983,217,51,115,2.95,0.8436,0.5303,0.183596,6,9,18,267.21,0.3509,0.0529,0.002778,4.426
999729,520,438,958,247,15,8,29.28,0.9946,0.5543,0.201369,1,21,38,244.77,0.8738,0.0894,0.006827,4.423
999730,520,316,836,232,120,135,12.86,0.7066,0.6556,0.323404,28,56,60,207.44,0.4291,0.2203,0.034014,4.445
999732,520,334,854,240,62,231,330.30,0.9506,0.6376,0.277427,3,58,19,147.82,0.9892,0.2036,0.030924,4.046
999733,520,345,865,230,66,239,325.74,0.9432,0.6297,0.269537,51,34,69,305.11,0.4833,0.1880,0.022776,4.391
999740,520,407,927,183,78,237,311.84,0.8846,0.5699,0.216314,24,3,87,280.17,0.9793,0.1250,0.009474,4.478
999756,520,443,963,210,19,193,332.90,0.9661,0.5360,0.180197,17,15,29,289.73,0.3560,0.0807,0.005495,4.148
999759,520,359,879,250,28,203,339.73,0.9819,0.6186,0.254695,1,16,124,264.47,0.9867,0.1779,0.018321,4.460
999785,520,382,902,249,22,182,345.26,0.9828,0.6036,0.240943,61,17,39,352.53,0.6436,0.1552,0.015396,4.449
999787,520,442,962,201,6,222,322.99,0.9935,0.5371,0.178234,25,14,21,341.08,0.2937,0.0836,0.005749,4.094
999788,520,439,959,192,0,255,313.21,1.0000,0.5481,0.184278,32,11,17,3.22,0.4765,0.0862,0.005869,4.193
999790,520,445,965,201,60,178,335.27,0.8081,0.5382,0.188654,34,6,9,16.37,0.6801,0.0786,0.004901,4.347
999806,520,458,978,220,28,146,350.31,0.9284,0.5328,0.181240,14,8,30,293.26,0.5872,0.0645,0.003608,4.314
999823,520,453,973,231,32,62,21.31,0.9628,0.5319,0.183728,19,1,43,297.70,0.9452,0.0666,0.003346,4.381
999824,520,437,957,195,32,243,316.16,0.9702,0.5524,0.191076,20,13,42,291.06,0.6103,0.0881,0.006037,4.302
999834,520,440,960,240,30,51,24.34,0.9762,0.5482,0.196962,22,18,14,67.12,0.1558,0.0866,0.006349,4.383
999836,520,421,941,227,2,191,337.63,0.9976,0.5623,0.201385,52,4,10,19.10,0.8816,0.1106,0.008389,4.305
999844,520,410,930,163,96,241,301.98,0.8600,0.5725,0.225035,61,3,25,4.47,0.8750,0.1326,0.011276,4.488
999846,520,479,999,152,55,249,300.76,0.9645,0.5116,0.162477,0,0,4,264.05,1.0000,0.0106,0.000088,4.242
999861,520,381,901,235,19,222,331.43,0.9885,0.5998,0.234045,12,30,84,265.57,0.8629,0.1569,0.016467,4.273
999863,520,441,961,216,17,177,339.08,0.9668,0.5368,0.181765,37,8,12,14.73,0.6416,0.0880,0.005936,4.143
999872,520,358,878,203,112,189,333.04,0.6309,0.6199,0.279604,33,43,58,258.33,0.2803,0.1843,0.023565,4.480
999874,520,315,835,238,122,93,35.13,0.8108,0.6586,0.328892,20,62,18,142.58,0.9366,0.2231,0.036375,4.387
999880,520,443,963,234,16,94,10.68,0.9800,0.5382,0.186743,33,8,8,22.55,0.6196,0.0802,0.005146,4.293
999890,520,386,906,231,5,224,330.02,0.9971,0.5910,0.224818,50,28,3,66.11,0.8288,0.1471,0.015153,4.218
999904,520,469,989,178,32,234,313.27,0.9579,0.5180,0.164396,14,1,4,1.84,0.7382,0.0357,0.001239,4.184
999910,520,405,925,252,38,95,13.97,0.9792,0.5849,0.229115,32,29,19,93.37,0.2535,0.1277,0.012328,4.478
999916,520,406,926,229,10,207,333.82,0.9915,0.5773,0.213827,39,26,0,83.09,1.0000,0.1252,0.011702,4.276
999920,520,476,996,166,63,213,312.98,0.8333,0.5089,0.164669,0,2,7,251.28,1.0000,0.0226,0.000588,4.244
999921,520,331,851,255,65,174,350.43,1.0000,0.6365,0.281000,51,34,82,297.38,0.5839,0.1975,0.024571,4.439
999923,520,443,963,200,28,216,324.02,0.9576,0.5377,0.180694,0,9,60,263.60,1.0013,0.0830,0.005216,4.178
999930,520,378,898,247,17,177,346.21,0.9862,0.5959,0.233527,48,14,82,301.46,0.8181,0.1604,0.015517,4.328
999945,520,369,889,251,70,101,15.88,0.9625,0.6097,0.258326,65,28,9,45.50,0.7365,0.1736,0.019742,4.421
999956,520,479,999,163,49,240,306.56,0.9289,0.5129,0.162751,2,0,3,318.71,1.0000,0.0147,0.000195,4.239
999961,520,443,963,228,45,99,10.28,0.9030,0.5422,0.192745,33,10,4,38.72,0.6777,0.0826,0.005492,4.374
999964,520,458,978,175,77,196,320.21,0.7447,0.5281,0.184083,15,9,6,52.05,0.2510,0.0568,0.003101,4.408
999965,520,391,911,246,35,155,353.18,0.9551,0.5908,0.231647,40,20,72,296.94,0.7133,0.1489,0.014193,4.387
999976,520,376,896,249,46,158,353.31,0.9504,0.6041,0.245657,20,27,87,271.51,0.8395,0.1578,0.016206,4.466
999997,520,477,997,212,54,43,28.81,0.9127,0.5072,0.168122,1,0,18,273.67,1.0000,0.0236,0.000501,4.319